SBPRF35
12.7214
Curr Bio
944665
B35
899128
F35
0.172372
FOFL
0.172372
OFL
137296
Bzero
3.63469e+06
#pred survey bio
 3.52852e+06 3.41784e+06 3.31839e+06 3.15791e+06 2.96843e+06 2.76126e+06 2.51913e+06 2.24391e+06 2.01703e+06 1.82487e+06 1.60691e+06 1.3952e+06 1.24262e+06 1.12033e+06 972298 873135 793824 725264 676699 643083 599993 575968 565586 554864 547341 536493 532517 527422 533363 538121 542900 549713 551983 548124 556191 569500 585226 601150 612870 612223 616605 624329 627545 635583 648365 654304 656972 658690 664350 679702 679942 735281 781565 831152 859725 896678 932703 949702 950009 931286 916214 920925 940136 956658 951090 2.26182e+07 2.08451e+07 2.12104e+07 2.18918e+07 2.2769e+07 2.37058e+07 2.4603e+07 2.54032e+07 2.60832e+07 2.66416e+07 2.70896e+07 2.74431e+07 2.77192e+07 2.79332e+07 2.80987e+07 2.82264e+07 2.83251e+07 2.84015e+07 2.84609e+07 2.85071e+07 2.85433e+07 2.85717e+07 2.85941e+07 2.86118e+07 2.86259e+07 2.86372e+07 2.86461e+07 2.86533e+07 2.86591e+07 2.86638e+07 2.86675e+07 2.86706e+07 2.8673e+07 2.8675e+07 2.86767e+07 2.8678e+07 2.86791e+07 2.86799e+07 2.86807e+07 2.86812e+07 2.86817e+07 2.86821e+07 2.86824e+07 2.86827e+07 2.86829e+07 2.86831e+07 2.86832e+07 2.86833e+07 2.86834e+07 2.86835e+07 2.86836e+07 2.86836e+07 2.86837e+07 2.86837e+07 2.86837e+07 2.86838e+07 2.86838e+07 2.86838e+07 2.86838e+07 2.86838e+07 2.86838e+07 2.86838e+07 2.86838e+07 2.86838e+07 2.86839e+07 2.86839e+07 2.86839e+07 2.86839e+07 2.86839e+07 2.86839e+07 2.86839e+07 2.86839e+07 2.86839e+07 2.86839e+07 2.86839e+07 2.86839e+07 2.86839e+07 2.86839e+07 2.86839e+07 2.86839e+07 2.86839e+07 2.86839e+07 2.86839e+07 2.86839e+07 2.86839e+07 2.86839e+07 2.86839e+07 2.86839e+07 2.86839e+07 2.86839e+07 2.86839e+07 2.86839e+07 2.86839e+07 2.86839e+07 2.86839e+07 2.86839e+07 2.86839e+07 2.86839e+07 2.86839e+07 2.86839e+07 0 0 0 0 0 0 0 0 0 0 0 0 0 0 0 0 0 0 0 0 0 0 0 0 0
#obs survey bio
 3.49412e+06 3.25714e+06 2.58682e+06 3.09694e+06 3.4726e+06 2.94234e+06 1.58059e+06 2.15615e+06 1.94873e+06 1.80443e+06 1.63587e+06 1.17000e+06 875475 1.02852e+06 1.0371e+06 958522 704854 666202 584989 718806 862800 465839 687427 507486 498381 637620 503774 421043 635250 461834 440394 503407 657584 570724 539069 387707 609824 800904 624873 602649 765080 721677 651899 522631 638189 797854 763121 556684 693874 688574 869284 531918 599021 865691 1.10786e+06 989015 1.05516e+06 1.55453e+06 1.12151e+06 736144 937725 819573 666772 882574 800754
#pred catch bio
 95473.2 92249.8 158791 198063 229136 277364 323985 295650 278367 312465 313405 265108 241638 263641 217733 197555 184688 163807 147867 151644 130679 116055 114363 110397 112238 105658 106164 97129.4 99339.3 100564 99953.2 104157 108508 97818.6 94186.9 93679.2 94721.3 98578.4 108161 102790 99981.1 104502 101508 99008.5 105724 108676 109811 107210 100484 114818 71173.7 83482.7 83853.7 103654 97134.4 98552.6 114689 128498 145089 143025 128177 118909 124654 145432 114208 137296 138298 139748 143201 148233 153723 158941 163510 167290 170295 172611 174356 175647 176589 177268 177754 178099 178343 178514 178634 178718 178776 178817 178845 178865 178878 178887 178894 178898 178901 178903 178905 178906 178907 178907 178907 178908 178908 178908 178908 178908 178908 178908 178908 178908 178908 178908 178908 178908 178908 178908 178908 178908 178908 178908 178908 178908 178908 178908 178908 178908 178908 178908 178908 178908 178908 178908 178908 178908 178908 178908 178908 178908 178908 178908 178908 178908 178908 178908 178908 178908 178908 178908 178908 178908 178908 178908 178908 178908 178908 178908 178908 178908 178908 178908 178908 178908 178908 178908 178908 0 0 0 0 0 0 0 0 0 0 0 0 0 0 0 0 0 0 0 0 0 0 0 0 0
#obs catch bio
 0 91891 159156 198305 228936 277420 325607 296205 278995 314161 315730 265993 243282 267001 219000 197352 184541 163971 148326 152856 130690 115922 113443 110003 112151 105545 106535 97118.1 99172.2 101048 100568 104926 109005 98189.1 94198 94395.1 95336 98778 108404 102620 99423.1 104198 101476 99322.4 106104 108413 109685 107471 100522 115362 70848.4 83822.3 83991.6 104434 97548.5 98764.5 114910 127558 144609 143166 128133 118856 124725 146462 113973
#pred cpue bio
 3.48564e+06 3.37608e+06 3.27648e+06 3.11579e+06 2.92662e+06 2.71971e+06 2.4781e+06 2.20384e+06 1.97761e+06 1.78598e+06 1.56934e+06 1.35937e+06 1.20791e+06 1.08659e+06 940546 842898 764911 697632 650127 617411 575699 552697 542917 532541 525106 514452 510582 505629 511359 515817 520311 526947 529344 525822 533899 546875 562182 577959 589776 589429 593851 601340 604270 611927 624402 630360 633002 634537 639934 654870 654893 709077 754760 803635 831869 868465 904223 921160 921192 902021 886466 890751 909430 925370 919763 2.18892e+07 2.0182e+07 2.04714e+07 2.10763e+07 2.19314e+07 2.28639e+07 2.37604e+07 2.45605e+07 2.52405e+07 2.57989e+07 2.62469e+07 2.66004e+07 2.68765e+07 2.70905e+07 2.7256e+07 2.73837e+07 2.74824e+07 2.75588e+07 2.76182e+07 2.76644e+07 2.77006e+07 2.7729e+07 2.77514e+07 2.77691e+07 2.77832e+07 2.77945e+07 2.78034e+07 2.78106e+07 2.78164e+07 2.78211e+07 2.78248e+07 2.78279e+07 2.78303e+07 2.78323e+07 2.7834e+07 2.78353e+07 2.78364e+07 2.78372e+07 2.7838e+07 2.78385e+07 2.7839e+07 2.78394e+07 2.78397e+07 2.784e+07 2.78402e+07 2.78404e+07 2.78405e+07 2.78406e+07 2.78407e+07 2.78408e+07 2.78409e+07 2.78409e+07 2.7841e+07 2.7841e+07 2.7841e+07 2.78411e+07 2.78411e+07 2.78411e+07 2.78411e+07 2.78411e+07 2.78411e+07 2.78411e+07 2.78411e+07 2.78411e+07 2.78411e+07 2.78412e+07 2.78412e+07 2.78412e+07 2.78412e+07 2.78412e+07 2.78412e+07 2.78412e+07 2.78412e+07 2.78412e+07 2.78412e+07 2.78412e+07 2.78412e+07 2.78412e+07 2.78412e+07 2.78412e+07 2.78412e+07 2.78412e+07 2.78412e+07 2.78412e+07 2.78412e+07 2.78412e+07 2.78412e+07 2.78412e+07 2.78412e+07 2.78412e+07 2.78412e+07 2.78412e+07 2.78412e+07 2.78412e+07 2.78412e+07 2.78412e+07 2.78412e+07 2.78412e+07 2.78412e+07 2.78412e+07 0 0 0 0 0 0 0 0 0 0 0 0 0 0 0 0 0 0 0 0 0 0 0 0 0
#obs cpue bio
 3.12976e+06 2.83771e+06 5.53522e+06 2.62893e+06 3.1734e+06 2.34819e+06 2.75038e+06 2.4646e+06 1.71475e+06 1.69173e+06 1.34291e+06 1.71684e+06 1.18058e+06 1.00588e+06 949656 1.11346e+06 884845 664290 606641 456429 538937 709521 785018 456663 527404 419141 425154 700102 511364 371314 516654 498657 541147 435531 701037 413838 529886 581835 628476 735214 671873 477914 463518 510894 644609 823474 508002 558494 601115 733736 511940 679433 885150 608380 606205 900417 957528 1.44327e+06 593415 787897 897706 937572 1.14807e+06 775999 1.52583e+06
#pred surv len freq
 0.00426057 0.00699721 0.0106816 0.0153476 0.0209151 0.027102 0.0334029 0.0392212 0.0440945 0.0478398 0.0505291 0.0523605 0.0535457 0.0542585 0.054626 0.0547398 0.0546735 0.0544835 0.0541582 0.0535154 0.0521148 0.0493165 0.0445583 0.03775 0.0295077
 0.00455625 0.00739557 0.011132 0.0157602 0.0211956 0.0272016 0.0333491 0.0391047 0.0440141 0.0478438 0.0505915 0.0524079 0.0535131 0.0541365 0.054472 0.0546492 0.0547268 0.0546954 0.054455 0.0537541 0.0521441 0.0490483 0.0440128 0.0370441 0.0287964
 0.00462634 0.00756473 0.011482 0.0163833 0.0221511 0.028459 0.0347583 0.0404282 0.0450204 0.0484051 0.0507208 0.0522156 0.0531245 0.0536365 0.0539053 0.0540521 0.0541476 0.0541799 0.0540103 0.0533287 0.051647 0.0484044 0.0432157 0.0361691 0.0279639
 0.0047645 0.00777575 0.0117794 0.0167842 0.022688 0.0291874 0.0357433 0.0417032 0.0465335 0.0499927 0.0521411 0.053236 0.053611 0.0535883 0.0534226 0.0532733 0.0532011 0.0531627 0.0529807 0.0523024 0.0506059 0.0473249 0.0421065 0.035089 0.0270025
 0.00495692 0.00808632 0.0122415 0.0174246 0.02352 0.0302032 0.036912 0.0429798 0.0478746 0.0513616 0.053489 0.0544717 0.054593 0.0541607 0.053477 0.0527947 0.0522669 0.0519021 0.051525 0.0507527 0.0490271 0.0457633 0.0406143 0.0337365 0.0258655
 0.00514534 0.00839808 0.0127208 0.0181161 0.0244593 0.0314026 0.0383447 0.0445751 0.0495299 0.0529674 0.0549534 0.0557279 0.0555873 0.0548301 0.0537411 0.0525746 0.0515229 0.0506624 0.0498841 0.0488437 0.0469911 0.0437327 0.0387103 0.032067 0.0245119
 0.00535478 0.00874436 0.0132532 0.0188852 0.0255086 0.0327536 0.0399803 0.0464307 0.0514986 0.0549169 0.0567479 0.0572479 0.0567426 0.0555614 0.0540089 0.0523454 0.0507674 0.049372 0.0480968 0.0466593 0.0445655 0.0412553 0.0363739 0.0300359 0.0228936
 0.00565932 0.00923321 0.0139777 0.0198904 0.0268264 0.0343918 0.0419091 0.0485751 0.0537438 0.0571248 0.0587758 0.0589638 0.0580364 0.0563529 0.0542489 0.0520097 0.0498479 0.0478752 0.0460567 0.04416 0.0417577 0.0383509 0.0336121 0.0276319 0.020988
 0.00592224 0.00966117 0.0146229 0.0208016 0.0280407 0.0359198 0.0437212 0.0505966 0.0558661 0.0592256 0.0607362 0.0606755 0.059402 0.0572859 0.0546766 0.0518773 0.0491211 0.0465447 0.0441473 0.0417475 0.0389861 0.0354331 0.0308008 0.0251639 0.0190243
 0.00607339 0.00992457 0.0150524 0.0214595 0.0289855 0.0371864 0.0453007 0.0524284 0.0578474 0.0612327 0.0626449 0.0623747 0.060798 0.0583007 0.0552439 0.0519389 0.0486289 0.0454684 0.0424899 0.0395664 0.0364113 0.0326692 0.0280997 0.0227685 0.0171058
 0.00628223 0.0102713 0.0155885 0.0222397 0.0300594 0.0385836 0.0470127 0.0543974 0.0599682 0.0633674 0.0646443 0.0641003 0.0621395 0.059184 0.0556273 0.0518004 0.0479539 0.0442468 0.0407288 0.0373147 0.0337854 0.0298619 0.0253568 0.0203331 0.0151525
 0.00663668 0.0108272 0.0163878 0.0233095 0.0314097 0.0402041 0.0488654 0.0564117 0.062044 0.0653869 0.0664857 0.0656493 0.0632987 0.0598807 0.0558171 0.051465 0.0470929 0.0428706 0.0388617 0.0350117 0.0311566 0.0270849 0.0226597 0.0179444 0.0132381
 0.00686622 0.011208 0.016974 0.0241535 0.0325486 0.0416394 0.0505474 0.0582401 0.0638914 0.0671314 0.0680336 0.0669364 0.0642777 0.0605088 0.0560518 0.0512685 0.0464382 0.0417482 0.0372859 0.0330325 0.0288748 0.0246599 0.0202943 0.0158417 0.0115476
 0.00692173 0.0113258 0.0172031 0.024559 0.0331988 0.042584 0.0517942 0.0597427 0.0655532 0.0688237 0.0696207 0.0682998 0.0653325 0.0612065 0.0563707 0.0511981 0.0459697 0.0408748 0.0360141 0.0313996 0.0269653 0.0226116 0.0182838 0.0140468 0.0100995
 0.00717019 0.0117213 0.0177836 0.0253567 0.0342378 0.043874 0.05332 0.0614528 0.0673562 0.0705945 0.0712168 0.0695847 0.0662009 0.0616022 0.0562887 0.0506713 0.0450471 0.0396043 0.0344395 0.0295727 0.0249651 0.0205566 0.0163232 0.0123288 0.00873083
 0.00735503 0.0120101 0.0181968 0.0259063 0.0349267 0.0446963 0.0542594 0.0624834 0.0684448 0.0717035 0.0723017 0.0705881 0.0670489 0.0622116 0.0565846 0.0506052 0.0446053 0.0388049 0.0333238 0.0282008 0.0234194 0.0189452 0.0147735 0.0109645 0.00764033
 0.00747802 0.0122169 0.0185196 0.0263772 0.0355679 0.0455068 0.0552044 0.0634961 0.069444 0.0726176 0.073086 0.0712248 0.0675339 0.062537 0.0567277 0.0505308 0.0442778 0.0382043 0.0324564 0.0271046 0.0221638 0.0176267 0.013503 0.00984665 0.00674808
 0.00760447 0.012419 0.0188179 0.0267897 0.0361085 0.0461809 0.0560023 0.064386 0.0703704 0.0735076 0.073863 0.071826 0.0679241 0.0627109 0.0566994 0.0503169 0.0438856 0.0376312 0.0317021 0.0261855 0.0211243 0.0165395 0.0124579 0.00892921 0.00601776
 0.00767391 0.0125291 0.0189787 0.0270092 0.0363925 0.0465316 0.0564176 0.0648585 0.0708873 0.0740506 0.0744062 0.072335 0.0683573 0.0630273 0.0568681 0.0503218 0.0437234 0.0373053 0.03122 0.0255628 0.0203934 0.0157541 0.0116874 0.00824292 0.0054659
 0.00755945 0.0123715 0.0187941 0.0268311 0.0362623 0.0464855 0.0564752 0.0650207 0.0711428 0.074384 0.0748023 0.0727769 0.0688216 0.0634809 0.0572698 0.0506292 0.0439012 0.0373314 0.0310873 0.0252806 0.0199882 0.0152702 0.0111818 0.00777392 0.00507828
 0.00762354 0.0124572 0.0188904 0.02692 0.0363291 0.0465315 0.0565237 0.0651096 0.0713047 0.0746264 0.0751019 0.0730911 0.0691082 0.0637121 0.0574331 0.0507191 0.0439111 0.0372521 0.0309113 0.0250088 0.0196355 0.0148668 0.0107694 0.00739571 0.00476765
 0.00769242 0.0125481 0.0189876 0.026994 0.036343 0.0464528 0.0563379 0.0648305 0.0709776 0.0743212 0.0748945 0.073038 0.0692265 0.0639748 0.057783 0.0510906 0.0442471 0.037511 0.0310675 0.0250522 0.019572 0.0147186 0.0105712 0.00718677 0.00458117
 0.00778894 0.012681 0.0191424 0.0271397 0.0364378 0.0464544 0.0562148 0.0645711 0.0705957 0.0738598 0.0744227 0.0726392 0.0689772 0.0639215 0.0579273 0.0513905 0.044633 0.037907 0.03141 0.0253002 0.0197102 0.0147548 0.0105307 0.00710326 0.00448693
 0.00789844 0.0128548 0.0193943 0.0274751 0.0368465 0.0469033 0.0566442 0.0649023 0.070752 0.0737928 0.0741324 0.0721765 0.0684297 0.063389 0.057496 0.0511114 0.0445125 0.0379125 0.0314862 0.0253901 0.0197716 0.0147684 0.010499 0.00704277 0.00441818
 0.00790833 0.0128821 0.0194559 0.0275937 0.0370443 0.047192 0.057015 0.0653201 0.0711584 0.0741171 0.0743089 0.0721632 0.0682238 0.063031 0.0570593 0.0506799 0.0441556 0.0376658 0.0313477 0.02533 0.0197499 0.0147522 0.0104711 0.00700204 0.00437259
 0.00794676 0.0129416 0.019541 0.0277081 0.0371933 0.0473834 0.0572574 0.0656175 0.0715022 0.0744791 0.0746405 0.0724045 0.0683202 0.0629529 0.0568146 0.0503141 0.0437375 0.0372654 0.0310148 0.0250836 0.0195821 0.0146404 0.0103925 0.00694186 0.00432471
 0.00794819 0.0129412 0.0195355 0.0276934 0.037166 0.0473444 0.0572144 0.0655868 0.071506 0.0745393 0.0747693 0.072595 0.0685421 0.0631585 0.0569542 0.0503557 0.0436789 0.0371339 0.0308528 0.0249305 0.0194608 0.0145554 0.0103363 0.00690387 0.00429746
 0.0080525 0.0130911 0.0197242 0.0279018 0.037367 0.047511 0.0573276 0.0656384 0.0714995 0.0744887 0.0746965 0.0725245 0.0684931 0.0631361 0.0569463 0.0503378 0.0436267 0.0370358 0.0307166 0.024778 0.0193167 0.0144369 0.0102491 0.00684469 0.00425937
 0.00810093 0.0131622 0.0198163 0.0280064 0.0374692 0.0475907 0.0573631 0.065612 0.071405 0.0743375 0.0745177 0.0723571 0.0683734 0.063086 0.0569672 0.0504116 0.043723 0.0371232 0.0307733 0.0247979 0.0193074 0.0144123 0.0102217 0.0068218 0.00424302
 0.0081001 0.0131716 0.0198499 0.0280821 0.037602 0.0477832 0.0575973 0.0658502 0.0715998 0.0744475 0.0745212 0.0722589 0.0682022 0.062884 0.0567761 0.0502602 0.0436205 0.037061 0.0307337 0.0247641 0.0192705 0.014372 0.0101829 0.00678942 0.00421948
 0.00804289 0.0130896 0.0197476 0.0279728 0.0375066 0.0477265 0.0576028 0.0659328 0.071758 0.0746589 0.074745 0.072448 0.0683198 0.0629168 0.0567366 0.0501779 0.0435278 0.0369809 0.0306745 0.0247227 0.0192391 0.0143446 0.0101577 0.00676758 0.00420252
 0.00790354 0.0128806 0.0194665 0.0276305 0.0371269 0.0473431 0.0572569 0.0656687 0.0716164 0.0746656 0.0749011 0.0727266 0.0686718 0.0632845 0.0570709 0.0504501 0.0437327 0.0371299 0.0307844 0.0248067 0.0193037 0.014392 0.0101893 0.00678598 0.00421166
 0.0078145 0.0127375 0.0192549 0.0273408 0.036759 0.046913 0.0568005 0.06524 0.0712753 0.0744622 0.074863 0.0728538 0.0689395 0.06365 0.0574823 0.0508572 0.0440969 0.0374308 0.0310188 0.0249823 0.019432 0.0144834 0.0102516 0.00682578 0.00423499
 0.00784584 0.0127756 0.0192884 0.0273503 0.0367213 0.0468086 0.0566214 0.0649941 0.0709871 0.074169 0.0746081 0.0726772 0.0688683 0.0636916 0.0576227 0.051066 0.044336 0.0376645 0.0312222 0.0251437 0.0195511 0.0145661 0.0103062 0.0068598 0.00425476
 0.00793813 0.0128936 0.0194065 0.0274242 0.0366995 0.0466503 0.0563135 0.0645572 0.0704703 0.0736374 0.0741301 0.0723131 0.0686607 0.0636589 0.0577572 0.0513362 0.0446949 0.0380596 0.0316059 0.0254816 0.0198246 0.0147716 0.0104499 0.00695353 0.00431152
 0.00790397 0.0128561 0.0193813 0.0274315 0.0367514 0.0467355 0.0563891 0.064559 0.0703403 0.0733545 0.0737249 0.0718583 0.0682449 0.063358 0.057616 0.0513636 0.0448682 0.0383351 0.0319311 0.0258073 0.0201141 0.0150042 0.0106206 0.00706837 0.00438243
 0.00773479 0.0126048 0.0190487 0.0270371 0.0363323 0.04634 0.0560673 0.0643498 0.0702566 0.0733744 0.0737984 0.0719315 0.0682879 0.0633785 0.0576515 0.0514582 0.0450499 0.0386041 0.0322619 0.0261598 0.0204473 0.0152873 0.0108383 0.00722055 0.00447919
 0.00758895 0.0123679 0.0186939 0.0265448 0.035699 0.0455915 0.0552679 0.0635975 0.0696599 0.0730184 0.0737173 0.0721005 0.0686381 0.0638272 0.0581319 0.0519356 0.0455192 0.0390728 0.0327319 0.0266184 0.0208702 0.0156491 0.0111224 0.00742406 0.00461167
 0.0074916 0.0122116 0.0184622 0.0262226 0.0352749 0.0450619 0.0546442 0.0629131 0.0689733 0.0724078 0.0732661 0.0718752 0.0686677 0.0640932 0.0585765 0.0524846 0.0461066 0.0396546 0.0332848 0.0271292 0.0213262 0.0160359 0.0114287 0.00764736 0.00476011
 0.00753871 0.0122754 0.018534 0.0262852 0.0353051 0.0450362 0.0545429 0.0627239 0.068693 0.072046 0.0728497 0.0714511 0.0682965 0.0638343 0.058469 0.0525349 0.0462898 0.039928 0.033604 0.0274581 0.0216383 0.0163122 0.011656 0.00781928 0.00487854
 0.00762717 0.0124007 0.0186877 0.0264462 0.0354437 0.0451211 0.0545485 0.0626347 0.0685054 0.0717693 0.072505 0.0710697 0.0679173 0.0635004 0.0582219 0.0524062 0.0462919 0.0400499 0.0338155 0.0277192 0.0219105 0.0165647 0.0118685 0.00798239 0.00499238
 0.00767217 0.012475 0.0188005 0.0266037 0.0356439 0.045348 0.0547687 0.0628023 0.0685751 0.0717122 0.0723189 0.0707781 0.0675607 0.0631257 0.0578749 0.0521264 0.0461084 0.0399762 0.0338464 0.0278324 0.0220728 0.0167415 0.012032 0.0081153 0.00508869
 0.007715 0.0125468 0.0189125 0.0267676 0.035869 0.045636 0.0551082 0.0631647 0.0689157 0.0719773 0.0724581 0.0707583 0.0673767 0.0628027 0.0574622 0.0516848 0.0456964 0.0396395 0.0336106 0.0277014 0.0220313 0.0167625 0.0120854 0.00817621 0.00514142
 0.00765644 0.0124647 0.0188137 0.0266677 0.0357899 0.0456003 0.0551342 0.0632622 0.0690834 0.0722003 0.0727068 0.0709914 0.0675497 0.0628806 0.0574312 0.0515575 0.0455078 0.0394353 0.0334335 0.0275794 0.0219729 0.0167585 0.0121165 0.00822137 0.00518474
 0.00752566 0.0122637 0.0185339 0.0263116 0.0353734 0.0451544 0.0547052 0.0629071 0.0688579 0.0721434 0.0728282 0.0712682 0.0679325 0.0633061 0.057837 0.0518963 0.0457576 0.0396008 0.0335386 0.0276545 0.0220419 0.0168322 0.0121932 0.00829308 0.00524346
 0.0075459 0.0122777 0.0185204 0.0262403 0.0352145 0.044893 0.0543532 0.0625054 0.0684668 0.0718256 0.0726336 0.0712233 0.0680368 0.0635335 0.058142 0.0522257 0.0460631 0.0398511 0.0337246 0.0277854 0.0221361 0.0169067 0.0122575 0.00834892 0.00528877
 0.00760322 0.0123681 0.0186499 0.0264082 0.0354087 0.0450858 0.0545013 0.0625595 0.0683906 0.071615 0.0723241 0.07088 0.0677308 0.0633185 0.0580404 0.0522274 0.0461356 0.0399544 0.0338252 0.027865 0.022192 0.0169453 0.0122868 0.00837388 0.00531027
 0.00762762 0.0124125 0.0187251 0.0265268 0.0355812 0.0453139 0.0547718 0.0628406 0.068635 0.0717708 0.0723503 0.0707627 0.0674915 0.0630087 0.0577244 0.0519597 0.0459451 0.0398413 0.0337702 0.0278432 0.022184 0.0169414 0.0122848 0.00837421 0.00531304
 0.00764849 0.0124401 0.0187555 0.0265541 0.0356011 0.0453289 0.0547927 0.0628839 0.0687134 0.071883 0.0724761 0.0708673 0.067539 0.0629785 0.0576211 0.0518117 0.0457916 0.0397153 0.0336876 0.0278019 0.0221713 0.0169435 0.0122921 0.00838198 0.00531978
 0.00764264 0.0124248 0.0187219 0.0264902 0.035495 0.0451739 0.0545933 0.0626588 0.0684947 0.0717094 0.0723822 0.0708712 0.067634 0.0631348 0.0577979 0.0519743 0.0459231 0.0398182 0.0337741 0.0278829 0.0222501 0.0170167 0.0123541 0.00842933 0.00535248
 0.00770569 0.0125313 0.0188884 0.0267315 0.0358168 0.0455633 0.0550126 0.0630488 0.0687907 0.0718628 0.0723768 0.0707261 0.0673925 0.0628462 0.057501 0.0516905 0.0456597 0.0395771 0.033559 0.0277005 0.0221062 0.0169123 0.0122846 0.00838688 0.0053286
 0.00742059 0.012077 0.0182246 0.0258339 0.0346907 0.0442593 0.0536373 0.0617563 0.0677476 0.071202 0.0721624 0.0709465 0.0679789 0.0637 0.0585185 0.0527767 0.0467353 0.0405808 0.0344492 0.0284543 0.022717 0.0173852 0.0126327 0.00862829 0.00548467
 0.00732259 0.0119037 0.0179377 0.0253891 0.0340471 0.0433971 0.052576 0.0605649 0.0665402 0.0701189 0.0713423 0.070496 0.0679488 0.0640764 0.0592312 0.0537217 0.0477996 0.0416621 0.0354663 0.0293516 0.0234634 0.0179713 0.013066 0.00892825 0.00567776
 0.00714752 0.0116397 0.0175773 0.0249348 0.0335056 0.0427706 0.0518603 0.0597573 0.065655 0.0692017 0.0704751 0.0697873 0.0675093 0.0639887 0.0595254 0.0543661 0.0487103 0.0427253 0.036565 0.0303859 0.0243632 0.018699 0.0136137 0.00931102 0.00592497
 0.00704618 0.0114826 0.0173557 0.0246475 0.0331599 0.0423825 0.0514521 0.0593503 0.0652589 0.0688093 0.0700691 0.0693613 0.0670896 0.0636403 0.0593348 0.0544079 0.0490161 0.0432697 0.037274 0.0311616 0.0251107 0.0193474 0.0141253 0.00967971 0.00616771
 0.00693463 0.0112979 0.0170722 0.0242416 0.0326176 0.0417107 0.0506877 0.05856 0.0645248 0.0682047 0.0696378 0.0691092 0.0669941 0.0636722 0.0594806 0.0546787 0.0494359 0.0438514 0.0379975 0.031969 0.0259209 0.0200809 0.0147262 0.0101259 0.00646795
 0.00684739 0.0111558 0.0168574 0.0239363 0.0322062 0.0411845 0.0500521 0.0578404 0.063769 0.067479 0.0690156 0.0686548 0.0667469 0.0636388 0.0596408 0.0550021 0.0498975 0.044435 0.0386853 0.0327272 0.0266945 0.0208035 0.0153394 0.0105966 0.0067939
 0.00696478 0.0113193 0.0170524 0.0241305 0.0323564 0.0412486 0.0499985 0.0576527 0.0634455 0.0670324 0.068475 0.0680675 0.0661745 0.0631463 0.0592817 0.0548082 0.0498775 0.0445805 0.0389764 0.0331328 0.0271701 0.0212938 0.015789 0.010964 0.00706166
 0.00714457 0.0116074 0.0174757 0.0247048 0.0330756 0.0420716 0.0508417 0.0583983 0.0639697 0.0672415 0.0683318 0.067596 0.0654466 0.0622617 0.0583488 0.0539274 0.0491281 0.0440128 0.0386101 0.0329597 0.0271589 0.0213964 0.0159502 0.0111342 0.00720636
 0.00726675 0.0118243 0.0178356 0.025262 0.0338757 0.0431279 0.0521118 0.0597753 0.0652957 0.0683398 0.0690458 0.067823 0.0651599 0.0615132 0.0572538 0.052636 0.0477943 0.0427686 0.03755 0.0321343 0.0265767 0.0210318 0.0157555 0.0110533 0.00718886
 0.00727827 0.0118563 0.0179099 0.0254118 0.0341434 0.0435578 0.0527385 0.060609 0.0663063 0.0694473 0.0701222 0.0687137 0.0657189 0.0616427 0.0569307 0.0519172 0.0467992 0.0416475 0.0364486 0.0311663 0.0258086 0.0204816 0.015402 0.0108524 0.00709001
 0.00729502 0.0118659 0.0178933 0.0253449 0.0340091 0.0433635 0.0525288 0.060463 0.0663171 0.0696887 0.0706181 0.0694201 0.0665268 0.0624031 0.0574949 0.0521806 0.0467308 0.0412942 0.0359135 0.030572 0.025261 0.0200468 0.015101 0.0106713 0.00699669
 0.00729852 0.0118667 0.0178845 0.0253143 0.0339392 0.0432341 0.0523244 0.0601844 0.0659947 0.0693884 0.0704306 0.0694322 0.0667837 0.0628809 0.0580998 0.0527772 0.047189 0.0415327 0.0359224 0.0304047 0.025004 0.0197837 0.0148874 0.0105271 0.00691527
 0.00719029 0.0117192 0.0177146 0.0251537 0.0338238 0.0431866 0.0523414 0.0602354 0.0660355 0.0693827 0.0703706 0.0693474 0.0667335 0.0629293 0.0582824 0.0530773 0.0475388 0.0418409 0.036114 0.0304512 0.0249281 0.0196397 0.0147326 0.0104005 0.00683062
 0.00715814 0.0116705 0.0176492 0.0250777 0.0337522 0.0431449 0.0523615 0.0603445 0.0662393 0.0696525 0.0706464 0.0695614 0.0668416 0.0629324 0.0582227 0.0530116 0.0475046 0.0418376 0.0361096 0.0304075 0.0248273 0.0194934 0.0145719 0.0102574 0.00672406
#obs surv len freq
 nan nan nan nan nan nan nan nan nan nan nan nan nan nan nan nan nan nan nan nan nan nan nan nan nan
 0.004489 0.00735227 0.011184 0.0160013 0.021702 0.0279765 0.034289 0.0400184 0.0446961 0.0481581 0.0505145 0.052009 0.0529 0.0534114 0.0537249 0.0539792 0.0542573 0.0545497 0.0546883 0.0542801 0.0527183 0.0493508 0.0438012 0.0362821 0.0276667
 0.00462162 0.00757096 0.0115184 0.0164797 0.022344 0.0287822 0.035228 0.0410281 0.0456906 0.0490463 0.0512173 0.0524715 0.0530955 0.053341 0.0534123 0.0534629 0.0535818 0.0537585 0.0538209 0.0533741 0.0518131 0.0484905 0.0430315 0.0356419 0.0271774
 0.00477464 0.00782289 0.0119036 0.0170326 0.0230927 0.0297379 0.0363734 0.0423108 0.0470272 0.0503349 0.0523524 0.0533577 0.0536597 0.0535403 0.053238 0.0529378 0.0527525 0.0526857 0.0525721 0.0520203 0.0504302 0.0471593 0.0418322 0.0346406 0.0264107
 0.00497298 0.00814429 0.0123855 0.0177097 0.0239911 0.0308654 0.0377094 0.0438009 0.0485892 0.0518706 0.0537597 0.0545386 0.0545253 0.0540178 0.0532787 0.0525244 0.0519022 0.0514482 0.0510244 0.0502616 0.0485773 0.0453408 0.0401747 0.0332474 0.02534
 0.00517769 0.00848199 0.0129027 0.0184523 0.0249951 0.0321422 0.0392313 0.0454975 0.050359 0.0536015 0.0553468 0.0558906 0.0555636 0.054673 0.0534915 0.052251 0.0511237 0.0501805 0.0493254 0.0482339 0.0463648 0.0431159 0.0381139 0.0314976 0.0239867
 0.00541005 0.00886054 0.0134742 0.0192617 0.0260777 0.0335114 0.0408644 0.047329 0.0522874 0.0555069 0.0571091 0.0574031 0.0567386 0.0554415 0.0537992 0.0520547 0.0503933 0.0489089 0.047545 0.0460321 0.043891 0.0405702 0.0357151 0.0294359 0.022379
 0.00565393 0.00926049 0.0140825 0.020129 0.027243 0.0349867 0.0426188 0.0492845 0.0543308 0.0575117 0.0589558 0.0589885 0.0579776 0.0562652 0.0541523 0.0518932 0.0496841 0.0476362 0.0457255 0.0437368 0.0412618 0.0378168 0.0330818 0.0271457 0.0205772
 0.00589866 0.0096615 0.014692 0.0209981 0.0284122 0.0364707 0.0443908 0.0512695 0.0564153 0.059565 0.0608509 0.0606159 0.0592494 0.0571147 0.0545289 0.0517572 0.0490036 0.046392 0.0439252 0.0414388 0.0385967 0.0349906 0.0303474 0.0247434 0.0186713
 0.00613602 0.0100507 0.0152842 0.021843 0.0295494 0.0379146 0.0461153 0.053202 0.0584469 0.0615705 0.0627085 0.0622186 0.0605099 0.0579648 0.0549176 0.0516462 0.0483639 0.0452049 0.0421953 0.0392154 0.0359982 0.0322122 0.0276364 0.0223426 0.016753
 0.0063788 0.0104487 0.0158893 0.0227055 0.0307079 0.0393808 0.0478576 0.0551408 0.0604659 0.0635398 0.064506 0.0637423 0.0616811 0.058726 0.055228 0.0514765 0.047692 0.0440176 0.0404979 0.0370529 0.0334787 0.0295168 0.0249992 0.0199983 0.0148717
 0.0065984 0.0108106 0.0164429 0.0235 0.0317828 0.0407501 0.0494946 0.0569719 0.062381 0.0654129 0.0662166 0.0651881 0.0627836 0.0594299 0.055498 0.0512908 0.0470369 0.0428866 0.0389001 0.0350309 0.0311304 0.0270064 0.0225404 0.0178075 0.0131086
 0.00681028 0.011158 0.0169714 0.0242539 0.0327968 0.0420358 0.0510263 0.0586812 0.0641654 0.0671552 0.0678031 0.0665217 0.0637886 0.0600538 0.0557087 0.0510721 0.0463829 0.0417994 0.037395 0.0331514 0.0289666 0.0247054 0.0202929 0.0158066 0.0114975
 0.00706244 0.0115657 0.0175802 0.0251041 0.0339144 0.0434198 0.0526356 0.0604311 0.06594 0.0688301 0.069267 0.0676881 0.0645985 0.0604732 0.0557235 0.0506821 0.0455966 0.0406314 0.0358701 0.0313166 0.0269071 0.0225528 0.0182143 0.0139699 0.0100254
 0.00726325 0.0119028 0.0181068 0.0258745 0.0349709 0.044772 0.0542416 0.0621942 0.0677255 0.0704959 0.0706904 0.0687804 0.0653067 0.0607752 0.0556203 0.0501898 0.0447392 0.0394372 0.0343744 0.0295711 0.0249928 0.0205868 0.0163404 0.0123292 0.00871877
 0.00743734 0.0121858 0.0185335 0.0264788 0.0357814 0.0458035 0.0554838 0.0636025 0.0692211 0.071974 0.0720356 0.0698839 0.0660832 0.0611726 0.0556216 0.049806 0.043999 0.0383789 0.0330439 0.0280265 0.0233134 0.0188779 0.014725 0.0109246 0.00760613
 0.00749667 0.0122918 0.0187109 0.0267575 0.0361909 0.0463644 0.0561988 0.0644539 0.0701741 0.072982 0.0730437 0.0708281 0.0668916 0.0617721 0.0559496 0.0498214 0.0436879 0.0377537 0.0321395 0.0268985 0.0220384 0.017553 0.0134585 0.00981696 0.00672609
 0.00756331 0.0123861 0.018828 0.0268873 0.0363251 0.0465061 0.0563686 0.0646858 0.0705027 0.0734281 0.0736034 0.0714715 0.0675668 0.0624125 0.0564819 0.0501749 0.0438063 0.0376045 0.0317211 0.0262418 0.0212049 0.0166286 0.0125406 0.00899572 0.00606454
 0.0076422 0.0125084 0.0189998 0.027108 0.0365851 0.0467856 0.0566396 0.06492 0.0706844 0.0735653 0.0737276 0.0716238 0.067777 0.0626825 0.0567806 0.0504465 0.0439841 0.0376285 0.0315528 0.0258753 0.0206708 0.015989 0.0118758 0.00838403 0.00556327
 0.00773885 0.0126599 0.0192172 0.0273963 0.0369414 0.0471958 0.0570756 0.0653404 0.0710418 0.0738195 0.0738591 0.0716417 0.0677161 0.0625895 0.0566943 0.0503813 0.0439239 0.0375343 0.0313801 0.0255935 0.020278 0.0155153 0.011375 0.00791607 0.00517526
 0.00778774 0.0127403 0.0193395 0.0275704 0.0371737 0.0474856 0.0574111 0.0656975 0.0713878 0.0741187 0.0740806 0.0717657 0.0677385 0.0625242 0.0565696 0.050229 0.043766 0.0373733 0.0311996 0.02537 0.019997 0.0151835 0.0110207 0.00757898 0.00489081
 0.00779074 0.012742 0.0193366 0.0275596 0.0371542 0.0474627 0.0573983 0.0657139 0.0714511 0.0742372 0.0742478 0.0719606 0.0679325 0.0626897 0.0566888 0.0502973 0.043789 0.0373588 0.0311501 0.0252808 0.0198621 0.015005 0.0108143 0.00737037 0.00470647
 0.00782836 0.0127926 0.0193932 0.0276087 0.0371799 0.0474522 0.0573477 0.0656315 0.071356 0.0741555 0.0742051 0.0719743 0.0680053 0.0628085 0.0568291 0.0504322 0.0438974 0.0374289 0.0311775 0.0252646 0.0198034 0.0149089 0.0106923 0.00724012 0.00458674
 0.00787726 0.0128695 0.0195035 0.0277536 0.0373534 0.0476392 0.0575229 0.0657636 0.071418 0.0741355 0.0741132 0.0718393 0.0678637 0.0626912 0.0567522 0.0503945 0.0438851 0.0374234 0.0311622 0.0252291 0.0197439 0.0148276 0.0105969 0.0071424 0.00449863
 0.00786074 0.0128448 0.0194705 0.0277142 0.037312 0.0476018 0.0574962 0.0657526 0.071423 0.0741507 0.0741286 0.0718465 0.0678614 0.0626874 0.0567597 0.0504239 0.0439379 0.0374913 0.0312303 0.0252819 0.0197709 0.014826 0.0105711 0.00710194 0.00445457
 0.00788222 0.0128695 0.0194891 0.0277125 0.0372756 0.0475234 0.0573811 0.0656191 0.071296 0.0740532 0.0740738 0.0718353 0.0678852 0.0627339 0.0568191 0.0504918 0.0440136 0.0375735 0.0313136 0.0253573 0.0198286 0.0148599 0.0105814 0.0070941 0.00443702
 0.00788728 0.0128791 0.0195056 0.0277369 0.0373057 0.0475509 0.0573916 0.0655965 0.0712304 0.0739482 0.0739483 0.0717163 0.0677972 0.0626899 0.0568191 0.0505266 0.0440716 0.0376442 0.0313886 0.0254287 0.0198891 0.0149038 0.0106066 0.00710292 0.00443473
 0.00790264 0.0128996 0.0195282 0.0277567 0.0373173 0.0475516 0.0573819 0.0655786 0.0712054 0.0739135 0.0738995 0.0716523 0.0677243 0.0626216 0.0567704 0.0505077 0.0440841 0.0376824 0.0314425 0.025488 0.0199445 0.0149486 0.0106375 0.00712008 0.00444123
 0.00786149 0.0128384 0.0194467 0.0276579 0.0372068 0.0474351 0.0572651 0.0654676 0.0711076 0.0738378 0.0738534 0.0716395 0.0677432 0.0626667 0.0568362 0.0505905 0.044182 0.0377923 0.0315588 0.0256021 0.0200477 0.0150337 0.010701 0.00716234 0.00446593
 0.00784957 0.0128117 0.0193933 0.027564 0.0370613 0.0472371 0.0570291 0.0652223 0.0708871 0.0736707 0.0737557 0.0716138 0.0677822 0.0627583 0.0569663 0.0507457 0.0443505 0.0379647 0.0317272 0.0257592 0.0201864 0.0151483 0.0107883 0.00722312 0.0045041
 0.00784566 0.0128034 0.0193768 0.0275332 0.0370079 0.0471516 0.0569035 0.0650541 0.0706845 0.0734541 0.0735551 0.0714602 0.0676982 0.0627522 0.0570319 0.0508673 0.0445087 0.0381409 0.0319061 0.0259285 0.0203369 0.0152735 0.0108851 0.00729195 0.00454866
 0.00783193 0.0127815 0.0193447 0.0274891 0.0369503 0.0470794 0.0568159 0.0649509 0.070566 0.0733225 0.0734167 0.0713272 0.0675887 0.0626855 0.0570224 0.050919 0.0446145 0.0382853 0.0320701 0.0260943 0.0204898 0.0154037 0.0109874 0.00736582 0.00459738
 0.00779049 0.0127164 0.0192511 0.0273646 0.0367958 0.0469005 0.0566238 0.0647611 0.0703957 0.0731854 0.0733202 0.0712725 0.0675737 0.0627084 0.0570839 0.0510207 0.0447556 0.0384592 0.0322641 0.0262918 0.0206744 0.0155625 0.0111131 0.00745712 0.00465799
 0.00776133 0.0126636 0.0191621 0.0272252 0.0365952 0.0466376 0.0563125 0.0644312 0.0700853 0.0729315 0.073149 0.0711955 0.067588 0.0628016 0.0572389 0.051221 0.0449869 0.0387097 0.0325217 0.026543 0.0209048 0.0157597 0.0112694 0.00757114 0.00473402
 0.00772309 0.0126017 0.019069 0.0270937 0.0364186 0.0464119 0.0560394 0.0641209 0.0697589 0.0726195 0.072887 0.0710162 0.0675137 0.0628382 0.0573767 0.0514386 0.0452586 0.0390103 0.032829 0.0268384 0.0211727 0.0159877 0.0114501 0.00770334 0.00482263
 0.00768203 0.0125345 0.0189673 0.0269497 0.0362273 0.0461736 0.0557621 0.0638208 0.0694569 0.072338 0.0726467 0.0708367 0.0674124 0.0628289 0.0574651 0.0516192 0.0455142 0.0393157 0.0331563 0.0271609 0.0214683 0.0162402 0.0116507 0.00785057 0.00492173
 0.00769401 0.0125509 0.0189859 0.0269656 0.0362331 0.0461602 0.0557201 0.063742 0.0693373 0.0721796 0.0724588 0.0706354 0.0672188 0.0626664 0.0573554 0.0515787 0.0455498 0.0394222 0.0333176 0.027354 0.0216684 0.0164257 0.0118064 0.0079694 0.00500411
 0.00765145 0.0124878 0.0189023 0.0268654 0.0361227 0.046046 0.0556072 0.0636335 0.0692345 0.0720826 0.0723678 0.0705515 0.0671458 0.0626108 0.0573271 0.0515887 0.0456072 0.0395303 0.0334712 0.0275389 0.0218645 0.0166121 0.0119663 0.00809338 0.00509105
 0.00762832 0.0124497 0.0188444 0.0267839 0.0360165 0.0459194 0.0554708 0.0635025 0.0691242 0.0720023 0.0723182 0.070526 0.0671352 0.0626087 0.0573327 0.051607 0.0456467 0.0395991 0.0335726 0.0276691 0.0220119 0.0167605 0.0120999 0.00820119 0.00516903
 0.00762992 0.0124518 0.0188464 0.0267843 0.0360128 0.0459078 0.055447 0.0634635 0.0690698 0.0719368 0.0722492 0.0704614 0.0670803 0.0625649 0.0572989 0.0515831 0.0456354 0.0396061 0.0336037 0.0277263 0.0220909 0.0168514 0.01219 0.00827933 0.00522878
 0.00761804 0.0124347 0.0188249 0.0267604 0.0359891 0.0458865 0.0554286 0.0634466 0.0690516 0.0719144 0.0722208 0.0704279 0.0670452 0.0625326 0.0572737 0.0515673 0.0456307 0.0396142 0.0336269 0.0277662 0.0221465 0.0169173 0.0122579 0.00834059 0.00527735
 0.00759551 0.0124001 0.0187766 0.0266988 0.0359168 0.0458085 0.0553523 0.0633805 0.0690034 0.0718881 0.0722156 0.0704388 0.0670655 0.0625572 0.0572999 0.0515951 0.0456614 0.0396497 0.0336689 0.0278158 0.022203 0.016978 0.0123176 0.00839361 0.00531947
 0.00756196 0.012346 0.0186963 0.0265881 0.0357746 0.0456392 0.0551675 0.0631989 0.0688469 0.0717762 0.0721606 0.0704432 0.0671226 0.062654 0.0574211 0.0517269 0.0457937 0.0397767 0.0337881 0.0279263 0.0223042 0.0170686 0.0123955 0.00845655 0.00536642
 0.00754256 0.0123126 0.0186425 0.026507 0.0356604 0.0454899 0.054988 0.0630015 0.0686506 0.0716028 0.0720304 0.0703714 0.0671164 0.0627111 0.057531 0.0518734 0.0459593 0.039946 0.03395 0.0280739 0.0224341 0.0171788 0.012485 0.00852543 0.0054158
 0.00752668 0.0122883 0.0186088 0.0264632 0.0356056 0.0454224 0.054905 0.0629009 0.0685327 0.0714732 0.0719005 0.0702571 0.0670346 0.0626752 0.0575473 0.0519398 0.0460657 0.0400778 0.0340917 0.0282124 0.0225599 0.0172863 0.0125718 0.00859113 0.00546214
 0.00754823 0.0123181 0.0186439 0.0264977 0.0356321 0.0454348 0.0548998 0.0628774 0.0684911 0.0714133 0.0718224 0.0701632 0.066932 0.0625768 0.0574681 0.0518928 0.0460578 0.0401078 0.0341511 0.0282891 0.0226416 0.0173631 0.0126371 0.00864212 0.00549865
 0.00750964 0.0122665 0.0185864 0.0264469 0.0356017 0.0454323 0.0549225 0.0629127 0.0685227 0.0714283 0.0718153 0.0701354 0.066889 0.0625258 0.0574177 0.0518528 0.0460375 0.0401132 0.0341832 0.0283425 0.0227069 0.01743 0.0126972 0.0086904 0.00553363
 0.00747601 0.0122083 0.0184934 0.02631 0.0354181 0.045212 0.0546913 0.0627076 0.0683794 0.0713668 0.0718331 0.0702124 0.0669985 0.0626454 0.0575341 0.0519619 0.0461411 0.0402158 0.0342881 0.0284498 0.0228127 0.0175279 0.0127808 0.00875556 0.00557983
 0.00749351 0.0122325 0.0185213 0.026335 0.03543 0.0451991 0.0546432 0.06262 0.0682585 0.0712307 0.0717076 0.0701212 0.0669543 0.0626458 0.0575664 0.0520106 0.0461952 0.0402708 0.0343442 0.0285084 0.0228736 0.0175881 0.0128356 0.00880093 0.00561358
 0.00750535 0.0122547 0.0185597 0.0263958 0.0355167 0.0453082 0.0547616 0.0627256 0.0683262 0.0712414 0.0716559 0.0700181 0.0668232 0.0625134 0.0574536 0.0519271 0.0461405 0.0402391 0.0343295 0.0285069 0.0228826 0.0176049 0.0128566 0.008822 0.00563149
 0.00750535 0.0122547 0.0185597 0.0263958 0.0355167 0.0453082 0.0547616 0.0627256 0.0683262 0.0712414 0.0716559 0.0700181 0.0668232 0.0625134 0.0574536 0.0519271 0.0461405 0.0402391 0.0343295 0.0285069 0.0228826 0.0176049 0.0128566 0.008822 0.00563149
 0.0071751 0.0117323 0.0178032 0.0253829 0.0342571 0.0438584 0.053235 0.0612841 0.0671463 0.0704664 0.07136 0.0701968 0.0674099 0.0634076 0.0585461 0.053117 0.0473427 0.0413866 0.035373 0.0294137 0.0236353 0.0181997 0.0133014 0.00913414 0.00583514
 0.0071366 0.0116325 0.0175845 0.0249699 0.0335767 0.0428718 0.0519673 0.0598342 0.0656705 0.0691439 0.0703539 0.0696233 0.0673196 0.0637815 0.0593073 0.0541533 0.048532 0.0426163 0.0365515 0.030474 0.0245356 0.0189207 0.0138439 0.00951544 0.00608361
 0.00706981 0.011532 0.0174454 0.0247853 0.0333292 0.0425258 0.0514706 0.0591355 0.0647507 0.0680455 0.0691904 0.0685584 0.0665228 0.0633813 0.0593594 0.0546338 0.0493526 0.0436524 0.0376718 0.0315635 0.0255086 0.0197257 0.0144622 0.00995521 0.00637198
 0.00702852 0.0114669 0.0173518 0.0246606 0.033174 0.0423425 0.0512599 0.0588896 0.0644464 0.0676471 0.0686669 0.0679121 0.065812 0.0627182 0.058879 0.0544475 0.0495102 0.0441285 0.0383798 0.0323863 0.0263309 0.0204581 0.0150527 0.0103887 0.00666205
 0.00695906 0.0113588 0.0171983 0.024459 0.0329266 0.0420578 0.0509529 0.0585803 0.0641542 0.0673816 0.0684204 0.0676618 0.0655345 0.0624118 0.0585817 0.0542347 0.0494676 0.0443153 0.0387997 0.0329839 0.0270126 0.0211244 0.0156264 0.0108298 0.00696681
 0.00693414 0.0113183 0.0171371 0.0243727 0.0328119 0.0419143 0.0507843 0.0583948 0.0639627 0.0671943 0.0682437 0.0674943 0.0653671 0.0622332 0.0583897 0.0540487 0.0493333 0.0442914 0.0389321 0.0332804 0.0274343 0.0216002 0.0160802 0.0112059 0.00724116
 0.00697704 0.0113901 0.0172484 0.0245327 0.0330244 0.0421714 0.0510626 0.0586571 0.0641661 0.0673027 0.0682365 0.0673697 0.0651375 0.0619191 0.0580155 0.0536435 0.0489353 0.0439487 0.038695 0.0331838 0.0274818 0.0217598 0.0162968 0.0114235 0.00742083
 0.00700872 0.0114502 0.0173546 0.0247064 0.0332847 0.0425264 0.0515004 0.0591424 0.0646449 0.067713 0.0685218 0.0674894 0.0650746 0.0616818 0.0576329 0.0531592 0.0484012 0.0434209 0.0382292 0.0328269 0.0272596 0.021669 0.0163073 0.0114908 0.0075035
 0.00715804 0.011691 0.0177129 0.025204 0.0339338 0.0433211 0.052408 0.0601004 0.0655681 0.0685083 0.0691042 0.0677957 0.0650716 0.0613706 0.0570475 0.0523606 0.0474677 0.0424386 0.037282 0.0319878 0.0265809 0.0211735 0.0159859 0.0113097 0.00741813
 0.00714161 0.011683 0.0177359 0.0252916 0.0341235 0.0436423 0.0528708 0.0606898 0.066246 0.0692198 0.0697836 0.0683732 0.0654805 0.0615576 0.0569835 0.0520482 0.046943 0.0417655 0.0365415 0.0312632 0.0259429 0.0206678 0.0156271 0.011084 0.00729398
 0.00706646 0.0115581 0.0175449 0.0250233 0.033781 0.0432545 0.0524982 0.0604166 0.0661564 0.0693677 0.0701727 0.0689539 0.0661655 0.0622429 0.0575707 0.0524618 0.0471436 0.0417551 0.0363599 0.0309756 0.0256216 0.020374 0.0153983 0.0109308 0.00720637
 0.00707492 0.0115608 0.0175281 0.0249664 0.0336609 0.0430537 0.052215 0.0600733 0.0658017 0.0690713 0.0700095 0.0689812 0.0664014 0.0626554 0.0580848 0.0529809 0.0475761 0.0420386 0.0364739 0.030941 0.0254881 0.0202005 0.0152339 0.0108041 0.00712436
 0.00708917 0.0115856 0.0175675 0.0250224 0.0337302 0.043123 0.0522594 0.0600614 0.065708 0.0688909 0.0697687 0.0687358 0.0662201 0.0625963 0.0581712 0.0531911 0.0478504 0.0423015 0.0366615 0.0310217 0.0254677 0.020112 0.0151198 0.0106988 0.00704597
 0.00709337 0.0115933 0.0175809 0.0250445 0.0337642 0.0431713 0.0523211 0.0601293 0.0657664 0.0689177 0.0697421 0.0686463 0.0660808 0.0624441 0.0580551 0.0531508 0.0478972 0.0424122 0.0367899 0.0311203 0.0255083 0.0200938 0.0150627 0.0106295 0.0069851
#pred catch len freq
 0.00316701 0.00513898 0.00775031 0.0110448 0.0150645 0.0198032 0.0251458 0.0308553 0.03662 0.0421163 0.0470574 0.0512303 0.0545253 0.0569412 0.0585604 0.0595163 0.0599677 0.0600648 0.0598723 0.0592452 0.0577335 0.05465 0.0493836 0.0418402 0.0327057
 0.00339657 0.00545151 0.00811101 0.0113902 0.0153281 0.0199516 0.0252003 0.0308791 0.0366761 0.0422236 0.0471766 0.0512907 0.0544747 0.0567863 0.0583739 0.0594059 0.060021 0.0602963 0.0601983 0.0595071 0.0577632 0.0543501 0.0487765 0.0410557 0.0319156
 0.00348528 0.00562852 0.00843293 0.0119166 0.0160912 0.0209192 0.0262571 0.0318539 0.0374093 0.0426362 0.04729 0.0511878 0.0542364 0.0564571 0.057974 0.0589647 0.0595917 0.0599319 0.0599089 0.059235 0.0574047 0.0538166 0.0480538 0.0402205 0.0310969
