SBPRF35
12.7214
Curr Bio
775631
B35
846413
F35
0.16914
FOFL
0.148032
OFL
91101.7
Bzero
3.63469e+006
#pred survey bio
 3.16461e+006 2.89713e+006 2.66077e+006 2.41591e+006 2.15726e+006 1.89819e+006 1.66632e+006 1.46066e+006 1.29533e+006 1.16935e+006 1.03411e+006 905840 815918 753758 692085 648406 608683 581148 560859 547862 543321 541925 532434 536660 534392 548667 555460 561528 574542 581679 595156 612246 628443 629880 638480 645933 654404 662741 670482 668818 675365 675840 674791 675678 681731 687134 700528 765612 819377 838047 834858 826749 828667 833148 832419 843639 834184 810372 792849 794393 780292 2.62605e+007 1.54057e+007 1.54763e+007 1.63348e+007 1.77452e+007 1.9399e+007 2.1055e+007 2.25662e+007 2.38645e+007 2.49348e+007 2.57921e+007 2.64651e+007 2.69861e+007 2.73857e+007 2.76905e+007 2.79224e+007 2.80988e+007 2.82329e+007 2.83353e+007 2.84137e+007 2.8474e+007 2.85206e+007 2.85567e+007 2.85848e+007 2.86069e+007 2.86243e+007 2.8638e+007 2.86488e+007 2.86575e+007 2.86643e+007 2.86699e+007 2.86743e+007 2.86779e+007 2.86807e+007 2.86831e+007 2.8685e+007 2.86865e+007 2.86877e+007 2.86888e+007 2.86896e+007 2.86903e+007 2.86908e+007 2.86913e+007 2.86916e+007 2.86919e+007 2.86922e+007 2.86924e+007 2.86925e+007 2.86927e+007 2.86928e+007 2.86929e+007 2.86929e+007 2.8693e+007 2.8693e+007 2.86931e+007 2.86931e+007 2.86931e+007 2.86932e+007 2.86932e+007 2.86932e+007 2.86932e+007 2.86932e+007 2.86932e+007 2.86932e+007 2.86932e+007 2.86932e+007 2.86933e+007 2.86933e+007 2.86933e+007 2.86933e+007 2.86933e+007 2.86933e+007 2.86933e+007 2.86933e+007 2.86933e+007 2.86933e+007 2.86933e+007 2.86933e+007 2.86933e+007 2.86933e+007 2.86933e+007 2.86933e+007 2.86933e+007 2.86933e+007 2.86933e+007 2.86933e+007 2.86933e+007 2.86933e+007 2.86933e+007 2.86933e+007 2.86933e+007 2.86933e+007 2.86933e+007 2.86933e+007 2.86933e+007 2.86933e+007 2.86933e+007 2.86933e+007 2.86933e+007 2.86933e+007 0 0 0 0 0 0 0 0 0 0 0 0 0 0 0 0 0 0 0 0 0 0 0 0 0
#obs survey bio
 2.936e+006 4.27248e+006 3.26884e+006 2.59208e+006 2.47069e+006 1.67299e+006 1.2569e+006 1.65192e+006 1.32231e+006 1.34418e+006 1.28305e+006 801851 977537 822139 635524 393695 955094 695915 443068 526950 388824 413127 463735 386626 404924 683744 679309 496400 606374 767965 495539 751063 670627 518287 733123 589362 854322 789173 584808 720608 541927 496375 617684 644218 672405 682155 643003 932342 1.1449e+006 774914 665134 745432 776185 996444 1.07946e+006 729952 918320 558796 958527 913027 701960
#pred catch bio
 277802 265827 289959 318334 332705 319839 304980 274362 242470 250507 241008 203704 176539 172353 152813 145374 131054 122228 114618 106995 104332 110616 98807.1 104643 91343.1 98179.4 98283.2 92401.6 97496.6 92186.2 89882.7 91535.1 104264 98385.4 100354 100457 101312 102532 111141 104938 111264 113327 112396 108838 110023 103785 62186.9 74063.7 103199 120203 123552 114918 112617 115772 103873 120111 129984 121784 102787 112366 119204 91101.7 100666 99789 103778 112146 122460 132832 142205 150123 156508 161487 165271 168093 170165 171668 172750 173521 174068 174454 174726 174917 175050 175143 175207 175252 175284 175305 175320 175330 175338 175343 175346 175348 175350 175351 175352 175352 175353 175353 175353 175353 175353 175354 175354 175354 175354 175354 175354 175354 175354 175354 175354 175354 175354 175354 175354 175354 175354 175354 175354 175354 175354 175354 175354 175354 175354 175354 175354 175354 175354 175354 175354 175354 175354 175354 175354 175354 175354 175354 175354 175354 175354 175354 175354 175354 175354 175354 175354 175354 175354 175354 175354 175354 175354 175354 175354 175354 175354 175354 175354 0 0 0 0 0 0 0 0 0 0 0 0 0 0 0 0 0 0 0 0 0 0 0 0 0
#obs catch bio
 227208 265102 289522 318978 333400 321189 309086 277426 244934 252062 241869 204070 176746 172524 153576 147229 131024 122325 115358 107656 105313 111532 99492.4 105902 92411.4 99194.1 98886.2 92577.4 98117.8 92325.2 90104.5 91501.4 104361 98307.6 100533 100930 101670 102441 111394 105104 111926 114255 113175 109852 111139 105029 62210.3 74176.7 103331 120360 123718 115360 112898 116251 103627 119969 130045 122224 102718 112217 119295
#pred cpue bio
 3.11323e+006 2.84747e+006 2.61281e+006 2.36897e+006 2.11142e+006 1.85385e+006 1.62345e+006 1.41947e+006 1.25584e+006 1.13136e+006 998252 872232 783897 723024 662924 620425 581983 555464 535763 522981 518469 517125 507957 512035 509786 523707 530645 536897 549735 556861 570169 586948 602870 604351 612630 619753 627956 636163 643714 641933 648099 648362 647163 647891 653754 659120 672334 736357 790012 809045 805770 797310 798952 803610 803494 814982 805967 782717 765754 767853 755141 2.54522e+007 1.49459e+007 1.48623e+007 1.55134e+007 1.68361e+007 1.84649e+007 2.01149e+007 2.16248e+007 2.29228e+007 2.39931e+007 2.48504e+007 2.55233e+007 2.60443e+007 2.64439e+007 2.67488e+007 2.69807e+007 2.7157e+007 2.72912e+007 2.73936e+007 2.7472e+007 2.75323e+007 2.75788e+007 2.76149e+007 2.76431e+007 2.76652e+007 2.76825e+007 2.76962e+007 2.77071e+007 2.77157e+007 2.77226e+007 2.77281e+007 2.77325e+007 2.77361e+007 2.7739e+007 2.77413e+007 2.77432e+007 2.77447e+007 2.7746e+007 2.7747e+007 2.77478e+007 2.77485e+007 2.77491e+007 2.77495e+007 2.77499e+007 2.77502e+007 2.77504e+007 2.77506e+007 2.77508e+007 2.77509e+007 2.7751e+007 2.77511e+007 2.77512e+007 2.77512e+007 2.77513e+007 2.77513e+007 2.77514e+007 2.77514e+007 2.77514e+007 2.77514e+007 2.77515e+007 2.77515e+007 2.77515e+007 2.77515e+007 2.77515e+007 2.77515e+007 2.77515e+007 2.77515e+007 2.77515e+007 2.77515e+007 2.77515e+007 2.77515e+007 2.77515e+007 2.77515e+007 2.77515e+007 2.77515e+007 2.77515e+007 2.77515e+007 2.77515e+007 2.77515e+007 2.77515e+007 2.77515e+007 2.77515e+007 2.77515e+007 2.77515e+007 2.77515e+007 2.77515e+007 2.77515e+007 2.77515e+007 2.77515e+007 2.77515e+007 2.77515e+007 2.77515e+007 2.77515e+007 2.77515e+007 2.77515e+007 2.77515e+007 2.77515e+007 2.77515e+007 2.77515e+007 2.77515e+007 0 0 0 0 0 0 0 0 0 0 0 0 0 0 0 0 0 0 0 0 0 0 0 0 0
#obs cpue bio
 3.03282e+006 2.65049e+006 1.96892e+006 1.53968e+006 1.86483e+006 1.63558e+006 1.0346e+006 1.23311e+006 1.0142e+006 1.35553e+006 916026 972254 626029 719436 506084 609495 682928 430344 444002 478467 498015 752323 450085 539297 411815 484532 520595 688883 397108 533104 595638 574571 610341 716704 449198 495335 502739 728592 634338 516308 589891 666408 691412 463438 575613 596219 613708 905990 816017 828360 981825 601994 925286 633414 864791 1.05661e+006 671099 828689 704103 894826 749240
#pred surv len freq
 0.00527121 0.00855691 0.0128731 0.0181914 0.0243675 0.031057 0.0376865 0.0435916 0.0482635 0.051516 0.0534597 0.0543563 0.0544879 0.0540977 0.0533794 0.0524872 0.0515501 0.0506688 0.0498652 0.0489802 0.0475896 0.0450569 0.0407988 0.0346666 0.0271808
 0.00552397 0.00890798 0.0132958 0.0186368 0.0247959 0.0314773 0.0381752 0.0442668 0.04922 0.0527587 0.0548805 0.0557703 0.0557063 0.0549933 0.0539119 0.0526827 0.0514532 0.0502953 0.0491802 0.0479186 0.0461115 0.0432105 0.0387466 0.0326489 0.025432
 0.00585704 0.00943288 0.0140507 0.0196353 0.0260136 0.0328402 0.039563 0.0455432 0.0502876 0.0536047 0.0555728 0.0563995 0.0563125 0.0555334 0.054285 0.0527863 0.0512237 0.049709 0.0482294 0.0465959 0.0444268 0.0412304 0.0366211 0.0305916 0.0236541
 0.0061133 0.00986262 0.0147212 0.0206155 0.0273565 0.0345549 0.0415853 0.0477255 0.0524208 0.05547 0.0570045 0.0573294 0.0567735 0.0556175 0.0540805 0.0523313 0.050501 0.0486734 0.0468406 0.0448417 0.0423411 0.0389105 0.0342336 0.028347 0.0217486
 0.00640181 0.0103246 0.0154051 0.021566 0.0286117 0.0361382 0.0434908 0.0499007 0.0547555 0.0577977 0.0591209 0.0590294 0.0579003 0.0561016 0.0539464 0.0516651 0.0493976 0.0471965 0.0450171 0.0426887 0.0399059 0.0363025 0.0316286 0.0259545 0.0197527
 0.00674526 0.0108726 0.0162106 0.0226712 0.0300413 0.0378888 0.0455203 0.0521262 0.0570646 0.0600656 0.0612199 0.0608281 0.0592633 0.0569038 0.0541012 0.0511488 0.0482514 0.0455032 0.0428705 0.0401815 0.0371431 0.0334268 0.0288283 0.0234364 0.0176872
 0.00700243 0.0113009 0.0168738 0.0236345 0.0313573 0.0395758 0.047541 0.0543821 0.0594128 0.0623507 0.0633011 0.0625914 0.0606174 0.0577702 0.0544093 0.0508433 0.0473084 0.0439438 0.0407636 0.0376377 0.0343108 0.0304906 0.0260006 0.0209265 0.0156539
 0.00723822 0.0116819 0.0174441 0.024437 0.0324297 0.0409421 0.0491983 0.0562885 0.061484 0.064466 0.0653194 0.0643711 0.0620353 0.0587324 0.0548506 0.0507199 0.0465942 0.0426361 0.0388977 0.0353005 0.0316473 0.0276985 0.0233063 0.0185441 0.0137366
 0.0074601 0.0120336 0.0179569 0.0251356 0.0333298 0.0420468 0.0504933 0.0577395 0.0630396 0.0660635 0.0668877 0.0658292 0.0632927 0.059694 0.0554265 0.0508358 0.0461974 0.0417014 0.0374359 0.0333723 0.0293751 0.0252644 0.0209276 0.0164287 0.0120326
 0.00758782 0.0122465 0.018287 0.0256157 0.0339866 0.0428907 0.0515086 0.0588833 0.064252 0.0672831 0.0680627 0.0669186 0.0642572 0.0604865 0.0559864 0.0510915 0.0460769 0.0411475 0.036424 0.0319284 0.027589 0.023289 0.0189565 0.0146528 0.0105916
 0.00781436 0.0126072 0.018816 0.0263394 0.0349192 0.0440265 0.0528127 0.060288 0.0656635 0.0685994 0.0691935 0.0678006 0.0648602 0.0608075 0.0560354 0.0508736 0.0455814 0.0403504 0.0353041 0.030493 0.0258967 0.0214578 0.0171477 0.0130315 0.00928039
 0.00809807 0.0130577 0.0194733 0.0272323 0.0360582 0.0453944 0.0543551 0.061911 0.0672471 0.0700198 0.0703454 0.0686106 0.0652918 0.0608601 0.0557369 0.0502679 0.0447114 0.0392461 0.0339836 0.0289771 0.0242324 0.0197334 0.015487 0.0115647 0.00810466
 0.00823301 0.0132809 0.0198164 0.0277276 0.0367328 0.04626 0.0553975 0.063085 0.0684802 0.0712241 0.0714306 0.0694949 0.0659102 0.0611708 0.0557251 0.0499438 0.0441035 0.038391 0.032919 0.0277433 0.0228823 0.0183427 0.0141536 0.0103892 0.00716255
 0.00829743 0.013381 0.0199595 0.0279204 0.0369838 0.0465823 0.055808 0.0635994 0.0691043 0.0719448 0.0722109 0.070276 0.0666199 0.0617358 0.0560835 0.0500539 0.0439485 0.037978 0.0322741 0.0269085 0.0219148 0.0173163 0.0131537 0.00949979 0.00644531
 0.00843873 0.0136011 0.0202725 0.0283313 0.0374871 0.0471598 0.0564285 0.0642228 0.0696913 0.0724679 0.0726593 0.0706494 0.066917 0.0619445 0.0561787 0.0500044 0.0437269 0.0375703 0.031686 0.0261672 0.0210682 0.0164296 0.0123009 0.00874991 0.00584652
 0.00842177 0.0135905 0.0202878 0.0284011 0.037641 0.0474172 0.0567877 0.064659 0.0701639 0.0729333 0.0730828 0.071011 0.0672102 0.0621694 0.0563324 0.0500747 0.0436923 0.0374073 0.0313801 0.0257228 0.0205135 0.0158143 0.0116874 0.00819836 0.00540021
 0.00850991 0.0137123 0.0204323 0.0285482 0.0377709 0.0475238 0.0568869 0.0647828 0.0703433 0.0731799 0.07338 0.0713214 0.0674921 0.0623911 0.0564779 0.0501388 0.0436721 0.0372965 0.031171 0.0254139 0.0201184 0.0153653 0.0112305 0.00778137 0.00505935
 0.00871545 0.0140082 0.020806 0.0289612 0.0381672 0.0478455 0.0570897 0.0648478 0.0702827 0.0730349 0.0732096 0.071182 0.067417 0.0623816 0.0565097 0.0501764 0.0436824 0.0372546 0.0310611 0.0252297 0.0198656 0.0150639 0.0109128 0.00748365 0.00481116
 0.0088506 0.0142273 0.0211322 0.0294097 0.0387346 0.0484978 0.0577555 0.0654274 0.0706765 0.0731792 0.0731007 0.0708747 0.0670003 0.0619455 0.0561175 0.049854 0.0434228 0.0370323 0.0308469 0.0250017 0.0196152 0.014797 0.0106469 0.00724159 0.0046123
 0.00890254 0.0143121 0.0212611 0.0295947 0.0389879 0.0488279 0.0581612 0.0658895 0.0711519 0.0736034 0.0734019 0.0709971 0.0669264 0.0617038 0.0557706 0.0494729 0.043062 0.0367172 0.0305762 0.0247603 0.0193876 0.0145766 0.0104381 0.00705599 0.00446125
 0.00888259 0.0142821 0.021221 0.0295475 0.0389407 0.0487929 0.0581562 0.0659355 0.0712672 0.0737948 0.0736557 0.0712767 0.0671803 0.0618821 0.0558446 0.0494447 0.0429593 0.0365768 0.0304275 0.0246172 0.0192515 0.0144451 0.0103121 0.00694103 0.00436497
 0.00884959 0.0142297 0.0211448 0.0294448 0.0388121 0.0486443 0.0580004 0.065793 0.0711639 0.0737568 0.0737021 0.0714129 0.067392 0.0621363 0.0560969 0.0496534 0.0430989 0.0366439 0.0304356 0.0245861 0.019198 0.0143803 0.0102431 0.0068744 0.00430675
 0.00895449 0.014384 0.0213465 0.0296807 0.0390604 0.0488797 0.0581988 0.0659345 0.0712359 0.0737568 0.0736401 0.0713092 0.0672719 0.0620211 0.0559965 0.0495643 0.0430085 0.0365396 0.0303127 0.0244493 0.0190583 0.0142491 0.010129 0.00678181 0.00423683
 0.00893998 0.0143625 0.0213177 0.0296452 0.0390183 0.0488301 0.0581393 0.0658634 0.0711545 0.0736723 0.0735649 0.0712585 0.0672593 0.0620542 0.0560748 0.0496777 0.0431394 0.0366665 0.0304164 0.0245184 0.0190912 0.0142525 0.0101133 0.00675755 0.00421201
 0.00890324 0.0143175 0.0212771 0.029629 0.0390478 0.0489177 0.0582809 0.0660366 0.0713261 0.0738082 0.0736414 0.0712675 0.0672091 0.0619654 0.0559726 0.0495841 0.0430671 0.0366171 0.030383 0.0244907 0.0190614 0.0142177 0.0100757 0.00672153 0.0041817
 0.00866903 0.013959 0.0207806 0.0290009 0.0383177 0.0481395 0.057531 0.0654053 0.0708967 0.0736334 0.0737274 0.0715767 0.0676774 0.0625238 0.056563 0.0501655 0.0436138 0.037113 0.0308165 0.0248531 0.0193476 0.0144286 0.0102189 0.00681026 0.00423125
 0.00860982 0.013849 0.0205903 0.0286965 0.0378719 0.0475475 0.0568247 0.0646556 0.0701998 0.0730869 0.0734052 0.0715137 0.0678645 0.0629154 0.0570922 0.0507618 0.0442174 0.037681 0.031322 0.0252811 0.0196915 0.0146886 0.0104023 0.00692939 0.00430193
 0.00864809 0.0138956 0.0206305 0.0287039 0.0378112 0.0473824 0.056528 0.0642193 0.069645 0.0724673 0.0728026 0.0710199 0.0675576 0.0628379 0.0572415 0.051096 0.0446712 0.0381852 0.031818 0.0257273 0.020064 0.0149785 0.0106119 0.00706947 0.00438775
 0.00852748 0.0137226 0.0204122 0.0284593 0.0375632 0.047145 0.0562981 0.063978 0.0693687 0.0721436 0.0724425 0.0706621 0.0672614 0.0626673 0.0572448 0.0512895 0.0450335 0.0386644 0.0323479 0.0262448 0.0205216 0.015349 0.0108879 0.00725858 0.00450646
 0.00850888 0.0136812 0.0203305 0.0283176 0.0373482 0.0468615 0.0559744 0.0636595 0.0690983 0.0719411 0.0722978 0.0705476 0.0671551 0.0625714 0.0571877 0.0513117 0.0451663 0.0389132 0.0326879 0.0266303 0.0209017 0.0156824 0.0111511 0.00744653 0.00462814
 0.00848235 0.0136334 0.0202495 0.0281879 0.0371532 0.046588 0.0556203 0.0632401 0.0686498 0.071516 0.0719516 0.070321 0.0670612 0.0625961 0.0573047 0.0514997 0.0454168 0.0392247 0.0330535 0.0270288 0.0212988 0.0160416 0.0114448 0.00766352 0.00477275
 0.00839412 0.0135001 0.0200674 0.0279594 0.0368845 0.046286 0.0552909 0.0628897 0.0682885 0.0711614 0.0716311 0.0700695 0.0669132 0.062575 0.0574144 0.0517244 0.0457301 0.039599 0.0334645 0.0274531 0.0217105 0.016413 0.0117528 0.00789596 0.00493144
 0.00835227 0.0134265 0.019947 0.0277762 0.0366274 0.0459559 0.054906 0.0624838 0.0679007 0.0708241 0.071363 0.0698782 0.066803 0.0625526 0.057488 0.051898 0.045997 0.0399413 0.0338558 0.0278637 0.0221104 0.0167748 0.012055 0.00812715 0.00509204
 0.00844733 0.01357 0.0201414 0.028014 0.0368896 0.0462131 0.0551204 0.0626154 0.0679178 0.0707139 0.0711362 0.0695644 0.0664412 0.0621827 0.0571466 0.0516167 0.0458001 0.0398414 0.0338516 0.0279399 0.0222418 0.0169319 0.0122102 0.00826008 0.0051923
 0.00844912 0.0135784 0.0201638 0.02806 0.0369678 0.0463254 0.0552579 0.0627571 0.0680346 0.0707762 0.0711225 0.0694678 0.0662715 0.0619636 0.0569096 0.0513947 0.0456217 0.0397272 0.0338113 0.0279703 0.0223279 0.0170506 0.0123366 0.00837352 0.00528081
 0.00839988 0.0135093 0.0200805 0.0279757 0.0369006 0.0462938 0.0552753 0.0628283 0.0681531 0.0709236 0.0712704 0.0695842 0.0663299 0.0619511 0.056831 0.0512706 0.0454821 0.0396032 0.0337272 0.0279387 0.0223477 0.0171091 0.0124148 0.0084526 0.00534729
 0.00831973 0.0133868 0.0199113 0.0277626 0.036655 0.0460361 0.0550348 0.0626395 0.0680483 0.0709221 0.0713716 0.0697663 0.0665556 0.0621786 0.0570255 0.0514126 0.0455707 0.0396531 0.0337606 0.0279763 0.0224014 0.0171795 0.0124937 0.0085283 0.00541011
 0.00836083 0.0134319 0.0199396 0.0277424 0.0365535 0.0458347 0.0547418 0.0622919 0.0677018 0.070635 0.0711889 0.0697102 0.0666228 0.0623433 0.0572474 0.0516489 0.0457871 0.0398314 0.0338997 0.0280862 0.022495 0.0172656 0.0125739 0.00859912 0.00546709
 0.00838934 0.0134812 0.0200174 0.0278536 0.0366936 0.0459834 0.0548606 0.0623339 0.0676306 0.0704449 0.0709124 0.0694078 0.0663595 0.062166 0.0571727 0.051664 0.0458614 0.0399308 0.0339983 0.0281714 0.0225655 0.0173254 0.0126265 0.00864503 0.00550474
 0.00845324 0.013584 0.0201702 0.0280657 0.0369703 0.0463213 0.0552424 0.0627239 0.0679763 0.0706863 0.0709989 0.0693165 0.0661069 0.0618039 0.0567704 0.0512845 0.0455437 0.0396863 0.0338187 0.0280414 0.022472 0.0172602 0.0125849 0.00862243 0.00549567
 0.00846053 0.013595 0.0201856 0.0280867 0.037 0.046366 0.0553116 0.0628273 0.0681181 0.0708587 0.0711786 0.0694671 0.0661902 0.0617953 0.0566701 0.0511183 0.0453519 0.0395067 0.0336746 0.027939 0.022406 0.0172212 0.0125641 0.00861358 0.00549394
 0.00846538 0.0136099 0.0202207 0.028155 0.0371129 0.0465275 0.0555138 0.0630514 0.0683409 0.07106 0.0713447 0.0695887 0.0662574 0.0617959 0.056594 0.0509655 0.045138 0.0392612 0.0334312 0.027725 0.022236 0.0170975 0.012481 0.008562 0.00546465
 0.00848431 0.0136386 0.0202603 0.0282066 0.0371789 0.0466127 0.055625 0.0631938 0.0685134 0.0712514 0.0715347 0.0697534 0.0663756 0.0618531 0.0565829 0.050885 0.0449941 0.0390686 0.0332131 0.0275082 0.0220437 0.0169438 0.0123697 0.00848855 0.0054205
 0.00844811 0.0135896 0.0202048 0.0281563 0.0371476 0.0466112 0.0556575 0.0632586 0.0686056 0.0713667 0.0716693 0.0699008 0.0665239 0.0619854 0.0566805 0.0509328 0.0449845 0.0390035 0.0331039 0.0273738 0.0219056 0.0168205 0.0122723 0.00841995 0.00537724
 0.00837566 0.0134764 0.0200437 0.0279459 0.0368948 0.0463338 0.055385 0.0630282 0.0684537 0.0713173 0.0717281 0.0700561 0.0667526 0.0622587 0.056968 0.0512053 0.0452169 0.0391791 0.0332168 0.0274295 0.0219181 0.0168075 0.0122496 0.00839811 0.00536114
 0.00833514 0.0134093 0.0199408 0.027798 0.0366957 0.0460841 0.0550962 0.0627248 0.0681704 0.0710928 0.071596 0.0700371 0.0668494 0.0624562 0.0572376 0.0515113 0.0455235 0.0394557 0.0334426 0.0275952 0.0220263 0.0168691 0.0122793 0.00840952 0.00536407
 0.00813115 0.0131083 0.0195445 0.0273274 0.0361844 0.0455675 0.0546041 0.0622811 0.0677968 0.0708126 0.0714336 0.0700141 0.0669784 0.0627344 0.057644 0.0520088 0.0460649 0.0399922 0.0339324 0.0280093 0.0223512 0.0171058 0.0124395 0.00851035 0.00542313
 0.00765533 0.0123549 0.0184517 0.0258606 0.0343533 0.0434471 0.0523495 0.0601166 0.0659704 0.0695324 0.0708194 0.0700851 0.0676724 0.0639381 0.0592195 0.0538109 0.0479534 0.0418409 0.0356369 0.0294937 0.0235716 0.0180507 0.0131255 0.00897501 0.00571501
 0.00759895 0.0122137 0.0181474 0.0252894 0.0334114 0.0420724 0.050562 0.0580359 0.0638008 0.0675215 0.0692087 0.0690633 0.0673425 0.0643056 0.0602022 0.055266 0.0497088 0.0437223 0.0374868 0.031185 0.0250159 0.0192028 0.0139815 0.00956503 0.00609027
 0.0078113 0.0125365 0.0185868 0.0258237 0.0339808 0.042572 0.0508464 0.0579464 0.0632167 0.0664186 0.0676902 0.0673451 0.0656955 0.062982 0.0593764 0.0550047 0.0499743 0.0443995 0.0384202 0.0322148 0.0260057 0.0200568 0.0146508 0.0100432 0.00640165
 0.00793439 0.0127575 0.0189564 0.0263971 0.0347983 0.0436289 0.0520651 0.0591684 0.0642264 0.0669936 0.0676641 0.0666618 0.064437 0.0613559 0.0576619 0.053476 0.0488306 0.0437266 0.0381927 0.0323286 0.0263234 0.0204484 0.0150205 0.0103384 0.0066078
 0.0078882 0.0127097 0.0189366 0.0264551 0.0349968 0.0440293 0.0527073 0.0600502 0.0652863 0.0681027 0.0686375 0.0672963 0.0645699 0.0609242 0.0567341 0.0522382 0.047529 0.0425908 0.0373717 0.0318644 0.0261662 0.0204975 0.015169 0.0105041 0.00674499
 0.0077095 0.0124396 0.0185702 0.0260068 0.0345038 0.0435527 0.0523306 0.0598697 0.065388 0.0685306 0.0693646 0.0682135 0.065503 0.0616783 0.0571545 0.052265 0.0472186 0.0420909 0.0368604 0.0314829 0.0259778 0.0204867 0.0152725 0.0106498 0.00688005
 0.00752947 0.0121555 0.0181597 0.0254577 0.0338201 0.0427624 0.051494 0.0590801 0.0647602 0.0681777 0.0693692 0.0686022 0.0662289 0.0626208 0.0581433 0.0531272 0.0478341 0.0424303 0.0369839 0.0315003 0.0259924 0.0205551 0.0153971 0.0107995 0.00701879
 0.00753746 0.0121426 0.0180925 0.0252892 0.033502 0.0422646 0.0508227 0.0582852 0.0639283 0.0674161 0.068788 0.0682957 0.0662562 0.0629865 0.0587861 0.0539277 0.0486465 0.043129 0.037503 0.0318447 0.0262156 0.0207198 0.0155435 0.0109376 0.00713963
 0.00753059 0.0121268 0.0180586 0.0252215 0.0333761 0.0420485 0.0504815 0.0577933 0.0632859 0.0666636 0.0680092 0.0676046 0.0657706 0.0627974 0.058932 0.0543808 0.049318 0.0438938 0.0382392 0.0324693 0.0266997 0.0210774 0.0158061 0.0111327 0.00728291
 0.00754379 0.0121598 0.0181286 0.0253489 0.0335761 0.0423178 0.0507877 0.0580737 0.0634599 0.0666565 0.067778 0.0671578 0.0651743 0.0621621 0.0583824 0.0540183 0.0491894 0.0439804 0.0384716 0.0327601 0.0269771 0.0213033 0.0159738 0.011252 0.00736667
 0.00750132 0.0121113 0.018094 0.0253611 0.0336736 0.0425322 0.0511301 0.0585252 0.0639689 0.0671434 0.0681491 0.0673273 0.0650913 0.0618323 0.0578729 0.0534392 0.048658 0.0435833 0.0382411 0.0326758 0.0269884 0.0213575 0.0160347 0.0113032 0.00740464
 0.0073319 0.0118585 0.0177571 0.024958 0.033241 0.0421222 0.0508053 0.0583488 0.0639893 0.0673748 0.0685586 0.0678371 0.0655974 0.0622353 0.0581093 0.0535013 0.0485927 0.0434685 0.0381514 0.0326542 0.0270378 0.0214527 0.0161424 0.0113985 0.00747627
 0.00695776 0.0112866 0.0169654 0.0239541 0.0320634 0.0408403 0.0495192 0.0571853 0.0630845 0.066846 0.0684746 0.0681999 0.0663398 0.0632357 0.0592211 0.0545895 0.0495658 0.0442924 0.0388389 0.0332387 0.0275464 0.021893 0.0165076 0.0116798 0.00767426
 0.00657461 0.0106957 0.0161368 0.0228839 0.0307767 0.0393929 0.0480007 0.0557165 0.0618039 0.0658851 0.067935 0.0681372 0.0667566 0.0640798 0.0603901 0.0559474 0.05097 0.0456245 0.0400251 0.0342506 0.0283858 0.0225725 0.0170389 0.0120738 0.00794611
#obs surv len freq
 0.0049669 0.00813558 0.0123743 0.017696 0.0239737 0.0308411 0.0376724 0.043745 0.0485112 0.0517734 0.0536534 0.0544377 0.0544446 0.0539678 0.0532639 0.0525434 0.0519497 0.0515174 0.0511084 0.050354 0.0486722 0.0454322 0.0402571 0.0333162 0.0253926
 0.00517445 0.00847697 0.0128957 0.0184434 0.0249848 0.0321312 0.0392199 0.0454849 0.0503419 0.0535748 0.0553053 0.0558325 0.0554933 0.0546009 0.0534309 0.0522135 0.0511157 0.0502022 0.0493722 0.0482986 0.0464393 0.043192 0.0381847 0.0315577 0.024033
 0.00539361 0.00883465 0.0134369 0.0192118 0.0260155 0.0334389 0.0407859 0.0472511 0.0522172 0.0554498 0.0570669 0.0573734 0.0567168 0.055424 0.0537862 0.0520514 0.0504074 0.048947 0.0476095 0.0461199 0.0439943 0.0406785 0.0358178 0.0295241 0.0224476
 0.00563621 0.00923151 0.0140386 0.0200669 0.0271608 0.034885 0.0425021 0.0491613 0.0542121 0.0574089 0.0588775 0.0589392 0.057957 0.0562693 0.0541753 0.0519309 0.0497356 0.0477039 0.0458125 0.0438438 0.0413845 0.0379459 0.0332057 0.0272535 0.0206619
 0.0058883 0.00964459 0.0146664 0.0209614 0.0283624 0.0364063 0.0443117 0.0511778 0.0563154 0.0594638 0.0607569 0.0605377 0.0591942 0.0570864 0.0545278 0.0517806 0.049048 0.0464548 0.0440055 0.0415358 0.0387074 0.0351082 0.0304619 0.0248446 0.018752
 0.00615601 0.010081 0.0153254 0.0218939 0.0296069 0.0379735 0.0461685 0.0532412 0.0584636 0.0615586 0.0626659 0.0621488 0.0604212 0.0578688 0.0548262 0.051569 0.0483067 0.0451703 0.0421832 0.0392246 0.0360258 0.0322534 0.0276843 0.0223899 0.0167934
 0.0063928 0.0104736 0.0159303 0.0227684 0.0307967 0.0394946 0.0479886 0.0552746 0.060584 0.0636249 0.0645462 0.0637328 0.0616244 0.0586309 0.0551077 0.0513461 0.0475658 0.0439066 0.0404088 0.0369885 0.0334381 0.0294969 0.0249948 0.0200033 0.0148807
 0.0066153 0.0108392 0.016488 0.023567 0.0318767 0.0408737 0.0496461 0.0571436 0.0625586 0.0655777 0.0663481 0.0652686 0.0628018 0.0593838 0.0553951 0.0511457 0.0468682 0.042713 0.038737 0.0348891 0.0310153 0.0269191 0.0224786 0.0177669 0.0130839
 0.00684431 0.0112115 0.0170485 0.0243573 0.0329273 0.0421919 0.0512032 0.0588705 0.0643555 0.0673325 0.0679532 0.0666302 0.0638429 0.0600452 0.055635 0.0509389 0.0462037 0.0415928 0.0371811 0.0329479 0.0287868 0.0245569 0.0201779 0.0157235 0.0114417
 0.00706886 0.0115818 0.017615 0.0251688 0.0340194 0.0435697 0.052825 0.0606447 0.0661568 0.0690295 0.0694331 0.0678106 0.064671 0.0604914 0.0556849 0.0505872 0.0454507 0.0404459 0.0356616 0.0311037 0.0267072 0.0223792 0.0180746 0.0138657 0.0099537
 0.00728101 0.0119286 0.0181403 0.0259146 0.0350178 0.0448291 0.0543162 0.0622942 0.067855 0.0706499 0.0708545 0.0689341 0.0654302 0.0608536 0.0556459 0.0501605 0.0446579 0.0393111 0.0342152 0.0293944 0.0248156 0.0204248 0.0162047 0.0122252 0.00864586
 0.00745233 0.0122126 0.0185778 0.0265466 0.0358764 0.0459241 0.0556214 0.0637435 0.0693519 0.0720866 0.0721285 0.0699593 0.0661412 0.061209 0.0556286 0.0497761 0.0439284 0.0382692 0.0329021 0.0278643 0.0231455 0.0187195 0.0145885 0.0108172 0.00752932
 0.00751301 0.0123153 0.0187407 0.0267916 0.0362278 0.0464045 0.0562454 0.0645113 0.0702442 0.0730622 0.0731268 0.0709057 0.0669568 0.0618209 0.0559792 0.0498284 0.043668 0.0377038 0.03206 0.026795 0.0219212 0.0174348 0.0133516 0.00972972 0.00666198
 0.00757818 0.012412 0.0188698 0.0269496 0.0364105 0.0466122 0.0564866 0.0648022 0.0706038 0.073505 0.073654 0.0714988 0.067575 0.0624049 0.0564595 0.050138 0.0437538 0.0375355 0.0316353 0.0261415 0.0210959 0.0165196 0.0124413 0.00891368 0.0060034
 0.00767563 0.0125611 0.0190764 0.0272113 0.0367161 0.0469424 0.0568155 0.0651028 0.070857 0.0737087 0.0738252 0.0716659 0.0677631 0.0626203 0.0566828 0.0503259 0.043851 0.0374896 0.0314119 0.0257354 0.0205357 0.0158641 0.0117671 0.00829644 0.00549872
 0.00772732 0.0126451 0.0192023 0.0273869 0.0369443 0.0472172 0.0571192 0.0654066 0.0711276 0.0739191 0.0739637 0.0717403 0.0677968 0.0626422 0.0567139 0.0503682 0.0438831 0.0374729 0.0313048 0.0255104 0.0201923 0.0154325 0.0113004 0.00785428 0.00512862
 0.00778864 0.0127377 0.0193285 0.0275449 0.0371293 0.0474234 0.05734 0.0656335 0.0713485 0.074117 0.0741206 0.0718414 0.067837 0.0626293 0.0566658 0.0503042 0.0438134 0.0373919 0.0311926 0.0253433 0.0199574 0.0151379 0.0109754 0.00753904 0.00485933
 0.00782219 0.0127902 0.0194036 0.0276438 0.0372504 0.047561 0.057485 0.0657746 0.0714759 0.0742252 0.0742086 0.0719099 0.0678854 0.0626546 0.0566659 0.0502805 0.0437702 0.0373314 0.0311112 0.0252316 0.0198066 0.0149488 0.0107625 0.00732713 0.00467368
 0.00786483 0.0128551 0.0194929 0.0277567 0.0373828 0.0477066 0.0576352 0.065919 0.0716029 0.074325 0.074275 0.0719422 0.067887 0.0626314 0.0566233 0.0502224 0.0436987 0.0372478 0.0310148 0.0251198 0.0196765 0.0148011 0.010605 0.00717383 0.00454002
 0.0078977 0.0129048 0.0195607 0.0278409 0.0374793 0.0478095 0.0577375 0.0660133 0.0716827 0.0743861 0.0743158 0.0719632 0.0678902 0.0626189 0.0565973 0.0501847 0.0436507 0.0371898 0.0309463 0.0250393 0.0195835 0.0146971 0.0104954 0.00706779 0.00444749
 0.00789106 0.0128937 0.0195435 0.0278162 0.0374464 0.0477693 0.0576933 0.0659709 0.0716496 0.0743696 0.0743212 0.0719927 0.0679418 0.0626871 0.0566738 0.0502607 0.043718 0.0372419 0.0309787 0.0250495 0.0195709 0.014664 0.0104476 0.0070134 0.00439542
 0.0078959 0.0128944 0.0195313 0.0277792 0.0373732 0.0476549 0.0575434 0.0658029 0.0714877 0.074238 0.0742385 0.0719684 0.0679762 0.0627727 0.0567975 0.0504061 0.0438684 0.0373826 0.031098 0.0251402 0.01963 0.014693 0.0104517 0.00700084 0.00437506
 0.00789726 0.0128956 0.0195308 0.0277738 0.0373574 0.0476207 0.0574823 0.0657083 0.0713603 0.0740889 0.0740888 0.071844 0.0678996 0.0627567 0.0568422 0.0505009 0.043996 0.0375234 0.0312339 0.0252571 0.0197196 0.0147526 0.0104841 0.00701238 0.00437373
 0.00788473 0.0128741 0.0194966 0.0277229 0.0372871 0.047531 0.0573764 0.0655928 0.0712427 0.0739758 0.073986 0.0717583 0.0678406 0.0627355 0.0568678 0.0505756 0.0441133 0.0376687 0.0313888 0.0254036 0.0198435 0.0148466 0.0105472 0.00704903 0.00439121
 0.00790725 0.0129024 0.0195237 0.0277372 0.0372753 0.0474831 0.0572903 0.0654752 0.0711068 0.0738374 0.0738591 0.0716533 0.067764 0.0626915 0.0568597 0.0506058 0.0441811 0.0377686 0.0315097 0.0255304 0.0199614 0.0149441 0.010619 0.00709582 0.00441782
 0.00787717 0.0128596 0.0194703 0.027678 0.0372148 0.0474222 0.0572246 0.0653969 0.0710106 0.0737256 0.0737432 0.0715504 0.0676909 0.062659 0.0568712 0.0506588 0.0442699 0.0378854 0.0316444 0.0256709 0.0200946 0.0150587 0.0107081 0.00715804 0.00445661
 0.00786421 0.0128337 0.0194231 0.0276 0.0370998 0.0472722 0.0570527 0.0652254 0.0708621 0.0736145 0.0736725 0.0715149 0.0676841 0.0626784 0.0569181 0.0507349 0.0443743 0.0380134 0.0317876 0.0258186 0.0202352 0.0151817 0.0108064 0.00722924 0.00450308
 0.00781892 0.0127632 0.0193224 0.0274663 0.0369322 0.0470723 0.0568262 0.0649844 0.0706266 0.0734101 0.0735245 0.0714412 0.0676901 0.0627565 0.0570526 0.0509086 0.0445726 0.0382244 0.032001 0.0260241 0.0204223 0.0153414 0.0109328 0.00732123 0.00456403
 0.00781112 0.0127431 0.0192788 0.0273848 0.0367999 0.0468839 0.0565894 0.0647196 0.0703614 0.0731717 0.0733351 0.0713163 0.0676392 0.0627826 0.0571511 0.0510673 0.044774 0.0384497 0.0322328 0.0262473 0.0206249 0.0155139 0.0110697 0.00742145 0.00463116
 0.00777314 0.0126868 0.0192036 0.0272925 0.0366921 0.0467595 0.0564441 0.0645491 0.0701668 0.0729641 0.0731354 0.0711507 0.0675311 0.0627471 0.0571928 0.0511806 0.0449457 0.0386612 0.0324636 0.0264777 0.0208377 0.0156969 0.0112156 0.00752879 0.00470352
 0.00774639 0.0126387 0.0191232 0.0271684 0.0365165 0.0465345 0.0561851 0.0642824 0.0699212 0.0727613 0.0729855 0.071055 0.0674889 0.0627601 0.0572642 0.0513113 0.0451304 0.0388877 0.0327139 0.0267313 0.0210752 0.0159026 0.0113804 0.00765034 0.00478559
 0.00771604 0.0125878 0.0190438 0.0270515 0.036354 0.0463219 0.0559251 0.0639883 0.069617 0.0724781 0.0727553 0.0709023 0.0674258 0.0627854 0.0573678 0.0514799 0.0453503 0.0391448 0.0329919 0.0270115 0.0213383 0.0161321 0.0115653 0.00778738 0.00487846
 0.00770006 0.0125621 0.0190053 0.0269969 0.0362798 0.0462244 0.0558012 0.0638365 0.0694394 0.0722823 0.0725552 0.0707182 0.0672806 0.062699 0.0573522 0.0515368 0.0454724 0.0393185 0.0332003 0.0272359 0.0215594 0.0163323 0.0117317 0.00791377 0.00496583
 0.0076617 0.0125031 0.018923 0.0268911 0.0361531 0.0460814 0.0556489 0.0636829 0.0692924 0.0721478 0.0724369 0.0706189 0.067205 0.062655 0.0573498 0.0515846 0.0455737 0.0394692 0.0333888 0.0274452 0.0217704 0.0165269 0.0118958 0.00804013 0.0050542
 0.00764122 0.0124702 0.0188742 0.0268239 0.0360664 0.0459772 0.0555325 0.0635629 0.0691783 0.0720474 0.0723542 0.0705542 0.0671569 0.0626234 0.0573377 0.0515982 0.0456201 0.0395529 0.0335084 0.027592 0.02193 0.0166827 0.0120331 0.00814937 0.00513262
 0.00761681 0.012431 0.0188162 0.026744 0.0359632 0.045852 0.0553908 0.0634149 0.0690369 0.0719258 0.0722626 0.0704982 0.0671366 0.062635 0.0573757 0.0516583 0.0457006 0.0396542 0.0336303 0.0277309 0.0220775 0.0168267 0.0121613 0.00825274 0.00520782
 0.00760882 0.0124171 0.0187935 0.0267091 0.0359129 0.0457843 0.0553062 0.0633166 0.068931 0.0718203 0.0721665 0.07042 0.067083 0.0626099 0.0573796 0.051689 0.0457548 0.0397287 0.0337224 0.0278371 0.022192 0.0169408 0.0122655 0.00833896 0.00527208
 0.00758683 0.0123844 0.0187499 0.0266563 0.0358533 0.0457203 0.0552392 0.0632472 0.0688601 0.0717498 0.0720998 0.0703619 0.0670393 0.0625857 0.0573786 0.0517126 0.0458019 0.0397965 0.0338068 0.0279334 0.022294 0.0170414 0.0123569 0.00841489 0.00532915
 0.00757912 0.012371 0.0187284 0.0266241 0.0358091 0.0456653 0.0551775 0.0631852 0.0688042 0.0717037 0.0720634 0.0703329 0.0670157 0.0625677 0.0573691 0.0517156 0.0458212 0.0398337 0.033861 0.0280012 0.0223701 0.0171191 0.0124294 0.00847623 0.00537605
 0.00753091 0.0122968 0.0186245 0.0264903 0.0356486 0.0454849 0.0549883 0.0630025 0.0686454 0.0715856 0.0719979 0.070324 0.0670591 0.0626531 0.0574835 0.0518472 0.0459615 0.0399772 0.0340041 0.0281403 0.022501 0.0172367 0.012529 0.00855473 0.00543297
 0.00755036 0.0123226 0.0186525 0.026513 0.0356572 0.0454722 0.0549514 0.0629433 0.0685697 0.0715004 0.071911 0.0702438 0.0669935 0.0626083 0.0574629 0.0518506 0.0459857 0.0400181 0.0340575 0.0282022 0.022567 0.0173021 0.0125887 0.00860472 0.00547096
 0.00752942 0.0122963 0.0186268 0.0264972 0.0356599 0.045496 0.0549895 0.0629806 0.0685894 0.0714915 0.0718724 0.0701833 0.0669238 0.0625424 0.057411 0.0518189 0.0459764 0.0400299 0.0340868 0.0282442 0.0226163 0.0173533 0.0126367 0.00864555 0.00550238
 0.00753012 0.0122922 0.0186118 0.0264638 0.0356035 0.0454194 0.0549053 0.0629079 0.0685452 0.0714817 0.0718897 0.0702118 0.0669484 0.0625559 0.0574148 0.0518203 0.0459833 0.0400478 0.0341173 0.0282853 0.022664 0.0174024 0.0126824 0.00868404 0.00553171
 0.00748875 0.0122345 0.0185421 0.0263912 0.0355376 0.0453657 0.0548621 0.0628689 0.0685057 0.0714442 0.0718631 0.0702059 0.0669668 0.0625937 0.0574625 0.0518692 0.0460298 0.0400927 0.0341635 0.0283344 0.0227151 0.0174526 0.0127279 0.00872181 0.00556015
 0.00747579 0.0122042 0.0184802 0.0262812 0.0353676 0.0451377 0.0545979 0.0626065 0.0682865 0.071298 0.0718004 0.0702202 0.0670437 0.062717 0.0576168 0.05204 0.0462035 0.040259 0.0343158 0.02847 0.022833 0.0175519 0.0128079 0.00878239 0.0056027
 0.00748681 0.0122237 0.0185116 0.026326 0.0354223 0.0451903 0.0546279 0.0625912 0.0682118 0.0711683 0.0716392 0.0700616 0.0669174 0.0626398 0.0575908 0.0520571 0.0462515 0.0403251 0.0343896 0.0285437 0.0229015 0.0176122 0.0128581 0.00882159 0.00563104
 0.00748681 0.0122237 0.0185116 0.026326 0.0354223 0.0451903 0.0546279 0.0625912 0.0682118 0.0711683 0.0716392 0.0700616 0.0669174 0.0626398 0.0575908 0.0520571 0.0462515 0.0403251 0.0343896 0.0285437 0.0229015 0.0176122 0.0128581 0.00882159 0.00563104
 0.00708956 0.0115942 0.0175975 0.0250978 0.0338882 0.0434141 0.0527418 0.0607865 0.0666994 0.0701244 0.0711642 0.0701683 0.0675475 0.0636888 0.0589321 0.0535605 0.047798 0.0418161 0.0357515 0.0297282 0.0238829 0.0183846 0.0134322 0.00922151 0.00588992
 0.00703845 0.0114667 0.0173241 0.0245873 0.033052 0.0422042 0.0511865 0.0590024 0.0648722 0.0684681 0.0698762 0.0693937 0.0673571 0.0640739 0.0598146 0.0548152 0.0492778 0.0433766 0.0372673 0.0311035 0.0250551 0.0193239 0.0141376 0.00971545 0.00621023
 0.00715991 0.0116685 0.0176308 0.0250111 0.0335735 0.0427515 0.0516274 0.0591688 0.064618 0.0677353 0.0687323 0.0680188 0.0659877 0.0629333 0.0590586 0.0545065 0.0493905 0.0438197 0.0379177 0.0318365 0.025767 0.0199431 0.0146278 0.0100704 0.0064454
 0.00725141 0.0118354 0.0179152 0.0254623 0.0342339 0.0436335 0.052688 0.0602958 0.0656376 0.0684455 0.0689567 0.067665 0.0650876 0.0616436 0.0576162 0.0531564 0.0483181 0.0431138 0.0375713 0.0317752 0.0258874 0.0201464 0.0148401 0.010249 0.00657471
 0.00724298 0.0118325 0.0179325 0.0255247 0.0343758 0.0438946 0.0531048 0.0608869 0.0663857 0.0692813 0.0697549 0.0682645 0.0653364 0.0614545 0.057007 0.052252 0.0473096 0.0421931 0.0368722 0.0313459 0.0256998 0.0201284 0.0149116 0.0103468 0.0066617
 0.0071939 0.0117567 0.0178269 0.0253915 0.0342259 0.0437505 0.0530028 0.0608749 0.0665136 0.0695833 0.0702297 0.06886 0.0659489 0.0619504 0.0572643 0.0522083 0.0469904 0.0417032 0.0363522 0.0309168 0.025425 0.0200079 0.0149029 0.0103956 0.00672431
 0.00706993 0.0115548 0.0175235 0.0249673 0.0336738 0.0430862 0.052274 0.0601624 0.0659183 0.0692045 0.0701417 0.0690929 0.0664769 0.0626896 0.0580863 0.0529721 0.0475852 0.0420835 0.0365454 0.0309983 0.0254751 0.0200776 0.015003 0.0105094 0.00682836
 0.00705059 0.0115138 0.0174435 0.0248254 0.0334453 0.0427527 0.0518324 0.0596316 0.0653417 0.0686471 0.069682 0.0688093 0.066429 0.0628987 0.0585223 0.0535553 0.0482072 0.0426416 0.0369761 0.0312919 0.0256644 0.0202088 0.0151107 0.0106064 0.00691229
 0.00702386 0.0114726 0.0173849 0.0247463 0.03334 0.0426112 0.0516404 0.0593745 0.065012 0.0682536 0.069256 0.0684045 0.0661131 0.0627372 0.0585584 0.0537925 0.048603 0.0431193 0.0374511 0.0317001 0.0259786 0.0204352 0.0152715 0.0107229 0.00699737
 0.00708527 0.0115687 0.0175224 0.0249276 0.0335618 0.0428616 0.0518961 0.0596 0.0651639 0.0682894 0.0691466 0.0681461 0.0657346 0.0622984 0.0581373 0.0534627 0.0484108 0.0430698 0.0375108 0.031816 0.0261019 0.0205372 0.0153451 0.0107735 0.00703267
 0.00709718 0.0115973 0.0175821 0.0250368 0.0337372 0.0431098 0.0522065 0.0599428 0.0654954 0.0685611 0.0693142 0.0681769 0.065614 0.0620368 0.0577727 0.0530558 0.0480297 0.0427693 0.0373164 0.0317202 0.0260756 0.0205467 0.0153656 0.0107927 0.00704745
 0.00705577 0.0115323 0.0174898 0.0249179 0.0336001 0.0429732 0.0520994 0.0598988 0.0655406 0.0687015 0.0695287 0.0684215 0.0658351 0.062187 0.0578253 0.0530126 0.0479196 0.0426372 0.0372057 0.0316577 0.0260646 0.0205727 0.0154078 0.0108346 0.00708046
 0.00694401 0.011347 0.0172051 0.0245104 0.0330574 0.0423064 0.0513535 0.0591537 0.0648963 0.0682532 0.0693415 0.0685137 0.0661752 0.062704 0.0584295 0.0536199 0.048472 0.0431105 0.0376038 0.0319975 0.0263606 0.0208292 0.0156207 0.0109988 0.00719603
 0.00691408 0.0112922 0.0171108 0.0243575 0.0328248 0.0419764 0.0509193 0.058627 0.0643124 0.0676713 0.0688376 0.0681651 0.0660401 0.0628032 0.0587391 0.0540794 0.0490039 0.0436444 0.0380923 0.0324196 0.0267138 0.021118 0.0158497 0.0111712 0.00731672
#pred catch len freq
 0.00544525 0.00852812 0.0122644 0.0164879 0.021084 0.0259851 0.0310893 0.0362051 0.0410806 0.0454721 0.0491889 0.0521086 0.0541857 0.0554542 0.0560168 0.056027 0.0556703 0.0551281 0.0544976 0.0536659 0.0522119 0.0494658 0.0448051 0.0380761 0.029856
 0.00574518 0.00895107 0.0127859 0.0170567 0.0216528 0.0265505 0.0317116 0.0369863 0.0421046 0.0467435 0.0506098 0.0535096 0.0553916 0.0563443 0.0565501 0.0562245 0.0555697 0.0547365 0.05377 0.0525265 0.0506148 0.0474627 0.0425733 0.0358787 0.0279498
 0.00615017 0.00956905 0.0136378 0.0181281 0.0228911 0.0278696 0.0330056 0.0381566 0.0430989 0.0475808 0.0513651 0.0542572 0.056143 0.0570279 0.0570443 0.0564158 0.0553909 0.054164 0.0527959 0.0511423 0.04883 0.0453485 0.0402924 0.0336637 0.0260314
 0.00649691 0.0101185 0.0144386 0.0192167 0.0242857 0.0295588 0.0349315 0.0402036 0.0451015 0.0493578 0.0527703 0.055223 0.0566894 0.0572278 0.056965 0.056076 0.0547571 0.05318 0.0514156 0.049352 0.046666 0.0429157 0.0377705 0.0312808 0.0240013
 0.00689327 0.0107294 0.0152979 0.0203406 0.0256789 0.0312216 0.0368561 0.042357 0.0474046 0.0516719 0.0549054 0.0569726 0.0578837 0.0577803 0.0568858 0.055441 0.0536551 0.0516699 0.0495205 0.0470874 0.0440823 0.0401314 0.0349771 0.0287071 0.0218493
 0.00733811 0.0114142 0.0162581 0.0215868 0.0272012 0.0329961 0.0388465 0.044512 0.0496551 0.0539297 0.0570591 0.0588836 0.0593924 0.0587304 0.057162 0.0550004 0.0525301 0.0499428 0.0472893 0.0444505 0.041153 0.0370646 0.0319779 0.0260015 0.0196247
 0.00769057 0.0119707 0.0170658 0.0226807 0.0286013 0.0347015 0.0408264 0.0466989 0.0519485 0.0562096 0.0592015 0.0607695 0.0609091 0.0597696 0.0576227 0.0548018 0.0516315 0.048359 0.0450918 0.0417596 0.0381308 0.0339139 0.0289317 0.0232901 0.0174236
 0.00799615 0.0124458 0.0177424 0.0235797 0.0297365 0.0360832 0.0424564 0.0485589 0.0539864 0.0583334 0.0612844 0.0626677 0.0624834 0.060902 0.0582214 0.0547986 0.0509815 0.0470483 0.0431532 0.0392861 0.0352821 0.0309078 0.0260184 0.0207064 0.01534
 0.0082675 0.0128628 0.0183263 0.0243376 0.030666 0.0371784 0.04371 0.0499594 0.0555123 0.0599472 0.0629269 0.0642543 0.0639067 0.0620427 0.0589643 0.0550465 0.050664 0.0461288 0.0416382 0.0372406 0.0328408 0.0282727 0.023431 0.0183983 0.0134767
 0.00851141 0.013242 0.018865 0.0250476 0.0315468 0.0382171 0.0448803 0.0512206 0.0568148 0.0612406 0.0641667 0.0654007 0.0649178 0.0628655 0.0595303 0.0552755 0.0504757 0.0454595 0.0404608 0.0355843 0.0308061 0.0260311 0.0211996 0.0163908 0.0118494
 0.00885475 0.0137675 0.0195956 0.0259849 0.0326741 0.0395049 0.0462863 0.0526866 0.0582655 0.0625909 0.0653347 0.0663229 0.0655576 0.0632119 0.0595857 0.0550384 0.0499295 0.0445748 0.0392134 0.0339823 0.0289155 0.0239843 0.0191772 0.0145778 0.010383
