SBPRF35
7.85456
Curr Bio
652030
B35
511816
F35
0.212661
FOFL
0.212661
OFL
115712
Bzero
2.24416e+006
#pred survey bio
 3.38014e+006 2.97161e+006 2.57009e+006 2.02262e+006 1.71008e+006 1.51679e+006 1.36314e+006 1.23409e+006 1.13216e+006 1.02756e+006 927891 807818 735270 662180 626529 607731 586861 576440 528361 502298 484416 477169 466467 482415 493916 503194 519425 539839 545816 558121 587984 606528 578816 505803 474177 472442 497276 515054 539963 588217 632381 627659 592521 569334 583246 579137 561429 568921 645698 673715 657274 606816 560975 545915 547242 534202 534987 526119 556544 611298 660296 1.62458e+007 1.44953e+007 1.43638e+007 1.46002e+007 1.50561e+007 1.55839e+007 1.60887e+007 1.6524e+007 1.68763e+007 1.71501e+007 1.73572e+007 1.75114e+007 1.76251e+007 1.77086e+007 1.77697e+007 1.78147e+007 1.78478e+007 1.78724e+007 1.78906e+007 1.79043e+007 1.79145e+007 1.79222e+007 1.79281e+007 1.79326e+007 1.7936e+007 1.79386e+007 1.79405e+007 1.79421e+007 1.79432e+007 1.79441e+007 1.79448e+007 1.79454e+007 1.79458e+007 1.79461e+007 1.79464e+007 1.79465e+007 1.79467e+007 1.79468e+007 1.79469e+007 1.7947e+007 1.7947e+007 1.79471e+007 1.79471e+007 1.79471e+007 1.79471e+007 1.79472e+007 1.79472e+007 1.79472e+007 1.79472e+007 1.79472e+007 1.79472e+007 1.79472e+007 1.79472e+007 1.79472e+007 1.79472e+007 1.79472e+007 1.79472e+007 1.79472e+007 1.79472e+007 1.79472e+007 1.79472e+007 1.79472e+007 1.79472e+007 1.79472e+007 1.79472e+007 1.79472e+007 1.79472e+007 1.79472e+007 1.79472e+007 1.79472e+007 1.79472e+007 1.79472e+007 1.79472e+007 1.79472e+007 1.79472e+007 1.79472e+007 1.79472e+007 1.79472e+007 1.79472e+007 1.79472e+007 1.79472e+007 1.79472e+007 1.79472e+007 1.79472e+007 1.79472e+007 1.79472e+007 1.79472e+007 1.79472e+007 1.79472e+007 1.79472e+007 1.79472e+007 1.79472e+007 1.79472e+007 1.79472e+007 1.79472e+007 1.79472e+007 1.79472e+007 1.79472e+007 1.79472e+007 1.79472e+007 0 0 0 0 0 0 0 0 0 0 0 0 0 0 0 0 0 0 0 0 0 0 0 0 0
#obs survey bio
 3.21546e+006 2.74029e+006 3.24035e+006 1.59362e+006 1.87856e+006 1.64204e+006 1.26988e+006 1.42097e+006 992419 732218 1.09965e+006 732299 775266 628658 497013 876602 584669 627762 432016 557783 337902 450779 424488 516640 572543 502280 704138 650426 612935 386072 583724 614080 625502 488823 531956 459569 599021 508024 496400 589084 828447 625796 586145 441594 695968 668477 511152 574321 818694 789826 616074 485950 515700 619973 489475 590834 510125 523534 692221 636072 775143
#pred catch bio
 336608 300706 276398 260235 300232 303184 305043 272049 260252 261819 245227 181601 170008 153785 159501 142518 116182 127834 115802 115551 105180 109359 95432 101011 99389.9 91427.1 95233 104512 103985 91679.6 93393.6 95210.4 88652 87096.2 81584.8 78338.5 88395.7 84085.3 85722.3 83859.3 90598.2 88223.3 90996.1 92334 92089.7 93674 100803 55024.4 87332.6 122227 111359 104914 95245.1 71655.5 94120.5 72775.8 98050.9 80732.7 78079.9 97148.7 109185 115712 112550 110084 110610 113308 116704 119965 122719 124873 126470 127611 128403 128941 129302 129540 129695 129796 129861 129903 129929 129946 129957 129964 129968 129971 129973 129974 129974 129975 129975 129975 129975 129975 129976 129976 129976 129976 129976 129976 129976 129976 129976 129976 129976 129976 129976 129976 129976 129976 129976 129976 129976 129976 129976 129976 129976 129976 129976 129976 129976 129976 129976 129976 129976 129976 129976 129976 129976 129976 129976 129976 129976 129976 129976 129976 129976 129976 129976 129976 129976 129976 129976 129976 129976 129976 129976 129976 129976 129976 129976 129976 129976 129976 129976 129976 129976 129976 129976 129976 129976 0 0 0 0 0 0 0 0 0 0 0 0 0 0 0 0 0 0 0 0 0 0 0 0 0
#obs catch bio
 246512 300743 275801 259785 301366 303377 306531 272146 259520 263408 245384 181175 169632 153490 161102 142556 115879 127676 115737 115830 105060 109420 95478.9 101150 99420.4 91240.3 95300.3 104470 104153 91668.9 93505.7 95202.2 88407 87198.6 81608.7 78360.1 88529.8 83941.7 85958.9 83832.3 90555.1 88063.4 90953 92599.5 92017.7 93475.6 101519 54634.5 87311.6 122749 111146 104867 95514.2 71308.4 94592.9 72401.1 98454.6 80688.6 77978.8 97243.4 109220
#pred cpue bio
 3.33642e+006 2.93069e+006 2.53162e+006 1.98974e+006 1.67965e+006 1.48702e+006 1.33388e+006 1.20503e+006 1.10322e+006 999035 899876 781486 710095 638469 603337 584665 564493 554645 508166 482941 465667 458774 448324 463716 474843 483864 499641 519477 525347 537265 566378 584492 556738 484835 453363 451620 475722 492930 516884 563093 605674 601394 567833 545483 558700 554939 537943 544671 619428 647136 630608 581413 536769 522034 524207 512023 513324 504619 533935 586941 634089 1.56076e+007 1.39441e+007 1.37312e+007 1.38935e+007 1.43314e+007 1.48563e+007 1.53607e+007 1.57959e+007 1.61483e+007 1.6422e+007 1.66292e+007 1.67834e+007 1.68971e+007 1.69805e+007 1.70417e+007 1.70866e+007 1.71198e+007 1.71443e+007 1.71625e+007 1.71762e+007 1.71864e+007 1.71942e+007 1.72e+007 1.72045e+007 1.72079e+007 1.72105e+007 1.72125e+007 1.7214e+007 1.72152e+007 1.72161e+007 1.72168e+007 1.72173e+007 1.72177e+007 1.7218e+007 1.72183e+007 1.72185e+007 1.72186e+007 1.72187e+007 1.72188e+007 1.72189e+007 1.7219e+007 1.7219e+007 1.7219e+007 1.72191e+007 1.72191e+007 1.72191e+007 1.72191e+007 1.72191e+007 1.72191e+007 1.72191e+007 1.72191e+007 1.72191e+007 1.72191e+007 1.72191e+007 1.72191e+007 1.72191e+007 1.72191e+007 1.72191e+007 1.72191e+007 1.72191e+007 1.72191e+007 1.72191e+007 1.72191e+007 1.72191e+007 1.72191e+007 1.72191e+007 1.72191e+007 1.72191e+007 1.72191e+007 1.72191e+007 1.72191e+007 1.72191e+007 1.72191e+007 1.72191e+007 1.72191e+007 1.72191e+007 1.72191e+007 1.72191e+007 1.72191e+007 1.72191e+007 1.72191e+007 1.72191e+007 1.72191e+007 1.72191e+007 1.72191e+007 1.72191e+007 1.72191e+007 1.72191e+007 1.72191e+007 1.72191e+007 1.72191e+007 1.72191e+007 1.72191e+007 1.72191e+007 1.72191e+007 1.72191e+007 1.72191e+007 1.72191e+007 1.72191e+007 1.72191e+007 0 0 0 0 0 0 0 0 0 0 0 0 0 0 0 0 0 0 0 0 0 0 0 0 0
#obs cpue bio
 2.28024e+006 3.02543e+006 2.82418e+006 2.24759e+006 1.16819e+006 1.55072e+006 1.1274e+006 1.19904e+006 1.53932e+006 898262 1.01846e+006 854633 769802 640432 429404 603657 564738 602031 546600 393910 727192 505998 411600 452771 433192 524204 314669 505197 414116 734485 534650 663068 631946 415189 406284 413944 424756 564364 407289 627524 537763 642860 564489 519754 590698 544007 444521 540666 604872 452881 825489 706410 498009 548286 501884 555248 481944 489636 421356 575223 553671
#pred surv len freq
 0.00475272 0.00782025 0.0119597 0.0172027 0.0234312 0.0302752 0.0370984 0.043174 0.0479644 0.0512947 0.0533083 0.0542943 0.0545408 0.0542765 0.0536738 0.0528714 0.0519967 0.0511625 0.0504083 0.0495883 0.0482754 0.0458118 0.0415823 0.0354133 0.0278231
 0.00512816 0.00837746 0.0127023 0.0181069 0.0244627 0.0314104 0.0383329 0.0445061 0.0493646 0.052683 0.0545607 0.0552806 0.0551733 0.0545411 0.0536246 0.0525922 0.0515491 0.0505458 0.0495528 0.0483906 0.0466675 0.0438293 0.0393904 0.0332639 0.0259633
 0.00529791 0.00870121 0.0132736 0.019031 0.0258185 0.0331989 0.0404431 0.0467318 0.0514733 0.0544954 0.0559888 0.0563073 0.0558052 0.0547796 0.0534711 0.0520674 0.0506957 0.049406 0.0481397 0.0466852 0.0446549 0.0415564 0.0370009 0.0309771 0.0240001
 0.00558412 0.00913544 0.013874 0.0198061 0.0267815 0.034381 0.041888 0.0484645 0.0534553 0.0565977 0.0580088 0.0580275 0.0570591 0.0554854 0.0536219 0.0516998 0.0498623 0.0481599 0.0465265 0.0447432 0.0424317 0.0391398 0.0345422 0.0286758 0.0220484
 0.00568083 0.00934613 0.0142869 0.020529 0.0279072 0.0359398 0.0438156 0.0506134 0.0556494 0.0586916 0.0599093 0.0596684 0.058365 0.0563612 0.053977 0.0514807 0.0490664 0.0468266 0.0447195 0.0425408 0.0399333 0.036482 0.0319056 0.0262644 0.0200399
 0.00583698 0.00961006 0.0147063 0.0211637 0.0288272 0.0372142 0.0454898 0.0526785 0.0580168 0.0611907 0.0623175 0.0617668 0.0599877 0.057413 0.0544171 0.0512959 0.0482587 0.0454175 0.0427601 0.0401203 0.0371842 0.0335834 0.029073 0.0237177 0.0179529
 0.00605355 0.00996282 0.0152387 0.0219172 0.0298355 0.0384935 0.04703 0.0544419 0.0599444 0.063208 0.0643315 0.0636579 0.0616113 0.0586204 0.0550849 0.0513467 0.0476628 0.0441848 0.0409365 0.0377933 0.0344942 0.0307258 0.026281 0.0212206 0.0159224
 0.00633372 0.0104182 0.0159233 0.0228796 0.0311075 0.040074 0.0488694 0.0564408 0.061973 0.0651384 0.0660636 0.0651254 0.0627687 0.0594225 0.0554739 0.0512549 0.0470296 0.0429763 0.0391626 0.0355208 0.0318558 0.027918 0.0235411 0.0187797 0.0139492
 0.00660288 0.0108442 0.0165432 0.0237213 0.0321865 0.0413873 0.0503876 0.0581028 0.0636899 0.0668071 0.0675836 0.066413 0.0637646 0.0600891 0.0557846 0.0511801 0.0465304 0.0420127 0.0377157 0.03362 0.0295998 0.0254772 0.0211334 0.016622 0.0122012
 0.00676926 0.011139 0.0170305 0.0244723 0.0332589 0.042796 0.0520801 0.0599594 0.0655531 0.0685249 0.0690416 0.0675436 0.0645373 0.060497 0.0558316 0.0508712 0.0458636 0.0409777 0.036305 0.0318522 0.027546 0.0232736 0.0189653 0.0146807 0.01063
 0.00696012 0.0114563 0.0175222 0.02519 0.0342507 0.0440914 0.053671 0.0617842 0.0674946 0.0704236 0.0707245 0.0688592 0.0653866 0.060846 0.0557018 0.0503151 0.0449375 0.0397261 0.0347602 0.0300512 0.0255547 0.0212035 0.0169675 0.0129125 0.00920915
 0.00736425 0.0120708 0.0183683 0.0262611 0.0355183 0.0455147 0.0552018 0.0633663 0.0690615 0.071899 0.0720237 0.0698925 0.0660684 0.0611102 0.0555177 0.049694 0.0439251 0.0383854 0.0331571 0.0282528 0.0236398 0.0192747 0.0151498 0.0113303 0.00795224
 0.00747144 0.0122555 0.0186639 0.0267007 0.0361224 0.0462753 0.056074 0.0642776 0.0699402 0.072703 0.0727493 0.070555 0.0666684 0.0616113 0.05585 0.0497783 0.0437028 0.0378361 0.0323011 0.027144 0.0223584 0.0179227 0.0138414 0.0101733 0.0070238
 0.00759815 0.0124572 0.0189603 0.0271086 0.0366544 0.0469361 0.0568527 0.0651405 0.0708286 0.073542 0.0734663 0.0711008 0.067029 0.0618001 0.0558856 0.049663 0.0434168 0.0373509 0.0316011 0.0262443 0.0213109 0.0168099 0.012762 0.00921998 0.00626107
 0.00750261 0.0123413 0.0188585 0.0270769 0.036755 0.0472136 0.0573152 0.0657566 0.0715407 0.0742851 0.0741805 0.071735 0.0675423 0.0621647 0.0560895 0.0497063 0.0433025 0.0370771 0.0311636 0.0256481 0.0205845 0.0160102 0.0119654 0.00850361 0.00568134
 0.00755308 0.0124087 0.0189349 0.0271524 0.0368277 0.0473026 0.0574638 0.0660188 0.0719535 0.0748418 0.0748242 0.0723771 0.0680938 0.0625625 0.056305 0.0497395 0.0431688 0.036796 0.0307526 0.025125 0.0199753 0.0153564 0.0113221 0.00792807 0.00521649
 0.00774022 0.0126646 0.0192305 0.0274295 0.0370152 0.0473428 0.0573377 0.065758 0.0716347 0.0745662 0.0746864 0.0724332 0.0683413 0.0629426 0.056727 0.0501134 0.0434292 0.0369094 0.0307124 0.0249437 0.0196795 0.014985 0.0109236 0.00755197 0.0049017
 0.00764815 0.0125379 0.0190798 0.0272733 0.0368666 0.047194 0.0571546 0.0654944 0.0712642 0.0741135 0.0742355 0.0721036 0.0682409 0.0631239 0.0571668 0.0507247 0.0440945 0.0375178 0.0311856 0.0252446 0.0198088 0.0149717 0.0108138 0.00739652 0.00474478
 0.00773123 0.0126655 0.0192587 0.0275061 0.0371533 0.0475311 0.05753 0.0658783 0.0716026 0.0743334 0.074269 0.0719211 0.0678759 0.0626684 0.0567355 0.050407 0.0439223 0.0374642 0.0311891 0.0252419 0.0197589 0.0148643 0.0106642 0.007233 0.00459517
 0.00764423 0.0125519 0.0191388 0.0274153 0.0371314 0.0476064 0.057707 0.0661368 0.0719063 0.0746406 0.0745373 0.0721093 0.0679504 0.0626166 0.0565784 0.0501972 0.0437228 0.0373199 0.0311093 0.0252042 0.0197284 0.0148146 0.0105882 0.00714074 0.00450381
 0.00770766 0.0126308 0.0192148 0.0274609 0.037124 0.0475456 0.0576247 0.0660881 0.071944 0.0747865 0.0747701 0.0723741 0.0681815 0.0627606 0.0566088 0.0501193 0.043569 0.0371362 0.0309367 0.025064 0.0196203 0.0147262 0.0105075 0.00706402 0.00443472
 0.00772445 0.0126549 0.0192437 0.0274872 0.0371329 0.047516 0.0575342 0.0659249 0.0717211 0.0745486 0.0745826 0.0722958 0.0682368 0.0629278 0.0568325 0.050337 0.0437364 0.0372386 0.030984 0.0250768 0.0196161 0.0147134 0.0104881 0.00703902 0.00440712
 0.00786403 0.0128667 0.0195338 0.0278496 0.0375494 0.0479567 0.0579577 0.0662801 0.0719547 0.0746198 0.074479 0.0720429 0.0678922 0.0625606 0.056498 0.0500597 0.0435114 0.0370466 0.0308087 0.024913 0.0194679 0.0145871 0.0103869 0.00696204 0.00435137
 0.00779335 0.0127629 0.0193982 0.0276908 0.0373809 0.0477933 0.0578127 0.0661648 0.071878 0.0745866 0.0744887 0.0720886 0.0679639 0.062651 0.0566053 0.0501855 0.0436539 0.0371957 0.0309483 0.0250284 0.0195513 0.0146393 0.0104142 0.0069724 0.00435195
 0.00782238 0.0127959 0.0194225 0.0276872 0.0373312 0.0476903 0.0576671 0.0660032 0.0717325 0.0744821 0.0744349 0.072081 0.0679904 0.0626987 0.0566654 0.0502541 0.0437303 0.0372788 0.0310338 0.0251083 0.0196174 0.0146868 0.010443 0.00698637 0.00435627
 0.00791997 0.0129329 0.0195878 0.0278551 0.0374662 0.0477565 0.0576388 0.0658725 0.0715134 0.0742092 0.0741557 0.0718425 0.0678249 0.0626166 0.0566574 0.0503003 0.0438097 0.0373747 0.0311338 0.0252034 0.0197002 0.0147522 0.0104892 0.00701511 0.00437168
 0.007844 0.0128255 0.0194552 0.0277109 0.0373247 0.0476233 0.0575055 0.065721 0.0713278 0.0739897 0.0739253 0.0716415 0.067697 0.0625929 0.0567464 0.050487 0.0440633 0.037659 0.0314169 0.0254615 0.0199187 0.0149244 0.0106151 0.00709982 0.00442371
 0.00774553 0.0126732 0.0192415 0.0274369 0.0370024 0.0472775 0.0571723 0.0654401 0.0711295 0.0738829 0.0738955 0.0716635 0.0677516 0.0626776 0.0568723 0.0506667 0.0442987 0.037937 0.0317129 0.025748 0.0201727 0.0151317 0.0107709 0.00720738 0.00449163
 0.00777656 0.0127121 0.0192785 0.027456 0.0369857 0.0472126 0.0570587 0.0652911 0.070968 0.0737332 0.0737754 0.0715784 0.0676961 0.062642 0.0568517 0.0506658 0.0443283 0.0380057 0.0318199 0.0258813 0.0203137 0.0152619 0.0108778 0.00728589 0.00454345
 0.00782139 0.0127781 0.0193646 0.0275548 0.0370836 0.047291 0.0570964 0.0652696 0.0708784 0.0735822 0.0735859 0.0713826 0.0675239 0.0625119 0.0567682 0.0506245 0.0443232 0.0380333 0.0318777 0.0259641 0.0204114 0.0153611 0.0109658 0.00735484 0.00459139
 0.00782211 0.0127601 0.0193025 0.0274152 0.0368354 0.0469214 0.0566235 0.0647428 0.0703651 0.0731478 0.0732783 0.0712268 0.0675233 0.0626529 0.0570247 0.0509621 0.0447054 0.0384274 0.0322584 0.0263139 0.0207184 0.0156169 0.0111662 0.00750062 0.00468869
 0.00847502 0.0136771 0.0204145 0.0285649 0.0378188 0.0475562 0.0568071 0.0644721 0.0697191 0.0722529 0.0722753 0.0702446 0.0666611 0.0619704 0.056542 0.0506679 0.0445686 0.0384082 0.0323173 0.0264168 0.0208384 0.0157349 0.0112691 0.00758159 0.00474616
 0.00911941 0.0147085 0.0219265 0.030606 0.0403504 0.0504059 0.0596478 0.0668698 0.0712568 0.0726784 0.0715851 0.0686606 0.064525 0.0596263 0.0542586 0.0486142 0.0428249 0.0369919 0.0312085 0.0255776 0.0202257 0.0153056 0.0109831 0.00740211 0.00464112
 0.00914224 0.014836 0.0222848 0.0313665 0.041683 0.0524032 0.0622521 0.0698425 0.0742118 0.0751683 0.0732136 0.0691852 0.0639187 0.0580715 0.0520764 0.0461613 0.0404048 0.0348094 0.0293683 0.0241081 0.0191076 0.014495 0.0104256 0.00704107 0.00442286
 0.00885616 0.014437 0.0218125 0.0309144 0.0413933 0.0524451 0.0627888 0.0709863 0.0759705 0.0774007 0.0756243 0.0713816 0.0655181 0.0588154 0.0519025 0.0452029 0.0389253 0.0331089 0.0277024 0.0226462 0.0179299 0.0136131 0.00980853 0.00663793 0.00417805
 0.00873959 0.0142177 0.021432 0.0303134 0.0405435 0.0513919 0.0616823 0.07007 0.0755187 0.0776261 0.0765952 0.0729843 0.0674768 0.0607655 0.0534937 0.0461981 0.0392573 0.0328728 0.0270946 0.0218836 0.0171867 0.0129926 0.0093477 0.00632806 0.00398796
 0.00859794 0.0139986 0.0211209 0.029899 0.0400133 0.0507318 0.0608865 0.0691649 0.0745897 0.0768286 0.0761295 0.0730312 0.0681193 0.0619355 0.0549768 0.0477005 0.0405045 0.0336954 0.027464 0.0218888 0.0169735 0.0127017 0.0090759 0.00612065 0.0038514
 0.00873368 0.0141794 0.0213198 0.0300664 0.0400906 0.0506725 0.0606707 0.0688001 0.074102 0.0762557 0.0755282 0.07249 0.0677552 0.0618609 0.0552463 0.0482691 0.041231 0.0343952 0.0279831 0.0221571 0.0170122 0.0125903 0.00890499 0.00595735 0.00372815
 0.00880935 0.0142973 0.0214853 0.0302756 0.0403245 0.0508923 0.0608194 0.0688151 0.0739371 0.0759037 0.0750284 0.0719189 0.0672081 0.0614339 0.0550195 0.0482857 0.0414766 0.0347928 0.0284166 0.0225163 0.017234 0.0126716 0.00888656 0.00589261 0.0036587
 0.00879618 0.014283 0.0214772 0.0302846 0.0403625 0.050966 0.0609242 0.0689307 0.0740291 0.0759305 0.074955 0.0717321 0.0669271 0.0611104 0.0547248 0.0480904 0.0414273 0.0348939 0.0286273 0.0227663 0.0174532 0.0128172 0.00895261 0.00590043 0.00363788
 0.0087145 0.0141505 0.0212794 0.0300118 0.040015 0.0505619 0.0605034 0.0685505 0.0737477 0.0757866 0.0749528 0.0718419 0.0671 0.0613004 0.0549075 0.048269 0.0416238 0.0351306 0.028908 0.0230694 0.0177399 0.0130505 0.00911353 0.00599235 0.00367927
 0.00871915 0.0141512 0.0212676 0.0299743 0.0399366 0.0504299 0.0603135 0.068311 0.0734818 0.0755291 0.0747429 0.0717108 0.0670602 0.0613423 0.0550062 0.0483984 0.0417687 0.0352894 0.0290844 0.0232613 0.0179336 0.0132246 0.00924954 0.00608322 0.00373023
 0.00871 0.0141407 0.0212593 0.0299728 0.0399444 0.0504432 0.0603199 0.0682919 0.0734191 0.0754151 0.0745856 0.0715342 0.066897 0.0612224 0.0549468 0.0484004 0.0418213 0.0353781 0.0291973 0.0233891 0.0180663 0.0133499 0.00935496 0.00616085 0.00377956
 0.00869525 0.0141299 0.021267 0.03002 0.0400522 0.0506225 0.0605626 0.0685681 0.0736833 0.0756174 0.0746857 0.071512 0.0667584 0.0609975 0.0546802 0.0481377 0.0415968 0.0352098 0.0290884 0.0233331 0.0180516 0.0133623 0.00938029 0.00618746 0.00380045
 0.00858617 0.0139763 0.0210805 0.0298282 0.0398933 0.0505352 0.0605758 0.0686936 0.0739114 0.0759168 0.0750072 0.0717991 0.0669624 0.0610908 0.0546635 0.0480363 0.0414501 0.0350573 0.0289594 0.0232423 0.0180002 0.0133428 0.00938132 0.00619793 0.00381233
 0.00862097 0.0140032 0.0210679 0.0297332 0.0396792 0.0501957 0.0601521 0.0682697 0.0735859 0.0757651 0.0750553 0.0720199 0.0672913 0.0614505 0.0549873 0.0482832 0.0416092 0.0351424 0.0289969 0.0232587 0.0180139 0.0133613 0.00940424 0.00622114 0.00383183
 0.00871308 0.0141487 0.0212765 0.0300048 0.0399965 0.050518 0.0604169 0.0684085 0.0735531 0.0755647 0.0747456 0.0716891 0.0670185 0.0612756 0.0549039 0.0482552 0.0415949 0.0351139 0.0289466 0.023195 0.0179511 0.013311 0.00937105 0.00620333 0.00382453
 0.00872855 0.0141986 0.0213966 0.0302409 0.0403897 0.0510817 0.0611162 0.0691567 0.0742295 0.0760489 0.0749543 0.0716015 0.0666796 0.0607761 0.0543457 0.0477181 0.041121 0.0347118 0.0286089 0.0229126 0.0177203 0.0131315 0.00924119 0.00611729 0.00377281
 0.00834466 0.0135712 0.0204522 0.028925 0.038697 0.0490941 0.0590265 0.0672478 0.0728007 0.075319 0.0749932 0.072325 0.0679002 0.0622755 0.0559339 0.0492612 0.0425395 0.0359636 0.0296726 0.0237801 0.0183955 0.0136306 0.00958998 0.00634678 0.00391413
 0.00846451 0.0137255 0.020607 0.0290171 0.0386433 0.048812 0.0584607 0.0663962 0.0717326 0.0741759 0.073963 0.0715891 0.0675752 0.0623795 0.0563933 0.0499504 0.0433281 0.0367482 0.0303861 0.0243866 0.0188812 0.013997 0.00984938 0.00651835 0.00401965
 0.00869287 0.0141208 0.0212412 0.0299576 0.0399196 0.0503711 0.0601361 0.0679223 0.0728148 0.0745888 0.0736291 0.0706005 0.0661551 0.0608038 0.0549076 0.0487135 0.0423967 0.0361004 0.0299601 0.0241154 0.0187105 0.0138895 0.00978174 0.00647639 0.00399455
 0.00886307 0.0143798 0.0216007 0.0304239 0.040501 0.0510835 0.060996 0.0689224 0.0738922 0.0756077 0.0744004 0.0709416 0.0659631 0.0601021 0.0538398 0.0474874 0.0412116 0.0350919 0.0291837 0.0235624 0.0183385 0.0136493 0.00963134 0.00638515 0.00394144
 0.00888399 0.0144407 0.0217405 0.0306919 0.0409404 0.0517093 0.0617799 0.069798 0.0747781 0.0764313 0.0751018 0.0714593 0.0662237 0.0600347 0.0534132 0.0467416 0.0402588 0.0340809 0.02825 0.0227919 0.0177597 0.0132471 0.00936977 0.00622478 0.0038487
 0.00864358 0.0140946 0.0213046 0.030215 0.0404974 0.0513862 0.0616554 0.0699272 0.0751774 0.0770695 0.0759037 0.0723222 0.0670381 0.060701 0.0538519 0.0469068 0.0401519 0.0337562 0.0278007 0.0223197 0.0173432 0.0129265 0.00914944 0.00608752 0.00377032
 0.00840839 0.013682 0.020633 0.0292033 0.0391014 0.0496469 0.0597343 0.0680938 0.0737411 0.0762832 0.0758884 0.0730447 0.0683395 0.062352 0.05561 0.048562 0.0415558 0.0348356 0.0285548 0.0228012 0.0176297 0.0130919 0.00924754 0.00614913 0.00381018
 0.00847593 0.0137909 0.0207905 0.0294041 0.0393144 0.049805 0.059739 0.0678456 0.0731921 0.0754831 0.0749904 0.0722571 0.0678467 0.0622471 0.0558727 0.0490812 0.0421805 0.035426 0.0290186 0.0231052 0.0177906 0.0131531 0.00925532 0.0061376 0.00379728
 0.00835971 0.0135999 0.020501 0.0289972 0.0387847 0.0491705 0.0590439 0.0671508 0.0725525 0.0749307 0.0745377 0.071921 0.0676701 0.0622946 0.0561968 0.0496834 0.0429939 0.0363336 0.0298926 0.0238474 0.0183536 0.0135387 0.00949631 0.00627685 0.00387274
 0.0085097 0.0138416 0.0208585 0.0294849 0.0393971 0.0498695 0.0597526 0.067762 0.0729559 0.0750455 0.0743341 0.0714236 0.0669492 0.0614546 0.0553615 0.0489717 0.0424894 0.0360602 0.0298135 0.0238891 0.01844 0.013617 0.00954509 0.00629747 0.00387619
 0.00844739 0.0137413 0.020711 0.0292864 0.0391547 0.0496068 0.0595102 0.067588 0.0728871 0.0750879 0.0744572 0.0715719 0.0670661 0.0615054 0.0553459 0.0489229 0.0424589 0.0360945 0.0299329 0.0240788 0.0186603 0.0138241 0.00970892 0.00640896 0.00394229
 0.00838419 0.0136285 0.0205231 0.0289955 0.0387396 0.0490667 0.0588773 0.0669301 0.0722955 0.0746538 0.0742452 0.0716012 0.0673064 0.0618892 0.0557936 0.0493701 0.0428726 0.0364724 0.0302875 0.0244192 0.0189809 0.0141075 0.00993724 0.00657392 0.00404852
 0.00820557 0.013389 0.0202553 0.0287563 0.0385891 0.0490361 0.0589478 0.067038 0.0723637 0.0746312 0.0741301 0.0714376 0.0671579 0.0618084 0.0558023 0.0494579 0.0430114 0.0366347 0.0304572 0.0245903 0.0191501 0.0142671 0.0100761 0.00668268 0.00412413
#obs surv len freq
 0.00496618 0.0081368 0.0123807 0.0177128 0.0240071 0.030897 0.0377545 0.0438529 0.0486387 0.0519088 0.0537808 0.0545412 0.0545121 0.0539937 0.0532494 0.0524947 0.0518749 0.0514245 0.0510041 0.0502441 0.0485622 0.0453276 0.0401636 0.0332385 0.0253332
 0.00518066 0.00848441 0.0129022 0.0184461 0.0249814 0.0321228 0.0392123 0.0454877 0.050366 0.0536272 0.0553861 0.0559332 0.0555988 0.0546939 0.0534966 0.0522433 0.0511085 0.0501626 0.0493082 0.048219 0.0463526 0.0431061 0.0381062 0.0314918 0.0239824
 0.00541525 0.00886936 0.0134879 0.0192812 0.0261025 0.0335389 0.0408901 0.047348 0.0522972 0.0555092 0.0571094 0.0574071 0.0567482 0.0554538 0.0538079 0.0520543 0.0503817 0.0488877 0.047518 0.0460032 0.0438632 0.0405454 0.0356943 0.0294194 0.0223668
 0.00564759 0.00925203 0.0140732 0.0201214 0.0272402 0.0349913 0.0426321 0.0493053 0.0543555 0.0575358 0.0589753 0.059002 0.0579864 0.0562721 0.054159 0.0518989 0.0496859 0.0476315 0.0457136 0.0437194 0.0412418 0.0377969 0.0330642 0.0271317 0.0205669
 0.00589023 0.00964787 0.0146718 0.0209705 0.0283777 0.0364319 0.0443525 0.0512383 0.0563975 0.0595642 0.0608663 0.0606429 0.0592822 0.0571481 0.0545601 0.0517851 0.0490279 0.0464117 0.0439393 0.041447 0.0385998 0.0349904 0.0303456 0.0247414 0.0186698
 0.00613543 0.0100493 0.0152811 0.0218372 0.0295397 0.0378999 0.0460953 0.0531781 0.0584218 0.0615485 0.0626944 0.0622158 0.060519 0.0579836 0.0549421 0.0516719 0.0483875 0.0452246 0.0422099 0.0392247 0.0360026 0.0322128 0.0276346 0.02234 0.0167505
 0.00638702 0.010462 0.015909 0.0227325 0.0307422 0.0394205 0.0478991 0.0551784 0.0604938 0.0635535 0.0645045 0.063728 0.0616589 0.0587015 0.0552053 0.0514573 0.0476757 0.0440023 0.0404817 0.0370349 0.0334587 0.0294959 0.0249791 0.0199806 0.0148577
 0.00661316 0.0108352 0.0164811 0.0235554 0.0318576 0.0408438 0.0496023 0.057084 0.0624847 0.0654957 0.0662685 0.0652042 0.0627646 0.0593817 0.0554297 0.0512119 0.0469553 0.0428071 0.0388247 0.0349601 0.0310645 0.0269463 0.022488 0.0177644 0.0130759
 0.00685931 0.0112359 0.0170849 0.0244078 0.0329921 0.042268 0.0512833 0.0589433 0.0644076 0.0673526 0.0679356 0.0665773 0.0637649 0.0599575 0.0555541 0.0508773 0.0461669 0.0415785 0.0371812 0.0329522 0.0287869 0.0245484 0.0201613 0.0157025 0.0114208
 0.00707818 0.0115965 0.0176364 0.025198 0.0340572 0.0436163 0.0528796 0.0607048 0.0662172 0.0690825 0.0694697 0.0678225 0.064654 0.0604472 0.0556216 0.0505172 0.0453866 0.0403961 0.0356283 0.0310834 0.0266935 0.0223664 0.0180598 0.0138492 0.0099377
 0.00727154 0.0119153 0.0181243 0.0258983 0.0350044 0.0448218 0.0543173 0.0623051 0.0678759 0.0706799 0.070891 0.0689723 0.0654634 0.0608751 0.0556513 0.0501501 0.0446365 0.0392862 0.0341938 0.0293798 0.0248073 0.0204199 0.0162003 0.0122197 0.0086396
 0.00744687 0.0122018 0.0185583 0.0265147 0.0358297 0.0458637 0.0555534 0.0636784 0.0693017 0.0720605 0.0721306 0.0699874 0.0661889 0.0612668 0.0556871 0.0498273 0.043968 0.0382968 0.0329207 0.027878 0.0231571 0.0187299 0.014597 0.0108231 0.00753238
 0.00753401 0.0123472 0.0187843 0.0268456 0.0362882 0.0464646 0.0562965 0.0645444 0.0702529 0.0730461 0.0730916 0.0708612 0.066913 0.0617845 0.0559519 0.0498079 0.0436504 0.0376859 0.0320405 0.0267748 0.0219021 0.0174186 0.0133387 0.00972004 0.00665494
 0.00759959 0.0124478 0.0189252 0.0270293 0.0365169 0.0467425 0.0566309 0.0649436 0.0707219 0.0735818 0.073679 0.0714716 0.0675048 0.0623065 0.0563491 0.0500283 0.0436528 0.0374461 0.0315575 0.0260744 0.0210393 0.0164733 0.0124053 0.00888724 0.00598519
 0.00766355 0.0125461 0.0190623 0.0272051 0.0367263 0.0469764 0.0568772 0.0651905 0.070963 0.0738197 0.073925 0.0717389 0.0677984 0.0626148 0.0566417 0.0502603 0.0437736 0.0374112 0.0313395 0.0256724 0.020483 0.0158217 0.0117344 0.00827259 0.00548246
 0.00771638 0.0126259 0.0191711 0.0273405 0.0368822 0.047144 0.0570464 0.0653507 0.0711055 0.0739407 0.0740284 0.0718361 0.0679048 0.0627423 0.0567909 0.0504147 0.0439001 0.0374672 0.0312855 0.0254855 0.0201673 0.0154105 0.0112828 0.00784111 0.00511953
 0.0077617 0.0126946 0.0192649 0.0274575 0.0370165 0.0472867 0.0571864 0.0654763 0.0712065 0.0740119 0.0740711 0.0718584 0.0679192 0.0627625 0.0568273 0.0504692 0.0439618 0.0375121 0.031282 0.0254054 0.0199985 0.0151641 0.0109917 0.00754882 0.00486496
 0.0078041 0.0127601 0.0193569 0.0275761 0.0371583 0.0474442 0.0573474 0.0656255 0.0713281 0.074094 0.0741091 0.0718557 0.0678858 0.0627127 0.0567755 0.0504266 0.0439321 0.0374887 0.0312485 0.025341 0.0198875 0.0150049 0.0107994 0.00735018 0.00468734
 0.00784411 0.0128177 0.0194301 0.0276583 0.0372408 0.0475191 0.0574105 0.065676 0.0713673 0.0741231 0.074128 0.0718636 0.0678827 0.0627001 0.0567572 0.0504078 0.0439168 0.0374766 0.0312332 0.0253111 0.0198314 0.0149176 0.0106867 0.00722737 0.00457277
 0.00786728 0.0128549 0.0194846 0.0277319 0.0373318 0.0476212 0.0575117 0.0657612 0.0714234 0.0741442 0.0741175 0.0718317 0.0678407 0.0626565 0.0567167 0.050372 0.043886 0.0374501 0.0312077 0.0252808 0.0197895 0.0148596 0.0106141 0.00714786 0.0044974
 0.00786585 0.0128512 0.0194767 0.0277178 0.0373106 0.0475944 0.057484 0.0657392 0.0714126 0.0741461 0.07413 0.0718504 0.0678626 0.0626808 0.056744 0.0504027 0.043919 0.0374826 0.0312356 0.0252994 0.0197941 0.0148475 0.0105864 0.00710982 0.0044568
 0.00789377 0.0128884 0.0195174 0.0277518 0.0373256 0.0475811 0.0574402 0.0656708 0.0713321 0.0740688 0.0740688 0.0718136 0.067852 0.062693 0.056773 0.0504423 0.0439639 0.0375283 0.0312778 0.0253337 0.0198166 0.0148559 0.0105809 0.00709406 0.00443614
 0.00789359 0.012891 0.0195262 0.0277703 0.0373553 0.0476178 0.0574731 0.0656851 0.0713153 0.0740175 0.0739918 0.0717287 0.0677784 0.0626449 0.0567557 0.0504529 0.043995 0.0375707 0.0313234 0.0253755 0.0198496 0.014877 0.0105898 0.00709277 0.0044286
 0.00790349 0.0129029 0.0195366 0.0277742 0.0373483 0.0475991 0.0574469 0.0656585 0.071294 0.0740016 0.0739763 0.0717072 0.0677494 0.0626135 0.0567311 0.0504439 0.0440053 0.0375982 0.0313616 0.0254168 0.0198868 0.0149056 0.0106078 0.00710107 0.00442983
 0.00788489 0.0128732 0.019493 0.0277142 0.0372701 0.0475029 0.0573356 0.0655396 0.0711795 0.0739063 0.0739136 0.0716849 0.0677667 0.0626629 0.0568028 0.0505293 0.0440989 0.0376963 0.0314601 0.0255099 0.0199687 0.0149714 0.0106557 0.0071321 0.00444729
 0.00786754 0.0128421 0.019441 0.0276335 0.0371547 0.047352 0.0571568 0.0653487 0.0709972 0.0737532 0.0738059 0.0716325 0.0677733 0.0627251 0.0569109 0.0506697 0.0442569 0.0378586 0.0316162 0.0256522 0.0200912 0.0150703 0.0107296 0.00718256 0.00447846
 0.00783012 0.0127806 0.0193473 0.0274999 0.0369756 0.0471273 0.0568947 0.0650673 0.0707225 0.0735143 0.0736295 0.0715382 0.0677696 0.0628097 0.0570714 0.0508866 0.0445075 0.0381205 0.0318697 0.0258821 0.0202873 0.0152274 0.0108471 0.00726385 0.00453003
 0.00784056 0.0127919 0.0193538 0.0274921 0.0369425 0.047059 0.0567857 0.0649186 0.0705418 0.0733156 0.0734318 0.0713633 0.0676393 0.062741 0.057073 0.0509573 0.044636 0.0382888 0.0320569 0.0260683 0.0204564 0.0153688 0.0109561 0.00734116 0.00458016
 0.0078122 0.01275 0.0192982 0.0274248 0.0368658 0.0469738 0.0566904 0.0648102 0.0704186 0.0731802 0.0732925 0.0712333 0.0675345 0.0626767 0.0570612 0.0510037 0.0447388 0.0384377 0.0322354 0.0262564 0.0206352 0.0155236 0.0110786 0.00742973 0.00463855
 0.00776634 0.012675 0.0191849 0.0272659 0.0366592 0.0467263 0.0564206 0.064546 0.0701898 0.073009 0.0731881 0.0711929 0.0675496 0.062739 0.0571656 0.0511475 0.0449191 0.0386483 0.032465 0.0264895 0.0208545 0.015714 0.0112306 0.00754077 0.0047125
 0.00771779 0.0125935 0.0190577 0.0270802 0.0364056 0.0464043 0.0560443 0.0641454 0.0698067 0.0726876 0.072965 0.0710892 0.0675676 0.0628647 0.0573754 0.0514156 0.0452228 0.0389695 0.0327883 0.0267997 0.0211365 0.0159548 0.0114216 0.00768047 0.0048059
 0.00932677 0.0148458 0.0217761 0.0298744 0.0387851 0.0479583 0.0565845 0.0637354 0.068682 0.071138 0.071246 0.0693869 0.0659996 0.061495 0.0562284 0.0504887 0.0444974 0.0384198 0.0323875 0.0265218 0.0209565 0.0158481 0.0113654 0.0076553 0.00479727
 0.00929463 0.0150935 0.0226774 0.0318947 0.0422786 0.0528945 0.0623744 0.0693269 0.0729334 0.0732677 0.0710911 0.0673468 0.0627616 0.0577414 0.0524663 0.0470182 0.0414582 0.0358542 0.0302874 0.0248559 0.0196819 0.0149145 0.0107164 0.00723108 0.00453884
 0.00897396 0.0145852 0.0219591 0.031012 0.0414011 0.0523548 0.0626295 0.0707939 0.0757386 0.0770591 0.0750809 0.070611 0.0646258 0.0580168 0.0514194 0.0451536 0.0392813 0.0337328 0.0284258 0.0233338 0.0185049 0.0140504 0.0101163 0.00683942 0.00430068
 0.00879843 0.0142922 0.0215044 0.0303524 0.0405108 0.0512559 0.0614332 0.0697297 0.0751384 0.0772669 0.0762978 0.0727461 0.0672604 0.0605392 0.0532741 0.0460557 0.0392746 0.0330888 0.0274789 0.0223552 0.017655 0.0133922 0.0096498 0.00653404 0.0041158
 0.00871384 0.0141504 0.0212821 0.0300235 0.0400492 0.0506433 0.0606707 0.0688535 0.0742366 0.0764909 0.0758521 0.072838 0.0680082 0.0618816 0.0549475 0.0476778 0.0405001 0.033743 0.0275928 0.0220991 0.0172333 0.0129635 0.0093001 0.00628761 0.00396123
 0.00868972 0.0141049 0.021202 0.029891 0.0398455 0.0503524 0.0602842 0.0683744 0.073682 0.0758975 0.0752855 0.0723991 0.0678228 0.0620618 0.0555313 0.0485833 0.0415333 0.03467 0.0282371 0.0224044 0.017258 0.0128245 0.00910931 0.00611694 0.00383889
 0.00868257 0.0140942 0.021187 0.0298701 0.0398143 0.0503017 0.0601997 0.0682383 0.0734787 0.0756201 0.0749436 0.0720248 0.0674747 0.0618198 0.0554784 0.0487701 0.0419441 0.0352136 0.0287784 0.0228222 0.0174935 0.0128916 0.00906779 0.00603273 0.0037577
 0.00866635 0.0140698 0.0211538 0.0298291 0.0397675 0.0502518 0.0601483 0.0681845 0.0734171 0.0755407 0.0748339 0.0718767 0.0672933 0.0616305 0.0553263 0.0487092 0.0420146 0.0354179 0.029072 0.0231299 0.0177428 0.0130438 0.00912604 0.00602805 0.00372609
 0.00867399 0.0140783 0.0211595 0.0298266 0.0397511 0.0502186 0.0600999 0.068127 0.0733579 0.0754847 0.0747805 0.0718195 0.0672239 0.061545 0.0552325 0.0486291 0.0419789 0.0354519 0.0291798 0.0232881 0.0179099 0.01318 0.00921066 0.00606351 0.0037291
 0.00866064 0.0140623 0.0211455 0.0298216 0.0397614 0.0502457 0.0601378 0.0681637 0.0733804 0.0754846 0.0747568 0.0717767 0.0671676 0.061479 0.05516 0.0485563 0.041918 0.0354192 0.0291883 0.0233385 0.0179878 0.0132622 0.00927656 0.00610362 0.00374583
 0.00864259 0.0140326 0.0211008 0.0297596 0.0396834 0.050158 0.0600529 0.068097 0.0733445 0.0754835 0.0747841 0.0718192 0.0672115 0.0615152 0.0551846 0.0485704 0.0419266 0.0354304 0.029211 0.0233782 0.0180429 0.0133236 0.00933227 0.00614488 0.00377038
 0.00862379 0.014003 0.0210581 0.0297023 0.039611 0.0500716 0.0599563 0.0679978 0.073254 0.0754149 0.0747487 0.0718222 0.0672499 0.0615784 0.0552588 0.0486437 0.0419923 0.0354876 0.0292633 0.0234299 0.0180963 0.0133768 0.00938033 0.00618285 0.00379604
 0.008611 0.0139819 0.0210258 0.0296561 0.0395492 0.0499945 0.0598673 0.0679033 0.0731625 0.0753355 0.0746897 0.0717907 0.0672503 0.0616107 0.0553183 0.0487211 0.0420767 0.0355701 0.0293388 0.0234973 0.0181563 0.0134296 0.00942505 0.00621781 0.00382054
 0.0086443 0.0140321 0.0210938 0.0297395 0.0396422 0.0500883 0.0599506 0.0679638 0.0731893 0.0753225 0.0746378 0.0717077 0.0671492 0.0615065 0.055224 0.0486455 0.042023 0.0355366 0.0293212 0.0234913 0.0181585 0.0134373 0.0094358 0.00622903 0.00383011
 0.00862801 0.0140118 0.0210745 0.0297295 0.0396501 0.0501192 0.0600028 0.0680285 0.0732535 0.0753728 0.074665 0.0717078 0.067124 0.0614623 0.0551704 0.0485925 0.0419786 0.0355055 0.0293042 0.0234864 0.018162 0.013446 0.00944645 0.00623943 0.00383874
 0.00862801 0.0140118 0.0210745 0.0297295 0.0396501 0.0501192 0.0600028 0.0680285 0.0732535 0.0753728 0.074665 0.0717078 0.067124 0.0614623 0.0551704 0.0485925 0.0419786 0.0355055 0.0293042 0.0234864 0.018162 0.013446 0.00944645 0.00623943 0.00383874
 0.00868393 0.0140991 0.021199 0.0298938 0.0398532 0.0503551 0.060259 0.0682852 0.0734847 0.0755511 0.0747665 0.0717181 0.0670416 0.0612994 0.0549492 0.0483406 0.0417231 0.0352683 0.0291001 0.023322 0.018038 0.0133581 0.00938839 0.00620386 0.00381872
 0.00825674 0.0134298 0.020242 0.0286319 0.0383105 0.0486117 0.0584602 0.0666314 0.0721918 0.0747928 0.0746282 0.0721813 0.0680004 0.0625971 0.0564179 0.0498328 0.0431296 0.0365214 0.030167 0.0241946 0.0187231 0.0138724 0.00975458 0.00644902 0.00397161
 0.008435 0.0136638 0.0204898 0.0288179 0.0383423 0.0484109 0.0579912 0.0659156 0.0713049 0.0738504 0.0737633 0.0715183 0.0676281 0.0625482 0.0566653 0.0503026 0.0437262 0.0371533 0.0307637 0.0247127 0.0191436 0.0141936 0.00998555 0.00660469 0.00406925
 0.00876387 0.014215 0.0213436 0.0300408 0.0399509 0.050325 0.060005 0.0677211 0.0725771 0.0743564 0.0734393 0.0704758 0.0660993 0.0608065 0.0549536 0.0487901 0.0424953 0.0362132 0.0300777 0.0242267 0.018806 0.0139636 0.00983343 0.00650851 0.00401205
 0.00866154 0.0140875 0.0212264 0.0299987 0.04007 0.0506921 0.0606785 0.0686997 0.0737738 0.0755964 0.0744929 0.0711279 0.0662244 0.0604119 0.0541676 0.0478051 0.0414995 0.0353405 0.0293916 0.0237317 0.018472 0.0137495 0.00970178 0.0064307 0.00396817
 0.00885238 0.0143712 0.0216051 0.030461 0.0405988 0.0512774 0.0613242 0.0694185 0.0745714 0.0764488 0.0753293 0.0718294 0.0666485 0.0604388 0.0537494 0.0469916 0.0404245 0.0341756 0.0282924 0.0228009 0.0177513 0.0132323 0.00935491 0.00621252 0.00383967
 0.00870776 0.0141659 0.0213513 0.0301879 0.0403446 0.0510763 0.0611993 0.0693852 0.074648 0.0766624 0.075707 0.072374 0.0673149 0.0611275 0.05433 0.0473487 0.0405023 0.0339968 0.0279416 0.0223854 0.0173611 0.0129195 0.00913349 0.00607141 0.00375775
 0.00844033 0.0137195 0.0206623 0.0292018 0.0390418 0.0495061 0.0595021 0.0677795 0.0733753 0.0759162 0.0755829 0.0728624 0.0683231 0.0625084 0.055905 0.0489302 0.0419237 0.0351446 0.0287752 0.0229324 0.0176902 0.013107 0.00923976 0.00613408 0.00379613
 0.00862016 0.0139733 0.0209699 0.0295126 0.0392797 0.0495831 0.0593393 0.0673317 0.0726568 0.0750148 0.0746491 0.0720703 0.0678171 0.0623626 0.0561092 0.0494025 0.0425392 0.0357718 0.0293095 0.0233187 0.0179252 0.0132238 0.00928344 0.00614287 0.00379346
 0.00844937 0.0137286 0.0206617 0.0291684 0.038932 0.0492515 0.0590178 0.0669908 0.0722604 0.0745446 0.074126 0.0715612 0.0674226 0.0621862 0.0562216 0.0498133 0.0431911 0.0365579 0.0301073 0.024025 0.0184798 0.0136139 0.00953142 0.00628686 0.00387083
 0.00857715 0.01391 0.0208869 0.0294138 0.0391697 0.0494614 0.0591933 0.0671319 0.072357 0.0745649 0.0740217 0.0712921 0.0669878 0.0616412 0.0556674 0.0493622 0.0429248 0.0364998 0.0302209 0.0242367 0.0187122 0.0138115 0.00967084 0.00637053 0.00391404
 0.00843697 0.0137081 0.0206303 0.029124 0.0388743 0.0491829 0.0589432 0.0669142 0.0721781 0.0744391 0.0739649 0.0713075 0.067057 0.0617319 0.0557548 0.0494477 0.0430361 0.0366713 0.030468 0.0245427 0.0190353 0.0141051 0.00990283 0.00653134 0.00401253
 0.00838208 0.0136075 0.0204599 0.0288589 0.0385004 0.0487118 0.0584204 0.066412 0.0717721 0.074181 0.0738694 0.0713573 0.0672179 0.0619659 0.0560266 0.0497302 0.0433158 0.0369495 0.0307537 0.0248393 0.0193322 0.0143796 0.0101315 0.00670092 0.00412408
 0.00843247 0.0136862 0.0205705 0.0289989 0.0386565 0.0488573 0.058517 0.0664201 0.0716679 0.0739715 0.0735929 0.0710686 0.0669662 0.0617793 0.0559103 0.0496745 0.0433067 0.0369769 0.0308132 0.024929 0.0194464 0.0145058 0.0102526 0.00680192 0.00419735
#pred catch len freq
 0.00367234 0.00595249 0.00896038 0.0127299 0.0172806 0.0225623 0.0283897 0.0344404 0.0403251 0.0456725 0.0501843 0.0536696 0.0560678 0.0574476 0.0579745 0.0578694 0.0573755 0.0567178 0.0560207 0.0551776 0.0537475 0.0510173 0.0463121 0.0394429 0.0309896
 0.00398986 0.00642394 0.00958981 0.0135002 0.0181692 0.0235609 0.0295099 0.0356954 0.0416965 0.0470848 0.05151 0.054768 0.0568378 0.0578624 0.0580794 0.0577424 0.0570729 0.0562309 0.0552671 0.0540392 0.0521455 0.0489867 0.0440302 0.0371837 0.0290233
 0.00415819 0.00672558 0.010093 0.014279 0.0192793 0.0250065 0.0312219 0.0375415 0.0435253 0.0487736 0.0529834 0.0559799 0.0577423 0.058407 0.0582251 0.057488 0.0564537 0.0552882 0.0540127 0.0524493 0.0501988 0.046728 0.0416103 0.0348377 0.0269916
 0.00444143 0.0071555 0.010688 0.0150492 0.0202408 0.0261955 0.0326889 0.0393191 0.0455807 0.0509792 0.0551331 0.0578473 0.0591487 0.0592561 0.0584956 0.057204 0.0556598 0.0540344 0.0523448 0.0504072 0.0478334 0.0441348 0.038955 0.0323407 0.0248667
 0.00461871 0.00747141 0.0112129 0.0158611 0.0214034 0.0277278 0.0345448 0.0413952 0.0477528 0.0531382 0.0571909 0.059713 0.0607039 0.0603616 0.0590272 0.0570898 0.0548921 0.0526561 0.0504272 0.0480381 0.0451235 0.0412357 0.0360674 0.0296919 0.0226555
 0.00481438 0.00778955 0.0116958 0.0165589 0.0223768 0.029043 0.0362551 0.0435085 0.050199 0.0557582 0.0597621 0.0620047 0.0625307 0.0616055 0.0596237 0.0570053 0.0541136 0.0511984 0.0483432 0.0454258 0.0421311 0.038063 0.0329554 0.0268865 0.0203519
 0.00506487 0.00818711 0.0122772 0.0173549 0.0234114 0.0303319 0.0378014 0.0452995 0.0522029 0.0579182 0.0619846 0.0641501 0.064422 0.0630581 0.0604841 0.0571751 0.0535522 0.0499126 0.0463821 0.0428873 0.0391728 0.0349051 0.02986 0.0241119 0.0180923
 0.00532349 0.00860099 0.0128886 0.0182005 0.0245183 0.0317097 0.0394319 0.0471308 0.0541541 0.0598935 0.0638883 0.0658937 0.0659205 0.064221 0.0612111 0.0573642 0.0531183 0.0488087 0.0446159 0.0405331 0.0363801 0.0318948 0.0268987 0.0214596 0.0159402
 0.00560269 0.00903669 0.0135116 0.0190309 0.0255666 0.0329772 0.0409058 0.0487762 0.0559083 0.0616687 0.065582 0.0674044 0.0671621 0.065128 0.0617324 0.0574499 0.0527137 0.0478624 0.0431037 0.0384878 0.033914 0.0292019 0.0242273 0.0190568 0.0139888
 0.00582962 0.00941294 0.0140909 0.0198664 0.0266983 0.0344133 0.0426056 0.0506468 0.0578224 0.0634923 0.0671989 0.0687274 0.0681326 0.0657121 0.0619141 0.0572219 0.0520669 0.0467822 0.0415808 0.0365438 0.0316307 0.0267356 0.0217906 0.016869 0.0122149
 0.0060545 0.00977537 0.0146324 0.0206283 0.0277198 0.0357239 0.0442098 0.0525058 0.0598408 0.0655212 0.0690584 0.0702443 0.06918 0.0662305 0.0619072 0.0567324 0.0511477 0.0454773 0.0399243 0.0345775 0.0294303 0.0244298 0.0195532 0.0148815 0.0106138
