SBPRF35
7.78865
Curr Bio
635198
B35
673344
F35
0.2265
FOFL
0.210134
OFL
99619.9
Bzero
2.22533e+006
#pred survey bio
 3.71576e+006 3.22753e+006 2.8738e+006 2.5437e+006 2.23913e+006 1.97173e+006 1.7278e+006 1.51286e+006 1.29642e+006 1.1376e+006 1.01658e+006 905495 835626 773324 717370 692565 662340 647182 626915 610406 592681 579970 577541 572947 581242 576326 578703 576871 569803 555916 544068 532917 523636 512982 516007 523391 527556 540509 544384 566384 576686 579042 586475 592711 609125 616922 634117 2.19074e+007 1.34615e+007 1.38679e+007 1.44183e+007 1.50156e+007 1.55716e+007 1.60444e+007 1.64242e+007 1.67179e+007 1.69395e+007 1.71042e+007 1.72256e+007 1.73148e+007 1.73803e+007 1.74285e+007 1.74642e+007 1.74907e+007 1.75105e+007 1.75254e+007 1.75366e+007 1.75451e+007 1.75516e+007 1.75565e+007 1.75603e+007 1.75632e+007 1.75654e+007 1.75671e+007 1.75684e+007 1.75694e+007 1.75702e+007 1.75708e+007 1.75712e+007 1.75716e+007 1.75719e+007 1.75721e+007 1.75722e+007 1.75724e+007 1.75725e+007 1.75725e+007 1.75726e+007 1.75727e+007 1.75727e+007 1.75727e+007 1.75727e+007 1.75728e+007 1.75728e+007 1.75728e+007 1.75728e+007 1.75728e+007 1.75728e+007 1.75728e+007 1.75728e+007 1.75728e+007 1.75728e+007 1.75728e+007 1.75728e+007 1.75728e+007 1.75728e+007 1.75728e+007 1.75728e+007 1.75728e+007 1.75728e+007 1.75728e+007 1.75728e+007 1.75728e+007 1.75728e+007 1.75728e+007 1.75728e+007 1.75728e+007 1.75728e+007 1.75728e+007 1.75728e+007 1.75728e+007 1.75728e+007 1.75728e+007 1.75728e+007 1.75728e+007 1.75728e+007 1.75728e+007 1.75728e+007 1.75728e+007 1.75728e+007 1.75728e+007 1.75728e+007 1.75728e+007 1.75728e+007 1.75728e+007 1.75728e+007 1.75728e+007 1.75728e+007 1.75728e+007 1.75728e+007 1.75728e+007 1.75728e+007 1.75728e+007 1.75728e+007 1.75728e+007 1.75728e+007 1.75728e+007 1.75728e+007 0 0 0 0 0 0 0 0 0 0 0 0 0 0 0 0 0 0 0 0 0 0 0 0 0
#obs survey bio
 4.12599e+006 1.65374e+006 3.24582e+006 2.68192e+006 1.87086e+006 1.49696e+006 1.16497e+006 1.10088e+006 1.05824e+006 997523 793064 779191 944480 712108 628760 701790 609314 800474 469250 667550 671658 610352 483847 464999 618018 365218 616055 602474 592752 421892 541028 675118 663363 332973 581574 488084 569577 534117 578244 747327 605734 688101 587724 406322 554246 791789 488828
#pred catch bio
 355571 273038 288413 297764 291883 293169 284370 297597 254371 226711 221595 187350 180032 171713 142184 143620 127513 128605 122011 119402 111767 101245 102704 92458.4 103798 96305.3 97419.8 98529.2 100494 94737 90510.1 87783.9 91962.5 84876.1 84246.3 88462.1 82459.8 91732.5 78538.9 90529.4 97854.1 93652.1 95826.2 90384.3 101189 96812.2 121147 99619.9 108500 110777 114117 118090 121840 124958 127362 129123 130367 131220 131793 132172 132419 132579 132681 132745 132786 132812 132828 132839 132845 132849 132851 132853 132854 132854 132855 132855 132855 132855 132855 132855 132855 132855 132855 132855 132855 132855 132855 132855 132855 132855 132855 132855 132855 132855 132855 132855 132855 132855 132855 132855 132855 132855 132855 132855 132855 132855 132855 132855 132855 132855 132855 132855 132855 132855 132855 132855 132855 132855 132855 132855 132855 132855 132855 132855 132855 132855 132855 132855 132855 132855 132855 132855 132855 132855 132855 132855 132855 132855 132855 132855 132855 132855 132855 132855 132855 132855 132855 0 0 0 0 0 0 0 0 0 0 0 0 0 0 0 0 0 0 0 0 0 0 0 0 0
#obs catch bio
 256393 274009 290536 300098 294911 296792 288400 303357 258764 229654 226303 191129 183163 174824 144288 145653 128908 129783 123190 120416 112133 101372 103077 92891.5 104870 97514.3 97996.2 98744.1 100789 94857.2 90586.6 87563.6 91866.8 85070.4 83780.2 88151.2 81842.4 91608 78195.4 90450.8 97809.3 93290.3 95076.5 90043.9 101627 96156.9 121362
#pred cpue bio
 3.64733e+006 3.16202e+006 2.80977e+006 2.48128e+006 2.17891e+006 1.91358e+006 1.67188e+006 1.45926e+006 1.24582e+006 1.08929e+006 969901 860475 791938 731528 677532 653928 625219 611077 591988 576514 559997 548201 545988 541337 549154 544511 547378 546474 540413 527639 516874 506659 497157 485069 486741 493814 497994 510436 513903 534903 544755 547098 554423 560076 575090 581981 597961 2.06312e+007 1.26821e+007 1.30468e+007 1.35438e+007 1.41215e+007 1.46729e+007 1.5145e+007 1.55246e+007 1.58183e+007 1.60399e+007 1.62046e+007 1.6326e+007 1.64152e+007 1.64807e+007 1.65289e+007 1.65646e+007 1.65911e+007 1.66109e+007 1.66258e+007 1.6637e+007 1.66455e+007 1.6652e+007 1.66569e+007 1.66606e+007 1.66635e+007 1.66657e+007 1.66674e+007 1.66688e+007 1.66698e+007 1.66705e+007 1.66711e+007 1.66716e+007 1.6672e+007 1.66722e+007 1.66725e+007 1.66726e+007 1.66728e+007 1.66729e+007 1.66729e+007 1.6673e+007 1.6673e+007 1.66731e+007 1.66731e+007 1.66731e+007 1.66731e+007 1.66731e+007 1.66732e+007 1.66732e+007 1.66732e+007 1.66732e+007 1.66732e+007 1.66732e+007 1.66732e+007 1.66732e+007 1.66732e+007 1.66732e+007 1.66732e+007 1.66732e+007 1.66732e+007 1.66732e+007 1.66732e+007 1.66732e+007 1.66732e+007 1.66732e+007 1.66732e+007 1.66732e+007 1.66732e+007 1.66732e+007 1.66732e+007 1.66732e+007 1.66732e+007 1.66732e+007 1.66732e+007 1.66732e+007 1.66732e+007 1.66732e+007 1.66732e+007 1.66732e+007 1.66732e+007 1.66732e+007 1.66732e+007 1.66732e+007 1.66732e+007 1.66732e+007 1.66732e+007 1.66732e+007 1.66732e+007 1.66732e+007 1.66732e+007 1.66732e+007 1.66732e+007 1.66732e+007 1.66732e+007 1.66732e+007 1.66732e+007 1.66732e+007 1.66732e+007 1.66732e+007 1.66732e+007 1.66732e+007 0 0 0 0 0 0 0 0 0 0 0 0 0 0 0 0 0 0 0 0 0 0 0 0 0
#obs cpue bio
 2.67528e+006 2.10203e+006 2.26116e+006 2.34846e+006 1.81118e+006 2.11875e+006 1.82044e+006 1.57234e+006 1.1658e+006 1.25178e+006 711153 641345 691768 637055 550740 656679 568643 534971 624089 520923 625257 519174 589854 451054 408166 503629 801445 655606 502848 723190 526937 508878 408408 515739 832390 522750 593848 422362 476936 385580 532216 567793 889428 545479 399374 869863 530094
#pred surv len freq
 0.00514572 0.00829343 0.0123721 0.0173378 0.0230771 0.0293396 0.0356911 0.0415936 0.0465876 0.050436 0.053133 0.0548209 0.0557023 0.0559834 0.0558355 0.0553736 0.0546543 0.053683 0.0523974 0.0506215 0.0480317 0.0442198 0.0388977 0.0321602 0.0246115
 0.00562854 0.0090277 0.0133878 0.0186427 0.0246732 0.0312397 0.0379134 0.0441252 0.0493328 0.0531833 0.0555739 0.0566253 0.0566206 0.0559242 0.0548836 0.0537444 0.052611 0.0514506 0.0501077 0.0483097 0.0456841 0.0418453 0.0365776 0.030041 0.0228467
 0.0058392 0.00940052 0.0140029 0.0195879 0.0260191 0.0330048 0.0400415 0.0464946 0.0517977 0.0556135 0.0578586 0.0586392 0.058193 0.0568546 0.0550068 0.0530037 0.0510881 0.0493322 0.0476129 0.0456249 0.0429431 0.0391537 0.0340496 0.0278087 0.0210291
 0.0061151 0.00982761 0.0146099 0.0203983 0.0270605 0.0343166 0.0416665 0.0484525 0.0540511 0.058049 0.0602994 0.0608841 0.0600543 0.0581729 0.0556484 0.0528658 0.0501262 0.0475909 0.0452316 0.0428083 0.0399178 0.0361385 0.0312431 0.0253793 0.0190924
 0.00640291 0.0102916 0.0153002 0.0213568 0.0283117 0.0358555 0.0434504 0.050407 0.05609 0.0600949 0.0622852 0.0627352 0.0616693 0.0594213 0.0563875 0.052965 0.0494913 0.046189 0.0431131 0.0401158 0.0368727 0.0330065 0.0282896 0.0228243 0.0170732
 0.00667148 0.0107236 0.0159424 0.0222524 0.0294948 0.0373409 0.0452193 0.0523961 0.0581933 0.062181 0.0642233 0.0644181 0.0630219 0.0603905 0.0569207 0.0529947 0.048939 0.0449908 0.0412568 0.0376746 0.0340174 0.0299878 0.0253894 0.0202916 0.0150679
 0.00694429 0.0111627 0.0165958 0.0231633 0.0306957 0.0388434 0.0470008 0.0543919 0.0602998 0.064269 0.0661555 0.0660664 0.0642834 0.0611978 0.0572395 0.0528091 0.0482334 0.0437448 0.0394634 0.0353753 0.031335 0.027131 0.0226181 0.0178524 0.0131281
 0.00717312 0.011538 0.0171672 0.0239804 0.0318002 0.0402551 0.0487022 0.0563187 0.0623461 0.0663026 0.0680372 0.0676665 0.0654952 0.0619461 0.0574839 0.0525388 0.0474553 0.0424733 0.0377216 0.0332134 0.028857 0.0245093 0.0200748 0.0156072 0.0113368
 0.00753781 0.012112 0.0179969 0.0250985 0.0332232 0.0419781 0.0506879 0.0584883 0.0645789 0.0684488 0.0699383 0.0691789 0.0665101 0.0624014 0.057365 0.0518683 0.0462783 0.0408441 0.0356998 0.0308733 0.0263066 0.0219024 0.0176009 0.0134521 0.00963022
 0.00793521 0.0127234 0.0188528 0.0262056 0.0345667 0.0435251 0.0523884 0.060273 0.0663622 0.070136 0.0714339 0.0703919 0.0673585 0.0628191 0.0573106 0.0513305 0.0452757 0.0394195 0.0339151 0.0288102 0.0240737 0.0196401 0.015471 0.0116072 0.00817472
 0.00818868 0.0131416 0.019492 0.0271182 0.0357855 0.0450424 0.0541373 0.0621291 0.0681704 0.07175 0.0727468 0.071344 0.0679262 0.0629981 0.0571031 0.0507423 0.0443196 0.0381215 0.0323202 0.0269879 0.0221217 0.0176825 0.0136457 0.0100393 0.00694584
 0.00833965 0.0134032 0.0199169 0.0277679 0.03672 0.0463002 0.0557117 0.0639515 0.0701086 0.0736269 0.0743728 0.0725576 0.0686272 0.0631613 0.056766 0.0499769 0.0432046 0.0367279 0.0307127 0.0252357 0.0203091 0.0159122 0.0120286 0.00867255 0.00588818
 0.00836281 0.0134399 0.0199725 0.0278534 0.0368577 0.0465292 0.0560875 0.064533 0.0709351 0.0746903 0.075602 0.0738235 0.0697712 0.0640347 0.0572652 0.0500602 0.0428869 0.0360622 0.029771 0.0240984 0.0190645 0.0146566 0.0108594 0.00767308 0.00510956
 0.0084301 0.0135463 0.0201267 0.0280608 0.0371193 0.0468408 0.0564409 0.0649211 0.0713587 0.0751614 0.0761366 0.0744239 0.0704073 0.0646379 0.0577418 0.0503188 0.042866 0.0357454 0.0291861 0.0233066 0.0181475 0.0137051 0.00996174 0.00690166 0.00450774
 0.00851023 0.0136747 0.0203163 0.0283219 0.0374569 0.0472506 0.0569056 0.0654097 0.0718316 0.075582 0.0764826 0.0746929 0.0706129 0.0647954 0.0578514 0.050357 0.0427919 0.0355186 0.0287875 0.0227499 0.0174787 0.0129919 0.00927761 0.00630862 0.00404349
 0.00848263 0.0136221 0.020224 0.0281739 0.0372432 0.0469772 0.0566016 0.0651255 0.0716266 0.0755064 0.0765632 0.0749286 0.0709794 0.0652537 0.0583553 0.0508551 0.0432295 0.0358421 0.0289548 0.0227434 0.0173127 0.0127106 0.00894224 0.00597994 0.00376616
 0.00850944 0.0136673 0.0202939 0.0282723 0.0373675 0.0471136 0.0567242 0.0652029 0.0716358 0.0754463 0.0764588 0.074822 0.0709125 0.0652536 0.0584264 0.0509815 0.0433797 0.0359765 0.0290339 0.022738 0.0172134 0.0125321 0.00871843 0.00575183 0.00356805
 0.00849081 0.0136294 0.0202233 0.028154 0.0371905 0.046879 0.0564505 0.0649232 0.0713871 0.0752575 0.0763452 0.0747891 0.0709627 0.0653886 0.0586438 0.051268 0.0437081 0.0363084 0.0293272 0.0229567 0.0173374 0.0125623 0.00867539 0.00566753 0.00347434
 0.00846581 0.0135997 0.020198 0.0281459 0.0372094 0.0469236 0.0565037 0.0649572 0.0713761 0.0751912 0.0762342 0.0746588 0.0708425 0.0653029 0.0586088 0.0512909 0.0437863 0.0364278 0.0294634 0.0230806 0.017424 0.012599 0.00866505 0.00562528 0.00341978
 0.00837711 0.0134657 0.0200161 0.0279226 0.0369611 0.0466754 0.0562862 0.0647997 0.071297 0.0751903 0.0762931 0.0747511 0.070947 0.0654115 0.0587253 0.0514237 0.0439404 0.0366005 0.029643 0.0232493 0.017563 0.0126953 0.00871616 0.00563918 0.00341052
 0.00845987 0.01357 0.0201177 0.0279815 0.0369339 0.046535 0.0560371 0.0644808 0.0709683 0.074912 0.0761067 0.0746706 0.0709606 0.0654923 0.0588445 0.0515607 0.0440852 0.0367492 0.029792 0.0233911 0.0176869 0.0127913 0.0087794 0.00567202 0.003421
 0.00863155 0.0138207 0.0204406 0.0283471 0.0372926 0.0468245 0.0561943 0.0644563 0.0707443 0.0745158 0.0756093 0.074166 0.0705342 0.0651951 0.058686 0.0515186 0.044124 0.0368352 0.0298998 0.0235031 0.0177903 0.0128769 0.00884183 0.00571101 0.00344073
 0.0087703 0.0140286 0.0207195 0.0286844 0.0376613 0.0471851 0.0564974 0.0646477 0.0707759 0.0743603 0.0752746 0.0736992 0.0700124 0.0647046 0.0582968 0.0512672 0.0440096 0.0368301 0.0299649 0.0236017 0.0178948 0.0129695 0.0089138 0.00576025 0.00347009
 0.00881657 0.0141168 0.0208753 0.0289371 0.0380331 0.047676 0.0570726 0.065237 0.0712882 0.0747079 0.0753955 0.0735719 0.0696599 0.064189 0.0577046 0.0506875 0.0435124 0.0364527 0.0297114 0.0234524 0.0178198 0.0129398 0.00890703 0.00576223 0.00347348
 0.00862478 0.0138343 0.0205062 0.0285081 0.0375916 0.0472823 0.0567902 0.0651201 0.0713659 0.0749703 0.0757901 0.0740169 0.0700702 0.0645021 0.0578964 0.050772 0.0435293 0.0364475 0.0297184 0.0234862 0.0178771 0.0130074 0.0089709 0.0058132 0.00350869
 0.00841376 0.0135256 0.0201059 0.0280465 0.0371171 0.046851 0.0564562 0.0649295 0.0713508 0.0751413 0.0761295 0.0744767 0.0705797 0.0649843 0.0582875 0.0510379 0.0436708 0.0364942 0.0297125 0.0234659 0.0178657 0.0130117 0.00898687 0.00583298 0.00352607
 0.00822313 0.0132142 0.0196369 0.0273911 0.0362683 0.0458416 0.0553716 0.0639016 0.070529 0.0746506 0.0760368 0.0747791 0.0712129 0.0658426 0.059248 0.051985 0.0445171 0.0371918 0.0302524 0.0238665 0.0181566 0.013221 0.00913526 0.00593478 0.00359197
 0.00811828 0.0130448 0.0193829 0.027032 0.0357842 0.0452181 0.0546096 0.0630304 0.0696165 0.0738024 0.0753788 0.0744251 0.0712297 0.0662284 0.0599338 0.0528573 0.0454497 0.0380761 0.031016 0.0244775 0.0186159 0.0135492 0.0093596 0.00608122 0.00368248
 0.0080193 0.0128947 0.0191766 0.0267702 0.0354709 0.0448561 0.0541984 0.0625683 0.0691062 0.0732599 0.0748419 0.0739569 0.0709099 0.0661314 0.0601018 0.0532806 0.0460667 0.0387922 0.0317325 0.0251169 0.0191351 0.0139376 0.00962982 0.00625689 0.00378921
 0.00792195 0.0127484 0.0189789 0.0265273 0.0351961 0.0445664 0.0539113 0.0622979 0.0688594 0.0730335 0.0746265 0.0737462 0.0707136 0.0659818 0.0600475 0.0533676 0.0463153 0.0391838 0.0322132 0.0256167 0.0195907 0.0143088 0.00990349 0.00644092 0.00390262
 0.00794049 0.012754 0.018943 0.02641 0.0349594 0.0441934 0.0534211 0.0617459 0.0683205 0.0725774 0.074297 0.0735549 0.0706468 0.0660158 0.0601643 0.0535627 0.0465938 0.0395465 0.0326442 0.0260791 0.0200368 0.0146957 0.0102054 0.00665362 0.00403816
 0.00864634 0.0137504 0.0201612 0.0276873 0.0360794 0.0449557 0.0537013 0.0615204 0.0676562 0.0716031 0.0731701 0.0724285 0.0696399 0.065197 0.0595534 0.0531477 0.0463507 0.0394512 0.0326727 0.0262022 0.0202172 0.0148929 0.0103849 0.00679474 0.00413554
 0.00929604 0.0147784 0.0216466 0.02966 0.0384861 0.0476226 0.05632 0.0636913 0.0689989 0.0718885 0.0723992 0.0708136 0.0675106 0.0628893 0.0573319 0.0511778 0.0447086 0.0381513 0.0316944 0.025507 0.0197567 0.0146132 0.010232 0.00672102 0.00410509
 0.0091633 0.0146835 0.0217276 0.0301207 0.0395428 0.0494155 0.0588274 0.0666901 0.072093 0.0745963 0.074273 0.0715578 0.0670606 0.0614159 0.0551696 0.0487107 0.0422687 0.0359645 0.0298764 0.0240884 0.0187134 0.0138911 0.00976398 0.0064385 0.00394713
 0.00888885 0.0142488 0.0211042 0.0293155 0.038627 0.0485525 0.0582724 0.0667348 0.0729528 0.0762891 0.076563 0.0740094 0.0691817 0.0628215 0.0556911 0.0484124 0.0413821 0.0347826 0.0286594 0.0230123 0.0178624 0.0132778 0.00935803 0.00619133 0.00380895
 0.00881982 0.0141155 0.0208645 0.0289169 0.0380206 0.0477187 0.0572531 0.0656572 0.0720291 0.0757763 0.0766826 0.0748496 0.0706315 0.0645833 0.0573806 0.0496987 0.042095 0.0349392 0.0284122 0.0225606 0.0173771 0.0128645 0.00905696 0.0059981 0.00369825
 0.00891323 0.0142485 0.0210275 0.0290832 0.0381464 0.0477471 0.0571236 0.0653229 0.0714832 0.0750789 0.075971 0.0743133 0.0704492 0.0648444 0.0580323 0.0505564 0.0429169 0.0355267 0.0286791 0.0225404 0.0171764 0.012601 0.00881576 0.00581857 0.00358396
 0.00891624 0.0142554 0.0210409 0.0291046 0.0381731 0.0477676 0.0571143 0.0652501 0.0713108 0.0747839 0.0755618 0.0738443 0.0700202 0.064577 0.0580238 0.0508313 0.0434054 0.0360899 0.0291694 0.0228625 0.0173136 0.0125984 0.00874184 0.00573053 0.00351303
 0.00899436 0.0143779 0.0212168 0.0293388 0.0384647 0.0481074 0.0574813 0.0656083 0.0716103 0.0749681 0.0755799 0.0736684 0.0696621 0.0640963 0.0575182 0.0504062 0.0431342 0.0359844 0.0291813 0.0229146 0.017341 0.0125746 0.00867675 0.00565108 0.00344295
 0.00883598 0.0141413 0.0208998 0.0289547 0.0380398 0.0476769 0.0570856 0.0652894 0.0714062 0.0749028 0.0756546 0.0738577 0.0699205 0.0643743 0.0577819 0.050649 0.0433729 0.0362397 0.0294569 0.0231894 0.0175805 0.012751 0.0087829 0.0056999 0.00345642
 0.00868794 0.0139253 0.020621 0.0286346 0.0377116 0.0473766 0.0568439 0.0651281 0.0713366 0.0749258 0.0757604 0.0740279 0.0701307 0.0645977 0.0579942 0.0508348 0.04353 0.0363781 0.0295898 0.0233225 0.0177073 0.0128579 0.00885889 0.0057435 0.0034749
 0.00868598 0.0139095 0.020575 0.0285383 0.0375502 0.0471522 0.0565834 0.0648787 0.0711495 0.0748363 0.0757758 0.0741296 0.0702862 0.0647734 0.0581639 0.0509824 0.0436494 0.0364719 0.0296662 0.02339 0.0177701 0.0129141 0.0089036 0.00577341 0.00349082
 0.00895963 0.0142888 0.0210237 0.02898 0.0378871 0.047298 0.0564927 0.0645606 0.0706626 0.0742711 0.0752317 0.0736903 0.0699996 0.0646454 0.0581656 0.0510683 0.0437748 0.0366041 0.0297871 0.0234933 0.0178554 0.0129824 0.00895543 0.00580941 0.00351291
 0.00915433 0.014609 0.0215081 0.0296552 0.0387478 0.0482841 0.0574778 0.065371 0.0711305 0.0742986 0.0748286 0.0729647 0.0691118 0.063751 0.0573756 0.0504355 0.0433027 0.0362676 0.0295526 0.0233314 0.0177449 0.0129091 0.00890915 0.00578178 0.0034972
 0.00903858 0.0144577 0.0213502 0.0295444 0.0387529 0.048468 0.0578742 0.0659637 0.0718445 0.0750075 0.0753861 0.0732523 0.0690827 0.063445 0.0568972 0.0499069 0.0428217 0.0358861 0.0292799 0.0231511 0.0176322 0.0128415 0.00887001 0.00576002 0.00348565
 0.00923045 0.0147196 0.0216539 0.0298384 0.0389842 0.0486135 0.0579611 0.066062 0.0720307 0.0753197 0.075795 0.0736654 0.0693794 0.0635261 0.0567245 0.0495153 0.0422985 0.035333 0.0287787 0.022746 0.0173329 0.0126359 0.00873725 0.00567915 0.00343929
 0.00902484 0.0144538 0.0213775 0.0296318 0.0389272 0.0487415 0.0582383 0.0663965 0.0723264 0.0755308 0.0759434 0.0738099 0.0695626 0.0637391 0.0569116 0.0496109 0.0422664 0.0351838 0.0285587 0.0225114 0.017127 0.0124792 0.00863101 0.00561379 0.00340239
#obs surv len freq
 0.00496768 0.00813922 0.0123843 0.0177176 0.024013 0.0309035 0.0377603 0.0438566 0.0486389 0.0519046 0.0537729 0.0545313 0.0545026 0.0539871 0.0532469 0.0524958 0.0518783 0.0514283 0.051007 0.0502455 0.048562 0.0453264 0.0401618 0.0332367 0.0253317
 0.00518917 0.00849816 0.0129227 0.0184744 0.0250182 0.0321673 0.039262 0.0455384 0.0504121 0.0536635 0.0554084 0.0559397 0.0555903 0.0546732 0.0534679 0.0522108 0.0510748 0.0501291 0.0492748 0.0481854 0.0463191 0.0430738 0.0380768 0.0314668 0.0239632
 0.00542831 0.0088895 0.0135162 0.019318 0.0261474 0.0335909 0.0409474 0.0474078 0.0523557 0.0555618 0.0571514 0.0574342 0.0567577 0.0554448 0.0537821 0.0520152 0.0503336 0.0488348 0.047463 0.0459481 0.0438095 0.0404947 0.0356488 0.0293814 0.0223376
 0.00566153 0.00927348 0.0141032 0.02016 0.0272865 0.0350436 0.0426875 0.0493606 0.0544075 0.0575816 0.059013 0.0590298 0.0580026 0.0562748 0.0541469 0.0518717 0.0496452 0.0475803 0.0456556 0.0436583 0.0411809 0.0377394 0.0330129 0.027089 0.0205342
 0.00589969 0.00966436 0.0146986 0.021011 0.0284344 0.0365046 0.0444376 0.0513284 0.0564833 0.0596373 0.0609213 0.0606776 0.059297 0.0571445 0.0545394 0.0517486 0.0489767 0.0463476 0.0438652 0.0413669 0.0385184 0.0349125 0.0302759 0.0246836 0.0186256
 0.00612321 0.010031 0.0152567 0.0218081 0.029509 0.0378725 0.0460773 0.0531754 0.0584385 0.061585 0.0627465 0.0622762 0.0605796 0.0580375 0.0549845 0.0517003 0.0484008 0.0452229 0.0421945 0.0391984 0.0359691 0.0321765 0.0275997 0.0223099 0.016727
 0.00637185 0.0104375 0.0158725 0.0226822 0.0306777 0.0393443 0.0478173 0.055101 0.0604323 0.0635186 0.0645024 0.0637591 0.0617179 0.0587787 0.0552897 0.0515387 0.0477466 0.0440584 0.0405216 0.0370594 0.0334704 0.0294984 0.024976 0.0199752 0.0148523
 0.00663982 0.0108734 0.0165288 0.0236073 0.031906 0.040881 0.0496222 0.0570839 0.0624654 0.0654617 0.0662271 0.0651645 0.0627343 0.0593657 0.0554279 0.0512202 0.0469673 0.0428162 0.0388261 0.0349518 0.0310472 0.026923 0.0224624 0.0177405 0.0130563
 0.0068449 0.0112179 0.0170676 0.0243978 0.0329956 0.0422869 0.0513127 0.0589725 0.0644248 0.06735 0.0679132 0.0665419 0.0637274 0.0599284 0.0555402 0.0508805 0.0461843 0.041604 0.0372077 0.0329739 0.0288005 0.0245538 0.0201603 0.0156978 0.0114151
 0.00705578 0.0115602 0.0175825 0.0251243 0.0339653 0.0435135 0.0527792 0.0606233 0.0661684 0.0690713 0.0694902 0.0678621 0.0647001 0.060493 0.0556667 0.0505648 0.0454396 0.0404544 0.0356887 0.031141 0.0267436 0.0224061 0.0180885 0.0138682 0.0099492
 0.0072814 0.0119292 0.018141 0.0259151 0.0350169 0.0448255 0.0543084 0.0622826 0.0678427 0.0706429 0.0708585 0.0689508 0.0654543 0.0608751 0.0556553 0.0501549 0.0446418 0.0392937 0.0342049 0.0293938 0.0248221 0.0204328 0.0162095 0.0122251 0.00864194
 0.00741282 0.0121503 0.0184879 0.0264268 0.0357279 0.0457532 0.0554407 0.0635708 0.0692071 0.0719867 0.0720846 0.0699746 0.0662111 0.0613222 0.0557689 0.0499257 0.0440727 0.0383999 0.0330173 0.0279654 0.0232336 0.018794 0.0146477 0.0108604 0.00755776
 0.00751616 0.0123153 0.0187314 0.0267642 0.0361732 0.0463172 0.0561269 0.0643708 0.0700971 0.0729264 0.0730185 0.0708372 0.0669351 0.0618465 0.0560462 0.049926 0.0437826 0.0378221 0.0321721 0.0268951 0.022007 0.0175056 0.0134071 0.00977052 0.00668952
 0.00759162 0.0124343 0.0189037 0.0269967 0.036469 0.0466751 0.0565407 0.0648306 0.0705919 0.073447 0.0735561 0.0713779 0.067453 0.0623018 0.056389 0.0501051 0.043756 0.0375643 0.0316801 0.0261922 0.021145 0.0165626 0.0124759 0.00893938 0.00602089
 0.00765731 0.0125345 0.0190424 0.0271732 0.0366791 0.0469123 0.0567971 0.065098 0.0708633 0.0737186 0.0738288 0.0716552 0.0677361 0.0625832 0.0566469 0.0503036 0.0438504 0.0375124 0.0314538 0.0257885 0.0205913 0.0159153 0.0118095 0.00832842 0.00552072
 0.00771638 0.0126255 0.0191695 0.0273366 0.0368739 0.0471289 0.0570214 0.0653135 0.0710551 0.0738784 0.0739579 0.0717632 0.0678364 0.0626863 0.0567546 0.0504044 0.0439187 0.0375134 0.0313533 0.0255657 0.02025 0.0154868 0.0113467 0.00788992 0.00515352
 0.00775686 0.0126881 0.0192578 0.0274513 0.0370129 0.0472865 0.0571885 0.0654777 0.0712031 0.0739995 0.0740471 0.0718224 0.0678739 0.0627134 0.0567813 0.050434 0.0439441 0.0375158 0.031307 0.0254477 0.0200508 0.0152182 0.0110406 0.00758817 0.00489332
 0.00783494 0.0128069 0.0194213 0.0276571 0.0372527 0.0475469 0.0574514 0.0657218 0.0714067 0.0741447 0.074124 0.0718308 0.0678224 0.0626172 0.056659 0.0503026 0.0438144 0.0373888 0.0311737 0.0252935 0.0198646 0.0150004 0.0108057 0.00736073 0.00469762
 0.00783953 0.0128179 0.0194441 0.0276986 0.0373188 0.0476393 0.0575657 0.0658475 0.0715305 0.0742548 0.0742126 0.0718943 0.0678598 0.0626295 0.0566488 0.0502744 0.0437732 0.0373376 0.0311112 0.0252143 0.0197625 0.0148743 0.0106634 0.00721733 0.00457
 0.00786916 0.0128569 0.019486 0.0277331 0.0373355 0.047634 0.0575443 0.0658244 0.071522 0.0742716 0.0742555 0.0719552 0.0679269 0.0626917 0.0566983 0.0503071 0.0437883 0.0373355 0.0310922 0.0251774 0.0197065 0.0147999 0.0105757 0.00712616 0.00448673
 0.00787956 0.0128724 0.0195064 0.027756 0.0373558 0.0476438 0.0575341 0.0657873 0.0714585 0.074193 0.0741816 0.0719073 0.0679187 0.0627241 0.0567611 0.0503845 0.0438648 0.0373998 0.0311373 0.0251998 0.0197052 0.0147768 0.010536 0.00707771 0.00443851
 0.00791396 0.0129228 0.019572 0.0278322 0.0374355 0.0477186 0.0575959 0.0658281 0.0714712 0.0741727 0.0741286 0.0718297 0.0678317 0.0626455 0.0567051 0.0503565 0.0438608 0.0374098 0.0311499 0.0252059 0.0196996 0.0147584 0.0105071 0.00704349 0.00440485
 0.00789269 0.0128903 0.019527 0.0277748 0.0373669 0.0476414 0.0575137 0.065746 0.0713958 0.0741113 0.0740871 0.0718116 0.0678376 0.0626748 0.0567563 0.050428 0.0439489 0.0375075 0.0312473 0.0252924 0.019767 0.0148028 0.0105297 0.00704907 0.00440012
 0.00790626 0.0129052 0.0195364 0.0277683 0.0373341 0.0475764 0.0574192 0.0656334 0.071281 0.0740095 0.0740093 0.071763 0.0678194 0.0626854 0.0567926 0.050486 0.044024 0.0375939 0.0313377 0.0253785 0.0198407 0.0148586 0.010566 0.00706828 0.00440706
 0.00788047 0.0128671 0.0194856 0.0277062 0.037262 0.0474939 0.0573239 0.0655232 0.0711583 0.0738839 0.0738969 0.0716819 0.0677831 0.062699 0.0568526 0.0505827 0.0441454 0.0377279 0.0314732 0.0255056 0.0199512 0.0149467 0.0106297 0.00710936 0.0044302
 0.00787223 0.0128462 0.0194408 0.0276237 0.0371305 0.0473115 0.0571029 0.0652888 0.0709403 0.0737068 0.0737746 0.0716187 0.067778 0.062749 0.056953 0.0507257 0.0443193 0.0379183 0.031665 0.0256852 0.0201078 0.0150736 0.0107244 0.00717387 0.00446992
 0.00783045 0.0127836 0.0193559 0.0275176 0.0370043 0.0471649 0.056934 0.0650974 0.0707335 0.0735015 0.0735959 0.0714923 0.0677221 0.0627696 0.0570447 0.0508757 0.044511 0.0381341 0.0318872 0.0258973 0.0202962 0.0152288 0.0108427 0.00725658 0.0045226
 0.00783995 0.0127905 0.0193509 0.0274875 0.0369368 0.0470543 0.0567857 0.0649266 0.0705584 0.0733368 0.0734505 0.071372 0.0676345 0.0627247 0.0570515 0.0509378 0.0446241 0.0382863 0.0320622 0.0260773 0.0204649 0.015374 0.0109571 0.00733899 0.00457659
 0.00779126 0.0127187 0.0192561 0.0273733 0.036808 0.0469135 0.0566323 0.0647596 0.0703816 0.0731621 0.0732962 0.0712576 0.0675737 0.062723 0.0571077 0.0510465 0.0447776 0.038474 0.0322703 0.0262893 0.0206642 0.0155465 0.0110945 0.0074392 0.00464314
 0.00775772 0.0126582 0.0191548 0.0272167 0.0365866 0.0466304 0.0563085 0.0644311 0.0700882 0.0729347 0.0731498 0.0711927 0.067584 0.0628007 0.0572448 0.0512344 0.0450052 0.0387284 0.0325365 0.0265512 0.0209058 0.0157545 0.0112602 0.00756052 0.0047243
 0.00772151 0.0125985 0.0190632 0.0270841 0.0364043 0.046393 0.0560174 0.064099 0.0697407 0.0726081 0.0728835 0.0710197 0.0675219 0.0628491 0.0573896 0.0514539 0.0452767 0.0390302 0.0328485 0.0268545 0.0211833 0.0159922 0.0114495 0.00769962 0.00481785
 0.00930777 0.0148163 0.0217344 0.02982 0.0387189 0.0478827 0.0565035 0.0636539 0.0686052 0.0710702 0.0711907 0.0693476 0.0659807 0.061501 0.0562619 0.0505488 0.0445786 0.0385137 0.0324842 0.0266128 0.0210355 0.0159118 0.0114131 0.00768836 0.00481831
 0.00928816 0.015082 0.0226585 0.0318656 0.0422371 0.05284 0.0623091 0.0692557 0.0728629 0.0732043 0.0710396 0.0673099 0.0627407 0.0577374 0.0524803 0.047051 0.0415091 0.03592 0.0303621 0.0249322 0.0197527 0.0149744 0.0107629 0.00726413 0.00456029
 0.00895583 0.0145566 0.0219176 0.0309561 0.0413305 0.052271 0.0625363 0.0706977 0.0756476 0.0769817 0.0750245 0.0705799 0.0646215 0.0580378 0.0514626 0.0452151 0.0393572 0.0338187 0.0285168 0.0234242 0.0185884 0.0141219 0.0101726 0.00688015 0.00432751
 0.00877585 0.0142563 0.0214518 0.0302809 0.0404198 0.051148 0.0613144 0.0696097 0.0750287 0.0771782 0.0762379 0.0727188 0.067266 0.0605749 0.0533354 0.046137 0.0393699 0.0331922 0.0275848 0.0224577 0.0177487 0.0134723 0.00971339 0.00658045 0.00414675
 0.00872435 0.0141629 0.0212927 0.0300254 0.0400349 0.0506072 0.0606113 0.0687745 0.0741459 0.0763983 0.0757675 0.0727697 0.0679623 0.0618615 0.0549535 0.0477077 0.0405498 0.0338074 0.027666 0.022175 0.017306 0.013028 0.00935289 0.0063272 0.00398827
 0.0086964 0.0141201 0.0212324 0.0299442 0.0399263 0.0504581 0.0604016 0.0684813 0.0737547 0.0759188 0.0752512 0.0723177 0.0677112 0.0619392 0.0554151 0.048486 0.0414617 0.0346258 0.0282178 0.0224048 0.0172716 0.0128447 0.00913067 0.00613561 0.00385301
 0.00867196 0.0140791 0.0211685 0.0298517 0.0398015 0.0503021 0.0602207 0.0682847 0.0735482 0.0757019 0.0750197 0.0720762 0.067489 0.0617956 0.0554245 0.0487017 0.0418765 0.0351583 0.0287413 0.0228038 0.0174906 0.0128989 0.0090799 0.00604534 0.0037682
 0.00866662 0.0140657 0.0211394 0.0297971 0.0397116 0.0501713 0.0600513 0.0680879 0.0733414 0.0755034 0.0748429 0.0719274 0.0673703 0.0617136 0.0553982 0.0487605 0.0420452 0.0354343 0.0290828 0.0231413 0.0177578 0.0130618 0.00914457 0.00604458 0.00373897
 0.0086603 0.0140605 0.0211406 0.0298111 0.0397427 0.0502168 0.0600987 0.0681171 0.0733324 0.0754441 0.0747348 0.0717836 0.0672102 0.0615577 0.0552658 0.0486715 0.0420188 0.0354826 0.0292007 0.0233023 0.0179215 0.0131914 0.00922235 0.00607443 0.0037381
 0.00865616 0.0140523 0.021126 0.029788 0.0397112 0.0501807 0.0600661 0.0680971 0.0733297 0.0754545 0.0747453 0.0717787 0.0671795 0.0615013 0.0551944 0.0486027 0.0419721 0.0354741 0.0292377 0.0233789 0.0180191 0.0132861 0.00929488 0.00611751 0.00375592
 0.00861153 0.0139866 0.0210396 0.0296858 0.0396007 0.0500701 0.0599629 0.0680084 0.0732633 0.075418 0.0747436 0.0718102 0.067235 0.0615667 0.0552567 0.0486556 0.042018 0.0355219 0.0292967 0.0234531 0.0181042 0.0133706 0.00936649 0.00616851 0.00378582
 0.00864807 0.0140346 0.0210911 0.0297268 0.0396163 0.0500511 0.0599106 0.0679346 0.0731839 0.0753471 0.0746889 0.0717736 0.067215 0.0615597 0.0552581 0.0486605 0.0420237 0.0355291 0.0293094 0.0234756 0.0181373 0.0134105 0.00940592 0.00620087 0.00380784
 0.00862815 0.0140123 0.0210756 0.0297308 0.0396503 0.0501155 0.0599914 0.0680067 0.0732225 0.0753395 0.0746398 0.0717008 0.0671392 0.0614962 0.0552134 0.0486339 0.042011 0.035526 0.0293136 0.0234867 0.0181551 0.0134335 0.00943055 0.00622302 0.00382459
 0.00861686 0.0139913 0.0210398 0.0296759 0.0395762 0.05003 0.0599113 0.0679525 0.0732089 0.0753669 0.0746933 0.0717586 0.0671843 0.0615233 0.0552274 0.0486438 0.0420236 0.0355439 0.0293363 0.0235124 0.0181823 0.0134605 0.00945567 0.00624424 0.00384057
 0.00862299 0.0140013 0.0210545 0.0296954 0.0395985 0.0500507 0.0599241 0.067952 0.0731944 0.0753436 0.0746709 0.0717448 0.0671803 0.0615235 0.0552246 0.048634 0.0420084 0.035528 0.0293243 0.0235068 0.0181832 0.0134665 0.00946455 0.00625371 0.00384882
 0.00862299 0.0140013 0.0210545 0.0296954 0.0395985 0.0500507 0.0599241 0.067952 0.0731944 0.0753436 0.0746709 0.0717448 0.0671803 0.0615235 0.0552246 0.048634 0.0420084 0.035528 0.0293243 0.0235068 0.0181832 0.0134665 0.00946455 0.00625371 0.00384882
#pred catch len freq
 0.00392917 0.00627048 0.00925465 0.0128591 0.0170841 0.0219213 0.0272831 0.0329664 0.0386842 0.0441252 0.0490044 0.0531019 0.0562945 0.0585619 0.0599624 0.0605942 0.0605642 0.0599589 0.0587951 0.0569482 0.0541068 0.0498454 0.0438598 0.0362679 0.0277568
 0.00431779 0.00686101 0.010072 0.0139136 0.0183881 0.023506 0.0291929 0.0352209 0.0412214 0.0467604 0.0514407 0.0550021 0.0573853 0.0587205 0.059245 0.0591987 0.0587477 0.0579466 0.0567169 0.0548309 0.0519233 0.0475926 0.0416146 0.0341828 0.0259983
 0.00453775 0.00723323 0.0106584 0.0147792 0.0195865 0.0250593 0.0310779 0.0373749 0.0435633 0.0492055 0.0538863 0.0572919 0.0592916 0.0599793 0.0596392 0.0586431 0.0573206 0.0558495 0.0541906 0.05208 0.0490922 0.0447927 0.0389665 0.0318292 0.0240711
 0.00481609 0.00766271 0.0112663 0.0155874 0.0206222 0.0263643 0.0327023 0.0393506 0.0458679 0.0517402 0.0564838 0.0597503 0.0614082 0.0615647 0.0605194 0.0586747 0.0564305 0.0540739 0.0516802 0.0490635 0.0458244 0.0415184 0.0359074 0.0291728 0.0219478
 0.00510199 0.00811631 0.0119284 0.0164892 0.0217825 0.027785 0.0343657 0.0412213 0.0479018 0.0538883 0.0586835 0.061906 0.0633796 0.0631754 0.0615822 0.0590216 0.0559403 0.0526996 0.049474 0.0461855 0.0425251 0.0380987 0.0326671 0.0263609 0.0197202
 0.00538997 0.00857175 0.0125918 0.0173945 0.0229565 0.0292442 0.0361054 0.0432033 0.0500476 0.0560862 0.0608074 0.0638377 0.0650205 0.0644411 0.0623859 0.0592623 0.0555106 0.0515159 0.0475177 0.0435387 0.0393839 0.0347503 0.0294344 0.0235291 0.0174735
 0.00568299 0.00903544 0.0132675 0.0183162 0.0241498 0.0307231 0.0378634 0.0452029 0.0522138 0.0583081 0.0629477 0.06575 0.0665716 0.0655301 0.0629481 0.0592571 0.0549034 0.0502725 0.0456242 0.041041 0.036423 0.0315671 0.0263288 0.0207857 0.0152867
 0.00598475 0.0095151 0.0139702 0.01928 0.025403 0.032278 0.0397056 0.0472808 0.0544356 0.0605488 0.0650621 0.0675906 0.0680063 0.066458 0.0633079 0.0590242 0.0540777 0.0488662 0.0436622 0.0385813 0.0335871 0.028556 0.0234011 0.0181976 0.0132198
 0.0063325 0.0100581 0.0147476 0.0203184 0.0267186 0.0338769 0.0415768 0.0493826 0.0566844 0.0628172 0.0671909 0.069411 0.0693689 0.0672552 0.063485 0.0585744 0.0530291 0.0472669 0.0415741 0.0360886 0.030815 0.0256845 0.0206517 0.0157878 0.0113038
 0.00671778 0.0106479 0.0155685 0.0213741 0.0279962 0.0353544 0.0432255 0.051162 0.0585362 0.0646616 0.0689273 0.0709238 0.0705387 0.0679753 0.0636782 0.0582044 0.0521013 0.0458217 0.0396794 0.033839 0.0283387 0.0231471 0.0182445 0.013692 0.00964439
 0.00702651 0.0111419 0.0162968 0.0223757 0.0292908 0.0369306 0.0450276 0.0530886 0.0604558 0.06644 0.070451 0.0721103 0.0713332 0.0683432 0.0635981 0.0576676 0.0511144 0.0444123 0.0379007 0.0317745 0.0261051 0.0208927 0.0161334 0.0118733 0.008216
 0.00716015 0.0113714 0.0166668 0.0229406 0.030109 0.038051 0.0464692 0.0548196 0.062381 0.0684044 0.072264 0.0735862 0.0723338 0.068802 0.0635174 0.057094 0.0501127 0.0430492 0.0362452 0.0299067 0.0241269 0.0189288 0.014319 0.0103276 0.00701307
 0.00721835 0.0114618 0.0167974 0.0231223 0.0303623 0.0384116 0.0469881 0.0555517 0.0633622 0.0696242 0.073648 0.0749988 0.0736046 0.0697671 0.0640586 0.05716 0.0497163 0.042248 0.0351203 0.0285512 0.0226444 0.0174334 0.0129265 0.00913714 0.00608564
 0.00730652 0.0115987 0.0169913 0.0233765 0.0306749 0.0387768 0.0473987 0.056004 0.0638615 0.0701863 0.07429 0.0757195 0.0743647 0.0704839 0.0646216 0.0574627 0.049687 0.0418679 0.0344223 0.0276077 0.0215522 0.0163002 0.0118575 0.00821846 0.00536891
 0.00731565 0.0116182 0.0170294 0.0234451 0.0307878 0.0389466 0.047633 0.056302 0.0642134 0.0705766 0.0747035 0.0761462 0.0747989 0.0709143 0.0650187 0.0577731 0.0498439 0.0418127 0.0341278 0.02709 0.0208687 0.0155354 0.0111033 0.0075534 0.00484243
 0.00731421 0.0116075 0.0169987 0.0233806 0.0306786 0.0387926 0.0474513 0.0561271 0.0640893 0.0705443 0.0747898 0.0763582 0.0751248 0.0713272 0.0654803 0.0582346 0.0502473 0.0420973 0.034244 0.0270156 0.020619 0.0151611 0.0106753 0.00714213 0.00449918
 0.00729496 0.0115817 0.0169692 0.0233516 0.0306522 0.0387648 0.0474112 0.0560623 0.0639956 0.0704347 0.0746949 0.0763169 0.0751694 0.0714712 0.0657141 0.0585279 0.0505556 0.0423695 0.0344313 0.0270834 0.0205574 0.0149896 0.0104371 0.00688887 0.00427445
 0.00729216 0.0115697 0.0169379 0.0232881 0.0305452 0.0386112 0.0472198 0.0558524 0.0637906 0.0702546 0.0745545 0.0762295 0.0751506 0.0715369 0.0658729 0.0587727 0.0508595 0.0426895 0.0347183 0.0272943 0.0206669 0.0149974 0.0103659 0.00677505 0.0041543
 0.00725776 0.0115241 0.0168875 0.0232434 0.030515 0.0385959 0.0472079 0.0558245 0.0637297 0.070157 0.0744329 0.0761075 0.0750534 0.0714853 0.0658803 0.0588449 0.050992 0.0428653 0.0349082 0.0274638 0.0207868 0.0150531 0.0103616 0.00672981 0.00409228
 0.00717888 0.0114056 0.0167279 0.0230493 0.0303018 0.0383852 0.0470249 0.0556917 0.0636595 0.070146 0.0744639 0.0761592 0.0751121 0.0715501 0.0659607 0.0589525 0.0511331 0.043036 0.0350941 0.0276428 0.0209358 0.0151559 0.0104142 0.00674089 0.00407782
 0.007227 0.0114611 0.0167698 0.0230451 0.0302171 0.0381997 0.0467454 0.0553547 0.0633209 0.0698635 0.0742793 0.0760881 0.0751438 0.0716573 0.066113 0.0591271 0.051318 0.043226 0.0352837 0.0278222 0.0210919 0.0152765 0.0104939 0.00678283 0.00409197
 0.00733737 0.0116194 0.0169674 0.0232562 0.0304012 0.0383081 0.0467309 0.0551854 0.0629945 0.0694172 0.0737865 0.075638 0.0748123 0.0714838 0.0660946 0.0592304 0.0514979 0.0434416 0.0355052 0.0280297 0.0212717 0.0154198 0.0105968 0.0068477 0.00412658
 0.00747311 0.0118221 0.0172382 0.0235822 0.0307556 0.0386528 0.0470189 0.0553647 0.0630172 0.0692537 0.0734405 0.075154 0.0742684 0.0709715 0.0656912 0.0589774 0.051396 0.0434602 0.0356004 0.02816 0.0214054 0.0155368 0.0106871 0.00690928 0.0041633
 0.00747573 0.0118406 0.017292 0.0236972 0.0309563 0.0389501 0.0473987 0.0557841 0.0634117 0.0695514 0.0735795 0.0750989 0.0740221 0.0705778 0.0652244 0.0585214 0.0510189 0.0431982 0.0354548 0.0281071 0.0214117 0.0155711 0.0107271 0.00694285 0.00418618
 0.00735443 0.0116646 0.0170676 0.0234472 0.0307175 0.038767 0.0473151 0.055833 0.0636033 0.0698638 0.0739579 0.0754679 0.074308 0.0707319 0.0652371 0.0584218 0.050861 0.0430395 0.0353371 0.0280472 0.0214036 0.0155962 0.0107651 0.00697895 0.0042133
 0.00713111 0.0113363 0.016639 0.022947 0.0301937 0.0382767 0.0469158 0.055577 0.0635318 0.0699979 0.0742882 0.0759495 0.0748665 0.0712796 0.0656971 0.0587484 0.0510491 0.0431185 0.0353532 0.0280434 0.0214066 0.015614 0.0107932 0.00700854 0.00423772
 0.00694955 0.0110442 0.0162066 0.0223531 0.0294347 0.0373793 0.0459472 0.0546431 0.0627578 0.0694978 0.0741365 0.0761646 0.0754086 0.0720607 0.0666006 0.0596555 0.0518649 0.0437887 0.0358663 0.0284187 0.0216761 0.0158075 0.0109316 0.00710499 0.00430127
 0.00684903 0.0108832 0.0159673 0.0220169 0.0289816 0.0367904 0.045214 0.0537825 0.0618272 0.0685995 0.0734031 0.0757255 0.0753495 0.0723952 0.0672673 0.0605387 0.0528295 0.0447141 0.0366698 0.0290623 0.0221593 0.016152 0.0111668 0.00725868 0.00439655
 0.00676915 0.0107622 0.0158007 0.0218042 0.0287228 0.0364815 0.0448449 0.0533396 0.0613022 0.0680021 0.0727737 0.0751394 0.0749062 0.0721918 0.0673638 0.0609339 0.0534589 0.0454715 0.0374417 0.029758 0.0227268 0.0165774 0.0114629 0.00745119 0.00451356
 0.0066629 0.0106025 0.0155849 0.0215386 0.028421 0.0361604 0.044521 0.0530257 0.061004 0.0677169 0.0724938 0.0748628 0.0746494 0.0719959 0.0672871 0.0610301 0.0537504 0.045935 0.0380122 0.0303517 0.0232683 0.0170187 0.0117883 0.00767002 0.00464841
 0.0066597 0.0105797 0.0155186 0.0213967 0.0281733 0.0357929 0.044048 0.0524915 0.0604711 0.0672466 0.0721294 0.0746216 0.0745265 0.0719767 0.0673617 0.0612007 0.0540272 0.0463206 0.0384875 0.0308725 0.0237769 0.0174628 0.0121364 0.00791588 0.00480532
 0.00726874 0.0114406 0.0165732 0.0225057 0.0291496 0.03646 0.0442919 0.0522829 0.0598601 0.0663423 0.0710727 0.0735556 0.0735672 0.0711948 0.0667819 0.0608167 0.0538199 0.0462695 0.0385694 0.0310559 0.0240195 0.0177179 0.0123642 0.00809306 0.00492683
 0.00791173 0.0124437 0.0179973 0.0243599 0.0313681 0.0388792 0.0466429 0.0542258 0.0610702 0.0666159 0.0703957 0.0720966 0.0716074 0.069037 0.0646794 0.058939 0.0522535 0.0450379 0.0376575 0.0304265 0.0236224 0.0174957 0.0122594 0.00805591 0.00492146
 0.00782019 0.0123929 0.018104 0.0247984 0.0323302 0.0405041 0.0489411 0.0570325 0.0640484 0.0693152 0.0723583 0.0729849 0.0713057 0.0676788 0.062585 0.0564989 0.0498163 0.0428465 0.0358394 0.029017 0.022597 0.0167968 0.0118151 0.00779415 0.00477922
 0.00757402 0.0120092 0.0175661 0.0241251 0.0316005 0.0398776 0.048656 0.057353 0.0651627 0.0712231 0.0748157 0.0755491 0.0734715 0.0690437 0.0629697 0.0559754 0.0486436 0.0413566 0.03433 0.0276908 0.0215504 0.0160426 0.0113155 0.00748949 0.00460858
 0.00751059 0.0118897 0.017355 0.0237773 0.0310716 0.0391456 0.0477515 0.0563881 0.0643395 0.0708012 0.0750301 0.0765012 0.0750488 0.0709263 0.0647375 0.0572647 0.0492712 0.0413518 0.0338765 0.0270249 0.0208733 0.0154768 0.0109053 0.00722543 0.004456
 0.00754898 0.0119398 0.0174056 0.023805 0.0310397 0.039007 0.0474564 0.0559016 0.0636668 0.0700154 0.0742829 0.0759976 0.0749791 0.0713789 0.065639 0.0583911 0.0503343 0.0421169 0.0342436 0.0270367 0.0206596 0.0151805 0.0106298 0.00701918 0.00432455
 0.00758966 0.0120028 0.0174937 0.0239163 0.0311645 0.0391248 0.0475332 0.0558914 0.0635215 0.0697022 0.0738075 0.0754223 0.0744242 0.0709945 0.0655488 0.0586329 0.0508327 0.0427112 0.0347607 0.0273641 0.0207773 0.0151421 0.0105159 0.00689675 0.00422902
 0.00759001 0.0120068 0.0175064 0.0239454 0.0312196 0.0392141 0.0476593 0.0560457 0.0636785 0.06982 0.0738356 0.0753204 0.0741859 0.0706629 0.0652121 0.0583924 0.0507574 0.0428039 0.034958 0.0275724 0.0209213 0.0151942 0.0104933 0.00683744 0.0041668
 0.00748987 0.0118583 0.0173096 0.0237101 0.0309633 0.0389581 0.0474263 0.0558583 0.0635578 0.0697802 0.0738772 0.0754256 0.0743211 0.0707927 0.065317 0.0584812 0.0508611 0.0429533 0.0351595 0.0278 0.0211311 0.0153493 0.0105816 0.00687035 0.00416721
 0.00738465 0.0117062 0.0171161 0.0234929 0.0307478 0.0387698 0.0472845 0.0557735 0.0635323 0.0698104 0.0739549 0.0755386 0.0744541 0.0709276 0.0654367 0.058576 0.0509343 0.0430199 0.0352367 0.0278943 0.0212335 0.0154414 0.0106478 0.00690643 0.0041795
