SBPRF35
7.78865
Curr Bio
561560
B35
667580
F35
0.211991
FOFL
0.160188
OFL
65039.1
Bzero
2.22533e+006
#pred survey bio
 3.83721e+006 3.38811e+006 3.03612e+006 2.69709e+006 2.37852e+006 2.09525e+006 1.83579e+006 1.6069e+006 1.37893e+006 1.21051e+006 1.08178e+006 964559 889531 823354 764454 737092 704981 688178 666665 649072 630533 617266 614388 609436 617195 611783 613521 611198 603708 589384 576928 565113 555465 544586 547091 554002 557675 569819 572349 591942 598702 595949 596130 592076 593434 579812 566611 1.81031e+007 1.06915e+007 1.08652e+007 1.1584e+007 1.25902e+007 1.36408e+007 1.45908e+007 1.53796e+007 1.59996e+007 1.64694e+007 1.68169e+007 1.707e+007 1.72527e+007 1.7384e+007 1.74784e+007 1.75463e+007 1.75955e+007 1.76312e+007 1.76574e+007 1.76766e+007 1.76909e+007 1.77015e+007 1.77095e+007 1.77155e+007 1.77201e+007 1.77235e+007 1.77261e+007 1.77281e+007 1.77297e+007 1.77308e+007 1.77317e+007 1.77324e+007 1.7733e+007 1.77334e+007 1.77337e+007 1.77339e+007 1.77341e+007 1.77343e+007 1.77344e+007 1.77345e+007 1.77345e+007 1.77346e+007 1.77346e+007 1.77347e+007 1.77347e+007 1.77347e+007 1.77347e+007 1.77347e+007 1.77347e+007 1.77347e+007 1.77348e+007 1.77348e+007 1.77348e+007 1.77348e+007 1.77348e+007 1.77348e+007 1.77348e+007 1.77348e+007 1.77348e+007 1.77348e+007 1.77348e+007 1.77348e+007 1.77348e+007 1.77348e+007 1.77348e+007 1.77348e+007 1.77348e+007 1.77348e+007 1.77348e+007 1.77348e+007 1.77348e+007 1.77348e+007 1.77348e+007 1.77348e+007 1.77348e+007 1.77348e+007 1.77348e+007 1.77348e+007 1.77348e+007 1.77348e+007 1.77348e+007 1.77348e+007 1.77348e+007 1.77348e+007 1.77348e+007 1.77348e+007 1.77348e+007 1.77348e+007 1.77348e+007 1.77348e+007 1.77348e+007 1.77348e+007 1.77348e+007 1.77348e+007 1.77348e+007 1.77348e+007 1.77348e+007 1.77348e+007 1.77348e+007 1.77348e+007 0 0 0 0 0 0 0 0 0 0 0 0 0 0 0 0 0 0 0 0 0 0 0 0 0
#obs survey bio
 4.12599e+006 1.65374e+006 3.24582e+006 2.68192e+006 1.87086e+006 1.49696e+006 1.16497e+006 1.10088e+006 1.05824e+006 997523 793064 779191 944480 712108 628760 701790 609314 800474 469250 667550 671658 610352 483847 464999 618018 365218 616055 602474 592752 421892 541028 675118 663363 332973 581574 488084 569577 534117 578244 747327 605734 688101 587724 406322 554246 791789 488828
#pred catch bio
 334766 272876 288228 297312 291196 292148 283092 295822 252754 225106 219893 185977 178570 170254 141105 142424 126517 127531 121021 118416 110842 100458 101882 91797.3 102973 95610.8 96662.3 97729.9 99659.5 93977.1 89801.9 87092.1 91200.4 84239.1 83575.1 87735.1 81827 90990.6 78008 89862.6 97118 93016.3 95212.7 89915.2 100722 96590.1 121054 65039.1 82359.5 82305.1 86429.9 93474.2 101103 107962 113539 117792 120892 123079 124584 125600 126276 126721 127010 127198 127318 127395 127444 127476 127496 127508 127516 127521 127524 127526 127527 127528 127529 127529 127529 127529 127529 127529 127529 127529 127529 127529 127529 127529 127529 127529 127529 127529 127529 127529 127529 127529 127529 127529 127529 127529 127529 127529 127529 127529 127529 127529 127529 127529 127529 127529 127529 127529 127529 127529 127529 127529 127529 127529 127529 127529 127529 127529 127529 127529 127529 127529 127529 127529 127529 127529 127529 127529 127529 127529 127529 127529 127529 127529 127529 127529 127529 127529 127529 127529 127529 127529 127529 0 0 0 0 0 0 0 0 0 0 0 0 0 0 0 0 0 0 0 0 0 0 0 0 0
#obs catch bio
 256393 274009 290536 300098 294911 296792 288400 303357 258764 229654 226303 191129 183163 174824 144288 145653 128908 129783 123190 120416 112133 101372 103077 92891.5 104870 97514.3 97996.2 98744.1 100789 94857.2 90586.6 87563.6 91866.8 85070.4 83780.2 88151.2 81842.4 91608 78195.4 90450.8 97809.3 93290.3 95076.5 90043.9 101627 96156.9 121362
#pred cpue bio
 3.77068e+006 3.32648e+006 2.97807e+006 2.64123e+006 2.32453e+006 2.04313e+006 1.78571e+006 1.55887e+006 1.33354e+006 1.16712e+006 1.0398e+006 924048 850149 785602 728442 702116 671347 655434 634967 618283 600797 588323 585622 580635 587968 582824 585000 583503 576932 563631 552182 541236 531328 519134 520431 527073 530836 542615 544957 563862 570517 568153 568766 565016 566328 553508 541512 1.73083e+007 1.02267e+007 1.02808e+007 1.08589e+007 1.18142e+007 1.28524e+007 1.37999e+007 1.45883e+007 1.52082e+007 1.56779e+007 1.60254e+007 1.62785e+007 1.64612e+007 1.65925e+007 1.66869e+007 1.67549e+007 1.6804e+007 1.68398e+007 1.68659e+007 1.68852e+007 1.68995e+007 1.69101e+007 1.69181e+007 1.69241e+007 1.69286e+007 1.69321e+007 1.69347e+007 1.69367e+007 1.69382e+007 1.69394e+007 1.69403e+007 1.6941e+007 1.69415e+007 1.69419e+007 1.69422e+007 1.69425e+007 1.69427e+007 1.69428e+007 1.69429e+007 1.6943e+007 1.69431e+007 1.69431e+007 1.69432e+007 1.69432e+007 1.69432e+007 1.69433e+007 1.69433e+007 1.69433e+007 1.69433e+007 1.69433e+007 1.69433e+007 1.69433e+007 1.69433e+007 1.69433e+007 1.69433e+007 1.69433e+007 1.69433e+007 1.69433e+007 1.69433e+007 1.69433e+007 1.69433e+007 1.69433e+007 1.69433e+007 1.69433e+007 1.69433e+007 1.69433e+007 1.69433e+007 1.69433e+007 1.69433e+007 1.69433e+007 1.69433e+007 1.69433e+007 1.69433e+007 1.69433e+007 1.69433e+007 1.69433e+007 1.69433e+007 1.69433e+007 1.69433e+007 1.69433e+007 1.69433e+007 1.69433e+007 1.69433e+007 1.69433e+007 1.69433e+007 1.69433e+007 1.69433e+007 1.69433e+007 1.69433e+007 1.69433e+007 1.69433e+007 1.69433e+007 1.69433e+007 1.69433e+007 1.69433e+007 1.69433e+007 1.69433e+007 1.69433e+007 1.69433e+007 1.69433e+007 0 0 0 0 0 0 0 0 0 0 0 0 0 0 0 0 0 0 0 0 0 0 0 0 0
#obs cpue bio
 2.67528e+006 2.10203e+006 2.26116e+006 2.34846e+006 1.81118e+006 2.11875e+006 1.82044e+006 1.57234e+006 1.1658e+006 1.25178e+006 711153 641345 691768 637055 550740 656679 568643 534971 624089 520923 625257 519174 589854 451054 408166 503629 801445 655606 502848 723190 526937 508878 408408 515739 832390 522750 593848 422362 476936 385580 532216 567793 889428 545479 399374 869863 530094
#pred surv len freq
 0.00532925 0.00868224 0.0131194 0.0186284 0.0250664 0.0320654 0.0390068 0.0451755 0.0500284 0.053373 0.0553403 0.056227 0.0563495 0.0559688 0.0552643 0.0543307 0.053192 0.0518184 0.0501247 0.0479419 0.0449959 0.0409656 0.0356528 0.0291953 0.0221582
 0.00570362 0.00920827 0.0137635 0.0193219 0.0257433 0.0327117 0.0396859 0.0459997 0.0510845 0.0546464 0.0566884 0.057422 0.0571657 0.056267 0.0550322 0.0536701 0.052264 0.0507746 0.0490528 0.0468503 0.0438455 0.0397283 0.0343602 0.0279434 0.0210665
 0.00607641 0.00980683 0.0146445 0.0205179 0.0272393 0.0344229 0.041453 0.0476266 0.0524129 0.0556225 0.0573677 0.0579012 0.0574929 0.0563981 0.0548637 0.0531147 0.0513104 0.049494 0.0475578 0.0452433 0.0421948 0.0380825 0.0327786 0.0265092 0.0198682
 0.00640295 0.0103393 0.0154491 0.0216574 0.0287605 0.0363333 0.0436928 0.0500515 0.0548043 0.0577325 0.0589853 0.0589112 0.0578947 0.0562703 0.0542984 0.0521676 0.0499994 0.0478355 0.0456026 0.0430839 0.039949 0.0358748 0.0307306 0.0247313 0.0184417
 0.00672196 0.0108523 0.0162115 0.0227193 0.0301604 0.0380864 0.0457756 0.052389 0.0572684 0.0601502 0.0611555 0.0606321 0.0590016 0.0566737 0.0539985 0.0512346 0.048533 0.0459325 0.0433534 0.0405899 0.037339 0.0333041 0.0283622 0.0227061 0.0168489
 0.00702851 0.0113444 0.0169409 0.0237306 0.031484 0.0397278 0.0477027 0.0545279 0.0595118 0.062373 0.0632265 0.0624161 0.0603609 0.0574791 0.0541526 0.0506959 0.0473258 0.0441375 0.0410887 0.0379984 0.0345859 0.0305747 0.0258456 0.0205633 0.0151775
 0.00734744 0.0118556 0.0176965 0.0247741 0.0328426 0.0413998 0.0496449 0.0566514 0.0616939 0.0644809 0.0651379 0.0640283 0.0615877 0.0582427 0.0543801 0.0503266 0.0463282 0.0425273 0.0389399 0.0354431 0.0318057 0.0277827 0.0232578 0.0183599 0.0134651
 0.00761501 0.0122939 0.018362 0.0257209 0.0341107 0.0429982 0.0515333 0.0587352 0.0638385 0.0665389 0.066975 0.0655383 0.0626951 0.0588969 0.0545454 0.0499738 0.0454345 0.0410885 0.0369907 0.0330763 0.0291786 0.0251032 0.0207493 0.0162131 0.0117948
 0.00799194 0.0128902 0.0192291 0.0268959 0.0356111 0.0448121 0.0536076 0.060969 0.0660913 0.0686523 0.0687986 0.0669505 0.0636151 0.0592866 0.0544013 0.0493126 0.0442793 0.0394659 0.0349417 0.0306777 0.026561 0.0224504 0.0182701 0.0140925 0.0101462
 0.00839744 0.013516 0.0201086 0.0280387 0.0370034 0.0464186 0.0553709 0.0628085 0.0679093 0.0703461 0.070272 0.0681197 0.0644113 0.0596589 0.0543205 0.0487717 0.0432907 0.0380573 0.0331575 0.0285896 0.0242814 0.0201349 0.0160982 0.0122274 0.00869144
 0.00867552 0.0139713 0.0207982 0.0290128 0.0382897 0.048001 0.0571725 0.0646951 0.0697201 0.0719361 0.0715428 0.0690244 0.0649385 0.0598119 0.0541044 0.0481904 0.0423511 0.0367755 0.0315672 0.0267511 0.0222902 0.0181224 0.0142153 0.0106116 0.00743075
 0.00884801 0.0142676 0.0212736 0.0297289 0.0393011 0.0493334 0.0587986 0.0665241 0.071606 0.0737055 0.0730298 0.0701024 0.06554 0.0599308 0.0537793 0.0474805 0.0413149 0.035463 0.0300251 0.0250364 0.020483 0.0163298 0.0125592 0.00920221 0.00633695
 0.0088709 0.014309 0.0213458 0.0298516 0.0395043 0.0496577 0.0592909 0.0672247 0.0725296 0.0748218 0.0742556 0.0713119 0.0665924 0.0607032 0.0541928 0.0475083 0.0409737 0.0347961 0.0290892 0.0238976 0.0192207 0.0150391 0.0113433 0.00815379 0.0055157
 0.00893461 0.0144089 0.0214893 0.0300433 0.0397462 0.0499497 0.0596322 0.0676164 0.0729779 0.0753371 0.0748444 0.0719626 0.0672632 0.061321 0.0546684 0.0477601 0.0409494 0.034483 0.0285116 0.023109 0.0182953 0.0140647 0.0104112 0.00734316 0.00487744
 0.00901643 0.0145391 0.0216795 0.0303015 0.040074 0.050339 0.0600627 0.0680572 0.0733952 0.0757058 0.0751562 0.0722264 0.0674951 0.0615297 0.0548415 0.0478619 0.0409308 0.0343003 0.0281445 0.0225698 0.0176288 0.0133388 0.00970257 0.00671973 0.00438339
 0.00897655 0.014472 0.0215753 0.0301522 0.0398785 0.0501093 0.0598281 0.0678609 0.0732831 0.0757123 0.0752948 0.0724893 0.0678595 0.0619644 0.05531 0.0483206 0.0413292 0.0345858 0.0282747 0.0225259 0.0174243 0.0130178 0.00932741 0.0063538 0.00407435
 0.00901479 0.0145296 0.0216531 0.0302463 0.0399796 0.0502031 0.0598972 0.0678897 0.0732652 0.0756564 0.0752248 0.0724366 0.0678517 0.0620165 0.0554207 0.0484734 0.0414949 0.0347272 0.0283531 0.0225122 0.0173092 0.0128169 0.00907714 0.00609868 0.00385212
 0.00898139 0.0144748 0.0215701 0.0301294 0.0398265 0.0500178 0.0596919 0.067684 0.0730814 0.0755146 0.0751398 0.0724186 0.0679076 0.0621495 0.0556269 0.0487383 0.0417926 0.0350225 0.0286076 0.0226926 0.0173964 0.0128122 0.00900192 0.00598605 0.00373526
 0.0089795 0.0144738 0.0215719 0.0301361 0.0398386 0.0500318 0.0596996 0.0676745 0.0730458 0.0754505 0.0750538 0.0723249 0.0678243 0.0620944 0.0556142 0.0487757 0.0418777 0.0351413 0.0287363 0.0228031 0.0174653 0.0128287 0.00897058 0.00592401 0.00366385
 0.0088902 0.0143441 0.0214056 0.0299472 0.0396478 0.0498608 0.0595654 0.0675867 0.0730057 0.0754524 0.0750871 0.0723782 0.0678899 0.0621704 0.055704 0.0488843 0.0420079 0.0352897 0.0288914 0.0229475 0.0175806 0.0129024 0.00900098 0.00591989 0.00364001
 0.00895835 0.0144261 0.0214769 0.0299697 0.0395834 0.049691 0.0593057 0.0672848 0.0727234 0.0752409 0.0749712 0.0723545 0.0679368 0.0622616 0.0558185 0.04901 0.0421402 0.0354266 0.0290291 0.0230779 0.0176926 0.0129861 0.00905207 0.00594151 0.003641
 0.00911727 0.0146568 0.0217712 0.0302981 0.0398982 0.0499352 0.0594246 0.0672401 0.0725073 0.0748853 0.0745432 0.071935 0.0675933 0.0620291 0.0556972 0.0489782 0.0421693 0.0354919 0.0291127 0.0231666 0.0177754 0.0130541 0.00909977 0.00596858 0.00365158
 0.00924176 0.0148442 0.0220242 0.030607 0.0402399 0.0502742 0.0597153 0.0674315 0.0725538 0.0747619 0.0742576 0.0715311 0.0671407 0.0616026 0.0553555 0.04875 0.0420525 0.0354638 0.0291429 0.023227 0.0178446 0.0131175 0.00914923 0.00600149 0.00366973
 0.00929843 0.0149452 0.0221916 0.0308641 0.0406026 0.0507382 0.0602459 0.0679639 0.073007 0.0750596 0.0743487 0.0714012 0.0668141 0.0611365 0.0548259 0.0482329 0.0416065 0.0351196 0.0289035 0.0230765 0.0177591 0.0130736 0.0091287 0.00599212 0.00366477
 0.00910843 0.0146695 0.0218394 0.0304685 0.0402153 0.0504184 0.0600481 0.0679268 0.0731432 0.0753484 0.0747361 0.0718128 0.0671768 0.0613993 0.0549723 0.0482798 0.0415922 0.0350862 0.0288827 0.023082 0.0177886 0.013116 0.00917189 0.00602771 0.00368959
 0.00891914 0.0143894 0.0214704 0.0300331 0.039754 0.0499832 0.0596954 0.0677098 0.073102 0.0754979 0.075058 0.0722561 0.0676693 0.0618659 0.0553533 0.0485444 0.0417415 0.0351468 0.028892 0.023074 0.0177846 0.013123 0.00918714 0.00604518 0.00370443
 0.00870669 0.0140516 0.0209782 0.02937 0.0389254 0.0490287 0.0586966 0.066785 0.0723814 0.075089 0.0750163 0.0725745 0.0682851 0.0626797 0.0562516 0.0494226 0.0425222 0.0357892 0.02939 0.0234453 0.0180559 0.0133194 0.00932709 0.00614145 0.00376683
 0.00860776 0.0138848 0.0207159 0.028983 0.0383897 0.0483365 0.057869 0.0658794 0.0714881 0.0743172 0.0744731 0.0723413 0.068398 0.0631192 0.0569473 0.0502711 0.0434122 0.0366258 0.0301105 0.0240226 0.018492 0.0136332 0.00954322 0.0062836 0.00385526
 0.00850167 0.013726 0.0205014 0.0287162 0.0380759 0.0479764 0.0574569 0.0654081 0.0709605 0.0737573 0.0739321 0.0718926 0.0681205 0.0630753 0.057162 0.0507216 0.044033 0.037327 0.0308025 0.0246366 0.0189901 0.014007 0.00980467 0.00645475 0.00396002
 0.00839555 0.0135651 0.0202814 0.028442 0.0377607 0.0476402 0.0571224 0.065096 0.0706822 0.0735116 0.0737089 0.0716852 0.0679406 0.0629571 0.0571531 0.0508615 0.0443328 0.0377602 0.0313119 0.0251534 0.019455 0.0143835 0.010082 0.00664177 0.00407584
 0.00840854 0.0135615 0.0202313 0.0283044 0.0374977 0.0472362 0.0566 0.0645155 0.0701237 0.0730473 0.0733817 0.0715032 0.0678856 0.0630032 0.0572829 0.0510727 0.0446315 0.0381461 0.0317658 0.0256357 0.0199166 0.0147815 0.010392 0.00686017 0.00421538
 0.00911377 0.0145548 0.0214414 0.0295657 0.0385923 0.0479655 0.0568461 0.0642644 0.0694507 0.0720846 0.0722836 0.0704138 0.0669143 0.0622111 0.0566869 0.0506623 0.0443868 0.0380474 0.0317918 0.0257581 0.0200975 0.0149796 0.0105723 0.00700191 0.00431324
 0.00978189 0.0156103 0.0229635 0.0315824 0.0410462 0.0506775 0.0595021 0.0664602 0.070805 0.0723721 0.0715114 0.0688001 0.0647901 0.0599084 0.0544638 0.0486785 0.042717 0.0367086 0.0307688 0.025018 0.0195963 0.0146659 0.0103929 0.00690905 0.00427001
 0.0096912 0.0155808 0.0231361 0.0321581 0.0422301 0.0525876 0.0620856 0.0694633 0.073816 0.0749209 0.0731893 0.0693627 0.0642139 0.058381 0.05231 0.0462575 0.0403339 0.0345699 0.0289814 0.023612 0.018552 0.013935 0.00991311 0.00661531 0.00410313
 0.00936582 0.0150834 0.0224549 0.0313258 0.0413434 0.0518206 0.0616794 0.0696712 0.074805 0.0766697 0.0754479 0.0717104 0.0661947 0.0596517 0.052734 0.0459124 0.0394451 0.0334135 0.0277995 0.0225675 0.0177232 0.0133343 0.00951266 0.00636946 0.00396439
 0.00927696 0.0149113 0.0221464 0.0308193 0.0405906 0.0508218 0.0605172 0.0685229 0.0739175 0.0762976 0.0757694 0.0727494 0.0677862 0.0614771 0.0544223 0.0471645 0.0401222 0.0335507 0.027552 0.0221285 0.0172552 0.0129367 0.00922306 0.00618345 0.00385769
 0.00934359 0.015004 0.0222545 0.0309162 0.040633 0.0507528 0.0602781 0.0680743 0.07327 0.0755373 0.0750583 0.0722866 0.0677361 0.0618946 0.0552166 0.0481263 0.0410056 0.034168 0.0278328 0.0221175 0.0170638 0.0126827 0.00899015 0.00600999 0.00374724
 0.00931464 0.0149634 0.0222046 0.030862 0.0405778 0.050693 0.0601979 0.0679463 0.0730615 0.0752263 0.0746535 0.0718443 0.0673594 0.0617052 0.0553043 0.0485005 0.0415796 0.0347922 0.0283583 0.0224554 0.0172057 0.0126804 0.00891568 0.00592169 0.00367637
 0.00935814 0.0150321 0.0223041 0.0309957 0.040746 0.0508906 0.0604119 0.0681529 0.0732264 0.0753085 0.0746148 0.0716636 0.0670489 0.0613193 0.054931 0.0482315 0.0414716 0.0348399 0.0284995 0.0226058 0.0173011 0.0126998 0.00887617 0.00585661 0.00361401
 0.00916793 0.0147487 0.0219264 0.0305413 0.0402482 0.0503925 0.0599605 0.0677946 0.0730003 0.0752364 0.0746933 0.0718627 0.0673207 0.0616155 0.0552213 0.0485132 0.0417624 0.0351572 0.0288401 0.0229405 0.0175891 0.0129108 0.00900433 0.005918 0.00363404
 0.00898235 0.0144744 0.021565 0.0301134 0.0397893 0.0499452 0.0595669 0.0674916 0.0728154 0.0751832 0.0747686 0.0720472 0.0675835 0.0619206 0.0555351 0.0488125 0.0420393 0.0354164 0.0290891 0.0231788 0.0178045 0.0130862 0.00912863 0.00599252 0.00367048
 0.00889011 0.0143262 0.0213463 0.0298151 0.0394132 0.0495103 0.0591137 0.0670772 0.0724988 0.075007 0.0747469 0.0721659 0.06781 0.0622155 0.0558612 0.0491401 0.0423482 0.035697 0.02934 0.023401 0.0179969 0.0132441 0.00924722 0.00607177 0.00371646
 0.00898543 0.0144418 0.021448 0.029847 0.0393138 0.0492375 0.0586665 0.0665021 0.0718778 0.0744348 0.0743066 0.0719119 0.0677594 0.0623495 0.0561358 0.0495002 0.0427418 0.0360838 0.029694 0.0237088 0.0182528 0.0134467 0.00939795 0.00617515 0.00378066
 0.00903097 0.0145287 0.0215993 0.0300844 0.0396423 0.0496271 0.0590439 0.0667649 0.0719321 0.074238 0.0738894 0.0713663 0.0672015 0.0618796 0.0558124 0.0493356 0.042713 0.0361502 0.0298133 0.0238467 0.0183861 0.013562 0.0094888 0.00624046 0.00382309
 0.00870671 0.0140695 0.0210352 0.0294893 0.0391162 0.0492654 0.058907 0.0668613 0.0722158 0.0746211 0.0742677 0.0716538 0.0673601 0.0619283 0.0558097 0.0493474 0.0427837 0.036291 0.0300073 0.0240637 0.0185959 0.013743 0.00963049 0.00634156 0.00388879
 0.00847152 0.0137017 0.0205123 0.0288094 0.0383093 0.0484037 0.0581068 0.0662637 0.0719443 0.0747312 0.0747201 0.0723271 0.0680989 0.062599 0.0563389 0.0497289 0.0430573 0.0365098 0.0302107 0.0242661 0.0187919 0.0139185 0.00977329 0.00644673 0.00395882
 0.00811496 0.0131639 0.0197809 0.0279008 0.0372645 0.047281 0.0569801 0.0652259 0.0711063 0.0742074 0.0745998 0.0726419 0.0688019 0.0635722 0.0574285 0.0507927 0.044002 0.0373002 0.0308544 0.0247878 0.0192132 0.014252 0.0100258 0.00662576 0.00407579
#obs surv len freq
 0.00496768 0.00813922 0.0123843 0.0177176 0.024013 0.0309035 0.0377603 0.0438566 0.0486389 0.0519046 0.0537729 0.0545313 0.0545026 0.0539871 0.0532469 0.0524958 0.0518783 0.0514283 0.051007 0.0502455 0.048562 0.0453264 0.0401618 0.0332367 0.0253317
 0.00518917 0.00849816 0.0129227 0.0184744 0.0250182 0.0321673 0.039262 0.0455384 0.0504121 0.0536635 0.0554084 0.0559397 0.0555903 0.0546732 0.0534679 0.0522108 0.0510748 0.0501291 0.0492748 0.0481854 0.0463191 0.0430738 0.0380768 0.0314668 0.0239632
 0.00542831 0.0088895 0.0135162 0.019318 0.0261474 0.0335909 0.0409474 0.0474078 0.0523557 0.0555618 0.0571514 0.0574342 0.0567577 0.0554448 0.0537821 0.0520152 0.0503336 0.0488348 0.047463 0.0459481 0.0438095 0.0404947 0.0356488 0.0293814 0.0223376
 0.00566153 0.00927348 0.0141032 0.02016 0.0272865 0.0350436 0.0426875 0.0493606 0.0544075 0.0575816 0.059013 0.0590298 0.0580026 0.0562748 0.0541469 0.0518717 0.0496452 0.0475803 0.0456556 0.0436583 0.0411809 0.0377394 0.0330129 0.027089 0.0205342
 0.00589969 0.00966436 0.0146986 0.021011 0.0284344 0.0365046 0.0444376 0.0513284 0.0564833 0.0596373 0.0609213 0.0606776 0.059297 0.0571445 0.0545394 0.0517486 0.0489767 0.0463476 0.0438652 0.0413669 0.0385184 0.0349125 0.0302759 0.0246836 0.0186256
 0.00612321 0.010031 0.0152567 0.0218081 0.029509 0.0378725 0.0460773 0.0531754 0.0584385 0.061585 0.0627465 0.0622762 0.0605796 0.0580375 0.0549845 0.0517003 0.0484008 0.0452229 0.0421945 0.0391984 0.0359691 0.0321765 0.0275997 0.0223099 0.016727
 0.00637185 0.0104375 0.0158725 0.0226822 0.0306777 0.0393443 0.0478173 0.055101 0.0604323 0.0635186 0.0645024 0.0637591 0.0617179 0.0587787 0.0552897 0.0515387 0.0477466 0.0440584 0.0405216 0.0370594 0.0334704 0.0294984 0.024976 0.0199752 0.0148523
 0.00663982 0.0108734 0.0165288 0.0236073 0.031906 0.040881 0.0496222 0.0570839 0.0624654 0.0654617 0.0662271 0.0651645 0.0627343 0.0593657 0.0554279 0.0512202 0.0469673 0.0428162 0.0388261 0.0349518 0.0310472 0.026923 0.0224624 0.0177405 0.0130563
 0.0068449 0.0112179 0.0170676 0.0243978 0.0329956 0.0422869 0.0513127 0.0589725 0.0644248 0.06735 0.0679132 0.0665419 0.0637274 0.0599284 0.0555402 0.0508805 0.0461843 0.041604 0.0372077 0.0329739 0.0288005 0.0245538 0.0201603 0.0156978 0.0114151
 0.00705578 0.0115602 0.0175825 0.0251243 0.0339653 0.0435135 0.0527792 0.0606233 0.0661684 0.0690713 0.0694902 0.0678621 0.0647001 0.060493 0.0556667 0.0505648 0.0454396 0.0404544 0.0356887 0.031141 0.0267436 0.0224061 0.0180885 0.0138682 0.0099492
 0.0072814 0.0119292 0.018141 0.0259151 0.0350169 0.0448255 0.0543084 0.0622826 0.0678427 0.0706429 0.0708585 0.0689508 0.0654543 0.0608751 0.0556553 0.0501549 0.0446418 0.0392937 0.0342049 0.0293938 0.0248221 0.0204328 0.0162095 0.0122251 0.00864194
 0.00741282 0.0121503 0.0184879 0.0264268 0.0357279 0.0457532 0.0554407 0.0635708 0.0692071 0.0719867 0.0720846 0.0699746 0.0662111 0.0613222 0.0557689 0.0499257 0.0440727 0.0383999 0.0330173 0.0279654 0.0232336 0.018794 0.0146477 0.0108604 0.00755776
 0.00751616 0.0123153 0.0187314 0.0267642 0.0361732 0.0463172 0.0561269 0.0643708 0.0700971 0.0729264 0.0730185 0.0708372 0.0669351 0.0618465 0.0560462 0.049926 0.0437826 0.0378221 0.0321721 0.0268951 0.022007 0.0175056 0.0134071 0.00977052 0.00668952
 0.00759162 0.0124343 0.0189037 0.0269967 0.036469 0.0466751 0.0565407 0.0648306 0.0705919 0.073447 0.0735561 0.0713779 0.067453 0.0623018 0.056389 0.0501051 0.043756 0.0375643 0.0316801 0.0261922 0.021145 0.0165626 0.0124759 0.00893938 0.00602089
 0.00765731 0.0125345 0.0190424 0.0271732 0.0366791 0.0469123 0.0567971 0.065098 0.0708633 0.0737186 0.0738288 0.0716552 0.0677361 0.0625832 0.0566469 0.0503036 0.0438504 0.0375124 0.0314538 0.0257885 0.0205913 0.0159153 0.0118095 0.00832842 0.00552072
 0.00771638 0.0126255 0.0191695 0.0273366 0.0368739 0.0471289 0.0570214 0.0653135 0.0710551 0.0738784 0.0739579 0.0717632 0.0678364 0.0626863 0.0567546 0.0504044 0.0439187 0.0375134 0.0313533 0.0255657 0.02025 0.0154868 0.0113467 0.00788992 0.00515352
 0.00775686 0.0126881 0.0192578 0.0274513 0.0370129 0.0472865 0.0571885 0.0654777 0.0712031 0.0739995 0.0740471 0.0718224 0.0678739 0.0627134 0.0567813 0.050434 0.0439441 0.0375158 0.031307 0.0254477 0.0200508 0.0152182 0.0110406 0.00758817 0.00489332
 0.00783494 0.0128069 0.0194213 0.0276571 0.0372527 0.0475469 0.0574514 0.0657218 0.0714067 0.0741447 0.074124 0.0718308 0.0678224 0.0626172 0.056659 0.0503026 0.0438144 0.0373888 0.0311737 0.0252935 0.0198646 0.0150004 0.0108057 0.00736073 0.00469762
 0.00783953 0.0128179 0.0194441 0.0276986 0.0373188 0.0476393 0.0575657 0.0658475 0.0715305 0.0742548 0.0742126 0.0718943 0.0678598 0.0626295 0.0566488 0.0502744 0.0437732 0.0373376 0.0311112 0.0252143 0.0197625 0.0148743 0.0106634 0.00721733 0.00457
 0.00786916 0.0128569 0.019486 0.0277331 0.0373355 0.047634 0.0575443 0.0658244 0.071522 0.0742716 0.0742555 0.0719552 0.0679269 0.0626917 0.0566983 0.0503071 0.0437883 0.0373355 0.0310922 0.0251774 0.0197065 0.0147999 0.0105757 0.00712616 0.00448673
 0.00787956 0.0128724 0.0195064 0.027756 0.0373558 0.0476438 0.0575341 0.0657873 0.0714585 0.074193 0.0741816 0.0719073 0.0679187 0.0627241 0.0567611 0.0503845 0.0438648 0.0373998 0.0311373 0.0251998 0.0197052 0.0147768 0.010536 0.00707771 0.00443851
 0.00791396 0.0129228 0.019572 0.0278322 0.0374355 0.0477186 0.0575959 0.0658281 0.0714712 0.0741727 0.0741286 0.0718297 0.0678317 0.0626455 0.0567051 0.0503565 0.0438608 0.0374098 0.0311499 0.0252059 0.0196996 0.0147584 0.0105071 0.00704349 0.00440485
 0.00789269 0.0128903 0.019527 0.0277748 0.0373669 0.0476414 0.0575137 0.065746 0.0713958 0.0741113 0.0740871 0.0718116 0.0678376 0.0626748 0.0567563 0.050428 0.0439489 0.0375075 0.0312473 0.0252924 0.019767 0.0148028 0.0105297 0.00704907 0.00440012
 0.00790626 0.0129052 0.0195364 0.0277683 0.0373341 0.0475764 0.0574192 0.0656334 0.071281 0.0740095 0.0740093 0.071763 0.0678194 0.0626854 0.0567926 0.050486 0.044024 0.0375939 0.0313377 0.0253785 0.0198407 0.0148586 0.010566 0.00706828 0.00440706
 0.00788047 0.0128671 0.0194856 0.0277062 0.037262 0.0474939 0.0573239 0.0655232 0.0711583 0.0738839 0.0738969 0.0716819 0.0677831 0.062699 0.0568526 0.0505827 0.0441454 0.0377279 0.0314732 0.0255056 0.0199512 0.0149467 0.0106297 0.00710936 0.0044302
 0.00787223 0.0128462 0.0194408 0.0276237 0.0371305 0.0473115 0.0571029 0.0652888 0.0709403 0.0737068 0.0737746 0.0716187 0.067778 0.062749 0.056953 0.0507257 0.0443193 0.0379183 0.031665 0.0256852 0.0201078 0.0150736 0.0107244 0.00717387 0.00446992
 0.00783045 0.0127836 0.0193559 0.0275176 0.0370043 0.0471649 0.056934 0.0650974 0.0707335 0.0735015 0.0735959 0.0714923 0.0677221 0.0627696 0.0570447 0.0508757 0.044511 0.0381341 0.0318872 0.0258973 0.0202962 0.0152288 0.0108427 0.00725658 0.0045226
 0.00783995 0.0127905 0.0193509 0.0274875 0.0369368 0.0470543 0.0567857 0.0649266 0.0705584 0.0733368 0.0734505 0.071372 0.0676345 0.0627247 0.0570515 0.0509378 0.0446241 0.0382863 0.0320622 0.0260773 0.0204649 0.015374 0.0109571 0.00733899 0.00457659
 0.00779126 0.0127187 0.0192561 0.0273733 0.036808 0.0469135 0.0566323 0.0647596 0.0703816 0.0731621 0.0732962 0.0712576 0.0675737 0.062723 0.0571077 0.0510465 0.0447776 0.038474 0.0322703 0.0262893 0.0206642 0.0155465 0.0110945 0.0074392 0.00464314
 0.00775772 0.0126582 0.0191548 0.0272167 0.0365866 0.0466304 0.0563085 0.0644311 0.0700882 0.0729347 0.0731498 0.0711927 0.067584 0.0628007 0.0572448 0.0512344 0.0450052 0.0387284 0.0325365 0.0265512 0.0209058 0.0157545 0.0112602 0.00756052 0.0047243
 0.00772151 0.0125985 0.0190632 0.0270841 0.0364043 0.046393 0.0560174 0.064099 0.0697407 0.0726081 0.0728835 0.0710197 0.0675219 0.0628491 0.0573896 0.0514539 0.0452767 0.0390302 0.0328485 0.0268545 0.0211833 0.0159922 0.0114495 0.00769962 0.00481785
 0.00930777 0.0148163 0.0217344 0.02982 0.0387189 0.0478827 0.0565035 0.0636539 0.0686052 0.0710702 0.0711907 0.0693476 0.0659807 0.061501 0.0562619 0.0505488 0.0445786 0.0385137 0.0324842 0.0266128 0.0210355 0.0159118 0.0114131 0.00768836 0.00481831
 0.00928816 0.015082 0.0226585 0.0318656 0.0422371 0.05284 0.0623091 0.0692557 0.0728629 0.0732043 0.0710396 0.0673099 0.0627407 0.0577374 0.0524803 0.047051 0.0415091 0.03592 0.0303621 0.0249322 0.0197527 0.0149744 0.0107629 0.00726413 0.00456029
 0.00895583 0.0145566 0.0219176 0.0309561 0.0413305 0.052271 0.0625363 0.0706977 0.0756476 0.0769817 0.0750245 0.0705799 0.0646215 0.0580378 0.0514626 0.0452151 0.0393572 0.0338187 0.0285168 0.0234242 0.0185884 0.0141219 0.0101726 0.00688015 0.00432751
 0.00877585 0.0142563 0.0214518 0.0302809 0.0404198 0.051148 0.0613144 0.0696097 0.0750287 0.0771782 0.0762379 0.0727188 0.067266 0.0605749 0.0533354 0.046137 0.0393699 0.0331922 0.0275848 0.0224577 0.0177487 0.0134723 0.00971339 0.00658045 0.00414675
 0.00872435 0.0141629 0.0212927 0.0300254 0.0400349 0.0506072 0.0606113 0.0687745 0.0741459 0.0763983 0.0757675 0.0727697 0.0679623 0.0618615 0.0549535 0.0477077 0.0405498 0.0338074 0.027666 0.022175 0.017306 0.013028 0.00935289 0.0063272 0.00398827
 0.0086964 0.0141201 0.0212324 0.0299442 0.0399263 0.0504581 0.0604016 0.0684813 0.0737547 0.0759188 0.0752512 0.0723177 0.0677112 0.0619392 0.0554151 0.048486 0.0414617 0.0346258 0.0282178 0.0224048 0.0172716 0.0128447 0.00913067 0.00613561 0.00385301
 0.00867196 0.0140791 0.0211685 0.0298517 0.0398015 0.0503021 0.0602207 0.0682847 0.0735482 0.0757019 0.0750197 0.0720762 0.067489 0.0617956 0.0554245 0.0487017 0.0418765 0.0351583 0.0287413 0.0228038 0.0174906 0.0128989 0.0090799 0.00604534 0.0037682
 0.00866662 0.0140657 0.0211394 0.0297971 0.0397116 0.0501713 0.0600513 0.0680879 0.0733414 0.0755034 0.0748429 0.0719274 0.0673703 0.0617136 0.0553982 0.0487605 0.0420452 0.0354343 0.0290828 0.0231413 0.0177578 0.0130618 0.00914457 0.00604458 0.00373897
 0.0086603 0.0140605 0.0211406 0.0298111 0.0397427 0.0502168 0.0600987 0.0681171 0.0733324 0.0754441 0.0747348 0.0717836 0.0672102 0.0615577 0.0552658 0.0486715 0.0420188 0.0354826 0.0292007 0.0233023 0.0179215 0.0131914 0.00922235 0.00607443 0.0037381
 0.00865616 0.0140523 0.021126 0.029788 0.0397112 0.0501807 0.0600661 0.0680971 0.0733297 0.0754545 0.0747453 0.0717787 0.0671795 0.0615013 0.0551944 0.0486027 0.0419721 0.0354741 0.0292377 0.0233789 0.0180191 0.0132861 0.00929488 0.00611751 0.00375592
 0.00861153 0.0139866 0.0210396 0.0296858 0.0396007 0.0500701 0.0599629 0.0680084 0.0732633 0.075418 0.0747436 0.0718102 0.067235 0.0615667 0.0552567 0.0486556 0.042018 0.0355219 0.0292967 0.0234531 0.0181042 0.0133706 0.00936649 0.00616851 0.00378582
 0.00864807 0.0140346 0.0210911 0.0297268 0.0396163 0.0500511 0.0599106 0.0679346 0.0731839 0.0753471 0.0746889 0.0717736 0.067215 0.0615597 0.0552581 0.0486605 0.0420237 0.0355291 0.0293094 0.0234756 0.0181373 0.0134105 0.00940592 0.00620087 0.00380784
 0.00862815 0.0140123 0.0210756 0.0297308 0.0396503 0.0501155 0.0599914 0.0680067 0.0732225 0.0753395 0.0746398 0.0717008 0.0671392 0.0614962 0.0552134 0.0486339 0.042011 0.035526 0.0293136 0.0234867 0.0181551 0.0134335 0.00943055 0.00622302 0.00382459
 0.00861686 0.0139913 0.0210398 0.0296759 0.0395762 0.05003 0.0599113 0.0679525 0.0732089 0.0753669 0.0746933 0.0717586 0.0671843 0.0615233 0.0552274 0.0486438 0.0420236 0.0355439 0.0293363 0.0235124 0.0181823 0.0134605 0.00945567 0.00624424 0.00384057
 0.00862299 0.0140013 0.0210545 0.0296954 0.0395985 0.0500507 0.0599241 0.067952 0.0731944 0.0753436 0.0746709 0.0717448 0.0671803 0.0615235 0.0552246 0.048634 0.0420084 0.035528 0.0293243 0.0235068 0.0181832 0.0134665 0.00946455 0.00625371 0.00384882
 0.00862299 0.0140013 0.0210545 0.0296954 0.0395985 0.0500507 0.0599241 0.067952 0.0731944 0.0753436 0.0746709 0.0717448 0.0671803 0.0615235 0.0552246 0.048634 0.0420084 0.035528 0.0293243 0.0235068 0.0181832 0.0134665 0.00946455 0.00625371 0.00384882
#pred catch len freq
 0.00541939 0.00852232 0.0123242 0.0166821 0.0214932 0.0266808 0.0321129 0.0375578 0.0427267 0.0473529 0.0512399 0.0542761 0.0564362 0.0577693 0.0583679 0.0583305 0.0577375 0.056635 0.0550072 0.0527312 0.0495503 0.0451391 0.0392965 0.0321834 0.0244277
 0.00582585 0.00909698 0.0130346 0.0174574 0.0222611 0.0274181 0.0328713 0.0384386 0.0438109 0.0486279 0.0525719 0.0554481 0.0572295 0.0580455 0.0581121 0.0576428 0.0567804 0.0555628 0.0539079 0.051609 0.0483586 0.0438445 0.0379315 0.030852 0.0232608
 0.0062631 0.00977374 0.0139855 0.0186814 0.0237124 0.0290013 0.034451 0.0398718 0.0450001 0.0495615 0.0533135 0.0560703 0.0577387 0.0583555 0.0580889 0.0571843 0.0558753 0.0542915 0.052395 0.0499663 0.046659 0.0421384 0.0362805 0.0293456 0.0219955
 0.00667136 0.0104125 0.0149019 0.0199062 0.0252585 0.0308577 0.0365665 0.0421368 0.0472422 0.0515722 0.0549018 0.0571204 0.0582348 0.0583537 0.057656 0.0563524 0.0546446 0.0526701 0.0504349 0.0477679 0.0443503 0.0398533 0.0341493 0.0274866 0.0204978
 0.00707284 0.0110352 0.0157851 0.0210718 0.0267149 0.0326037 0.0385867 0.0443878 0.0496377 0.0539723 0.0571182 0.0589412 0.0594707 0.0588866 0.0574629 0.0554891 0.0532034 0.0507459 0.0481204 0.045171 0.0416106 0.0371397 0.031639 0.0253333 0.0187998
 0.0074784 0.0116624 0.0166703 0.0222312 0.0281476 0.0342962 0.0405115 0.0464987 0.0518654 0.0562236 0.0592749 0.06086 0.0609892 0.0598438 0.0577316 0.0550066 0.0519846 0.0488724 0.0457187 0.0423972 0.0386464 0.0341895 0.0289115 0.0230064 0.0169821
 0.00789884 0.0123119 0.0175854 0.0234263 0.0296175 0.0360199 0.0424506 0.0485923 0.0540294 0.0583573 0.0612699 0.0626071 0.0623804 0.0607722 0.0580947 0.0547192 0.0509989 0.0471983 0.0434348 0.0396493 0.0356359 0.0311531 0.0260894 0.0205988 0.0151084
 0.00831385 0.0129574 0.0185033 0.024638 0.0311242 0.0378015 0.0444609 0.0507536 0.0562353 0.0604845 0.0631944 0.0642181 0.0635875 0.0615061 0.0583018 0.0543555 0.0500312 0.0456178 0.0412786 0.0370208 0.0327117 0.0281666 0.023291 0.0182028 0.0132434
 0.0087692 0.0136569 0.0194816 0.025904 0.032666 0.0395932 0.046461 0.0528972 0.0584273 0.062602 0.0651001 0.0657793 0.0646962 0.0620914 0.0583302 0.0538204 0.0489407 0.0439905 0.0391549 0.0344848 0.0299093 0.0253037 0.0206015 0.0158942 0.0114445
 0.00926979 0.0144121 0.02051 0.0271874 0.0341604 0.0412457 0.0482194 0.0547083 0.0602303 0.0643239 0.0666557 0.067076 0.0656427 0.0626093 0.0583653 0.0533475 0.0479614 0.0425284 0.0372564 0.0322293 0.0274231 0.0227625 0.018208 0.0138332 0.00983402
 0.00967489 0.0150435 0.0214089 0.0283722 0.0356224 0.0429445 0.0500781 0.0566161 0.0620594 0.0659555 0.0680002 0.0680773 0.0662697 0.0628442 0.0581954 0.0527653 0.0469681 0.0411395 0.0355095 0.030193 0.0252064 0.0205146 0.0161003 0.0120218 0.00841936
 0.00986259 0.0153534 0.0218852 0.0290617 0.0365678 0.0441716 0.0515787 0.0583335 0.0638855 0.0677431 0.0695885 0.0693239 0.0670784 0.0631767 0.0580626 0.0522059 0.0460283 0.0398642 0.0339465 0.0284056 0.0232865 0.0185855 0.0143023 0.0104824 0.00721959
 0.00993141 0.0154624 0.022046 0.0292887 0.036883 0.0446078 0.0521774 0.0591329 0.0649012 0.0689471 0.0708991 0.0706138 0.0682008 0.0639996 0.0584974 0.0522185 0.0456323 0.039104 0.0328828 0.0271116 0.0218516 0.0171175 0.012919 0.00928932 0.00628482
 0.0100351 0.0156196 0.0222616 0.0295606 0.0372042 0.0449707 0.0525783 0.0595751 0.0653961 0.0695112 0.0715429 0.071326 0.0689352 0.0646746 0.0590132 0.0524835 0.0455874 0.0387343 0.0322152 0.0262061 0.020792 0.0160034 0.011854 0.00836366 0.00555623
 0.0100564 0.0156572 0.0223238 0.0296573 0.0373451 0.0451626 0.0528219 0.0598644 0.0657212 0.0698627 0.0719162 0.0717216 0.0693522 0.0650998 0.0594111 0.0527964 0.045748 0.0386861 0.0319323 0.0257024 0.0201201 0.0152431 0.0110954 0.00768716 0.0050154
 0.0100403 0.0156276 0.0222735 0.0295792 0.0372364 0.0450298 0.0526843 0.0597528 0.0656697 0.0698992 0.0720552 0.0719623 0.0696821 0.0654973 0.0598458 0.0532263 0.0461194 0.0389407 0.0320217 0.0256046 0.0198492 0.0148481 0.0106463 0.00725497 0.00465313
 0.0100353 0.0156201 0.0222629 0.0295646 0.037215 0.0449972 0.0526353 0.0596852 0.065589 0.0698219 0.0720067 0.07197 0.0697652 0.0656609 0.0600787 0.0535025 0.0464012 0.0391829 0.0321793 0.025644 0.0197605 0.0146506 0.0103832 0.00697887 0.00440897
 0.0100151 0.0155863 0.0222106 0.0294888 0.0371126 0.0448687 0.0524863 0.0595264 0.0654345 0.0696865 0.0719053 0.0719181 0.0697782 0.0657507 0.060248 0.0537405 0.046682 0.0394686 0.0324267 0.0258152 0.0198331 0.0146252 0.0102829 0.00684053 0.00426933
 0.00999846 0.015563 0.0221823 0.0294586 0.0370832 0.0448398 0.0524537 0.0594834 0.0653754 0.069611 0.07182 0.0718355 0.0697143 0.0657215 0.0602668 0.0538141 0.0468066 0.0396279 0.0325932 0.0259571 0.0199239 0.0146528 0.0102533 0.00677371 0.00419022
 0.00989569 0.0154149 0.0219945 0.0292488 0.0368765 0.0446608 0.0523196 0.059401 0.0653424 0.0696181 0.0718552 0.0718879 0.0697779 0.0657964 0.0603582 0.0539284 0.0469472 0.0397905 0.0327649 0.0261177 0.0200523 0.0147346 0.0102863 0.00676782 0.00416224
 0.00995053 0.0154788 0.022045 0.0292516 0.0367974 0.0444834 0.0520582 0.0590996 0.0650583 0.0694005 0.0717297 0.0718544 0.0698182 0.0658867 0.060478 0.054065 0.0470947 0.0399458 0.0329224 0.0262675 0.0201812 0.0148311 0.0103453 0.00679292 0.00416361
 0.0100873 0.0156736 0.0222859 0.0295066 0.037019 0.0446192 0.0520639 0.0589512 0.064763 0.0690009 0.0712961 0.0714639 0.0695304 0.0657271 0.0604387 0.0541173 0.047205 0.0400861 0.0330726 0.0264128 0.0203099 0.0149339 0.0104174 0.00683544 0.00418278
 0.0102443 0.0159059 0.0225921 0.0298682 0.0374028 0.0449825 0.0523589 0.0591305 0.0647867 0.0688482 0.0709768 0.0710227 0.0690384 0.0652627 0.0600647 0.0538657 0.0470748 0.0400533 0.0331045 0.0264788 0.0203862 0.0150041 0.0104723 0.00687198 0.00420286
 0.0102613 0.0159444 0.0226696 0.0300066 0.0376212 0.0452865 0.0527313 0.0595288 0.0651502 0.0691128 0.0710904 0.0709591 0.0688052 0.064902 0.0596422 0.0534526 0.0467276 0.0398015 0.0329492 0.026402 0.0203619 0.0150082 0.0104868 0.00688616 0.00421242
 0.0100983 0.0157121 0.0223812 0.0296977 0.0373429 0.0450921 0.0526636 0.05961 0.0653765 0.0694514 0.0714837 0.0713361 0.0691004 0.0650737 0.0596834 0.0533895 0.0466075 0.0396741 0.0328511 0.0263483 0.0203493 0.0150225 0.0105122 0.00691113 0.00423118
 0.00983923 0.0153326 0.0218886 0.0291282 0.036755 0.0445536 0.0522397 0.0593554 0.0653286 0.0696219 0.0718516 0.0718475 0.0696778 0.0656337 0.0601566 0.053737 0.0468257 0.039789 0.0329025 0.0263736 0.0203721 0.015051 0.0105442 0.00694072 0.00425407
 0.00958792 0.0149452 0.0213463 0.0284307 0.0359241 0.0436357 0.0513083 0.0585076 0.0646704 0.0692451 0.0718106 0.072146 0.0702685 0.0664282 0.0610456 0.0546133 0.0476072 0.0404306 0.0333967 0.0267389 0.0206372 0.0152426 0.0106812 0.00703574 0.00431622
 0.00947014 0.0147551 0.0210623 0.0280327 0.0353961 0.0429724 0.0505236 0.0576437 0.0638011 0.0684693 0.0712361 0.0718649 0.0703321 0.0668308 0.0617241 0.0554643 0.0485138 0.0412902 0.0341398 0.0273345 0.0210863 0.015565 0.010903 0.00718163 0.00440713
 0.0093566 0.0145871 0.0208392 0.0277615 0.0350852 0.0426229 0.050126 0.0571831 0.0632711 0.0678876 0.070653 0.0713597 0.0699952 0.0667376 0.0619104 0.0559123 0.049156 0.0420294 0.0348768 0.027992 0.0216212 0.0159667 0.0111839 0.00736549 0.00451967
 0.0092112 0.0143707 0.0205508 0.0274141 0.0347022 0.0422319 0.0497521 0.0568436 0.0629715 0.0676209 0.0704067 0.0711287 0.0697959 0.0666112 0.061911 0.0560838 0.0495097 0.0425341 0.0354667 0.0285888 0.0221571 0.0164004 0.0115033 0.00758078 0.00465299
 0.00920922 0.0143483 0.0204823 0.0272651 0.0344409 0.0418447 0.0492567 0.0562901 0.0624278 0.0671515 0.0700534 0.0709044 0.0696904 0.066607 0.0619984 0.0562669 0.0497989 0.0429304 0.0359483 0.0291101 0.0226614 0.0168381 0.0118454 0.00782241 0.00480756
 0.0100169 0.0154874 0.0218732 0.0287216 0.0357176 0.0427183 0.0495948 0.0560756 0.0617411 0.066133 0.0688657 0.0697001 0.0685876 0.0656766 0.061267 0.0557328 0.0494493 0.0427503 0.0359182 0.0291997 0.0228282 0.0170343 0.01203 0.0079701 0.00491056
 0.0108437 0.0167518 0.0236206 0.0309225 0.0382545 0.0453802 0.0520842 0.0580484 0.0628894 0.0662824 0.0680339 0.068082 0.0664791 0.063383 0.0590362 0.0537276 0.0477533 0.0413889 0.0348817 0.0284569 0.0223336 0.0167331 0.0118651 0.00789039 0.00487739
 0.0107428 0.0166941 0.0237307 0.0313831 0.0392596 0.0470563 0.054413 0.0608299 0.0657645 0.0688092 0.0697964 0.0687997 0.066083 0.0620238 0.05702 0.0514116 0.0454501 0.0393149 0.0331513 0.0271038 0.0213387 0.0160463 0.0114221 0.00762486 0.00473014
 0.0103728 0.0161424 0.0230011 0.0305324 0.038409 0.0463925 0.05417 0.0612367 0.0669578 0.0707443 0.0722105 0.0712652 0.0681358 0.06331 0.0573958 0.0509582 0.0444094 0.0379875 0.0318032 0.0259156 0.0203971 0.0153646 0.0109682 0.00734656 0.00457338
 0.0102781 0.0159697 0.0227071 0.0300682 0.0377366 0.0455125 0.0531521 0.0602351 0.066198 0.0704718 0.0726089 0.0723704 0.0697885 0.0651833 0.0590999 0.0521758 0.0449949 0.0379852 0.03139 0.0253096 0.0197812 0.0148497 0.0105943 0.00710541 0.00443373
 0.0103047 0.0160017 0.0227321 0.0300614 0.0376596 0.0453161 0.0527871 0.0596734 0.0654616 0.0696574 0.0718883 0.0719507 0.0698378 0.0657517 0.0600793 0.0533285 0.0460438 0.0387199 0.0317328 0.0253134 0.0195747 0.0145682 0.0103343 0.00691129 0.0043101
 0.0103141 0.0160177 0.0227569 0.0300954 0.0376984 0.0453463 0.0527825 0.0595958 0.0652689 0.0693215 0.0714188 0.0714138 0.069355 0.0654674 0.0601022 0.0536755 0.0466216 0.0393616 0.0322709 0.0256473 0.0196949 0.0145336 0.010226 0.0067947 0.00421926
 0.010284 0.0159759 0.0227076 0.0300479 0.0376649 0.0453388 0.0528073 0.0596491 0.0653326 0.069363 0.0713977 0.0712986 0.0691439 0.0652032 0.0598664 0.0535571 0.0466737 0.0395706 0.032562 0.0259236 0.0198842 0.0146145 0.0102217 0.0067471 0.00416441
 0.0101135 0.0157259 0.0223819 0.0296681 0.0372656 0.044958 0.0524796 0.0594022 0.0651866 0.0693267 0.0714647 0.0714443 0.0693315 0.0653967 0.0600476 0.053735 0.0468761 0.0398215 0.0328589 0.0262326 0.0201569 0.0148142 0.010339 0.00679782 0.00417518
 0.00993036 0.0154588 0.0220372 0.0292719 0.0368575 0.0445794 0.0521647 0.0591741 0.0650579 0.0693008 0.0715358 0.0715982 0.069546 0.0656444 0.0603019 0.0539775 0.0471026 0.04004 0.0330791 0.0264535 0.0203636 0.0149857 0.0104609 0.00686968 0.00420862
