SBPRF35
12.7214
Curr Bio
793204
B35
876277
F35
0.171185
FOFL
0.156103
OFL
103250
Bzero
3.63469e+006
#pred survey bio
 3.54416e+006 3.44069e+006 3.34496e+006 3.20089e+006 2.99963e+006 2.8073e+006 2.55211e+006 2.29414e+006 2.05477e+006 1.84216e+006 1.63872e+006 1.45646e+006 1.29962e+006 1.14694e+006 1.00694e+006 877437 773660 712789 666107 634942 617571 595652 571080 545880 526094 519582 517189 519878 521727 520444 529668 551813 561337 572339 591987 602075 609760 615948 618449 632539 639671 649218 652381 657957 663502 672268 660868 663255 666415 675820 684614 731426 769159 787072 801411 799370 2.83174e+007 1.71224e+007 1.75689e+007 1.8547e+007 1.98563e+007 2.12752e+007 2.26415e+007 2.38609e+007 2.48945e+007 2.57397e+007 2.64133e+007 2.69409e+007 2.73492e+007 2.76628e+007 2.79025e+007 2.80855e+007 2.82252e+007 2.83321e+007 2.84141e+007 2.84772e+007 2.8526e+007 2.8564e+007 2.85936e+007 2.86168e+007 2.8635e+007 2.86495e+007 2.8661e+007 2.86701e+007 2.86774e+007 2.86832e+007 2.86879e+007 2.86916e+007 2.86947e+007 2.86972e+007 2.86992e+007 2.87008e+007 2.87021e+007 2.87032e+007 2.87041e+007 2.87048e+007 2.87054e+007 2.87058e+007 2.87062e+007 2.87066e+007 2.87068e+007 2.8707e+007 2.87072e+007 2.87073e+007 2.87075e+007 2.87076e+007 2.87076e+007 2.87077e+007 2.87077e+007 2.87078e+007 2.87078e+007 2.87079e+007 2.87079e+007 2.87079e+007 2.87079e+007 2.87079e+007 2.87079e+007 2.87079e+007 2.87079e+007 2.8708e+007 2.8708e+007 2.8708e+007 2.8708e+007 2.8708e+007 2.8708e+007 2.8708e+007 2.8708e+007 2.8708e+007 2.8708e+007 2.8708e+007 2.8708e+007 2.8708e+007 2.8708e+007 2.8708e+007 2.8708e+007 2.8708e+007 2.8708e+007 2.8708e+007 2.8708e+007 2.8708e+007 2.8708e+007 2.8708e+007 2.8708e+007 2.8708e+007 2.8708e+007 2.8708e+007 2.8708e+007 2.8708e+007 2.8708e+007 2.8708e+007 2.8708e+007 2.8708e+007 2.8708e+007 2.8708e+007 2.8708e+007 2.8708e+007 0 0 0 0 0 0 0 0 0 0 0 0 0 0 0 0 0 0 0 0 0 0 0 0 0
#obs survey bio
 3.25195e+006 3.78531e+006 3.34101e+006 3.07573e+006 1.71306e+006 2.44457e+006 2.53911e+006 3.42841e+006 2.13995e+006 1.27095e+006 1.5334e+006 1.60512e+006 1.41574e+006 966362 819535 692445 627532 761471 688254 791335 558348 612542 488003 574135 636946 613927 505888 539456 394034 538511 396811 589395 479628 542033 732190 815651 464032 880597 465838 517619 623135 573874 523763 890882 778401 675812 708220 643146 621594 448587 714132 736455 667922 1.36438e+006 828571 848237
#pred catch bio
 95004.9 93806.5 148172 213412 220528 293585 310682 306590 293872 295391 283883 266871 266553 255885 244454 217762 176267 159890 142638 128146 129640 128978 126263 118420 105075 100728 96402.5 97839.7 101386 94041.8 85874.4 98415.7 97531.6 90751.9 99073.4 100821 101837 104581 95291.1 102271 100671 106283 104233 104325 101635 118019 105378 104888 100394 102236 71952 81882.9 99436.4 102713 116928 107063 103250 113058 114826 120168 128193 137041 145505 152948 159127 164050 167853 170723 172849 174403 175526 176330 176901 177306 177590 177790 177929 178026 178094 178141 178174 178196 178212 178223 178230 178235 178239 178241 178243 178244 178245 178246 178246 178246 178246 178247 178247 178247 178247 178247 178247 178247 178247 178247 178247 178247 178247 178247 178247 178247 178247 178247 178247 178247 178247 178247 178247 178247 178247 178247 178247 178247 178247 178247 178247 178247 178247 178247 178247 178247 178247 178247 178247 178247 178247 178247 178247 178247 178247 178247 178247 178247 178247 178247 178247 178247 178247 178247 178247 178247 178247 178247 178247 178247 178247 178247 0 0 0 0 0 0 0 0 0 0 0 0 0 0 0 0 0 0 0 0 0 0 0 0 0
#obs catch bio
 0 93455.1 148287 214035 221144 296164 313630 307532 293652 296477 284224 266089 267223 257043 245823 220051 178062 160549 142895 127473 129607 128540 126649 118681 104849 100693 96165.8 97670.4 101831 94571 86488.7 99317.4 98282.6 90927.9 99041.8 100521 102009 104364 95086.7 102561 100778 106179 104380 103960 101462 117809 105069 104679 99982 102583 71764.4 81582.1 99530.1 102400 116895 106981
#pred cpue bio
 3.5031e+006 3.40094e+006 3.30481e+006 3.16018e+006 2.95907e+006 2.76681e+006 2.51255e+006 2.25589e+006 2.01776e+006 1.806e+006 1.60352e+006 1.42232e+006 1.26636e+006 1.11481e+006 976190 848338 746288 686867 641568 611382 594517 573164 549204 524716 505622 499422 497154 499724 501311 499780 508573 530169 539672 550721 570256 580383 588000 594161 596700 610408 617364 626860 630022 635541 641067 649824 638720 641047 644131 653219 661725 708075 745683 763369 777296 775079 2.74602e+007 1.6605e+007 1.69235e+007 1.77867e+007 1.90653e+007 2.04786e+007 2.1844e+007 2.30634e+007 2.4097e+007 2.49421e+007 2.56158e+007 2.61434e+007 2.65517e+007 2.68652e+007 2.71049e+007 2.72879e+007 2.74276e+007 2.75345e+007 2.76165e+007 2.76796e+007 2.77284e+007 2.77664e+007 2.7796e+007 2.78192e+007 2.78375e+007 2.78519e+007 2.78634e+007 2.78725e+007 2.78798e+007 2.78856e+007 2.78903e+007 2.78941e+007 2.78971e+007 2.78996e+007 2.79016e+007 2.79032e+007 2.79045e+007 2.79056e+007 2.79065e+007 2.79072e+007 2.79078e+007 2.79083e+007 2.79087e+007 2.7909e+007 2.79092e+007 2.79095e+007 2.79096e+007 2.79098e+007 2.79099e+007 2.791e+007 2.79101e+007 2.79101e+007 2.79102e+007 2.79102e+007 2.79102e+007 2.79103e+007 2.79103e+007 2.79103e+007 2.79103e+007 2.79103e+007 2.79104e+007 2.79104e+007 2.79104e+007 2.79104e+007 2.79104e+007 2.79104e+007 2.79104e+007 2.79104e+007 2.79104e+007 2.79104e+007 2.79104e+007 2.79104e+007 2.79104e+007 2.79104e+007 2.79104e+007 2.79104e+007 2.79104e+007 2.79104e+007 2.79104e+007 2.79104e+007 2.79104e+007 2.79104e+007 2.79104e+007 2.79104e+007 2.79104e+007 2.79104e+007 2.79104e+007 2.79104e+007 2.79104e+007 2.79104e+007 2.79104e+007 2.79104e+007 2.79104e+007 2.79104e+007 2.79104e+007 2.79104e+007 2.79104e+007 2.79104e+007 2.79104e+007 2.79104e+007 0 0 0 0 0 0 0 0 0 0 0 0 0 0 0 0 0 0 0 0 0 0 0 0 0
#obs cpue bio
 3.99758e+006 3.76016e+006 2.87058e+006 3.07407e+006 2.24755e+006 2.84796e+006 2.0877e+006 2.78729e+006 2.6047e+006 1.8683e+006 2.01678e+006 1.67264e+006 845224 1.11752e+006 1.10677e+006 761783 700755 848404 665554 737852 524045 692168 447546 510323 512455 394406 577426 474343 457119 382947 440985 504208 592745 717025 630763 522714 529900 612475 693977 571501 649993 916768 609605 744014 427140 856404 561436 693319 819508 684320 598336 1.18415e+006 609352 559679 724148 622859
#pred surv len freq
 0.00426831 0.00702613 0.0107547 0.0154947 0.0211635 0.0274627 0.0338604 0.0397345 0.0446103 0.0483115 0.050929 0.0526816 0.0537949 0.0544476 0.0547642 0.0548282 0.054701 0.0544244 0.0539745 0.053167 0.0515787 0.0486073 0.043738 0.0369158 0.028761
 0.00462189 0.00749985 0.0112839 0.0159649 0.0214523 0.0275005 0.0336704 0.0394217 0.0443015 0.0480868 0.0507901 0.0525734 0.0536596 0.0542733 0.0545999 0.0547596 0.0548019 0.0547077 0.0543677 0.0535288 0.0517549 0.048501 0.0433546 0.0363561 0.0281676
 0.00470984 0.00770976 0.0117153 0.0167297 0.0226208 0.0290321 0.0353759 0.0410026 0.0454646 0.0486673 0.0508029 0.0521645 0.053006 0.0535075 0.0537977 0.0539709 0.054076 0.0540857 0.0538529 0.053067 0.0512534 0.0478796 0.0425984 0.0355294 0.0273803
 0.00485726 0.00793237 0.0120247 0.0171418 0.0231711 0.0297862 0.0364151 0.042374 0.0471153 0.0504094 0.0523513 0.0532428 0.0534566 0.053337 0.0531388 0.053003 0.0529613 0.0529407 0.0527424 0.0520055 0.050217 0.0468366 0.0415462 0.0345139 0.0264795
 0.00504379 0.00824308 0.0125045 0.0178327 0.0241003 0.0309511 0.0377765 0.0438679 0.0486765 0.0519837 0.0538772 0.0546147 0.0545133 0.053902 0.0530942 0.0523443 0.0517947 0.0514324 0.0510559 0.0502628 0.048492 0.0451753 0.0399947 0.0331328 0.0253336
 0.00514421 0.00842227 0.0128046 0.0183053 0.0247977 0.0319101 0.0390011 0.0453183 0.0502735 0.0536264 0.0554643 0.0560565 0.0557252 0.0547884 0.0535445 0.0522576 0.0511244 0.0502174 0.0494147 0.0483556 0.0464796 0.0431966 0.0381653 0.0315472 0.024059
 0.0052949 0.00867464 0.013199 0.0188863 0.025608 0.0329795 0.0403327 0.0468798 0.0519965 0.0554141 0.057204 0.057633 0.057034 0.0557412 0.0540656 0.0522777 0.0505864 0.0490991 0.0477569 0.0462734 0.0441481 0.0408188 0.0359361 0.0296236 0.0225369
 0.00551911 0.00903106 0.013721 0.0196014 0.0265354 0.0341258 0.0416854 0.0484024 0.0536306 0.0570857 0.0588301 0.0591264 0.0583054 0.0567037 0.0546375 0.0523854 0.0501675 0.0481132 0.046207 0.0442298 0.0417598 0.0382981 0.0335184 0.027514 0.0208658
 0.00581387 0.00949894 0.0144036 0.0205288 0.0277198 0.0355529 0.043306 0.0501338 0.0553712 0.0587384 0.0603186 0.0603979 0.0593209 0.0574247 0.0550173 0.0523668 0.0496879 0.0471187 0.044675 0.0421977 0.039347 0.0357045 0.0309894 0.0252809 0.0190855
 0.00605123 0.0098961 0.0150215 0.0214289 0.0289489 0.0371198 0.0451605 0.0521629 0.0574213 0.0606519 0.0619679 0.0617013 0.0602411 0.0579544 0.0551597 0.0521168 0.0490233 0.0460045 0.0430857 0.0401505 0.0369334 0.0331014 0.0284322 0.0230051 0.0172598
 0.00629876 0.0102996 0.0156315 0.0222956 0.0301143 0.0386053 0.0469492 0.0541876 0.0595645 0.0627605 0.0638774 0.0632637 0.0613493 0.0585551 0.0552485 0.0517184 0.0481664 0.0447067 0.0413576 0.038022 0.0344876 0.0304948 0.0258808 0.0207327 0.0154322
 0.00659446 0.0107704 0.0163219 0.0232407 0.0313351 0.0400998 0.0486835 0.0560915 0.0615388 0.0646912 0.065648 0.0647621 0.0624737 0.0592232 0.0554089 0.0513559 0.0472964 0.0433628 0.039583 0.0358763 0.0320674 0.0279511 0.0234114 0.0185413 0.0136712
 0.00681967 0.0111489 0.0169134 0.0241065 0.0325221 0.0416179 0.0504849 0.0580693 0.0635487 0.0665874 0.0673108 0.066107 0.0634441 0.0597785 0.0555173 0.0509956 0.0464606 0.0420649 0.0378608 0.0337976 0.0297393 0.025526 0.0210762 0.0164812 0.0120216
 0.0070397 0.0115153 0.0174816 0.0249346 0.0336603 0.0430902 0.0522682 0.0600818 0.065656 0.0686243 0.0691115 0.0675337 0.064406 0.0602362 0.0554722 0.0504705 0.0454848 0.0406702 0.0360888 0.0317143 0.0274488 0.0231751 0.0188396 0.0145274 0.0104686
 0.00723433 0.0118422 0.0179931 0.0256865 0.0347008 0.044442 0.0539104 0.0619414 0.0676165 0.0705449 0.0708478 0.0689538 0.0654042 0.060744 0.0554638 0.0499592 0.0445108 0.0392873 0.0343596 0.0297159 0.0252852 0.0209826 0.0167758 0.01274 0.00905783
 0.00739001 0.0121119 0.0184299 0.0263504 0.0356461 0.0456968 0.0554556 0.0637028 0.0694751 0.0723595 0.0724788 0.0702804 0.0663338 0.0612171 0.0554542 0.0494723 0.0435783 0.037962 0.0327108 0.0278297 0.0232689 0.0189659 0.0148997 0.0111314 0.00779858
 0.00748465 0.0122721 0.0186841 0.0267321 0.0361915 0.046437 0.0564066 0.064855 0.0707863 0.0737544 0.0738557 0.0715246 0.0673355 0.0618872 0.0557343 0.0493365 0.0430315 0.0370356 0.0314606 0.0263353 0.0216329 0.0173101 0.0133522 0.00980359 0.00676035
 0.00750104 0.0122858 0.0186823 0.0266992 0.0361188 0.0463368 0.0563216 0.0648556 0.0709534 0.0741526 0.0745081 0.0723992 0.068347 0.0629128 0.0566394 0.0500008 0.0433695 0.0370069 0.0310714 0.0256349 0.0207072 0.0162705 0.0123189 0.00888286 0.00602327
 0.00758586 0.0124067 0.0188319 0.0268577 0.0362571 0.0464237 0.0563335 0.0647874 0.0708276 0.0740229 0.0744512 0.0724915 0.0686348 0.0633894 0.0572396 0.050617 0.0438802 0.0373081 0.0311007 0.0253827 0.0202161 0.0156237 0.0116193 0.00822815 0.00548328
 0.00772095 0.012602 0.01908 0.0271345 0.0365259 0.0466438 0.0564686 0.0648119 0.0707325 0.0738225 0.0741866 0.0722282 0.0684488 0.0633446 0.0573643 0.0508887 0.044228 0.0376329 0.0313059 0.0254043 0.0200405 0.0152877 0.0111944 0.00779514 0.00510728
 0.00772729 0.0126232 0.0191307 0.0272315 0.0366798 0.0468474 0.0566904 0.065001 0.0708359 0.0738068 0.0740522 0.0720094 0.0682035 0.0631384 0.0572536 0.050904 0.0443623 0.0378398 0.0315128 0.0255375 0.0200518 0.0151705 0.0109816 0.00754166 0.00486695
 0.00777338 0.0126953 0.0192347 0.0273725 0.0368627 0.0470764 0.0569655 0.065311 0.0711522 0.074083 0.0742338 0.0720531 0.068096 0.0629058 0.0569536 0.0506063 0.0441232 0.0376838 0.031427 0.025482 0.0199809 0.0150554 0.0108213 0.00735862 0.00469244
 0.00777218 0.0127086 0.0192821 0.0274805 0.0370563 0.047367 0.0573416 0.0657379 0.0715823 0.0744677 0.0745319 0.0722324 0.0681346 0.0627963 0.0567112 0.0502707 0.0437504 0.0373287 0.031125 0.0252404 0.0197847 0.0148823 0.0106568 0.00720292 0.00455536
 0.00778177 0.0127237 0.0193051 0.0275159 0.0371132 0.0474608 0.0574916 0.0659608 0.0718803 0.0748207 0.0748975 0.0725561 0.068365 0.0628986 0.0566729 0.0501032 0.043486 0.0370124 0.0308028 0.0249466 0.019535 0.0146762 0.010487 0.00706311 0.00444379
 0.0078907 0.0128737 0.0194809 0.027687 0.0372434 0.0475235 0.0574825 0.0659012 0.07181 0.074783 0.0749237 0.072654 0.068515 0.0630601 0.0567989 0.0501561 0.0434492 0.0368935 0.0306275 0.0247477 0.019341 0.0145046 0.0103446 0.00695022 0.0043582
 0.00793267 0.0129358 0.0195618 0.0277782 0.0373278 0.0475754 0.0574719 0.0658039 0.0716215 0.0745299 0.0746624 0.0724526 0.0684274 0.0631047 0.0569528 0.0503677 0.0436595 0.0370568 0.0307223 0.0247765 0.0193211 0.0144578 0.0102888 0.00689706 0.00431372
 0.0080242 0.0130654 0.0197212 0.0279474 0.03748 0.0476853 0.0575217 0.0657844 0.0715297 0.0743689 0.0744443 0.072204 0.0681893 0.0629226 0.056861 0.0503743 0.0437436 0.0371782 0.0308394 0.0248607 0.019363 0.0144633 0.0102713 0.00686998 0.00428672
 0.00811438 0.0132014 0.0199051 0.0281718 0.0377269 0.0479268 0.0577227 0.0659087 0.0715501 0.0742765 0.0742523 0.0719432 0.0678989 0.0626425 0.0566266 0.0502109 0.043661 0.0371672 0.0308753 0.0249131 0.0194075 0.0144878 0.0102757 0.00686106 0.00427258
 0.00816608 0.0132911 0.0200499 0.0283888 0.0380265 0.0483032 0.0581464 0.0663268 0.071898 0.0744959 0.0743076 0.0718298 0.0676418 0.0622876 0.0562288 0.049823 0.0433236 0.0369034 0.0306887 0.0247915 0.0193306 0.0144364 0.0102371 0.00682978 0.00424761
 0.00823663 0.0134031 0.0202136 0.0286127 0.0383164 0.0486603 0.0585629 0.0667814 0.072353 0.0748997 0.0746029 0.0719671 0.0675938 0.0620587 0.0558545 0.04936 0.0428354 0.036445 0.0302973 0.024483 0.0191027 0.0142759 0.0101274 0.00675655 0.00420006
 0.00819836 0.0133455 0.020136 0.0285186 0.0382146 0.0485647 0.0584929 0.0667602 0.0724027 0.0750335 0.0748167 0.0722348 0.0678704 0.0622919 0.0560012 0.0494008 0.0427787 0.0363213 0.0301455 0.0243367 0.0189825 0.014188 0.0100684 0.00671906 0.00417696
 0.00795451 0.0129773 0.0196352 0.0278982 0.0375072 0.0478189 0.0577701 0.0661309 0.0719392 0.0747964 0.074841 0.0725203 0.0683799 0.0629566 0.0567342 0.0501155 0.0434081 0.0368294 0.0305277 0.0246106 0.019174 0.0143208 0.0101596 0.00677973 0.00421496
 0.00784806 0.0128036 0.0193737 0.0275328 0.0370331 0.0472519 0.0571528 0.0655292 0.071427 0.0744357 0.0746689 0.0725474 0.0685957 0.0633348 0.0572338 0.0506828 0.0439827 0.0373563 0.0309692 0.0249521 0.0194207 0.0144898 0.0102707 0.00684991 0.00425726
 0.00778085 0.0126888 0.0191908 0.0272592 0.0366498 0.0467517 0.0565501 0.0648647 0.0707647 0.0738516 0.0742357 0.0723197 0.0685993 0.0635639 0.057655 0.0512427 0.0446174 0.0380004 0.0315654 0.0254597 0.0198207 0.014783 0.0104715 0.0069788 0.0043347
 0.00766868 0.0125067 0.0189172 0.0268747 0.0361411 0.0461185 0.0558121 0.0640655 0.0699681 0.0731324 0.0736683 0.0719672 0.0685043 0.0637403 0.0580847 0.0518783 0.0453899 0.038831 0.0323777 0.0261909 0.0204296 0.0152528 0.0108075 0.00720145 0.00447109
 0.00767846 0.0125125 0.0189069 0.0268293 0.0360378 0.0459362 0.0555375 0.0636968 0.0695168 0.0726238 0.0731418 0.0714744 0.0681035 0.0634875 0.058021 0.0520191 0.0457193 0.0393038 0.0329295 0.0267525 0.0209415 0.0156758 0.0111259 0.00742024 0.00460837
 0.00762792 0.012445 0.0188316 0.0267617 0.0359922 0.0459159 0.0555276 0.0636663 0.0694301 0.072455 0.0728857 0.0711498 0.0677498 0.0631566 0.0577684 0.051892 0.0457455 0.0394832 0.0332331 0.0271295 0.0213335 0.0160319 0.0114139 0.00762912 0.00474481
 0.00760363 0.0123998 0.0187541 0.0266407 0.0358232 0.0457082 0.0553076 0.0634704 0.0692887 0.0723763 0.0728508 0.0711235 0.0677006 0.0630742 0.0576688 0.0518112 0.0457251 0.0395541 0.0334034 0.0273814 0.0216293 0.016327 0.0116708 0.00782689 0.00488031
 0.00772503 0.0125707 0.018962 0.0268558 0.0360055 0.0458193 0.0553228 0.0633857 0.069121 0.0721582 0.0726196 0.0709081 0.0675123 0.0629075 0.0575129 0.0516641 0.0455997 0.0394745 0.0333919 0.0274458 0.0217571 0.0164901 0.0118363 0.00796869 0.00498548
 0.00763399 0.0124503 0.0188302 0.0267431 0.0359415 0.0458151 0.0553593 0.0634191 0.0691045 0.0720671 0.0724642 0.0707276 0.067354 0.0628057 0.0574779 0.0516858 0.0456611 0.0395637 0.0335064 0.0275872 0.0219224 0.016667 0.0120059 0.008113 0.00509396
 0.00755616 0.0123294 0.0186604 0.0265274 0.0356956 0.0455703 0.0551597 0.063309 0.0691081 0.0721723 0.0726242 0.0708827 0.067461 0.0628547 0.0574883 0.0516877 0.0456783 0.0396073 0.0335779 0.0276837 0.0220385 0.0167937 0.0121308 0.00822294 0.00517987
 0.00753958 0.0122889 0.0185751 0.0263708 0.0354446 0.0452183 0.0547282 0.0628508 0.0686957 0.0718773 0.0724936 0.0709236 0.0676404 0.0631155 0.0577731 0.0519587 0.0459221 0.0398276 0.0337833 0.0278798 0.0222253 0.0169665 0.0122824 0.00834668 0.0052723
 0.00751752 0.0122645 0.0185582 0.026374 0.035475 0.0452677 0.0547688 0.062842 0.0686041 0.0716968 0.0722545 0.0706819 0.0674538 0.0630194 0.0577706 0.0520265 0.046028 0.0399458 0.0339009 0.0279939 0.0223363 0.017073 0.01238 0.0084298 0.00533677
 0.00748948 0.0122154 0.0184787 0.0262561 0.0353172 0.0450803 0.0545752 0.0626724 0.0684808 0.0716227 0.0722132 0.0706519 0.067426 0.0630041 0.0577894 0.0520963 0.0461497 0.0401047 0.0340761 0.028167 0.0224958 0.0172129 0.0124971 0.00852248 0.00540498
 0.0074312 0.0121287 0.018363 0.026115 0.0351565 0.0449051 0.05439 0.0624836 0.0683009 0.0714706 0.0721085 0.0706061 0.0674374 0.0630609 0.0578789 0.0522122 0.0462915 0.0402712 0.0342603 0.028356 0.0226752 0.0173711 0.0126273 0.0086224 0.00547611
 0.00737618 0.0120354 0.0182163 0.0259006 0.0348664 0.0445458 0.0539868 0.0620786 0.0679422 0.0711979 0.0719449 0.0705578 0.0674975 0.063214 0.0581038 0.0524855 0.0465914 0.0405807 0.0345659 0.028646 0.0229377 0.0175958 0.0128075 0.00875675 0.00556869
 0.00746864 0.0121804 0.0184234 0.0261719 0.0351924 0.0449014 0.05433 0.0623563 0.0681043 0.0712145 0.0718157 0.0703101 0.0671751 0.0628641 0.0577672 0.0521912 0.0463556 0.0404084 0.0344539 0.028586 0.0229184 0.0176039 0.0128303 0.00878387 0.00559311
 0.00747226 0.0121843 0.0184258 0.0261709 0.0351877 0.0448952 0.0543279 0.0623641 0.0681231 0.0712372 0.0718283 0.070298 0.0671308 0.0627917 0.0576807 0.0521092 0.046295 0.0403795 0.0344595 0.0286217 0.0229749 0.0176702 0.0128957 0.00884016 0.00563613
 0.00755191 0.0122959 0.0185606 0.0263095 0.0353051 0.0449702 0.0543502 0.0623369 0.0680603 0.0711568 0.0717459 0.0702217 0.0670601 0.0627208 0.0576045 0.0520283 0.0462168 0.0403151 0.0344184 0.028608 0.0229864 0.0176995 0.0129332 0.00887713 0.0056668
 0.00753392 0.0122787 0.0185561 0.0263332 0.0353691 0.0450728 0.0544703 0.0624391 0.0681097 0.0711363 0.0716638 0.0701056 0.0669424 0.0626242 0.0575368 0.0519854 0.0461906 0.0403004 0.0344146 0.0286169 0.0230085 0.0177319 0.0129704 0.00891287 0.00569632
 0.00736504 0.0120368 0.0182532 0.0260034 0.0350608 0.0448356 0.0543413 0.0624337 0.0682179 0.0713248 0.0718854 0.0703152 0.0671117 0.0627479 0.0576267 0.0520584 0.0462592 0.0403693 0.0344837 0.028685 0.0230742 0.0177938 0.0130259 0.00895931 0.0057318
 0.00714075 0.0116452 0.017618 0.025048 0.0337403 0.0431792 0.052484 0.0606068 0.0666903 0.0703199 0.0715179 0.0705736 0.0678853 0.0638758 0.0589447 0.0534306 0.0475889 0.0415955 0.0355711 0.0296149 0.0238395 0.0183965 0.0134768 0.00927662 0.00593981
 0.0071245 0.0115995 0.0175109 0.0248305 0.0333491 0.042549 0.0515684 0.0594062 0.0652776 0.0688502 0.0702044 0.0696321 0.067467 0.0640225 0.0595877 0.0544276 0.0487752 0.0428253 0.0367371 0.0306495 0.0247075 0.0190863 0.0139941 0.00964021 0.00617735
 0.00716602 0.0116752 0.0176378 0.0250233 0.0336085 0.0428459 0.0518329 0.0595329 0.0651533 0.0683963 0.0694187 0.0686087 0.0663809 0.0630798 0.0589599 0.0541997 0.0489311 0.0432719 0.0373481 0.0313062 0.0253216 0.0196056 0.0143975 0.00992948 0.00636852
 0.00716684 0.0116822 0.0176595 0.0250729 0.0337026 0.0429995 0.0520517 0.0598021 0.0654278 0.0685993 0.0694568 0.0684047 0.0659134 0.0624083 0.0582168 0.0535473 0.0485033 0.04313 0.0374711 0.0316142 0.0257149 0.0199977 0.0147324 0.0101832 0.00654153
 0.00715645 0.0116816 0.0176884 0.0251597 0.0338763 0.0432786 0.052434 0.0602613 0.0659182 0.0690624 0.0698262 0.0686104 0.0658934 0.0621294 0.0576985 0.0528716 0.0477978 0.0425261 0.0370597 0.0314203 0.0257027 0.0200988 0.0148773 0.0103219 0.00664912
#obs surv len freq
 nan nan nan nan nan nan nan nan nan nan nan nan nan nan nan nan nan nan nan nan nan nan nan nan nan
 0.00448178 0.00734189 0.0111709 0.0159867 0.0216876 0.027964 0.0342793 0.0400117 0.0446923 0.0481569 0.0505153 0.0520116 0.0529042 0.0534169 0.0537314 0.0539865 0.0542651 0.054558 0.0546968 0.0542887 0.0527267 0.0493587 0.0438082 0.0362879 0.0276711
 0.00462081 0.00756811 0.0115114 0.0164659 0.0223213 0.0287503 0.0351898 0.0409887 0.0456561 0.0490214 0.051204 0.052469 0.0531017 0.0533533 0.0534286 0.0534819 0.0536026 0.0537804 0.0538435 0.053397 0.0518356 0.0485116 0.0430503 0.0356575 0.0271893
 0.00477688 0.00782606 0.0119073 0.017036 0.023094 0.0297347 0.0363628 0.0422905 0.0469973 0.0502981 0.0523142 0.0533246 0.0536367 0.0535295 0.0532388 0.0529478 0.0527689 0.0527062 0.052595 0.0520444 0.0504542 0.0471822 0.0418527 0.0346576 0.0264237
 0.00495685 0.00812003 0.0123526 0.0176691 0.0239444 0.0308151 0.0376574 0.0437493 0.0485394 0.0518239 0.0537177 0.0545037 0.0545011 0.0540079 0.0532858 0.052549 0.0519425 0.0515009 0.0510855 0.0503272 0.0486437 0.0454043 0.0402317 0.0332949 0.0253762
 0.00516646 0.00846269 0.0128719 0.0184066 0.0249322 0.0320629 0.0391403 0.0454035 0.0502718 0.0535291 0.0552931 0.055856 0.0555463 0.0546716 0.0535059 0.0522819 0.0511717 0.0502448 0.0494033 0.048321 0.0464557 0.0432043 0.038194 0.0315647 0.0240381
 0.00540117 0.00884477 0.013448 0.0192207 0.0260176 0.0334295 0.0407611 0.0472093 0.0521603 0.0553842 0.0570031 0.0573238 0.0566916 0.0554277 0.0538159 0.052098 0.0504596 0.0489955 0.0476487 0.0461486 0.0440138 0.0406912 0.0358259 0.0295292 0.0224508
 0.00563932 0.0092372 0.0140482 0.0200816 0.0271807 0.0349081 0.0425238 0.0491747 0.0542101 0.0573867 0.0588355 0.0588835 0.0578984 0.0562199 0.0541452 0.0519242 0.0497498 0.0477314 0.0458443 0.0438727 0.0414067 0.0379608 0.0332147 0.0272584 0.0206644
 0.00587962 0.00963118 0.0146476 0.0209375 0.0283344 0.0363766 0.0442836 0.0511543 0.0562984 0.0594522 0.0607471 0.0605253 0.0591771 0.0570665 0.054511 0.0517744 0.049058 0.0464819 0.0440459 0.0415825 0.0387535 0.0351488 0.0304945 0.024869 0.0187689
 0.00613465 0.0100471 0.0152761 0.0218275 0.0295232 0.0378754 0.0460622 0.0531365 0.0583719 0.0614898 0.062626 0.0621381 0.0604351 0.0579003 0.054869 0.05162 0.0483662 0.0452396 0.0422625 0.0393109 0.0361136 0.032336 0.0277559 0.0224471 0.0168354
 0.00636329 0.0104243 0.015854 0.022658 0.0306475 0.0393077 0.0477735 0.0550491 0.0603715 0.0634485 0.0644237 0.0636738 0.0616295 0.0586928 0.055214 0.051483 0.0477212 0.044072 0.0405789 0.0371589 0.0336034 0.0296501 0.0251284 0.0201116 0.0149614
 0.00658211 0.0107847 0.0164052 0.0234488 0.0317177 0.0406722 0.0494071 0.0568802 0.062291 0.0653305 0.066146 0.0651321 0.0627439 0.0594077 0.055494 0.0513056 0.0470713 0.0429416 0.0389764 0.0351277 0.0312434 0.0271275 0.0226588 0.0179124 0.0131923
 0.00681889 0.0111682 0.0169797 0.0242547 0.0327839 0.0420047 0.050976 0.058615 0.0640895 0.0670767 0.0677284 0.0664555 0.0637341 0.0600131 0.0556833 0.051063 0.0463915 0.0418266 0.0374416 0.0332166 0.0290473 0.0247954 0.0203834 0.0158886 0.0115642
 0.00706757 0.0115786 0.0176077 0.025154 0.0339922 0.0435239 0.0527539 0.060543 0.0660226 0.0688666 0.069252 0.0676274 0.0645052 0.0603625 0.0556093 0.0505753 0.045505 0.0405601 0.0358223 0.0312931 0.0269061 0.0225701 0.0182431 0.0140027 0.0100558
 0.00728378 0.0119344 0.0181514 0.0259334 0.0350455 0.0448642 0.0543526 0.0623216 0.0678607 0.0706224 0.070787 0.0688275 0.0652937 0.0607041 0.0555044 0.0500482 0.0445912 0.0392985 0.0342558 0.0294786 0.0249277 0.0205471 0.016321 0.0123239 0.00872122
 0.00742716 0.0121745 0.018526 0.0264827 0.0358048 0.0458513 0.0555556 0.0636928 0.0693217 0.0720768 0.0721326 0.0699663 0.0661402 0.0611937 0.0556005 0.0497443 0.0439067 0.0382711 0.0329362 0.0279314 0.0232384 0.0188252 0.0146926 0.0109079 0.00759968
 0.00752403 0.0123281 0.0187508 0.026792 0.0362113 0.0463673 0.05619 0.0644463 0.0701815 0.0730128 0.0730966 0.0708943 0.0669579 0.0618255 0.0559791 0.0498203 0.0436551 0.0376944 0.0320642 0.0268198 0.0219673 0.0174965 0.013419 0.00979267 0.00671323
 0.00756083 0.0123884 0.0188423 0.0269226 0.0363877 0.0465942 0.0564691 0.0647779 0.0705673 0.0734567 0.0736017 0.0714542 0.0675482 0.0623995 0.0564722 0.0501612 0.0437804 0.0375622 0.0316637 0.0261756 0.0211387 0.0165703 0.0124952 0.00896439 0.00604537
 0.00765436 0.0125262 0.0190234 0.0271373 0.0366212 0.0468319 0.056701 0.0649996 0.0707791 0.073663 0.0738104 0.0716755 0.0677905 0.0626617 0.0567366 0.0503902 0.0439218 0.037562 0.0314822 0.0258022 0.0205993 0.0159246 0.0118231 0.00834515 0.00553755
 0.00771323 0.0126213 0.0191648 0.0273314 0.0368673 0.0471175 0.0570001 0.0652769 0.0710013 0.0738122 0.0738906 0.0717092 0.067808 0.0626893 0.056787 0.0504573 0.04398 0.0375714 0.0314001 0.025599 0.0202721 0.0155025 0.0113599 0.0079025 0.00516516
 0.0077619 0.0126949 0.0192655 0.0274584 0.0370178 0.0472881 0.0571864 0.0654717 0.0711919 0.0739808 0.0740188 0.0717851 0.0678328 0.0626772 0.056759 0.0504308 0.0439592 0.0375433 0.0313388 0.0254768 0.0200738 0.0152351 0.0110529 0.00759781 0.00490118
 0.00781789 0.0127807 0.0193846 0.0276099 0.037196 0.047483 0.0573841 0.0656565 0.0713497 0.0741019 0.0740991 0.0718245 0.0678325 0.0626406 0.0566932 0.0503467 0.0438676 0.0374491 0.0312367 0.0253537 0.0199171 0.0150424 0.0108371 0.00738285 0.00471255
 0.00785295 0.0128374 0.0194691 0.0277269 0.0373471 0.0476642 0.0575838 0.0658561 0.0715278 0.0742402 0.074187 0.0718602 0.0678213 0.0625909 0.056614 0.0502468 0.0437552 0.0373304 0.0311142 0.025225 0.0197774 0.0148898 0.0106769 0.00722773 0.00457734
 0.00786783 0.0128581 0.019494 0.0277532 0.0373723 0.0476885 0.0576113 0.0658936 0.0715809 0.0743096 0.0742671 0.0719408 0.0678911 0.0626413 0.0566408 0.0502496 0.0437365 0.0372934 0.0310618 0.0251586 0.0196973 0.0147973 0.0105769 0.00712876 0.00448934
 0.00789002 0.012889 0.0195308 0.0277897 0.0374005 0.0477012 0.057605 0.0658697 0.0715467 0.0742766 0.0742477 0.0719439 0.0679187 0.0626877 0.056695 0.0502999 0.0437736 0.0373124 0.031061 0.0251387 0.0196601 0.0147461 0.0105168 0.0070666 0.00443263
 0.0078891 0.0128846 0.0195189 0.0277646 0.0373562 0.0476335 0.057514 0.0657609 0.0714309 0.0741684 0.0741634 0.0718983 0.0679214 0.0627402 0.0567898 0.0504218 0.0439042 0.0374344 0.0311618 0.0252113 0.019703 0.0147619 0.0105112 0.0070477 0.00440848
 0.00788372 0.012873 0.019496 0.0277239 0.0372914 0.0475406 0.057394 0.0656208 0.0712827 0.0740272 0.074045 0.0718171 0.0678887 0.0627621 0.0568651 0.050542 0.0440539 0.0375947 0.031314 0.0253406 0.0198009 0.0148267 0.0105467 0.00706103 0.00440822
 0.00788426 0.0128721 0.0194912 0.0277114 0.0372663 0.0474981 0.0573303 0.0655348 0.0711771 0.0739091 0.0739256 0.0717103 0.0678088 0.0627209 0.0568699 0.0505934 0.0441458 0.0377144 0.0314451 0.0254662 0.0199076 0.0149068 0.0105993 0.00709029 0.00442091
 0.0078851 0.0128712 0.0194857 0.0276971 0.0372388 0.047454 0.0572689 0.0654581 0.0710893 0.0738158 0.0738328 0.0716251 0.067739 0.0626748 0.0568551 0.0506149 0.0442038 0.0378035 0.0315544 0.0255816 0.020015 0.0149955 0.0106642 0.00713206 0.00444419
 0.0078632 0.0128338 0.0194263 0.027609 0.0371171 0.0472986 0.0570872 0.0652654 0.0709054 0.0736605 0.0737214 0.0715653 0.0677317 0.0627158 0.0569374 0.0507311 0.0443467 0.0379652 0.0317253 0.0257501 0.0201688 0.0151246 0.0107629 0.00720032 0.00448651
 0.00783707 0.0127924 0.0193657 0.0275262 0.0370099 0.0471666 0.0569327 0.0650948 0.07073 0.0734953 0.0735831 0.0714695 0.0676889 0.0627298 0.0570049 0.0508435 0.0444927 0.0381328 0.0319024 0.0259249 0.0203298 0.0152621 0.0108709 0.0072776 0.00453653
 0.00782436 0.0127676 0.0193209 0.027452 0.0368982 0.0470148 0.056747 0.0648903 0.0705265 0.0733125 0.0734363 0.0713692 0.0676415 0.0627381 0.057068 0.0509562 0.0446452 0.0383123 0.0320946 0.0261155 0.0205058 0.0154132 0.0109908 0.00736481 0.00459426
 0.00781395 0.0127493 0.0192907 0.0274046 0.0368277 0.046916 0.0566171 0.0647313 0.070347 0.0731273 0.0732646 0.0712305 0.0675511 0.0627048 0.0570937 0.0510366 0.0447718 0.0384731 0.0322753 0.0263007 0.020681 0.0155663 0.0111141 0.00745591 0.00465557
 0.00774755 0.0126473 0.0191485 0.0272223 0.0366099 0.0466719 0.0563601 0.0644783 0.0701165 0.0729362 0.0731259 0.0711528 0.0675392 0.0627596 0.0572119 0.0512106 0.0449898 0.0387202 0.0325347 0.0265552 0.0209147 0.0157666 0.0112735 0.00757274 0.00473399
 0.00774491 0.0126324 0.019107 0.0271352 0.0364601 0.0464526 0.0560823 0.0641702 0.0698155 0.0726772 0.0729327 0.0710359 0.0674993 0.0627917 0.0573087 0.0513635 0.0451883 0.0389516 0.0327835 0.0268044 0.0211476 0.0159692 0.0114366 0.00769367 0.00481596
 0.00770762 0.0125768 0.0190319 0.027041 0.0363462 0.0463149 0.0559131 0.0639634 0.0695734 0.0724164 0.0726836 0.070834 0.0673738 0.0627576 0.0573653 0.0514986 0.0453845 0.0391892 0.033043 0.0270665 0.0213941 0.0161849 0.0116114 0.00782397 0.00490479
 0.00767713 0.0125264 0.0189547 0.0269312 0.0362014 0.0461387 0.0557165 0.0637621 0.0693826 0.0722453 0.0725352 0.0707107 0.0672827 0.0627117 0.0573786 0.0515791 0.0455298 0.0393873 0.0332751 0.0273114 0.021631 0.0163962 0.0117851 0.00795506 0.00499506
 0.00765862 0.0124956 0.0189071 0.026862 0.0361061 0.0460148 0.0555656 0.0635913 0.069204 0.0720743 0.0723863 0.0705942 0.0672037 0.0626723 0.0573807 0.0516264 0.0456252 0.0395293 0.0334553 0.0275143 0.0218374 0.0165873 0.0119466 0.00807939 0.00508203
 0.00762995 0.0124529 0.0188498 0.0267918 0.0360259 0.0459272 0.0554717 0.0634913 0.0690985 0.0719657 0.0722801 0.0704983 0.0671271 0.062623 0.0573646 0.0516467 0.0456836 0.0396255 0.0335854 0.0276693 0.0220034 0.016748 0.0120874 0.00819104 0.00516192
 0.00759959 0.0124037 0.0187764 0.0266901 0.0358952 0.0457721 0.0553036 0.0633269 0.0689552 0.0718557 0.0722077 0.0704608 0.0671191 0.0626399 0.0574048 0.0517106 0.0457724 0.0397392 0.0337215 0.0278217 0.0221623 0.0169009 0.012222 0.00829878 0.00523989
 0.00760015 0.012403 0.0187724 0.0266795 0.0358736 0.0457351 0.0552482 0.0632528 0.0688658 0.0717589 0.0721134 0.0703789 0.0670565 0.0625994 0.0573864 0.0517138 0.0457974 0.0397868 0.0337915 0.0279113 0.0222648 0.0170068 0.0123205 0.00838125 0.00530181
 0.00757978 0.0123727 0.018732 0.0266305 0.0358184 0.0456761 0.0551868 0.0631895 0.0688011 0.0716938 0.0720509 0.0703236 0.0670142 0.0625753 0.0573837 0.0517333 0.0458377 0.0398458 0.0338668 0.0279996 0.022361 0.0171035 0.0124098 0.008456 0.00535827
 0.00756866 0.0123555 0.0187076 0.0265989 0.0357807 0.0456346 0.055145 0.0631511 0.0687687 0.0716677 0.0720287 0.0703021 0.0669915 0.0625526 0.0573652 0.0517243 0.0458429 0.0398677 0.0339055 0.028053 0.0224249 0.0171719 0.0124756 0.00851303 0.00540259
 0.0075331 0.0123024 0.0186365 0.0265126 0.0356846 0.0455354 0.0550501 0.0630679 0.0687041 0.0716269 0.0720138 0.0703116 0.0670202 0.062594 0.0574135 0.0517761 0.0458977 0.0399269 0.0339704 0.0281234 0.0224985 0.0172444 0.012542 0.00856882 0.00544513
 0.00750288 0.0122505 0.0185539 0.0263902 0.0355173 0.0453269 0.0548159 0.0628347 0.0685027 0.0714832 0.0719422 0.070313 0.0670854 0.062708 0.057559 0.0519373 0.0460623 0.0400866 0.0341207 0.0282619 0.0226233 0.0173534 0.0126328 0.00863969 0.00549632
 0.00752959 0.0122878 0.0185984 0.0264339 0.0355482 0.0453317 0.0547829 0.0627575 0.0683835 0.0713345 0.0717852 0.0701723 0.0669815 0.0626521 0.0575517 0.0519708 0.0461246 0.0401657 0.0342069 0.0283483 0.0227053 0.0174274 0.012696 0.00869031 0.00553368
 0.00752669 0.0122908 0.0186165 0.0264789 0.0356299 0.0454502 0.0549242 0.0628941 0.0684828 0.0713702 0.0717468 0.0700678 0.066834 0.0624912 0.0574048 0.0518566 0.0460504 0.0401293 0.0342005 0.0283625 0.0227315 0.0174589 0.0127276 0.00871825 0.00555584
 0.00751508 0.0122703 0.0185834 0.0264308 0.035568 0.0453831 0.0548679 0.0628674 0.0684984 0.0714262 0.0718249 0.0701408 0.0668782 0.0624966 0.0573776 0.0518138 0.0460112 0.0401072 0.0342007 0.0283824 0.0227644 0.0174971 0.0127646 0.00874985 0.00557997
 0.00748734 0.0122291 0.0185283 0.0263636 0.0354918 0.0453012 0.0547838 0.0627868 0.0684308 0.0713841 0.0718197 0.070176 0.0669456 0.0625785 0.0574545 0.0518732 0.0460517 0.0401363 0.0342281 0.0284149 0.022803 0.0175387 0.0128043 0.00878341 0.00560536
 0.00746932 0.0121977 0.0184775 0.0262872 0.0353863 0.0451685 0.0546336 0.0626357 0.0682978 0.0712855 0.0717658 0.0701711 0.0669883 0.0626619 0.057566 0.0519966 0.0461717 0.0402432 0.0343193 0.0284929 0.0228712 0.0175986 0.0128552 0.00882405 0.00563509
 0.00746932 0.0121977 0.0184775 0.0262872 0.0353863 0.0451685 0.0546336 0.0626357 0.0682978 0.0712855 0.0717658 0.0701711 0.0669883 0.0626619 0.057566 0.0519966 0.0461717 0.0402432 0.0343193 0.0284929 0.0228712 0.0175986 0.0128552 0.00882405 0.00563509
 0.00716243 0.0117083 0.017761 0.025314 0.0341544 0.0437198 0.0530671 0.0611043 0.0669802 0.070343 0.0713032 0.0702188 0.0675062 0.063558 0.058721 0.0532869 0.0474865 0.041495 0.0354477 0.0294624 0.0236673 0.018222 0.0133182 0.00914728 0.00584513
 0.00710723 0.0115861 0.0175172 0.0248783 0.0334585 0.0427259 0.0517954 0.0596426 0.0654714 0.0689565 0.0702022 0.0695321 0.0673076 0.063855 0.0594565 0.0543543 0.0487537 0.0428296 0.0367363 0.0306219 0.024647 0.0190013 0.0139006 0.00955405 0.00610884
 0.00723833 0.0117967 0.0178254 0.025289 0.0339494 0.043233 0.0522088 0.0598249 0.0653023 0.0683839 0.0692739 0.0683882 0.06614 0.0628532 0.0587611 0.0540311 0.0487906 0.0431538 0.0372425 0.0312019 0.0252114 0.0194906 0.0142858 0.00983176 0.0062923
 0.00716243 0.0116961 0.017717 0.0252038 0.0339255 0.0433019 0.0523788 0.0600692 0.0655548 0.0685498 0.0692556 0.0681237 0.0656362 0.0621949 0.0580883 0.0534917 0.048493 0.0431372 0.0374759 0.0316052 0.0256873 0.0199531 0.0146776 0.0101275 0.00649332
 0.00715389 0.0116795 0.0176882 0.0251607 0.0338729 0.0432563 0.0523698 0.0601313 0.0657104 0.068789 0.0695259 0.0683388 0.0657047 0.0620592 0.0577548 0.0530354 0.0480316 0.0427869 0.037309 0.0316313 0.0258623 0.0202054 0.014938 0.0103489 0.00665565
#pred catch len freq
 0.00315693 0.00514046 0.00778587 0.0111472 0.0152695 0.0201376 0.0256155 0.0314408 0.0372798 0.0427967 0.0477039 0.0517973 0.0549832 0.0572778 0.0587774 0.0596203 0.059959 0.059929 0.0595791 0.0587596 0.057037 0.0537648 0.0483841 0.040839 0.0318181
 0.00342884 0.00550828 0.00820465 0.0115354 0.0155396 0.0202394 0.0255648 0.0313089 0.0371484 0.0427089 0.0476433 0.0517108 0.0548276 0.0570605 0.0585657 0.0595146 0.0600421 0.0602147 0.0599867 0.0591328 0.0572057 0.0536224 0.0479377 0.0402011 0.0311472
 0.00352829 0.00571091 0.00857897 0.0121538 0.0164405 0.0213812 0.0268021 0.0324248 0.0379391 0.0430709 0.0476046 0.0513868 0.0543439 0.0565018 0.057978 0.0589371 0.0595264 0.0598082 0.0596944 0.0588936 0.0569126 0.0531794 0.0473186 0.039468 0.0304161
 0.00368508 0.00595005 0.0089155 0.0126068 0.0170474 0.0222057 0.0279189 0.0338703 0.0396485 0.0448475 0.049161 0.0524505 0.054765 0.0562946 0.0572802 0.0579309 0.0583756 0.0586312 0.0585572 0.0578094 0.0558526 0.0521056 0.0462248 0.0384023 0.0294632
 0.00385236 0.0062229 0.00932712 0.0131871 0.017817 0.0231695 0.0290647 0.035177 0.0410963 0.0464125 0.0507838 0.0539997 0.0560358 0.0570662 0.0574038 0.0573903 0.0572823 0.057165 0.0568961 0.0560846 0.0541408 0.0504508 0.04467 0.0370075 0.0282968
 0.0039913 0.00645396 0.00968583 0.0137134 0.0185511 0.0241429 0.0302871 0.0366245 0.0427096 0.0481061 0.0524623 0.0555678 0.0573939 0.0580964 0.05797 0.0573695 0.0566153 0.0558915 0.0551466 0.0540369 0.0519725 0.0483146 0.0426919 0.0352906 0.0269143
 0.00415307 0.00671711 0.0100837 0.0142811 0.019324 0.025152 0.0315488 0.0381303 0.0444174 0.0499377 0.0543086 0.0573027 0.0588916 0.0592437 0.0586665 0.0575243 0.0561547 0.0547847 0.0534356 0.051848 0.0494988 0.045779 0.0403078 0.033229 0.0252803
 0.00436943 0.00705703 0.0105746 0.0149443 0.0201762 0.0262054 0.0328076 0.0395839 0.0460342 0.0516619 0.0560603 0.0589816 0.0603851 0.0604365 0.0594505 0.057803 0.0558487 0.0538428 0.0518579 0.0497111 0.0469672 0.0430869 0.0377143 0.0309599 0.0234796
 0.0046453 0.00748988 0.0111974 0.0157788 0.0212316 0.0274759 0.0342681 0.0411873 0.0477154 0.0533474 0.057677 0.0604598 0.061656 0.061429 0.0600876 0.058003 0.0555303 0.0529395 0.0503414 0.0476216 0.0444364 0.0403357 0.0350138 0.0285656 0.0215658
 0.00489589 0.0078973 0.0118109 0.0166448 0.0223857 0.0289292 0.0359924 0.0431077 0.0497183 0.0553014 0.0594566 0.0619639 0.0628161 0.0622055 0.0604564 0.0579388 0.0549956 0.0518885 0.0487422 0.0454922 0.0418785 0.0375461 0.0322547 0.0260996 0.0195819
 0.00515157 0.00830616 0.0124154 0.0174847 0.0234966 0.0303368 0.0376995 0.0450785 0.0518674 0.0574949 0.0615284 0.0637449 0.0641678 0.0630425 0.0607489 0.057694 0.0542319 0.0506171 0.0469711 0.0432526 0.0392629 0.0347298 0.0294797 0.0236172 0.0175797
 0.00544631 0.00876941 0.013084 0.0183858 0.0246469 0.0317416 0.0393466 0.0469306 0.0538586 0.0595309 0.0634904 0.0654975 0.0655727 0.0639793 0.0611348 0.0574932 0.0534499 0.0492849 0.0451342 0.0409771 0.0366572 0.031964 0.0267772 0.0212085 0.0156383
 0.00571375 0.00920286 0.013734 0.0192984 0.0258559 0.0332546 0.041131 0.0489085 0.0559171 0.0615428 0.0653345 0.0670683 0.0667822 0.0647541 0.0614162 0.0572406 0.0526464 0.0479416 0.0432926 0.0387143 0.0340954 0.029277 0.0241776 0.018908 0.0137921
 0.00597435 0.00962337 0.0143623 0.0201806 0.0270313 0.0347461 0.0429287 0.0509556 0.058104 0.0637177 0.0673258 0.0687162 0.0679659 0.0654057 0.0615148 0.0567952 0.051679 0.0464822 0.0413863 0.0364359 0.0315644 0.0266615 0.0216781 0.0167176 0.0120473
 0.00622086 0.0100219 0.0149588 0.0210187 0.0281474 0.0361593 0.0446277 0.0528878 0.0601745 0.0657964 0.0692619 0.0703557 0.0691728 0.0660825 0.0616148 0.0563205 0.0506673 0.0449909 0.0394853 0.0342137 0.0291405 0.0241931 0.0193467 0.0146938 0.0104473
 0.00639694 0.0103155 0.0154155 0.021688 0.0290762 0.0373783 0.046136 0.0546405 0.0620821 0.0677344 0.0710864 0.0719221 0.0703539 0.0667832 0.0617806 0.0559386 0.0497623 0.0436169 0.0377195 0.0321549 0.0269128 0.0219469 0.0172455 0.0128853 0.00902777
 0.00644105 0.0103963 0.0155558 0.0219208 0.0294437 0.0379289 0.046914 0.0556725 0.0633604 0.0692043 0.0726452 0.0734324 0.0716687 0.067772 0.0623472 0.0560294 0.0493656 0.0427588 0.0364598 0.0305843 0.0251509 0.0201361 0.015536 0.0114083 0.00786734
 0.00644647 0.0103959 0.0155398 0.0218783 0.0293717 0.0378434 0.0468589 0.0557178 0.0635869 0.0696786 0.0733939 0.0744249 0.0728151 0.0689375 0.0633795 0.0567895 0.0497526 0.0427236 0.0360076 0.0297711 0.0240756 0.0189281 0.0143349 0.0103379 0.00701031
 0.00649502 0.0104626 0.0156166 0.0219483 0.0294117 0.0378303 0.0467787 0.0555756 0.0634157 0.0695419 0.0733748 0.0746019 0.0732309 0.069575 0.0641573 0.0575792 0.0504117 0.0431306 0.0360896 0.0295172 0.023536 0.0182002 0.0135393 0.00958912 0.00639063
 0.0065839 0.0105887 0.0157721 0.0221127 0.0295561 0.0379242 0.0467973 0.0555047 0.0632559 0.069313 0.0731201 0.0743861 0.073128 0.0696458 0.0644241 0.058009 0.0509179 0.0435961 0.0364017 0.0296019 0.0233784 0.0178446 0.0130705 0.00910283 0.00596446
 0.00661423 0.0106435 0.0158634 0.0222519 0.029747 0.0381546 0.0470338 0.0556976 0.0633546 0.0692856 0.072967 0.0741419 0.0728531 0.0694117 0.0642948 0.0580211 0.0510654 0.0438271 0.0366331 0.0297485 0.0233843 0.017702 0.0128178 0.0088039 0.0056819
 0.00667803 0.010742 0.0160027 0.0224358 0.0299781 0.0384346 0.0473602 0.0560563 0.0637131 0.0695922 0.0731617 0.0741776 0.0727165 0.0691334 0.0639411 0.0576718 0.050785 0.0436436 0.0365313 0.0296819 0.0233 0.0175664 0.0126296 0.00858952 0.00547773
