SBPRF35
7.78865
Curr Bio
617897
B35
674069
F35
0.225115
FOFL
0.211766
OFL
102000
Bzero
2.22533e+006
#pred survey bio
 4.50846e+006 4.25385e+006 4.01777e+006 3.72817e+006 3.42206e+006 3.12389e+006 2.82649e+006 2.4986e+006 2.21865e+006 1.95513e+006 1.7165e+006 1.50652e+006 1.3277e+006 1.18518e+006 1.04661e+006 923659 827356 767079 731904 694906 689987 661827 649707 631612 611020 600853 584496 584231 576628 570722 563245 557691 552194 554136 538545 520731 516278 510414 517110 537055 548880 552605 558610 560573 561626 565988 560482 564299 566717 564757 571447 588678 586694 573793 533356 522686 522111 527923 515867 503612 487079 512969 539003 571756 599940 610634 619090 614242 619186 2.23029e+007 1.36775e+007 1.40467e+007 1.45617e+007 1.51297e+007 1.56645e+007 1.61232e+007 1.64939e+007 1.6782e+007 1.70002e+007 1.71628e+007 1.72829e+007 1.73713e+007 1.74363e+007 1.74843e+007 1.75198e+007 1.75461e+007 1.75659e+007 1.75807e+007 1.75918e+007 1.76003e+007 1.76067e+007 1.76116e+007 1.76154e+007 1.76183e+007 1.76205e+007 1.76222e+007 1.76235e+007 1.76245e+007 1.76252e+007 1.76258e+007 1.76263e+007 1.76267e+007 1.76269e+007 1.76271e+007 1.76273e+007 1.76274e+007 1.76275e+007 1.76276e+007 1.76277e+007 1.76277e+007 1.76278e+007 1.76278e+007 1.76278e+007 1.76278e+007 1.76278e+007 1.76278e+007 1.76279e+007 1.76279e+007 1.76279e+007 1.76279e+007 1.76279e+007 1.76279e+007 1.76279e+007 1.76279e+007 1.76279e+007 1.76279e+007 1.76279e+007 1.76279e+007 1.76279e+007 1.76279e+007 1.76279e+007 1.76279e+007 1.76279e+007 1.76279e+007 1.76279e+007 1.76279e+007 1.76279e+007 1.76279e+007 1.76279e+007 1.76279e+007 1.76279e+007 1.76279e+007 1.76279e+007 1.76279e+007 1.76279e+007 1.76279e+007 1.76279e+007 1.76279e+007 1.76279e+007 1.76279e+007 1.76279e+007 1.76279e+007 1.76279e+007 1.76279e+007 1.76279e+007 1.76279e+007 1.76279e+007 1.76279e+007 1.76279e+007 1.76279e+007 1.76279e+007 1.76279e+007 1.76279e+007 1.76279e+007 1.76279e+007 1.76279e+007 1.76279e+007 1.76279e+007 1.76279e+007 0 0 0 0 0 0 0 0 0 0 0 0 0 0 0 0 0 0 0 0 0 0 0 0 0
#obs survey bio
 4.15189e+006 3.23908e+006 2.4109e+006 2.37424e+006 3.17072e+006 3.44435e+006 2.75818e+006 2.49088e+006 1.33043e+006 1.6162e+006 1.85798e+006 959627 1.36547e+006 983480 1.05204e+006 631689 974474 735840 736357 732568 527848 734411 723516 534318 794301 665112 711131 325173 623942 498904 597560 509139 460426 658660 558005 493860 664198 608620 569942 459006 576383 736782 476724 405140 697853 452450 743653 544693 676686 512824 672396 633393 706236 524358 573324 669968 628689 429116 525895 366508 462507 411609 698538 590282 654303 562343 717134 622224 604083
#pred catch bio
 97822.4 93413.2 164241 206231 227901 256368 313191 296936 305149 301402 290156 272946 247449 246700 232849 207525 173342 148905 147228 117315 134236 117550 120194 119459 108013 111128 96259.6 101972 99858.2 100299 97694.6 96827.5 89507.9 101603 99486.7 87108.2 91644.2 85762 78116.7 86069.4 92218.5 89732.1 93546.1 95194.8 93154.8 101491 93381.6 94603.2 98192 91175 82953.8 98873.8 106964 128896 102991 94532.4 88743.5 102949 102587 106553 73152.8 76026.9 72070.5 77127.7 92940 96793.9 110995 106411 99088.9 102000 109577 111518 114512 118210 121762 124746 127064 128772 129983 130818 131381 131753 131997 132154 132256 132320 132361 132386 132403 132413 132419 132423 132425 132427 132428 132429 132429 132429 132429 132429 132429 132429 132429 132429 132430 132430 132430 132430 132430 132430 132430 132430 132430 132430 132430 132430 132430 132430 132430 132430 132430 132430 132430 132430 132430 132430 132430 132430 132430 132430 132430 132430 132430 132430 132430 132430 132430 132430 132430 132430 132430 132430 132430 132430 132430 132430 132430 132430 132430 132430 132430 132430 132430 132430 132430 132430 132430 132430 132430 132430 132430 132430 132430 132430 132430 132430 132430 132430 132430 0 0 0 0 0 0 0 0 0 0 0 0 0 0 0 0 0 0 0 0 0 0 0 0 0
#obs catch bio
 0 93089 165442 208076 230300 258925 318294 301471 311552 307578 295916 279716 252939 252234 238022 212186 175970 150443 149120 117837 135603 117600 120626 120125 108068 111333 96388.7 102571 100202 101066 98180.2 97710.2 90328.4 102826 100405 87516.5 92193.3 86027 78258.9 86134.6 91669.8 88951.3 93030.5 95096.6 92955.5 101621 93050.7 94539 97908.8 91243.4 82744.6 98599.9 106023 128386 102459 94036.3 88108.6 102255 101495 106579 72905.7 76245.9 72195.5 77096.2 92910.2 96616.9 110940 106383 99014.1
#pred cpue bio
 4.4284e+006 4.17709e+006 3.94281e+006 3.65402e+006 3.34975e+006 3.05359e+006 2.75819e+006 2.43278e+006 2.15493e+006 1.89382e+006 1.65777e+006 1.45025e+006 1.27377e+006 1.13358e+006 997815 877629 783935 725803 692204 656831 652573 625814 614440 597216 577638 568196 552594 552405 545036 539340 532258 527027 521802 524056 509801 493259 488397 480954 486135 505466 517606 521716 527609 529197 529856 534003 528773 532555 534987 533067 539478 556365 554771 542218 502529 491767 491452 497559 485996 473697 457070 481693 507115 539335 566959 577060 584420 578608 582283 2.09789e+007 1.28808e+007 1.32082e+007 1.36671e+007 1.42149e+007 1.47452e+007 1.5203e+007 1.55736e+007 1.58616e+007 1.60798e+007 1.62424e+007 1.63626e+007 1.6451e+007 1.6516e+007 1.65639e+007 1.65994e+007 1.66258e+007 1.66455e+007 1.66603e+007 1.66715e+007 1.668e+007 1.66864e+007 1.66913e+007 1.6695e+007 1.66979e+007 1.67001e+007 1.67018e+007 1.67031e+007 1.67041e+007 1.67049e+007 1.67055e+007 1.67059e+007 1.67063e+007 1.67066e+007 1.67068e+007 1.6707e+007 1.67071e+007 1.67072e+007 1.67073e+007 1.67073e+007 1.67074e+007 1.67074e+007 1.67074e+007 1.67075e+007 1.67075e+007 1.67075e+007 1.67075e+007 1.67075e+007 1.67075e+007 1.67075e+007 1.67075e+007 1.67075e+007 1.67075e+007 1.67075e+007 1.67075e+007 1.67075e+007 1.67075e+007 1.67075e+007 1.67075e+007 1.67075e+007 1.67075e+007 1.67075e+007 1.67075e+007 1.67075e+007 1.67075e+007 1.67075e+007 1.67075e+007 1.67075e+007 1.67075e+007 1.67075e+007 1.67075e+007 1.67075e+007 1.67075e+007 1.67075e+007 1.67075e+007 1.67075e+007 1.67075e+007 1.67075e+007 1.67075e+007 1.67075e+007 1.67075e+007 1.67075e+007 1.67075e+007 1.67075e+007 1.67075e+007 1.67075e+007 1.67075e+007 1.67075e+007 1.67075e+007 1.67075e+007 1.67075e+007 1.67075e+007 1.67075e+007 1.67075e+007 1.67075e+007 1.67075e+007 1.67075e+007 1.67075e+007 1.67075e+007 1.67075e+007 0 0 0 0 0 0 0 0 0 0 0 0 0 0 0 0 0 0 0 0 0 0 0 0 0
#obs cpue bio
 3.38871e+006 2.83229e+006 2.57863e+006 3.62573e+006 2.57774e+006 3.60995e+006 2.37285e+006 1.83639e+006 2.223e+006 2.15758e+006 1.37586e+006 1.28099e+006 1.01491e+006 1.21784e+006 791294 918114 672590 729748 600525 635562 771363 796001 469566 603592 529687 534146 365635 780769 530592 429648 535388 398933 436281 419512 510575 520442 391869 441751 399716 735414 906987 500336 544827 547336 442304 606973 511494 470500 588710 432617 511158 672559 675750 558379 458013 453195 470595 737950 629324 429418 431471 469651 356738 632852 616169 615242 536253 521433 578698
#pred surv len freq
 0.00463827 0.00753335 0.0113476 0.016077 0.0216344 0.0277751 0.0340596 0.0399488 0.0449964 0.0489905 0.0519534 0.0540479 0.0554802 0.0564344 0.0570289 0.0572926 0.0571682 0.0565367 0.0552345 0.05305 0.0497235 0.045012 0.038845 0.0315062 0.0236856
 0.00503507 0.00807919 0.0119903 0.0167189 0.0221756 0.0281723 0.0343595 0.0402624 0.0454217 0.0495309 0.0524885 0.0543771 0.0554153 0.0558897 0.0560658 0.056103 0.056008 0.055635 0.054713 0.0528877 0.0497844 0.0451204 0.0388695 0.031404 0.0234928
 0.00515754 0.00833473 0.0124718 0.017528 0.0233753 0.0297266 0.0361027 0.0419375 0.0467829 0.0504465 0.0529688 0.0545102 0.0552668 0.0554516 0.0552883 0.0549744 0.0546143 0.0541521 0.053339 0.0517593 0.0489315 0.0444826 0.0383559 0.030952 0.0230896
 0.00530984 0.00857183 0.012815 0.0180057 0.0240347 0.0306393 0.0373468 0.0435496 0.0486992 0.0524753 0.0548302 0.0559318 0.0560772 0.0556088 0.0548402 0.0540038 0.0532177 0.0524545 0.0515034 0.0499611 0.0473099 0.0431082 0.037236 0.0300632 0.0224064
 0.00549988 0.00887683 0.0132663 0.0186288 0.0248454 0.0316394 0.0385238 0.0448836 0.0501716 0.0540635 0.0564808 0.0575283 0.0574355 0.0565204 0.0551408 0.0536231 0.0521885 0.0508914 0.049575 0.0478643 0.045239 0.0412223 0.0356368 0.0287932 0.0214615
 0.00572382 0.00923186 0.0137843 0.0193349 0.025755 0.0327541 0.0398233 0.0463227 0.051685 0.0555807 0.0579396 0.0588753 0.0586106 0.0574341 0.0556688 0.0536314 0.0515812 0.0496553 0.047797 0.045717 0.0429439 0.0390025 0.0336741 0.0271999 0.0202736
 0.00594939 0.00959846 0.0143358 0.0201119 0.0267873 0.034048 0.0413496 0.0480121 0.0534379 0.0572871 0.0594992 0.0602098 0.059665 0.0581679 0.0560376 0.0535732 0.051021 0.0485351 0.0461197 0.0435776 0.0405285 0.036551 0.0314219 0.0253222 0.0188529
 0.006243 0.0100702 0.0150359 0.0210851 0.0280662 0.0356418 0.0432295 0.0501014 0.0556156 0.0594047 0.0614041 0.0617691 0.0607836 0.0587945 0.0561568 0.0531854 0.0501232 0.0471184 0.0441921 0.041202 0.0378509 0.0337942 0.0288384 0.0231268 0.0171669
 0.00648689 0.0104663 0.0156318 0.0219265 0.0291902 0.0370659 0.0449376 0.0520356 0.0576795 0.0614749 0.0633452 0.0634469 0.0620779 0.0596126 0.0564417 0.0529148 0.0492996 0.0457588 0.04233 0.0389066 0.0352527 0.031092 0.0262708 0.0209122 0.0154429
 0.00673761 0.010872 0.0162395 0.0227802 0.030325 0.038497 0.0466467 0.0539631 0.0597276 0.0635211 0.0652582 0.0651003 0.0633606 0.0604354 0.0567423 0.0526589 0.0484795 0.0443914 0.0404587 0.0366121 0.0326683 0.0284086 0.023715 0.0186957 0.0137052
 0.00705139 0.0113658 0.0169531 0.0237416 0.0315487 0.0399794 0.0483591 0.0558448 0.0616873 0.0654471 0.0670316 0.066608 0.0645045 0.0611393 0.0569536 0.0523478 0.047637 0.0430301 0.0386185 0.0343718 0.0301576 0.0258104 0.0212433 0.0165499 0.0120182
 0.00731001 0.0117919 0.0176044 0.0246736 0.0328015 0.0415585 0.0502169 0.0578772 0.0637526 0.0673966 0.0687365 0.0679709 0.0654589 0.0616433 0.0569842 0.0518963 0.0467069 0.0416384 0.0368034 0.0322054 0.0277588 0.0233463 0.0189096 0.0145284 0.0104295
 0.0075169 0.0121297 0.0181165 0.0254045 0.0337914 0.0428328 0.0517704 0.0596613 0.0656703 0.0693115 0.0704935 0.0694231 0.0664935 0.0621956 0.0570353 0.0514595 0.045812 0.0403231 0.0351161 0.0302175 0.0255779 0.0211202 0.0168096 0.0127134 0.00900449
 0.00769117 0.0124082 0.0185273 0.0259727 0.0345374 0.0437685 0.0528932 0.0609479 0.0670746 0.0707653 0.0719086 0.0706967 0.0675183 0.062876 0.0573036 0.0512849 0.0451991 0.0393039 0.0337434 0.0285657 0.0237492 0.019246 0.0150382 0.0111805 0.0077996
 0.00790806 0.0127596 0.0190536 0.0267094 0.0355067 0.0449674 0.0542816 0.0624466 0.0685785 0.0721659 0.0731134 0.071638 0.0681509 0.0631709 0.0572432 0.0508628 0.0444227 0.0381983 0.0323544 0.0269618 0.0220242 0.0175164 0.0134303 0.00980617 0.0067289
 0.00804904 0.0130019 0.0194427 0.0272959 0.036336 0.0460614 0.0556201 0.0639587 0.0701498 0.0736596 0.0743965 0.0726038 0.0687344 0.0633514 0.0570363 0.0503048 0.0435571 0.0370704 0.0310136 0.0254697 0.0204604 0.0159784 0.0120217 0.0086162 0.00581028
 0.00816369 0.0131812 0.0197009 0.027646 0.0367927 0.0466433 0.0563464 0.0648385 0.0711676 0.0747637 0.0754981 0.0735917 0.0694989 0.0638094 0.0571459 0.0500661 0.0430018 0.0362481 0.0299829 0.0242958 0.0192183 0.0147525 0.0108985 0.00766827 0.00507974
 0.00827514 0.0133388 0.0198949 0.0278532 0.0369854 0.0468021 0.0564727 0.0649584 0.0713267 0.0750131 0.075875 0.0740995 0.0700963 0.0644152 0.0576597 0.0503963 0.0430882 0.0360715 0.0295621 0.0236788 0.0184732 0.013959 0.0101371 0.007007 0.00456062
 0.00827114 0.0133372 0.0199001 0.0278699 0.0370128 0.04683 0.0564807 0.0649251 0.0712454 0.0749067 0.0757976 0.0741194 0.0702676 0.0647499 0.0581167 0.0508913 0.0435203 0.0363531 0.0296421 0.0235512 0.0181726 0.0135478 0.00968838 0.00658724 0.00421579
 0.00837174 0.0134842 0.0200911 0.0280925 0.0372494 0.0470635 0.0566973 0.0651121 0.0713866 0.0749824 0.075793 0.0740383 0.0701394 0.0646241 0.0580413 0.0508882 0.0435723 0.0364114 0.0296479 0.0234614 0.0179763 0.0132678 0.00936992 0.00627997 0.00395798
 0.00825527 0.0133048 0.0198395 0.0277664 0.0368534 0.0466094 0.0562069 0.0646204 0.0709423 0.0746413 0.075605 0.0740327 0.0703181 0.0649637 0.0585041 0.0514315 0.0441509 0.0369747 0.0301424 0.0238401 0.0182126 0.0133647 0.00935733 0.0062028 0.00385985
 0.00836717 0.0134705 0.0200586 0.0280273 0.0371355 0.0468874 0.0564532 0.0648067 0.0710412 0.0746321 0.0754815 0.0738101 0.0700322 0.064663 0.0582359 0.0512298 0.0440298 0.0369274 0.0301444 0.0238576 0.0182136 0.0133301 0.00928685 0.00611109 0.00376724
 0.0083559 0.0134555 0.0200416 0.028011 0.0371214 0.0468733 0.0564325 0.0647708 0.0709846 0.0745558 0.0753937 0.0737226 0.0699565 0.0646087 0.0582118 0.0512442 0.0440873 0.0370251 0.0302691 0.0239873 0.018324 0.0134033 0.00931712 0.00610577 0.0037413
 0.00830846 0.013394 0.019978 0.0279661 0.0371189 0.0469305 0.0565518 0.0649366 0.071167 0.0747193 0.0755069 0.0737663 0.0699281 0.0645213 0.0580893 0.0511137 0.0439731 0.0369438 0.0302261 0.0239768 0.0183321 0.0134141 0.00931917 0.00609571 0.00372265
 0.00836222 0.0134644 0.0200535 0.028028 0.0371502 0.0469272 0.0565299 0.064927 0.0711999 0.0748066 0.0756336 0.0738969 0.0700227 0.0645518 0.0580486 0.051015 0.0438424 0.0368092 0.0301099 0.0238901 0.0182749 0.0133785 0.00929552 0.00607671 0.00370538
 0.00839375 0.0135068 0.0201002 0.0280652 0.0371581 0.0468841 0.0564191 0.0647456 0.0709664 0.0745622 0.0754326 0.0737864 0.070023 0.064649 0.0582035 0.0511829 0.0439902 0.0369233 0.0301923 0.0239501 0.0183208 0.0134146 0.00932224 0.0060938 0.00371378
 0.00853131 0.013714 0.0203807 0.0284098 0.0375449 0.0472805 0.0567836 0.0650312 0.0711287 0.0745717 0.0752868 0.0735145 0.0696782 0.0642914 0.0578804 0.0509172 0.0437816 0.0367589 0.030059 0.0238407 0.0182334 0.0133486 0.00927579 0.00606304 0.00369428
 0.00853219 0.013716 0.0203844 0.0284158 0.0375525 0.0472873 0.056785 0.0650212 0.0711022 0.074526 0.0752231 0.0734378 0.0695978 0.0642203 0.0578333 0.0509055 0.043808 0.0368157 0.0301314 0.0239132 0.0182955 0.013396 0.00930883 0.00608427 0.00370674
 0.00853035 0.013723 0.0204133 0.0284839 0.0376765 0.0474743 0.0570259 0.0652889 0.0713575 0.0747283 0.0753404 0.0734537 0.0695139 0.0640548 0.057616 0.0506708 0.043587 0.0366299 0.0299897 0.0238135 0.0182292 0.0133534 0.0092819 0.00606748 0.00369654
 0.00848375 0.0136539 0.0203225 0.0283787 0.0375713 0.04739 0.0569869 0.0653176 0.0714653 0.0749074 0.0755622 0.073676 0.0696947 0.0641649 0.0576465 0.050632 0.0435025 0.0365268 0.029891 0.0237333 0.0181718 0.0133164 0.00925983 0.00605504 0.00368976
 0.00851785 0.0136971 0.0203653 0.0284054 0.0375656 0.0473433 0.0569049 0.0652214 0.071385 0.0748719 0.0755885 0.0737628 0.0698216 0.0642998 0.0577559 0.0506931 0.0435087 0.0364878 0.0298256 0.0236614 0.0181081 0.0132679 0.00922717 0.00603512 0.00367859
 0.00852567 0.0137127 0.020393 0.028449 0.0376244 0.0474084 0.0569583 0.0652411 0.0713556 0.0747954 0.0754867 0.0736691 0.0697661 0.0642959 0.0577961 0.0507547 0.0435656 0.0365215 0.0298306 0.0236436 0.0180788 0.0132378 0.00920279 0.00601841 0.0036686
 0.0083856 0.0135165 0.0201563 0.0282064 0.0374205 0.047282 0.0569288 0.0653031 0.0714833 0.0749519 0.0756368 0.0737902 0.0698542 0.0643624 0.0578587 0.0508249 0.0436434 0.0365971 0.0298922 0.0236841 0.0180989 0.0132432 0.00920061 0.0060141 0.00366493
 0.00803439 0.0129877 0.019441 0.0273293 0.0364391 0.0462807 0.056011 0.064578 0.0710435 0.0748478 0.0758606 0.0742814 0.0705225 0.0651168 0.0586262 0.0515577 0.0443133 0.0371877 0.0303928 0.024089 0.018409 0.0134668 0.0093519 0.00610999 0.00372171
 0.00806936 0.0130035 0.0193907 0.0271481 0.0360671 0.0456956 0.0552538 0.0637528 0.0702876 0.0742876 0.0755751 0.074288 0.070784 0.065561 0.0591702 0.0521277 0.0448563 0.0376727 0.0308056 0.0244253 0.01867 0.0136583 0.0094836 0.00619429 0.00377168
 0.0088385 0.0140991 0.0207498 0.0286073 0.0373986 0.0466735 0.0557151 0.0636315 0.0696211 0.0732051 0.0742692 0.0729696 0.0696298 0.0646757 0.0585773 0.0517885 0.0447021 0.0376333 0.0308257 0.0244686 0.018716 0.0136973 0.00951217 0.00621283 0.00378239
 0.00941443 0.0150182 0.0220921 0.0304109 0.0396236 0.0491609 0.0581684 0.0656578 0.0708414 0.0733882 0.0734153 0.071298 0.0674876 0.0624215 0.0564925 0.0500371 0.0433357 0.0366244 0.0301077 0.0239687 0.0183727 0.013465 0.0093588 0.00611541 0.00372374
 0.00934046 0.0149963 0.0222412 0.0309036 0.0406417 0.0508211 0.0604482 0.0683588 0.07361 0.0757888 0.0750377 0.0718693 0.0669509 0.0609463 0.0544082 0.0477208 0.0411075 0.0346887 0.0285498 0.0227862 0.017516 0.0128694 0.00896198 0.00586379 0.00357342
 0.00894694 0.0144062 0.0214531 0.0299682 0.0396734 0.0499998 0.0600037 0.0685216 0.0745274 0.0774382 0.077188 0.0741275 0.0688822 0.0622137 0.0548693 0.0474449 0.0403158 0.0336552 0.0275107 0.021891 0.0168252 0.0123797 0.00863851 0.00566321 0.00345663
 0.0086257 0.0138822 0.0206641 0.0288642 0.0382388 0.048285 0.0581553 0.0667863 0.0732142 0.0768408 0.0774929 0.0753402 0.0708033 0.0644839 0.0570765 0.049251 0.0415472 0.0343192 0.0277423 0.0218688 0.0167017 0.0122493 0.00854055 0.00560263 0.00342408
 0.00855339 0.0137504 0.0204379 0.0284983 0.0376826 0.0474967 0.0571213 0.0655432 0.071866 0.0755622 0.0765078 0.0748698 0.0709936 0.0653416 0.0584476 0.0508623 0.0430979 0.035579 0.0286101 0.0223687 0.0169328 0.0123249 0.00854778 0.00559085 0.00341317
 0.00866038 0.0139021 0.0206234 0.0286891 0.0378345 0.0475554 0.0570295 0.0652502 0.0713411 0.0748142 0.0756029 0.0739372 0.070207 0.0648735 0.0584086 0.0512534 0.0438036 0.0364114 0.029382 0.022958 0.0173058 0.0125169 0.00862296 0.00560769 0.00340931
 0.00879829 0.014108 0.0208984 0.0290192 0.0381913 0.0478979 0.0573067 0.0654052 0.0713202 0.0745792 0.0751457 0.0732909 0.0694504 0.0641244 0.0578007 0.0508981 0.0437494 0.0366232 0.0297567 0.0233696 0.0176545 0.0127568 0.00875788 0.00566825 0.00342915
 0.00880264 0.0141396 0.0209901 0.0292137 0.0385259 0.0483831 0.057908 0.0660425 0.0718862 0.0749692 0.0752834 0.0731435 0.0690337 0.063501 0.0570719 0.0501852 0.0431649 0.0362386 0.0295825 0.0233594 0.0177331 0.0128545 0.00883303 0.00570974 0.00344452
 0.00874172 0.014052 0.0208812 0.0291008 0.0384399 0.0483662 0.0580068 0.0662924 0.0722916 0.0754867 0.075824 0.0735951 0.0692975 0.0635238 0.0568607 0.0498025 0.0427069 0.0358055 0.0292485 0.0231543 0.017643 0.0128394 0.00885058 0.00573109 0.00345789
 0.0086459 0.0139038 0.020673 0.0288325 0.0381214 0.0480205 0.0576725 0.0660232 0.0721475 0.0755175 0.0760487 0.073988 0.0697876 0.0640129 0.057255 0.0500436 0.0427886 0.0357681 0.0291559 0.0230654 0.0175915 0.0128299 0.00886856 0.00575785 0.00348065
 0.00868908 0.0139643 0.020746 0.028907 0.0381829 0.0480555 0.0576731 0.0659897 0.0720898 0.0754547 0.0760063 0.0739908 0.069849 0.064125 0.0573861 0.0501487 0.0428283 0.0357273 0.0290496 0.0229293 0.0174633 0.0127339 0.00881034 0.00572959 0.00347015
 0.00865197 0.013907 0.0206651 0.0288008 0.0380506 0.047897 0.0574899 0.065788 0.0718828 0.0752642 0.0758608 0.0739196 0.0698743 0.0642534 0.0576035 0.0504207 0.0431085 0.0359714 0.0292296 0.0230406 0.0175206 0.0127593 0.00882266 0.0057387 0.00347861
 0.00868647 0.0139513 0.02071 0.0288308 0.038048 0.0478489 0.0573936 0.0656514 0.0717205 0.0750926 0.0756956 0.0737771 0.069772 0.0642087 0.0576279 0.0505136 0.0432536 0.0361403 0.0293909 0.0231707 0.0176104 0.0128131 0.00885162 0.00575387 0.00348724
 0.00871626 0.0140053 0.0208005 0.0289698 0.038241 0.0480868 0.0576478 0.0658777 0.0718726 0.0751389 0.0756291 0.0736147 0.0695466 0.0639586 0.0573897 0.0503157 0.0431124 0.0360571 0.0293539 0.0231614 0.0176112 0.0128135 0.00884839 0.00574859 0.00348232
 0.00860479 0.0138397 0.0205812 0.0287093 0.0379634 0.0478235 0.0574329 0.0657406 0.0718301 0.0751879 0.075747 0.0737682 0.069705 0.0641037 0.057518 0.050434 0.04323 0.03618 0.0294811 0.0232855 0.0177219 0.0129025 0.00891261 0.00579025 0.00350679
 0.00844197 0.0135785 0.020196 0.0281824 0.0372929 0.0470339 0.0565837 0.0649241 0.0711537 0.0747457 0.0755947 0.0739103 0.0700988 0.0646759 0.0581862 0.0511255 0.0438925 0.036782 0.0300068 0.0237275 0.0180781 0.0131747 0.00910768 0.00591997 0.00358621
 0.00856237 0.0137484 0.0204029 0.028396 0.0374699 0.0471291 0.0565609 0.0647654 0.0708656 0.0743624 0.0751732 0.0735185 0.0697968 0.0644995 0.0581401 0.0511883 0.044029 0.0369563 0.0301902 0.023901 0.01823 0.0132988 0.00920172 0.0059856 0.00362802
 0.00872105 0.0140058 0.020787 0.0289264 0.0381469 0.0479191 0.057387 0.0655139 0.0714125 0.0746111 0.0750848 0.0731204 0.0691704 0.0637538 0.0573826 0.0505018 0.0434605 0.0365188 0.0298734 0.0236832 0.0180876 0.0132104 0.0091502 0.00595753 0.00361377
 0.00892216 0.0143517 0.0213417 0.0297582 0.0393088 0.0494189 0.0591573 0.0674015 0.0731984 0.0760553 0.0759804 0.0733413 0.0686995 0.0626846 0.0558917 0.0488018 0.041751 0.0349512 0.0285375 0.0226133 0.0172772 0.0126291 0.00875619 0.00570658 0.00346463
 0.00874858 0.0140958 0.0210085 0.0293779 0.0389398 0.0491449 0.0590784 0.0676123 0.0737544 0.0769374 0.0770802 0.0744794 0.0696748 0.0633335 0.0561322 0.0486484 0.0412962 0.0343271 0.0278734 0.0220059 0.0167802 0.012258 0.00850065 0.00554367 0.00336851
 0.00869038 0.0139753 0.0207812 0.0289919 0.0383555 0.0483651 0.0581718 0.066716 0.0730446 0.0765798 0.0771782 0.0750392 0.0705985 0.0644441 0.0572245 0.049548 0.0419045 0.034634 0.0279383 0.0219203 0.0166315 0.0121078 0.00838034 0.00546101 0.00331827
 0.0087348 0.0140251 0.0208128 0.0289643 0.0382147 0.0480556 0.0576549 0.0659904 0.0721648 0.0756637 0.0763905 0.0745493 0.0705239 0.064806 0.0579374 0.0504497 0.042812 0.0354013 0.0284906 0.0222556 0.0167967 0.012166 0.00838582 0.00544878 0.00330515
 0.00900327 0.0144372 0.0213854 0.0296911 0.0390606 0.0489528 0.0585006 0.0666552 0.0725192 0.0756172 0.0759288 0.0737504 0.0695429 0.0638304 0.0571284 0.0498937 0.0425052 0.0352711 0.0284414 0.0222119 0.0167243 0.0120675 0.00828184 0.00535929 0.0032401
 0.0091737 0.014718 0.0218139 0.0303008 0.0398703 0.0499494 0.0596238 0.0677937 0.0735264 0.0763414 0.0762493 0.0736072 0.0689559 0.0628998 0.0560129 0.0487675 0.0415091 0.0344795 0.0278587 0.0217967 0.0164232 0.0118402 0.0081075 0.00522996 0.00315113
 0.0093249 0.014963 0.0221814 0.0308181 0.0405589 0.0508168 0.0606518 0.0689287 0.0746759 0.0773822 0.0770447 0.0740341 0.0689348 0.0624197 0.0551403 0.0476337 0.0402771 0.0333014 0.0268412 0.0209868 0.0158173 0.0114064 0.00780727 0.00502962 0.003024
 0.00897718 0.0144314 0.0214463 0.0298896 0.0394812 0.0496705 0.0595551 0.0680286 0.0741226 0.077289 0.0774499 0.0748814 0.0700827 0.0636773 0.0563191 0.0485966 0.0409658 0.0337334 0.0270808 0.0211084 0.0158787 0.0114403 0.00782697 0.00503974 0.00302729
 0.00877339 0.0140954 0.0209336 0.0291601 0.0385132 0.0484805 0.0582159 0.0666722 0.07292 0.0764133 0.0770371 0.0750006 0.0707195 0.0647336 0.0576322 0.0499768 0.0422435 0.0347959 0.0278865 0.021675 0.0162553 0.0116814 0.00797694 0.0051297 0.00307829
 0.00869311 0.0139452 0.0206703 0.0287299 0.037862 0.0475737 0.0570596 0.0653276 0.0715044 0.0750861 0.0759744 0.0743611 0.0706087 0.0651755 0.0585599 0.0512464 0.0436685 0.0361928 0.0291152 0.0226596 0.0169832 0.0121827 0.0083012 0.00532732 0.00319145
 0.00876492 0.014041 0.0207742 0.0288086 0.0378673 0.0474492 0.0567511 0.064796 0.0707416 0.0741304 0.0749177 0.0733407 0.0697813 0.0646801 0.0584812 0.0515901 0.0443596 0.0370974 0.0300792 0.0235502 0.0177158 0.0127276 0.00867139 0.00555856 0.00332475
 0.00897597 0.0143693 0.0212388 0.0294124 0.0385905 0.0482421 0.0575288 0.0654432 0.0711322 0.0741604 0.0745373 0.0725748 0.0687311 0.0635054 0.0573644 0.0506923 0.0437804 0.0368545 0.0301153 0.023763 0.0179975 0.0129958 0.00888204 0.00570166 0.00341073
 0.00912373 0.0146087 0.021597 0.0299127 0.0392456 0.0490439 0.0584369 0.0663798 0.0719884 0.0748136 0.074875 0.0725204 0.0682655 0.0626798 0.0562965 0.0495428 0.0427138 0.0359975 0.0295284 0.0234363 0.0178705 0.0129895 0.0089276 0.00575469 0.00345145
 0.00928465 0.014873 0.0219993 0.0304862 0.040014 0.050009 0.0595652 0.0675962 0.0731826 0.0758563 0.0756388 0.0728994 0.0681945 0.0621494 0.0553621 0.0483207 0.0413615 0.034681 0.0283847 0.0225456 0.017248 0.012599 0.00870733 0.00564239 0.00339907
 0.00904549 0.0145497 0.0216351 0.0301643 0.0398386 0.0500718 0.059916 0.0682301 0.0740446 0.0768552 0.0766611 0.0738229 0.0689037 0.0625535 0.0554129 0.0480254 0.0407849 0.0339327 0.0275927 0.0218239 0.0166704 0.0121899 0.00844987 0.00549813 0.00332688
#obs surv len freq
 nan nan nan nan nan nan nan nan nan nan nan nan nan nan nan nan nan nan nan nan nan nan nan nan nan
 0.0044838 0.00734477 0.0111744 0.0159906 0.0216913 0.027967 0.0342813 0.0400128 0.0446926 0.0481566 0.0505146 0.0520106 0.052903 0.0534155 0.0537298 0.0539848 0.0542634 0.0545561 0.0546949 0.0542868 0.0527249 0.049357 0.0438067 0.0362866 0.0276701
 0.00461392 0.00755806 0.0114983 0.0164508 0.0223054 0.0287347 0.0351752 0.0409753 0.0456442 0.0490115 0.0511967 0.0524651 0.0531017 0.0533572 0.0534361 0.0534922 0.053615 0.0537942 0.0538582 0.053412 0.0518505 0.0485257 0.0430629 0.0356679 0.0271972
 0.00477717 0.00782504 0.0119031 0.0170261 0.0230764 0.0297088 0.0363306 0.0422562 0.0469657 0.0502731 0.0522976 0.0533162 0.0536354 0.0535341 0.0532484 0.0529617 0.0527865 0.0527267 0.0526174 0.0520679 0.0504778 0.0472046 0.0418727 0.0346743 0.0264365
 0.00496841 0.00813844 0.0123795 0.017705 0.0239887 0.0308645 0.0377065 0.0437908 0.048567 0.0518341 0.0537113 0.0544846 0.0544743 0.0539778 0.0532553 0.0525196 0.051915 0.0514754 0.0510621 0.0503057 0.048624 0.0453865 0.0402163 0.0332823 0.0253667
 0.00517918 0.00848271 0.0129008 0.0184454 0.0249813 0.0321213 0.0392057 0.045471 0.0503348 0.0535802 0.0553257 0.0558664 0.0555347 0.0546416 0.0534633 0.0522326 0.0511202 0.0501937 0.0493541 0.0482744 0.0464122 0.043165 0.0381599 0.0315368 0.024017
 0.0054048 0.00885326 0.0134654 0.0192523 0.0260683 0.0335015 0.0408521 0.0473122 0.052265 0.0554799 0.0570804 0.0573757 0.0567141 0.05542 0.0537805 0.0520404 0.0503867 0.0489141 0.0475643 0.0460651 0.0439342 0.0406184 0.0357624 0.0294773 0.0224116
 0.00564453 0.00924496 0.0140588 0.0200955 0.0271992 0.034934 0.0425612 0.0492278 0.0542805 0.0574717 0.0589271 0.0589702 0.0579684 0.0562639 0.0541582 0.051906 0.0497041 0.0476648 0.0457644 0.0437867 0.041321 0.0378807 0.0331443 0.0272009 0.020621
 0.00588367 0.00963715 0.0146554 0.0209466 0.0283442 0.0363864 0.0442933 0.0511654 0.0563139 0.0594765 0.0607839 0.0605754 0.0592366 0.0571268 0.0545613 0.051805 0.0490632 0.046461 0.0440029 0.0415243 0.0386879 0.0350833 0.030435 0.0248196 0.0187315
 0.0061282 0.0100375 0.0152631 0.0218115 0.0295052 0.0378562 0.0460429 0.0531184 0.0583569 0.0614807 0.0626265 0.0621521 0.0604652 0.0579458 0.054925 0.0516776 0.0484151 0.0452715 0.0422734 0.0393018 0.0360896 0.032304 0.0277226 0.0224174 0.016812
 0.00637034 0.010435 0.0158686 0.0226762 0.0306687 0.0393307 0.0477968 0.0550709 0.0603898 0.0634615 0.0644304 0.063675 0.0616277 0.0586919 0.0552173 0.0514909 0.0477307 0.0440774 0.0405743 0.0371409 0.0335727 0.0296108 0.0250869 0.0200737 0.014931
 0.00660645 0.0108233 0.0164612 0.0235243 0.0318122 0.0407823 0.0495252 0.0569951 0.0623901 0.0654029 0.0661851 0.0651367 0.0627175 0.0593572 0.055428 0.0512324 0.046997 0.0428686 0.0389039 0.0350535 0.0311669 0.0270508 0.0225865 0.0178497 0.0131431
 0.00681675 0.0111709 0.0169949 0.0242933 0.0328563 0.0421163 0.0511232 0.0587843 0.0642607 0.0672284 0.0678433 0.0665228 0.0637507 0.0599827 0.0556145 0.0509674 0.0462807 0.0417102 0.0373257 0.0331044 0.0289405 0.024696 0.0202947 0.0158144 0.011507
 0.00704094 0.0115341 0.0175392 0.0250571 0.0338675 0.0433811 0.0526138 0.0604339 0.065971 0.068887 0.0693407 0.0677645 0.0646632 0.0605151 0.0557378 0.0506709 0.0455674 0.0405944 0.0358355 0.0312917 0.0268951 0.022553 0.0182233 0.0139831 0.0100388
 0.00731384 0.011977 0.0182036 0.0259879 0.0350916 0.0448905 0.0543507 0.0622893 0.0678042 0.0705565 0.0707312 0.0687989 0.0652999 0.06074 0.0555555 0.0500973 0.0446249 0.0393108 0.0342473 0.0294541 0.0248936 0.0205093 0.0162844 0.0122918 0.00869581
 0.00742904 0.0121831 0.0185486 0.0265283 0.0358798 0.0459546 0.0556745 0.0638049 0.069402 0.0721077 0.0721114 0.0699054 0.0660612 0.0611187 0.0555436 0.0497083 0.043885 0.0382534 0.0329139 0.027901 0.0232008 0.0187844 0.0146533 0.0108739 0.0075732
 0.00751789 0.0123192 0.0187399 0.0267816 0.0362062 0.046375 0.0562187 0.064502 0.070263 0.0731087 0.0731873 0.0709587 0.0669833 0.0618122 0.0559391 0.0497697 0.0436068 0.0376538 0.0320298 0.0267876 0.0219345 0.017463 0.0133867 0.00976435 0.00669088
 0.00757084 0.0124022 0.0188587 0.0269389 0.0364011 0.046603 0.0564744 0.064784 0.0705805 0.0734828 0.0736425 0.0715048 0.0675977 0.0624347 0.0564836 0.0501474 0.0437476 0.0375201 0.0316204 0.0261351 0.0211019 0.016537 0.0124656 0.0089394 0.00602593
 0.00767483 0.0125595 0.0190734 0.0272066 0.0367099 0.0469358 0.0568102 0.0651005 0.0708579 0.0737109 0.0738266 0.0716659 0.0677631 0.0626228 0.0566881 0.0503314 0.0438525 0.0374848 0.0314026 0.0257262 0.0205314 0.0158671 0.0117766 0.0083095 0.00551185
 0.00771286 0.0126225 0.0191699 0.0273441 0.0368917 0.0471569 0.0570555 0.0653456 0.0710771 0.0738855 0.0739513 0.0717494 0.0678244 0.0626835 0.0567636 0.0504211 0.0439346 0.0375191 0.0313433 0.0255412 0.0202173 0.0154541 0.0113201 0.00787191 0.00514338
 0.00777883 0.0127207 0.0193011 0.0275037 0.0370719 0.0473499 0.0572544 0.0655438 0.0712649 0.07405 0.0740779 0.0718272 0.0678517 0.0626695 0.0567255 0.0503758 0.0438895 0.0374656 0.0312592 0.0254 0.0200036 0.0151746 0.0110041 0.00756104 0.00487557
 0.00782585 0.0127946 0.0194071 0.0276437 0.0372431 0.047543 0.0574535 0.0657289 0.071418 0.0741604 0.0741446 0.0718557 0.0678487 0.0626405 0.0566752 0.0503105 0.0438152 0.0373845 0.0311657 0.0252822 0.0198502 0.0149841 0.0107897 0.00734719 0.00468778
 0.0078636 0.0128526 0.0194882 0.0277483 0.0373692 0.0476863 0.0576071 0.0658829 0.0715596 0.0742766 0.0742249 0.0718953 0.0678492 0.0626084 0.0566191 0.0502382 0.0437327 0.0372951 0.031069 0.0251743 0.0197262 0.0148428 0.0106374 0.00719728 0.00455591
 0.00787371 0.012867 0.0195061 0.0277679 0.0373884 0.047704 0.0576241 0.0659019 0.0715846 0.074311 0.0742696 0.0719479 0.0679041 0.0626585 0.0566583 0.0502628 0.0437414 0.0372879 0.0310457 0.0251338 0.0196674 0.0147665 0.0105488 0.00710592 0.00447267
 0.00787767 0.0128697 0.0195033 0.0277537 0.0373567 0.0476516 0.0575534 0.0658212 0.0715069 0.0742502 0.0742382 0.0719528 0.0679459 0.062731 0.0567501 0.0503606 0.0438328 0.0373635 0.0310997 0.0251633 0.0196717 0.0147478 0.0105124 0.00705982 0.00442605
 0.00787905 0.0128678 0.0194928 0.0277269 0.0373055 0.0475703 0.057442 0.0656868 0.0713632 0.0741154 0.0741311 0.07189 0.0679372 0.0627781 0.0568456 0.0504898 0.0439776 0.037506 0.0312252 0.0252619 0.0197391 0.0147843 0.010523 0.00705224 0.00440916
 0.00790201 0.0129009 0.0195344 0.027772 0.037346 0.0475966 0.0574439 0.0656563 0.0712964 0.0740158 0.0740099 0.0717649 0.0678286 0.0627035 0.0568156 0.0505059 0.0440322 0.0375853 0.0313127 0.0253429 0.019803 0.0148265 0.010544 0.00705688 0.00440388
 0.00789323 0.0128878 0.0195168 0.0277502 0.0373205 0.0475671 0.0574091 0.0656142 0.0712452 0.0739548 0.0739414 0.0716943 0.0677645 0.0626566 0.0567961 0.0505206 0.0440819 0.0376638 0.0314081 0.0254409 0.0198904 0.0148947 0.01059 0.00708285 0.00441514
 0.00788576 0.012874 0.0194932 0.027713 0.0372669 0.0474975 0.0573283 0.0655307 0.0711686 0.0738923 0.0738957 0.0716642 0.0677479 0.0626523 0.0568057 0.0505476 0.0441294 0.0377319 0.0314925 0.0255325 0.0199784 0.0149695 0.0106462 0.00711981 0.00443605
 0.00784517 0.0128088 0.0193968 0.0275802 0.0370958 0.0472918 0.0570995 0.0652986 0.0709582 0.0737283 0.0737967 0.0716387 0.0677928 0.0627557 0.0569511 0.0507185 0.0443128 0.0379185 0.0316749 0.0257035 0.0201304 0.0150957 0.0107426 0.00718687 0.00447803
 0.00785639 0.0128171 0.0193909 0.0275437 0.0370119 0.0471497 0.0569013 0.0650602 0.070706 0.0734923 0.0736043 0.0715105 0.0677402 0.06278 0.0570438 0.0508641 0.0444923 0.0381138 0.0318706 0.0258878 0.020294 0.015232 0.0108483 0.00726207 0.00452673
 0.00783454 0.0127875 0.0193565 0.0275095 0.0369804 0.0471173 0.0568561 0.0649856 0.0705894 0.0733339 0.0734205 0.0713299 0.0675941 0.0626929 0.0570279 0.050918 0.0446042 0.0382654 0.0320419 0.0260603 0.0204533 0.0153679 0.0109553 0.00733964 0.00457802
 0.00778626 0.0127065 0.0192309 0.0273288 0.0367408 0.0468274 0.0565402 0.0646802 0.0703311 0.0731471 0.0733112 0.0712908 0.0676146 0.0627667 0.0571535 0.0510945 0.0448259 0.0385194 0.0323099 0.026322 0.0206904 0.0155674 0.0111109 0.00745148 0.00465173
 0.007774 0.0126816 0.0191839 0.0272474 0.0366122 0.0466426 0.0562996 0.0643967 0.0700308 0.0728642 0.073081 0.0711396 0.0675538 0.0627928 0.0572537 0.0512535 0.0450298 0.0387551 0.0325627 0.026575 0.020926 0.0157707 0.0112727 0.00756978 0.00473074
 0.00775141 0.0126476 0.0191376 0.0271885 0.0365398 0.0465539 0.0561887 0.0642573 0.06986 0.0726676 0.0728746 0.0709484 0.0674058 0.0627107 0.0572488 0.0513244 0.0451649 0.0389376 0.032774 0.0267963 0.0211393 0.0159602 0.0114275 0.00768549 0.00480948
 0.00930663 0.014821 0.0217532 0.0298649 0.038802 0.0480112 0.0566749 0.0638541 0.0688104 0.0712517 0.0713216 0.0694085 0.0659646 0.0614149 0.0561243 0.0503836 0.0444085 0.0383553 0.0323471 0.0265006 0.0209481 0.015847 0.0113676 0.00765833 0.0047999
 0.00930798 0.0151093 0.0226911 0.0318994 0.0422691 0.0528716 0.062348 0.069313 0.0729475 0.0733162 0.0711666 0.0674303 0.06283 0.0577764 0.0524613 0.0469791 0.0413994 0.0357921 0.0302343 0.0248175 0.0196581 0.014902 0.0107112 0.00722966 0.004539
 0.00897427 0.0145897 0.0219728 0.0310407 0.0414486 0.052419 0.0627008 0.070858 0.0757834 0.077081 0.0750862 0.0706102 0.0646261 0.0580168 0.0514115 0.0451297 0.0392386 0.0336759 0.0283641 0.0232771 0.0184594 0.0140181 0.0100957 0.00682755 0.00429442
 0.00879888 0.0142917 0.0215017 0.0303464 0.0405018 0.0512471 0.0614305 0.0697395 0.0751638 0.0773049 0.0763404 0.0727844 0.0672893 0.0605579 0.0532842 0.0460574 0.0392666 0.0330698 0.0274506 0.0223222 0.0176231 0.0133658 0.00963091 0.00652214 0.00410917
 0.00872418 0.0141656 0.021302 0.0300465 0.0400727 0.0506643 0.0606862 0.0688621 0.0742392 0.0764907 0.0758531 0.0728425 0.0680157 0.0618892 0.0549517 0.0476761 0.0404917 0.0337278 0.0275715 0.0220737 0.0172067 0.0129393 0.00928072 0.00627399 0.00395278
 0.00869442 0.0141157 0.0212238 0.0299299 0.0399061 0.0504348 0.0603818 0.0684739 0.0737675 0.0759558 0.0753101 0.0723912 0.0677895 0.062012 0.0554733 0.0485227 0.0414732 0.0346119 0.028182 0.0223533 0.0172124 0.0127859 0.009079 0.00609515 0.00382469
 0.00868009 0.014089 0.0211772 0.0298543 0.0397926 0.0502778 0.060181 0.0682343 0.0734962 0.0756599 0.0749983 0.0720823 0.0675231 0.061852 0.0554927 0.0487693 0.0419326 0.0351955 0.0287565 0.0227987 0.0174701 0.0128701 0.00904962 0.00601883 0.00374814
 0.00867962 0.0140884 0.0211764 0.0298523 0.0397866 0.0502622 0.0601473 0.0681726 0.0733983 0.0755218 0.0748226 0.0718778 0.0673066 0.0616506 0.0553457 0.0487216 0.0420169 0.0354106 0.0290578 0.0231117 0.0177235 0.0130255 0.0091103 0.00601577 0.00371744
 0.00870129 0.0141227 0.0212259 0.0299185 0.0398687 0.0503562 0.0602444 0.0682594 0.0734579 0.0755374 0.0747816 0.0717752 0.0671477 0.061452 0.0551346 0.0485335 0.0418884 0.0353674 0.0291023 0.0232189 0.0178507 0.013132 0.00917402 0.00603743 0.00371193
 0.00865727 0.0140613 0.0211523 0.029844 0.0398079 0.0503218 0.0602433 0.0682906 0.073514 0.0756064 0.0748487 0.0718255 0.0671684 0.0614363 0.0550849 0.0484629 0.0418187 0.0353229 0.0291002 0.023261 0.0179225 0.0132097 0.00923672 0.00607538 0.00372731
 0.00864288 0.0140318 0.0210976 0.0297529 0.0396737 0.0501491 0.0600525 0.0681148 0.0733883 0.0755544 0.0748743 0.0719135 0.067292 0.0615671 0.0552004 0.0485516 0.0418811 0.0353692 0.0291447 0.0233145 0.0179867 0.0132773 0.0092967 0.00611942 0.00375355
 0.00864324 0.0140314 0.0210945 0.0297437 0.0396524 0.0501078 0.0599831 0.0680136 0.0732608 0.0754181 0.0747553 0.0718375 0.0672739 0.0616048 0.0552778 0.0486461 0.0419734 0.035449 0.0292114 0.0233729 0.0180417 0.0133298 0.00934336 0.00615615 0.00377835
 0.0086283 0.0140099 0.0210673 0.0297131 0.0396215 0.0500783 0.0599545 0.0679821 0.0732212 0.075366 0.0746911 0.071769 0.0672151 0.0615716 0.0552803 0.0486842 0.0420374 0.0355248 0.0292868 0.0234413 0.0181011 0.0133804 0.00938521 0.00618851 0.00380094
 0.00862692 0.0140052 0.021056 0.0296912 0.0395857 0.0500288 0.0598958 0.0679226 0.0731692 0.0753264 0.0746634 0.0717487 0.0671986 0.0615589 0.0552765 0.048696 0.0420687 0.0355739 0.0293469 0.023504 0.0181597 0.0134307 0.00942565 0.00621886 0.00382194
 0.00862501 0.0140054 0.0210619 0.0297074 0.0396156 0.0500715 0.0599446 0.0679663 0.0731965 0.0753305 0.0746443 0.0717115 0.0671501 0.0615053 0.0552232 0.0486483 0.0420323 0.0355531 0.0293428 0.0235141 0.0181787 0.0134531 0.00944698 0.00623655 0.00383499
 0.00862501 0.0140054 0.0210619 0.0297074 0.0396156 0.0500715 0.0599446 0.0679663 0.0731965 0.0753305 0.0746443 0.0717115 0.0671501 0.0615053 0.0552232 0.0486483 0.0420323 0.0355531 0.0293428 0.0235141 0.0181787 0.0134531 0.00944698 0.00623655 0.00383499
 0.00856001 0.0139031 0.0209151 0.0295133 0.0393787 0.0498062 0.0596762 0.0677278 0.0730203 0.0752384 0.0746414 0.0717875 0.0672854 0.0616781 0.055414 0.048842 0.0422184 0.0357255 0.0294983 0.0236507 0.0182949 0.0135476 0.00951943 0.00628831 0.00386912
 0.0086397 0.0140226 0.0210757 0.0297083 0.0395934 0.0500196 0.0598637 0.0678646 0.0730875 0.0752285 0.0745609 0.0716538 0.0671206 0.0615026 0.0552431 0.0486859 0.0420829 0.0356137 0.029411 0.0235873 0.0182527 0.0135227 0.009507 0.00628368 0.00386849
 0.0088095 0.0142975 0.0214855 0.030275 0.0403209 0.0508802 0.0607882 0.0687473 0.0738085 0.0756874 0.0747038 0.071482 0.0666822 0.0608739 0.0545086 0.0479225 0.0413509 0.0349539 0.0288467 0.0231275 0.0178964 0.013261 0.00932601 0.00616664 0.00379824
 0.00901859 0.0146463 0.0220254 0.0310549 0.0413719 0.052192 0.0622887 0.0702992 0.0752326 0.0768037 0.0753717 0.0716288 0.0663113 0.0600581 0.053369 0.0466014 0.0399844 0.0336526 0.0276876 0.0221539 0.0171228 0.0126804 0.00891615 0.00589617 0.00363259
 0.00887132 0.0144347 0.0217608 0.030772 0.0411267 0.0520553 0.0623339 0.0705856 0.0757834 0.0775857 0.0762905 0.072545 0.0670773 0.0605578 0.0535461 0.0464668 0.0396034 0.0331198 0.0270999 0.0215908 0.0166368 0.0122962 0.00863621 0.00570792 0.00351605
 0.00876991 0.0142495 0.0214473 0.0302838 0.0404369 0.0511848 0.0613728 0.0696877 0.0751286 0.0773233 0.0764912 0.0731803 0.0680297 0.0616552 0.0546084 0.0473491 0.0402257 0.0334722 0.0272274 0.0215658 0.0165329 0.0121706 0.00852367 0.00562314 0.00346009
 0.00884061 0.0143457 0.0215555 0.0303746 0.0404665 0.0511026 0.0611345 0.0692742 0.0745652 0.0766915 0.0759176 0.0728007 0.0679406 0.0618766 0.0550768 0.0479432 0.0408107 0.0339429 0.0275328 0.0217094 0.0165549 0.0121234 0.00845244 0.00555657 0.00341052
 0.00891985 0.0144792 0.0217634 0.0306735 0.0408596 0.0515665 0.06161 0.0696709 0.0747852 0.0766634 0.0756279 0.0723059 0.0673534 0.0613295 0.0546766 0.0477361 0.0407743 0.0340074 0.0276179 0.0217577 0.0165457 0.0120675 0.00837511 0.00548167 0.00335195
 0.00895546 0.0145416 0.0218659 0.0308321 0.04109 0.0518782 0.0619983 0.0701098 0.075224 0.0770318 0.0758501 0.0723243 0.0671525 0.0609485 0.0542 0.0472644 0.040387 0.0337385 0.0274545 0.0216603 0.0164741 0.0119984 0.00830443 0.00541619 0.00329944
 0.00900863 0.0146285 0.0219974 0.0310185 0.0413389 0.052191 0.0623668 0.0705144 0.075635 0.0774118 0.0761563 0.0725119 0.0671827 0.060801 0.0538864 0.0468321 0.0399074 0.0332837 0.027074 0.0213705 0.0162647 0.011848 0.00819411 0.00533478 0.00324153
 0.00867752 0.0141096 0.0212555 0.0300415 0.040149 0.0508571 0.0610121 0.0693061 0.0747491 0.0769845 0.0762446 0.0730808 0.0681209 0.0619534 0.0550933 0.0479631 0.0408831 0.0340778 0.0276984 0.0218527 0.0166307 0.0121166 0.0083799 0.00545306 0.00330958
 0.0086114 0.0139615 0.0209587 0.0295129 0.0393141 0.0496886 0.0595641 0.0677208 0.0732293 0.0757437 0.0754571 0.072847 0.0684513 0.0627724 0.0562593 0.0493034 0.042233 0.0353119 0.0287447 0.0226879 0.0172651 0.0125764 0.00869618 0.00565732 0.00343179
