SBPRF35
12.7214
Curr Bio
931120
B35
883341
F35
0.171579
FOFL
0.171579
OFL
129717
Bzero
3.63469e+006
#pred survey bio
 3.57515e+006 3.48199e+006 3.38656e+006 3.25028e+006 3.0662e+006 2.86922e+006 2.61347e+006 2.35851e+006 2.10593e+006 1.90736e+006 1.65118e+006 1.44646e+006 1.28925e+006 1.12939e+006 999015 899842 818726 747977 706819 680753 638777 624284 603955 584764 563979 554448 554058 553861 549584 548000 557709 557750 563511 569917 586986 608444 623034 639662 649837 656889 660130 672088 675077 677856 672651 676058 670338 678388 671109 670582 671637 729415 761581 810552 833894 863208 886601 927312 936815 937475 2.14802e+007 1.9185e+007 1.90925e+007 1.96229e+007 2.05992e+007 2.17837e+007 2.2989e+007 2.40997e+007 2.50604e+007 2.58567e+007 2.64977e+007 2.70033e+007 2.73966e+007 2.76999e+007 2.79325e+007 2.81105e+007 2.82467e+007 2.8351e+007 2.84312e+007 2.8493e+007 2.85408e+007 2.8578e+007 2.8607e+007 2.86298e+007 2.86478e+007 2.8662e+007 2.86733e+007 2.86822e+007 2.86894e+007 2.86951e+007 2.86997e+007 2.87035e+007 2.87065e+007 2.87089e+007 2.87109e+007 2.87125e+007 2.87138e+007 2.87148e+007 2.87157e+007 2.87164e+007 2.8717e+007 2.87174e+007 2.87178e+007 2.87181e+007 2.87184e+007 2.87186e+007 2.87188e+007 2.87189e+007 2.8719e+007 2.87191e+007 2.87192e+007 2.87193e+007 2.87193e+007 2.87194e+007 2.87194e+007 2.87194e+007 2.87194e+007 2.87195e+007 2.87195e+007 2.87195e+007 2.87195e+007 2.87195e+007 2.87195e+007 2.87195e+007 2.87195e+007 2.87195e+007 2.87195e+007 2.87195e+007 2.87195e+007 2.87195e+007 2.87195e+007 2.87195e+007 2.87195e+007 2.87195e+007 2.87195e+007 2.87195e+007 2.87195e+007 2.87195e+007 2.87195e+007 2.87195e+007 2.87195e+007 2.87195e+007 2.87195e+007 2.87195e+007 2.87195e+007 2.87195e+007 2.87195e+007 2.87195e+007 2.87195e+007 2.87195e+007 2.87195e+007 2.87195e+007 2.87195e+007 2.87195e+007 2.87195e+007 2.87195e+007 2.87195e+007 2.87195e+007 2.87195e+007 2.87195e+007 0 0 0 0 0 0 0 0 0 0 0 0 0 0 0 0 0 0 0 0 0 0 0 0 0
#obs survey bio
 2.52305e+006 4.19913e+006 2.7346e+006 2.78689e+006 3.32763e+006 2.72654e+006 2.32686e+006 2.49418e+006 1.94584e+006 2.51114e+006 1.81432e+006 1.21188e+006 1.13414e+006 1.27237e+006 1.67046e+006 724216 1.05568e+006 832747 554493 681021 899219 542274 821517 764342 645534 516998 557501 1.07556e+006 435838 459423 411032 569556 508141 472988 964428 779564 671565 894026 997839 688168 512281 615430 875122 629913 649024 612326 489725 503696 723276 650918 695993 624904 858537 662151 961663 700831 1.08494e+006 852834 779667 1.20959e+006
#pred catch bio
 94020.8 99340.6 143662 197885 222894 291606 306655 319539 283812 345219 304875 266505 270344 243642 215372 198318 186655 158467 143680 153716 126320 128174 123660 121595 109620 100954 100162 102611 99988.9 91797.1 101970 98938.3 100243 92690.8 90112.2 96440.6 94991.6 100391 102324 105067 98217.5 106712 107192 114160 107101 115116 103691 116875 110536 109067 62896.2 87316.9 74432 98193 94482.7 101083 87455.8 114417 119429 118329 129717 126661 124677 126603 132132 139319 146688 153410 159117 163732 167335 170073 172114 173612 174697 175476 176031 176424 176701 176895 177031 177125 177191 177237 177269 177291 177306 177317 177324 177329 177333 177335 177337 177338 177339 177339 177339 177340 177340 177340 177340 177340 177340 177340 177340 177340 177340 177340 177340 177340 177340 177340 177340 177340 177340 177340 177340 177340 177340 177340 177340 177340 177340 177340 177340 177340 177340 177340 177340 177340 177340 177340 177340 177340 177340 177340 177340 177340 177340 177340 177340 177340 177340 177340 177340 177340 177340 177340 177340 177340 177340 177340 177340 177340 177340 177340 177340 177340 177340 177340 0 0 0 0 0 0 0 0 0 0 0 0 0 0 0 0 0 0 0 0 0 0 0 0 0
#obs catch bio
 0 99079.7 143714 198555 223370 292866 307638 321879 285270 347452 306441 268039 271606 244198 214282 199450 186808 158983 144185 155205 126398 128288 123170 120980 109160 100869 100419 101862 99406.2 91459.3 102120 99279.6 101446 93925.9 90551.3 96587.1 95115.9 100462 102133 104464 97943.1 106871 106923 114099 107114 115423 103896 117567 110776 109850 62543.1 87795.1 74254.1 98802 94668.5 101865 87536.7 115095 119942 118320
#pred cpue bio
 3.51942e+006 3.42803e+006 3.33369e+006 3.19733e+006 3.01338e+006 2.81675e+006 2.56207e+006 2.30821e+006 2.05695e+006 1.85945e+006 1.60582e+006 1.40322e+006 1.24773e+006 1.09002e+006 961475 863621 783783 714579 674458 649199 608795 595218 575912 557626 537694 528533 528211 528260 524318 522583 531576 531173 536388 542447 559268 580668 595244 611616 621808 629000 632190 643622 646440 649132 643941 647136 641529 649344 642312 641864 642938 699548 731598 779748 802454 830876 853760 893906 903706 905106 2.07683e+007 1.85614e+007 1.83361e+007 1.86993e+007 1.96103e+007 2.07777e+007 2.19792e+007 2.30891e+007 2.40497e+007 2.4846e+007 2.5487e+007 2.59926e+007 2.63859e+007 2.66892e+007 2.69218e+007 2.70998e+007 2.7236e+007 2.73403e+007 2.74205e+007 2.74822e+007 2.75301e+007 2.75672e+007 2.75963e+007 2.76191e+007 2.7637e+007 2.76513e+007 2.76625e+007 2.76715e+007 2.76787e+007 2.76844e+007 2.7689e+007 2.76927e+007 2.76957e+007 2.76982e+007 2.77001e+007 2.77017e+007 2.77031e+007 2.77041e+007 2.7705e+007 2.77057e+007 2.77063e+007 2.77067e+007 2.77071e+007 2.77074e+007 2.77077e+007 2.77079e+007 2.77081e+007 2.77082e+007 2.77083e+007 2.77084e+007 2.77085e+007 2.77085e+007 2.77086e+007 2.77086e+007 2.77087e+007 2.77087e+007 2.77087e+007 2.77087e+007 2.77088e+007 2.77088e+007 2.77088e+007 2.77088e+007 2.77088e+007 2.77088e+007 2.77088e+007 2.77088e+007 2.77088e+007 2.77088e+007 2.77088e+007 2.77088e+007 2.77088e+007 2.77088e+007 2.77088e+007 2.77088e+007 2.77088e+007 2.77088e+007 2.77088e+007 2.77088e+007 2.77088e+007 2.77088e+007 2.77088e+007 2.77088e+007 2.77088e+007 2.77088e+007 2.77088e+007 2.77088e+007 2.77088e+007 2.77088e+007 2.77088e+007 2.77088e+007 2.77088e+007 2.77088e+007 2.77088e+007 2.77088e+007 2.77088e+007 2.77088e+007 2.77088e+007 2.77088e+007 2.77088e+007 2.77088e+007 0 0 0 0 0 0 0 0 0 0 0 0 0 0 0 0 0 0 0 0 0 0 0 0 0
#obs cpue bio
 2.64771e+006 4.44063e+006 3.56888e+006 2.3856e+006 2.20313e+006 3.68688e+006 2.7262e+006 1.59451e+006 1.74585e+006 2.03906e+006 1.27155e+006 1.34189e+006 1.68277e+006 1.02339e+006 878855 564914 816993 495864 746083 522646 542946 749511 573662 511664 461815 454014 415694 600282 655560 498289 585282 390704 306225 416781 561067 647565 495729 490577 497901 927083 582367 566448 648175 672456 540406 693256 683571 793302 658062 591284 691838 732552 683877 677027 731086 655578 760775 1.01277e+006 1.08512e+006 1.05961e+006
#pred surv len freq
 0.00470784 0.00767214 0.0115996 0.0164873 0.0222234 0.0285055 0.034816 0.0405529 0.0452578 0.0487667 0.0511828 0.0527394 0.0536772 0.0541883 0.0544045 0.0544071 0.0542428 0.0539277 0.05341 0.0524886 0.0507496 0.0476298 0.0426704 0.0358612 0.0278312
 0.0049542 0.00797459 0.0118782 0.0166195 0.0220922 0.0280677 0.0341466 0.0398271 0.044673 0.0484504 0.0511435 0.0528872 0.0538915 0.0543865 0.0545765 0.0546039 0.0545324 0.0543421 0.0539092 0.0529633 0.0510653 0.0476909 0.0424679 0.035474 0.0273823
 0.00513501 0.00828948 0.0123831 0.0173587 0.0230646 0.0291881 0.0352347 0.0406533 0.0450547 0.0483436 0.050663 0.0522365 0.0532535 0.0538526 0.0541499 0.0542534 0.0542409 0.054114 0.053742 0.0528181 0.0508686 0.047372 0.0420047 0.0349124 0.0268132
 0.00529302 0.00854741 0.0127756 0.0179245 0.0238439 0.0302123 0.0365028 0.0421021 0.0465388 0.0496506 0.0515735 0.0526081 0.0530795 0.0532533 0.0533038 0.0533183 0.0533137 0.0532347 0.0529154 0.0520274 0.0500829 0.0465627 0.0411701 0.0340918 0.0260738
 0.00546884 0.00883409 0.013209 0.0185394 0.0246696 0.0312642 0.0377743 0.0435586 0.0481159 0.0512503 0.0530594 0.053811 0.0538295 0.053435 0.0529036 0.0524296 0.0520935 0.0518419 0.0514666 0.0505867 0.0486777 0.04521 0.0398991 0.0329514 0.0251205
 0.00565307 0.00913098 0.0136514 0.0191579 0.0254882 0.0322946 0.0390074 0.0449606 0.0496306 0.0528062 0.0545729 0.055183 0.0549405 0.0541522 0.0531087 0.0520591 0.0511688 0.0504659 0.0497883 0.0487563 0.0468196 0.0434213 0.0382613 0.0315369 0.0239842
 0.00591669 0.00955451 0.0142794 0.0200281 0.026625 0.0336978 0.0406417 0.0467522 0.051479 0.0546037 0.0562219 0.0566014 0.0560555 0.0548892 0.0533867 0.0518004 0.0503251 0.0490481 0.0478807 0.0465065 0.0444096 0.0410374 0.0360708 0.0296702 0.0225185
 0.00617092 0.00996844 0.0149036 0.0209104 0.0278015 0.035179 0.0423975 0.0487057 0.0535163 0.0565951 0.0580439 0.05815 0.0572508 0.0556706 0.0537028 0.0516014 0.0495656 0.0477056 0.0459838 0.0441561 0.0417796 0.0383495 0.0335531 0.0275104 0.0208281
 0.0064248 0.0103811 0.0155251 0.0217882 0.0289736 0.0366608 0.0441671 0.0506967 0.0556229 0.0586889 0.0599923 0.0598311 0.0585632 0.0565378 0.0540713 0.0514331 0.0488315 0.0463894 0.0441002 0.0417782 0.0390582 0.0355065 0.0308423 0.0251581 0.0189776
 0.00655916 0.0106095 0.015888 0.0223318 0.0297426 0.0376865 0.0454541 0.0522155 0.0573126 0.0604654 0.0617575 0.0614798 0.0599886 0.0576388 0.054759 0.0516355 0.0484947 0.0454814 0.0426218 0.0397834 0.0366743 0.0329357 0.0283315 0.0229406 0.0172122
 0.00687145 0.0111083 0.0166222 0.0233413 0.0310516 0.0392932 0.0473183 0.0542536 0.0594069 0.0624851 0.0635801 0.0630042 0.0611393 0.0583626 0.0550182 0.0514005 0.0477408 0.0441919 0.0408021 0.0374841 0.0340149 0.030112 0.0255902 0.0205221 0.0152851
 0.0071515 0.0115554 0.0172802 0.0242457 0.0322244 0.0407334 0.0489918 0.0560888 0.0613029 0.0643285 0.0652615 0.0644288 0.0622309 0.0590639 0.055289 0.0512132 0.0470752 0.0430357 0.0391604 0.0353996 0.0315912 0.0275233 0.0230613 0.0182772 0.0134862
 0.00736323 0.0118966 0.017788 0.0249533 0.0331551 0.0418922 0.0503556 0.0576028 0.0628871 0.0658922 0.0667161 0.0656953 0.0632415 0.0597622 0.0556291 0.0511585 0.046598 0.0421187 0.0378044 0.0336396 0.0295156 0.025283 0.0208539 0.0163035 0.0118946
 0.00766307 0.0123743 0.0184885 0.0259108 0.0343857 0.0433837 0.0520556 0.0594166 0.0646911 0.0675576 0.0681329 0.0667853 0.0639597 0.060091 0.0555686 0.0507162 0.0457817 0.0409351 0.0362674 0.0317861 0.0274253 0.0230884 0.018728 0.0144216 0.0103857
 0.00799618 0.0128939 0.0192297 0.0268921 0.0356069 0.0448225 0.053663 0.061113 0.0663726 0.0691112 0.0694533 0.0677881 0.0645894 0.0603222 0.0554022 0.0501714 0.0448854 0.0397152 0.0347544 0.0300246 0.0254895 0.0210928 0.0168184 0.0127445 0.00904727
 0.00817089 0.0131906 0.0196989 0.0275857 0.0365647 0.0460509 0.0551173 0.062697 0.0679595 0.070575 0.0706932 0.0687355 0.0652028 0.0605802 0.0552994 0.0497168 0.0440999 0.0386293 0.0334066 0.0284665 0.023795 0.0193638 0.0151779 0.0113128 0.00790964
 0.00825148 0.0133306 0.0199273 0.0279386 0.0370808 0.0467633 0.0560403 0.0638143 0.0692169 0.0718829 0.0719391 0.0698056 0.0660038 0.0610531 0.0554211 0.0494914 0.0435493 0.0377858 0.0323125 0.0271765 0.0223823 0.0179221 0.013814 0.0101267 0.00697025
 0.00841266 0.0135743 0.0202606 0.0283586 0.0375789 0.0473323 0.0566778 0.0645207 0.0699886 0.072704 0.0727742 0.0705978 0.0666805 0.0615393 0.0556554 0.0494378 0.0432005 0.0371599 0.0314467 0.0261251 0.0212161 0.0167275 0.0126849 0.00914795 0.00619792
 0.00846496 0.013657 0.0203806 0.0285195 0.0377802 0.0475675 0.056936 0.064791 0.0702681 0.0730034 0.0731148 0.0709975 0.0671365 0.0620169 0.0560911 0.0497553 0.0433317 0.0370621 0.0311109 0.0255767 0.0205101 0.0159406 0.0119028 0.00844888 0.00563572
 0.00830206 0.0134273 0.0201 0.0282254 0.0375212 0.0473877 0.0568612 0.0648252 0.0703998 0.0732159 0.0733955 0.0713414 0.0675431 0.0624806 0.0565893 0.0502427 0.0437453 0.0373366 0.0311985 0.0254613 0.0202138 0.0155178 0.0114263 0.00799106 0.00525097
 0.00837831 0.0135284 0.0202113 0.0283231 0.0375842 0.0474124 0.0568702 0.0648601 0.0704988 0.0733915 0.0736266 0.0715861 0.0677616 0.0626529 0.0567169 0.0503352 0.0438037 0.0373449 0.0311293 0.0252914 0.0199394 0.0151627 0.0110359 0.00761782 0.00493721
 0.00835381 0.0134808 0.0201249 0.0281772 0.0373566 0.0470876 0.05645 0.0643725 0.0700024 0.0729678 0.0733597 0.0715358 0.0679416 0.0630283 0.0572205 0.0508921 0.0443491 0.0378286 0.031513 0.0255484 0.0200593 0.0151567 0.0109369 0.00747081 0.00478542
 0.00835353 0.013486 0.0201421 0.0282134 0.0374138 0.0471564 0.0565051 0.0643778 0.0699235 0.0727901 0.0731015 0.0712484 0.0676947 0.0628849 0.0572144 0.0510185 0.0445704 0.0380907 0.0317618 0.0257411 0.0201706 0.015182 0.0108913 0.00738251 0.00468546
 0.00840461 0.0135561 0.0202242 0.028294 0.0374786 0.0471968 0.0565224 0.064379 0.0699127 0.0727603 0.0730366 0.0711342 0.0675338 0.062704 0.0570571 0.0509269 0.0445664 0.0381674 0.0318878 0.0258746 0.0202748 0.015236 0.0108934 0.00734641 0.00463168
 0.00853978 0.0137584 0.0204955 0.0286225 0.0378397 0.0475566 0.0568421 0.0646212 0.0700495 0.0727804 0.0729459 0.0709501 0.0672774 0.0623974 0.0567266 0.050605 0.0442875 0.037957 0.0317527 0.0258011 0.0202371 0.0152083 0.0108597 0.00730348 0.00458525
 0.00859711 0.0138469 0.0206193 0.0287814 0.0380276 0.0477608 0.0570429 0.0647938 0.0701689 0.0728287 0.0729179 0.0708541 0.0671307 0.06222 0.0565363 0.0504171 0.0441167 0.0378171 0.0316536 0.0257438 0.0202121 0.0151999 0.0108535 0.00729193 0.00456805
 0.00846549 0.0136585 0.0203836 0.0285234 0.0377817 0.0475595 0.0569076 0.0647313 0.0701744 0.0728899 0.073019 0.0709787 0.0672647 0.0623528 0.0566616 0.0505323 0.0442218 0.0379144 0.0317462 0.0258332 0.0202965 0.0152739 0.0109112 0.00733009 0.00458822
 0.00847306 0.0136458 0.0203197 0.028369 0.0375045 0.0471562 0.0564189 0.0642369 0.0697657 0.0726363 0.0729463 0.0710695 0.0674749 0.0626322 0.0569675 0.0508348 0.0445032 0.0381665 0.0319666 0.0260223 0.0204548 0.0154014 0.0110076 0.00739689 0.00462955
 0.00869964 0.0139739 0.0207372 0.0288338 0.0379509 0.0475081 0.0566069 0.0642151 0.0695277 0.0722237 0.0724413 0.0705688 0.0670579 0.0623384 0.0567957 0.0507582 0.044488 0.0381844 0.0319993 0.02606 0.0204928 0.0154365 0.0110374 0.00741959 0.00464464
 0.00887047 0.0142477 0.0211396 0.0293799 0.038634 0.0482875 0.0573992 0.0649025 0.0699868 0.0723653 0.072242 0.0700787 0.0663807 0.0615968 0.0560955 0.0501652 0.0440246 0.0378415 0.0317533 0.0258862 0.0203717 0.0153545 0.0109841 0.00738673 0.00462551
 0.00888564 0.014278 0.0211964 0.0294792 0.0387946 0.0485264 0.057724 0.0653017 0.0704226 0.0727739 0.0725454 0.0702081 0.0663028 0.0613286 0.0556984 0.0497215 0.043609 0.0375007 0.0315023 0.0257167 0.0202646 0.0152903 0.0109474 0.00736672 0.00461517
 0.00893466 0.0143626 0.0213325 0.0296843 0.0390836 0.0489049 0.0581825 0.0658141 0.0709494 0.0732679 0.0729555 0.0704829 0.0663967 0.0612143 0.0553802 0.0492416 0.0430382 0.0369185 0.0309742 0.0252814 0.0199333 0.0150545 0.0107894 0.00726693 0.00455595
 0.00885581 0.0142521 0.0211997 0.0295507 0.0389794 0.0488618 0.0582266 0.0659605 0.0711995 0.0736069 0.0733527 0.0708938 0.0667686 0.0614946 0.0555268 0.0492342 0.0428864 0.0366602 0.0306646 0.024975 0.0196697 0.0148521 0.0106484 0.00717694 0.004503
 0.00866079 0.0139655 0.0208257 0.029115 0.0385252 0.0484407 0.0578903 0.0657548 0.0711578 0.0737436 0.0736576 0.0713322 0.0672873 0.0620304 0.056017 0.0496262 0.0431475 0.0367844 0.0306723 0.0249048 0.0195646 0.0147471 0.0105637 0.00711829 0.00446731
 0.00846162 0.0136405 0.0203367 0.0284324 0.0376421 0.0473909 0.0567615 0.0646823 0.0702944 0.0732163 0.0735348 0.0716128 0.0679116 0.0629005 0.0570183 0.0506462 0.0440909 0.0375847 0.0312977 0.0253568 0.0198689 0.0149403 0.0106814 0.00718841 0.00450831
 0.00840598 0.0135277 0.0201255 0.0280699 0.0370758 0.0465898 0.0557379 0.0635039 0.0690805 0.0721182 0.0727055 0.0711737 0.0679238 0.0633511 0.0578268 0.0516874 0.0452249 0.0386849 0.0322701 0.0261488 0.0204677 0.0153631 0.0109618 0.00736361 0.00461163
 0.00837325 0.0134827 0.0200709 0.0280076 0.036999 0.0464735 0.0555367 0.0631634 0.0685618 0.0714264 0.0719051 0.0703818 0.0672802 0.0629783 0.0577941 0.0519928 0.0458007 0.039421 0.033047 0.0268664 0.0210628 0.015812 0.0112723 0.00756174 0.00472861
 0.00822428 0.0132619 0.0197787 0.0276599 0.0366232 0.046102 0.0551976 0.0628721 0.0683141 0.0711976 0.0716616 0.0701029 0.0669814 0.0627175 0.057655 0.0520513 0.0460908 0.0399194 0.0336806 0.027539 0.0216854 0.0163253 0.0116536 0.00781864 0.00488624
 0.00815137 0.0131396 0.0195889 0.0273864 0.0362591 0.0456589 0.0547118 0.062401 0.0679186 0.0709197 0.0715083 0.070047 0.0669785 0.0627331 0.057685 0.0521255 0.0462563 0.040211 0.0340975 0.0280398 0.0222038 0.0167957 0.0120318 0.00809017 0.00506116
 0.00824943 0.0132687 0.0197265 0.0274914 0.0362816 0.0455567 0.0544665 0.0620258 0.0674566 0.0704334 0.0710639 0.0696971 0.0667481 0.0626167 0.0576587 0.0521662 0.0463571 0.040381 0.0343471 0.0283629 0.0225704 0.0171599 0.0123499 0.0083355 0.00522885
 0.00835294 0.0134351 0.0199712 0.0278218 0.036688 0.0460034 0.0548877 0.0623355 0.0675749 0.0703172 0.0707259 0.0692008 0.0661836 0.06207 0.0571895 0.0518028 0.0461045 0.0402351 0.0343025 0.0284112 0.0226936 0.0173281 0.0125273 0.00849141 0.00534639
 0.00825389 0.0132998 0.0198157 0.0276782 0.0365973 0.0460013 0.0549909 0.0625327 0.067826 0.0705608 0.0708959 0.0692479 0.066094 0.0618705 0.0569356 0.051556 0.0459129 0.0401243 0.0342781 0.028465 0.0228079 0.0174784 0.0126859 0.00863385 0.00545722
 0.00825112 0.0132872 0.0197832 0.0276152 0.0365001 0.0458823 0.0548829 0.0624821 0.0678731 0.0707183 0.0711361 0.0695095 0.0663039 0.0619722 0.0569092 0.0514226 0.0457214 0.039931 0.0341278 0.0283811 0.0227927 0.0175179 0.0127574 0.00871382 0.00552791
 0.00828402 0.0133345 0.0198425 0.0276785 0.0365546 0.0459127 0.054876 0.0624333 0.067793 0.0706343 0.0710839 0.0695159 0.0663707 0.0620712 0.0569948 0.0514547 0.0456846 0.0398394 0.034015 0.0282834 0.0227338 0.0175038 0.012779 0.00875451 0.00557155
 0.0083135 0.0133904 0.0199406 0.0278365 0.036785 0.0462133 0.0552222 0.0627791 0.0680831 0.0708225 0.0711487 0.0694664 0.0662387 0.0618949 0.0568018 0.051254 0.0454723 0.0396119 0.0337802 0.0280608 0.0225466 0.0173674 0.0126957 0.00871456 0.00555975
 0.00827143 0.0133253 0.0198497 0.027722 0.0366568 0.0460904 0.0551321 0.0627507 0.0681354 0.0709531 0.0713317 0.0696616 0.0664087 0.0620184 0.0568763 0.0512883 0.0454761 0.0395907 0.0337375 0.0280032 0.0224855 0.0173157 0.0126617 0.0086994 0.00555845
 0.00831974 0.0133973 0.0199455 0.0278373 0.036783 0.0462176 0.0552506 0.0628545 0.0682232 0.0710285 0.0713996 0.0697224 0.066454 0.0620335 0.0568476 0.0512111 0.0453564 0.0394422 0.0335756 0.0278423 0.0223382 0.0171922 0.0125684 0.00863706 0.00552237
 0.00822035 0.0132508 0.0197532 0.0276101 0.0365387 0.0459754 0.055028 0.0626662 0.0680832 0.0709504 0.0713958 0.0698 0.0666113 0.0622556 0.057108 0.0514769 0.0455975 0.0396387 0.0337202 0.0279387 0.0223963 0.017224 0.012585 0.00864644 0.00552901
 0.00824559 0.0132865 0.0197973 0.0276582 0.0365862 0.0460203 0.0550721 0.062713 0.0681332 0.0709984 0.0714316 0.0698146 0.0666023 0.0622295 0.0570753 0.0514457 0.0455689 0.0396077 0.0336809 0.0278886 0.0223384 0.0171654 0.0125329 0.00860602 0.00550159
 0.00825548 0.0132977 0.0198052 0.027655 0.0365634 0.0459715 0.0549965 0.0626174 0.0680317 0.0709089 0.0713708 0.0697923 0.0666188 0.0622771 0.0571428 0.0515228 0.0456476 0.0396813 0.0337428 0.0279338 0.022365 0.0171755 0.012532 0.00859991 0.00549492
 0.00822872 0.0132604 0.0197601 0.027608 0.0365203 0.0459347 0.0549628 0.0625792 0.0679818 0.070846 0.0713021 0.0697323 0.0665832 0.0622765 0.0571795 0.0515904 0.0457346 0.0397749 0.0338319 0.0280098 0.0224231 0.0172147 0.0125548 0.00861099 0.0054991
 0.00786162 0.0126788 0.0189157 0.0264725 0.0350988 0.0442818 0.053195 0.0608691 0.0665251 0.0698138 0.0708007 0.0697878 0.0671506 0.0632608 0.0584586 0.0530359 0.0472272 0.0412144 0.035143 0.0291428 0.0233523 0.0179357 0.0130812 0.00897023 0.00572656
 0.00792319 0.0127348 0.0189179 0.026347 0.0347629 0.0436728 0.0522981 0.0597317 0.0652516 0.0685462 0.0696928 0.0689768 0.0667314 0.0632697 0.0588706 0.0537758 0.0481894 0.0422844 0.0362149 0.030132 0.0242013 0.0186153 0.013588 0.00932089 0.00595053
 0.00788501 0.0126783 0.0188403 0.0262423 0.0346133 0.0434414 0.0519295 0.0591671 0.0644584 0.0675474 0.0685799 0.0678959 0.065847 0.0627215 0.0587405 0.0540727 0.0488544 0.0432101 0.0372723 0.0311961 0.0251712 0.0194257 0.0142112 0.00976173 0.00623662
 0.00788762 0.0126956 0.0188902 0.0263482 0.0347961 0.0437063 0.052252 0.0594868 0.0646848 0.06758 0.0683397 0.0673588 0.0650657 0.0618213 0.0578867 0.0534218 0.0485091 0.0431965 0.0375435 0.0316571 0.0257118 0.0199497 0.014654 0.010095 0.00646189
 0.00775256 0.012497 0.0186313 0.0260483 0.0344892 0.043435 0.0520604 0.0594105 0.0647369 0.0677387 0.0685437 0.067521 0.0651028 0.0616908 0.057611 0.0530858 0.0482298 0.043077 0.0376351 0.0319454 0.0261305 0.0204106 0.0150789 0.0104353 0.00670264
 0.00762372 0.0122967 0.0183479 0.0256799 0.0340468 0.0429463 0.0515722 0.0589846 0.064438 0.0676148 0.068608 0.0677429 0.0654138 0.0620041 0.0578521 0.0532221 0.0482835 0.0431136 0.0377294 0.0321446 0.0264337 0.0207749 0.0154431 0.0107474 0.00693568
 0.00742113 0.0119765 0.0178839 0.0250558 0.0332619 0.0420228 0.0505629 0.0579745 0.0635337 0.0669238 0.0682153 0.0676919 0.0656956 0.0625581 0.0585799 0.054015 0.0490547 0.0438196 0.0383708 0.0327446 0.0270094 0.02132 0.0159307 0.0111469 0.0072305
 0.00719292 0.0116458 0.01746 0.0245707 0.0327579 0.0415341 0.0501034 0.0575396 0.0631151 0.0665263 0.0678669 0.0674406 0.0655944 0.0626444 0.0588585 0.0544529 0.0495916 0.0443909 0.0389288 0.0332674 0.0274929 0.0217617 0.0163204 0.011469 0.00747372
 0.00685084 0.0111275 0.0167524 0.0236919 0.0317574 0.0404885 0.0491084 0.0566952 0.062501 0.0661783 0.06777 0.0675469 0.0658539 0.063028 0.0593591 0.0550689 0.050308 0.0451716 0.0397247 0.0340304 0.0281871 0.0223648 0.0168198 0.0118589 0.00775642
#obs surv len freq
 nan nan nan nan nan nan nan nan nan nan nan nan nan nan nan nan nan nan nan nan nan nan nan nan nan
 0.00448484 0.00734623 0.0111762 0.0159924 0.0216929 0.0279681 0.0342818 0.0400127 0.0446921 0.0481559 0.0505138 0.0520098 0.0529022 0.0534148 0.0537292 0.0539842 0.0542629 0.0545557 0.0546945 0.0542864 0.0527244 0.0493566 0.0438063 0.0362863 0.0276699
 0.00461061 0.00755374 0.0114938 0.0164473 0.0223044 0.0287371 0.0351808 0.040983 0.0456522 0.0490184 0.0512016 0.0524679 0.0531027 0.0533569 0.0534349 0.0534904 0.0536128 0.0537919 0.0538558 0.0534095 0.051848 0.0485234 0.0430608 0.0356662 0.027196
 0.0047776 0.00782396 0.0118983 0.0170147 0.023056 0.029679 0.0362941 0.0422184 0.0469328 0.0502498 0.0522857 0.0533147 0.053642 0.0535462 0.0532638 0.0529792 0.0528053 0.0527464 0.0526378 0.0520884 0.0504978 0.0472234 0.0418895 0.0346882 0.0264471
 0.00497111 0.00814231 0.0123842 0.0177096 0.0239912 0.0308623 0.0376964 0.0437704 0.048536 0.0517957 0.0536715 0.0544502 0.0544505 0.0539669 0.0532564 0.0525301 0.0519318 0.0514962 0.0510851 0.0503297 0.048648 0.0454092 0.0402365 0.0332991 0.0253796
 0.00516945 0.00846926 0.0128849 0.0184296 0.0249685 0.0321136 0.0392028 0.0454704 0.0503324 0.0535719 0.0553096 0.0558434 0.0555089 0.0546188 0.0534487 0.0522291 0.0511279 0.0502109 0.0493778 0.0483019 0.046441 0.043193 0.0381851 0.0315578 0.0240331
 0.00539873 0.00884184 0.0134456 0.0192208 0.0260233 0.0334442 0.0407881 0.0472505 0.0522147 0.0554467 0.0570645 0.0573729 0.0567185 0.0554278 0.0537911 0.0520559 0.05041 0.0489467 0.0476057 0.0461131 0.0439854 0.0406687 0.0358083 0.0295158 0.0224412
 0.00565201 0.00925603 0.0140733 0.0201119 0.0272148 0.0349449 0.0425628 0.0492165 0.0542554 0.0574358 0.0588868 0.0589326 0.0579384 0.0562427 0.0541444 0.0518978 0.0497013 0.0476682 0.045775 0.0438047 0.0413446 0.0379071 0.0331703 0.0272237 0.0206389
 0.00589811 0.00966219 0.0146958 0.0210072 0.028428 0.0364922 0.0444136 0.0512862 0.056418 0.0595484 0.0608144 0.0605637 0.0591895 0.0570554 0.0544771 0.0517171 0.0489775 0.0463811 0.0439308 0.0414614 0.0386348 0.0350399 0.0304008 0.0247938 0.018713
 0.00614042 0.0100589 0.0152983 0.021866 0.0295841 0.0379628 0.0461763 0.0532718 0.0585175 0.0616313 0.0627484 0.0622291 0.0604879 0.0579137 0.0548464 0.0515662 0.0482856 0.0451365 0.0421418 0.0391794 0.0359799 0.0322093 0.0276444 0.0223564 0.0167676
 0.00639279 0.0104711 0.0159222 0.0227508 0.030767 0.0394535 0.0479422 0.0552336 0.0605607 0.0636288 0.0645801 0.0637923 0.0616989 0.0587072 0.0551734 0.0513925 0.0475898 0.0439094 0.0403951 0.0369637 0.0334075 0.0294647 0.0249645 0.0199775 0.0148606
 0.00661305 0.0108356 0.0164826 0.0235591 0.0318645 0.0408549 0.0496181 0.0571052 0.0625122 0.0655303 0.0663107 0.0652522 0.0628131 0.0594222 0.0554524 0.0512095 0.0469265 0.0427572 0.0387637 0.0348995 0.0310135 0.0269098 0.0224661 0.0177544 0.0130735
 0.00685373 0.0112266 0.0170707 0.0243876 0.0329658 0.0422367 0.0512503 0.0589134 0.0643865 0.067345 0.0679443 0.0666029 0.0638053 0.060008 0.055607 0.0509238 0.0461988 0.0415915 0.0371765 0.0329358 0.0287666 0.0245313 0.020151 0.0156989 0.011422
 0.00709202 0.0116192 0.0176705 0.0252455 0.0341186 0.0436889 0.0529572 0.0607779 0.0662759 0.0691199 0.0694835 0.0678157 0.0646324 0.0604175 0.0555885 0.0504826 0.0453492 0.0403535 0.0355789 0.0310285 0.0266374 0.0223147 0.0180171 0.0138178 0.00991712
 0.00728198 0.0119353 0.0181598 0.0259564 0.0350912 0.0449392 0.0544598 0.0624598 0.0680243 0.0708029 0.0709734 0.0690061 0.0654489 0.0608198 0.0555669 0.0500492 0.0445289 0.0391783 0.0340886 0.0292792 0.0247137 0.0203367 0.016131 0.0121665 0.00860229
 0.00742776 0.0121741 0.018523 0.0264759 0.0357941 0.0458404 0.0555522 0.0637077 0.0693651 0.0721541 0.0722425 0.0701002 0.0662846 0.0613322 0.0557167 0.0498233 0.0439376 0.0382491 0.0328637 0.0278178 0.0230982 0.0186758 0.0145507 0.0107867 0.00750638
 0.00753282 0.0123417 0.0187699 0.0268164 0.0362395 0.0463967 0.0562169 0.0644679 0.0701976 0.0730272 0.0731167 0.0709275 0.0670083 0.0618909 0.0560508 0.0498852 0.0436993 0.0377066 0.0320383 0.026757 0.0218758 0.0173897 0.0133116 0.00969748 0.00663817
 0.00760585 0.0124568 0.0189363 0.0270406 0.0365246 0.0467414 0.0566152 0.0649091 0.0706693 0.0735188 0.0736195 0.0714315 0.0674958 0.0623314 0.0564009 0.0500931 0.0437151 0.0374944 0.0315863 0.0260844 0.0210348 0.0164604 0.0123893 0.00887217 0.00597318
 0.00763599 0.012504 0.019004 0.0271312 0.0366395 0.0468811 0.0567793 0.0650968 0.0708801 0.0737532 0.0738795 0.0717186 0.0678079 0.0626575 0.0567174 0.0503627 0.0438909 0.0375286 0.0314439 0.0257555 0.0205427 0.0158603 0.011757 0.0082845 0.00548807
 0.00774109 0.0126594 0.0192092 0.0273754 0.0369045 0.0471467 0.0570271 0.0653126 0.0710548 0.0738841 0.0739708 0.0717813 0.0678562 0.0627048 0.0567697 0.0504138 0.0439201 0.0375037 0.0313302 0.0255292 0.0202032 0.0154353 0.0112972 0.00784782 0.00512169
 0.00776515 0.0127023 0.01928 0.0274829 0.0370533 0.0473312 0.0572291 0.0655041 0.0712081 0.0739828 0.0740161 0.0717889 0.0678484 0.0627011 0.0567816 0.0504424 0.0439547 0.0375229 0.0313063 0.0254368 0.02003 0.0151905 0.0110104 0.00756025 0.00487087
 0.0078303 0.0127988 0.0194082 0.0276379 0.0372272 0.0475168 0.0574208 0.0656957 0.0713887 0.0741356 0.0741215 0.0718324 0.0678279 0.0626287 0.0566792 0.0503322 0.0438507 0.0374266 0.0312069 0.0253175 0.0198771 0.015002 0.0107995 0.00735061 0.0046872
 0.00784552 0.0128245 0.0194481 0.0276951 0.0373026 0.0476071 0.057518 0.0657892 0.07147 0.0742017 0.0741746 0.0718753 0.0678598 0.0626457 0.0566773 0.050312 0.0438169 0.0373841 0.0311561 0.025253 0.0197917 0.0148927 0.0106721 0.00721901 0.00456795
 0.00787469 0.0128672 0.0195036 0.0277603 0.037373 0.0476789 0.0575889 0.065858 0.0715345 0.074258 0.074218 0.0719029 0.0678711 0.0626424 0.0566615 0.0502848 0.0437794 0.0373373 0.031101 0.0251892 0.0197176 0.0148077 0.0105794 0.00712618 0.00448464
 0.00787203 0.0128624 0.0194957 0.0277478 0.0373543 0.047653 0.0575562 0.0658213 0.0714996 0.0742328 0.0742106 0.0719181 0.0679091 0.062698 0.0567265 0.0503503 0.0438375 0.0373824 0.0311295 0.025199 0.0197083 0.0147806 0.0105386 0.00707849 0.00443786
 0.00787207 0.0128555 0.0194726 0.0276963 0.0372634 0.0475186 0.0573859 0.0656345 0.0713225 0.0740907 0.0741221 0.0718927 0.0679468 0.0627911 0.0568613 0.0505094 0.0440029 0.0375381 0.0312635 0.0253039 0.0197809 0.0148222 0.0105539 0.00707505 0.00442424
 0.0078855 0.0128749 0.0194968 0.0277213 0.0372819 0.0475199 0.0573579 0.0655671 0.0712129 0.0739479 0.0739668 0.0717517 0.0678452 0.0627446 0.0568735 0.0505728 0.0441024 0.0376554 0.0313808 0.0254074 0.0198616 0.0148769 0.0105844 0.00708656 0.00442375
 0.00789429 0.0128873 0.0195119 0.027737 0.0372949 0.0475266 0.0573542 0.0655485 0.0711747 0.0738864 0.0738819 0.07165 0.0677404 0.0626554 0.0568173 0.0505603 0.0441343 0.0377227 0.0314685 0.0254989 0.0199433 0.0149403 0.0106268 0.00711031 0.00443386
 0.00788563 0.0128748 0.019496 0.027719 0.0372763 0.0475084 0.0573362 0.0655295 0.0711529 0.07386 0.0738494 0.0716106 0.0676954 0.0626092 0.0567782 0.0505385 0.0441383 0.0377555 0.0315259 0.0255705 0.0200165 0.0150042 0.0106752 0.00714205 0.00445158
 0.00789883 0.012889 0.0195043 0.027711 0.037242 0.0474431 0.0572444 0.0654246 0.0710521 0.0737783 0.0737945 0.0715828 0.0676896 0.0626187 0.0567977 0.0505663 0.0441758 0.0378053 0.0315884 0.0256423 0.0200906 0.0150721 0.0107303 0.00718153 0.00447641
 0.00784864 0.0128155 0.0194084 0.0275979 0.0371185 0.0473142 0.057112 0.0652893 0.070918 0.0736558 0.0737 0.0715326 0.0676935 0.0626759 0.056898 0.0506946 0.0443178 0.0379504 0.0317299 0.0257756 0.020211 0.0151749 0.0108118 0.00724056 0.00451509
 0.00782331 0.0127653 0.019317 0.0274467 0.0368942 0.0470182 0.0567673 0.0649376 0.0706072 0.0734239 0.0735662 0.0714982 0.0677491 0.0628079 0.057091 0.0509309 0.0445778 0.0382148 0.0319823 0.0260038 0.0204073 0.015335 0.0109346 0.00732809 0.00457244
 0.00781362 0.0127493 0.0192918 0.0274075 0.0368331 0.046924 0.0566277 0.0647452 0.070367 0.0731582 0.0733113 0.0712943 0.0676268 0.0627806 0.0571545 0.0510692 0.0447691 0.0384359 0.0322114 0.0262225 0.0206016 0.0154964 0.0110595 0.00741781 0.00463171
 0.00777691 0.0126916 0.0192086 0.0272966 0.0366948 0.0467619 0.0564489 0.0645588 0.0701816 0.0729807 0.0731482 0.0711555 0.067528 0.06274 0.0571863 0.051177 0.0449436 0.0386576 0.0324561 0.0264662 0.0208243 0.0156845 0.0112065 0.00752384 0.0047019
 0.00774008 0.0126299 0.0191126 0.0271573 0.0365065 0.0465263 0.0561788 0.0642775 0.069918 0.0727609 0.0729891 0.071063 0.0675001 0.0627721 0.0572753 0.0513211 0.0451391 0.0388952 0.0327193 0.0267335 0.0210743 0.0158998 0.0113773 0.00764816 0.00478471
 0.00771025 0.0125788 0.0190311 0.0270352 0.0363348 0.0463015 0.0559062 0.0639737 0.069609 0.0724775 0.0727612 0.0709133 0.0674401 0.0628014 0.0573842 0.0514956 0.0453644 0.0391567 0.0330012 0.027018 0.021342 0.0161335 0.0115653 0.00778688 0.00487811
 0.0076849 0.0125395 0.0189752 0.0269606 0.0362397 0.0461833 0.0557623 0.063803 0.0694143 0.0722685 0.0725542 0.07073 0.0673033 0.0627297 0.0573875 0.0515734 0.0455076 0.0393505 0.0332277 0.0272581 0.0215762 0.0163442 0.0117395 0.00791852 0.0049686
 0.00766336 0.0125036 0.0189198 0.0268808 0.0361325 0.0460497 0.0556084 0.0636393 0.0692524 0.0721173 0.0724191 0.0706144 0.0672125 0.0626723 0.0573744 0.0516137 0.0456046 0.0394993 0.0334162 0.0274685 0.0217888 0.0165404 0.0119051 0.008046 0.00505765
 0.00763956 0.0124665 0.0188668 0.0268104 0.0360441 0.0459437 0.0554868 0.0635065 0.0691158 0.0719861 0.0723026 0.0705202 0.0671452 0.0626345 0.0573684 0.0516429 0.0456727 0.0396076 0.0335606 0.0276383 0.0219684 0.0167124 0.0120546 0.00816373 0.0051415
 0.00760598 0.0124147 0.0187941 0.0267164 0.0359309 0.0458158 0.0553511 0.0633718 0.0689913 0.0718794 0.0722188 0.0704619 0.0671136 0.06263 0.057391 0.0516929 0.0457502 0.0397126 0.0336909 0.0277881 0.0221272 0.0168666 0.0121909 0.00827311 0.00522069
 0.00759689 0.0123984 0.0187669 0.0266742 0.0358702 0.0457359 0.0552555 0.0632678 0.0688883 0.0717863 0.0721416 0.0704037 0.0670751 0.062611 0.0573919 0.0517142 0.0457932 0.0397781 0.0337782 0.0278938 0.0222442 0.0169848 0.0122994 0.00836291 0.00528754
 0.0075736 0.0123628 0.0187173 0.0266103 0.0357929 0.0456466 0.0551565 0.0631629 0.0687834 0.0716892 0.072061 0.0703469 0.0670464 0.0626113 0.0574186 0.0517637 0.0458618 0.039863 0.033877 0.028003 0.0223585 0.0170967 0.0124005 0.00844636 0.00534986
 0.00757258 0.0123608 0.0187136 0.026604 0.0357832 0.0456327 0.0551377 0.0631386 0.0687527 0.0716509 0.0720147 0.0702942 0.0669917 0.0625611 0.0573798 0.0517417 0.0458595 0.039881 0.033914 0.0280563 0.0224233 0.0171667 0.0124683 0.0085053 0.00539575
 0.00756285 0.012347 0.0186967 0.026586 0.0357664 0.045619 0.0551274 0.0631307 0.0687449 0.071641 0.0720009 0.0702753 0.0669674 0.062533 0.0573514 0.051718 0.0458458 0.0398813 0.0339303 0.0280879 0.022467 0.0172172 0.0125194 0.00855108 0.00543225
 0.00754588 0.0123207 0.0186597 0.0265383 0.0357099 0.0455576 0.0550673 0.0630791 0.0687085 0.0716233 0.0720011 0.0702889 0.0669886 0.0625561 0.0573731 0.0517375 0.045865 0.0399034 0.0339584 0.0281236 0.0225096 0.0172636 0.012565 0.00859151 0.00546433
 0.00752388 0.0122864 0.0186109 0.0264741 0.0356312 0.0454676 0.054972 0.0629872 0.06863 0.0715676 0.0719745 0.070293 0.0670199 0.0626077 0.0574363 0.0518046 0.0459306 0.0399655 0.0340172 0.0281802 0.0225646 0.0173159 0.0126125 0.00863151 0.00549514
 0.00751167 0.012263 0.0185692 0.0264061 0.0355301 0.0453322 0.0548096 0.0628138 0.0684667 0.0714348 0.0718873 0.070259 0.0670391 0.0626735 0.0575376 0.051928 0.046063 0.0400961 0.0341391 0.0282897 0.0226601 0.017397 0.0126787 0.00868273 0.00553208
 0.0075049 0.0122552 0.0185629 0.0264044 0.0355346 0.04534 0.0548118 0.0627983 0.0684234 0.0713617 0.0717928 0.0701597 0.0669537 0.0626168 0.0575168 0.0519423 0.0461059 0.0401577 0.0342093 0.0283605 0.022726 0.0174548 0.0127267 0.00872031 0.00555945
 0.00750487 0.012253 0.018556 0.0263898 0.0355104 0.0453072 0.0547753 0.0627642 0.068396 0.0713398 0.0717704 0.0701304 0.066916 0.0625763 0.0574841 0.0519279 0.0461154 0.0401906 0.0342597 0.02842 0.0227867 0.0175104 0.0127735 0.00875666 0.00558553
 0.00748222 0.0122201 0.0185138 0.0263411 0.0354592 0.0452564 0.0547262 0.0627174 0.0683529 0.0713035 0.0717449 0.070118 0.0669154 0.0625841 0.0574975 0.0519471 0.0461432 0.0402302 0.0343115 0.0284806 0.0228501 0.0175701 0.0128245 0.00879636 0.00561373
 0.00748222 0.0122201 0.0185138 0.0263411 0.0354592 0.0452564 0.0547262 0.0627174 0.0683529 0.0713035 0.0717449 0.070118 0.0669154 0.0625841 0.0574975 0.0519471 0.0461432 0.0402302 0.0343115 0.0284806 0.0228501 0.0175701 0.0128245 0.00879636 0.00561373
 0.00710821 0.0116226 0.0176371 0.0251489 0.0339511 0.0434896 0.0528313 0.0608909 0.0668171 0.0702493 0.0712841 0.0702662 0.0676053 0.0636929 0.0588791 0.0534589 0.0476652 0.0416725 0.0356143 0.0296081 0.0237841 0.018307 0.0133739 0.00918001 0.00586233
 0.00708464 0.0115436 0.0174427 0.0247576 0.0332793 0.0424843 0.0515017 0.059323 0.0651634 0.0686998 0.0700295 0.0694619 0.0673415 0.0639797 0.0596495 0.0545904 0.0490101 0.0430875 0.0369808 0.0308405 0.0248304 0.0191442 0.0140032 0.00962146 0.00614918
 0.00706425 0.0115186 0.0174167 0.0247302 0.033234 0.0423766 0.0512566 0.0588533 0.0644081 0.0676645 0.0688079 0.068222 0.0662819 0.0632754 0.0594071 0.0548273 0.0496601 0.0440271 0.0380639 0.0319313 0.0258239 0.0199752 0.014645 0.0100793 0.0064497
 0.00707813 0.011544 0.0174605 0.0248008 0.0333392 0.0425178 0.0514205 0.0590029 0.0644784 0.0675717 0.0684761 0.0676211 0.0654588 0.0623566 0.0585665 0.0542308 0.0494129 0.0441471 0.0384877 0.0325448 0.0265018 0.0206128 0.0151754 0.0104759 0.00671799
 0.00696774 0.0113807 0.0172453 0.0245464 0.0330681 0.042258 0.0512011 0.0588488 0.0644027 0.0675661 0.0685037 0.067621 0.0653674 0.0621397 0.0582473 0.0538927 0.0491719 0.044104 0.0386866 0.0329583 0.0270474 0.0211884 0.0156941 0.010886 0.00700632
 0.00694734 0.0113389 0.0171672 0.0244151 0.0328717 0.0419993 0.0509041 0.0585566 0.0641644 0.0674191 0.0684592 0.0676592 0.0654424 0.0621952 0.0582383 0.0538094 0.0490506 0.0440163 0.0387071 0.033128 0.0273546 0.0215765 0.0160894 0.0112276 0.00726246
 0.00684595 0.0111833 0.0169496 0.0241335 0.0325284 0.0416001 0.0504603 0.0580896 0.0637095 0.0670247 0.0681771 0.0675293 0.0654771 0.0623716 0.0585055 0.054108 0.0493386 0.0442852 0.0389794 0.0334363 0.0277149 0.0219733 0.0164819 0.0115706 0.00752631
 0.00685731 0.0111946 0.0169537 0.0241192 0.0324838 0.0415164 0.0503349 0.0579255 0.0635129 0.0668028 0.0679415 0.0672996 0.0652813 0.0622389 0.0584534 0.054134 0.0494232 0.0444055 0.0391237 0.0336077 0.0279209 0.0222114 0.0167332 0.0118055 0.0077189
 0.00685444 0.0111991 0.0169765 0.0241741 0.0325812 0.0416547 0.0504953 0.0580739 0.0636109 0.0668209 0.067868 0.0671418 0.0650621 0.061991 0.0582127 0.053932 0.0492795 0.0443256 0.0391033 0.03364 0.0279999 0.0223293 0.0168753 0.0119511 0.00784732
#pred catch len freq
 0.00410105 0.00650291 0.00951441 0.0130775 0.0171637 0.0217533 0.0267663 0.0320266 0.0372903 0.0423035 0.0468417 0.0507349 0.0538855 0.0562741 0.0579452 0.058984 0.0594971 0.059582 0.0592607 0.0583743 0.0565085 0.0530661 0.0475538 0.0399705 0.0310221
 0.00433619 0.00680488 0.00982394 0.0132989 0.0172024 0.0215686 0.0264064 0.0316148 0.0369662 0.0421529 0.0468611 0.0508488 0.0540014 0.0563386 0.0579713 0.0590395 0.0596603 0.0598876 0.0596632 0.0587525 0.0567147 0.0529981 0.0472069 0.0394375 0.0304435
 0.00452255 0.0071113 0.0102853 0.0139336 0.0179899 0.0224273 0.0271914 0.0321571 0.0371456 0.0419631 0.0464163 0.0503199 0.0535268 0.0559719 0.0576953 0.0588193 0.0594854 0.0597719 0.0596091 0.0587186 0.0566181 0.0527568 0.0467922 0.0388965 0.0298747
 0.00471173 0.00740915 0.0107182 0.0145262 0.0187674 0.0234111 0.0283813 0.0335011 0.038516 0.0431651 0.0472439 0.0506384 0.0533319 0.055382 0.0568831 0.0579347 0.0586177 0.0589562 0.0588476 0.0579911 0.0558886 0.05199 0.0459812 0.0380804 0.029126
 0.00490859 0.00771923 0.0111674 0.015135 0.0195518 0.0243832 0.0295462 0.0348501 0.040015 0.0447382 0.048759 0.0519128 0.0541712 0.0556469 0.0565454 0.057085 0.0574192 0.0575762 0.0574089 0.05656 0.0544904 0.0506378 0.0447014 0.036922 0.028149
 0.00514941 0.00809362 0.0117001 0.0158408 0.0204379 0.025451 0.03079 0.0362522 0.0415413 0.0463357 0.0503517 0.0533952 0.0554058 0.0564759 0.0568259 0.056737 0.0564598 0.0561163 0.0556122 0.0545923 0.0524887 0.0487079 0.0429316 0.0353909 0.0269167
 0.00544928 0.00856083 0.0123663 0.0167245 0.021545 0.0267754 0.0323102 0.0379267 0.0433083 0.0481182 0.0520641 0.0549474 0.0567018 0.0574109 0.0572874 0.0566203 0.0556984 0.0547148 0.053661 0.0522534 0.0499624 0.0461976 0.0406184 0.0334152 0.0253623
 0.00575268 0.00903714 0.0130527 0.0176475 0.0227198 0.0282042 0.0339756 0.0397838 0.0452827 0.0501111 0.0539637 0.0566414 0.0580873 0.0583975 0.0577944 0.056572 0.0550296 0.0533915 0.0517106 0.0497866 0.0471713 0.0433274 0.0379201 0.0310954 0.0235437
 0.00601969 0.00945856 0.0136649 0.0184799 0.0237953 0.0295373 0.0355649 0.0416025 0.0472714 0.0521775 0.0559894 0.0584945 0.0596387 0.0595349 0.0584284 0.0566339 0.0544672 0.0521734 0.0498458 0.0473526 0.0443339 0.0403313 0.0350451 0.0285907 0.0215684
 0.00627869 0.00986639 0.0142552 0.0192786 0.0248205 0.030798 0.0370559 0.0432977 0.0491201 0.0541055 0.0579021 0.0602823 0.0611843 0.0607234 0.0591568 0.0568175 0.0540426 0.0511026 0.0481287 0.0450505 0.0415917 0.0373797 0.0321656 0.0260493 0.0195461
 0.00662519 0.010405 0.0150212 0.0202916 0.0260868 0.0323116 0.0387946 0.0452157 0.0511443 0.0561387 0.0598332 0.0619981 0.0625806 0.0617115 0.0596647 0.0567872 0.0534279 0.0498735 0.0462852 0.0426468 0.0387609 0.0343408 0.0291951 0.0234172 0.0174428
 0.0069302 0.0108796 0.0156968 0.0211868 0.0272087 0.0336574 0.0403482 0.0469415 0.0529824 0.0580066 0.0616313 0.0636191 0.0639198 0.0626771 0.0601832 0.0568032 0.0529014 0.0487792 0.0446226 0.0404613 0.0361687 0.0315383 0.0264363 0.0209562 0.0154643
 0.00723658 0.0113544 0.016369 0.0220701 0.0283034 0.0349525 0.041819 0.0485456 0.0546587 0.0596788 0.0632148 0.0650271 0.0650695 0.0634939 0.0606043 0.0567787 0.0523939 0.0477656 0.0431024 0.0384739 0.0338152 0.0289919 0.0239237 0.0187074 0.0136497
