SBPRF35
7.78865
Curr Bio
583690
B35
648233
F35
0.22209
FOFL
0.199386
OFL
89092
Bzero
2.22533e+006
#pred survey bio
 3.74652e+006 3.26647e+006 2.91147e+006 2.57828e+006 2.26977e+006 1.99834e+006 1.75068e+006 1.5325e+006 1.31341e+006 1.15241e+006 1.02966e+006 917224 846263 783138 726548 701222 670604 655124 634612 617884 599978 587130 584596 579907 588105 583113 585400 583483 576315 562280 550187 538736 529241 518467 521279 528333 532024 544273 547062 567434 575364 574303 576878 576140 582454 575632 572131 537557 528613 529110 519707 517485 525966 518792 511526 523519 554023 594797 597297 592630 585626 2.05446e+007 1.2963e+007 1.36457e+007 1.43691e+007 1.50543e+007 1.56477e+007 1.61318e+007 1.65107e+007 1.67993e+007 1.7015e+007 1.71745e+007 1.72918e+007 1.7378e+007 1.74413e+007 1.74881e+007 1.75227e+007 1.75485e+007 1.75678e+007 1.75823e+007 1.75933e+007 1.76016e+007 1.76079e+007 1.76127e+007 1.76164e+007 1.76192e+007 1.76214e+007 1.76231e+007 1.76244e+007 1.76253e+007 1.76261e+007 1.76267e+007 1.76271e+007 1.76275e+007 1.76278e+007 1.7628e+007 1.76281e+007 1.76283e+007 1.76284e+007 1.76284e+007 1.76285e+007 1.76285e+007 1.76286e+007 1.76286e+007 1.76286e+007 1.76286e+007 1.76287e+007 1.76287e+007 1.76287e+007 1.76287e+007 1.76287e+007 1.76287e+007 1.76287e+007 1.76287e+007 1.76287e+007 1.76287e+007 1.76287e+007 1.76287e+007 1.76287e+007 1.76287e+007 1.76287e+007 1.76287e+007 1.76287e+007 1.76287e+007 1.76287e+007 1.76287e+007 1.76287e+007 1.76287e+007 1.76287e+007 1.76287e+007 1.76287e+007 1.76287e+007 1.76287e+007 1.76287e+007 1.76287e+007 1.76287e+007 1.76287e+007 1.76287e+007 1.76287e+007 1.76287e+007 1.76287e+007 1.76287e+007 1.76287e+007 1.76287e+007 1.76287e+007 1.76287e+007 1.76287e+007 1.76287e+007 1.76287e+007 1.76287e+007 1.76287e+007 1.76287e+007 1.76287e+007 1.76287e+007 1.76287e+007 1.76287e+007 1.76287e+007 1.76287e+007 1.76287e+007 1.76287e+007 1.76287e+007 0 0 0 0 0 0 0 0 0 0 0 0 0 0 0 0 0 0 0 0 0 0 0 0 0
#obs survey bio
 4.12599e+006 1.65374e+006 3.24582e+006 2.68192e+006 1.87086e+006 1.49696e+006 1.16497e+006 1.10088e+006 1.05824e+006 997523 793064 779191 944480 712108 628760 701790 609314 800474 469250 667550 671658 610352 483847 464999 618018 365218 616055 602474 592752 421892 541028 675118 663363 332973 581574 488084 569577 534117 578244 747327 605734 688101 587724 406322 554246 791789 488828 585404 512566 635734 401299 587048 497276 433388 541577 424574 567747 704540 614646 550722 560407
#pred catch bio
 350073 272984 288342 297620 291677 292878 284017 297119 253945 226298 221159 187004 179672 171357 141923 143335 127277 128353 121779 119173 111553 101062 102512 92303.6 103605 96143.4 97246.3 98347 100303 94563.5 90348.8 87627.4 91791 84733.5 84100.4 88304.7 82325.2 91576.7 78432 90403.2 97729.6 93567.8 95785.1 90384.2 101249 97036.6 121548 98808.4 91234.9 99464.2 93274.2 84852.9 98368 99158.7 85461.1 73318.5 67507.2 100703 108539 115705 114523 89092 102804 107481 112391 117101 121107 124255 126601 128281 129450 130244 130774 131123 131350 131496 131590 131649 131687 131711 131726 131735 131741 131745 131747 131749 131750 131750 131751 131751 131751 131751 131751 131751 131751 131751 131751 131751 131751 131751 131751 131751 131751 131751 131751 131751 131751 131751 131751 131751 131751 131751 131751 131751 131751 131751 131751 131751 131751 131751 131751 131751 131751 131751 131751 131751 131751 131751 131751 131751 131751 131751 131751 131751 131751 131751 131751 131751 131751 131751 131751 131751 131751 131751 131751 131751 131751 131751 131751 131751 131751 131751 131751 131751 131751 131751 131751 131751 131751 131751 131751 0 0 0 0 0 0 0 0 0 0 0 0 0 0 0 0 0 0 0 0 0 0 0 0 0
#obs catch bio
 256393 274009 290536 300098 294911 296792 288400 303357 258764 229654 226303 191129 183163 174824 144288 145653 128908 129783 123190 120416 112133 101372 103077 92891.5 104870 97514.3 97996.2 98744.1 100789 94857.2 90586.6 87563.6 91866.8 85070.4 83780.2 88151.2 81842.4 91608 78195.4 90450.8 97809.3 93290.3 95076.5 90043.9 101627 96156.9 121362 98383.8 90615.5 98986.8 93016.8 84267.1 97733.2 98714 85437 73514.5 67221.9 100386 107633 114988 114516
#pred cpue bio
 3.68464e+006 3.20769e+006 2.85415e+006 2.52232e+006 2.21575e+006 1.94611e+006 1.70039e+006 1.48423e+006 1.26777e+006 1.10878e+006 987429 876425 806669 745258 690427 666201 636949 622393 602942 587155 570351 558318 555961 551201 558970 554239 557017 555971 549724 536711 525630 515026 505204 493020 494684 501561 505319 517160 519670 539283 547009 546215 549079 548343 554211 547775 544698 510926 501894 502358 493277 491015 499260 492191 484538 495544 525134 565256 567753 561939 553016 1.93562e+007 1.22289e+007 1.28797e+007 1.35709e+007 1.4246e+007 1.48374e+007 1.53211e+007 1.57e+007 1.59885e+007 1.62042e+007 1.63637e+007 1.6481e+007 1.65672e+007 1.66305e+007 1.66773e+007 1.67119e+007 1.67377e+007 1.6757e+007 1.67715e+007 1.67824e+007 1.67908e+007 1.67971e+007 1.68019e+007 1.68056e+007 1.68084e+007 1.68106e+007 1.68123e+007 1.68136e+007 1.68145e+007 1.68153e+007 1.68159e+007 1.68163e+007 1.68167e+007 1.6817e+007 1.68172e+007 1.68173e+007 1.68175e+007 1.68176e+007 1.68176e+007 1.68177e+007 1.68177e+007 1.68178e+007 1.68178e+007 1.68178e+007 1.68178e+007 1.68179e+007 1.68179e+007 1.68179e+007 1.68179e+007 1.68179e+007 1.68179e+007 1.68179e+007 1.68179e+007 1.68179e+007 1.68179e+007 1.68179e+007 1.68179e+007 1.68179e+007 1.68179e+007 1.68179e+007 1.68179e+007 1.68179e+007 1.68179e+007 1.68179e+007 1.68179e+007 1.68179e+007 1.68179e+007 1.68179e+007 1.68179e+007 1.68179e+007 1.68179e+007 1.68179e+007 1.68179e+007 1.68179e+007 1.68179e+007 1.68179e+007 1.68179e+007 1.68179e+007 1.68179e+007 1.68179e+007 1.68179e+007 1.68179e+007 1.68179e+007 1.68179e+007 1.68179e+007 1.68179e+007 1.68179e+007 1.68179e+007 1.68179e+007 1.68179e+007 1.68179e+007 1.68179e+007 1.68179e+007 1.68179e+007 1.68179e+007 1.68179e+007 1.68179e+007 1.68179e+007 1.68179e+007 1.68179e+007 0 0 0 0 0 0 0 0 0 0 0 0 0 0 0 0 0 0 0 0 0 0 0 0 0
#obs cpue bio
 2.67528e+006 2.10203e+006 2.26116e+006 2.34846e+006 1.81118e+006 2.11875e+006 1.82044e+006 1.57234e+006 1.1658e+006 1.25178e+006 711153 641345 691768 637055 550740 656679 568643 534971 624089 520923 625257 519174 589854 451054 408166 503629 801445 655606 502848 723190 526937 508878 408408 515739 832390 522750 593848 422362 476936 385580 532216 567793 889428 545479 399374 869863 530094 481577 665869 448982 563654 562575 642449 558463 336064 437196 734019 717208 713329 569742 393080
#pred surv len freq
 0.0050826 0.00823319 0.0123586 0.0174352 0.0233495 0.0298208 0.0363617 0.042381 0.0473919 0.0511652 0.0537279 0.0552598 0.0559902 0.0561365 0.0558695 0.0552969 0.0544667 0.0533764 0.0519611 0.0500506 0.0473383 0.0434419 0.038099 0.0314167 0.0239888
 0.00559609 0.00900382 0.0134036 0.0187404 0.0248899 0.0315843 0.0383518 0.0445862 0.0497363 0.0534741 0.0557411 0.0566976 0.0566444 0.0559396 0.0549098 0.0537772 0.0526274 0.0514171 0.0499901 0.0480824 0.0453404 0.0414045 0.0360843 0.0295547 0.0224229
 0.00581509 0.00940034 0.0140716 0.019783 0.0263852 0.0335397 0.0406735 0.0470948 0.0522265 0.055779 0.0577512 0.0583277 0.0577886 0.0564672 0.0547127 0.0528321 0.0510246 0.0493318 0.0476181 0.0455826 0.0428192 0.0389421 0.0337729 0.027509 0.0207515
 0.00609499 0.00983378 0.0146885 0.0206097 0.0274551 0.0349006 0.0423772 0.0491629 0.0546083 0.0583281 0.0602455 0.0605252 0.0594857 0.0575241 0.0550451 0.0523992 0.0498357 0.0474637 0.0452165 0.0428381 0.0399318 0.0360998 0.0311452 0.0252409 0.0189445
 0.00638829 0.0103084 0.0153975 0.0215981 0.0287492 0.0364942 0.0442232 0.0511809 0.0567078 0.0604292 0.0622774 0.0624024 0.0610874 0.0586995 0.055644 0.0523058 0.0489917 0.0458806 0.0429812 0.04011 0.0369273 0.0330633 0.028314 0.0228087 0.0170298
 0.00666067 0.0107482 0.0160545 0.0225188 0.0299701 0.0380299 0.0460508 0.0532295 0.0588628 0.0625532 0.0642381 0.0640944 0.0624368 0.059649 0.0561314 0.0522549 0.0483257 0.0445522 0.041006 0.0375882 0.0340455 0.0300705 0.0254764 0.0203538 0.0150984
 0.0069384 0.0111965 0.0167238 0.0234548 0.0312069 0.0395784 0.0478841 0.0552757 0.0610101 0.0646666 0.0661782 0.0657358 0.0636818 0.0604345 0.0564236 0.0520339 0.0475702 0.0432405 0.0391384 0.0352219 0.0313196 0.0272031 0.0227253 0.0179543 0.0132037
 0.00717078 0.0115792 0.0173093 0.0242959 0.0323475 0.0410374 0.049639 0.0572537 0.0630961 0.0667216 0.0680612 0.0673204 0.0648676 0.0611531 0.0566395 0.051737 0.0467644 0.0419361 0.0373569 0.0330173 0.0288046 0.0245589 0.020178 0.0157211 0.011433
 0.00752921 0.0121466 0.0181352 0.0254178 0.0337862 0.042789 0.051662 0.0594608 0.0653564 0.0688778 0.0699531 0.0688084 0.0658506 0.0615781 0.0564984 0.0510552 0.0455851 0.0403081 0.0353343 0.0306716 0.0262448 0.0219436 0.0177013 0.0135702 0.00973608
 0.00792354 0.0127541 0.0189872 0.0265226 0.0351305 0.0443413 0.0533726 0.0612591 0.0671544 0.0705778 0.0714567 0.0700229 0.0666944 0.0619875 0.0564356 0.0505122 0.0445817 0.0388859 0.0335518 0.0286073 0.0240064 0.0196728 0.0155629 0.0117198 0.00827891
 0.00818073 0.0131791 0.0196383 0.0274533 0.0363742 0.0458881 0.0551506 0.0631374 0.0689724 0.0721876 0.0727544 0.0709547 0.0672427 0.0621513 0.0562182 0.0499187 0.0436234 0.0375868 0.031955 0.0267803 0.0220455 0.0177029 0.013724 0.0101396 0.00704084
 0.00833406 0.0134463 0.0200742 0.0281223 0.0373375 0.0471823 0.0567631 0.0649901 0.0709242 0.0740562 0.0743521 0.0721277 0.0679015 0.0622803 0.0558605 0.0491468 0.0425126 0.036203 0.0303576 0.0250343 0.0202332 0.015927 0.0120974 0.00876207 0.00597358
 0.00835143 0.0134755 0.0201222 0.0282026 0.0374759 0.0474207 0.0571578 0.0655988 0.0717819 0.075149 0.0756025 0.0734023 0.069041 0.0631394 0.0563415 0.0492136 0.0421837 0.0355317 0.0294134 0.0238946 0.0189839 0.0146633 0.0109175 0.00775117 0.00518473
 0.0084192 0.0135817 0.0202747 0.0284057 0.0377295 0.0477211 0.0574989 0.0659768 0.072201 0.0756231 0.0761471 0.0740169 0.0696918 0.0637547 0.0568261 0.049477 0.0421661 0.035218 0.0288316 0.0231049 0.0180664 0.013708 0.0100132 0.00697164 0.00457499
 0.00849812 0.0137092 0.0204646 0.0286693 0.0380724 0.0481378 0.0579692 0.0664658 0.0726666 0.0760295 0.0764758 0.0742715 0.0698902 0.0639136 0.0569443 0.0495276 0.042105 0.0350026 0.0284416 0.0225534 0.0173991 0.0129927 0.00932405 0.006372 0.00410405
 0.00846752 0.013652 0.0203657 0.0285133 0.0378503 0.0478579 0.0576636 0.0661877 0.0724765 0.0759757 0.0765808 0.074529 0.0702721 0.0643802 0.0574501 0.0500234 0.0425375 0.0353195 0.0286012 0.0225382 0.0172238 0.0127017 0.008979 0.00603435 0.00381916
 0.00849896 0.0137033 0.0204424 0.0286174 0.0379772 0.0479924 0.0577793 0.0662548 0.0724746 0.0759067 0.0764722 0.0744237 0.0702114 0.0643888 0.0575305 0.0501577 0.0426937 0.0354576 0.0286817 0.0225319 0.0171213 0.0125181 0.00874896 0.00579982 0.0036153
 0.00847368 0.0136567 0.0203626 0.028492 0.037798 0.0477623 0.0575165 0.0659901 0.0722418 0.0757323 0.0763705 0.0744003 0.070269 0.064529 0.0577505 0.0504439 0.0430188 0.0357837 0.0289675 0.0227422 0.0172366 0.0125398 0.00869793 0.00570849 0.00351588
 0.00845714 0.0136377 0.0203479 0.0284906 0.0378164 0.0477978 0.0575544 0.0660076 0.0722187 0.0756614 0.076262 0.0742769 0.070157 0.064451 0.0577219 0.050472 0.0431008 0.0359053 0.0291041 0.0228647 0.0173202 0.0125723 0.00868292 0.00566165 0.00345734
 0.00836564 0.0135013 0.0201661 0.0282728 0.0375808 0.0475688 0.0573587 0.0658684 0.072149 0.0756594 0.076312 0.0743573 0.0702511 0.0645525 0.057834 0.0506016 0.0432519 0.0360746 0.02928 0.0230293 0.0174548 0.0126641 0.00872964 0.00567156 0.00344474
 0.00844569 0.0136005 0.0202589 0.0283182 0.0375356 0.0474084 0.0570925 0.0655407 0.0718234 0.0753952 0.0761459 0.0742968 0.0702797 0.0646424 0.0579581 0.0507417 0.0433994 0.036226 0.0294312 0.0231726 0.0175793 0.0127597 0.00879168 0.0057028 0.0034536
 0.0086093 0.0138399 0.0205679 0.028669 0.0378806 0.0476869 0.0572419 0.065512 0.0715993 0.0750042 0.07566 0.0738096 0.0698739 0.0643649 0.0578147 0.0507085 0.0434415 0.0363116 0.0295368 0.0232818 0.0176799 0.0128427 0.00885177 0.00573972 0.00347162
 0.00874555 0.0140433 0.0208396 0.0289956 0.0382349 0.0480304 0.0575277 0.0656894 0.0716239 0.0748511 0.0753373 0.0733627 0.0693767 0.0638995 0.0574473 0.0504724 0.0433348 0.0363071 0.0295976 0.0233737 0.0177774 0.0129292 0.00891888 0.00578538 0.0034985
 0.00879939 0.0141427 0.0210101 0.0292651 0.0386234 0.0485346 0.0581092 0.0662751 0.072122 0.0751765 0.0754333 0.0732141 0.0690113 0.0633811 0.0568604 0.0499022 0.0428472 0.0359365 0.0293468 0.0232234 0.0176989 0.0128951 0.00890798 0.00578403 0.00349949
 0.00861188 0.0138674 0.0206521 0.0288524 0.0382037 0.0481675 0.057856 0.0661864 0.0722224 0.0754521 0.0758297 0.0736501 0.0694047 0.0636732 0.0570308 0.0499674 0.0428473 0.0359166 0.0293405 0.0232449 0.017745 0.0129531 0.0089642 0.00582946 0.00353104
 0.00840444 0.0135638 0.0202584 0.0283982 0.0377369 0.0477443 0.0575308 0.0660054 0.0722174 0.0756319 0.076174 0.0741086 0.0699061 0.0641422 0.0574069 0.0502197 0.0429789 0.0359572 0.0293314 0.0232228 0.0177321 0.0129558 0.00897837 0.00584756 0.00354708
 0.00820872 0.0132445 0.0197785 0.0277291 0.0368731 0.0467209 0.0564366 0.0649762 0.071405 0.0751614 0.076109 0.0744405 0.0705642 0.0650161 0.0583723 0.0511628 0.0438157 0.0366437 0.0298614 0.0236158 0.0180179 0.0131617 0.00912466 0.005948 0.00361212
 0.00810835 0.0130798 0.0195267 0.0273662 0.0363763 0.0460753 0.0556469 0.0640787 0.0704753 0.0743102 0.0754626 0.0741089 0.0706081 0.0654276 0.0590779 0.0520467 0.0447522 0.0375263 0.0306204 0.0242217 0.0184731 0.0134872 0.00934749 0.00609373 0.00370234
 0.00800298 0.0129213 0.0193113 0.0270968 0.0360587 0.0457125 0.0552367 0.0636161 0.0699607 0.0737599 0.0749177 0.0736368 0.0702915 0.0653408 0.05926 0.0524844 0.0453806 0.0382494 0.0313398 0.0248614 0.0189912 0.0138744 0.0096169 0.00626904 0.00380902
 0.00790697 0.0127752 0.0191105 0.0268448 0.0357666 0.0453978 0.0549203 0.0633181 0.0696932 0.0735224 0.0746999 0.0734296 0.0701023 0.0652015 0.0592197 0.0525887 0.0456486 0.03866 0.0318371 0.0253741 0.0194561 0.014252 0.00989471 0.00645574 0.0039241
 0.00792326 0.0127776 0.0190702 0.0267219 0.0355231 0.0450162 0.054419 0.0627522 0.0691387 0.0730512 0.0743589 0.0732326 0.070036 0.065241 0.0593452 0.0527945 0.0459389 0.0390356 0.0322808 0.0258483 0.0199122 0.0146465 0.0102021 0.0066721 0.00406193
 0.00862522 0.0137677 0.0202793 0.0279872 0.0366286 0.045763 0.0546852 0.0625169 0.0684707 0.0720791 0.0732385 0.0721145 0.0690373 0.0644295 0.0587408 0.0523855 0.0457018 0.0389463 0.0323156 0.0259777 0.0200985 0.0148487 0.0103855 0.00681587 0.00416098
 0.00927204 0.0147946 0.0217695 0.0299757 0.039066 0.0484754 0.0573578 0.0647391 0.0698512 0.0723828 0.0724667 0.0704849 0.066886 0.0620968 0.0564934 0.0503895 0.0440338 0.0376216 0.0313147 0.025263 0.0196221 0.0145568 0.0102237 0.00673614 0.0041267
 0.00913635 0.0146982 0.0218539 0.0304493 0.0401485 0.0503064 0.0599094 0.0677779 0.0729705 0.0750955 0.0743265 0.0712037 0.066408 0.0605996 0.054314 0.0479109 0.0415853 0.0354266 0.0294878 0.0238347 0.0185692 0.013826 0.0097485 0.00644821 0.00396503
 0.0088528 0.0142492 0.0212102 0.0296177 0.0392017 0.049411 0.0593254 0.0678022 0.0738221 0.0767922 0.0766293 0.0736722 0.0685467 0.0620223 0.0548528 0.0476312 0.0407181 0.0342634 0.028287 0.0227712 0.0177269 0.0132183 0.00934573 0.00620268 0.0038276
 0.00877291 0.0140983 0.0209442 0.029183 0.0385501 0.0485265 0.0582569 0.0666858 0.0728775 0.0762799 0.0767683 0.0745439 0.0700322 0.0638182 0.0565724 0.0489435 0.0414542 0.0344413 0.028059 0.0223361 0.0172552 0.0128151 0.00905174 0.00601405 0.00371965
 0.0088537 0.014212 0.0210804 0.0293152 0.0386354 0.0485099 0.0580805 0.066307 0.0722948 0.0755589 0.0760505 0.0740203 0.0698791 0.0641196 0.0572688 0.0498446 0.0423148 0.0350614 0.0283527 0.0223373 0.017071 0.0125639 0.0088192 0.00584022 0.00360886
 0.00883797 0.014191 0.0210568 0.0292923 0.0386136 0.0484813 0.0580257 0.0661955 0.072094 0.0752483 0.0756402 0.0735649 0.0694774 0.0638904 0.0573055 0.0501667 0.042848 0.0356633 0.0288742 0.0226832 0.0172253 0.0125732 0.0087532 0.00575723 0.00354098
 0.00890189 0.0142914 0.021201 0.0294846 0.0388537 0.0487619 0.0583293 0.0664914 0.0723385 0.0753904 0.0756334 0.0733836 0.0691338 0.0634427 0.0568481 0.0498003 0.04264 0.0356197 0.0289416 0.022781 0.0172878 0.0125743 0.00870462 0.00568803 0.00347684
 0.00871628 0.0140147 0.0208318 0.0290393 0.0383639 0.0482687 0.057878 0.0661282 0.072104 0.0753105 0.0757096 0.0735892 0.0694207 0.0637584 0.0571556 0.0500907 0.042928 0.0359239 0.0292631 0.0230963 0.0175604 0.0127757 0.00882819 0.005748 0.0034969
 0.0085376 0.0137516 0.0204871 0.028635 0.0379364 0.0478604 0.0575297 0.0658732 0.0719648 0.075295 0.0758095 0.0737828 0.0696777 0.0640456 0.0574429 0.0503577 0.0431679 0.0361426 0.0294702 0.0232945 0.0177411 0.0129242 0.00893398 0.00581126 0.00352728
 0.0084705 0.0136399 0.0203156 0.0283912 0.0376176 0.0474819 0.05713 0.065509 0.0716948 0.07516 0.0758197 0.0739191 0.069903 0.0643188 0.0577288 0.050631 0.0434144 0.036358 0.0296575 0.0234584 0.0178832 0.0130419 0.00902319 0.00587101 0.00356159
 0.00864106 0.0138647 0.0205568 0.0285805 0.0376747 0.0473444 0.05678 0.0649832 0.0710739 0.0745461 0.0753105 0.0735848 0.069773 0.0643796 0.0579353 0.0509247 0.0437406 0.0366763 0.0299441 0.023703 0.0180835 0.0131989 0.00913926 0.0059503 0.00361059
 0.00872775 0.0140215 0.020818 0.0289777 0.0382161 0.0479904 0.0574302 0.0654945 0.0713098 0.0744345 0.0748752 0.0729337 0.0690516 0.0637195 0.05742 0.050581 0.0435514 0.0366017 0.0299409 0.0237365 0.0181305 0.0132461 0.00917969 0.00598093 0.00363112
 0.00843115 0.0136034 0.0203091 0.0284515 0.0377736 0.0477308 0.0574203 0.0657461 0.0717707 0.0749963 0.0754023 0.0733085 0.0692179 0.0636981 0.0572884 0.0504316 0.043453 0.0365821 0.029992 0.0238313 0.0182398 0.013348 0.00926246 0.00604105 0.00367051
 0.00846475 0.0136172 0.0202584 0.0282789 0.0374371 0.04724 0.0568594 0.0652591 0.071508 0.0750474 0.0757541 0.0738516 0.0697952 0.0641687 0.0575753 0.0505353 0.0434303 0.0365077 0.029925 0.0237998 0.0182448 0.0133761 0.00929805 0.00607326 0.00369447
 0.00854915 0.0137431 0.0204238 0.0284668 0.0376105 0.0473422 0.0568245 0.0650376 0.0711014 0.0745298 0.0752574 0.073513 0.0696934 0.0642904 0.0578325 0.0508173 0.0436556 0.0366483 0.0299965 0.0238354 0.0182717 0.0134062 0.00933101 0.00610382 0.00371838
 0.00882357 0.0141868 0.0210846 0.0293816 0.0387892 0.0487465 0.0583478 0.0665051 0.0723003 0.0752659 0.0754157 0.0730951 0.0688144 0.0631344 0.0565866 0.0496176 0.0425708 0.0356971 0.0291789 0.0231523 0.0177267 0.0129982 0.00904743 0.00592203 0.00361123
 0.00877982 0.01413 0.0210277 0.0293502 0.0388215 0.0488876 0.0586402 0.0669728 0.0729299 0.075993 0.0761283 0.0736606 0.0691237 0.063141 0.0563198 0.0491634 0.0420317 0.035157 0.0286883 0.0227335 0.0173869 0.0127373 0.00886044 0.00579851 0.00353675
 0.00874994 0.0140684 0.0209124 0.0291566 0.0385336 0.0485145 0.0582278 0.0666024 0.0726985 0.0759812 0.0763695 0.0741239 0.0697186 0.0637449 0.0568179 0.0494849 0.042165 0.0351387 0.0285767 0.0225834 0.0172369 0.0126086 0.00876173 0.00573 0.00349379
 0.00886643 0.0142467 0.0211582 0.0294637 0.0388807 0.0488634 0.058527 0.0667985 0.0727566 0.075904 0.0762021 0.0739363 0.0695742 0.0636712 0.0567977 0.0494703 0.0421057 0.0350076 0.0283788 0.0223484 0.0170015 0.0124026 0.00860066 0.0056164 0.00342122
 0.00883991 0.0142174 0.0211394 0.0294759 0.0389451 0.0489921 0.0587139 0.0670165 0.0729639 0.076057 0.0762713 0.0739186 0.0694946 0.0635722 0.0567181 0.0494269 0.0420875 0.034987 0.0283307 0.0222637 0.0168901 0.0122843 0.0084947 0.00553414 0.00336502
 0.00886362 0.014229 0.021109 0.0293632 0.0387156 0.0486395 0.0582752 0.066568 0.0725945 0.0758346 0.0762199 0.0740185 0.0697007 0.063837 0.057007 0.0497197 0.0423711 0.0352464 0.0285482 0.022425 0.0169909 0.012333 0.0085077 0.0055287 0.00335394
 0.00916518 0.0146841 0.0217258 0.0301195 0.0395571 0.049483 0.0590173 0.0671027 0.072842 0.0757697 0.0758814 0.0734916 0.0690821 0.0632054 0.0564119 0.0491865 0.0419109 0.0348622 0.0282363 0.022176 0.0167933 0.0121768 0.0083868 0.00543948 0.00329279
 0.00931989 0.0149491 0.0221476 0.0307442 0.0404132 0.0505563 0.0602305 0.0683159 0.0738811 0.0764743 0.0761499 0.0733054 0.0685034 0.0623516 0.0554188 0.0481751 0.0409681 0.0340377 0.0275499 0.0216275 0.0163708 0.0118631 0.00816314 0.00528762 0.0031958
 0.00909797 0.0146286 0.0217423 0.0302988 0.0399988 0.0502577 0.0601296 0.0684718 0.0743087 0.0771277 0.0769233 0.0740596 0.0691083 0.0627255 0.0555461 0.0480968 0.0407559 0.0337657 0.0272751 0.021384 0.0161729 0.0117121 0.00805368 0.00521227 0.00314686
 0.00880145 0.0141514 0.0210367 0.0293329 0.0387742 0.0488327 0.0586355 0.0671051 0.0732891 0.0766351 0.0770425 0.0747557 0.070241 0.064093 0.0569417 0.0493589 0.0417942 0.0345593 0.02785 0.021786 0.0164472 0.0118947 0.00817091 0.00528354 0.00318712
 0.00874374 0.0140162 0.0207565 0.0288196 0.037941 0.0476307 0.0570911 0.0653379 0.0715009 0.0750731 0.0759464 0.0743021 0.0704972 0.0649971 0.058321 0.0509809 0.0434304 0.0360367 0.0290732 0.0227304 0.0171356 0.0123716 0.0084853 0.00547963 0.00330178
 0.00933705 0.0148964 0.02192 0.0301966 0.0393998 0.0489953 0.0581622 0.0659229 0.0714584 0.0743626 0.0746607 0.0726555 0.0687706 0.0634603 0.0571623 0.0502693 0.0431214 0.036013 0.0292002 0.0228996 0.0172834 0.0124755 0.00854762 0.00551241 0.00331704
 0.0098526 0.0157205 0.0231294 0.0318398 0.0414715 0.051403 0.0607014 0.068287 0.0732981 0.0753781 0.0746843 0.0716942 0.0669986 0.0611719 0.0546991 0.0479413 0.0411436 0.0344787 0.0280953 0.0221454 0.0167831 0.0121464 0.00833193 0.00537352 0.00323131
 0.00969145 0.0155708 0.0231118 0.0321359 0.042277 0.0528494 0.0627837 0.0708348 0.0760024 0.0778586 0.076571 0.0727049 0.0670002 0.0602091 0.0529789 0.0457749 0.0388642 0.032364 0.0263199 0.020773 0.0157924 0.0114701 0.00789179 0.00509994 0.00306982
#obs surv len freq
 0.00496768 0.00813922 0.0123843 0.0177176 0.024013 0.0309035 0.0377603 0.0438566 0.0486389 0.0519046 0.0537729 0.0545313 0.0545026 0.0539871 0.0532469 0.0524958 0.0518783 0.0514283 0.051007 0.0502455 0.048562 0.0453264 0.0401618 0.0332367 0.0253317
 0.00518917 0.00849816 0.0129227 0.0184744 0.0250182 0.0321673 0.039262 0.0455384 0.0504121 0.0536635 0.0554084 0.0559397 0.0555903 0.0546732 0.0534679 0.0522108 0.0510748 0.0501291 0.0492748 0.0481854 0.0463191 0.0430738 0.0380768 0.0314668 0.0239632
 0.00542831 0.0088895 0.0135162 0.019318 0.0261474 0.0335909 0.0409474 0.0474078 0.0523557 0.0555618 0.0571514 0.0574342 0.0567577 0.0554448 0.0537821 0.0520152 0.0503336 0.0488348 0.047463 0.0459481 0.0438095 0.0404947 0.0356488 0.0293814 0.0223376
 0.00566153 0.00927348 0.0141032 0.02016 0.0272865 0.0350436 0.0426875 0.0493606 0.0544075 0.0575816 0.059013 0.0590298 0.0580026 0.0562748 0.0541469 0.0518717 0.0496452 0.0475803 0.0456556 0.0436583 0.0411809 0.0377394 0.0330129 0.027089 0.0205342
 0.00589969 0.00966436 0.0146986 0.021011 0.0284344 0.0365046 0.0444376 0.0513284 0.0564833 0.0596373 0.0609213 0.0606776 0.059297 0.0571445 0.0545394 0.0517486 0.0489767 0.0463476 0.0438652 0.0413669 0.0385184 0.0349125 0.0302759 0.0246836 0.0186256
 0.00612321 0.010031 0.0152567 0.0218081 0.029509 0.0378725 0.0460773 0.0531754 0.0584385 0.061585 0.0627465 0.0622762 0.0605796 0.0580375 0.0549845 0.0517003 0.0484008 0.0452229 0.0421945 0.0391984 0.0359691 0.0321765 0.0275997 0.0223099 0.016727
 0.00637185 0.0104375 0.0158725 0.0226822 0.0306777 0.0393443 0.0478173 0.055101 0.0604323 0.0635186 0.0645024 0.0637591 0.0617179 0.0587787 0.0552897 0.0515387 0.0477466 0.0440584 0.0405216 0.0370594 0.0334704 0.0294984 0.024976 0.0199752 0.0148523
 0.00663982 0.0108734 0.0165288 0.0236073 0.031906 0.040881 0.0496222 0.0570839 0.0624654 0.0654617 0.0662271 0.0651645 0.0627343 0.0593657 0.0554279 0.0512202 0.0469673 0.0428162 0.0388261 0.0349518 0.0310472 0.026923 0.0224624 0.0177405 0.0130563
 0.0068449 0.0112179 0.0170676 0.0243978 0.0329956 0.0422869 0.0513127 0.0589725 0.0644248 0.06735 0.0679132 0.0665419 0.0637274 0.0599284 0.0555402 0.0508805 0.0461843 0.041604 0.0372077 0.0329739 0.0288005 0.0245538 0.0201603 0.0156978 0.0114151
 0.00705578 0.0115602 0.0175825 0.0251243 0.0339653 0.0435135 0.0527792 0.0606233 0.0661684 0.0690713 0.0694902 0.0678621 0.0647001 0.060493 0.0556667 0.0505648 0.0454396 0.0404544 0.0356887 0.031141 0.0267436 0.0224061 0.0180885 0.0138682 0.0099492
 0.0072814 0.0119292 0.018141 0.0259151 0.0350169 0.0448255 0.0543084 0.0622826 0.0678427 0.0706429 0.0708585 0.0689508 0.0654543 0.0608751 0.0556553 0.0501549 0.0446418 0.0392937 0.0342049 0.0293938 0.0248221 0.0204328 0.0162095 0.0122251 0.00864194
 0.00741282 0.0121503 0.0184879 0.0264268 0.0357279 0.0457532 0.0554407 0.0635708 0.0692071 0.0719867 0.0720846 0.0699746 0.0662111 0.0613222 0.0557689 0.0499257 0.0440727 0.0383999 0.0330173 0.0279654 0.0232336 0.018794 0.0146477 0.0108604 0.00755776
 0.00751616 0.0123153 0.0187314 0.0267642 0.0361732 0.0463172 0.0561269 0.0643708 0.0700971 0.0729264 0.0730185 0.0708372 0.0669351 0.0618465 0.0560462 0.049926 0.0437826 0.0378221 0.0321721 0.0268951 0.022007 0.0175056 0.0134071 0.00977052 0.00668952
 0.00759162 0.0124343 0.0189037 0.0269967 0.036469 0.0466751 0.0565407 0.0648306 0.0705919 0.073447 0.0735561 0.0713779 0.067453 0.0623018 0.056389 0.0501051 0.043756 0.0375643 0.0316801 0.0261922 0.021145 0.0165626 0.0124759 0.00893938 0.00602089
 0.00765731 0.0125345 0.0190424 0.0271732 0.0366791 0.0469123 0.0567971 0.065098 0.0708633 0.0737186 0.0738288 0.0716552 0.0677361 0.0625832 0.0566469 0.0503036 0.0438504 0.0375124 0.0314538 0.0257885 0.0205913 0.0159153 0.0118095 0.00832842 0.00552072
 0.00771638 0.0126255 0.0191695 0.0273366 0.0368739 0.0471289 0.0570214 0.0653135 0.0710551 0.0738784 0.0739579 0.0717632 0.0678364 0.0626863 0.0567546 0.0504044 0.0439187 0.0375134 0.0313533 0.0255657 0.02025 0.0154868 0.0113467 0.00788992 0.00515352
 0.00775686 0.0126881 0.0192578 0.0274513 0.0370129 0.0472865 0.0571885 0.0654777 0.0712031 0.0739995 0.0740471 0.0718224 0.0678739 0.0627134 0.0567813 0.050434 0.0439441 0.0375158 0.031307 0.0254477 0.0200508 0.0152182 0.0110406 0.00758817 0.00489332
 0.00783494 0.0128069 0.0194213 0.0276571 0.0372527 0.0475469 0.0574514 0.0657218 0.0714067 0.0741447 0.074124 0.0718308 0.0678224 0.0626172 0.056659 0.0503026 0.0438144 0.0373888 0.0311737 0.0252935 0.0198646 0.0150004 0.0108057 0.00736073 0.00469762
 0.00783953 0.0128179 0.0194441 0.0276986 0.0373188 0.0476393 0.0575657 0.0658475 0.0715305 0.0742548 0.0742126 0.0718943 0.0678598 0.0626295 0.0566488 0.0502744 0.0437732 0.0373376 0.0311112 0.0252143 0.0197625 0.0148743 0.0106634 0.00721733 0.00457
 0.00786916 0.0128569 0.019486 0.0277331 0.0373355 0.047634 0.0575443 0.0658244 0.071522 0.0742716 0.0742555 0.0719552 0.0679269 0.0626917 0.0566983 0.0503071 0.0437883 0.0373355 0.0310922 0.0251774 0.0197065 0.0147999 0.0105757 0.00712616 0.00448673
 0.00787956 0.0128724 0.0195064 0.027756 0.0373558 0.0476438 0.0575341 0.0657873 0.0714585 0.074193 0.0741816 0.0719073 0.0679187 0.0627241 0.0567611 0.0503845 0.0438648 0.0373998 0.0311373 0.0251998 0.0197052 0.0147768 0.010536 0.00707771 0.00443851
 0.00791396 0.0129228 0.019572 0.0278322 0.0374355 0.0477186 0.0575959 0.0658281 0.0714712 0.0741727 0.0741286 0.0718297 0.0678317 0.0626455 0.0567051 0.0503565 0.0438608 0.0374098 0.0311499 0.0252059 0.0196996 0.0147584 0.0105071 0.00704349 0.00440485
 0.00789269 0.0128903 0.019527 0.0277748 0.0373669 0.0476414 0.0575137 0.065746 0.0713958 0.0741113 0.0740871 0.0718116 0.0678376 0.0626748 0.0567563 0.050428 0.0439489 0.0375075 0.0312473 0.0252924 0.019767 0.0148028 0.0105297 0.00704907 0.00440012
 0.00790626 0.0129052 0.0195364 0.0277683 0.0373341 0.0475764 0.0574192 0.0656334 0.071281 0.0740095 0.0740093 0.071763 0.0678194 0.0626854 0.0567926 0.050486 0.044024 0.0375939 0.0313377 0.0253785 0.0198407 0.0148586 0.010566 0.00706828 0.00440706
 0.00788047 0.0128671 0.0194856 0.0277062 0.037262 0.0474939 0.0573239 0.0655232 0.0711583 0.0738839 0.0738969 0.0716819 0.0677831 0.062699 0.0568526 0.0505827 0.0441454 0.0377279 0.0314732 0.0255056 0.0199512 0.0149467 0.0106297 0.00710936 0.0044302
 0.00787223 0.0128462 0.0194408 0.0276237 0.0371305 0.0473115 0.0571029 0.0652888 0.0709403 0.0737068 0.0737746 0.0716187 0.067778 0.062749 0.056953 0.0507257 0.0443193 0.0379183 0.031665 0.0256852 0.0201078 0.0150736 0.0107244 0.00717387 0.00446992
 0.00783045 0.0127836 0.0193559 0.0275176 0.0370043 0.0471649 0.056934 0.0650974 0.0707335 0.0735015 0.0735959 0.0714923 0.0677221 0.0627696 0.0570447 0.0508757 0.044511 0.0381341 0.0318872 0.0258973 0.0202962 0.0152288 0.0108427 0.00725658 0.0045226
 0.00783995 0.0127905 0.0193509 0.0274875 0.0369368 0.0470543 0.0567857 0.0649266 0.0705584 0.0733368 0.0734505 0.071372 0.0676345 0.0627247 0.0570515 0.0509378 0.0446241 0.0382863 0.0320622 0.0260773 0.0204649 0.015374 0.0109571 0.00733899 0.00457659
 0.00779126 0.0127187 0.0192561 0.0273733 0.036808 0.0469135 0.0566323 0.0647596 0.0703816 0.0731621 0.0732962 0.0712576 0.0675737 0.062723 0.0571077 0.0510465 0.0447776 0.038474 0.0322703 0.0262893 0.0206642 0.0155465 0.0110945 0.0074392 0.00464314
 0.00775772 0.0126582 0.0191548 0.0272167 0.0365866 0.0466304 0.0563085 0.0644311 0.0700882 0.0729347 0.0731498 0.0711927 0.067584 0.0628007 0.0572448 0.0512344 0.0450052 0.0387284 0.0325365 0.0265512 0.0209058 0.0157545 0.0112602 0.00756052 0.0047243
 0.00772151 0.0125985 0.0190632 0.0270841 0.0364043 0.046393 0.0560174 0.064099 0.0697407 0.0726081 0.0728835 0.0710197 0.0675219 0.0628491 0.0573896 0.0514539 0.0452767 0.0390302 0.0328485 0.0268545 0.0211833 0.0159922 0.0114495 0.00769962 0.00481785
 0.00930777 0.0148163 0.0217344 0.02982 0.0387189 0.0478827 0.0565035 0.0636539 0.0686052 0.0710702 0.0711907 0.0693476 0.0659807 0.061501 0.0562619 0.0505488 0.0445786 0.0385137 0.0324842 0.0266128 0.0210355 0.0159118 0.0114131 0.00768836 0.00481831
 0.00928816 0.015082 0.0226585 0.0318656 0.0422371 0.05284 0.0623091 0.0692557 0.0728629 0.0732043 0.0710396 0.0673099 0.0627407 0.0577374 0.0524803 0.047051 0.0415091 0.03592 0.0303621 0.0249322 0.0197527 0.0149744 0.0107629 0.00726413 0.00456029
 0.00895583 0.0145566 0.0219176 0.0309561 0.0413305 0.052271 0.0625363 0.0706977 0.0756476 0.0769817 0.0750245 0.0705799 0.0646215 0.0580378 0.0514626 0.0452151 0.0393572 0.0338187 0.0285168 0.0234242 0.0185884 0.0141219 0.0101726 0.00688015 0.00432751
 0.00877585 0.0142563 0.0214518 0.0302809 0.0404198 0.051148 0.0613144 0.0696097 0.0750287 0.0771782 0.0762379 0.0727188 0.067266 0.0605749 0.0533354 0.046137 0.0393699 0.0331922 0.0275848 0.0224577 0.0177487 0.0134723 0.00971339 0.00658045 0.00414675
 0.00872435 0.0141629 0.0212927 0.0300254 0.0400349 0.0506072 0.0606113 0.0687745 0.0741459 0.0763983 0.0757675 0.0727697 0.0679623 0.0618615 0.0549535 0.0477077 0.0405498 0.0338074 0.027666 0.022175 0.017306 0.013028 0.00935289 0.0063272 0.00398827
 0.0086964 0.0141201 0.0212324 0.0299442 0.0399263 0.0504581 0.0604016 0.0684813 0.0737547 0.0759188 0.0752512 0.0723177 0.0677112 0.0619392 0.0554151 0.048486 0.0414617 0.0346258 0.0282178 0.0224048 0.0172716 0.0128447 0.00913067 0.00613561 0.00385301
 0.00867196 0.0140791 0.0211685 0.0298517 0.0398015 0.0503021 0.0602207 0.0682847 0.0735482 0.0757019 0.0750197 0.0720762 0.067489 0.0617956 0.0554245 0.0487017 0.0418765 0.0351583 0.0287413 0.0228038 0.0174906 0.0128989 0.0090799 0.00604534 0.0037682
 0.00866662 0.0140657 0.0211394 0.0297971 0.0397116 0.0501713 0.0600513 0.0680879 0.0733414 0.0755034 0.0748429 0.0719274 0.0673703 0.0617136 0.0553982 0.0487605 0.0420452 0.0354343 0.0290828 0.0231413 0.0177578 0.0130618 0.00914457 0.00604458 0.00373897
 0.0086603 0.0140605 0.0211406 0.0298111 0.0397427 0.0502168 0.0600987 0.0681171 0.0733324 0.0754441 0.0747348 0.0717836 0.0672102 0.0615577 0.0552658 0.0486715 0.0420188 0.0354826 0.0292007 0.0233023 0.0179215 0.0131914 0.00922235 0.00607443 0.0037381
 0.00865616 0.0140523 0.021126 0.029788 0.0397112 0.0501807 0.0600661 0.0680971 0.0733297 0.0754545 0.0747453 0.0717787 0.0671795 0.0615013 0.0551944 0.0486027 0.0419721 0.0354741 0.0292377 0.0233789 0.0180191 0.0132861 0.00929488 0.00611751 0.00375592
 0.00861153 0.0139866 0.0210396 0.0296858 0.0396007 0.0500701 0.0599629 0.0680084 0.0732633 0.075418 0.0747436 0.0718102 0.067235 0.0615667 0.0552567 0.0486556 0.042018 0.0355219 0.0292967 0.0234531 0.0181042 0.0133706 0.00936649 0.00616851 0.00378582
 0.00864807 0.0140346 0.0210911 0.0297268 0.0396163 0.0500511 0.0599106 0.0679346 0.0731839 0.0753471 0.0746889 0.0717736 0.067215 0.0615597 0.0552581 0.0486605 0.0420237 0.0355291 0.0293094 0.0234756 0.0181373 0.0134105 0.00940592 0.00620087 0.00380784
 0.00862815 0.0140123 0.0210756 0.0297308 0.0396503 0.0501155 0.0599914 0.0680067 0.0732225 0.0753395 0.0746398 0.0717008 0.0671392 0.0614962 0.0552134 0.0486339 0.042011 0.035526 0.0293136 0.0234867 0.0181551 0.0134335 0.00943055 0.00622302 0.00382459
 0.00861686 0.0139913 0.0210398 0.0296759 0.0395762 0.05003 0.0599113 0.0679525 0.0732089 0.0753669 0.0746933 0.0717586 0.0671843 0.0615233 0.0552274 0.0486438 0.0420236 0.0355439 0.0293363 0.0235124 0.0181823 0.0134605 0.00945567 0.00624424 0.00384057
 0.00862299 0.0140013 0.0210545 0.0296954 0.0395985 0.0500507 0.0599241 0.067952 0.0731944 0.0753436 0.0746709 0.0717448 0.0671803 0.0615235 0.0552246 0.048634 0.0420084 0.035528 0.0293243 0.0235068 0.0181832 0.0134665 0.00946455 0.00625371 0.00384882
 0.00862299 0.0140013 0.0210545 0.0296954 0.0395985 0.0500507 0.0599241 0.067952 0.0731944 0.0753436 0.0746709 0.0717448 0.0671803 0.0615235 0.0552246 0.048634 0.0420084 0.035528 0.0293243 0.0235068 0.0181832 0.0134665 0.00946455 0.00625371 0.00384882
 0.00893469 0.0144926 0.0217629 0.030639 0.0407654 0.051386 0.0613208 0.0692578 0.0742419 0.0759947 0.0748528 0.0714636 0.066508 0.0605715 0.0541145 0.0474757 0.0408884 0.034507 0.0284398 0.022777 0.0176104 0.0130406 0.0091663 0.00605847 0.00373025
 0.0088305 0.0143621 0.0216389 0.0305779 0.0408341 0.0516398 0.0617815 0.0699029 0.0750068 0.0767843 0.0755596 0.0719887 0.0667829 0.0605726 0.0538655 0.0470366 0.0403364 0.0339179 0.0278754 0.0222794 0.0172025 0.0127285 0.00894374 0.0059111 0.00364013
 0.0087609 0.0142342 0.0214223 0.0302442 0.0403743 0.0510869 0.0612229 0.0694671 0.0748217 0.076926 0.0760202 0.072679 0.0675658 0.0613072 0.0544437 0.0474034 0.0404907 0.0338993 0.0277432 0.0220937 0.0170111 0.0125616 0.00881504 0.00582176 0.00358394
 0.0088739 0.0144036 0.0216489 0.0305141 0.0406574 0.0513384 0.0613909 0.0695093 0.0747273 0.0767321 0.0758042 0.0725274 0.067533 0.0613908 0.0545899 0.0475359 0.0405452 0.0338462 0.0275913 0.0218786 0.0167768 0.012346 0.00864074 0.00569598 0.00350229
 0.00888761 0.0144367 0.0217179 0.0306391 0.0408543 0.051607 0.061706 0.0698205 0.074972 0.0768569 0.0757873 0.072389 0.0673293 0.0611899 0.054442 0.0474532 0.0405034 0.0338041 0.0275156 0.0217589 0.0166259 0.0121886 0.00850048 0.00558697 0.00342748
 0.00878221 0.0142677 0.0214699 0.0303041 0.0404394 0.0511424 0.0612482 0.0694426 0.0747414 0.0768086 0.0759106 0.072637 0.067643 0.0615237 0.0547741 0.0477789 0.0408189 0.0340961 0.0277622 0.0219408 0.0167368 0.0122382 0.00850864 0.00557459 0.00340999
 0.00889645 0.0144352 0.0216873 0.0305542 0.0406933 0.051365 0.0614052 0.0695092 0.0747097 0.0766931 0.0757441 0.0724571 0.0674775 0.0613837 0.054658 0.047682 0.0407399 0.0340352 0.0277166 0.0219027 0.0166977 0.0121936 0.00846067 0.00552931 0.00337313
 0.00898534 0.0145871 0.021928 0.0309077 0.0411707 0.05195 0.0620437 0.0701137 0.075182 0.076956 0.0757654 0.0722555 0.0671096 0.0609213 0.0541674 0.0472113 0.0403173 0.0336732 0.0274177 0.0216631 0.0165096 0.0120482 0.00835037 0.00544841 0.0033171
 0.0088957 0.0144528 0.0217485 0.0306941 0.0409472 0.0517534 0.061919 0.0701025 0.0753062 0.0772029 0.0760861 0.0725811 0.0673772 0.0610952 0.0542448 0.0472139 0.0402757 0.0336141 0.0273583 0.021611 0.0164663 0.0120124 0.0083204 0.00542367 0.00329772
 0.00872032 0.0141636 0.021308 0.0300708 0.0401302 0.0507709 0.0608535 0.0690868 0.0744949 0.0767278 0.0760176 0.0729103 0.0680245 0.0619383 0.0551555 0.0480882 0.0410493 0.0342608 0.0278776 0.0220146 0.0167694 0.0122302 0.00846817 0.00551695 0.00335177
 0.00862672 0.0139958 0.0210267 0.0296302 0.0394893 0.0499125 0.059803 0.0679223 0.0733395 0.075729 0.0753172 0.0726132 0.0681726 0.0624989 0.05603 0.0491403 0.0421409 0.0352819 0.0287599 0.0227299 0.0173181 0.0126292 0.00874225 0.00569339 0.00345719
 0.00889231 0.0144092 0.021611 0.0303855 0.0403813 0.0508626 0.060685 0.0685786 0.0736231 0.0755551 0.0746998 0.0716659 0.0670732 0.061436 0.0551511 0.0485212 0.0417823 0.0351305 0.0287409 0.0227753 0.017381 0.0126852 0.00878298 0.00571922 0.00347174
 0.00913098 0.0148198 0.0222679 0.0313637 0.0417295 0.0525636 0.0626225 0.0705357 0.0753237 0.0767344 0.075173 0.0713713 0.0660821 0.05993 0.0533739 0.0467178 0.0401456 0.0337717 0.0276908 0.0220071 0.0168413 0.0123179 0.0085407 0.00556556 0.00337927
 0.00928578 0.015088 0.0227027 0.0320267 0.0426786 0.0538315 0.0641914 0.0723192 0.0771651 0.078424 0.0764826 0.0721009 0.066109 0.0592443 0.0520853 0.045028 0.0382953 0.0319826 0.026122 0.0207391 0.0158854 0.0116399 0.0080864 0.00527806 0.00320828
#pred catch len freq
 0.00389211 0.00624332 0.00927558 0.012986 0.0173819 0.0224409 0.0280404 0.0339321 0.0397876 0.0452687 0.0500815 0.0540164 0.0569757 0.0589725 0.0600968 0.0604684 0.0602028 0.0593846 0.0580264 0.0560049 0.0530235 0.0486827 0.0427048 0.0352181 0.0268926
 0.00430341 0.00686069 0.0101142 0.0140395 0.0186414 0.0239169 0.0297628 0.0359176 0.0419856 0.0475209 0.05213 0.0555685 0.0577986 0.0589714 0.0593386 0.0591449 0.0585535 0.0576117 0.0562369 0.0542054 0.0511681 0.0467496 0.0407519 0.033381 0.025327
 0.004529 0.00724938 0.0107378 0.0149734 0.0199433 0.025598 0.0317686 0.0381377 0.04429 0.0497942 0.0542711 0.0574574 0.0592683 0.0598261 0.0594194 0.0584027 0.0570767 0.0555902 0.053886 0.0516988 0.0486189 0.0442401 0.0383768 0.0312622 0.0235839
 0.00480943 0.00768258 0.0113526 0.0157951 0.0210058 0.0269524 0.0334742 0.0402275 0.0467259 0.0524407 0.0569111 0.0598449 0.0611845 0.061105 0.0599439 0.0581003 0.0559354 0.0536822 0.0513684 0.0487829 0.0455279 0.0411822 0.0355391 0.0288051 0.0216206
 0.00509866 0.00814303 0.0120274 0.0167181 0.0221972 0.0284139 0.0351853 0.0421498 0.0488131 0.0546424 0.0591591 0.0620287 0.0631393 0.0626302 0.0608444 0.0582269 0.0552101 0.0521102 0.0490438 0.0458841 0.0422978 0.0378953 0.032461 0.0261526 0.0195275
 0.00538826 0.00860262 0.0126998 0.0176402 0.0233984 0.0299111 0.0369714 0.0441809 0.0510037 0.0568748 0.0613046 0.0639688 0.0647744 0.0638702 0.061592 0.0583729 0.0546512 0.0507837 0.0469634 0.043163 0.0391484 0.0346006 0.0293234 0.0234304 0.0173817
 0.00568376 0.0090715 0.0133854 0.0185786 0.0246172 0.0314242 0.0387696 0.0462209 0.0532038 0.0591182 0.0634509 0.0658724 0.066306 0.0649326 0.0621216 0.0583258 0.0539877 0.0494697 0.0449948 0.0406035 0.0361572 0.0314272 0.0262628 0.0207522 0.0152623
 0.00598603 0.00955359 0.0140946 0.0195556 0.0258921 0.033009 0.0406463 0.0483312 0.0554485 0.0613664 0.0655558 0.0676891 0.0677085 0.0658272 0.0624523 0.0580691 0.0531408 0.04804 0.0430056 0.0381169 0.0333035 0.0284161 0.0233555 0.0181997 0.0132365
 0.00632669 0.0100882 0.0148652 0.020593 0.0272166 0.0346286 0.0425471 0.0504648 0.0577222 0.063645 0.0676758 0.0694835 0.0690341 0.0665858 0.0625976 0.0575997 0.0520847 0.0464411 0.0409202 0.0356259 0.030533 0.0255498 0.0206184 0.0158094 0.0113436
 0.00670752 0.010672 0.0156794 0.021643 0.0284915 0.0361081 0.0442032 0.0522562 0.0595877 0.0655007 0.0694171 0.0709921 0.0701906 0.067287 0.0627719 0.0572162 0.0511517 0.0449985 0.0390326 0.0333838 0.0280624 0.0230168 0.0182162 0.0137206 0.0096932
 0.00701721 0.0111686 0.0164131 0.0226541 0.0298002 0.0377011 0.0460207 0.0541911 0.0615042 0.0672636 0.0709163 0.0721508 0.0709602 0.0676364 0.0626815 0.056677 0.0501696 0.043599 0.0372661 0.0313306 0.0258369 0.0207667 0.0161066 0.0119025 0.00826588
