SBPRF35
7.78865
Curr Bio
658735
B35
662163
F35
0.223073
FOFL
0.223073
OFL
115891
Bzero
2.22533e+006
#pred survey bio
 4.51519e+006 4.25958e+006 4.01214e+006 3.70413e+006 3.39777e+006 3.05502e+006 2.7278e+006 2.41842e+006 2.13892e+006 1.89177e+006 1.67457e+006 1.48174e+006 1.30322e+006 1.1454e+006 1.03475e+006 912379 817800 769365 720971 695640 657716 630554 614489 597915 594701 592765 583474 582528 567464 567054 569209 570743 570791 560988 556078 547299 542973 543967 543037 538157 538849 544468 552388 558828 553903 553706 559585 567178 564889 570785 580999 527022 512540 489121 503444 519414 546933 533962 524827 495573 487818 503300 523127 538661 552132 583941 599258 631010 660747 1.57988e+007 1.46149e+007 1.48661e+007 1.52379e+007 1.56593e+007 1.60637e+007 1.64163e+007 1.67056e+007 1.69337e+007 1.7109e+007 1.72415e+007 1.73407e+007 1.74147e+007 1.74699e+007 1.75111e+007 1.75418e+007 1.7565e+007 1.75824e+007 1.75956e+007 1.76056e+007 1.76132e+007 1.76191e+007 1.76235e+007 1.76269e+007 1.76296e+007 1.76316e+007 1.76331e+007 1.76343e+007 1.76352e+007 1.7636e+007 1.76365e+007 1.76369e+007 1.76373e+007 1.76375e+007 1.76377e+007 1.76379e+007 1.7638e+007 1.76381e+007 1.76381e+007 1.76382e+007 1.76382e+007 1.76383e+007 1.76383e+007 1.76383e+007 1.76383e+007 1.76383e+007 1.76384e+007 1.76384e+007 1.76384e+007 1.76384e+007 1.76384e+007 1.76384e+007 1.76384e+007 1.76384e+007 1.76384e+007 1.76384e+007 1.76384e+007 1.76384e+007 1.76384e+007 1.76384e+007 1.76384e+007 1.76384e+007 1.76384e+007 1.76384e+007 1.76384e+007 1.76384e+007 1.76384e+007 1.76384e+007 1.76384e+007 1.76384e+007 1.76384e+007 1.76384e+007 1.76384e+007 1.76384e+007 1.76384e+007 1.76384e+007 1.76384e+007 1.76384e+007 1.76384e+007 1.76384e+007 1.76384e+007 1.76384e+007 1.76384e+007 1.76384e+007 1.76384e+007 1.76384e+007 1.76384e+007 1.76384e+007 1.76384e+007 1.76384e+007 1.76384e+007 1.76384e+007 1.76384e+007 1.76384e+007 1.76384e+007 1.76384e+007 1.76384e+007 1.76384e+007 1.76384e+007 1.76384e+007 0 0 0 0 0 0 0 0 0 0 0 0 0 0 0 0 0 0 0 0 0 0 0 0 0
#obs survey bio
 2.79695e+006 3.51324e+006 2.91534e+006 3.46489e+006 2.76021e+006 2.43437e+006 2.32089e+006 2.42054e+006 2.3543e+006 1.5393e+006 1.54679e+006 1.02338e+006 1.16828e+006 1.17472e+006 883189 775293 668180 550233 701667 717268 836593 754737 423894 495310 428300 579886 673802 498682 570514 592810 625149 479728 456470 514147 756596 439785 842357 789389 485643 379935 381826 716967 574837 753998 581587 584740 610104 613883 617943 914566 579765 640490 424043 466247 525620 545154 691948 598156 523194 480044 488326 409264 595977 503008 480608 485638 643371 487356 764412
#pred catch bio
 94166.1 97307.7 173219 197769 260681 277840 291805 292348 287141 280202 273711 271760 260415 223441 234503 208009 165684 162346 138585 144206 129742 117311 116548 104688 103021 107713 99008.5 108995 94552.7 91207 91305.1 92281.7 99282.8 92062.2 91229.5 85642.1 83476.6 88573.8 93862.3 89963.1 86128 84180.9 85439.3 94916 91019.5 86232.3 84839.8 92860.1 85806.5 82599.6 135754 101405 109791 78886.8 78322.5 68504.6 101092 96259.7 112991 95469.9 78241.7 77386 83329.6 87018.7 74341.7 91238.5 81417 88807.4 96321.2 115891 116742 117716 119563 122016 124436 126502 128124 129330 130191 130787 131190 131459 131635 131749 131823 131869 131899 131918 131930 131938 131942 131945 131947 131948 131949 131949 131949 131950 131950 131950 131950 131950 131950 131950 131950 131950 131950 131950 131950 131950 131950 131950 131950 131950 131950 131950 131950 131950 131950 131950 131950 131950 131950 131950 131950 131950 131950 131950 131950 131950 131950 131950 131950 131950 131950 131950 131950 131950 131950 131950 131950 131950 131950 131950 131950 131950 131950 131950 131950 131950 131950 131950 131950 131950 131950 131950 131950 131950 131950 131950 131950 131950 131950 131950 131950 131950 131950 131950 131950 0 0 0 0 0 0 0 0 0 0 0 0 0 0 0 0 0 0 0 0 0 0 0 0 0
#obs catch bio
 0 97022.8 174458 198685 263635 281351 295731 297447 291883 286023 279966 278233 267408 228490 241642 214002 168531 165815 140116 146170 130274 117023 117643 105672 104355 108617 99505.1 109908 95267.8 91417.5 91571.8 92972.6 100437 93253.2 91747.1 85890.1 83317.4 87927.2 93177.9 89598.6 86018.4 83600.4 84883.2 94097.3 90628.3 86148.1 84466.5 92341 85308.6 81591.2 135038 100192 109675 78473.5 78428 68023.6 100687 95110.2 112104 94918.1 77860.4 77136.3 83189 87341.2 74187.7 91560.5 81392.3 89063.9 96348.9
#pred cpue bio
 4.44157e+006 4.18944e+006 3.94408e+006 3.63725e+006 3.33262e+006 2.99202e+006 2.66684e+006 2.35939e+006 2.0817e+006 1.83621e+006 1.62065e+006 1.42972e+006 1.25336e+006 1.09772e+006 988682 868887 776834 730039 683589 659785 623916 598251 582710 566364 563229 561656 553036 552453 538141 538126 540493 541957 542024 532853 529058 521575 517060 516622 514771 509865 510628 516324 524264 530617 525721 525328 531097 538725 536602 542309 552258 499483 484638 461436 475391 491546 519013 506784 497582 468450 460272 475030 494210 509140 521989 552613 567114 597109 624964 1.49509e+007 1.38418e+007 1.40628e+007 1.43951e+007 1.48031e+007 1.52047e+007 1.55568e+007 1.5846e+007 1.60741e+007 1.62494e+007 1.63819e+007 1.64811e+007 1.65552e+007 1.66103e+007 1.66515e+007 1.66823e+007 1.67054e+007 1.67228e+007 1.6736e+007 1.6746e+007 1.67536e+007 1.67595e+007 1.67639e+007 1.67673e+007 1.677e+007 1.6772e+007 1.67735e+007 1.67747e+007 1.67756e+007 1.67764e+007 1.67769e+007 1.67773e+007 1.67777e+007 1.67779e+007 1.67781e+007 1.67783e+007 1.67784e+007 1.67785e+007 1.67785e+007 1.67786e+007 1.67786e+007 1.67787e+007 1.67787e+007 1.67787e+007 1.67787e+007 1.67787e+007 1.67788e+007 1.67788e+007 1.67788e+007 1.67788e+007 1.67788e+007 1.67788e+007 1.67788e+007 1.67788e+007 1.67788e+007 1.67788e+007 1.67788e+007 1.67788e+007 1.67788e+007 1.67788e+007 1.67788e+007 1.67788e+007 1.67788e+007 1.67788e+007 1.67788e+007 1.67788e+007 1.67788e+007 1.67788e+007 1.67788e+007 1.67788e+007 1.67788e+007 1.67788e+007 1.67788e+007 1.67788e+007 1.67788e+007 1.67788e+007 1.67788e+007 1.67788e+007 1.67788e+007 1.67788e+007 1.67788e+007 1.67788e+007 1.67788e+007 1.67788e+007 1.67788e+007 1.67788e+007 1.67788e+007 1.67788e+007 1.67788e+007 1.67788e+007 1.67788e+007 1.67788e+007 1.67788e+007 1.67788e+007 1.67788e+007 1.67788e+007 1.67788e+007 1.67788e+007 1.67788e+007 1.67788e+007 0 0 0 0 0 0 0 0 0 0 0 0 0 0 0 0 0 0 0 0 0 0 0 0 0
#obs cpue bio
 3.5148e+006 3.89193e+006 3.18243e+006 2.79249e+006 2.85601e+006 2.76331e+006 3.17333e+006 1.4381e+006 1.90911e+006 1.35659e+006 1.26938e+006 1.70832e+006 943084 781927 749078 713675 944578 727059 802309 568839 707486 704414 387069 506681 511711 791930 447146 602371 392437 730546 449581 397940 518037 375488 653460 710350 492364 615261 647288 587798 602989 672454 516105 568588 372328 391801 657358 681924 501790 493809 553511 489247 444213 510567 356910 681565 544338 652688 505305 444964 438763 566870 418998 388603 660329 626803 503973 639216 701230
#pred surv len freq
 0.00456785 0.00743184 0.0112186 0.0159313 0.0214861 0.0276351 0.0339317 0.0398302 0.0448827 0.0488804 0.051852 0.0539654 0.0554287 0.0564241 0.057066 0.057378 0.0572979 0.0567016 0.0554218 0.0532444 0.0499095 0.0451761 0.0389786 0.0316061 0.023754
 0.00493277 0.00792848 0.0117921 0.0164829 0.0219161 0.0279017 0.0340844 0.0399851 0.0451454 0.0492649 0.0522494 0.0541865 0.0552946 0.0558547 0.0561241 0.0562535 0.0562422 0.0559379 0.0550645 0.0532635 0.0501581 0.0454663 0.0391666 0.0316397 0.0236644
 0.0050626 0.00819112 0.0122752 0.0172805 0.0230824 0.0293947 0.0357372 0.0415448 0.0463739 0.0500393 0.0525892 0.0541884 0.0550332 0.0553313 0.0552972 0.0551176 0.0548856 0.0545353 0.0538087 0.0522823 0.0494691 0.0449947 0.038807 0.0313178 0.0233609
 0.00524628 0.00847594 0.0126837 0.0178386 0.0238309 0.0303941 0.0370502 0.0431917 0.0482775 0.0520029 0.0543381 0.0554642 0.0556822 0.0553291 0.0547073 0.0540347 0.0534152 0.0528074 0.0519867 0.050537 0.0479301 0.0437193 0.0377881 0.0305194 0.0227494
 0.00544374 0.00879461 0.0131583 0.0184986 0.0246947 0.0314627 0.0383053 0.0446013 0.0498072 0.0536146 0.0559673 0.0569915 0.0569302 0.056104 0.054863 0.0535199 0.0522786 0.0511745 0.050032 0.0484567 0.0459119 0.0419104 0.0362754 0.0293313 0.0218721
 0.00569517 0.00919888 0.0137588 0.0193338 0.0257921 0.0328286 0.0399123 0.0463827 0.0516647 0.0554387 0.0576584 0.0584676 0.0581163 0.0569125 0.0551875 0.0532551 0.051362 0.049624 0.0479593 0.0460511 0.0434036 0.0395243 0.0341903 0.0276532 0.020629
 0.00598444 0.00965879 0.0144323 0.0202554 0.0269844 0.0342948 0.0416263 0.0482821 0.0536538 0.0574007 0.0594725 0.0600238 0.059325 0.0577048 0.0555049 0.0530394 0.0505578 0.0482038 0.0459594 0.0435969 0.0407041 0.0368337 0.0317499 0.0256371 0.0191138
 0.00627078 0.0101226 0.0151273 0.0212304 0.0282741 0.035906 0.0435225 0.0503781 0.0558271 0.0595138 0.0613939 0.0616408 0.0605485 0.0584686 0.0557623 0.0527554 0.049704 0.0467643 0.0439531 0.0411092 0.0379061 0.0339682 0.0290808 0.0233818 0.0173904
 0.00659546 0.010636 0.0158741 0.0222451 0.0295785 0.0375034 0.0453875 0.0524474 0.0579988 0.061658 0.06337 0.0633161 0.0618139 0.0592468 0.0560068 0.0524422 0.0488219 0.0453135 0.0419579 0.0386434 0.0351167 0.0310766 0.0263455 0.0210338 0.0155707
 0.00687841 0.0110977 0.0165717 0.0232321 0.0308933 0.0391525 0.0473288 0.0545867 0.0602048 0.0637883 0.0652934 0.0649222 0.0630136 0.0599721 0.0562109 0.0520986 0.0479218 0.0438647 0.0399917 0.0362323 0.0323959 0.0282484 0.0236525 0.0187017 0.013746
 0.00712006 0.0114916 0.0171671 0.0240779 0.0320314 0.040605 0.0490821 0.0565796 0.062329 0.0659023 0.067244 0.0665678 0.0642428 0.0607117 0.0564233 0.0517715 0.0470591 0.0424828 0.0381267 0.0339561 0.0298341 0.0255857 0.021111 0.0164909 0.0120066
 0.00738007 0.0119063 0.0177773 0.0249179 0.0331255 0.0419606 0.05068 0.0583669 0.0642202 0.0677881 0.0690033 0.0680791 0.0653968 0.0614231 0.0566383 0.0514689 0.0462435 0.0411789 0.0363787 0.0318383 0.0274648 0.0231325 0.0187729 0.0144559 0.0104019
 0.00764767 0.0123404 0.0184285 0.0258318 0.0343326 0.0434619 0.0524317 0.060277 0.0661618 0.069625 0.0706125 0.0693639 0.0662876 0.0618751 0.0566277 0.0509904 0.0453085 0.0398148 0.0346325 0.029784 0.0252137 0.0208357 0.0166055 0.0125811 0.00892846
 0.00794536 0.0128128 0.0191181 0.0267718 0.0355426 0.0449394 0.0541416 0.0621423 0.0680669 0.0714305 0.0721778 0.0705692 0.0670513 0.0621596 0.0564342 0.0503458 0.0442527 0.038394 0.0329015 0.0278155 0.0231087 0.0187262 0.0146409 0.0108975 0.00761347
 0.00800845 0.0129394 0.0193533 0.0271727 0.0361655 0.0458198 0.0552746 0.0634775 0.0695185 0.0728953 0.0735507 0.0717517 0.0679564 0.0627186 0.0566039 0.0501125 0.0436301 0.0374173 0.031623 0.0263059 0.021461 0.0170563 0.013076 0.00955166 0.00656009
 0.00814233 0.0131638 0.0197046 0.0276919 0.036893 0.0467842 0.0564782 0.0648826 0.0710427 0.0744186 0.0749347 0.0728662 0.0687041 0.0630489 0.0565111 0.0496237 0.0427913 0.0362846 0.0302599 0.0247855 0.01987 0.0154948 0.0116479 0.00834601 0.00562937
 0.00833497 0.0134523 0.0200942 0.0281745 0.0374547 0.0474154 0.0571791 0.0656593 0.0718954 0.0753286 0.0758554 0.0737233 0.069408 0.0635134 0.0566733 0.0494555 0.0423007 0.0355081 0.0292538 0.02362 0.0186269 0.0142643 0.0105196 0.0073937 0.00489541
 0.008274 0.0133706 0.0200029 0.0280933 0.0374051 0.0474116 0.057224 0.0657504 0.0720386 0.0755473 0.076185 0.0741909 0.070006 0.0641874 0.0573299 0.0499885 0.042621 0.0355648 0.0290414 0.0231741 0.0180136 0.0135676 0.00982669 0.00677888 0.00440624
 0.00827934 0.0133754 0.0200039 0.0280877 0.0373942 0.0474051 0.05724 0.06581 0.0721553 0.0757199 0.076401 0.0744368 0.0702772 0.0644847 0.0576459 0.0502939 0.0428643 0.0356877 0.0290006 0.0229582 0.0176486 0.0131087 0.00934284 0.00633422 0.00404483
 0.00813007 0.013148 0.0196902 0.0276905 0.036927 0.0468911 0.0567131 0.0653168 0.071753 0.075468 0.0763465 0.0746009 0.0706484 0.0650231 0.0582938 0.050986 0.0435334 0.0362685 0.0294376 0.0232173 0.0177269 0.0130366 0.00917386 0.00612823 0.0038512
 0.00824579 0.0133034 0.0198637 0.0278427 0.0370121 0.046875 0.0565877 0.0651014 0.0714842 0.0751864 0.0760887 0.0743983 0.0705279 0.0650038 0.0583813 0.0511675 0.0437776 0.0365311 0.0296696 0.0233769 0.0177903 0.0130049 0.00907144 0.00599184 0.00371635
 0.00856326 0.0137611 0.0204428 0.0284839 0.0376267 0.0473668 0.0568754 0.0651348 0.0712554 0.074734 0.0754914 0.0737551 0.0699322 0.0645231 0.0580497 0.0509886 0.0437311 0.0365795 0.0297664 0.0234753 0.0178541 0.0130163 0.00903317 0.00592191 0.00363776
 0.00866741 0.0139486 0.0207552 0.0289618 0.038289 0.0481832 0.0577491 0.0659145 0.0717806 0.0748928 0.0752599 0.0731994 0.0691774 0.0637099 0.0572973 0.0503738 0.0432847 0.0362941 0.0296087 0.0234002 0.0178177 0.0129861 0.00899307 0.00587112 0.00358436
 0.00868946 0.0139926 0.0208382 0.0291093 0.0385338 0.0485596 0.0582795 0.0665905 0.0725449 0.0756353 0.0758397 0.0734894 0.0691131 0.063314 0.0566677 0.0496438 0.0425778 0.0356937 0.0291495 0.0230769 0.0176017 0.0128425 0.00889292 0.00579658 0.00352742
 0.00857503 0.0138183 0.0205986 0.0288103 0.0381946 0.0482149 0.0579802 0.0664003 0.0725267 0.0758291 0.0762395 0.0740327 0.0696922 0.0638103 0.0569938 0.0497726 0.042543 0.0355645 0.0289967 0.0229479 0.017514 0.0127911 0.00886404 0.00577772 0.00351205
 0.00848766 0.013677 0.020388 0.0285183 0.0378172 0.0477626 0.0574848 0.0659156 0.072122 0.0755752 0.0761917 0.0742142 0.0700831 0.064346 0.0575791 0.0503098 0.0429626 0.0358432 0.0291535 0.0230239 0.0175491 0.0128108 0.00887846 0.00578824 0.00351794
 0.00850776 0.0137025 0.0204127 0.0285304 0.0378009 0.0477013 0.0573653 0.0657335 0.0718859 0.0753105 0.0759393 0.0740237 0.0699991 0.0643925 0.057748 0.0505611 0.0432374 0.0360856 0.0293295 0.0231281 0.0175975 0.0128265 0.00887997 0.00578582 0.00351526
 0.00842163 0.0135735 0.0202388 0.0283164 0.0375559 0.0474353 0.0570871 0.0654517 0.0716117 0.0750595 0.0757328 0.0738875 0.0699592 0.0644688 0.0579466 0.0508672 0.0436148 0.0364837 0.0296979 0.0234313 0.0178216 0.0129773 0.00897377 0.00584057 0.00354547
 0.00841471 0.013568 0.0202412 0.0283363 0.0376033 0.0475162 0.0571988 0.0655797 0.0717309 0.0751392 0.0757454 0.0738183 0.0698146 0.0642775 0.0577514 0.0507108 0.043525 0.0364656 0.029735 0.0234958 0.0178875 0.0130286 0.00900613 0.0058574 0.00355261
 0.0084794 0.0136364 0.0202773 0.028287 0.0374166 0.0471678 0.0567126 0.065028 0.0712105 0.0747376 0.0755141 0.0737644 0.0699092 0.0644743 0.0580057 0.0509915 0.043816 0.0367588 0.0300222 0.0237637 0.0181203 0.0132143 0.00914089 0.00594603 0.00360544
 0.0085494 0.0137447 0.0204274 0.0284718 0.0376119 0.0473282 0.0567755 0.0649308 0.0709207 0.0742781 0.0749657 0.0732386 0.0695058 0.0642478 0.0579572 0.0510846 0.0440009 0.0369908 0.0302684 0.0240015 0.0183332 0.0133905 0.0092747 0.00603851 0.00366327
 0.00849155 0.0136729 0.0203603 0.0284399 0.0376485 0.0474533 0.0569818 0.0651782 0.071143 0.0744028 0.07494 0.073052 0.0691985 0.0638971 0.0576473 0.0508754 0.043913 0.0370101 0.0303619 0.0241333 0.0184736 0.0135188 0.00937899 0.00611465 0.00371324
 0.008296 0.0133876 0.0199929 0.028022 0.0372312 0.0470974 0.0567455 0.065105 0.0712486 0.0746645 0.0752957 0.073417 0.0694944 0.0640802 0.0577213 0.050882 0.0439072 0.0370344 0.0304332 0.0242441 0.0186034 0.0136455 0.00948674 0.00619595 0.0037681
 0.00793235 0.012857 0.0193081 0.0272366 0.0364292 0.0463721 0.0561815 0.0647677 0.071177 0.0748643 0.0757334 0.0740218 0.0701716 0.0647333 0.0582763 0.0513047 0.0442048 0.0372422 0.0305927 0.0243855 0.0187383 0.0137709 0.00959414 0.00627891 0.00382554
 0.00784198 0.0126603 0.018924 0.0265707 0.0354105 0.0450059 0.0545869 0.0631676 0.0698358 0.0740013 0.0754602 0.0743275 0.0709489 0.0658218 0.0595049 0.052524 0.0453095 0.0381784 0.0313512 0.0249839 0.0192027 0.0141245 0.00985429 0.00646027 0.00394316
 0.00852701 0.0136215 0.0200845 0.0277523 0.0363699 0.0455031 0.0544543 0.0623573 0.0684385 0.0722361 0.0736297 0.0727401 0.069833 0.0652704 0.0594737 0.0528756 0.0458745 0.0388072 0.0319408 0.0254822 0.0195959 0.0144202 0.0100675 0.00660689 0.00403801
 0.00902101 0.0144271 0.0212915 0.0294186 0.0384773 0.0479037 0.0568425 0.0643108 0.069539 0.072222 0.0724987 0.070747 0.0673922 0.0628178 0.0573476 0.0512549 0.0447806 0.0381525 0.0315937 0.0253193 0.0195285 0.0143967 0.0100629 0.00661008 0.00404387
 0.00890369 0.0143198 0.0212866 0.0296592 0.0391255 0.0490832 0.0585753 0.066473 0.0718559 0.0743109 0.0739592 0.0712806 0.066906 0.061459 0.0554458 0.0492003 0.0428997 0.0366351 0.030488 0.0245757 0.0190569 0.0141087 0.00989156 0.00651107 0.00398917
 0.00872676 0.0140496 0.0209181 0.0292148 0.0386688 0.0487294 0.0584864 0.0668225 0.0727611 0.0757567 0.0757583 0.0731023 0.0683729 0.0622735 0.0554901 0.0485637 0.041825 0.0354136 0.0293597 0.0236755 0.0184163 0.0136929 0.00964074 0.00636866 0.00391265
 0.00868212 0.0139716 0.020791 0.029022 0.0383991 0.0483887 0.058111 0.0664889 0.0725822 0.0758583 0.0762336 0.0739582 0.0694955 0.0634409 0.0564407 0.0490932 0.0418616 0.0350331 0.028735 0.0229955 0.0178204 0.0132456 0.00934414 0.00619144 0.00381593
 0.00857677 0.0138137 0.0205775 0.0287572 0.0380918 0.0480473 0.0577437 0.0661096 0.0722205 0.0755685 0.0760936 0.074052 0.0698781 0.0641002 0.0572774 0.0499407 0.0425437 0.0354324 0.0288329 0.0228638 0.0175732 0.0129864 0.00913485 0.00605034 0.00373372
 0.00854982 0.0137528 0.0204553 0.0285404 0.0377525 0.0475792 0.0571742 0.065498 0.0716417 0.0750923 0.0757729 0.0739238 0.0699698 0.064426 0.0578233 0.050647 0.0433049 0.0361239 0.0293544 0.0231745 0.0176969 0.0129871 0.00908085 0.0059899 0.00368878
 0.0085411 0.0137354 0.020422 0.028479 0.0376444 0.0474004 0.0569009 0.0651168 0.0711633 0.0745596 0.0752569 0.0735064 0.0697216 0.0643908 0.0580119 0.051036 0.043838 0.0367177 0.0299164 0.0236287 0.018007 0.0131603 0.00915427 0.00600725 0.00368378
 0.00857883 0.013788 0.0204846 0.028541 0.0376908 0.0474152 0.0568685 0.065023 0.0709958 0.0743115 0.0749348 0.0731376 0.0693558 0.0640907 0.057836 0.0510209 0.0439861 0.0369955 0.0302634 0.0239757 0.0182973 0.0133652 0.00927492 0.00606469 0.00370404
 0.00864872 0.0139076 0.0206746 0.028821 0.0380716 0.047887 0.0573921 0.0655315 0.0714089 0.0745569 0.0749663 0.0729447 0.0689648 0.0635603 0.057247 0.0504598 0.0435253 0.0366758 0.030087 0.0239121 0.0182999 0.0133905 0.00929548 0.00607129 0.00369967
 0.00855574 0.0137791 0.0205239 0.0286771 0.0379739 0.0478752 0.0574947 0.0657566 0.071738 0.0749443 0.0753457 0.0732451 0.0691298 0.0635645 0.0571029 0.0502127 0.0432387 0.0364122 0.0298898 0.0237961 0.0182536 0.0133878 0.00930988 0.0060855 0.00370724
 0.00847546 0.0136417 0.0203063 0.0283586 0.037547 0.0473602 0.0569489 0.0652689 0.0714047 0.0748364 0.0754837 0.0735926 0.0696078 0.0640774 0.0575662 0.0505742 0.0434857 0.0365653 0.029986 0.0238701 0.0183252 0.0134602 0.00937635 0.00613815 0.00374282
 0.00846783 0.0136182 0.0202497 0.0282442 0.0373468 0.0470511 0.0565245 0.0647496 0.0708434 0.0743143 0.0750936 0.0734123 0.0696725 0.0643663 0.0580101 0.0510813 0.0439726 0.0369789 0.0303087 0.0241112 0.0185046 0.0135957 0.00947846 0.00621203 0.0037922
 0.00851543 0.0136981 0.0203733 0.0284199 0.0375735 0.0473102 0.0567746 0.0649316 0.0708976 0.0742038 0.0748233 0.0730325 0.0692648 0.064016 0.0577772 0.0509829 0.0439849 0.0370554 0.0304038 0.0241956 0.0185682 0.0136409 0.00951097 0.00623603 0.0038095
 0.00850295 0.0136745 0.0203325 0.0283564 0.0374859 0.0472054 0.0566693 0.0648459 0.0708446 0.0741795 0.0748065 0.072997 0.0691974 0.0639276 0.0577001 0.0509541 0.0440269 0.0371653 0.030557 0.0243595 0.018716 0.0137587 0.00959664 0.00629398 0.00384626
 0.00846866 0.0136185 0.0202476 0.0282355 0.0373236 0.0470006 0.0564286 0.0645871 0.0705958 0.0739742 0.0746734 0.0729499 0.0692301 0.0640192 0.0578273 0.0511028 0.0441945 0.0373535 0.0307624 0.0245688 0.0189108 0.0139228 0.00972192 0.00638104 0.00390159
 0.00903259 0.0144974 0.0214968 0.0298738 0.039321 0.0492651 0.0587948 0.0668217 0.072435 0.0751837 0.0751065 0.072578 0.0681395 0.0623805 0.0558516 0.0490003 0.0421445 0.0354892 0.0291669 0.0232787 0.0179235 0.0132077 0.00923261 0.00606617 0.00371228
 0.00899858 0.0144836 0.0215532 0.0300733 0.0397426 0.0499644 0.0597765 0.0680273 0.0737498 0.0764578 0.0761807 0.0733116 0.0684361 0.0622086 0.0552517 0.048073 0.0410252 0.0343176 0.0280613 0.0223208 0.0171546 0.0126335 0.00883328 0.00580776 0.00355715
 0.00899719 0.0144919 0.0215875 0.0301619 0.0399262 0.0502937 0.0603015 0.0687799 0.0747209 0.0775803 0.0773298 0.0743277 0.0691644 0.0625378 0.0551384 0.0475475 0.0401792 0.0332803 0.0269702 0.0212952 0.0162774 0.011945 0.00833559 0.00547633 0.00335415
 0.00865302 0.0139524 0.0208156 0.0291433 0.038681 0.0488897 0.0588666 0.0674977 0.073801 0.0772056 0.0776016 0.0752298 0.0705598 0.0642014 0.0568152 0.0490163 0.0412998 0.0340103 0.0273504 0.0214163 0.0162431 0.0118434 0.00822558 0.00538726 0.00329378
 0.00851508 0.0137067 0.0204066 0.0285082 0.0377668 0.0476806 0.0574105 0.065917 0.0722787 0.0759516 0.0768109 0.0750416 0.0710227 0.0652539 0.058293 0.0506897 0.0429318 0.0354138 0.0284242 0.0221481 0.0166853 0.0120779 0.00833258 0.00542762 0.0033051
 0.00836661 0.0134623 0.020032 0.0279656 0.0370186 0.0466981 0.0561884 0.064491 0.0707381 0.0744416 0.0755178 0.0741596 0.0707094 0.0655866 0.0592421 0.0521194 0.0446305 0.0371462 0.0299882 0.0234156 0.0176148 0.0126983 0.00871172 0.00564101 0.00341649
 0.00871841 0.0139899 0.0207414 0.028828 0.0379712 0.0476489 0.0570214 0.0650744 0.0709436 0.0741776 0.0747652 0.0729955 0.0693033 0.0641661 0.0580343 0.0512882 0.0442346 0.0371347 0.0302337 0.0237687 0.0179542 0.0129565 0.00887372 0.00572511 0.0034515
 0.00892339 0.0143264 0.0212518 0.0295473 0.0389122 0.0487819 0.058258 0.0662696 0.0719237 0.0747818 0.0748837 0.0725921 0.0684233 0.0629319 0.0566274 0.0499134 0.0430711 0.036291 0.0297272 0.0235389 0.0179014 0.0129847 0.00891784 0.00575569 0.00346427
 0.00915912 0.0147185 0.0218578 0.0304251 0.0401054 0.0502969 0.0600387 0.0681845 0.0737763 0.0763429 0.0759362 0.0729765 0.0680731 0.0618908 0.0550422 0.0480041 0.041085 0.0344513 0.0281899 0.0223713 0.017089 0.0124607 0.00859887 0.00556871 0.00335723
 0.00918087 0.0147519 0.0219067 0.0304985 0.0402235 0.0504971 0.0603743 0.0687104 0.0745222 0.0772846 0.0769805 0.0739709 0.0688417 0.0622827 0.0549762 0.047493 0.0402314 0.0334161 0.0271451 0.0214543 0.016375 0.0119614 0.00828185 0.00538346 0.00325606
 0.00909331 0.0145995 0.02166 0.0301269 0.0397072 0.0498443 0.0596377 0.0679919 0.0739578 0.0770122 0.0770986 0.0745021 0.0697142 0.0633411 0.0560229 0.0483469 0.0407803 0.0336417 0.027111 0.021268 0.0161429 0.0117568 0.00813617 0.00529586 0.00321053
 0.00904631 0.0145185 0.0215287 0.0299251 0.0394127 0.0494381 0.0591131 0.0673657 0.07328 0.0763689 0.0766024 0.0742667 0.0698178 0.0637935 0.0567511 0.0492124 0.0416217 0.0343265 0.0275727 0.0215125 0.0162264 0.011751 0.00809926 0.00526076 0.00318811
 0.00901395 0.0144737 0.0214751 0.0298689 0.0393581 0.0493809 0.0590368 0.0672437 0.0730854 0.0760894 0.0762541 0.0739004 0.0695121 0.0636322 0.0567923 0.0494615 0.0420242 0.0347873 0.027993 0.0218257 0.0164139 0.0118344 0.00811814 0.00525148 0.00317337
 0.0090664 0.0145441 0.021554 0.0299394 0.039402 0.049387 0.0590059 0.0671854 0.0730087 0.075993 0.0761261 0.0737286 0.0693 0.0634089 0.0566083 0.0493692 0.0420532 0.0349282 0.0282008 0.0220407 0.016588 0.0119466 0.0081735 0.00526915 0.00317301
 0.00900711 0.0144439 0.0213961 0.0297059 0.0390776 0.0489667 0.0585029 0.0666363 0.0724715 0.075536 0.0758108 0.0735923 0.0693456 0.063609 0.0569216 0.0497575 0.0424898 0.0353922 0.0286674 0.0224773 0.0169609 0.0122334 0.0083704 0.0053894 0.00323839
 0.00926297 0.0148176 0.0218792 0.0302608 0.039645 0.0494788 0.0588961 0.0668589 0.0724899 0.0753423 0.0754286 0.0730756 0.0687671 0.0630425 0.0564251 0.0493654 0.0422142 0.0352292 0.0286016 0.0224849 0.0170123 0.0122994 0.0084293 0.00543088 0.00326217
 0.00928897 0.014873 0.0219851 0.0304402 0.0399115 0.0498216 0.0592707 0.0671936 0.0727087 0.0753932 0.0753009 0.0727988 0.068396 0.0626396 0.0560462 0.049052 0.0419895 0.0350986 0.0285558 0.0225042 0.017072 0.0123746 0.00850031 0.00548617 0.00329872
 0.00894069 0.0143894 0.0214109 0.0298708 0.0394685 0.0496117 0.0593488 0.0675467 0.0732631 0.0760368 0.0759128 0.0732783 0.0686869 0.0627383 0.0559931 0.0489105 0.0418231 0.0349555 0.0284621 0.0224654 0.0170783 0.0124087 0.0085442 0.00552654 0.00332889
#obs surv len freq
 nan nan nan nan nan nan nan nan nan nan nan nan nan nan nan nan nan nan nan nan nan nan nan nan nan
 0.00448711 0.00734964 0.0111808 0.0159981 0.0216994 0.027975 0.0342888 0.0400192 0.0446977 0.0481601 0.0505164 0.0520107 0.0529014 0.0534125 0.0537257 0.0539798 0.0542578 0.0545502 0.0546887 0.0542805 0.0527187 0.0493511 0.0438014 0.0362823 0.0276668
 0.00461139 0.00755544 0.0114971 0.0164531 0.0223134 0.0287495 0.0351958 0.0409992 0.0456678 0.0490314 0.051211 0.0524731 0.0531039 0.0533545 0.0534295 0.0534827 0.0536033 0.053781 0.053844 0.0533973 0.0518359 0.0485119 0.0430506 0.0356577 0.0271894
 0.00478083 0.0078295 0.0119072 0.0170282 0.0230751 0.0297044 0.0363254 0.0422539 0.0469698 0.0502848 0.0523151 0.0533358 0.0536528 0.0535465 0.0532545 0.0529618 0.0527817 0.0527182 0.0526065 0.0520556 0.050465 0.0471921 0.0418614 0.0346648 0.0264292
 0.00497326 0.0081467 0.0123925 0.0177239 0.0240136 0.0308941 0.0377374 0.0438187 0.0485882 0.0518475 0.0537186 0.0544885 0.0544769 0.053979 0.0532535 0.0525129 0.0519022 0.0514568 0.0510386 0.0502789 0.0485959 0.0453591 0.0401913 0.0332613 0.0253506
 0.00518715 0.00849588 0.012921 0.0184746 0.0250208 0.0321717 0.0392653 0.0455359 0.0503988 0.0536362 0.0553676 0.0558907 0.0555413 0.0546331 0.0534431 0.0522035 0.0510835 0.0501502 0.0493044 0.0482201 0.0463559 0.04311 0.0381098 0.0314947 0.0239846
 0.0054147 0.00886806 0.0134854 0.019277 0.0260971 0.033534 0.0408883 0.0473524 0.052309 0.055526 0.0571254 0.0574149 0.0567425 0.0554339 0.0537788 0.052024 0.050358 0.0488753 0.0475176 0.0460126 0.0438786 0.0405631 0.0357114 0.029434 0.0223781
 0.00565904 0.00926858 0.0140943 0.0201449 0.0272634 0.0350113 0.0426468 0.0493143 0.05436 0.0575378 0.0589769 0.0590032 0.057985 0.0562644 0.0541422 0.0518731 0.0496551 0.0476015 0.0456897 0.0437042 0.041235 0.0377963 0.033067 0.0271355 0.0205705
 0.00589467 0.0096576 0.0146909 0.0210037 0.0284286 0.0365005 0.0444332 0.0513207 0.0564693 0.0596155 0.0608931 0.0606465 0.0592672 0.0571193 0.0545209 0.0517374 0.0489733 0.0463531 0.043881 0.0413933 0.0385538 0.0349534 0.0303172 0.0247207 0.0186553
 0.00614762 0.010069 0.0153105 0.0218788 0.0295958 0.0379726 0.0461852 0.0532825 0.0585339 0.061657 0.0627856 0.0622772 0.0605435 0.0579706 0.0548967 0.0516022 0.0483016 0.0451294 0.0421114 0.0391283 0.0359132 0.0321343 0.0275696 0.0222895 0.016714
 0.00638949 0.0104669 0.0159178 0.0227475 0.0307657 0.0394543 0.0479441 0.0552346 0.06056 0.0636276 0.0645822 0.0638025 0.0617211 0.0587419 0.0552173 0.0514389 0.0476301 0.0439361 0.0404028 0.0369511 0.0333768 0.0294216 0.0249163 0.0199313 0.014822
 0.00660829 0.0108272 0.0164688 0.0235381 0.0318356 0.040819 0.0495787 0.0570675 0.0624816 0.0655107 0.0663033 0.0652571 0.06283 0.0594512 0.0554929 0.0512591 0.0469801 0.0428077 0.0388038 0.034924 0.0310207 0.0269018 0.022448 0.0177322 0.0130524
 0.006831 0.0111901 0.0170165 0.0243127 0.0328689 0.0421196 0.0511191 0.0587791 0.0642632 0.0672471 0.0678832 0.0665843 0.0638291 0.0600691 0.0556973 0.0510341 0.04632 0.0417145 0.0372925 0.0330374 0.0288486 0.0245919 0.0201917 0.0157236 0.0114353
 0.00706919 0.0115789 0.0176042 0.0251439 0.0339743 0.0435008 0.0527339 0.0605385 0.0660458 0.0689247 0.0693442 0.0677448 0.0646338 0.0604867 0.0557147 0.0506507 0.045543 0.0405572 0.0357786 0.0312129 0.026798 0.0224464 0.0181184 0.0138905 0.00996556
 0.00726487 0.0119059 0.0181126 0.025885 0.0349887 0.0448006 0.0542846 0.0622534 0.0678001 0.0705808 0.070777 0.0688588 0.0653684 0.060815 0.0556364 0.0501824 0.0447096 0.0393873 0.0343071 0.0294905 0.0249048 0.0204986 0.0162593 0.0122611 0.00866691
 0.00744213 0.0121946 0.0185485 0.0265025 0.0358161 0.0458501 0.055541 0.0636672 0.0692891 0.0720413 0.072099 0.06994 0.0661279 0.0612018 0.0556317 0.049795 0.0439672 0.0383282 0.0329774 0.0279487 0.0232296 0.0187946 0.0146487 0.0108606 0.00755733
 0.00754029 0.0123583 0.0188026 0.0268735 0.0363273 0.0465144 0.0563535 0.0646021 0.0703033 0.0730812 0.0731048 0.0708483 0.0668728 0.0617198 0.0558707 0.0497225 0.0435746 0.0376308 0.0320114 0.0267699 0.0219143 0.017439 0.0133599 0.00973751 0.00666717
 0.00761758 0.0124772 0.0189697 0.0270923 0.0366003 0.0468455 0.0567486 0.0650662 0.0708366 0.0736747 0.0737383 0.0714895 0.0674787 0.0622392 0.0562483 0.0499058 0.0435228 0.0373232 0.0314534 0.0259957 0.0209862 0.0164416 0.0123883 0.00887893 0.00598124
 0.00766264 0.0125476 0.0190701 0.0272249 0.0367639 0.0470358 0.0569586 0.0652893 0.0710705 0.073925 0.0740163 0.0718053 0.0678314 0.0626098 0.0565988 0.0501849 0.0436755 0.0373031 0.0312344 0.025581 0.0204117 0.0157713 0.0117022 0.00825371 0.00547214
 0.00773448 0.0126531 0.0192078 0.0273864 0.0369362 0.0472059 0.0571165 0.0654293 0.0711912 0.074029 0.0741112 0.0719037 0.0679473 0.0627525 0.0567654 0.0503549 0.043812 0.0373607 0.0311727 0.0253782 0.0200751 0.0153384 0.0112313 0.00780749 0.00509933
 0.00779007 0.0127422 0.0193389 0.0275643 0.0371595 0.0474625 0.0573823 0.0656719 0.071379 0.0741427 0.0741505 0.0718855 0.0678982 0.0626998 0.0567287 0.0503409 0.0438112 0.0373483 0.0311159 0.0252485 0.0198606 0.015052 0.0109076 0.00749075 0.00482814
 0.0078347 0.0128075 0.0194241 0.0276648 0.037269 0.0475762 0.0574984 0.0657892 0.0714938 0.0742462 0.0742305 0.0719316 0.0679078 0.0626805 0.0566953 0.0503083 0.0437869 0.0373276 0.0310825 0.0251811 0.0197437 0.0148847 0.0107066 0.00728428 0.00464453
 0.00783261 0.0128061 0.0194255 0.0276716 0.0372829 0.0475967 0.057522 0.0658118 0.0715133 0.074265 0.0742544 0.0719654 0.0679519 0.0627301 0.0567445 0.0503533 0.0438264 0.03736 0.0311018 0.0251769 0.0197053 0.0148084 0.0105997 0.00716382 0.00453049
 0.00785738 0.0128349 0.0194481 0.0276724 0.0372466 0.0475162 0.0574041 0.0656764 0.0713863 0.074169 0.0742025 0.0719612 0.0679918 0.0628063 0.0568461 0.0504681 0.0439424 0.0374667 0.0311903 0.0252389 0.0197344 0.014802 0.0105624 0.00710697 0.00446857
 0.00789823 0.0128973 0.0195336 0.0277777 0.0373621 0.0476249 0.0574836 0.0657039 0.0713479 0.0740675 0.0740589 0.0718072 0.0678581 0.0627132 0.0568001 0.0504645 0.0439696 0.0375108 0.0312377 0.0252779 0.0197563 0.0148026 0.0105429 0.00707349 0.00443015
 0.00790867 0.0129165 0.0195664 0.0278297 0.0374371 0.0477224 0.0575954 0.0658139 0.0714344 0.0741094 0.0740433 0.0717345 0.0677437 0.0625822 0.0566792 0.050373 0.0439154 0.0374906 0.0312408 0.0252914 0.0197685 0.0148058 0.0105343 0.00705552 0.00440775
 0.00788768 0.0128831 0.0195179 0.027765 0.0373586 0.0476371 0.0575157 0.0657547 0.0714085 0.0741211 0.0740854 0.0717914 0.0677978 0.0626219 0.0567032 0.0503889 0.0439343 0.0375204 0.0312827 0.0253398 0.0198148 0.0148422 0.0105567 0.0070643 0.00440671
 0.00789336 0.012887 0.0195141 0.0277449 0.0373134 0.0475621 0.0574136 0.0656374 0.0712939 0.074029 0.0740315 0.0717824 0.0678295 0.0626818 0.0567753 0.0504606 0.0439997 0.0375799 0.0313392 0.0253945 0.0198655 0.0148849 0.0105879 0.00708323 0.00441538
 0.00785686 0.0128282 0.0194265 0.0276231 0.0371538 0.0473653 0.0571867 0.0653952 0.0710588 0.0738275 0.0738896 0.0717201 0.0678558 0.0627915 0.0569506 0.0506757 0.0442281 0.0378005 0.0315387 0.0255665 0.0200075 0.0149964 0.0106698 0.00713842 0.00444885
 0.00786828 0.0128379 0.0194247 0.0275952 0.0370847 0.0472448 0.0570151 0.0651843 0.0708291 0.0736029 0.0736933 0.0715728 0.0677739 0.0627849 0.0570199 0.0508108 0.0444098 0.0380051 0.0317433 0.0257537 0.0201668 0.015123 0.0107637 0.00720282 0.00448924
 0.00785363 0.0128173 0.0193993 0.0275667 0.0370526 0.0472045 0.0569566 0.0650957 0.0707026 0.0734416 0.0735129 0.0713979 0.0676315 0.0626971 0.0569996 0.0508603 0.044521 0.0381612 0.0319228 0.0259347 0.0203313 0.0152596 0.0108679 0.00727581 0.00453598
 0.00782924 0.0127764 0.0193357 0.0274749 0.0369305 0.047056 0.0567931 0.0649339 0.0705582 0.0733235 0.0734218 0.0713302 0.0675858 0.062678 0.0570162 0.0509212 0.0446293 0.0383115 0.0321014 0.026123 0.0205103 0.0154142 0.0109896 0.00736315 0.00459305
 0.00780115 0.012731 0.0192679 0.0273801 0.0368056 0.0469009 0.0566127 0.0647398 0.0703677 0.0731564 0.0732954 0.0712552 0.0675635 0.0627031 0.0570811 0.0510202 0.044759 0.0384685 0.0322791 0.0263098 0.0206912 0.0155748 0.0111197 0.00745901 0.00465712
 0.00775315 0.012655 0.0191576 0.0272314 0.0366179 0.0466784 0.0563665 0.0644872 0.0701303 0.0729557 0.0731494 0.0711757 0.0675558 0.0627647 0.0572031 0.0511892 0.0449607 0.0386899 0.0325087 0.0265362 0.0209026 0.0157595 0.0112692 0.00757003 0.00473218
 0.00772023 0.0125955 0.0190573 0.0270744 0.0363916 0.0463807 0.0560119 0.064107 0.0697659 0.0726475 0.0729282 0.0710585 0.0675462 0.0628558 0.0573802 0.0514327 0.0452488 0.0390006 0.032822 0.0268349 0.0211721 0.0159889 0.0114517 0.0077044 0.00482289
 0.00932278 0.014841 0.0217716 0.0298722 0.0387865 0.0479628 0.0565895 0.0637363 0.0686748 0.0711207 0.0712202 0.0693562 0.065969 0.0614691 0.0562107 0.0504815 0.0445008 0.0384326 0.0324072 0.0265458 0.0209823 0.0158734 0.0113882 0.00767401 0.00481104
 0.00931305 0.0151208 0.0227138 0.0319385 0.0423271 0.0529446 0.0624232 0.069371 0.0729686 0.073289 0.071094 0.0673289 0.0627241 0.057689 0.0524061 0.046958 0.0414044 0.035811 0.0302564 0.0248366 0.0196724 0.0149122 0.0107186 0.00723536 0.00454329
 0.00895939 0.0145658 0.0219376 0.0309935 0.0413913 0.0523575 0.0626448 0.0708184 0.0757672 0.077087 0.0751049 0.0706289 0.0646361 0.058018 0.0514117 0.0451388 0.0392628 0.0337146 0.0284114 0.0233251 0.018502 0.0140521 0.0101207 0.00684482 0.00430561
 0.00880336 0.0142991 0.021513 0.0303619 0.0405212 0.0512684 0.0614503 0.0697541 0.0751708 0.0773047 0.076335 0.0727754 0.0672761 0.0605387 0.0532583 0.0460276 0.0392386 0.0330497 0.0274415 0.0223231 0.0176305 0.0133755 0.00963997 0.00652919 0.00411401
 0.00872864 0.0141757 0.0213226 0.0300832 0.0401304 0.050744 0.0607828 0.068964 0.0743313 0.0765586 0.0758874 0.0728407 0.0679816 0.0618305 0.0548772 0.0475944 0.04041 0.0336527 0.0275081 0.0220247 0.0171722 0.0129169 0.00926726 0.00626638 0.00394871
 0.0087184 0.0141499 0.0212666 0.0299775 0.0399541 0.050481 0.0604274 0.0685224 0.0738211 0.0760123 0.0753618 0.0724275 0.067801 0.0619943 0.0554283 0.0484572 0.0413965 0.0345332 0.028109 0.0222914 0.0171641 0.0127512 0.00905601 0.00608105 0.00381667
 0.00868579 0.014102 0.0212032 0.0298999 0.0398626 0.0503714 0.0602893 0.0683423 0.0735883 0.0757254 0.0750347 0.0720926 0.0675116 0.061821 0.055443 0.0487023 0.0418523 0.0351084 0.0286707 0.0227211 0.0174056 0.0128208 0.00901482 0.00599622 0.00373462
 0.00867328 0.014078 0.0211608 0.0298314 0.0397626 0.0502403 0.0601358 0.0681802 0.0734304 0.0755766 0.0748911 0.0719475 0.0673663 0.0616934 0.0553691 0.0487256 0.0420032 0.0353822 0.0290195 0.0230695 0.0176831 0.0129913 0.00908434 0.00599804 0.0037065
 0.00867731 0.0140852 0.0211725 0.0298481 0.0397825 0.0502578 0.0601416 0.0681635 0.0733831 0.0754974 0.0747852 0.0718235 0.0672327 0.0615593 0.0552478 0.0486383 0.0419753 0.0354321 0.0291448 0.0232425 0.0178605 0.0131334 0.00917165 0.00603424 0.00370936
 0.0086468 0.0140419 0.021119 0.029791 0.0397306 0.0502194 0.060121 0.0681601 0.073391 0.0755072 0.0747867 0.0718093 0.0672002 0.0615115 0.0551926 0.0485877 0.0419447 0.0354367 0.0291932 0.0233305 0.01797 0.0132393 0.00925367 0.00608431 0.0037317
 0.00864794 0.014039 0.0211063 0.0297612 0.0396782 0.0501449 0.0600336 0.0680762 0.0733282 0.0754765 0.0747883 0.0718333 0.067232 0.0615377 0.0552061 0.0485894 0.0419422 0.0354413 0.0292157 0.0233754 0.018033 0.0133088 0.00931593 0.00612995 0.00375875
 0.00865265 0.0140452 0.0211125 0.0297645 0.0396738 0.0501271 0.059997 0.0680184 0.0732525 0.0753934 0.0747132 0.0717807 0.0672095 0.0615436 0.0552309 0.0486217 0.0419743 0.0354719 0.0292481 0.0234141 0.0180793 0.0133592 0.00936349 0.0061683 0.00378484
 0.00862129 0.0140017 0.0210608 0.0297126 0.0396313 0.0501006 0.0599871 0.0680193 0.0732549 0.0753884 0.074697 0.0717563 0.0671851 0.0615287 0.0552321 0.0486396 0.0420046 0.0355087 0.0292874 0.0234544 0.0181204 0.0133998 0.009401 0.00619935 0.00380737
 0.00863596 0.0140191 0.0210755 0.0297166 0.0396175 0.0500677 0.0599421 0.0679755 0.0732253 0.0753794 0.0747044 0.0717692 0.0671928 0.0615263 0.0552217 0.0486277 0.0419976 0.0355099 0.0292969 0.0234705 0.0181409 0.0134225 0.00942339 0.00621905 0.00382263
 0.00863372 0.0140201 0.0210852 0.0297415 0.0396619 0.0501294 0.0600106 0.0680346 0.0732604 0.0753841 0.0746834 0.0717333 0.067152 0.0614857 0.0551817 0.0485882 0.04196 0.0354775 0.0292727 0.0234561 0.0181357 0.0134246 0.00942996 0.0062273 0.00383032
 0.00863372 0.0140201 0.0210852 0.0297415 0.0396619 0.0501294 0.0600106 0.0680346 0.0732604 0.0753841 0.0746834 0.0717333 0.067152 0.0614857 0.0551817 0.0485882 0.04196 0.0354775 0.0292727 0.0234561 0.0181357 0.0134246 0.00942996 0.0062273 0.00383032
 0.00903501 0.0146496 0.0219871 0.0309348 0.0411285 0.0518005 0.0617568 0.0696727 0.074587 0.0762268 0.0749449 0.0714099 0.0663244 0.060289 0.0537713 0.0471088 0.0405277 0.0341732 0.0281451 0.0225273 0.0174076 0.0128833 0.00905075 0.00597876 0.0036791
 0.00899931 0.0146407 0.0220643 0.0311822 0.0416322 0.0526123 0.0628613 0.0709777 0.0759428 0.0774612 0.0758997 0.0719693 0.0664316 0.0599538 0.0530639 0.0461415 0.0394287 0.0330616 0.0271138 0.0216367 0.0166868 0.0123358 0.00866133 0.00572072 0.00352078
 0.00899521 0.0146187 0.0220066 0.0310731 0.0414746 0.052447 0.0627742 0.0710796 0.0763229 0.0781374 0.076796 0.0729338 0.0672869 0.0605511 0.0533198 0.0460489 0.0390452 0.0324845 0.0264514 0.020984 0.0161111 0.0118731 0.00831986 0.00548888 0.00337622
 0.00870936 0.0141673 0.0213532 0.0301964 0.0403773 0.0511691 0.0614074 0.0697727 0.0752653 0.0775198 0.0767569 0.073512 0.0683991 0.0620093 0.0548842 0.0474955 0.0402198 0.0333247 0.0269752 0.0212592 0.0162211 0.0118919 0.00829991 0.00546051 0.00335277
 0.00869728 0.0141084 0.0211927 0.0298609 0.0397957 0.0503044 0.0602852 0.0684885 0.0739674 0.0763778 0.0759314 0.0731299 0.0685301 0.0626442 0.0559254 0.0487736 0.0415369 0.0345079 0.0279168 0.0219279 0.0166464 0.0121344 0.0084238 0.00551714 0.00337591
 0.0086273 0.0139987 0.021033 0.0296383 0.0394901 0.0498857 0.0597176 0.067747 0.0730613 0.0753699 0.07494 0.0723066 0.0680223 0.0625552 0.0562855 0.0495299 0.042564 0.0356403 0.0289935 0.0228324 0.0173259 0.0125946 0.00870672 0.00567609 0.00345809
 0.00882782 0.0143089 0.0214691 0.0302009 0.0401593 0.0506155 0.0604308 0.068337 0.073408 0.0753706 0.0745437 0.0715413 0.0669992 0.0614465 0.0552792 0.0487769 0.0421383 0.0355276 0.0291102 0.0230652 0.0175738 0.0127947 0.00883831 0.00574755 0.00348959
 0.00895519 0.0145347 0.0218417 0.030772 0.0409659 0.0516534 0.0616332 0.0695734 0.0745097 0.0761712 0.0749168 0.0714235 0.0664012 0.0604539 0.0540409 0.0474764 0.0409508 0.0345768 0.0284441 0.0226597 0.0173605 0.0126961 0.00879396 0.00572315 0.00347166
 0.0090813 0.0147502 0.0221856 0.031288 0.0416927 0.0526095 0.0627988 0.0708788 0.075837 0.0773698 0.075829 0.0719147 0.0663892 0.0599291 0.0530724 0.0462001 0.0395419 0.0332114 0.0272602 0.0217322 0.0166982 0.01226 0.00852483 0.00556445 0.00338092
 0.00897753 0.0145942 0.0219766 0.0310389 0.0414344 0.0523923 0.0626904 0.0709531 0.0761523 0.0779416 0.0766109 0.0727992 0.0672297 0.0605777 0.0534198 0.0462051 0.0392404 0.0327004 0.0266648 0.0211665 0.0162366 0.0119289 0.00831282 0.00544125 0.0033147
 0.00880422 0.0143072 0.0215371 0.0304138 0.0406109 0.0513989 0.0616127 0.0699322 0.0753567 0.077523 0.0766617 0.0733261 0.0681509 0.0617406 0.0546371 0.0473003 0.0400897 0.0332569 0.0269553 0.0212656 0.0162309 0.0118876 0.00827496 0.00541935 0.00330639
