SBPRF35
7.5317
Curr Bio
584074
B35
518077
F35
0.216386
FOFL
0.216386
OFL
103780
Bzero
2.15191e+06
#pred survey bio
 3.27172e+06 3.52477e+06 3.70644e+06 3.63157e+06 3.26828e+06 3.04941e+06 2.84015e+06 2.43589e+06 1.96932e+06 1.57357e+06 1.29426e+06 1.14945e+06 1.04176e+06 955605 856368 768673 686459 632186 580723 542787 536382 553526 557793 538161 531233 521562 508301 508639 509802 519851 530928 521714 514588 508067 520785 527602 502864 501188 528141 557644 542020 568796 615676 654354 702346 693559 671864 579224 505153 513430 538848 591089 636108 600190 537350 552520 643651 630865 526467 494367 568312 628700 622349 604575 600726 606215 605154 598432 592015 1.43873e+07 1.29173e+07 1.29466e+07 1.33543e+07 1.39626e+07 1.46113e+07 1.52049e+07 1.57017e+07 1.60947e+07 1.63943e+07 1.66173e+07 1.67809e+07 1.68998e+07 1.69861e+07 1.70486e+07 1.70941e+07 1.71273e+07 1.71516e+07 1.71696e+07 1.71829e+07 1.71929e+07 1.72003e+07 1.72059e+07 1.72102e+07 1.72134e+07 1.72158e+07 1.72177e+07 1.72191e+07 1.72202e+07 1.7221e+07 1.72216e+07 1.72221e+07 1.72225e+07 1.72228e+07 1.7223e+07 1.72232e+07 1.72233e+07 1.72234e+07 1.72235e+07 1.72236e+07 1.72236e+07 1.72236e+07 1.72237e+07 1.72237e+07 1.72237e+07 1.72237e+07 1.72237e+07 1.72237e+07 1.72237e+07 1.72237e+07 1.72238e+07 1.72238e+07 1.72238e+07 1.72238e+07 1.72238e+07 1.72238e+07 1.72238e+07 1.72238e+07 1.72238e+07 1.72238e+07 1.72238e+07 1.72238e+07 1.72238e+07 1.72238e+07 1.72238e+07 1.72238e+07 1.72238e+07 1.72238e+07 1.72238e+07 1.72238e+07 1.72238e+07 1.72238e+07 1.72238e+07 1.72238e+07 1.72238e+07 1.72238e+07 1.72238e+07 1.72238e+07 1.72238e+07 1.72238e+07 1.72238e+07 1.72238e+07 1.72238e+07 1.72238e+07 1.72238e+07 1.72238e+07 1.72238e+07 1.72238e+07 1.72238e+07 1.72238e+07 1.72238e+07 1.72238e+07 1.72238e+07 1.72238e+07 1.72238e+07 1.72238e+07 1.72238e+07 1.72238e+07 1.72238e+07 1.72238e+07 0 0 0 0 0 0 0 0 0 0 0 0 0 0 0 0 0 0 0 0 0 0 0 0 0
#obs survey bio
 2.46896e+06 3.46201e+06 4.13694e+06 4.83849e+06 2.50661e+06 3.02068e+06 2.99097e+06 2.29676e+06 1.98240e+06 1.71823e+06 912883 1.30931e+06 977223 879596 1.10846e+06 734614 751320 618339 651926 626608 531417 465100 797401 512144 602624 535640 396075 577921 469656 566807 553327 532467 514510 454544 506574 516923 408433 536099 471970 619369 399410 420945 697019 768888 837560 524337 765038 621881 431177 665080 463419 391692 982739 762454 415396 707122 737069 753070 446519 385186 758256 577096 602971 439669 760005 555508 564225 583143 672662
#pred catch bio
 89914 102140 148404 200896 235575 278063 263020 291478 301317 293384 272865 271312 258866 255857 234299 217959 179556 173176 153502 135046 122678 132307 123405 111814 112332 108975 106374 100008 97230.2 96922.8 105612 96533.8 104169 93079.6 87062.6 93083.1 93182.4 88052.8 89878.6 89339.8 88936.3 86885.1 93909.4 85920.4 87837.8 87588 92795.9 84617.7 92384.9 91367.6 84077.7 85665.3 114807 135670 106379 40644.1 100580 141960 104256 39889.9 35765.8 103165 98873.1 104750 91733.9 97691.1 91173.1 112343 75518.7 103780 101471 100262 102254 106289 110758 114811 118120 120643 122478 123767 124650 125242 125633 125889 126054 126160 126228 126271 126298 126315 126326 126333 126337 126340 126341 126342 126343 126343 126344 126344 126344 126344 126344 126344 126344 126344 126344 126344 126344 126344 126344 126344 126344 126344 126344 126344 126344 126344 126344 126344 126344 126344 126344 126344 126344 126344 126344 126344 126344 126344 126344 126344 126344 126344 126344 126344 126344 126344 126344 126344 126344 126344 126344 126344 126344 126344 126344 126344 126344 126344 126344 126344 126344 126344 126344 126344 126344 126344 126344 126344 126344 126344 126344 126344 126344 126344 126344 126344 126344 0 0 0 0 0 0 0 0 0 0 0 0 0 0 0 0 0 0 0 0 0 0 0 0 0
#obs catch bio
 0 101952 148372 200849 235696 278953 262342 291338 301260 293156 273578 272275 259888 255820 234340 218458 179087 173523 153111 135267 122883 133108 122907 111754 112418 108790 106655 99872.2 97275.2 96925.4 105706 96277.2 104387 93257.9 87011.5 92892.7 93293.1 88173.9 90102.8 89004.5 89122.7 86913.8 94002.9 85928.2 87715 87553.4 92749.1 84359.8 92914.4 91474.8 84187 85533 114582 135749 107515 40087.9 100851 142224 104881 39708.9 35415.2 104080 98662.9 105043 91576.7 97827.8 90848.2 113066 75263.4
#pred cpue bio
 3.23517e+06 3.48594e+06 3.66387e+06 3.58789e+06 3.2271e+06 3.00803e+06 2.7985e+06 2.39768e+06 1.93572e+06 1.54405e+06 1.26748e+06 1.12325e+06 1.01583e+06 929884 831371 744558 663495 610222 559864 522826 516350 532817 536867 517996 511281 501958 489215 489516 490787 500610 511536 502767 496065 489763 502319 509144 484205 480620 505544 534025 519475 545061 590086 627243 673574 665512 644758 555903 484698 492242 516766 567243 610839 576101 514332 527835 617189 605950 504305 472164 544298 605021 599099 581122 576512 581881 580972 574496 567656 1.38112e+07 1.24067e+07 1.2343e+07 1.26762e+07 1.32672e+07 1.39132e+07 1.45064e+07 1.50032e+07 1.53962e+07 1.56957e+07 1.59187e+07 1.60823e+07 1.62013e+07 1.62876e+07 1.63501e+07 1.63956e+07 1.64287e+07 1.64531e+07 1.64711e+07 1.64844e+07 1.64943e+07 1.65018e+07 1.65074e+07 1.65116e+07 1.65148e+07 1.65173e+07 1.65191e+07 1.65206e+07 1.65216e+07 1.65225e+07 1.65231e+07 1.65236e+07 1.6524e+07 1.65243e+07 1.65245e+07 1.65246e+07 1.65248e+07 1.65249e+07 1.6525e+07 1.6525e+07 1.65251e+07 1.65251e+07 1.65251e+07 1.65251e+07 1.65252e+07 1.65252e+07 1.65252e+07 1.65252e+07 1.65252e+07 1.65252e+07 1.65252e+07 1.65252e+07 1.65252e+07 1.65252e+07 1.65252e+07 1.65252e+07 1.65252e+07 1.65252e+07 1.65252e+07 1.65252e+07 1.65252e+07 1.65252e+07 1.65252e+07 1.65252e+07 1.65252e+07 1.65252e+07 1.65252e+07 1.65252e+07 1.65252e+07 1.65252e+07 1.65252e+07 1.65252e+07 1.65252e+07 1.65252e+07 1.65252e+07 1.65252e+07 1.65252e+07 1.65252e+07 1.65252e+07 1.65252e+07 1.65252e+07 1.65252e+07 1.65252e+07 1.65252e+07 1.65252e+07 1.65252e+07 1.65252e+07 1.65252e+07 1.65252e+07 1.65252e+07 1.65252e+07 1.65252e+07 1.65252e+07 1.65252e+07 1.65252e+07 1.65252e+07 1.65252e+07 1.65252e+07 1.65252e+07 1.65252e+07 0 0 0 0 0 0 0 0 0 0 0 0 0 0 0 0 0 0 0 0 0 0 0 0 0
#obs cpue bio
 3.66405e+06 3.95342e+06 4.2355e+06 3.33605e+06 2.95897e+06 2.43921e+06 3.95135e+06 2.50705e+06 1.91572e+06 1.49785e+06 1.34305e+06 938244 971110 1.26494e+06 615273 732387 692526 546391 608222 363368 463217 532683 628118 434798 441614 565670 485974 531001 474521 450721 528012 542165 435387 469296 563766 667868 490744 396530 511178 793140 466525 745081 573548 460599 729088 750081 677488 582417 340178 474045 505121 918201 525488 455871 395746 533386 630006 558077 485043 496327 620369 532766 720082 649391 512241 594022 743784 454692 565012
#pred surv len freq
 0.00422059 0.00697096 0.0107119 0.0154936 0.0212309 0.0276067 0.0340589 0.0399386 0.0447624 0.0483678 0.0508727 0.0525224 0.0535575 0.0541597 0.0544507 0.0545117 0.0544061 0.0541809 0.0538172 0.0531296 0.0516819 0.0488466 0.0440783 0.0372988 0.0291237
 0.00461643 0.00749233 0.0112744 0.0159523 0.021432 0.0274624 0.0335991 0.0393006 0.0441212 0.0478518 0.0505199 0.0522961 0.0534021 0.054053 0.0544229 0.0546259 0.0547132 0.0546738 0.0544089 0.0536698 0.052013 0.0488716 0.0438037 0.0368264 0.0285971
 0.00462649 0.00760669 0.0116174 0.0166734 0.0226351 0.029114 0.0354771 0.0410416 0.045363 0.0483905 0.0503782 0.0516673 0.0525251 0.0531123 0.0535233 0.053821 0.0540382 0.0541467 0.0540081 0.0533209 0.0516096 0.0483275 0.0431037 0.0360381 0.0278349
 0.00475585 0.00777955 0.0118169 0.0168829 0.0228698 0.0294516 0.0360527 0.0419846 0.0466955 0.049956 0.0518699 0.0527556 0.0530055 0.0529763 0.0529198 0.0529583 0.0530989 0.0532488 0.0532 0.0525904 0.0509041 0.0475904 0.0423145 0.0352328 0.0270893
 0.00502582 0.00820564 0.0124311 0.0176981 0.0238704 0.0305872 0.0372451 0.0431553 0.0478034 0.0510119 0.0528997 0.0537314 0.0538051 0.0534181 0.0528564 0.0523578 0.0520563 0.05193 0.0517664 0.0511498 0.0495048 0.0462475 0.0410466 0.034082 0.0261141
 0.0051842 0.00849327 0.0129187 0.0184673 0.0249909 0.0320815 0.039057 0.0451443 0.0497771 0.0527841 0.0543447 0.0548036 0.0545126 0.0537687 0.0528185 0.0518703 0.0510792 0.0504934 0.049977 0.0491562 0.0474533 0.0442597 0.0392213 0.0325021 0.0248414
 0.00535505 0.00877215 0.013343 0.019079 0.0258362 0.0332052 0.0404882 0.0468752 0.0517427 0.0548536 0.0563364 0.0565246 0.0558066 0.0545469 0.0530536 0.0515659 0.0502446 0.0491474 0.0481737 0.0470045 0.045112 0.0419108 0.0370389 0.0306262 0.0233577
 0.00555211 0.00908556 0.013802 0.0197074 0.0266499 0.0342098 0.0416756 0.0482248 0.0532255 0.0564332 0.0579602 0.0581089 0.0572305 0.0556666 0.0537343 0.0517102 0.0498046 0.048122 0.0466071 0.0449921 0.0428059 0.0395092 0.0347541 0.028641 0.0217873
 0.00571373 0.00937623 0.0142899 0.0204699 0.0277526 0.035674 0.0434526 0.0501955 0.0552318 0.0583264 0.0596362 0.0595148 0.0583432 0.0564616 0.0541629 0.0516995 0.0492769 0.0470243 0.044937 0.0428172 0.0402716 0.0368283 0.0321714 0.0263792 0.0199933
 0.00589859 0.00969074 0.0147907 0.0212225 0.0288222 0.0371071 0.0452537 0.0523081 0.057534 0.0606448 0.061777 0.0613042 0.0596621 0.0572576 0.0544338 0.0514582 0.0485234 0.0457426 0.0431202 0.0405062 0.0375863 0.0339724 0.0293998 0.0239363 0.0180474
 0.0061478 0.0101014 0.0154193 0.0221261 0.0300483 0.0386778 0.0471487 0.0544573 0.0598254 0.0629405 0.0639284 0.0631627 0.0610921 0.0581535 0.0547352 0.0511513 0.047626 0.0442841 0.0411364 0.0380577 0.03479 0.0310192 0.0265362 0.0214071 0.0160275
 0.00628423 0.0103539 0.0158562 0.0228299 0.0310971 0.0401156 0.0489581 0.0565516 0.0620671 0.0651736 0.0660064 0.064961 0.0625079 0.0591029 0.0551522 0.0509926 0.0468749 0.0429521 0.0392637 0.0357206 0.0321156 0.0281954 0.0237967 0.0189836 0.0140873
 0.00647377 0.0106606 0.0163168 0.023483 0.0319816 0.0412653 0.0503898 0.0582498 0.0639713 0.0671764 0.0679651 0.0667218 0.0639334 0.0600902 0.055636 0.050937 0.0462648 0.041791 0.0375814 0.0335863 0.0296527 0.0255855 0.0212609 0.016738 0.0122876
 0.00666566 0.0109764 0.0167989 0.0241714 0.0329053 0.0424288 0.0517624 0.0597667 0.06555 0.0687364 0.0694373 0.0680431 0.0650363 0.0608996 0.0560773 0.0509478 0.0458038 0.0408424 0.0361596 0.0317465 0.0275027 0.0232889 0.0190184 0.0147462 0.0106881
 0.00687409 0.0113248 0.0173401 0.0249593 0.033981 0.0438006 0.0533864 0.0615423 0.0673375 0.0703899 0.0708373 0.069115 0.06575 0.0612547 0.0560826 0.0506054 0.0451049 0.0397757 0.0347277 0.0299852 0.0254968 0.0211762 0.0169726 0.0129385 0.00924131
 0.00703323 0.0115897 0.0177507 0.0255579 0.0348051 0.0448703 0.0546896 0.063026 0.0689096 0.0719322 0.0722244 0.0702349 0.0665225 0.0616412 0.0560836 0.0502455 0.0444137 0.038777 0.0334423 0.0284469 0.0237724 0.0193747 0.0152351 0.011406 0.00801574
 0.00724047 0.0119191 0.0182325 0.0262156 0.0356516 0.0459024 0.055881 0.064324 0.0702401 0.0732103 0.0733647 0.0711589 0.0671645 0.0619547 0.0560472 0.0498645 0.0437144 0.0377966 0.0322224 0.0270358 0.0222355 0.0178033 0.0137414 0.0101008 0.00697818
 0.00726697 0.0119689 0.0183203 0.0263602 0.0358734 0.0462183 0.0563 0.0648459 0.0708564 0.0739055 0.0741149 0.0719272 0.0678973 0.0625848 0.0565035 0.0500857 0.0436617 0.0374591 0.0316166 0.0262027 0.0212388 0.0167278 0.0126855 0.00915917 0.00621923
 0.00740455 0.0121791 0.0186117 0.0267323 0.0363179 0.0467216 0.0568437 0.0654066 0.0714073 0.0744202 0.0745724 0.0723144 0.0682074 0.0628107 0.0566308 0.0500899 0.0435124 0.0371305 0.0310993 0.025512 0.0204179 0.0158443 0.0118207 0.00839053 0.00560179
 0.0075978 0.0124655 0.0189908 0.0271847 0.0368099 0.0472142 0.0573006 0.0657994 0.0717193 0.0746491 0.0747288 0.0724165 0.0682721 0.0628466 0.0566348 0.0500469 0.0433981 0.0369169 0.030764 0.0250494 0.0198471 0.0152102 0.0111851 0.00781645 0.00513574
 0.00770285 0.012629 0.0192222 0.0274846 0.037167 0.0476017 0.0576772 0.0661163 0.0719355 0.0747484 0.0747267 0.0723525 0.0681917 0.0627835 0.0566009 0.0500323 0.0433763 0.0368539 0.0306278 0.02482 0.0195251 0.01482 0.0107699 0.00742554 0.00480915
 0.00761982 0.0125068 0.0190624 0.0272979 0.0369713 0.0474185 0.057527 0.0660155 0.0718938 0.0747671 0.0748009 0.0724753 0.0683585 0.0629926 0.0568488 0.050307 0.0436545 0.0371024 0.0308109 0.0249093 0.0195088 0.0147086 0.0105939 0.00722546 0.00462292
 0.00769396 0.0126078 0.0191787 0.0274081 0.0370513 0.0474529 0.0575172 0.0659785 0.0718524 0.0747383 0.0747895 0.0724756 0.0683624 0.0629968 0.0568571 0.0503271 0.0436898 0.0371468 0.0308472 0.0249156 0.019468 0.0146168 0.0104631 0.00707911 0.00448602
 0.00785715 0.01284 0.019466 0.0277145 0.037326 0.0476447 0.0575883 0.0659144 0.0716661 0.0744682 0.0744902 0.0722021 0.0681536 0.0628673 0.0568005 0.0503258 0.0437249 0.037201 0.0309039 0.0249577 0.0194809 0.0145929 0.0104059 0.00700196 0.00440619
 0.00779666 0.0127716 0.0194167 0.0277226 0.0374251 0.0478401 0.0578424 0.066154 0.0718112 0.0744682 0.0743453 0.0719599 0.0678852 0.0626386 0.0566524 0.0502685 0.0437447 0.0372716 0.0309968 0.0250478 0.0195494 0.0146294 0.0104095 0.00698039 0.00437191
 0.00781262 0.0127825 0.0194075 0.0276759 0.0373324 0.0477156 0.0577272 0.0661017 0.071859 0.0746099 0.0745291 0.0721141 0.0679567 0.062617 0.056568 0.0501695 0.0436718 0.0372435 0.0310102 0.025086 0.0195923 0.0146613 0.010423 0.00697637 0.00435665
 0.00784599 0.0128334 0.0194765 0.0277586 0.0374175 0.0477843 0.0577577 0.0660783 0.071784 0.0745083 0.0744389 0.0720649 0.0679518 0.0626338 0.0565759 0.0501514 0.0436323 0.0372011 0.0309826 0.0250797 0.0196021 0.0146765 0.010434 0.00697886 0.00435162
 0.00784226 0.0128317 0.019482 0.0277783 0.0374577 0.0478469 0.0578361 0.0661572 0.0718426 0.0745288 0.0744148 0.0720058 0.0678795 0.0625705 0.0565326 0.0501252 0.043613 0.0371816 0.0309634 0.0250656 0.0195965 0.014678 0.010438 0.00698122 0.0043507
 0.00787404 0.0128623 0.0194902 0.0277337 0.0373319 0.0476293 0.0575457 0.0658406 0.0715576 0.0743229 0.0743104 0.0719994 0.0679513 0.0626971 0.0566942 0.0503061 0.0437991 0.0373598 0.031123 0.0252008 0.019706 0.014763 0.0105007 0.00702391 0.00437684
 0.00778986 0.012746 0.0193516 0.0275913 0.0372028 0.0475169 0.0574338 0.0657015 0.0713725 0.0740994 0.0740864 0.0718272 0.067874 0.0627317 0.0568297 0.0505137 0.0440453 0.0376148 0.0313642 0.0254134 0.0198818 0.0148999 0.0106007 0.00709203 0.00441954
 0.00769414 0.0125901 0.0191181 0.0272685 0.0367926 0.0470429 0.0569446 0.0652609 0.0710376 0.0738996 0.074017 0.0718636 0.0679923 0.0629204 0.057086 0.0508318 0.0444087 0.0379971 0.0317359 0.0257492 0.0201652 0.0151234 0.0107653 0.0072046 0.00449064
 0.00773961 0.0126545 0.0191967 0.027349 0.0368563 0.0470682 0.0569126 0.0651614 0.0708751 0.0736944 0.0737997 0.0716643 0.0678312 0.0628064 0.057022 0.0508202 0.0444508 0.0380889 0.0318652 0.0258972 0.0203115 0.0152519 0.010867 0.00727769 0.00453831
 0.0076673 0.0125479 0.0190564 0.0271819 0.0366728 0.046878 0.056721 0.0649709 0.0706878 0.0735169 0.073645 0.0715503 0.067776 0.0628215 0.0571086 0.0509694 0.0446482 0.0383187 0.0321112 0.0261423 0.0205389 0.0154472 0.0110212 0.00738903 0.00461158
 0.00765084 0.0125279 0.0190391 0.0271775 0.036693 0.0469313 0.0568083 0.0650819 0.0708015 0.0736051 0.0736803 0.0715156 0.067672 0.0626682 0.0569384 0.050816 0.0445366 0.0382605 0.0321052 0.0261785 0.0206019 0.0155206 0.011091 0.00744615 0.00465264
 0.00771733 0.0125956 0.0190679 0.027109 0.0364712 0.0465325 0.0562636 0.064476 0.0702446 0.0731931 0.0734653 0.0714977 0.0678117 0.0629085 0.0572263 0.0511156 0.0448306 0.038544 0.0323772 0.0264355 0.0208364 0.0157233 0.0112544 0.00756762 0.0047351
 0.00839448 0.0135507 0.0202332 0.028325 0.0375241 0.0472213 0.0564604 0.0641547 0.0694775 0.0721276 0.0722873 0.070388 0.0669039 0.0622641 0.0568373 0.0509295 0.0447825 0.0385787 0.0324575 0.0265387 0.020948 0.0158317 0.01135 0.00764389 0.00478995
 0.00916861 0.0147793 0.022016 0.0307058 0.0404492 0.0504929 0.0597159 0.0669148 0.0712766 0.0726717 0.0715531 0.0686088 0.0644633 0.0595645 0.054202 0.0485611 0.0427704 0.0369331 0.0311483 0.0255232 0.0201841 0.0152801 0.010972 0.00740073 0.00464447
 0.00911197 0.0148192 0.0223183 0.0315016 0.0419689 0.0528612 0.0628556 0.0705163 0.0748527 0.0756772 0.0735218 0.0692667 0.0637881 0.057773 0.0516685 0.0457021 0.0399411 0.0343733 0.0289791 0.0237768 0.0188398 0.0142915 0.0102816 0.00694704 0.00436659
 0.00879531 0.0143298 0.0216391 0.0306603 0.0410638 0.052081 0.0624714 0.0708184 0.0760344 0.0777157 0.0761305 0.0719633 0.066051 0.0592102 0.0521245 0.0452652 0.0388691 0.0329824 0.027547 0.0224914 0.0177935 0.0135038 0.00972855 0.00658457 0.00414579
 0.0086676 0.0140978 0.0212466 0.0300454 0.0401815 0.0509392 0.0611669 0.0695501 0.0750776 0.0773537 0.0765608 0.073209 0.0679205 0.0613374 0.0540841 0.0467147 0.0396491 0.0331321 0.0272436 0.0219561 0.017214 0.0129979 0.0093449 0.00632407 0.00398527
 0.00884454 0.0143293 0.0214894 0.0302198 0.040187 0.0506844 0.0606007 0.0686849 0.0740019 0.0762315 0.0756124 0.0726632 0.0679431 0.0619594 0.05517 0.0479993 0.0408322 0.0339871 0.0276834 0.0220297 0.0170504 0.0127362 0.00908745 0.00612234 0.00385021
 0.00884785 0.0143674 0.0216032 0.0304569 0.0405757 0.0511996 0.0611433 0.0690978 0.0741238 0.0759677 0.074983 0.0718075 0.0670772 0.0613052 0.0548794 0.0481005 0.0412246 0.0344893 0.0281139 0.0222772 0.0170984 0.0126401 0.00892757 0.00596432 0.00372839
 0.00885135 0.0143531 0.0215481 0.0303352 0.0403756 0.0509418 0.060887 0.0689195 0.0740747 0.0760352 0.0750895 0.0718531 0.0670024 0.0611315 0.0547005 0.048031 0.0413353 0.0347699 0.028482 0.0226247 0.0173451 0.0127612 0.00894717 0.00592806 0.00367696
 0.00890937 0.0144398 0.0216629 0.0304689 0.0405084 0.0510447 0.0609277 0.0688754 0.0739475 0.0758562 0.0749056 0.0716998 0.0668832 0.0610237 0.0545839 0.0479146 0.0412576 0.0347713 0.0285723 0.0227734 0.017499 0.0128751 0.00900356 0.00593648 0.00365942
 0.00883065 0.0143174 0.0214896 0.0302426 0.0402336 0.0507334 0.0605996 0.0685556 0.0736627 0.07563 0.0747579 0.0716464 0.0669326 0.0611705 0.054806 0.0481799 0.0415385 0.0350545 0.0288546 0.023049 0.0177516 0.0130829 0.00915195 0.00602562 0.00370264
 0.00888596 0.0143817 0.0215392 0.030241 0.040142 0.0505281 0.0602856 0.0681684 0.0732561 0.0752591 0.0744646 0.0714547 0.0668508 0.0611957 0.0549269 0.0483774 0.041788 0.0353304 0.0291351 0.0233169 0.0179926 0.0132842 0.00930457 0.00612829 0.0037626
 0.00867249 0.0140968 0.0212233 0.0299648 0.0399801 0.0505204 0.0604117 0.0683531 0.0734068 0.0753102 0.0744032 0.0713157 0.0666919 0.0610703 0.0548688 0.0483985 0.0418827 0.0354818 0.0293211 0.0235148 0.0181823 0.0134498 0.00943581 0.00622174 0.00382164
 0.00872928 0.0141545 0.0212497 0.029918 0.0398309 0.0502807 0.0601467 0.0681611 0.0733691 0.0754427 0.0746446 0.0715621 0.066853 0.0611097 0.0548071 0.0482882 0.0417772 0.0354161 0.029307 0.0235462 0.0182433 0.0135222 0.0095043 0.0062767 0.00385973
 0.00868466 0.0141143 0.021246 0.0299927 0.0400159 0.0505718 0.0604916 0.0684761 0.0735802 0.0755241 0.0746246 0.0714928 0.0667696 0.0610131 0.0546778 0.0481141 0.0415698 0.0352054 0.0291253 0.0234138 0.0181635 0.0134857 0.00949598 0.00628222 0.00386898
 0.00852095 0.0138983 0.0210146 0.0298145 0.0399751 0.0507408 0.0609014 0.069099 0.0743296 0.0762738 0.075244 0.0718867 0.0669048 0.0609162 0.0544102 0.0477417 0.0411476 0.0347768 0.0287262 0.0230724 0.0178966 0.0132957 0.00937296 0.00620984 0.0038302
 0.00862507 0.014004 0.0210604 0.0297147 0.0396566 0.0501936 0.0602125 0.0684388 0.0738884 0.0761812 0.0755166 0.0724305 0.0675643 0.0615383 0.0548915 0.0480439 0.0412844 0.0347897 0.0286633 0.0229765 0.0177995 0.0132162 0.00931814 0.00617767 0.00381429
 0.00859025 0.0139579 0.0210069 0.0296542 0.0395745 0.0500499 0.059947 0.0679999 0.0732786 0.0754879 0.0748991 0.0720581 0.0675396 0.0618531 0.0554401 0.0486793 0.0418783 0.0352671 0.0290043 0.0231982 0.0179341 0.0132954 0.00936538 0.00620724 0.00383349
 0.00843264 0.0137201 0.0206843 0.029257 0.039127 0.0495859 0.0595023 0.0676025 0.0729384 0.0751975 0.0746496 0.0718643 0.067451 0.0619358 0.0557361 0.049173 0.0424962 0.0359084 0.0295813 0.0236608 0.0182721 0.0135251 0.00951312 0.00629825 0.00388737
 0.00873529 0.0141635 0.0212608 0.0299273 0.0398299 0.0502553 0.0600805 0.0680433 0.0732048 0.0752592 0.0744864 0.0714747 0.0668648 0.0612211 0.054992 0.0485026 0.0419725 0.0355531 0.0293684 0.023541 0.0181994 0.0134716 0.00946866 0.00626236 0.00386143
 0.00918111 0.0148948 0.0223675 0.0314809 0.0418489 0.0526617 0.0626696 0.0705024 0.0751895 0.076495 0.0748405 0.070968 0.0656333 0.059464 0.0529289 0.0463462 0.0399074 0.0337161 0.027836 0.0223311 0.0172871 0.0128107 0.00900912 0.00595811 0.00367207
 0.00891341 0.014538 0.0219784 0.0311683 0.0417535 0.0529159 0.0633552 0.0716186 0.0766399 0.0780952 0.0763524 0.072156 0.066326 0.0595943 0.0525381 0.0455566 0.0388812 0.0326162 0.0267962 0.0214388 0.0165809 0.0122895 0.0086478 0.00572226 0.00352759
 0.008289 0.0134848 0.0203345 0.028791 0.03859 0.0490959 0.0592545 0.067826 0.0738058 0.0767242 0.0766429 0.0739604 0.0692301 0.0630617 0.0560582 0.0487496 0.0415409 0.0346935 0.0283473 0.022566 0.0173876 0.0128588 0.0090396 0.00598042 0.00368732
 0.00856107 0.0138723 0.0208087 0.0292715 0.0389426 0.0491476 0.0588288 0.0668048 0.0722062 0.07475 0.0746629 0.0723982 0.0684113 0.063098 0.0568275 0.0499716 0.0428968 0.0359304 0.0293283 0.0232636 0.0178441 0.0131409 0.00920849 0.00607975 0.00374451
 0.0092836 0.0150221 0.0224857 0.0315311 0.0417599 0.0523712 0.0621471 0.0697634 0.074302 0.0755786 0.0740563 0.0704901 0.0656001 0.0599205 0.0537917 0.0474185 0.040947 0.0345241 0.0283195 0.0225097 0.0172529 0.0126721 0.00885006 0.00582453 0.00357833
 0.00916884 0.0149259 0.0225084 0.0318238 0.0424867 0.0536463 0.0639735 0.0720024 0.0766858 0.0777577 0.0756706 0.0712528 0.0653795 0.0587886 0.0520092 0.0453503 0.0389419 0.0328172 0.026998 0.0215458 0.0165666 0.0121841 0.00850467 0.00558704 0.00342437
 0.00830358 0.0135519 0.0205137 0.029159 0.0392137 0.0499932 0.0603617 0.0689953 0.0748402 0.0774334 0.076897 0.0737228 0.0685641 0.0621127 0.0550146 0.0477903 0.0407854 0.0341756 0.0280239 0.0223559 0.0172179 0.0126921 0.00887464 0.00583366 0.0035737
 0.00814078 0.0131817 0.0197634 0.0278087 0.0370592 0.0469459 0.0565437 0.0647738 0.0707744 0.0741503 0.0749374 0.0734013 0.0698831 0.0647632 0.0584735 0.0514828 0.0442421 0.0371225 0.0303802 0.0241674 0.0185771 0.0136875 0.00957646 0.00630103 0.00386263
 0.00860259 0.0139267 0.0208613 0.0292862 0.0388535 0.0488547 0.0582083 0.0657436 0.0706585 0.072795 0.0725293 0.0704295 0.0669739 0.0624679 0.0571022 0.0510476 0.0445189 0.0377856 0.0311375 0.0248371 0.019091 0.0140504 0.00982049 0.00645886 0.00395964
 0.00873169 0.0141707 0.0212918 0.0299915 0.0399158 0.0503098 0.059999 0.0676867 0.0724482 0.0740574 0.0729259 0.0697834 0.065363 0.0602261 0.0547113 0.0489645 0.0430262 0.0369362 0.0308037 0.0248165 0.0192031 0.0141826 0.00992539 0.00652846 0.00400127
 0.00861559 0.0140327 0.0211801 0.0299878 0.0401213 0.0508185 0.0608678 0.0689121 0.0739507 0.0756728 0.0744123 0.0708571 0.0657735 0.0598497 0.0536168 0.0474062 0.0413538 0.0354649 0.0297151 0.0241351 0.0188443 0.0140263 0.00987114 0.00651479 0.00399968
 0.00854421 0.0138854 0.0209054 0.0295313 0.0394557 0.0499827 0.0599918 0.068202 0.0736263 0.0758851 0.0751791 0.072046 0.0671353 0.0610897 0.0544848 0.0477764 0.0412602 0.0350716 0.0292331 0.0237327 0.0185979 0.0139273 0.00986669 0.00655006 0.00403914
 0.008652 0.0140418 0.0211031 0.0297443 0.0396378 0.0500725 0.0599272 0.0679458 0.0731984 0.0753807 0.0747521 0.0718526 0.0672618 0.0615052 0.0550483 0.0482967 0.041579 0.0351262 0.0290677 0.0234579 0.0183268 0.013729 0.00975591 0.00650599 0.00403146
 0.00867501 0.0140831 0.0211715 0.029848 0.0397791 0.0502401 0.0600906 0.0680564 0.0732029 0.0752436 0.0744802 0.0715073 0.0669462 0.0613246 0.0550599 0.0484788 0.0418407 0.0353552 0.0291862 0.0234524 0.0182383 0.0136168 0.00966428 0.00645097 0.00400764
 0.00867628 0.0141248 0.0213059 0.0301445 0.0403011 0.0510112 0.061066 0.0691195 0.0741917 0.0759953 0.0748739 0.0714928 0.0665545 0.0606585 0.0542632 0.0476904 0.0411519 0.0347919 0.0287249 0.0230563 0.0178871 0.0133138 0.00942346 0.00628003 0.00390074
#obs surv len freq
 nan nan nan nan nan nan nan nan nan nan nan nan nan nan nan nan nan nan nan nan nan nan nan nan nan
 0.00448352 0.00734432 0.0111738 0.0159897 0.0216901 0.0279655 0.0342796 0.0400111 0.044691 0.0481553 0.0505137 0.0520102 0.052903 0.0534158 0.0537305 0.0539857 0.0542645 0.0545574 0.0546963 0.0542882 0.0527262 0.0493583 0.0438078 0.0362876 0.0276709
 0.00461628 0.00756178 0.0115037 0.016458 0.0223143 0.0287451 0.0351863 0.0409864 0.045654 0.0490191 0.0512015 0.0524668 0.0531006 0.0533537 0.0534307 0.0534855 0.0536073 0.053786 0.0538496 0.0534033 0.0518419 0.0485177 0.0430557 0.0356619 0.0271927
 0.00477933 0.00782926 0.0119108 0.0170388 0.0230956 0.0297349 0.0363626 0.0422913 0.0470002 0.0503033 0.0523205 0.0533301 0.0536399 0.0535299 0.0532366 0.052944 0.0527645 0.0527017 0.0525907 0.0520403 0.0504505 0.0471787 0.0418496 0.0346551 0.0264218
 0.00497072 0.00814149 0.0123828 0.0177081 0.0239912 0.0308669 0.0377104 0.0437984 0.0485801 0.051853 0.0537343 0.0545082 0.0544949 0.0539923 0.0532621 0.0525185 0.0519068 0.0514616 0.0510443 0.0502855 0.048603 0.0453661 0.0401978 0.0332668 0.0253549
 0.00518693 0.00849578 0.0129212 0.0184751 0.0250213 0.0321708 0.0392612 0.0455273 0.0503862 0.0536225 0.0553571 0.055887 0.0555452 0.0546423 0.0534536 0.0522122 0.0510891 0.0501532 0.0493061 0.0482215 0.0463576 0.043112 0.0381119 0.0314966 0.0239862
 0.00539462 0.00883771 0.013444 0.0192256 0.0260382 0.0334711 0.0408257 0.0472944 0.0522596 0.0554881 0.0571009 0.0574052 0.0567485 0.0554556 0.0538142 0.0520695 0.0504091 0.0489282 0.0475699 0.0460633 0.043927 0.040608 0.0357512 0.0294671 0.0224034
 0.00564255 0.00924081 0.0140509 0.0200819 0.0271783 0.0349055 0.042527 0.0491922 0.0542493 0.0574504 0.0589196 0.0589779 0.0579895 0.0562948 0.0541941 0.0519422 0.0497369 0.0476913 0.0457831 0.0437973 0.0413245 0.037879 0.0331397 0.0271954 0.020616
 0.00588836 0.00964383 0.0146637 0.0209552 0.028351 0.036389 0.0442893 0.0511531 0.0562931 0.0594495 0.0607553 0.0605509 0.0592214 0.0571238 0.0545703 0.051823 0.0490858 0.0464837 0.0440217 0.0415371 0.0386941 0.0350838 0.0304318 0.0248147 0.0187265
 0.00612843 0.0100397 0.01527 0.0218262 0.0295303 0.0378922 0.0460867 0.0531633 0.0583945 0.0615038 0.0626313 0.0621392 0.0604394 0.0579141 0.0548944 0.0516529 0.0483978 0.0452603 0.042265 0.0392931 0.0360784 0.03229 0.0277072 0.0224025 0.0167994
 0.00638177 0.0104526 0.0158933 0.0227086 0.0307091 0.0393795 0.047854 0.0551351 0.0604571 0.0635251 0.0644814 0.0637048 0.0616314 0.0586696 0.0551744 0.0514357 0.0476718 0.0440207 0.0405223 0.0370936 0.033529 0.0295703 0.0250502 0.0200423 0.0149062
 0.00663304 0.0108659 0.0165239 0.0236099 0.0319214 0.0409119 0.0496675 0.057138 0.0625203 0.0655086 0.0662583 0.0651732 0.0627159 0.0593184 0.0553557 0.0511332 0.0468802 0.0427442 0.0387805 0.034937 0.0310607 0.0269568 0.0225064 0.0177849 0.0130943
 0.00684302 0.0112117 0.017053 0.0243697 0.032951 0.0422275 0.051247 0.0589141 0.0643876 0.0673422 0.0679339 0.0665824 0.0637745 0.0599692 0.0555653 0.0508867 0.0461748 0.0415876 0.0371955 0.0329753 0.0288196 0.0245885 0.020204 0.0157423 0.0114536
 0.00707538 0.0115913 0.0176275 0.0251839 0.0340371 0.0435911 0.0528519 0.0606789 0.0661976 0.0690719 0.0694683 0.0678282 0.0646635 0.0604573 0.0556301 0.050523 0.0453899 0.0403983 0.0356319 0.0310913 0.0267077 0.0223869 0.0180841 0.0138738 0.00995913
 0.00727354 0.0119192 0.0181312 0.0259094 0.0350202 0.0448413 0.0543376 0.0623223 0.0678862 0.0706817 0.0708851 0.0689613 0.06545 0.0608611 0.0556369 0.0501352 0.0446209 0.0392706 0.0341797 0.0293692 0.024802 0.0204207 0.0162063 0.0122288 0.00864925
 0.00744231 0.0121971 0.0185561 0.0265191 0.0358451 0.0458929 0.0555959 0.06373 0.0693549 0.072107 0.0721631 0.070002 0.066185 0.0612476 0.0556572 0.0497917 0.0439305 0.0382601 0.0328868 0.0278488 0.0231341 0.0187138 0.0145877 0.0108193 0.00753215
 0.00753642 0.0123507 0.018789 0.0268517 0.0362966 0.0464771 0.056316 0.0645736 0.0702928 0.073094 0.0731412 0.0709039 0.0669408 0.0617926 0.05594 0.0497797 0.0436115 0.0376421 0.0319969 0.026735 0.0218685 0.0173925 0.0133203 0.00970847 0.00664862
 0.00763094 0.0124972 0.0189964 0.0271242 0.0366344 0.0468774 0.0567732 0.0650794 0.0708369 0.0736645 0.0737236 0.0714774 0.0674748 0.0622452 0.0562619 0.0499219 0.0435349 0.037325 0.0314412 0.0259693 0.0209495 0.0164011 0.0123507 0.0088488 0.00596017
 0.00764984 0.0125283 0.0190437 0.027192 0.036726 0.046995 0.0569175 0.0652507 0.0710372 0.0738995 0.0740013 0.0718033 0.0678447 0.0626395 0.0566437 0.0502406 0.0437352 0.0373588 0.0312791 0.0256105 0.0204255 0.0157727 0.011696 0.00824506 0.00546437
 0.00772366 0.0126341 0.0191768 0.0273394 0.0368707 0.0471228 0.0570216 0.0653334 0.0711066 0.0739664 0.0740771 0.0718993 0.0679704 0.062799 0.0568304 0.0504331 0.0438971 0.0374457 0.0312503 0.0254425 0.0201228 0.0153696 0.0112489 0.00781584 0.00510243
 0.00778081 0.012726 0.0193125 0.0275239 0.0371014 0.0473847 0.0572862 0.0655631 0.0712673 0.0740409 0.0740716 0.0718397 0.0678909 0.0627304 0.0567917 0.0504278 0.0439121 0.0374538 0.0312171 0.0253381 0.0199338 0.0151066 0.0109447 0.00751372 0.00484102
 0.00781353 0.0127751 0.019379 0.0276068 0.037199 0.0474958 0.0574096 0.0656953 0.0713992 0.0741573 0.074155 0.0718777 0.0678833 0.0626902 0.05674 0.0503841 0.0438856 0.0374389 0.0311956 0.0252864 0.019834 0.0149561 0.0107584 0.00731869 0.00466539
 0.00785871 0.0128414 0.0194654 0.0277076 0.0373049 0.047597 0.0574981 0.0657666 0.0714529 0.0741958 0.0741812 0.0718926 0.0678845 0.0626747 0.0567079 0.050341 0.0438399 0.0373965 0.0311544 0.0252368 0.019764 0.0148593 0.0106393 0.00719151 0.00454792
 0.0078773 0.0128715 0.0195101 0.0277686 0.0373817 0.0476845 0.0575867 0.0658434 0.0715062 0.07422 0.0741791 0.0718733 0.0678586 0.0626492 0.0566849 0.0503189 0.043817 0.0373717 0.0311266 0.0252028 0.0197189 0.0147993 0.0105656 0.00711163 0.00447241
 0.00788919 0.0128863 0.0195241 0.0277764 0.0373779 0.0476673 0.0575595 0.0658138 0.0714828 0.0742079 0.0741789 0.0718825 0.0678744 0.0626705 0.0567114 0.0503496 0.0438492 0.0374014 0.0311495 0.0252148 0.0197167 0.0147813 0.0105336 0.00707076 0.00443013
 0.00789855 0.0129023 0.0195494 0.027813 0.0374254 0.0477216 0.0576118 0.0658531 0.0715 0.0742003 0.0741514 0.0718446 0.0678359 0.062638 0.0566877 0.0503349 0.0438421 0.0373994 0.0311493 0.0252125 0.0197086 0.0147655 0.0105103 0.00704273 0.00440176
 0.00790122 0.0129023 0.0195416 0.0277908 0.0373834 0.047659 0.0575352 0.0657748 0.0714331 0.0741542 0.0741288 0.0718434 0.0678522 0.0626688 0.0567307 0.0503876 0.0439008 0.0374595 0.0312057 0.0252605 0.0197447 0.0147877 0.0105191 0.00704102 0.00439377
 0.00789311 0.0128873 0.0195158 0.0277488 0.03732 0.0475705 0.0574216 0.0656424 0.0712947 0.0740274 0.0740322 0.0717912 0.0678506 0.0627145 0.0568139 0.0504953 0.0440207 0.0375809 0.0313198 0.0253605 0.0198258 0.0148478 0.0105587 0.00706323 0.00440343
 0.00787669 0.0128572 0.0194642 0.0276669 0.0372001 0.0474103 0.0572273 0.065429 0.0710835 0.0738408 0.0738902 0.0717088 0.0678361 0.0627688 0.0569296 0.0506581 0.0442119 0.0377813 0.0315126 0.0255328 0.0199694 0.0149589 0.0106379 0.00711457 0.00443322
 0.00784631 0.0128075 0.0193889 0.0275598 0.0370563 0.0472282 0.057011 0.0651899 0.0708398 0.0736156 0.0737071 0.071588 0.0677915 0.0628052 0.0570426 0.0508351 0.0444342 0.0380267 0.031759 0.025761 0.0201653 0.015115 0.0107527 0.00719224 0.00448105
 0.00783427 0.0127828 0.0193424 0.02748 0.0369326 0.0470555 0.0567936 0.0649425 0.0705844 0.0733759 0.0735047 0.0714407 0.0677121 0.0628015 0.0571158 0.0509791 0.0446353 0.0382655 0.0320128 0.0260073 0.0203854 0.0152962 0.0108902 0.00728781 0.00454171
 0.00783237 0.0127823 0.0193457 0.0274895 0.0369482 0.0470713 0.0567969 0.0649166 0.0705149 0.0732579 0.0733467 0.0712626 0.0675397 0.0626596 0.0570239 0.0509485 0.0446681 0.0383546 0.0321433 0.0261594 0.0205387 0.0154338 0.0110013 0.00736894 0.00459518
 0.00778486 0.012706 0.0192332 0.0273362 0.0367547 0.0468467 0.0565604 0.0646937 0.0703304 0.0731272 0.0732718 0.0712356 0.0675504 0.062702 0.0570977 0.0510566 0.0448125 0.0385325 0.0323456 0.0263717 0.0207435 0.015615 0.0111478 0.00747683 0.00466726
 0.00773992 0.0126293 0.0191114 0.0271555 0.0365051 0.0465283 0.0561891 0.0643027 0.069964 0.0728303 0.0730785 0.0711616 0.0675915 0.062839 0.0573047 0.051309 0.0450916 0.0388251 0.0326406 0.0266572 0.0210061 0.0158418 0.0113297 0.00761082 0.00475734
 0.00774719 0.0126337 0.0191039 0.0271223 0.0364297 0.0463965 0.0559935 0.0640471 0.0696647 0.0725153 0.0727841 0.0709254 0.0674441 0.0627961 0.0573645 0.0514553 0.0453002 0.0390711 0.0329023 0.0269165 0.0212478 0.016053 0.0115013 0.00773934 0.0048452
 0.00931704 0.0148392 0.0217824 0.0299068 0.0388546 0.0480657 0.0567151 0.0638602 0.0687675 0.0711581 0.0711916 0.0692679 0.0658408 0.0613272 0.05608 0.0503792 0.0444345 0.0384012 0.032404 0.0265619 0.0210087 0.0159025 0.0114145 0.00769447 0.00482506
 0.00930447 0.0151058 0.0226898 0.0319042 0.0422843 0.0529007 0.062391 0.0693652 0.0729982 0.0733506 0.0711706 0.0673965 0.0627622 0.0576893 0.0523746 0.0469101 0.0413577 0.0357784 0.0302435 0.024842 0.0196905 0.014936 0.0107422 0.00725495 0.0045574
 0.00895978 0.0145678 0.021943 0.0310041 0.0414081 0.0523795 0.0626687 0.0708402 0.0757852 0.0771032 0.0751231 0.0706509 0.0646579 0.0580307 0.0514062 0.0451117 0.039219 0.0336646 0.0283665 0.023293 0.0184846 0.014047 0.0101233 0.00685055 0.00431141
 0.0087937 0.014284 0.0214914 0.030334 0.0404881 0.0512332 0.0614177 0.0697295 0.0751588 0.0773071 0.076351 0.0728028 0.0673117 0.0605783 0.0532964 0.0460579 0.0392564 0.0330546 0.0274373 0.022316 0.0176256 0.0133753 0.00964394 0.00653519 0.00411993
 0.00872069 0.0141585 0.0212887 0.0300242 0.0400391 0.0506194 0.0606335 0.0688083 0.0741925 0.0764583 0.0758397 0.0728491 0.0680402 0.0619268 0.0549955 0.0477192 0.0405282 0.0337555 0.0275916 0.0220893 0.0172211 0.0129541 0.00929554 0.00628741 0.00396353
 0.00869132 0.0141095 0.0212123 0.0299101 0.0398752 0.0503909 0.0603252 0.0684081 0.073699 0.075893 0.0752621 0.0723651 0.0677892 0.0620369 0.0555184 0.0485802 0.0415345 0.0346697 0.0282319 0.0223939 0.0172447 0.0128116 0.00909955 0.00611115 0.00383643
 0.00871198 0.0141383 0.0212464 0.0299432 0.0398977 0.0503913 0.0602908 0.068325 0.0735528 0.0756721 0.0749644 0.0720095 0.067425 0.0617445 0.0553902 0.0486814 0.0418633 0.035144 0.0287197 0.0227727 0.0174521 0.0128583 0.00904266 0.00601551 0.00374718
 0.00867859 0.0140909 0.0211875 0.0298792 0.0398362 0.0503376 0.060245 0.0682819 0.0735035 0.0756064 0.0748731 0.0718871 0.0672749 0.0615853 0.0552592 0.0486278 0.0419281 0.0353348 0.0289981 0.0230677 0.0176927 0.013005 0.00909741 0.00600832 0.00371362
 0.00866065 0.0140613 0.0211427 0.0298165 0.0397559 0.0502449 0.0601507 0.0681999 0.0734455 0.075576 0.0748635 0.0718837 0.067262 0.0615541 0.0552136 0.048587 0.0419204 0.0353851 0.0291127 0.0232268 0.0178582 0.0131393 0.00918069 0.00604289 0.00371599
 0.00865179 0.0140446 0.0211132 0.0297686 0.0396843 0.0501477 0.0600316 0.0680695 0.0733197 0.0754723 0.0747958 0.0718575 0.0672729 0.0615896 0.0552596 0.0486346 0.041971 0.0354483 0.0291985 0.023336 0.0179788 0.0132513 0.00926654 0.00609579 0.00374043
 0.00863576 0.0140223 0.0210866 0.0297409 0.0396587 0.0501246 0.0600074 0.0680377 0.0732749 0.0754135 0.0747289 0.0717938 0.0672244 0.0615643 0.0552586 0.0486535 0.042004 0.0354923 0.0292537 0.0234031 0.0180542 0.0133264 0.00933081 0.00614207 0.00376775
 0.00862969 0.0140097 0.0210628 0.0297009 0.0395992 0.0500469 0.0599192 0.0679514 0.0732025 0.0753621 0.0746983 0.0717795 0.0672219 0.0615722 0.0552783 0.0486866 0.0420502 0.0355492 0.0293184 0.0234724 0.0181247 0.0133931 0.00938824 0.00618583 0.00379666
 0.008642 0.014031 0.0210967 0.0297504 0.0396645 0.0501234 0.0599959 0.0680133 0.073236 0.0753601 0.0746628 0.0717188 0.0671465 0.0614916 0.0552 0.0486169 0.0419942 0.0355105 0.0292981 0.0234694 0.0181354 0.0134127 0.00941091 0.0062066 0.00381243
 0.0086114 0.0139849 0.0210346 0.0296748 0.0395816 0.0500418 0.059926 0.0679651 0.0732155 0.0753671 0.0746908 0.071758 0.0671883 0.0615307 0.0552352 0.0486491 0.0420254 0.0355428 0.0293328 0.0235067 0.0181744 0.0134508 0.00944517 0.00623446 0.00383267
 0.00861992 0.0139937 0.0210386 0.0296667 0.0395541 0.0499917 0.0598571 0.0678878 0.0731444 0.0753152 0.0746656 0.0717598 0.0672108 0.061565 0.0552727 0.0486844 0.0420566 0.0355707 0.0293593 0.0235334 0.0182016 0.0134776 0.00946986 0.00625516 0.00384824
 0.00861992 0.0139937 0.0210386 0.0296667 0.0395541 0.0499917 0.0598571 0.0678878 0.0731444 0.0753152 0.0746656 0.0717598 0.0672108 0.061565 0.0552727 0.0486844 0.0420566 0.0355707 0.0293593 0.0235334 0.0182016 0.0134776 0.00946986 0.00625516 0.00384824
 0.00854449 0.0138799 0.0208838 0.0294742 0.0393321 0.0497516 0.0596125 0.0676557 0.0729444 0.0751687 0.0745911 0.0717684 0.0673022 0.0617264 0.0554823 0.0489168 0.042289 0.0357864 0.0295488 0.0236929 0.0183312 0.013579 0.00954572 0.00630885 0.00388369
 0.0085126 0.0138194 0.0207775 0.0293029 0.0390814 0.0494219 0.0592265 0.0672563 0.0725835 0.0748915 0.0744258 0.0717237 0.0673725 0.0618965 0.0557305 0.0492165 0.0426114 0.0361044 0.0298407 0.0239448 0.0185366 0.0137378 0.00966181 0.00638864 0.00393486
 0.00869301 0.0141053 0.0211916 0.0298551 0.0397599 0.050183 0.0599898 0.0679149 0.0730318 0.0750593 0.0742999 0.0713465 0.0668214 0.0612587 0.0550835 0.0486177 0.0420951 0.0356837 0.0295134 0.0236997 0.0183594 0.0136145 0.00958003 0.00633754 0.00390517
 0.00903752 0.0146664 0.0220351 0.031035 0.0412972 0.0520373 0.0620351 0.0699411 0.0747832 0.0762981 0.0748654 0.0711888 0.0660014 0.0599236 0.0534261 0.0468341 0.0403512 0.0340977 0.0281538 0.0225928 0.0175013 0.012982 0.00913879 0.00604835 0.00372861
 0.00887996 0.0144545 0.0218002 0.0308397 0.0412266 0.0521785 0.0624543 0.0706626 0.0757735 0.0774581 0.0760406 0.0721989 0.0666869 0.0601883 0.0532599 0.0463072 0.0395856 0.0332295 0.0273009 0.0218371 0.0168852 0.0125153 0.00880909 0.0058314 0.00359619
 0.00818955 0.0133381 0.0201402 0.0285549 0.0383177 0.0487857 0.0588962 0.06741 0.0733403 0.0762484 0.0762264 0.0736843 0.0691581 0.0632158 0.0564114 0.049238 0.0420858 0.0352244 0.0288156 0.0229484 0.0176813 0.0130732 0.00918881 0.00607905 0.00374854
 0.00868567 0.0140426 0.0210064 0.0294618 0.0390869 0.0492209 0.0588309 0.0667556 0.072128 0.0746508 0.0745346 0.0722307 0.0682102 0.0628914 0.0566551 0.0498655 0.0428666 0.035962 0.0293942 0.0233369 0.0179069 0.0131865 0.00923795 0.00609736 0.0037545
 0.00910924 0.0147757 0.0221822 0.0312051 0.0414528 0.052113 0.0619458 0.0696114 0.0741933 0.0755226 0.0740752 0.0706011 0.0657973 0.0601731 0.0540593 0.0476701 0.0411694 0.0347173 0.0284864 0.0226507 0.0173659 0.0127561 0.00890744 0.00586054 0.00359918
 0.00904626 0.0147206 0.0221914 0.0313725 0.0418995 0.0529602 0.0632719 0.0714012 0.0762959 0.0776439 0.0758312 0.0716309 0.0658926 0.0593559 0.0525657 0.0458502 0.0393594 0.0331452 0.0272441 0.0217248 0.0166938 0.012272 0.00856268 0.00562304 0.0034451
 0.00829465 0.0135155 0.0204187 0.0289644 0.0388808 0.0495052 0.0597418 0.0683132 0.0741996 0.076946 0.0766505 0.0737551 0.0688537 0.0625897 0.0555854 0.0483667 0.0413031 0.0346004 0.0283477 0.0225883 0.0173764 0.0127957 0.00893954 0.00587242 0.00359552
 0.00804801 0.0130432 0.0195771 0.027579 0.0367932 0.0466489 0.0562178 0.0644228 0.0704124 0.073809 0.0746654 0.0732536 0.0699022 0.064961 0.0588239 0.0519284 0.0447135 0.0375586 0.030742 0.0244409 0.0187676 0.0138109 0.00965134 0.00634374 0.00388552
 0.00866056 0.0139955 0.0209188 0.0292991 0.0387897 0.0487007 0.0579813 0.0654872 0.0704238 0.0726182 0.0724215 0.0703826 0.066976 0.0625139 0.0571935 0.0511832 0.0446872 0.0379641 0.0313004 0.0249649 0.0191766 0.0140981 0.00984107 0.00646392 0.00395802
 0.00860961 0.0139975 0.0210772 0.0297582 0.0396905 0.050111 0.0598302 0.0675417 0.0723245 0.0739671 0.0728934 0.0698302 0.0654927 0.0604205 0.0549393 0.0491973 0.0432447 0.0371303 0.0309673 0.0249451 0.0192946 0.0142394 0.00995478 0.00653979 0.00400313
