SBPRF35
10.1946
Curr Bio
664549
B35
792081
F35
0.187471
FOFL
0.152746
OFL
80833.5
Bzero
2.91274e+06
#pred survey bio
 4.17056e+06 3.97081e+06 3.79354e+06 3.56865e+06 3.3006e+06 3.02968e+06 2.74029e+06 2.46566e+06 2.20688e+06 1.97554e+06 1.73201e+06 1.52086e+06 1.34064e+06 1.18599e+06 1.04274e+06 940842 848439 788182 722847 668999 645832 616786 591226 574723 561150 563052 558122 564875 562244 567590 571755 574931 570663 553858 549441 543603 527141 521924 528841 535300 540872 543249 546942 550217 555258 565256 583891 607847 623056 647304 671750 2.3084e+07 1.4166e+07 1.47048e+07 1.56315e+07 1.67703e+07 1.79368e+07 1.9009e+07 1.99271e+07 2.06763e+07 2.12675e+07 2.17234e+07 2.20694e+07 2.23295e+07 2.25239e+07 2.26689e+07 2.2777e+07 2.28578e+07 2.29184e+07 2.2964e+07 2.29986e+07 2.30248e+07 2.30449e+07 2.30604e+07 2.30723e+07 2.30815e+07 2.30887e+07 2.30943e+07 2.30987e+07 2.31022e+07 2.31049e+07 2.3107e+07 2.31087e+07 2.31101e+07 2.31111e+07 2.3112e+07 2.31127e+07 2.31132e+07 2.31136e+07 2.3114e+07 2.31142e+07 2.31145e+07 2.31146e+07 2.31148e+07 2.31149e+07 2.3115e+07 2.3115e+07 2.31151e+07 2.31151e+07 2.31152e+07 2.31152e+07 2.31152e+07 2.31152e+07 2.31153e+07 2.31153e+07 2.31153e+07 2.31153e+07 2.31153e+07 2.31153e+07 2.31153e+07 2.31153e+07 2.31153e+07 2.31153e+07 2.31153e+07 2.31153e+07 2.31153e+07 2.31153e+07 2.31153e+07 2.31153e+07 2.31153e+07 2.31153e+07 2.31153e+07 2.31153e+07 2.31153e+07 2.31153e+07 2.31153e+07 2.31153e+07 2.31153e+07 2.31153e+07 2.31153e+07 2.31153e+07 2.31153e+07 2.31153e+07 2.31153e+07 2.31153e+07 2.31153e+07 2.31153e+07 2.31153e+07 2.31153e+07 2.31153e+07 2.31153e+07 2.31153e+07 2.31153e+07 2.31153e+07 2.31153e+07 2.31153e+07 2.31153e+07 2.31153e+07 2.31153e+07 2.31153e+07 2.31153e+07 0 0 0 0 0 0 0 0 0 0 0 0 0 0 0 0 0 0 0 0 0 0 0 0 0
#obs survey bio
 5.56086e+06 3.79114e+06 3.37718e+06 3.46794e+06 2.07052e+06 3.82664e+06 1.72027e+06 1.9133e+06 2.2049e+06 2.03161e+06 1.9028e+06 1.35479e+06 982316 1.1807e+06 964774 723862 470522 627179 538715 1.06081e+06 803642 646234 514994 395742 580317 456039 545017 543181 488152 655656 681433 376435 581362 473162 663611 403437 626526 720360 616355 561877 542362 642548 485263 514012 641382 351396 585480 917392 652869 570656 637731
#pred catch bio
 112295 98920.6 154040 210214 233645 273818 284792 293516 288490 314624 296573 276965 259957 253039 218891 211543 182966 183201 166248 133809 133652 126227 115809 112036 98868.8 104741 94947.2 102512 94851.1 94912.3 94523.4 98848.3 105769 91121 89045.4 96522.8 88541.3 81507.3 84221.5 85994.7 89192.5 88765.7 90373.6 90723 88974 84718 83440.5 93191.6 87849.1 90168.6 120320 80833.5 99613.7 102302 107733 115108 122795 129798 135679 140352 143920 146563 148477 149838 150793 151455 151911 152222 152434 152577 152673 152738 152781 152810 152829 152842 152851 152857 152860 152863 152865 152866 152866 152867 152867 152867 152867 152868 152868 152868 152868 152868 152868 152868 152868 152868 152868 152868 152868 152868 152868 152868 152868 152868 152868 152868 152868 152868 152868 152868 152868 152868 152868 152868 152868 152868 152868 152868 152868 152868 152868 152868 152868 152868 152868 152868 152868 152868 152868 152868 152868 152868 152868 152868 152868 152868 152868 152868 152868 152868 152868 152868 152868 152868 152868 152868 152868 152868 152868 152868 152868 0 0 0 0 0 0 0 0 0 0 0 0 0 0 0 0 0 0 0 0 0 0 0 0 0
#obs catch bio
 0 98528.8 154471 210846 234666 275048 286959 297630 292584 320737 300465 280906 263820 258221 222306 216543 188184 189043 171109 135080 134400 126812 116298 113173 99761.2 106360 95889.9 104092 95883.1 95682.1 94938.8 99797.1 106975 91386.1 89089.1 97022.1 88466.2 81179.2 83557.1 85262.8 88295.1 87899.7 89877.9 90327.1 88950.9 84989 83460.2 93094.3 87547.1 89624.7 120590
#pred cpue bio
 4.11623e+06 3.91952e+06 3.74391e+06 3.51964e+06 3.25234e+06 2.98207e+06 2.69344e+06 2.41941e+06 2.16147e+06 1.93131e+06 1.68973e+06 1.4804e+06 1.3017e+06 1.14837e+06 1.00661e+06 905619 814304 755226 692127 640665 619035 591257 566511 550354 536951 538735 533972 540651 538330 543868 548304 551727 548000 532288 528725 523527 506917 500597 506729 513147 518795 521121 524531 527396 531896 541264 559159 582445 597288 620818 644671 2.21665e+07 1.36155e+07 1.40481e+07 1.48707e+07 1.59766e+07 1.7136e+07 1.82069e+07 1.91248e+07 1.98739e+07 2.04651e+07 2.0921e+07 2.1267e+07 2.15271e+07 2.17216e+07 2.18665e+07 2.19746e+07 2.20554e+07 2.2116e+07 2.21616e+07 2.21962e+07 2.22225e+07 2.22425e+07 2.2258e+07 2.22699e+07 2.22792e+07 2.22864e+07 2.2292e+07 2.22964e+07 2.22998e+07 2.23025e+07 2.23047e+07 2.23064e+07 2.23077e+07 2.23088e+07 2.23096e+07 2.23103e+07 2.23108e+07 2.23113e+07 2.23116e+07 2.23119e+07 2.23121e+07 2.23123e+07 2.23124e+07 2.23125e+07 2.23126e+07 2.23127e+07 2.23127e+07 2.23128e+07 2.23128e+07 2.23128e+07 2.23128e+07 2.23129e+07 2.23129e+07 2.23129e+07 2.23129e+07 2.23129e+07 2.23129e+07 2.23129e+07 2.23129e+07 2.23129e+07 2.23129e+07 2.23129e+07 2.23129e+07 2.23129e+07 2.23129e+07 2.23129e+07 2.23129e+07 2.23129e+07 2.23129e+07 2.23129e+07 2.23129e+07 2.23129e+07 2.23129e+07 2.23129e+07 2.23129e+07 2.23129e+07 2.23129e+07 2.23129e+07 2.23129e+07 2.23129e+07 2.23129e+07 2.23129e+07 2.23129e+07 2.23129e+07 2.23129e+07 2.23129e+07 2.23129e+07 2.23129e+07 2.23129e+07 2.23129e+07 2.23129e+07 2.23129e+07 2.23129e+07 2.23129e+07 2.23129e+07 2.23129e+07 2.23129e+07 2.23129e+07 2.23129e+07 2.23129e+07 0 0 0 0 0 0 0 0 0 0 0 0 0 0 0 0 0 0 0 0 0 0 0 0 0
#obs cpue bio
 3.0528e+06 2.49836e+06 2.62675e+06 4.60692e+06 2.74298e+06 3.22308e+06 2.51422e+06 1.52716e+06 1.75891e+06 1.48678e+06 1.99166e+06 1.30011e+06 1.40976e+06 745425 960756 652240 625661 648521 682356 687552 639788 538801 580367 513078 385475 440681 512723 399239 582275 525835 536428 526022 500826 820133 516393 568412 605758 462420 699624 566269 681774 481793 473576 557978 346466 605330 662631 534282 632264 842379 492470
#pred surv len freq
 0.00499653 0.00809051 0.0121349 0.0170957 0.0228431 0.0290783 0.0353046 0.0409451 0.0455603 0.0489953 0.0513545 0.0528674 0.0537683 0.0542406 0.0544082 0.054345 0.0540926 0.0536654 0.0530152 0.051953 0.0500862 0.0468796 0.0418995 0.0351456 0.0272346
 0.00529474 0.00846993 0.0125155 0.0173489 0.0228414 0.0287643 0.0347377 0.040286 0.0449957 0.0486491 0.0512407 0.0529092 0.0538619 0.0543202 0.0544765 0.0544605 0.0543256 0.0540453 0.0534966 0.0524196 0.0503972 0.046935 0.0416882 0.0347469 0.0267734
 0.00548234 0.0087973 0.0130418 0.0181224 0.0238639 0.0299516 0.0359062 0.0411972 0.045454 0.0485959 0.0507783 0.052235 0.0531615 0.0536959 0.0539478 0.0540131 0.0539552 0.0537631 0.0533002 0.0522656 0.050205 0.0466266 0.0412362 0.0341941 0.0262096
 0.00570223 0.00914364 0.0135449 0.0188098 0.0247619 0.0310801 0.03726 0.0427157 0.0469967 0.0499522 0.0517248 0.05262 0.0529677 0.0530376 0.0530057 0.0529559 0.0528958 0.052758 0.052366 0.0513906 0.0493576 0.0457741 0.0403715 0.0333522 0.0254552
 0.00596686 0.00956606 0.0141659 0.0196614 0.0258619 0.0324243 0.0388144 0.0444154 0.0487516 0.0516511 0.0532334 0.0537823 0.0536296 0.0530945 0.052449 0.0518819 0.0514677 0.0511455 0.0506998 0.0497478 0.047775 0.0442731 0.0389822 0.032122 0.0244375
 0.00625706 0.010026 0.0148363 0.0205735 0.027033 0.0338515 0.0404658 0.0462253 0.0506263 0.0534828 0.0549122 0.0551987 0.0546711 0.053648 0.0524205 0.0512295 0.0502289 0.0494355 0.0486798 0.0475822 0.0456033 0.0422062 0.0371119 0.0305255 0.0231691
 0.00660938 0.0105836 0.0156474 0.0216727 0.0284357 0.0355455 0.0424016 0.0483134 0.0527483 0.0555128 0.0567349 0.056717 0.0558019 0.0543149 0.0525497 0.0507582 0.0491271 0.0477318 0.0464742 0.0450365 0.0429138 0.0395727 0.0347126 0.0284967 0.0215874
 0.00688642 0.0110397 0.0163441 0.0226701 0.02978 0.037249 0.0444232 0.0505534 0.0550643 0.0577492 0.0587502 0.0583976 0.0570633 0.055094 0.0527948 0.0504229 0.0481749 0.0461544 0.0443172 0.0424189 0.0400263 0.0366526 0.0319996 0.0261851 0.0197887
 0.00713024 0.0114353 0.0169392 0.0235115 0.0309085 0.0386892 0.0461688 0.0525561 0.0572319 0.0599546 0.0608479 0.0602432 0.0585311 0.0560876 0.0532476 0.0502904 0.0474272 0.04478 0.0423411 0.0399284 0.0371879 0.0337017 0.0291997 0.0237665 0.0178941
 0.00731595 0.0117422 0.0174107 0.0241925 0.0318381 0.0398892 0.0476316 0.0542391 0.0590636 0.061846 0.0627015 0.0619558 0.0599957 0.0571987 0.0539097 0.0504259 0.0469806 0.0437224 0.0406816 0.0377337 0.0346009 0.0309411 0.0265257 0.0214207 0.0160368
 0.00763209 0.0122386 0.0181255 0.0251508 0.0330495 0.0413439 0.0492939 0.0560433 0.0609195 0.0636524 0.0643616 0.0633873 0.061132 0.0579844 0.0542939 0.0503577 0.046411 0.0426137 0.0390259 0.0355765 0.0320629 0.0282216 0.0238741 0.0190778 0.0141702
 0.007996 0.0128093 0.0189451 0.0262434 0.0344165 0.0429582 0.0510933 0.0579309 0.0627779 0.0653671 0.06584 0.0645659 0.0619724 0.0584645 0.0543978 0.0500675 0.0457026 0.041461 0.0374165 0.033538 0.0296888 0.025681 0.0213897 0.0168724 0.0124042
 0.00835808 0.0133826 0.0197786 0.0273709 0.0358487 0.0446719 0.05302 0.0599557 0.0647558 0.067152 0.0673129 0.0656494 0.0626318 0.0586981 0.0542233 0.0495071 0.0447714 0.0401641 0.0357585 0.0315458 0.0274381 0.0233109 0.0190887 0.0148343 0.0107714
 0.00865562 0.0138637 0.0204974 0.0283745 0.0371671 0.0463013 0.0549069 0.0619916 0.0667916 0.0690267 0.0688828 0.0668075 0.0633165 0.058893 0.053949 0.0488064 0.0436933 0.038752 0.0340499 0.0295855 0.0252999 0.021113 0.0169871 0.0129887 0.009299
 0.0090821 0.0145223 0.0214244 0.0295818 0.0386432 0.0480128 0.0567949 0.0639672 0.0687379 0.070811 0.0703743 0.0678955 0.0639245 0.0589869 0.0535378 0.0479341 0.0424249 0.0371589 0.032202 0.0275545 0.0231713 0.0189968 0.0150146 0.0112877 0.00795846
 0.00931563 0.0149072 0.0220119 0.0304197 0.0397619 0.0494065 0.0584063 0.0656891 0.0704363 0.0723584 0.0716718 0.0688757 0.0645419 0.05921 0.0533497 0.0473383 0.0414492 0.0358539 0.0306355 0.0258069 0.0213368 0.0171839 0.0133396 0.00985575 0.00683793
 0.00935812 0.0150111 0.0222332 0.0308328 0.0404427 0.0504044 0.0597164 0.0672406 0.0721031 0.073986 0.0731091 0.0700014 0.0652796 0.0595293 0.0532556 0.0468575 0.0406203 0.0347251 0.0292669 0.0242736 0.0197294 0.0156055 0.0118948 0.00863311 0.00589036
 0.00911136 0.0146543 0.0217814 0.0303361 0.0399828 0.0500826 0.0596381 0.0674951 0.0727397 0.0749897 0.0743914 0.0714145 0.0666512 0.0607025 0.0541167 0.0473462 0.0407236 0.034466 0.0286942 0.0234569 0.0187559 0.0145746 0.0109073 0.00777421 0.00521366
 0.00896755 0.0144321 0.0214701 0.0299383 0.0395189 0.0495967 0.0592 0.0671958 0.0726733 0.0752274 0.0749566 0.0722701 0.0677027 0.0618167 0.05515 0.0481731 0.0412587 0.0346724 0.0285814 0.0230719 0.0181738 0.0138872 0.0102091 0.00714647 0.00470952
 0.00903444 0.0145032 0.0215084 0.0298874 0.0393211 0.0492189 0.0586576 0.0665585 0.0720502 0.0747402 0.074711 0.0723327 0.0680866 0.0624754 0.0559849 0.0490535 0.0420507 0.035268 0.0289179 0.0231396 0.0180099 0.0135623 0.0098081 0.00674834 0.00437114
 0.00911208 0.0145959 0.0215845 0.0298935 0.0391913 0.0488944 0.0581078 0.0657971 0.0711429 0.0738005 0.073883 0.0717612 0.0678803 0.062678 0.0565626 0.0499044 0.0430301 0.0362222 0.0297184 0.0237069 0.0183235 0.0136541 0.00974354 0.00660287 0.00420895
 0.00927158 0.0148426 0.0219298 0.0303329 0.0396977 0.0494117 0.0585499 0.0660595 0.0711315 0.0734674 0.0732532 0.0709351 0.0670096 0.0619244 0.0560534 0.0496998 0.0431119 0.0365067 0.0300882 0.0240492 0.0185609 0.013759 0.00973307 0.00652014 0.00410092
 0.00950228 0.0151859 0.0223876 0.0308862 0.0403118 0.0500445 0.0591554 0.0665859 0.0715172 0.0736456 0.0731672 0.0705612 0.0663777 0.0611229 0.055212 0.0489531 0.042559 0.036184 0.0299663 0.0240548 0.0186109 0.013791 0.00972029 0.00646743 0.00402966
 0.00963634 0.0153986 0.0226965 0.031301 0.0408288 0.0506403 0.0597835 0.067181 0.0720098 0.0739783 0.0733038 0.0704858 0.0660909 0.0606447 0.0545892 0.0482621 0.0418928 0.035626 0.0295637 0.0238071 0.0184796 0.0137237 0.00967424 0.00642123 0.00398082
 0.00970399 0.0155096 0.0228656 0.0315425 0.041154 0.051052 0.06027 0.0677122 0.0725382 0.074446 0.0736535 0.0706716 0.0660864 0.0604458 0.0542152 0.0477546 0.0413133 0.0350466 0.0290508 0.0234033 0.0181946 0.0135389 0.00955825 0.0063455 0.00392757
 0.00963245 0.015398 0.0227073 0.0313377 0.0409125 0.0507973 0.0600405 0.0675566 0.072503 0.074559 0.0739111 0.0710363 0.0664959 0.06083 0.0545135 0.0479304 0.0413609 0.0349899 0.0289329 0.0232706 0.0180815 0.0134603 0.00951139 0.00631932 0.00391159
 0.00964021 0.0154096 0.0227226 0.0313549 0.0409281 0.0508059 0.0600365 0.0675375 0.0724739 0.074535 0.0739139 0.0710858 0.0665989 0.0609731 0.0546653 0.0480519 0.04142 0.0349735 0.0288507 0.0231493 0.0179528 0.0133489 0.00942862 0.00626478 0.00387849
 0.00947083 0.0151569 0.0223848 0.0309463 0.0404759 0.0503448 0.0596037 0.0671697 0.072204 0.0743882 0.0739046 0.0712163 0.0668601 0.0613436 0.0551108 0.0485269 0.0418748 0.0353648 0.0291525 0.0233574 0.0180815 0.0134212 0.00946681 0.00628471 0.00388905
 0.009412 0.0150615 0.0222424 0.0307492 0.0402227 0.050045 0.0592803 0.0668575 0.0719404 0.0742028 0.0738127 0.0712195 0.0669519 0.0615144 0.0553485 0.0488141 0.0421865 0.0356701 0.0294216 0.0235698 0.0182309 0.0135147 0.00951913 0.00631118 0.0039014
 0.0092961 0.0148787 0.0219783 0.0303948 0.0397774 0.0495205 0.0587048 0.0662769 0.0714136 0.0737902 0.073563 0.0711597 0.0670825 0.0618125 0.0557753 0.0493239 0.0427333 0.0362112 0.0299194 0.0239955 0.0185682 0.0137616 0.00968587 0.00641516 0.00396137
 0.00924364 0.0147884 0.0218332 0.0301765 0.0394705 0.0491196 0.0582218 0.0657428 0.0708749 0.0733003 0.0731737 0.0709138 0.0670081 0.0619183 0.0560483 0.0497317 0.0432303 0.0367465 0.0304447 0.0244705 0.0189653 0.0140683 0.00990408 0.00655784 0.00404692
 0.00905025 0.0145093 0.0214779 0.0297744 0.0390602 0.0487321 0.0578698 0.0654217 0.0705747 0.0730196 0.0729269 0.0707294 0.0669201 0.0619552 0.0562247 0.0500434 0.0436535 0.037242 0.0309647 0.0249681 0.0194023 0.0144211 0.0101657 0.00673551 0.00415712
 0.0087615 0.0140804 0.0209088 0.0290951 0.0383261 0.0480134 0.0572393 0.0649424 0.0702856 0.0729243 0.0729941 0.0709089 0.0671659 0.0622428 0.0565528 0.0504225 0.0440906 0.0377298 0.0314793 0.025474 0.0198624 0.0148062 0.0104613 0.00694289 0.00428955
 0.00868509 0.0139428 0.0206789 0.02874 0.0378249 0.0473755 0.0565173 0.0642285 0.0696863 0.0725254 0.0728344 0.0709737 0.0674022 0.0625845 0.0569446 0.0508326 0.0445096 0.0381588 0.0319161 0.0259057 0.020266 0.0151568 0.0107409 0.00714612 0.00442354
 0.00868843 0.0139194 0.02059 0.0285308 0.0374371 0.0467695 0.0556945 0.0632436 0.0686432 0.0715586 0.0720793 0.0705345 0.0673251 0.0628489 0.0574761 0.0515323 0.0452844 0.0389393 0.0326585 0.026583 0.0208587 0.0156496 0.0111251 0.00742332 0.00460673
 0.00932653 0.0148188 0.0216866 0.0296739 0.0384259 0.047415 0.0558737 0.0629215 0.0678659 0.0704348 0.0707604 0.0691935 0.0661283 0.0619243 0.0568894 0.0512807 0.0453108 0.0391598 0.0329893 0.0269558 0.0212248 0.0159765 0.0113934 0.00762532 0.00474529
 0.00995407 0.0158176 0.0231413 0.0316253 0.0408359 0.0501263 0.0585904 0.0652465 0.0694055 0.0709276 0.0701608 0.0676671 0.0639771 0.0594901 0.0544766 0.0491113 0.04351 0.0377643 0.0319715 0.0262536 0.0207664 0.0156954 0.0112339 0.00754336 0.00470834
 0.00980194 0.0156726 0.023113 0.0318812 0.0415591 0.051445 0.0605079 0.067606 0.0719069 0.073189 0.0718088 0.0684323 0.0637662 0.0584045 0.0527686 0.0470994 0.0414912 0.0359554 0.0304892 0.0251271 0.0199656 0.0151608 0.0108989 0.00734724 0.00460184
 0.00949088 0.0151901 0.0224371 0.0310265 0.0405964 0.0505186 0.0598337 0.06743 0.0724198 0.0744303 0.0736159 0.0704711 0.0656347 0.0597623 0.053435 0.0470853 0.0409607 0.0351446 0.0296225 0.0243622 0.0193782 0.014759 0.0106517 0.00721004 0.00453345
 0.00939503 0.0150177 0.0221477 0.0305741 0.0399439 0.0496617 0.0588272 0.0664025 0.0715637 0.0739621 0.0737104 0.0711903 0.0668821 0.0612938 0.054934 0.0482708 0.0416767 0.0353903 0.0295166 0.0240712 0.019049 0.0144827 0.0104608 0.00709816 0.00447744
 0.00943266 0.015063 0.0221848 0.0305741 0.0398671 0.0494641 0.0584719 0.0658745 0.0708879 0.0732183 0.0730338 0.0707454 0.0668109 0.0616547 0.0556633 0.0491945 0.0425746 0.0360797 0.0299133 0.0241976 0.0189952 0.0143517 0.0103283 0.00700013 0.00441888
 0.00954067 0.0152259 0.0224055 0.0308438 0.040164 0.049753 0.0587042 0.0659929 0.070838 0.0729671 0.0725901 0.0701726 0.0662218 0.0611843 0.0554224 0.0492235 0.0428232 0.0364296 0.030233 0.0243983 0.0190568 0.0143094 0.0102387 0.00690978 0.0043514
 0.00965433 0.015399 0.022644 0.0311446 0.0405146 0.050132 0.0590809 0.0663269 0.0710819 0.073074 0.0725241 0.0699215 0.065809 0.0606728 0.0549059 0.0487994 0.0425569 0.0363288 0.0302493 0.0244568 0.0190945 0.0142996 0.0101895 0.00684558 0.00429393
 0.00977006 0.0155788 0.0228985 0.031477 0.0409189 0.0505911 0.0595648 0.0667936 0.0714828 0.0733621 0.0726619 0.0698857 0.0655942 0.0602965 0.0544122 0.0482562 0.0420416 0.0359045 0.0299444 0.0242601 0.01897 0.0142099 0.0101123 0.00677622 0.00423668
 0.00982153 0.0156658 0.0230354 0.0316786 0.0411963 0.0509457 0.0599825 0.0672435 0.0719218 0.0737435 0.0729435 0.0700353 0.0655923 0.0601386 0.0541115 0.047846 0.0415728 0.0354366 0.0295297 0.0239293 0.0187272 0.0140397 0.00999354 0.00669198 0.00417732
 0.00982549 0.0156724 0.023046 0.0316963 0.0412274 0.0510003 0.0600745 0.067386 0.0721212 0.0739927 0.0732196 0.0703025 0.06581 0.0602706 0.0541341 0.0477538 0.0413809 0.0351782 0.0292478 0.0236645 0.0185067 0.0138731 0.00987642 0.00661335 0.00412619
 0.00970001 0.0154866 0.0228005 0.0314043 0.0409118 0.0506893 0.0597977 0.0671737 0.0720025 0.0739916 0.0733483 0.0705545 0.066157 0.060666 0.0545231 0.0480858 0.0416222 0.0353184 0.0292991 0.023654 0.018465 0.0138247 0.00983493 0.00658297 0.00410586
 0.00956643 0.0152746 0.0224922 0.0309895 0.0403939 0.0500918 0.0591686 0.0665822 0.071525 0.0736921 0.0732636 0.0706897 0.0664894 0.0611515 0.0551027 0.0486936 0.0421955 0.0358092 0.0296818 0.0239268 0.0186441 0.0139343 0.00989847 0.00661841 0.00412484
 0.00962764 0.0153538 0.0225733 0.0310439 0.0403862 0.0499912 0.05896 0.0662727 0.0711442 0.0732879 0.0728933 0.0704087 0.0663388 0.0611497 0.0552418 0.0489428 0.0425085 0.0361351 0.0299766 0.0241626 0.0188119 0.014041 0.0099593 0.00664965 0.00413935
 0.00948724 0.0151553 0.0223288 0.0307808 0.0401365 0.0497753 0.0587761 0.0660998 0.0709571 0.0730756 0.0726693 0.0702087 0.0662087 0.0611295 0.0553527 0.0491812 0.0428467 0.0365287 0.0303756 0.0245234 0.0191062 0.0142589 0.0101064 0.00674055 0.00419094
 0.00896651 0.0144009 0.0213656 0.0296938 0.0390505 0.0488187 0.058049 0.065657 0.0708063 0.0731822 0.0729695 0.07063 0.066692 0.0616429 0.0558904 0.0497489 0.0434454 0.037144 0.0309779 0.0250759 0.0195765 0.0146281 0.010373 0.00691705 0.00429798
#obs surv len freq
 nan nan nan nan nan nan nan nan nan nan nan nan nan nan nan nan nan nan nan nan nan nan nan nan nan
 0.00448757 0.00735027 0.0111815 0.0159988 0.0216998 0.0279751 0.0342884 0.0400185 0.0446968 0.0481592 0.0505156 0.0520101 0.052901 0.0534123 0.0537257 0.0539799 0.054258 0.0545504 0.0546889 0.0542808 0.0527189 0.0493514 0.0438017 0.0362825 0.027667
 0.00461988 0.00756751 0.0115121 0.0164692 0.0223284 0.0287613 0.0352033 0.0410021 0.0456668 0.0490275 0.0512053 0.0524665 0.0530969 0.0533476 0.0534229 0.0534763 0.0535972 0.0537751 0.0538383 0.0533917 0.0518305 0.0485069 0.0430461 0.035654 0.0271867
 0.0047791 0.00782964 0.0119127 0.0170437 0.0231047 0.0297491 0.0363816 0.0423137 0.0470234 0.0503245 0.0523373 0.0533409 0.0536441 0.0535279 0.0532297 0.0529334 0.0527512 0.0526867 0.0525745 0.0520236 0.0504339 0.0471629 0.0418355 0.0346434 0.0264129
 0.0049754 0.00814849 0.0123923 0.0177199 0.0240051 0.0308831 0.0377293 0.0438206 0.0486053 0.0518801 0.0537607 0.0545308 0.0545107 0.0539992 0.0532596 0.0525073 0.0518886 0.0514383 0.0510176 0.0502569 0.0485741 0.0453385 0.040173 0.0332462 0.0253391
 0.00518785 0.00849816 0.0129264 0.0184846 0.0250365 0.0321922 0.0392877 0.0455567 0.0504157 0.05365 0.0553818 0.0559082 0.0555622 0.0546537 0.0534576 0.0522074 0.0510753 0.0501312 0.0492776 0.0481888 0.0463232 0.0430783 0.0380813 0.0314709 0.0239665
 0.00541494 0.00886942 0.0134893 0.0192855 0.0261125 0.0335583 0.0409222 0.0473943 0.052355 0.055571 0.057164 0.057444 0.0567617 0.0554446 0.0537821 0.0520196 0.0503441 0.0488509 0.0474828 0.0459699 0.0438317 0.0405161 0.0356683 0.0293977 0.0223503
 0.00565583 0.00926275 0.0140845 0.02013 0.0272429 0.0349864 0.0426213 0.0492937 0.0543502 0.0575428 0.0589969 0.059035 0.0580231 0.056303 0.054177 0.0519016 0.0496756 0.0476128 0.0456912 0.0436964 0.0412199 0.0377769 0.0330468 0.0271173 0.020556
 0.00589417 0.0096543 0.0146814 0.0209833 0.0283927 0.0364465 0.0443628 0.05124 0.0563884 0.059546 0.0608454 0.0606274 0.0592781 0.0571565 0.0545767 0.0518027 0.0490401 0.0464154 0.0439351 0.0414373 0.0385877 0.0349782 0.0303346 0.0247324 0.0186629
 0.00613567 0.010052 0.0152893 0.021855 0.029571 0.0379463 0.0461546 0.0532434 0.0584834 0.0615963 0.0627213 0.06222 0.0605045 0.0579578 0.0549126 0.0516433 0.0483604 0.0451967 0.042179 0.0391902 0.0359659 0.0321767 0.0276019 0.0223128 0.0167299
 0.00638306 0.0104554 0.0158988 0.0227185 0.0307254 0.039404 0.0478882 0.0551795 0.0605113 0.0635876 0.0645496 0.0637747 0.0616978 0.0587266 0.0552158 0.0514562 0.0476676 0.0439905 0.0404675 0.0370182 0.0334398 0.0294759 0.0249597 0.0199638 0.0148446
 0.00660692 0.0108248 0.0164648 0.0235315 0.0318249 0.0408024 0.0495545 0.0570349 0.0624419 0.0654673 0.066261 0.0652201 0.0628007 0.0594302 0.055481 0.0512583 0.0469926 0.0428348 0.0388442 0.0349732 0.0310724 0.0269503 0.022489 0.0177637 0.0130746
 0.00682486 0.0111813 0.0170056 0.0243008 0.0328573 0.0421092 0.0511098 0.0587696 0.0642514 0.0672312 0.0678624 0.0665596 0.0638033 0.0600456 0.0556793 0.0510242 0.04632 0.0417259 0.0373153 0.0330698 0.0288869 0.0246311 0.0202272 0.0157523 0.0114562
 0.00705585 0.0115589 0.0175773 0.0251113 0.0339382 0.0434645 0.0527012 0.0605127 0.0660293 0.0689179 0.069345 0.0677497 0.0646394 0.060491 0.0557181 0.0506551 0.045551 0.0405712 0.0358 0.0312415 0.0268318 0.022482 0.0181518 0.0139186 0.00998667
 0.00727428 0.0119191 0.0181284 0.0259011 0.0350024 0.0448099 0.0542888 0.0622539 0.0677984 0.0705784 0.0707742 0.0688547 0.0653613 0.0608034 0.05562 0.0501625 0.0446887 0.0393689 0.0342942 0.0294851 0.0249069 0.0205065 0.0162703 0.0122724 0.0086764
 0.0074441 0.0121994 0.0185582 0.02652 0.0358429 0.0458855 0.0555808 0.0637045 0.0693168 0.0720552 0.0720984 0.0699279 0.0661085 0.0611782 0.0556058 0.0497677 0.0439394 0.0383014 0.032954 0.0279307 0.0232182 0.0187896 0.0146486 0.0108633 0.00756089
 0.00753002 0.0123394 0.0187706 0.0268236 0.0362569 0.0464258 0.0562555 0.0645091 0.0702303 0.0730387 0.0730959 0.070869 0.0669153 0.061776 0.0559334 0.0497861 0.0436352 0.0376857 0.0320598 0.0268119 0.0219509 0.0174708 0.013387 0.00975943 0.00668369
 0.00760684 0.0124609 0.0189472 0.0270633 0.0365641 0.0468009 0.0566939 0.0650013 0.0707647 0.0736037 0.0736794 0.0714536 0.067472 0.0622615 0.0562937 0.0499657 0.0435887 0.0373883 0.0315135 0.0260485 0.0210312 0.0164789 0.0124183 0.00890198 0.00599794
 0.00767346 0.012562 0.0190858 0.0272378 0.0367695 0.0470308 0.0569419 0.065262 0.0710348 0.0738826 0.0739694 0.0717576 0.0677886 0.0625788 0.0565851 0.0501901 0.0436972 0.0373357 0.0312719 0.0256183 0.0204455 0.0158001 0.0117253 0.00827128 0.0054847
 0.00773402 0.0126542 0.0192127 0.0273976 0.0369554 0.0472318 0.0571439 0.0654505 0.0711986 0.0740182 0.0740831 0.0718629 0.0679005 0.0627069 0.0567272 0.0503289 0.0438009 0.0373641 0.0311874 0.0253998 0.0200988 0.0153607 0.0112501 0.00782206 0.00510972
 0.00779159 0.0127419 0.0193336 0.02755 0.0371331 0.0474242 0.0573372 0.0656283 0.071345 0.0741228 0.0741437 0.0718869 0.0679027 0.0627045 0.0567339 0.0503488 0.0438242 0.0373682 0.0311422 0.0252792 0.0198924 0.0150816 0.0109325 0.00750987 0.00484155
 0.00782476 0.0127962 0.0194158 0.0276656 0.0372844 0.0476073 0.0575397 0.0658303 0.0715235 0.0742581 0.0742249 0.0719133 0.0678829 0.062653 0.0566676 0.050282 0.043764 0.0373105 0.0310729 0.0251794 0.0197485 0.0148935 0.0107167 0.00729351 0.00465172
 0.00788383 0.0128824 0.0195274 0.0277953 0.0374221 0.0477444 0.0576714 0.0659548 0.0716391 0.0743596 0.0743033 0.071959 0.0678892 0.0626201 0.0566025 0.0501967 0.0436706 0.0372164 0.0309779 0.0250765 0.0196292 0.0147544 0.010564 0.00714188 0.00451796
 0.00788399 0.0128854 0.0195365 0.0278145 0.0374536 0.0477865 0.0577175 0.0659959 0.0716688 0.0743782 0.0743181 0.0719789 0.0679191 0.0626572 0.056639 0.0502244 0.0436846 0.0372156 0.0309623 0.0250449 0.0195793 0.0146857 0.0104806 0.0070534 0.00443598
 0.00786857 0.0128569 0.0194878 0.0277381 0.0373453 0.0476496 0.0575657 0.0658512 0.0715544 0.0743113 0.074305 0.0720171 0.0680009 0.0627726 0.0567765 0.0503706 0.0438258 0.0373397 0.031061 0.0251134 0.0196161 0.0146925 0.0104629 0.00701991 0.0043971
 0.00790434 0.0129059 0.0195445 0.0277908 0.0373786 0.0476489 0.0575216 0.0657632 0.071432 0.0741728 0.0741738 0.0719151 0.0679429 0.0627633 0.0568114 0.0504388 0.0439134 0.0374325 0.0311461 0.0251812 0.019661 0.0147134 0.010463 0.00700557 0.00437602
 0.00789958 0.0128997 0.0195376 0.0277839 0.0373706 0.0476355 0.0574948 0.0657132 0.0713523 0.0740646 0.0740491 0.071794 0.0678483 0.0627136 0.0568151 0.0504934 0.0440072 0.0375487 0.0312668 0.025291 0.0197492 0.0147751 0.0104988 0.00702065 0.00437749
 0.00790021 0.0128984 0.0195313 0.027769 0.0373442 0.0475968 0.0574465 0.0656604 0.0712989 0.0740117 0.0739943 0.0717359 0.0677898 0.0626638 0.0567866 0.050497 0.0440469 0.0376198 0.0313577 0.0253868 0.0198362 0.0148439 0.0105461 0.007048 0.0043899
 0.00790248 0.0128951 0.0195137 0.0277248 0.0372616 0.04747 0.0572804 0.0654716 0.0711119 0.0738518 0.0738805 0.0716769 0.0677837 0.062702 0.0568589 0.0505953 0.044166 0.0377548 0.0315016 0.0255294 0.019966 0.0149516 0.0106266 0.00710171 0.00442156
 0.0078913 0.0128809 0.0194992 0.0277136 0.0372551 0.0474644 0.0572653 0.0654327 0.0710385 0.0737437 0.0737511 0.0715486 0.06768 0.0626392 0.0568426 0.0506221 0.0442275 0.0378415 0.0316039 0.0256377 0.0200706 0.0150433 0.0106993 0.00715348 0.00445433
 0.00785485 0.012821 0.0194084 0.0275862 0.0370901 0.0472692 0.0570569 0.0652354 0.0708757 0.0736295 0.0736874 0.0715292 0.0676976 0.0626905 0.0569274 0.0507397 0.0443736 0.0380072 0.0317778 0.0258077 0.0202258 0.0151752 0.0108029 0.00722792 0.00450291
 0.00782597 0.0127716 0.0193297 0.0274687 0.0369262 0.0470568 0.0568043 0.0649621 0.0706107 0.0734047 0.0735299 0.0714545 0.0677071 0.0627735 0.0570673 0.0509197 0.0445793 0.0382265 0.031999 0.0260191 0.0204163 0.015336 0.0109289 0.007319 0.00456305
 0.00779103 0.0127146 0.0192436 0.0273467 0.036763 0.046851 0.0565603 0.0646924 0.070335 0.073148 0.073319 0.0713135 0.067653 0.0628119 0.0571915 0.0511127 0.0448186 0.0384893 0.0322652 0.0262721 0.0206426 0.015526 0.0110777 0.00742669 0.00463453
 0.00775701 0.0126565 0.0191512 0.0272092 0.0365723 0.0466054 0.0562692 0.0643761 0.070021 0.072865 0.0730917 0.0711606 0.0675867 0.0628384 0.0573091 0.0513112 0.0450797 0.0387891 0.0325779 0.0265736 0.0209138 0.0157538 0.0112558 0.00755551 0.00472013
 0.00774901 0.0126394 0.0191176 0.0271492 0.036475 0.0464625 0.0560782 0.0641428 0.0697599 0.0725973 0.0728426 0.0709551 0.0674459 0.0627766 0.0573325 0.0514179 0.0452595 0.0390243 0.0328455 0.0268486 0.0211725 0.015978 0.0114349 0.00768698 0.00480846
 0.00936661 0.0149104 0.0218723 0.0300074 0.0389553 0.0481583 0.0567964 0.0639317 0.0688316 0.0712147 0.0712362 0.0692931 0.0658396 0.0612969 0.0560233 0.0503033 0.0443479 0.0383106 0.0323131 0.0264724 0.0209225 0.015823 0.0113461 0.00764065 0.0047868
 0.00931887 0.0151359 0.022747 0.0320011 0.0424299 0.0530929 0.0626122 0.0695846 0.0731825 0.0734756 0.0712283 0.0673931 0.0627104 0.0576018 0.0522611 0.0467785 0.0412154 0.0356334 0.030103 0.0247116 0.0195743 0.0148368 0.0106621 0.00719435 0.00451525
 0.00897824 0.014594 0.021976 0.0310422 0.0414509 0.0524307 0.062736 0.070932 0.075903 0.0772374 0.0752534 0.0707535 0.0647152 0.0580366 0.0513653 0.0450348 0.0391181 0.0335508 0.0282492 0.0231798 0.0183816 0.0139585 0.0100519 0.00679684 0.00427412
 0.00878897 0.014277 0.0214822 0.0303226 0.0404748 0.0512184 0.0614023 0.0697167 0.0751551 0.0773215 0.076391 0.0728694 0.0673962 0.0606644 0.0533667 0.0461001 0.0392667 0.0330363 0.0273982 0.0222649 0.0175707 0.0133231 0.00959881 0.00649964 0.0040944
 0.00872187 0.0141618 0.0212963 0.0300385 0.0400624 0.050652 0.0606731 0.0688497 0.0742295 0.076486 0.0758572 0.0728598 0.0680494 0.0619384 0.055009 0.0477291 0.0405275 0.033739 0.0275588 0.0220442 0.0171701 0.0129039 0.00925146 0.00625247 0.00393845
 0.00870648 0.0141314 0.0212402 0.0299421 0.0399084 0.0504235 0.0603566 0.0684387 0.0737287 0.0759203 0.0752836 0.0723775 0.067791 0.0620295 0.055505 0.0485637 0.0415156 0.0346467 0.0282026 0.0223579 0.0172039 0.0127702 0.00906193 0.0060805 0.00381402
 0.00867521 0.0140843 0.0211759 0.0298607 0.03981 0.0503058 0.0602141 0.0682629 0.0735108 0.0756551 0.0749759 0.0720496 0.0674896 0.061826 0.0554791 0.0487691 0.0419432 0.0352113 0.0287713 0.0228073 0.0174707 0.0128638 0.0090397 0.00600859 0.00373975
 0.00866815 0.0140698 0.0211488 0.0298147 0.0397403 0.0502115 0.0600997 0.068137 0.0733814 0.075525 0.0748408 0.0719031 0.0673321 0.0616738 0.0553678 0.0487456 0.0420447 0.0354415 0.0290887 0.0231386 0.0177433 0.0130371 0.00911498 0.00601597 0.00371564
 0.00867655 0.0140834 0.0211686 0.0298409 0.0397706 0.0502407 0.0601192 0.0681368 0.0733533 0.0754658 0.074753 0.071792 0.0672042 0.0615367 0.0552344 0.0486376 0.0419895 0.0354613 0.0291862 0.0232903 0.0179077 0.0131739 0.00920211 0.00605431 0.00372096
 0.00866639 0.014071 0.0211575 0.0298368 0.0397797 0.0502669 0.0601615 0.0681885 0.0734031 0.0755007 0.0747618 0.0717685 0.067148 0.0614532 0.0551342 0.0485352 0.0419032 0.0354097 0.0291818 0.0233327 0.0179815 0.0132548 0.00926855 0.00609584 0.00373918
 0.00865284 0.0140494 0.0211262 0.0297953 0.0397301 0.0502142 0.0601146 0.0681579 0.0733973 0.0755218 0.0748036 0.0718182 0.0671907 0.0614773 0.0551346 0.048515 0.0418722 0.0353818 0.0291704 0.0233456 0.0180171 0.0133032 0.00931634 0.00613274 0.0037616
 0.00864361 0.0140329 0.0210988 0.029753 0.0396697 0.0501356 0.0600226 0.0680626 0.0733127 0.075462 0.0747792 0.0718322 0.0672377 0.0615448 0.0552074 0.0485799 0.0419227 0.035419 0.0292008 0.0233769 0.0180538 0.0133443 0.00935653 0.00616615 0.00378492
 0.00863538 0.0140208 0.0210828 0.0297335 0.0396467 0.0501083 0.059989 0.0680206 0.0732621 0.0754066 0.0747265 0.0717924 0.0672197 0.0615527 0.0552385 0.0486261 0.0419739 0.0354669 0.0292421 0.0234126 0.0180865 0.0133757 0.00938589 0.00619112 0.00380353
 0.00863148 0.0140153 0.021076 0.0297263 0.0396403 0.0501037 0.0599864 0.0680189 0.0732589 0.0753984 0.0747107 0.0717688 0.0671915 0.0615264 0.0552211 0.048622 0.0419828 0.0354853 0.029265 0.0234361 0.018109 0.0133967 0.00940505 0.00620756 0.00381628
 0.00860848 0.0139806 0.0210288 0.029668 0.0395742 0.050035 0.0599212 0.0679642 0.0732206 0.0753802 0.0747125 0.0717867 0.0672201 0.0615607 0.0552582 0.0486614 0.0420251 0.0355303 0.029311 0.0234805 0.0181491 0.0134309 0.00943255 0.00622848 0.00383112
 0.00860848 0.0139806 0.0210288 0.029668 0.0395742 0.050035 0.0599212 0.0679642 0.0732206 0.0753802 0.0747125 0.0717867 0.0672201 0.0615607 0.0552582 0.0486614 0.0420251 0.0355303 0.029311 0.0234805 0.0181491 0.0134309 0.00943255 0.00622848 0.00383112
#pred catch len freq
 0.00394517 0.00630474 0.00931916 0.0129638 0.0172256 0.0220694 0.0273718 0.0329004 0.0383616 0.0434689 0.047987 0.0517544 0.0546983 0.0568328 0.0582341 0.0590095 0.0592752 0.0591293 0.0585925 0.0575115 0.0554896 0.0519567 0.0464451 0.0389614 0.0301924
 0.00418466 0.00661393 0.0096396 0.0132001 0.0172825 0.0219034 0.0270258 0.032491 0.0380217 0.0432808 0.0479484 0.0517963 0.0547385 0.0568292 0.0582099 0.0590387 0.059438 0.0594577 0.0590352 0.0579401 0.0557491 0.0519387 0.0461403 0.0384606 0.0296358
 0.00436849 0.00692041 0.0101086 0.0138566 0.0181115 0.0228246 0.0278885 0.0331128 0.0382655 0.043125 0.0474977 0.0512209 0.0541843 0.0563637 0.0578322 0.0587294 0.0591976 0.059305 0.0589718 0.0579188 0.0556789 0.0517295 0.0457568 0.0379455 0.0290859
 0.00459461 0.00727195 0.0106107 0.0145296 0.0189751 0.0238967 0.0291685 0.0345504 0.0397326 0.0444202 0.0484019 0.051583 0.0539863 0.0557187 0.0569189 0.0577135 0.0581886 0.058357 0.0580996 0.0571073 0.0548906 0.0509238 0.0449208 0.0371132 0.0283265
 0.00485213 0.00767618 0.0111928 0.0153108 0.0199663 0.0250977 0.0305654 0.0361111 0.0414013 0.0461078 0.0499743 0.0528628 0.0547863 0.0559035 0.0564615 0.0567069 0.0568037 0.0567749 0.0564598 0.0554909 0.0533329 0.0494418 0.0435404 0.0358807 0.0272979
 0.00515213 0.00814377 0.0118602 0.0161978 0.0210816 0.0264394 0.0321166 0.0378339 0.0432326 0.0479617 0.0517457 0.0544289 0.0560077 0.0566344 0.0565777 0.0561467 0.0555988 0.0550481 0.0543874 0.0532531 0.0510812 0.0472943 0.041593 0.0342139 0.0259694
 0.00550286 0.00869057 0.0126405 0.0172336 0.0223799 0.0279922 0.0338964 0.0397877 0.0452816 0.0500074 0.0536783 0.0561349 0.0573732 0.0575467 0.056929 0.0558471 0.0546019 0.0533784 0.0521528 0.0506315 0.0482881 0.044547 0.0390831 0.0320871 0.0243081
 0.00579949 0.00916563 0.013343 0.0182065 0.0236554 0.0295826 0.0357817 0.041907 0.0475355 0.0522705 0.0558159 0.0580169 0.0588832 0.0585846 0.057409 0.0556955 0.0537632 0.0518349 0.0499516 0.0479036 0.0452445 0.0414493 0.0361944 0.0296202 0.0223855
 0.0060626 0.00958302 0.0139538 0.0190458 0.0247543 0.0309662 0.0374595 0.0438593 0.0497021 0.0545468 0.0580611 0.0600725 0.0605962 0.0598266 0.0580826 0.0557307 0.0531115 0.0504741 0.0479046 0.0452661 0.0422018 0.0382638 0.0331594 0.026992 0.0203234
 0.00631563 0.00998434 0.0145402 0.0198478 0.0257951 0.0322583 0.0389986 0.0456184 0.0516294 0.056568 0.0600811 0.0619777 0.0622595 0.0611182 0.0588839 0.0559446 0.0526687 0.0493374 0.0460821 0.0428322 0.0393178 0.0351769 0.030164 0.0243612 0.0182391
 0.00665346 0.0105072 0.0152792 0.0208177 0.0269973 0.0336838 0.0406259 0.0474068 0.0535158 0.0584692 0.0619024 0.0636224 0.0636364 0.0621433 0.059479 0.0560355 0.0521884 0.0482369 0.044349 0.0405167 0.0365561 0.0321939 0.0272413 0.021771 0.0161714
 0.00703908 0.0111033 0.0161194 0.0219144 0.0283428 0.0352521 0.0423715 0.0492621 0.0553941 0.0602753 0.0635439 0.0650178 0.0647187 0.0628602 0.0597884 0.0558998 0.0515692 0.0470982 0.0426741 0.0383362 0.0339761 0.0294065 0.0244992 0.0193276 0.01421
 0.00743421 0.011718 0.0169935 0.0230675 0.0297737 0.0369369 0.044258 0.0512651 0.0574 0.062157 0.0651805 0.0663117 0.0656049 0.0633071 0.0597901 0.0554622 0.0506975 0.045792 0.0409363 0.0361969 0.0315221 0.0267969 0.0219497 0.01706 0.0123881
 0.00779971 0.0122926 0.0178223 0.0241808 0.0311836 0.0386319 0.046193 0.0533539 0.0595186 0.0641586 0.0669178 0.0676576 0.0664704 0.0636497 0.0596118 0.0547967 0.0495911 0.0442895 0.0390789 0.0340359 0.0291427 0.0243355 0.0195859 0.014978 0.0107238
 0.00822154 0.0129385 0.0187214 0.025338 0.0325849 0.0402528 0.0479975 0.0552866 0.0614945 0.0660619 0.0686115 0.0690039 0.0673538 0.063998 0.0594043 0.0540598 0.0483834 0.0426842 0.0371527 0.0318705 0.0268369 0.0220173 0.0174078 0.013089 0.0092291
 0.00852019 0.013413 0.0194148 0.0262817 0.0337926 0.0417109 0.0496566 0.0570605 0.0632735 0.0677329 0.0700729 0.0701694 0.0681503 0.0643661 0.0593058 0.0534862 0.0473602 0.0412669 0.0354188 0.0299137 0.0247672 0.0199614 0.0155013 0.0114548 0.00794802
 0.00855544 0.0135 0.0196018 0.0266353 0.0343858 0.0426007 0.0508605 0.0585404 0.0649356 0.0694415 0.0716742 0.0715198 0.0691397 0.0649289 0.0594178 0.0531536 0.0466108 0.040147 0.0339943 0.0282711 0.0230131 0.0182172 0.0138909 0.0100838 0.00688078
 0.0083786 0.0132485 0.0192926 0.0263143 0.0341246 0.0424874 0.050985 0.0589779 0.0657244 0.0705616 0.0730384 0.0729843 0.070535 0.066097 0.0602413 0.0535676 0.0466002 0.039736 0.0332367 0.0272454 0.0218188 0.0169687 0.0127042 0.00905687 0.00607446
 0.00822825 0.0130192 0.018977 0.0259196 0.0336757 0.0420294 0.0505854 0.0587224 0.0657033 0.0708471 0.0736594 0.0739099 0.0716723 0.0673062 0.0613651 0.0544646 0.0471711 0.0399361 0.0330744 0.0267735 0.0211229 0.0161546 0.0118812 0.00831879 0.00548266
 0.00818697 0.0129331 0.0188131 0.0256374 0.0332401 0.0414301 0.0498549 0.0579415 0.064989 0.0703284 0.0734487 0.0740775 0.0722275 0.0681901 0.0624573 0.0556073 0.0482035 0.0407283 0.0335512 0.0269225 0.0209879 0.0158189 0.0114454 0.0078767 0.00510262
 0.00827117 0.0130383 0.018911 0.0256776 0.0331575 0.0411613 0.0493582 0.0572155 0.0640852 0.0693543 0.0725543 0.0734242 0.0719461 0.0683436 0.0630229 0.0564824 0.049232 0.0417392 0.0343984 0.0275141 0.0212992 0.0158851 0.0113408 0.00768709 0.00490067
 0.00841936 0.0132648 0.0192231 0.0260667 0.0335944 0.0415923 0.0497051 0.0573853 0.0639945 0.0689606 0.0718825 0.072572 0.0710658 0.0676018 0.062554 0.0563504 0.0494148 0.042141 0.0348849 0.0279562 0.0216087 0.0160316 0.0113458 0.00760225 0.0047821
 0.00861854 0.0135601 0.0196148 0.0265374 0.0341147 0.0421292 0.0502246 0.0578477 0.0643466 0.0691361 0.0718164 0.0722278 0.0704623 0.0668238 0.0617357 0.0556358 0.0489112 0.0418865 0.034844 0.0280439 0.0217295 0.0161152 0.0113634 0.00756239 0.00471246
 0.00875283 0.01377 0.0199142 0.0269317 0.0345974 0.0426792 0.0508042 0.0584053 0.0648256 0.0694851 0.0719945 0.0722055 0.0702231 0.0663743 0.0611181 0.0549314 0.0482246 0.0413136 0.0344396 0.0278076 0.0216173 0.0160671 0.011331 0.00752261 0.00466416
 0.00876443 0.0137957 0.0199663 0.0270272 0.0347565 0.0429196 0.0511345 0.0588179 0.0652925 0.0699582 0.0724134 0.0725089 0.0703622 0.0663224 0.0608765 0.0545318 0.0477268 0.0407949 0.0339744 0.0274452 0.02137 0.0159152 0.0112408 0.00746424 0.00462056
 0.00872613 0.0137351 0.0198792 0.0269129 0.034621 0.0427787 0.0510159 0.0587579 0.065327 0.0701095 0.0726783 0.0728551 0.0707334 0.0666523 0.0611066 0.0546269 0.0476843 0.0406442 0.0337659 0.0272329 0.0211934 0.0157902 0.0111627 0.00741819 0.00459232
 0.00868147 0.0136684 0.0197896 0.0268034 0.0344968 0.0426464 0.050883 0.0586358 0.0652329 0.0700667 0.0727111 0.0729791 0.0709454 0.0669255 0.0613941 0.0548755 0.0478513 0.0407112 0.0337427 0.0271505 0.0210893 0.0156946 0.0110905 0.00737077 0.00456375
 0.00855162 0.0134756 0.0195335 0.0264956 0.0341581 0.0423008 0.0505539 0.058345 0.0650013 0.0699143 0.0726564 0.0730363 0.0711208 0.0672115 0.0617652 0.0552889 0.048255 0.0410577 0.0340026 0.0273186 0.0211811 0.0157353 0.0111042 0.00737345 0.00456333
 0.00845025 0.0133185 0.0193119 0.0262081 0.033812 0.0419139 0.0501552 0.0579719 0.0646928 0.0697014 0.0725562 0.0730522 0.071247 0.0674372 0.0620747 0.0556592 0.048654 0.041447 0.0343457 0.0275904 0.0213742 0.0158585 0.0111751 0.00741086 0.00458175
 0.00832703 0.013127 0.0190401 0.0258506 0.033371 0.0414003 0.0495918 0.0573961 0.0641554 0.0692601 0.0722639 0.072945 0.0713362 0.0677078 0.0624921 0.0561775 0.0492239 0.0420202 0.0348788 0.0280493 0.0217387 0.016125 0.0113545 0.00752211 0.00464547
 0.00826323 0.013022 0.0188794 0.0256199 0.0330582 0.0410003 0.0491119 0.0568593 0.0636 0.0687357 0.071825 0.0726436 0.0712119 0.0677796 0.062753 0.0565962 0.0497513 0.0425994 0.0354539 0.0285733 0.0221789 0.0164658 0.0115971 0.00768065 0.00474039
 0.00809691 0.0127823 0.0185748 0.0252752 0.032705 0.0406616 0.0487924 0.0565478 0.0632825 0.0684102 0.07151 0.0723757 0.0710361 0.0677364 0.0628671 0.0568692 0.0501608 0.0431029 0.0359976 0.0291027 0.0226489 0.0168479 0.0118816 0.00787419 0.00486047
 0.007859 0.0124308 0.0181125 0.0247298 0.0321241 0.0401018 0.0483078 0.0561799 0.0630511 0.0683085 0.0715081 0.072436 0.0711321 0.0678644 0.0630438 0.0571185 0.0504973 0.0435213 0.0364711 0.0295899 0.0231052 0.0172373 0.0121841 0.00808802 0.00499762
 0.00771555 0.0121979 0.017764 0.0242457 0.0314995 0.0393588 0.0475041 0.0554055 0.062408 0.0678804 0.0713357 0.0725086 0.0713988 0.0682575 0.0635036 0.0576081 0.0510032 0.0440414 0.0370002 0.0301107 0.0235902 0.017657 0.012518 0.0083303 0.00515714
