SBPRF35
12.7214
Curr Bio
902125
B35
856144
F35
0.171839
FOFL
0.171839
OFL
125987
Bzero
3.63469e+006
#pred survey bio
 3.13949e+006 2.72774e+006 2.47136e+006 2.21589e+006 1.98357e+006 1.74722e+006 1.55961e+006 1.39641e+006 1.2172e+006 1.1108e+006 976843 871302 791429 713425 646334 624557 605602 573349 546483 539667 536614 537578 528990 547399 544874 541449 549459 548203 572666 582491 601750 607458 606019 611523 616588 620637 630511 636517 639040 644000 656861 664684 659844 664801 676019 680246 679534 687730 698854 730197 759294 804941 851621 896526 909362 909973 908097 2.07754e+007 1.90146e+007 1.93379e+007 2.01251e+007 2.12045e+007 2.23852e+007 2.35281e+007 2.4552e+007 2.54228e+007 2.61369e+007 2.6708e+007 2.71568e+007 2.75054e+007 2.77741e+007 2.79803e+007 2.81384e+007 2.82597e+007 2.83529e+007 2.84247e+007 2.84802e+007 2.85233e+007 2.8557e+007 2.85834e+007 2.86041e+007 2.86205e+007 2.86335e+007 2.86439e+007 2.86521e+007 2.86587e+007 2.8664e+007 2.86683e+007 2.86718e+007 2.86745e+007 2.86768e+007 2.86786e+007 2.86801e+007 2.86813e+007 2.86823e+007 2.86831e+007 2.86838e+007 2.86843e+007 2.86848e+007 2.86851e+007 2.86854e+007 2.86857e+007 2.86859e+007 2.8686e+007 2.86861e+007 2.86863e+007 2.86863e+007 2.86864e+007 2.86865e+007 2.86865e+007 2.86866e+007 2.86866e+007 2.86866e+007 2.86866e+007 2.86867e+007 2.86867e+007 2.86867e+007 2.86867e+007 2.86867e+007 2.86867e+007 2.86867e+007 2.86867e+007 2.86867e+007 2.86867e+007 2.86867e+007 2.86867e+007 2.86867e+007 2.86867e+007 2.86867e+007 2.86867e+007 2.86867e+007 2.86867e+007 2.86867e+007 2.86867e+007 2.86867e+007 2.86867e+007 2.86867e+007 2.86867e+007 2.86867e+007 2.86867e+007 2.86867e+007 2.86867e+007 2.86867e+007 2.86867e+007 2.86867e+007 2.86867e+007 2.86867e+007 2.86867e+007 2.86867e+007 2.86867e+007 2.86867e+007 2.86867e+007 2.86867e+007 2.86867e+007 2.86867e+007 2.86867e+007 2.86867e+007 0 0 0 0 0 0 0 0 0 0 0 0 0 0 0 0 0 0 0 0 0 0 0 0 0
#obs survey bio
 3.66861e+006 2.5937e+006 1.73267e+006 2.01193e+006 2.44428e+006 1.24794e+006 1.60112e+006 1.59032e+006 983498 1.09674e+006 796860 718023 766740 842606 556865 375576 608834 930888 489269 782606 534533 610166 581934 526155 600955 470589 572023 442935 595345 702386 566607 492087 731195 767710 631102 523248 577248 437637 644961 538239 513804 651672 699805 946847 495337 977531 525132 495296 620518 727519 700818 710130 1.14745e+006 969272 827192 1.02597e+006 1.09126e+006
#pred catch bio
 409649 286108 304283 299650 317175 285015 272275 291264 229770 254512 227176 201633 194556 178352 136272 133073 141018 131680 111996 107921 104120 111302 88868.6 107245 107137 97398.6 105318 84540.3 98127.9 90472.4 102065 107165 100292 100355 101469 97389 101997 106186 105016 99272.3 104251 114311 104735 99086.2 105128 109206 102205 101416 86920.1 92111.7 81241.8 83413.4 86907.1 115112 125433 127601 130019 125987 125984 127016 131106 137543 144744 151675 157787 162870 166924 170056 172420 174172 175452 176376 177038 177508 177841 178074 178238 178353 178433 178488 178527 178553 178572 178585 178593 178600 178604 178607 178609 178610 178611 178612 178612 178612 178613 178613 178613 178613 178613 178613 178613 178613 178613 178613 178613 178613 178613 178613 178613 178613 178613 178613 178613 178613 178613 178613 178613 178613 178613 178613 178613 178613 178613 178613 178613 178613 178613 178613 178613 178613 178613 178613 178613 178613 178613 178613 178613 178613 178613 178613 178613 178613 178613 178613 178613 178613 178613 178613 178613 178613 178613 178613 178613 178613 178613 178613 178613 0 0 0 0 0 0 0 0 0 0 0 0 0 0 0 0 0 0 0 0 0 0 0 0 0
#obs catch bio
 246933 284790 306159 301174 318513 287225 274705 295128 231283 257633 229166 203956 196461 178245 135584 134550 142878 131459 112455 107989 104581 111801 88554.4 107599 107345 97393.2 105891 84508.5 98621.8 90109 101867 107146 100063 99631.9 101042 97259.9 101615 106321 105400 99422 104467 114509 104785 98452.4 104684 108416 101551 101182 86757.5 92355.7 81487.2 83860.4 86895.6 115381 125750 127568 130043
#pred cpue bio
 3.09801e+006 2.68867e+006 2.43233e+006 2.1772e+006 1.94582e+006 1.71049e+006 1.52347e+006 1.36111e+006 1.18347e+006 1.0778e+006 945390 841204 762756 686750 621360 599772 581149 550180 524356 517813 514864 515888 507604 525615 523224 519961 527838 526678 550695 560564 579695 585452 584175 589782 594810 598636 608189 613876 616120 620967 633671 641506 636987 642131 653292 657418 656638 664469 675134 705763 734296 779186 825352 869831 882427 882715 880644 2.01465e+007 1.84388e+007 1.86578e+007 1.93451e+007 2.03964e+007 2.15719e+007 2.27139e+007 2.37378e+007 2.46085e+007 2.53226e+007 2.58938e+007 2.63426e+007 2.66911e+007 2.69598e+007 2.71661e+007 2.73242e+007 2.74454e+007 2.75386e+007 2.76104e+007 2.76659e+007 2.77091e+007 2.77427e+007 2.77691e+007 2.77898e+007 2.78062e+007 2.78193e+007 2.78296e+007 2.78379e+007 2.78445e+007 2.78498e+007 2.7854e+007 2.78575e+007 2.78603e+007 2.78625e+007 2.78644e+007 2.78659e+007 2.78671e+007 2.78681e+007 2.78689e+007 2.78695e+007 2.78701e+007 2.78705e+007 2.78709e+007 2.78711e+007 2.78714e+007 2.78716e+007 2.78717e+007 2.78719e+007 2.7872e+007 2.78721e+007 2.78721e+007 2.78722e+007 2.78722e+007 2.78723e+007 2.78723e+007 2.78723e+007 2.78724e+007 2.78724e+007 2.78724e+007 2.78724e+007 2.78724e+007 2.78724e+007 2.78724e+007 2.78724e+007 2.78724e+007 2.78724e+007 2.78724e+007 2.78725e+007 2.78725e+007 2.78725e+007 2.78725e+007 2.78725e+007 2.78725e+007 2.78725e+007 2.78725e+007 2.78725e+007 2.78725e+007 2.78725e+007 2.78725e+007 2.78725e+007 2.78725e+007 2.78725e+007 2.78725e+007 2.78725e+007 2.78725e+007 2.78725e+007 2.78725e+007 2.78725e+007 2.78725e+007 2.78725e+007 2.78725e+007 2.78725e+007 2.78725e+007 2.78725e+007 2.78725e+007 2.78725e+007 2.78725e+007 2.78725e+007 2.78725e+007 2.78725e+007 0 0 0 0 0 0 0 0 0 0 0 0 0 0 0 0 0 0 0 0 0 0 0 0 0
#obs cpue bio
 2.42074e+006 3.05222e+006 1.5143e+006 2.32479e+006 2.00513e+006 1.43904e+006 1.20693e+006 1.08254e+006 1.30601e+006 979237 1.1162e+006 721725 810658 975828 808571 375864 513819 698675 360397 451133 362822 529577 542208 459334 485348 579695 431706 634033 487689 743307 623630 662793 532701 772443 511130 539414 884788 619107 489356 766052 784428 765560 581957 818575 844693 672256 817612 785496 590683 591605 516070 685240 958528 897671 854569 961749 714608
#pred surv len freq
 0.00467945 0.00767428 0.0116934 0.0167631 0.0227829 0.0294307 0.0361392 0.0422407 0.0472152 0.0508522 0.0532259 0.054557 0.055091 0.0550434 0.0545893 0.0538716 0.0530142 0.0521184 0.0512117 0.0501481 0.0485245 0.0457349 0.0412315 0.034897 0.0272704
 0.00528473 0.00857665 0.0129024 0.0182418 0.0244684 0.031263 0.0380725 0.0442283 0.0491785 0.0526621 0.0547169 0.0555737 0.0555427 0.0549369 0.0540199 0.0529767 0.0519116 0.0508576 0.0497608 0.0484269 0.0464744 0.0433911 0.0387532 0.0325286 0.0252508
 0.00546351 0.00893515 0.0135619 0.0193425 0.0261193 0.0334723 0.0407018 0.0470124 0.0518139 0.0549107 0.0564569 0.056776 0.0562129 0.0550775 0.0536374 0.0521065 0.0506258 0.0492396 0.0478697 0.0462843 0.0440936 0.0408311 0.0361557 0.0301012 0.0231985
 0.00567712 0.00926875 0.0140449 0.02001 0.0270251 0.0346964 0.0423342 0.0491064 0.0543243 0.0576571 0.0591484 0.0590947 0.05791 0.056026 0.0538226 0.0515843 0.0494832 0.0475742 0.0457778 0.0438564 0.0414233 0.0380387 0.0334074 0.027595 0.0211136
 0.00595623 0.0097132 0.0146955 0.0208962 0.0281588 0.0360658 0.0439036 0.0508275 0.0561558 0.0595722 0.0611128 0.0610259 0.0596529 0.057375 0.0545824 0.0516296 0.0487834 0.0461797 0.0437906 0.041407 0.0386644 0.0351498 0.0305943 0.0250674 0.01904
 0.00629784 0.0102667 0.015524 0.0220548 0.0296807 0.0379422 0.0460649 0.0531415 0.0584538 0.0616943 0.0629481 0.0625245 0.060803 0.0581608 0.0549503 0.0514884 0.0480382 0.0447772 0.0417496 0.0388254 0.0357099 0.0320443 0.0275873 0.0223956 0.0168766
 0.00650548 0.0106198 0.0160846 0.0228913 0.0308543 0.0394848 0.047955 0.0552936 0.0607271 0.0639191 0.0649575 0.0641835 0.0620271 0.0589165 0.0552352 0.0512995 0.047351 0.0435527 0.0399673 0.0365241 0.0330132 0.0291571 0.0247623 0.019877 0.0148408
 0.00666477 0.010886 0.0165001 0.0235035 0.0317108 0.0406219 0.0493838 0.0569872 0.062616 0.0658944 0.066882 0.0659091 0.063418 0.0598708 0.0556959 0.0512484 0.0467901 0.0424868 0.0384058 0.0345036 0.0306297 0.0265811 0.0222198 0.0175971 0.0129933
 0.00701419 0.0114366 0.017296 0.0245741 0.0330659 0.0422453 0.0512248 0.0589589 0.0646055 0.0677819 0.0685573 0.0672796 0.0644088 0.0604249 0.0557761 0.0508393 0.0458966 0.0411288 0.0366163 0.0323384 0.0281864 0.0240141 0.0197291 0.0153867 0.0112144
 0.00710069 0.0115974 0.0175753 0.0250248 0.0337374 0.0431639 0.0523772 0.0602889 0.0660295 0.0692105 0.0699116 0.0684938 0.0654244 0.0611839 0.0562205 0.0509161 0.0455659 0.0403717 0.0354412 0.0307893 0.026352 0.0220316 0.017772 0.0136302 0.00978997
 0.00735314 0.0120044 0.0181816 0.0258707 0.0348512 0.0445502 0.0540019 0.06207 0.0678417 0.0709057 0.071348 0.0695632 0.0660694 0.0613983 0.0560322 0.0503635 0.0446804 0.0391739 0.0339514 0.0290455 0.0244279 0.0200433 0.0158669 0.0119549 0.00845074
 0.00744866 0.0121826 0.0184922 0.0263736 0.0356028 0.045581 0.0552958 0.0635592 0.0694194 0.0724483 0.0727352 0.0706902 0.0668549 0.0617919 0.0560198 0.049964 0.043933 0.0381246 0.032646 0.0275351 0.0227821 0.0183602 0.0142666 0.0105556 0.007337
 0.00737473 0.0120873 0.0183967 0.0263188 0.0356455 0.0457841 0.0557154 0.0642296 0.0703387 0.0735697 0.0739675 0.0719133 0.0679432 0.0626377 0.0565474 0.0501355 0.0437457 0.0376035 0.0318355 0.0264949 0.0215877 0.0171046 0.0130547 0.00948681 0.00648174
 0.00753803 0.0123162 0.018675 0.0266123 0.0359173 0.0460164 0.055925 0.0644651 0.0706606 0.0740223 0.0745578 0.0726041 0.0686611 0.0632901 0.0570429 0.0504008 0.0437365 0.0373081 0.0312733 0.0257121 0.0206532 0.0161046 0.012083 0.00862868 0.00579568
 0.00801877 0.0130296 0.0196197 0.0277366 0.0371264 0.0471906 0.0569404 0.0652157 0.0710835 0.0741195 0.0743981 0.0722962 0.06831 0.0629592 0.0567403 0.05009 0.0433616 0.0368192 0.0306446 0.0249498 0.0197957 0.015215 0.0112354 0.00789115 0.00521309
 0.00798124 0.013019 0.0196937 0.0279716 0.0375872 0.0478882 0.0578023 0.0660954 0.0718113 0.074569 0.0745311 0.0721659 0.0680258 0.062638 0.0564641 0.0498857 0.0432038 0.036652 0.0304098 0.0246118 0.0193539 0.014703 0.0107089 0.00740874 0.0048187
 0.00769194 0.0125991 0.0191589 0.0273784 0.0370285 0.0474785 0.0576539 0.0662869 0.0723532 0.0753816 0.0754585 0.0730283 0.0686872 0.0630491 0.056659 0.0499409 0.0431896 0.0366024 0.0303216 0.0244641 0.0191326 0.0144167 0.0103888 0.00709734 0.00455308
 0.00779222 0.0127084 0.0192268 0.0273326 0.0368041 0.0470603 0.0571068 0.0657503 0.0719942 0.0753291 0.0757509 0.0735993 0.0693945 0.0637303 0.0571895 0.0502669 0.0433249 0.0365974 0.0302273 0.0243126 0.0189387 0.0141909 0.0101486 0.006867 0.00435639
 0.00798397 0.0130009 0.0196275 0.0278251 0.0373409 0.0475595 0.0574614 0.0658581 0.0718047 0.074883 0.0751796 0.0730742 0.0690517 0.0636158 0.0572546 0.0504098 0.043447 0.0366404 0.0301794 0.024191 0.0187694 0.013998 0.00995245 0.00668601 0.00420537
 0.00803906 0.0130831 0.0197374 0.0279584 0.0374885 0.047708 0.0575912 0.0659405 0.071803 0.0747636 0.0749321 0.0727312 0.068691 0.0633348 0.0571276 0.050454 0.0436186 0.036862 0.0303774 0.0243212 0.0188209 0.0139833 0.00989462 0.00660915 0.00412928
 0.00802495 0.0130674 0.019727 0.0279632 0.0375183 0.0477668 0.0576733 0.0660308 0.0718803 0.0748054 0.0749189 0.0726514 0.0685481 0.0631542 0.0569551 0.0503401 0.0435952 0.0369264 0.0304953 0.0244454 0.018914 0.0140288 0.00989621 0.00658219 0.00409111
 0.00796483 0.0129731 0.0195922 0.0277864 0.0373054 0.0475338 0.0574467 0.0658436 0.0717623 0.0747722 0.0749653 0.072754 0.0686751 0.0632778 0.0570619 0.050435 0.0436953 0.0370482 0.0306416 0.024602 0.019057 0.0141376 0.00996262 0.0066111 0.00409499
 0.00812349 0.0132005 0.0198775 0.0280996 0.037605 0.0477797 0.057612 0.0659182 0.0717516 0.0746916 0.074835 0.0725931 0.0684973 0.0630905 0.0568689 0.0502416 0.0435124 0.0368907 0.0305226 0.0245257 0.0190161 0.014118 0.00995046 0.00659836 0.00408021
 0.00794287 0.0129347 0.0195285 0.0276852 0.0371512 0.0473101 0.0571426 0.0654626 0.0713318 0.0743454 0.0746119 0.072538 0.0686313 0.0634 0.0573091 0.0507518 0.0440342 0.0373811 0.0309574 0.0248952 0.0193182 0.0143532 0.0101218 0.00671278 0.00414891
 0.00793547 0.0129218 0.0195082 0.0276571 0.0371187 0.0472816 0.0571294 0.0654722 0.0713589 0.0743681 0.0746002 0.0724714 0.0685146 0.0632641 0.0571958 0.0506931 0.0440398 0.0374403 0.0310489 0.0249981 0.0194169 0.0144383 0.0101885 0.00675993 0.00417845
 0.00799828 0.0130099 0.0196148 0.0277669 0.037212 0.0473416 0.0571483 0.0654535 0.0713146 0.0743128 0.0745428 0.0724113 0.0684432 0.0631736 0.0570888 0.050585 0.0439524 0.0373902 0.0310402 0.0250228 0.0194609 0.0144875 0.0102329 0.00679418 0.00420153
 0.00791255 0.0128838 0.0194493 0.0275703 0.0369962 0.0471166 0.0569203 0.0652274 0.0711004 0.0741297 0.0744173 0.072368 0.0684933 0.0633086 0.0572837 0.0508095 0.0441823 0.0376123 0.0312496 0.0252166 0.0196344 0.0146346 0.0103487 0.00687795 0.00425667
 0.0079887 0.012988 0.0195701 0.0276863 0.037083 0.0471576 0.0569135 0.0651833 0.0710325 0.0740454 0.0743166 0.0722501 0.068365 0.0631856 0.0571844 0.0507462 0.0441571 0.0376193 0.0312802 0.0252626 0.0196888 0.0146904 0.0103996 0.00691917 0.0042863
 0.00774841 0.0126269 0.0190815 0.0270824 0.0363908 0.0464117 0.0561536 0.0644579 0.0704014 0.0735756 0.0740681 0.0722574 0.0686245 0.0636565 0.0578026 0.0514426 0.044871 0.0383039 0.0319028 0.0258024 0.020135 0.0150409 0.0106597 0.00709984 0.00440269
 0.00770812 0.0125467 0.0189349 0.0268392 0.0360281 0.0459297 0.0555854 0.0638647 0.0698534 0.0731293 0.0737554 0.072091 0.0686083 0.0637907 0.0580787 0.0518377 0.0453477 0.0388172 0.032409 0.0262664 0.0205332 0.0153616 0.0109014 0.00726946 0.00451275
 0.00762203 0.0124066 0.0187233 0.0265379 0.0356207 0.0454056 0.0549487 0.0631427 0.0691014 0.072426 0.0731874 0.0717311 0.0684972 0.0639303 0.0584394 0.052371 0.0459964 0.0395222 0.0331137 0.0269214 0.0211016 0.0158221 0.0112488 0.00751269 0.00466981
 0.00756683 0.0123306 0.0186335 0.0264476 0.0355421 0.0453411 0.0548835 0.0630463 0.0689383 0.0721721 0.0728452 0.071336 0.0681111 0.063624 0.0582712 0.0523705 0.0461605 0.03982 0.0334976 0.0273385 0.0215036 0.0161727 0.0115276 0.0077152 0.00480402
 0.00753332 0.0122793 0.0185631 0.0263606 0.0354468 0.0452514 0.0548166 0.0630158 0.0689448 0.0721959 0.0728493 0.0712813 0.0679773 0.0634237 0.0580486 0.0521854 0.046065 0.0398411 0.0336309 0.0275543 0.021759 0.0164256 0.0117465 0.00788379 0.00492045
 0.00757942 0.0123275 0.0185865 0.0263197 0.0353017 0.0449814 0.0544363 0.0625769 0.0685204 0.071856 0.0726383 0.071206 0.0680101 0.0635195 0.0581667 0.0523068 0.0461955 0.0400004 0.0338351 0.0278029 0.0220331 0.0166953 0.0119834 0.00806982 0.0050513
 0.0076468 0.0124331 0.0187361 0.0265106 0.0355173 0.0451863 0.0545777 0.0625976 0.0683824 0.0715628 0.072241 0.0707852 0.067644 0.0632556 0.0580135 0.0522446 0.0461976 0.0400486 0.0339233 0.0279291 0.0221899 0.0168665 0.0121475 0.00820839 0.00515462
 0.0076643 0.0124688 0.018803 0.0266248 0.0356925 0.0454261 0.0548669 0.0628983 0.0686384 0.0717136 0.0722409 0.0706221 0.0673471 0.0628864 0.0576427 0.0519279 0.0459631 0.0398995 0.0338496 0.0279174 0.0222265 0.0169358 0.0122318 0.00829046 0.00522224
 0.00770656 0.0125216 0.0188541 0.0266554 0.0356858 0.0453784 0.0547948 0.0628344 0.0686162 0.0717483 0.072319 0.0707061 0.0673931 0.0628654 0.0575542 0.0517979 0.0458301 0.0397974 0.0337966 0.0279156 0.0222667 0.0170031 0.01231 0.00836535 0.00528387
 0.00771586 0.012549 0.0189165 0.0267724 0.0358701 0.0456239 0.0550701 0.06309 0.0688045 0.0718443 0.0723278 0.0706518 0.067299 0.0627413 0.0573981 0.0516084 0.0456171 0.0395833 0.0336082 0.0277733 0.022178 0.0169632 0.0123059 0.00838143 0.00530677
 0.00764253 0.0124499 0.0188054 0.0266766 0.0358255 0.0456648 0.0552174 0.0633423 0.0691334 0.0721987 0.0726467 0.0708833 0.067416 0.0627452 0.0573095 0.0514538 0.0454213 0.0393689 0.0333977 0.0275881 0.0220339 0.016866 0.0122515 0.0083587 0.00530286
 0.00761518 0.0123941 0.0187022 0.0265056 0.0355757 0.0453483 0.0548782 0.0630507 0.0689636 0.0722001 0.0728231 0.0711922 0.0677865 0.063104 0.0576024 0.0516556 0.0455326 0.0394068 0.0333861 0.0275514 0.0219927 0.0168343 0.0122348 0.0083557 0.00530829
 0.00750627 0.0122292 0.0184758 0.0262187 0.0352327 0.0449546 0.0544421 0.0625908 0.0685183 0.0718291 0.0725961 0.0711652 0.0679772 0.0634813 0.0580965 0.0521831 0.0460226 0.0398165 0.0337022 0.0277816 0.0221551 0.0169481 0.0123154 0.00841326 0.00534871
 0.00739727 0.0120618 0.0182426 0.0259206 0.0348795 0.0445645 0.0540401 0.0622057 0.0681765 0.0715509 0.0723975 0.0710635 0.0679942 0.0636353 0.0583885 0.0525866 0.0464866 0.0402812 0.0341183 0.0281212 0.0224125 0.0171325 0.0124422 0.00849765 0.00540293
 0.00736563 0.0120122 0.0181715 0.0258261 0.0347619 0.0444267 0.0538884 0.0620487 0.0680234 0.0714084 0.0722689 0.0709511 0.0679043 0.0635823 0.0583928 0.0526654 0.0466426 0.0404968 0.0343602 0.0283537 0.0226092 0.0172822 0.0125468 0.00856579 0.00544493
 0.00740275 0.012046 0.0181739 0.0257563 0.0345789 0.0441088 0.0534487 0.0615365 0.06751 0.0709643 0.0719451 0.0707711 0.0678659 0.0636669 0.0585763 0.0529257 0.0469614 0.0408557 0.0347357 0.0287171 0.0229325 0.0175459 0.0127437 0.00870088 0.0055302
 0.00740619 0.0120522 0.0181828 0.0257633 0.0345706 0.0440589 0.0533206 0.0612951 0.0671416 0.0704937 0.0714367 0.0703103 0.0675298 0.0635006 0.0585859 0.0530874 0.0472366 0.0412033 0.0351178 0.0290992 0.0232844 0.0178442 0.0129757 0.00886585 0.00563722
 0.00741612 0.0120728 0.0182218 0.0258301 0.0346729 0.0441971 0.0534814 0.0614483 0.067243 0.0704958 0.0713063 0.0700454 0.0671677 0.0631089 0.0582399 0.0528453 0.047125 0.0412169 0.0352295 0.0292724 0.023482 0.0180347 0.0131375 0.0089885 0.00572061
 0.00753292 0.0122426 0.0184403 0.0260816 0.0349354 0.0444515 0.0537159 0.0616575 0.0674196 0.0706236 0.0713577 0.0699892 0.0669832 0.062801 0.0578453 0.0524245 0.0467436 0.0409246 0.0350479 0.029195 0.0234833 0.0180826 0.0132026 0.00905018 0.00576842
 0.00756269 0.0122959 0.0185286 0.0262157 0.0351199 0.0446772 0.0539573 0.0618777 0.0675846 0.0707154 0.0713786 0.0699517 0.0668968 0.0626655 0.057657 0.0521893 0.0464845 0.040678 0.03485 0.0290677 0.0234279 0.018083 0.0132351 0.00909293 0.0058069
 0.00756579 0.0123008 0.0185362 0.0262282 0.0351422 0.0447173 0.0540247 0.0619786 0.0677157 0.0708612 0.0715142 0.0700525 0.0669469 0.0626602 0.0575991 0.0520852 0.0463445 0.0405191 0.0346958 0.028942 0.0233461 0.0180469 0.0132343 0.00911161 0.00583083
 0.00746317 0.0121348 0.0182887 0.0258854 0.0346999 0.0441891 0.0534488 0.0614175 0.0672451 0.0705505 0.0714072 0.070156 0.0672311 0.0630699 0.0580706 0.052561 0.0467828 0.0408976 0.0350093 0.0291977 0.0235562 0.0182214 0.0133779 0.00922476 0.00591359
 0.00738711 0.0120141 0.0181126 0.0256448 0.0343891 0.0438073 0.0530041 0.0609313 0.0667542 0.070105 0.0710638 0.0699659 0.0672264 0.0632532 0.0584126 0.053009 0.0472758 0.0413811 0.0354458 0.0295688 0.0238586 0.0184605 0.0135614 0.00936 0.00600769
 0.00717586 0.0116872 0.0176518 0.0250456 0.0336621 0.0429799 0.0521222 0.0600579 0.0659615 0.0694626 0.0706272 0.0697721 0.0672927 0.0635763 0.0589664 0.0537437 0.0481226 0.0422634 0.0362924 0.0303259 0.0244947 0.018965 0.0139396 0.00962718 0.00618421
 0.0070376 0.0114547 0.0172885 0.0245156 0.0329411 0.0420716 0.0510713 0.0589506 0.0649078 0.0685694 0.0699764 0.0694114 0.0672389 0.0638218 0.0594845 0.0544907 0.0490378 0.0432722 0.037314 0.0312848 0.0253327 0.019648 0.0144589 0.00999459 0.00642515
 0.00700386 0.0113862 0.0171593 0.0242908 0.0325823 0.0415474 0.0503705 0.0580924 0.0639457 0.0675871 0.0690755 0.068693 0.0667836 0.0636759 0.0596565 0.054955 0.049743 0.0441471 0.0382753 0.0322462 0.0262167 0.0203979 0.0150458 0.0104177 0.00670535
 0.00706532 0.0114942 0.0173348 0.0245525 0.0329352 0.0419674 0.050794 0.0584225 0.0640774 0.0674427 0.0686344 0.0680021 0.0659454 0.0628221 0.0589149 0.0544227 0.0494701 0.0441343 0.0384816 0.0326026 0.0266435 0.020822 0.0154137 0.010702 0.00690253
 0.00707993 0.0115315 0.0174164 0.0247083 0.0331967 0.0423564 0.0513087 0.0590262 0.0646956 0.0679714 0.068961 0.0680367 0.0656526 0.062238 0.0581408 0.0535964 0.0487269 0.0435731 0.0381466 0.0324839 0.0266913 0.0209682 0.0155936 0.0108685 0.00703131
 0.00701751 0.0114454 0.0173165 0.024616 0.0331433 0.0423772 0.0514367 0.0592834 0.0650841 0.0684632 0.0694932 0.0685169 0.0659794 0.0623312 0.0579714 0.0532005 0.0481964 0.0430258 0.0376873 0.0321756 0.0265451 0.0209533 0.0156584 0.0109626 0.00711967
#obs surv len freq
 0.00497228 0.00814311 0.0123835 0.0177062 0.0239848 0.0308542 0.0376904 0.0437717 0.0485489 0.051821 0.0537055 0.0544863 0.0544816 0.0539876 0.0532648 0.0525273 0.0519206 0.0514797 0.0510659 0.0503096 0.0486283 0.0453909 0.0402204 0.0332858 0.0253695
 0.00517939 0.00848519 0.0129083 0.0184614 0.0250083 0.0321593 0.0392505 0.0455154 0.0503705 0.0536019 0.0553325 0.0558613 0.0555225 0.0546263 0.0534469 0.0522152 0.0511011 0.0501727 0.0493313 0.0482508 0.046389 0.0431432 0.0381408 0.0315211 0.0240051
 0.00541606 0.00886967 0.0134868 0.0192777 0.0260969 0.0335336 0.0408891 0.0473555 0.0523139 0.0555302 0.0571249 0.0574068 0.056727 0.0554143 0.0537596 0.0520091 0.0503491 0.0488728 0.0475206 0.0460203 0.0438898 0.0405765 0.0357251 0.0294465 0.0223882
 0.00564646 0.00924978 0.014069 0.0201141 0.0272286 0.0349744 0.0426098 0.0492795 0.0543302 0.057516 0.0589646 0.0590006 0.0579899 0.0562739 0.0541541 0.0518871 0.0496723 0.0476234 0.0457169 0.0437363 0.0412703 0.0378325 0.0331013 0.0271652 0.0205938
 0.00589929 0.0096618 0.0146912 0.0209951 0.0284065 0.0364625 0.0443818 0.0512622 0.0564122 0.0595675 0.0608586 0.0606271 0.0592619 0.0571257 0.054536 0.0517583 0.0489982 0.0463814 0.0439129 0.0414287 0.0385919 0.0349922 0.0303539 0.0247525 0.0186804
 0.00614378 0.0100641 0.0153055 0.0218746 0.0295925 0.0379681 0.0461748 0.0532608 0.0584973 0.0616071 0.0627289 0.0622238 0.0605022 0.0579468 0.0548913 0.0516128 0.0483241 0.0451602 0.0421478 0.0391684 0.0359554 0.0321764 0.027609 0.0223235 0.0167408
 0.00638883 0.0104649 0.0159134 0.0227393 0.0307528 0.0394372 0.0479245 0.055215 0.0605414 0.0636089 0.0645607 0.0637763 0.0616914 0.0587134 0.0551961 0.0514299 0.0476352 0.0439542 0.0404311 0.0369862 0.0334155 0.0294608 0.024953 0.019963 0.014847
 0.00661001 0.0108306 0.0164751 0.0235485 0.0318506 0.0408377 0.0495985 0.0570847 0.0624923 0.0655126 0.0662959 0.0652408 0.0628057 0.0594205 0.0554589 0.0512264 0.0469536 0.0427912 0.0387988 0.0349295 0.031034 0.0269197 0.0224673 0.0177501 0.0130671
 0.00682671 0.0111822 0.0170033 0.0242923 0.0328402 0.0420836 0.0510794 0.0587413 0.064233 0.067228 0.0678757 0.0665862 0.0638369 0.0600794 0.0557079 0.0510443 0.0463306 0.0417277 0.0373105 0.033061 0.0288772 0.024623 0.0202222 0.0157505 0.0114567
 0.00706609 0.0115776 0.0176091 0.0251606 0.0340076 0.0435519 0.0527976 0.0606045 0.0661021 0.0689623 0.0693594 0.0677391 0.0646116 0.0604529 0.0556735 0.0506058 0.0454975 0.0405142 0.0357413 0.0311835 0.0267776 0.0224344 0.0181131 0.0138896 0.0099668
 0.00726872 0.0119102 0.0181157 0.025885 0.0349849 0.0447953 0.0542834 0.0622635 0.0678262 0.0706216 0.0708248 0.0689023 0.065398 0.0608259 0.0556291 0.050161 0.0446794 0.0393534 0.0342739 0.0294614 0.0248819 0.0204827 0.0162498 0.0122565 0.00866539
 0.00741454 0.0121525 0.0184902 0.0264283 0.0357281 0.0457521 0.0554388 0.0635696 0.0692076 0.0719883 0.0720842 0.0699667 0.0661912 0.0612893 0.0557285 0.0498881 0.0440485 0.0383951 0.0330309 0.0279916 0.0232648 0.0188242 0.0146735 0.0108807 0.00757268
 0.00752891 0.0123345 0.0187575 0.0267963 0.0362093 0.0463544 0.0561615 0.0643992 0.0701161 0.0729343 0.0730154 0.0708237 0.0669118 0.0618135 0.0560047 0.0498789 0.0437359 0.0377828 0.0321456 0.0268829 0.0220066 0.0175124 0.0134168 0.00977988 0.00669705
 0.00761277 0.0124699 0.018959 0.0270767 0.0365763 0.0468069 0.0566872 0.0649753 0.0707153 0.0735322 0.0735936 0.0713665 0.0673985 0.0622141 0.0562793 0.0499841 0.0436333 0.0374487 0.0315787 0.0261097 0.0210829 0.0165191 0.0124475 0.00892185 0.00601064
 0.00767415 0.0125642 0.019091 0.027248 0.0367863 0.0470541 0.0569692 0.0652878 0.0710515 0.0738827 0.0739477 0.0717138 0.0677284 0.062513 0.0565263 0.0501494 0.0436802 0.037342 0.0312958 0.0256515 0.0204801 0.0158306 0.011749 0.00828796 0.00549541
 0.00773501 0.0126558 0.0192153 0.0274015 0.0369614 0.0472409 0.0571574 0.0654689 0.0712207 0.0740408 0.0741005 0.0718686 0.0678899 0.0626791 0.0566868 0.0502844 0.043762 0.0373384 0.0311779 0.0254045 0.0201127 0.015378 0.0112663 0.00783475 0.00511839
 0.00778734 0.0127374 0.0193311 0.027553 0.0371451 0.0474472 0.0573702 0.0656677 0.0713857 0.0741596 0.0741727 0.0719049 0.0679072 0.0626937 0.0567077 0.0503101 0.0437792 0.0373243 0.0311065 0.0252554 0.0198807 0.0150789 0.0109349 0.00751405 0.00484536
 0.00779778 0.012752 0.019349 0.0275724 0.0371642 0.047466 0.0573911 0.0656945 0.071422 0.0742065 0.0742283 0.0719664 0.0679728 0.062764 0.0567841 0.050392 0.04386 0.0373901 0.0311377 0.0252326 0.0197932 0.0149312 0.0107473 0.00731693 0.00466813
 0.00784199 0.0128126 0.0194195 0.0276396 0.0372123 0.0474824 0.0573715 0.0656449 0.0713559 0.0741406 0.0741778 0.0719418 0.0679779 0.0627968 0.0568393 0.0504623 0.0439371 0.0374631 0.0311929 0.0252551 0.0197718 0.0148641 0.010645 0.00719862 0.0045552
 0.00785919 0.0128436 0.0194709 0.0277173 0.0373178 0.0476078 0.0574977 0.0657447 0.0714045 0.0741265 0.0741084 0.0718391 0.0678698 0.0627065 0.0567796 0.0504356 0.0439375 0.0374801 0.0312132 0.0252651 0.0197602 0.0148259 0.0105833 0.00712416 0.00448158
 0.00790971 0.0129165 0.0195637 0.0278228 0.0374268 0.0477134 0.0575969 0.0658366 0.0714851 0.0741856 0.0741315 0.0718153 0.0677986 0.0626002 0.0566595 0.0503228 0.0438464 0.037415 0.0311693 0.0252326 0.0197283 0.0147868 0.0105352 0.00707098 0.00443034
 0.00791765 0.0129316 0.0195901 0.0278646 0.0374855 0.0477857 0.0576733 0.0659043 0.071533 0.0742096 0.0741347 0.0718035 0.0677753 0.0625658 0.056614 0.0502699 0.0437935 0.0373699 0.0311361 0.0252098 0.0197103 0.0147674 0.010511 0.00704247 0.00440123
 0.00789936 0.0129027 0.0195486 0.0278101 0.0374205 0.0477162 0.0576092 0.0658567 0.0715107 0.0742152 0.0741643 0.0718492 0.0678289 0.0626209 0.0566659 0.0503154 0.043831 0.0374 0.0311607 0.0252302 0.0197261 0.0147769 0.0105127 0.00703703 0.00439121
 0.00787041 0.0128508 0.0194619 0.0276757 0.0372292 0.0474691 0.0573229 0.0655635 0.0712516 0.0740285 0.0740751 0.0718642 0.0679373 0.0627996 0.0568868 0.0505518 0.0440616 0.0376103 0.0313428 0.0253807 0.0198446 0.0148648 0.0105728 0.00707374 0.00441039
 0.00790046 0.0128924 0.0195105 0.0277212 0.037257 0.0474625 0.0572673 0.0654511 0.0710856 0.073826 0.0738656 0.0716826 0.0678137 0.0627507 0.0569125 0.0506375 0.0441853 0.0377496 0.0314791 0.0255018 0.0199441 0.0149405 0.0106259 0.00710754 0.0044294
 0.00787803 0.0128612 0.0194729 0.0276821 0.0372207 0.0474301 0.0572339 0.0654063 0.0710183 0.0737298 0.0737437 0.0715495 0.0676922 0.0626657 0.0568831 0.050671 0.0442754 0.0378791 0.0316265 0.0256467 0.0200718 0.0150429 0.0107011 0.00715789 0.00445999
 0.00785193 0.0128163 0.0194015 0.0275769 0.0370787 0.0472563 0.0570441 0.0652245 0.0708682 0.0736258 0.0736869 0.0715303 0.0676996 0.0626939 0.0569341 0.0507514 0.0443897 0.0380247 0.0317922 0.0258163 0.0202285 0.0151745 0.0108016 0.00722786 0.00450422
 0.00783588 0.0127856 0.0193469 0.0274868 0.0369423 0.0470683 0.0568095 0.064961 0.0706043 0.0733947 0.0735182 0.0714425 0.0676954 0.0627626 0.0570577 0.0509123 0.0445749 0.0382251 0.0319996 0.0260199 0.0204159 0.0153343 0.0109267 0.00731731 0.00456234
 0.00779266 0.0127189 0.0192527 0.0273634 0.0367892 0.0468861 0.0566004 0.0647306 0.0703638 0.0731623 0.0733175 0.0712987 0.0676294 0.0627843 0.0571635 0.0510866 0.0447959 0.0384708 0.0322508 0.0262611 0.0206342 0.0155194 0.0110726 0.00742298 0.00463221
 0.00775688 0.0126567 0.0191522 0.0272121 0.0365786 0.0466172 0.0562882 0.0644031 0.0700544 0.0729005 0.0731227 0.0711811 0.0675927 0.0628299 0.0572892 0.0512848 0.0450514 0.0387623 0.0325546 0.0265547 0.0208992 0.0157429 0.0112479 0.0075501 0.0047167
 0.00773587 0.0126182 0.019086 0.0271057 0.0364195 0.0463975 0.0560095 0.0640794 0.069712 0.0725735 0.0728466 0.0709852 0.0674952 0.0628354 0.0573917 0.051471 0.0453038 0.0390598 0.0328734 0.0268705 0.0211895 0.0159909 0.0114441 0.00769323 0.00481236
 0.0077166 0.0125897 0.019048 0.0270585 0.0363624 0.0463266 0.0559169 0.0639555 0.06955 0.0723752 0.0726255 0.0707654 0.0673065 0.0627057 0.0573403 0.0515048 0.0454176 0.0392391 0.0330972 0.0271144 0.0214293 0.016206 0.0116206 0.00782546 0.00490259
 0.00769849 0.0125612 0.019007 0.0270041 0.0362954 0.04625 0.0558355 0.0638741 0.0694706 0.072295 0.0725384 0.0706667 0.0671985 0.0626006 0.0572579 0.0514661 0.0454372 0.0393207 0.0332326 0.0272862 0.0216153 0.0163841 0.0117739 0.00794449 0.004986
 0.00765409 0.0124923 0.0189097 0.0268774 0.0361418 0.0460761 0.0556527 0.063698 0.0693185 0.072181 0.0724697 0.070641 0.0672068 0.0626318 0.0573048 0.0515288 0.045522 0.0394347 0.0333782 0.0274571 0.0217977 0.0165603 0.0119277 0.00806572 0.00507214
 0.00762483 0.0124431 0.0188328 0.0267652 0.0359895 0.045885 0.0554332 0.0634696 0.0691057 0.0720073 0.072352 0.070587 0.0672146 0.062692 0.0574039 0.0516534 0.0456631 0.0395883 0.0335432 0.0276312 0.021974 0.0167279 0.0120743 0.00818258 0.00515632
 0.00761901 0.0124327 0.0188153 0.0267369 0.0359457 0.0458205 0.0553437 0.0633535 0.0689668 0.0718557 0.0722036 0.0704604 0.067126 0.0626511 0.0574121 0.051705 0.0457484 0.0396975 0.0336684 0.0277661 0.0221119 0.0168604 0.0121926 0.00827904 0.0052275
 0.00760364 0.0124124 0.0187932 0.0267185 0.0359364 0.0458226 0.0553536 0.0633621 0.0689619 0.0718266 0.0721454 0.0703766 0.0670282 0.062556 0.0573366 0.0516613 0.0457416 0.0397259 0.0337258 0.0278441 0.0222016 0.0169527 0.0122787 0.00835178 0.00528288
 0.00758603 0.0123831 0.0187481 0.0266545 0.0358534 0.0457257 0.0552542 0.0632753 0.0689011 0.0717977 0.0721437 0.0703897 0.0670431 0.0625652 0.0573407 0.0516678 0.0457601 0.0397634 0.0337842 0.0279201 0.022288 0.0170408 0.0123599 0.00841978 0.00533434
 0.00756117 0.0123443 0.0186927 0.0265809 0.0357615 0.045617 0.055133 0.06315 0.0687839 0.071703 0.0720843 0.0703726 0.0670661 0.0626182 0.0574106 0.0517438 0.0458373 0.0398425 0.0338676 0.0280089 0.0223798 0.0171302 0.0124405 0.00848619 0.00538406
 0.00754747 0.0123219 0.018659 0.0265336 0.0356989 0.0455396 0.0550436 0.0630539 0.0686883 0.0716155 0.0720127 0.0703238 0.0670458 0.0626289 0.05745 0.0518053 0.0459124 0.0399239 0.0339512 0.0280926 0.0224622 0.0172082 0.0125102 0.0085437 0.00542733
 0.00753164 0.0122978 0.0186258 0.0264913 0.0356484 0.045482 0.0549803 0.0629866 0.0686197 0.0715492 0.0719531 0.0702758 0.0670143 0.0626183 0.0574628 0.0518415 0.0459686 0.0399945 0.0340296 0.0281733 0.0225406 0.0172807 0.0125734 0.0085951 0.00546574
 0.00752656 0.0122873 0.0186057 0.0264571 0.0355962 0.0454109 0.0548944 0.0628944 0.0685313 0.0714737 0.0718954 0.0702378 0.0669956 0.0626184 0.0574816 0.0518788 0.0460234 0.0400639 0.0341089 0.0282566 0.0226219 0.017355 0.0126369 0.00864561 0.00550273
 0.00752406 0.0122839 0.0186016 0.0264522 0.0355897 0.0454003 0.0548756 0.0628632 0.0684855 0.0714152 0.0718307 0.0701756 0.0669442 0.0625831 0.057465 0.0518813 0.046044 0.0401007 0.0341589 0.0283153 0.0226838 0.0174146 0.0126894 0.00868804 0.00553407
 0.00750516 0.0122551 0.018562 0.0264024 0.035532 0.0453385 0.0548142 0.0628069 0.0684378 0.0713774 0.0718022 0.0701551 0.0669318 0.0625807 0.057475 0.0519056 0.0460829 0.0401528 0.0342211 0.0283834 0.022753 0.0174795 0.0127457 0.00873287 0.00556668
 0.00750869 0.0122602 0.0185685 0.0264097 0.0355391 0.0453443 0.054818 0.0628077 0.068435 0.0713701 0.0717892 0.0701355 0.0669053 0.0625488 0.0574412 0.0518749 0.0460606 0.0401428 0.0342251 0.0284003 0.0227793 0.0175107 0.0127769 0.00876024 0.00558797
 0.00750237 0.0122495 0.0185517 0.0263851 0.0355056 0.0453024 0.0547701 0.0627586 0.0683904 0.0713354 0.0717678 0.0701281 0.0669102 0.0625623 0.0574596 0.0518958 0.0460835 0.0401686 0.0342552 0.0284352 0.0228177 0.0175498 0.0128132 0.00879071 0.00561103
 0.00750237 0.0122495 0.0185517 0.0263851 0.0355056 0.0453024 0.0547701 0.0627586 0.0683904 0.0713354 0.0717678 0.0701281 0.0669102 0.0625623 0.0574596 0.0518958 0.0460835 0.0401686 0.0342552 0.0284352 0.0228177 0.0175498 0.0128132 0.00879071 0.00561103
 0.00742666 0.0121314 0.0183837 0.0261645 0.035236 0.0449955 0.054447 0.0624491 0.0681282 0.0711504 0.0716796 0.0701421 0.0670182 0.0627458 0.0576944 0.0521569 0.0463492 0.040423 0.0344879 0.0286405 0.0229927 0.0176931 0.0129249 0.00887246 0.00566661
 0.00734755 0.011997 0.0181713 0.0258517 0.0348081 0.0444563 0.0538279 0.061809 0.0675413 0.0706876 0.0713921 0.0700537 0.0671256 0.0630239 0.0581032 0.0526492 0.046878 0.0409474 0.0349765 0.0290721 0.0233556 0.0179832 0.0131442 0.00902803 0.00576918
 0.00723908 0.0118187 0.0178994 0.0254631 0.0342855 0.0437967 0.0530519 0.0609657 0.0667046 0.0699445 0.0708268 0.0697317 0.0670816 0.0632561 0.0585759 0.0533024 0.0476399 0.0417464 0.0357505 0.0297739 0.0239544 0.0184643 0.0135071 0.00928366 0.0059361
 0.00714199 0.0116553 0.0176435 0.0250871 0.0337672 0.0431287 0.0522517 0.0600788 0.0657991 0.069099 0.0701194 0.0692317 0.0668421 0.0633068 0.0589159 0.0538978 0.0484282 0.0426472 0.0366797 0.0306558 0.0247319 0.0191029 0.0139954 0.00963 0.00616279
 0.00706722 0.0115311 0.0174514 0.0248073 0.0333812 0.0426251 0.0516324 0.0593635 0.0650259 0.0683212 0.0693997 0.0686354 0.0664308 0.0631298 0.0590031 0.0542522 0.0490219 0.0434227 0.0375577 0.0315496 0.0255625 0.0198123 0.0145531 0.0100331 0.00642987
 0.0069761 0.0113833 0.0172293 0.024495 0.0329673 0.0421072 0.0510219 0.0586872 0.0643221 0.0676331 0.0687703 0.0681068 0.0660436 0.0629232 0.0590104 0.0544933 0.0494953 0.0440987 0.0383781 0.0324349 0.0264268 0.0205811 0.0151774 0.0104957 0.0067419
 0.0069247 0.0112975 0.017096 0.0243001 0.0326982 0.0417567 0.0505925 0.0581929 0.0637869 0.0670864 0.0682435 0.0676313 0.065651 0.062646 0.0588812 0.0545415 0.0497396 0.044538 0.038984 0.0331508 0.0271771 0.0212875 0.0157778 0.010957 0.00706198
 0.00700407 0.0114286 0.0172958 0.0245819 0.0330641 0.0421878 0.0510422 0.0585903 0.0640525 0.0671556 0.0680845 0.0672521 0.0650953 0.0619824 0.0581909 0.0539071 0.0492338 0.0442131 0.0388624 0.0332199 0.0273918 0.0215827 0.0160865 0.0112275 0.00726736
 0.00700851 0.0114512 0.0173583 0.0247142 0.0332971 0.0425405 0.0515095 0.0591359 0.0646119 0.0676466 0.0684238 0.0673738 0.0649672 0.061615 0.0576364 0.0532476 0.0485645 0.0436234 0.0384192 0.0329556 0.0273001 0.0216249 0.016207 0.0113716 0.00739621
 0.00697379 0.011397 0.0172823 0.0246194 0.0331956 0.0424569 0.0514804 0.0592025 0.0648038 0.0679644 0.0688291 0.0677942 0.0653154 0.0618144 0.0576446 0.0530682 0.0482453 0.0432413 0.0380572 0.03268 0.0271444 0.0215859 0.0162532 0.0114605 0.00749018
#pred catch len freq
 0.00364188 0.00589616 0.00886347 0.0125758 0.0170564 0.0222671 0.0280422 0.0340799 0.0400053 0.0454497 0.0501065 0.053769 0.0563579 0.0579221 0.0586075 0.0586145 0.0581646 0.0574608 0.0566112 0.0555102 0.0537473 0.0506719 0.0456879 0.0386707 0.0302199
 0.00410507 0.0065847 0.00978335 0.0136998 0.018344 0.0236905 0.0295948 0.0357557 0.0417608 0.0471765 0.0516392 0.0549336 0.0570348 0.0580886 0.0583355 0.0580258 0.0573668 0.0564938 0.0554307 0.0540213 0.051878 0.0484505 0.0432773 0.036328 0.0282008
 0.00430128 0.006945 0.0103985 0.0146709 0.0197487 0.0255373 0.0317917 0.0381233 0.0440901 0.0492947 0.0534382 0.056349 0.0580094 0.0585615 0.0582665 0.0574269 0.0563045 0.0550555 0.0536794 0.051978 0.0495522 0.0458999 0.0406495 0.0338443 0.0260838
 0.00451667 0.00728054 0.0108829 0.0153387 0.0206546 0.0267646 0.0334371 0.0402491 0.0466601 0.0521345 0.056257 0.0588222 0.0598749 0.0596739 0.0585911 0.0570014 0.0552049 0.0533759 0.0515195 0.0494345 0.0467265 0.0429228 0.0377021 0.0311443 0.0238298
 0.00481163 0.00774273 0.0115461 0.016223 0.0217652 0.0280934 0.0349664 0.0419612 0.0485463 0.0541892 0.0584456 0.0610384 0.061923 0.0613035 0.0595694 0.0571801 0.0545449 0.0519314 0.0494032 0.0467917 0.0437271 0.0397665 0.034618 0.028366 0.021546
 0.0051286 0.00824895 0.0122915 0.0172492 0.0230995 0.0297379 0.0368849 0.0440723 0.0507342 0.0563294 0.0604346 0.062806 0.0634195 0.0624672 0.0603009 0.0573477 0.0540241 0.0506532 0.0473854 0.0441432 0.0406356 0.0364785 0.03141 0.0255007 0.0192171
 0.0053518 0.00861661 0.0128551 0.0180634 0.0242154 0.0311903 0.0386742 0.0461498 0.0529978 0.0586339 0.0626139 0.0647042 0.0649193 0.0635012 0.0608373 0.0573599 0.0534684 0.0494757 0.0455585 0.0417093 0.0377339 0.0333403 0.0283201 0.0227347 0.0169749
 0.00558509 0.00898985 0.0134074 0.0188319 0.0252345 0.0324874 0.0402596 0.0480034 0.0550586 0.060797 0.0647369 0.0666253 0.0664837 0.0645881 0.0613752 0.0573215 0.0528506 0.048281 0.0437955 0.0394192 0.0350262 0.0304099 0.0254254 0.0201375 0.0148695
 0.00586507 0.00942911 0.0140401 0.0196826 0.0263188 0.033811 0.0418129 0.0497538 0.056946 0.0627341 0.0666146 0.068321 0.0678734 0.0655607 0.061846 0.0572407 0.0522022 0.0470752 0.0420641 0.0372237 0.0324774 0.0276832 0.0227485 0.0177432 0.0129325
 0.00605752 0.00974425 0.0145185 0.0203634 0.0272319 0.0349654 0.0431856 0.051287 0.0585579 0.064336 0.068124 0.069665 0.0689843 0.0663718 0.0622917 0.0572621 0.051756 0.0461414 0.040654 0.0353886 0.0303198 0.0253616 0.0204629 0.0156955 0.0112739
 0.00631388 0.0101514 0.0151145 0.0211804 0.0282944 0.0362843 0.0447463 0.0530367 0.0603993 0.0661355 0.0697341 0.0709548 0.0698657 0.0668087 0.0622888 0.0568425 0.0509415 0.0449481 0.0391021 0.0335215 0.0282227 0.0231694 0.0183461 0.0138244 0.00977276
 0.00641477 0.0103311 0.0154149 0.0216519 0.0289876 0.0372344 0.0459574 0.0544722 0.0619842 0.0677652 0.0712861 0.0723015 0.0708916 0.0674287 0.0624619 0.0565709 0.0502579 0.0438985 0.0377359 0.031897 0.0264211 0.021305 0.0165592 0.0122534 0.00851756
 0.00639505 0.0103162 0.0154261 0.0217253 0.029172 0.0375845 0.0465225 0.0552824 0.0630354 0.0690089 0.0726297 0.0736216 0.072057 0.0683235 0.063002 0.0567118 0.0499938 0.0432558 0.0367643 0.0306644 0.0250142 0.0198313 0.0151401 0.0110037 0.0075186
 0.00655905 0.0105491 0.0157156 0.0220425 0.0294848 0.0378777 0.0468113 0.0556107 0.0634576 0.0695649 0.0733242 0.0744155 0.0728727 0.069061 0.0635599 0.0570068 0.0499746 0.0429077 0.0361088 0.0297541 0.0239288 0.0186704 0.0140122 0.0100078 0.00672242
 0.00689513 0.0110429 0.0163598 0.0227929 0.0302685 0.0386108 0.0474174 0.0560371 0.0636892 0.0696321 0.0732965 0.0743769 0.0728868 0.069145 0.0636786 0.0570887 0.0499379 0.0426869 0.0356717 0.0291099 0.0231254 0.0177857 0.013138 0.00922887 0.00609726
 0.00687983 0.0110566 0.0164492 0.0230188 0.0306821 0.0392199 0.0481629 0.0567995 0.0643283 0.0700412 0.0734414 0.0743014 0.0726864 0.068924 0.0635099 0.0569906 0.0498756 0.042594 0.0354816 0.0287823 0.0226617 0.0172272 0.0125515 0.00868487 0.00564913
 0.00667462 0.0107637 0.0160871 0.0226392 0.0303661 0.0390644 0.0482583 0.0572 0.0650214 0.0709313 0.0743668 0.0750882 0.073214 0.0691639 0.0635182 0.0568627 0.0496936 0.0423962 0.0352622 0.0285153 0.0223286 0.0168358 0.012136 0.00829228 0.00532006
 0.00675024 0.0108437 0.0161307 0.022588 0.030169 0.0387116 0.0478077 0.0567735 0.0647667 0.0709645 0.0747231 0.075704 0.0739487 0.0698536 0.0640354 0.0571537 0.0497774 0.0423305 0.0351047 0.0283013 0.0220737 0.016551 0.0118403 0.008013 0.00508381
 0.00685613 0.0110036 0.0163451 0.0228408 0.0304214 0.0389008 0.0478562 0.0566164 0.0643908 0.0704375 0.0741863 0.0753201 0.0738303 0.0700145 0.0643924 0.0575748 0.0501423 0.0425704 0.0352064 0.0282866 0.0219755 0.0164001 0.0116644 0.0078374 0.00492997
