SBPRF35
8.32149
Curr Bio
546071
B35
559653
F35
0.208343
FOFL
0.207448
OFL
90293.2
Bzero
2.37757e+006
#pred survey bio
 4.60524e+006 4.0624e+006 3.55706e+006 3.21179e+006 3.02195e+006 2.76133e+006 2.50442e+006 2.23854e+006 1.9302e+006 1.64396e+006 1.40006e+006 1.22741e+006 1.0969e+006 990968 908316 805094 687869 616472 583533 561355 531760 520560 520529 509419 509874 503947 507638 493055 499178 510072 532161 527676 533966 539620 562416 587572 594111 591089 581758 584221 583029 557823 536975 529548 547928 576749 617539 614454 556166 545274 544364 574631 586846 553983 1.97818e+007 1.19257e+007 1.22804e+007 1.30598e+007 1.40491e+007 1.50521e+007 1.59519e+007 1.66997e+007 1.72904e+007 1.77415e+007 1.80782e+007 1.83259e+007 1.85066e+007 1.86379e+007 1.87333e+007 1.88028e+007 1.88536e+007 1.88909e+007 1.89185e+007 1.8939e+007 1.89543e+007 1.89658e+007 1.89746e+007 1.89812e+007 1.89862e+007 1.89901e+007 1.89931e+007 1.89954e+007 1.89971e+007 1.89985e+007 1.89995e+007 1.90003e+007 1.9001e+007 1.90015e+007 1.90018e+007 1.90021e+007 1.90024e+007 1.90026e+007 1.90027e+007 1.90028e+007 1.90029e+007 1.9003e+007 1.9003e+007 1.90031e+007 1.90031e+007 1.90031e+007 1.90031e+007 1.90032e+007 1.90032e+007 1.90032e+007 1.90032e+007 1.90032e+007 1.90032e+007 1.90032e+007 1.90032e+007 1.90032e+007 1.90032e+007 1.90032e+007 1.90032e+007 1.90032e+007 1.90032e+007 1.90032e+007 1.90032e+007 1.90032e+007 1.90032e+007 1.90032e+007 1.90032e+007 1.90032e+007 1.90032e+007 1.90032e+007 1.90032e+007 1.90032e+007 1.90032e+007 1.90032e+007 1.90032e+007 1.90032e+007 1.90032e+007 1.90032e+007 1.90032e+007 1.90032e+007 1.90032e+007 1.90032e+007 1.90032e+007 1.90032e+007 1.90032e+007 1.90032e+007 1.90032e+007 1.90032e+007 1.90032e+007 1.90032e+007 1.90032e+007 1.90032e+007 1.90032e+007 1.90032e+007 1.90032e+007 1.90032e+007 1.90032e+007 1.90032e+007 1.90032e+007 1.90032e+007 0 0 0 0 0 0 0 0 0 0 0 0 0 0 0 0 0 0 0 0 0 0 0 0 0
#obs survey bio
 4.54678e+006 4.36036e+006 3.7916e+006 2.69132e+006 3.74364e+006 2.60376e+006 2.96724e+006 2.00641e+006 1.81969e+006 1.81755e+006 1.10071e+006 1.45831e+006 850598 1.02404e+006 948226 1.19642e+006 639056 495241 600182 720084 504043 541690 573221 591596 503342 557635 645945 500233 463789 536085 607825 483376 592632 456340 558995 711644 703625 625766 509333 718781 583157 602115 602833 598102 463122 581432 531802 772187 578925 619669 623586 695088 568576 619250
#pred catch bio
 111622 97884.1 168827 198747 240585 275962 287392 326142 316170 296507 277740 268007 251476 225400 225521 214255 186178 161530 151200 148325 137219 130986 131833 111318 119218 106608 111345 96686.2 108284 95387.2 94667.7 89828.7 93348.2 96551.6 90643 96883.1 91042.4 91730.6 84894.1 83592.9 85991.2 85694.7 86015.6 85599 93693.4 84922.2 96433.9 97607.2 90719.9 95715.5 82483 72400.8 121795 77055 90293.2 90593.2 91837.2 96578.3 103504 110655 116995 122142 126082 128973 131029 132456 133429 134083 134518 134804 134991 135113 135192 135242 135275 135296 135309 135318 135323 135327 135329 135330 135331 135332 135332 135332 135332 135333 135333 135333 135333 135333 135333 135333 135333 135333 135333 135333 135333 135333 135333 135333 135333 135333 135333 135333 135333 135333 135333 135333 135333 135333 135333 135333 135333 135333 135333 135333 135333 135333 135333 135333 135333 135333 135333 135333 135333 135333 135333 135333 135333 135333 135333 135333 135333 135333 135333 135333 135333 135333 135333 135333 135333 135333 135333 135333 135333 135333 135333 135333 135333 135333 135333 135333 0 0 0 0 0 0 0 0 0 0 0 0 0 0 0 0 0 0 0 0 0 0 0 0 0
#obs catch bio
 0 97377.4 169340 198875 240558 276215 287163 326422 316173 296251 277804 268532 251910 225473 225627 213594 186354 161939 151490 147937 137377 131463 132075 110868 119561 106563 111299 96362.7 108941 95484 94433.3 89777.7 93228.4 96904.2 90585.4 96975.1 90930.4 91744.6 84863.2 83569 85925.2 85662.5 85998 85588.3 93967.1 84852.7 96462.1 97413.6 90730.3 95898.6 82660.1 71908.3 122840 76780.1
#pred cpue bio
 4.54721e+006 4.01117e+006 3.51123e+006 3.16807e+006 2.97831e+006 2.7189e+006 2.46291e+006 2.19838e+006 1.8924e+006 1.60874e+006 1.3672e+006 1.19581e+006 1.06608e+006 960742 878567 776861 662207 592263 559902 538308 509598 498535 498406 487668 488225 482370 486076 472131 478094 488433 509961 505949 512119 517647 539684 564035 569026 564036 553897 556235 555563 531823 511972 504850 522378 549757 589008 586223 530647 520106 519094 548351 560883 528690 1.88864e+007 1.13865e+007 1.16114e+007 1.22847e+007 1.32469e+007 1.42451e+007 1.51442e+007 1.58919e+007 1.64826e+007 1.69337e+007 1.72704e+007 1.75181e+007 1.76988e+007 1.78301e+007 1.79255e+007 1.7995e+007 1.80458e+007 1.80831e+007 1.81106e+007 1.81311e+007 1.81465e+007 1.8158e+007 1.81667e+007 1.81734e+007 1.81784e+007 1.81823e+007 1.81852e+007 1.81875e+007 1.81893e+007 1.81906e+007 1.81917e+007 1.81925e+007 1.81931e+007 1.81936e+007 1.8194e+007 1.81943e+007 1.81946e+007 1.81947e+007 1.81949e+007 1.8195e+007 1.81951e+007 1.81951e+007 1.81952e+007 1.81952e+007 1.81953e+007 1.81953e+007 1.81953e+007 1.81953e+007 1.81953e+007 1.81953e+007 1.81954e+007 1.81954e+007 1.81954e+007 1.81954e+007 1.81954e+007 1.81954e+007 1.81954e+007 1.81954e+007 1.81954e+007 1.81954e+007 1.81954e+007 1.81954e+007 1.81954e+007 1.81954e+007 1.81954e+007 1.81954e+007 1.81954e+007 1.81954e+007 1.81954e+007 1.81954e+007 1.81954e+007 1.81954e+007 1.81954e+007 1.81954e+007 1.81954e+007 1.81954e+007 1.81954e+007 1.81954e+007 1.81954e+007 1.81954e+007 1.81954e+007 1.81954e+007 1.81954e+007 1.81954e+007 1.81954e+007 1.81954e+007 1.81954e+007 1.81954e+007 1.81954e+007 1.81954e+007 1.81954e+007 1.81954e+007 1.81954e+007 1.81954e+007 1.81954e+007 1.81954e+007 1.81954e+007 1.81954e+007 1.81954e+007 1.81954e+007 0 0 0 0 0 0 0 0 0 0 0 0 0 0 0 0 0 0 0 0 0 0 0 0 0
#obs cpue bio
 4.52854e+006 4.36393e+006 3.09664e+006 3.00024e+006 3.05149e+006 2.58948e+006 2.15814e+006 2.50361e+006 2.00688e+006 1.5505e+006 1.59753e+006 915670 1.3621e+006 918441 885763 653105 590004 638266 540353 548707 437305 398541 520928 499445 399142 443245 449036 476692 351346 491562 631103 461310 522968 438013 626913 474885 518592 531994 601974 449176 615050 479783 461264 416655 556535 541926 754667 581703 403473 470625 366044 666941 448706 509391
#pred surv len freq
 0.0043109 0.00711265 0.0109144 0.0157593 0.0215512 0.027958 0.0344015 0.0402219 0.044938 0.0484042 0.050763 0.0522796 0.0532026 0.053711 0.0539211 0.0539154 0.0537714 0.0535618 0.0532965 0.0528056 0.0516386 0.0491161 0.0446167 0.0379938 0.0298349
 0.00449226 0.00734843 0.0111628 0.0159515 0.0216189 0.0278713 0.0341923 0.0399723 0.0447364 0.0482972 0.0507377 0.0522859 0.0531994 0.0537029 0.053963 0.054083 0.054113 0.0540553 0.0538349 0.0532249 0.0517813 0.0489027 0.0440847 0.0372795 0.0291084
 0.00465304 0.00762243 0.0115935 0.0165742 0.0224373 0.0288311 0.035171 0.0408064 0.0452829 0.0484949 0.0506256 0.0519666 0.0527793 0.0532546 0.0535285 0.0536974 0.0538135 0.0538623 0.0537206 0.0531019 0.0515328 0.0484427 0.0434105 0.0364792 0.0283176
 0.00478973 0.00785963 0.0119792 0.0171643 0.0232852 0.0299668 0.0365752 0.0423908 0.0468894 0.0499227 0.0516819 0.052525 0.0528157 0.0528425 0.0527983 0.0527871 0.0528364 0.0528929 0.0527877 0.0521869 0.0505857 0.0474193 0.0423152 0.0353806 0.0273219
 0.00491801 0.00807363 0.0123125 0.017655 0.0239724 0.0308828 0.0377349 0.0437797 0.0484544 0.0515649 0.0532565 0.0538558 0.0537309 0.0532229 0.0526141 0.0521034 0.0517819 0.0516119 0.0513974 0.050757 0.0491442 0.0459804 0.0409117 0.0340787 0.0262049
 0.00512658 0.00840533 0.0127984 0.0183201 0.0248331 0.0319428 0.0389796 0.045175 0.0499506 0.0531022 0.0547646 0.0552457 0.0548879 0.0540136 0.0529154 0.0518411 0.0509605 0.0503137 0.0497536 0.0489075 0.0472112 0.0440659 0.0391098 0.0324822 0.0248937
 0.00531118 0.00872269 0.013307 0.0190828 0.0259006 0.0333292 0.0406422 0.0470137 0.0518322 0.054898 0.0563771 0.0566125 0.0559649 0.0547515 0.0532462 0.0516861 0.0502574 0.0490508 0.0479893 0.0467656 0.0448572 0.0416804 0.0368664 0.0305278 0.0233275
 0.00546825 0.00898773 0.0137251 0.0197055 0.0267791 0.034501 0.0421141 0.0487474 0.0537414 0.0568578 0.0582445 0.0582521 0.0572705 0.0556531 0.0536995 0.0516537 0.0497005 0.0479407 0.046336 0.0446446 0.0424175 0.0391268 0.0344221 0.0283888 0.0216221
 0.00568115 0.00934295 0.0142767 0.0205096 0.0278831 0.0359265 0.0438393 0.0507025 0.0558194 0.0589344 0.0601946 0.0599581 0.0586272 0.0565738 0.0541215 0.0515378 0.0490237 0.0466934 0.0445318 0.0423453 0.0397568 0.0363117 0.0317011 0.0259947 0.019713
 0.00591882 0.00973232 0.0148686 0.0213544 0.0290218 0.0373768 0.0455802 0.0526666 0.0579005 0.0610061 0.0621303 0.061644 0.0599678 0.0574923 0.0545576 0.0514454 0.0483706 0.045464 0.0427379 0.0400452 0.0370771 0.0334543 0.0289177 0.02353 0.0177399
 0.0061742 0.0101504 0.0155032 0.0222569 0.0302311 0.038903 0.0473889 0.0546741 0.0599872 0.0630405 0.0639904 0.0632283 0.0611964 0.0583041 0.0549059 0.0512935 0.0476897 0.0442361 0.0409684 0.037784 0.0344412 0.0306359 0.0261623 0.021081 0.0157734
 0.00635811 0.0104698 0.0160215 0.023045 0.0313517 0.0403849 0.0492026 0.0567257 0.0621354 0.0651283 0.0658747 0.0647967 0.0623708 0.0590363 0.0551686 0.0510708 0.0469698 0.0430117 0.0392474 0.0356108 0.0319208 0.0279448 0.0235293 0.0187369 0.0138875
 0.00660537 0.0108639 0.016601 0.0238443 0.0323984 0.0416947 0.0507686 0.0585071 0.0640515 0.0670631 0.0676913 0.0663581 0.0635622 0.0597796 0.055425 0.0508312 0.0462408 0.0418069 0.0375901 0.0335506 0.0295561 0.0254349 0.0210808 0.0165592 0.0121352
 0.00685892 0.0112764 0.0172215 0.0247158 0.0335466 0.0431128 0.0524045 0.0602659 0.0658166 0.0687247 0.0691634 0.0675769 0.0644745 0.0603356 0.0555807 0.0505563 0.0455237 0.0406546 0.036029 0.0316347 0.0273804 0.0231446 0.018859 0.0145897 0.0105534
 0.00695613 0.0114552 0.0175289 0.0252087 0.0342792 0.0441153 0.0536639 0.0617185 0.0673596 0.0702397 0.0705408 0.0687321 0.0653513 0.0609007 0.0558123 0.0504363 0.0450361 0.0397915 0.0348012 0.0300833 0.0255883 0.0212396 0.0170009 0.0129373 0.00922312
 0.00702248 0.0115857 0.0177678 0.0256131 0.0349078 0.0450095 0.0548275 0.0631068 0.0688826 0.0717767 0.0719612 0.0699172 0.0662131 0.0613916 0.055923 0.0501821 0.0444409 0.0388788 0.0335963 0.0286267 0.0239506 0.0195284 0.0153508 0.0114815 0.00805786
 0.00721232 0.0118824 0.0181934 0.026183 0.0356323 0.0458939 0.0558681 0.064283 0.0701494 0.0730626 0.0731728 0.0709516 0.066976 0.0618146 0.0559737 0.049864 0.0437836 0.037925 0.0323942 0.0272312 0.0224326 0.0179817 0.0138863 0.0102061 0.00704633
 0.00733278 0.0120871 0.0185166 0.0266594 0.0362858 0.0467235 0.056837 0.065323 0.0711806 0.0740177 0.0740088 0.0716433 0.0675001 0.0621393 0.0560617 0.0496844 0.0433244 0.037198 0.0314334 0.0260896 0.0211806 0.0167061 0.0126827 0.0091624 0.00622184
 0.00732873 0.0120859 0.0185262 0.0266937 0.036366 0.0468762 0.0570905 0.0656982 0.0716814 0.0746241 0.0746785 0.072322 0.0681336 0.0626795 0.056466 0.049913 0.0433426 0.0369843 0.0309885 0.0254416 0.0203849 0.0158396 0.011832 0.00840693 0.00561625
 0.00735938 0.0121236 0.0185611 0.0267108 0.0363515 0.0468273 0.0570226 0.0656461 0.0716908 0.0747372 0.07492 0.0726893 0.0685961 0.0631854 0.0569536 0.0503211 0.0436178 0.037086 0.0308952 0.0251567 0.0199408 0.0152942 0.0112583 0.00787573 0.0051793
 0.00750648 0.0123456 0.0188621 0.0270806 0.0367648 0.047246 0.0574001 0.0659353 0.0718584 0.0747774 0.0748598 0.0725794 0.0684907 0.0631219 0.0569405 0.0503385 0.0436265 0.0370408 0.0307583 0.0249087 0.0195878 0.0148683 0.0108098 0.0074582 0.00483416
 0.00751443 0.0123752 0.0189365 0.0272287 0.0370109 0.0475937 0.057821 0.0663707 0.072236 0.0750362 0.0749701 0.0725494 0.06836 0.0629447 0.056767 0.0501986 0.0435225 0.0369512 0.0306491 0.0247495 0.0193647 0.0145904 0.010506 0.00716642 0.00458699
 0.00751854 0.0123703 0.0189094 0.0271646 0.0369028 0.0474539 0.0576862 0.0662926 0.0722584 0.0751714 0.0751903 0.0728 0.0685854 0.0631118 0.0568723 0.0502595 0.0435605 0.0369768 0.0306568 0.0247235 0.0192907 0.0144667 0.010347 0.00699723 0.00443357
 0.00771665 0.012656 0.0192712 0.0275661 0.0372905 0.0477719 0.0578908 0.0663634 0.0722038 0.0750268 0.0750062 0.072623 0.0684402 0.0629966 0.0567691 0.0501509 0.0434403 0.0368491 0.0305275 0.0245933 0.0191557 0.0143239 0.0101997 0.00685611 0.00431153
 0.00770891 0.0126485 0.0192677 0.0275699 0.0372985 0.047769 0.0578491 0.066251 0.0720023 0.0747484 0.0746985 0.0723557 0.0682788 0.0629773 0.0568875 0.0503689 0.0437047 0.0371114 0.0307543 0.0247674 0.0192714 0.0143838 0.010213 0.0068372 0.00427693
 0.0077447 0.0127125 0.0193745 0.0277358 0.0375364 0.0480799 0.058214 0.066627 0.0723281 0.0749585 0.0747438 0.0722221 0.0679959 0.0626102 0.0565136 0.0500506 0.0434724 0.0369624 0.0306657 0.0247115 0.0192264 0.0143375 0.0101623 0.00678519 0.00422909
 0.00770927 0.0126437 0.0192518 0.0275372 0.0372486 0.0477127 0.0578087 0.0662515 0.0720553 0.0748386 0.0747846 0.0723891 0.0682311 0.0628578 0.0567404 0.050251 0.0436584 0.0371471 0.0308515 0.0248883 0.019379 0.0144538 0.0102387 0.00682652 0.00424531
 0.00787684 0.0128868 0.0195621 0.0278851 0.0375879 0.0479907 0.057978 0.0662813 0.071941 0.0746068 0.0744878 0.0720877 0.0679714 0.0626584 0.0565944 0.050141 0.0435708 0.0370787 0.0308051 0.024865 0.019374 0.014458 0.0102434 0.00682676 0.00424087
 0.00778672 0.0127659 0.0194263 0.027762 0.0375052 0.0479593 0.0579819 0.0662815 0.0718951 0.0744918 0.0743141 0.071896 0.0678149 0.0625812 0.0566155 0.0502509 0.0437409 0.0372754 0.0310013 0.0250441 0.0195272 0.0145811 0.010335 0.00688868 0.00427808
 0.00781415 0.0128041 0.0194732 0.0278148 0.0375649 0.0480353 0.0580905 0.0664364 0.0720914 0.0746967 0.0744725 0.0719539 0.0677466 0.0624023 0.056375 0.050007 0.0435382 0.0371335 0.0309178 0.025005 0.0195162 0.0145848 0.010344 0.00689745 0.0042841
 0.00782234 0.0127909 0.0194053 0.0276469 0.0372547 0.0475657 0.0574891 0.065779 0.0714847 0.0742464 0.0742505 0.0719773 0.0679771 0.0627662 0.0567937 0.0504231 0.0439244 0.0374843 0.0312353 0.0252885 0.0197604 0.0147837 0.010495 0.00700326 0.00435191
 0.00790048 0.0129025 0.0195426 0.0277884 0.0373644 0.0475976 0.0573953 0.0655245 0.0710656 0.0737045 0.0736717 0.0714692 0.0676324 0.0626319 0.0568604 0.0506393 0.0442233 0.0378086 0.0315478 0.0255698 0.0200015 0.0149803 0.0106457 0.0071105 0.00442194
 0.00783654 0.0128185 0.0194524 0.027715 0.0373307 0.0476122 0.0574422 0.0655629 0.0710437 0.0735801 0.0734325 0.0711426 0.0672817 0.0623363 0.0566877 0.0506225 0.0443529 0.0380433 0.0318342 0.0258609 0.0202652 0.0151994 0.0108145 0.00723084 0.00450092
 0.00777523 0.0127229 0.0193173 0.0275416 0.0371303 0.0474084 0.0572693 0.0654565 0.0710242 0.0736379 0.0735266 0.0712179 0.0672958 0.0622818 0.0565952 0.0505445 0.0443376 0.0381139 0.031983 0.0260583 0.020475 0.0153915 0.010971 0.00734619 0.0045781
 0.00785585 0.0128272 0.0194251 0.0276182 0.037137 0.0473192 0.0570852 0.0652085 0.0707634 0.0734178 0.0733839 0.0711606 0.0673027 0.0623152 0.0566216 0.0505516 0.0443379 0.038133 0.032042 0.0261613 0.0206082 0.0155322 0.0110979 0.00744635 0.00464827
 0.00854871 0.0138008 0.020607 0.0288429 0.03819 0.0480098 0.0573075 0.0649628 0.0701373 0.0725486 0.0724224 0.0702406 0.0665181 0.0617076 0.0561846 0.0502492 0.0441293 0.0379901 0.0319532 0.0261228 0.0206145 0.0155706 0.0111514 0.00749931 0.00469096
 0.00924616 0.0149168 0.0222421 0.0310493 0.0409264 0.0510912 0.0603835 0.067568 0.0718251 0.0730489 0.0717324 0.0685986 0.06429 0.0592583 0.0537929 0.0480819 0.0422583 0.0364268 0.0306811 0.0251181 0.0198514 0.0150198 0.0107776 0.00726285 0.00455239
 0.00921484 0.0149633 0.022492 0.0316787 0.0421152 0.0529457 0.0628613 0.0704458 0.0747281 0.0755346 0.0734013 0.0692002 0.0637875 0.0578256 0.0517433 0.0457634 0.0399629 0.0343469 0.0289128 0.0236879 0.0187464 0.0142066 0.0102119 0.00689423 0.00432941
 0.00902626 0.0146807 0.022118 0.0312493 0.0417126 0.0527058 0.0629629 0.0710661 0.075968 0.0773417 0.0755398 0.0712978 0.065448 0.058756 0.0518388 0.045116 0.0388016 0.032945 0.027507 0.0224368 0.0177277 0.0134364 0.00966859 0.00653719 0.00411204
 0.00883496 0.0143726 0.0216616 0.030623 0.0409169 0.0517811 0.0620066 0.0702369 0.0754635 0.0773489 0.0761694 0.0725266 0.0670969 0.0605253 0.0533962 0.0462038 0.039311 0.0329266 0.0271198 0.021872 0.0171455 0.0129363 0.00929079 0.0062804 0.0039535
 0.00874888 0.0142224 0.0214169 0.0302496 0.0403857 0.051082 0.0611638 0.069318 0.0745774 0.0766339 0.0757716 0.0725682 0.0676351 0.0615155 0.0546818 0.0475499 0.0404773 0.0337457 0.0275425 0.0219587 0.0170172 0.0127179 0.0090729 0.00610868 0.00383828
 0.00875061 0.0142218 0.0214083 0.0302225 0.0403232 0.0509607 0.0609566 0.0690018 0.0741459 0.0761111 0.0752209 0.0720882 0.06734 0.0615014 0.0549875 0.048131 0.0412101 0.0344677 0.0281116 0.0223016 0.0171417 0.0126881 0.0089687 0.00599335 0.00374575
 0.00872819 0.0141969 0.0213916 0.0302298 0.0403687 0.0510479 0.0610703 0.0691073 0.0741964 0.0760626 0.0750488 0.0718011 0.0669866 0.061163 0.0547559 0.0480751 0.0413456 0.0347467 0.0284421 0.0225881 0.0173233 0.0127551 0.00895099 0.00593506 0.00368291
 0.00873944 0.014212 0.0214094 0.0302486 0.0403894 0.0510761 0.0611162 0.0691803 0.0742962 0.0761713 0.0751316 0.0718175 0.066909 0.0609938 0.054533 0.047861 0.0412023 0.0347087 0.0285013 0.0227006 0.0174346 0.0128264 0.00897199 0.00591864 0.0036504
 0.00871816 0.0141823 0.0213735 0.0302115 0.0403567 0.051052 0.0611027 0.069178 0.0743071 0.0761991 0.0751778 0.071876 0.0669629 0.0610207 0.0545172 0.047805 0.0411298 0.0346528 0.0284869 0.0227308 0.0174911 0.0128827 0.00900882 0.00593114 0.00364528
 0.00873657 0.014212 0.0214177 0.030273 0.0404373 0.0511513 0.0612166 0.069298 0.0744208 0.0762925 0.0752393 0.0718991 0.0669467 0.0609675 0.0544303 0.0476892 0.0409947 0.0345152 0.0283666 0.022643 0.0174391 0.0128579 0.00899759 0.00592274 0.00363543
 0.00864536 0.0140626 0.0211919 0.0299562 0.0400251 0.0506586 0.0606837 0.0687888 0.0740083 0.0760384 0.0751765 0.0720254 0.0672297 0.0613565 0.0548692 0.048128 0.0413966 0.0348598 0.0286492 0.022869 0.0176175 0.0129957 0.00909907 0.00599157 0.00367706
 0.00856866 0.0139558 0.0210635 0.0298231 0.0399049 0.0505595 0.0605984 0.0686984 0.0738956 0.0759015 0.0750346 0.0719121 0.0671783 0.0613861 0.0549784 0.0482971 0.0415961 0.0350611 0.0288313 0.0230213 0.0177381 0.0130874 0.00916582 0.00603719 0.00370555
 0.00868952 0.0141204 0.0212531 0.0300027 0.0400364 0.0506189 0.0605878 0.0686418 0.0738208 0.0758226 0.0749466 0.0718019 0.0670414 0.0612351 0.0548383 0.0481922 0.0415388 0.0350483 0.0288497 0.0230551 0.0177747 0.0131199 0.00919133 0.00605546 0.00371741
 0.00859452 0.0140091 0.0211629 0.0299891 0.0401505 0.0508767 0.0609503 0.0690242 0.0741288 0.0759936 0.0749696 0.071707 0.0668736 0.0610334 0.05463 0.0479972 0.0413729 0.0349222 0.0287659 0.0230079 0.0177538 0.0131142 0.00919276 0.00605902 0.00372072
 0.00862828 0.0140453 0.0211859 0.0299799 0.0401005 0.0508038 0.0609035 0.0690658 0.0742993 0.0762805 0.075305 0.0719984 0.0670474 0.0610625 0.0545331 0.0478184 0.0411603 0.0347144 0.0285874 0.0228699 0.0176565 0.0130513 0.00915503 0.0060379 0.00370961
 0.00849906 0.0138451 0.0209026 0.0296081 0.0396419 0.0502693 0.0603192 0.068481 0.0737883 0.0759314 0.0751929 0.0721541 0.0674396 0.0616074 0.0551273 0.0483758 0.0416327 0.0350905 0.0288783 0.0230938 0.0178289 0.0131826 0.00925173 0.00610525 0.00375315
 0.00839863 0.0136609 0.0205883 0.0291122 0.0389253 0.0493303 0.0592135 0.0673203 0.0727155 0.0750838 0.0746737 0.0720198 0.0676965 0.0622118 0.05599 0.0493785 0.0426547 0.0360355 0.0296889 0.0237496 0.0183351 0.0135568 0.00951577 0.0062815 0.00386318
 0.00866404 0.0141096 0.0212898 0.0301267 0.0402718 0.0509459 0.0609279 0.0688751 0.0738359 0.0755709 0.0744682 0.0712079 0.0664659 0.0607868 0.0545734 0.0481127 0.0416091 0.0352167 0.0290667 0.0232827 0.0179882 0.0133047 0.00934006 0.00616624 0.00379303
#obs surv len freq
 nan nan nan nan nan nan nan nan nan nan nan nan nan nan nan nan nan nan nan nan nan nan nan nan nan
 0.00448423 0.00734557 0.0111758 0.0159928 0.0216946 0.0279714 0.0342865 0.0400185 0.044698 0.0481612 0.0505179 0.0520124 0.0529033 0.0534145 0.0537277 0.0539819 0.0542599 0.0545523 0.0546908 0.0542826 0.0527206 0.049353 0.0438031 0.0362836 0.0276679
 0.00461031 0.00755311 0.0114926 0.0164454 0.0223016 0.0287337 0.0351775 0.0409808 0.0456521 0.0490205 0.0512058 0.0524731 0.0531079 0.0533612 0.0534379 0.0534921 0.0536133 0.0537914 0.0538546 0.053408 0.0518463 0.0485217 0.0430592 0.0356648 0.0271949
 0.00477991 0.00782843 0.0119063 0.0170279 0.0230755 0.0297051 0.0363252 0.0422514 0.0469639 0.0502758 0.0523047 0.053326 0.0536458 0.0535431 0.0532546 0.0529646 0.0527862 0.0527238 0.0526126 0.0520618 0.0504711 0.0471979 0.0418666 0.0346691 0.0264325
 0.00497403 0.00814643 0.0123893 0.0177153 0.0239973 0.0308693 0.0377056 0.0437834 0.0485538 0.0518177 0.0536953 0.0544726 0.0544684 0.0539781 0.0532601 0.0525265 0.0519218 0.0514807 0.0510654 0.0503071 0.0486241 0.0453858 0.0402152 0.0332812 0.0253658
 0.00518716 0.00849741 0.0129259 0.018485 0.0250383 0.0321954 0.0392913 0.0455583 0.0504115 0.0536359 0.0553549 0.055869 0.0555155 0.0546076 0.0534209 0.0521864 0.0510722 0.0501445 0.0493033 0.0482223 0.0463602 0.0431151 0.0381148 0.0314991 0.0239881
 0.00541847 0.00887404 0.0134942 0.0192894 0.026114 0.0335567 0.0409178 0.0473884 0.0523489 0.0555646 0.0571556 0.0574307 0.0567411 0.0554167 0.0537503 0.0519899 0.0503233 0.0488436 0.0474902 0.0459898 0.0438599 0.0405478 0.035699 0.0294244 0.022371
 0.00565955 0.00927112 0.0141012 0.0201594 0.0272884 0.0350483 0.0426949 0.0493699 0.0544183 0.0575937 0.0590256 0.0590404 0.0580066 0.0562672 0.0541255 0.0518394 0.0496093 0.0475496 0.0456369 0.0436541 0.0411896 0.0377568 0.0330339 0.0271093 0.020551
 0.00588966 0.00964698 0.0146707 0.0209692 0.0283769 0.0364327 0.0443566 0.0512475 0.0564133 0.059587 0.0608957 0.0606771 0.0593177 0.0571796 0.0545812 0.05179 0.0490145 0.0463828 0.0439019 0.0414091 0.0385675 0.0349664 0.0303297 0.0247318 0.0186643
 0.00614236 0.0100607 0.0152985 0.0218618 0.0295721 0.0379396 0.0461401 0.0532241 0.058465 0.0615857 0.0627238 0.0622373 0.0605333 0.0579908 0.0549411 0.0516606 0.0483635 0.0451869 0.0421607 0.0391691 0.0359471 0.0321629 0.0275939 0.0223095 0.0167294
 0.0063843 0.0104587 0.0159062 0.0227321 0.0307465 0.0394315 0.0479178 0.0552047 0.0605259 0.0635887 0.0645394 0.0637596 0.0616849 0.0587207 0.055217 0.0514607 0.0476697 0.0439858 0.0404547 0.0369993 0.0334187 0.0294564 0.0249445 0.0199534 0.0148385
 0.00662327 0.0108495 0.0164985 0.0235739 0.0318749 0.0408585 0.0496148 0.0570965 0.0624998 0.0655147 0.066291 0.065228 0.0627864 0.0593985 0.0554393 0.0512132 0.0469477 0.0427905 0.0387992 0.034927 0.0310265 0.0269074 0.0224521 0.0177349 0.013054
 0.0068213 0.0111784 0.0170065 0.0243099 0.0328789 0.0421453 0.0511587 0.0588259 0.0643085 0.0672827 0.067904 0.0665885 0.0638174 0.0600438 0.0556626 0.0509954 0.0462837 0.0416858 0.0372741 0.0330288 0.0288471 0.0245942 0.020195 0.0157265 0.0114373
 0.00706661 0.0115741 0.017596 0.0251317 0.033959 0.0434859 0.0527255 0.0605437 0.0660693 0.0689654 0.0693947 0.0677939 0.0646709 0.0605053 0.0557137 0.0506335 0.0455156 0.0405264 0.0357504 0.0311909 0.0267832 0.0224377 0.0181139 0.0138883 0.00996442
 0.00726219 0.0118996 0.0180995 0.0258611 0.0349504 0.0447465 0.0542175 0.0621812 0.0677343 0.0705338 0.0707585 0.068872 0.0654091 0.0608727 0.0556985 0.0502385 0.0447539 0.0394193 0.0343297 0.0295078 0.0249199 0.0205129 0.0162726 0.0122726 0.0086758
 0.0074065 0.0121392 0.0184698 0.0263991 0.0356888 0.0457026 0.0553803 0.0635046 0.0691392 0.0719203 0.0720214 0.0699165 0.0661623 0.0612892 0.0557594 0.0499456 0.0441229 0.038475 0.0331072 0.0280588 0.0233209 0.0188688 0.0147075 0.0109051 0.00758901
 0.00753256 0.0123393 0.0187624 0.0267996 0.0362087 0.0463475 0.0561464 0.0643749 0.0700829 0.0728934 0.072969 0.0707755 0.0668666 0.0617776 0.0559843 0.0498788 0.0437565 0.0378202 0.0321926 0.0269319 0.0220516 0.0175501 0.0134459 0.00980075 0.00671094
 0.00760336 0.0124553 0.0189384 0.0270496 0.0365429 0.0467681 0.0566443 0.0649305 0.0706713 0.073492 0.0735597 0.0713408 0.0673823 0.0622082 0.0562847 0.0500021 0.0436644 0.0374922 0.0316314 0.0261664 0.0211378 0.0165674 0.0124863 0.00895049 0.00603003
 0.00765524 0.0125334 0.0190447 0.0271833 0.0367021 0.0469527 0.0568574 0.0651764 0.0709532 0.0738083 0.073904 0.0717022 0.0677462 0.0625548 0.0565863 0.0502219 0.0437608 0.0374273 0.0313825 0.0257359 0.0205581 0.0158981 0.0118035 0.00832851 0.00552314
 0.00771037 0.0126168 0.0191584 0.0273245 0.0368635 0.0471238 0.0570262 0.0653328 0.0710921 0.073933 0.0740253 0.0718338 0.0678979 0.0627268 0.0567666 0.0503867 0.0438769 0.0374575 0.0312946 0.0255137 0.0202102 0.0154607 0.0113323 0.00788368 0.00515185
 0.00777768 0.0127175 0.0192936 0.0274889 0.0370465 0.0473116 0.0572036 0.0654849 0.0712068 0.0740049 0.074058 0.0718402 0.067896 0.0627342 0.0567933 0.0504304 0.0439218 0.0374766 0.0312572 0.0253957 0.0200042 0.0151819 0.0110158 0.00757326 0.00488551
 0.00781541 0.0127802 0.01939 0.0276264 0.037228 0.0475309 0.0574429 0.0657161 0.0713994 0.074135 0.0741158 0.0718312 0.0678372 0.0626482 0.0567021 0.0503496 0.043856 0.037418 0.0311878 0.0252946 0.0198575 0.0149906 0.0107972 0.00735517 0.00469487
 0.0078386 0.0128131 0.019431 0.0276721 0.0372754 0.0475804 0.0574992 0.0657858 0.0714857 0.0742336 0.0742139 0.0719123 0.0678884 0.0626654 0.0566907 0.050321 0.0438212 0.0373818 0.0311467 0.0252383 0.0197757 0.0148795 0.0106643 0.00721671 0.00456941
 0.00786765 0.0128548 0.0194836 0.0277298 0.03733 0.0476233 0.0575243 0.0657918 0.0714772 0.0742204 0.0742076 0.071921 0.0679127 0.062698 0.0567214 0.0503418 0.0438291 0.0373776 0.0311311 0.0252095 0.0197299 0.0148147 0.0105839 0.00713015 0.00448852
 0.00789483 0.0128971 0.0195431 0.0278066 0.0374209 0.0477209 0.057617 0.0658656 0.0715196 0.0742253 0.0741785 0.0718699 0.0678552 0.0626473 0.0566839 0.0503163 0.04381 0.0373589 0.0311079 0.0251788 0.0196895 0.0147644 0.0105259 0.00706977 0.00443278
 0.00789076 0.0128885 0.0195269 0.0277792 0.0373798 0.0476669 0.0575553 0.0658049 0.0714693 0.0741918 0.0741639 0.0718726 0.0678732 0.0626794 0.0567297 0.0503742 0.0438757 0.0374252 0.0311669 0.0252236 0.0197161 0.0147718 0.0105168 0.00704954 0.00440818
 0.00789639 0.0128929 0.0195247 0.0277625 0.0373402 0.047599 0.0574598 0.0656901 0.0713493 0.0740836 0.0740829 0.071829 0.0678703 0.0627141 0.0567943 0.0504596 0.0439728 0.0375253 0.0312615 0.025305 0.0197785 0.0148128 0.0105375 0.00705451 0.00440342
 0.00789138 0.0128835 0.0195081 0.0277348 0.0372967 0.0475354 0.0573734 0.0655816 0.0712246 0.0739539 0.073964 0.0717382 0.0678217 0.0627148 0.0568431 0.0505479 0.0440877 0.0376526 0.031388 0.0254198 0.0198736 0.014884 0.0105848 0.00708124 0.00441528
 0.00787288 0.0128543 0.0194657 0.0276776 0.0372241 0.0474481 0.0572741 0.0654747 0.0711158 0.0738498 0.0738714 0.071665 0.0677763 0.0627051 0.0568741 0.0506196 0.0441936 0.0377812 0.0315252 0.0255517 0.0199891 0.014976 0.0106511 0.00712399 0.0044395
 0.00787729 0.0128548 0.0194543 0.0276431 0.0371557 0.0473407 0.0571319 0.0653119 0.0709521 0.0737041 0.0737573 0.0715895 0.067741 0.0627092 0.0569158 0.0506962 0.0443009 0.0379116 0.0316681 0.0256942 0.020119 0.0150842 0.0107331 0.00718017 0.00447407
 0.00784792 0.0128101 0.0193923 0.0275634 0.0370579 0.0472238 0.0569947 0.0651552 0.0707824 0.0735352 0.0736087 0.0714813 0.0676881 0.0627169 0.0569804 0.0508079 0.0444475 0.0380805 0.0318463 0.0258691 0.0202785 0.0152188 0.0108374 0.00725404 0.00452146
 0.00782768 0.0127737 0.0193315 0.0274692 0.036924 0.0470506 0.0567922 0.0649423 0.0705809 0.0733632 0.0734779 0.0713974 0.0676543 0.0627357 0.0570522 0.0509289 0.0446085 0.0382685 0.0320464 0.0260661 0.020459 0.0153723 0.010958 0.00734091 0.00457847
 0.00780055 0.0127281 0.0192602 0.0273643 0.0367788 0.046862 0.0565643 0.0646883 0.0703222 0.0731265 0.0732891 0.071276 0.06761 0.0627683 0.0571537 0.0510873 0.0448099 0.0384975 0.0322868 0.0263014 0.020674 0.0155552 0.0111022 0.00744552 0.00464783
 0.00776478 0.012672 0.0191793 0.0272557 0.036641 0.0466958 0.0563733 0.0644795 0.070107 0.0729196 0.0731073 0.0711372 0.06753 0.0627575 0.0572149 0.0512149 0.0449915 0.0387166 0.0325248 0.0265397 0.0208956 0.0157466 0.011255 0.00755769 0.00472309
 0.00774615 0.0126377 0.0191207 0.0271626 0.0365054 0.0465156 0.0561563 0.0642431 0.0698733 0.0727097 0.0729367 0.0710153 0.0674626 0.0627484 0.0572663 0.0513258 0.0451559 0.0389228 0.0327564 0.0267777 0.0211214 0.0159446 0.0114152 0.00767663 0.00480371
 0.00933679 0.0148662 0.0218141 0.0299389 0.0388835 0.0480926 0.0567475 0.0639103 0.0688459 0.0712673 0.071322 0.0693993 0.0659486 0.0613906 0.0560887 0.050335 0.0443488 0.0382895 0.032281 0.0264392 0.0208949 0.0158038 0.0113349 0.00763541 0.0047851
 0.00932624 0.0151405 0.0227404 0.031972 0.0423678 0.0529942 0.0624851 0.0694485 0.0730625 0.073395 0.0712012 0.0674218 0.0627863 0.0577085 0.0523787 0.0468885 0.0413048 0.0356967 0.0301419 0.0247323 0.0195841 0.0148418 0.0106655 0.00719755 0.00451821
 0.00897932 0.0145979 0.0219853 0.0310591 0.0414751 0.0524564 0.0627518 0.0709238 0.0758615 0.0771642 0.0751631 0.0706685 0.0646567 0.0580164 0.0513831 0.04508 0.0391754 0.0336059 0.0282929 0.023209 0.0183982 0.0139666 0.0100556 0.0067987 0.00427542
 0.00879761 0.0142923 0.0215073 0.0303613 0.0405304 0.0512915 0.0614893 0.069808 0.0752358 0.0773744 0.0764025 0.0728349 0.0673235 0.0605715 0.0532741 0.046024 0.0392136 0.0330037 0.0273787 0.022251 0.017558 0.0133105 0.00958735 0.00649052 0.00408813
 0.00873241 0.0141762 0.0213131 0.030055 0.0400763 0.050663 0.0606838 0.0688649 0.0742535 0.0765193 0.0758942 0.0728903 0.0680629 0.0619286 0.0549775 0.0476847 0.0404817 0.0337008 0.0275319 0.0220272 0.0171594 0.0128962 0.00924518 0.00624731 0.00393459
 0.00870533 0.0141312 0.0212428 0.0299496 0.0399226 0.0504439 0.0603802 0.068461 0.073746 0.0759317 0.0752916 0.0723852 0.0677992 0.0620352 0.0555036 0.048552 0.0414943 0.0346203 0.0281768 0.0223368 0.0171887 0.0127601 0.00905515 0.00607587 0.00381085
 0.00869833 0.0141181 0.0212197 0.0299117 0.0398641 0.0503592 0.0602641 0.0683074 0.0735476 0.075681 0.0749876 0.0720452 0.0674701 0.0617945 0.0554393 0.0487241 0.0418948 0.0351619 0.0287237 0.0227648 0.0174358 0.0128374 0.00902114 0.0059963 0.00373208
 0.00868144 0.0140946 0.0211916 0.0298827 0.039838 0.0503373 0.0602431 0.0682797 0.0735027 0.0756083 0.0748783 0.0718956 0.0672863 0.0615989 0.0552738 0.0486417 0.0419388 0.0353398 0.0289959 0.0230582 0.0176773 0.0129862 0.00907831 0.00599135 0.0037003
 0.00868628 0.0141001 0.0211956 0.0298822 0.0398307 0.0503231 0.0602251 0.0682624 0.073489 0.0755959 0.0748593 0.0718584 0.0672211 0.0615039 0.0551599 0.0485339 0.0418704 0.0353391 0.0290705 0.0231879 0.0178226 0.0131074 0.00915358 0.00602138 0.0037003
 0.00870114 0.014125 0.0212341 0.0299372 0.0399028 0.0504087 0.0603151 0.0683438 0.0735488 0.0756254 0.0748554 0.0718224 0.0671555 0.0614114 0.0550449 0.0484064 0.041748 0.0352434 0.0290192 0.0231855 0.0178572 0.0131569 0.00919663 0.00604681 0.00370832
 0.00865915 0.0140628 0.021152 0.0298402 0.0397999 0.0503113 0.0602354 0.0682925 0.0735325 0.0756443 0.0749031 0.071888 0.0672267 0.0614771 0.0550972 0.0484418 0.0417683 0.0352565 0.0290358 0.0232143 0.0178999 0.0132069 0.00924339 0.00608193 0.00372914
 0.00866351 0.0140643 0.0211444 0.0298149 0.0397494 0.0502338 0.060138 0.068191 0.0734462 0.0755893 0.0748872 0.0719091 0.0672755 0.0615405 0.0551624 0.0484992 0.041813 0.0352889 0.0290606 0.0232378 0.0179266 0.013237 0.00927345 0.00610717 0.00374668
 0.00865053 0.0140469 0.0211246 0.0297959 0.0397335 0.0502195 0.0601194 0.0681602 0.0733982 0.0755273 0.0748227 0.071858 0.0672506 0.0615468 0.0551957 0.0485491 0.0418682 0.0353405 0.0291047 0.0232747 0.0179584 0.0132656 0.00929887 0.00612812 0.00376196
 0.00862733 0.0140087 0.0210666 0.0297145 0.0396281 0.0500954 0.0599882 0.068038 0.0733004 0.075463 0.0747931 0.0718594 0.0672787 0.0615993 0.055271 0.0486434 0.0419739 0.035448 0.029205 0.0233617 0.0180299 0.0133221 0.00934184 0.00615928 0.00378305
 0.00863666 0.0140215 0.0210811 0.0297273 0.0396341 0.0500888 0.0599644 0.067995 0.0732403 0.0753927 0.0747226 0.0717983 0.0672341 0.0615745 0.0552666 0.0486583 0.0420059 0.0354928 0.0292568 0.0234141 0.0180778 0.0133623 0.00937319 0.0061822 0.00379864
 0.00863666 0.0140215 0.0210811 0.0297273 0.0396341 0.0500888 0.0599644 0.067995 0.0732403 0.0753927 0.0747226 0.0717983 0.0672341 0.0615745 0.0552666 0.0486583 0.0420059 0.0354928 0.0292568 0.0234141 0.0180778 0.0133623 0.00937319 0.0061822 0.00379864
 0.00856266 0.0139071 0.0209203 0.0295193 0.0393842 0.0498095 0.0596756 0.0677229 0.0730132 0.0752344 0.0746479 0.0718109 0.0673276 0.061735 0.0554754 0.0488956 0.0422528 0.0357337 0.0294792 0.0236092 0.01824 0.0134896 0.00946707 0.00624677 0.00383984
 0.00842791 0.0136857 0.0205842 0.0290446 0.0387608 0.0490536 0.0588401 0.0668945 0.0722948 0.074717 0.0743889 0.0718251 0.0675917 0.0621995 0.0560781 0.049572 0.0429451 0.0363951 0.030076 0.0241204 0.0186556 0.0138094 0.00969852 0.00640333 0.00393807
 0.00879706 0.014256 0.0213837 0.0300707 0.0399715 0.0503603 0.060106 0.0679515 0.0729823 0.0749316 0.0741164 0.0711395 0.0666246 0.0610984 0.0549728 0.0485558 0.0420708 0.0356815 0.0295184 0.0237011 0.0183519 0.0135981 0.00955832 0.00631529 0.00388625
#pred catch len freq
 0.00323922 0.00524841 0.00790003 0.011232 0.0152809 0.0200362 0.0253795 0.031071 0.0367977 0.042237 0.0471043 0.051189 0.0543826 0.0566855 0.0581856 0.0590293 0.0593973 0.0594691 0.0593378 0.058873 0.0576096 0.0548113 0.0497963 0.0424067 0.0333008
 0.00338323 0.00543929 0.00810938 0.0114118 0.0153831 0.0200397 0.0253061 0.0309753 0.0367341 0.0422257 0.0471219 0.0511908 0.0543429 0.0566275 0.0581814 0.0591673 0.0597316 0.0599741 0.0598935 0.0592961 0.0577251 0.0545317 0.0491652 0.0415779 0.0324653
 0.00354539 0.00570334 0.00850373 0.011953 0.016061 0.0208023 0.0260558 0.031592 0.0371201 0.0423486 0.0470222 0.0509494 0.0540348 0.0562988 0.0578606 0.0588884 0.0595386 0.0598934 0.0598968 0.0592867 0.0575713 0.0541343 0.0485167 0.0407721 0.0316508
 0.00368423 0.00593435 0.00886287 0.0124811 0.0167991 0.0217796 0.0272693 0.0329837 0.0385658 0.0436714 0.0480368 0.0515215 0.0541254 0.0559662 0.0572238 0.0580792 0.0586681 0.0590362 0.0590805 0.0584874 0.0567287 0.0531927 0.0474729 0.039695 0.0306542
 0.00382415 0.00616004 0.00920097 0.0129601 0.0174502 0.0226352 0.0283559 0.0343089 0.0401007 0.0453337 0.0496825 0.0529594 0.0551587 0.0564508 0.0571134 0.0574342 0.0576228 0.0577451 0.0576701 0.0570322 0.0552561 0.0517137 0.0460186 0.0383345 0.029478
 0.00403689 0.00649233 0.00967688 0.013596 0.0182566 0.023618 0.0295156 0.0356364 0.041574 0.0469124 0.0513001 0.0545135 0.0565081 0.0574301 0.0575695 0.057273 0.0568417 0.0564323 0.0559702 0.0550998 0.0532252 0.0496942 0.0441107 0.0366376 0.0280789
 0.00422812 0.00680768 0.01016 0.0142907 0.0191992 0.0248244 0.0309684 0.0372807 0.0433267 0.0486805 0.0529961 0.056059 0.0578263 0.058433 0.0581527 0.0573275 0.0562852 0.0552455 0.0542159 0.0529148 0.0507922 0.0472101 0.041763 0.0345844 0.0264279
 0.00442944 0.00713218 0.0106451 0.0149745 0.0201197 0.0260142 0.0324427 0.0390219 0.0452726 0.0507227 0.0549941 0.0578662 0.0593166 0.0595135 0.0587572 0.0573998 0.055771 0.0541061 0.0524594 0.0506249 0.0481356 0.0444161 0.0390809 0.0322329 0.0245506
 0.00466211 0.00750735 0.011205 0.0157597 0.0211649 0.0273418 0.0340521 0.0408813 0.0473164 0.0528553 0.0570948 0.0597981 0.0609398 0.0607034 0.0594182 0.0574682 0.0552084 0.0528939 0.0506092 0.0482045 0.0452937 0.0413835 0.0361345 0.0296319 0.0224718
 0.0049185 0.007916 0.0118063 0.0165895 0.0222535 0.0287086 0.0356963 0.0427712 0.0493844 0.0550012 0.0591956 0.0617214 0.0625576 0.0619016 0.0601028 0.0575669 0.054671 0.0516951 0.0487584 0.0457658 0.0424093 0.03828 0.0330945 0.0269304 0.0203042
 0.00519648 0.00835858 0.012456 0.0174825 0.0234166 0.0301537 0.0374102 0.0447081 0.0514653 0.057121 0.0612347 0.0635571 0.0640746 0.0630005 0.0607033 0.0576068 0.0541042 0.0504938 0.0469252 0.0433561 0.0395554 0.0351994 0.0300647 0.0242273 0.0181281
 0.00542127 0.00872883 0.0130229 0.018299 0.0245293 0.0315892 0.0391584 0.0467122 0.0536241 0.0593036 0.0632997 0.0653704 0.065523 0.0639986 0.0611924 0.0575481 0.053471 0.0492705 0.0451176 0.041014 0.0367984 0.0322289 0.0271417 0.0216153 0.0160215
 0.00568858 0.00914705 0.0136241 0.0191079 0.0255668 0.0328737 0.0406995 0.048496 0.0555979 0.061368 0.0653152 0.0671795 0.0669796 0.0649916 0.061655 0.0574509 0.0528082 0.0480494 0.043361 0.0387773 0.0341941 0.02944 0.0244054 0.0191724 0.0140508
 0.00593564 0.00954072 0.0142019 0.0199002 0.0265925 0.0341341 0.0421714 0.0501293 0.0573225 0.0631038 0.0669779 0.0686798 0.0682216 0.0658795 0.0621051 0.057405 0.0522382 0.0469555 0.0417703 0.036751 0.0318419 0.0269294 0.021948 0.0169812 0.0122837
 0.00609808 0.00981077 0.01462 0.0205094 0.0274316 0.0352254 0.0435062 0.0516594 0.0589628 0.0647464 0.0685113 0.0700058 0.0692647 0.0665863 0.0624372 0.0573312 0.0517337 0.0460083 0.0403917 0.034989 0.0297931 0.0247428 0.0198098 0.0150764 0.0107486
 0.00622837 0.0100317 0.0149705 0.0210345 0.0281764 0.0362234 0.0447643 0.053145 0.0605996 0.0664206 0.0700875 0.0713501 0.0702694 0.0671858 0.0626094 0.0570847 0.0510898 0.0449905 0.0390281 0.0333261 0.0279134 0.022772 0.0179051 0.0133936 0.00940025
 0.00642726 0.0103388 0.0154041 0.0216053 0.0288925 0.0370942 0.0457985 0.0543409 0.0619307 0.0678247 0.0714664 0.0725829 0.0712355 0.0677899 0.0627978 0.0568474 0.0504514 0.0439948 0.0377282 0.0317854 0.0262148 0.0210257 0.0162415 0.0119386 0.00824295
 0.00652393 0.0105015 0.015659 0.0219798 0.029409 0.0377614 0.0466046 0.0552537 0.062907 0.0688209 0.0724416 0.0734922 0.0720222 0.0683845 0.0631294 0.056861 0.0501212 0.0433284 0.036763 0.0305831 0.0248589 0.0196194 0.0148988 0.0107649 0.0073105
 0.00651633 0.0104946 0.0156603 0.0220034 0.0294772 0.0379042 0.0468552 0.0556398 0.063439 0.069483 0.0731921 0.0742733 0.0727719 0.0690441 0.0636431 0.0571753 0.0501895 0.0431214 0.0362792 0.0298545 0.0239507 0.0186222 0.0139149 0.00988839 0.00660639
 0.00656225 0.010557 0.015732 0.0220712 0.0295273 0.037931 0.0468682 0.0556657 0.0635162 0.0696503 0.0734751 0.0746736 0.0732626 0.0695746 0.0641496 0.0575918 0.0504564 0.0431923 0.0361289 0.0294866 0.0234022 0.0179607 0.0132254 0.00925329 0.00608567
 0.00668457 0.0107396 0.0159758 0.0223645 0.0298468 0.0382452 0.0471423 0.0558687 0.0636302 0.0696797 0.0734491 0.0746374 0.0732608 0.069633 0.0642652 0.0577334 0.050574 0.0432315 0.0360452 0.029258 0.023037 0.017498 0.0127258 0.00878159 0.00569237
 0.00667763 0.0107429 0.016007 0.0224477 0.0300042 0.038485 0.0474493 0.0562031 0.0639387 0.0699132 0.0735788 0.0746636 0.0732112 0.0695514 0.0641938 0.0576958 0.0505665 0.0432256 0.0360001 0.0291381 0.0228273 0.0172107 0.0123969 0.00845763 0.00541388
 0.00668961 0.0107527 0.0160054 0.022424 0.029954 0.0384193 0.0473979 0.0562064 0.064028 0.0700913 0.0738142 0.0749036 0.0734061 0.0696752 0.0642502 0.0577087 0.0505615 0.0432142 0.035975 0.02908 0.0227186 0.0170487 0.0121977 0.00825016 0.00522787
 0.00678486 0.0108834 0.016157 0.0225669 0.0300505 0.0384369 0.047322 0.0560484 0.0638252 0.0698979 0.0736842 0.0748706 0.0734701 0.0698047 0.0644 0.0578409 0.0506576 0.0432725 0.0359992 0.0290707 0.0226725 0.0169651 0.0120846 0.00812452 0.00510961
 0.00681748 0.0109354 0.0162319 0.022663 0.0301565 0.0385275 0.047359 0.0559904 0.0636467 0.0696085 0.0733346 0.0745392 0.0732344 0.0697125 0.0644546 0.0580068 0.0508804 0.0435007 0.0361968 0.0292184 0.0227636 0.0170016 0.0120758 0.00808567 0.00505831
 0.00679577 0.0109102 0.016213 0.0226666 0.0302019 0.0386295 0.0475201 0.0561936 0.0638539 0.0697672 0.0733949 0.0744753 0.07306 0.0694787 0.0642285 0.0578429 0.0508017 0.0434967 0.0362373 0.0292703 0.0228025 0.0170157 0.0120648 0.00805677 0.00502206
