SBPRF35
7.78865
Curr Bio
466493
B35
671084
F35
0.20758
FOFL
0.137869
OFL
50713.7
Bzero
2.22533e+006
#pred survey bio
 4.72736e+006 4.49473e+006 4.2524e+006 3.93468e+006 3.61055e+006 3.24615e+006 2.89652e+006 2.56601e+006 2.26751e+006 2.00394e+006 1.77273e+006 1.56828e+006 1.38036e+006 1.21479e+006 1.0974e+006 969981 871327 819370 768239 740553 701040 672747 655762 638246 634002 631177 621327 619849 604538 603756 605662 606911 606564 596353 590864 581724 577185 578001 577072 572440 573380 579209 587365 594033 589423 589252 594938 602308 599782 604999 614312 560315 544975 520523 532807 545931 569532 551818 535984 497441 475890 470942 1.61332e+007 9.48134e+006 9.65926e+006 1.04795e+007 1.1648e+007 1.28796e+007 1.40005e+007 1.49354e+007 1.56724e+007 1.62319e+007 1.6646e+007 1.69475e+007 1.71648e+007 1.73207e+007 1.74324e+007 1.75125e+007 1.75702e+007 1.7612e+007 1.76424e+007 1.76647e+007 1.76811e+007 1.76933e+007 1.77024e+007 1.77092e+007 1.77144e+007 1.77183e+007 1.77212e+007 1.77235e+007 1.77252e+007 1.77265e+007 1.77275e+007 1.77283e+007 1.77289e+007 1.77293e+007 1.77297e+007 1.773e+007 1.77302e+007 1.77303e+007 1.77305e+007 1.77306e+007 1.77306e+007 1.77307e+007 1.77307e+007 1.77308e+007 1.77308e+007 1.77308e+007 1.77308e+007 1.77308e+007 1.77309e+007 1.77309e+007 1.77309e+007 1.77309e+007 1.77309e+007 1.77309e+007 1.77309e+007 1.77309e+007 1.77309e+007 1.77309e+007 1.77309e+007 1.77309e+007 1.77309e+007 1.77309e+007 1.77309e+007 1.77309e+007 1.77309e+007 1.77309e+007 1.77309e+007 1.77309e+007 1.77309e+007 1.77309e+007 1.77309e+007 1.77309e+007 1.77309e+007 1.77309e+007 1.77309e+007 1.77309e+007 1.77309e+007 1.77309e+007 1.77309e+007 1.77309e+007 1.77309e+007 1.77309e+007 1.77309e+007 1.77309e+007 1.77309e+007 1.77309e+007 1.77309e+007 1.77309e+007 1.77309e+007 1.77309e+007 1.77309e+007 1.77309e+007 1.77309e+007 1.77309e+007 1.77309e+007 1.77309e+007 1.77309e+007 1.77309e+007 1.77309e+007 1.77309e+007 0 0 0 0 0 0 0 0 0 0 0 0 0 0 0 0 0 0 0 0 0 0 0 0 0
#obs survey bio
 2.79695e+006 3.51324e+006 2.91534e+006 3.46489e+006 2.76021e+006 2.43437e+006 2.32089e+006 2.42054e+006 2.3543e+006 1.5393e+006 1.54679e+006 1.02338e+006 1.16828e+006 1.17472e+006 883189 775293 668180 550233 701667 717268 836593 754737 423894 495310 428300 579886 673802 498682 570514 592810 625149 479728 456470 514147 756596 439785 842357 789389 485643 379935 381826 716967 574837 753998 581587 584740 610104 613883 617943 914566 579765 640490 424043 466247 525620 545154 691948 598156 523194 480044 488326 409264
#pred catch bio
 92939.9 97289.6 173160 197624 260289 277201 290818 291120 285626 278515 271834 269608 258202 221600 232312 206105 164285 160919 137419 142887 128559 116257 115556 103869 102225 106778 98199.1 108004 93805.2 90465.8 90558.2 91542.2 98433.9 91340.7 90465.1 84949.5 82796.3 87775.8 92966.6 89162.9 85413 83472.5 84721.2 94022.4 90229.3 85542.3 84156.1 92031.5 85105.1 81939 134059 100433 108692 78300.2 77762.2 68068 100189 95470.3 112006 94850.5 77907.1 77127 50713.7 72216.9 72215.7 77085.8 85334.7 94298.3 102406 109040 114127 117855 120500 122328 123569 124399 124947 125306 125539 125689 125786 125848 125888 125913 125929 125939 125946 125950 125952 125954 125955 125955 125956 125956 125956 125956 125956 125956 125957 125957 125957 125957 125957 125957 125957 125957 125957 125957 125957 125957 125957 125957 125957 125957 125957 125957 125957 125957 125957 125957 125957 125957 125957 125957 125957 125957 125957 125957 125957 125957 125957 125957 125957 125957 125957 125957 125957 125957 125957 125957 125957 125957 125957 125957 125957 125957 125957 125957 125957 125957 125957 125957 125957 125957 125957 125957 125957 125957 125957 125957 125957 125957 0 0 0 0 0 0 0 0 0 0 0 0 0 0 0 0 0 0 0 0 0 0 0 0 0
#obs catch bio
 0 97022.8 174458 198685 263635 281351 295731 297447 291883 286023 279966 278233 267408 228490 241642 214002 168531 165815 140116 146170 130274 117023 117643 105672 104355 108617 99505.1 109908 95267.8 91417.5 91571.8 92972.6 100437 93253.2 91747.1 85890.1 83317.4 87927.2 93177.9 89598.6 86018.4 83600.4 84883.2 94097.3 90628.3 86148.1 84466.5 92341 85308.6 81591.2 135038 100192 109675 78473.5 78428 68023.6 100687 95110.2 112104 94918.1 77860.4 77136.3
#pred cpue bio
 4.66059e+006 4.43298e+006 4.19496e+006 3.87938e+006 3.55651e+006 3.1939e+006 2.84605e+006 2.51722e+006 2.22028e+006 1.95815e+006 1.72834e+006 1.52547e+006 1.33937e+006 1.17565e+006 1.05957e+006 934232 837598 786917 737372 710888 673015 645913 629372 612078 607876 605310 596003 594807 580116 579630 581705 582927 582606 572923 568323 560248 555575 555213 553478 548796 549794 555681 563857 570457 565907 565600 571185 578576 576249 581382 590483 537572 521940 497745 509819 523271 547025 530265 514826 477074 456122 452046 1.55297e+007 9.1419e+006 9.19088e+006 9.8616e+006 1.09768e+007 1.21955e+007 1.33138e+007 1.42483e+007 1.49852e+007 1.55447e+007 1.59588e+007 1.62602e+007 1.64776e+007 1.66335e+007 1.67452e+007 1.68253e+007 1.6883e+007 1.69248e+007 1.69552e+007 1.69774e+007 1.69939e+007 1.70061e+007 1.70152e+007 1.7022e+007 1.70271e+007 1.7031e+007 1.7034e+007 1.70362e+007 1.7038e+007 1.70393e+007 1.70403e+007 1.7041e+007 1.70416e+007 1.70421e+007 1.70425e+007 1.70427e+007 1.70429e+007 1.70431e+007 1.70432e+007 1.70433e+007 1.70434e+007 1.70435e+007 1.70435e+007 1.70435e+007 1.70436e+007 1.70436e+007 1.70436e+007 1.70436e+007 1.70436e+007 1.70436e+007 1.70436e+007 1.70436e+007 1.70436e+007 1.70436e+007 1.70437e+007 1.70437e+007 1.70437e+007 1.70437e+007 1.70437e+007 1.70437e+007 1.70437e+007 1.70437e+007 1.70437e+007 1.70437e+007 1.70437e+007 1.70437e+007 1.70437e+007 1.70437e+007 1.70437e+007 1.70437e+007 1.70437e+007 1.70437e+007 1.70437e+007 1.70437e+007 1.70437e+007 1.70437e+007 1.70437e+007 1.70437e+007 1.70437e+007 1.70437e+007 1.70437e+007 1.70437e+007 1.70437e+007 1.70437e+007 1.70437e+007 1.70437e+007 1.70437e+007 1.70437e+007 1.70437e+007 1.70437e+007 1.70437e+007 1.70437e+007 1.70437e+007 1.70437e+007 1.70437e+007 1.70437e+007 1.70437e+007 1.70437e+007 1.70437e+007 1.70437e+007 0 0 0 0 0 0 0 0 0 0 0 0 0 0 0 0 0 0 0 0 0 0 0 0 0
#obs cpue bio
 3.5148e+006 3.89193e+006 3.18243e+006 2.79249e+006 2.85601e+006 2.76331e+006 3.17333e+006 1.4381e+006 1.90911e+006 1.35659e+006 1.26938e+006 1.70832e+006 943084 781927 749078 713675 944578 727059 802309 568839 707486 704414 387069 506681 511711 791930 447146 602371 392437 730546 449581 397940 518037 375488 653460 710350 492364 615261 647288 587798 602989 672454 516105 568588 372328 391801 657358 681924 501790 493809 553511 489247 444213 510567 356910 681565 544338 652688 505305 444964 438763 566870
#pred surv len freq
 0.00509912 0.00827388 0.0124427 0.0175817 0.0235635 0.0300771 0.0365978 0.0425132 0.0473526 0.0509461 0.0534031 0.0549764 0.0559316 0.0564732 0.0567103 0.0566461 0.0561913 0.055198 0.05349 0.0508747 0.0471546 0.0421808 0.0359746 0.0288601 0.0214877
 0.00529864 0.00849042 0.0125752 0.017485 0.0231059 0.0292204 0.0354499 0.0413048 0.0463393 0.0502897 0.0531059 0.0549024 0.055894 0.0563352 0.056451 0.0563681 0.0560741 0.0554143 0.0541215 0.0518669 0.0483334 0.0433253 0.0369052 0.0294959 0.0218478
 0.00563826 0.00902019 0.0133226 0.0184391 0.024196 0.0303002 0.0363074 0.0417185 0.0461725 0.0495693 0.0520222 0.0537158 0.0548071 0.0554186 0.0556657 0.0556539 0.0554307 0.0549205 0.053885 0.0519463 0.0486879 0.0438265 0.0373988 0.0298702 0.0220668
 0.00590613 0.00946624 0.0140127 0.0194386 0.0255509 0.0320061 0.0382751 0.0437556 0.0480033 0.0508976 0.0526223 0.0535118 0.0538979 0.0540259 0.0540346 0.0539708 0.0538049 0.0534204 0.0525774 0.0508966 0.0479286 0.0433308 0.0370914 0.0296662 0.0219083
 0.00614995 0.0098559 0.0145886 0.0202392 0.0266121 0.033356 0.0399203 0.045661 0.0500703 0.0529518 0.0544227 0.0547939 0.0544457 0.053745 0.0529859 0.0523413 0.0518357 0.051338 0.0505603 0.0490734 0.0463818 0.0420955 0.0361565 0.0289877 0.0214316
 0.00645696 0.0103424 0.0152976 0.0212027 0.0278473 0.0348593 0.0416609 0.0475794 0.0520852 0.0549674 0.0563253 0.0564391 0.0556547 0.0543293 0.052802 0.051349 0.0501256 0.0491092 0.0480646 0.0465565 0.0440441 0.0400741 0.0345217 0.0277501 0.0205558
 0.00680298 0.0108878 0.0160865 0.0222655 0.029196 0.0364819 0.0435128 0.049582 0.0541353 0.0569562 0.0581536 0.0580188 0.0568952 0.0551231 0.0530238 0.0508834 0.0489148 0.0471972 0.045609 0.0437997 0.0412581 0.0375028 0.0323398 0.0260445 0.0193292
 0.00714874 0.0114398 0.0168984 0.0233795 0.030635 0.0382371 0.045531 0.0517626 0.0563453 0.0590573 0.0600259 0.0595715 0.0580629 0.0558507 0.0532509 0.0505373 0.0479252 0.0455332 0.0433229 0.0410498 0.0382926 0.0346072 0.0297686 0.0239658 0.0178006
 0.00751963 0.0120237 0.0177419 0.0245147 0.0320756 0.0399727 0.0475177 0.053917 0.0585505 0.061179 0.0619331 0.0611525 0.0592337 0.0565546 0.0534489 0.0501947 0.0470048 0.0440068 0.0412039 0.0384317 0.0353667 0.0316394 0.0270379 0.0216908 0.0160884
 0.00786338 0.0125729 0.0185501 0.0256243 0.0335094 0.0417209 0.0495259 0.0560838 0.0607428 0.0632583 0.0637773 0.0626649 0.0603418 0.0572059 0.0536067 0.0498325 0.0461015 0.0425494 0.0392045 0.0359578 0.0325678 0.0287451 0.0243146 0.019371 0.0143075
 0.00815264 0.0130395 0.0192458 0.026595 0.0347871 0.0433106 0.0513903 0.0581374 0.0628607 0.0652984 0.0656041 0.0641662 0.0614363 0.0578424 0.0537572 0.0494831 0.0452446 0.0411839 0.0373473 0.0336676 0.0299695 0.0260357 0.0217336 0.0171409 0.0125704
 0.00845529 0.0135172 0.0199384 0.0275315 0.0359821 0.0447594 0.0530604 0.059963 0.0647467 0.067132 0.0672698 0.0655582 0.0624676 0.0584505 0.0539053 0.0491557 0.0444409 0.0399133 0.0356349 0.0315708 0.0275981 0.0235599 0.0193636 0.0150773 0.0109482
 0.00875767 0.0140015 0.020653 0.0285147 0.0372533 0.0463058 0.0548256 0.0618459 0.0666188 0.0688649 0.068757 0.0667234 0.0632605 0.0588399 0.0538737 0.0486973 0.0435596 0.0386233 0.033966 0.0295799 0.025385 0.0212732 0.017185 0.0131813 0.00945393
 0.00909999 0.014537 0.0214199 0.0295351 0.0385303 0.0478195 0.0565255 0.0636469 0.0684068 0.0705138 0.0701499 0.0677694 0.0639039 0.0590595 0.0536749 0.0481002 0.0425897 0.0373087 0.0323424 0.0277029 0.0233435 0.0191949 0.0152237 0.0114832 0.00811826
 0.00921822 0.0147452 0.0217627 0.0300627 0.039287 0.0488244 0.0577564 0.0650365 0.069857 0.071918 0.071411 0.0688073 0.0646563 0.0594821 0.0537431 0.0478089 0.041951 0.0363471 0.0310948 0.0262234 0.0217123 0.0175218 0.0136372 0.0101049 0.00703055
 0.00935774 0.014982 0.0221378 0.0306213 0.0400691 0.0498503 0.0590097 0.0664562 0.0713427 0.0733472 0.0726619 0.0697788 0.0652816 0.0597324 0.0536215 0.04734 0.0411701 0.0352955 0.0298192 0.0247811 0.0201779 0.0159897 0.0122132 0.00888525 0.00607766
 0.00954295 0.0152583 0.0225088 0.0310782 0.0405988 0.0504463 0.0596772 0.0672063 0.0721774 0.0742444 0.0735682 0.0706154 0.0659605 0.0601761 0.0537788 0.0471911 0.0407242 0.0345825 0.0288835 0.0236801 0.0189826 0.0147847 0.0110886 0.00792088 0.00532403
 0.00947927 0.015172 0.0224106 0.0309882 0.0405407 0.050439 0.0597312 0.0673269 0.0723744 0.0745374 0.0739801 0.0711549 0.0666033 0.0608589 0.0544109 0.0476786 0.0409935 0.0345952 0.0286392 0.0232119 0.0183508 0.0140674 0.0103706 0.0072778 0.00480728
 0.00947688 0.0151659 0.0223979 0.0309669 0.0405124 0.0504125 0.0597225 0.0673558 0.0724572 0.0746814 0.0741841 0.0714146 0.0669149 0.0612149 0.0547896 0.0480374 0.0412741 0.034739 0.0286069 0.0229962 0.0179791 0.0135956 0.00986838 0.00681152 0.00442433
 0.00934834 0.0149685 0.022123 0.0306153 0.0400952 0.049952 0.0592536 0.0669257 0.0721201 0.0744884 0.0741711 0.0715937 0.0672728 0.0617173 0.0553883 0.0486755 0.0418887 0.0352667 0.0289927 0.0232067 0.0180125 0.0134825 0.00966273 0.00657384 0.00420485
 0.00944726 0.0151035 0.0222783 0.0307597 0.0401907 0.0499667 0.0591732 0.0667572 0.071888 0.0742273 0.0739198 0.0713907 0.0671511 0.0616987 0.0554776 0.0488581 0.0421322 0.0355253 0.0292164 0.0233527 0.0180572 0.0134283 0.00953612 0.00641416 0.00404988
 0.00975776 0.0155464 0.0228293 0.0313546 0.0407405 0.0503836 0.0593942 0.0667555 0.0716729 0.0738392 0.0734212 0.0708546 0.0666474 0.0612824 0.055182 0.048693 0.0420847 0.0355642 0.0292985 0.0234328 0.0180998 0.0134165 0.00947414 0.00632209 0.00395258
 0.00988714 0.0157651 0.0231707 0.0318464 0.041388 0.0511491 0.0601856 0.0674392 0.0721139 0.07395 0.0731925 0.0703514 0.0659792 0.0605659 0.0545138 0.0481363 0.0416679 0.0352847 0.0291308 0.0233388 0.0180402 0.0133617 0.00941019 0.00624989 0.00388162
 0.00990287 0.0158042 0.0232555 0.0320084 0.0416623 0.0515637 0.0607462 0.0681156 0.0728339 0.0746062 0.0736662 0.0705488 0.065864 0.0601722 0.0539313 0.0474776 0.041034 0.0347434 0.0287105 0.0230351 0.0178289 0.013213 0.00929963 0.00616316 0.00381329
 0.00979732 0.0156428 0.0230331 0.0317311 0.0413509 0.0512564 0.0604985 0.0679925 0.0728918 0.0748692 0.0741079 0.0710918 0.0664002 0.0605977 0.0541809 0.0475424 0.040955 0.0345869 0.0285398 0.0228911 0.0177257 0.0131453 0.00925483 0.00613018 0.00378655
 0.00969604 0.0154853 0.0228096 0.0314383 0.0409938 0.0508509 0.0600746 0.0675961 0.0725808 0.074703 0.0741318 0.0713202 0.0668057 0.0611124 0.0547135 0.0480066 0.0412962 0.0347946 0.0286393 0.0229237 0.0177284 0.0131405 0.00925035 0.00612628 0.00378189
 0.00971797 0.0155105 0.022828 0.0314338 0.0409477 0.0507485 0.0599112 0.06738 0.0723331 0.0744553 0.0739228 0.0711899 0.066786 0.0612153 0.0549221 0.0482767 0.0415704 0.0350223 0.028794 0.0230063 0.0177582 0.0131414 0.00924053 0.00611524 0.00377283
 0.00963676 0.0153903 0.0226687 0.031242 0.0407337 0.0505213 0.0596765 0.0671415 0.0720972 0.074235 0.0737394 0.0710697 0.0667551 0.0612921 0.0551103 0.0485601 0.0419131 0.0353769 0.0291151 0.0232636 0.0179424 0.0132606 0.00931129 0.00615434 0.00379305
 0.00962197 0.0153733 0.0226563 0.0312443 0.0407614 0.0505802 0.0597627 0.0672396 0.0721825 0.0742804 0.0737237 0.0709862 0.0666161 0.0611274 0.0549585 0.0484555 0.0418741 0.0354007 0.0291812 0.0233442 0.0180142 0.0133114 0.00934024 0.00616716 0.00379676
 0.00966205 0.0154085 0.0226552 0.0311629 0.0405588 0.0502422 0.0593184 0.0667586 0.0717518 0.0739717 0.0735708 0.0709821 0.0667261 0.0613089 0.0551771 0.0486922 0.042122 0.0356564 0.0294369 0.0235857 0.0182248 0.0134787 0.00946045 0.00624518 0.00384251
 0.0097377 0.0155194 0.0227977 0.0313213 0.0407036 0.050332 0.0593068 0.0666086 0.0714543 0.0735598 0.0731163 0.0705721 0.0664312 0.0611611 0.0551681 0.0487886 0.0422851 0.0358543 0.0296469 0.023791 0.0184109 0.0136341 0.00957887 0.00632681 0.0038932
 0.00968567 0.0154569 0.022744 0.0313059 0.0407563 0.0504664 0.059507 0.066828 0.0716281 0.0736274 0.0730446 0.070369 0.0661439 0.0608588 0.0549168 0.0486295 0.0422273 0.0358821 0.0297328 0.0239069 0.0185336 0.0137466 0.00967079 0.00639412 0.00393733
 0.00947657 0.0151549 0.022361 0.0308803 0.0403458 0.0501343 0.0593073 0.0667932 0.0717599 0.0738921 0.0733779 0.0706939 0.0663972 0.0610122 0.0549826 0.0486479 0.0422442 0.0359291 0.0298195 0.0240239 0.0186627 0.0138692 0.00977369 0.00647136 0.00398936
 0.0091016 0.014608 0.0216555 0.0300719 0.039521 0.0493888 0.0587268 0.0664425 0.0716763 0.0740786 0.0737986 0.0712776 0.0670516 0.0616469 0.0555311 0.0490815 0.0425705 0.036178 0.0300243 0.0242069 0.0188307 0.0140183 0.00989665 0.00656389 0.00405235
 0.00896854 0.0143563 0.0212153 0.029367 0.0385006 0.0480707 0.0572279 0.0649685 0.0704648 0.0733229 0.0735918 0.0716013 0.0678015 0.0626736 0.0566791 0.050218 0.043604 0.0370629 0.0307528 0.0247929 0.0192944 0.0143768 0.0101632 0.00675098 0.00417428
 0.00971006 0.0153873 0.0224412 0.0305838 0.0394426 0.0484947 0.0569919 0.0640708 0.0690406 0.0716098 0.0718752 0.0701476 0.0667946 0.0621785 0.0566462 0.0505227 0.0440977 0.0376158 0.031276 0.025241 0.019654 0.0146525 0.0103658 0.00689258 0.00426702
 0.0102882 0.0163099 0.0237876 0.0323891 0.0416591 0.0509489 0.0593664 0.0659504 0.0700327 0.0714894 0.0706749 0.0681413 0.0643916 0.0597885 0.0545743 0.0489224 0.0429819 0.0369047 0.0308539 0.0250008 0.0195185 0.0145754 0.0103227 0.00687025 0.00425719
 0.0101877 0.0162357 0.0238415 0.0327228 0.0424364 0.0522801 0.0612421 0.0682058 0.0723597 0.073498 0.0719904 0.0685132 0.063775 0.0583583 0.0526591 0.0468901 0.0411299 0.0354008 0.0297383 0.0242278 0.0190076 0.0142481 0.0101183 0.00674682 0.00418636
 0.00997189 0.0159153 0.0234215 0.0322423 0.041977 0.0519679 0.0612356 0.0686592 0.0733607 0.0750024 0.0737929 0.0702837 0.0651558 0.0590825 0.0526379 0.0462283 0.0400676 0.0342139 0.028648 0.0233557 0.0183809 0.0138343 0.00986284 0.00659778 0.00410398
 0.00990818 0.015805 0.023244 0.0319777 0.0416151 0.0515235 0.0607628 0.0682569 0.0731598 0.0751328 0.0743347 0.0712194 0.0663477 0.0602961 0.0536137 0.0467741 0.0401251 0.0338654 0.0280643 0.0227184 0.0178215 0.013413 0.0095819 0.00642846 0.00401051
 0.00979302 0.0156321 0.0230099 0.0316866 0.0412758 0.0511447 0.0603536 0.067834 0.0727592 0.0748177 0.0741918 0.071336 0.0667741 0.0610083 0.0544989 0.0476568 0.0408282 0.0342765 0.0281714 0.0225968 0.0175856 0.0131645 0.00938076 0.00629246 0.00393091
 0.00974068 0.0155365 0.0228474 0.0314317 0.0409097 0.0506681 0.0597957 0.06725 0.0722156 0.0743753 0.0738969 0.0712245 0.066876 0.0613423 0.0550537 0.0483721 0.0415957 0.0349695 0.0286898 0.022902 0.017704 0.0131614 0.00932474 0.00623115 0.00388562
 0.00974879 0.0155389 0.0228305 0.031374 0.0407852 0.0504526 0.0594757 0.0668301 0.0717236 0.0738607 0.0734239 0.0708585 0.066671 0.0613325 0.0552496 0.0487559 0.0421176 0.0355505 0.0292388 0.0233437 0.0180023 0.0133246 0.00939037 0.00624316 0.00387737
 0.00977468 0.015578 0.022883 0.0314362 0.0408475 0.0504987 0.0594818 0.0667691 0.0715723 0.0736106 0.0730892 0.0704777 0.0663012 0.0610361 0.0550794 0.0487426 0.0422613 0.0358188 0.0295738 0.0236783 0.0182809 0.0135191 0.00950246 0.00629409 0.00389317
 0.00985233 0.0157036 0.0230702 0.031695 0.0411803 0.0508932 0.0599061 0.0671717 0.0718905 0.0737852 0.0730799 0.0702746 0.0659287 0.06055 0.0545554 0.0482593 0.0418813 0.035574 0.0294606 0.0236638 0.0183189 0.0135678 0.00953706 0.00630823 0.00389233
 0.0097558 0.0155725 0.0229209 0.03156 0.0411003 0.0509041 0.0600266 0.0673969 0.0721927 0.0741188 0.0733894 0.0705052 0.0660387 0.0605226 0.0544049 0.0480276 0.041626 0.0353505 0.0293055 0.0235862 0.0183039 0.0135881 0.00956668 0.0063314 0.00390455
 0.00965877 0.0154134 0.022681 0.0312264 0.0406747 0.0504142 0.0595318 0.0669805 0.071938 0.0740794 0.073569 0.0708576 0.0664859 0.0609795 0.0548028 0.048329 0.0418275 0.0354759 0.02939 0.0236601 0.0183818 0.0136689 0.00964072 0.0063896 0.00394355
 0.00962811 0.0153557 0.0225794 0.0310596 0.0404218 0.0500627 0.0590877 0.0664754 0.0714302 0.0736451 0.0732849 0.0707785 0.0666251 0.0613035 0.0552421 0.0488022 0.0422667 0.0358424 0.0296756 0.0238773 0.0185494 0.013801 0.00974396 0.00646611 0.00399538
 0.00966407 0.0154143 0.0226666 0.031178 0.0405659 0.0502139 0.0592123 0.0665303 0.0713767 0.0734672 0.0730017 0.0704429 0.0663085 0.0610708 0.0551301 0.0488094 0.0423601 0.0359757 0.0298092 0.0239893 0.0186348 0.0138644 0.00979159 0.00650173 0.00402072
 0.00968172 0.0154332 0.0226775 0.0311678 0.0405228 0.0501348 0.0591063 0.0664148 0.0712675 0.0733688 0.0729059 0.0703384 0.0661944 0.060964 0.0550602 0.0488043 0.0424307 0.03611 0.0299786 0.0241619 0.018787 0.0139853 0.00988045 0.00656306 0.00406055
 0.00969844 0.0154544 0.022698 0.0311779 0.0405101 0.0500867 0.0590145 0.0662796 0.0711001 0.0731899 0.07274 0.0702052 0.0661027 0.060913 0.0550464 0.0488278 0.0424954 0.0362174 0.0301212 0.0243223 0.018944 0.0141213 0.00998635 0.00663801 0.00410913
 0.0102892 0.0163667 0.023978 0.0328275 0.0424774 0.0522581 0.0612103 0.0682669 0.0726351 0.0740784 0.0728875 0.0696331 0.0649292 0.0593139 0.0532134 0.046937 0.0406887 0.0345955 0.0287437 0.023212 0.0180936 0.0135026 0.0095599 0.00636104 0.00394094
 0.0102222 0.0163099 0.0239893 0.0329933 0.042891 0.0529835 0.0622486 0.0695428 0.0740087 0.0753752 0.0739341 0.0702907 0.0651201 0.0590353 0.0525334 0.0459733 0.039579 0.0334694 0.0277034 0.0223231 0.0173858 0.0129757 0.00919295 0.00612248 0.00379673
 0.0101306 0.0161854 0.0238493 0.0328765 0.0428552 0.0530985 0.0625824 0.0701424 0.0748773 0.0764529 0.0750962 0.0713703 0.0659493 0.0594888 0.0525574 0.0455929 0.0388838 0.0325858 0.0267629 0.0214364 0.0166273 0.0123806 0.0087625 0.0058352 0.0036201
 0.0097058 0.0155277 0.022924 0.0316822 0.0414336 0.051545 0.0610525 0.068841 0.0740208 0.0762113 0.0755401 0.0724449 0.0674852 0.0612441 0.054278 0.0470709 0.0399974 0.0333092 0.0271474 0.0215758 0.0166218 0.0123117 0.00868287 0.00577022 0.00357639
 0.0095218 0.0152103 0.0224141 0.0309167 0.0403652 0.0501705 0.0594403 0.0671393 0.0724368 0.0749698 0.0748347 0.0723964 0.068113 0.0624561 0.0558867 0.0488361 0.0416847 0.0347425 0.028239 0.0223237 0.0170839 0.0125696 0.00881371 0.0058314 0.00360345
 0.00933496 0.0149097 0.0219662 0.0302896 0.039531 0.0491121 0.0581644 0.0656912 0.0709106 0.0735088 0.0736166 0.0716033 0.0678892 0.0628678 0.0568965 0.050304 0.0433991 0.0364727 0.0297905 0.0235771 0.018004 0.013188 0.00919716 0.00605249 0.00372287
 0.00962674 0.0153436 0.0225422 0.0309755 0.0402641 0.0498055 0.0587137 0.0659846 0.070849 0.0730343 0.0727417 0.0704257 0.0665823 0.0616443 0.0559535 0.0497693 0.0432965 0.0367246 0.0302542 0.0240988 0.0184663 0.0135318 0.0094167 0.00617391 0.00378108
 0.00970616 0.0154941 0.0228061 0.0314001 0.0408832 0.0506134 0.0596447 0.0669134 0.0716177 0.0734939 0.0727909 0.0700334 0.0657956 0.0605826 0.0547887 0.0486878 0.0424522 0.0361978 0.0300368 0.0241127 0.0186038 0.0136983 0.00955438 0.00626367 0.00382885
 0.00972243 0.0155584 0.0229731 0.0317443 0.0414808 0.0515114 0.0608302 0.0682995 0.0730511 0.0747831 0.0737434 0.070496 0.0656885 0.0599206 0.0536803 0.0473122 0.0410177 0.0348928 0.0289876 0.0233641 0.0181282 0.0134264 0.00941057 0.00618913 0.0037883
 0.00924261 0.0148624 0.0220844 0.0307472 0.0405072 0.0507142 0.0603548 0.0682578 0.073497 0.0756888 0.0749895 0.0718887 0.0670036 0.0609593 0.0543183 0.0475251 0.0408765 0.0345313 0.028555 0.0229789 0.0178529 0.0132676 0.00933985 0.00616869 0.00378846
 0.00851081 0.0137367 0.0205145 0.0287426 0.0381496 0.0481668 0.0578649 0.0661354 0.0720543 0.0751569 0.0754503 0.0732531 0.0690398 0.0633533 0.0567458 0.0497187 0.0426713 0.0358791 0.029503 0.0236255 0.0183004 0.0135914 0.0095812 0.00634526 0.0039093
#obs surv len freq
 nan nan nan nan nan nan nan nan nan nan nan nan nan nan nan nan nan nan nan nan nan nan nan nan nan
 0.00448711 0.00734964 0.0111808 0.0159981 0.0216994 0.027975 0.0342888 0.0400192 0.0446977 0.0481601 0.0505164 0.0520107 0.0529014 0.0534125 0.0537257 0.0539798 0.0542578 0.0545502 0.0546887 0.0542805 0.0527187 0.0493511 0.0438014 0.0362823 0.0276668
 0.00461139 0.00755544 0.0114971 0.0164531 0.0223134 0.0287495 0.0351958 0.0409992 0.0456678 0.0490314 0.051211 0.0524731 0.0531039 0.0533545 0.0534295 0.0534827 0.0536033 0.053781 0.053844 0.0533973 0.0518359 0.0485119 0.0430506 0.0356577 0.0271894
 0.00478083 0.0078295 0.0119072 0.0170282 0.0230751 0.0297044 0.0363254 0.0422539 0.0469698 0.0502848 0.0523151 0.0533358 0.0536528 0.0535465 0.0532545 0.0529618 0.0527817 0.0527182 0.0526065 0.0520556 0.050465 0.0471921 0.0418614 0.0346648 0.0264292
 0.00497326 0.0081467 0.0123925 0.0177239 0.0240136 0.0308941 0.0377374 0.0438187 0.0485882 0.0518475 0.0537186 0.0544885 0.0544769 0.053979 0.0532535 0.0525129 0.0519022 0.0514568 0.0510386 0.0502789 0.0485959 0.0453591 0.0401913 0.0332613 0.0253506
 0.00518715 0.00849588 0.012921 0.0184746 0.0250208 0.0321717 0.0392653 0.0455359 0.0503988 0.0536362 0.0553676 0.0558907 0.0555413 0.0546331 0.0534431 0.0522035 0.0510835 0.0501502 0.0493044 0.0482201 0.0463559 0.04311 0.0381098 0.0314947 0.0239846
 0.0054147 0.00886806 0.0134854 0.019277 0.0260971 0.033534 0.0408883 0.0473524 0.052309 0.055526 0.0571254 0.0574149 0.0567425 0.0554339 0.0537788 0.052024 0.050358 0.0488753 0.0475176 0.0460126 0.0438786 0.0405631 0.0357114 0.029434 0.0223781
 0.00565904 0.00926858 0.0140943 0.0201449 0.0272634 0.0350113 0.0426468 0.0493143 0.05436 0.0575378 0.0589769 0.0590032 0.057985 0.0562644 0.0541422 0.0518731 0.0496551 0.0476015 0.0456897 0.0437042 0.041235 0.0377963 0.033067 0.0271355 0.0205705
 0.00589467 0.0096576 0.0146909 0.0210037 0.0284286 0.0365005 0.0444332 0.0513207 0.0564693 0.0596155 0.0608931 0.0606465 0.0592672 0.0571193 0.0545209 0.0517374 0.0489733 0.0463531 0.043881 0.0413933 0.0385538 0.0349534 0.0303172 0.0247207 0.0186553
 0.00614762 0.010069 0.0153105 0.0218788 0.0295958 0.0379726 0.0461852 0.0532825 0.0585339 0.061657 0.0627856 0.0622772 0.0605435 0.0579706 0.0548967 0.0516022 0.0483016 0.0451294 0.0421114 0.0391283 0.0359132 0.0321343 0.0275696 0.0222895 0.016714
 0.00638949 0.0104669 0.0159178 0.0227475 0.0307657 0.0394543 0.0479441 0.0552346 0.06056 0.0636276 0.0645822 0.0638025 0.0617211 0.0587419 0.0552173 0.0514389 0.0476301 0.0439361 0.0404028 0.0369511 0.0333768 0.0294216 0.0249163 0.0199313 0.014822
 0.00660829 0.0108272 0.0164688 0.0235381 0.0318356 0.040819 0.0495787 0.0570675 0.0624816 0.0655107 0.0663033 0.0652571 0.06283 0.0594512 0.0554929 0.0512591 0.0469801 0.0428077 0.0388038 0.034924 0.0310207 0.0269018 0.022448 0.0177322 0.0130524
 0.006831 0.0111901 0.0170165 0.0243127 0.0328689 0.0421196 0.0511191 0.0587791 0.0642632 0.0672471 0.0678832 0.0665843 0.0638291 0.0600691 0.0556973 0.0510341 0.04632 0.0417145 0.0372925 0.0330374 0.0288486 0.0245919 0.0201917 0.0157236 0.0114353
 0.00706919 0.0115789 0.0176042 0.0251439 0.0339743 0.0435008 0.0527339 0.0605385 0.0660458 0.0689247 0.0693442 0.0677448 0.0646338 0.0604867 0.0557147 0.0506507 0.045543 0.0405572 0.0357786 0.0312129 0.026798 0.0224464 0.0181184 0.0138905 0.00996556
 0.00726487 0.0119059 0.0181126 0.025885 0.0349887 0.0448006 0.0542846 0.0622534 0.0678001 0.0705808 0.070777 0.0688588 0.0653684 0.060815 0.0556364 0.0501824 0.0447096 0.0393873 0.0343071 0.0294905 0.0249048 0.0204986 0.0162593 0.0122611 0.00866691
 0.00744213 0.0121946 0.0185485 0.0265025 0.0358161 0.0458501 0.055541 0.0636672 0.0692891 0.0720413 0.072099 0.06994 0.0661279 0.0612018 0.0556317 0.049795 0.0439672 0.0383282 0.0329774 0.0279487 0.0232296 0.0187946 0.0146487 0.0108606 0.00755733
 0.00754029 0.0123583 0.0188026 0.0268735 0.0363273 0.0465144 0.0563535 0.0646021 0.0703033 0.0730812 0.0731048 0.0708483 0.0668728 0.0617198 0.0558707 0.0497225 0.0435746 0.0376308 0.0320114 0.0267699 0.0219143 0.017439 0.0133599 0.00973751 0.00666717
 0.00761758 0.0124772 0.0189697 0.0270923 0.0366003 0.0468455 0.0567486 0.0650662 0.0708366 0.0736747 0.0737383 0.0714895 0.0674787 0.0622392 0.0562483 0.0499058 0.0435228 0.0373232 0.0314534 0.0259957 0.0209862 0.0164416 0.0123883 0.00887893 0.00598124
 0.00766264 0.0125476 0.0190701 0.0272249 0.0367639 0.0470358 0.0569586 0.0652893 0.0710705 0.073925 0.0740163 0.0718053 0.0678314 0.0626098 0.0565988 0.0501849 0.0436755 0.0373031 0.0312344 0.025581 0.0204117 0.0157713 0.0117022 0.00825371 0.00547214
 0.00773448 0.0126531 0.0192078 0.0273864 0.0369362 0.0472059 0.0571165 0.0654293 0.0711912 0.074029 0.0741112 0.0719037 0.0679473 0.0627525 0.0567654 0.0503549 0.043812 0.0373607 0.0311727 0.0253782 0.0200751 0.0153384 0.0112313 0.00780749 0.00509933
 0.00779007 0.0127422 0.0193389 0.0275643 0.0371595 0.0474625 0.0573823 0.0656719 0.071379 0.0741427 0.0741505 0.0718855 0.0678982 0.0626998 0.0567287 0.0503409 0.0438112 0.0373483 0.0311159 0.0252485 0.0198606 0.015052 0.0109076 0.00749075 0.00482814
 0.0078347 0.0128075 0.0194241 0.0276648 0.037269 0.0475762 0.0574984 0.0657892 0.0714938 0.0742462 0.0742305 0.0719316 0.0679078 0.0626805 0.0566953 0.0503083 0.0437869 0.0373276 0.0310825 0.0251811 0.0197437 0.0148847 0.0107066 0.00728428 0.00464453
 0.00783261 0.0128061 0.0194255 0.0276716 0.0372829 0.0475967 0.057522 0.0658118 0.0715133 0.074265 0.0742544 0.0719654 0.0679519 0.0627301 0.0567445 0.0503533 0.0438264 0.03736 0.0311018 0.0251769 0.0197053 0.0148084 0.0105997 0.00716382 0.00453049
 0.00785738 0.0128349 0.0194481 0.0276724 0.0372466 0.0475162 0.0574041 0.0656764 0.0713863 0.074169 0.0742025 0.0719612 0.0679918 0.0628063 0.0568461 0.0504681 0.0439424 0.0374667 0.0311903 0.0252389 0.0197344 0.014802 0.0105624 0.00710697 0.00446857
 0.00789823 0.0128973 0.0195336 0.0277777 0.0373621 0.0476249 0.0574836 0.0657039 0.0713479 0.0740675 0.0740589 0.0718072 0.0678581 0.0627132 0.0568001 0.0504645 0.0439696 0.0375108 0.0312377 0.0252779 0.0197563 0.0148026 0.0105429 0.00707349 0.00443015
 0.00790867 0.0129165 0.0195664 0.0278297 0.0374371 0.0477224 0.0575954 0.0658139 0.0714344 0.0741094 0.0740433 0.0717345 0.0677437 0.0625822 0.0566792 0.050373 0.0439154 0.0374906 0.0312408 0.0252914 0.0197685 0.0148058 0.0105343 0.00705552 0.00440775
 0.00788768 0.0128831 0.0195179 0.027765 0.0373586 0.0476371 0.0575157 0.0657547 0.0714085 0.0741211 0.0740854 0.0717914 0.0677978 0.0626219 0.0567032 0.0503889 0.0439343 0.0375204 0.0312827 0.0253398 0.0198148 0.0148422 0.0105567 0.0070643 0.00440671
 0.00789336 0.012887 0.0195141 0.0277449 0.0373134 0.0475621 0.0574136 0.0656374 0.0712939 0.074029 0.0740315 0.0717824 0.0678295 0.0626818 0.0567753 0.0504606 0.0439997 0.0375799 0.0313392 0.0253945 0.0198655 0.0148849 0.0105879 0.00708323 0.00441538
 0.00785686 0.0128282 0.0194265 0.0276231 0.0371538 0.0473653 0.0571867 0.0653952 0.0710588 0.0738275 0.0738896 0.0717201 0.0678558 0.0627915 0.0569506 0.0506757 0.0442281 0.0378005 0.0315387 0.0255665 0.0200075 0.0149964 0.0106698 0.00713842 0.00444885
 0.00786828 0.0128379 0.0194247 0.0275952 0.0370847 0.0472448 0.0570151 0.0651843 0.0708291 0.0736029 0.0736933 0.0715728 0.0677739 0.0627849 0.0570199 0.0508108 0.0444098 0.0380051 0.0317433 0.0257537 0.0201668 0.015123 0.0107637 0.00720282 0.00448924
 0.00785363 0.0128173 0.0193993 0.0275667 0.0370526 0.0472045 0.0569566 0.0650957 0.0707026 0.0734416 0.0735129 0.0713979 0.0676315 0.0626971 0.0569996 0.0508603 0.044521 0.0381612 0.0319228 0.0259347 0.0203313 0.0152596 0.0108679 0.00727581 0.00453598
 0.00782924 0.0127764 0.0193357 0.0274749 0.0369305 0.047056 0.0567931 0.0649339 0.0705582 0.0733235 0.0734218 0.0713302 0.0675858 0.062678 0.0570162 0.0509212 0.0446293 0.0383115 0.0321014 0.026123 0.0205103 0.0154142 0.0109896 0.00736315 0.00459305
 0.00780115 0.012731 0.0192679 0.0273801 0.0368056 0.0469009 0.0566127 0.0647398 0.0703677 0.0731564 0.0732954 0.0712552 0.0675635 0.0627031 0.0570811 0.0510202 0.044759 0.0384685 0.0322791 0.0263098 0.0206912 0.0155748 0.0111197 0.00745901 0.00465712
 0.00775315 0.012655 0.0191576 0.0272314 0.0366179 0.0466784 0.0563665 0.0644872 0.0701303 0.0729557 0.0731494 0.0711757 0.0675558 0.0627647 0.0572031 0.0511892 0.0449607 0.0386899 0.0325087 0.0265362 0.0209026 0.0157595 0.0112692 0.00757003 0.00473218
 0.00772023 0.0125955 0.0190573 0.0270744 0.0363916 0.0463807 0.0560119 0.064107 0.0697659 0.0726475 0.0729282 0.0710585 0.0675462 0.0628558 0.0573802 0.0514327 0.0452488 0.0390006 0.032822 0.0268349 0.0211721 0.0159889 0.0114517 0.0077044 0.00482289
 0.00932278 0.014841 0.0217716 0.0298722 0.0387865 0.0479628 0.0565895 0.0637363 0.0686748 0.0711207 0.0712202 0.0693562 0.065969 0.0614691 0.0562107 0.0504815 0.0445008 0.0384326 0.0324072 0.0265458 0.0209823 0.0158734 0.0113882 0.00767401 0.00481104
 0.00931305 0.0151208 0.0227138 0.0319385 0.0423271 0.0529446 0.0624232 0.069371 0.0729686 0.073289 0.071094 0.0673289 0.0627241 0.057689 0.0524061 0.046958 0.0414044 0.035811 0.0302564 0.0248366 0.0196724 0.0149122 0.0107186 0.00723536 0.00454329
 0.00895939 0.0145658 0.0219376 0.0309935 0.0413913 0.0523575 0.0626448 0.0708184 0.0757672 0.077087 0.0751049 0.0706289 0.0646361 0.058018 0.0514117 0.0451388 0.0392628 0.0337146 0.0284114 0.0233251 0.018502 0.0140521 0.0101207 0.00684482 0.00430561
 0.00880336 0.0142991 0.021513 0.0303619 0.0405212 0.0512684 0.0614503 0.0697541 0.0751708 0.0773047 0.076335 0.0727754 0.0672761 0.0605387 0.0532583 0.0460276 0.0392386 0.0330497 0.0274415 0.0223231 0.0176305 0.0133755 0.00963997 0.00652919 0.00411401
 0.00872864 0.0141757 0.0213226 0.0300832 0.0401304 0.050744 0.0607828 0.068964 0.0743313 0.0765586 0.0758874 0.0728407 0.0679816 0.0618305 0.0548772 0.0475944 0.04041 0.0336527 0.0275081 0.0220247 0.0171722 0.0129169 0.00926726 0.00626638 0.00394871
 0.0087184 0.0141499 0.0212666 0.0299775 0.0399541 0.050481 0.0604274 0.0685224 0.0738211 0.0760123 0.0753618 0.0724275 0.067801 0.0619943 0.0554283 0.0484572 0.0413965 0.0345332 0.028109 0.0222914 0.0171641 0.0127512 0.00905601 0.00608105 0.00381667
 0.00868579 0.014102 0.0212032 0.0298999 0.0398626 0.0503714 0.0602893 0.0683423 0.0735883 0.0757254 0.0750347 0.0720926 0.0675116 0.061821 0.055443 0.0487023 0.0418523 0.0351084 0.0286707 0.0227211 0.0174056 0.0128208 0.00901482 0.00599622 0.00373462
 0.00867328 0.014078 0.0211608 0.0298314 0.0397626 0.0502403 0.0601358 0.0681802 0.0734304 0.0755766 0.0748911 0.0719475 0.0673663 0.0616934 0.0553691 0.0487256 0.0420032 0.0353822 0.0290195 0.0230695 0.0176831 0.0129913 0.00908434 0.00599804 0.0037065
 0.00867731 0.0140852 0.0211725 0.0298481 0.0397825 0.0502578 0.0601416 0.0681635 0.0733831 0.0754974 0.0747852 0.0718235 0.0672327 0.0615593 0.0552478 0.0486383 0.0419753 0.0354321 0.0291448 0.0232425 0.0178605 0.0131334 0.00917165 0.00603424 0.00370936
 0.0086468 0.0140419 0.021119 0.029791 0.0397306 0.0502194 0.060121 0.0681601 0.073391 0.0755072 0.0747867 0.0718093 0.0672002 0.0615115 0.0551926 0.0485877 0.0419447 0.0354367 0.0291932 0.0233305 0.01797 0.0132393 0.00925367 0.00608431 0.0037317
 0.00864794 0.014039 0.0211063 0.0297612 0.0396782 0.0501449 0.0600336 0.0680762 0.0733282 0.0754765 0.0747883 0.0718333 0.067232 0.0615377 0.0552061 0.0485894 0.0419422 0.0354413 0.0292157 0.0233754 0.018033 0.0133088 0.00931593 0.00612995 0.00375875
 0.00865265 0.0140452 0.0211125 0.0297645 0.0396738 0.0501271 0.059997 0.0680184 0.0732525 0.0753934 0.0747132 0.0717807 0.0672095 0.0615436 0.0552309 0.0486217 0.0419743 0.0354719 0.0292481 0.0234141 0.0180793 0.0133592 0.00936349 0.0061683 0.00378484
 0.00862129 0.0140017 0.0210608 0.0297126 0.0396313 0.0501006 0.0599871 0.0680193 0.0732549 0.0753884 0.074697 0.0717563 0.0671851 0.0615287 0.0552321 0.0486396 0.0420046 0.0355087 0.0292874 0.0234544 0.0181204 0.0133998 0.009401 0.00619935 0.00380737
 0.00863596 0.0140191 0.0210755 0.0297166 0.0396175 0.0500677 0.0599421 0.0679755 0.0732253 0.0753794 0.0747044 0.0717692 0.0671928 0.0615263 0.0552217 0.0486277 0.0419976 0.0355099 0.0292969 0.0234705 0.0181409 0.0134225 0.00942339 0.00621905 0.00382263
 0.00863372 0.0140201 0.0210852 0.0297415 0.0396619 0.0501294 0.0600106 0.0680346 0.0732604 0.0753841 0.0746834 0.0717333 0.067152 0.0614857 0.0551817 0.0485882 0.04196 0.0354775 0.0292727 0.0234561 0.0181357 0.0134246 0.00942996 0.0062273 0.00383032
 0.00863372 0.0140201 0.0210852 0.0297415 0.0396619 0.0501294 0.0600106 0.0680346 0.0732604 0.0753841 0.0746834 0.0717333 0.067152 0.0614857 0.0551817 0.0485882 0.04196 0.0354775 0.0292727 0.0234561 0.0181357 0.0134246 0.00942996 0.0062273 0.00383032
 0.00903501 0.0146496 0.0219871 0.0309348 0.0411285 0.0518005 0.0617568 0.0696727 0.074587 0.0762268 0.0749449 0.0714099 0.0663244 0.060289 0.0537713 0.0471088 0.0405277 0.0341732 0.0281451 0.0225273 0.0174076 0.0128833 0.00905075 0.00597876 0.0036791
 0.00899931 0.0146407 0.0220643 0.0311822 0.0416322 0.0526123 0.0628613 0.0709777 0.0759428 0.0774612 0.0758997 0.0719693 0.0664316 0.0599538 0.0530639 0.0461415 0.0394287 0.0330616 0.0271138 0.0216367 0.0166868 0.0123358 0.00866133 0.00572072 0.00352078
 0.00899521 0.0146187 0.0220066 0.0310731 0.0414746 0.052447 0.0627742 0.0710796 0.0763229 0.0781374 0.076796 0.0729338 0.0672869 0.0605511 0.0533198 0.0460489 0.0390452 0.0324845 0.0264514 0.020984 0.0161111 0.0118731 0.00831986 0.00548888 0.00337622
 0.00870936 0.0141673 0.0213532 0.0301964 0.0403773 0.0511691 0.0614074 0.0697727 0.0752653 0.0775198 0.0767569 0.073512 0.0683991 0.0620093 0.0548842 0.0474955 0.0402198 0.0333247 0.0269752 0.0212592 0.0162211 0.0118919 0.00829991 0.00546051 0.00335277
 0.00869728 0.0141084 0.0211927 0.0298609 0.0397957 0.0503044 0.0602852 0.0684885 0.0739674 0.0763778 0.0759314 0.0731299 0.0685301 0.0626442 0.0559254 0.0487736 0.0415369 0.0345079 0.0279168 0.0219279 0.0166464 0.0121344 0.0084238 0.00551714 0.00337591
 0.0086273 0.0139987 0.021033 0.0296383 0.0394901 0.0498857 0.0597176 0.067747 0.0730613 0.0753699 0.07494 0.0723066 0.0680223 0.0625552 0.0562855 0.0495299 0.042564 0.0356403 0.0289935 0.0228324 0.0173259 0.0125946 0.00870672 0.00567609 0.00345809
 0.00882782 0.0143089 0.0214691 0.0302009 0.0401593 0.0506155 0.0604308 0.068337 0.073408 0.0753706 0.0745437 0.0715413 0.0669992 0.0614465 0.0552792 0.0487769 0.0421383 0.0355276 0.0291102 0.0230652 0.0175738 0.0127947 0.00883831 0.00574755 0.00348959
 0.00895519 0.0145347 0.0218417 0.030772 0.0409659 0.0516534 0.0616332 0.0695734 0.0745097 0.0761712 0.0749168 0.0714235 0.0664012 0.0604539 0.0540409 0.0474764 0.0409508 0.0345768 0.0284441 0.0226597 0.0173605 0.0126961 0.00879396 0.00572315 0.00347166
 0.0090813 0.0147502 0.0221856 0.031288 0.0416927 0.0526095 0.0627988 0.0708788 0.075837 0.0773698 0.075829 0.0719147 0.0663892 0.0599291 0.0530724 0.0462001 0.0395419 0.0332114 0.0272602 0.0217322 0.0166982 0.01226 0.00852483 0.00556445 0.00338092
 0.00897753 0.0145942 0.0219766 0.0310389 0.0414344 0.0523923 0.0626904 0.0709531 0.0761523 0.0779416 0.0766109 0.0727992 0.0672297 0.0605777 0.0534198 0.0462051 0.0392404 0.0327004 0.0266648 0.0211665 0.0162366 0.0119289 0.00831282 0.00544125 0.0033147
 0.00880422 0.0143072 0.0215371 0.0304138 0.0406109 0.0513989 0.0616127 0.0699322 0.0753567 0.077523 0.0766617 0.0733261 0.0681509 0.0617406 0.0546371 0.0473003 0.0400897 0.0332569 0.0269553 0.0212656 0.0162309 0.0118876 0.00827496 0.00541935 0.00330639
#pred catch len freq
 0.00505902 0.00796879 0.0115502 0.0156806 0.0202732 0.0252623 0.0305282 0.0358595 0.0409975 0.0457097 0.0498317 0.0532746 0.0560167 0.058082 0.0595011 0.0602716 0.0603409 0.0596131 0.0579616 0.0552303 0.0512424 0.0458606 0.0391227 0.0313894 0.0233722
 0.00527928 0.00823079 0.0117715 0.0157372 0.0200476 0.0247111 0.0297268 0.0349841 0.040245 0.0452012 0.0495584 0.0531156 0.0558136 0.0577276 0.0590001 0.0597491 0.0599963 0.0596354 0.0584411 0.0561106 0.052339 0.0469388 0.0399928 0.0319673 0.0236797
 0.00566369 0.00881458 0.0125666 0.0167097 0.021106 0.0257043 0.0304619 0.0352783 0.0400017 0.0444692 0.0485229 0.0520099 0.0548068 0.0568645 0.0582305 0.0590162 0.0593141 0.0591013 0.0581795 0.0561888 0.0527148 0.047474 0.0405208 0.0323673 0.0239128
 0.00597169 0.00930639 0.0132904 0.0177041 0.022391 0.0272638 0.0322188 0.0370745 0.0416045 0.0456178 0.0490086 0.0517565 0.0539021 0.0555154 0.056668 0.0574153 0.0577765 0.0576939 0.0569721 0.0552508 0.0520778 0.047104 0.0403305 0.0322604 0.0238253
 0.00629001 0.00979844 0.0139861 0.0186212 0.0235414 0.0286591 0.0338644 0.0389492 0.0436314 0.0476413 0.0507955 0.0530372 0.0544474 0.0552179 0.0555817 0.0557284 0.0557375 0.0555387 0.0548883 0.0533741 0.0504949 0.0458501 0.0393901 0.0315836 0.023352
 0.00666167 0.0103706 0.0147886 0.0196635 0.0248167 0.0301505 0.0355476 0.0407905 0.045584 0.0496377 0.0527335 0.0547645 0.055762 0.0559015 0.0554643 0.0547544 0.0539963 0.0532402 0.0523016 0.0507624 0.0480721 0.0437607 0.0377063 0.0303133 0.0224556
 0.00708618 0.0110215 0.015696 0.0208323 0.0262317 0.0317833 0.0373587 0.0427265 0.0475768 0.0516085 0.054598 0.0564314 0.0571235 0.0568241 0.0557947 0.0543528 0.0527899 0.0512711 0.0497383 0.0478672 0.0451389 0.0410522 0.0354094 0.0285198 0.0211673
 0.00751269 0.0116811 0.0166267 0.0220491 0.0277282 0.0335343 0.039318 0.044823 0.0497169 0.0536863 0.0565085 0.0580793 0.0584247 0.0576987 0.0561563 0.0541053 0.0518449 0.049588 0.0473705 0.0449856 0.042013 0.0379912 0.0326883 0.0263196 0.01955
 0.00797319 0.0123865 0.017609 0.0233134 0.0292586 0.0353023 0.0412835 0.0469282 0.0518799 0.055803 0.0584617 0.0597534 0.0597191 0.0585343 0.0564717 0.053846 0.050958 0.0480351 0.0451624 0.0422226 0.0389033 0.0348247 0.0297686 0.0238847 0.0177167
