SBPRF35
7.78865
Curr Bio
667839
B35
684069
F35
0.227591
FOFL
0.22725
OFL
116199
Bzero
2.22533e+006
#pred survey bio
 4.45111e+006 4.19664e+006 3.95644e+006 3.67742e+006 3.36481e+006 3.08089e+006 2.76481e+006 2.45909e+006 2.18686e+006 1.9294e+006 1.70341e+006 1.49774e+006 1.32327e+006 1.18879e+006 1.05589e+006 920166 821085 764055 695009 659921 621927 600015 596249 585174 578468 571597 578217 577189 570230 571824 562196 554907 549497 536791 529420 515057 496245 490767 485952 495922 504424 517306 524586 526825 531965 545853 548935 556346 557544 556416 558674 508573 458060 446314 457491 488408 521537 553706 586095 602412 635175 666615 2.38588e+007 1.4599e+007 1.49165e+007 1.53117e+007 1.57294e+007 1.61162e+007 1.64466e+007 1.67144e+007 1.69241e+007 1.70847e+007 1.72062e+007 1.72973e+007 1.73655e+007 1.74165e+007 1.74547e+007 1.74834e+007 1.75051e+007 1.75215e+007 1.75339e+007 1.75434e+007 1.75507e+007 1.75562e+007 1.75605e+007 1.75638e+007 1.75663e+007 1.75682e+007 1.75697e+007 1.75708e+007 1.75717e+007 1.75724e+007 1.7573e+007 1.75734e+007 1.75737e+007 1.75739e+007 1.75741e+007 1.75743e+007 1.75744e+007 1.75745e+007 1.75745e+007 1.75746e+007 1.75746e+007 1.75747e+007 1.75747e+007 1.75747e+007 1.75747e+007 1.75747e+007 1.75747e+007 1.75747e+007 1.75747e+007 1.75748e+007 1.75748e+007 1.75748e+007 1.75748e+007 1.75748e+007 1.75748e+007 1.75748e+007 1.75748e+007 1.75748e+007 1.75748e+007 1.75748e+007 1.75748e+007 1.75748e+007 1.75748e+007 1.75748e+007 1.75748e+007 1.75748e+007 1.75748e+007 1.75748e+007 1.75748e+007 1.75748e+007 1.75748e+007 1.75748e+007 1.75748e+007 1.75748e+007 1.75748e+007 1.75748e+007 1.75748e+007 1.75748e+007 1.75748e+007 1.75748e+007 1.75748e+007 1.75748e+007 1.75748e+007 1.75748e+007 1.75748e+007 1.75748e+007 1.75748e+007 1.75748e+007 1.75748e+007 1.75748e+007 1.75748e+007 1.75748e+007 1.75748e+007 1.75748e+007 1.75748e+007 1.75748e+007 1.75748e+007 1.75748e+007 1.75748e+007 1.75748e+007 0 0 0 0 0 0 0 0 0 0 0 0 0 0 0 0 0 0 0 0 0 0 0 0 0
#obs survey bio
 3.13199e+006 3.13629e+006 3.04369e+006 4.25754e+006 2.03539e+006 3.52014e+006 2.35318e+006 1.75403e+006 2.96142e+006 2.08562e+006 1.23182e+006 1.39941e+006 901321 1.0911e+006 1.1139e+006 804552 747936 848558 644054 737876 483148 392267 639077 614314 337349 495437 564558 653673 961595 582158 520477 654086 515251 898305 470616 424248 535263 516588 569516 442198 303566 426428 486857 475499 464194 600014 544777 624140 863199 498767 665367 575238 466027 409832 479041 507739 397762 651880 520716 671810 619872 693276
#pred catch bio
 95951.2 96759.4 154498 213520 219116 281219 304121 302383 312212 302392 298674 281527 253013 253767 253585 216986 176204 181128 147393 146366 130200 113492 117826 112082 110563 97955.1 102900 105041 94796.1 101682 97008.8 92800.6 95814.6 87482.8 90140.5 93072.8 85010.9 89109.5 79794.9 83467.5 81579.8 87031.3 90950.4 87800.1 79772.6 88184.5 84017 88574.4 89253.9 85832.3 129253 128067 96121.1 79381.9 65670.7 66852.3 71042.8 75076.7 93069.2 84415.9 91778 109874 116199 117965 119547 121636 124074 126365 128264 129725 130793 131547 132063 132410 132638 132787 132883 132945 132984 133008 133024 133034 133040 133044 133046 133047 133048 133049 133049 133049 133050 133050 133050 133050 133050 133050 133050 133050 133050 133050 133050 133050 133050 133050 133050 133050 133050 133050 133050 133050 133050 133050 133050 133050 133050 133050 133050 133050 133050 133050 133050 133050 133050 133050 133050 133050 133050 133050 133050 133050 133050 133050 133050 133050 133050 133050 133050 133050 133050 133050 133050 133050 133050 133050 133050 133050 133050 133050 133050 133050 133050 133050 133050 133050 133050 133050 133050 133050 133050 133050 133050 133050 0 0 0 0 0 0 0 0 0 0 0 0 0 0 0 0 0 0 0 0 0 0 0 0 0
#obs catch bio
 0 96561.1 155148 215064 220666 285051 309525 309246 319199 308877 305904 289053 260413 260705 261268 221888 179238 183488 149152 148175 132209 115605 119266 113386 112263 98848.6 103979 106127 94714.9 101895 97374 92970.2 96283.7 87328.1 89721.8 93308 84839 89436.8 79426.9 83222 81784.4 87117.2 90848.3 87793.4 79485.6 87513.1 83308.1 88180.3 88151.5 84409.6 127385 126213 95130.6 79121 65352.8 66747.5 71104.1 74866.4 93530.7 84494.8 91723.2 110000
#pred cpue bio
 4.36956e+006 4.11801e+006 3.87988e+006 3.60184e+006 3.29076e+006 3.00782e+006 2.69334e+006 2.38943e+006 2.11922e+006 1.8644e+006 1.64085e+006 1.43748e+006 1.26522e+006 1.13286e+006 1.00304e+006 871204 775349 720652 654442 620871 584369 563187 559825 549682 543555 537175 543941 543535 537587 539867 531017 524384 519705 508124 501859 488433 469444 462294 456319 465705 473876 486287 493546 495969 501231 515108 518397 525632 527067 526293 528464 479468 429557 417222 427766 457861 490007 520764 551351 566186 596798 626204 2.24145e+007 1.37289e+007 1.40224e+007 1.43827e+007 1.47868e+007 1.51704e+007 1.55001e+007 1.57678e+007 1.59775e+007 1.61382e+007 1.62596e+007 1.63507e+007 1.64189e+007 1.64699e+007 1.65081e+007 1.65368e+007 1.65585e+007 1.65749e+007 1.65873e+007 1.65968e+007 1.66041e+007 1.66096e+007 1.66139e+007 1.66172e+007 1.66197e+007 1.66216e+007 1.66231e+007 1.66243e+007 1.66251e+007 1.66258e+007 1.66264e+007 1.66268e+007 1.66271e+007 1.66273e+007 1.66275e+007 1.66277e+007 1.66278e+007 1.66279e+007 1.66279e+007 1.6628e+007 1.6628e+007 1.66281e+007 1.66281e+007 1.66281e+007 1.66281e+007 1.66281e+007 1.66281e+007 1.66282e+007 1.66282e+007 1.66282e+007 1.66282e+007 1.66282e+007 1.66282e+007 1.66282e+007 1.66282e+007 1.66282e+007 1.66282e+007 1.66282e+007 1.66282e+007 1.66282e+007 1.66282e+007 1.66282e+007 1.66282e+007 1.66282e+007 1.66282e+007 1.66282e+007 1.66282e+007 1.66282e+007 1.66282e+007 1.66282e+007 1.66282e+007 1.66282e+007 1.66282e+007 1.66282e+007 1.66282e+007 1.66282e+007 1.66282e+007 1.66282e+007 1.66282e+007 1.66282e+007 1.66282e+007 1.66282e+007 1.66282e+007 1.66282e+007 1.66282e+007 1.66282e+007 1.66282e+007 1.66282e+007 1.66282e+007 1.66282e+007 1.66282e+007 1.66282e+007 1.66282e+007 1.66282e+007 1.66282e+007 1.66282e+007 1.66282e+007 1.66282e+007 1.66282e+007 1.66282e+007 0 0 0 0 0 0 0 0 0 0 0 0 0 0 0 0 0 0 0 0 0 0 0 0 0
#obs cpue bio
 3.55954e+006 3.25304e+006 3.77972e+006 2.71046e+006 2.5169e+006 2.28882e+006 1.94794e+006 1.67148e+006 1.76326e+006 1.51438e+006 1.64415e+006 998057 977213 1.18352e+006 693649 929212 652981 859070 465215 524721 459232 433150 756219 413729 633765 622999 500325 454692 559626 489683 454031 471975 477564 432960 770112 379292 533911 339138 615433 533835 466713 707090 655802 517404 688279 861638 563356 401973 754590 766970 473147 478375 406717 351647 454520 372360 524294 564375 420075 492258 727862 611035
#pred surv len freq
 0.00467516 0.00755937 0.011325 0.0159524 0.0213556 0.0273166 0.0334416 0.039237 0.0442798 0.0483508 0.0514436 0.0536884 0.0552678 0.0563559 0.0570713 0.0574469 0.0574299 0.056903 0.0556999 0.0536014 0.050336 0.0456472 0.0394552 0.0320439 0.0241163
 0.00502478 0.00804143 0.011896 0.0165315 0.0218645 0.0277319 0.033822 0.0396939 0.0448995 0.049115 0.0522035 0.0542139 0.0553466 0.0558881 0.0561154 0.0562029 0.0561687 0.0558711 0.055036 0.0532982 0.050267 0.0456426 0.0393862 0.0318688 0.0238705
 0.00516872 0.00831542 0.012376 0.0172962 0.022958 0.0291169 0.0353582 0.0411731 0.0461312 0.0500074 0.0527767 0.0545339 0.0554363 0.0556911 0.0555416 0.0552161 0.054848 0.0544003 0.0536295 0.0521116 0.0493467 0.0449399 0.0388172 0.0313736 0.0234362
 0.00539849 0.0086656 0.0128644 0.017937 0.0237739 0.0301485 0.0366527 0.042746 0.0479185 0.0518451 0.0544357 0.0557987 0.0561745 0.0558678 0.0551804 0.0543576 0.0535472 0.0527549 0.051794 0.0502687 0.0476518 0.0434815 0.0376171 0.0304174 0.0227023
 0.0056711 0.00910304 0.013511 0.0188275 0.0249251 0.0315496 0.0382602 0.0444907 0.0497236 0.0536376 0.056137 0.0573017 0.0573367 0.0565378 0.0552436 0.0537692 0.0523366 0.0510151 0.0496706 0.0479472 0.0453321 0.0413409 0.0357806 0.0289471 0.0216044
 0.00589657 0.00946825 0.0140591 0.0196001 0.0259576 0.0328606 0.0398379 0.0462827 0.051638 0.0555581 0.0579437 0.0588867 0.0586059 0.0574009 0.0556074 0.0535476 0.0514777 0.0495297 0.0476487 0.0455541 0.0427844 0.0388681 0.03358 0.027149 0.0202571
 0.0061758 0.00991543 0.0147203 0.0205162 0.0271593 0.0343606 0.0416189 0.0482886 0.0537746 0.0577026 0.0599595 0.0606393 0.0599771 0.0582978 0.0559612 0.0533064 0.0506046 0.0480166 0.0455418 0.0429773 0.0399412 0.0360126 0.0309646 0.0249663 0.0186014
 0.00640671 0.0102978 0.0153091 0.0213684 0.0283242 0.0358639 0.0434446 0.0503708 0.0560041 0.0599443 0.0620715 0.0624861 0.0614392 0.0592775 0.0563853 0.0531249 0.0497882 0.0465603 0.0434806 0.0404099 0.0370463 0.0330375 0.0281795 0.0225988 0.0167807
 0.00662999 0.0106548 0.0158372 0.0221027 0.0292973 0.0371015 0.0449559 0.0521359 0.0579646 0.0620025 0.0640981 0.064337 0.0629756 0.0603822 0.0569701 0.0531298 0.0491777 0.0453243 0.0416455 0.0380584 0.0343355 0.030196 0.0254709 0.0202591 0.0149573
 0.00694963 0.0111547 0.016553 0.0230561 0.0304946 0.0385319 0.0465875 0.0539136 0.0598138 0.0638378 0.0658305 0.0658763 0.0642308 0.0612648 0.0574013 0.0530465 0.0485375 0.0441101 0.039875 0.0358014 0.0317306 0.0274516 0.0228354 0.0179631 0.0131525
 0.00726105 0.0116538 0.0172904 0.0240729 0.0318136 0.0401444 0.0484404 0.0559064 0.0618145 0.0657105 0.0674608 0.0671834 0.065165 0.0617973 0.0575114 0.052714 0.0477413 0.0428358 0.0381309 0.0336397 0.0292664 0.024866 0.0203508 0.0157914 0.0114376
 0.00755349 0.012126 0.0179956 0.0250596 0.0331175 0.0417752 0.0503639 0.0580342 0.0640083 0.0678021 0.0692813 0.0685921 0.0660711 0.0621666 0.0573574 0.0520755 0.0466609 0.0413488 0.0362721 0.0314635 0.026871 0.0224036 0.0180107 0.0137565 0.00983304
 0.00776455 0.0124742 0.0185297 0.0258299 0.0341683 0.0431306 0.0520116 0.0599143 0.0660148 0.0697954 0.0711055 0.0700954 0.067127 0.0626929 0.0573258 0.0515081 0.0456134 0.0398912 0.0344775 0.0294119 0.0246637 0.0201745 0.0159175 0.0119493 0.00841306
 0.00783229 0.0125989 0.0187456 0.0261813 0.034704 0.0438925 0.053021 0.0611615 0.0674543 0.0713472 0.0726612 0.0715289 0.06831 0.0635129 0.0577027 0.0514041 0.045035 0.0388825 0.0331095 0.0277755 0.0228689 0.01835 0.0142021 0.0104685 0.00724961
 0.00791693 0.0127453 0.0189832 0.0265454 0.0352312 0.0446119 0.053943 0.0622696 0.0687025 0.0726635 0.0739552 0.0727018 0.0692661 0.0641699 0.0579992 0.051305 0.0445343 0.0380047 0.0319087 0.026333 0.0212891 0.0167541 0.0127144 0.00919538 0.00625672
 0.00812873 0.0130792 0.0194665 0.0271981 0.0360636 0.0456212 0.0551072 0.0635415 0.0700104 0.0739188 0.0750649 0.0735815 0.0698509 0.0644209 0.057903 0.0508689 0.0437813 0.0369704 0.0306434 0.0249048 0.0197854 0.0152766 0.0113663 0.00806155 0.00538497
 0.00825295 0.0132785 0.0197618 0.0276071 0.0365985 0.0462837 0.0558837 0.0644011 0.0709083 0.0748029 0.0758815 0.0742782 0.0703787 0.064737 0.0579761 0.050683 0.0433372 0.0362862 0.0297538 0.0238625 0.018661 0.0141543 0.0103325 0.00718768 0.00471173
 0.00831152 0.0133555 0.0198449 0.0276762 0.0366344 0.0462816 0.0558622 0.0644011 0.0709805 0.0749901 0.0762033 0.0747246 0.0709106 0.0652935 0.0584843 0.051071 0.0435463 0.0362811 0.0295281 0.0234401 0.0180931 0.0135119 0.00969344 0.00662028 0.0042604
 0.00853144 0.0136988 0.0203331 0.0283148 0.0374066 0.0471421 0.056735 0.0651896 0.0715914 0.0753634 0.0763302 0.0746427 0.0706826 0.064981 0.0581298 0.0506908 0.043135 0.0358218 0.0290062 0.0228547 0.0174635 0.0128764 0.00909987 0.00611282 0.00386642
 0.00866432 0.01389 0.0205755 0.0285876 0.0376836 0.0474027 0.0569714 0.0654036 0.0717847 0.0755289 0.0764524 0.0747073 0.0706869 0.0649372 0.0580575 0.0506046 0.0430354 0.0356949 0.0288318 0.0226184 0.0171668 0.0125398 0.00875785 0.0058022 0.00361467
 0.00885609 0.0141905 0.0210051 0.0291531 0.0383718 0.0481744 0.0577587 0.0661182 0.0723396 0.0758639 0.0765483 0.0745829 0.070384 0.0645061 0.057549 0.0500656 0.0425037 0.0351936 0.0283682 0.0221888 0.0167657 0.012168 0.00842497 0.00552205 0.00339768
 0.00880532 0.0141317 0.0209606 0.0291593 0.03847 0.0483958 0.05811 0.0665744 0.0728477 0.0763544 0.0769529 0.0748505 0.0704922 0.0644622 0.0573823 0.0498152 0.0422075 0.034882 0.0280609 0.0218959 0.0164912 0.0119153 0.00819993 0.00533258 0.00325011
 0.00871254 0.0139704 0.0207013 0.0287744 0.0379489 0.0477635 0.057439 0.0659764 0.0724415 0.0762246 0.0771203 0.07527 0.071074 0.065104 0.0579964 0.0503436 0.0426236 0.0351833 0.0282587 0.022007 0.0165334 0.0119064 0.00815808 0.00527555 0.00319301
 0.00877558 0.0140585 0.0208055 0.0288734 0.03801 0.047748 0.0573122 0.0657221 0.0720771 0.0758084 0.0767403 0.0750152 0.071 0.0652129 0.0582415 0.0506535 0.0429299 0.0354389 0.0284424 0.0221178 0.0165827 0.0119102 0.0081332 0.00523737 0.00315364
 0.00875978 0.0140408 0.0207929 0.0288755 0.0380334 0.0477889 0.0573513 0.0657268 0.072012 0.0756517 0.0764994 0.0747311 0.0707382 0.0650404 0.058201 0.0507474 0.0431229 0.0356759 0.0286708 0.0223024 0.0167094 0.011982 0.00816268 0.00523995 0.00314311
 0.00873685 0.0140047 0.0207414 0.0288088 0.0379559 0.0477106 0.0572865 0.0656888 0.0720053 0.0756655 0.0765093 0.0747112 0.070677 0.064951 0.0581175 0.0507086 0.0431526 0.0357724 0.0288093 0.022449 0.0168353 0.0120723 0.00821614 0.00526445 0.00314951
 0.00854805 0.0137174 0.0203458 0.0283098 0.0373724 0.0470737 0.0566397 0.0650877 0.0715129 0.0753407 0.0763918 0.0748089 0.0709635 0.0653751 0.0586211 0.0512432 0.0436862 0.0362852 0.029285 0.0228696 0.0171839 0.0123389 0.00840212 0.00538171 0.00321577
 0.00834972 0.0134184 0.0199398 0.0278073 0.0367983 0.0464629 0.0560334 0.0645309 0.071051 0.0750133 0.0762276 0.074822 0.0711516 0.0657186 0.0590843 0.0517799 0.0442497 0.0368358 0.0297936 0.0233164 0.0175556 0.0126289 0.0086117 0.00552032 0.00329885
 0.00836768 0.0134186 0.0198876 0.0276553 0.0365019 0.0460032 0.055435 0.0638619 0.0704024 0.0744707 0.0758494 0.0746339 0.0711527 0.0658905 0.0593981 0.0521994 0.0447338 0.0373423 0.030284 0.0237601 0.0179319 0.0129273 0.0088315 0.00566948 0.00339124
 0.0083332 0.0133633 0.0198038 0.0275309 0.0363173 0.0457295 0.0550395 0.0633245 0.0697364 0.0737369 0.0751503 0.0740848 0.0708442 0.0658621 0.0596346 0.052646 0.0453171 0.037988 0.0309273 0.0243505 0.0184358 0.0133278 0.00912727 0.00587124 0.00351755
 0.0082771 0.013291 0.0197296 0.0274789 0.0363124 0.0457843 0.0551423 0.0634354 0.0697956 0.0736844 0.0749499 0.0737443 0.0704201 0.0654442 0.0593141 0.0524853 0.0453336 0.0381576 0.0312004 0.0246702 0.0187519 0.0136046 0.00934579 0.00602775 0.00361926
 0.00820934 0.01318 0.0195624 0.0272471 0.0360188 0.0454501 0.0548102 0.0631603 0.0696251 0.0736352 0.074998 0.0738362 0.0704997 0.065481 0.0593167 0.0524929 0.045393 0.0382987 0.0314233 0.0249485 0.0190459 0.0138763 0.00956928 0.00619281 0.00372909
 0.00800082 0.0128735 0.0191612 0.0267736 0.0355069 0.0449337 0.0543163 0.0627133 0.0692542 0.073378 0.0748918 0.0739003 0.0707212 0.0658155 0.0597061 0.0528897 0.045775 0.0386668 0.0317863 0.0253076 0.019389 0.0141829 0.00982071 0.0063802 0.00385535
 0.00789107 0.0126932 0.018888 0.0263902 0.0350101 0.0443448 0.0536874 0.0621191 0.068771 0.0730595 0.0747569 0.0739392 0.0709094 0.0661231 0.0600993 0.0533308 0.0462276 0.0391038 0.0321935 0.0256798 0.0197225 0.014471 0.0100554 0.00655687 0.00397652
 0.00802108 0.0128521 0.0190296 0.0264383 0.0348776 0.0439662 0.053049 0.0612721 0.0678217 0.0721431 0.0740048 0.0734487 0.0707246 0.0662323 0.0604488 0.0538455 0.0468305 0.0397282 0.0327897 0.0262162 0.0201819 0.0148463 0.010346 0.00676772 0.00411799
 0.00874194 0.0138997 0.0203724 0.0279585 0.036393 0.0452731 0.0539634 0.06166 0.0676214 0.0713833 0.0728071 0.0720034 0.0692429 0.0648948 0.0593707 0.0530683 0.0463359 0.0394629 0.0326892 0.0262208 0.0202448 0.0149338 0.0104356 0.00684559 0.00417754
 0.00945269 0.0150207 0.0219885 0.0301065 0.0390328 0.0482542 0.0570055 0.0643776 0.0696103 0.0723368 0.0726054 0.0707346 0.0671581 0.0623288 0.0566605 0.0504915 0.0440764 0.0376078 0.0312477 0.0251535 0.0194899 0.0144252 0.0101116 0.00665245 0.00407114
 0.0092568 0.0148244 0.0219196 0.0303613 0.0398264 0.0497375 0.0591853 0.0670807 0.0725058 0.0750062 0.0746369 0.071819 0.0671631 0.0613248 0.0548875 0.0482796 0.0417565 0.0354419 0.0293981 0.0236861 0.0183984 0.013661 0.00960818 0.00634183 0.00389285
 0.00910469 0.0145742 0.0215465 0.0298643 0.0392571 0.0492296 0.0589572 0.067385 0.0735262 0.0767479 0.0768774 0.0741579 0.0691488 0.0625985 0.0552808 0.0478371 0.0406872 0.0340324 0.0279238 0.0223507 0.0173134 0.0128561 0.00905813 0.00599451 0.00369038
 0.0090813 0.014508 0.0213941 0.0295671 0.0387565 0.048495 0.0580198 0.0663627 0.0726242 0.07622 0.076948 0.074926 0.0705214 0.0642981 0.0569369 0.0491188 0.0414099 0.0341917 0.0276552 0.0218498 0.0167597 0.0123694 0.00869148 0.00575035 0.00354457
 0.00896339 0.0143493 0.0212139 0.0293967 0.0386218 0.0483928 0.0579062 0.0661674 0.0722917 0.0757589 0.0764566 0.0745728 0.0704801 0.0646644 0.0576705 0.0500478 0.0423 0.0348433 0.0279748 0.0218629 0.01657 0.0120985 0.00843239 0.00555063 0.00341319
 0.00878697 0.0140752 0.0208272 0.0288983 0.0380337 0.0477626 0.0573036 0.0656681 0.0719494 0.0755825 0.0764143 0.074625 0.0706192 0.0649272 0.0581091 0.0506768 0.0430608 0.0356144 0.0286234 0.0223024 0.0167887 0.0121468 0.00838555 0.00547378 0.00334481
 0.00871361 0.0139551 0.020645 0.0286393 0.0376879 0.0473308 0.0568047 0.0651437 0.0714598 0.075193 0.0761753 0.0745563 0.070708 0.0651439 0.0584287 0.0510879 0.0435529 0.0361563 0.0291557 0.0227553 0.0171124 0.0123317 0.00845904 0.00548015 0.0033238
 0.00862986 0.0138338 0.0204894 0.0284601 0.0374981 0.0471378 0.0566065 0.0649313 0.0712266 0.0749453 0.075937 0.0743637 0.070598 0.0651403 0.0585365 0.0512964 0.0438427 0.0365021 0.029524 0.0231049 0.0174032 0.0125387 0.00858073 0.00553497 0.00333816
 0.00853573 0.0136822 0.020265 0.0281525 0.0371071 0.0466799 0.0561181 0.0644639 0.0708326 0.0746615 0.0757766 0.0743212 0.0706608 0.0652982 0.0587823 0.0516214 0.0442313 0.0369305 0.0299615 0.0235177 0.0177596 0.0128166 0.00877331 0.00565166 0.00339876
 0.00851383 0.0136244 0.0201369 0.0279091 0.0367045 0.0460947 0.0553658 0.0636059 0.0699667 0.0738995 0.075218 0.0740306 0.0706565 0.0655545 0.0592443 0.0522229 0.044909 0.03763 0.0306372 0.0241313 0.0182815 0.0132285 0.00907179 0.00584805 0.00351491
 0.0085465 0.0136828 0.0202323 0.0280491 0.0368833 0.0462825 0.0555051 0.063623 0.0698 0.0735305 0.0746872 0.0734282 0.070092 0.065122 0.0589986 0.052174 0.0450314 0.0378776 0.030958 0.0244763 0.0186096 0.0135097 0.00928985 0.00600038 0.00361025
 0.00833832 0.0133851 0.0198605 0.0276449 0.0365052 0.0459872 0.0553296 0.0635737 0.0698497 0.0736259 0.0747657 0.0734433 0.0700343 0.0650245 0.0589209 0.0521749 0.0451447 0.0381033 0.0312674 0.0248256 0.0189538 0.0138133 0.00953135 0.00617403 0.00372277
 0.00836205 0.0133908 0.0198108 0.027491 0.0362074 0.0455433 0.0547935 0.0630472 0.0694453 0.0734197 0.0747681 0.0736014 0.070263 0.0652467 0.0590967 0.0523078 0.0452676 0.0382528 0.0314632 0.0250629 0.019209 0.0140559 0.00973672 0.00632928 0.00382777
 0.00848304 0.0135711 0.020049 0.0277685 0.0364851 0.0457631 0.0548877 0.0629588 0.069157 0.0729738 0.0742599 0.0731427 0.0699349 0.0650711 0.0590432 0.0523251 0.0453156 0.0383169 0.0315476 0.0251745 0.0193449 0.0142018 0.0098736 0.00644177 0.00390912
 0.00853306 0.0136539 0.0201758 0.0279487 0.0367217 0.0460458 0.0551859 0.063221 0.0693195 0.0729803 0.0740851 0.0728085 0.0695085 0.0646417 0.0586873 0.0520817 0.0451831 0.0382703 0.031559 0.025224 0.0194197 0.0142905 0.00996355 0.00652108 0.00397021
 0.00909315 0.0145226 0.0214036 0.0295509 0.038672 0.0482686 0.0575463 0.065522 0.0713212 0.074441 0.0748119 0.0727008 0.0685834 0.0630339 0.0566189 0.049809 0.04294 0.0362289 0.0298184 0.0238216 0.0183497 0.0135204 0.0094442 0.00619557 0.00378202
 0.00948275 0.015166 0.0223888 0.0309603 0.0405586 0.0506205 0.0602537 0.0683705 0.0740236 0.0766955 0.0763602 0.0733682 0.0683011 0.0618467 0.0546792 0.0473517 0.0402399 0.0335501 0.0273724 0.0217436 0.0166981 0.0122905 0.00858783 0.00564074 0.00344961
 0.00937121 0.0150072 0.0221952 0.0307683 0.0404322 0.0506491 0.0605406 0.0690072 0.0750509 0.0780678 0.0779328 0.0749223 0.0695971 0.0626841 0.0549424 0.0470309 0.0394252 0.0324034 0.026084 0.0204884 0.0156032 0.0114224 0.00795806 0.00522178 0.00319431
 0.00922912 0.0147591 0.0217927 0.0301627 0.0395945 0.0496001 0.0593759 0.0678992 0.074217 0.0777125 0.0781844 0.0757879 0.0709504 0.0642938 0.0565333 0.0483576 0.040332 0.0328498 0.0261322 0.0202639 0.0152464 0.0110495 0.00764134 0.00498992 0.0030445
 0.00917527 0.0146386 0.0215496 0.0297221 0.0388787 0.0485569 0.0580108 0.0662975 0.0725477 0.0762078 0.077098 0.075335 0.0712442 0.0653028 0.0580808 0.0501693 0.0421139 0.0343664 0.0272558 0.0209806 0.0156265 0.0112006 0.00766664 0.00496435 0.00301013
 0.00922236 0.0146989 0.0216075 0.0297458 0.0388188 0.0483501 0.0575895 0.0656088 0.0715799 0.0750172 0.0758212 0.0741722 0.0704143 0.0649807 0.0583404 0.0509552 0.0432566 0.0356365 0.028436 0.0219245 0.0162815 0.0115933 0.00786661 0.00504725 0.00303482
 0.00929582 0.0148099 0.0217581 0.0299295 0.0390189 0.0485372 0.0577201 0.0656262 0.0714225 0.074636 0.0752024 0.0733588 0.0695139 0.0641507 0.0577476 0.0507219 0.0434161 0.0361207 0.0291034 0.0226145 0.0168689 0.0120176 0.0081288 0.00518514 0.00309534
 0.00929042 0.0148116 0.0217796 0.0299883 0.0391314 0.0487096 0.0579405 0.0658616 0.0716228 0.0747433 0.0751631 0.0731375 0.0691093 0.0636079 0.0571588 0.050207 0.0430854 0.0360345 0.0292495 0.0229178 0.0172267 0.0123414 0.00836996 0.00533645 0.00317575
 0.00943188 0.0150293 0.0220846 0.0303836 0.0396124 0.0492649 0.0585488 0.0664875 0.0722132 0.0752295 0.0754704 0.0732004 0.0688898 0.0631101 0.0564367 0.0493595 0.0422366 0.0353028 0.0287142 0.0225994 0.0170905 0.0123221 0.00840229 0.00537608 0.00320331
 0.00940264 0.0149889 0.0220372 0.0303381 0.0395811 0.0492605 0.0585831 0.0665702 0.0723514 0.0754248 0.0757121 0.0734604 0.0691216 0.0632593 0.0564589 0.0492404 0.0420021 0.0350123 0.0284393 0.0223962 0.0169817 0.0122955 0.0084259 0.00541675 0.00323948
 0.00901744 0.0144474 0.0213791 0.0296537 0.0389861 0.0488557 0.058421 0.0666476 0.0726249 0.0758349 0.0762019 0.0739818 0.069634 0.063725 0.056842 0.0495114 0.0421482 0.0350459 0.0283964 0.0223244 0.0169214 0.0122674 0.00842925 0.00543828 0.00326466
#obs surv len freq
 nan nan nan nan nan nan nan nan nan nan nan nan nan nan nan nan nan nan nan nan nan nan nan nan nan
 0.00448026 0.00733962 0.0111678 0.015983 0.0216834 0.0279596 0.0342749 0.0400077 0.0446889 0.0481544 0.0505138 0.0520112 0.0529048 0.0534184 0.0537336 0.0539892 0.0542683 0.0545614 0.0547004 0.0542923 0.0527303 0.0493621 0.0438112 0.0362904 0.027673
 0.00460813 0.00754949 0.011487 0.0164374 0.0222909 0.0287207 0.0351631 0.0409664 0.0456392 0.0490105 0.0511993 0.0524702 0.0531083 0.0533644 0.0534434 0.0534996 0.0536223 0.0538016 0.0538656 0.0534194 0.0518577 0.0485325 0.0430689 0.0356729 0.0272011
 0.00477931 0.00782688 0.0119029 0.0170215 0.023065 0.0296896 0.036305 0.0422277 0.046939 0.0502524 0.0522851 0.0533123 0.0536387 0.0535427 0.0532602 0.0529752 0.0528006 0.0527411 0.0526319 0.0520822 0.0504916 0.0472175 0.0418842 0.0346838 0.0264437
 0.00496759 0.00813772 0.0123794 0.0177061 0.0239909 0.0308665 0.0377057 0.0437839 0.048552 0.0518115 0.0536846 0.054459 0.0544547 0.053967 0.0532535 0.0525254 0.051926 0.0514896 0.0510777 0.0503218 0.04864 0.0454015 0.0402296 0.0332933 0.0253751
 0.00518294 0.00848815 0.0129078 0.0184536 0.0249901 0.0321305 0.039215 0.0454801 0.0503422 0.0535835 0.0553225 0.0558552 0.0555167 0.0546205 0.0534433 0.0522173 0.0511112 0.0501907 0.0493555 0.0482785 0.0464176 0.0431706 0.0381651 0.0315411 0.0240203
 0.00540726 0.00885775 0.013473 0.0192642 0.0260853 0.0335234 0.0408773 0.0473378 0.0522879 0.0554974 0.0570906 0.0573775 0.056707 0.0554045 0.0537586 0.0520153 0.0503622 0.048893 0.0475478 0.0460532 0.0439258 0.0406123 0.0357579 0.029474 0.0224092
 0.00565475 0.00926017 0.0140791 0.0201202 0.0272272 0.0349642 0.0425929 0.0492602 0.0543123 0.0575005 0.05895 0.0589844 0.0579716 0.0562554 0.0541385 0.0518771 0.0496694 0.0476279 0.0457286 0.0437542 0.0412929 0.0378571 0.0331252 0.027186 0.02061
 0.00590391 0.00967072 0.014707 0.0210204 0.0284422 0.0365065 0.0444278 0.0513014 0.0564366 0.059573 0.0608466 0.0606022 0.0592293 0.0570894 0.0544987 0.0517227 0.0489668 0.0463563 0.0438952 0.0414187 0.0385887 0.0349939 0.0303585 0.0247581 0.0186855
 0.00614149 0.0100616 0.0153041 0.0218765 0.0296008 0.0379858 0.0462038 0.0533006 0.058544 0.0616535 0.0627665 0.0622453 0.0605045 0.0579313 0.0548626 0.0515767 0.0482861 0.0451243 0.0421169 0.0391443 0.0359384 0.0321659 0.0276034 0.0223212 0.0167402
 0.00638434 0.010458 0.0159039 0.0227274 0.0307397 0.0394249 0.0479164 0.0552147 0.0605525 0.0636327 0.0645951 0.0638159 0.0617283 0.0587401 0.0552082 0.0514271 0.0476206 0.0439328 0.0404081 0.0369655 0.0333995 0.0294501 0.0249471 0.0199605 0.0148465
 0.006633 0.0108633 0.0165156 0.023592 0.031891 0.0408696 0.0496191 0.0570944 0.0624941 0.0655106 0.066294 0.0652414 0.0628088 0.0594235 0.0554575 0.0512167 0.0469335 0.0427616 0.0387632 0.0348923 0.0309994 0.0268905 0.0224446 0.0177339 0.0130564
 0.00683379 0.0112014 0.0170459 0.0243719 0.0329678 0.0422599 0.0512896 0.0589567 0.0644201 0.0673598 0.0679399 0.0665857 0.0637848 0.0599921 0.0555995 0.0509247 0.0462057 0.041601 0.037185 0.0329406 0.0287662 0.0245257 0.0201418 0.0156884 0.0114122
 0.00706229 0.0115683 0.0175899 0.0251278 0.0339615 0.0435006 0.0527586 0.0605991 0.0661463 0.0690563 0.0694859 0.06787 0.0647203 0.0605237 0.0557038 0.0506018 0.0454691 0.0404703 0.0356883 0.0311267 0.0267212 0.0223825 0.0180689 0.013855 0.00994194
 0.00728917 0.0119422 0.0181612 0.0259439 0.0350542 0.0448683 0.0543507 0.0623164 0.0678608 0.0706423 0.0708417 0.0689245 0.0654265 0.0608523 0.0556408 0.050148 0.0446393 0.0392906 0.0341966 0.0293782 0.0248002 0.0204084 0.0161868 0.0122071 0.00862969
 0.00744091 0.0121967 0.018559 0.0265281 0.0358626 0.0459191 0.0556273 0.0637597 0.0693746 0.07211 0.0721477 0.0699718 0.0661484 0.061214 0.0556338 0.0497815 0.0439322 0.0382701 0.0329 0.0278602 0.02314 0.0187127 0.0145804 0.0108084 0.00752086
 0.00753276 0.0123431 0.0187747 0.0268278 0.0362613 0.0464322 0.0562672 0.0645298 0.0702624 0.0730814 0.0731447 0.0709175 0.0669582 0.0618099 0.0559572 0.0497991 0.0436355 0.0376711 0.0320287 0.0267658 0.0218947 0.0174114 0.0133314 0.0097131 0.00664903
 0.00761429 0.0124691 0.0189522 0.0270591 0.0365448 0.0467633 0.0566398 0.0649385 0.0707051 0.0735597 0.0736606 0.0714637 0.0675088 0.0623173 0.0563589 0.0500307 0.0436457 0.0374318 0.0315402 0.0260576 0.0210246 0.0164611 0.0123952 0.00887907 0.00597891
 0.0076478 0.0125224 0.0190302 0.0271655 0.0366807 0.0469269 0.0568257 0.0651391 0.0709144 0.0737778 0.0738949 0.0717264 0.0678081 0.0626478 0.056694 0.0503237 0.0438384 0.0374695 0.0313874 0.0257093 0.0205105 0.0158416 0.0117482 0.00828173 0.005488
 0.00774526 0.0126683 0.0192264 0.0274052 0.0369507 0.0472101 0.0571042 0.0653952 0.071132 0.0739457 0.0740099 0.0717957 0.0678478 0.0626777 0.0567281 0.050361 0.0438586 0.0374369 0.0312632 0.0254679 0.0201525 0.015398 0.0112725 0.00783321 0.00511389
 0.00778409 0.0127325 0.0193244 0.0275439 0.0371323 0.047428 0.0573407 0.065624 0.071326 0.0740862 0.0740925 0.0718284 0.0678465 0.0626594 0.0567072 0.0503452 0.0438448 0.0374095 0.0311968 0.0253374 0.0199455 0.0151238 0.010962 0.00752788 0.00485105
 0.00779401 0.0127456 0.0193389 0.0275575 0.037144 0.0474407 0.0573619 0.0656629 0.0713889 0.0741717 0.0741911 0.0719267 0.0679334 0.0627304 0.0567643 0.0503928 0.0438849 0.0374372 0.0311998 0.0252995 0.0198546 0.0149802 0.0107816 0.00733792 0.0046793
 0.00784432 0.0128167 0.0194259 0.0276488 0.0372244 0.0474963 0.0573851 0.0656549 0.071359 0.0741345 0.0741616 0.0719155 0.0679431 0.0627566 0.0567985 0.0504275 0.0439148 0.0374578 0.0312049 0.0252804 0.0198034 0.0148949 0.0106699 0.00721575 0.00456529
 0.00786241 0.0128474 0.0194741 0.0277181 0.0373144 0.0475995 0.0574855 0.0657312 0.0713923 0.0741171 0.0741015 0.0718332 0.0678628 0.0626969 0.0567675 0.0504227 0.0439272 0.0374763 0.0312187 0.0252801 0.0197821 0.01485 0.0106053 0.00714111 0.00449283
 0.00789235 0.0128912 0.0195311 0.0277851 0.0373872 0.0476747 0.057561 0.0658044 0.0714579 0.0741653 0.0741208 0.0718159 0.0678106 0.0626215 0.0566863 0.0503515 0.0438747 0.0374425 0.031197 0.0252613 0.0197577 0.0148152 0.0105602 0.00709057 0.00444399
 0.00788016 0.0128728 0.0195058 0.0277533 0.0373495 0.0476324 0.0575159 0.0657603 0.0714203 0.0741413 0.0741161 0.0718318 0.0678425 0.0626615 0.0567274 0.0503908 0.0439131 0.0374818 0.0312366 0.025297 0.0197839 0.0148275 0.0105577 0.00707651 0.00442411
 0.00787529 0.0128594 0.019476 0.0276969 0.0372582 0.0475041 0.0573593 0.0655937 0.0712674 0.0740236 0.0740481 0.0718189 0.0678819 0.0627439 0.0568394 0.0505178 0.0440426 0.0376046 0.0313471 0.0253915 0.0198592 0.0148816 0.0105908 0.00709178 0.00442692
 0.00790033 0.012896 0.019523 0.0277494 0.0373074 0.0475381 0.0573649 0.0655601 0.0711906 0.0739105 0.0739158 0.0716906 0.0677796 0.0626818 0.0568213 0.0505387 0.0440916 0.0376694 0.0314165 0.0254569 0.0199148 0.0149239 0.0106189 0.0071071 0.00443267
 0.00788946 0.0128799 0.0195016 0.0277236 0.0372781 0.0475059 0.057329 0.0655183 0.0711401 0.0738492 0.073845 0.0716164 0.0677129 0.0626357 0.056807 0.050561 0.044148 0.0377508 0.0315102 0.0255505 0.0199983 0.0149914 0.010668 0.00713898 0.00445074
 0.00785086 0.0128166 0.0194059 0.027589 0.0371025 0.0472949 0.0570984 0.0652931 0.0709477 0.0737119 0.0737733 0.071609 0.0677603 0.0627262 0.0569305 0.0507103 0.0443167 0.0379311 0.0316921 0.0257225 0.0201497 0.0151146 0.0107604 0.00720223 0.00449
 0.00784779 0.0128053 0.019377 0.0275301 0.0370009 0.0471428 0.056898 0.0650587 0.0707038 0.0734877 0.073597 0.0715008 0.0677292 0.0627689 0.0570347 0.0508595 0.0444945 0.0381233 0.0318864 0.0259073 0.0203147 0.0152519 0.0108658 0.00727653 0.00453765
 0.00782072 0.0127646 0.0193215 0.0274598 0.0369156 0.0470404 0.0567744 0.0649099 0.0705307 0.0732998 0.0734129 0.0713454 0.0676265 0.0627357 0.0570758 0.0509677 0.044654 0.0383144 0.0320895 0.0261054 0.0204942 0.0154031 0.0109838 0.00736115 0.00459305
 0.00778517 0.0127064 0.0192338 0.0273369 0.0367555 0.0468476 0.0565616 0.0646962 0.070336 0.0731384 0.0732914 0.0712651 0.0675889 0.0627447 0.0571367 0.0510828 0.0448189 0.0385168 0.0323116 0.0263277 0.0206992 0.0155778 0.0111214 0.00746073 0.00465896
 0.00774426 0.0126378 0.0191268 0.0271809 0.036543 0.0465787 0.0562484 0.0643642 0.0700192 0.0728721 0.0731031 0.0711696 0.0675868 0.0628262 0.0572873 0.0512876 0.0450642 0.0387892 0.0325957 0.0266059 0.0209541 0.0157951 0.0112928 0.00758526 0.00474173
 0.00774898 0.0126383 0.0191139 0.0271412 0.0364615 0.0464436 0.0560561 0.0641216 0.0697441 0.0725905 0.0728451 0.0709645 0.0674574 0.0627846 0.0573331 0.0514103 0.0452473 0.0390138 0.0328426 0.0268564 0.0211902 0.0160016 0.0114595 0.00770874 0.0048252
 0.00931772 0.0148372 0.021774 0.0298875 0.0388207 0.0480178 0.0566599 0.0638096 0.0687346 0.0711529 0.0712165 0.0693176 0.0659045 0.0613928 0.0561373 0.0504223 0.0444617 0.0384136 0.0324041 0.0265525 0.0209928 0.0158836 0.011396 0.00767903 0.00481389
 0.00930877 0.015111 0.0226944 0.031905 0.0422773 0.0528819 0.0623577 0.0693175 0.0729407 0.0732925 0.0711237 0.0673717 0.0627654 0.0577192 0.0524233 0.0469666 0.0414116 0.0358227 0.0302749 0.0248605 0.0196982 0.0149361 0.010738 0.00724918 0.00455215
 0.00895903 0.0145658 0.0219386 0.0309957 0.0413939 0.0523578 0.0626387 0.0708022 0.0757405 0.0770546 0.0750756 0.0706111 0.0646332 0.0580274 0.0514263 0.0451522 0.0392723 0.0337215 0.0284186 0.0233348 0.0185143 0.0140655 0.0101331 0.00685468 0.00431246
 0.00878963 0.0142776 0.0214821 0.0303213 0.0404718 0.051213 0.0613937 0.069702 0.0751287 0.0772756 0.0763199 0.0727745 0.0672894 0.0605658 0.0532973 0.0460744 0.0392878 0.0330966 0.0274835 0.0223597 0.017662 0.0134021 0.00966134 0.0065452 0.00412495
 0.0087169 0.0141539 0.0212848 0.030023 0.0400428 0.0506289 0.0606475 0.0688234 0.0742043 0.0764626 0.0758339 0.0728332 0.0680161 0.0618986 0.0549684 0.0476984 0.0405177 0.0337565 0.0276026 0.0221064 0.0172397 0.0129704 0.00930749 0.00629489 0.00396749
 0.00867966 0.014092 0.0211886 0.0298813 0.0398435 0.05036 0.0602994 0.0683915 0.0736945 0.0759007 0.0752788 0.0723857 0.0678083 0.0620511 0.055527 0.0485849 0.0415386 0.0346764 0.0282429 0.022409 0.0172618 0.012828 0.00911306 0.0061208 0.00384243
 0.00868731 0.0141008 0.0211949 0.0298786 0.039823 0.0503116 0.0602128 0.0682569 0.0735031 0.0756473 0.0749673 0.0720383 0.067474 0.0618055 0.0554546 0.0487429 0.0419183 0.0351918 0.0287612 0.0228091 0.0174839 0.012885 0.00906376 0.00603078 0.00375716
 0.0086911 0.014108 0.0212075 0.0298983 0.0398498 0.0503421 0.0602388 0.068266 0.0734806 0.0755801 0.0748473 0.0718649 0.0672588 0.0615765 0.0552571 0.0486307 0.0419337 0.0353412 0.0290047 0.0230744 0.0176998 0.0130123 0.00910431 0.00601411 0.00371787
 0.0086722 0.0140809 0.0211733 0.0298607 0.0398144 0.0503145 0.0602233 0.0682639 0.0734892 0.0755915 0.0748498 0.0718458 0.0672087 0.0614947 0.0551557 0.0485352 0.041877 0.0353503 0.0290858 0.0232068 0.0178443 0.0131304 0.00917571 0.00604058 0.00371519
 0.00865108 0.0140447 0.0211159 0.0297764 0.0397003 0.0501746 0.0600706 0.0681189 0.0733746 0.0755247 0.0748361 0.0718781 0.0672702 0.0615655 0.0552203 0.048588 0.0419244 0.0354066 0.0291641 0.0233095 0.0179596 0.0132382 0.00925838 0.00609117 0.00373811
 0.00863927 0.0140265 0.0210903 0.0297423 0.0396565 0.050119 0.060001 0.0680352 0.0732809 0.0754309 0.0747568 0.0718271 0.0672554 0.0615857 0.0552658 0.0486462 0.0419856 0.0354681 0.0292289 0.0233812 0.0180371 0.0133142 0.00932298 0.00613749 0.00376535
 0.00863573 0.0140214 0.0210838 0.029735 0.0396489 0.0501111 0.0599918 0.0680223 0.073261 0.0754008 0.0747155 0.0717779 0.0672061 0.0615459 0.0552432 0.0486435 0.0420004 0.0354956 0.0292651 0.0234238 0.018084 0.0133618 0.0093661 0.00617141 0.00378806
 0.00864851 0.0140401 0.021108 0.0297631 0.0396783 0.0501391 0.0600161 0.0680409 0.0732717 0.0754012 0.0747029 0.0717506 0.0671647 0.0614943 0.0551887 0.0485943 0.0419633 0.0354741 0.0292591 0.0234309 0.0181008 0.0133842 0.00938961 0.0061921 0.00380347
 0.00863802 0.0140261 0.0210924 0.0297495 0.0396705 0.0501395 0.0600244 0.0680541 0.0732858 0.0754129 0.0747103 0.0717529 0.0671613 0.0614851 0.0551741 0.0485765 0.0419461 0.0354617 0.0292547 0.0234356 0.0181132 0.0134015 0.00940829 0.00620901 0.00381659
 0.00861375 0.0139886 0.02104 0.0296825 0.0395921 0.050056 0.0599451 0.0679902 0.0732468 0.0754037 0.0747295 0.071794 0.0672154 0.0615436 0.0552304 0.0486269 0.0419891 0.0354982 0.0292868 0.0234653 0.0181416 0.0134283 0.00943224 0.00622868 0.00383118
 0.00861375 0.0139886 0.02104 0.0296825 0.0395921 0.050056 0.0599451 0.0679902 0.0732468 0.0754037 0.0747295 0.071794 0.0672154 0.0615436 0.0552304 0.0486269 0.0419891 0.0354982 0.0292868 0.0234653 0.0181416 0.0134283 0.00943224 0.00622868 0.00383118
 0.0091424 0.0148167 0.0222241 0.0312438 0.0415013 0.0522157 0.0621788 0.070055 0.0748826 0.0764004 0.074982 0.0713173 0.0661238 0.0600099 0.0534449 0.0467644 0.04019 0.0338612 0.0278712 0.0222983 0.0172253 0.0127457 0.00895275 0.00591347 0.00363873
 0.00922802 0.0150137 0.0226253 0.0319664 0.0426513 0.0538342 0.0641955 0.0722797 0.0770444 0.0782159 0.0762202 0.0718419 0.0659076 0.0591276 0.0520477 0.0450443 0.038342 0.0320533 0.026228 0.0208964 0.016098 0.0118918 0.00834559 0.00551046 0.00339071
 0.00904705 0.014725 0.0222073 0.0314191 0.042016 0.0532125 0.0637507 0.0722023 0.0774809 0.0791938 0.0776144 0.0734067 0.0673575 0.0602249 0.0526594 0.0451552 0.0380325 0.0314586 0.0254953 0.0201526 0.0154325 0.0113525 0.00794551 0.00523781 0.00322019
 0.00882466 0.0143475 0.0216122 0.0305448 0.0408246 0.051724 0.0620747 0.070545 0.0761134 0.0783858 0.0775553 0.0741418 0.0687656 0.0620478 0.0545785 0.0468827 0.0393814 0.0323661 0.0260027 0.0203606 0.0154555 0.0112868 0.00785605 0.00515887 0.00316367
 0.00862951 0.0140088 0.0210632 0.0297116 0.0396445 0.050176 0.0602099 0.0685013 0.0741047 0.0766682 0.076382 0.0737134 0.0691793 0.0632613 0.0564061 0.0490368 0.0415483 0.0342875 0.027528 0.0214552 0.0161706 0.0117153 0.00809342 0.00528161 0.00322351
 0.00869362 0.0140857 0.0211261 0.0297122 0.0395178 0.049851 0.0596261 0.0676263 0.0729532 0.0753178 0.0749784 0.0724545 0.0682777 0.06289 0.0566458 0.0498443 0.0427635 0.0356812 0.0288722 0.0225846 0.0170115 0.0122757 0.00843019 0.00546538 0.00331522
 0.00867557 0.0140699 0.0211255 0.0297425 0.0395863 0.0499427 0.0596933 0.0675937 0.0727378 0.0748606 0.074272 0.0715592 0.0673191 0.0620364 0.0560674 0.0496635 0.0430134 0.0362922 0.0296965 0.0234493 0.0177747 0.0128601 0.00882436 0.00570175 0.00344211
 0.00861531 0.0139768 0.0209956 0.0295781 0.0393986 0.0497524 0.0595279 0.0674768 0.0726741 0.0748231 0.0742053 0.0714017 0.0670363 0.0616485 0.0556539 0.0493408 0.0428915 0.0364295 0.0300756 0.0239851 0.0183514 0.0133756 0.00922013 0.00596708 0.00359892
 0.00873057 0.0141591 0.0212595 0.0299308 0.0398355 0.0502519 0.0600484 0.0679613 0.0730615 0.0750633 0.0742658 0.0712664 0.0667021 0.0611289 0.0549899 0.0486083 0.0421937 0.0358703 0.0297245 0.0238536 0.0183942 0.0135163 0.00938436 0.00610588 0.00369404
 0.00860827 0.0139839 0.02104 0.0296918 0.039613 0.0500837 0.0599654 0.0679806 0.0731838 0.0752707 0.0745246 0.0715323 0.066928 0.0612738 0.0550281 0.0485383 0.042044 0.0356954 0.029587 0.0237998 0.0184357 0.0136298 0.00952753 0.00623935 0.00379523
 0.0086368 0.0140168 0.0210655 0.0296934 0.0395765 0.0500087 0.0598709 0.0679021 0.0731589 0.0753224 0.0746506 0.0717061 0.067109 0.0614198 0.0551053 0.048529 0.0419512 0.0355436 0.0294175 0.0236569 0.0183507 0.0136097 0.00955722 0.00629267 0.00384878
#pred catch len freq
 0.00346875 0.00554906 0.00821847 0.0114737 0.0153364 0.0198247 0.0248882 0.0303729 0.0360429 0.0416284 0.0468695 0.0515519 0.0555348 0.0587535 0.06119 0.0628339 0.0636566 0.0635998 0.0625616 0.0603698 0.0567746 0.0515239 0.0445507 0.0361883 0.0272376
 0.00374686 0.00593708 0.00868817 0.0119702 0.0158083 0.0202628 0.0253433 0.0309288 0.0367521 0.0424481 0.0476426 0.052053 0.0555605 0.0582122 0.0601496 0.0615083 0.0623357 0.0625488 0.061928 0.0601401 0.056802 0.0516136 0.0445543 0.0360564 0.0270091
 0.00389249 0.00619522 0.00911168 0.0126098 0.0166876 0.0213497 0.0265386 0.0320942 0.03777 0.0432725 0.0482943 0.0525582 0.0558819 0.0582363 0.0597488 0.0606348 0.0610804 0.0611217 0.060571 0.0590257 0.0559768 0.0510152 0.04408 0.035633 0.02662
 0.0041198 0.0065421 0.00959629 0.0132464 0.0174985 0.0223738 0.0278204 0.0336478 0.0395336 0.0450901 0.0499494 0.0538471 0.0566766 0.0584932 0.0594711 0.0598386 0.0598032 0.059459 0.0586905 0.0571303 0.0542388 0.0495289 0.042864 0.0346658 0.025875
 0.00436541 0.00693072 0.0101613 0.0140119 0.0184773 0.0235648 0.0292086 0.0352076 0.0412338 0.046888 0.0517699 0.0555589 0.058096 0.0594244 0.0597634 0.0594245 0.0587027 0.0577666 0.056563 0.0547712 0.0518674 0.0473382 0.0409864 0.0331642 0.0247538
 0.00461334 0.00732364 0.0107353 0.0147983 0.0195019 0.0248449 0.0307435 0.036967 0.0431524 0.0488706 0.0537048 0.0573311 0.0595898 0.0605182 0.0603285 0.0593428 0.0579005 0.0562481 0.0544268 0.0522032 0.0491123 0.0446538 0.0385936 0.031208 0.0232876
 0.00490076 0.00777655 0.0113919 0.0156891 0.0206506 0.0262668 0.0324386 0.0389092 0.0452803 0.0510852 0.0558753 0.0593095 0.06123 0.0616924 0.0609328 0.0592944 0.0571388 0.0547515 0.0522413 0.0494667 0.0460542 0.0415611 0.0357502 0.0288304 0.0214823
 0.00514374 0.00816874 0.0119783 0.0165135 0.0217524 0.0276737 0.0341544 0.0409033 0.0474831 0.0533912 0.058151 0.0614051 0.062994 0.0629868 0.0616441 0.0593384 0.0564615 0.0533335 0.0501149 0.0467411 0.0429317 0.0383224 0.0327021 0.0262312 0.0194798
 0.00539728 0.00856723 0.0125548 0.0172958 0.0227662 0.0289438 0.0356987 0.0427191 0.0495323 0.0555908 0.0603749 0.0634985 0.0647953 0.0643487 0.0624469 0.059494 0.0559129 0.0520582 0.048137 0.0441532 0.0399137 0.0351372 0.0296534 0.0235911 0.0174191
