SBPRF35
7.78865
Curr Bio
531802
B35
666862
F35
0.223857
FOFL
0.187034
OFL
80747.6
Bzero
2.22533e+006
#pred survey bio
 4.50781e+006 4.25191e+006 4.00471e+006 3.69726e+006 3.39163e+006 3.04965e+006 2.72318e+006 2.41448e+006 2.13557e+006 1.88891e+006 1.67212e+006 1.47962e+006 1.30136e+006 1.14376e+006 1.0333e+006 911064 816593 768245 719919 694643 656757 629629 613598 597054 593863 591941 582658 581720 566663 566261 568425 569968 570029 560244 555357 546603 542292 543280 542341 537455 538143 543760 551680 558125 553219 553054 558976 566626 564425 570451 580841 527112 513010 490162 505318 522457 551577 540812 534756 509936 508638 533256 1.97393e+007 1.21522e+007 1.25765e+007 1.32647e+007 1.40667e+007 1.48386e+007 1.55062e+007 1.6046e+007 1.64635e+007 1.67771e+007 1.70082e+007 1.71766e+007 1.72987e+007 1.73872e+007 1.74513e+007 1.74981e+007 1.75323e+007 1.75575e+007 1.75763e+007 1.75902e+007 1.76007e+007 1.76086e+007 1.76146e+007 1.76191e+007 1.76226e+007 1.76252e+007 1.76272e+007 1.76288e+007 1.763e+007 1.76309e+007 1.76316e+007 1.76322e+007 1.76326e+007 1.76329e+007 1.76332e+007 1.76333e+007 1.76335e+007 1.76336e+007 1.76337e+007 1.76338e+007 1.76338e+007 1.76339e+007 1.76339e+007 1.76339e+007 1.76339e+007 1.7634e+007 1.7634e+007 1.7634e+007 1.7634e+007 1.7634e+007 1.7634e+007 1.7634e+007 1.7634e+007 1.7634e+007 1.7634e+007 1.7634e+007 1.7634e+007 1.7634e+007 1.7634e+007 1.7634e+007 1.7634e+007 1.7634e+007 1.7634e+007 1.7634e+007 1.7634e+007 1.7634e+007 1.7634e+007 1.7634e+007 1.7634e+007 1.7634e+007 1.7634e+007 1.7634e+007 1.7634e+007 1.7634e+007 1.7634e+007 1.7634e+007 1.7634e+007 1.7634e+007 1.7634e+007 1.7634e+007 1.7634e+007 1.7634e+007 1.7634e+007 1.7634e+007 1.7634e+007 1.7634e+007 1.7634e+007 1.7634e+007 1.7634e+007 1.7634e+007 1.7634e+007 1.7634e+007 1.7634e+007 1.7634e+007 1.7634e+007 1.7634e+007 1.7634e+007 1.7634e+007 1.7634e+007 1.7634e+007 0 0 0 0 0 0 0 0 0 0 0 0 0 0 0 0 0 0 0 0 0 0 0 0 0
#obs survey bio
 2.79695e+006 3.51324e+006 2.91534e+006 3.46489e+006 2.76021e+006 2.43437e+006 2.32089e+006 2.42054e+006 2.3543e+006 1.5393e+006 1.54679e+006 1.02338e+006 1.16828e+006 1.17472e+006 883189 775293 668180 550233 701667 717268 836593 754737 423894 495310 428300 579886 673802 498682 570514 592810 625149 479728 456470 514147 756596 439785 842357 789389 485643 379935 381826 716967 574837 753998 581587 584740 610104 613883 617943 914566 579765 640490 424043 466247 525620 545154 691948 598156 523194 480044 488326 409264
#pred catch bio
 94202.8 97308.6 173222 197777 260700 277868 291846 292398 287200 280266 273781 271838 260495 223506 234579 208074 165730 162393 138622 144248 129779 117344 116580 104715 103046 107742 99033.7 109026 94576.1 91230.1 91328.5 92305.1 99309.6 92084.7 91252.5 85663 83496.7 88597 93888.5 89987 86149.5 84202 85460.7 94942.7 91043.3 86253 84859.7 92883.6 85825.9 82616.9 135797 101427 109812 78894.1 78324.9 68499.2 101061 96205.2 112876 95344.3 78111.4 77181 80747.6 97098 99374.1 103643 109299 114876 119633 123365 126134 128109 129475 130399 131014 131416 131677 131845 131952 132020 132063 132090 132107 132118 132124 132129 132131 132133 132134 132134 132135 132135 132135 132135 132135 132135 132135 132135 132135 132135 132135 132135 132135 132135 132135 132135 132135 132135 132135 132135 132135 132135 132135 132135 132135 132135 132135 132135 132135 132135 132135 132135 132135 132135 132135 132135 132135 132135 132135 132135 132135 132135 132135 132135 132135 132135 132135 132135 132135 132135 132135 132135 132135 132135 132135 132135 132135 132135 132135 132135 132135 132135 132135 132135 132135 132135 132135 132135 132135 132135 132135 132135 0 0 0 0 0 0 0 0 0 0 0 0 0 0 0 0 0 0 0 0 0 0 0 0 0
#obs catch bio
 0 97022.8 174458 198685 263635 281351 295731 297447 291883 286023 279966 278233 267408 228490 241642 214002 168531 165815 140116 146170 130274 117023 117643 105672 104355 108617 99505.1 109908 95267.8 91417.5 91571.8 92972.6 100437 93253.2 91747.1 85890.1 83317.4 87927.2 93177.9 89598.6 86018.4 83600.4 84883.2 94097.3 90628.3 86148.1 84466.5 92341 85308.6 81591.2 135038 100192 109675 78473.5 78428 68023.6 100687 95110.2 112104 94918.1 77860.4 77136.3
#pred cpue bio
 4.43215e+006 4.17971e+006 3.93468e+006 3.62847e+006 3.32463e+006 2.98488e+006 2.66051e+006 2.35381e+006 2.07677e+006 1.83185e+006 1.61675e+006 1.42621e+006 1.25018e+006 1.09483e+006 986034 866449 774571 727904 681570 657856 622080 596490 581003 564699 561588 560033 551437 550871 536586 536586 538967 540442 540519 531377 527622 520196 515717 515257 513365 508442 509200 514891 522830 529185 524310 523943 529744 537422 535384 541205 551309 498805 484302 461620 476314 493541 522482 512322 505952 480877 478536 501675 1.86044e+007 1.14729e+007 1.18269e+007 1.24225e+007 1.31924e+007 1.39575e+007 1.46238e+007 1.51634e+007 1.55809e+007 1.58944e+007 1.61255e+007 1.6294e+007 1.64161e+007 1.65045e+007 1.65687e+007 1.66155e+007 1.66497e+007 1.66749e+007 1.66936e+007 1.67076e+007 1.67181e+007 1.6726e+007 1.67319e+007 1.67365e+007 1.67399e+007 1.67426e+007 1.67446e+007 1.67462e+007 1.67474e+007 1.67483e+007 1.6749e+007 1.67495e+007 1.675e+007 1.67503e+007 1.67505e+007 1.67507e+007 1.67509e+007 1.6751e+007 1.67511e+007 1.67512e+007 1.67512e+007 1.67513e+007 1.67513e+007 1.67513e+007 1.67513e+007 1.67513e+007 1.67514e+007 1.67514e+007 1.67514e+007 1.67514e+007 1.67514e+007 1.67514e+007 1.67514e+007 1.67514e+007 1.67514e+007 1.67514e+007 1.67514e+007 1.67514e+007 1.67514e+007 1.67514e+007 1.67514e+007 1.67514e+007 1.67514e+007 1.67514e+007 1.67514e+007 1.67514e+007 1.67514e+007 1.67514e+007 1.67514e+007 1.67514e+007 1.67514e+007 1.67514e+007 1.67514e+007 1.67514e+007 1.67514e+007 1.67514e+007 1.67514e+007 1.67514e+007 1.67514e+007 1.67514e+007 1.67514e+007 1.67514e+007 1.67514e+007 1.67514e+007 1.67514e+007 1.67514e+007 1.67514e+007 1.67514e+007 1.67514e+007 1.67514e+007 1.67514e+007 1.67514e+007 1.67514e+007 1.67514e+007 1.67514e+007 1.67514e+007 1.67514e+007 1.67514e+007 1.67514e+007 1.67514e+007 0 0 0 0 0 0 0 0 0 0 0 0 0 0 0 0 0 0 0 0 0 0 0 0 0
#obs cpue bio
 3.5148e+006 3.89193e+006 3.18243e+006 2.79249e+006 2.85601e+006 2.76331e+006 3.17333e+006 1.4381e+006 1.90911e+006 1.35659e+006 1.26938e+006 1.70832e+006 943084 781927 749078 713675 944578 727059 802309 568839 707486 704414 387069 506681 511711 791930 447146 602371 392437 730546 449581 397940 518037 375488 653460 710350 492364 615261 647288 587798 602989 672454 516105 568588 372328 391801 657358 681924 501790 493809 553511 489247 444213 510567 356910 681565 544338 652688 505305 444964 438763 566870
#pred surv len freq
 0.00458083 0.00744832 0.0112349 0.0159414 0.0214833 0.0276152 0.0338947 0.0397808 0.0448275 0.0488255 0.0518008 0.0539188 0.055386 0.0563849 0.0570312 0.0573498 0.0572799 0.0566985 0.0554379 0.0532824 0.049969 0.0452524 0.0390631 0.0316882 0.0238245
 0.00494102 0.00793881 0.0118021 0.0164889 0.0219145 0.0278913 0.0340677 0.0399674 0.0451323 0.049259 0.0522491 0.0541869 0.0552895 0.0558398 0.0560983 0.0562194 0.0562051 0.055905 0.0550432 0.05326 0.0501752 0.0455025 0.0392158 0.0316932 0.0237137
 0.00506965 0.00819828 0.0122784 0.0172739 0.0230614 0.029359 0.0356932 0.0415045 0.04635 0.05004 0.0526142 0.0542296 0.0550782 0.0553676 0.0553163 0.0551164 0.0548666 0.0545056 0.0537777 0.0522595 0.0494611 0.045004 0.0388309 0.03135 0.023394
 0.00525255 0.00848192 0.0126852 0.0178296 0.0238061 0.0303521 0.0369963 0.0431371 0.0482362 0.0519867 0.0543522 0.0555062 0.0557427 0.0553948 0.0547645 0.0540729 0.0534295 0.0527993 0.0519635 0.0505088 0.0479069 0.0437077 0.0377897 0.0305313 0.0227664
 0.00544908 0.00879894 0.013157 0.0184854 0.0246641 0.0314135 0.0382429 0.0445376 0.0497567 0.0535891 0.0559726 0.0570267 0.0569888 0.0561758 0.0549363 0.053583 0.0523221 0.0511939 0.0500288 0.0484376 0.0458868 0.0418883 0.0362619 0.0293275 0.0218755
 0.00570058 0.00920298 0.0137566 0.0193183 0.0257572 0.032773 0.039842 0.0463105 0.0516062 0.0554066 0.057659 0.0584998 0.0581736 0.0569854 0.0552656 0.0533283 0.0514211 0.0496625 0.0479744 0.0460454 0.0433839 0.0394995 0.0341682 0.0276381 0.0206215
 0.00598903 0.00966155 0.014428 0.0202371 0.0269459 0.0342348 0.041551 0.0482046 0.0535902 0.0573644 0.05947 0.0600542 0.0593817 0.0577783 0.0555851 0.0531167 0.0506239 0.0482524 0.0459865 0.0436024 0.040692 0.0368111 0.0317247 0.0256156 0.0190988
 0.0062752 0.0101247 0.0151214 0.0212088 0.0282304 0.0358388 0.0434388 0.0502926 0.0557574 0.0594741 0.0613909 0.061673 0.0606082 0.0585454 0.0558457 0.0528361 0.0497744 0.0468184 0.0439873 0.0411224 0.0379007 0.0339497 0.0290563 0.0233579 0.0173713
 0.0065997 0.0106377 0.0158671 0.0222216 0.0295315 0.0374316 0.045298 0.0523556 0.0579232 0.0616139 0.0633648 0.0633485 0.0618759 0.0593271 0.056094 0.0525262 0.0488953 0.0453708 0.0419959 0.0386611 0.035116 0.0310618 0.0263229 0.0210098 0.0155501
 0.00688154 0.0110975 0.0165619 0.0232045 0.030841 0.0390742 0.0472326 0.0544888 0.0601246 0.0637419 0.0652882 0.0649565 0.0630789 0.0600565 0.0563022 0.0521865 0.0479985 0.043925 0.0400326 0.0362534 0.0323988 0.028237 0.0236325 0.0186791 0.0137257
 0.00712397 0.011492 0.0171573 0.0240488 0.0319752 0.0405204 0.0489776 0.0564731 0.0622417 0.0658515 0.0672378 0.0666041 0.064312 0.0608009 0.0565192 0.0518634 0.0471388 0.0425454 0.0381697 0.0339794 0.0298395 0.025577 0.0210936 0.0164703 0.0119874
 0.00738423 0.0119072 0.0177679 0.024889 0.0330693 0.0418755 0.0505744 0.0582584 0.0641303 0.0677347 0.068995 0.0681145 0.0654665 0.0615137 0.0567361 0.0515622 0.046324 0.0412416 0.0364215 0.0318615 0.0274706 0.0231249 0.0187568 0.0144366 0.0103838
 0.00765161 0.0123407 0.018418 0.025801 0.0342737 0.0433735 0.0523231 0.0601667 0.0660722 0.0695741 0.0706085 0.069404 0.0663615 0.0619687 0.0567271 0.0510839 0.045388 0.0398757 0.0346731 0.0298053 0.0252182 0.0208276 0.0165898 0.0125627 0.00891123
 0.0079487 0.0128119 0.0191057 0.0267383 0.0354797 0.0448463 0.0540281 0.0620281 0.0679756 0.0713808 0.0721779 0.0706158 0.0671325 0.0622597 0.0565382 0.0504415 0.0443322 0.0384533 0.0329398 0.0278345 0.0231116 0.0187174 0.0146253 0.0108797 0.0075972
 0.00801097 0.0129371 0.0193387 0.0271357 0.0360981 0.0457209 0.0551546 0.063357 0.0694219 0.0728423 0.0735501 0.0718002 0.0680418 0.0628244 0.0567139 0.0502137 0.0437138 0.0374794 0.031663 0.0263259 0.0214648 0.0170487 0.0130619 0.00953565 0.00654546
 0.00814608 0.013163 0.0196912 0.0276552 0.0368242 0.0466822 0.0563538 0.0647576 0.0709428 0.0743645 0.0749354 0.0729179 0.0687936 0.0631587 0.0566244 0.0497268 0.0428755 0.0363459 0.0302984 0.0248038 0.0198724 0.0154865 0.0116339 0.00833056 0.00561557
 0.00833914 0.0134523 0.0200821 0.0281399 0.0373886 0.0473166 0.0570578 0.0655363 0.0717961 0.0752735 0.075854 0.0737728 0.0694957 0.0636221 0.0567858 0.049558 0.042384 0.0355681 0.0292906 0.0236366 0.0186281 0.0142553 0.0105055 0.00737871 0.00488232
 0.00827894 0.0133717 0.0199921 0.0280601 0.0373404 0.0473139 0.0571032 0.0656276 0.0719387 0.0754905 0.0761809 0.0742365 0.0700896 0.0642924 0.0574399 0.05009 0.0427047 0.0356261 0.0290799 0.0231924 0.0180164 0.0135602 0.00981412 0.0067653 0.00439437
 0.00828331 0.0133753 0.019992 0.0280538 0.0373298 0.0473089 0.0571222 0.0656909 0.0720591 0.0756664 0.076399 0.0744831 0.0703597 0.0645873 0.0577525 0.0503917 0.0429447 0.0357466 0.0290377 0.0229761 0.0176516 0.0131018 0.00933113 0.00632158 0.00403385
 0.00813394 0.0131476 0.0196776 0.0276555 0.0368609 0.0467926 0.0565925 0.065195 0.0716548 0.0754133 0.0763441 0.0746474 0.0707316 0.0651264 0.0584012 0.0510846 0.0436146 0.0363284 0.029476 0.0232367 0.0177316 0.0130315 0.00916379 0.00611701 0.00384135
 0.00825212 0.0133065 0.0198556 0.0278125 0.0369504 0.0467799 0.056469 0.0649799 0.0713849 0.0751296 0.0760838 0.0744425 0.070609 0.0651052 0.0584867 0.0512638 0.0438564 0.0365885 0.0297058 0.0233946 0.0177941 0.0129996 0.00906157 0.00598108 0.00370702
 0.0085698 0.013765 0.0204364 0.0284569 0.0375702 0.0472788 0.0567647 0.0650206 0.071161 0.0746787 0.0754846 0.0737946 0.0700071 0.0646182 0.0581496 0.0510804 0.0438063 0.0366342 0.0298005 0.0234915 0.0178569 0.0130105 0.00902328 0.00591142 0.00362881
 0.00867314 0.0139511 0.0207467 0.028932 0.0382291 0.0480918 0.0576359 0.0657998 0.0716882 0.0748415 0.0752577 0.0732427 0.0692544 0.0638052 0.057396 0.0504641 0.0433589 0.0363484 0.0296429 0.0234169 0.0178212 0.0129811 0.00898399 0.00586139 0.00357606
 0.00869409 0.0139933 0.0208272 0.0290762 0.03847 0.0484639 0.0581621 0.0664723 0.0724506 0.0755843 0.0758402 0.0735372 0.0691952 0.0634139 0.0567698 0.049736 0.0426527 0.035748 0.0291837 0.0230939 0.0176056 0.0128381 0.00888453 0.00578749 0.00351967
 0.00858077 0.0138204 0.0205891 0.0287782 0.0381307 0.0481174 0.0578593 0.0662771 0.0724263 0.0757719 0.0762348 0.0740772 0.0697735 0.0639117 0.0570991 0.0498688 0.0426218 0.0356223 0.0290337 0.0229671 0.0175197 0.0127882 0.00885677 0.00576949 0.00350492
 0.00849302 0.0136789 0.0203787 0.0284875 0.0377559 0.047669 0.0573681 0.0657956 0.0720227 0.0755162 0.0761825 0.0742527 0.0701583 0.0644427 0.0576817 0.0504053 0.0430422 0.0359027 0.0291925 0.0230448 0.0175562 0.0128089 0.00887198 0.00578059 0.00351121
 0.00851392 0.0137054 0.0204045 0.0285004 0.0377401 0.0476078 0.0572488 0.0656143 0.0717883 0.0752539 0.0759324 0.0740634 0.0700738 0.0644869 0.0578474 0.0506534 0.0433145 0.0361435 0.0293678 0.023149 0.0176049 0.0128249 0.0088738 0.00577841 0.00350872
 0.00842628 0.0135745 0.0202286 0.028285 0.0374948 0.0473428 0.0569727 0.0653347 0.0715155 0.0750033 0.0757255 0.0739264 0.0700331 0.0645626 0.0580454 0.0509589 0.0436914 0.0365415 0.0297365 0.0234528 0.0178298 0.0129765 0.0089683 0.00583368 0.00353927
 0.00842063 0.0135705 0.0202322 0.0283051 0.0375407 0.0474207 0.0570804 0.0654595 0.0716335 0.0750843 0.0757414 0.0738614 0.0698925 0.0643741 0.0578515 0.0508024 0.0436006 0.0365217 0.0297718 0.0235159 0.0178947 0.0130273 0.00900043 0.00585046 0.00354644
 0.00848627 0.0136406 0.0202711 0.02826 0.0373596 0.0470784 0.0565998 0.0649108 0.0711125 0.0746785 0.0755035 0.0738003 0.0699811 0.064567 0.0581039 0.0510826 0.0438917 0.0368152 0.0300591 0.0237837 0.0181275 0.013213 0.00913523 0.00593917 0.00359935
 0.00855545 0.0137478 0.0204201 0.0284439 0.0375548 0.0472399 0.056665 0.0648171 0.0708266 0.0742221 0.0749564 0.0732736 0.0695748 0.0643366 0.0580519 0.0511734 0.0440756 0.0370473 0.030306 0.0240223 0.018341 0.0133897 0.00926939 0.00603189 0.00365734
 0.00849811 0.0136765 0.0203532 0.0284116 0.0375899 0.0473625 0.0568684 0.0650619 0.0710476 0.0743473 0.0749327 0.0730897 0.0692698 0.0639872 0.057742 0.0509634 0.0439869 0.0370662 0.0303997 0.0241547 0.0184821 0.0135186 0.0093742 0.0061084 0.00370754
 0.00830075 0.0133888 0.0199832 0.0279914 0.0371713 0.0470066 0.0566331 0.0649901 0.0711544 0.0746096 0.0752888 0.0734553 0.0695668 0.0641717 0.0578173 0.0509709 0.0439814 0.0370904 0.0304707 0.0242654 0.018612 0.0136456 0.00948214 0.00618985 0.00376252
 0.00793621 0.0128567 0.0192959 0.0272025 0.0363646 0.0462759 0.056064 0.0646491 0.0710815 0.0748108 0.0757302 0.0740652 0.0702495 0.0648298 0.0583765 0.0513966 0.0442809 0.037299 0.0306303 0.0244064 0.0187463 0.0137705 0.0095892 0.00627261 0.00381984
 0.00784802 0.0126632 0.0189162 0.0265417 0.0353513 0.0449143 0.0544719 0.0630487 0.0697367 0.0739417 0.0754498 0.0743644 0.0710222 0.0659163 0.0596051 0.0526171 0.0453871 0.0382365 0.0313894 0.0250049 0.0192104 0.0141236 0.00984883 0.00645354 0.00393716
 0.0085324 0.0136241 0.0200771 0.0277253 0.036315 0.0454182 0.0543476 0.0622464 0.0683451 0.0721783 0.0736169 0.0727712 0.0698989 0.0653577 0.0595682 0.0529651 0.0459504 0.0388646 0.031979 0.0255031 0.0196035 0.0144189 0.0100617 0.00659981 0.00403173
 0.00902601 0.0144284 0.0212813 0.0293867 0.0384149 0.0478092 0.0567258 0.0641919 0.0694416 0.072165 0.0724902 0.0707838 0.0674631 0.0629086 0.0574444 0.0513465 0.0448591 0.0382135 0.0316359 0.0253443 0.0195397 0.0143983 0.0100591 0.00660433 0.00403839
 0.00890955 0.0143222 0.0212771 0.0296269 0.039061 0.0489847 0.0584526 0.0663471 0.0717518 0.0742487 0.073948 0.0713174 0.066979 0.0615527 0.0555456 0.0492945 0.0429805 0.0366984 0.0305329 0.0246038 0.0190711 0.014113 0.00988995 0.00650687 0.0039847
 0.00873273 0.0140523 0.0209095 0.0291842 0.0386068 0.0486342 0.0583674 0.0666999 0.072659 0.075695 0.0757461 0.0731372 0.0684437 0.0623652 0.055588 0.048656 0.0419036 0.0354748 0.0294029 0.0237023 0.0184298 0.013697 0.0096393 0.00636474 0.00390843
 0.00868783 0.013974 0.0207821 0.0289912 0.0383374 0.0482942 0.0579934 0.0663685 0.0724831 0.0757999 0.0762246 0.0739957 0.0695679 0.0635331 0.0565379 0.0491838 0.041938 0.0350917 0.0287754 0.0230198 0.017832 0.0132483 0.00934182 0.00618706 0.0038115
 0.00858297 0.0138167 0.0205693 0.0287273 0.0380308 0.0479533 0.0576263 0.0659889 0.0721208 0.0755094 0.0760842 0.0740894 0.0699508 0.0641929 0.0573752 0.0500317 0.0426201 0.0354906 0.0288727 0.0228873 0.017584 0.0129886 0.00913209 0.00604569 0.00372915
 0.00855632 0.0137564 0.0204483 0.0285123 0.0376941 0.0474885 0.0570603 0.0653801 0.0715435 0.0750329 0.0757614 0.0739581 0.0700392 0.0645157 0.0579189 0.0507365 0.0433805 0.0361816 0.0293939 0.0231977 0.0177075 0.0129889 0.00907788 0.0059851 0.00368411
 0.00854839 0.0137402 0.0204166 0.0284528 0.037588 0.0473118 0.0567888 0.0650006 0.0710663 0.0745008 0.0752451 0.0735393 0.0697887 0.0644778 0.0581048 0.0511234 0.0439121 0.0367746 0.0299555 0.0236519 0.0180175 0.0131622 0.00915131 0.00600245 0.00367912
 0.00858679 0.0137939 0.0204807 0.0285169 0.0376372 0.0473297 0.0567598 0.0649099 0.0709012 0.0742541 0.0749233 0.0731697 0.0694211 0.0641751 0.0579258 0.0511051 0.0440573 0.03705 0.0303006 0.0239976 0.018307 0.0133666 0.00927167 0.00605973 0.00369929
 0.00865535 0.0139116 0.0206684 0.0287946 0.0380162 0.0478007 0.0572841 0.0654209 0.0713185 0.074505 0.0749607 0.0729821 0.0690341 0.0636468 0.0573369 0.0505424 0.0435936 0.0367269 0.0301209 0.0239311 0.0183074 0.0133903 0.00929118 0.0060657 0.00369458
 0.00856262 0.0137831 0.0205173 0.0286493 0.0379157 0.0477848 0.0573819 0.0656414 0.0716444 0.0748915 0.0753418 0.0732863 0.069204 0.0636562 0.0571973 0.0502985 0.0433089 0.0364639 0.0299233 0.0238143 0.0182601 0.0133868 0.00930501 0.00607955 0.00370196
 0.00848448 0.0136489 0.0203039 0.0283357 0.0374939 0.0472742 0.0568387 0.0651537 0.0713082 0.0747782 0.0754731 0.0736275 0.0696774 0.0641667 0.0576603 0.0506609 0.0435573 0.0366182 0.0300202 0.0238883 0.0183314 0.0134587 0.00937093 0.00613179 0.00373727
 0.00847865 0.0136284 0.0202517 0.0282273 0.0373012 0.0469737 0.0564231 0.0646419 0.0707516 0.0742568 0.0750796 0.0734404 0.0697334 0.0644467 0.0580966 0.0511624 0.0440406 0.0370295 0.0303416 0.0241284 0.0185098 0.0135932 0.00947221 0.00620501 0.00378619
 0.00852621 0.0137084 0.0203758 0.0284043 0.0375305 0.0472369 0.0566791 0.0648314 0.0708142 0.0741545 0.0748158 0.0730641 0.0693255 0.0640926 0.0578573 0.0510565 0.0440455 0.0370998 0.0304317 0.024209 0.0185706 0.0136363 0.0095032 0.00622794 0.00380277
 0.00851587 0.0136878 0.0203385 0.0283443 0.0374458 0.0471342 0.0565748 0.0647464 0.070762 0.0741316 0.0748009 0.0730307 0.0692597 0.0640046 0.0577789 0.0510248 0.0440835 0.0372053 0.0305809 0.0243696 0.0187159 0.0137523 0.00958762 0.00628503 0.00383897
 0.00848592 0.0136382 0.0202622 0.0282338 0.0372946 0.04694 0.0563429 0.0644932 0.0705149 0.0739241 0.0746627 0.072977 0.0692855 0.0640899 0.0579004 0.0511682 0.0442459 0.0373885 0.0307814 0.0245745 0.0189071 0.0139137 0.00971092 0.00637077 0.00389347
 0.00905694 0.0145272 0.0215242 0.0298862 0.0393061 0.0492177 0.0587211 0.0667391 0.0723653 0.0751444 0.0751051 0.0726111 0.068196 0.0624466 0.0559147 0.0490514 0.0421788 0.0355061 0.0291686 0.0232692 0.0179072 0.013189 0.00921488 0.00605151 0.00370153
 0.00903309 0.0145285 0.0216005 0.0301094 0.039753 0.0499414 0.0597236 0.0679596 0.0736875 0.0764183 0.0761727 0.0733335 0.068479 0.0622601 0.0552999 0.0481092 0.0410449 0.0343202 0.0280494 0.022299 0.017128 0.0126066 0.00880956 0.00578906 0.00354391
 0.00904015 0.0145499 0.0216533 0.0302219 0.0399656 0.0503029 0.0602815 0.0687422 0.0746821 0.0775547 0.0773245 0.0743417 0.0691906 0.0625666 0.0551609 0.0475574 0.0401736 0.0332597 0.0269379 0.0212559 0.0162364 0.0119069 0.00830373 0.00545212 0.00333747
 0.00870641 0.0140264 0.0209035 0.0292314 0.0387533 0.0489347 0.0588825 0.0674925 0.0737874 0.077195 0.0775993 0.0752347 0.0705667 0.0642037 0.0568074 0.0489952 0.041265 0.0339637 0.0272957 0.0213585 0.0161873 0.0117938 0.00818526 0.00535723 0.00327338
 0.00858287 0.0138026 0.0205246 0.0286341 0.0378828 0.0477725 0.0574728 0.0659534 0.0722975 0.0759608 0.0768142 0.0750379 0.0710083 0.0652249 0.0582473 0.0506276 0.0428562 0.0353295 0.0283368 0.0220631 0.016608 0.0120121 0.00828064 0.00538972 0.00327974
 0.00845964 0.0135959 0.0202003 0.0281524 0.0372022 0.0468591 0.0563158 0.064583 0.0707983 0.0744742 0.075525 0.0741409 0.0706634 0.065513 0.0591429 0.0519993 0.0444966 0.0370068 0.0298516 0.0232894 0.0175047 0.012608 0.00864228 0.00559145 0.00338387
 0.00885261 0.0141842 0.0209896 0.0291093 0.038256 0.0479088 0.0572371 0.0652368 0.0710514 0.0742325 0.0747693 0.0729506 0.0692119 0.064032 0.0578638 0.0510905 0.0440214 0.0369188 0.0300277 0.0235831 0.0177963 0.01283 0.00877888 0.00565886 0.0034087
 0.00911924 0.0146122 0.0216211 0.0299729 0.0393533 0.0491961 0.0586116 0.0665407 0.072101 0.0748618 0.0748694 0.0724916 0.0682482 0.062696 0.0563455 0.0496016 0.0427462 0.03597 0.0294262 0.0232716 0.017677 0.0128075 0.00878683 0.00566552 0.00340687
 0.0094571 0.0151541 0.0224223 0.0310779 0.0407844 0.050936 0.0605824 0.0685942 0.0740295 0.0764327 0.0758698 0.0727728 0.0677587 0.0614949 0.0545932 0.0475282 0.0406059 0.0339905 0.0277661 0.022 0.0167804 0.0122189 0.00842147 0.00544761 0.00328083
 0.00950779 0.0152413 0.0225641 0.0312981 0.0411126 0.0514046 0.0612197 0.0694123 0.0750108 0.0775162 0.0769475 0.0737002 0.0683829 0.0616939 0.0543128 0.046802 0.0395506 0.0327748 0.0265658 0.0209533 0.0159624 0.0116401 0.00804704 0.00522371 0.00315563
 0.0090835 0.0146176 0.0217491 0.0303455 0.040111 0.0504583 0.0604333 0.0688839 0.0748258 0.0777342 0.0775824 0.0747017 0.0696311 0.0630154 0.0555178 0.0477327 0.0401219 0.0329916 0.0265081 0.0207386 0.0157024 0.011411 0.00788157 0.0051215 0.00310029
#obs surv len freq
 nan nan nan nan nan nan nan nan nan nan nan nan nan nan nan nan nan nan nan nan nan nan nan nan nan
 0.00448711 0.00734964 0.0111808 0.0159981 0.0216994 0.027975 0.0342888 0.0400192 0.0446977 0.0481601 0.0505164 0.0520107 0.0529014 0.0534125 0.0537257 0.0539798 0.0542578 0.0545502 0.0546887 0.0542805 0.0527187 0.0493511 0.0438014 0.0362823 0.0276668
 0.00461139 0.00755544 0.0114971 0.0164531 0.0223134 0.0287495 0.0351958 0.0409992 0.0456678 0.0490314 0.051211 0.0524731 0.0531039 0.0533545 0.0534295 0.0534827 0.0536033 0.053781 0.053844 0.0533973 0.0518359 0.0485119 0.0430506 0.0356577 0.0271894
 0.00478083 0.0078295 0.0119072 0.0170282 0.0230751 0.0297044 0.0363254 0.0422539 0.0469698 0.0502848 0.0523151 0.0533358 0.0536528 0.0535465 0.0532545 0.0529618 0.0527817 0.0527182 0.0526065 0.0520556 0.050465 0.0471921 0.0418614 0.0346648 0.0264292
 0.00497326 0.0081467 0.0123925 0.0177239 0.0240136 0.0308941 0.0377374 0.0438187 0.0485882 0.0518475 0.0537186 0.0544885 0.0544769 0.053979 0.0532535 0.0525129 0.0519022 0.0514568 0.0510386 0.0502789 0.0485959 0.0453591 0.0401913 0.0332613 0.0253506
 0.00518715 0.00849588 0.012921 0.0184746 0.0250208 0.0321717 0.0392653 0.0455359 0.0503988 0.0536362 0.0553676 0.0558907 0.0555413 0.0546331 0.0534431 0.0522035 0.0510835 0.0501502 0.0493044 0.0482201 0.0463559 0.04311 0.0381098 0.0314947 0.0239846
 0.0054147 0.00886806 0.0134854 0.019277 0.0260971 0.033534 0.0408883 0.0473524 0.052309 0.055526 0.0571254 0.0574149 0.0567425 0.0554339 0.0537788 0.052024 0.050358 0.0488753 0.0475176 0.0460126 0.0438786 0.0405631 0.0357114 0.029434 0.0223781
 0.00565904 0.00926858 0.0140943 0.0201449 0.0272634 0.0350113 0.0426468 0.0493143 0.05436 0.0575378 0.0589769 0.0590032 0.057985 0.0562644 0.0541422 0.0518731 0.0496551 0.0476015 0.0456897 0.0437042 0.041235 0.0377963 0.033067 0.0271355 0.0205705
 0.00589467 0.0096576 0.0146909 0.0210037 0.0284286 0.0365005 0.0444332 0.0513207 0.0564693 0.0596155 0.0608931 0.0606465 0.0592672 0.0571193 0.0545209 0.0517374 0.0489733 0.0463531 0.043881 0.0413933 0.0385538 0.0349534 0.0303172 0.0247207 0.0186553
 0.00614762 0.010069 0.0153105 0.0218788 0.0295958 0.0379726 0.0461852 0.0532825 0.0585339 0.061657 0.0627856 0.0622772 0.0605435 0.0579706 0.0548967 0.0516022 0.0483016 0.0451294 0.0421114 0.0391283 0.0359132 0.0321343 0.0275696 0.0222895 0.016714
 0.00638949 0.0104669 0.0159178 0.0227475 0.0307657 0.0394543 0.0479441 0.0552346 0.06056 0.0636276 0.0645822 0.0638025 0.0617211 0.0587419 0.0552173 0.0514389 0.0476301 0.0439361 0.0404028 0.0369511 0.0333768 0.0294216 0.0249163 0.0199313 0.014822
 0.00660829 0.0108272 0.0164688 0.0235381 0.0318356 0.040819 0.0495787 0.0570675 0.0624816 0.0655107 0.0663033 0.0652571 0.06283 0.0594512 0.0554929 0.0512591 0.0469801 0.0428077 0.0388038 0.034924 0.0310207 0.0269018 0.022448 0.0177322 0.0130524
 0.006831 0.0111901 0.0170165 0.0243127 0.0328689 0.0421196 0.0511191 0.0587791 0.0642632 0.0672471 0.0678832 0.0665843 0.0638291 0.0600691 0.0556973 0.0510341 0.04632 0.0417145 0.0372925 0.0330374 0.0288486 0.0245919 0.0201917 0.0157236 0.0114353
 0.00706919 0.0115789 0.0176042 0.0251439 0.0339743 0.0435008 0.0527339 0.0605385 0.0660458 0.0689247 0.0693442 0.0677448 0.0646338 0.0604867 0.0557147 0.0506507 0.045543 0.0405572 0.0357786 0.0312129 0.026798 0.0224464 0.0181184 0.0138905 0.00996556
 0.00726487 0.0119059 0.0181126 0.025885 0.0349887 0.0448006 0.0542846 0.0622534 0.0678001 0.0705808 0.070777 0.0688588 0.0653684 0.060815 0.0556364 0.0501824 0.0447096 0.0393873 0.0343071 0.0294905 0.0249048 0.0204986 0.0162593 0.0122611 0.00866691
 0.00744213 0.0121946 0.0185485 0.0265025 0.0358161 0.0458501 0.055541 0.0636672 0.0692891 0.0720413 0.072099 0.06994 0.0661279 0.0612018 0.0556317 0.049795 0.0439672 0.0383282 0.0329774 0.0279487 0.0232296 0.0187946 0.0146487 0.0108606 0.00755733
 0.00754029 0.0123583 0.0188026 0.0268735 0.0363273 0.0465144 0.0563535 0.0646021 0.0703033 0.0730812 0.0731048 0.0708483 0.0668728 0.0617198 0.0558707 0.0497225 0.0435746 0.0376308 0.0320114 0.0267699 0.0219143 0.017439 0.0133599 0.00973751 0.00666717
 0.00761758 0.0124772 0.0189697 0.0270923 0.0366003 0.0468455 0.0567486 0.0650662 0.0708366 0.0736747 0.0737383 0.0714895 0.0674787 0.0622392 0.0562483 0.0499058 0.0435228 0.0373232 0.0314534 0.0259957 0.0209862 0.0164416 0.0123883 0.00887893 0.00598124
 0.00766264 0.0125476 0.0190701 0.0272249 0.0367639 0.0470358 0.0569586 0.0652893 0.0710705 0.073925 0.0740163 0.0718053 0.0678314 0.0626098 0.0565988 0.0501849 0.0436755 0.0373031 0.0312344 0.025581 0.0204117 0.0157713 0.0117022 0.00825371 0.00547214
 0.00773448 0.0126531 0.0192078 0.0273864 0.0369362 0.0472059 0.0571165 0.0654293 0.0711912 0.074029 0.0741112 0.0719037 0.0679473 0.0627525 0.0567654 0.0503549 0.043812 0.0373607 0.0311727 0.0253782 0.0200751 0.0153384 0.0112313 0.00780749 0.00509933
 0.00779007 0.0127422 0.0193389 0.0275643 0.0371595 0.0474625 0.0573823 0.0656719 0.071379 0.0741427 0.0741505 0.0718855 0.0678982 0.0626998 0.0567287 0.0503409 0.0438112 0.0373483 0.0311159 0.0252485 0.0198606 0.015052 0.0109076 0.00749075 0.00482814
 0.0078347 0.0128075 0.0194241 0.0276648 0.037269 0.0475762 0.0574984 0.0657892 0.0714938 0.0742462 0.0742305 0.0719316 0.0679078 0.0626805 0.0566953 0.0503083 0.0437869 0.0373276 0.0310825 0.0251811 0.0197437 0.0148847 0.0107066 0.00728428 0.00464453
 0.00783261 0.0128061 0.0194255 0.0276716 0.0372829 0.0475967 0.057522 0.0658118 0.0715133 0.074265 0.0742544 0.0719654 0.0679519 0.0627301 0.0567445 0.0503533 0.0438264 0.03736 0.0311018 0.0251769 0.0197053 0.0148084 0.0105997 0.00716382 0.00453049
 0.00785738 0.0128349 0.0194481 0.0276724 0.0372466 0.0475162 0.0574041 0.0656764 0.0713863 0.074169 0.0742025 0.0719612 0.0679918 0.0628063 0.0568461 0.0504681 0.0439424 0.0374667 0.0311903 0.0252389 0.0197344 0.014802 0.0105624 0.00710697 0.00446857
 0.00789823 0.0128973 0.0195336 0.0277777 0.0373621 0.0476249 0.0574836 0.0657039 0.0713479 0.0740675 0.0740589 0.0718072 0.0678581 0.0627132 0.0568001 0.0504645 0.0439696 0.0375108 0.0312377 0.0252779 0.0197563 0.0148026 0.0105429 0.00707349 0.00443015
 0.00790867 0.0129165 0.0195664 0.0278297 0.0374371 0.0477224 0.0575954 0.0658139 0.0714344 0.0741094 0.0740433 0.0717345 0.0677437 0.0625822 0.0566792 0.050373 0.0439154 0.0374906 0.0312408 0.0252914 0.0197685 0.0148058 0.0105343 0.00705552 0.00440775
 0.00788768 0.0128831 0.0195179 0.027765 0.0373586 0.0476371 0.0575157 0.0657547 0.0714085 0.0741211 0.0740854 0.0717914 0.0677978 0.0626219 0.0567032 0.0503889 0.0439343 0.0375204 0.0312827 0.0253398 0.0198148 0.0148422 0.0105567 0.0070643 0.00440671
 0.00789336 0.012887 0.0195141 0.0277449 0.0373134 0.0475621 0.0574136 0.0656374 0.0712939 0.074029 0.0740315 0.0717824 0.0678295 0.0626818 0.0567753 0.0504606 0.0439997 0.0375799 0.0313392 0.0253945 0.0198655 0.0148849 0.0105879 0.00708323 0.00441538
 0.00785686 0.0128282 0.0194265 0.0276231 0.0371538 0.0473653 0.0571867 0.0653952 0.0710588 0.0738275 0.0738896 0.0717201 0.0678558 0.0627915 0.0569506 0.0506757 0.0442281 0.0378005 0.0315387 0.0255665 0.0200075 0.0149964 0.0106698 0.00713842 0.00444885
 0.00786828 0.0128379 0.0194247 0.0275952 0.0370847 0.0472448 0.0570151 0.0651843 0.0708291 0.0736029 0.0736933 0.0715728 0.0677739 0.0627849 0.0570199 0.0508108 0.0444098 0.0380051 0.0317433 0.0257537 0.0201668 0.015123 0.0107637 0.00720282 0.00448924
 0.00785363 0.0128173 0.0193993 0.0275667 0.0370526 0.0472045 0.0569566 0.0650957 0.0707026 0.0734416 0.0735129 0.0713979 0.0676315 0.0626971 0.0569996 0.0508603 0.044521 0.0381612 0.0319228 0.0259347 0.0203313 0.0152596 0.0108679 0.00727581 0.00453598
 0.00782924 0.0127764 0.0193357 0.0274749 0.0369305 0.047056 0.0567931 0.0649339 0.0705582 0.0733235 0.0734218 0.0713302 0.0675858 0.062678 0.0570162 0.0509212 0.0446293 0.0383115 0.0321014 0.026123 0.0205103 0.0154142 0.0109896 0.00736315 0.00459305
 0.00780115 0.012731 0.0192679 0.0273801 0.0368056 0.0469009 0.0566127 0.0647398 0.0703677 0.0731564 0.0732954 0.0712552 0.0675635 0.0627031 0.0570811 0.0510202 0.044759 0.0384685 0.0322791 0.0263098 0.0206912 0.0155748 0.0111197 0.00745901 0.00465712
 0.00775315 0.012655 0.0191576 0.0272314 0.0366179 0.0466784 0.0563665 0.0644872 0.0701303 0.0729557 0.0731494 0.0711757 0.0675558 0.0627647 0.0572031 0.0511892 0.0449607 0.0386899 0.0325087 0.0265362 0.0209026 0.0157595 0.0112692 0.00757003 0.00473218
 0.00772023 0.0125955 0.0190573 0.0270744 0.0363916 0.0463807 0.0560119 0.064107 0.0697659 0.0726475 0.0729282 0.0710585 0.0675462 0.0628558 0.0573802 0.0514327 0.0452488 0.0390006 0.032822 0.0268349 0.0211721 0.0159889 0.0114517 0.0077044 0.00482289
 0.00932278 0.014841 0.0217716 0.0298722 0.0387865 0.0479628 0.0565895 0.0637363 0.0686748 0.0711207 0.0712202 0.0693562 0.065969 0.0614691 0.0562107 0.0504815 0.0445008 0.0384326 0.0324072 0.0265458 0.0209823 0.0158734 0.0113882 0.00767401 0.00481104
 0.00931305 0.0151208 0.0227138 0.0319385 0.0423271 0.0529446 0.0624232 0.069371 0.0729686 0.073289 0.071094 0.0673289 0.0627241 0.057689 0.0524061 0.046958 0.0414044 0.035811 0.0302564 0.0248366 0.0196724 0.0149122 0.0107186 0.00723536 0.00454329
 0.00895939 0.0145658 0.0219376 0.0309935 0.0413913 0.0523575 0.0626448 0.0708184 0.0757672 0.077087 0.0751049 0.0706289 0.0646361 0.058018 0.0514117 0.0451388 0.0392628 0.0337146 0.0284114 0.0233251 0.018502 0.0140521 0.0101207 0.00684482 0.00430561
 0.00880336 0.0142991 0.021513 0.0303619 0.0405212 0.0512684 0.0614503 0.0697541 0.0751708 0.0773047 0.076335 0.0727754 0.0672761 0.0605387 0.0532583 0.0460276 0.0392386 0.0330497 0.0274415 0.0223231 0.0176305 0.0133755 0.00963997 0.00652919 0.00411401
 0.00872864 0.0141757 0.0213226 0.0300832 0.0401304 0.050744 0.0607828 0.068964 0.0743313 0.0765586 0.0758874 0.0728407 0.0679816 0.0618305 0.0548772 0.0475944 0.04041 0.0336527 0.0275081 0.0220247 0.0171722 0.0129169 0.00926726 0.00626638 0.00394871
 0.0087184 0.0141499 0.0212666 0.0299775 0.0399541 0.050481 0.0604274 0.0685224 0.0738211 0.0760123 0.0753618 0.0724275 0.067801 0.0619943 0.0554283 0.0484572 0.0413965 0.0345332 0.028109 0.0222914 0.0171641 0.0127512 0.00905601 0.00608105 0.00381667
 0.00868579 0.014102 0.0212032 0.0298999 0.0398626 0.0503714 0.0602893 0.0683423 0.0735883 0.0757254 0.0750347 0.0720926 0.0675116 0.061821 0.055443 0.0487023 0.0418523 0.0351084 0.0286707 0.0227211 0.0174056 0.0128208 0.00901482 0.00599622 0.00373462
 0.00867328 0.014078 0.0211608 0.0298314 0.0397626 0.0502403 0.0601358 0.0681802 0.0734304 0.0755766 0.0748911 0.0719475 0.0673663 0.0616934 0.0553691 0.0487256 0.0420032 0.0353822 0.0290195 0.0230695 0.0176831 0.0129913 0.00908434 0.00599804 0.0037065
 0.00867731 0.0140852 0.0211725 0.0298481 0.0397825 0.0502578 0.0601416 0.0681635 0.0733831 0.0754974 0.0747852 0.0718235 0.0672327 0.0615593 0.0552478 0.0486383 0.0419753 0.0354321 0.0291448 0.0232425 0.0178605 0.0131334 0.00917165 0.00603424 0.00370936
 0.0086468 0.0140419 0.021119 0.029791 0.0397306 0.0502194 0.060121 0.0681601 0.073391 0.0755072 0.0747867 0.0718093 0.0672002 0.0615115 0.0551926 0.0485877 0.0419447 0.0354367 0.0291932 0.0233305 0.01797 0.0132393 0.00925367 0.00608431 0.0037317
 0.00864794 0.014039 0.0211063 0.0297612 0.0396782 0.0501449 0.0600336 0.0680762 0.0733282 0.0754765 0.0747883 0.0718333 0.067232 0.0615377 0.0552061 0.0485894 0.0419422 0.0354413 0.0292157 0.0233754 0.018033 0.0133088 0.00931593 0.00612995 0.00375875
 0.00865265 0.0140452 0.0211125 0.0297645 0.0396738 0.0501271 0.059997 0.0680184 0.0732525 0.0753934 0.0747132 0.0717807 0.0672095 0.0615436 0.0552309 0.0486217 0.0419743 0.0354719 0.0292481 0.0234141 0.0180793 0.0133592 0.00936349 0.0061683 0.00378484
 0.00862129 0.0140017 0.0210608 0.0297126 0.0396313 0.0501006 0.0599871 0.0680193 0.0732549 0.0753884 0.074697 0.0717563 0.0671851 0.0615287 0.0552321 0.0486396 0.0420046 0.0355087 0.0292874 0.0234544 0.0181204 0.0133998 0.009401 0.00619935 0.00380737
 0.00863596 0.0140191 0.0210755 0.0297166 0.0396175 0.0500677 0.0599421 0.0679755 0.0732253 0.0753794 0.0747044 0.0717692 0.0671928 0.0615263 0.0552217 0.0486277 0.0419976 0.0355099 0.0292969 0.0234705 0.0181409 0.0134225 0.00942339 0.00621905 0.00382263
 0.00863372 0.0140201 0.0210852 0.0297415 0.0396619 0.0501294 0.0600106 0.0680346 0.0732604 0.0753841 0.0746834 0.0717333 0.067152 0.0614857 0.0551817 0.0485882 0.04196 0.0354775 0.0292727 0.0234561 0.0181357 0.0134246 0.00942996 0.0062273 0.00383032
 0.00863372 0.0140201 0.0210852 0.0297415 0.0396619 0.0501294 0.0600106 0.0680346 0.0732604 0.0753841 0.0746834 0.0717333 0.067152 0.0614857 0.0551817 0.0485882 0.04196 0.0354775 0.0292727 0.0234561 0.0181357 0.0134246 0.00942996 0.0062273 0.00383032
 0.00903501 0.0146496 0.0219871 0.0309348 0.0411285 0.0518005 0.0617568 0.0696727 0.074587 0.0762268 0.0749449 0.0714099 0.0663244 0.060289 0.0537713 0.0471088 0.0405277 0.0341732 0.0281451 0.0225273 0.0174076 0.0128833 0.00905075 0.00597876 0.0036791
 0.00899931 0.0146407 0.0220643 0.0311822 0.0416322 0.0526123 0.0628613 0.0709777 0.0759428 0.0774612 0.0758997 0.0719693 0.0664316 0.0599538 0.0530639 0.0461415 0.0394287 0.0330616 0.0271138 0.0216367 0.0166868 0.0123358 0.00866133 0.00572072 0.00352078
 0.00899521 0.0146187 0.0220066 0.0310731 0.0414746 0.052447 0.0627742 0.0710796 0.0763229 0.0781374 0.076796 0.0729338 0.0672869 0.0605511 0.0533198 0.0460489 0.0390452 0.0324845 0.0264514 0.020984 0.0161111 0.0118731 0.00831986 0.00548888 0.00337622
 0.00870936 0.0141673 0.0213532 0.0301964 0.0403773 0.0511691 0.0614074 0.0697727 0.0752653 0.0775198 0.0767569 0.073512 0.0683991 0.0620093 0.0548842 0.0474955 0.0402198 0.0333247 0.0269752 0.0212592 0.0162211 0.0118919 0.00829991 0.00546051 0.00335277
 0.00869728 0.0141084 0.0211927 0.0298609 0.0397957 0.0503044 0.0602852 0.0684885 0.0739674 0.0763778 0.0759314 0.0731299 0.0685301 0.0626442 0.0559254 0.0487736 0.0415369 0.0345079 0.0279168 0.0219279 0.0166464 0.0121344 0.0084238 0.00551714 0.00337591
 0.0086273 0.0139987 0.021033 0.0296383 0.0394901 0.0498857 0.0597176 0.067747 0.0730613 0.0753699 0.07494 0.0723066 0.0680223 0.0625552 0.0562855 0.0495299 0.042564 0.0356403 0.0289935 0.0228324 0.0173259 0.0125946 0.00870672 0.00567609 0.00345809
 0.00882782 0.0143089 0.0214691 0.0302009 0.0401593 0.0506155 0.0604308 0.068337 0.073408 0.0753706 0.0745437 0.0715413 0.0669992 0.0614465 0.0552792 0.0487769 0.0421383 0.0355276 0.0291102 0.0230652 0.0175738 0.0127947 0.00883831 0.00574755 0.00348959
 0.00895519 0.0145347 0.0218417 0.030772 0.0409659 0.0516534 0.0616332 0.0695734 0.0745097 0.0761712 0.0749168 0.0714235 0.0664012 0.0604539 0.0540409 0.0474764 0.0409508 0.0345768 0.0284441 0.0226597 0.0173605 0.0126961 0.00879396 0.00572315 0.00347166
 0.0090813 0.0147502 0.0221856 0.031288 0.0416927 0.0526095 0.0627988 0.0708788 0.075837 0.0773698 0.075829 0.0719147 0.0663892 0.0599291 0.0530724 0.0462001 0.0395419 0.0332114 0.0272602 0.0217322 0.0166982 0.01226 0.00852483 0.00556445 0.00338092
 0.00897753 0.0145942 0.0219766 0.0310389 0.0414344 0.0523923 0.0626904 0.0709531 0.0761523 0.0779416 0.0766109 0.0727992 0.0672297 0.0605777 0.0534198 0.0462051 0.0392404 0.0327004 0.0266648 0.0211665 0.0162366 0.0119289 0.00831282 0.00544125 0.0033147
 0.00880422 0.0143072 0.0215371 0.0304138 0.0406109 0.0513989 0.0616127 0.0699322 0.0753567 0.077523 0.0766617 0.0733261 0.0681509 0.0617406 0.0546371 0.0473003 0.0400897 0.0332569 0.0269553 0.0212656 0.0162309 0.0118876 0.00827496 0.00541935 0.00330639
#pred catch len freq
 0.00341541 0.00548794 0.00817439 0.0114872 0.0154551 0.0200883 0.0253142 0.0309481 0.0367252 0.042355 0.0475679 0.0521532 0.0559857 0.0590234 0.0612719 0.0627386 0.0634044 0.0632138 0.0620646 0.0597859 0.0561333 0.0508641 0.0439192 0.035632 0.0267912
 0.00370177 0.00588283 0.00864197 0.0119606 0.0158682 0.0204184 0.0256037 0.0312816 0.0371663 0.0428821 0.0480532 0.0524039 0.0558276 0.058385 0.0602283 0.0614983 0.0622424 0.0623751 0.0616756 0.0598136 0.0564143 0.0511893 0.0441287 0.035668 0.0266892
 0.00384162 0.00613803 0.00907217 0.0126244 0.0167936 0.0215669 0.0268552 0.0324653 0.0381314 0.043562 0.0484713 0.0526129 0.0558342 0.0581249 0.0596162 0.0605129 0.0609819 0.0610395 0.0604853 0.0589139 0.0558245 0.0508224 0.0438627 0.0354167 0.02643
 0.00401791 0.00641105 0.00946308 0.0131576 0.0175075 0.0225193 0.028107 0.0340377 0.039954 0.045452 0.0501725 0.0538843 0.0565294 0.0582117 0.0591354 0.0595312 0.0595826 0.0593458 0.0586695 0.0571638 0.0542842 0.0495544 0.0428562 0.0346288 0.0258231
 0.00422605 0.00673985 0.00994023 0.0138034 0.0183339 0.0235302 0.0292999 0.0354079 0.0414952 0.0471431 0.051947 0.0556011 0.0579787 0.0591664 0.059425 0.0590903 0.0584555 0.0576622 0.0566152 0.0549529 0.0521246 0.0476111 0.0412274 0.0333475 0.0248754
 0.00447187 0.00712846 0.0105058 0.0145737 0.0193295 0.0247611 0.0307583 0.0370591 0.0432772 0.048974 0.0537377 0.0572605 0.059406 0.0602387 0.0599971 0.0590233 0.0576641 0.0561558 0.0545113 0.0524577 0.0494916 0.0450892 0.0390147 0.0315625 0.0235509
 0.00475822 0.00757743 0.0111521 0.0154426 0.0204378 0.0261169 0.0323545 0.0388648 0.0452305 0.0509822 0.0556852 0.0590237 0.0608684 0.0612985 0.0605634 0.0590086 0.0569903 0.0547815 0.0524709 0.0498877 0.0466233 0.0422053 0.0363849 0.0293824 0.0219087
 0.00504675 0.00803576 0.011823 0.0163616 0.021631 0.0275956 0.0341057 0.0408429 0.0473553 0.0531456 0.0577616 0.060882 0.0623849 0.062367 0.0610999 0.0589485 0.0562841 0.0534006 0.0504311 0.0472821 0.0436426 0.0391213 0.0334936 0.0269291 0.0200285
 0.00537323 0.0085455 0.0125529 0.017337 0.0228685 0.0291036 0.0358791 0.0428505 0.0495297 0.0553803 0.0599195 0.0628133 0.063948 0.0634464 0.061613 0.0588419 0.0555265 0.0519811 0.0483717 0.0446643 0.0406325 0.0359692 0.0304926 0.0243419 0.0180175
