SBPRF35
7.25124
Curr Bio
560755
B35
500115
F35
0.219546
FOFL
0.219546
OFL
91804.9
Bzero
2.07178e+06
#pred survey bio
 3.21665e+06 3.41163e+06 3.48563e+06 3.1772e+06 2.81073e+06 2.50739e+06 2.21872e+06 2.03286e+06 1.86327e+06 1.7667e+06 1.58183e+06 1.37108e+06 1.18369e+06 1.0524e+06 937901 816283 705726 651342 635106 621232 575598 531587 528795 534804 526065 515185 512364 522148 525644 529321 548051 571510 600216 615954 586256 571266 554865 561165 540471 582976 603505 558405 547424 569577 595248 592970 559608 569731 581056 610941 613621 563122 547798 566382 570978 628470 693350 657763 595927 545378 575008 597128 533589 531448 575114 567533 1.25585e+07 1.11868e+07 1.12663e+07 1.18272e+07 1.26246e+07 1.34535e+07 1.41976e+07 1.48102e+07 1.52873e+07 1.56458e+07 1.59089e+07 1.60992e+07 1.62357e+07 1.63334e+07 1.64033e+07 1.64534e+07 1.64897e+07 1.65159e+07 1.65351e+07 1.65492e+07 1.65596e+07 1.65674e+07 1.65731e+07 1.65775e+07 1.65808e+07 1.65832e+07 1.65851e+07 1.65865e+07 1.65876e+07 1.65884e+07 1.6589e+07 1.65895e+07 1.65899e+07 1.65902e+07 1.65904e+07 1.65905e+07 1.65907e+07 1.65908e+07 1.65908e+07 1.65909e+07 1.65909e+07 1.6591e+07 1.6591e+07 1.6591e+07 1.6591e+07 1.6591e+07 1.6591e+07 1.65911e+07 1.65911e+07 1.65911e+07 1.65911e+07 1.65911e+07 1.65911e+07 1.65911e+07 1.65911e+07 1.65911e+07 1.65911e+07 1.65911e+07 1.65911e+07 1.65911e+07 1.65911e+07 1.65911e+07 1.65911e+07 1.65911e+07 1.65911e+07 1.65911e+07 1.65911e+07 1.65911e+07 1.65911e+07 1.65911e+07 1.65911e+07 1.65911e+07 1.65911e+07 1.65911e+07 1.65911e+07 1.65911e+07 1.65911e+07 1.65911e+07 1.65911e+07 1.65911e+07 1.65911e+07 1.65911e+07 1.65911e+07 1.65911e+07 1.65911e+07 1.65911e+07 1.65911e+07 1.65911e+07 1.65911e+07 1.65911e+07 1.65911e+07 1.65911e+07 1.65911e+07 1.65911e+07 1.65911e+07 1.65911e+07 1.65911e+07 1.65911e+07 1.65911e+07 1.65911e+07 0 0 0 0 0 0 0 0 0 0 0 0 0 0 0 0 0 0 0 0 0 0 0 0 0
#obs survey bio
 2.36813e+06 3.59701e+06 5.28769e+06 2.51215e+06 2.30442e+06 3.01792e+06 2.40326e+06 2.03057e+06 1.58531e+06 1.72289e+06 1.93315e+06 1.24961e+06 1.17568e+06 1.04982e+06 1.07404e+06 882701 780533 499606 528900 859478 355354 430691 427557 660700 572532 460036 533483 524079 588111 510428 516729 460711 839129 604269 612061 665349 521294 722068 406099 477758 566431 481605 431678 639034 654586 698563 461302 549822 576812 748856 916006 427414 493296 434509 446421 896968 689860 607559 403279 353078 797751 732273 516020 549358 568505 573782
#pred catch bio
 84583.3 94322 156589 215562 264716 283054 290890 329751 288501 312072 295308 292643 246748 246475 240536 226261 180669 164398 154299 135209 140755 117587 115733 116835 107411 109770 100132 101211 99678.5 99436.7 93862.4 89350.6 90196.6 105205 100743 90083.5 90279.6 100219 83713.6 92733.6 82160.1 86844 90861.1 88165.5 87252.7 89752.3 87064.6 95829.3 89960.3 86218 123450 102882 68237.7 103628 84360.2 65406.6 122873 114838 115477 76665 38610.5 120596 89232.1 57160.6 86887.1 98515.4 91804.9 88891.8 87984.7 91276.6 96989.3 103053 108428 112743 115988 118320 119940 121039 121769 122247 122556 122755 122881 122961 123011 123043 123062 123075 123082 123087 123090 123092 123093 123094 123094 123094 123095 123095 123095 123095 123095 123095 123095 123095 123095 123095 123095 123095 123095 123095 123095 123095 123095 123095 123095 123095 123095 123095 123095 123095 123095 123095 123095 123095 123095 123095 123095 123095 123095 123095 123095 123095 123095 123095 123095 123095 123095 123095 123095 123095 123095 123095 123095 123095 123095 123095 123095 123095 123095 123095 123095 123095 123095 123095 123095 123095 123095 123095 123095 123095 123095 123095 123095 123095 123095 123095 0 0 0 0 0 0 0 0 0 0 0 0 0 0 0 0 0 0 0 0 0 0 0 0 0
#obs catch bio
 0 94017.9 156603 215636 265107 282902 290884 330778 289059 312030 294593 293216 246289 247021 240384 226441 180233 165479 155234 134287 140942 117669 116054 116860 107082 110036 100136 101182 99532.1 99695.4 93843.4 89347.1 90087 105147 100955 89901.8 90392.6 100161 83839.4 93009 81808.8 86867.9 91137.7 88237 87159.4 89617.7 87109.1 95966.6 90115.1 85823.5 123821 103201 67752.9 104134 84664.8 64937.6 123382 114580 115776 77086.3 38033.2 121809 89478.3 56828.4 86978.6 98636.5
#pred cpue bio
 3.18273e+06 3.37609e+06 3.44787e+06 3.1413e+06 2.77724e+06 2.47516e+06 2.1879e+06 2.00219e+06 1.83238e+06 1.73493e+06 1.5508e+06 1.34174e+06 1.15585e+06 1.02561e+06 912076 792073 683251 629625 613325 599763 555808 512806 509921 515691 507262 496807 493972 503530 506987 510586 528766 551638 579566 595117 566599 552042 535158 539434 518497 559361 579480 536652 525897 547058 571979 570033 537977 547607 558416 587231 590084 540783 525475 544033 548411 603897 667547 632828 572137 522393 551233 574869 513404 510599 553311 546570 1.2087e+07 1.07539e+07 1.07157e+07 1.11908e+07 1.19693e+07 1.27954e+07 1.35392e+07 1.41517e+07 1.46288e+07 1.49873e+07 1.52504e+07 1.54407e+07 1.55772e+07 1.56749e+07 1.57448e+07 1.5795e+07 1.58312e+07 1.58574e+07 1.58766e+07 1.58907e+07 1.59011e+07 1.59089e+07 1.59146e+07 1.5919e+07 1.59223e+07 1.59247e+07 1.59266e+07 1.5928e+07 1.59291e+07 1.59299e+07 1.59305e+07 1.5931e+07 1.59314e+07 1.59317e+07 1.59319e+07 1.5932e+07 1.59322e+07 1.59323e+07 1.59323e+07 1.59324e+07 1.59324e+07 1.59325e+07 1.59325e+07 1.59325e+07 1.59325e+07 1.59325e+07 1.59325e+07 1.59326e+07 1.59326e+07 1.59326e+07 1.59326e+07 1.59326e+07 1.59326e+07 1.59326e+07 1.59326e+07 1.59326e+07 1.59326e+07 1.59326e+07 1.59326e+07 1.59326e+07 1.59326e+07 1.59326e+07 1.59326e+07 1.59326e+07 1.59326e+07 1.59326e+07 1.59326e+07 1.59326e+07 1.59326e+07 1.59326e+07 1.59326e+07 1.59326e+07 1.59326e+07 1.59326e+07 1.59326e+07 1.59326e+07 1.59326e+07 1.59326e+07 1.59326e+07 1.59326e+07 1.59326e+07 1.59326e+07 1.59326e+07 1.59326e+07 1.59326e+07 1.59326e+07 1.59326e+07 1.59326e+07 1.59326e+07 1.59326e+07 1.59326e+07 1.59326e+07 1.59326e+07 1.59326e+07 1.59326e+07 1.59326e+07 1.59326e+07 1.59326e+07 1.59326e+07 1.59326e+07 0 0 0 0 0 0 0 0 0 0 0 0 0 0 0 0 0 0 0 0 0 0 0 0 0
#obs cpue bio
 2.82848e+06 3.77809e+06 3.46848e+06 3.42218e+06 2.9011e+06 2.43078e+06 1.71079e+06 1.90168e+06 1.64328e+06 2.56167e+06 1.3983e+06 1.24418e+06 1.26298e+06 875011 925299 725057 663009 511426 693692 809051 704495 549486 561659 500945 537673 442020 482179 543815 492699 409657 643241 645422 430295 723062 417426 588133 441112 604824 413237 757115 929685 510985 534268 513564 593422 563509 505540 609316 468932 637855 385016 602468 721912 638228 503134 572189 692963 738584 814043 543139 662293 425110 432714 507503 662734 495692
#pred surv len freq
 0.00422164 0.00696532 0.0106901 0.015443 0.02114 0.027471 0.0338855 0.0397463 0.0445758 0.0482093 0.0507567 0.0524534 0.0535322 0.0541702 0.0544872 0.0545654 0.0544713 0.0542564 0.0539065 0.0532388 0.0518161 0.0490048 0.0442507 0.0374688 0.0292734
 0.00457499 0.00743161 0.0111952 0.0158592 0.0213316 0.0273601 0.0334976 0.0392003 0.0440219 0.0477551 0.0504305 0.0522212 0.053349 0.0540272 0.0544264 0.054657 0.0547679 0.0547485 0.054502 0.0537826 0.0521469 0.0490243 0.0439667 0.0369855 0.0287368
 0.00454658 0.00748063 0.0114359 0.0164329 0.0223415 0.0287863 0.0351477 0.0407507 0.0451463 0.0482654 0.050339 0.0516917 0.0525881 0.0531973 0.0536249 0.0539416 0.0541819 0.0543157 0.0542021 0.0535377 0.0518449 0.048573 0.0433462 0.0362606 0.0280214
 0.00470367 0.00769109 0.0116777 0.0166791 0.0225931 0.0291071 0.0356644 0.0415939 0.0463519 0.0497018 0.0517276 0.052724 0.0530643 0.0530967 0.0530756 0.0531338 0.0532895 0.053457 0.0534299 0.052843 0.0511751 0.0478691 0.0425848 0.0354761 0.0272898
 0.00488303 0.00800108 0.012174 0.0174137 0.0235917 0.0303422 0.0370472 0.0430028 0.047687 0.0509239 0.0528395 0.0537048 0.0538193 0.053476 0.0529539 0.0524863 0.0522069 0.0520981 0.0519517 0.0513537 0.0497255 0.0464773 0.0412716 0.034286 0.0262828
 0.00504609 0.0082806 0.0126227 0.0180932 0.0245622 0.031643 0.0386714 0.0448784 0.0496778 0.0528559 0.0545456 0.0550649 0.0547699 0.0539852 0.0529885 0.0520076 0.0512026 0.0506176 0.0501111 0.0493044 0.0476157 0.0444315 0.0393922 0.0326591 0.0249726
 0.00527053 0.00864011 0.013155 0.0188329 0.025539 0.0328764 0.0401623 0.0465996 0.051568 0.0548179 0.0564498 0.0567622 0.0561149 0.0548618 0.0533228 0.0517636 0.0503727 0.0492258 0.0482272 0.0470533 0.045168 0.0419776 0.0371134 0.030701 0.0234245
 0.00546014 0.00896376 0.0136699 0.0196004 0.0266096 0.0342682 0.0418422 0.0484831 0.0535405 0.0567649 0.0582746 0.0583837 0.057453 0.0558275 0.0538229 0.0517157 0.0497221 0.0479591 0.0463836 0.0447358 0.0425453 0.0392683 0.0345498 0.0284819 0.0216741
 0.00574966 0.00942941 0.0143622 0.0205652 0.0278821 0.0358619 0.0437338 0.0506016 0.0557693 0.0589589 0.0602863 0.0600867 0.0587566 0.0566742 0.054173 0.0515315 0.0489635 0.0465967 0.0444254 0.0422546 0.0396955 0.0362786 0.0316848 0.025982 0.0196963
 0.00593091 0.00973111 0.0148295 0.0212447 0.0288137 0.0370648 0.0451938 0.0522675 0.0575626 0.0607886 0.0620589 0.0617082 0.0601326 0.0577143 0.0547974 0.0516737 0.0485702 0.0456297 0.0428757 0.0401678 0.0371962 0.0335738 0.029032 0.0236284 0.0178139
 0.00617762 0.0101328 0.0154352 0.0221004 0.0299534 0.0384964 0.0468847 0.054139 0.0595016 0.0626705 0.0637706 0.0631617 0.0612656 0.0584828 0.0551647 0.0516026 0.0480205 0.0445651 0.0412805 0.0380731 0.0347065 0.0308769 0.0263742 0.0212566 0.015907
 0.00640353 0.0105069 0.0160106 0.0229302 0.0310795 0.0399315 0.048595 0.0560392 0.0614677 0.0645659 0.0654701 0.0645664 0.062308 0.0591241 0.0553866 0.0513953 0.0473725 0.0434606 0.0397114 0.036064 0.0323444 0.028325 0.0238554 0.0190007 0.0140854
 0.00668863 0.0109725 0.0167149 0.0239281 0.0324105 0.0416022 0.0505597 0.0581936 0.0636626 0.0666353 0.0672615 0.065962 0.0632338 0.0595497 0.0553167 0.0508547 0.0463903 0.0420606 0.0379156 0.0339117 0.0299192 0.025773 0.0213743 0.0167964 0.0123123
 0.00684468 0.0112345 0.0171251 0.0245326 0.0332517 0.0427056 0.0519196 0.0597651 0.0653648 0.0683625 0.0688965 0.0673881 0.0643465 0.060268 0.0555907 0.0506667 0.0457484 0.0409897 0.036452 0.0321099 0.0278669 0.0236036 0.0192599 0.0149133 0.0107936
 0.0069511 0.0114347 0.0174765 0.0251045 0.0341087 0.0438808 0.0533911 0.0614502 0.0671378 0.0700851 0.0704444 0.0686638 0.0652803 0.0608138 0.0557222 0.0503748 0.04504 0.039887 0.0349941 0.0303575 0.0259115 0.0215727 0.0173081 0.0131932 0.00941632
 0.00709042 0.0116686 0.0178436 0.0256486 0.0348733 0.0448983 0.054667 0.0629496 0.0687799 0.0717502 0.0719914 0.0699564 0.0662125 0.0613246 0.0557943 0.0500218 0.0442918 0.0387816 0.0335781 0.0286938 0.0240887 0.0197089 0.0155406 0.0116525 0.00819315
 0.00737244 0.0121104 0.0184771 0.0264922 0.0359291 0.0461482 0.0560683 0.0644344 0.0702622 0.073139 0.073201 0.0709109 0.0668481 0.0615941 0.0556738 0.0495144 0.0434245 0.0375983 0.0321346 0.0270586 0.0223483 0.0179705 0.0139227 0.0102634 0.00710364
 0.00746833 0.0122679 0.018717 0.0268344 0.0363885 0.0467284 0.0567568 0.0652031 0.0710752 0.0739615 0.0740033 0.0716632 0.0675117 0.0621172 0.055996 0.0495799 0.043196 0.0370668 0.0313222 0.026017 0.0211559 0.0167262 0.012734 0.00922669 0.00628288
 0.00744521 0.0122421 0.0187006 0.0268472 0.036455 0.0468719 0.056993 0.0655366 0.0714995 0.0744607 0.0745555 0.0722425 0.0680886 0.0626561 0.0564527 0.0499019 0.0433301 0.0369713 0.0309803 0.0254459 0.0204082 0.0158829 0.0118899 0.00846935 0.0056728
 0.00749507 0.0122974 0.0187374 0.0268312 0.0363549 0.0466794 0.0567372 0.0652816 0.0713236 0.0744294 0.0747011 0.0725598 0.0685428 0.0631947 0.0570152 0.0504249 0.0437508 0.0372334 0.031044 0.0252986 0.0200723 0.0154141 0.0113649 0.00796601 0.0052503
 0.00760517 0.0124468 0.0189065 0.02698 0.0364302 0.0466298 0.0565296 0.0649157 0.0708406 0.0739104 0.0742513 0.0722797 0.068497 0.0633935 0.0574155 0.0509473 0.0443017 0.0377236 0.0314021 0.0254817 0.0200727 0.0152602 0.011112 0.00767975 0.004987
 0.00777685 0.0127393 0.0193678 0.0276533 0.0373322 0.0477217 0.0576984 0.0659852 0.0716189 0.0742549 0.0741181 0.0717339 0.0676835 0.0624855 0.0565631 0.0502432 0.0437712 0.0373378 0.0311027 0.0252083 0.0197836 0.0149433 0.0107828 0.00736904 0.00472515
 0.007778 0.0127338 0.0193484 0.0276155 0.0372837 0.0476917 0.0577371 0.0661457 0.071925 0.0746737 0.0745596 0.0720845 0.0678564 0.062458 0.0563802 0.049989 0.0435276 0.0371524 0.0309796 0.0251202 0.0196944 0.0148287 0.0106404 0.00721474 0.00458151
 0.00774504 0.0126857 0.0192858 0.0275412 0.0372009 0.0476026 0.0576452 0.0660616 0.0718727 0.0746879 0.0746701 0.0722939 0.0681277 0.0627247 0.0565772 0.0500836 0.0435299 0.0371006 0.0309129 0.0250588 0.0196374 0.0147654 0.0105639 0.00712848 0.00449687
 0.00783636 0.0128101 0.0194289 0.0276757 0.0372951 0.0476335 0.0576084 0.0659715 0.0717548 0.0745694 0.0745754 0.0722431 0.0681331 0.0627842 0.0566697 0.0501745 0.0435874 0.03711 0.03088 0.0250008 0.0195699 0.014696 0.0104947 0.00706142 0.00443604
 0.0078525 0.0128382 0.0194734 0.0277385 0.0373711 0.0477064 0.0576505 0.0659521 0.0716553 0.0743965 0.0743637 0.072043 0.0679918 0.0627297 0.0567042 0.0502775 0.0437242 0.0372448 0.0309871 0.0250695 0.0196023 0.0147007 0.010481 0.00703743 0.00440871
 0.00789165 0.0129025 0.0195711 0.0278773 0.0375555 0.0479339 0.0579066 0.0662084 0.0718714 0.07453 0.0743828 0.0719402 0.0677891 0.0624727 0.0564456 0.0500587 0.0435644 0.0371401 0.0309201 0.0250204 0.0195577 0.0146552 0.0104356 0.00699557 0.00437352
 0.00789287 0.0128906 0.0195286 0.0277817 0.0373887 0.0476945 0.0576193 0.0659211 0.0716402 0.0743976 0.0743635 0.0720175 0.0679269 0.062633 0.0566034 0.0502064 0.0437062 0.0372815 0.0310597 0.0251499 0.0196662 0.0147358 0.0104873 0.00702322 0.00438461
 0.00791667 0.0129265 0.0195764 0.0278366 0.0374393 0.0477219 0.0575995 0.0658336 0.0714796 0.0741827 0.0741357 0.0718259 0.0678084 0.0625991 0.0566409 0.0502899 0.0438114 0.037393 0.0311695 0.0252527 0.0197566 0.0148083 0.0105391 0.00705537 0.00440136
 0.00789756 0.0128996 0.0195434 0.0278019 0.0374078 0.047697 0.0575801 0.0658127 0.0714456 0.0741236 0.0740458 0.0717125 0.0676929 0.06251 0.0566017 0.0503094 0.0438821 0.0374971 0.0312875 0.025369 0.0198605 0.0148935 0.010603 0.00709853 0.00442723
 0.00793453 0.0129436 0.0195804 0.0278102 0.0373657 0.0475934 0.057423 0.065628 0.0712666 0.0739773 0.0739439 0.0716517 0.0676627 0.0625022 0.0566159 0.0503509 0.0439557 0.0376009 0.0314119 0.0254996 0.0199831 0.0149976 0.0106834 0.00715492 0.00446296
 0.00801222 0.0130449 0.0196863 0.0278861 0.0373695 0.0474896 0.057196 0.0652902 0.0708577 0.0735562 0.0735749 0.0713877 0.0675314 0.0625019 0.0567223 0.0505309 0.0441785 0.0378434 0.0316568 0.0257323 0.0201908 0.0151706 0.0108166 0.00724917 0.00452382
 0.00790683 0.0128985 0.0195107 0.0277044 0.0372051 0.047351 0.057068 0.0651397 0.0706533 0.07329 0.0732735 0.0711051 0.0673292 0.0624263 0.0567898 0.0507271 0.0444682 0.038184 0.0320091 0.0260663 0.0204856 0.0154136 0.0110031 0.00738154 0.00460999
 0.00771153 0.0125991 0.0190957 0.0271797 0.0365975 0.0467087 0.0564575 0.064633 0.0703064 0.0731226 0.0732644 0.0712101 0.0675078 0.0626601 0.0570818 0.0510859 0.0448921 0.038654 0.0324933 0.026529 0.0208965 0.015753 0.0112635 0.00756624 0.00473042
 0.00780595 0.0127237 0.0192299 0.0272869 0.0366359 0.0466482 0.0562941 0.0643917 0.0700314 0.0728603 0.0730479 0.0710507 0.0673979 0.0625844 0.0570313 0.0510649 0.0449147 0.0387324 0.0326275 0.0267041 0.021088 0.0159355 0.0114181 0.0076837 0.00481086
 0.00854623 0.0137825 0.0205541 0.0287318 0.0380012 0.0477402 0.0569783 0.0646148 0.0698146 0.0722808 0.0722171 0.0700908 0.0664171 0.0616599 0.0562048 0.0503525 0.0443205 0.0382579 0.0322725 0.0264619 0.0209425 0.0158631 0.0113927 0.00768304 0.00481938
 0.00922007 0.0148501 0.0220995 0.0307901 0.0405231 0.0505538 0.0597741 0.0669891 0.0713811 0.0728026 0.0716836 0.0686963 0.0644668 0.0594633 0.0540059 0.0483085 0.0425138 0.0367211 0.0310103 0.0254644 0.0201893 0.0153239 0.0110295 0.00745431 0.00468548
 0.00905261 0.0147156 0.0221502 0.0312488 0.0416195 0.0524232 0.0623661 0.0700394 0.0744644 0.0754425 0.0734746 0.069401 0.0640621 0.0581238 0.0520322 0.0460316 0.0402167 0.0346001 0.0291753 0.0239596 0.0190157 0.0144558 0.0104241 0.00705921 0.004446
 0.00901875 0.0146407 0.0220101 0.031033 0.0413644 0.0522466 0.0624713 0.07066 0.075755 0.0773672 0.0757677 0.0716349 0.0657928 0.0590392 0.0520362 0.0452382 0.038876 0.0330013 0.0275686 0.0225167 0.0178269 0.0135463 0.0097759 0.00662958 0.00418247
 0.00873616 0.0142128 0.021424 0.0302966 0.0405037 0.0513048 0.0615187 0.0698117 0.0751792 0.0772615 0.076292 0.0728242 0.0674998 0.0609532 0.0537835 0.0465143 0.0395397 0.0330901 0.027243 0.0219772 0.0172455 0.0130341 0.00938214 0.00635851 0.00401356
 0.00871593 0.0141465 0.0212643 0.0299834 0.0399849 0.0505655 0.0606036 0.0688243 0.0742576 0.0765473 0.0759097 0.0728696 0.0680208 0.0619178 0.0550551 0.0478686 0.0407305 0.033935 0.027679 0.022059 0.017097 0.0127873 0.00913495 0.00616203 0.00388036
 0.00884166 0.0143108 0.0214358 0.0301032 0.0399768 0.0503564 0.0601465 0.0681173 0.0733541 0.0755553 0.0749761 0.0721515 0.0676504 0.0619712 0.0555306 0.0486781 0.0417143 0.0349024 0.0284671 0.022581 0.0173554 0.0128492 0.00908852 0.00608024 0.00380589
 0.00876123 0.0142387 0.021432 0.03025 0.0403441 0.0509538 0.0608891 0.068835 0.0738479 0.0756738 0.0746731 0.0714986 0.0668075 0.0611332 0.0548703 0.0483014 0.0416369 0.0350557 0.0287316 0.0228358 0.0175211 0.0129048 0.00905974 0.00601101 0.00373356
 0.0087085 0.0141484 0.0212915 0.0300557 0.0401147 0.0507426 0.0607815 0.0689194 0.0741655 0.0761767 0.0752244 0.0719264 0.0669834 0.0610289 0.0545623 0.0479267 0.0413287 0.0348915 0.0287155 0.0229154 0.0176255 0.0129803 0.00908644 0.00599803 0.00370194
 0.00869837 0.0141165 0.0212154 0.0299052 0.0398611 0.0503736 0.0603173 0.0684212 0.0737284 0.0759043 0.0751905 0.0721387 0.0673723 0.0614742 0.0549478 0.048191 0.0414809 0.0349869 0.0288114 0.023038 0.0177649 0.0131086 0.00918036 0.00605096 0.00372232
 0.00867594 0.0140816 0.0211646 0.0298338 0.0397608 0.050231 0.0601157 0.0681485 0.0733899 0.0755335 0.0748506 0.0719067 0.0673091 0.061596 0.0552157 0.0485291 0.041813 0.035268 0.0290346 0.023219 0.0179189 0.0132391 0.00928234 0.00612044 0.00376197
 0.0087541 0.0141962 0.0213138 0.0300073 0.0399419 0.0503997 0.0602511 0.0682286 0.0733922 0.07544 0.0746566 0.0716308 0.0669961 0.0613064 0.0550038 0.0484213 0.0418 0.0353162 0.0291076 0.0232927 0.0179844 0.0132948 0.00932756 0.00615377 0.00378306
 0.00864509 0.0140554 0.0211684 0.0299029 0.0399273 0.050504 0.0604665 0.0685102 0.0736755 0.0756642 0.0747814 0.0716419 0.066903 0.061138 0.0548024 0.0482325 0.0416592 0.0352383 0.0290861 0.0233088 0.0180181 0.0133319 0.00936026 0.00617883 0.00379989
 0.00872635 0.0141595 0.0212754 0.0299826 0.0399542 0.0504772 0.0604196 0.0685 0.0737513 0.0758365 0.0750114 0.0718592 0.0670391 0.0611539 0.0546994 0.0480444 0.0414351 0.0350243 0.028913 0.0231877 0.0179441 0.0132926 0.00934245 0.00617232 0.00379828
 0.00868528 0.0141034 0.0212093 0.0299142 0.0398878 0.0504069 0.0603295 0.0683752 0.0735951 0.0756811 0.0749092 0.0718556 0.0671452 0.0613389 0.0549072 0.0482224 0.0415559 0.0350893 0.0289417 0.0232024 0.0179594 0.0133127 0.00936508 0.00619315 0.00381434
 0.00859788 0.0139624 0.0210005 0.0296285 0.0395264 0.0499878 0.0598899 0.0679653 0.0732642 0.0754632 0.0748184 0.0718926 0.0673047 0.0616094 0.0552641 0.0486251 0.0419562 0.0354465 0.0292341 0.0234279 0.0181281 0.0134374 0.00945582 0.00625684 0.00385638
 0.00891076 0.0144575 0.0217174 0.0305866 0.0407123 0.0513394 0.0612873 0.0692414 0.0742418 0.0760045 0.0748629 0.0714654 0.0664997 0.0605592 0.0541082 0.0474834 0.0409112 0.0345405 0.028478 0.0228162 0.0176496 0.0130792 0.00920273 0.00609007 0.00375485
 0.00885892 0.0144073 0.0217052 0.0306684 0.0409502 0.051779 0.0619354 0.0700549 0.0751319 0.0768542 0.0755504 0.0718912 0.0666086 0.0603525 0.0536406 0.0468441 0.0401993 0.0338414 0.0278503 0.0222899 0.0172327 0.0127661 0.00898066 0.00594265 0.00366418
 0.00861313 0.0139866 0.0210383 0.0296911 0.0396379 0.0501901 0.0602389 0.0685129 0.0740277 0.0763966 0.0758045 0.0727671 0.0679058 0.0618296 0.0550816 0.0481017 0.0412067 0.0345988 0.0283968 0.0226758 0.0175024 0.0129524 0.00910615 0.00602375 0.00371368
 0.00879561 0.0142718 0.0214418 0.0302076 0.0402291 0.0507751 0.0606982 0.0687188 0.0738985 0.0759462 0.0751518 0.0720907 0.0673679 0.061514 0.0549772 0.0481311 0.0412753 0.0346362 0.0283742 0.0226004 0.0173996 0.0128486 0.00901882 0.00595968 0.00367185
 0.00860256 0.0139873 0.0210691 0.0297713 0.0397708 0.050343 0.0603352 0.0684508 0.0737255 0.0758438 0.0750876 0.0720503 0.0673726 0.0616126 0.0552143 0.0485129 0.0417592 0.0351477 0.0288397 0.0229728 0.017666 0.0130216 0.00912251 0.00601794 0.00370289
 0.00848909 0.0137539 0.0206315 0.0290313 0.038654 0.048851 0.0585849 0.0666669 0.0721788 0.0747629 0.0745924 0.0721362 0.0679423 0.0625303 0.0563507 0.0497657 0.0430475 0.0363991 0.0299848 0.0239533 0.0184474 0.0136 0.00952019 0.00627206 0.00385373
 0.00896824 0.0145006 0.0216878 0.0303962 0.0402619 0.0505536 0.0601506 0.0678204 0.0726852 0.0745193 0.0736712 0.0707511 0.066361 0.060987 0.0549997 0.0486795 0.0422392 0.0358454 0.029641 0.0237634 0.0183551 0.013559 0.00950058 0.00625934 0.00384354
 0.00913822 0.0148132 0.0222235 0.0312466 0.0415005 0.0521907 0.0620915 0.0698544 0.0745203 0.0758542 0.0742773 0.0705368 0.0653954 0.0594728 0.0532062 0.0468653 0.0405959 0.0344787 0.0285811 0.022989 0.0178177 0.013202 0.00927197 0.00611775 0.00375908
 0.00910928 0.0148093 0.0222993 0.0314846 0.0419964 0.0530252 0.0632982 0.0713952 0.0762747 0.077625 0.0758178 0.0716002 0.0657982 0.0591508 0.0522357 0.0454377 0.0389566 0.0328582 0.0271458 0.0218252 0.0169417 0.0125845 0.00886198 0.00586093 0.00360757
 0.00853983 0.0139341 0.0210819 0.0299395 0.0402029 0.0511379 0.0615483 0.0700652 0.0756333 0.0778421 0.0768967 0.0733641 0.0679357 0.0613023 0.0540896 0.0468042 0.0397949 0.0332517 0.0272424 0.0217735 0.0168497 0.0125083 0.00881719 0.00584186 0.00360291
 0.00821805 0.0133242 0.0200098 0.0282073 0.0376585 0.0477767 0.0575971 0.065985 0.0720204 0.0752672 0.0757569 0.0737965 0.0698049 0.0642491 0.0576247 0.0504261 0.0430995 0.0359985 0.0293612 0.0233194 0.0179373 0.0132569 0.00932256 0.00617292 0.00380933
 0.00888281 0.0143715 0.0215105 0.0301702 0.0399874 0.0502297 0.0597801 0.0674234 0.0723151 0.0742689 0.0736542 0.0710597 0.0670145 0.0619002 0.055994 0.0495391 0.0427896 0.0360156 0.029479 0.0233991 0.0179354 0.0131927 0.00923634 0.00609593 0.00375496
 0.00875763 0.0142506 0.021482 0.0303672 0.0405529 0.051255 0.061243 0.0691554 0.0740174 0.075579 0.074252 0.0707806 0.0659232 0.0602791 0.0542393 0.048014 0.0417069 0.0354029 0.029226 0.0233462 0.0179499 0.0132024 0.00922266 0.00606808 0.00372676
 0.00830608 0.0135207 0.0204003 0.0288925 0.0387139 0.0491931 0.0592314 0.0675574 0.0731729 0.0756664 0.0752027 0.0723009 0.0676146 0.0617949 0.0554012 0.048836 0.0423278 0.0359771 0.0298379 0.0239887 0.0185594 0.0137128 0.00960017 0.00631682 0.00387426
 0.00845821 0.0137169 0.0205985 0.029016 0.038665 0.0488824 0.0586132 0.0666613 0.0721195 0.0746546 0.0744575 0.0719915 0.0677798 0.0623236 0.0560876 0.0494802 0.0428201 0.0363179 0.0300945 0.0242288 0.0188097 0.0139589 0.00981239 0.0064751 0.00397684
#obs surv len freq
 nan nan nan nan nan nan nan nan nan nan nan nan nan nan nan nan nan nan nan nan nan nan nan nan nan
 0.00448065 0.0073403 0.0111689 0.0159847 0.0216859 0.0279628 0.0342786 0.0400117 0.0446927 0.0481576 0.0505161 0.0520125 0.052905 0.0534176 0.0537321 0.0539871 0.0542658 0.0545586 0.0546974 0.0542893 0.0527272 0.0493592 0.0438086 0.0362883 0.0276714
 0.00462045 0.00756675 0.0115079 0.016459 0.0223097 0.0287337 0.0351692 0.0409664 0.0456351 0.0490043 0.0511925 0.0524635 0.0531018 0.053358 0.0534369 0.0534928 0.0536152 0.0537942 0.053858 0.0534117 0.0518501 0.0485254 0.0430625 0.0356676 0.0271971
 0.00477701 0.00782648 0.0119082 0.0170375 0.0230959 0.0297361 0.0363621 0.0422859 0.0469876 0.0502837 0.052297 0.0533076 0.0536228 0.0535205 0.0532353 0.0529493 0.0527744 0.0527146 0.0526052 0.0520556 0.0504657 0.0471932 0.0418626 0.0346659 0.02643
 0.00497014 0.00814096 0.0123829 0.0177095 0.0239952 0.0308746 0.0377223 0.043814 0.0485972 0.0518678 0.0537426 0.0545075 0.0544852 0.0539766 0.0532446 0.052503 0.0518954 0.0514545 0.0510407 0.0502842 0.0486029 0.0453667 0.0401985 0.0332676 0.0253555
 0.00519414 0.00850649 0.0129355 0.0184923 0.0250405 0.0321913 0.0392825 0.0455492 0.0504084 0.053644 0.0553761 0.0559005 0.0555501 0.0546367 0.0534379 0.0521889 0.0510623 0.0501263 0.0492813 0.0481996 0.0463386 0.0430956 0.0380981 0.0314856 0.0239779
 0.00541317 0.00886705 0.0134865 0.0192826 0.0261093 0.0335538 0.0409144 0.0473814 0.0523364 0.0555479 0.0571399 0.0574227 0.0567457 0.055434 0.0537757 0.0520164 0.0503446 0.0488564 0.0474951 0.0459892 0.0438567 0.040544 0.0356957 0.0294219 0.0223693
 0.00564868 0.00925279 0.0140726 0.020118 0.0272332 0.0349811 0.0426212 0.0492979 0.0543564 0.0575477 0.0589975 0.0590301 0.0580133 0.0562908 0.0541651 0.0518918 0.0496692 0.0476108 0.0456943 0.0437053 0.0412342 0.0377951 0.0330664 0.0271355 0.0205709
 0.00589764 0.00965949 0.0146884 0.0209921 0.0284035 0.0364598 0.0443794 0.0512607 0.0564128 0.0595723 0.0608695 0.0606446 0.0592845 0.0571503 0.0545591 0.0517771 0.0490108 0.0463863 0.043909 0.0414164 0.0385727 0.0349689 0.0303301 0.0247311 0.0186634
 0.00614129 0.01006 0.0152992 0.0218657 0.0295809 0.0379543 0.0461599 0.0532465 0.0584857 0.0615998 0.0627274 0.0622289 0.0605144 0.0579655 0.0549148 0.0516381 0.0483479 0.0451793 0.04216 0.0391727 0.0359521 0.0321675 0.027597 0.0223111 0.0167301
 0.00638827 0.0104634 0.0159099 0.0227324 0.0307414 0.0394206 0.0479031 0.0551904 0.0605165 0.0635867 0.0645442 0.0637676 0.0616917 0.0587229 0.0552138 0.0514539 0.0476627 0.0439817 0.0404553 0.0370046 0.033427 0.0294657 0.0249529 0.0199601 0.0148431
 0.00660746 0.0108272 0.0164713 0.0235448 0.0318477 0.0408355 0.0495958 0.0570797 0.0624835 0.0654997 0.06628 0.0652246 0.0627924 0.059413 0.0554588 0.051234 0.0469678 0.0428096 0.0388183 0.034947 0.0310474 0.026928 0.0224708 0.0177503 0.0130655
 0.00682371 0.0111801 0.0170053 0.0243028 0.0328637 0.0421226 0.0511322 0.0588019 0.0642924 0.0672768 0.0679064 0.0665952 0.0638249 0.0600509 0.0556695 0.0510029 0.0462917 0.041694 0.0372824 0.0330374 0.0288564 0.0246038 0.0202044 0.0157347 0.0114437
 0.00705097 0.0115509 0.0175652 0.0250942 0.0339163 0.0434393 0.0526758 0.0604921 0.0660189 0.068922 0.0693647 0.0677826 0.0646798 0.0605317 0.0557523 0.0506786 0.0455629 0.040573 0.0357945 0.0312317 0.0268201 0.0224701 0.0181413 0.0139102 0.00998063
 0.00729071 0.0119433 0.0181601 0.0259382 0.0350415 0.0448469 0.0543197 0.0622755 0.0678093 0.0705791 0.0707676 0.0688445 0.0653512 0.0607949 0.0556121 0.0501528 0.0446748 0.0393493 0.0342694 0.0294571 0.0248781 0.0204796 0.0162471 0.012254 0.0086631
 0.0074344 0.0121861 0.0185428 0.026505 0.0358313 0.0458791 0.055579 0.0637052 0.0693171 0.0720532 0.0720948 0.0699251 0.0661094 0.0611852 0.0556192 0.0497859 0.043959 0.0383188 0.0329664 0.0279371 0.0232192 0.0187869 0.0146442 0.0108587 0.00755705
 0.00755447 0.0123749 0.0188161 0.0268759 0.0363112 0.0464781 0.0563035 0.0645514 0.0702654 0.0730638 0.073107 0.0708629 0.0668918 0.0617383 0.0558874 0.0497381 0.0435898 0.037645 0.0320236 0.0267793 0.0219214 0.0174444 0.0133644 0.00974149 0.00667056
 0.00758202 0.0124245 0.0188995 0.0270069 0.0365031 0.0467391 0.0566344 0.064947 0.0707196 0.0735734 0.0736692 0.0714665 0.0675068 0.0623125 0.0563532 0.0500266 0.0436461 0.0374397 0.0315577 0.0260852 0.0210599 0.0165 0.0124327 0.00891111 0.00600329
 0.00766332 0.0125425 0.0190513 0.0271821 0.0366884 0.0469254 0.056821 0.0651412 0.0709313 0.0738101 0.0739345 0.07176 0.067824 0.0626407 0.0566658 0.0502813 0.0437905 0.0374243 0.0313511 0.0256854 0.0204996 0.0158415 0.0117553 0.00829167 0.00549761
 0.00770967 0.0126156 0.0191563 0.0273205 0.0368556 0.0471089 0.0570009 0.0652949 0.0710434 0.0738811 0.0739823 0.0718127 0.0679075 0.0627682 0.0568322 0.0504632 0.0439489 0.0375123 0.0313252 0.0255202 0.0201981 0.0154382 0.0113073 0.00786157 0.00513521
 0.00776399 0.0126974 0.0192675 0.0274585 0.0370145 0.0472805 0.0571751 0.0654593 0.0711834 0.0739825 0.0740367 0.0718227 0.0678882 0.0627426 0.0568223 0.0504792 0.0439831 0.0375395 0.0313109 0.0254328 0.0200231 0.0151857 0.0110101 0.00756392 0.0048765
 0.00780715 0.012763 0.0193576 0.0275715 0.0371451 0.0474202 0.057313 0.0655835 0.0712836 0.0740518 0.0740733 0.0718286 0.0678687 0.0627062 0.0567804 0.0504432 0.0439595 0.0375242 0.0312879 0.0253802 0.0199232 0.0150353 0.0108238 0.00736868 0.00470051
 0.0078512 0.0128317 0.0194552 0.0276995 0.0373008 0.0475963 0.0574965 0.0657568 0.0714275 0.0741513 0.0741205 0.0718244 0.0678207 0.062626 0.0566812 0.0503378 0.0438584 0.0374326 0.0312037 0.025294 0.0198237 0.0149159 0.0106883 0.00723027 0.00457579
 0.00787917 0.0128751 0.0195166 0.0277797 0.0373991 0.0477098 0.05762 0.0658824 0.0715451 0.0742501 0.0741911 0.0718601 0.0678194 0.0625901 0.0566173 0.0502553 0.0437673 0.0373411 0.0311158 0.0252089 0.0197369 0.0148238 0.0105913 0.0071344 0.0044901
 0.00789025 0.0128905 0.0195352 0.0277989 0.0374162 0.0477233 0.057631 0.0658943 0.0715627 0.0742771 0.0742284 0.0719051 0.0678657 0.0626301 0.0566441 0.0502651 0.0437601 0.0373198 0.0310842 0.0251697 0.019691 0.0147712 0.0105337 0.00707595 0.00443663
 0.00788694 0.0128821 0.0195169 0.0277648 0.0373607 0.0476443 0.0575322 0.0657863 0.0714608 0.0741981 0.0741863 0.0719079 0.0679133 0.0627145 0.0567512 0.0503787 0.0438661 0.0374083 0.0311506 0.0252131 0.0197129 0.0147744 0.0105221 0.00705507 0.0044124
 0.00789925 0.0128967 0.0195288 0.0277657 0.0373409 0.0475957 0.0574518 0.0656775 0.071334 0.0740688 0.0740725 0.0718269 0.0678782 0.0627302 0.0568138 0.0504763 0.043982 0.0375257 0.0312556 0.0252971 0.0197723 0.0148101 0.0105379 0.0070566 0.00440577
 0.0079113 0.0129172 0.0195609 0.0278117 0.0374002 0.0476624 0.0575135 0.0657176 0.0713367 0.0740258 0.0739873 0.0717143 0.0677595 0.0626273 0.0567431 0.0504454 0.0439886 0.0375599 0.0313039 0.0253464 0.0198133 0.0148379 0.0105524 0.0070604 0.00440305
 0.00788357 0.0128714 0.0194912 0.0277134 0.0372724 0.047511 0.0573526 0.0655672 0.0712165 0.0739479 0.0739531 0.0717169 0.0677895 0.0626786 0.0568142 0.050537 0.0441002 0.0376869 0.0314368 0.0254736 0.0199239 0.0149249 0.0106139 0.00709902 0.0044242
 0.00786838 0.0128432 0.0194422 0.0276345 0.0371553 0.0473524 0.0571579 0.0653522 0.0710053 0.0737677 0.0738271 0.0716585 0.0678003 0.0627492 0.0569294 0.0506817 0.0442621 0.0378564 0.0316056 0.0256326 0.020064 0.0150391 0.0106991 0.00715667 0.00445924
 0.00782807 0.0127766 0.0193401 0.0274879 0.0369577 0.0471033 0.0568661 0.0650375 0.070696 0.073496 0.0736233 0.071546 0.0677912 0.062842 0.0571097 0.0509256 0.0445425 0.038148 0.0318877 0.0258898 0.0202853 0.015218 0.0108336 0.00724987 0.00451822
 0.00782476 0.0127684 0.0193224 0.027454 0.0368998 0.0470139 0.0567405 0.0648754 0.0705034 0.0732854 0.0734135 0.0713604 0.0676538 0.0627726 0.057119 0.0510124 0.044694 0.0383436 0.0321036 0.0261036 0.0204795 0.0153808 0.0109596 0.00733947 0.00457639
 0.0078088 0.0127399 0.0192748 0.0273797 0.0367922 0.0468702 0.0565642 0.0646767 0.070297 0.073087 0.0732376 0.0712192 0.067558 0.0627321 0.0571412 0.0511002 0.0448432 0.0385415 0.0323308 0.0263374 0.0206985 0.0155688 0.0111077 0.0074464 0.00464681
 0.00776532 0.0126741 0.0191848 0.0272665 0.0366588 0.0467201 0.056401 0.0645052 0.070124 0.0729224 0.0730933 0.071107 0.0674879 0.0627108 0.0571724 0.0511848 0.0449786 0.0387206 0.0325407 0.0265603 0.0209145 0.0157601 0.0112626 0.00756072 0.00472351
 0.00773247 0.0126154 0.0190872 0.0271162 0.0364462 0.0464469 0.0560851 0.0641793 0.0698266 0.0726856 0.0729354 0.071032 0.06749 0.0627804 0.0572996 0.0513603 0.0451936 0.0389652 0.0328028 0.0268251 0.0211651 0.0159806 0.0114415 0.00769377 0.00481361
 0.00932593 0.0148456 0.0217778 0.0298799 0.038796 0.047975 0.0566057 0.0637582 0.0687026 0.0711525 0.071251 0.0693793 0.0659778 0.0614599 0.0561848 0.0504448 0.0444621 0.0383996 0.0323841 0.0265324 0.0209755 0.0158693 0.0113843 0.00766948 0.00480646
 0.00930034 0.0151023 0.0226899 0.0319111 0.0422989 0.0529186 0.062402 0.0693568 0.0729634 0.0732945 0.0711108 0.0673558 0.0627569 0.057722 0.0524335 0.046976 0.0414127 0.0358126 0.0302554 0.0248364 0.0196741 0.0149149 0.0107211 0.00723666 0.00454337
 0.00896898 0.0145781 0.02195 0.0310019 0.0413913 0.0523468 0.0626247 0.0707934 0.0757434 0.0770696 0.0750965 0.0706298 0.0646448 0.0580322 0.0514279 0.0451535 0.0392733 0.0337197 0.028412 0.0233232 0.0184996 0.0140503 0.0101197 0.00684419 0.00430502
 0.00878006 0.0142648 0.0214677 0.0303079 0.0404616 0.0512064 0.0613882 0.0696941 0.0751165 0.0772614 0.0763091 0.0727725 0.0672981 0.0605831 0.0533189 0.0460965 0.0393081 0.0331138 0.0274965 0.0223676 0.0176649 0.0134011 0.00965819 0.00654145 0.00412166
 0.00873741 0.0141832 0.0213214 0.0300632 0.0400822 0.0506637 0.0606764 0.0688461 0.0742204 0.0764703 0.0758307 0.0728178 0.0679905 0.0618669 0.0549359 0.0476685 0.040492 0.0337349 0.027584 0.02209 0.0172249 0.012957 0.00929598 0.00628568 0.00396079
 0.00869531 0.0141172 0.0212259 0.0299322 0.0399074 0.0504328 0.0603733 0.0684563 0.0737404 0.075922 0.0752752 0.0723611 0.0677684 0.0620014 0.0554725 0.0485303 0.0414877 0.0346316 0.0282051 0.022378 0.0172366 0.012808 0.00909748 0.00610925 0.00383443
 0.00868891 0.0141044 0.0212023 0.0298922 0.0398453 0.0503444 0.060256 0.0683079 0.0735563 0.0756954 0.075003 0.0720561 0.067472 0.0617856 0.0554214 0.0487018 0.0418747 0.0351497 0.0287235 0.0227772 0.0174581 0.0128649 0.0090487 0.00601997 0.00374986
 0.00867756 0.0140866 0.0211765 0.0298572 0.0397998 0.0502868 0.0601851 0.0682227 0.0734567 0.0755813 0.0748736 0.0719112 0.0673158 0.0616343 0.0553079 0.0486702 0.041961 0.0353581 0.0290139 0.0230785 0.017701 0.0130118 0.00910312 0.0060127 0.00371656
 0.00865841 0.0140578 0.0211374 0.0298089 0.0397444 0.0502274 0.0601245 0.0681634 0.0734 0.075527 0.0748199 0.071855 0.0672546 0.061569 0.0552465 0.0486298 0.041965 0.0354254 0.0291455 0.0232517 0.0178764 0.0131524 0.00918997 0.00604931 0.00372016
 0.00866706 0.0140701 0.0211528 0.0298256 0.0397601 0.0502399 0.0601322 0.0681652 0.0733948 0.0755132 0.0747953 0.0718175 0.067203 0.0615041 0.0551727 0.0485565 0.0419064 0.0353973 0.0291586 0.0233048 0.0179544 0.0132328 0.00925337 0.00608708 0.00373514
 0.00866092 0.0140588 0.0211335 0.0297949 0.0397156 0.0501812 0.0600627 0.068092 0.0733272 0.07546 0.0747623 0.0718058 0.0672094 0.061522 0.0551952 0.048579 0.041929 0.0354248 0.0291977 0.0233591 0.018021 0.0133021 0.00931387 0.00613086 0.00376085
 0.00862369 0.0140067 0.0210703 0.0297291 0.0396572 0.0501374 0.0600346 0.0680753 0.0733154 0.0754485 0.0747511 0.0717983 0.0672099 0.0615331 0.0552162 0.0486069 0.0419607 0.0354588 0.029235 0.0234015 0.0180685 0.0133514 0.00935902 0.00616662 0.00378489
 0.00864005 0.0140239 0.0210797 0.029718 0.0396145 0.0500603 0.0599332 0.0679702 0.0732291 0.0753957 0.0747335 0.0718076 0.0672345 0.0615643 0.0552498 0.048642 0.0419971 0.0354964 0.0292737 0.0234412 0.0181088 0.0133907 0.00939462 0.00619561 0.00380563
 0.00863382 0.0140179 0.0210773 0.0297236 0.0396298 0.0500808 0.0599474 0.0679633 0.0731914 0.0753292 0.0746529 0.0717332 0.0671826 0.0615411 0.055252 0.0486619 0.0420271 0.0355311 0.0293101 0.0234778 0.0181445 0.0134241 0.00942417 0.00621961 0.00382318
 0.00861502 0.0139903 0.0210418 0.0296835 0.0395906 0.0500495 0.0599302 0.0679634 0.0732061 0.07535 0.0746683 0.0717351 0.0671706 0.0615225 0.0552371 0.0486582 0.0420368 0.0355518 0.0293377 0.0235082 0.0181749 0.0134524 0.00944879 0.00623946 0.00383778
 0.00861502 0.0139903 0.0210418 0.0296835 0.0395906 0.0500495 0.0599302 0.0679634 0.0732061 0.07535 0.0746683 0.0717351 0.0671706 0.0615225 0.0552371 0.0486582 0.0420368 0.0355518 0.0293377 0.0235082 0.0181749 0.0134524 0.00944879 0.00623946 0.00383778
 0.00887648 0.0144027 0.0216367 0.0304765 0.0405723 0.0511745 0.0611101 0.0690721 0.0741053 0.0759243 0.0748537 0.0715288 0.0666229 0.0607195 0.054281 0.0476491 0.0410586 0.0346647 0.0285765 0.0228869 0.017692 0.0130962 0.00920092 0.00607802 0.00374017
 0.00883262 0.0143603 0.0216268 0.0305464 0.0407743 0.0515468 0.0616582 0.069761 0.0748639 0.0766601 0.0754706 0.0719453 0.0667877 0.0606211 0.053948 0.0471412 0.0404513 0.0340331 0.0279821 0.0223711 0.0172752 0.0127813 0.00897855 0.00593186 0.00365123
 0.00851535 0.0138497 0.0208725 0.029518 0.0394826 0.0500694 0.0601541 0.0684528 0.0739803 0.076361 0.0757948 0.0728053 0.0680077 0.0619941 0.0552881 0.0483173 0.0413981 0.0347428 0.0284853 0.0227141 0.0175038 0.0129319 0.00907676 0.00599443 0.00368951
 0.00871903 0.0141314 0.0212032 0.0298348 0.0397004 0.050104 0.0599482 0.0679973 0.0733265 0.0756188 0.0751105 0.072319 0.0678075 0.0620873 0.0556062 0.0487486 0.0418309 0.0350979 0.0287287 0.0228511 0.0175615 0.0129428 0.0090669 0.00597994 0.00367762
 0.00856817 0.0139237 0.0209581 0.0295887 0.0394892 0.0499394 0.0598031 0.0678132 0.0730447 0.0752169 0.074626 0.0718454 0.0674632 0.0619727 0.0557655 0.0491551 0.0423997 0.0357195 0.0293057 0.0233225 0.0179076 0.0131746 0.00921061 0.00606333 0.00372331
 0.00834769 0.0135542 0.020386 0.0287683 0.0384064 0.0486402 0.0584091 0.0665033 0.0719989 0.0745529 0.0743674 0.0719403 0.0678341 0.0625591 0.0565349 0.0500844 0.0434486 0.0368187 0.0303671 0.0242632 0.0186729 0.0137474 0.00960617 0.00631606 0.00387285
 0.00884188 0.0143137 0.0214419 0.0301074 0.0399596 0.0502761 0.0599384 0.0677081 0.07269 0.0746323 0.073857 0.0709604 0.0665509 0.0611377 0.0551178 0.0487866 0.0423549 0.0359748 0.0297735 0.0238817 0.0184448 0.0136153 0.00952773 0.00626671 0.00384082
 0.00901297 0.0146473 0.0220432 0.0310982 0.0414366 0.0522485 0.0622768 0.0701422 0.074869 0.0762224 0.0746313 0.0708471 0.0656306 0.0596027 0.0532131 0.0467548 0.0403982 0.034237 0.0283361 0.0227679 0.0176325 0.0130544 0.00915903 0.0060354 0.00370275
 0.00895595 0.0145667 0.0219493 0.0310215 0.0414364 0.0524159 0.0627221 0.0709577 0.0760742 0.0777181 0.0761973 0.0721989 0.0665114 0.0598661 0.0528578 0.0459047 0.0392473 0.0329884 0.0271562 0.021764 0.0168507 0.0124918 0.00878248 0.00579996 0.00356494
 0.00859101 0.013981 0.0210855 0.0298426 0.0399462 0.0506878 0.0609219 0.0693387 0.0749292 0.0772976 0.0766261 0.0734248 0.0683108 0.0619066 0.0547979 0.0474895 0.0403617 0.0336524 0.0274763 0.0218725 0.0168595 0.012472 0.00876643 0.00579489 0.0035672
 0.00817312 0.0132758 0.0199799 0.0282244 0.0377412 0.047913 0.057734 0.0660432 0.0719319 0.0750165 0.0753985 0.0734364 0.0695556 0.0641832 0.0577498 0.0506895 0.0434154 0.036283 0.0295593 0.0234149 0.017946 0.0132113 0.00925576 0.00610866 0.00375944
 0.00885193 0.0143028 0.0213756 0.0299373 0.0396369 0.049774 0.0592737 0.0669521 0.0719636 0.0740855 0.0736374 0.0711734 0.0672179 0.0621689 0.0563196 0.0499131 0.0431886 0.0363997 0.0298046 0.023636 0.0180771 0.0132545 0.00924523 0.00607899 0.00373164
 0.00876412 0.014256 0.0214791 0.0303425 0.0404858 0.0511206 0.0610198 0.0688397 0.0736369 0.0751964 0.0739483 0.0706236 0.0659388 0.0604449 0.0545036 0.0483224 0.0420186 0.0356915 0.0294725 0.023536 0.0180758 0.0132685 0.00924308 0.0060616 0.00371001
 0.00833721 0.013559 0.0204351 0.0289064 0.0386866 0.0491091 0.0590854 0.067356 0.0729328 0.075412 0.0749653 0.0721166 0.0675173 0.0618049 0.0555153 0.0490278 0.0425585 0.0362091 0.0300435 0.0241517 0.0186737 0.0137802 0.00962949 0.00632085 0.00386586
 0.00847798 0.0137372 0.0206068 0.0289927 0.0385873 0.0487324 0.0583865 0.0663722 0.0718014 0.0743538 0.0742212 0.0718551 0.0677581 0.06241 0.0562603 0.0497102 0.0430769 0.0365732 0.0303246 0.0244175 0.0189497 0.014051 0.0098641 0.00649774 0.00398217
#pred catch len freq
 0.00309173 0.00505638 0.00769963 0.0110874 0.0152679 0.0202157 0.0257733 0.0316536 0.0375053 0.0429873 0.0478174 0.0518051 0.0548731 0.0570543 0.0584596 0.0592392 0.0595565 0.0595569 0.0592957 0.0586208 0.0570808 0.0539946 0.0487606 0.0412888 0.0322583
