SBPRF35
9.84244
Curr Bio
602296
B35
732452
F35
0.191654
FOFL
0.153585
OFL
73523.6
Bzero
2.81213e+06
#pred survey bio
 4.11986e+06 3.97283e+06 3.8172e+06 3.59915e+06 3.33154e+06 3.03259e+06 2.74007e+06 2.46614e+06 2.17611e+06 1.95211e+06 1.71978e+06 1.51774e+06 1.32681e+06 1.19185e+06 1.06053e+06 935714 823740 759883 711660 670538 646596 612164 601736 592187 579424 575822 568171 570605 571029 572138 571852 576046 583614 587756 569891 551827 544281 539443 526421 535175 533769 544573 550434 551894 556597 562524 565882 573516 571557 577045 587881 553184 541331 572937 563581 576354 612247 576946 546736 513747 527636 590585 554902 555405 598012 607198 2.09589e+07 1.25684e+07 1.28757e+07 1.37627e+07 1.50005e+07 1.63288e+07 1.75732e+07 1.86464e+07 1.95226e+07 2.02119e+07 2.07405e+07 2.1139e+07 2.14361e+07 2.16562e+07 2.18188e+07 2.19389e+07 2.20278e+07 2.20939e+07 2.21432e+07 2.21802e+07 2.22082e+07 2.22294e+07 2.22455e+07 2.22579e+07 2.22675e+07 2.22749e+07 2.22806e+07 2.22851e+07 2.22886e+07 2.22913e+07 2.22935e+07 2.22952e+07 2.22965e+07 2.22976e+07 2.22984e+07 2.22991e+07 2.22996e+07 2.23e+07 2.23003e+07 2.23006e+07 2.23008e+07 2.2301e+07 2.23011e+07 2.23012e+07 2.23013e+07 2.23014e+07 2.23014e+07 2.23014e+07 2.23015e+07 2.23015e+07 2.23015e+07 2.23015e+07 2.23016e+07 2.23016e+07 2.23016e+07 2.23016e+07 2.23016e+07 2.23016e+07 2.23016e+07 2.23016e+07 2.23016e+07 2.23016e+07 2.23016e+07 2.23016e+07 2.23016e+07 2.23016e+07 2.23016e+07 2.23016e+07 2.23016e+07 2.23016e+07 2.23016e+07 2.23016e+07 2.23016e+07 2.23016e+07 2.23016e+07 2.23016e+07 2.23016e+07 2.23016e+07 2.23016e+07 2.23016e+07 2.23016e+07 2.23016e+07 2.23016e+07 2.23016e+07 2.23016e+07 2.23016e+07 2.23016e+07 2.23016e+07 2.23016e+07 2.23016e+07 2.23016e+07 2.23016e+07 2.23016e+07 2.23016e+07 2.23016e+07 2.23016e+07 2.23016e+07 2.23016e+07 2.23016e+07 2.23016e+07 0 0 0 0 0 0 0 0 0 0 0 0 0 0 0 0 0 0 0 0 0 0 0 0 0
#obs survey bio
 2.36813e+06 3.59701e+06 5.28769e+06 2.51215e+06 2.30442e+06 3.01792e+06 2.40326e+06 2.03057e+06 1.58531e+06 1.72289e+06 1.93315e+06 1.24961e+06 1.17568e+06 1.04982e+06 1.07404e+06 882701 780533 499606 528900 859478 355354 430691 427557 660700 572532 460036 533483 524079 588111 510428 516729 460711 839129 604269 612061 665349 521294 722068 406099 477758 566431 481605 431678 639034 654586 698563 461302 549822 576812 748856 916006 427414 493296 434509 446421 896968 689860 607559 403279 353078 797751 732273 516020 549358 568505 573782
#pred catch bio
 87694.6 94228 156233 214821 263176 280568 287517 324366 283708 305871 289572 286863 242308 241802 235708 221688 177405 161590 151660 133161 138649 116013 114118 115147 106007 108345 98917.4 99987.6 98533.2 98355.5 92962.8 88660.9 89658.6 104751 100474 89988.5 90241.5 100301 83799.4 92940.9 82562.6 87330.3 91267.8 88500.1 87644.8 90249.5 87464.2 96191.3 90229.4 86524.6 124177 103356 68432.5 103984 84544.1 65570.3 123796 115980 116782 77200.2 38756.3 121928 89779.8 57298.6 87057.3 98544.3 73523.6 89871.7 90738.1 95644.9 103774 112824 121283 128462 134187 138555 141783 144111 145758 146907 147699 148241 148608 148855 149022 149133 149207 149256 149289 149310 149325 149334 149340 149344 149347 149349 149350 149351 149351 149352 149352 149352 149352 149352 149352 149352 149352 149352 149352 149352 149352 149352 149352 149352 149352 149352 149352 149352 149352 149352 149352 149352 149352 149352 149352 149352 149352 149352 149352 149352 149352 149352 149352 149352 149352 149352 149352 149352 149352 149352 149352 149352 149352 149352 149352 149352 149352 149352 149352 149352 149352 149352 149352 149352 149352 149352 149352 149352 149352 149352 149352 149352 149352 149352 149352 149352 0 0 0 0 0 0 0 0 0 0 0 0 0 0 0 0 0 0 0 0 0 0 0 0 0
#obs catch bio
 0 94017.9 156603 215636 265107 282902 290884 330778 289059 312030 294593 293216 246289 247021 240384 226441 180233 165479 155234 134287 140942 117669 116054 116860 107082 110036 100136 101182 99532.1 99695.4 93843.4 89347.1 90087 105147 100955 89901.8 90392.6 100161 83839.4 93009 81808.8 86867.9 91137.7 88237 87159.4 89617.7 87109.1 95966.6 90115.1 85823.5 123821 103201 67752.9 104134 84664.8 64937.6 123382 114580 115776 77086.3 38033.2 121809 89478.3 56828.4 86978.6 98636.5
#pred cpue bio
 4.05474e+06 3.91079e+06 3.75816e+06 3.54154e+06 3.27471e+06 2.97675e+06 2.68527e+06 2.41241e+06 2.12419e+06 1.90167e+06 1.67151e+06 1.4715e+06 1.28282e+06 1.14937e+06 1.01991e+06 897274 787612 725123 678308 638899 616146 582828 572672 563536 551382 548040 540746 543299 543931 545252 545381 549936 557785 562420 545741 528720 520913 514780 501127 509619 508756 519516 525176 526546 531202 537039 540219 547479 545487 550802 561375 527534 515651 546311 537526 550209 585746 551867 522042 489329 502785 564764 530511 530296 571368 581014 2.0093e+07 1.20621e+07 1.2235e+07 1.29591e+07 1.4134e+07 1.54461e+07 1.66871e+07 1.77596e+07 1.86357e+07 1.9325e+07 1.98536e+07 2.0252e+07 2.05491e+07 2.07692e+07 2.09318e+07 2.10519e+07 2.11409e+07 2.12069e+07 2.12563e+07 2.12933e+07 2.13212e+07 2.13424e+07 2.13586e+07 2.1371e+07 2.13805e+07 2.13879e+07 2.13937e+07 2.13981e+07 2.14016e+07 2.14044e+07 2.14065e+07 2.14082e+07 2.14095e+07 2.14106e+07 2.14114e+07 2.14121e+07 2.14126e+07 2.1413e+07 2.14134e+07 2.14136e+07 2.14138e+07 2.1414e+07 2.14141e+07 2.14142e+07 2.14143e+07 2.14144e+07 2.14144e+07 2.14145e+07 2.14145e+07 2.14145e+07 2.14146e+07 2.14146e+07 2.14146e+07 2.14146e+07 2.14146e+07 2.14146e+07 2.14146e+07 2.14146e+07 2.14146e+07 2.14146e+07 2.14146e+07 2.14146e+07 2.14146e+07 2.14146e+07 2.14146e+07 2.14146e+07 2.14146e+07 2.14147e+07 2.14147e+07 2.14147e+07 2.14147e+07 2.14147e+07 2.14147e+07 2.14147e+07 2.14147e+07 2.14147e+07 2.14147e+07 2.14147e+07 2.14147e+07 2.14147e+07 2.14147e+07 2.14147e+07 2.14147e+07 2.14147e+07 2.14147e+07 2.14147e+07 2.14147e+07 2.14147e+07 2.14147e+07 2.14147e+07 2.14147e+07 2.14147e+07 2.14147e+07 2.14147e+07 2.14147e+07 2.14147e+07 2.14147e+07 2.14147e+07 2.14147e+07 2.14147e+07 0 0 0 0 0 0 0 0 0 0 0 0 0 0 0 0 0 0 0 0 0 0 0 0 0
#obs cpue bio
 2.82848e+06 3.77809e+06 3.46848e+06 3.42218e+06 2.9011e+06 2.43078e+06 1.71079e+06 1.90168e+06 1.64328e+06 2.56167e+06 1.3983e+06 1.24418e+06 1.26298e+06 875011 925299 725057 663009 511426 693692 809051 704495 549486 561659 500945 537673 442020 482179 543815 492699 409657 643241 645422 430295 723062 417426 588133 441112 604824 413237 757115 929685 510985 534268 513564 593422 563509 505540 609316 468932 637855 385016 602468 721912 638228 503134 572189 692963 738584 814043 543139 662293 425110 432714 507503 662734 495692
#pred surv len freq
 0.00538768 0.00865424 0.0128505 0.0179008 0.0236549 0.0298272 0.0359584 0.0415111 0.0460689 0.0494804 0.0518445 0.0533886 0.0543527 0.0549269 0.0552264 0.0552867 0.055075 0.0545068 0.053445 0.0516736 0.0488824 0.0447334 0.0390451 0.0320145 0.0243043
 0.0055371 0.00881184 0.0129357 0.0178003 0.0232717 0.0291453 0.0350836 0.0406472 0.0454296 0.0491871 0.0518732 0.0535964 0.0545607 0.05501 0.0551655 0.0551675 0.05504 0.0546835 0.0538815 0.052311 0.0495799 0.0453336 0.0394427 0.0321911 0.024314
 0.00583252 0.00926477 0.0135602 0.0185753 0.0241279 0.0299601 0.0356947 0.0408992 0.0452444 0.0486174 0.0510914 0.0528116 0.0539156 0.0545281 0.0547808 0.0548047 0.054682 0.0543821 0.0537116 0.0523084 0.0497081 0.0455015 0.039557 0.0322041 0.0242365
 0.0061063 0.00970829 0.0142239 0.0195019 0.0253396 0.0314366 0.0373499 0.0425698 0.0467092 0.0496508 0.0515351 0.0526331 0.053218 0.053498 0.0536051 0.0536069 0.0535169 0.0532732 0.0526875 0.051405 0.048946 0.04487 0.0390242 0.031743 0.0238415
 0.00638364 0.0101514 0.0148776 0.0204057 0.0265239 0.0329147 0.039103 0.0445311 0.048754 0.0515975 0.0531651 0.053731 0.0536286 0.0531779 0.052636 0.0521605 0.0517898 0.0514331 0.0508546 0.049662 0.0473519 0.0434655 0.0378329 0.0307743 0.0230942
 0.00670703 0.0106614 0.0156165 0.0214043 0.0277993 0.0344658 0.0409038 0.0465249 0.0508541 0.0536914 0.0551151 0.0553747 0.0547886 0.0536915 0.0524008 0.0511734 0.0501545 0.0493298 0.0484904 0.0472294 0.0450092 0.0413349 0.0360023 0.0292959 0.021981
 0.00702322 0.0111643 0.0163528 0.0224109 0.0290975 0.0360536 0.0427458 0.0485496 0.0529622 0.055773 0.0570621 0.0570807 0.0561406 0.0545641 0.0526665 0.0507318 0.0489716 0.0474652 0.0460967 0.0445222 0.0422253 0.0386941 0.03368 0.0274045 0.0205614
 0.00727897 0.0115789 0.0169749 0.0232861 0.0302612 0.0375189 0.0444901 0.050508 0.055035 0.0578428 0.0590118 0.0588039 0.0575426 0.0555554 0.0531549 0.050624 0.0481909 0.0459854 0.0439749 0.0419121 0.0393596 0.0358405 0.0310865 0.0252511 0.0189311
 0.0075875 0.0120694 0.0176931 0.0242689 0.0315327 0.0390829 0.0463197 0.0525385 0.0571674 0.0599571 0.0609835 0.060518 0.0589015 0.0564808 0.0535825 0.0504948 0.0474495 0.0445947 0.0419465 0.0393404 0.0364352 0.0328284 0.0282697 0.0228613 0.0170962
 0.0078208 0.0124394 0.0182333 0.0250064 0.0324863 0.0402591 0.0477067 0.0541012 0.0588486 0.0616829 0.0626698 0.0620748 0.0602369 0.0575052 0.0542124 0.0506547 0.0470738 0.0436343 0.040389 0.037239 0.0339321 0.0301509 0.0256869 0.0206156 0.0153399
 0.00814125 0.0129447 0.0189645 0.0259909 0.0337328 0.0417515 0.0493961 0.0559052 0.060663 0.0634023 0.0642051 0.0633599 0.0612246 0.0581585 0.0544957 0.0505285 0.0464938 0.0425598 0.0388016 0.0351706 0.0314928 0.0275341 0.0231396 0.0183753 0.0135678
 0.00843614 0.0134134 0.0196501 0.0269262 0.034935 0.0432129 0.0510738 0.057717 0.0624962 0.0651338 0.0657228 0.0645778 0.0620884 0.0586424 0.0545922 0.0502349 0.0458016 0.0414537 0.0372724 0.0332416 0.0292482 0.0251321 0.0207922 0.0162959 0.011909
 0.00882008 0.0140111 0.0205004 0.0280482 0.0363262 0.0448474 0.0528961 0.0596388 0.0644023 0.0668977 0.0672259 0.0657243 0.0628146 0.0589202 0.0544248 0.0496462 0.0448216 0.0401083 0.0355849 0.03125 0.0270297 0.0228196 0.0185636 0.0143333 0.0103448
 0.00904588 0.0143739 0.0210383 0.0287934 0.0372988 0.0460459 0.054288 0.0611577 0.0659574 0.0683902 0.0685631 0.0668261 0.0636154 0.05937 0.0544932 0.0493235 0.0441175 0.0390461 0.0341985 0.0295891 0.0251727 0.0208835 0.0166971 0.0126867 0.00902815
 0.00926273 0.0147258 0.0215667 0.0295361 0.0382823 0.0472731 0.0557256 0.0627308 0.0675587 0.0698998 0.0698697 0.067842 0.064283 0.0596607 0.0544016 0.0488609 0.043306 0.0379166 0.0327923 0.0279626 0.023406 0.0190848 0.0149946 0.0112044 0.00785313
 0.00948763 0.0150868 0.0221014 0.0302768 0.0392505 0.0484703 0.057122 0.0642601 0.069122 0.0713809 0.0711527 0.068828 0.0649018 0.0598772 0.0542148 0.0482963 0.0424051 0.0367288 0.0313722 0.0263743 0.0217292 0.0174183 0.0134484 0.00987921 0.00681513
 0.00980529 0.0155749 0.0227837 0.0311576 0.0403165 0.0496939 0.0584608 0.0656543 0.0704955 0.0726478 0.0722271 0.0696332 0.065378 0.0599883 0.0539521 0.0476776 0.0414701 0.0355316 0.0299761 0.0248502 0.020158 0.0158908 0.0120587 0.00870784 0.00590993
 0.00981737 0.0156113 0.0228692 0.0313258 0.0406017 0.0501189 0.0590267 0.0663392 0.0712627 0.0734559 0.0730353 0.0703985 0.06605 0.0605092 0.0542637 0.0477337 0.0412473 0.0350347 0.0292378 0.023927 0.0191251 0.0148353 0.0110689 0.00785831 0.00524636
 0.0096838 0.0154198 0.02263 0.031068 0.0403699 0.0499648 0.0589995 0.0664764 0.0715819 0.073949 0.0736675 0.0711157 0.0667891 0.0612061 0.0548572 0.0481674 0.0414747 0.0350275 0.0289938 0.0234742 0.0185195 0.0141526 0.0103905 0.00725547 0.00476545
 0.0098275 0.0156027 0.022813 0.0311872 0.040359 0.0497888 0.0586803 0.0660928 0.0712424 0.0737528 0.073674 0.0713333 0.0671822 0.0617109 0.0553975 0.0486678 0.0418685 0.0352634 0.0290424 0.0233344 0.0182201 0.013748 0.0099484 0.00683998 0.00442247
 0.00997205 0.0158161 0.0230914 0.0315065 0.0406735 0.0500348 0.0587868 0.0660023 0.070938 0.0732796 0.0731365 0.070863 0.0668906 0.0616516 0.0555567 0.0489789 0.04224 0.0356046 0.0292827 0.0234338 0.0181739 0.0135834 0.00971387 0.00658952 0.00419995
 0.0101571 0.0161113 0.0235236 0.0320925 0.041411 0.0508904 0.0596861 0.0668313 0.0715647 0.07359 0.0730729 0.0704468 0.0662185 0.0608658 0.0547985 0.048347 0.0417699 0.0352752 0.02904 0.0232201 0.0179496 0.0133364 0.00945668 0.00634749 0.00399722
 0.0101161 0.0160506 0.0234446 0.0320038 0.0413307 0.0508462 0.0597116 0.0669558 0.071797 0.0739046 0.0734091 0.0707256 0.066374 0.0608729 0.0546829 0.0481705 0.0415996 0.0351538 0.0289735 0.0231849 0.0179127 0.0132748 0.00936692 0.00624229 0.00389555
 0.0100553 0.0159599 0.0233236 0.0318578 0.0411702 0.0506857 0.0595695 0.0668546 0.0717621 0.0739584 0.0735601 0.0709591 0.0666491 0.0611334 0.0548787 0.048278 0.0416283 0.0351356 0.0289414 0.0231568 0.0178882 0.0132443 0.00932344 0.00618774 0.00383871
 0.0101541 0.0160952 0.0234806 0.0320076 0.0412785 0.0507265 0.0595361 0.0667612 0.071637 0.0738338 0.073464 0.0709103 0.0666539 0.0611829 0.0549494 0.0483399 0.0416576 0.0351242 0.0288977 0.0230972 0.0178261 0.0131859 0.00926909 0.00613731 0.00379395
 0.0101121 0.0160401 0.0234209 0.0319568 0.0412475 0.0507151 0.0595279 0.0667301 0.0715616 0.0737126 0.0733206 0.0707843 0.066584 0.0611913 0.0550354 0.0484818 0.0418223 0.0352796 0.0290222 0.023183 0.0178766 0.0132092 0.00927369 0.00613017 0.00378095
 0.0101069 0.0160311 0.023407 0.0319381 0.0412273 0.0507006 0.0595292 0.0667545 0.071607 0.0737634 0.0733532 0.0707794 0.066539 0.0611233 0.0549721 0.0484467 0.0418245 0.0353117 0.0290675 0.0232249 0.0179051 0.0132219 0.00927356 0.00612216 0.00376978
 0.0100569 0.015947 0.0232756 0.0317469 0.0409691 0.0503799 0.0591682 0.0663936 0.0712964 0.0735494 0.073264 0.0708174 0.0666827 0.0613386 0.0552253 0.0487141 0.0420925 0.0355714 0.0293092 0.0234373 0.0180783 0.0133512 0.00936118 0.00617547 0.00379843
 0.00998717 0.0158451 0.0231429 0.0315906 0.040798 0.0501994 0.0589777 0.0661902 0.0710823 0.0733391 0.0730848 0.0707018 0.0666564 0.0614096 0.0553822 0.0489319 0.0423421 0.0358277 0.0295536 0.0236561 0.0182621 0.0134947 0.00946409 0.00624255 0.00383779
 0.00981402 0.0155899 0.0228081 0.0311966 0.0403785 0.0497927 0.0586187 0.065905 0.0708854 0.0732327 0.073061 0.0707498 0.0667689 0.0615849 0.0556193 0.049224 0.0426729 0.0361737 0.0298894 0.0239603 0.0185196 0.0136981 0.00961319 0.00634318 0.00389979
 0.00973548 0.0154555 0.0225946 0.0308818 0.0399504 0.0492621 0.058028 0.0653244 0.0703946 0.0728956 0.072908 0.070775 0.0669416 0.0618655 0.0559721 0.0496218 0.0430948 0.0366005 0.0303007 0.0243356 0.0188417 0.0139564 0.00980549 0.00647531 0.003983
 0.00962827 0.0152883 0.0223559 0.0305637 0.0395489 0.0487771 0.057468 0.0647134 0.0697776 0.0723374 0.0724817 0.0705429 0.066936 0.06208 0.0563665 0.0501383 0.0436745 0.0371933 0.0308679 0.0248483 0.0192794 0.0143076 0.0100684 0.00665752 0.00409903
 0.00940912 0.0149592 0.0219111 0.030016 0.038925 0.0481112 0.0567957 0.0640699 0.0691973 0.0718532 0.0721254 0.0703458 0.0669263 0.062275 0.0567627 0.0507054 0.0443595 0.0379321 0.0315983 0.0255197 0.0198569 0.0147726 0.0104175 0.00690048 0.00425465
 0.00913846 0.0145492 0.0213507 0.0293165 0.0381189 0.047247 0.055934 0.0632779 0.0685387 0.0713756 0.0718521 0.0702776 0.067051 0.0625775 0.0572284 0.0513157 0.0450848 0.0387276 0.0324084 0.026287 0.0205333 0.0153272 0.0108394 0.00719686 0.00444596
 0.00913392 0.014529 0.0212969 0.0292053 0.0379273 0.0469635 0.0555668 0.0628559 0.0681036 0.0709691 0.0715064 0.0700123 0.0668762 0.062499 0.0572519 0.0514472 0.0453259 0.0390691 0.0328253 0.0267403 0.020978 0.0157227 0.0111593 0.00743217 0.00460314
 0.00998068 0.0157187 0.0227412 0.0307039 0.0392229 0.0478315 0.0558888 0.0626395 0.0674507 0.0700248 0.0704164 0.0688993 0.0658306 0.0615789 0.0564889 0.0508547 0.0449065 0.0388167 0.0327239 0.0267616 0.0210833 0.0158693 0.0113094 0.0075601 0.00469749
 0.0106426 0.0167612 0.0242379 0.0326754 0.0416041 0.0504383 0.0584085 0.0646796 0.0686524 0.0701918 0.0695832 0.0672982 0.063787 0.0594013 0.0544049 0.0489992 0.0433416 0.0375584 0.0317615 0.0260676 0.0206176 0.0155834 0.011152 0.00748464 0.00466762
 0.0104675 0.0165947 0.0242062 0.0329693 0.0424286 0.0519285 0.0605499 0.0672723 0.07134 0.072544 0.0712064 0.0679409 0.0634052 0.0581556 0.0525893 0.0469399 0.041312 0.0357403 0.0302473 0.0248827 0.0197447 0.0149799 0.0107628 0.00725214 0.00453983
 0.0101839 0.0161792 0.023672 0.0323763 0.0418899 0.0516075 0.0606396 0.0679482 0.0726863 0.0744824 0.0734724 0.0701383 0.0651241 0.0591026 0.0526699 0.0462621 0.0401202 0.0343194 0.0288411 0.023653 0.0187675 0.0142655 0.0102802 0.00695124 0.00436724
 0.00987204 0.0156783 0.0229328 0.0313658 0.04061 0.0501203 0.0590904 0.0665659 0.0717463 0.0742351 0.0740588 0.0715255 0.0670901 0.0612868 0.0546796 0.0477923 0.0410348 0.0346588 0.0287652 0.0233572 0.0184157 0.0139583 0.0100574 0.00681163 0.00429066
 0.0100039 0.0158414 0.0230821 0.031424 0.0404838 0.0497303 0.0584023 0.0656126 0.0706357 0.0731417 0.0731973 0.0711011 0.0672329 0.0619945 0.055801 0.0490697 0.0421931 0.0354998 0.02922 0.0234784 0.0183232 0.0137771 0.00987665 0.00667399 0.00420343
 0.0100549 0.015918 0.023183 0.0315374 0.0405814 0.0497634 0.0583043 0.0653141 0.0700924 0.0723668 0.0722807 0.0702018 0.0665424 0.0616791 0.0559427 0.049631 0.0430245 0.0363943 0.0299901 0.0240164 0.0186175 0.013885 0.00987835 0.00663607 0.00416419
 0.00998446 0.0158309 0.0231024 0.0315 0.040626 0.0499109 0.0585405 0.0655839 0.0703102 0.0724402 0.0721416 0.069836 0.066007 0.0610959 0.0554633 0.0493818 0.0430572 0.0366665 0.0303892 0.0244135 0.0189201 0.0140617 0.00994883 0.00664251 0.00414529
 0.00992687 0.0157431 0.0229824 0.0313539 0.0404708 0.0497761 0.0584653 0.0656058 0.0704464 0.0726699 0.0724016 0.0700391 0.0660761 0.0610004 0.055237 0.049112 0.042847 0.0365884 0.0304554 0.0245786 0.0191125 0.0142211 0.0100484 0.00668693 0.00415478
 0.00993487 0.0157419 0.0229549 0.0312764 0.0403211 0.0495454 0.0581689 0.0652859 0.0701633 0.0724838 0.0723515 0.0701263 0.0662606 0.0612155 0.0554177 0.0492249 0.0429028 0.0366293 0.0305254 0.0246964 0.0192638 0.014373 0.0101711 0.00676759 0.00419767
 0.00999899 0.0158324 0.0230645 0.0313876 0.0404077 0.0495778 0.0581211 0.065143 0.0699299 0.0721892 0.0720471 0.0698716 0.0661031 0.0611718 0.055469 0.0493291 0.043018 0.036733 0.0306184 0.0247907 0.0193668 0.014479 0.0102663 0.0068401 0.00424409
 0.0100435 0.0159068 0.0231796 0.0315522 0.0406238 0.0498339 0.0583875 0.0653742 0.0700754 0.0722102 0.0719314 0.0696396 0.0658024 0.0608618 0.055201 0.0491313 0.042892 0.036663 0.0305857 0.024783 0.0193781 0.0145046 0.0102991 0.00687172 0.00426835
 0.00996602 0.0157972 0.0230454 0.031412 0.0405037 0.0497606 0.0583805 0.0654399 0.0702036 0.0723739 0.0720918 0.0697578 0.0658531 0.060843 0.055134 0.0490497 0.0428265 0.0366308 0.0305882 0.0248117 0.0194217 0.0145536 0.010346 0.00691129 0.0042978
 0.00997323 0.0158085 0.0230618 0.0314355 0.0405377 0.0498111 0.0584553 0.0655465 0.0703444 0.0725412 0.0722657 0.0699082 0.0659475 0.0608573 0.0550616 0.0489051 0.0426404 0.036439 0.0304199 0.0246828 0.0193348 0.0145025 0.0103209 0.00690224 0.00429687
 0.00995063 0.0157684 0.0229959 0.0313348 0.0403964 0.0496315 0.0582521 0.065347 0.0701833 0.0724513 0.072268 0.0700049 0.0661201 0.061071 0.0552751 0.0490837 0.0427656 0.0365116 0.0304546 0.0246985 0.0193464 0.0145171 0.0103388 0.00692065 0.00431265
 0.00987803 0.0156572 0.022841 0.0311356 0.0401563 0.0493569 0.0579537 0.0650418 0.0698961 0.072214 0.0721145 0.0699634 0.066204 0.0612723 0.0555648 0.0494182 0.0430995 0.0368094 0.0306978 0.0248853 0.0194852 0.0146191 0.0104134 0.0069739 0.00434887
 0.0102217 0.0161892 0.0235899 0.0321053 0.0413202 0.0506523 0.0592776 0.0662565 0.0708527 0.0727877 0.0722375 0.0696403 0.0655056 0.060313 0.0544723 0.048306 0.0420491 0.0358681 0.0298862 0.0242089 0.0189427 0.0142042 0.0101146 0.00677349 0.00422486
 0.010223 0.0162093 0.023654 0.032249 0.0415821 0.0510605 0.059836 0.0669364 0.0715928 0.0735027 0.0728325 0.0700299 0.0656339 0.0601683 0.0540896 0.0477552 0.0414142 0.0352253 0.0292915 0.0236948 0.0185228 0.0138798 0.00987855 0.00661335 0.00412451
 0.00984556 0.0156209 0.0228187 0.0311592 0.0402699 0.04961 0.0583894 0.0656812 0.0707217 0.073158 0.0730621 0.0707751 0.066752 0.0614758 0.0554095 0.0489535 0.042417 0.0360146 0.0298865 0.0241305 0.0188348 0.0140978 0.0100258 0.00670827 0.00418228
 0.00987875 0.0156724 0.0228898 0.0312448 0.0403539 0.0496629 0.0583713 0.0655559 0.0704777 0.0728268 0.0727172 0.0705084 0.066636 0.0615345 0.055611 0.0492282 0.0426881 0.0362255 0.0300138 0.024181 0.0188318 0.0140675 0.00998848 0.00667562 0.00415864
 0.00959908 0.0152544 0.0223296 0.0305646 0.0395977 0.0488863 0.0576333 0.0649107 0.0699686 0.072481 0.0725479 0.0705225 0.0668416 0.0619363 0.056197 0.0499563 0.0434869 0.0370107 0.030712 0.0247476 0.0192553 0.0143617 0.0101799 0.00679286 0.00422625
 0.00935291 0.0148394 0.0216805 0.0296193 0.0383207 0.0473007 0.0558458 0.0631075 0.0683731 0.0712923 0.0718909 0.0704313 0.0672739 0.0628032 0.0573899 0.0513625 0.0449941 0.0385093 0.0321019 0.0259502 0.0202254 0.015091 0.0106907 0.00712585 0.00442779
 0.00994485 0.0157258 0.0228691 0.0310556 0.0398886 0.0488343 0.0571475 0.0639787 0.0686625 0.0709462 0.0709773 0.0691186 0.0657758 0.06132 0.0560712 0.050296 0.0442109 0.0379953 0.0318105 0.0258175 0.0201867 0.0150946 0.0107046 0.00713603 0.00443186
 0.0101768 0.0161298 0.0235236 0.0320415 0.0412586 0.0505703 0.0591242 0.0659635 0.0703627 0.0720879 0.0713802 0.0687397 0.0647108 0.0597687 0.0542803 0.0484998 0.0425876 0.0366483 0.030773 0.0250694 0.0196775 0.0147637 0.0104969 0.00700906 0.0043564
 0.0101243 0.01609 0.0235504 0.0322195 0.0416895 0.0513447 0.0602874 0.0674867 0.0721263 0.0738855 0.0729499 0.0698229 0.0651233 0.0594547 0.0533257 0.0470993 0.0409825 0.035063 0.0293697 0.0239335 0.0188257 0.0141666 0.010103 0.00676371 0.00421207
 0.00977582 0.0155273 0.0227162 0.0310788 0.0402557 0.0497117 0.0586499 0.0661206 0.0713205 0.0738455 0.0737202 0.0712647 0.0669552 0.0613383 0.0549628 0.0483066 0.0417192 0.0354055 0.0294545 0.0238963 0.0187625 0.0141242 0.0100904 0.00677102 0.00422646
 0.00947082 0.0149936 0.0218444 0.029748 0.0383676 0.0472442 0.0557111 0.0629712 0.068344 0.0714728 0.0723313 0.0710934 0.0680228 0.0634413 0.0577275 0.0512951 0.044547 0.0378232 0.0313677 0.0253305 0.0198035 0.014866 0.0106092 0.00712217 0.00445158
 0.0102815 0.0162226 0.0235207 0.0318191 0.0406888 0.0495782 0.057741 0.0643462 0.0687692 0.0708172 0.0706977 0.0688046 0.0655245 0.0611633 0.0559608 0.0501323 0.0439013 0.0375091 0.0311979 0.0251822 0.0196337 0.0146864 0.0104487 0.00700061 0.00437242
 0.010153 0.0161034 0.0235058 0.0320483 0.0413038 0.0506556 0.059232 0.0660587 0.0704051 0.0720504 0.0712656 0.0685861 0.0645817 0.0597274 0.0543584 0.0486765 0.042795 0.0368044 0.0308232 0.0250111 0.0195525 0.0146285 0.0103925 0.00694888 0.00433232
 0.00937974 0.0149374 0.0219277 0.0301188 0.0391699 0.0485436 0.057427 0.0648564 0.0700287 0.0725608 0.0725184 0.0702719 0.0663365 0.0612594 0.0555314 0.0495179 0.0434351 0.0373846 0.0314245 0.0256337 0.0201439 0.0151295 0.0107703 0.00720428 0.00448856
 0.00885962 0.0141427 0.0208274 0.0287215 0.0375252 0.0467421 0.0556054 0.0631995 0.0687534 0.0718735 0.0725544 0.0710403 0.0676982 0.0629588 0.0572775 0.051079 0.0447009 0.0383658 0.0321993 0.0262816 0.0207052 0.0156052 0.0111462 0.0074742 0.00466302
#obs surv len freq
 nan nan nan nan nan nan nan nan nan nan nan nan nan nan nan nan nan nan nan nan nan nan nan nan nan
 0.00448065 0.0073403 0.0111689 0.0159847 0.0216859 0.0279628 0.0342786 0.0400117 0.0446927 0.0481576 0.0505161 0.0520125 0.052905 0.0534176 0.0537321 0.0539871 0.0542658 0.0545586 0.0546974 0.0542893 0.0527272 0.0493592 0.0438086 0.0362883 0.0276714
 0.00462045 0.00756675 0.0115079 0.016459 0.0223097 0.0287337 0.0351692 0.0409664 0.0456351 0.0490043 0.0511925 0.0524635 0.0531018 0.053358 0.0534369 0.0534928 0.0536152 0.0537942 0.053858 0.0534117 0.0518501 0.0485254 0.0430625 0.0356676 0.0271971
 0.00477701 0.00782648 0.0119082 0.0170375 0.0230959 0.0297361 0.0363621 0.0422859 0.0469876 0.0502837 0.052297 0.0533076 0.0536228 0.0535205 0.0532353 0.0529493 0.0527744 0.0527146 0.0526052 0.0520556 0.0504657 0.0471932 0.0418626 0.0346659 0.02643
 0.00497014 0.00814096 0.0123829 0.0177095 0.0239952 0.0308746 0.0377223 0.043814 0.0485972 0.0518678 0.0537426 0.0545075 0.0544852 0.0539766 0.0532446 0.052503 0.0518954 0.0514545 0.0510407 0.0502842 0.0486029 0.0453667 0.0401985 0.0332676 0.0253555
 0.00519414 0.00850649 0.0129355 0.0184923 0.0250405 0.0321913 0.0392825 0.0455492 0.0504084 0.053644 0.0553761 0.0559005 0.0555501 0.0546367 0.0534379 0.0521889 0.0510623 0.0501263 0.0492813 0.0481996 0.0463386 0.0430956 0.0380981 0.0314856 0.0239779
 0.00541317 0.00886705 0.0134865 0.0192826 0.0261093 0.0335538 0.0409144 0.0473814 0.0523364 0.0555479 0.0571399 0.0574227 0.0567457 0.055434 0.0537757 0.0520164 0.0503446 0.0488564 0.0474951 0.0459892 0.0438567 0.040544 0.0356957 0.0294219 0.0223693
 0.00564868 0.00925279 0.0140726 0.020118 0.0272332 0.0349811 0.0426212 0.0492979 0.0543564 0.0575477 0.0589975 0.0590301 0.0580133 0.0562908 0.0541651 0.0518918 0.0496692 0.0476108 0.0456943 0.0437053 0.0412342 0.0377951 0.0330664 0.0271355 0.0205709
 0.00589764 0.00965949 0.0146884 0.0209921 0.0284035 0.0364598 0.0443794 0.0512607 0.0564128 0.0595723 0.0608695 0.0606446 0.0592845 0.0571503 0.0545591 0.0517771 0.0490108 0.0463863 0.043909 0.0414164 0.0385727 0.0349689 0.0303301 0.0247311 0.0186634
 0.00614129 0.01006 0.0152992 0.0218657 0.0295809 0.0379543 0.0461599 0.0532465 0.0584857 0.0615998 0.0627274 0.0622289 0.0605144 0.0579655 0.0549148 0.0516381 0.0483479 0.0451793 0.04216 0.0391727 0.0359521 0.0321675 0.027597 0.0223111 0.0167301
 0.00638827 0.0104634 0.0159099 0.0227324 0.0307414 0.0394206 0.0479031 0.0551904 0.0605165 0.0635867 0.0645442 0.0637676 0.0616917 0.0587229 0.0552138 0.0514539 0.0476627 0.0439817 0.0404553 0.0370046 0.033427 0.0294657 0.0249529 0.0199601 0.0148431
 0.00660746 0.0108272 0.0164713 0.0235448 0.0318477 0.0408355 0.0495958 0.0570797 0.0624835 0.0654997 0.06628 0.0652246 0.0627924 0.059413 0.0554588 0.051234 0.0469678 0.0428096 0.0388183 0.034947 0.0310474 0.026928 0.0224708 0.0177503 0.0130655
 0.00682371 0.0111801 0.0170053 0.0243028 0.0328637 0.0421226 0.0511322 0.0588019 0.0642924 0.0672768 0.0679064 0.0665952 0.0638249 0.0600509 0.0556695 0.0510029 0.0462917 0.041694 0.0372824 0.0330374 0.0288564 0.0246038 0.0202044 0.0157347 0.0114437
 0.00705097 0.0115509 0.0175652 0.0250942 0.0339163 0.0434393 0.0526758 0.0604921 0.0660189 0.068922 0.0693647 0.0677826 0.0646798 0.0605317 0.0557523 0.0506786 0.0455629 0.040573 0.0357945 0.0312317 0.0268201 0.0224701 0.0181413 0.0139102 0.00998063
 0.00729071 0.0119433 0.0181601 0.0259382 0.0350415 0.0448469 0.0543197 0.0622755 0.0678093 0.0705791 0.0707676 0.0688445 0.0653512 0.0607949 0.0556121 0.0501528 0.0446748 0.0393493 0.0342694 0.0294571 0.0248781 0.0204796 0.0162471 0.012254 0.0086631
 0.0074344 0.0121861 0.0185428 0.026505 0.0358313 0.0458791 0.055579 0.0637052 0.0693171 0.0720532 0.0720948 0.0699251 0.0661094 0.0611852 0.0556192 0.0497859 0.043959 0.0383188 0.0329664 0.0279371 0.0232192 0.0187869 0.0146442 0.0108587 0.00755705
 0.00755447 0.0123749 0.0188161 0.0268759 0.0363112 0.0464781 0.0563035 0.0645514 0.0702654 0.0730638 0.073107 0.0708629 0.0668918 0.0617383 0.0558874 0.0497381 0.0435898 0.037645 0.0320236 0.0267793 0.0219214 0.0174444 0.0133644 0.00974149 0.00667056
 0.00758202 0.0124245 0.0188995 0.0270069 0.0365031 0.0467391 0.0566344 0.064947 0.0707196 0.0735734 0.0736692 0.0714665 0.0675068 0.0623125 0.0563532 0.0500266 0.0436461 0.0374397 0.0315577 0.0260852 0.0210599 0.0165 0.0124327 0.00891111 0.00600329
 0.00766332 0.0125425 0.0190513 0.0271821 0.0366884 0.0469254 0.056821 0.0651412 0.0709313 0.0738101 0.0739345 0.07176 0.067824 0.0626407 0.0566658 0.0502813 0.0437905 0.0374243 0.0313511 0.0256854 0.0204996 0.0158415 0.0117553 0.00829167 0.00549761
 0.00770967 0.0126156 0.0191563 0.0273205 0.0368556 0.0471089 0.0570009 0.0652949 0.0710434 0.0738811 0.0739823 0.0718127 0.0679075 0.0627682 0.0568322 0.0504632 0.0439489 0.0375123 0.0313252 0.0255202 0.0201981 0.0154382 0.0113073 0.00786157 0.00513521
 0.00776399 0.0126974 0.0192675 0.0274585 0.0370145 0.0472805 0.0571751 0.0654593 0.0711834 0.0739825 0.0740367 0.0718227 0.0678882 0.0627426 0.0568223 0.0504792 0.0439831 0.0375395 0.0313109 0.0254328 0.0200231 0.0151857 0.0110101 0.00756392 0.0048765
 0.00780715 0.012763 0.0193576 0.0275715 0.0371451 0.0474202 0.057313 0.0655835 0.0712836 0.0740518 0.0740733 0.0718286 0.0678687 0.0627062 0.0567804 0.0504432 0.0439595 0.0375242 0.0312879 0.0253802 0.0199232 0.0150353 0.0108238 0.00736868 0.00470051
 0.0078512 0.0128317 0.0194552 0.0276995 0.0373008 0.0475963 0.0574965 0.0657568 0.0714275 0.0741513 0.0741205 0.0718244 0.0678207 0.062626 0.0566812 0.0503378 0.0438584 0.0374326 0.0312037 0.025294 0.0198237 0.0149159 0.0106883 0.00723027 0.00457579
 0.00787917 0.0128751 0.0195166 0.0277797 0.0373991 0.0477098 0.05762 0.0658824 0.0715451 0.0742501 0.0741911 0.0718601 0.0678194 0.0625901 0.0566173 0.0502553 0.0437673 0.0373411 0.0311158 0.0252089 0.0197369 0.0148238 0.0105913 0.0071344 0.0044901
 0.00789025 0.0128905 0.0195352 0.0277989 0.0374162 0.0477233 0.057631 0.0658943 0.0715627 0.0742771 0.0742284 0.0719051 0.0678657 0.0626301 0.0566441 0.0502651 0.0437601 0.0373198 0.0310842 0.0251697 0.019691 0.0147712 0.0105337 0.00707595 0.00443663
 0.00788694 0.0128821 0.0195169 0.0277648 0.0373607 0.0476443 0.0575322 0.0657863 0.0714608 0.0741981 0.0741863 0.0719079 0.0679133 0.0627145 0.0567512 0.0503787 0.0438661 0.0374083 0.0311506 0.0252131 0.0197129 0.0147744 0.0105221 0.00705507 0.0044124
 0.00789925 0.0128967 0.0195288 0.0277657 0.0373409 0.0475957 0.0574518 0.0656775 0.071334 0.0740688 0.0740725 0.0718269 0.0678782 0.0627302 0.0568138 0.0504763 0.043982 0.0375257 0.0312556 0.0252971 0.0197723 0.0148101 0.0105379 0.0070566 0.00440577
 0.0079113 0.0129172 0.0195609 0.0278117 0.0374002 0.0476624 0.0575135 0.0657176 0.0713367 0.0740258 0.0739873 0.0717143 0.0677595 0.0626273 0.0567431 0.0504454 0.0439886 0.0375599 0.0313039 0.0253464 0.0198133 0.0148379 0.0105524 0.0070604 0.00440305
 0.00788357 0.0128714 0.0194912 0.0277134 0.0372724 0.047511 0.0573526 0.0655672 0.0712165 0.0739479 0.0739531 0.0717169 0.0677895 0.0626786 0.0568142 0.050537 0.0441002 0.0376869 0.0314368 0.0254736 0.0199239 0.0149249 0.0106139 0.00709902 0.0044242
 0.00786838 0.0128432 0.0194422 0.0276345 0.0371553 0.0473524 0.0571579 0.0653522 0.0710053 0.0737677 0.0738271 0.0716585 0.0678003 0.0627492 0.0569294 0.0506817 0.0442621 0.0378564 0.0316056 0.0256326 0.020064 0.0150391 0.0106991 0.00715667 0.00445924
 0.00782807 0.0127766 0.0193401 0.0274879 0.0369577 0.0471033 0.0568661 0.0650375 0.070696 0.073496 0.0736233 0.071546 0.0677912 0.062842 0.0571097 0.0509256 0.0445425 0.038148 0.0318877 0.0258898 0.0202853 0.015218 0.0108336 0.00724987 0.00451822
 0.00782476 0.0127684 0.0193224 0.027454 0.0368998 0.0470139 0.0567405 0.0648754 0.0705034 0.0732854 0.0734135 0.0713604 0.0676538 0.0627726 0.057119 0.0510124 0.044694 0.0383436 0.0321036 0.0261036 0.0204795 0.0153808 0.0109596 0.00733947 0.00457639
 0.0078088 0.0127399 0.0192748 0.0273797 0.0367922 0.0468702 0.0565642 0.0646767 0.070297 0.073087 0.0732376 0.0712192 0.067558 0.0627321 0.0571412 0.0511002 0.0448432 0.0385415 0.0323308 0.0263374 0.0206985 0.0155688 0.0111077 0.0074464 0.00464681
 0.00776532 0.0126741 0.0191848 0.0272665 0.0366588 0.0467201 0.056401 0.0645052 0.070124 0.0729224 0.0730933 0.071107 0.0674879 0.0627108 0.0571724 0.0511848 0.0449786 0.0387206 0.0325407 0.0265603 0.0209145 0.0157601 0.0112626 0.00756072 0.00472351
 0.00773247 0.0126154 0.0190872 0.0271162 0.0364462 0.0464469 0.0560851 0.0641793 0.0698266 0.0726856 0.0729354 0.071032 0.06749 0.0627804 0.0572996 0.0513603 0.0451936 0.0389652 0.0328028 0.0268251 0.0211651 0.0159806 0.0114415 0.00769377 0.00481361
 0.00932593 0.0148456 0.0217778 0.0298799 0.038796 0.047975 0.0566057 0.0637582 0.0687026 0.0711525 0.071251 0.0693793 0.0659778 0.0614599 0.0561848 0.0504448 0.0444621 0.0383996 0.0323841 0.0265324 0.0209755 0.0158693 0.0113843 0.00766948 0.00480646
 0.00930034 0.0151023 0.0226899 0.0319111 0.0422989 0.0529186 0.062402 0.0693568 0.0729634 0.0732945 0.0711108 0.0673558 0.0627569 0.057722 0.0524335 0.046976 0.0414127 0.0358126 0.0302554 0.0248364 0.0196741 0.0149149 0.0107211 0.00723666 0.00454337
 0.00896898 0.0145781 0.02195 0.0310019 0.0413913 0.0523468 0.0626247 0.0707934 0.0757434 0.0770696 0.0750965 0.0706298 0.0646448 0.0580322 0.0514279 0.0451535 0.0392733 0.0337197 0.028412 0.0233232 0.0184996 0.0140503 0.0101197 0.00684419 0.00430502
 0.00878006 0.0142648 0.0214677 0.0303079 0.0404616 0.0512064 0.0613882 0.0696941 0.0751165 0.0772614 0.0763091 0.0727725 0.0672981 0.0605831 0.0533189 0.0460965 0.0393081 0.0331138 0.0274965 0.0223676 0.0176649 0.0134011 0.00965819 0.00654145 0.00412166
 0.00873741 0.0141832 0.0213214 0.0300632 0.0400822 0.0506637 0.0606764 0.0688461 0.0742204 0.0764703 0.0758307 0.0728178 0.0679905 0.0618669 0.0549359 0.0476685 0.040492 0.0337349 0.027584 0.02209 0.0172249 0.012957 0.00929598 0.00628568 0.00396079
 0.00869531 0.0141172 0.0212259 0.0299322 0.0399074 0.0504328 0.0603733 0.0684563 0.0737404 0.075922 0.0752752 0.0723611 0.0677684 0.0620014 0.0554725 0.0485303 0.0414877 0.0346316 0.0282051 0.022378 0.0172366 0.012808 0.00909748 0.00610925 0.00383443
 0.00868891 0.0141044 0.0212023 0.0298922 0.0398453 0.0503444 0.060256 0.0683079 0.0735563 0.0756954 0.075003 0.0720561 0.067472 0.0617856 0.0554214 0.0487018 0.0418747 0.0351497 0.0287235 0.0227772 0.0174581 0.0128649 0.0090487 0.00601997 0.00374986
 0.00867756 0.0140866 0.0211765 0.0298572 0.0397998 0.0502868 0.0601851 0.0682227 0.0734567 0.0755813 0.0748736 0.0719112 0.0673158 0.0616343 0.0553079 0.0486702 0.041961 0.0353581 0.0290139 0.0230785 0.017701 0.0130118 0.00910312 0.0060127 0.00371656
 0.00865841 0.0140578 0.0211374 0.0298089 0.0397444 0.0502274 0.0601245 0.0681634 0.0734 0.075527 0.0748199 0.071855 0.0672546 0.061569 0.0552465 0.0486298 0.041965 0.0354254 0.0291455 0.0232517 0.0178764 0.0131524 0.00918997 0.00604931 0.00372016
 0.00866706 0.0140701 0.0211528 0.0298256 0.0397601 0.0502399 0.0601322 0.0681652 0.0733948 0.0755132 0.0747953 0.0718175 0.067203 0.0615041 0.0551727 0.0485565 0.0419064 0.0353973 0.0291586 0.0233048 0.0179544 0.0132328 0.00925337 0.00608708 0.00373514
 0.00866092 0.0140588 0.0211335 0.0297949 0.0397156 0.0501812 0.0600627 0.068092 0.0733272 0.07546 0.0747623 0.0718058 0.0672094 0.061522 0.0551952 0.048579 0.041929 0.0354248 0.0291977 0.0233591 0.018021 0.0133021 0.00931387 0.00613086 0.00376085
 0.00862369 0.0140067 0.0210703 0.0297291 0.0396572 0.0501374 0.0600346 0.0680753 0.0733154 0.0754485 0.0747511 0.0717983 0.0672099 0.0615331 0.0552162 0.0486069 0.0419607 0.0354588 0.029235 0.0234015 0.0180685 0.0133514 0.00935902 0.00616662 0.00378489
 0.00864005 0.0140239 0.0210797 0.029718 0.0396145 0.0500603 0.0599332 0.0679702 0.0732291 0.0753957 0.0747335 0.0718076 0.0672345 0.0615643 0.0552498 0.048642 0.0419971 0.0354964 0.0292737 0.0234412 0.0181088 0.0133907 0.00939462 0.00619561 0.00380563
 0.00863382 0.0140179 0.0210773 0.0297236 0.0396298 0.0500808 0.0599474 0.0679633 0.0731914 0.0753292 0.0746529 0.0717332 0.0671826 0.0615411 0.055252 0.0486619 0.0420271 0.0355311 0.0293101 0.0234778 0.0181445 0.0134241 0.00942417 0.00621961 0.00382318
 0.00861502 0.0139903 0.0210418 0.0296835 0.0395906 0.0500495 0.0599302 0.0679634 0.0732061 0.07535 0.0746683 0.0717351 0.0671706 0.0615225 0.0552371 0.0486582 0.0420368 0.0355518 0.0293377 0.0235082 0.0181749 0.0134524 0.00944879 0.00623946 0.00383778
 0.00861502 0.0139903 0.0210418 0.0296835 0.0395906 0.0500495 0.0599302 0.0679634 0.0732061 0.07535 0.0746683 0.0717351 0.0671706 0.0615225 0.0552371 0.0486582 0.0420368 0.0355518 0.0293377 0.0235082 0.0181749 0.0134524 0.00944879 0.00623946 0.00383778
 0.00887648 0.0144027 0.0216367 0.0304765 0.0405723 0.0511745 0.0611101 0.0690721 0.0741053 0.0759243 0.0748537 0.0715288 0.0666229 0.0607195 0.054281 0.0476491 0.0410586 0.0346647 0.0285765 0.0228869 0.017692 0.0130962 0.00920092 0.00607802 0.00374017
 0.00883262 0.0143603 0.0216268 0.0305464 0.0407743 0.0515468 0.0616582 0.069761 0.0748639 0.0766601 0.0754706 0.0719453 0.0667877 0.0606211 0.053948 0.0471412 0.0404513 0.0340331 0.0279821 0.0223711 0.0172752 0.0127813 0.00897855 0.00593186 0.00365123
 0.00851535 0.0138497 0.0208725 0.029518 0.0394826 0.0500694 0.0601541 0.0684528 0.0739803 0.076361 0.0757948 0.0728053 0.0680077 0.0619941 0.0552881 0.0483173 0.0413981 0.0347428 0.0284853 0.0227141 0.0175038 0.0129319 0.00907676 0.00599443 0.00368951
 0.00871903 0.0141314 0.0212032 0.0298348 0.0397004 0.050104 0.0599482 0.0679973 0.0733265 0.0756188 0.0751105 0.072319 0.0678075 0.0620873 0.0556062 0.0487486 0.0418309 0.0350979 0.0287287 0.0228511 0.0175615 0.0129428 0.0090669 0.00597994 0.00367762
 0.00856817 0.0139237 0.0209581 0.0295887 0.0394892 0.0499394 0.0598031 0.0678132 0.0730447 0.0752169 0.074626 0.0718454 0.0674632 0.0619727 0.0557655 0.0491551 0.0423997 0.0357195 0.0293057 0.0233225 0.0179076 0.0131746 0.00921061 0.00606333 0.00372331
 0.00834769 0.0135542 0.020386 0.0287683 0.0384064 0.0486402 0.0584091 0.0665033 0.0719989 0.0745529 0.0743674 0.0719403 0.0678341 0.0625591 0.0565349 0.0500844 0.0434486 0.0368187 0.0303671 0.0242632 0.0186729 0.0137474 0.00960617 0.00631606 0.00387285
 0.00884188 0.0143137 0.0214419 0.0301074 0.0399596 0.0502761 0.0599384 0.0677081 0.07269 0.0746323 0.073857 0.0709604 0.0665509 0.0611377 0.0551178 0.0487866 0.0423549 0.0359748 0.0297735 0.0238817 0.0184448 0.0136153 0.00952773 0.00626671 0.00384082
 0.00901297 0.0146473 0.0220432 0.0310982 0.0414366 0.0522485 0.0622768 0.0701422 0.074869 0.0762224 0.0746313 0.0708471 0.0656306 0.0596027 0.0532131 0.0467548 0.0403982 0.034237 0.0283361 0.0227679 0.0176325 0.0130544 0.00915903 0.0060354 0.00370275
 0.00895595 0.0145667 0.0219493 0.0310215 0.0414364 0.0524159 0.0627221 0.0709577 0.0760742 0.0777181 0.0761973 0.0721989 0.0665114 0.0598661 0.0528578 0.0459047 0.0392473 0.0329884 0.0271562 0.021764 0.0168507 0.0124918 0.00878248 0.00579996 0.00356494
 0.00859101 0.013981 0.0210855 0.0298426 0.0399462 0.0506878 0.0609219 0.0693387 0.0749292 0.0772976 0.0766261 0.0734248 0.0683108 0.0619066 0.0547979 0.0474895 0.0403617 0.0336524 0.0274763 0.0218725 0.0168595 0.012472 0.00876643 0.00579489 0.0035672
 0.00817312 0.0132758 0.0199799 0.0282244 0.0377412 0.047913 0.057734 0.0660432 0.0719319 0.0750165 0.0753985 0.0734364 0.0695556 0.0641832 0.0577498 0.0506895 0.0434154 0.036283 0.0295593 0.0234149 0.017946 0.0132113 0.00925576 0.00610866 0.00375944
 0.00885193 0.0143028 0.0213756 0.0299373 0.0396369 0.049774 0.0592737 0.0669521 0.0719636 0.0740855 0.0736374 0.0711734 0.0672179 0.0621689 0.0563196 0.0499131 0.0431886 0.0363997 0.0298046 0.023636 0.0180771 0.0132545 0.00924523 0.00607899 0.00373164
 0.00876412 0.014256 0.0214791 0.0303425 0.0404858 0.0511206 0.0610198 0.0688397 0.0736369 0.0751964 0.0739483 0.0706236 0.0659388 0.0604449 0.0545036 0.0483224 0.0420186 0.0356915 0.0294725 0.023536 0.0180758 0.0132685 0.00924308 0.0060616 0.00371001
 0.00833721 0.013559 0.0204351 0.0289064 0.0386866 0.0491091 0.0590854 0.067356 0.0729328 0.075412 0.0749653 0.0721166 0.0675173 0.0618049 0.0555153 0.0490278 0.0425585 0.0362091 0.0300435 0.0241517 0.0186737 0.0137802 0.00962949 0.00632085 0.00386586
 0.00847798 0.0137372 0.0206068 0.0289927 0.0385873 0.0487324 0.0583865 0.0663722 0.0718014 0.0743538 0.0742212 0.0718551 0.0677581 0.06241 0.0562603 0.0497102 0.0430769 0.0365732 0.0303246 0.0244175 0.0189497 0.014051 0.0098641 0.00649774 0.00398217
#pred catch len freq
 0.00446196 0.00705452 0.0102792 0.0140534 0.0183269 0.0230634 0.0281697 0.0334587 0.0386839 0.043603 0.0480187 0.0517967 0.0548724 0.0572439 0.0589435 0.0600048 0.0604406 0.0602308 0.0592975 0.0574617 0.0544228 0.0498336 0.0435095 0.03568 0.0270888
