SBPRF35
7.78865
Curr Bio
528248
B35
704016
F35
0.212798
FOFL
0.148613
OFL
59473.8
Bzero
2.22533e+006
#pred survey bio
 4.55181e+006 4.31893e+006 4.08276e+006 3.77849e+006 3.47917e+006 3.14917e+006 2.81563e+006 2.48592e+006 2.2025e+006 1.9249e+006 1.70255e+006 1.4933e+006 1.31865e+006 1.17687e+006 1.05823e+006 953514 863747 812953 773068 728447 698346 683702 670604 644503 634058 630027 619388 622460 622502 620135 614109 613592 610400 608734 600253 588452 578326 567075 567583 576515 577244 580084 573930 571646 578729 575865 573673 571932 568352 556774 533565 1.77513e+007 1.04546e+007 1.06211e+007 1.13617e+007 1.24065e+007 1.34996e+007 1.44888e+007 1.53101e+007 1.59552e+007 1.64437e+007 1.68046e+007 1.70672e+007 1.72565e+007 1.73924e+007 1.74899e+007 1.756e+007 1.76107e+007 1.76475e+007 1.76744e+007 1.76942e+007 1.77088e+007 1.77198e+007 1.77279e+007 1.77341e+007 1.77387e+007 1.77423e+007 1.7745e+007 1.7747e+007 1.77486e+007 1.77498e+007 1.77507e+007 1.77514e+007 1.7752e+007 1.77524e+007 1.77527e+007 1.7753e+007 1.77531e+007 1.77533e+007 1.77534e+007 1.77535e+007 1.77536e+007 1.77536e+007 1.77537e+007 1.77537e+007 1.77537e+007 1.77537e+007 1.77538e+007 1.77538e+007 1.77538e+007 1.77538e+007 1.77538e+007 1.77538e+007 1.77538e+007 1.77538e+007 1.77538e+007 1.77538e+007 1.77538e+007 1.77538e+007 1.77538e+007 1.77538e+007 1.77538e+007 1.77538e+007 1.77538e+007 1.77538e+007 1.77538e+007 1.77538e+007 1.77538e+007 1.77538e+007 1.77538e+007 1.77538e+007 1.77538e+007 1.77538e+007 1.77538e+007 1.77538e+007 1.77538e+007 1.77538e+007 1.77538e+007 1.77538e+007 1.77538e+007 1.77538e+007 1.77538e+007 1.77538e+007 1.77538e+007 1.77538e+007 1.77538e+007 1.77538e+007 1.77538e+007 1.77538e+007 1.77538e+007 1.77538e+007 1.77538e+007 1.77538e+007 1.77538e+007 1.77538e+007 1.77538e+007 1.77538e+007 1.77538e+007 1.77538e+007 1.77538e+007 1.77538e+007 0 0 0 0 0 0 0 0 0 0 0 0 0 0 0 0 0 0 0 0 0 0 0 0 0
#obs survey bio
 2.82243e+006 3.67184e+006 3.09057e+006 3.09396e+006 2.55353e+006 2.61633e+006 2.15189e+006 1.74061e+006 2.1924e+006 1.53472e+006 1.29927e+006 967520 1.16685e+006 814907 599248 988388 727690 1.01731e+006 599175 499646 732944 662102 932048 897892 417270 530478 419201 547948 626032 488561 565534 430454 719480 519331 483894 838413 458734 543275 717791 626374 596241 576097 499164 705994 421449 559794 658150 677716 493229 518269 600348
#pred catch bio
 89684 92854.5 166527 183555 239700 274994 303560 290753 309943 280531 284817 266762 246690 231549 220532 205047 168514 156008 155532 138818 122638 118507 125893 110358 104731 110203 98742.8 101057 101580 102623 95888.1 95658.2 91443.6 93710.8 92581.8 89635.2 93216.3 87466.4 83379.1 91277.3 89352.7 96082.7 91457.6 82841.1 90797.2 89471.2 88236.1 88792.9 93962.4 100607 98289.1 59473.8 80811.8 80594.9 84875.6 92276.7 100293 107500 113359 117826 121081 123376 124955 126021 126729 127195 127498 127694 127819 127900 127951 127984 128004 128017 128026 128031 128034 128036 128037 128038 128039 128039 128039 128039 128039 128040 128040 128040 128040 128040 128040 128040 128040 128040 128040 128040 128040 128040 128040 128040 128040 128040 128040 128040 128040 128040 128040 128040 128040 128040 128040 128040 128040 128040 128040 128040 128040 128040 128040 128040 128040 128040 128040 128040 128040 128040 128040 128040 128040 128040 128040 128040 128040 128040 128040 128040 128040 128040 128040 128040 128040 128040 128040 128040 128040 128040 128040 128040 128040 128040 128040 0 0 0 0 0 0 0 0 0 0 0 0 0 0 0 0 0 0 0 0 0 0 0 0 0
#obs catch bio
 0 92578.2 167733 184224 242424 279371 310676 297695 319201 288348 294082 276034 256956 240885 230601 212577 172686 159595 159330 141618 124502 120578 127499 110998 106285 112064 100397 102929 103194 103897 97244.4 97070.3 92266.1 94778.6 93579.1 89877.1 93713.1 87777.9 83543.1 91407.7 89257.2 96346 91824.9 82573.1 90951 89549.8 88172.9 88652.8 94058.5 100776 98315.7
#pred cpue bio
 4.47948e+006 4.25176e+006 4.0193e+006 3.71661e+006 3.41813e+006 3.08928e+006 2.75721e+006 2.42939e+006 2.14774e+006 1.87238e+006 1.65177e+006 1.44427e+006 1.27102e+006 1.13076e+006 1.01384e+006 911370 824196 775070 736773 693999 665204 651354 639158 614287 604095 599915 589452 592408 592752 590975 585528 585457 582972 582018 574503 563711 553426 540836 540151 548809 549897 552897 547119 545167 552245 549504 547457 545951 542664 531649 509651 1.69738e+007 1.00024e+007 1.00347e+007 1.0628e+007 1.16228e+007 1.27046e+007 1.36915e+007 1.45125e+007 1.51575e+007 1.5646e+007 1.60069e+007 1.62695e+007 1.64588e+007 1.65947e+007 1.66922e+007 1.67623e+007 1.6813e+007 1.68498e+007 1.68767e+007 1.68965e+007 1.69111e+007 1.69221e+007 1.69302e+007 1.69364e+007 1.69411e+007 1.69446e+007 1.69473e+007 1.69493e+007 1.69509e+007 1.69521e+007 1.6953e+007 1.69537e+007 1.69543e+007 1.69547e+007 1.6955e+007 1.69553e+007 1.69555e+007 1.69556e+007 1.69557e+007 1.69558e+007 1.69559e+007 1.69559e+007 1.6956e+007 1.6956e+007 1.6956e+007 1.69561e+007 1.69561e+007 1.69561e+007 1.69561e+007 1.69561e+007 1.69561e+007 1.69561e+007 1.69561e+007 1.69561e+007 1.69561e+007 1.69561e+007 1.69561e+007 1.69561e+007 1.69561e+007 1.69561e+007 1.69561e+007 1.69561e+007 1.69561e+007 1.69561e+007 1.69561e+007 1.69561e+007 1.69561e+007 1.69561e+007 1.69561e+007 1.69561e+007 1.69561e+007 1.69561e+007 1.69561e+007 1.69561e+007 1.69561e+007 1.69561e+007 1.69561e+007 1.69561e+007 1.69561e+007 1.69561e+007 1.69561e+007 1.69561e+007 1.69561e+007 1.69561e+007 1.69561e+007 1.69561e+007 1.69561e+007 1.69561e+007 1.69561e+007 1.69561e+007 1.69561e+007 1.69561e+007 1.69561e+007 1.69561e+007 1.69561e+007 1.69561e+007 1.69561e+007 1.69561e+007 1.69561e+007 1.69561e+007 0 0 0 0 0 0 0 0 0 0 0 0 0 0 0 0 0 0 0 0 0 0 0 0 0
#obs cpue bio
 4.79856e+006 3.51114e+006 3.1976e+006 3.46057e+006 2.14699e+006 2.12361e+006 1.90712e+006 2.31937e+006 1.63803e+006 1.62244e+006 1.5025e+006 1.28296e+006 566697 1.10009e+006 820182 906559 907548 471819 714375 826058 572571 431537 652439 499552 364105 601986 502858 505707 559320 843016 387895 683105 601241 524132 635865 661454 600840 560344 425395 610705 572497 462687 520037 691315 596898 560849 539378 492400 520517 580154 490952
#pred surv len freq
 0.00490597 0.00800263 0.0121129 0.0172363 0.0232545 0.0298428 0.0364465 0.0424224 0.0472842 0.0508651 0.0532906 0.0548311 0.055764 0.056299 0.0565466 0.0565119 0.0561103 0.0552002 0.0536083 0.051136 0.0475657 0.0427173 0.0365795 0.0294579 0.0220083
 0.00520609 0.00836842 0.0124434 0.0173774 0.0230588 0.0292544 0.0355567 0.0414469 0.0464645 0.0503507 0.0530746 0.0547746 0.0556846 0.0560702 0.0561597 0.0560803 0.0558194 0.0552244 0.0540303 0.0519049 0.0485162 0.0436417 0.0373131 0.0299317 0.0222471
 0.00549455 0.00884759 0.0131739 0.0183963 0.0243424 0.030679 0.0368903 0.0424074 0.0468345 0.0500846 0.0523185 0.0537751 0.0546527 0.0550959 0.0552266 0.0551496 0.0549093 0.0544277 0.0534654 0.0516404 0.0485246 0.0438119 0.0375103 0.0300608 0.0222806
 0.00579234 0.00932564 0.0138838 0.0193861 0.0256506 0.0323181 0.0388186 0.044497 0.0488604 0.0517574 0.0533651 0.0540369 0.0541439 0.0539799 0.0537275 0.053462 0.0531664 0.0527257 0.051896 0.0502907 0.0474475 0.0430024 0.0369154 0.0296145 0.021936
 0.00606878 0.00977004 0.0145437 0.020304 0.0268578 0.033826 0.0406064 0.0465034 0.0509804 0.0538415 0.0552198 0.0554402 0.0548888 0.0539383 0.0528995 0.0519759 0.0512283 0.050556 0.0496894 0.0482031 0.0455929 0.041448 0.0356799 0.0286784 0.0212591
 0.00634907 0.0102249 0.015227 0.0212655 0.0281345 0.0354284 0.0425037 0.0486188 0.0532012 0.0560375 0.0572552 0.0571727 0.056164 0.0545983 0.0528152 0.0510929 0.0496005 0.0483427 0.0471184 0.04552 0.0430189 0.0391533 0.0337711 0.0271969 0.0201893
 0.00663004 0.0106791 0.0159061 0.0222172 0.0293953 0.0370113 0.0443841 0.0507273 0.0554302 0.0582584 0.0593363 0.0589885 0.0575959 0.0555294 0.0531305 0.0506942 0.0484383 0.0464522 0.0446368 0.0426728 0.0400763 0.0363767 0.031365 0.0252801 0.0187881
 0.0069438 0.0111814 0.0166479 0.0232414 0.0307304 0.0386605 0.0463131 0.0528591 0.0576539 0.0604476 0.0613671 0.0607494 0.0589888 0.0564658 0.0535261 0.0504677 0.0475234 0.044825 0.0423508 0.0398808 0.037022 0.0333502 0.0286377 0.0230439 0.0171224
 0.00721741 0.0116229 0.0173065 0.024161 0.0319421 0.0401707 0.0480906 0.0548305 0.0597131 0.0624757 0.0632503 0.0623888 0.060301 0.0573789 0.0539732 0.0503833 0.0468449 0.0435097 0.0404055 0.0373952 0.0341842 0.0304254 0.0259105 0.0207448 0.0153737
 0.00758895 0.0122079 0.0181513 0.0252968 0.0333798 0.0418948 0.05005 0.0569346 0.0618411 0.0644965 0.0650437 0.0638586 0.061379 0.0580207 0.0541495 0.0500679 0.0460092 0.0421273 0.0384748 0.0349732 0.0314137 0.0275336 0.0231666 0.018389 0.0135515
 0.00795912 0.0127902 0.0189912 0.0264227 0.034798 0.0435822 0.0519463 0.0589412 0.0638347 0.066352 0.0666545 0.0651447 0.0622861 0.0585148 0.0542104 0.0496824 0.0451652 0.0408142 0.0366962 0.0327721 0.0289005 0.0248943 0.0206348 0.0161868 0.0118255
 0.00835671 0.0134251 0.0199244 0.0277 0.0364388 0.0455624 0.0541822 0.0612894 0.0661147 0.0683856 0.0683004 0.0663155 0.0629462 0.0586677 0.0538824 0.0489076 0.0439737 0.0392295 0.0347434 0.030499 0.0264025 0.0223266 0.0181955 0.0140693 0.0101613
 0.00860692 0.0138443 0.020578 0.0286557 0.0377513 0.0472491 0.0561991 0.0635222 0.0683947 0.0705225 0.0701177 0.0676764 0.0637678 0.0589232 0.0535922 0.0481225 0.0427559 0.0376389 0.0328365 0.0283409 0.0240864 0.0199862 0.0159952 0.0121682 0.0086683
 0.00884113 0.014213 0.0211117 0.0293791 0.0386833 0.0484021 0.0575717 0.065088 0.0700922 0.0722524 0.0717501 0.069069 0.0647904 0.0594814 0.053641 0.0476666 0.0418383 0.036325 0.0312024 0.026472 0.0220844 0.0179757 0.0141164 0.0105518 0.00740104
 0.00888119 0.0143124 0.0213238 0.0297725 0.0393232 0.0493216 0.0587499 0.0664494 0.0715309 0.0736637 0.0730493 0.0701897 0.0656719 0.0600618 0.0538627 0.0474907 0.0412566 0.0353643 0.0299203 0.0249511 0.0204282 0.0163042 0.0125555 0.00921215 0.00635324
 0.00891618 0.0143726 0.0214229 0.0299312 0.0395719 0.0497003 0.0593007 0.0672009 0.0724785 0.0747559 0.0741924 0.0712704 0.0665862 0.0607329 0.0542429 0.047553 0.0409894 0.0347735 0.0290359 0.0238318 0.0191608 0.0149962 0.0113198 0.00814607 0.0055178
 0.00911123 0.0146575 0.0217922 0.03036 0.0400248 0.0501454 0.0597225 0.0676043 0.0728844 0.0751905 0.0746717 0.0717859 0.0670993 0.0611815 0.054558 0.0476754 0.0408802 0.0344167 0.0284404 0.0230329 0.0182214 0.0140019 0.010365 0.00731432 0.00486257
 0.00908102 0.0146256 0.0217749 0.0303801 0.0401022 0.0502843 0.0599046 0.0677956 0.0730548 0.0753343 0.0748148 0.0719728 0.0673666 0.0615339 0.0549592 0.0480576 0.0411646 0.0345369 0.0283577 0.0227451 0.0177628 0.013436 0.00977103 0.00676733 0.004416
 0.00905538 0.0145794 0.0216984 0.0302653 0.0399488 0.0501072 0.059736 0.0676769 0.0730204 0.0753962 0.0749609 0.0721797 0.0676166 0.061822 0.0552836 0.0484037 0.0414962 0.0348008 0.0285014 0.0227356 0.0175998 0.0131532 0.00942499 0.00642024 0.00411731
 0.00915876 0.0147317 0.0218976 0.0304976 0.0401903 0.0503289 0.0599096 0.0677819 0.0730499 0.0753608 0.0748845 0.07209 0.0675356 0.0617623 0.0552512 0.0483999 0.0415147 0.0348232 0.0284982 0.0226758 0.0174653 0.0129485 0.0091775 0.00616877 0.00389732
 0.00922976 0.0148365 0.0220352 0.0306591 0.0403604 0.0504885 0.0600384 0.0678616 0.073068 0.0753147 0.074785 0.0719603 0.0674046 0.0616561 0.055186 0.0483794 0.0415313 0.0348604 0.0285333 0.0226845 0.0174286 0.012861 0.0090502 0.00602489 0.00376229
 0.009125 0.0146852 0.0218428 0.0304425 0.0401429 0.0502916 0.0598761 0.0677389 0.0729848 0.0752699 0.0747787 0.071994 0.0674804 0.0617749 0.0553462 0.048575 0.0417505 0.0350859 0.0287435 0.0228575 0.0175471 0.0129181 0.00905182 0.00598806 0.00370848
 0.00908655 0.0146123 0.021715 0.030238 0.0398476 0.0499123 0.0594482 0.067322 0.0726442 0.0750537 0.0747044 0.0720497 0.0676379 0.0620035 0.0556204 0.0488758 0.0420625 0.0353938 0.0290303 0.0231055 0.0177414 0.0130507 0.00912518 0.00601417 0.00370471
 0.00940755 0.0150743 0.0222981 0.0308826 0.0404674 0.0504178 0.0597691 0.0674207 0.0725198 0.074741 0.0742645 0.0715545 0.067151 0.0615682 0.0552577 0.0485907 0.0418516 0.0352491 0.0289404 0.0230553 0.0177143 0.0130319 0.00910497 0.00598959 0.00367804
 0.00952356 0.0152714 0.0226075 0.0313304 0.0410591 0.0511188 0.0604937 0.0680444 0.0729175 0.0748331 0.074046 0.0710907 0.0665468 0.0609305 0.0546683 0.0480961 0.0414667 0.0349682 0.0287471 0.0229295 0.0176358 0.0129827 0.0090716 0.00596385 0.00365666
 0.00949508 0.0152381 0.0225829 0.0313381 0.0411307 0.0512862 0.060778 0.0684422 0.0733903 0.0753061 0.0744249 0.0712923 0.0665312 0.0607151 0.0543171 0.0476913 0.0410801 0.0346446 0.028503 0.0227606 0.017527 0.012916 0.00903122 0.00593842 0.00363949
 0.00954604 0.0153136 0.0226834 0.0314608 0.0412725 0.0514478 0.0609663 0.068668 0.0736612 0.0756165 0.0747475 0.0715772 0.0667171 0.0607506 0.0541823 0.0474076 0.0407026 0.0342408 0.0281304 0.022454 0.0172969 0.0127561 0.00892673 0.00587339 0.00360056
 0.00934256 0.0150204 0.0223116 0.0310449 0.0408608 0.0510871 0.060691 0.0684988 0.0736107 0.0756946 0.0749586 0.0719126 0.0671455 0.0612172 0.0546199 0.0477574 0.0409329 0.0343543 0.0281567 0.0224324 0.0172608 0.0127247 0.00890636 0.00586263 0.0035956
 0.00919959 0.0147908 0.0219737 0.030586 0.0402865 0.0504319 0.0600231 0.0679108 0.0731944 0.0755113 0.0750232 0.0721975 0.0675984 0.0617769 0.055224 0.0483454 0.0414522 0.0347695 0.0284566 0.0226291 0.01738 0.012794 0.00894692 0.00588723 0.00361075
 0.00918199 0.0147485 0.0218843 0.0304202 0.0400141 0.0500347 0.0595074 0.067315 0.0725865 0.0749767 0.0746449 0.0720351 0.0676725 0.062066 0.0556741 0.0488859 0.0420116 0.0352875 0.028892 0.0229637 0.0176166 0.0129496 0.00904337 0.0059444 0.00364336
 0.00909678 0.0146313 0.0217464 0.0302816 0.0398945 0.0499387 0.0594167 0.0671936 0.0723991 0.0747112 0.0743255 0.0717188 0.0674303 0.0619581 0.0557297 0.049096 0.0423347 0.0356655 0.029267 0.0232917 0.0178744 0.0131335 0.00916363 0.00601706 0.00368426
 0.00892967 0.0143729 0.0213838 0.0298161 0.039345 0.049345 0.0588377 0.0666965 0.0720395 0.0745129 0.0742754 0.071781 0.0675715 0.0621646 0.0560073 0.0494547 0.0427714 0.0361553 0.0297681 0.0237581 0.0182696 0.0134392 0.00937981 0.00615723 0.00376769
 0.00882298 0.0141992 0.0211222 0.0294488 0.0388629 0.0487561 0.0581752 0.0660208 0.0714285 0.0740434 0.074002 0.0717229 0.0677107 0.0624584 0.0564074 0.0499222 0.0432809 0.0366874 0.0302999 0.02426 0.0187107 0.0137966 0.00964517 0.00633709 0.00387878
 0.00863361 0.0139136 0.0207335 0.0289641 0.0382999 0.0481371 0.0575252 0.0653697 0.0708158 0.0735184 0.0736193 0.0715308 0.0677382 0.062705 0.0568421 0.0504933 0.0439304 0.0373631 0.0309595 0.0248696 0.0192426 0.0142311 0.00997407 0.00656587 0.00402403
 0.0085397 0.0137568 0.0204911 0.0286153 0.0378334 0.0475617 0.0568763 0.0647061 0.0702036 0.0730125 0.0732532 0.0713196 0.0676887 0.0628209 0.0571212 0.05092 0.0444724 0.0379747 0.0315903 0.0254727 0.0197805 0.0146781 0.0103185 0.00681028 0.00418253
 0.00922392 0.0147065 0.0216192 0.0297388 0.0387238 0.0480268 0.0568284 0.0641794 0.0693227 0.0719396 0.072142 0.07029 0.0668188 0.0621516 0.0566656 0.0506729 0.0444151 0.0380758 0.0318075 0.0257573 0.0200846 0.014962 0.0105555 0.0069886 0.00430356
 0.0099389 0.0158242 0.0232087 0.0318084 0.0411908 0.0506885 0.0593566 0.0661727 0.0704218 0.0719575 0.0711313 0.0685071 0.0646133 0.0598517 0.0545105 0.0488011 0.0428844 0.0368914 0.0309425 0.0251657 0.0197104 0.0147468 0.010446 0.00694147 0.00428835
 0.00988822 0.0158565 0.0234675 0.0324933 0.0424992 0.0527231 0.0620414 0.069226 0.073408 0.0743962 0.0726244 0.0688411 0.0638066 0.0581307 0.0522255 0.0463178 0.0404998 0.0347962 0.0292264 0.023843 0.0187482 0.0140871 0.0100214 0.00668629 0.00414589
 0.00953532 0.0153292 0.0227682 0.0316762 0.0416827 0.0520922 0.0618291 0.0696568 0.0746066 0.0762985 0.0749492 0.0711553 0.065664 0.0592166 0.0524415 0.0457785 0.0394569 0.0335369 0.0279902 0.0227822 0.0179273 0.0135058 0.00964235 0.00645851 0.00402001
 0.0093401 0.0149976 0.0222456 0.0309111 0.0406491 0.0508233 0.060447 0.0683778 0.0737042 0.0760303 0.0754678 0.0724387 0.0674964 0.0612409 0.0542701 0.0471178 0.0401873 0.0337155 0.0277882 0.0223983 0.0175212 0.0131695 0.00940633 0.00631394 0.00394186
 0.00932775 0.0149697 0.022187 0.0307974 0.0404459 0.05049 0.0599484 0.067705 0.0729006 0.0752093 0.0748049 0.0721263 0.067672 0.0619192 0.0553184 0.0482954 0.0412347 0.0344488 0.0281509 0.0224506 0.0173845 0.0129651 0.0092167 0.00617514 0.00385633
 0.00924331 0.0148475 0.0220306 0.0306179 0.0402566 0.0502972 0.0597447 0.0674688 0.0726051 0.0748393 0.0743774 0.0717058 0.0673659 0.0618451 0.0555523 0.0488255 0.0419524 0.0351892 0.0287608 0.0228456 0.0175654 0.0129918 0.00916569 0.00610594 0.00380001
 0.00919417 0.014776 0.0219388 0.0305143 0.0401542 0.0502111 0.0596868 0.0674427 0.0726007 0.074831 0.0743305 0.0715926 0.0671866 0.0616411 0.0553979 0.048797 0.042088 0.0354644 0.029098 0.0231528 0.0177784 0.0130953 0.00918442 0.0060801 0.00376311
 0.00925557 0.0148483 0.0219975 0.0305218 0.0400725 0.0500208 0.0594017 0.0671096 0.0722821 0.074581 0.074176 0.0715277 0.067183 0.0616669 0.0554378 0.0488604 0.0422003 0.0356444 0.0293374 0.0234143 0.0180132 0.0132676 0.00928508 0.00612314 0.00377202
 0.00924324 0.0148294 0.0219701 0.0304811 0.0400082 0.0499145 0.0592304 0.0668552 0.071947 0.0741985 0.0738066 0.0712395 0.067025 0.0616526 0.0555468 0.0490563 0.0424497 0.0359258 0.0296362 0.0237126 0.0182867 0.0134918 0.00944601 0.00622264 0.00382413
 0.00919741 0.0147749 0.0219247 0.0304722 0.040064 0.0500492 0.059432 0.0670829 0.0721415 0.0743011 0.0737803 0.0710833 0.066775 0.0613686 0.0552895 0.0488679 0.0423465 0.035903 0.0296777 0.023798 0.0183934 0.0135979 0.00953419 0.00628446 0.00386041
 0.00915353 0.0147026 0.0218153 0.0303213 0.0398763 0.0498453 0.059249 0.0669663 0.0721261 0.0743922 0.0739463 0.0712676 0.066921 0.0614439 0.0552959 0.0488343 0.0423111 0.0358956 0.0297113 0.0238686 0.0184866 0.0136954 0.00962052 0.00635022 0.00390368
 0.00911951 0.014648 0.0217343 0.0302085 0.039728 0.0496609 0.0590354 0.066741 0.0719189 0.0742399 0.0738817 0.0713052 0.067048 0.0616234 0.0554833 0.0489961 0.0424361 0.0359928 0.029798 0.023958 0.0185815 0.0137899 0.00970489 0.00641688 0.00395003
 0.00903103 0.0145207 0.0215733 0.0300286 0.0395485 0.0494983 0.0588972 0.066626 0.0718221 0.0741596 0.0738242 0.0712845 0.0670795 0.0617144 0.0556261 0.0491691 0.042613 0.036154 0.0299361 0.0240756 0.0186842 0.0138805 0.00978206 0.00647784 0.00399351
 0.00875174 0.0141243 0.021084 0.0295059 0.0390721 0.0491412 0.0587035 0.0666024 0.0719432 0.0743805 0.074094 0.0715593 0.0673319 0.0619367 0.0558247 0.0493544 0.0427905 0.0363216 0.0300877 0.0242069 0.0187942 0.0139706 0.00985398 0.00653258 0.00403225
 0.00843735 0.0136515 0.0204462 0.0287292 0.0382159 0.048294 0.0579737 0.0660999 0.0717501 0.0745214 0.0745235 0.072178 0.0680234 0.0626039 0.0564101 0.04984 0.0431842 0.036641 0.0303489 0.0244201 0.0189655 0.0141042 0.00995408 0.00660393 0.00407999
#obs surv len freq
 nan nan nan nan nan nan nan nan nan nan nan nan nan nan nan nan nan nan nan nan nan nan nan nan nan
 0.00448489 0.0073463 0.0111763 0.0159925 0.021693 0.0279682 0.0342819 0.0400128 0.0446922 0.0481559 0.0505139 0.0520098 0.0529022 0.0534147 0.0537292 0.0539842 0.0542628 0.0545556 0.0546944 0.0542863 0.0527243 0.0493565 0.0438062 0.0362862 0.0276699
 0.00461519 0.00756049 0.0115026 0.0164578 0.0223156 0.0287482 0.035191 0.0409918 0.0456592 0.049023 0.0512039 0.0524678 0.0531004 0.0533527 0.0534292 0.0534836 0.0536052 0.0537837 0.0538472 0.0534009 0.0518395 0.0485154 0.0430537 0.0356603 0.0271914
 0.00477337 0.0078194 0.0118957 0.0170173 0.0230673 0.0297006 0.0363248 0.0422542 0.0469682 0.0502799 0.0523073 0.053327 0.0536454 0.0535422 0.053254 0.052965 0.052788 0.0527268 0.0526168 0.0520668 0.0504765 0.0472032 0.0418714 0.0346732 0.0264356
 0.00496382 0.00813015 0.0123655 0.0176833 0.0239577 0.0308243 0.0376596 0.0437424 0.0485234 0.0518011 0.0536927 0.0544812 0.0544844 0.053998 0.0532819 0.0525494 0.0519456 0.0515058 0.0510918 0.0503344 0.0486515 0.0454119 0.0402387 0.0333008 0.0253808
 0.00518017 0.00848413 0.0129025 0.0184468 0.0249812 0.032118 0.0391968 0.0454546 0.0503103 0.0535493 0.0552928 0.0558369 0.0555136 0.0546319 0.053465 0.0522437 0.0511375 0.0502144 0.0493758 0.0482958 0.0464325 0.0431835 0.038176 0.03155 0.024027
 0.00540958 0.00886053 0.0134754 0.0192649 0.0260828 0.0335169 0.0408667 0.0473237 0.0522706 0.055477 0.0570676 0.0573537 0.0566862 0.0553911 0.0537558 0.0520234 0.0503787 0.0489139 0.0475694 0.046073 0.0439431 0.0406268 0.0357698 0.0294833 0.0224161
 0.00563787 0.00923547 0.014047 0.0200827 0.027187 0.034924 0.0425541 0.0492235 0.0542784 0.0574705 0.0589253 0.0589664 0.0579617 0.0562546 0.0541482 0.0518982 0.0497015 0.0476693 0.045776 0.0438037 0.041341 0.0379011 0.033163 0.0272165 0.0206329
 0.0058848 0.00963969 0.0146606 0.020956 0.0283594 0.0364085 0.0443223 0.0511998 0.0563504 0.0595108 0.0608114 0.0605921 0.05924 0.0571165 0.0545391 0.0517744 0.0490288 0.0464274 0.0439733 0.0415005 0.0386699 0.03507 0.0304254 0.0248126 0.0187265
 0.0061208 0.0100263 0.0152481 0.0217934 0.0294854 0.0378372 0.0460279 0.0531107 0.0583593 0.0614942 0.0626498 0.0621814 0.0604953 0.0579714 0.0549423 0.0516849 0.0484135 0.0452638 0.0422633 0.0392928 0.0360834 0.032301 0.0277221 0.0224183 0.0168134
 0.00637984 0.0104484 0.0158851 0.0226937 0.0306846 0.0393431 0.047805 0.0550757 0.0603931 0.0634655 0.0644366 0.0636839 0.0616383 0.0587019 0.0552235 0.0514906 0.0477224 0.0440614 0.0405528 0.0371171 0.0335497 0.029591 0.0250712 0.0200623 0.0149232
 0.00660649 0.0108247 0.0164658 0.0235342 0.0318289 0.0408054 0.0495517 0.0570198 0.0624081 0.0654114 0.0661849 0.0651313 0.0627109 0.0593522 0.0554253 0.0512303 0.0469929 0.0428605 0.0388911 0.035037 0.0311487 0.0270333 0.0225716 0.0178383 0.0131352
 0.00684789 0.0112158 0.0170519 0.0243574 0.032921 0.0421762 0.0511753 0.0588278 0.0642953 0.0672527 0.0678543 0.0665181 0.0637301 0.059949 0.0555725 0.0509218 0.0462345 0.0416647 0.0372808 0.0330603 0.0288982 0.0246573 0.0202615 0.015788 0.0114877
 0.00707476 0.011591 0.0176279 0.0251852 0.0340381 0.0435882 0.0528394 0.0606502 0.0661485 0.0690035 0.0693875 0.0677459 0.064591 0.0604037 0.055601 0.0505208 0.045414 0.0404451 0.0356951 0.0311631 0.0267802 0.0224536 0.018141 0.0139189 0.00999227
 0.00727516 0.0119228 0.0181385 0.0259225 0.035041 0.0448704 0.0543732 0.0623592 0.0679165 0.0706963 0.0708765 0.0689268 0.065393 0.0607908 0.0555656 0.0500745 0.0445792 0.0392516 0.0341825 0.0293893 0.0248329 0.0204555 0.0162393 0.0122565 0.00867016
 0.00741532 0.0121535 0.0184914 0.0264302 0.0357321 0.045761 0.055457 0.0636012 0.0692545 0.072048 0.0721494 0.0700276 0.0662377 0.0613142 0.0557279 0.0498621 0.044001 0.0383334 0.0329646 0.0279303 0.023216 0.018791 0.0146551 0.0108735 0.00757196
 0.00752234 0.0123255 0.018747 0.0267863 0.0362021 0.0463517 0.0561643 0.0644079 0.0701314 0.0729575 0.0730474 0.0708638 0.0669561 0.0618555 0.0560365 0.0498942 0.0437316 0.0377604 0.0321102 0.026842 0.0219679 0.0174816 0.013396 0.00976847 0.00669237
 0.00757572 0.0124104 0.0188713 0.0269569 0.0364245 0.0466301 0.0565002 0.0648 0.0705758 0.0734479 0.0735747 0.0714122 0.0674994 0.0623549 0.0564418 0.0501499 0.0437866 0.0375788 0.031681 0.0261856 0.0211373 0.0165582 0.0124763 0.00894371 0.006027
 0.0076504 0.0125229 0.0190241 0.0271467 0.0366435 0.0468685 0.0567488 0.065051 0.0708246 0.0736943 0.0738224 0.0716672 0.0677645 0.0626238 0.0566946 0.0503525 0.0438945 0.0375469 0.0314767 0.0258007 0.0205964 0.0159173 0.0118114 0.00833153 0.00552467
 0.00771315 0.0126207 0.0191632 0.0273286 0.0368643 0.047117 0.0570062 0.0652942 0.0710317 0.0738531 0.0739345 0.0717464 0.0678302 0.0626923 0.0567723 0.0504305 0.0439488 0.0375425 0.0313774 0.0255828 0.0202603 0.0154923 0.0113496 0.00789209 0.00515565
 0.0077596 0.0126901 0.0192562 0.0274422 0.0369927 0.0472537 0.057145 0.0654287 0.0711553 0.0739589 0.0740172 0.071805 0.0678695 0.0627219 0.0568023 0.0504656 0.0439831 0.0375577 0.0313473 0.0254824 0.020078 0.0152379 0.0110539 0.00759688 0.00489898
 0.00779087 0.0127374 0.0193205 0.0275218 0.0370828 0.0473474 0.0572342 0.0655055 0.0712146 0.0739996 0.074043 0.0718218 0.0678829 0.0627362 0.05682 0.0504879 0.0440075 0.0375761 0.0313447 0.0254412 0.0199851 0.0150931 0.0108729 0.00740644 0.00472675
 0.00782429 0.0127854 0.0193811 0.0275889 0.0371483 0.0474033 0.0572753 0.0655298 0.0712229 0.073995 0.0740302 0.0718066 0.0678713 0.0627331 0.0568279 0.0505063 0.0440331 0.0376021 0.0313609 0.0254351 0.0199463 0.0150181 0.010769 0.00728968 0.00461609
 0.00787219 0.0128604 0.0194881 0.0277294 0.0373182 0.0475918 0.0574635 0.0656938 0.0713396 0.0740492 0.0740198 0.0717415 0.0677688 0.0626122 0.0567052 0.0503937 0.0439367 0.0375222 0.0312929 0.0253709 0.0198772 0.014939 0.0106806 0.00719932 0.00453377
 0.00785065 0.012829 0.0194479 0.027684 0.0372738 0.0475558 0.0574431 0.0656941 0.0713617 0.0740896 0.0740701 0.0717922 0.0678127 0.0626462 0.0567309 0.0504148 0.0439569 0.0375429 0.0313122 0.025384 0.0198786 0.0149249 0.0106514 0.00716012 0.00449232
 0.00788983 0.0128822 0.0195087 0.0277405 0.0373125 0.0475675 0.0574278 0.0656609 0.0713246 0.074061 0.0740566 0.071793 0.0678217 0.062656 0.0567356 0.0504127 0.0439493 0.0375329 0.0313017 0.0253729 0.0198648 0.0149059 0.0106266 0.00713132 0.00446345
 0.00788613 0.0128789 0.0195084 0.0277457 0.0373237 0.0475802 0.0574322 0.0656451 0.0712813 0.0739936 0.07398 0.0717275 0.0677841 0.0626529 0.0567627 0.0504589 0.0440027 0.0375844 0.0313463 0.0254081 0.0198893 0.0149193 0.0106294 0.00712589 0.00445329
 0.00788301 0.012873 0.019498 0.0277295 0.0373015 0.047554 0.057406 0.0656235 0.0712658 0.0739816 0.0739659 0.0717077 0.0677608 0.0626339 0.0567574 0.0504724 0.0440338 0.0376266 0.0313913 0.0254491 0.0199218 0.0149413 0.0106413 0.00712939 0.00445129
 0.00788611 0.0128725 0.0194871 0.0276989 0.0372421 0.0474617 0.0572854 0.0654884 0.0711359 0.0738764 0.073899 0.0716835 0.0677751 0.062678 0.0568223 0.0505518 0.0441231 0.0377212 0.0314852 0.0255356 0.0199951 0.0149979 0.0106806 0.0071535 0.00446392
 0.00787143 0.0128493 0.0194532 0.027652 0.0371795 0.0473803 0.0571826 0.0653645 0.0709968 0.0737354 0.0737746 0.0715954 0.0677376 0.0626956 0.0568892 0.0506554 0.0442488 0.0378558 0.0316179 0.0256577 0.0201001 0.0150817 0.0107421 0.00719454 0.00448854
 0.00781763 0.0127632 0.0193268 0.0274797 0.0369605 0.0471216 0.0569009 0.0650846 0.0707471 0.0735397 0.073649 0.0715469 0.0677668 0.0627983 0.0570565 0.0508729 0.0444979 0.0381159 0.0318698 0.0258861 0.0202943 0.0152363 0.0108567 0.00727307 0.00453781
 0.00781555 0.0127514 0.0192934 0.0274089 0.0368366 0.0469357 0.0566572 0.0648022 0.0704556 0.0732725 0.0734355 0.0714078 0.067712 0.0628281 0.0571634 0.0510438 0.0447156 0.0383607 0.032121 0.0261243 0.0205041 0.0154079 0.0109868 0.0073639 0.00459595
 0.00778685 0.0127061 0.0192273 0.0273179 0.0367163 0.0467811 0.0564645 0.0645718 0.0701964 0.073004 0.073186 0.071209 0.0675914 0.0628014 0.0572325 0.0511981 0.0449359 0.0386231 0.0324003 0.0263968 0.0207498 0.0156131 0.0111451 0.00747625 0.00466894
 0.00776586 0.0126705 0.0191711 0.027235 0.0366021 0.0466351 0.0562914 0.0643815 0.0700004 0.0728129 0.0730087 0.0710555 0.0674745 0.0627371 0.0572349 0.0512746 0.0450831 0.038827 0.0326394 0.0266461 0.020986 0.0158179 0.0113077 0.00759446 0.00474724
 0.00774111 0.0126305 0.0191115 0.0271517 0.0364921 0.0464976 0.0561295 0.0642027 0.0698166 0.0726376 0.0728551 0.0709334 0.067391 0.0626967 0.0572423 0.0513341 0.0451966 0.0389908 0.0328417 0.0268684 0.0212065 0.0160165 0.0114706 0.00771596 0.00482945
 0.00931908 0.0148388 0.0217756 0.0298893 0.0388244 0.0480272 0.0566808 0.0638478 0.0687919 0.0712235 0.0712876 0.0693723 0.0659283 0.061379 0.0560899 0.0503538 0.0443885 0.0383499 0.0323579 0.0265248 0.0209798 0.0158794 0.0113958 0.00767987 0.00481466
 0.00928601 0.0150801 0.0226589 0.031872 0.0422549 0.052876 0.0623698 0.0693453 0.0729801 0.07334 0.071177 0.0674272 0.0628167 0.0577575 0.0524406 0.0469597 0.041384 0.0357835 0.0302346 0.0248272 0.0196754 0.014923 0.0107318 0.00724688 0.00455153
 0.00896491 0.0145706 0.0219373 0.0309818 0.0413624 0.052309 0.0625806 0.070749 0.0757069 0.0770497 0.0750995 0.0706568 0.0646906 0.0580859 0.0514773 0.0451891 0.0392918 0.0337241 0.028409 0.0233197 0.0184995 0.0140545 0.0101267 0.00685174 0.00431152
 0.008786 0.0142753 0.0214851 0.0303342 0.0404976 0.0512502 0.0614341 0.069734 0.0751422 0.0772682 0.076298 0.0727494 0.0672713 0.0605591 0.0533001 0.0460809 0.0392917 0.0330936 0.0274726 0.022343 0.0176432 0.0133851 0.00964832 0.0065366 0.00412
 0.00873143 0.0141768 0.0213181 0.0300682 0.0401012 0.0507006 0.0607309 0.0689132 0.0742905 0.0765323 0.0758743 0.0728366 0.0679839 0.06184 0.0548965 0.0476247 0.0404488 0.0336944 0.0275465 0.0220558 0.017195 0.0129329 0.00927853 0.00627445 0.00395445
 0.0087029 0.0141293 0.0212439 0.0299574 0.0399413 0.0504769 0.0604285 0.0685221 0.0738135 0.0759956 0.0753399 0.0724066 0.0677864 0.0619887 0.0554318 0.0484693 0.0414162 0.0345586 0.028137 0.0223182 0.0171869 0.0127687 0.00906848 0.00608949 0.00382217
 0.00867639 0.0140857 0.0211771 0.0298616 0.0398118 0.0503114 0.0602283 0.0682909 0.0735554 0.0757143 0.0750422 0.0721117 0.0675358 0.061847 0.0554703 0.0487318 0.0418844 0.0351426 0.0287053 0.022754 0.0174347 0.0128443 0.00903243 0.00600835 0.00374237
 0.00868228 0.0140917 0.0211794 0.0298541 0.0397871 0.0502628 0.0601515 0.0681849 0.0734222 0.0755573 0.0748656 0.0719214 0.0673431 0.0616742 0.0553533 0.0487127 0.0419938 0.0353771 0.0290192 0.0230733 0.0176897 0.0129987 0.00909117 0.00600339 0.00371019
 0.00866992 0.0140761 0.0211641 0.0298443 0.0397873 0.0502737 0.0601674 0.0681945 0.0734125 0.0755183 0.0747933 0.0718185 0.0672174 0.0615386 0.0552262 0.0486189 0.0419596 0.0354206 0.0291377 0.0232395 0.0178609 0.013136 0.00917514 0.00603758 0.00371197
 0.00866649 0.0140678 0.021147 0.0298142 0.0397416 0.0502147 0.0601031 0.068137 0.0733722 0.0754985 0.0747883 0.0718163 0.0672064 0.0615124 0.055187 0.0485774 0.0419326 0.0354254 0.0291846 0.0233251 0.0179676 0.0132393 0.0092551 0.00608625 0.00373349
 0.00865503 0.0140526 0.0211301 0.029799 0.0397312 0.0502092 0.0600994 0.0681297 0.0733574 0.0754767 0.074764 0.0717948 0.0671897 0.061498 0.0551706 0.0485571 0.0419121 0.0354136 0.0291915 0.0233558 0.0180186 0.0132992 0.00931022 0.00612701 0.00375749
 0.00864288 0.0140327 0.0211001 0.0297573 0.0396781 0.0501485 0.0600381 0.0680769 0.0733207 0.0754595 0.0747643 0.0718076 0.0672098 0.0615217 0.0551953 0.0485806 0.0419334 0.0354342 0.029215 0.0233865 0.0180576 0.0133433 0.00935286 0.00616181 0.00378126
 0.00862276 0.0139997 0.0210502 0.0296869 0.0395853 0.0500346 0.0599099 0.0679466 0.0732042 0.0753724 0.0747181 0.0718066 0.0672503 0.0615941 0.055287 0.04868 0.0420313 0.0355252 0.0292971 0.0234601 0.0181238 0.0134021 0.00940263 0.00620065 0.00380841
 0.00862475 0.0140032 0.0210558 0.0296946 0.039594 0.0500414 0.0599095 0.0679331 0.073173 0.0753235 0.0746573 0.0717439 0.0671974 0.0615598 0.0552753 0.048689 0.0420557 0.0355586 0.0293342 0.0234975 0.0181598 0.0134355 0.00943213 0.00622478 0.00382622
 0.00863003 0.0140123 0.0210703 0.0297163 0.0396241 0.0500795 0.0599529 0.067976 0.0732076 0.0753415 0.0746525 0.0717145 0.0671474 0.0614981 0.0552131 0.0486365 0.0420187 0.0355382 0.029328 0.0235016 0.0181703 0.0134493 0.0094466 0.00623797 0.00383679
 0.00863003 0.0140123 0.0210703 0.0297163 0.0396241 0.0500795 0.0599529 0.067976 0.0732076 0.0753415 0.0746525 0.0717145 0.0671474 0.0614981 0.0552131 0.0486365 0.0420187 0.0355382 0.029328 0.0235016 0.0181703 0.0134493 0.0094466 0.00623797 0.00383679
#pred catch len freq
 0.00440276 0.00698918 0.0102391 0.0140901 0.0185028 0.0234356 0.0287738 0.0342999 0.0397385 0.0448255 0.0493533 0.0531882 0.056275 0.0586211 0.0602566 0.0611909 0.0613902 0.0607785 0.0592422 0.0566236 0.0527256 0.0473761 0.0405793 0.032683 0.0244192
 0.00469534 0.00736213 0.0106149 0.0143444 0.0185126 0.0231467 0.0282454 0.0336872 0.0392152 0.0444918 0.049186 0.0530617 0.0560357 0.0581738 0.059621 0.0605062 0.0608656 0.0606079 0.0595179 0.0572916 0.0536067 0.0482454 0.0412594 0.0331012 0.0246041
 0.00500065 0.00784791 0.0113186 0.0152734 0.0196203 0.0243107 0.0292709 0.0343568 0.0393786 0.0441438 0.0484705 0.052188 0.0551638 0.0573499 0.0588046 0.0596553 0.0600113 0.0598636 0.0590208 0.0571196 0.053728 0.0485344 0.0415635 0.0333128 0.0246922
 0.00531594 0.00834077 0.0120262 0.0162237 0.0208327 0.025791 0.030989 0.0362143 0.0411871 0.045644 0.0494056 0.0524012 0.0546616 0.0562836 0.057384 0.0580616 0.0583682 0.0582646 0.0575616 0.0558925 0.0527863 0.0478648 0.0410992 0.0329745 0.0244261
 0.00564035 0.00884628 0.0127477 0.0171829 0.022041 0.0272513 0.0326922 0.0381289 0.0432436 0.0477182 0.0513077 0.053891 0.0555012 0.0563154 0.0565909 0.0565695 0.0563924 0.0560396 0.0552964 0.0537548 0.0508976 0.0462939 0.0398607 0.0320423 0.023754
 0.00597238 0.00936685 0.0134965 0.0181874 0.0233163 0.0287989 0.0344946 0.0401429 0.0453981 0.0499156 0.0534236 0.0557705 0.0569586 0.0571532 0.0566427 0.0557568 0.0547622 0.0537616 0.0526192 0.0509481 0.048203 0.0438952 0.0378705 0.0305017 0.0226437
 0.00631763 0.00990613 0.0142686 0.0192178 0.0246186 0.0303752 0.03633 0.0421973 0.047601 0.052168 0.0556052 0.0577469 0.0585867 0.0582827 0.057124 0.0554616 0.0536219 0.0518074 0.0500004 0.0479139 0.0450528 0.0409174 0.0352896 0.0284467 0.0211427
 0.00667596 0.0104638 0.015063 0.0202709 0.025939 0.0319596 0.0381596 0.0442304 0.0497689 0.0543773 0.0577439 0.0596925 0.0602136 0.0594672 0.0577458 0.055408 0.0528029 0.0501865 0.0476323 0.044967 0.0417978 0.0376759 0.0323616 0.0260438 0.0193526
 0.00703578 0.0110239 0.0158606 0.0213271 0.0272599 0.033537 0.0399672 0.0462182 0.0518619 0.0564808 0.0597527 0.061499 0.0617133 0.060562 0.058343 0.0554188 0.0521467 0.0488088 0.0455374 0.0422548 0.0386794 0.0344495 0.0293467 0.0234993 0.0174162
 0.00745511 0.011669 0.0167646 0.0224999 0.0286926 0.0352078 0.0418406 0.0482387 0.0539504 0.0585374 0.0616664 0.0631604 0.063026 0.0614481 0.0587413 0.0552772 0.0514167 0.0474509 0.0435451 0.03969 0.0357022 0.0313152 0.0263574 0.0209251 0.0154216
 0.00792635 0.0123911 0.0177699 0.0237916 0.0302486 0.0369878 0.0437881 0.0502791 0.0559916 0.0604778 0.0634051 0.0646058 0.0641011 0.0620937 0.0589153 0.0549504 0.0505661 0.0460595 0.0416146 0.0372691 0.0329161 0.028375 0.0235287 0.0184601 0.0134874
 0.00840867 0.0131387 0.0188274 0.0251769 0.0319523 0.0389726 0.0459839 0.0525791 0.0582595 0.0625665 0.0651796 0.0659604 0.0649684 0.0624432 0.058746 0.0542776 0.0494097 0.0444384 0.0395545 0.0348236 0.0301943 0.0255539 0.0208341 0.0161126 0.0116381
 0.00873137 0.0136546 0.0195882 0.026227 0.0333227 0.0406707 0.0479781 0.0547878 0.0605522 0.0647794 0.0671396 0.0675118 0.0659963 0.0628873 0.0585999 0.0535757 0.0482064 0.0427931 0.0375275 0.0324884 0.0276577 0.0229697 0.018391 0.0139937 0.0099697
 0.00903896 0.0141265 0.0202483 0.0270843 0.0343788 0.0419267 0.0494342 0.0564312 0.0623397 0.0666248 0.0689144 0.0690624 0.0671718 0.06357 0.0587247 0.0531343 0.0472372 0.0413638 0.0357217 0.0304026 0.0254086 0.0207008 0.0162642 0.01216 0.00852998
 0.00914096 0.0143112 0.0205609 0.0275779 0.0351014 0.0429025 0.0506475 0.0578248 0.0638306 0.0681248 0.0703416 0.0703384 0.0682144 0.0642922 0.0590468 0.0530016 0.0466343 0.040318 0.0342978 0.0286953 0.0235373 0.0188044 0.0144883 0.0106329 0.00733398
 0.00921588 0.0144302 0.0207368 0.0278271 0.0354478 0.0433801 0.0512948 0.0586696 0.0648694 0.0693078 0.0715758 0.0715092 0.0692133 0.0650348 0.0594752 0.053078 0.0463384 0.0396513 0.0332919 0.0274164 0.0220852 0.0173031 0.0130684 0.00940693 0.00637271
 0.00936529 0.0146453 0.0210097 0.0281345 0.035761 0.0436796 0.0515829 0.058973 0.0652304 0.0697674 0.0721531 0.0721862 0.0699309 0.0657053 0.0600038 0.053384 0.0463672 0.0393784 0.0327239 0.0265933 0.0210802 0.0162166 0.0120116 0.00847878 0.00563755
 0.00932342 0.0145941 0.0209632 0.0281136 0.0357857 0.0437575 0.0517033 0.0591128 0.0653711 0.0699123 0.0723324 0.072443 0.0702961 0.0661738 0.0605269 0.0538797 0.0467434 0.0395576 0.0326617 0.0262872 0.0205703 0.0155772 0.0113351 0.00785308 0.00512533
 0.00932795 0.0145949 0.0209532 0.0280852 0.0357357 0.0436936 0.051646 0.0590893 0.065402 0.0700013 0.0724677 0.0726096 0.0704899 0.0664035 0.0608006 0.0541865 0.0470438 0.0397914 0.032768 0.0262274 0.0203432 0.0152205 0.010913 0.00743629 0.0047697
 0.0094041 0.0147051 0.0210935 0.028242 0.0358882 0.0438194 0.051727 0.0591172 0.065382 0.0699517 0.0724134 0.0725732 0.0704841 0.0664314 0.0608604 0.0542738 0.047148 0.0398894 0.0328246 0.0262069 0.0202251 0.0150116 0.0106463 0.00715842 0.00452334
 0.00942978 0.0147415 0.0211382 0.0282889 0.035929 0.043845 0.0517301 0.0590932 0.0653304 0.0698777 0.0723292 0.0724973 0.0704371 0.0664296 0.0609103 0.0543706 0.0472769 0.040028 0.0329453 0.0262814 0.0202325 0.014947 0.0105247 0.00700882 0.00437748
 0.009307 0.0145642 0.0209127 0.0280349 0.0356737 0.0436138 0.051539 0.0589482 0.0652314 0.0698234 0.07232 0.0725353 0.0705249 0.0665685 0.0610984 0.0546007 0.047535 0.0402935 0.0331929 0.0264852 0.0203725 0.015015 0.0105277 0.00696675 0.00431535
 0.00931022 0.0145566 0.0208782 0.0279528 0.0355261 0.0433968 0.0512702 0.0586647 0.0649769 0.069633 0.0722105 0.0725058 0.0705648 0.0666654 0.0612421 0.0547827 0.0477457 0.0405195 0.0334162 0.0266851 0.02053 0.0151188 0.0105777 0.00697375 0.00429655
 0.0095996 0.014969 0.0213902 0.0285038 0.036032 0.0437755 0.051464 0.0586521 0.0647732 0.069283 0.0717774 0.0720552 0.0701498 0.0663178 0.0609735 0.0545916 0.0476245 0.0404574 0.0333997 0.0266974 0.0205531 0.0151372 0.0105823 0.00696376 0.004277
 0.00971004 0.0151513 0.0216674 0.0288927 0.0365319 0.0443543 0.0520508 0.0591467 0.0650752 0.0693286 0.0715624 0.0716343 0.0696126 0.0657581 0.0604646 0.0541757 0.0473143 0.0402457 0.0332685 0.0266252 0.0205185 0.0151217 0.0105726 0.00695296 0.00426387
 0.00972083 0.0151759 0.0217188 0.0289901 0.0366997 0.0446167 0.052422 0.0596171 0.0656006 0.0698291 0.0719396 0.0718038 0.069537 0.0654616 0.0600208 0.0536773 0.0468418 0.0398495 0.0329674 0.0264143 0.0203804 0.0150354 0.0105195 0.00691928 0.00424136
 0.00972565 0.0151825 0.0217272 0.0290019 0.0367203 0.0446586 0.0525056 0.0597676 0.0658376 0.0701536 0.0723223 0.0721839 0.0698358 0.0656092 0.0599831 0.0534689 0.0465186 0.0394841 0.0326232 0.0261305 0.0201697 0.0148916 0.0104275 0.00686311 0.00420802
 0.00951435 0.0148791 0.0213447 0.0285776 0.0363055 0.0443016 0.05224 0.0596112 0.0658005 0.0702448 0.0725483 0.0725382 0.0702877 0.066101 0.060442 0.0538298 0.0467464 0.0395826 0.0326266 0.026084 0.0201113 0.0148431 0.0103956 0.0068452 0.00419896
 0.0093565 0.0146327 0.0209946 0.0281207 0.0357559 0.0436953 0.0516367 0.0590868 0.0654288 0.0700765 0.072599 0.0727912 0.0707052 0.0666328 0.06103 0.0544114 0.0472629 0.0399928 0.0329166 0.0262662 0.0202144 0.0148976 0.0104245 0.00686182 0.00420923
 0.00933646 0.0145893 0.0209088 0.0279668 0.0355066 0.0433312 0.0511576 0.0585205 0.0648334 0.0695325 0.072192 0.0725893 0.0707395 0.0668911 0.0614629 0.0549482 0.0478285 0.0405214 0.0333617 0.0266065 0.0204521 0.015051 0.0105175 0.00691569 0.00423942
 0.0092104 0.0144106 0.0206873 0.0277252 0.0352701 0.0431128 0.0509486 0.058295 0.0645648 0.0692144 0.0718508 0.0722815 0.0705349 0.0668475 0.0616062 0.0552633 0.0482658 0.0410128 0.0338405 0.0270222 0.0207783 0.0152844 0.010671 0.00700919 0.0042925
 0.00902501 0.0141295 0.020303 0.0272474 0.0347258 0.0425441 0.050408 0.0578359 0.064227 0.0690108 0.0717668 0.0722889 0.070613 0.0669966 0.061843 0.0556043 0.0487084 0.041528 0.0343788 0.0275293 0.0212109 0.01562 0.0109086 0.00716313 0.00438399
 0.00888242 0.0139062 0.0199832 0.0268226 0.034197 0.0419253 0.0497314 0.0571539 0.0636082 0.0685263 0.071472 0.0722083 0.0707352 0.0672838 0.0622496 0.0560924 0.0492524 0.0421065 0.034965 0.0280879 0.021705 0.016022 0.0112077 0.00736609 0.00450939
