SBPRF35
7.78865
Curr Bio
534936
B35
656367
F35
0.211423
FOFL
0.145713
OFL
53788.4
Bzero
2.22533e+006
#pred survey bio
 3.80525e+006 3.48142e+006 3.15284e+006 2.79038e+006 2.4621e+006 2.16444e+006 1.87785e+006 1.62677e+006 1.43728e+006 1.26173e+006 1.11668e+006 987989 871933 789738 743959 705329 677508 653049 639949 621061 612597 606732 600840 602588 604569 599428 586560 583331 575300 574446 555345 549694 526540 526288 526646 537088 546490 563713 576551 587005 587562 587478 589318 594439 576389 561576 539563 1.63323e+007 9.55724e+006 9.72939e+006 1.05496e+007 1.17223e+007 1.29541e+007 1.40701e+007 1.4997e+007 1.57247e+007 1.62753e+007 1.66816e+007 1.69766e+007 1.71889e+007 1.7341e+007 1.74498e+007 1.75278e+007 1.7584e+007 1.76247e+007 1.76544e+007 1.76761e+007 1.76922e+007 1.77041e+007 1.7713e+007 1.77197e+007 1.77248e+007 1.77286e+007 1.77315e+007 1.77337e+007 1.77354e+007 1.77367e+007 1.77377e+007 1.77385e+007 1.77391e+007 1.77395e+007 1.77399e+007 1.77401e+007 1.77403e+007 1.77405e+007 1.77406e+007 1.77407e+007 1.77408e+007 1.77409e+007 1.77409e+007 1.77409e+007 1.7741e+007 1.7741e+007 1.7741e+007 1.7741e+007 1.7741e+007 1.7741e+007 1.7741e+007 1.7741e+007 1.7741e+007 1.77411e+007 1.77411e+007 1.77411e+007 1.77411e+007 1.77411e+007 1.77411e+007 1.77411e+007 1.77411e+007 1.77411e+007 1.77411e+007 1.77411e+007 1.77411e+007 1.77411e+007 1.77411e+007 1.77411e+007 1.77411e+007 1.77411e+007 1.77411e+007 1.77411e+007 1.77411e+007 1.77411e+007 1.77411e+007 1.77411e+007 1.77411e+007 1.77411e+007 1.77411e+007 1.77411e+007 1.77411e+007 1.77411e+007 1.77411e+007 1.77411e+007 1.77411e+007 1.77411e+007 1.77411e+007 1.77411e+007 1.77411e+007 1.77411e+007 1.77411e+007 1.77411e+007 1.77411e+007 1.77411e+007 1.77411e+007 1.77411e+007 1.77411e+007 1.77411e+007 1.77411e+007 1.77411e+007 0 0 0 0 0 0 0 0 0 0 0 0 0 0 0 0 0 0 0 0 0 0 0 0 0
#obs survey bio
 2.60336e+006 2.83123e+006 3.83684e+006 2.41528e+006 1.83678e+006 1.489e+006 1.27987e+006 1.63064e+006 1.06609e+006 1.16805e+006 897915 869979 789057 539110 555850 650687 735322 409018 535182 523868 604600 509089 395986 482017 519863 416644 614479 419536 561346 393074 447853 706485 377819 511790 442925 469080 452160 747354 492176 671028 494777 605078 486279 624186 681289 566920 559764
#pred catch bio
 221036 246513 302521 300211 300023 314393 302010 261279 258392 237625 226913 216709 186097 153035 144419 132160 126599 115099 118091 107579 104311 103415 96390.2 95355.7 99683 103947 93430 94666.9 85693.4 97757.3 83117.8 97155 81267.1 86647 82849 86677.1 81673.7 85783.7 87256.2 94189.9 92970.1 89723 85340.4 102109 95408.9 96492.8 131424 53788.4 73507.4 73317.1 78144 86495.3 95584.5 103777 110449 115542 119258 121881 123688 124909 125722 126256 126605 126831 126976 127069 127128 127166 127190 127205 127214 127220 127224 127227 127228 127229 127230 127230 127230 127230 127231 127231 127231 127231 127231 127231 127231 127231 127231 127231 127231 127231 127231 127231 127231 127231 127231 127231 127231 127231 127231 127231 127231 127231 127231 127231 127231 127231 127231 127231 127231 127231 127231 127231 127231 127231 127231 127231 127231 127231 127231 127231 127231 127231 127231 127231 127231 127231 127231 127231 127231 127231 127231 127231 127231 127231 127231 127231 127231 127231 127231 127231 127231 127231 127231 127231 127231 0 0 0 0 0 0 0 0 0 0 0 0 0 0 0 0 0 0 0 0 0 0 0 0 0
#obs catch bio
 249453 246937 304157 302573 303695 320572 310122 267206 264976 242937 232087 223531 191755 157208 148162 134746 128685 117439 120643 109445 106242 105322 98238.3 97219.1 101310 105796 95107.4 96455.6 86390.9 99489.2 83834.6 98471.8 82071.3 87613.6 83834.9 87941.6 82851.2 86641.7 88055.9 94864.1 93430.9 90341.4 85480.1 102493 95441.8 96114.6 131884
#pred cpue bio
 3.73789e+006 3.41767e+006 3.09328e+006 2.73346e+006 2.40666e+006 2.11069e+006 1.82635e+006 1.57778e+006 1.39046e+006 1.21727e+006 1.07424e+006 947452 833577 753368 709033 671918 645322 621785 609158 591022 582966 577413 571787 573597 575884 571317 559109 556410 549273 549038 531025 525960 502833 500788 499656 509277 518455 535460 548344 558891 559830 560061 562194 567612 550611 536832 516429 1.56364e+007 9.15051e+006 9.17742e+006 9.83244e+006 1.09433e+007 1.21597e+007 1.32724e+007 1.41986e+007 1.49263e+007 1.54768e+007 1.58831e+007 1.61782e+007 1.63905e+007 1.65425e+007 1.66513e+007 1.67294e+007 1.67856e+007 1.68263e+007 1.68559e+007 1.68777e+007 1.68937e+007 1.69057e+007 1.69146e+007 1.69213e+007 1.69263e+007 1.69302e+007 1.69331e+007 1.69353e+007 1.6937e+007 1.69383e+007 1.69393e+007 1.694e+007 1.69406e+007 1.69411e+007 1.69414e+007 1.69417e+007 1.69419e+007 1.69421e+007 1.69422e+007 1.69423e+007 1.69424e+007 1.69424e+007 1.69425e+007 1.69425e+007 1.69425e+007 1.69425e+007 1.69426e+007 1.69426e+007 1.69426e+007 1.69426e+007 1.69426e+007 1.69426e+007 1.69426e+007 1.69426e+007 1.69426e+007 1.69426e+007 1.69426e+007 1.69426e+007 1.69426e+007 1.69426e+007 1.69426e+007 1.69426e+007 1.69426e+007 1.69426e+007 1.69426e+007 1.69426e+007 1.69426e+007 1.69426e+007 1.69426e+007 1.69426e+007 1.69426e+007 1.69426e+007 1.69426e+007 1.69426e+007 1.69426e+007 1.69426e+007 1.69426e+007 1.69426e+007 1.69426e+007 1.69426e+007 1.69426e+007 1.69426e+007 1.69426e+007 1.69426e+007 1.69426e+007 1.69426e+007 1.69426e+007 1.69426e+007 1.69426e+007 1.69426e+007 1.69426e+007 1.69426e+007 1.69426e+007 1.69426e+007 1.69426e+007 1.69426e+007 1.69426e+007 1.69426e+007 1.69426e+007 1.69426e+007 0 0 0 0 0 0 0 0 0 0 0 0 0 0 0 0 0 0 0 0 0 0 0 0 0
#obs cpue bio
 3.30814e+006 3.42388e+006 2.18092e+006 1.80197e+006 1.85192e+006 1.70714e+006 1.29171e+006 1.28576e+006 1.46142e+006 1.14455e+006 1.03339e+006 512432 566320 646409 747697 704362 572677 472366 592773 576646 406281 544873 517922 509022 725215 659806 304845 648404 800248 485970 660694 401762 483916 512641 394708 445723 407383 553904 559642 590033 692149 416968 836255 616792 494332 663793 461045
#pred surv len freq
 0.00657982 0.0104768 0.0153777 0.0211239 0.0274887 0.034124 0.0405142 0.0460702 0.0503449 0.0531961 0.0547703 0.0553617 0.0552766 0.0547632 0.0539873 0.0530319 0.0519101 0.0505821 0.0489541 0.0468507 0.0439966 0.0400733 0.0348864 0.0285725 0.0216871
 0.00680073 0.0107526 0.0156462 0.021295 0.0274937 0.0339792 0.0403545 0.0461125 0.0507866 0.0541035 0.0560285 0.056717 0.0564425 0.0555283 0.0542755 0.0528986 0.0514897 0.0500159 0.0483299 0.0461808 0.043243 0.0392032 0.0339207 0.0275944 0.0208074
 0.00736719 0.0116013 0.0167843 0.0226687 0.0289896 0.0354394 0.041606 0.0470152 0.0512913 0.0542865 0.056063 0.0567796 0.0566097 0.0557346 0.0543605 0.0527047 0.0509424 0.0491421 0.0472184 0.0449258 0.0419116 0.0378429 0.0325865 0.0263638 0.0197649
 0.00782155 0.0123431 0.0179032 0.0242408 0.0310502 0.0379442 0.0443971 0.0498214 0.0537815 0.0561636 0.0571561 0.05709 0.0562849 0.0549826 0.0533491 0.0515033 0.0495355 0.047491 0.0453209 0.0428371 0.0397306 0.0356884 0.0305808 0.0246191 0.0183638
 0.00822012 0.0129702 0.0188108 0.0254711 0.0326365 0.0399077 0.04673 0.0524587 0.0565756 0.0588795 0.0595021 0.0587848 0.0571402 0.054958 0.0525469 0.0501041 0.047715 0.0453704 0.0429716 0.0403209 0.0371373 0.0331465 0.0282398 0.0226156 0.0167867
 0.00857565 0.0135342 0.0196337 0.0265916 0.0340765 0.0416657 0.0487731 0.0547205 0.0589626 0.0612775 0.0617731 0.0607591 0.0586219 0.0557608 0.0525491 0.0492902 0.0461757 0.0432612 0.0404625 0.0375704 0.0342975 0.0303777 0.0257083 0.0204678 0.0151136
 0.00889492 0.014048 0.0203975 0.0276536 0.0354697 0.0433943 0.050798 0.0569543 0.0612817 0.0635456 0.063863 0.0625584 0.0600258 0.0566611 0.0528364 0.0488767 0.0450288 0.041427 0.0380647 0.0347882 0.0313399 0.0274625 0.0230418 0.0182162 0.0133721
 0.00925227 0.0146028 0.0211848 0.0286918 0.0367622 0.0449306 0.0525501 0.0588696 0.0632797 0.0655236 0.0657068 0.0641568 0.0612803 0.0574891 0.0531668 0.048646 0.0441883 0.0399639 0.0360268 0.032298 0.0285876 0.0246797 0.0204607 0.0160247 0.0116769
 0.00956357 0.0150853 0.0218674 0.0295858 0.0378618 0.0462134 0.0539761 0.0603823 0.0648129 0.0670112 0.067089 0.0653778 0.0622828 0.0582105 0.0535407 0.0486063 0.0436767 0.0389427 0.0344992 0.0303302 0.0263189 0.0223092 0.0182096 0.014084 0.0101626
 0.00994568 0.0156787 0.022708 0.0306874 0.0392125 0.0477733 0.0556734 0.0621148 0.0664624 0.0684675 0.0682715 0.0662438 0.0628218 0.058429 0.053445 0.0481914 0.0429231 0.0378262 0.0330115 0.0285041 0.0242484 0.0201498 0.0161499 0.0122981 0.00876258
 0.0103235 0.016264 0.0235348 0.0317675 0.0405345 0.0493012 0.0573423 0.0638299 0.0681071 0.0699216 0.0694325 0.0670424 0.063228 0.0584495 0.0531114 0.0475429 0.0419908 0.0366272 0.0315569 0.0268205 0.0224011 0.0182521 0.0143485 0.0107354 0.00753437
 0.0105264 0.0166085 0.0240793 0.0325727 0.0416466 0.0507271 0.0590283 0.0656581 0.0699185 0.0715529 0.0707484 0.0679525 0.0636892 0.058461 0.0527067 0.0467778 0.0409291 0.0353269 0.0300668 0.0251877 0.0206876 0.0165463 0.0127605 0.00937246 0.00646864
 0.0106953 0.016881 0.0244869 0.033147 0.0424174 0.0517165 0.0602392 0.0670608 0.0714405 0.0730801 0.0721395 0.0690655 0.0644115 0.0587312 0.0525201 0.046176 0.0399822 0.0341154 0.0286689 0.023677 0.0191385 0.0150412 0.0113876 0.0082114 0.00556939
 0.0108244 0.0170743 0.0247481 0.0334717 0.0427987 0.0521535 0.0607421 0.067648 0.0721292 0.073872 0.0730075 0.0699467 0.0652124 0.0593463 0.0528577 0.046181 0.0396461 0.0334718 0.0277806 0.0226222 0.018002 0.0139099 0.0103449 0.00732617 0.00488279
 0.0107991 0.0170355 0.0246941 0.0334028 0.0427185 0.0520698 0.0606698 0.0676117 0.0721642 0.0740202 0.0733067 0.0704145 0.0658305 0.0600531 0.0535562 0.0467611 0.0400133 0.0335707 0.0276042 0.0222082 0.0174196 0.0132444 0.00968184 0.00673693 0.00441296
 0.0108527 0.0171082 0.024777 0.0334787 0.0427669 0.0520752 0.060628 0.0675325 0.072069 0.0739385 0.0732724 0.0704618 0.0659864 0.0603259 0.0539244 0.0471704 0.0403857 0.0338262 0.027685 0.0220958 0.0171381 0.0128505 0.00924712 0.00632785 0.00407575
 0.0110023 0.0173193 0.0250348 0.0337483 0.0430016 0.0522311 0.0606771 0.0674689 0.0719077 0.0737112 0.0730215 0.0702343 0.0658258 0.0602644 0.0539754 0.0473216 0.0405984 0.0340412 0.0278389 0.0221406 0.0170576 0.0126634 0.0089978 0.00606836 0.00384856
 0.0111032 0.0174804 0.0252703 0.034065 0.0433928 0.0526692 0.0611103 0.0678281 0.0721262 0.0737479 0.0728763 0.0699466 0.0654602 0.0598911 0.0536532 0.0470873 0.0404604 0.0339801 0.0278151 0.0221087 0.0169834 0.012536 0.00883066 0.00588986 0.00368763
 0.0110419 0.0173948 0.0251682 0.0339644 0.0433187 0.0526475 0.0611598 0.0679535 0.0723125 0.0739607 0.0730695 0.0700775 0.0655064 0.0598584 0.0535719 0.0469981 0.0403974 0.0339587 0.0278282 0.022133 0.0169916 0.0125103 0.00876943 0.00580639 0.0036013
 0.0111455 0.0175399 0.0253438 0.0341468 0.0434799 0.052768 0.0612376 0.068004 0.0723585 0.0740184 0.0731389 0.070141 0.0655357 0.0598289 0.0534746 0.046845 0.0402171 0.0337832 0.0276801 0.0220183 0.0169021 0.0124325 0.00869407 0.00573233 0.00353379
 0.0111498 0.0175489 0.0253604 0.0341732 0.0435144 0.0528026 0.0612582 0.0679957 0.072315 0.0739499 0.0730704 0.0701013 0.0655421 0.0598777 0.0535444 0.0469091 0.0402569 0.0337951 0.0276718 0.0220006 0.0168815 0.0124097 0.00866728 0.00570167 0.00350232
 0.0111864 0.0175976 0.025414 0.0342191 0.043539 0.0527975 0.0612242 0.0679413 0.0722509 0.0738838 0.0730064 0.070044 0.0654999 0.059861 0.053559 0.0469507 0.0403121 0.0338481 0.0277116 0.0220239 0.0168903 0.0124078 0.00865786 0.00568743 0.00348613
 0.0111797 0.0175937 0.0254202 0.0342448 0.0435914 0.0528752 0.0613144 0.0680224 0.0723013 0.0738912 0.0729721 0.0699799 0.0654224 0.0597855 0.0534975 0.0469104 0.0402943 0.0338478 0.0277203 0.022033 0.0168946 0.0124056 0.0086504 0.00567687 0.00347481
 0.0109717 0.0172908 0.0250303 0.0337995 0.0431389 0.0524675 0.0609956 0.0678216 0.0722299 0.0739422 0.0731234 0.0702012 0.0656838 0.0600639 0.053778 0.047184 0.0405543 0.0340879 0.0279337 0.0222133 0.0170376 0.0125108 0.00872141 0.00572022 0.00349826
 0.0108838 0.0171393 0.0247881 0.0334407 0.0426501 0.0518637 0.0603302 0.0671819 0.0717139 0.0736271 0.0730432 0.0703429 0.0660004 0.0604941 0.054263 0.0476772 0.041024 0.0345147 0.028306 0.0225249 0.017286 0.0126977 0.00885274 0.00580549 0.00354891
 0.0108687 0.0171165 0.0247558 0.0333946 0.0425807 0.0517533 0.0601558 0.0669257 0.0713779 0.0732446 0.0726757 0.0700608 0.0658575 0.0605093 0.0544188 0.0479327 0.0413314 0.0348324 0.0286045 0.022786 0.0175005 0.0128632 0.00897175 0.00588465 0.00359714
 0.010728 0.0169252 0.024537 0.0331921 0.0424452 0.0517208 0.0602295 0.0670716 0.0715373 0.0733562 0.0726978 0.0699868 0.0657172 0.0603557 0.0543063 0.0478962 0.0413777 0.0349445 0.0287539 0.0229443 0.0176462 0.0129838 0.00906275 0.00594736 0.00363651
 0.0105135 0.016591 0.0240632 0.0325766 0.0417109 0.0509228 0.0594562 0.0664312 0.0711272 0.0732276 0.0728378 0.0703281 0.0661712 0.0608471 0.0547921 0.0483645 0.0418322 0.0353879 0.0291784 0.0233333 0.0179817 0.0132534 0.00926349 0.00608518 0.00372335
 0.0105003 0.0165507 0.0239678 0.0323883 0.0413919 0.0504513 0.0588428 0.0657274 0.0704196 0.0726202 0.0724246 0.0701673 0.0662679 0.0611562 0.0552392 0.0488745 0.0423497 0.0358816 0.0296335 0.0237403 0.0183315 0.0135378 0.0094792 0.00623625 0.00382027
 0.0102905 0.0162452 0.0235726 0.0319285 0.0409002 0.0499515 0.0583406 0.0652157 0.0698968 0.0721084 0.0719773 0.0698581 0.0661664 0.0613007 0.055621 0.0494407 0.0430225 0.0365827 0.0303013 0.0243352 0.0188324 0.0139366 0.00977756 0.00644404 0.0039537
 0.0103652 0.0163424 0.0236748 0.0320067 0.0409239 0.0499033 0.0582242 0.0650508 0.0697028 0.0718898 0.0717247 0.069565 0.0658491 0.0610047 0.0554065 0.0493565 0.0430853 0.0367726 0.030574 0.02464 0.0191264 0.0141914 0.00997915 0.00659022 0.00405061
 0.0111837 0.0174842 0.0250441 0.0333956 0.0420711 0.0505878 0.058343 0.0646392 0.0688976 0.0708674 0.0706464 0.0685464 0.0649537 0.0602563 0.0548104 0.0489155 0.0428026 0.0366437 0.0305781 0.0247403 0.0192785 0.0143548 0.0101252 0.00670417 0.0041298
 0.0122713 0.0191459 0.0273375 0.0362793 0.0453881 0.0540604 0.0615851 0.0672112 0.0704152 0.0711257 0.0696867 0.0666238 0.0624303 0.0574861 0.0520679 0.0463799 0.0405756 0.0347743 0.0290789 0.0235956 0.0184494 0.013787 0.00975862 0.00648201 0.00400401
 0.0122119 0.0191608 0.0275645 0.0369113 0.0466181 0.0559928 0.0641555 0.0701602 0.0733352 0.0735627 0.0712574 0.0671112 0.0618302 0.0559887 0.0499836 0.044043 0.0382664 0.0326837 0.0273107 0.0221858 0.0173875 0.0130329 0.00925555 0.0061683 0.00382209
 0.0119056 0.0187205 0.0270153 0.036331 0.0461384 0.0557877 0.0644132 0.0710332 0.0748727 0.0756496 0.0736035 0.069314 0.0634933 0.0568444 0.049963 0.0432697 0.0369888 0.0311832 0.0258273 0.0208805 0.0163392 0.0122554 0.00872108 0.0058278 0.00362166
 0.0116552 0.0183255 0.0264459 0.0355753 0.0452146 0.0547602 0.0634063 0.0702289 0.07448 0.0758463 0.0744684 0.0707767 0.0653282 0.0587215 0.0515452 0.0443163 0.0374189 0.0310741 0.0253567 0.0202491 0.0157105 0.0117281 0.00833163 0.0055697 0.00346687
 0.0114325 0.0179911 0.0259933 0.0350146 0.0445663 0.0540482 0.0626579 0.0694846 0.0738083 0.075351 0.0742762 0.0710013 0.0660193 0.0598224 0.052886 0.0456567 0.0385261 0.0317998 0.0256742 0.0202378 0.0155029 0.0114527 0.00807726 0.00537755 0.00334193
 0.0112256 0.017664 0.0255197 0.0343795 0.043773 0.0531257 0.0616657 0.0685087 0.0729447 0.0746868 0.0738793 0.0709228 0.0662964 0.0604676 0.0538637 0.0468636 0.0397996 0.0329595 0.0265797 0.0208302 0.0158088 0.0115533 0.00806546 0.00532568 0.00329081
 0.0110937 0.0174595 0.0252299 0.0339977 0.0432976 0.05256 0.0610209 0.0678098 0.0722346 0.0740251 0.0733356 0.0705647 0.0661791 0.0606263 0.0543064 0.047562 0.0406813 0.033912 0.027475 0.021562 0.0163239 0.0118594 0.00821224 0.00537562 0.00329546
 0.010934 0.01722 0.0249066 0.0335997 0.0428433 0.0520714 0.0605188 0.0673129 0.0717602 0.0735912 0.0729633 0.0702817 0.0660201 0.0606286 0.0545 0.0479581 0.0412604 0.0346195 0.0282266 0.0222641 0.0169009 0.0122745 0.0084716 0.00551456 0.0033579
 0.0109218 0.0171923 0.0248505 0.0334992 0.0426845 0.0518487 0.0602409 0.0670008 0.0714401 0.0732848 0.072683 0.0700339 0.0658131 0.0604799 0.0544375 0.0480122 0.0414512 0.0349431 0.0286488 0.0227261 0.0173365 0.0126315 0.00872618 0.00567199 0.0034417
 0.0108142 0.0170389 0.0246593 0.0332894 0.0424789 0.051663 0.0600764 0.0668469 0.071284 0.0731221 0.0725214 0.0698885 0.0656996 0.0604102 0.0544216 0.0480613 0.0415779 0.0351546 0.0289378 0.0230657 0.0176847 0.0129443 0.00897272 0.00584219 0.00354441
 0.0107055 0.0168671 0.024411 0.0329588 0.0420723 0.0512038 0.0596068 0.0664211 0.0709531 0.0729165 0.0724434 0.0699182 0.0658089 0.0605751 0.054627 0.0483007 0.0418501 0.0354598 0.0292726 0.0234176 0.0180311 0.0132572 0.00922813 0.00602867 0.00366534
 0.0104405 0.0164759 0.0238955 0.0323458 0.041405 0.0505284 0.0589641 0.0658472 0.0704842 0.0725906 0.0722933 0.0699605 0.0660351 0.0609526 0.0551089 0.0488395 0.0424078 0.0360109 0.0298008 0.0239104 0.0184746 0.0136363 0.00953035 0.00624986 0.00381207
 0.0103296 0.0163116 0.0236786 0.0320885 0.0411286 0.0502585 0.0587245 0.065655 0.0703459 0.0725008 0.0722395 0.0699324 0.0660322 0.060984 0.0551865 0.0489692 0.042586 0.036227 0.0300412 0.0241609 0.0187204 0.0138621 0.00972217 0.00639865 0.00391626
 0.00987749 0.0156568 0.0228421 0.0311419 0.0401753 0.0494016 0.0580411 0.0651884 0.0701104 0.0724893 0.0724277 0.0702817 0.0664959 0.0615161 0.0557499 0.0495389 0.0431465 0.0367669 0.0305493 0.0246251 0.0191288 0.0142048 0.00999338 0.00659856 0.00405185
 0.00925367 0.0147254 0.021597 0.0296385 0.0385237 0.0477476 0.0565472 0.0640126 0.0693784 0.0722642 0.0726943 0.070957 0.06746 0.0626462 0.0569417 0.0507155 0.0442571 0.0377812 0.0314502 0.0254029 0.0197781 0.0147243 0.0103875 0.00687891 0.00423668
#obs surv len freq
 0.00497345 0.00814538 0.0123876 0.017713 0.0239948 0.0308677 0.0377063 0.0437881 0.0485629 0.0518301 0.0537081 0.0544826 0.0544734 0.0539776 0.0532553 0.0525194 0.0519142 0.0514739 0.0510599 0.050303 0.0486211 0.0453836 0.0402136 0.0332801 0.025365
 0.00518401 0.00849144 0.0129154 0.018468 0.025013 0.0321614 0.0392505 0.0455148 0.0503712 0.0536045 0.0553365 0.0558648 0.0555238 0.0546247 0.0534426 0.0522097 0.0510958 0.0501683 0.0493278 0.0482477 0.0463858 0.0431399 0.0381375 0.0315181 0.0240027
 0.0054032 0.00885138 0.013464 0.0192529 0.0260728 0.0335122 0.0408708 0.0473396 0.0522996 0.0555178 0.0571161 0.0574037 0.0567306 0.0554241 0.0537739 0.0520259 0.0503672 0.0488916 0.0475401 0.0460401 0.0439093 0.0405946 0.0357411 0.0294596 0.022398
 0.00565184 0.00925622 0.0140746 0.020116 0.0272243 0.0349634 0.0425946 0.0492646 0.0543199 0.0575122 0.0589663 0.0590046 0.0579938 0.0562765 0.0541558 0.0518886 0.0496742 0.0476258 0.0457198 0.0437395 0.0412738 0.0378359 0.0331043 0.0271677 0.0205957
 0.00589082 0.00965064 0.0146791 0.0209848 0.0284004 0.0364613 0.044383 0.0512619 0.0564069 0.0595568 0.0608454 0.0606157 0.0592557 0.0571255 0.0545405 0.0517659 0.0490074 0.0463915 0.0439234 0.0414395 0.0386026 0.0350023 0.0303629 0.02476 0.0186861
 0.00612719 0.010037 0.0152648 0.021818 0.02952 0.0378834 0.0460859 0.0531788 0.0584327 0.0615662 0.0627125 0.0622284 0.0605234 0.0579807 0.0549352 0.0516642 0.0483804 0.0452187 0.0422064 0.0392253 0.0360091 0.0322254 0.0276515 0.0223581 0.0167668
 0.00638122 0.010451 0.0158895 0.0227011 0.0306962 0.0393602 0.0478289 0.0551075 0.060433 0.0635126 0.0644884 0.0637358 0.0616847 0.0587372 0.0552439 0.0514946 0.0477104 0.044035 0.0405135 0.0370669 0.0334918 0.0295299 0.0250125 0.0200111 0.014883
 0.00661507 0.0108369 0.0164809 0.0235505 0.0318445 0.0408189 0.049563 0.0570304 0.0624202 0.0654274 0.0662063 0.0651582 0.0627415 0.059383 0.0554516 0.0512474 0.0469975 0.0428508 0.0388675 0.0350013 0.0311041 0.0269842 0.0225231 0.0177951 0.0131006
 0.00683699 0.011202 0.0170384 0.0243492 0.0329232 0.0421913 0.0512016 0.0588599 0.0643265 0.0672782 0.0678731 0.0665325 0.0637435 0.0599638 0.0555887 0.0509371 0.0462451 0.0416669 0.0372722 0.0330404 0.0288688 0.0246219 0.0202246 0.0157541 0.01146
 0.00708445 0.0116038 0.0176421 0.0251979 0.0340471 0.0435938 0.0528454 0.0606622 0.0661708 0.0690359 0.0694245 0.0677797 0.0646153 0.0604161 0.055603 0.0505155 0.0454035 0.04043 0.0356745 0.0311361 0.0267472 0.0224168 0.0181039 0.0138853 0.00996505
 0.00724075 0.0118707 0.0180671 0.0258329 0.0349362 0.0447552 0.0542542 0.0622454 0.0678195 0.0706291 0.07085 0.0689458 0.0654544 0.0608839 0.0556766 0.05019 0.0446895 0.0393507 0.034267 0.0294576 0.0248846 0.0204915 0.0162621 0.0122692 0.00867623
 0.00746053 0.0122191 0.0185753 0.0265255 0.0358286 0.0458484 0.0555272 0.0636484 0.0692751 0.0720403 0.0721146 0.069971 0.0661685 0.061243 0.0556634 0.0498087 0.0439586 0.0382991 0.032935 0.0279027 0.0231887 0.0187641 0.0146296 0.0108508 0.00755367
 0.00754111 0.0123617 0.0188112 0.0268901 0.0363529 0.0465464 0.0563845 0.0646222 0.070305 0.0730637 0.0730756 0.0708193 0.0668551 0.0617184 0.055883 0.0497408 0.0435897 0.0376356 0.0320037 0.0267523 0.0218926 0.0174188 0.0133448 0.0097284 0.00666291
 0.00762974 0.0124942 0.0189904 0.0271142 0.036621 0.0468641 0.0567659 0.0650839 0.0708546 0.0736897 0.0737452 0.0714843 0.0674622 0.0622166 0.0562268 0.0498901 0.0435133 0.0373163 0.0314448 0.025983 0.0209699 0.0164244 0.0123733 0.00886785 0.00597439
 0.00769178 0.0125937 0.0191367 0.0273136 0.0368731 0.0471593 0.0570851 0.065404 0.0711587 0.0739765 0.0740278 0.0717794 0.0677743 0.0625295 0.0565045 0.0500861 0.0435806 0.0372175 0.03116 0.0255172 0.0203573 0.015726 0.0116661 0.00822707 0.00545417
 0.00774662 0.0126767 0.0192505 0.027457 0.0370424 0.0473496 0.0572905 0.0656167 0.0713684 0.0741721 0.0742021 0.0719331 0.0679161 0.0626697 0.0566451 0.0502128 0.0436629 0.0372169 0.0310425 0.0252661 0.0199825 0.0152648 0.0111753 0.00776729 0.00507242
 0.00777481 0.0127187 0.0193066 0.0275247 0.0371172 0.0474262 0.0573644 0.0656853 0.0714323 0.0742352 0.0742703 0.0720118 0.0680087 0.0627768 0.0567641 0.050336 0.0437742 0.037291 0.0310499 0.025183 0.019802 0.0150034 0.0108699 0.00746349 0.00480982
 0.00783812 0.0128116 0.0194277 0.0276658 0.0372653 0.0475668 0.0574844 0.0657751 0.0714867 0.0742545 0.0742607 0.0719846 0.0679773 0.0627532 0.0567559 0.0503444 0.0437929 0.0373058 0.0310406 0.0251292 0.0196909 0.0148376 0.0106686 0.00725636 0.00462569
 0.00786081 0.0128475 0.0194795 0.0277343 0.0373481 0.0476571 0.0575708 0.0658434 0.0715249 0.0742579 0.0742338 0.0719399 0.06793 0.0627169 0.0567392 0.0503499 0.0438167 0.0373377 0.0310654 0.0251299 0.0196544 0.0147602 0.0105591 0.00713315 0.00450949
 0.00787128 0.0128607 0.0194923 0.0277421 0.0373463 0.0476439 0.0575485 0.0658178 0.0715022 0.0742413 0.0742236 0.0719344 0.0679289 0.0627228 0.0567563 0.0503815 0.0438628 0.037393 0.0311199 0.0251705 0.0196693 0.0147435 0.0105138 0.00707008 0.00444316
 0.00788516 0.012882 0.0195218 0.0277789 0.0373876 0.0476843 0.0575807 0.0658345 0.0714987 0.0742183 0.0741867 0.0718922 0.0678893 0.062691 0.0567353 0.050373 0.0438674 0.0374093 0.0311429 0.0251924 0.019681 0.0147386 0.0104911 0.00703457 0.00440328
 0.00789605 0.0128953 0.0195339 0.027784 0.0373796 0.0476597 0.0575408 0.0657846 0.0714464 0.0741702 0.0741473 0.0718639 0.067874 0.0626899 0.0567488 0.0504003 0.0439061 0.0374559 0.0311926 0.0252392 0.0197183 0.0147612 0.0104974 0.00702702 0.00438759
 0.00789938 0.0128973 0.0195305 0.0277691 0.0373464 0.0476029 0.057459 0.0656823 0.0713338 0.0740612 0.074057 0.0718045 0.067852 0.0627055 0.0567967 0.0504724 0.0439937 0.0375505 0.0312866 0.0253254 0.0197907 0.0148154 0.0105319 0.00704401 0.00439182
 0.00789971 0.0128953 0.0195224 0.0277498 0.03731 0.0475447 0.0573773 0.0655795 0.0712166 0.0739403 0.0739454 0.0717161 0.0677986 0.0626943 0.0568285 0.0505418 0.0440905 0.0376629 0.0314028 0.025435 0.0198856 0.0148905 0.0105854 0.0070774 0.00440937
 0.00787213 0.0128514 0.0194584 0.0276627 0.0371986 0.0474105 0.0572255 0.0654194 0.0710604 0.0738016 0.0738363 0.0716465 0.0677749 0.0627192 0.0569008 0.0506556 0.044236 0.0378271 0.0315715 0.0255948 0.0200257 0.0150038 0.0106695 0.0071341 0.00444364
 0.00787278 0.0128497 0.0194505 0.0276435 0.0371624 0.0473535 0.057147 0.065323 0.0709526 0.0736906 0.073731 0.0715555 0.0677066 0.062681 0.056898 0.0506902 0.0443059 0.0379255 0.0316878 0.0257165 0.0201407 0.0151025 0.0107465 0.00718843 0.00447815
 0.00786344 0.0128331 0.019423 0.0276005 0.0370999 0.0472689 0.0570416 0.0652019 0.070825 0.0735675 0.0736239 0.071474 0.0676573 0.0626672 0.0569202 0.0507468 0.0443931 0.0380373 0.0318157 0.0258498 0.0202678 0.0152137 0.0108352 0.00725282 0.00452042
 0.00782892 0.0127779 0.0193419 0.0274896 0.0369576 0.0470979 0.05685 0.0650035 0.0706373 0.0734083 0.0735074 0.0714092 0.0676478 0.062711 0.0570113 0.0508765 0.0445514 0.0382138 0.0319996 0.02603 0.0204338 0.0153561 0.0109483 0.00733533 0.00457524
 0.0077901 0.0127138 0.0192437 0.0273492 0.03677 0.0468647 0.0565828 0.0647239 0.0703729 0.0731865 0.0733497 0.0713281 0.0676464 0.0627849 0.0571498 0.0510653 0.0447745 0.0384549 0.0322434 0.0262625 0.020643 0.0155329 0.0110876 0.00743667 0.0046428
 0.00777988 0.0126929 0.0192043 0.0272812 0.0366632 0.0467124 0.0563856 0.0644916 0.0701239 0.0729444 0.0731395 0.0711724 0.0675611 0.0627773 0.0572182 0.0511999 0.0449601 0.0386733 0.0324758 0.0264913 0.020853 0.0157128 0.0112307 0.00754171 0.00471346
 0.0077295 0.0126123 0.0190854 0.0271175 0.0364512 0.0464536 0.0560888 0.0641743 0.0698102 0.0726615 0.0729133 0.0710237 0.0675038 0.0628163 0.0573493 0.0514105 0.0452311 0.0389816 0.0327971 0.0268027 0.0211348 0.0159511 0.0114181 0.00767805 0.00480456
 0.00932519 0.0148452 0.0217786 0.0298833 0.038804 0.0479892 0.0566267 0.0637842 0.0687297 0.0711748 0.0712631 0.0693794 0.0659692 0.0614494 0.0561791 0.0504464 0.0444678 0.0384031 0.0323795 0.0265176 0.0209528 0.0158438 0.0113612 0.0076518 0.00479486
 0.0093114 0.0151166 0.0227047 0.0319218 0.0423008 0.0529094 0.0623831 0.0693336 0.072943 0.0732825 0.071109 0.0673618 0.0627669 0.0577323 0.0524427 0.0469849 0.0414223 0.0358223 0.0302628 0.0248388 0.0196703 0.0149063 0.0107104 0.00722667 0.0045358
 0.00897809 0.0145932 0.0219731 0.0310343 0.0414325 0.0523933 0.0626693 0.0708274 0.0757593 0.0770649 0.0750749 0.0705988 0.0646123 0.0580032 0.051404 0.0451343 0.0392577 0.0337069 0.028401 0.0233129 0.0184889 0.0140391 0.0101086 0.00683437 0.00429746
 0.00878919 0.0142804 0.0214926 0.0303451 0.0405133 0.0512727 0.0614655 0.0697749 0.0751901 0.0773163 0.0763364 0.0727685 0.0672657 0.0605302 0.0532556 0.0460318 0.0392477 0.0330605 0.027451 0.0223295 0.0176333 0.0133753 0.0096377 0.00652598 0.00411079
 0.00872209 0.0141613 0.0212942 0.0300341 0.0400563 0.0506467 0.0606733 0.0688605 0.0742528 0.0765177 0.0758866 0.0728727 0.0680351 0.0618949 0.0549452 0.0476619 0.0404748 0.0337129 0.0275616 0.0220696 0.0172074 0.0129426 0.00928441 0.0062768 0.00395438
 0.00869498 0.0141153 0.0212206 0.0299215 0.0398898 0.0504092 0.0603475 0.0684349 0.0737305 0.0759286 0.0752991 0.0723987 0.0678126 0.0620437 0.0555055 0.0485495 0.0414925 0.0346247 0.028191 0.022361 0.0172201 0.0127936 0.00908598 0.00610064 0.00382841
 0.00870247 0.0141244 0.0212283 0.0299223 0.0398761 0.0503715 0.0602751 0.0683158 0.0735521 0.0756814 0.0749844 0.0720392 0.0674613 0.0617823 0.0554231 0.0487038 0.0418727 0.0351415 0.0287092 0.0227592 0.0174392 0.0128477 0.00903463 0.00600951 0.00374272
 0.0086822 0.0140952 0.0211914 0.0298807 0.0398334 0.0503297 0.0602331 0.0682687 0.0734924 0.0756002 0.0748735 0.0718942 0.067288 0.0616027 0.0552782 0.0486451 0.0419403 0.0353396 0.0289956 0.0230597 0.0176822 0.0129945 0.00908862 0.00600169 0.00370898
 0.0086652 0.0140695 0.0211564 0.0298377 0.0397853 0.0502811 0.0601895 0.0682349 0.0734703 0.0755867 0.0748602 0.0718696 0.067242 0.0615326 0.0551935 0.0485692 0.0419044 0.0353697 0.0290966 0.0232099 0.0178413 0.0131238 0.00916783 0.00603325 0.00370941
 0.0086546 0.0140497 0.021122 0.0297826 0.0397053 0.0501767 0.0600684 0.0681119 0.0733633 0.0755109 0.0748232 0.0718693 0.0672679 0.0615701 0.0552304 0.0486011 0.0419373 0.0354169 0.0291701 0.0233107 0.0179566 0.0132324 0.00925142 0.00608457 0.0037328
 0.00867047 0.0140729 0.0211519 0.0298162 0.0397371 0.0501992 0.0600733 0.0680921 0.0733163 0.0754409 0.0747409 0.0717888 0.0672013 0.0615235 0.0552028 0.0485876 0.041934 0.035424 0.0291915 0.0233494 0.01801 0.0132916 0.00930482 0.00612379 0.00375582
 0.00863053 0.0140181 0.0210881 0.0297548 0.0396913 0.0501785 0.0600789 0.0681164 0.0733462 0.0754632 0.0747475 0.0717786 0.0671798 0.0614997 0.0551854 0.0485816 0.0419405 0.0354417 0.029219 0.0233856 0.0180531 0.0133374 0.0093474 0.00615779 0.00377877
 0.00863922 0.0140251 0.021086 0.0297339 0.0396444 0.0501065 0.0599942 0.0680402 0.0732991 0.0754555 0.0747741 0.0718235 0.0672246 0.0615322 0.0552026 0.0485881 0.0419437 0.0354478 0.0292316 0.0234057 0.0180794 0.013367 0.00937637 0.00618244 0.00379684
 0.00862913 0.0140119 0.0210717 0.0297211 0.0396341 0.050096 0.0599766 0.0680076 0.0732488 0.0753944 0.0747172 0.0717868 0.0672167 0.0615507 0.0552371 0.048627 0.0419795 0.0354789 0.0292596 0.0234331 0.0181074 0.0133949 0.0094023 0.0062042 0.00381308
 0.00863413 0.0140173 0.0210748 0.0297184 0.0396227 0.0500754 0.0599498 0.0679793 0.0732227 0.0753708 0.074694 0.0717629 0.0671949 0.0615368 0.055236 0.0486394 0.0420019 0.0355057 0.0292867 0.0234587 0.0181313 0.0134171 0.0094223 0.00622096 0.00382581
 0.00863413 0.0140173 0.0210748 0.0297184 0.0396227 0.0500754 0.0599498 0.0679793 0.0732227 0.0753708 0.074694 0.0717629 0.0671949 0.0615368 0.055236 0.0486394 0.0420019 0.0355057 0.0292867 0.0234587 0.0181313 0.0134171 0.0094223 0.00622096 0.00382581
#pred catch len freq
 0.00557295 0.00875626 0.0126465 0.0170884 0.0219666 0.0271929 0.0326248 0.0380226 0.0430962 0.0475874 0.0513171 0.0541948 0.0562145 0.0574393 0.0579688 0.0579023 0.0573149 0.0562436 0.0546616 0.0524359 0.049303 0.0449349 0.0391307 0.0320533 0.0243308
 0.00579818 0.00905176 0.0129669 0.0173644 0.0221454 0.0272906 0.0327526 0.0383547 0.043784 0.048666 0.0526636 0.0555664 0.0573422 0.0581266 0.0581494 0.05764 0.0567532 0.0555323 0.053893 0.0516209 0.0483986 0.0439052 0.0380008 0.0309181 0.0233151
 0.00636569 0.00989646 0.0140891 0.018703 0.0235834 0.0286767 0.0339337 0.0392198 0.0443112 0.048945 0.0528603 0.0558314 0.057717 0.0585123 0.0583619 0.0575113 0.0562115 0.0546163 0.0527066 0.0502706 0.046959 0.042428 0.0365463 0.0295719 0.0221715
 0.00683405 0.0106422 0.0151808 0.020189 0.0254767 0.0309318 0.0364229 0.0417281 0.0465698 0.0507008 0.0539554 0.0562521 0.057581 0.0579944 0.0575988 0.0565451 0.0550051 0.0531185 0.0509128 0.0482416 0.0448023 0.0402711 0.0345188 0.0277937 0.0207332
 0.0072689 0.0113157 0.0161356 0.0214524 0.0270683 0.0328685 0.0387082 0.0443222 0.0493538 0.0534587 0.0563961 0.0580781 0.0585783 0.0580988 0.0568971 0.0552109 0.053212 0.0509863 0.0485126 0.0456376 0.0420918 0.0375946 0.0320402 0.0256632 0.0190502
 0.00769299 0.0119736 0.0170682 0.0226804 0.0285947 0.0346832 0.0407874 0.0466247 0.0518167 0.0559889 0.0588573 0.0602795 0.0602877 0.0590891 0.0570143 0.0544236 0.0516118 0.0487412 0.0458095 0.0426523 0.0389938 0.0345627 0.0292605 0.0232999 0.0172061
 0.00806983 0.0125647 0.0179188 0.0238212 0.0300411 0.0364324 0.0428113 0.0488632 0.0541785 0.0583621 0.0611207 0.0623073 0.0619458 0.0602321 0.0574948 0.0541228 0.0504793 0.0468216 0.0432391 0.0396327 0.0357606 0.0313615 0.0263234 0.0208144 0.0152807
 0.00843706 0.0131288 0.0187083 0.024846 0.0312988 0.0379158 0.0445085 0.0507482 0.0562 0.060437 0.0631384 0.0641424 0.0634729 0.0613352 0.0580687 0.0540734 0.0497349 0.0453571 0.0411035 0.036963 0.0327723 0.0283172 0.0234866 0.0183984 0.0134078
 0.00881915 0.0137117 0.019515 0.0258745 0.0325275 0.039312 0.0460332 0.0523566 0.0578412 0.0620564 0.0646774 0.0655361 0.0646474 0.0622081 0.0585543 0.0540886 0.0492078 0.0442412 0.0394011 0.0347494 0.0302072 0.0256292 0.0209293 0.0161912 0.0116844
 0.0092445 0.014363 0.0204205 0.0270347 0.0339179 0.0408887 0.0477343 0.0541014 0.0595357 0.0636059 0.0660018 0.066579 0.0653763 0.0626061 0.0586072 0.0537744 0.0484945 0.0430962 0.0378129 0.0327557 0.0279168 0.0232211 0.018621 0.0141833 0.0101071
 0.00969386 0.0150486 0.0213691 0.0282431 0.0353574 0.0425132 0.0494818 0.0558914 0.0612688 0.0651721 0.0672962 0.0675185 0.0659122 0.0627276 0.0583334 0.0531379 0.0475229 0.0418052 0.0362143 0.0308806 0.0258412 0.021077 0.0165781 0.0124069 0.00870863
 0.00998507 0.0155165 0.0220626 0.029203 0.0366075 0.0440466 0.0512472 0.0577882 0.0631596 0.0669072 0.0687387 0.0685625 0.0664922 0.0628221 0.0579625 0.0523523 0.0463876 0.0403834 0.0345611 0.0290507 0.0239072 0.0191421 0.0147709 0.0108522 0.00749095
 0.0101577 0.0157913 0.0224675 0.0297652 0.037355 0.045006 0.0524343 0.0591924 0.0647273 0.0685344 0.0702805 0.0698599 0.0674072 0.0632663 0.0579089 0.0518288 0.0454598 0.0391342 0.033076 0.0274135 0.0222046 0.017471 0.0132354 0.00954677 0.00647613
 0.0102254 0.0158935 0.0226078 0.0299457 0.0375816 0.0452951 0.052816 0.0597062 0.0654086 0.0693962 0.0712952 0.0709505 0.0684547 0.0641339 0.0584742 0.052013 0.0452406 0.0385423 0.0321795 0.0263014 0.0209756 0.0162276 0.0120767 0.00855555 0.00570315
 0.0102022 0.015858 0.022559 0.0298847 0.0375121 0.045225 0.0527601 0.0596893 0.0654679 0.0695773 0.0716407 0.071482 0.0691538 0.0649327 0.0592635 0.0526671 0.0456507 0.0386437 0.0319634 0.0258108 0.0202905 0.0154468 0.0112998 0.00786565 0.00515331
 0.0102291 0.0158919 0.022592 0.0299035 0.0375021 0.0451765 0.0526737 0.0595781 0.0653557 0.0694958 0.0716262 0.0715712 0.0693749 0.0652926 0.0597346 0.0531838 0.0461209 0.0389731 0.0320842 0.0257013 0.019979 0.015 0.0108017 0.0073945 0.00476375
 0.0103727 0.0160948 0.02284 0.0301632 0.0377286 0.0453273 0.0527212 0.0595154 0.0651963 0.0692702 0.0713769 0.0713464 0.0692213 0.0652462 0.0598114 0.0533716 0.0463763 0.0392286 0.0322667 0.0257555 0.0198862 0.0147823 0.0105109 0.00709162 0.00449846
 0.0104392 0.0162023 0.0229997 0.0303817 0.0380028 0.0456383 0.0530307 0.0597713 0.0653468 0.0692825 0.0712502 0.0711121 0.0689331 0.0649645 0.0595887 0.0532404 0.046341 0.0392645 0.0323273 0.0257886 0.0198536 0.0146733 0.0103437 0.00690176 0.00432211
 0.0104122 0.0161674 0.0229642 0.0303596 0.0380127 0.0456984 0.0531529 0.0599537 0.0655695 0.0695075 0.0714302 0.0712062 0.0689232 0.0648637 0.0594356 0.0530836 0.0462208 0.039199 0.0323086 0.0257893 0.0198416 0.014627 0.0102605 0.00679632 0.00421618
 0.0104736 0.0162509 0.0230602 0.0304507 0.0380803 0.0457334 0.0531622 0.0599596 0.065599 0.0695782 0.0715396 0.0713301 0.0690246 0.064908 0.0594063 0.0529891 0.0460894 0.0390649 0.0321958 0.0257044 0.0197751 0.0145643 0.0101921 0.00672273 0.00414522
 0.0104667 0.0162427 0.0230529 0.0304464 0.0380787 0.045729 0.0531447 0.0599188 0.0655336 0.069502 0.0714793 0.0713136 0.0690655 0.0649974 0.0595168 0.0530889 0.0461573 0.0390968 0.0322013 0.025696 0.0197606 0.0145447 0.0101658 0.00669013 0.00411038
 0.010502 0.0162902 0.0231064 0.0304944 0.0381087 0.0457326 0.0531213 0.0598743 0.0654756 0.069436 0.0714092 0.071246 0.0690124 0.0649727 0.0595283 0.053132 0.0462165 0.0391538 0.0322434 0.0257195 0.019768 0.0145403 0.0101532 0.0066724 0.00409076
 0.0104606 0.0162338 0.0230413 0.0304324 0.0380622 0.0457083 0.0531164 0.0598778 0.0654752 0.069425 0.0713888 0.0712235 0.0689962 0.0649703 0.059545 0.05317 0.0462733 0.0392213 0.0323105 0.0257761 0.0198085 0.014564 0.0101628 0.00667205 0.00408486
 0.0102463 0.0159221 0.0226406 0.0299753 0.0375981 0.0452896 0.0527863 0.059664 0.0653879 0.0694577 0.0715219 0.07143 0.0692497 0.0652495 0.0598348 0.0534599 0.0465543 0.0394846 0.0325469 0.0259771 0.0199684 0.0146818 0.0102422 0.00672036 0.00411081
 0.0101721 0.0157947 0.0224378 0.0296755 0.0371894 0.0447818 0.0522202 0.0591084 0.0649232 0.0691513 0.0714092 0.071509 0.0694882 0.0655994 0.0602463 0.053891 0.0469746 0.0398739 0.032892 0.0262697 0.0202039 0.01486 0.0103677 0.00680169 0.00415878
 0.0101822 0.0158088 0.0224532 0.0296845 0.0371763 0.0447223 0.0520848 0.0588741 0.0645888 0.0687497 0.0710048 0.071178 0.0692917 0.0655632 0.0603583 0.0541126 0.0472582 0.0401767 0.0331824 0.0265275 0.020418 0.0150264 0.010488 0.00688184 0.0042076
 0.00999779 0.0155509 0.0221426 0.0293662 0.0369067 0.0445467 0.0520189 0.0588985 0.0646576 0.0688093 0.0710151 0.0711286 0.0692064 0.0654892 0.0603439 0.0541866 0.0474204 0.0404026 0.0334367 0.0267768 0.0206381 0.0152042 0.0106201 0.00697209 0.00426398
 0.00978858 0.0152287 0.0216927 0.0287923 0.0362348 0.0438288 0.0513319 0.0583326 0.0642924 0.0686858 0.0711208 0.0714061 0.0695807 0.0658979 0.0607543 0.0545939 0.0478318 0.040821 0.0338517 0.0271672 0.0209811 0.0154833 0.0108296 0.00711668 0.00435541
 0.00971709 0.015105 0.0214927 0.0284885 0.0358026 0.0432576 0.0506375 0.0575662 0.0635387 0.0680486 0.0706973 0.0712581 0.0697152 0.0662674 0.0612783 0.0551898 0.0484377 0.0414012 0.0343882 0.0276481 0.0213948 0.0158196 0.0110847 0.00729528 0.00446996
 0.00957622 0.0149012 0.0212312 0.0281862 0.0354778 0.0429161 0.0502664 0.0571411 0.0630449 0.067503 0.0701582 0.0708146 0.0694582 0.066257 0.0615226 0.0556447 0.0490271 0.0420437 0.0350175 0.02822 0.0218839 0.0162143 0.0113832 0.00750508 0.00460563
 0.00957608 0.0148894 0.0211929 0.0281031 0.0353351 0.0427122 0.050017 0.0568726 0.0627789 0.0672435 0.0698935 0.0705359 0.0691806 0.0660257 0.0613975 0.0556724 0.0492186 0.0423704 0.0354249 0.0286482 0.0222837 0.0165538 0.0116481 0.00769527 0.00473077
 0.0104549 0.0161271 0.0227016 0.0296791 0.0367148 0.0436621 0.0504097 0.0567095 0.0621612 0.0663201 0.0688145 0.0694218 0.0681129 0.0650537 0.0605543 0.054987 0.0487152 0.0420579 0.0352876 0.0286469 0.0223674 0.016674 0.0117686 0.00779513 0.00480276
 0.0114791 0.0176792 0.0248199 0.0323055 0.0396887 0.0467276 0.0532334 0.058926 0.0634563 0.066526 0.0679631 0.0677225 0.0658692 0.0625701 0.058076 0.0526824 0.0466871 0.0403606 0.0339389 0.0276337 0.0216507 0.0161981 0.0114727 0.00762328 0.00470989
 0.0115296 0.0178424 0.0252153 0.0330936 0.0410284 0.0487068 0.0557996 0.0618548 0.0663778 0.069004 0.0696026 0.0682743 0.0652952 0.0610417 0.0559048 0.050219 0.0442339 0.0381292 0.0320476 0.0261262 0.0205182 0.0153975 0.0109419 0.00729473 0.00452092
 0.0112234 0.017405 0.0246756 0.032535 0.0405892 0.0485671 0.056152 0.0628541 0.0680723 0.0712731 0.0721425 0.0706585 0.0670964 0.0619628 0.0558606 0.0493371 0.0427848 0.0364265 0.0303623 0.0246421 0.0193262 0.0145142 0.0103355 0.00690915 0.00429449
 0.010977 0.0170213 0.0241315 0.0318262 0.0397393 0.0476386 0.0552595 0.0621655 0.0677862 0.0715675 0.0731061 0.0722299 0.0690464 0.0639411 0.0575 0.0503712 0.0431251 0.0361631 0.0297005 0.0238142 0.0185211 0.0138451 0.00984285 0.00658256 0.00409818
 0.0106994 0.0166068 0.0235756 0.0311459 0.0389653 0.0468045 0.0543987 0.061323 0.067036 0.0710238 0.0729103 0.0725112 0.0698623 0.0652279 0.0590626 0.0519318 0.0444131 0.0370052 0.0300655 0.0237947 0.0182722 0.0135177 0.00954125 0.00635495 0.00395024
 0.0104871 0.0162758 0.0231043 0.0305255 0.0382028 0.0459257 0.0534511 0.0603737 0.0661632 0.0703063 0.0724239 0.0723292 0.0700517 0.0658275 0.0600501 0.0531991 0.0457762 0.038255 0.0310369 0.0244172 0.0185748 0.0135937 0.00949744 0.00627397 0.0038777
 0.010341 0.0160517 0.0227913 0.0301201 0.0377062 0.0453414 0.0527865 0.0596467 0.06541 0.0695843 0.0718066 0.0718947 0.0698699 0.0659488 0.0604946 0.0539429 0.0467411 0.0393127 0.0320384 0.025237 0.0191497 0.0139311 0.00965427 0.00632229 0.00387672
 0.0102077 0.0158523 0.0225226 0.0297895 0.0373271 0.0449272 0.0523465 0.0591862 0.0649348 0.0691062 0.0713493 0.0714971 0.0695838 0.0658311 0.060593 0.0542809 0.0473036 0.0400403 0.0328346 0.0259924 0.0197744 0.01438 0.00993212 0.00646797 0.00393935
 0.0101815 0.0158052 0.0224439 0.0296668 0.03715 0.0446923 0.0520608 0.0588661 0.0646007 0.0687755 0.0710332 0.0712044 0.0693284 0.0656382 0.0604989 0.0543237 0.0475082 0.040403 0.0333156 0.0265229 0.0202765 0.0147923 0.0102263 0.00664973 0.00403588
