SBPRF35
10.0432
Curr Bio
694612
B35
769473
F35
0.188222
FOFL
0.168382
OFL
93296.3
Bzero
2.86949e+006
#pred survey bio
 4.08176e+006 3.90976e+006 3.75038e+006 3.52028e+006 3.28318e+006 2.97662e+006 2.69695e+006 2.41889e+006 2.15008e+006 1.9135e+006 1.68685e+006 1.4743e+006 1.31286e+006 1.17473e+006 1.03096e+006 914501 819096 751954 717863 676211 654772 634143 615153 605842 591905 583304 579254 569720 579876 582777 588198 583088 582661 577082 564208 547353 536780 520653 521053 525721 529781 542258 550636 558744 557862 564070 557409 555891 560968 557994 564486 576954 549287 520192 520048 589907 616510 610109 611315 602766 640758 687646 691175 700203 700490 2.44235e+007 1.49032e+007 1.53288e+007 1.61128e+007 1.71003e+007 1.81239e+007 1.90706e+007 1.98842e+007 2.05497e+007 2.10758e+007 2.14821e+007 2.1791e+007 2.20235e+007 2.21976e+007 2.23275e+007 2.24246e+007 2.24973e+007 2.25518e+007 2.2593e+007 2.26242e+007 2.2648e+007 2.26662e+007 2.26801e+007 2.26909e+007 2.26993e+007 2.27059e+007 2.27109e+007 2.27149e+007 2.27181e+007 2.27205e+007 2.27225e+007 2.2724e+007 2.27252e+007 2.27262e+007 2.27269e+007 2.27275e+007 2.2728e+007 2.27284e+007 2.27287e+007 2.2729e+007 2.27291e+007 2.27293e+007 2.27294e+007 2.27295e+007 2.27296e+007 2.27297e+007 2.27297e+007 2.27298e+007 2.27298e+007 2.27298e+007 2.27298e+007 2.27298e+007 2.27299e+007 2.27299e+007 2.27299e+007 2.27299e+007 2.27299e+007 2.27299e+007 2.27299e+007 2.27299e+007 2.27299e+007 2.27299e+007 2.27299e+007 2.27299e+007 2.27299e+007 2.27299e+007 2.27299e+007 2.27299e+007 2.27299e+007 2.27299e+007 2.27299e+007 2.27299e+007 2.27299e+007 2.27299e+007 2.27299e+007 2.27299e+007 2.27299e+007 2.27299e+007 2.27299e+007 2.27299e+007 2.27299e+007 2.27299e+007 2.27299e+007 2.27299e+007 2.27299e+007 2.27299e+007 2.27299e+007 2.27299e+007 2.27299e+007 2.27299e+007 2.27299e+007 2.27299e+007 2.27299e+007 2.27299e+007 2.27299e+007 2.27299e+007 2.27299e+007 2.27299e+007 2.27299e+007 2.27299e+007 0 0 0 0 0 0 0 0 0 0 0 0 0 0 0 0 0 0 0 0 0 0 0 0 0
#obs survey bio
 4.61323e+006 2.86118e+006 3.68299e+006 2.38422e+006 2.80839e+006 2.66095e+006 2.39502e+006 1.62008e+006 1.95016e+006 1.55047e+006 1.51617e+006 1.38205e+006 1.4283e+006 771340 795530 628587 817302 636541 597423 799098 728562 396074 381900 525586 389686 532254 646986 542398 562494 542913 606849 639060 519182 724796 705417 726925 407381 735667 532014 643370 490234 568102 395315 682650 760825 635846 612506 581441 610395 530358 539924 571200 636699 454570 394463 713640 590263 570645 487909 647071 620040 700912 694706 911402 961856
#pred catch bio
 102427 94914.1 169315 191242 275001 273683 295760 309635 299812 305808 303168 264355 248622 255859 231828 211295 183134 151595 154384 133414 130125 126689 117228 120133 114598 109556 111793 93266.6 98314.5 94986.7 102229 96169.1 98001.9 100082 98515.2 90667.6 96623.7 85505.5 84751.1 87153 81868.8 87033.1 88010.2 95076.7 88292.7 98683.2 94221 89795.5 97671.7 90219.6 85967.5 118987 118116 93788.4 39175 78988.9 106345 100254 110064 73858.1 70997.2 109751 106282 115083 115953 93296.3 104913 106937 111268 117451 124062 130149 135283 139368 142488 144797 146468 147654 148485 149061 149456 149725 149908 150031 150114 150169 150207 150231 150248 150259 150266 150271 150274 150276 150277 150278 150279 150279 150280 150280 150280 150280 150280 150280 150280 150280 150280 150280 150280 150280 150280 150280 150280 150280 150280 150280 150280 150280 150280 150280 150280 150280 150280 150280 150280 150280 150280 150280 150280 150280 150280 150280 150280 150280 150280 150280 150280 150280 150280 150280 150280 150280 150280 150280 150280 150280 150280 150280 150280 150280 150280 150280 150280 150280 150280 150280 150280 150280 150280 150280 150280 150280 150280 150280 150280 0 0 0 0 0 0 0 0 0 0 0 0 0 0 0 0 0 0 0 0 0 0 0 0 0
#obs catch bio
 0 94507.5 170234 191544 277645 275755 299204 315291 305472 313920 311324 269638 251942 262419 237532 218495 187589 154334 157382 134982 131107 128744 118578 121930 116458 111656 113833 93962.9 99063.8 95540.7 103151 96549.2 98965.6 100634 98862.8 90108 96504 84921.4 84307.3 86558.5 81449.8 86886.6 88189.8 94790 87421.8 97657 93437.4 89232.8 97818.5 90347 85554.8 118584 117468 94183.8 38731.8 79185.9 106734 99974.5 110476 73773.6 70742.8 110304 106222 115090 115976
#pred cpue bio
 4.02015e+006 3.85105e+006 3.69394e+006 3.465e+006 3.2285e+006 2.92321e+006 2.64453e+006 2.36756e+006 2.10004e+006 1.86483e+006 1.64012e+006 1.42998e+006 1.27039e+006 1.13373e+006 991817 877089 783686 718454 685579 645480 624996 605099 586598 577506 563962 555595 551946 543295 553674 556852 562381 557747 557705 552829 541163 525604 515134 498195 497541 501813 505765 517798 525861 533858 533333 539604 533116 531386 535982 532904 539243 551536 524682 495976 495350 563383 590116 584021 584500 575493 612107 657970 661599 669899 669829 2.33808e+007 1.42934e+007 1.46395e+007 1.5314e+007 1.62571e+007 1.72687e+007 1.82127e+007 1.90257e+007 1.96911e+007 2.02172e+007 2.06235e+007 2.09323e+007 2.11648e+007 2.13389e+007 2.14688e+007 2.15659e+007 2.16386e+007 2.16932e+007 2.17343e+007 2.17655e+007 2.17893e+007 2.18075e+007 2.18215e+007 2.18323e+007 2.18407e+007 2.18472e+007 2.18523e+007 2.18563e+007 2.18594e+007 2.18618e+007 2.18638e+007 2.18653e+007 2.18665e+007 2.18675e+007 2.18683e+007 2.18689e+007 2.18693e+007 2.18697e+007 2.187e+007 2.18703e+007 2.18705e+007 2.18706e+007 2.18708e+007 2.18709e+007 2.18709e+007 2.1871e+007 2.1871e+007 2.18711e+007 2.18711e+007 2.18711e+007 2.18712e+007 2.18712e+007 2.18712e+007 2.18712e+007 2.18712e+007 2.18712e+007 2.18712e+007 2.18712e+007 2.18712e+007 2.18712e+007 2.18712e+007 2.18712e+007 2.18712e+007 2.18712e+007 2.18712e+007 2.18712e+007 2.18712e+007 2.18712e+007 2.18712e+007 2.18712e+007 2.18712e+007 2.18712e+007 2.18712e+007 2.18712e+007 2.18712e+007 2.18712e+007 2.18712e+007 2.18712e+007 2.18712e+007 2.18712e+007 2.18712e+007 2.18712e+007 2.18712e+007 2.18712e+007 2.18712e+007 2.18712e+007 2.18712e+007 2.18712e+007 2.18712e+007 2.18712e+007 2.18712e+007 2.18712e+007 2.18712e+007 2.18712e+007 2.18712e+007 2.18712e+007 2.18712e+007 2.18712e+007 2.18712e+007 2.18712e+007 0 0 0 0 0 0 0 0 0 0 0 0 0 0 0 0 0 0 0 0 0 0 0 0 0
#obs cpue bio
 2.32884e+006 3.08738e+006 2.84824e+006 3.74156e+006 2.72802e+006 2.61133e+006 2.10357e+006 1.82166e+006 1.75233e+006 1.18412e+006 1.62637e+006 1.54039e+006 1.48287e+006 787142 920014 528223 813522 673095 730676 550716 663520 471908 911251 487263 582873 357314 480032 681611 612635 538270 458837 588917 378736 580052 484981 756124 584181 506192 485893 543897 468082 430362 507672 764753 636420 646561 448369 450538 326843 499716 773959 714118 525538 403345 610840 516374 534983 772834 639904 458337 735689 560911 720981 556540 486542
#pred surv len freq
 0.00443088 0.00727751 0.0111102 0.0159636 0.021752 0.028177 0.034705 0.0407057 0.0456875 0.0494541 0.0520821 0.0537901 0.0548197 0.0553729 0.0555899 0.0555458 0.0552622 0.0547164 0.053823 0.0523796 0.0500286 0.0463219 0.040941 0.0339798 0.0260833
 0.00463342 0.00752419 0.011333 0.0160593 0.0216235 0.0277917 0.0341316 0.0400972 0.045212 0.0492129 0.0520673 0.0539051 0.054943 0.0554254 0.0555713 0.0555271 0.0553428 0.0549661 0.054236 0.052866 0.0504503 0.0465578 0.0409428 0.0337875 0.0257927
 0.00483513 0.00786104 0.0118496 0.0167843 0.0225424 0.028818 0.0351007 0.0408083 0.0455113 0.0490712 0.0515934 0.0532802 0.0543229 0.0548796 0.055092 0.0550855 0.0549376 0.0546299 0.0540009 0.0527235 0.0503406 0.0464006 0.040686 0.0334378 0.0254075
 0.00505441 0.00821747 0.0123871 0.0175463 0.0235652 0.0301153 0.0366397 0.0424862 0.04715 0.0504452 0.0524931 0.053586 0.0540476 0.0541503 0.0540827 0.0539472 0.0537684 0.0534854 0.052915 0.0517142 0.0494063 0.045525 0.0398585 0.0326722 0.0247413
 0.00525369 0.0085435 0.0128821 0.0182521 0.0245173 0.031332 0.0381099 0.0441607 0.0489391 0.0522199 0.0540893 0.0548201 0.0547529 0.0542279 0.0535377 0.0528854 0.0523523 0.0518793 0.0512489 0.0500759 0.0478502 0.0440869 0.0385694 0.0315656 0.0238481
 0.0055403 0.00900267 0.0135608 0.0191904 0.0257423 0.032848 0.0398871 0.0461297 0.0509981 0.0542487 0.0559605 0.0564008 0.0559058 0.0548208 0.0534712 0.0521269 0.0509571 0.0499815 0.0490264 0.0477095 0.0454983 0.0418791 0.0366088 0.0299287 0.0225764
 0.00582386 0.00945913 0.0142394 0.0201343 0.026981 0.0343858 0.0416907 0.0481243 0.0530771 0.0562936 0.0578572 0.0580449 0.0571978 0.0556602 0.0537578 0.0517763 0.0499293 0.0483078 0.0468193 0.0451481 0.0427966 0.0392508 0.0342388 0.0279502 0.0210556
 0.00609707 0.00990637 0.0149182 0.0210998 0.0282753 0.0360209 0.0436308 0.0502805 0.0553206 0.0584816 0.059857 0.0597468 0.0585155 0.0565227 0.0540997 0.051534 0.0490493 0.0467711 0.0446709 0.0425161 0.0398872 0.0363166 0.0315293 0.025661 0.0192918
 0.00636654 0.0103452 0.0155806 0.0220381 0.0295313 0.0376122 0.0455341 0.0524229 0.0575858 0.0607283 0.0619401 0.0615356 0.059904 0.0574329 0.0544764 0.0513349 0.0482397 0.045331 0.0426187 0.0399392 0.0369593 0.0332851 0.0286685 0.0232061 0.0173833
 0.00656512 0.010678 0.0161003 0.0228009 0.0305869 0.0389868 0.0472136 0.0543453 0.0596501 0.0628125 0.0639186 0.0632894 0.0613267 0.0584347 0.0549865 0.0513005 0.0476233 0.0441126 0.0408091 0.0376046 0.0342445 0.0304136 0.0259069 0.0207993 0.0154902
 0.00676937 0.0110128 0.0166098 0.0235299 0.0315743 0.0402543 0.0487518 0.0561059 0.0615484 0.0647393 0.065756 0.0649235 0.0626571 0.059379 0.0554804 0.051295 0.0470821 0.0430147 0.0391605 0.0354594 0.0317268 0.0277229 0.0232907 0.0184951 0.0136611
 0.00708038 0.0115 0.017309 0.0244631 0.0327478 0.0416556 0.0503446 0.0578268 0.0633125 0.0664521 0.0673249 0.0662657 0.0637012 0.0600664 0.0557642 0.0511388 0.0464581 0.0419059 0.0375709 0.033433 0.029369 0.0252081 0.0208408 0.0163284 0.0119325
 0.00741791 0.0120266 0.0180598 0.0254546 0.0339742 0.0430853 0.0519161 0.0594517 0.0648894 0.0678885 0.0685529 0.0672434 0.0644039 0.0604746 0.0558566 0.0508898 0.0458407 0.0408978 0.0361665 0.0316616 0.0273135 0.023013 0.018695 0.0144224 0.0104043
 0.00766286 0.0124359 0.0186948 0.0263751 0.0352208 0.0446538 0.0537361 0.0613863 0.0667644 0.0695371 0.0698534 0.0681345 0.064878 0.0605586 0.0555896 0.0503058 0.0449588 0.0397237 0.0347047 0.0299357 0.0253877 0.0210027 0.0167547 0.0127099 0.00903502
 0.00792067 0.0128596 0.0193412 0.0273005 0.0364704 0.0462431 0.0556293 0.0634839 0.0689088 0.0715367 0.0715183 0.0693124 0.0654821 0.0605782 0.0550788 0.0493556 0.0436657 0.0381676 0.0329448 0.0280238 0.0233897 0.0190142 0.0148977 0.0111062 0.00777068
 0.00800254 0.0130183 0.019628 0.0277802 0.0372084 0.0472829 0.0569713 0.0650753 0.0706499 0.073297 0.0731527 0.0706764 0.0664484 0.0610565 0.0550328 0.0488078 0.0426858 0.0368499 0.0313869 0.0263168 0.0216229 0.0172836 0.0133064 0.00974911 0.0067102
 0.00806588 0.01312 0.0197807 0.0280003 0.0375191 0.0477168 0.0575661 0.0658628 0.0716381 0.0744543 0.0744023 0.071905 0.0675262 0.0618604 0.0554678 0.0488212 0.0422745 0.0360573 0.0302911 0.0250158 0.0202226 0.0158909 0.0120225 0.00865737 0.00586082
 0.00818142 0.0132844 0.0199849 0.0282224 0.0377323 0.0479027 0.057727 0.0660251 0.071848 0.0747638 0.0748506 0.0724987 0.0682268 0.0625851 0.0561057 0.0492606 0.0424296 0.0358877 0.0298079 0.0242759 0.019315 0.0149203 0.0110911 0.00784832 0.00522463
 0.00813189 0.0132146 0.019899 0.0281286 0.0376384 0.0478099 0.0576282 0.0659126 0.0717268 0.074664 0.0748271 0.0726157 0.0685305 0.0630785 0.056737 0.0499317 0.0430215 0.0362929 0.0299592 0.0241606 0.0189738 0.0144314 0.0105481 0.00733606 0.00480167
 0.00822062 0.0133432 0.020064 0.0283175 0.0378344 0.0479977 0.0577977 0.0660561 0.0718344 0.0747224 0.0748267 0.0725627 0.0684546 0.0630265 0.0567519 0.050028 0.043172 0.0364358 0.0300219 0.0240901 0.0187568 0.0140978 0.0101569 0.00695289 0.00447737
 0.00834343 0.0135141 0.0202675 0.0285208 0.037995 0.0480784 0.0577794 0.0659436 0.0716533 0.0745109 0.0746242 0.0724003 0.068351 0.0629899 0.0567857 0.0501311 0.0433329 0.0366251 0.0301935 0.0241942 0.01876 0.0139972 0.00998035 0.00674543 0.00428251
 0.00844019 0.0136742 0.0205116 0.028864 0.0384368 0.0485905 0.0582994 0.0663844 0.0719297 0.0745717 0.0744711 0.0720833 0.0679453 0.0625702 0.0564084 0.0498291 0.0431174 0.0364879 0.0301106 0.0241314 0.0186839 0.0138883 0.00983978 0.00659144 0.00413915
 0.00851053 0.0137867 0.0206779 0.0290945 0.0387401 0.0489696 0.0587458 0.0668709 0.0724067 0.0749715 0.0747235 0.0721384 0.0677927 0.0622442 0.0559755 0.049365 0.0426847 0.0361242 0.0298257 0.0239136 0.0185106 0.0137378 0.00969995 0.00646216 0.00402765
 0.00853021 0.0138155 0.0207155 0.0291399 0.038793 0.0490334 0.058829 0.0669854 0.0725631 0.0751708 0.0749502 0.0723583 0.0679606 0.0623194 0.0559387 0.049227 0.0424809 0.0358991 0.029616 0.0237382 0.0183709 0.0136249 0.00960416 0.00637878 0.00395729
 0.00857273 0.013886 0.0208237 0.029294 0.0389966 0.049281 0.0591028 0.0672583 0.0728063 0.0753636 0.075085 0.0724369 0.0679859 0.0622886 0.0558439 0.0490626 0.0422532 0.0356294 0.0293352 0.0234762 0.0181471 0.0134457 0.00946654 0.00627596 0.00388279
 0.00841192 0.0136613 0.0205537 0.02902 0.0387715 0.0491518 0.0590959 0.0673731 0.0730199 0.0756406 0.0753868 0.0727299 0.0682459 0.0625009 0.0559998 0.0491564 0.0422822 0.0355971 0.0292541 0.023366 0.0180293 0.013337 0.00937619 0.00620637 0.00383243
 0.0082277 0.0133678 0.0201261 0.0284463 0.0380641 0.0483596 0.0583091 0.0667113 0.0725984 0.0755307 0.0755922 0.0731922 0.0688718 0.0631939 0.0566814 0.0497731 0.0428028 0.0360082 0.0295561 0.0235703 0.0181548 0.0134055 0.00940777 0.00621668 0.00383215
 0.00827434 0.0134115 0.0201323 0.0283631 0.0378356 0.0479487 0.0577197 0.0659978 0.0718582 0.074882 0.0751448 0.0730179 0.068986 0.0635546 0.0572071 0.0503698 0.0433885 0.0365262 0.0299764 0.0238857 0.0183736 0.0135454 0.00948939 0.00625956 0.00385184
 0.00821912 0.0133193 0.0199878 0.0281469 0.0375246 0.0475186 0.0571525 0.0652942 0.0710512 0.0740451 0.0743864 0.07246 0.0687302 0.0636506 0.057637 0.0510554 0.044217 0.0373817 0.0307657 0.0245504 0.0188905 0.0139186 0.00973989 0.00641555 0.00394158
 0.00818676 0.0132719 0.0199257 0.0280721 0.0374378 0.0474148 0.0570181 0.0651069 0.0707862 0.0736861 0.0739397 0.0719651 0.0682602 0.0632964 0.0574793 0.0511358 0.0445225 0.0378506 0.0313104 0.0250856 0.0193541 0.0142796 0.00999526 0.0065804 0.00403879
 0.00805507 0.0130753 0.0196627 0.0277538 0.0370857 0.0470563 0.0566813 0.0648162 0.0705561 0.0735164 0.0738153 0.0718643 0.0681696 0.0632244 0.0574584 0.0512111 0.044729 0.0381928 0.0317557 0.0255745 0.0198216 0.0146759 0.0102962 0.00678624 0.00416608
 0.0080095 0.0129993 0.0195454 0.027586 0.036864 0.0467887 0.0563907 0.0645376 0.0703262 0.0733599 0.0737361 0.0718458 0.0681839 0.0632463 0.0574788 0.0512421 0.0447988 0.0383301 0.0319725 0.0258564 0.0201324 0.014972 0.0105433 0.00696859 0.00428571
 0.00780417 0.0126966 0.0191473 0.0271139 0.0363519 0.0462723 0.0559007 0.0640999 0.0699666 0.0731063 0.0736136 0.071868 0.0683444 0.0635181 0.0578219 0.0516182 0.0451832 0.0387148 0.0323587 0.0262428 0.0205065 0.0153118 0.0108264 0.00718192 0.00443012
 0.00751028 0.012251 0.018538 0.0263553 0.0354845 0.04536 0.0550249 0.0633493 0.069419 0.0728086 0.0735725 0.0720565 0.0687182 0.0640292 0.0584246 0.0522692 0.0458435 0.0393536 0.032956 0.0267866 0.020988 0.0157217 0.0111556 0.00742713 0.00459694
 0.00743542 0.012101 0.0182619 0.0258933 0.034789 0.0444258 0.0539128 0.062185 0.0683614 0.0720024 0.0731099 0.0719626 0.0689599 0.0645372 0.0591165 0.0530663 0.046679 0.0401752 0.033725 0.0274768 0.0215827 0.0162116 0.0115379 0.00770625 0.00478512
 0.00809997 0.013031 0.0193812 0.0270312 0.0357211 0.0449442 0.0538902 0.0616041 0.0673104 0.0706481 0.0716607 0.0706237 0.0678908 0.0638226 0.058763 0.0530219 0.046863 0.0405029 0.0341236 0.0278903 0.0219718 0.0165506 0.0118128 0.00791289 0.00492796
 0.00868081 0.0139638 0.0207534 0.0288891 0.0380276 0.0475322 0.0564409 0.0636934 0.0685312 0.070758 0.0706699 0.0687775 0.0655657 0.0614014 0.0565425 0.0511749 0.045446 0.03949 0.0334452 0.0274655 0.0217266 0.0164251 0.0117614 0.0079023 0.0049356
 0.00873535 0.0141352 0.0211645 0.029704 0.0394095 0.0495705 0.0590801 0.0666986 0.0715135 0.0732555 0.0722615 0.0691974 0.0647799 0.0596117 0.0541129 0.0485139 0.0428987 0.0372787 0.0316658 0.0261189 0.0207602 0.0157659 0.0113353 0.00764331 0.0047891
 0.00853195 0.0138262 0.0207467 0.0292074 0.0389127 0.0492116 0.0590482 0.0671898 0.0726504 0.0750022 0.074386 0.0713156 0.0664715 0.060558 0.0541946 0.0478291 0.0417003 0.035871 0.0303082 0.0249739 0.0198899 0.0151596 0.0109448 0.00741011 0.00466025
 0.00847328 0.0137111 0.0205383 0.028863 0.0384001 0.0485351 0.0582736 0.0664544 0.072145 0.0749232 0.0748675 0.0723633 0.0679301 0.0621386 0.0555643 0.048726 0.0420186 0.0356753 0.0297784 0.0243186 0.019274 0.0146727 0.0106081 0.0072025 0.00454506
 0.00852637 0.0137844 0.0206228 0.0289374 0.038431 0.0484805 0.0580927 0.0661241 0.0716816 0.074401 0.0744172 0.07214 0.0680547 0.0626371 0.056338 0.0495773 0.0427269 0.0360842 0.0298484 0.0241201 0.0189346 0.0143152 0.0103114 0.00699469 0.00441854
 0.00845292 0.0136806 0.0204949 0.0287998 0.0382995 0.0483634 0.0579832 0.0660004 0.0715161 0.0741757 0.0741419 0.0718641 0.0678631 0.0626236 0.0565625 0.050027 0.0433076 0.0366539 0.0302779 0.0243448 0.0189685 0.0142255 0.0101756 0.00686913 0.00432813
 0.00830413 0.0134642 0.0202171 0.0284844 0.0379832 0.0480862 0.0577788 0.0658883 0.0714959 0.0742252 0.0742227 0.0719376 0.067911 0.0626619 0.0566369 0.0501876 0.0435752 0.037 0.0306331 0.0246328 0.019143 0.0142859 0.0101566 0.00681516 0.00427302
 0.00813507 0.0132008 0.0198436 0.0279979 0.0373988 0.0474423 0.0571389 0.0653337 0.0711064 0.0740532 0.0742761 0.0721789 0.0682752 0.0630823 0.0570678 0.0506131 0.0440003 0.03743 0.0310553 0.0250147 0.0194478 0.0144931 0.0102711 0.0068618 0.00428177
 0.0081868 0.0132572 0.0198774 0.027967 0.0372585 0.0471636 0.0567257 0.064828 0.0705787 0.0735842 0.0739357 0.0720102 0.0682855 0.063245 0.0573355 0.0509359 0.0443413 0.0377682 0.0313791 0.0253112 0.0196999 0.0146849 0.0103976 0.00693137 0.00431159
 0.00823483 0.0133264 0.0199633 0.0280557 0.0373247 0.0471717 0.056635 0.0646043 0.0702112 0.0731001 0.073402 0.0715175 0.06792 0.0630621 0.0573463 0.0511118 0.0446305 0.0381153 0.0317377 0.0256476 0.0199909 0.0149165 0.0105645 0.00703844 0.00437169
 0.00839286 0.0135721 0.0203112 0.0285089 0.0378708 0.0477782 0.0572454 0.0651396 0.0705829 0.0732324 0.0732561 0.0711073 0.0673124 0.0623598 0.0566591 0.0505267 0.0441939 0.0378321 0.0315836 0.0255857 0.0199845 0.0149357 0.0105891 0.00705757 0.0043822
 0.00849953 0.0137403 0.0205544 0.0288355 0.0382819 0.0482639 0.0577806 0.0656822 0.0710761 0.073613 0.0734648 0.071102 0.06708 0.061925 0.0560837 0.0498961 0.0435945 0.0373287 0.0312069 0.0253339 0.0198342 0.0148559 0.0105513 0.00704101 0.00437464
 0.00841363 0.0136283 0.0204371 0.0287496 0.0382703 0.0483607 0.0579975 0.0660046 0.0714689 0.0740297 0.0738555 0.0714173 0.067276 0.0619714 0.055973 0.0496504 0.0432625 0.0369726 0.0308839 0.0250804 0.019661 0.014753 0.0104985 0.00701797 0.00436612
 0.00836088 0.0135489 0.0203308 0.0286241 0.0381441 0.0482639 0.0579694 0.0660844 0.0716802 0.074366 0.0742758 0.0718562 0.067662 0.0622451 0.0560986 0.0496203 0.0430965 0.0367134 0.0305857 0.0247951 0.0194248 0.014581 0.0103872 0.00695349 0.00433232
 0.00829205 0.0134323 0.0201475 0.0283561 0.0377814 0.0478153 0.0574714 0.0656018 0.0712945 0.0741537 0.0742861 0.0720948 0.0680886 0.0627839 0.0566588 0.05012 0.0434812 0.0369638 0.0307152 0.0248374 0.0194195 0.0145601 0.0103694 0.00694452 0.00433057
 0.00823916 0.0133409 0.0199997 0.0281316 0.0374616 0.0473909 0.0569511 0.0650179 0.0707034 0.0736294 0.0739073 0.0719283 0.0681708 0.0631077 0.057172 0.0507383 0.0441113 0.0375274 0.0311658 0.0251636 0.0196366 0.0146961 0.0104523 0.00699516 0.00436181
 0.00857445 0.0138562 0.0207178 0.0290476 0.0385384 0.0485549 0.0580914 0.0659959 0.0713796 0.0739017 0.0737426 0.0713725 0.0673336 0.0621298 0.056188 0.0498454 0.0433558 0.0369108 0.0306641 0.0247494 0.0192925 0.0144165 0.010237 0.00684176 0.00426223
 0.00877075 0.0141926 0.0212537 0.0298433 0.0396341 0.0499405 0.0596815 0.0676287 0.0728482 0.0750053 0.0743349 0.0713895 0.0668006 0.0611493 0.0549133 0.0484461 0.0419815 0.0356665 0.029603 0.0238832 0.018609 0.0138953 0.00985616 0.00657912 0.00409381
 0.00858207 0.0139168 0.0208992 0.0294458 0.0392567 0.0496678 0.0596068 0.067832 0.0733657 0.0758023 0.0752992 0.0723573 0.0676038 0.0616648 0.0550931 0.0483188 0.0416312 0.0351983 0.0291119 0.0234345 0.0182355 0.0136046 0.00964262 0.00643111 0.00399795
 0.0080246 0.0130108 0.019542 0.0275585 0.0368202 0.046771 0.0564836 0.0648521 0.0709588 0.0743422 0.0749992 0.0732198 0.0694344 0.0641368 0.0578364 0.051006 0.0440347 0.0372065 0.0307075 0.0246567 0.0191437 0.0142581 0.0100935 0.00672548 0.0041775
 0.00819255 0.0132194 0.0197335 0.0276309 0.0366433 0.0462213 0.0554841 0.0634078 0.069179 0.0724414 0.0732662 0.0719514 0.0688518 0.0643175 0.058695 0.0523312 0.045564 0.0387033 0.0320123 0.025698 0.0199193 0.0148042 0.0104589 0.00695745 0.00431599
 0.00853901 0.0137767 0.0205551 0.0287458 0.0380303 0.0477769 0.0570057 0.0646151 0.0697874 0.0722604 0.0722767 0.0703239 0.0668979 0.0623968 0.0571118 0.0512574 0.045015 0.0385709 0.0321315 0.0259148 0.0201304 0.0149632 0.01056 0.0070136 0.00434382
 0.00857807 0.0138723 0.0207591 0.0291277 0.0386611 0.0487007 0.058207 0.0659972 0.0711712 0.0734112 0.0729571 0.0703634 0.0662572 0.0611947 0.0555948 0.0497199 0.043705 0.0376234 0.031556 0.0256316 0.0200282 0.0149461 0.0105685 0.007022 0.00434642
 0.00860162 0.0139193 0.0208479 0.029286 0.0389262 0.0491159 0.0588124 0.0668139 0.072181 0.0745367 0.0740556 0.0712461 0.0667354 0.0611424 0.0550006 0.0487011 0.0424709 0.0364029 0.0305242 0.0248694 0.0195282 0.0146487 0.0104033 0.00693262 0.00429775
 0.00831322 0.0134637 0.0201895 0.0284081 0.0378435 0.0478895 0.057562 0.0657117 0.0714193 0.0742757 0.0743719 0.0721016 0.0679785 0.0625439 0.056317 0.0497463 0.0431665 0.0367836 0.0306974 0.0249535 0.0196041 0.014745 0.010511 0.00703108 0.00437249
 0.00818815 0.0132363 0.0198035 0.0277988 0.0369556 0.0467067 0.0561334 0.0641626 0.0699341 0.0730626 0.0736192 0.0719366 0.0684355 0.0635477 0.0576944 0.0512685 0.0446129 0.0380013 0.031629 0.0256238 0.0200786 0.0150884 0.0107653 0.00721678 0.00450028
 0.00844632 0.0136292 0.0203416 0.0284642 0.0376959 0.0474305 0.0567155 0.0644644 0.0698456 0.0725492 0.0727495 0.0708723 0.0673843 0.0627005 0.0571694 0.0510828 0.0446918 0.0382202 0.0318679 0.0258082 0.0201891 0.0151425 0.0107909 0.00723321 0.00451488
 0.00830147 0.013461 0.0202114 0.0284672 0.03793 0.0479499 0.0574904 0.0653738 0.0707077 0.0731763 0.0730034 0.0707039 0.0668469 0.0619329 0.0563519 0.0503794 0.0442012 0.037957 0.03178 0.0258164 0.020226 0.0151723 0.0108052 0.00723779 0.00451655
 0.00776798 0.0126887 0.0192291 0.0273729 0.0368765 0.0471127 0.0570303 0.0654007 0.0712465 0.0741424 0.0742096 0.0719081 0.0678281 0.0625605 0.0566157 0.0503713 0.0440614 0.0378127 0.0317045 0.0258222 0.0202859 0.0152487 0.0108721 0.00728536 0.00454615
#obs surv len freq
 nan nan nan nan nan nan nan nan nan nan nan nan nan nan nan nan nan nan nan nan nan nan nan nan nan
 0.00448583 0.00734785 0.0111786 0.0159958 0.0216974 0.0279736 0.034288 0.0400191 0.044698 0.0481607 0.0505172 0.0520115 0.0529023 0.0534133 0.0537265 0.0539806 0.0542586 0.054551 0.0546895 0.0542813 0.0527194 0.0493518 0.043802 0.0362828 0.0276672
 0.00461312 0.0075579 0.0115002 0.0164565 0.0223166 0.0287525 0.0351986 0.0410021 0.0456709 0.0490347 0.0512142 0.0524758 0.0531055 0.0533547 0.0534284 0.0534804 0.0536001 0.0537772 0.0538398 0.053393 0.0518315 0.0485078 0.0430469 0.0356546 0.0271871
 0.00477635 0.00782318 0.0118995 0.01702 0.0230676 0.0296984 0.0363212 0.0422512 0.0469681 0.0502839 0.0523152 0.0533372 0.0536558 0.0535507 0.0532595 0.052967 0.0527866 0.0527228 0.0526107 0.0520593 0.0504684 0.0471952 0.0418641 0.0346671 0.0264309
 0.00497132 0.00814185 0.0123821 0.0177049 0.0239835 0.0308524 0.0376871 0.0437658 0.04854 0.05181 0.053695 0.0544792 0.0544803 0.0539928 0.0532752 0.0525403 0.0519333 0.0514899 0.0510727 0.050313 0.048629 0.0453899 0.0402186 0.0332839 0.0253679
 0.00517035 0.00847093 0.0128877 0.0184338 0.024974 0.0321197 0.039208 0.0454734 0.0503329 0.0535714 0.055311 0.0558495 0.0555211 0.0546357 0.0534667 0.0522442 0.0511367 0.0502117 0.0493706 0.0482881 0.0464229 0.043173 0.0381657 0.031541 0.0240199
 0.00540076 0.00884433 0.0134479 0.0192219 0.0260221 0.0334403 0.0407819 0.0472431 0.0522072 0.0554401 0.0570595 0.0573704 0.0567199 0.0554343 0.053803 0.0520716 0.0504263 0.0489601 0.0476136 0.0461144 0.0439808 0.0406601 0.0357979 0.0295058 0.0224328
 0.00563926 0.00923776 0.0140503 0.0200863 0.0271894 0.0349217 0.0425428 0.0491992 0.0542404 0.057423 0.0588773 0.058928 0.05794 0.0562515 0.0541606 0.0519206 0.0497289 0.0476978 0.0458035 0.0438291 0.0413635 0.0379203 0.0331786 0.0272285 0.0206415
 0.00587606 0.00962463 0.0146365 0.0209201 0.0283098 0.0363456 0.0442492 0.051122 0.0562743 0.0594415 0.060753 0.0605481 0.0592143 0.0571129 0.0545595 0.0518174 0.0490896 0.0464994 0.0440503 0.0415773 0.0387427 0.0351358 0.0304818 0.024858 0.0187603
 0.00613357 0.0100466 0.0152774 0.0218323 0.0295327 0.037889 0.0460775 0.0531496 0.0583793 0.0614904 0.0626218 0.0621332 0.0604342 0.0579061 0.0548815 0.051636 0.0483807 0.0452477 0.0422612 0.0392999 0.0360951 0.0323136 0.0277335 0.0224273 0.0168199
 0.0063831 0.0104553 0.0158983 0.0227167 0.0307205 0.0393932 0.0478673 0.0551443 0.0604588 0.063518 0.064467 0.0636868 0.0616133 0.0586536 0.0551603 0.0514225 0.0476586 0.0440088 0.0405142 0.037092 0.0335351 0.0295832 0.0250672 0.02006 0.0149217
 0.00661409 0.0108371 0.0164845 0.0235608 0.0318653 0.0408529 0.0496107 0.0570892 0.062484 0.065487 0.0662513 0.0651785 0.0627308 0.059341 0.0553842 0.0511659 0.0469152 0.04278 0.0388166 0.0349738 0.0310986 0.0269954 0.0225437 0.0178182 0.0131212
 0.00684473 0.0112124 0.0170503 0.0243604 0.0329319 0.0421975 0.0512079 0.0588709 0.0643468 0.0673096 0.0679128 0.0665734 0.0637757 0.0599779 0.0555792 0.0509039 0.0461943 0.0416089 0.0372182 0.0329991 0.0288445 0.0246139 0.0202288 0.0157647 0.011472
 0.00705646 0.0115623 0.017587 0.0251317 0.0339739 0.0435179 0.0527711 0.0605942 0.066115 0.0689994 0.0694145 0.0678001 0.0646643 0.0604856 0.0556805 0.0505882 0.0454628 0.0404733 0.0357052 0.0311608 0.026772 0.0224446 0.0181341 0.0139147 0.00999029
 0.0072548 0.0118875 0.0180814 0.0258366 0.0349214 0.044718 0.0541973 0.0621782 0.0677538 0.0705747 0.0708125 0.068927 0.0654541 0.0609011 0.0557082 0.0502306 0.044732 0.0393885 0.0342967 0.0294798 0.0249022 0.0205079 0.0162788 0.0122858 0.00869114
 0.00744827 0.0122018 0.0185539 0.0265015 0.0358027 0.0458188 0.055489 0.0635963 0.0692072 0.0719616 0.0720372 0.0699095 0.0661346 0.0612418 0.0556932 0.0498625 0.044027 0.0383725 0.0330055 0.0279653 0.0232417 0.0188078 0.0146653 0.0108794 0.00757553
 0.00751502 0.012319 0.0187469 0.0268002 0.0362368 0.0464086 0.0562361 0.0644793 0.0701834 0.0729742 0.073022 0.0708005 0.0668686 0.0617626 0.0559564 0.0498397 0.0437071 0.0377621 0.0321294 0.0268686 0.021994 0.0175027 0.013411 0.00977806 0.00669814
 0.00759069 0.0124316 0.0188977 0.0269865 0.036456 0.0466645 0.0565417 0.0648529 0.0706405 0.0735169 0.073633 0.0714428 0.0674908 0.062306 0.0563632 0.0500591 0.0437012 0.0375111 0.0316353 0.0261594 0.0211247 0.0165528 0.0124739 0.00894206 0.00602555
 0.00766285 0.0125449 0.0190601 0.0272011 0.0367186 0.0469622 0.056853 0.0651536 0.0709133 0.073761 0.0738644 0.0716842 0.0677556 0.062587 0.0566292 0.0502627 0.0437908 0.0374428 0.0313842 0.025727 0.0205427 0.0158806 0.0117874 0.00831604 0.00551485
 0.0077207 0.0126327 0.0191806 0.027353 0.0368972 0.0471604 0.0570618 0.0653618 0.0711079 0.0739304 0.0740033 0.0717974 0.067857 0.0626924 0.0567459 0.0503802 0.0438793 0.0374615 0.0312944 0.025507 0.020198 0.0154457 0.0113174 0.00787129 0.00514294
 0.0077708 0.0127099 0.0192889 0.0274924 0.0370637 0.0473453 0.0572523 0.0655422 0.0712634 0.074051 0.074086 0.0718461 0.0678806 0.0627027 0.0567542 0.0503923 0.0438903 0.0374531 0.0312396 0.0253804 0.0199891 0.0151666 0.0110013 0.00756106 0.00487642
 0.00782959 0.0127999 0.0194138 0.0276514 0.0372516 0.0475526 0.0574653 0.0657437 0.0714353 0.0741781 0.0741598 0.0718663 0.0678545 0.0626429 0.0566752 0.0503071 0.0438064 0.0373689 0.0311442 0.025258 0.0198276 0.0149661 0.0107775 0.00733999 0.004684
 0.00785551 0.012841 0.0194736 0.0277321 0.0373532 0.0476722 0.057596 0.0658755 0.0715566 0.0742789 0.0742332 0.0719095 0.0678678 0.0626291 0.0566396 0.0502565 0.0437471 0.0373042 0.031072 0.0251719 0.0197203 0.0148359 0.0106315 0.00719327 0.00455368
 0.00787876 0.0128735 0.0195129 0.0277731 0.0373901 0.0477012 0.0576178 0.0658944 0.0715786 0.0743081 0.0742703 0.0719514 0.0679093 0.0626646 0.0566646 0.0502686 0.0437457 0.0372899 0.0310447 0.0251298 0.0196611 0.0147593 0.0105422 0.00710073 0.00446922
 0.00790704 0.0129164 0.0195712 0.0278449 0.0374701 0.0477814 0.0576878 0.0659443 0.0716019 0.074305 0.0742481 0.0719211 0.0678811 0.0626438 0.056651 0.0502584 0.0437342 0.037273 0.0310198 0.0250949 0.0196153 0.0147031 0.0104789 0.00703638 0.0044109
 0.00789441 0.0128973 0.0195453 0.0278128 0.0374335 0.0477427 0.0576498 0.0659098 0.0715733 0.0742843 0.074237 0.0719216 0.0678957 0.0626744 0.0566974 0.0503168 0.0437978 0.0373336 0.0310698 0.0251289 0.0196306 0.0147002 0.0104613 0.00700981 0.00438203
 0.00790838 0.0129108 0.0195488 0.0277927 0.0373765 0.0476424 0.0575125 0.0657538 0.0714237 0.0741642 0.074161 0.0718948 0.0679148 0.0627318 0.0567836 0.0504223 0.0439128 0.0374484 0.0311748 0.0252163 0.0196954 0.014741 0.0104805 0.00701297 0.00437575
 0.00790372 0.0129042 0.0195402 0.0277812 0.0373587 0.0476116 0.0574586 0.0656679 0.0713037 0.07402 0.0740145 0.0717728 0.0678398 0.062715 0.0568233 0.0505072 0.0440272 0.0375761 0.0313013 0.02533 0.0197882 0.014809 0.0105243 0.00703651 0.00438514
 0.00787579 0.0128568 0.0194655 0.0276717 0.0372104 0.0474274 0.0572509 0.0654567 0.0711109 0.0738627 0.0739022 0.0717097 0.0678286 0.0627583 0.0569216 0.0506553 0.044213 0.0377819 0.0315081 0.0255206 0.0199499 0.0149352 0.0106142 0.00709446 0.00441839
 0.00786406 0.0128354 0.0194289 0.0276129 0.0371224 0.0473051 0.0570945 0.0652734 0.0709152 0.0736744 0.0737421 0.0715951 0.06777 0.0627589 0.0569791 0.0507636 0.0443628 0.0379606 0.0316998 0.0257081 0.0201178 0.0150729 0.0107173 0.00716449 0.00446132
 0.00787053 0.0128417 0.0194305 0.0276027 0.0370918 0.0472471 0.0570052 0.0651539 0.0707714 0.0735166 0.0735841 0.0714531 0.0676602 0.0626945 0.0569675 0.0508057 0.0444532 0.0380888 0.0318519 0.0258681 0.02027 0.0152045 0.0108205 0.00723791 0.0045084
 0.00783039 0.0127827 0.0193532 0.027511 0.0369916 0.047143 0.0568993 0.0650462 0.0706619 0.0734077 0.0734818 0.0713659 0.0675979 0.0626662 0.05698 0.050862 0.0445516 0.0382226 0.0320098 0.0260355 0.0204317 0.0153471 0.0109353 0.0073218 0.00456389
 0.00778997 0.0127134 0.0192429 0.0273482 0.03677 0.0468683 0.056593 0.0647435 0.0704015 0.0732193 0.0733784 0.0713441 0.067645 0.0627676 0.0571234 0.0510385 0.0447541 0.0384436 0.0322395 0.0262619 0.0206416 0.0155286 0.0110804 0.0074282 0.00463496
 0.0077807 0.012692 0.0191987 0.0272671 0.036637 0.046673 0.0563357 0.0644385 0.0700774 0.072914 0.0731308 0.0711852 0.0675898 0.0628133 0.0572536 0.0512305 0.0449857 0.038696 0.0324973 0.0265116 0.0208704 0.0157255 0.0112381 0.00754463 0.0047135
 0.00773739 0.0126265 0.019109 0.0271534 0.0365003 0.0465132 0.056151 0.0642276 0.0698435 0.0726685 0.0728954 0.0709885 0.0674613 0.0627744 0.057312 0.051378 0.0452022 0.0389558 0.0327747 0.0267844 0.0211209 0.0159406 0.0114101 0.00767171 0.00479958
 0.00931838 0.014836 0.0217683 0.0298747 0.0388008 0.0479955 0.0566454 0.0638158 0.0687708 0.0712186 0.0713006 0.0694028 0.0659749 0.0614393 0.0561587 0.0504219 0.0444438 0.0383817 0.0323613 0.0265027 0.0209409 0.0158348 0.0113544 0.00764681 0.0047912
 0.00930531 0.0151067 0.0226901 0.0319021 0.0422765 0.0528824 0.0623576 0.0693152 0.0729372 0.0732926 0.0711343 0.0673975 0.0628051 0.0577653 0.0524656 0.0469966 0.041425 0.0358195 0.0302577 0.0248334 0.0196656 0.0149026 0.0107075 0.00722448 0.00453415
 0.00897746 0.0145915 0.0219694 0.0310271 0.0414205 0.0523758 0.0626468 0.070802 0.0757348 0.0770457 0.0750655 0.070602 0.064628 0.058028 0.0514327 0.0451612 0.0392787 0.0337207 0.0284085 0.0233161 0.0184898 0.0140389 0.0101081 0.00683379 0.00429692
 0.00881083 0.0143111 0.0215305 0.0303856 0.04055 0.0512995 0.0614785 0.0697726 0.0751736 0.0772887 0.0763024 0.0727335 0.067235 0.0605077 0.0532425 0.0460266 0.0392473 0.0330613 0.0274505 0.022327 0.0176293 0.0133709 0.00963374 0.00652289 0.00410864
 0.00874413 0.0141981 0.0213509 0.0301151 0.0401625 0.0507733 0.0608074 0.0689829 0.0743432 0.0765616 0.0758793 0.0728202 0.0679503 0.0617932 0.0548406 0.0475646 0.0403903 0.0336426 0.0275043 0.0220233 0.0171702 0.0129135 0.00926265 0.00626153 0.00394446
 0.00870433 0.0141315 0.0212471 0.0299621 0.0399485 0.0504885 0.0604466 0.0685481 0.0738467 0.0760325 0.0753743 0.0724323 0.0677994 0.0619875 0.0554179 0.0484456 0.0413866 0.0345272 0.0281074 0.022293 0.0171668 0.0127533 0.00905676 0.00608055 0.0038155
 0.0087016 0.0141241 0.0212301 0.0299284 0.0398895 0.0503953 0.0603119 0.068367 0.0736171 0.0757565 0.0750624 0.0721096 0.0675124 0.0618044 0.0554117 0.0486617 0.0418084 0.0350667 0.0286348 0.0226928 0.0173847 0.0128059 0.00900439 0.00598895 0.00372965
 0.00870232 0.0141256 0.0212326 0.0299318 0.0398922 0.0503933 0.0602984 0.0683324 0.0735516 0.0756523 0.0749163 0.0719257 0.0673053 0.0616023 0.0552566 0.0486007 0.0418751 0.0352598 0.02891 0.0229776 0.0176107 0.0129374 0.00904646 0.00597288 0.00369076
 0.00869591 0.014117 0.0212231 0.0299238 0.0398882 0.0503953 0.0603061 0.0683426 0.0735581 0.0756466 0.0748888 0.0718686 0.0672159 0.0614866 0.0551317 0.0484941 0.0418181 0.0352752 0.0289991 0.0231157 0.0177572 0.0130545 0.00911525 0.00599662 0.00368601
 0.0086664 0.0140718 0.0211604 0.0298443 0.0397957 0.0502966 0.0602109 0.0682626 0.0735037 0.0756233 0.0748951 0.0718957 0.0672507 0.0615165 0.0551497 0.0485024 0.0418286 0.0353042 0.0290587 0.0232058 0.0178633 0.0131548 0.00919159 0.00604216 0.0037053
 0.00865814 0.0140569 0.0211354 0.0298053 0.0397398 0.0502237 0.0601254 0.0681733 0.0734222 0.0755609 0.0748595 0.0718894 0.06727 0.0615529 0.0551929 0.0485443 0.0418663 0.0353415 0.0291029 0.0232619 0.0179297 0.013223 0.00925057 0.00608438 0.00372967
 0.00864228 0.0140329 0.0211025 0.0297637 0.0396903 0.0501668 0.0600617 0.0681043 0.0733512 0.0754938 0.0748044 0.0718545 0.0672609 0.0615707 0.0552333 0.0485994 0.0419279 0.0354037 0.0291639 0.0233225 0.01799 0.0132805 0.00930074 0.00612291 0.00375507
 0.00864488 0.0140341 0.0210988 0.0297503 0.0396625 0.0501227 0.0600034 0.0680377 0.0732838 0.0754323 0.0747531 0.071816 0.0672376 0.0615648 0.0552463 0.0486303 0.0419729 0.0354575 0.0292212 0.0233795 0.0180442 0.0133298 0.00934285 0.00615574 0.00377787
 0.00863707 0.0140242 0.021089 0.0297436 0.0396614 0.0501267 0.0600084 0.0680367 0.0732703 0.0754039 0.0747126 0.0717701 0.0671942 0.0615305 0.0552254 0.0486249 0.041983 0.0354809 0.0292543 0.023418 0.018084 0.0133674 0.00937547 0.00618163 0.00379639
 0.00862404 0.0140031 0.0210577 0.0297008 0.0396078 0.0500661 0.0599477 0.0679847 0.0732344 0.0753865 0.0747109 0.0717781 0.0672066 0.0615448 0.0552424 0.0486468 0.0420117 0.0355169 0.0292962 0.0234629 0.0181284 0.0134081 0.0094099 0.00620833 0.00381526
 0.00862404 0.0140031 0.0210577 0.0297008 0.0396078 0.0500661 0.0599477 0.0679847 0.0732344 0.0753865 0.0747109 0.0717781 0.0672066 0.0615448 0.0552424 0.0486468 0.0420117 0.0355169 0.0292962 0.0234629 0.0181284 0.0134081 0.0094099 0.00620833 0.00381526
 0.00854845 0.0138841 0.0208864 0.0294727 0.0393252 0.049741 0.0596041 0.0676576 0.0729636 0.0752069 0.0746434 0.0718249 0.0673527 0.0617638 0.055504 0.0489239 0.0422835 0.0357698 0.0295222 0.0236575 0.0182896 0.0135355 0.0095052 0.00627516 0.00385874
 0.00882536 0.0143105 0.0214819 0.030235 0.0402254 0.0507206 0.0605741 0.0685065 0.0735802 0.0755097 0.0746033 0.07147 0.0667536 0.0610115 0.0546878 0.0481169 0.0415374 0.0351153 0.0289737 0.0232177 0.017953 0.0132909 0.00933752 0.00616755 0.0037946
 0.00891802 0.0144901 0.0218037 0.0307634 0.041012 0.051772 0.0618262 0.0698243 0.0747876 0.0764384 0.0751344 0.0715544 0.0664122 0.0603203 0.0537562 0.0470637 0.0404701 0.034117 0.0280983 0.0224924 0.0173837 0.0128682 0.00904193 0.00597421 0.00367716
 0.00868964 0.0141381 0.0213139 0.0301459 0.0403108 0.0510724 0.061252 0.0695134 0.0748471 0.0768959 0.0759166 0.0725091 0.0673607 0.0611132 0.0543079 0.0473585 0.0405458 0.0340399 0.0279383 0.0223073 0.0172116 0.0127287 0.00894026 0.00590675 0.00363629
 0.00816637 0.0132778 0.0200069 0.0282995 0.0378883 0.0481456 0.0580444 0.0663948 0.07226 0.075238 0.0754319 0.0732292 0.0691117 0.0635757 0.0571065 0.050151 0.0430843 0.0361901 0.0296635 0.0236337 0.0181952 0.0134322 0.00942299 0.00622143 0.00382896
 0.00833561 0.0134929 0.0202158 0.0284066 0.0377673 0.0476691 0.0571203 0.0650038 0.0704846 0.0732745 0.0735677 0.0717803 0.0683336 0.0635849 0.0578494 0.0514318 0.0446376 0.0377622 0.0310707 0.0247812 0.0190642 0.0140509 0.00983974 0.00648701 0.00398826
 0.00864372 0.0140128 0.0210267 0.0295753 0.0393094 0.0494997 0.0590211 0.066643 0.0715036 0.0734084 0.0727428 0.0701439 0.0662086 0.0613717 0.0559101 0.0499987 0.0437743 0.0373874 0.0310243 0.0248981 0.0192223 0.0141856 0.00993143 0.00654065 0.00401624
 0.00858472 0.0139536 0.0210082 0.0296649 0.0395917 0.0500537 0.0598887 0.0677967 0.0728222 0.0746782 0.0736985 0.0705475 0.0659398 0.0604825 0.0546127 0.0485878 0.0425229 0.0364647 0.0304684 0.0246445 0.0191614 0.0142151 0.00998375 0.00658427 0.00404367
 0.00867161 0.0140807 0.0211748 0.0298665 0.0398283 0.0503403 0.0602605 0.0682998 0.0734903 0.0755005 0.0745949 0.0713676 0.0664962 0.0606132 0.0542491 0.0477915 0.0414679 0.0353705 0.0295204 0.0239411 0.0187093 0.0139614 0.00985771 0.00652728 0.00401888
 0.00836873 0.0136136 0.0205203 0.0290237 0.0388228 0.0492286 0.059136 0.067292 0.0727503 0.0751694 0.0747639 0.072042 0.0675779 0.0619142 0.0555397 0.0488711 0.042227 0.0358134 0.0297365 0.0240463 0.0187917 0.0140585 0.00996652 0.00662859 0.00409745
 0.00822566 0.0133529 0.0200781 0.028329 0.0378213 0.0479177 0.0575925 0.0656741 0.0712641 0.0740188 0.0741069 0.0719664 0.0680906 0.0629385 0.0569219 0.0504065 0.0437083 0.0370843 0.0307264 0.0247667 0.0193018 0.0144236 0.010233 0.00682126 0.00422966
 0.00852832 0.013824 0.0207432 0.0291849 0.0388214 0.0489597 0.0585178 0.0662946 0.0714202 0.073644 0.0732629 0.0708265 0.0668816 0.0618712 0.056136 0.049945 0.0435239 0.0370748 0.0307824 0.0248126 0.0193104 0.0144038 0.0102062 0.00680241 0.00422224
 0.00856338 0.0139149 0.0209418 0.0295574 0.0394281 0.0498222 0.0595891 0.0674495 0.0724759 0.0744048 0.0735751 0.0706253 0.0662138 0.0608831 0.0550274 0.0489065 0.0426837 0.0364757 0.0303953 0.0245726 0.0191544 0.0142919 0.010122 0.00674225 0.00418403
 0.00869848 0.0141261 0.0212455 0.0299677 0.0399595 0.0504902 0.0604038 0.0684008 0.0735136 0.0754277 0.0744373 0.0711679 0.0663137 0.0604985 0.054219 0.0478209 0.0415055 0.0353702 0.0294676 0.0238578 0.0186358 0.0139299 0.0098764 0.00658143 0.00408447
#pred catch len freq
 0.00483472 0.00759314 0.0109643 0.0148221 0.0190887 0.0237265 0.0286638 0.0337432 0.0387455 0.043448 0.0476645 0.0512621 0.0541696 0.056376 0.0579135 0.0588338 0.0591918 0.0590251 0.0583087 0.0568815 0.0543982 0.0504007 0.0445601 0.0369892 0.0283953
 0.00508655 0.00792066 0.0113091 0.0150879 0.0191783 0.0235948 0.0283522 0.0333675 0.0384377 0.0432874 0.0476425 0.0512982 0.0541661 0.0562764 0.0577349 0.0586603 0.059132 0.0591532 0.0586177 0.0572742 0.0547266 0.0505365 0.0444556 0.0366918 0.0280118
