SBPRF35
10.1222
Curr Bio
559146
B35
760614
F35
0.188168
FOFL
0.132715
OFL
59270.4
Bzero
2.89207e+006
#pred survey bio
 3.92436e+006 3.80987e+006 3.68601e+006 3.48888e+006 3.25024e+006 2.99572e+006 2.70332e+006 2.45403e+006 2.20318e+006 1.95616e+006 1.75143e+006 1.53291e+006 1.35982e+006 1.20112e+006 1.07583e+006 960676 863055 778688 728538 677107 633163 614994 608346 592584 569249 550488 548509 543714 546912 550957 542114 542203 545358 540714 537418 533536 517006 508690 508776 516669 517737 524154 534941 537935 544535 545169 549658 551182 553725 555470 556514 571749 580216 572201 586391 564538 558746 563364 1.93021e+007 1.1683e+007 1.211e+007 1.31548e+007 1.4573e+007 1.60828e+007 1.7495e+007 1.87141e+007 1.97115e+007 2.04982e+007 2.11031e+007 2.15603e+007 2.1902e+007 2.21556e+007 2.23432e+007 2.24821e+007 2.25849e+007 2.26614e+007 2.27185e+007 2.27614e+007 2.27937e+007 2.28182e+007 2.2837e+007 2.28514e+007 2.28624e+007 2.2871e+007 2.28777e+007 2.28829e+007 2.28869e+007 2.28901e+007 2.28926e+007 2.28946e+007 2.28962e+007 2.28974e+007 2.28984e+007 2.28992e+007 2.28998e+007 2.29003e+007 2.29007e+007 2.2901e+007 2.29012e+007 2.29014e+007 2.29016e+007 2.29017e+007 2.29018e+007 2.29019e+007 2.2902e+007 2.2902e+007 2.29021e+007 2.29021e+007 2.29021e+007 2.29021e+007 2.29022e+007 2.29022e+007 2.29022e+007 2.29022e+007 2.29022e+007 2.29022e+007 2.29022e+007 2.29022e+007 2.29022e+007 2.29022e+007 2.29022e+007 2.29022e+007 2.29022e+007 2.29022e+007 2.29022e+007 2.29022e+007 2.29022e+007 2.29022e+007 2.29022e+007 2.29022e+007 2.29022e+007 2.29022e+007 2.29022e+007 2.29022e+007 2.29022e+007 2.29022e+007 2.29022e+007 2.29022e+007 2.29022e+007 2.29022e+007 2.29022e+007 2.29022e+007 2.29022e+007 2.29022e+007 2.29022e+007 2.29022e+007 2.29022e+007 2.29022e+007 2.29022e+007 2.29022e+007 2.29022e+007 2.29022e+007 2.29022e+007 2.29022e+007 2.29022e+007 2.29022e+007 2.29022e+007 2.29022e+007 0 0 0 0 0 0 0 0 0 0 0 0 0 0 0 0 0 0 0 0 0 0 0 0 0
#obs survey bio
 2.6195e+006 2.9376e+006 4.07316e+006 3.52384e+006 2.44876e+006 2.88493e+006 1.96698e+006 2.31846e+006 1.49392e+006 1.331e+006 1.44164e+006 1.57653e+006 986114 1.37974e+006 940990 913313 874181 584644 826606 522402 630957 566833 582487 693387 598002 408149 556188 364253 498146 543607 366927 492083 519462 647623 818492 696674 575294 456235 554682 526806 408551 484067 368638 421435 665321 874346 672743 445786 739166 450912 532210 660384 604405 628621 582794 496887 506085 580627
#pred catch bio
 83815.1 87991.7 156443 203562 232690 285777 266999 288783 304634 283538 308748 277221 269646 242156 232574 214305 198430 165112 162285 151363 126178 114570 120018 122928 115753 100151 102162 95394.4 95071.9 105471 97098.3 93789.1 98291.2 93622.6 90400.7 99080.6 93570.1 89920.1 85955 92477.8 87715.7 84303.9 91361.7 88634.8 93427.9 89457.4 91490.3 90257.9 90579.6 91055.5 79926.9 86740.2 100331 81396.2 111481 96546.7 87051.2 97822.1 59270.4 82481.2 84243.2 90261.2 99622.5 109891 119462 127597 134107 139097 142803 145490 147403 148746 149677 150317 150754 151051 151251 151386 151476 151537 151577 151604 151622 151634 151642 151647 151651 151653 151655 151656 151656 151657 151657 151657 151657 151657 151657 151658 151658 151658 151658 151658 151658 151658 151658 151658 151658 151658 151658 151658 151658 151658 151658 151658 151658 151658 151658 151658 151658 151658 151658 151658 151658 151658 151658 151658 151658 151658 151658 151658 151658 151658 151658 151658 151658 151658 151658 151658 151658 151658 151658 151658 151658 151658 151658 151658 151658 151658 151658 151658 151658 151658 151658 151658 151658 151658 151658 151658 0 0 0 0 0 0 0 0 0 0 0 0 0 0 0 0 0 0 0 0 0 0 0 0 0
#obs catch bio
 0 87786.8 157216 204769 234035 288612 269380 291661 309192 288230 316205 283073 277291 247540 238000 218850 201232 167405 164835 154177 128470 116358 121780 124632 116916 101189 103576 96744.4 96244.5 107270 98722.4 95536.4 100289 94932.5 90938 99510.6 93825.7 90417.1 86072 92777.5 87679.8 83930.9 91350.4 88783.6 93563.1 89064.2 90920.6 90015 90111 90696.6 79509.3 86356.9 100332 80689.6 111234 96137.2 86504.9 97916.5
#pred cpue bio
 3.86539e+006 3.75343e+006 3.63215e+006 3.43638e+006 3.19858e+006 2.945e+006 2.65393e+006 2.40546e+006 2.15553e+006 1.90956e+006 1.70572e+006 1.48899e+006 1.31746e+006 1.1607e+006 1.03723e+006 924104 828534 746177 697323 647431 604850 587405 581261 566293 543956 525876 523930 519253 522343 526312 517786 517967 521373 517505 515171 512128 495682 486223 485333 492982 494417 500982 511584 514418 520827 521662 526292 527884 530419 532221 533210 547957 556261 548563 562438 541141 535394 540240 1.85425e+007 1.12388e+007 1.15279e+007 1.24068e+007 1.37612e+007 1.52548e+007 1.66635e+007 1.78818e+007 1.88792e+007 1.96658e+007 2.02708e+007 2.07279e+007 2.10696e+007 2.13232e+007 2.15108e+007 2.16497e+007 2.17525e+007 2.1829e+007 2.18861e+007 2.1929e+007 2.19613e+007 2.19859e+007 2.20046e+007 2.2019e+007 2.203e+007 2.20386e+007 2.20453e+007 2.20505e+007 2.20545e+007 2.20577e+007 2.20602e+007 2.20622e+007 2.20638e+007 2.2065e+007 2.2066e+007 2.20668e+007 2.20674e+007 2.20679e+007 2.20683e+007 2.20686e+007 2.20688e+007 2.2069e+007 2.20692e+007 2.20693e+007 2.20694e+007 2.20695e+007 2.20696e+007 2.20696e+007 2.20697e+007 2.20697e+007 2.20697e+007 2.20697e+007 2.20698e+007 2.20698e+007 2.20698e+007 2.20698e+007 2.20698e+007 2.20698e+007 2.20698e+007 2.20698e+007 2.20698e+007 2.20698e+007 2.20698e+007 2.20698e+007 2.20698e+007 2.20698e+007 2.20698e+007 2.20698e+007 2.20698e+007 2.20698e+007 2.20698e+007 2.20698e+007 2.20698e+007 2.20698e+007 2.20698e+007 2.20698e+007 2.20698e+007 2.20698e+007 2.20698e+007 2.20698e+007 2.20698e+007 2.20698e+007 2.20698e+007 2.20698e+007 2.20698e+007 2.20698e+007 2.20698e+007 2.20698e+007 2.20698e+007 2.20698e+007 2.20698e+007 2.20698e+007 2.20698e+007 2.20698e+007 2.20698e+007 2.20698e+007 2.20698e+007 2.20698e+007 2.20698e+007 2.20698e+007 0 0 0 0 0 0 0 0 0 0 0 0 0 0 0 0 0 0 0 0 0 0 0 0 0
#obs cpue bio
 3.88716e+006 2.47283e+006 3.62043e+006 2.30527e+006 3.71318e+006 2.99814e+006 2.43609e+006 2.79888e+006 2.08048e+006 1.66383e+006 1.4426e+006 1.14552e+006 983594 968248 912028 802209 994288 657722 503461 563878 372817 513069 592624 445734 535306 469242 389473 524316 511545 399172 492728 355089 432135 481070 487840 493207 433632 416535 531702 472103 746957 724037 613707 506913 481309 486277 566099 512769 523797 691154 561606 508203 487740 680756 574904 612770 701346 382578
#pred surv len freq
 0.005606 0.0089635 0.013232 0.0183098 0.0240356 0.0301353 0.0361784 0.0416584 0.0461773 0.0495854 0.0519728 0.0535555 0.0545651 0.055186 0.0555258 0.0556064 0.0553733 0.0547172 0.0534827 0.0514567 0.0483639 0.0439313 0.0380513 0.0309718 0.0233584
 0.0057287 0.00908297 0.0132696 0.0181577 0.023604 0.0294149 0.0352796 0.0407854 0.0455405 0.0492998 0.0520047 0.0537509 0.0547355 0.0552012 0.0553702 0.0553793 0.0552398 0.0548306 0.0539122 0.0521524 0.049178 0.0446856 0.0386131 0.0312974 0.0234859
 0.00600671 0.00950479 0.0138425 0.0188537 0.0243496 0.0300901 0.0357339 0.0408835 0.0452265 0.0486427 0.0511821 0.0529651 0.0541137 0.0547488 0.0550065 0.0550229 0.0548792 0.0545338 0.0537755 0.0522288 0.0494359 0.0450227 0.0389128 0.0314855 0.0235526
 0.00623302 0.00987852 0.0144146 0.0196713 0.0254409 0.0314398 0.0372577 0.0424191 0.0465564 0.0495502 0.0515225 0.0527193 0.0533918 0.0537348 0.0538756 0.0538842 0.0537771 0.0534913 0.0528304 0.0514312 0.0488157 0.0445665 0.0385725 0.0312102 0.0233152
 0.00647982 0.0102675 0.0149788 0.0204382 0.0264329 0.0326717 0.0387266 0.0440859 0.0483272 0.0512684 0.0529824 0.0537091 0.0537557 0.0534273 0.0529746 0.0525535 0.0522023 0.0518296 0.0511969 0.0499087 0.0474643 0.0434219 0.0376432 0.0304838 0.0227698
 0.00676245 0.0107105 0.0156152 0.021289 0.0275058 0.0339599 0.0402052 0.0457104 0.0500355 0.0529819 0.0546012 0.0551029 0.0547669 0.0538987 0.0527978 0.0517127 0.050786 0.0500028 0.0491529 0.0478279 0.0454932 0.0416675 0.0361726 0.0293251 0.021916
 0.00713489 0.011293 0.0164492 0.0223981 0.0288931 0.0356039 0.0420544 0.0476816 0.0520236 0.054878 0.0563073 0.056534 0.0558401 0.0545218 0.052871 0.0511526 0.0495632 0.0481722 0.0468568 0.0452698 0.0428968 0.0392374 0.034066 0.0276351 0.0206661
 0.00748746 0.0118446 0.0172396 0.0234512 0.0302151 0.0371804 0.0438441 0.0496128 0.0539988 0.056788 0.0580463 0.0580095 0.0569747 0.055247 0.053119 0.0508534 0.0486587 0.0466454 0.0447641 0.0427558 0.0401792 0.0365649 0.0316651 0.0256641 0.0191907
 0.00786314 0.012437 0.0180971 0.0246065 0.0316801 0.038939 0.0458427 0.0517572 0.0561657 0.0588459 0.0598761 0.0595151 0.0580841 0.0559074 0.0532885 0.0504932 0.0477314 0.0451283 0.0426776 0.0401946 0.0373254 0.0336673 0.0289857 0.023413 0.0174776
 0.00822923 0.0130193 0.0189497 0.0257717 0.0331814 0.0407704 0.0479555 0.0540539 0.0585094 0.061083 0.0618607 0.0611268 0.0592362 0.0565464 0.0533869 0.0500377 0.0467134 0.0435455 0.0405513 0.0375994 0.0344143 0.0306697 0.0261662 0.0210041 0.0156177
 0.00847186 0.0134134 0.0195429 0.0266098 0.0343023 0.0421925 0.0496639 0.0559919 0.0605806 0.0631638 0.0638163 0.0628259 0.0605634 0.0574128 0.0537335 0.049833 0.0459461 0.0422202 0.0386953 0.0352824 0.031771 0.0279044 0.0235244 0.0187131 0.0138251
 0.00882956 0.0139737 0.0203472 0.027684 0.0356552 0.0438121 0.051511 0.0579947 0.0626386 0.0651598 0.0656309 0.0643488 0.0617012 0.0580931 0.0539074 0.049474 0.0450472 0.0407927 0.0367738 0.0329394 0.0291348 0.0251645 0.0209096 0.0164395 0.0120372
 0.00905146 0.0143358 0.0208945 0.028459 0.0366895 0.0451136 0.0530509 0.0597039 0.0644184 0.0669014 0.0672319 0.0657205 0.0627691 0.0587947 0.0541922 0.0493043 0.0444005 0.0396652 0.0351882 0.0309573 0.0268697 0.0227854 0.01862 0.0144338 0.0104489
 0.00930099 0.0147287 0.0214627 0.0292258 0.0376681 0.0463041 0.0544329 0.0612299 0.0660128 0.0684679 0.0686672 0.0669291 0.0636749 0.0593463 0.0543595 0.0490716 0.0437603 0.0386188 0.0337539 0.0291848 0.0248547 0.020673 0.0165874 0.012651 0.00903393
 0.00950162 0.0150446 0.0219194 0.0298407 0.0384488 0.0472455 0.0555132 0.0624089 0.0672355 0.0696721 0.0697894 0.0679073 0.0644499 0.0598648 0.054579 0.0489631 0.0433083 0.0378207 0.0326237 0.0277627 0.0232189 0.0189431 0.0149113 0.0111727 0.0078549
 0.00963621 0.0152724 0.0222782 0.0303702 0.0391803 0.0481869 0.0566355 0.0636438 0.0684889 0.0708468 0.0708049 0.0687086 0.0650058 0.0601607 0.0546087 0.0487232 0.0427973 0.0370409 0.0315878 0.0265036 0.0217994 0.0174601 0.0134844 0.00991869 0.00685645
 0.00982642 0.0155602 0.0226727 0.0308695 0.0397769 0.0488755 0.057414 0.0645056 0.0694114 0.0717823 0.0716836 0.0694525 0.0655481 0.0604592 0.0546486 0.0485096 0.0423443 0.036365 0.0307089 0.0254524 0.0206275 0.0162443 0.0123197 0.00889755 0.00604413
 0.0100329 0.0158817 0.0231294 0.0314683 0.0405087 0.0497121 0.0583076 0.0653946 0.0702338 0.0724913 0.0722537 0.069873 0.0658103 0.0605501 0.0545534 0.04822 0.0418629 0.0357056 0.0298939 0.024514 0.0196116 0.0152131 0.0113469 0.00805354 0.00537738
 0.0100534 0.0159177 0.023189 0.0315623 0.0406502 0.0499145 0.058581 0.0657415 0.0706457 0.0729478 0.0727259 0.0703293 0.0662212 0.0608889 0.0547941 0.0483362 0.041831 0.0355108 0.0295362 0.0240111 0.0190004 0.0145476 0.0106907 0.00746778 0.00490567
 0.0101793 0.016107 0.0234454 0.0318792 0.0410131 0.0503054 0.0589814 0.0661337 0.0710128 0.0732753 0.0730018 0.0705442 0.0663679 0.0609619 0.0547893 0.0482492 0.041656 0.0352413 0.0291692 0.0235538 0.0184748 0.0139912 0.0101511 0.00699119 0.00452472
 0.0102897 0.0162789 0.0236896 0.0321991 0.0414032 0.050749 0.0594494 0.0665873 0.0714113 0.0735865 0.0732097 0.0706488 0.0663801 0.0608964 0.0546591 0.0480626 0.0414166 0.0349491 0.0288234 0.0231578 0.0180412 0.0135443 0.00972375 0.00661653 0.00422655
 0.0102992 0.0162814 0.0236703 0.032139 0.041287 0.0505766 0.0592439 0.0663919 0.0712757 0.073549 0.0732847 0.0708266 0.0666335 0.0611906 0.0549588 0.0483364 0.0416379 0.0350976 0.0288861 0.0231312 0.0179333 0.0133753 0.00952324 0.00641679 0.00405406
 0.0101906 0.0161195 0.0234533 0.0318733 0.0409835 0.0502459 0.0588956 0.0660396 0.0709445 0.0732785 0.0731231 0.0708153 0.066791 0.0615036 0.0553861 0.0488208 0.0421209 0.0355291 0.0292306 0.0233696 0.0180636 0.0134112 0.00949036 0.00634613 0.00397406
 0.0101274 0.0160275 0.0233348 0.0317373 0.0408434 0.0501148 0.0587816 0.0659436 0.0708608 0.0731986 0.0730429 0.0707421 0.0667455 0.0615133 0.0554721 0.048986 0.042346 0.0357792 0.0294662 0.0235581 0.0181864 0.0134663 0.00948999 0.00631088 0.00392536
 0.0103043 0.0162773 0.0236409 0.0320614 0.0411366 0.050336 0.0589114 0.0659852 0.0708301 0.0731114 0.0729078 0.0705623 0.0665268 0.0612714 0.0552336 0.0487814 0.0421984 0.0356947 0.029433 0.0235527 0.0181846 0.013452 0.00945869 0.00626784 0.00388014
 0.0105025 0.0165763 0.0240464 0.0325591 0.0416916 0.0508953 0.059409 0.0663534 0.0710164 0.0730966 0.0727113 0.070232 0.0661187 0.0608337 0.0548012 0.0483799 0.0418479 0.0354094 0.0292173 0.0233995 0.0180781 0.0133746 0.00939713 0.00621585 0.0038369
 0.0104909 0.0165639 0.0240395 0.032568 0.0417275 0.050966 0.0595139 0.0664808 0.0711445 0.0731986 0.0727639 0.0702237 0.0660544 0.0607317 0.054685 0.0482699 0.0417573 0.0353445 0.0291792 0.0233848 0.0180793 0.0133822 0.00940303 0.006216 0.00383161
 0.0105554 0.0166563 0.024156 0.0326979 0.0418575 0.0510863 0.059622 0.0665802 0.0712393 0.0732864 0.0728334 0.0702574 0.0660361 0.0606543 0.0545553 0.0481063 0.0415836 0.0351824 0.0290435 0.0232815 0.0180072 0.013335 0.00937293 0.00619607 0.00381747
 0.0105028 0.0165809 0.0240609 0.0325917 0.0417514 0.0509892 0.0595386 0.0665122 0.0711901 0.0732638 0.072848 0.0703156 0.0661341 0.0607762 0.0546787 0.0482113 0.04166 0.0352313 0.0290729 0.023301 0.0180233 0.0133501 0.00938624 0.00620613 0.00382357
 0.0104165 0.0164512 0.0238858 0.0323777 0.0415125 0.0507452 0.0593126 0.0663277 0.0710659 0.0732106 0.0728662 0.0703987 0.0662713 0.0609547 0.0548828 0.0484224 0.0418592 0.035404 0.0292124 0.023408 0.0181029 0.0134083 0.00942774 0.00623435 0.00384131
 0.0104393 0.0164891 0.0239445 0.0324618 0.041624 0.0508805 0.0594606 0.0664704 0.0711832 0.0732854 0.0728894 0.0703701 0.0661989 0.0608522 0.0547659 0.0483053 0.0417516 0.0353098 0.0291317 0.0233396 0.0180465 0.013364 0.00939541 0.00621265 0.00382795
 0.0102342 0.0161918 0.0235642 0.0320314 0.0411919 0.0504972 0.0591665 0.0662907 0.0711273 0.0733482 0.073053 0.0706077 0.06648 0.0611486 0.0550555 0.0485739 0.0419912 0.0355171 0.0293053 0.0234796 0.0181543 0.0134428 0.00944993 0.00624812 0.00384954
 0.00990149 0.0156916 0.0228886 0.0312036 0.0402645 0.0495446 0.0582783 0.0655615 0.0706406 0.0731569 0.0731653 0.0709882 0.0670632 0.061857 0.0558156 0.0493251 0.04269 0.0361362 0.029831 0.0239081 0.0184887 0.0136914 0.00962463 0.00636337 0.00392033
 0.00959792 0.0152297 0.0222531 0.0304033 0.0393319 0.048533 0.0572602 0.0646257 0.0698824 0.0726602 0.0729849 0.0711377 0.0675143 0.0625471 0.0566621 0.0502413 0.0435987 0.0369784 0.0305683 0.0245211 0.0189733 0.0140547 0.00988169 0.00653374 0.00402531
 0.00954399 0.0151089 0.0220113 0.0299734 0.0386542 0.0475869 0.0560899 0.0633429 0.0686411 0.0716163 0.0722614 0.0708065 0.0675926 0.0630029 0.0574235 0.0512103 0.044668 0.0380477 0.0315575 0.0253766 0.0196681 0.0145851 0.0102613 0.00678724 0.00418229
 0.0102962 0.0161605 0.023275 0.0312549 0.0396993 0.048162 0.0560537 0.0626778 0.0674436 0.0700655 0.0705801 0.0692195 0.0662864 0.0620955 0.0569535 0.0511451 0.0449244 0.0385173 0.0321298 0.0259572 0.0201898 0.0150102 0.0105785 0.00700483 0.00431928
 0.0111413 0.0174709 0.0251197 0.0336316 0.0425085 0.0511837 0.0589425 0.0650083 0.0688169 0.0702393 0.0695512 0.0672146 0.0636748 0.0592767 0.0542665 0.0488201 0.0430737 0.0371526 0.031194 0.0253588 0.0198318 0.0148088 0.0104712 0.00695014 0.00429244
 0.0110379 0.0174177 0.0252515 0.0341431 0.0436012 0.0529793 0.061401 0.0678956 0.0717406 0.0727385 0.0712101 0.0677677 0.0630743 0.0576961 0.0520382 0.0463314 0.0406667 0.0350613 0.0295291 0.0241288 0.0189807 0.0142533 0.0101276 0.00674829 0.00418001
 0.0106498 0.0168415 0.0244937 0.0332655 0.0427296 0.052301 0.0611447 0.0682793 0.0728881 0.0745965 0.0735169 0.0701075 0.0650015 0.0588761 0.0523409 0.0458456 0.0396381 0.033792 0.028283 0.0230763 0.0181902 0.0137159 0.00979298 0.00655597 0.00407742
 0.010373 0.0163975 0.0238393 0.0323716 0.0415964 0.0509804 0.0597615 0.0670356 0.0720349 0.0743715 0.0740645 0.0714105 0.0668574 0.0609389 0.0542248 0.0472473 0.0404239 0.0340096 0.0281045 0.0227094 0.0178033 0.0134044 0.0095847 0.00643674 0.00401838
 0.0103439 0.0163362 0.0237197 0.0321576 0.0412466 0.0504595 0.0590559 0.0661707 0.0710889 0.0734795 0.0734038 0.0711591 0.067132 0.0617371 0.0554029 0.0485573 0.0415988 0.0348577 0.0285634 0.022838 0.0177264 0.0132478 0.00943378 0.00632835 0.00395492
 0.0104253 0.0164406 0.0238244 0.0322221 0.0412204 0.0502958 0.0587247 0.0656661 0.0704315 0.0727188 0.0726211 0.070468 0.0666646 0.06161 0.055672 0.0491824 0.0424433 0.0357335 0.029301 0.0233432 0.0179963 0.013343 0.00943351 0.00629541 0.00392319
 0.010449 0.0164786 0.0238794 0.0322925 0.0412963 0.0503544 0.0587299 0.0655742 0.0702055 0.072344 0.0721172 0.0698907 0.0660989 0.0611573 0.0554278 0.0492074 0.0427365 0.0362236 0.0298681 0.0238646 0.0183901 0.0135876 0.00955515 0.00633986 0.00393119
 0.0103783 0.0163912 0.0237984 0.0322553 0.0413433 0.0505105 0.0589885 0.0658923 0.070513 0.0725625 0.0721815 0.0697673 0.0657982 0.0607345 0.0549724 0.0488198 0.0424977 0.0361685 0.0299746 0.0240668 0.0186095 0.0137652 0.00966761 0.0063943 0.00394872
 0.0101823 0.0160988 0.0234088 0.0317893 0.0408429 0.0500344 0.0586043 0.0656643 0.0704833 0.0727323 0.0725036 0.0701586 0.0661675 0.061014 0.0551385 0.0488963 0.0425399 0.0362358 0.0301037 0.0242571 0.0188296 0.0139726 0.00983057 0.00650223 0.00400919
 0.0101453 0.0160284 0.0232845 0.0315879 0.0405469 0.0496445 0.0581501 0.0652048 0.0700948 0.0724862 0.0724442 0.0702882 0.0664452 0.061369 0.0554947 0.0491979 0.0427679 0.0364058 0.0302486 0.0244045 0.0189871 0.0141288 0.00996627 0.00660389 0.00407461
 0.0101898 0.0160814 0.0233282 0.0315921 0.0404748 0.0494641 0.0578459 0.064787 0.0696019 0.0719821 0.072007 0.0699919 0.0663381 0.0614579 0.0557429 0.0495404 0.0431358 0.036749 0.0305451 0.024655 0.0192003 0.01431 0.0101141 0.00671532 0.00415004
 0.0101545 0.0160417 0.0232996 0.0315964 0.0405294 0.0495676 0.057969 0.0648765 0.0696005 0.0718536 0.0717546 0.0696599 0.065998 0.0611839 0.055588 0.049521 0.0432319 0.0369183 0.0307425 0.0248475 0.0193711 0.0144533 0.010229 0.00680201 0.00421019
 0.0101121 0.0159733 0.0231988 0.0314608 0.0403652 0.0493928 0.057813 0.0647714 0.0695647 0.0718788 0.0718056 0.0696924 0.065983 0.061124 0.0555156 0.0494798 0.0432549 0.0370135 0.0308938 0.025026 0.0195483 0.0146094 0.0103544 0.00689488 0.0042735
 0.0102097 0.0161055 0.0233488 0.0315965 0.0404473 0.0493902 0.0577155 0.0645947 0.0693456 0.0716622 0.0716291 0.0695733 0.0659144 0.0610839 0.0554827 0.0494481 0.043235 0.0370234 0.0309444 0.025114 0.0196584 0.0147222 0.0104541 0.00697286 0.00432827
 0.010274 0.0162105 0.0235061 0.0318129 0.0407188 0.0496944 0.0580086 0.0648194 0.0694498 0.0716207 0.071455 0.0693113 0.0656208 0.0608046 0.0552417 0.0492504 0.0430774 0.0369043 0.030866 0.0250776 0.0196596 0.0147497 0.0104938 0.00701242 0.00436031
 0.0101099 0.0159684 0.0231883 0.0314398 0.0403256 0.0493241 0.0577035 0.0646126 0.0693569 0.0716347 0.0715492 0.0694519 0.0657818 0.0609757 0.055425 0.0494498 0.0432913 0.0371244 0.0310822 0.0252814 0.0198444 0.0149103 0.0106255 0.00711289 0.00443048
 0.00998601 0.0157805 0.0229312 0.0311193 0.0399583 0.0489365 0.0573307 0.0642954 0.0691347 0.0715348 0.0715777 0.0695917 0.0659986 0.0612307 0.0556875 0.0497031 0.0435309 0.0373514 0.0312968 0.0254808 0.0200238 0.0150645 0.0107507 0.00720768 0.0044966
 0.0101176 0.0159694 0.0231689 0.0313811 0.0402102 0.0491447 0.0574713 0.0643576 0.0691199 0.0714541 0.0714487 0.0694343 0.0658305 0.0610639 0.0555273 0.0495519 0.0433917 0.0372298 0.0311996 0.0254125 0.0199846 0.0150497 0.0107527 0.00721846 0.00450959
 0.00997533 0.0157594 0.0228924 0.0310521 0.0398504 0.048776 0.0571112 0.0640209 0.0688238 0.0712215 0.0713064 0.0694051 0.065925 0.0612743 0.055829 0.0499092 0.0437676 0.0375934 0.0315302 0.0256997 0.0202246 0.0152428 0.0109012 0.00732617 0.00458237
 0.0101647 0.0160511 0.0233004 0.0315771 0.0404777 0.049474 0.0578289 0.0646885 0.0693608 0.0715535 0.0713844 0.0692201 0.0655112 0.0606997 0.0551757 0.049253 0.043163 0.0370704 0.0310992 0.025359 0.0199668 0.0150577 0.0107766 0.00724856 0.00453816
 0.00985169 0.0156164 0.0227837 0.0310622 0.0400701 0.0492641 0.0578611 0.064952 0.0698015 0.0720944 0.0719429 0.0697208 0.0658961 0.0609378 0.0552676 0.049227 0.0430631 0.036941 0.0309736 0.0252557 0.0198917 0.0150089 0.0107486 0.00723493 0.00453325
 0.0091074 0.0145116 0.02132 0.0293192 0.0381945 0.0474439 0.0562981 0.0638342 0.0692682 0.0721998 0.0726376 0.0708667 0.0673084 0.0624329 0.0566986 0.0504998 0.0441358 0.0378124 0.0316659 0.0257983 0.0203113 0.0153259 0.0109793 0.00739418 0.00463604
#obs surv len freq
 nan nan nan nan nan nan nan nan nan nan nan nan nan nan nan nan nan nan nan nan nan nan nan nan nan
 0.00448525 0.00734661 0.0111763 0.0159917 0.021691 0.0279647 0.0342771 0.0400072 0.0446864 0.0481508 0.05051 0.0520074 0.0529013 0.0534152 0.0537307 0.0539866 0.0542659 0.0545591 0.0546981 0.0542901 0.0527282 0.0493601 0.0438095 0.0362889 0.0276719
 0.00461799 0.00756488 0.0115089 0.016466 0.0223255 0.0287591 0.0352019 0.0410011 0.0456656 0.0490259 0.0512032 0.0524641 0.0530948 0.0533461 0.0534225 0.0534771 0.0535991 0.0537779 0.0538418 0.0533956 0.0518345 0.0485108 0.0430497 0.0356569 0.0271889
 0.00478011 0.00783032 0.011912 0.0170402 0.0230971 0.029737 0.0363658 0.0422965 0.0470074 0.0503117 0.0523287 0.0533363 0.0536429 0.0535295 0.0532334 0.0529391 0.0527588 0.0526959 0.0525851 0.0520351 0.0504456 0.0471743 0.0418458 0.034652 0.0264194
 0.00496273 0.00812993 0.0123681 0.0176914 0.0239742 0.0308512 0.0376971 0.0437883 0.0485736 0.0518506 0.0537363 0.0545146 0.0545045 0.0540036 0.0532734 0.0525289 0.0519159 0.0514699 0.0510521 0.0502933 0.0486107 0.0453736 0.0402045 0.0332725 0.0253592
 0.0051712 0.00847014 0.0128826 0.0184212 0.0249513 0.0320869 0.0391695 0.0454371 0.050308 0.0535647 0.0553246 0.0558801 0.0555611 0.0546766 0.0535012 0.0522683 0.0511499 0.0502161 0.0493694 0.0482842 0.0464183 0.0431687 0.0381623 0.0315385 0.0240181
 0.0054091 0.00885729 0.0134661 0.019245 0.0260483 0.0334659 0.0408017 0.0472519 0.0522024 0.0554234 0.0570373 0.057351 0.05671 0.0554357 0.0538124 0.0520829 0.0504336 0.0489599 0.0476054 0.0461001 0.0439631 0.040642 0.0357813 0.0294921 0.0224225
 0.00564603 0.00924853 0.014066 0.0201078 0.0272167 0.0349542 0.0425781 0.0492334 0.0542683 0.0574396 0.0588792 0.0589159 0.0579184 0.0562273 0.0541398 0.0519061 0.0497192 0.0476894 0.0457924 0.0438136 0.0413441 0.037899 0.0331581 0.0272109 0.0206279
 0.0058836 0.00963814 0.014659 0.0209551 0.02836 0.0364115 0.044328 0.0512069 0.0563562 0.0595109 0.0608018 0.0605712 0.0592105 0.0570852 0.0545144 0.0517626 0.0490319 0.0464426 0.043995 0.0415228 0.0386886 0.0350835 0.030434 0.0248175 0.0187291
 0.00613243 0.0100442 0.0152732 0.0218258 0.0295244 0.0378813 0.0460748 0.0531571 0.0584011 0.0615273 0.0626698 0.0621847 0.06048 0.0579387 0.0548968 0.0516342 0.0483653 0.0452239 0.042233 0.0392702 0.0360652 0.0322845 0.0277065 0.0224041 0.0168015
 0.00637371 0.0104425 0.0158834 0.0227024 0.0307098 0.0393881 0.0478682 0.0551503 0.0604693 0.0635335 0.0644892 0.0637166 0.0616494 0.0586913 0.0551933 0.0514448 0.0476672 0.0440038 0.0404987 0.0370697 0.0335096 0.0295574 0.0250431 0.0200393 0.0149055
 0.00661506 0.0108361 0.0164784 0.0235458 0.0318381 0.0408137 0.0495642 0.0570436 0.0624485 0.0654683 0.0662512 0.0651957 0.0627617 0.0593814 0.0554293 0.0512104 0.0469538 0.0428086 0.0388335 0.03498 0.0310966 0.0269884 0.0225346 0.0178092 0.0131136
 0.00684616 0.0112172 0.0170616 0.024382 0.0329661 0.0422426 0.0512573 0.0589144 0.0643747 0.0673173 0.0679027 0.0665525 0.0637523 0.0599579 0.055565 0.0508949 0.0461879 0.0416015 0.0372069 0.0329825 0.0288231 0.0245898 0.0202049 0.0157436 0.0114553
 0.00705225 0.0115532 0.0175692 0.0251014 0.0339288 0.0434601 0.0527081 0.0605372 0.0660746 0.0689809 0.0694163 0.0678163 0.0646889 0.0605151 0.0557141 0.0506257 0.0455031 0.0405137 0.0357424 0.0311916 0.0267948 0.0224596 0.0181425 0.0139186 0.00999154
 0.00726423 0.0119022 0.0181023 0.0258633 0.0349517 0.0447473 0.0542195 0.0621866 0.0677451 0.0705504 0.0707792 0.068893 0.0654258 0.0608809 0.0556957 0.0502244 0.0447308 0.0393911 0.0343016 0.0294848 0.0249055 0.0205085 0.0162768 0.0122823 0.00868718
 0.00746354 0.0122272 0.018593 0.0265576 0.0358775 0.0459107 0.0555915 0.0636977 0.0692929 0.0720182 0.072056 0.0698898 0.0660829 0.0611694 0.0556119 0.0497822 0.0439538 0.038309 0.032952 0.0279209 0.0232049 0.0187773 0.0146402 0.0108595 0.0075606
 0.00753283 0.0123498 0.0187966 0.0268752 0.0363419 0.0465448 0.0563974 0.0646523 0.0703494 0.0731128 0.0731156 0.0708376 0.066846 0.0616859 0.0558387 0.049698 0.0435581 0.0376191 0.0320006 0.0267581 0.0219023 0.0174291 0.0133539 0.00973565 0.0066684
 0.00760592 0.0124578 0.0189401 0.0270507 0.0365473 0.0467858 0.0566912 0.0650231 0.070818 0.0736846 0.0737722 0.0715368 0.0675273 0.0622805 0.0562794 0.0499287 0.0435412 0.0373397 0.0314687 0.0260089 0.0209967 0.0164496 0.0123948 0.00888456 0.0059863
 0.00766036 0.0125411 0.0190551 0.0271957 0.0367151 0.0469649 0.0568682 0.0651885 0.0709735 0.0738475 0.0739717 0.0718002 0.0678638 0.0626701 0.0566737 0.0502622 0.0437473 0.0373658 0.0312876 0.0256252 0.0204474 0.0157993 0.0117234 0.00826922 0.00548308
 0.00772104 0.0126328 0.0191802 0.0273514 0.0368939 0.0471555 0.0570564 0.0653587 0.0711115 0.0739463 0.0740363 0.0718494 0.0679247 0.062767 0.0568144 0.0504291 0.043899 0.0374487 0.0312534 0.0254474 0.0201314 0.0153821 0.0112638 0.00783056 0.00511481
 0.00774971 0.0126753 0.0192365 0.0274184 0.0369666 0.0472277 0.0571226 0.0654142 0.071154 0.0739762 0.0740571 0.0718682 0.067952 0.062815 0.0568934 0.0505405 0.0440291 0.0375674 0.0313209 0.0254282 0.0200091 0.0151679 0.0109931 0.00755022 0.00486688
 0.00781002 0.0127664 0.0193602 0.0275714 0.0371401 0.0474087 0.057295 0.0655607 0.0712588 0.0740296 0.074058 0.0718243 0.0678779 0.0627286 0.0568125 0.0504791 0.0439926 0.0375489 0.0313012 0.0253818 0.0199156 0.0150223 0.0108095 0.00735605 0.00469103
 0.00783828 0.0128122 0.0194287 0.0276664 0.0372624 0.047554 0.057452 0.0657122 0.0713858 0.0741161 0.0740961 0.0718147 0.0678284 0.062652 0.0567235 0.0503919 0.0439177 0.03749 0.0312528 0.025331 0.0198476 0.0149286 0.0106929 0.00723041 0.00457416
 0.00787403 0.0128631 0.0194922 0.0277361 0.0373307 0.0476156 0.0575064 0.0657625 0.0714354 0.074165 0.0741392 0.0718442 0.0678374 0.0626375 0.0566882 0.0503429 0.0438639 0.0374386 0.0312063 0.0252863 0.0197976 0.0148672 0.0106195 0.00715106 0.00449898
 0.00789268 0.0128937 0.0195381 0.0277995 0.0374108 0.0477069 0.0575977 0.0658399 0.0714874 0.0741874 0.0741368 0.0718265 0.0678128 0.0626098 0.0566567 0.050306 0.0438216 0.0373931 0.0311604 0.025241 0.0197515 0.014818 0.0105665 0.00709683 0.00444862
 0.00788386 0.0128781 0.0195128 0.0277617 0.0373597 0.0476454 0.0575335 0.0657837 0.0714493 0.0741729 0.0741455 0.0718544 0.0678551 0.0626626 0.0567161 0.0503671 0.043879 0.0374419 0.0311976 0.0252652 0.0197625 0.0148163 0.0105538 0.00707653 0.00442548
 0.00788963 0.012882 0.0195086 0.0277405 0.0373121 0.0475659 0.0574241 0.0656555 0.0713197 0.0740619 0.07407 0.0718242 0.0678715 0.0627189 0.0568012 0.0504687 0.0439853 0.0375432 0.0312865 0.0253368 0.0198147 0.0148491 0.0105697 0.00707955 0.0044206
 0.0078874 0.0128765 0.0194964 0.0277167 0.0372708 0.0475013 0.0573325 0.0655372 0.0711814 0.0739171 0.0739377 0.0717248 0.0678213 0.0627256 0.0568619 0.0505717 0.0441143 0.0376811 0.0314185 0.0254522 0.0199072 0.0149166 0.0106137 0.00710438 0.00443178
 0.00787153 0.0128511 0.019459 0.0276651 0.0372036 0.0474182 0.0572348 0.0654284 0.0710665 0.0738026 0.0738317 0.0716372 0.0677634 0.062708 0.0568912 0.0506476 0.0442287 0.0378198 0.0315647 0.0255903 0.0200257 0.0150093 0.0106795 0.00714645 0.0044556
 0.00786945 0.0128428 0.0194376 0.0276216 0.0371296 0.04731 0.0570968 0.065273 0.0709108 0.0736629 0.07372 0.0715601 0.0677235 0.0627062 0.056928 0.0507223 0.0443378 0.0379553 0.0317143 0.0257396 0.0201609 0.0151208 0.0107632 0.00720329 0.0044904
 0.00783957 0.0127978 0.0193763 0.0275445 0.0370378 0.0472039 0.0569761 0.0651384 0.0707669 0.0735202 0.0735935 0.0714657 0.0676732 0.0627053 0.0569753 0.0508118 0.0444614 0.0381034 0.0318758 0.0259018 0.0203112 0.0152486 0.0108626 0.00727357 0.00453537
 0.00783904 0.0127886 0.0193476 0.0274821 0.0369291 0.0470448 0.056776 0.0649192 0.0705557 0.0733401 0.0734586 0.0713814 0.0676403 0.0627228 0.0570407 0.0509205 0.0446056 0.0382726 0.0320576 0.0260831 0.0204792 0.015393 0.0109767 0.00735611 0.00458961
 0.00780002 0.012731 0.0192712 0.027389 0.0368216 0.0469224 0.0566349 0.0647559 0.0703728 0.0731506 0.0732848 0.0712483 0.0675671 0.0627176 0.0571011 0.0510368 0.0447647 0.0384603 0.0322592 0.026284 0.0206657 0.0155538 0.011105 0.00744997 0.00465224
 0.00775822 0.01266 0.0191592 0.0272252 0.0366001 0.0466484 0.0563282 0.0644481 0.0700982 0.0729353 0.0731412 0.0711779 0.0675671 0.062785 0.0572318 0.0512237 0.0449958 0.0387195 0.0325285 0.0265455 0.0209038 0.0157565 0.0112653 0.00756697 0.00473043
 0.00774969 0.0126434 0.019129 0.0271734 0.0365176 0.0465268 0.0561631 0.0642426 0.0698653 0.0726973 0.0729256 0.0710104 0.0674649 0.0627549 0.0572718 0.0513264 0.0451507 0.0389134 0.0327458 0.0267687 0.0211156 0.0159424 0.0114158 0.00767896 0.00480649
 0.00934053 0.0148715 0.0218207 0.029946 0.0388904 0.0480984 0.0567519 0.0639128 0.0688459 0.071264 0.0713153 0.0693903 0.0659398 0.0613848 0.0560868 0.050336 0.0443502 0.0382893 0.0322786 0.0264357 0.0208916 0.0158019 0.0113347 0.00763646 0.00478673
 0.00929441 0.0150937 0.0226793 0.0319004 0.0422919 0.0529209 0.0624203 0.0693972 0.0730283 0.0733801 0.0712059 0.0674445 0.062824 0.0577572 0.0524345 0.0469476 0.0413635 0.0357516 0.0301902 0.0247724 0.0196159 0.0148659 0.0106833 0.00721014 0.00452669
 0.00898112 0.0145944 0.0219684 0.0310184 0.0414017 0.0523484 0.0626184 0.0707841 0.0757385 0.0770766 0.0751202 0.0706696 0.0646944 0.0580809 0.0514644 0.0451699 0.0392669 0.0336936 0.0283724 0.0232774 0.018454 0.0140097 0.010087 0.00682026 0.00428929
 0.00880197 0.0143009 0.0215225 0.0303848 0.040561 0.0513231 0.0615102 0.0698043 0.0751979 0.0773033 0.076311 0.0727428 0.0672495 0.0605268 0.0532609 0.0460374 0.0392456 0.0330459 0.0274241 0.0222943 0.0175958 0.0133411 0.00961027 0.00650649 0.00409845
 0.00874105 0.0141909 0.0213364 0.0300898 0.0401249 0.0507257 0.0607575 0.0689416 0.0743203 0.0765613 0.0758991 0.0728537 0.0679909 0.0618366 0.0548841 0.0476054 0.0404246 0.0336667 0.0275165 0.0220243 0.0171634 0.0129028 0.00925171 0.00625258 0.0039383
 0.00869437 0.014117 0.0212281 0.0299394 0.0399228 0.0504597 0.0604139 0.0685113 0.0738081 0.0759975 0.0753507 0.0724266 0.0678138 0.0620196 0.0554618 0.0484946 0.0414344 0.034569 0.0281399 0.0223147 0.0171785 0.0127573 0.00905615 0.00607807 0.00381293
 0.00868429 0.014096 0.0211881 0.0298702 0.0398148 0.050307 0.0602171 0.0682757 0.0735402 0.0757024 0.0750355 0.0721107 0.0675403 0.0618562 0.0554828 0.0487454 0.0418966 0.0351512 0.0287091 0.0227529 0.0174294 0.0128362 0.0090232 0.00599957 0.00373513
 0.00867965 0.0140902 0.0211822 0.0298653 0.0398097 0.050297 0.0601928 0.0682249 0.073452 0.0755713 0.0748632 0.0719064 0.0673215 0.0616513 0.0553325 0.0486957 0.0419803 0.0353661 0.0290092 0.0230633 0.0176791 0.0129879 0.00908085 0.00599442 0.00370316
 0.00867839 0.0140883 0.0211798 0.0298626 0.0398077 0.0502965 0.0601942 0.0682267 0.0734493 0.0755555 0.0748239 0.0718352 0.0672164 0.0615206 0.0551961 0.0485829 0.0419232 0.0353873 0.0291088 0.0232151 0.0178404 0.0131189 0.00916129 0.00602684 0.00370419
 0.00867543 0.0140838 0.0211734 0.0298544 0.039798 0.050286 0.0601839 0.0682179 0.073443 0.0755514 0.0748193 0.0718247 0.067193 0.061479 0.0551366 0.0485148 0.041864 0.0353574 0.0291223 0.0232716 0.0179241 0.0132056 0.00923009 0.00606862 0.00372179
 0.00867067 0.014077 0.021165 0.0298454 0.0397895 0.0502791 0.0601791 0.0682152 0.073442 0.0755516 0.0748201 0.0718248 0.06719 0.0614695 0.0551175 0.0484858 0.0418299 0.035328 0.0291093 0.0232824 0.0179573 0.0132513 0.00927499 0.00610276 0.00374191
 0.0086473 0.0140418 0.0211173 0.0297867 0.0397235 0.0502108 0.060115 0.068162 0.0734056 0.0755359 0.0748257 0.071849 0.0672278 0.0615144 0.0551629 0.0485262 0.0418625 0.0353539 0.0291329 0.0233094 0.0179906 0.0132893 0.00931244 0.00613379 0.00376331
 0.00862404 0.0140025 0.0210559 0.0296973 0.0396031 0.0500626 0.05995 0.0679993 0.0732676 0.0754415 0.0747857 0.0718645 0.0672915 0.0616139 0.0552835 0.0486538 0.0419855 0.035465 0.0292292 0.0233914 0.0180607 0.0133489 0.00936153 0.00617151 0.00378948
 0.00861694 0.013989 0.0210317 0.0296571 0.0395412 0.0499748 0.0598362 0.0678649 0.0731238 0.0753048 0.0746746 0.071795 0.0672733 0.0616478 0.0553619 0.0487631 0.0421102 0.0355908 0.0293458 0.0234932 0.0181456 0.0134173 0.00941451 0.0062104 0.00381598
 0.00862543 0.014003 0.0210529 0.0296863 0.0395773 0.0500133 0.0598686 0.0678796 0.0731101 0.0752567 0.0745945 0.0716942 0.0671694 0.0615591 0.0553025 0.0487393 0.04212 0.0356259 0.0293954 0.0235472 0.0181967 0.0134614 0.00944991 0.00623693 0.0038344
 0.00862543 0.014003 0.0210529 0.0296863 0.0395773 0.0500133 0.0598686 0.0678796 0.0731101 0.0752567 0.0745945 0.0716942 0.0671694 0.0615591 0.0553025 0.0487393 0.04212 0.0356259 0.0293954 0.0235472 0.0181967 0.0134614 0.00944991 0.00623693 0.0038344
 0.00856866 0.0139162 0.0209327 0.0295344 0.0394004 0.0498235 0.0596827 0.0677169 0.0729881 0.0751858 0.0745756 0.0717202 0.0672296 0.0616445 0.0554076 0.0488614 0.042256 0.0357707 0.029541 0.0236842 0.018317 0.0135597 0.00952465 0.00628973 0.00386889
 0.0085124 0.013823 0.0207899 0.0293305 0.0391301 0.0494934 0.059316 0.0673525 0.0726722 0.0749596 0.074464 0.071728 0.0673436 0.0618399 0.0556559 0.0491367 0.0425381 0.036045 0.0297965 0.0239123 0.0185109 0.0137152 0.0096415 0.00637128 0.00392145
 0.00858741 0.0139354 0.0209406 0.029512 0.0393258 0.0496789 0.0594614 0.0674279 0.0726562 0.0748483 0.0742747 0.0714942 0.0671045 0.0616286 0.0554927 0.0490277 0.0424797 0.0360279 0.0298099 0.0239454 0.0185539 0.0137597 0.00968114 0.00640256 0.0039435
 0.00850384 0.0138171 0.0207951 0.0293571 0.0391844 0.0495701 0.0593937 0.0673974 0.0726498 0.07485 0.0742721 0.0714828 0.067089 0.0616207 0.0555059 0.049072 0.0425571 0.0361329 0.0299318 0.0240716 0.0186728 0.0138627 0.00976336 0.00646284 0.0039839
 0.00868693 0.0140929 0.0211692 0.0298204 0.0397149 0.0501379 0.0599625 0.0679243 0.0730859 0.0751457 0.0743864 0.0713947 0.0668052 0.0611766 0.0549585 0.0484863 0.0419924 0.0356324 0.0295191 0.0237525 0.0184405 0.0137035 0.00966077 0.00640103 0.00394929
 0.00861555 0.0140027 0.0210809 0.0297677 0.0397343 0.0502524 0.06017 0.0681978 0.0733857 0.0754338 0.0746345 0.0715824 0.0669156 0.0611964 0.0548835 0.0483274 0.0417763 0.0353944 0.0292927 0.0235616 0.0182957 0.0136038 0.00959837 0.00636551 0.00393098
 0.00851474 0.0138344 0.0208218 0.0294 0.0392578 0.0496982 0.0596077 0.0677244 0.0730951 0.0753821 0.0748206 0.0719551 0.067397 0.0617077 0.0553605 0.0487277 0.0420805 0.0356043 0.0294257 0.0236419 0.0183454 0.0136383 0.00962513 0.00638682 0.00394703
#pred catch len freq
 0.00457651 0.00723397 0.0105366 0.0143964 0.0187563 0.0235718 0.0287394 0.0340612 0.039284 0.0441661 0.0485195 0.0522234 0.055228 0.057541 0.0591952 0.0602113 0.0605773 0.0602418 0.059103 0.0569823 0.0536164 0.0487296 0.0422188 0.0343684 0.0259217
 0.00467885 0.00733937 0.010587 0.0143117 0.0184703 0.0230796 0.0281259 0.0334802 0.0388887 0.0440298 0.0485948 0.0523679 0.0552771 0.0573901 0.0588513 0.0597943 0.0602711 0.060215 0.0594312 0.057611 0.0543845 0.0494434 0.0427356 0.0346432 0.0259981
 0.00494665 0.00774159 0.0111257 0.0149539 0.0191419 0.0236682 0.0284986 0.033525 0.0385695 0.0434218 0.0478642 0.0516921 0.0547555 0.0570068 0.058516 0.0594291 0.0598782 0.0598811 0.0592696 0.0576839 0.0546581 0.0498055 0.0430577 0.0348435 0.026066
 0.00518179 0.00811906 0.0116844 0.0157251 0.0201403 0.0248756 0.0298446 0.0348752 0.039738 0.0442149 0.0481454 0.0514379 0.054065 0.0560519 0.0574605 0.0583719 0.0588571 0.0589176 0.0584057 0.0569745 0.0541345 0.0494483 0.0428086 0.0346419 0.0258803
 0.00543639 0.0085147 0.012248 0.0164757 0.0210929 0.0260443 0.031235 0.0364653 0.0414531 0.0459116 0.0496195 0.0524671 0.054477 0.0557861 0.0565871 0.0570548 0.0572868 0.0572578 0.0567768 0.0554639 0.0528041 0.0483323 0.0419107 0.0339437 0.0253555
 0.0057482 0.00899583 0.012925 0.0173591 0.0221805 0.0273259 0.032694 0.0380755 0.0431741 0.0476799 0.0513368 0.0539896 0.0556223 0.0563688 0.056476 0.0562232 0.0558258 0.0553455 0.0546242 0.0532682 0.0507248 0.0464845 0.0403647 0.0327276 0.0244601
 0.006105 0.00954778 0.0137043 0.0183797 0.0234401 0.0288091 0.0343702 0.0398955 0.0450691 0.0495679 0.0531277 0.0555862 0.0569141 0.0572282 0.0567673 0.0558338 0.0547095 0.053555 0.0523131 0.0506589 0.0480609 0.0439865 0.0381997 0.0309923 0.0231781
 0.00648494 0.0101337 0.0145282 0.0194535 0.0247591 0.0303567 0.0361167 0.0417922 0.0470454 0.0515337 0.0549821 0.0572263 0.0582413 0.0581478 0.0571848 0.0556555 0.0538591 0.0520069 0.0501269 0.0479942 0.0451588 0.0411221 0.035622 0.028875 0.021593
 0.00690096 0.0107785 0.0154406 0.0206511 0.0262398 0.0321001 0.038081 0.0439097 0.0492228 0.053661 0.0569443 0.058914 0.0595581 0.0590126 0.0575295 0.0554195 0.0529888 0.0504701 0.0479429 0.0452673 0.0420918 0.0379915 0.0327189 0.0264322 0.0197328
 0.00728235 0.0113753 0.0162967 0.0217951 0.0276846 0.0338409 0.0400882 0.0461194 0.0515355 0.055949 0.0590669 0.060735 0.0609609 0.0599092 0.0578606 0.0551465 0.0520853 0.048923 0.0457706 0.0425511 0.0390016 0.0347824 0.0296851 0.0238324 0.0177221
 0.00762031 0.011905 0.0170587 0.0228175 0.0289837 0.0354199 0.0419302 0.0481783 0.0537313 0.0581703 0.0611808 0.0626005 0.0624453 0.0609034 0.0582873 0.05496 0.0512651 0.0474694 0.0437121 0.0399655 0.0360411 0.0316785 0.0267158 0.0212554 0.0157046
 0.00799722 0.0124879 0.0178814 0.0238957 0.030318 0.0369995 0.043731 0.0501555 0.0558133 0.0602597 0.0631603 0.0643444 0.063832 0.0618282 0.0586713 0.0547531 0.050445 0.0460396 0.041707 0.0374652 0.0331897 0.0286901 0.0238485 0.0187536 0.0137328
 0.0082857 0.012943 0.0185413 0.024788 0.0314581 0.0383858 0.0453383 0.0519302 0.0576765 0.0621164 0.06491 0.0658878 0.0650751 0.0626862 0.0590726 0.0546438 0.0497915 0.0448329 0.0399706 0.0352683 0.0306617 0.0260233 0.0212752 0.0164954 0.0119425
 0.00855788 0.0133654 0.0191408 0.0255803 0.0324495 0.0395761 0.0467169 0.0534677 0.0593169 0.0637764 0.066487 0.0672744 0.0661751 0.0634247 0.0593977 0.0545215 0.0492015 0.0437692 0.0384502 0.0333467 0.028448 0.0236835 0.0190117 0.0145033 0.0103577
 0.00881727 0.0137653 0.0197027 0.0263114 0.033345 0.0406223 0.0478912 0.0547367 0.0606352 0.0650886 0.0677294 0.0683775 0.0670671 0.0640385 0.059678 0.0544298 0.0487162 0.042885 0.037182 0.03174 0.0265922 0.0217161 0.0171025 0.0128176 0.00901244
 0.00899063 0.014046 0.020123 0.0269005 0.0341236 0.0415937 0.0490319 0.0559926 0.0619291 0.0663343 0.068847 0.0693025 0.0677528 0.0644531 0.0598002 0.0542452 0.0482158 0.0420677 0.0360606 0.030352 0.0250103 0.0200518 0.0154941 0.0114 0.00788143
 0.00921425 0.0143822 0.0205798 0.0274715 0.0347957 0.0423575 0.0498846 0.0569305 0.0629328 0.0673579 0.0698185 0.0701382 0.0683773 0.0648153 0.0598779 0.0540379 0.0477342 0.0413273 0.0350823 0.0291705 0.0236849 0.0186714 0.0141682 0.0102355 0.00695394
 0.0093679 0.014622 0.0209218 0.0279233 0.0353552 0.0430117 0.0506091 0.0576923 0.0636967 0.0680934 0.0705002 0.0707389 0.0688616 0.0651406 0.0600032 0.0539352 0.0473946 0.0407594 0.0343086 0.0282274 0.0226262 0.0175707 0.013113 0.00930988 0.00621719
