SBPRF35
10.3115
Curr Bio
560381
B35
759992
F35
0.184797
FOFL
0.126739
OFL
55326.7
Bzero
2.94614e+006
#pred survey bio
 4.25303e+006 4.04693e+006 3.85813e+006 3.60566e+006 3.3398e+006 3.05155e+006 2.75065e+006 2.4636e+006 2.15932e+006 1.88807e+006 1.65713e+006 1.46227e+006 1.28983e+006 1.14346e+006 1.03091e+006 920207 820810 750745 707287 674145 641849 619352 601197 578303 575956 562227 560488 550954 556828 547655 550904 552969 558871 558647 551196 546473 532026 525226 519987 524476 531320 535509 540508 546207 553951 553026 563030 559122 552555 554073 550048 562638 589392 557030 577322 590004 589362 565932 1.88372e+007 1.14862e+007 1.20196e+007 1.31569e+007 1.4648e+007 1.62217e+007 1.76908e+007 1.89598e+007 2e+007 2.08225e+007 2.14568e+007 2.19375e+007 2.22978e+007 2.2566e+007 2.2765e+007 2.29125e+007 2.3022e+007 2.31036e+007 2.31645e+007 2.32104e+007 2.3245e+007 2.32713e+007 2.32914e+007 2.33068e+007 2.33187e+007 2.33279e+007 2.33351e+007 2.33407e+007 2.3345e+007 2.33485e+007 2.33512e+007 2.33533e+007 2.3355e+007 2.33564e+007 2.33574e+007 2.33583e+007 2.33589e+007 2.33595e+007 2.33599e+007 2.33602e+007 2.33605e+007 2.33607e+007 2.33609e+007 2.33611e+007 2.33612e+007 2.33613e+007 2.33613e+007 2.33614e+007 2.33614e+007 2.33615e+007 2.33615e+007 2.33615e+007 2.33615e+007 2.33616e+007 2.33616e+007 2.33616e+007 2.33616e+007 2.33616e+007 2.33616e+007 2.33616e+007 2.33616e+007 2.33616e+007 2.33616e+007 2.33616e+007 2.33616e+007 2.33616e+007 2.33616e+007 2.33616e+007 2.33616e+007 2.33616e+007 2.33616e+007 2.33616e+007 2.33616e+007 2.33616e+007 2.33616e+007 2.33616e+007 2.33616e+007 2.33616e+007 2.33616e+007 2.33616e+007 2.33616e+007 2.33616e+007 2.33616e+007 2.33616e+007 2.33616e+007 2.33616e+007 2.33616e+007 2.33616e+007 2.33616e+007 2.33616e+007 2.33616e+007 2.33616e+007 2.33616e+007 2.33616e+007 2.33616e+007 2.33616e+007 2.33616e+007 2.33616e+007 2.33616e+007 2.33616e+007 0 0 0 0 0 0 0 0 0 0 0 0 0 0 0 0 0 0 0 0 0 0 0 0 0
#obs survey bio
 4.54678e+006 4.36036e+006 3.7916e+006 2.69132e+006 3.74364e+006 2.60376e+006 2.96724e+006 2.00641e+006 1.81969e+006 1.81755e+006 1.10071e+006 1.45831e+006 850598 1.02404e+006 948226 1.19642e+006 639056 495241 600182 720084 504043 541690 573221 591596 503342 557635 645945 500233 463789 536085 607825 483376 592632 456340 558995 711644 703625 625766 509333 718781 583157 602115 602833 598102 463122 581432 531802 772187 578925 619669 623586 695088 568576 619250 488419 590548 744671 511746
#pred catch bio
 104864 97872.2 168880 198608 240058 274961 285909 323728 313301 293252 274088 263759 246983 221304 221088 209898 182586 158437 148125 145024 134311 128253 128985 109286 117025 104881 109527 95342.7 106676 94157.7 93585.2 88968.1 92488.7 95711.5 90029 96450.1 90958.5 91925.7 85240.5 84057.6 86588 86280.3 86498.5 85932.6 93963.1 85141.3 96851.5 98238.2 91224 96119.7 82685.4 72547.9 122154 77201.1 85357 96402.3 112962 111225 55326.7 79714.6 82216.7 88769.4 98484.4 109042 118869 127232 133940 139099 142946 145747 147751 149163 150148 150828 151295 151613 151829 151975 152074 152140 152185 152215 152235 152248 152257 152263 152267 152270 152271 152273 152273 152274 152274 152274 152275 152275 152275 152275 152275 152275 152275 152275 152275 152275 152275 152275 152275 152275 152275 152275 152275 152275 152275 152275 152275 152275 152275 152275 152275 152275 152275 152275 152275 152275 152275 152275 152275 152275 152275 152275 152275 152275 152275 152275 152275 152275 152275 152275 152275 152275 152275 152275 152275 152275 152275 152275 152275 152275 152275 152275 152275 152275 152275 152275 152275 152275 152275 152275 0 0 0 0 0 0 0 0 0 0 0 0 0 0 0 0 0 0 0 0 0 0 0 0 0
#obs catch bio
 0 97377.4 169340 198875 240558 276215 287163 326422 316173 296251 277804 268532 251910 225473 225627 213594 186354 161939 151490 147937 137377 131463 132075 110868 119561 106563 111299 96362.7 108941 95484 94433.3 89777.7 93228.4 96904.2 90585.4 96975.1 90930.4 91744.6 84863.2 83569 85925.2 85662.5 85998 85588.3 93967.1 84852.7 96462.1 97413.6 90730.3 95898.6 82660.1 71908.3 122840 76780.1 85235.9 96160.7 112493 111269
#pred cpue bio
 4.19237e+006 3.98952e+006 3.80339e+006 3.55242e+006 3.28752e+006 3.00039e+006 2.70077e+006 2.41505e+006 2.11267e+006 1.84325e+006 1.61386e+006 1.42032e+006 1.24939e+006 1.10453e+006 993182 884126 786529 717741 675108 642889 611636 589846 572458 550659 548654 535576 534193 525276 531140 522527 526151 528615 534705 534896 528265 524325 510086 502402 496523 500862 507836 512093 516902 522280 529637 528676 538477 534837 528487 529859 525837 538069 564218 532759 552244 564698 564379 542014 1.80571e+007 1.10282e+007 1.14203e+007 1.23842e+007 1.38061e+007 1.5361e+007 1.68258e+007 1.80938e+007 1.91339e+007 1.99564e+007 2.05906e+007 2.10714e+007 2.14317e+007 2.16999e+007 2.18988e+007 2.20463e+007 2.21558e+007 2.22374e+007 2.22984e+007 2.23442e+007 2.23788e+007 2.24051e+007 2.24252e+007 2.24406e+007 2.24525e+007 2.24618e+007 2.24689e+007 2.24745e+007 2.24789e+007 2.24823e+007 2.2485e+007 2.24872e+007 2.24888e+007 2.24902e+007 2.24912e+007 2.24921e+007 2.24928e+007 2.24933e+007 2.24937e+007 2.24941e+007 2.24944e+007 2.24946e+007 2.24947e+007 2.24949e+007 2.2495e+007 2.24951e+007 2.24952e+007 2.24952e+007 2.24953e+007 2.24953e+007 2.24953e+007 2.24953e+007 2.24954e+007 2.24954e+007 2.24954e+007 2.24954e+007 2.24954e+007 2.24954e+007 2.24954e+007 2.24954e+007 2.24954e+007 2.24954e+007 2.24954e+007 2.24954e+007 2.24954e+007 2.24954e+007 2.24954e+007 2.24954e+007 2.24954e+007 2.24954e+007 2.24954e+007 2.24954e+007 2.24954e+007 2.24954e+007 2.24954e+007 2.24954e+007 2.24954e+007 2.24954e+007 2.24954e+007 2.24954e+007 2.24954e+007 2.24954e+007 2.24954e+007 2.24954e+007 2.24954e+007 2.24954e+007 2.24954e+007 2.24954e+007 2.24954e+007 2.24954e+007 2.24954e+007 2.24954e+007 2.24954e+007 2.24954e+007 2.24954e+007 2.24954e+007 2.24954e+007 2.24954e+007 2.24954e+007 2.24954e+007 0 0 0 0 0 0 0 0 0 0 0 0 0 0 0 0 0 0 0 0 0 0 0 0 0
#obs cpue bio
 4.52854e+006 4.36393e+006 3.09664e+006 3.00024e+006 3.05149e+006 2.58948e+006 2.15814e+006 2.50361e+006 2.00688e+006 1.5505e+006 1.59753e+006 915670 1.3621e+006 918441 885763 653105 590004 638266 540353 548707 437305 398541 520928 499445 399142 443245 449036 476692 351346 491562 631103 461310 522968 438013 626913 474885 518592 531994 601974 449176 615050 479783 461264 416655 556535 541926 754667 581703 403473 470625 366044 666941 448706 509391 654270 623741 581085 441308
#pred surv len freq
 0.00450364 0.00737974 0.0112331 0.0160853 0.021839 0.0281889 0.0346006 0.0404499 0.0452589 0.0488496 0.0513145 0.0528787 0.053778 0.0542047 0.0543006 0.0541682 0.0538895 0.0535255 0.0530681 0.0523387 0.0509051 0.0481369 0.0434781 0.0368321 0.0287926
 0.00467135 0.00757281 0.0113807 0.016083 0.0215904 0.0276628 0.0338692 0.0396742 0.0446218 0.0484754 0.0512265 0.0530146 0.0540462 0.0545406 0.0546922 0.0546438 0.054477 0.0542086 0.0537622 0.0529057 0.0512047 0.0480926 0.0431171 0.0362738 0.0281928
 0.00488609 0.00792029 0.0118941 0.0167749 0.0224303 0.0285563 0.0346574 0.040175 0.0447064 0.0481387 0.0505969 0.0522913 0.0534057 0.0540755 0.0544129 0.0545212 0.0544798 0.0543074 0.0539079 0.0530134 0.0511704 0.0478393 0.0426403 0.0356511 0.0275478
 0.00509328 0.00826238 0.0124189 0.0175304 0.0234537 0.0298538 0.0361786 0.0417946 0.0462302 0.0493418 0.0512906 0.0523913 0.0529641 0.0532551 0.0534149 0.0535117 0.0535532 0.0534885 0.0531713 0.0523025 0.0504176 0.0469968 0.0417114 0.0347 0.0266735
 0.00531487 0.00861758 0.012945 0.0182615 0.0244176 0.0310658 0.0376308 0.0434437 0.0479887 0.0510747 0.0528218 0.0535283 0.0535451 0.0532031 0.0527701 0.0524162 0.0521942 0.0520319 0.0517187 0.0508874 0.0490316 0.0456287 0.0403809 0.0334664 0.0256155
 0.00556287 0.00901791 0.0135422 0.0190949 0.0255145 0.0324304 0.0392341 0.0452209 0.0498492 0.0529159 0.0545355 0.0549956 0.0546321 0.0537745 0.0527244 0.0517275 0.0509318 0.0503407 0.0497704 0.0488317 0.0469762 0.043651 0.0385524 0.0318642 0.0243093
 0.00582604 0.00944459 0.0141823 0.0199944 0.026707 0.0339245 0.0409986 0.0471804 0.051894 0.0549231 0.056388 0.05659 0.0558746 0.0545722 0.0529843 0.0513721 0.049929 0.0487304 0.0476685 0.0464073 0.0444168 0.0411359 0.0362394 0.0298802 0.0227364
 0.00607879 0.00985536 0.0148006 0.020867 0.0278704 0.035392 0.0427465 0.0491414 0.0539649 0.0569826 0.0583145 0.0582732 0.0572193 0.0554956 0.0534111 0.0512323 0.0491675 0.0473293 0.0456735 0.0439414 0.0416716 0.038342 0.0336257 0.0276338 0.0209696
 0.00639356 0.010362 0.0155538 0.0219142 0.0292437 0.0370946 0.0447386 0.051335 0.0562352 0.0591908 0.0603298 0.0599847 0.0585389 0.056355 0.0537552 0.0510136 0.0483444 0.045877 0.0436081 0.0413479 0.0387195 0.0352725 0.0307082 0.025105 0.0189786
 0.00675455 0.0109336 0.0163858 0.0230436 0.030689 0.0388478 0.0467545 0.053527 0.0584837 0.061363 0.0622995 0.0616443 0.0598032 0.0571598 0.0540528 0.0507661 0.0475198 0.0444539 0.0415928 0.0388031 0.0357891 0.032183 0.0277335 0.0225008 0.0169159
 0.00709968 0.0114882 0.0172075 0.0241803 0.0321678 0.04066 0.0488408 0.055776 0.0607506 0.0635005 0.0641832 0.0631823 0.060932 0.0578354 0.0542428 0.0504442 0.046663 0.0430456 0.0396376 0.0363516 0.0329649 0.0291909 0.0248327 0.0199436 0.0148788
 0.00736655 0.0119269 0.0178768 0.0251373 0.033457 0.0422941 0.0507819 0.0579282 0.0629735 0.0656365 0.0660856 0.0647345 0.0620547 0.0584841 0.0543985 0.0501008 0.0458174 0.0416966 0.0377963 0.0340645 0.0303397 0.0264087 0.0221275 0.0175491 0.0129633
 0.0076591 0.0123912 0.0185551 0.0260634 0.0346521 0.0437606 0.0524933 0.0598216 0.0649514 0.0675777 0.0678613 0.0662238 0.0631581 0.0591332 0.054558 0.0497627 0.0449906 0.0403985 0.0360546 0.0319326 0.0279183 0.0238582 0.0196541 0.0153603 0.0112102
 0.00794631 0.0128507 0.0192325 0.0269943 0.0358546 0.0452237 0.054166 0.0616138 0.066749 0.0692673 0.0693476 0.0674334 0.064034 0.0596296 0.0546401 0.0494102 0.0441996 0.0391813 0.034442 0.0299815 0.0257254 0.0215675 0.0174454 0.0134122 0.00965198
 0.00811654 0.0131349 0.0196738 0.0276374 0.0367356 0.0463555 0.055523 0.0631266 0.0683155 0.070774 0.0706908 0.0685324 0.0648343 0.0600982 0.0547583 0.0491665 0.0435882 0.0382053 0.033121 0.0283624 0.0238926 0.019647 0.0155914 0.0117761 0.00834286
 0.0083168 0.0134594 0.0201601 0.02832 0.0376397 0.0474861 0.0568538 0.0645941 0.0698247 0.0722138 0.0719524 0.0695251 0.0654956 0.0603975 0.0546932 0.0487532 0.0428506 0.0371691 0.0318166 0.026835 0.0222151 0.0179248 0.0139527 0.0103447 0.00720581
 0.00859063 0.0138859 0.0207675 0.0291219 0.0386338 0.0486523 0.0581501 0.0659549 0.0711669 0.0734485 0.0729973 0.0703126 0.0659767 0.0605451 0.0545023 0.0482392 0.0420435 0.0361071 0.0305429 0.0254013 0.0206894 0.016396 0.0125239 0.00911326 0.00623697
 0.0087508 0.0141466 0.0211596 0.0296726 0.0393587 0.0495454 0.059175 0.0670457 0.0722418 0.0744296 0.0738245 0.0709463 0.0663915 0.0607232 0.0544315 0.0479153 0.0414735 0.035311 0.0295541 0.0242672 0.0194729 0.0151753 0.011385 0.0081342 0.0054689
 0.00875204 0.0141588 0.0211975 0.0297584 0.0395196 0.0498073 0.0595556 0.0675478 0.0728492 0.0751071 0.0745223 0.0716078 0.066963 0.06116 0.0546998 0.0479912 0.041343 0.0349724 0.0290209 0.023572 0.0186676 0.0143281 0.0105714 0.00742248 0.00490453
 0.0087996 0.0142223 0.0212686 0.0298229 0.0395649 0.0498326 0.0595783 0.067602 0.0729744 0.0753322 0.0748539 0.0720258 0.0674254 0.0616127 0.0550873 0.0482653 0.0414678 0.0349268 0.0288014 0.0231946 0.0181691 0.0137632 0.010004 0.00691218 0.00449285
 0.0089005 0.0143787 0.0214885 0.0301059 0.039899 0.050192 0.059925 0.0678932 0.0731772 0.0754386 0.074885 0.0720216 0.0674247 0.0616358 0.055129 0.0482996 0.0414586 0.0348401 0.028615 0.0229043 0.0177914 0.0133336 0.00956946 0.0065189 0.00417418
 0.00883538 0.0142965 0.0214084 0.0300599 0.0399227 0.0503098 0.0601374 0.0681738 0.0734806 0.0757159 0.0750996 0.0721592 0.0674954 0.0616653 0.0551446 0.0483155 0.0414699 0.0348263 0.0285504 0.0227706 0.0175872 0.0130763 0.00929093 0.00625496 0.00395347
 0.00876214 0.0141785 0.0212344 0.0298251 0.0396351 0.0499974 0.0598501 0.0679738 0.0734219 0.0758205 0.0753467 0.0724949 0.0678558 0.062 0.0554284 0.0485448 0.0416504 0.0349606 0.028633 0.0227923 0.0175436 0.0129749 0.00915191 0.00610545 0.00381838
 0.00889512 0.0143625 0.0214516 0.0300379 0.0397958 0.0500652 0.0598061 0.0678287 0.073213 0.0756015 0.0751715 0.0724004 0.0678507 0.0620649 0.055528 0.0486445 0.0417278 0.0350062 0.0286447 0.0227696 0.0174867 0.012888 0.0090454 0.00599484 0.0037192
 0.00882106 0.0142574 0.0213206 0.0298923 0.0396462 0.0499117 0.0596352 0.0676204 0.0729566 0.0753119 0.0748932 0.0721957 0.0677757 0.0621473 0.0557571 0.0489773 0.042106 0.0353748 0.0289641 0.0230178 0.0176572 0.0129858 0.00908426 0.00599343 0.00369692
 0.00879683 0.0142244 0.0212833 0.0298597 0.0396306 0.049925 0.0596835 0.0676981 0.0730437 0.0753757 0.0749 0.0721275 0.0676431 0.0619888 0.0556228 0.0489069 0.0421129 0.0354452 0.0290676 0.0231223 0.0177394 0.0130352 0.00910159 0.00598727 0.00367851
 0.00874103 0.0141256 0.0211207 0.0296122 0.0392856 0.0494908 0.0591979 0.0672258 0.0726585 0.0751362 0.0748301 0.0722123 0.0678406 0.0622507 0.0559127 0.0492076 0.0424207 0.0357576 0.0293744 0.0234051 0.0179783 0.0132171 0.00922468 0.0060597 0.0037142
 0.00884435 0.0142732 0.0213039 0.0298076 0.0394578 0.0496003 0.0592102 0.0671209 0.0724392 0.0748323 0.0744938 0.0719024 0.0676038 0.0621077 0.0558584 0.0492222 0.0424828 0.0358516 0.029489 0.023529 0.0180981 0.0133197 0.00930148 0.00610916 0.00374089
 0.00864506 0.0139897 0.0209517 0.0294249 0.0390929 0.0492911 0.0589699 0.0669376 0.0722891 0.0746976 0.0743747 0.0718187 0.0675859 0.0621829 0.0560379 0.0494955 0.0428219 0.0362207 0.0298546 0.0238651 0.0183872 0.0135519 0.00947407 0.0062265 0.00381299
 0.00855722 0.0138496 0.020748 0.029154 0.038765 0.0489369 0.0586404 0.0666919 0.0721715 0.0747151 0.0744923 0.0719782 0.0677357 0.0623006 0.056133 0.0495944 0.0429485 0.0363837 0.030046 0.0240668 0.0185788 0.0137172 0.00960382 0.00631891 0.00387235
 0.00850411 0.0137441 0.0205546 0.0288302 0.038275 0.0482719 0.0578374 0.0658374 0.0713842 0.0741147 0.0741653 0.0719547 0.0679859 0.0627512 0.0566963 0.0501962 0.0435411 0.0369431 0.0305604 0.0245264 0.0189729 0.0140369 0.00984606 0.00648859 0.00398127
 0.00846183 0.0136791 0.0204621 0.0287041 0.0381037 0.0480357 0.0575105 0.0654001 0.0708405 0.0735071 0.0735752 0.0714829 0.0677195 0.0627342 0.0569175 0.0505998 0.0440515 0.0374896 0.0310905 0.0250073 0.0193858 0.0143721 0.0101014 0.00666916 0.00409865
 0.00831592 0.0134594 0.0201642 0.0283363 0.0376849 0.0475908 0.0570657 0.0649776 0.0704545 0.0731628 0.073275 0.0712382 0.0675594 0.0627013 0.0570496 0.0509093 0.0445146 0.0380526 0.0316878 0.0255791 0.0198895 0.0147841 0.0104149 0.00689033 0.00424238
 0.0080719 0.0130975 0.0196848 0.0277636 0.0370617 0.0469679 0.0564931 0.0644989 0.0701017 0.07295 0.0731958 0.0712695 0.0676742 0.062882 0.0572963 0.0512342 0.0449281 0.0385478 0.0322352 0.0261331 0.0204025 0.0152198 0.0107547 0.00713371 0.00440197
 0.00800143 0.0129631 0.019448 0.0273817 0.0365049 0.0462426 0.0556581 0.0636592 0.0693785 0.07244 0.0729432 0.0712637 0.0678669 0.0632123 0.0577112 0.0516998 0.0454288 0.0390772 0.0327831 0.0266782 0.0209135 0.0156644 0.0111105 0.00739414 0.00457559
 0.00849966 0.0136497 0.0202519 0.0281567 0.0370669 0.0464313 0.055393 0.0629623 0.0683611 0.0712686 0.071798 0.0702985 0.0671785 0.0628286 0.0576017 0.0518018 0.0456755 0.0394141 0.0331708 0.027086 0.0213123 0.0160258 0.0114116 0.00762269 0.00473283
 0.00906295 0.0145445 0.0215508 0.0298901 0.0391889 0.0487847 0.0576939 0.0648413 0.0694684 0.0713988 0.0709647 0.0687161 0.065171 0.0607201 0.0556388 0.0501258 0.0443344 0.0383957 0.0324342 0.0265826 0.0209939 0.015846 0.0113264 0.00759407 0.00473175
 0.00899095 0.0145166 0.0216735 0.0303168 0.0400794 0.0502364 0.0596769 0.0671696 0.0718245 0.073405 0.0722781 0.0691217 0.0646405 0.0594126 0.0538392 0.0481497 0.0424441 0.0367569 0.0311175 0.0255895 0.0202876 0.0153737 0.0110318 0.00742453 0.00464277
 0.00875462 0.0141633 0.0212054 0.0297724 0.0395437 0.0498448 0.0596025 0.0675824 0.0728225 0.0749442 0.0741448 0.0709765 0.0661219 0.0602544 0.0539485 0.0476156 0.0414811 0.0356169 0.0300129 0.0246535 0.0195731 0.0148751 0.0107121 0.00723628 0.00454159
 0.00860822 0.0139107 0.0208006 0.02917 0.0387187 0.0488207 0.0584773 0.0665324 0.0720721 0.0747058 0.0745474 0.0720081 0.0676125 0.0619141 0.0554559 0.0487209 0.0420774 0.0357484 0.0298248 0.0243174 0.0192266 0.0145956 0.0105226 0.00712569 0.00448594
 0.00861841 0.0139047 0.0207484 0.0290267 0.0384311 0.0483434 0.0577916 0.0656644 0.0711045 0.0737786 0.073839 0.0716928 0.0678015 0.062604 0.0565126 0.049917 0.0431705 0.0365644 0.0303037 0.024505 0.0192264 0.0145134 0.0104313 0.00705865 0.004448
 0.00869218 0.0140161 0.0208988 0.0292067 0.0386178 0.0484971 0.0578567 0.0655787 0.0708188 0.0732816 0.0731787 0.0709792 0.0671857 0.0622334 0.056478 0.050213 0.0436942 0.0371568 0.0308148 0.0248476 0.0193914 0.0145476 0.0103984 0.00700895 0.00440766
 0.00874308 0.0140973 0.0210175 0.0293678 0.0388206 0.0487321 0.0581012 0.0657945 0.0709555 0.0732868 0.0730134 0.0706375 0.0667084 0.0617085 0.0560201 0.0499242 0.0436234 0.0372797 0.0310489 0.0250935 0.0195763 0.014646 0.0104251 0.00699581 0.00438284
 0.00876081 0.0141283 0.0210681 0.0294454 0.0389319 0.0488804 0.058283 0.0659974 0.0711572 0.0734564 0.0731146 0.0706349 0.0665796 0.0614576 0.0556862 0.0495764 0.0433385 0.0371119 0.0310076 0.0251444 0.0196638 0.0147227 0.0104686 0.00700775 0.00437653
 0.00867277 0.0140042 0.0209169 0.0292877 0.0387958 0.0487923 0.0582606 0.0660465 0.0712726 0.073623 0.073309 0.0708265 0.066734 0.0615445 0.0556896 0.0495041 0.0432232 0.0369995 0.0309377 0.0251326 0.0196989 0.014778 0.0105188 0.00704017 0.00439114
 0.00863225 0.0139434 0.0208357 0.0291911 0.0386951 0.048705 0.0582087 0.0660519 0.0713492 0.0737696 0.0735068 0.0710434 0.0669331 0.0616928 0.0557648 0.0494988 0.0431476 0.03688 0.0308092 0.0250259 0.0196299 0.0147449 0.0105091 0.00703992 0.00439179
 0.00852543 0.0137727 0.0205849 0.02885 0.0382635 0.0482002 0.0576705 0.0655415 0.0709381 0.0735214 0.0734596 0.0712003 0.0672627 0.0621385 0.0562589 0.0499786 0.0435674 0.0372179 0.0310657 0.0252165 0.019774 0.014857 0.0105961 0.00710398 0.00443469
 0.00857689 0.0138465 0.0206773 0.0289492 0.0383512 0.0482542 0.0576695 0.0654702 0.0707939 0.0733196 0.0732337 0.070994 0.0671168 0.0620771 0.0562827 0.0500661 0.0436852 0.0373335 0.0311579 0.0252791 0.019812 0.0148801 0.0106121 0.00711658 0.00444447
 0.00868788 0.0140146 0.0209065 0.0292336 0.0386743 0.0485898 0.0579827 0.0657205 0.0709421 0.073338 0.0731156 0.0707584 0.0668044 0.06174 0.0559701 0.0498112 0.0434991 0.0372078 0.0310739 0.0252184 0.0197636 0.0148402 0.0105811 0.00709507 0.00443133
 0.00867913 0.0140096 0.0209159 0.0292721 0.038756 0.048721 0.0581558 0.0659136 0.071124 0.0734772 0.0731878 0.0707512 0.06672 0.0615948 0.0557917 0.0496318 0.043346 0.037096 0.0310041 0.0251809 0.0197453 0.014831 0.0105754 0.00709099 0.0044286
 0.0086844 0.014022 0.0209418 0.0293209 0.0388386 0.0488473 0.0583307 0.066133 0.071372 0.0737259 0.0734014 0.0708941 0.0667664 0.0615366 0.0556405 0.0494155 0.043101 0.0368574 0.0307971 0.0250176 0.0196256 0.014748 0.0105201 0.00705548 0.00440692
 0.00862397 0.0139158 0.0207688 0.0290596 0.0384771 0.0483952 0.0578289 0.0656508 0.0709903 0.0735121 0.0733883 0.0710725 0.0670913 0.0619429 0.0560622 0.0498018 0.0434243 0.0371125 0.0309935 0.0251694 0.0197446 0.0148407 0.0105898 0.00710473 0.00443893
 0.00847585 0.0136821 0.02043 0.0286025 0.0378969 0.0477 0.0570466 0.0648347 0.0702179 0.0728755 0.0729762 0.0709488 0.0672766 0.0624073 0.0567326 0.0505822 0.0442209 0.0378528 0.0316346 0.0256952 0.020157 0.015151 0.0108126 0.00725578 0.0045345
 0.00879438 0.0141807 0.021142 0.0295388 0.0390361 0.0489768 0.058344 0.0659931 0.0710675 0.0732836 0.0728881 0.0704019 0.0663854 0.0613263 0.055613 0.0495383 0.0433152 0.0371021 0.0310282 0.0252134 0.019782 0.0148687 0.0106104 0.00712004 0.00444999
 0.00853423 0.0137975 0.0206407 0.0289542 0.0384279 0.048419 0.0579122 0.0657497 0.0710461 0.0734748 0.0732371 0.0708253 0.0668006 0.0616795 0.0558915 0.0497621 0.0435158 0.0373025 0.0312332 0.0254126 0.0199599 0.0150136 0.0107186 0.00719429 0.00449698
 0.00837898 0.0135458 0.0202652 0.0284356 0.037766 0.0476463 0.0571028 0.0650131 0.0705008 0.0732113 0.0732887 0.0711603 0.0673365 0.0623124 0.0565268 0.050337 0.0440062 0.0377131 0.0315802 0.0257089 0.0202097 0.0152156 0.0108716 0.00730141 0.00456578
 0.00815593 0.0132253 0.0198597 0.0279806 0.0373058 0.0472148 0.0567116 0.0646578 0.0701801 0.0729453 0.0731211 0.071141 0.0674957 0.0626418 0.0569793 0.0508445 0.0445039 0.0381577 0.0319544 0.0260139 0.0204538 0.0154066 0.011015 0.0074027 0.0046319
 0.00779465 0.0127051 0.0192028 0.0272536 0.0366054 0.0466402 0.0563378 0.0645189 0.0702635 0.0731971 0.0734642 0.0715036 0.0678364 0.0629561 0.0572853 0.0511588 0.0448261 0.0384714 0.0322388 0.0262546 0.0206466 0.0155545 0.0111239 0.00747899 0.00468194
#obs surv len freq
 nan nan nan nan nan nan nan nan nan nan nan nan nan nan nan nan nan nan nan nan nan nan nan nan nan
 0.00448423 0.00734557 0.0111758 0.0159928 0.0216946 0.0279714 0.0342865 0.0400185 0.044698 0.0481612 0.0505179 0.0520124 0.0529033 0.0534145 0.0537277 0.0539819 0.0542599 0.0545523 0.0546908 0.0542826 0.0527206 0.049353 0.0438031 0.0362836 0.0276679
 0.00461031 0.00755311 0.0114926 0.0164454 0.0223016 0.0287337 0.0351775 0.0409808 0.0456521 0.0490205 0.0512058 0.0524731 0.0531079 0.0533612 0.0534379 0.0534921 0.0536133 0.0537914 0.0538546 0.053408 0.0518463 0.0485217 0.0430592 0.0356648 0.0271949
 0.00477991 0.00782843 0.0119063 0.0170279 0.0230755 0.0297051 0.0363252 0.0422514 0.0469639 0.0502758 0.0523047 0.053326 0.0536458 0.0535431 0.0532546 0.0529646 0.0527862 0.0527238 0.0526126 0.0520618 0.0504711 0.0471979 0.0418666 0.0346691 0.0264325
 0.00497403 0.00814643 0.0123893 0.0177153 0.0239973 0.0308693 0.0377056 0.0437834 0.0485538 0.0518177 0.0536953 0.0544726 0.0544684 0.0539781 0.0532601 0.0525265 0.0519218 0.0514807 0.0510654 0.0503071 0.0486241 0.0453858 0.0402152 0.0332812 0.0253658
 0.00518716 0.00849741 0.0129259 0.018485 0.0250383 0.0321954 0.0392913 0.0455583 0.0504115 0.0536359 0.0553549 0.055869 0.0555155 0.0546076 0.0534209 0.0521864 0.0510722 0.0501445 0.0493033 0.0482223 0.0463602 0.0431151 0.0381148 0.0314991 0.0239881
 0.00541847 0.00887404 0.0134942 0.0192894 0.026114 0.0335567 0.0409178 0.0473884 0.0523489 0.0555646 0.0571556 0.0574307 0.0567411 0.0554167 0.0537503 0.0519899 0.0503233 0.0488436 0.0474902 0.0459898 0.0438599 0.0405478 0.035699 0.0294244 0.022371
 0.00565955 0.00927112 0.0141012 0.0201594 0.0272884 0.0350483 0.0426949 0.0493699 0.0544183 0.0575937 0.0590256 0.0590404 0.0580066 0.0562672 0.0541255 0.0518394 0.0496093 0.0475496 0.0456369 0.0436541 0.0411896 0.0377568 0.0330339 0.0271093 0.020551
 0.00588966 0.00964698 0.0146707 0.0209692 0.0283769 0.0364327 0.0443566 0.0512475 0.0564133 0.059587 0.0608957 0.0606771 0.0593177 0.0571796 0.0545812 0.05179 0.0490145 0.0463828 0.0439019 0.0414091 0.0385675 0.0349664 0.0303297 0.0247318 0.0186643
 0.00614236 0.0100607 0.0152985 0.0218618 0.0295721 0.0379396 0.0461401 0.0532241 0.058465 0.0615857 0.0627238 0.0622373 0.0605333 0.0579908 0.0549411 0.0516606 0.0483635 0.0451869 0.0421607 0.0391691 0.0359471 0.0321629 0.0275939 0.0223095 0.0167294
 0.0063843 0.0104587 0.0159062 0.0227321 0.0307465 0.0394315 0.0479178 0.0552047 0.0605259 0.0635887 0.0645394 0.0637596 0.0616849 0.0587207 0.055217 0.0514607 0.0476697 0.0439858 0.0404547 0.0369993 0.0334187 0.0294564 0.0249445 0.0199534 0.0148385
 0.00662327 0.0108495 0.0164985 0.0235739 0.0318749 0.0408585 0.0496148 0.0570965 0.0624998 0.0655147 0.066291 0.065228 0.0627864 0.0593985 0.0554393 0.0512132 0.0469477 0.0427905 0.0387992 0.034927 0.0310265 0.0269074 0.0224521 0.0177349 0.013054
 0.0068213 0.0111784 0.0170065 0.0243099 0.0328789 0.0421453 0.0511587 0.0588259 0.0643085 0.0672827 0.067904 0.0665885 0.0638174 0.0600438 0.0556626 0.0509954 0.0462837 0.0416858 0.0372741 0.0330288 0.0288471 0.0245942 0.020195 0.0157265 0.0114373
 0.00706661 0.0115741 0.017596 0.0251317 0.033959 0.0434859 0.0527255 0.0605437 0.0660693 0.0689654 0.0693947 0.0677939 0.0646709 0.0605053 0.0557137 0.0506335 0.0455156 0.0405264 0.0357504 0.0311909 0.0267832 0.0224377 0.0181139 0.0138883 0.00996442
 0.00726219 0.0118996 0.0180995 0.0258611 0.0349504 0.0447465 0.0542175 0.0621812 0.0677343 0.0705338 0.0707585 0.068872 0.0654091 0.0608727 0.0556985 0.0502385 0.0447539 0.0394193 0.0343297 0.0295078 0.0249199 0.0205129 0.0162726 0.0122726 0.0086758
 0.0074065 0.0121392 0.0184698 0.0263991 0.0356888 0.0457026 0.0553803 0.0635046 0.0691392 0.0719203 0.0720214 0.0699165 0.0661623 0.0612892 0.0557594 0.0499456 0.0441229 0.038475 0.0331072 0.0280588 0.0233209 0.0188688 0.0147075 0.0109051 0.00758901
 0.00753256 0.0123393 0.0187624 0.0267996 0.0362087 0.0463475 0.0561464 0.0643749 0.0700829 0.0728934 0.072969 0.0707755 0.0668666 0.0617776 0.0559843 0.0498788 0.0437565 0.0378202 0.0321926 0.0269319 0.0220516 0.0175501 0.0134459 0.00980075 0.00671094
 0.00760336 0.0124553 0.0189384 0.0270496 0.0365429 0.0467681 0.0566443 0.0649305 0.0706713 0.073492 0.0735597 0.0713408 0.0673823 0.0622082 0.0562847 0.0500021 0.0436644 0.0374922 0.0316314 0.0261664 0.0211378 0.0165674 0.0124863 0.00895049 0.00603003
 0.00765524 0.0125334 0.0190447 0.0271833 0.0367021 0.0469527 0.0568574 0.0651764 0.0709532 0.0738083 0.073904 0.0717022 0.0677462 0.0625548 0.0565863 0.0502219 0.0437608 0.0374273 0.0313825 0.0257359 0.0205581 0.0158981 0.0118035 0.00832851 0.00552314
 0.00771037 0.0126168 0.0191584 0.0273245 0.0368635 0.0471238 0.0570262 0.0653328 0.0710921 0.073933 0.0740253 0.0718338 0.0678979 0.0627268 0.0567666 0.0503867 0.0438769 0.0374575 0.0312946 0.0255137 0.0202102 0.0154607 0.0113323 0.00788368 0.00515185
 0.00777768 0.0127175 0.0192936 0.0274889 0.0370465 0.0473116 0.0572036 0.0654849 0.0712068 0.0740049 0.074058 0.0718402 0.067896 0.0627342 0.0567933 0.0504304 0.0439218 0.0374766 0.0312572 0.0253957 0.0200042 0.0151819 0.0110158 0.00757326 0.00488551
 0.00781541 0.0127802 0.01939 0.0276264 0.037228 0.0475309 0.0574429 0.0657161 0.0713994 0.074135 0.0741158 0.0718312 0.0678372 0.0626482 0.0567021 0.0503496 0.043856 0.037418 0.0311878 0.0252946 0.0198575 0.0149906 0.0107972 0.00735517 0.00469487
 0.0078386 0.0128131 0.019431 0.0276721 0.0372754 0.0475804 0.0574992 0.0657858 0.0714857 0.0742336 0.0742139 0.0719123 0.0678884 0.0626654 0.0566907 0.050321 0.0438212 0.0373818 0.0311467 0.0252383 0.0197757 0.0148795 0.0106643 0.00721671 0.00456941
 0.00786765 0.0128548 0.0194836 0.0277298 0.03733 0.0476233 0.0575243 0.0657918 0.0714772 0.0742204 0.0742076 0.071921 0.0679127 0.062698 0.0567214 0.0503418 0.0438291 0.0373776 0.0311311 0.0252095 0.0197299 0.0148147 0.0105839 0.00713015 0.00448852
 0.00789483 0.0128971 0.0195431 0.0278066 0.0374209 0.0477209 0.057617 0.0658656 0.0715196 0.0742253 0.0741785 0.0718699 0.0678552 0.0626473 0.0566839 0.0503163 0.04381 0.0373589 0.0311079 0.0251788 0.0196895 0.0147644 0.0105259 0.00706977 0.00443278
 0.00789076 0.0128885 0.0195269 0.0277792 0.0373798 0.0476669 0.0575553 0.0658049 0.0714693 0.0741918 0.0741639 0.0718726 0.0678732 0.0626794 0.0567297 0.0503742 0.0438757 0.0374252 0.0311669 0.0252236 0.0197161 0.0147718 0.0105168 0.00704954 0.00440818
 0.00789639 0.0128929 0.0195247 0.0277625 0.0373402 0.047599 0.0574598 0.0656901 0.0713493 0.0740836 0.0740829 0.071829 0.0678703 0.0627141 0.0567943 0.0504596 0.0439728 0.0375253 0.0312615 0.025305 0.0197785 0.0148128 0.0105375 0.00705451 0.00440342
 0.00789138 0.0128835 0.0195081 0.0277348 0.0372967 0.0475354 0.0573734 0.0655816 0.0712246 0.0739539 0.073964 0.0717382 0.0678217 0.0627148 0.0568431 0.0505479 0.0440877 0.0376526 0.031388 0.0254198 0.0198736 0.014884 0.0105848 0.00708124 0.00441528
 0.00787288 0.0128543 0.0194657 0.0276776 0.0372241 0.0474481 0.0572741 0.0654747 0.0711158 0.0738498 0.0738714 0.071665 0.0677763 0.0627051 0.0568741 0.0506196 0.0441936 0.0377812 0.0315252 0.0255517 0.0199891 0.014976 0.0106511 0.00712399 0.0044395
 0.00787729 0.0128548 0.0194543 0.0276431 0.0371557 0.0473407 0.0571319 0.0653119 0.0709521 0.0737041 0.0737573 0.0715895 0.067741 0.0627092 0.0569158 0.0506962 0.0443009 0.0379116 0.0316681 0.0256942 0.020119 0.0150842 0.0107331 0.00718017 0.00447407
 0.00784792 0.0128101 0.0193923 0.0275634 0.0370579 0.0472238 0.0569947 0.0651552 0.0707824 0.0735352 0.0736087 0.0714813 0.0676881 0.0627169 0.0569804 0.0508079 0.0444475 0.0380805 0.0318463 0.0258691 0.0202785 0.0152188 0.0108374 0.00725404 0.00452146
 0.00782768 0.0127737 0.0193315 0.0274692 0.036924 0.0470506 0.0567922 0.0649423 0.0705809 0.0733632 0.0734779 0.0713974 0.0676543 0.0627357 0.0570522 0.0509289 0.0446085 0.0382685 0.0320464 0.0260661 0.020459 0.0153723 0.010958 0.00734091 0.00457847
 0.00780055 0.0127281 0.0192602 0.0273643 0.0367788 0.046862 0.0565643 0.0646883 0.0703222 0.0731265 0.0732891 0.071276 0.06761 0.0627683 0.0571537 0.0510873 0.0448099 0.0384975 0.0322868 0.0263014 0.020674 0.0155552 0.0111022 0.00744552 0.00464783
 0.00776478 0.012672 0.0191793 0.0272557 0.036641 0.0466958 0.0563733 0.0644795 0.070107 0.0729196 0.0731073 0.0711372 0.06753 0.0627575 0.0572149 0.0512149 0.0449915 0.0387166 0.0325248 0.0265397 0.0208956 0.0157466 0.011255 0.00755769 0.00472309
 0.00774615 0.0126377 0.0191207 0.0271626 0.0365054 0.0465156 0.0561563 0.0642431 0.0698733 0.0727097 0.0729367 0.0710153 0.0674626 0.0627484 0.0572663 0.0513258 0.0451559 0.0389228 0.0327564 0.0267777 0.0211214 0.0159446 0.0114152 0.00767663 0.00480371
 0.00933679 0.0148662 0.0218141 0.0299389 0.0388835 0.0480926 0.0567475 0.0639103 0.0688459 0.0712673 0.071322 0.0693993 0.0659486 0.0613906 0.0560887 0.050335 0.0443488 0.0382895 0.032281 0.0264392 0.0208949 0.0158038 0.0113349 0.00763541 0.0047851
 0.00932624 0.0151405 0.0227404 0.031972 0.0423678 0.0529942 0.0624851 0.0694485 0.0730625 0.073395 0.0712012 0.0674218 0.0627863 0.0577085 0.0523787 0.0468885 0.0413048 0.0356967 0.0301419 0.0247323 0.0195841 0.0148418 0.0106655 0.00719755 0.00451821
 0.00897932 0.0145979 0.0219853 0.0310591 0.0414751 0.0524564 0.0627518 0.0709238 0.0758615 0.0771642 0.0751631 0.0706685 0.0646567 0.0580164 0.0513831 0.04508 0.0391754 0.0336059 0.0282929 0.023209 0.0183982 0.0139666 0.0100556 0.0067987 0.00427542
 0.00879761 0.0142923 0.0215073 0.0303613 0.0405304 0.0512915 0.0614893 0.069808 0.0752358 0.0773744 0.0764025 0.0728349 0.0673235 0.0605715 0.0532741 0.046024 0.0392136 0.0330037 0.0273787 0.022251 0.017558 0.0133105 0.00958735 0.00649052 0.00408813
 0.00873241 0.0141762 0.0213131 0.030055 0.0400763 0.050663 0.0606838 0.0688649 0.0742535 0.0765193 0.0758942 0.0728903 0.0680629 0.0619286 0.0549775 0.0476847 0.0404817 0.0337008 0.0275319 0.0220272 0.0171594 0.0128962 0.00924518 0.00624731 0.00393459
 0.00870533 0.0141312 0.0212428 0.0299496 0.0399226 0.0504439 0.0603802 0.068461 0.073746 0.0759317 0.0752916 0.0723852 0.0677992 0.0620352 0.0555036 0.048552 0.0414943 0.0346203 0.0281768 0.0223368 0.0171887 0.0127601 0.00905515 0.00607587 0.00381085
 0.00869833 0.0141181 0.0212197 0.0299117 0.0398641 0.0503592 0.0602641 0.0683074 0.0735476 0.075681 0.0749876 0.0720452 0.0674701 0.0617945 0.0554393 0.0487241 0.0418948 0.0351619 0.0287237 0.0227648 0.0174358 0.0128374 0.00902114 0.0059963 0.00373208
 0.00868144 0.0140946 0.0211916 0.0298827 0.039838 0.0503373 0.0602431 0.0682797 0.0735027 0.0756083 0.0748783 0.0718956 0.0672863 0.0615989 0.0552738 0.0486417 0.0419388 0.0353398 0.0289959 0.0230582 0.0176773 0.0129862 0.00907831 0.00599135 0.0037003
 0.00868628 0.0141001 0.0211956 0.0298822 0.0398307 0.0503231 0.0602251 0.0682624 0.073489 0.0755959 0.0748593 0.0718584 0.0672211 0.0615039 0.0551599 0.0485339 0.0418704 0.0353391 0.0290705 0.0231879 0.0178226 0.0131074 0.00915358 0.00602138 0.0037003
 0.00870114 0.014125 0.0212341 0.0299372 0.0399028 0.0504087 0.0603151 0.0683438 0.0735488 0.0756254 0.0748554 0.0718224 0.0671555 0.0614114 0.0550449 0.0484064 0.041748 0.0352434 0.0290192 0.0231855 0.0178572 0.0131569 0.00919663 0.00604681 0.00370832
 0.00865915 0.0140628 0.021152 0.0298402 0.0397999 0.0503113 0.0602354 0.0682925 0.0735325 0.0756443 0.0749031 0.071888 0.0672267 0.0614771 0.0550972 0.0484418 0.0417683 0.0352565 0.0290358 0.0232143 0.0178999 0.0132069 0.00924339 0.00608193 0.00372914
 0.00866351 0.0140643 0.0211444 0.0298149 0.0397494 0.0502338 0.060138 0.068191 0.0734462 0.0755893 0.0748872 0.0719091 0.0672755 0.0615405 0.0551624 0.0484992 0.041813 0.0352889 0.0290606 0.0232378 0.0179266 0.013237 0.00927345 0.00610717 0.00374668
 0.00865053 0.0140469 0.0211246 0.0297959 0.0397335 0.0502195 0.0601194 0.0681602 0.0733982 0.0755273 0.0748227 0.071858 0.0672506 0.0615468 0.0551957 0.0485491 0.0418682 0.0353405 0.0291047 0.0232747 0.0179584 0.0132656 0.00929887 0.00612812 0.00376196
 0.00862733 0.0140087 0.0210666 0.0297145 0.0396281 0.0500954 0.0599882 0.068038 0.0733004 0.075463 0.0747931 0.0718594 0.0672787 0.0615993 0.055271 0.0486434 0.0419739 0.035448 0.029205 0.0233617 0.0180299 0.0133221 0.00934184 0.00615928 0.00378305
 0.00863666 0.0140215 0.0210811 0.0297273 0.0396341 0.0500888 0.0599644 0.067995 0.0732403 0.0753927 0.0747226 0.0717983 0.0672341 0.0615745 0.0552666 0.0486583 0.0420059 0.0354928 0.0292568 0.0234141 0.0180778 0.0133623 0.00937319 0.0061822 0.00379864
 0.00863666 0.0140215 0.0210811 0.0297273 0.0396341 0.0500888 0.0599644 0.067995 0.0732403 0.0753927 0.0747226 0.0717983 0.0672341 0.0615745 0.0552666 0.0486583 0.0420059 0.0354928 0.0292568 0.0234141 0.0180778 0.0133623 0.00937319 0.0061822 0.00379864
 0.00856266 0.0139071 0.0209203 0.0295193 0.0393842 0.0498095 0.0596756 0.0677229 0.0730132 0.0752344 0.0746479 0.0718109 0.0673276 0.061735 0.0554754 0.0488956 0.0422528 0.0357337 0.0294792 0.0236092 0.01824 0.0134896 0.00946707 0.00624677 0.00383984
 0.00842791 0.0136857 0.0205842 0.0290446 0.0387608 0.0490536 0.0588401 0.0668945 0.0722948 0.074717 0.0743889 0.0718251 0.0675917 0.0621995 0.0560781 0.049572 0.0429451 0.0363951 0.030076 0.0241204 0.0186556 0.0138094 0.00969852 0.00640333 0.00393807
 0.00879706 0.014256 0.0213837 0.0300707 0.0399715 0.0503603 0.060106 0.0679515 0.0729823 0.0749316 0.0741164 0.0711395 0.0666246 0.0610984 0.0549728 0.0485558 0.0420708 0.0356815 0.0295184 0.0237011 0.0183519 0.0135981 0.00955832 0.00631529 0.00388625
 0.00848589 0.0138096 0.020823 0.029456 0.0393887 0.0498966 0.059827 0.0678872 0.0731231 0.0752313 0.0745033 0.0715364 0.0669716 0.0613683 0.0551712 0.0487095 0.04221 0.0358267 0.0296754 0.0238633 0.0185066 0.013733 0.00966557 0.00639307 0.0039376
 0.00850034 0.0137942 0.0207313 0.0292292 0.0389821 0.0493142 0.0591445 0.0672404 0.0726596 0.075051 0.0746216 0.0718879 0.0674463 0.0618562 0.0555957 0.0490385 0.0424496 0.036003 0.0298168 0.0239885 0.018622 0.0138361 0.00975124 0.00645792 0.00398199
 0.00853808 0.0138611 0.0208392 0.0293839 0.0391724 0.0495008 0.0592608 0.067214 0.0724515 0.074688 0.0741957 0.0715175 0.0672209 0.0618008 0.0556732 0.0491815 0.0425969 0.0361211 0.0299001 0.0240474 0.0186691 0.0138787 0.00979005 0.00649072 0.00400676
 0.0086151 0.0139863 0.0210274 0.0296486 0.0395213 0.0499295 0.0597431 0.067697 0.072858 0.0749346 0.0742215 0.0713121 0.0668341 0.0613252 0.055205 0.0487848 0.0422908 0.0358919 0.0297242 0.0239079 0.0185595 0.0137976 0.00973581 0.00645857 0.00399012
#pred catch len freq
 0.00480708 0.00754591 0.0108884 0.0147064 0.0189199 0.0234913 0.0283503 0.0333429 0.0382532 0.0428598 0.0469746 0.0504586 0.0532333 0.0552861 0.0566633 0.0574577 0.0577959 0.0578087 0.0575547 0.0568971 0.0554071 0.0524264 0.0473664 0.0401315 0.0313737
 0.0050121 0.00780403 0.011141 0.0148607 0.0188842 0.0232253 0.0278991 0.0328267 0.0378132 0.042594 0.0469029 0.0505357 0.053394 0.0554913 0.0569206 0.0578072 0.0582707 0.0583908 0.0581514 0.0573582 0.0555822 0.0522361 0.0468456 0.0394159 0.0306368
 0.00528209 0.00822055 0.011721 0.0155915 0.0197121 0.0240484 0.028576 0.0332131 0.0378212 0.042242 0.0463167 0.049891 0.0528381 0.0550954 0.0566871 0.0577103 0.0582876 0.0584995 0.058305 0.057468 0.0555368 0.0519527 0.04632 0.038733 0.029931
 0.00554391 0.0086315 0.0123131 0.016387 0.0207209 0.025261 0.0299474 0.0346441 0.0391537 0.043284 0.046899 0.0499343 0.0523891 0.0543065 0.0557482 0.0567779 0.0574488 0.0577742 0.0576637 0.0568487 0.0548646 0.0511722 0.0454302 0.0377987 0.0290573
 0.0058413 0.00908893 0.0129547 0.0172225 0.021751 0.0264832 0.0313546 0.0362126 0.0408252 0.044949 0.0483938 0.0510638 0.052979 0.0542655 0.055107 0.0556767 0.0560786 0.0563057 0.0562015 0.0554252 0.0534676 0.0497862 0.0440727 0.0365309 0.0279628
 0.00617674 0.00960674 0.0136836 0.0181735 0.02292 0.0278552 0.0329041 0.0379012 0.0425997 0.0467393 0.0501077 0.052579 0.0541431 0.0549178 0.0551227 0.055015 0.0548056 0.0545728 0.0541912 0.0532973 0.0513359 0.0477314 0.0421684 0.0348576 0.0265946
 0.00652698 0.0101493 0.0144513 0.0191821 0.0241706 0.0293365 0.0345903 0.0397464 0.0445357 0.0486801 0.0519562 0.0542317 0.0554899 0.0558403 0.0555002 0.0547462 0.0538431 0.0529523 0.0520347 0.0507863 0.048672 0.0451061 0.0397491 0.0327788 0.0249436
 0.00690445 0.0107326 0.0152738 0.020258 0.0254985 0.030903 0.0363686 0.0416905 0.0465765 0.0507275 0.0539061 0.0559749 0.0569192 0.0568541 0.0560018 0.0546463 0.0530714 0.051483 0.0499141 0.0481474 0.0457235 0.042099 0.0369326 0.0303559 0.0230369
 0.00733144 0.0113907 0.0161984 0.0214615 0.0269737 0.0326289 0.0383092 0.0437895 0.0487544 0.0528855 0.0559341 0.0577611 0.0583581 0.0578518 0.0564772 0.0545286 0.0523013 0.0500245 0.04778 0.0454281 0.0426025 0.0388382 0.0338244 0.0276571 0.0209095
 0.00781332 0.0121262 0.0172175 0.0227641 0.0285374 0.0344195 0.0402845 0.0458947 0.0509161 0.0550116 0.0579198 0.0594977 0.0597429 0.0587951 0.0569048 0.0543799 0.0515271 0.048592 0.045691 0.0427488 0.0394893 0.0355383 0.0306365 0.0248605 0.0186914
 0.00828033 0.0128453 0.0182255 0.0240708 0.030128 0.0362596 0.04232 0.0480493 0.0530943 0.057108 0.0598302 0.0611262 0.0610052 0.0596193 0.0572316 0.0541607 0.0507226 0.0471755 0.043663 0.040163 0.0364807 0.0323314 0.0275156 0.0221026 0.016491
 0.00867164 0.0134547 0.0190939 0.025221 0.0315652 0.0379707 0.0442677 0.0501649 0.0552772 0.0592349 0.0617714 0.0627624 0.0622401 0.0603855 0.0574874 0.0538816 0.0498922 0.0457844 0.0417195 0.0377167 0.0336502 0.0293165 0.0245747 0.0194942 0.0144015
 0.0090896 0.0140927 0.0199784 0.0263535 0.0329296 0.0395432 0.0460191 0.0520536 0.0572394 0.0611799 0.0635863 0.0643249 0.0634367 0.0611274 0.0577196 0.0535799 0.0490547 0.0444224 0.0398594 0.0354157 0.0310193 0.0265335 0.0218685 0.017095 0.0124775
 0.00947207 0.0146807 0.0208007 0.0274159 0.0342176 0.0410263 0.0476523 0.0537766 0.0589786 0.0628555 0.0651179 0.0656335 0.0644449 0.0617634 0.0579239 0.0533131 0.0483004 0.0431871 0.0381732 0.0333403 0.0286616 0.0240537 0.0194665 0.0149699 0.0107743
 0.00977311 0.0151494 0.0214683 0.0282989 0.0353177 0.0423294 0.049124 0.0553576 0.0605871 0.0643971 0.0664992 0.0667739 0.0652826 0.062255 0.0580402 0.0530344 0.0476152 0.0420962 0.0366973 0.0315313 0.026614 0.0219081 0.0173954 0.0131424 0.00931203
 0.010092 0.0156404 0.0221567 0.0291924 0.0364087 0.0435984 0.0505383 0.0568659 0.0621165 0.0658566 0.0677903 0.0678045 0.0659812 0.0625794 0.0579774 0.0525932 0.0468156 0.0409626 0.0352616 0.0298436 0.0247555 0.0199968 0.0155746 0.0115508 0.00804707
 0.0104363 0.016161 0.0228685 0.0300856 0.0374559 0.0447653 0.0517885 0.0581587 0.0634019 0.0670729 0.0688666 0.0686675 0.0665646 0.0628341 0.0578789 0.0521424 0.0460345 0.0398867 0.0339356 0.0283239 0.0231184 0.0183425 0.0140196 0.0102049 0.00698522
 0.0106093 0.0164334 0.0232617 0.0306139 0.0381242 0.0455666 0.0527003 0.059142 0.0644057 0.0680421 0.0697484 0.0694129 0.0671277 0.0631729 0.0579586 0.0519416 0.0455494 0.0391329 0.0329472 0.0271533 0.0218365 0.0170383 0.0127913 0.00914218 0.00614771
