SBPRF35
7.78865
Curr Bio
513002
B35
649104
F35
0.209725
FOFL
0.168923
OFL
70806.8
Bzero
2.22533e+006
#pred survey bio
 3.84823e+006 3.40123e+006 3.04848e+006 2.70829e+006 2.38835e+006 2.10371e+006 1.84301e+006 1.61307e+006 1.38422e+006 1.21505e+006 1.08573e+006 968043 892642 826184 767054 739514 707267 690361 668771 651110 632507 619181 616258 611263 618998 613578 615319 613004 605519 591177 578664 566784 557149 546362 549005 556128 560107 572697 575844 596334 604382 603413 606019 605266 611154 603660 599339 564013 553652 552146 540154 534306 537754 523910 507372 506224 518426 1.86943e+007 1.1025e+007 1.11344e+007 1.17835e+007 1.27279e+007 1.37318e+007 1.46499e+007 1.54185e+007 1.60261e+007 1.64887e+007 1.68321e+007 1.7083e+007 1.72645e+007 1.73953e+007 1.74894e+007 1.75572e+007 1.76063e+007 1.76419e+007 1.76681e+007 1.76873e+007 1.77015e+007 1.77121e+007 1.77201e+007 1.77261e+007 1.77306e+007 1.77341e+007 1.77367e+007 1.77387e+007 1.77402e+007 1.77413e+007 1.77422e+007 1.77429e+007 1.77435e+007 1.77439e+007 1.77442e+007 1.77444e+007 1.77446e+007 1.77448e+007 1.77449e+007 1.7745e+007 1.7745e+007 1.77451e+007 1.77451e+007 1.77451e+007 1.77452e+007 1.77452e+007 1.77452e+007 1.77452e+007 1.77452e+007 1.77452e+007 1.77452e+007 1.77452e+007 1.77452e+007 1.77452e+007 1.77452e+007 1.77452e+007 1.77452e+007 1.77452e+007 1.77452e+007 1.77452e+007 1.77452e+007 1.77453e+007 1.77453e+007 1.77453e+007 1.77453e+007 1.77453e+007 1.77453e+007 1.77453e+007 1.77453e+007 1.77453e+007 1.77453e+007 1.77453e+007 1.77453e+007 1.77453e+007 1.77453e+007 1.77453e+007 1.77453e+007 1.77453e+007 1.77453e+007 1.77453e+007 1.77453e+007 1.77453e+007 1.77453e+007 1.77453e+007 1.77453e+007 1.77453e+007 1.77453e+007 1.77453e+007 1.77453e+007 1.77453e+007 1.77453e+007 1.77453e+007 1.77453e+007 1.77453e+007 1.77453e+007 1.77453e+007 1.77453e+007 1.77453e+007 1.77453e+007 1.77453e+007 0 0 0 0 0 0 0 0 0 0 0 0 0 0 0 0 0 0 0 0 0 0 0 0 0
#obs survey bio
 4.12599e+006 1.65374e+006 3.24582e+006 2.68192e+006 1.87086e+006 1.49696e+006 1.16497e+006 1.10088e+006 1.05824e+006 997523 793064 779191 944480 712108 628760 701790 609314 800474 469250 667550 671658 610352 483847 464999 618018 365218 616055 602474 592752 421892 541028 675118 663363 332973 581574 488084 569577 534117 578244 747327 605734 688101 587724 406322 554246 791789 488828 585404 512566 635734 401299 587048 497276 433388 541577 424574 567747
#pred catch bio
 333158 272847 288187 297243 291107 292031 282957 295645 252599 224958 219737 185853 178444 170131 141015 142326 126436 127446 120942 118339 110771 100398 101818 91745.1 102909 95556.8 96606 97671.1 99597.8 93920.5 89749.2 87040.6 91143.1 84190.2 83524.2 87678.1 81774.9 90925.9 77958 89793.9 97031.1 92923 95088.8 89790.3 100545 96345.2 120510 98117.6 90633.3 98763.6 92680 84374.4 97772.1 98625.1 85138.6 73148 67277.4 70806.8 84529.1 83985.7 87563.8 94084.5 101283 107831 113201 117323 120344 122485 123964 124966 125635 126077 126365 126552 126673 126750 126799 126831 126851 126864 126872 126877 126880 126882 126883 126884 126884 126885 126885 126885 126885 126885 126885 126885 126885 126885 126885 126885 126885 126885 126885 126885 126885 126885 126885 126885 126885 126885 126885 126885 126885 126885 126885 126885 126885 126885 126885 126885 126885 126885 126885 126885 126885 126885 126885 126885 126885 126885 126885 126885 126885 126885 126885 126885 126885 126885 126885 126885 126885 126885 126885 126885 126885 126885 126885 126885 126885 126885 126885 126885 126885 126885 126885 126885 126885 126885 126885 0 0 0 0 0 0 0 0 0 0 0 0 0 0 0 0 0 0 0 0 0 0 0 0 0
#obs catch bio
 256393 274009 290536 300098 294911 296792 288400 303357 258764 229654 226303 191129 183163 174824 144288 145653 128908 129783 123190 120416 112133 101372 103077 92891.5 104870 97514.3 97996.2 98744.1 100789 94857.2 90586.6 87563.6 91866.8 85070.4 83780.2 88151.2 81842.4 91608 78195.4 90450.8 97809.3 93290.3 95076.5 90043.9 101627 96156.9 121362 98383.8 90615.5 98986.8 93016.8 84267.1 97733.2 98714 85437 73514.5 67221.9
#pred cpue bio
 3.78702e+006 3.34482e+006 2.99529e+006 2.65696e+006 2.3387e+006 2.05575e+006 1.7969e+006 1.56881e+006 1.34237e+006 1.17503e+006 1.04698e+006 930618 856254 791307 733785 707201 676197 660112 639488 622667 605044 592451 589684 584649 591985 586816 588974 587439 580805 567413 555844 544767 534830 522767 524296 531189 535241 547458 550388 570175 578039 577319 580186 579500 585032 577928 574029 539546 529172 527740 516235 510584 514116 500828 484600 483408 495907 1.7943e+007 1.06021e+007 1.05966e+007 1.1113e+007 1.20122e+007 1.30058e+007 1.39219e+007 1.46901e+007 1.52977e+007 1.57603e+007 1.61037e+007 1.63546e+007 1.65361e+007 1.66668e+007 1.67609e+007 1.68287e+007 1.68778e+007 1.69135e+007 1.69396e+007 1.69589e+007 1.69731e+007 1.69837e+007 1.69917e+007 1.69976e+007 1.70022e+007 1.70056e+007 1.70082e+007 1.70102e+007 1.70117e+007 1.70129e+007 1.70138e+007 1.70145e+007 1.7015e+007 1.70154e+007 1.70157e+007 1.7016e+007 1.70162e+007 1.70163e+007 1.70164e+007 1.70165e+007 1.70166e+007 1.70166e+007 1.70167e+007 1.70167e+007 1.70167e+007 1.70167e+007 1.70168e+007 1.70168e+007 1.70168e+007 1.70168e+007 1.70168e+007 1.70168e+007 1.70168e+007 1.70168e+007 1.70168e+007 1.70168e+007 1.70168e+007 1.70168e+007 1.70168e+007 1.70168e+007 1.70168e+007 1.70168e+007 1.70168e+007 1.70168e+007 1.70168e+007 1.70168e+007 1.70168e+007 1.70168e+007 1.70168e+007 1.70168e+007 1.70168e+007 1.70168e+007 1.70168e+007 1.70168e+007 1.70168e+007 1.70168e+007 1.70168e+007 1.70168e+007 1.70168e+007 1.70168e+007 1.70168e+007 1.70168e+007 1.70168e+007 1.70168e+007 1.70168e+007 1.70168e+007 1.70168e+007 1.70168e+007 1.70168e+007 1.70168e+007 1.70168e+007 1.70168e+007 1.70168e+007 1.70168e+007 1.70168e+007 1.70168e+007 1.70168e+007 1.70168e+007 1.70168e+007 1.70168e+007 0 0 0 0 0 0 0 0 0 0 0 0 0 0 0 0 0 0 0 0 0 0 0 0 0
#obs cpue bio
 2.67528e+006 2.10203e+006 2.26116e+006 2.34846e+006 1.81118e+006 2.11875e+006 1.82044e+006 1.57234e+006 1.1658e+006 1.25178e+006 711153 641345 691768 637055 550740 656679 568643 534971 624089 520923 625257 519174 589854 451054 408166 503629 801445 655606 502848 723190 526937 508878 408408 515739 832390 522750 593848 422362 476936 385580 532216 567793 889428 545479 399374 869863 530094 481577 665869 448982 563654 562575 642449 558463 336064 437196 734019
#pred surv len freq
 0.00503731 0.00827679 0.0126367 0.0181444 0.0246742 0.0318397 0.038976 0.045318 0.0502907 0.0536962 0.0556788 0.0565536 0.0566511 0.0562398 0.0555014 0.0545305 0.0533499 0.0519296 0.0501852 0.0479501 0.0449554 0.0408861 0.0355499 0.0290873 0.0220613
 0.00542388 0.00881764 0.0132936 0.0188402 0.0253319 0.0324343 0.039563 0.0460079 0.0511769 0.0547799 0.05684 0.0575889 0.0573553 0.0564847 0.0552757 0.0539284 0.0525207 0.0510117 0.0492543 0.0470046 0.0439474 0.0397802 0.0343715 0.0279281 0.0210391
 0.00577422 0.00939409 0.014167 0.0200628 0.0269059 0.0342775 0.0414969 0.0477972 0.052618 0.0557849 0.0574544 0.0579251 0.0574944 0.0564212 0.0549389 0.0532514 0.0514989 0.049712 0.0477781 0.0454413 0.0423532 0.0381936 0.0328445 0.0265393 0.019875
 0.00608667 0.00990461 0.0149412 0.0211656 0.0283906 0.0361637 0.0437409 0.0502682 0.0550997 0.0580137 0.0591871 0.0590098 0.0579055 0.056235 0.0542668 0.0521809 0.0500787 0.0479791 0.0457905 0.0432872 0.0401394 0.0360319 0.0308453 0.024805 0.0184829
 0.00639534 0.0104046 0.0156907 0.0222189 0.0297894 0.0379239 0.0458356 0.0526186 0.0575771 0.06045 0.0613878 0.0607739 0.0590583 0.0566682 0.0539638 0.0512073 0.0485449 0.0460027 0.0434825 0.0407615 0.0375264 0.0334803 0.0285076 0.0228125 0.0169182
 0.00669024 0.0108819 0.0164051 0.0232203 0.031114 0.0395803 0.0477909 0.0547931 0.0598553 0.0626998 0.0634757 0.0625679 0.0604262 0.0574835 0.0541254 0.0506652 0.0473166 0.0441695 0.0411717 0.0381289 0.0347474 0.0307434 0.0259986 0.0206853 0.0152637
 0.00699744 0.0113776 0.0171443 0.0242511 0.0324687 0.041261 0.0497544 0.056947 0.0620711 0.0648386 0.0654108 0.0641949 0.0616597 0.0582488 0.0543524 0.0502936 0.0463121 0.0425445 0.0389996 0.035546 0.0319423 0.0279352 0.0234052 0.0184849 0.0135587
 0.00725466 0.0118027 0.0177964 0.0251888 0.033737 0.0428715 0.0516661 0.059061 0.0642469 0.0669234 0.0672674 0.0657165 0.0627721 0.0589031 0.0545148 0.049936 0.0454118 0.0410958 0.037036 0.0331606 0.029295 0.0252379 0.0208845 0.0163324 0.0118876
 0.00761416 0.0123755 0.0186369 0.0263397 0.035222 0.0446832 0.0537516 0.0613155 0.0665237 0.0690587 0.0691075 0.0671393 0.0636985 0.0592973 0.0543753 0.0492803 0.0442625 0.0394781 0.0349889 0.0307598 0.0266716 0.0225775 0.0183984 0.0142071 0.0102372
 0.00800049 0.012975 0.019486 0.0274535 0.0365934 0.0462822 0.055522 0.0631741 0.0683678 0.0707799 0.0706055 0.0683283 0.0645092 0.0596799 0.0543019 0.0487451 0.0432786 0.0380727 0.0332057 0.0286695 0.0243863 0.0202539 0.0162177 0.0123344 0.00877696
 0.00826866 0.0134174 0.0201618 0.0284168 0.0378762 0.0478708 0.0573391 0.0650823 0.0702014 0.0723901 0.0718918 0.0692436 0.0650428 0.0598363 0.0540869 0.0481634 0.0423371 0.0367876 0.0316102 0.0268234 0.0223851 0.0182296 0.0143225 0.0107075 0.00750757
 0.00843739 0.0137094 0.0206342 0.0291337 0.0388946 0.049217 0.0589843 0.0669317 0.0721045 0.0741702 0.073382 0.0703189 0.0656387 0.0599491 0.0537572 0.0474505 0.041299 0.0354732 0.0300649 0.0251033 0.0205701 0.0164271 0.0126557 0.00928794 0.0064053
 0.00845656 0.0137462 0.0207021 0.0292544 0.0391001 0.0495498 0.0594915 0.067652 0.0730499 0.075307 0.074624 0.0715384 0.0666943 0.0607192 0.0541647 0.0474705 0.0409496 0.0347981 0.0291206 0.0239553 0.0192975 0.0151252 0.0114285 0.00822912 0.00557551
 0.00851731 0.0138415 0.020839 0.0294377 0.0393323 0.049832 0.0598247 0.0680395 0.0734995 0.0758296 0.0752252 0.0722043 0.0673804 0.0613503 0.0546503 0.0477291 0.0409292 0.0344865 0.0285426 0.0231643 0.0183677 0.0141448 0.0104894 0.00741156 0.0049312
 0.00859679 0.0139687 0.0210262 0.0296938 0.0396597 0.0502225 0.0602569 0.0684809 0.0739151 0.0761945 0.0755328 0.0724658 0.0676138 0.0615643 0.0548314 0.0478396 0.0409184 0.0343096 0.0281786 0.0226256 0.0176993 0.0134151 0.00977569 0.00678273 0.00443227
 0.00855515 0.0138992 0.0209193 0.0295421 0.039463 0.049994 0.0600266 0.0682922 0.0738134 0.0762126 0.0756822 0.0727369 0.067983 0.0620007 0.0552994 0.0482966 0.0413142 0.0345916 0.0283042 0.0225761 0.0174883 0.013087 0.00939361 0.00641051 0.00411806
 0.00859454 0.0139579 0.0209971 0.0296341 0.0395589 0.0500792 0.0600849 0.0683103 0.0737875 0.0761535 0.0756143 0.0726907 0.0679844 0.0620628 0.0554195 0.0484573 0.0414862 0.0347376 0.0283856 0.0225635 0.0173723 0.0128837 0.00913998 0.00615175 0.00389251
 0.00855881 0.0139004 0.020912 0.0295171 0.0394089 0.0499004 0.0598884 0.0681134 0.0736104 0.0760152 0.07553 0.0726722 0.0680399 0.0621959 0.055626 0.0487222 0.0417829 0.0350309 0.0286371 0.0227402 0.0174554 0.0128747 0.00906034 0.00603508 0.00377231
 0.00856011 0.013903 0.0209167 0.029524 0.0394169 0.0499058 0.0598846 0.0680929 0.0735672 0.0759485 0.0754461 0.0725833 0.0679622 0.0621463 0.0556187 0.0487646 0.0418727 0.0351537 0.0287686 0.0228522 0.0175245 0.0128901 0.00902729 0.00597101 0.00369895
 0.00847363 0.013778 0.0207574 0.0293446 0.0392377 0.0497471 0.0597612 0.0680116 0.0735277 0.0759452 0.0754704 0.0726267 0.0680192 0.0622159 0.0557038 0.0488699 0.0420004 0.0353 0.0289219 0.0229947 0.0176378 0.0129617 0.00905546 0.00596476 0.00367329
 0.00853619 0.0138515 0.020817 0.0293525 0.0391571 0.0495615 0.0594887 0.0677026 0.0732453 0.0757401 0.075365 0.0726147 0.0680769 0.0623163 0.0558263 0.0490029 0.0421395 0.0354431 0.029065 0.0231295 0.017753 0.0130474 0.00910745 0.00598653 0.003674
 0.00868458 0.0140674 0.0210933 0.0296622 0.0394554 0.0497937 0.0596011 0.0676562 0.0730315 0.0753902 0.0749456 0.0722064 0.0677462 0.0620965 0.0557164 0.0489803 0.0421757 0.0355139 0.0291528 0.0232214 0.0178381 0.0131168 0.00915592 0.00601381 0.00368444
 0.00880171 0.0142442 0.021333 0.0299564 0.0397831 0.0501214 0.0598846 0.0678455 0.073081 0.0752741 0.0746706 0.0718149 0.0673063 0.0616821 0.055385 0.0487599 0.042064 0.0354884 0.0291839 0.0232816 0.0179066 0.0131794 0.00920454 0.00604596 0.00370196
 0.00886108 0.0143491 0.0215055 0.0302193 0.0401513 0.0505896 0.0604171 0.0683769 0.07353 0.0755655 0.0747547 0.071679 0.0669762 0.0612151 0.0548565 0.048245 0.0416202 0.0351454 0.0289446 0.0231302 0.0178196 0.0131339 0.00918255 0.00603539 0.00369611
 0.00868125 0.0140884 0.021173 0.029847 0.0397889 0.0502939 0.0602402 0.0683554 0.0736751 0.0758554 0.0751361 0.0720788 0.0673231 0.0614603 0.0549852 0.0482752 0.0415906 0.0350985 0.0289118 0.0231253 0.0178404 0.0131695 0.00922057 0.00606738 0.0037186
 0.00850359 0.0138244 0.0208231 0.0294305 0.039343 0.0498681 0.0598906 0.0681368 0.0736299 0.0760003 0.0754528 0.0725158 0.0678077 0.0619175 0.0553562 0.0485303 0.0417317 0.0351524 0.0289159 0.0231133 0.0178331 0.0131737 0.00923366 0.00608325 0.00373235
 0.00829651 0.013494 0.0203396 0.028776 0.0385213 0.0489176 0.0588928 0.067211 0.072908 0.0755911 0.0754124 0.0728364 0.0684254 0.0627314 0.0562521 0.0494036 0.0425059 0.0357878 0.0294075 0.0234792 0.0181003 0.013367 0.00937143 0.00617805 0.00379382
 0.00820276 0.0133332 0.0200822 0.0283898 0.0379793 0.0482111 0.0580451 0.0662841 0.0719977 0.0748104 0.0748693 0.0726108 0.0685502 0.0631841 0.05696 0.0502618 0.0434027 0.0366287 0.0301303 0.0240576 0.018537 0.0136812 0.00958785 0.00632042 0.0038824
 0.00809977 0.0131791 0.0198738 0.0281301 0.0376724 0.0478561 0.0576342 0.0658087 0.0714601 0.0742363 0.0743132 0.0721496 0.0682655 0.0631389 0.0571779 0.050718 0.0440296 0.0373352 0.0308261 0.0246741 0.0190365 0.0140558 0.00984979 0.0064919 0.00398738
 0.00799803 0.0130237 0.0196591 0.0278589 0.037356 0.0475135 0.0572892 0.0654838 0.0711696 0.0739804 0.0740819 0.071936 0.0680811 0.0630186 0.0571702 0.0508628 0.0443372 0.0377775 0.0313444 0.0251987 0.0195075 0.0144367 0.0101302 0.00668086 0.00410439
 0.00801369 0.0130235 0.0196122 0.0277232 0.037092 0.0471047 0.056758 0.0648919 0.0705988 0.073505 0.0737465 0.071749 0.0680242 0.0630651 0.057302 0.0510774 0.044641 0.0381699 0.0318058 0.0256884 0.0199758 0.0148402 0.0104441 0.00690197 0.00424561
 0.00868237 0.0139662 0.0207627 0.0289253 0.0381397 0.0478081 0.0570017 0.0646575 0.0699535 0.0725731 0.072677 0.0706843 0.0670739 0.0622913 0.0567226 0.0506823 0.0444105 0.0380844 0.0318442 0.0258221 0.0201665 0.0150463 0.0106304 0.00704786 0.00434608
 0.00931871 0.014979 0.0222367 0.0308992 0.040568 0.0505201 0.0596841 0.0668991 0.0713615 0.0729108 0.071944 0.0690959 0.0649617 0.0599904 0.0544943 0.0486896 0.0427304 0.0367357 0.0308125 0.0250751 0.0196602 0.014729 0.0104487 0.00695351 0.00430196
 0.00924568 0.0149751 0.0224422 0.0315124 0.0417899 0.0524647 0.0622954 0.0699216 0.074383 0.0754619 0.073617 0.0696476 0.0643698 0.0584431 0.0523173 0.046243 0.0403207 0.0345711 0.0290013 0.0236485 0.0185991 0.0139853 0.00995969 0.00665356 0.00413118
 0.00893445 0.0144984 0.0217877 0.0307109 0.0409349 0.0517269 0.0619129 0.0701457 0.0753797 0.0772102 0.0758684 0.0719833 0.0663359 0.0596978 0.0527245 0.0458803 0.0394135 0.0333959 0.0278009 0.022587 0.0177559 0.0133731 0.00955079 0.00640198 0.00398886
 0.00884922 0.0143304 0.0214822 0.0302039 0.0401767 0.0507182 0.0607396 0.0689899 0.0744925 0.0768474 0.0762054 0.0730394 0.0679415 0.061532 0.0544163 0.0471318 0.0400873 0.0335278 0.0275471 0.0221411 0.0172811 0.0129697 0.00925669 0.00621281 0.00388016
 0.00891717 0.0144252 0.0215933 0.0303048 0.0402235 0.0506532 0.0605027 0.0685408 0.073842 0.0760829 0.0754914 0.0725769 0.0678951 0.0619552 0.0552161 0.048097 0.0409712 0.0341431 0.0278239 0.0221252 0.0170846 0.0127109 0.00901976 0.00603637 0.00376773
 0.008896 0.0143962 0.021559 0.0302694 0.0401892 0.0506145 0.060442 0.0684286 0.073644 0.0757758 0.0750841 0.0721268 0.0675074 0.0617535 0.0552914 0.048459 0.041533 0.0347547 0.0283368 0.0224508 0.0172151 0.012699 0.00893776 0.00594264 0.00369329
 0.00895219 0.0144836 0.0216831 0.0304322 0.0403883 0.050842 0.0606817 0.0686542 0.0738191 0.0758588 0.0750371 0.0719306 0.0671766 0.0613452 0.054896 0.04817 0.0414075 0.0347873 0.0284647 0.0225894 0.0173002 0.0127095 0.00889112 0.00587228 0.00362737
 0.00878462 0.0142341 0.0213509 0.0300331 0.0399521 0.050407 0.0602897 0.0683462 0.0736293 0.0758057 0.0751161 0.0721124 0.0674163 0.0615983 0.0551365 0.0483995 0.0416475 0.0350581 0.0287647 0.0228901 0.0175608 0.0128994 0.00900382 0.00592298 0.00364052
 0.00862754 0.0140014 0.0210433 0.0296675 0.0395584 0.0500219 0.059951 0.0680878 0.0734766 0.0757705 0.0751939 0.0722836 0.0676509 0.0618628 0.0554011 0.0486452 0.0418704 0.0352663 0.0289683 0.0230899 0.0177451 0.0130509 0.00911074 0.00598563 0.0036694
 0.00855609 0.013885 0.0208686 0.0294249 0.0392472 0.049657 0.0595668 0.0677343 0.0732062 0.0756214 0.0751787 0.0723897 0.0678486 0.0621165 0.0556774 0.0489178 0.0421229 0.0354924 0.0291691 0.0232688 0.0179019 0.0131813 0.00920932 0.00605125 0.00370676
 0.00867329 0.0140332 0.0210137 0.0295095 0.0392069 0.0494463 0.0591818 0.0672184 0.0726378 0.0750906 0.0747641 0.0721422 0.0677842 0.0622181 0.0559045 0.0492204 0.042454 0.0358164 0.0294641 0.0235242 0.0181141 0.0133496 0.0093349 0.00613747 0.00376012
 0.00877182 0.0141985 0.0212689 0.0298703 0.0396683 0.0499663 0.0596746 0.067571 0.0727491 0.0749151 0.0743349 0.0715567 0.0671654 0.0616719 0.0554944 0.0489628 0.0423303 0.0357905 0.0294978 0.0235868 0.0181847 0.0134156 0.0093895 0.00617799 0.0037869
 0.00850902 0.0138339 0.0208366 0.0294433 0.03934 0.0498189 0.0597491 0.067852 0.073168 0.0753687 0.0747149 0.0717845 0.067217 0.0615825 0.0553369 0.0488142 0.0422431 0.035782 0.0295565 0.0236861 0.0182972 0.0135206 0.00947548 0.00624107 0.00382861
 0.00851203 0.0138056 0.0207364 0.029223 0.0389685 0.0493144 0.059198 0.0673921 0.0729353 0.0754356 0.0750554 0.0722875 0.0677375 0.0620006 0.0555951 0.0489224 0.0422548 0.03576 0.0295465 0.0237069 0.018345 0.0135813 0.00953446 0.00628916 0.00386267
 0.00861528 0.0139526 0.0209169 0.0294083 0.0391125 0.049361 0.0590957 0.0671154 0.072508 0.0749396 0.0746112 0.0720072 0.0676751 0.0621301 0.0558326 0.0491721 0.0424523 0.0358876 0.0296213 0.023757 0.0183911 0.01363 0.00958262 0.00633077 0.00389387
 0.008853 0.0143465 0.0215199 0.0302651 0.040238 0.0507123 0.0605507 0.0684807 0.0735642 0.0755093 0.0746173 0.0714935 0.0667826 0.061041 0.0547097 0.0481201 0.0415144 0.0350692 0.028918 0.0231693 0.017923 0.0132807 0.00934104 0.00617672 0.00380355
 0.00878096 0.0142487 0.0214108 0.0301758 0.0402153 0.0508112 0.0608214 0.0689491 0.07421 0.0762536 0.0753322 0.072039 0.0670557 0.0610128 0.0544279 0.0476797 0.041015 0.0345841 0.0284864 0.0228056 0.0176303 0.0130576 0.00918233 0.00607288 0.00374162
 0.00871745 0.014136 0.0212254 0.0298952 0.0398298 0.0503399 0.0603243 0.0685227 0.0739631 0.0762696 0.0756353 0.0725795 0.0677226 0.0616694 0.0549575 0.04802 0.0411663 0.0345913 0.0284091 0.0226951 0.0175196 0.0129635 0.00911116 0.00602434 0.00371189
 0.00879945 0.0142594 0.0213912 0.0300942 0.0400405 0.0505294 0.0604525 0.0685545 0.0738855 0.0761059 0.0754441 0.0724333 0.0676749 0.0617287 0.0550839 0.0481466 0.041232 0.0345664 0.0283011 0.0225361 0.0173479 0.0128087 0.00898889 0.00593798 0.0036569
 0.00872415 0.0141595 0.0212824 0.030004 0.0399995 0.0505575 0.060547 0.0686886 0.0740173 0.0761954 0.0754695 0.0724016 0.067619 0.0616925 0.0550996 0.0482179 0.041333 0.034657 0.0283489 0.0225304 0.0172992 0.0127389 0.0089189 0.00588093 0.0036171
 0.00867524 0.0140627 0.021107 0.0297168 0.0395806 0.05002 0.0599505 0.0681293 0.0735968 0.0759814 0.0754739 0.0725859 0.0679218 0.0620576 0.0554913 0.0486177 0.0417272 0.0350266 0.0286698 0.0227823 0.0174747 0.0128457 0.00897469 0.00590515 0.00362522
 0.00886151 0.0143445 0.0214898 0.0301859 0.0400983 0.0505268 0.0603708 0.0683881 0.0736443 0.0758156 0.0751441 0.0721711 0.0674981 0.061675 0.0551698 0.0483591 0.0415266 0.0348775 0.0285627 0.0227043 0.0174128 0.0127914 0.00892561 0.0058633 0.00359315
 0.00889542 0.0144282 0.0216668 0.0305099 0.0406138 0.0512407 0.0612298 0.0692786 0.0744203 0.0763431 0.0753414 0.0720292 0.0670743 0.0610678 0.0544859 0.0476859 0.0409203 0.0343643 0.0281479 0.0223808 0.0171675 0.0126096 0.00879421 0.0057717 0.00353266
 0.00848736 0.0138342 0.0209043 0.0296466 0.0397576 0.050517 0.0607567 0.0691427 0.0746539 0.0769074 0.0761282 0.0728893 0.0678645 0.061692 0.0549126 0.0479384 0.0410502 0.0344247 0.0281774 0.0224 0.0171834 0.0126222 0.00880223 0.00577484 0.00353223
 0.00784472 0.01284 0.0195071 0.0278458 0.0376178 0.0481814 0.0584522 0.0671582 0.0732793 0.0763511 0.076453 0.0739995 0.0695434 0.0636695 0.0569339 0.0498127 0.0426702 0.035757 0.0292363 0.0232203 0.0178023 0.0130732 0.0091155 0.00597941 0.00365626
#obs surv len freq
 0.00496768 0.00813922 0.0123843 0.0177176 0.024013 0.0309035 0.0377603 0.0438566 0.0486389 0.0519046 0.0537729 0.0545313 0.0545026 0.0539871 0.0532469 0.0524958 0.0518783 0.0514283 0.051007 0.0502455 0.048562 0.0453264 0.0401618 0.0332367 0.0253317
 0.00518917 0.00849816 0.0129227 0.0184744 0.0250182 0.0321673 0.039262 0.0455384 0.0504121 0.0536635 0.0554084 0.0559397 0.0555903 0.0546732 0.0534679 0.0522108 0.0510748 0.0501291 0.0492748 0.0481854 0.0463191 0.0430738 0.0380768 0.0314668 0.0239632
 0.00542831 0.0088895 0.0135162 0.019318 0.0261474 0.0335909 0.0409474 0.0474078 0.0523557 0.0555618 0.0571514 0.0574342 0.0567577 0.0554448 0.0537821 0.0520152 0.0503336 0.0488348 0.047463 0.0459481 0.0438095 0.0404947 0.0356488 0.0293814 0.0223376
 0.00566153 0.00927348 0.0141032 0.02016 0.0272865 0.0350436 0.0426875 0.0493606 0.0544075 0.0575816 0.059013 0.0590298 0.0580026 0.0562748 0.0541469 0.0518717 0.0496452 0.0475803 0.0456556 0.0436583 0.0411809 0.0377394 0.0330129 0.027089 0.0205342
 0.00589969 0.00966436 0.0146986 0.021011 0.0284344 0.0365046 0.0444376 0.0513284 0.0564833 0.0596373 0.0609213 0.0606776 0.059297 0.0571445 0.0545394 0.0517486 0.0489767 0.0463476 0.0438652 0.0413669 0.0385184 0.0349125 0.0302759 0.0246836 0.0186256
 0.00612321 0.010031 0.0152567 0.0218081 0.029509 0.0378725 0.0460773 0.0531754 0.0584385 0.061585 0.0627465 0.0622762 0.0605796 0.0580375 0.0549845 0.0517003 0.0484008 0.0452229 0.0421945 0.0391984 0.0359691 0.0321765 0.0275997 0.0223099 0.016727
 0.00637185 0.0104375 0.0158725 0.0226822 0.0306777 0.0393443 0.0478173 0.055101 0.0604323 0.0635186 0.0645024 0.0637591 0.0617179 0.0587787 0.0552897 0.0515387 0.0477466 0.0440584 0.0405216 0.0370594 0.0334704 0.0294984 0.024976 0.0199752 0.0148523
 0.00663982 0.0108734 0.0165288 0.0236073 0.031906 0.040881 0.0496222 0.0570839 0.0624654 0.0654617 0.0662271 0.0651645 0.0627343 0.0593657 0.0554279 0.0512202 0.0469673 0.0428162 0.0388261 0.0349518 0.0310472 0.026923 0.0224624 0.0177405 0.0130563
 0.0068449 0.0112179 0.0170676 0.0243978 0.0329956 0.0422869 0.0513127 0.0589725 0.0644248 0.06735 0.0679132 0.0665419 0.0637274 0.0599284 0.0555402 0.0508805 0.0461843 0.041604 0.0372077 0.0329739 0.0288005 0.0245538 0.0201603 0.0156978 0.0114151
 0.00705578 0.0115602 0.0175825 0.0251243 0.0339653 0.0435135 0.0527792 0.0606233 0.0661684 0.0690713 0.0694902 0.0678621 0.0647001 0.060493 0.0556667 0.0505648 0.0454396 0.0404544 0.0356887 0.031141 0.0267436 0.0224061 0.0180885 0.0138682 0.0099492
 0.0072814 0.0119292 0.018141 0.0259151 0.0350169 0.0448255 0.0543084 0.0622826 0.0678427 0.0706429 0.0708585 0.0689508 0.0654543 0.0608751 0.0556553 0.0501549 0.0446418 0.0392937 0.0342049 0.0293938 0.0248221 0.0204328 0.0162095 0.0122251 0.00864194
 0.00741282 0.0121503 0.0184879 0.0264268 0.0357279 0.0457532 0.0554407 0.0635708 0.0692071 0.0719867 0.0720846 0.0699746 0.0662111 0.0613222 0.0557689 0.0499257 0.0440727 0.0383999 0.0330173 0.0279654 0.0232336 0.018794 0.0146477 0.0108604 0.00755776
 0.00751616 0.0123153 0.0187314 0.0267642 0.0361732 0.0463172 0.0561269 0.0643708 0.0700971 0.0729264 0.0730185 0.0708372 0.0669351 0.0618465 0.0560462 0.049926 0.0437826 0.0378221 0.0321721 0.0268951 0.022007 0.0175056 0.0134071 0.00977052 0.00668952
 0.00759162 0.0124343 0.0189037 0.0269967 0.036469 0.0466751 0.0565407 0.0648306 0.0705919 0.073447 0.0735561 0.0713779 0.067453 0.0623018 0.056389 0.0501051 0.043756 0.0375643 0.0316801 0.0261922 0.021145 0.0165626 0.0124759 0.00893938 0.00602089
 0.00765731 0.0125345 0.0190424 0.0271732 0.0366791 0.0469123 0.0567971 0.065098 0.0708633 0.0737186 0.0738288 0.0716552 0.0677361 0.0625832 0.0566469 0.0503036 0.0438504 0.0375124 0.0314538 0.0257885 0.0205913 0.0159153 0.0118095 0.00832842 0.00552072
 0.00771638 0.0126255 0.0191695 0.0273366 0.0368739 0.0471289 0.0570214 0.0653135 0.0710551 0.0738784 0.0739579 0.0717632 0.0678364 0.0626863 0.0567546 0.0504044 0.0439187 0.0375134 0.0313533 0.0255657 0.02025 0.0154868 0.0113467 0.00788992 0.00515352
 0.00775686 0.0126881 0.0192578 0.0274513 0.0370129 0.0472865 0.0571885 0.0654777 0.0712031 0.0739995 0.0740471 0.0718224 0.0678739 0.0627134 0.0567813 0.050434 0.0439441 0.0375158 0.031307 0.0254477 0.0200508 0.0152182 0.0110406 0.00758817 0.00489332
 0.00783494 0.0128069 0.0194213 0.0276571 0.0372527 0.0475469 0.0574514 0.0657218 0.0714067 0.0741447 0.074124 0.0718308 0.0678224 0.0626172 0.056659 0.0503026 0.0438144 0.0373888 0.0311737 0.0252935 0.0198646 0.0150004 0.0108057 0.00736073 0.00469762
 0.00783953 0.0128179 0.0194441 0.0276986 0.0373188 0.0476393 0.0575657 0.0658475 0.0715305 0.0742548 0.0742126 0.0718943 0.0678598 0.0626295 0.0566488 0.0502744 0.0437732 0.0373376 0.0311112 0.0252143 0.0197625 0.0148743 0.0106634 0.00721733 0.00457
 0.00786916 0.0128569 0.019486 0.0277331 0.0373355 0.047634 0.0575443 0.0658244 0.071522 0.0742716 0.0742555 0.0719552 0.0679269 0.0626917 0.0566983 0.0503071 0.0437883 0.0373355 0.0310922 0.0251774 0.0197065 0.0147999 0.0105757 0.00712616 0.00448673
 0.00787956 0.0128724 0.0195064 0.027756 0.0373558 0.0476438 0.0575341 0.0657873 0.0714585 0.074193 0.0741816 0.0719073 0.0679187 0.0627241 0.0567611 0.0503845 0.0438648 0.0373998 0.0311373 0.0251998 0.0197052 0.0147768 0.010536 0.00707771 0.00443851
 0.00791396 0.0129228 0.019572 0.0278322 0.0374355 0.0477186 0.0575959 0.0658281 0.0714712 0.0741727 0.0741286 0.0718297 0.0678317 0.0626455 0.0567051 0.0503565 0.0438608 0.0374098 0.0311499 0.0252059 0.0196996 0.0147584 0.0105071 0.00704349 0.00440485
 0.00789269 0.0128903 0.019527 0.0277748 0.0373669 0.0476414 0.0575137 0.065746 0.0713958 0.0741113 0.0740871 0.0718116 0.0678376 0.0626748 0.0567563 0.050428 0.0439489 0.0375075 0.0312473 0.0252924 0.019767 0.0148028 0.0105297 0.00704907 0.00440012
 0.00790626 0.0129052 0.0195364 0.0277683 0.0373341 0.0475764 0.0574192 0.0656334 0.071281 0.0740095 0.0740093 0.071763 0.0678194 0.0626854 0.0567926 0.050486 0.044024 0.0375939 0.0313377 0.0253785 0.0198407 0.0148586 0.010566 0.00706828 0.00440706
 0.00788047 0.0128671 0.0194856 0.0277062 0.037262 0.0474939 0.0573239 0.0655232 0.0711583 0.0738839 0.0738969 0.0716819 0.0677831 0.062699 0.0568526 0.0505827 0.0441454 0.0377279 0.0314732 0.0255056 0.0199512 0.0149467 0.0106297 0.00710936 0.0044302
 0.00787223 0.0128462 0.0194408 0.0276237 0.0371305 0.0473115 0.0571029 0.0652888 0.0709403 0.0737068 0.0737746 0.0716187 0.067778 0.062749 0.056953 0.0507257 0.0443193 0.0379183 0.031665 0.0256852 0.0201078 0.0150736 0.0107244 0.00717387 0.00446992
 0.00783045 0.0127836 0.0193559 0.0275176 0.0370043 0.0471649 0.056934 0.0650974 0.0707335 0.0735015 0.0735959 0.0714923 0.0677221 0.0627696 0.0570447 0.0508757 0.044511 0.0381341 0.0318872 0.0258973 0.0202962 0.0152288 0.0108427 0.00725658 0.0045226
 0.00783995 0.0127905 0.0193509 0.0274875 0.0369368 0.0470543 0.0567857 0.0649266 0.0705584 0.0733368 0.0734505 0.071372 0.0676345 0.0627247 0.0570515 0.0509378 0.0446241 0.0382863 0.0320622 0.0260773 0.0204649 0.015374 0.0109571 0.00733899 0.00457659
 0.00779126 0.0127187 0.0192561 0.0273733 0.036808 0.0469135 0.0566323 0.0647596 0.0703816 0.0731621 0.0732962 0.0712576 0.0675737 0.062723 0.0571077 0.0510465 0.0447776 0.038474 0.0322703 0.0262893 0.0206642 0.0155465 0.0110945 0.0074392 0.00464314
 0.00775772 0.0126582 0.0191548 0.0272167 0.0365866 0.0466304 0.0563085 0.0644311 0.0700882 0.0729347 0.0731498 0.0711927 0.067584 0.0628007 0.0572448 0.0512344 0.0450052 0.0387284 0.0325365 0.0265512 0.0209058 0.0157545 0.0112602 0.00756052 0.0047243
 0.00772151 0.0125985 0.0190632 0.0270841 0.0364043 0.046393 0.0560174 0.064099 0.0697407 0.0726081 0.0728835 0.0710197 0.0675219 0.0628491 0.0573896 0.0514539 0.0452767 0.0390302 0.0328485 0.0268545 0.0211833 0.0159922 0.0114495 0.00769962 0.00481785
 0.00930777 0.0148163 0.0217344 0.02982 0.0387189 0.0478827 0.0565035 0.0636539 0.0686052 0.0710702 0.0711907 0.0693476 0.0659807 0.061501 0.0562619 0.0505488 0.0445786 0.0385137 0.0324842 0.0266128 0.0210355 0.0159118 0.0114131 0.00768836 0.00481831
 0.00928816 0.015082 0.0226585 0.0318656 0.0422371 0.05284 0.0623091 0.0692557 0.0728629 0.0732043 0.0710396 0.0673099 0.0627407 0.0577374 0.0524803 0.047051 0.0415091 0.03592 0.0303621 0.0249322 0.0197527 0.0149744 0.0107629 0.00726413 0.00456029
 0.00895583 0.0145566 0.0219176 0.0309561 0.0413305 0.052271 0.0625363 0.0706977 0.0756476 0.0769817 0.0750245 0.0705799 0.0646215 0.0580378 0.0514626 0.0452151 0.0393572 0.0338187 0.0285168 0.0234242 0.0185884 0.0141219 0.0101726 0.00688015 0.00432751
 0.00877585 0.0142563 0.0214518 0.0302809 0.0404198 0.051148 0.0613144 0.0696097 0.0750287 0.0771782 0.0762379 0.0727188 0.067266 0.0605749 0.0533354 0.046137 0.0393699 0.0331922 0.0275848 0.0224577 0.0177487 0.0134723 0.00971339 0.00658045 0.00414675
 0.00872435 0.0141629 0.0212927 0.0300254 0.0400349 0.0506072 0.0606113 0.0687745 0.0741459 0.0763983 0.0757675 0.0727697 0.0679623 0.0618615 0.0549535 0.0477077 0.0405498 0.0338074 0.027666 0.022175 0.017306 0.013028 0.00935289 0.0063272 0.00398827
 0.0086964 0.0141201 0.0212324 0.0299442 0.0399263 0.0504581 0.0604016 0.0684813 0.0737547 0.0759188 0.0752512 0.0723177 0.0677112 0.0619392 0.0554151 0.048486 0.0414617 0.0346258 0.0282178 0.0224048 0.0172716 0.0128447 0.00913067 0.00613561 0.00385301
 0.00867196 0.0140791 0.0211685 0.0298517 0.0398015 0.0503021 0.0602207 0.0682847 0.0735482 0.0757019 0.0750197 0.0720762 0.067489 0.0617956 0.0554245 0.0487017 0.0418765 0.0351583 0.0287413 0.0228038 0.0174906 0.0128989 0.0090799 0.00604534 0.0037682
 0.00866662 0.0140657 0.0211394 0.0297971 0.0397116 0.0501713 0.0600513 0.0680879 0.0733414 0.0755034 0.0748429 0.0719274 0.0673703 0.0617136 0.0553982 0.0487605 0.0420452 0.0354343 0.0290828 0.0231413 0.0177578 0.0130618 0.00914457 0.00604458 0.00373897
 0.0086603 0.0140605 0.0211406 0.0298111 0.0397427 0.0502168 0.0600987 0.0681171 0.0733324 0.0754441 0.0747348 0.0717836 0.0672102 0.0615577 0.0552658 0.0486715 0.0420188 0.0354826 0.0292007 0.0233023 0.0179215 0.0131914 0.00922235 0.00607443 0.0037381
 0.00865616 0.0140523 0.021126 0.029788 0.0397112 0.0501807 0.0600661 0.0680971 0.0733297 0.0754545 0.0747453 0.0717787 0.0671795 0.0615013 0.0551944 0.0486027 0.0419721 0.0354741 0.0292377 0.0233789 0.0180191 0.0132861 0.00929488 0.00611751 0.00375592
 0.00861153 0.0139866 0.0210396 0.0296858 0.0396007 0.0500701 0.0599629 0.0680084 0.0732633 0.075418 0.0747436 0.0718102 0.067235 0.0615667 0.0552567 0.0486556 0.042018 0.0355219 0.0292967 0.0234531 0.0181042 0.0133706 0.00936649 0.00616851 0.00378582
 0.00864807 0.0140346 0.0210911 0.0297268 0.0396163 0.0500511 0.0599106 0.0679346 0.0731839 0.0753471 0.0746889 0.0717736 0.067215 0.0615597 0.0552581 0.0486605 0.0420237 0.0355291 0.0293094 0.0234756 0.0181373 0.0134105 0.00940592 0.00620087 0.00380784
 0.00862815 0.0140123 0.0210756 0.0297308 0.0396503 0.0501155 0.0599914 0.0680067 0.0732225 0.0753395 0.0746398 0.0717008 0.0671392 0.0614962 0.0552134 0.0486339 0.042011 0.035526 0.0293136 0.0234867 0.0181551 0.0134335 0.00943055 0.00622302 0.00382459
 0.00861686 0.0139913 0.0210398 0.0296759 0.0395762 0.05003 0.0599113 0.0679525 0.0732089 0.0753669 0.0746933 0.0717586 0.0671843 0.0615233 0.0552274 0.0486438 0.0420236 0.0355439 0.0293363 0.0235124 0.0181823 0.0134605 0.00945567 0.00624424 0.00384057
 0.00862299 0.0140013 0.0210545 0.0296954 0.0395985 0.0500507 0.0599241 0.067952 0.0731944 0.0753436 0.0746709 0.0717448 0.0671803 0.0615235 0.0552246 0.048634 0.0420084 0.035528 0.0293243 0.0235068 0.0181832 0.0134665 0.00946455 0.00625371 0.00384882
 0.00862299 0.0140013 0.0210545 0.0296954 0.0395985 0.0500507 0.0599241 0.067952 0.0731944 0.0753436 0.0746709 0.0717448 0.0671803 0.0615235 0.0552246 0.048634 0.0420084 0.035528 0.0293243 0.0235068 0.0181832 0.0134665 0.00946455 0.00625371 0.00384882
 0.00893469 0.0144926 0.0217629 0.030639 0.0407654 0.051386 0.0613208 0.0692578 0.0742419 0.0759947 0.0748528 0.0714636 0.066508 0.0605715 0.0541145 0.0474757 0.0408884 0.034507 0.0284398 0.022777 0.0176104 0.0130406 0.0091663 0.00605847 0.00373025
 0.0088305 0.0143621 0.0216389 0.0305779 0.0408341 0.0516398 0.0617815 0.0699029 0.0750068 0.0767843 0.0755596 0.0719887 0.0667829 0.0605726 0.0538655 0.0470366 0.0403364 0.0339179 0.0278754 0.0222794 0.0172025 0.0127285 0.00894374 0.0059111 0.00364013
 0.0087609 0.0142342 0.0214223 0.0302442 0.0403743 0.0510869 0.0612229 0.0694671 0.0748217 0.076926 0.0760202 0.072679 0.0675658 0.0613072 0.0544437 0.0474034 0.0404907 0.0338993 0.0277432 0.0220937 0.0170111 0.0125616 0.00881504 0.00582176 0.00358394
 0.0088739 0.0144036 0.0216489 0.0305141 0.0406574 0.0513384 0.0613909 0.0695093 0.0747273 0.0767321 0.0758042 0.0725274 0.067533 0.0613908 0.0545899 0.0475359 0.0405452 0.0338462 0.0275913 0.0218786 0.0167768 0.012346 0.00864074 0.00569598 0.00350229
 0.00888761 0.0144367 0.0217179 0.0306391 0.0408543 0.051607 0.061706 0.0698205 0.074972 0.0768569 0.0757873 0.072389 0.0673293 0.0611899 0.054442 0.0474532 0.0405034 0.0338041 0.0275156 0.0217589 0.0166259 0.0121886 0.00850048 0.00558697 0.00342748
 0.00878221 0.0142677 0.0214699 0.0303041 0.0404394 0.0511424 0.0612482 0.0694426 0.0747414 0.0768086 0.0759106 0.072637 0.067643 0.0615237 0.0547741 0.0477789 0.0408189 0.0340961 0.0277622 0.0219408 0.0167368 0.0122382 0.00850864 0.00557459 0.00340999
 0.00889645 0.0144352 0.0216873 0.0305542 0.0406933 0.051365 0.0614052 0.0695092 0.0747097 0.0766931 0.0757441 0.0724571 0.0674775 0.0613837 0.054658 0.047682 0.0407399 0.0340352 0.0277166 0.0219027 0.0166977 0.0121936 0.00846067 0.00552931 0.00337313
 0.00898534 0.0145871 0.021928 0.0309077 0.0411707 0.05195 0.0620437 0.0701137 0.075182 0.076956 0.0757654 0.0722555 0.0671096 0.0609213 0.0541674 0.0472113 0.0403173 0.0336732 0.0274177 0.0216631 0.0165096 0.0120482 0.00835037 0.00544841 0.0033171
 0.0088957 0.0144528 0.0217485 0.0306941 0.0409472 0.0517534 0.061919 0.0701025 0.0753062 0.0772029 0.0760861 0.0725811 0.0673772 0.0610952 0.0542448 0.0472139 0.0402757 0.0336141 0.0273583 0.021611 0.0164663 0.0120124 0.0083204 0.00542367 0.00329772
 0.00872032 0.0141636 0.021308 0.0300708 0.0401302 0.0507709 0.0608535 0.0690868 0.0744949 0.0767278 0.0760176 0.0729103 0.0680245 0.0619383 0.0551555 0.0480882 0.0410493 0.0342608 0.0278776 0.0220146 0.0167694 0.0122302 0.00846817 0.00551695 0.00335177
#pred catch len freq
 0.00544373 0.00857214 0.0124181 0.0168437 0.0217453 0.0270364 0.0325665 0.0380822 0.0432782 0.0478805 0.0516955 0.0546224 0.0566507 0.0578449 0.0583105 0.0581543 0.05746 0.0562732 0.0545768 0.0522482 0.0490348 0.0446187 0.0388046 0.0317538 0.0240849
 0.00589474 0.00920766 0.0131984 0.017683 0.0225522 0.0277691 0.0332648 0.0388454 0.0441956 0.0489575 0.0528231 0.0556099 0.0573015 0.0580344 0.058027 0.0574923 0.0565708 0.0552981 0.0535917 0.0512475 0.0479644 0.0434385 0.0375416 0.0305073 0.0229832
 0.00632714 0.00988508 0.0141653 0.018951 0.0240844 0.0294685 0.0349775 0.0403955 0.045449 0.0498759 0.0534638 0.0560616 0.057603 0.0581377 0.0578312 0.0569161 0.0556093 0.054026 0.0521208 0.0496746 0.0463485 0.0418185 0.0359706 0.0290686 0.0217703
 0.00673934 0.0105282 0.0150852 0.0201777 0.025633 0.0313352 0.0371228 0.04272 0.047781 0.051991 0.0551407 0.057151 0.058068 0.0580354 0.0572517 0.0559269 0.0542441 0.0523148 0.0501222 0.047483 0.0440787 0.0395896 0.0338995 0.0272644 0.0203165
 0.00714677 0.0111605 0.0159822 0.021361 0.0271094 0.0330999 0.0391557 0.0449755 0.0501751 0.0543921 0.057369 0.0589961 0.05933 0.0585774 0.0570343 0.0550025 0.0527182 0.0503054 0.0477444 0.0448575 0.0413455 0.0369087 0.0314353 0.0251585 0.018659
 0.00755622 0.0117942 0.0168779 0.0225358 0.0285628 0.0348173 0.0411067 0.0471086 0.0524152 0.0566419 0.059511 0.0608929 0.0608275 0.0595193 0.057291 0.0545033 0.051471 0.0483924 0.0453014 0.0420535 0.0383718 0.033971 0.0287363 0.0228666 0.0168743
 0.00798112 0.0124509 0.0178034 0.023745 0.0300504 0.0365613 0.0430666 0.0492206 0.0545916 0.0587787 0.0614979 0.062621 0.062192 0.0604189 0.0576285 0.0541957 0.0504688 0.0467022 0.0430007 0.0392912 0.0353547 0.03094 0.025931 0.0204827 0.015025
 0.00839789 0.0130997 0.018727 0.0249657 0.0315695 0.038358 0.0450923 0.051394 0.0568027 0.0609019 0.0634091 0.0642114 0.0633743 0.0611274 0.0578131 0.053815 0.0494905 0.0451165 0.0408428 0.0366637 0.0324348 0.0279625 0.0231471 0.0181047 0.0131785
 0.00885406 0.013801 0.0197088 0.0262376 0.0331202 0.0401607 0.0471035 0.0535454 0.0589957 0.0630113 0.0652974 0.065748 0.0644551 0.061686 0.0578199 0.0532661 0.0483946 0.0434913 0.0387267 0.0341385 0.0296452 0.0251139 0.0204729 0.0158118 0.0113944
 0.00935644 0.0145591 0.0207415 0.0275271 0.0346221 0.0418215 0.0488696 0.0553617 0.0607993 0.0647276 0.0668406 0.0670263 0.0653795 0.0621814 0.0578355 0.0527795 0.0474088 0.0420298 0.0368346 0.0318931 0.0271711 0.0225853 0.0180919 0.0137625 0.00979408
 0.00976378 0.0151942 0.021646 0.0287195 0.0360934 0.0435302 0.0507366 0.0572738 0.0626264 0.0663499 0.0681692 0.0680076 0.0659855 0.0623968 0.0576501 0.052187 0.0464112 0.0406426 0.0350942 0.0298667 0.0249656 0.0203487 0.0159945 0.0119601 0.00838663
 0.00995365 0.0155079 0.0221285 0.029418 0.0370508 0.0447712 0.0522505 0.0590003 0.0644541 0.0681297 0.0697409 0.0692315 0.0667695 0.0627066 0.0574996 0.0516165 0.0454671 0.0393689 0.0335372 0.0280882 0.0230558 0.0184293 0.014205 0.0104274 0.00719194
 0.0100178 0.0156106 0.0222822 0.0296388 0.0373627 0.0452083 0.0528545 0.0598082 0.0654789 0.0693406 0.0710536 0.0705176 0.0678828 0.0635176 0.0579227 0.0516204 0.0450669 0.0386093 0.0324782 0.0268014 0.021629 0.0169692 0.0128284 0.0092395 0.00626085
 0.0101213 0.0157671 0.022496 0.029907 0.0376776 0.0455627 0.0532457 0.0602413 0.0659672 0.0699013 0.0716969 0.0712307 0.0686179 0.0641924 0.0584376 0.0518849 0.0450233 0.0382434 0.0318169 0.0259038 0.0205779 0.015863 0.0117699 0.00831864 0.00553548
 0.0101441 0.0158072 0.0225619 0.0300088 0.0378247 0.0457609 0.0534943 0.0605327 0.0662903 0.070247 0.072062 0.0716177 0.0690274 0.0646117 0.0588311 0.0521947 0.0451819 0.0381945 0.0315348 0.0254024 0.0199092 0.0151061 0.0110143 0.00764437 0.00499608
 0.0101239 0.0157717 0.0225045 0.0299235 0.0377102 0.0456252 0.0533579 0.0604265 0.0662478 0.0702943 0.0722112 0.0718662 0.0693616 0.0650104 0.0592645 0.0526218 0.0455498 0.0384458 0.0316214 0.0253026 0.0196372 0.0147108 0.0105652 0.00721225 0.00463382
 0.010123 0.0157697 0.0224999 0.0299136 0.037691 0.0455915 0.0533049 0.0603538 0.0661631 0.0702157 0.0721646 0.0718777 0.069449 0.065177 0.0594982 0.0528967 0.0458289 0.0386846 0.0317756 0.025339 0.0195462 0.0145114 0.0103008 0.0069352 0.00438895
 0.0100981 0.0157297 0.0224409 0.0298325 0.0375863 0.0454644 0.0531607 0.0602015 0.0660148 0.0700851 0.072067 0.0718295 0.0694662 0.0652711 0.0596713 0.0531368 0.0461096 0.0389682 0.0320198 0.0255066 0.0196153 0.0144831 0.0101982 0.00679513 0.00424809
 0.0100854 0.0157114 0.0224174 0.0298053 0.0375565 0.0454314 0.0531215 0.0601519 0.0659516 0.0700092 0.0719842 0.0717509 0.0694061 0.0652451 0.0596925 0.053212 0.0462352 0.0391274 0.0321852 0.0256466 0.0197039 0.0145084 0.0101665 0.00672665 0.00416775
