SBPRF35
7.78865
Curr Bio
587861
B35
721307
F35
0.229072
FOFL
0.191167
OFL
88047.6
Bzero
2.22533e+06
#pred survey bio
 4.59951e+06 4.30398e+06 4.03599e+06 3.74795e+06 3.43788e+06 3.11694e+06 2.77653e+06 2.48496e+06 2.23668e+06 2.00217e+06 1.77359e+06 1.52453e+06 1.33864e+06 1.17373e+06 1.04326e+06 925599 825938 753549 696979 658306 628280 611603 596814 600111 577210 574137 574840 586373 593007 588180 583916 584441 587726 568300 562040 546097 531510 533495 542169 546989 556698 561094 555936 557004 562114 554242 556188 558746 568666 584820 2.11637e+07 1.29641e+07 1.33187e+07 1.38869e+07 1.45538e+07 1.51953e+07 1.57492e+07 1.61967e+07 1.65429e+07 1.68035e+07 1.69961e+07 1.71372e+07 1.724e+07 1.73149e+07 1.73697e+07 1.74098e+07 1.74395e+07 1.74615e+07 1.74779e+07 1.74902e+07 1.74995e+07 1.75065e+07 1.75119e+07 1.7516e+07 1.75191e+07 1.75215e+07 1.75233e+07 1.75248e+07 1.75258e+07 1.75267e+07 1.75273e+07 1.75278e+07 1.75282e+07 1.75285e+07 1.75287e+07 1.75289e+07 1.75291e+07 1.75292e+07 1.75292e+07 1.75293e+07 1.75294e+07 1.75294e+07 1.75294e+07 1.75294e+07 1.75295e+07 1.75295e+07 1.75295e+07 1.75295e+07 1.75295e+07 1.75295e+07 1.75295e+07 1.75295e+07 1.75295e+07 1.75295e+07 1.75295e+07 1.75295e+07 1.75295e+07 1.75295e+07 1.75295e+07 1.75295e+07 1.75295e+07 1.75295e+07 1.75295e+07 1.75295e+07 1.75295e+07 1.75295e+07 1.75295e+07 1.75295e+07 1.75295e+07 1.75295e+07 1.75295e+07 1.75295e+07 1.75295e+07 1.75295e+07 1.75295e+07 1.75295e+07 1.75295e+07 1.75295e+07 1.75295e+07 1.75295e+07 1.75295e+07 1.75295e+07 1.75295e+07 1.75295e+07 1.75295e+07 1.75295e+07 1.75295e+07 1.75295e+07 1.75295e+07 1.75295e+07 1.75295e+07 1.75295e+07 1.75295e+07 1.75295e+07 1.75295e+07 1.75295e+07 1.75295e+07 1.75295e+07 1.75295e+07 1.75295e+07 0 0 0 0 0 0 0 0 0 0 0 0 0 0 0 0 0 0 0 0 0 0 0 0 0
#obs survey bio
 3.75355e+06 3.71390e+06 4.041e+06 2.48571e+06 2.5269e+06 3.18746e+06 2.56977e+06 2.01649e+06 1.92299e+06 2.13580e+06 1.50518e+06 1.32488e+06 895671 966983 1.45438e+06 586884 615693 538663 600085 733652 613721 488256 523341 693591 483676 573660 518692 500721 762728 628708 518087 597660 742405 735218 619936 499402 662351 506235 730666 696210 399514 517331 516027 573685 647617 567624 469541 325373 513569 608510
#pred catch bio
 99881.5 96957.1 143723 195653 239416 291783 280335 270328 283105 298384 331898 286116 273689 245882 234567 217487 192142 176089 157020 145281 130472 126190 108898 128306 108976 104792 95415.8 99412.4 107486 104593 98395.3 93775 109237 93079.3 96611.4 93139.6 82008.1 81985.1 88587.9 85366.3 89861.7 96906.6 90516.1 86794.5 97674.9 90140.4 92661.5 91417.9 91852.7 92853 88047.6 105370 107178 110534 115083 119608 123463 126474 128697 130274 131360 132090 132573 132888 133091 133220 133303 133355 133388 133408 133421 133429 133434 133437 133439 133440 133441 133441 133441 133442 133442 133442 133442 133442 133442 133442 133442 133442 133442 133442 133442 133442 133442 133442 133442 133442 133442 133442 133442 133442 133442 133442 133442 133442 133442 133442 133442 133442 133442 133442 133442 133442 133442 133442 133442 133442 133442 133442 133442 133442 133442 133442 133442 133442 133442 133442 133442 133442 133442 133442 133442 133442 133442 133442 133442 133442 133442 133442 133442 133442 133442 133442 133442 133442 133442 133442 133442 133442 133442 133442 0 0 0 0 0 0 0 0 0 0 0 0 0 0 0 0 0 0 0 0 0 0 0 0 0
#obs catch bio
 0 96694.7 144094 196688 241266 295019 283506 273770 287221 303605 340137 292234 281021 251169 238160 221747 195586 180416 161153 147690 132437 128403 110079 130224 109820 105938 96027.3 100316 108487 105131 98975.8 94036.3 109871 93113.1 96286.4 92945.6 81285.1 81738.8 88227.2 84570.6 89105.6 96042.9 89533.8 85832.8 96497 88904.1 91700.8 91300 92160.1 92837.2
#pred cpue bio
 4.51827e+06 4.22551e+06 3.9594e+06 3.67222e+06 3.3638e+06 3.04479e+06 2.70662e+06 2.41671e+06 2.16973e+06 1.93677e+06 1.71037e+06 1.46473e+06 1.28159e+06 1.11966e+06 991970 877087 779766 709156 654426 617697 589502 573889 559981 563659 542091 539366 540246 551564 558262 554132 550543 551555 555443 537566 532625 518127 503640 503730 510564 515118 524972 529597 524906 526106 531104 523367 524727 526121 534269 548747 1.98722e+07 1.21903e+07 1.2495e+07 1.29839e+07 1.36184e+07 1.42522e+07 1.48045e+07 1.52517e+07 1.55979e+07 1.58584e+07 1.60511e+07 1.61921e+07 1.62949e+07 1.63699e+07 1.64246e+07 1.64648e+07 1.64944e+07 1.65164e+07 1.65328e+07 1.65451e+07 1.65544e+07 1.65615e+07 1.65668e+07 1.65709e+07 1.65741e+07 1.65764e+07 1.65783e+07 1.65797e+07 1.65808e+07 1.65816e+07 1.65823e+07 1.65828e+07 1.65831e+07 1.65834e+07 1.65837e+07 1.65839e+07 1.6584e+07 1.65841e+07 1.65842e+07 1.65842e+07 1.65843e+07 1.65843e+07 1.65844e+07 1.65844e+07 1.65844e+07 1.65844e+07 1.65844e+07 1.65844e+07 1.65844e+07 1.65844e+07 1.65845e+07 1.65845e+07 1.65845e+07 1.65845e+07 1.65845e+07 1.65845e+07 1.65845e+07 1.65845e+07 1.65845e+07 1.65845e+07 1.65845e+07 1.65845e+07 1.65845e+07 1.65845e+07 1.65845e+07 1.65845e+07 1.65845e+07 1.65845e+07 1.65845e+07 1.65845e+07 1.65845e+07 1.65845e+07 1.65845e+07 1.65845e+07 1.65845e+07 1.65845e+07 1.65845e+07 1.65845e+07 1.65845e+07 1.65845e+07 1.65845e+07 1.65845e+07 1.65845e+07 1.65845e+07 1.65845e+07 1.65845e+07 1.65845e+07 1.65845e+07 1.65845e+07 1.65845e+07 1.65845e+07 1.65845e+07 1.65845e+07 1.65845e+07 1.65845e+07 1.65845e+07 1.65845e+07 1.65845e+07 1.65845e+07 1.65845e+07 0 0 0 0 0 0 0 0 0 0 0 0 0 0 0 0 0 0 0 0 0 0 0 0 0
#obs cpue bio
 3.3908e+06 4.45191e+06 2.45654e+06 3.44315e+06 3.02432e+06 3.09006e+06 2.09250e+06 2.14564e+06 2.27052e+06 1.35174e+06 1.48586e+06 1.24824e+06 1.17321e+06 1.26814e+06 857808 870964 805147 514070 436468 689074 456674 520237 559626 490826 629357 398331 610883 497330 431657 603593 512895 564663 471781 445515 765919 548898 705224 360674 493251 631697 779845 725820 735882 584447 659911 629762 585931 453756 403208 682314
#pred surv len freq
 0.00465355 0.00749557 0.0111767 0.0156644 0.0208755 0.0266184 0.0325448 0.0382071 0.0432073 0.0473198 0.050507 0.0528589 0.0545254 0.0556655 0.0564056 0.0568126 0.05689 0.0565853 0.0557813 0.0542573 0.0516664 0.0476063 0.0418304 0.0345079 0.026337
 0.00501711 0.00800476 0.0117964 0.0163235 0.0215032 0.0271921 0.0331139 0.0388651 0.0440209 0.0482576 0.0514197 0.0535284 0.0547569 0.055372 0.0556443 0.0557613 0.0557779 0.0556085 0.0550354 0.0537175 0.0512232 0.0471402 0.0412803 0.0338967 0.0257433
 0.00515523 0.00826936 0.0122631 0.0170724 0.0225835 0.0285767 0.0346773 0.0404141 0.0453732 0.0493175 0.0521915 0.0540575 0.0550505 0.0553689 0.0552572 0.0549544 0.0546174 0.0542479 0.0536489 0.0524272 0.050067 0.046095 0.0403156 0.0330155 0.0249832
 0.0053321 0.00854142 0.0126487 0.0175915 0.0232688 0.0294809 0.0358604 0.0419056 0.0471238 0.0511766 0.0539381 0.0554744 0.0559938 0.0557854 0.0551519 0.0543524 0.0535589 0.0528105 0.0519584 0.050635 0.0483083 0.0444626 0.0388643 0.0317817 0.0239947
 0.00554003 0.00887517 0.0131425 0.0182732 0.0241548 0.0305704 0.0371333 0.0433279 0.0486588 0.0527866 0.0555669 0.0570224 0.0573123 0.0567062 0.0555365 0.0541283 0.0527274 0.0514356 0.0501551 0.0485575 0.0461311 0.0423543 0.0369642 0.0301865 0.0227532
 0.00578682 0.00926701 0.0137156 0.0190576 0.0251714 0.0318259 0.0386107 0.0449796 0.0504077 0.054539 0.0572295 0.0585126 0.0585543 0.0576178 0.0560211 0.0540863 0.0520847 0.050176 0.0483377 0.0463166 0.0436587 0.0398691 0.0346734 0.0282484 0.0212526
 0.00610743 0.00977452 0.0144545 0.0200614 0.0264596 0.0333969 0.0404325 0.0469835 0.0524919 0.056582 0.0591068 0.0601117 0.0597851 0.0584143 0.0563341 0.0538713 0.0512983 0.0487903 0.04637 0.0438578 0.0408831 0.0370142 0.0319932 0.0259553 0.0194703
 0.00641472 0.0102618 0.0151655 0.0210309 0.0277093 0.0349297 0.0422225 0.0489687 0.0545768 0.0586489 0.0610302 0.0617722 0.0610796 0.0592629 0.0566808 0.0536786 0.0505403 0.0474527 0.0444656 0.0414544 0.0381268 0.0341276 0.0292373 0.0235657 0.0175964
 0.00666981 0.0106725 0.015777 0.0218841 0.0288355 0.036341 0.0439 0.0508552 0.0565806 0.0606559 0.0629195 0.0634273 0.0623971 0.0601584 0.0570913 0.0535611 0.0498683 0.046216 0.0426797 0.0391807 0.0354955 0.0313426 0.0265484 0.0212096 0.0157327
 0.00687911 0.0110174 0.0163054 0.0226454 0.0298739 0.0376818 0.0455345 0.0527306 0.0586019 0.0626992 0.0648487 0.0651115 0.0637245 0.0610441 0.057479 0.0534185 0.0491807 0.0449839 0.0409258 0.0369674 0.032945 0.0286446 0.0239374 0.0189125 0.0139072
 0.00707437 0.0113386 0.0167968 0.0233539 0.0308431 0.0389417 0.0470865 0.0545361 0.0605791 0.0647298 0.0667919 0.0668224 0.0650735 0.0619327 0.0578467 0.0532393 0.0484543 0.0437286 0.0391797 0.0348007 0.0304777 0.0260539 0.0214397 0.0167173 0.0121615
 0.00740666 0.0118655 0.0175659 0.0244028 0.0321955 0.0406004 0.0490218 0.0566762 0.0628114 0.0669121 0.068771 0.0684526 0.0662345 0.0625428 0.0578676 0.0526727 0.0473316 0.0421007 0.0371136 0.032387 0.0278434 0.0233696 0.0189049 0.0145202 0.0104295
 0.00762865 0.0122245 0.0181031 0.0251566 0.0331962 0.0418609 0.050526 0.0583728 0.0646167 0.0687209 0.0704684 0.0699239 0.0673734 0.0632602 0.0581006 0.0523896 0.0465337 0.0408193 0.0354084 0.0303471 0.025593 0.0210675 0.0167293 0.012635 0.00894418
 0.00784441 0.0125725 0.0186225 0.0258834 0.0341586 0.0430701 0.0519649 0.0599878 0.0663195 0.0703999 0.0720047 0.0712073 0.0683143 0.0637962 0.0581961 0.0520328 0.045733 0.0396034 0.0338288 0.0284839 0.023559 0.0190059 0.014797 0.0109724 0.00764162
 0.00810784 0.0129756 0.0191831 0.0266045 0.0350322 0.0440833 0.0531005 0.0612193 0.0676042 0.0716763 0.073195 0.0722262 0.0690812 0.0642465 0.0582884 0.0517499 0.0450789 0.0386006 0.0325194 0.0269344 0.0218644 0.0172877 0.0131882 0.00959083 0.00656171
 0.00839469 0.0134318 0.0198496 0.0275091 0.0361811 0.0454494 0.0546141 0.0627718 0.069069 0.072939 0.0741756 0.0728836 0.0694033 0.0642375 0.0579608 0.0511216 0.0441733 0.0374484 0.0311615 0.0254274 0.0202855 0.0157334 0.0117629 0.0083854 0.00563024
 0.00866054 0.0138524 0.0204614 0.0283391 0.037243 0.0467364 0.056088 0.0643536 0.0706409 0.0743602 0.0753089 0.0736238 0.0696983 0.0640928 0.0574265 0.0502699 0.0430778 0.0361738 0.0297644 0.0239637 0.0188189 0.0143379 0.0105156 0.00735042 0.00484194
 0.00871235 0.0139565 0.020655 0.0286701 0.0377594 0.0474695 0.0570363 0.0654757 0.0718606 0.0755793 0.0764203 0.0745237 0.0702993 0.0643384 0.0573017 0.0498016 0.0423241 0.0352075 0.0286594 0.0227896 0.0176425 0.013225 0.00952832 0.00653721 0.00422649
 0.00864872 0.0138699 0.0205579 0.0285894 0.0377364 0.0475546 0.0572802 0.0659173 0.0725115 0.0764106 0.0773603 0.0754695 0.0711387 0.0649729 0.0576629 0.0498595 0.0420876 0.0347176 0.0279784 0.0219899 0.0167976 0.0124044 0.00879156 0.00592771 0.00376491
 0.00871384 0.0139421 0.0206056 0.0285662 0.0375983 0.0472862 0.0569152 0.0655388 0.0722301 0.0763286 0.0775389 0.0759097 0.0717811 0.0657136 0.0583805 0.0504435 0.0424608 0.0348472 0.0278751 0.0216977 0.0163809 0.0119337 0.00833167 0.00552796 0.00345308
 0.00883765 0.0141263 0.0208488 0.0288498 0.0378844 0.0475191 0.0570303 0.0654815 0.0719825 0.0759318 0.0770917 0.0755383 0.0715915 0.065752 0.0586197 0.0507997 0.0428271 0.0351284 0.0280118 0.021675 0.0162225 0.0116879 0.00805435 0.00526735 0.00324045
 0.0088565 0.0141579 0.0208975 0.0289191 0.0379741 0.0476215 0.0571264 0.0655406 0.0719686 0.0758161 0.0768702 0.0752441 0.0712936 0.0655344 0.0585489 0.0508957 0.043055 0.0354142 0.0282728 0.0218492 0.016285 0.0116499 0.00795043 0.00513847 0.00311974
 0.00882777 0.0141182 0.0208509 0.0288744 0.0379428 0.0476144 0.0571497 0.065593 0.0720387 0.075883 0.0769073 0.0752284 0.071218 0.0654166 0.0584296 0.0508231 0.0430617 0.0355007 0.0284074 0.0219842 0.0163787 0.0116833 0.00792903 0.0050835 0.00305543
 0.00870781 0.0139219 0.0205543 0.0284577 0.0373983 0.0469577 0.0564285 0.0648856 0.0714386 0.0754734 0.0767387 0.0753074 0.0715102 0.0658622 0.0589633 0.0513915 0.0436299 0.0360466 0.0289112 0.022423 0.0167301 0.0119345 0.00808388 0.00516124 0.00308257
 0.0088886 0.0141928 0.0209178 0.0288975 0.0378793 0.0474296 0.0568309 0.0651577 0.0715334 0.0753741 0.0764661 0.0749139 0.0710618 0.0654191 0.0585678 0.0510659 0.0433818 0.0358749 0.0288086 0.0223753 0.0167178 0.0119368 0.00808508 0.00515443 0.00306884
 0.00887763 0.0141784 0.0209024 0.0288842 0.0378706 0.0474237 0.0568203 0.0651295 0.0714742 0.0752757 0.0763311 0.0747576 0.07091 0.0653003 0.0585047 0.0510688 0.0434467 0.035987 0.0289483 0.0225229 0.0168559 0.0120522 0.00817047 0.00520926 0.00309835
 0.00892654 0.0142392 0.0209597 0.0289134 0.0378456 0.0473291 0.0566604 0.0649278 0.0712632 0.0750842 0.0761759 0.0746432 0.0708347 0.0652629 0.0585073 0.0511146 0.0435363 0.0361145 0.0291009 0.0226837 0.0170079 0.0121818 0.00826996 0.00527752 0.00313972
 0.00875143 0.0139868 0.0206387 0.0285495 0.0374709 0.0469671 0.0563173 0.0645986 0.0709473 0.0748 0.0759609 0.0745406 0.0708729 0.0654434 0.0588058 0.0514927 0.043954 0.0365379 0.0295039 0.0230463 0.017316 0.0124274 0.00845197 0.00540165 0.00321687
 0.00855309 0.013685 0.0202244 0.0280321 0.0368795 0.0463496 0.0557359 0.0641182 0.0706183 0.0746416 0.0759593 0.0746628 0.0710876 0.0657323 0.0591602 0.0519031 0.0444022 0.0369977 0.0299469 0.0234479 0.0176582 0.0127009 0.00865567 0.00554192 0.00330541
 0.00853718 0.0136465 0.0201433 0.0278834 0.036641 0.0460137 0.0553204 0.0636682 0.0701962 0.0743089 0.0757581 0.0746054 0.0711577 0.0658969 0.0593858 0.0521655 0.0446879 0.0372974 0.0302488 0.0237366 0.0179175 0.0129175 0.00882298 0.00566073 0.00338246
 0.00847467 0.013556 0.0200269 0.0277468 0.0364884 0.0458411 0.0551139 0.0634116 0.0698851 0.0739641 0.0754264 0.0743463 0.071021 0.0659049 0.0595287 0.0524108 0.0449953 0.0376311 0.0305817 0.0240489 0.0181941 0.0131475 0.00900108 0.00578794 0.00346564
 0.00830762 0.013303 0.0196811 0.0273161 0.0359944 0.0453164 0.0545984 0.0629463 0.0695044 0.073688 0.0752607 0.0742899 0.0710751 0.0660748 0.0598158 0.0528035 0.0454648 0.038137 0.0310822 0.0245091 0.0185902 0.0134673 0.0092423 0.00595692 0.00357469
 0.00801617 0.0128622 0.0190799 0.0265672 0.0351324 0.0443922 0.0536756 0.062099 0.0688096 0.0732119 0.0750445 0.0743413 0.0713706 0.0665698 0.0604584 0.053543 0.0462546 0.0389326 0.0318408 0.0251927 0.0191704 0.0139293 0.00958588 0.00619419 0.00372587
 0.00786233 0.0126273 0.0187553 0.0261565 0.0346516 0.0438692 0.0531482 0.0616112 0.0684035 0.0729191 0.07488 0.0743056 0.071455 0.0667616 0.060743 0.0539042 0.0466739 0.0393884 0.032308 0.0256432 0.019577 0.0142708 0.00985118 0.00638386 0.00385002
 0.00784557 0.0125616 0.0185864 0.0258131 0.0340672 0.0430148 0.0520606 0.0603974 0.0672165 0.0719161 0.0741844 0.073984 0.0715132 0.067155 0.061395 0.0547262 0.0475815 0.0403102 0.0331873 0.0264374 0.0202563 0.0148182 0.0102638 0.00667249 0.00403591
 0.00858291 0.0136122 0.0198901 0.0272123 0.0353402 0.0439373 0.0524639 0.060202 0.0664428 0.0706797 0.0726749 0.0724251 0.0701106 0.0660527 0.060656 0.0543407 0.0474912 0.0404353 0.0334472 0.0267618 0.0205896 0.0151208 0.010512 0.00685744 0.00416103
 0.00942961 0.0149188 0.0217185 0.0295522 0.0380887 0.0468819 0.0552802 0.0624929 0.0678323 0.0709297 0.0717652 0.0705522 0.0676149 0.0633155 0.0580106 0.0520192 0.0456112 0.039017 0.0324454 0.0260994 0.0201822 0.0148912 0.0103967 0.00680862 0.004146
 0.00925781 0.0147702 0.0217356 0.0299458 0.0390787 0.0486025 0.0576925 0.0653542 0.0707393 0.0734169 0.0734207 0.0711194 0.0670527 0.061798 0.0558637 0.0496199 0.0432906 0.0370003 0.0308391 0.0249127 0.0193637 0.014363 0.0100784 0.00663034 0.00405394
 0.00879316 0.0140726 0.0208023 0.0288373 0.037933 0.0476385 0.0571888 0.0655848 0.071868 0.0753934 0.0759459 0.0737172 0.0692228 0.063175 0.0563132 0.0492413 0.0423427 0.0357934 0.0296404 0.0238943 0.0185964 0.0138414 0.00975575 0.00644831 0.00396041
 0.00868425 0.0138646 0.0204343 0.0282397 0.0370539 0.0464838 0.0558608 0.0642938 0.0708998 0.0750339 0.076383 0.0749562 0.0710544 0.0652254 0.0581648 0.0505726 0.0430203 0.0358794 0.0293244 0.0233981 0.0180973 0.0134394 0.00947983 0.00628286 0.0038729
 0.00856809 0.0136883 0.0201891 0.0279173 0.0366379 0.0459429 0.0551551 0.0634016 0.0698584 0.0739721 0.0755158 0.0745273 0.0712423 0.0660568 0.0594838 0.0520891 0.0444184 0.0369295 0.0299455 0.023646 0.0181027 0.0133364 0.0093619 0.00619376 0.0038202
 0.00847987 0.0135534 0.0200024 0.0276803 0.0363578 0.0456301 0.0548178 0.0630402 0.0694621 0.073526 0.0750243 0.0740419 0.0708722 0.0659394 0.0597216 0.0526861 0.0452614 0.03783 0.0307205 0.0241874 0.0183992 0.0134471 0.00936854 0.00616249 0.00378782
 0.00856083 0.0136657 0.0201356 0.0278127 0.0364625 0.0456845 0.0548109 0.0629726 0.0693392 0.0733497 0.074789 0.0737419 0.0705186 0.0655771 0.0594286 0.0525476 0.0453261 0.0380786 0.0310699 0.0245315 0.0186578 0.0135929 0.00942051 0.00615991 0.00376586
 0.00858787 0.0137078 0.0201947 0.0278866 0.0365428 0.0457542 0.0548457 0.0629471 0.0692373 0.0731734 0.074559 0.0734883 0.0702691 0.0653519 0.0592466 0.0524338 0.045309 0.0381748 0.031266 0.0247821 0.0189033 0.0137862 0.0095434 0.00622135 0.00378773
 0.00862471 0.0137568 0.0202482 0.0279314 0.0365638 0.0457406 0.0547948 0.0628633 0.0691274 0.0730424 0.0744099 0.0733264 0.0701054 0.0652026 0.0591293 0.0523642 0.0453 0.0382342 0.031392 0.0249574 0.0190969 0.0139634 0.00967978 0.00630964 0.00383551
 0.00892307 0.0141992 0.0208341 0.0286303 0.0373216 0.0464912 0.0554705 0.0634016 0.0694766 0.0731694 0.0743058 0.0730072 0.0696081 0.064579 0.0584395 0.0516702 0.0446578 0.0376875 0.0309663 0.0246578 0.0189089 0.0138592 0.0096281 0.00628487 0.00382205
 0.0092852 0.0147402 0.0215583 0.0295073 0.0382909 0.0474731 0.0563765 0.0641433 0.0699784 0.0733833 0.0742222 0.0726535 0.0690375 0.0638564 0.0576313 0.0508384 0.0438582 0.0369668 0.030359 0.0241816 0.0185636 0.0136286 0.00948585 0.00620314 0.00377748
 0.00954423 0.0151573 0.0221764 0.0303575 0.0393793 0.0487631 0.057775 0.0655049 0.0711346 0.0741855 0.0745784 0.0725435 0.0685062 0.0629939 0.0565491 0.0496498 0.0426638 0.0358478 0.0293741 0.0233665 0.0179308 0.0131696 0.00917586 0.00600869 0.00366428
 0.00950175 0.0151236 0.0221922 0.0304854 0.0396909 0.0493161 0.0585885 0.0665428 0.0723031 0.0753461 0.075573 0.0732299 0.0687917 0.0628564 0.0560362 0.0488586 0.0417128 0.0348516 0.0284276 0.0225368 0.0172555 0.0126589 0.00881789 0.00577681 0.00352594
 0.00908941 0.014531 0.0214467 0.0296682 0.0389226 0.0487286 0.0582973 0.0666274 0.0727927 0.0762067 0.0767038 0.0744755 0.069974 0.0638156 0.0566669 0.0491279 0.041657 0.0345549 0.0279932 0.0220616 0.0168132 0.0122937 0.00854595 0.00559306 0.00341309
#obs surv len freq
 nan nan nan nan nan nan nan nan nan nan nan nan nan nan nan nan nan nan nan nan nan nan nan nan nan
 0.00448985 0.00735346 0.0111854 0.0160027 0.0217032 0.0279773 0.0342893 0.0400181 0.0446955 0.0481575 0.0505138 0.0520083 0.0528994 0.0534109 0.0537244 0.0539788 0.054257 0.0545494 0.054688 0.0542799 0.052718 0.0493505 0.043801 0.0362819 0.0276665
 0.00460985 0.00755354 0.0114953 0.0164522 0.0223139 0.0287515 0.0351987 0.0410015 0.0456682 0.0490293 0.0512068 0.0524679 0.053099 0.0533508 0.0534274 0.0534822 0.0536042 0.0537828 0.0538465 0.0534002 0.0518389 0.0485148 0.0430532 0.0356599 0.0271912
 0.00477741 0.00782518 0.011903 0.0170259 0.0230769 0.029712 0.0363393 0.0422733 0.0469923 0.050307 0.0523337 0.0533481 0.0536578 0.0535446 0.0532475 0.0529517 0.0527701 0.0527062 0.0525947 0.052044 0.050454 0.0471819 0.0418524 0.0346574 0.0264236
 0.00497522 0.00814776 0.0123903 0.0177152 0.0239958 0.0308667 0.0377035 0.0437844 0.0485607 0.0518322 0.0537171 0.0544988 0.0544945 0.0539991 0.0532723 0.0525289 0.0519153 0.0514678 0.0510486 0.0502887 0.0486055 0.0453682 0.0401995 0.0332682 0.0253559
 0.00518029 0.00848553 0.0129068 0.0184562 0.0249978 0.0321428 0.039229 0.0454914 0.0503477 0.0535835 0.0553212 0.0558585 0.0555286 0.0546406 0.0534669 0.0522379 0.0511231 0.0501913 0.0493451 0.0482598 0.0463939 0.0431454 0.0381413 0.0315208 0.0240046
 0.00541055 0.00886253 0.0134793 0.0192719 0.0260947 0.0335354 0.0408932 0.0473586 0.0523127 0.0555231 0.0571131 0.0573936 0.0567163 0.0554093 0.0537617 0.0520177 0.0503622 0.0488872 0.0475337 0.0460301 0.0438959 0.0405791 0.0357254 0.0294456 0.022387
 0.0056355 0.00923139 0.0140405 0.0200731 0.0271743 0.034909 0.0425392 0.0492124 0.0542751 0.0574784 0.0589457 0.0589978 0.0579999 0.0562941 0.0541834 0.0519249 0.0497175 0.0476739 0.0457696 0.043788 0.0413183 0.0378747 0.0331365 0.0271928 0.020614
 0.00587339 0.00962078 0.0146315 0.0209142 0.0283033 0.0363386 0.0442422 0.0511164 0.0562733 0.0594498 0.0607748 0.0605848 0.0592625 0.0571648 0.0546057 0.0518502 0.049105 0.0464974 0.0440332 0.0415488 0.038707 0.0350972 0.0304445 0.0248256 0.0187349
 0.00612419 0.01003 0.0152502 0.0217909 0.0294745 0.0378146 0.0459915 0.0530609 0.058299 0.061429 0.0625873 0.06213 0.0604629 0.057963 0.0549588 0.0517229 0.0484661 0.0453228 0.042321 0.0393436 0.0361246 0.0323321 0.0277442 0.0224331 0.0168227
 0.00637051 0.0104351 0.0158683 0.0226748 0.0306651 0.0393231 0.0477829 0.0550488 0.0603585 0.0634223 0.0643871 0.0636333 0.0615941 0.0586718 0.0552137 0.0515038 0.0477573 0.0441129 0.0406133 0.0371789 0.0336064 0.0296387 0.0251085 0.0200894 0.0149416
 0.00660477 0.0108212 0.0164593 0.0235234 0.0318131 0.0407853 0.0495295 0.0569985 0.0623899 0.0653961 0.0661698 0.0651131 0.062688 0.059327 0.0554028 0.0512173 0.0469945 0.0428785 0.0389233 0.0350781 0.0311923 0.0270737 0.022605 0.0178634 0.0131523
 0.0068385 0.0112031 0.0170376 0.0243443 0.0329122 0.0421732 0.0511774 0.0588323 0.064299 0.0672533 0.0678512 0.0665115 0.0637199 0.059935 0.0555557 0.0509049 0.0462218 0.0416606 0.0372879 0.0330779 0.0289228 0.0246841 0.0202861 0.0158078 0.0115018
 0.00706802 0.0115779 0.0176047 0.0251476 0.0339837 0.0435185 0.0527615 0.0605756 0.0660892 0.0689677 0.069377 0.0677569 0.0646167 0.0604373 0.0556372 0.0505566 0.0454486 0.0404798 0.0357318 0.0312028 0.0268221 0.0224951 0.0181786 0.0139498 0.0100152
 0.00726217 0.0119012 0.018105 0.0258737 0.0349737 0.0447831 0.0542677 0.0622417 0.0677983 0.0705917 0.0708001 0.0688889 0.0653972 0.0608326 0.0556352 0.0501602 0.0446708 0.0393425 0.0342692 0.0294706 0.0249079 0.0205229 0.016297 0.0123026 0.00870411
 0.00743037 0.0121765 0.018523 0.0264695 0.0357761 0.0458046 0.0554927 0.0636201 0.0692486 0.0720134 0.0720885 0.0699494 0.0661559 0.0612424 0.055676 0.0498339 0.0439943 0.0383427 0.0329841 0.0279552 0.023243 0.0188179 0.0146798 0.0108943 0.00758792
 0.00752741 0.0123349 0.0187629 0.0268114 0.0362381 0.0463985 0.0562183 0.064462 0.0701763 0.0729837 0.0730482 0.0708368 0.0669047 0.0617882 0.0559649 0.0498298 0.0436826 0.0377299 0.0320968 0.0268417 0.021976 0.017494 0.0134096 0.00978091 0.0067024
 0.00759114 0.0124351 0.018908 0.0270076 0.0364905 0.0467107 0.0565921 0.0648965 0.0706674 0.0735237 0.0736238 0.0714266 0.0674756 0.0622952 0.0563543 0.0500471 0.0436822 0.0374845 0.0316042 0.0261285 0.0210984 0.0165339 0.0124625 0.00893661 0.00602385
 0.0076681 0.0125517 0.0190674 0.0272073 0.0367232 0.0469663 0.0568602 0.0651679 0.0709363 0.0737897 0.073892 0.0717036 0.0677634 0.0625843 0.0566199 0.0502502 0.043776 0.0374253 0.0313638 0.0257049 0.0205215 0.015863 0.0117747 0.00830835 0.005511
 0.00771946 0.0126329 0.019185 0.0273648 0.0369192 0.0471928 0.0571014 0.0654027 0.071144 0.0739582 0.074022 0.0718076 0.0678591 0.0626861 0.056731 0.0503579 0.0438521 0.0374319 0.0312644 0.025478 0.0201715 0.0154232 0.0113 0.00785924 0.00513553
 0.00777241 0.0127118 0.0192906 0.0274933 0.037064 0.0473467 0.0572578 0.0655551 0.0712854 0.0740805 0.0741184 0.0718755 0.0679024 0.0627143 0.0567553 0.0503841 0.0438745 0.0374319 0.0312154 0.0253556 0.0199657 0.0151462 0.010985 0.00754928 0.00486875
 0.00781469 0.0127754 0.0193764 0.0275984 0.0371815 0.0474672 0.0573705 0.0656502 0.0713564 0.0741267 0.0741442 0.0718884 0.0679093 0.0627199 0.0567624 0.0503936 0.0438842 0.0374338 0.0311947 0.0252951 0.0198531 0.0149828 0.0107878 0.00734602 0.00468747
 0.00782572 0.0127914 0.019397 0.0276218 0.037205 0.0474878 0.0573858 0.0656586 0.0713581 0.0741236 0.0741407 0.0718903 0.0679221 0.0627474 0.0568047 0.0504474 0.0439431 0.0374883 0.0312332 0.0253045 0.0198235 0.0149119 0.0106845 0.00722815 0.00457523
 0.00788705 0.0128835 0.019521 0.0277733 0.0373745 0.047662 0.0575492 0.065795 0.0714527 0.0741668 0.0741304 0.0718324 0.0678293 0.0626355 0.0566895 0.0503411 0.0438522 0.0374133 0.0311687 0.0252419 0.0197538 0.0148302 0.0105926 0.00713409 0.00448973
 0.00789604 0.0129006 0.0195512 0.0278219 0.0374453 0.047754 0.0576549 0.0659008 0.0715432 0.0742295 0.0741592 0.071828 0.0677972 0.0625838 0.0566271 0.0502766 0.0437926 0.0373623 0.0311258 0.0252028 0.0197128 0.0147828 0.0105383 0.00707699 0.00443636
 0.00787949 0.0128727 0.0195078 0.0277598 0.0373644 0.04766 0.0575605 0.0658233 0.0714991 0.0742275 0.0741972 0.0718952 0.0678789 0.0626671 0.0567036 0.0503426 0.0438479 0.037408 0.0311627 0.0252302 0.0197286 0.0147853 0.010528 0.0070573 0.0044127
 0.00787518 0.01286 0.0194784 0.0277028 0.0372693 0.0475222 0.0573855 0.0656289 0.0713115 0.074076 0.0741058 0.0718766 0.0679318 0.0627776 0.0568503 0.0505036 0.0440054 0.0375507 0.0312845 0.0253285 0.0198025 0.0148354 0.0105565 0.00706854 0.00441259
 0.00787246 0.0128509 0.0194559 0.027657 0.0371893 0.0473995 0.0572179 0.0654231 0.0710842 0.0738518 0.0739142 0.0717457 0.0678819 0.0628155 0.0569675 0.0506792 0.0442126 0.0377632 0.0314819 0.0254978 0.0199375 0.014935 0.0106236 0.00710888 0.00443336
 0.00789396 0.0128819 0.0194946 0.0276984 0.0372251 0.0474189 0.0572089 0.0653748 0.0709901 0.0737134 0.0737433 0.071564 0.067717 0.062694 0.0569085 0.0506889 0.0442832 0.0378767 0.0316156 0.0256305 0.020054 0.015027 0.0106892 0.00715088 0.00445712
 0.00788526 0.0128727 0.0194897 0.0277046 0.0372484 0.0474608 0.0572631 0.0654274 0.0710233 0.0737113 0.073697 0.071475 0.067597 0.0625634 0.0567912 0.0506064 0.0442489 0.037892 0.0316708 0.025709 0.020138 0.0151025 0.0107484 0.00719178 0.0044821
 0.00784433 0.0128046 0.0193853 0.0275564 0.0370549 0.0472311 0.0570204 0.0652051 0.0708551 0.0736187 0.0736826 0.0715238 0.0676858 0.0626708 0.0569045 0.0507232 0.0443729 0.0380276 0.0318179 0.0258609 0.0202832 0.0152294 0.010849 0.00726384 0.0045286
 0.0078229 0.0127662 0.0193209 0.0274552 0.036907 0.0470318 0.0567746 0.0649307 0.0705814 0.0733814 0.0735152 0.0714484 0.0677067 0.0627746 0.0570666 0.050917 0.044578 0.038232 0.0320156 0.0260474 0.0204528 0.0153751 0.0109652 0.00734871 0.00458486
 0.00781108 0.0127456 0.0192869 0.0274021 0.0368284 0.0469218 0.0566296 0.0647516 0.0703757 0.0731644 0.0733095 0.0712812 0.0676033 0.0627513 0.0571254 0.0510455 0.0447545 0.0384327 0.0322206 0.0262424 0.0206282 0.0155242 0.0110839 0.00743618 0.00464377
 0.00776428 0.0126712 0.0191784 0.0272549 0.0366415 0.0466991 0.0563816 0.064495 0.0701302 0.0729489 0.0731392 0.071167 0.067554 0.0627735 0.057222 0.0512123 0.0449786 0.0386938 0.0324944 0.0265065 0.020865 0.0157225 0.0112389 0.00754851 0.00471874
 0.00772972 0.0126124 0.0190852 0.0271171 0.0364513 0.0464561 0.0560964 0.0641895 0.0698337 0.0726906 0.0729418 0.0710444 0.067511 0.0628089 0.0573307 0.0513866 0.0452077 0.0389623 0.0327826 0.0267922 0.0211274 0.015946 0.0114151 0.00767675 0.00480438
 0.00932936 0.014852 0.0217888 0.0298975 0.0388222 0.0480109 0.0566503 0.0638078 0.0687516 0.0711941 0.0712795 0.069392 0.0659759 0.0614477 0.0561671 0.0504245 0.0444392 0.0383723 0.0323506 0.0264932 0.0209338 0.0158301 0.0113518 0.00764602 0.00479164
 0.00928505 0.0150776 0.0226535 0.0318614 0.0422366 0.0528475 0.0623298 0.0692945 0.0729221 0.0732817 0.0711277 0.0673974 0.0628148 0.0577869 0.0524981 0.0470357 0.0414648 0.0358552 0.0302869 0.0248561 0.0196829 0.0149156 0.0107172 0.00723159 0.00453917
 0.0089561 0.0145567 0.0219173 0.0309549 0.0413283 0.0522682 0.0625343 0.0706993 0.0756566 0.077002 0.0750581 0.0706263 0.0646761 0.0580924 0.0515074 0.0452417 0.0393607 0.0337994 0.0284795 0.0233763 0.0185379 0.0140755 0.0101345 0.00685187 0.00430856
 0.00881197 0.0143117 0.021529 0.0303794 0.0405359 0.0512742 0.0614399 0.0697212 0.0751134 0.0772269 0.0762485 0.0726959 0.0672188 0.0605132 0.0532665 0.0460639 0.0392927 0.03311 0.0274985 0.0223708 0.0176664 0.0134001 0.00965524 0.00653764 0.00411808
 0.00875255 0.0142115 0.0213705 0.0301414 0.0401947 0.0508087 0.0608408 0.0690072 0.0743513 0.0765487 0.0758453 0.0727703 0.0678935 0.0617394 0.0547981 0.0475377 0.0403792 0.0336447 0.0275154 0.0220389 0.0171869 0.0129285 0.00927462 0.00627016 0.00395014
 0.00871265 0.0141437 0.0212629 0.0299806 0.0399684 0.0505085 0.060466 0.068566 0.0738614 0.0760413 0.0753738 0.0724196 0.067774 0.0619524 0.0553789 0.0484095 0.041359 0.0345109 0.0281022 0.0222962 0.0171749 0.0127631 0.00906583 0.00608771 0.00382048
 0.00867158 0.0140813 0.0211768 0.0298705 0.0398347 0.0503505 0.0602812 0.0683512 0.0736152 0.0757668 0.0750828 0.0721375 0.0675443 0.0618361 0.05544 0.0486855 0.0418288 0.0350858 0.0286545 0.0227136 0.0174057 0.0128254 0.00902083 0.00600144 0.0037382
 0.00867502 0.0140807 0.0211647 0.0298369 0.0397699 0.05025 0.0601488 0.0681975 0.0734525 0.0756036 0.0749211 0.071977 0.0673899 0.0617057 0.0553662 0.0487071 0.0419723 0.0353449 0.0289826 0.0230385 0.0176607 0.0129774 0.00907698 0.00599471 0.0037052
 0.00867192 0.014078 0.0211644 0.029841 0.0397785 0.0502587 0.0601478 0.0681745 0.0733978 0.0755148 0.0748047 0.0718445 0.067254 0.0615783 0.0552613 0.0486431 0.0419697 0.035417 0.0291237 0.0232199 0.0178405 0.0131184 0.00916198 0.00602886 0.00370676
 0.00868122 0.0140904 0.0211784 0.0298538 0.0397874 0.0502626 0.0601476 0.0681716 0.0733916 0.0755008 0.0747757 0.0717946 0.0671821 0.0614904 0.0551687 0.0485611 0.0419151 0.0354042 0.029159 0.0232968 0.0179395 0.0132145 0.00923554 0.00607243 0.00372472
 0.00865748 0.0140578 0.0211402 0.0298164 0.039758 0.050246 0.060144 0.068177 0.0734004 0.0755087 0.0747804 0.0717943 0.0671746 0.0614733 0.0551417 0.0485285 0.0418855 0.0353888 0.0291673 0.0233317 0.0179951 0.0132779 0.00929257 0.00611388 0.00374873
 0.00864755 0.0140397 0.0211098 0.0297697 0.0396936 0.0501675 0.0600616 0.0681056 0.0733538 0.0754941 0.0747958 0.0718305 0.0672198 0.0615172 0.0551777 0.0485541 0.0419026 0.0354028 0.0291853 0.0233592 0.0180332 0.0133222 0.00933563 0.00614886 0.00377243
 0.00862767 0.0140106 0.0210716 0.0297244 0.0396433 0.0501139 0.060005 0.0680467 0.0732958 0.0754442 0.074763 0.0718224 0.0672384 0.0615578 0.0552312 0.0486103 0.0419544 0.0354475 0.0292243 0.0233959 0.0180701 0.0133594 0.00937053 0.00617802 0.00379362
 0.00863424 0.0140181 0.0210772 0.0297238 0.0396325 0.0500909 0.0599717 0.0680076 0.0732563 0.0754079 0.0747318 0.0717974 0.0672218 0.0615524 0.0552383 0.0486287 0.0419802 0.035476 0.0292522 0.0234222 0.0180953 0.0133838 0.00939332 0.00619764 0.00380866
 0.00861763 0.013994 0.0210463 0.029688 0.0395943 0.0500518 0.0599315 0.0679656 0.0732131 0.0753663 0.074697 0.071775 0.0672153 0.0615628 0.0552642 0.0486671 0.0420272 0.0355272 0.0293032 0.0234696 0.0181371 0.0134191 0.00942215 0.00621995 0.0038247
#pred catch len freq
 0.00339794 0.00543042 0.00803293 0.0112001 0.0149544 0.0193197 0.0242575 0.0296288 0.0352107 0.0407399 0.0459539 0.0506281 0.0546079 0.0578189 0.0602488 0.0619165 0.0628471 0.0630491 0.0624713 0.0609388 0.0581169 0.0535909 0.0471062 0.038867 0.0296663
 0.0036811 0.00583061 0.00852812 0.0117432 0.0155007 0.0198624 0.0248429 0.0303304 0.0360696 0.0417071 0.0468755 0.0512909 0.0548242 0.0575066 0.0594695 0.0608552 0.0617443 0.062111 0.0617959 0.060492 0.0577709 0.0532062 0.0466092 0.0382789 0.0290736
 0.00381715 0.00607447 0.00893311 0.0123627 0.0163647 0.0209489 0.0260661 0.0315647 0.0372041 0.0426915 0.0477172 0.0519993 0.0553504 0.0577354 0.0592768 0.0601918 0.0606837 0.0608263 0.0604818 0.0592822 0.0567018 0.0522435 0.0457099 0.0374393 0.0283331
 0.00399454 0.00634774 0.00932096 0.0128849 0.0170527 0.0218525 0.0272413 0.0330382 0.0389287 0.0445259 0.0494555 0.053439 0.0563539 0.0582415 0.0592696 0.0596708 0.0596696 0.0593911 0.05876 0.0574407 0.0548893 0.0505596 0.0442102 0.0361595 0.0273021
 0.00419913 0.00667118 0.00979091 0.013522 0.0178695 0.0228537 0.0284245 0.0343975 0.0404566 0.0462036 0.0512266 0.0551846 0.0578933 0.0593726 0.0598259 0.0595618 0.0588885 0.0580026 0.056888 0.0552545 0.0525821 0.048317 0.0421846 0.0344558 0.0259734
 0.00445343 0.0070699 0.0103651 0.0142945 0.0188565 0.0240634 0.0298519 0.0360152 0.0422109 0.0480191 0.0530172 0.0568612 0.059361 0.0605204 0.0605239 0.0596791 0.0583286 0.0567397 0.0549856 0.0528632 0.0499176 0.0456245 0.039695 0.0323457 0.0243373
 0.00474612 0.00752914 0.0110267 0.0151848 0.0199926 0.0254531 0.0314874 0.0378644 0.0442109 0.0500767 0.0550165 0.0586772 0.0608749 0.0616303 0.0611433 0.0597297 0.0577396 0.0554653 0.053037 0.0503392 0.0470122 0.0426028 0.03684 0.0298935 0.0224266
 0.00503412 0.00798148 0.0116795 0.0160653 0.0211203 0.0268391 0.0331281 0.0397323 0.0462472 0.0521902 0.0570892 0.060576 0.0624672 0.0627983 0.0617933 0.0597917 0.0571627 0.0542187 0.0511273 0.047839 0.0440853 0.0395003 0.0338562 0.0272946 0.0203828
 0.00530454 0.00840966 0.0123039 0.016918 0.022226 0.0282122 0.0347649 0.0416018 0.0482862 0.0543049 0.0591622 0.0624765 0.0640641 0.0639734 0.0624504 0.0598599 0.056595 0.0529928 0.0492547 0.0453875 0.0412031 0.0364208 0.0308656 0.0246645 0.0182974
 0.00555372 0.00880881 0.012895 0.0177402 0.0233133 0.0295877 0.0364297 0.0435237 0.0503937 0.0564899 0.0612901 0.0644022 0.06565 0.065104 0.06304 0.0598518 0.0559574 0.0517167 0.0473614 0.042947 0.0383562 0.0333866 0.0279154 0.0220611 0.0162244
 0.00583516 0.00925557 0.013549 0.0186375 0.0244839 0.031051 0.0381849 0.0455368 0.0525896 0.0587525 0.0634722 0.0663437 0.0672004 0.0661432 0.0634888 0.0596714 0.055141 0.0502814 0.0453499 0.0404409 0.0354957 0.0303788 0.0250132 0.0195091 0.0141943
 0.00615355 0.00975589 0.0142715 0.0196132 0.0257349 0.0325899 0.0400065 0.0476059 0.0548307 0.061048 0.0656707 0.0682776 0.0687106 0.0671019 0.0638153 0.0593348 0.0541527 0.0486846 0.043214 0.0378676 0.032632 0.0274233 0.0221982 0.0170549 0.0122519
 0.00641721 0.0101733 0.0148798 0.0204428 0.0268083 0.0339184 0.0415827 0.0493951 0.0567674 0.0630373 0.0675943 0.070003 0.0701035 0.0680422 0.0642115 0.0591345 0.0533457 0.0473004 0.0413188 0.0355649 0.0300675 0.0247839 0.019694 0.0148791 0.0105344
 0.00664672 0.0105378 0.0154137 0.0211756 0.0277643 0.0351123 0.0430114 0.0510278 0.0585391 0.0648508 0.0693297 0.0715331 0.0713102 0.0688297 0.0645134 0.0589145 0.0525972 0.0460466 0.0396153 0.0335044 0.0277834 0.0224458 0.0174881 0.0129728 0.00903639
 0.00694564 0.0109933 0.016044 0.0219812 0.0287344 0.0362332 0.0442683 0.0523991 0.0599861 0.066311 0.0707176 0.0727487 0.0722543 0.0694186 0.0646897 0.0586498 0.0518901 0.0449202 0.0381178 0.0317142 0.0258134 0.0204406 0.0156058 0.0113535 0.00776924
 0.00725937 0.0114848 0.0167489 0.0229191 0.0299047 0.0376104 0.0457959 0.0539901 0.0615349 0.0677131 0.0718859 0.0736201 0.0727871 0.069589 0.0644885 0.0580824 0.0509756 0.0436913 0.0366228 0.0300215 0.0240165 0.0186562 0.0139599 0.00995588 0.00668617
 0.00752072 0.0118947 0.017339 0.0237119 0.0309133 0.0388355 0.0472173 0.0555538 0.0631467 0.0692439 0.0731924 0.0745751 0.0733078 0.0696502 0.0641164 0.0573339 0.0499183 0.0423909 0.0351425 0.0284284 0.0223889 0.0170858 0.0125421 0.00877113 0.00577919
 0.00759255 0.0120249 0.0175605 0.0240657 0.0314421 0.0395714 0.0481689 0.0566972 0.064424 0.0705676 0.0744522 0.0756501 0.0740847 0.0700454 0.0640934 0.0569083 0.0491464 0.0413517 0.0339202 0.0271052 0.0210457 0.0158032 0.0113966 0.00782296 0.00505908
 0.00751864 0.0119223 0.0174405 0.0239555 0.0313844 0.0396208 0.0483835 0.0571263 0.0650906 0.0714524 0.0754877 0.076729 0.0750809 0.0708392 0.064593 0.0570639 0.0489551 0.0408524 0.0331815 0.026211 0.0200838 0.0148578 0.010541 0.00711114 0.00451783
 0.00755823 0.0119606 0.017451 0.0239007 0.0312297 0.0393563 0.0480416 0.0567837 0.0648512 0.0714163 0.0757198 0.0772361 0.0758061 0.0716737 0.065403 0.0577233 0.0493731 0.0409882 0.033045 0.0258528 0.0195791 0.0142901 0.00998729 0.00663024 0.0041429
 0.00762725 0.0120611 0.0175786 0.0240385 0.0313465 0.0394082 0.0479805 0.0565746 0.0644957 0.0709701 0.0752887 0.0769454 0.0757539 0.0718924 0.0658474 0.058288 0.0499292 0.0414225 0.0332879 0.0258877 0.0194364 0.0140297 0.00967854 0.00633331 0.00389748
 0.00764064 0.0120836 0.0176135 0.0240882 0.0314104 0.0394791 0.0480411 0.0565966 0.0644446 0.0708182 0.0750331 0.0766228 0.0754401 0.0716801 0.065809 0.0584432 0.0502346 0.0417896 0.0336188 0.0261096 0.0195204 0.0139901 0.0095577 0.00618096 0.00375391
 0.00754304 0.0119393 0.0174234 0.0238638 0.0311718 0.039251 0.0478484 0.0564594 0.0643726 0.070806 0.0750598 0.0766609 0.0754708 0.0717069 0.0658598 0.0585555 0.0504313 0.0420605 0.0339201 0.0263824 0.0197167 0.0140904 0.00957283 0.00614108 0.00369232
 0.00751862 0.0118908 0.0173344 0.0237141 0.0309434 0.0389374 0.0474626 0.0560368 0.0639655 0.0704703 0.0748406 0.0765805 0.0755246 0.0718695 0.0660985 0.0588434 0.0507527 0.042404 0.0342682 0.0267072 0.0199865 0.0142829 0.00968457 0.0061868 0.00369628
 0.00760785 0.0120225 0.0175072 0.0239156 0.0311511 0.0391213 0.0475894 0.0560764 0.0638991 0.0702995 0.0745901 0.0762924 0.0752452 0.0716358 0.0659303 0.0587449 0.0507181 0.0424241 0.0343311 0.0267968 0.0200825 0.0143652 0.00974005 0.00621316 0.00370038
 0.00757813 0.0119793 0.0174514 0.0238506 0.031081 0.0390476 0.0475094 0.0559834 0.0637855 0.0701616 0.0744328 0.0761315 0.0751057 0.0715452 0.0659098 0.0588017 0.0508443 0.0426004 0.0345333 0.0270014 0.020269 0.0145188 0.00985288 0.00628557 0.00373973
 0.00756825 0.0119537 0.0173954 0.0237465 0.0309133 0.0388126 0.0472215 0.055674 0.063494 0.0699219 0.074265 0.0760406 0.0750871 0.0715918 0.0660161 0.058963 0.0510535 0.0428446 0.034794 0.027257 0.0204995 0.0147093 0.00999621 0.00638287 0.00379854
 0.00741712 0.0117353 0.0171163 0.0234271 0.0305784 0.0384783 0.0468887 0.0553352 0.063149 0.0695921 0.0739935 0.0758772 0.0750676 0.0717239 0.0662798 0.0593218 0.0514672 0.0432771 0.0352156 0.0276438 0.0208333 0.0149785 0.0101974 0.00652092 0.00388467
 0.00726759 0.0115088 0.0168073 0.023044 0.030144 0.0380272 0.0464632 0.0549763 0.0628849 0.0694294 0.0739193 0.0758733 0.0751254 0.0718493 0.0664836 0.0596066 0.0518195 0.04367 0.0356165 0.0280224 0.0211659 0.0152506 0.0104037 0.00666486 0.0039764
 0.00723566 0.0114488 0.0167023 0.0228738 0.0298912 0.0376863 0.0460494 0.0545283 0.0624582 0.0690819 0.0736944 0.0757878 0.0751686 0.0719929 0.0666973 0.0598687 0.0521173 0.0439931 0.0359504 0.0283474 0.0214613 0.0154994 0.010597 0.00680271 0.00406608
 0.00714855 0.01132 0.0165314 0.0226657 0.0296512 0.0374138 0.0457366 0.0541674 0.0620547 0.0686654 0.0733185 0.0755156 0.0750504 0.0720482 0.0669107 0.0602001 0.0525187 0.0444218 0.0363741 0.0287422 0.0218089 0.0157871 0.0108189 0.00696073 0.00416914
 0.00697143 0.0110524 0.0161668 0.0222129 0.0291322 0.03686 0.0451845 0.053654 0.0616117 0.0683147 0.0730729 0.0753856 0.0750498 0.0721921 0.0672053 0.0606319 0.0530518 0.0450062 0.0369577 0.029282 0.0222754 0.0161648 0.0111044 0.00716105 0.00429858
 0.00677182 0.0107518 0.0157588 0.0217067 0.0285494 0.0362288 0.0445371 0.0530279 0.0610504 0.0678641 0.0727728 0.075261 0.0751067 0.0724195 0.0675821 0.0611312 0.0536417 0.0456476 0.0376061 0.0298925 0.0228111 0.0166022 0.0114361 0.00739367 0.00444866
 0.00656992 0.0104449 0.0153371 0.0211766 0.0279324 0.0355591 0.0438589 0.0523925 0.060509 0.067459 0.072531 0.0751924 0.0752072 0.0726749 0.0679702 0.0616248 0.0542102 0.0462581 0.0382234 0.0304805 0.0233362 0.0170395 0.0117736 0.00763364 0.00460508
 0.00655778 0.0103944 0.0152044 0.0209026 0.0274586 0.0348527 0.0429359 0.0513258 0.0594155 0.0664727 0.0717726 0.0747458 0.0751067 0.072905 0.0684769 0.0623329 0.0550399 0.047136 0.0390872 0.0312798 0.0240331 0.0176097 0.0122086 0.00794085 0.00480443
 0.00719072 0.0112962 0.016323 0.0221014 0.0285441 0.0356268 0.0432455 0.0510933 0.0586518 0.0652767 0.0703168 0.0732415 0.0737551 0.0718536 0.0677962 0.0620194 0.0550374 0.0473617 0.0394537 0.0317089 0.0244618 0.0179931 0.0125201 0.00817146 0.00495972
