SBPRF35
7.99328
Curr Bio
600740
B35
553678
F35
0.210799
FOFL
0.201086
OFL
83684.8
Bzero
2.28379e+006
#pred survey bio
 2.77171e+006 2.58722e+006 2.35097e+006 2.18011e+006 2.03278e+006 1.83976e+006 1.6079e+006 1.38572e+006 1.25637e+006 1.16491e+006 1.08117e+006 941451 815528 746244 693020 682404 681625 689822 676590 616478 560054 536611 550233 586784 601120 613392 565866 547713 539596 544320 509727 500718 513133 520299 528630 537636 553372 545934 552361 578244 592303 585278 577168 625953 681512 654310 578675 497433 490388 516223 608917 651298 670397 645877 606785 598722 617764 635166 620744 602028 585931 572480 602795 607077 1.8753e+007 1.10523e+007 1.12703e+007 1.20292e+007 1.3055e+007 1.41131e+007 1.50664e+007 1.58575e+007 1.64801e+007 1.69529e+007 1.73035e+007 1.75597e+007 1.77452e+007 1.7879e+007 1.79756e+007 1.80453e+007 1.80959e+007 1.81329e+007 1.816e+007 1.818e+007 1.81949e+007 1.82061e+007 1.82145e+007 1.82208e+007 1.82256e+007 1.82292e+007 1.8232e+007 1.82342e+007 1.82358e+007 1.82371e+007 1.8238e+007 1.82388e+007 1.82394e+007 1.82398e+007 1.82402e+007 1.82404e+007 1.82406e+007 1.82408e+007 1.82409e+007 1.8241e+007 1.82411e+007 1.82412e+007 1.82412e+007 1.82412e+007 1.82413e+007 1.82413e+007 1.82413e+007 1.82413e+007 1.82413e+007 1.82413e+007 1.82413e+007 1.82413e+007 1.82413e+007 1.82413e+007 1.82413e+007 1.82414e+007 1.82414e+007 1.82414e+007 1.82414e+007 1.82414e+007 1.82414e+007 1.82414e+007 1.82414e+007 1.82414e+007 1.82414e+007 1.82414e+007 1.82414e+007 1.82414e+007 1.82414e+007 1.82414e+007 1.82414e+007 1.82414e+007 1.82414e+007 1.82414e+007 1.82414e+007 1.82414e+007 1.82414e+007 1.82414e+007 1.82414e+007 1.82414e+007 1.82414e+007 1.82414e+007 1.82414e+007 1.82414e+007 1.82414e+007 1.82414e+007 1.82414e+007 1.82414e+007 1.82414e+007 1.82414e+007 1.82414e+007 1.82414e+007 1.82414e+007 1.82414e+007 1.82414e+007 1.82414e+007 1.82414e+007 1.82414e+007 1.82414e+007 1.82414e+007 0 0 0 0 0 0 0 0 0 0 0 0 0 0 0 0 0 0 0 0 0 0 0 0 0
#obs survey bio
 2.48387e+006 2.77443e+006 2.3367e+006 1.91137e+006 2.44798e+006 2.24098e+006 1.9908e+006 1.66258e+006 898514 1.2077e+006 913363 767961 650524 580917 736649 703349 556079 1.03296e+006 842150 796497 540971 461459 519725 446196 551389 896415 536973 581050 586516 669654 434364 411481 483930 490312 485580 494844 670566 566358 463130 647698 545028 656234 516590 799358 601136 738779 400016 674424 375974 631778 624608 904180 672658 743852 505766 503829 602815 689512 527963 616504 749869 354950 982019 583692
#pred catch bio
 300736 302876 291055 308232 311096 286190 306803 268773 272693 250708 244535 206297 183144 177160 138394 144368 137602 117858 114303 108942 109862 99972.2 97680.1 110688 99420.7 100610 95234.9 93654.6 85432.1 94914.4 94191.6 92185 90984.1 86151.7 85789.7 84077.5 90942.3 89546 92787.9 87026.7 98006.3 95625.7 92841.1 92131.5 101272 88195.7 121704 47926.2 74235 38166.8 94975.7 102461 120870 122180 100525 92858.4 95616.6 110312 104689 78681.4 82577.8 67557.1 46677.6 128450 83684.8 85128.5 85267.6 89961.4 97315.3 105020 111877 117439 121683 124783 126975 128488 129513 130198 130649 130945 131137 131260 131340 131391 131423 131444 131457 131466 131471 131474 131476 131478 131478 131479 131479 131479 131480 131480 131480 131480 131480 131480 131480 131480 131480 131480 131480 131480 131480 131480 131480 131480 131480 131480 131480 131480 131480 131480 131480 131480 131480 131480 131480 131480 131480 131480 131480 131480 131480 131480 131480 131480 131480 131480 131480 131480 131480 131480 131480 131480 131480 131480 131480 131480 131480 131480 131480 131480 131480 131480 131480 131480 131480 131480 131480 131480 131480 131480 131480 131480 131480 131480 131480 131480 0 0 0 0 0 0 0 0 0 0 0 0 0 0 0 0 0 0 0 0 0 0 0 0 0
#obs catch bio
 241982 302554 290902 308989 311389 285277 307050 268515 274173 251196 244288 205693 183267 177732 137940 144718 138160 117628 114086 108745 110025 100029 97858.2 110877 99434.8 100336 95282.8 93749.5 85415.7 94733.7 94306.3 92500.2 90999.6 86086.2 85776.6 84066.9 90890.6 89490.7 93096.7 86830.2 98073.9 95433.5 93180.5 92278.5 101268 87708.9 123086 47410.3 75080.8 37735.3 95703.7 102352 120888 122286 100428 92870.7 95568.5 110424 104926 78418.7 82717.6 67792.8 46121.8 129629
#pred cpue bio
 2.73736e+006 2.5531e+006 2.3169e+006 2.14548e+006 1.99762e+006 1.80502e+006 1.57485e+006 1.35426e+006 1.2252e+006 1.13337e+006 1.04982e+006 912223 788654 720460 668111 657583 656401 664054 651511 593624 539153 516324 529412 564822 578657 590733 545219 527713 519921 524820 491740 482946 493869 499132 506245 514858 530261 523331 529504 554298 568117 561369 553417 600034 653768 627986 555601 476540 470740 496171 586914 628106 646153 621514 582911 574754 593103 610168 596277 577985 562925 550414 580170 585714 1.80565e+007 1.06167e+007 1.06964e+007 1.13521e+007 1.2354e+007 1.34083e+007 1.4361e+007 1.51521e+007 1.57747e+007 1.62474e+007 1.65981e+007 1.68542e+007 1.70398e+007 1.71736e+007 1.72701e+007 1.73399e+007 1.73905e+007 1.74274e+007 1.74546e+007 1.74746e+007 1.74895e+007 1.75006e+007 1.7509e+007 1.75153e+007 1.75201e+007 1.75238e+007 1.75266e+007 1.75287e+007 1.75304e+007 1.75316e+007 1.75326e+007 1.75333e+007 1.75339e+007 1.75344e+007 1.75347e+007 1.7535e+007 1.75352e+007 1.75353e+007 1.75355e+007 1.75356e+007 1.75356e+007 1.75357e+007 1.75358e+007 1.75358e+007 1.75358e+007 1.75358e+007 1.75359e+007 1.75359e+007 1.75359e+007 1.75359e+007 1.75359e+007 1.75359e+007 1.75359e+007 1.75359e+007 1.75359e+007 1.75359e+007 1.75359e+007 1.75359e+007 1.75359e+007 1.75359e+007 1.75359e+007 1.75359e+007 1.75359e+007 1.75359e+007 1.75359e+007 1.75359e+007 1.75359e+007 1.75359e+007 1.75359e+007 1.75359e+007 1.75359e+007 1.75359e+007 1.75359e+007 1.75359e+007 1.75359e+007 1.75359e+007 1.75359e+007 1.75359e+007 1.75359e+007 1.75359e+007 1.75359e+007 1.75359e+007 1.75359e+007 1.75359e+007 1.75359e+007 1.75359e+007 1.75359e+007 1.75359e+007 1.75359e+007 1.75359e+007 1.75359e+007 1.75359e+007 1.75359e+007 1.75359e+007 1.75359e+007 1.75359e+007 1.75359e+007 1.75359e+007 1.75359e+007 1.75359e+007 0 0 0 0 0 0 0 0 0 0 0 0 0 0 0 0 0 0 0 0 0 0 0 0 0
#obs cpue bio
 3.04713e+006 3.14804e+006 1.99489e+006 1.97591e+006 1.91321e+006 1.84162e+006 1.17545e+006 1.0769e+006 1.23759e+006 1.16763e+006 1.60163e+006 1.21431e+006 811332 883806 734584 526874 681648 569413 584608 468069 493073 567347 462650 892340 561737 584215 445784 501827 431934 595666 451383 470054 657721 541056 549272 513980 514447 479869 488942 635514 599315 595932 378383 469596 1.02937e+006 624456 606447 466165 406307 466544 530586 507638 679138 540288 687539 620652 623457 596345 644474 649354 426824 643700 570752 487665
#pred surv len freq
 0.00465589 0.00766655 0.0117362 0.016902 0.0230559 0.0298419 0.0366412 0.0427406 0.0476049 0.0510474 0.0531899 0.0542998 0.0546512 0.0544678 0.0539228 0.0531587 0.0523067 0.0514826 0.0507281 0.0498983 0.0485665 0.0460744 0.0418077 0.0355947 0.0279584
 0.00506989 0.00827879 0.0125474 0.0178808 0.0241574 0.0310328 0.0379102 0.0440832 0.0489921 0.0524015 0.0543909 0.0552227 0.0552147 0.0546646 0.0538134 0.0528318 0.0518263 0.0508479 0.0498672 0.0487047 0.0469683 0.0441041 0.0396277 0.0334555 0.0261063
 0.00528972 0.00868861 0.013256 0.0190081 0.0257906 0.0331664 0.0404063 0.0466907 0.0514273 0.0544435 0.0559307 0.0562445 0.0557424 0.0547248 0.0534337 0.052056 0.0507152 0.049456 0.0482146 0.0467754 0.0447492 0.0416442 0.0370746 0.031033 0.0240382
 0.00549221 0.00900834 0.0137246 0.0196621 0.0266796 0.0343563 0.0419631 0.0486418 0.0537138 0.056896 0.0582943 0.0582504 0.0571874 0.0555127 0.0535657 0.0515911 0.0497337 0.0480364 0.0464219 0.0446608 0.0423678 0.0390884 0.0344982 0.0286374 0.0220159
 0.0057272 0.00939363 0.0143094 0.0204916 0.0277841 0.0357374 0.0435857 0.0504417 0.0556197 0.0588451 0.0602232 0.0600669 0.0587522 0.0566577 0.0541413 0.051512 0.0489932 0.0466895 0.0445565 0.0423787 0.0397864 0.0363552 0.0317995 0.0261786 0.0199738
 0.00599285 0.0098219 0.0149475 0.0213816 0.0289557 0.0371959 0.0452984 0.0523322 0.0575784 0.0607539 0.0619815 0.0616031 0.0600149 0.0575922 0.0546718 0.051546 0.048449 0.045529 0.0428035 0.0401204 0.0371653 0.0335614 0.029055 0.0237048 0.0179439
 0.00620376 0.0101723 0.0154886 0.0221651 0.0300228 0.0385601 0.046929 0.0541506 0.0594716 0.0625992 0.0636682 0.0630453 0.0611532 0.0583873 0.0550915 0.0515502 0.0479848 0.0445439 0.0412741 0.0380825 0.0347325 0.0309208 0.0264398 0.0213464 0.0160165
 0.00651049 0.0106734 0.0162469 0.0232395 0.0314554 0.0403561 0.0490365 0.0564535 0.0618059 0.0647856 0.0655466 0.064498 0.0621142 0.0588388 0.0550483 0.0510386 0.0470227 0.0431334 0.0394152 0.0358036 0.0321238 0.0281488 0.0237279 0.0189234 0.0140535
 0.00671544 0.0110144 0.016775 0.0240082 0.0325114 0.041723 0.0506979 0.058344 0.063817 0.0667826 0.0673878 0.0660513 0.0632714 0.0595266 0.0552332 0.0507212 0.0462244 0.0418821 0.0377415 0.0337545 0.029787 0.0256706 0.0213039 0.0167568 0.0122987
 0.00691069 0.011343 0.0172903 0.0247667 0.0335607 0.0430836 0.0523436 0.0601969 0.0657589 0.0686784 0.0691077 0.0674838 0.0643283 0.0601446 0.0553754 0.050377 0.0454059 0.0406192 0.0360788 0.0317566 0.0275512 0.0233375 0.0190498 0.0147598 0.0106915
 0.00708707 0.0116212 0.0176942 0.025316 0.034272 0.043969 0.0534066 0.0614236 0.0671119 0.0700943 0.070501 0.0687566 0.0653831 0.0608963 0.0557589 0.0503503 0.0449507 0.0397412 0.0348089 0.0301547 0.0257127 0.0213956 0.0171639 0.0130861 0.0093441
 0.00734835 0.012038 0.0183055 0.0261493 0.0353348 0.0452378 0.0548188 0.0628823 0.0685078 0.0713344 0.0715261 0.0695398 0.0659139 0.0611649 0.0557491 0.0500414 0.044325 0.038792 0.0335502 0.02863 0.0240025 0.0196171 0.0154575 0.0115866 0.00814686
 0.00749342 0.0122811 0.0186843 0.0267026 0.0360928 0.0462078 0.055971 0.064146 0.0697828 0.0725135 0.072519 0.0702875 0.0663916 0.061374 0.0557026 0.0497502 0.0437917 0.0380142 0.0325321 0.0273973 0.0226138 0.0181663 0.014061 0.0103578 0.00716572
 0.00754283 0.0123735 0.0188462 0.0269679 0.0364967 0.0467764 0.05671 0.0650332 0.0707679 0.0735246 0.0734727 0.0711021 0.0670008 0.0617371 0.0558066 0.0496033 0.043411 0.0374174 0.0317365 0.0264286 0.0215185 0.0170171 0.0129504 0.00937741 0.00638138
 0.00777667 0.0127197 0.019305 0.0275197 0.037111 0.0474254 0.0573766 0.0657096 0.0714464 0.0741877 0.0740886 0.0716271 0.0673873 0.0619437 0.0558068 0.0493891 0.0429913 0.0368124 0.0309726 0.0255389 0.0205472 0.0160244 0.0120082 0.00855563 0.00572924
 0.00780692 0.0127641 0.0193623 0.0275837 0.0371702 0.047465 0.0573838 0.0656829 0.0714057 0.0741778 0.0741679 0.0718431 0.0677505 0.0624163 0.0563122 0.049837 0.0433036 0.0369391 0.0308968 0.0252731 0.0201285 0.015509 0.0114637 0.00804816 0.00530865
 0.00788011 0.0128832 0.019541 0.0278324 0.0374914 0.0478461 0.0577926 0.0660692 0.0717138 0.0743651 0.0742228 0.0717914 0.0676462 0.0623181 0.0562579 0.0498274 0.0433043 0.0368986 0.0307688 0.0250341 0.0197846 0.0150934 0.0110261 0.00764055 0.00497104
 0.0079588 0.0129947 0.0196789 0.0279819 0.0376355 0.0479743 0.0579058 0.0661772 0.0718257 0.0744798 0.0743264 0.0718646 0.0676767 0.0623105 0.0562316 0.0498043 0.0432935 0.0368875 0.0307287 0.024935 0.0196117 0.0148554 0.0107526 0.00737053 0.00473844
 0.00798204 0.0130154 0.0196782 0.0279319 0.0375061 0.0477461 0.0575821 0.0657899 0.0714309 0.0741455 0.0741138 0.0718108 0.0677844 0.0625504 0.0565569 0.0501676 0.0436565 0.0372209 0.0310071 0.0251356 0.0197197 0.0148715 0.0106955 0.00727128 0.00462977
 0.00797919 0.0130221 0.0197078 0.0279997 0.0376205 0.0478969 0.0577341 0.0658904 0.0714302 0.0740211 0.0738848 0.0715321 0.0675255 0.0623698 0.056484 0.0501995 0.0437665 0.0373719 0.0311621 0.0252638 0.0198002 0.0148959 0.0106698 0.00721263 0.00455969
 0.00796884 0.0130129 0.0197087 0.0280251 0.0376881 0.0480222 0.0579235 0.0661332 0.0716943 0.0742558 0.0740341 0.0715553 0.0674161 0.0621601 0.0562325 0.0499662 0.0435921 0.0372683 0.0311167 0.0252512 0.0197941 0.0148781 0.0106338 0.00716278 0.00450611
 0.00802501 0.0131038 0.0198447 0.0282153 0.0379384 0.0483326 0.0582842 0.0665233 0.0720825 0.0746037 0.0742994 0.0716977 0.0674057 0.0619888 0.0559216 0.0495648 0.0431629 0.0368681 0.0307814 0.0249911 0.0195999 0.0147326 0.0105214 0.00707397 0.00443705
 0.00798742 0.0130442 0.0197585 0.028101 0.0378003 0.0481834 0.0581469 0.0664284 0.0720611 0.0746766 0.074468 0.0719403 0.0676811 0.0622459 0.0561145 0.0496666 0.0431737 0.0368118 0.0306923 0.0248994 0.0195228 0.0146736 0.0104764 0.00703805 0.00440768
 0.00792841 0.012944 0.0196002 0.027868 0.0374819 0.0477835 0.0576914 0.0659664 0.0716564 0.0743925 0.0743521 0.0720129 0.06793 0.0626291 0.0565691 0.0501252 0.0435805 0.0371352 0.0309268 0.0250586 0.0196271 0.014741 0.0105186 0.00706225 0.004419
 0.00797946 0.0130214 0.0197055 0.0279964 0.0376207 0.0479111 0.0577789 0.0659834 0.0715817 0.074226 0.0741198 0.0717617 0.0677132 0.0624886 0.0565229 0.0501629 0.0436711 0.0372406 0.0310166 0.0251178 0.0196558 0.0147478 0.0105139 0.00705324 0.00440981
 0.0078534 0.012831 0.0194465 0.0276754 0.037254 0.0475225 0.0573968 0.0656378 0.0712997 0.0740264 0.0740113 0.0717455 0.0677879 0.0626529 0.0567732 0.0504881 0.0440481 0.0376355 0.0313921 0.025443 0.0199136 0.0149359 0.0106408 0.00713263 0.0044557
 0.00795712 0.0129608 0.0195707 0.0277428 0.0372103 0.0473346 0.0570724 0.0652255 0.0708695 0.0736438 0.0737184 0.0715574 0.0677009 0.0626562 0.056856 0.0506415 0.0442612 0.0378912 0.031666 0.0257072 0.0201439 0.0151177 0.0107711 0.00721767 0.00450627
 0.00789468 0.012897 0.0195414 0.0277965 0.0373854 0.0476293 0.0574265 0.0655346 0.0710287 0.0735966 0.07348 0.0712001 0.0673155 0.0623164 0.0566033 0.0504884 0.0442021 0.0379114 0.0317449 0.0258208 0.0202675 0.0152309 0.0108612 0.00728096 0.0045458
 0.00783675 0.0127997 0.0193922 0.0275894 0.0371312 0.0473648 0.0572143 0.0654421 0.0710941 0.0738002 0.0737463 0.0714339 0.0674498 0.062339 0.0565502 0.0504147 0.0441544 0.0379135 0.0317989 0.0259136 0.0203792 0.0153414 0.0109556 0.00735189 0.00459297
 0.00759201 0.012434 0.0189014 0.0269906 0.0364576 0.0466587 0.056524 0.0648255 0.0706195 0.0735364 0.0737402 0.0716867 0.0679083 0.062913 0.0571473 0.0509717 0.0446477 0.038348 0.0321879 0.0262644 0.0206892 0.0156026 0.0111611 0.00750069 0.00469127
 0.0077128 0.0125805 0.0190311 0.0270372 0.0363534 0.0463674 0.0560648 0.0642703 0.0700644 0.0730666 0.0734097 0.0715179 0.0679006 0.0630478 0.0573892 0.0512738 0.0449641 0.0386465 0.0324549 0.0264992 0.0208943 0.0157777 0.0113032 0.00760773 0.00476482
 0.00836821 0.0135359 0.0202617 0.0284404 0.0377674 0.0476082 0.0569644 0.0647071 0.0699878 0.0725122 0.0724938 0.0704046 0.0667543 0.061994 0.0564985 0.0505667 0.0444262 0.0382473 0.0321622 0.0262878 0.0207472 0.0156824 0.0112478 0.0075801 0.00475374
 0.00901364 0.0145565 0.0217369 0.0304054 0.0401837 0.0503302 0.0597217 0.0671338 0.0717113 0.0732693 0.0722117 0.0692067 0.0648996 0.059789 0.0542205 0.0484201 0.0425314 0.0366527 0.0308684 0.0252705 0.0199731 0.0151166 0.0108549 0.00732379 0.00459837
 0.00906365 0.0147173 0.0221248 0.0311743 0.0414816 0.052231 0.0621613 0.0698891 0.0744375 0.0755791 0.0737669 0.0697954 0.0644803 0.0584902 0.0522955 0.046172 0.0402399 0.0345261 0.029029 0.0237672 0.0188042 0.0142511 0.0102475 0.00692299 0.00435197
 0.00885334 0.0144035 0.021711 0.0306987 0.0410279 0.0519329 0.0621896 0.0704111 0.0755472 0.0772296 0.0757454 0.0717676 0.0660892 0.0594651 0.0525241 0.0457119 0.0392747 0.0332927 0.0277479 0.0225985 0.017836 0.0135105 0.00972044 0.00657373 0.00413731
 0.00873418 0.0141999 0.021388 0.0302235 0.0403851 0.0511469 0.0613458 0.0696588 0.0750756 0.0772169 0.0762965 0.0728625 0.0675663 0.0610548 0.0539274 0.0466938 0.0397302 0.0332582 0.0273614 0.0220344 0.017247 0.0129969 0.00932663 0.00630216 0.00396722
 0.00860859 0.0140026 0.0211034 0.0298396 0.0398942 0.0505476 0.06065 0.0689032 0.0743321 0.0765955 0.0759317 0.0728797 0.0680347 0.0619457 0.055102 0.0479359 0.0408151 0.0340264 0.0277608 0.0221153 0.0171196 0.0127786 0.00910573 0.00612534 0.00384664
 0.00868383 0.0141001 0.0212039 0.0299099 0.0398948 0.0504463 0.0604326 0.0685756 0.0739161 0.0761245 0.0754539 0.0724636 0.067766 0.0619063 0.0553345 0.0484123 0.0414332 0.0346426 0.0282452 0.022398 0.0172046 0.0127236 0.0089848 0.00599817 0.0037456
 0.00867135 0.0140957 0.0212251 0.0299779 0.0400237 0.0506279 0.0606279 0.0687219 0.0739497 0.0760075 0.0751896 0.0720956 0.0673652 0.0615544 0.0551074 0.0483597 0.0415595 0.0349001 0.0285489 0.0226601 0.0173689 0.0127806 0.00896225 0.00593761 0.0036814
 0.00862906 0.0140327 0.0211422 0.0298824 0.0399307 0.0505597 0.0606093 0.0687703 0.0740628 0.0761554 0.0753208 0.0721574 0.0673286 0.0614292 0.054939 0.0482112 0.0414858 0.0349254 0.0286586 0.0228094 0.0175062 0.0128706 0.00899697 0.00593098 0.00365535
 0.00859018 0.0139555 0.0210013 0.0296485 0.039582 0.0500975 0.0600712 0.0682291 0.0736085 0.0758665 0.0752383 0.0722728 0.0675906 0.0617666 0.0552883 0.0485369 0.0417834 0.0352084 0.0289382 0.0230812 0.0177509 0.0130659 0.00913093 0.00600754 0.00368977
 0.00868399 0.0141017 0.0212074 0.0299129 0.039888 0.0504097 0.0603358 0.0683853 0.07361 0.075704 0.0749477 0.0719218 0.0672511 0.0614879 0.0550864 0.0484021 0.0416976 0.0351588 0.0289204 0.023093 0.0177849 0.0131087 0.00916867 0.00603189 0.00370016
 0.00880409 0.0142826 0.0214529 0.0302168 0.0402355 0.0507795 0.0607005 0.06871 0.0738531 0.0758236 0.0749144 0.0717318 0.0669329 0.0610955 0.0546819 0.0480357 0.0413969 0.0349302 0.0287577 0.0229858 0.0177216 0.0130769 0.00915562 0.00602711 0.00369726
 0.00864294 0.0140667 0.0212126 0.0300073 0.0401199 0.0508024 0.060868 0.068988 0.0741836 0.076147 0.0751839 0.0719177 0.0670209 0.0610868 0.0545936 0.0478983 0.0412455 0.0347944 0.0286548 0.0229197 0.0176874 0.0130653 0.00915691 0.00603316 0.00370301
 0.00855766 0.0139023 0.0209215 0.02954 0.03945 0.0499586 0.0599531 0.0681622 0.0736114 0.0759337 0.0753396 0.0723671 0.0676445 0.0617659 0.0552392 0.0484598 0.0417068 0.0351624 0.0289468 0.0231534 0.017875 0.0132134 0.00926883 0.00611236 0.00375453
 0.0085827 0.01394 0.0209704 0.0295902 0.0394779 0.0499253 0.0598104 0.0678736 0.0731799 0.0754198 0.0748514 0.0720192 0.0675105 0.0618512 0.0554894 0.0487936 0.0420499 0.0354672 0.0291947 0.0233456 0.0180211 0.0133234 0.0093501 0.00616987 0.00379254
 0.00859303 0.0139496 0.0209715 0.0295718 0.0394287 0.0498373 0.0596809 0.0677024 0.0729653 0.07516 0.0745541 0.0717143 0.0672513 0.0616991 0.0554863 0.048941 0.0423095 0.03578 0.0295051 0.023617 0.0182383 0.0134864 0.0094662 0.0062484 0.00384252
 0.00870209 0.0141886 0.021441 0.0303912 0.040692 0.0515498 0.061711 0.0697876 0.0747807 0.0764171 0.0750788 0.071476 0.066348 0.060317 0.0538507 0.0472671 0.0407622 0.0344549 0.028433 0.0227852 0.0176147 0.0130352 0.00915387 0.00604427 0.00371816
 0.0082853 0.0134799 0.0203277 0.0287782 0.0385583 0.0490182 0.0590859 0.0675089 0.0732862 0.0759778 0.0757024 0.0729297 0.068273 0.0623613 0.0557596 0.0489113 0.0421166 0.0355534 0.0293247 0.0235083 0.0181906 0.0134763 0.00947324 0.00626009 0.00385316
 0.00822365 0.0133894 0.0202043 0.0286108 0.0383152 0.0486382 0.0584902 0.0666447 0.0721871 0.0747997 0.0746949 0.0723415 0.0682424 0.0628602 0.0566218 0.0499188 0.0430861 0.036381 0.0299823 0.0240128 0.0185722 0.0137607 0.00967862 0.00640064 0.00394264
 0.00787604 0.0128129 0.0193195 0.0273477 0.0366406 0.0465904 0.0562028 0.0643331 0.0700951 0.073138 0.0736089 0.0719186 0.0685271 0.0638464 0.0582251 0.0519631 0.0453316 0.0385854 0.0319598 0.0256612 0.0198654 0.0147222 0.0103563 0.00685086 0.00422201
 0.00809697 0.0131531 0.0197919 0.0279398 0.0373036 0.0472311 0.0566865 0.0645084 0.0698424 0.0724192 0.0724919 0.0705623 0.0671403 0.0626408 0.0573733 0.0515631 0.0453848 0.039 0.0325871 0.0263472 0.0204937 0.0152306 0.0107296 0.00710297 0.00437933
 0.00827022 0.0134362 0.0202193 0.0285406 0.0380901 0.0481819 0.0577299 0.0655178 0.0706529 0.0728642 0.07245 0.0699966 0.0661175 0.0613209 0.0559713 0.0502949 0.0444141 0.0384029 0.0323457 0.0263736 0.0206718 0.0154571 0.0109365 0.00726027 0.00448385
 0.00840699 0.013681 0.0206282 0.029177 0.0390067 0.0493929 0.0591851 0.0670951 0.0721755 0.0741351 0.0732885 0.0702704 0.0657684 0.0603834 0.0545753 0.0486436 0.0427388 0.036908 0.031163 0.0255442 0.0201592 0.0151809 0.0108094 0.00721238 0.00447089
 0.00859275 0.0139687 0.0210362 0.029717 0.0396875 0.0502222 0.0601658 0.0682122 0.0733804 0.0753358 0.074353 0.0710478 0.066122 0.0602261 0.053897 0.047522 0.0413273 0.0354017 0.0297506 0.0243637 0.0192734 0.0145815 0.010442 0.0070073 0.00436587
 0.00855512 0.0139185 0.0209812 0.0296722 0.0396725 0.0502583 0.0602736 0.0684137 0.0736997 0.0757938 0.0749524 0.0717533 0.0668491 0.0608511 0.0542901 0.0475909 0.041052 0.034844 0.0290325 0.0236253 0.018629 0.0140929 0.0101166 0.00681596 0.00426625
 0.00839657 0.0136753 0.0206435 0.0292436 0.0391729 0.0497251 0.0597626 0.0679941 0.0734428 0.0757572 0.0751671 0.0722168 0.0675222 0.061657 0.0551197 0.0483209 0.0415763 0.0351062 0.0290437 0.0234547 0.0183728 0.0138376 0.00991511 0.00668366 0.00419282
 0.00832121 0.0135441 0.0204308 0.028923 0.0387262 0.0491562 0.0591084 0.0673253 0.0728498 0.0753284 0.0749692 0.0722837 0.0678526 0.0622154 0.0558385 0.0491066 0.0423234 0.0357197 0.0294647 0.0236754 0.0184324 0.0138001 0.00984212 0.00661587 0.00414668
 0.00850832 0.0138198 0.0207914 0.0293426 0.0391591 0.0495439 0.0593885 0.0674424 0.0727708 0.0750562 0.0745488 0.0717936 0.0673841 0.0618476 0.0556191 0.0490415 0.0423781 0.0358326 0.0295687 0.0237218 0.0184056 0.0137162 0.00973403 0.00651485 0.00407054
 0.00851798 0.0138615 0.0209003 0.0295627 0.0395255 0.0500584 0.0600014 0.0680559 0.0732665 0.0753352 0.0745624 0.0715545 0.0669562 0.0613247 0.0550981 0.0485992 0.0420547 0.0356277 0.0294502 0.0236453 0.0183342 0.0136334 0.00964307 0.00642907 0.00400201
 0.00834148 0.0135719 0.0204635 0.0289552 0.0387517 0.0491698 0.0591056 0.0672987 0.072785 0.0752045 0.0747681 0.072007 0.067536 0.061929 0.0556677 0.0491178 0.0425315 0.0360745 0.0298665 0.0240158 0.0186384 0.0138579 0.00978915 0.00651154 0.00404165
 0.00837116 0.0135986 0.020463 0.0288894 0.0385765 0.0488494 0.0586299 0.0666966 0.0721277 0.0745949 0.0743146 0.0717887 0.0675751 0.0621866 0.0560654 0.0495733 0.0429848 0.0364952 0.0302441 0.0243457 0.0189141 0.0140725 0.00994097 0.00660728 0.0040947
 0.00804683 0.0131247 0.0198479 0.0281729 0.0378147 0.0480931 0.0579092 0.0660236 0.0715124 0.0740633 0.0739166 0.0715899 0.0676347 0.0625305 0.0566699 0.0503675 0.0438723 0.0373828 0.0310616 0.0250517 0.0194904 0.0145165 0.0102611 0.00682084 0.00422506
 0.00797142 0.012925 0.0194103 0.0273582 0.0365105 0.0462864 0.0557386 0.0637655 0.0694963 0.072561 0.0730705 0.0714099 0.0680448 0.0634214 0.0579275 0.051877 0.0455144 0.0390356 0.0326138 0.0264174 0.0206184 0.0153909 0.0108953 0.00724859 0.00449142
#obs surv len freq
 0.00496921 0.0081385 0.0123773 0.0176987 0.0239764 0.0308456 0.0376823 0.0437647 0.0485433 0.0518166 0.0537022 0.0544839 0.0544802 0.0539878 0.0532669 0.0525316 0.0519267 0.0514872 0.0510742 0.0503182 0.0486367 0.0453988 0.0402274 0.0332917 0.0253739
 0.00518319 0.00848998 0.012913 0.0184641 0.0250072 0.0321531 0.0392395 0.0455012 0.0503558 0.0535889 0.0553226 0.0558547 0.0555188 0.054625 0.0534475 0.0522176 0.0511054 0.0501788 0.0493389 0.0482593 0.0463978 0.0431518 0.0381484 0.0315275 0.02401
 0.00540907 0.00886094 0.0134784 0.0192728 0.0260987 0.0335431 0.0409045 0.0473721 0.0523266 0.0555355 0.0571225 0.0573988 0.0567166 0.0554042 0.0537514 0.0520032 0.0503456 0.0488713 0.0475211 0.0460222 0.0438928 0.0405799 0.0357285 0.0294495 0.0223905
 0.00563765 0.00923468 0.0140451 0.0200793 0.0271822 0.0349192 0.0425523 0.0492287 0.0542943 0.0574991 0.0589655 0.0590139 0.0580099 0.0562964 0.0541776 0.0519117 0.0496985 0.0476515 0.0457466 0.043767 0.0413011 0.0378619 0.0331277 0.0271872 0.0206107
 0.00589434 0.00965292 0.0146762 0.0209714 0.0283713 0.036414 0.0443203 0.0511912 0.0563387 0.0595009 0.0608084 0.0605997 0.059259 0.0571441 0.0545695 0.0518008 0.0490453 0.0464307 0.0439632 0.0414792 0.0386413 0.0350387 0.0303953 0.0247868 0.0187066
 0.00612989 0.0100426 0.0152753 0.0218351 0.0295438 0.0379106 0.0461094 0.0531891 0.0584223 0.0615332 0.0626625 0.0621722 0.0604723 0.0579431 0.054914 0.0516583 0.0483862 0.0452322 0.0422243 0.0392455 0.03603 0.0322457 0.0276699 0.0223737 0.0167788
 0.00637591 0.0104444 0.0158834 0.0226985 0.030701 0.0393757 0.0478563 0.0551444 0.0604734 0.0635473 0.064508 0.0637343 0.0616623 0.0587002 0.0552021 0.0514571 0.0476829 0.0440188 0.0405071 0.0370674 0.0334965 0.0295367 0.0250198 0.0200178 0.0148884
 0.00661882 0.01084 0.0164801 0.0235416 0.0318239 0.0407862 0.0495229 0.0569919 0.0623933 0.0654189 0.0662163 0.0651806 0.0627667 0.0594025 0.055461 0.0512482 0.0469945 0.0428496 0.0388715 0.0350112 0.0311187 0.0270009 0.0225395 0.0178094 0.0131118
 0.00685259 0.0112274 0.0170763 0.0244011 0.0329884 0.0422649 0.0512743 0.05892 0.0643638 0.0672887 0.0678603 0.0665046 0.0637088 0.0599267 0.0555498 0.0508951 0.0461998 0.0416205 0.0372285 0.0330028 0.028839 0.0245999 0.0202093 0.0157439 0.0114536
 0.00705958 0.0115667 0.0175924 0.0251381 0.0339822 0.0435303 0.0527906 0.0606227 0.0661503 0.0690343 0.0694382 0.0678037 0.0646456 0.0604509 0.0556413 0.0505556 0.0454429 0.0404662 0.0357063 0.0311641 0.0267724 0.0224399 0.0181246 0.0139028 0.00997862
 0.00727301 0.0119169 0.018125 0.0258967 0.0349982 0.0448087 0.0542955 0.0622744 0.0678381 0.0706388 0.070851 0.0689371 0.0654345 0.0608529 0.0556363 0.0501443 0.0446423 0.0393053 0.0342253 0.0294206 0.0248531 0.020466 0.0162428 0.0122557 0.0086674
 0.00742119 0.0121625 0.0185035 0.0264447 0.0357464 0.0457711 0.0554571 0.0635856 0.0692201 0.0719968 0.0720898 0.0699718 0.0661981 0.0612983 0.0557361 0.049889 0.0440379 0.0383722 0.0329994 0.0279577 0.0232349 0.018802 0.0146597 0.0108738 0.00757022
 0.00751886 0.0123195 0.0187374 0.0267719 0.0361822 0.0463264 0.0561348 0.0643761 0.0700988 0.0729247 0.073015 0.0708331 0.0669307 0.0618408 0.0560378 0.0499139 0.0437678 0.0378072 0.0321602 0.0268887 0.0220068 0.0175109 0.0134161 0.0097809 0.00669925
 0.00760535 0.0124569 0.018938 0.0270452 0.0365327 0.0467522 0.0566256 0.064914 0.0706628 0.0734955 0.0735767 0.0713697 0.0674198 0.0622499 0.0563255 0.0500362 0.0436865 0.0374982 0.0316207 0.0261423 0.0211062 0.0165351 0.0124585 0.00892983 0.00601656
 0.00766313 0.0125459 0.019063 0.0272077 0.0367317 0.0469849 0.0568877 0.0651997 0.0709654 0.0738086 0.0738952 0.0716897 0.0677353 0.0625487 0.0565853 0.0502237 0.0437616 0.0374231 0.0313704 0.0257155 0.0205315 0.0158695 0.011777 0.00830732 0.00550824
 0.0077172 0.0126277 0.0191746 0.0273468 0.0368923 0.0471587 0.0570653 0.0653724 0.0711274 0.0739588 0.0740377 0.0718316 0.0678833 0.0627044 0.0567416 0.0503631 0.0438561 0.0374386 0.0312755 0.0254925 0.0201866 0.0154362 0.0113093 0.00786455 0.00513777
 0.00775529 0.0126857 0.0192543 0.0274469 0.0370083 0.0472833 0.0571893 0.0654859 0.0712222 0.0740318 0.0740923 0.071877 0.0679309 0.0627637 0.0568162 0.0504474 0.0439342 0.0374856 0.031263 0.0253977 0.020002 0.015176 0.0110077 0.00756487 0.00487838
 0.00780124 0.0127531 0.0193422 0.0275495 0.0371166 0.0473876 0.0572813 0.0655597 0.0712744 0.0740618 0.0741026 0.0718735 0.067922 0.0627589 0.0568231 0.0504688 0.0439656 0.0375136 0.0312676 0.0253582 0.0199056 0.0150244 0.010819 0.00736789 0.00470151
 0.00784901 0.0128262 0.0194433 0.0276772 0.0372646 0.0475446 0.0574316 0.0656854 0.0713598 0.0740983 0.0740917 0.0718252 0.067851 0.0626801 0.0567491 0.0504081 0.0439208 0.0374806 0.0312357 0.0253129 0.0198341 0.0149224 0.0106935 0.00723498 0.00457987
 0.00786974 0.0128594 0.0194924 0.0277445 0.0373507 0.0476469 0.0575435 0.065796 0.0714557 0.0741672 0.0741255 0.071822 0.0678155 0.0626222 0.0566809 0.0503408 0.0438621 0.037433 0.0311957 0.0252724 0.0197839 0.0148568 0.0106138 0.00714959 0.00450005
 0.00789281 0.0128921 0.0195326 0.0277878 0.0373918 0.0476824 0.0575733 0.065823 0.0714836 0.0741974 0.0741556 0.0718465 0.0678286 0.0626201 0.0566638 0.0503127 0.0438291 0.0374003 0.0311655 0.0252429 0.0197507 0.0148161 0.0105651 0.00709667 0.00444955
 0.00788443 0.0128788 0.0195132 0.0277612 0.0373568 0.0476383 0.0575204 0.0657642 0.0714252 0.0741488 0.0741275 0.0718468 0.0678589 0.0626747 0.0567323 0.0503839 0.0438946 0.0374558 0.0312093 0.0252743 0.0197689 0.0148202 0.0105561 0.0070782 0.00442688
 0.00790412 0.0129038 0.0195381 0.0277767 0.0373529 0.047608 0.0574633 0.065687 0.0713388 0.0740653 0.074057 0.0717976 0.0678367 0.0626821 0.0567673 0.0504397 0.0439616 0.0375239 0.0312707 0.0253238 0.0198041 0.0148408 0.0105634 0.00707524 0.00441798
 0.00790551 0.0129073 0.0195451 0.0277882 0.0373678 0.0476216 0.0574671 0.0656706 0.0712953 0.0739954 0.0739707 0.0717109 0.0677659 0.0626391 0.0567572 0.0504611 0.0440077 0.037585 0.0313361 0.0253844 0.0198535 0.014876 0.0105845 0.00708467 0.00441945
 0.00787845 0.0128627 0.0194772 0.0276925 0.037243 0.0474724 0.0573056 0.0655146 0.0711631 0.0738996 0.073916 0.0716953 0.0677856 0.0626911 0.0568393 0.0505701 0.0441374 0.0377261 0.0314773 0.0255149 0.0199645 0.0149624 0.0106458 0.00712363 0.0044413
 0.00784695 0.0128099 0.019395 0.0275726 0.0370796 0.0472656 0.0570647 0.0652596 0.0709213 0.0737002 0.0737824 0.0716408 0.0678106 0.062786 0.0569884 0.0507564 0.0443452 0.0379413 0.0316872 0.0257074 0.0201299 0.0150947 0.0107433 0.00718949 0.00448161
 0.0078405 0.012796 0.0193676 0.0275238 0.0370007 0.0471501 0.0569111 0.0650734 0.0707152 0.0734931 0.0735968 0.071499 0.067731 0.0627779 0.0570509 0.0508789 0.0445112 0.0381321 0.0318848 0.0258963 0.0202976 0.0152328 0.0108484 0.00726273 0.00452807
 0.00784497 0.0128001 0.0193678 0.0275141 0.036974 0.0470993 0.0568313 0.064963 0.0705772 0.0733351 0.0734317 0.0713437 0.067604 0.0626964 0.0570268 0.0509161 0.0446043 0.038268 0.0320457 0.0260635 0.0204547 0.0153676 0.0109543 0.00733878 0.00457771
 0.00780785 0.012745 0.0192944 0.0274254 0.0368747 0.0469939 0.0567231 0.0648537 0.0704684 0.0732293 0.073333 0.0712582 0.0675394 0.0626614 0.0570296 0.0509627 0.0446957 0.038399 0.0322046 0.0262343 0.0206203 0.0155138 0.011072 0.00742502 0.00463513
 0.00775996 0.0126639 0.0191672 0.0272398 0.0366244 0.0466851 0.0563789 0.0645123 0.0701728 0.0730141 0.0732149 0.0712359 0.0675993 0.0627855 0.0572015 0.0511696 0.0449284 0.0386488 0.0324615 0.0264857 0.0208522 0.0157134 0.0112309 0.00754126 0.00471274
 0.00774361 0.0126329 0.019112 0.0271483 0.0364838 0.0464865 0.0561219 0.0642092 0.0698491 0.0727053 0.0729599 0.071067 0.0675344 0.0628247 0.0573301 0.051365 0.0451673 0.0389112 0.0327307 0.0267471 0.0210924 0.0159206 0.0113971 0.00766413 0.00479576
 0.00931826 0.0148363 0.0217697 0.0298775 0.0388041 0.0479967 0.0566406 0.0638017 0.0687478 0.0711927 0.0712824 0.0694024 0.0659965 0.0614778 0.0562022 0.0504573 0.0444626 0.0383828 0.0323494 0.0264847 0.020923 0.0158203 0.0113444 0.00764077 0.00478808
 0.00931983 0.0151288 0.0227206 0.0319406 0.0423215 0.0529315 0.0624068 0.0693592 0.0729699 0.0733084 0.0711307 0.0673767 0.0627738 0.0577321 0.0524366 0.0469732 0.041404 0.0357967 0.0302307 0.0248032 0.0196357 0.0148763 0.0106872 0.00721047 0.00452552
 0.00897427 0.014588 0.0219672 0.0310288 0.0414287 0.0523919 0.0626705 0.0708307 0.0757645 0.0770724 0.0750853 0.0706125 0.0646285 0.0580198 0.051419 0.0451456 0.0392639 0.033707 0.0283947 0.0233011 0.0184738 0.0140233 0.0100946 0.0068236 0.00429015
 0.00879475 0.0142876 0.0215001 0.0303508 0.0405149 0.0512692 0.0614577 0.0697653 0.0751818 0.0773115 0.076336 0.0727722 0.0672727 0.0605395 0.053266 0.0460417 0.0392556 0.033065 0.027451 0.0223251 0.0176254 0.0133655 0.009628 0.00651777 0.00410479
 0.00870948 0.0141432 0.0212715 0.0300089 0.040031 0.0506233 0.0606524 0.0688417 0.0742361 0.0765044 0.0758792 0.072874 0.0680465 0.0619156 0.0549728 0.047693 0.0405058 0.0337407 0.0275843 0.022086 0.0172176 0.0129475 0.00928573 0.00627613 0.00395304
 0.00869733 0.014116 0.0212162 0.0299071 0.0398615 0.0503661 0.0602937 0.0683786 0.0736813 0.0758936 0.0752813 0.0723974 0.0678253 0.0620675 0.0555377 0.0485873 0.0415326 0.0346637 0.0282259 0.0223896 0.0172415 0.0128082 0.00909482 0.00610535 0.00383054
 0.00870001 0.0141224 0.0212289 0.029928 0.0398882 0.0503885 0.0602918 0.0683246 0.0735469 0.0756607 0.0749524 0.0720038 0.0674305 0.0617614 0.0554138 0.0487053 0.0418825 0.0351567 0.0287266 0.022776 0.0174534 0.0128582 0.00904143 0.0060133 0.00374448
 0.00867433 0.0140835 0.0211757 0.0298621 0.0398141 0.0503129 0.0602223 0.0682665 0.073499 0.0756123 0.0748856 0.0719013 0.0672879 0.0615973 0.0552718 0.048642 0.041943 0.0353482 0.0290083 0.0230741 0.0176959 0.0130059 0.00909692 0.00600701 0.00371198
 0.00868462 0.0140961 0.0211873 0.0298672 0.0398068 0.0502897 0.0601842 0.068219 0.0734497 0.0755674 0.0748456 0.0718598 0.0672345 0.0615243 0.0551827 0.0485565 0.0418922 0.0353605 0.0290919 0.0232095 0.0178439 0.0131277 0.00917155 0.00603606 0.00371116
 0.00864438 0.0140385 0.0211149 0.0297867 0.0397269 0.0502171 0.0601212 0.0681645 0.0734021 0.0755276 0.0748175 0.0718476 0.067239 0.0615411 0.0552044 0.0485785 0.0419177 0.0354002 0.029157 0.0233017 0.0179515 0.0132304 0.00925119 0.00608508 0.00373339
 0.00862729 0.0140074 0.0210624 0.0297055 0.0396129 0.0500743 0.059964 0.0680153 0.0732839 0.0754553 0.074794 0.0718658 0.0672873 0.0616084 0.055282 0.0486597 0.0419988 0.035481 0.0292403 0.02339 0.0180428 0.013317 0.00932364 0.00613687 0.00376422
 0.00865731 0.0140525 0.0211229 0.0297782 0.0396903 0.0501448 0.0600136 0.068031 0.0732585 0.0753914 0.0747041 0.0717673 0.0671958 0.0615331 0.0552255 0.0486206 0.0419745 0.03547 0.0292421 0.0234045 0.0180684 0.0133495 0.00935659 0.00616439 0.00378317
 0.00863596 0.0140234 0.0210895 0.0297469 0.0396686 0.0501379 0.0600217 0.0680484 0.0732758 0.075399 0.0746957 0.071743 0.0671618 0.061499 0.0552002 0.0486093 0.0419781 0.0354861 0.0292676 0.0234365 0.0181042 0.013386 0.00939029 0.00619205 0.00380304
 0.00861478 0.0139884 0.0210363 0.0296723 0.0395728 0.0500271 0.0599089 0.0679516 0.0732119 0.0753769 0.074713 0.0717882 0.0672201 0.0615587 0.055256 0.0486614 0.042029 0.0355381 0.029321 0.0234898 0.0181551 0.0134321 0.00942932 0.00622252 0.00382461
 0.00862816 0.0140086 0.0210636 0.0297052 0.0396078 0.0500585 0.0599299 0.0679558 0.0731968 0.0753453 0.0746729 0.0717486 0.0671874 0.0615341 0.0552372 0.0486454 0.0420151 0.0355276 0.0293161 0.0234918 0.0181635 0.0134449 0.00944385 0.00623613 0.00383555
 0.00862816 0.0140086 0.0210636 0.0297052 0.0396078 0.0500585 0.0599299 0.0679558 0.0731968 0.0753453 0.0746729 0.0717486 0.0671874 0.0615341 0.0552372 0.0486454 0.0420151 0.0355276 0.0293161 0.0234918 0.0181635 0.0134449 0.00944385 0.00623613 0.00383555
 0.00891048 0.0144544 0.0217077 0.0305652 0.0406738 0.0512804 0.0612091 0.0691517 0.0741546 0.0759377 0.0748334 0.0714827 0.0665618 0.0606523 0.0542125 0.0475807 0.0409908 0.034599 0.028516 0.022835 0.0176505 0.0130653 0.00917939 0.00606392 0.0037315
 0.00823896 0.0134258 0.0202819 0.0287591 0.03857 0.0490319 0.0590359 0.0673169 0.0729088 0.0754481 0.0751338 0.0724724 0.0680482 0.0624115 0.0560419 0.0493286 0.0425632 0.0359512 0.0296371 0.0237335 0.0183456 0.0135815 0.00954425 0.00630712 0.00388282
 0.00834813 0.0135188 0.0202674 0.0285047 0.037943 0.0479615 0.0575655 0.0656131 0.071219 0.0740298 0.0741897 0.072111 0.0682724 0.0631327 0.0571101 0.0505728 0.0438289 0.0371243 0.0306506 0.0245612 0.0189889 0.0140578 0.00987921 0.00652917 0.00402038
 0.00799396 0.0129883 0.0195493 0.0276076 0.0368789 0.0467275 0.0561434 0.0639973 0.0694622 0.0722766 0.0726678 0.0710745 0.0679209 0.0635448 0.0582234 0.0522109 0.0457573 0.0391101 0.032506 0.0261642 0.0202827 0.0150378 0.0105758 0.0069923 0.00430667
 0.00822898 0.0133263 0.0199764 0.0280831 0.0373457 0.047127 0.0564223 0.0641012 0.069326 0.0718308 0.0718721 0.0699647 0.0666356 0.0623037 0.0572576 0.0516819 0.0457072 0.0394642 0.0331182 0.0268744 0.0209616 0.0156067 0.011005 0.00728723 0.00449219
 0.00836352 0.0135777 0.0204112 0.0287724 0.0383349 0.0483949 0.0578529 0.0654945 0.070451 0.0724939 0.071963 0.069467 0.0656163 0.060902 0.0556717 0.0501383 0.0444096 0.0385397 0.0325907 0.0266783 0.0209845 0.0157358 0.0111568 0.00741619 0.00458319
 0.00850493 0.0138178 0.0207927 0.0293448 0.0391472 0.0494796 0.0592038 0.0670446 0.0720626 0.0739692 0.0730803 0.0700335 0.0655212 0.0601467 0.0543701 0.0484892 0.0426517 0.036899 0.0312322 0.0256774 0.0203293 0.0153563 0.0109637 0.00733095 0.00455128
 0.00858919 0.0139607 0.0210192 0.0296836 0.0396267 0.0501216 0.0600152 0.0680113 0.0731462 0.0751032 0.0741657 0.0709405 0.0661055 0.0602843 0.0539984 0.0476371 0.0414408 0.0355139 0.0298701 0.0244971 0.0194185 0.0147268 0.0105727 0.00711179 0.00443992
 0.00853426 0.0138787 0.0209108 0.0295573 0.0395014 0.0500278 0.0599945 0.0681121 0.0734125 0.0755604 0.0748066 0.0717158 0.0669227 0.0610189 0.0545187 0.04784 0.0412873 0.0350462 0.0291995 0.0237656 0.0187524 0.0142039 0.0102137 0.00689481 0.00432408
 0.00847357 0.0137717 0.0207355 0.0292912 0.0391306 0.0495604 0.0594713 0.0676066 0.0730172 0.0753637 0.0748701 0.0720591 0.0675167 0.0617861 0.0553437 0.048591 0.0418476 0.0353471 0.0292393 0.0236053 0.0184874 0.0139267 0.00998577 0.00673888 0.00423349
 0.00843756 0.0137069 0.020626 0.0291175 0.0388732 0.0492061 0.0590223 0.0670872 0.0724767 0.0748726 0.0745098 0.0719048 0.0676171 0.0621467 0.0559191 0.049291 0.0425567 0.0359543 0.0296692 0.0238364 0.0185506 0.0138838 0.00990108 0.00665757 0.0041757
 0.00854704 0.0138734 0.0208541 0.0294007 0.0391919 0.0495265 0.0592969 0.0672613 0.0725009 0.0747216 0.0741959 0.0714814 0.0671674 0.0617615 0.0556692 0.0492056 0.0426151 0.0360961 0.0298188 0.0239331 0.0185681 0.0138323 0.00981257 0.0065659 0.00410265
 0.00860628 0.0139795 0.0210308 0.0296735 0.0395781 0.0500222 0.0598653 0.0678326 0.072987 0.075039 0.0742884 0.0713339 0.0668099 0.0612621 0.0551187 0.0486931 0.0422039 0.0358081 0.0296358 0.0238137 0.0184713 0.0137347 0.00971174 0.00647241 0.00402781
 0.00838434 0.0136324 0.0205366 0.0290279 0.0388034 0.0491757 0.0590419 0.0671517 0.0725601 0.0749307 0.0744931 0.0717813 0.0673952 0.0618838 0.0557066 0.0492182 0.0426698 0.0362305 0.0300239 0.024161 0.0187612 0.0139527 0.00985604 0.00655467 0.00406723
 0.0083638 0.0135749 0.0204058 0.0287768 0.0383877 0.0485759 0.0582834 0.0663104 0.0717499 0.0742754 0.0740943 0.0716925 0.067609 0.0623379 0.0563068 0.0498691 0.0432996 0.0368004 0.0305204 0.0245822 0.0191058 0.014219 0.0100456 0.00667653 0.00413695
 0.00821011 0.0133334 0.0200571 0.0283065 0.0377867 0.0478422 0.0574284 0.0653684 0.0707843 0.0733793 0.0733789 0.0712643 0.0675419 0.0626495 0.0569507 0.0507482 0.0442942 0.0377989 0.0314399 0.0253742 0.0197499 0.0147136 0.0104019 0.00691462 0.00428289
 0.00793931 0.0128958 0.0194057 0.0274042 0.03662 0.0464383 0.0558687 0.063784 0.0693297 0.0721953 0.0725669 0.0708818 0.0676107 0.0631617 0.0578665 0.0519898 0.0457478 0.0393306 0.0329197 0.0266987 0.020855 0.0155753 0.0110288 0.00733841 0.0045472
#pred catch len freq
 0.00359014 0.00583287 0.00880645 0.0125538 0.0171003 0.0223964 0.0282527 0.0343411 0.0402667 0.045654 0.0502014 0.0537163 0.0561383 0.0575369 0.0580788 0.0579852 0.0574986 0.0568431 0.0561419 0.055288 0.0538412 0.0510904 0.0463636 0.0394751 0.0310068
 0.00394825 0.00636348 0.00951215 0.0134115 0.0180784 0.0234766 0.0294381 0.0356382 0.0416531 0.0470525 0.0514859 0.054751 0.0568296 0.0578673 0.0581025 0.0577874 0.0571399 0.056316 0.0553629 0.0541365 0.0522351 0.0490614 0.0440861 0.037221 0.0290451
 0.00415423 0.00672985 0.0101187 0.0143437 0.0193988 0.0251857 0.0314478 0.0377836 0.0437439 0.0489323 0.05306 0.0559698 0.0576573 0.0582698 0.0580624 0.0573243 0.0563065 0.0551659 0.0539152 0.0523704 0.0501304 0.0466636 0.0415475 0.0347784 0.0269399
 0.00436508 0.00706027 0.0105984 0.0150065 0.020293 0.0263795 0.0330148 0.0397622 0.0460861 0.0514745 0.0555453 0.05812 0.0592546 0.0592013 0.0583131 0.0569405 0.055361 0.0537352 0.0520656 0.0501555 0.0476089 0.0439353 0.0387802 0.0321933 0.02475
