SBPRF35
7.78865
Curr Bio
551936
B35
672979
F35
0.212378
FOFL
0.171635
OFL
74264.7
Bzero
2.22533e+006
#pred survey bio
 5.00872e+006 4.72017e+006 4.4367e+006 4.1147e+006 3.76173e+006 3.3858e+006 3.03442e+006 2.66768e+006 2.3562e+006 2.07237e+006 1.83019e+006 1.62024e+006 1.44118e+006 1.26651e+006 1.12504e+006 988116 874041 805249 752176 717285 685255 654407 629561 620600 602102 600331 596919 593185 591360 599630 600804 596008 580504 579686 573075 557934 554153 544501 543701 550069 561529 570003 575810 585680 587168 607529 620972 627648 630094 647005 638208 582064 574485 559218 547437 524631 498879 518264 545818 534692 545872 531744 531778 528008 545438 564365 567706 567129 557775 1.94451e+007 1.14188e+007 1.14778e+007 1.2069e+007 1.29602e+007 1.39172e+007 1.47952e+007 1.55307e+007 1.61121e+007 1.65546e+007 1.68831e+007 1.71229e+007 1.72965e+007 1.74215e+007 1.75115e+007 1.75765e+007 1.76235e+007 1.76578e+007 1.76829e+007 1.77014e+007 1.77151e+007 1.77254e+007 1.7733e+007 1.77388e+007 1.77432e+007 1.77466e+007 1.77491e+007 1.7751e+007 1.77525e+007 1.77536e+007 1.77545e+007 1.77552e+007 1.77557e+007 1.77561e+007 1.77564e+007 1.77566e+007 1.77568e+007 1.7757e+007 1.77571e+007 1.77572e+007 1.77572e+007 1.77573e+007 1.77573e+007 1.77574e+007 1.77574e+007 1.77574e+007 1.77574e+007 1.77574e+007 1.77574e+007 1.77574e+007 1.77574e+007 1.77574e+007 1.77575e+007 1.77575e+007 1.77575e+007 1.77575e+007 1.77575e+007 1.77575e+007 1.77575e+007 1.77575e+007 1.77575e+007 1.77575e+007 1.77575e+007 1.77575e+007 1.77575e+007 1.77575e+007 1.77575e+007 1.77575e+007 1.77575e+007 1.77575e+007 1.77575e+007 1.77575e+007 1.77575e+007 1.77575e+007 1.77575e+007 1.77575e+007 1.77575e+007 1.77575e+007 1.77575e+007 1.77575e+007 1.77575e+007 1.77575e+007 1.77575e+007 1.77575e+007 1.77575e+007 1.77575e+007 1.77575e+007 1.77575e+007 1.77575e+007 1.77575e+007 1.77575e+007 1.77575e+007 1.77575e+007 1.77575e+007 1.77575e+007 1.77575e+007 1.77575e+007 1.77575e+007 1.77575e+007 1.77575e+007 0 0 0 0 0 0 0 0 0 0 0 0 0 0 0 0 0 0 0 0 0 0 0 0 0
#obs survey bio
 3.73328e+006 3.95652e+006 3.35215e+006 2.99742e+006 4.51924e+006 2.74745e+006 3.73167e+006 2.39624e+006 1.74285e+006 2.56476e+006 1.06293e+006 1.26392e+006 1.15299e+006 1.16212e+006 793374 1.03817e+006 731179 781406 639608 500372 406502 782208 486757 546167 589052 428169 472878 581029 480105 493995 530304 565388 392487 540436 416290 771743 407717 690272 471920 417319 626607 470163 468867 624754 633422 614832 505291 495181 794716 703574 656904 597115 419458 812452 579333 460555 467833 746846 603300 700928 479761 434055 611212 478482 491580 629354 628468 377730 942848
#pred catch bio
 107101 106855 155425 206546 257299 268026 315597 297621 300957 287347 277465 263671 267927 242878 239360 217104 175183 159033 141425 137431 134470 127288 112583 118704 102541 102568 101310 98239.6 88885.5 93681.8 96314 102009 86882.1 89594.1 94059.5 84185.5 92946 90478.7 88472.2 86549.6 89816.8 92005.5 88726 95792.3 80673.8 87704.7 93893.8 97475.1 85663.2 106910 143444 99838.2 105346 100540 108135 109480 72513.3 67408.2 98710.5 78798.7 100027 88514.7 92475.9 75326.3 74759.8 87375.2 89682.3 94932.2 84259.2 74264.7 87973.9 86965.5 89980.2 96045.2 102907 109193 114354 118314 121212 123261 124675 125630 126267 126685 126958 127135 127249 127321 127368 127397 127416 127427 127435 127440 127443 127444 127446 127446 127447 127447 127447 127447 127447 127447 127447 127447 127447 127447 127447 127447 127447 127447 127447 127447 127447 127447 127447 127447 127447 127447 127447 127447 127447 127447 127447 127447 127447 127447 127447 127447 127447 127447 127447 127447 127447 127447 127447 127447 127447 127447 127447 127447 127447 127447 127447 127447 127447 127447 127447 127447 127447 127447 127447 127447 127447 127447 127447 127447 127447 127447 127447 127447 127447 127447 127447 127447 127447 127447 127447 0 0 0 0 0 0 0 0 0 0 0 0 0 0 0 0 0 0 0 0 0 0 0 0 0
#obs catch bio
 0 106669 155960 207788 259345 270589 320077 302050 307565 293426 285327 271518 276611 249971 247259 222935 179051 161841 143607 140291 137967 129860 115220 122099 104308 104516 103328 99783.2 90250.6 95207.7 97740.1 103505 87558.1 90580.3 95678.2 84786.8 94199.7 91085.8 89473.9 87599.8 90656.1 92756.7 89293.4 96629 80974.1 88282.2 94389.3 98184.3 85649.7 107234 145179 99947.6 105770 100408 107849 110093 72709.1 67258.6 99694.7 78415.8 100535 88513.1 93044.1 75693.4 74893.5 87785.5 89949.9 95736.2 84189.5
#pred cpue bio
 4.92402e+006 4.64158e+006 4.36337e+006 4.04409e+006 3.69315e+006 3.31949e+006 2.97017e+006 2.60595e+006 2.29638e+006 2.01447e+006 1.77409e+006 1.56596e+006 1.38897e+006 1.21712e+006 1.07821e+006 944321 833203 766447 715113 681268 650099 620228 596261 587670 570158 568873 565870 562550 561065 569339 570920 566893 552476 552067 546069 531830 527570 516425 514156 519852 531141 539758 545619 555239 556725 576422 589496 596000 598409 614900 606583 552266 544753 530141 519082 496967 471557 490072 517304 507220 518099 504113 503652 499847 516939 535733 539352 538871 530278 1.85375e+007 1.09063e+007 1.08478e+007 1.12912e+007 1.21257e+007 1.30682e+007 1.39431e+007 1.46779e+007 1.52593e+007 1.57018e+007 1.60302e+007 1.627e+007 1.64436e+007 1.65686e+007 1.66586e+007 1.67236e+007 1.67706e+007 1.68049e+007 1.683e+007 1.68485e+007 1.68622e+007 1.68725e+007 1.68802e+007 1.6886e+007 1.68904e+007 1.68937e+007 1.68962e+007 1.68982e+007 1.68996e+007 1.69008e+007 1.69016e+007 1.69023e+007 1.69028e+007 1.69032e+007 1.69035e+007 1.69038e+007 1.6904e+007 1.69041e+007 1.69042e+007 1.69043e+007 1.69044e+007 1.69044e+007 1.69045e+007 1.69045e+007 1.69045e+007 1.69045e+007 1.69045e+007 1.69045e+007 1.69046e+007 1.69046e+007 1.69046e+007 1.69046e+007 1.69046e+007 1.69046e+007 1.69046e+007 1.69046e+007 1.69046e+007 1.69046e+007 1.69046e+007 1.69046e+007 1.69046e+007 1.69046e+007 1.69046e+007 1.69046e+007 1.69046e+007 1.69046e+007 1.69046e+007 1.69046e+007 1.69046e+007 1.69046e+007 1.69046e+007 1.69046e+007 1.69046e+007 1.69046e+007 1.69046e+007 1.69046e+007 1.69046e+007 1.69046e+007 1.69046e+007 1.69046e+007 1.69046e+007 1.69046e+007 1.69046e+007 1.69046e+007 1.69046e+007 1.69046e+007 1.69046e+007 1.69046e+007 1.69046e+007 1.69046e+007 1.69046e+007 1.69046e+007 1.69046e+007 1.69046e+007 1.69046e+007 1.69046e+007 1.69046e+007 1.69046e+007 1.69046e+007 1.69046e+007 0 0 0 0 0 0 0 0 0 0 0 0 0 0 0 0 0 0 0 0 0 0 0 0 0
#obs cpue bio
 2.45839e+006 3.51611e+006 3.61351e+006 3.41614e+006 3.3811e+006 2.20924e+006 2.41247e+006 1.8335e+006 1.5908e+006 1.43199e+006 1.38458e+006 1.30609e+006 1.37148e+006 990515 1.01624e+006 874799 696183 789657 656548 542449 580885 529727 336153 443524 617500 572660 492529 599094 423464 595490 580654 610238 809703 441794 445121 527223 492983 541257 350533 500937 541717 651455 599064 499249 470449 496771 772672 647513 581644 517642 483772 542065 766159 462974 586550 394906 350137 460766 342421 622191 430667 642632 335935 393726 717983 444927 488087 573360 539366
#pred surv len freq
 0.00489157 0.00797584 0.0120661 0.0171597 0.0231376 0.0296765 0.0362262 0.0421483 0.0469603 0.0504963 0.0528798 0.0543776 0.0552647 0.0557524 0.0559616 0.0559189 0.0555709 0.054809 0.05348 0.0513747 0.0482229 0.043756 0.0378679 0.0308037 0.0232216
 0.00509148 0.00820247 0.0122309 0.0171344 0.0228059 0.0290075 0.0353198 0.041213 0.0462223 0.0500917 0.0527969 0.0544798 0.0553738 0.0557408 0.0558091 0.0557153 0.0554698 0.0549529 0.0539298 0.0520758 0.049027 0.0444878 0.0384003 0.0310989 0.0233225
 0.00538779 0.00867201 0.0129072 0.0180201 0.0238499 0.0300851 0.0362377 0.0417607 0.0462614 0.0496331 0.0520031 0.05358 0.0545453 0.055041 0.0551964 0.055129 0.054903 0.0544677 0.0536133 0.0519739 0.0491066 0.0446515 0.0385404 0.0311509 0.0232831
 0.00561269 0.00904745 0.0134903 0.0188692 0.0250097 0.0315604 0.0379626 0.0435794 0.0479404 0.0509123 0.0526749 0.0535636 0.0539137 0.0539783 0.0539094 0.0537728 0.0535631 0.0531927 0.0524503 0.0509724 0.0482939 0.044015 0.0380376 0.0307385 0.0229395
 0.00586627 0.00945034 0.0140807 0.0196807 0.0260702 0.0328878 0.0395538 0.0453945 0.0498866 0.0528349 0.0543652 0.0547924 0.0544911 0.0538166 0.0530542 0.0523796 0.0518351 0.05132 0.0505806 0.049212 0.0467162 0.0426633 0.0369268 0.029862 0.0222792
 0.00615856 0.00991776 0.0147696 0.0206287 0.0272997 0.0343963 0.0413049 0.047317 0.0518852 0.0548044 0.0561932 0.0563501 0.0556268 0.0543723 0.0529085 0.0514969 0.0502896 0.0492781 0.0482544 0.046811 0.0444172 0.040599 0.0351834 0.0284802 0.0212572
 0.00644272 0.0103736 0.0154444 0.0215631 0.0285209 0.0359077 0.043074 0.0492706 0.0539188 0.056801 0.0580414 0.0579499 0.0568828 0.055183 0.0531648 0.051102 0.0491961 0.0475241 0.0459745 0.0442143 0.0417435 0.0380736 0.0329818 0.0267078 0.0199436
 0.00683343 0.0109885 0.0163324 0.0227564 0.0300311 0.0377191 0.0451345 0.0514879 0.05617 0.0589528 0.0599701 0.0595531 0.0580804 0.0559098 0.0533602 0.0507042 0.0481521 0.0458173 0.04366 0.0414394 0.038738 0.0351075 0.0303071 0.0245046 0.01829
 0.0071637 0.0115224 0.0171297 0.0238693 0.0314924 0.0395258 0.0472312 0.0537646 0.0584806 0.0611462 0.061916 0.0611529 0.0592636 0.0566251 0.0535655 0.050359 0.0472175 0.0442688 0.0415161 0.038794 0.0357763 0.0320872 0.0275033 0.0221415 0.0164872
 0.00751411 0.0120786 0.017942 0.0249772 0.0329193 0.0412702 0.0492545 0.0559832 0.0607707 0.0633615 0.0639104 0.0627998 0.0604686 0.0573284 0.0537349 0.0499774 0.0462721 0.0427526 0.0394457 0.0362402 0.0328899 0.0290977 0.0246788 0.0197198 0.0146125
 0.00782568 0.0125794 0.018685 0.0260069 0.0342632 0.0429256 0.0511752 0.0580767 0.0629124 0.065418 0.0657598 0.0643396 0.0616161 0.0580198 0.0539261 0.0496425 0.0453998 0.0413448 0.0375252 0.0338715 0.0302027 0.0262929 0.0220007 0.0173967 0.0127934
 0.00804363 0.0129425 0.0192477 0.0268253 0.0353836 0.044366 0.0529066 0.0600167 0.0649368 0.067386 0.0675386 0.0658199 0.0627176 0.0586887 0.0541292 0.0493611 0.0446257 0.040081 0.035795 0.0317346 0.027774 0.023749 0.0195583 0.0152631 0.0111097
 0.00822388 0.0132349 0.0196873 0.0274469 0.0362182 0.0454333 0.0542046 0.0615128 0.0665648 0.0690516 0.0691298 0.0672223 0.0638288 0.0594305 0.0544517 0.0492388 0.044051 0.0390603 0.0343521 0.0299242 0.0256971 0.0215584 0.0174419 0.0134027 0.00963218
 0.00847674 0.0136371 0.0202758 0.0282494 0.0372475 0.0466796 0.0556276 0.0630407 0.068106 0.0705118 0.0704263 0.0682877 0.0646086 0.0598808 0.0545398 0.0489455 0.0433712 0.0380032 0.0329442 0.0282179 0.0237821 0.0195667 0.0155336 0.0117326 0.00830768
 0.00862552 0.0138877 0.0206687 0.0288271 0.0380441 0.0477057 0.056856 0.0644026 0.0695032 0.0718388 0.0715909 0.0692217 0.0652689 0.0602438 0.0545938 0.0486849 0.0427947 0.0371165 0.0317665 0.0267916 0.0221825 0.017904 0.0139413 0.0103385 0.00720108
 0.00879279 0.0141618 0.0210856 0.0294218 0.0388446 0.0487217 0.0580666 0.0657494 0.0708947 0.0731653 0.072743 0.0701083 0.0658302 0.0604557 0.0544635 0.0482393 0.0420674 0.0361403 0.0305752 0.0254288 0.0207121 0.0164156 0.0125412 0.00912766 0.00624761
 0.00900017 0.0144818 0.0215358 0.0300087 0.039565 0.0495649 0.059013 0.0667676 0.0719393 0.0741777 0.0736563 0.0708533 0.0663444 0.0606932 0.0544025 0.047884 0.041443 0.0352848 0.029533 0.0242505 0.0194598 0.0151654 0.0113783 0.00813039 0.00546705
 0.00912566 0.0146687 0.0217855 0.0303118 0.0399058 0.0499273 0.0593867 0.0671503 0.0723361 0.0745975 0.0741043 0.071322 0.0668057 0.0610986 0.0546925 0.0480029 0.0413533 0.0349744 0.0290162 0.0235642 0.0186596 0.0143215 0.0105667 0.00741968 0.00490316
 0.0093361 0.0149804 0.0221975 0.0308022 0.0404359 0.0504516 0.0598611 0.067539 0.0726176 0.0747708 0.0741897 0.0713543 0.0668198 0.061114 0.0547039 0.047981 0.041256 0.0347627 0.0286686 0.023085 0.0180801 0.0136937 0.00995263 0.00687657 0.0044699
 0.0094598 0.0151766 0.0224825 0.0311843 0.0409101 0.0509931 0.0604218 0.0680532 0.0730188 0.0750134 0.0742638 0.0712857 0.0666574 0.0609109 0.0545001 0.0477928 0.0410738 0.034559 0.0284122 0.0227565 0.0176822 0.013253 0.0095114 0.00647908 0.00414863
 0.00947508 0.015218 0.0225749 0.0313607 0.0412023 0.0514169 0.0609641 0.0686674 0.0736326 0.0755457 0.0746448 0.0714733 0.0666466 0.0607318 0.0542061 0.0474416 0.0407095 0.0342024 0.0280625 0.0224028 0.0173175 0.0128834 0.00915698 0.00616577 0.00389735
 0.00956232 0.015344 0.0227364 0.0315477 0.0414051 0.0516351 0.0612105 0.068961 0.0739838 0.0759409 0.0750412 0.0718089 0.0668603 0.060785 0.0540944 0.047193 0.0403712 0.0338226 0.0276766 0.0220294 0.0169636 0.0125538 0.00886019 0.00591357 0.00369951
 0.00964925 0.0154778 0.0229233 0.0317861 0.0416847 0.0519363 0.0615062 0.0692235 0.0741947 0.076099 0.0751603 0.0719045 0.0669346 0.0608214 0.0540656 0.0470778 0.0401669 0.0335471 0.02736 0.021702 0.0166487 0.0122667 0.00861094 0.00570915 0.00354345
 0.00946118 0.0152106 0.0225925 0.0314312 0.0413581 0.0516863 0.0613625 0.0691926 0.0742656 0.0762522 0.0753766 0.0721693 0.0672365 0.061146 0.0543905 0.0473719 0.0403984 0.0336944 0.0274185 0.021684 0.0165761 0.0121639 0.00849918 0.00560489 0.00345724
 0.0095183 0.015273 0.0226321 0.031408 0.0412371 0.0514608 0.0610686 0.0689022 0.0740571 0.0761765 0.0754392 0.0723368 0.0674599 0.061383 0.0546143 0.0475679 0.0405565 0.0338048 0.0274741 0.0216848 0.0165312 0.0120892 0.00841294 0.00552259 0.00338902
 0.00951812 0.0152647 0.0226036 0.0313399 0.041104 0.0512361 0.0607347 0.0684635 0.0735514 0.0756771 0.0750389 0.0721177 0.0674634 0.0615967 0.0549828 0.0480176 0.0410187 0.0342277 0.0278253 0.0219491 0.0167085 0.0121909 0.00845791 0.00553167 0.00338031
 0.00944822 0.0151685 0.0224904 0.0312274 0.0410108 0.0511705 0.0606863 0.0684044 0.0734477 0.0755063 0.0748056 0.0718596 0.0672414 0.0614731 0.0549966 0.0481701 0.0412758 0.0345362 0.028132 0.0222142 0.0169108 0.0123268 0.00853654 0.00556865 0.003392
 0.00944994 0.0151581 0.0224515 0.0311399 0.0408595 0.050957 0.0604357 0.0681589 0.0732485 0.0753739 0.0747321 0.0718195 0.0672124 0.0614533 0.0550057 0.0482355 0.0414139 0.0347406 0.028375 0.0224588 0.0171244 0.0124907 0.00864702 0.00563364 0.00342466
 0.00943043 0.0151293 0.0224127 0.0310901 0.0407949 0.0508691 0.0603129 0.0679931 0.0730441 0.0751532 0.0745302 0.0716697 0.0671326 0.0614417 0.0550495 0.0483232 0.041541 0.0349053 0.02857 0.0226667 0.0173223 0.0126577 0.00877182 0.00571599 0.00347244
 0.00924236 0.0148479 0.022035 0.0306306 0.0402827 0.050342 0.0598112 0.0675556 0.0727031 0.0749298 0.0744335 0.0716995 0.0672828 0.0617003 0.0553967 0.0487319 0.0419809 0.0353491 0.0289956 0.0230565 0.0176609 0.0129333 0.00897915 0.00585843 0.00356098
 0.00905833 0.0145675 0.0216488 0.0301442 0.0397177 0.0497345 0.0592103 0.0670183 0.0722843 0.0746688 0.0743444 0.0717725 0.0674921 0.0620156 0.0557896 0.0491773 0.0424551 0.0358281 0.0294561 0.0234775 0.0180255 0.0132305 0.0092048 0.00601638 0.00366189
 0.00895931 0.0144057 0.0214045 0.0298009 0.0392677 0.0491872 0.0585994 0.0664009 0.0717299 0.074242 0.0740898 0.0717071 0.0676068 0.0622822 0.0561703 0.0496326 0.0429495 0.0363312 0.0299417 0.0239231 0.0184131 0.0135476 0.00944714 0.00618764 0.00377284
 0.00907441 0.014565 0.0215922 0.0299828 0.0393987 0.0492239 0.0585126 0.0661829 0.0713963 0.0738297 0.0736508 0.0712989 0.0672802 0.0620708 0.056086 0.0496674 0.0430818 0.036533 0.0301836 0.0241778 0.0186566 0.0137615 0.00961968 0.00631503 0.00385844
 0.00893466 0.0143681 0.0213506 0.0297245 0.0391553 0.0490138 0.0583305 0.0660034 0.071191 0.0735865 0.0733849 0.071049 0.0670947 0.0619913 0.0561355 0.0498461 0.0433695 0.0368958 0.0305824 0.0245747 0.0190203 0.0140701 0.00986203 0.00649039 0.00397468
 0.00885523 0.0142379 0.0211546 0.0294525 0.0388096 0.0486175 0.057929 0.0656548 0.0709435 0.0734571 0.0733536 0.0710752 0.067143 0.0620504 0.0562185 0.0499771 0.0435661 0.037159 0.0308952 0.0249085 0.0193434 0.0143555 0.0100926 0.00666078 0.00408943
 0.00962372 0.0153158 0.0224595 0.0308001 0.039965 0.0493794 0.0581987 0.0654543 0.0703837 0.0726842 0.0725024 0.0702408 0.0663753 0.0613644 0.055614 0.0494561 0.0431393 0.0368396 0.0306887 0.0248059 0.0193223 0.0143865 0.0101471 0.00671729 0.00413577
 0.0103035 0.0163821 0.0239824 0.0327936 0.0423554 0.051975 0.0606837 0.0674394 0.0715208 0.0727944 0.0716402 0.0686555 0.064398 0.0592937 0.0536534 0.0477111 0.041648 0.035607 0.0297069 0.0240594 0.0187865 0.014027 0.00992378 0.00658973 0.0040693
 0.0103174 0.0165047 0.0243502 0.0335904 0.0437593 0.0540732 0.0633944 0.0704862 0.0744813 0.0752042 0.0731158 0.0689935 0.0636209 0.0576245 0.05143 0.0452805 0.0392862 0.0334895 0.0279198 0.0226269 0.0176951 0.0132402 0.00939075 0.00625291 0.00387216
 0.0100706 0.0161422 0.0238834 0.0330737 0.0432989 0.0538269 0.0635522 0.0712207 0.0758706 0.0771594 0.0753612 0.0711286 0.0652445 0.058464 0.0514156 0.0445379 0.038064 0.0320636 0.0265188 0.0213987 0.0167089 0.0125063 0.00888299 0.00592706 0.00367914
 0.00981586 0.0157466 0.0233244 0.0323482 0.0424313 0.052879 0.062634 0.0704915 0.0755168 0.0773473 0.0761734 0.0725102 0.0669891 0.0602568 0.0529286 0.0455346 0.0384654 0.0319466 0.0260576 0.0207876 0.0161035 0.0119991 0.00850755 0.00567694 0.00352806
 0.00964444 0.0154676 0.0229048 0.0317597 0.0416593 0.0519361 0.0615736 0.0694131 0.0745576 0.076661 0.0759026 0.0727543 0.0677687 0.0614873 0.0544199 0.0470335 0.0397309 0.0328243 0.0265162 0.0209021 0.0160026 0.0118085 0.00831569 0.00552699 0.00342908
 0.00964332 0.0154477 0.0228411 0.0316161 0.0413958 0.0515214 0.0609985 0.0686996 0.0737605 0.0758647 0.0752136 0.0722878 0.067627 0.0617307 0.0550386 0.0479341 0.0407523 0.0337842 0.02727 0.0213849 0.016233 0.0118597 0.00827269 0.00545608 0.0033667
 0.00965664 0.0154707 0.0228767 0.0316642 0.0414481 0.0515564 0.06098 0.0685832 0.0735092 0.0754677 0.0746995 0.0717255 0.0671142 0.0613717 0.0549163 0.0480828 0.041141 0.0343209 0.0278318 0.0218612 0.0165615 0.0120358 0.00833348 0.00545211 0.00333946
 0.00960268 0.0153894 0.0227666 0.031529 0.0412966 0.0514008 0.0608328 0.0684526 0.0733935 0.075353 0.0745643 0.071554 0.0669113 0.0611712 0.054775 0.0480609 0.0412754 0.0346059 0.0282162 0.0222671 0.0169147 0.0122921 0.00848693 0.00552483 0.00336318
 0.00967718 0.0154952 0.0228975 0.0316696 0.0414267 0.0515022 0.0608952 0.0684742 0.0733777 0.0753026 0.0744779 0.071425 0.0667335 0.0609473 0.0545254 0.0478246 0.0411002 0.0345293 0.0282478 0.0223833 0.0170699 0.0124395 0.00859656 0.00558945 0.00339203
 0.00955931 0.0153168 0.0226537 0.0313645 0.041072 0.0511148 0.0604967 0.068092 0.0730449 0.0750546 0.0743442 0.0714206 0.0668519 0.0611619 0.0547987 0.0481224 0.0414027 0.0348325 0.0285543 0.0226898 0.0173614 0.0126939 0.00879534 0.00572648 0.00347458
 0.00951126 0.0152393 0.0225383 0.0312049 0.040866 0.0508674 0.0602222 0.0678126 0.0727859 0.0748385 0.0741875 0.0713339 0.0668415 0.0612285 0.0549351 0.0483131 0.0416279 0.0350742 0.0287998 0.0229306 0.0175882 0.012895 0.00895913 0.00584654 0.00355269
 0.00945955 0.0151671 0.0224514 0.0311148 0.0407855 0.0508041 0.0601734 0.0677671 0.0727305 0.0747652 0.0740979 0.0712385 0.0667555 0.0611677 0.0549122 0.0483349 0.0416942 0.0351781 0.0289305 0.0230756 0.0177354 0.0130324 0.00907645 0.00593708 0.0036151
 0.00945294 0.0151533 0.0224254 0.0310717 0.0407234 0.0507276 0.0600948 0.0677028 0.0726929 0.0747555 0.0741047 0.0712443 0.0667467 0.0611413 0.0548766 0.0483049 0.0416841 0.0351966 0.028979 0.0231486 0.0178229 0.0131228 0.00915907 0.00600432 0.0036638
 0.00928259 0.0148959 0.0220747 0.0306354 0.0402218 0.0501903 0.0595595 0.0672143 0.0723002 0.0745032 0.0740222 0.071337 0.0669934 0.0615009 0.0553004 0.0487492 0.0421179 0.0356021 0.0293472 0.0234746 0.0181025 0.0133526 0.00933771 0.00613396 0.00375056
 0.00922121 0.0148127 0.0219799 0.0305482 0.0401642 0.0501773 0.0595913 0.0672751 0.0723642 0.0745451 0.0740268 0.0713041 0.0669364 0.0614401 0.0552537 0.0487268 0.0421215 0.0356284 0.0293913 0.0235317 0.0181674 0.0134191 0.00939931 0.00618534 0.00378897
 0.00961494 0.0154138 0.0228112 0.0316027 0.0414048 0.0515393 0.0609821 0.068576 0.0734423 0.0752759 0.0743212 0.0711281 0.0663193 0.0604677 0.0540489 0.0474231 0.0408381 0.0344543 0.0283814 0.0227102 0.0175352 0.0129604 0.00908741 0.00598797 0.0036736
 0.00943892 0.0151693 0.0225207 0.0313139 0.0411791 0.0514321 0.0610264 0.0687774 0.0737835 0.0757233 0.0748273 0.0716331 0.0667564 0.0607761 0.0541908 0.0473954 0.0406718 0.0342022 0.0280997 0.0224448 0.0173143 0.0127948 0.00897488 0.00591867 0.0036351
 0.00940933 0.0151104 0.0224141 0.0311417 0.0409355 0.0511372 0.0607338 0.0685643 0.0737234 0.0758556 0.0751409 0.0720724 0.0672424 0.061229 0.0545464 0.0476139 0.0407428 0.0341439 0.0279515 0.0222544 0.017124 0.0126332 0.00885416 0.00583835 0.00358722
 0.0096311 0.0154163 0.0227728 0.0314885 0.0411882 0.051225 0.060623 0.0682714 0.0733113 0.075417 0.0747733 0.0718503 0.0671953 0.0613358 0.0547472 0.0478348 0.0409197 0.0342391 0.027958 0.0221904 0.0170211 0.0125227 0.00875846 0.00576761 0.00354156
 0.00992114 0.0158777 0.0234441 0.0323877 0.042296 0.0524662 0.0618581 0.0693152 0.073984 0.0756077 0.0744796 0.0711734 0.0662957 0.0603757 0.0538464 0.0470527 0.0402631 0.0336849 0.0274782 0.021768 0.0166538 0.0122174 0.00852181 0.00559909 0.0034324
 0.00999001 0.0160224 0.0237221 0.0328709 0.043051 0.0535221 0.0631751 0.0707725 0.0753963 0.0767656 0.0752019 0.0713541 0.0659324 0.0595663 0.0527543 0.0458541 0.0391006 0.0326448 0.0265943 0.0210407 0.0160708 0.0117646 0.00818605 0.00536534 0.00328188
 0.00955947 0.0153592 0.0227972 0.0316948 0.0416862 0.0520921 0.0618645 0.0698002 0.0749573 0.0769607 0.0759932 0.072574 0.067342 0.0609332 0.0539147 0.0467388 0.0397215 0.0330583 0.0268639 0.0212148 0.0161794 0.0118262 0.00821459 0.0053735 0.00328014
 0.00928968 0.0149084 0.0220983 0.0306842 0.0403253 0.0504002 0.0599486 0.0678613 0.0732591 0.0757686 0.0755051 0.0728674 0.0683518 0.0624698 0.0557193 0.0485554 0.0413581 0.0344135 0.0279171 0.0219956 0.0167364 0.0122082 0.00846418 0.00552686 0.00336769
 0.00961222 0.0153774 0.0226981 0.0313559 0.0409718 0.0509016 0.0601825 0.0677293 0.0727186 0.0748629 0.0743728 0.0717146 0.0673936 0.0618628 0.0555164 0.0487018 0.0417269 0.0348615 0.0283326 0.0223199 0.0169579 0.0123435 0.0085386 0.00556346 0.00338329
 0.00966725 0.0154717 0.0228473 0.0315723 0.0412553 0.051227 0.0604921 0.0679368 0.0727318 0.0746154 0.0738545 0.0709863 0.066579 0.0611183 0.0549852 0.0484687 0.0417941 0.0351567 0.0287446 0.0227416 0.0173172 0.0126102 0.0087155 0.00566969 0.00344144
 0.00989515 0.0158318 0.023369 0.0322736 0.0421364 0.0522611 0.0616146 0.0690422 0.073683 0.0752689 0.0740916 0.070745 0.065876 0.0600543 0.0537261 0.0472045 0.0406886 0.0343072 0.0281691 0.0223964 0.0171303 0.0125141 0.00866364 0.00563777 0.00341978
 0.009745 0.0156341 0.0231578 0.0321109 0.0420969 0.0524075 0.061975 0.0696003 0.0743827 0.0760246 0.0748004 0.0712999 0.0661849 0.0600632 0.0534395 0.0466903 0.0400604 0.0336886 0.0276556 0.0220319 0.0169088 0.0123992 0.00861274 0.00561785 0.00341193
 0.00965433 0.0154881 0.0229434 0.0318241 0.0417523 0.0520483 0.0616755 0.0694523 0.0744647 0.0763671 0.075367 0.0719947 0.0668807 0.060637 0.053802 0.0468057 0.0399512 0.033425 0.0273292 0.0217248 0.0166712 0.0122439 0.00852621 0.00557648 0.00339471
 0.00945244 0.0151641 0.0224645 0.0311659 0.0409077 0.0510405 0.0605717 0.0683675 0.0735471 0.0757665 0.0751957 0.0722936 0.0676039 0.0616606 0.0549568 0.047923 0.0409043 0.0341523 0.0278333 0.0220511 0.0168786 0.0123818 0.00862434 0.00564803 0.00344464
 0.00933425 0.0149675 0.0221605 0.0307248 0.0403054 0.0502694 0.0596526 0.0673564 0.0725337 0.0748637 0.0745229 0.0719567 0.0676703 0.0621365 0.0557776 0.0489633 0.0420111 0.0351855 0.0286989 0.0227136 0.0173504 0.0127012 0.00883378 0.00578211 0.00352772
 0.00940631 0.0150712 0.0222903 0.0308634 0.040424 0.0503301 0.0596127 0.0671766 0.0721896 0.0743594 0.0739015 0.0712989 0.0670814 0.0617215 0.0556117 0.0490678 0.0423459 0.0356633 0.0292163 0.0231841 0.0177249 0.0129688 0.00900939 0.00589011 0.00359088
 0.0090399 0.0145713 0.021714 0.0303203 0.0400416 0.0502002 0.0597486 0.0675076 0.0725925 0.0747071 0.0741026 0.0713185 0.0669426 0.0614933 0.0553869 0.048935 0.0423611 0.0358336 0.0295023 0.0235202 0.0180466 0.0132332 0.00920097 0.00601495 0.0036651
 0.00839568 0.0136128 0.0204416 0.0288053 0.0384221 0.0486622 0.0584997 0.0667373 0.07242 0.0751332 0.0749985 0.0724692 0.0681244 0.0625454 0.0562432 0.0496131 0.0429236 0.0363458 0.0300012 0.0240062 0.018494 0.0136109 0.00948995 0.00621466 0.00378992
#obs surv len freq
 nan nan nan nan nan nan nan nan nan nan nan nan nan nan nan nan nan nan nan nan nan nan nan nan nan
 0.00447744 0.00733573 0.0111632 0.0159785 0.02168 0.027958 0.0342754 0.0400099 0.0446922 0.048158 0.0505173 0.0520141 0.052907 0.0534199 0.0537346 0.0539898 0.0542686 0.0545615 0.0547003 0.0542922 0.0527301 0.0493619 0.043811 0.0362902 0.0276729
 0.00461652 0.00756053 0.0114989 0.0164469 0.0222949 0.028717 0.0351521 0.0409511 0.0456236 0.0489979 0.0511913 0.0524667 0.053108 0.0533661 0.053446 0.0535023 0.053625 0.0538042 0.053868 0.0534217 0.0518598 0.0485344 0.0430706 0.0356743 0.0272022
 0.00478603 0.00783853 0.0119216 0.0170489 0.0231017 0.0297332 0.03635 0.0422663 0.0469639 0.05026 0.052277 0.0532933 0.053615 0.0535186 0.0532379 0.0529549 0.0527817 0.0527227 0.0526137 0.0520642 0.0504741 0.047201 0.0418696 0.0346716 0.0264344
 0.00497301 0.00814704 0.0123944 0.017729 0.0240238 0.0309108 0.0377611 0.0438474 0.0486173 0.0518703 0.0537283 0.0544815 0.0544544 0.0539471 0.05322 0.0524844 0.051882 0.051445 0.0510335 0.0502783 0.0485978 0.0453621 0.0401945 0.0332643 0.025353
 0.00518206 0.00848754 0.0129084 0.018457 0.0249983 0.0321457 0.039239 0.0455139 0.0503856 0.0536343 0.0553761 0.055905 0.0555553 0.0546419 0.053445 0.0522008 0.0510809 0.0501519 0.0493125 0.0482345 0.0463747 0.0431305 0.0381295 0.0315117 0.0239979
 0.00540044 0.00884582 0.0134537 0.0192351 0.0260451 0.0334733 0.0408219 0.0472851 0.0522471 0.0554766 0.0570943 0.0574053 0.0567536 0.0554613 0.0538158 0.0520648 0.0503992 0.048917 0.0475613 0.0460597 0.0439285 0.0406133 0.0357583 0.0294742 0.0224093
 0.0056244 0.00921384 0.014015 0.0200384 0.0271297 0.0348542 0.042475 0.049141 0.0542009 0.0574079 0.0588871 0.0589597 0.0579889 0.0563119 0.0542258 0.0519831 0.0497815 0.0477363 0.0458278 0.0438425 0.0413706 0.0379248 0.0331826 0.0272323 0.0206449
 0.00588042 0.0096302 0.014642 0.0209231 0.0283074 0.036335 0.0442291 0.0510932 0.0562403 0.0594084 0.0607272 0.0605353 0.0592171 0.0571308 0.0545888 0.0518526 0.0491245 0.0465283 0.0440692 0.0415855 0.038742 0.0351299 0.030474 0.0248508 0.0187548
 0.00613672 0.010051 0.0152828 0.0218376 0.0295363 0.0378887 0.0460708 0.0531343 0.0583544 0.061457 0.0625837 0.0620967 0.0604061 0.0578921 0.0548841 0.051654 0.0484095 0.0452811 0.0422928 0.0393254 0.0361126 0.0323238 0.0277384 0.0224293 0.0168205
 0.00636091 0.0104217 0.0158523 0.022659 0.0306537 0.0393206 0.0477931 0.0550731 0.0603952 0.0634658 0.0644287 0.063664 0.0616073 0.0586655 0.055191 0.0514715 0.0477234 0.0440843 0.0405941 0.0371696 0.0336052 0.0296426 0.0251146 0.0200958 0.0149471
 0.00659469 0.0108035 0.0164302 0.0234794 0.0317524 0.0407097 0.0494466 0.0569207 0.0623309 0.0653668 0.066174 0.0651467 0.0627409 0.0593864 0.0554581 0.0512622 0.0470285 0.0429049 0.038947 0.035103 0.0312197 0.0271024 0.0226327 0.0178875 0.0131712
 0.00682906 0.0111873 0.017013 0.024308 0.0328616 0.0421064 0.051095 0.0587383 0.0642018 0.0671649 0.0677848 0.066478 0.0637244 0.0599745 0.0556206 0.0509824 0.0463005 0.0417335 0.0373528 0.0331357 0.0289753 0.0247319 0.0203284 0.015843 0.0115288
 0.00705669 0.0115608 0.0175813 0.0251182 0.0339488 0.0434784 0.0527159 0.060524 0.0660318 0.0689065 0.0693163 0.0677041 0.0645805 0.0604255 0.0556533 0.0505983 0.0455086 0.0405487 0.0358014 0.0312678 0.0268803 0.0225458 0.0182215 0.0139843 0.0100411
 0.00728225 0.011931 0.0181444 0.0259207 0.0350248 0.0448341 0.0543141 0.0622787 0.0678208 0.0705948 0.0707802 0.0688459 0.0653353 0.0607607 0.0555644 0.050101 0.0446297 0.0393203 0.0342625 0.0294741 0.0249166 0.0205333 0.0163073 0.0123117 0.00871142
 0.0074485 0.0122089 0.0185769 0.0265524 0.0358929 0.0459534 0.0556619 0.0637893 0.0693938 0.0721139 0.0721326 0.0699351 0.066089 0.0611346 0.0555421 0.0496898 0.0438548 0.0382189 0.032882 0.0278756 0.0231834 0.0187744 0.0146489 0.010873 0.00757406
 0.00752645 0.0123367 0.0187724 0.0268354 0.0362849 0.0464753 0.0563281 0.0646015 0.0703341 0.0731415 0.0731837 0.0709295 0.0669409 0.0617647 0.0558886 0.0497151 0.0435472 0.0375909 0.0319679 0.0267313 0.0218876 0.0174269 0.0133611 0.00974758 0.00668071
 0.00760211 0.0124509 0.018928 0.0270309 0.0365165 0.0467408 0.0566307 0.0649498 0.0707404 0.0736167 0.0737302 0.0715328 0.0675636 0.0623482 0.0563616 0.0500071 0.0436025 0.0373792 0.0314893 0.0260183 0.0210026 0.0164572 0.0124055 0.00889699 0.00599816
 0.00764702 0.0125198 0.0190238 0.0271528 0.0366599 0.0468979 0.0567918 0.0651068 0.070892 0.0737731 0.0739122 0.0717644 0.0678597 0.0627018 0.056739 0.0503509 0.0438445 0.0374572 0.0313639 0.0256836 0.0204904 0.0158315 0.0117484 0.00828923 0.00549858
 0.00771231 0.0126174 0.0191548 0.0273124 0.0368384 0.0470828 0.0569696 0.0652644 0.0710188 0.0738642 0.0739719 0.0718079 0.0679097 0.0627807 0.0568573 0.0504984 0.0439877 0.0375463 0.0313485 0.025531 0.020199 0.0154337 0.0113017 0.00785761 0.00513353
 0.00776942 0.0127072 0.0192839 0.0274835 0.0370485 0.047321 0.0572162 0.0654928 0.071202 0.0739828 0.0740206 0.0717951 0.0678552 0.0627097 0.056794 0.0504584 0.0439707 0.0375336 0.0313076 0.0254284 0.0200159 0.0151762 0.0110004 0.00755592 0.00487109
 0.00780187 0.0127572 0.0193541 0.0275746 0.0371597 0.04745 0.0573583 0.0656405 0.0713443 0.0741061 0.0741116 0.0718447 0.0678614 0.0626797 0.0567417 0.0504003 0.0439189 0.0374895 0.0312601 0.0253581 0.019905 0.0150198 0.0108108 0.00735845 0.00469332
 0.00784995 0.0128258 0.0194395 0.0276677 0.0372485 0.0475242 0.0574135 0.0656785 0.0713711 0.074129 0.0741349 0.0718684 0.0678814 0.0626901 0.0567387 0.0503842 0.0438938 0.0374594 0.0312246 0.0253106 0.0198365 0.014925 0.010694 0.00723332 0.00457714
 0.00788499 0.0128829 0.0195251 0.0277859 0.0373984 0.0476966 0.057589 0.065831 0.0714766 0.0741744 0.0741229 0.0718145 0.0678052 0.0626074 0.0566579 0.0503073 0.0438202 0.0373881 0.0311543 0.025239 0.0197597 0.0148403 0.0106025 0.00714154 0.00449421
 0.00787368 0.0128667 0.0195051 0.0277653 0.0373825 0.0476921 0.0576024 0.0658664 0.0715324 0.0742422 0.0741899 0.0718683 0.0678392 0.0626226 0.0566606 0.0503043 0.0438152 0.0373814 0.0311436 0.0252212 0.0197322 0.014802 0.0105553 0.00709015 0.00444526
 0.00787964 0.0128691 0.0194957 0.0277327 0.0373166 0.04759 0.0574732 0.0657309 0.071417 0.0741702 0.0741733 0.0719053 0.0679169 0.0627227 0.0567661 0.0504038 0.0439031 0.0374554 0.0312028 0.0252641 0.0197577 0.01481 0.0105481 0.00707254 0.0044232
 0.00789744 0.0128933 0.0195227 0.0277554 0.0373245 0.0475715 0.0574184 0.0656358 0.0712871 0.0740222 0.0740329 0.0717999 0.0678658 0.0627315 0.0568259 0.050497 0.04401 0.0375604 0.0312955 0.0253389 0.0198121 0.0148443 0.0105645 0.00707523 0.00441766
 0.0078958 0.012891 0.01952 0.0277519 0.0373191 0.0475611 0.0573978 0.0655983 0.0712269 0.0739378 0.0739299 0.0716921 0.0677727 0.0626724 0.0568138 0.0505334 0.0440855 0.0376587 0.031399 0.0254337 0.0198894 0.0149004 0.0106002 0.00709415 0.00442486
 0.00788389 0.0128703 0.0194862 0.0277011 0.0372486 0.0474719 0.0572961 0.0654942 0.0711315 0.0738587 0.0738699 0.0716501 0.0677479 0.0626667 0.0568323 0.0505814 0.0441644 0.0377628 0.0315168 0.025551 0.0199935 0.0149834 0.0106595 0.00713185 0.00444583
 0.00786299 0.0128341 0.0194279 0.0276132 0.0371252 0.0473123 0.0571072 0.0652918 0.0709375 0.0736963 0.0737576 0.0715975 0.067755 0.062726 0.0569324 0.0507114 0.0443153 0.037927 0.0316856 0.0257137 0.0201393 0.0151035 0.0107499 0.00719354 0.00448374
 0.00785827 0.0128237 0.0194071 0.0275756 0.0370638 0.0472213 0.0569847 0.0651415 0.0707692 0.0735252 0.0736025 0.0714775 0.0676851 0.0627136 0.0569763 0.0508031 0.0444424 0.0380761 0.0318439 0.0258697 0.0202823 0.0152248 0.0108444 0.00726066 0.00452684
 0.00783849 0.0127926 0.0193622 0.0275149 0.036986 0.0471259 0.0568725 0.0650151 0.0706335 0.073388 0.0734739 0.0713696 0.0676103 0.0626829 0.0569959 0.0508729 0.0445556 0.0382206 0.0320053 0.026033 0.0204344 0.0153558 0.0109482 0.0073359 0.00457643
 0.00777918 0.0126995 0.0192286 0.0273378 0.0367672 0.0468738 0.0566035 0.0647523 0.0704022 0.0732096 0.073361 0.0713257 0.0676322 0.0627639 0.0571285 0.0510491 0.044766 0.0384534 0.0322463 0.0262669 0.0206468 0.0155355 0.0110893 0.00743792 0.00464392
 0.0077635 0.0126663 0.0191647 0.0272268 0.0365948 0.0466348 0.0563082 0.064427 0.070084 0.0729355 0.0731601 0.0712141 0.067613 0.06283 0.0572663 0.0512423 0.0449982 0.0387088 0.0325092 0.0265218 0.0208791 0.0157335 0.0112459 0.00755209 0.00472012
 0.00773955 0.0126266 0.0191029 0.0271358 0.0364663 0.0464615 0.056086 0.0641594 0.069785 0.072631 0.0728845 0.071003 0.0674941 0.0628164 0.0573551 0.0514177 0.0452369 0.0389858 0.0328007 0.0268066 0.0211394 0.0159557 0.0114222 0.0076812 0.00480676
 0.00931861 0.0148361 0.0217679 0.0298727 0.0387949 0.0479824 0.0566209 0.063777 0.0687182 0.0711578 0.071242 0.0693583 0.0659534 0.0614435 0.0561846 0.0504617 0.0444891 0.0384262 0.0324015 0.026537 0.0209691 0.015857 0.0113713 0.00765912 0.00479973
 0.00929853 0.0150973 0.0226787 0.0318903 0.0422663 0.052875 0.0623527 0.0693107 0.0729297 0.0732786 0.0711123 0.0673692 0.062776 0.0577427 0.0524558 0.0470023 0.0414444 0.0358479 0.0302895 0.0248639 0.0196922 0.014924 0.0107238 0.00723615 0.00454201
 0.00897804 0.0145915 0.0219677 0.0310224 0.0414119 0.0523634 0.0626325 0.0707887 0.075725 0.0770403 0.0750628 0.0705988 0.0646217 0.0580183 0.051422 0.0451537 0.0392783 0.0337287 0.0284236 0.0233351 0.0185093 0.0140563 0.010122 0.00684398 0.00430378
 0.00879358 0.0142876 0.0215034 0.0303599 0.0405315 0.051292 0.0614819 0.0697836 0.0751873 0.0773014 0.0763123 0.0727405 0.0672395 0.0605095 0.0532417 0.046024 0.0392449 0.0330615 0.0274549 0.0223356 0.0176406 0.0133827 0.00964432 0.00653117 0.00411444
 0.00872364 0.014164 0.0212986 0.0300409 0.040066 0.0506597 0.0606891 0.0688776 0.0742685 0.0765285 0.0758892 0.0728657 0.0680195 0.0618739 0.0549232 0.0476426 0.0404603 0.0337037 0.0275572 0.0220688 0.0172092 0.0129457 0.00928792 0.00627996 0.00395681
 0.00871018 0.0141394 0.0212556 0.0299686 0.0399489 0.050478 0.0604212 0.0685063 0.0737912 0.075971 0.0753181 0.0723923 0.0677819 0.0619929 0.0554412 0.0484795 0.0414241 0.0345636 0.0281403 0.0223216 0.0171912 0.0127736 0.00907289 0.00609263 0.00382384
 0.00870257 0.0141275 0.0212383 0.0299444 0.0399154 0.0504304 0.0603516 0.0684027 0.073639 0.0757571 0.0750395 0.0720676 0.0674608 0.0617542 0.055372 0.0486368 0.0417978 0.0350668 0.0286413 0.0227022 0.0173947 0.0128152 0.00901247 0.00599538 0.00373434
 0.00868278 0.0140951 0.0211894 0.0298757 0.0398255 0.0503215 0.0602299 0.0682773 0.0735184 0.0756445 0.0749307 0.0719546 0.0673402 0.0616378 0.0552912 0.0486359 0.0419128 0.0353001 0.0289513 0.0230169 0.0176453 0.0129658 0.00906814 0.0059883 0.00370095
 0.00867331 0.0140801 0.0211676 0.0298459 0.0397865 0.0502722 0.0601699 0.0682075 0.0734414 0.0755647 0.0748526 0.0718806 0.0672703 0.0615717 0.0552338 0.0486015 0.0419227 0.0353726 0.0290869 0.0231924 0.0178213 0.0131053 0.00915313 0.00602294 0.00370295
 0.00865559 0.0140522 0.0211274 0.0297922 0.0397196 0.0501943 0.0600854 0.0681227 0.0733631 0.0754984 0.0748015 0.0718455 0.06725 0.0615638 0.0552366 0.0486159 0.0419541 0.0354293 0.0291746 0.023307 0.0179472 0.0132207 0.00924035 0.00607585 0.00372687
 0.00865908 0.0140576 0.0211348 0.0298013 0.0397293 0.0502025 0.0600892 0.0681187 0.0733485 0.0754718 0.0747638 0.0717997 0.0672 0.061514 0.0551911 0.0485786 0.0419297 0.0354231 0.0291909 0.0233465 0.018004 0.0132833 0.00929611 0.00611625 0.00375025
 0.00865605 0.0140518 0.0211244 0.0297844 0.0397045 0.05017 0.0600512 0.0680793 0.0733123 0.0754423 0.0747422 0.0717852 0.0671912 0.0615092 0.0551895 0.0485807 0.041937 0.0354379 0.0292159 0.0233828 0.0180496 0.0133328 0.00934219 0.0061528 0.00377473
 0.00864197 0.0140329 0.0211034 0.0297659 0.0396934 0.0501688 0.0600585 0.0680904 0.0733212 0.0754446 0.0747369 0.0717739 0.0671766 0.0614939 0.0551753 0.0485688 0.0419288 0.0354353 0.0292207 0.0233963 0.0180714 0.0133601 0.00937041 0.00617747 0.00379303
 0.00861186 0.0139856 0.0210356 0.0296766 0.0395852 0.0500494 0.0599408 0.0679905 0.0732538 0.075418 0.0747504 0.071819 0.0672419 0.0615689 0.0552523 0.0486432 0.0419981 0.0354986 0.0292784 0.0234491 0.0181198 0.0134036 0.00940778 0.00620719 0.0038144
 0.00862264 0.0139982 0.0210455 0.0296765 0.039567 0.0500075 0.059875 0.0679072 0.0731646 0.075337 0.07469 0.0717872 0.0672401 0.0615925 0.0552933 0.0486929 0.0420498 0.0355483 0.0293242 0.0234906 0.0181571 0.0134366 0.00943582 0.00622958 0.00383079
 0.00862264 0.0139982 0.0210455 0.0296765 0.039567 0.0500075 0.059875 0.0679072 0.0731646 0.075337 0.07469 0.0717872 0.0672401 0.0615925 0.0552933 0.0486929 0.0420498 0.0355483 0.0293242 0.0234906 0.0181571 0.0134366 0.00943582 0.00622958 0.00383079
 0.00896319 0.0145381 0.0218294 0.0307285 0.0408762 0.0515109 0.061446 0.0693656 0.0743159 0.0760255 0.0748414 0.0714194 0.0664443 0.0605002 0.0540434 0.0474081 0.0408239 0.0344438 0.0283764 0.0227139 0.0175499 0.0129861 0.00912074 0.00602349 0.00370572
 0.0088183 0.0143489 0.0216314 0.0305861 0.0408691 0.0517086 0.0618831 0.0700272 0.0751362 0.0768987 0.0756416 0.0720282 0.0667791 0.0605328 0.0538019 0.0469617 0.0402593 0.0338439 0.0278063 0.0222157 0.0171448 0.0126781 0.00890212 0.00587921 0.00361773
 0.00882228 0.0143288 0.0215553 0.0304167 0.0405838 0.0513269 0.0614821 0.0697284 0.0750624 0.0771211 0.0761461 0.0727191 0.0675141 0.0611708 0.0542415 0.047161 0.0402346 0.0336517 0.0275192 0.0219014 0.0168533 0.0124379 0.0087228 0.005757 0.00354161
 0.00885518 0.0143811 0.0216297 0.0305096 0.0406803 0.0513977 0.0614882 0.0696381 0.0748761 0.0768872 0.075952 0.072654 0.0676245 0.061435 0.0545797 0.0474725 0.040439 0.0337137 0.0274504 0.0217444 0.0166595 0.0122506 0.00856831 0.00564463 0.00346852
 0.00902535 0.0146483 0.0220132 0.0310181 0.0413063 0.0521107 0.0622286 0.0703183 0.0753957 0.0771612 0.0759407 0.0723805 0.0671683 0.0609021 0.0540618 0.0470169 0.040045 0.0333533 0.0270971 0.0213914 0.0163211 0.0119505 0.00832605 0.00546772 0.00335187
 0.00912995 0.0148279 0.0223 0.0314454 0.0418976 0.0528642 0.0631029 0.0712313 0.0762385 0.0778228 0.0763329 0.0724553 0.0669276 0.0603976 0.0533828 0.0462651 0.0393061 0.0326791 0.0265055 0.0208809 0.0158869 0.0115923 0.00804602 0.00526445 0.00321682
 0.00882274 0.0143526 0.021633 0.0305897 0.0408922 0.0517918 0.0620914 0.0704363 0.0758042 0.0778333 0.0767807 0.0732443 0.0679079 0.0614123 0.0543081 0.0470312 0.0398954 0.0331088 0.0268053 0.0210788 0.016005 0.0116501 0.00806293 0.0052588 0.00320305
 0.00866652 0.0140635 0.0211357 0.0297997 0.0397453 0.0502871 0.0603276 0.068614 0.0741841 0.076667 0.0762444 0.0733994 0.0686946 0.0626741 0.0558363 0.0486174 0.0413744 0.0343795 0.0278282 0.0218579 0.0165684 0.0120355 0.00831007 0.00540585 0.00328346
 0.00892009 0.0144472 0.0216556 0.0304303 0.0404219 0.0509025 0.0607412 0.0686823 0.0738131 0.0758648 0.0751399 0.0722093 0.0676515 0.0619509 0.0555021 0.0486365 0.0416408 0.0347652 0.0282244 0.0221964 0.0168214 0.0122043 0.00841103 0.00545934 0.00330786
 0.00877581 0.0142585 0.0214558 0.0302772 0.0403792 0.0510101 0.060989 0.0690027 0.0740969 0.0759958 0.0750361 0.0718586 0.0671239 0.0613801 0.0550377 0.0483891 0.0416464 0.034984 0.0285698 0.0225739 0.0171599 0.0124669 0.00859178 0.00557089 0.00336981
 0.00902252 0.0146269 0.0219506 0.0308845 0.0410745 0.0517688 0.0617888 0.0698135 0.074864 0.0766302 0.0754249 0.0718958 0.0667539 0.0606299 0.0540206 0.0472735 0.0406022 0.0341325 0.0279588 0.0221851 0.0169372 0.0123484 0.00852928 0.00553564 0.00334799
