SBPRF35
7.78865
Curr Bio
605769
B35
647232
F35
0.223535
FOFL
0.212766
OFL
99537.9
Bzero
2.22533e+006
#pred survey bio
 3.61611e+006 3.23671e+006 2.8884e+006 2.58677e+006 2.3025e+006 2.03826e+006 1.79255e+006 1.56118e+006 1.35507e+006 1.18448e+006 1.05278e+006 949855 850396 776355 715746 689409 651358 622753 617393 599096 582931 570123 572187 557721 564513 553877 553596 559515 552545 545894 545024 531186 521048 517814 525125 531162 546522 537725 542797 546839 554871 550502 559615 557002 558129 546700 544869 581029 593199 596386 572237 549240 544768 534016 536662 534236 541062 535619 546680 542213 548920 577351 596269 600712 606920 2.16489e+007 1.35363e+007 1.41097e+007 1.47251e+007 1.53167e+007 1.58349e+007 1.62615e+007 1.65981e+007 1.68562e+007 1.70505e+007 1.71951e+007 1.73021e+007 1.73812e+007 1.74396e+007 1.7483e+007 1.75153e+007 1.75394e+007 1.75576e+007 1.75713e+007 1.75817e+007 1.75896e+007 1.75956e+007 1.76002e+007 1.76037e+007 1.76064e+007 1.76085e+007 1.76101e+007 1.76113e+007 1.76123e+007 1.7613e+007 1.76136e+007 1.7614e+007 1.76143e+007 1.76146e+007 1.76148e+007 1.7615e+007 1.76151e+007 1.76152e+007 1.76152e+007 1.76153e+007 1.76153e+007 1.76154e+007 1.76154e+007 1.76154e+007 1.76154e+007 1.76155e+007 1.76155e+007 1.76155e+007 1.76155e+007 1.76155e+007 1.76155e+007 1.76155e+007 1.76155e+007 1.76155e+007 1.76155e+007 1.76155e+007 1.76155e+007 1.76155e+007 1.76155e+007 1.76155e+007 1.76155e+007 1.76155e+007 1.76155e+007 1.76155e+007 1.76155e+007 1.76155e+007 1.76155e+007 1.76155e+007 1.76155e+007 1.76155e+007 1.76155e+007 1.76155e+007 1.76155e+007 1.76155e+007 1.76155e+007 1.76155e+007 1.76155e+007 1.76155e+007 1.76155e+007 1.76155e+007 1.76155e+007 1.76155e+007 1.76155e+007 1.76155e+007 1.76155e+007 1.76155e+007 1.76155e+007 1.76155e+007 1.76155e+007 1.76155e+007 1.76155e+007 1.76155e+007 1.76155e+007 1.76155e+007 1.76155e+007 1.76155e+007 1.76155e+007 1.76155e+007 1.76155e+007 1.76155e+007 0 0 0 0 0 0 0 0 0 0 0 0 0 0 0 0 0 0 0 0 0 0 0 0 0
#obs survey bio
 2.94819e+006 2.78793e+006 2.0493e+006 1.62945e+006 1.86467e+006 1.47226e+006 1.8108e+006 1.70822e+006 1.02795e+006 1.04601e+006 1.34388e+006 646479 851395 531724 693624 524158 530950 437879 502002 558852 467894 503922 735170 481817 541285 405086 617125 569076 524362 289029 603489 456590 656683 754112 507770 573588 741368 430182 462125 532442 526820 481466 641242 521471 460364 387531 654970 570558 647887 649441 599972 561914 508627 863420 599789 535317 531161 450817 718508 484078 658807 682902 605398 723333 689687
#pred catch bio
 274235 278794 271894 287866 296824 301722 304613 292792 268558 238744 215647 212309 188444 173846 141385 147544 135265 113494 123279 119429 114360 100049 111661 91589.3 104213 93237.3 86530.4 95287.4 92394.7 85097.2 93201.6 88759.1 85459.2 80853.5 85091.4 78875.7 99407.7 87685.3 89309.9 86517.8 97237.7 86244.2 96543.6 93667.4 104642 96855 66568.1 87744.3 94371.9 115860 113082 96973.1 102469 91317.2 95719.9 88326.6 99510.5 87037.6 101544 93476.1 78205.9 89645.8 105255 108727 109328 99537.9 107910 111675 115670 119592 122975 125656 127663 129106 130112 130796 131253 131554 131750 131876 131957 132008 132041 132061 132074 132082 132087 132091 132092 132094 132094 132095 132095 132095 132096 132096 132096 132096 132096 132096 132096 132096 132096 132096 132096 132096 132096 132096 132096 132096 132096 132096 132096 132096 132096 132096 132096 132096 132096 132096 132096 132096 132096 132096 132096 132096 132096 132096 132096 132096 132096 132096 132096 132096 132096 132096 132096 132096 132096 132096 132096 132096 132096 132096 132096 132096 132096 132096 132096 132096 132096 132096 132096 132096 132096 132096 132096 132096 132096 132096 132096 132096 132096 132096 132096 0 0 0 0 0 0 0 0 0 0 0 0 0 0 0 0 0 0 0 0 0 0 0 0 0
#obs catch bio
 239648 279509 274058 292214 301948 307664 310905 298072 273979 243759 219184 216737 191489 178174 143309 150038 137115 114217 124987 121332 116122 101207 112974 92224.3 105310 93846 86908.2 95930.9 92672.4 85636 93512.4 89357.2 85482.3 80456.1 84855.1 78329.9 98847.1 87184.6 89308.4 86165.8 97079.6 85920.6 96243 93132.8 104679 97442.9 66345.1 88016.6 94078.9 115616 112818 96346.3 102198 90870.2 95493.3 87748.9 99355.2 86647.1 101262 93589.4 77937.2 89436.6 104996 108379 109317
#pred cpue bio
 3.55129e+006 3.17433e+006 2.82724e+006 2.5258e+006 2.24306e+006 1.98081e+006 1.73744e+006 1.50887e+006 1.30555e+006 1.13729e+006 1.00763e+006 906573 809250 737033 678376 653361 617074 589768 584657 566894 551441 539377 541854 528332 535371 525523 525594 531766 525539 519497 519180 506278 495995 491441 497469 503150 518329 509965 514728 518553 526378 522081 530857 528307 529235 517859 515874 551164 563521 566919 543371 520790 516251 505687 508254 505987 512527 506926 517293 512718 518882 546152 564184 567546 572000 2.03832e+007 1.27625e+007 1.33074e+007 1.38907e+007 1.44715e+007 1.49874e+007 1.54136e+007 1.57501e+007 1.60082e+007 1.62025e+007 1.63471e+007 1.64541e+007 1.65331e+007 1.65916e+007 1.6635e+007 1.66673e+007 1.66914e+007 1.67096e+007 1.67233e+007 1.67336e+007 1.67415e+007 1.67476e+007 1.67522e+007 1.67557e+007 1.67584e+007 1.67605e+007 1.67621e+007 1.67633e+007 1.67642e+007 1.6765e+007 1.67655e+007 1.6766e+007 1.67663e+007 1.67666e+007 1.67668e+007 1.67669e+007 1.67671e+007 1.67671e+007 1.67672e+007 1.67673e+007 1.67673e+007 1.67674e+007 1.67674e+007 1.67674e+007 1.67674e+007 1.67674e+007 1.67674e+007 1.67674e+007 1.67674e+007 1.67675e+007 1.67675e+007 1.67675e+007 1.67675e+007 1.67675e+007 1.67675e+007 1.67675e+007 1.67675e+007 1.67675e+007 1.67675e+007 1.67675e+007 1.67675e+007 1.67675e+007 1.67675e+007 1.67675e+007 1.67675e+007 1.67675e+007 1.67675e+007 1.67675e+007 1.67675e+007 1.67675e+007 1.67675e+007 1.67675e+007 1.67675e+007 1.67675e+007 1.67675e+007 1.67675e+007 1.67675e+007 1.67675e+007 1.67675e+007 1.67675e+007 1.67675e+007 1.67675e+007 1.67675e+007 1.67675e+007 1.67675e+007 1.67675e+007 1.67675e+007 1.67675e+007 1.67675e+007 1.67675e+007 1.67675e+007 1.67675e+007 1.67675e+007 1.67675e+007 1.67675e+007 1.67675e+007 1.67675e+007 1.67675e+007 1.67675e+007 1.67675e+007 0 0 0 0 0 0 0 0 0 0 0 0 0 0 0 0 0 0 0 0 0 0 0 0 0
#obs cpue bio
 3.0912e+006 3.02504e+006 1.53528e+006 1.93564e+006 2.23805e+006 2.11825e+006 1.5355e+006 1.42416e+006 1.18118e+006 889548 770291 926027 734027 526122 728450 715300 696592 858342 475677 408490 574627 479800 514763 464624 561032 688434 452710 497554 657101 587580 701242 389107 645971 498127 515574 553173 505266 557986 448170 682063 584942 572495 563775 625608 498674 500675 472559 565045 710202 591786 529080 628394 534088 338839 460694 627607 473030 597190 472146 411713 502913 509178 612913 486177 408287
#pred surv len freq
 0.00517192 0.00837218 0.0125565 0.0176973 0.0236773 0.0302125 0.0368105 0.0428735 0.0479074 0.0516781 0.0542126 0.0556965 0.0563693 0.0564586 0.0561395 0.0555133 0.0546093 0.0533995 0.0517975 0.0496317 0.0466264 0.0424615 0.0369473 0.0302412 0.0229386
 0.00576212 0.0092278 0.0136575 0.0189742 0.0250514 0.0316479 0.0383379 0.044557 0.0497673 0.0536199 0.0560141 0.0570702 0.0570674 0.0563638 0.0552993 0.0541093 0.0528832 0.0515681 0.0499919 0.0478823 0.0449009 0.0407324 0.035246 0.0286641 0.0216039
 0.00604121 0.00974167 0.0145349 0.0203535 0.0270264 0.0341978 0.0412849 0.0475991 0.0525854 0.0559916 0.0578543 0.058376 0.057827 0.0565122 0.0547525 0.0528392 0.0509679 0.0491811 0.0473416 0.0451486 0.0422085 0.0381677 0.032893 0.0266191 0.0199546
 0.0062506 0.010074 0.0150268 0.0210521 0.0280011 0.0355437 0.0431008 0.0499331 0.0553692 0.0590075 0.0607725 0.0608541 0.0596114 0.0574788 0.0548777 0.0521504 0.0495225 0.0470793 0.0447392 0.042244 0.0392104 0.035269 0.0302587 0.02438 0.0181929
 0.00648437 0.0104506 0.0155873 0.021832 0.0290259 0.0368227 0.0446255 0.0516832 0.0573223 0.0611357 0.0630153 0.0630822 0.0616171 0.0590147 0.0557249 0.0521743 0.0486909 0.0454505 0.0424445 0.0394739 0.0361978 0.0322628 0.0274903 0.0220294 0.0163618
 0.00670396 0.0108102 0.0161336 0.022611 0.0300748 0.038157 0.046224 0.0534832 0.0592301 0.0630503 0.0648509 0.0647738 0.0631047 0.0602154 0.0565172 0.0524129 0.048248 0.0442632 0.0405452 0.0369956 0.0333578 0.0293282 0.0247302 0.0196627 0.0145159
 0.00690426 0.0111407 0.0166407 0.0233429 0.0310739 0.0394468 0.0477937 0.0552775 0.0611523 0.064977 0.0666534 0.06634 0.064354 0.0610988 0.0570009 0.0524536 0.0477832 0.0432282 0.0389129 0.0348188 0.0307879 0.0265992 0.0221092 0.0173841 0.012726
 0.00719946 0.0116043 0.0173091 0.0242414 0.0322165 0.040833 0.0494014 0.0570554 0.0630172 0.0668201 0.0683527 0.0677771 0.0654315 0.0617532 0.0572043 0.0522019 0.0470769 0.0420611 0.0372831 0.0327598 0.0284022 0.0240677 0.0196615 0.0152391 0.0110302
 0.00753679 0.0121411 0.0180945 0.025312 0.0335875 0.042487 0.0512771 0.0590468 0.0649898 0.0686377 0.0699003 0.0689696 0.0662124 0.0620911 0.0570899 0.0516447 0.0460985 0.0406876 0.0355448 0.0307047 0.0261196 0.0217017 0.017398 0.0132613 0.00946572
 0.00779262 0.0125604 0.0187318 0.0262199 0.0348058 0.0440249 0.0530946 0.0610461 0.0670264 0.0705465 0.0715261 0.0701918 0.0669583 0.0623364 0.0568493 0.0509567 0.0450114 0.039251 0.0338097 0.0287331 0.023999 0.0195553 0.0153762 0.0115103 0.0080863
 0.00803402 0.0129369 0.0192702 0.0269382 0.035715 0.0451299 0.0543891 0.0625023 0.0685856 0.0721161 0.0729867 0.0714148 0.0678296 0.0627779 0.0568294 0.0504875 0.0441359 0.0380287 0.0323074 0.0270257 0.0221767 0.0177295 0.0136721 0.0100445 0.00693642
 0.0081814 0.0131827 0.0196508 0.0274896 0.0364636 0.046079 0.0555082 0.0637285 0.0698381 0.0733165 0.0740698 0.0723263 0.0685171 0.0631882 0.0569156 0.0502216 0.0435178 0.037088 0.0310983 0.0256215 0.0206674 0.0162187 0.0122686 0.0088438 0.00599892
 0.00837277 0.0134889 0.0201032 0.028115 0.0372809 0.047092 0.0566949 0.0650329 0.0711713 0.0745687 0.0751313 0.0731096 0.0689721 0.0633029 0.0567047 0.0497118 0.0427393 0.0360747 0.0298938 0.0242846 0.0192736 0.0148566 0.0110284 0.00780063 0.00519568
 0.00839735 0.0135471 0.0202247 0.0283395 0.0376498 0.0476342 0.0574142 0.0659022 0.0721373 0.0755612 0.0760722 0.0739205 0.0695826 0.0636604 0.0567827 0.0495104 0.0422798 0.0353913 0.0290298 0.0232927 0.0182184 0.0138125 0.0100714 0.00699353 0.00457422
 0.00848504 0.0136721 0.0203818 0.0285173 0.0378392 0.0478404 0.0576617 0.0662279 0.0725712 0.076107 0.0766978 0.0745637 0.0701678 0.0641162 0.0570544 0.0495663 0.0421119 0.0350134 0.0284734 0.0226037 0.0174542 0.0130382 0.00935181 0.00638198 0.00410154
 0.00840739 0.0135506 0.0202075 0.0282842 0.0375449 0.0474887 0.0572681 0.0658274 0.0722232 0.0758894 0.0766879 0.0748105 0.0706677 0.0648069 0.0578304 0.0503091 0.0427195 0.0354192 0.0286527 0.0225698 0.01725 0.0127248 0.00899614 0.00604331 0.00382074
 0.00851842 0.0137129 0.0204176 0.0285263 0.0377942 0.0477165 0.0574469 0.0659337 0.07224 0.0758129 0.0765348 0.0746215 0.0704996 0.0647134 0.0578394 0.0504085 0.0428617 0.0355404 0.0286968 0.0225066 0.0170813 0.0124799 0.00871889 0.00577805 0.00359989
 0.00878974 0.0141052 0.0209171 0.0290875 0.0383503 0.0481992 0.0578021 0.0661289 0.072265 0.075677 0.0762649 0.0742581 0.0700927 0.0643162 0.0574993 0.0501567 0.0427029 0.0354514 0.0286363 0.0224322 0.0169667 0.0123223 0.00853612 0.00559719 0.00344491
 0.00874468 0.0140595 0.0208971 0.0291288 0.0384817 0.0484201 0.0580697 0.0663675 0.0723975 0.0756609 0.0761094 0.0740153 0.0698303 0.064092 0.0573486 0.050092 0.0427183 0.0355266 0.0287397 0.0225287 0.0170271 0.0123329 0.00850145 0.00553471 0.00337569
 0.00869384 0.0139948 0.0208341 0.0290973 0.0385219 0.048573 0.0583636 0.0668013 0.0729284 0.0762032 0.076555 0.07427 0.0698496 0.0638958 0.0570069 0.049693 0.0423375 0.0352098 0.0285011 0.0223581 0.0169028 0.0122333 0.0084133 0.00545489 0.00330743
 0.00869865 0.0139912 0.020809 0.029035 0.0384128 0.0484256 0.0582121 0.0667016 0.0729391 0.0763601 0.0768498 0.0746463 0.0702206 0.0641756 0.0571424 0.0496798 0.0422132 0.0350313 0.0283192 0.0222034 0.0167835 0.0121438 0.00834405 0.00539909 0.00326264
 0.00864829 0.0139202 0.0207215 0.0289392 0.0383164 0.0483296 0.0581096 0.0665849 0.0728127 0.0762496 0.076798 0.0746936 0.0703812 0.0644241 0.0574217 0.0499254 0.0423806 0.035109 0.0283253 0.0221683 0.0167346 0.0120969 0.00830462 0.00536724 0.00323741
 0.00853417 0.0137307 0.0204303 0.0285236 0.0377664 0.0476611 0.0573725 0.0658596 0.0721904 0.0758083 0.0765861 0.0747281 0.0706527 0.0649005 0.0580484 0.0506282 0.0430782 0.035732 0.0288316 0.0225476 0.0169999 0.0122723 0.0084143 0.00543141 0.0032716
 0.00857335 0.0137921 0.0205172 0.0286335 0.0378875 0.047769 0.0574314 0.0658306 0.0720483 0.075556 0.0762594 0.0743855 0.0703569 0.0647011 0.0579713 0.0506725 0.0432188 0.0359273 0.0290365 0.0227266 0.017135 0.0123617 0.00846669 0.00545845 0.00328352
 0.00842827 0.0135628 0.0201852 0.0281886 0.0373325 0.0471249 0.0567411 0.0651558 0.0714564 0.075104 0.0759834 0.0743002 0.0704613 0.0649835 0.0584097 0.0512334 0.0438566 0.0365887 0.0296674 0.0232816 0.017585 0.0126979 0.00869806 0.00560494 0.0033687
 0.00848989 0.01365 0.0202918 0.0282991 0.0374239 0.0471716 0.0567204 0.0650529 0.0712682 0.0748422 0.0756736 0.0739775 0.0701638 0.0647465 0.0582611 0.0511903 0.0439212 0.0367463 0.0298884 0.0235279 0.0178201 0.0128954 0.00884574 0.00570394 0.00342834
 0.00839835 0.0135156 0.0201159 0.028091 0.0371967 0.0469364 0.0564823 0.0648123 0.071027 0.0746085 0.075464 0.0738141 0.0700683 0.0647344 0.0583393 0.0513563 0.044165 0.0370502 0.0302276 0.0238724 0.0181394 0.0131651 0.00905279 0.00584793 0.00351886
 0.00821888 0.0132374 0.0197233 0.0275815 0.0365839 0.0462528 0.0557805 0.0641599 0.0704924 0.0742437 0.0752924 0.0738315 0.070252 0.0650543 0.0587642 0.0518567 0.0447121 0.037616 0.0307837 0.0243913 0.0185961 0.0135409 0.00933922 0.0060485 0.00364695
 0.00824439 0.0132612 0.0197268 0.0275362 0.0364594 0.0460285 0.0554566 0.0637611 0.0700622 0.0738335 0.0749493 0.0735895 0.0701275 0.0650475 0.0588638 0.0520454 0.0449708 0.0379243 0.0311198 0.0247312 0.0189155 0.0138187 0.00956135 0.00621076 0.00375454
 0.00809602 0.0130565 0.0194846 0.0272935 0.0362559 0.0458854 0.0553628 0.0636782 0.0699469 0.073663 0.0747354 0.0733722 0.069957 0.064964 0.0588866 0.0521726 0.0451852 0.0382012 0.0314321 0.0250521 0.0192202 0.0140863 0.00977805 0.00637137 0.0038628
 0.00800352 0.0128892 0.0192044 0.0268623 0.0356538 0.0451339 0.0545379 0.0628974 0.069329 0.0732834 0.0746044 0.0734486 0.0701822 0.065291 0.059289 0.052636 0.0456954 0.0387374 0.0319673 0.0255579 0.0196711 0.0144638 0.0100727 0.00658425 0.00400396
 0.00861957 0.0137612 0.0202754 0.0279928 0.0366553 0.0458271 0.0548061 0.0627125 0.068749 0.0724307 0.073631 0.0724969 0.0693514 0.0646254 0.0587899 0.0522856 0.0454742 0.0386287 0.0319538 0.0256172 0.0197764 0.0145876 0.0101919 0.00668343 0.00407679
 0.00919171 0.0146648 0.0215779 0.0297179 0.0387539 0.0481463 0.0570769 0.0645871 0.0698971 0.072654 0.072934 0.0710713 0.0674925 0.0626308 0.0568882 0.0506119 0.0440833 0.0375245 0.0311142 0.0250094 0.019362 0.0143251 0.0100398 0.00660445 0.00404103
 0.00916284 0.014695 0.0217662 0.0302044 0.0396839 0.0496094 0.0590468 0.066892 0.0722379 0.0746669 0.0742805 0.0715309 0.0670252 0.061382 0.0551297 0.0486495 0.0421747 0.0358374 0.0297273 0.0239357 0.018576 0.0137822 0.00968811 0.00639244 0.00392307
 0.00888637 0.0142805 0.0212133 0.029552 0.0390194 0.0490724 0.0588168 0.0671487 0.073093 0.0760935 0.0760828 0.0733835 0.0685725 0.0623519 0.0554129 0.0483108 0.0414026 0.0348623 0.028749 0.0230849 0.0179107 0.0133063 0.0093746 0.00620211 0.00381698
 0.00872463 0.0140192 0.0208247 0.0290156 0.0383328 0.048266 0.05797 0.0663944 0.0726007 0.0760281 0.0765477 0.0743687 0.0699321 0.0638328 0.0567304 0.0492424 0.041854 0.0348768 0.0284632 0.022661 0.0174819 0.0129509 0.00911918 0.00603912 0.00372368
 0.0086204 0.0138398 0.0205364 0.0285809 0.0377191 0.047461 0.0569977 0.0653264 0.071555 0.0751562 0.0760096 0.0742969 0.070389 0.0647755 0.0580047 0.050619 0.043099 0.0358247 0.0290571 0.0229442 0.0175535 0.0129151 0.00905221 0.00598074 0.00368576
 0.00881206 0.014131 0.0209344 0.0290736 0.0382711 0.0480122 0.0574652 0.0656157 0.0715841 0.0748869 0.0754715 0.0735909 0.0696644 0.0641861 0.0576576 0.0505377 0.0432187 0.0360261 0.029222 0.0230026 0.0174991 0.0127874 0.00890402 0.00585193 0.00359367
 0.00874652 0.0140478 0.0208521 0.029023 0.0382858 0.048113 0.0576469 0.0658431 0.0717997 0.0750266 0.0754845 0.0734573 0.0694073 0.0638706 0.057373 0.0503652 0.0431984 0.0361408 0.0294084 0.0231847 0.0176227 0.012837 0.00889599 0.00581566 0.00355391
 0.00872788 0.0140104 0.0207844 0.0289142 0.0381339 0.0479342 0.0574792 0.0657371 0.0717969 0.0751362 0.0756734 0.0736619 0.0695611 0.0639328 0.0573454 0.0502879 0.043128 0.0361216 0.0294526 0.0232715 0.0177154 0.0129051 0.00892837 0.00581873 0.00354181
 0.00870643 0.0139732 0.0207237 0.0288203 0.0379961 0.0477442 0.057237 0.0654576 0.0715141 0.0748996 0.0755341 0.0736516 0.0696762 0.0641347 0.0575782 0.0505047 0.0433085 0.0362716 0.0295887 0.0234036 0.0178398 0.0130096 0.00900293 0.00586225 0.00356132
 0.0087538 0.0140544 0.0208526 0.02901 0.038253 0.0480596 0.0575806 0.0657794 0.0717565 0.0750162 0.0755068 0.0734967 0.0694365 0.0638612 0.0573114 0.0502651 0.0430999 0.0360924 0.0294399 0.0232888 0.01776 0.0129596 0.00897336 0.00584381 0.00354825
 0.00868596 0.0139458 0.0206935 0.0287956 0.0379878 0.0477625 0.0572869 0.0655346 0.0716021 0.0749738 0.0755699 0.0736364 0.0696166 0.0640534 0.0575009 0.0504474 0.0432734 0.0362535 0.0295835 0.0234111 0.0178598 0.0130379 0.00903142 0.00588354 0.0035726
 0.00879449 0.0141051 0.020901 0.0290364 0.0382375 0.0479925 0.0574702 0.065651 0.0716428 0.0749433 0.0754835 0.0735137 0.0694736 0.0638987 0.057339 0.0502834 0.0431157 0.0361117 0.0294652 0.0233195 0.0177937 0.0129935 0.00900359 0.00586723 0.00356346
 0.00881712 0.0141493 0.0209802 0.0291656 0.0384263 0.0482365 0.0577453 0.0659156 0.0718501 0.0750577 0.0754928 0.0734296 0.0693235 0.0637139 0.0571449 0.0500959 0.0429429 0.035958 0.0293339 0.0232129 0.0177125 0.0129358 0.0089656 0.00584399 0.00355022
 0.00887444 0.0142504 0.0211472 0.0294235 0.0387977 0.0487308 0.0583474 0.0665803 0.0725045 0.0756148 0.0758703 0.0735711 0.0692138 0.0633817 0.0566521 0.0495176 0.0423486 0.0353999 0.0288442 0.0228075 0.0173949 0.0127008 0.00880225 0.00573795 0.00348633
 0.00883191 0.0141856 0.0210589 0.0293168 0.0386863 0.0486395 0.058311 0.0666366 0.0726814 0.0759145 0.0762608 0.0739901 0.0695855 0.0636404 0.0567608 0.0494763 0.0421881 0.0351676 0.0285879 0.0225645 0.0171881 0.0125398 0.00868662 0.00566135 0.00343961
 0.00847523 0.0136259 0.0202557 0.0282507 0.0373683 0.0471226 0.0567023 0.0650971 0.0714035 0.0750804 0.0759968 0.0743337 0.0704749 0.0649306 0.0582612 0.0509979 0.0435835 0.0363502 0.0295294 0.0232774 0.0177058 0.0129013 0.00892856 0.00581532 0.00353183
 0.00846047 0.0135844 0.0201604 0.0280637 0.0370484 0.0466382 0.0560456 0.0642937 0.0705155 0.0742015 0.0752411 0.073816 0.070285 0.0651063 0.0587734 0.0517563 0.0444625 0.0372249 0.0303055 0.023905 0.0181754 0.0132301 0.00914543 0.00595031 0.00361086
 0.00848087 0.0136224 0.0202248 0.0281609 0.0371747 0.0467704 0.056137 0.0642816 0.0703415 0.0738378 0.0747089 0.0731874 0.0696671 0.0646132 0.0584953 0.0517335 0.0446757 0.0376054 0.0307612 0.0243507 0.0185534 0.0135163 0.00934222 0.00607444 0.00368315
 0.00862656 0.0138637 0.0205952 0.0286926 0.037888 0.0476591 0.0571519 0.065324 0.0712734 0.0745088 0.0749928 0.0730178 0.0690611 0.0636719 0.0573788 0.0506168 0.0437024 0.0368567 0.0302504 0.0240401 0.018383 0.0134291 0.0092976 0.00604984 0.00366833
 0.0088032 0.0141323 0.0209662 0.0291659 0.0384578 0.0483184 0.0578919 0.0661258 0.0720956 0.0752795 0.0756124 0.0733778 0.0690738 0.0633029 0.0566654 0.0496642 0.0426552 0.0358579 0.0294043 0.0233945 0.0179336 0.0131396 0.00912215 0.00594818 0.00361152
 0.00879603 0.0141264 0.0209677 0.0291838 0.0385016 0.0483951 0.0580054 0.0662799 0.072298 0.0755411 0.0759381 0.0737504 0.0694436 0.063594 0.0568008 0.0495985 0.0423967 0.0354664 0.0289664 0.0229905 0.0176136 0.0129174 0.00898489 0.0058716 0.00357225
 0.00881442 0.0141618 0.0210313 0.0292894 0.0386624 0.0486182 0.0582866 0.0666009 0.0726301 0.0758528 0.0762038 0.0739559 0.0695842 0.0636658 0.0567925 0.0494918 0.0421781 0.0351431 0.0285735 0.0225824 0.0172445 0.0126234 0.00877678 0.00573962 0.00349669
 0.00876806 0.0140808 0.0208999 0.0290927 0.0383934 0.0482879 0.0579302 0.0662753 0.0723986 0.0757649 0.0762799 0.0741842 0.0699276 0.064074 0.0572121 0.0498725 0.0424782 0.0353356 0.0286532 0.0225676 0.0171705 0.0125287 0.00869073 0.00567636 0.00345737
 0.00888825 0.0142524 0.0211134 0.029322 0.0386007 0.0484331 0.0579815 0.0662175 0.072239 0.075535 0.0760295 0.0739673 0.069786 0.0640247 0.0572451 0.0499582 0.0425783 0.0354144 0.0286866 0.0225485 0.0171087 0.012445 0.00860698 0.00560797 0.00341004
 0.00895189 0.0143482 0.0212424 0.0294775 0.0387672 0.0485859 0.0580885 0.0662453 0.0721637 0.0753539 0.0757674 0.0736728 0.0695174 0.0638321 0.0571564 0.0499723 0.0426694 0.0355428 0.0288125 0.0226434 0.0171608 0.0124583 0.00859509 0.005586 0.0033889
 0.00905897 0.0145263 0.0215169 0.0298716 0.039293 0.049232 0.0588093 0.0669602 0.0727715 0.0757584 0.075903 0.0735219 0.0691143 0.0632531 0.056498 0.0493261 0.0421007 0.035082 0.0284587 0.0223774 0.0169594 0.0123033 0.00847634 0.00549846 0.00332882
 0.00898512 0.0144132 0.0213611 0.0296782 0.039079 0.0490284 0.0586592 0.0669099 0.0728539 0.0759749 0.0762166 0.0738663 0.0694169 0.0634601 0.0565904 0.0493199 0.042034 0.034996 0.0283827 0.0223227 0.0169236 0.0122785 0.00845602 0.0054803 0.00331334
 0.00912703 0.0146255 0.0216459 0.0300246 0.0394652 0.0494265 0.0590401 0.0672469 0.0731264 0.0761711 0.0763326 0.0739007 0.069365 0.063314 0.0563458 0.0489858 0.0416373 0.0345774 0.0279849 0.0219788 0.0166497 0.0120751 0.00831374 0.00538586 0.00325399
 0.00918252 0.0147106 0.0217639 0.0301744 0.0396399 0.0496137 0.0592224 0.0674049 0.0732444 0.0762429 0.0763637 0.0739044 0.0693538 0.0632918 0.056305 0.0489124 0.0415206 0.0344184 0.0277984 0.0217877 0.0164765 0.0119342 0.00820944 0.00531494 0.00320933
 0.00912188 0.0146038 0.0215888 0.0299077 0.0392656 0.049135 0.0586714 0.0668423 0.0727466 0.075882 0.07619 0.0739376 0.0695828 0.0636795 0.0567965 0.0494442 0.0420319 0.034862 0.0281482 0.0220397 0.0166434 0.0120369 0.00826879 0.00534739 0.00322608
 0.00937833 0.0149706 0.0220472 0.0304052 0.0397277 0.0494847 0.0588487 0.0668161 0.072519 0.0754891 0.0756958 0.0734209 0.0691187 0.0633226 0.056571 0.0493442 0.0420288 0.0349159 0.0282206 0.0221028 0.0166842 0.0120551 0.00827124 0.00534219 0.00321918
 0.00971235 0.0155003 0.0228159 0.0314347 0.0410021 0.0509323 0.0603309 0.0681407 0.0734847 0.0759454 0.0755877 0.072798 0.0681102 0.0620951 0.0552879 0.0481356 0.0409766 0.0340542 0.0275463 0.0215917 0.0163056 0.0117809 0.0080789 0.00521346 0.00313837
 0.00947679 0.0152152 0.0225677 0.0313642 0.0412665 0.0516431 0.0614981 0.0696525 0.0751319 0.0774741 0.0767607 0.0734477 0.0681732 0.061619 0.0544077 0.047029 0.0398164 0.0329731 0.026623 0.0208554 0.0157504 0.0113822 0.00780589 0.00503604 0.00302993
#obs surv len freq
 0.00496642 0.00813568 0.0123763 0.0177024 0.0239882 0.0308687 0.0377184 0.0438134 0.0486024 0.051882 0.0537682 0.0545438 0.0545275 0.0540172 0.0532757 0.0525198 0.051897 0.0514433 0.0510204 0.0502586 0.0485752 0.0453393 0.0401737 0.0332467 0.0253395
 0.00517855 0.0084809 0.0128966 0.0184376 0.0249686 0.032104 0.0391855 0.0454521 0.0503225 0.0535796 0.0553408 0.0558976 0.0555791 0.0546926 0.0535123 0.0522714 0.0511434 0.0501996 0.0493445 0.0482532 0.0463842 0.0431346 0.038131 0.0315119 0.0239977
 0.00540059 0.00884669 0.013456 0.0192397 0.0260521 0.0334813 0.0408276 0.047284 0.052235 0.0554518 0.0570596 0.0573678 0.0567233 0.0554468 0.0538217 0.0520888 0.0504339 0.0489525 0.0475894 0.0460764 0.0439342 0.0406109 0.0357515 0.0294662 0.0224023
 0.00563009 0.00922187 0.0140248 0.020049 0.0271398 0.034863 0.0424825 0.0491474 0.0542055 0.0574085 0.0588809 0.0589446 0.0579658 0.0562855 0.0542034 0.0519711 0.0497826 0.0477481 0.0458441 0.0438568 0.0413785 0.0379255 0.0331779 0.0272251 0.0206377
 0.00586671 0.00961043 0.0146168 0.0208947 0.0282786 0.036308 0.044205 0.0510722 0.0562225 0.0593943 0.0607177 0.0605305 0.0592165 0.0571331 0.054594 0.0518623 0.049141 0.0465532 0.0441015 0.0416211 0.0387762 0.0351586 0.0304956 0.0248654 0.0187639
 0.00611733 0.0100186 0.0152326 0.0217655 0.0294405 0.0377721 0.0459425 0.0530086 0.058247 0.0613801 0.0625429 0.062091 0.0604302 0.0579388 0.0549465 0.0517267 0.048489 0.0453656 0.0423809 0.0394147 0.0361992 0.0324029 0.0278056 0.0224822 0.0168588
 0.0063635 0.0104256 0.0158575 0.0226646 0.0306574 0.0393187 0.0477807 0.0550456 0.0603509 0.063408 0.0643656 0.0636057 0.0615628 0.0586396 0.0551841 0.051481 0.0477458 0.0441163 0.0406329 0.0372127 0.0336497 0.0296851 0.0251519 0.0201256 0.0149687
 0.00662583 0.0108506 0.0164945 0.0235594 0.0318442 0.0408074 0.049542 0.0570038 0.062391 0.0653942 0.0661633 0.065099 0.062664 0.0592929 0.0553614 0.0511732 0.0469535 0.042846 0.0389032 0.0350719 0.0311986 0.0270885 0.0226235 0.0178812 0.0131668
 0.00681986 0.0111786 0.0170111 0.0243224 0.0329012 0.0421757 0.0511899 0.0588466 0.0643066 0.0672503 0.0678396 0.0664968 0.0637072 0.0599264 0.0555501 0.0509007 0.0462185 0.0416597 0.037292 0.0330892 0.0289416 0.0247086 0.0203127 0.0158326 0.011522
 0.00706478 0.0115702 0.0175888 0.0251199 0.0339425 0.0434669 0.0527087 0.0605339 0.066069 0.0689719 0.0693997 0.0677874 0.0646455 0.0604595 0.0556527 0.0505673 0.0454568 0.0404873 0.0357404 0.0312143 0.0268376 0.0225142 0.0181994 0.0139696 0.0100318
 0.00724858 0.0118791 0.0180715 0.0258259 0.0349092 0.044701 0.0541698 0.0621348 0.0676938 0.0705046 0.0707447 0.0688738 0.065422 0.0608886 0.0557097 0.0502412 0.0447502 0.0394162 0.0343362 0.0295315 0.0249633 0.0205728 0.0163407 0.0123389 0.00873191
 0.00742676 0.0121684 0.0185069 0.0264408 0.0357303 0.0457393 0.0554088 0.0635226 0.0691456 0.0719147 0.0720044 0.06989 0.0661292 0.0612524 0.0557203 0.0499046 0.0440803 0.0384334 0.0330716 0.0280352 0.0233137 0.0188786 0.0147303 0.0109342 0.00761751
 0.00750547 0.0122999 0.0187116 0.026741 0.0361472 0.0462876 0.0560909 0.0643254 0.0700408 0.0728614 0.0729507 0.0707739 0.0668825 0.061809 0.0560268 0.0499265 0.0438043 0.0378646 0.0322329 0.0269696 0.0220894 0.0175896 0.0134862 0.00983909 0.00674376
 0.00762737 0.0124897 0.0189818 0.0270981 0.0365915 0.0468128 0.0566832 0.0649631 0.0706969 0.0735075 0.073561 0.0713246 0.0673487 0.0621616 0.0562318 0.0499494 0.0436166 0.0374512 0.031598 0.0261411 0.0211213 0.0165599 0.0124869 0.00895683 0.00603901
 0.00764288 0.0125179 0.0190297 0.0271742 0.0367043 0.0469682 0.056883 0.0652051 0.0709772 0.0738232 0.0739097 0.0717016 0.0677418 0.0625475 0.056576 0.0502089 0.0437465 0.0374136 0.0313712 0.0257283 0.0205547 0.0158992 0.0118084 0.00833593 0.00553131
 0.00773771 0.0126579 0.0192145 0.0273947 0.0369459 0.0472161 0.0571258 0.0654353 0.0711895 0.0740141 0.0740777 0.0718483 0.0678718 0.0626647 0.0566786 0.0502845 0.0437711 0.0373564 0.031204 0.0254373 0.0201496 0.0154159 0.0113018 0.00786496 0.00514178
 0.00776564 0.0127053 0.0192886 0.0275019 0.0370881 0.0473871 0.057309 0.0656076 0.07133 0.0741133 0.0741411 0.0718922 0.0679142 0.0627179 0.0567449 0.0503559 0.0438302 0.0373784 0.031162 0.0253105 0.0199336 0.0151274 0.0109769 0.00754783 0.00487043
 0.00780134 0.0127545 0.0193469 0.0275608 0.0371387 0.0474252 0.0573382 0.0656366 0.0713674 0.0741614 0.0741954 0.0719458 0.067964 0.0627664 0.0567974 0.0504151 0.0438911 0.0374269 0.0311778 0.0252741 0.0198338 0.0149689 0.0107803 0.0073437 0.0046881
 0.0078504 0.0128297 0.0194509 0.0276916 0.0372886 0.0475803 0.0574796 0.0657446 0.071428 0.0741719 0.0741656 0.0718926 0.0679035 0.0627096 0.0567502 0.0503796 0.0438662 0.037407 0.0311523 0.025229 0.019758 0.0148598 0.0106467 0.00720346 0.00456074
 0.0078642 0.012852 0.0194843 0.0277381 0.0373491 0.0476533 0.0575603 0.0658245 0.0714958 0.0742171 0.0741817 0.0718802 0.0678703 0.0626676 0.0567108 0.0503502 0.0438487 0.0373982 0.0311446 0.0252125 0.0197235 0.0148029 0.0105709 0.00711888 0.00448036
 0.00789088 0.0128891 0.0195285 0.0277829 0.0373868 0.0476789 0.0575735 0.0658297 0.071499 0.0742226 0.0741896 0.0718869 0.0678714 0.0626607 0.0566973 0.0503346 0.0438358 0.0373901 0.0311394 0.0252049 0.019707 0.0147731 0.0105282 0.00706862 0.00443057
 0.00789125 0.0128903 0.0195313 0.0277874 0.0373922 0.047682 0.0575693 0.0658134 0.071469 0.0741832 0.0741504 0.0718587 0.0678616 0.0626703 0.0567217 0.0503673 0.0438711 0.0374245 0.0311703 0.0252292 0.0197212 0.0147745 0.0105167 0.00704758 0.0044056
 0.00790047 0.0128998 0.0195357 0.027779 0.0373633 0.0476293 0.0574963 0.0657296 0.0713868 0.074113 0.0740987 0.0718287 0.0678549 0.0626874 0.0567615 0.0504252 0.0439402 0.0374967 0.0312384 0.0252875 0.0197658 0.0148035 0.0105303 0.00704878 0.00439898
 0.00789276 0.0128871 0.019516 0.0277498 0.0373214 0.047571 0.057419 0.0656337 0.0712778 0.0740021 0.0740012 0.0717596 0.0678244 0.0626987 0.0568108 0.0505047 0.0440395 0.0376049 0.031345 0.0253838 0.0198453 0.0148629 0.0105696 0.0070707 0.00440827
 0.00789429 0.0128849 0.019504 0.0277199 0.0372657 0.0474858 0.0573069 0.0655042 0.0711441 0.0738775 0.0738967 0.0716837 0.0677839 0.0626982 0.0568514 0.0505825 0.0441461 0.0377287 0.0314732 0.0255047 0.0199499 0.0149457 0.0106291 0.00710898 0.0044299
 0.00788977 0.0128761 0.019488 0.0276925 0.0372218 0.0474204 0.0572171 0.0653905 0.0710125 0.0737395 0.0737677 0.0715798 0.0677175 0.0626763 0.0568753 0.0506485 0.0442466 0.0378529 0.0316086 0.0256383 0.0200703 0.015045 0.0107038 0.00716003 0.00446123
 0.00783129 0.0127858 0.019361 0.027528 0.0370234 0.0471962 0.0569804 0.0651588 0.0708051 0.0735736 0.073656 0.0715293 0.0677303 0.0627503 0.0570044 0.0508229 0.0444536 0.0380779 0.0318362 0.0258535 0.0202606 0.0152015 0.0108228 0.00724312 0.00451413
 0.00783575 0.0127833 0.0193395 0.0274709 0.0369149 0.0470288 0.0567609 0.064909 0.070555 0.0733528 0.0734861 0.071422 0.0676889 0.0627724 0.0570842 0.0509523 0.044622 0.0382726 0.0320424 0.0260561 0.0204455 0.0153579 0.010945 0.00733054 0.00457118
 0.00780701 0.0127418 0.0192864 0.0274086 0.0368448 0.0469475 0.0566595 0.064777 0.0703883 0.0731598 0.0732891 0.0712504 0.0675699 0.0627225 0.0571071 0.0510412 0.0447638 0.0384511 0.0322407 0.026257 0.0206334 0.0155203 0.0110742 0.00742484 0.00463387
 0.0077851 0.0127006 0.0192146 0.027294 0.036679 0.0467323 0.0564107 0.064522 0.070156 0.0729708 0.0731513 0.0711635 0.0675323 0.0627361 0.0571759 0.051166 0.0449393 0.0386648 0.0324752 0.0264935 0.0208541 0.0157111 0.0112266 0.00753659 0.00470873
 0.0077332 0.0126212 0.0191041 0.0271515 0.0365049 0.0465279 0.056179 0.0642703 0.0698995 0.0727326 0.0729582 0.0710379 0.0674859 0.0627688 0.0572788 0.0513276 0.0451472 0.0389062 0.0327351 0.0267545 0.0210984 0.0159235 0.0113972 0.00766261 0.00479374
 0.00933176 0.0148541 0.0217892 0.0298945 0.0388154 0.0480026 0.0566462 0.063815 0.0687747 0.0712319 0.0713249 0.0694349 0.0660077 0.0614638 0.0561672 0.050411 0.0444161 0.0383441 0.0323218 0.0264673 0.0209124 0.0158134 0.0113391 0.00763639 0.00478458
 0.00932247 0.0151361 0.0227367 0.0319703 0.0423682 0.0529938 0.0624776 0.0694274 0.0730246 0.0733441 0.071148 0.0673796 0.0627651 0.0577116 0.0524027 0.0469262 0.0413481 0.0357385 0.0301773 0.024759 0.0196021 0.0148523 0.0106706 0.00719934 0.0045183
 0.00897841 0.014596 0.0219817 0.0310531 0.0414666 0.0524463 0.0627419 0.0709154 0.0758544 0.077156 0.0751506 0.0706504 0.0646355 0.0579983 0.0513743 0.0450843 0.039192 0.0336305 0.0283199 0.0232336 0.0184176 0.01398 0.0100635 0.00680274 0.00427706
 0.00880239 0.0142997 0.0215179 0.0303752 0.040547 0.0513094 0.0615064 0.0698217 0.0752439 0.0773757 0.0763965 0.0728218 0.067304 0.0605471 0.0532482 0.0460009 0.0391973 0.0329961 0.0273788 0.0222561 0.0175647 0.0133164 0.00959127 0.00649249 0.00408875
 0.00872461 0.0141648 0.0212984 0.0300383 0.0400594 0.0506479 0.0606722 0.0688581 0.0742519 0.0765223 0.0759008 0.0728988 0.0680715 0.0619359 0.0549827 0.047688 0.0404845 0.033705 0.0275386 0.0220364 0.0171699 0.0129061 0.00925314 0.00625281 0.00393785
 0.00870847 0.0141338 0.0212421 0.029942 0.0399046 0.0504143 0.0603417 0.0684196 0.0737092 0.0759061 0.0752802 0.0723877 0.0678127 0.0620556 0.0555269 0.0485751 0.0415154 0.0346391 0.0281936 0.0223522 0.0172029 0.0127725 0.00906522 0.00608323 0.00381564
 0.00869796 0.0141181 0.0212206 0.0299138 0.0398672 0.0503614 0.0602621 0.0682975 0.0735277 0.0756526 0.0749558 0.072017 0.0674515 0.0617882 0.0554446 0.0487376 0.0419128 0.0351809 0.0287418 0.0227811 0.0174499 0.0128493 0.00903057 0.00600328 0.00373678
 0.00867013 0.0140782 0.0211705 0.0298586 0.0398137 0.0503158 0.0602266 0.0682692 0.0734976 0.0756063 0.0748771 0.0718935 0.0672839 0.0615987 0.0552786 0.0486531 0.0419564 0.0353613 0.0290186 0.0230795 0.0176959 0.0130014 0.00908996 0.00599972 0.00370586
 0.00868946 0.0141022 0.0211931 0.0298706 0.0398057 0.0502836 0.0601745 0.0682087 0.0734419 0.0755632 0.0748441 0.0718593 0.0672338 0.0615237 0.0551833 0.0485596 0.0418979 0.035368 0.0290996 0.0232154 0.0178469 0.0131274 0.0091688 0.00603214 0.00370733
 0.00867329 0.0140811 0.0211706 0.0298519 0.0397952 0.050281 0.0601734 0.068199 0.0734156 0.07552 0.0747922 0.0718098 0.0671941 0.0614934 0.0551574 0.0485346 0.041879 0.0353679 0.0291311 0.0232814 0.0179355 0.0132175 0.00924081 0.00607687 0.00372729
 0.00865343 0.0140523 0.021134 0.0298114 0.0397571 0.0502527 0.0601614 0.0682065 0.0734403 0.0755536 0.0748228 0.0718274 0.0671943 0.0614784 0.055133 0.048507 0.0418537 0.035351 0.0291295 0.0232996 0.0179721 0.0132641 0.00928578 0.00611111 0.00374771
 0.00864654 0.0140387 0.0211093 0.0297708 0.0396974 0.0501753 0.0600743 0.0681238 0.0733777 0.0755231 0.0748278 0.0718619 0.0672459 0.0615335 0.0551813 0.0485442 0.041881 0.0353727 0.0291512 0.023326 0.018005 0.0133012 0.00932195 0.00614097 0.00376832
 0.00864164 0.0140299 0.0210943 0.0297467 0.039661 0.0501237 0.0600067 0.0680427 0.0732902 0.0754408 0.0747644 0.0718292 0.067249 0.0615694 0.0552399 0.0486128 0.0419485 0.0354332 0.0292036 0.0233721 0.018047 0.01334 0.0093562 0.0061687 0.00378823
 0.00864019 0.0140308 0.0211016 0.0297653 0.0396949 0.0501728 0.0600645 0.0680969 0.0733267 0.0754485 0.0747399 0.0717779 0.0671836 0.0615043 0.0551868 0.0485771 0.0419294 0.0354263 0.029204 0.0233769 0.018055 0.0133504 0.00936806 0.00618023 0.0037978
 0.0086444 0.0140346 0.0211019 0.0297584 0.039678 0.0501471 0.060036 0.0680748 0.0733188 0.0754566 0.0747585 0.0717969 0.067194 0.0615026 0.055176 0.048564 0.0419205 0.0354249 0.0292101 0.0233882 0.0180688 0.0133648 0.00938154 0.00619183 0.00380684
 0.0086444 0.0140346 0.0211019 0.0297584 0.039678 0.0501471 0.060036 0.0680748 0.0733188 0.0754566 0.0747585 0.0717969 0.067194 0.0615026 0.055176 0.048564 0.0419205 0.0354249 0.0292101 0.0233882 0.0180688 0.0133648 0.00938154 0.00619183 0.00380684
 0.00841455 0.0136752 0.020589 0.0290829 0.0388517 0.049209 0.0590581 0.0671581 0.0725757 0.0749834 0.0746105 0.0719772 0.0676576 0.0621725 0.0559634 0.049387 0.0427153 0.0361489 0.0298391 0.0239114 0.0184852 0.0136802 0.00960765 0.00634399 0.0039022
 0.00848972 0.0137688 0.0206769 0.0291239 0.038798 0.0490226 0.0587262 0.0666997 0.0720378 0.0744312 0.0741156 0.0716052 0.0674558 0.06216 0.0561278 0.049689 0.0431013 0.0365647 0.0302401 0.0242676 0.0187805 0.01391 0.00977523 0.0064581 0.00397428
 0.00855884 0.0138907 0.0208754 0.0294205 0.0391978 0.0494982 0.0592083 0.0670873 0.0722305 0.0743675 0.0737977 0.0710967 0.0668573 0.0615768 0.0556432 0.0493501 0.0429162 0.0365111 0.0302789 0.0243571 0.0188862 0.0140089 0.00985554 0.00651653 0.00401282
 0.00871935 0.014154 0.0212753 0.029988 0.039952 0.0504321 0.0602729 0.0681856 0.0732267 0.075114 0.0741703 0.0710294 0.066362 0.0607418 0.0546078 0.048265 0.0419076 0.0356588 0.0296134 0.0238708 0.0185502 0.0137878 0.00971646 0.00643313 0.00396548
 0.0087567 0.0142299 0.0214177 0.0302331 0.0403365 0.0509799 0.0609819 0.0690205 0.0741201 0.0759741 0.0748925 0.0715104 0.0665216 0.0605447 0.054079 0.0474881 0.041003 0.0347505 0.0287993 0.0232069 0.018051 0.0134384 0.00948748 0.0062923 0.00388434
 0.00871179 0.0141573 0.021311 0.0300914 0.0401706 0.0508186 0.0608746 0.0690285 0.0742975 0.0763438 0.07543 0.0721437 0.0671464 0.0610508 0.0543789 0.0475403 0.0408225 0.0344005 0.0283681 0.0227788 0.017685 0.0131609 0.00929786 0.00617424 0.00381695
 0.0087741 0.0142508 0.0214369 0.0302441 0.0403381 0.0509846 0.061022 0.0691454 0.0743848 0.0764192 0.0755229 0.0722803 0.0673316 0.0612577 0.0545539 0.0476225 0.0407682 0.0342021 0.028057 0.0224127 0.0173259 0.0128553 0.00906778 0.0060192 0.00372276
 0.00872614 0.0141792 0.0213409 0.0301277 0.040209 0.0508524 0.0608973 0.0690391 0.0743078 0.0763829 0.0755397 0.0723629 0.0674891 0.0614883 0.0548364 0.0479154 0.0410188 0.0343647 0.0281099 0.0223651 0.0172118 0.0127169 0.00893997 0.00592093 0.00365764
 0.00875435 0.0142145 0.021375 0.0301467 0.0401986 0.0508043 0.0608141 0.0689347 0.0742014 0.0762924 0.0754772 0.0723357 0.0675022 0.0615455 0.0549382 0.0480532 0.0411717 0.0345019 0.0282018 0.0223951 0.0171829 0.012649 0.0088588 0.00584764 0.00360306
 0.00876655 0.0142327 0.0213988 0.0301735 0.0402222 0.0508151 0.0608003 0.0688859 0.0741145 0.0761758 0.0753506 0.072224 0.0674273 0.0615208 0.0549669 0.0481295 0.0412818 0.0346257 0.0283154 0.0224779 0.0172242 0.0126512 0.00883472 0.00581334 0.00357112
 0.00885586 0.014378 0.0216168 0.0304768 0.0406138 0.0512802 0.0613 0.0693595 0.0744919 0.0763972 0.0753841 0.0720731 0.0671277 0.061128 0.054541 0.0477215 0.0409253 0.0343347 0.0280876 0.0223007 0.0170826 0.0125344 0.00873796 0.00573646 0.00351473
 0.00880078 0.0142963 0.0215091 0.0303513 0.0404865 0.051174 0.061242 0.069374 0.0745912 0.0765729 0.0756052 0.0722945 0.0673055 0.0612348 0.0545728 0.0476944 0.040866 0.0342684 0.0280302 0.0222571 0.0170497 0.0125066 0.00871175 0.0057117 0.00349333
 0.00879343 0.0142769 0.0214666 0.0302724 0.0403607 0.0510014 0.0610393 0.0691744 0.0744363 0.0764993 0.0756322 0.0724171 0.067496 0.0614516 0.0547741 0.0478515 0.0409689 0.034324 0.0280539 0.022264 0.0170493 0.0125028 0.00870554 0.00570364 0.00348471
 0.00886894 0.0143936 0.0216301 0.0304811 0.0406035 0.0512556 0.0612712 0.0693456 0.0745158 0.0764768 0.0755233 0.072257 0.0673245 0.061297 0.0546464 0.0477445 0.0408698 0.0342234 0.0279504 0.0221632 0.0169591 0.0124287 0.00864914 0.00566341 0.0034577
 0.00870731 0.0141481 0.0212937 0.030061 0.0401215 0.0507472 0.0607826 0.0689283 0.0742165 0.0763254 0.0755267 0.0724018 0.0675855 0.0616455 0.0550523 0.0481763 0.041295 0.0346122 0.0282811 0.0224256 0.0171542 0.0125651 0.00873894 0.0057188 0.00348936
 0.0088154 0.0143004 0.0214793 0.0302549 0.0402911 0.0508634 0.0608291 0.0689038 0.0741314 0.0761961 0.0753711 0.0722369 0.0674267 0.0615066 0.0549447 0.048107 0.0412644 0.0346131 0.0283013 0.0224519 0.0171769 0.01258 0.00874598 0.00572048 0.00348835
 0.00897667 0.0145678 0.0218887 0.0308353 0.0410497 0.0517662 0.0617887 0.0697895 0.0748044 0.0765538 0.0753774 0.0719237 0.0668715 0.0608041 0.0541847 0.0473621 0.0405858 0.0340306 0.0278257 0.0220799 0.0168968 0.0123767 0.00860427 0.00562648 0.00342972
 0.00907994 0.0147496 0.0221878 0.0312957 0.0417089 0.0526369 0.0628395 0.0709361 0.0759175 0.0774848 0.0759918 0.0721338 0.066658 0.0602182 0.0533295 0.0463628 0.0395605 0.0330708 0.0269896 0.0213947 0.0163655 0.0119861 0.00833261 0.00544853 0.00332072
#pred catch len freq
 0.00394789 0.00632592 0.00938509 0.0131179 0.0175292 0.0225979 0.0282052 0.0341075 0.0399798 0.0454858 0.0503328 0.0543108 0.0573201 0.0593696 0.0605397 0.0609341 0.0606442 0.0597277 0.0581765 0.0558698 0.0525474 0.0478805 0.0416735 0.0341137 0.0258774
 0.00445247 0.00706205 0.0103425 0.0142482 0.0187794 0.0239532 0.0297049 0.035812 0.0418989 0.0475142 0.052239 0.0557982 0.0581295 0.0593716 0.0597737 0.0595816 0.0589549 0.0579288 0.0564043 0.0541511 0.0508398 0.0461462 0.0399411 0.0324864 0.024486
