SBPRF35
7.78865
Curr Bio
607793
B35
674527
F35
0.226474
FOFL
0.20431
OFL
94645.1
Bzero
2.22533e+006
#pred survey bio
 4.44059e+006 4.19962e+006 3.96613e+006 3.68994e+006 3.38296e+006 3.05516e+006 2.76391e+006 2.46291e+006 2.18547e+006 1.9056e+006 1.70383e+006 1.48917e+006 1.33272e+006 1.17346e+006 1.02683e+006 921009 838439 757387 726593 687819 667799 654918 626830 612604 590518 583464 581918 584675 582831 573601 573352 554774 546504 547094 539902 535173 523279 514285 505964 516871 522595 534723 552610 567660 571030 576983 584510 586608 582176 592884 598872 581689 524585 508776 492462 492511 457573 443058 472267 477027 492868 494591 479696 501226 540596 577905 608797 2.14431e+007 1.31844e+007 1.36006e+007 1.41868e+007 1.48334e+007 1.54404e+007 1.59587e+007 1.63754e+007 1.66975e+007 1.694e+007 1.71197e+007 1.72517e+007 1.73482e+007 1.74188e+007 1.74706e+007 1.75087e+007 1.7537e+007 1.7558e+007 1.75737e+007 1.75855e+007 1.75945e+007 1.76012e+007 1.76064e+007 1.76104e+007 1.76134e+007 1.76157e+007 1.76175e+007 1.76188e+007 1.76199e+007 1.76207e+007 1.76213e+007 1.76218e+007 1.76222e+007 1.76225e+007 1.76227e+007 1.76228e+007 1.7623e+007 1.76231e+007 1.76232e+007 1.76232e+007 1.76233e+007 1.76233e+007 1.76233e+007 1.76234e+007 1.76234e+007 1.76234e+007 1.76234e+007 1.76234e+007 1.76234e+007 1.76234e+007 1.76234e+007 1.76234e+007 1.76234e+007 1.76234e+007 1.76234e+007 1.76234e+007 1.76234e+007 1.76234e+007 1.76234e+007 1.76234e+007 1.76234e+007 1.76234e+007 1.76234e+007 1.76234e+007 1.76234e+007 1.76234e+007 1.76234e+007 1.76234e+007 1.76234e+007 1.76234e+007 1.76234e+007 1.76234e+007 1.76234e+007 1.76234e+007 1.76234e+007 1.76234e+007 1.76234e+007 1.76234e+007 1.76234e+007 1.76234e+007 1.76234e+007 1.76234e+007 1.76234e+007 1.76234e+007 1.76234e+007 1.76234e+007 1.76234e+007 1.76234e+007 1.76234e+007 1.76234e+007 1.76234e+007 1.76234e+007 1.76234e+007 1.76234e+007 1.76234e+007 1.76234e+007 1.76234e+007 1.76234e+007 1.76234e+007 1.76234e+007 0 0 0 0 0 0 0 0 0 0 0 0 0 0 0 0 0 0 0 0 0 0 0 0 0
#obs survey bio
 2.48463e+006 4.01371e+006 3.71951e+006 2.07955e+006 2.59626e+006 3.04796e+006 1.88803e+006 2.11831e+006 1.97258e+006 1.50799e+006 1.66253e+006 1.22851e+006 1.47758e+006 931013 795354 898623 714765 812671 732950 578937 841196 573500 528395 591064 449600 655344 485156 484587 493828 476517 590021 484648 620456 561994 678437 586302 421884 696590 599396 415502 536104 615121 514309 679576 554588 510757 571591 612853 592388 433950 775283 799766 612769 588884 773755 642843 289869 477041 630090 502560 748159 541481 425260 592703 456373 562196 671482
#pred catch bio
 88149.7 92670.3 153150 209247 260413 259506 298292 303025 326737 274259 298721 256499 265257 257991 224606 204227 199151 151941 154428 133907 124333 133927 119386 124022 110285 105333 101316 104295 108452 98441.1 110857 98697.5 88597.5 92382.2 87029.8 91809 91519.7 94005.6 80320.5 86922.2 82975 79700.4 83427.2 93728.9 91848.6 91081.5 95865.8 101018 88437.4 93175.9 111981 142559 104843 104091 89328 117459 98915.7 63327.5 84267.6 75028.3 88339.5 103612 75851.6 65472.1 71613.2 81874 108295 94645.1 105823 108129 111690 116062 120251 123761 126479 128476 129890 130861 131515 131947 132229 132411 132528 132602 132649 132679 132697 132709 132716 132721 132723 132725 132726 132727 132727 132727 132728 132728 132728 132728 132728 132728 132728 132728 132728 132728 132728 132728 132728 132728 132728 132728 132728 132728 132728 132728 132728 132728 132728 132728 132728 132728 132728 132728 132728 132728 132728 132728 132728 132728 132728 132728 132728 132728 132728 132728 132728 132728 132728 132728 132728 132728 132728 132728 132728 132728 132728 132728 132728 132728 132728 132728 132728 132728 132728 132728 132728 132728 132728 132728 132728 132728 132728 132728 132728 132728 132728 0 0 0 0 0 0 0 0 0 0 0 0 0 0 0 0 0 0 0 0 0 0 0 0 0
#obs catch bio
 0 92425.4 153777 210854 263877 262564 304586 309262 334771 279249 306513 261575 269990 264163 230630 210112 205070 154321 157381 135660 124787 134980 120275 125001 111424 106714 102292 105520 109752 99270.1 111838 99611.2 88919.4 93040.1 87344.1 92113.8 91744.8 93891.1 79601.9 86964.2 82820.3 79433.6 83306.6 93235.7 91450.3 90843.8 95421.4 100752 87883.2 92915.3 111124 142119 103740 103374 87912.7 116109 98859.9 62617.4 83901 74353.6 87464.5 103238 75747.2 65374.1 71528.2 81559.3 108513
#pred cpue bio
 4.35736e+006 4.11977e+006 3.8884e+006 3.61275e+006 3.30707e+006 2.98104e+006 2.69138e+006 2.39271e+006 2.118e+006 1.84137e+006 1.64169e+006 1.42995e+006 1.27565e+006 1.11894e+006 974677 870681 790378 712446 683445 646871 628352 616551 589695 576132 554841 547886 546497 549420 548018 539635 540026 522718 515330 516532 510308 506476 494574 484302 475195 485440 490900 502616 519895 534498 537807 543468 550712 552814 548590 558886 564662 548181 492950 477515 461939 462219 428359 413928 442297 447610 462948 464053 448803 468770 506614 542527 571506 2.01067e+007 1.23692e+007 1.27342e+007 1.32535e+007 1.38752e+007 1.44764e+007 1.49936e+007 1.54102e+007 1.57322e+007 1.59747e+007 1.61544e+007 1.62864e+007 1.63829e+007 1.64536e+007 1.65053e+007 1.65435e+007 1.65717e+007 1.65927e+007 1.66084e+007 1.66203e+007 1.66292e+007 1.6636e+007 1.66412e+007 1.66451e+007 1.66481e+007 1.66504e+007 1.66522e+007 1.66536e+007 1.66546e+007 1.66554e+007 1.66561e+007 1.66565e+007 1.66569e+007 1.66572e+007 1.66574e+007 1.66576e+007 1.66577e+007 1.66578e+007 1.66579e+007 1.6658e+007 1.6658e+007 1.66581e+007 1.66581e+007 1.66581e+007 1.66581e+007 1.66581e+007 1.66581e+007 1.66582e+007 1.66582e+007 1.66582e+007 1.66582e+007 1.66582e+007 1.66582e+007 1.66582e+007 1.66582e+007 1.66582e+007 1.66582e+007 1.66582e+007 1.66582e+007 1.66582e+007 1.66582e+007 1.66582e+007 1.66582e+007 1.66582e+007 1.66582e+007 1.66582e+007 1.66582e+007 1.66582e+007 1.66582e+007 1.66582e+007 1.66582e+007 1.66582e+007 1.66582e+007 1.66582e+007 1.66582e+007 1.66582e+007 1.66582e+007 1.66582e+007 1.66582e+007 1.66582e+007 1.66582e+007 1.66582e+007 1.66582e+007 1.66582e+007 1.66582e+007 1.66582e+007 1.66582e+007 1.66582e+007 1.66582e+007 1.66582e+007 1.66582e+007 1.66582e+007 1.66582e+007 1.66582e+007 1.66582e+007 1.66582e+007 1.66582e+007 1.66582e+007 1.66582e+007 1.66582e+007 0 0 0 0 0 0 0 0 0 0 0 0 0 0 0 0 0 0 0 0 0 0 0 0 0
#obs cpue bio
 3.78029e+006 4.59214e+006 2.50673e+006 2.86032e+006 2.62426e+006 2.47107e+006 1.98753e+006 2.55411e+006 2.21903e+006 1.90489e+006 1.2645e+006 1.46764e+006 1.35445e+006 824130 669680 531074 737690 645788 550445 718476 755929 591760 518133 613423 453688 338179 659941 508440 603048 554789 617216 428841 547215 417146 429324 509094 613467 528996 637985 359495 550286 495219 493257 721737 513002 548910 721188 531226 650163 612676 671514 395477 569308 451068 518601 380978 411406 619334 359250 488402 399485 357217 351149 383004 663936 666154 414331
#pred surv len freq
 0.00462585 0.00751377 0.0113193 0.0160392 0.0215874 0.0277204 0.0340003 0.0398891 0.0449402 0.0489407 0.0519117 0.0540162 0.0554625 0.0564372 0.0570605 0.0573589 0.0572693 0.0566634 0.0553682 0.0531663 0.0498 0.045036 0.0388186 0.0314446 0.0236104
 0.00501724 0.00804601 0.0119333 0.0166291 0.022048 0.0280109 0.0341807 0.0400922 0.0452871 0.0494494 0.0524622 0.0543954 0.0554627 0.055954 0.0561428 0.0561956 0.0561216 0.0557709 0.0548639 0.0530372 0.0499114 0.0452075 0.0389099 0.0314038 0.0234672
 0.00519466 0.0083801 0.0125126 0.0175434 0.0233426 0.0296311 0.0359457 0.0417383 0.0465732 0.0502605 0.0528333 0.0544381 0.0552563 0.0554899 0.0553588 0.0550642 0.0547174 0.0542673 0.0534645 0.0518879 0.0490497 0.0445755 0.0384137 0.0309749 0.0230864
 0.00539427 0.0086929 0.0129668 0.0181713 0.0241893 0.030757 0.037406 0.0435379 0.0486156 0.0523317 0.05465 0.0557449 0.0559121 0.0554846 0.0547634 0.0539696 0.0532159 0.0524748 0.0515379 0.0500025 0.0473501 0.0431379 0.0372486 0.0300576 0.0223875
 0.00561232 0.00904734 0.0134998 0.0189212 0.0251838 0.0320041 0.0388886 0.0452164 0.0504374 0.054231 0.0565304 0.0574578 0.0572623 0.0562761 0.0548622 0.0533417 0.0519243 0.050652 0.0493598 0.0476691 0.04506 0.0410576 0.0354875 0.0286628 0.0213545
 0.00586935 0.009459 0.0141087 0.0197652 0.0262919 0.0333886 0.040533 0.0470682 0.0524105 0.0562196 0.0584252 0.0591541 0.0586537 0.057245 0.0552811 0.053099 0.050963 0.0490018 0.047144 0.0450875 0.0423539 0.0384669 0.0332088 0.0268187 0.0199834
 0.00605381 0.00976597 0.0145843 0.0204581 0.0272453 0.0346266 0.0420464 0.0488079 0.054293 0.0581418 0.0602785 0.0608336 0.060062 0.0582901 0.0558715 0.0531418 0.0503771 0.0477469 0.0452558 0.0426975 0.0396803 0.0357742 0.0307489 0.024776 0.0184426
 0.00625485 0.0100943 0.0150824 0.0211693 0.0282092 0.0358694 0.0435678 0.0505702 0.0562195 0.0601242 0.0621913 0.0625511 0.0614727 0.0593047 0.0564203 0.0531663 0.0498244 0.0465795 0.0434783 0.04039 0.0370162 0.0330025 0.0281417 0.0225589 0.016741
 0.0065032 0.0104868 0.0156528 0.0219443 0.0292069 0.0370963 0.0450128 0.0521981 0.0579701 0.0619159 0.0639279 0.0641286 0.0627884 0.0602656 0.0569499 0.0532052 0.0493274 0.0455172 0.0418512 0.0382547 0.0345098 0.0303424 0.0255869 0.020344 0.0150134
 0.00684235 0.0110265 0.0164431 0.0230229 0.030592 0.0387754 0.0469312 0.0542567 0.0600399 0.0638635 0.0656378 0.065514 0.0637894 0.0608422 0.0570746 0.0528568 0.0484889 0.0441783 0.0400211 0.0359853 0.0319194 0.0276232 0.0229774 0.0180708 0.0132271
 0.00703805 0.0113485 0.0169355 0.0237305 0.0315526 0.0400076 0.0484194 0.0559434 0.0618295 0.0656374 0.067274 0.0669036 0.064848 0.0615144 0.0573291 0.0526779 0.0478673 0.0431093 0.0385142 0.0340831 0.0297199 0.0252876 0.0207112 0.0160752 0.0116426
 0.00734921 0.0118423 0.0176565 0.0247138 0.0328193 0.041557 0.0502179 0.0579157 0.0638609 0.0675881 0.0689989 0.0682732 0.0657664 0.0619294 0.0572319 0.0520918 0.0468316 0.0416669 0.0367104 0.0319787 0.0274114 0.0229185 0.0184598 0.0141154 0.0100951
 0.007615 0.0122592 0.0182563 0.025517 0.0338341 0.0427765 0.0516149 0.0594396 0.0654394 0.0691349 0.0704215 0.0694791 0.0666689 0.0624561 0.0573342 0.051751 0.0460581 0.0404943 0.03519 0.030181 0.0254339 0.0208918 0.016537 0.0124428 0.00877334
 0.00796418 0.0128156 0.0190718 0.0266299 0.0352593 0.0444918 0.0535475 0.0614652 0.0674013 0.0708768 0.0718175 0.0704486 0.0671752 0.0624962 0.0569272 0.050929 0.0448619 0.0389728 0.033403 0.0282043 0.0233648 0.0188507 0.0146563 0.0108416 0.00752736
 0.00824503 0.0132803 0.0197859 0.0276582 0.0366512 0.0462576 0.0556339 0.0637453 0.0696894 0.0729631 0.0735082 0.071599 0.0677095 0.0624102 0.056275 0.0497995 0.0433548 0.0371837 0.0314205 0.0261159 0.0212667 0.01685 0.0128631 0.00934845 0.00638517
 0.0082864 0.013372 0.0199706 0.0279956 0.037209 0.047095 0.0567812 0.0651865 0.0713546 0.0747297 0.0752141 0.0730677 0.0687829 0.0629794 0.056298 0.0492998 0.042405 0.0358832 0.0298768 0.0244363 0.019557 0.0152155 0.011402 0.00813761 0.0054639
 0.008254 0.0133298 0.0199284 0.0279747 0.0372443 0.0472342 0.0570806 0.0657005 0.0721175 0.0757363 0.0764065 0.0743363 0.0699836 0.0639619 0.0569369 0.0495186 0.0421874 0.0352688 0.0289467 0.0232952 0.0183183 0.01399 0.0102878 0.0072073 0.00475442
 0.008395 0.0135381 0.0202036 0.0283038 0.0376077 0.0476145 0.0574698 0.0661022 0.0725444 0.0762038 0.0769241 0.0748966 0.070554 0.0644824 0.0573284 0.0497008 0.0421005 0.0348912 0.0283016 0.022446 0.0173553 0.0130132 0.0093887 0.00645379 0.00418039
 0.00832212 0.0134205 0.0200281 0.0280586 0.0372851 0.0472155 0.0570114 0.0656236 0.0721088 0.0758922 0.0768195 0.0750619 0.0710089 0.0651901 0.0581971 0.0506027 0.0429008 0.0354791 0.0286141 0.0224778 0.0171528 0.0126571 0.0089704 0.00605276 0.0038492
 0.00836143 0.0134785 0.0201039 0.0281462 0.0373729 0.0472872 0.0570471 0.0656032 0.0720185 0.0757332 0.0766152 0.0748595 0.0708699 0.0651713 0.0583278 0.0508688 0.0432441 0.0358145 0.0288574 0.0225731 0.0170885 0.0124638 0.00870533 0.00577756 0.00361092
 0.00843687 0.0135728 0.0201938 0.028193 0.0373338 0.0471329 0.0567758 0.0652433 0.0716185 0.075346 0.0762863 0.0746225 0.0707485 0.0651818 0.0584781 0.0511513 0.0436287 0.0362464 0.029267 0.0228952 0.0172827 0.0125259 0.00866373 0.00567779 0.00349718
 0.00846978 0.013626 0.0202715 0.0282941 0.0374461 0.0472283 0.056811 0.0651713 0.0714092 0.0750061 0.0758643 0.0741939 0.0703904 0.0649505 0.0584003 0.0512264 0.043834 0.0365417 0.0295992 0.023207 0.0175267 0.0126772 0.00872492 0.00567268 0.00345756
 0.00855967 0.0137748 0.0204999 0.0286215 0.0378845 0.0477721 0.0574267 0.065793 0.0719462 0.0753625 0.075966 0.0740132 0.069958 0.0643477 0.0577343 0.050599 0.0433176 0.0361687 0.0293645 0.0230787 0.0174615 0.0126361 0.00868346 0.00562389 0.00340635
 0.00867179 0.0139289 0.0206805 0.0287997 0.0380294 0.0478677 0.0574831 0.0658423 0.0720232 0.0754823 0.0761105 0.074136 0.0700044 0.0642808 0.057552 0.0503362 0.0430306 0.0359128 0.0291748 0.0229632 0.0174051 0.0126136 0.00867206 0.0056106 0.00338854
 0.00881038 0.0141553 0.021021 0.0292729 0.038635 0.0485736 0.0582187 0.0665097 0.0725275 0.0757649 0.0761644 0.0739945 0.0697139 0.0638789 0.0570642 0.0497859 0.0424513 0.0353488 0.0286714 0.0225526 0.0170982 0.0124009 0.00853251 0.0055216 0.00333218
 0.00875402 0.0140771 0.0209293 0.0291867 0.0385827 0.048587 0.0583247 0.06672 0.0728289 0.0761165 0.0765074 0.0742715 0.0698885 0.0639424 0.0570283 0.0496703 0.0422762 0.0351357 0.0284454 0.0223399 0.0169198 0.0122667 0.00844076 0.0054634 0.00329696
 0.00873109 0.0140291 0.0208384 0.0290328 0.0383522 0.0482852 0.0579854 0.0664033 0.072605 0.0760418 0.0766037 0.0745186 0.0702324 0.0643149 0.0573685 0.0499385 0.0424569 0.0352329 0.0284752 0.0223245 0.0168817 0.0122242 0.00840495 0.00543797 0.00328089
 0.00859209 0.013827 0.0205775 0.0287299 0.0380288 0.047957 0.0576577 0.0660774 0.0722925 0.0757751 0.0764336 0.0744964 0.0703856 0.0646318 0.0577995 0.0504138 0.0429094 0.0356156 0.0287671 0.0225269 0.0170101 0.0122992 0.00844574 0.00545896 0.00329125
 0.0084706 0.0136385 0.020312 0.0283871 0.0376217 0.047514 0.0572214 0.0656968 0.0720087 0.0756081 0.0763811 0.0745447 0.0705246 0.0648593 0.0581125 0.0507961 0.0433271 0.0360247 0.0291276 0.0228141 0.0172182 0.0124373 0.0085302 0.00550692 0.00331667
 0.00840869 0.0135421 0.0201746 0.0282059 0.0373972 0.0472519 0.0569344 0.0654061 0.0717429 0.0753979 0.0762508 0.0745056 0.0705732 0.0649827 0.0582963 0.051028 0.0435943 0.0363091 0.0294053 0.0230607 0.0174163 0.012581 0.00862457 0.00556321 0.0033473
 0.00827218 0.0133275 0.019866 0.0277943 0.0368845 0.0466539 0.0562853 0.0647586 0.071161 0.0749451 0.0759774 0.0744396 0.0707167 0.0653123 0.0587693 0.0515917 0.0441966 0.0369045 0.0299571 0.0235415 0.0178084 0.0128785 0.00883325 0.00569786 0.00342695
 0.00826608 0.0133214 0.0198631 0.0277987 0.0368974 0.0466704 0.0562917 0.0647345 0.0710867 0.0748102 0.0757873 0.0742172 0.0704971 0.0651336 0.0586621 0.0515718 0.0442619 0.0370383 0.0301337 0.0237327 0.0179894 0.0130315 0.00894952 0.00577744 0.00347598
 0.00825539 0.0132896 0.0197896 0.0276573 0.0366659 0.0463433 0.0558898 0.0643036 0.0706832 0.0744828 0.0755644 0.0741057 0.0704895 0.0652179 0.0588266 0.0518058 0.0445525 0.0373674 0.030478 0.024066 0.0182877 0.0132776 0.00913607 0.0059067 0.00355749
 0.0080418 0.0129758 0.0193783 0.0271697 0.0361322 0.0457891 0.0553296 0.0637474 0.0701508 0.0740145 0.0752175 0.0739363 0.0705312 0.0654688 0.0592527 0.0523545 0.0451681 0.0380005 0.0310879 0.0246206 0.0187633 0.01366 0.00942216 0.00610438 0.00368272
 0.00799099 0.0128765 0.0191998 0.0268783 0.0357047 0.0452313 0.0546876 0.063099 0.069579 0.0735772 0.0749354 0.0738036 0.0705362 0.065606 0.0595196 0.0527406 0.0456477 0.038535 0.0316338 0.0251375 0.0192194 0.0140349 0.00970804 0.00630547 0.00381231
 0.00861095 0.0137378 0.0202237 0.0278969 0.0365044 0.0456252 0.0545792 0.0625062 0.0686166 0.0724157 0.0737548 0.0727541 0.0697131 0.0650457 0.0592131 0.0526543 0.0457387 0.0387572 0.0319393 0.0254788 0.0195539 0.0143301 0.00994489 0.00647846 0.00392714
 0.0091262 0.0145792 0.0214867 0.0296451 0.0387233 0.0481684 0.0571411 0.064667 0.0699666 0.0727046 0.0729799 0.0711397 0.0676062 0.0627943 0.0570842 0.0508076 0.0442407 0.0376106 0.0311103 0.0249157 0.0191984 0.0141246 0.00983848 0.00643088 0.00391016
 0.009 0.0144665 0.0214905 0.029924 0.0394566 0.0494923 0.0590789 0.0670835 0.0725658 0.0750793 0.0747098 0.0719135 0.0673204 0.0615791 0.0552409 0.0486947 0.0421687 0.0357853 0.0296289 0.0237928 0.0183986 0.0135892 0.00950258 0.00623441 0.00380363
 0.00901634 0.0144635 0.0214379 0.029794 0.0392541 0.0492914 0.0590374 0.0674065 0.0734189 0.0764891 0.0765083 0.0737669 0.0688355 0.0624384 0.0553067 0.0480361 0.0410093 0.0344065 0.0282782 0.0226325 0.0174987 0.0129496 0.009083 0.00597993 0.00366116
 0.00888805 0.014268 0.021166 0.0294412 0.038817 0.0487671 0.0584352 0.0667727 0.0728606 0.0761718 0.0766079 0.0743858 0.0699271 0.063794 0.0566233 0.0490347 0.0415364 0.0344689 0.0280048 0.022197 0.0170505 0.0125784 0.00881937 0.00581497 0.00356909
 0.00885147 0.0142078 0.0210745 0.0293114 0.0386447 0.0485528 0.0581849 0.0664963 0.0725721 0.0758952 0.0763885 0.0742961 0.070049 0.0641754 0.057233 0.0497509 0.042189 0.0349127 0.0281785 0.0221343 0.0168446 0.0123303 0.00860043 0.00565605 0.00347012
 0.0088413 0.0141802 0.0210128 0.0291935 0.038449 0.0482679 0.0578177 0.0660747 0.0721395 0.0754999 0.0760751 0.0741025 0.0700078 0.0643135 0.0575612 0.0502453 0.0427796 0.0354952 0.0286506 0.0224359 0.0169754 0.0123365 0.00854393 0.00558661 0.00341433
 0.00870755 0.0139841 0.0207562 0.0288899 0.0381166 0.0479203 0.0574592 0.0657048 0.0717633 0.0751378 0.0757644 0.0738888 0.0699327 0.0644036 0.0578233 0.0506645 0.0433168 0.0360876 0.0292212 0.022914 0.0173194 0.012544 0.00864376 0.00561986 0.00341653
 0.00864659 0.0138798 0.0205909 0.028647 0.0377883 0.0475163 0.0570124 0.0652649 0.0713807 0.0748454 0.0755711 0.0737877 0.0699165 0.0644745 0.0579914 0.0509375 0.0436888 0.036532 0.0296922 0.0233572 0.0176875 0.0128117 0.00881237 0.00571039 0.00345693
 0.00868836 0.0139455 0.0206845 0.028768 0.0379282 0.0476564 0.0571236 0.065315 0.0713455 0.0747199 0.0753714 0.0735431 0.0696584 0.0642302 0.0577847 0.050791 0.0436212 0.0365515 0.0297894 0.0235047 0.0178488 0.0129537 0.00891602 0.00577313 0.00348774
 0.00864271 0.0138828 0.0206117 0.0286987 0.0378795 0.0476423 0.0571489 0.0653719 0.071415 0.0747767 0.0753921 0.0735148 0.0695831 0.0641239 0.057671 0.0506944 0.0435623 0.0365434 0.029835 0.0235947 0.0179633 0.013069 0.0090125 0.00584147 0.00352881
 0.00857484 0.0137767 0.0204606 0.0285015 0.0376431 0.0473844 0.0568988 0.0651662 0.0712873 0.0747452 0.075452 0.0736408 0.0697398 0.0642793 0.0578063 0.0508064 0.0436596 0.0366392 0.02994 0.023712 0.0180873 0.0131879 0.00911401 0.0059178 0.00357907
 0.0085427 0.0137282 0.0203944 0.0284184 0.0375454 0.0472749 0.0567815 0.0650476 0.0711786 0.0746618 0.0754095 0.0736485 0.0697955 0.0643687 0.0579084 0.0509026 0.0437402 0.0367055 0.0299998 0.0237735 0.0181538 0.0132564 0.00917769 0.00596997 0.00361644
 0.0086707 0.0139111 0.0206234 0.0286692 0.0377857 0.047475 0.0569227 0.065124 0.071192 0.0746173 0.0753142 0.0735125 0.069633 0.0641959 0.0577394 0.0507458 0.0435994 0.0365822 0.0298967 0.0236944 0.0181011 0.0132286 0.00916918 0.00597293 0.00362368
 0.00857512 0.0137782 0.0204638 0.0285045 0.0376383 0.0473564 0.0568257 0.0650281 0.0710794 0.0744878 0.0751895 0.0734258 0.0696126 0.0642528 0.0578655 0.0509201 0.0437964 0.0367791 0.0300769 0.0238492 0.018228 0.0133293 0.0092462 0.00602914 0.00366209
 0.00842415 0.0135549 0.0201698 0.0281586 0.0372748 0.0470187 0.0565585 0.0648668 0.071039 0.0745559 0.0753305 0.0735973 0.0697843 0.0644155 0.0580263 0.0510894 0.0439776 0.036966 0.0302579 0.0240125 0.018366 0.0134389 0.00932855 0.00608747 0.00370077
 0.00843148 0.0135707 0.0202013 0.0282157 0.037369 0.0471602 0.0567528 0.0651111 0.0713189 0.0748442 0.0755884 0.0737809 0.0698563 0.0643585 0.0578504 0.0508301 0.0436826 0.03668 0.0300113 0.0238185 0.0182245 0.0133426 0.00926731 0.0060515 0.00368153
 0.00877866 0.0141185 0.0209932 0.0292774 0.0386986 0.0487166 0.0584432 0.0667911 0.0728127 0.0759806 0.0762371 0.0738761 0.0694033 0.0634263 0.0565557 0.0493154 0.0420948 0.0351501 0.0286393 0.0226661 0.017315 0.0126679 0.00879789 0.00574653 0.00349766
 0.0086985 0.0140053 0.0208559 0.0291386 0.0385939 0.048689 0.0585367 0.067041 0.0732338 0.0765555 0.0769101 0.0745596 0.0699956 0.0638364 0.0567252 0.0492319 0.0417914 0.034694 0.0281124 0.022145 0.0168565 0.0123026 0.00853222 0.00556947 0.00338954
 0.00880865 0.0141514 0.0210159 0.0292742 0.0386645 0.0486732 0.0584482 0.0669286 0.0731643 0.0765884 0.0770762 0.0748502 0.0703645 0.0642117 0.0570278 0.0493969 0.0417856 0.0345233 0.0278174 0.0217863 0.0164954 0.0119861 0.00828527 0.00539625 0.00327979
 0.00886846 0.0142325 0.0211067 0.0293498 0.0386887 0.0486053 0.0582546 0.0665979 0.0727223 0.0761047 0.076653 0.0745917 0.0703391 0.0644256 0.0574239 0.0498771 0.0422449 0.0348811 0.0280353 0.0218687 0.016477 0.0119126 0.00819684 0.00531868 0.00322358
 0.00916877 0.0147238 0.0218486 0.0303907 0.0400451 0.0502328 0.0600248 0.0683025 0.0741156 0.0769706 0.0768685 0.074159 0.069377 0.0631272 0.0559965 0.0484884 0.0409944 0.0338029 0.0271223 0.0211013 0.0158407 0.0114018 0.00780832 0.00504367 0.00304485
 0.00905887 0.0145811 0.0217025 0.0302966 0.0400765 0.0504639 0.0605086 0.0690486 0.0750735 0.0780253 0.0778565 0.074909 0.0697623 0.0631051 0.055617 0.0478664 0.040264 0.0330751 0.0264647 0.0205411 0.0153808 0.0110362 0.00752992 0.00484404 0.00291239
 0.00870211 0.0139879 0.0207901 0.0289941 0.0383572 0.0483899 0.0582637 0.0669297 0.0734236 0.0771331 0.0778689 0.0757915 0.0713198 0.0650476 0.0576437 0.0497395 0.0418458 0.0343241 0.0274033 0.0212185 0.0158497 0.0113439 0.00771793 0.00494915 0.00296527
 0.00899792 0.0143967 0.0212685 0.0294476 0.038655 0.0483968 0.0578782 0.0661188 0.0722491 0.0757594 0.0765366 0.0747552 0.070767 0.0650392 0.0581036 0.050497 0.0427051 0.0351263 0.0280574 0.0216986 0.0161725 0.011544 0.00783159 0.00500712 0.00299078
 0.00909213 0.0145585 0.0215242 0.0298156 0.0391283 0.0489206 0.0583392 0.0663623 0.0721291 0.075202 0.0755855 0.0735732 0.0695906 0.064104 0.0575707 0.0504089 0.0429886 0.0356361 0.0286372 0.0222291 0.0165908 0.0118371 0.00801684 0.00511334 0.00304592
 0.00927085 0.0148404 0.0219326 0.0303679 0.0398326 0.0497701 0.0592991 0.0673556 0.0730301 0.0758496 0.075822 0.0732996 0.0688162 0.0629603 0.056276 0.0491958 0.0420295 0.0350007 0.0282972 0.0220985 0.0165737 0.011861 0.0080426 0.00512795 0.00305025
 0.00948139 0.0151893 0.022469 0.0311381 0.0408668 0.051062 0.0607882 0.0689236 0.0745179 0.0770863 0.0766517 0.0736021 0.0685266 0.0620915 0.0549328 0.0475653 0.0403386 0.033456 0.0270338 0.021161 0.0159333 0.0114508 0.00779137 0.0049786 0.00296384
 0.00924463 0.0148287 0.0219742 0.0305234 0.0401762 0.0503722 0.0602061 0.0685702 0.0744973 0.0774474 0.0773626 0.0745514 0.06955 0.0630136 0.0556124 0.0479311 0.0404042 0.0333055 0.0267827 0.0209113 0.0157445 0.0113367 0.00773638 0.00495845 0.00295908
 0.00920269 0.0147118 0.0217103 0.0300206 0.0393532 0.0492039 0.0587622 0.0670227 0.0730844 0.076411 0.076884 0.0747063 0.0702928 0.0641919 0.0570091 0.0493222 0.0416149 0.034244 0.0274422 0.0213435 0.0160212 0.0115191 0.00786229 0.00504635 0.00301768
 0.00936446 0.014945 0.0220019 0.0303292 0.0396067 0.0493055 0.0586071 0.0665285 0.0722334 0.0752841 0.0756621 0.0736251 0.0695674 0.0639463 0.0572425 0.0499221 0.0424063 0.0350518 0.02814 0.0218739 0.0163863 0.0117539 0.00800828 0.00513611 0.00307216
 0.0090664 0.0145597 0.0216037 0.0300427 0.0395654 0.0495871 0.0591815 0.0672521 0.072895 0.0756812 0.0756722 0.0732471 0.0689195 0.0632222 0.0566402 0.0495763 0.0423513 0.0352296 0.028443 0.0221965 0.0166587 0.0119502 0.00813411 0.00521037 0.00311373
#obs surv len freq
 nan nan nan nan nan nan nan nan nan nan nan nan nan nan nan nan nan nan nan nan nan nan nan nan nan
 0.00448048 0.00734018 0.011169 0.0159852 0.021687 0.0279646 0.0342812 0.0400146 0.0446957 0.0481602 0.0505182 0.0520137 0.0529055 0.0534174 0.0537312 0.0539858 0.0542642 0.0545568 0.0546954 0.0542872 0.0527252 0.0493573 0.0438069 0.0362868 0.0276703
 0.00461229 0.00755535 0.0114942 0.016445 0.022298 0.0287266 0.0351676 0.04097 0.0456427 0.0490142 0.051203 0.0524734 0.0531102 0.0533646 0.0534417 0.053496 0.0536172 0.0537953 0.0538586 0.0534119 0.0518501 0.0485253 0.0430624 0.0356675 0.0271969
 0.0047897 0.0078431 0.011926 0.0170517 0.0231016 0.0297307 0.0363472 0.0422669 0.0469711 0.0502745 0.0522965 0.0533138 0.0536322 0.0535298 0.0532421 0.0529529 0.0527748 0.0527123 0.052601 0.0520502 0.0504598 0.0471873 0.0418571 0.0346613 0.0264265
 0.0049739 0.00814945 0.0123997 0.0177387 0.0240389 0.0309308 0.0377833 0.0438683 0.0486339 0.0518818 0.0537361 0.0544881 0.0544612 0.0539533 0.0532235 0.052483 0.0518746 0.0514316 0.0510154 0.0502571 0.0485754 0.04534 0.0401745 0.0332474 0.02534
 0.00518046 0.00848591 0.0129078 0.0184592 0.0250056 0.0321601 0.0392615 0.045544 0.0504207 0.0536701 0.0554079 0.0559292 0.0555706 0.0546488 0.0534451 0.052195 0.0510692 0.0501341 0.0492889 0.0482062 0.0463436 0.0430992 0.0381006 0.0314872 0.023979
 0.0054177 0.00887215 0.0134901 0.0192815 0.0261005 0.033536 0.0408898 0.0473555 0.0523164 0.0555404 0.057148 0.0574441 0.056774 0.0554615 0.0537965 0.0520285 0.0503493 0.0488565 0.0474928 0.0459856 0.0438521 0.0405388 0.0356903 0.0294169 0.0223652
 0.00564749 0.00925239 0.0140746 0.0201244 0.0272452 0.0349976 0.0426382 0.0493099 0.0543586 0.0575393 0.0589826 0.0590155 0.0580052 0.0562916 0.0541726 0.0519014 0.0496764 0.0476132 0.0456918 0.0436993 0.0412261 0.0377863 0.0330577 0.0271278 0.0205647
 0.00590054 0.00966226 0.0146891 0.0209883 0.0283931 0.0364428 0.0443585 0.0512404 0.0563972 0.0595627 0.0608645 0.0606418 0.0592829 0.0571514 0.054565 0.0517887 0.0490267 0.0464034 0.0439246 0.0414286 0.0385813 0.0349747 0.0303337 0.0247333 0.0186646
 0.0061307 0.0100444 0.0152788 0.0218412 0.0295533 0.0379238 0.0461263 0.0532095 0.0584467 0.0615625 0.0626969 0.0622098 0.0605091 0.0579735 0.0549339 0.0516661 0.0483825 0.0452181 0.0422002 0.0392116 0.0359875 0.0321978 0.0276217 0.0223303 0.0167439
 0.00638066 0.0104511 0.0158916 0.0227073 0.0307095 0.0393832 0.0478633 0.055152 0.0604828 0.0635597 0.064524 0.063754 0.0616851 0.0587243 0.0552244 0.051474 0.0476912 0.0440166 0.040494 0.0370442 0.0334649 0.0294996 0.0249813 0.0199822 0.0148591
 0.00663024 0.0108614 0.0165173 0.023601 0.0319103 0.0408993 0.0496548 0.0571277 0.0625154 0.0655121 0.0662724 0.0651987 0.0627519 0.0593625 0.0554038 0.05118 0.0469191 0.0427689 0.0387864 0.034923 0.0310293 0.0269141 0.0224599 0.0177416 0.0130589
 0.00684837 0.0112196 0.0170634 0.0243821 0.0329643 0.0422403 0.051258 0.0589222 0.0643923 0.0673438 0.067934 0.0665832 0.0637785 0.0599782 0.0555797 0.0509049 0.0461932 0.0416013 0.0371995 0.0329662 0.0287971 0.0245555 0.0201661 0.0157055 0.0114226
 0.00704983 0.0115514 0.0175704 0.0251086 0.0339447 0.0434853 0.0527403 0.0605718 0.0661066 0.0690076 0.0694373 0.0678326 0.064701 0.0605228 0.0557164 0.0506225 0.0454944 0.0405001 0.0357238 0.0311677 0.0267655 0.0224257 0.0181068 0.0138846 0.00996269
 0.00727886 0.0119244 0.0181326 0.0259016 0.0349973 0.0447995 0.0542772 0.0622479 0.0678061 0.0706053 0.0708213 0.068917 0.0654295 0.0608659 0.0556658 0.0501841 0.044684 0.0393408 0.0342496 0.0294323 0.0248536 0.0204583 0.0162304 0.0122419 0.00865494
 0.0074368 0.0121884 0.0185435 0.0265016 0.035821 0.0458599 0.0555513 0.0636718 0.069284 0.0720282 0.0720852 0.0699357 0.0661401 0.0612305 0.0556697 0.0498313 0.0439916 0.0383352 0.0329675 0.0279272 0.0232036 0.0187702 0.0146293 0.0108472 0.00754909
 0.0075395 0.0123538 0.0187901 0.0268479 0.0362847 0.0464553 0.0562843 0.0645336 0.0702471 0.0730444 0.0730895 0.0708526 0.0668944 0.0617573 0.0559221 0.0497833 0.0436373 0.037687 0.0320547 0.0267981 0.0219296 0.0174455 0.013362 0.00973814 0.00666768
 0.00757008 0.0124038 0.0188665 0.026958 0.0364369 0.0466582 0.0565469 0.0648649 0.0706551 0.0735342 0.0736569 0.0714775 0.067536 0.0623557 0.0564078 0.0500902 0.0437148 0.0375081 0.0316198 0.0261362 0.021098 0.016526 0.0124491 0.00892077 0.00600874
 0.00767602 0.0125615 0.0190767 0.0272123 0.0367198 0.0469529 0.0568383 0.0651425 0.0709139 0.073776 0.07389 0.0717138 0.0677833 0.0626101 0.0566468 0.0502737 0.0437932 0.037435 0.0313664 0.0257016 0.0205133 0.0158509 0.0117604 0.00829364 0.00549782
 0.00774527 0.0126721 0.0192385 0.0274311 0.0369937 0.0472683 0.0571684 0.0654511 0.0711665 0.0739525 0.0739922 0.0717625 0.0678085 0.0626376 0.0566886 0.0503222 0.0438215 0.0374042 0.0312379 0.0254521 0.0201463 0.0153992 0.0112783 0.00784063 0.00512077
 0.00776604 0.0127053 0.0192879 0.0275001 0.037086 0.0473865 0.0573127 0.065617 0.071343 0.074123 0.0741389 0.0718727 0.0678804 0.0626806 0.056718 0.0503492 0.0438451 0.0374081 0.0311956 0.0253381 0.0199493 0.0151306 0.0109706 0.00753668 0.00485863
 0.00781829 0.0127798 0.0193806 0.0276013 0.037183 0.0474694 0.0573782 0.0656691 0.0713901 0.074173 0.0741953 0.0719329 0.0679369 0.0627258 0.056748 0.0503649 0.0438489 0.0373982 0.0311626 0.0252676 0.01983 0.0149634 0.0107717 0.00733321 0.00467781
 0.0078442 0.0128211 0.0194406 0.027681 0.0372795 0.0475738 0.0574758 0.0657429 0.0714271 0.0741717 0.0741667 0.0718956 0.0679087 0.0627157 0.0567551 0.0503821 0.0438671 0.0374088 0.031157 0.0252369 0.0197672 0.0148674 0.0106509 0.00720408 0.00455893
 0.00786064 0.0128442 0.0194689 0.0277112 0.0373079 0.0475982 0.0574963 0.0657605 0.071442 0.0741816 0.0741681 0.0718875 0.0678947 0.0627039 0.0567538 0.0503952 0.0438921 0.0374378 0.0311797 0.0252431 0.0197495 0.0148237 0.0105859 0.00712828 0.00448523
 0.00788885 0.0128843 0.0195186 0.0277643 0.0373558 0.0476326 0.0575113 0.0657545 0.0714178 0.0741456 0.0741282 0.0718505 0.0678649 0.0626833 0.0567434 0.0503959 0.0439037 0.0374575 0.0312014 0.0252587 0.0197513 0.0148078 0.0105535 0.0070856 0.00444086
 0.00790381 0.0129086 0.0195546 0.0278135 0.0374172 0.0477011 0.0575774 0.0658055 0.0714423 0.0741376 0.0740904 0.0717927 0.0678001 0.0626231 0.0566955 0.0503634 0.0438864 0.0374528 0.0312048 0.0252642 0.0197528 0.0148005 0.0105363 0.00706112 0.00441409
 0.00789686 0.0128965 0.0195353 0.027785 0.0373791 0.0476555 0.0575297 0.0657633 0.071412 0.074122 0.0740873 0.0717979 0.0678097 0.0626362 0.0567136 0.0503888 0.04392 0.0374931 0.0312482 0.0253056 0.0197868 0.0148233 0.0105466 0.00706067 0.00440676
 0.00787845 0.0128651 0.0194854 0.0277112 0.0372773 0.0475264 0.0573806 0.0656088 0.0712714 0.0740145 0.0740271 0.0717903 0.0678511 0.0627162 0.0568191 0.0505074 0.0440425 0.0376128 0.03136 0.0254048 0.0198694 0.0148863 0.0105896 0.0070858 0.00441846
 0.00788177 0.0128624 0.0194666 0.0276619 0.0371835 0.0473798 0.0571847 0.0653802 0.0710365 0.0738029 0.0738656 0.0716978 0.0678362 0.0627758 0.0569403 0.0506714 0.0442284 0.0378025 0.0315393 0.025564 0.0200022 0.01499 0.0106643 0.00713477 0.00444714
 0.00786995 0.0128458 0.0194457 0.0276375 0.0371542 0.0473401 0.0571244 0.0652879 0.0709057 0.0736389 0.0736868 0.071532 0.0677118 0.0627141 0.0569495 0.0507465 0.0443545 0.0379592 0.0317059 0.0257231 0.0201415 0.0151025 0.010748 0.00719181 0.00448235
 0.00784676 0.012808 0.0193892 0.0275591 0.0370535 0.0472211 0.0569958 0.0651611 0.0707909 0.0735403 0.0736034 0.0714618 0.0676572 0.062684 0.0569562 0.0507995 0.0444548 0.0380983 0.0318678 0.0258891 0.0202949 0.0152316 0.0108473 0.00726147 0.00452682
 0.0078328 0.0127829 0.0193468 0.0274928 0.0369572 0.0470929 0.0568407 0.0649915 0.0706245 0.0733959 0.0734951 0.0713961 0.0676333 0.0626968 0.0570009 0.0508739 0.0445587 0.0382296 0.0320196 0.0260495 0.0204492 0.0153667 0.010955 0.00733949 0.00457804
 0.00778052 0.0126995 0.0192244 0.0273253 0.0367426 0.0468348 0.0565513 0.064692 0.0703427 0.0731607 0.0733314 0.0713197 0.0676483 0.0627959 0.057168 0.051089 0.0448027 0.0384868 0.0322773 0.0262957 0.0206724 0.0155564 0.0111046 0.00744806 0.00464991
 0.0077773 0.0126878 0.0191951 0.027266 0.0366406 0.0466825 0.0563503 0.0644548 0.0700899 0.0729167 0.07312 0.0711616 0.0675591 0.0627838 0.0572324 0.0512207 0.044986 0.0387027 0.0325069 0.0265222 0.0208814 0.0157367 0.0112491 0.00755466 0.00472176
 0.0077292 0.0126121 0.0190856 0.0271181 0.036452 0.0464535 0.0560859 0.0641665 0.0697961 0.0726416 0.07289 0.0710005 0.0674841 0.0628026 0.0573428 0.0514114 0.0452388 0.038995 0.0328146 0.0268223 0.0211546 0.015969 0.0114328 0.00768899 0.00481188
 0.00933455 0.0148596 0.0217989 0.0299096 0.0388355 0.0480245 0.056663 0.0638179 0.068756 0.0711893 0.0712626 0.0693633 0.0659396 0.0614111 0.0561375 0.0504068 0.0444341 0.0383774 0.0323622 0.026508 0.0209491 0.0158441 0.0113634 0.00765458 0.00479726
 0.00931467 0.0151248 0.0227222 0.031954 0.0423525 0.0529815 0.0624711 0.0694274 0.0730295 0.0733494 0.0711479 0.0673694 0.0627442 0.0576841 0.0523764 0.0469089 0.041345 0.0357505 0.0302013 0.0247896 0.0196338 0.0148809 0.010694 0.00721683 0.00453034
 0.00895471 0.0145587 0.021928 0.030982 0.0413793 0.0523476 0.0626405 0.0708234 0.0757845 0.0771171 0.0751457 0.0706753 0.0646814 0.0580551 0.0514346 0.0451443 0.0392515 0.0336907 0.028381 0.0232938 0.0184735 0.0140283 0.0101021 0.00683094 0.00429595
 0.00878802 0.0142739 0.0214746 0.0303078 0.0404504 0.0511833 0.0613579 0.0696659 0.0751005 0.0772639 0.0763308 0.0728083 0.0673399 0.0606228 0.0533501 0.0461153 0.0393134 0.0331072 0.0274815 0.0223485 0.0176451 0.0133832 0.00964342 0.00653029 0.00411394
 0.00875026 0.0142036 0.021351 0.0301023 0.0401289 0.0507133 0.0607208 0.0688767 0.0742307 0.0764601 0.075806 0.0727882 0.0679645 0.0618486 0.0549243 0.0476597 0.0404815 0.03372 0.0275644 0.0220671 0.0172013 0.0129353 0.00927793 0.00627208 0.00395145
 0.00870532 0.0141361 0.021259 0.0299857 0.039986 0.050537 0.0604963 0.068584 0.0738541 0.0760036 0.0753125 0.0723512 0.0677179 0.0619232 0.0553813 0.048438 0.0414015 0.0345541 0.0281365 0.0223179 0.0171851 0.0127655 0.00906439 0.00608528 0.00381844
 0.00869281 0.0141103 0.0212104 0.0299033 0.039861 0.0503677 0.0602914 0.0683592 0.0736241 0.0757743 0.0750816 0.0721201 0.0675087 0.0617889 0.0553931 0.0486501 0.0418103 0.0350827 0.0286602 0.0227211 0.0174105 0.0128262 0.00901869 0.00599819 0.00373523
 0.008685 0.0140984 0.0211936 0.0298801 0.0398283 0.05032 0.0602212 0.06826 0.0734941 0.0756187 0.0749114 0.071948 0.0673472 0.0616536 0.0553085 0.0486491 0.0419203 0.0353041 0.0289545 0.0230211 0.0176503 0.0129702 0.0090712 0.00598982 0.00370135
 0.00866747 0.0140715 0.0211563 0.0298325 0.0397721 0.0502578 0.0601562 0.0681945 0.0734288 0.075552 0.0748404 0.071871 0.0672668 0.0615768 0.0552479 0.0486217 0.0419449 0.0353931 0.029104 0.0232061 0.0178323 0.0131139 0.00915942 0.00602708 0.00370532
 0.00865717 0.014055 0.021132 0.0297994 0.0397298 0.0502075 0.0601008 0.0681386 0.0733771 0.0755076 0.0748037 0.0718398 0.067237 0.0615462 0.0552181 0.0486 0.0419427 0.0354224 0.0291708 0.0233051 0.0179462 0.0132202 0.00924018 0.00607579 0.00372681
 0.00864624 0.0140367 0.0211034 0.0297576 0.0396731 0.0501363 0.0600189 0.068053 0.0732971 0.0754421 0.0747588 0.0718176 0.0672355 0.0615603 0.055242 0.0486298 0.0419786 0.0354682 0.0292313 0.0233811 0.0180322 0.013305 0.0093117 0.00612667 0.00375669
 0.00863367 0.0140189 0.0210813 0.0297335 0.0396492 0.0501138 0.0599964 0.0680279 0.0732668 0.0754063 0.0747205 0.0717818 0.0672077 0.0615442 0.0552385 0.0486376 0.041996 0.0354945 0.029267 0.0234266 0.0180855 0.0133605 0.00936231 0.0061664 0.00378321
 0.00863688 0.0140214 0.0210802 0.0297249 0.0396298 0.0500827 0.059957 0.0679864 0.0732298 0.0753776 0.0747 0.071767 0.0671964 0.061536 0.0552347 0.0486403 0.0420063 0.0355128 0.0292931 0.0234597 0.0181236 0.0134006 0.00939991 0.00619747 0.00380556
 0.00862786 0.0140088 0.0210649 0.0297086 0.039614 0.0500674 0.0599402 0.0679654 0.073203 0.0753468 0.0746696 0.0717426 0.0671815 0.0615313 0.055239 0.0486514 0.0420231 0.0355346 0.0293196 0.0234902 0.0181568 0.0134341 0.00943093 0.00622332 0.00382472
 0.00862341 0.0140028 0.0210582 0.0297029 0.0396115 0.0500701 0.0599491 0.0679794 0.0732191 0.07536 0.0746752 0.0717376 0.0671664 0.0615096 0.0552155 0.0486307 0.0420078 0.0355262 0.0293183 0.0234958 0.0181681 0.0134493 0.00944733 0.00623854 0.00383695
 0.00862341 0.0140028 0.0210582 0.0297029 0.0396115 0.0500701 0.0599491 0.0679794 0.0732191 0.07536 0.0746752 0.0717376 0.0671664 0.0615096 0.0552155 0.0486307 0.0420078 0.0355262 0.0293183 0.0234958 0.0181681 0.0134493 0.00944733 0.00623854 0.00383695
 0.00880582 0.0142881 0.0214655 0.0302391 0.0402665 0.0508116 0.0607184 0.0686958 0.0737945 0.0757218 0.0747835 0.071592 0.0668009 0.0609808 0.0545892 0.0479706 0.0413672 0.0349433 0.0288166 0.0230856 0.0178499 0.0132158 0.00928653 0.00613529 0.0037756
 0.00905193 0.0146998 0.0221039 0.031161 0.0415033 0.0523397 0.0624356 0.0704242 0.0753174 0.0768402 0.0753653 0.0715931 0.0662607 0.060001 0.0533069 0.0465315 0.0399044 0.0335631 0.0275925 0.0220591 0.0170346 0.0126041 0.00885481 0.0058506 0.00360146
 0.00892227 0.0145165 0.0218818 0.0309382 0.0413402 0.0523103 0.0626141 0.0708638 0.0760256 0.0777592 0.0763728 0.0725299 0.0669752 0.0603912 0.0533421 0.0462486 0.0393871 0.0329148 0.0269114 0.0214227 0.0164925 0.0121783 0.00854555 0.00564296 0.00347304
 0.00899113 0.014602 0.0219629 0.0309828 0.0413187 0.052216 0.0624781 0.0707537 0.0760252 0.0779367 0.076751 0.073072 0.0675903 0.0609587 0.053748 0.046419 0.0393061 0.0326218 0.0264816 0.0209411 0.0160322 0.011788 0.00824674 0.00543496 0.00334116
 0.00896932 0.0145731 0.0219301 0.0309499 0.0412847 0.0521704 0.0624016 0.0706289 0.0758547 0.0777565 0.0766277 0.0730777 0.067768 0.0612973 0.05418 0.046845 0.0396313 0.032788 0.0264812 0.0208095 0.0158274 0.0115675 0.00805216 0.00528656 0.0032412
 0.00929035 0.0150698 0.0226292 0.0318545 0.0423692 0.0533744 0.0636254 0.0717381 0.0767026 0.078222 0.0766518 0.0726836 0.0670537 0.0604028 0.0532423 0.0459592 0.0388363 0.0320784 0.0258355 0.0202153 0.0152908 0.0111071 0.00768529 0.00501888 0.00306373
 0.00919661 0.0149569 0.022532 0.0318299 0.0424802 0.053666 0.0641027 0.0723602 0.0773926 0.078886 0.0771985 0.0730406 0.0671816 0.0603044 0.0529615 0.0455656 0.0384 0.0316496 0.0254372 0.0198521 0.0149631 0.0108199 0.00744757 0.00483744 0.00293798
 0.00872164 0.0141888 0.0213906 0.0302622 0.040494 0.0513701 0.0617306 0.0702444 0.075879 0.078223 0.0774595 0.0741176 0.06884 0.062264 0.0549666 0.0474284 0.0400131 0.0329731 0.0264749 0.0206294 0.0155145 0.0111852 0.00767021 0.00496039 0.00299872
 0.00894068 0.0144721 0.0216801 0.0304529 0.0404553 0.050986 0.0609431 0.0690839 0.0744733 0.076781 0.0762272 0.0733128 0.068587 0.0625596 0.0556929 0.0484042 0.041055 0.0339404 0.0272863 0.0212564 0.0159643 0.0114843 0.00785266 0.00506095 0.00304774
 0.00898069 0.0145704 0.0218845 0.0308143 0.0409974 0.0516659 0.061629 0.0695759 0.074573 0.0763776 0.0753549 0.0721463 0.0673816 0.0615625 0.0550681 0.0481954 0.0411968 0.0343043 0.0277352 0.0216844 0.0163119 0.0117332 0.00801179 0.00515165 0.0030933
 0.00901349 0.0146241 0.0219681 0.0309421 0.0411916 0.0519552 0.0620376 0.0701005 0.0751566 0.0769011 0.0756638 0.0721119 0.0669662 0.0608484 0.0542289 0.0474257 0.040639 0.0340091 0.0276681 0.0217636 0.0164513 0.0118705 0.00811635 0.00521783 0.00312877
 0.00909409 0.0147579 0.0221736 0.0312363 0.0415841 0.0524413 0.0625932 0.0706854 0.075723 0.0774005 0.0760454 0.0723174 0.0669342 0.0605391 0.0536565 0.0466732 0.0398379 0.0332921 0.0271226 0.0214116 0.0162615 0.0117879 0.00808966 0.00521272 0.00312853
 0.00889156 0.0144476 0.021744 0.030694 0.040958 0.0517849 0.0619836 0.0702137 0.0754738 0.0774265 0.0763494 0.072849 0.0676018 0.0612299 0.054263 0.0471215 0.0401087 0.0334204 0.0271738 0.0214477 0.0163165 0.0118645 0.0081722 0.00528415 0.00317992
 0.0086802 0.0140895 0.0211807 0.0298699 0.0398416 0.0503992 0.0604304 0.0686708 0.0741575 0.0765338 0.0760064 0.0730859 0.0683553 0.0623651 0.0556064 0.0484981 0.041376 0.034492 0.0280242 0.0220965 0.0168036 0.0122277 0.00843801 0.00547016 0.00330104
