SBPRF35
7.78865
Curr Bio
482031
B35
662208
F35
0.211815
FOFL
0.149641
OFL
56838
Bzero
2.22533e+006
#pred survey bio
 4.87878e+006 4.58013e+006 4.29876e+006 3.9733e+006 3.61755e+006 3.26659e+006 2.93226e+006 2.60789e+006 2.30426e+006 2.04844e+006 1.82114e+006 1.59792e+006 1.40505e+006 1.23581e+006 1.10381e+006 982837 874303 823735 780450 750720 704169 672366 665428 655678 640744 625138 616268 612576 606440 589919 581702 580392 582589 578584 567659 556725 545705 541857 552746 551740 563476 568132 572354 577985 579888 583313 584738 586557 594443 602232 611426 599424 620378 611395 568086 557855 565873 565182 586107 582426 548142 501487 482303 476215 466590 486653 486888 1.68674e+007 9.77588e+006 9.84048e+006 1.05874e+007 1.17205e+007 1.29381e+007 1.40538e+007 1.49862e+007 1.57211e+007 1.62784e+007 1.66902e+007 1.69895e+007 1.72049e+007 1.73592e+007 1.74697e+007 1.75488e+007 1.76058e+007 1.76471e+007 1.76771e+007 1.76991e+007 1.77154e+007 1.77275e+007 1.77365e+007 1.77433e+007 1.77484e+007 1.77523e+007 1.77552e+007 1.77574e+007 1.77592e+007 1.77605e+007 1.77615e+007 1.77622e+007 1.77628e+007 1.77633e+007 1.77636e+007 1.77639e+007 1.77641e+007 1.77643e+007 1.77644e+007 1.77645e+007 1.77646e+007 1.77647e+007 1.77647e+007 1.77647e+007 1.77648e+007 1.77648e+007 1.77648e+007 1.77648e+007 1.77648e+007 1.77648e+007 1.77648e+007 1.77648e+007 1.77648e+007 1.77648e+007 1.77648e+007 1.77648e+007 1.77648e+007 1.77648e+007 1.77648e+007 1.77648e+007 1.77648e+007 1.77649e+007 1.77649e+007 1.77649e+007 1.77649e+007 1.77649e+007 1.77649e+007 1.77649e+007 1.77649e+007 1.77649e+007 1.77649e+007 1.77649e+007 1.77649e+007 1.77649e+007 1.77649e+007 1.77649e+007 1.77649e+007 1.77649e+007 1.77649e+007 1.77649e+007 1.77649e+007 1.77649e+007 1.77649e+007 1.77649e+007 1.77649e+007 1.77649e+007 1.77649e+007 1.77649e+007 1.77649e+007 1.77649e+007 1.77649e+007 1.77649e+007 1.77649e+007 1.77649e+007 1.77649e+007 1.77649e+007 1.77649e+007 1.77649e+007 1.77649e+007 1.77649e+007 0 0 0 0 0 0 0 0 0 0 0 0 0 0 0 0 0 0 0 0 0 0 0 0 0
#obs survey bio
 4.86076e+006 3.51677e+006 3.04478e+006 3.31205e+006 2.97864e+006 1.84973e+006 1.9746e+006 2.66322e+006 1.65616e+006 1.8317e+006 2.5119e+006 1.54503e+006 990344 980036 834477 746331 570628 630306 536526 612627 793545 620596 417675 541666 713968 468791 668824 480200 579865 375536 544510 509070 772668 482886 376363 605422 446013 504732 661705 690311 465862 518974 662888 450482 604841 609586 674073 546866 593053 731729 457425 808024 528646 800879 446204 757810 345730 512610 871371 970917 455853 642375 351502 302350 510768 393647 660753
#pred catch bio
 103874 97264 155021 209844 238536 258657 283836 295837 278980 274381 286551 271660 259831 233424 226830 215798 165210 157668 143384 153020 135638 112329 113469 115446 113014 104769 98619.2 99573.8 107151 99010.2 92503.3 88753.9 92277.9 95236.8 92217 91799.4 88994.4 81023.8 93234.7 83113.3 89330.3 89004.5 86698.8 88896.3 87295.1 89336.1 89781.1 86179.9 88185.3 88593.2 106180 77541.8 101629 127914 98561.2 83788.7 90953.1 71913.7 90553.2 112912 120455 96018.9 84981.8 86786.5 60133.5 73498 71721.1 56838 75271.4 74130.2 78176.4 86127.3 95093.1 103297 110029 115191 118969 121641 123484 124730 125560 126107 126463 126694 126842 126937 126998 127036 127061 127076 127086 127092 127096 127098 127100 127101 127101 127102 127102 127102 127102 127102 127102 127102 127102 127102 127102 127102 127102 127102 127102 127102 127102 127102 127102 127102 127102 127102 127102 127102 127102 127102 127102 127102 127102 127102 127102 127102 127102 127102 127102 127102 127102 127102 127102 127102 127102 127102 127102 127102 127102 127102 127102 127102 127102 127102 127102 127102 127102 127102 127102 127102 127102 127102 127102 127102 127102 127102 127102 127102 127102 127102 127102 127102 127102 127102 127102 0 0 0 0 0 0 0 0 0 0 0 0 0 0 0 0 0 0 0 0 0 0 0 0 0
#obs catch bio
 0 96881.7 155503 211138 240613 261996 289394 302509 285335 281471 293624 277830 267335 240702 234755 223510 169640 162210 146971 157173 137856 113687 115938 117870 114621 106575 99618.1 100713 108848 100887 94157.1 90296.8 93925.8 96926.4 93949.4 93053.1 90749.7 81861.7 94175.5 83466.9 89967.6 89980.7 87004.4 89190 87284.5 89533.4 90162.3 86527 88823.1 89164 108076 77707.6 101935 129065 99093.5 83925.9 92072.6 72107.3 90498.2 112503 120300 95651.2 84912.7 87564 59974.7 73911.9 71708.1
#pred cpue bio
 4.79566e+006 4.5031e+006 4.2269e+006 3.90386e+006 3.54962e+006 3.20015e+006 2.86732e+006 2.54491e+006 2.24364e+006 1.98983e+006 1.76469e+006 1.5442e+006 1.35365e+006 1.1865e+006 1.05628e+006 937551 831556 782252 740535 712282 667956 637666 631042 621750 607783 593176 584964 581662 575773 559725 551773 550665 553134 549805 539868 529776 518487 513123 522631 521796 533530 538276 542694 548578 550637 553896 555067 556566 563848 571065 579822 568429 589264 581046 538905 528515 536267 536008 556950 554256 521216 475425 456305 450380 441597 461951 463590 1.61169e+007 9.35538e+006 9.26535e+006 9.82096e+006 1.08783e+007 1.20758e+007 1.3187e+007 1.41185e+007 1.48533e+007 1.54105e+007 1.58223e+007 1.61216e+007 1.63371e+007 1.64914e+007 1.66018e+007 1.6681e+007 1.6738e+007 1.67792e+007 1.68093e+007 1.68313e+007 1.68475e+007 1.68596e+007 1.68686e+007 1.68754e+007 1.68805e+007 1.68844e+007 1.68873e+007 1.68896e+007 1.68913e+007 1.68926e+007 1.68936e+007 1.68944e+007 1.6895e+007 1.68954e+007 1.68958e+007 1.6896e+007 1.68963e+007 1.68964e+007 1.68965e+007 1.68966e+007 1.68967e+007 1.68968e+007 1.68968e+007 1.68969e+007 1.68969e+007 1.68969e+007 1.68969e+007 1.68969e+007 1.68969e+007 1.6897e+007 1.6897e+007 1.6897e+007 1.6897e+007 1.6897e+007 1.6897e+007 1.6897e+007 1.6897e+007 1.6897e+007 1.6897e+007 1.6897e+007 1.6897e+007 1.6897e+007 1.6897e+007 1.6897e+007 1.6897e+007 1.6897e+007 1.6897e+007 1.6897e+007 1.6897e+007 1.6897e+007 1.6897e+007 1.6897e+007 1.6897e+007 1.6897e+007 1.6897e+007 1.6897e+007 1.6897e+007 1.6897e+007 1.6897e+007 1.6897e+007 1.6897e+007 1.6897e+007 1.6897e+007 1.6897e+007 1.6897e+007 1.6897e+007 1.6897e+007 1.6897e+007 1.6897e+007 1.6897e+007 1.6897e+007 1.6897e+007 1.6897e+007 1.6897e+007 1.6897e+007 1.6897e+007 1.6897e+007 1.6897e+007 1.6897e+007 1.6897e+007 0 0 0 0 0 0 0 0 0 0 0 0 0 0 0 0 0 0 0 0 0 0 0 0 0
#obs cpue bio
 3.67309e+006 5.22743e+006 2.87935e+006 2.56737e+006 2.42476e+006 2.91466e+006 2.16892e+006 2.01835e+006 2.25326e+006 1.44408e+006 1.56775e+006 1.39241e+006 1.01055e+006 783385 847677 877464 797787 682347 758981 741993 731597 536170 423700 633079 688347 445556 691112 562559 432755 454939 439955 451086 344564 558400 527062 595451 312491 699967 574501 426155 555076 365752 738153 719280 645496 438121 391485 516766 412275 394931 466037 537573 994945 371259 548231 424051 480952 629026 726628 443573 585188 394281 509226 453391 507214 464401 490296
#pred surv len freq
 0.00524189 0.00847517 0.0126875 0.0178337 0.0237713 0.0301854 0.036559 0.0422928 0.0469313 0.0503179 0.052571 0.0539455 0.0547046 0.0550545 0.0551231 0.0549603 0.0545523 0.0538373 0.0527005 0.0509391 0.0482397 0.0442419 0.0387268 0.0318525 0.024255
 0.0054853 0.00875944 0.012915 0.01786 0.0234622 0.0294976 0.0355928 0.041271 0.0461047 0.0498506 0.0524765 0.0541059 0.0549502 0.0552526 0.0552328 0.0550354 0.0546988 0.0541493 0.0532018 0.0515614 0.0488498 0.0447042 0.0389655 0.0318773 0.0241397
 0.00586964 0.00935664 0.0137544 0.0189293 0.0246876 0.0307294 0.036616 0.0418609 0.0461197 0.0493117 0.0515699 0.0530928 0.054042 0.0545332 0.0546718 0.054563 0.0542785 0.0537983 0.0529585 0.0514356 0.0487975 0.0446471 0.038838 0.0316635 0.0238749
 0.00616077 0.00983844 0.0144944 0.0199931 0.02612 0.032524 0.0386808 0.0440016 0.0480595 0.0507554 0.0522939 0.053024 0.0532812 0.0533048 0.0532235 0.0530792 0.0528533 0.0524643 0.0517284 0.0503197 0.0477977 0.0437519 0.0380329 0.0309485 0.0232689
 0.00648171 0.0103444 0.0152285 0.0209901 0.027407 0.0341173 0.0405741 0.0461457 0.0503429 0.0529934 0.0542406 0.0544156 0.0539073 0.0530794 0.0522163 0.051483 0.0509073 0.0503793 0.0496512 0.0483385 0.0459649 0.0421036 0.0365991 0.0297553 0.0223335
 0.00681688 0.0108756 0.0160024 0.0220413 0.0287531 0.0357522 0.0424606 0.0482152 0.0525043 0.0551433 0.0562612 0.0561625 0.0552038 0.0537404 0.0521014 0.0505541 0.0492528 0.0481878 0.0471526 0.045748 0.0434551 0.0398032 0.0346017 0.0281221 0.0210886
 0.00708057 0.011307 0.0166566 0.0229715 0.0299999 0.0373281 0.0443336 0.0503041 0.0546922 0.0573026 0.0582742 0.0579258 0.056617 0.0546909 0.0524636 0.0502139 0.0481527 0.0463667 0.0447549 0.0429946 0.0405953 0.03707 0.0321812 0.0261364 0.0195866
 0.0073674 0.0117613 0.0173191 0.023875 0.0311676 0.0387687 0.0460326 0.0522151 0.0567353 0.0593715 0.0602497 0.0596896 0.0580616 0.0557209 0.0529888 0.0501453 0.0474131 0.0449216 0.0426495 0.0403741 0.0376916 0.0341572 0.0295176 0.0239122 0.0178937
 0.00772131 0.0123146 0.018111 0.0249276 0.0324838 0.0403295 0.0477927 0.0541027 0.0586611 0.0612433 0.061983 0.0612091 0.0592963 0.0565996 0.0534383 0.0500907 0.0467828 0.0436638 0.0407622 0.0379381 0.0348863 0.0312403 0.0267699 0.0215676 0.0160846
 0.00797623 0.0127312 0.0187415 0.0258203 0.033672 0.0418149 0.0495298 0.0559974 0.0605883 0.0630767 0.0636197 0.0625787 0.0603548 0.057315 0.0537774 0.0500095 0.0462269 0.0425809 0.0391279 0.0357912 0.032355 0.0285411 0.0241661 0.0193001 0.0143074
 0.00823591 0.0131411 0.0193365 0.0266274 0.0347089 0.0430862 0.0510189 0.0576577 0.0623403 0.064815 0.065228 0.0639485 0.0614025 0.0579892 0.0540533 0.0498742 0.0456644 0.0415683 0.0376502 0.0338715 0.0300864 0.0260976 0.0217767 0.0171897 0.0126317
 0.00865291 0.0137843 0.0202394 0.0277977 0.0361286 0.0447131 0.0527864 0.0594767 0.0641093 0.0664355 0.0666165 0.0650396 0.0621463 0.0583504 0.0540123 0.0494262 0.0448137 0.040322 0.0360207 0.0318928 0.0278405 0.0237298 0.0194816 0.0151649 0.011019
 0.00903343 0.0143899 0.0211252 0.0290026 0.0376636 0.0465463 0.05483 0.061589 0.0661205 0.0681878 0.0679961 0.0659873 0.062648 0.058419 0.0536717 0.0487018 0.0437289 0.0388991 0.0342864 0.0298916 0.025652 0.0214805 0.0173353 0.0132865 0.00952745
 0.00935962 0.0149118 0.0218952 0.0300635 0.0390404 0.0482334 0.0567748 0.0636844 0.0682144 0.0701078 0.0695812 0.067115 0.0632506 0.0584864 0.0532398 0.0478321 0.0424883 0.0373481 0.0324797 0.0278891 0.023535 0.0193621 0.0153531 0.0115749 0.0081793
 0.00955824 0.0152358 0.0223851 0.0307585 0.0399724 0.0494152 0.0581885 0.0652739 0.0698889 0.0717533 0.0710741 0.0683352 0.0640953 0.0588844 0.0531623 0.0472941 0.041539 0.0360563 0.0309214 0.0261452 0.0216968 0.0175374 0.0136608 0.0101246 0.00704326
 0.0097348 0.0155236 0.0228199 0.031374 0.0407941 0.0504507 0.0594164 0.0666395 0.0713108 0.0731372 0.0723258 0.0693687 0.0648366 0.0592751 0.0531644 0.0468962 0.0407596 0.0349422 0.0295419 0.0245861 0.0200566 0.0159234 0.012181 0.00887063 0.00607063
 0.00998062 0.0159036 0.0233554 0.0320728 0.0416511 0.0514488 0.0605245 0.0678107 0.0724828 0.0742394 0.0732881 0.0701289 0.0653455 0.0594979 0.0530808 0.0465 0.0400599 0.0339663 0.0283385 0.0232249 0.0186256 0.0145215 0.0109054 0.00779955 0.00524746
 0.0099356 0.0158423 0.0232858 0.0320116 0.0416217 0.0514774 0.0606367 0.0680288 0.0728242 0.0747117 0.0738833 0.0708172 0.0660734 0.0601935 0.0536644 0.046898 0.0402171 0.033855 0.0279633 0.022624 0.0178666 0.0136919 0.0100972 0.0070912 0.00468812
 0.00988949 0.015773 0.0231925 0.0318989 0.0414999 0.051363 0.0605521 0.0679999 0.0728768 0.0748658 0.0741487 0.0711906 0.0665368 0.0607122 0.0541879 0.0473637 0.0405603 0.0340216 0.0279232 0.0223795 0.0174546 0.0131765 0.0095553 0.00659381 0.00428396
 0.0097532 0.0155682 0.0229158 0.0315591 0.0411167 0.0509641 0.0601707 0.0676739 0.0726454 0.0747644 0.074202 0.0714077 0.066909 0.0612128 0.0547732 0.047976 0.0411335 0.0344903 0.028235 0.0225075 0.0174051 0.012988 0.00928708 0.00630895 0.00403234
 0.00992663 0.0158124 0.0232137 0.0318712 0.0413926 0.0511603 0.0602651 0.0676684 0.0725587 0.0746219 0.0740299 0.0712321 0.0667558 0.0611059 0.0547287 0.0479955 0.0412 0.0345702 0.0282866 0.0224945 0.0173094 0.0128163 0.00906848 0.00608253 0.0038329
 0.0101976 0.0162081 0.0237246 0.0324561 0.0419856 0.0516857 0.0606525 0.0678657 0.0725423 0.0744045 0.0736591 0.0707773 0.0662888 0.0606842 0.0543881 0.0477502 0.0410451 0.034485 0.028239 0.0224492 0.0172384 0.0127083 0.0089307 0.00593525 0.00369878
 0.0101123 0.0161022 0.0236245 0.032403 0.0420199 0.0518243 0.0608726 0.0681074 0.0727321 0.0744853 0.0736119 0.0706244 0.0660803 0.0604781 0.054232 0.0476708 0.0410462 0.0345508 0.028341 0.0225542 0.0173176 0.0127447 0.00892309 0.00589577 0.00364569
 0.00992589 0.015829 0.0232705 0.0319975 0.0416128 0.0514773 0.0606473 0.06805 0.0728564 0.0747616 0.0739711 0.070982 0.0663685 0.0606685 0.0543374 0.0477288 0.0410967 0.0346192 0.0284322 0.0226563 0.0174109 0.0128122 0.00895712 0.00589988 0.00363074
 0.00993554 0.0158216 0.0232178 0.0318629 0.0413651 0.0511114 0.0601998 0.0675978 0.0724939 0.0745676 0.0739809 0.0711766 0.0666852 0.0610265 0.054667 0.0479919 0.0412896 0.0347609 0.0285459 0.0227563 0.017499 0.0128826 0.00900439 0.00592358 0.00363618
 0.00995433 0.0158531 0.0232653 0.0319255 0.0414326 0.0511599 0.0601932 0.0674998 0.0722888 0.0742777 0.0736671 0.0709168 0.0665415 0.0610201 0.0547744 0.0481624 0.0414715 0.0349206 0.0286722 0.0228528 0.0175732 0.012939 0.00904404 0.00594735 0.00364679
 0.0100014 0.0159128 0.0233246 0.0319632 0.0414265 0.0510968 0.060075 0.0673407 0.0721055 0.0740809 0.0734632 0.0707176 0.0663721 0.0609146 0.0547608 0.0482462 0.0416317 0.0351195 0.0288725 0.0230291 0.0177144 0.0130445 0.00911769 0.00599475 0.00367411
 0.0100942 0.016044 0.023485 0.0321299 0.0415674 0.0511786 0.0600721 0.0672418 0.0719171 0.0738266 0.0731774 0.0704367 0.0661265 0.0607264 0.0546451 0.0482117 0.0416772 0.0352308 0.0290239 0.0231911 0.0178627 0.0131648 0.0092059 0.00605354 0.00370963
 0.0101011 0.0160697 0.0235494 0.032257 0.0417752 0.0514646 0.0604037 0.0675591 0.0721511 0.073924 0.0731186 0.0702388 0.0658332 0.060392 0.0543202 0.0479349 0.0414719 0.0351046 0.02897 0.023192 0.0178959 0.0132095 0.00924768 0.00608546 0.00373054
 0.0101495 0.0161495 0.0236719 0.0324349 0.0420209 0.0517869 0.0608012 0.0680129 0.0726197 0.0743453 0.0734216 0.0703638 0.0657525 0.0601193 0.0539064 0.0474503 0.0409863 0.0346719 0.0286211 0.0229355 0.0177232 0.0131026 0.00918643 0.00605256 0.0037137
 0.0101094 0.0160902 0.0235943 0.0323449 0.0419303 0.0517129 0.0607656 0.0680391 0.0727268 0.0745393 0.0736872 0.0706622 0.0660282 0.060317 0.0539892 0.0474126 0.0408531 0.0344869 0.0284298 0.0227714 0.0176025 0.0130255 0.00914371 0.0060323 0.00370567
 0.00999418 0.0159148 0.023353 0.0320415 0.0415786 0.0513363 0.0603967 0.0677188 0.0724991 0.0744424 0.073744 0.0708724 0.0663649 0.0607301 0.0544158 0.0477932 0.0411477 0.034684 0.0285432 0.0228284 0.0176305 0.0130434 0.00915992 0.00604792 0.00371905
 0.00978095 0.0155949 0.0229214 0.0315124 0.0409818 0.0507115 0.0597895 0.0671781 0.0720739 0.074176 0.0736668 0.0709963 0.0666807 0.0612062 0.0550006 0.0484221 0.0417552 0.0352175 0.0289735 0.0231514 0.0178602 0.0132012 0.0092662 0.00611806 0.0037637
 0.00962263 0.0153487 0.0225727 0.031057 0.0404295 0.0500886 0.0591405 0.0665626 0.0715557 0.0738081 0.0734815 0.0710034 0.0668723 0.0615618 0.0554886 0.0489996 0.0423704 0.0358158 0.029508 0.0235922 0.0181977 0.013443 0.00942965 0.00622283 0.00382735
 0.00963389 0.0153498 0.0225426 0.0309658 0.0402458 0.0497928 0.0587358 0.066079 0.0710439 0.0733276 0.0730877 0.0707388 0.0667614 0.0616105 0.0556859 0.0493206 0.0427788 0.0362675 0.0299571 0.0239981 0.0185334 0.0136981 0.00960857 0.0063391 0.00389755
 0.0104234 0.0164601 0.0238925 0.0323696 0.0414636 0.0506125 0.059041 0.0658684 0.0704051 0.0723934 0.072 0.0696268 0.0657303 0.0607347 0.0550072 0.04885 0.0425019 0.0361515 0.0299579 0.0240691 0.0186327 0.0137954 0.00968706 0.0063941 0.00393185
 0.0110826 0.0175042 0.0254028 0.0343779 0.0439164 0.0533337 0.0617172 0.068095 0.0718004 0.0727315 0.0712859 0.0680719 0.0636546 0.0584598 0.0527877 0.0468521 0.0408119 0.0347955 0.0289206 0.0233101 0.0181004 0.0134366 0.00945468 0.00624982 0.00384663
 0.010866 0.0172747 0.0252846 0.0345631 0.0446148 0.0546883 0.0637245 0.0705701 0.074404 0.0750493 0.0729326 0.0687928 0.0633899 0.0573466 0.0510989 0.0449017 0.0388727 0.0330544 0.0274742 0.022183 0.0172704 0.0128572 0.00907111 0.00600972 0.00370523
 0.0103869 0.0165483 0.0242971 0.033357 0.0433036 0.0534624 0.0628394 0.0702958 0.0749356 0.0764091 0.0749239 0.0710422 0.0654656 0.0588971 0.0519487 0.045072 0.0385299 0.0324247 0.0267645 0.0215359 0.0167559 0.0124888 0.00882957 0.00586334 0.00362286
 0.0103477 0.0164502 0.0240871 0.0329687 0.0426792 0.0525889 0.061782 0.0692105 0.0740457 0.0759499 0.0750679 0.0718298 0.0667716 0.0604559 0.0534379 0.0462205 0.0391996 0.0326291 0.026627 0.0212188 0.016399 0.0121792 0.00860163 0.00571535 0.00353652
 0.0102922 0.0163566 0.023938 0.0327408 0.0423427 0.0521102 0.0611344 0.0683934 0.0731076 0.0750045 0.0742866 0.0714024 0.0668412 0.0610554 0.0544615 0.0474521 0.0403886 0.0335783 0.0272473 0.0215309 0.0164913 0.0121542 0.00853786 0.005656 0.00349606
 0.0101046 0.0160951 0.0236239 0.0324186 0.0420638 0.051908 0.0610048 0.0682926 0.072971 0.0747773 0.0739557 0.0710153 0.0665026 0.060894 0.0545769 0.0478644 0.0410218 0.0342897 0.0278881 0.0220031 0.0167713 0.0122778 0.00856544 0.00564141 0.00347271
 0.0100262 0.0159551 0.0233929 0.0320685 0.0415827 0.051319 0.0603749 0.0677194 0.0725462 0.0745461 0.0739001 0.0710735 0.0666119 0.0610301 0.0547638 0.0481508 0.041439 0.0348192 0.0284616 0.0225325 0.0171883 0.0125575 0.00872396 0.00571595 0.00350058
 0.0100698 0.0160044 0.0234263 0.03205 0.0414687 0.0510714 0.0599768 0.0671881 0.0719371 0.0739451 0.0734008 0.0707467 0.0664833 0.0610793 0.0549473 0.0484299 0.0417932 0.0352367 0.0289203 0.0229913 0.0175972 0.012878 0.00894341 0.00584669 0.00356819
 0.0101714 0.0161574 0.0236325 0.0322995 0.0417378 0.0513219 0.0601584 0.0672457 0.0718265 0.073652 0.0729537 0.0702148 0.0659565 0.0606399 0.0546468 0.0482827 0.0417855 0.0353418 0.029107 0.0232251 0.0178405 0.0130959 0.00911238 0.00596015 0.00363402
 0.0102437 0.0162693 0.02379 0.0325035 0.041983 0.0515952 0.0604364 0.0674941 0.0720028 0.0737131 0.0728683 0.069976 0.0655892 0.0601993 0.0542044 0.0479056 0.0415186 0.0352004 0.0290803 0.0232852 0.0179517 0.013223 0.00922765 0.00604801 0.00369129
 0.0103006 0.0163606 0.0239249 0.0326892 0.0422222 0.0518832 0.0607581 0.0678226 0.0723026 0.0739457 0.0729979 0.0699753 0.0654458 0.0599222 0.0538268 0.0474811 0.0411087 0.0348578 0.0288361 0.0231442 0.0178975 0.0132271 0.00926049 0.00608668 0.0037229
 0.0104264 0.016544 0.024162 0.0329637 0.0425109 0.0521648 0.0610192 0.0680575 0.0725078 0.0741137 0.0731149 0.070022 0.065403 0.0597767 0.0535794 0.0471506 0.0407315 0.0344806 0.0285038 0.0228875 0.0177259 0.0131311 0.00921911 0.00607698 0.00372681
 0.0104142 0.0165382 0.0241783 0.033023 0.0426315 0.0523514 0.0612552 0.0683087 0.0727358 0.0742916 0.073234 0.0700875 0.0654223 0.0597509 0.0535024 0.0470167 0.0405441 0.034257 0.0282721 0.0226783 0.0175618 0.0130206 0.00915672 0.00604912 0.00371867
 0.010341 0.0164334 0.0240476 0.0328829 0.0425075 0.0522725 0.0612478 0.0683887 0.0729022 0.0745233 0.0734941 0.0703349 0.0656245 0.0598907 0.0535759 0.0470268 0.0404969 0.0341623 0.0281457 0.0225413 0.0174359 0.0129214 0.00909004 0.00601141 0.00370138
 0.0100572 0.0160238 0.0235276 0.0323012 0.0419339 0.0517776 0.0608864 0.068194 0.0728871 0.0746828 0.0738061 0.0707599 0.0661107 0.0603834 0.0540283 0.0474075 0.0407909 0.0343688 0.0282744 0.0226088 0.0174625 0.0129264 0.00908798 0.00601003 0.00370271
 0.00996516 0.015879 0.0233206 0.0320306 0.0416118 0.0514348 0.0605727 0.0679689 0.0728013 0.0747583 0.0740269 0.071081 0.0664754 0.0607407 0.0543413 0.0476542 0.0409626 0.0344674 0.0283102 0.022598 0.0174238 0.0128775 0.00904239 0.00597518 0.0036802
 0.00986272 0.0156832 0.0229738 0.0314661 0.0407765 0.0503224 0.0592519 0.066586 0.0715497 0.0738262 0.0735485 0.0711068 0.0669691 0.0615979 0.0554213 0.0488144 0.0420841 0.0354679 0.0291452 0.0232548 0.0179123 0.0132215 0.00927179 0.00611981 0.00376619
 0.0100708 0.0159993 0.0234046 0.0319938 0.0413518 0.0508619 0.0596437 0.0667137 0.0713327 0.073262 0.0727283 0.0701911 0.0661337 0.0609774 0.0550766 0.0487311 0.0421962 0.0356898 0.0293994 0.023487 0.0180953 0.0133497 0.00935274 0.00616643 0.00379091
 0.0104235 0.0165658 0.0242415 0.0331415 0.0428171 0.0525934 0.061511 0.0685076 0.0728005 0.0741696 0.0729253 0.0696539 0.0649719 0.059401 0.0533358 0.04705 0.0407266 0.034498 0.0284828 0.0228053 0.0175981 0.012993 0.00910305 0.00599878 0.00368495
 0.0102969 0.0163942 0.0240488 0.0329771 0.0427498 0.0526974 0.0618467 0.0691012 0.0736253 0.0751344 0.0738813 0.070427 0.065414 0.0594389 0.0529943 0.0464384 0.0399942 0.033783 0.0278761 0.0223418 0.0172701 0.0127725 0.00895956 0.00590778 0.00362921
 0.0100693 0.0160335 0.0235263 0.0322802 0.0418941 0.0517406 0.060898 0.0683119 0.0731541 0.075098 0.074311 0.0712524 0.0664792 0.0605474 0.053966 0.047159 0.0404369 0.0339956 0.0279432 0.022344 0.0172601 0.0127715 0.00896832 0.00591997 0.00363959
 0.00986228 0.0157255 0.0231147 0.0317791 0.0413271 0.0511318 0.0602699 0.0676933 0.0725937 0.0746698 0.0741038 0.0713405 0.0668877 0.06123 0.0548107 0.0480219 0.0411899 0.0345637 0.0283161 0.0225595 0.0173737 0.0128312 0.00900368 0.00594391 0.00365623
 0.00954198 0.0152171 0.0223751 0.030783 0.0400797 0.0496835 0.0587255 0.0662042 0.071326 0.0737639 0.0736472 0.0713654 0.0673815 0.0621427 0.056053 0.0494653 0.0426815 0.035957 0.0295043 0.0234939 0.0180596 0.0133073 0.00931935 0.00614438 0.00377732
 0.00977604 0.0155306 0.0227219 0.0310754 0.0402086 0.0495534 0.0582876 0.0654723 0.0703735 0.0727072 0.0726226 0.0705036 0.0667862 0.0618756 0.0561282 0.0498495 0.0432989 0.0367022 0.0302644 0.0241753 0.0186068 0.0137065 0.00958716 0.00631144 0.0038749
 0.0102337 0.0162485 0.0237483 0.0324233 0.0418367 0.0513459 0.0600453 0.0669362 0.0712888 0.0729045 0.0720742 0.0693265 0.0651963 0.060123 0.0544398 0.0483917 0.0421616 0.0359004 0.0297549 0.0238822 0.01845 0.0136224 0.00953711 0.00627755 0.00385115
 0.0104974 0.0167012 0.0244725 0.0335062 0.0433445 0.0532839 0.062319 0.0693379 0.0735247 0.0746568 0.0730753 0.0694236 0.064389 0.0585613 0.0523816 0.0461349 0.0399751 0.033977 0.0281936 0.0226984 0.0176022 0.0130432 0.00915674 0.0060374 0.00370647
 0.0104298 0.0166037 0.0243526 0.0333892 0.0432799 0.0533484 0.0626083 0.0699409 0.074481 0.0759146 0.0744761 0.0707309 0.0653546 0.0590026 0.0522368 0.0454745 0.038969 0.0328332 0.0270969 0.021771 0.016894 0.0125468 0.00883336 0.00583966 0.00359237
 0.0100612 0.0160627 0.0236472 0.0325665 0.0424166 0.0525337 0.0619326 0.0694939 0.0743505 0.0761732 0.075154 0.0717844 0.0666508 0.0603383 0.0533921 0.0462809 0.0393589 0.0328491 0.0268578 0.0214177 0.0165417 0.0122616 0.00863451 0.00571668 0.00352357
 0.00980636 0.0156598 0.0230646 0.0317894 0.041458 0.0514464 0.0608169 0.0684881 0.0736015 0.0757993 0.0752185 0.0722888 0.0675398 0.061505 0.0546863 0.0475297 0.0404057 0.0335955 0.0272876 0.0215874 0.0165454 0.0121907 0.00855224 0.00565283 0.00348397
 0.00914095 0.0146453 0.0216642 0.0300166 0.0393743 0.0491567 0.0584688 0.0662719 0.0717358 0.0744973 0.0746455 0.0725264 0.0685676 0.0632038 0.0568584 0.0499322 0.0427899 0.0357486 0.0290675 0.0229401 0.017496 0.0128144 0.00893928 0.00588285 0.00361564
 0.00853807 0.0137276 0.0204003 0.0284211 0.0375053 0.0471074 0.0563626 0.0642569 0.0699709 0.0731313 0.0737985 0.0722811 0.0689643 0.0642318 0.0584443 0.0519354 0.0450154 0.0379788 0.0311044 0.0246439 0.0188055 0.0137425 0.00954858 0.00625535 0.00382863
#obs surv len freq
 nan nan nan nan nan nan nan nan nan nan nan nan nan nan nan nan nan nan nan nan nan nan nan nan nan
 0.00447495 0.0073321 0.0111585 0.0159731 0.0216744 0.0279526 0.0342707 0.0400061 0.0446894 0.0481563 0.0505166 0.0520144 0.0529083 0.053422 0.0537373 0.053993 0.0542722 0.0545653 0.0547043 0.0542963 0.0527341 0.0493656 0.0438144 0.036293 0.027675
 0.00461199 0.00755373 0.0114898 0.0164358 0.0222826 0.0287045 0.0351406 0.0409416 0.045617 0.0489947 0.0511913 0.0524692 0.0531125 0.0533717 0.0534524 0.0535093 0.0536323 0.0538117 0.0538758 0.0534295 0.0518675 0.0485417 0.043077 0.0356796 0.0272062
 0.0047848 0.00783607 0.0119171 0.0170414 0.0230903 0.029718 0.036332 0.0422476 0.0469472 0.0502475 0.0522698 0.0532916 0.053618 0.0535251 0.0532466 0.0529649 0.0527925 0.0527339 0.0526251 0.0520755 0.0504852 0.0472114 0.0418788 0.0346793 0.0264403
 0.00497238 0.00814566 0.0123917 0.017724 0.0240155 0.0308984 0.0377439 0.0438259 0.0485929 0.0518453 0.0537058 0.0544645 0.0544448 0.0539455 0.0532258 0.052496 0.0518976 0.0514631 0.0510529 0.0502982 0.0486174 0.0453806 0.040211 0.0332779 0.0253634
 0.00519121 0.00850203 0.0129295 0.0184852 0.0250335 0.0321861 0.0392812 0.0455529 0.050416 0.0536516 0.0553783 0.0558929 0.0555324 0.0546126 0.0534139 0.0521712 0.0510544 0.0501286 0.049292 0.0482159 0.0463576 0.0431149 0.0381159 0.0315006 0.0239894
 0.00541447 0.00886945 0.0134906 0.0192892 0.0261189 0.0335667 0.0409304 0.0473996 0.0523557 0.055567 0.0571568 0.0574341 0.0567482 0.0554252 0.0537561 0.0519895 0.050316 0.0488315 0.0474769 0.0459783 0.0438517 0.0405428 0.0356965 0.0294234 0.0223707
 0.00564619 0.00924794 0.0140639 0.0201039 0.0272124 0.034954 0.04259 0.049267 0.0543306 0.0575312 0.0589926 0.0590361 0.0580276 0.0563091 0.0541826 0.0519056 0.0496786 0.0476178 0.0457021 0.0437164 0.0412494 0.0378132 0.033085 0.0271524 0.0205845
 0.00589258 0.00965196 0.0146783 0.0209795 0.0283886 0.0364422 0.0443586 0.0512362 0.0563855 0.0595445 0.0608453 0.0606282 0.0592788 0.0571559 0.0545737 0.0517969 0.049032 0.0464065 0.043928 0.0414352 0.0385925 0.0349898 0.0303509 0.0247499 0.0186786
 0.00613997 0.0100582 0.0152974 0.0218643 0.0295807 0.0379556 0.0461628 0.0532501 0.0584883 0.0615993 0.0627222 0.0622188 0.0605011 0.0579523 0.0549048 0.0516331 0.0483478 0.0451826 0.0421651 0.0391787 0.035959 0.0321753 0.0276054 0.0223195 0.0167373
 0.00638427 0.0104587 0.0159063 0.0227327 0.0307484 0.0394362 0.0479272 0.0552205 0.0605485 0.0636158 0.0645661 0.0637793 0.0616917 0.0587119 0.0551948 0.0514309 0.0476394 0.0439608 0.0404378 0.0369904 0.0334158 0.0294573 0.0249471 0.0199565 0.0148413
 0.00662452 0.0108517 0.0165023 0.0235798 0.0318834 0.0408698 0.0496285 0.0571121 0.0625167 0.0655327 0.0663096 0.0652459 0.0628007 0.0594056 0.0554359 0.0511985 0.0469242 0.0427627 0.0387725 0.0349049 0.0310105 0.0268971 0.0224461 0.0177317 0.0130525
 0.00682692 0.0111865 0.0170167 0.0243214 0.0328905 0.0421563 0.0511686 0.0588353 0.0643176 0.067292 0.0679136 0.066598 0.063826 0.0600502 0.0556648 0.0509915 0.0462724 0.0416679 0.0372524 0.0330067 0.0288277 0.0245791 0.0201845 0.0157199 0.0114334
 0.00705418 0.0115558 0.0175721 0.0251035 0.0339286 0.0434555 0.0526969 0.0605185 0.0660491 0.0689524 0.0693909 0.0678008 0.0646884 0.0605317 0.0557456 0.0506667 0.0455461 0.0405514 0.0357688 0.0312036 0.026792 0.0224446 0.0181199 0.0138938 0.00996907
 0.00729233 0.0119468 0.018167 0.0259503 0.0350604 0.0448728 0.0543516 0.0623105 0.0678441 0.0706108 0.0707939 0.0688638 0.0653619 0.060796 0.0556037 0.0501361 0.0446515 0.0393213 0.0342384 0.0294247 0.0248463 0.0204503 0.0162221 0.0122344 0.00864904
 0.00744676 0.0122044 0.0185672 0.0265345 0.0358646 0.0459146 0.0556159 0.0637424 0.0693532 0.0720861 0.0721213 0.0699425 0.0661158 0.0611799 0.055603 0.0497601 0.0439257 0.0382805 0.0329254 0.0278957 0.0231797 0.0187513 0.0146141 0.0108351 0.00754011
 0.00752901 0.0123378 0.0187681 0.0268203 0.0362532 0.0464231 0.0562559 0.0645147 0.0702428 0.0730581 0.0731199 0.0708943 0.0669386 0.0617947 0.0559466 0.0497936 0.0436369 0.0376813 0.0320489 0.0267948 0.0219291 0.0174468 0.0133637 0.00973939 0.00666833
 0.00758973 0.0124316 0.0189004 0.0269937 0.0364687 0.0466814 0.0565589 0.0648664 0.070649 0.0735245 0.0736476 0.0714713 0.0675334 0.0623549 0.0564053 0.0500823 0.0436999 0.0374871 0.0315959 0.0261131 0.0210784 0.0165109 0.0124383 0.00891337 0.00600384
 0.00767133 0.0125542 0.0190661 0.0271976 0.0367002 0.0469269 0.0568046 0.065101 0.0708667 0.0737285 0.0738502 0.0716897 0.0677806 0.0626294 0.0566839 0.0503212 0.0438426 0.0374797 0.0314028 0.0257291 0.0205333 0.0158655 0.011771 0.00830117 0.00550291
 0.00772268 0.0126377 0.0191911 0.0273713 0.036924 0.0471926 0.0570918 0.0653794 0.0711052 0.0739059 0.0739632 0.0717529 0.0678195 0.0626699 0.056741 0.0503907 0.0438994 0.0374835 0.0313114 0.025515 0.0201966 0.0154373 0.0113057 0.00785945 0.00513301
 0.00779847 0.0127544 0.0193549 0.0275835 0.0371814 0.0474872 0.05741 0.0657005 0.0714024 0.0741499 0.0741289 0.0718271 0.0678057 0.0625875 0.056619 0.050256 0.0437659 0.0373464 0.0311507 0.0253065 0.0199272 0.0151149 0.0109593 0.00752885 0.00485347
 0.00779147 0.012745 0.0193446 0.0275752 0.0371791 0.0474958 0.0574345 0.065746 0.071473 0.0742477 0.0742511 0.0719641 0.0679426 0.0627084 0.0567127 0.0503194 0.0438012 0.0373553 0.0311286 0.0252436 0.0198146 0.014954 0.0107662 0.00732991 0.00467583
 0.0078334 0.0127989 0.0193994 0.0276128 0.0371803 0.0474493 0.0573442 0.0656314 0.0713622 0.0741679 0.0742207 0.0719897 0.068019 0.0628215 0.0568435 0.0504483 0.0439128 0.037439 0.0311777 0.0252526 0.0197805 0.014879 0.0106606 0.00721142 0.00456395
 0.00786702 0.0128546 0.0194842 0.0277309 0.0373289 0.047614 0.0574974 0.0657385 0.0713951 0.0741183 0.0741059 0.0718448 0.0678823 0.0627206 0.0567886 0.0504342 0.0439245 0.037459 0.0311903 0.0252467 0.0197499 0.0148234 0.010586 0.00712891 0.00448601
 0.00788366 0.012877 0.0195097 0.0277553 0.0373485 0.0476286 0.057511 0.0657561 0.0714172 0.0741376 0.0741097 0.0718233 0.0678365 0.0626638 0.0567404 0.0504102 0.0439298 0.0374871 0.0312275 0.0252779 0.0197639 0.0148155 0.0105582 0.00708865 0.00444289
 0.00789157 0.0128881 0.0195228 0.0277679 0.0373566 0.0476276 0.0574975 0.0657294 0.0713808 0.0740988 0.0740766 0.071801 0.0678244 0.0626583 0.0567389 0.0504144 0.0439441 0.0375141 0.0312646 0.0253173 0.0197957 0.0148325 0.0105585 0.00707561 0.004423
 0.00788232 0.0128713 0.0194946 0.0277237 0.037293 0.047544 0.0573978 0.0656224 0.0712781 0.0740122 0.074016 0.0717731 0.0678316 0.0626982 0.0568047 0.050497 0.0440352 0.0376075 0.0313557 0.0254011 0.0198666 0.0148855 0.0105917 0.00709099 0.00442563
 0.00789186 0.0128827 0.019504 0.0277248 0.0372781 0.047507 0.0573359 0.0655379 0.0711781 0.0739075 0.0739192 0.0716962 0.0677842 0.0626852 0.0568259 0.0505477 0.0441073 0.0376917 0.0314431 0.0254842 0.0199392 0.0149432 0.0106323 0.00711536 0.00443722
 0.00788573 0.0128735 0.0194913 0.0277081 0.0372565 0.0474781 0.0572965 0.0654845 0.0711093 0.0738261 0.0738328 0.0716157 0.0677215 0.0626501 0.0568239 0.050579 0.044167 0.0377716 0.0315332 0.0255744 0.0200212 0.0150109 0.0106829 0.00714913 0.00445689
 0.0078535 0.0128207 0.0194114 0.0275958 0.0371098 0.0473014 0.0571021 0.0652919 0.0709402 0.073698 0.0737549 0.0715894 0.067743 0.0627135 0.0569232 0.0507078 0.0443179 0.0379354 0.0316992 0.0257318 0.0201604 0.0151253 0.0107696 0.00720913 0.00449454
 0.00784045 0.0127967 0.0193703 0.0275299 0.0370121 0.047168 0.0569357 0.0651031 0.0707466 0.0735209 0.0736147 0.0715013 0.0677142 0.0627431 0.0570036 0.0508282 0.0444665 0.0381006 0.0318694 0.0258959 0.0203083 0.0152492 0.0108655 0.00727728 0.00453859
 0.0078099 0.0127455 0.0192903 0.027413 0.0368519 0.0469633 0.0566937 0.0648398 0.0704851 0.0732869 0.0734321 0.0713885 0.0676819 0.0627928 0.0571278 0.051012 0.0446909 0.0383456 0.0321164 0.0261289 0.0205146 0.0154203 0.0109975 0.00737132 0.00459995
 0.00777649 0.0126899 0.0192046 0.0272889 0.0366832 0.0467484 0.0564385 0.0645596 0.0702022 0.0730267 0.0732194 0.0712438 0.067619 0.0628177 0.0572376 0.0511955 0.0449303 0.0386186 0.0324 0.0264016 0.0207589 0.0156243 0.0111558 0.00748471 0.0046745
 0.00776262 0.0126646 0.019161 0.0272191 0.036579 0.0466047 0.0562557 0.0643449 0.0699693 0.0727936 0.0730059 0.0710696 0.0675016 0.06277 0.0572663 0.0512994 0.0451001 0.0388378 0.0326472 0.0266536 0.0209946 0.0158274 0.011317 0.00760225 0.00475285
 0.0077385 0.0126258 0.0191035 0.0271391 0.0364734 0.0464718 0.0560967 0.0641645 0.0697762 0.0725998 0.0728254 0.0709172 0.0673916 0.062714 0.0572726 0.0513712 0.0452341 0.0390241 0.0328692 0.0268905 0.0212245 0.0160315 0.011483 0.00772554 0.00483626
 0.00932325 0.0148446 0.0217826 0.029896 0.0388292 0.0480281 0.0566761 0.0638362 0.0687731 0.0711984 0.0712584 0.0693428 0.0659032 0.0613627 0.0560852 0.0503607 0.0444043 0.0383705 0.0323792 0.0265441 0.0209958 0.0158922 0.0114058 0.00768745 0.00482002
 0.0093086 0.0151141 0.022705 0.0319286 0.0423185 0.0529413 0.0624307 0.0693947 0.0730115 0.073349 0.0711622 0.067391 0.0627644 0.0576963 0.0523782 0.0469028 0.0413368 0.0357475 0.0302088 0.0248096 0.0196636 0.0149153 0.010727 0.00724419 0.00455024
 0.00895571 0.0145616 0.0219346 0.0309941 0.0413981 0.0523721 0.062667 0.0708466 0.0757995 0.0771223 0.0751424 0.0706667 0.0646699 0.0580409 0.0514161 0.0451206 0.039224 0.033663 0.0283582 0.02328 0.0184703 0.014034 0.0101129 0.00684307 0.00430644
 0.00879896 0.0142898 0.0214952 0.0303318 0.0404761 0.0512096 0.0613842 0.0696917 0.0751245 0.0772835 0.0763425 0.0728092 0.0673297 0.0606031 0.0533235 0.0460843 0.0392802 0.0330738 0.0274507 0.0223233 0.0176279 0.0133743 0.00964155 0.00653268 0.00411793
 0.0087271 0.0141693 0.0213057 0.0300485 0.0400705 0.0506549 0.0606672 0.0688324 0.0742004 0.0764477 0.075814 0.0728157 0.0680074 0.0619004 0.0549778 0.0477092 0.0405236 0.0337534 0.0275898 0.0220865 0.0172169 0.0129489 0.00929015 0.00628272 0.00396
 0.00869828 0.0141205 0.0212281 0.0299314 0.0399023 0.0504237 0.0603625 0.0684471 0.073735 0.07592 0.0752741 0.0723594 0.0677667 0.0620026 0.0554795 0.0485432 0.0415034 0.0346455 0.0282135 0.0223797 0.0172331 0.012802 0.00909156 0.0061049 0.00383194
 0.00870227 0.014125 0.0212308 0.0299284 0.0398871 0.0503881 0.0602966 0.0683396 0.0735748 0.0756988 0.0749924 0.0720346 0.0674432 0.0617532 0.0553887 0.048672 0.0418498 0.0351301 0.0287078 0.0227635 0.0174452 0.0128529 0.00903837 0.00601211 0.00374463
 0.00868137 0.0140965 0.021198 0.0298971 0.0398639 0.0503764 0.0602942 0.068338 0.0735608 0.0756582 0.074913 0.0719104 0.067279 0.0615705 0.0552277 0.0485838 0.0418769 0.035282 0.0289488 0.0230252 0.0176587 0.0129792 0.009079 0.00599582 0.00370561
 0.00868387 0.0140959 0.0211888 0.0298724 0.0398184 0.0503107 0.0602167 0.0682632 0.0735031 0.0756242 0.074898 0.0719005 0.0672583 0.061529 0.0551689 0.0485264 0.0418496 0.0353106 0.0290406 0.0231622 0.0178045 0.0130977 0.00915057 0.00602257 0.00370323
 0.00865796 0.0140578 0.0211388 0.0298127 0.0397519 0.0502388 0.0601394 0.0681811 0.0734199 0.0755487 0.0748419 0.0718731 0.0672608 0.061554 0.0552046 0.0485643 0.0418901 0.0353625 0.0291138 0.0232581 0.0179121 0.0131981 0.00922729 0.00606897 0.00372353
 0.00865308 0.0140484 0.021122 0.0297856 0.0397124 0.0501876 0.0600808 0.0681213 0.0733652 0.0755026 0.0748053 0.0718457 0.067244 0.0615496 0.0552133 0.0485845 0.0419193 0.0353998 0.0291607 0.0233158 0.0179779 0.0132643 0.00928406 0.00610958 0.00374703
 0.00862914 0.0140126 0.0210741 0.0297271 0.0396459 0.0501163 0.0600074 0.0680492 0.0732988 0.0754475 0.074767 0.0718282 0.0672479 0.0615729 0.0552524 0.0486354 0.0419784 0.035464 0.0292278 0.0233843 0.0180455 0.0133272 0.00933759 0.00615 0.00377346
 0.00863228 0.0140151 0.021073 0.0297184 0.0396259 0.0500835 0.0599638 0.0679999 0.0732499 0.0754037 0.0747309 0.0718004 0.067229 0.0615641 0.0552546 0.0486489 0.0420023 0.0354967 0.0292672 0.023428 0.0180907 0.0133708 0.00937595 0.00618037 0.00379468
 0.0086281 0.0140085 0.0210634 0.0297049 0.0396075 0.0500586 0.0599308 0.0679583 0.0732013 0.0753525 0.0746833 0.0717631 0.0672064 0.0615575 0.0552632 0.0486704 0.042034 0.035536 0.0293114 0.0234745 0.0181367 0.0134133 0.00941244 0.00620903 0.00381499
 0.00861552 0.0139894 0.021037 0.0296716 0.0395687 0.0500161 0.0598872 0.0679162 0.0731628 0.0753193 0.0746565 0.0717437 0.0671962 0.0615585 0.0552764 0.0486957 0.0420697 0.0355792 0.029359 0.0235232 0.0181835 0.0134555 0.00944795 0.00623657 0.00383447
 0.00861552 0.0139894 0.021037 0.0296716 0.0395687 0.0500161 0.0598872 0.0679162 0.0731628 0.0753193 0.0746565 0.0717437 0.0671962 0.0615585 0.0552764 0.0486957 0.0420697 0.0355792 0.029359 0.0235232 0.0181835 0.0134555 0.00944795 0.00623657 0.00383447
 0.00863076 0.0140131 0.0210707 0.0297157 0.0396218 0.0500754 0.0599472 0.0679697 0.0732021 0.0753376 0.0746502 0.071713 0.067145 0.0614937 0.0552067 0.0486294 0.0420135 0.0355371 0.0293319 0.0235098 0.0181809 0.0134602 0.0094564 0.00624578 0.00384244
 0.00844854 0.0137272 0.0206609 0.0291738 0.0389571 0.0493211 0.059165 0.0672447 0.0726262 0.0749851 0.0745583 0.071876 0.0675218 0.0620222 0.0558199 0.049267 0.042629 0.0360991 0.0298223 0.0239204 0.0185105 0.0137126 0.00963946 0.00637047 0.00392146
 0.0086348 0.0140011 0.0210184 0.0295896 0.0393881 0.0497143 0.0594665 0.0674085 0.0726238 0.0748156 0.0742513 0.0714852 0.0671095 0.0616425 0.0555072 0.0490339 0.0424706 0.0360011 0.0297682 0.0238955 0.0185036 0.0137157 0.00964712 0.00637904 0.00392886
 0.00888305 0.0144203 0.0216744 0.0305423 0.0406656 0.0512772 0.0611823 0.0690617 0.0739683 0.0756483 0.0744694 0.0711019 0.0662324 0.0604322 0.0541352 0.0476498 0.0411837 0.0348765 0.0288333 0.0231515 0.0179363 0.0133026 0.00936168 0.00619359 0.00381661
 0.00877452 0.014271 0.0215027 0.0303899 0.040595 0.0513623 0.0614911 0.0696321 0.0747817 0.0766133 0.0754326 0.0718893 0.066705 0.0605288 0.0538817 0.0471376 0.0405316 0.0341952 0.0282042 0.0226208 0.0175201 0.0129967 0.00915065 0.00605727 0.00373465
 0.00864079 0.0140412 0.0211368 0.0298513 0.0398696 0.0504839 0.0605598 0.0688071 0.0742417 0.0764977 0.0757901 0.0726574 0.0677282 0.0616083 0.0548362 0.0478513 0.0409721 0.0343996 0.0282458 0.0225754 0.0174454 0.012926 0.0090973 0.00602255 0.00371455
 0.0087346 0.0141739 0.021298 0.0300139 0.0399915 0.0505144 0.0604525 0.0685373 0.0738265 0.0760074 0.0753387 0.072367 0.067681 0.0618107 0.0552159 0.0482894 0.0413525 0.0346492 0.0283491 0.0225628 0.0173668 0.0128277 0.00900927 0.00595729 0.00367253
 0.00852361 0.0138528 0.0208559 0.0294559 0.0393375 0.0497959 0.0597097 0.067817 0.0731784 0.0754801 0.0749788 0.0722203 0.0677885 0.0621946 0.0558592 0.049125 0.0422722 0.0355337 0.0291039 0.0231405 0.0177678 0.0130836 0.00916177 0.00604369 0.00371963
 0.00862558 0.0139858 0.0209958 0.0295609 0.0393599 0.0497013 0.0594913 0.0674967 0.0727943 0.0750711 0.074576 0.0718503 0.0674822 0.0619908 0.0557984 0.049231 0.0425354 0.0359065 0.0295145 0.0235187 0.0180676 0.013291 0.00928847 0.00611274 0.00375366
 0.00897222 0.0145523 0.0218488 0.0307494 0.0408887 0.0514965 0.0613795 0.0692238 0.0740909 0.0757373 0.0745379 0.0711645 0.0662973 0.0604978 0.0541896 0.0476739 0.0411544 0.0347719 0.0286413 0.0228788 0.0176114 0.0129689 0.00906248 0.00595774 0.00365251
 0.00914045 0.0148544 0.0223557 0.0315437 0.042043 0.0530384 0.0632563 0.0712853 0.0761048 0.0774338 0.0756706 0.0715684 0.065929 0.0594415 0.0526287 0.0458393 0.0392715 0.0330211 0.0271384 0.0216734 0.0166996 0.0123136 0.00861325 0.00566439 0.00347137
 0.00901147 0.0146648 0.0221112 0.0312719 0.0417977 0.0529004 0.0633256 0.0716585 0.0768387 0.0785054 0.0769581 0.0728695 0.067014 0.0601208 0.0528068 0.0455347 0.0385978 0.0321418 0.0262163 0.0208329 0.016011 0.0117967 0.00825361 0.0054308 0.00332946
 0.00895629 0.0145533 0.0219051 0.0309277 0.0412852 0.0522286 0.0625642 0.0709384 0.0763237 0.0783451 0.0772387 0.0735813 0.068045 0.0612819 0.0538839 0.0463503 0.0390587 0.032254 0.026063 0.0205317 0.015671 0.0114925 0.00801952 0.0052706 0.00323018
 0.00880597 0.0143064 0.0215288 0.0303901 0.0405618 0.0513156 0.0614928 0.0697868 0.0752164 0.0774381 0.0766907 0.0735147 0.0685067 0.0622193 0.055148 0.0477327 0.0403498 0.0332993 0.0267952 0.0209679 0.015882 0.0115643 0.00802357 0.00525221 0.00321101
