SBPRF35
12.7214
Curr Bio
882650
B35
884252
F35
0.169655
FOFL
0.169655
OFL
123635
Bzero
3.63469e+006
#pred survey bio
 3.73895e+006 3.62265e+006 3.51283e+006 3.34339e+006 3.14574e+006 2.89387e+006 2.61001e+006 2.37414e+006 2.14129e+006 1.91035e+006 1.70587e+006 1.47075e+006 1.3082e+006 1.1305e+006 975970 859892 771897 719012 677876 649098 617093 586411 564504 556630 549124 547103 548743 547508 541274 548612 556810 566397 571715 580212 589033 610867 623217 626561 637955 652205 666246 682063 689267 702154 719030 721807 726262 726765 726819 722927 731615 758094 777277 799593 822367 833672 838600 836106 849343 841626 830117 833023 849740 856875 882986 888426 2.0591e+007 1.84744e+007 1.84678e+007 1.9085e+007 2.01454e+007 2.14071e+007 2.26812e+007 2.38512e+007 2.48616e+007 2.56984e+007 2.63717e+007 2.69027e+007 2.73156e+007 2.76339e+007 2.7878e+007 2.80646e+007 2.82073e+007 2.83165e+007 2.84003e+007 2.84649e+007 2.85148e+007 2.85535e+007 2.85837e+007 2.86074e+007 2.86261e+007 2.86408e+007 2.86525e+007 2.86617e+007 2.86691e+007 2.86751e+007 2.86798e+007 2.86836e+007 2.86867e+007 2.86892e+007 2.86913e+007 2.86929e+007 2.86943e+007 2.86953e+007 2.86962e+007 2.8697e+007 2.86975e+007 2.8698e+007 2.86984e+007 2.86987e+007 2.8699e+007 2.86992e+007 2.86994e+007 2.86995e+007 2.86996e+007 2.86997e+007 2.86998e+007 2.86999e+007 2.86999e+007 2.87e+007 2.87e+007 2.87e+007 2.87001e+007 2.87001e+007 2.87001e+007 2.87001e+007 2.87001e+007 2.87001e+007 2.87001e+007 2.87001e+007 2.87002e+007 2.87002e+007 2.87002e+007 2.87002e+007 2.87002e+007 2.87002e+007 2.87002e+007 2.87002e+007 2.87002e+007 2.87002e+007 2.87002e+007 2.87002e+007 2.87002e+007 2.87002e+007 2.87002e+007 2.87002e+007 2.87002e+007 2.87002e+007 2.87002e+007 2.87002e+007 2.87002e+007 2.87002e+007 2.87002e+007 2.87002e+007 2.87002e+007 2.87002e+007 2.87002e+007 2.87002e+007 2.87002e+007 2.87002e+007 2.87002e+007 2.87002e+007 2.87002e+007 2.87002e+007 2.87002e+007 2.87002e+007 0 0 0 0 0 0 0 0 0 0 0 0 0 0 0 0 0 0 0 0 0 0 0 0 0
#obs survey bio
 3.3318e+006 5.00464e+006 3.30945e+006 3.614e+006 3.49429e+006 2.07136e+006 2.54008e+006 1.83185e+006 2.17249e+006 1.57711e+006 2.91495e+006 1.66944e+006 1.4569e+006 1.4403e+006 746298 793866 748945 457612 691954 835969 498588 510022 523469 748138 523335 741064 462769 671998 490539 672499 551028 333596 481338 491558 603664 774683 638108 559005 787952 637569 422739 483403 841168 870718 909834 581513 615423 818730 674406 608048 550351 684975 838017 914285 832783 838254 952413 899384 743150 691198 755119 919849 782054 979044 1.09278e+006 1.16443e+006
#pred catch bio
 98763.2 98043.4 160599 197456 261156 306829 280123 293773 306504 294140 329007 269309 285872 265241 230227 203742 171069 158341 144293 142776 137207 126017 111494 109376 103483 99660.4 101319 104379 92450.1 92532.4 92780.9 97794.8 95976.1 96594.6 87170.1 96871.9 105139 98967.2 97804.4 99586.1 100008 108482 103935 101065 113073 111017 113691 113279 116109 105755 92710.4 101231 99744.9 100030 109840 114757 120260 106404 124513 127521 115767 105355 114073 97379.1 113379 107561 123635 121275 119945 122603 128752 136433 144210 151271 157256 162095 165874 168749 170894 172470 173614 174437 175023 175440 175733 175940 176085 176186 176256 176305 176339 176363 176380 176391 176399 176404 176408 176410 176412 176414 176414 176415 176415 176416 176416 176416 176416 176416 176416 176416 176416 176416 176416 176416 176416 176416 176416 176416 176416 176416 176416 176416 176416 176416 176416 176416 176416 176416 176416 176416 176416 176416 176416 176416 176416 176416 176416 176416 176416 176416 176416 176416 176416 176416 176416 176416 176416 176416 176416 176416 176416 176416 176416 176416 176416 176416 176416 176416 176416 176416 176416 176416 176416 176416 176416 176416 0 0 0 0 0 0 0 0 0 0 0 0 0 0 0 0 0 0 0 0 0 0 0 0 0
#obs catch bio
 0 97648.1 160922 197292 261089 307586 279988 294765 307677 295966 330230 268478 287514 267372 233303 207214 173554 160991 145944 143168 137563 127263 112274 109496 103733 99928.9 101410 104485 92366 92355.4 92510.4 98629.5 96518.5 96990.3 87383.2 97070.8 105689 99506.1 98132.3 99709.6 100528 109607 104290 101030 113032 111087 113788 112910 115884 105624 92399.3 101437 100007 100045 110007 114848 120492 106093 124253 127532 115823 105420 114910 97266.9 113905 107505
#pred cpue bio
 3.69148e+006 3.57688e+006 3.46815e+006 3.29907e+006 3.10175e+006 2.85058e+006 2.56766e+006 2.33235e+006 2.10024e+006 1.87034e+006 1.66709e+006 1.43407e+006 1.27262e+006 1.09656e+006 943722 828997 742360 690579 650615 622995 592223 562473 541278 533912 526830 524966 526735 525708 519751 526952 534896 544023 549070 557437 566093 587425 599532 602767 613861 627805 641417 656708 663842 676704 693435 696292 700761 701417 701575 697717 706054 731833 750687 772811 795469 806773 811667 809291 822341 814667 803067 805654 822101 829506 855660 861850 2.00064e+007 1.79601e+007 1.78243e+007 1.82962e+007 1.93054e+007 2.05549e+007 2.18266e+007 2.29962e+007 2.40065e+007 2.48433e+007 2.55166e+007 2.60475e+007 2.64605e+007 2.67788e+007 2.70229e+007 2.72095e+007 2.73522e+007 2.74614e+007 2.75452e+007 2.76098e+007 2.76597e+007 2.76984e+007 2.77286e+007 2.77523e+007 2.77709e+007 2.77857e+007 2.77974e+007 2.78066e+007 2.7814e+007 2.78199e+007 2.78247e+007 2.78285e+007 2.78316e+007 2.78341e+007 2.78362e+007 2.78378e+007 2.78391e+007 2.78402e+007 2.78411e+007 2.78418e+007 2.78424e+007 2.78429e+007 2.78433e+007 2.78436e+007 2.78439e+007 2.78441e+007 2.78443e+007 2.78444e+007 2.78445e+007 2.78446e+007 2.78447e+007 2.78448e+007 2.78448e+007 2.78449e+007 2.78449e+007 2.78449e+007 2.7845e+007 2.7845e+007 2.7845e+007 2.7845e+007 2.7845e+007 2.7845e+007 2.7845e+007 2.7845e+007 2.7845e+007 2.7845e+007 2.7845e+007 2.7845e+007 2.78451e+007 2.78451e+007 2.78451e+007 2.78451e+007 2.78451e+007 2.78451e+007 2.78451e+007 2.78451e+007 2.78451e+007 2.78451e+007 2.78451e+007 2.78451e+007 2.78451e+007 2.78451e+007 2.78451e+007 2.78451e+007 2.78451e+007 2.78451e+007 2.78451e+007 2.78451e+007 2.78451e+007 2.78451e+007 2.78451e+007 2.78451e+007 2.78451e+007 2.78451e+007 2.78451e+007 2.78451e+007 2.78451e+007 2.78451e+007 2.78451e+007 2.78451e+007 0 0 0 0 0 0 0 0 0 0 0 0 0 0 0 0 0 0 0 0 0 0 0 0 0
#obs cpue bio
 4.76723e+006 3.26866e+006 3.31721e+006 3.10519e+006 3.1837e+006 3.0568e+006 2.61337e+006 2.18182e+006 2.0992e+006 1.49507e+006 1.56737e+006 1.47641e+006 767244 682552 757540 605782 606079 782796 655255 773297 707453 378015 548795 587125 473234 356437 704870 460305 565654 503766 581300 392207 689974 745956 471335 542975 470468 532087 553966 758840 630135 637589 800827 675776 658506 712697 842728 869847 765392 775418 1.00153e+006 594269 579023 807685 752666 820981 721412 874669 1.16573e+006 821269 784222 614719 599058 1.05503e+006 561762 924348
#pred surv len freq
 0.00498467 0.00804419 0.0120158 0.0168528 0.0224273 0.0284636 0.0345055 0.0400173 0.0445823 0.0480411 0.050473 0.0520756 0.0530572 0.053589 0.0537988 0.0537831 0.0536249 0.0533913 0.0530805 0.0525144 0.051248 0.0486247 0.0440566 0.0374247 0.0293234
 0.00519998 0.00830701 0.0122544 0.0169576 0.0222943 0.0280549 0.033889 0.0393507 0.044043 0.0477449 0.050432 0.0522184 0.0532896 0.0538525 0.0540946 0.0541542 0.0541108 0.053981 0.0536891 0.0530003 0.0514687 0.048504 0.043625 0.0368065 0.0286776
 0.00536251 0.00858352 0.0126866 0.0175747 0.0230857 0.0289424 0.03472 0.0399387 0.0442474 0.0475453 0.0499412 0.0516204 0.0527467 0.0534469 0.0538331 0.0540122 0.0540681 0.0540209 0.0537723 0.053047 0.0513759 0.048195 0.0430968 0.0361393 0.0279974
 0.00554196 0.00887154 0.0131149 0.018174 0.0238839 0.0299548 0.0359305 0.0412755 0.0455713 0.0486668 0.0506756 0.051859 0.0525035 0.0528458 0.0530453 0.0531864 0.0532923 0.0533231 0.0531349 0.052421 0.0506984 0.0474188 0.0422238 0.0352321 0.0271551
 0.00574506 0.0091952 0.0135902 0.0188269 0.0247322 0.0310036 0.0371662 0.04266 0.047039 0.0501218 0.0519895 0.0528802 0.0530884 0.0529078 0.0525927 0.0523217 0.0521684 0.0520839 0.0518734 0.0511706 0.0494534 0.0461704 0.0409917 0.0340752 0.0261527
 0.00600072 0.00960455 0.0141946 0.0196608 0.0258171 0.0323392 0.03872 0.044365 0.0488018 0.0518384 0.0535562 0.0541941 0.0540429 0.0533979 0.0525373 0.0516955 0.0510227 0.0505359 0.0500685 0.0492412 0.0474999 0.0442696 0.0392179 0.0325094 0.0248688
 0.0063287 0.0101237 0.01495 0.0206861 0.02713 0.0339345 0.0405597 0.0463725 0.0508688 0.0538407 0.0553719 0.0557144 0.0551749 0.0540609 0.0526614 0.0512289 0.0499502 0.0488986 0.0479692 0.0468298 0.0449476 0.0417478 0.0368848 0.0304977 0.0232672
 0.00659829 0.0105555 0.0155882 0.0215685 0.0282825 0.0353623 0.0422367 0.048237 0.0528293 0.0557907 0.0572032 0.0573244 0.0564687 0.0549515 0.0530695 0.0510864 0.0492093 0.0475484 0.046056 0.0444676 0.0423126 0.0390549 0.0343524 0.0283091 0.0215371
 0.00686369 0.0109827 0.0162237 0.0224534 0.0294464 0.0368124 0.0439462 0.0501394 0.0548261 0.0577685 0.0590504 0.0589415 0.0577705 0.0558642 0.0535272 0.0510276 0.0485805 0.046317 0.0442323 0.0421291 0.0396165 0.0362257 0.0316435 0.0259459 0.0196657
 0.0070921 0.0113593 0.0168003 0.0232822 0.0305704 0.0382498 0.0456741 0.052087 0.0568841 0.0598094 0.060949 0.0605886 0.059078 0.0567651 0.0539695 0.0509675 0.0479776 0.0451401 0.0424781 0.0398503 0.0369455 0.0333762 0.028876 0.0235068 0.0177229
 0.00729637 0.0116877 0.0172888 0.0239648 0.0314769 0.0393997 0.0470673 0.0536948 0.0586456 0.0616351 0.0627304 0.0622107 0.0604331 0.057763 0.0545412 0.051062 0.0475559 0.0441741 0.0409617 0.0378231 0.0345186 0.0307406 0.0262779 0.0211895 0.015861
 0.00778511 0.0124401 0.0183426 0.0253272 0.0331252 0.0412847 0.0491134 0.0558012 0.0606966 0.0635176 0.0643496 0.0634949 0.0613314 0.0582392 0.0545701 0.0506252 0.0466397 0.0427699 0.0390756 0.035497 0.0318561 0.0279197 0.0235325 0.0187554 0.01391
 0.00804051 0.0128643 0.0189966 0.0262698 0.034397 0.0428851 0.0509807 0.0578131 0.0626969 0.0653565 0.0659141 0.0647178 0.0621803 0.0587004 0.0546349 0.0502833 0.0458779 0.0415771 0.0374541 0.0334815 0.0295354 0.0254485 0.0211155 0.0166023 0.0121762
 0.00839126 0.0134244 0.0198213 0.027405 0.0358728 0.0447031 0.0530967 0.0601256 0.0650501 0.0675623 0.0677861 0.0661065 0.0629984 0.0589298 0.0543114 0.049469 0.0446345 0.0399524 0.0354871 0.0312223 0.0270708 0.0229171 0.0186975 0.0144805 0.0104839
 0.00877342 0.0140258 0.0206892 0.0285706 0.0373466 0.0464682 0.0551002 0.0622738 0.0672163 0.0696032 0.0695588 0.0674818 0.0638728 0.0592384 0.0540383 0.0486467 0.0433298 0.0382461 0.0334606 0.0289593 0.0246718 0.0205127 0.0164438 0.0125295 0.00894204
 0.00894952 0.0143269 0.0211695 0.0292889 0.0383522 0.0477802 0.0566877 0.0640519 0.0690617 0.071382 0.0711489 0.0687824 0.0648036 0.0597377 0.0540657 0.0481888 0.0424055 0.0369057 0.0317793 0.0270318 0.0226112 0.0184504 0.0145212 0.0108754 0.00764184
 0.00907886 0.0145292 0.021461 0.0296842 0.0388682 0.0484384 0.0575105 0.0650508 0.0702223 0.0726526 0.0724416 0.0699875 0.0658114 0.0604563 0.0544293 0.0481589 0.0419701 0.0360809 0.0306111 0.0255968 0.0210142 0.0168171 0.0129832 0.00954763 0.00659786
 0.00907545 0.0145262 0.0214616 0.0296943 0.0388972 0.0485003 0.0576256 0.0652473 0.0705349 0.0731148 0.0730716 0.0707713 0.0666937 0.0613442 0.0552105 0.0487257 0.0422395 0.0360073 0.030192 0.0248731 0.0200661 0.0157542 0.0119264 0.00860486 0.00584187
 0.00899362 0.0144092 0.0213153 0.0295348 0.0387469 0.0483815 0.0575561 0.0652401 0.0706015 0.0732693 0.0733314 0.0711527 0.0672009 0.0619566 0.0558753 0.0493606 0.0427489 0.0363049 0.0302224 0.0246267 0.0195823 0.0151128 0.0112288 0.00794889 0.00529869
 0.00899153 0.014386 0.0212452 0.029385 0.0384904 0.0480148 0.0571121 0.0647854 0.0702173 0.0730257 0.0732702 0.0712855 0.0675168 0.0624306 0.0564684 0.0500167 0.0433934 0.0368532 0.0305977 0.0247806 0.0195104 0.0148566 0.0108624 0.00755595 0.00494796
 0.00914091 0.0146063 0.0215331 0.0297186 0.0388298 0.0483073 0.0573011 0.0648237 0.0700841 0.0727404 0.0728928 0.070899 0.0672015 0.0622418 0.0564274 0.0501115 0.0435847 0.0370813 0.0307939 0.0248842 0.0194865 0.0147072 0.0106241 0.00728393 0.00469497
 0.00918716 0.014696 0.0216935 0.0299805 0.0392148 0.0488109 0.0578788 0.0653923 0.0705417 0.0729986 0.0729052 0.0706757 0.066804 0.0617622 0.05596 0.0497276 0.0433174 0.0369236 0.0307082 0.0248191 0.0193968 0.0145694 0.0104428 0.00708458 0.00450927
 0.00918685 0.014691 0.0216795 0.0299548 0.0391828 0.0487916 0.0579052 0.0655 0.0707491 0.0732877 0.0732192 0.070938 0.0669495 0.0617645 0.0558396 0.0495389 0.0431224 0.0367673 0.0306052 0.0247554 0.0193437 0.0145017 0.0103504 0.00697518 0.00440024
 0.00922378 0.0147262 0.0216869 0.029896 0.0390187 0.0485016 0.0575036 0.0650412 0.0703164 0.0729695 0.0730813 0.0710011 0.0671825 0.0620978 0.0561939 0.0498544 0.0433746 0.0369619 0.0307601 0.024883 0.0194439 0.0145672 0.0103768 0.00696707 0.00437063
 0.00928179 0.0148153 0.0218097 0.030047 0.0391804 0.0486417 0.0575773 0.0650026 0.0701386 0.0726639 0.0727035 0.0706354 0.0669104 0.0619674 0.0562056 0.0499694 0.0435383 0.0371283 0.0309036 0.0249959 0.0195269 0.0146218 0.0104044 0.00697149 0.0043592
 0.00922324 0.014733 0.0217097 0.0299433 0.039091 0.0485815 0.0575514 0.0650021 0.0701413 0.0726414 0.072633 0.0705137 0.0667614 0.0618361 0.0561389 0.0499946 0.0436522 0.0373018 0.0310979 0.025178 0.0196771 0.0147326 0.0104769 0.00701181 0.00437603
 0.00918882 0.0146693 0.0216006 0.0297718 0.0388467 0.048271 0.0572042 0.0646675 0.0698724 0.072475 0.0725767 0.0705473 0.0668515 0.0619545 0.0562746 0.0501533 0.0438441 0.0375287 0.0313467 0.0254249 0.0198975 0.0149098 0.0106051 0.00709473 0.00442336
 0.00915953 0.0146277 0.0215482 0.0297116 0.0387795 0.0481913 0.0571001 0.0645268 0.0696928 0.0722724 0.0723834 0.0703996 0.0667737 0.0619507 0.0563323 0.0502545 0.0439759 0.0376843 0.0315203 0.0256067 0.0200721 0.0150616 0.0107235 0.00717712 0.00447417
 0.00927145 0.0147862 0.0217435 0.0299204 0.0389719 0.0483416 0.0571941 0.0645609 0.0696678 0.0721884 0.0722408 0.0702058 0.0665482 0.0617221 0.0561297 0.0500979 0.0438729 0.0376331 0.0315141 0.0256355 0.0201237 0.0151222 0.0107805 0.00722238 0.00450498
 0.00930831 0.0148361 0.0217995 0.0299683 0.0389925 0.048315 0.0571061 0.0644084 0.0694625 0.0719562 0.0720155 0.0700187 0.0664192 0.0616572 0.0561248 0.0501449 0.0439629 0.0377565 0.0316597 0.0257906 0.0202755 0.0152589 0.0108934 0.00730707 0.00456232
 0.00942619 0.0150056 0.0220133 0.0302043 0.0392186 0.0484978 0.0572176 0.0644304 0.0693876 0.0717894 0.0717752 0.0697358 0.066131 0.0613991 0.0559221 0.0500092 0.0438937 0.0377452 0.0316939 0.0258562 0.0203578 0.0153441 0.0109704 0.00736889 0.00460648
 0.0093277 0.014883 0.0218968 0.030142 0.0392595 0.0486665 0.0574962 0.0647596 0.0696892 0.0719959 0.071851 0.0696814 0.0659745 0.0611826 0.0556899 0.0497985 0.0437294 0.0376381 0.0316426 0.0258511 0.0203848 0.0153885 0.011019 0.00741234 0.00463985
 0.00922478 0.0147264 0.0216831 0.0298809 0.0389773 0.0484081 0.0573203 0.064723 0.069823 0.0722843 0.0722297 0.0700601 0.0662727 0.0613568 0.0557406 0.0497584 0.0436436 0.0375476 0.0315744 0.0258162 0.0203816 0.0154078 0.0110494 0.00744386 0.00466615
 0.00923507 0.0147222 0.0216388 0.0297614 0.0387499 0.0480601 0.0568747 0.0642424 0.0693958 0.0719986 0.0721447 0.0701857 0.0665659 0.0617391 0.0561273 0.0500877 0.0438901 0.0377182 0.0316929 0.0259072 0.0204611 0.0154812 0.0111152 0.00749815 0.00470663
 0.00923466 0.0147249 0.0216476 0.0297772 0.0387661 0.0480575 0.0568218 0.0641055 0.0691582 0.0716787 0.0717997 0.0698947 0.0663997 0.0617312 0.0562627 0.0503146 0.0441451 0.0379515 0.0318806 0.0260484 0.0205665 0.0155626 0.0111795 0.00754811 0.00474314
 0.0091247 0.0145524 0.0214007 0.0294512 0.0383671 0.0476048 0.0563488 0.063654 0.0687673 0.0713737 0.071591 0.069787 0.0664024 0.0618595 0.0565261 0.0507017 0.044618 0.0384549 0.0323596 0.0264644 0.0209025 0.0158187 0.0113655 0.00767678 0.00482709
 0.00909975 0.014513 0.021343 0.0293714 0.0382612 0.0474685 0.0561791 0.0634523 0.0685417 0.0711398 0.0713685 0.0695955 0.0662589 0.0617786 0.0565222 0.050786 0.0447917 0.0387024 0.0326493 0.026758 0.0211671 0.0160348 0.0115276 0.00778957 0.00490011
 0.00911337 0.0145384 0.021387 0.0294413 0.0383612 0.0475958 0.0563197 0.0635814 0.0686291 0.0711587 0.0713044 0.0694506 0.0660517 0.0615397 0.056287 0.0505887 0.0446589 0.0386472 0.0326686 0.0268333 0.0212717 0.0161428 0.011621 0.00786022 0.00494799
 0.00907008 0.0144685 0.0212835 0.0292999 0.0381836 0.047393 0.0561138 0.0634017 0.0685029 0.0711007 0.0713104 0.0695008 0.0661204 0.0616065 0.056344 0.0506409 0.0447196 0.0387309 0.0327828 0.026975 0.0214274 0.0162941 0.0117515 0.00796062 0.00501714
 0.00912538 0.0145366 0.0213456 0.0293252 0.0381379 0.0472526 0.0558774 0.0630944 0.0681701 0.0707946 0.0710762 0.0693656 0.066088 0.0616599 0.0564548 0.0507811 0.0448708 0.0388858 0.0329417 0.0271381 0.0215906 0.0164477 0.0118844 0.00806483 0.00509065
 0.00912098 0.01454 0.0213688 0.029382 0.0382355 0.0473808 0.0560036 0.0631705 0.0681518 0.0706637 0.0708514 0.0690952 0.0658306 0.0614621 0.0563391 0.0507453 0.0448972 0.0389534 0.0330334 0.0272431 0.0217008 0.0165556 0.0119816 0.00814438 0.00514918
 0.00891617 0.0142476 0.0210045 0.0289879 0.0378702 0.0471017 0.0558498 0.063153 0.0682513 0.0708363 0.071042 0.0692568 0.0659406 0.061528 0.0563887 0.0508095 0.044995 0.0390867 0.0331916 0.0274109 0.021864 0.016703 0.0121057 0.00824104 0.00521818
 0.00883199 0.014106 0.0207849 0.0286735 0.0374586 0.0466178 0.0553525 0.0627262 0.0679782 0.0707666 0.0711719 0.0695329 0.0662848 0.0618682 0.0566813 0.0510451 0.0451882 0.0392597 0.0333603 0.0275792 0.0220266 0.0168507 0.0122302 0.00833772 0.0052869
 0.0087934 0.0140346 0.0206607 0.028472 0.0371552 0.0461973 0.0548207 0.0621189 0.0673621 0.0702297 0.0708028 0.0693939 0.0663901 0.0621799 0.0571255 0.0515408 0.0456732 0.0397005 0.0337475 0.027915 0.0223141 0.0170899 0.0124199 0.00847867 0.00538367
 0.00871295 0.0139118 0.0204902 0.028252 0.0368855 0.045876 0.0544445 0.0616873 0.0668851 0.069736 0.0703428 0.0690341 0.0661966 0.0621963 0.0573559 0.0519465 0.046187 0.0402501 0.0342751 0.0283854 0.0227115 0.0174106 0.0126663 0.00865691 0.00550364
 0.00869698 0.0138902 0.0204657 0.0282294 0.0368692 0.0458667 0.0544357 0.0616636 0.0668242 0.0696144 0.0701462 0.0687678 0.0658925 0.0619092 0.0571474 0.0518634 0.0462437 0.0404264 0.0345272 0.0286646 0.0229784 0.0176409 0.0128492 0.00879164 0.00559542
 0.00862897 0.0137887 0.02033 0.0280656 0.0366894 0.0456867 0.0542725 0.0615324 0.066734 0.0695639 0.0701216 0.0687479 0.065858 0.0618546 0.0570875 0.0518294 0.0462701 0.0405336 0.0347121 0.0289019 0.0232319 0.017877 0.0130457 0.00893964 0.00569685
 0.0086469 0.0138064 0.020336 0.0280429 0.0366215 0.0455658 0.054106 0.0613428 0.0665518 0.0694162 0.0700234 0.0686984 0.0658436 0.0618561 0.0570902 0.0518312 0.0462829 0.0405771 0.0348018 0.0290389 0.0234014 0.0180543 0.0132068 0.00906871 0.00578901
 0.00870273 0.0138884 0.0204423 0.0281642 0.0367413 0.0456622 0.0541556 0.0613261 0.0664607 0.0692596 0.0698271 0.0684965 0.0656662 0.0617195 0.0569953 0.0517698 0.0462475 0.0405669 0.0348219 0.0290938 0.0234884 0.0181612 0.013316 0.00916449 0.00586214
 0.00881544 0.0140588 0.0206744 0.0284523 0.0370697 0.0460071 0.0544856 0.0616042 0.066649 0.0693281 0.0697628 0.0683087 0.0653849 0.0613868 0.0566534 0.0514511 0.0459709 0.0403408 0.0346495 0.0289761 0.0234229 0.0181402 0.0133261 0.00919034 0.00589072
 0.00885504 0.0141181 0.0207542 0.02855 0.0371801 0.0461238 0.0546015 0.0617119 0.0667399 0.0693923 0.0697899 0.0682896 0.0653152 0.0612702 0.056503 0.0512868 0.0458137 0.0402076 0.0345504 0.0289144 0.0233967 0.0181432 0.0133488 0.00922188 0.00592171
 0.00867124 0.0138478 0.0204004 0.0281344 0.0367377 0.045693 0.0542175 0.0614037 0.0665306 0.0692981 0.0698167 0.0684301 0.0655481 0.0615643 0.0568244 0.0516068 0.0461145 0.040482 0.0347981 0.0291375 0.0235956 0.0183163 0.013493 0.00933485 0.00600357
 0.00853055 0.0136288 0.0200901 0.02773 0.0362504 0.0451514 0.0536684 0.0609071 0.0661463 0.0690686 0.0697574 0.0685304 0.0657806 0.0618942 0.0572155 0.0520249 0.0465301 0.040873 0.0351512 0.0294468 0.0238598 0.0185352 0.0136674 0.00946621 0.00609584
 0.00840677 0.0134309 0.0197989 0.027331 0.0357374 0.044533 0.0529747 0.060192 0.0654815 0.0685303 0.0694093 0.0684104 0.0658937 0.0622145 0.057695 0.0526059 0.0471554 0.0414939 0.0357311 0.0299612 0.0242955 0.0188877 0.0139384 0.00966272 0.00622877
 0.00835086 0.0133333 0.0196393 0.0270861 0.0353859 0.0440634 0.0523939 0.0595298 0.0647883 0.0678702 0.0688513 0.0680178 0.0657143 0.0622705 0.0579777 0.0530772 0.0477571 0.0421602 0.0364001 0.0305836 0.0248375 0.0193314 0.0142796 0.0099081 0.00639268
 0.00834809 0.0133307 0.0196381 0.0270857 0.0353803 0.0440375 0.0523223 0.0593819 0.0645392 0.0675141 0.0684097 0.0675398 0.0652662 0.0619216 0.0577833 0.0530662 0.0479257 0.0424747 0.0368075 0.0310252 0.0252616 0.019701 0.014575 0.0101253 0.00653944
 0.00829969 0.0132656 0.019565 0.0270212 0.0353438 0.044043 0.0523703 0.0594558 0.0646073 0.0675363 0.0683495 0.0673771 0.0650088 0.0616072 0.0574722 0.0528236 0.0478025 0.042493 0.0369562 0.0312672 0.0255473 0.0199831 0.0148191 0.010314 0.00667102
 0.00834751 0.0133296 0.0196368 0.0270861 0.0353876 0.0440605 0.0523708 0.059459 0.0646314 0.0675845 0.0684032 0.0674008 0.0649654 0.0614757 0.05726 0.0525678 0.0475581 0.042314 0.0368769 0.0312924 0.0256547 0.020135 0.0149774 0.0104511 0.00677371
 0.00836816 0.0133527 0.0196517 0.0270756 0.0353315 0.0439422 0.0521851 0.0592176 0.064364 0.0673338 0.0682127 0.0672998 0.0649565 0.0615343 0.0573472 0.0526503 0.0476242 0.0423754 0.0369579 0.0314125 0.025816 0.0203214 0.0151627 0.0106114 0.00689525
 0.00848274 0.0135353 0.0199185 0.0274354 0.0357798 0.0444539 0.0527098 0.0596846 0.0646993 0.0674836 0.0681616 0.0670733 0.0646084 0.0611251 0.0569251 0.052243 0.0472438 0.04203 0.0366601 0.0311783 0.0256567 0.0202357 0.0151358 0.0106207 0.00691942
 0.00855273 0.0136533 0.0201039 0.0277087 0.036158 0.0449421 0.0532924 0.0603195 0.0653207 0.0680123 0.0685217 0.0672116 0.0645085 0.0608119 0.056455 0.0516851 0.0466613 0.0414706 0.0361562 0.0307515 0.0253204 0.0199934 0.0149795 0.0105326 0.00687746
 0.0084543 0.0135122 0.0199273 0.027518 0.0359857 0.0448263 0.0532696 0.0604181 0.0655531 0.068367 0.0689591 0.0676679 0.0649095 0.0610935 0.056581 0.0516553 0.0465066 0.0412389 0.0358966 0.0305042 0.0251124 0.019838 0.0148775 0.0104756 0.00685206
 0.0082233 0.0131604 0.0194432 0.02691 0.035283 0.0440788 0.0525468 0.0598041 0.0651332 0.0682079 0.0690899 0.0680706 0.0655222 0.0618235 0.0573265 0.0523287 0.0470524 0.0416402 0.0361687 0.03068 0.0252268 0.0199185 0.0149403 0.0105273 0.00689351
 0.00813506 0.0130098 0.0192042 0.0265558 0.0347948 0.0434581 0.0518267 0.0590514 0.064437 0.0676605 0.068767 0.0680172 0.065745 0.0622889 0.0579654 0.0530504 0.0477652 0.0422719 0.0366794 0.0310632 0.0254998 0.0201079 0.0150714 0.0106182 0.00695568
 0.00777557 0.0124759 0.0184937 0.0256973 0.0338364 0.0424504 0.0508129 0.0580711 0.0635379 0.0669059 0.0682329 0.0677775 0.0658508 0.062751 0.0587466 0.0540697 0.048913 0.0434327 0.0377546 0.0319867 0.0262429 0.0206726 0.0154787 0.0108971 0.00713624
 0.00740355 0.0119096 0.0177147 0.0247182 0.0327009 0.0412294 0.0495983 0.0569635 0.062626 0.0662461 0.0678428 0.0676501 0.0659769 0.0631311 0.0593831 0.0549475 0.0499838 0.044614 0.0389455 0.033091 0.0271896 0.0214265 0.016038 0.0112841 0.00738552
#obs surv len freq
 nan nan nan nan nan nan nan nan nan nan nan nan nan nan nan nan nan nan nan nan nan nan nan nan nan
 0.00448499 0.00734651 0.0111767 0.0159932 0.0216941 0.0279696 0.0342837 0.0400148 0.0446941 0.0481575 0.050515 0.0520105 0.0529024 0.0534144 0.0537285 0.0539832 0.0542616 0.0545542 0.0546929 0.0542848 0.0527229 0.0493551 0.043805 0.0362852 0.0276691
 0.00461677 0.00756293 0.0115061 0.0164622 0.022321 0.0287545 0.0351978 0.0409987 0.0456658 0.0490288 0.0512084 0.0524705 0.0531012 0.0533517 0.0534265 0.0534796 0.0536001 0.0537779 0.0538409 0.0533944 0.051833 0.0485092 0.0430482 0.0356557 0.027188
 0.00477909 0.00782846 0.0119089 0.0170352 0.0230898 0.0297272 0.0363541 0.0422839 0.0469956 0.0503025 0.0523234 0.0533357 0.0536467 0.0535366 0.0532425 0.0529486 0.0527678 0.0527039 0.0525921 0.0520411 0.0504509 0.0471789 0.0418498 0.0346552 0.0264219
 0.00497269 0.00814483 0.012388 0.0177156 0.0240009 0.0308784 0.0377223 0.043809 0.0485879 0.0518574 0.0537358 0.0545081 0.054494 0.0539911 0.0532602 0.0525154 0.0519021 0.0514552 0.0510363 0.0502764 0.0485934 0.0453567 0.0401892 0.0332596 0.0253493
 0.00518376 0.00849093 0.0129145 0.0184667 0.0250116 0.0321607 0.0392519 0.0455199 0.0503815 0.0536206 0.0553578 0.0558896 0.0555492 0.0546476 0.0534602 0.0522197 0.051097 0.0501607 0.0493125 0.0482268 0.0463617 0.0431151 0.0381143 0.0314984 0.0239874
 0.00541182 0.00886414 0.0134809 0.0192729 0.0260944 0.0335337 0.0408908 0.0473569 0.052314 0.0555297 0.0571266 0.0574137 0.0567406 0.0554335 0.053781 0.0520285 0.0503631 0.0488793 0.0475194 0.0460122 0.0438766 0.0405603 0.0357085 0.0294314 0.0223761
 0.00564664 0.00924861 0.0140647 0.0201043 0.0272116 0.0349503 0.0425813 0.0492512 0.0543068 0.0575006 0.0589583 0.0590025 0.0579994 0.0562903 0.0541765 0.0519137 0.0496998 0.0476483 0.0457363 0.0437489 0.0412765 0.0378334 0.0330989 0.0271613 0.0205899
 0.00588119 0.00963317 0.0146496 0.0209388 0.0283345 0.0363757 0.0442833 0.0511582 0.0563118 0.0594812 0.0607964 0.0605957 0.0592635 0.057158 0.0545934 0.0518339 0.049085 0.0464728 0.0440031 0.0415134 0.0386679 0.0350574 0.0304074 0.024794 0.0187105
 0.00612231 0.0100291 0.0152528 0.0218005 0.0294949 0.0378479 0.0460371 0.053115 0.0583558 0.0614821 0.0626312 0.062161 0.0604792 0.0579649 0.0549481 0.0517024 0.0484382 0.0452894 0.0422831 0.0393018 0.0360803 0.0322876 0.0277026 0.0223975 0.016795
 0.0063689 0.0104304 0.0158578 0.0226552 0.0306343 0.0392825 0.0477386 0.0550105 0.0603362 0.0634224 0.0644097 0.0636732 0.0616427 0.0587207 0.0552565 0.051537 0.0477799 0.0441256 0.0406175 0.0371758 0.0335978 0.0296263 0.0250944 0.0200758 0.0149302
 0.00658931 0.0107975 0.016426 0.02348 0.0317596 0.0407219 0.0494573 0.0569208 0.0623131 0.0653301 0.0661256 0.0650995 0.0627082 0.0593769 0.0554732 0.0512967 0.0470731 0.0429495 0.0389833 0.0351265 0.0312296 0.0271013 0.0226244 0.0178763 0.0131604
 0.00682543 0.0111818 0.0170054 0.0242991 0.032853 0.042101 0.0510961 0.058748 0.0642188 0.0671837 0.0677976 0.0664784 0.0637115 0.0599542 0.0556021 0.0509737 0.0463048 0.0417481 0.0373715 0.0331519 0.0289845 0.0247329 0.020323 0.0158341 0.0115195
 0.0070708 0.0115836 0.0176152 0.0251651 0.034009 0.0435502 0.0527947 0.0606028 0.0661027 0.0689621 0.0693515 0.067715 0.0645657 0.060386 0.0555943 0.0505284 0.0454377 0.0404844 0.0357468 0.0312221 0.0268405 0.0225096 0.0181884 0.0139554 0.0100178
 0.00729738 0.0119563 0.0181839 0.0259781 0.035103 0.0449329 0.054429 0.0624005 0.067937 0.0706927 0.0708494 0.0688801 0.0653325 0.0607229 0.0554968 0.0500112 0.0445271 0.0392147 0.0341622 0.0293842 0.024839 0.0204678 0.0162533 0.0122689 0.00867936
 0.00745002 0.0122115 0.0185813 0.0265597 0.0359049 0.0459729 0.0556919 0.0638326 0.069451 0.0721822 0.0722053 0.070003 0.0661424 0.0611656 0.0555465 0.0496678 0.0438106 0.0381594 0.0328151 0.0278087 0.0231219 0.0187214 0.0146055 0.0108394 0.00754946
 0.00751976 0.0123242 0.0187504 0.0268002 0.036234 0.0464092 0.0562529 0.0645281 0.0702762 0.0731118 0.0731898 0.0709717 0.0670121 0.0618524 0.0559781 0.0497935 0.0436059 0.037627 0.0319834 0.0267315 0.0218785 0.0174139 0.0133478 0.00973603 0.00667172
 0.0076 0.012448 0.0189245 0.0270267 0.0365108 0.0467317 0.0566148 0.0649241 0.0707043 0.073574 0.0736894 0.0715042 0.0675563 0.0623656 0.0564003 0.0500582 0.043655 0.0374234 0.0315196 0.0260337 0.0210059 0.0164527 0.0123974 0.00888853 0.00599105
 0.00769163 0.0125876 0.0191169 0.0272696 0.0367953 0.0470433 0.0569353 0.0652337 0.0709868 0.0738223 0.0739088 0.0717101 0.0677653 0.0625844 0.0566164 0.050237 0.0437462 0.0373748 0.0312939 0.0256221 0.0204353 0.0157829 0.0117077 0.00825732 0.00547564
 0.00772832 0.0126491 0.0192126 0.0274082 0.0369817 0.0472742 0.0571963 0.0655005 0.0712321 0.074025 0.0740609 0.0718182 0.0678461 0.0626571 0.0566932 0.0503155 0.0438055 0.0373788 0.0312029 0.0254089 0.0200989 0.0153535 0.0112394 0.00781153 0.00510165
 0.00776272 0.0126951 0.019264 0.0274546 0.037013 0.0472874 0.0571993 0.0655099 0.0712653 0.0740917 0.0741587 0.0719361 0.0679715 0.0627821 0.0568154 0.0504335 0.0439123 0.0374571 0.0312269 0.0253532 0.0199512 0.0151236 0.0109595 0.00752575 0.00485019
 0.00781927 0.0127832 0.0193885 0.0276156 0.0372033 0.0474911 0.057392 0.0656644 0.0713603 0.0741216 0.0741353 0.0718821 0.0679098 0.0627274 0.0567733 0.0504034 0.0438893 0.0374322 0.0311858 0.0252791 0.0198313 0.0149574 0.010762 0.00732304 0.0046694
 0.00785177 0.0128336 0.0194598 0.0277088 0.0373174 0.0476224 0.0575333 0.0658036 0.0714819 0.074209 0.0741767 0.0718751 0.0678631 0.0626578 0.0566989 0.0503374 0.0438366 0.0373892 0.031143 0.0252237 0.0197525 0.0148514 0.0106351 0.00719012 0.00454811
 0.00788267 0.0128778 0.0195154 0.0277702 0.0373777 0.0476758 0.0575775 0.0658402 0.071514 0.074239 0.0742039 0.0718956 0.0678717 0.0626513 0.0566788 0.0503092 0.0438071 0.0373623 0.0311172 0.025193 0.0197092 0.0147911 0.0105599 0.00710832 0.00447097
 0.00788467 0.0128817 0.0195221 0.0277806 0.0373912 0.0476901 0.057588 0.065842 0.0715048 0.0742214 0.0741853 0.0718849 0.0678748 0.0626683 0.0567049 0.050338 0.0438335 0.0373838 0.031132 0.0251987 0.0197026 0.0147698 0.010525 0.00706494 0.0044267
 0.00789736 0.0128966 0.0195343 0.0277823 0.0373749 0.0476519 0.0575308 0.0657747 0.0714389 0.0741664 0.0741472 0.0718661 0.0678761 0.0626895 0.0567442 0.0503907 0.043893 0.0374427 0.0311839 0.0252387 0.0197278 0.0147789 0.0105192 0.00704853 0.00440537
 0.00790494 0.0129079 0.0195489 0.0277985 0.0373888 0.0476574 0.0575208 0.0657429 0.0713835 0.074093 0.0740675 0.0717949 0.067826 0.0626674 0.0567508 0.0504219 0.0439418 0.0375007 0.0312426 0.0252909 0.0197678 0.0148043 0.0105303 0.0070482 0.00439811
 0.00788698 0.0128791 0.0195065 0.0277406 0.0373149 0.04757 0.057425 0.0656465 0.0712947 0.0740183 0.0740114 0.0717606 0.0678166 0.0626858 0.056798 0.0504958 0.0440361 0.0376064 0.0313494 0.025389 0.01985 0.0148663 0.0105717 0.00707175 0.00440858
 0.00787899 0.0128611 0.0194705 0.0276765 0.0372141 0.0474294 0.0572517 0.0654575 0.0711132 0.073867 0.0739069 0.0717107 0.0678207 0.0627381 0.0568897 0.0506176 0.0441784 0.0377588 0.0315014 0.0255301 0.0199715 0.0149627 0.0106414 0.00711716 0.00443482
 0.00788154 0.0128635 0.0194706 0.0276702 0.0371952 0.0473904 0.0571852 0.0653589 0.0709843 0.0737182 0.0737567 0.0715809 0.0677306 0.062699 0.0569035 0.050678 0.0442745 0.0378781 0.0316308 0.0256577 0.0200869 0.0150585 0.010714 0.00716706 0.00446564
 0.00783879 0.0127945 0.0193678 0.0275278 0.0370112 0.0471691 0.0569394 0.0651091 0.070754 0.0735285 0.0736222 0.0715096 0.0677258 0.0627601 0.0570262 0.0508531 0.0444879 0.0381124 0.0318681 0.0258814 0.0202838 0.0152198 0.0108366 0.00725267 0.00452023
 0.00782378 0.0127667 0.0193196 0.0274503 0.0368958 0.0470116 0.0567428 0.0648858 0.0705235 0.0733137 0.0734446 0.071386 0.0676662 0.0627675 0.0570978 0.0509814 0.0446619 0.0383177 0.0320876 0.0260976 0.0204808 0.015386 0.0109658 0.007345 0.00458043
 0.00780243 0.0127309 0.0192638 0.0273682 0.0367819 0.0468626 0.05656 0.0646764 0.0703011 0.0730963 0.0732527 0.0712394 0.0675803 0.0627513 0.0571524 0.0511008 0.0448342 0.0385273 0.0323167 0.0263275 0.0206941 0.015569 0.0111106 0.00745004 0.00464998
 0.00776986 0.0126785 0.019186 0.0272604 0.0366412 0.0466898 0.0563608 0.0644618 0.0700857 0.0728962 0.0730827 0.0711125 0.067507 0.0627391 0.0572047 0.0512156 0.0450037 0.0387381 0.0325516 0.0265672 0.0209199 0.0157656 0.0112683 0.00756604 0.00472779
 0.00772751 0.0126095 0.0190822 0.0271146 0.0364496 0.0464544 0.0560928 0.064181 0.0698173 0.0726648 0.0729074 0.0710046 0.0674707 0.0627733 0.0573049 0.0513748 0.0452123 0.0389836 0.0328181 0.0268363 0.021173 0.0159865 0.0114463 0.00769781 0.00481683
 0.00768011 0.0125325 0.0189664 0.0269518 0.0362348 0.0461887 0.0557864 0.0638545 0.0694988 0.0723843 0.0726913 0.0708714 0.0674291 0.0628225 0.0574362 0.0515747 0.0454649 0.0392716 0.0331233 0.0271397 0.021456 0.0162329 0.0116452 0.00784558 0.00491718
 0.00767817 0.0125243 0.0189445 0.0269059 0.0361536 0.0460638 0.0556156 0.0636436 0.069261 0.0721384 0.0724592 0.0706752 0.0672886 0.0627522 0.057443 0.0516571 0.0456137 0.0394722 0.0333574 0.0273874 0.0216971 0.0164497 0.0118248 0.00798188 0.00501146
 0.00766498 0.0125061 0.0189228 0.0268831 0.0361308 0.0460382 0.0555792 0.0635848 0.0691695 0.0720105 0.072301 0.0705022 0.0671224 0.0626154 0.0573548 0.0516302 0.0456523 0.0395715 0.0335049 0.0275653 0.021885 0.0166281 0.0119784 0.00810199 0.00509648
 0.00763094 0.0124573 0.0188615 0.026816 0.0360673 0.0459875 0.0555475 0.0635727 0.069171 0.0720138 0.0722916 0.0704685 0.067061 0.062534 0.0572702 0.0515631 0.0456211 0.039587 0.0335683 0.0276679 0.0220115 0.0167602 0.0120998 0.00820124 0.00516913
 0.00761697 0.0124306 0.0188148 0.0267411 0.0359594 0.0458496 0.0553937 0.0634263 0.0690572 0.0719497 0.0722797 0.0704972 0.0671102 0.0625842 0.0573101 0.0515925 0.0456492 0.039627 0.0336304 0.0277548 0.0221176 0.0168736 0.0122068 0.008291 0.00523623
 0.00759558 0.0123976 0.0187678 0.0266786 0.0358797 0.0457509 0.055275 0.0632903 0.068913 0.0718138 0.0721731 0.0704375 0.0671053 0.0626284 0.0573877 0.0516856 0.0457449 0.0397209 0.0337249 0.0278539 0.0222219 0.0169785 0.0123042 0.00837299 0.0052982
 0.00758545 0.0123826 0.0187479 0.0266547 0.0358529 0.0457221 0.0552436 0.0632543 0.0688691 0.0717593 0.0721082 0.0703682 0.0670425 0.0625849 0.0573721 0.051699 0.0457817 0.039773 0.0337857 0.0279203 0.0222923 0.0170503 0.0123726 0.00843258 0.00534485
 0.00757789 0.0123685 0.0187237 0.0266163 0.0357975 0.04565 0.0551601 0.0631686 0.0687914 0.0716972 0.0720643 0.0703403 0.0670276 0.0625814 0.0573817 0.051725 0.0458257 0.0398334 0.0338579 0.0279985 0.0223711 0.0171254 0.01244 0.00848878 0.00538783
 0.00754104 0.0123148 0.0186543 0.0265358 0.0357123 0.0455655 0.055079 0.063092 0.0687207 0.071636 0.0720184 0.0703154 0.0670263 0.0626027 0.0574222 0.0517806 0.0458935 0.0399111 0.0339429 0.028087 0.0224581 0.0172059 0.0125098 0.00854503 0.00542959
 0.00754124 0.0123093 0.0186355 0.0264943 0.0356402 0.0454619 0.0549532 0.0629616 0.0686056 0.0715503 0.071967 0.0702957 0.0670324 0.0626295 0.057466 0.0518387 0.0459632 0.0399895 0.0340267 0.0281726 0.0225414 0.0172825 0.0125757 0.0085977 0.00546828
 0.00751542 0.0122724 0.018589 0.0264417 0.0355846 0.0454033 0.0548873 0.0628828 0.0685122 0.071449 0.071872 0.0702237 0.0669957 0.0626319 0.0575036 0.0519034 0.0460463 0.0400835 0.0341255 0.0282708 0.0226344 0.0173657 0.0126457 0.00865242 0.00550771
 0.00750767 0.0122572 0.0185617 0.0263971 0.0355197 0.0453196 0.0547925 0.0627886 0.0684293 0.0713827 0.0718217 0.0701865 0.0669714 0.0626241 0.0575175 0.0519419 0.0461079 0.0401627 0.034215 0.0283634 0.0227233 0.0174457 0.0127129 0.00870477 0.00554523
 0.00751287 0.0122663 0.0185764 0.0264184 0.0355469 0.0453486 0.0548158 0.0627973 0.0684168 0.0713477 0.0717687 0.0701235 0.0669061 0.0625629 0.0574658 0.0519048 0.0460897 0.0401654 0.034237 0.0284001 0.0227683 0.0174925 0.0127559 0.00874036 0.00557183
 0.0075048 0.0122556 0.0185648 0.0264092 0.035544 0.0453555 0.0548337 0.0628239 0.0684463 0.071372 0.0717799 0.0701166 0.0668808 0.0625239 0.0574206 0.0518615 0.0460554 0.0401451 0.0342331 0.0284117 0.0227918 0.0175224 0.0127867 0.00876759 0.00559304
 0.0075047 0.0122545 0.0185614 0.0264022 0.0355329 0.0453415 0.0548204 0.0628166 0.0684496 0.0713872 0.0718038 0.0701419 0.0668992 0.0625291 0.0574107 0.0518396 0.0460281 0.0401198 0.0342161 0.0284061 0.0227977 0.0175368 0.0128053 0.00878621 0.00560865
 0.0075047 0.0122545 0.0185614 0.0264022 0.0355329 0.0453415 0.0548204 0.0628166 0.0684496 0.0713872 0.0718038 0.0701419 0.0668992 0.0625291 0.0574107 0.0518396 0.0460281 0.0401198 0.0342161 0.0284061 0.0227977 0.0175368 0.0128053 0.00878621 0.00560865
 0.00733887 0.0119951 0.018191 0.025914 0.0349345 0.0446598 0.0541053 0.0621387 0.0678884 0.0710119 0.0716565 0.0702291 0.0671942 0.0629815 0.0579595 0.0524265 0.0466061 0.0406572 0.0346946 0.0288175 0.0231391 0.017809 0.0130118 0.00893342 0.00570625
 0.00735152 0.0119909 0.0181392 0.0257717 0.0346589 0.0442274 0.0535279 0.0614673 0.0672011 0.0703947 0.0711842 0.0699535 0.0671387 0.0631395 0.0582981 0.0528938 0.0471428 0.0412081 0.0352163 0.0292812 0.0235294 0.0181207 0.013247 0.00910016 0.00581612
 0.00725474 0.011847 0.0179463 0.0255326 0.0343753 0.0438925 0.0531259 0.0609825 0.0666356 0.0697823 0.0705924 0.0694684 0.0668397 0.0630768 0.0584815 0.0532938 0.0477019 0.041855 0.035881 0.0299056 0.0240734 0.018563 0.013583 0.0093378 0.00597175
 0.00719532 0.0117409 0.0177702 0.0252621 0.0339939 0.0434035 0.0525594 0.0603897 0.0660703 0.0692826 0.0701749 0.0691407 0.066617 0.0629887 0.0585622 0.0535635 0.0481518 0.0424445 0.0365471 0.0305787 0.0246925 0.019086 0.0139902 0.00962991 0.00616435
 0.00722849 0.011794 0.0178472 0.0253622 0.0341075 0.043508 0.0526196 0.0603657 0.0659325 0.0690252 0.0698191 0.0687262 0.0661895 0.0625928 0.0582409 0.0533574 0.0480919 0.0425411 0.036782 0.0309082 0.02506 0.0194377 0.0142879 0.00985586 0.00631895
 0.00720958 0.0117729 0.017833 0.0253695 0.0341515 0.0435979 0.0527509 0.0605172 0.066068 0.0691021 0.0698009 0.0685948 0.0659524 0.062282 0.0579047 0.0530495 0.0478614 0.0424231 0.0367902 0.0310303 0.0252611 0.0196719 0.0145119 0.0100405 0.00645271
 0.00720063 0.0117573 0.0178085 0.0253349 0.0341097 0.0435579 0.0527287 0.0605308 0.066129 0.0692058 0.0699228 0.0686955 0.0659917 0.0622349 0.0577715 0.0528571 0.0476547 0.0422512 0.0366916 0.0310224 0.0253363 0.0198027 0.0146626 0.0101798 0.00656191
 0.00717125 0.011714 0.0177515 0.0252671 0.0340355 0.043482 0.0526561 0.0604678 0.0660853 0.0691933 0.0699507 0.0687635 0.0660849 0.0623256 0.0578293 0.0528632 0.0476109 0.0421806 0.0366284 0.0309972 0.0253638 0.0198777 0.0147649 0.0102848 0.00665069
 0.00720663 0.0117694 0.0178306 0.0253718 0.0341649 0.0436315 0.0528161 0.0606242 0.0662208 0.0692921 0.070003 0.0687682 0.066048 0.062255 0.0577297 0.0527344 0.047453 0.0420013 0.0364461 0.0308371 0.0252479 0.0198154 0.0147505 0.0103018 0.00668064
 0.00723904 0.0118263 0.0179237 0.0255136 0.0343645 0.043889 0.0531174 0.0609411 0.0665169 0.0695321 0.0701607 0.0688306 0.0660155 0.0621384 0.0575466 0.0525039 0.0471926 0.0417268 0.0361741 0.0305867 0.0250383 0.0196597 0.0146511 0.01025 0.00666128
 0.00717059 0.011721 0.0177772 0.025328 0.0341508 0.0436681 0.0529202 0.0608032 0.066469 0.0695883 0.0703127 0.0690498 0.0662631 0.0623772 0.0577486 0.0526539 0.0472871 0.0417707 0.0361783 0.0305655 0.0250075 0.0196331 0.0146368 0.0102493 0.00666996
 0.00709174 0.0115903 0.0175768 0.0250417 0.0337701 0.0432012 0.0523988 0.0602831 0.06602 0.0692766 0.0701839 0.069118 0.0665091 0.0627557 0.0582005 0.053121 0.0477229 0.0421465 0.0364824 0.0307998 0.0251818 0.0197608 0.0147303 0.0103177 0.00671919
 0.00706052 0.0115291 0.0174652 0.0248542 0.033482 0.0427982 0.0518877 0.0596964 0.0654131 0.0687193 0.0697473 0.0688617 0.0664684 0.062933 0.0585647 0.0536152 0.0482791 0.0427007 0.0369868 0.0312265 0.025522 0.0200187 0.0149173 0.0104476 0.00680507
 0.00694589 0.0113487 0.0172045 0.0245029 0.0330344 0.0422555 0.0512613 0.0590117 0.0647116 0.068056 0.069186 0.0684659 0.0662913 0.0630056 0.0588874 0.0541546 0.0489732 0.0434718 0.0377566 0.0319315 0.0261209 0.0204938 0.0152704 0.0106935 0.00696494
 0.00704013 0.0114864 0.0173824 0.0247064 0.0332396 0.042433 0.0513794 0.0590393 0.0646209 0.0678297 0.0688259 0.0680002 0.0657752 0.0625135 0.0584952 0.0539203 0.0489209 0.0435869 0.0379938 0.0322307 0.0264253 0.0207624 0.0154824 0.0108454 0.00706459
#pred catch len freq
