SBPRF35
12.7214
Curr Bio
913996
B35
889509
F35
0.171258
FOFL
0.171258
OFL
131834
Bzero
3.63469e+006
#pred survey bio
 3.70385e+006 3.57955e+006 3.46519e+006 3.29477e+006 3.09838e+006 2.84926e+006 2.56889e+006 2.33693e+006 2.10797e+006 1.88068e+006 1.67957e+006 1.44701e+006 1.28689e+006 1.1111e+006 958087 843335 756467 704597 664331 636281 604691 574250 552567 544894 537479 535568 537318 536095 529755 537029 545136 554647 559898 568270 576922 598693 610908 614039 625282 639390 653289 669042 676146 688953 705807 708487 712877 713286 713211 709144 717729 744254 763551 786127 809306 821148 826819 825321 840027 834151 825135 831585 853281 867106 902468 921186 2.17982e+007 1.99189e+007 2.01815e+007 2.08699e+007 2.18335e+007 2.28998e+007 2.39398e+007 2.48767e+007 2.56769e+007 2.63357e+007 2.68643e+007 2.72809e+007 2.76055e+007 2.78563e+007 2.80495e+007 2.81979e+007 2.83121e+007 2.84e+007 2.84679e+007 2.85206e+007 2.85615e+007 2.85936e+007 2.86187e+007 2.86385e+007 2.86542e+007 2.86667e+007 2.86766e+007 2.86845e+007 2.86909e+007 2.8696e+007 2.87001e+007 2.87034e+007 2.87061e+007 2.87083e+007 2.871e+007 2.87115e+007 2.87126e+007 2.87136e+007 2.87144e+007 2.8715e+007 2.87155e+007 2.87159e+007 2.87163e+007 2.87166e+007 2.87168e+007 2.8717e+007 2.87171e+007 2.87173e+007 2.87174e+007 2.87175e+007 2.87175e+007 2.87176e+007 2.87176e+007 2.87177e+007 2.87177e+007 2.87177e+007 2.87177e+007 2.87178e+007 2.87178e+007 2.87178e+007 2.87178e+007 2.87178e+007 2.87178e+007 2.87178e+007 2.87178e+007 2.87178e+007 2.87178e+007 2.87178e+007 2.87178e+007 2.87178e+007 2.87178e+007 2.87178e+007 2.87178e+007 2.87178e+007 2.87178e+007 2.87178e+007 2.87178e+007 2.87178e+007 2.87178e+007 2.87178e+007 2.87178e+007 2.87178e+007 2.87178e+007 2.87178e+007 2.87178e+007 2.87178e+007 2.87178e+007 2.87178e+007 2.87178e+007 2.87178e+007 2.87178e+007 2.87178e+007 2.87178e+007 2.87178e+007 2.87178e+007 2.87178e+007 2.87178e+007 2.87178e+007 2.87178e+007 2.87178e+007 0 0 0 0 0 0 0 0 0 0 0 0 0 0 0 0 0 0 0 0 0 0 0 0 0
#obs survey bio
 3.3318e+006 5.00464e+006 3.30945e+006 3.614e+006 3.49429e+006 2.07136e+006 2.54008e+006 1.83185e+006 2.17249e+006 1.57711e+006 2.91495e+006 1.66944e+006 1.4569e+006 1.4403e+006 746298 793866 748945 457612 691954 835969 498588 510022 523469 748138 523335 741064 462769 671998 490539 672499 551028 333596 481338 491558 603664 774683 638108 559005 787952 637569 422739 483403 841168 870718 909834 581513 615423 818730 674406 608048 550351 684975 838017 914285 832783 838254 952413 899384 743150 691198 755119 919849 782054 979044 1.09278e+006 1.16443e+006
#pred catch bio
 99255.8 98047.8 160606 197489 261256 307018 280338 294061 306895 294553 329653 269821 286482 265823 230703 204163 171418 158676 144617 143148 137566 126310 111744 109647 103730 99893.3 101571 104652 92667.6 92755.7 93006.6 98018.5 96199.4 96828.1 87358 97106.6 105405 99197.2 98032.4 99825.1 100234 108737 104180 101300 113365 111287 113971 113563 116402 105994 92894 101440 99942.2 100229 110073 115005 120523 106605 124777 127773 115955 105492 114205 97448.1 113436 107575 131834 131636 132246 135674 141297 147681 153876 159369 163956 167625 170466 172615 174209 175376 176219 176824 177254 177558 177772 177923 178028 178101 178152 178187 178212 178229 178241 178249 178254 178258 178261 178263 178264 178265 178265 178266 178266 178266 178267 178267 178267 178267 178267 178267 178267 178267 178267 178267 178267 178267 178267 178267 178267 178267 178267 178267 178267 178267 178267 178267 178267 178267 178267 178267 178267 178267 178267 178267 178267 178267 178267 178267 178267 178267 178267 178267 178267 178267 178267 178267 178267 178267 178267 178267 178267 178267 178267 178267 178267 178267 178267 178267 178267 178267 178267 178267 178267 178267 178267 178267 0 0 0 0 0 0 0 0 0 0 0 0 0 0 0 0 0 0 0 0 0 0 0 0 0
#obs catch bio
 0 97648.1 160922 197292 261089 307586 279988 294765 307677 295966 330230 268478 287514 267372 233303 207214 173554 160991 145944 143168 137563 127263 112274 109496 103733 99928.9 101410 104485 92366 92355.4 92510.4 98629.5 96518.5 96990.3 87383.2 97070.8 105689 99506.1 98132.3 99709.6 100528 109607 104290 101030 113032 111087 113788 112910 115884 105624 92399.3 101437 100007 100045 110007 114848 120492 106093 124253 127532 115823 105420 114910 97266.9 113905 107505
#pred cpue bio
 3.66119e+006 3.5383e+006 3.42383e+006 3.25327e+006 3.05726e+006 2.8087e+006 2.52908e+006 2.29753e+006 2.06917e+006 1.84276e+006 1.64278e+006 1.41214e+006 1.25295e+006 1.07863e+006 927179 813680 728125 677360 638232 611347 580961 551375 530381 523245 516236 514460 516363 515357 509287 516436 524300 533340 538347 546653 555140 576444 588437 591454 602418 616257 629729 644969 652048 664862 681580 684324 688734 689303 689329 685275 693526 719397 738386 760796 783866 795652 801229 799786 814257 808279 798997 804946 826157 839935 874852 893301 2.11494e+007 1.93277e+007 1.94887e+007 2.00851e+007 2.10239e+007 2.20856e+007 2.31249e+007 2.40617e+007 2.48619e+007 2.55207e+007 2.60493e+007 2.64659e+007 2.67905e+007 2.70414e+007 2.72345e+007 2.7383e+007 2.74971e+007 2.7585e+007 2.76529e+007 2.77056e+007 2.77465e+007 2.77786e+007 2.78037e+007 2.78235e+007 2.78392e+007 2.78517e+007 2.78616e+007 2.78695e+007 2.78759e+007 2.7881e+007 2.78851e+007 2.78884e+007 2.78911e+007 2.78933e+007 2.7895e+007 2.78965e+007 2.78976e+007 2.78986e+007 2.78994e+007 2.79e+007 2.79005e+007 2.79009e+007 2.79013e+007 2.79016e+007 2.79018e+007 2.7902e+007 2.79022e+007 2.79023e+007 2.79024e+007 2.79025e+007 2.79025e+007 2.79026e+007 2.79026e+007 2.79027e+007 2.79027e+007 2.79027e+007 2.79028e+007 2.79028e+007 2.79028e+007 2.79028e+007 2.79028e+007 2.79028e+007 2.79028e+007 2.79028e+007 2.79028e+007 2.79028e+007 2.79028e+007 2.79028e+007 2.79028e+007 2.79028e+007 2.79028e+007 2.79028e+007 2.79028e+007 2.79028e+007 2.79028e+007 2.79028e+007 2.79028e+007 2.79028e+007 2.79028e+007 2.79028e+007 2.79028e+007 2.79028e+007 2.79028e+007 2.79028e+007 2.79028e+007 2.79028e+007 2.79028e+007 2.79028e+007 2.79028e+007 2.79028e+007 2.79028e+007 2.79028e+007 2.79028e+007 2.79028e+007 2.79028e+007 2.79028e+007 2.79028e+007 2.79028e+007 2.79028e+007 2.79028e+007 0 0 0 0 0 0 0 0 0 0 0 0 0 0 0 0 0 0 0 0 0 0 0 0 0
#obs cpue bio
 4.76723e+006 3.26866e+006 3.31721e+006 3.10519e+006 3.1837e+006 3.0568e+006 2.61337e+006 2.18182e+006 2.0992e+006 1.49507e+006 1.56737e+006 1.47641e+006 767244 682552 757540 605782 606079 782796 655255 773297 707453 378015 548795 587125 473234 356437 704870 460305 565654 503766 581300 392207 689974 745956 471335 542975 470468 532087 553966 758840 630135 637589 800827 675776 658506 712697 842728 869847 765392 775418 1.00153e+006 594269 579023 807685 752666 820981 721412 874669 1.16573e+006 821269 784222 614719 599058 1.05503e+006 561762 924348
#pred surv len freq
 0.00420803 0.00693508 0.0106301 0.0153371 0.0209746 0.0272424 0.0336054 0.0394403 0.0442748 0.047937 0.0505225 0.0522509 0.0533446 0.0539772 0.054273 0.0543263 0.0542237 0.0540439 0.0537992 0.0533193 0.0521504 0.0496076 0.0450651 0.0383762 0.0301352
 0.00450827 0.00733624 0.0110761 0.0157297 0.0212101 0.0272642 0.0334386 0.0391801 0.0440323 0.0477796 0.050447 0.0522074 0.0532867 0.0539051 0.0542411 0.0544136 0.0544838 0.0544595 0.0542664 0.0536745 0.0522352 0.0493416 0.0444858 0.0376211 0.029376
 0.00458002 0.007512 0.0114426 0.0163852 0.0222166 0.0285877 0.0349157 0.0405527 0.0450476 0.0482969 0.0504817 0.0518871 0.0527651 0.0532984 0.053619 0.0538246 0.0539718 0.0540496 0.0539355 0.0533404 0.0517858 0.048696 0.043647 0.0366829 0.0284781
 0.00470961 0.0077094 0.0117204 0.0167601 0.0227227 0.0292837 0.0358715 0.0418057 0.0465462 0.0498717 0.0518804 0.0528676 0.0531913 0.0531792 0.0530747 0.0530169 0.0530456 0.0531043 0.0530152 0.0524348 0.0508488 0.0476847 0.042565 0.0355972 0.0274932
 0.00488018 0.00798751 0.0121392 0.0173481 0.0234957 0.0302366 0.0369757 0.0430188 0.0478285 0.0511909 0.0531908 0.0540775 0.0541551 0.0537357 0.0531149 0.0525331 0.0521286 0.0518957 0.0516492 0.0510015 0.0493921 0.0462281 0.0411458 0.0342832 0.0263676
 0.00509385 0.00833906 0.0126759 0.0181163 0.0245309 0.0315476 0.0385286 0.0447319 0.0495862 0.0528718 0.054695 0.0553361 0.0551164 0.054342 0.0532921 0.0522103 0.0512768 0.0505557 0.0499261 0.0490322 0.047312 0.0441586 0.0391988 0.0325638 0.0249618
 0.005374 0.00879182 0.0133526 0.0190636 0.025783 0.0331133 0.0403761 0.0467811 0.0517155 0.0549376 0.056555 0.0568693 0.0562354 0.0549926 0.0534418 0.0518339 0.0503543 0.0490892 0.0479641 0.046683 0.0447358 0.0415449 0.036739 0.0304228 0.0232502
 0.00559909 0.00916207 0.0139181 0.019874 0.0268791 0.0345123 0.0420569 0.0486789 0.0537302 0.0569516 0.0584487 0.0585295 0.0575593 0.0558927 0.05385 0.051702 0.0496532 0.0478115 0.0461379 0.0443906 0.0421257 0.0388229 0.0341354 0.0281442 0.021434
 0.00582551 0.00953511 0.0144889 0.0206943 0.0279915 0.0359355 0.0437698 0.0506136 0.0557813 0.0589954 0.0603627 0.0602043 0.0589025 0.0568274 0.0543121 0.0516385 0.0490231 0.0465935 0.0443446 0.0420888 0.0394542 0.0359914 0.0313939 0.0257279 0.0195042
 0.00601394 0.00985749 0.015004 0.0214671 0.0290801 0.0373697 0.0455296 0.0526222 0.0579171 0.061117 0.0623335 0.0619072 0.0602455 0.0577424 0.0547492 0.051559 0.0483951 0.045395 0.0425788 0.0398086 0.036785 0.0331362 0.0286069 0.0232563 0.0175231
 0.0061744 0.0101234 0.0154148 0.0220662 0.0299105 0.0384644 0.0468988 0.0542418 0.0597242 0.0630141 0.0641994 0.0636128 0.061671 0.0587904 0.055349 0.0516625 0.0479694 0.04442 0.0410557 0.037781 0.034363 0.030506 0.0260089 0.0209312 0.0156472
 0.00660031 0.0107888 0.0163658 0.0233268 0.0314791 0.0403087 0.0489501 0.0563946 0.0618502 0.0649852 0.0659067 0.0649745 0.0626294 0.0593062 0.055397 0.0512276 0.0470431 0.0430004 0.0391558 0.0354476 0.0317012 0.0276915 0.023271 0.0185018 0.0136965
 0.00680809 0.0111495 0.0169494 0.0242088 0.0327183 0.0419167 0.050865 0.0584821 0.0639359 0.0669028 0.0675338 0.0662411 0.0635046 0.0597784 0.0554591 0.0508706 0.0462564 0.041777 0.0375032 0.0334057 0.0293623 0.0252105 0.0208505 0.016348 0.0119623
 0.00710194 0.0116305 0.0176799 0.0252508 0.0341227 0.0437045 0.053004 0.0608708 0.0664064 0.0692455 0.0695366 0.067732 0.0643839 0.0600272 0.0551218 0.0500215 0.0449683 0.0401062 0.0354946 0.0311134 0.0268755 0.0226679 0.0184302 0.0142292 0.0102747
 0.00743367 0.0121627 0.0184676 0.02634 0.035542 0.0454517 0.0550316 0.0630809 0.0686614 0.0713886 0.0714116 0.0691975 0.0653254 0.0603726 0.0548534 0.0491763 0.0436223 0.038351 0.0334211 0.0288122 0.0244505 0.0202503 0.0161737 0.0122823 0.00873969
 0.0075875 0.0124352 0.0189188 0.0270382 0.0365474 0.0467902 0.0566721 0.0649302 0.070584 0.0732384 0.0730583 0.0705363 0.0662755 0.0608729 0.0548642 0.0486857 0.0426523 0.0369574 0.0316862 0.0268377 0.0223543 0.0181658 0.0142412 0.0106271 0.00744315
 0.00770032 0.0126144 0.0191826 0.0274059 0.0370425 0.0474408 0.0575055 0.0659599 0.0717931 0.0745682 0.0744111 0.0717926 0.0673181 0.0616071 0.0552252 0.0486383 0.0421889 0.0360983 0.0304823 0.0253705 0.0207327 0.0165177 0.012698 0.00930119 0.00640482
 0.0077024 0.0126185 0.0191904 0.027421 0.0370711 0.0474949 0.0576052 0.066136 0.0720851 0.0750159 0.0750378 0.0725862 0.0682208 0.0625197 0.0560284 0.0492187 0.0424615 0.0360188 0.0300515 0.0246334 0.0197738 0.0154492 0.0116412 0.00836294 0.00565554
 0.00762574 0.0125097 0.019056 0.0272772 0.0369396 0.047396 0.0575532 0.0661396 0.0721524 0.0751603 0.0752792 0.0729459 0.0687086 0.0631188 0.0566864 0.0498512 0.0429692 0.0363126 0.0300757 0.0243798 0.0192839 0.0148048 0.0109446 0.0077112 0.00511818
 0.00760659 0.0124593 0.0189464 0.0270745 0.0366183 0.0469576 0.0570395 0.0656284 0.0717347 0.0749107 0.0752372 0.073116 0.0690714 0.0636425 0.057328 0.0505524 0.0436543 0.0368958 0.0304793 0.024556 0.0192296 0.0145633 0.0105911 0.00732982 0.00477736
 0.00774433 0.0126622 0.0192109 0.0273792 0.0369241 0.0472123 0.0571871 0.065623 0.0715585 0.0745884 0.074835 0.0727219 0.0687669 0.0634803 0.057324 0.050689 0.0438874 0.0371628 0.0307101 0.0246893 0.0192307 0.0144347 0.0103702 0.00707209 0.0045356
 0.00779055 0.0127556 0.0193834 0.0276671 0.037353 0.0477763 0.0578324 0.066251 0.0720517 0.0748483 0.0748154 0.0724424 0.0683031 0.0629375 0.0568055 0.0502693 0.0435983 0.0369942 0.0306208 0.0246252 0.0191449 0.0143027 0.0101956 0.0068796 0.00435612
 0.00778862 0.0127474 0.0193638 0.027633 0.0373107 0.0477481 0.0578566 0.0663686 0.0722828 0.075171 0.0751635 0.0727283 0.0684549 0.0629287 0.0566625 0.0500545 0.0433806 0.0368219 0.0305089 0.0245584 0.0190929 0.0142385 0.0101082 0.00677549 0.00425199
 0.00781667 0.0127683 0.0193496 0.0275441 0.0371072 0.0474097 0.0574005 0.0658553 0.0718042 0.0748248 0.0750223 0.0728139 0.0687306 0.0633146 0.0570681 0.0504128 0.0436651 0.0370402 0.0306819 0.0247009 0.019206 0.0143154 0.0101442 0.00677526 0.00422844
 0.00787904 0.0128642 0.019482 0.0277071 0.0372816 0.0475602 0.0574777 0.0658084 0.0716035 0.0744834 0.0746024 0.0724094 0.068432 0.0631748 0.0570866 0.0505452 0.0438499 0.0372261 0.030841 0.0248256 0.0192981 0.0143775 0.0101782 0.00678505 0.00422127
 0.00781989 0.0127826 0.0193862 0.0276136 0.0372105 0.0475262 0.0574823 0.0658361 0.0716247 0.0744639 0.074518 0.07226 0.0682482 0.0630095 0.0569932 0.0505543 0.0439576 0.0374002 0.031039 0.0250118 0.0194516 0.0144908 0.0102528 0.00682723 0.00423978
 0.00778654 0.0127169 0.0192676 0.0274197 0.0369271 0.0471608 0.0570727 0.0654449 0.0713182 0.0742862 0.074475 0.0723231 0.0683735 0.0631612 0.0571575 0.0507375 0.0441721 0.037649 0.0313087 0.0252776 0.0196877 0.01468 0.0103895 0.006916 0.00429094
 0.00775713 0.0126757 0.0192167 0.0273621 0.0368626 0.0470812 0.0569615 0.0652857 0.0711079 0.0740453 0.0742446 0.0721489 0.0682855 0.0631629 0.0572315 0.0508599 0.0443255 0.0378247 0.0315007 0.0254755 0.0198761 0.0148428 0.0105161 0.00700405 0.00434541
 0.00786395 0.0128264 0.0194013 0.0275579 0.037041 0.0472185 0.0570458 0.0653148 0.0710823 0.0739621 0.0741006 0.0719494 0.068051 0.0629261 0.0570257 0.0507074 0.0442332 0.0377884 0.0315105 0.0255198 0.0199413 0.0149146 0.0105819 0.00705556 0.00438035
 0.00788886 0.0128607 0.0194405 0.0275918 0.0370538 0.0471913 0.0569611 0.0651638 0.0708716 0.0737169 0.0738586 0.0717477 0.067914 0.062861 0.0570272 0.0507655 0.0443375 0.0379277 0.0316725 0.0256903 0.0201065 0.015062 0.0107026 0.00714567 0.00444114
 0.00799877 0.0130176 0.0196361 0.027804 0.0372517 0.0473439 0.0570448 0.0651647 0.0707853 0.0735482 0.0736231 0.0714726 0.0676344 0.0626124 0.0568361 0.0506445 0.0442857 0.0379358 0.0317264 0.0257744 0.020205 0.0151606 0.0107897 0.00721451 0.00448981
 0.00790996 0.0129113 0.0195451 0.027778 0.0373393 0.0475657 0.0573744 0.0655321 0.0711035 0.0737466 0.07367 0.0713768 0.0674329 0.0623534 0.056567 0.0504034 0.0440979 0.0378117 0.031664 0.025763 0.0202291 0.015204 0.0108385 0.00725849 0.00452371
 0.00781447 0.0127627 0.0193363 0.0275138 0.0370427 0.0472828 0.0571713 0.0654769 0.0712359 0.0740522 0.0740771 0.0717839 0.0677499 0.0625337 0.0566134 0.0503538 0.044002 0.0377133 0.0315911 0.0257265 0.0202265 0.0152253 0.0108711 0.00729201 0.00455151
 0.00783019 0.0127642 0.0192947 0.0273891 0.0367969 0.0468999 0.0566753 0.0649364 0.0707499 0.0737212 0.0739699 0.0719139 0.0680704 0.0629565 0.0570436 0.0507218 0.0442795 0.0379076 0.031728 0.0258323 0.0203182 0.0153086 0.0109445 0.00735181 0.00459562
 0.00783598 0.0127781 0.019322 0.0274326 0.0368499 0.0469395 0.0566613 0.0648241 0.0705132 0.0733752 0.0735777 0.0715672 0.0678537 0.062913 0.0571609 0.0509447 0.0445385 0.0381474 0.0319214 0.0259777 0.0204266 0.0153922 0.0110107 0.00740322 0.00463318
 0.0077323 0.0126128 0.0190806 0.0271067 0.0364421 0.0464686 0.0561639 0.064348 0.0701031 0.073059 0.0733641 0.0714572 0.0678544 0.0630401 0.0574264 0.0513396 0.0450247 0.0386673 0.0324171 0.026408 0.0207733 0.0156557 0.0112015 0.00753476 0.00471876
 0.00770818 0.0125737 0.0190217 0.0270226 0.0363273 0.046318 0.0559754 0.0641253 0.0698579 0.0728102 0.0731337 0.0712646 0.0677146 0.0629654 0.0574296 0.0514318 0.045208 0.0389267 0.0327205 0.0267155 0.0210504 0.0158817 0.0113706 0.00765215 0.00479454
 0.00772942 0.0126105 0.0190808 0.0271105 0.0364469 0.0464643 0.0561322 0.0642655 0.0699494 0.0728254 0.0730583 0.0711027 0.0674874 0.0627061 0.0571756 0.0512186 0.0450628 0.0388632 0.0327355 0.0267901 0.0211567 0.0159924 0.0114668 0.00772498 0.00484386
 0.00768634 0.0125414 0.018979 0.0269724 0.0362745 0.0462684 0.0559336 0.064092 0.069827 0.0727679 0.0730619 0.0711486 0.067551 0.0627676 0.0572274 0.0512658 0.0451191 0.0389431 0.0328471 0.0269304 0.0213123 0.0161445 0.0115984 0.00782638 0.00491374
 0.00773537 0.0125988 0.0190243 0.0269734 0.0361967 0.0460897 0.0556574 0.0637498 0.0694702 0.0724526 0.0728334 0.0710309 0.0675435 0.0628491 0.0573664 0.0514323 0.0452935 0.0391179 0.0330225 0.027107 0.0214862 0.0163065 0.0117375 0.00793493 0.00499006
 0.00773747 0.0126129 0.0190636 0.0270522 0.036321 0.0462459 0.0558068 0.0638373 0.0694469 0.0723004 0.0725765 0.0707263 0.0672571 0.0626315 0.0572401 0.0513928 0.0453202 0.0391875 0.0331165 0.0272139 0.0215979 0.0164155 0.0118355 0.00801512 0.00504903
 0.00755674 0.0123543 0.0187406 0.0267016 0.035995 0.0459971 0.0556727 0.0638298 0.0695484 0.0724676 0.0727535 0.0708653 0.0673371 0.0626639 0.0572575 0.0514296 0.0453967 0.039305 0.033263 0.0273728 0.0217541 0.0165574 0.0119554 0.00810878 0.00511604
 0.00748836 0.012233 0.0185415 0.0264013 0.0355848 0.0454989 0.0551487 0.063373 0.0692521 0.0723881 0.0728873 0.0711541 0.0676953 0.0630138 0.0575534 0.0516633 0.0455859 0.0394744 0.0334296 0.0275405 0.0219169 0.0167054 0.0120801 0.00820543 0.00518461
 0.00745491 0.0121691 0.0184273 0.026211 0.0352913 0.0450835 0.0546133 0.0627504 0.0686094 0.0718182 0.0724872 0.0709942 0.0677945 0.0633328 0.058013 0.0521764 0.0460858 0.0399262 0.0338245 0.0278816 0.0222081 0.0169471 0.0122714 0.00834716 0.00528166
 0.00738029 0.0120539 0.0182646 0.0259967 0.0350226 0.044757 0.0542255 0.0623023 0.0681132 0.0713043 0.0720077 0.0706176 0.0675896 0.063346 0.0582493 0.0525956 0.046617 0.0404932 0.0343667 0.0283628 0.0226128 0.0172724 0.0125203 0.00852666 0.00540212
 0.00736894 0.0120387 0.0182477 0.0259817 0.0350127 0.0447521 0.0542191 0.0622797 0.0680525 0.0711819 0.0718079 0.0703446 0.0672749 0.0630457 0.058028 0.052503 0.0466696 0.0406702 0.0346228 0.028647 0.0228841 0.0175057 0.012705 0.00866229 0.00549423
 0.00730868 0.011948 0.0181249 0.0258309 0.0348434 0.0445779 0.054056 0.0621434 0.0679538 0.0711216 0.0717745 0.0703178 0.0672353 0.0629868 0.0579637 0.0524644 0.0466917 0.0407747 0.0348068 0.0288849 0.023139 0.0177432 0.0129024 0.0088106 0.0055956
 0.00732121 0.0119576 0.0181198 0.0257946 0.0347602 0.0444416 0.053876 0.0619439 0.0677665 0.070974 0.0716808 0.0702759 0.0672302 0.0629984 0.0579764 0.0524756 0.046713 0.0408258 0.0349033 0.0290282 0.023314 0.0179251 0.0130669 0.00894193 0.00568905
 0.00736751 0.0120262 0.0182097 0.0258988 0.0348646 0.044526 0.0539173 0.0619219 0.0676719 0.0708153 0.0714843 0.0700765 0.0670586 0.0628707 0.0578926 0.0524263 0.0466897 0.0408268 0.0349333 0.0290917 0.0234081 0.0180376 0.0131803 0.00904053 0.00576392
 0.00746851 0.0121807 0.0184237 0.02617 0.0351817 0.0448681 0.0542534 0.0622126 0.0678752 0.0708972 0.0714288 0.0698923 0.0667768 0.0625354 0.0575481 0.0521064 0.0464138 0.0406032 0.0347645 0.028978 0.0233465 0.01802 0.0131931 0.00906837 0.0057938
 0.00751316 0.0122471 0.0185122 0.0262767 0.0352997 0.0449892 0.0543694 0.0623158 0.0679578 0.0709511 0.0714458 0.0698651 0.0667018 0.0624161 0.0573968 0.0519422 0.0462573 0.0404709 0.0346665 0.0289175 0.0233215 0.018024 0.0132166 0.00910044 0.00582509
 0.00736242 0.0120235 0.0182158 0.0259217 0.034911 0.0445958 0.0540003 0.0619985 0.0677189 0.0708134 0.0714239 0.0699599 0.0668978 0.0626843 0.0577022 0.0522531 0.0465524 0.0407407 0.0349096 0.0291355 0.0235154 0.0181924 0.0133567 0.00921016 0.00590458
 0.00724122 0.0118324 0.0179405 0.025556 0.0344613 0.0440867 0.053476 0.0615183 0.0673417 0.0705811 0.0713511 0.0700367 0.0670994 0.0629806 0.0580618 0.0526453 0.0469486 0.0411178 0.0352525 0.0294367 0.0237724 0.0184051 0.0135257 0.00933731 0.0059938
 0.00713719 0.011661 0.0176787 0.0251824 0.0339628 0.0434673 0.0527668 0.0607791 0.0666527 0.0700252 0.0709948 0.069916 0.0672152 0.0633028 0.0585404 0.0532226 0.0475693 0.0417347 0.0358294 0.029949 0.0242063 0.0187555 0.0137945 0.00953159 0.00612482
 0.00708982 0.0115753 0.0175334 0.024952 0.0336223 0.0430018 0.0521806 0.0601013 0.0659358 0.0693381 0.0704124 0.0695073 0.0670306 0.0633634 0.0588336 0.053706 0.0481814 0.0424084 0.0365033 0.0305744 0.0247499 0.0191997 0.0141354 0.00977611 0.00628769
 0.00709103 0.0115794 0.0175424 0.024966 0.0336358 0.0429989 0.0521338 0.0599762 0.0657032 0.0689883 0.0699655 0.0690136 0.0665607 0.0629917 0.0586197 0.0536804 0.04834 0.0427158 0.0369049 0.0310106 0.0251689 0.0195646 0.0144267 0.00999002 0.00643199
 0.00705838 0.011537 0.0174985 0.024935 0.0336339 0.0430373 0.0522114 0.0600759 0.0657925 0.0690258 0.0699123 0.0688474 0.0662883 0.0626522 0.0582767 0.0534038 0.0481844 0.0427055 0.0370295 0.0312326 0.0254381 0.0198334 0.0146605 0.0101712 0.00655837
 0.00710791 0.0116049 0.0175779 0.0250134 0.033699 0.0430844 0.0522482 0.0601185 0.0658546 0.0691062 0.0699891 0.0688833 0.0662451 0.0625092 0.0580428 0.0531186 0.0479066 0.0424927 0.0369188 0.0312305 0.0255229 0.0199674 0.0148052 0.0102985 0.00665448
 0.00713094 0.0116317 0.0175981 0.0250099 0.0336513 0.0429757 0.0520729 0.0598879 0.0655985 0.0688674 0.0698117 0.0687964 0.0662501 0.0625791 0.058136 0.0531997 0.0479632 0.042538 0.0369795 0.0313289 0.0256637 0.020136 0.0149763 0.0104481 0.00676875
 0.00724803 0.0118209 0.0178792 0.0253961 0.034142 0.0435462 0.0526682 0.0604282 0.0659983 0.0690632 0.0697829 0.0685685 0.0658813 0.0621362 0.057673 0.0527485 0.0475382 0.0421486 0.0366391 0.031055 0.0254691 0.0200208 0.0149262 0.0104407 0.00678171
 0.00734372 0.0119785 0.0181202 0.0257415 0.0346068 0.044132 0.0533533 0.0611621 0.0667052 0.0696547 0.070176 0.068707 0.0657503 0.0617657 0.0571273 0.0521052 0.046868 0.0415045 0.036057 0.0305586 0.0250731 0.0197297 0.0147323 0.0103255 0.00672172
 0.00729943 0.0119182 0.0180519 0.0256819 0.03458 0.0441646 0.0534699 0.0613794 0.0670265 0.0700627 0.07063 0.0691454 0.066103 0.0619732 0.0571585 0.0519658 0.0465957 0.041154 0.035684 0.0302083 0.024776 0.0195011 0.0145738 0.0102276 0.00666898
 0.0071352 0.011665 0.0176975 0.0252274 0.0340429 0.0435818 0.0528992 0.0608957 0.0667075 0.0699697 0.0707892 0.0695387 0.066671 0.0626279 0.0578035 0.0525195 0.0470091 0.0414173 0.0358198 0.0302563 0.0247773 0.019487 0.0145624 0.0102251 0.00667394
 0.00714079 0.0116512 0.0176352 0.0250772 0.0337672 0.0431639 0.0523586 0.0602911 0.0661239 0.0694962 0.0704987 0.0694745 0.0668402 0.0630002 0.0583162 0.0530905 0.0475557 0.0418765 0.0361604 0.0304801 0.0249082 0.0195571 0.0145995 0.0102472 0.0066896
 0.00705577 0.0115167 0.0174386 0.024806 0.0334082 0.0427035 0.0517885 0.059619 0.0653853 0.0687606 0.0698618 0.0690373 0.0666809 0.0631515 0.0587566 0.0537507 0.0483374 0.0426763 0.0368921 0.0310897 0.0253772 0.0198948 0.0148299 0.0103977 0.00678386
 0.00699831 0.0114342 0.0173343 0.024689 0.0332886 0.0425864 0.0516675 0.0594749 0.0651913 0.0684929 0.0695152 0.0686382 0.06629 0.0628501 0.0586203 0.0538214 0.0486079 0.0430934 0.0373774 0.0315651 0.0257861 0.0202106 0.0150524 0.0105426 0.00687194
#obs surv len freq
 nan nan nan nan nan nan nan nan nan nan nan nan nan nan nan nan nan nan nan nan nan nan nan nan nan
 0.00448499 0.00734651 0.0111767 0.0159932 0.0216941 0.0279696 0.0342837 0.0400148 0.0446941 0.0481575 0.050515 0.0520105 0.0529024 0.0534144 0.0537285 0.0539832 0.0542616 0.0545542 0.0546929 0.0542848 0.0527229 0.0493551 0.043805 0.0362852 0.0276691
 0.00461677 0.00756293 0.0115061 0.0164622 0.022321 0.0287545 0.0351978 0.0409987 0.0456658 0.0490288 0.0512084 0.0524705 0.0531012 0.0533517 0.0534265 0.0534796 0.0536001 0.0537779 0.0538409 0.0533944 0.051833 0.0485092 0.0430482 0.0356557 0.027188
 0.00477909 0.00782846 0.0119089 0.0170352 0.0230898 0.0297272 0.0363541 0.0422839 0.0469956 0.0503025 0.0523234 0.0533357 0.0536467 0.0535366 0.0532425 0.0529486 0.0527678 0.0527039 0.0525921 0.0520411 0.0504509 0.0471789 0.0418498 0.0346552 0.0264219
 0.00497269 0.00814483 0.012388 0.0177156 0.0240009 0.0308784 0.0377223 0.043809 0.0485879 0.0518574 0.0537358 0.0545081 0.054494 0.0539911 0.0532602 0.0525154 0.0519021 0.0514552 0.0510363 0.0502764 0.0485934 0.0453567 0.0401892 0.0332596 0.0253493
 0.00518376 0.00849093 0.0129145 0.0184667 0.0250116 0.0321607 0.0392519 0.0455199 0.0503815 0.0536206 0.0553578 0.0558896 0.0555492 0.0546476 0.0534602 0.0522197 0.051097 0.0501607 0.0493125 0.0482268 0.0463617 0.0431151 0.0381143 0.0314984 0.0239874
 0.00541182 0.00886414 0.0134809 0.0192729 0.0260944 0.0335337 0.0408908 0.0473569 0.052314 0.0555297 0.0571266 0.0574137 0.0567406 0.0554335 0.053781 0.0520285 0.0503631 0.0488793 0.0475194 0.0460122 0.0438766 0.0405603 0.0357085 0.0294314 0.0223761
 0.00564664 0.00924861 0.0140647 0.0201043 0.0272116 0.0349503 0.0425813 0.0492512 0.0543068 0.0575006 0.0589583 0.0590025 0.0579994 0.0562903 0.0541765 0.0519137 0.0496998 0.0476483 0.0457363 0.0437489 0.0412765 0.0378334 0.0330989 0.0271613 0.0205899
 0.00588119 0.00963317 0.0146496 0.0209388 0.0283345 0.0363757 0.0442833 0.0511582 0.0563118 0.0594812 0.0607964 0.0605957 0.0592635 0.057158 0.0545934 0.0518339 0.049085 0.0464728 0.0440031 0.0415134 0.0386679 0.0350574 0.0304074 0.024794 0.0187105
 0.00612231 0.0100291 0.0152528 0.0218005 0.0294949 0.0378479 0.0460371 0.053115 0.0583558 0.0614821 0.0626312 0.062161 0.0604792 0.0579649 0.0549481 0.0517024 0.0484382 0.0452894 0.0422831 0.0393018 0.0360803 0.0322876 0.0277026 0.0223975 0.016795
 0.0063689 0.0104304 0.0158578 0.0226552 0.0306343 0.0392825 0.0477386 0.0550105 0.0603362 0.0634224 0.0644097 0.0636732 0.0616427 0.0587207 0.0552565 0.051537 0.0477799 0.0441256 0.0406175 0.0371758 0.0335978 0.0296263 0.0250944 0.0200758 0.0149302
 0.00658931 0.0107975 0.016426 0.02348 0.0317596 0.0407219 0.0494573 0.0569208 0.0623131 0.0653301 0.0661256 0.0650995 0.0627082 0.0593769 0.0554732 0.0512967 0.0470731 0.0429495 0.0389833 0.0351265 0.0312296 0.0271013 0.0226244 0.0178763 0.0131604
 0.00682543 0.0111818 0.0170054 0.0242991 0.032853 0.042101 0.0510961 0.058748 0.0642188 0.0671837 0.0677976 0.0664784 0.0637115 0.0599542 0.0556021 0.0509737 0.0463048 0.0417481 0.0373715 0.0331519 0.0289845 0.0247329 0.020323 0.0158341 0.0115195
 0.0070708 0.0115836 0.0176152 0.0251651 0.034009 0.0435502 0.0527947 0.0606028 0.0661027 0.0689621 0.0693515 0.067715 0.0645657 0.060386 0.0555943 0.0505284 0.0454377 0.0404844 0.0357468 0.0312221 0.0268405 0.0225096 0.0181884 0.0139554 0.0100178
 0.00729738 0.0119563 0.0181839 0.0259781 0.035103 0.0449329 0.054429 0.0624005 0.067937 0.0706927 0.0708494 0.0688801 0.0653325 0.0607229 0.0554968 0.0500112 0.0445271 0.0392147 0.0341622 0.0293842 0.024839 0.0204678 0.0162533 0.0122689 0.00867936
 0.00745002 0.0122115 0.0185813 0.0265597 0.0359049 0.0459729 0.0556919 0.0638326 0.069451 0.0721822 0.0722053 0.070003 0.0661424 0.0611656 0.0555465 0.0496678 0.0438106 0.0381594 0.0328151 0.0278087 0.0231219 0.0187214 0.0146055 0.0108394 0.00754946
 0.00751976 0.0123242 0.0187504 0.0268002 0.036234 0.0464092 0.0562529 0.0645281 0.0702762 0.0731118 0.0731898 0.0709717 0.0670121 0.0618524 0.0559781 0.0497935 0.0436059 0.037627 0.0319834 0.0267315 0.0218785 0.0174139 0.0133478 0.00973603 0.00667172
 0.0076 0.012448 0.0189245 0.0270267 0.0365108 0.0467317 0.0566148 0.0649241 0.0707043 0.073574 0.0736894 0.0715042 0.0675563 0.0623656 0.0564003 0.0500582 0.043655 0.0374234 0.0315196 0.0260337 0.0210059 0.0164527 0.0123974 0.00888853 0.00599105
 0.00769163 0.0125876 0.0191169 0.0272696 0.0367953 0.0470433 0.0569353 0.0652337 0.0709868 0.0738223 0.0739088 0.0717101 0.0677653 0.0625844 0.0566164 0.050237 0.0437462 0.0373748 0.0312939 0.0256221 0.0204353 0.0157829 0.0117077 0.00825732 0.00547564
 0.00772832 0.0126491 0.0192126 0.0274082 0.0369817 0.0472742 0.0571963 0.0655005 0.0712321 0.074025 0.0740609 0.0718182 0.0678461 0.0626571 0.0566932 0.0503155 0.0438055 0.0373788 0.0312029 0.0254089 0.0200989 0.0153535 0.0112394 0.00781153 0.00510165
 0.00776272 0.0126951 0.019264 0.0274546 0.037013 0.0472874 0.0571993 0.0655099 0.0712653 0.0740917 0.0741587 0.0719361 0.0679715 0.0627821 0.0568154 0.0504335 0.0439123 0.0374571 0.0312269 0.0253532 0.0199512 0.0151236 0.0109595 0.00752575 0.00485019
 0.00781927 0.0127832 0.0193885 0.0276156 0.0372033 0.0474911 0.057392 0.0656644 0.0713603 0.0741216 0.0741353 0.0718821 0.0679098 0.0627274 0.0567733 0.0504034 0.0438893 0.0374322 0.0311858 0.0252791 0.0198313 0.0149574 0.010762 0.00732304 0.0046694
 0.00785177 0.0128336 0.0194598 0.0277088 0.0373174 0.0476224 0.0575333 0.0658036 0.0714819 0.074209 0.0741767 0.0718751 0.0678631 0.0626578 0.0566989 0.0503374 0.0438366 0.0373892 0.031143 0.0252237 0.0197525 0.0148514 0.0106351 0.00719012 0.00454811
 0.00788267 0.0128778 0.0195154 0.0277702 0.0373777 0.0476758 0.0575775 0.0658402 0.071514 0.074239 0.0742039 0.0718956 0.0678717 0.0626513 0.0566788 0.0503092 0.0438071 0.0373623 0.0311172 0.025193 0.0197092 0.0147911 0.0105599 0.00710832 0.00447097
 0.00788467 0.0128817 0.0195221 0.0277806 0.0373912 0.0476901 0.057588 0.065842 0.0715048 0.0742214 0.0741853 0.0718849 0.0678748 0.0626683 0.0567049 0.050338 0.0438335 0.0373838 0.031132 0.0251987 0.0197026 0.0147698 0.010525 0.00706494 0.0044267
 0.00789736 0.0128966 0.0195343 0.0277823 0.0373749 0.0476519 0.0575308 0.0657747 0.0714389 0.0741664 0.0741472 0.0718661 0.0678761 0.0626895 0.0567442 0.0503907 0.043893 0.0374427 0.0311839 0.0252387 0.0197278 0.0147789 0.0105192 0.00704853 0.00440537
 0.00790494 0.0129079 0.0195489 0.0277985 0.0373888 0.0476574 0.0575208 0.0657429 0.0713835 0.074093 0.0740675 0.0717949 0.067826 0.0626674 0.0567508 0.0504219 0.0439418 0.0375007 0.0312426 0.0252909 0.0197678 0.0148043 0.0105303 0.0070482 0.00439811
 0.00788698 0.0128791 0.0195065 0.0277406 0.0373149 0.04757 0.057425 0.0656465 0.0712947 0.0740183 0.0740114 0.0717606 0.0678166 0.0626858 0.056798 0.0504958 0.0440361 0.0376064 0.0313494 0.025389 0.01985 0.0148663 0.0105717 0.00707175 0.00440858
 0.00787899 0.0128611 0.0194705 0.0276765 0.0372141 0.0474294 0.0572517 0.0654575 0.0711132 0.073867 0.0739069 0.0717107 0.0678207 0.0627381 0.0568897 0.0506176 0.0441784 0.0377588 0.0315014 0.0255301 0.0199715 0.0149627 0.0106414 0.00711716 0.00443482
 0.00788154 0.0128635 0.0194706 0.0276702 0.0371952 0.0473904 0.0571852 0.0653589 0.0709843 0.0737182 0.0737567 0.0715809 0.0677306 0.062699 0.0569035 0.050678 0.0442745 0.0378781 0.0316308 0.0256577 0.0200869 0.0150585 0.010714 0.00716706 0.00446564
 0.00783879 0.0127945 0.0193678 0.0275278 0.0370112 0.0471691 0.0569394 0.0651091 0.070754 0.0735285 0.0736222 0.0715096 0.0677258 0.0627601 0.0570262 0.0508531 0.0444879 0.0381124 0.0318681 0.0258814 0.0202838 0.0152198 0.0108366 0.00725267 0.00452023
 0.00782378 0.0127667 0.0193196 0.0274503 0.0368958 0.0470116 0.0567428 0.0648858 0.0705235 0.0733137 0.0734446 0.071386 0.0676662 0.0627675 0.0570978 0.0509814 0.0446619 0.0383177 0.0320876 0.0260976 0.0204808 0.015386 0.0109658 0.007345 0.00458043
 0.00780243 0.0127309 0.0192638 0.0273682 0.0367819 0.0468626 0.05656 0.0646764 0.0703011 0.0730963 0.0732527 0.0712394 0.0675803 0.0627513 0.0571524 0.0511008 0.0448342 0.0385273 0.0323167 0.0263275 0.0206941 0.015569 0.0111106 0.00745004 0.00464998
 0.00776986 0.0126785 0.019186 0.0272604 0.0366412 0.0466898 0.0563608 0.0644618 0.0700857 0.0728962 0.0730827 0.0711125 0.067507 0.0627391 0.0572047 0.0512156 0.0450037 0.0387381 0.0325516 0.0265672 0.0209199 0.0157656 0.0112683 0.00756604 0.00472779
 0.00772751 0.0126095 0.0190822 0.0271146 0.0364496 0.0464544 0.0560928 0.064181 0.0698173 0.0726648 0.0729074 0.0710046 0.0674707 0.0627733 0.0573049 0.0513748 0.0452123 0.0389836 0.0328181 0.0268363 0.021173 0.0159865 0.0114463 0.00769781 0.00481683
 0.00768011 0.0125325 0.0189664 0.0269518 0.0362348 0.0461887 0.0557864 0.0638545 0.0694988 0.0723843 0.0726913 0.0708714 0.0674291 0.0628225 0.0574362 0.0515747 0.0454649 0.0392716 0.0331233 0.0271397 0.021456 0.0162329 0.0116452 0.00784558 0.00491718
 0.00767817 0.0125243 0.0189445 0.0269059 0.0361536 0.0460638 0.0556156 0.0636436 0.069261 0.0721384 0.0724592 0.0706752 0.0672886 0.0627522 0.057443 0.0516571 0.0456137 0.0394722 0.0333574 0.0273874 0.0216971 0.0164497 0.0118248 0.00798188 0.00501146
 0.00766498 0.0125061 0.0189228 0.0268831 0.0361308 0.0460382 0.0555792 0.0635848 0.0691695 0.0720105 0.072301 0.0705022 0.0671224 0.0626154 0.0573548 0.0516302 0.0456523 0.0395715 0.0335049 0.0275653 0.021885 0.0166281 0.0119784 0.00810199 0.00509648
 0.00763094 0.0124573 0.0188615 0.026816 0.0360673 0.0459875 0.0555475 0.0635727 0.069171 0.0720138 0.0722916 0.0704685 0.067061 0.062534 0.0572702 0.0515631 0.0456211 0.039587 0.0335683 0.0276679 0.0220115 0.0167602 0.0120998 0.00820124 0.00516913
 0.00761697 0.0124306 0.0188148 0.0267411 0.0359594 0.0458496 0.0553937 0.0634263 0.0690572 0.0719497 0.0722797 0.0704972 0.0671102 0.0625842 0.0573101 0.0515925 0.0456492 0.039627 0.0336304 0.0277548 0.0221176 0.0168736 0.0122068 0.008291 0.00523623
 0.00759558 0.0123976 0.0187678 0.0266786 0.0358797 0.0457509 0.055275 0.0632903 0.068913 0.0718138 0.0721731 0.0704375 0.0671053 0.0626284 0.0573877 0.0516856 0.0457449 0.0397209 0.0337249 0.0278539 0.0222219 0.0169785 0.0123042 0.00837299 0.0052982
 0.00758545 0.0123826 0.0187479 0.0266547 0.0358529 0.0457221 0.0552436 0.0632543 0.0688691 0.0717593 0.0721082 0.0703682 0.0670425 0.0625849 0.0573721 0.051699 0.0457817 0.039773 0.0337857 0.0279203 0.0222923 0.0170503 0.0123726 0.00843258 0.00534485
 0.00757789 0.0123685 0.0187237 0.0266163 0.0357975 0.04565 0.0551601 0.0631686 0.0687914 0.0716972 0.0720643 0.0703403 0.0670276 0.0625814 0.0573817 0.051725 0.0458257 0.0398334 0.0338579 0.0279985 0.0223711 0.0171254 0.01244 0.00848878 0.00538783
 0.00754104 0.0123148 0.0186543 0.0265358 0.0357123 0.0455655 0.055079 0.063092 0.0687207 0.071636 0.0720184 0.0703154 0.0670263 0.0626027 0.0574222 0.0517806 0.0458935 0.0399111 0.0339429 0.028087 0.0224581 0.0172059 0.0125098 0.00854503 0.00542959
 0.00754124 0.0123093 0.0186355 0.0264943 0.0356402 0.0454619 0.0549532 0.0629616 0.0686056 0.0715503 0.071967 0.0702957 0.0670324 0.0626295 0.057466 0.0518387 0.0459632 0.0399895 0.0340267 0.0281726 0.0225414 0.0172825 0.0125757 0.0085977 0.00546828
 0.00751542 0.0122724 0.018589 0.0264417 0.0355846 0.0454033 0.0548873 0.0628828 0.0685122 0.071449 0.071872 0.0702237 0.0669957 0.0626319 0.0575036 0.0519034 0.0460463 0.0400835 0.0341255 0.0282708 0.0226344 0.0173657 0.0126457 0.00865242 0.00550771
 0.00750767 0.0122572 0.0185617 0.0263971 0.0355197 0.0453196 0.0547925 0.0627886 0.0684293 0.0713827 0.0718217 0.0701865 0.0669714 0.0626241 0.0575175 0.0519419 0.0461079 0.0401627 0.034215 0.0283634 0.0227233 0.0174457 0.0127129 0.00870477 0.00554523
 0.00751287 0.0122663 0.0185764 0.0264184 0.0355469 0.0453486 0.0548158 0.0627973 0.0684168 0.0713477 0.0717687 0.0701235 0.0669061 0.0625629 0.0574658 0.0519048 0.0460897 0.0401654 0.034237 0.0284001 0.0227683 0.0174925 0.0127559 0.00874036 0.00557183
 0.0075048 0.0122556 0.0185648 0.0264092 0.035544 0.0453555 0.0548337 0.0628239 0.0684463 0.071372 0.0717799 0.0701166 0.0668808 0.0625239 0.0574206 0.0518615 0.0460554 0.0401451 0.0342331 0.0284117 0.0227918 0.0175224 0.0127867 0.00876759 0.00559304
 0.0075047 0.0122545 0.0185614 0.0264022 0.0355329 0.0453415 0.0548204 0.0628166 0.0684496 0.0713872 0.0718038 0.0701419 0.0668992 0.0625291 0.0574107 0.0518396 0.0460281 0.0401198 0.0342161 0.0284061 0.0227977 0.0175368 0.0128053 0.00878621 0.00560865
 0.0075047 0.0122545 0.0185614 0.0264022 0.0355329 0.0453415 0.0548204 0.0628166 0.0684496 0.0713872 0.0718038 0.0701419 0.0668992 0.0625291 0.0574107 0.0518396 0.0460281 0.0401198 0.0342161 0.0284061 0.0227977 0.0175368 0.0128053 0.00878621 0.00560865
 0.00733887 0.0119951 0.018191 0.025914 0.0349345 0.0446598 0.0541053 0.0621387 0.0678884 0.0710119 0.0716565 0.0702291 0.0671942 0.0629815 0.0579595 0.0524265 0.0466061 0.0406572 0.0346946 0.0288175 0.0231391 0.017809 0.0130118 0.00893342 0.00570625
 0.00735152 0.0119909 0.0181392 0.0257717 0.0346589 0.0442274 0.0535279 0.0614673 0.0672011 0.0703947 0.0711842 0.0699535 0.0671387 0.0631395 0.0582981 0.0528938 0.0471428 0.0412081 0.0352163 0.0292812 0.0235294 0.0181207 0.013247 0.00910016 0.00581612
 0.00725474 0.011847 0.0179463 0.0255326 0.0343753 0.0438925 0.0531259 0.0609825 0.0666356 0.0697823 0.0705924 0.0694684 0.0668397 0.0630768 0.0584815 0.0532938 0.0477019 0.041855 0.035881 0.0299056 0.0240734 0.018563 0.013583 0.0093378 0.00597175
 0.00719532 0.0117409 0.0177702 0.0252621 0.0339939 0.0434035 0.0525594 0.0603897 0.0660703 0.0692826 0.0701749 0.0691407 0.066617 0.0629887 0.0585622 0.0535635 0.0481518 0.0424445 0.0365471 0.0305787 0.0246925 0.019086 0.0139902 0.00962991 0.00616435
 0.00722849 0.011794 0.0178472 0.0253622 0.0341075 0.043508 0.0526196 0.0603657 0.0659325 0.0690252 0.0698191 0.0687262 0.0661895 0.0625928 0.0582409 0.0533574 0.0480919 0.0425411 0.036782 0.0309082 0.02506 0.0194377 0.0142879 0.00985586 0.00631895
 0.00720958 0.0117729 0.017833 0.0253695 0.0341515 0.0435979 0.0527509 0.0605172 0.066068 0.0691021 0.0698009 0.0685948 0.0659524 0.062282 0.0579047 0.0530495 0.0478614 0.0424231 0.0367902 0.0310303 0.0252611 0.0196719 0.0145119 0.0100405 0.00645271
 0.00720063 0.0117573 0.0178085 0.0253349 0.0341097 0.0435579 0.0527287 0.0605308 0.066129 0.0692058 0.0699228 0.0686955 0.0659917 0.0622349 0.0577715 0.0528571 0.0476547 0.0422512 0.0366916 0.0310224 0.0253363 0.0198027 0.0146626 0.0101798 0.00656191
 0.00717125 0.011714 0.0177515 0.0252671 0.0340355 0.043482 0.0526561 0.0604678 0.0660853 0.0691933 0.0699507 0.0687635 0.0660849 0.0623256 0.0578293 0.0528632 0.0476109 0.0421806 0.0366284 0.0309972 0.0253638 0.0198777 0.0147649 0.0102848 0.00665069
 0.00720663 0.0117694 0.0178306 0.0253718 0.0341649 0.0436315 0.0528161 0.0606242 0.0662208 0.0692921 0.070003 0.0687682 0.066048 0.062255 0.0577297 0.0527344 0.047453 0.0420013 0.0364461 0.0308371 0.0252479 0.0198154 0.0147505 0.0103018 0.00668064
 0.00723904 0.0118263 0.0179237 0.0255136 0.0343645 0.043889 0.0531174 0.0609411 0.0665169 0.0695321 0.0701607 0.0688306 0.0660155 0.0621384 0.0575466 0.0525039 0.0471926 0.0417268 0.0361741 0.0305867 0.0250383 0.0196597 0.0146511 0.01025 0.00666128
 0.00717059 0.011721 0.0177772 0.025328 0.0341508 0.0436681 0.0529202 0.0608032 0.066469 0.0695883 0.0703127 0.0690498 0.0662631 0.0623772 0.0577486 0.0526539 0.0472871 0.0417707 0.0361783 0.0305655 0.0250075 0.0196331 0.0146368 0.0102493 0.00666996
 0.00709174 0.0115903 0.0175768 0.0250417 0.0337701 0.0432012 0.0523988 0.0602831 0.06602 0.0692766 0.0701839 0.069118 0.0665091 0.0627557 0.0582005 0.053121 0.0477229 0.0421465 0.0364824 0.0307998 0.0251818 0.0197608 0.0147303 0.0103177 0.00671919
 0.00706052 0.0115291 0.0174652 0.0248542 0.033482 0.0427982 0.0518877 0.0596964 0.0654131 0.0687193 0.0697473 0.0688617 0.0664684 0.062933 0.0585647 0.0536152 0.0482791 0.0427007 0.0369868 0.0312265 0.025522 0.0200187 0.0149173 0.0104476 0.00680507
 0.00694589 0.0113487 0.0172045 0.0245029 0.0330344 0.0422555 0.0512613 0.0590117 0.0647116 0.068056 0.069186 0.0684659 0.0662913 0.0630056 0.0588874 0.0541546 0.0489732 0.0434718 0.0377566 0.0319315 0.0261209 0.0204938 0.0152704 0.0106935 0.00696494
 0.00704013 0.0114864 0.0173824 0.0247064 0.0332396 0.042433 0.0513794 0.0590393 0.0646209 0.0678297 0.0688259 0.0680002 0.0657752 0.0625135 0.0584952 0.0539203 0.0489209 0.0435869 0.0379938 0.0322307 0.0264253 0.0207624 0.0154824 0.0108454 0.00706459
#pred catch len freq
