SBPRF35
12.7214
Curr Bio
853882
B35
892411
F35
0.172235
FOFL
0.169646
OFL
121892
Bzero
3.63469e+06
#pred survey bio
 3.63399e+06 3.47161e+06 3.33686e+06 3.16912e+06 2.96839e+06 2.74211e+06 2.50749e+06 2.28294e+06 2.05501e+06 1.83085e+06 1.61605e+06 1.41894e+06 1.27559e+06 1.15047e+06 1.00796e+06 880968 778523 713819 652651 626210 590084 572237 554014 539235 532571 533832 524286 527225 532977 534880 544276 549535 558268 563893 574233 576342 578106 590553 603935 616517 633407 645665 655861 661579 667179 673824 675665 678793 692997 700946 715338 765149 759020 775457 794799 828984 859679 3.09907e+07 1.87546e+07 1.91452e+07 1.99784e+07 2.10921e+07 2.22996e+07 2.34635e+07 2.45037e+07 2.5387e+07 2.61106e+07 2.66887e+07 2.71426e+07 2.74949e+07 2.77663e+07 2.79745e+07 2.81341e+07 2.82563e+07 2.83502e+07 2.84226e+07 2.84785e+07 2.85219e+07 2.85558e+07 2.85823e+07 2.86032e+07 2.86197e+07 2.86328e+07 2.86432e+07 2.86515e+07 2.86581e+07 2.86634e+07 2.86677e+07 2.86712e+07 2.8674e+07 2.86763e+07 2.86781e+07 2.86796e+07 2.86808e+07 2.86818e+07 2.86826e+07 2.86833e+07 2.86838e+07 2.86843e+07 2.86846e+07 2.86849e+07 2.86852e+07 2.86854e+07 2.86855e+07 2.86857e+07 2.86858e+07 2.86859e+07 2.86859e+07 2.8686e+07 2.8686e+07 2.86861e+07 2.86861e+07 2.86861e+07 2.86862e+07 2.86862e+07 2.86862e+07 2.86862e+07 2.86862e+07 2.86862e+07 2.86862e+07 2.86862e+07 2.86862e+07 2.86862e+07 2.86862e+07 2.86862e+07 2.86863e+07 2.86863e+07 2.86863e+07 2.86863e+07 2.86863e+07 2.86863e+07 2.86863e+07 2.86863e+07 2.86863e+07 2.86863e+07 2.86863e+07 2.86863e+07 2.86863e+07 2.86863e+07 2.86863e+07 2.86863e+07 2.86863e+07 2.86863e+07 2.86863e+07 2.86863e+07 2.86863e+07 2.86863e+07 2.86863e+07 2.86863e+07 2.86863e+07 2.86863e+07 2.86863e+07 2.86863e+07 2.86863e+07 2.86863e+07 2.86863e+07 2.86863e+07 0 0 0 0 0 0 0 0 0 0 0 0 0 0 0 0 0 0 0 0 0 0 0 0 0
#obs survey bio
 4.47286e+06 4.76078e+06 2.33359e+06 2.51623e+06 3.63453e+06 2.77475e+06 1.65220e+06 2.27294e+06 1.80699e+06 1.44026e+06 1.19905e+06 1.42935e+06 1.023e+06 1.1311e+06 1.11463e+06 825283 957806 637872 545479 546744 512636 604964 476415 640205 698528 527557 498059 716424 495090 503448 555983 472891 652728 789006 627106 778741 641886 393551 444342 637691 550946 643604 560046 640871 780628 599135 531524 697334 685268 654764 806845 602505 880423 572032 672847 1.02883e+06 1.0799e+06
#pred catch bio
 118672 105770 150852 196892 237834 264560 274888 296294 308686 312404 304752 262773 250496 265065 246852 219656 181653 173784 140913 146466 127848 125528 119869 111070 103499 111575 100207 97966 101189 94857.9 98441.1 95649.1 98452.2 94525.8 101326 101156 92638.4 93311.1 95331.8 93231.9 98908.3 102048 107103 108434 108794 113910 113442 104873 110804 105452 77205.5 125756 106200 105784 95794.7 101162 106418 121892 124406 125884 130260 136934 144332 151422 157659 162839 166964 170150 172553 174332 175631 176569 177240 177717 178054 178291 178457 178573 178654 178710 178749 178776 178794 178807 178816 178822 178826 178829 178831 178833 178834 178834 178835 178835 178835 178835 178836 178836 178836 178836 178836 178836 178836 178836 178836 178836 178836 178836 178836 178836 178836 178836 178836 178836 178836 178836 178836 178836 178836 178836 178836 178836 178836 178836 178836 178836 178836 178836 178836 178836 178836 178836 178836 178836 178836 178836 178836 178836 178836 178836 178836 178836 178836 178836 178836 178836 178836 178836 178836 178836 178836 178836 178836 178836 178836 178836 178836 0 0 0 0 0 0 0 0 0 0 0 0 0 0 0 0 0 0 0 0 0 0 0 0 0
#obs catch bio
 0 105264 150878 196909 237386 263910 275249 296946 309948 315692 308192 264676 252637 268309 247532 221207 182114 173670 141070 147851 128655 126116 120582 111182 103713 111952 100473 97993 101495 95045.2 98431.5 95619.2 98447 94368.2 101079 100871 92383.7 93546.5 95504.9 93009.4 98924 102010 106938 108538 108870 114227 114169 105066 111332 105803 76427.4 126119 105718 106012 96023.8 101188 106429
#pred cpue bio
 3.59198e+06 3.43099e+06 3.2961e+06 3.12806e+06 2.92768e+06 2.70166e+06 2.46705e+06 2.2425e+06 2.01495e+06 1.79152e+06 1.57789e+06 1.38215e+06 1.23967e+06 1.1156e+06 975102 850199 749685 686498 626681 600737 565549 548378 530893 516709 510346 511729 502504 505444 511172 513137 522495 527790 536395 542006 552306 554516 556279 568376 581398 593720 610185 622054 631941 637354 642645 649034 650717 653763 667787 675795 690135 739233 733365 749244 767894 801430 831814 3.00121e+07 1.81686e+07 1.8452e+07 1.91791e+07 2.02626e+07 2.14643e+07 2.26272e+07 2.36673e+07 2.45505e+07 2.52741e+07 2.58522e+07 2.63062e+07 2.66585e+07 2.69298e+07 2.71381e+07 2.72976e+07 2.74199e+07 2.75138e+07 2.75861e+07 2.7642e+07 2.76855e+07 2.77193e+07 2.77459e+07 2.77667e+07 2.77832e+07 2.77963e+07 2.78067e+07 2.7815e+07 2.78217e+07 2.7827e+07 2.78313e+07 2.78347e+07 2.78376e+07 2.78398e+07 2.78417e+07 2.78432e+07 2.78444e+07 2.78454e+07 2.78462e+07 2.78468e+07 2.78474e+07 2.78478e+07 2.78482e+07 2.78485e+07 2.78487e+07 2.78489e+07 2.78491e+07 2.78492e+07 2.78493e+07 2.78494e+07 2.78495e+07 2.78495e+07 2.78496e+07 2.78496e+07 2.78497e+07 2.78497e+07 2.78497e+07 2.78497e+07 2.78497e+07 2.78497e+07 2.78498e+07 2.78498e+07 2.78498e+07 2.78498e+07 2.78498e+07 2.78498e+07 2.78498e+07 2.78498e+07 2.78498e+07 2.78498e+07 2.78498e+07 2.78498e+07 2.78498e+07 2.78498e+07 2.78498e+07 2.78498e+07 2.78498e+07 2.78498e+07 2.78498e+07 2.78498e+07 2.78498e+07 2.78498e+07 2.78498e+07 2.78498e+07 2.78498e+07 2.78498e+07 2.78498e+07 2.78498e+07 2.78498e+07 2.78498e+07 2.78498e+07 2.78498e+07 2.78498e+07 2.78498e+07 2.78498e+07 2.78498e+07 2.78498e+07 2.78498e+07 2.78498e+07 2.78498e+07 0 0 0 0 0 0 0 0 0 0 0 0 0 0 0 0 0 0 0 0 0 0 0 0 0
#obs cpue bio
 3.70498e+06 3.75675e+06 3.10647e+06 3.80674e+06 3.35883e+06 2.73508e+06 2.03119e+06 2.18396e+06 1.89693e+06 1.31241e+06 1.95735e+06 1.38421e+06 1.28197e+06 973291 1.30474e+06 687799 644175 1.0066e+06 557564 485085 590899 560175 527225 542334 325003 543305 458738 431443 481156 503516 645301 582779 486694 403081 606972 445892 473877 573507 847521 762507 607998 637820 848497 529743 536002 638598 593799 743620 591588 857869 1.19091e+06 680659 764598 643852 682657 912246 678142
#pred surv len freq
 0.00418987 0.00688197 0.0105077 0.0151021 0.0205891 0.0266947 0.0329254 0.0386966 0.0435513 0.0473018 0.0500049 0.0518374 0.0529894 0.0536213 0.0538641 0.0538406 0.0536879 0.0535524 0.0535145 0.0534399 0.0528427 0.0509232 0.0468872 0.0404385 0.0321156
 0.00452923 0.00734729 0.011051 0.0156319 0.0210047 0.0269354 0.0330025 0.038683 0.0435337 0.0473293 0.0500693 0.0518982 0.0530202 0.0536435 0.0539447 0.0540531 0.0540591 0.0540213 0.0539289 0.0536011 0.0525867 0.0502004 0.0457964 0.0391894 0.0309396
 0.004609 0.00753787 0.0114434 0.0163302 0.0220781 0.0283567 0.0346129 0.040224 0.0447451 0.0480555 0.0503067 0.0517572 0.0526457 0.0531546 0.0534226 0.0535574 0.0536327 0.0536695 0.0535922 0.0531577 0.0519018 0.0492025 0.0445321 0.0378164 0.029658
 0.00473746 0.00773164 0.0117128 0.01669 0.0225624 0.0290291 0.0355541 0.0414871 0.0462936 0.0497289 0.0518506 0.0529163 0.0532642 0.0532223 0.0530474 0.0528969 0.0528311 0.0528194 0.0527191 0.0522235 0.0508361 0.0479586 0.0431393 0.0363906 0.0283574
 0.00495223 0.00807382 0.0122135 0.0173706 0.0234284 0.0300654 0.0367254 0.0427498 0.0476131 0.0510833 0.0532071 0.0541939 0.0543205 0.0538903 0.0532054 0.0525222 0.0520012 0.0516642 0.0513589 0.0507307 0.0492382 0.0462757 0.0414273 0.0347568 0.0269319
 0.00523029 0.00851979 0.0128731 0.0182815 0.0246121 0.0315149 0.0383922 0.0445412 0.0494081 0.052763 0.0546824 0.0554132 0.0552518 0.0544911 0.0534074 0.0522495 0.0512105 0.0503767 0.0496576 0.0487311 0.0470593 0.044034 0.039248 0.0327762 0.025275
 0.00549808 0.00896118 0.0135484 0.0192499 0.0259195 0.0331737 0.0403617 0.0467205 0.0516503 0.0549037 0.0565706 0.0569334 0.0563324 0.0550991 0.05353 0.0518737 0.0503175 0.0489577 0.0477409 0.0464001 0.0444522 0.0413289 0.0366415 0.030455 0.0233804
 0.00573214 0.00934771 0.0141422 0.020108 0.0270927 0.0346913 0.0422133 0.0488444 0.0539355 0.0572043 0.0587257 0.0587877 0.0577556 0.0559997 0.0538584 0.0516133 0.0494698 0.0475349 0.0457745 0.0439625 0.0416769 0.0384123 0.0338174 0.0279477 0.0213523
 0.00597201 0.00974236 0.0147453 0.0209741 0.028268 0.0361996 0.0440393 0.0509265 0.0561718 0.0594683 0.0608819 0.0607013 0.0593003 0.0570655 0.054361 0.0514991 0.0487165 0.0461481 0.0437906 0.0414612 0.038799 0.0353656 0.0308551 0.0253166 0.0192309
 0.0061795 0.010093 0.015298 0.0217928 0.0294096 0.0376936 0.0458682 0.0530172 0.0584073 0.0617107 0.0629942 0.062561 0.0608026 0.0581225 0.0548991 0.0514595 0.0480577 0.0448535 0.0418795 0.0390057 0.0359398 0.0323159 0.027877 0.0226667 0.0170953
 0.00642539 0.0104906 0.0158935 0.0226304 0.0305265 0.0391103 0.0475752 0.0549648 0.0605048 0.0638369 0.0650141 0.064343 0.0622339 0.0591164 0.0553943 0.0514122 0.0474357 0.0436375 0.0400772 0.0366731 0.0332037 0.0293801 0.0249978 0.0200986 0.0150239
 0.00674537 0.011 0.0166399 0.0236503 0.0318392 0.0407074 0.0494108 0.0569536 0.0625342 0.0657884 0.0667802 0.0658341 0.0633767 0.0598517 0.0556757 0.0512049 0.0467148 0.042389 0.0383072 0.0344284 0.0305944 0.0265899 0.0222644 0.0176609 0.0130582
 0.00692427 0.0113027 0.0171171 0.024356 0.0328178 0.0419756 0.0509395 0.058664 0.0643133 0.0675151 0.0683481 0.0671619 0.0644064 0.0605415 0.0559916 0.0511162 0.0461931 0.0414127 0.0368729 0.0325695 0.0284014 0.0242194 0.0199231 0.0155602 0.0113566
 0.00695289 0.0113804 0.0172926 0.0246961 0.0333946 0.0428433 0.0521112 0.0600995 0.0659235 0.0691782 0.0699322 0.0685458 0.0654971 0.0612809 0.0563525 0.0510899 0.0457761 0.040602 0.0356725 0.0310078 0.0265522 0.022213 0.0179341 0.0137696 0.00990205
 0.0071506 0.0116923 0.0177455 0.0253129 0.0341951 0.0438429 0.0533141 0.0614871 0.0674429 0.0707389 0.0714137 0.0698183 0.0664474 0.0618338 0.0564792 0.0507994 0.0450988 0.039574 0.0343301 0.0293962 0.0247432 0.0203177 0.0160971 0.0121393 0.00858973
 0.00731985 0.0119798 0.0182001 0.0259842 0.0351195 0.045023 0.054703 0.0629905 0.0689435 0.0721275 0.0726087 0.0707644 0.0671036 0.0621651 0.056459 0.0504182 0.0443686 0.0385261 0.0330097 0.0278614 0.0230705 0.0186085 0.014472 0.0107172 0.00745612
 0.007472 0.0122224 0.0185572 0.0264784 0.0357705 0.045845 0.0556958 0.0641295 0.0701717 0.073358 0.0737385 0.0716962 0.0677651 0.0625173 0.0564907 0.0501348 0.0437851 0.0376656 0.0319079 0.0265705 0.0216629 0.0171766 0.0131202 0.00954258 0.00652562
 0.00764356 0.0124703 0.0188735 0.0268377 0.0361403 0.0462013 0.0560359 0.0644736 0.0705542 0.073811 0.0742739 0.0722938 0.0683708 0.0630553 0.0568824 0.050317 0.0437194 0.0373404 0.031336 0.025789 0.0207328 0.0161796 0.0121488 0.00868269 0.00583682
 0.00788857 0.0128587 0.019437 0.027592 0.0370739 0.0472635 0.0571313 0.0654762 0.0713426 0.0743114 0.0744836 0.0722708 0.0681983 0.0628022 0.0565807 0.0499611 0.0432815 0.0367905 0.0306587 0.0249929 0.0198533 0.0152755 0.0112908 0.00793701 0.00524775
 0.0078341 0.0127901 0.0193713 0.0275594 0.0371123 0.0474072 0.057399 0.0658619 0.0718131 0.0748114 0.0749505 0.072654 0.0684751 0.0629792 0.0566801 0.05 0.043258 0.0366848 0.0304459 0.0246602 0.0194125 0.0147646 0.0107658 0.00745578 0.00485382
 0.00788996 0.0128762 0.019493 0.0277208 0.0373181 0.0476649 0.0577174 0.0662458 0.0722548 0.0752838 0.0754064 0.0730358 0.0687309 0.0630803 0.0566287 0.0498237 0.0429933 0.0363606 0.0300758 0.0242478 0.0189634 0.0142971 0.0103116 0.00705161 0.00452822
 0.00786472 0.0128311 0.0194181 0.0276055 0.0371559 0.0474595 0.057489 0.0660325 0.0721067 0.0752503 0.0755203 0.0732994 0.0691116 0.0635175 0.0570521 0.0501744 0.0432371 0.0364881 0.0300942 0.0241709 0.0188085 0.0140867 0.0100749 0.00682061 0.0043302
 0.00789488 0.0128737 0.0194697 0.0276576 0.0371958 0.0474723 0.0574618 0.0659582 0.0719898 0.0751104 0.0753914 0.073222 0.0691185 0.0636204 0.0572347 0.0503971 0.043451 0.036651 0.0301807 0.0241745 0.0187381 0.0139616 0.00992027 0.00666293 0.00419155
 0.00797563 0.0129896 0.0196154 0.0278178 0.0373481 0.0475939 0.0575338 0.0659689 0.0719352 0.0749952 0.0752307 0.0730414 0.0689513 0.0634999 0.0571839 0.0504197 0.043529 0.0367514 0.0302671 0.0242198 0.0187307 0.0139059 0.00983247 0.00656368 0.00409944
 0.00798455 0.0130058 0.0196424 0.0278581 0.0374005 0.0476502 0.0575782 0.0659813 0.0718994 0.0749071 0.0751012 0.0728935 0.0688126 0.0633957 0.0571326 0.0504299 0.0435972 0.0368607 0.030391 0.0243295 0.0188047 0.0139357 0.00982311 0.00652917 0.00405591
 0.00795385 0.0129512 0.0195521 0.0277201 0.0372074 0.0474058 0.0573019 0.0657053 0.0716593 0.0747298 0.074999 0.072865 0.0688499 0.0634901 0.0572773 0.0506185 0.043821 0.0371058 0.0306382 0.0245562 0.0189907 0.0140689 0.00990312 0.00656567 0.0040639
 0.00801607 0.0130508 0.0196982 0.027917 0.037451 0.0476786 0.0575708 0.0659272 0.071793 0.0747507 0.0749067 0.0726809 0.0686073 0.0632242 0.0570193 0.050393 0.0436445 0.0369858 0.0305715 0.0245309 0.0189895 0.0140751 0.0099054 0.00656008 0.00405231
 0.0079896 0.0130038 0.0196209 0.0277999 0.0372896 0.0474791 0.0573538 0.0657236 0.0716342 0.0746565 0.0748797 0.0727095 0.0686742 0.0633147 0.0571242 0.0505083 0.0437689 0.0371184 0.0307093 0.0246674 0.0191154 0.014181 0.00998476 0.00661207 0.00408127
 0.00793892 0.0129241 0.0195056 0.0276445 0.0370914 0.0472391 0.0570788 0.06543 0.0713487 0.0744137 0.0747138 0.0726447 0.0687166 0.063451 0.0573283 0.0507507 0.044025 0.0373706 0.0309467 0.0248823 0.0193015 0.0143328 0.0100996 0.00669128 0.00413027
 0.00789435 0.0128578 0.0194173 0.0275375 0.0369714 0.0471114 0.056947 0.0652953 0.0712119 0.0742776 0.0745862 0.0725393 0.0686513 0.0634419 0.057383 0.0508647 0.0441835 0.0375541 0.0311363 0.025063 0.0194623 0.0144668 0.0102033 0.00676494 0.0041777
 0.00784554 0.0127685 0.0192654 0.0272989 0.0366289 0.0466671 0.0564316 0.0647663 0.0707383 0.0739192 0.0743777 0.0724875 0.0687415 0.0636491 0.0576796 0.0512241 0.0445796 0.0379608 0.0315287 0.0254196 0.0197676 0.0147124 0.010388 0.0068938 0.00426043
 0.00785464 0.0127798 0.019275 0.0272983 0.0366037 0.0465974 0.0562956 0.0645485 0.0704398 0.0735651 0.0740157 0.0721743 0.0685251 0.0635555 0.0577101 0.0513614 0.0447966 0.0382278 0.0318166 0.0257023 0.0200238 0.0149272 0.0105546 0.00701277 0.00433825
 0.00778008 0.01267 0.0191308 0.0271277 0.0364187 0.0464096 0.0561119 0.0643697 0.0702621 0.0733843 0.0738329 0.0720014 0.0683859 0.0634794 0.057722 0.0514717 0.0449975 0.0384963 0.0321219 0.0260126 0.0203115 0.0151727 0.0107474 0.00715188 0.00443002
 0.0077256 0.0125826 0.0190021 0.0269524 0.036198 0.0461546 0.0558451 0.0641213 0.0700609 0.0732464 0.0737567 0.0719717 0.0683855 0.0635001 0.0577686 0.0515578 0.0451359 0.0386897 0.0323593 0.0262721 0.0205671 0.0154011 0.0109332 0.00728951 0.00452268
 0.00766586 0.0124816 0.0188431 0.0267186 0.0358773 0.0457472 0.055371 0.0636221 0.0695931 0.0728682 0.0735134 0.0718847 0.0684486 0.0636856 0.0580393 0.0518798 0.0454858 0.0390541 0.032728 0.0266321 0.0209012 0.0156915 0.0111669 0.00746216 0.00463902
 0.00768551 0.0125101 0.018879 0.0267562 0.0359057 0.0457502 0.0553285 0.063515 0.0694115 0.0726191 0.0732237 0.0715963 0.0682064 0.0635237 0.0579729 0.0519049 0.045586 0.039209 0.0329186 0.0268412 0.0211122 0.0158877 0.0113342 0.00759203 0.0047302
 0.00778248 0.0126489 0.019053 0.0269468 0.0360875 0.0458981 0.0554235 0.0635455 0.0693706 0.0725034 0.0730352 0.0713469 0.0679207 0.0632371 0.057723 0.0517217 0.0454843 0.0391874 0.0329638 0.026934 0.0212316 0.0160141 0.0114511 0.00768825 0.00480096
 0.00775054 0.0126066 0.0190062 0.0269051 0.0360586 0.0458816 0.0554076 0.0635108 0.0693005 0.0723939 0.0728975 0.0712014 0.0677876 0.0631312 0.057654 0.0516968 0.0455093 0.0392637 0.0330858 0.0270886 0.0214007 0.0161789 0.011596 0.00780347 0.00488383
 0.00768626 0.0125074 0.0188675 0.0267281 0.035852 0.0456623 0.0551997 0.0633404 0.0691865 0.0723405 0.0728933 0.0712271 0.0678272 0.0631778 0.0577099 0.0517687 0.0456038 0.0393848 0.0332326 0.0272547 0.0215745 0.0163457 0.0117421 0.00791982 0.00496768
 0.00771471 0.0125367 0.0188808 0.0266999 0.0357565 0.0454852 0.0549485 0.0630458 0.068894 0.0720957 0.0727283 0.0711531 0.0678351 0.0632462 0.0578154 0.051894 0.0457404 0.0395308 0.0333882 0.0274176 0.0217384 0.0165009 0.011878 0.00802869 0.0050468
 0.00768752 0.0124995 0.0188365 0.0266529 0.0357073 0.0454253 0.0548591 0.0629049 0.0686899 0.0718398 0.0724573 0.0709173 0.0676796 0.0631945 0.0578645 0.0520218 0.0459178 0.0397323 0.0335962 0.0276212 0.0219296 0.0166722 0.0120227 0.00814207 0.00512821
 0.00765321 0.0124507 0.0187763 0.0265894 0.035652 0.0453896 0.0548497 0.0629193 0.068714 0.07185 0.072429 0.0708383 0.0675587 0.0630604 0.0577538 0.0519629 0.0459215 0.0397921 0.0336959 0.0277426 0.0220572 0.0167939 0.0121295 0.00822818 0.00519155
 0.00768676 0.0124933 0.0188188 0.026617 0.0356499 0.0453511 0.0547815 0.0628406 0.0686475 0.0718105 0.072416 0.0708362 0.0675461 0.0630226 0.0576915 0.0518922 0.0458655 0.0397694 0.0337133 0.0277951 0.0221322 0.0168772 0.0122086 0.00829496 0.00524207
 0.00769044 0.0125111 0.0188662 0.0267128 0.0358076 0.0455678 0.0550314 0.0630794 0.068829 0.0719051 0.0724198 0.0707658 0.0674246 0.0628686 0.0575162 0.0517048 0.0456789 0.0396005 0.0335784 0.0277035 0.0220835 0.016863 0.0122166 0.00831316 0.00526165
 0.00768162 0.0124974 0.0188478 0.0266927 0.035794 0.0455751 0.0550781 0.0631808 0.0689864 0.0720989 0.0726124 0.0709158 0.0675033 0.0628683 0.057448 0.051589 0.0455374 0.0394533 0.033443 0.0275935 0.0220063 0.0168184 0.0121984 0.00831176 0.00526818
 0.00767457 0.0124853 0.0188284 0.0266638 0.0357542 0.0455258 0.0550252 0.0631361 0.0689664 0.0721199 0.0726832 0.0710303 0.0676397 0.0629959 0.0575387 0.051628 0.0455254 0.0394036 0.0333739 0.027523 0.0219478 0.0167786 0.0121773 0.00830516 0.00526989
 0.0076323 0.012431 0.0187731 0.0266259 0.0357532 0.0455736 0.055119 0.0632586 0.0690935 0.0722311 0.0727686 0.0710917 0.0676841 0.063028 0.0575565 0.0516237 0.0454915 0.0393391 0.0332865 0.0274265 0.021857 0.0167045 0.0121248 0.00827293 0.00525314
 0.00760599 0.0123837 0.0186947 0.0265071 0.035592 0.0453816 0.0549254 0.0631038 0.0690145 0.0722456 0.0728683 0.0712483 0.0678643 0.0632053 0.0577154 0.0517561 0.0455929 0.0394063 0.0333199 0.0274316 0.0218436 0.0166837 0.0121052 0.00825915 0.00524568
 0.00748326 0.0121949 0.0184305 0.0261658 0.0351794 0.0449115 0.0544215 0.0626038 0.0685699 0.0719147 0.0727025 0.0712762 0.068081 0.0635737 0.0581785 0.0522542 0.0460761 0.0398404 0.0336857 0.0277226 0.0220627 0.0168405 0.0122123 0.00832906 0.00528932
 0.00744234 0.0121222 0.0183103 0.0259807 0.0349162 0.0445683 0.0540143 0.0621656 0.0681435 0.0715431 0.0724223 0.0711163 0.0680614 0.0637014 0.0584417 0.052621 0.0465008 0.0402742 0.0340877 0.0280659 0.0223356 0.0170434 0.0123538 0.00842178 0.00534633
 0.00745052 0.0121196 0.0182765 0.0258865 0.0347299 0.0442674 0.0535967 0.0616548 0.0675863 0.0709999 0.0719558 0.0707797 0.0678906 0.0637112 0.0586257 0.0529542 0.0469425 0.0407738 0.0345928 0.0285311 0.0227298 0.0173523 0.0125784 0.00857316 0.00544081
 0.00722375 0.0117647 0.0177682 0.0252104 0.0338848 0.0432694 0.0524849 0.0604966 0.066474 0.070039 0.0712471 0.0704011 0.0678825 0.0640696 0.0593059 0.0538815 0.0480267 0.0419218 0.0357177 0.0295599 0.0236098 0.0180554 0.0131013 0.00893384 0.00567037
 0.00744379 0.012091 0.0182 0.0257238 0.0344362 0.0438018 0.0529337 0.0607938 0.0665561 0.0698617 0.0708025 0.0697301 0.0670732 0.0632396 0.0585731 0.0533349 0.0477084 0.0418251 0.0357988 0.0297557 0.0238553 0.0182974 0.0133057 0.00908626 0.00577202
 0.00747551 0.0121512 0.018305 0.025891 0.0346749 0.0441027 0.0532615 0.0610912 0.0667594 0.0699202 0.0706916 0.0694534 0.0666591 0.0627378 0.0580505 0.0528668 0.047362 0.0416415 0.0357821 0.029875 0.0240581 0.0185273 0.0135178 0.00925473 0.00588976
 0.00737774 0.0120133 0.0181373 0.0257185 0.034533 0.0440278 0.0532812 0.0612147 0.0669719 0.0701816 0.070944 0.069636 0.0667269 0.0626748 0.0578743 0.052623 0.0471122 0.0414465 0.0356844 0.029887 0.0241617 0.0186843 0.013686 0.00940188 0.00599993
 0.00721595 0.0117521 0.0177496 0.0251859 0.0338563 0.0432403 0.052457 0.0604624 0.0664085 0.0698957 0.0709671 0.0699351 0.0672194 0.0632577 0.0584544 0.0531397 0.0475461 0.0418121 0.0360128 0.0302058 0.0244805 0.0189929 0.0139627 0.00962658 0.00616344
 0.00706195 0.0115122 0.0174076 0.0247327 0.0332903 0.0425689 0.0517023 0.0596682 0.0656436 0.069249 0.0705302 0.0697784 0.0673681 0.0636806 0.0590732 0.0538547 0.0482665 0.0424782 0.036601 0.030718 0.024927 0.0193787 0.0142848 0.00987894 0.00634498
#obs surv len freq
 nan nan nan nan nan nan nan nan nan nan nan nan nan nan nan nan nan nan nan nan nan nan nan nan nan
 0.00448643 0.00734845 0.0111789 0.0159951 0.0216951 0.0279695 0.0342822 0.0400122 0.044691 0.0481544 0.0505124 0.0520085 0.0529011 0.0534138 0.0537284 0.0539835 0.0542623 0.0545551 0.0546939 0.0542859 0.052724 0.0493561 0.0438059 0.036286 0.0276697
 0.0046153 0.00756102 0.011504 0.0164606 0.0223203 0.0287548 0.0351987 0.0409994 0.0456652 0.0490267 0.0512049 0.0524665 0.0530977 0.0533492 0.0534254 0.0534798 0.0536015 0.0537801 0.0538438 0.0533975 0.0518363 0.0485124 0.043051 0.0356581 0.0271898
 0.0047771 0.00782524 0.0119041 0.0170286 0.0230816 0.029718 0.0363448 0.0422759 0.04699 0.0502996 0.0523227 0.0533363 0.0536478 0.0535379 0.0532443 0.0529514 0.0527718 0.0527092 0.0525984 0.0520482 0.0504582 0.0471861 0.0418562 0.0346606 0.026426
 0.00496275 0.00812935 0.0123661 0.0176868 0.0239656 0.0308377 0.0376785 0.0437653 0.0485483 0.0518258 0.0537151 0.0544995 0.0544971 0.0540039 0.0532805 0.0525411 0.0519317 0.0514876 0.0510709 0.0503123 0.0486293 0.0453909 0.0402199 0.0332852 0.0253689
 0.00518321 0.00848943 0.0129111 0.0184602 0.0250007 0.0321446 0.0392309 0.0454951 0.0503548 0.0535943 0.0553341 0.0558705 0.0555365 0.0546424 0.0534625 0.0522289 0.0511119 0.05018 0.0493351 0.0482513 0.046387 0.0431397 0.0381366 0.0315172 0.0240019
 0.00542189 0.00887935 0.0135015 0.0192983 0.026123 0.0335628 0.040917 0.0473765 0.0523238 0.055528 0.0571134 0.0573914 0.0567125 0.0554036 0.0537528 0.0520045 0.0503446 0.0488666 0.0475117 0.0460085 0.0438757 0.0405611 0.0357102 0.0294334 0.0223778
 0.00565863 0.00926885 0.0140964 0.0201506 0.0272743 0.0350284 0.0426697 0.0493408 0.0543866 0.0575603 0.0589911 0.0590063 0.0579764 0.0562459 0.0541178 0.0518477 0.0496326 0.047584 0.0456772 0.0436958 0.0412294 0.0377926 0.0330647 0.0271341 0.0205696
 0.00588907 0.00964703 0.0146725 0.0209742 0.0283861 0.0364456 0.044371 0.0512596 0.0564189 0.0595834 0.0608819 0.0606541 0.059288 0.057147 0.0545503 0.051766 0.0490012 0.0463818 0.0439117 0.0414262 0.0385881 0.034987 0.0303479 0.0247465 0.0186752
 0.00612553 0.010034 0.0152596 0.0218095 0.029507 0.037865 0.0460622 0.0531517 0.0584063 0.0615463 0.0627048 0.0622361 0.0605451 0.0580114 0.0549677 0.0516926 0.0484016 0.0452324 0.042214 0.0392286 0.0360093 0.0322234 0.0276482 0.0223543 0.0167632
 0.00638734 0.0104609 0.0159043 0.0227215 0.0307222 0.0393903 0.04786 0.0551349 0.0604521 0.0635202 0.0644844 0.0637236 0.0616694 0.0587235 0.0552342 0.051488 0.0477042 0.0440263 0.0405008 0.0370504 0.0334728 0.0295101 0.0249938 0.0199949 0.0148701
 0.0066263 0.0108574 0.0165157 0.0236053 0.0319238 0.0409231 0.0496866 0.0571613 0.0625423 0.0655249 0.0662675 0.0651778 0.0627215 0.059331 0.0553781 0.051163 0.0469099 0.0427644 0.0387838 0.034921 0.0310284 0.0269149 0.0224627 0.0177458 0.0130634
 0.00685017 0.0112221 0.0170665 0.0243858 0.0329691 0.0422482 0.0512717 0.0589444 0.0644232 0.0673801 0.0679686 0.0666077 0.0637868 0.0599689 0.0555567 0.050875 0.0461631 0.0415749 0.037178 0.0329491 0.0287836 0.0245454 0.020159 0.0157013 0.0114206
 0.00706873 0.0115804 0.0176108 0.0251602 0.0340056 0.0435522 0.0528081 0.0606351 0.0661602 0.0690482 0.0694633 0.0678433 0.0646955 0.0605 0.0556766 0.0505681 0.0454308 0.0404338 0.0356604 0.031111 0.026717 0.0223861 0.0180758 0.0138618 0.00994702
 0.00727477 0.0119221 0.018137 0.0259197 0.0350357 0.0448614 0.0543594 0.0623412 0.0678975 0.0706828 0.0708767 0.0689473 0.0654356 0.0608506 0.0556324 0.0501357 0.0446242 0.039274 0.034181 0.0293669 0.0247951 0.0204092 0.0161916 0.0122132 0.00863511
 0.00742111 0.0121611 0.0184996 0.0264367 0.0357343 0.0457569 0.055446 0.0635842 0.0692334 0.0720255 0.0721292 0.0700141 0.0662362 0.0613282 0.0557577 0.0499031 0.0440448 0.0383705 0.0329877 0.027936 0.0232054 0.0187686 0.0146268 0.0108451 0.00754773
 0.00752585 0.0123311 0.0187551 0.0267969 0.0362144 0.046364 0.0561736 0.0644109 0.0701255 0.0729423 0.073025 0.0708387 0.0669336 0.0618408 0.0560334 0.0499037 0.0437516 0.0377854 0.0321333 0.0268572 0.021972 0.0174751 0.0133822 0.00975171 0.0066766
 0.00761314 0.0124709 0.0189616 0.0270821 0.0365858 0.0468222 0.0567088 0.0650025 0.0707456 0.0735616 0.0736179 0.0713828 0.0674069 0.0622168 0.0562789 0.0499821 0.0436289 0.0374397 0.0315628 0.0260862 0.0210532 0.0164866 0.0124164 0.00889554 0.00599089
 0.00766261 0.0125449 0.0190613 0.0272055 0.0367302 0.0469865 0.0568963 0.0652195 0.0709989 0.0738546 0.0739482 0.0717411 0.0677763 0.0625732 0.0565915 0.0502135 0.0437391 0.0373926 0.0313356 0.0256789 0.0204953 0.0158354 0.0117469 0.00828252 0.00548946
 0.00774322 0.0126674 0.0192295 0.0274162 0.0369733 0.0472462 0.0571525 0.0654518 0.0711919 0.0740042 0.0740627 0.0718374 0.0678712 0.0626756 0.056697 0.0503044 0.0437867 0.0373632 0.0311991 0.0254198 0.020121 0.0153799 0.0112635 0.00782944 0.00511272
 0.00778241 0.012732 0.0193278 0.0275554 0.0371564 0.0474684 0.0573985 0.0656965 0.0714071 0.0741671 0.0741639 0.0718823 0.067877 0.0626637 0.0566845 0.0502972 0.0437766 0.0373293 0.0311152 0.0252641 0.0198867 0.0150813 0.010934 0.00751099 0.00484163
 0.00780979 0.0127697 0.0193725 0.0276008 0.0371965 0.0475018 0.0574306 0.0657375 0.0714664 0.0742469 0.0742573 0.0719766 0.0679604 0.0627304 0.056736 0.0503384 0.0438093 0.0373475 0.0311049 0.0252085 0.0197754 0.0149174 0.0107363 0.00730796 0.00466118
 0.00785842 0.0128402 0.0194623 0.0277013 0.0372946 0.0475829 0.0574827 0.0657547 0.0714509 0.07421 0.074216 0.0719472 0.0679521 0.062743 0.0567625 0.0503701 0.0438386 0.0373677 0.0311078 0.0251845 0.0197164 0.0148225 0.0106149 0.00717763 0.00454123
 0.00786184 0.0128481 0.019478 0.0277285 0.0373349 0.0476335 0.0575343 0.0657937 0.0714644 0.0741921 0.0741714 0.0718905 0.0679019 0.0627151 0.0567642 0.0503989 0.0438849 0.0374185 0.0311501 0.0252069 0.0197112 0.0147876 0.0105554 0.00710495 0.00446913
 0.00788275 0.0128745 0.019504 0.0277448 0.0373324 0.0476082 0.0574906 0.0657427 0.0714183 0.074158 0.0741492 0.0718757 0.0678914 0.0627105 0.056771 0.0504225 0.043926 0.037472 0.0312058 0.0252532 0.0197383 0.0147909 0.0105364 0.00707095 0.00442993
 0.0079161 0.0129251 0.0195731 0.0278297 0.0374261 0.0476987 0.0575628 0.0657814 0.0714141 0.074112 0.0740728 0.0717859 0.0678037 0.0626346 0.0567115 0.0503811 0.0439033 0.0374666 0.0312134 0.0252663 0.0197485 0.0147915 0.0105254 0.00705065 0.00440565
 0.00789939 0.0129008 0.0195418 0.0277939 0.0373893 0.0476647 0.0575337 0.0657576 0.0713938 0.0740921 0.0740513 0.0717637 0.0677851 0.0626258 0.0567179 0.0504047 0.0439426 0.0375175 0.0312702 0.0253223 0.0197971 0.0148275 0.0105462 0.00705773 0.00440318
 0.00790467 0.0129028 0.0195332 0.0277644 0.03733 0.0475726 0.0574163 0.0656317 0.07128 0.0740075 0.074004 0.0717524 0.0678028 0.0626645 0.0567713 0.0504693 0.0440161 0.0375971 0.0313518 0.0254004 0.0198659 0.0148823 0.0105847 0.00708065 0.00441386
 0.00787063 0.0128539 0.0194711 0.0276938 0.0372556 0.0474964 0.0573355 0.0655417 0.0711798 0.0739042 0.0739124 0.0716903 0.0677831 0.0626903 0.0568366 0.0505628 0.0441258 0.0377131 0.0314661 0.0255067 0.0199587 0.0149575 0.0106405 0.00711784 0.00443565
 0.00786435 0.0128326 0.0194192 0.0275922 0.0370887 0.0472619 0.0570521 0.0652458 0.0709139 0.0737018 0.0737903 0.0716494 0.0678158 0.0627865 0.0569852 0.0507505 0.0443371 0.0379314 0.0316764 0.0256972 0.0201212 0.0150875 0.0107374 0.00718437 0.00447725
 0.00785933 0.012828 0.0194178 0.0275962 0.0370961 0.0472629 0.0570281 0.0651761 0.0707865 0.0735236 0.0735879 0.0714597 0.0676721 0.0627084 0.0569767 0.0508042 0.044439 0.038065 0.0318249 0.0258449 0.0202556 0.0152001 0.0108242 0.00724574 0.00451677
 0.00782045 0.0127643 0.0193217 0.027462 0.036923 0.0470584 0.0568092 0.0649657 0.0706056 0.0733837 0.0734896 0.0713993 0.067649 0.0627281 0.0570464 0.0509267 0.0446086 0.0382679 0.0320425 0.0260584 0.0204489 0.0153619 0.0109493 0.00733473 0.00457467
 0.0078156 0.0127513 0.0192926 0.0274061 0.0368295 0.0469205 0.0566286 0.0647549 0.070386 0.0731809 0.0733264 0.0712902 0.0675985 0.0627327 0.0571002 0.0510242 0.0447451 0.0384364 0.0322319 0.0262533 0.0206331 0.0155219 0.0110766 0.00742744 0.00463618
 0.00778636 0.0127047 0.0192242 0.0273121 0.0367065 0.0467666 0.056445 0.0645471 0.0701656 0.0729653 0.0731374 0.0711498 0.0675237 0.0627314 0.0571699 0.0511544 0.0449213 0.0386434 0.0324547 0.026477 0.0208426 0.0157042 0.011223 0.00753515 0.00470845
 0.00774761 0.0126419 0.0191303 0.0271811 0.0365357 0.0465585 0.0562095 0.064301 0.069929 0.0727571 0.0729721 0.0710377 0.067472 0.0627451 0.0572502 0.051297 0.0451159 0.0388745 0.0327043 0.0267266 0.0210754 0.0159064 0.0113857 0.0076556 0.0047899
 0.0076971 0.0125616 0.019013 0.0270215 0.0363318 0.0463137 0.0559341 0.0640135 0.0696533 0.0725179 0.0727904 0.0709271 0.0674384 0.0627874 0.0573626 0.0514709 0.0453398 0.0391341 0.0329825 0.0270046 0.0213347 0.0161316 0.0115671 0.00779015 0.00488122
 0.00768604 0.0125401 0.0189739 0.0269562 0.0362319 0.0461743 0.0557571 0.063808 0.0694345 0.0723039 0.072599 0.0707744 0.0673373 0.0627467 0.0573859 0.0515564 0.0454808 0.0393197 0.033198 0.0272326 0.0215568 0.0163313 0.0117322 0.00791528 0.00496762
 0.00766104 0.012502 0.0189211 0.0268881 0.0361483 0.0460744 0.0556393 0.0636717 0.0692819 0.0721417 0.0724393 0.0706321 0.0672275 0.0626821 0.0573749 0.0516019 0.0455807 0.0394665 0.0333795 0.027433 0.0217585 0.0165171 0.0118891 0.00803616 0.00505226
 0.00763627 0.0124615 0.01886 0.0268023 0.0360362 0.0459385 0.0554876 0.0635163 0.0691357 0.0720143 0.0723349 0.0705517 0.067172 0.0626547 0.0573808 0.0516467 0.0456671 0.0395928 0.0335385 0.0276126 0.0219431 0.0166907 0.0120382 0.00815271 0.00513493
 0.00761803 0.0124305 0.018811 0.0267297 0.0359353 0.045808 0.0553314 0.0633447 0.0689639 0.071859 0.0722105 0.070467 0.0671299 0.0626527 0.0574149 0.0517134 0.0457644 0.0397188 0.0336891 0.0277798 0.022115 0.0168536 0.0121796 0.00826462 0.00521517
 0.00759201 0.0123921 0.01876 0.026668 0.0358655 0.0457315 0.055248 0.063253 0.0688636 0.0717533 0.0721066 0.0703756 0.0670616 0.0626159 0.0574133 0.0517467 0.0458296 0.039812 0.0338055 0.0279126 0.022255 0.0169895 0.0123004 0.00836223 0.00528652
 0.00758466 0.0123794 0.0187398 0.0266382 0.0358251 0.0456819 0.0551929 0.0631977 0.0688121 0.0717062 0.0720615 0.0703292 0.0670134 0.0625702 0.0573779 0.05173 0.0458379 0.0398475 0.0338667 0.0279946 0.02235 0.0170878 0.0123919 0.00843905 0.00534441
 0.00757316 0.0123615 0.0187142 0.0266043 0.0357826 0.0456311 0.0551352 0.063136 0.068751 0.0716511 0.072017 0.0702974 0.0669937 0.0625599 0.0573753 0.0517358 0.0458551 0.0398801 0.0339168 0.0280611 0.0224282 0.01717 0.0124697 0.00850519 0.00539493
 0.007528 0.0122936 0.0186223 0.0264911 0.0356542 0.0454957 0.0550023 0.0630154 0.0686522 0.0715814 0.0719806 0.0702951 0.0670227 0.062615 0.0574495 0.0518222 0.0459483 0.0399773 0.0340169 0.0281631 0.0225296 0.0172662 0.0125552 0.00857521 0.00544716
 0.00753408 0.0122987 0.0186214 0.0264771 0.0356202 0.045439 0.0549265 0.0629302 0.0685695 0.0715115 0.0719288 0.0702622 0.0670073 0.062615 0.0574635 0.0518486 0.0459855 0.0400234 0.0340703 0.0282223 0.0225922 0.0173288 0.0126134 0.00862485 0.00548547
 0.00753107 0.012297 0.0186243 0.0264885 0.0356426 0.0454698 0.0549573 0.0629486 0.0685646 0.0714791 0.071874 0.0701963 0.0669427 0.0625611 0.0574249 0.0518264 0.0459788 0.0400306 0.0340894 0.0282511 0.022628 0.0173683 0.0126525 0.00865968 0.00551332
 0.00751938 0.0122787 0.0185986 0.0264556 0.0356048 0.0454318 0.0549257 0.0629297 0.0685609 0.0714877 0.0718866 0.0702041 0.0669408 0.0625507 0.0574118 0.0518173 0.0459786 0.0400412 0.0341104 0.0282805 0.0226629 0.0174054 0.0126882 0.00869085 0.00553792
 0.00750467 0.0122546 0.0185619 0.0264038 0.0355365 0.0453486 0.0548333 0.0628382 0.0684829 0.0714347 0.0718654 0.0702144 0.0669757 0.0625999 0.0574658 0.0518707 0.0460302 0.0400922 0.0341622 0.0283331 0.0227149 0.0174543 0.0127314 0.00872622 0.00556448
 0.00749067 0.0122307 0.0185241 0.0263477 0.0354586 0.0452483 0.0547144 0.0627095 0.0683575 0.0713271 0.071789 0.0701785 0.0669837 0.0626482 0.057545 0.0519683 0.0461345 0.040195 0.0342588 0.0284215 0.0227938 0.0175224 0.0127875 0.00876963 0.00559562
 0.00747508 0.0122064 0.0184891 0.0263008 0.0353989 0.0451753 0.0546285 0.0626129 0.0682547 0.0712254 0.0716984 0.0701099 0.0669469 0.0626494 0.0575846 0.0520411 0.0462306 0.0403028 0.0343678 0.0285238 0.0228848 0.0175993 0.0128491 0.00881613 0.00562822
 0.00747508 0.0122064 0.0184891 0.0263008 0.0353989 0.0451753 0.0546285 0.0626129 0.0682547 0.0712254 0.0716984 0.0701099 0.0669469 0.0626494 0.0575846 0.0520411 0.0462306 0.0403028 0.0343678 0.0285238 0.0228848 0.0175993 0.0128491 0.00881613 0.00562822
 0.00721623 0.0117927 0.0178817 0.0254737 0.0343506 0.0439434 0.0533008 0.0613227 0.0671546 0.070448 0.0713239 0.070155 0.0673721 0.0633783 0.0585236 0.0530957 0.0473168 0.0413519 0.0353288 0.0293624 0.0235818 0.0181495 0.0132592 0.0091025 0.00581409
 0.00738412 0.0120305 0.0181731 0.0257774 0.0346069 0.0440876 0.053278 0.0611007 0.0667342 0.0698687 0.0706612 0.069505 0.0668282 0.0630081 0.0583567 0.0531233 0.0475017 0.0416425 0.0356713 0.0297103 0.0239004 0.0184174 0.0134674 0.00925216 0.00591319
 0.00728049 0.0118936 0.0180239 0.0256506 0.0345357 0.0440818 0.0533102 0.0611107 0.0666535 0.0696523 0.0703092 0.0690647 0.0663788 0.0626365 0.0581334 0.0530866 0.0476513 0.0419447 0.0360716 0.030148 0.0243219 0.018784 0.0137585 0.00946387 0.00605411
 0.00727645 0.0118745 0.0179741 0.0255531 0.034383 0.0438882 0.0531155 0.060967 0.0665968 0.069677 0.0703647 0.0690812 0.0663063 0.0624721 0.0579226 0.0529002 0.0475545 0.0419733 0.0362237 0.030391 0.0246075 0.0190651 0.0140005 0.00964957 0.00618219
 0.00712688 0.0116438 0.0176498 0.0251313 0.0338682 0.0432941 0.0524694 0.0603159 0.0660076 0.0692261 0.0701159 0.0690602 0.0664887 0.0627946 0.0583132 0.0533095 0.0479682 0.0424017 0.036679 0.030869 0.0250838 0.0195041 0.01437 0.00993184 0.00637727
 0.00703844 0.0114874 0.0173923 0.0247368 0.0333099 0.0425708 0.0516185 0.0594122 0.0651471 0.068502 0.069601 0.0688005 0.0665005 0.0630621 0.0587895 0.0539266 0.0486565 0.0431079 0.0373713 0.0315291 0.0256942 0.0200432 0.0148161 0.0102722 0.00661404
#pred catch len freq
 0.00310492 0.00504108 0.00760847 0.010853 0.014819 0.0195034 0.0247951 0.0304611 0.0361915 0.0416596 0.0465689 0.0506917 0.053902 0.0561881 0.0576387 0.0584211 0.0587631 0.0589124 0.0590335 0.0590337 0.0584125 0.0563071 0.0518507 0.0447216 0.0355178
 0.00336499 0.0054001 0.00803303 0.0112779 0.0151727 0.0197437 0.0249315 0.0305452 0.0362797 0.0417754 0.0466925 0.0507846 0.0539491 0.0562255 0.0577462 0.0586807 0.0592024 0.0594618 0.0595232 0.0592434 0.0581601 0.055537 0.050671 0.043363 0.0342353
 0.00345397 0.0055821 0.00837083 0.0118395 0.0159987 0.0208062 0.0261122 0.0316611 0.0371529 0.042307 0.0468906 0.0507319 0.0537437 0.0559433 0.057442 0.0584049 0.0589986 0.0593367 0.0594121 0.059011 0.057654 0.0546712 0.0494877 0.0420268 0.0329608
 0.00358716 0.00578516 0.0086569 0.0122264 0.0165221 0.0215281 0.0271075 0.0329735 0.038737 0.0439977 0.0484351 0.0518812 0.05435 0.0560021 0.0570634 0.0577463 0.0582033 0.0584963 0.0585486 0.0580789 0.0565726 0.0533857 0.0480269 0.0405156 0.0315725
 0.00379156 0.00610602 0.00911804 0.0128415 0.0172933 0.0224465 0.0281574 0.0341415 0.04002 0.0453932 0.0499091 0.0533306 0.0555972 0.0568449 0.0573559 0.0574577 0.0574165 0.0573531 0.0571801 0.0565628 0.0549359 0.0516459 0.0462408 0.0387971 0.0300634
 0.00405295 0.00651913 0.00971841 0.0136561 0.0183378 0.02372 0.0296341 0.0357647 0.0417068 0.0470517 0.0514577 0.0547056 0.0567405 0.057681 0.0577835 0.0573735 0.0567612 0.0561448 0.055509 0.0545554 0.052721 0.0493471 0.0439895 0.0367378 0.0283307
 0.00430907 0.00693264 0.0103363 0.0145227 0.0194896 0.0251756 0.0313802 0.0377452 0.0438224 0.0491707 0.0534356 0.0564082 0.058063 0.0585541 0.0581621 0.0572196 0.056038 0.0548335 0.0536368 0.0522126 0.0500578 0.046556 0.0412816 0.0343136 0.0263432
 0.00455525 0.00732923 0.0109282 0.0153541 0.0206017 0.0265999 0.0331257 0.039784 0.04608 0.0515259 0.0557313 0.0584713 0.0597319 0.0597025 0.0587102 0.0571283 0.0552949 0.0534435 0.0516307 0.0496689 0.0471237 0.0434476 0.0382561 0.0316179 0.024157
 0.00481278 0.00774256 0.0115418 0.0162099 0.0217366 0.0280394 0.0348735 0.0418114 0.0483207 0.0538776 0.0580612 0.0606262 0.0615523 0.0610411 0.0594486 0.0571878 0.0546372 0.0520675 0.0495734 0.0470181 0.0440359 0.0401541 0.0350386 0.0287512 0.0218405
 0.00504931 0.00812829 0.0121258 0.0170418 0.0228612 0.0294863 0.0366427 0.0438627 0.0505729 0.0562169 0.0603539 0.0627316 0.0633338 0.0623741 0.0602263 0.0573243 0.0540731 0.0507765 0.047574 0.04439 0.0409372 0.0368244 0.0317717 0.0258354 0.0194858
 0.00531857 0.00855518 0.0127499 0.0178977 0.0239786 0.0308875 0.038333 0.0458179 0.0527295 0.0584707 0.0625692 0.0647595 0.0650328 0.063626 0.0609405 0.0574339 0.0535289 0.0495494 0.0456689 0.0418692 0.0379439 0.033589 0.0285845 0.0229842 0.0171815
 0.00560936 0.00901336 0.0134133 0.0187947 0.0251272 0.0322923 0.0399794 0.0476655 0.0547106 0.0604951 0.064531 0.0665441 0.0665257 0.0647223 0.0615536 0.0574981 0.0529987 0.0483988 0.0439003 0.0395339 0.0351668 0.0305783 0.0256094 0.0203162 0.015022
 0.00581112 0.00934324 0.0139138 0.0195079 0.0260885 0.0335196 0.0414603 0.0493504 0.0565174 0.0623222 0.0662723 0.0681004 0.06781 0.0656611 0.0620847 0.0575691 0.0525657 0.0474309 0.042391 0.0375208 0.0327535 0.0279449 0.022993 0.0179596 0.0131083
 0.00593675 0.00956151 0.0142694 0.020054 0.0268787 0.034593 0.0428233 0.0509644 0.058298 0.0641497 0.0680106 0.0696191 0.0690046 0.0664635 0.0624605 0.0575049 0.0520551 0.0464691 0.040982 0.0356973 0.0306008 0.0256135 0.0206846 0.0158831 0.0114225
 0.00616877 0.00992246 0.0147843 0.0207409 0.0277523 0.0356677 0.0441083 0.0524507 0.059942 0.0658638 0.0696677 0.0710738 0.0701236 0.067152 0.0626748 0.0572454 0.0513493 0.0453537 0.0394962 0.0338926 0.02856 0.0234649 0.0185953 0.0140249 0.00992453
 0.0063521 0.0102242 0.0152448 0.021399 0.0286366 0.0367838 0.0454277 0.0539098 0.0614549 0.0673406 0.0710254 0.0722359 0.071016 0.0677055 0.062835 0.0569851 0.0506728 0.0442924 0.0381007 0.0322299 0.0267193 0.0215642 0.0167754 0.0124245 0.00864446
 0.00646101 0.0103986 0.0155043 0.0217651 0.0291348 0.0374428 0.0462719 0.0549452 0.0626535 0.0686318 0.0723044 0.0733861 0.0719355 0.0683224 0.0631087 0.0568983 0.0502256 0.0435018 0.0370033 0.030885 0.0252118 0.0200031 0.0152838 0.0111178 0.00760333
 0.00665053 0.0106751 0.0158625 0.0221815 0.0295776 0.0378869 0.0467116 0.0553964 0.0631457 0.0691933 0.0729444 0.0740811 0.0726263 0.068926 0.0635387 0.0570847 0.050126 0.0431032 0.0363208 0.0299614 0.0241176 0.0188333 0.0141459 0.0101115 0.00679782
 0.00680932 0.0109276 0.0162305 0.0226773 0.0301975 0.0386029 0.0474682 0.0561187 0.0637614 0.0696594 0.0732609 0.0742831 0.0727589 0.0690166 0.0635819 0.0570453 0.049955 0.0427581 0.0357814 0.0292391 0.0232569 0.0179064 0.0132399 0.00930867 0.00615512
 0.00681603 0.0109496 0.0162848 0.0227883 0.0303926 0.0389047 0.0478838 0.0566315 0.0643292 0.0702201 0.073749 0.0746502 0.0729892 0.0691267 0.0636038 0.0570027 0.0498479 0.0425643 0.0354724 0.0288001 0.022701 0.0172774 0.0126024 0.00872914 0.00568324
 0.00682338 0.0109622 0.016306 0.0228249 0.0304574 0.0390181 0.048072 0.0569192 0.0647262 0.070709 0.074281 0.0751547 0.0733948 0.0693843 0.0636995 0.0569541 0.0496868 0.0423174 0.0351523 0.0284099 0.0222482 0.0167853 0.0121105 0.00828322 0.00531954
