SBPRF35
12.7214
Curr Bio
875797
B35
858314
F35
0.172618
FOFL
0.172618
OFL
125508
Bzero
3.63469e+006
#pred survey bio
 2.92414e+006 2.66982e+006 2.42987e+006 2.20516e+006 1.97537e+006 1.75432e+006 1.57029e+006 1.37984e+006 1.19471e+006 1.04007e+006 924515 837443 762912 704181 650867 614784 582034 563185 553215 537975 533679 522239 523021 531709 530702 531987 532131 538037 549329 559957 572508 579403 594275 596230 609504 616220 625922 625741 633370 632597 643036 662381 672591 672840 671782 672186 674701 721175 751311 794760 829074 847916 880954 2.0647e+007 1.90856e+007 1.95365e+007 2.03839e+007 2.1474e+007 2.26342e+007 2.37411e+007 2.47244e+007 2.55562e+007 2.62362e+007 2.67789e+007 2.72048e+007 2.75355e+007 2.77904e+007 2.79862e+007 2.81365e+007 2.82518e+007 2.83405e+007 2.8409e+007 2.84621e+007 2.85033e+007 2.85356e+007 2.85609e+007 2.85808e+007 2.85966e+007 2.86092e+007 2.86191e+007 2.86271e+007 2.86335e+007 2.86386e+007 2.86428e+007 2.86461e+007 2.86488e+007 2.8651e+007 2.86528e+007 2.86542e+007 2.86554e+007 2.86564e+007 2.86572e+007 2.86578e+007 2.86583e+007 2.86587e+007 2.86591e+007 2.86594e+007 2.86596e+007 2.86598e+007 2.866e+007 2.86601e+007 2.86602e+007 2.86603e+007 2.86603e+007 2.86604e+007 2.86604e+007 2.86605e+007 2.86605e+007 2.86605e+007 2.86606e+007 2.86606e+007 2.86606e+007 2.86606e+007 2.86606e+007 2.86606e+007 2.86606e+007 2.86606e+007 2.86606e+007 2.86606e+007 2.86606e+007 2.86606e+007 2.86606e+007 2.86606e+007 2.86606e+007 2.86606e+007 2.86607e+007 2.86607e+007 2.86607e+007 2.86607e+007 2.86607e+007 2.86607e+007 2.86607e+007 2.86607e+007 2.86607e+007 2.86607e+007 2.86607e+007 2.86607e+007 2.86607e+007 2.86607e+007 2.86607e+007 2.86607e+007 2.86607e+007 2.86607e+007 2.86607e+007 2.86607e+007 2.86607e+007 2.86607e+007 2.86607e+007 2.86607e+007 2.86607e+007 2.86607e+007 2.86607e+007 2.86607e+007 0 0 0 0 0 0 0 0 0 0 0 0 0 0 0 0 0 0 0 0 0 0 0 0 0
#obs survey bio
 2.53466e+006 2.67558e+006 3.24528e+006 2.60726e+006 2.21672e+006 1.64844e+006 1.2379e+006 1.19883e+006 1.12329e+006 726942 768428 951860 634274 753457 809627 475344 557904 493308 561221 367384 652596 566151 430867 497107 654533 385726 505583 380602 559032 632307 559102 803326 569156 738366 489159 601929 534756 822234 645004 669239 510026 612315 734594 703102 575297 670496 565546 811687 777306 784835 856717 820457 751923
#pred catch bio
 269966 272951 275329 294574 300233 278920 293566 293249 267248 232619 206881 193509 176174 167090 148250 142048 127276 117738 120417 109774 114129 102197 95616.5 103960 101859 102854 98302.6 95006.2 97131.4 96691.2 101670 94607.7 105120 95770.4 102631 101046 109673 103023 110288 101606 96489.6 106169 114542 114663 112735 110845 75756.8 92958.4 84247.8 95278.7 110997 101529 117895 125508 126782 128762 133301 139822 146894 153592 159440 164272 168106 171058 173280 174923 176120 176984 177601 178039 178349 178566 178718 178824 178898 178950 178985 179010 179027 179039 179047 179052 179056 179059 179061 179062 179063 179064 179064 179064 179064 179065 179065 179065 179065 179065 179065 179065 179065 179065 179065 179065 179065 179065 179065 179065 179065 179065 179065 179065 179065 179065 179065 179065 179065 179065 179065 179065 179065 179065 179065 179065 179065 179065 179065 179065 179065 179065 179065 179065 179065 179065 179065 179065 179065 179065 179065 179065 179065 179065 179065 179065 179065 179065 179065 179065 179065 179065 179065 179065 179065 179065 179065 0 0 0 0 0 0 0 0 0 0 0 0 0 0 0 0 0 0 0 0 0 0 0 0 0
#obs catch bio
 233514 273991 276206 294004 299827 279331 296136 296006 270136 234802 209598 195400 176832 167535 147817 142894 128061 118031 120800 110411 115030 102064 95536.6 104135 101632 103383 98365.1 95289.3 97526.2 97238.4 102525 94526.2 105002 95166.3 102786 101399 109970 102918 110276 101299 96727.1 106738 114854 114390 112592 110987 75341.7 93154.3 84168.7 95349.7 111362 101516 118007
#pred cpue bio
 2.88385e+006 2.63038e+006 2.39083e+006 2.16666e+006 1.93777e+006 1.71735e+006 1.53379e+006 1.3445e+006 1.16105e+006 1.00807e+006 893722 807760 734621 677184 625197 590003 558059 539858 530343 515520 511396 500553 501550 510060 509084 510301 510448 516216 527140 537462 549848 556937 571879 573946 586768 593116 602632 602574 610127 609361 619318 637988 648061 648613 647762 648194 650588 696141 725882 768525 802003 820199 852369 1.99827e+007 1.84762e+007 1.88346e+007 1.95875e+007 2.06499e+007 2.18047e+007 2.29108e+007 2.38939e+007 2.47257e+007 2.54056e+007 2.59483e+007 2.63743e+007 2.6705e+007 2.69599e+007 2.71557e+007 2.73059e+007 2.74213e+007 2.751e+007 2.75785e+007 2.76315e+007 2.76728e+007 2.77051e+007 2.77304e+007 2.77503e+007 2.77661e+007 2.77786e+007 2.77886e+007 2.77966e+007 2.7803e+007 2.78081e+007 2.78122e+007 2.78156e+007 2.78183e+007 2.78205e+007 2.78222e+007 2.78237e+007 2.78249e+007 2.78258e+007 2.78266e+007 2.78273e+007 2.78278e+007 2.78282e+007 2.78286e+007 2.78288e+007 2.78291e+007 2.78293e+007 2.78294e+007 2.78295e+007 2.78296e+007 2.78297e+007 2.78298e+007 2.78299e+007 2.78299e+007 2.78299e+007 2.783e+007 2.783e+007 2.783e+007 2.783e+007 2.78301e+007 2.78301e+007 2.78301e+007 2.78301e+007 2.78301e+007 2.78301e+007 2.78301e+007 2.78301e+007 2.78301e+007 2.78301e+007 2.78301e+007 2.78301e+007 2.78301e+007 2.78301e+007 2.78301e+007 2.78301e+007 2.78301e+007 2.78301e+007 2.78301e+007 2.78301e+007 2.78301e+007 2.78301e+007 2.78301e+007 2.78301e+007 2.78301e+007 2.78301e+007 2.78301e+007 2.78301e+007 2.78301e+007 2.78301e+007 2.78301e+007 2.78301e+007 2.78301e+007 2.78301e+007 2.78301e+007 2.78301e+007 2.78301e+007 2.78301e+007 2.78301e+007 2.78301e+007 2.78301e+007 2.78301e+007 0 0 0 0 0 0 0 0 0 0 0 0 0 0 0 0 0 0 0 0 0 0 0 0 0
#obs cpue bio
 1.89897e+006 1.7736e+006 1.8395e+006 3.50705e+006 1.6765e+006 1.2389e+006 1.2253e+006 1.43928e+006 992860 1.29209e+006 721563 767012 1.07613e+006 670264 639640 478467 495294 681328 531846 523060 391951 706832 555536 519563 506117 434449 674090 572070 474428 372473 469721 639144 759244 611383 457205 449008 843852 514721 658980 673994 445862 585103 739281 893936 702748 669087 811584 548569 627044 750770 733718 794190 1.19512e+006
#pred surv len freq
 0.0048581 0.00793255 0.0120224 0.0171339 0.0231547 0.0297638 0.0364052 0.0424255 0.0473158 0.050873 0.0531788 0.0544631 0.0549819 0.0549581 0.054566 0.0539351 0.053162 0.052311 0.0513736 0.0501843 0.048352 0.0453191 0.0406087 0.034166 0.0265551
 0.00520578 0.00845428 0.0127303 0.0180203 0.0242071 0.0309824 0.0378037 0.0440076 0.0490365 0.0526123 0.0547519 0.0556714 0.0556811 0.0551066 0.0542283 0.0532413 0.0522453 0.051251 0.0501718 0.0487834 0.0466961 0.0434217 0.038588 0.0322191 0.0248828
 0.00536669 0.0087592 0.0132661 0.0188861 0.0254819 0.0326797 0.0398414 0.0462196 0.0512283 0.0546231 0.0564789 0.0570486 0.0566425 0.0555773 0.0541524 0.0526188 0.051142 0.0497699 0.0484064 0.0467916 0.0445142 0.0411098 0.036267 0.0300633 0.0230652
 0.00561691 0.00914006 0.0137956 0.0195761 0.0263514 0.0337667 0.0411983 0.047883 0.0531763 0.0567468 0.0585942 0.0589446 0.0581381 0.0565505 0.0545382 0.0523955 0.0503253 0.0484138 0.0465973 0.0446336 0.0421206 0.0386106 0.0338196 0.0278426 0.0212244
 0.00594681 0.00967075 0.0145817 0.0206593 0.0277472 0.0354493 0.0430923 0.0498766 0.0551546 0.0586246 0.0603199 0.0604731 0.0593985 0.0574397 0.0549434 0.0522264 0.0495369 0.0470136 0.0446436 0.0422316 0.0394185 0.0357933 0.0310956 0.0254148 0.0192479
 0.0062548 0.0101776 0.0153558 0.0217677 0.0292411 0.0373412 0.0453308 0.052337 0.0576554 0.0609676 0.0623358 0.0620522 0.060494 0.058044 0.0550539 0.0518235 0.0485867 0.0454914 0.0425639 0.0396695 0.0365188 0.0327625 0.0281745 0.0228323 0.0171682
 0.0064391 0.010493 0.0158607 0.0225293 0.0303244 0.0387897 0.0471447 0.0544586 0.0599702 0.0633179 0.0645425 0.0639416 0.0619255 0.0589301 0.0553614 0.0515552 0.0477563 0.0441114 0.0406556 0.0372918 0.0337946 0.0298853 0.0253831 0.0203589 0.015179
 0.00663818 0.0108266 0.0163823 0.0232971 0.0313929 0.0401933 0.0488801 0.0564736 0.0621659 0.0655611 0.0666817 0.0658222 0.0634057 0.0598966 0.0557424 0.0513235 0.0469212 0.0427056 0.0387298 0.0349237 0.0311092 0.0270669 0.0226589 0.017952 0.0132495
 0.00689917 0.0112495 0.0170166 0.0241892 0.0325786 0.0416859 0.0506561 0.0584652 0.0642669 0.0676434 0.0686125 0.0674779 0.0646791 0.0607024 0.0560198 0.0510381 0.0460664 0.0413021 0.0368268 0.0326057 0.0285061 0.0243586 0.0200595 0.0156678 0.0114265
 0.007232 0.0117711 0.0177654 0.0251888 0.0338353 0.043185 0.0523551 0.0602914 0.0661227 0.0694204 0.070207 0.0687997 0.0656555 0.0612775 0.056153 0.050703 0.0452506 0.0400117 0.0350943 0.0305009 0.0261464 0.0219095 0.0177159 0.0136148 0.00979303
 0.00740649 0.0120722 0.0182496 0.0259165 0.0348543 0.0445057 0.0539304 0.0620161 0.0678586 0.0710332 0.0715937 0.0698957 0.0664256 0.0617024 0.0562188 0.0503969 0.0445624 0.0389393 0.0336544 0.0287429 0.0241642 0.0198429 0.0157329 0.0118757 0.0084091
 0.0074665 0.0121793 0.0184303 0.0262063 0.0352951 0.0451393 0.0547858 0.0630944 0.0691204 0.0723948 0.0729384 0.0710986 0.0673819 0.0623449 0.0565182 0.0503487 0.0441719 0.0382154 0.0326143 0.0274251 0.0226422 0.0182293 0.0141664 0.010491 0.00730158
 0.00757456 0.0123462 0.0186659 0.0265158 0.0356818 0.0456067 0.0553394 0.0637394 0.0698572 0.0732122 0.0738057 0.0719614 0.0681656 0.0629679 0.0569098 0.0504621 0.0439873 0.0377346 0.0318562 0.0264271 0.0214669 0.0169686 0.0129327 0.0093941 0.00642055
 0.0076186 0.0124261 0.018801 0.0267277 0.0359878 0.0460106 0.055825 0.0642734 0.0704016 0.0737393 0.0743054 0.0724347 0.0686106 0.0633661 0.0572223 0.0506377 0.0439764 0.0375035 0.031395 0.0257539 0.0206292 0.016041 0.012007 0.00856058 0.0057453
 0.00780466 0.0126993 0.0191586 0.0271502 0.0364473 0.0464828 0.0562958 0.0647359 0.0708464 0.0741479 0.074652 0.0726967 0.0687782 0.0634439 0.0572205 0.0505586 0.043808 0.037223 0.0309816 0.0252031 0.019963 0.0153089 0.0112774 0.00790345 0.00521256
 0.00787217 0.0128174 0.01935 0.0274367 0.0368391 0.046966 0.0568256 0.0652451 0.0712699 0.0744477 0.0748279 0.0727754 0.0687921 0.0634154 0.0571577 0.0504588 0.0436614 0.0370146 0.0306948 0.0248276 0.0195048 0.0147961 0.0107565 0.00742646 0.0048209
 0.00790839 0.0128799 0.0194512 0.0275924 0.0370664 0.047279 0.057228 0.0657221 0.0717827 0.0749373 0.0752289 0.073037 0.0688948 0.0633736 0.0570071 0.0502386 0.0433992 0.0367219 0.0303709 0.0244677 0.0191099 0.0143801 0.010347 0.00705692 0.00451919
 0.00795848 0.0129413 0.0195075 0.0276184 0.0370382 0.0471889 0.0570955 0.0655926 0.071713 0.0749728 0.0753851 0.0732927 0.0692005 0.0636705 0.0572478 0.0503977 0.0434731 0.0367185 0.0302999 0.0243366 0.0189269 0.014159 0.0101096 0.00682974 0.00432583
 0.00800796 0.0130119 0.0195947 0.0277084 0.0371091 0.0472132 0.0570466 0.0654554 0.0714958 0.0747142 0.0751479 0.0731432 0.0691823 0.0637868 0.0574624 0.0506533 0.0437135 0.0369044 0.0304121 0.0243724 0.018894 0.0140724 0.00998998 0.00670044 0.00420772
 0.00805948 0.0131026 0.0197429 0.0279326 0.0374196 0.0476008 0.0574743 0.0658596 0.0718019 0.0748612 0.07511 0.0729404 0.068873 0.0634465 0.0571572 0.0504191 0.0435518 0.0367922 0.0303192 0.024275 0.0187808 0.0139447 0.00985716 0.00657555 0.00410234
 0.00788403 0.0128474 0.0194156 0.0275623 0.037052 0.0472885 0.057265 0.065787 0.0718761 0.0750627 0.0753923 0.0732435 0.0691447 0.0636602 0.057316 0.0505457 0.0436698 0.0369123 0.0304355 0.024372 0.0188442 0.013969 0.00984739 0.00654399 0.00406298
 0.00799012 0.0129756 0.0195284 0.0276022 0.0369628 0.0470461 0.0569 0.065381 0.0715309 0.0748595 0.0753629 0.0733663 0.0693621 0.0639053 0.0575362 0.0507153 0.043789 0.0369957 0.0304982 0.0244208 0.0188781 0.0139843 0.00984391 0.00652632 0.00403883
 0.00806994 0.013093 0.0196794 0.0277684 0.0371079 0.0471171 0.0568364 0.0651358 0.0710994 0.0742987 0.0747846 0.0728983 0.0690983 0.0638728 0.0576962 0.0509921 0.0441058 0.0372975 0.0307571 0.0246285 0.0190354 0.0140952 0.00991416 0.0065641 0.0040541
 0.00799907 0.0129937 0.0195592 0.027643 0.0369957 0.0470287 0.0567663 0.0650604 0.0709841 0.0741136 0.0745232 0.0725913 0.0688109 0.0636826 0.0576611 0.0511257 0.0443748 0.037641 0.0311122 0.0249489 0.0192966 0.0142905 0.0100483 0.00664802 0.00410104
 0.00805393 0.0130707 0.0196531 0.0277432 0.037091 0.0471142 0.056846 0.0651418 0.0710671 0.0741803 0.074539 0.0725195 0.0686345 0.0634205 0.0573666 0.050866 0.0442033 0.0375774 0.0311414 0.025035 0.0194015 0.0143865 0.0101218 0.0066966 0.00412894
 0.00801295 0.0130196 0.0196043 0.0277158 0.0371034 0.0471738 0.0569431 0.0652531 0.0711671 0.0742535 0.0745817 0.0725324 0.0686142 0.0633591 0.0572617 0.0507309 0.0440676 0.0374751 0.0310945 0.0250447 0.0194511 0.0144523 0.0101838 0.00674412 0.00415979
 0.00805467 0.0130707 0.0196513 0.0277389 0.0370854 0.0471122 0.0568566 0.0651756 0.0711314 0.0742736 0.0746471 0.0726161 0.0686872 0.063401 0.0572631 0.0506931 0.0440016 0.0373999 0.0310316 0.0250099 0.0194483 0.014474 0.0102166 0.00677602 0.00418413
 0.00811327 0.0131534 0.0197517 0.0278407 0.0371645 0.0471414 0.0568133 0.0650511 0.0709378 0.0740462 0.0744352 0.0724651 0.0686205 0.0634134 0.0573281 0.0507778 0.0440803 0.0374608 0.0310762 0.0250467 0.0194854 0.0145144 0.0102577 0.00681267 0.00421232
 0.00805449 0.0130732 0.0196586 0.0277509 0.0370947 0.0470995 0.0567919 0.0650285 0.070889 0.073956 0.0743087 0.0723284 0.0685114 0.0633653 0.0573564 0.0508748 0.0442212 0.0376162 0.031223 0.0251732 0.0195896 0.0145986 0.0103245 0.00686354 0.00424842
 0.0079452 0.0129085 0.0194361 0.0274791 0.036794 0.0468003 0.0565305 0.0648399 0.0707956 0.0739579 0.0743831 0.0724412 0.068634 0.0634868 0.0574831 0.0510194 0.0443903 0.0378041 0.0314146 0.0253516 0.0197428 0.0147215 0.0104175 0.00692999 0.00429294
 0.00774417 0.0126039 0.0190195 0.0269593 0.0361963 0.0461643 0.0559083 0.064293 0.0703861 0.073735 0.0743691 0.0726244 0.0689734 0.0639259 0.057967 0.0515075 0.0448591 0.0382419 0.0318132 0.0257025 0.0200375 0.0149553 0.0105916 0.0070509 0.00437092
 0.0076786 0.0124834 0.0188139 0.0266351 0.0357287 0.0455545 0.0551962 0.0635559 0.0697201 0.0732279 0.0740792 0.0725726 0.0691463 0.0642841 0.058455 0.0520657 0.0454341 0.0387933 0.0323151 0.0261397 0.0204019 0.0152439 0.0108068 0.00720066 0.00446736
 0.00765726 0.0124325 0.0187065 0.0264342 0.0353943 0.0450557 0.0545272 0.0627468 0.0688399 0.0723769 0.0733702 0.0721057 0.0689838 0.0644362 0.0588821 0.0526935 0.0461746 0.0395635 0.0330489 0.0267921 0.0209478 0.0156745 0.0111258 0.00742122 0.00460857
 0.00782802 0.0126862 0.0190422 0.0268313 0.0358119 0.0454364 0.0548021 0.0628451 0.0687057 0.0719898 0.0727611 0.0713572 0.0682122 0.0637616 0.0583971 0.0524422 0.0461493 0.0397168 0.0333143 0.0271036 0.021253 0.0159395 0.0113344 0.00757138 0.00470745
 0.00782008 0.012688 0.019071 0.0269097 0.0359584 0.0456524 0.0550612 0.0630939 0.0688772 0.0720236 0.072622 0.0710462 0.0677687 0.0632567 0.057918 0.0520706 0.0459396 0.0396831 0.0334312 0.02732 0.0215108 0.0161894 0.0115449 0.0077292 0.00481396
 0.00772112 0.0125525 0.0189151 0.0267662 0.0358709 0.0456626 0.0551953 0.0633525 0.0692297 0.0724098 0.072963 0.071264 0.0678105 0.063113 0.0576266 0.0517047 0.0455847 0.0394107 0.0332802 0.027291 0.0215744 0.016303 0.0116687 0.00783655 0.00489322
 0.00764069 0.0124158 0.0187003 0.0264551 0.0354594 0.0451751 0.054693 0.0629254 0.0689704 0.0723788 0.0731639 0.0716414 0.0682698 0.0635529 0.0579707 0.0519216 0.04569 0.0394521 0.0333123 0.0273527 0.0216775 0.0164351 0.0118058 0.00795644 0.00498371
 0.00764972 0.0124293 0.0187175 0.0264715 0.0354649 0.0451527 0.0546226 0.0627931 0.0687816 0.0721663 0.0729822 0.0715452 0.068288 0.063673 0.0581446 0.0520892 0.0458061 0.0395037 0.0333171 0.0273435 0.0216826 0.0164663 0.0118578 0.00801532 0.0050361
 0.00764315 0.012411 0.0186762 0.0263928 0.035336 0.0449684 0.0543897 0.0625299 0.0685119 0.0719139 0.0727699 0.0713974 0.0682303 0.0637243 0.0583047 0.0523318 0.0460856 0.0397728 0.0335448 0.0275217 0.0218207 0.0165782 0.0119526 0.00809448 0.00509778
 0.00781359 0.0126607 0.0190001 0.0267668 0.0357207 0.0453178 0.0546599 0.0626853 0.0685306 0.0717928 0.072526 0.071065 0.0678547 0.0633537 0.0579819 0.0520854 0.0459238 0.0396832 0.0335031 0.0275046 0.0218142 0.016578 0.0119588 0.00810657 0.00511275
 0.0078401 0.0127144 0.0190993 0.0269312 0.0359622 0.0456283 0.0550028 0.0630007 0.0687537 0.0718772 0.072459 0.0708675 0.0675691 0.0630294 0.0576646 0.0518107 0.0457137 0.0395442 0.0334275 0.0274754 0.0218126 0.0165896 0.0119751 0.00812348 0.00512814
 0.0076337 0.0124155 0.0187185 0.0265048 0.0355451 0.045281 0.0547767 0.0629272 0.0688359 0.0720869 0.0727429 0.0711637 0.0678273 0.0632252 0.0578005 0.0519072 0.0457962 0.0396326 0.0335305 0.0275905 0.0219297 0.0166972 0.0120645 0.00819131 0.00517537
 0.0074748 0.0121652 0.018359 0.0260301 0.0349693 0.0446455 0.0541543 0.0624119 0.0685184 0.072023 0.0729325 0.0715522 0.0683275 0.0637472 0.0582766 0.0523037 0.0461108 0.0398823 0.0337372 0.0277702 0.0220888 0.0168344 0.0121762 0.00827537 0.00523338
 0.0074896 0.0121711 0.0183342 0.0259432 0.0347871 0.044347 0.0537442 0.0619273 0.0680243 0.0715988 0.0726523 0.0714637 0.0684374 0.0640192 0.0586455 0.052698 0.0464752 0.0401884 0.0339813 0.0279627 0.0222426 0.0169585 0.0122744 0.00834917 0.00528482
 0.00752239 0.0122232 0.0184089 0.0260386 0.0348922 0.0444372 0.0537816 0.0618695 0.0678419 0.0712937 0.0722662 0.0710698 0.0681164 0.0638319 0.0586137 0.0528021 0.0466674 0.0404143 0.0341984 0.0281481 0.0223906 0.0170725 0.0123602 0.00841162 0.00532782
 0.00757867 0.0123047 0.0185132 0.0261575 0.0350139 0.0445502 0.0538756 0.0619329 0.0678584 0.0712425 0.0721299 0.0708469 0.0678318 0.0635351 0.0583633 0.0526441 0.0466186 0.0404602 0.0343045 0.0282767 0.0225137 0.0171753 0.0124388 0.00846785 0.0053656
 0.00765792 0.0124235 0.0186727 0.026351 0.0352273 0.0447636 0.0540662 0.062078 0.0679396 0.0712492 0.0720596 0.0707033 0.0676235 0.0632783 0.058085 0.052381 0.0464076 0.040325 0.0342479 0.0282824 0.0225559 0.01723 0.0124899 0.00850804 0.00539367
 0.00741897 0.0120507 0.0181418 0.0256527 0.0343714 0.0437847 0.0530286 0.0610745 0.0670782 0.07063 0.0717518 0.0707302 0.0679605 0.0638622 0.0588322 0.053209 0.0472509 0.0411404 0.0350081 0.0289672 0.0231473 0.0177135 0.0128598 0.00877036 0.00556485
 0.00744844 0.0120699 0.0181178 0.0255374 0.0341146 0.043354 0.0524273 0.0603466 0.0662983 0.0698856 0.0711265 0.0702925 0.0677551 0.0639036 0.0591026 0.053662 0.0478241 0.0417697 0.0356391 0.029559 0.0236709 0.0181501 0.0132003 0.00901643 0.00572823
 0.00740885 0.0120085 0.0180292 0.0254136 0.033941 0.0431061 0.0520734 0.05986 0.0656762 0.0691647 0.0703847 0.0696318 0.0672743 0.0636725 0.0591482 0.0539678 0.0483387 0.0424213 0.0363503 0.0302601 0.0243077 0.0186872 0.0136211 0.00932143 0.00593143
 0.00737446 0.0119608 0.0179724 0.0253565 0.0338931 0.0430722 0.0520468 0.0598194 0.0655866 0.0689874 0.0700928 0.0692288 0.066804 0.0632131 0.0587893 0.0537824 0.0483613 0.0426414 0.0367211 0.0307151 0.024779 0.0191192 0.0139784 0.00958986 0.00611475
 0.00739867 0.0120012 0.0180354 0.025449 0.0340213 0.043239 0.0522487 0.060042 0.0658029 0.0691572 0.0701686 0.069167 0.0665813 0.0628418 0.0583227 0.0533035 0.0479587 0.0423814 0.0366292 0.0307745 0.0249432 0.0193317 0.0141894 0.00976697 0.0062447
 0.00722693 0.0117498 0.017709 0.0250707 0.0336279 0.0428714 0.0519443 0.0598309 0.0657057 0.0691815 0.0703033 0.0693802 0.066824 0.0630609 0.0584793 0.0533891 0.0479985 0.0424224 0.0367177 0.0309342 0.025167 0.0195879 0.0144387 0.00997754 0.00640109
#obs surv len freq
 0.0049606 0.00812706 0.0123649 0.0176887 0.023973 0.0308525 0.037701 0.0437941 0.0485794 0.051854 0.0537351 0.0545082 0.0544942 0.0539924 0.0532645 0.0525241 0.0519156 0.0514729 0.0510571 0.0502989 0.0486163 0.0453786 0.0402089 0.0332761 0.0253619
 0.00517706 0.00847875 0.0128939 0.0184346 0.024966 0.0321023 0.0391853 0.0454534 0.0503244 0.0535803 0.0553373 0.0558874 0.055561 0.0546684 0.0534864 0.0522497 0.0511306 0.0501982 0.0493538 0.0482707 0.0464063 0.0431581 0.038153 0.0315307 0.0240122
 0.00539667 0.00884033 0.0134465 0.0192265 0.026035 0.0334609 0.0408054 0.0472624 0.0522167 0.0554389 0.0570526 0.0573655 0.056723 0.0554459 0.0538186 0.0520846 0.0504314 0.0489556 0.0476008 0.0460964 0.0439608 0.0406408 0.0357808 0.0294918 0.0224223
 0.0056441 0.00924454 0.0140587 0.0200958 0.0272001 0.0349349 0.0425609 0.0492244 0.0542722 0.0574575 0.0589079 0.058949 0.0579494 0.0562518 0.0541558 0.0519134 0.0497188 0.0476828 0.045782 0.0438014 0.0413318 0.037888 0.0331488 0.0272035 0.0206224
 0.00588951 0.00964585 0.0146671 0.0209608 0.0283601 0.0364031 0.0443098 0.0511807 0.0563262 0.0594837 0.060784 0.0605672 0.0592206 0.0571057 0.0545393 0.0517862 0.0490502 0.0464543 0.0440005 0.0415237 0.0386869 0.0350807 0.0304312 0.0248153 0.0187274
 0.00612555 0.0100362 0.0152667 0.0218248 0.0295326 0.0378998 0.0461001 0.0531824 0.0584186 0.0615317 0.0626609 0.0621673 0.0604613 0.0579251 0.0548915 0.0516364 0.0483715 0.0452298 0.0422359 0.039269 0.0360606 0.032278 0.0276996 0.022398 0.0167969
 0.00636541 0.0104266 0.0158557 0.0226581 0.0306465 0.039308 0.0477801 0.0550678 0.0604059 0.0634972 0.06448 0.0637286 0.061675 0.0587254 0.0552338 0.0514913 0.0477189 0.0440583 0.0405525 0.0371196 0.0335535 0.0295943 0.0250729 0.0200623 0.0149222
 0.00663654 0.0108691 0.0165242 0.0236034 0.0319036 0.04088 0.0496214 0.0570813 0.0624598 0.0654525 0.0662149 0.0651487 0.062713 0.0593361 0.0553894 0.0511761 0.0469252 0.0427859 0.0388161 0.0349664 0.0310852 0.0269781 0.0225251 0.0178009 0.013107
 0.00685537 0.0112328 0.0170862 0.0244182 0.0330155 0.0423044 0.0513273 0.0589844 0.0644339 0.0673555 0.0679132 0.0665348 0.0637117 0.0599036 0.0555066 0.0508395 0.0461395 0.0415612 0.0371743 0.0329565 0.0288022 0.0245729 0.020191 0.0157325 0.011447
 0.00705403 0.0115586 0.0175819 0.0251264 0.0339711 0.0435226 0.0527898 0.0606323 0.0661731 0.0690707 0.0694854 0.067855 0.0646923 0.0604843 0.055656 0.0505507 0.0454218 0.0404349 0.0356712 0.0311303 0.0267436 0.0224178 0.0181094 0.0138933 0.00997336
 0.00727462 0.0119174 0.0181222 0.0258873 0.0349793 0.0447796 0.0542588 0.0622362 0.0678064 0.0706211 0.0708523 0.0689581 0.0654717 0.0608991 0.0556827 0.0501825 0.0446674 0.039316 0.0342242 0.0294123 0.0248422 0.0204561 0.0162356 0.0122515 0.00866551
 0.00743366 0.0121821 0.0185316 0.0264814 0.0357901 0.0458178 0.0555001 0.0636172 0.0692338 0.0719909 0.0720677 0.0699416 0.0661684 0.0612751 0.0557213 0.0498801 0.0440304 0.0383616 0.0329835 0.0279371 0.023212 0.0187801 0.0146413 0.0108601 0.00756107
 0.00753418 0.0123462 0.0187807 0.0268374 0.0362736 0.046443 0.056269 0.0645131 0.07022 0.0730124 0.0730568 0.070826 0.0668806 0.06176 0.055941 0.0498139 0.0436727 0.0377204 0.0320819 0.0268183 0.0219443 0.0174573 0.0133727 0.0097481 0.00667649
 0.00761616 0.0124737 0.0189619 0.0270772 0.0365743 0.0468052 0.0566921 0.0649945 0.0707543 0.0735901 0.0736618 0.0714314 0.0674471 0.0622383 0.0562785 0.0499635 0.0436002 0.0374093 0.0315365 0.0260667 0.0210408 0.0164805 0.0124149 0.00889711 0.00599382
 0.0076712 0.0125586 0.0190814 0.0272323 0.0367625 0.0470213 0.0569285 0.0652437 0.0710116 0.0738567 0.0739445 0.0717373 0.0677754 0.0625735 0.0565876 0.0502007 0.0437158 0.0373614 0.0313017 0.0256476 0.02047 0.0158175 0.0117357 0.00827653 0.00548695
 0.00773176 0.0126525 0.0192137 0.0274043 0.0369708 0.047257 0.0571773 0.0654871 0.0712312 0.0740402 0.0740898 0.0718533 0.0678774 0.0626754 0.0566933 0.0502978 0.0437762 0.0373477 0.0311792 0.025398 0.0201005 0.0153631 0.0112515 0.00782209 0.00510888
 0.00776437 0.0127003 0.0192762 0.0274779 0.0370502 0.0473377 0.0572567 0.0655649 0.0713083 0.0741174 0.0741677 0.0719327 0.0679603 0.0627647 0.0567908 0.0504 0.04387 0.0374096 0.0311804 0.0253141 0.0199232 0.0151071 0.0109519 0.0075233 0.00484993
 0.0078108 0.012769 0.0193668 0.0275851 0.0371648 0.0474483 0.0573522 0.0656365 0.0713514 0.0741336 0.0741643 0.0719208 0.0679508 0.0627655 0.0568058 0.0504285 0.0439058 0.0374396 0.0311857 0.0252747 0.0198264 0.0149546 0.010762 0.00732503 0.004672
 0.00783646 0.0128092 0.0194241 0.0276602 0.0372554 0.0475482 0.057451 0.0657209 0.071409 0.0741571 0.0741547 0.0718867 0.0679056 0.0627229 0.056776 0.0504162 0.0439092 0.037451 0.0311919 0.0252603 0.019779 0.0148703 0.0106489 0.00720032 0.00455539
 0.00787889 0.0128711 0.0195043 0.027753 0.0373527 0.0476418 0.0575348 0.0657904 0.0714606 0.0741869 0.0741594 0.0718653 0.0678612 0.0626632 0.0567117 0.0503576 0.0438632 0.0374183 0.0311671 0.0252336 0.01974 0.0148132 0.0105752 0.0071187 0.0044778
 0.00791181 0.0129243 0.0195834 0.0278616 0.0374902 0.0478012 0.0577007 0.0659418 0.0715762 0.0742526 0.0741717 0.07183 0.0677891 0.0625663 0.0566014 0.0502445 0.0437565 0.0373244 0.0310879 0.0251661 0.0196782 0.0147516 0.0105117 0.00705585 0.00442101
 0.00788832 0.0128868 0.0195284 0.0277877 0.0373994 0.0477007 0.0576036 0.0658645 0.0715335 0.0742516 0.0742097 0.0718966 0.0678711 0.0626521 0.0566829 0.0503173 0.043819 0.0373767 0.0311304 0.0251984 0.0196986 0.0147584 0.0105052 0.0070393 0.00439963
 0.00788807 0.0128793 0.0195042 0.0277342 0.0373047 0.0475598 0.0574233 0.0656649 0.0713436 0.0741014 0.0741222 0.0718823 0.0679265 0.0627622 0.056827 0.0504747 0.0439732 0.0375167 0.0312503 0.0252954 0.0197719 0.0148084 0.0105341 0.00705126 0.00440024
 0.00788587 0.0128742 0.0194934 0.0277131 0.0372667 0.0474968 0.0573277 0.065533 0.0711797 0.0739208 0.07395 0.0717476 0.0678536 0.0627631 0.0568981 0.0505997 0.0441293 0.0376815 0.0314056 0.0254296 0.0198791 0.0148873 0.0105868 0.00708212 0.00441529
 0.00790505 0.0129028 0.0195315 0.0277585 0.0373151 0.0475416 0.0573605 0.0655436 0.0711579 0.0738594 0.0738489 0.0716166 0.0677123 0.0626363 0.0568087 0.0505611 0.0441419 0.0377344 0.0314818 0.0255119 0.0199542 0.0149476 0.0106296 0.0071089 0.00442965
 0.00786399 0.0128387 0.0194403 0.0276387 0.0371689 0.0473756 0.0571866 0.0653777 0.0710168 0.0737563 0.0737893 0.0715986 0.0677296 0.0626829 0.0568816 0.0506606 0.0442682 0.0378833 0.0316437 0.0256727 0.0201 0.0150679 0.0107199 0.00717044 0.00446748
 0.00784796 0.012808 0.0193857 0.0275495 0.0370361 0.0471973 0.0569717 0.0651467 0.0707971 0.0735744 0.073665 0.071541 0.0677375 0.0627473 0.0569897 0.0508 0.0444287 0.038057 0.0318227 0.0258476 0.02026 0.0152034 0.0108252 0.00724497 0.00451524
 0.00783535 0.0127846 0.0193449 0.027483 0.0369351 0.047055 0.0567872 0.0649271 0.0705585 0.073341 0.0734643 0.0713988 0.0676711 0.062762 0.0570788 0.0509476 0.0446157 0.0382648 0.0320353 0.0260518 0.0204445 0.0153595 0.0109476 0.00733317 0.00457313
 0.00778759 0.0127113 0.0192425 0.0273508 0.0367748 0.0468705 0.0565839 0.0647129 0.0703441 0.0731394 0.073291 0.0712703 0.0676031 0.062766 0.0571586 0.0510974 0.0448206 0.0385043 0.0322874 0.0262964 0.0206656 0.0155459 0.0110938 0.00743884 0.00464311
 0.00776865 0.0126739 0.0191746 0.0272382 0.036606 0.0466434 0.056311 0.0644203 0.0700643 0.0729013 0.0731128 0.0711596 0.0675607 0.0627905 0.0572479 0.0512479 0.0450241 0.038747 0.0325504 0.0265587 0.0209077 0.0157529 0.0112575 0.00755808 0.00472263
 0.00775684 0.0126551 0.0191466 0.0271977 0.0365479 0.0465601 0.0561938 0.0642635 0.06987 0.0726831 0.0728951 0.0709704 0.067424 0.0627206 0.0572487 0.0513157 0.0451506 0.0389205 0.0327555 0.026777 0.0211198 0.0159419 0.0114117 0.00767308 0.00480074
 0.00770533 0.0125745 0.0190313 0.0270454 0.0363603 0.0463442 0.0559622 0.0640326 0.0696566 0.0725 0.0727503 0.0708692 0.067372 0.0627241 0.0573127 0.0514402 0.0453297 0.0391422 0.0330039 0.0270333 0.021365 0.016159 0.0115889 0.00780572 0.00489123
 0.00770218 0.0125639 0.0190053 0.0269933 0.0362721 0.0462145 0.0557944 0.0638396 0.0694573 0.0723141 0.0725931 0.07075 0.0672948 0.0626903 0.0573236 0.0514975 0.0454334 0.0392887 0.0331838 0.0272323 0.0215657 0.0163442 0.0117451 0.00792582 0.00497501
 0.0076618 0.0125046 0.0189273 0.0269002 0.0361681 0.0461018 0.0556717 0.0637043 0.0693095 0.0721603 0.072447 0.0706285 0.0672131 0.0626574 0.0573416 0.0515636 0.0455425 0.0394342 0.0333574 0.0274225 0.021758 0.0165232 0.0118979 0.00804469 0.00505892
 0.00764386 0.0124731 0.0188761 0.0268231 0.0360617 0.0459688 0.0555226 0.063555 0.0691756 0.0720512 0.0723634 0.070567 0.0671711 0.0626372 0.0573488 0.051604 0.0456187 0.0395444 0.0334955 0.027579 0.0219205 0.0166781 0.012033 0.00815194 0.00513601
 0.00761742 0.0124346 0.0188262 0.0267647 0.0359979 0.0459008 0.0554492 0.063474 0.0690872 0.0719601 0.0722784 0.0704971 0.0671223 0.0626113 0.0573458 0.0516243 0.0456639 0.0396158 0.0335919 0.027695 0.0220468 0.0168031 0.0121454 0.00824351 0.00520329
 0.00760563 0.0124131 0.0187899 0.0267082 0.035918 0.0457992 0.0553342 0.0633589 0.0689854 0.0718804 0.0722227 0.0704629 0.0671063 0.062612 0.0573632 0.051659 0.0457165 0.0396864 0.0336796 0.0277967 0.0221564 0.016912 0.0122443 0.00832501 0.00526393
 0.00760798 0.0124165 0.0187941 0.026712 0.0359186 0.0457924 0.0553144 0.0633216 0.0689295 0.0718099 0.0721465 0.070391 0.0670467 0.0625687 0.0573373 0.0516503 0.045725 0.0397124 0.0337229 0.0278555 0.0222264 0.0169866 0.0123157 0.00838644 0.00531123
 0.00758259 0.0123804 0.0187492 0.0266634 0.0358729 0.0457552 0.0552881 0.0633046 0.0689173 0.0717971 0.072129 0.0703679 0.067021 0.062546 0.0573231 0.0516487 0.0457377 0.0397396 0.0337636 0.0279078 0.0222869 0.0170503 0.0123766 0.00843902 0.00535203
 0.00755229 0.0123298 0.0186712 0.0265518 0.0357258 0.0455785 0.0550982 0.063126 0.0687759 0.0717112 0.0721036 0.0703958 0.0670876 0.062636 0.0574252 0.0517561 0.0458474 0.0398501 0.0338735 0.028015 0.0223886 0.0171428 0.0124562 0.00850274 0.00539895
 0.00755602 0.0123339 0.0186733 0.0265478 0.03571 0.0455444 0.0550404 0.0630431 0.0686724 0.0715991 0.072 0.0703172 0.0670448 0.0626308 0.0574515 0.0518044 0.0459088 0.0399185 0.0339452 0.0280878 0.0224599 0.0172096 0.0125151 0.00855095 0.00543511
 0.00754058 0.0123136 0.0186514 0.0265299 0.0357016 0.0455479 0.0550524 0.0630545 0.0686719 0.0715775 0.0719547 0.0702542 0.0669766 0.062572 0.0574139 0.0517931 0.0459224 0.0399512 0.0339905 0.0281396 0.0225137 0.0172614 0.0125615 0.00858943 0.00546425
 0.00753074 0.0122965 0.018624 0.0264896 0.0356482 0.0454853 0.0549894 0.063003 0.0686413 0.0715703 0.0719646 0.0702699 0.0669876 0.0625743 0.0574109 0.0517929 0.0459325 0.0399756 0.0340283 0.0281867 0.0225646 0.017311 0.0126058 0.0086256 0.0054913
 0.00752635 0.012288 0.0186089 0.0264645 0.0356096 0.045431 0.0549204 0.062924 0.0685617 0.0715018 0.0719182 0.0702513 0.0669957 0.0626016 0.057448 0.0518328 0.0459732 0.0400184 0.0340753 0.0282379 0.0226177 0.0173621 0.0126509 0.00866213 0.00551824
 0.00750513 0.0122552 0.0185626 0.0264039 0.0355352 0.0453445 0.0548248 0.0628241 0.0684642 0.0714149 0.0718508 0.0702119 0.0669901 0.062631 0.0575075 0.0519135 0.0460647 0.0401124 0.0341665 0.0283238 0.0226963 0.0174313 0.0127086 0.00870688 0.0055502
 0.00749899 0.0122431 0.0185404 0.0263671 0.0354796 0.0452689 0.0547324 0.0627227 0.0683636 0.0713246 0.071778 0.0701614 0.0669653 0.062634 0.0575391 0.0519713 0.046143 0.0402032 0.0342614 0.0284157 0.0227802 0.017504 0.0127679 0.00875222 0.00558222
 0.00749899 0.0122431 0.0185404 0.0263671 0.0354796 0.0452689 0.0547324 0.0627227 0.0683636 0.0713246 0.071778 0.0701614 0.0669653 0.062634 0.0575391 0.0519713 0.046143 0.0402032 0.0342614 0.0284157 0.0227802 0.017504 0.0127679 0.00875222 0.00558222
 0.00723403 0.0118266 0.0179417 0.025571 0.0344943 0.0441344 0.0535281 0.0615636 0.0673808 0.0706335 0.0714515 0.0702172 0.0673694 0.0633166 0.0584123 0.0529467 0.0471428 0.0411656 0.0351415 0.0291836 0.0234193 0.0180094 0.0131454 0.00901645 0.00575403
 0.00723114 0.0117868 0.0178176 0.025298 0.0340086 0.043401 0.0525649 0.0604485 0.0662347 0.0695921 0.0706361 0.0697159 0.0672268 0.0635303 0.0589373 0.0537066 0.048046 0.0421214 0.0360717 0.0300293 0.024142 0.0185904 0.0135835 0.00932449 0.0059546
 0.00720054 0.011748 0.0177763 0.0252593 0.0339653 0.043322 0.0523928 0.0601151 0.0656936 0.0688518 0.0697734 0.0688586 0.066516 0.0630802 0.0588091 0.0539012 0.0485131 0.0427776 0.0368215 0.0307835 0.0248306 0.0191684 0.0140316 0.00964503 0.00616549
 0.00717453 0.0117074 0.0177194 0.0251869 0.0338827 0.043238 0.0523153 0.060042 0.0656035 0.0687021 0.0695166 0.0684707 0.0660223 0.0625595 0.0583704 0.0536448 0.0484964 0.0430006 0.0372337 0.0313047 0.0253761 0.0196684 0.0144423 0.00995027 0.00637138
 0.00716138 0.0116901 0.0177005 0.0251713 0.0338754 0.0432421 0.0523303 0.0600638 0.0656242 0.0687088 0.0694882 0.0683787 0.0658403 0.0622803 0.0580226 0.0532939 0.0482256 0.0428786 0.0372888 0.0315168 0.0256888 0.020013 0.0147598 0.0102048 0.00655201
 0.0071389 0.0116567 0.0176564 0.0251192 0.0338206 0.043192 0.0522931 0.0600465 0.0656305 0.068736 0.0695259 0.0684089 0.0658398 0.0622265 0.0579033 0.0531186 0.0480303 0.0427181 0.0372153 0.0315576 0.0258351 0.0202259 0.0149891 0.0104085 0.00670736
#pred catch len freq
 0.00371215 0.00599565 0.00898556 0.0127042 0.0171684 0.0223401 0.0280592 0.034033 0.0398975 0.0452952 0.0499311 0.0536087 0.0562546 0.0579177 0.0587349 0.0588866 0.0585632 0.0579289 0.0570551 0.0558165 0.0538167 0.0504571 0.0452188 0.038047 0.0295722
 0.00401676 0.0064536 0.00960928 0.0134909 0.0181147 0.0234576 0.0293743 0.0355614 0.0416034 0.0470629 0.0515726 0.0549154 0.0570687 0.0581844 0.0585099 0.0582969 0.0577415 0.0569535 0.055921 0.0544563 0.052164 0.048522 0.0431265 0.0360107 0.0278118
 0.00418061 0.00674598 0.0100957 0.014244 0.0191935 0.0248785 0.031091 0.0374721 0.0435841 0.0490016 0.0533771 0.0564917 0.0583002 0.0589427 0.058698 0.0578929 0.0568068 0.0555963 0.0542419 0.052516 0.0499979 0.0461899 0.0407547 0.0337854 0.0259215
 0.00443429 0.00713276 0.0106348 0.014949 0.0200856 0.0259989 0.0324956 0.0392014 0.0456194 0.0512363 0.0556266 0.0585406 0.059957 0.0600695 0.0592103 0.0577501 0.0560123 0.0542008 0.0523367 0.0502148 0.0474256 0.0434892 0.0380988 0.0313675 0.0239121
 0.00475877 0.00764623 0.0113805 0.0159558 0.0213618 0.027526 0.034226 0.0410671 0.0475515 0.0531792 0.0575306 0.0603349 0.0615282 0.0612685 0.0598855 0.0577852 0.0553485 0.0528422 0.0503468 0.0477101 0.0445698 0.0404866 0.0351787 0.028754 0.0217775
 0.00505377 0.00812315 0.0120945 0.0169593 0.0226981 0.0292155 0.036248 0.0433446 0.049953 0.0555398 0.0596865 0.0621559 0.0629309 0.062204 0.060312 0.0576503 0.0545939 0.0514297 0.0482874 0.0450865 0.0415429 0.0372854 0.0320699 0.0259911 0.0195439
 0.0052912 0.00851122 0.0126842 0.0178042 0.0238496 0.0307128 0.0381011 0.0455187 0.0523582 0.0580334 0.0620868 0.0642702 0.0645901 0.0632918 0.0607726 0.0574708 0.0537783 0.0499848 0.046234 0.0424897 0.0385415 0.0340981 0.028967 0.0232354 0.0173242
 0.0055424 0.00891704 0.0132917 0.0186599 0.0249961 0.0321806 0.0398961 0.0476087 0.0546668 0.0604408 0.0644387 0.0663929 0.0663125 0.0644693 0.061307 0.0573173 0.0529377 0.0484885 0.0441366 0.0398785 0.0355585 0.0309527 0.0259174 0.0205355 0.0151568
 0.00581972 0.00935836 0.0139396 0.0195513 0.0261605 0.0336354 0.0416358 0.0495951 0.0568238 0.062658 0.0665815 0.0683159 0.0678746 0.0655479 0.0618084 0.0571834 0.0521478 0.0470587 0.0421199 0.03737 0.0327063 0.0279621 0.0230324 0.0179917 0.0131219
 0.0061351 0.00984871 0.0146371 0.0204745 0.027316 0.0350195 0.0432309 0.0513623 0.0586985 0.0645508 0.0683857 0.0699174 0.0691642 0.0664303 0.0622087 0.0570489 0.0514499 0.0457962 0.0403266 0.0351252 0.0301448 0.025274 0.0204417 0.0157115 0.0113017
 0.00631141 0.0101445 0.0150992 0.0211519 0.0282497 0.0362259 0.0446867 0.0530001 0.0604187 0.0662429 0.0699465 0.0712598 0.0702171 0.0671363 0.0625213 0.0569316 0.0508772 0.0447587 0.0388407 0.0332478 0.027985 0.0229941 0.0182365 0.0137673 0.00974907
 0.00639826 0.0102899 0.0153278 0.0214949 0.0287449 0.0369143 0.0456015 0.054151 0.0617747 0.0677244 0.0714334 0.0726166 0.071324 0.0679104 0.0629191 0.0569373 0.0504884 0.0439798 0.0376887 0.0317661 0.0262588 0.0211543 0.0164445 0.0121798 0.00847745
 0.00650336 0.0104515 0.015555 0.0217926 0.0291176 0.0373701 0.0461539 0.054816 0.0625634 0.0686322 0.0724286 0.0736352 0.0722746 0.0686917 0.0634418 0.0571405 0.0503437 0.0434858 0.0368651 0.0306554 0.0249338 0.0197221 0.0150361 0.0109236 0.00746643
 0.00656767 0.0105594 0.0157232 0.0220378 0.0294522 0.0377956 0.0466573 0.0553713 0.0631415 0.0692117 0.0730007 0.0741974 0.0728172 0.0691858 0.0638369 0.0573741 0.0503572 0.0432396 0.0363479 0.0298884 0.0239724 0.0186532 0.013967 0.00995961 0.00668474
 0.00671542 0.0107756 0.016005 0.0223699 0.0298149 0.0381756 0.0470532 0.0557887 0.0635807 0.0696584 0.0734264 0.0745706 0.0731165 0.0694035 0.0639715 0.0574171 0.0502864 0.0430237 0.0359608 0.0293248 0.0232588 0.0178487 0.013153 0.00921946 0.00608099
 0.00679262 0.0109046 0.0162043 0.0226552 0.0301914 0.0386293 0.0475462 0.0562671 0.0639932 0.0699759 0.073649 0.0747174 0.0732082 0.069451 0.0639748 0.0573687 0.0501738 0.0428297 0.0356666 0.0289193 0.0227497 0.0172698 0.0125593 0.00867267 0.00563035
 0.00679691 0.0109176 0.016236 0.0227216 0.0303139 0.038831 0.0478449 0.0566642 0.0644647 0.0704706 0.0741 0.0750646 0.0734188 0.0695263 0.0639398 0.0572541 0.0500011 0.0426062 0.0353885 0.0285806 0.0223526 0.0168324 0.0121159 0.00826484 0.0052932
 0.00681329 0.0109308 0.0162317 0.022681 0.0302214 0.0386867 0.0476736 0.0565143 0.0643945 0.0705266 0.0742978 0.0753803 0.0737973 0.0699005 0.0642536 0.0574759 0.0501237 0.0426362 0.0353355 0.0284523 0.0221583 0.0165885 0.0118487 0.00800611 0.00507138
 0.00688031 0.011028 0.0163552 0.0228162 0.0303435 0.0387639 0.0476735 0.0564158 0.064201 0.0702751 0.0740534 0.075215 0.0737605 0.0699995 0.0644532 0.0577171 0.0503477 0.0428014 0.0354219 0.0284574 0.0220909 0.0164655 0.0116932 0.00784428 0.00492648
 0.00689395 0.0110586 0.0164162 0.0229239 0.0305108 0.0389911 0.0479404 0.0566806 0.0644098 0.0703789 0.0740273 0.0750704 0.0735436 0.0697744 0.0642762 0.0576154 0.0503139 0.0428044 0.035425 0.0284334 0.0220283 0.0163678 0.0115744 0.00772255 0.00481837
 0.00676255 0.0108693 0.0161774 0.0226609 0.0302619 0.0387984 0.0478401 0.0566945 0.0645381 0.0705964 0.0742873 0.0753177 0.0737345 0.0698928 0.064336 0.0576489 0.0503514 0.0428592 0.03549 0.0284897 0.022058 0.0163631 0.0115395 0.00766988 0.00476245
 0.0068017 0.0109024 0.0161721 0.022573 0.0300521 0.0384571 0.0474051 0.0562476 0.0641779 0.0704017 0.0742891 0.0754939 0.0740242 0.0702222 0.0646441 0.0579026 0.0505467 0.043009 0.0356092 0.028585 0.0221278 0.0164037 0.0115513 0.00765974 0.0047407
 0.00683411 0.0109473 0.016223 0.0226126 0.0300492 0.0383678 0.0471818 0.0558589 0.0636353 0.0697756 0.0736986 0.0750669 0.0738478 0.0703111 0.0649447 0.0583243 0.0510004 0.043432 0.03597 0.0288747 0.0223482 0.0165604 0.0116526 0.00771657 0.00476633
 0.00680498 0.0109098 0.0161842 0.0225836 0.03004 0.0383784 0.0471952 0.0558399 0.0635391 0.0695658 0.0733695 0.0746585 0.0734424 0.0700064 0.064815 0.0583915 0.0512308 0.0437581 0.0363206 0.0291963 0.0226121 0.0167579 0.0117876 0.0078002 0.00481225
 0.00684509 0.0109656 0.0162516 0.0226548 0.0301078 0.0384419 0.0472608 0.055916 0.0636239 0.0696381 0.0733897 0.0745852 0.0732562 0.0697282 0.0645041 0.0581233 0.0510646 0.0437148 0.0363813 0.0293187 0.0227517 0.0168828 0.0118824 0.00786286 0.00484847
 0.00681396 0.0109273 0.0162161 0.0226372 0.0301225 0.0384943 0.0473428 0.0560092 0.0637092 0.0697044 0.0734341 0.0746052 0.0732424 0.0696671 0.0643906 0.0579725 0.0509116 0.0435997 0.0363304 0.0293335 0.0228125 0.0169619 0.0119566 0.00791955 0.00488524
 0.00682635 0.0109365 0.0162109 0.0226036 0.0300508 0.0383884 0.0472252 0.0559142 0.0636681 0.0697294 0.0735135 0.0747111 0.0733447 0.0697425 0.0644263 0.0579661 0.050872 0.0435465 0.036287 0.0293178 0.0228291 0.0170022 0.0120056 0.00796402 0.00491815
 0.00685432 0.0109735 0.01625 0.022631 0.0300472 0.0383331 0.0471028 0.0557235 0.0634285 0.0694816 0.0733091 0.0745937 0.0733323 0.0698221 0.0645629 0.0581197 0.0510122 0.0436595 0.0363744 0.0293896 0.0228952 0.0170666 0.0120659 0.00801504 0.00495621
