SBPRF35
12.7214
Curr Bio
864796
B35
877332
F35
0.168996
FOFL
0.163147
OFL
113675
Bzero
3.63469e+06
#pred survey bio
 3.58477e+06 3.47046e+06 3.36466e+06 3.20461e+06 3.00811e+06 2.79321e+06 2.52788e+06 2.29474e+06 2.08196e+06 1.84302e+06 1.63487e+06 1.43452e+06 1.29394e+06 1.1446e+06 1.0076e+06 882629 779530 723821 670945 637948 615577 596307 581716 565525 561565 562613 558793 560813 574668 585596 583682 576083 585669 590209 602221 606721 617536 620766 627778 632229 640695 646383 654449 662605 665129 668636 671167 665750 655615 643488 645457 692589 756992 810042 843497 869729 2.98558e+07 1.7455e+07 1.73696e+07 1.80075e+07 1.91626e+07 2.05581e+07 2.19765e+07 2.32829e+07 2.44125e+07 2.53484e+07 2.61013e+07 2.66944e+07 2.71552e+07 2.75099e+07 2.77812e+07 2.79883e+07 2.81463e+07 2.82669e+07 2.83592e+07 2.84301e+07 2.84847e+07 2.8527e+07 2.856e+07 2.85857e+07 2.86059e+07 2.86219e+07 2.86345e+07 2.86445e+07 2.86524e+07 2.86588e+07 2.86639e+07 2.8668e+07 2.86713e+07 2.8674e+07 2.86761e+07 2.86779e+07 2.86793e+07 2.86805e+07 2.86814e+07 2.86822e+07 2.86828e+07 2.86833e+07 2.86838e+07 2.86841e+07 2.86844e+07 2.86846e+07 2.86848e+07 2.86849e+07 2.86851e+07 2.86852e+07 2.86852e+07 2.86853e+07 2.86854e+07 2.86854e+07 2.86855e+07 2.86855e+07 2.86855e+07 2.86855e+07 2.86855e+07 2.86856e+07 2.86856e+07 2.86856e+07 2.86856e+07 2.86856e+07 2.86856e+07 2.86856e+07 2.86856e+07 2.86856e+07 2.86856e+07 2.86856e+07 2.86856e+07 2.86856e+07 2.86856e+07 2.86856e+07 2.86856e+07 2.86856e+07 2.86856e+07 2.86856e+07 2.86856e+07 2.86856e+07 2.86856e+07 2.86856e+07 2.86856e+07 2.86856e+07 2.86856e+07 2.86856e+07 2.86856e+07 2.86856e+07 2.86856e+07 2.86856e+07 2.86856e+07 2.86856e+07 2.86856e+07 2.86856e+07 2.86856e+07 2.86856e+07 2.86856e+07 2.86856e+07 2.86856e+07 2.86856e+07 0 0 0 0 0 0 0 0 0 0 0 0 0 0 0 0 0 0 0 0 0 0 0 0 0
#obs survey bio
 3.52176e+06 3.5002e+06 3.56208e+06 2.79372e+06 3.12116e+06 2.90201e+06 2.36283e+06 2.92642e+06 1.59187e+06 1.73489e+06 1.14306e+06 1.37688e+06 1.18218e+06 1.08066e+06 882832 767660 1.10501e+06 571874 589329 520742 523291 488797 390068 644370 601674 510622 542563 633677 459985 369613 711706 626302 528198 557772 623583 680239 840779 566464 503225 507776 470143 618646 579829 495270 952062 856516 650776 669247 685208 450939 453194 700080 668454 559284 1.06812e+06 1.11619e+06
#pred catch bio
 103068 99815.7 156867 201339 232529 295179 283068 281402 320119 304586 306490 259346 269764 257642 243061 218118 172348 166332 146306 135259 130692 124744 123859 111488 105944 108402 101598 90888.5 93612.4 103992 107194 92157.3 97387.6 92099.2 99266.1 94250 101016 98479.2 102017 99712 102524 100502 100362 104502 102607 102715 108854 112024 113033 101512 66030.8 55316.6 67080.8 83540.6 87163.1 118189 113675 114243 112378 115036 121743 130304 139047 147018 153792 159278 163568 166836 169277 171071 172375 173314 173984 174459 174795 175031 175197 175313 175394 175450 175489 175516 175535 175548 175557 175564 175568 175571 175573 175574 175575 175576 175576 175577 175577 175577 175577 175577 175577 175577 175577 175578 175578 175578 175578 175578 175578 175578 175578 175578 175578 175578 175578 175578 175578 175578 175578 175578 175578 175578 175578 175578 175578 175578 175578 175578 175578 175578 175578 175578 175578 175578 175578 175578 175578 175578 175578 175578 175578 175578 175578 175578 175578 175578 175578 175578 175578 175578 175578 175578 175578 175578 175578 175578 175578 175578 0 0 0 0 0 0 0 0 0 0 0 0 0 0 0 0 0 0 0 0 0 0 0 0 0
#obs catch bio
 0 99420.2 157080 201612 232403 297148 283977 282114 323447 307935 311806 263576 274894 261970 247891 221637 172970 167698 147292 137164 132216 126492 125600 112652 106677 109455 102048 90801.2 93308.2 104234 106972 91437.8 97460.8 92127 99579.4 94346.6 101077 98347.9 102455 100648 103322 100794 100808 104966 102279 102311 108551 111720 112967 101868 66262.3 55370.1 67374 84177.2 87219.2 118476
#pred cpue bio
 3.53674e+06 3.42413e+06 3.3196e+06 3.15994e+06 2.96363e+06 2.74894e+06 2.48438e+06 2.25177e+06 2.03941e+06 1.80147e+06 1.59435e+06 1.39543e+06 1.25589e+06 1.10837e+06 973338 850548 749627 695210 643556 611239 589425 570756 556684 541121 537558 538928 535599 537969 551782 562557 560815 553596 562929 567205 578864 583343 594040 597265 603907 607958 616196 621977 630069 638230 640966 644651 647230 641902 631911 619888 621492 667569 731318 784187 817620 844207 2.90213e+07 1.69784e+07 1.67565e+07 1.72215e+07 1.83087e+07 1.96863e+07 2.11007e+07 2.24063e+07 2.35358e+07 2.44717e+07 2.52245e+07 2.58177e+07 2.62785e+07 2.66331e+07 2.69045e+07 2.71116e+07 2.72695e+07 2.73901e+07 2.74824e+07 2.75533e+07 2.76079e+07 2.76502e+07 2.76832e+07 2.77089e+07 2.77291e+07 2.77451e+07 2.77577e+07 2.77677e+07 2.77756e+07 2.7782e+07 2.77871e+07 2.77912e+07 2.77945e+07 2.77972e+07 2.77994e+07 2.78011e+07 2.78025e+07 2.78037e+07 2.78046e+07 2.78054e+07 2.7806e+07 2.78066e+07 2.7807e+07 2.78073e+07 2.78076e+07 2.78078e+07 2.7808e+07 2.78082e+07 2.78083e+07 2.78084e+07 2.78085e+07 2.78085e+07 2.78086e+07 2.78086e+07 2.78087e+07 2.78087e+07 2.78087e+07 2.78088e+07 2.78088e+07 2.78088e+07 2.78088e+07 2.78088e+07 2.78088e+07 2.78088e+07 2.78088e+07 2.78088e+07 2.78088e+07 2.78088e+07 2.78088e+07 2.78088e+07 2.78088e+07 2.78088e+07 2.78088e+07 2.78088e+07 2.78088e+07 2.78088e+07 2.78088e+07 2.78088e+07 2.78088e+07 2.78088e+07 2.78088e+07 2.78088e+07 2.78088e+07 2.78088e+07 2.78088e+07 2.78088e+07 2.78088e+07 2.78088e+07 2.78088e+07 2.78088e+07 2.78088e+07 2.78088e+07 2.78088e+07 2.78088e+07 2.78088e+07 2.78088e+07 2.78088e+07 2.78088e+07 2.78088e+07 2.78088e+07 0 0 0 0 0 0 0 0 0 0 0 0 0 0 0 0 0 0 0 0 0 0 0 0 0
#obs cpue bio
 5.24417e+06 3.94479e+06 2.76375e+06 3.01176e+06 3.09088e+06 1.46284e+06 2.91954e+06 1.70926e+06 1.62805e+06 1.42731e+06 1.50275e+06 939028 1.22121e+06 1.07762e+06 783498 958514 723336 694280 645324 401078 676224 477655 727323 434375 532711 479098 689725 614978 876239 634047 682936 714989 386336 531534 509839 510684 510764 694203 494860 414846 915479 856528 577772 868911 813164 547134 656653 650375 551685 709073 456579 667045 731257 939975 1.00489e+06 942175
#pred surv len freq
 0.00484987 0.0078524 0.0117783 0.0165987 0.0221971 0.0282978 0.0344345 0.0400561 0.0447302 0.0482841 0.0507867 0.0524305 0.0534248 0.0539459 0.0541286 0.0540737 0.0538637 0.0535612 0.0531586 0.0524769 0.0510811 0.0483363 0.0436823 0.0370209 0.0289497
 0.005046 0.00808803 0.0119833 0.0166673 0.0220299 0.0278607 0.0337968 0.0393751 0.0441827 0.0479861 0.0507516 0.0525876 0.0536783 0.0542332 0.0544451 0.0544581 0.0543548 0.0541509 0.0537678 0.0529696 0.0513173 0.0482389 0.0432777 0.0364284 0.0283247
 0.00524345 0.00841149 0.0124682 0.0173311 0.022849 0.0287473 0.0345973 0.0399102 0.0443236 0.0477242 0.0502081 0.051951 0.0531122 0.0538184 0.0541851 0.0543232 0.0543197 0.0541964 0.0538549 0.0530217 0.051235 0.0479471 0.0427716 0.0357846 0.0276651
 0.00546116 0.00876034 0.0129847 0.0180481 0.0237906 0.0299175 0.0359598 0.0413685 0.0457167 0.0488528 0.0508931 0.0521014 0.052763 0.0531112 0.053301 0.0534134 0.0534704 0.0534315 0.0531543 0.0523364 0.0505045 0.0471272 0.0418662 0.0348559 0.0268101
 0.00570536 0.00915053 0.0135597 0.0188404 0.0248224 0.0311932 0.0374565 0.0430284 0.0474456 0.050522 0.0523459 0.0531698 0.0533043 0.0530546 0.0526795 0.0523538 0.0521433 0.0519909 0.0516974 0.0508992 0.0490852 0.0457226 0.040502 0.0335951 0.0257323
 0.00593051 0.00951691 0.014112 0.019621 0.0258643 0.0325085 0.0390239 0.044788 0.0493054 0.0523716 0.054066 0.0546345 0.0543817 0.0536201 0.0526441 0.0516977 0.0509323 0.0503592 0.0498045 0.0488867 0.0470586 0.0437618 0.0386828 0.0319982 0.0244296
 0.00625459 0.0100288 0.0148553 0.0206281 0.0271534 0.034078 0.0408436 0.0467927 0.0513983 0.0544363 0.0559806 0.0562811 0.05565 0.054407 0.0528577 0.0512715 0.0498477 0.0486651 0.0476189 0.0463762 0.0444089 0.041154 0.0362808 0.0299363 0.022795
 0.00658301 0.010548 0.0156093 0.0216488 0.0284559 0.0356544 0.0426549 0.0487664 0.0534373 0.0564349 0.0578379 0.0579051 0.056954 0.0553052 0.0532641 0.0511055 0.0490491 0.0472173 0.0455712 0.0438546 0.041606 0.0383015 0.0336102 0.0276386 0.0209866
 0.00685134 0.0109853 0.0162694 0.0225819 0.0296987 0.0372146 0.0444955 0.0508018 0.0555466 0.0584877 0.0597173 0.0595179 0.0582288 0.0561837 0.05369 0.0510187 0.0483895 0.0459422 0.0436837 0.0414317 0.038812 0.0353726 0.0308115 0.0252035 0.019064
 0.00717962 0.011512 0.0170492 0.0236624 0.0311129 0.0389684 0.0465527 0.0530755 0.0579061 0.0607784 0.0617862 0.0612349 0.0594996 0.0569517 0.0539272 0.0507095 0.0475173 0.04449 0.041654 0.0388799 0.0358757 0.032275 0.0278258 0.0225868 0.0169892
 0.00745868 0.0119628 0.0177229 0.0246055 0.0323603 0.0405312 0.0484046 0.0551459 0.0600868 0.0629401 0.0637953 0.0629658 0.0608439 0.0578252 0.0542744 0.0505007 0.0467407 0.043145 0.0397573 0.0364869 0.0331085 0.0293346 0.0249676 0.0200617 0.0149739
 0.00774196 0.0124208 0.0184077 0.0255641 0.0336266 0.0421124 0.050267 0.0572088 0.0622321 0.0650334 0.0657065 0.0645818 0.0620735 0.0585996 0.0545456 0.0502397 0.0459346 0.0417965 0.0378899 0.0341609 0.0304418 0.0265134 0.022228 0.0176381 0.0130352
 0.00788775 0.0126593 0.0187704 0.026084 0.0343353 0.0430341 0.051409 0.0585538 0.0637352 0.0666241 0.0672946 0.0660663 0.0633522 0.0595786 0.055146 0.0504004 0.0456135 0.0409726 0.0365702 0.032393 0.0283288 0.0242198 0.0199627 0.01561 0.0113982
 0.00810674 0.0130126 0.0192967 0.0268168 0.0352955 0.04422 0.052786 0.0600534 0.0652667 0.0680942 0.0686232 0.0671909 0.0642247 0.0601593 0.0553991 0.0502929 0.0451168 0.0400677 0.0352575 0.0307078 0.0263572 0.0221044 0.0178868 0.0137578 0.00990544
 0.00828066 0.0133032 0.0197483 0.0274752 0.0361978 0.0453785 0.0541725 0.0615933 0.06685 0.0695981 0.0699361 0.0682292 0.0649388 0.0605304 0.0554288 0.0499899 0.0444876 0.0391149 0.0339886 0.0291519 0.0245827 0.0202277 0.0160599 0.0121352 0.00860082
 0.00842716 0.0135469 0.0201259 0.0280256 0.0369559 0.0463638 0.0553757 0.062968 0.0683138 0.0710435 0.0712465 0.0692969 0.065682 0.0609037 0.0554243 0.049628 0.0438022 0.0381408 0.0327594 0.027708 0.0229872 0.0185761 0.0144746 0.0107394 0.00748464
 0.00869006 0.0139406 0.0206568 0.0286807 0.0377107 0.047195 0.0562678 0.06391 0.0692899 0.0720228 0.0721787 0.0701152 0.0663129 0.061281 0.0555026 0.0493898 0.043257 0.0373182 0.031701 0.0264657 0.0216274 0.0171847 0.0131522 0.00958382 0.00656536
 0.0088495 0.0141787 0.0209755 0.0290666 0.0381381 0.047632 0.0566844 0.0642864 0.0696243 0.0723353 0.0725033 0.0704813 0.0667229 0.0616995 0.0558624 0.0496127 0.0432768 0.0370972 0.0312356 0.0257842 0.020786 0.0162617 0.0122382 0.00876456 0.00590288
 0.00904702 0.0144889 0.0214207 0.0296567 0.0388645 0.0484614 0.0575538 0.0651088 0.0703079 0.0728111 0.072747 0.0705176 0.0666106 0.0615041 0.0556294 0.0493523 0.0429666 0.036699 0.030718 0.0251398 0.0200393 0.0154655 0.0114621 0.00807658 0.00535128
 0.00909775 0.0145752 0.0215577 0.0298617 0.0391539 0.0488446 0.0580269 0.0656487 0.0708719 0.0733423 0.0731862 0.0708181 0.0667523 0.061498 0.0555098 0.0491581 0.0427227 0.0364078 0.030365 0.0247108 0.0195365 0.0149159 0.0109125 0.00757925 0.00494649
 0.00911411 0.0145979 0.0215855 0.0298927 0.0391892 0.0488921 0.0581026 0.0657741 0.0710656 0.0736094 0.0735111 0.0711651 0.0670739 0.06175 0.0556638 0.0492077 0.042678 0.0362838 0.0301721 0.0244532 0.0192202 0.0145579 0.0105433 0.00723597 0.00466091
 0.00913546 0.0146309 0.0216318 0.0299522 0.0392593 0.048968 0.0581785 0.0658458 0.0711344 0.0736846 0.073607 0.071293 0.0672334 0.0619243 0.0558239 0.0493228 0.0427261 0.0362562 0.030071 0.0242875 0.0190026 0.014306 0.0102809 0.00698994 0.00445431
 0.00909957 0.0145804 0.0215705 0.0298884 0.0392042 0.0489314 0.0581658 0.0658574 0.0711669 0.0737342 0.0736724 0.0713769 0.0673406 0.0620568 0.0559758 0.0494774 0.0428598 0.0363457 0.0301003 0.0242518 0.0189081 0.014168 0.0101207 0.0068308 0.00431591
 0.00907679 0.0145463 0.0215249 0.0298339 0.0391464 0.0488784 0.0581278 0.065844 0.0711842 0.0737819 0.0737436 0.0714611 0.0674288 0.0621448 0.0560635 0.0495648 0.0429422 0.0364124 0.0301379 0.0242493 0.0188626 0.0140861 0.0100167 0.0067225 0.00421918
 0.00902759 0.0144586 0.0213794 0.0296102 0.0388302 0.0484731 0.0576621 0.0653721 0.0707733 0.0734934 0.0736166 0.0715052 0.0676258 0.062458 0.0564486 0.0499793 0.0433505 0.0367866 0.0304566 0.024498 0.0190347 0.0141853 0.0100562 0.00672138 0.00419724
 0.00889624 0.0142613 0.021112 0.0292778 0.0384435 0.0480431 0.0571997 0.0648924 0.0703038 0.0730771 0.0733076 0.0713548 0.0676663 0.0626908 0.0568438 0.0504852 0.0439073 0.0373385 0.0309594 0.0249216 0.0193637 0.0144179 0.0102029 0.0068011 0.00423193
 0.00884257 0.0141705 0.0209695 0.0290698 0.0381615 0.0476912 0.056798 0.0644748 0.0699077 0.0727333 0.0730364 0.0711711 0.0675862 0.0627319 0.057017 0.0507846 0.0443059 0.0377926 0.0314194 0.0253431 0.0197154 0.0146851 0.0103864 0.00691367 0.00429244
 0.00887287 0.0141968 0.0209664 0.0289994 0.0379835 0.0473782 0.0563506 0.0639267 0.0693185 0.0721732 0.0725699 0.0708446 0.0674229 0.0627347 0.0571749 0.0510781 0.0447078 0.038267 0.0319224 0.0258284 0.020143 0.0150291 0.0106383 0.00708069 0.00439208
 0.00889173 0.0142127 0.0209623 0.0289478 0.0378503 0.0471313 0.0559699 0.0634133 0.0687007 0.0715071 0.0719327 0.0703187 0.0670771 0.0626079 0.0572711 0.0513716 0.0451541 0.0388129 0.0325122 0.0264086 0.0206673 0.0154642 0.010969 0.0073097 0.00453583
 0.00874664 0.0140144 0.020732 0.0287255 0.0376793 0.0470352 0.0559362 0.0633947 0.0686357 0.0713479 0.0716664 0.0699742 0.066716 0.0623049 0.0570921 0.0513564 0.0453091 0.0391137 0.0329134 0.0268552 0.0211057 0.0158515 0.0112785 0.00753356 0.00468202
 0.00868728 0.0139199 0.0205953 0.0285465 0.0374698 0.0468237 0.0557664 0.0633115 0.0686626 0.071467 0.0718186 0.0700834 0.0667251 0.0622029 0.0569169 0.0511756 0.0451902 0.0391004 0.033015 0.0270497 0.0213523 0.0161052 0.0115032 0.00770863 0.00480305
 0.00890568 0.0142246 0.0209606 0.0289164 0.037774 0.047003 0.0557949 0.0632046 0.0684678 0.0712443 0.071617 0.069923 0.0665923 0.0620629 0.0567388 0.0509541 0.0449522 0.0388916 0.032877 0.0270022 0.0213875 0.0161954 0.0116142 0.00781234 0.00488363
 0.00891527 0.0142521 0.0210218 0.0290273 0.0379393 0.0472023 0.0559772 0.0633012 0.0684219 0.0710429 0.0713025 0.0695761 0.0662946 0.0618632 0.0566405 0.0509281 0.0449625 0.0389172 0.0329174 0.027067 0.0214823 0.0163134 0.0117386 0.0079244 0.00497097
 0.00888046 0.0142081 0.0209796 0.0290068 0.0379657 0.047299 0.0561551 0.0635494 0.068702 0.0712938 0.0714586 0.0695935 0.0661717 0.0616414 0.0563828 0.0506901 0.0447745 0.0387846 0.0328335 0.027025 0.0214776 0.0163402 0.0117863 0.00797943 0.00502097
 0.00875889 0.0140215 0.0207206 0.0286785 0.0375848 0.0468969 0.0557789 0.0632554 0.0685428 0.0712994 0.0716217 0.0698689 0.0664922 0.0619433 0.0566281 0.0508738 0.0449151 0.0389063 0.0329527 0.0271472 0.0216006 0.0164585 0.0118937 0.00806979 0.00509044
 0.00871474 0.0139504 0.0206148 0.0285316 0.0373934 0.0466635 0.0555151 0.0629846 0.0682985 0.0711194 0.0715392 0.0699012 0.0666325 0.0621605 0.0568764 0.0511099 0.0451125 0.0390603 0.0330737 0.0272497 0.0216946 0.016547 0.0119743 0.00813846 0.00514387
 0.00869998 0.0139154 0.020542 0.0283988 0.0371794 0.0463587 0.0551294 0.0625496 0.0678617 0.0707335 0.071252 0.0697486 0.0666332 0.0623113 0.0571512 0.0514644 0.0454959 0.0394287 0.0334 0.027524 0.0219186 0.0167266 0.0121148 0.0082439 0.0052183
 0.00886893 0.0141602 0.0208542 0.0287485 0.0375208 0.0466395 0.0553018 0.0625784 0.0677316 0.070455 0.0708628 0.0693065 0.0662031 0.0619504 0.0568969 0.0513282 0.0454647 0.0394729 0.0334853 0.0276217 0.0220112 0.0168064 0.01218 0.00829485 0.00525597
 0.00889543 0.0142191 0.0209704 0.0289509 0.0378295 0.0470491 0.0557689 0.0630255 0.0680692 0.0706115 0.0708072 0.0690551 0.0658096 0.0614882 0.0564399 0.0509354 0.0451702 0.0392838 0.0333869 0.0275881 0.0220157 0.0168284 0.0122066 0.00831955 0.00527596
 0.00876134 0.0140349 0.0207567 0.0287508 0.0377005 0.0470462 0.0559277 0.063349 0.0685212 0.0711201 0.0712788 0.0693994 0.0659677 0.0614494 0.0562412 0.0506436 0.0448579 0.0390083 0.0331795 0.0274543 0.0219435 0.0167984 0.0122008 0.00832465 0.00528417
 0.00862332 0.0138142 0.0204337 0.0283159 0.0371634 0.0464469 0.0553418 0.0628782 0.0682658 0.0711427 0.0715781 0.0699086 0.0665769 0.062042 0.056729 0.0509867 0.0450647 0.0391187 0.0332414 0.0275043 0.0219991 0.0168607 0.0122624 0.00837754 0.00532392
 0.00859441 0.0137576 0.0203305 0.028142 0.0368946 0.0460686 0.0548607 0.0623305 0.0677182 0.0706825 0.0712934 0.0698609 0.0667779 0.0624461 0.0572475 0.0515195 0.045533 0.039484 0.0335044 0.0276894 0.0221345 0.0169665 0.0123475 0.00844396 0.00537203
 0.00852905 0.0136596 0.0201975 0.0279751 0.0366948 0.0458331 0.0545814 0.0619994 0.0673366 0.0702717 0.0708997 0.0695501 0.0666181 0.0624833 0.0574859 0.0519165 0.0460138 0.0399688 0.0339336 0.0280351 0.0223962 0.017158 0.0124851 0.00854056 0.0054369
 0.00840433 0.0134726 0.0199458 0.0276674 0.0363492 0.0454726 0.0542299 0.0616771 0.0670564 0.0700371 0.0707086 0.0694038 0.0665305 0.0624828 0.0576041 0.0521699 0.0463894 0.0404231 0.0344069 0.0284723 0.0227619 0.0174402 0.0126888 0.00867925 0.00552595
 0.00837943 0.0134228 0.0198543 0.0275145 0.0361194 0.0451642 0.0538624 0.0612896 0.0666962 0.0697434 0.0705011 0.0692818 0.066482 0.0624972 0.0576813 0.0523198 0.0466213 0.0407329 0.0347703 0.0288497 0.023112 0.0177328 0.0129114 0.00883455 0.00562578
 0.00842149 0.0134772 0.0199097 0.0275498 0.0361072 0.0450777 0.0536837 0.0610168 0.0663472 0.0693555 0.0701236 0.0689634 0.0662574 0.0623803 0.0576682 0.0523987 0.0467803 0.0409611 0.0350526 0.029162 0.023423 0.0180117 0.0131369 0.00899938 0.00573491
 0.00844405 0.0135161 0.0199713 0.0276389 0.0362226 0.045207 0.0538001 0.0610826 0.0663251 0.0692232 0.0698846 0.068649 0.0659172 0.0620676 0.057426 0.052251 0.046733 0.0410064 0.0351743 0.0293379 0.0236261 0.0182137 0.013314 0.00913742 0.00583097
 0.00847679 0.0135723 0.0200613 0.027774 0.0364122 0.0454533 0.0540925 0.0613946 0.066615 0.0694409 0.0699834 0.0685991 0.065717 0.0617468 0.057038 0.0518579 0.0463887 0.040746 0.035011 0.0292658 0.0236261 0.01826 0.0133804 0.00920308 0.00588375
 0.00858242 0.01373 0.0202728 0.0280327 0.036706 0.0457695 0.0544204 0.0617231 0.0669289 0.069717 0.0701899 0.0687 0.0656818 0.061562 0.0567156 0.0514367 0.0459254 0.0403004 0.0346308 0.0289778 0.0234345 0.0181514 0.0133319 0.00919075 0.0058882
 0.00877867 0.0140255 0.0206732 0.0285262 0.0372654 0.046357 0.054992 0.0622336 0.0673387 0.0699993 0.0703337 0.0687061 0.065555 0.0613065 0.0563377 0.0509522 0.0453663 0.0397136 0.0340698 0.0284889 0.0230466 0.0178716 0.013149 0.00908274 0.00583091
 0.00866787 0.0138852 0.020535 0.0284425 0.0372931 0.0465328 0.0553128 0.0626556 0.0677945 0.0704232 0.0706799 0.0689533 0.0656998 0.0613531 0.0562902 0.050814 0.0451448 0.0394267 0.0337479 0.0281699 0.0227655 0.017651 0.012995 0.00898744 0.00577885
 0.00818777 0.0131419 0.0194896 0.0270946 0.0356919 0.0447869 0.0535923 0.0611718 0.066751 0.0699558 0.0708186 0.0696264 0.0667711 0.0626661 0.0577 0.052202 0.0464232 0.0405395 0.0346696 0.0289017 0.023327 0.0180702 0.0132995 0.00920077 0.00592084
 0.00789503 0.0126449 0.0187046 0.0259355 0.0340965 0.0427558 0.051226 0.0586804 0.0644225 0.0680922 0.0696658 0.0693201 0.0673134 0.0639362 0.0594935 0.0542836 0.0485734 0.0425844 0.0364918 0.030438 0.0245589 0.0190111 0.0139828 0.00967023 0.00622345
 0.00772041 0.012371 0.0183076 0.0253915 0.0333749 0.0418164 0.050027 0.0572029 0.0627046 0.0662561 0.0679176 0.0679127 0.0664805 0.0638248 0.0601223 0.0555434 0.0502654 0.0444761 0.0383698 0.0321417 0.0259922 0.0201378 0.0148123 0.0102414 0.00658962
 0.00735579 0.0118443 0.0176368 0.0246331 0.0326042 0.0410953 0.0493769 0.0565966 0.0620794 0.0655441 0.0670847 0.0669944 0.065597 0.063159 0.0598626 0.0558139 0.0510776 0.045725 0.0398716 0.0336919 0.0274181 0.0213282 0.0157229 0.0108821 0.00700441
 0.00683912 0.0110564 0.0165512 0.023268 0.0310265 0.0394181 0.0477513 0.0551884 0.0610254 0.0649046 0.0668219 0.066999 0.0657508 0.0633999 0.0602153 0.0563694 0.051934 0.0469218 0.041354 0.0353213 0.0290192 0.022745 0.0168584 0.011709 0.00755214
#obs surv len freq
 nan nan nan nan nan nan nan nan nan nan nan nan nan nan nan nan nan nan nan nan nan nan nan nan nan
 0.00447728 0.00733533 0.0111624 0.015977 0.0216775 0.0279545 0.034271 0.0400051 0.0446874 0.0481539 0.0505143 0.0520123 0.0529066 0.0534206 0.0537363 0.0539922 0.0542715 0.0545648 0.0547038 0.0542958 0.0527337 0.0493652 0.043814 0.0362927 0.0276748
 0.00461378 0.00755694 0.0114951 0.016444 0.0222939 0.0287186 0.0351562 0.0409566 0.045629 0.0490021 0.0511937 0.0524674 0.0531074 0.0533648 0.0534445 0.0535009 0.0536239 0.0538032 0.0538673 0.0534211 0.0518594 0.0485341 0.0430703 0.035674 0.0272019
 0.00478378 0.0078354 0.0119179 0.0170454 0.0230995 0.0297337 0.0363543 0.0422751 0.0469771 0.050276 0.0522934 0.0533075 0.0536248 0.0535233 0.0532377 0.0529508 0.0527751 0.0527146 0.0526049 0.0520551 0.0504651 0.0471926 0.041862 0.0346654 0.0264297
 0.0049733 0.00814691 0.0123932 0.0177257 0.0240177 0.0309021 0.0377508 0.0438378 0.0486112 0.0518698 0.0537343 0.054493 0.054469 0.0539617 0.0532321 0.0524925 0.0518858 0.0514451 0.0510311 0.0502744 0.0485933 0.0453575 0.0401904 0.0332608 0.0253503
 0.00519188 0.00850223 0.0129281 0.0184808 0.0250245 0.0321718 0.0392623 0.0455318 0.0503965 0.0536381 0.0553745 0.0559004 0.0555501 0.054637 0.0534401 0.0521944 0.0510715 0.0501386 0.0492955 0.0482147 0.0463535 0.0431096 0.0381105 0.0314958 0.0239857
 0.00541223 0.00886659 0.0134877 0.019287 0.0261181 0.0335668 0.04093 0.0473966 0.0523482 0.0555551 0.0571426 0.0574217 0.0567417 0.0554272 0.0537665 0.0520057 0.0503339 0.0488471 0.0474878 0.0459837 0.0438525 0.0405407 0.0356931 0.0294198 0.0223677
 0.0056501 0.00925338 0.0140704 0.0201106 0.0272185 0.034959 0.0425943 0.0492711 0.0543346 0.0575342 0.0589928 0.0590324 0.0580202 0.0563002 0.0541754 0.0519023 0.0496796 0.0476213 0.0457055 0.0437173 0.041247 0.0378078 0.0330781 0.0271454 0.0205785
 0.00588469 0.00963958 0.0146605 0.0209558 0.0283587 0.0364068 0.0443191 0.0511954 0.056347 0.0595126 0.0608236 0.0606184 0.0592808 0.0571677 0.0545933 0.0518226 0.0490626 0.0464409 0.0439643 0.041471 0.0386254 0.0350181 0.0303736 0.0247671 0.0186908
 0.00614095 0.0100579 0.0152933 0.0218533 0.0295593 0.0379221 0.0461182 0.0531981 0.0584344 0.0615494 0.0626811 0.0621901 0.0604867 0.0579526 0.0549185 0.0516581 0.0483814 0.0452222 0.0422081 0.0392226 0.0360011 0.0322133 0.0276374 0.0223445 0.0167554
 0.00637654 0.0104469 0.01589 0.0227114 0.0307217 0.0394033 0.0478868 0.0551721 0.0604929 0.0635567 0.0645094 0.0637319 0.0616598 0.0586992 0.0552021 0.0514564 0.0476799 0.0440121 0.0404957 0.0370509 0.0334751 0.0295119 0.0249941 0.0199941 0.0148689
 0.00659782 0.0108093 0.0164406 0.0234966 0.0317787 0.0407472 0.0494958 0.0569805 0.0623984 0.0654378 0.0662441 0.0652116 0.0627973 0.0594314 0.0554886 0.0512747 0.0470193 0.0428714 0.0388887 0.0350227 0.0311239 0.0270005 0.022535 0.0178029 0.0131051
 0.00682791 0.0111841 0.0170056 0.0242943 0.03284 0.0420778 0.0510636 0.0587114 0.0641876 0.0671698 0.0678115 0.0665246 0.0637856 0.0600431 0.0556887 0.0510427 0.0463465 0.0417599 0.0373563 0.0331162 0.028936 0.0246796 0.0202717 0.01579 0.0114854
 0.00705249 0.0115539 0.0175707 0.0251028 0.0339273 0.0434497 0.0526797 0.0604817 0.0659875 0.0688667 0.0692894 0.0676974 0.0645983 0.0604669 0.0557126 0.0506669 0.0455766 0.040607 0.035843 0.0312893 0.0268816 0.0225307 0.0181963 0.013956 0.0100155
 0.00728473 0.0119348 0.0181497 0.0259273 0.0350322 0.0448412 0.0543189 0.0622789 0.067814 0.0705797 0.0707581 0.0688206 0.065313 0.060748 0.0555659 0.0501173 0.0446571 0.0393521 0.0342909 0.0294927 0.0249222 0.0205262 0.016291 0.0122915 0.00869193
 0.00744959 0.0122096 0.0185759 0.0265481 0.0358836 0.0459385 0.0556422 0.0637671 0.0693719 0.0720946 0.0721166 0.0699226 0.0660804 0.0611309 0.0555454 0.0497022 0.0438769 0.0382486 0.0329144 0.027905 0.0232049 0.0187857 0.0146507 0.0108683 0.00756645
 0.00750596 0.0123045 0.018726 0.0267735 0.0362077 0.0463851 0.0562302 0.0645041 0.0702473 0.0730751 0.0731452 0.0709221 0.0669633 0.0618119 0.0559541 0.0497924 0.0436307 0.0376762 0.0320506 0.026807 0.0219518 0.0174769 0.0133962 0.00976948 0.00669264
 0.00760393 0.0124498 0.0189191 0.0270073 0.0364714 0.0466707 0.0565379 0.0648428 0.0706316 0.0735192 0.0736549 0.0714868 0.0675502 0.0623666 0.0564076 0.0500743 0.0436834 0.0374663 0.0315763 0.0260996 0.0210738 0.0165151 0.0124487 0.00892648 0.00601629
 0.00764876 0.0125263 0.0190401 0.0271844 0.0367103 0.0469644 0.0568632 0.0651656 0.0709207 0.0737611 0.0738605 0.0716843 0.0677679 0.0626148 0.0566688 0.050304 0.0438218 0.0374556 0.0313777 0.0257066 0.0205167 0.0158563 0.0117687 0.00830365 0.00550754
 0.00769634 0.0125919 0.0191177 0.0272632 0.0367794 0.0470205 0.0569143 0.0652274 0.0710074 0.0738773 0.074 0.0718374 0.0679302 0.0627893 0.0568585 0.0505004 0.0439975 0.0375674 0.0313803 0.0255698 0.0202396 0.0154713 0.0113329 0.00788085 0.00514907
 0.00776992 0.0127066 0.0192803 0.0274742 0.0370307 0.047293 0.0571784 0.0654491 0.0711593 0.0739496 0.0740033 0.0717959 0.0678699 0.0627305 0.0568133 0.0504727 0.0439814 0.0375447 0.0313229 0.0254493 0.0200408 0.015202 0.0110237 0.00757444 0.00488416
 0.00782088 0.0127846 0.0193886 0.0276125 0.0371956 0.0474779 0.0573731 0.0656387 0.0713249 0.0740717 0.0740676 0.071799 0.0678216 0.0626503 0.0567233 0.05039 0.0439132 0.0374865 0.0312599 0.0253618 0.019913 0.0150309 0.010823 0.00736956 0.00470193
 0.0078545 0.0128394 0.019471 0.027728 0.0373462 0.04766 0.0575754 0.0658429 0.0715099 0.0742184 0.0741629 0.0718366 0.067802 0.0625804 0.0566164 0.0502634 0.0437834 0.0373639 0.0311455 0.0252483 0.0197902 0.0148933 0.0106742 0.00722219 0.00457158
 0.00787264 0.0128639 0.019499 0.0277546 0.0373671 0.0476745 0.0575886 0.0658643 0.0715486 0.0742782 0.0742396 0.0719194 0.0678769 0.0626355 0.0566443 0.0502632 0.0437596 0.0373239 0.0310952 0.0251896 0.0197218 0.0148135 0.0105853 0.00713162 0.00448916
 0.00788018 0.012874 0.0195102 0.0277635 0.0373692 0.047665 0.0575642 0.0658256 0.0715015 0.0742342 0.074213 0.0719215 0.0679117 0.0626968 0.0567187 0.0503355 0.0438178 0.0373617 0.0311117 0.0251865 0.0197012 0.0147779 0.0105387 0.00707995 0.0044397
 0.00788637 0.0128803 0.0195126 0.0277562 0.0373457 0.0476211 0.0575001 0.065746 0.071415 0.0741512 0.0741446 0.0718785 0.0679028 0.062726 0.0567831 0.0504248 0.0439172 0.037456 0.0311893 0.0252411 0.0197314 0.014786 0.0105294 0.00705978 0.0044155
 0.0079001 0.0128978 0.0195299 0.0277663 0.03734 0.047592 0.0574436 0.0656634 0.0713128 0.0740408 0.0740398 0.0717933 0.0678489 0.062711 0.056809 0.0504873 0.0440064 0.0375581 0.0312895 0.025327 0.0197956 0.0148263 0.0105484 0.00706298 0.00440955
 0.00787913 0.0128655 0.0194846 0.0277072 0.0372671 0.0475055 0.0573442 0.0655533 0.071197 0.0739273 0.0739394 0.0717179 0.0678092 0.0627139 0.0568564 0.0505755 0.0441266 0.0376975 0.031433 0.0254601 0.0199069 0.0149098 0.0106039 0.00709466 0.00442421
 0.00788392 0.012868 0.0194787 0.0276844 0.037219 0.0474282 0.0572407 0.0654336 0.0710743 0.0738138 0.0738435 0.0716448 0.0677625 0.0626972 0.056873 0.0506269 0.0442102 0.037806 0.0315554 0.0255831 0.0200181 0.0150002 0.0106696 0.00713703 0.00444806
 0.00787488 0.0128537 0.0194576 0.0276546 0.037178 0.0473722 0.0571661 0.0653385 0.0709616 0.0736924 0.0737274 0.071549 0.0676989 0.062672 0.0568869 0.0506769 0.0442913 0.0379114 0.0316759 0.0257077 0.0201351 0.0151 0.0107465 0.0071903 0.00448096
 0.007852 0.0128163 0.0194012 0.0275754 0.0370743 0.0472462 0.0570248 0.0651932 0.0708251 0.0735754 0.0736371 0.0714898 0.0676737 0.0626832 0.0569351 0.05076 0.044404 0.0380457 0.031822 0.0258547 0.0202722 0.015218 0.0108394 0.00725693 0.00452407
 0.00782694 0.0127739 0.0193342 0.0274767 0.0369384 0.0470729 0.0568218 0.064977 0.0706176 0.0733991 0.0735099 0.0714215 0.0676663 0.0627319 0.0570316 0.0508945 0.0445664 0.0382257 0.0320087 0.0260369 0.020439 0.0153604 0.010952 0.00733855 0.00457795
 0.00781198 0.0127463 0.0192867 0.0274004 0.0368249 0.0469177 0.0566276 0.0647551 0.0703868 0.0731826 0.0733305 0.0712986 0.0676118 0.0627491 0.0571151 0.0510325 0.0447439 0.0384267 0.0322181 0.0262408 0.0206252 0.0155194 0.0110781 0.00743066 0.00463945
 0.00776935 0.0126802 0.0191931 0.0272773 0.0366724 0.0467377 0.0564245 0.0645369 0.0701658 0.0729745 0.0731536 0.0711708 0.0675477 0.0627573 0.0571962 0.0511791 0.0449416 0.0386573 0.032462 0.0264796 0.0208433 0.0157051 0.0112251 0.0075381 0.00471141
 0.00771336 0.0125878 0.0190519 0.0270764 0.0364062 0.0464112 0.0560575 0.0641624 0.0698228 0.0726975 0.0729647 0.0710787 0.0675517 0.0628506 0.0573692 0.051419 0.0452323 0.0389792 0.0327934 0.0267988 0.0211313 0.0159481 0.0114158 0.00767647 0.00480363
 0.00767662 0.0125237 0.0189475 0.026917 0.0361789 0.0461105 0.0556913 0.0637543 0.0694097 0.0723224 0.0726682 0.070891 0.0674878 0.06291 0.0575384 0.0516768 0.0455544 0.0393401 0.0331675 0.0271616 0.0214608 0.0162276 0.0116361 0.00783693 0.00491087
 0.00767075 0.0125122 0.0189263 0.0268796 0.0361169 0.0460139 0.0555502 0.0635627 0.0691688 0.0720444 0.0723773 0.0706206 0.0672731 0.0627801 0.0575099 0.0517512 0.0457195 0.0395743 0.0334441 0.0274526 0.0217404 0.0164746 0.0118369 0.0079866 0.00501271
 0.00766444 0.0125047 0.0189196 0.026877 0.0361203 0.0460218 0.0555557 0.0635533 0.069129 0.071961 0.0722443 0.0704438 0.0670712 0.062582 0.0573483 0.0516538 0.0457021 0.0396376 0.033575 0.0276282 0.0219341 0.0166615 0.0119983 0.00811216 0.0051009
 0.00764931 0.0124831 0.0188929 0.0268486 0.0360953 0.0460057 0.0555525 0.0635636 0.0691487 0.0719799 0.072248 0.0704175 0.0670063 0.0624809 0.0572261 0.0515353 0.0456145 0.0396016 0.0335988 0.0277057 0.0220481 0.0167897 0.01212 0.00821311 0.00517506
 0.00760853 0.0124206 0.0188062 0.0267385 0.0359668 0.0458678 0.0554186 0.0634498 0.0690704 0.071947 0.0722606 0.0704656 0.0670719 0.062545 0.0572749 0.0515659 0.0456351 0.0396278 0.0336455 0.0277807 0.022148 0.0169024 0.0122298 0.00830683 0.00524567
 0.00758595 0.0123831 0.0187485 0.0266559 0.0358566 0.0457321 0.055266 0.0632956 0.0689336 0.0718457 0.0722074 0.0704644 0.0671177 0.0626247 0.0573713 0.0516629 0.045723 0.0397056 0.0337195 0.0278589 0.0222346 0.0169949 0.01232 0.00838551 0.0053066
 0.00757391 0.0123639 0.01872 0.0266161 0.0358034 0.0456636 0.0551814 0.0631966 0.0688254 0.0717378 0.0721127 0.0703964 0.0670867 0.0626346 0.0574181 0.0517361 0.0458094 0.0397943 0.0338049 0.0279404 0.022314 0.0170724 0.0123928 0.00844881 0.00535632
 0.0075789 0.0123702 0.0187262 0.0266195 0.0358008 0.045652 0.0551586 0.0631613 0.0687775 0.071678 0.0720437 0.0703237 0.0670191 0.0625825 0.0573901 0.0517361 0.0458354 0.0398396 0.0338612 0.0280012 0.0223752 0.0171316 0.0124475 0.0084962 0.0053939
 0.00755606 0.0123375 0.0186853 0.0265743 0.0357564 0.0456124 0.0551249 0.0631322 0.0687503 0.0716505 0.0720151 0.070295 0.0669926 0.0625619 0.0573803 0.0517418 0.0458596 0.0398819 0.0339176 0.0280656 0.0224413 0.0171941 0.0125028 0.00854186 0.00542871
 0.00752995 0.0122953 0.0186224 0.0264879 0.0356468 0.0454851 0.0549921 0.0630105 0.0686561 0.0715943 0.0719984 0.0703115 0.0670323 0.0626155 0.0574418 0.051809 0.0459325 0.0399609 0.0340019 0.0281521 0.0225253 0.0172708 0.012568 0.00859339 0.00546631
 0.00752576 0.0122859 0.0186034 0.0264535 0.0355911 0.0454048 0.0548882 0.0628903 0.0685325 0.071483 0.0719144 0.0702649 0.0670259 0.0626447 0.0574976 0.0518814 0.0460137 0.0400461 0.0340884 0.0282376 0.0226069 0.0173446 0.0126307 0.00864271 0.00550202
 0.00752064 0.012279 0.0185954 0.0264453 0.0355827 0.0453939 0.05487 0.0628585 0.0684821 0.0714139 0.0718331 0.0701834 0.0669582 0.0626022 0.0574857 0.0518989 0.0460547 0.0401028 0.0341537 0.0283058 0.0226735 0.0174059 0.0126834 0.00868466 0.00553266
 0.00751041 0.0122629 0.0185724 0.026415 0.0355461 0.0453531 0.0548287 0.0628203 0.0684491 0.0713854 0.071806 0.0701547 0.0669281 0.0625752 0.0574693 0.0519 0.0460766 0.0401441 0.0342092 0.0283689 0.0227376 0.0174654 0.0127345 0.00872509 0.00556199
 0.00749348 0.0122376 0.0185385 0.0263739 0.0354999 0.0453049 0.0547814 0.062777 0.0684128 0.0713587 0.0717898 0.070148 0.066928 0.062579 0.057476 0.0519114 0.0460962 0.040175 0.0342518 0.0284204 0.022793 0.0175191 0.0127817 0.00876283 0.00558946
 0.0074996 0.0122442 0.0185423 0.02637 0.0354838 0.0452743 0.0547383 0.0627274 0.0683646 0.0713183 0.0717609 0.0701308 0.0669209 0.0625792 0.057481 0.05192 0.0461086 0.0401929 0.0342769 0.0284529 0.0228308 0.0175584 0.0128183 0.00879337 0.00561234
 0.0074996 0.0122442 0.0185423 0.02637 0.0354838 0.0452743 0.0547383 0.0627274 0.0683646 0.0713183 0.0717609 0.0701308 0.0669209 0.0625792 0.057481 0.05192 0.0461086 0.0401929 0.0342769 0.0284529 0.0228308 0.0175584 0.0128183 0.00879337 0.00561234
 0.00713651 0.0116706 0.0177123 0.0252583 0.0340976 0.0436683 0.0530266 0.0610785 0.0669712 0.0703503 0.0713242 0.0702489 0.0675405 0.0635924 0.058754 0.0533189 0.0475191 0.0415288 0.0354809 0.0294914 0.0236885 0.0182339 0.0133218 0.00914532 0.00584087
 0.00695117 0.0113333 0.0171398 0.0243551 0.0327839 0.0419221 0.0509211 0.0587901 0.0647475 0.0684537 0.0699757 0.069591 0.0676209 0.064365 0.0600946 0.0550537 0.0494583 0.0434973 0.0373382 0.0311397 0.0250713 0.0193302 0.0141399 0.0097162 0.00621039
 0.00695298 0.0113265 0.017108 0.024267 0.0325884 0.0415477 0.0502863 0.057829 0.0634471 0.0668868 0.0683085 0.0680525 0.0664454 0.0637311 0.060084 0.0556402 0.0505259 0.0448754 0.0388426 0.032607 0.0263803 0.0204096 0.0149652 0.0103005 0.0065918
 0.00693335 0.0113077 0.0171027 0.0242921 0.0326556 0.0416498 0.0503841 0.0578484 0.0632911 0.0664634 0.0675687 0.0670251 0.0652516 0.0625649 0.0591608 0.0551331 0.0505151 0.0453328 0.0396516 0.0336049 0.0274048 0.0213338 0.0157141 0.0108509 0.00695966
 0.00687508 0.0112213 0.0169892 0.0241602 0.032522 0.0415369 0.0503155 0.057838 0.0633298 0.0665078 0.0675429 0.0668434 0.0648566 0.0619665 0.0584519 0.0544701 0.0500659 0.0452158 0.0398953 0.0341447 0.0281148 0.0220745 0.016374 0.0113677 0.00732018
#pred catch len freq
 0.00442817 0.00699357 0.0101757 0.0138874 0.0180758 0.022706 0.0276906 0.0328499 0.0379435 0.0427288 0.0470009 0.0506104 0.0534766 0.055592 0.0570124 0.0578399 0.0582084 0.0582529 0.0580326 0.0574072 0.0559401 0.0529619 0.0478742 0.0405781 0.0317329
 0.00462017 0.0072351 0.0104119 0.014032 0.0180451 0.0224666 0.0272905 0.0324069 0.0375905 0.0425514 0.0470047 0.0507377 0.0536549 0.0557822 0.0572284 0.0581324 0.0586216 0.0587773 0.0585805 0.0578295 0.0560851 0.0527481 0.0473347 0.0398477 0.0309849
 0.00483657 0.00757596 0.0108993 0.0146654 0.0187866 0.0232285 0.0279401 0.0328019 0.0376403 0.0422688 0.0465075 0.0501911 0.0531932 0.0554638 0.0570466 0.0580589 0.0586382 0.0588713 0.0587149 0.057923 0.0560296 0.0524607 0.0468093 0.039167 0.0302816
 0.00508449 0.00796206 0.0114503 0.0153986 0.0197099 0.0243371 0.029202 0.0341375 0.038911 0.0432952 0.0471222 0.0503062 0.0528411 0.0547805 0.0562069 0.0572076 0.0578562 0.0581789 0.0580881 0.0573079 0.0553585 0.0516825 0.0459238 0.0382383 0.0294131
 0.00536086 0.00839166 0.0120612 0.016207 0.0207219 0.0255505 0.030603 0.0356923 0.0405544 0.0449205 0.0485787 0.051416 0.053442 0.0547825 0.0556316 0.0561798 0.0565514 0.0567572 0.0566505 0.0558896 0.0539538 0.0502829 0.0445522 0.0369585 0.0283099
 0.0056521 0.00884758 0.0127157 0.0170824 0.0218296 0.0268895 0.0321561 0.0374194 0.042391 0.0467786 0.0503483 0.0529643 0.0546186 0.0554386 0.0556565 0.0555407 0.0553125 0.0550606 0.0546681 0.0537747 0.0518197 0.0482144 0.0426289 0.0352663 0.026926
 0.00600466 0.00939202 0.0134831 0.0180868 0.0230721 0.0283631 0.0338439 0.0392873 0.0443803 0.0488039 0.0523014 0.0547216 0.0560483 0.0564081 0.0560434 0.0552529 0.0543154 0.0533991 0.0524665 0.0512123 0.0490961 0.0455229 0.0401427 0.0331267 0.0252257
 0.00637568 0.00996454 0.0142887 0.0191377 0.0243642 0.0298811 0.0355606 0.0411604 0.0463497 0.0507938 0.0542234 0.0564765 0.0575283 0.0574992 0.0566304 0.05523 0.053604 0.0519728 0.0503754 0.0485923 0.0461571 0.0425163 0.0373191 0.0306923 0.0233067
 0.00674167 0.0105368 0.0151085 0.0202302 0.0257378 0.0315251 0.0374396 0.0432094 0.0484775 0.0528943 0.0561896 0.0582099 0.0589411 0.058512 0.0571657 0.0552088 0.0529513 0.0506365 0.0483565 0.0459752 0.0431231 0.0393263 0.0342654 0.0280325 0.0212051
 0.00713149 0.011144 0.0159742 0.0213791 0.0271796 0.0332548 0.0394317 0.0454076 0.0507892 0.0551957 0.0583394 0.0600697 0.0603943 0.059474 0.0575814 0.0550399 0.0521639 0.049202 0.0462725 0.0433007 0.0400087 0.0360174 0.0310621 0.0252175 0.0189691
 0.00750438 0.0117249 0.0168024 0.0224778 0.028557 0.0349053 0.0413308 0.0475049 0.0530051 0.0574239 0.060455 0.0619397 0.0618914 0.0604907 0.0580403 0.0548942 0.05139 0.0477928 0.0442429 0.0407106 0.0369935 0.0328001 0.0279268 0.022443 0.0167525
 0.00780505 0.0121988 0.0174893 0.0234079 0.0297502 0.036368 0.0430486 0.0494341 0.0550704 0.059523 0.0624686 0.0637427 0.0633639 0.0615283 0.0585606 0.0548402 0.0507292 0.0465164 0.0423709 0.0383073 0.0341886 0.0297997 0.0249926 0.0198354 0.0146603
 0.00805786 0.0125916 0.0180478 0.0241479 0.0306802 0.037492 0.0443638 0.050924 0.0566973 0.0612247 0.0641599 0.0653218 0.064723 0.0625643 0.059184 0.0549796 0.0503345 0.0455617 0.0408624 0.0362976 0.0317933 0.0272041 0.0224315 0.0175439 0.0128114
 0.00836126 0.0130631 0.0187171 0.0250294 0.0317724 0.038778 0.0458084 0.0524722 0.0582783 0.0627614 0.0655774 0.0665524 0.0657054 0.0632429 0.0595082 0.0549042 0.0498219 0.0445874 0.0394255 0.0344373 0.0296063 0.0248506 0.0201176 0.015477 0.0111443
 0.00861946 0.0134717 0.0193119 0.0258372 0.0328083 0.0400389 0.0472648 0.0540621 0.0599099 0.0643263 0.0669685 0.0676798 0.0665074 0.063687 0.0595842 0.0546122 0.0491625 0.04356 0.0380371 0.0327202 0.0276377 0.0227618 0.0180802 0.0136648 0.00968598
 0.00881591 0.0137841 0.0197702 0.0264672 0.0336306 0.0410652 0.0484893 0.0554525 0.0614021 0.065826 0.0683622 0.0688522 0.0673614 0.0641603 0.0596543 0.0542897 0.0484758 0.0425425 0.0367231 0.0311544 0.025891 0.0209423 0.0163263 0.0121162 0.0084452
 0.00902874 0.0140996 0.0201897 0.0269767 0.0342111 0.0417065 0.0491985 0.0562482 0.0622976 0.066811 0.069391 0.0698453 0.0682202 0.0647875 0.0599744 0.0542613 0.0480931 0.0418275 0.0357168 0.0299129 0.0244891 0.019478 0.0149153 0.0108715 0.00744843
 0.0092375 0.0144083 0.0205969 0.0274603 0.0347336 0.0422267 0.0496823 0.0566773 0.0626759 0.0671642 0.069757 0.0702541 0.0686717 0.0652411 0.0603562 0.0544857 0.0480882 0.0415523 0.0351679 0.0291225 0.0235208 0.0184202 0.0138702 0.0099362 0.00669292
 0.00942182 0.0146933 0.0209979 0.02798 0.0353599 0.0429307 0.0504168 0.0573798 0.06328 0.0676181 0.0700399 0.0703822 0.0686881 0.0651943 0.0602757 0.0543676 0.0478977 0.041242 0.0347007 0.0284904 0.0227529 0.0175784 0.0130354 0.00918797 0.00608858
 0.00946384 0.0147646 0.0211112 0.0281505 0.0356035 0.0432603 0.0508362 0.0578769 0.0638229 0.0681567 0.0705151 0.0707414 0.0689022 0.0652655 0.0602312 0.0542414 0.0477104 0.0409913 0.0343681 0.0280591 0.0222258 0.0169874 0.0124353 0.00863958 0.0056394
 0.00948559 0.0147956 0.0211505 0.0281964 0.0356568 0.0433282 0.0509341 0.0580259 0.0640414 0.0684502 0.070868 0.071117 0.0692509 0.0655395 0.0603994 0.0542956 0.0476606 0.0408532 0.034152 0.027769 0.0218683 0.0165817 0.0120161 0.00824939 0.00531456
 0.0094991 0.0148165 0.0211797 0.0282337 0.0357007 0.043376 0.0509834 0.058077 0.0641006 0.0685301 0.0709844 0.0712801 0.0694563 0.0657649 0.0606093 0.0544535 0.0477404 0.040844 0.0340562 0.0275964 0.0216332 0.0163044 0.0117241 0.00797373 0.00508209
 0.00947309 0.0147808 0.0211382 0.0281941 0.0356724 0.0433666 0.050996 0.0581095 0.0641476 0.0685869 0.0710505 0.07136 0.0695578 0.0658924 0.0607578 0.0546058 0.0478706 0.0409263 0.0340728 0.0275419 0.0215146 0.0161388 0.0115355 0.00778823 0.00492169
