SBPRF35
12.7214
Curr Bio
910228
B35
884468
F35
0.171954
FOFL
0.171954
OFL
129210
Bzero
3.63469e+06
#pred survey bio
 3.53048e+06 3.40491e+06 3.29303e+06 3.13187e+06 2.93735e+06 2.72655e+06 2.46638e+06 2.2388e+06 2.0316e+06 1.79772e+06 1.59419e+06 1.39787e+06 1.26122e+06 1.11511e+06 980761 857854 756237 701800 649791 617573 595950 577270 563161 547243 543541 544791 541043 543077 557015 568006 566038 558179 567601 572005 583967 588362 599137 602232 609142 613612 622264 628127 636464 645050 648071 652235 655694 651490 642971 633017 638220 690406 761965 824688 871148 915617 2.1264e+07 1.93557e+07 1.95682e+07 2.02689e+07 2.12876e+07 2.24285e+07 2.35466e+07 2.45558e+07 2.54182e+07 2.61277e+07 2.66965e+07 2.71441e+07 2.74921e+07 2.77606e+07 2.79669e+07 2.81251e+07 2.82464e+07 2.83396e+07 2.84115e+07 2.8467e+07 2.85102e+07 2.85439e+07 2.85703e+07 2.85911e+07 2.86075e+07 2.86205e+07 2.86308e+07 2.86391e+07 2.86457e+07 2.8651e+07 2.86553e+07 2.86587e+07 2.86615e+07 2.86638e+07 2.86656e+07 2.86671e+07 2.86683e+07 2.86693e+07 2.86701e+07 2.86708e+07 2.86713e+07 2.86718e+07 2.86721e+07 2.86724e+07 2.86727e+07 2.86729e+07 2.8673e+07 2.86731e+07 2.86732e+07 2.86733e+07 2.86734e+07 2.86735e+07 2.86735e+07 2.86736e+07 2.86736e+07 2.86736e+07 2.86736e+07 2.86737e+07 2.86737e+07 2.86737e+07 2.86737e+07 2.86737e+07 2.86737e+07 2.86737e+07 2.86737e+07 2.86737e+07 2.86737e+07 2.86737e+07 2.86737e+07 2.86737e+07 2.86737e+07 2.86737e+07 2.86737e+07 2.86737e+07 2.86737e+07 2.86737e+07 2.86737e+07 2.86737e+07 2.86737e+07 2.86737e+07 2.86737e+07 2.86737e+07 2.86737e+07 2.86737e+07 2.86737e+07 2.86737e+07 2.86737e+07 2.86737e+07 2.86737e+07 2.86737e+07 2.86737e+07 2.86737e+07 2.86737e+07 2.86737e+07 2.86737e+07 2.86737e+07 2.86737e+07 2.86737e+07 2.86737e+07 2.86737e+07 0 0 0 0 0 0 0 0 0 0 0 0 0 0 0 0 0 0 0 0 0 0 0 0 0
#obs survey bio
 3.52176e+06 3.5002e+06 3.56208e+06 2.79372e+06 3.12116e+06 2.90201e+06 2.36283e+06 2.92642e+06 1.59187e+06 1.73489e+06 1.14306e+06 1.37688e+06 1.18218e+06 1.08066e+06 882832 767660 1.10501e+06 571874 589329 520742 523291 488797 390068 644370 601674 510622 542563 633677 459985 369613 711706 626302 528198 557772 623583 680239 840779 566464 503225 507776 470143 618646 579829 495270 952062 856516 650776 669247 685208 450939 453194 700080 668454 559284 1.06812e+06 1.11619e+06
#pred catch bio
 103990 99825.9 156886 201402 232670 295464 283433 281863 320799 305308 307321 260026 270620 258540 243935 218937 172973 166951 146829 135706 131158 125181 124320 111886 106330 108807 101979 91208.7 93958.4 104393 107637 92497.8 97739.9 92411.4 99625.1 94575.5 101394 98838.8 102382 100040 102881 100858 100706 104871 102978 103076 109241 112416 113408 101792 66136.7 55383.3 67162 83636 87220.6 118217 129210 128489 128747 132222 138240 145173 151941 157960 162992 167020 170141 172500 174252 175532 176458 177121 177592 177926 178160 178324 178439 178519 178575 178614 178641 178659 178672 178681 178687 178691 178694 178696 178697 178698 178699 178700 178700 178700 178700 178700 178700 178700 178700 178700 178700 178701 178701 178701 178701 178701 178701 178701 178701 178701 178701 178701 178701 178701 178701 178701 178701 178701 178701 178701 178701 178701 178701 178701 178701 178701 178701 178701 178701 178701 178701 178701 178701 178701 178701 178701 178701 178701 178701 178701 178701 178701 178701 178701 178701 178701 178701 178701 178701 178701 178701 178701 178701 178701 178701 178701 0 0 0 0 0 0 0 0 0 0 0 0 0 0 0 0 0 0 0 0 0 0 0 0 0
#obs catch bio
 0 99420.2 157080 201612 232403 297148 283977 282114 323447 307935 311806 263576 274894 261970 247891 221637 172970 167698 147292 137164 132216 126492 125600 112652 106677 109455 102048 90801.2 93308.2 104234 106972 91437.8 97460.8 92127 99579.4 94346.6 101077 98347.9 102455 100648 103322 100794 100808 104966 102279 102311 108551 111720 112967 101868 66262.3 55370.1 67374 84177.2 87219.2 118476
#pred cpue bio
 3.48996e+06 3.36558e+06 3.25349e+06 3.09201e+06 2.89767e+06 2.68692e+06 2.42726e+06 2.20003e+06 1.99304e+06 1.75991e+06 1.55719e+06 1.36204e+06 1.22629e+06 1.08179e+06 949180 828274 728693 675485 624568 592945 571859 553745 540146 524831 521540 523122 519861 522251 536164 546991 545204 537726 546889 551019 562697 567092 577782 580860 587376 591431 599934 605929 614265 622844 626070 630359 633781 629565 621073 611065 615693 666758 737537 799634 845343 889012 2.06507e+07 1.87955e+07 1.89023e+07 1.94999e+07 2.04897e+07 2.16252e+07 2.27424e+07 2.37515e+07 2.46138e+07 2.53234e+07 2.58921e+07 2.63398e+07 2.66878e+07 2.69563e+07 2.71626e+07 2.73207e+07 2.7442e+07 2.75353e+07 2.76071e+07 2.76627e+07 2.77059e+07 2.77395e+07 2.77659e+07 2.77867e+07 2.78031e+07 2.78161e+07 2.78265e+07 2.78348e+07 2.78414e+07 2.78467e+07 2.78509e+07 2.78544e+07 2.78572e+07 2.78594e+07 2.78613e+07 2.78628e+07 2.7864e+07 2.7865e+07 2.78658e+07 2.78664e+07 2.7867e+07 2.78674e+07 2.78678e+07 2.78681e+07 2.78683e+07 2.78685e+07 2.78687e+07 2.78688e+07 2.78689e+07 2.7869e+07 2.78691e+07 2.78691e+07 2.78692e+07 2.78692e+07 2.78692e+07 2.78693e+07 2.78693e+07 2.78693e+07 2.78693e+07 2.78693e+07 2.78693e+07 2.78693e+07 2.78694e+07 2.78694e+07 2.78694e+07 2.78694e+07 2.78694e+07 2.78694e+07 2.78694e+07 2.78694e+07 2.78694e+07 2.78694e+07 2.78694e+07 2.78694e+07 2.78694e+07 2.78694e+07 2.78694e+07 2.78694e+07 2.78694e+07 2.78694e+07 2.78694e+07 2.78694e+07 2.78694e+07 2.78694e+07 2.78694e+07 2.78694e+07 2.78694e+07 2.78694e+07 2.78694e+07 2.78694e+07 2.78694e+07 2.78694e+07 2.78694e+07 2.78694e+07 2.78694e+07 2.78694e+07 2.78694e+07 2.78694e+07 2.78694e+07 2.78694e+07 0 0 0 0 0 0 0 0 0 0 0 0 0 0 0 0 0 0 0 0 0 0 0 0 0
#obs cpue bio
 5.24417e+06 3.94479e+06 2.76375e+06 3.01176e+06 3.09088e+06 1.46284e+06 2.91954e+06 1.70926e+06 1.62805e+06 1.42731e+06 1.50275e+06 939028 1.22121e+06 1.07762e+06 783498 958514 723336 694280 645324 401078 676224 477655 727323 434375 532711 479098 689725 614978 876239 634047 682936 714989 386336 531534 509839 510684 510764 694203 494860 414846 915479 856528 577772 868911 813164 547134 656653 650375 551685 709073 456579 667045 731257 939975 1.00489e+06 942175
#pred surv len freq
 0.00426597 0.00699525 0.0106592 0.0152873 0.0208007 0.0269274 0.0331783 0.0389729 0.0438554 0.0476377 0.0503773 0.0522553 0.0534697 0.054187 0.0545353 0.0546154 0.054519 0.0543268 0.0540517 0.053525 0.0522975 0.0496929 0.0450954 0.0383668 0.0301048
 0.00459647 0.00744501 0.0111771 0.0157789 0.0211639 0.0271035 0.0331849 0.0388917 0.0437808 0.0476199 0.0503993 0.0522587 0.053406 0.0540602 0.0544083 0.054579 0.0546391 0.054597 0.0543762 0.053745 0.0522569 0.0493127 0.044415 0.0375263 0.0292782
 0.00467463 0.00763184 0.0115618 0.0164627 0.0222132 0.0284885 0.0347461 0.0403729 0.0449265 0.0482813 0.050578 0.0520655 0.052978 0.0535012 0.0537826 0.0539374 0.054034 0.0540662 0.0539099 0.0532727 0.0516755 0.0485474 0.0434728 0.0365036 0.0283157
 0.00483749 0.00787658 0.0118986 0.0169029 0.0227844 0.0292466 0.0357637 0.0416948 0.0465095 0.0499601 0.0520971 0.0531719 0.0535197 0.0534698 0.0532837 0.0531233 0.0530481 0.0530137 0.0528469 0.0522041 0.0505708 0.0473771 0.042251 0.0353037 0.0272445
 0.00505707 0.00823204 0.0124291 0.0176397 0.0237415 0.0304105 0.0370901 0.0431212 0.0479773 0.0514259 0.0535147 0.0544562 0.0545318 0.0540499 0.0533169 0.0525919 0.0520335 0.0516538 0.0512803 0.050534 0.0488598 0.0456703 0.0406054 0.0338014 0.0259758
 0.00524137 0.00854235 0.0129161 0.0183577 0.0247373 0.0317049 0.0386588 0.0448866 0.0498211 0.0532173 0.0551403 0.0558341 0.0556022 0.0547519 0.0535751 0.0523317 0.0512182 0.0503147 0.0495166 0.0484838 0.0466689 0.0434758 0.0385365 0.0319772 0.0244895
 0.00552829 0.00900051 0.0135912 0.0192893 0.0259551 0.0332208 0.0404547 0.0469041 0.0519597 0.0553442 0.0571083 0.0575039 0.0568624 0.0555278 0.0538224 0.0520211 0.0503296 0.0488496 0.047522 0.046068 0.0439971 0.040749 0.0359613 0.029733 0.0226964
 0.00581518 0.00946207 0.0142767 0.0202414 0.0272019 0.0347645 0.0422602 0.0488964 0.0540356 0.0573912 0.0590183 0.0591755 0.0581992 0.0564403 0.0542336 0.0518731 0.0495859 0.0475001 0.0455944 0.043647 0.0412368 0.0378659 0.0332001 0.0273151 0.0207697
 0.00604114 0.00983972 0.0148642 0.0210991 0.0283802 0.036284 0.0440919 0.0509556 0.0561958 0.0595114 0.0609685 0.0608507 0.0595198 0.0573441 0.0546669 0.0517853 0.0489317 0.0462504 0.0437551 0.0412817 0.0384856 0.034944 0.0303665 0.0248148 0.0187718
 0.00632603 0.0103057 0.0155713 0.0221065 0.029736 0.0380086 0.0461583 0.0532783 0.0586373 0.0619037 0.063141 0.0626558 0.0608499 0.058137 0.0548975 0.0514476 0.0480235 0.0447694 0.0417137 0.0387353 0.0355618 0.0318509 0.0273668 0.022165 0.0166532
 0.00657768 0.0107179 0.0161978 0.0230006 0.030942 0.0395471 0.0480101 0.0553762 0.0608719 0.0641397 0.0652345 0.0644681 0.0622594 0.0590497 0.0552535 0.05122 0.0472096 0.0433815 0.0397808 0.0363202 0.0327859 0.0289079 0.0245033 0.0196267 0.0146179
 0.00682916 0.0111347 0.01684 0.0239287 0.0322052 0.0411634 0.0499466 0.0575426 0.0631335 0.066344 0.0672367 0.066146 0.0635182 0.059821 0.0554927 0.0509038 0.0463328 0.0419566 0.0378419 0.0339363 0.0300786 0.0260615 0.0217479 0.0171908 0.0126671
 0.00694067 0.0113233 0.0171386 0.0243764 0.0328437 0.0420291 0.0510592 0.0588942 0.0646826 0.068015 0.0689261 0.0677347 0.0648866 0.0608633 0.0561254 0.0510674 0.0459915 0.0410984 0.0364838 0.0321349 0.0279432 0.0237581 0.0194825 0.0151671 0.0110345
 0.00712721 0.0116312 0.0176105 0.0250542 0.0337591 0.0431903 0.0524375 0.0604218 0.066265 0.0695518 0.070328 0.0689294 0.0658167 0.061482 0.0563934 0.0509525 0.0454696 0.0401574 0.0351327 0.030417 0.0259503 0.0216347 0.0174098 0.0133247 0.00955305
 0.0072609 0.011866 0.0179961 0.0256476 0.0346118 0.0443274 0.0538375 0.0620091 0.0679215 0.0711419 0.071726 0.070039 0.0665802 0.0618776 0.056424 0.0506312 0.0448086 0.0391661 0.0338255 0.0288295 0.0241558 0.0197513 0.015588 0.0117145 0.00826301
 0.00739095 0.0120845 0.0183389 0.0261549 0.035323 0.0452697 0.0550125 0.0633814 0.069415 0.0726469 0.0731142 0.0711856 0.0673869 0.0622887 0.0564296 0.0502561 0.0440944 0.0381564 0.0325616 0.0273584 0.0225446 0.018097 0.014011 0.0103338 0.00716389
 0.00763704 0.0124562 0.0188465 0.0267916 0.036071 0.0461092 0.0559264 0.0643529 0.0704215 0.0736534 0.0740698 0.0720242 0.0680345 0.0626763 0.0565078 0.0500052 0.0435253 0.0373032 0.0314725 0.0260914 0.0211705 0.0167032 0.0126966 0.00919279 0.00626101
 0.00777342 0.0126617 0.0191249 0.0271343 0.0364576 0.0465124 0.0563173 0.0647104 0.0707419 0.0739563 0.0743914 0.0723973 0.0684639 0.0631255 0.056905 0.0502654 0.0435762 0.0371042 0.0310207 0.0254192 0.0203388 0.0157932 0.0117995 0.00839256 0.00561685
 0.00797429 0.0129778 0.0195798 0.027739 0.0372047 0.0473679 0.0572164 0.0655616 0.0714477 0.0744418 0.0746283 0.07241 0.0683153 0.0628885 0.0566327 0.0499733 0.0432437 0.0366921 0.0304958 0.0247727 0.019595 0.0150053 0.0110361 0.00771981 0.00508037
 0.00801199 0.013049 0.019705 0.0279437 0.0375128 0.0477919 0.0577474 0.0661648 0.0720664 0.0750086 0.0750795 0.0727009 0.0684305 0.0628448 0.0564699 0.0497357 0.0429606 0.0363691 0.0301199 0.0243299 0.0190868 0.0144575 0.0104938 0.00723291 0.00468664
 0.00803117 0.0130725 0.0197274 0.0279581 0.0375171 0.047796 0.0577765 0.0662539 0.0722459 0.075288 0.0754379 0.0730904 0.0687913 0.0631245 0.056638 0.0497877 0.042911 0.0362374 0.0299203 0.0240692 0.0187723 0.0141059 0.0101345 0.00690107 0.00441207
 0.00803523 0.0130831 0.01975 0.0279988 0.037579 0.0478757 0.0578632 0.0663348 0.0723153 0.075354 0.0755208 0.0732102 0.0689528 0.0633104 0.056814 0.0499171 0.0429683 0.0362138 0.0298204 0.0239046 0.0185578 0.0138601 0.00988072 0.00666484 0.00421483
 0.00800771 0.0130406 0.019691 0.0279242 0.0374938 0.0477893 0.0577886 0.0662859 0.0723021 0.07538 0.0755838 0.0733065 0.069081 0.0634687 0.0569946 0.0501018 0.043131 0.0363287 0.0298703 0.0238852 0.0184769 0.0137343 0.00973206 0.00651635 0.00408558
 0.00799546 0.0130233 0.0196697 0.0279016 0.0374729 0.0477728 0.057778 0.0662818 0.0723055 0.0753925 0.075607 0.0733417 0.0691284 0.0635282 0.0570658 0.050182 0.0432127 0.0363986 0.029913 0.0238886 0.0184375 0.0136588 0.00963471 0.00641468 0.00399488
 0.00795436 0.0129457 0.0195337 0.0276827 0.0371531 0.047353 0.0572885 0.0657806 0.0718646 0.0750768 0.0754576 0.0733691 0.0693158 0.0638402 0.0574587 0.0506119 0.043641 0.0367939 0.0302514 0.024154 0.0186232 0.0137688 0.00968274 0.00642035 0.00397825
 0.00782495 0.0127509 0.0192688 0.0273515 0.036764 0.0469142 0.056808 0.0652723 0.0713574 0.0746189 0.0751106 0.0731916 0.0693442 0.0640764 0.0578701 0.0511425 0.0442266 0.0373753 0.0307814 0.0246008 0.0189704 0.0140151 0.00983936 0.00650708 0.00401781
 0.00778939 0.0126833 0.0191497 0.0271593 0.0364825 0.0465432 0.05637 0.0648094 0.0709167 0.0742382 0.0748127 0.0729905 0.0692545 0.0641153 0.0580486 0.0514546 0.044644 0.0378517 0.0312643 0.0250434 0.0193399 0.014296 0.0100329 0.00662666 0.00408297
 0.00782159 0.0127136 0.0191543 0.0271012 0.0363201 0.0462452 0.0559295 0.0642518 0.0702974 0.0736306 0.0742918 0.0726157 0.0690594 0.0641061 0.0582118 0.0517653 0.0450694 0.0383518 0.0317921 0.0255507 0.0197855 0.0146537 0.0102945 0.00680013 0.00418665
 0.0078412 0.0127291 0.0191466 0.02704 0.0361687 0.0459699 0.0555106 0.0636931 0.0696311 0.0729175 0.0736134 0.0720598 0.0686993 0.0639839 0.0583315 0.0520973 0.0455628 0.0389463 0.0324267 0.0261685 0.0203391 0.0151102 0.0106396 0.00703821 0.00433572
 0.00768978 0.0125231 0.0189094 0.0268146 0.0360009 0.045883 0.0554883 0.0636817 0.0695626 0.0727409 0.0733179 0.0716799 0.0683039 0.0636547 0.0581388 0.0520827 0.0457313 0.0392697 0.0328546 0.0266413 0.0207999 0.0155144 0.0109609 0.00726946 0.00448616
 0.00763143 0.0124263 0.0187626 0.0266121 0.0357517 0.0456188 0.0552634 0.0635562 0.0695725 0.0728714 0.0735014 0.0718255 0.0683417 0.0635681 0.0579685 0.0519029 0.0456162 0.0392666 0.0329724 0.0268554 0.0210661 0.015785 0.0111984 0.00745318 0.00461247
 0.00785387 0.0127374 0.0191368 0.0269932 0.0360672 0.0458057 0.0552909 0.0634357 0.0693517 0.0726155 0.0732687 0.0716443 0.0682013 0.0634304 0.0577965 0.0516868 0.045382 0.0390617 0.0328409 0.0268175 0.021113 0.015887 0.0113195 0.00756446 0.00469804
 0.0078583 0.0127611 0.0192002 0.0271183 0.0362628 0.0460499 0.0555231 0.0635718 0.0693202 0.0723965 0.0729096 0.0712399 0.0678497 0.0631924 0.057679 0.0516569 0.045397 0.0390948 0.0328885 0.0268888 0.0212137 0.0160106 0.0114487 0.00768025 0.0047879
 0.00782883 0.0127235 0.0191638 0.0271009 0.0362891 0.0461459 0.055706 0.0638373 0.0696321 0.0726882 0.0731026 0.0712768 0.067722 0.0629445 0.0573841 0.0513822 0.0451801 0.0389432 0.0327938 0.0268412 0.0212066 0.0160366 0.0114966 0.00773582 0.00483846
 0.00771806 0.0125508 0.0189188 0.0267819 0.0359067 0.0457275 0.0552981 0.0635013 0.0694301 0.0726612 0.0732523 0.0715603 0.0680667 0.0632765 0.0576554 0.0515829 0.0453291 0.0390683 0.032915 0.0269658 0.0213325 0.0161579 0.0116063 0.00782778 0.00490887
 0.00768148 0.012491 0.0188282 0.0266533 0.0357352 0.045513 0.0550492 0.0632378 0.0691828 0.0724676 0.0731479 0.0715679 0.0681857 0.0634798 0.057898 0.0518185 0.0455275 0.039222 0.0330342 0.0270657 0.0214242 0.0162448 0.0116861 0.00789596 0.004962
 0.00765572 0.0124397 0.0187337 0.0264941 0.0354923 0.0451788 0.0546361 0.06278 0.0687297 0.0720731 0.0728601 0.071422 0.0681996 0.0636495 0.0581963 0.0521997 0.0459384 0.0396162 0.0333821 0.0273567 0.0216601 0.0164323 0.0118316 0.00800442 0.0050381
 0.00781831 0.0126748 0.0190325 0.0268272 0.0358145 0.0454393 0.0547889 0.0627915 0.0685863 0.0717861 0.0724671 0.0709803 0.0677734 0.0632956 0.0579522 0.0520769 0.0459237 0.0396789 0.0334862 0.0274717 0.0217672 0.0165232 0.0119046 0.00806054 0.0050789
 0.00785664 0.0127529 0.0191772 0.0270683 0.0361709 0.0459011 0.0553046 0.0632736 0.0689369 0.0719308 0.0723789 0.070684 0.0673321 0.0627896 0.0574589 0.0516562 0.0456089 0.039476 0.0333793 0.0274336 0.0217697 0.0165445 0.0119312 0.00808527 0.00509889
 0.00772482 0.0125739 0.0189745 0.0268886 0.0360753 0.0459469 0.0555264 0.0636691 0.0694604 0.0724984 0.0728857 0.0710333 0.0674652 0.0627029 0.0571999 0.0513019 0.0452393 0.0391521 0.0331334 0.0272705 0.021676 0.0164995 0.0119151 0.00808378 0.00510306
 0.00759746 0.0123638 0.0186553 0.0264418 0.0355031 0.0452892 0.054869 0.0631329 0.0691661 0.0725208 0.0732227 0.071605 0.0681433 0.0633546 0.0577279 0.0516652 0.0454508 0.0392584 0.0331877 0.0273129 0.0217254 0.0165573 0.0119736 0.00813454 0.00514143
 0.00758742 0.0123341 0.0185853 0.0263024 0.0352627 0.0449243 0.0543787 0.0625499 0.0685605 0.0719916 0.072875 0.0715164 0.0683335 0.0637751 0.0582788 0.0522333 0.0459475 0.0396413 0.0334588 0.0274996 0.0218594 0.0166606 0.0120564 0.00819916 0.00518826
 0.00752426 0.0122417 0.0184644 0.0261574 0.0350968 0.0447332 0.0541477 0.0622596 0.0682003 0.071575 0.0724483 0.0711542 0.0681182 0.0637666 0.0584896 0.0526209 0.0464313 0.0401335 0.0338936 0.0278466 0.0221185 0.0168476 0.0121891 0.00829155 0.00525003
 0.00740882 0.0120657 0.0182217 0.0258519 0.0347426 0.0443533 0.0537715 0.061917 0.0679126 0.071348 0.0722747 0.0710255 0.0680401 0.0637652 0.0586003 0.0528669 0.0468043 0.0405909 0.0343733 0.0282901 0.0224881 0.0171306 0.0123916 0.00842817 0.00533704
 0.00740208 0.012041 0.0181599 0.0257281 0.0345345 0.0440532 0.0533961 0.0615067 0.0675203 0.0710213 0.0720412 0.0708894 0.0679889 0.0637836 0.0586825 0.0530191 0.0470357 0.0408993 0.0347361 0.0286681 0.022839 0.0174234 0.0126133 0.0085819 0.00543516
 0.00744429 0.0120985 0.0182248 0.0257835 0.0345556 0.0440119 0.0532672 0.0612767 0.0671955 0.0706328 0.0716405 0.0705342 0.0677252 0.063634 0.0586464 0.0530833 0.0471848 0.0411194 0.0350107 0.028973 0.0231433 0.0176966 0.012834 0.00874269 0.00554118
 0.00746953 0.0121416 0.0182926 0.0258815 0.0346838 0.0441594 0.0534086 0.0613746 0.06721 0.0705354 0.0714269 0.0702289 0.067376 0.0632978 0.0583732 0.0529043 0.0471104 0.0411428 0.0351149 0.0291345 0.0233343 0.0178885 0.013003 0.00887467 0.00563294
 0.00750939 0.0122094 0.0184002 0.0260414 0.0349059 0.0444455 0.0537464 0.0617339 0.067545 0.0707919 0.0715543 0.0701938 0.067174 0.0629576 0.0579504 0.0524659 0.0467169 0.0408353 0.0349103 0.0290284 0.0233075 0.0179142 0.0130542 0.00892967 0.00567871
 0.00761663 0.0123714 0.0186214 0.0263184 0.03523 0.0448056 0.05413 0.0621253 0.0679219 0.0711233 0.0718019 0.0703177 0.0671422 0.0627573 0.057596 0.052 0.0462008 0.0403343 0.0344773 0.028694 0.0230777 0.0177761 0.0129843 0.00890267 0.00567375
 0.00785611 0.0127302 0.019104 0.0269076 0.0358902 0.04549 0.0547876 0.062706 0.0683828 0.0714355 0.0719535 0.0703095 0.0669805 0.062449 0.0571512 0.051439 0.0455603 0.0396661 0.0338393 0.0281364 0.0226322 0.0174511 0.0127681 0.00877184 0.00560197
 0.00782006 0.0127046 0.019125 0.0270256 0.036152 0.0459136 0.0553436 0.0633202 0.068962 0.0719015 0.0722644 0.0704613 0.0669915 0.0623421 0.0569429 0.0511397 0.0451818 0.03923 0.0333799 0.0276954 0.0222479 0.0171478 0.012552 0.00863309 0.00552181
 0.00744145 0.0121059 0.0182596 0.0258736 0.0347375 0.0443243 0.0537396 0.0619143 0.067965 0.0714555 0.0724018 0.0711098 0.068014 0.0635832 0.0582607 0.0524194 0.0463399 0.040215 0.0341721 0.0283027 0.0226964 0.0174709 0.0127804 0.00879064 0.00562624
 0.00722833 0.0117274 0.0176323 0.0249034 0.0333469 0.0424943 0.0515497 0.0595566 0.0657168 0.0696192 0.0712334 0.0707594 0.0684956 0.0647809 0.0599692 0.0544003 0.0483728 0.0421284 0.0358545 0.0296988 0.0237964 0.0182961 0.0133695 0.00918948 0.00588034
 0.00716001 0.0116127 0.0174494 0.0246207 0.0329186 0.0418599 0.0506452 0.0583395 0.0642025 0.0679112 0.0695286 0.0693126 0.0675528 0.0645073 0.0604017 0.0554446 0.0498396 0.0437923 0.0375084 0.0311898 0.0250369 0.0192575 0.0140666 0.0096622 0.00617929
 0.00709814 0.0115277 0.0173495 0.0245205 0.0328309 0.0417823 0.0505482 0.0581637 0.0638679 0.0673435 0.068695 0.0682572 0.066411 0.0634832 0.0597097 0.055237 0.0501556 0.0445515 0.0385471 0.0323197 0.0260977 0.0201466 0.0147429 0.0101331 0.00648031
 0.00691772 0.0112603 0.0169961 0.0241013 0.032382 0.0413484 0.0501734 0.0578798 0.0636816 0.067225 0.0685794 0.0680666 0.066093 0.0630493 0.0592502 0.0548972 0.0500799 0.0448215 0.0391473 0.0331466 0.0270039 0.0209941 0.0154402 0.0106456 0.00681966
#obs surv len freq
 nan nan nan nan nan nan nan nan nan nan nan nan nan nan nan nan nan nan nan nan nan nan nan nan nan
 0.00447728 0.00733533 0.0111624 0.015977 0.0216775 0.0279545 0.034271 0.0400051 0.0446874 0.0481539 0.0505143 0.0520123 0.0529066 0.0534206 0.0537363 0.0539922 0.0542715 0.0545648 0.0547038 0.0542958 0.0527337 0.0493652 0.043814 0.0362927 0.0276748
 0.00461378 0.00755694 0.0114951 0.016444 0.0222939 0.0287186 0.0351562 0.0409566 0.045629 0.0490021 0.0511937 0.0524674 0.0531074 0.0533648 0.0534445 0.0535009 0.0536239 0.0538032 0.0538673 0.0534211 0.0518594 0.0485341 0.0430703 0.035674 0.0272019
 0.00478378 0.0078354 0.0119179 0.0170454 0.0230995 0.0297337 0.0363543 0.0422751 0.0469771 0.050276 0.0522934 0.0533075 0.0536248 0.0535233 0.0532377 0.0529508 0.0527751 0.0527146 0.0526049 0.0520551 0.0504651 0.0471926 0.041862 0.0346654 0.0264297
 0.0049733 0.00814691 0.0123932 0.0177257 0.0240177 0.0309021 0.0377508 0.0438378 0.0486112 0.0518698 0.0537343 0.054493 0.054469 0.0539617 0.0532321 0.0524925 0.0518858 0.0514451 0.0510311 0.0502744 0.0485933 0.0453575 0.0401904 0.0332608 0.0253503
 0.00519188 0.00850223 0.0129281 0.0184808 0.0250245 0.0321718 0.0392623 0.0455318 0.0503965 0.0536381 0.0553745 0.0559004 0.0555501 0.054637 0.0534401 0.0521944 0.0510715 0.0501386 0.0492955 0.0482147 0.0463535 0.0431096 0.0381105 0.0314958 0.0239857
 0.00541223 0.00886659 0.0134877 0.019287 0.0261181 0.0335668 0.04093 0.0473966 0.0523482 0.0555551 0.0571426 0.0574217 0.0567417 0.0554272 0.0537665 0.0520057 0.0503339 0.0488471 0.0474878 0.0459837 0.0438525 0.0405407 0.0356931 0.0294198 0.0223677
 0.0056501 0.00925338 0.0140704 0.0201106 0.0272185 0.034959 0.0425943 0.0492711 0.0543346 0.0575342 0.0589928 0.0590324 0.0580202 0.0563002 0.0541754 0.0519023 0.0496796 0.0476213 0.0457055 0.0437173 0.041247 0.0378078 0.0330781 0.0271454 0.0205785
 0.00588469 0.00963958 0.0146605 0.0209558 0.0283587 0.0364068 0.0443191 0.0511954 0.056347 0.0595126 0.0608236 0.0606184 0.0592808 0.0571677 0.0545933 0.0518226 0.0490626 0.0464409 0.0439643 0.041471 0.0386254 0.0350181 0.0303736 0.0247671 0.0186908
 0.00614095 0.0100579 0.0152933 0.0218533 0.0295593 0.0379221 0.0461182 0.0531981 0.0584344 0.0615494 0.0626811 0.0621901 0.0604867 0.0579526 0.0549185 0.0516581 0.0483814 0.0452222 0.0422081 0.0392226 0.0360011 0.0322133 0.0276374 0.0223445 0.0167554
 0.00637654 0.0104469 0.01589 0.0227114 0.0307217 0.0394033 0.0478868 0.0551721 0.0604929 0.0635567 0.0645094 0.0637319 0.0616598 0.0586992 0.0552021 0.0514564 0.0476799 0.0440121 0.0404957 0.0370509 0.0334751 0.0295119 0.0249941 0.0199941 0.0148689
 0.00659782 0.0108093 0.0164406 0.0234966 0.0317787 0.0407472 0.0494958 0.0569805 0.0623984 0.0654378 0.0662441 0.0652116 0.0627973 0.0594314 0.0554886 0.0512747 0.0470193 0.0428714 0.0388887 0.0350227 0.0311239 0.0270005 0.022535 0.0178029 0.0131051
 0.00682791 0.0111841 0.0170056 0.0242943 0.03284 0.0420778 0.0510636 0.0587114 0.0641876 0.0671698 0.0678115 0.0665246 0.0637856 0.0600431 0.0556887 0.0510427 0.0463465 0.0417599 0.0373563 0.0331162 0.028936 0.0246796 0.0202717 0.01579 0.0114854
 0.00705249 0.0115539 0.0175707 0.0251028 0.0339273 0.0434497 0.0526797 0.0604817 0.0659875 0.0688667 0.0692894 0.0676974 0.0645983 0.0604669 0.0557126 0.0506669 0.0455766 0.040607 0.035843 0.0312893 0.0268816 0.0225307 0.0181963 0.013956 0.0100155
 0.00728473 0.0119348 0.0181497 0.0259273 0.0350322 0.0448412 0.0543189 0.0622789 0.067814 0.0705797 0.0707581 0.0688206 0.065313 0.060748 0.0555659 0.0501173 0.0446571 0.0393521 0.0342909 0.0294927 0.0249222 0.0205262 0.016291 0.0122915 0.00869193
 0.00744959 0.0122096 0.0185759 0.0265481 0.0358836 0.0459385 0.0556422 0.0637671 0.0693719 0.0720946 0.0721166 0.0699226 0.0660804 0.0611309 0.0555454 0.0497022 0.0438769 0.0382486 0.0329144 0.027905 0.0232049 0.0187857 0.0146507 0.0108683 0.00756645
 0.00750596 0.0123045 0.018726 0.0267735 0.0362077 0.0463851 0.0562302 0.0645041 0.0702473 0.0730751 0.0731452 0.0709221 0.0669633 0.0618119 0.0559541 0.0497924 0.0436307 0.0376762 0.0320506 0.026807 0.0219518 0.0174769 0.0133962 0.00976948 0.00669264
 0.00760393 0.0124498 0.0189191 0.0270073 0.0364714 0.0466707 0.0565379 0.0648428 0.0706316 0.0735192 0.0736549 0.0714868 0.0675502 0.0623666 0.0564076 0.0500743 0.0436834 0.0374663 0.0315763 0.0260996 0.0210738 0.0165151 0.0124487 0.00892648 0.00601629
 0.00764876 0.0125263 0.0190401 0.0271844 0.0367103 0.0469644 0.0568632 0.0651656 0.0709207 0.0737611 0.0738605 0.0716843 0.0677679 0.0626148 0.0566688 0.050304 0.0438218 0.0374556 0.0313777 0.0257066 0.0205167 0.0158563 0.0117687 0.00830365 0.00550754
 0.00769634 0.0125919 0.0191177 0.0272632 0.0367794 0.0470205 0.0569143 0.0652274 0.0710074 0.0738773 0.074 0.0718374 0.0679302 0.0627893 0.0568585 0.0505004 0.0439975 0.0375674 0.0313803 0.0255698 0.0202396 0.0154713 0.0113329 0.00788085 0.00514907
 0.00776992 0.0127066 0.0192803 0.0274742 0.0370307 0.047293 0.0571784 0.0654491 0.0711593 0.0739496 0.0740033 0.0717959 0.0678699 0.0627305 0.0568133 0.0504727 0.0439814 0.0375447 0.0313229 0.0254493 0.0200408 0.015202 0.0110237 0.00757444 0.00488416
 0.00782088 0.0127846 0.0193886 0.0276125 0.0371956 0.0474779 0.0573731 0.0656387 0.0713249 0.0740717 0.0740676 0.071799 0.0678216 0.0626503 0.0567233 0.05039 0.0439132 0.0374865 0.0312599 0.0253618 0.019913 0.0150309 0.010823 0.00736956 0.00470193
 0.0078545 0.0128394 0.019471 0.027728 0.0373462 0.04766 0.0575754 0.0658429 0.0715099 0.0742184 0.0741629 0.0718366 0.067802 0.0625804 0.0566164 0.0502634 0.0437834 0.0373639 0.0311455 0.0252483 0.0197902 0.0148933 0.0106742 0.00722219 0.00457158
 0.00787264 0.0128639 0.019499 0.0277546 0.0373671 0.0476745 0.0575886 0.0658643 0.0715486 0.0742782 0.0742396 0.0719194 0.0678769 0.0626355 0.0566443 0.0502632 0.0437596 0.0373239 0.0310952 0.0251896 0.0197218 0.0148135 0.0105853 0.00713162 0.00448916
 0.00788018 0.012874 0.0195102 0.0277635 0.0373692 0.047665 0.0575642 0.0658256 0.0715015 0.0742342 0.074213 0.0719215 0.0679117 0.0626968 0.0567187 0.0503355 0.0438178 0.0373617 0.0311117 0.0251865 0.0197012 0.0147779 0.0105387 0.00707995 0.0044397
 0.00788637 0.0128803 0.0195126 0.0277562 0.0373457 0.0476211 0.0575001 0.065746 0.071415 0.0741512 0.0741446 0.0718785 0.0679028 0.062726 0.0567831 0.0504248 0.0439172 0.037456 0.0311893 0.0252411 0.0197314 0.014786 0.0105294 0.00705978 0.0044155
 0.0079001 0.0128978 0.0195299 0.0277663 0.03734 0.047592 0.0574436 0.0656634 0.0713128 0.0740408 0.0740398 0.0717933 0.0678489 0.062711 0.056809 0.0504873 0.0440064 0.0375581 0.0312895 0.025327 0.0197956 0.0148263 0.0105484 0.00706298 0.00440955
 0.00787913 0.0128655 0.0194846 0.0277072 0.0372671 0.0475055 0.0573442 0.0655533 0.071197 0.0739273 0.0739394 0.0717179 0.0678092 0.0627139 0.0568564 0.0505755 0.0441266 0.0376975 0.031433 0.0254601 0.0199069 0.0149098 0.0106039 0.00709466 0.00442421
 0.00788392 0.012868 0.0194787 0.0276844 0.037219 0.0474282 0.0572407 0.0654336 0.0710743 0.0738138 0.0738435 0.0716448 0.0677625 0.0626972 0.056873 0.0506269 0.0442102 0.037806 0.0315554 0.0255831 0.0200181 0.0150002 0.0106696 0.00713703 0.00444806
 0.00787488 0.0128537 0.0194576 0.0276546 0.037178 0.0473722 0.0571661 0.0653385 0.0709616 0.0736924 0.0737274 0.071549 0.0676989 0.062672 0.0568869 0.0506769 0.0442913 0.0379114 0.0316759 0.0257077 0.0201351 0.0151 0.0107465 0.0071903 0.00448096
 0.007852 0.0128163 0.0194012 0.0275754 0.0370743 0.0472462 0.0570248 0.0651932 0.0708251 0.0735754 0.0736371 0.0714898 0.0676737 0.0626832 0.0569351 0.05076 0.044404 0.0380457 0.031822 0.0258547 0.0202722 0.015218 0.0108394 0.00725693 0.00452407
 0.00782694 0.0127739 0.0193342 0.0274767 0.0369384 0.0470729 0.0568218 0.064977 0.0706176 0.0733991 0.0735099 0.0714215 0.0676663 0.0627319 0.0570316 0.0508945 0.0445664 0.0382257 0.0320087 0.0260369 0.020439 0.0153604 0.010952 0.00733855 0.00457795
 0.00781198 0.0127463 0.0192867 0.0274004 0.0368249 0.0469177 0.0566276 0.0647551 0.0703868 0.0731826 0.0733305 0.0712986 0.0676118 0.0627491 0.0571151 0.0510325 0.0447439 0.0384267 0.0322181 0.0262408 0.0206252 0.0155194 0.0110781 0.00743066 0.00463945
 0.00776935 0.0126802 0.0191931 0.0272773 0.0366724 0.0467377 0.0564245 0.0645369 0.0701658 0.0729745 0.0731536 0.0711708 0.0675477 0.0627573 0.0571962 0.0511791 0.0449416 0.0386573 0.032462 0.0264796 0.0208433 0.0157051 0.0112251 0.0075381 0.00471141
 0.00771336 0.0125878 0.0190519 0.0270764 0.0364062 0.0464112 0.0560575 0.0641624 0.0698228 0.0726975 0.0729647 0.0710787 0.0675517 0.0628506 0.0573692 0.051419 0.0452323 0.0389792 0.0327934 0.0267988 0.0211313 0.0159481 0.0114158 0.00767647 0.00480363
 0.00767662 0.0125237 0.0189475 0.026917 0.0361789 0.0461105 0.0556913 0.0637543 0.0694097 0.0723224 0.0726682 0.070891 0.0674878 0.06291 0.0575384 0.0516768 0.0455544 0.0393401 0.0331675 0.0271616 0.0214608 0.0162276 0.0116361 0.00783693 0.00491087
 0.00767075 0.0125122 0.0189263 0.0268796 0.0361169 0.0460139 0.0555502 0.0635627 0.0691688 0.0720444 0.0723773 0.0706206 0.0672731 0.0627801 0.0575099 0.0517512 0.0457195 0.0395743 0.0334441 0.0274526 0.0217404 0.0164746 0.0118369 0.0079866 0.00501271
 0.00766444 0.0125047 0.0189196 0.026877 0.0361203 0.0460218 0.0555557 0.0635533 0.069129 0.071961 0.0722443 0.0704438 0.0670712 0.062582 0.0573483 0.0516538 0.0457021 0.0396376 0.033575 0.0276282 0.0219341 0.0166615 0.0119983 0.00811216 0.0051009
 0.00764931 0.0124831 0.0188929 0.0268486 0.0360953 0.0460057 0.0555525 0.0635636 0.0691487 0.0719799 0.072248 0.0704175 0.0670063 0.0624809 0.0572261 0.0515353 0.0456145 0.0396016 0.0335988 0.0277057 0.0220481 0.0167897 0.01212 0.00821311 0.00517506
 0.00760853 0.0124206 0.0188062 0.0267385 0.0359668 0.0458678 0.0554186 0.0634498 0.0690704 0.071947 0.0722606 0.0704656 0.0670719 0.062545 0.0572749 0.0515659 0.0456351 0.0396278 0.0336455 0.0277807 0.022148 0.0169024 0.0122298 0.00830683 0.00524567
 0.00758595 0.0123831 0.0187485 0.0266559 0.0358566 0.0457321 0.055266 0.0632956 0.0689336 0.0718457 0.0722074 0.0704644 0.0671177 0.0626247 0.0573713 0.0516629 0.045723 0.0397056 0.0337195 0.0278589 0.0222346 0.0169949 0.01232 0.00838551 0.0053066
 0.00757391 0.0123639 0.01872 0.0266161 0.0358034 0.0456636 0.0551814 0.0631966 0.0688254 0.0717378 0.0721127 0.0703964 0.0670867 0.0626346 0.0574181 0.0517361 0.0458094 0.0397943 0.0338049 0.0279404 0.022314 0.0170724 0.0123928 0.00844881 0.00535632
 0.0075789 0.0123702 0.0187262 0.0266195 0.0358008 0.045652 0.0551586 0.0631613 0.0687775 0.071678 0.0720437 0.0703237 0.0670191 0.0625825 0.0573901 0.0517361 0.0458354 0.0398396 0.0338612 0.0280012 0.0223752 0.0171316 0.0124475 0.0084962 0.0053939
 0.00755606 0.0123375 0.0186853 0.0265743 0.0357564 0.0456124 0.0551249 0.0631322 0.0687503 0.0716505 0.0720151 0.070295 0.0669926 0.0625619 0.0573803 0.0517418 0.0458596 0.0398819 0.0339176 0.0280656 0.0224413 0.0171941 0.0125028 0.00854186 0.00542871
 0.00752995 0.0122953 0.0186224 0.0264879 0.0356468 0.0454851 0.0549921 0.0630105 0.0686561 0.0715943 0.0719984 0.0703115 0.0670323 0.0626155 0.0574418 0.051809 0.0459325 0.0399609 0.0340019 0.0281521 0.0225253 0.0172708 0.012568 0.00859339 0.00546631
 0.00752576 0.0122859 0.0186034 0.0264535 0.0355911 0.0454048 0.0548882 0.0628903 0.0685325 0.071483 0.0719144 0.0702649 0.0670259 0.0626447 0.0574976 0.0518814 0.0460137 0.0400461 0.0340884 0.0282376 0.0226069 0.0173446 0.0126307 0.00864271 0.00550202
 0.00752064 0.012279 0.0185954 0.0264453 0.0355827 0.0453939 0.05487 0.0628585 0.0684821 0.0714139 0.0718331 0.0701834 0.0669582 0.0626022 0.0574857 0.0518989 0.0460547 0.0401028 0.0341537 0.0283058 0.0226735 0.0174059 0.0126834 0.00868466 0.00553266
 0.00751041 0.0122629 0.0185724 0.026415 0.0355461 0.0453531 0.0548287 0.0628203 0.0684491 0.0713854 0.071806 0.0701547 0.0669281 0.0625752 0.0574693 0.0519 0.0460766 0.0401441 0.0342092 0.0283689 0.0227376 0.0174654 0.0127345 0.00872509 0.00556199
 0.00749348 0.0122376 0.0185385 0.0263739 0.0354999 0.0453049 0.0547814 0.062777 0.0684128 0.0713587 0.0717898 0.070148 0.066928 0.062579 0.057476 0.0519114 0.0460962 0.040175 0.0342518 0.0284204 0.022793 0.0175191 0.0127817 0.00876283 0.00558946
 0.0074996 0.0122442 0.0185423 0.02637 0.0354838 0.0452743 0.0547383 0.0627274 0.0683646 0.0713183 0.0717609 0.0701308 0.0669209 0.0625792 0.057481 0.05192 0.0461086 0.0401929 0.0342769 0.0284529 0.0228308 0.0175584 0.0128183 0.00879337 0.00561234
 0.0074996 0.0122442 0.0185423 0.02637 0.0354838 0.0452743 0.0547383 0.0627274 0.0683646 0.0713183 0.0717609 0.0701308 0.0669209 0.0625792 0.057481 0.05192 0.0461086 0.0401929 0.0342769 0.0284529 0.0228308 0.0175584 0.0128183 0.00879337 0.00561234
 0.00713651 0.0116706 0.0177123 0.0252583 0.0340976 0.0436683 0.0530266 0.0610785 0.0669712 0.0703503 0.0713242 0.0702489 0.0675405 0.0635924 0.058754 0.0533189 0.0475191 0.0415288 0.0354809 0.0294914 0.0236885 0.0182339 0.0133218 0.00914532 0.00584087
 0.00695117 0.0113333 0.0171398 0.0243551 0.0327839 0.0419221 0.0509211 0.0587901 0.0647475 0.0684537 0.0699757 0.069591 0.0676209 0.064365 0.0600946 0.0550537 0.0494583 0.0434973 0.0373382 0.0311397 0.0250713 0.0193302 0.0141399 0.0097162 0.00621039
 0.00695298 0.0113265 0.017108 0.024267 0.0325884 0.0415477 0.0502863 0.057829 0.0634471 0.0668868 0.0683085 0.0680525 0.0664454 0.0637311 0.060084 0.0556402 0.0505259 0.0448754 0.0388426 0.032607 0.0263803 0.0204096 0.0149652 0.0103005 0.0065918
 0.00693335 0.0113077 0.0171027 0.0242921 0.0326556 0.0416498 0.0503841 0.0578484 0.0632911 0.0664634 0.0675687 0.0670251 0.0652516 0.0625649 0.0591608 0.0551331 0.0505151 0.0453328 0.0396516 0.0336049 0.0274048 0.0213338 0.0157141 0.0108509 0.00695966
 0.00687508 0.0112213 0.0169892 0.0241602 0.032522 0.0415369 0.0503155 0.057838 0.0633298 0.0665078 0.0675429 0.0668434 0.0648566 0.0619665 0.0584519 0.0544701 0.0500659 0.0452158 0.0398953 0.0341447 0.0281148 0.0220745 0.016374 0.0113677 0.00732018
#pred catch len freq
 0.00313158 0.00509017 0.00769322 0.0109899 0.0150248 0.01979 0.0251647 0.030904 0.0366889 0.0421903 0.0471174 0.0512554 0.054495 0.0568378 0.0583728 0.0592452 0.0596321 0.0597076 0.0595599 0.059057 0.0577385 0.054878 0.0498066 0.042377 0.0332521
 0.00338297 0.00543488 0.00809603 0.0113843 0.0153392 0.0199844 0.0252531 0.0309437 0.0367401 0.042274 0.0472026 0.0512847 0.0544311 0.0566994 0.0582372 0.0592144 0.0597776 0.0600206 0.0599332 0.0593147 0.0577078 0.0544714 0.0490671 0.0414587 0.0323469
 0.00347576 0.00562242 0.00844075 0.011953 0.0161701 0.0210464 0.0264242 0.032038 0.0375793 0.0427619 0.047351 0.051177 0.0541587 0.0563243 0.0577982 0.058754 0.0593513 0.0596716 0.0596522 0.059023 0.0572881 0.0538347 0.048213 0.0404859 0.0314053
 0.00363452 0.00586341 0.00877717 0.0124002 0.0167594 0.0218343 0.0274798 0.0333989 0.039194 0.0444601 0.0488771 0.0522819 0.0546962 0.0562899 0.0572982 0.05794 0.0583659 0.0586205 0.0585914 0.0579549 0.0561759 0.0526425 0.0469521 0.0392336 0.0302779
 0.00383786 0.00618738 0.00925167 0.0130471 0.0175884 0.0228391 0.0286396 0.0346873 0.04059 0.0459443 0.0504032 0.0537408 0.0559103 0.0570606 0.0574836 0.0575121 0.0574103 0.0572868 0.0570307 0.0562782 0.0544487 0.0509086 0.0452681 0.0376847 0.0289606
 0.00404301 0.00652141 0.00975625 0.0137636 0.0185525 0.0240702 0.0301266 0.0363788 0.042397 0.0477572 0.0521147 0.0552594 0.0571551 0.0579434 0.0579009 0.0573659 0.0566508 0.0559445 0.0552138 0.0541394 0.0521475 0.0485939 0.0430785 0.0357478 0.0273778
 0.00430044 0.00692869 0.0103502 0.0145762 0.0196116 0.0253978 0.0317299 0.0382363 0.0444464 0.049891 0.0541899 0.0571197 0.0586588 0.0589816 0.0583981 0.0572675 0.0559187 0.054571 0.0532463 0.051695 0.0494061 0.045773 0.0404004 0.0334051 0.0255
 0.00456973 0.00735643 0.0109762 0.0154334 0.0207242 0.0267766 0.0333653 0.0400921 0.0464598 0.0519765 0.056243 0.0590197 0.0602746 0.0601846 0.0590763 0.0573365 0.0553247 0.053295 0.0513156 0.0492017 0.0465199 0.0427315 0.0374715 0.0308312 0.0234438
 0.00483584 0.00778649 0.0116195 0.0163363 0.0219241 0.0282913 0.035179 0.042147 0.0486587 0.0541976 0.0583574 0.0609061 0.0618267 0.0613108 0.0596963 0.0573785 0.0547285 0.0520229 0.049372 0.0466575 0.0435317 0.0395398 0.0343655 0.0280845 0.0212457
 0.00512084 0.00824448 0.0123005 0.0172877 0.0231872 0.029893 0.0371169 0.0443747 0.0510788 0.0566674 0.0607071 0.0629654 0.0634516 0.0624004 0.0601919 0.0572493 0.0539553 0.0505936 0.0472957 0.0439947 0.0404242 0.0362199 0.0311258 0.0252113 0.0189425
 0.00540588 0.00870028 0.0129737 0.0182204 0.0244141 0.0314349 0.0389692 0.0464964 0.0533883 0.059046 0.0630085 0.06503 0.0651258 0.0635562 0.0607412 0.0571455 0.0531845 0.0491634 0.0452361 0.0413754 0.0373825 0.0329744 0.0279552 0.0223933 0.016679
 0.00562888 0.00906574 0.0135303 0.0190187 0.0255005 0.0328405 0.0406947 0.0485004 0.0555857 0.061316 0.0652083 0.0670109 0.066748 0.0647019 0.0613223 0.0571059 0.0524986 0.0478341 0.043297 0.0389028 0.0345137 0.0299178 0.024971 0.0197402 0.0145461
 0.00580865 0.00935423 0.0139592 0.0196192 0.0263038 0.0338742 0.0419752 0.0500216 0.0573094 0.063168 0.0670815 0.0687768 0.068274 0.0658672 0.0620286 0.0572819 0.0520999 0.0468446 0.0417347 0.0368322 0.0320599 0.0272712 0.0223682 0.0174153 0.0126706
 0.00603346 0.00971465 0.0144926 0.020358 0.027271 0.0350758 0.0433912 0.0516017 0.0589778 0.0648348 0.0686543 0.070168 0.0694034 0.0666643 0.0624341 0.0572485 0.0515938 0.0458489 0.0402584 0.0349249 0.0298272 0.0248794 0.0200256 0.0153283 0.01099
 0.00621527 0.010016 0.0149572 0.0210319 0.0281941 0.036269 0.0448402 0.0532475 0.0607198 0.0665465 0.0702058 0.0714468 0.0703305 0.0671978 0.0625617 0.0569734 0.0509227 0.0447888 0.0388247 0.0331585 0.0278129 0.0227537 0.017962 0.0135001 0.00952298
 0.00636612 0.010262 0.0153306 0.0215668 0.0289251 0.037225 0.0460329 0.0546581 0.0622886 0.0681713 0.0717527 0.0727734 0.0713147 0.0677609 0.0626767 0.0566553 0.0502099 0.0437256 0.037456 0.0315377 0.0260178 0.0208967 0.0161829 0.0119372 0.00827586
 0.00652648 0.0105034 0.0156595 0.021981 0.0294212 0.0378071 0.0467169 0.0554652 0.0632305 0.0692329 0.0728812 0.0738794 0.0722858 0.0684853 0.0630668 0.0566638 0.049832 0.0429906 0.0364149 0.0302565 0.0245795 0.0194046 0.0147544 0.0106841 0.00727717
 0.00667936 0.0107333 0.0159701 0.0223622 0.0298507 0.0382561 0.0471566 0.055876 0.0636111 0.0696052 0.0732824 0.0743405 0.0728065 0.0690206 0.0635338 0.0569661 0.0498884 0.0427557 0.0358864 0.0294723 0.0236105 0.0183452 0.0137103 0.00975308 0.00652783
 0.0068378 0.0109818 0.0163267 0.0228358 0.0304376 0.0389352 0.0478856 0.0565925 0.0642442 0.0700948 0.0735989 0.0744936 0.0728379 0.068982 0.06346 0.0568567 0.0497088 0.0424558 0.0354265 0.0288436 0.0228432 0.0175039 0.0128779 0.00900955 0.00592956
 0.00686231 0.0110305 0.0164167 0.0229899 0.0306797 0.0392835 0.0483433 0.0571412 0.0648424 0.0706832 0.0741113 0.0748735 0.0730551 0.0690404 0.0633908 0.0566994 0.0494897 0.0421766 0.0350704 0.028394 0.022303 0.0169047 0.0122741 0.00846134 0.00548303
 0.00688167 0.0110556 0.016444 0.0230149 0.0307027 0.0393154 0.0484086 0.0572727 0.0650677 0.0710093 0.0745153 0.0753054 0.0734521 0.0693461 0.0635719 0.0567505 0.0494261 0.0420197 0.0348355 0.0280884 0.0219348 0.0164932 0.0118536 0.00807304 0.00516174
 0.00687736 0.0110525 0.0164461 0.023027 0.0307281 0.0393529 0.0484526 0.0573176 0.0651161 0.0710759 0.0746233 0.0754729 0.0736777 0.0696034 0.0638168 0.0569381 0.0495256 0.0420203 0.0347424 0.0279153 0.0216991 0.0162172 0.0115649 0.0078022 0.0049345
 0.00686311 0.0110306 0.0164156 0.0229891 0.0306861 0.039313 0.0484231 0.0573065 0.0651281 0.0711116 0.074681 0.0755535 0.0737858 0.0697431 0.0639831 0.0571123 0.0496785 0.0421224 0.0347739 0.0278708 0.0215875 0.0160573 0.011382 0.00762239 0.00477943
