SBPRF35
9.30237
Curr Bio
591576
B35
737401
F35
0.195509
FOFL
0.16766
OFL
85463.8
Bzero
2.65782e+006
#pred survey bio
 4.48717e+006 4.27626e+006 4.07209e+006 3.8086e+006 3.49798e+006 3.16825e+006 2.83679e+006 2.53139e+006 2.23686e+006 1.96246e+006 1.75141e+006 1.51444e+006 1.33283e+006 1.16504e+006 1.05454e+006 947588 849454 761190 704600 668990 639034 612232 598097 576393 558439 544016 539153 536056 534055 531437 527258 530452 531505 520312 520952 516755 510570 504245 509039 523395 530572 546133 551616 555216 555623 568726 572578 582268 588228 594292 596238 568178 604715 596703 2.24823e+007 1.33853e+007 1.35248e+007 1.41854e+007 1.51687e+007 1.62454e+007 1.72613e+007 1.81387e+007 1.88542e+007 1.94158e+007 1.9845e+007 2.01675e+007 2.0407e+007 2.0584e+007 2.07143e+007 2.08103e+007 2.08813e+007 2.09338e+007 2.0973e+007 2.10024e+007 2.10244e+007 2.10412e+007 2.10539e+007 2.10637e+007 2.10712e+007 2.10769e+007 2.10814e+007 2.10849e+007 2.10876e+007 2.10897e+007 2.10913e+007 2.10926e+007 2.10936e+007 2.10944e+007 2.1095e+007 2.10955e+007 2.10959e+007 2.10962e+007 2.10965e+007 2.10966e+007 2.10968e+007 2.10969e+007 2.1097e+007 2.10971e+007 2.10971e+007 2.10972e+007 2.10972e+007 2.10973e+007 2.10973e+007 2.10973e+007 2.10973e+007 2.10973e+007 2.10973e+007 2.10973e+007 2.10973e+007 2.10974e+007 2.10974e+007 2.10974e+007 2.10974e+007 2.10974e+007 2.10974e+007 2.10974e+007 2.10974e+007 2.10974e+007 2.10974e+007 2.10974e+007 2.10974e+007 2.10974e+007 2.10974e+007 2.10974e+007 2.10974e+007 2.10974e+007 2.10974e+007 2.10974e+007 2.10974e+007 2.10974e+007 2.10974e+007 2.10974e+007 2.10974e+007 2.10974e+007 2.10974e+007 2.10974e+007 2.10974e+007 2.10974e+007 2.10974e+007 2.10974e+007 2.10974e+007 2.10974e+007 2.10974e+007 2.10974e+007 2.10974e+007 2.10974e+007 2.10974e+007 2.10974e+007 2.10974e+007 2.10974e+007 2.10974e+007 2.10974e+007 2.10974e+007 2.10974e+007 0 0 0 0 0 0 0 0 0 0 0 0 0 0 0 0 0 0 0 0 0 0 0 0 0
#obs survey bio
 3.59153e+006 4.69884e+006 2.68375e+006 3.50696e+006 3.73459e+006 2.24089e+006 2.63474e+006 2.12366e+006 2.10287e+006 1.47171e+006 2.22458e+006 867578 1.28682e+006 1.30781e+006 1.16211e+006 1.07537e+006 774828 683783 691689 528172 468809 519782 589435 568981 617701 512907 277125 399217 511601 444033 419977 384093 478732 346347 512394 753749 534792 491478 545816 639945 509823 661366 704205 380903 480211 592248 474942 676748 454289 714427 523212 666490 411286 808042
#pred catch bio
 90081.5 89293.5 154436 215424 256202 284763 288918 305640 311308 273922 311274 271707 265333 218472 216478 206822 194309 163117 142193 134682 129128 116116 120278 114427 109269 100557 99778.1 99348.8 99497.2 99749.1 92507.2 93298.3 101616 88940.7 89822.2 89319.9 90135.5 82949.9 77074.9 84324.6 78042.2 86945.1 88482.9 91592.2 81950.9 90776.6 86516.5 90412.5 90854 94742.8 119551 66423.1 104673 56759.6 85463.8 97419.5 97125.6 100507 106874 114164 121033 126867 131504 135025 137610 139459 140758 141656 142269 142685 142964 143150 143274 143356 143410 143446 143469 143484 143494 143501 143505 143508 143510 143511 143512 143512 143513 143513 143513 143513 143513 143513 143513 143513 143513 143513 143513 143513 143513 143513 143513 143513 143513 143513 143513 143513 143513 143513 143513 143513 143513 143513 143513 143513 143513 143513 143513 143513 143513 143513 143513 143513 143513 143513 143513 143513 143513 143513 143513 143513 143513 143513 143513 143513 143513 143513 143513 143513 143513 143513 143513 143513 143513 143513 143513 143513 143513 143513 143513 143513 143513 143513 143513 143513 0 0 0 0 0 0 0 0 0 0 0 0 0 0 0 0 0 0 0 0 0 0 0 0 0
#obs catch bio
 0 88949 154882 216300 256756 286188 290850 308856 315902 278946 318534 278152 272344 222817 221265 210796 197576 165971 144367 136893 131618 117568 122514 116166 110796 101469 101809 101633 101804 101962 94368.8 94983.1 103832 91115.8 91691.5 90492.7 91008.9 83250.8 76850.8 84367.8 77756.8 86933.8 87897.3 91663.2 81974 90854.2 86523.3 90172.7 90895 94199.9 120174 65799.7 106011 56470.6
#pred cpue bio
 4.42315e+006 4.21582e+006 4.01477e+006 3.75297e+006 3.44383e+006 3.11561e+006 2.78544e+006 2.48117e+006 2.18797e+006 1.91502e+006 1.70519e+006 1.4706e+006 1.29084e+006 1.12519e+006 1.01607e+006 910951 814923 728799 673719 639224 610276 584418 570829 549912 532683 518802 513861 510488 508480 506167 502389 505780 507118 496571 497814 494588 488583 481503 485507 499485 506704 521978 527471 530973 531143 543756 547515 556952 562743 568634 570484 542874 578126 570983 2.15975e+007 1.28848e+007 1.2912e+007 1.34334e+007 1.4365e+007 1.54289e+007 1.64421e+007 1.7319e+007 1.80345e+007 1.8596e+007 1.90253e+007 1.93477e+007 1.95873e+007 1.97642e+007 1.98946e+007 1.99906e+007 2.00615e+007 2.01141e+007 2.01533e+007 2.01826e+007 2.02047e+007 2.02215e+007 2.02342e+007 2.02439e+007 2.02514e+007 2.02572e+007 2.02617e+007 2.02651e+007 2.02678e+007 2.02699e+007 2.02716e+007 2.02729e+007 2.02739e+007 2.02747e+007 2.02753e+007 2.02758e+007 2.02762e+007 2.02765e+007 2.02767e+007 2.02769e+007 2.02771e+007 2.02772e+007 2.02773e+007 2.02774e+007 2.02774e+007 2.02775e+007 2.02775e+007 2.02775e+007 2.02776e+007 2.02776e+007 2.02776e+007 2.02776e+007 2.02776e+007 2.02776e+007 2.02776e+007 2.02776e+007 2.02776e+007 2.02776e+007 2.02776e+007 2.02776e+007 2.02776e+007 2.02776e+007 2.02776e+007 2.02776e+007 2.02776e+007 2.02776e+007 2.02776e+007 2.02776e+007 2.02776e+007 2.02776e+007 2.02776e+007 2.02776e+007 2.02776e+007 2.02776e+007 2.02776e+007 2.02776e+007 2.02776e+007 2.02776e+007 2.02776e+007 2.02776e+007 2.02776e+007 2.02776e+007 2.02776e+007 2.02776e+007 2.02776e+007 2.02776e+007 2.02776e+007 2.02776e+007 2.02776e+007 2.02776e+007 2.02776e+007 2.02776e+007 2.02776e+007 2.02776e+007 2.02776e+007 2.02776e+007 2.02776e+007 2.02776e+007 2.02776e+007 2.02776e+007 0 0 0 0 0 0 0 0 0 0 0 0 0 0 0 0 0 0 0 0 0 0 0 0 0
#obs cpue bio
 4.08798e+006 3.66585e+006 4.59534e+006 3.1175e+006 4.52904e+006 2.94968e+006 2.06989e+006 2.09268e+006 1.62768e+006 1.06043e+006 1.40767e+006 1.44046e+006 1.06401e+006 810466 735594 749568 845760 520986 550563 601860 551071 695009 365397 503896 415161 559893 370908 413267 375431 485534 432072 603884 426617 298839 532269 463833 556008 647343 687918 379145 621795 386174 692886 484116 504675 627836 602425 669986 541813 738952 494836 552862 481073 619102
#pred surv len freq
 0.00521618 0.0083941 0.0124938 0.0174524 0.0231309 0.0292502 0.0353553 0.0409103 0.0454965 0.0489539 0.0513662 0.0529436 0.0539119 0.0544562 0.0547018 0.0547143 0.0545112 0.0540696 0.0533035 0.0520068 0.0498105 0.0462492 0.040984 0.0340945 0.026223
 0.00540334 0.00860856 0.0126557 0.0174452 0.0228491 0.0286655 0.0345583 0.0400906 0.0448607 0.0486292 0.0513499 0.0531249 0.0541453 0.054639 0.0548161 0.0548211 0.0547054 0.0544201 0.0538059 0.0525731 0.050305 0.0465517 0.0410463 0.0339549 0.0259753
 0.00565094 0.00899988 0.0132171 0.0181762 0.0237033 0.0295345 0.0352776 0.0404851 0.0448218 0.0481797 0.050644 0.0523718 0.0535063 0.0541682 0.0544784 0.0545576 0.0544908 0.0542711 0.0537468 0.0525923 0.0503418 0.0465248 0.0409017 0.0336974 0.0256608
 0.00584682 0.00932489 0.0137185 0.0189018 0.0246898 0.0307866 0.0367419 0.0420327 0.0462559 0.0492781 0.0512278 0.0523725 0.0529919 0.0533066 0.0534586 0.0535197 0.0535046 0.053359 0.0529131 0.0518338 0.049643 0.0458601 0.0402539 0.033076 0.0251022
 0.00613525 0.00977215 0.0143529 0.0197397 0.0257389 0.0320486 0.0382077 0.0436689 0.047988 0.0509779 0.0527171 0.0534519 0.0534954 0.0531604 0.0527092 0.0523126 0.0520244 0.0517684 0.0513229 0.0503052 0.0482061 0.0445336 0.0390591 0.0320424 0.0242612
 0.00648704 0.0103251 0.0151494 0.0208057 0.027079 0.0336411 0.0399988 0.0455753 0.0499094 0.0528136 0.0543694 0.0548164 0.0544505 0.053578 0.0524921 0.0514382 0.0505652 0.0498741 0.0491743 0.0480703 0.0460192 0.0424974 0.0372547 0.0305327 0.0230832
 0.00684047 0.0108885 0.0159764 0.0219388 0.0285419 0.0354269 0.0420567 0.0478055 0.052176 0.0549694 0.0562817 0.0563786 0.0555781 0.0541958 0.0525271 0.0508302 0.0492949 0.0479912 0.0468056 0.0454006 0.043257 0.0398432 0.0348778 0.0285543 0.021563
 0.00718854 0.0114392 0.0167776 0.0230271 0.0299389 0.0371327 0.0440396 0.049994 0.0544613 0.0572182 0.0583535 0.0581415 0.0569199 0.0550282 0.0527822 0.050456 0.0482583 0.046296 0.044517 0.0426607 0.0402771 0.0368718 0.0321546 0.0262638 0.019802
 0.00755656 0.0120226 0.0176282 0.0241834 0.0314209 0.0389326 0.0461115 0.0522505 0.0567831 0.0594742 0.0604179 0.0599021 0.0582789 0.0559016 0.0530999 0.050162 0.0473137 0.044689 0.042283 0.0399061 0.0371915 0.0337115 0.0291956 0.0237384 0.0178452
 0.00787218 0.0125339 0.0183944 0.0252585 0.0328432 0.0407091 0.0482011 0.0545573 0.0591698 0.0617878 0.0625154 0.0616653 0.0596179 0.0567502 0.0534083 0.0498893 0.046427 0.0431707 0.0401512 0.0372409 0.0341563 0.0305487 0.0261865 0.0211359 0.0158091
 0.00808015 0.0128685 0.0188928 0.0259565 0.0337732 0.0418944 0.0496458 0.0562362 0.0610231 0.0637227 0.0644152 0.0634034 0.0610734 0.0578208 0.0540149 0.0499741 0.0459478 0.0421023 0.0384978 0.0350601 0.0315811 0.0277912 0.023506 0.0187781 0.0139403
 0.00846428 0.0134705 0.0197567 0.0271076 0.0352142 0.0435996 0.0515553 0.0582556 0.0630366 0.0656144 0.0660859 0.0647755 0.0620872 0.0584286 0.0541783 0.0496624 0.0451382 0.040782 0.0366752 0.0327851 0.0289686 0.0250293 0.0208327 0.0164255 0.0120704
 0.00872026 0.0138844 0.0203753 0.0279722 0.0363524 0.0450125 0.0532035 0.0600559 0.0648731 0.0673622 0.0676337 0.0660384 0.0630087 0.0589752 0.05433 0.0494044 0.0444563 0.0396657 0.0351284 0.0308463 0.0267312 0.0226507 0.0185161 0.0143736 0.0104294
 0.0090747 0.0144336 0.0211519 0.0289904 0.0376082 0.0464843 0.0548482 0.0618036 0.0666282 0.0690129 0.0690676 0.0671592 0.0637488 0.0593011 0.0542387 0.0489114 0.0435826 0.0384305 0.0335537 0.0289725 0.0246383 0.0204691 0.016415 0.0125231 0.00895256
 0.00919846 0.0146439 0.021485 0.0294852 0.0382968 0.0473793 0.0559307 0.0630217 0.0679085 0.0702773 0.0702442 0.0681838 0.0645617 0.0598477 0.0544746 0.048809 0.0431327 0.03764 0.0324445 0.0275862 0.0230472 0.018783 0.0147729 0.0110649 0.00778081
 0.00930766 0.014828 0.0217748 0.0299145 0.0388972 0.0481695 0.0569047 0.0641419 0.0691069 0.0714667 0.0713338 0.0690939 0.0652345 0.0602489 0.0545885 0.0486312 0.0426656 0.036893 0.0314377 0.0263582 0.0216623 0.0173351 0.0133767 0.00983324 0.00679533
 0.00947794 0.0150921 0.0221492 0.0304076 0.0395105 0.0488987 0.0577377 0.065055 0.0700623 0.0724126 0.0722082 0.0698322 0.0657784 0.0605555 0.0546355 0.0484156 0.042198 0.0361921 0.0305294 0.0252798 0.02047 0.0161069 0.0122056 0.00880881 0.00598057
 0.00967432 0.0154009 0.0225937 0.0310009 0.0402515 0.0497673 0.0586915 0.066031 0.070989 0.0732259 0.0728629 0.0703025 0.0660513 0.0606241 0.0544965 0.0480707 0.0416561 0.0354703 0.0296531 0.0242849 0.0194062 0.0150386 0.0112065 0.0079475 0.00530296
 0.00979772 0.0155841 0.0228377 0.0312975 0.0405884 0.0501356 0.059089 0.0664599 0.0714477 0.0737022 0.0733322 0.0707322 0.0664074 0.0608767 0.0546214 0.0480494 0.0414767 0.0351295 0.0291598 0.0236629 0.0186958 0.014295 0.0104929 0.00732232 0.00480605
 0.00985991 0.015676 0.0229589 0.0314409 0.0407421 0.0502863 0.0592263 0.0665803 0.0715582 0.0738199 0.0734791 0.0709243 0.0666447 0.0611387 0.0548714 0.0482442 0.0415763 0.0351048 0.0289977 0.0233692 0.0182962 0.013833 0.0100217 0.00689338 0.00445668
 0.00989176 0.0157289 0.0230401 0.0315567 0.040895 0.0504713 0.0594286 0.066777 0.0717248 0.0739402 0.0735522 0.0709648 0.0666762 0.061182 0.0549341 0.0483156 0.0416303 0.0351089 0.0289241 0.0232046 0.018047 0.0135249 0.00969355 0.00658601 0.00420152
 0.0100148 0.0159059 0.0232638 0.0318068 0.0411446 0.0506972 0.0596188 0.0669296 0.071842 0.0740214 0.073592 0.0709585 0.0666256 0.0610989 0.0548368 0.0482201 0.041542 0.0350195 0.0288158 0.0230598 0.0178583 0.0133003 0.00945465 0.00636034 0.00401237
 0.00996679 0.0158439 0.0231995 0.031759 0.0411318 0.0507273 0.0596829 0.0670057 0.0719074 0.0740653 0.0736198 0.070985 0.0666636 0.0611527 0.0549026 0.0482906 0.0416095 0.0350752 0.0288486 0.0230577 0.0178134 0.0132143 0.00934012 0.00623713 0.00390018
 0.00998767 0.0158765 0.0232467 0.0318239 0.041219 0.0508427 0.0598317 0.0671871 0.0721088 0.0742607 0.073776 0.0710736 0.0666733 0.0610919 0.0547936 0.0481588 0.0414745 0.0349476 0.02873 0.0229442 0.0176993 0.0130968 0.0092223 0.00612683 0.0038065
 0.0100846 0.0160126 0.0234118 0.0319957 0.0413695 0.0509503 0.0598893 0.0672045 0.0721064 0.0742595 0.073788 0.071097 0.0666941 0.0610919 0.0547601 0.0480902 0.0413796 0.0348396 0.0286202 0.0228383 0.0175986 0.0130008 0.00913212 0.00604592 0.00373927
 0.0104042 0.0164725 0.0239929 0.0326402 0.0419951 0.0514741 0.0602496 0.067371 0.0720805 0.0740705 0.0734847 0.0707358 0.0663242 0.0607448 0.0544467 0.0478077 0.041121 0.0346008 0.0284022 0.0226444 0.0174311 0.0128603 0.00901755 0.00595589 0.00367214
 0.0105173 0.0166652 0.0242965 0.0330821 0.0425836 0.0521796 0.0609935 0.0680366 0.0725484 0.074261 0.0733856 0.0703984 0.0658368 0.0601993 0.0539141 0.0473288 0.0407097 0.0342545 0.028112 0.0224021 0.0172315 0.0126999 0.008893 0.00586342 0.00360717
 0.0103765 0.0164788 0.0240957 0.0329247 0.042542 0.0523172 0.061341 0.0685766 0.0732132 0.0749448 0.0739688 0.0707819 0.0659714 0.060097 0.0536359 0.0469556 0.0403143 0.0338857 0.0277931 0.0221388 0.0170206 0.0125356 0.0087694 0.00577452 0.00354677
 0.0102388 0.0162639 0.0237911 0.0325317 0.0420824 0.0518408 0.060927 0.0683211 0.0731998 0.0752096 0.0744791 0.0714407 0.0666492 0.060674 0.0540365 0.0471627 0.0403591 0.0338236 0.0276795 0.0220139 0.0169067 0.0124414 0.00869646 0.00572105 0.00350983
 0.0101742 0.0161577 0.0236292 0.0323004 0.0417722 0.0514528 0.0604807 0.0678601 0.072791 0.0749319 0.0744023 0.0716008 0.0670291 0.0612036 0.0546134 0.0476866 0.0407627 0.0340854 0.0278168 0.0220636 0.0169066 0.0124198 0.00866989 0.00569735 0.00349168
 0.0101335 0.016095 0.0235409 0.0321841 0.0416258 0.0512729 0.0602637 0.0676057 0.072508 0.0746441 0.0741503 0.0714361 0.0669999 0.0613345 0.0548914 0.0480608 0.041161 0.0344405 0.0280869 0.0222391 0.0170025 0.0124614 0.00868113 0.00569509 0.00348547
 0.0100453 0.0159543 0.0233346 0.0319035 0.0412697 0.0508522 0.0598042 0.0671462 0.0720923 0.0743101 0.0739243 0.0713335 0.06703 0.0615029 0.0551951 0.0484801 0.0416547 0.0349517 0.0285578 0.0226275 0.017291 0.0126557 0.00880049 0.00576246 0.00352052
 0.00991229 0.0157577 0.0230749 0.031593 0.0409274 0.0504968 0.0594498 0.0668036 0.0717742 0.0740348 0.0737145 0.0712121 0.067014 0.0616005 0.0554055 0.048793 0.0420489 0.0353936 0.0290044 0.0230355 0.0176281 0.0129076 0.00897107 0.00586742 0.00357937
 0.00966338 0.015405 0.0226406 0.0311304 0.0405065 0.0501793 0.0592686 0.066756 0.0718292 0.0741478 0.0738425 0.0713255 0.0671039 0.0616775 0.0554928 0.0489149 0.0422213 0.035617 0.0292635 0.0233034 0.0178751 0.0131111 0.00912092 0.00596618 0.00363771
 0.00938386 0.0149562 0.0219793 0.0302302 0.039375 0.048878 0.057924 0.0655444 0.0709298 0.0736842 0.0738455 0.0717355 0.0678064 0.0625478 0.0564275 0.0498453 0.0431087 0.0364418 0.0300121 0.0239619 0.0184289 0.0135499 0.00944431 0.00618562 0.00377379
 0.00995705 0.0157295 0.0228492 0.0310006 0.0398097 0.0487873 0.0572402 0.0643479 0.0694197 0.0721172 0.0724688 0.0707322 0.0672624 0.0624483 0.056683 0.0503339 0.0437155 0.0370801 0.0306261 0.024518 0.0189064 0.0139366 0.00973663 0.00638961 0.00390395
 0.0105477 0.0166495 0.0241499 0.0326789 0.0417812 0.0508625 0.059123 0.0656855 0.0699096 0.0716271 0.0710988 0.0687788 0.0651069 0.0604321 0.0550272 0.0491203 0.0429176 0.036613 0.0303921 0.0244327 0.0189071 0.0139797 0.00979309 0.00644185 0.0039437
 0.0104792 0.0166279 0.0242827 0.0331192 0.0426845 0.0523161 0.0610789 0.0679338 0.0721101 0.0733902 0.0720914 0.0688217 0.0642293 0.0588584 0.0530951 0.0471692 0.0411975 0.0352484 0.0293979 0.0237575 0.0184757 0.0137195 0.00964575 0.00636416 0.00390598
 0.0102371 0.0162553 0.0237673 0.0324811 0.0419923 0.0516989 0.0607205 0.0680306 0.0727931 0.0746432 0.0737167 0.0704854 0.0655735 0.0596259 0.0532096 0.0467372 0.0404403 0.0344055 0.0286491 0.0231916 0.0181023 0.0135026 0.00953531 0.00631617 0.00388951
 0.0100561 0.0159594 0.02332 0.0318506 0.0411633 0.0506913 0.0596097 0.0669583 0.0719532 0.0742388 0.0738943 0.0712696 0.0668339 0.0611036 0.0546022 0.0478058 0.0410832 0.0346643 0.028655 0.0230899 0.0179973 0.0134408 0.00951933 0.00632851 0.00391145
 0.0100687 0.0159662 0.023304 0.0317843 0.0410113 0.0504179 0.0591899 0.0663906 0.0712739 0.0735317 0.0732873 0.0709084 0.0668336 0.0614961 0.0553084 0.0486562 0.0418828 0.0352685 0.0290136 0.0232406 0.0180217 0.0134168 0.00949432 0.00631861 0.00391426
 0.00989915 0.0157186 0.0229828 0.0314097 0.0406113 0.0500152 0.058793 0.0659943 0.0708688 0.0731184 0.0728897 0.0705805 0.0666537 0.0615442 0.0556309 0.0492346 0.0426269 0.0360453 0.0296979 0.0237586 0.0183641 0.0136196 0.00960741 0.00638255 0.00395284
 0.00999193 0.0158368 0.0231012 0.0314873 0.040605 0.0499004 0.0585772 0.0657131 0.0705661 0.0728234 0.0726084 0.0703066 0.0663904 0.0613203 0.0554982 0.0492447 0.0428015 0.0363574 0.0300792 0.024129 0.018664 0.013827 0.00973262 0.00645058 0.00398778
 0.0101003 0.0160056 0.0233393 0.0317929 0.0409596 0.0502649 0.0588925 0.065913 0.0705992 0.072675 0.0723055 0.0699037 0.065946 0.0608829 0.0551064 0.0489336 0.0426019 0.0362846 0.0301218 0.0242485 0.0188103 0.0139583 0.00982767 0.00650832 0.00401803
 0.0100878 0.0160056 0.0233765 0.0319019 0.0411749 0.0506038 0.0593405 0.0664181 0.0710814 0.0730467 0.072496 0.0698795 0.0657184 0.0605012 0.0546405 0.0484552 0.0421716 0.0359449 0.0298923 0.0241246 0.0187673 0.0139624 0.0098491 0.00652872 0.00403095
 0.00998395 0.0158388 0.0231317 0.0315721 0.0407697 0.0501582 0.0589184 0.0661014 0.0709434 0.0731217 0.0727618 0.0702646 0.0661306 0.0608604 0.0549022 0.0486155 0.0422569 0.0359943 0.0299409 0.0241923 0.0188561 0.0140608 0.00994096 0.00660191 0.00408126
 0.0099825 0.0158362 0.0231264 0.0315606 0.0407451 0.0501102 0.0588362 0.0659812 0.0707976 0.0729818 0.0726704 0.0702564 0.0662128 0.0610068 0.0550648 0.0487475 0.0423326 0.0360156 0.0299294 0.0241749 0.0188514 0.0140743 0.00996722 0.00663143 0.00410637
 0.00995549 0.0157902 0.0230537 0.0314534 0.0405985 0.0499253 0.0586226 0.0657561 0.0705817 0.0727954 0.0725326 0.0701856 0.0662257 0.0611105 0.0552491 0.0489826 0.0425783 0.0362364 0.0301063 0.0243073 0.0189501 0.014151 0.0100291 0.0066805 0.00414255
 0.00992356 0.0157465 0.0230028 0.0314035 0.0405573 0.0498955 0.0585982 0.0657246 0.0705302 0.0727182 0.0724345 0.0700815 0.0661359 0.061056 0.0552453 0.0490343 0.0426765 0.0363608 0.0302333 0.0244192 0.0190391 0.0142182 0.010079 0.00671727 0.00416881
 0.00992879 0.0157482 0.0229933 0.0313728 0.0404976 0.0498061 0.0584893 0.0656144 0.0704367 0.0726507 0.0723909 0.0700526 0.066114 0.0610406 0.0552439 0.0490574 0.0427307 0.0364443 0.0303356 0.0245252 0.0191355 0.014297 0.0101384 0.00675926 0.00419687
 0.0100192 0.0158814 0.0231676 0.0315764 0.0407098 0.0500018 0.0586431 0.0657054 0.0704538 0.0725954 0.072277 0.0698999 0.0659417 0.0608633 0.0550724 0.0489018 0.0426012 0.0363488 0.0302766 0.0244984 0.0191314 0.0143053 0.0101509 0.00677123 0.0042063
 0.0103151 0.0163489 0.0238437 0.0324806 0.0418334 0.051295 0.0600057 0.0669922 0.0715028 0.0732693 0.0724985 0.0696658 0.0653131 0.059943 0.0539786 0.0477465 0.0414768 0.0353231 0.0293922 0.0237749 0.0185697 0.013892 0.00986354 0.00658353 0.00409201
 0.00947277 0.0151225 0.0222659 0.0306799 0.0400067 0.0496564 0.0587407 0.0662319 0.0713113 0.0736362 0.0733389 0.0708379 0.0666514 0.0612954 0.0552326 0.0488383 0.0423859 0.0360578 0.0299753 0.024232 0.0189228 0.0141582 0.0100565 0.00671591 0.0041767
 0.00892452 0.0142864 0.0211146 0.0292363 0.0383508 0.0479268 0.0571284 0.0649549 0.0705632 0.0735266 0.0738574 0.0718632 0.0679973 0.062766 0.0566638 0.0501182 0.0434576 0.03691 0.0306272 0.0247174 0.0192773 0.0144121 0.0102337 0.00683457 0.00425169
#obs surv len freq
 nan nan nan nan nan nan nan nan nan nan nan nan nan nan nan nan nan nan nan nan nan nan nan nan nan
 0.00448703 0.00734917 0.0111795 0.0159952 0.0216944 0.0279676 0.0342793 0.0400086 0.0446871 0.0481509 0.0505096 0.0520066 0.0529002 0.0534139 0.0537292 0.0539849 0.0542641 0.0545572 0.0546962 0.0542882 0.0527263 0.0493583 0.0438079 0.0362876 0.0276709
 0.00460995 0.00755336 0.0114944 0.01645 0.0223099 0.0287454 0.0351908 0.0409927 0.0456594 0.0490215 0.0512006 0.0524637 0.0530969 0.0533507 0.0534293 0.0534857 0.0536091 0.0537888 0.0538532 0.0534074 0.0518461 0.0485217 0.0430593 0.035665 0.0271951
 0.00477655 0.00782338 0.0118996 0.0170198 0.0230673 0.029698 0.0363212 0.0422519 0.0469693 0.0502848 0.0523145 0.0533337 0.0536495 0.0535427 0.0532516 0.0529609 0.0527834 0.0527227 0.0526133 0.052064 0.0504741 0.0472012 0.0418699 0.0346719 0.0264347
 0.00496805 0.00813809 0.0123793 0.0177052 0.0239891 0.0308646 0.0377054 0.043788 0.0485629 0.0518305 0.0537107 0.0544886 0.0544828 0.0539884 0.0532649 0.052526 0.0519173 0.0514742 0.0510586 0.0503011 0.0486192 0.0453819 0.0402122 0.033279 0.0253642
 0.00519086 0.00849961 0.0129224 0.0184699 0.0250062 0.0321444 0.0392252 0.0454862 0.0503452 0.0535853 0.0553259 0.0558623 0.0555281 0.0546342 0.0534557 0.0522244 0.05111 0.0501807 0.0493379 0.0482559 0.0463926 0.0431459 0.0381426 0.0315224 0.024006
 0.0054137 0.008869 0.0134913 0.0192916 0.026123 0.0335706 0.04093 0.0473896 0.0523315 0.0555274 0.0571053 0.0573789 0.0566994 0.0553922 0.0537443 0.0519993 0.0503428 0.0488681 0.0475163 0.0460155 0.0438845 0.0405706 0.0357194 0.0294415 0.0223842
 0.0056436 0.00924426 0.0140594 0.0200993 0.0272089 0.0349528 0.042592 0.0492718 0.054336 0.057533 0.0589859 0.0590178 0.0579983 0.0562738 0.0541498 0.0518833 0.0496718 0.0476265 0.0457226 0.043743 0.0412769 0.0378382 0.0331059 0.0271686 0.0205962
 0.00588593 0.00964166 0.0146638 0.0209608 0.0283662 0.0364177 0.0443341 0.051215 0.0563702 0.0595367 0.0608444 0.0606312 0.0592814 0.0571546 0.0545681 0.0517899 0.0490287 0.0464119 0.0439441 0.0414606 0.0386233 0.0350214 0.0303794 0.0247732 0.0186958
 0.00613175 0.0100424 0.0152692 0.0218181 0.029512 0.0378637 0.0460528 0.0531332 0.058379 0.0615115 0.0626654 0.0621965 0.0605109 0.0579874 0.0549565 0.0516938 0.048413 0.0452512 0.0422375 0.0392551 0.0360372 0.0322512 0.027674 0.0223764 0.0167804
 0.00636998 0.0104353 0.0158707 0.0226814 0.0306782 0.0393446 0.0478141 0.0550894 0.0604078 0.0634785 0.0644477 0.0636946 0.0616509 0.058718 0.0552431 0.0515117 0.0477415 0.0440745 0.0405565 0.0371098 0.0335323 0.0295666 0.0250442 0.0200367 0.0149021
 0.00661554 0.010839 0.0164864 0.0235622 0.0318654 0.0408511 0.0496066 0.0570823 0.0624739 0.0654736 0.0662353 0.065163 0.0627208 0.0593419 0.0553997 0.0511952 0.0469528 0.0428174 0.0388449 0.0349871 0.0310954 0.0269788 0.0225196 0.0177928 0.0130991
 0.0068488 0.0112196 0.0170619 0.0243779 0.0329562 0.0422278 0.0512417 0.0589038 0.0643736 0.067326 0.0679165 0.0665644 0.0637568 0.0599538 0.0555556 0.0508861 0.046185 0.0416066 0.0372183 0.032996 0.028834 0.0245953 0.0202047 0.0157396 0.0114499
 0.00708167 0.0116015 0.0176425 0.0252045 0.0340629 0.04362 0.0528804 0.0607019 0.0662105 0.0690722 0.0694562 0.0678064 0.0646358 0.0604276 0.0556019 0.0504993 0.0453731 0.0403897 0.0356304 0.0310941 0.0267112 0.0223883 0.0180827 0.0138703 0.0099549
 0.00727364 0.0119195 0.018132 0.0259113 0.0350237 0.0448471 0.0543463 0.0623336 0.0678989 0.0706934 0.070893 0.0689631 0.0654447 0.0608496 0.0556217 0.0501193 0.0446073 0.0392614 0.0341756 0.0293696 0.024805 0.0204241 0.0162085 0.0122293 0.00864853
 0.00743644 0.0121858 0.0185359 0.0264862 0.0357967 0.0458292 0.0555218 0.0636547 0.0692897 0.0720619 0.0721435 0.0700078 0.0662118 0.0612883 0.0557048 0.0498408 0.0439779 0.0383048 0.0329286 0.0278875 0.023169 0.0187439 0.0146119 0.0108372 0.00754418
 0.00752786 0.0123382 0.0187727 0.026832 0.0362738 0.0464506 0.0562838 0.064534 0.0702459 0.0730435 0.0730944 0.0708695 0.0669254 0.0617986 0.055965 0.0498181 0.0436568 0.0376891 0.032042 0.0267764 0.0219051 0.0174235 0.0133452 0.00972709 0.00666141
 0.00760738 0.0124597 0.0189415 0.02705 0.0365412 0.0467693 0.0566585 0.0649697 0.0707441 0.0735973 0.073686 0.0714695 0.0674946 0.06229 0.0563284 0.0500053 0.0436287 0.0374219 0.0315345 0.026054 0.0210226 0.0164612 0.0123976 0.00888325 0.00598371
 0.00767296 0.0125615 0.0190856 0.0272379 0.0367693 0.0470283 0.0569344 0.0652471 0.0710122 0.0738555 0.0739439 0.0717398 0.0677826 0.0625853 0.0566023 0.0502152 0.0437266 0.0373653 0.031297 0.0256349 0.0204518 0.0157973 0.0117168 0.00826093 0.00547547
 0.007719 0.0126303 0.0191781 0.027351 0.0368973 0.0471647 0.0570731 0.065383 0.0711415 0.0739771 0.0740608 0.0718601 0.0679168 0.0627411 0.0567769 0.0503903 0.0438686 0.0374323 0.0312504 0.0254529 0.0201391 0.0153878 0.0112658 0.0078295 0.00511229
 0.00778323 0.0127269 0.0193085 0.027511 0.037077 0.0473505 0.0572493 0.0655341 0.0712552 0.0740482 0.074093 0.0718646 0.0679094 0.0627373 0.0567881 0.0504186 0.0439036 0.0374507 0.0312217 0.02535 0.0199507 0.0151255 0.0109625 0.00752843 0.00485182
 0.00780868 0.0127679 0.0193693 0.0275943 0.037183 0.0474746 0.0573812 0.0656589 0.0713574 0.0741167 0.0741246 0.0718648 0.0678897 0.0627114 0.0567682 0.0504122 0.0439103 0.0374605 0.031216 0.0253074 0.0198558 0.0149776 0.0107778 0.00733456 0.00467704
 0.00786468 0.0128523 0.0194838 0.0277362 0.0373458 0.0476497 0.0575584 0.0658262 0.0715013 0.0742235 0.0741831 0.0718696 0.0678434 0.0626247 0.0566575 0.0502949 0.0437999 0.0373625 0.0311265 0.0252156 0.01975 0.0148518 0.0106368 0.00719209 0.00454975
 0.00787269 0.0128652 0.0195029 0.0277625 0.0373793 0.047689 0.0576009 0.0658688 0.0715417 0.0742614 0.0742192 0.0719039 0.0678734 0.0626463 0.056667 0.0502916 0.0437865 0.0373427 0.0311018 0.0251833 0.0197049 0.0147906 0.0105613 0.00711038 0.00447281
 0.0078985 0.0129024 0.0195503 0.0278159 0.037433 0.0477381 0.0576422 0.0659013 0.0715657 0.0742776 0.0742283 0.0719071 0.067872 0.0626413 0.0566582 0.0502782 0.0437675 0.037318 0.0310719 0.025148 0.0196632 0.0147416 0.0105062 0.00705337 0.00442007
 0.00791089 0.0129203 0.0195728 0.0278405 0.0374558 0.0477543 0.0576477 0.0658939 0.0715461 0.07425 0.0741999 0.0718854 0.0678625 0.0626455 0.056674 0.0503008 0.0437914 0.0373383 0.0310848 0.0251514 0.0196561 0.0147241 0.0104804 0.00702303 0.00438989
 0.00790117 0.0129051 0.0195512 0.0278118 0.03742 0.0477122 0.0576008 0.0658446 0.0714979 0.0742071 0.074167 0.0718673 0.0678632 0.062667 0.0567152 0.0503574 0.0438566 0.0374042 0.0311441 0.0251987 0.0196883 0.0147408 0.0104836 0.00701655 0.00437843
 0.00788529 0.0128738 0.0194941 0.0277172 0.0372785 0.0475229 0.0573762 0.0656099 0.0712847 0.0740438 0.0740722 0.0718468 0.0679122 0.062774 0.0568652 0.0505346 0.0440454 0.0375902 0.0313151 0.0253453 0.0198049 0.0148259 0.0105395 0.00704867 0.00439367
 0.00788752 0.0128753 0.0194922 0.0277067 0.0372521 0.0474714 0.0572908 0.065486 0.0711258 0.0738647 0.0738971 0.0717035 0.0678234 0.0627513 0.0569077 0.050631 0.0441789 0.0377426 0.0314693 0.0254874 0.0199249 0.0149188 0.0106049 0.00708996 0.00441665
 0.00788042 0.0128608 0.019465 0.0276604 0.0371805 0.0473717 0.0571652 0.0653415 0.0709726 0.0737131 0.0737573 0.0715866 0.0677423 0.0627184 0.0569316 0.0507123 0.0443091 0.0379057 0.0316461 0.0256591 0.020077 0.0150419 0.010696 0.00715134 0.00445397
 0.00785425 0.0128196 0.0194053 0.0275796 0.0370773 0.0472464 0.0570205 0.0651838 0.0708119 0.0735618 0.0736285 0.071491 0.0676877 0.0627095 0.0569706 0.0507987 0.0444388 0.0380693 0.0318292 0.0258444 0.0202477 0.0151857 0.0108066 0.00722873 0.00450308
 0.00782836 0.0127753 0.0193348 0.0274749 0.036933 0.0470629 0.0568074 0.0649592 0.0705981 0.07338 0.0734934 0.0714106 0.067664 0.0627408 0.0570522 0.0509248 0.0446018 0.0382597 0.0320349 0.0260509 0.0204399 0.0153506 0.0109364 0.007322 0.00456395
 0.00780111 0.0127287 0.0192603 0.0273636 0.0367769 0.0468592 0.0565618 0.0646876 0.0703248 0.0731331 0.0732992 0.0712886 0.0676236 0.0627811 0.0571642 0.0510945 0.0448134 0.0384973 0.032283 0.0262941 0.0206634 0.0155423 0.0110884 0.0074326 0.00463732
 0.00776849 0.0126747 0.0191775 0.0272441 0.0366148 0.0466524 0.0563151 0.0644138 0.0700441 0.0728696 0.0730779 0.0711315 0.0675469 0.0627925 0.0572616 0.0512666 0.0450424 0.0387624 0.0325627 0.0265685 0.0209152 0.0157579 0.0112598 0.00755816 0.0047214
 0.00774476 0.012636 0.0191187 0.0271604 0.0365019 0.0465082 0.0561408 0.0642153 0.0698315 0.0726568 0.0728806 0.0709668 0.0674314 0.0627402 0.0572811 0.0513591 0.0452006 0.0389714 0.0328025 0.026817 0.0211517 0.0159657 0.0114281 0.0076833 0.00480637
 0.0093321 0.014859 0.0218042 0.0299264 0.0388691 0.0480771 0.056732 0.0638953 0.0688307 0.0712502 0.0713012 0.0693749 0.0659234 0.0613705 0.0560798 0.0503412 0.04437 0.038322 0.032319 0.0264768 0.0209274 0.0158289 0.0113521 0.00764588 0.00479064
 0.00930246 0.0151045 0.0226915 0.0319113 0.0422984 0.052921 0.0624138 0.0693857 0.0730145 0.0733659 0.0711923 0.067431 0.0628096 0.0577415 0.0524186 0.0469344 0.0413565 0.0357534 0.0302008 0.0247893 0.019635 0.0148832 0.0106962 0.00721826 0.0045308
 0.00897575 0.0145868 0.0219591 0.0310081 0.0413913 0.0523381 0.0626071 0.0707706 0.0757221 0.0770583 0.0751026 0.070656 0.0646869 0.0580798 0.0514687 0.045178 0.0392782 0.033708 0.0283901 0.0232979 0.0184754 0.0140296 0.0101032 0.00683184 0.00429646
 0.00880003 0.0142947 0.021508 0.0303568 0.0405153 0.0512592 0.0614332 0.0697244 0.0751272 0.0772515 0.076283 0.0727385 0.0672656 0.0605587 0.0533038 0.0460867 0.0392975 0.0330975 0.0274733 0.0223398 0.0176362 0.0133751 0.00963709 0.00652583 0.00411107
 0.00871183 0.0141463 0.0212746 0.0300109 0.0400303 0.0506182 0.0606411 0.0688227 0.0742085 0.0764687 0.0758379 0.0728329 0.0680133 0.0618979 0.0549749 0.0477135 0.0405387 0.0337781 0.0276191 0.0221146 0.0172394 0.0129638 0.00929796 0.0062853 0.00395962
 0.00870268 0.0141257 0.0212326 0.0299326 0.0398975 0.0504115 0.0603442 0.0684266 0.0737178 0.0759109 0.0752754 0.0723688 0.0677787 0.0620114 0.0554819 0.0485403 0.0414995 0.034645 0.0282183 0.0223887 0.0172433 0.0128105 0.00909697 0.00610721 0.00383212
 0.00866185 0.0140632 0.0211455 0.02982 0.0397595 0.050248 0.0601534 0.0682058 0.0734642 0.0756246 0.0749642 0.0720561 0.0675108 0.0618563 0.0555129 0.0488023 0.0419745 0.0352423 0.0288047 0.0228448 0.017511 0.0129036 0.0090749 0.00603633 0.00375923
 0.0086488 0.0140383 0.0211014 0.0297485 0.0396538 0.0501068 0.0599833 0.0680201 0.0732776 0.0754471 0.074798 0.0718989 0.0673646 0.061736 0.0554503 0.0488379 0.0421379 0.0355295 0.0291686 0.0232098 0.0178058 0.0130906 0.00915858 0.00604904 0.00373859
 0.00865964 0.0140578 0.0211337 0.0297969 0.0397185 0.0501814 0.0600535 0.0680661 0.0732808 0.0753967 0.0746948 0.0717527 0.0671901 0.0615508 0.0552752 0.0486994 0.0420643 0.0355407 0.0292633 0.0233606 0.0179689 0.0132249 0.0092426 0.00608455 0.00374187
 0.00865274 0.0140466 0.0211171 0.0297747 0.0396922 0.0501548 0.0600325 0.068056 0.0732832 0.0754065 0.0747011 0.0717431 0.0671565 0.0614928 0.0552009 0.0486239 0.042007 0.0355204 0.0292909 0.0234329 0.0180679 0.013325 0.0093222 0.00613428 0.00376481
 0.00863666 0.0140228 0.0210856 0.0297371 0.039651 0.0501128 0.0599927 0.0680218 0.0732582 0.0753944 0.0747031 0.0717568 0.0671747 0.0615064 0.0552031 0.0486137 0.041991 0.0355103 0.029299 0.0234656 0.0181219 0.0133888 0.00938156 0.00617896 0.00379192
 0.00863481 0.0140184 0.0210764 0.0297205 0.039625 0.0500774 0.0599509 0.0679791 0.073221 0.0753678 0.0746897 0.0717565 0.0671852 0.0615234 0.0552211 0.0486279 0.0419994 0.0355153 0.0293065 0.023482 0.0181498 0.0134254 0.00941981 0.00621169 0.00381501
 0.00860438 0.0139755 0.0210239 0.029665 0.0395742 0.0500373 0.0599229 0.0679609 0.0732088 0.0753594 0.0746858 0.0717596 0.0671975 0.0615453 0.0552505 0.0486608 0.0420316 0.0355444 0.0293327 0.0235074 0.018177 0.0134546 0.00944897 0.0062373 0.0038344
 0.00861611 0.0139869 0.0210274 0.0296498 0.039531 0.0499638 0.0598278 0.067862 0.0731262 0.0753068 0.0746664 0.0717678 0.0672243 0.0615828 0.0552937 0.0487066 0.0420775 0.0355882 0.0293728 0.0235435 0.0182095 0.0134841 0.00947515 0.00625915 0.00385093
 0.0086058 0.0139758 0.0210204 0.0296536 0.0395502 0.0499961 0.0598625 0.067883 0.0731198 0.07527 0.0746087 0.071706 0.0671739 0.0615521 0.055283 0.0487116 0.0420926 0.0356087 0.0293954 0.0235662 0.0182311 0.0135041 0.00949294 0.00627408 0.00386244
 0.0086058 0.0139758 0.0210204 0.0296536 0.0395502 0.0499961 0.0598625 0.067883 0.0731198 0.07527 0.0746087 0.071706 0.0671739 0.0615521 0.055283 0.0487116 0.0420926 0.0356087 0.0293954 0.0235662 0.0182311 0.0135041 0.00949294 0.00627408 0.00386244
 0.00892054 0.0144675 0.0217214 0.0305757 0.0406768 0.0512736 0.0611928 0.0691283 0.0741266 0.075906 0.0747971 0.0714421 0.0665196 0.0606146 0.0541863 0.047571 0.0409985 0.0346214 0.0285484 0.0228723 0.0176887 0.0131012 0.00921065 0.00608901 0.00374989
 0.00847167 0.0137981 0.0208285 0.0295024 0.039508 0.0501241 0.0601931 0.0684078 0.0737886 0.0759978 0.0752913 0.072242 0.0674885 0.0616145 0.0551108 0.0483599 0.0416348 0.0351169 0.0289269 0.0231582 0.0179018 0.0132565 0.00931984 0.0061621 0.00379588
 0.00866047 0.0140351 0.0210579 0.0296337 0.0394476 0.0498202 0.0596712 0.0677701 0.0731766 0.0755401 0.0750646 0.0722587 0.0677073 0.0619617 0.0555033 0.0487258 0.0419275 0.0353195 0.0290473 0.0232177 0.0179241 0.0132604 0.00931716 0.00615863 0.00379354
#pred catch len freq
 0.00440659 0.00697306 0.0101723 0.0139265 0.0181876 0.0229174 0.0280175 0.0332939 0.0384938 0.043369 0.0477169 0.0513985 0.0543477 0.0565677 0.0581092 0.0590418 0.059434 0.0593314 0.05871 0.0573999 0.0550349 0.0511271 0.045318 0.0377043 0.0290009
 0.00457169 0.00717055 0.0103424 0.01398 0.0180428 0.0225508 0.027496 0.0327586 0.0380961 0.0431962 0.0477538 0.0515468 0.0544869 0.0566213 0.0580807 0.0590085 0.0595027 0.0595772 0.059127 0.0578913 0.0554526 0.0513421 0.0452814 0.0374626 0.0286602
 0.00481811 0.00755124 0.0108727 0.0146465 0.018791 0.0232774 0.0280595 0.0330197 0.0379807 0.0427449 0.0471141 0.0509019 0.0539664 0.0562543 0.05782 0.0587962 0.0593225 0.059458 0.0591016 0.0579495 0.0555279 0.0513442 0.0451497 0.0372013 0.0283306
 0.00503688 0.00790154 0.0113906 0.0153636 0.0197282 0.0244329 0.0293885 0.0344153 0.0392734 0.0437338 0.0476304 0.0508768 0.0534617 0.05543 0.0568569 0.0578265 0.05841 0.0586216 0.0583452 0.0572692 0.054905 0.0507468 0.0445538 0.0366132 0.0277882
 0.00534232 0.00836891 0.0120417 0.016205 0.0207585 0.0256513 0.0307936 0.0359908 0.0409645 0.0454262 0.0491471 0.0520075 0.0540225 0.0553304 0.056135 0.0566286 0.0569271 0.0570242 0.0567493 0.0557382 0.0534681 0.0494198 0.043355 0.0355705 0.0269339
 0.00571295 0.00894116 0.012847 0.0172541 0.0220433 0.0271483 0.0324651 0.0377847 0.0428167 0.0472616 0.0508746 0.0535075 0.0551436 0.05591 0.0560464 0.0558325 0.0554946 0.0551149 0.0545594 0.0534498 0.0512252 0.0473299 0.0415013 0.0340169 0.0257186
 0.00608536 0.00952259 0.0136784 0.0183602 0.0234329 0.0288126 0.0343715 0.0398696 0.0449855 0.0493989 0.0528584 0.0552201 0.0564732 0.0567465 0.0562823 0.0553793 0.054316 0.0532576 0.0521595 0.0507092 0.0483713 0.0445789 0.0390335 0.0319603 0.0241363
 0.00647636 0.0101286 0.0145368 0.0194906 0.0248404 0.0304916 0.0363015 0.0420066 0.0472534 0.0516896 0.0550392 0.0571487 0.0580137 0.0577811 0.056714 0.0551312 0.0533375 0.0515442 0.0497793 0.047818 0.0452021 0.0414053 0.0361182 0.029505 0.022247
 0.00689449 0.0107773 0.0154563 0.0207009 0.0263432 0.0322725 0.0383275 0.0442199 0.0495706 0.0540059 0.0572364 0.0591017 0.0595978 0.05888 0.0572266 0.0549764 0.0524586 0.04992 0.0474452 0.044891 0.0418922 0.0379969 0.0329169 0.0267678 0.0201238
 0.00722343 0.0112984 0.0162164 0.0217375 0.0276819 0.0339215 0.0402671 0.0463943 0.051887 0.0563439 0.0594625 0.0610828 0.0612124 0.0600232 0.0578111 0.0549304 0.0517262 0.04847 0.0452916 0.0421208 0.0386865 0.0346247 0.0296903 0.0239676 0.0179283
 0.00755134 0.0118064 0.016936 0.0226862 0.0288676 0.0353461 0.0419245 0.0482604 0.0539094 0.0584375 0.0615132 0.0629602 0.0627861 0.0611785 0.0584561 0.0549949 0.0511583 0.047238 0.0433985 0.039631 0.0357509 0.0314838 0.0266388 0.0212843 0.0158019
 0.00795766 0.0124331 0.0178169 0.0238323 0.0302697 0.0369789 0.043746 0.0502092 0.0559065 0.0603925 0.0633319 0.0645491 0.0640557 0.0620466 0.0588526 0.0548642 0.05046 0.0459489 0.0415237 0.0372251 0.032943 0.0284861 0.0237191 0.0187047 0.0137465
 0.00829507 0.0129608 0.0185728 0.0248396 0.0315352 0.0384907 0.045467 0.0520723 0.0578175 0.0622421 0.0650115 0.0659638 0.0651311 0.062729 0.0591038 0.0546552 0.0497668 0.0447549 0.0398317 0.0350782 0.0304478 0.0258218 0.0211172 0.0163961 0.011898
 0.00863576 0.0134834 0.0193024 0.0257829 0.0326854 0.039834 0.0469821 0.0537224 0.0595404 0.0639479 0.0665897 0.0673004 0.066128 0.063319 0.0592535 0.0543573 0.0490268 0.0435836 0.0382483 0.033127 0.0282197 0.0234658 0.0188267 0.0143663 0.0102713
 0.00883578 0.0138021 0.0197703 0.0264243 0.0335151 0.0408518 0.048167 0.0550304 0.0609106 0.0653118 0.067877 0.0684397 0.0670466 0.0639475 0.059535 0.0542551 0.0485272 0.0426927 0.0369901 0.0315489 0.0264043 0.0215395 0.0169492 0.0126979 0.00893018
 0.00900705 0.0140747 0.0201704 0.0269746 0.0342332 0.0417463 0.0492298 0.0562298 0.0621878 0.0665862 0.0690584 0.0694431 0.0678047 0.0644152 0.0596866 0.0540786 0.04802 0.0418623 0.0358583 0.0301593 0.0248311 0.0198906 0.0153565 0.0112915 0.00780406
 0.00923093 0.0144157 0.0206418 0.0275759 0.0349546 0.0425748 0.0501511 0.0572239 0.0632231 0.0676153 0.070019 0.0702646 0.0684198 0.0647716 0.0597541 0.0538493 0.0475026 0.041076 0.0348314 0.0289344 0.0234727 0.0184885 0.0140179 0.0101195 0.00687139
 0.00939497 0.0146723 0.0210091 0.0280642 0.0355651 0.0432981 0.0509648 0.0580922 0.0641009 0.0684551 0.070776 0.0708982 0.0688923 0.0650487 0.0598083 0.0536643 0.0470764 0.0404211 0.0339742 0.0279156 0.0223504 0.0173387 0.0129279 0.00917105 0.00612027
 0.00948414 0.014804 0.0211836 0.0282761 0.0358085 0.0435734 0.0512821 0.0584666 0.0645428 0.0689594 0.0713187 0.0714397 0.069386 0.0654489 0.0600748 0.0537646 0.0469879 0.0401345 0.0334967 0.0272739 0.0215914 0.0165274 0.0121388 0.00847355 0.00556256
 0.00954765 0.0148974 0.0213058 0.0284193 0.0359602 0.0437209 0.0514169 0.0585887 0.0646629 0.0690982 0.0714996 0.071678 0.0696784 0.0657694 0.0603803 0.0540049 0.047117 0.0401185 0.0333202 0.0269432 0.0211364 0.0159984 0.0115976 0.00798 0.00516007
 0.00958572 0.0149584 0.0213954 0.0285415 0.0361153 0.043903 0.0516127 0.0587787 0.0648269 0.0692229 0.0715851 0.0717388 0.0697367 0.0658447 0.0604776 0.0541098 0.0471985 0.040139 0.0332478 0.0267629 0.0208558 0.0156477 0.0112219 0.00762696 0.00486645
 0.00966929 0.0150767 0.0215415 0.0286991 0.036265 0.0440312 0.0517174 0.0588677 0.0649098 0.0693025 0.0716554 0.0717896 0.0697626 0.0658497 0.060473 0.0541058 0.0471949 0.0401224 0.0331957 0.0266547 0.0206837 0.0154222 0.01097 0.00738225 0.00465787
 0.00966206 0.015074 0.0215534 0.0287383 0.0363411 0.0441433 0.0518495 0.0589938 0.0650052 0.0693563 0.0716738 0.0717896 0.0697601 0.065853 0.060483 0.0541197 0.0472088 0.0401294 0.0331847 0.0266123 0.0206004 0.015299 0.0108204 0.00722811 0.00452067
 0.00967746 0.0150983 0.0215893 0.0287894 0.036413 0.0442437 0.0519859 0.0591676 0.0652054 0.0695573 0.0718414 0.0718936 0.0697871 0.0658099 0.060391 0.0540033 0.0470871 0.0400122 0.0330731 0.0265015 0.0204842 0.0151747 0.0106922 0.0071058 0.00441553
 0.00976597 0.0152223 0.0217393 0.0289445 0.0365478 0.0443386 0.052036 0.0591838 0.0652089 0.0695692 0.0718728 0.0719403 0.0698319 0.0658311 0.0603734 0.0539446 0.0469968 0.0399048 0.032961 0.0263913 0.0203771 0.0150707 0.0105927 0.00701534 0.00433963
 0.0100524 0.0156324 0.0222531 0.0295069 0.037082 0.0447702 0.0523133 0.059287 0.0651482 0.0693782 0.0715991 0.0716344 0.0695342 0.0655638 0.0601393 0.0537345 0.0467999 0.0397157 0.0327809 0.0262246 0.0202279 0.014941 0.0104832 0.00692635 0.00427127
