SBPRF35
8.96259
Curr Bio
572576
B35
610117
F35
0.199593
FOFL
0.1653
OFL
67773.5
Bzero
2.56074e+006
#pred survey bio
 4.6809e+006 3.78501e+006 3.34858e+006 2.93933e+006 2.76002e+006 2.6262e+006 2.46022e+006 2.18775e+006 1.99035e+006 1.70269e+006 1.47465e+006 1.25714e+006 1.12725e+006 1.04169e+006 919146 813791 726219 668414 610517 575369 543462 511478 494856 486836 486992 473725 480616 489052 491532 500681 506994 523873 524729 552631 574075 574665 574594 566206 570135 577039 577747 613256 638444 645908 645862 619345 619984 622384 641981 576332 553987 577211 579834 592270 588559 582116 598077 584302 534815 513554 552665 623500 579666 1.81165e+007 1.1119e+007 1.17373e+007 1.28124e+007 1.40935e+007 1.53649e+007 1.64985e+007 1.74412e+007 1.81892e+007 1.87638e+007 1.91956e+007 1.95154e+007 1.97502e+007 1.99219e+007 2.00472e+007 2.0139e+007 2.02063e+007 2.02559e+007 2.02927e+007 2.03201e+007 2.03407e+007 2.03562e+007 2.0368e+007 2.0377e+007 2.03839e+007 2.03892e+007 2.03933e+007 2.03964e+007 2.03989e+007 2.04008e+007 2.04023e+007 2.04034e+007 2.04043e+007 2.0405e+007 2.04056e+007 2.0406e+007 2.04064e+007 2.04066e+007 2.04068e+007 2.0407e+007 2.04071e+007 2.04072e+007 2.04073e+007 2.04074e+007 2.04074e+007 2.04075e+007 2.04075e+007 2.04075e+007 2.04075e+007 2.04076e+007 2.04076e+007 2.04076e+007 2.04076e+007 2.04076e+007 2.04076e+007 2.04076e+007 2.04076e+007 2.04076e+007 2.04076e+007 2.04076e+007 2.04076e+007 2.04076e+007 2.04076e+007 2.04076e+007 2.04076e+007 2.04076e+007 2.04076e+007 2.04076e+007 2.04076e+007 2.04076e+007 2.04076e+007 2.04076e+007 2.04076e+007 2.04076e+007 2.04076e+007 2.04076e+007 2.04076e+007 2.04076e+007 2.04076e+007 2.04076e+007 2.04076e+007 2.04076e+007 2.04076e+007 2.04076e+007 2.04076e+007 2.04076e+007 2.04076e+007 2.04076e+007 2.04076e+007 2.04076e+007 2.04076e+007 2.04076e+007 2.04076e+007 2.04076e+007 2.04076e+007 2.04076e+007 2.04076e+007 2.04076e+007 2.04076e+007 2.04076e+007 0 0 0 0 0 0 0 0 0 0 0 0 0 0 0 0 0 0 0 0 0 0 0 0 0
#obs survey bio
 5.07864e+006 3.1266e+006 4.97128e+006 3.68898e+006 2.28234e+006 1.85574e+006 2.94599e+006 2.08166e+006 2.51304e+006 1.4044e+006 1.61039e+006 1.01608e+006 1.14918e+006 1.26244e+006 970070 682069 665675 726334 410323 620303 525348 476966 421102 413518 625558 426328 427984 525821 434642 529835 504812 501286 553049 587088 573806 535769 529269 603536 582337 550926 400456 702204 796129 701784 608469 810090 621954 702413 932314 496374 501572 656247 613332 633560 535469 518258 713847 588017 422960 477671 724514 738729 485886
#pred catch bio
 117026 96101.6 153744 193385 254852 272604 313108 306393 297023 303818 291528 277819 258925 256440 227443 202434 174384 158845 146140 141009 137031 123123 117082 115504 115873 99012 99397 102228 97932.8 103463 90450.9 94217.1 86809.6 93057.2 101236 88154.2 98520.6 83635.7 87161.7 86786.3 87476.1 87691.6 96165.7 89272.1 84793.4 82481.7 88556 83917.9 90329.7 88682.5 66228.2 88756.1 96410.6 95714.6 107317 95076.6 98410.3 113679 99692.4 78006.6 46926.1 100155 115515 67773.5 81876.4 85155.2 92146.7 101151 110137 118042 124474 129433 133109 135755 137618 138906 139785 140378 140775 141039 141214 141329 141404 141453 141485 141506 141520 141528 141534 141538 141540 141542 141543 141543 141544 141544 141544 141544 141544 141544 141544 141544 141544 141544 141544 141544 141544 141544 141544 141544 141544 141544 141544 141544 141544 141544 141544 141544 141544 141544 141544 141544 141544 141544 141544 141544 141544 141544 141544 141544 141544 141544 141544 141544 141544 141544 141544 141544 141544 141544 141544 141544 141544 141544 141544 141544 141544 141544 141544 141544 141544 141544 141544 141544 141544 141544 141544 141544 141544 141544 141544 141544 141544 0 0 0 0 0 0 0 0 0 0 0 0 0 0 0 0 0 0 0 0 0 0 0 0 0
#obs catch bio
 0 95665.9 153979 193463 255598 272559 312903 307309 296082 304435 290693 278654 260550 256023 227399 202393 174624 158469 146300 141050 137095 123110 117002 115957 115782 98922.2 99436.3 102231 97842.4 103750 90372.6 94076.4 86862.4 93092.2 101427 87913.9 98777.9 83466.2 87222.4 86654 87678 87582.4 96275.6 89254.3 84665.2 82457 88631.6 83980.1 90144.3 88955.5 65975.7 88841 96653.9 95494.1 107540 95099.9 98229.4 113765 99720.9 78413.7 46490.4 100353 115742
#pred cpue bio
 4.62943e+006 3.74341e+006 3.31074e+006 2.90431e+006 2.72512e+006 2.59071e+006 2.42454e+006 2.15319e+006 1.95593e+006 1.67073e+006 1.44424e+006 1.22866e+006 1.09915e+006 1.0136e+006 892432 788382 702109 645363 588911 554524 523492 492459 476354 468515 468601 455788 462530 470753 473212 482128 488261 504824 505696 532714 553719 554343 553253 543106 546006 552668 553598 587711 612181 619456 619548 594179 594769 596984 615975 553261 531600 554502 557347 569095 565382 558604 573649 560655 512846 491893 529604 599474 557859 1.73924e+007 1.06504e+007 1.11333e+007 1.21129e+007 1.33719e+007 1.46397e+007 1.57728e+007 1.67155e+007 1.74635e+007 1.80381e+007 1.84698e+007 1.87896e+007 1.90244e+007 1.91961e+007 1.93215e+007 1.94132e+007 1.94805e+007 1.95301e+007 1.95669e+007 1.95944e+007 1.9615e+007 1.96305e+007 1.96423e+007 1.96513e+007 1.96582e+007 1.96635e+007 1.96675e+007 1.96707e+007 1.96731e+007 1.9675e+007 1.96765e+007 1.96777e+007 1.96786e+007 1.96793e+007 1.96798e+007 1.96803e+007 1.96806e+007 1.96809e+007 1.96811e+007 1.96813e+007 1.96814e+007 1.96815e+007 1.96816e+007 1.96816e+007 1.96817e+007 1.96817e+007 1.96818e+007 1.96818e+007 1.96818e+007 1.96818e+007 1.96818e+007 1.96818e+007 1.96818e+007 1.96818e+007 1.96819e+007 1.96819e+007 1.96819e+007 1.96819e+007 1.96819e+007 1.96819e+007 1.96819e+007 1.96819e+007 1.96819e+007 1.96819e+007 1.96819e+007 1.96819e+007 1.96819e+007 1.96819e+007 1.96819e+007 1.96819e+007 1.96819e+007 1.96819e+007 1.96819e+007 1.96819e+007 1.96819e+007 1.96819e+007 1.96819e+007 1.96819e+007 1.96819e+007 1.96819e+007 1.96819e+007 1.96819e+007 1.96819e+007 1.96819e+007 1.96819e+007 1.96819e+007 1.96819e+007 1.96819e+007 1.96819e+007 1.96819e+007 1.96819e+007 1.96819e+007 1.96819e+007 1.96819e+007 1.96819e+007 1.96819e+007 1.96819e+007 1.96819e+007 1.96819e+007 1.96819e+007 0 0 0 0 0 0 0 0 0 0 0 0 0 0 0 0 0 0 0 0 0 0 0 0 0
#obs cpue bio
 4.66464e+006 4.01758e+006 2.83264e+006 1.81128e+006 2.86491e+006 4.05256e+006 2.65593e+006 1.38645e+006 2.61343e+006 1.4602e+006 1.82282e+006 1.06903e+006 794422 1.34062e+006 768206 960083 672641 743935 723980 539307 554474 515709 581386 417727 498993 451781 504588 469090 528030 408085 504861 661942 354099 539850 558000 655666 544519 555083 495480 687046 572621 636270 472231 560035 765707 396942 614590 421351 654116 495655 591741 540356 421750 684884 549288 559446 577191 579015 640718 372113 475807 677296 556137
#pred surv len freq
 0.00428092 0.00705486 0.0108117 0.0155925 0.0213071 0.0276396 0.0340353 0.0398555 0.0446264 0.0481914 0.0506699 0.0523028 0.0533216 0.0538978 0.0541479 0.0541585 0.0540128 0.0537896 0.0535043 0.0529914 0.0518028 0.0492595 0.0447393 0.0380943 0.0299122
 0.00450225 0.00735016 0.011139 0.0158786 0.0214744 0.0276454 0.0338964 0.0396398 0.0444121 0.0480241 0.0505455 0.0521885 0.0531963 0.0537837 0.0541113 0.054279 0.054336 0.0542864 0.0540592 0.0534321 0.0519659 0.0490621 0.0442178 0.0373858 0.0291882
 0.0046213 0.00757297 0.0115231 0.0164815 0.0223229 0.028698 0.0350245 0.0406539 0.0451322 0.0483535 0.0505003 0.0518654 0.0527119 0.0532317 0.0535583 0.053782 0.0539466 0.0540301 0.0539058 0.0532874 0.0517051 0.0485931 0.0435345 0.0365758 0.0283882
 0.00476448 0.00780642 0.0118781 0.0169937 0.0230316 0.0296386 0.0362096 0.0420463 0.0466234 0.0497667 0.0516311 0.0525477 0.0528754 0.052917 0.0528852 0.0528977 0.0529836 0.0530817 0.053012 0.0524319 0.0508322 0.0476491 0.0425144 0.0355409 0.0274412
 0.00487763 0.00800664 0.0122094 0.0175069 0.0237737 0.0306357 0.0374531 0.0434899 0.0481914 0.0513626 0.0531372 0.0538231 0.0537701 0.0533086 0.052723 0.0522239 0.0519162 0.0517691 0.0515842 0.050971 0.0493728 0.046205 0.0411139 0.0342452 0.02633
 0.00507205 0.00831839 0.0126717 0.0181508 0.0246259 0.0317138 0.0387564 0.0449902 0.0498301 0.0530542 0.0547777 0.0552975 0.0549574 0.0540884 0.0529911 0.0519183 0.0510425 0.0504064 0.0498638 0.0490388 0.04736 0.0442211 0.0392566 0.0326073 0.0249895
 0.00527374 0.00864999 0.0131772 0.0188724 0.025595 0.0329368 0.0402037 0.0465958 0.0515062 0.0547125 0.0563415 0.0566996 0.0561285 0.0549474 0.0534452 0.0518766 0.0504409 0.0492346 0.0481814 0.0469706 0.0450733 0.0418982 0.0370708 0.0307036 0.0234645
 0.00554701 0.00909337 0.0138428 0.0198079 0.0268343 0.0344854 0.0420227 0.0485964 0.0535617 0.0566839 0.0581046 0.0581616 0.0572302 0.0556519 0.0537203 0.0516809 0.0497253 0.0479627 0.0463604 0.0446777 0.042463 0.0391834 0.0344838 0.0284475 0.0216711
 0.00571121 0.00938521 0.014328 0.0205627 0.0279282 0.035954 0.043842 0.0506758 0.0557609 0.0588444 0.0600783 0.0598274 0.0584999 0.0564694 0.0540536 0.05151 0.0490305 0.0467248 0.0445796 0.042405 0.0398261 0.0363876 0.0317782 0.0260657 0.0197716
 0.00595289 0.00976241 0.0148686 0.0212881 0.0288574 0.0371062 0.0452312 0.0522977 0.0575765 0.0607705 0.0619912 0.061582 0.0599561 0.0575142 0.0546114 0.0515378 0.0485071 0.0456425 0.0429491 0.0402764 0.037315 0.0336856 0.0291293 0.0237101 0.0178806
 0.00615474 0.0101197 0.0154579 0.0221934 0.0301442 0.0387862 0.0472359 0.0544831 0.0597658 0.0628072 0.0637712 0.0630482 0.0610716 0.0582394 0.0548987 0.0513402 0.0477882 0.0443845 0.0411611 0.0380098 0.0346842 0.030878 0.0263854 0.0212706 0.0159208
 0.00643075 0.0105576 0.0160993 0.0230751 0.0312986 0.0402366 0.0489824 0.0564842 0.061924 0.0649725 0.0657662 0.0647084 0.0622811 0.0589436 0.0550893 0.0510269 0.0469777 0.043078 0.0393692 0.0357778 0.0321172 0.0281511 0.0237255 0.0189065 0.0140204
 0.00660227 0.0108687 0.0166253 0.0239021 0.0324994 0.0418352 0.0509269 0.0586479 0.0641399 0.0670787 0.0676327 0.0662378 0.0633973 0.059587 0.055223 0.0506414 0.0460861 0.041706 0.0375518 0.0335727 0.0296265 0.0255355 0.0211919 0.0166633 0.0122208
 0.00675577 0.0111139 0.0169891 0.0244137 0.0331929 0.0427494 0.0520953 0.0600796 0.0657979 0.068869 0.0694144 0.0678532 0.064706 0.0604884 0.0556586 0.0505857 0.0455374 0.0406805 0.0360859 0.0317296 0.0275091 0.0232938 0.0190107 0.0147266 0.0106635
 0.00703261 0.011553 0.0176284 0.0252784 0.0342886 0.0440534 0.0535516 0.0616047 0.0673008 0.0702727 0.0706648 0.0689081 0.0655203 0.0610076 0.0558276 0.0503621 0.0449003 0.039633 0.0346557 0.0299748 0.0255262 0.0212206 0.0170131 0.012966 0.0092555
 0.00723589 0.0118907 0.0181491 0.0260289 0.0353012 0.0453263 0.0550321 0.0631884 0.0688522 0.0716613 0.0717952 0.0697335 0.0660342 0.0612235 0.0557576 0.0500056 0.0442457 0.03867 0.0333905 0.0284442 0.0238069 0.0194296 0.015293 0.0114546 0.00804996
 0.00736306 0.0121037 0.0184817 0.026518 0.0359802 0.0462147 0.0561221 0.0644358 0.0701775 0.0729599 0.0729557 0.0706578 0.0666558 0.0615161 0.0557295 0.0496832 0.0436558 0.0378312 0.0323188 0.0271682 0.0223836 0.0179504 0.0138734 0.0102077 0.00705596
 0.00742485 0.0121996 0.0186186 0.0267022 0.0362201 0.0465237 0.0565188 0.0649394 0.0707993 0.0736924 0.0737644 0.0714806 0.0674117 0.0621221 0.0561181 0.0498149 0.0435187 0.0374342 0.0316836 0.0263289 0.0213931 0.016885 0.0128273 0.00927438 0.00630382
 0.00753395 0.0123636 0.0188403 0.0269749 0.0365297 0.0468525 0.0568498 0.065261 0.0711093 0.0740003 0.0740875 0.0718326 0.0677893 0.0624964 0.056438 0.0500198 0.0435559 0.0372708 0.0313126 0.0257688 0.0206873 0.0160986 0.0120393 0.00856247 0.00572525
 0.00748671 0.012317 0.0188248 0.0270349 0.0367081 0.0471688 0.057284 0.0657553 0.07159 0.0744067 0.0743926 0.0720454 0.0679405 0.0626177 0.0565438 0.0500987 0.0435749 0.037189 0.0310976 0.0254105 0.020204 0.0155355 0.0114588 0.00802843 0.00528616
 0.00748459 0.012306 0.0187965 0.0269826 0.0366358 0.0471006 0.0572656 0.0658405 0.0718141 0.0747628 0.0748274 0.0724815 0.0683099 0.0628863 0.0567126 0.0501865 0.0435966 0.0371437 0.0309716 0.0251907 0.0198917 0.0151544 0.0110513 0.00764337 0.0049635
 0.00757784 0.0124464 0.0189864 0.0272144 0.0368923 0.047357 0.0574947 0.0660208 0.0719396 0.0748476 0.0748984 0.0725606 0.068399 0.0629654 0.0567537 0.0501696 0.043517 0.0370064 0.0307821 0.0249513 0.0196064 0.0148362 0.0107251 0.00734053 0.0047113
 0.00766377 0.0125703 0.0191434 0.0273894 0.0370638 0.0475031 0.0575985 0.0660731 0.0719397 0.0748042 0.0748307 0.0724954 0.0683628 0.0629734 0.0568019 0.0502365 0.0435732 0.0370263 0.0307504 0.0248631 0.019466 0.0146561 0.0105256 0.00714589 0.00454344
 0.00766243 0.0125798 0.0191782 0.0274675 0.0371987 0.0476933 0.0578203 0.0662849 0.0720968 0.0748769 0.0748149 0.0724119 0.0682464 0.06286 0.0567173 0.0501904 0.0435581 0.0370228 0.0307356 0.0248194 0.0193859 0.0145438 0.0103943 0.00701357 0.00442684
 0.00764351 0.0125495 0.0191344 0.0274112 0.0371366 0.0476401 0.0577975 0.0663136 0.0721863 0.0750157 0.074972 0.0725494 0.0683367 0.0628969 0.0567146 0.0501708 0.0435404 0.0370139 0.03073 0.0248051 0.019352 0.0144868 0.0103194 0.00693222 0.00435155
 0.00782379 0.0128034 0.0194439 0.0277352 0.0374221 0.047842 0.0578946 0.0663131 0.0721168 0.0749135 0.0748671 0.0724565 0.0682536 0.0628105 0.0566125 0.05005 0.0434087 0.0368842 0.0306119 0.0247009 0.0192583 0.0143988 0.0102359 0.00685578 0.00428691
 0.0078037 0.012779 0.0194208 0.0277192 0.0374127 0.0478245 0.0578391 0.0661861 0.0719018 0.0746296 0.0745703 0.0722195 0.068135 0.0628316 0.0567538 0.0502663 0.0436507 0.0371143 0.0308092 0.0248572 0.0193725 0.0144732 0.0102759 0.00686966 0.00428451
 0.00777105 0.0127257 0.019341 0.0276093 0.0372743 0.0476667 0.0576783 0.0660399 0.0717801 0.0745288 0.0744785 0.0721302 0.068059 0.0627959 0.0567868 0.0503801 0.0438333 0.0373355 0.0310343 0.0250585 0.0195341 0.0145905 0.0103519 0.00691231 0.00430388
 0.00781957 0.012792 0.0194175 0.0276807 0.0373213 0.0476729 0.057636 0.0659528 0.0716614 0.0743958 0.0743463 0.0720072 0.067948 0.0626997 0.0567138 0.0503443 0.0438468 0.0373997 0.0311368 0.0251778 0.0196483 0.0146841 0.0104186 0.00695351 0.0043254
 0.00775246 0.012697 0.0193 0.0275533 0.0371981 0.0475619 0.057535 0.0658519 0.0715515 0.0742777 0.0742333 0.0719198 0.0679043 0.0627076 0.0567705 0.0504413 0.0439754 0.0375529 0.0313064 0.025352 0.019812 0.0148235 0.0105254 0.00702671 0.00437004
 0.00782747 0.0127966 0.0194093 0.0276466 0.0372486 0.0475548 0.0574763 0.0657644 0.071461 0.0741982 0.0741621 0.0718455 0.0678192 0.0626157 0.0566852 0.0503777 0.0439442 0.0375572 0.0313433 0.0254133 0.0198864 0.0148984 0.0105903 0.00707575 0.00440242
 0.00787048 0.0128442 0.0194391 0.0276229 0.0371303 0.0473103 0.0570981 0.0652785 0.0709254 0.0736914 0.0737631 0.0716117 0.0677706 0.0627336 0.0569259 0.0506915 0.0442896 0.0379054 0.0316755 0.0257168 0.0201511 0.0151172 0.0107594 0.00719655 0.00448134
 0.00794958 0.0129699 0.0196211 0.0278633 0.0374173 0.0476112 0.0573579 0.0654287 0.0709063 0.073478 0.0733808 0.071131 0.0672836 0.0623232 0.056643 0.0505479 0.0442661 0.0379683 0.0317898 0.0258539 0.0202902 0.0152436 0.0108642 0.0072756 0.00453539
 0.0077641 0.0127041 0.0192877 0.0274978 0.0370692 0.0473284 0.057172 0.0653472 0.0709124 0.0735362 0.0734489 0.0711758 0.067295 0.0623187 0.0566584 0.0506187 0.0444112 0.0381829 0.0320505 0.0261292 0.020551 0.015469 0.011043 0.00740609 0.00462254
 0.00775855 0.0126646 0.0191746 0.027262 0.0366732 0.0467748 0.0565218 0.064711 0.0704119 0.0732564 0.0734078 0.0713285 0.0675629 0.0626269 0.05696 0.0509013 0.0446853 0.0384642 0.0323451 0.0264285 0.0208362 0.0157199 0.0112456 0.00755566 0.00472321
 0.00855719 0.0138017 0.0205852 0.0287784 0.0380654 0.0478209 0.0570718 0.0647168 0.0699246 0.0724035 0.0723583 0.0702487 0.0665767 0.0617938 0.0562834 0.0503558 0.0442446 0.0381147 0.0320838 0.0262529 0.0207364 0.015678 0.0112403 0.00756772 0.00473954
 0.00919304 0.0148199 0.0220782 0.0307944 0.0405657 0.0506334 0.0598696 0.0670661 0.07141 0.0727769 0.0716256 0.0686463 0.0644615 0.0595169 0.0541049 0.0484201 0.042602 0.036761 0.0309945 0.0254013 0.0200967 0.0152219 0.0109345 0.00737667 0.00462888
 0.00923122 0.014984 0.0225125 0.0316919 0.0421142 0.0529273 0.0628284 0.0704052 0.0746858 0.0754914 0.0733527 0.0691409 0.0637176 0.0577533 0.0516822 0.0457266 0.0399579 0.0343741 0.0289663 0.0237587 0.0188243 0.0142821 0.0102779 0.00694651 0.004367
 0.00895229 0.0145549 0.0219205 0.030964 0.0413373 0.0522647 0.0625119 0.0706827 0.0757237 0.0772724 0.0756327 0.0715026 0.0657035 0.0590153 0.0520793 0.0453357 0.039008 0.0331453 0.0277029 0.0226241 0.0178988 0.0135837 0.00978682 0.006625 0.00417196
 0.00884745 0.0143711 0.0216203 0.0305079 0.0406991 0.0514554 0.0616044 0.0698235 0.075116 0.0771284 0.0761011 0.0725971 0.0672666 0.060747 0.0536303 0.0464263 0.0395137 0.033111 0.0272904 0.0220309 0.0172904 0.0130625 0.00939384 0.00635813 0.00400722
 0.00889292 0.0144213 0.0216511 0.0304795 0.0405631 0.0511685 0.0611453 0.0692064 0.0744016 0.0764266 0.075561 0.072375 0.0674734 0.0613935 0.0546008 0.0475056 0.0404622 0.0337525 0.0275658 0.0219945 0.0170615 0.0127656 0.0091182 0.00614697 0.0038671
 0.00879443 0.0142909 0.0215081 0.0303558 0.0404888 0.0511509 0.0611558 0.0691858 0.0742856 0.0761793 0.0752004 0.0719783 0.0671583 0.0612791 0.0547604 0.0479289 0.0410509 0.0343559 0.0280429 0.0222673 0.0171323 0.0126947 0.00898371 0.00601057 0.00376103
 0.00876016 0.0142164 0.0213639 0.0301095 0.0401206 0.0506743 0.0606273 0.0686925 0.0739097 0.0759612 0.0751254 0.0719972 0.0672277 0.0613921 0.0549477 0.0482308 0.0414789 0.0348707 0.0285632 0.0227052 0.0174317 0.0128495 0.00902785 0.0059931 0.00372327
 0.00881557 0.0143023 0.0214834 0.0302579 0.0402812 0.0508154 0.0607057 0.0686668 0.0737601 0.075704 0.0748097 0.0716826 0.066959 0.0611893 0.0548163 0.0481769 0.0415126 0.0349937 0.0287542 0.0229201 0.0176201 0.012977 0.00908791 0.00600224 0.0037063
 0.00885993 0.0143612 0.021548 0.0303126 0.0403085 0.0508033 0.0606517 0.0685759 0.0736386 0.0755551 0.074636 0.0714935 0.0667747 0.0610366 0.0547187 0.0481478 0.0415545 0.0351008 0.0289125 0.0231057 0.0178022 0.0131271 0.00919034 0.00605767 0.00372735
 0.00889644 0.0144166 0.0216232 0.0304041 0.0404072 0.050894 0.0607149 0.0685919 0.0735946 0.0754508 0.0744838 0.0713136 0.0665884 0.0608631 0.0545749 0.0480483 0.0415097 0.0351144 0.0289788 0.0232099 0.0179227 0.0132412 0.00928068 0.00611739 0.0037595
 0.00884683 0.014352 0.0215554 0.0303533 0.0403957 0.050936 0.0608083 0.0687171 0.0737204 0.0755454 0.0745248 0.0712932 0.0665138 0.0607521 0.0544503 0.0479323 0.0414209 0.035065 0.0289733 0.0232438 0.0179835 0.0133121 0.00934609 0.00616724 0.00379119
 0.00882228 0.0143171 0.0215131 0.0303112 0.0403663 0.0509354 0.0608529 0.0688176 0.073875 0.0757349 0.074714 0.0714415 0.066589 0.0607415 0.0543628 0.0477935 0.0412629 0.0349175 0.0288575 0.0231692 0.0179488 0.0133075 0.00935836 0.00618442 0.00380575
 0.00858148 0.0139654 0.0210579 0.0297864 0.0398239 0.0504323 0.0604394 0.0685333 0.0737475 0.0757772 0.07492 0.0717822 0.0670153 0.0611948 0.0547893 0.0481568 0.0415499 0.035135 0.0290227 0.0233005 0.0180589 0.0134016 0.00943631 0.00624444 0.00384757
 0.00873795 0.0141582 0.0212365 0.0298712 0.0397351 0.0501309 0.0599569 0.0679672 0.0732226 0.075396 0.0747316 0.0717815 0.0671623 0.0614363 0.0550732 0.0484393 0.0417995 0.0353353 0.0291727 0.0234093 0.0181391 0.0134637 0.00948557 0.0062827 0.00387525
 0.0086277 0.0140463 0.0211874 0.0299734 0.0400612 0.0506846 0.0606419 0.068609 0.0736427 0.0754947 0.0745263 0.0713814 0.0667037 0.0610241 0.0547568 0.0482204 0.0416542 0.0352348 0.029095 0.0233436 0.0180835 0.0134201 0.00945552 0.00626506 0.00386677
 0.00836514 0.0136103 0.0205211 0.0290363 0.0388594 0.0493042 0.059261 0.0674611 0.0729332 0.0753151 0.0748249 0.0720093 0.0674988 0.0618737 0.0556088 0.0490562 0.0424589 0.0359841 0.0297603 0.0239026 0.0185269 0.0137522 0.00969045 0.0064216 0.00396448
 0.00846784 0.0137541 0.020692 0.0292004 0.0389643 0.0492884 0.0590711 0.0670763 0.0723871 0.0747013 0.0742708 0.0716256 0.067335 0.0619088 0.0557796 0.0492983 0.0427296 0.0362615 0.0300306 0.0241518 0.0187413 0.013923 0.00981615 0.00650713 0.00401832
 0.00848617 0.0138099 0.020822 0.0294486 0.0393635 0.0498332 0.059698 0.0676678 0.0728057 0.0748397 0.0740944 0.0711853 0.0667448 0.0612995 0.0552528 0.0489029 0.0424667 0.0361065 0.0299535 0.0241266 0.0187473 0.0139439 0.00984028 0.00652786 0.00403327
 0.00860218 0.0139676 0.0210046 0.029627 0.0395117 0.0499477 0.0598066 0.0678155 0.0730217 0.0751066 0.0743435 0.0713257 0.0667099 0.0610812 0.0549035 0.0485067 0.0421021 0.0358209 0.029759 0.0240115 0.01869 0.0139228 0.00983827 0.00653352 0.00404017
 0.00874502 0.014212 0.0213917 0.0301938 0.0402727 0.0508719 0.060805 0.0687561 0.0737717 0.0755786 0.0745148 0.0712224 0.0663742 0.0605512 0.0542171 0.0477158 0.0412764 0.0350358 0.0290756 0.0234627 0.0182801 0.0136361 0.00964974 0.00641694 0.00397263
 0.00850908 0.0138773 0.0209802 0.0297618 0.0399007 0.0506448 0.0607899 0.0689838 0.0742253 0.0761924 0.0751894 0.0718525 0.0668774 0.0608827 0.0543667 0.047698 0.0411235 0.0347935 0.0287966 0.0231954 0.0180576 0.0134719 0.00954098 0.00635163 0.00393687
 0.00846839 0.0137824 0.0207876 0.0294221 0.0393822 0.0499652 0.0600367 0.0683035 0.0737775 0.0760895 0.0754551 0.0724183 0.0676149 0.0616498 0.0550472 0.0482215 0.0414673 0.0349723 0.0288482 0.0231672 0.0179939 0.0134051 0.00948834 0.00631752 0.00391815
 0.00879202 0.0142726 0.0214549 0.0302437 0.0402977 0.050878 0.0608242 0.0688419 0.0739822 0.0759523 0.075052 0.0718773 0.06706 0.0611556 0.0546271 0.0478468 0.041099 0.0345862 0.0284448 0.0227672 0.0176268 0.0130967 0.00925238 0.00615361 0.00381494
 0.00883549 0.0143743 0.0216634 0.0306181 0.0408863 0.0516867 0.0617914 0.0698385 0.0748434 0.0765291 0.0752583 0.071713 0.066603 0.0605277 0.053949 0.0472025 0.0405235 0.0340776 0.0279882 0.0223534 0.0172594 0.0127868 0.00900968 0.00597961 0.00370168
 0.00848777 0.0138436 0.0209332 0.0297062 0.0398521 0.0506346 0.0608642 0.0691933 0.0746052 0.0767412 0.0758602 0.0725629 0.0675334 0.0614032 0.0546966 0.0478078 0.0410044 0.0344568 0.028279 0.0225621 0.0173928 0.0128586 0.00903869 0.00598476 0.00369726
 0.00803795 0.0130911 0.0197664 0.0280229 0.0375996 0.047866 0.0577847 0.0661554 0.0720363 0.0750287 0.0752449 0.0730843 0.0690376 0.0636017 0.0572516 0.0504133 0.0434375 0.0365888 0.0300567 0.0239803 0.0184738 0.0136412 0.0095729 0.0063262 0.00390036
 0.00853646 0.0138123 0.0206814 0.0290339 0.0385498 0.0485666 0.0580505 0.0658467 0.0711074 0.0735673 0.0734763 0.0713204 0.0675851 0.0626703 0.0569035 0.0505714 0.043939 0.0372527 0.0307354 0.0245802 0.0189523 0.0139918 0.00981011 0.00647417 0.00398513
#obs surv len freq
 nan nan nan nan nan nan nan nan nan nan nan nan nan nan nan nan nan nan nan nan nan nan nan nan nan
 0.00448449 0.0073458 0.0111758 0.0159922 0.0216931 0.0279689 0.0342831 0.0400145 0.0446939 0.0481576 0.0505152 0.0520107 0.0529027 0.0534148 0.0537289 0.0539836 0.054262 0.0545547 0.0546934 0.0542853 0.0527234 0.0493555 0.0438054 0.0362855 0.0276693
 0.0046144 0.00755905 0.0115002 0.016454 0.0223102 0.0287413 0.0351832 0.0409839 0.0456524 0.0490183 0.0512015 0.0524677 0.0531021 0.0533557 0.053433 0.053488 0.0536098 0.0537885 0.0538521 0.0534057 0.0518442 0.0485198 0.0430576 0.0356635 0.0271939
 0.00478527 0.00783677 0.0119182 0.0170433 0.0230942 0.0297257 0.036346 0.0422699 0.0469778 0.0502833 0.0523053 0.0533207 0.053636 0.0535306 0.053241 0.0529511 0.0527733 0.0527116 0.0526012 0.052051 0.050461 0.0471886 0.0418585 0.0346624 0.0264274
 0.00496136 0.0081293 0.0123699 0.0176978 0.0239868 0.0308693 0.0377171 0.0438043 0.0485798 0.0518439 0.0537176 0.0544884 0.054477 0.0539801 0.0532572 0.0525205 0.0519144 0.0514732 0.0510584 0.0503009 0.0486187 0.0453811 0.0402113 0.0332781 0.0253634
 0.00518164 0.00848462 0.0129 0.0184391 0.0249673 0.0321 0.0391808 0.0454487 0.0503211 0.0535779 0.0553338 0.0558807 0.0555508 0.0546567 0.0534761 0.052243 0.0511285 0.0502001 0.0493586 0.0482773 0.0464139 0.0431657 0.0381601 0.0315367 0.0240169
 0.00541707 0.00887271 0.0134936 0.0192897 0.0261136 0.0335512 0.0409002 0.0473515 0.0522901 0.0554892 0.0570768 0.0573643 0.0566994 0.055404 0.0537631 0.0520207 0.0503641 0.0488885 0.0475362 0.0460354 0.043904 0.0405891 0.0357359 0.029455 0.0223945
 0.00565861 0.00926924 0.0140978 0.020154 0.0272809 0.035039 0.0426842 0.0493578 0.0544024 0.0575703 0.0589912 0.0589952 0.0579566 0.0562226 0.0540965 0.0518315 0.0496224 0.0475788 0.0456759 0.0436975 0.0412336 0.0377984 0.033071 0.0271401 0.0205745
 0.00589429 0.00965612 0.0146872 0.0209967 0.0284178 0.036487 0.0444206 0.0513139 0.0564728 0.0596308 0.0609172 0.0606724 0.0592868 0.0571267 0.0545148 0.0517212 0.0489534 0.0463356 0.0438697 0.0413894 0.0385563 0.0349603 0.0303262 0.0247297 0.0186631
 0.00613903 0.010055 0.0152894 0.0218489 0.0295561 0.0379231 0.0461277 0.0532217 0.0584767 0.0616115 0.0627591 0.0622738 0.0605618 0.0580047 0.0549379 0.0516429 0.0483377 0.045161 0.0421412 0.0391591 0.0359461 0.0321683 0.0276023 0.0223182 0.0167367
 0.00639584 0.0104761 0.0159296 0.0227606 0.030778 0.0394634 0.0479471 0.0552291 0.0605445 0.0636025 0.0645507 0.0637698 0.0616934 0.058724 0.0552108 0.0514418 0.0476384 0.0439459 0.0404123 0.0369604 0.0333871 0.0294334 0.0249289 0.0199436 0.0148325
 0.00661502 0.0108385 0.0164864 0.0235635 0.0318695 0.0408601 0.0496233 0.0571094 0.0625137 0.0655271 0.066301 0.0652367 0.0627958 0.0594096 0.055451 0.0512224 0.0469511 0.0427862 0.0387883 0.0349125 0.0310123 0.0268964 0.0224453 0.0177316 0.0130531
 0.006854 0.0112283 0.0170755 0.0243978 0.0329831 0.0422619 0.0512815 0.058947 0.0644175 0.0673688 0.0679575 0.0666039 0.0637946 0.0599883 0.0555833 0.0509019 0.0461832 0.0415833 0.0371729 0.0329317 0.0287577 0.0245159 0.0201307 0.0156772 0.0114024
 0.00707736 0.0115962 0.0176377 0.0252025 0.0340668 0.0436322 0.0529018 0.060732 0.0662468 0.0691117 0.0694959 0.0678438 0.0646695 0.0604572 0.0556265 0.0505173 0.0453815 0.0403846 0.0356092 0.0310565 0.0266606 0.0223308 0.0180257 0.0138202 0.00991572
 0.00728906 0.0119415 0.0181596 0.0259418 0.0350538 0.0448748 0.0543713 0.0623575 0.0679235 0.0707196 0.0709193 0.0689867 0.0654629 0.0608606 0.055625 0.0501151 0.0445958 0.0392418 0.0341468 0.029331 0.0247578 0.020372 0.0161569 0.0121836 0.00861228
 0.00743581 0.0121874 0.018543 0.0265029 0.035826 0.0458712 0.0555719 0.0637048 0.0693315 0.0720901 0.0721581 0.0700124 0.0662108 0.0612845 0.0556989 0.0498319 0.043965 0.0382867 0.0329045 0.027857 0.0231328 0.0187041 0.0145721 0.0108013 0.00751532
 0.00751489 0.0123167 0.0187398 0.0267859 0.0362148 0.0463829 0.0562165 0.0644789 0.0702137 0.0730395 0.0731166 0.070911 0.066978 0.0618556 0.056022 0.049872 0.0437052 0.0377294 0.0320723 0.0267955 0.0219132 0.0174221 0.0133372 0.00971594 0.00665025
 0.00761127 0.0124634 0.0189424 0.0270438 0.0365231 0.0467357 0.056609 0.0649083 0.0706788 0.0735389 0.0736451 0.0714533 0.0675044 0.0623218 0.0563749 0.0500585 0.0436819 0.0374704 0.0315751 0.0260847 0.0210428 0.0164717 0.0124003 0.00888098 0.00597923
 0.00768423 0.012581 0.0191167 0.0272836 0.0368304 0.0471013 0.0570101 0.0653116 0.0710516 0.0738609 0.0739149 0.0716849 0.0677153 0.0625191 0.0565469 0.0501745 0.0436997 0.0373486 0.0312862 0.0256263 0.020443 0.0157873 0.0117058 0.00825014 0.00546601
 0.00774284 0.0126684 0.0192342 0.027428 0.0369966 0.0472849 0.0572085 0.0655225 0.0712694 0.0740757 0.0741144 0.0718597 0.0678632 0.0626446 0.0566545 0.0502604 0.0437459 0.0373255 0.0311623 0.0253823 0.0200833 0.0153438 0.0112316 0.00780371 0.00509379
 0.00778148 0.0127304 0.0193253 0.027552 0.037153 0.0474671 0.0574026 0.0657104 0.0714342 0.0742081 0.0742147 0.0719346 0.0679203 0.0626894 0.0566894 0.050284 0.0437516 0.037299 0.0310836 0.0252329 0.0198567 0.0150532 0.0109091 0.00749055 0.00482634
 0.00782489 0.0127926 0.0194038 0.0276397 0.0372411 0.047549 0.0574767 0.0657787 0.0714999 0.0742718 0.0742742 0.0719872 0.0679651 0.0627275 0.0567228 0.0503128 0.0437718 0.0373016 0.0310554 0.0251601 0.0197312 0.0148793 0.010705 0.00728388 0.00464396
 0.00785391 0.0128358 0.019461 0.0277075 0.0373125 0.0476146 0.0575265 0.0658047 0.0714997 0.0742509 0.074245 0.0719638 0.0679581 0.0627409 0.0567539 0.0503551 0.0438166 0.0373387 0.0310734 0.0251473 0.01968 0.0147898 0.0105876 0.00715657 0.00452624
 0.0078986 0.0129039 0.0195547 0.0278253 0.0374487 0.0477596 0.0576666 0.0659238 0.0715817 0.0742845 0.0742278 0.0719036 0.0678708 0.0626451 0.0566657 0.0502837 0.0437637 0.0372992 0.0310382 0.0251061 0.0196243 0.0147164 0.0105003 0.00706513 0.00444243
 0.00792323 0.0129431 0.019612 0.0279027 0.0375463 0.0478739 0.0577896 0.0660433 0.0716835 0.0743557 0.0742597 0.0718938 0.0678231 0.0625693 0.056575 0.0501919 0.0436813 0.037231 0.0309825 0.0250569 0.0195744 0.0146609 0.010439 0.00700264 0.00438539
 0.00789977 0.0129069 0.0195616 0.0278386 0.0374719 0.0477956 0.0577172 0.0659884 0.0716565 0.0743624 0.074299 0.0719574 0.0678993 0.062646 0.0566438 0.0502492 0.0437277 0.037269 0.0310136 0.0250803 0.0195873 0.0146609 0.0104264 0.0069809 0.00436013
 0.00790782 0.0129087 0.0195436 0.0277826 0.0373605 0.0476221 0.0574922 0.0657407 0.0714251 0.0741848 0.0742005 0.0719471 0.06797 0.0627788 0.0568142 0.0504332 0.0439064 0.0374303 0.0311512 0.0251917 0.0196717 0.0147188 0.0104604 0.00699559 0.00436197
 0.00790805 0.0129116 0.0195517 0.0277977 0.0373801 0.0476362 0.0574829 0.0656877 0.071316 0.0740249 0.0740153 0.0717744 0.0678456 0.0627247 0.0568331 0.0505116 0.0440221 0.0375605 0.0312776 0.0253021 0.0197599 0.0147831 0.0105021 0.00701879 0.00437193
 0.00789849 0.0128924 0.0195166 0.0277397 0.0372947 0.0475249 0.0573551 0.0655576 0.0711967 0.0739224 0.0739286 0.0717013 0.0677904 0.0626989 0.0568505 0.0505799 0.0441374 0.037708 0.0314371 0.0254544 0.0198908 0.0148854 0.0105748 0.00706539 0.00439846
 0.00787067 0.0128469 0.0194475 0.0276413 0.0371626 0.0473582 0.057159 0.0653453 0.0709882 0.073741 0.0737949 0.0716277 0.0677787 0.0627432 0.0569421 0.0507113 0.0443019 0.0378968 0.0316372 0.0256495 0.0200653 0.0150282 0.0106815 0.00713789 0.00444303
 0.00784549 0.0128029 0.0193759 0.0275324 0.0370086 0.0471572 0.0569187 0.0650832 0.0707289 0.0735106 0.0736163 0.0715179 0.0677465 0.0627889 0.0570576 0.0508825 0.0445123 0.03813 0.0318773 0.0258809 0.0202737 0.0152022 0.0108152 0.0072318 0.00450297
 0.00784382 0.0127981 0.0193645 0.0275091 0.0369666 0.0470891 0.0568184 0.0649483 0.0705628 0.0733243 0.0734277 0.0713487 0.0676181 0.0627176 0.0570517 0.0509413 0.0446271 0.0382864 0.032058 0.0260683 0.0204513 0.0153568 0.0109385 0.00732146 0.00456212
 0.0078156 0.012755 0.019305 0.0274332 0.036876 0.0469862 0.056706 0.0648292 0.0704403 0.0732018 0.0733101 0.0712428 0.0675338 0.0626664 0.0570442 0.0509842 0.0447207 0.0384235 0.0322254 0.026249 0.0206278 0.0155142 0.0110667 0.00741662 0.00462622
 0.00780261 0.0127291 0.0192574 0.0273537 0.0367565 0.0468256 0.0565139 0.0646256 0.0702492 0.0730436 0.0731962 0.0711755 0.067509 0.0626791 0.0570913 0.0510651 0.0448352 0.0385692 0.0323952 0.0264309 0.0208069 0.015676 0.0112005 0.00751749 0.0046952
 0.0077492 0.0126487 0.019148 0.0272172 0.0365965 0.046646 0.0563185 0.06442 0.070044 0.0728557 0.073046 0.0710812 0.0674815 0.0627184 0.0571888 0.0512077 0.0450103 0.0387661 0.0326042 0.0266417 0.0210076 0.0158547 0.0113477 0.00762866 0.00477169
 0.00933454 0.0148601 0.0218008 0.0299154 0.0388497 0.0480543 0.0567176 0.0639057 0.0688801 0.0713439 0.0714317 0.0695235 0.0660661 0.0614839 0.0561462 0.050352 0.0443271 0.0382365 0.0322085 0.0263598 0.0208195 0.0157393 0.0112844 0.00759881 0.00476052
 0.00931654 0.0151264 0.022722 0.0319501 0.0423431 0.0529668 0.0624545 0.0694159 0.0730327 0.0733771 0.0712061 0.0674569 0.0628509 0.0577924 0.0524658 0.0469624 0.0413538 0.0357162 0.0301341 0.0247049 0.0195465 0.0148028 0.0106312 0.00717102 0.00449975
 0.00897583 0.0145903 0.0219702 0.0310327 0.0414346 0.0524018 0.0626872 0.0708571 0.0758017 0.0771192 0.0751383 0.0706675 0.0646815 0.0580668 0.0514542 0.0451622 0.0392561 0.0336732 0.0283392 0.0232328 0.0184033 0.0139597 0.0100433 0.00678609 0.0042652
 0.00882747 0.0143348 0.0215599 0.0304175 0.0405808 0.0513265 0.0615015 0.069794 0.0751967 0.0773161 0.0763345 0.0727681 0.067268 0.0605345 0.053259 0.0460297 0.0392348 0.0330319 0.0274049 0.0222687 0.0175647 0.0133076 0.0095788 0.00648031 0.00407915
 0.00875282 0.0142101 0.021365 0.0301285 0.0401718 0.0507749 0.0607992 0.0689651 0.0743191 0.0765372 0.0758621 0.0728167 0.0679637 0.0618216 0.0548783 0.0476036 0.0404229 0.0336627 0.027509 0.0220125 0.0171473 0.0128838 0.00923224 0.00623513 0.0039246
 0.00870312 0.0141299 0.0212452 0.0299601 0.0399463 0.0504851 0.0604405 0.0685375 0.0738303 0.0760109 0.0753509 0.0724125 0.067789 0.0619912 0.0554367 0.0484765 0.0414233 0.0345621 0.028134 0.0223075 0.0171689 0.0127456 0.00904353 0.00606621 0.00380318
 0.00867658 0.0140846 0.0211731 0.0298525 0.0397957 0.0502881 0.0602 0.0682621 0.0735319 0.0757008 0.0750408 0.0721217 0.0675543 0.0618706 0.0554964 0.0487587 0.0419105 0.0351658 0.0287232 0.0227646 0.0174371 0.0128396 0.00902282 0.00599689 0.00373166
 0.00867363 0.0140798 0.0211656 0.0298407 0.0397762 0.0502554 0.0601466 0.0681798 0.0734146 0.0755469 0.0748546 0.0719136 0.0673421 0.0616813 0.0553677 0.0487323 0.0420156 0.0353986 0.029038 0.0230874 0.0176978 0.0130009 0.0090886 0.00599807 0.00370418
 0.00866793 0.0140709 0.0211527 0.0298234 0.0397546 0.0502297 0.0601167 0.0681451 0.0733725 0.0754933 0.0747844 0.0718234 0.0672329 0.0615621 0.0552559 0.0486532 0.0419965 0.0354575 0.0291717 0.0232681 0.0178825 0.0131502 0.00918275 0.00604026 0.00371171
 0.00865237 0.014048 0.0211227 0.0297879 0.0397164 0.0501918 0.0600816 0.0681144 0.073347 0.075472 0.074765 0.0718015 0.0672039 0.0615231 0.055209 0.0486077 0.0419676 0.0354621 0.0292201 0.0233568 0.0179935 0.0132584 0.00926751 0.00609314 0.00373652
 0.00865377 0.0140479 0.0211182 0.0297755 0.0396927 0.050156 0.0600368 0.0680671 0.0733045 0.0754401 0.0747453 0.0717919 0.0671996 0.0615185 0.0552003 0.0485946 0.041955 0.035459 0.029236 0.0233964 0.0180528 0.0133258 0.00932905 0.006139 0.00376424
 0.00864462 0.014036 0.0211059 0.0297659 0.0396888 0.0501584 0.0600423 0.06807 0.0732996 0.0754253 0.0747231 0.0717675 0.0671777 0.0615015 0.0551876 0.0485842 0.0419463 0.0354539 0.0292389 0.0234115 0.018081 0.013363 0.00936775 0.00617191 0.00378734
 0.00863793 0.0140238 0.0210853 0.0297342 0.0396448 0.0501044 0.0599848 0.0680182 0.0732622 0.0754066 0.0747217 0.0717783 0.0671955 0.0615225 0.0552102 0.0486076 0.0419699 0.0354774 0.0292631 0.023438 0.018111 0.0133955 0.00939968 0.00619951 0.00380796
 0.00862844 0.0140107 0.0210696 0.029718 0.0396301 0.0500914 0.059972 0.0680031 0.073243 0.0753849 0.0747014 0.0717642 0.0671902 0.0615259 0.05522 0.0486212 0.0419851 0.0354935 0.0292801 0.0234564 0.0181311 0.013417 0.00942101 0.00621855 0.00382291
 0.00860796 0.01398 0.0210285 0.0296683 0.0395756 0.0500375 0.0599244 0.0679671 0.073222 0.075379 0.0747081 0.0717796 0.0672115 0.0615516 0.0552493 0.0486532 0.0420185 0.0355265 0.0293114 0.0234856 0.0181579 0.0134413 0.00944243 0.00623627 0.00383637
 0.00860796 0.01398 0.0210285 0.0296683 0.0395756 0.0500375 0.0599244 0.0679671 0.073222 0.075379 0.0747081 0.0717796 0.0672115 0.0615516 0.0552493 0.0486532 0.0420185 0.0355265 0.0293114 0.0234856 0.0181579 0.0134413 0.00944243 0.00623627 0.00383637
 0.00838224 0.0136187 0.0204972 0.0289445 0.0386597 0.0489667 0.0587831 0.0668815 0.0723334 0.0748057 0.0745145 0.0719656 0.0677224 0.0622996 0.0561361 0.0495876 0.0429273 0.0363584 0.0300352 0.0240869 0.0186351 0.013802 0.00970069 0.00641019 0.00394558
 0.00846783 0.0137322 0.0206195 0.0290391 0.0386787 0.0488637 0.0585271 0.0664677 0.07179 0.0741938 0.0739187 0.0714764 0.0674121 0.0622043 0.0562495 0.0498687 0.0433161 0.0367926 0.0304626 0.0244709 0.0189554 0.0140517 0.00988288 0.0065343 0.00402409
 0.00861222 0.0139775 0.0210051 0.0295996 0.0394259 0.0497628 0.0594808 0.0673259 0.0723895 0.0744123 0.073716 0.070903 0.0665876 0.0612778 0.0553592 0.0491128 0.042741 0.0363984 0.0302193 0.0243365 0.0188905 0.014026 0.00987659 0.00653593 0.00402787
 0.0084941 0.0138042 0.0207811 0.0293467 0.0391837 0.0495846 0.0594238 0.0674336 0.072669 0.0748175 0.0741532 0.0712613 0.0667824 0.0612826 0.0552102 0.0488862 0.0425185 0.0362383 0.0301442 0.0243377 0.0189416 0.014098 0.00994712 0.00659286 0.00406773
 0.00874504 0.0141866 0.0213082 0.030012 0.0399611 0.0504312 0.0602832 0.0682406 0.0733589 0.0753364 0.0744619 0.0713326 0.0665985 0.0608407 0.0545349 0.0480381 0.0415887 0.0353273 0.0293364 0.0236832 0.0184532 0.0137597 0.00972842 0.00646039 0.00399258
 0.00863351 0.0140409 0.0211547 0.0298963 0.0399354 0.0505334 0.0605206 0.0685884 0.0737724 0.0757688 0.074875 0.0716972 0.0668876 0.0610246 0.0545846 0.0479374 0.0413466 0.0349825 0.028948 0.023312 0.0181432 0.01353 0.00957578 0.00636873 0.00394253
 0.00856198 0.0139109 0.0209365 0.0295618 0.0394744 0.049974 0.0599403 0.0681009 0.0734905 0.0757602 0.0751386 0.0721714 0.0674797 0.0616407 0.0551473 0.048391 0.0416594 0.0351493 0.0289895 0.023268 0.0180592 0.0134433 0.00950762 0.00632473 0.00391864
 0.00878392 0.014251 0.0214074 0.0301546 0.0401536 0.0506754 0.0605758 0.0685764 0.0737363 0.0757603 0.0749375 0.0718506 0.0671196 0.0612917 0.0548226 0.0480787 0.04134 0.0348096 0.0286305 0.0229059 0.0177198 0.0131523 0.00928151 0.00616622 0.00381864
 0.00875099 0.0142253 0.0214195 0.0302484 0.0403725 0.0510408 0.0610687 0.0691336 0.0742661 0.0761706 0.0751647 0.0718778 0.0669772 0.0610403 0.0545267 0.0477835 0.0410635 0.034549 0.0283766 0.0226554 0.0174797 0.012937 0.00910487 0.00603537 0.00373168
 0.00855545 0.013904 0.0209334 0.0295699 0.0395033 0.0500347 0.0600427 0.0682513 0.073689 0.0759985 0.0754012 0.0724376 0.0677295 0.0618579 0.0553181 0.0484998 0.0416853 0.03507 0.0287938 0.0229684 0.0176951 0.0130701 0.00917713 0.00606902 0.00374465
 0.00818205 0.0132956 0.0200175 0.0282845 0.0378176 0.0479794 0.0577393 0.0659186 0.0716111 0.0744629 0.0746267 0.072521 0.0686243 0.0633941 0.0572547 0.0505882 0.0437206 0.0369133 0.0303683 0.024245 0.0186773 0.0137841 0.00966483 0.00638016 0.00392906
 0.00851018 0.0137746 0.0206339 0.0289813 0.0384982 0.0485204 0.0580094 0.0658036 0.071049 0.0734784 0.0733475 0.0711572 0.0674123 0.0625271 0.0568292 0.05059 0.0440492 0.0374301 0.0309427 0.0247814 0.019122 0.0141188 0.00989522 0.00652539 0.00401274
#pred catch len freq
 0.00316142 0.00514986 0.0078035 0.0111765 0.0153117 0.0201887 0.0256646 0.03147 0.0372676 0.0427223 0.0475499 0.0515498 0.0546304 0.0568106 0.0581939 0.0589359 0.0592205 0.0592263 0.0590441 0.0585426 0.0572585 0.0544594 0.0494665 0.042121 0.0330745
 0.00333094 0.00537833 0.00806193 0.011413 0.0154713 0.0202411 0.0256209 0.0313751 0.0371696 0.0426417 0.0474709 0.0514421 0.054485 0.0566657 0.0581312 0.0590469 0.0595564 0.0597545 0.0596366 0.059009 0.0574184 0.0542217 0.0488724 0.0413227 0.0322624
 0.00345567 0.00559551 0.00841129 0.0119294 0.0161639 0.0210685 0.026481 0.0321264 0.0376839 0.0428569 0.0474084 0.0511782 0.0541046 0.0562346 0.0577011 0.0586722 0.0592937 0.0596344 0.0596271 0.0590059 0.0572818 0.0538456 0.0482445 0.0405344 0.0314611
 0.00360224 0.00583016 0.00876048 0.0124226 0.0168353 0.0219535 0.0275992 0.0334534 0.0391241 0.0442418 0.048534 0.0518731 0.0542914 0.055948 0.0570577 0.0578192 0.0583657 0.058727 0.058781 0.0582005 0.0564524 0.0529286 0.0472291 0.0394837 0.0304858
 0.00373755 0.00605606 0.00911197 0.0129375 0.017549 0.0228906 0.0287643 0.0348263 0.0406585 0.0458604 0.0501198 0.0532673 0.0553151 0.0564504 0.0569697 0.0571783 0.0572966 0.0573905 0.0573185 0.0567006 0.0549505 0.051436 0.0457726 0.0381269 0.029315
 0.00392117 0.0063467 0.00953648 0.0135204 0.0183142 0.0238606 0.0299545 0.0362337 0.0422511 0.0475714 0.0518494 0.0548889 0.056684 0.057417 0.0574014 0.0569923 0.0564892 0.056044 0.0555754 0.0547204 0.0528753 0.0493822 0.0438424 0.0364177 0.0279102
 0.00413575 0.00669048 0.0100448 0.014224 0.0192354 0.0250071 0.0313128 0.0377661 0.0439008 0.0492713 0.0535263 0.0564616 0.0580577 0.0584813 0.058036 0.0570841 0.0559599 0.0548784 0.0538384 0.0525497 0.0504552 0.0469123 0.0415113 0.0343828 0.0262766
