SBPRF35
7.78865
Curr Bio
526738
B35
687982
F35
0.21189
FOFL
0.159377
OFL
66519.5
Bzero
2.22533e+06
#pred survey bio
 4.7342e+06 4.48281e+06 4.23632e+06 3.93276e+06 3.60089e+06 3.2522e+06 2.93086e+06 2.60645e+06 2.28744e+06 2.01361e+06 1.75896e+06 1.56568e+06 1.37423e+06 1.20396e+06 1.06373e+06 946296 855290 789945 752342 726173 702168 672008 666720 650154 652150 646139 630373 630649 623600 614919 615868 619907 620083 614939 603620 580640 573592 561645 562622 562837 574783 574378 575317 572973 577542 580713 582739 580011 588298 593921 602373 610544 601153 603724 584716 576921 579365 563250 538345 531583 1.85637e+07 1.08325e+07 1.08745e+07 1.15155e+07 1.2492e+07 1.35417e+07 1.45047e+07 1.53111e+07 1.5948e+07 1.64322e+07 1.6791e+07 1.70526e+07 1.72415e+07 1.73773e+07 1.74748e+07 1.7545e+07 1.75957e+07 1.76325e+07 1.76594e+07 1.76792e+07 1.76939e+07 1.77048e+07 1.7713e+07 1.77191e+07 1.77238e+07 1.77273e+07 1.773e+07 1.77321e+07 1.77336e+07 1.77348e+07 1.77357e+07 1.77365e+07 1.7737e+07 1.77374e+07 1.77377e+07 1.7738e+07 1.77382e+07 1.77383e+07 1.77385e+07 1.77385e+07 1.77386e+07 1.77387e+07 1.77387e+07 1.77387e+07 1.77388e+07 1.77388e+07 1.77388e+07 1.77388e+07 1.77388e+07 1.77388e+07 1.77388e+07 1.77388e+07 1.77388e+07 1.77388e+07 1.77388e+07 1.77388e+07 1.77388e+07 1.77388e+07 1.77388e+07 1.77388e+07 1.77388e+07 1.77388e+07 1.77388e+07 1.77388e+07 1.77388e+07 1.77388e+07 1.77388e+07 1.77388e+07 1.77388e+07 1.77388e+07 1.77388e+07 1.77388e+07 1.77388e+07 1.77388e+07 1.77388e+07 1.77388e+07 1.77388e+07 1.77388e+07 1.77388e+07 1.77388e+07 1.77388e+07 1.77388e+07 1.77388e+07 1.77388e+07 1.77388e+07 1.77388e+07 1.77388e+07 1.77388e+07 1.77388e+07 1.77388e+07 1.77388e+07 1.77388e+07 1.77388e+07 1.77388e+07 1.77388e+07 1.77388e+07 1.77388e+07 1.77388e+07 1.77388e+07 1.77388e+07 0 0 0 0 0 0 0 0 0 0 0 0 0 0 0 0 0 0 0 0 0 0 0 0 0
#obs survey bio
 3.94308e+06 3.04106e+06 3.75172e+06 3.091e+06 2.10461e+06 2.76842e+06 1.80942e+06 1.89748e+06 2.00341e+06 1.52679e+06 1.36996e+06 1.52319e+06 833764 755471 945990 732165 887582 663308 666832 732519 722573 535508 600024 824987 481342 494357 542445 737014 547171 509289 506213 531994 489146 557187 642073 508570 723960 619720 877434 691508 540512 500507 509883 565152 818034 662694 552411 477956 429216 643218 585852 546982 651652 496606 732063 625217 535468 596638 400043 619686
#pred catch bio
 90389.6 88234 152451 201248 247059 255381 290598 315872 301329 305439 267826 278711 268088 246151 227942 204405 179700 153090 140909 136313 138173 115067 123168 106503 112181 117670 101193 104818 104190 95191.2 92250.8 94493.8 96235.1 96879.4 101357 85183.7 90830.7 82634 84828.6 75496.6 86318 85484.1 88668.7 83459.8 85722.4 88074.1 93403.5 85714.7 89817.3 88730.9 89616.6 103644 92409.1 109125 97644.6 87594.3 101198 105400 86495.9 77194.9 66519.5 83644.5 82470.8 85901.1 92692.6 100321 107294 113017 117407 120622 122897 124466 125527 126234 126699 127003 127199 127326 127407 127458 127491 127512 127525 127533 127539 127542 127544 127545 127546 127547 127547 127547 127547 127547 127548 127548 127548 127548 127548 127548 127548 127548 127548 127548 127548 127548 127548 127548 127548 127548 127548 127548 127548 127548 127548 127548 127548 127548 127548 127548 127548 127548 127548 127548 127548 127548 127548 127548 127548 127548 127548 127548 127548 127548 127548 127548 127548 127548 127548 127548 127548 127548 127548 127548 127548 127548 127548 127548 127548 127548 127548 127548 127548 127548 127548 127548 127548 127548 127548 127548 0 0 0 0 0 0 0 0 0 0 0 0 0 0 0 0 0 0 0 0 0 0 0 0 0
#obs catch bio
 0 87972.1 153102 202311 249650 258830 296391 323164 308911 314775 275036 287632 278711 255319 236637 212633 186336 156929 144307 139290 141392 117134 125809 108039 114701 120150 102724 105873 105237 96493.2 93393.3 95991.8 98120.5 98033.2 102484 85689.3 91201 82692.4 84731.2 75121.1 85862.4 85295.4 88775.2 83451.3 85591.5 88078 93978.4 86100.7 90471.6 89474.8 90029.6 104790 92610.9 110117 98193.9 87767.7 101458 106091 86782.9 77130
#pred cpue bio
 4.66027e+06 4.41398e+06 4.17167e+06 3.87003e+06 3.53927e+06 3.19177e+06 2.87173e+06 2.54917e+06 2.23237e+06 1.96051e+06 1.70801e+06 1.51622e+06 1.32677e+06 1.1587e+06 1.02061e+06 905233 816230 752928 716765 691651 668694 639719 634715 618748 620794 615284 600514 601429 595081 586715 587607 591661 592222 588034 578132 556661 549574 536717 536831 537160 549118 548770 549494 547060 551380 554265 555888 552911 560677 565907 574082 582175 573306 575994 557673 550307 553063 537777 513872 507993 1.77891e+07 1.03945e+07 1.03098e+07 1.08e+07 1.17223e+07 1.2759e+07 1.37194e+07 1.45253e+07 1.51622e+07 1.56463e+07 1.60051e+07 1.62667e+07 1.64556e+07 1.65914e+07 1.66889e+07 1.67591e+07 1.68098e+07 1.68466e+07 1.68736e+07 1.68934e+07 1.6908e+07 1.69189e+07 1.69271e+07 1.69333e+07 1.69379e+07 1.69415e+07 1.69441e+07 1.69462e+07 1.69478e+07 1.6949e+07 1.69499e+07 1.69506e+07 1.69511e+07 1.69515e+07 1.69519e+07 1.69521e+07 1.69523e+07 1.69525e+07 1.69526e+07 1.69527e+07 1.69527e+07 1.69528e+07 1.69528e+07 1.69529e+07 1.69529e+07 1.69529e+07 1.69529e+07 1.69529e+07 1.69529e+07 1.6953e+07 1.6953e+07 1.6953e+07 1.6953e+07 1.6953e+07 1.6953e+07 1.6953e+07 1.6953e+07 1.6953e+07 1.6953e+07 1.6953e+07 1.6953e+07 1.6953e+07 1.6953e+07 1.6953e+07 1.6953e+07 1.6953e+07 1.6953e+07 1.6953e+07 1.6953e+07 1.6953e+07 1.6953e+07 1.6953e+07 1.6953e+07 1.6953e+07 1.6953e+07 1.6953e+07 1.6953e+07 1.6953e+07 1.6953e+07 1.6953e+07 1.6953e+07 1.6953e+07 1.6953e+07 1.6953e+07 1.6953e+07 1.6953e+07 1.6953e+07 1.6953e+07 1.6953e+07 1.6953e+07 1.6953e+07 1.6953e+07 1.6953e+07 1.6953e+07 1.6953e+07 1.6953e+07 1.6953e+07 1.6953e+07 1.6953e+07 1.6953e+07 0 0 0 0 0 0 0 0 0 0 0 0 0 0 0 0 0 0 0 0 0 0 0 0 0
#obs cpue bio
 6.25331e+06 2.82998e+06 4.83094e+06 3.05e+06 3.11561e+06 1.67295e+06 2.97777e+06 3.17646e+06 1.51571e+06 1.73879e+06 1.55338e+06 1.13373e+06 952433 1.30160e+06 695690 580128 500994 912005 553399 560320 509416 530158 585442 413075 415545 795981 552730 741523 590325 372134 624558 441880 444421 967146 607959 581478 639774 517048 483556 506747 792944 449348 510964 544424 468437 412625 380414 572640 631285 398386 684893 477714 665018 560048 433131 525680 699302 400276 666042 600456
#pred surv len freq
 0.00510946 0.00828087 0.0124347 0.0175411 0.02347 0.029913 0.0363541 0.0421906 0.04696 0.050496 0.0529071 0.0544427 0.0553648 0.0558777 0.0560983 0.056048 0.0556665 0.0548374 0.0534038 0.0511633 0.0478656 0.0432738 0.0373141 0.0302503 0.0227365
 0.00534418 0.00855662 0.0126598 0.0175796 0.0231964 0.0292888 0.035476 0.0412683 0.0462229 0.0500821 0.052804 0.0545111 0.0554239 0.0557998 0.0558672 0.055762 0.0554901 0.0549242 0.0538223 0.0518607 0.0486894 0.04404 0.0378854 0.0305807 0.0228643
 0.00566653 0.00906609 0.0133914 0.0185353 0.0243213 0.0304516 0.036474 0.0418806 0.0463026 0.0496364 0.0519973 0.0535773 0.0545454 0.055037 0.0551799 0.0550921 0.0548362 0.0543573 0.0534393 0.051715 0.0487502 0.0442062 0.0380418 0.0306542 0.0228449
 0.00597507 0.00956386 0.0141335 0.0195697 0.025678 0.032121 0.0383802 0.0438614 0.0481183 0.0510187 0.0527289 0.0535699 0.0538697 0.053881 0.0537591 0.0535719 0.0533132 0.0528913 0.0520897 0.0505432 0.0477932 0.0434568 0.0374574 0.0301873 0.0224674
 0.00628089 0.0100534 0.0148567 0.0205705 0.0269888 0.0337532 0.0403093 0.0460134 0.0503631 0.053172 0.0545665 0.0548604 0.0544284 0.0536283 0.0527496 0.0519714 0.0513373 0.0507443 0.0499354 0.0485046 0.0459598 0.041885 0.0361702 0.02918 0.0217177
 0.00656601 0.0105151 0.0155486 0.021542 0.0282775 0.0353719 0.0422322 0.04817 0.0526449 0.0554457 0.0566824 0.0566523 0.0557174 0.0542448 0.0525747 0.050981 0.0496208 0.0484846 0.0473623 0.0458467 0.0434132 0.0395997 0.0342448 0.0276606 0.0206008
 0.00683039 0.0109374 0.0161713 0.022402 0.0294032 0.0367764 0.0439036 0.0500641 0.0546863 0.0575355 0.058707 0.0584879 0.0572297 0.0552899 0.0530093 0.0506895 0.0485531 0.0466887 0.0449894 0.0431255 0.0406038 0.0369453 0.031934 0.0258055 0.0192312
 0.00713378 0.0114207 0.0168801 0.0233726 0.0306564 0.0383093 0.0456801 0.0520123 0.0567089 0.0595284 0.0605736 0.0601422 0.0585901 0.0562687 0.0535076 0.0506017 0.0477895 0.0452108 0.042847 0.0404733 0.0376847 0.0340426 0.0293095 0.0236441 0.0176121
 0.00747867 0.0119695 0.0176839 0.0244708 0.03207 0.04003 0.0476583 0.0541536 0.0588858 0.0616049 0.062429 0.0616846 0.0597566 0.0570153 0.0537939 0.0503781 0.0469967 0.0437997 0.0408156 0.0379057 0.0347678 0.0310429 0.0265132 0.0212838 0.0158118
 0.00781566 0.0125031 0.0184606 0.0255251 0.0334194 0.0416674 0.0495416 0.0562005 0.0609814 0.0636196 0.0642384 0.0631841 0.0608687 0.0576902 0.0540024 0.0500994 0.0462071 0.0424741 0.0389488 0.0355476 0.0320546 0.0281976 0.023803 0.0189491 0.0140003
 0.0082116 0.0131264 0.0193604 0.0267332 0.0349442 0.0434862 0.0515914 0.0583758 0.0631471 0.0656349 0.0659791 0.0645549 0.0618051 0.0581555 0.053982 0.0495926 0.045218 0.0410075 0.0370192 0.0332041 0.0294094 0.0254376 0.0211641 0.0166565 0.0122032
 0.00849489 0.0135815 0.0200351 0.0276678 0.0361639 0.0449893 0.0533359 0.0602757 0.0650836 0.067478 0.0676091 0.065875 0.0627453 0.0586711 0.05405 0.0492064 0.0443813 0.0397318 0.0353283 0.0311492 0.0270904 0.0230129 0.0188343 0.0146177 0.0105914
 0.00877973 0.014044 0.0207297 0.0286438 0.0374545 0.046595 0.0552082 0.0623115 0.0671391 0.069397 0.0692507 0.0671317 0.0635497 0.0589946 0.0538946 0.0485942 0.0433439 0.0383045 0.0335528 0.029086 0.024835 0.0207053 0.0166464 0.0127163 0.00909168
 0.00907591 0.0145134 0.021414 0.0295749 0.0386502 0.048052 0.0568914 0.064147 0.0690173 0.0711862 0.0708168 0.0683562 0.0643448 0.0593117 0.0537253 0.0479622 0.0422934 0.0368892 0.0318328 0.0271333 0.0227452 0.018604 0.0146796 0.0110217 0.00776156
 0.00935663 0.0149564 0.0220556 0.0304395 0.039746 0.0493647 0.0583773 0.0657313 0.0706033 0.0726714 0.0721065 0.0693703 0.0650194 0.0596007 0.0536043 0.0474318 0.0413784 0.0356348 0.0303 0.0253988 0.0209041 0.0167712 0.0129805 0.00956923 0.00662801
 0.00949775 0.0152015 0.0224531 0.0310423 0.0405981 0.0504802 0.0597214 0.0672175 0.0721107 0.0740737 0.0732977 0.0702761 0.0655963 0.0598294 0.0534816 0.0469665 0.0405906 0.0345577 0.0289828 0.0239086 0.0193275 0.0152111 0.0115447 0.0083505 0.00568278
 0.00950502 0.015228 0.0225215 0.031187 0.040862 0.0509063 0.0603414 0.0680388 0.0731062 0.0751779 0.0744134 0.0712928 0.0664138 0.0603755 0.053719 0.0468875 0.0402085 0.0339002 0.0280909 0.0228396 0.0181562 0.0140273 0.010442 0.00740878 0.00495033
 0.00965105 0.0154253 0.0227458 0.0313946 0.0410076 0.0509689 0.0603431 0.068044 0.0731982 0.0754259 0.0748444 0.0718806 0.0670855 0.0610318 0.0542597 0.0472325 0.0403098 0.0337439 0.0276929 0.0222412 0.0174204 0.0132324 0.00967078 0.00673324 0.00441658
 0.00971276 0.01552 0.022876 0.0315544 0.0411786 0.0511186 0.0604297 0.0680314 0.0730786 0.0752372 0.0746672 0.0718096 0.0671882 0.0613183 0.0546773 0.0476867 0.0406967 0.0339796 0.0277314 0.0220786 0.0170902 0.0127949 0.00919802 0.00629207 0.00405401
 0.0096947 0.0154965 0.0228515 0.0315368 0.0411769 0.0511388 0.0604702 0.0680799 0.0731144 0.0752387 0.0746251 0.0717392 0.0671315 0.0613287 0.0547932 0.0479086 0.0409809 0.0342542 0.0279234 0.0221394 0.0170092 0.0125982 0.00893549 0.00601923 0.00381525
 0.00971942 0.0155285 0.022885 0.0315621 0.0411847 0.0511255 0.060441 0.0680479 0.0730928 0.0752334 0.0746311 0.0717443 0.0671269 0.0613191 0.0547984 0.0479526 0.0410754 0.0343856 0.0280546 0.0222257 0.0170187 0.0125253 0.0088009 0.00585831 0.00366269
 0.00990128 0.0157971 0.0232383 0.031979 0.0416288 0.0515528 0.0608083 0.0683181 0.0732411 0.0752518 0.0745295 0.0715458 0.0668598 0.0610116 0.0544777 0.047646 0.0408077 0.034172 0.0278939 0.0221002 0.016904 0.0124028 0.00866708 0.00572326 0.00354202
 0.00986708 0.0157496 0.0231816 0.031921 0.041578 0.051514 0.0607793 0.0682915 0.0732096 0.0752142 0.0744924 0.0715213 0.066859 0.0610395 0.0545316 0.0477183 0.0408904 0.0342586 0.0279783 0.0221741 0.0169568 0.0124258 0.00865862 0.00569072 0.00349843
 0.00994328 0.0158645 0.0233377 0.032115 0.0418015 0.0517551 0.0610233 0.0685196 0.0733989 0.07534 0.0745345 0.0714707 0.0667229 0.0608401 0.0542994 0.0474833 0.0406751 0.0340758 0.0278319 0.022061 0.0168693 0.0123547 0.00859678 0.00563526 0.00345036
 0.00977711 0.0156212 0.0230217 0.0317484 0.0414186 0.0513939 0.0607175 0.0682965 0.0732784 0.075333 0.0746396 0.0716717 0.0669909 0.06114 0.0545992 0.0477607 0.0409194 0.0342848 0.0280069 0.0222036 0.0169799 0.0124337 0.00864614 0.00565984 0.00345747
 0.0096028 0.0153607 0.022673 0.0313268 0.040955 0.0509296 0.0602995 0.0679707 0.0730816 0.0752839 0.0747346 0.071888 0.0672945 0.0614944 0.0549704 0.0481206 0.0412474 0.0345691 0.0282432 0.0223927 0.017125 0.012539 0.00871663 0.00570199 0.00347887
 0.00954259 0.0152616 0.0225223 0.0311138 0.040676 0.0505937 0.0599332 0.0676164 0.0727882 0.0750928 0.0746683 0.0719467 0.06746 0.0617372 0.0552579 0.0484225 0.0415394 0.0348335 0.0284697 0.0225769 0.0172673 0.0126429 0.00878743 0.00574616 0.00350345
 0.00952891 0.0152145 0.022406 0.0308815 0.0402836 0.0500218 0.0592055 0.066804 0.0719942 0.0744268 0.0742198 0.0717677 0.0675582 0.0620795 0.0557821 0.0490531 0.0422031 0.0354705 0.0290383 0.0230538 0.0176445 0.012924 0.00898407 0.00587424 0.00358043
 0.00969044 0.0154491 0.0227054 0.0312147 0.0405992 0.050255 0.0592895 0.0666847 0.0716492 0.0738809 0.0735485 0.0710802 0.0669667 0.0616683 0.0555889 0.0490682 0.0423814 0.0357502 0.0293578 0.0233639 0.0179132 0.0131362 0.009138 0.00597694 0.00364323
 0.00973881 0.0155417 0.0228687 0.0314777 0.0409804 0.0507448 0.0598363 0.0671975 0.0720192 0.0740159 0.0734037 0.070673 0.0663722 0.0609972 0.0549563 0.0485632 0.0420491 0.0355895 0.0293341 0.0234273 0.0180159 0.0132425 0.00922746 0.00604213 0.00368535
 0.00968176 0.0154531 0.0227449 0.0313225 0.0408093 0.0505877 0.0597354 0.0671947 0.0721361 0.0742348 0.0736654 0.0708966 0.0664883 0.0609773 0.0548224 0.0483749 0.0418763 0.035485 0.0293187 0.0234901 0.0181265 0.0133669 0.00933944 0.00612832 0.00374353
 0.0094764 0.0151528 0.022355 0.0308699 0.0403348 0.050135 0.059343 0.0668958 0.0719612 0.0742099 0.0738017 0.0711784 0.066868 0.0613859 0.0551933 0.0486684 0.0420901 0.035646 0.0294615 0.0236383 0.0182839 0.013522 0.00947612 0.00623504 0.00381745
 0.00913347 0.0146438 0.0216805 0.030065 0.0394631 0.0492754 0.0585773 0.0662986 0.0715898 0.0740943 0.0739403 0.0715415 0.0674063 0.0620381 0.0558922 0.0493494 0.042703 0.0361652 0.0298868 0.0239849 0.0185689 0.0137557 0.0096615 0.00637301 0.00391163
 0.00882365 0.0141614 0.0209963 0.0291716 0.0383826 0.0480671 0.0573418 0.0651696 0.0707069 0.0735666 0.0738184 0.0718119 0.068006 0.0628769 0.0568724 0.0503781 0.0437009 0.0370722 0.030667 0.0246259 0.0190762 0.0141438 0.00994723 0.006573 0.00404259
 0.00875106 0.0140194 0.0207386 0.028742 0.0377304 0.0471712 0.0562342 0.0639419 0.0694963 0.0725253 0.0730802 0.0714657 0.0680806 0.0633404 0.0576441 0.0513502 0.0447602 0.0381187 0.0316246 0.0254469 0.0197404 0.0146525 0.0103162 0.00682529 0.00420395
 0.00949475 0.0150689 0.0220209 0.0300837 0.0388996 0.0479493 0.056478 0.0636108 0.068645 0.0712812 0.0716183 0.0699803 0.0667532 0.0623073 0.0569755 0.0510462 0.0447644 0.0383413 0.0319683 0.0258273 0.0200968 0.0149507 0.010544 0.00698586 0.00430855
 0.0100817 0.0159902 0.0233381 0.03181 0.0409721 0.0502013 0.0586305 0.0653132 0.0695716 0.0712461 0.0706419 0.0682729 0.0646323 0.0601003 0.054948 0.049368 0.0435061 0.0374913 0.0314597 0.0255684 0.0199971 0.0149373 0.0105675 0.00701792 0.00433626
 0.0100052 0.0159678 0.0234919 0.0323137 0.0420025 0.0518587 0.0608655 0.0679 0.0721451 0.0733892 0.0719917 0.0686139 0.0639499 0.0585756 0.0528933 0.047132 0.0413864 0.0356833 0.0300478 0.0245474 0.0193079 0.0144999 0.0103053 0.00686924 0.00425668
 0.00963834 0.0154169 0.0227547 0.0314374 0.0410946 0.0510903 0.0604553 0.0680655 0.0730208 0.0749429 0.0739925 0.0706835 0.0656816 0.0596654 0.0532257 0.0467888 0.0405868 0.034691 0.0290871 0.0237572 0.018737 0.0141321 0.0100923 0.00675795 0.00420425
 0.00960173 0.0153187 0.0225374 0.0310292 0.040436 0.0501739 0.0593622 0.0669732 0.0721716 0.0745769 0.0742671 0.0716075 0.0670918 0.0612658 0.0546821 0.04784 0.0411221 0.0347593 0.0288433 0.023382 0.018372 0.0138523 0.00991328 0.00666078 0.00415972
 0.00964071 0.0153599 0.0225562 0.0309827 0.0402666 0.0498206 0.0587789 0.0661534 0.0711731 0.0735355 0.0733833 0.071096 0.0671066 0.0618326 0.055675 0.0490218 0.042232 0.0356058 0.0293558 0.0236029 0.0184048 0.0138027 0.00985249 0.0066195 0.00414089
 0.00972634 0.0155033 0.0227775 0.0312973 0.0406738 0.0502891 0.0592372 0.0664954 0.0712857 0.0733403 0.0728758 0.0703637 0.0663136 0.0611697 0.0552904 0.0489643 0.0424361 0.0359302 0.0296538 0.0237827 0.0184508 0.0137544 0.00976648 0.00653846 0.00408372
 0.00972236 0.0155058 0.0227985 0.0313554 0.0407909 0.0504844 0.0595172 0.0668444 0.0716581 0.0736623 0.0730608 0.0703417 0.0660652 0.0607459 0.054802 0.0485398 0.0421679 0.0358385 0.0296892 0.0238643 0.0185112 0.0137656 0.00973659 0.00649152 0.00404044
 0.00977313 0.0155802 0.0228958 0.0314709 0.0409197 0.0506253 0.0596755 0.0670292 0.0718751 0.0739039 0.0732984 0.0705265 0.0661407 0.0606706 0.0545733 0.048203 0.0418018 0.0355213 0.0294658 0.0237343 0.0184428 0.0137224 0.00969658 0.00645041 0.00400337
 0.00983866 0.0156714 0.0230048 0.0315807 0.0410089 0.0506763 0.059682 0.0669992 0.0718293 0.0738693 0.0732994 0.0705738 0.0662234 0.0607567 0.0546219 0.0481837 0.0417115 0.0353859 0.0293255 0.0236213 0.0183687 0.0136797 0.00967081 0.00643081 0.00398623
 0.00994333 0.0158311 0.0232246 0.0318561 0.0413245 0.0510052 0.0599875 0.0672402 0.0719711 0.0738963 0.0732213 0.0704222 0.0660378 0.0605688 0.0544449 0.048013 0.0415349 0.0351974 0.0291322 0.0234405 0.0182174 0.0135658 0.00959198 0.006379 0.00395303
 0.00994648 0.0158524 0.0232862 0.031987 0.0415513 0.0513379 0.0604076 0.0676996 0.0724029 0.074234 0.0734173 0.0704582 0.0659269 0.060347 0.054158 0.0477019 0.0412267 0.0349056 0.028863 0.0232 0.018013 0.0134036 0.00947288 0.00629821 0.00390217
 0.0100393 0.0159886 0.0234649 0.0322006 0.0417908 0.0516004 0.0606982 0.0680249 0.0727587 0.0745946 0.0737351 0.0706768 0.0660008 0.0602587 0.0539227 0.0473599 0.0408285 0.034497 0.0284779 0.022859 0.0177273 0.0131776 0.00930549 0.00618302 0.00382902
 0.0100209 0.015964 0.0234374 0.0321759 0.0417751 0.0515975 0.0607096 0.0680524 0.0728092 0.0746807 0.0738689 0.0708587 0.0662104 0.0604573 0.0540673 0.0474204 0.0407982 0.0343917 0.0283261 0.0226907 0.0175664 0.0130396 0.00919748 0.00610565 0.00377837
 0.00990926 0.0158091 0.0232535 0.031993 0.0416307 0.0515231 0.0607191 0.0681396 0.0729531 0.0748557 0.0740542 0.0710423 0.066388 0.0606252 0.0542157 0.047533 0.0408578 0.0343895 0.0282671 0.0225923 0.0174513 0.0129282 0.00910353 0.00603508 0.0037307
 0.00980464 0.015642 0.0230091 0.0316642 0.0412245 0.0510683 0.0602695 0.0677657 0.0727218 0.0748065 0.074186 0.0713188 0.0667552 0.0610309 0.0546189 0.0479044 0.0411762 0.0346401 0.028443 0.022697 0.017498 0.0129358 0.00909056 0.00601572 0.00371317
 0.00963401 0.0153893 0.0226743 0.0312623 0.0407802 0.0506079 0.059817 0.0673463 0.0723676 0.0745582 0.0740846 0.0713911 0.0670008 0.0614187 0.0550967 0.0484137 0.0416657 0.0350726 0.0287965 0.0229635 0.0176819 0.0130505 0.00915428 0.00604659 0.00372572
 0.00970359 0.0154828 0.0227793 0.031356 0.0408372 0.0506109 0.0597641 0.0672492 0.0722425 0.0744177 0.0739365 0.0712449 0.0668732 0.0613319 0.0550685 0.0484481 0.04175 0.035183 0.0289074 0.0230554 0.0177449 0.0130844 0.00916568 0.00604449 0.00371822
 0.00961211 0.0153505 0.0226099 0.0311618 0.040633 0.0504067 0.0595613 0.0670447 0.0720381 0.0742266 0.073783 0.0711548 0.0668639 0.0614074 0.0552217 0.0486645 0.0420106 0.0354645 0.0291838 0.0233028 0.0179463 0.0132331 0.00926484 0.00610393 0.00375005
 0.00961545 0.0153678 0.0226577 0.0312621 0.0408068 0.0506633 0.0598886 0.0674051 0.0723751 0.0744788 0.0739015 0.0711183 0.0666848 0.0611264 0.0548939 0.048343 0.0417341 0.0352525 0.0290383 0.0232126 0.0178946 0.0132037 0.00924624 0.00609017 0.00373917
 0.00954866 0.015259 0.0224951 0.0310385 0.0405263 0.0503482 0.0595827 0.0671667 0.0722579 0.0745102 0.0740691 0.0713748 0.0669672 0.0613796 0.0550873 0.0484738 0.0418195 0.0353161 0.0290982 0.0232764 0.0179602 0.0132642 0.00929515 0.00612468 0.00376038
 0.00943306 0.0150744 0.0222236 0.0306669 0.0400495 0.049776 0.0589464 0.0665229 0.0716833 0.0740871 0.0738649 0.0714219 0.067252 0.0618459 0.055654 0.0490605 0.0423666 0.0357926 0.0294966 0.0236018 0.0182204 0.0134656 0.00944332 0.00622634 0.00382446
 0.00939879 0.0150338 0.0221893 0.0306571 0.0400792 0.0498448 0.0590312 0.0665818 0.0716727 0.0739821 0.0736743 0.0711873 0.0670322 0.0616941 0.0555988 0.0490988 0.042471 0.0359275 0.0296327 0.0237226 0.0183202 0.0135446 0.00950323 0.00626922 0.00385278
 0.0091587 0.0147023 0.0217998 0.030278 0.0397965 0.0497312 0.0591195 0.0668538 0.0720662 0.0744103 0.0740492 0.0714436 0.0671446 0.0616812 0.0555102 0.0489916 0.042388 0.0358865 0.0296301 0.0237441 0.0183515 0.013576 0.00953004 0.00628981 0.00386718
 0.00855707 0.0137923 0.0205609 0.0287465 0.0380674 0.0479524 0.0574807 0.0655619 0.0712999 0.0742665 0.0745108 0.072388 0.06839 0.0630436 0.056847 0.0502186 0.043472 0.0368245 0.0304291 0.0244095 0.0188866 0.0139861 0.00982634 0.00648986 0.00399244
#obs surv len freq
 nan nan nan nan nan nan nan nan nan nan nan nan nan nan nan nan nan nan nan nan nan nan nan nan nan
 0.00447916 0.00733816 0.0111662 0.0159817 0.0216828 0.0279601 0.0342765 0.0400102 0.0446918 0.0481572 0.0505162 0.0520129 0.0529059 0.0534188 0.0537335 0.0539887 0.0542675 0.0545604 0.0546992 0.0542911 0.0527291 0.0493609 0.0438102 0.0362895 0.0276723
 0.00461387 0.00755737 0.0114962 0.0164463 0.0222979 0.0287244 0.0351634 0.0409644 0.0456365 0.0490083 0.0511981 0.0524698 0.053108 0.0533638 0.0534421 0.0534975 0.0536195 0.0537982 0.0538619 0.0534155 0.0518537 0.0485287 0.0430655 0.0356701 0.0271989
 0.00477615 0.00782374 0.0119018 0.017025 0.0230757 0.029708 0.0363288 0.0422525 0.0469596 0.0502652 0.0522898 0.0533104 0.053633 0.0535352 0.0532521 0.0529667 0.0527917 0.0527316 0.0526219 0.0520719 0.0504814 0.0472077 0.0418755 0.0346765 0.0264381
 0.00496911 0.00813875 0.0123784 0.0177014 0.0239813 0.030853 0.0376916 0.0437743 0.0485508 0.0518198 0.0536996 0.0544758 0.054469 0.0539765 0.0532584 0.052527 0.0519256 0.0514881 0.0510756 0.0503192 0.048637 0.0453985 0.0402268 0.0332909 0.0253733
 0.00517334 0.00847479 0.0128917 0.0184368 0.0249748 0.0321177 0.0392041 0.0454693 0.0503309 0.0535729 0.0553158 0.0558555 0.0555249 0.0546347 0.0534602 0.0522339 0.0511257 0.0502031 0.0493661 0.0482879 0.046426 0.043178 0.0381714 0.0315462 0.0240242
 0.00540709 0.00885553 0.0134663 0.0192499 0.0260611 0.0334895 0.0408373 0.0472982 0.052255 0.055475 0.0570796 0.0573764 0.0567139 0.0554181 0.0537778 0.0520385 0.0503872 0.0489177 0.0475711 0.0460744 0.043945 0.0406293 0.0357724 0.0294857 0.022418
 0.00563611 0.00923304 0.014044 0.0200793 0.027183 0.0349184 0.0425455 0.0492108 0.0542617 0.0574523 0.0589102 0.0589591 0.0579645 0.0562669 0.0541663 0.0519172 0.0497177 0.0476807 0.0457828 0.0438074 0.0413431 0.0379027 0.0331646 0.0272181 0.0206342
 0.00588317 0.00963433 0.0146476 0.0209305 0.0283171 0.036348 0.044247 0.0511173 0.0562707 0.0594429 0.0607616 0.0605638 0.0592344 0.057133 0.0545751 0.0518253 0.0490885 0.04649 0.0440344 0.0415574 0.0387216 0.035116 0.0304648 0.0248447 0.0187508
 0.00613146 0.0100433 0.0152728 0.0218259 0.029524 0.037877 0.046061 0.0531277 0.0583529 0.0614625 0.0625976 0.0621184 0.0604327 0.0579187 0.0549053 0.0516656 0.0484102 0.0452729 0.0422799 0.0393122 0.0361025 0.032318 0.0277363 0.0224295 0.0168217
 0.00637709 0.0104464 0.0158866 0.0227028 0.0307055 0.039378 0.0478527 0.0551304 0.0604453 0.0635043 0.0644529 0.0636735 0.0616034 0.0586505 0.0551666 0.0514385 0.047682 0.0440354 0.0405398 0.0371136 0.0335518 0.0295953 0.0250757 0.020066 0.014926
 0.00661649 0.0108384 0.0164817 0.0235498 0.0318421 0.0408162 0.0495629 0.0570362 0.0624337 0.0654461 0.0662233 0.0651638 0.0627278 0.0593478 0.0553997 0.0511896 0.0469464 0.0428169 0.038856 0.0350122 0.0311332 0.0270243 0.0225666 0.0178354 0.0131334
 0.00684284 0.0112122 0.0170548 0.0243737 0.0329567 0.0422327 0.0512475 0.0589051 0.0643655 0.0673076 0.0678914 0.0665389 0.0637365 0.0599409 0.0555485 0.0508815 0.0461808 0.0416036 0.0372198 0.0330054 0.0288527 0.0246219 0.0202353 0.0157693 0.011475
 0.00704499 0.0115449 0.0175633 0.0251028 0.0339427 0.0434894 0.0527513 0.0605887 0.0661257 0.0690233 0.0694436 0.0678254 0.0646795 0.0604898 0.055677 0.0505823 0.0454589 0.0404741 0.0357114 0.0311713 0.0267849 0.0224579 0.0181459 0.013924 0.00999693
 0.00727063 0.0119085 0.0181044 0.0258559 0.0349305 0.0447125 0.0541776 0.0621493 0.0677241 0.0705523 0.0708024 0.0689291 0.0654641 0.0609122 0.0557148 0.0502307 0.0447269 0.0393817 0.0342914 0.0294776 0.0249035 0.0205116 0.0162834 0.0122902 0.00869452
 0.00742237 0.0121656 0.0185102 0.0264559 0.0357613 0.0457849 0.055461 0.0635693 0.0691766 0.0719277 0.0720059 0.06989 0.0661344 0.061263 0.0557316 0.0499106 0.0440769 0.0384192 0.033047 0.0280017 0.0232737 0.0188356 0.0146886 0.0108978 0.00758887
 0.00753367 0.0123424 0.0187697 0.0268141 0.0362337 0.0463858 0.0561985 0.0644377 0.0701488 0.072952 0.0730101 0.0707931 0.0668613 0.0617553 0.0559526 0.0498424 0.0437171 0.0377774 0.0321468 0.0268859 0.0220097 0.0175165 0.0134227 0.00978748 0.00670514
 0.00757774 0.0124161 0.0188844 0.0269817 0.0364648 0.0466865 0.0565687 0.0648721 0.0706407 0.0734954 0.0735964 0.071403 0.0674579 0.0622851 0.0563541 0.0500597 0.0437095 0.0375252 0.0316534 0.0261791 0.0211438 0.0165699 0.0124881 0.00895307 0.00603347
 0.00765955 0.0125356 0.0190395 0.027163 0.0366595 0.0468848 0.0567682 0.0650776 0.0708606 0.0737378 0.0738668 0.0717026 0.0677814 0.062616 0.0566616 0.0502995 0.0438318 0.0374865 0.0314283 0.025769 0.0205806 0.0159129 0.0118132 0.00833531 0.00552822
 0.00770659 0.0126123 0.0191545 0.0273223 0.0368629 0.0471214 0.0570154 0.0653057 0.0710437 0.073866 0.0739504 0.0717669 0.0678538 0.0627142 0.0567857 0.0504303 0.0439342 0.0375176 0.0313492 0.0255583 0.0202437 0.0154843 0.0113481 0.00789398 0.00515851
 0.00775745 0.0126859 0.0192487 0.0274304 0.0369763 0.0472341 0.0571259 0.0654148 0.0711507 0.0739649 0.0740325 0.0718265 0.0678942 0.0627472 0.0568254 0.0504834 0.0439925 0.0375576 0.0313393 0.0254704 0.0200663 0.0152296 0.0110498 0.00759611 0.00489996
 0.00782373 0.0127885 0.0193928 0.0276159 0.0371959 0.0474728 0.0573608 0.0656193 0.0713016 0.0740503 0.074054 0.071796 0.0678273 0.0626595 0.0567306 0.050393 0.0439126 0.0374849 0.0312601 0.0253657 0.0199213 0.0150428 0.0108364 0.00738217 0.00471206
 0.00784884 0.0128307 0.0194589 0.0277123 0.0373273 0.0476382 0.0575514 0.0658175 0.0714842 0.0741943 0.0741431 0.0718244 0.0678003 0.0625903 0.0566359 0.0502883 0.0438092 0.0373876 0.0311663 0.0252669 0.0198077 0.0149099 0.0106895 0.00723533 0.00458176
 0.00786526 0.0128533 0.0194856 0.0277396 0.0373522 0.0476613 0.0575779 0.065856 0.071542 0.0742723 0.0742337 0.0719133 0.0678718 0.0626331 0.0566467 0.0502711 0.0437723 0.0373393 0.0311113 0.025205 0.019736 0.0148264 0.0105968 0.00714126 0.00449668
 0.00788831 0.012886 0.019526 0.0277824 0.0373898 0.0476862 0.057585 0.065845 0.071518 0.074246 0.0742176 0.0719172 0.0678978 0.0626747 0.0566917 0.0503074 0.0437924 0.0373412 0.0310969 0.0251769 0.0196958 0.0147758 0.0105388 0.00708142 0.00444167
 0.00789275 0.0128934 0.0195371 0.0277976 0.0374082 0.0477049 0.0575988 0.0658475 0.0715046 0.0742165 0.0741782 0.071879 0.0678732 0.0626722 0.0567125 0.0503452 0.0438362 0.0373801 0.0311231 0.0251871 0.01969 0.0147563 0.0105095 0.00704748 0.00440859
 0.00788035 0.0128687 0.0194919 0.0277225 0.0372961 0.0475561 0.0574244 0.0656685 0.0713458 0.0740987 0.0741132 0.0718688 0.0679137 0.0627564 0.0568319 0.0504894 0.0439926 0.0375346 0.0312623 0.025301 0.0197737 0.0148099 0.0105373 0.00705625 0.00440593
 0.00788887 0.0128763 0.0194916 0.0277033 0.0372454 0.0474634 0.0572861 0.0654906 0.0711448 0.073899 0.0739423 0.0717509 0.0678637 0.0627769 0.056915 0.0506204 0.0441538 0.0377077 0.0314306 0.0254505 0.0198949 0.0148987 0.0105953 0.00708902 0.00442097
 0.00789642 0.0128868 0.0195038 0.0277139 0.0372488 0.0474515 0.0572494 0.0654203 0.0710363 0.0737561 0.0737786 0.0715888 0.0677286 0.0626909 0.0568907 0.0506585 0.0442444 0.037834 0.0315729 0.0255905 0.0200182 0.0149966 0.0106651 0.00713334 0.0044456
 0.00787306 0.0128522 0.0194579 0.0276588 0.0371879 0.0473884 0.0571863 0.0653578 0.0709733 0.0736899 0.0737075 0.0715143 0.0676574 0.0626348 0.0568636 0.0506718 0.0443023 0.0379316 0.0316974 0.025725 0.0201459 0.0151051 0.0107478 0.00718991 0.00448014
 0.0078384 0.0127954 0.0193719 0.0275381 0.0370307 0.0472002 0.0569818 0.0651596 0.0708058 0.0735719 0.0736466 0.0715064 0.0676916 0.0626992 0.0569502 0.0507778 0.0444279 0.0380762 0.0318563 0.025888 0.0203004 0.0152389 0.0108532 0.00726509 0.00452848
 0.00780933 0.0127445 0.0192888 0.0274112 0.0368508 0.0469651 0.0567013 0.0648567 0.0705136 0.073326 0.0734767 0.0714301 0.067711 0.0628025 0.0571166 0.0509846 0.0446557 0.0383112 0.0320882 0.0261082 0.0204994 0.0154081 0.0109866 0.0073616 0.00459198
 0.00778239 0.0126984 0.0192153 0.0273009 0.0366949 0.0467585 0.0564464 0.0645657 0.070208 0.0730347 0.0732317 0.0712608 0.0676385 0.0628347 0.0572465 0.0511924 0.044915 0.0385947 0.0323729 0.0263762 0.0207378 0.0156079 0.0111432 0.00747508 0.00466734
 0.00777996 0.0126904 0.0191956 0.0272609 0.036625 0.0466508 0.0562975 0.0643781 0.0699905 0.0728016 0.0730018 0.0710567 0.067484 0.0627507 0.0572462 0.0512774 0.0450743 0.0388076 0.0326139 0.0266203 0.0209644 0.0158024 0.0112978 0.00758849 0.00474353
 0.00771969 0.0126004 0.0190747 0.0271129 0.0364567 0.0464694 0.056109 0.0641876 0.0698036 0.0726257 0.0728464 0.0709324 0.0674022 0.0627223 0.0572801 0.0513782 0.0452397 0.0390265 0.0328673 0.0268844 0.0212156 0.0160218 0.011474 0.00771839 0.00483109
 0.00930736 0.0148168 0.0217373 0.0298283 0.0387371 0.047916 0.0565566 0.0637283 0.0686961 0.0711645 0.0712691 0.06939 0.0659741 0.0614451 0.0561702 0.0504426 0.0444797 0.0384369 0.0324348 0.0265878 0.0210279 0.0159141 0.0114196 0.00769549 0.0048243
 0.00932211 0.0151341 0.0227312 0.0319587 0.0423478 0.0529631 0.0624372 0.0693798 0.0729739 0.0732943 0.071102 0.0673388 0.0627301 0.0576828 0.0523825 0.0469185 0.0413578 0.035769 0.0302281 0.024825 0.0196746 0.0149221 0.0107305 0.00724551 0.00455037
 0.0089553 0.0145602 0.021931 0.0309869 0.041386 0.0523541 0.0626433 0.0708178 0.0757664 0.0770859 0.0751046 0.0706312 0.0646424 0.0580274 0.0514206 0.0451428 0.0392597 0.0337059 0.0284017 0.0233194 0.0185027 0.0140584 0.0101299 0.0068539 0.00431273
 0.00877657 0.0142586 0.0214578 0.0302936 0.0404435 0.0511875 0.0613737 0.0696902 0.0751271 0.0772858 0.0763416 0.0728047 0.0673229 0.0605969 0.053322 0.0460913 0.0392973 0.0331002 0.0274829 0.0223568 0.0176586 0.0133995 0.00966015 0.00654518 0.00412556
 0.00871236 0.0141472 0.021276 0.0300128 0.0400324 0.0506199 0.0606418 0.0688225 0.074209 0.0764728 0.0758485 0.0728502 0.0680338 0.0619148 0.0549813 0.0477064 0.0405201 0.0337537 0.0275958 0.0220976 0.0172306 0.0129625 0.00930157 0.00629107 0.00396538
 0.00870303 0.0141267 0.0212347 0.0299366 0.0399041 0.0504208 0.0603556 0.0684387 0.0737286 0.0759191 0.0752806 0.0723719 0.0677812 0.0620139 0.0554833 0.0485382 0.0414917 0.0346312 0.0282009 0.0223715 0.0172298 0.0128024 0.0090939 0.0061076 0.00383413
 0.00868979 0.0141064 0.021206 0.0298983 0.0398533 0.0503524 0.0602606 0.0683053 0.0735447 0.0756765 0.0749818 0.0720387 0.0674628 0.0617856 0.0554286 0.0487129 0.0418862 0.0351594 0.02873 0.0227804 0.0174588 0.0128643 0.00904788 0.00601954 0.00374989
 0.00868552 0.0140984 0.0211922 0.0298761 0.0398208 0.0503087 0.0602064 0.0682417 0.0734709 0.0755877 0.07487 0.0718974 0.0672943 0.0616098 0.0552849 0.0486517 0.0419478 0.035349 0.0290071 0.0230728 0.0176957 0.013007 0.00909919 0.00600987 0.00371482
 0.00865556 0.0140535 0.0211316 0.0298016 0.0397361 0.0502185 0.0601156 0.0681554 0.073394 0.0755239 0.0748201 0.0718579 0.0672592 0.0615739 0.0552511 0.0486346 0.0419706 0.0354322 0.0291529 0.0232588 0.0178822 0.0131565 0.00919257 0.00605079 0.00372097
 0.00866327 0.0140625 0.0211387 0.029802 0.0397248 0.0501927 0.0600765 0.0681078 0.0733441 0.0754766 0.0747773 0.0718189 0.0672216 0.0615358 0.0552123 0.0485994 0.0419488 0.0354367 0.0291937 0.0233346 0.0179786 0.0132512 0.00926634 0.00609559 0.00374031
 0.0086383 0.0140264 0.0210925 0.029749 0.0396693 0.0501379 0.0600234 0.0680557 0.0732932 0.0754295 0.074739 0.0717947 0.0672143 0.0615441 0.0552322 0.0486265 0.0419815 0.0354771 0.029246 0.023401 0.0180552 0.0133284 0.00933278 0.0061435 0.00376866
 0.00863987 0.0140264 0.0210882 0.0297367 0.0396462 0.0501038 0.0599821 0.0680139 0.0732571 0.0754021 0.0747196 0.0717803 0.0672027 0.0615353 0.0552277 0.0486279 0.0419897 0.0354931 0.029271 0.0234356 0.0180981 0.0133751 0.00937657 0.00617862 0.00379242
 0.00862888 0.0140123 0.0210736 0.0297259 0.039643 0.0501093 0.0599931 0.0680241 0.0732601 0.075395 0.0747038 0.0717598 0.0671816 0.0615162 0.0552118 0.048616 0.0419829 0.0354927 0.0292782 0.023451 0.0181208 0.0134024 0.00940444 0.00620287 0.00381044
 0.00861857 0.0139928 0.0210395 0.0296715 0.0395653 0.0500109 0.0598845 0.0679216 0.0731808 0.0753498 0.0746944 0.0717804 0.0672233 0.0615704 0.0552722 0.048678 0.0420438 0.0355507 0.0293327 0.0235019 0.018168 0.0134449 0.00944092 0.00623184 0.00383127
 0.00861902 0.0139938 0.0210412 0.0296736 0.0395658 0.050006 0.0598688 0.0678903 0.0731329 0.0752904 0.0746341 0.0717313 0.0671937 0.0615628 0.0552836 0.0487027 0.0420759 0.0355861 0.0293686 0.0235368 0.0182009 0.013475 0.00946701 0.00625291 0.00384681
 0.00861902 0.0139938 0.0210412 0.0296736 0.0395658 0.050006 0.0598688 0.0678903 0.0731329 0.0752904 0.0746341 0.0717313 0.0671937 0.0615628 0.0552836 0.0487027 0.0420759 0.0355861 0.0293686 0.0235368 0.0182009 0.013475 0.00946701 0.00625291 0.00384681
 0.00851892 0.0138395 0.0208255 0.0293968 0.0392371 0.0496445 0.0595035 0.0675575 0.0728692 0.075124 0.0745787 0.0717852 0.0673438 0.0617885 0.0555608 0.0490062 0.0423821 0.0358755 0.0296274 0.0237571 0.0183798 0.0136136 0.00956891 0.00632351 0.00389244
 0.008636 0.0140116 0.0210501 0.0296586 0.039511 0.049901 0.0597137 0.0676972 0.0729214 0.0750828 0.0744509 0.07159 0.0671084 0.0615424 0.0553298 0.0488088 0.0422271 0.0357631 0.0295518 0.02371 0.0183531 0.0136003 0.00956394 0.00632312 0.00389406
 0.00854221 0.0138806 0.0208924 0.0294964 0.0393707 0.0498018 0.0596596 0.0676775 0.0729191 0.0750845 0.0744523 0.0715948 0.0671233 0.0615732 0.0553793 0.0488769 0.0423118 0.03586 0.0296547 0.0238112 0.0184453 0.013678 0.00962447 0.00636664 0.00392284
 0.00868135 0.0140866 0.0211651 0.0298237 0.0397331 0.050179 0.0600338 0.0680301 0.073225 0.07531 0.0745613 0.0715615 0.0669443 0.061271 0.0549962 0.0484621 0.0419091 0.0355007 0.0293559 0.0235779 0.0182734 0.0135586 0.00954626 0.00631861 0.00389537
 0.0085954 0.0139693 0.0210297 0.0296952 0.03964 0.0501418 0.0600564 0.0681014 0.0733291 0.0754351 0.0747013 0.0717094 0.0670854 0.0613842 0.0550621 0.0484733 0.0418732 0.0354361 0.0292834 0.0235133 0.0182249 0.0135273 0.00952906 0.00631083 0.00389281
 0.00857847 0.0139299 0.02095 0.0295556 0.0394291 0.0498691 0.0597592 0.0678381 0.0731578 0.0753904 0.074783 0.0718887 0.0673212 0.0616366 0.0552991 0.048672 0.0420212 0.0355324 0.0293367 0.0235379 0.0182348 0.0135321 0.00953344 0.00631571 0.00389753
 0.00864295 0.0140306 0.0210926 0.029739 0.0396417 0.0500859 0.0599437 0.0679513 0.0731742 0.0753119 0.0746401 0.0717261 0.0671771 0.0615294 0.0552264 0.0486193 0.0419722 0.035476 0.0292699 0.023465 0.0181639 0.0134711 0.00948693 0.00628421 0.00387851
 0.00871801 0.0141563 0.0212876 0.0300209 0.0400204 0.050554 0.0604679 0.068472 0.0736165 0.0756061 0.0747418 0.07163 0.066916 0.0611609 0.0548127 0.0482099 0.0415957 0.0351432 0.0289816 0.0232195 0.0179608 0.0133106 0.00936794 0.00620253 0.00382714
 0.00857584 0.0139381 0.0209849 0.0296386 0.0395801 0.0500965 0.0600519 0.0681652 0.0734767 0.0756595 0.0749714 0.0719809 0.0673172 0.0615494 0.0551499 0.0484836 0.0418113 0.0353116 0.0291119 0.0233169 0.0180292 0.0133548 0.00939393 0.00621649 0.00383411
#pred catch len freq
 0.00463253 0.00732273 0.0106663 0.0145742 0.0189885 0.0238636 0.0290934 0.0344754 0.0397499 0.044669 0.0490386 0.0527347 0.0557059 0.0579602 0.0595301 0.0604343 0.0606568 0.0601432 0.0587942 0.0564465 0.0528673 0.0478228 0.0412479 0.0334438 0.0251383
 0.00486108 0.00760571 0.0109328 0.0147148 0.0188992 0.0235067 0.0285367 0.0338741 0.039273 0.0444115 0.0489748 0.0527389 0.0556244 0.0576934 0.0590865 0.0599338 0.0602836 0.060066 0.0590885 0.0570556 0.0536258 0.0485318 0.0417606 0.033713 0.0252077
 0.00519536 0.00811997 0.011646 0.0156083 0.019903 0.024492 0.0293289 0.0342996 0.0392326 0.0439384 0.0482279 0.0519207 0.0548765 0.0570432 0.0584767 0.059306 0.0596488 0.0595137 0.0587319 0.0569561 0.0537495 0.0487661 0.0419768 0.0338293 0.0252126
 0.00553471 0.00865135 0.0124089 0.016628 0.0211875 0.026023 0.0310425 0.0360648 0.0408483 0.0451672 0.048867 0.0518806 0.0542175 0.0559395 0.05713 0.0578697 0.0582114 0.058133 0.0574708 0.0558806 0.0528972 0.0481234 0.0414905 0.0334416 0.0248909
 0.00588577 0.00919761 0.0131871 0.0176611 0.0224872 0.0275916 0.0328665 0.0380995 0.0429993 0.0472766 0.0507171 0.0532258 0.0548476 0.0557497 0.0561598 0.0562823 0.0562284 0.0559684 0.0552978 0.0538298 0.051062 0.04656 0.0402177 0.0324491 0.0241521
 0.00620645 0.00970126 0.0139135 0.0186392 0.0237353 0.0291165 0.0346576 0.0401214 0.0451858 0.0495281 0.0528955 0.0551523 0.0563119 0.0565428 0.0561273 0.0553778 0.0545362 0.0536817 0.0526646 0.051098 0.048443 0.044213 0.0382446 0.0308952 0.0230111
 0.00653537 0.0102112 0.0146366 0.0195934 0.0249284 0.0305502 0.0363252 0.0420003 0.0472295 0.0516619 0.0550169 0.057132 0.0579957 0.0577577 0.0566983 0.0551614 0.0534658 0.051803 0.0501419 0.0481833 0.0454234 0.041356 0.0357568 0.0288985 0.0215375
 0.00691445 0.0107975 0.0154639 0.0206761 0.0262639 0.0321224 0.0381037 0.0439373 0.0492595 0.0537064 0.0569894 0.0589397 0.059537 0.0589184 0.0573507 0.055174 0.0527281 0.0502661 0.047858 0.0453235 0.0422576 0.0381988 0.0328981 0.0265429 0.0197726
 0.00731556 0.011419 0.0163433 0.0218308 0.0276928 0.0338082 0.0400096 0.0460009 0.051393 0.0558045 0.0589425 0.0606463 0.0609103 0.0598845 0.0578394 0.055109 0.0520287 0.0488683 0.0457554 0.042608 0.0391367 0.0349687 0.0298762 0.0239872 0.0178215
 0.00774131 0.0120747 0.0172635 0.0230266 0.029156 0.0355161 0.0419242 0.0480627 0.0535174 0.0578857 0.060864 0.0622945 0.0621877 0.0607174 0.0581764 0.054911 0.0512578 0.0474897 0.0437595 0.0400496 0.0361684 0.0318405 0.026888 0.0214087 0.0158187
 0.0081805 0.0127511 0.0182125 0.0242588 0.0306603 0.0372645 0.0438708 0.0501391 0.0556317 0.0599288 0.0627206 0.0638544 0.0633562 0.0614228 0.0583725 0.0545728 0.0503732 0.046054 0.0417841 0.0375874 0.0333447 0.028865 0.0240253 0.0189119 0.0138567
 0.00858188 0.0133726 0.0190905 0.0254086 0.0320773 0.0389255 0.0457308 0.0521273 0.0576519 0.0618693 0.0644668 0.0653012 0.0644166 0.0620328 0.0584929 0.0541853 0.049475 0.0446541 0.0399077 0.0352923 0.0307444 0.0261395 0.0214023 0.0166142 0.0120391
 0.00896732 0.0139746 0.0199513 0.0265528 0.0335102 0.0406305 0.047662 0.0542029 0.059757 0.0638688 0.0662246 0.0666979 0.065363 0.0624765 0.0584164 0.0535979 0.0484019 0.0431295 0.0379765 0.0330226 0.028245 0.0235697 0.018958 0.0144854 0.0103576
 0.0093437 0.0145549 0.0207672 0.0276162 0.0348168 0.0421638 0.0493911 0.0560735 0.061685 0.0657412 0.0679106 0.068067 0.0663053 0.0629196 0.0583316 0.052996 0.0473213 0.0416244 0.0361119 0.0308797 0.0259328 0.0212318 0.0167614 0.0125878 0.00886546
