SBPRF35
12.7214
Curr Bio
764463
B35
865814
F35
0.169736
FOFL
0.142098
OFL
85993.5
Bzero
3.63469e+006
#pred survey bio
 3.68527e+006 3.57514e+006 3.46904e+006 3.31027e+006 3.12081e+006 2.88632e+006 2.61859e+006 2.35987e+006 2.09274e+006 1.85768e+006 1.64675e+006 1.46293e+006 1.28793e+006 1.12582e+006 995118 881226 795837 712700 658781 644018 620160 597544 589612 576476 558182 558572 557548 560470 562867 576700 576827 582692 594170 603961 616572 620866 631846 639058 649647 652620 656202 671247 680716 677465 686369 689536 695779 703340 711774 706815 704505 723450 748334 764869 782899 764001 748724 759116 771170 768726 2.57538e+007 1.5155e+007 1.52786e+007 1.61885e+007 1.76416e+007 1.93269e+007 2.1005e+007 2.25309e+007 2.38386e+007 2.49146e+007 2.57753e+007 2.64502e+007 2.69722e+007 2.73723e+007 2.76773e+007 2.79092e+007 2.80854e+007 2.82195e+007 2.83218e+007 2.84001e+007 2.84603e+007 2.85068e+007 2.85429e+007 2.8571e+007 2.85931e+007 2.86104e+007 2.86241e+007 2.8635e+007 2.86436e+007 2.86505e+007 2.8656e+007 2.86604e+007 2.8664e+007 2.86669e+007 2.86692e+007 2.86711e+007 2.86726e+007 2.86739e+007 2.86749e+007 2.86757e+007 2.86764e+007 2.86769e+007 2.86774e+007 2.86778e+007 2.86781e+007 2.86783e+007 2.86785e+007 2.86787e+007 2.86788e+007 2.86789e+007 2.8679e+007 2.86791e+007 2.86791e+007 2.86792e+007 2.86792e+007 2.86793e+007 2.86793e+007 2.86793e+007 2.86793e+007 2.86793e+007 2.86794e+007 2.86794e+007 2.86794e+007 2.86794e+007 2.86794e+007 2.86794e+007 2.86794e+007 2.86794e+007 2.86794e+007 2.86794e+007 2.86794e+007 2.86794e+007 2.86794e+007 2.86794e+007 2.86794e+007 2.86794e+007 2.86794e+007 2.86794e+007 2.86794e+007 2.86794e+007 2.86794e+007 2.86794e+007 2.86794e+007 2.86794e+007 2.86794e+007 2.86794e+007 2.86794e+007 2.86794e+007 2.86794e+007 2.86794e+007 2.86794e+007 2.86794e+007 2.86794e+007 2.86794e+007 2.86794e+007 2.86794e+007 2.86794e+007 2.86794e+007 2.86794e+007 2.86794e+007 0 0 0 0 0 0 0 0 0 0 0 0 0 0 0 0 0 0 0 0 0 0 0 0 0
#obs survey bio
 3.071e+006 5.01984e+006 3.10082e+006 3.03229e+006 4.06041e+006 4.53065e+006 3.85802e+006 2.52528e+006 1.40615e+006 1.65351e+006 1.28412e+006 1.21612e+006 885511 980085 1.28843e+006 785975 745620 713882 591280 795523 679389 603752 527097 461735 410704 458160 577132 633686 490473 559801 688500 684212 553311 751779 620256 655995 744454 538412 674069 794846 704047 681514 594837 570156 730534 815928 469222 925127 582708 720295 710535 961871 804566 811935 869147 699424 662902 821953 1.07603e+006 526558
#pred catch bio
 95441.9 96385.2 151455 189228 242888 287922 295358 318669 304233 295110 280754 279816 271591 244102 227987 201443 196558 167409 131765 137590 133380 118671 121451 123515 106277 106939 102716 102245 92192.7 103027 96796 91835.6 93860.5 92489.8 100669 96063.5 100462 98612.4 105804 105740 97288.3 103432 114260 103499 108014 104893 103963 103536 114560 111368 93176.8 88539 95225.3 93040.1 123004 117379 94184.4 91853.2 101355 121652 85993.5 99316.7 98801.3 103171 111877 122449 133007 142508 150514 156957 161972 165780 168615 170696 172204 173287 174060 174607 174993 175265 175455 175588 175680 175745 175790 175821 175842 175857 175867 175875 175879 175883 175885 175887 175888 175889 175889 175890 175890 175890 175890 175890 175890 175890 175890 175890 175890 175890 175890 175890 175890 175890 175890 175890 175890 175890 175890 175890 175890 175890 175890 175890 175890 175890 175890 175890 175890 175890 175890 175890 175890 175890 175890 175890 175890 175890 175890 175890 175890 175890 175890 175890 175890 175890 175890 175890 175890 175890 175890 175890 175890 175890 175890 175890 175890 175890 175890 175890 175890 175890 0 0 0 0 0 0 0 0 0 0 0 0 0 0 0 0 0 0 0 0 0 0 0 0 0
#obs catch bio
 0 96066.1 151796 189235 242793 287426 293666 317674 303864 295658 281458 281001 275293 246573 228136 202342 198767 170397 133349 139139 134463 119228 122136 124764 106978 108058 103395 102554 92332.5 103359 96528.8 91259.4 93639.3 91987.5 100607 96051.8 100592 98829.9 105970 105774 97452.1 103918 114804 103778 108266 104525 103948 103383 114587 111259 93056.2 88415.9 95297.3 92602.7 122671 117306 94179.2 91771.1 100911 121863
#pred cpue bio
 3.63308e+006 3.52453e+006 3.41989e+006 3.26188e+006 3.07302e+006 2.83946e+006 2.57296e+006 2.31535e+006 2.04948e+006 1.81544e+006 1.60561e+006 1.42295e+006 1.2494e+006 1.0891e+006 960215 848014 763749 682169 629595 615426 592561 570824 563253 550591 532910 533372 532579 535744 538392 552137 552647 558686 569979 579485 591676 595716 606305 613299 623609 626523 629929 644457 653716 650682 659542 662926 669169 676520 684806 680102 677925 696628 721456 738201 756216 737873 722867 733173 745597 744201 2.49601e+007 1.46979e+007 1.46676e+007 1.53728e+007 1.67414e+007 1.84034e+007 2.0076e+007 2.16008e+007 2.29082e+007 2.39843e+007 2.48449e+007 2.55198e+007 2.60418e+007 2.64419e+007 2.67469e+007 2.69788e+007 2.7155e+007 2.72891e+007 2.73914e+007 2.74697e+007 2.75299e+007 2.75764e+007 2.76125e+007 2.76406e+007 2.76627e+007 2.76801e+007 2.76937e+007 2.77046e+007 2.77132e+007 2.77201e+007 2.77256e+007 2.773e+007 2.77336e+007 2.77365e+007 2.77388e+007 2.77407e+007 2.77422e+007 2.77435e+007 2.77445e+007 2.77453e+007 2.7746e+007 2.77466e+007 2.7747e+007 2.77474e+007 2.77477e+007 2.77479e+007 2.77481e+007 2.77483e+007 2.77484e+007 2.77485e+007 2.77486e+007 2.77487e+007 2.77488e+007 2.77488e+007 2.77488e+007 2.77489e+007 2.77489e+007 2.77489e+007 2.77489e+007 2.7749e+007 2.7749e+007 2.7749e+007 2.7749e+007 2.7749e+007 2.7749e+007 2.7749e+007 2.7749e+007 2.7749e+007 2.7749e+007 2.7749e+007 2.7749e+007 2.7749e+007 2.7749e+007 2.7749e+007 2.7749e+007 2.7749e+007 2.7749e+007 2.7749e+007 2.7749e+007 2.7749e+007 2.7749e+007 2.7749e+007 2.7749e+007 2.7749e+007 2.7749e+007 2.7749e+007 2.7749e+007 2.7749e+007 2.7749e+007 2.7749e+007 2.7749e+007 2.7749e+007 2.7749e+007 2.7749e+007 2.7749e+007 2.7749e+007 2.7749e+007 2.7749e+007 2.7749e+007 2.7749e+007 0 0 0 0 0 0 0 0 0 0 0 0 0 0 0 0 0 0 0 0 0 0 0 0 0
#obs cpue bio
 2.29192e+006 2.93669e+006 3.20664e+006 3.94164e+006 3.00217e+006 2.28918e+006 2.39464e+006 1.80748e+006 2.32958e+006 1.58673e+006 1.82887e+006 1.52742e+006 949332 1.25416e+006 1.23428e+006 679150 570080 366854 562719 543232 571274 544922 588511 512173 636526 487985 557444 612573 543518 617128 666238 660995 497631 592613 463477 475397 499954 591486 687540 566779 436508 502552 840105 686482 712233 883744 758976 550202 844513 765824 597396 538336 637968 934297 849450 645343 604450 785261 817746 771944
#pred surv len freq
 0.00456375 0.00743816 0.0112492 0.015999 0.021589 0.02774 0.0339649 0.0396878 0.0444581 0.0480947 0.0506661 0.0523684 0.0534163 0.0539921 0.0542349 0.0542485 0.0541161 0.0538984 0.053583 0.052982 0.0516469 0.048928 0.044254 0.0375262 0.0293545
 0.00469637 0.00758724 0.0113546 0.0159747 0.0213587 0.0272873 0.0333641 0.039087 0.0440156 0.0479058 0.0507268 0.0525971 0.0537127 0.0542943 0.0545433 0.0546085 0.054574 0.0544533 0.0541617 0.0534526 0.0518715 0.0488292 0.0438561 0.0369452 0.0287423
 0.004841 0.0078265 0.0117169 0.0164743 0.0219766 0.0279514 0.0339488 0.0394486 0.0440574 0.0476349 0.0502579 0.0520936 0.0533059 0.0540366 0.05442 0.0545838 0.0546249 0.0545677 0.0543093 0.0535638 0.051851 0.048602 0.0434144 0.0363606 0.0281322
 0.00499217 0.00807348 0.0120916 0.0170088 0.0226975 0.0288676 0.035033 0.0406202 0.0451803 0.0485423 0.0508032 0.0522076 0.053026 0.0534859 0.053748 0.0539082 0.0540066 0.0540181 0.053806 0.0530613 0.0512921 0.0479428 0.0426548 0.0355567 0.0273758
 0.00515628 0.00833902 0.0124894 0.0175681 0.0234424 0.0298102 0.0361648 0.0419042 0.0465471 0.0498889 0.0519979 0.0531057 0.0535042 0.053484 0.0532948 0.0531102 0.0530039 0.0529323 0.0527089 0.0519727 0.050201 0.0468383 0.0415543 0.0345147 0.0264665
 0.00536454 0.00867434 0.0129882 0.0182628 0.0243561 0.0309489 0.037508 0.0434012 0.0481219 0.051451 0.0534486 0.0543393 0.0544088 0.0539535 0.0532545 0.0525462 0.0519751 0.0515536 0.0511131 0.0502739 0.0484814 0.0451604 0.0399811 0.0331183 0.0253154
 0.00563856 0.00911142 0.0136306 0.0191447 0.0254987 0.0323516 0.0391388 0.0451919 0.049976 0.0532594 0.0551047 0.0557467 0.0554798 0.0546059 0.0534134 0.0521565 0.0510219 0.05008 0.0492199 0.0481017 0.0461854 0.0428923 0.0378804 0.0313032 0.0238665
 0.00593427 0.00958445 0.0143282 0.0201062 0.0267484 0.0338891 0.040927 0.0471534 0.0520018 0.0552282 0.0569018 0.0572727 0.0566522 0.055355 0.0536779 0.0518824 0.0501722 0.0486512 0.0472625 0.0457298 0.0435699 0.0402386 0.0353958 0.0291613 0.0221758
 0.00627328 0.0101285 0.0151337 0.0212208 0.0282022 0.0356814 0.043011 0.0494312 0.0543369 0.0574705 0.0589116 0.0589359 0.0578837 0.056095 0.053884 0.0515222 0.0492205 0.0470994 0.0451385 0.0431224 0.0406422 0.0372174 0.0325339 0.0266822 0.0202218
 0.0065646 0.0106021 0.0158467 0.022227 0.0295429 0.03737 0.0450163 0.0516698 0.0566822 0.0597741 0.0610261 0.0607309 0.0592541 0.0569641 0.0542007 0.0512545 0.0483491 0.0456189 0.0430714 0.0405434 0.0377001 0.0341358 0.0295785 0.0240998 0.0181771
 0.00685903 0.011073 0.0165417 0.0231871 0.0307977 0.0389286 0.0468559 0.0537281 0.0588604 0.0619496 0.0630681 0.0625129 0.0606643 0.0579114 0.054618 0.0510972 0.0475916 0.0442543 0.0411206 0.038075 0.0348526 0.0311231 0.026663 0.0215332 0.0161338
 0.00713194 0.0115132 0.017198 0.0241023 0.0320012 0.0404242 0.0486096 0.0556644 0.0608741 0.0639256 0.0648983 0.0641029 0.0619317 0.0587836 0.0550317 0.051 0.046945 0.0430387 0.0393462 0.0357997 0.0322017 0.0282956 0.0239072 0.0190923 0.014181
 0.00734293 0.0118699 0.0177598 0.0249327 0.0331535 0.0419198 0.0504164 0.0576903 0.0629823 0.0659644 0.0667294 0.0656189 0.0630598 0.0594799 0.0552709 0.0507644 0.0462188 0.041811 0.0376244 0.0336311 0.0296953 0.0256299 0.0213098 0.0167892 0.0123352
 0.0075677 0.0122325 0.0183015 0.0256929 0.0341663 0.0432052 0.0519681 0.059464 0.0648916 0.0678876 0.0685257 0.0671499 0.0642121 0.0601798 0.0554858 0.0504921 0.0454718 0.0406067 0.0359882 0.0316132 0.0273929 0.0231986 0.0189489 0.0146981 0.0106589
 0.00788306 0.0127147 0.0189711 0.0265506 0.0351967 0.0443836 0.0532634 0.0608379 0.0662982 0.069274 0.0698311 0.0683045 0.0651383 0.0608002 0.0557353 0.050329 0.0448808 0.0395959 0.0345863 0.0298745 0.0254091 0.0211064 0.0169189 0.0129 0.00921661
 0.00821398 0.0132425 0.0197443 0.0276022 0.0365322 0.0459655 0.0550006 0.0625933 0.0679196 0.0706364 0.0708653 0.0689966 0.0655071 0.0608691 0.0555152 0.0498155 0.0440632 0.0384695 0.033164 0.0281978 0.0235564 0.019195 0.0150927 0.0112998 0.0079422
 0.00830408 0.0134162 0.0200563 0.0281202 0.0373208 0.0470604 0.0563823 0.064177 0.0695678 0.0721884 0.0721727 0.0699528 0.0660627 0.0610294 0.0553208 0.0493162 0.0432984 0.0374635 0.0319362 0.0267796 0.0220071 0.0176076 0.0135832 0.00998153 0.00689504
 0.00839985 0.0135763 0.0203069 0.0284928 0.0378511 0.0477826 0.0573188 0.0653242 0.0708825 0.0735813 0.0735152 0.0711002 0.0668868 0.0614492 0.0553161 0.0489204 0.0425754 0.0364834 0.0307615 0.0254666 0.0206181 0.0162202 0.0122882 0.00886553 0.00601685
 0.00850199 0.0137198 0.0204822 0.0286802 0.0380306 0.047949 0.0574931 0.0655524 0.0712216 0.0740765 0.0741768 0.071889 0.0677156 0.0622006 0.0558735 0.0491984 0.0425372 0.0361401 0.0301578 0.024666 0.019694 0.0152534 0.0113622 0.00805514 0.00537292
 0.00841552 0.0135825 0.0202814 0.0284058 0.037677 0.0475192 0.0570049 0.0650471 0.0707673 0.0737631 0.0740982 0.0721155 0.0682644 0.0630194 0.0568463 0.0501742 0.0433706 0.0367255 0.0304472 0.0246679 0.0194599 0.0148611 0.0108988 0.00760077 0.00498647
 0.0084568 0.0136415 0.0203548 0.0284842 0.0377455 0.0475596 0.0569989 0.0649787 0.0706288 0.0735623 0.0738661 0.0719073 0.0681491 0.0630571 0.0570617 0.0505392 0.0438074 0.0371315 0.0307293 0.0247707 0.0193777 0.014632 0.0105868 0.00727415 0.00469888
 0.00856356 0.0137999 0.0205647 0.0287344 0.0380154 0.0478231 0.0572272 0.0651431 0.070704 0.0735316 0.0737279 0.0716796 0.0678712 0.0627845 0.0568533 0.0504377 0.0438206 0.0372263 0.0308432 0.0248374 0.0193537 0.0145104 0.0103947 0.00705582 0.00449672
 0.00856218 0.0137991 0.0205658 0.0287389 0.0380237 0.0478328 0.0572328 0.065137 0.0706793 0.0734855 0.073662 0.0715999 0.067787 0.0627094 0.0568054 0.0504376 0.0438829 0.0373487 0.0310008 0.0249888 0.019457 0.0145415 0.0103556 0.00697019 0.00439605
 0.00856152 0.0138048 0.0205868 0.0287871 0.0381103 0.0479627 0.0573993 0.0653208 0.0708528 0.0736196 0.0737339 0.0715982 0.0677139 0.0625797 0.0566434 0.0502722 0.0437421 0.0372517 0.0309519 0.024975 0.0194541 0.014526 0.0103156 0.0069091 0.0043272
 0.00866241 0.0139532 0.0207813 0.0290174 0.0383611 0.0482199 0.0576532 0.0655647 0.0710773 0.0738081 0.0738634 0.0716447 0.0676613 0.0624266 0.0564058 0.0499802 0.0434328 0.0369605 0.0307041 0.0247805 0.0193083 0.014415 0.0102254 0.00683151 0.00426111
 0.00856192 0.0138053 0.0205875 0.0287885 0.0381141 0.0479726 0.0574217 0.065365 0.0709283 0.073732 0.0738797 0.0717606 0.0678641 0.0626844 0.0566774 0.0502288 0.0436368 0.0371159 0.0308189 0.0248665 0.0193735 0.014462 0.0102538 0.00684232 0.00425854
 0.00847194 0.0136639 0.0203844 0.0285198 0.0377853 0.0476016 0.0570408 0.0650165 0.0706549 0.0735651 0.0738332 0.0718323 0.068041 0.0629461 0.0569963 0.0505718 0.0439703 0.0374131 0.0310652 0.0250593 0.0195177 0.0145649 0.0103223 0.00688323 0.00427887
 0.00842667 0.0135807 0.0202421 0.0282937 0.0374548 0.0471617 0.0565117 0.0644463 0.0701107 0.0731175 0.073539 0.071724 0.0681225 0.0631963 0.0573765 0.0510343 0.0444654 0.037896 0.031501 0.0254262 0.0198073 0.0147797 0.0104715 0.00697922 0.00433529
 0.00839567 0.0135313 0.0201685 0.028189 0.0373098 0.046964 0.0562486 0.0641114 0.0697126 0.0726859 0.0731247 0.071388 0.0679196 0.0631599 0.0575103 0.051314 0.0448474 0.0383283 0.031934 0.0258204 0.0201374 0.0150353 0.0106547 0.00710044 0.00440884
 0.00820327 0.0132395 0.0197689 0.0276887 0.0367298 0.0463357 0.0556108 0.0635065 0.0691816 0.0722621 0.072831 0.0712393 0.0679277 0.0633331 0.0578491 0.051803 0.0454521 0.038998 0.0326108 0.02645 0.0206791 0.0154668 0.0109727 0.00731655 0.00454372
 0.00820659 0.013228 0.019721 0.0275754 0.036524 0.046026 0.0552115 0.063057 0.0687337 0.0718625 0.0725094 0.071008 0.0677892 0.0632898 0.057907 0.0519691 0.0457262 0.039365 0.0330388 0.0268956 0.0210981 0.0158244 0.0112505 0.00751298 0.00467
 0.00829026 0.0133393 0.0198417 0.0276708 0.0365493 0.0459383 0.0549835 0.0626866 0.0682478 0.0713144 0.0719686 0.0705432 0.0674515 0.0631038 0.057873 0.052073 0.0459479 0.0396814 0.0334214 0.027309 0.0215028 0.0161844 0.0115412 0.00772587 0.00481105
 0.00829566 0.0133533 0.0198712 0.0277218 0.0366204 0.0460136 0.0550287 0.0626556 0.0680987 0.0710297 0.0715674 0.0700798 0.0669992 0.0627336 0.0576353 0.0519895 0.0460138 0.0398734 0.0337056 0.0276466 0.0218533 0.0165108 0.0118155 0.00793406 0.00495343
 0.00832572 0.0133956 0.0199231 0.0277779 0.0366752 0.0460647 0.0550769 0.0627 0.0681294 0.0710237 0.0714943 0.0699163 0.0667458 0.0624213 0.0573183 0.0517273 0.045852 0.0398325 0.0337798 0.02781 0.0220687 0.0167394 0.0120247 0.00810281 0.00507446
 0.00831583 0.0133825 0.0199088 0.0277654 0.0366669 0.0460607 0.0550741 0.062694 0.0681172 0.0710049 0.0714681 0.0698773 0.066683 0.0623243 0.0571879 0.0515818 0.0457244 0.0397576 0.0337804 0.0278882 0.022207 0.0169082 0.0121928 0.00824659 0.00518219
 0.00831181 0.0133841 0.019926 0.027812 0.0367566 0.0462003 0.0552581 0.0629028 0.0683217 0.0711738 0.0715761 0.0699097 0.0666364 0.062204 0.0570058 0.0513561 0.0454808 0.0395282 0.0335967 0.0277721 0.0221634 0.0169245 0.0122459 0.00831185 0.00524136
 0.00826588 0.0133099 0.0198161 0.0276623 0.0365702 0.0459917 0.055055 0.0627419 0.0682371 0.0711839 0.0716758 0.0700727 0.0668256 0.0623835 0.0571494 0.0514511 0.0455284 0.0395412 0.0335956 0.027778 0.0221907 0.0169761 0.0123136 0.00838225 0.0053023
 0.0082461 0.0132797 0.019774 0.0276075 0.036502 0.0459089 0.0549573 0.0626327 0.0681271 0.0710914 0.0716224 0.070075 0.0668865 0.0624894 0.0572751 0.0515694 0.0456195 0.0395981 0.0336242 0.0277922 0.0222055 0.0170009 0.0123496 0.00842388 0.00534163
 0.00818995 0.0131936 0.0196542 0.0274545 0.0363206 0.045708 0.0547498 0.0624343 0.067954 0.0709581 0.0715407 0.0700539 0.0669318 0.0626008 0.0574429 0.0517735 0.0458336 0.0397978 0.0337939 0.0279277 0.0223116 0.0170859 0.0124199 0.00848186 0.00538726
 0.0082501 0.0132773 0.0197541 0.0275549 0.0364016 0.0457529 0.0547501 0.0623913 0.0678759 0.0708559 0.0714253 0.0699358 0.0668219 0.0625109 0.0573832 0.0517496 0.0458434 0.0398315 0.0338382 0.0279715 0.0223492 0.0171168 0.0124461 0.00850502 0.00540723
 0.00829096 0.0133446 0.0198561 0.0276973 0.0365836 0.0459618 0.0549596 0.0625654 0.0679801 0.0708698 0.07135 0.0697907 0.0666358 0.0623126 0.0571961 0.0515901 0.0457203 0.0397464 0.0337861 0.0279436 0.0223365 0.0171129 0.0124473 0.00850929 0.00541313
 0.00816349 0.0131584 0.0196156 0.0274213 0.0363018 0.0457073 0.0547614 0.0624431 0.0679398 0.0709033 0.0714372 0.0699074 0.0667622 0.0624389 0.0573216 0.0517187 0.0458555 0.0398883 0.0339306 0.0280834 0.0224634 0.0172201 0.0125315 0.0085708 0.0054549
 0.00807074 0.0130123 0.0194054 0.027143 0.0359619 0.0453273 0.0543797 0.0621104 0.0677064 0.0708027 0.0714745 0.0700601 0.066991 0.0627017 0.0575863 0.0519672 0.0460825 0.0400954 0.0341204 0.0282559 0.0226156 0.017348 0.0126322 0.00864447 0.00550462
 0.0080515 0.0129842 0.0193684 0.0270981 0.0359095 0.0452654 0.0543043 0.0620188 0.0676022 0.0706985 0.0713905 0.0700159 0.0669966 0.0627531 0.0576678 0.0520597 0.0461713 0.0401741 0.0341895 0.0283184 0.0226735 0.0174006 0.0126775 0.0086803 0.00553044
 0.00793254 0.0128003 0.0191099 0.026764 0.0355086 0.044818 0.0538423 0.0615831 0.0672356 0.0704364 0.0712545 0.0700133 0.0671229 0.0629939 0.0579991 0.0524492 0.0465833 0.0405758 0.0345565 0.0286369 0.0229379 0.0176108 0.0128365 0.00879353 0.00560546
 0.00799611 0.0128757 0.0191721 0.0267731 0.0354214 0.0446062 0.0535072 0.0611589 0.0667783 0.0700069 0.0709038 0.0697747 0.0670117 0.0630099 0.0581301 0.0526739 0.0468733 0.040899 0.0348819 0.0289386 0.0231987 0.0178222 0.0129972 0.00890789 0.005681
 0.00802708 0.0129284 0.0192538 0.0268869 0.0355596 0.0447426 0.0535966 0.0611473 0.0666251 0.0697076 0.0704978 0.0693337 0.0666137 0.0627157 0.0579709 0.052652 0.0469696 0.0410819 0.0351146 0.0291862 0.0234324 0.0180226 0.0131549 0.00902202 0.00575697
 0.00795134 0.0128232 0.0191292 0.0267642 0.0354662 0.0447027 0.0536204 0.0612247 0.0667251 0.0697845 0.0705069 0.0692494 0.0664438 0.0625007 0.0577684 0.0525148 0.0469284 0.04114 0.035253 0.029373 0.0236337 0.0182102 0.0133108 0.00913893 0.00583642
 0.00788166 0.0127097 0.0189593 0.0265295 0.0351685 0.044361 0.0532746 0.0609293 0.0665325 0.0697236 0.0705698 0.0693948 0.0666154 0.0626517 0.0578797 0.0525978 0.0470128 0.0412553 0.0354132 0.0295721 0.0238505 0.0184188 0.0134897 0.00927667 0.00593187
 0.00790385 0.0127435 0.0190051 0.0265846 0.0352256 0.0444079 0.0532959 0.0609125 0.0664746 0.0696369 0.070478 0.0693216 0.0665711 0.062628 0.0578567 0.0525589 0.0469574 0.0411989 0.0353783 0.0295747 0.0238925 0.0184882 0.0135686 0.00934877 0.00598783
 0.00785304 0.0126725 0.0189197 0.0264973 0.035152 0.0443601 0.0532778 0.0609177 0.0664897 0.0696475 0.0704751 0.0693063 0.0665534 0.0626201 0.0578654 0.0525815 0.0469852 0.041226 0.0354061 0.0296104 0.0239421 0.0185513 0.0136374 0.00941304 0.00603953
 0.00764288 0.0123459 0.0184577 0.0258959 0.0344268 0.043551 0.0524511 0.06016 0.0658904 0.0692746 0.0703582 0.0694342 0.0668858 0.0631039 0.0584467 0.0532117 0.0476226 0.041836 0.0359634 0.0300999 0.0243575 0.0188917 0.0139047 0.00961124 0.00617621
 0.00750494 0.0121117 0.0180878 0.0253498 0.0336754 0.0425945 0.0513355 0.0589808 0.0647767 0.0683598 0.0697504 0.0691952 0.0670235 0.063577 0.0591795 0.054113 0.0486025 0.0428175 0.0368867 0.0309235 0.0250566 0.0194561 0.0143363 0.00992142 0.00638371
 0.00748582 0.0120712 0.018008 0.0252046 0.0334321 0.042219 0.0508023 0.0582844 0.0639437 0.0674556 0.068875 0.0684651 0.0665442 0.0634162 0.0593515 0.0545798 0.0492886 0.0436301 0.0377354 0.031733 0.0257734 0.0200492 0.014795 0.0102521 0.00660451
 0.00743176 0.0119894 0.0178953 0.0250602 0.033254 0.0420009 0.0505305 0.0579403 0.0635102 0.0669273 0.06827 0.0678326 0.0659622 0.0629774 0.0591388 0.0546415 0.0496234 0.0441885 0.0384351 0.0324815 0.0264878 0.0206696 0.0152894 0.0106143 0.00684812
 0.00753912 0.0121617 0.01815 0.0254098 0.0337014 0.0425316 0.0511058 0.0584951 0.0639608 0.0671878 0.0682719 0.0675439 0.0654009 0.0622146 0.0582879 0.0538325 0.0489698 0.0437592 0.0382422 0.0324873 0.0266259 0.0208689 0.0154923 0.0107856 0.00697384
 0.00749701 0.0121151 0.0181203 0.0254313 0.0338128 0.0427624 0.0514631 0.0589573 0.0644794 0.0676947 0.0686894 0.0677969 0.0654321 0.0620018 0.057856 0.0532536 0.0483479 0.0432015 0.0378285 0.0322503 0.0265505 0.020908 0.0155897 0.0108945 0.00706598
 0.00722411 0.0116975 0.0175426 0.0247021 0.0329688 0.0418705 0.0506191 0.0582745 0.0640636 0.0676119 0.0689425 0.0683235 0.0661238 0.0627341 0.0585209 0.0537853 0.0487344 0.0434784 0.0380554 0.0324812 0.0268109 0.0211905 0.0158654 0.0111322 0.00724669
 0.00690055 0.0111945 0.0168294 0.0237683 0.0318296 0.0405722 0.0492459 0.0569491 0.062932 0.0668154 0.0685851 0.0684469 0.0666966 0.0636587 0.0596568 0.0549836 0.0498735 0.0444867 0.0389144 0.033208 0.0274326 0.0217237 0.0163111 0.0114836 0.00750174
 0.00656546 0.0106795 0.0161099 0.0228417 0.0307149 0.0393087 0.0478947 0.0555947 0.0616783 0.0657738 0.0678604 0.0681224 0.0668194 0.0642256 0.0606074 0.0562067 0.0512298 0.0458416 0.0401666 0.0343016 0.0283508 0.0224712 0.0168992 0.0119245 0.00781096
#obs surv len freq
 nan nan nan nan nan nan nan nan nan nan nan nan nan nan nan nan nan nan nan nan nan nan nan nan nan
 0.00448232 0.00734251 0.0111713 0.0159866 0.0216867 0.0279619 0.0342761 0.0400078 0.0446882 0.0481532 0.0505124 0.0520097 0.0529034 0.053417 0.0537323 0.053988 0.0542671 0.0545602 0.0546992 0.0542912 0.0527292 0.0493611 0.0438103 0.0362896 0.0276724
 0.00461583 0.00756058 0.0115011 0.016453 0.0223062 0.0287336 0.035172 0.0409707 0.0456389 0.0490062 0.0511922 0.0524616 0.0530993 0.053356 0.0534359 0.053493 0.0536165 0.0537963 0.0538607 0.0534147 0.0518532 0.0485284 0.0430653 0.0356699 0.0271988
 0.00477856 0.00782811 0.0119092 0.0170367 0.0230926 0.0297306 0.0363562 0.0422822 0.0469881 0.050289 0.0523055 0.0533166 0.0536297 0.0535241 0.0532358 0.0529476 0.0527717 0.0527117 0.0526026 0.0520533 0.0504637 0.0471915 0.0418611 0.0346647 0.0264292
 0.004974 0.00814587 0.0123877 0.0177123 0.0239934 0.0308661 0.0377063 0.0437913 0.0485706 0.0518417 0.0537215 0.0544946 0.0544814 0.0539804 0.0532534 0.0525142 0.0519073 0.0514666 0.0510529 0.0502965 0.0486153 0.0453785 0.0402092 0.0332765 0.0253623
 0.00518359 0.00849113 0.0129156 0.0184692 0.0250155 0.0321653 0.0392553 0.0455198 0.050376 0.0536094 0.0553422 0.0558719 0.0555316 0.0546316 0.0534468 0.05221 0.0510923 0.0501618 0.0493196 0.048239 0.0463774 0.0431323 0.0381309 0.0315129 0.0239988
 0.00540819 0.0088584 0.0134726 0.0192619 0.0260812 0.033519 0.0408761 0.0473438 0.0523034 0.0555215 0.0571198 0.0574071 0.0567337 0.0554267 0.0537755 0.0520256 0.0503642 0.0488855 0.0475311 0.0460292 0.0438977 0.0405834 0.0357311 0.0294514 0.0223919
 0.00564052 0.00923848 0.0140492 0.0200821 0.0271818 0.0349133 0.042539 0.0492073 0.054266 0.0574674 0.0589356 0.0589913 0.0579984 0.0562974 0.0541895 0.0519309 0.0497208 0.0476734 0.0457659 0.0437829 0.0413138 0.0378718 0.0331354 0.027193 0.0206149
 0.0058985 0.00966062 0.0146895 0.0209922 0.028401 0.036452 0.0443629 0.051232 0.0563701 0.0595167 0.0608061 0.0605811 0.0592294 0.0571105 0.0545383 0.0517757 0.049027 0.0464176 0.0439526 0.041469 0.0386304 0.0350271 0.030384 0.0247769 0.0186987
 0.00614442 0.0100655 0.0153081 0.0218792 0.0295995 0.0379774 0.0461852 0.0532696 0.0585007 0.0616009 0.0627107 0.0621938 0.0604648 0.0579088 0.0548597 0.0515929 0.048318 0.0451666 0.0421636 0.0391899 0.035979 0.0321993 0.0276292 0.02234 0.0167531
 0.00636173 0.0104237 0.0158569 0.0226684 0.0306709 0.0393495 0.047838 0.0551375 0.0604804 0.0635692 0.0645434 0.0637785 0.0617083 0.0587401 0.0552301 0.051471 0.0476845 0.0440122 0.0404969 0.0370567 0.0334867 0.0295281 0.0250123 0.0200114 0.0148833
 0.00660242 0.0108149 0.0164454 0.0234979 0.0317734 0.040733 0.0494728 0.0569516 0.0623692 0.065415 0.0662338 0.0652167 0.0628162 0.0594584 0.055516 0.0512957 0.0470304 0.0428732 0.0388847 0.0350174 0.0311209 0.0270014 0.0225393 0.017809 0.0131113
 0.00684791 0.0112185 0.0170607 0.0243759 0.0329513 0.0422156 0.0512162 0.0588593 0.0643092 0.0672483 0.0678401 0.0665071 0.0637328 0.0599681 0.0556021 0.050951 0.0462527 0.0416653 0.037263 0.0330272 0.0288554 0.0246106 0.0202163 0.0157486 0.0114566
 0.00706017 0.0115682 0.0175957 0.0251438 0.0339899 0.0435384 0.0527955 0.0606198 0.0661363 0.0690091 0.0694058 0.067771 0.0646201 0.0604379 0.0556425 0.0505692 0.0454643 0.04049 0.0357278 0.0311802 0.0267825 0.0224449 0.0181263 0.0139027 0.00997784
 0.00727362 0.0119162 0.018121 0.0258867 0.0349801 0.0447821 0.0542627 0.0622397 0.067806 0.0706121 0.0708304 0.0689218 0.0654247 0.0608499 0.0556424 0.0501609 0.0446688 0.0393386 0.0342609 0.0294541 0.0248813 0.0204878 0.0162583 0.012266 0.00867388
 0.00744853 0.0122063 0.0185682 0.0265327 0.0358572 0.0458988 0.0555896 0.0637061 0.069311 0.0720459 0.0720925 0.069932 0.0661249 0.0612032 0.0556309 0.0497842 0.0439419 0.0382897 0.0329319 0.027904 0.0231922 0.0187678 0.0146325 0.0108529 0.00755497
 0.00752708 0.0123355 0.0187661 0.0268197 0.0362548 0.0464264 0.056259 0.0645144 0.0702356 0.073042 0.0730964 0.0708678 0.0669158 0.0617815 0.0559451 0.0498017 0.0436498 0.0376944 0.03206 0.0268044 0.0219388 0.0174578 0.0133758 0.00975136 0.00667874
 0.0075854 0.0124261 0.018895 0.0269907 0.0364707 0.0466902 0.0565751 0.0648882 0.0706728 0.0735453 0.0736603 0.0714725 0.0675228 0.0623358 0.056383 0.0500622 0.043685 0.0374779 0.031591 0.026111 0.0210783 0.0165126 0.0124417 0.00891785 0.00600849
 0.00763598 0.0124992 0.0189883 0.0270966 0.0365789 0.0467927 0.0566701 0.0649822 0.0707798 0.0736851 0.0738537 0.0717351 0.0678568 0.0627231 0.0567838 0.0504191 0.0439342 0.0375632 0.0314772 0.0257937 0.0205877 0.0159097 0.0118056 0.00832706 0.00552123
 0.00772127 0.0126314 0.0191745 0.0273371 0.0368653 0.0471063 0.0569815 0.0652561 0.0709848 0.0738052 0.0738959 0.0717267 0.0678351 0.0627212 0.0568177 0.050481 0.0439928 0.0375726 0.0313918 0.0255846 0.0202547 0.015484 0.0113417 0.00788574 0.00515108
 0.00777759 0.01272 0.0193023 0.0275078 0.0370786 0.0473557 0.0572524 0.0655256 0.0712246 0.073988 0.074003 0.071754 0.0677954 0.0626406 0.0567265 0.0504024 0.0439326 0.0375161 0.0313097 0.0254462 0.0200433 0.0152066 0.011028 0.0075774 0.00488562
 0.00779937 0.0127538 0.0193502 0.0275711 0.0371578 0.0474508 0.0573627 0.0656487 0.0713556 0.0741187 0.074122 0.0718488 0.0678555 0.0626622 0.0567147 0.0503691 0.0438905 0.0374703 0.0312536 0.0253645 0.0199215 0.0150415 0.0108328 0.00737716 0.00470696
 0.00783991 0.0128124 0.0194249 0.0276555 0.037243 0.0475288 0.0574289 0.0657028 0.0714006 0.0741593 0.0741617 0.0718884 0.0678918 0.062689 0.0567258 0.0503614 0.0438651 0.0374306 0.0312012 0.0252965 0.0198324 0.014929 0.0107026 0.007243 0.00458544
 0.00787296 0.0128631 0.019495 0.0277439 0.0373447 0.0476347 0.0575266 0.0657789 0.0714449 0.0741691 0.0741438 0.0718556 0.0678573 0.0626613 0.0567062 0.0503457 0.0438473 0.0374054 0.0311654 0.0252477 0.019769 0.0148512 0.0106144 0.00715272 0.00450334
 0.00787312 0.0128632 0.0194951 0.0277439 0.0373449 0.0476355 0.0575286 0.0657821 0.0714488 0.0741723 0.0741452 0.0718558 0.0678595 0.0626698 0.0567246 0.050374 0.0438813 0.0374382 0.0311893 0.0252568 0.01976 0.0148243 0.0105733 0.00710441 0.00445583
 0.00789301 0.0128902 0.0195256 0.0277717 0.0373624 0.0476373 0.0575138 0.0657545 0.0714152 0.0741398 0.0741189 0.071838 0.0678505 0.0626692 0.0567321 0.0503895 0.0439036 0.0374644 0.0312142 0.0252747 0.0197661 0.0148168 0.0105539 0.0070775 0.00442734
 0.00791256 0.0129178 0.0195594 0.0278064 0.0373907 0.0476512 0.0575064 0.0657224 0.07136 0.0740689 0.0740444 0.0717729 0.0678053 0.0626486 0.0567354 0.050412 0.0439394 0.0375069 0.0312575 0.0253127 0.0197942 0.0148321 0.0105566 0.00707066 0.00441541
 0.00789143 0.0128883 0.0195239 0.0277698 0.0373583 0.0476261 0.0574874 0.0657045 0.0713369 0.0740371 0.0740048 0.0717321 0.0677725 0.062633 0.0567425 0.0504425 0.0439891 0.0375688 0.0313231 0.0253743 0.0198456 0.0148697 0.0105797 0.00708123 0.0044173
 0.00787093 0.0128485 0.0194528 0.027654 0.0371887 0.0474052 0.0572342 0.0654526 0.0711242 0.0738922 0.0739399 0.0717426 0.0678443 0.0627497 0.05689 0.0506099 0.044167 0.0377477 0.0314936 0.0255274 0.0199741 0.0149696 0.0106508 0.00712687 0.00444327
 0.00785164 0.0128163 0.0194021 0.0275783 0.0370806 0.0472578 0.0570447 0.0652259 0.0708766 0.0736518 0.0737408 0.0716158 0.0678074 0.062803 0.0570187 0.0507913 0.0443777 0.0379676 0.0317066 0.0257211 0.0201394 0.0151013 0.0107478 0.00719237 0.00448336
 0.00784175 0.012797 0.0193673 0.0275203 0.0369922 0.0471348 0.0568883 0.0650431 0.0706786 0.0734522 0.0735554 0.0714628 0.0677065 0.0627707 0.057063 0.0509078 0.0445507 0.0381747 0.0319243 0.0259292 0.020323 0.0152513 0.0108611 0.007271 0.00453313
 0.00781669 0.0127566 0.019307 0.027436 0.0368806 0.0469949 0.0567224 0.0648582 0.0704862 0.0732664 0.0733911 0.0713337 0.0676239 0.0627437 0.0570975 0.0510051 0.0447049 0.0383723 0.0321455 0.0261519 0.0205276 0.0154236 0.0109945 0.00736559 0.00459435
 0.0077845 0.0127032 0.0192251 0.0273185 0.0367231 0.0467983 0.0564958 0.0646186 0.0702547 0.0730639 0.0732334 0.0712304 0.0675797 0.0627593 0.0571713 0.0511332 0.0448811 0.0385861 0.0323821 0.0263928 0.0207534 0.0156183 0.0111485 0.00747703 0.00466778
 0.00776014 0.012661 0.0191568 0.0272149 0.0365763 0.0466054 0.0562621 0.0643589 0.0699916 0.0728228 0.0730378 0.0710977 0.0675195 0.0627729 0.0572537 0.0512753 0.0450714 0.0388119 0.0326284 0.0266429 0.0209895 0.0158249 0.0113148 0.00759951 0.0047499
 0.00773292 0.012618 0.0190941 0.0271293 0.0364652 0.0464669 0.0560964 0.0641695 0.0697868 0.072616 0.0728467 0.0709418 0.067416 0.0627341 0.057284 0.0513716 0.0452243 0.0390078 0.0328513 0.0268751 0.0212134 0.0160243 0.0114784 0.00772233 0.00483375
 0.00769033 0.0125499 0.018994 0.0269925 0.0362903 0.0462581 0.0558643 0.0639312 0.0695616 0.0724209 0.0726938 0.0708381 0.0673657 0.0627403 0.0573488 0.0514939 0.0453986 0.0392234 0.0330931 0.0271254 0.0214537 0.0162383 0.0116542 0.00785494 0.00492491
 0.0076818 0.0125326 0.0189615 0.0269368 0.0362035 0.0461355 0.0557075 0.0637488 0.0693682 0.0722338 0.0725289 0.0707081 0.0672791 0.0627017 0.0573598 0.0515546 0.0455068 0.0393736 0.0332755 0.0273257 0.0216551 0.0164241 0.0118113 0.0079761 0.00500982
 0.00764796 0.0124823 0.0188942 0.0268546 0.0361093 0.0460311 0.055593 0.0636234 0.0692329 0.0720937 0.0723941 0.0705917 0.0671941 0.0626578 0.0573623 0.0516041 0.0456006 0.0395061 0.0334382 0.0275066 0.0218397 0.0165972 0.0119599 0.0080924 0.00509237
 0.00763431 0.0124571 0.0188512 0.026787 0.0360123 0.0459057 0.0554478 0.0634734 0.0690941 0.0719773 0.0723038 0.0705259 0.0671507 0.0626376 0.057369 0.0516425 0.0456734 0.0396123 0.0335725 0.02766 0.0219998 0.0167504 0.0120938 0.00819897 0.00516918
 0.00760246 0.0124092 0.0187859 0.026705 0.0359155 0.0457955 0.0553254 0.0633415 0.0689589 0.0718492 0.0721959 0.0704498 0.0671123 0.062637 0.0574023 0.0517052 0.0457622 0.0397249 0.0337055 0.027807 0.0221512 0.0168947 0.0122204 0.0083003 0.00524274
 0.00760651 0.0124132 0.0187873 0.0267 0.0359003 0.0457681 0.0552865 0.0632933 0.0689039 0.0717885 0.0721295 0.0703793 0.0670426 0.0625757 0.0573577 0.0516836 0.0457669 0.0397564 0.0337619 0.027884 0.0222418 0.0169894 0.0123092 0.00837505 0.00529919
 0.00757598 0.0123691 0.0187313 0.0266367 0.0358357 0.0457069 0.0552304 0.0632419 0.0688561 0.0717446 0.0720915 0.0703494 0.0670224 0.0625658 0.0573592 0.0516981 0.0457969 0.0398036 0.0338262 0.0279627 0.0223294 0.0170785 0.0123917 0.00844428 0.00535156
 0.00758564 0.0123797 0.0187381 0.0266328 0.0358149 0.0456675 0.0551774 0.0631855 0.068807 0.0717091 0.072069 0.0703347 0.0670099 0.0625527 0.0573459 0.0516879 0.045794 0.0398122 0.0338491 0.0280003 0.022379 0.0171348 0.0124479 0.00849405 0.00539078
 0.007545 0.012323 0.0186696 0.0265615 0.035751 0.045617 0.0551393 0.0631534 0.0687747 0.0716754 0.0720393 0.0703169 0.0670095 0.0625697 0.0573762 0.0517261 0.0458366 0.0398581 0.033899 0.0280548 0.0224373 0.0171939 0.0125034 0.00854174 0.00542775
 0.00754223 0.0123119 0.0186413 0.0265057 0.0356601 0.0454929 0.0549967 0.0630167 0.0686682 0.0716135 0.072022 0.0703342 0.0670489 0.0626222 0.057437 0.0517927 0.0459066 0.0399291 0.0339693 0.0281233 0.0225031 0.0172553 0.012558 0.00858695 0.00546211
 0.00751472 0.0122709 0.0185863 0.0264373 0.0355788 0.0453973 0.054884 0.0628861 0.068526 0.0714754 0.0719099 0.0702684 0.0670397 0.0626671 0.0575237 0.0519054 0.0460313 0.0400556 0.0340908 0.0282354 0.022603 0.0173411 0.0126285 0.00864156 0.00550145
 0.0075222 0.0122798 0.0185936 0.0264387 0.0355697 0.0453752 0.0548492 0.0628406 0.0684717 0.0714123 0.0718384 0.0701924 0.0669688 0.0626141 0.0574993 0.0519138 0.0460689 0.040114 0.0341602 0.0283077 0.0226721 0.017403 0.0126805 0.0086825 0.00553128
 0.0075016 0.0122502 0.0185562 0.0263964 0.0355263 0.0453326 0.0548071 0.0627972 0.0684252 0.0713637 0.0717906 0.0701493 0.0669342 0.0625917 0.0574932 0.0519281 0.0461059 0.040172 0.0342334 0.028388 0.0227512 0.0174743 0.0127398 0.00872816 0.0055637
 0.00748986 0.0122287 0.0185197 0.0263395 0.0354456 0.0452301 0.0546917 0.0626834 0.0683285 0.0712945 0.071752 0.0701378 0.0669438 0.062617 0.0575313 0.0519782 0.0461682 0.0402464 0.0343178 0.0284774 0.0228392 0.0175541 0.0128065 0.00877931 0.00559964
 0.00747488 0.012206 0.0184883 0.0262992 0.0353959 0.04517 0.0546198 0.0625999 0.0682372 0.0712039 0.0716739 0.0700834 0.0669196 0.0626233 0.0575635 0.0520299 0.046234 0.0403222 0.0344004 0.0285632 0.0229233 0.0176312 0.0128717 0.00882993 0.00563547
 0.00747488 0.012206 0.0184883 0.0262992 0.0353959 0.04517 0.0546198 0.0625999 0.0682372 0.0712039 0.0716739 0.0700834 0.0669196 0.0626233 0.0575635 0.0520299 0.046234 0.0403222 0.0344004 0.0285632 0.0229233 0.0176312 0.0128717 0.00882993 0.00563547
 0.00730118 0.0119288 0.0180823 0.0257478 0.0346992 0.0443539 0.0537429 0.0617503 0.0675142 0.0706928 0.0714257 0.0701083 0.0671928 0.0630963 0.058176 0.05272 0.0469457 0.0410109 0.0350338 0.0291204 0.0233923 0.0180072 0.0131567 0.00903211 0.00576848
 0.00721671 0.0117753 0.017822 0.0253368 0.0340998 0.0435533 0.0527706 0.0606827 0.066463 0.0697801 0.0707582 0.0697581 0.0671875 0.0634184 0.0587707 0.0535092 0.0478434 0.0419363 0.0359203 0.0299189 0.0240719 0.0185535 0.0135698 0.00932388 0.0059594
 0.00720977 0.0117593 0.0177876 0.0252683 0.0339732 0.0433373 0.0524314 0.0601954 0.0658265 0.0690309 0.0699731 0.0690412 0.066645 0.0631315 0.0587767 0.0537961 0.0483581 0.0426006 0.0366489 0.0306353 0.0247176 0.019092 0.0139863 0.00962204 0.0061561
 0.00715995 0.0116877 0.0176968 0.0251655 0.0338665 0.0432292 0.0523139 0.0600481 0.0656208 0.0687398 0.0695849 0.068573 0.0661485 0.0626861 0.0584685 0.053692 0.0484847 0.0429379 0.0371393 0.0312014 0.025283 0.0195967 0.0143946 0.00992303 0.00635836
 0.00721278 0.0117681 0.0178076 0.0253061 0.0340331 0.0434155 0.0525099 0.0602369 0.0657761 0.0688254 0.0695603 0.0684051 0.0658273 0.0622369 0.0579541 0.0531995 0.048101 0.042723 0.0371098 0.0313302 0.0255137 0.0198654 0.0146479 0.0101286 0.00650545
 0.00720616 0.0117701 0.0178338 0.0253775 0.0341695 0.0436253 0.0527821 0.0605417 0.0660727 0.069073 0.0697249 0.0684603 0.0657541 0.0620277 0.0576215 0.0527831 0.0476653 0.0423416 0.0368422 0.0312032 0.0255159 0.0199572 0.0147802 0.0102599 0.00661109
 0.00707854 0.0115668 0.0175372 0.0249792 0.0336772 0.0430712 0.0522267 0.0600656 0.0657542 0.0689616 0.0698245 0.0687315 0.06613 0.0624346 0.0579964 0.053087 0.0478899 0.0425083 0.0369895 0.0313675 0.0257144 0.0201817 0.0150054 0.0104577 0.00676343
 0.00694265 0.0113405 0.0171875 0.0244742 0.0329959 0.0422181 0.0512463 0.0590459 0.0648148 0.0682272 0.0693948 0.0686576 0.0664031 0.0629912 0.0587375 0.0539051 0.0486952 0.0432448 0.0376372 0.0319315 0.0262079 0.0206118 0.0153687 0.0107464 0.00697425
 0.0069332 0.0113129 0.0171226 0.0243442 0.0327683 0.0418636 0.0507487 0.0584113 0.0640778 0.0674524 0.0686719 0.0680863 0.0660707 0.062948 0.0589817 0.0543842 0.0493237 0.0439309 0.038307 0.03254 0.0267362 0.0210558 0.0157292 0.0110247 0.00717463
#pred catch len freq
 0.00448098 0.00705837 0.0102339 0.0139074 0.01802 0.0225424 0.0274036 0.0324461 0.0374493 0.042185 0.0464549 0.0501092 0.0530603 0.0552894 0.0568401 0.0578044 0.0583093 0.0584852 0.0583869 0.0578672 0.0564781 0.0535373 0.0484368 0.0410786 0.0321352
 0.00462927 0.00724082 0.0104032 0.0139918 0.0179527 0.0223025 0.0270426 0.0320742 0.0371851 0.0420976 0.0465363 0.0502925 0.0532689 0.0554846 0.0570397 0.0580649 0.0586818 0.0589674 0.0588973 0.0582612 0.0566065 0.0533185 0.0479019 0.0403588 0.0313998
 0.00480155 0.00751179 0.0107896 0.0144915 0.0185325 0.0228888 0.0275266 0.032343 0.0371737 0.0418299 0.0461223 0.0498739 0.052951 0.0553007 0.056968 0.0580724 0.0587538 0.0590992 0.0590609 0.0583833 0.056584 0.0530699 0.0474189 0.0397197 0.030733
 0.004988 0.00780397 0.0112102 0.0150569 0.0192526 0.0237622 0.0285278 0.0334057 0.0381825 0.0426376 0.0465952 0.0499483 0.0526633 0.0547692 0.056335 0.0574486 0.0581942 0.0586111 0.058619 0.0579379 0.0560721 0.0524412 0.0466701 0.0389089 0.0299586
 0.00520565 0.00814203 0.0116906 0.0156926 0.0200492 0.0247204 0.0296405 0.0346501 0.0395089 0.0439598 0.0477874 0.050861 0.0531617 0.0547817 0.0558841 0.0566411 0.0571743 0.0575052 0.0575016 0.0568281 0.0549557 0.0513044 0.0455292 0.037821 0.0290036
 0.00547838 0.00856446 0.0122882 0.0164776 0.0210227 0.0258748 0.0309578 0.0360983 0.0410389 0.0455035 0.0492571 0.0521474 0.054138 0.0553215 0.0558943 0.0560961 0.056131 0.0560843 0.0558447 0.0550578 0.0531595 0.0495476 0.0438775 0.0363506 0.0277878
 0.00581114 0.00907793 0.0130108 0.0174205 0.0221828 0.0272386 0.0325007 0.0377793 0.0427974 0.0472614 0.0509233 0.0536228 0.0553185 0.0561011 0.0561731 0.055798 0.0552284 0.0546168 0.0539184 0.0528236 0.050784 0.0471925 0.0416904 0.0344563 0.0262722
 0.0061949 0.00967002 0.0138437 0.0185062 0.0235158 0.0288002 0.0342577 0.0396795 0.0447677 0.0492112 0.0527526 0.0552295 0.0566041 0.0569734 0.0565473 0.0556004 0.0544072 0.0531616 0.0518811 0.0503271 0.0480142 0.0443723 0.0390441 0.0321716 0.0244666
 0.00660809 0.0103103 0.0147497 0.0196961 0.0249894 0.0305409 0.0362295 0.0418204 0.046988 0.0513999 0.0547886 0.0569938 0.0579899 0.0578915 0.0569262 0.0553826 0.0535494 0.0516444 0.0497296 0.0476358 0.0449595 0.0411997 0.036027 0.0295516 0.022398
 0.0069827 0.0108949 0.0155854 0.0208085 0.0263897 0.0322255 0.0381747 0.0439737 0.0492645 0.0536863 0.0569539 0.0589029 0.0595175 0.0589331 0.0574028 0.0552385 0.052748 0.0501699 0.0476013 0.0449331 0.0418444 0.0379167 0.0328664 0.0267831 0.0202025
 0.00736216 0.0114809 0.0164115 0.0218898 0.0277273 0.033812 0.0399919 0.0459855 0.0514081 0.0558703 0.0590624 0.0608059 0.0610846 0.0600474 0.0579704 0.0551921 0.0520449 0.0487929 0.0455681 0.042317 0.0387969 0.0346732 0.0297159 0.0240031 0.0179859
 0.00774717 0.0120767 0.017253 0.0229919 0.0290871 0.0354114 0.0417964 0.0479402 0.0534388 0.0578886 0.0609726 0.0625095 0.0624831 0.0610466 0.0584853 0.0551518 0.0513976 0.0475108 0.0436593 0.0398444 0.0358995 0.0315717 0.0266865 0.0213161 0.0158341
 0.00806475 0.0125807 0.0179891 0.0239963 0.0303819 0.0369973 0.0436421 0.0499755 0.055558 0.0599661 0.0628814 0.0641369 0.0637397 0.0618672 0.0588239 0.0549737 0.0506745 0.0462243 0.0418146 0.037493 0.0331626 0.0286484 0.0238304 0.0187791 0.0137985
 0.00836242 0.013043 0.0186467 0.0248682 0.0314793 0.0383267 0.0452004 0.051738 0.0574659 0.0619211 0.0647531 0.0657824 0.0650297 0.0627064 0.0591582 0.0547832 0.0499589 0.0449936 0.0400918 0.0353318 0.0306709 0.0259999 0.0212474 0.0164849 0.0119561
