SBPRF35
12.7214
Curr Bio
705796
B35
881014
F35
0.169432
FOFL
0.138021
OFL
82987.6
Bzero
3.63469e+06
#pred survey bio
 3.6422e+06 3.52746e+06 3.42033e+06 3.26089e+06 3.06833e+06 2.83873e+06 2.57639e+06 2.31376e+06 2.07072e+06 1.8293e+06 1.6325e+06 1.43635e+06 1.28033e+06 1.14527e+06 1.01972e+06 918612 823964 730904 675524 637606 612610 585726 566955 567566 561639 558308 549386 546821 552481 542930 547595 566346 573646 582152 593063 613454 626601 639516 662194 664000 673583 687575 695331 696422 708106 720130 731704 734247 720944 721345 729029 722364 711614 2.55972e+07 1.5437e+07 1.58497e+07 1.68971e+07 1.83669e+07 1.99969e+07 2.15861e+07 2.3015e+07 2.42316e+07 2.5229e+07 2.6025e+07 2.66486e+07 2.71308e+07 2.75005e+07 2.77826e+07 2.79974e+07 2.81609e+07 2.82854e+07 2.83807e+07 2.84537e+07 2.85099e+07 2.85534e+07 2.85872e+07 2.86136e+07 2.86344e+07 2.86507e+07 2.86636e+07 2.86738e+07 2.8682e+07 2.86885e+07 2.86937e+07 2.86979e+07 2.87013e+07 2.87041e+07 2.87063e+07 2.87081e+07 2.87095e+07 2.87107e+07 2.87117e+07 2.87125e+07 2.87131e+07 2.87136e+07 2.87141e+07 2.87144e+07 2.87147e+07 2.87149e+07 2.87151e+07 2.87153e+07 2.87154e+07 2.87155e+07 2.87156e+07 2.87157e+07 2.87157e+07 2.87158e+07 2.87158e+07 2.87158e+07 2.87159e+07 2.87159e+07 2.87159e+07 2.87159e+07 2.87159e+07 2.87159e+07 2.87159e+07 2.87159e+07 2.87159e+07 2.87159e+07 2.8716e+07 2.8716e+07 2.8716e+07 2.8716e+07 2.8716e+07 2.8716e+07 2.8716e+07 2.8716e+07 2.8716e+07 2.8716e+07 2.8716e+07 2.8716e+07 2.8716e+07 2.8716e+07 2.8716e+07 2.8716e+07 2.8716e+07 2.8716e+07 2.8716e+07 2.8716e+07 2.8716e+07 2.8716e+07 2.8716e+07 2.8716e+07 2.8716e+07 2.8716e+07 2.8716e+07 2.8716e+07 2.8716e+07 2.8716e+07 2.8716e+07 2.8716e+07 2.8716e+07 2.8716e+07 0 0 0 0 0 0 0 0 0 0 0 0 0 0 0 0 0 0 0 0 0 0 0 0 0
#obs survey bio
 3.3756e+06 3.8429e+06 2.64664e+06 3.28739e+06 3.53866e+06 4.23759e+06 2.51542e+06 2.16111e+06 2.1592e+06 1.57685e+06 1.54584e+06 1.13941e+06 801637 847981 1.0337e+06 973972 717411 694471 681502 526392 720331 622928 471362 491231 674570 486425 596597 616332 492961 563699 571871 583800 724625 698666 547194 597402 798687 696137 1.01189e+06 496479 621734 597745 670723 711807 739986 585611 714505 901988 846757 714987 765452 618907 584348
#pred catch bio
 97278.4 95625.7 151632 192723 239909 284473 299409 295305 306078 276613 284979 256191 243123 237568 216341 208687 202822 165953 148022 134454 133300 123801 106705 112401 109890 113929 107691 100643 112598 99259.8 87722.9 97917.6 96900.6 95238.7 88307.3 95818.7 97205 90617 109390 103176 100604 106728 112044 102546 102459 103206 110798 122830 109458 102851 114489 115894 87326 82987.6 100828 102291 107776 116689 126883 136807 145619 152986 158886 163463 166929 169506 171394 172762 173744 174444 174940 175290 175535 175708 175828 175912 175970 176011 176039 176059 176072 176081 176088 176092 176095 176097 176099 176100 176101 176101 176101 176102 176102 176102 176102 176102 176102 176102 176102 176102 176102 176102 176102 176102 176102 176102 176102 176102 176102 176102 176102 176102 176102 176102 176102 176102 176102 176102 176102 176102 176102 176102 176102 176102 176102 176102 176102 176102 176102 176102 176102 176102 176102 176102 176102 176102 176102 176102 176102 176102 176102 176102 176102 176102 176102 176102 176102 176102 176102 176102 176102 176102 176102 0 0 0 0 0 0 0 0 0 0 0 0 0 0 0 0 0 0 0 0 0 0 0 0 0
#obs catch bio
 0 95248.9 151951 192751 240164 285171 299580 295264 305106 275369 284178 255922 243809 239578 217105 209068 203515 166237 149042 135678 134090 124730 107004 113282 110481 115047 108691 101161 114212 100056 88106 98227.3 96969.2 95534.9 88490.2 95899.4 97272.4 90792.3 109342 103563 100677 107211 112472 102566 102143 103085 110500 122688 108932 102287 113871 115879 87125
#pred cpue bio
 3.59398e+06 3.48102e+06 3.37485e+06 3.21566e+06 3.02353e+06 2.79467e+06 2.53355e+06 2.27231e+06 2.03061e+06 1.79063e+06 1.59478e+06 1.39984e+06 1.24467e+06 1.11045e+06 986134 886375 793368 702196 647984 611017 586811 560801 542583 543087 537241 533990 525343 522947 528577 519502 524331 542862 550158 558536 569259 589243 602097 614616 636753 638556 647859 661496 669177 670487 682166 694067 705442 708043 695247 695825 703462 697058 686900 2.4751e+07 1.49449e+07 1.5211e+07 1.60893e+07 1.74979e+07 1.91128e+07 2.06988e+07 2.21271e+07 2.33437e+07 2.4341e+07 2.5137e+07 2.57606e+07 2.62428e+07 2.66125e+07 2.68947e+07 2.71094e+07 2.72729e+07 2.73975e+07 2.74927e+07 2.75657e+07 2.76219e+07 2.76654e+07 2.76992e+07 2.77257e+07 2.77464e+07 2.77627e+07 2.77756e+07 2.77859e+07 2.7794e+07 2.78005e+07 2.78057e+07 2.78099e+07 2.78133e+07 2.78161e+07 2.78183e+07 2.78201e+07 2.78215e+07 2.78227e+07 2.78237e+07 2.78245e+07 2.78251e+07 2.78256e+07 2.78261e+07 2.78264e+07 2.78267e+07 2.78269e+07 2.78271e+07 2.78273e+07 2.78274e+07 2.78275e+07 2.78276e+07 2.78277e+07 2.78277e+07 2.78278e+07 2.78278e+07 2.78278e+07 2.78279e+07 2.78279e+07 2.78279e+07 2.78279e+07 2.78279e+07 2.78279e+07 2.78279e+07 2.7828e+07 2.7828e+07 2.7828e+07 2.7828e+07 2.7828e+07 2.7828e+07 2.7828e+07 2.7828e+07 2.7828e+07 2.7828e+07 2.7828e+07 2.7828e+07 2.7828e+07 2.7828e+07 2.7828e+07 2.7828e+07 2.7828e+07 2.7828e+07 2.7828e+07 2.7828e+07 2.7828e+07 2.7828e+07 2.7828e+07 2.7828e+07 2.7828e+07 2.7828e+07 2.7828e+07 2.7828e+07 2.7828e+07 2.7828e+07 2.7828e+07 2.7828e+07 2.7828e+07 2.7828e+07 2.7828e+07 2.7828e+07 2.7828e+07 0 0 0 0 0 0 0 0 0 0 0 0 0 0 0 0 0 0 0 0 0 0 0 0 0
#obs cpue bio
 2.79164e+06 4.07502e+06 3.13295e+06 3.65391e+06 2.30265e+06 1.6923e+06 3.13783e+06 2.38888e+06 2.99315e+06 2.0406e+06 1.73136e+06 1.42449e+06 1.50348e+06 1.04241e+06 1.14757e+06 912806 874910 691533 449710 541130 585012 430272 672449 477772 442598 450308 408065 475612 368762 534522 483617 689737 478287 383716 547944 764209 479934 382851 715910 495086 843218 564035 770522 746162 946989 706928 866151 607241 740273 756018 819934 629871 722038
#pred surv len freq
 0.00440528 0.00722834 0.0110208 0.0158098 0.0215025 0.0277971 0.0341629 0.0399806 0.0447782 0.0483819 0.0508855 0.0525114 0.0534893 0.0540042 0.0541916 0.0541522 0.0539715 0.0537185 0.0533921 0.0528129 0.0515322 0.0488888 0.0442909 0.0376194 0.0294723
 0.00462698 0.00750291 0.0112791 0.0159444 0.0214088 0.0274318 0.0335827 0.0393291 0.0442216 0.0480333 0.0507656 0.0525657 0.0536423 0.0542114 0.05446 0.0545229 0.0544769 0.0543388 0.0540343 0.05333 0.051779 0.0487888 0.0438753 0.0370132 0.0288354
 0.00475236 0.00773618 0.0116775 0.0165607 0.0222567 0.0284452 0.0346002 0.0401336 0.0446304 0.0479864 0.0503514 0.0519641 0.0530297 0.0536953 0.0540746 0.0542651 0.0543379 0.0543034 0.0540583 0.0533265 0.0516399 0.048435 0.0433049 0.036309 0.0281255
 0.00490257 0.00797576 0.0120323 0.0170588 0.02293 0.0293249 0.0356982 0.0414121 0.045975 0.0492103 0.0512454 0.0523771 0.0529332 0.053187 0.0533221 0.0534317 0.0535344 0.0535774 0.0534035 0.0526959 0.050967 0.0476676 0.0424408 0.0354088 0.0272881
 0.00506045 0.00823633 0.0124314 0.0176316 0.0237041 0.03031 0.036878 0.0427431 0.0473922 0.0506298 0.0525587 0.0534477 0.0536154 0.0533726 0.0529886 0.0526565 0.0524616 0.0523579 0.052145 0.0514455 0.0497263 0.0464285 0.0412206 0.0342634 0.0262948
 0.00521765 0.00849863 0.0128391 0.0182272 0.0245253 0.0313769 0.0381794 0.0442304 0.0489856 0.0522324 0.0540696 0.054766 0.0546373 0.0539925 0.0531157 0.0522454 0.0515385 0.0510205 0.0505305 0.0496879 0.0479304 0.0446731 0.0395771 0.0328072 0.0250957
 0.00542915 0.00883953 0.0133472 0.0189376 0.0254654 0.0325591 0.0395909 0.045827 0.0506935 0.0539584 0.055712 0.0562233 0.055813 0.0547958 0.0534628 0.0520679 0.0508009 0.0497414 0.048792 0.0476246 0.0457039 0.0424473 0.0375023 0.0310083 0.0236565
 0.00566651 0.00922406 0.0139234 0.0197456 0.026534 0.0338934 0.0411613 0.0475662 0.0525075 0.0557453 0.0573769 0.0576835 0.0569943 0.0556274 0.0538742 0.0519911 0.0501805 0.0485532 0.0470648 0.0454551 0.0432536 0.0399209 0.0351119 0.0289336 0.0220116
 0.00593381 0.00965115 0.0145526 0.0206121 0.0276605 0.0352819 0.0427826 0.0493547 0.0543684 0.0575706 0.0590627 0.0591407 0.058152 0.0564287 0.0542688 0.0519284 0.0496101 0.0474364 0.0453988 0.0432994 0.0407465 0.0372704 0.0325587 0.0266962 0.0202338
 0.00627228 0.0101917 0.0153476 0.0217028 0.0290684 0.0369962 0.0447478 0.0514686 0.0564978 0.0595778 0.0608297 0.0605793 0.0592029 0.0570544 0.0544447 0.0516332 0.0488196 0.0461275 0.0435666 0.0409868 0.0380719 0.0344327 0.0298075 0.0242713 0.018301
 0.00654888 0.0106423 0.0160274 0.0226631 0.0303463 0.0385984 0.0466337 0.0535454 0.0586333 0.0616269 0.0626591 0.0620832 0.0603072 0.0577139 0.0546354 0.0513426 0.0480382 0.0448467 0.0417899 0.0387543 0.0354879 0.0316785 0.0271199 0.0218871 0.0163904
 0.0069027 0.0112061 0.0168547 0.0237964 0.0318099 0.0403873 0.0486999 0.0557916 0.0609227 0.0638052 0.0645792 0.0636233 0.0613803 0.0582702 0.0546581 0.0508372 0.0470207 0.0433361 0.0398132 0.0363649 0.0327917 0.0288485 0.0243811 0.0194663 0.0144529
 0.00719434 0.0116785 0.0175622 0.0247874 0.0331168 0.0420113 0.0505957 0.0578644 0.0630425 0.0658325 0.0663868 0.0651064 0.0624573 0.0588823 0.054769 0.050433 0.0461064 0.041932 0.0379562 0.0341188 0.0302653 0.0262064 0.0218304 0.0172142 0.0126501
 0.0073679 0.0119792 0.0180489 0.0255263 0.034167 0.0434009 0.0523001 0.0597984 0.0650744 0.0678124 0.0681733 0.0665841 0.0635424 0.0595209 0.0549317 0.0501088 0.0452988 0.0406587 0.0362534 0.0320523 0.0279431 0.0237849 0.0195001 0.0151619 0.01101
 0.00753886 0.0122596 0.0184766 0.0261412 0.0350068 0.0444924 0.0536463 0.0613672 0.0667938 0.0695751 0.0698501 0.0680425 0.0646677 0.0602309 0.0551816 0.0498856 0.0446117 0.0395323 0.0347286 0.0301954 0.0258573 0.0216147 0.0174179 0.0133335 0.00955241
 0.00765799 0.0124573 0.0187818 0.0265842 0.0356141 0.0452792 0.0546082 0.0624776 0.0680085 0.0708389 0.0711002 0.0692079 0.0656682 0.0609831 0.0556101 0.0499353 0.0442544 0.0387683 0.0335861 0.0287332 0.0241699 0.0198325 0.0156937 0.0118126 0.00833692
 0.0077869 0.0126709 0.0191105 0.0270586 0.0362581 0.0460999 0.0555859 0.0635635 0.0691329 0.0719276 0.0720891 0.0700488 0.0663271 0.0614324 0.0558217 0.0498785 0.043901 0.0381018 0.0326128 0.0274911 0.0227348 0.0183154 0.0142262 0.0105194 0.00730489
 0.00802634 0.0130456 0.0196473 0.0277723 0.0371494 0.0471516 0.0567579 0.0647903 0.07033 0.0730053 0.072969 0.0706763 0.0666765 0.061505 0.055636 0.0494572 0.0432611 0.0372529 0.0315657 0.0262717 0.0213963 0.0169423 0.0129223 0.00938448 0.00640716
 0.00811727 0.0131914 0.019863 0.0280707 0.0375392 0.0476342 0.0573245 0.065421 0.070997 0.0736766 0.0736109 0.0712527 0.0671496 0.0618377 0.0557982 0.0494298 0.0430362 0.0368315 0.0309565 0.0254963 0.0204965 0.0159836 0.0119877 0.00855555 0.0057427
 0.00815473 0.0132494 0.0199454 0.0281803 0.0376783 0.0478063 0.0575342 0.0656729 0.0712937 0.0740171 0.0739882 0.0716526 0.0675491 0.0622056 0.056097 0.0496212 0.0430871 0.0367197 0.0306746 0.0250549 0.019927 0.0153385 0.011334 0.00796072 0.00525734
 0.00817146 0.0132705 0.0199662 0.028193 0.0376754 0.0477846 0.057499 0.0656391 0.0712834 0.0740545 0.0740936 0.0718366 0.0678085 0.0625216 0.0564364 0.0499405 0.0433394 0.036863 0.03068 0.024913 0.0196523 0.0149685 0.0109224 0.0075647 0.00492241
 0.00828774 0.0134444 0.0201989 0.0284743 0.0379847 0.0480941 0.0577771 0.0658557 0.0714158 0.0740953 0.0740545 0.0717457 0.0677015 0.0624299 0.0563777 0.0499141 0.0433266 0.0368333 0.030601 0.0247615 0.0194231 0.0146778 0.0106038 0.00725863 0.00466295
 0.00847152 0.0137155 0.0205552 0.0288947 0.0384335 0.0485296 0.0581589 0.0661488 0.0715941 0.0741457 0.0739805 0.0715681 0.0674542 0.0621529 0.056108 0.0496772 0.0431315 0.0366711 0.0304505 0.0245985 0.0192314 0.0144565 0.0103682 0.00703312 0.00447087
 0.00843801 0.0136762 0.0205231 0.0288892 0.0384723 0.0486176 0.0582816 0.0662753 0.071691 0.0741919 0.0739752 0.0715273 0.0674005 0.0621061 0.0560814 0.0496766 0.0431556 0.0367114 0.0304912 0.0246204 0.0192182 0.0144024 0.0102801 0.00692828 0.00436921
 0.00844313 0.0136856 0.0205401 0.0289193 0.038524 0.0487022 0.0584097 0.0664506 0.0719026 0.0744114 0.0741624 0.0716443 0.067427 0.0620463 0.0559597 0.0495258 0.0430047 0.0365783 0.0303807 0.0245269 0.0191314 0.0143135 0.0101871 0.00683626 0.00428697
 0.0084141 0.013643 0.0204847 0.0288552 0.0384581 0.0486437 0.0583692 0.06644 0.0719334 0.074491 0.0742887 0.0718017 0.0675881 0.0621807 0.0560448 0.0495555 0.0429887 0.0365347 0.0303266 0.0244721 0.0190779 0.0142595 0.0101313 0.00678073 0.00423637
 0.00840953 0.0136402 0.0204888 0.0288737 0.0384988 0.0487109 0.0584615 0.0665495 0.0720485 0.0746003 0.0743841 0.0718791 0.0676452 0.0622137 0.0560482 0.0495238 0.0429213 0.0364384 0.0302141 0.0243575 0.0189715 0.0141663 0.0100526 0.00671633 0.00418602
 0.00842686 0.0136549 0.0204868 0.0288355 0.0384069 0.0485607 0.0582687 0.0663484 0.0718809 0.0745 0.0743666 0.0719405 0.0677678 0.0623738 0.0562211 0.0496875 0.0430586 0.0365388 0.0302755 0.0243847 0.0189737 0.0141529 0.0100315 0.00669304 0.00416441
 0.0082629 0.0134178 0.0201841 0.0284908 0.0380515 0.04822 0.0579549 0.0660641 0.0716311 0.0743023 0.0742514 0.0719393 0.0678975 0.0626273 0.0565682 0.0500847 0.043461 0.0369094 0.0305899 0.0246321 0.0191546 0.0142756 0.0101079 0.00673608 0.00418549
 0.00826618 0.0134134 0.0201605 0.0284347 0.0379543 0.048087 0.0578084 0.0659364 0.0715477 0.0742682 0.0742499 0.0719462 0.0678997 0.0626302 0.0565894 0.0501392 0.0435509 0.037023 0.0307084 0.0247378 0.0192365 0.0143309 0.0101399 0.00675109 0.00419019
 0.00826876 0.0133986 0.0201032 0.0283003 0.0377082 0.0477099 0.0573113 0.0653662 0.0709796 0.0737866 0.0739256 0.0718175 0.0679646 0.0628545 0.0569236 0.0505358 0.0439722 0.0374406 0.0310988 0.0250811 0.0195187 0.0145461 0.0102914 0.00684892 0.00424789
 0.00817769 0.0132529 0.0198876 0.0280005 0.037312 0.0472097 0.0567103 0.0646853 0.0702636 0.073104 0.0733603 0.0714516 0.0678564 0.0630208 0.0573351 0.0511281 0.0446659 0.03816 0.0317834 0.0256887 0.0200241 0.0149396 0.0105766 0.00704019 0.0043658
 0.00817426 0.0132468 0.0198772 0.0279824 0.03728 0.0471537 0.0566151 0.0645325 0.0700359 0.0727935 0.0729779 0.0710332 0.0674611 0.0627179 0.0571836 0.051157 0.0448658 0.038489 0.0321828 0.0260998 0.0204004 0.015252 0.0108136 0.00720464 0.00446987
 0.00814476 0.0132011 0.0198126 0.0278983 0.0371778 0.0470366 0.0564878 0.0643995 0.069899 0.0726494 0.0728193 0.0708542 0.0672658 0.0625266 0.0570325 0.0510879 0.0449097 0.0386528 0.0324451 0.0264185 0.0207271 0.0155459 0.0110499 0.00737576 0.00458182
 0.008129 0.0131693 0.0197536 0.0277987 0.0370265 0.0468311 0.0562392 0.0641323 0.0696443 0.0724351 0.0726614 0.0707541 0.0672135 0.062509 0.0570426 0.0511304 0.0449992 0.0388043 0.0326622 0.0266868 0.0210167 0.0158219 0.0112838 0.00755286 0.00470197
 0.00808683 0.0130951 0.0196317 0.0276113 0.0367579 0.046475 0.0558059 0.0636521 0.069164 0.0720089 0.0723393 0.0705708 0.067181 0.0626155 0.0572586 0.051421 0.045335 0.0391665 0.0330396 0.0270683 0.0213853 0.0161557 0.0115624 0.00776468 0.00484758
 0.00809978 0.0131152 0.0196592 0.0276436 0.0367876 0.0464879 0.0557812 0.0635667 0.0690013 0.0717682 0.0720416 0.0702555 0.0668957 0.0624025 0.0571438 0.0514093 0.0454149 0.0393176 0.0332403 0.0272986 0.021626 0.016387 0.0117657 0.0079268 0.00496397
 0.00804854 0.0130441 0.019575 0.0275599 0.036721 0.046451 0.0557766 0.0635843 0.0690207 0.0717646 0.0719938 0.0701544 0.06675 0.0622377 0.0569952 0.0513105 0.045387 0.0393652 0.0333535 0.0274585 0.0218102 0.0165731 0.0119345 0.00806489 0.00506554
 0.00794472 0.0128762 0.0193253 0.0272163 0.0362836 0.0459406 0.0552395 0.0630872 0.0686326 0.0715342 0.071934 0.0702428 0.0669429 0.0624896 0.057273 0.0515991 0.0456853 0.0396769 0.033678 0.0277871 0.0221269 0.0168597 0.0121755 0.00825146 0.00519755
 0.00799276 0.0129506 0.0194294 0.0273482 0.0364335 0.0460892 0.0553589 0.0631475 0.0686129 0.0714332 0.0717719 0.0700524 0.066755 0.0623224 0.0571318 0.0514831 0.0455955 0.0396189 0.0336592 0.0278106 0.0221877 0.0169449 0.0122683 0.00833671 0.00526549
 0.00797429 0.012923 0.0193923 0.0273035 0.0363847 0.0460408 0.055315 0.0631095 0.0685782 0.0713952 0.0717235 0.0699917 0.0666884 0.0622629 0.0570925 0.0514715 0.045612 0.0396604 0.0337225 0.0278929 0.022285 0.0170497 0.0123703 0.0084257 0.00533479
 0.00786146 0.0127557 0.0191709 0.0270392 0.0360972 0.0457538 0.0550519 0.0628919 0.0684236 0.0713142 0.0717174 0.0700514 0.0667983 0.0624061 0.0572559 0.0516473 0.0457961 0.0398494 0.0339121 0.0280782 0.0224603 0.0172089 0.0125073 0.00853557 0.00541575
 0.00774691 0.0125809 0.0189297 0.0267353 0.0357449 0.0453777 0.0546859 0.0625749 0.0681915 0.0711903 0.0717064 0.0701408 0.0669647 0.0626232 0.0575003 0.0519011 0.0460479 0.0400926 0.034143 0.0282934 0.0226559 0.0173801 0.0126498 0.00864678 0.00549601
 0.00773389 0.0125493 0.0188634 0.0266139 0.035551 0.0451059 0.0543515 0.0622139 0.0678519 0.0709185 0.0715348 0.0700822 0.0670134 0.0627599 0.0576989 0.0521353 0.0462958 0.0403385 0.0343767 0.0285088 0.0228484 0.017546 0.0127858 0.00875157 0.00557088
 0.00773253 0.0125347 0.0188179 0.0265128 0.0353671 0.0448193 0.0539588 0.0617349 0.0673294 0.0704122 0.0711098 0.0697956 0.0669005 0.0628267 0.0579233 0.0524761 0.0467045 0.0407702 0.0347962 0.0288918 0.0231804 0.0178197 0.0129995 0.00890832 0.00567784
 0.00771391 0.0125082 0.0187843 0.0264726 0.0353172 0.0447488 0.0538484 0.0615611 0.0670756 0.0700803 0.0707274 0.0694131 0.0665788 0.0626206 0.0578663 0.0525726 0.0469315 0.0410868 0.0351556 0.0292519 0.0235096 0.0180985 0.0132195 0.00906974 0.00578745
 0.00762934 0.0123846 0.0186241 0.0262876 0.0351255 0.0445692 0.0536946 0.0614379 0.0669766 0.0699893 0.070625 0.0692868 0.0664337 0.0624826 0.0577747 0.0525652 0.0470296 0.0412874 0.035433 0.0295675 0.0238237 0.0183795 0.0134483 0.00924031 0.00590386
 0.00752584 0.0122315 0.0184224 0.0260492 0.0348717 0.0443263 0.0534896 0.0612935 0.0669063 0.0699914 0.0706806 0.0693649 0.0665021 0.062521 0.0577842 0.0525675 0.0470573 0.0413682 0.0355779 0.0297663 0.0240505 0.0186034 0.0136438 0.00939313 0.00601136
 0.00757862 0.0123022 0.0185013 0.0261192 0.0349144 0.0443315 0.0534616 0.0612503 0.06687 0.0699779 0.0706915 0.0693869 0.066513 0.0624989 0.0577164 0.0524577 0.046926 0.0412464 0.0354952 0.0297397 0.0240788 0.0186703 0.0137266 0.00947184 0.00607398
 0.00759882 0.012327 0.0185233 0.0261249 0.0348865 0.0442529 0.0533214 0.0610499 0.0666275 0.0697276 0.0704766 0.0692462 0.0664664 0.0625406 0.0578193 0.0525871 0.0470542 0.0413618 0.0356015 0.0298472 0.0241946 0.0187924 0.013845 0.00957448 0.00615288
 0.00752617 0.0122209 0.0183854 0.0259637 0.0347128 0.044075 0.053141 0.0608634 0.0664314 0.0695256 0.0702842 0.06909 0.0663772 0.0625424 0.0579189 0.05277 0.0472908 0.0416188 0.0358534 0.0300803 0.0244043 0.018977 0.0140019 0.00970008 0.0062454
 0.00736948 0.0120007 0.0181184 0.0256872 0.0344755 0.0439194 0.0530888 0.0609094 0.0665476 0.0696702 0.0704146 0.0691751 0.0664074 0.0625312 0.0578958 0.0527665 0.0473267 0.0416971 0.0359632 0.0302058 0.0245315 0.0190961 0.0141064 0.00978579 0.00631019
 0.00709215 0.0115837 0.0175557 0.0250008 0.033715 0.0431579 0.052415 0.0604142 0.0663012 0.0696987 0.0706885 0.0696197 0.0669303 0.0630532 0.0583696 0.0531793 0.0476891 0.0420268 0.036272 0.0304948 0.0247939 0.0193228 0.0142908 0.00992587 0.00640878
#obs surv len freq
 nan nan nan nan nan nan nan nan nan nan nan nan nan nan nan nan nan nan nan nan nan nan nan nan nan
 0.00448696 0.00734954 0.0111809 0.0159986 0.0217005 0.0279768 0.0342912 0.040022 0.0447005 0.0481626 0.0505183 0.0520118 0.0529019 0.0534122 0.0537249 0.0539786 0.0542563 0.0545484 0.0546868 0.0542786 0.0527167 0.0493493 0.0437998 0.0362809 0.0276658
 0.00461272 0.00755772 0.0115008 0.0164586 0.022321 0.0287595 0.0352079 0.0410125 0.0456811 0.0490435 0.0512207 0.0524796 0.0531067 0.0533536 0.0534253 0.0534758 0.0535944 0.0537707 0.0538329 0.0533858 0.0518244 0.048501 0.0430408 0.0356495 0.0271833
 0.00477918 0.00782724 0.0119046 0.0170258 0.0230737 0.0297046 0.036328 0.0422592 0.0469777 0.0502948 0.0523263 0.0533468 0.0536625 0.0535536 0.0532584 0.0529623 0.0527791 0.0527131 0.0525996 0.0520474 0.0504563 0.0471836 0.0418537 0.0346584 0.0264243
 0.00497217 0.00814407 0.0123869 0.0177138 0.0239977 0.0308722 0.0377112 0.0437915 0.0485643 0.0518306 0.0537108 0.0544902 0.0544865 0.0539943 0.0532718 0.0525318 0.05192 0.0514726 0.0510522 0.0502907 0.048606 0.0453677 0.0401986 0.0332672 0.025355
 0.00518287 0.00848887 0.0129103 0.0184591 0.0249996 0.0321438 0.0392305 0.0454953 0.050355 0.0535934 0.0553312 0.0558655 0.0555307 0.0546378 0.0534613 0.0522317 0.0511179 0.0501872 0.0493414 0.0482557 0.046389 0.0431399 0.0381356 0.0315157 0.0240005
 0.00540639 0.00885595 0.0134697 0.0192588 0.0260776 0.0335143 0.0408685 0.0473319 0.0522866 0.0555012 0.0570988 0.0573887 0.0567204 0.0554202 0.0537766 0.0520344 0.0503798 0.0489056 0.0475528 0.0460494 0.0439144 0.0405959 0.0357398 0.029457 0.0223954
 0.00563686 0.00923364 0.014044 0.020078 0.0271806 0.0349162 0.0425463 0.0492177 0.0542769 0.0574755 0.0589381 0.058987 0.0579884 0.0562843 0.0541768 0.0519216 0.0497167 0.0476746 0.0457714 0.0437904 0.0413209 0.0378771 0.0331383 0.0271941 0.0206147
 0.00589538 0.0096545 0.0146785 0.0209743 0.0283748 0.0364181 0.0443246 0.0511951 0.0563408 0.0594991 0.0608011 0.0605862 0.0592405 0.0571238 0.0545517 0.0517893 0.0490421 0.0464355 0.0439738 0.0414925 0.0386545 0.0350496 0.0304032 0.0247917 0.0187092
 0.00613388 0.0100481 0.0152816 0.0218412 0.0295482 0.0379123 0.0461081 0.0531853 0.0584172 0.0615276 0.0626566 0.0621654 0.0604638 0.0579324 0.0549019 0.0516468 0.048378 0.0452295 0.0422277 0.0392538 0.0360409 0.0322567 0.0276793 0.0223805 0.0167832
 0.00637319 0.0104406 0.0158789 0.022694 0.0306969 0.039372 0.0478522 0.055139 0.0604656 0.0635375 0.0644973 0.0637245 0.0616548 0.0586954 0.0551997 0.0514565 0.0476842 0.0440227 0.0405146 0.0370787 0.0335105 0.0295517 0.0250337 0.0200291 0.0148966
 0.00660895 0.0108273 0.016467 0.0235325 0.0318237 0.0407984 0.0495478 0.057026 0.0624308 0.0654529 0.0662413 0.0651934 0.062767 0.0593925 0.0554441 0.0512278 0.0469734 0.0428299 0.0388548 0.0349985 0.03111 0.0269958 0.0225369 0.0178082 0.0131112
 0.00685512 0.0112283 0.0170719 0.024387 0.0329609 0.0422247 0.0512278 0.0588778 0.0643372 0.0672844 0.0678775 0.0665365 0.0637458 0.0599605 0.0555756 0.0509117 0.0462089 0.0416249 0.0372308 0.033005 0.0288422 0.0246044 0.0202144 0.0157489 0.0114577
 0.00706569 0.0115792 0.0176158 0.0251769 0.0340389 0.0436024 0.0528688 0.0606935 0.0662006 0.0690577 0.0694368 0.0677853 0.0646189 0.0604209 0.0556089 0.0505199 0.0454033 0.0404236 0.0356631 0.031123 0.0267358 0.0224093 0.0181005 0.013885 0.00996633
 0.00726758 0.0119063 0.0181062 0.0258666 0.034956 0.0447575 0.0542438 0.0622333 0.0678171 0.0706411 0.0708724 0.0689693 0.0654699 0.0608871 0.0556681 0.0501733 0.0446676 0.0393256 0.0342399 0.0294301 0.0248589 0.0204697 0.0162454 0.0122579 0.00866923
 0.00740163 0.0121324 0.0184614 0.02639 0.0356795 0.0456933 0.0553712 0.063497 0.0691375 0.0719317 0.0720528 0.0699695 0.0662299 0.0613571 0.0558114 0.0499705 0.0441178 0.0384455 0.0330633 0.0280113 0.0232781 0.0188358 0.0146854 0.0108926 0.00758331
 0.00753848 0.0123492 0.0187778 0.026822 0.036239 0.0463854 0.05619 0.0644199 0.0701239 0.0729257 0.0729906 0.0707878 0.0668735 0.0617824 0.0559867 0.0498744 0.0437398 0.037788 0.0321466 0.0268781 0.0219978 0.0175029 0.0134093 0.00977545 0.00669532
 0.00760144 0.0124539 0.0189394 0.0270561 0.0365579 0.0467938 0.0566807 0.0649751 0.0707198 0.0735387 0.0735992 0.0713689 0.0673975 0.0622113 0.0562784 0.0499886 0.0436445 0.0374651 0.0315964 0.026125 0.0210938 0.0165258 0.0124514 0.00892445 0.00601274
 0.0076396 0.0125085 0.0190086 0.027135 0.0366428 0.0468867 0.0567924 0.065123 0.0709214 0.0738048 0.0739293 0.0717511 0.0678098 0.0626236 0.0566521 0.0502794 0.0438072 0.0374611 0.0314034 0.0257447 0.0205569 0.0158904 0.0117932 0.00831894 0.00551593
 0.00769227 0.0125852 0.019107 0.0272467 0.0367545 0.0469841 0.0568645 0.0651659 0.0709421 0.0738216 0.0739686 0.0718383 0.0679601 0.0628346 0.0569031 0.0505341 0.0440201 0.0375856 0.0314016 0.0255973 0.0202714 0.0155024 0.0113587 0.00789945 0.00516077
 0.00776543 0.0126976 0.0192636 0.027446 0.0369877 0.047234 0.0571058 0.0653684 0.0710782 0.0738762 0.0739459 0.071762 0.0678656 0.0627574 0.0568662 0.0505409 0.0440532 0.0376119 0.0313826 0.0255022 0.020088 0.0152431 0.0110573 0.00759961 0.00490108
 0.00782897 0.0127985 0.0194107 0.0276448 0.0372382 0.0475275 0.057422 0.0656762 0.0713407 0.0740594 0.074028 0.0717391 0.0677526 0.0625846 0.0566708 0.050356 0.0438976 0.0374851 0.0312673 0.0253736 0.0199267 0.015045 0.0108361 0.00738047 0.00470998
 0.00784237 0.012821 0.0194461 0.0276974 0.0373126 0.0476274 0.0575486 0.0658266 0.071506 0.0742252 0.074175 0.0718472 0.0678066 0.0625787 0.0566122 0.0502621 0.0437896 0.0373792 0.0311684 0.0252753 0.0198177 0.0149184 0.0106951 0.00723827 0.00458288
 0.00786751 0.0128537 0.0194804 0.0277235 0.0373206 0.0476126 0.057516 0.0657904 0.0714849 0.074235 0.0742225 0.0719276 0.0679049 0.0626746 0.056687 0.0503049 0.0437994 0.0373626 0.0311338 0.025228 0.0197582 0.0148457 0.0106118 0.00715154 0.00450291
 0.00786968 0.0128584 0.0194891 0.0277373 0.037338 0.0476285 0.0575214 0.0657758 0.0714462 0.0741786 0.0741651 0.07189 0.0679028 0.0627114 0.056753 0.0503822 0.0438698 0.0374138 0.031161 0.0252318 0.0197416 0.0148126 0.0105667 0.00710099 0.00445421
 0.00789201 0.0128882 0.0195221 0.0277659 0.037354 0.0476267 0.0575019 0.0657432 0.0714063 0.0741351 0.07412 0.0718465 0.0678674 0.0626935 0.0567599 0.0504144 0.0439196 0.0374685 0.031208 0.0252625 0.019753 0.014806 0.0105466 0.0070733 0.00442523
 0.00788823 0.0128801 0.0195062 0.0277373 0.0373073 0.0475574 0.0574089 0.0656305 0.071284 0.0740182 0.0740249 0.0717866 0.0678495 0.0627179 0.0568218 0.0505063 0.044032 0.0375898 0.0313252 0.0253639 0.0198305 0.0148568 0.0105731 0.00708151 0.00442234
 0.00788305 0.0128705 0.0194895 0.0277101 0.0372661 0.0474995 0.0573337 0.0655398 0.0711824 0.0739131 0.0739261 0.0717055 0.0677976 0.0627035 0.056848 0.0505705 0.0441262 0.0377026 0.0314437 0.0254754 0.0199247 0.0149278 0.0106198 0.00710743 0.00443341
 0.00787925 0.0128626 0.0194745 0.0276842 0.0372254 0.0474418 0.0572592 0.0654524 0.0710882 0.0738192 0.0738398 0.0716337 0.0677469 0.0626797 0.0568557 0.0506113 0.0441978 0.037798 0.0315525 0.0255854 0.0200245 0.015009 0.010679 0.00714543 0.00445457
 0.00785547 0.0128216 0.0194087 0.0275856 0.0370882 0.047266 0.0570537 0.0652351 0.0708827 0.0736486 0.0737214 0.0715763 0.0677509 0.0627395 0.0569619 0.0507534 0.0443652 0.0379801 0.0317379 0.0257622 0.0201818 0.0151385 0.0107767 0.00721249 0.00449604
 0.0078563 0.0128198 0.0193998 0.0275631 0.0370441 0.0471932 0.0569481 0.065098 0.0707219 0.0734783 0.0735605 0.0714448 0.067665 0.0627084 0.0569866 0.0508279 0.0444789 0.0381203 0.0318915 0.0259163 0.0203244 0.0152603 0.010872 0.00728051 0.00453991
 0.00783827 0.0127931 0.0193643 0.0275198 0.0369943 0.0471369 0.0568836 0.065022 0.0706321 0.0733753 0.0734498 0.071337 0.0675742 0.0626488 0.0569691 0.050857 0.0445521 0.038229 0.0320229 0.0260563 0.0204595 0.0153793 0.0109679 0.00735085 0.00458666
 0.00779142 0.0127165 0.0192487 0.0273579 0.0367838 0.0468845 0.0566081 0.0647522 0.0703994 0.0732045 0.0733524 0.0713114 0.0676112 0.0627371 0.0570994 0.0510221 0.0447454 0.0384421 0.0322447 0.0262737 0.020659 0.01555 0.0111031 0.00744932 0.00465218
 0.00777453 0.0126853 0.0191949 0.0272711 0.0366543 0.0467068 0.0563851 0.0644977 0.0701369 0.072963 0.0731604 0.0711904 0.067571 0.0627753 0.0572043 0.0511781 0.0449368 0.038655 0.0324664 0.0264915 0.0208605 0.0157242 0.0112427 0.00755231 0.00472158
 0.00773315 0.0126192 0.0190977 0.0271375 0.0364808 0.0464933 0.0561368 0.0642263 0.0698604 0.0727041 0.0729437 0.071039 0.0675025 0.0627982 0.0573156 0.0513642 0.0451772 0.0389268 0.0327478 0.0267636 0.0211077 0.0159348 0.0114101 0.0076752 0.00480434
 0.00771234 0.0125833 0.0190398 0.0270502 0.0363578 0.0463323 0.0559416 0.0640076 0.0696335 0.0724856 0.0727493 0.0708831 0.0673987 0.0627583 0.0573475 0.0514688 0.0453467 0.0391452 0.0329941 0.0270152 0.0213445 0.0161411 0.0115763 0.00779863 0.00488824
 0.00767967 0.0125325 0.0189674 0.0269542 0.0362374 0.0461881 0.0557761 0.0638261 0.0694448 0.0723013 0.072583 0.070748 0.067306 0.0627169 0.0573634 0.0515446 0.0454802 0.0393284 0.0332121 0.0272487 0.0215725 0.0163452 0.011744 0.00792473 0.00497477
 0.00766655 0.012507 0.0189215 0.0268784 0.0361239 0.0460345 0.0555894 0.0636215 0.0692419 0.0721183 0.0724322 0.0706363 0.0672369 0.0626927 0.0573859 0.051615 0.0455978 0.0394886 0.0334055 0.0274607 0.021785 0.0165403 0.0119079 0.00805022 0.00506207
 0.00764195 0.0124721 0.0188782 0.0268305 0.0360747 0.0459838 0.0555315 0.0635482 0.0691467 0.072002 0.0723041 0.0705116 0.0671313 0.0626182 0.05735 0.0516212 0.0456469 0.0395786 0.0335309 0.0276112 0.0219464 0.0166967 0.0120449 0.00815882 0.00513972
 0.00762009 0.012436 0.0188231 0.0267529 0.035974 0.0458648 0.0554051 0.0634288 0.0690472 0.0719277 0.0722523 0.070475 0.0671045 0.0626015 0.0573486 0.0516424 0.0456962 0.0396583 0.0336389 0.0277409 0.022087 0.0168351 0.0121685 0.00825867 0.0052124
 0.00760823 0.0124156 0.0187904 0.0267034 0.0359038 0.0457717 0.0552912 0.0633012 0.0689179 0.0718115 0.0721621 0.0704184 0.0670818 0.0626073 0.0573761 0.0516871 0.0457573 0.0397371 0.033736 0.0278535 0.0222086 0.0169557 0.0122775 0.00834807 0.00527848
 0.00758162 0.0123781 0.0187444 0.0266543 0.0358577 0.0457322 0.0552571 0.0632673 0.0688776 0.0717612 0.0721037 0.0703591 0.0670313 0.062574 0.0573644 0.0516972 0.0457874 0.039785 0.0337999 0.0279314 0.0222959 0.0170455 0.0123617 0.00841927 0.00533257
 0.00755902 0.0123398 0.0186843 0.0265671 0.0357415 0.0455923 0.0551071 0.0631271 0.068767 0.0716919 0.072076 0.0703647 0.0670593 0.0626166 0.0574183 0.0517623 0.0458639 0.0398719 0.0338952 0.0280317 0.0223971 0.0171422 0.012448 0.00849014 0.0053856
 0.00755156 0.0123287 0.0186694 0.0265481 0.0357172 0.04556 0.055063 0.0630685 0.0686949 0.0716133 0.0720025 0.0703076 0.0670256 0.0626067 0.0574283 0.0517873 0.0459006 0.0399191 0.0339518 0.0280962 0.0224661 0.0172112 0.0125116 0.00854391 0.00542678
 0.00753044 0.0122946 0.0186186 0.0264779 0.0356271 0.0454528 0.0549459 0.0629518 0.0685898 0.071528 0.071942 0.0702741 0.0670203 0.0626299 0.0574784 0.0518599 0.0459893 0.040017 0.0340533 0.0281968 0.022562 0.0172984 0.0125866 0.00860399 0.00547104
 0.00750907 0.0122599 0.0185665 0.0264049 0.035531 0.0453342 0.0548096 0.0628075 0.0684507 0.0714084 0.0718537 0.0702246 0.0670117 0.0626601 0.0575424 0.0519511 0.0461003 0.04014 0.0341804 0.0283208 0.0226769 0.0173994 0.0126704 0.00866892 0.00551759
 0.00752377 0.0122818 0.0185957 0.0264395 0.0355671 0.045366 0.0548299 0.0628085 0.0684263 0.0713566 0.0717782 0.0701344 0.0669193 0.0625779 0.0574803 0.051915 0.0460914 0.0401559 0.0342162 0.0283699 0.0227323 0.0174548 0.0127204 0.00871013 0.00554846
 0.00750725 0.0122608 0.0185748 0.0264263 0.0355697 0.0453889 0.0548712 0.0628596 0.0684742 0.0713885 0.0717849 0.0701131 0.0668732 0.0625158 0.057414 0.0518562 0.0460493 0.0401354 0.0342175 0.0283895 0.0227643 0.0174924 0.0127575 0.00874227 0.00557326
 0.00748211 0.0122184 0.0185085 0.0263308 0.0354438 0.0452397 0.0547157 0.0627224 0.0683793 0.07135 0.0718021 0.0701722 0.0669545 0.0626016 0.0574937 0.051927 0.0461141 0.040199 0.0342835 0.0284586 0.022834 0.0175584 0.0128153 0.00878846 0.00560692
 0.00749296 0.0122318 0.0185206 0.0263348 0.035431 0.0452021 0.0546489 0.0626282 0.0682676 0.0712376 0.0717088 0.070114 0.0669384 0.0626231 0.0575406 0.0519853 0.0461738 0.0402559 0.0343378 0.0285117 0.0228865 0.0176085 0.0128602 0.0088254 0.00563449
 0.00749296 0.0122318 0.0185206 0.0263348 0.035431 0.0452021 0.0546489 0.0626282 0.0682676 0.0712376 0.0717088 0.070114 0.0669384 0.0626231 0.0575406 0.0519853 0.0461738 0.0402559 0.0343378 0.0285117 0.0228865 0.0176085 0.0128602 0.0088254 0.00563449
 0.0074374 0.0121487 0.0184091 0.0261984 0.0352764 0.0450369 0.0544801 0.0624626 0.0681129 0.0711036 0.0716077 0.0700588 0.0669395 0.0626849 0.0576578 0.0521439 0.0463549 0.0404409 0.0345129 0.0286689 0.0230219 0.0177208 0.012949 0.00889163 0.00568037
 0.00744531 0.0121531 0.0184004 0.0261635 0.0352033 0.044921 0.054329 0.0622947 0.0679506 0.0709648 0.0715015 0.0699872 0.0669024 0.0626836 0.0576949 0.0522199 0.0464648 0.0405741 0.0346555 0.0288076 0.0231469 0.0178263 0.0130326 0.00895367 0.00572312
#pred catch len freq
 0.00414017 0.00656907 0.00961838 0.0132299 0.0173716 0.0220146 0.0270651 0.0323316 0.0375589 0.0424882 0.0468972 0.0506221 0.0535739 0.0557449 0.0571972 0.0580447 0.0584362 0.0585222 0.0583736 0.0578511 0.056503 0.0536294 0.048596 0.0412798 0.0323413
 0.00437024 0.00686753 0.00993068 0.0134659 0.0174395 0.0218691 0.0267402 0.0319305 0.0372043 0.0422629 0.0468146 0.0506409 0.0536426 0.0558438 0.0573532 0.0583119 0.0588528 0.0590663 0.0589431 0.0582852 0.0566445 0.0533977 0.0480302 0.0405221 0.0315704
 0.00451653 0.00711654 0.0103205 0.0140237 0.0181581 0.0226813 0.0275126 0.0324973 0.0374367 0.042135 0.046416 0.0501258 0.0531516 0.0554549 0.0570854 0.0581604 0.0588143 0.0591314 0.0590678 0.0583765 0.0565832 0.0530956 0.0474817 0.0398147 0.0308424
 0.00470071 0.00740164 0.0107258 0.0145656 0.0188546 0.0235532 0.0285693 0.0337069 0.038697 0.0432726 0.0472336 0.0504809 0.0530203 0.0549356 0.0563434 0.0573546 0.0580509 0.0584542 0.0584664 0.0577981 0.0559535 0.0523545 0.0466233 0.0389019 0.0299813
 0.00490059 0.00771658 0.0111816 0.0151807 0.0196397 0.0245104 0.0296897 0.0349692 0.0400633 0.0446788 0.0485752 0.0516092 0.0537688 0.0551759 0.0560415 0.0565872 0.0569692 0.0572181 0.0571901 0.05653 0.0546924 0.0510882 0.0453669 0.0377133 0.0289435
 0.00511038 0.00804883 0.0116662 0.0158423 0.0204968 0.0255721 0.0309499 0.0363994 0.0416104 0.0462689 0.0501182 0.0530003 0.0548883 0.0558959 0.0562486 0.0562201 0.0560487 0.0558467 0.0555156 0.0546973 0.0528144 0.0492481 0.0436393 0.036178 0.0276753
 0.00537095 0.00845404 0.0122431 0.0166073 0.0214585 0.0267331 0.0323041 0.037925 0.0432635 0.047981 0.0517992 0.0545452 0.0561851 0.0568318 0.0567167 0.0561317 0.0553548 0.0545611 0.0537248 0.052547 0.0504796 0.0469055 0.0414503 0.034276 0.0261506
 0.00565365 0.00889554 0.0128747 0.0174486 0.0225174 0.0280063 0.0337733 0.0395529 0.0449935 0.0497414 0.0535082 0.0561141 0.05752 0.0578358 0.0572932 0.0561901 0.0548227 0.0534048 0.0519721 0.0503018 0.0479174 0.0442481 0.0389269 0.0320808 0.0244069
 0.00599362 0.00942059 0.0136145 0.0184158 0.0237103 0.0294129 0.0353696 0.0412974 0.0468234 0.0515752 0.0552534 0.0576771 0.0588133 0.0587811 0.0578182 0.0562249 0.0543015 0.052279 0.0502351 0.0480177 0.0452376 0.0414008 0.036176 0.0296655 0.0224854
 0.00637832 0.0100164 0.014457 0.0195205 0.0250746 0.0310177 0.0371768 0.0432457 0.048829 0.0535389 0.0570717 0.0592517 0.0600582 0.059626 0.0582079 0.0561135 0.0536467 0.0510455 0.0484125 0.0456508 0.0424546 0.0384187 0.033267 0.0270916 0.0204286
 0.00675127 0.0105984 0.0152882 0.0206248 0.0264587 0.0326702 0.0390623 0.0452982 0.0509523 0.0556165 0.0589812 0.060879 0.0613085 0.0604295 0.0585182 0.055901 0.05289 0.0497287 0.0465365 0.0432585 0.0396615 0.0354257 0.0303366 0.0244863 0.0183379
 0.00716713 0.0112411 0.0161949 0.0218114 0.0279237 0.0343977 0.0410193 0.047426 0.0531612 0.0577886 0.0609821 0.0625747 0.0625835 0.0612001 0.0587368 0.0555495 0.0519692 0.0482495 0.0445234 0.0407684 0.0368108 0.0324055 0.0273957 0.0218764 0.0162432
 0.00753919 0.0118211 0.0170221 0.022908 0.0292948 0.0360305 0.0428783 0.0494483 0.0552569 0.0598492 0.0628904 0.0642139 0.0638457 0.0619955 0.0590014 0.0552491 0.0510966 0.0468198 0.0425738 0.038369 0.0340826 0.0295324 0.0246092 0.0194084 0.0142636
 0.00780129 0.0122433 0.017651 0.0237862 0.0304549 0.0374856 0.0446082 0.0513911 0.0573119 0.06189 0.0647831 0.0658332 0.0650865 0.0627788 0.0592754 0.054986 0.0502895 0.0454821 0.0407435 0.0361188 0.0315341 0.0268614 0.0220303 0.0171321 0.0124417
 0.00802467 0.0125947 0.01816 0.0244772 0.0313496 0.0386026 0.0459569 0.0529588 0.0590514 0.0637132 0.0665667 0.0674363 0.0663751 0.0636472 0.0596562 0.0548484 0.0496311 0.0443223 0.0391237 0.0341119 0.0292559 0.0244751 0.0197306 0.0151067 0.0108237
 0.0082185 0.0128984 0.0185962 0.0250615 0.0320907 0.0395023 0.0470082 0.0541432 0.060338 0.0650584 0.0679121 0.0687065 0.0674788 0.0644861 0.0601405 0.0549111 0.0492368 0.0434687 0.0378411 0.0324659 0.0273532 0.0224634 0.017783 0.0133879 0.0094496
 0.00843869 0.013242 0.019087 0.0257128 0.0329047 0.0404687 0.0481007 0.0553177 0.0615355 0.0662141 0.0689658 0.0696083 0.0681885 0.0649686 0.0603598 0.0548299 0.0488215 0.0427 0.0367259 0.0310476 0.0257176 0.0207364 0.0161137 0.0119177 0.00827676
 0.00866315 0.0135867 0.019569 0.0263368 0.0336657 0.0413554 0.0490949 0.0563886 0.0626354 0.0672791 0.0699231 0.0703893 0.0687413 0.0652644 0.0603904 0.0545971 0.048328 0.0419471 0.0357212 0.0298191 0.0243267 0.0192803 0.0147126 0.0106871 0.00729736
 0.00874841 0.0137208 0.0197628 0.0265988 0.0340023 0.0417713 0.0495917 0.0569633 0.0632777 0.0679699 0.0706315 0.071072 0.0693455 0.0657354 0.0606811 0.0546753 0.0481769 0.0415625 0.0351105 0.0290059 0.0233585 0.0182329 0.0136815 0.00976687 0.00655658
 0.00876774 0.013751 0.0198064 0.0266589 0.0340839 0.0418827 0.0497451 0.0571727 0.0635555 0.0683222 0.0710541 0.0715478 0.0698441 0.0662145 0.0610909 0.0549653 0.0483042 0.041498 0.0348438 0.0285482 0.0227457 0.0175253 0.0129566 0.00910284 0.00601241
 0.00880964 0.0138099 0.0198781 0.0267338 0.0341504 0.0419323 0.0497768 0.0571952 0.0635862 0.0683834 0.0711677 0.0717288 0.0700945 0.0665197 0.0614192 0.0552721 0.0485392 0.0416152 0.0348105 0.0283538 0.0224061 0.0170828 0.0124717 0.00864012 0.00562298
 0.00892384 0.0139779 0.020098 0.0269913 0.0344221 0.0421911 0.0499971 0.0573569 0.0636779 0.0684056 0.0711348 0.0716666 0.0700334 0.0664854 0.061424 0.0553098 0.0485856 0.0416341 0.0347647 0.0282169 0.0221727 0.0167723 0.0121234 0.00830117 0.00533344
 0.00905914 0.0141736 0.0203473 0.0272725 0.0347041 0.0424434 0.0501976 0.0574937 0.0637472 0.0684089 0.0710786 0.0715634 0.0699027 0.0663507 0.0613081 0.055227 0.0485359 0.0416016 0.0347224 0.0281366 0.022037 0.0165822 0.0118992 0.00807397 0.00513329
 0.00905391 0.014175 0.0203669 0.0273251 0.0348007 0.0425831 0.0503621 0.0576507 0.0638629 0.0684623 0.0710686 0.0715061 0.0698218 0.066269 0.0612426 0.0551879 0.0485252 0.0416121 0.0347378 0.0281356 0.0220013 0.0165045 0.0117869 0.00794601 0.00501177
 0.00905465 0.0141778 0.020375 0.0273442 0.0348405 0.042656 0.0504804 0.0578198 0.0640731 0.0686853 0.0712635 0.0716334 0.0698594 0.0662199 0.0611308 0.0550463 0.0483832 0.0414876 0.0346352 0.0280481 0.021917 0.0164139 0.0116883 0.0078459 0.00492085
 0.00904986 0.0141719 0.0203693 0.0273415 0.0348443 0.0426702 0.0505095 0.0578689 0.0641483 0.0687905 0.0713956 0.071778 0.0699915 0.0663118 0.0611635 0.0550178 0.0483078 0.0413878 0.0345311 0.0279509 0.0218289 0.0163318 0.0116099 0.00777257 0.00485676
 0.00901889 0.0141292 0.0203196 0.0272939 0.0348107 0.0426614 0.0505316 0.0579225 0.064229 0.0688916 0.0715096 0.0718975 0.0701076 0.066413 0.0612362 0.0550498 0.0482944 0.0413343 0.0344507 0.0278594 0.0217381 0.0162485 0.0115365 0.00770994 0.00480602
 0.008998 0.0140887 0.0202473 0.0271764 0.0346391 0.0424391 0.0502797 0.0576781 0.0640349 0.0687824 0.0715018 0.0719874 0.070276 0.0666322 0.061476 0.0552819 0.0484957 0.0414901 0.0345567 0.0279203 0.0217642 0.0162509 0.0115249 0.00769169 0.0047865
 0.00887196 0.0139099 0.0200255 0.0269348 0.0344041 0.0422273 0.0500903 0.0574982 0.0638548 0.0686105 0.0713674 0.0719287 0.070322 0.0667888 0.0617242 0.0555858 0.0488143 0.0417877 0.0348089 0.0281155 0.0219023 0.0163397 0.0115757 0.00771644 0.00479537
 0.00880743 0.0138064 0.0198736 0.02673 0.034152 0.0419475 0.049817 0.0572716 0.0637057 0.0685464 0.071372 0.0719763 0.0703955 0.066888 0.0618593 0.0557634 0.0490279 0.0420179 0.0350305 0.0283071 0.0220516 0.0164447 0.0116419 0.00775336 0.004813
