SBPRF35
12.7214
Curr Bio
724615
B35
883609
F35
0.171077
FOFL
0.145579
OFL
91292.3
Bzero
3.63469e+06
#pred survey bio
 3.61578e+06 3.49481e+06 3.38408e+06 3.22364e+06 3.03178e+06 2.80407e+06 2.54427e+06 2.28437e+06 2.04401e+06 1.80498e+06 1.6104e+06 1.41615e+06 1.26191e+06 1.12849e+06 1.00438e+06 904548 810873 718412 663573 626148 601573 574951 556376 557219 551465 548273 539410 536895 542621 533000 537619 556379 563558 571922 582724 603048 616061 628900 651626 653391 663056 677250 685313 686805 699130 712070 724945 729220 718175 721739 733815 733207 731478 2.6789e+07 1.64194e+07 1.70503e+07 1.81709e+07 1.95875e+07 2.10863e+07 2.25112e+07 2.37734e+07 2.48379e+07 2.57052e+07 2.63949e+07 2.6934e+07 2.73505e+07 2.767e+07 2.79141e+07 2.81002e+07 2.82422e+07 2.83507e+07 2.84339e+07 2.8498e+07 2.85475e+07 2.85859e+07 2.86159e+07 2.86394e+07 2.86579e+07 2.86725e+07 2.86841e+07 2.86933e+07 2.87007e+07 2.87066e+07 2.87113e+07 2.87151e+07 2.87182e+07 2.87207e+07 2.87227e+07 2.87243e+07 2.87257e+07 2.87268e+07 2.87277e+07 2.87284e+07 2.8729e+07 2.87294e+07 2.87298e+07 2.87302e+07 2.87304e+07 2.87306e+07 2.87308e+07 2.8731e+07 2.87311e+07 2.87312e+07 2.87312e+07 2.87313e+07 2.87314e+07 2.87314e+07 2.87314e+07 2.87315e+07 2.87315e+07 2.87315e+07 2.87315e+07 2.87315e+07 2.87315e+07 2.87316e+07 2.87316e+07 2.87316e+07 2.87316e+07 2.87316e+07 2.87316e+07 2.87316e+07 2.87316e+07 2.87316e+07 2.87316e+07 2.87316e+07 2.87316e+07 2.87316e+07 2.87316e+07 2.87316e+07 2.87316e+07 2.87316e+07 2.87316e+07 2.87316e+07 2.87316e+07 2.87316e+07 2.87316e+07 2.87316e+07 2.87316e+07 2.87316e+07 2.87316e+07 2.87316e+07 2.87316e+07 2.87316e+07 2.87316e+07 2.87316e+07 2.87316e+07 2.87316e+07 2.87316e+07 2.87316e+07 2.87316e+07 2.87316e+07 2.87316e+07 2.87316e+07 0 0 0 0 0 0 0 0 0 0 0 0 0 0 0 0 0 0 0 0 0 0 0 0 0
#obs survey bio
 3.3756e+06 3.8429e+06 2.64664e+06 3.28739e+06 3.53866e+06 4.23759e+06 2.51542e+06 2.16111e+06 2.1592e+06 1.57685e+06 1.54584e+06 1.13941e+06 801637 847981 1.0337e+06 973972 717411 694471 681502 526392 720331 622928 471362 491231 674570 486425 596597 616332 492961 563699 571871 583800 724625 698666 547194 597402 798687 696137 1.01189e+06 496479 621734 597745 670723 711807 739986 585611 714505 901988 846757 714987 765452 618907 584348
#pred catch bio
 97683.6 95629.6 151636 192747 239973 284602 299611 295555 306427 276949 285391 256564 243493 237950 216719 209087 203235 166263 148282 134685 133561 124038 106899 112618 110107 114161 107904 100839 112831 99454.4 87880.2 98120.8 97100.6 95425.7 88466.1 96008.5 97396.9 90774.4 109627 103371 100791 106927 112262 102727 102639 103375 110981 123034 109603 102956 114580 115948 87340.7 91292.3 108121 111126 117440 126199 135591 144451 152179 158561 163628 167533 170474 172651 174240 175387 176208 176792 177204 177494 177698 177840 177939 178008 178056 178090 178113 178129 178140 178147 178153 178156 178159 178160 178162 178162 178163 178163 178164 178164 178164 178164 178164 178164 178164 178164 178164 178164 178164 178164 178164 178164 178164 178164 178164 178164 178164 178164 178164 178164 178164 178164 178164 178164 178164 178164 178164 178164 178164 178164 178164 178164 178164 178164 178164 178164 178164 178164 178164 178164 178164 178164 178164 178164 178164 178164 178164 178164 178164 178164 178164 178164 178164 178164 178164 178164 178164 178164 178164 178164 178164 0 0 0 0 0 0 0 0 0 0 0 0 0 0 0 0 0 0 0 0 0 0 0 0 0
#obs catch bio
 0 95248.9 151951 192751 240164 285171 299580 295264 305106 275369 284178 255922 243809 239578 217105 209068 203515 166237 149042 135678 134090 124730 107004 113282 110481 115047 108691 101161 114212 100056 88106 98227.3 96969.2 95534.9 88490.2 95899.4 97272.4 90792.3 109342 103563 100677 107211 112472 102566 102143 103085 110500 122688 108932 102287 113871 115879 87125
#pred cpue bio
 3.57394e+06 3.45446e+06 3.34357e+06 3.18298e+06 2.99152e+06 2.76437e+06 2.50557e+06 2.24682e+06 2.00759e+06 1.76973e+06 1.57591e+06 1.38264e+06 1.22907e+06 1.09633e+06 973325 874730 782568 691832 638070 601536 577726 551899 533824 534564 528876 525776 517170 514834 520552 511393 516197 534793 541968 550208 560842 580832 593566 606003 628273 630010 639406 653268 661267 662958 675265 688021 700637 704883 694184 697738 709524 708767 706865 2.5907e+07 1.58872e+07 1.63853e+07 1.73898e+07 1.87756e+07 2.02689e+07 2.1693e+07 2.2955e+07 2.40195e+07 2.48868e+07 2.55765e+07 2.61156e+07 2.65321e+07 2.68516e+07 2.70957e+07 2.72818e+07 2.74238e+07 2.75323e+07 2.76155e+07 2.76796e+07 2.77291e+07 2.77675e+07 2.77975e+07 2.7821e+07 2.78395e+07 2.78541e+07 2.78657e+07 2.78749e+07 2.78823e+07 2.78881e+07 2.78929e+07 2.78967e+07 2.78998e+07 2.79023e+07 2.79043e+07 2.79059e+07 2.79073e+07 2.79084e+07 2.79093e+07 2.791e+07 2.79106e+07 2.7911e+07 2.79114e+07 2.79118e+07 2.7912e+07 2.79122e+07 2.79124e+07 2.79126e+07 2.79127e+07 2.79128e+07 2.79128e+07 2.79129e+07 2.7913e+07 2.7913e+07 2.7913e+07 2.79131e+07 2.79131e+07 2.79131e+07 2.79131e+07 2.79131e+07 2.79131e+07 2.79132e+07 2.79132e+07 2.79132e+07 2.79132e+07 2.79132e+07 2.79132e+07 2.79132e+07 2.79132e+07 2.79132e+07 2.79132e+07 2.79132e+07 2.79132e+07 2.79132e+07 2.79132e+07 2.79132e+07 2.79132e+07 2.79132e+07 2.79132e+07 2.79132e+07 2.79132e+07 2.79132e+07 2.79132e+07 2.79132e+07 2.79132e+07 2.79132e+07 2.79132e+07 2.79132e+07 2.79132e+07 2.79132e+07 2.79132e+07 2.79132e+07 2.79132e+07 2.79132e+07 2.79132e+07 2.79132e+07 2.79132e+07 2.79132e+07 2.79132e+07 2.79132e+07 0 0 0 0 0 0 0 0 0 0 0 0 0 0 0 0 0 0 0 0 0 0 0 0 0
#obs cpue bio
 2.79164e+06 4.07502e+06 3.13295e+06 3.65391e+06 2.30265e+06 1.6923e+06 3.13783e+06 2.38888e+06 2.99315e+06 2.0406e+06 1.73136e+06 1.42449e+06 1.50348e+06 1.04241e+06 1.14757e+06 912806 874910 691533 449710 541130 585012 430272 672449 477772 442598 450308 408065 475612 368762 534522 483617 689737 478287 383716 547944 764209 479934 382851 715910 495086 843218 564035 770522 746162 946989 706928 866151 607241 740273 756018 819934 629871 722038
#pred surv len freq
 0.00419765 0.00692802 0.0106372 0.0153736 0.0210547 0.0273723 0.0337774 0.0396338 0.0444633 0.0480983 0.0506445 0.0523322 0.0533907 0.053996 0.0542715 0.0543088 0.0541915 0.0539941 0.0537253 0.0532126 0.0520046 0.0494243 0.044857 0.0381652 0.0299455
 0.0045103 0.00734513 0.0110993 0.0157765 0.0212878 0.0273731 0.0335687 0.0393131 0.0441485 0.0478659 0.0505012 0.0522363 0.0533006 0.0539123 0.0542452 0.0544142 0.0544774 0.0544405 0.0542275 0.0536077 0.0521345 0.0492072 0.0443271 0.0374557 0.0292241
 0.00457384 0.00751311 0.0114641 0.0164438 0.0223259 0.0287483 0.0351092 0.0407447 0.0452007 0.0483861 0.0505032 0.0518565 0.0527071 0.0532358 0.0535662 0.0537857 0.0539427 0.0540218 0.0538983 0.0532834 0.0517016 0.0485835 0.0435134 0.0365427 0.0283484
 0.00469987 0.00770182 0.0117238 0.016787 0.0227843 0.0293836 0.0360007 0.0419431 0.0466652 0.0499497 0.0519063 0.0528441 0.0531327 0.0531056 0.0530055 0.0529653 0.0530158 0.0530919 0.0530096 0.0524229 0.0508193 0.0476317 0.0424908 0.0355111 0.0274083
 0.00485249 0.00795591 0.0121157 0.0173503 0.0235397 0.0303274 0.0371005 0.0431497 0.0479339 0.0512485 0.053195 0.0540376 0.0540873 0.0536572 0.0530402 0.0524734 0.0520908 0.0518812 0.0516527 0.0510126 0.0493981 0.0462192 0.0411187 0.0342417 0.0263204
 0.00499309 0.00819641 0.0125001 0.0179279 0.0243554 0.031405 0.0384253 0.0446606 0.0495329 0.0528248 0.0546503 0.0552981 0.0550941 0.0543445 0.0533256 0.0522776 0.0513781 0.0506888 0.0500855 0.0492075 0.0474887 0.0443203 0.039332 0.0326618 0.0250254
 0.00519093 0.00851731 0.0129825 0.0186092 0.0252675 0.0325661 0.0398285 0.0462654 0.0512643 0.0545809 0.0563158 0.0567599 0.056256 0.0551331 0.0536856 0.0521621 0.0507495 0.0495362 0.0484489 0.047189 0.045241 0.0420218 0.0371594 0.0307648 0.0235043
 0.00541066 0.00887793 0.0135314 0.019392 0.026319 0.0338957 0.0414072 0.048023 0.0531021 0.0563926 0.0580027 0.0582351 0.0574414 0.0559577 0.054086 0.0520849 0.0501533 0.0483997 0.0467871 0.0450736 0.0428117 0.0394758 0.0347175 0.0286247 0.0217971
 0.00566235 0.00928267 0.0141326 0.0202281 0.0274177 0.0352639 0.0430195 0.0498157 0.0549793 0.0582422 0.0597151 0.0597152 0.0586139 0.0567639 0.0544776 0.0520172 0.0495846 0.0472993 0.045153 0.0429566 0.0403351 0.0368352 0.0321505 0.0263563 0.0199824
 0.00598475 0.00980234 0.0149058 0.0213025 0.0288218 0.0369915 0.0450143 0.0519699 0.057151 0.0602859 0.061507 0.061165 0.0596621 0.0573749 0.0546299 0.0516945 0.0487693 0.0459746 0.0433179 0.0406528 0.0376738 0.0340061 0.0293966 0.0239171 0.0180287
 0.00624476 0.0102302 0.0155593 0.0222382 0.0300833 0.038591 0.0469143 0.0540761 0.0593268 0.0623787 0.0633759 0.0626974 0.06078 0.0580323 0.0548053 0.05138 0.0479612 0.0446707 0.0415268 0.0384165 0.0350945 0.0312596 0.0267139 0.0215317 0.0161114
 0.00658194 0.0107724 0.016364 0.0233551 0.0315449 0.040398 0.0490194 0.0563773 0.0616783 0.064616 0.0653428 0.0642655 0.0618596 0.0585747 0.0547975 0.0508333 0.0468986 0.0431179 0.0395165 0.0360053 0.0323883 0.0284283 0.0239777 0.0191131 0.0141736
 0.00686049 0.0112273 0.017052 0.0243293 0.0328435 0.0420272 0.0509361 0.0584856 0.0638437 0.0666927 0.0671961 0.0657838 0.0629563 0.0591885 0.0548928 0.0503997 0.0459467 0.0416746 0.0376248 0.033734 0.0298482 0.0257828 0.0214304 0.0168671 0.0123763
 0.00701833 0.0115075 0.0175175 0.0250531 0.0338918 0.0434333 0.0526757 0.0604684 0.0659298 0.0687234 0.0690232 0.0672877 0.0640515 0.0598214 0.0550357 0.0500447 0.0451013 0.0403614 0.0358855 0.031639 0.0275084 0.0233546 0.0191019 0.0148212 0.0107436
 0.00717777 0.0117717 0.0179258 0.0256485 0.034717 0.0445207 0.0540329 0.0620653 0.0676925 0.0705382 0.0707511 0.0687861 0.0651987 0.0605331 0.0552698 0.0497934 0.0443797 0.0391996 0.0343291 0.029758 0.0254084 0.0211804 0.017024 0.013002 0.00929628
 0.00727473 0.0119385 0.0181939 0.0260538 0.0352931 0.0452885 0.0549908 0.0631863 0.0689296 0.0718326 0.0720365 0.0699871 0.0662304 0.0613076 0.0557088 0.0498417 0.0440118 0.0384202 0.0331713 0.0282849 0.0237171 0.0194021 0.0153099 0.0114944 0.00809425
 0.00738807 0.0121287 0.0184913 0.0264905 0.0358965 0.0460709 0.0559386 0.0642562 0.0700552 0.0729388 0.0730537 0.0708602 0.066919 0.0617804 0.0559364 0.0497941 0.0436621 0.0377542 0.0321981 0.0270454 0.0222891 0.0178971 0.0138584 0.0102186 0.00707843
 0.00763433 0.0125141 0.019043 0.0272236 0.0368108 0.0471474 0.0571343 0.0655022 0.0712638 0.0740183 0.0739255 0.0714709 0.0672452 0.0618255 0.0557216 0.0493443 0.0429967 0.0368847 0.0311365 0.0258184 0.0209504 0.0165305 0.0125661 0.00909763 0.00619419
 0.00772363 0.0126597 0.0192629 0.0275341 0.0372234 0.047663 0.0577393 0.0661685 0.0719551 0.0746979 0.07456 0.0720287 0.0676936 0.0621318 0.0558577 0.0492918 0.0427483 0.0364422 0.0305105 0.0250318 0.020046 0.0155737 0.0116382 0.00827834 0.00553975
 0.00775597 0.01271 0.0193349 0.027631 0.0373493 0.047824 0.0579432 0.0664228 0.0722633 0.0750568 0.0749579 0.0724458 0.0681034 0.062502 0.0561523 0.049475 0.0427893 0.0363207 0.0302206 0.0245856 0.0194759 0.0149323 0.0109918 0.00769264 0.00506352
 0.00777328 0.0127306 0.0193521 0.0276347 0.0373293 0.0477763 0.0578747 0.066353 0.0722209 0.0750725 0.0750563 0.0726383 0.0683833 0.0628446 0.056518 0.0498162 0.0430575 0.0364747 0.0302332 0.0244498 0.0192077 0.0145702 0.0105894 0.00730618 0.00473737
 0.00788027 0.0128929 0.019574 0.0279104 0.0376424 0.0481001 0.0581745 0.0665914 0.0723672 0.0751144 0.0750057 0.0725282 0.0682559 0.062737 0.0564504 0.0497869 0.0430455 0.0364472 0.0301569 0.0243013 0.0189825 0.0142849 0.0102776 0.00700744 0.00448479
 0.00806899 0.0131696 0.0199341 0.0283297 0.0380825 0.0485191 0.0585351 0.0668641 0.0725315 0.0751592 0.0749332 0.072355 0.0680125 0.0624618 0.0561815 0.0495517 0.0428539 0.0362905 0.030013 0.0241454 0.0187982 0.0140713 0.0100497 0.00678927 0.00429914
 0.00803465 0.01313 0.0199034 0.028328 0.0381271 0.0486119 0.0586564 0.0669778 0.0726018 0.0751693 0.0748915 0.0722877 0.0679484 0.0624205 0.0561709 0.0495712 0.0428975 0.0363473 0.0300669 0.0241779 0.0187938 0.0140247 0.00996828 0.00669033 0.00420242
 0.0080351 0.013133 0.019913 0.0283514 0.0381752 0.0486983 0.058793 0.0671673 0.0728299 0.0754016 0.075082 0.0723963 0.067957 0.0623399 0.0560321 0.049411 0.0427452 0.0362183 0.0299633 0.024092 0.0187141 0.0139422 0.00988098 0.00660332 0.00412431
 0.00800484 0.0130875 0.0198517 0.0282768 0.0380932 0.0486186 0.058729 0.0671354 0.0728465 0.0754774 0.0752145 0.0725663 0.0681322 0.0624855 0.0561245 0.0494454 0.0427339 0.0361813 0.0299178 0.0240468 0.0186702 0.0138968 0.00983239 0.00655349 0.00407799
 0.00800316 0.0130893 0.0198627 0.0283047 0.0381453 0.0486982 0.0588323 0.067252 0.0729628 0.0755814 0.0752997 0.0726309 0.0681762 0.0625067 0.0561175 0.0494047 0.042659 0.0360799 0.0298032 0.0239331 0.0185669 0.013808 0.00975821 0.00649312 0.00403084
 0.00802468 0.0131093 0.0198658 0.0282694 0.0380522 0.0485416 0.0586287 0.0670381 0.0727831 0.075472 0.075277 0.0726909 0.0683003 0.06267 0.0562944 0.0495724 0.0427997 0.0361831 0.0298672 0.0239632 0.0185725 0.0137983 0.00974084 0.00647319 0.00401188
 0.00785309 0.0128615 0.0195499 0.0279105 0.037683 0.0481881 0.0583024 0.0667405 0.0725188 0.0752603 0.0751516 0.0726868 0.0684363 0.062938 0.0566612 0.0499907 0.0432216 0.0365698 0.030194 0.0242198 0.0187602 0.0139262 0.00982138 0.00651934 0.00403523
 0.00787301 0.012879 0.0195501 0.0278742 0.0375959 0.0480528 0.0581438 0.0665969 0.0724223 0.0752184 0.0751455 0.0726882 0.0684292 0.0629285 0.0566698 0.0500357 0.0433065 0.0366826 0.0303144 0.0243286 0.0188455 0.0139847 0.00985611 0.00653662 0.00404168
 0.00787273 0.0128616 0.0194924 0.0277437 0.0373589 0.0476881 0.057657 0.0660282 0.0718428 0.0747145 0.0747956 0.0725393 0.0684851 0.0631547 0.0570127 0.0504429 0.0437375 0.0371078 0.0307105 0.0246762 0.0191308 0.0142021 0.0100091 0.00663552 0.0041001
 0.00777969 0.0127099 0.019263 0.0274178 0.0369209 0.0471309 0.0569893 0.0652815 0.0710727 0.0739976 0.0742187 0.0721834 0.0684048 0.0633625 0.0574743 0.0510881 0.0444812 0.0378703 0.0314293 0.0253091 0.019654 0.0146074 0.0103018 0.00683129 0.00422057
 0.00778567 0.0127177 0.0192704 0.0274199 0.0369083 0.0470888 0.0568981 0.0651186 0.0708199 0.0736495 0.0737927 0.0717233 0.0679769 0.0630403 0.0573178 0.0511244 0.0446973 0.0382197 0.0318492 0.0257379 0.0200438 0.0149292 0.0105448 0.00699925 0.00432659
 0.00776111 0.0126802 0.0192184 0.0273534 0.0368288 0.0469985 0.0567983 0.0650092 0.0706971 0.0735058 0.0736194 0.0715167 0.0677463 0.062813 0.057136 0.0510337 0.0447297 0.0383806 0.0321143 0.0260619 0.0203759 0.0152273 0.0107837 0.00717171 0.00443908
 0.00774009 0.0126407 0.0191496 0.027243 0.0366675 0.0467858 0.0565474 0.064746 0.0704529 0.0733068 0.073478 0.0714301 0.0677012 0.062795 0.0571397 0.0510673 0.0448114 0.0385276 0.0323308 0.0263325 0.0206692 0.0155068 0.0110202 0.00735035 0.00455995
 0.00770139 0.0125687 0.0190247 0.0270421 0.03637 0.0463837 0.056055 0.0642027 0.0699175 0.0728444 0.0731449 0.0712608 0.0677021 0.0629454 0.0574013 0.0513987 0.0451804 0.0389158 0.0327284 0.0267301 0.0210507 0.0158505 0.0113058 0.00756668 0.00470813
 0.0077284 0.0126101 0.0190812 0.02711 0.0364383 0.0464326 0.056056 0.0641254 0.0697406 0.0725683 0.0727976 0.0708932 0.0673726 0.0627029 0.0572726 0.0513853 0.0452653 0.0390739 0.0329355 0.0269653 0.0212949 0.0160843 0.0115108 0.00772986 0.00482508
 0.00767171 0.0125339 0.0189958 0.0270344 0.0363944 0.0464353 0.0561049 0.0642018 0.0698123 0.0725992 0.0727596 0.0707763 0.0671911 0.0624922 0.0570782 0.051248 0.0452092 0.0391028 0.0330367 0.0271171 0.021473 0.0162658 0.0116761 0.00786533 0.00492485
 0.00757052 0.0123659 0.0187384 0.0266693 0.0359173 0.0458682 0.0555034 0.0636479 0.0693905 0.0723668 0.0727276 0.0709115 0.0674356 0.0627888 0.0573885 0.0515575 0.0455207 0.039424 0.0333695 0.0274533 0.0217963 0.0165572 0.0119201 0.00805355 0.00505759
 0.00761712 0.012441 0.0188487 0.026817 0.0360952 0.0460553 0.0556648 0.0637427 0.0693886 0.0722636 0.0725475 0.0706959 0.0672235 0.0626022 0.0572321 0.051428 0.0454174 0.0393528 0.0333389 0.0274675 0.0218505 0.0166381 0.0120102 0.00813703 0.00512435
 0.0076116 0.0124301 0.0188293 0.0267859 0.0360516 0.0460022 0.0556092 0.0636926 0.0693472 0.0722261 0.0725045 0.0706408 0.0671594 0.0625416 0.0571895 0.0514124 0.0454297 0.0393895 0.0333966 0.027544 0.0219425 0.0167386 0.012109 0.00822385 0.00519222
 0.00749885 0.0122649 0.0186143 0.026535 0.0357859 0.0457437 0.0553758 0.0634982 0.0692033 0.0721423 0.0724859 0.070685 0.0672557 0.0626747 0.0573452 0.051581 0.045606 0.0395697 0.0335769 0.0277199 0.0221089 0.01689 0.0122397 0.00832908 0.00527005
 0.00739255 0.0121004 0.0183832 0.0262377 0.035434 0.0453619 0.055002 0.0631773 0.0689757 0.0720313 0.0724914 0.0707879 0.0674284 0.0628908 0.0575837 0.0518272 0.0458499 0.0398054 0.0338003 0.0279276 0.0222971 0.0170545 0.0123766 0.00843591 0.00534722
 0.00738695 0.0120804 0.0183331 0.0261371 0.035264 0.0451149 0.0546897 0.0628325 0.0686446 0.0717608 0.0723163 0.0707239 0.0674705 0.0630189 0.0577708 0.0520469 0.0460815 0.0400347 0.0340186 0.0281292 0.0224777 0.0172103 0.0125045 0.00853462 0.00541787
 0.00739843 0.0120834 0.0183086 0.0260568 0.0350969 0.0448377 0.0542984 0.0623483 0.0681132 0.0712449 0.0718837 0.0704329 0.0673568 0.0630878 0.0579981 0.0523888 0.0464879 0.0404602 0.0344288 0.0285013 0.0227986 0.0174738 0.0127097 0.00868478 0.00552016
 0.00738756 0.0120703 0.0182959 0.026047 0.035087 0.0448145 0.0542363 0.0622155 0.0678854 0.0709201 0.071491 0.070028 0.0670075 0.0628541 0.0579161 0.0524632 0.0466946 0.0407569 0.0347681 0.0288414 0.0231089 0.017736 0.012916 0.00883592 0.00562266
 0.00731753 0.0119675 0.0181622 0.0258919 0.034926 0.0446646 0.0541112 0.0621205 0.0678137 0.0708532 0.0714049 0.0699065 0.0668541 0.0626963 0.0577971 0.0524252 0.046762 0.0409281 0.0350178 0.0291312 0.0233995 0.0179965 0.0131281 0.00899388 0.00573034
 0.00722859 0.0118372 0.017993 0.0256963 0.0347243 0.0444803 0.0539664 0.0620319 0.0677887 0.070886 0.0714752 0.0699833 0.0669066 0.0627061 0.0577677 0.0523818 0.0467409 0.0409606 0.0351174 0.0292893 0.023591 0.0181911 0.0133005 0.00912963 0.0058262
 0.00731254 0.0119541 0.0181331 0.0258396 0.0348479 0.0445692 0.0540203 0.0620644 0.0678171 0.0709201 0.0715108 0.0700039 0.0668899 0.062634 0.057634 0.052197 0.0465317 0.0407631 0.0349648 0.0292009 0.0235669 0.0182156 0.0133509 0.00918501 0.00587323
 0.0073687 0.012034 0.0182315 0.0259423 0.0349331 0.0446117 0.0539983 0.0619668 0.0676514 0.070715 0.0713101 0.0698503 0.0668082 0.0626219 0.0576669 0.0522432 0.046568 0.0407835 0.0349786 0.0292235 0.0236091 0.0182773 0.0134227 0.00925416 0.00592984
 0.00736035 0.0120233 0.0182204 0.025933 0.0349259 0.0446021 0.0539751 0.0619146 0.0675567 0.0705742 0.0711356 0.0696707 0.0666602 0.0625371 0.0576595 0.0523052 0.0466755 0.0409087 0.0351018 0.0293372 0.0237139 0.0183752 0.0135124 0.00933128 0.0059901
 0.00740563 0.0120986 0.0183363 0.0260997 0.0351495 0.0448795 0.0542892 0.0622324 0.0678339 0.0707647 0.0712034 0.0696005 0.0664638 0.0622512 0.0573351 0.0519916 0.0464063 0.0406974 0.0349456 0.0292266 0.02364 0.0183314 0.0134926 0.00932843 0.00599652
 0.00741283 0.0121175 0.0183781 0.0261796 0.035283 0.045077 0.0545498 0.0625413 0.0681627 0.0710755 0.0714546 0.0697539 0.0664928 0.0621491 0.0571189 0.0516986 0.0460832 0.040387 0.0346771 0.029013 0.0234818 0.0182222 0.0134234 0.00928934 0.00597777
#obs surv len freq
 nan nan nan nan nan nan nan nan nan nan nan nan nan nan nan nan nan nan nan nan nan nan nan nan nan
 0.00448696 0.00734954 0.0111809 0.0159986 0.0217005 0.0279768 0.0342912 0.040022 0.0447005 0.0481626 0.0505183 0.0520118 0.0529019 0.0534122 0.0537249 0.0539786 0.0542563 0.0545484 0.0546868 0.0542786 0.0527167 0.0493493 0.0437998 0.0362809 0.0276658
 0.00461272 0.00755772 0.0115008 0.0164586 0.022321 0.0287595 0.0352079 0.0410125 0.0456811 0.0490435 0.0512207 0.0524796 0.0531067 0.0533536 0.0534253 0.0534758 0.0535944 0.0537707 0.0538329 0.0533858 0.0518244 0.048501 0.0430408 0.0356495 0.0271833
 0.00477918 0.00782724 0.0119046 0.0170258 0.0230737 0.0297046 0.036328 0.0422592 0.0469777 0.0502948 0.0523263 0.0533468 0.0536625 0.0535536 0.0532584 0.0529623 0.0527791 0.0527131 0.0525996 0.0520474 0.0504563 0.0471836 0.0418537 0.0346584 0.0264243
 0.00497217 0.00814407 0.0123869 0.0177138 0.0239977 0.0308722 0.0377112 0.0437915 0.0485643 0.0518306 0.0537108 0.0544902 0.0544865 0.0539943 0.0532718 0.0525318 0.05192 0.0514726 0.0510522 0.0502907 0.048606 0.0453677 0.0401986 0.0332672 0.025355
 0.00518287 0.00848887 0.0129103 0.0184591 0.0249996 0.0321438 0.0392305 0.0454953 0.050355 0.0535934 0.0553312 0.0558655 0.0555307 0.0546378 0.0534613 0.0522317 0.0511179 0.0501872 0.0493414 0.0482557 0.046389 0.0431399 0.0381356 0.0315157 0.0240005
 0.00540639 0.00885595 0.0134697 0.0192588 0.0260776 0.0335143 0.0408685 0.0473319 0.0522866 0.0555012 0.0570988 0.0573887 0.0567204 0.0554202 0.0537766 0.0520344 0.0503798 0.0489056 0.0475528 0.0460494 0.0439144 0.0405959 0.0357398 0.029457 0.0223954
 0.00563686 0.00923364 0.014044 0.020078 0.0271806 0.0349162 0.0425463 0.0492177 0.0542769 0.0574755 0.0589381 0.058987 0.0579884 0.0562843 0.0541768 0.0519216 0.0497167 0.0476746 0.0457714 0.0437904 0.0413209 0.0378771 0.0331383 0.0271941 0.0206147
 0.00589538 0.0096545 0.0146785 0.0209743 0.0283748 0.0364181 0.0443246 0.0511951 0.0563408 0.0594991 0.0608011 0.0605862 0.0592405 0.0571238 0.0545517 0.0517893 0.0490421 0.0464355 0.0439738 0.0414925 0.0386545 0.0350496 0.0304032 0.0247917 0.0187092
 0.00613388 0.0100481 0.0152816 0.0218412 0.0295482 0.0379123 0.0461081 0.0531853 0.0584172 0.0615276 0.0626566 0.0621654 0.0604638 0.0579324 0.0549019 0.0516468 0.048378 0.0452295 0.0422277 0.0392538 0.0360409 0.0322567 0.0276793 0.0223805 0.0167832
 0.00637319 0.0104406 0.0158789 0.022694 0.0306969 0.039372 0.0478522 0.055139 0.0604656 0.0635375 0.0644973 0.0637245 0.0616548 0.0586954 0.0551997 0.0514565 0.0476842 0.0440227 0.0405146 0.0370787 0.0335105 0.0295517 0.0250337 0.0200291 0.0148966
 0.00660895 0.0108273 0.016467 0.0235325 0.0318237 0.0407984 0.0495478 0.057026 0.0624308 0.0654529 0.0662413 0.0651934 0.062767 0.0593925 0.0554441 0.0512278 0.0469734 0.0428299 0.0388548 0.0349985 0.03111 0.0269958 0.0225369 0.0178082 0.0131112
 0.00685512 0.0112283 0.0170719 0.024387 0.0329609 0.0422247 0.0512278 0.0588778 0.0643372 0.0672844 0.0678775 0.0665365 0.0637458 0.0599605 0.0555756 0.0509117 0.0462089 0.0416249 0.0372308 0.033005 0.0288422 0.0246044 0.0202144 0.0157489 0.0114577
 0.00706569 0.0115792 0.0176158 0.0251769 0.0340389 0.0436024 0.0528688 0.0606935 0.0662006 0.0690577 0.0694368 0.0677853 0.0646189 0.0604209 0.0556089 0.0505199 0.0454033 0.0404236 0.0356631 0.031123 0.0267358 0.0224093 0.0181005 0.013885 0.00996633
 0.00726758 0.0119063 0.0181062 0.0258666 0.034956 0.0447575 0.0542438 0.0622333 0.0678171 0.0706411 0.0708724 0.0689693 0.0654699 0.0608871 0.0556681 0.0501733 0.0446676 0.0393256 0.0342399 0.0294301 0.0248589 0.0204697 0.0162454 0.0122579 0.00866923
 0.00740163 0.0121324 0.0184614 0.02639 0.0356795 0.0456933 0.0553712 0.063497 0.0691375 0.0719317 0.0720528 0.0699695 0.0662299 0.0613571 0.0558114 0.0499705 0.0441178 0.0384455 0.0330633 0.0280113 0.0232781 0.0188358 0.0146854 0.0108926 0.00758331
 0.00753848 0.0123492 0.0187778 0.026822 0.036239 0.0463854 0.05619 0.0644199 0.0701239 0.0729257 0.0729906 0.0707878 0.0668735 0.0617824 0.0559867 0.0498744 0.0437398 0.037788 0.0321466 0.0268781 0.0219978 0.0175029 0.0134093 0.00977545 0.00669532
 0.00760144 0.0124539 0.0189394 0.0270561 0.0365579 0.0467938 0.0566807 0.0649751 0.0707198 0.0735387 0.0735992 0.0713689 0.0673975 0.0622113 0.0562784 0.0499886 0.0436445 0.0374651 0.0315964 0.026125 0.0210938 0.0165258 0.0124514 0.00892445 0.00601274
 0.0076396 0.0125085 0.0190086 0.027135 0.0366428 0.0468867 0.0567924 0.065123 0.0709214 0.0738048 0.0739293 0.0717511 0.0678098 0.0626236 0.0566521 0.0502794 0.0438072 0.0374611 0.0314034 0.0257447 0.0205569 0.0158904 0.0117932 0.00831894 0.00551593
 0.00769227 0.0125852 0.019107 0.0272467 0.0367545 0.0469841 0.0568645 0.0651659 0.0709421 0.0738216 0.0739686 0.0718383 0.0679601 0.0628346 0.0569031 0.0505341 0.0440201 0.0375856 0.0314016 0.0255973 0.0202714 0.0155024 0.0113587 0.00789945 0.00516077
 0.00776543 0.0126976 0.0192636 0.027446 0.0369877 0.047234 0.0571058 0.0653684 0.0710782 0.0738762 0.0739459 0.071762 0.0678656 0.0627574 0.0568662 0.0505409 0.0440532 0.0376119 0.0313826 0.0255022 0.020088 0.0152431 0.0110573 0.00759961 0.00490108
 0.00782897 0.0127985 0.0194107 0.0276448 0.0372382 0.0475275 0.057422 0.0656762 0.0713407 0.0740594 0.074028 0.0717391 0.0677526 0.0625846 0.0566708 0.050356 0.0438976 0.0374851 0.0312673 0.0253736 0.0199267 0.015045 0.0108361 0.00738047 0.00470998
 0.00784237 0.012821 0.0194461 0.0276974 0.0373126 0.0476274 0.0575486 0.0658266 0.071506 0.0742252 0.074175 0.0718472 0.0678066 0.0625787 0.0566122 0.0502621 0.0437896 0.0373792 0.0311684 0.0252753 0.0198177 0.0149184 0.0106951 0.00723827 0.00458288
 0.00786751 0.0128537 0.0194804 0.0277235 0.0373206 0.0476126 0.057516 0.0657904 0.0714849 0.074235 0.0742225 0.0719276 0.0679049 0.0626746 0.056687 0.0503049 0.0437994 0.0373626 0.0311338 0.025228 0.0197582 0.0148457 0.0106118 0.00715154 0.00450291
 0.00786968 0.0128584 0.0194891 0.0277373 0.037338 0.0476285 0.0575214 0.0657758 0.0714462 0.0741786 0.0741651 0.07189 0.0679028 0.0627114 0.056753 0.0503822 0.0438698 0.0374138 0.031161 0.0252318 0.0197416 0.0148126 0.0105667 0.00710099 0.00445421
 0.00789201 0.0128882 0.0195221 0.0277659 0.037354 0.0476267 0.0575019 0.0657432 0.0714063 0.0741351 0.07412 0.0718465 0.0678674 0.0626935 0.0567599 0.0504144 0.0439196 0.0374685 0.031208 0.0252625 0.019753 0.014806 0.0105466 0.0070733 0.00442523
 0.00788823 0.0128801 0.0195062 0.0277373 0.0373073 0.0475574 0.0574089 0.0656305 0.071284 0.0740182 0.0740249 0.0717866 0.0678495 0.0627179 0.0568218 0.0505063 0.044032 0.0375898 0.0313252 0.0253639 0.0198305 0.0148568 0.0105731 0.00708151 0.00442234
 0.00788305 0.0128705 0.0194895 0.0277101 0.0372661 0.0474995 0.0573337 0.0655398 0.0711824 0.0739131 0.0739261 0.0717055 0.0677976 0.0627035 0.056848 0.0505705 0.0441262 0.0377026 0.0314437 0.0254754 0.0199247 0.0149278 0.0106198 0.00710743 0.00443341
 0.00787925 0.0128626 0.0194745 0.0276842 0.0372254 0.0474418 0.0572592 0.0654524 0.0710882 0.0738192 0.0738398 0.0716337 0.0677469 0.0626797 0.0568557 0.0506113 0.0441978 0.037798 0.0315525 0.0255854 0.0200245 0.015009 0.010679 0.00714543 0.00445457
 0.00785547 0.0128216 0.0194087 0.0275856 0.0370882 0.047266 0.0570537 0.0652351 0.0708827 0.0736486 0.0737214 0.0715763 0.0677509 0.0627395 0.0569619 0.0507534 0.0443652 0.0379801 0.0317379 0.0257622 0.0201818 0.0151385 0.0107767 0.00721249 0.00449604
 0.0078563 0.0128198 0.0193998 0.0275631 0.0370441 0.0471932 0.0569481 0.065098 0.0707219 0.0734783 0.0735605 0.0714448 0.067665 0.0627084 0.0569866 0.0508279 0.0444789 0.0381203 0.0318915 0.0259163 0.0203244 0.0152603 0.010872 0.00728051 0.00453991
 0.00783827 0.0127931 0.0193643 0.0275198 0.0369943 0.0471369 0.0568836 0.065022 0.0706321 0.0733753 0.0734498 0.071337 0.0675742 0.0626488 0.0569691 0.050857 0.0445521 0.038229 0.0320229 0.0260563 0.0204595 0.0153793 0.0109679 0.00735085 0.00458666
 0.00779142 0.0127165 0.0192487 0.0273579 0.0367838 0.0468845 0.0566081 0.0647522 0.0703994 0.0732045 0.0733524 0.0713114 0.0676112 0.0627371 0.0570994 0.0510221 0.0447454 0.0384421 0.0322447 0.0262737 0.020659 0.01555 0.0111031 0.00744932 0.00465218
 0.00777453 0.0126853 0.0191949 0.0272711 0.0366543 0.0467068 0.0563851 0.0644977 0.0701369 0.072963 0.0731604 0.0711904 0.067571 0.0627753 0.0572043 0.0511781 0.0449368 0.038655 0.0324664 0.0264915 0.0208605 0.0157242 0.0112427 0.00755231 0.00472158
 0.00773315 0.0126192 0.0190977 0.0271375 0.0364808 0.0464933 0.0561368 0.0642263 0.0698604 0.0727041 0.0729437 0.071039 0.0675025 0.0627982 0.0573156 0.0513642 0.0451772 0.0389268 0.0327478 0.0267636 0.0211077 0.0159348 0.0114101 0.0076752 0.00480434
 0.00771234 0.0125833 0.0190398 0.0270502 0.0363578 0.0463323 0.0559416 0.0640076 0.0696335 0.0724856 0.0727493 0.0708831 0.0673987 0.0627583 0.0573475 0.0514688 0.0453467 0.0391452 0.0329941 0.0270152 0.0213445 0.0161411 0.0115763 0.00779863 0.00488824
 0.00767967 0.0125325 0.0189674 0.0269542 0.0362374 0.0461881 0.0557761 0.0638261 0.0694448 0.0723013 0.072583 0.070748 0.067306 0.0627169 0.0573634 0.0515446 0.0454802 0.0393284 0.0332121 0.0272487 0.0215725 0.0163452 0.011744 0.00792473 0.00497477
 0.00766655 0.012507 0.0189215 0.0268784 0.0361239 0.0460345 0.0555894 0.0636215 0.0692419 0.0721183 0.0724322 0.0706363 0.0672369 0.0626927 0.0573859 0.051615 0.0455978 0.0394886 0.0334055 0.0274607 0.021785 0.0165403 0.0119079 0.00805022 0.00506207
 0.00764195 0.0124721 0.0188782 0.0268305 0.0360747 0.0459838 0.0555315 0.0635482 0.0691467 0.072002 0.0723041 0.0705116 0.0671313 0.0626182 0.05735 0.0516212 0.0456469 0.0395786 0.0335309 0.0276112 0.0219464 0.0166967 0.0120449 0.00815882 0.00513972
 0.00762009 0.012436 0.0188231 0.0267529 0.035974 0.0458648 0.0554051 0.0634288 0.0690472 0.0719277 0.0722523 0.070475 0.0671045 0.0626015 0.0573486 0.0516424 0.0456962 0.0396583 0.0336389 0.0277409 0.022087 0.0168351 0.0121685 0.00825867 0.0052124
 0.00760823 0.0124156 0.0187904 0.0267034 0.0359038 0.0457717 0.0552912 0.0633012 0.0689179 0.0718115 0.0721621 0.0704184 0.0670818 0.0626073 0.0573761 0.0516871 0.0457573 0.0397371 0.033736 0.0278535 0.0222086 0.0169557 0.0122775 0.00834807 0.00527848
 0.00758162 0.0123781 0.0187444 0.0266543 0.0358577 0.0457322 0.0552571 0.0632673 0.0688776 0.0717612 0.0721037 0.0703591 0.0670313 0.062574 0.0573644 0.0516972 0.0457874 0.039785 0.0337999 0.0279314 0.0222959 0.0170455 0.0123617 0.00841927 0.00533257
 0.00755902 0.0123398 0.0186843 0.0265671 0.0357415 0.0455923 0.0551071 0.0631271 0.068767 0.0716919 0.072076 0.0703647 0.0670593 0.0626166 0.0574183 0.0517623 0.0458639 0.0398719 0.0338952 0.0280317 0.0223971 0.0171422 0.012448 0.00849014 0.0053856
 0.00755156 0.0123287 0.0186694 0.0265481 0.0357172 0.04556 0.055063 0.0630685 0.0686949 0.0716133 0.0720025 0.0703076 0.0670256 0.0626067 0.0574283 0.0517873 0.0459006 0.0399191 0.0339518 0.0280962 0.0224661 0.0172112 0.0125116 0.00854391 0.00542678
 0.00753044 0.0122946 0.0186186 0.0264779 0.0356271 0.0454528 0.0549459 0.0629518 0.0685898 0.071528 0.071942 0.0702741 0.0670203 0.0626299 0.0574784 0.0518599 0.0459893 0.040017 0.0340533 0.0281968 0.022562 0.0172984 0.0125866 0.00860399 0.00547104
 0.00750907 0.0122599 0.0185665 0.0264049 0.035531 0.0453342 0.0548096 0.0628075 0.0684507 0.0714084 0.0718537 0.0702246 0.0670117 0.0626601 0.0575424 0.0519511 0.0461003 0.04014 0.0341804 0.0283208 0.0226769 0.0173994 0.0126704 0.00866892 0.00551759
 0.00752377 0.0122818 0.0185957 0.0264395 0.0355671 0.045366 0.0548299 0.0628085 0.0684263 0.0713566 0.0717782 0.0701344 0.0669193 0.0625779 0.0574803 0.051915 0.0460914 0.0401559 0.0342162 0.0283699 0.0227323 0.0174548 0.0127204 0.00871013 0.00554846
 0.00750725 0.0122608 0.0185748 0.0264263 0.0355697 0.0453889 0.0548712 0.0628596 0.0684742 0.0713885 0.0717849 0.0701131 0.0668732 0.0625158 0.057414 0.0518562 0.0460493 0.0401354 0.0342175 0.0283895 0.0227643 0.0174924 0.0127575 0.00874227 0.00557326
 0.00748211 0.0122184 0.0185085 0.0263308 0.0354438 0.0452397 0.0547157 0.0627224 0.0683793 0.07135 0.0718021 0.0701722 0.0669545 0.0626016 0.0574937 0.051927 0.0461141 0.040199 0.0342835 0.0284586 0.022834 0.0175584 0.0128153 0.00878846 0.00560692
 0.00749296 0.0122318 0.0185206 0.0263348 0.035431 0.0452021 0.0546489 0.0626282 0.0682676 0.0712376 0.0717088 0.070114 0.0669384 0.0626231 0.0575406 0.0519853 0.0461738 0.0402559 0.0343378 0.0285117 0.0228865 0.0176085 0.0128602 0.0088254 0.00563449
 0.00749296 0.0122318 0.0185206 0.0263348 0.035431 0.0452021 0.0546489 0.0626282 0.0682676 0.0712376 0.0717088 0.070114 0.0669384 0.0626231 0.0575406 0.0519853 0.0461738 0.0402559 0.0343378 0.0285117 0.0228865 0.0176085 0.0128602 0.0088254 0.00563449
 0.0074374 0.0121487 0.0184091 0.0261984 0.0352764 0.0450369 0.0544801 0.0624626 0.0681129 0.0711036 0.0716077 0.0700588 0.0669395 0.0626849 0.0576578 0.0521439 0.0463549 0.0404409 0.0345129 0.0286689 0.0230219 0.0177208 0.012949 0.00889163 0.00568037
 0.00744531 0.0121531 0.0184004 0.0261635 0.0352033 0.044921 0.054329 0.0622947 0.0679506 0.0709648 0.0715015 0.0699872 0.0669024 0.0626836 0.0576949 0.0522199 0.0464648 0.0405741 0.0346555 0.0288076 0.0231469 0.0178263 0.0130326 0.00895367 0.00572312
#pred catch len freq
 0.00312974 0.0050945 0.00771323 0.0110389 0.0151164 0.0199327 0.0253564 0.0311311 0.0369283 0.0424148 0.0473018 0.0513803 0.0545496 0.0568208 0.0582915 0.0591131 0.0594662 0.0595251 0.0593757 0.0588819 0.0575784 0.0547354 0.0496825 0.0422727 0.033169
 0.0033738 0.00542391 0.00808663 0.0113817 0.0153487 0.0200087 0.0252904 0.030988 0.0367836 0.0423104 0.0472288 0.0513005 0.0544372 0.0566962 0.0582242 0.059191 0.0597448 0.0599821 0.0598947 0.0592825 0.0576862 0.0544608 0.0490649 0.0414607 0.0323495
 0.00345265 0.00559143 0.00840568 0.0119198 0.0161433 0.0210237 0.0263944 0.0319837 0.0374847 0.0426225 0.0471782 0.0509954 0.0539985 0.0562111 0.0577461 0.0587641 0.0594146 0.0597749 0.0597829 0.0591718 0.0574473 0.0539959 0.048366 0.0406197 0.0315117
 0.00358152 0.00578684 0.00867916 0.0122874 0.0166391 0.0217086 0.0273422 0.0332352 0.0389888 0.0442049 0.0485782 0.051963 0.0543952 0.0560505 0.0571586 0.0579227 0.0584739 0.058839 0.0588949 0.0583143 0.0565621 0.0530274 0.0473089 0.0395395 0.030518
 0.00373844 0.00604007 0.00905598 0.0128102 0.0173207 0.0225479 0.028325 0.0343438 0.0402119 0.0455324 0.0499701 0.0533116 0.0555211 0.056754 0.0573023 0.0574903 0.0575663 0.0576181 0.057514 0.0568736 0.0551058 0.0515727 0.0458863 0.0382135 0.0293739
 0.00389608 0.00629877 0.00945084 0.013378 0.0180956 0.0235523 0.0295571 0.0357675 0.0417582 0.047112 0.051492 0.0546944 0.0566867 0.0576106 0.05774 0.0574068 0.0569129 0.0564317 0.0559092 0.0550016 0.0531126 0.0495821 0.0440065 0.0365452 0.0280014
 0.00409564 0.0066162 0.00991708 0.0140214 0.0189418 0.0246226 0.0308604 0.0372899 0.043453 0.048897 0.0532552 0.0563103 0.0580363 0.0585948 0.0582792 0.057434 0.0563754 0.055311 0.0542465 0.0529084 0.0507566 0.0471581 0.0417062 0.0345308 0.026382
 0.00431033 0.00696098 0.0104288 0.0147337 0.0198819 0.0258048 0.032278 0.0389096 0.0452157 0.0507236 0.0550524 0.0579748 0.0594598 0.0596717 0.0589153 0.0575515 0.0559169 0.0542461 0.0525885 0.0507353 0.0482216 0.0444773 0.039121 0.032257 0.0245635
 0.00457311 0.00737564 0.0110308 0.0155509 0.0209344 0.0271019 0.0338113 0.0406438 0.0470852 0.0526362 0.0569005 0.0596483 0.0608572 0.0607057 0.0595111 0.0576435 0.0554478 0.0531754 0.050911 0.0485065 0.0455783 0.0416365 0.036346 0.0297973 0.0225917
 0.00487186 0.00784982 0.0117237 0.0164973 0.0221567 0.0286044 0.0355701 0.0426005 0.049149 0.0546947 0.058834 0.0613422 0.0622119 0.0616423 0.059971 0.0575828 0.0548305 0.0519735 0.0491192 0.0461691 0.0428178 0.0386622 0.0334264 0.0271974 0.0205018
 0.00516383 0.00831687 0.0124134 0.017451 0.0234057 0.0301607 0.0374138 0.0446705 0.0513432 0.0568826 0.060874 0.0631009 0.0635789 0.0625381 0.0603468 0.0574115 0.0540965 0.0506681 0.0472493 0.043781 0.0400264 0.0356652 0.0304835 0.0245716 0.0183865
 0.00548888 0.00883155 0.0131637 0.0184743 0.0247286 0.0317939 0.0393412 0.046837 0.0536505 0.0591949 0.0630343 0.0649524 0.0649877 0.0634096 0.0606306 0.0570935 0.0531848 0.0491823 0.0452216 0.0412739 0.0371587 0.0326279 0.0275244 0.0219418 0.0162717
 0.00578379 0.0093023 0.0138568 0.0194296 0.025975 0.0333417 0.0411707 0.0488906 0.0558333 0.0613848 0.0650949 0.0667456 0.0663867 0.0643116 0.0609656 0.0568281 0.0523177 0.0477369 0.043244 0.0388416 0.034398 0.0297251 0.0247117 0.0194511 0.0142728
 0.00598997 0.00964633 0.0143917 0.0202124 0.0270575 0.0347543 0.042904 0.0508843 0.0579797 0.0635446 0.0671177 0.0684897 0.0677332 0.0651724 0.0612853 0.0565796 0.0514984 0.0463668 0.0413685 0.0365412 0.0318003 0.0270103 0.0220963 0.0171461 0.0124293
 0.00616429 0.0099281 0.0148149 0.020813 0.0278736 0.035822 0.0442466 0.0524962 0.0598113 0.0654955 0.0690448 0.0702298 0.0691337 0.0661173 0.0617052 0.0564481 0.0508199 0.0451682 0.0396989 0.03448 0.0294694 0.0245774 0.0197587 0.0150919 0.010791
 0.0063059 0.0101581 0.0151613 0.0213036 0.028533 0.0366668 0.0452792 0.0537007 0.0611536 0.0669251 0.0704937 0.0716106 0.0703423 0.0670437 0.0622514 0.0565442 0.0504326 0.0443006 0.0383882 0.032799 0.0275307 0.0225332 0.0177847 0.0133538 0.00940407
 0.00647622 0.0104304 0.0155628 0.0218578 0.0292566 0.0375645 0.0463364 0.0548787 0.0623925 0.0681525 0.0716372 0.0726069 0.0711401 0.0676006 0.062528 0.056502 0.0500386 0.0435375 0.0372664 0.0313661 0.0258773 0.0207892 0.0161018 0.0118742 0.00822563
 0.00666545 0.0107253 0.0159839 0.0224178 0.0299617 0.0384142 0.0473195 0.055967 0.0635357 0.0692799 0.0726665 0.073459 0.0717542 0.0679424 0.0625876 0.0562827 0.049546 0.0427762 0.0362469 0.0301194 0.0244678 0.0193166 0.0146879 0.0106351 0.00724138
 0.00673402 0.0108371 0.016153 0.0226586 0.030287 0.0388331 0.0478343 0.0565709 0.0642131 0.0700067 0.0734091 0.0741726 0.0723845 0.0684328 0.0628889 0.0563614 0.0493856 0.0423743 0.0356138 0.029282 0.0234766 0.0182495 0.0136418 0.00970474 0.00649466
 0.00674385 0.0108531 0.016178 0.022697 0.0303469 0.0389272 0.0479797 0.0567861 0.0645123 0.0703935 0.0738731 0.0746892 0.0729169 0.0689355 0.0633115 0.0566545 0.0495078 0.0422983 0.0353312 0.0288063 0.0228462 0.0175268 0.0129054 0.00903318 0.00594629
 0.00677843 0.0109008 0.016234 0.0227518 0.0303891 0.038949 0.0479817 0.05678 0.0645196 0.0704418 0.0739885 0.0748879 0.0731983 0.0692787 0.063678 0.0569939 0.0497669 0.0424305 0.0353053 0.0286137 0.0225052 0.0170818 0.0124185 0.00856942 0.00555683
 0.00686261 0.0110276 0.0164055 0.0229619 0.0306239 0.0391879 0.0481997 0.0569517 0.0646256 0.0704762 0.0739636 0.0748318 0.0731459 0.0692592 0.0637043 0.0570576 0.0498398 0.0424729 0.0352778 0.0284898 0.0222803 0.0167768 0.0120741 0.00823354 0.00526987
 0.00697306 0.0111864 0.0166062 0.0231857 0.0308455 0.0393843 0.0483569 0.0570647 0.0646939 0.0704999 0.0739427 0.0747701 0.0730552 0.0691597 0.0636188 0.0570021 0.0498155 0.0424639 0.0352559 0.0284261 0.0221571 0.0165959 0.0118564 0.00801104 0.00507316
 0.00697141 0.0111936 0.0166341 0.0232485 0.0309521 0.0395294 0.0485163 0.0572011 0.064773 0.0705065 0.0738868 0.0746796 0.0729606 0.0690832 0.0635716 0.0569871 0.0498292 0.0424962 0.0352895 0.0284396 0.0221325 0.0165263 0.0117499 0.00788727 0.00495461
 0.00696751 0.01119 0.0166346 0.0232607 0.0309881 0.0396048 0.0486455 0.0573892 0.0650066 0.0707502 0.0740918 0.0748019 0.07298 0.0690098 0.0634377 0.0568311 0.0496817 0.0423731 0.0351919 0.0283582 0.022054 0.0164405 0.0116551 0.00779014 0.00486592
 0.00696344 0.0111842 0.0166278 0.0232541 0.0309841 0.0396073 0.0486606 0.0574254 0.0650736 0.0708545 0.0742304 0.0749572 0.0731223 0.0691073 0.0634704 0.0567991 0.049603 0.0422727 0.0350909 0.0282667 0.0219725 0.0163648 0.0115821 0.00772086 0.00480474
 0.00694037 0.0111529 0.0165922 0.023222 0.0309653 0.0396102 0.0486897 0.0574805 0.0651507 0.0709481 0.0743349 0.075067 0.0732295 0.0692004 0.0635348 0.0568222 0.0495802 0.0422107 0.0350044 0.0281721 0.0218815 0.0162831 0.011511 0.00766057 0.00475592
 0.00692292 0.0111166 0.0165235 0.0231057 0.0307906 0.0393797 0.0484256 0.0572225 0.0649448 0.0708314 0.0743247 0.0751593 0.0734037 0.0694272 0.0637824 0.0570607 0.0497858 0.0423688 0.0351113 0.0282336 0.0219085 0.016287 0.0115013 0.00764427 0.00473803
 0.00681777 0.0109677 0.016339 0.0229041 0.0305914 0.0391922 0.0482426 0.0570278 0.0647299 0.0706111 0.0741381 0.075055 0.0734178 0.0695677 0.0640278 0.0573704 0.0501139 0.042676 0.0353714 0.0284345 0.0220508 0.0163789 0.0115547 0.00767106 0.00474846
