SBPRF35
12.7214
Curr Bio
802317
B35
868571
F35
0.170925
FOFL
0.150777
OFL
96102.5
Bzero
3.63469e+006
#pred survey bio
 3.48022e+006 3.38112e+006 3.2935e+006 3.16321e+006 2.98792e+006 2.78977e+006 2.53751e+006 2.30442e+006 2.08815e+006 1.88458e+006 1.68282e+006 1.47742e+006 1.2914e+006 1.13598e+006 982958 877086 791707 717516 666826 618473 594395 568211 542802 535029 525291 518233 514744 522080 519100 524798 534363 533380 552771 562829 580873 597285 603736 610222 613892 628273 630824 634114 642092 654891 650800 656379 656397 661050 665789 670964 668139 722288 772880 796356 799043 805984 817546 827160 849725 832770 808642 2.72081e+007 1.60521e+007 1.62217e+007 1.71148e+007 1.84942e+007 2.00741e+007 2.16376e+007 2.30543e+007 2.42657e+007 2.52612e+007 2.60567e+007 2.66802e+007 2.71624e+007 2.75322e+007 2.78142e+007 2.80289e+007 2.81922e+007 2.83166e+007 2.84117e+007 2.84846e+007 2.85408e+007 2.85842e+007 2.8618e+007 2.86444e+007 2.86651e+007 2.86815e+007 2.86943e+007 2.87046e+007 2.87127e+007 2.87192e+007 2.87245e+007 2.87287e+007 2.87321e+007 2.87348e+007 2.8737e+007 2.87388e+007 2.87403e+007 2.87415e+007 2.87424e+007 2.87432e+007 2.87439e+007 2.87444e+007 2.87448e+007 2.87452e+007 2.87455e+007 2.87457e+007 2.87459e+007 2.8746e+007 2.87462e+007 2.87463e+007 2.87464e+007 2.87464e+007 2.87465e+007 2.87465e+007 2.87466e+007 2.87466e+007 2.87466e+007 2.87467e+007 2.87467e+007 2.87467e+007 2.87467e+007 2.87467e+007 2.87467e+007 2.87467e+007 2.87467e+007 2.87467e+007 2.87467e+007 2.87467e+007 2.87467e+007 2.87467e+007 2.87467e+007 2.87467e+007 2.87467e+007 2.87467e+007 2.87467e+007 2.87467e+007 2.87467e+007 2.87467e+007 2.87467e+007 2.87467e+007 2.87467e+007 2.87467e+007 2.87467e+007 2.87467e+007 2.87467e+007 2.87467e+007 2.87467e+007 2.87467e+007 2.87467e+007 2.87467e+007 2.87467e+007 2.87467e+007 2.87467e+007 2.87467e+007 2.87467e+007 2.87467e+007 2.87467e+007 2.87467e+007 2.87467e+007 2.87467e+007 0 0 0 0 0 0 0 0 0 0 0 0 0 0 0 0 0 0 0 0 0 0 0 0 0
#obs survey bio
 4.00084e+006 2.2975e+006 3.55459e+006 3.44178e+006 2.45639e+006 3.19201e+006 2.74558e+006 1.79893e+006 2.17327e+006 2.30756e+006 1.42845e+006 1.16152e+006 1.10911e+006 1.16975e+006 1.02552e+006 975698 717624 521235 649332 484647 568562 519682 471282 418408 388301 382183 389917 638978 481700 485595 435003 433713 593163 466730 774364 600497 547675 707761 467779 533870 506713 842181 431114 445426 654253 607305 805919 927321 536947 614969 730609 707155 691932 657146 642240 696643 916168 856929 1.14845e+006 983014 784962
#pred catch bio
 98298.8 91621.6 138028 189812 224316 288951 287334 287738 290488 300552 312187 299530 273737 269607 224891 203536 189347 164343 157455 132827 131473 127367 110308 111113 108280 105018 96175.3 104958 97867 95817.1 105194 88638.7 97347 90852.8 92385.8 100214 99282.1 101214 92939.4 104434 104648 101649 99075.4 114022 105429 109902 105672 105917 106327 113454 66589.9 71987.2 94927.2 111171 106645 102807 104033 91574.5 122605 123930 125178 96102.5 105853 105465 109953 118389 128357 138200 147009 154405 160344 164957 168452 171050 172953 174331 175319 176023 176521 176872 177118 177291 177411 177495 177553 177593 177621 177641 177654 177663 177670 177674 177677 177679 177681 177682 177682 177683 177683 177683 177683 177684 177684 177684 177684 177684 177684 177684 177684 177684 177684 177684 177684 177684 177684 177684 177684 177684 177684 177684 177684 177684 177684 177684 177684 177684 177684 177684 177684 177684 177684 177684 177684 177684 177684 177684 177684 177684 177684 177684 177684 177684 177684 177684 177684 177684 177684 177684 177684 177684 177684 177684 177684 177684 177684 177684 177684 177684 177684 177684 177684 0 0 0 0 0 0 0 0 0 0 0 0 0 0 0 0 0 0 0 0 0 0 0 0 0
#obs catch bio
 0 91345.8 138201 190319 225026 291042 288282 289386 292696 301982 314671 303977 277584 273198 227551 204838 191134 166100 158299 133729 132300 128325 110811 111725 109145 106369 97169.8 105710 98634.9 96586.7 106926 89508.6 98292.7 91570.1 92611.1 100294 99328.6 100892 92788.5 104586 105334 101785 99387.5 115078 105922 110350 105897 105739 106780 114642 66531.5 72019.7 95122 111416 106771 103155 104755 91539.7 122816 123640 125218
#pred cpue bio
 3.43399e+006 3.33661e+006 3.24922e+006 3.11853e+006 2.94321e+006 2.74519e+006 2.49371e+006 2.26121e+006 2.04535e+006 1.8424e+006 1.6416e+006 1.43757e+006 1.25327e+006 1.09973e+006 948960 844780 760989 688434 639185 592278 568999 543698 519088 511568 502000 494980 491557 498842 496015 501461 510688 509800 528941 539051 557015 573479 580077 586601 590186 604012 606215 609314 617081 629486 625528 631182 631339 635964 640505 645379 642604 696146 746716 770334 772922 779456 790789 800715 823683 807753 784548 2.64003e+007 1.557e+007 1.55641e+007 1.62905e+007 1.76193e+007 1.91888e+007 2.07504e+007 2.21668e+007 2.33782e+007 2.43736e+007 2.51691e+007 2.57926e+007 2.62749e+007 2.66446e+007 2.69267e+007 2.71413e+007 2.73046e+007 2.74291e+007 2.75242e+007 2.75971e+007 2.76532e+007 2.76967e+007 2.77305e+007 2.77569e+007 2.77776e+007 2.77939e+007 2.78068e+007 2.7817e+007 2.78252e+007 2.78317e+007 2.78369e+007 2.78411e+007 2.78445e+007 2.78472e+007 2.78495e+007 2.78513e+007 2.78527e+007 2.78539e+007 2.78549e+007 2.78557e+007 2.78563e+007 2.78568e+007 2.78573e+007 2.78576e+007 2.78579e+007 2.78581e+007 2.78583e+007 2.78585e+007 2.78586e+007 2.78587e+007 2.78588e+007 2.78589e+007 2.78589e+007 2.7859e+007 2.7859e+007 2.78591e+007 2.78591e+007 2.78591e+007 2.78591e+007 2.78591e+007 2.78591e+007 2.78592e+007 2.78592e+007 2.78592e+007 2.78592e+007 2.78592e+007 2.78592e+007 2.78592e+007 2.78592e+007 2.78592e+007 2.78592e+007 2.78592e+007 2.78592e+007 2.78592e+007 2.78592e+007 2.78592e+007 2.78592e+007 2.78592e+007 2.78592e+007 2.78592e+007 2.78592e+007 2.78592e+007 2.78592e+007 2.78592e+007 2.78592e+007 2.78592e+007 2.78592e+007 2.78592e+007 2.78592e+007 2.78592e+007 2.78592e+007 2.78592e+007 2.78592e+007 2.78592e+007 2.78592e+007 2.78592e+007 2.78592e+007 2.78592e+007 2.78592e+007 2.78592e+007 0 0 0 0 0 0 0 0 0 0 0 0 0 0 0 0 0 0 0 0 0 0 0 0 0
#obs cpue bio
 3.06341e+006 3.04735e+006 3.33506e+006 2.382e+006 2.4254e+006 2.2671e+006 2.8675e+006 2.1482e+006 1.56561e+006 1.92922e+006 1.55057e+006 1.03525e+006 1.21355e+006 1.10545e+006 717231 907908 663623 689351 861646 535853 603220 522241 550039 616353 512578 427416 530044 545304 394642 441295 384840 524904 576197 535979 609000 702601 605432 745726 580730 665554 454942 641054 667860 699003 638140 761910 527456 626919 453355 602104 541018 852852 932142 972794 893378 662567 530108 969068 875444 829287 674336
#pred surv len freq
 0.00478809 0.00779661 0.011775 0.0167138 0.0224925 0.0287985 0.0351041 0.0408021 0.0454387 0.0488653 0.0512047 0.0527044 0.0536082 0.0541004 0.054301 0.0542816 0.0540861 0.0537349 0.0531857 0.0522481 0.0505153 0.0474247 0.0425108 0.0357523 0.0277672
 0.00511902 0.00822463 0.01222 0.0170438 0.0225734 0.028564 0.034604 0.0401874 0.0448888 0.048501 0.051043 0.0526779 0.0536266 0.0541115 0.0543179 0.0543672 0.0543079 0.0541144 0.0536674 0.0527077 0.0508082 0.0474525 0.0422674 0.0353231 0.0272814
 0.00525181 0.00848506 0.0126859 0.0177931 0.0236388 0.0298784 0.035976 0.0413462 0.0455929 0.0486491 0.0507104 0.0520543 0.0529062 0.0534157 0.0536888 0.0538108 0.0538342 0.05374 0.053388 0.0524741 0.0505348 0.0470602 0.0417329 0.0346956 0.0266569
 0.00542693 0.00875643 0.0130738 0.0183185 0.0243313 0.0307787 0.0371186 0.0427204 0.0470995 0.0500901 0.0518387 0.0526686 0.052936 0.0529374 0.0528691 0.0528252 0.052813 0.0527579 0.0524735 0.0516192 0.0497056 0.0462201 0.0408729 0.0338517 0.0258966
 0.00562435 0.00907937 0.0135626 0.0190097 0.0252488 0.0319226 0.0384582 0.0441981 0.048644 0.0516227 0.0532625 0.0538533 0.053726 0.0531985 0.0525481 0.0519776 0.0515788 0.0513029 0.0509363 0.0500867 0.0482199 0.0448028 0.0395514 0.0326719 0.0249129
 0.00579129 0.00935794 0.0139956 0.0196427 0.0261224 0.0330586 0.0398445 0.0457816 0.0503365 0.053318 0.0548539 0.0552402 0.0548096 0.0538758 0.0527211 0.0515832 0.0506225 0.0498703 0.0491701 0.0481447 0.0462422 0.0429011 0.0378167 0.0311803 0.0237192
 0.00609374 0.00983279 0.0146796 0.0205611 0.0272874 0.0344668 0.0414707 0.0475726 0.0522115 0.0551766 0.0565871 0.0567414 0.0559815 0.0546325 0.052987 0.0512953 0.0497443 0.0484143 0.0472151 0.0458337 0.0437589 0.0404398 0.0355541 0.0292537 0.0222086
 0.00640572 0.0103321 0.0154158 0.0215734 0.0285961 0.0360613 0.0432983 0.0495391 0.0541992 0.0570699 0.0582913 0.058184 0.0571021 0.0553723 0.0532837 0.0510859 0.0489752 0.0470605 0.0453039 0.0434641 0.0411031 0.0377207 0.0330035 0.027064 0.0204945
 0.00665458 0.0107431 0.0160463 0.0224805 0.0298252 0.0376271 0.0451659 0.0516175 0.0563539 0.0591514 0.0601627 0.0597394 0.0582709 0.0561113 0.0535627 0.0508741 0.0482373 0.0457669 0.0434565 0.0411261 0.0384189 0.0349086 0.0303162 0.0247281 0.0186548
 0.00691113 0.0111544 0.0166556 0.0233267 0.0309388 0.0390229 0.0468309 0.0535016 0.0583691 0.0611802 0.0620727 0.0614005 0.0595718 0.0569709 0.0539319 0.0507268 0.0475575 0.0445445 0.0416986 0.0388836 0.0358142 0.032142 0.0276365 0.0223724 0.0167845
 0.00717503 0.011585 0.0173058 0.0242459 0.0321619 0.0405544 0.0486305 0.0554815 0.0604104 0.0631575 0.0638738 0.0629316 0.0607545 0.0577393 0.0542334 0.0505246 0.0468307 0.0432873 0.0399262 0.03665 0.0332344 0.0294026 0.0249745 0.0200208 0.0149083
 0.00740127 0.0119679 0.0179101 0.0251406 0.0334055 0.0421707 0.0505843 0.0576709 0.062682 0.0653389 0.0658066 0.0644935 0.0618666 0.0583611 0.0543508 0.050136 0.0459391 0.0419 0.0380652 0.0343708 0.0306477 0.0266839 0.0223459 0.0177026 0.013058
 0.00761817 0.0123212 0.0184441 0.0259001 0.0344308 0.0434875 0.0521897 0.0595207 0.0646871 0.0673719 0.0677179 0.0661329 0.0631067 0.0591151 0.0545775 0.0498316 0.0451219 0.0405989 0.0363198 0.0322445 0.0282479 0.0241718 0.0199227 0.015567 0.0113527
 0.00781615 0.0126409 0.0189216 0.0265681 0.0353137 0.0445934 0.0535017 0.0609943 0.0662556 0.0689568 0.0692355 0.0674953 0.0642224 0.059895 0.0549466 0.0497408 0.044553 0.0395631 0.0348547 0.0304176 0.0261649 0.0219822 0.0178067 0.0136999 0.00985996
 0.00809867 0.0130943 0.0195922 0.0274932 0.0365122 0.0460527 0.0551654 0.0627607 0.0679952 0.0705412 0.0705632 0.0685024 0.0648784 0.0601891 0.0548745 0.0492979 0.0437357 0.0383766 0.0333238 0.0285975 0.0241502 0.0199073 0.0158309 0.0119751 0.00849142
 0.0082821 0.0133842 0.0200137 0.0280657 0.0372487 0.0469562 0.0562235 0.0639396 0.0692384 0.0717741 0.0717022 0.0694676 0.0656041 0.060631 0.0550091 0.0491159 0.0432352 0.0375616 0.0322099 0.0272243 0.0225919 0.0182754 0.01426 0.0105944 0.00739123
 0.00839037 0.0135673 0.0203018 0.0284903 0.0378341 0.0477085 0.0571206 0.064931 0.070257 0.0727531 0.0725862 0.0702135 0.0661762 0.0609978 0.0551441 0.0490006 0.0428605 0.0369282 0.0313309 0.0261316 0.0213448 0.0169632 0.0129921 0.009477 0.0064992
 0.00846036 0.0136872 0.0204941 0.0287808 0.0382478 0.0482617 0.0578118 0.065735 0.0711253 0.0736215 0.0733862 0.0708849 0.0666757 0.061301 0.0552413 0.0488897 0.0425423 0.0364062 0.0306158 0.0252484 0.0203403 0.015908 0.0119733 0.00857914 0.00578236
 0.00852816 0.0137799 0.0206023 0.028888 0.038339 0.0483359 0.0578898 0.0658566 0.0713343 0.0739465 0.0738265 0.0714072 0.0672233 0.0618079 0.055647 0.0491478 0.0426233 0.0362959 0.0303148 0.0247734 0.0197283 0.0152169 0.0112752 0.00794556 0.00526637
 0.00869125 0.0140294 0.0209474 0.0293233 0.0388423 0.0488682 0.0583983 0.0662847 0.0716395 0.0741173 0.0738875 0.0714054 0.067204 0.0617946 0.0556339 0.0491073 0.0425194 0.0360974 0.0300034 0.0243493 0.0192119 0.0146485 0.0107085 0.00743491 0.00485217
 0.00869009 0.0140295 0.0209512 0.0293346 0.0388659 0.0489079 0.0584558 0.0663576 0.0717217 0.0742013 0.073969 0.0714883 0.0673007 0.0619192 0.0557918 0.0492863 0.042689 0.0362171 0.0300356 0.0242718 0.0190258 0.0143784 0.0103961 0.00712734 0.00458824
 0.0087599 0.014134 0.0210917 0.0295064 0.0390593 0.0491112 0.0586561 0.0665421 0.0718773 0.074316 0.0740341 0.071501 0.0672662 0.0618517 0.0557112 0.0492106 0.0426256 0.036158 0.0299605 0.0241582 0.0188608 0.0141665 0.0101587 0.00689479 0.00438806
 0.00892966 0.0143865 0.0214278 0.0299104 0.0395024 0.0495577 0.0590689 0.0668865 0.0721249 0.074449 0.0740484 0.0714055 0.0670796 0.0615984 0.0554182 0.0489048 0.0423297 0.0358855 0.0297132 0.0239279 0.0186366 0.0139436 0.00994235 0.00669802 0.00422497
 0.00901527 0.0145108 0.0215869 0.0300904 0.0396822 0.0497145 0.0591839 0.0669488 0.0721336 0.0744136 0.073986 0.071335 0.067015 0.0615447 0.0553728 0.0488617 0.042284 0.0358346 0.0296554 0.0238605 0.0185563 0.0138492 0.0098383 0.00659397 0.00413239
 0.00910214 0.0146514 0.0217961 0.0303785 0.0400491 0.0501427 0.059634 0.0673631 0.0724509 0.0745883 0.0740022 0.071208 0.0667821 0.0612509 0.0550582 0.0485547 0.0420004 0.0355805 0.0294312 0.0236636 0.0183832 0.0136968 0.00970568 0.00648237 0.00404397
 0.00909388 0.0146495 0.0218149 0.030439 0.0401743 0.050349 0.0599229 0.0677161 0.0728301 0.074943 0.07428 0.0713679 0.0668053 0.0611454 0.0548537 0.0482915 0.041717 0.0353057 0.0291817 0.0234462 0.0181984 0.0135427 0.00957975 0.00638291 0.00396938
 0.00906125 0.0145969 0.0217375 0.0303355 0.0400502 0.050221 0.0598198 0.0676738 0.0728801 0.0750978 0.0745242 0.0716605 0.0670921 0.061376 0.0549959 0.048338 0.0416819 0.0352155 0.0290641 0.023323 0.018083 0.0134416 0.00949551 0.00631588 0.00391903
 0.00901418 0.0145099 0.0215881 0.030098 0.0397048 0.0497666 0.0592851 0.0671201 0.0723894 0.074753 0.0743865 0.0717532 0.0673946 0.0618297 0.0555217 0.0488576 0.0421371 0.0355767 0.0293277 0.023502 0.0181964 0.0135079 0.00952951 0.00632931 0.00392078
 0.00913971 0.0146968 0.0218359 0.0303914 0.0400137 0.0500478 0.0594886 0.0671981 0.0723117 0.0745219 0.0740434 0.0713685 0.0670454 0.0615749 0.0553851 0.0488263 0.0421738 0.0356378 0.0293797 0.0235286 0.0181968 0.0134899 0.00950323 0.00630267 0.00389841
 0.00914096 0.0147046 0.0218578 0.030437 0.0400901 0.0501542 0.0596112 0.0673101 0.0723797 0.0745166 0.0739506 0.0711973 0.0668282 0.061359 0.0552176 0.0487382 0.0421699 0.0356986 0.0294726 0.0236221 0.0182706 0.0135372 0.00952709 0.00631064 0.003898
 0.00898827 0.0144832 0.0215751 0.0301182 0.039773 0.0498793 0.0594117 0.0672064 0.0723758 0.0745992 0.0740913 0.0713603 0.066982 0.0614876 0.0553241 0.0488398 0.0422863 0.0358396 0.029633 0.0237849 0.0184164 0.0136522 0.00960734 0.00636016 0.00392498
 0.00896431 0.01444 0.0215032 0.0300089 0.039624 0.0497011 0.0592312 0.0670617 0.0723031 0.0746168 0.0741913 0.0715117 0.067144 0.0616243 0.0554161 0.0488872 0.0423048 0.0358509 0.029654 0.0238216 0.0184637 0.0137002 0.00964708 0.00638772 0.00394109
 0.00879634 0.0141703 0.0211043 0.0294604 0.0389193 0.0488582 0.0583029 0.0661372 0.0714952 0.0740369 0.0739214 0.0715837 0.0675324 0.0622552 0.0561891 0.049703 0.0430858 0.0365509 0.0302541 0.0243195 0.018864 0.014009 0.00987257 0.0065411 0.00403708
 0.00869127 0.0140101 0.0208825 0.0291758 0.0385736 0.0484528 0.0578395 0.0656231 0.0709516 0.0735054 0.0734628 0.0712676 0.0674181 0.0623723 0.0565257 0.0502078 0.0436847 0.0371685 0.0308311 0.0248199 0.0192726 0.014325 0.0101031 0.00669855 0.0041366
 0.00852779 0.0137499 0.0205022 0.0286605 0.0379226 0.0476874 0.0570075 0.0647951 0.0702055 0.0729069 0.0730538 0.0710682 0.0674361 0.0626089 0.0569722 0.0508372 0.0444468 0.0379941 0.031646 0.0255606 0.0198972 0.0148157 0.0104628 0.00694374 0.00429126
 0.00845776 0.0136263 0.0202984 0.0283458 0.0374704 0.0470866 0.0562749 0.0639794 0.069381 0.0721577 0.0724567 0.070679 0.0672835 0.0626963 0.0572841 0.0513445 0.0451084 0.0387561 0.0324439 0.0263279 0.020577 0.0153713 0.0108816 0.00723462 0.00447679
 0.00843345 0.013593 0.0202585 0.0283019 0.0374199 0.0470153 0.0561551 0.0637764 0.0690682 0.0717331 0.071952 0.070155 0.0668146 0.0623511 0.0571108 0.0513641 0.0453147 0.0391194 0.0329162 0.0268498 0.0210884 0.0158224 0.011242 0.00749591 0.00464871
 0.00849584 0.0136728 0.0203393 0.0283565 0.0374193 0.0469419 0.0560102 0.063578 0.0688368 0.0714794 0.071674 0.0698486 0.0664889 0.0620365 0.056854 0.0512138 0.0453047 0.0392586 0.0331855 0.0272079 0.0214819 0.016199 0.0115621 0.00773945 0.00481511
 0.00864645 0.013898 0.0206401 0.0287178 0.0378092 0.0473153 0.0563148 0.063763 0.068867 0.0713459 0.0713964 0.0694649 0.066041 0.0615628 0.0563905 0.050799 0.0449784 0.0390531 0.0331151 0.027262 0.0216274 0.016391 0.0117569 0.00790569 0.00493811
 0.00863626 0.0138928 0.0206527 0.0287656 0.0379079 0.0474689 0.0565083 0.0639624 0.0690278 0.071428 0.0713765 0.0693423 0.065835 0.0613043 0.0561133 0.0505345 0.0447551 0.0388963 0.0330429 0.0272792 0.0217216 0.0165342 0.0119151 0.00804932 0.00504976
 0.0085832 0.0138296 0.0206007 0.0287593 0.0379868 0.0476627 0.0568232 0.0643743 0.0694856 0.0718638 0.07172 0.0695367 0.0658508 0.0611453 0.055814 0.0501484 0.0443414 0.0385086 0.0327225 0.0270506 0.0215901 0.0164871 0.0119269 0.00809091 0.00509727
 0.00858427 0.0138197 0.0205659 0.0286839 0.0378632 0.0475035 0.0566677 0.0642811 0.0695101 0.0720317 0.0720122 0.0698936 0.0661928 0.0614003 0.0559374 0.0501326 0.0442121 0.0383122 0.0325107 0.0268667 0.0214604 0.0164183 0.0119091 0.00810554 0.00512505
 0.00862169 0.013869 0.0206179 0.0287214 0.0378633 0.0474445 0.0565376 0.0640859 0.0692793 0.0718165 0.0718717 0.0698729 0.0663024 0.0616084 0.0561827 0.0503491 0.0443537 0.0383657 0.0324929 0.0268111 0.0214012 0.0163782 0.0118955 0.00811346 0.00514395
 0.00845425 0.0136348 0.0203352 0.0284292 0.0376078 0.0472592 0.0564278 0.0640294 0.0692423 0.0717741 0.0718237 0.0698446 0.0663318 0.0617257 0.0563919 0.0506232 0.0446448 0.0386256 0.0326914 0.0269434 0.0214817 0.0164282 0.0119323 0.00814539 0.00517225
 0.00841956 0.0135766 0.0202462 0.0283059 0.0374568 0.047103 0.0563043 0.063981 0.069294 0.0719164 0.0720115 0.0700183 0.0664476 0.0617747 0.0563974 0.0506198 0.0446561 0.0386539 0.0327235 0.0269644 0.0214854 0.0164191 0.0119194 0.0081361 0.00516903
 0.00839547 0.0135264 0.0201503 0.0281403 0.0372 0.0467473 0.0558679 0.0635112 0.068861 0.0715946 0.0718566 0.070049 0.0666395 0.0620729 0.0567407 0.0509621 0.0449744 0.0389412 0.0329771 0.0271795 0.0216573 0.0165468 0.0120081 0.00819442 0.00520598
 0.00840167 0.0135392 0.0201734 0.0281756 0.0372436 0.0467844 0.0558719 0.0634508 0.0687143 0.0713646 0.071578 0.069779 0.0664373 0.0619769 0.0567565 0.0510664 0.0451304 0.0391145 0.0331443 0.0273275 0.0217796 0.0166411 0.0120756 0.00823937 0.00523397
 0.00847993 0.013643 0.020287 0.0282711 0.0372902 0.0467618 0.0557792 0.0633048 0.0685373 0.0711728 0.0713784 0.069577 0.066247 0.061824 0.0566695 0.0510631 0.0452084 0.0392529 0.0333129 0.0274982 0.0219321 0.0167649 0.0121679 0.00830271 0.0052741
 0.00851987 0.013713 0.0204001 0.0284383 0.0375128 0.0470226 0.0560383 0.0635076 0.0686342 0.0711391 0.0712226 0.0693328 0.0659573 0.0615285 0.0564009 0.0508472 0.0450626 0.039182 0.0333076 0.0275384 0.0219946 0.0168302 0.0122237 0.00834418 0.00530153
 0.00842331 0.0135813 0.020249 0.0282995 0.0374264 0.0470235 0.0561437 0.0637084 0.0688953 0.0714075 0.0714412 0.0694581 0.0659722 0.0614454 0.0562533 0.0506765 0.0449061 0.0390656 0.0332429 0.0275227 0.0220148 0.0168692 0.0122662 0.0083804 0.00532765
 0.00829761 0.0133966 0.0200088 0.0280227 0.0371461 0.0467823 0.0559869 0.0636755 0.0690083 0.0716589 0.0717901 0.0698382 0.0663117 0.0616891 0.0563779 0.0506924 0.0448473 0.0389745 0.0331558 0.0274616 0.0219862 0.0168674 0.0122801 0.00839937 0.00534462
 0.00787575 0.0127176 0.0190033 0.0266411 0.0353803 0.0446954 0.0537358 0.0615048 0.0672018 0.070466 0.0713604 0.07019 0.0673413 0.0632082 0.0581653 0.0525436 0.0466091 0.0405559 0.0345183 0.0285998 0.0229093 0.0175895 0.0128189 0.00877742 0.005591
 0.00774629 0.0124764 0.0185829 0.025958 0.0343535 0.0432769 0.0519445 0.0594459 0.0650631 0.0684907 0.0698032 0.069266 0.067176 0.0638069 0.0594136 0.0542416 0.0485257 0.0424811 0.0362973 0.0301412 0.024175 0.0185777 0.01355 0.00928612 0.00592046
 0.00783192 0.0126046 0.0187517 0.0261492 0.034525 0.0433572 0.0518354 0.0590412 0.0642856 0.0673348 0.0683638 0.067733 0.0657938 0.0628099 0.058962 0.0543797 0.0491787 0.0434893 0.0374703 0.0313084 0.0252162 0.0194291 0.0141947 0.00973932 0.00621527
 0.00795104 0.0128014 0.0190528 0.0265776 0.0350904 0.0440414 0.0525773 0.0597322 0.0647822 0.0674903 0.0680698 0.0669619 0.0646241 0.061422 0.0575968 0.0532709 0.0484852 0.0432559 0.0376321 0.0317317 0.0257519 0.0199557 0.0146377 0.01007 0.00643776
 0.00788065 0.0127127 0.0189676 0.0265342 0.035136 0.0442177 0.0529052 0.0602006 0.0653424 0.0680558 0.0685255 0.0671853 0.0645213 0.0609662 0.0568531 0.0523889 0.0476553 0.0426454 0.0373312 0.0317341 0.0259758 0.0202881 0.0149783 0.0103552 0.00664342
 0.0076383 0.0123522 0.0184888 0.0259635 0.0345242 0.043634 0.0524294 0.0599122 0.065303 0.0682877 0.0689951 0.0678021 0.0651554 0.061483 0.0571546 0.0524489 0.0475303 0.0424519 0.037196 0.0317422 0.0261422 0.0205665 0.0152939 0.0106416 0.00686323
 0.0074454 0.0120406 0.0180255 0.0253246 0.0337063 0.0426692 0.0513967 0.0589337 0.0645197 0.0678221 0.0689176 0.0681131 0.0657862 0.0623118 0.0580355 0.0532497 0.0481694 0.0429186 0.0375406 0.0320401 0.0264517 0.0209029 0.0156336 0.010945 0.0071003
 0.00723877 0.011707 0.0175278 0.0246304 0.0327948 0.0415434 0.0500975 0.0575489 0.063179 0.0666789 0.0681207 0.0677751 0.0659557 0.062958 0.0590519 0.0544802 0.0494492 0.0441165 0.0385854 0.0329204 0.0271906 0.0215273 0.0161549 0.0113607 0.00740705
 0.00722625 0.0116891 0.0175041 0.0245978 0.0327432 0.04145 0.0499258 0.0572556 0.0627308 0.0660734 0.0674022 0.0670364 0.0653201 0.0625455 0.0589411 0.054682 0.0499049 0.0447225 0.0392332 0.0335296 0.0277221 0.0219731 0.0165198 0.0116493 0.00762214
 0.00717718 0.0116218 0.017426 0.0245235 0.0326899 0.0414298 0.0499375 0.0572797 0.06273 0.0659996 0.0672118 0.0667102 0.0648815 0.0620648 0.05852 0.0544192 0.0498602 0.0448964 0.0395725 0.0339547 0.0281579 0.0223687 0.01685 0.0119069 0.00781014
#obs surv len freq
 nan nan nan nan nan nan nan nan nan nan nan nan nan nan nan nan nan nan nan nan nan nan nan nan nan
 0.0044791 0.00733798 0.0111658 0.0159809 0.0216816 0.0279582 0.0342742 0.0400076 0.0446893 0.048155 0.0505146 0.052012 0.0529056 0.0534191 0.0537343 0.0539899 0.054269 0.0545621 0.054701 0.054293 0.0527309 0.0493627 0.0438117 0.0362908 0.0276734
 0.0046133 0.00755639 0.0114947 0.016444 0.0222945 0.0287199 0.0351579 0.0409581 0.04563 0.0490021 0.0511929 0.052466 0.0531061 0.0533637 0.0534438 0.0535006 0.0536237 0.0538033 0.0538674 0.0534213 0.0518595 0.0485342 0.0430705 0.0356742 0.0272021
 0.00478026 0.00782943 0.0119085 0.0170317 0.0230808 0.0297105 0.0363281 0.0422485 0.0469531 0.0502571 0.052281 0.0533019 0.0536255 0.0535294 0.0532482 0.0529649 0.0527918 0.0527333 0.0526247 0.0520754 0.0504853 0.0472116 0.041879 0.0346795 0.0264405
 0.00496429 0.00813221 0.0123709 0.0176943 0.023976 0.03085 0.0376902 0.0437727 0.0485471 0.0518129 0.05369 0.0544652 0.0544594 0.0539695 0.0532551 0.0525276 0.05193 0.0514957 0.0510858 0.0503311 0.0486497 0.045411 0.0402381 0.0333005 0.0253806
 0.00518093 0.00848627 0.0129074 0.0184566 0.0249984 0.0321448 0.0392341 0.0455015 0.0503631 0.0536017 0.055337 0.0558655 0.0555223 0.0546205 0.0534374 0.0522062 0.0510965 0.0501745 0.0493393 0.0482633 0.0464037 0.0431582 0.0381545 0.0315325 0.0240138
 0.00540569 0.00885324 0.0134628 0.019245 0.0260546 0.0334815 0.0408284 0.0472895 0.0522483 0.0554725 0.0570825 0.0573844 0.0567252 0.0554294 0.0537864 0.052043 0.0503879 0.0489164 0.0475694 0.0460737 0.0439456 0.0406311 0.0357749 0.0294883 0.0224202
 0.00564752 0.00925008 0.0140669 0.020107 0.0272138 0.03495 0.0425754 0.0492364 0.054281 0.0574641 0.0589145 0.058957 0.0579578 0.0562569 0.0541534 0.0519012 0.0496982 0.0476579 0.0457577 0.0437818 0.0413185 0.0378807 0.0331459 0.0272032 0.0206233
 0.00589958 0.00966147 0.0146892 0.0209897 0.0283954 0.0364436 0.0443532 0.0512236 0.0563645 0.0595134 0.0608025 0.0605742 0.0592175 0.0570945 0.0545212 0.0517613 0.0490184 0.0464163 0.043959 0.0414824 0.0386494 0.0350495 0.030407 0.0247977 0.0187156
 0.00613465 0.0100505 0.0152872 0.0218522 0.0295668 0.0379398 0.0461441 0.0532272 0.0584606 0.0615674 0.0626874 0.0621828 0.0604651 0.0579178 0.0548743 0.0516109 0.0483391 0.0451918 0.0421938 0.0392253 0.0360183 0.0322402 0.0276684 0.0223742 0.0167802
 0.00636268 0.0104262 0.0158623 0.0226785 0.0306871 0.039372 0.0478651 0.0551652 0.0605038 0.0635837 0.0645462 0.0637696 0.0616899 0.0587161 0.0552038 0.0514451 0.0476606 0.0439919 0.0404815 0.0370474 0.0334836 0.0295303 0.0250182 0.0200188 0.0148905
 0.00661835 0.0108394 0.0164797 0.0235421 0.0318269 0.0407943 0.0495393 0.0570194 0.0624328 0.065468 0.0662696 0.0652304 0.0628058 0.0594256 0.0554655 0.051234 0.0469642 0.0428078 0.0388241 0.0349643 0.0310768 0.0269668 0.0225137 0.0177913 0.0130998
 0.00683471 0.0111996 0.0170368 0.0243496 0.0329259 0.0421947 0.0512024 0.0588547 0.0643148 0.0672646 0.0678663 0.0665404 0.0637685 0.0600004 0.055626 0.0509639 0.0462547 0.0416594 0.0372528 0.0330165 0.0288466 0.0246052 0.0202143 0.015749 0.0114584
 0.00707183 0.0115834 0.0176116 0.025156 0.033994 0.043532 0.0527803 0.0606014 0.0661213 0.0690026 0.0694095 0.0677836 0.0646382 0.0604575 0.0556596 0.0505803 0.0454673 0.0404847 0.0357159 0.0311648 0.0267667 0.0224313 0.0181161 0.013896 0.00997412
 0.00727564 0.0119222 0.0181347 0.0259123 0.0350202 0.0448352 0.0543213 0.0622924 0.0678417 0.0706251 0.0708224 0.0689003 0.0653982 0.0608247 0.0556207 0.0501419 0.0446501 0.039318 0.0342376 0.0294289 0.0248561 0.0204649 0.0162394 0.0122519 0.00866438
 0.00742577 0.0121686 0.0185105 0.0264512 0.0357515 0.0457747 0.0554606 0.0635905 0.0692267 0.0720035 0.0720927 0.0699674 0.0661851 0.0612793 0.0557164 0.0498738 0.0440305 0.0383725 0.033005 0.027965 0.0232409 0.0188053 0.0146605 0.0108731 0.00756904
 0.0075222 0.0123257 0.018748 0.0267886 0.0362058 0.046356 0.0561674 0.0644069 0.0701232 0.0729398 0.0730198 0.0708285 0.0669176 0.0618203 0.0560116 0.0498851 0.0437401 0.037784 0.0321432 0.0268773 0.0219993 0.0175054 0.0134115 0.00977681 0.00669589
 0.00759984 0.0124489 0.0189279 0.027034 0.0365224 0.0467452 0.0566244 0.0649202 0.0706766 0.0735151 0.0735984 0.0713897 0.0674347 0.062258 0.0563267 0.0500314 0.0436777 0.0374879 0.0316112 0.026135 0.0211016 0.0165324 0.0124568 0.00892854 0.00601547
 0.00765992 0.0125405 0.0190545 0.0271953 0.0367152 0.0469651 0.0568669 0.0651815 0.0709538 0.0738067 0.0739039 0.0717073 0.0677582 0.0625724 0.0566059 0.0502389 0.0437707 0.037427 0.0313708 0.0257144 0.0205302 0.0158687 0.0117768 0.00830728 0.00550821
 0.00770751 0.0126145 0.0191595 0.0273325 0.0368821 0.0471544 0.0570668 0.0653778 0.0711337 0.0739645 0.0740427 0.0718373 0.0678909 0.0627143 0.0567527 0.0503734 0.0438638 0.0374425 0.0312759 0.0254904 0.0201835 0.0154331 0.0113068 0.00786281 0.00513664
 0.00776596 0.0127001 0.0192709 0.0274625 0.03702 0.0472896 0.0571915 0.0654874 0.0712262 0.0740392 0.0741013 0.071884 0.0679332 0.0627606 0.0568087 0.0504371 0.0439226 0.0374734 0.0312505 0.0253853 0.0199905 0.015166 0.0109997 0.00755912 0.00487456
 0.00782212 0.0127869 0.0193926 0.027619 0.0372048 0.0474897 0.0573872 0.0656555 0.0713464 0.0741011 0.0741076 0.0718485 0.0678742 0.0626957 0.0567509 0.050393 0.0438907 0.0374434 0.0312047 0.0253041 0.0198609 0.0149891 0.0107927 0.00734944 0.0046895
 0.0078568 0.0128414 0.019471 0.0277233 0.0373347 0.0476411 0.0575509 0.0658173 0.0714886 0.0742069 0.0741649 0.0718542 0.0678345 0.0626244 0.0566648 0.050307 0.0438139 0.0373764 0.0311403 0.02523 0.0197657 0.0148687 0.0106538 0.00720743 0.00456208
 0.00788492 0.012882 0.0195227 0.0277821 0.0373951 0.0476989 0.057605 0.0658691 0.0715402 0.0742583 0.0742131 0.0718928 0.067857 0.0626263 0.0566466 0.0502739 0.0437731 0.0373337 0.0310968 0.0251818 0.0197066 0.0147952 0.0105678 0.00711759 0.0044794
 0.0078956 0.0128994 0.0195486 0.0278175 0.0374394 0.0477487 0.0576541 0.0659101 0.0715676 0.0742714 0.0742163 0.0718931 0.0678592 0.062631 0.0566505 0.0502728 0.0437645 0.0373174 0.0310737 0.0251521 0.019669 0.0147484 0.0105134 0.00706027 0.00442593
 0.00790559 0.0129095 0.0195528 0.0278071 0.0374062 0.0476896 0.0575742 0.0658222 0.0714876 0.0742126 0.0741861 0.0718929 0.0678868 0.0626818 0.056718 0.0503487 0.0438399 0.0373846 0.0311272 0.0251887 0.0196878 0.0147502 0.0105009 0.00703831 0.00440061
 0.00786847 0.0128541 0.0194783 0.0277153 0.0373002 0.0475719 0.0574467 0.0656881 0.0713543 0.0740934 0.0740984 0.0718527 0.067903 0.0627536 0.0568354 0.0504963 0.0440004 0.037542 0.0312688 0.0253058 0.0197761 0.0148093 0.0105343 0.00705183 0.0044014
 0.00789263 0.012882 0.0194997 0.0277145 0.0372613 0.0474864 0.0573191 0.0655347 0.0711971 0.0739515 0.073984 0.0717724 0.0678612 0.0627538 0.0568788 0.0505791 0.0441132 0.037671 0.0313988 0.0254238 0.0198728 0.0148807 0.0105809 0.00707776 0.00441268
 0.0078898 0.01288 0.0195007 0.0277204 0.0372706 0.0474917 0.0573065 0.0654884 0.0711072 0.0738219 0.0738332 0.071627 0.0677462 0.0626852 0.0568624 0.0506123 0.0441877 0.0377746 0.031517 0.0255418 0.0199781 0.0149651 0.0106415 0.00711643 0.00443418
 0.00786026 0.0128315 0.0194275 0.0276179 0.0371382 0.0473353 0.0571391 0.0653279 0.0709702 0.0737174 0.0737618 0.0715851 0.0677322 0.0627021 0.0569152 0.0507037 0.0443146 0.0379279 0.0316834 0.0257062 0.0201269 0.0150883 0.0107344 0.00717994 0.00447326
 0.00784922 0.0128112 0.0193926 0.0275619 0.037055 0.0472213 0.0569967 0.0651663 0.0708053 0.0735677 0.0736441 0.0715102 0.0677028 0.0627151 0.056965 0.0507853 0.0444241 0.0380604 0.0318308 0.0258574 0.0202693 0.0152111 0.0108309 0.00724879 0.00451757
 0.00784361 0.0127965 0.0193602 0.0275005 0.0369536 0.047074 0.0568067 0.0649474 0.0705786 0.0733577 0.0734733 0.071396 0.0676551 0.062735 0.0570458 0.0509147 0.0445878 0.0382447 0.0320232 0.026046 0.0204429 0.0153599 0.0109488 0.00733422 0.00457387
 0.00781986 0.0127613 0.019313 0.0274422 0.0368844 0.046992 0.0567072 0.0648253 0.0704327 0.0731946 0.0733083 0.0712502 0.0675497 0.0626858 0.0570595 0.0509887 0.0447117 0.0384037 0.0322008 0.0262266 0.0206125 0.0155077 0.0110676 0.0074219 0.00463279
 0.0077766 0.0126907 0.0192069 0.0272942 0.0366926 0.0467626 0.0564565 0.0645777 0.0702138 0.0730231 0.0731925 0.0711899 0.0675419 0.0627285 0.0571522 0.0511298 0.0448954 0.0386189 0.0324323 0.0264571 0.0208261 0.0156915 0.0112143 0.00752964 0.0047052
 0.00773907 0.0126276 0.019108 0.027149 0.0364932 0.0465078 0.0561564 0.0642547 0.0699 0.0727532 0.0729958 0.071084 0.0675303 0.0628032 0.0572983 0.051331 0.0451364 0.0388852 0.0327088 0.0267279 0.0210751 0.0159055 0.0113849 0.0076551 0.00478967
 0.00771523 0.0125887 0.0190492 0.0270651 0.036379 0.0463594 0.0559724 0.0640388 0.0696624 0.0725113 0.0727727 0.070905 0.0674179 0.0627711 0.057349 0.0514562 0.0453207 0.0391099 0.0329549 0.0269766 0.0213092 0.0161106 0.0115512 0.00777916 0.00487427
 0.00768499 0.0125389 0.0189731 0.0269565 0.0362338 0.0461779 0.0557613 0.0638111 0.0694344 0.0722992 0.0725902 0.0707635 0.0673279 0.0627424 0.0573886 0.0515653 0.0454927 0.0393306 0.0332049 0.0272348 0.0215552 0.0163276 0.0117281 0.00791182 0.00496517
 0.00765536 0.012492 0.0189049 0.0268637 0.0361145 0.0460322 0.0555923 0.0636257 0.0692434 0.0721157 0.0724277 0.0706342 0.067241 0.0627045 0.0574045 0.0516371 0.0456192 0.0395053 0.0334151 0.0274627 0.0217808 0.0165325 0.0118987 0.00804175 0.0050553
 0.0076549 0.0124887 0.0188952 0.0268427 0.0360771 0.0459744 0.0555131 0.0635273 0.0691304 0.0719937 0.0723031 0.0705142 0.0671344 0.0626209 0.0573534 0.0516266 0.0456542 0.0395863 0.0335367 0.0276133 0.0219444 0.0166914 0.0120379 0.00815183 0.00513389
 0.00762118 0.0124406 0.0188351 0.0267764 0.0360118 0.0459151 0.0554603 0.0634773 0.0690781 0.0719358 0.0722398 0.0704492 0.0670732 0.0625702 0.0573198 0.051617 0.0456747 0.0396405 0.0336241 0.0277279 0.022075 0.0168237 0.0121579 0.00824964 0.00520541
 0.00761115 0.0124226 0.0188052 0.0267311 0.0359497 0.0458396 0.0553806 0.063406 0.0690261 0.0719072 0.0722297 0.0704473 0.0670695 0.06256 0.057305 0.0516043 0.045673 0.039658 0.0336658 0.0277939 0.0221595 0.0169166 0.0122477 0.00832639 0.00526375
 0.00759554 0.0123994 0.0187741 0.0266928 0.0359052 0.0457893 0.0553244 0.0633449 0.0689637 0.0718503 0.0721866 0.0704237 0.067066 0.0625713 0.0573239 0.0516255 0.0456958 0.0396859 0.0337039 0.0278454 0.0222238 0.0169883 0.0123188 0.00838895 0.00531258
 0.00757534 0.0123665 0.0187248 0.0266242 0.0358165 0.0456834 0.055209 0.0632314 0.0688642 0.0717745 0.0721398 0.0704073 0.0670788 0.0626101 0.057383 0.0516979 0.0457743 0.0397657 0.0337832 0.0279245 0.0223028 0.0170653 0.0123897 0.00844907 0.00535879
 0.0075547 0.0123336 0.0186765 0.026558 0.0357311 0.0455795 0.0550904 0.0631056 0.0687421 0.0716685 0.0720612 0.0703641 0.0670742 0.0626423 0.0574465 0.0517847 0.0458756 0.039873 0.03389 0.0280266 0.0223973 0.0171503 0.0124628 0.00850829 0.00540306
 0.00754421 0.0123148 0.018645 0.0265089 0.0356601 0.0454852 0.0549757 0.0629785 0.0686138 0.0715507 0.0719648 0.0702977 0.0670435 0.0626497 0.0574909 0.0518609 0.0459755 0.0399871 0.0340089 0.0281421 0.0225036 0.0172432 0.0125399 0.00856846 0.00544667
 0.00753793 0.0123055 0.0186324 0.0264928 0.0356398 0.0454586 0.0549395 0.0629288 0.0685488 0.0714723 0.0718792 0.0702146 0.0669736 0.0626027 0.0574731 0.0518746 0.0460189 0.0400545 0.034092 0.028232 0.0225918 0.0173232 0.0126073 0.00862119 0.00548476
 0.00750597 0.0122587 0.0185715 0.026422 0.0355656 0.0453878 0.0548775 0.0628786 0.0685103 0.0714433 0.071856 0.0701943 0.0669562 0.0625915 0.0574736 0.0518926 0.0460578 0.0401141 0.0341682 0.0283178 0.0226789 0.0174039 0.0126759 0.00867474 0.00552307
 0.00750017 0.0122454 0.0185447 0.0263748 0.0354926 0.0452897 0.0547631 0.062764 0.0684136 0.0713775 0.0718252 0.0701936 0.0669759 0.0626222 0.05751 0.0519338 0.046106 0.0401722 0.0342369 0.0283944 0.0227581 0.0174789 0.012741 0.00872618 0.00556009
 0.0075145 0.0122681 0.0185773 0.026417 0.0355415 0.0453382 0.0548005 0.0627783 0.0683968 0.0713298 0.0717557 0.0701166 0.0669046 0.062564 0.0574664 0.0519033 0.0460873 0.0401653 0.0342428 0.028413 0.0227872 0.017514 0.0127764 0.00875733 0.00558423
 0.00751155 0.0122657 0.0185782 0.0264251 0.035561 0.0453712 0.0548456 0.0628293 0.0684435 0.0713607 0.0717619 0.070095 0.0668594 0.0625051 0.0574054 0.0518494 0.0460456 0.0401375 0.0342289 0.0284122 0.0227974 0.0175321 0.0127981 0.00877851 0.00560182
 0.00751155 0.0122657 0.0185782 0.0264251 0.035561 0.0453712 0.0548456 0.0628293 0.0684435 0.0713607 0.0717619 0.070095 0.0668594 0.0625051 0.0574054 0.0518494 0.0460456 0.0401375 0.0342289 0.0284122 0.0227974 0.0175321 0.0127981 0.00877851 0.00560182
 0.00710745 0.0116236 0.0176428 0.0251634 0.0339785 0.0435325 0.0528892 0.0609598 0.0668901 0.070318 0.07134 0.0703024 0.0676173 0.0636801 0.0588444 0.0534081 0.0476049 0.0416092 0.0355535 0.0295541 0.0237399 0.0182736 0.0133504 0.00916436 0.00585241
 0.00703235 0.0114602 0.0173208 0.0245929 0.0330731 0.0422467 0.0512537 0.0590944 0.0649867 0.0686004 0.0700189 0.0695354 0.0674819 0.064163 0.059851 0.0547896 0.0491928 0.0432464 0.0371134 0.0309478 0.0249149 0.0192088 0.0140505 0.00965424 0.00617031
 0.00709472 0.0115616 0.0174691 0.0247842 0.0332786 0.0423998 0.0512488 0.0588101 0.0643321 0.0675664 0.0687049 0.0681329 0.0662221 0.0632515 0.0594165 0.0548604 0.0497045 0.044072 0.0381024 0.0319606 0.0258446 0.0199891 0.0146542 0.0100852 0.00645343
 0.00711445 0.0116078 0.0175644 0.0249575 0.0335558 0.0427883 0.0517206 0.0592916 0.0647088 0.0677062 0.0684975 0.067536 0.0652926 0.0621435 0.0583394 0.054014 0.0492198 0.0439813 0.0383476 0.0324276 0.0264053 0.020536 0.0151175 0.0104351 0.00669142
 0.00707333 0.0115507 0.0174978 0.0248963 0.0335235 0.042814 0.0518331 0.0595092 0.0650251 0.0680771 0.0688381 0.0677363 0.0652537 0.0618213 0.0577746 0.053329 0.048578 0.0435286 0.0381623 0.0325039 0.0266713 0.0208919 0.015473 0.0107317 0.00690641
 0.00701035 0.0114501 0.0173504 0.0246973 0.0332762 0.0425349 0.0515557 0.0592818 0.0649004 0.0680947 0.0690059 0.0680191 0.0655752 0.0620846 0.0578972 0.0532794 0.0483945 0.0433046 0.0380046 0.0324853 0.0268042 0.0211339 0.0157559 0.0109933 0.00711023
 0.00690342 0.0112781 0.0170957 0.0243459 0.0328226 0.0419884 0.0509471 0.0586656 0.0643482 0.0676816 0.0687939 0.0680413 0.0658236 0.0625065 0.0584055 0.0537785 0.0488144 0.0436249 0.0382553 0.0327203 0.0270661 0.0214307 0.0160622 0.0112708 0.00732941
 0.00680146 0.0111089 0.016835 0.0239701 0.0323145 0.0413474 0.0501975 0.0578597 0.0635599 0.0669929 0.0682815 0.0677654 0.0658187 0.0627724 0.0589027 0.0544327 0.0495336 0.0443268 0.0388895 0.0332747 0.0275527 0.0218633 0.0164418 0.0115866 0.0075703
 0.00682683 0.0111432 0.0168727 0.023999 0.0323157 0.041296 0.0500666 0.0576266 0.0632144 0.0665469 0.0677732 0.0672563 0.0653819 0.0624761 0.0587925 0.0545187 0.0497876 0.0446923 0.0393025 0.0336837 0.0279291 0.0221964 0.0167282 0.0118223 0.00775135
 0.00686613 0.0112141 0.0169914 0.0241824 0.0325736 0.0416211 0.0504259 0.0579621 0.0634555 0.0666301 0.0676614 0.0669508 0.0649243 0.0619398 0.0582656 0.0540815 0.0494928 0.0445542 0.0393 0.0337757 0.028072 0.0223564 0.0168832 0.0119587 0.00786123
#pred catch len freq
 0.00352769 0.00568325 0.00849085 0.0119651 0.0161235 0.0209451 0.0263071 0.0319694 0.0376238 0.0429605 0.0477148 0.0516984 0.054821 0.0570919 0.0585929 0.0594445 0.0597796 0.0597137 0.0592797 0.0583242 0.0564321 0.0529976 0.0475135 0.0399622 0.0310377
 0.00377629 0.00600846 0.00883737 0.0122405 0.0162334 0.0208433 0.0260282 0.0316177 0.037319 0.042776 0.0476475 0.0516868 0.0547966 0.0570278 0.0585248 0.0594524 0.0599418 0.0600541 0.0597357 0.0587572 0.0566816 0.0529559 0.0471766 0.0394282 0.0304528
 0.00390769 0.00624609 0.00923284 0.0128393 0.017044 0.0218011 0.0269833 0.0323719 0.0377091 0.0427524 0.0472935 0.0511617 0.0542466 0.0565305 0.0580952 0.0590878 0.0596554 0.0598694 0.0596514 0.0587184 0.0565894 0.0527162 0.0467555 0.0388737 0.0298677
 0.00408308 0.0065171 0.00961873 0.0133597 0.0177274 0.0226874 0.0281075 0.0337241 0.0391909 0.0441664 0.0483935 0.0517492 0.0542553 0.056041 0.0572769 0.0581156 0.0586582 0.0589202 0.058777 0.0579071 0.0558006 0.0519049 0.0459067 0.0380231 0.0290885
 0.00427454 0.00682339 0.0100704 0.0139822 0.0185377 0.0236904 0.0292937 0.0350708 0.0406632 0.0457088 0.0499084 0.0530815 0.0552114 0.0564509 0.0570651 0.0573336 0.0574553 0.057477 0.0572442 0.056378 0.0543173 0.0504851 0.0445743 0.0368234 0.0280793
 0.00446991 0.00713773 0.0105385 0.0146373 0.0194089 0.0247967 0.0306336 0.0366139 0.0423473 0.047447 0.0515989 0.0546133 0.056463 0.0572902 0.0573652 0.0570107 0.0565069 0.0559947 0.0553861 0.05432 0.052214 0.0484585 0.0427221 0.0352271 0.0267984
 0.0047483 0.00757075 0.0111554 0.0154566 0.0204415 0.0260485 0.032102 0.0382789 0.0441623 0.0493341 0.0534527 0.0563111 0.0578784 0.058303 0.0578672 0.0569116 0.0557523 0.0545906 0.053417 0.0519435 0.0496331 0.0458856 0.0403486 0.0332008 0.0252059
 0.00504494 0.00803845 0.0118327 0.0163712 0.0216079 0.0274642 0.0337414 0.0400899 0.0460711 0.0512547 0.0552948 0.0579823 0.059283 0.0593422 0.0584422 0.0569303 0.0551411 0.0533139 0.051502 0.0494996 0.0468517 0.0430134 0.037641 0.0308692 0.0233767
 0.00530162 0.00845183 0.0124486 0.0172323 0.0227493 0.0289042 0.0354684 0.0420521 0.0481763 0.0533814 0.0573105 0.0597626 0.0607243 0.0603646 0.0589822 0.0569301 0.0545452 0.05208 0.049628 0.047055 0.0439981 0.039995 0.03474 0.0283387 0.0213794
 0.00558174 0.00889253 0.0130863 0.018096 0.0238618 0.0302813 0.0371118 0.0439374 0.0502425 0.055528 0.0594047 0.0616564 0.0622778 0.0614659 0.0595548 0.0569272 0.0539363 0.050846 0.0477729 0.0446352 0.0411517 0.036949 0.031776 0.0257257 0.019301
 0.00588994 0.00938144 0.0138001 0.0190693 0.0251162 0.0318189 0.0389067 0.0459305 0.0523459 0.0576359 0.0614042 0.0634334 0.0637221 0.0624773 0.0600518 0.0568523 0.0532559 0.0495485 0.0458735 0.0421945 0.0383012 0.0339015 0.028802 0.0230914 0.0171954
