SBPRF35
8.7869
Curr Bio
603414
B35
607055
F35
0.201822
FOFL
0.201822
OFL
96701.7
Bzero
2.51054e+006
#pred survey bio
 3.98764e+006 3.71958e+006 3.53936e+006 3.21756e+006 3.00956e+006 2.86978e+006 2.63449e+006 2.27532e+006 2.05189e+006 1.87806e+006 1.59144e+006 1.3043e+006 1.10159e+006 970903 889404 797120 701802 609271 560022 552907 553034 551710 548724 543376 556021 575751 558781 497802 459993 461046 476328 512058 552461 596489 635059 633022 585798 522407 530119 499116 528058 570790 601768 623576 590124 541713 541248 563409 602237 624552 625446 611588 1.41803e+007 1.32313e+007 1.37333e+007 1.4534e+007 1.5465e+007 1.63796e+007 1.71914e+007 1.78654e+007 1.84004e+007 1.88121e+007 1.91224e+007 1.93532e+007 1.95236e+007 1.96489e+007 1.97411e+007 1.98089e+007 1.98591e+007 1.98964e+007 1.99242e+007 1.99451e+007 1.99609e+007 1.99728e+007 1.9982e+007 1.99889e+007 1.99943e+007 1.99984e+007 2.00016e+007 2.00041e+007 2.0006e+007 2.00075e+007 2.00087e+007 2.00096e+007 2.00103e+007 2.00108e+007 2.00113e+007 2.00116e+007 2.00119e+007 2.00121e+007 2.00122e+007 2.00124e+007 2.00125e+007 2.00125e+007 2.00126e+007 2.00127e+007 2.00127e+007 2.00127e+007 2.00127e+007 2.00128e+007 2.00128e+007 2.00128e+007 2.00128e+007 2.00128e+007 2.00128e+007 2.00128e+007 2.00128e+007 2.00128e+007 2.00128e+007 2.00128e+007 2.00128e+007 2.00128e+007 2.00128e+007 2.00128e+007 2.00128e+007 2.00128e+007 2.00128e+007 2.00128e+007 2.00128e+007 2.00128e+007 2.00128e+007 2.00128e+007 2.00128e+007 2.00128e+007 2.00128e+007 2.00128e+007 2.00128e+007 2.00128e+007 2.00128e+007 2.00128e+007 2.00128e+007 2.00128e+007 2.00128e+007 2.00128e+007 2.00128e+007 2.00128e+007 2.00128e+007 2.00128e+007 2.00128e+007 2.00128e+007 2.00128e+007 2.00128e+007 2.00128e+007 2.00128e+007 2.00128e+007 2.00128e+007 2.00128e+007 2.00128e+007 2.00128e+007 2.00128e+007 2.00128e+007 2.00128e+007 0 0 0 0 0 0 0 0 0 0 0 0 0 0 0 0 0 0 0 0 0 0 0 0 0
#obs survey bio
 4.14383e+006 2.93757e+006 3.37634e+006 3.80377e+006 3.06942e+006 4.27541e+006 2.91077e+006 1.58548e+006 2.34192e+006 2.12314e+006 1.42593e+006 1.26234e+006 1.00967e+006 968094 715276 1.0585e+006 739722 802681 437885 660344 749054 550449 463533 647667 469578 608142 619869 396604 380211 463248 468318 475930 608928 482749 723611 565573 754804 388917 549626 426819 373196 716778 737719 551744 456817 534584 462973 543755 727446 667056 632901 586562
#pred catch bio
 105982 98274.6 161713 205451 227088 256726 289035 297516 300185 318563 297404 280053 275138 242722 234267 212923 182217 162895 150290 144061 135989 129935 123289 111222 112907 104247 94944.4 104580 97963.9 95931 89545.4 89535 99400.4 101811 90199.4 96342.3 87757.9 86451.6 91261.6 75685.6 84303.5 89453.8 94522.9 88073.2 100925 83837.1 90404.9 89057.8 89479.6 93904.4 108612 89698.1 96701.7 98347.2 100947 105935 112242 118479 123930 128340 131724 134221 136010 137263 138126 138712 139106 139369 139543 139657 139732 139780 139812 139833 139846 139855 139861 139864 139866 139868 139869 139870 139870 139870 139870 139870 139871 139871 139871 139871 139871 139871 139871 139871 139871 139871 139871 139871 139871 139871 139871 139871 139871 139871 139871 139871 139871 139871 139871 139871 139871 139871 139871 139871 139871 139871 139871 139871 139871 139871 139871 139871 139871 139871 139871 139871 139871 139871 139871 139871 139871 139871 139871 139871 139871 139871 139871 139871 139871 139871 139871 139871 139871 139871 139871 139871 139871 139871 139871 139871 139871 139871 0 0 0 0 0 0 0 0 0 0 0 0 0 0 0 0 0 0 0 0 0 0 0 0 0
#obs catch bio
 0 97861 161929 205734 227270 256682 288684 297876 300895 318356 296778 279630 276606 243804 234509 213143 181244 162560 151913 144652 135854 129957 123129 111092 113628 104108 94476.5 104689 98253 96049.6 89705.5 89327.5 99689.1 102207 89908.6 96376.7 87515.2 86834.1 91153.9 75634.1 84499.9 89398 94756.1 87743.3 101091 83700.7 90591 89203.9 89393.4 93736.6 108906 89561.4
#pred cpue bio
 3.94306e+006 3.67817e+006 3.4986e+006 3.17855e+006 2.97085e+006 2.83029e+006 2.59568e+006 2.239e+006 2.01589e+006 1.84217e+006 1.55841e+006 1.2747e+006 1.07407e+006 944203 863043 771739 678094 587758 539422 532143 532207 530916 527930 522573 534649 553671 537688 479263 442556 443481 458310 492942 532046 574573 612115 610582 563776 500945 507229 477606 505582 546627 576576 597744 566080 519361 518891 540051 577364 598995 599877 586072 1.35898e+007 1.26807e+007 1.30903e+007 1.38214e+007 1.4736e+007 1.56479e+007 1.64592e+007 1.71332e+007 1.76682e+007 1.80799e+007 1.83902e+007 1.8621e+007 1.87914e+007 1.89167e+007 1.90089e+007 1.90767e+007 1.91269e+007 1.91642e+007 1.9192e+007 1.92129e+007 1.92287e+007 1.92406e+007 1.92497e+007 1.92567e+007 1.92621e+007 1.92662e+007 1.92694e+007 1.92719e+007 1.92738e+007 1.92753e+007 1.92764e+007 1.92773e+007 1.92781e+007 1.92786e+007 1.9279e+007 1.92794e+007 1.92797e+007 1.92799e+007 1.928e+007 1.92802e+007 1.92803e+007 1.92803e+007 1.92804e+007 1.92804e+007 1.92805e+007 1.92805e+007 1.92805e+007 1.92806e+007 1.92806e+007 1.92806e+007 1.92806e+007 1.92806e+007 1.92806e+007 1.92806e+007 1.92806e+007 1.92806e+007 1.92806e+007 1.92806e+007 1.92806e+007 1.92806e+007 1.92806e+007 1.92806e+007 1.92806e+007 1.92806e+007 1.92806e+007 1.92806e+007 1.92806e+007 1.92806e+007 1.92806e+007 1.92806e+007 1.92806e+007 1.92806e+007 1.92806e+007 1.92806e+007 1.92806e+007 1.92806e+007 1.92806e+007 1.92806e+007 1.92806e+007 1.92806e+007 1.92806e+007 1.92806e+007 1.92806e+007 1.92806e+007 1.92806e+007 1.92806e+007 1.92806e+007 1.92806e+007 1.92806e+007 1.92806e+007 1.92806e+007 1.92806e+007 1.92806e+007 1.92806e+007 1.92806e+007 1.92806e+007 1.92806e+007 1.92806e+007 1.92806e+007 1.92806e+007 0 0 0 0 0 0 0 0 0 0 0 0 0 0 0 0 0 0 0 0 0 0 0 0 0
#obs cpue bio
 2.67684e+006 4.20638e+006 4.81464e+006 2.17841e+006 2.44743e+006 2.23649e+006 3.02664e+006 2.37727e+006 1.4349e+006 2.32078e+006 1.86672e+006 1.29313e+006 839467 839286 1.28844e+006 576591 877549 408774 342358 550916 487877 503571 698132 412748 404477 789942 609676 508277 420174 486396 402790 693625 357285 632658 767778 641181 536986 375136 864774 408333 650469 529781 381295 937766 683138 497286 542567 509666 573140 593980 540950 625893
#pred surv len freq
 0.00426486 0.00702962 0.0107756 0.0155453 0.0212505 0.0275785 0.0339775 0.0398102 0.0446011 0.0481887 0.0506864 0.052331 0.0533537 0.0539288 0.054177 0.0541882 0.0540463 0.0538285 0.0535471 0.0530334 0.0518378 0.0492822 0.0447475 0.0380899 0.0299002
 0.00456187 0.00742404 0.0112085 0.0159142 0.0214468 0.0275405 0.033727 0.0394428 0.044234 0.0479011 0.0504919 0.0521962 0.0532447 0.0538508 0.0541809 0.0543436 0.0543949 0.0543422 0.0541142 0.0534858 0.052015 0.049102 0.044245 0.0373999 0.029192
 0.00462729 0.00758972 0.0115602 0.016549 0.0224257 0.0288278 0.0351573 0.0407558 0.0451749 0.0483288 0.0504248 0.0517704 0.0526272 0.0531727 0.0535245 0.0537633 0.053932 0.0540131 0.0538843 0.0532618 0.051676 0.0485605 0.043499 0.0365394 0.0283543
 0.00480348 0.00785275 0.0119178 0.0170071 0.0230035 0.0295704 0.0361258 0.0419849 0.0466156 0.0498173 0.0517159 0.0526295 0.0529269 0.0529324 0.0528765 0.0528813 0.0529695 0.0530717 0.0530031 0.0524208 0.0508171 0.0476299 0.0424918 0.0355168 0.0274181
 0.00499004 0.00816694 0.0124087 0.0177216 0.023971 0.0307841 0.0375325 0.0434982 0.0481451 0.0512913 0.0530717 0.0537818 0.0537514 0.0532951 0.0526951 0.0521713 0.0518408 0.0516794 0.0514881 0.050873 0.049275 0.0461098 0.0410249 0.0341668 0.0262663
 0.00514321 0.00842354 0.01281 0.0183134 0.0247974 0.0318741 0.038884 0.0450653 0.0498393 0.0529964 0.0546674 0.0551624 0.0548289 0.053989 0.0529266 0.0518791 0.0510128 0.0503739 0.0498233 0.0489912 0.0473084 0.0441688 0.0392066 0.0325625 0.0249525
 0.00534325 0.00874452 0.0132858 0.0189746 0.0256679 0.0329658 0.040189 0.0465508 0.0514479 0.0546513 0.0562776 0.0566283 0.0560492 0.0548686 0.053381 0.0518387 0.0504315 0.049247 0.0482044 0.0469947 0.0450932 0.0419123 0.0370795 0.0307077 0.0234654
 0.00563712 0.00921522 0.0139806 0.0199313 0.0269067 0.0344776 0.041924 0.0484192 0.0533362 0.0564479 0.0578923 0.0579954 0.0571176 0.0555891 0.0536991 0.0516951 0.0497714 0.0480375 0.0464575 0.0447876 0.0425749 0.039288 0.0345743 0.0285199 0.0217243
 0.0057982 0.00951265 0.0144932 0.0207525 0.0281204 0.0361214 0.0439566 0.0507138 0.0557085 0.0587034 0.0598684 0.0595819 0.0582564 0.0562587 0.0538935 0.0514052 0.0489768 0.0467145 0.0446038 0.0424537 0.0398887 0.0364537 0.0318392 0.026116 0.019809
 0.00591978 0.00971814 0.0148198 0.0212474 0.0288401 0.037125 0.0452905 0.0523901 0.0576825 0.0608624 0.0620411 0.0615714 0.0598837 0.0573971 0.0544782 0.0514182 0.0484223 0.0456018 0.0429512 0.0403131 0.0373747 0.0337558 0.0291987 0.0237701 0.0179269
 0.00616294 0.0101069 0.0153927 0.0220359 0.0298642 0.0383858 0.0467646 0.05403 0.0594261 0.0626435 0.0637897 0.0632041 0.0612957 0.0584688 0.0550967 0.0514998 0.0479234 0.0445163 0.0413056 0.0381731 0.0348617 0.0310576 0.0265525 0.0214125 0.0160302
 0.0063946 0.0104969 0.0160032 0.0229304 0.0310901 0.0399501 0.0486122 0.0560425 0.0614492 0.0645283 0.0654272 0.0645345 0.062294 0.0591193 0.0553719 0.0513543 0.0473049 0.0433852 0.0396564 0.0360524 0.0323828 0.028403 0.0239528 0.019097 0.0141666
 0.006569 0.0108047 0.0165119 0.0237187 0.0322314 0.0414847 0.0505186 0.0582245 0.0637464 0.0667475 0.0673803 0.0660734 0.0633323 0.0596343 0.0553859 0.0509038 0.0464149 0.0420628 0.0379071 0.03391 0.029939 0.0258186 0.0214387 0.0168663 0.0123751
 0.00679776 0.011182 0.0170907 0.0245541 0.0333729 0.0429614 0.052321 0.060291 0.0659628 0.0689582 0.0694088 0.0677474 0.0645115 0.0602338 0.0553846 0.0503349 0.0453404 0.0405487 0.0360125 0.0316994 0.0275067 0.0233078 0.0190332 0.0147517 0.0106867
 0.00697689 0.01147 0.0175187 0.0251509 0.0341619 0.0439557 0.0535165 0.0616621 0.0674626 0.0705216 0.0709537 0.0691745 0.0657081 0.061086 0.0557977 0.0502525 0.0447528 0.0394877 0.0345395 0.0298978 0.0254855 0.0212067 0.0170158 0.0129767 0.00926812
 0.00710753 0.0117021 0.0179035 0.0257457 0.035014 0.0450789 0.0548721 0.0631585 0.0689793 0.0719437 0.0721972 0.0701906 0.0664695 0.0615689 0.0559708 0.0500785 0.0442013 0.03855 0.0332404 0.0283 0.0236894 0.0193451 0.0152382 0.0114223 0.00803258
 0.00727223 0.0119587 0.0182705 0.0262368 0.0356413 0.0458537 0.0558004 0.0642296 0.0701534 0.0731475 0.0733331 0.0711594 0.0671941 0.062007 0.0561098 0.0499195 0.0437451 0.0377971 0.0322015 0.0270119 0.0222257 0.0178148 0.01377 0.0101362 0.00701067
 0.00743514 0.0122134 0.0186343 0.0267175 0.0362348 0.0465423 0.0565523 0.0650045 0.0709131 0.0738653 0.0739941 0.0717487 0.0676856 0.0623612 0.0562834 0.0498777 0.0434677 0.0372777 0.031448 0.0260513 0.0211123 0.0166327 0.0126225 0.00912298 0.00620148
 0.00745367 0.0122706 0.0187694 0.0269815 0.0366741 0.0471759 0.057353 0.0658981 0.0718002 0.0746534 0.0746231 0.0721985 0.0679662 0.0624935 0.0562816 0.0497413 0.0431847 0.0368339 0.0308377 0.0252873 0.0202319 0.0156985 0.0117143 0.00831934 0.00555841
 0.00743684 0.0122374 0.0187114 0.0268939 0.0365655 0.0470783 0.0573239 0.0660061 0.0720957 0.0751399 0.0752479 0.0728715 0.0685935 0.0630067 0.056647 0.0499502 0.0432381 0.036732 0.0305805 0.0248827 0.0197052 0.0150968 0.0111007 0.0077586 0.00509965
 0.00753784 0.0123698 0.0188516 0.027 0.0365891 0.0469838 0.0571077 0.0657057 0.0717844 0.0749084 0.075177 0.0730039 0.0689175 0.0634605 0.0571423 0.0504016 0.0435828 0.0369344 0.0306271 0.0247771 0.0194675 0.0147644 0.0107244 0.00739276 0.00478814
 0.00765551 0.0125447 0.0190824 0.0272701 0.0368649 0.0472168 0.0572408 0.0656873 0.0715893 0.074558 0.0747441 0.0725945 0.0686347 0.0633674 0.0572422 0.0506433 0.0438844 0.0372128 0.0308195 0.0248506 0.0194189 0.0146154 0.010514 0.00716558 0.00458283
 0.00781899 0.0127865 0.0194015 0.027648 0.0372692 0.0476066 0.0575715 0.0659134 0.07167 0.0744664 0.0744801 0.0721939 0.0681676 0.0629223 0.0568993 0.050448 0.0438339 0.0372627 0.0309051 0.024912 0.0194191 0.0145465 0.0103923 0.00702067 0.00444441
 0.00798136 0.0130348 0.0197448 0.0280813 0.0377714 0.04814 0.0580826 0.0663394 0.0719509 0.0745612 0.0743765 0.0719093 0.0677438 0.0624183 0.0563835 0.0499864 0.0434743 0.0370216 0.0307653 0.0248335 0.0193589 0.014475 0.010301 0.00691818 0.00434653
 0.00794721 0.0129922 0.0197044 0.0280608 0.0377899 0.0482099 0.0582032 0.0664948 0.0721155 0.0747067 0.0744789 0.0719527 0.0677222 0.0623364 0.0562573 0.0498419 0.0433423 0.0369282 0.0307214 0.0248311 0.0193761 0.0144881 0.0102955 0.00689291 0.00430999
 0.00791082 0.0129307 0.0196087 0.0279238 0.0376121 0.0480053 0.0580017 0.0663375 0.07204 0.0747316 0.0745956 0.0721295 0.0679173 0.0625127 0.0563916 0.0499285 0.0433906 0.0369561 0.0307471 0.0248644 0.0194156 0.0145247 0.0103196 0.00690051 0.00430399
 0.00789583 0.0128889 0.0195139 0.0277425 0.0373131 0.0475762 0.0574631 0.0657465 0.0714798 0.0742903 0.0743428 0.0720986 0.0680983 0.0628579 0.0568327 0.0503967 0.0438337 0.0373452 0.0310735 0.0251313 0.019629 0.0146889 0.0104376 0.00697695 0.00434698
 0.00787833 0.0128611 0.019472 0.0276801 0.0372188 0.0474318 0.057246 0.0654392 0.0710835 0.0738362 0.073893 0.0717319 0.0678854 0.0628377 0.057001 0.0507112 0.0442314 0.0377632 0.0314642 0.0254675 0.0199006 0.0148962 0.0105865 0.00707608 0.00440693
 0.00784325 0.0128465 0.019527 0.0278721 0.0376103 0.0480453 0.0580364 0.0662909 0.0718404 0.0743502 0.0740686 0.0715515 0.0674092 0.0621802 0.056293 0.0500622 0.0437059 0.0373776 0.0312012 0.0252959 0.0197904 0.0148255 0.010541 0.00704697 0.00438849
 0.00781661 0.01279 0.0194211 0.0277001 0.0373743 0.047784 0.0578301 0.0662403 0.0720204 0.0747633 0.0746298 0.0721176 0.0678384 0.0623869 0.0562715 0.0498731 0.0434394 0.0371153 0.0309925 0.0251553 0.0197087 0.014784 0.0105224 0.00703943 0.00438537
 0.00788988 0.0128843 0.0195162 0.0277601 0.0373553 0.0476497 0.0575694 0.0658807 0.0716308 0.0744403 0.0744669 0.0721658 0.0680789 0.0627366 0.0566203 0.0501333 0.0435764 0.037147 0.0309648 0.0251131 0.0196786 0.0147731 0.0105256 0.00704851 0.00439446
 0.00795735 0.0129726 0.0196088 0.0278258 0.0373536 0.0475412 0.0573274 0.0655007 0.0711375 0.073891 0.0739474 0.071774 0.067896 0.0627964 0.0568939 0.0505396 0.0440161 0.0375405 0.0312733 0.0253361 0.0198356 0.0148855 0.0106077 0.00710762 0.00443456
 0.00790808 0.012905 0.0195291 0.0277445 0.0372788 0.0474694 0.0572384 0.0653624 0.0709201 0.073585 0.0735748 0.0713893 0.0675734 0.0626089 0.0568891 0.0507219 0.0443442 0.0379434 0.0316774 0.0256885 0.0201132 0.015089 0.0107495 0.00720226 0.00449467
 0.00780797 0.0127589 0.0193408 0.0275299 0.0370629 0.0472805 0.0571003 0.0652872 0.0709018 0.0735978 0.0735809 0.0713553 0.0674894 0.0624974 0.0567982 0.0507039 0.0444313 0.0381336 0.0319369 0.0259688 0.0203708 0.0152979 0.0109027 0.00730557 0.00455932
 0.00788592 0.0128423 0.0193876 0.0274786 0.036854 0.0468882 0.0565563 0.0646788 0.0703416 0.0731815 0.0733557 0.0713132 0.0675831 0.0626683 0.0570021 0.0509235 0.0446719 0.0384063 0.0322421 0.0262889 0.0206769 0.015562 0.0111084 0.00745066 0.00465235
 0.00861656 0.013866 0.020623 0.028742 0.0379054 0.0475087 0.0566179 0.0641748 0.0693766 0.0719367 0.0720432 0.0701261 0.0666529 0.0620433 0.0566573 0.0507932 0.0446859 0.0385117 0.0324051 0.0264859 0.020885 0.0157582 0.0112736 0.00757499 0.00473616
 0.00927795 0.0149454 0.0222428 0.0309856 0.0407602 0.0507987 0.0599684 0.0670638 0.0712857 0.0725347 0.0712991 0.0682926 0.0641447 0.0592901 0.0539961 0.0484276 0.0426991 0.036907 0.0311481 0.0255311 0.0201865 0.0152704 0.010951 0.00737422 0.00461907
 0.0092541 0.0150019 0.0225053 0.0316326 0.04198 0.0527153 0.0625641 0.0701359 0.0744596 0.0753348 0.0732625 0.0690957 0.0636981 0.0577569 0.0517226 0.0458208 0.0401124 0.0345779 0.0291935 0.0239783 0.0190106 0.0144218 0.0103704 0.00700035 0.00439435
 0.00877371 0.0143157 0.0216542 0.0307311 0.0412061 0.0522813 0.0626782 0.0709556 0.0760359 0.0775596 0.075851 0.0716319 0.065742 0.0589744 0.051982 0.0452135 0.0388944 0.0330658 0.0276672 0.0226262 0.0179228 0.0136127 0.00980976 0.0066381 0.00417681
 0.00895037 0.0144931 0.0217241 0.0305416 0.0406229 0.0512762 0.0613937 0.0696952 0.0751705 0.0773941 0.0765155 0.073038 0.0676117 0.0609218 0.0536235 0.0462751 0.0392778 0.0328503 0.02705 0.0218359 0.0171471 0.0129646 0.00932959 0.00631669 0.00398073
 0.00884359 0.0143601 0.0215924 0.0304436 0.0405657 0.0512078 0.0611985 0.0692431 0.0744086 0.0764251 0.0755981 0.072491 0.0676692 0.0616228 0.0547946 0.0476082 0.040455 0.0336547 0.0274173 0.0218366 0.0169229 0.0126592 0.00904435 0.00609946 0.00383824
 0.00875892 0.0142249 0.0213961 0.030185 0.0402594 0.0508885 0.0609137 0.0690301 0.0742656 0.0763025 0.0754306 0.0722596 0.0674439 0.061543 0.0549891 0.0481082 0.0411639 0.0343932 0.0280112 0.0221892 0.0170362 0.0126044 0.00891213 0.00596075 0.0037298
 0.00869063 0.0141159 0.0212358 0.0299652 0.0399768 0.0505486 0.0605359 0.0686501 0.0739302 0.0760542 0.07529 0.0722163 0.0674692 0.0616192 0.0551315 0.0483568 0.0415442 0.0348791 0.0285221 0.0226273 0.0173344 0.0127515 0.00894364 0.00592993 0.00368129
 0.00863202 0.0140251 0.0211075 0.0297972 0.0397701 0.0503074 0.060268 0.0683686 0.0736537 0.0758062 0.0750955 0.0720965 0.0674349 0.0616683 0.0552547 0.0485471 0.0418008 0.0351977 0.0288805 0.0229813 0.017633 0.0129602 0.00905841 0.00597247 0.00368287
 0.00863203 0.0140062 0.0210449 0.029658 0.0395242 0.0499432 0.0598047 0.0678559 0.0731575 0.0753886 0.0747996 0.0719419 0.0674219 0.0617838 0.0554777 0.0488526 0.0421643 0.0355964 0.0292907 0.0233753 0.0179797 0.0132334 0.00924688 0.00608361 0.00373703
 0.00873764 0.0141907 0.0213431 0.0301025 0.0401276 0.0506762 0.0605831 0.0685516 0.0736369 0.0755601 0.0746434 0.0715085 0.0668052 0.0610885 0.0547945 0.0482469 0.0416738 0.0352349 0.0290529 0.0232412 0.0179203 0.013217 0.00924701 0.00608402 0.00373239
 0.00871575 0.0141493 0.0212724 0.0299955 0.0399886 0.0505297 0.0604747 0.0685335 0.0737412 0.0757746 0.0749097 0.071746 0.0669478 0.0611104 0.0547137 0.0481088 0.041529 0.0351222 0.0289922 0.0232335 0.0179527 0.0132699 0.00930135 0.00612726 0.00376016
 0.00872829 0.0141742 0.0213171 0.0300674 0.0400907 0.0506559 0.0606086 0.068655 0.0738376 0.0758481 0.0749727 0.0718065 0.0669964 0.0611219 0.0546624 0.0479869 0.0413535 0.0349275 0.0288145 0.0230979 0.017867 0.0132277 0.00928827 0.00612857 0.0037654
 0.00870258 0.0141283 0.0212416 0.0299529 0.0399335 0.0504633 0.0604024 0.0684679 0.0737026 0.0757877 0.0749939 0.0719025 0.0671518 0.0613142 0.0548632 0.0481659 0.0414877 0.0350095 0.0288538 0.0231135 0.0178772 0.0132422 0.00930829 0.00614992 0.00378352
 0.00872105 0.0141443 0.0212394 0.0299097 0.0398246 0.0502729 0.0601329 0.0681439 0.073367 0.0754915 0.0747837 0.0718094 0.0671846 0.0614595 0.0550903 0.048435 0.0417593 0.0352521 0.02905 0.0232606 0.017983 0.0133183 0.00936401 0.00619069 0.00381208
 0.00876067 0.0142091 0.0213366 0.0300426 0.0399885 0.0504493 0.0602883 0.0682353 0.0733573 0.0753661 0.07456 0.0715325 0.0669113 0.0612399 0.0549536 0.0483855 0.0417802 0.0353156 0.029128 0.0233328 0.0180399 0.013359 0.00939208 0.00621016 0.00382559
 0.00884269 0.0143548 0.0215775 0.0304129 0.0405126 0.0511248 0.0610705 0.0690361 0.0740615 0.0758616 0.0747677 0.0714266 0.0665237 0.0606486 0.0542599 0.0476863 0.0411469 0.0347857 0.028709 0.0230139 0.0178035 0.0131885 0.00927374 0.00613257 0.00377842
#obs surv len freq
 nan nan nan nan nan nan nan nan nan nan nan nan nan nan nan nan nan nan nan nan nan nan nan nan nan
 0.00448434 0.00734548 0.0111752 0.0159912 0.0216915 0.0279666 0.0342804 0.0400114 0.044691 0.048155 0.0505134 0.0520097 0.0529024 0.0534153 0.0537299 0.0539851 0.0542639 0.0545568 0.0546956 0.0542875 0.0527256 0.0493576 0.0438073 0.0362871 0.0276705
 0.0046125 0.00755625 0.0114965 0.0164496 0.0223053 0.0287362 0.035178 0.0409788 0.0456475 0.0490138 0.0511979 0.0524651 0.053101 0.0533562 0.053435 0.0534912 0.0536141 0.0537935 0.0538576 0.0534115 0.0518499 0.0485253 0.0430625 0.0356676 0.027197
 0.00477778 0.00782563 0.0119033 0.0170255 0.0230745 0.0297058 0.0363272 0.0422536 0.0469649 0.0502746 0.0523007 0.0533199 0.0536387 0.0535364 0.0532495 0.0529619 0.0527861 0.0527261 0.0526168 0.0520673 0.0504772 0.0472041 0.0418723 0.0346739 0.0264362
 0.00496906 0.00813944 0.0123808 0.0177067 0.0239904 0.0308659 0.0377068 0.0437896 0.0485642 0.0518304 0.0537077 0.0544822 0.0544736 0.0539785 0.0532568 0.0525212 0.0519161 0.0514761 0.0510624 0.0503058 0.0486241 0.0453866 0.0402163 0.0332823 0.0253668
 0.00517751 0.0084799 0.0128964 0.018439 0.0249726 0.0321104 0.0391931 0.0454577 0.0503219 0.0535687 0.0553166 0.0558602 0.0555321 0.054643 0.0534684 0.0522407 0.0511304 0.050205 0.0493658 0.048286 0.0464234 0.0431753 0.038169 0.0315443 0.0240228
 0.00540872 0.00885869 0.0134719 0.0192587 0.0260732 0.0335036 0.0408506 0.0473069 0.0522564 0.0554689 0.0570683 0.0573639 0.0567036 0.0554119 0.0537755 0.0520388 0.0503883 0.0489183 0.0475702 0.0460718 0.0439411 0.0406249 0.0357682 0.0294821 0.0224153
 0.00564182 0.00924209 0.0140572 0.0200973 0.0272063 0.0349469 0.0425784 0.0492457 0.054295 0.0574795 0.058927 0.0589632 0.0579565 0.0562499 0.0541444 0.0518941 0.0496951 0.047659 0.0457614 0.0437859 0.0413215 0.0378819 0.0331457 0.0272021 0.020622
 0.00588326 0.00963726 0.0146571 0.0209516 0.0283544 0.0364039 0.0443193 0.0511996 0.0563537 0.0595169 0.0608189 0.0605992 0.0592457 0.0571211 0.0545434 0.051779 0.0490335 0.0464311 0.0439748 0.041499 0.0386656 0.0350641 0.0304189 0.0248068 0.0187219
 0.00612859 0.0100389 0.0152667 0.0218189 0.0295182 0.0378762 0.0460707 0.0531535 0.0583977 0.0615247 0.0626699 0.0621902 0.0604929 0.0579591 0.0549218 0.0516588 0.048384 0.0452328 0.0422315 0.0392605 0.0360512 0.0322699 0.0276938 0.0223945 0.0167951
 0.0063708 0.0104357 0.0158695 0.0226776 0.030671 0.0393349 0.0478044 0.0550837 0.0604091 0.0634877 0.0644623 0.0637099 0.0616617 0.0587204 0.0552358 0.0514963 0.0477222 0.0440565 0.0405444 0.0371063 0.0335374 0.0295781 0.0250587 0.0200513 0.0149145
 0.00659862 0.010811 0.0164434 0.0235005 0.0317828 0.0407484 0.0494894 0.0569614 0.0623633 0.0653879 0.0661854 0.0651534 0.062749 0.0593994 0.0554749 0.0512773 0.0470342 0.0428947 0.0389181 0.0350577 0.0311641 0.0270444 0.0225793 0.0178433 0.0131382
 0.00684711 0.0112136 0.0170468 0.0243473 0.0329033 0.0421484 0.0511362 0.0587785 0.0642399 0.0671982 0.0678094 0.0664908 0.0637248 0.0599655 0.0556063 0.0509661 0.0462822 0.0417102 0.0373209 0.0330935 0.0289245 0.0246773 0.0202761 0.0157982 0.0114945
 0.00707714 0.011597 0.0176406 0.0252084 0.0340746 0.0436375 0.052896 0.0607044 0.0661886 0.0690206 0.0693782 0.0677136 0.0645444 0.0603536 0.0555566 0.0504873 0.045392 0.0404321 0.0356873 0.0311571 0.0267739 0.0224466 0.0181337 0.0139121 0.00998669
 0.00729682 0.0119537 0.0181772 0.0259653 0.0350838 0.0449106 0.054411 0.0623965 0.0679541 0.0707314 0.0709025 0.0689358 0.0653801 0.0607565 0.055516 0.0500187 0.0445256 0.0392056 0.0341455 0.0293602 0.0248096 0.0204362 0.0162233 0.0122436 0.00866043
 0.00745546 0.0122198 0.0185924 0.026573 0.0359187 0.0459844 0.0556983 0.063832 0.0694444 0.0721742 0.0722021 0.0700094 0.0661591 0.0611881 0.0555683 0.0496832 0.0438168 0.0381563 0.0328039 0.027791 0.0230995 0.0186967 0.0145814 0.0108184 0.00753325
 0.00753222 0.0123457 0.0187851 0.0268521 0.0363055 0.046499 0.0563541 0.0646286 0.0703614 0.0731692 0.0732129 0.0709619 0.0669767 0.0618013 0.0559202 0.049734 0.0435467 0.0375683 0.0319254 0.026675 0.0218248 0.017365 0.0133057 0.00970221 0.00664674
 0.00760504 0.0124559 0.0189361 0.027043 0.0365332 0.0467622 0.0566557 0.0649765 0.0707662 0.0736397 0.0737495 0.0715487 0.0675777 0.0623619 0.0563749 0.0500179 0.0436067 0.0373723 0.0314688 0.0259847 0.02096 0.0164112 0.0123618 0.00886006 0.00597004
 0.00765086 0.0125273 0.0190374 0.0271753 0.0366939 0.046944 0.0568478 0.0651675 0.0709504 0.073822 0.0739464 0.0717813 0.0678599 0.0626885 0.0567164 0.0503231 0.0438138 0.0374238 0.0313267 0.0256419 0.0204453 0.0157858 0.011706 0.00825344 0.00547135
 0.00772062 0.0126304 0.0191733 0.0273371 0.0368699 0.0471215 0.0570155 0.0653165 0.0710743 0.0739184 0.0740187 0.0718411 0.0679249 0.0627765 0.0568355 0.0504634 0.0439445 0.0374991 0.0313 0.0254826 0.0201518 0.0153892 0.011262 0.00782472 0.00510868
 0.0077829 0.0127277 0.0193121 0.0275189 0.0370899 0.0473663 0.0572628 0.0655381 0.0712435 0.0740188 0.0740496 0.0718158 0.0678657 0.062708 0.0567787 0.0504298 0.0439311 0.0374866 0.0312571 0.025378 0.019968 0.0151328 0.0109631 0.00752589 0.00484877
 0.00780385 0.0127611 0.0193609 0.0275859 0.0371764 0.0474723 0.0573851 0.0656692 0.071372 0.0741309 0.0741323 0.0718614 0.0678744 0.0626884 0.0567449 0.0503962 0.0439061 0.0374682 0.0312318 0.0253256 0.0198714 0.0149877 0.0107825 0.00733543 0.00467608
 0.00786038 0.0128436 0.0194679 0.0277098 0.0373066 0.0475981 0.0574991 0.0657678 0.0714538 0.0741949 0.0741765 0.0718827 0.0678695 0.0626565 0.0566895 0.0503253 0.0438297 0.0373935 0.0311593 0.0252484 0.0197797 0.0148757 0.0106537 0.00720257 0.00455541
 0.00787351 0.0128666 0.0195052 0.0277653 0.0373815 0.0476884 0.0575942 0.0658528 0.0715154 0.0742271 0.0741832 0.0718736 0.0678547 0.0626412 0.0566734 0.0503056 0.0438044 0.0373622 0.0311222 0.025204 0.0197247 0.0148079 0.0105748 0.00711961 0.00447833
 0.00789995 0.0129046 0.0195531 0.0278192 0.0374367 0.0477417 0.0576453 0.0659029 0.0715642 0.0742707 0.0742148 0.0718874 0.0678492 0.06262 0.0566429 0.0502713 0.043769 0.0373259 0.0310838 0.0251619 0.0196773 0.0147545 0.0105169 0.00706125 0.00442519
 0.00788752 0.0128846 0.0195234 0.0277779 0.0373825 0.0476747 0.0575681 0.0658221 0.0714899 0.0742155 0.0741898 0.0718984 0.0678943 0.0626906 0.0567275 0.0503592 0.043852 0.0373987 0.0311426 0.0252041 0.0197015 0.0147611 0.0105085 0.00704285 0.00440273
 0.00790024 0.0128983 0.0195312 0.0277694 0.0373469 0.0476055 0.0574671 0.0656995 0.0713621 0.0740996 0.0741008 0.071847 0.067886 0.0627251 0.0567982 0.0504547 0.0439591 0.0375047 0.0312377 0.0252818 0.0197585 0.0147971 0.0105259 0.00704616 0.00439756
 0.00790734 0.0129079 0.0195419 0.0277776 0.0373466 0.0475889 0.0574257 0.0656273 0.0712589 0.073974 0.0739697 0.0717313 0.0678049 0.0626907 0.0568134 0.0505137 0.0440497 0.037612 0.0313469 0.0253807 0.0198392 0.014856 0.0105637 0.00706644 0.00440559
 0.00789641 0.012892 0.0195212 0.0277533 0.0373203 0.0475614 0.0573962 0.0655931 0.0712162 0.0739196 0.0739031 0.0716577 0.0677344 0.0626368 0.0567888 0.0505258 0.0440981 0.037689 0.0314398 0.0254758 0.0199248 0.0149246 0.0106126 0.00709714 0.00442219
 0.00788349 0.0128671 0.0194771 0.0276818 0.0372153 0.0474235 0.0572358 0.0654291 0.0710707 0.0738103 0.0738381 0.0716353 0.0677473 0.0626773 0.0568519 0.0506097 0.044202 0.0378098 0.0315706 0.0256063 0.0200441 0.015024 0.0106877 0.00714839 0.00445351
 0.00783811 0.012795 0.0193715 0.0275376 0.03703 0.047199 0.0569805 0.0651601 0.0708127 0.0735921 0.0736868 0.0715689 0.0677708 0.0627818 0.0570188 0.0508173 0.0444307 0.0380442 0.0317988 0.025818 0.0202301 0.015177 0.0108044 0.00723011 0.00450558
 0.00783673 0.0127859 0.0193451 0.0274811 0.0369306 0.0470494 0.0567833 0.0649289 0.0705688 0.0733596 0.0734885 0.0714244 0.0676952 0.062783 0.0570956 0.0509588 0.044619 0.0382585 0.0320196 0.026029 0.0204186 0.0153344 0.0109265 0.0073173 0.00456245
 0.00780904 0.0127447 0.0192899 0.0274125 0.0368491 0.0469529 0.056667 0.0647877 0.070402 0.0731749 0.0733029 0.0712608 0.0675763 0.0627261 0.0571096 0.0510428 0.0447632 0.038446 0.0322297 0.0262408 0.0206144 0.0155015 0.0110581 0.00741258 0.00462551
 0.0077783 0.0126918 0.0192053 0.027287 0.0366771 0.0467375 0.0564229 0.064539 0.0701751 0.0729895 0.0731682 0.0711776 0.0675429 0.0627429 0.0571788 0.0511657 0.0449362 0.0386591 0.0324667 0.026482 0.0208402 0.0156965 0.0112131 0.00752573 0.00470095
 0.00773349 0.0126196 0.0190978 0.0271372 0.0364803 0.0464935 0.0561391 0.0642328 0.0698726 0.0727219 0.0729643 0.0710577 0.0675143 0.0628005 0.05731 0.0513556 0.0451706 0.0389243 0.0327477 0.0267617 0.0211007 0.0159221 0.0113936 0.00765835 0.00478999
 0.00933413 0.0148585 0.0217966 0.0299056 0.0388299 0.0480183 0.056659 0.0638201 0.0687687 0.0712158 0.0713031 0.0694143 0.0659935 0.0614582 0.056169 0.0504174 0.0444239 0.0383509 0.0323262 0.0264687 0.0209111 0.01581 0.0113346 0.00763182 0.00478071
 0.00931789 0.0151263 0.0227177 0.0319377 0.0423186 0.0529278 0.0624011 0.0693504 0.0729585 0.0732973 0.0711241 0.067378 0.0627832 0.0577463 0.0524507 0.0469833 0.0414091 0.0357983 0.0302315 0.0248046 0.0196377 0.0148781 0.0106878 0.00720984 0.0045241
 0.00897828 0.0145954 0.0219798 0.0310486 0.0414572 0.0524291 0.0627137 0.0708747 0.0758025 0.0770982 0.0750955 0.070607 0.0646107 0.0579945 0.0513905 0.0451164 0.039235 0.0336789 0.0283685 0.023278 0.0184547 0.0140086 0.0100837 0.00681579 0.00428473
 0.00879963 0.0142962 0.0215142 0.0303725 0.0405461 0.0513106 0.0615083 0.0698216 0.075238 0.0773608 0.0763718 0.0727895 0.0672693 0.060517 0.0532289 0.0459959 0.0392067 0.033017 0.0274067 0.0222863 0.017593 0.01334 0.00960907 0.00650458 0.00409617
 0.00872657 0.0141668 0.0212992 0.0300362 0.0400529 0.0506368 0.060658 0.0688435 0.0742395 0.0765135 0.0758943 0.0728922 0.0680625 0.0619243 0.0549707 0.0476794 0.0404828 0.033712 0.0275536 0.0220567 0.0171918 0.0129265 0.00926971 0.0062648 0.00394562
 0.0087017 0.0141257 0.0212352 0.02994 0.0399111 0.0504306 0.0603656 0.0684455 0.0737311 0.0759192 0.0752832 0.0723818 0.0677998 0.0620379 0.0555062 0.0485535 0.041496 0.0346247 0.0281862 0.0223518 0.0172079 0.0127804 0.00907359 0.00609029 0.00382071
 0.00869637 0.0141166 0.0212205 0.0299172 0.0398768 0.0503801 0.0602915 0.0683371 0.0735741 0.0756993 0.0749946 0.0720407 0.0674559 0.0617736 0.0554148 0.0486985 0.0418704 0.0351406 0.0287077 0.0227555 0.017433 0.0128399 0.00902641 0.00600213 0.00373694
 0.00866634 0.0140698 0.021154 0.02983 0.0397702 0.050258 0.0601607 0.0682062 0.0734502 0.0755849 0.0748853 0.0719281 0.0673358 0.0616566 0.0553326 0.0486969 0.041988 0.0353823 0.029032 0.0230887 0.0177033 0.0130082 0.00909636 0.00600527 0.00371015
 0.00866488 0.0140649 0.021142 0.0298061 0.0397295 0.050198 0.0600827 0.0681157 0.0733552 0.0754932 0.0748019 0.0718535 0.0672672 0.0615916 0.0552749 0.0486609 0.0419964 0.0354549 0.0291711 0.0232713 0.0178891 0.0131585 0.00919119 0.00604766 0.00371751
 0.00864883 0.0140415 0.0211116 0.0297702 0.0396901 0.0501559 0.0600368 0.0680642 0.0732971 0.0754302 0.0747387 0.0717961 0.0672202 0.0615569 0.0552527 0.0486526 0.0420075 0.0354944 0.0292455 0.0233773 0.018011 0.0132736 0.00928025 0.00610316 0.00374377
 0.00861399 0.0139896 0.0210425 0.0296873 0.0395995 0.0500655 0.0599549 0.0679976 0.0732501 0.0754034 0.0747289 0.0717984 0.0672306 0.0615732 0.0552744 0.0486807 0.0420444 0.0355434 0.0293098 0.0234573 0.018101 0.0133626 0.00935612 0.00615799 0.00377676
 0.00863656 0.0140185 0.0210718 0.0297071 0.0395994 0.0500392 0.0599041 0.0679319 0.0731828 0.0753458 0.074687 0.0717719 0.067215 0.0615637 0.0552678 0.0486768 0.0420451 0.0355523 0.0293303 0.0234909 0.0181457 0.0134127 0.00940376 0.00619648 0.00380305
 0.00863419 0.0140192 0.0210807 0.0297304 0.0396409 0.0500961 0.059965 0.0679792 0.0732006 0.075327 0.0746369 0.0717046 0.0671462 0.061504 0.0552215 0.0486433 0.0420226 0.0355397 0.0293281 0.0234998 0.0181648 0.0134389 0.00943209 0.00622193 0.00382233
 0.00863055 0.0140131 0.0210716 0.0297185 0.0396281 0.0500869 0.0599654 0.0679947 0.0732313 0.0753664 0.0746726 0.0717243 0.0671437 0.0614818 0.055188 0.0486082 0.0419928 0.0355187 0.0293169 0.0234982 0.0181719 0.0134525 0.00944907 0.00623868 0.0038361
 0.00862483 0.0140038 0.0210576 0.0296987 0.0396022 0.0500554 0.0599308 0.0679615 0.0732062 0.0753557 0.0746796 0.0717473 0.0671757 0.0615134 0.055212 0.0486217 0.041998 0.0355203 0.0293193 0.023504 0.0181819 0.0134659 0.00946387 0.00625275 0.00384767
 0.00862483 0.0140038 0.0210576 0.0296987 0.0396022 0.0500554 0.0599308 0.0679615 0.0732062 0.0753557 0.0746796 0.0717473 0.0671757 0.0615134 0.055212 0.0486217 0.041998 0.0355203 0.0293193 0.023504 0.0181819 0.0134659 0.00946387 0.00625275 0.00384767
 0.00880724 0.014293 0.0214775 0.0302626 0.0403049 0.0508645 0.0607806 0.0687574 0.0738447 0.0757525 0.0747924 0.0715814 0.0667755 0.0609452 0.0545467 0.0479239 0.0413193 0.0348983 0.0287784 0.023057 0.0178317 0.0132067 0.00928402 0.00613647 0.00377815
#pred catch len freq
 0.0031351 0.00510957 0.00774762 0.0111054 0.0152278 0.0200965 0.0255703 0.0313811 0.0371916 0.042665 0.0475142 0.0515357 0.0546362 0.0568345 0.0582345 0.0589927 0.0592929 0.0593121 0.0591385 0.0586382 0.0573466 0.0545319 0.0495188 0.042153 0.0330901
 0.00336093 0.00541245 0.00808673 0.0114082 0.0154169 0.0201275 0.0254569 0.031187 0.0369919 0.0425044 0.04739 0.051418 0.0545069 0.0567184 0.0582011 0.0591252 0.0596393 0.0598414 0.0597271 0.0591002 0.0575049 0.0542967 0.0489305 0.0413621 0.0322851
 0.00344406 0.00558315 0.00840374 0.0119333 0.0161819 0.0210939 0.0264956 0.0321071 0.0376151 0.0427425 0.0472729 0.0510562 0.0540248 0.0562083 0.0577218 0.0587239 0.0593602 0.0597047 0.0596964 0.0590719 0.0573423 0.0538971 0.0482839 0.0405603 0.0314749
 0.00361389 0.00583922 0.00875709 0.0123945 0.0167749 0.0218658 0.0275048 0.0333814 0.0390961 0.0442583 0.0485743 0.0519098 0.0543079 0.0559465 0.0570529 0.0578254 0.0583884 0.058763 0.0588231 0.0582421 0.0564891 0.0529578 0.0472493 0.0394949 0.0304896
 0.00378597 0.00612152 0.00918551 0.0130015 0.0175809 0.0228702 0.0286822 0.03469 0.0404935 0.0457044 0.0500094 0.0532224 0.0553311 0.0565035 0.0570324 0.0572333 0.0573404 0.0574277 0.057354 0.0567354 0.0549826 0.0514625 0.0457917 0.0381382 0.0293198
 0.00394077 0.00637409 0.00956906 0.0135519 0.018335 0.023859 0.0299185 0.0361542 0.0421257 0.0474093 0.0516733 0.054731 0.0565758 0.0573767 0.0574269 0.0570648 0.0565846 0.0561433 0.0556695 0.054807 0.052954 0.0494517 0.0439003 0.0364623 0.0279414
 0.00414735 0.0067001 0.0100426 0.0141963 0.0191692 0.0248975 0.0311667 0.0376013 0.043738 0.0491255 0.0534035 0.0563628 0.0579855 0.0584437 0.0580433 0.0571416 0.0560628 0.0550131 0.0539882 0.0527006 0.0505979 0.0470406 0.0416208 0.0344701 0.0263409
 0.00443463 0.00715319 0.0106991 0.015083 0.0203004 0.0262699 0.0327537 0.0393492 0.0455708 0.0509563 0.0551449 0.0579308 0.0592984 0.0594185 0.0585953 0.0571878 0.0555319 0.0538632 0.0522304 0.0504198 0.0479584 0.0442677 0.0389608 0.0321398 0.0244821
 0.00461288 0.00746281 0.0112023 0.0158513 0.0214006 0.0277406 0.0345813 0.0414569 0.0478288 0.0532072 0.057233 0.0597247 0.0607021 0.0603701 0.0590546 0.0571199 0.0548986 0.0526298 0.0503904 0.0480279 0.0451554 0.0412786 0.0360576 0.0295776 0.022435
 0.004779 0.00773174 0.0116081 0.0164339 0.022208 0.0288282 0.0359993 0.0432278 0.04992 0.0555131 0.05958 0.0619036 0.0625152 0.0616704 0.0597591 0.0571969 0.0543426 0.0514445 0.0485925 0.045674 0.0423738 0.0382824 0.0331184 0.0269625 0.020335
 0.00503853 0.00813974 0.012197 0.0172268 0.0232187 0.0300606 0.0374452 0.0448653 0.0517141 0.0574149 0.0615197 0.0637798 0.0641926 0.0629951 0.0605873 0.0574228 0.0539097 0.0503416 0.0468476 0.0433601 0.0396274 0.0353148 0.0301964 0.0243524 0.0182315
 0.00531276 0.00858436 0.0128638 0.0181627 0.0244567 0.0316047 0.0392561 0.0468558 0.0537633 0.0593953 0.0633228 0.0653274 0.0654312 0.0638784 0.0610608 0.0574194 0.0533613 0.0491997 0.0451047 0.041069 0.0369166 0.0323907 0.0273198 0.0217829 0.0161595
 0.00555839 0.00899055 0.013489 0.0190684 0.0256985 0.0332151 0.0412224 0.0491041 0.0561578 0.0617558 0.065456 0.0670647 0.0666594 0.0645511 0.0611838 0.0570193 0.0524573 0.0477949 0.0432033 0.0387094 0.0342031 0.0295065 0.024505 0.0192799 0.0141464
 0.00578015 0.00935022 0.0140308 0.0198385 0.0267429 0.0345724 0.0429098 0.0510995 0.0583854 0.0640819 0.0676993 0.0690232 0.0681495 0.0654442 0.0614256 0.0566229 0.0514766 0.0462951 0.0412473 0.0363687 0.031585 0.0267741 0.0218676 0.0169499 0.0122794
 0.0059931 0.00968553 0.0145164 0.0204964 0.0275904 0.0356216 0.0441642 0.0525478 0.0599961 0.0657986 0.0694366 0.0706661 0.0695603 0.0664815 0.0619704 0.0566024 0.050874 0.0451436 0.0396157 0.0343522 0.0293086 0.0243982 0.0195803 0.0149337 0.0106662
 0.00614288 0.00993913 0.0149165 0.0210888 0.0284134 0.0366908 0.0454577 0.0540035 0.0615244 0.0673036 0.0708344 0.0718897 0.0705539 0.0671905 0.0623358 0.0565659 0.0503914 0.0442007 0.0382396 0.0326153 0.0273271 0.0223257 0.0175897 0.0131861 0.00927335
 0.00629217 0.0101707 0.0152464 0.0215301 0.0289811 0.037405 0.0463398 0.055062 0.0627364 0.0686035 0.0721199 0.0730452 0.0714803 0.0678229 0.0626424 0.0565325 0.0500083 0.0434616 0.0371539 0.0312247 0.0257171 0.0206231 0.0159442 0.0117379 0.00811881
 0.00646123 0.0104321 0.0156145 0.0220091 0.0295646 0.0380779 0.0470794 0.0558422 0.0635335 0.0693997 0.0728985 0.0737798 0.0721264 0.0683213 0.0629331 0.056569 0.0497639 0.0429278 0.0363392 0.0301606 0.0244671 0.0192852 0.014639 0.0105815 0.0071933
 0.00647937 0.0104831 0.0157307 0.0222331 0.029938 0.0386231 0.0477844 0.0566574 0.0643845 0.0702095 0.0736079 0.0743564 0.0725605 0.0686132 0.0630791 0.0565547 0.049567 0.0425279 0.0357289 0.0293549 0.0235103 0.0182518 0.013623 0.00967594 0.00646513
 0.00644467 0.0104253 0.015644 0.0221179 0.0298094 0.0385189 0.0477653 0.0567923 0.0647225 0.070752 0.0742998 0.0751041 0.0732658 0.0692021 0.0635116 0.0568164 0.0496534 0.0424346 0.0354529 0.0289042 0.0229139 0.0175645 0.0129185 0.0090302 0.00593579
 0.0064984 0.0104893 0.0156968 0.022125 0.0297327 0.038333 0.0474744 0.0564394 0.0643856 0.070527 0.0742715 0.0753156 0.0736994 0.0697841 0.0641389 0.0573894 0.0500984 0.0427095 0.0355413 0.0288098 0.0226601 0.0171949 0.0124933 0.00861317 0.00557891
 0.00658055 0.0106096 0.0158518 0.0222986 0.029895 0.0384429 0.0474853 0.0563123 0.0641079 0.0701295 0.073832 0.0749411 0.0734904 0.0697979 0.0643692 0.0577717 0.0505364 0.0431068 0.0358257 0.0289439 0.0226414 0.01705 0.0122687 0.00836255 0.00534869
 0.00670557 0.0107933 0.0160915 0.0225783 0.0301884 0.0387184 0.0477099 0.0564525 0.0641316 0.0700131 0.0735727 0.0745686 0.0730701 0.0694164 0.0641068 0.0576724 0.050592 0.0432634 0.0360074 0.0290815 0.022693 0.017008 0.0121541 0.00821198 0.00519888
 0.00680208 0.0109404 0.0162941 0.0228329 0.0304826 0.0390309 0.0480111 0.0567072 0.0643044 0.0700759 0.0735101 0.0743818 0.0727788 0.0690602 0.0637418 0.0573592 0.0503768 0.0431602 0.0359941 0.0291117 0.0227179 0.0169958 0.0120982 0.00812622 0.00510583
 0.00676764 0.0108958 0.016248 0.0228005 0.0304814 0.0390739 0.048101 0.0568344 0.0644495 0.0702141 0.0736173 0.0744384 0.0727733 0.0689927 0.063626 0.0572221 0.0502521 0.0430772 0.0359652 0.0291274 0.0227526 0.017022 0.0120994 0.00810169 0.00506612
 0.00668622 0.010768 0.0160655 0.0225618 0.0301956 0.0387648 0.047808 0.056606 0.0643296 0.0702253 0.0737518 0.0746614 0.0730364 0.0692496 0.0638445 0.0573892 0.0503731 0.0431691 0.0360467 0.029209 0.0228327 0.0170904 0.0121458 0.0081227 0.00506661
 0.00664687 0.0106932 0.0159331 0.0223451 0.0298706 0.0383222 0.0472654 0.056013 0.0637616 0.0697682 0.0734796 0.0746158 0.073215 0.0696076 0.0643109 0.0578896 0.0508494 0.0435886 0.0363993 0.029498 0.0230644 0.0172692 0.0122744 0.00820587 0.00511298
 0.00672633 0.0108116 0.0160894 0.0225263 0.0300496 0.038457 0.0473037 0.0559051 0.0634808 0.06933 0.0729482 0.074089 0.0727926 0.0693595 0.0642579 0.0580049 0.0510764 0.0438647 0.0366744 0.029742 0.0232646 0.0174235 0.0123858 0.00827982 0.00515693
 0.00670117 0.0108045 0.0161402 0.0226904 0.0303798 0.0389761 0.04798 0.0566471 0.0641567 0.0698046 0.0731234 0.0739337 0.0723521 0.0687394 0.063588 0.0573977 0.0505987 0.0435319 0.0364655 0.029621 0.023198 0.0173873 0.0123657 0.00826787 0.00514912
 0.00665887 0.0107289 0.0160172 0.0225119 0.0301568 0.0387521 0.0478336 0.0566704 0.0644124 0.070284 0.0737329 0.074525 0.0727808 0.0689204 0.0635199 0.0571499 0.0502719 0.0432168 0.0362168 0.029454 0.0231007 0.0173377 0.0123432 0.00825857 0.00514517
 0.00666417 0.0107229 0.0159807 0.0224165 0.029971 0.0384539 0.0474259 0.0561941 0.0639493 0.0699419 0.0736111 0.0746709 0.0731615 0.0694305 0.0640258 0.0575459 0.0505157 0.0433282 0.0362483 0.0294575 0.0231077 0.0173568 0.0123698 0.00828456 0.00516541
