SBPRF35
12.7214
Curr Bio
948445
B35
881424
F35
0.169496
FOFL
0.169496
OFL
122882
Bzero
3.63469e+006
#pred survey bio
 3.69834e+006 3.55163e+006 3.41612e+006 3.25902e+006 3.06351e+006 2.79924e+006 2.55648e+006 2.31908e+006 2.08741e+006 1.87011e+006 1.66225e+006 1.47522e+006 1.29791e+006 1.15727e+006 1.00703e+006 900777 801238 736409 705240 669553 641057 608154 585210 571318 561222 549514 556318 551167 555517 553214 557992 566432 572987 587539 600521 625657 649532 660894 663313 657361 661159 670335 680156 685227 682035 682447 687376 681498 671412 668875 682622 736869 757560 788050 824630 865883 897014 919822 948029 968897 976343 963555 960730 976506 982816 953822 2.05041e+007 1.81955e+007 1.80715e+007 1.86516e+007 1.97284e+007 2.10367e+007 2.23689e+007 2.35968e+007 2.4659e+007 2.55394e+007 2.6248e+007 2.68066e+007 2.72409e+007 2.75754e+007 2.78317e+007 2.80274e+007 2.81769e+007 2.82913e+007 2.83789e+007 2.84463e+007 2.84983e+007 2.85386e+007 2.85701e+007 2.85947e+007 2.86141e+007 2.86293e+007 2.86414e+007 2.8651e+007 2.86587e+007 2.86648e+007 2.86697e+007 2.86737e+007 2.86769e+007 2.86795e+007 2.86815e+007 2.86832e+007 2.86846e+007 2.86857e+007 2.86867e+007 2.86874e+007 2.8688e+007 2.86885e+007 2.86889e+007 2.86892e+007 2.86895e+007 2.86897e+007 2.86899e+007 2.86901e+007 2.86902e+007 2.86903e+007 2.86904e+007 2.86904e+007 2.86905e+007 2.86905e+007 2.86906e+007 2.86906e+007 2.86906e+007 2.86906e+007 2.86906e+007 2.86907e+007 2.86907e+007 2.86907e+007 2.86907e+007 2.86907e+007 2.86907e+007 2.86907e+007 2.86907e+007 2.86907e+007 2.86907e+007 2.86907e+007 2.86907e+007 2.86907e+007 2.86907e+007 2.86907e+007 2.86907e+007 2.86907e+007 2.86907e+007 2.86907e+007 2.86907e+007 2.86907e+007 2.86907e+007 2.86907e+007 2.86907e+007 2.86907e+007 2.86907e+007 2.86907e+007 2.86907e+007 2.86907e+007 2.86907e+007 2.86907e+007 2.86907e+007 2.86907e+007 2.86907e+007 2.86907e+007 2.86907e+007 2.86907e+007 2.86907e+007 2.86907e+007 2.86907e+007 2.86907e+007 0 0 0 0 0 0 0 0 0 0 0 0 0 0 0 0 0 0 0 0 0 0 0 0 0
#obs survey bio
 3.31653e+006 4.35949e+006 4.6494e+006 2.29191e+006 2.85359e+006 2.76695e+006 1.92932e+006 1.52992e+006 1.96713e+006 1.25978e+006 2.26806e+006 1.16197e+006 1.36788e+006 1.31364e+006 887526 774418 695736 412923 626186 536171 726959 555839 817866 436372 417745 616961 327899 835068 495073 428471 543092 490799 441731 681595 698471 636861 619989 669392 741429 718162 499870 727169 854476 676473 708583 709370 685485 605912 877733 410110 742530 735586 711671 604996 750782 936055 760071 933691 998757 1.20467e+006 1.31553e+006 689685 1.48584e+006 1.23022e+006 1.72844e+006 625646
#pred catch bio
 109710 108085 138109 186200 265056 262818 275956 288001 289952 293451 283807 280950 251410 260107 220450 213027 180888 151056 153308 143945 143672 131503 121648 117383 117863 102041 111490 101827 106283 99710.5 96777.7 98590.8 92466.8 94701.4 85353.7 87433.8 98154.3 104940 110706 101712 97889 98346.5 102857 109609 106093 102442 111721 114577 107744 94989.8 63840 95265 88142.1 85487.4 84585.5 96021.3 105062 101865 108971 119907 135602 125193 107828 113748 139276 160072 122882 119189 117076 119344 125509 133478 141644 149096 155430 160557 164565 167617 169896 171570 172786 173660 174284 174727 175040 175259 175413 175521 175596 175648 175685 175710 175728 175740 175748 175754 175758 175761 175763 175764 175765 175765 175766 175766 175766 175766 175767 175767 175767 175767 175767 175767 175767 175767 175767 175767 175767 175767 175767 175767 175767 175767 175767 175767 175767 175767 175767 175767 175767 175767 175767 175767 175767 175767 175767 175767 175767 175767 175767 175767 175767 175767 175767 175767 175767 175767 175767 175767 175767 175767 175767 175767 175767 175767 175767 175767 175767 175767 175767 175767 175767 175767 175767 175767 175767 175767 0 0 0 0 0 0 0 0 0 0 0 0 0 0 0 0 0 0 0 0 0 0 0 0 0
#obs catch bio
 0 107790 137768 185792 265326 262204 275700 289035 291207 295203 283664 283583 251604 260890 220657 213856 182139 152821 155197 145646 144711 131836 122158 118170 119410 102870 113794 102147 106603 100227 97230.5 99186.6 92823 95297.9 85670 87490 97891.9 104565 110396 101007 97838.1 98385.5 102589 109460 105722 102131 111668 114730 107505 95439.7 63428.1 95672.1 88317.1 85808.1 84832 96458.8 105923 102436 109622 120594 136108 126230 108319 113931 138676 160331
#pred cpue bio
 3.64795e+006 3.5031e+006 3.36909e+006 3.21241e+006 3.01718e+006 2.75378e+006 2.51168e+006 2.27484e+006 2.04392e+006 1.82768e+006 1.62116e+006 1.43547e+006 1.25982e+006 1.1207e+006 972505 867492 769386 705540 674920 640312 612906 581241 559056 545526 535588 524136 530815 526213 530950 528936 533589 541900 548421 562661 575446 600241 623934 635325 637851 632163 635812 644608 654187 659258 656237 656649 661415 655638 645784 643224 656459 709505 730112 760000 795605 835850 866278 888554 916240 936967 944653 932317 929620 945546 952636 925249 1.98996e+007 1.76636e+007 1.74091e+007 1.78191e+007 1.88268e+007 2.01163e+007 2.14441e+007 2.26711e+007 2.37331e+007 2.46136e+007 2.53221e+007 2.58807e+007 2.6315e+007 2.66495e+007 2.69058e+007 2.71015e+007 2.72511e+007 2.73654e+007 2.7453e+007 2.75204e+007 2.75724e+007 2.76128e+007 2.76442e+007 2.76688e+007 2.76882e+007 2.77035e+007 2.77155e+007 2.77251e+007 2.77328e+007 2.77389e+007 2.77438e+007 2.77478e+007 2.7751e+007 2.77536e+007 2.77557e+007 2.77574e+007 2.77587e+007 2.77599e+007 2.77608e+007 2.77615e+007 2.77621e+007 2.77626e+007 2.7763e+007 2.77634e+007 2.77636e+007 2.77638e+007 2.7764e+007 2.77642e+007 2.77643e+007 2.77644e+007 2.77645e+007 2.77645e+007 2.77646e+007 2.77646e+007 2.77647e+007 2.77647e+007 2.77647e+007 2.77647e+007 2.77648e+007 2.77648e+007 2.77648e+007 2.77648e+007 2.77648e+007 2.77648e+007 2.77648e+007 2.77648e+007 2.77648e+007 2.77648e+007 2.77648e+007 2.77648e+007 2.77648e+007 2.77648e+007 2.77648e+007 2.77648e+007 2.77648e+007 2.77648e+007 2.77648e+007 2.77648e+007 2.77648e+007 2.77648e+007 2.77648e+007 2.77648e+007 2.77648e+007 2.77648e+007 2.77648e+007 2.77648e+007 2.77648e+007 2.77648e+007 2.77648e+007 2.77648e+007 2.77648e+007 2.77648e+007 2.77648e+007 2.77648e+007 2.77648e+007 2.77648e+007 2.77648e+007 2.77648e+007 2.77648e+007 2.77648e+007 0 0 0 0 0 0 0 0 0 0 0 0 0 0 0 0 0 0 0 0 0 0 0 0 0
#obs cpue bio
 3.0291e+006 4.54081e+006 3.56265e+006 3.50372e+006 2.81759e+006 2.86997e+006 2.88965e+006 2.08789e+006 1.9304e+006 2.37564e+006 1.87466e+006 925302 1.75024e+006 991550 1.03646e+006 919916 648780 691607 724996 641921 670590 728296 330990 549887 461074 413901 421159 761980 643407 500322 513445 561728 684408 422847 463743 776249 986093 686161 602572 810620 506202 551242 703607 659768 748242 587438 605128 648707 659994 640312 836738 605185 614802 756417 793829 725390 681522 848396 833100 749677 1.01419e+006 668032 591694 1.07719e+006 1.19936e+006 938469
#pred surv len freq
 0.00445162 0.00727128 0.0110264 0.0157284 0.0212845 0.0274154 0.0336305 0.03935 0.0441209 0.0477597 0.0503301 0.052019 0.0530292 0.0535339 0.0536743 0.0535768 0.0533721 0.0531897 0.0530879 0.0529156 0.0521897 0.0501387 0.0460142 0.039561 0.0313294
 0.00461644 0.00746978 0.0112003 0.0157901 0.021152 0.0270616 0.0331147 0.0388045 0.0436936 0.0475479 0.050348 0.0522163 0.0533415 0.0539271 0.0541575 0.0541777 0.0540929 0.0539682 0.0537877 0.0533601 0.0522303 0.0497267 0.0452328 0.0385951 0.0303874
 0.00480813 0.00778233 0.0116667 0.0164266 0.0219376 0.0279179 0.0339038 0.0393641 0.0439043 0.0473957 0.0499346 0.051707 0.0528865 0.0536118 0.0540031 0.0541723 0.0542131 0.0541712 0.0539906 0.0534376 0.052052 0.0492194 0.0444291 0.0376288 0.0294358
 0.00498831 0.00807531 0.0121085 0.017052 0.0227743 0.0289731 0.035145 0.0407012 0.0451887 0.0484462 0.0505908 0.0518888 0.0526272 0.053041 0.0532887 0.0534573 0.053579 0.0536317 0.0535007 0.0529104 0.0513897 0.0483602 0.0433895 0.0365099 0.0283825
 0.00515664 0.00835445 0.0125391 0.0176763 0.023629 0.0300773 0.0364864 0.0422281 0.0468093 0.0500338 0.0519927 0.0529449 0.0532041 0.053075 0.0528133 0.0525926 0.0524841 0.0524443 0.0522953 0.0516924 0.0501239 0.0470195 0.0419977 0.0351528 0.0271773
 0.00543185 0.00879036 0.0131744 0.0185416 0.0247436 0.0314448 0.0380861 0.0440085 0.0486886 0.0519062 0.0537359 0.0544251 0.0542842 0.053632 0.0527669 0.0519346 0.0512879 0.050843 0.0504366 0.049697 0.0480728 0.0449751 0.0400354 0.033373 0.0256844
 0.00572355 0.0092555 0.0138575 0.0194777 0.0259526 0.032922 0.0397934 0.0458729 0.0506137 0.0537906 0.0554852 0.0559519 0.0554989 0.0544366 0.0530621 0.0516411 0.0503748 0.0493484 0.0484647 0.0473942 0.0455995 0.0424891 0.0376882 0.0313042 0.0240015
 0.0059693 0.00966214 0.0144825 0.0203785 0.0271747 0.0344799 0.0416522 0.0479433 0.0527666 0.0558855 0.0573962 0.0575798 0.0567693 0.0552886 0.0534355 0.0514728 0.0496101 0.0479657 0.0465014 0.0449593 0.0428662 0.0396715 0.035009 0.0289585 0.0221214
 0.00619898 0.0100369 0.0150501 0.021187 0.0282664 0.0358802 0.0433549 0.0498991 0.0548832 0.058038 0.0594441 0.0593866 0.0582188 0.0562937 0.0539352 0.0514215 0.0489697 0.0467111 0.0446421 0.0425675 0.0400939 0.0367423 0.032181 0.0264682 0.0201293
 0.00644835 0.0104366 0.0156415 0.0220064 0.0293403 0.0372182 0.04494 0.0516835 0.0567922 0.0599802 0.0613199 0.0610928 0.0596516 0.0573548 0.054539 0.0514998 0.0484724 0.045608 0.0429345 0.0403107 0.0374202 0.0338646 0.029363 0.0239638 0.0181175
 0.00673284 0.0108927 0.0163159 0.0229378 0.0305523 0.0387081 0.0466678 0.0535695 0.0587298 0.061858 0.0630407 0.0625795 0.0608432 0.0581971 0.0549778 0.0514792 0.0479388 0.0445196 0.0412781 0.0381253 0.0348208 0.0310491 0.026587 0.0214826 0.0161168
 0.0069521 0.0112586 0.016884 0.0237652 0.0316852 0.0401625 0.0484105 0.0555124 0.0607441 0.0638022 0.064787 0.0640304 0.061935 0.0588937 0.0552591 0.0513275 0.0473304 0.0434272 0.0396871 0.0360608 0.0323764 0.0283989 0.0239656 0.0191305 0.0142136
 0.00720324 0.0116613 0.0174805 0.0245933 0.0327743 0.0415252 0.0500305 0.0573348 0.0626749 0.0657177 0.0665517 0.0655166 0.0630418 0.0595583 0.0554565 0.0510585 0.0466053 0.042255 0.0380791 0.0340507 0.0300481 0.0259042 0.0215112 0.0169321 0.0124349
 0.0074331 0.0120266 0.0180148 0.0253228 0.0337143 0.0426744 0.0513648 0.0588052 0.0642129 0.0672455 0.0679894 0.0667842 0.0640595 0.0602519 0.0557665 0.0509477 0.0460602 0.0412808 0.0366972 0.0323058 0.0280239 0.023736 0.0193779 0.0150197 0.010885
 0.00782332 0.0126405 0.0188997 0.0265065 0.0351978 0.0444229 0.0532979 0.0607985 0.0661175 0.0689203 0.0693287 0.0677284 0.0645891 0.0603718 0.0554912 0.0502927 0.0450399 0.039913 0.03501 0.0303488 0.0258811 0.021533 0.0172723 0.0131694 0.00940576
 0.00804188 0.0130025 0.0194561 0.0273075 0.0362805 0.0457925 0.0549107 0.0625568 0.0678857 0.0705534 0.0707003 0.068748 0.0652072 0.0605763 0.0552974 0.0497301 0.044141 0.0387086 0.0335339 0.0286491 0.0240331 0.0196459 0.0154799 0.0116029 0.00815881
 0.00828072 0.0133851 0.0200219 0.0280904 0.037304 0.0470609 0.056397 0.0641946 0.0695714 0.0721591 0.0720933 0.069812 0.0658593 0.0607782 0.0550544 0.0490813 0.0431435 0.037424 0.0320225 0.0269746 0.0222727 0.0178972 0.0138546 0.0102061 0.00706104
 0.00838916 0.013561 0.0202864 0.0284645 0.0378062 0.0477036 0.0571813 0.0651066 0.0705808 0.0732202 0.0731454 0.07078 0.0666595 0.0613291 0.0552925 0.0489734 0.042691 0.0366584 0.0309968 0.025757 0.0209449 0.0165533 0.0125944 0.00911899 0.00620559
 0.00830384 0.013436 0.0201246 0.0282799 0.0376238 0.047557 0.0571105 0.0651541 0.0707859 0.0736094 0.0737225 0.0715191 0.0675022 0.0621898 0.0560701 0.0495692 0.0430282 0.0366961 0.0307355 0.0252356 0.0202328 0.0157404 0.0117773 0.00838407 0.00561214
 0.008279 0.013399 0.0200754 0.0282217 0.0375634 0.0475048 0.0570808 0.0651644 0.0708551 0.0737552 0.0739583 0.0718504 0.0679227 0.0626758 0.0565775 0.0500356 0.0433821 0.0368735 0.0306969 0.0249778 0.0197915 0.0151822 0.0111841 0.00783343 0.00515942
 0.00828145 0.0133961 0.0200588 0.0281801 0.0374867 0.0473901 0.056937 0.0650131 0.0707258 0.0736785 0.0739596 0.0719461 0.0681188 0.0629662 0.0569415 0.0504356 0.0437653 0.0371791 0.0308702 0.0249858 0.019635 0.0148966 0.0108292 0.00747448 0.00484876
 0.00844736 0.0136399 0.0203768 0.0285503 0.0378728 0.0477495 0.0572287 0.065204 0.0707965 0.0736287 0.0738099 0.0717343 0.0678902 0.0627628 0.0567926 0.0503518 0.0437357 0.0371734 0.0308468 0.0249059 0.019477 0.0146655 0.0105543 0.00719753 0.00460751
 0.00857396 0.0138375 0.0206576 0.0289171 0.0383143 0.0482366 0.0577125 0.0656215 0.0710855 0.073747 0.0737487 0.0715191 0.0675704 0.0623969 0.0564348 0.0500414 0.0434916 0.0369923 0.030707 0.0247766 0.0193313 0.0144912 0.0103587 0.00700158 0.00443494
 0.00869632 0.0140196 0.0209007 0.0292119 0.0386443 0.0485832 0.0580573 0.0659444 0.071362 0.0739477 0.0738448 0.0714913 0.0674184 0.0621424 0.056117 0.0497063 0.043179 0.0367266 0.030493 0.0246028 0.0191787 0.0143443 0.0102124 0.00686204 0.00431348
 0.00868649 0.0140229 0.0209404 0.029319 0.0388468 0.0488901 0.0584478 0.06637 0.0717623 0.0742707 0.0740591 0.0715857 0.067395 0.0620113 0.0558962 0.0494227 0.0428669 0.0364198 0.0302168 0.0243684 0.0189843 0.0141815 0.0100735 0.00674418 0.00421797
 0.00870992 0.0140553 0.02098 0.029364 0.0389003 0.0489654 0.0585678 0.0665584 0.0720283 0.0745959 0.0743974 0.0718779 0.0675896 0.0620802 0.0558377 0.0492563 0.0426244 0.0361381 0.0299305 0.0241039 0.0187566 0.0139947 0.0099251 0.00662955 0.00413286
 0.00843355 0.0136481 0.0204454 0.0287331 0.0382238 0.0483006 0.0579699 0.0660797 0.071719 0.0745002 0.0745409 0.0722533 0.0681502 0.0627478 0.0565234 0.049884 0.0431461 0.0365367 0.0302134 0.0242917 0.0188731 0.0140608 0.00995682 0.00663896 0.00412949
 0.00837704 0.0135379 0.0202478 0.028411 0.0377523 0.0476884 0.0572727 0.0653936 0.0711517 0.0741357 0.0744181 0.0723679 0.0684685 0.0632201 0.0570906 0.0504817 0.0437131 0.0370261 0.0305999 0.0245726 0.0190615 0.0141772 0.0100221 0.00667087 0.00414157
 0.00845389 0.0136269 0.0203142 0.0283978 0.0375924 0.0473265 0.0566889 0.0646182 0.0702665 0.0732607 0.0736859 0.0718906 0.0683095 0.0633815 0.0575204 0.0510947 0.0444132 0.0377251 0.0312301 0.0250933 0.0194588 0.0144582 0.0102064 0.00678265 0.00420375
 0.00850844 0.0137267 0.0204823 0.0286543 0.0379403 0.0477329 0.0570757 0.0648742 0.0702848 0.072984 0.073137 0.0711691 0.0675592 0.0627436 0.0570935 0.0509145 0.0444558 0.0379269 0.0315134 0.0253884 0.0197175 0.0146572 0.0103431 0.00686691 0.00425041
 0.00844769 0.013636 0.0203622 0.0285142 0.0377999 0.0476208 0.0570231 0.0649014 0.0703844 0.073112 0.0732224 0.0711459 0.0674016 0.0624843 0.0568116 0.0507007 0.044375 0.0379963 0.0317049 0.025647 0.0199853 0.0148909 0.0105213 0.00698756 0.00432348
 0.00840029 0.0135535 0.0202286 0.0283134 0.037522 0.0472717 0.0566319 0.0645204 0.0700766 0.0729303 0.0731887 0.0712404 0.0675708 0.0626654 0.0569622 0.0508165 0.0444851 0.0381395 0.0319038 0.0258956 0.0202539 0.0151427 0.0107282 0.0071379 0.00442067
 0.00841669 0.0135717 0.0202398 0.0283027 0.0374705 0.0471609 0.0564501 0.0642688 0.0697742 0.0726143 0.0729087 0.0710441 0.0674864 0.0626907 0.0570678 0.0509627 0.0446423 0.0382991 0.0320727 0.0260812 0.0204524 0.015338 0.0108999 0.00727162 0.00451276
 0.00830087 0.0134011 0.0200155 0.0280363 0.0371793 0.0468613 0.0561524 0.0639781 0.0694946 0.0723553 0.0726887 0.0708896 0.0674264 0.062746 0.0572408 0.0512339 0.0449762 0.0386575 0.0324262 0.0264128 0.0207528 0.0155995 0.0111148 0.00743484 0.00462547
 0.00818064 0.0132131 0.0197474 0.0276844 0.0367516 0.046381 0.0556591 0.0635219 0.0691235 0.0721002 0.0725564 0.0708686 0.0674996 0.0629016 0.0574739 0.0515403 0.045344 0.0390643 0.0328429 0.0268111 0.0211108 0.0159031 0.0113569 0.00761483 0.00474868
 0.00802371 0.0129578 0.019364 0.0271475 0.0360491 0.0455258 0.0546998 0.0625439 0.0682348 0.0714062 0.0721342 0.0707517 0.0676761 0.0633248 0.0580798 0.0522637 0.0461278 0.0398608 0.0336112 0.0275159 0.0217238 0.0164063 0.0117446 0.00789321 0.00493348
 0.00793957 0.0128159 0.0191405 0.0268163 0.0355863 0.044918 0.0539542 0.0616955 0.0673468 0.070563 0.0714294 0.0702705 0.0674779 0.0634296 0.0584652 0.0528732 0.0468871 0.0406931 0.0344483 0.0283022 0.0224177 0.0169812 0.0121897 0.00821325 0.00514568
 0.00789756 0.012756 0.0190649 0.0267294 0.0354896 0.0448029 0.0537993 0.0614702 0.0670238 0.0701339 0.070916 0.0697269 0.0669811 0.0630609 0.0582885 0.0529186 0.0471447 0.0411192 0.0349792 0.0288699 0.0229622 0.0174581 0.0125733 0.0084966 0.00533721
 0.00786839 0.0127143 0.0190132 0.0266742 0.0354403 0.044769 0.0537855 0.061472 0.0670232 0.0700999 0.0708128 0.0695295 0.0666909 0.0627142 0.0579499 0.0526614 0.047027 0.0411658 0.0351766 0.0291747 0.0233172 0.0178079 0.0128771 0.00873268 0.00550246
 0.00801035 0.0129161 0.0192631 0.0269439 0.0356932 0.0449745 0.053929 0.0615557 0.0670575 0.0700918 0.0707578 0.0694116 0.066491 0.0624241 0.057585 0.0522646 0.0466591 0.0408867 0.0350247 0.0291552 0.0234041 0.0179575 0.0130438 0.00888233 0.00561722
 0.00805591 0.0129943 0.0193869 0.0271239 0.0359302 0.0452511 0.0542063 0.0617815 0.0671853 0.0701011 0.0706606 0.0692415 0.0662822 0.0621958 0.0573415 0.0520074 0.0464007 0.0406546 0.0348525 0.0290674 0.0234039 0.0180259 0.0131487 0.00899168 0.00570907
 0.0079632 0.0128635 0.0192277 0.0269591 0.035792 0.0451711 0.0542064 0.0618658 0.0673374 0.0702864 0.0708366 0.0693721 0.06635 0.062204 0.0573049 0.0519424 0.0463209 0.0405736 0.0347872 0.0290356 0.0234168 0.0180815 0.013232 0.00908177 0.00578808
 0.00789179 0.0127455 0.0190479 0.0267062 0.0354651 0.0447891 0.0538128 0.0615235 0.0671107 0.0702177 0.0709302 0.0695943 0.0666438 0.0625105 0.0575809 0.0521668 0.0464922 0.0407018 0.0348877 0.0291245 0.0235068 0.0181778 0.0133314 0.00917512 0.0058658
 0.0078558 0.0126893 0.0189671 0.0265969 0.0353229 0.0446094 0.0535935 0.0612708 0.0668451 0.0699755 0.0707565 0.0695272 0.0666988 0.0626727 0.0578114 0.0524185 0.0467265 0.040898 0.035043 0.0292474 0.0236096 0.0182699 0.0134162 0.0092505 0.00592761
 0.00790099 0.0127551 0.0190518 0.0266935 0.0354205 0.0446953 0.0536547 0.0612944 0.0668197 0.0698944 0.0706233 0.0693602 0.0665287 0.0625334 0.0577263 0.0523919 0.0467442 0.0409373 0.0350844 0.0292815 0.0236368 0.018295 0.0134429 0.00927896 0.00595492
 0.00793447 0.012806 0.0191214 0.02678 0.0355184 0.0447954 0.0537447 0.0613602 0.0668482 0.0698769 0.0705577 0.0692517 0.0663903 0.0623845 0.0575899 0.0522884 0.0466845 0.0409195 0.0350965 0.0293088 0.0236679 0.0183247 0.0134701 0.00930357 0.0059763
 0.00789901 0.0127566 0.0190624 0.0267203 0.0354693 0.0447659 0.053738 0.061373 0.0668723 0.0699022 0.0705749 0.0692547 0.0663767 0.0623569 0.0575557 0.0522588 0.046671 0.0409295 0.0351304 0.0293598 0.023726 0.0183809 0.0135186 0.0093422 0.00600506
 0.00788796 0.0127457 0.0190591 0.0267363 0.0355179 0.0448572 0.0538744 0.0615465 0.0670646 0.0700878 0.0707263 0.069348 0.0663976 0.0623041 0.0574405 0.0521019 0.0464972 0.0407626 0.0349877 0.0292504 0.0236503 0.0183336 0.0134922 0.00932962 0.00600063
 0.00799253 0.0128949 0.0192456 0.0269413 0.0357179 0.0450348 0.0540248 0.0616768 0.0671857 0.0702045 0.0708314 0.0694238 0.0664228 0.0622616 0.0573244 0.0519198 0.0462689 0.0405144 0.0347465 0.0290375 0.0234782 0.0182054 0.0134042 0.00927388 0.00596826
 0.00809058 0.0130442 0.0194507 0.027197 0.0360082 0.0453326 0.054295 0.0618831 0.0673026 0.070228 0.0707805 0.0693297 0.0663126 0.0621471 0.0572017 0.0517778 0.0461001 0.0403217 0.0345429 0.0288411 0.0233059 0.0180677 0.0133039 0.00920724 0.00592793
 0.00799538 0.0129093 0.0192844 0.0270198 0.0358466 0.0452101 0.0542234 0.0618608 0.0673177 0.070265 0.0708279 0.0693848 0.0663811 0.0622373 0.0573162 0.0519085 0.0462298 0.0404319 0.0346219 0.0288875 0.0233269 0.0180739 0.0133042 0.00920679 0.00592848
 0.00769273 0.0124262 0.0185766 0.0260595 0.0346369 0.0438018 0.0527278 0.0604403 0.0661506 0.0694962 0.0705318 0.0695572 0.0669572 0.0631198 0.0583994 0.0530925 0.0474272 0.0415697 0.0356448 0.02976 0.0240337 0.0186174 0.0136999 0.00947824 0.00610257
 0.00778373 0.0125402 0.0186843 0.0261094 0.0345646 0.0435491 0.0522623 0.0597704 0.0653306 0.0686213 0.0697213 0.0689271 0.0665915 0.0630518 0.0586105 0.0535262 0.048008 0.0422201 0.0362956 0.0303571 0.0245416 0.0190198 0.0139972 0.00968284 0.0062333
 0.00780237 0.0125742 0.0187402 0.02619 0.0346612 0.0436324 0.0522798 0.0596556 0.0650273 0.0681118 0.0690445 0.0681764 0.0658905 0.0625197 0.0583299 0.0535249 0.0482595 0.0426584 0.0368373 0.0309211 0.0250632 0.0194577 0.0143339 0.00992058 0.00638742
 0.00771999 0.0124536 0.0185839 0.0260102 0.0344773 0.0434659 0.0521464 0.0595583 0.0649495 0.0680176 0.0688903 0.0679322 0.0655629 0.0621597 0.0580208 0.0533521 0.0482793 0.0428793 0.0372207 0.0313983 0.0255584 0.0199077 0.0146998 0.0101894 0.0065664
 0.00763061 0.0123092 0.0183692 0.0257142 0.0340989 0.0430206 0.0516712 0.0591076 0.0645812 0.0677723 0.0687757 0.0679213 0.0656081 0.0622178 0.0580753 0.0534222 0.048408 0.0431085 0.0375659 0.0318379 0.0260413 0.0203734 0.0150985 0.0104948 0.00677646
 0.00756722 0.0122141 0.0182405 0.0255537 0.0339101 0.0428054 0.0514298 0.0588431 0.064305 0.0675078 0.0685539 0.0677701 0.0655392 0.0622218 0.0581287 0.0535043 0.0485153 0.0432561 0.037775 0.0321167 0.0263738 0.0207225 0.0154211 0.010758 0.00696684
 0.00748123 0.0120879 0.0180758 0.0253613 0.033707 0.0426095 0.0512551 0.0586967 0.0641861 0.06741 0.0684697 0.0676969 0.0654827 0.0621928 0.0581362 0.0535506 0.0485979 0.0433741 0.0379322 0.0323175 0.0266139 0.0209834 0.0156742 0.0109755 0.00713198
 0.00733485 0.0118619 0.017759 0.0249537 0.0332215 0.0420743 0.0507139 0.0582037 0.0637954 0.0671599 0.0683725 0.0677391 0.0656349 0.0624226 0.0584176 0.053866 0.0489361 0.0437274 0.0382946 0.0326835 0.026975 0.021326 0.01598 0.011227 0.00731966
 0.0072173 0.0116768 0.0174917 0.0245956 0.0327726 0.0415467 0.0501357 0.05762 0.0632625 0.0667342 0.0680981 0.0676387 0.0657064 0.0626423 0.0587487 0.0542695 0.0493787 0.0441848 0.0387506 0.0331258 0.0273921 0.0217046 0.0163058 0.0114885 0.00751241
 0.0072297 0.0116833 0.0174763 0.0245344 0.0326401 0.0413243 0.0498208 0.0572288 0.0628269 0.0662957 0.067701 0.0673243 0.0655074 0.0625771 0.0588179 0.0544566 0.0496557 0.0445202 0.0391154 0.0334965 0.0277494 0.0220319 0.0165887 0.0117163 0.00768109
 0.00725143 0.0117308 0.0175689 0.0246933 0.032878 0.0416316 0.0501562 0.0575248 0.0630105 0.0663145 0.067542 0.0670153 0.0651049 0.0621486 0.0584253 0.0541448 0.0494472 0.0444166 0.0391029 0.0335535 0.0278524 0.0221584 0.0167187 0.0118338 0.00777568
 0.00709033 0.0114974 0.0172715 0.0243611 0.032556 0.0413708 0.050001 0.0575017 0.0631175 0.0665168 0.0677785 0.0672194 0.065229 0.0621803 0.0583878 0.0540821 0.0494053 0.0444277 0.0391789 0.0336874 0.0280244 0.0223442 0.0168953 0.0119843 0.00789121
 0.00685229 0.011119 0.0167202 0.0236185 0.0316288 0.0403038 0.0488866 0.0564721 0.0623155 0.0660534 0.0676993 0.0674943 0.0657698 0.0628743 0.0591327 0.0548101 0.0500883 0.0450654 0.0397809 0.0342571 0.0285534 0.0228148 0.0172893 0.0122903 0.0081097
 0.00661414 0.01075 0.0161984 0.0229347 0.0307865 0.0393206 0.0477997 0.0553455 0.0612427 0.0651488 0.0670773 0.0672412 0.0659175 0.0633888 0.059925 0.055765 0.0510978 0.046052 0.0407012 0.0350914 0.0292909 0.0234448 0.0178015 0.0126804 0.00838416
 0.00639432 0.0104211 0.0157563 0.0223935 0.0301734 0.0386665 0.0471322 0.054687 0.0606121 0.0645669 0.0665738 0.0668605 0.0657157 0.0634186 0.0602122 0.0562925 0.0518069 0.0468614 0.0415312 0.0358809 0.0300002 0.0240509 0.0182923 0.0130532 0.00864653
#obs surv len freq
 nan nan nan nan nan nan nan nan nan nan nan nan nan nan nan nan nan nan nan nan nan nan nan nan nan
 0.00448202 0.0073422 0.0111712 0.0159869 0.0216876 0.0279637 0.0342786 0.0400109 0.0446913 0.048156 0.0505146 0.0520111 0.052904 0.0534168 0.0537315 0.0539867 0.0542655 0.0545584 0.0546972 0.0542892 0.0527272 0.0493591 0.0438086 0.0362882 0.0276714
 0.00461989 0.00756626 0.0115079 0.0164601 0.0223124 0.0287381 0.0351747 0.040972 0.0456395 0.0490068 0.0511928 0.0524622 0.0530994 0.0533552 0.0534342 0.0534903 0.053613 0.0537922 0.0538562 0.05341 0.0518485 0.0485239 0.0430613 0.0356666 0.0271963
 0.00477489 0.00782302 0.0119031 0.0170304 0.023087 0.0297259 0.0363519 0.0422772 0.0469817 0.0502812 0.0522976 0.0533102 0.0536263 0.0535243 0.0532392 0.0529535 0.052779 0.0527197 0.0526108 0.0520615 0.0504717 0.0471989 0.0418677 0.0346701 0.0264333
 0.00496199 0.00812826 0.0123648 0.0176857 0.0239657 0.0308404 0.0376852 0.0437767 0.048563 0.0518403 0.0537245 0.0545002 0.0544883 0.0539886 0.0532632 0.0525261 0.0519214 0.0514824 0.0510698 0.0503138 0.0486323 0.0453944 0.0402233 0.0332882 0.0253712
 0.00517324 0.00847295 0.0128859 0.0184242 0.024953 0.0320861 0.0391653 0.0454292 0.0502968 0.0535515 0.0553106 0.0558661 0.0555474 0.0546631 0.0534889 0.0522588 0.0511456 0.0502183 0.0493783 0.0482985 0.0464359 0.0431873 0.0381798 0.0315533 0.0240296
 0.00540819 0.00885726 0.0134686 0.0192524 0.0260626 0.0334878 0.0408294 0.0472813 0.0522283 0.0554413 0.0570447 0.0573477 0.0566975 0.0554165 0.0537892 0.0520581 0.0504098 0.0489393 0.0475899 0.0460902 0.0439584 0.0406409 0.0357824 0.029494 0.0224244
 0.00564318 0.00924466 0.0140617 0.0201043 0.027216 0.0349587 0.0425901 0.0492544 0.0542976 0.0574741 0.0589135 0.0589439 0.0579352 0.0562308 0.0541308 0.0518874 0.0496948 0.047663 0.0457675 0.0437924 0.0413275 0.0378872 0.0331502 0.0272059 0.0206249
 0.00588379 0.00963622 0.0146521 0.0209395 0.0283326 0.0363715 0.0442788 0.051156 0.0563129 0.0594838 0.0607953 0.0605849 0.0592392 0.0571214 0.0545503 0.0517931 0.0490549 0.046459 0.0440073 0.0415338 0.0387003 0.0350964 0.0304473 0.02483 0.0187395
 0.00612129 0.0100272 0.0152494 0.0217947 0.0294857 0.0378342 0.0460185 0.0530922 0.0583309 0.0614586 0.0626124 0.0621484 0.0604712 0.057958 0.0549392 0.051691 0.0484275 0.0452847 0.0422892 0.0393212 0.0361117 0.0323269 0.0277441 0.0224358 0.0168262
 0.00639024 0.0104669 0.0159158 0.022741 0.0307517 0.0394296 0.0479052 0.0551783 0.0604834 0.0635296 0.0644654 0.0636753 0.0615973 0.0586381 0.0551481 0.051413 0.0476492 0.0439962 0.0404968 0.0370698 0.0335101 0.0295578 0.0250438 0.0200405 0.0149069
 0.00661814 0.0108426 0.0164906 0.0235665 0.0318694 0.0408551 0.049612 0.0570911 0.0624878 0.0654928 0.0662573 0.0651827 0.0627319 0.0593394 0.0553818 0.0511646 0.0469156 0.042781 0.0388162 0.0349703 0.0310917 0.0269859 0.0225333 0.0178087 0.0131136
 0.00682627 0.011186 0.0170171 0.0243237 0.0328959 0.0421657 0.0511821 0.0588513 0.0643331 0.0673023 0.067913 0.0665818 0.0637921 0.0600004 0.0556053 0.0509316 0.0462223 0.041636 0.0372432 0.0330208 0.0288618 0.0246265 0.0202371 0.0157697 0.0114749
 0.00704985 0.0115485 0.0175607 0.0250871 0.0339069 0.0434295 0.0526696 0.0604939 0.0660317 0.0689448 0.0693929 0.067809 0.0646972 0.0605354 0.0557407 0.0506536 0.0455291 0.0405374 0.0357648 0.0312141 0.0268177 0.0224821 0.0181631 0.0139359 0.0100047
 0.0073011 0.0119593 0.0181825 0.0259669 0.0350753 0.0448832 0.0543553 0.0623067 0.0678334 0.0705954 0.070777 0.0688483 0.0653492 0.0607856 0.0555932 0.0501229 0.0446349 0.0393034 0.0342233 0.0294172 0.0248494 0.020464 0.0162432 0.0122583 0.00867105
 0.00744828 0.0122098 0.0185804 0.0265605 0.0359072 0.0459741 0.0556869 0.0638143 0.0694135 0.0721245 0.0721333 0.0699294 0.0660835 0.0611357 0.0555532 0.049709 0.0438756 0.038233 0.0328826 0.0278603 0.0231543 0.018737 0.0146097 0.0108378 0.00754622
 0.00752814 0.0123376 0.0187703 0.0268277 0.0362696 0.0464524 0.056301 0.0645759 0.070316 0.0731344 0.0731873 0.0709408 0.0669565 0.0617828 0.0559097 0.0497401 0.0435752 0.0376185 0.03199 0.0267434 0.0218877 0.0174166 0.0133444 0.00972924 0.00666446
 0.00757699 0.0124123 0.0188742 0.0269616 0.0364331 0.0466463 0.0565299 0.0648501 0.0706517 0.0735497 0.0736944 0.0715333 0.0675999 0.062414 0.0564476 0.0501035 0.0437011 0.0374733 0.0315737 0.0260885 0.0210559 0.0164934 0.0124267 0.00890725 0.00600172
 0.00765325 0.0125261 0.0190263 0.0271458 0.0366376 0.0468568 0.056733 0.0650358 0.0708171 0.0737027 0.0738535 0.0717229 0.0678396 0.0627056 0.056766 0.0503975 0.0439045 0.0375233 0.031429 0.0257419 0.0205379 0.0158663 0.0117711 0.00830196 0.00550447
 0.00773806 0.0126558 0.0192058 0.0273729 0.0369022 0.0471412 0.0570124 0.0652818 0.0710043 0.0738175 0.0738998 0.0717221 0.0678235 0.0627056 0.0568012 0.050465 0.0439764 0.0375533 0.0313677 0.0255559 0.0202237 0.0154542 0.011316 0.00786604 0.00513747
 0.00777046 0.0127142 0.0193037 0.0275251 0.0371195 0.0474228 0.0573401 0.0656206 0.0713105 0.0740517 0.0740376 0.0717598 0.0677771 0.0626049 0.0566804 0.0503517 0.0438817 0.0374672 0.0312634 0.0254026 0.0200028 0.0151705 0.0109979 0.00755423 0.00486943
 0.00782556 0.0127915 0.0193981 0.027626 0.0372162 0.0475118 0.0574288 0.0657235 0.0714394 0.0742051 0.074198 0.0718993 0.0678696 0.0626373 0.0566564 0.050288 0.0437983 0.0373768 0.0311656 0.0252858 0.0198539 0.0149858 0.0107891 0.00734496 0.00468498
 0.00786397 0.0128528 0.0194874 0.0277453 0.0373618 0.047672 0.0575841 0.0658517 0.0715253 0.0742477 0.0742109 0.0719008 0.0678713 0.0626379 0.0566459 0.0502566 0.0437431 0.0373016 0.0310753 0.0251819 0.0197343 0.0148497 0.0106421 0.0071997 0.0045566
 0.00788549 0.0128853 0.019532 0.0278015 0.0374286 0.0477481 0.0576673 0.0659379 0.071607 0.0743151 0.0742555 0.07192 0.0678699 0.0626253 0.0566296 0.0502385 0.0437193 0.0372667 0.0310258 0.0251168 0.0196541 0.014757 0.0105423 0.0071014 0.00446948
 0.00789736 0.0129021 0.0195526 0.0278234 0.0374486 0.0477634 0.0576774 0.0659443 0.0716133 0.0743252 0.0742717 0.071942 0.0678949 0.0626498 0.0566514 0.0502565 0.0437325 0.0372725 0.0310206 0.025097 0.0196187 0.0147074 0.0104834 0.00704029 0.00441367
 0.00789429 0.0128944 0.0195362 0.0277931 0.0373995 0.0476936 0.0575899 0.0658481 0.0715211 0.0742513 0.074228 0.0719357 0.067927 0.0627148 0.0567394 0.0503556 0.0438314 0.0373621 0.031094 0.0251495 0.019648 0.0147145 0.0104725 0.00701811 0.00438765
 0.00788346 0.0128748 0.0195031 0.0277406 0.0373224 0.0475893 0.0574608 0.0657027 0.0713732 0.0741179 0.0741262 0.0718796 0.0679247 0.0627668 0.0568384 0.0504882 0.0439812 0.0375125 0.0312311 0.0252634 0.0197333 0.0147704 0.0105023 0.00702816 0.00438563
 0.0078887 0.0128764 0.0194926 0.0277063 0.0372519 0.047475 0.0573041 0.0655152 0.0711744 0.07393 0.0739704 0.0717727 0.0678778 0.0627844 0.0569173 0.0506183 0.0441465 0.0376942 0.0314102 0.0254241 0.0198648 0.014868 0.0105671 0.00706578 0.00440375
 0.00788554 0.0128728 0.0194896 0.0277045 0.0372496 0.0474663 0.0572787 0.0654609 0.071083 0.0738028 0.0738204 0.0716217 0.0677502 0.0627003 0.0568886 0.0506472 0.0442261 0.0378108 0.0315461 0.0255611 0.0199876 0.0149668 0.0106384 0.00711147 0.00442941
 0.00787603 0.0128553 0.0194597 0.0276575 0.0371826 0.0473805 0.0571804 0.0653601 0.070989 0.0737202 0.0737487 0.0715586 0.0676966 0.0626627 0.0568774 0.0506717 0.0442905 0.0379112 0.0316716 0.0256964 0.0201168 0.0150774 0.0107234 0.00717013 0.00446553
 0.00785505 0.0128202 0.0194049 0.0275775 0.0370731 0.0472407 0.0570157 0.0651828 0.0708169 0.0735729 0.073642 0.0715011 0.067688 0.0626965 0.0569452 0.050767 0.0444095 0.0380504 0.0318251 0.0258544 0.0202671 0.0152084 0.0108273 0.00724465 0.00451372
 0.00782304 0.0127665 0.0193214 0.0274559 0.0369076 0.0470313 0.0567712 0.0649217 0.0705644 0.0733555 0.0734823 0.0714146 0.0676806 0.0627646 0.0570767 0.0509453 0.044617 0.0382722 0.0320485 0.0260686 0.0204618 0.0153743 0.0109585 0.0073399 0.0045766
 0.00779513 0.0127191 0.0192462 0.0273441 0.0367516 0.0468282 0.0565261 0.0646492 0.0702869 0.0730995 0.0732738 0.0712751 0.0676242 0.0627956 0.0571899 0.0511265 0.0448467 0.0385286 0.0323112 0.0263201 0.0206882 0.0155656 0.0111092 0.00744962 0.00464972
 0.00779404 0.0127151 0.019236 0.0273224 0.0367118 0.0467633 0.0564304 0.0645198 0.0701259 0.0729152 0.0730813 0.0710944 0.0674774 0.0627023 0.057163 0.0511697 0.044954 0.0386857 0.0324989 0.0265179 0.0208775 0.0157322 0.0112441 0.00754993 0.00471783
 0.00773543 0.0126246 0.0191088 0.0271575 0.0365126 0.0465375 0.0561901 0.0642813 0.0699066 0.0727306 0.0729423 0.0710071 0.0674448 0.0627262 0.0572443 0.0513074 0.0451427 0.0389148 0.0327523 0.0267759 0.0211205 0.0159439 0.0114143 0.00767572 0.00480284
 0.00768126 0.0125361 0.0189752 0.0269699 0.0362666 0.0462384 0.0558557 0.0639415 0.0695969 0.0724828 0.0727769 0.0709314 0.0674552 0.0628126 0.0573947 0.05151 0.0453867 0.0391886 0.0330421 0.0270651 0.0213912 0.01618 0.011605 0.00781727 0.00489892
 0.00766978 0.012511 0.0189254 0.026881 0.0361243 0.0460337 0.055591 0.0636326 0.0692714 0.0721744 0.0725192 0.0707512 0.0673681 0.0628216 0.0574915 0.0516795 0.0456108 0.0394494 0.033322 0.0273466 0.0216569 0.0164141 0.0117962 0.00796089 0.00499745
 0.0076685 0.0125112 0.0189293 0.0268904 0.0361378 0.0460436 0.0555821 0.0635852 0.0691692 0.0720127 0.0723099 0.0705213 0.067152 0.0626515 0.0573902 0.0516563 0.0456626 0.0395638 0.0334816 0.0275317 0.0218476 0.0165925 0.0119485 0.00807938 0.00508107
 0.00763974 0.0124686 0.0188731 0.026824 0.0360673 0.0459767 0.0555257 0.0635429 0.0691382 0.0719837 0.0722693 0.0704584 0.0670658 0.0625539 0.0573026 0.051602 0.0456586 0.039616 0.0335841 0.0276701 0.022003 0.0167459 0.012084 0.00818744 0.00515879
 0.00761354 0.0124264 0.0188107 0.0267384 0.0359588 0.0458501 0.0553921 0.0634184 0.0690397 0.0719227 0.0722476 0.0704667 0.0670889 0.0625774 0.0573197 0.0516167 0.0456829 0.0396632 0.0336622 0.0277775 0.0221296 0.0168765 0.0122038 0.00828551 0.00523079
 0.00758412 0.0123813 0.0187478 0.0266575 0.0358611 0.0457385 0.055271 0.0632949 0.0689237 0.0718263 0.0721821 0.0704396 0.0671004 0.06262 0.0573813 0.0516859 0.0457541 0.0397377 0.0337452 0.0278729 0.0222358 0.0169861 0.0123061 0.00837141 0.00529528
 0.00759416 0.0123922 0.0187544 0.0266518 0.0358349 0.0456867 0.0551948 0.0632014 0.0688234 0.0717297 0.0720978 0.0703742 0.0670586 0.0626044 0.0573914 0.0517175 0.0458008 0.0397942 0.033809 0.0279437 0.0223128 0.0170658 0.0123824 0.00843751 0.00534654
 0.00755948 0.0123442 0.0186972 0.0265935 0.0357842 0.0456479 0.0551647 0.063171 0.0687836 0.0716767 0.072036 0.0703139 0.0670116 0.0625798 0.0573931 0.051745 0.0458502 0.0398594 0.033884 0.0280235 0.0223937 0.0171439 0.0124535 0.00849736 0.00539248
 0.00753649 0.0123049 0.0186352 0.0265034 0.0356647 0.0455056 0.0550157 0.0630376 0.0686861 0.0716246 0.0720256 0.0703327 0.0670465 0.0626235 0.0574448 0.0518071 0.0459244 0.039945 0.0339773 0.0281196 0.022487 0.0172297 0.0125279 0.00855749 0.00543725
 0.007533 0.0122966 0.0186176 0.0264703 0.0356092 0.0454223 0.0549039 0.0629033 0.0685428 0.0714917 0.0719228 0.0702737 0.0670349 0.0626528 0.0575034 0.0518838 0.0460118 0.040039 0.0340751 0.0282179 0.0225815 0.0173157 0.0126012 0.00861573 0.00547986
 0.00751951 0.0122761 0.0185894 0.0264342 0.0355649 0.0453687 0.0548387 0.0628244 0.0684499 0.0713886 0.0718187 0.0701826 0.0669714 0.0626279 0.0575203 0.0519378 0.046093 0.0401365 0.0341796 0.0283223 0.0226802 0.017404 0.0126755 0.00867386 0.00552178
 0.00750186 0.0122483 0.0185491 0.0263802 0.0354977 0.0452907 0.0547547 0.0627406 0.068372 0.0713199 0.0717603 0.0701344 0.0669356 0.0626093 0.0575254 0.0519713 0.0461551 0.040222 0.0342798 0.0284274 0.0227817 0.017495 0.0127514 0.00873262 0.00556368
 0.00751487 0.0122695 0.0185809 0.0264243 0.0355539 0.045356 0.0548223 0.0628002 0.0684129 0.0713336 0.0717425 0.0700858 0.0668613 0.0625179 0.0574284 0.0518812 0.0460834 0.0401759 0.0342612 0.0284327 0.0228037 0.0175258 0.0127839 0.00876162 0.00558641
 0.00750038 0.0122499 0.0185589 0.026405 0.0355436 0.0453603 0.0548437 0.0628375 0.0684605 0.0713832 0.0717846 0.0701118 0.0668655 0.0624991 0.0573902 0.0518314 0.0460318 0.0401327 0.0342335 0.0284234 0.022811 0.0175445 0.0128075 0.00878467 0.00560537
 0.00747337 0.012205 0.0184899 0.0263069 0.0354152 0.0452075 0.0546817 0.0626892 0.0683504 0.0713289 0.0717913 0.0701718 0.066962 0.0626124 0.0575032 0.051933 0.0461179 0.0402048 0.0342965 0.0284818 0.022867 0.0175975 0.0128549 0.00882352 0.00563431
 0.00747337 0.012205 0.0184899 0.0263069 0.0354152 0.0452075 0.0546817 0.0626892 0.0683504 0.0713289 0.0717913 0.0701718 0.066962 0.0626124 0.0575032 0.051933 0.0461179 0.0402048 0.0342965 0.0284818 0.022867 0.0175975 0.0128549 0.00882352 0.00563431
 0.00713747 0.0116672 0.0176985 0.025226 0.0340397 0.0435828 0.0529199 0.0609654 0.0668705 0.0702789 0.071292 0.0702565 0.0675806 0.0636529 0.0588218 0.053384 0.0475765 0.0415786 0.0355259 0.029535 0.0237321 0.0182763 0.0133601 0.00917689 0.00586417
 0.00717078 0.0116837 0.0176527 0.0250504 0.0336594 0.0429408 0.0520029 0.0598173 0.0655904 0.0690056 0.0701806 0.069451 0.0671846 0.0637077 0.0592987 0.0541955 0.0486006 0.0426882 0.036612 0.0305187 0.0245665 0.0189423 0.0138597 0.00952737 0.00609238
 0.00713359 0.011638 0.0176087 0.0250191 0.0336398 0.0429048 0.0518886 0.0595428 0.0650869 0.0682562 0.0692426 0.0684497 0.0662814 0.063056 0.0590051 0.0542957 0.0490571 0.0434066 0.0374709 0.0313993 0.0253752 0.0196205 0.0143836 0.00990068 0.00633734
 0.00704279 0.011496 0.0174068 0.0247563 0.0333261 0.042563 0.0515506 0.0592378 0.0648229 0.0680084 0.068962 0.0680938 0.0658496 0.0626075 0.0586442 0.054133 0.0491659 0.0437965 0.0380861 0.0321414 0.0261351 0.0203075 0.0149419 0.010312 0.00661276
 0.00696009 0.0113606 0.0172018 0.0244666 0.0329436 0.0420935 0.0510207 0.058695 0.0643262 0.0676097 0.0686874 0.0679333 0.0657655 0.0625592 0.0586171 0.0541535 0.0492906 0.0440797 0.0385463 0.0327458 0.0268095 0.020964 0.0155079 0.010748 0.00691429
 0.00693637 0.0113193 0.017134 0.0243613 0.0327888 0.0418789 0.0507415 0.0583563 0.0639457 0.0672178 0.0683227 0.0676326 0.0655523 0.062436 0.0585706 0.0541698 0.0493717 0.0442461 0.0388224 0.0331365 0.0272862 0.0214695 0.0159774 0.0111327 0.00719355
 0.00691653 0.0112926 0.0171036 0.0243324 0.0327654 0.0418591 0.050715 0.0583051 0.0638497 0.0670631 0.0681088 0.0673757 0.0652819 0.0621863 0.0583701 0.0540363 0.0493139 0.0442708 0.0389377 0.033346 0.027578 0.0218106 0.0163212 0.0114344 0.00742568
 0.00682205 0.0111461 0.016897 0.0240649 0.032445 0.0415048 0.050356 0.0579769 0.0635844 0.0668786 0.0680034 0.0673331 0.0652817 0.0622154 0.058427 0.0541283 0.0494515 0.0444625 0.0391875 0.0336515 0.027927 0.0221788 0.0166748 0.0117401 0.00766164
 0.00679068 0.011092 0.01681 0.0239341 0.032262 0.0412682 0.0500763 0.0576769 0.0632953 0.0666321 0.0678231 0.0672284 0.0652477 0.062237 0.0584875 0.0542172 0.0495672 0.0446111 0.0393769 0.033885 0.0281983 0.0224701 0.0169601 0.011992 0.0078607
 0.00680448 0.0111121 0.0168355 0.0239614 0.0322839 0.0412741 0.0500527 0.0576111 0.06318 0.0664708 0.0676313 0.0670307 0.0650696 0.0620974 0.0583949 0.0541706 0.0495626 0.0446461 0.0394527 0.0340034 0.0283566 0.022657 0.017156 0.0121742 0.00801073
 0.00679922 0.0111106 0.016846 0.023995 0.0323508 0.0413772 0.0501828 0.0577462 0.0632907 0.0665282 0.0676166 0.0669403 0.0649164 0.0619067 0.0581964 0.0539907 0.0494193 0.044549 0.0394058 0.0340073 0.0284078 0.0227463 0.0172679 0.0122898 0.00811296
 0.00683551 0.0111672 0.0169271 0.0241036 0.0324892 0.0415468 0.0503826 0.0579694 0.0635211 0.0667399 0.0677765 0.0670165 0.0648883 0.0617726 0.0579748 0.053715 0.0491281 0.0442771 0.0391787 0.0338396 0.0283039 0.0227015 0.0172696 0.0123206 0.00815491
 0.00671767 0.0109885 0.0166825 0.0237982 0.0321381 0.0411741 0.0500209 0.0576579 0.0633004 0.0666422 0.0678155 0.0671812 0.0651444 0.0620718 0.0582698 0.0539727 0.0493365 0.0444428 0.0393181 0.0339696 0.0284349 0.0228349 0.0173995 0.0124374 0.00825032
 0.00671503 0.0109704 0.0166304 0.0236879 0.031948 0.0408971 0.0496735 0.0572803 0.062946 0.0663616 0.0676453 0.0671378 0.0652242 0.0622537 0.0585189 0.0542486 0.0496032 0.0446776 0.0395148 0.0341343 0.0285783 0.0229646 0.0175169 0.0125393 0.00833221
 0.00676194 0.0110493 0.0167525 0.023861 0.0321697 0.0411471 0.0499106 0.0574504 0.0630015 0.0662827 0.0674495 0.066873 0.0649489 0.0620169 0.0583475 0.0541454 0.0495531 0.0446582 0.0395071 0.0341288 0.0285747 0.0229671 0.0175286 0.012559 0.00835535
#pred catch len freq
