SBPRF35
7.78865
Curr Bio
600096
B35
666824
F35
0.225583
FOFL
0.208702
OFL
97847.9
Bzero
2.22533e+006
#pred survey bio
 3.72315e+006 3.23689e+006 2.88287e+006 2.55204e+006 2.24654e+006 1.97819e+006 1.73338e+006 1.51767e+006 1.3006e+006 1.14126e+006 1.01983e+006 908428 838301 775802 719694 694763 664442 649205 628876 612311 594539 581794 579340 574725 582998 578059 580405 578540 571433 557491 545561 534310 524942 514206 517088 524252 528098 540588 543773 564758 573583 573819 578257 580210 590420 589137 593447 569947 576850 599815 2.1663e+007 1.33814e+007 1.38182e+007 1.43863e+007 1.49954e+007 1.55603e+007 1.60403e+007 1.64257e+007 1.67237e+007 1.69486e+007 1.71158e+007 1.72389e+007 1.73293e+007 1.73957e+007 1.74445e+007 1.74806e+007 1.75074e+007 1.75274e+007 1.75424e+007 1.75538e+007 1.75623e+007 1.75688e+007 1.75738e+007 1.75776e+007 1.75805e+007 1.75827e+007 1.75844e+007 1.75858e+007 1.75868e+007 1.75876e+007 1.75882e+007 1.75886e+007 1.7589e+007 1.75893e+007 1.75895e+007 1.75897e+007 1.75898e+007 1.75899e+007 1.759e+007 1.759e+007 1.75901e+007 1.75901e+007 1.75901e+007 1.75901e+007 1.75902e+007 1.75902e+007 1.75902e+007 1.75902e+007 1.75902e+007 1.75902e+007 1.75902e+007 1.75902e+007 1.75902e+007 1.75902e+007 1.75902e+007 1.75902e+007 1.75902e+007 1.75902e+007 1.75902e+007 1.75902e+007 1.75902e+007 1.75902e+007 1.75902e+007 1.75902e+007 1.75902e+007 1.75902e+007 1.75902e+007 1.75902e+007 1.75902e+007 1.75902e+007 1.75902e+007 1.75902e+007 1.75902e+007 1.75902e+007 1.75902e+007 1.75902e+007 1.75902e+007 1.75902e+007 1.75902e+007 1.75902e+007 1.75902e+007 1.75902e+007 1.75902e+007 1.75902e+007 1.75902e+007 1.75902e+007 1.75902e+007 1.75902e+007 1.75902e+007 1.75902e+007 1.75902e+007 1.75902e+007 1.75902e+007 1.75902e+007 1.75902e+007 1.75902e+007 1.75902e+007 1.75902e+007 1.75902e+007 1.75902e+007 0 0 0 0 0 0 0 0 0 0 0 0 0 0 0 0 0 0 0 0 0 0 0 0 0
#obs survey bio
 4.12599e+006 1.65374e+006 3.24582e+006 2.68192e+006 1.87086e+006 1.49696e+006 1.16497e+006 1.10088e+006 1.05824e+006 997523 793064 779191 944480 712108 628760 701790 609314 800474 469250 667550 671658 610352 483847 464999 618018 365218 616055 602474 592752 421892 541028 675118 663363 332973 581574 488084 569577 534117 578244 747327 605734 688101 587724 406322 554246 791789 488828 585404 512566 635734
#pred catch bio
 354231 273026 288397 297731 291835 293101 284287 297486 254271 226614 221494 187270 179948 171630 142123 143553 127458 128546 121957 119349 111717 101202 102659 92422.3 103753 96267.5 97379.2 98486.6 100449 94696.7 90472.8 87747.9 91923.3 84843.9 84214.3 88428.7 82432.9 91703.6 78521.9 90514.4 97849.1 93665.8 95871.2 90444.3 101295 97012.9 121430 98626.7 90932.7 98950.6 97847.9 107522 110066 113535 117595 121410 124579 127022 128814 130080 130951 131536 131923 132176 132339 132444 132510 132552 132579 132596 132606 132613 132617 132619 132621 132622 132622 132623 132623 132623 132623 132623 132623 132623 132623 132623 132623 132623 132623 132623 132623 132623 132623 132623 132623 132623 132623 132623 132623 132623 132623 132623 132623 132623 132623 132623 132623 132623 132623 132623 132623 132623 132623 132623 132623 132623 132623 132623 132623 132623 132623 132623 132623 132623 132623 132623 132623 132623 132623 132623 132623 132623 132623 132623 132623 132623 132623 132623 132623 132623 132623 132623 132623 132623 132623 132623 132623 132623 132623 132623 0 0 0 0 0 0 0 0 0 0 0 0 0 0 0 0 0 0 0 0 0 0 0 0 0
#obs catch bio
 256393 274009 290536 300098 294911 296792 288400 303357 258764 229654 226303 191129 183163 174824 144288 145653 128908 129783 123190 120416 112133 101372 103077 92891.5 104870 97514.3 97996.2 98744.1 100789 94857.2 90586.6 87563.6 91866.8 85070.4 83780.2 88151.2 81842.4 91608 78195.4 90450.8 97809.3 93290.3 95076.5 90043.9 101627 96156.9 121362 98383.8 90615.5 98986.8
#pred cpue bio
 3.65554e+006 3.17228e+006 2.81976e+006 2.49051e+006 2.18718e+006 1.92084e+006 1.67822e+006 1.46479e+006 1.25066e+006 1.09357e+006 973732 863951 795138 734507 680330 656588 627762 613530 594364 578822 562244 550400 548156 543480 551281 546616 549457 548516 542407 529570 518718 508394 498785 486613 488185 495078 498972 510997 513842 533934 542445 542849 547429 549170 558558 557214 561346 537848 543247 564323 2.03903e+007 1.26143e+007 1.30108e+007 1.35238e+007 1.4113e+007 1.46735e+007 1.51526e+007 1.55379e+007 1.58359e+007 1.60608e+007 1.62279e+007 1.63511e+007 1.64415e+007 1.65078e+007 1.65567e+007 1.65928e+007 1.66196e+007 1.66396e+007 1.66546e+007 1.66659e+007 1.66745e+007 1.6681e+007 1.6686e+007 1.66898e+007 1.66927e+007 1.66949e+007 1.66966e+007 1.66979e+007 1.6699e+007 1.66997e+007 1.67003e+007 1.67008e+007 1.67012e+007 1.67014e+007 1.67017e+007 1.67018e+007 1.6702e+007 1.67021e+007 1.67021e+007 1.67022e+007 1.67022e+007 1.67023e+007 1.67023e+007 1.67023e+007 1.67023e+007 1.67024e+007 1.67024e+007 1.67024e+007 1.67024e+007 1.67024e+007 1.67024e+007 1.67024e+007 1.67024e+007 1.67024e+007 1.67024e+007 1.67024e+007 1.67024e+007 1.67024e+007 1.67024e+007 1.67024e+007 1.67024e+007 1.67024e+007 1.67024e+007 1.67024e+007 1.67024e+007 1.67024e+007 1.67024e+007 1.67024e+007 1.67024e+007 1.67024e+007 1.67024e+007 1.67024e+007 1.67024e+007 1.67024e+007 1.67024e+007 1.67024e+007 1.67024e+007 1.67024e+007 1.67024e+007 1.67024e+007 1.67024e+007 1.67024e+007 1.67024e+007 1.67024e+007 1.67024e+007 1.67024e+007 1.67024e+007 1.67024e+007 1.67024e+007 1.67024e+007 1.67024e+007 1.67024e+007 1.67024e+007 1.67024e+007 1.67024e+007 1.67024e+007 1.67024e+007 1.67024e+007 1.67024e+007 1.67024e+007 0 0 0 0 0 0 0 0 0 0 0 0 0 0 0 0 0 0 0 0 0 0 0 0 0
#obs cpue bio
 2.67528e+006 2.10203e+006 2.26116e+006 2.34846e+006 1.81118e+006 2.11875e+006 1.82044e+006 1.57234e+006 1.1658e+006 1.25178e+006 711153 641345 691768 637055 550740 656679 568643 534971 624089 520923 625257 519174 589854 451054 408166 503629 801445 655606 502848 723190 526937 508878 408408 515739 832390 522750 593848 422362 476936 385580 532216 567793 889428 545479 399374 869863 530094 481577 665869 448982
#pred surv len freq
 0.00512609 0.00827414 0.012366 0.0173639 0.0231543 0.029478 0.0358848 0.0418209 0.0468186 0.0506428 0.0532976 0.0549365 0.0557708 0.0560105 0.0558277 0.0553353 0.0545877 0.0535876 0.0522716 0.0504648 0.0478472 0.044017 0.0386921 0.0319704 0.0244534
 0.00561512 0.00901542 0.0133865 0.0186663 0.0247345 0.0313431 0.0380501 0.0442745 0.0494698 0.0532889 0.0556412 0.0566589 0.0566313 0.0559227 0.0548765 0.0537332 0.0525925 0.0514186 0.0500556 0.0482324 0.0455807 0.0417211 0.0364436 0.0299118 0.0227356
 0.00582755 0.00939356 0.0140138 0.0196341 0.0261151 0.0331524 0.0402227 0.0466747 0.0519378 0.0556864 0.0578583 0.0585805 0.0581025 0.0567595 0.0549268 0.0529473 0.0510535 0.0493102 0.0475911 0.0455921 0.042892 0.039084 0.0339671 0.027724 0.0209531
 0.00610375 0.00982127 0.0146221 0.0204474 0.0271626 0.0344756 0.0418664 0.0486589 0.0542215 0.058148 0.0603102 0.0608121 0.0599229 0.0580146 0.055495 0.0527407 0.0500397 0.0475411 0.0452071 0.042794 0.0399005 0.0361104 0.0312035 0.0253332 0.0190475
 0.00639229 0.010287 0.0153158 0.0214119 0.0284229 0.0360266 0.0436645 0.0506282 0.0562748 0.0602071 0.0623069 0.062669 0.0615339 0.0592447 0.0562001 0.0527939 0.0493558 0.0460974 0.0430625 0.0400948 0.0368664 0.0330021 0.0282798 0.022808 0.0170535
 0.00666125 0.0107201 0.0159607 0.0223126 0.0296142 0.0375232 0.0454468 0.0526309 0.0583898 0.0623016 0.0642497 0.0643535 0.0628853 0.0602089 0.0567222 0.0528044 0.0487768 0.0448691 0.0411792 0.0376359 0.0340064 0.029991 0.0253956 0.0202946 0.0150663
 0.00693483 0.0111609 0.0166172 0.0232288 0.0308231 0.0390363 0.0472404 0.0546385 0.0605058 0.0643952 0.0661832 0.0659995 0.0641423 0.0610104 0.0570342 0.0526102 0.0480594 0.0436079 0.0393689 0.0353218 0.0313149 0.0271328 0.0226302 0.0178656 0.0131378
 0.00716403 0.0115373 0.0171912 0.0240509 0.0319357 0.0404591 0.0489546 0.0565778 0.0625617 0.0664338 0.0680649 0.0675954 0.0653472 0.061751 0.0572713 0.0523331 0.0472746 0.0423287 0.0376181 0.0331505 0.0288291 0.0245069 0.0200869 0.0156242 0.0113521
 0.00752675 0.012109 0.0180191 0.0251689 0.0333615 0.0421881 0.0509487 0.0587561 0.0648011 0.0685827 0.0699643 0.0691024 0.0663549 0.0621993 0.0571471 0.0516599 0.0460969 0.0406997 0.0355962 0.0308094 0.026277 0.0218987 0.0176132 0.0134707 0.00964835
 0.00792277 0.0127186 0.0188732 0.0262748 0.0347048 0.0437366 0.0526521 0.0605446 0.0665882 0.0702728 0.0714612 0.070315 0.0672014 0.0626146 0.0570904 0.0511208 0.0450942 0.0392759 0.0338124 0.0287465 0.0240435 0.0196352 0.015482 0.0116253 0.00819307
 0.00817662 0.0131378 0.0195145 0.027191 0.0359292 0.0452609 0.0544084 0.0624068 0.0683995 0.0718864 0.0727706 0.071262 0.0677639 0.0627891 0.0568798 0.0505308 0.0441373 0.0379776 0.0322172 0.0269236 0.02209 0.0176754 0.0136542 0.0100552 0.00696259
 0.00832786 0.0134003 0.0199415 0.0278446 0.0368699 0.0465268 0.0559914 0.064236 0.0703409 0.0737614 0.0743901 0.0724661 0.0684551 0.0629442 0.0565377 0.0497637 0.0430231 0.0365862 0.0306123 0.0251731 0.0202779 0.0159044 0.0120355 0.00868652 0.00590317
 0.00834958 0.0134351 0.0199952 0.0279289 0.0370077 0.0467579 0.0563714 0.0648236 0.0711741 0.0748309 0.0756233 0.0737332 0.0695973 0.0638138 0.0570326 0.0498432 0.0427031 0.0359197 0.0296705 0.024036 0.019033 0.0146476 0.0108646 0.00768502 0.00512268
 0.00841678 0.0135412 0.0201486 0.0281349 0.0372671 0.0470667 0.0567219 0.0652094 0.0715968 0.0753028 0.0761603 0.0743368 0.0702365 0.0644194 0.0575106 0.0501026 0.0426828 0.0356037 0.0290866 0.023245 0.0181163 0.0136957 0.00996592 0.00691218 0.0045194
 0.00849661 0.0136693 0.0203382 0.0283964 0.0376058 0.0474779 0.0571877 0.0656977 0.0720677 0.0757199 0.0765022 0.0746024 0.0704405 0.0645773 0.0576222 0.0501437 0.0426116 0.0353796 0.0286901 0.0226897 0.0174481 0.0129825 0.00928102 0.00631799 0.0040539
 0.00846847 0.0136159 0.0202448 0.0282471 0.0373908 0.0472037 0.0568839 0.0654153 0.0718661 0.0756488 0.0765875 0.0748421 0.0708094 0.0650366 0.0581259 0.0506409 0.043048 0.0357015 0.0288558 0.0226815 0.0172803 0.0126993 0.00894378 0.00598756 0.00377509
 0.00849615 0.0136623 0.0203159 0.0283466 0.0375156 0.0473398 0.0570053 0.0654911 0.0718736 0.0755876 0.0764829 0.0747361 0.0707439 0.065038 0.0581985 0.0507683 0.0431989 0.0358363 0.0289349 0.0226757 0.0171803 0.0125197 0.00871869 0.00575814 0.00357581
 0.00847596 0.0136222 0.0202431 0.0282264 0.0373377 0.0471057 0.0567335 0.0652143 0.0716283 0.075402 0.0763722 0.0747058 0.0707963 0.0651747 0.0584168 0.0510549 0.0435266 0.0361669 0.0292265 0.0228925 0.0173024 0.0125481 0.008674 0.00567241 0.00348094
 0.00845318 0.0135954 0.0202207 0.0282203 0.0373569 0.0471484 0.0567834 0.0652444 0.0716143 0.0753344 0.0762615 0.0745769 0.0706778 0.0650907 0.0583832 0.0510789 0.0436055 0.0362865 0.0293625 0.0230159 0.0173882 0.0125838 0.0086626 0.00562915 0.00342553
 0.00836405 0.0134612 0.0200393 0.0279988 0.0371121 0.0469053 0.0565714 0.0650914 0.0715373 0.075333 0.0763179 0.0746659 0.0707794 0.0651972 0.0584983 0.0512107 0.0437586 0.0364582 0.0295411 0.0231835 0.0175261 0.012679 0.00871268 0.00564215 0.00341553
 0.00844587 0.0135639 0.0201383 0.028054 0.0370803 0.04676 0.0563184 0.0647709 0.0712101 0.0750587 0.076137 0.0745906 0.0707968 0.0652801 0.0586186 0.0513483 0.0439039 0.0366074 0.0296905 0.0233256 0.01765 0.0127748 0.0087756 0.00567461 0.00342565
 0.00861545 0.0138117 0.0204576 0.0284158 0.0374353 0.0470465 0.0564734 0.0647452 0.070986 0.0746639 0.0756427 0.0740906 0.0703757 0.0649881 0.0584639 0.0513084 0.0439435 0.0366933 0.0297978 0.0234368 0.0177528 0.0128598 0.0088375 0.00571313 0.003445
 0.0087536 0.0140185 0.0207348 0.0287508 0.0378011 0.0474037 0.0567731 0.0649339 0.0710161 0.0745088 0.0753103 0.0736278 0.0698591 0.064503 0.0580795 0.0510605 0.043831 0.0366883 0.0298618 0.0235339 0.0178556 0.012951 0.00890834 0.00576155 0.0034738
 0.00880123 0.0141088 0.0208936 0.029007 0.0381767 0.0478981 0.0573506 0.0655234 0.0715263 0.0748521 0.0754259 0.0734955 0.0695033 0.0639862 0.057488 0.0504825 0.0433356 0.0363123 0.0296088 0.0233842 0.0177797 0.0129202 0.00890057 0.00576273 0.00347662
 0.00861031 0.0138277 0.0205266 0.0285812 0.0377394 0.0475095 0.0570739 0.0654121 0.0716087 0.0751175 0.0758212 0.0739391 0.0699104 0.0642952 0.0576754 0.0505631 0.043349 0.0363041 0.0296131 0.0234155 0.0178347 0.0129858 0.00896283 0.00581254 0.00351106
 0.00840087 0.0135211 0.0201289 0.028122 0.0372667 0.0470792 0.0567403 0.0652217 0.0715939 0.0752891 0.076161 0.0743986 0.0704186 0.0647751 0.0580639 0.0508265 0.0434889 0.0363499 0.0296068 0.0233951 0.0178232 0.0129899 0.00897852 0.00583201 0.00352818
 0.00820942 0.0132085 0.0196581 0.0274644 0.0364156 0.0460677 0.0556542 0.0641937 0.0707738 0.0748018 0.076073 0.0747061 0.0710561 0.0656361 0.0590252 0.0517728 0.0443333 0.0370452 0.0301448 0.0237943 0.0181131 0.0131986 0.00912655 0.00593358 0.00359393
 0.00810532 0.0130397 0.0194041 0.0271038 0.0359281 0.0454388 0.054886 0.0633171 0.0698585 0.0739543 0.0754189 0.0743579 0.0710792 0.0660273 0.0597148 0.052647 0.0452663 0.0379289 0.0309072 0.024404 0.0185715 0.0135262 0.00935056 0.00607988 0.00368439
 0.00800498 0.0128878 0.0191956 0.0268399 0.0356128 0.0450752 0.0544733 0.0628533 0.0693461 0.0734097 0.0748808 0.0738902 0.0707618 0.0659342 0.0598872 0.0530743 0.0458861 0.0386466 0.0316244 0.0250435 0.0190905 0.0139144 0.00962065 0.0062555 0.00379114
 0.00790799 0.0127416 0.0189973 0.026595 0.0353341 0.0447797 0.0541792 0.0625759 0.0690935 0.0731798 0.074664 0.0736799 0.0705673 0.0657876 0.0598371 0.0531662 0.0461399 0.039043 0.0321091 0.0255463 0.0195482 0.0142871 0.00989528 0.00644016 0.00390494
 0.00792573 0.0127461 0.0189597 0.0264756 0.035095 0.0444038 0.0536856 0.06202 0.0685506 0.0727199 0.0743317 0.0734873 0.0705008 0.0658233 0.0599565 0.0533646 0.0464221 0.0394096 0.0325437 0.026012 0.019997 0.0146759 0.0101986 0.00665378 0.00404105
 0.00862842 0.0137378 0.0201719 0.0277458 0.0362077 0.0451594 0.0539606 0.0617916 0.0678858 0.0717472 0.0732081 0.0723648 0.0694979 0.0650083 0.0593492 0.0529531 0.0461823 0.0393176 0.0325754 0.026138 0.0201798 0.014875 0.0103795 0.00679585 0.00413902
 0.0092744 0.0147612 0.021653 0.0297165 0.0386162 0.0478327 0.0565892 0.0639733 0.0692375 0.0720382 0.072439 0.0707491 0.0673664 0.0626979 0.0571248 0.05098 0.0445369 0.0380144 0.0315939 0.02544 0.0197171 0.0145936 0.0102254 0.00672126 0.00410801
 0.0091406 0.0146652 0.0217335 0.030178 0.0396756 0.0496302 0.0591018 0.0669762 0.0723329 0.0747439 0.074308 0.0714877 0.0669118 0.0612221 0.0549623 0.0485143 0.0420989 0.0358291 0.0297769 0.0240216 0.0186736 0.0138711 0.00975676 0.00643823 0.00394965
 0.00886241 0.0142248 0.0211023 0.0293631 0.0387489 0.0487558 0.0585363 0.0670122 0.0731868 0.0764338 0.0765979 0.0739415 0.0690371 0.0626336 0.0554914 0.048225 0.041222 0.0346567 0.0285684 0.0229525 0.0178278 0.0132615 0.00935331 0.00619262 0.00381237
 0.00878824 0.0140835 0.0208511 0.0289493 0.0381241 0.047902 0.0574979 0.0659195 0.0722544 0.0759197 0.0767228 0.0747914 0.0704984 0.0644073 0.0571925 0.0495225 0.0419459 0.034824 0.0283311 0.0225095 0.0173497 0.0128537 0.00905615 0.006002 0.00370327
 0.00887425 0.0142054 0.020999 0.0290972 0.0382292 0.0479088 0.0573472 0.0655664 0.0716941 0.0752141 0.0760104 0.0742619 0.0703293 0.0646858 0.0578633 0.050399 0.0427851 0.0354268 0.0286111 0.0225002 0.0171578 0.012597 0.0088198 0.00582572 0.00359101
 0.00886711 0.0141971 0.0209921 0.0290941 0.0382287 0.0479014 0.0573118 0.0654713 0.0715054 0.0749103 0.0756006 0.0738001 0.0699148 0.0644383 0.0578783 0.0506986 0.0432974 0.0360113 0.0291196 0.0228371 0.0173063 0.0126027 0.00875177 0.0057416 0.00352251
 0.00893357 0.014302 0.0211441 0.0292985 0.0384862 0.048205 0.0576431 0.0657975 0.0717795 0.0750782 0.0756128 0.073629 0.0695712 0.0639803 0.0574012 0.0503055 0.043059 0.0359371 0.0291594 0.0229124 0.0173519 0.0125923 0.00869596 0.00566816 0.00345607
 0.00875785 0.0140395 0.0207926 0.0288727 0.0380152 0.0477277 0.0572036 0.0654414 0.0715479 0.0749976 0.0756853 0.0738288 0.0698508 0.0642878 0.0576998 0.0505862 0.0433361 0.0362293 0.0294685 0.023216 0.0176148 0.0127864 0.0088146 0.00572519 0.00347454
 0.00858845 0.0137911 0.0204693 0.0284969 0.0376229 0.047359 0.0568952 0.0652217 0.0714346 0.0749956 0.0757866 0.0740135 0.0700915 0.0645536 0.0579624 0.0508262 0.0435479 0.0364199 0.0296488 0.0233901 0.0177751 0.0129189 0.00890897 0.00578099 0.00350049
 0.00855166 0.0137234 0.0203543 0.0283176 0.0373701 0.047042 0.056548 0.0648984 0.0711926 0.0748749 0.0757967 0.0741353 0.0702892 0.0647886 0.0582027 0.0510498 0.0437438 0.0365864 0.029791 0.0235142 0.0178841 0.0130107 0.00897934 0.00582809 0.00352703
 0.00876688 0.0140159 0.0206878 0.0286213 0.0375566 0.0470378 0.056321 0.06447 0.0706312 0.0742767 0.0752616 0.0737426 0.0700796 0.0647591 0.0583158 0.0512521 0.0439838 0.0368259 0.0300078 0.0236994 0.0180358 0.01313 0.00906796 0.0058888 0.00356446
 0.00888724 0.0142249 0.0210228 0.0291147 0.038215 0.0478166 0.0571111 0.0651156 0.0709806 0.0742431 0.0748586 0.0730747 0.069297 0.0640042 0.0576855 0.0507864 0.0436756 0.036642 0.0299088 0.0236522 0.0180179 0.0131276 0.00907256 0.00589529 0.00356994
 0.00864594 0.013888 0.0206202 0.0287138 0.0379073 0.0476917 0.0572285 0.0654817 0.071538 0.074877 0.0754261 0.0734518 0.0694243 0.0639046 0.0574443 0.0505076 0.0434407 0.0364901 0.02984 0.0236446 0.0180442 0.0131659 0.00910934 0.00592435 0.0035899
 0.00877654 0.0140466 0.0207627 0.0287742 0.0378264 0.0474569 0.0568996 0.0651803 0.0713976 0.0749799 0.0757626 0.0739234 0.069887 0.0642286 0.0575613 0.050426 0.0432264 0.0362282 0.0295996 0.023462 0.0179252 0.0130983 0.00907581 0.00591004 0.00358488
 0.00899235 0.0143696 0.0211934 0.029286 0.038362 0.0479317 0.0572151 0.0652531 0.0711983 0.0745619 0.0752521 0.0734679 0.0695875 0.0640995 0.0575405 0.0504233 0.043175 0.03611 0.029438 0.023296 0.0177862 0.0129995 0.00901496 0.00587709 0.00356906
 0.00947266 0.0151152 0.0222477 0.0306597 0.0400245 0.0498005 0.0591458 0.0670419 0.0726123 0.0753948 0.0753858 0.0729106 0.0684703 0.0626299 0.0559339 0.0488447 0.0417183 0.0348136 0.0283148 0.0223541 0.0170321 0.012431 0.00861547 0.00561716 0.00341317
 0.00957264 0.0152859 0.0225199 0.0310677 0.0405988 0.0505563 0.060069 0.0680798 0.0736742 0.0763619 0.0761291 0.0733169 0.0684723 0.0622297 0.0552055 0.0479107 0.0407105 0.0338381 0.0274382 0.0216088 0.0164289 0.0119687 0.00828325 0.00539574 0.00327749
 0.00914811 0.0146846 0.0217808 0.0302864 0.0399056 0.0500778 0.0598949 0.0682484 0.0741741 0.0771387 0.0770916 0.074345 0.069433 0.0630018 0.0557072 0.0481186 0.0406599 0.0336044 0.0271082 0.0212568 0.0161058 0.0117016 0.00808145 0.00525599 0.00318912
#obs surv len freq
 0.00496768 0.00813922 0.0123843 0.0177176 0.024013 0.0309035 0.0377603 0.0438566 0.0486389 0.0519046 0.0537729 0.0545313 0.0545026 0.0539871 0.0532469 0.0524958 0.0518783 0.0514283 0.051007 0.0502455 0.048562 0.0453264 0.0401618 0.0332367 0.0253317
 0.00518917 0.00849816 0.0129227 0.0184744 0.0250182 0.0321673 0.039262 0.0455384 0.0504121 0.0536635 0.0554084 0.0559397 0.0555903 0.0546732 0.0534679 0.0522108 0.0510748 0.0501291 0.0492748 0.0481854 0.0463191 0.0430738 0.0380768 0.0314668 0.0239632
 0.00542831 0.0088895 0.0135162 0.019318 0.0261474 0.0335909 0.0409474 0.0474078 0.0523557 0.0555618 0.0571514 0.0574342 0.0567577 0.0554448 0.0537821 0.0520152 0.0503336 0.0488348 0.047463 0.0459481 0.0438095 0.0404947 0.0356488 0.0293814 0.0223376
 0.00566153 0.00927348 0.0141032 0.02016 0.0272865 0.0350436 0.0426875 0.0493606 0.0544075 0.0575816 0.059013 0.0590298 0.0580026 0.0562748 0.0541469 0.0518717 0.0496452 0.0475803 0.0456556 0.0436583 0.0411809 0.0377394 0.0330129 0.027089 0.0205342
 0.00589969 0.00966436 0.0146986 0.021011 0.0284344 0.0365046 0.0444376 0.0513284 0.0564833 0.0596373 0.0609213 0.0606776 0.059297 0.0571445 0.0545394 0.0517486 0.0489767 0.0463476 0.0438652 0.0413669 0.0385184 0.0349125 0.0302759 0.0246836 0.0186256
 0.00612321 0.010031 0.0152567 0.0218081 0.029509 0.0378725 0.0460773 0.0531754 0.0584385 0.061585 0.0627465 0.0622762 0.0605796 0.0580375 0.0549845 0.0517003 0.0484008 0.0452229 0.0421945 0.0391984 0.0359691 0.0321765 0.0275997 0.0223099 0.016727
 0.00637185 0.0104375 0.0158725 0.0226822 0.0306777 0.0393443 0.0478173 0.055101 0.0604323 0.0635186 0.0645024 0.0637591 0.0617179 0.0587787 0.0552897 0.0515387 0.0477466 0.0440584 0.0405216 0.0370594 0.0334704 0.0294984 0.024976 0.0199752 0.0148523
 0.00663982 0.0108734 0.0165288 0.0236073 0.031906 0.040881 0.0496222 0.0570839 0.0624654 0.0654617 0.0662271 0.0651645 0.0627343 0.0593657 0.0554279 0.0512202 0.0469673 0.0428162 0.0388261 0.0349518 0.0310472 0.026923 0.0224624 0.0177405 0.0130563
 0.0068449 0.0112179 0.0170676 0.0243978 0.0329956 0.0422869 0.0513127 0.0589725 0.0644248 0.06735 0.0679132 0.0665419 0.0637274 0.0599284 0.0555402 0.0508805 0.0461843 0.041604 0.0372077 0.0329739 0.0288005 0.0245538 0.0201603 0.0156978 0.0114151
 0.00705578 0.0115602 0.0175825 0.0251243 0.0339653 0.0435135 0.0527792 0.0606233 0.0661684 0.0690713 0.0694902 0.0678621 0.0647001 0.060493 0.0556667 0.0505648 0.0454396 0.0404544 0.0356887 0.031141 0.0267436 0.0224061 0.0180885 0.0138682 0.0099492
 0.0072814 0.0119292 0.018141 0.0259151 0.0350169 0.0448255 0.0543084 0.0622826 0.0678427 0.0706429 0.0708585 0.0689508 0.0654543 0.0608751 0.0556553 0.0501549 0.0446418 0.0392937 0.0342049 0.0293938 0.0248221 0.0204328 0.0162095 0.0122251 0.00864194
 0.00741282 0.0121503 0.0184879 0.0264268 0.0357279 0.0457532 0.0554407 0.0635708 0.0692071 0.0719867 0.0720846 0.0699746 0.0662111 0.0613222 0.0557689 0.0499257 0.0440727 0.0383999 0.0330173 0.0279654 0.0232336 0.018794 0.0146477 0.0108604 0.00755776
 0.00751616 0.0123153 0.0187314 0.0267642 0.0361732 0.0463172 0.0561269 0.0643708 0.0700971 0.0729264 0.0730185 0.0708372 0.0669351 0.0618465 0.0560462 0.049926 0.0437826 0.0378221 0.0321721 0.0268951 0.022007 0.0175056 0.0134071 0.00977052 0.00668952
 0.00759162 0.0124343 0.0189037 0.0269967 0.036469 0.0466751 0.0565407 0.0648306 0.0705919 0.073447 0.0735561 0.0713779 0.067453 0.0623018 0.056389 0.0501051 0.043756 0.0375643 0.0316801 0.0261922 0.021145 0.0165626 0.0124759 0.00893938 0.00602089
 0.00765731 0.0125345 0.0190424 0.0271732 0.0366791 0.0469123 0.0567971 0.065098 0.0708633 0.0737186 0.0738288 0.0716552 0.0677361 0.0625832 0.0566469 0.0503036 0.0438504 0.0375124 0.0314538 0.0257885 0.0205913 0.0159153 0.0118095 0.00832842 0.00552072
 0.00771638 0.0126255 0.0191695 0.0273366 0.0368739 0.0471289 0.0570214 0.0653135 0.0710551 0.0738784 0.0739579 0.0717632 0.0678364 0.0626863 0.0567546 0.0504044 0.0439187 0.0375134 0.0313533 0.0255657 0.02025 0.0154868 0.0113467 0.00788992 0.00515352
 0.00775686 0.0126881 0.0192578 0.0274513 0.0370129 0.0472865 0.0571885 0.0654777 0.0712031 0.0739995 0.0740471 0.0718224 0.0678739 0.0627134 0.0567813 0.050434 0.0439441 0.0375158 0.031307 0.0254477 0.0200508 0.0152182 0.0110406 0.00758817 0.00489332
 0.00783494 0.0128069 0.0194213 0.0276571 0.0372527 0.0475469 0.0574514 0.0657218 0.0714067 0.0741447 0.074124 0.0718308 0.0678224 0.0626172 0.056659 0.0503026 0.0438144 0.0373888 0.0311737 0.0252935 0.0198646 0.0150004 0.0108057 0.00736073 0.00469762
 0.00783953 0.0128179 0.0194441 0.0276986 0.0373188 0.0476393 0.0575657 0.0658475 0.0715305 0.0742548 0.0742126 0.0718943 0.0678598 0.0626295 0.0566488 0.0502744 0.0437732 0.0373376 0.0311112 0.0252143 0.0197625 0.0148743 0.0106634 0.00721733 0.00457
 0.00786916 0.0128569 0.019486 0.0277331 0.0373355 0.047634 0.0575443 0.0658244 0.071522 0.0742716 0.0742555 0.0719552 0.0679269 0.0626917 0.0566983 0.0503071 0.0437883 0.0373355 0.0310922 0.0251774 0.0197065 0.0147999 0.0105757 0.00712616 0.00448673
 0.00787956 0.0128724 0.0195064 0.027756 0.0373558 0.0476438 0.0575341 0.0657873 0.0714585 0.074193 0.0741816 0.0719073 0.0679187 0.0627241 0.0567611 0.0503845 0.0438648 0.0373998 0.0311373 0.0251998 0.0197052 0.0147768 0.010536 0.00707771 0.00443851
 0.00791396 0.0129228 0.019572 0.0278322 0.0374355 0.0477186 0.0575959 0.0658281 0.0714712 0.0741727 0.0741286 0.0718297 0.0678317 0.0626455 0.0567051 0.0503565 0.0438608 0.0374098 0.0311499 0.0252059 0.0196996 0.0147584 0.0105071 0.00704349 0.00440485
 0.00789269 0.0128903 0.019527 0.0277748 0.0373669 0.0476414 0.0575137 0.065746 0.0713958 0.0741113 0.0740871 0.0718116 0.0678376 0.0626748 0.0567563 0.050428 0.0439489 0.0375075 0.0312473 0.0252924 0.019767 0.0148028 0.0105297 0.00704907 0.00440012
 0.00790626 0.0129052 0.0195364 0.0277683 0.0373341 0.0475764 0.0574192 0.0656334 0.071281 0.0740095 0.0740093 0.071763 0.0678194 0.0626854 0.0567926 0.050486 0.044024 0.0375939 0.0313377 0.0253785 0.0198407 0.0148586 0.010566 0.00706828 0.00440706
 0.00788047 0.0128671 0.0194856 0.0277062 0.037262 0.0474939 0.0573239 0.0655232 0.0711583 0.0738839 0.0738969 0.0716819 0.0677831 0.062699 0.0568526 0.0505827 0.0441454 0.0377279 0.0314732 0.0255056 0.0199512 0.0149467 0.0106297 0.00710936 0.0044302
 0.00787223 0.0128462 0.0194408 0.0276237 0.0371305 0.0473115 0.0571029 0.0652888 0.0709403 0.0737068 0.0737746 0.0716187 0.067778 0.062749 0.056953 0.0507257 0.0443193 0.0379183 0.031665 0.0256852 0.0201078 0.0150736 0.0107244 0.00717387 0.00446992
 0.00783045 0.0127836 0.0193559 0.0275176 0.0370043 0.0471649 0.056934 0.0650974 0.0707335 0.0735015 0.0735959 0.0714923 0.0677221 0.0627696 0.0570447 0.0508757 0.044511 0.0381341 0.0318872 0.0258973 0.0202962 0.0152288 0.0108427 0.00725658 0.0045226
 0.00783995 0.0127905 0.0193509 0.0274875 0.0369368 0.0470543 0.0567857 0.0649266 0.0705584 0.0733368 0.0734505 0.071372 0.0676345 0.0627247 0.0570515 0.0509378 0.0446241 0.0382863 0.0320622 0.0260773 0.0204649 0.015374 0.0109571 0.00733899 0.00457659
 0.00779126 0.0127187 0.0192561 0.0273733 0.036808 0.0469135 0.0566323 0.0647596 0.0703816 0.0731621 0.0732962 0.0712576 0.0675737 0.062723 0.0571077 0.0510465 0.0447776 0.038474 0.0322703 0.0262893 0.0206642 0.0155465 0.0110945 0.0074392 0.00464314
 0.00775772 0.0126582 0.0191548 0.0272167 0.0365866 0.0466304 0.0563085 0.0644311 0.0700882 0.0729347 0.0731498 0.0711927 0.067584 0.0628007 0.0572448 0.0512344 0.0450052 0.0387284 0.0325365 0.0265512 0.0209058 0.0157545 0.0112602 0.00756052 0.0047243
 0.00772151 0.0125985 0.0190632 0.0270841 0.0364043 0.046393 0.0560174 0.064099 0.0697407 0.0726081 0.0728835 0.0710197 0.0675219 0.0628491 0.0573896 0.0514539 0.0452767 0.0390302 0.0328485 0.0268545 0.0211833 0.0159922 0.0114495 0.00769962 0.00481785
 0.00930777 0.0148163 0.0217344 0.02982 0.0387189 0.0478827 0.0565035 0.0636539 0.0686052 0.0710702 0.0711907 0.0693476 0.0659807 0.061501 0.0562619 0.0505488 0.0445786 0.0385137 0.0324842 0.0266128 0.0210355 0.0159118 0.0114131 0.00768836 0.00481831
 0.00928816 0.015082 0.0226585 0.0318656 0.0422371 0.05284 0.0623091 0.0692557 0.0728629 0.0732043 0.0710396 0.0673099 0.0627407 0.0577374 0.0524803 0.047051 0.0415091 0.03592 0.0303621 0.0249322 0.0197527 0.0149744 0.0107629 0.00726413 0.00456029
 0.00895583 0.0145566 0.0219176 0.0309561 0.0413305 0.052271 0.0625363 0.0706977 0.0756476 0.0769817 0.0750245 0.0705799 0.0646215 0.0580378 0.0514626 0.0452151 0.0393572 0.0338187 0.0285168 0.0234242 0.0185884 0.0141219 0.0101726 0.00688015 0.00432751
 0.00877585 0.0142563 0.0214518 0.0302809 0.0404198 0.051148 0.0613144 0.0696097 0.0750287 0.0771782 0.0762379 0.0727188 0.067266 0.0605749 0.0533354 0.046137 0.0393699 0.0331922 0.0275848 0.0224577 0.0177487 0.0134723 0.00971339 0.00658045 0.00414675
 0.00872435 0.0141629 0.0212927 0.0300254 0.0400349 0.0506072 0.0606113 0.0687745 0.0741459 0.0763983 0.0757675 0.0727697 0.0679623 0.0618615 0.0549535 0.0477077 0.0405498 0.0338074 0.027666 0.022175 0.017306 0.013028 0.00935289 0.0063272 0.00398827
 0.0086964 0.0141201 0.0212324 0.0299442 0.0399263 0.0504581 0.0604016 0.0684813 0.0737547 0.0759188 0.0752512 0.0723177 0.0677112 0.0619392 0.0554151 0.048486 0.0414617 0.0346258 0.0282178 0.0224048 0.0172716 0.0128447 0.00913067 0.00613561 0.00385301
 0.00867196 0.0140791 0.0211685 0.0298517 0.0398015 0.0503021 0.0602207 0.0682847 0.0735482 0.0757019 0.0750197 0.0720762 0.067489 0.0617956 0.0554245 0.0487017 0.0418765 0.0351583 0.0287413 0.0228038 0.0174906 0.0128989 0.0090799 0.00604534 0.0037682
 0.00866662 0.0140657 0.0211394 0.0297971 0.0397116 0.0501713 0.0600513 0.0680879 0.0733414 0.0755034 0.0748429 0.0719274 0.0673703 0.0617136 0.0553982 0.0487605 0.0420452 0.0354343 0.0290828 0.0231413 0.0177578 0.0130618 0.00914457 0.00604458 0.00373897
 0.0086603 0.0140605 0.0211406 0.0298111 0.0397427 0.0502168 0.0600987 0.0681171 0.0733324 0.0754441 0.0747348 0.0717836 0.0672102 0.0615577 0.0552658 0.0486715 0.0420188 0.0354826 0.0292007 0.0233023 0.0179215 0.0131914 0.00922235 0.00607443 0.0037381
 0.00865616 0.0140523 0.021126 0.029788 0.0397112 0.0501807 0.0600661 0.0680971 0.0733297 0.0754545 0.0747453 0.0717787 0.0671795 0.0615013 0.0551944 0.0486027 0.0419721 0.0354741 0.0292377 0.0233789 0.0180191 0.0132861 0.00929488 0.00611751 0.00375592
 0.00861153 0.0139866 0.0210396 0.0296858 0.0396007 0.0500701 0.0599629 0.0680084 0.0732633 0.075418 0.0747436 0.0718102 0.067235 0.0615667 0.0552567 0.0486556 0.042018 0.0355219 0.0292967 0.0234531 0.0181042 0.0133706 0.00936649 0.00616851 0.00378582
 0.00864807 0.0140346 0.0210911 0.0297268 0.0396163 0.0500511 0.0599106 0.0679346 0.0731839 0.0753471 0.0746889 0.0717736 0.067215 0.0615597 0.0552581 0.0486605 0.0420237 0.0355291 0.0293094 0.0234756 0.0181373 0.0134105 0.00940592 0.00620087 0.00380784
 0.00862815 0.0140123 0.0210756 0.0297308 0.0396503 0.0501155 0.0599914 0.0680067 0.0732225 0.0753395 0.0746398 0.0717008 0.0671392 0.0614962 0.0552134 0.0486339 0.042011 0.035526 0.0293136 0.0234867 0.0181551 0.0134335 0.00943055 0.00622302 0.00382459
 0.00861686 0.0139913 0.0210398 0.0296759 0.0395762 0.05003 0.0599113 0.0679525 0.0732089 0.0753669 0.0746933 0.0717586 0.0671843 0.0615233 0.0552274 0.0486438 0.0420236 0.0355439 0.0293363 0.0235124 0.0181823 0.0134605 0.00945567 0.00624424 0.00384057
 0.00862299 0.0140013 0.0210545 0.0296954 0.0395985 0.0500507 0.0599241 0.067952 0.0731944 0.0753436 0.0746709 0.0717448 0.0671803 0.0615235 0.0552246 0.048634 0.0420084 0.035528 0.0293243 0.0235068 0.0181832 0.0134665 0.00946455 0.00625371 0.00384882
 0.00862299 0.0140013 0.0210545 0.0296954 0.0395985 0.0500507 0.0599241 0.067952 0.0731944 0.0753436 0.0746709 0.0717448 0.0671803 0.0615235 0.0552246 0.048634 0.0420084 0.035528 0.0293243 0.0235068 0.0181832 0.0134665 0.00946455 0.00625371 0.00384882
 0.00893469 0.0144926 0.0217629 0.030639 0.0407654 0.051386 0.0613208 0.0692578 0.0742419 0.0759947 0.0748528 0.0714636 0.066508 0.0605715 0.0541145 0.0474757 0.0408884 0.034507 0.0284398 0.022777 0.0176104 0.0130406 0.0091663 0.00605847 0.00373025
 0.0088305 0.0143621 0.0216389 0.0305779 0.0408341 0.0516398 0.0617815 0.0699029 0.0750068 0.0767843 0.0755596 0.0719887 0.0667829 0.0605726 0.0538655 0.0470366 0.0403364 0.0339179 0.0278754 0.0222794 0.0172025 0.0127285 0.00894374 0.0059111 0.00364013
 0.0087609 0.0142342 0.0214223 0.0302442 0.0403743 0.0510869 0.0612229 0.0694671 0.0748217 0.076926 0.0760202 0.072679 0.0675658 0.0613072 0.0544437 0.0474034 0.0404907 0.0338993 0.0277432 0.0220937 0.0170111 0.0125616 0.00881504 0.00582176 0.00358394
#pred catch len freq
 0.00392628 0.00627143 0.00926665 0.0128928 0.0171512 0.0220313 0.0274388 0.0331626 0.0389078 0.0443578 0.0492254 0.0532923 0.0564397 0.0586538 0.0599986 0.0605768 0.060497 0.0598454 0.0586378 0.0567504 0.0538753 0.0495934 0.0436067 0.036036 0.0275647
 0.00432079 0.00686894 0.0100896 0.0139472 0.0184442 0.0235891 0.0293028 0.0353522 0.0413645 0.0469035 0.0515725 0.0551138 0.0574712 0.0587781 0.0592739 0.0591993 0.0587196 0.0578881 0.0566257 0.0547058 0.0517671 0.0474142 0.0414289 0.0340082 0.0258508
 0.00454239 0.00724532 0.0106848 0.0148284 0.0196656 0.0251698 0.0312125 0.0375173 0.0436929 0.0493043 0.0539442 0.0573092 0.0592768 0.0599455 0.059599 0.0586043 0.0572845 0.0558113 0.054142 0.052013 0.0490025 0.0446826 0.0388451 0.0317099 0.023967
 0.00482167 0.00767632 0.0112951 0.0156405 0.0207082 0.0264867 0.0328556 0.0395186 0.0460265 0.0518627 0.0565487 0.059748 0.0613443 0.0614582 0.0603964 0.0585595 0.056338 0.0540071 0.0516319 0.0490213 0.0457766 0.0414591 0.0358377 0.0291001 0.0218812
 0.00510877 0.00813204 0.0119606 0.0165475 0.0218755 0.0279162 0.034529 0.0414003 0.048072 0.0540231 0.05876 0.061911 0.0633124 0.0630493 0.0614215 0.0588551 0.0557932 0.0525873 0.0493987 0.0461388 0.0424936 0.0380701 0.0326348 0.0263248 0.0196845
 0.00539761 0.00858907 0.0126268 0.0174572 0.0230559 0.0293837 0.0362784 0.0433922 0.0502267 0.0562278 0.0608884 0.0638449 0.064953 0.0643105 0.0622136 0.0590748 0.0553342 0.0513707 0.0474136 0.0434747 0.0393502 0.0347338 0.0294237 0.0235179 0.0174607
 0.00569182 0.00905479 0.0133057 0.0183835 0.0242556 0.0308704 0.0380451 0.0454002 0.0523997 0.0584539 0.0630298 0.0657553 0.0665003 0.0653944 0.0627694 0.059061 0.0547147 0.0501112 0.0455025 0.0409621 0.0363815 0.0315519 0.0263276 0.0207889 0.0152889
 0.00599421 0.0095357 0.0140107 0.0193511 0.0255143 0.0324324 0.0398951 0.0474852 0.0546265 0.0606962 0.0651423 0.067591 0.0679284 0.0663156 0.0631235 0.0588234 0.0538844 0.0486994 0.0435337 0.0384953 0.0335403 0.0285395 0.0234034 0.0182079 0.0132306
 0.00634111 0.0100778 0.0147877 0.0203903 0.0268325 0.0340361 0.0417726 0.0495936 0.0568804 0.0629668 0.0672694 0.0694065 0.0692838 0.0671053 0.0632944 0.0583698 0.0528344 0.0470999 0.0414454 0.0360018 0.0307672 0.0256677 0.0206553 0.0158013 0.0113189
 0.00672618 0.0106674 0.0156084 0.0214462 0.0281108 0.035515 0.0434234 0.0513757 0.0587349 0.0648132 0.0690066 0.0709183 0.070451 0.0678218 0.063484 0.0579973 0.0519056 0.045655 0.0395517 0.0337528 0.0282907 0.0231298 0.0182479 0.0137059 0.00966064
 0.00703566 0.0111627 0.0163388 0.0224507 0.0294092 0.0370952 0.045229 0.0533041 0.0606539 0.0665884 0.0705253 0.0720991 0.0712405 0.068186 0.0634021 0.0574602 0.0509198 0.0442476 0.0377751 0.0316899 0.0260579 0.0208751 0.0161359 0.0118862 0.00823165
 0.00716985 0.0113934 0.0167109 0.0230191 0.0302326 0.0382223 0.0466778 0.0550412 0.0625825 0.0685524 0.0723337 0.0735674 0.0722323 0.0686369 0.0633157 0.056884 0.0499181 0.0428863 0.0361219 0.0298241 0.0240805 0.0189109 0.0143202 0.0103389 0.00702721
 0.00722662 0.0114818 0.0168394 0.0231991 0.0304852 0.0385839 0.0471997 0.0557782 0.0635696 0.0697778 0.0737217 0.0749813 0.0735015 0.0695984 0.0638527 0.0569466 0.0495199 0.0420848 0.0349978 0.0284695 0.0225984 0.0174149 0.0129264 0.00914669 0.00609808
 0.00731471 0.0116185 0.0170326 0.0234519 0.0307956 0.0389462 0.0476072 0.0562278 0.0640673 0.07034 0.0743654 0.0757046 0.0742643 0.0703173 0.0644171 0.0572501 0.0494915 0.041706 0.0343015 0.0275277 0.0215073 0.016282 0.0118568 0.00822683 0.00538
 0.00732394 0.0116382 0.0170714 0.0235217 0.0309102 0.0391181 0.0478434 0.0565268 0.064419 0.0707289 0.0747767 0.0761293 0.0746974 0.0707476 0.0648147 0.0575613 0.0496491 0.0416513 0.0340072 0.02701 0.0208235 0.0155165 0.0111014 0.00756033 0.00485208
 0.0073219 0.0116267 0.0170395 0.0234559 0.0307998 0.0389633 0.0476618 0.0563534 0.0642977 0.0707004 0.074867 0.0763447 0.0750254 0.0711615 0.0652765 0.0580225 0.0500518 0.041935 0.0341223 0.0269342 0.0205723 0.0151405 0.0106716 0.00714732 0.00450731
 0.00730367 0.0116022 0.0170116 0.0234285 0.0307746 0.0389362 0.0476219 0.0562885 0.0642041 0.0705912 0.0747731 0.0763048 0.0750715 0.0713066 0.0655106 0.0583154 0.0503593 0.042206 0.0343083 0.0270005 0.020509 0.0149672 0.0104316 0.00689243 0.00428119
 0.00729943 0.0115883 0.0169782 0.0233631 0.0306666 0.0387827 0.0474317 0.0560807 0.0640015 0.0704136 0.0746352 0.0762201 0.0750553 0.0713746 0.0656712 0.058561 0.050663 0.0425251 0.0345937 0.0272096 0.0206167 0.0149732 0.0103587 0.00677706 0.00415979
 0.00726695 0.0115452 0.0169305 0.0233204 0.0306372 0.0387665 0.0474178 0.0560504 0.0639389 0.0703156 0.0745144 0.0760994 0.0749596 0.0713241 0.0656794 0.0586337 0.0507956 0.0427005 0.0347829 0.027378 0.0207352 0.0150275 0.0103531 0.00673058 0.00409674
 0.00718745 0.0114261 0.0167706 0.0231273 0.0304261 0.0385594 0.0472388 0.0559208 0.0638702 0.070304 0.0745435 0.076149 0.0750167 0.0713882 0.0657597 0.0587414 0.0509366 0.0428709 0.0349681 0.0275561 0.0208832 0.0151291 0.0104046 0.00674067 0.00408148
 0.00723509 0.0114808 0.0168112 0.0231209 0.0303388 0.0383713 0.0469577 0.0555842 0.0635344 0.0700263 0.0743642 0.0760821 0.0750507 0.071496 0.0659113 0.0589149 0.0511205 0.04306 0.0351569 0.0277348 0.0210385 0.015249 0.0104835 0.00678191 0.00409504
 0.00734435 0.0116375 0.0170068 0.02333 0.0305211 0.0384781 0.0469422 0.0554145 0.0632085 0.0695817 0.0738746 0.0756366 0.0747243 0.0713269 0.0658957 0.059019 0.0512996 0.0432739 0.0353764 0.0279404 0.0212167 0.0153909 0.0105853 0.00684598 0.00412906
 0.00748001 0.01184 0.0172771 0.0236549 0.0308738 0.0388205 0.0472274 0.0555913 0.0632295 0.069418 0.0735302 0.0751557 0.0741849 0.0708196 0.0654969 0.0587694 0.0511992 0.0432923 0.0354703 0.0280688 0.0213484 0.0155061 0.0106742 0.00690656 0.0041651
 0.00748408 0.0118606 0.0173338 0.0237735 0.0310784 0.0391214 0.0476099 0.0560118 0.0636232 0.0697131 0.0736656 0.0750972 0.0739362 0.0704249 0.0650304 0.0583142 0.0508229 0.0430304 0.0353239 0.0280143 0.0213528 0.0155386 0.0107127 0.00693896 0.00418719
 0.00736283 0.0116849 0.0171101 0.0235247 0.0308416 0.0389413 0.04753 0.0560647 0.0638183 0.0700279 0.0740448 0.0754653 0.07422 0.0705763 0.0650406 0.0582127 0.0506636 0.0428705 0.035205 0.027953 0.0213431 0.0155621 0.0107493 0.00697397 0.00421356
 0.00714029 0.0113576 0.0166826 0.0230258 0.030319 0.0384521 0.047132 0.0558105 0.0637493 0.0701648 0.0743774 0.0759481 0.074778 0.071122 0.0654976 0.0585361 0.050849 0.0429476 0.0352199 0.0279484 0.0213454 0.0155792 0.0107767 0.00700298 0.00423753
 0.00695747 0.0110637 0.016248 0.0224293 0.0295575 0.0375528 0.0461626 0.0548772 0.0629776 0.0696687 0.0742309 0.0761688 0.0753249 0.0719062 0.0664021 0.0594423 0.0516627 0.0436153 0.0357306 0.0283219 0.0216136 0.0157718 0.0109145 0.00709903 0.00430081
 0.00685737 0.010903 0.0160084 0.0220917 0.0291015 0.0369596 0.0454246 0.0540124 0.0620447 0.0687707 0.0735007 0.0757347 0.0752714 0.0722459 0.0670726 0.0603277 0.0526277 0.0445399 0.0365327 0.028964 0.0220956 0.0161155 0.0111492 0.00725247 0.00439597
 0.00677601 0.0107799 0.0158393 0.0218764 0.0288403 0.0366485 0.0450531 0.0535667 0.0615165 0.0681704 0.0728695 0.0751489 0.074831 0.0720472 0.0671746 0.060728 0.053261 0.0452998 0.0373058 0.02966 0.0226631 0.0165408 0.0114453 0.00744496 0.004513
 0.00666977 0.01062 0.0156226 0.0216089 0.0285352 0.0363228 0.0447239 0.0532478 0.0612145 0.0678828 0.0725886 0.0748725 0.0745752 0.0718534 0.0671013 0.0608283 0.053557 0.0457673 0.0378796 0.030256 0.023206 0.0169831 0.0117712 0.00766415 0.0046481
 0.00666604 0.0105964 0.0155552 0.0214657 0.0282859 0.0359533 0.0442483 0.0527104 0.0606778 0.0674088 0.0722212 0.0746297 0.0744523 0.0718356 0.0671781 0.0610018 0.053837 0.0461563 0.0383581 0.0307797 0.0237169 0.0174288 0.0121205 0.00791075 0.00480545
 0.00727486 0.0114568 0.0166091 0.0225735 0.0292604 0.0366183 0.0444899 0.0524996 0.0600652 0.0665033 0.0711638 0.0735631 0.0734928 0.0710538 0.0665989 0.0606189 0.0536314 0.0461072 0.0384421 0.0309651 0.0239613 0.0176853 0.0123493 0.00808866 0.00492742
 0.00791686 0.012459 0.018033 0.024429 0.0314824 0.0390431 0.0468475 0.0544483 0.0612785 0.066777 0.0704842 0.0721002 0.071529 0.0688928 0.064494 0.0587394 0.0520635 0.0448744 0.0375292 0.0303349 0.0235636 0.0174627 0.0122441 0.00805125 0.00492186
 0.00782356 0.012406 0.0181374 0.024866 0.0324448 0.0406701 0.0491494 0.0572592 0.0642601 0.0694779 0.0724465 0.0729869 0.0712253 0.067533 0.0623989 0.0562995 0.049627 0.0426836 0.0357113 0.0289252 0.0225378 0.0167631 0.0117993 0.00778893 0.0047792
