SBPRF35
7.21256
Curr Bio
550152
B35
514821
F35
0.221265
FOFL
0.217928
OFL
85451.3
Bzero
2.06073e+006
#pred survey bio
 3.37717e+006 3.32874e+006 3.20114e+006 2.83903e+006 2.68683e+006 2.62225e+006 2.48037e+006 2.27886e+006 1.96607e+006 1.58684e+006 1.35478e+006 1.22741e+006 1.16201e+006 1.11171e+006 1.05029e+006 931547 836492 737335 681024 673700 655660 646273 649536 624510 559630 542175 542298 531966 546841 547382 547538 547915 535421 545399 560257 571852 587013 573032 551468 537806 564287 591347 586760 598341 630865 674014 659235 599986 561618 570839 601439 650281 628165 562841 555938 557363 1.80074e+007 1.07607e+007 1.10294e+007 1.17064e+007 1.25643e+007 1.34181e+007 1.4167e+007 1.47748e+007 1.52439e+007 1.5594e+007 1.58497e+007 1.60341e+007 1.61661e+007 1.62604e+007 1.63278e+007 1.63762e+007 1.64111e+007 1.64364e+007 1.64549e+007 1.64685e+007 1.64786e+007 1.6486e+007 1.64916e+007 1.64958e+007 1.6499e+007 1.65014e+007 1.65032e+007 1.65046e+007 1.65056e+007 1.65064e+007 1.6507e+007 1.65075e+007 1.65078e+007 1.65081e+007 1.65083e+007 1.65084e+007 1.65086e+007 1.65087e+007 1.65087e+007 1.65088e+007 1.65088e+007 1.65089e+007 1.65089e+007 1.65089e+007 1.65089e+007 1.65089e+007 1.65089e+007 1.65089e+007 1.65089e+007 1.6509e+007 1.6509e+007 1.6509e+007 1.6509e+007 1.6509e+007 1.6509e+007 1.6509e+007 1.6509e+007 1.6509e+007 1.6509e+007 1.6509e+007 1.6509e+007 1.6509e+007 1.6509e+007 1.6509e+007 1.6509e+007 1.6509e+007 1.6509e+007 1.6509e+007 1.6509e+007 1.6509e+007 1.6509e+007 1.6509e+007 1.6509e+007 1.6509e+007 1.6509e+007 1.6509e+007 1.6509e+007 1.6509e+007 1.6509e+007 1.6509e+007 1.6509e+007 1.6509e+007 1.6509e+007 1.6509e+007 1.6509e+007 1.6509e+007 1.6509e+007 1.6509e+007 1.6509e+007 1.6509e+007 1.6509e+007 1.6509e+007 1.6509e+007 1.6509e+007 1.6509e+007 1.6509e+007 1.6509e+007 1.6509e+007 1.6509e+007 1.6509e+007 0 0 0 0 0 0 0 0 0 0 0 0 0 0 0 0 0 0 0 0 0 0 0 0 0
#obs survey bio
 3.08634e+006 2.53109e+006 3.85684e+006 2.53558e+006 2.36706e+006 3.29821e+006 2.51293e+006 2.65862e+006 2.32041e+006 1.55468e+006 1.33549e+006 1.04376e+006 1.21451e+006 1.37888e+006 1.07785e+006 685641 906437 544057 604775 695492 608828 587908 617959 652166 561553 413406 545049 378635 596171 501450 620938 519994 549604 601702 684901 663365 895336 475520 508381 430729 421696 802970 668676 775951 468484 851146 730076 589184 424106 486746 642719 729340 534052 591573 741480 658657
#pred catch bio
 99919.2 99205.9 162715 207649 226638 284254 281522 304907 302140 289776 291882 270964 262240 239813 226355 202415 179305 171549 141456 147070 140470 126084 118640 125776 104676 104813 110272 101211 98318.3 95609.5 98693.2 101211 92642.5 95275.7 96288.4 89698 86107 88653.5 82578.3 85491.4 91602.3 96446.8 87483 84993.9 88449.5 91435.7 85457.3 104580 92733.4 92618.5 82011.9 99794.5 138780 92711.3 67985.8 112472 85451.3 85632.1 86331.8 90620.6 96863.6 103162 108602 112899 116095 118373 119945 121004 121705 122162 122457 122645 122765 122840 122887 122917 122935 122947 122954 122958 122961 122963 122964 122964 122965 122965 122965 122965 122965 122965 122965 122965 122966 122966 122966 122966 122966 122966 122966 122966 122966 122966 122966 122966 122966 122966 122966 122966 122966 122966 122966 122966 122966 122966 122966 122966 122966 122966 122966 122966 122966 122966 122966 122966 122966 122966 122966 122966 122966 122966 122966 122966 122966 122966 122966 122966 122966 122966 122966 122966 122966 122966 122966 122966 122966 122966 122966 122966 122966 122966 122966 122966 122966 122966 122966 122966 0 0 0 0 0 0 0 0 0 0 0 0 0 0 0 0 0 0 0 0 0 0 0 0 0
#obs catch bio
 0 98806.8 162830 208086 226739 284902 281299 304924 301433 289455 293189 272351 263952 240023 225545 202669 178652 172053 141496 147082 140641 126291 118384 125684 104595 104976 110225 101510 98182.4 95510.4 98781.7 101155 92621.8 95379 96393.9 89796.3 85944.8 88694.7 82412.7 85657.4 91733.7 96409.6 87420.7 84983 88619 91396.6 85124.4 104886 92764 92829.7 81939.2 99433.6 139539 92770.1 67503.7 112989
#pred cpue bio
 3.33961e+006 3.29187e+006 3.16436e+006 2.80475e+006 2.65229e+006 2.58621e+006 2.44371e+006 2.24247e+006 1.93189e+006 1.55668e+006 1.32632e+006 1.19887e+006 1.13253e+006 1.08117e+006 1.01938e+006 902197 808476 711690 656410 649039 631327 621942 625050 601109 538451 521610 521790 511830 526192 526891 527202 527747 515813 525546 540083 551300 564791 549633 527893 514792 540311 566473 562220 573335 604608 646134 632287 575743 538535 547275 576602 623921 602870 538663 531451 533774 1.72327e+007 1.02862e+007 1.04407e+007 1.10333e+007 1.18721e+007 1.27229e+007 1.34714e+007 1.40792e+007 1.45482e+007 1.48983e+007 1.51541e+007 1.53384e+007 1.54704e+007 1.55647e+007 1.56321e+007 1.56805e+007 1.57154e+007 1.57407e+007 1.57592e+007 1.57728e+007 1.57829e+007 1.57904e+007 1.5796e+007 1.58002e+007 1.58033e+007 1.58057e+007 1.58075e+007 1.58089e+007 1.58099e+007 1.58107e+007 1.58113e+007 1.58118e+007 1.58122e+007 1.58124e+007 1.58126e+007 1.58128e+007 1.58129e+007 1.5813e+007 1.58131e+007 1.58131e+007 1.58132e+007 1.58132e+007 1.58132e+007 1.58132e+007 1.58133e+007 1.58133e+007 1.58133e+007 1.58133e+007 1.58133e+007 1.58133e+007 1.58133e+007 1.58133e+007 1.58133e+007 1.58133e+007 1.58133e+007 1.58133e+007 1.58133e+007 1.58133e+007 1.58133e+007 1.58133e+007 1.58133e+007 1.58133e+007 1.58133e+007 1.58133e+007 1.58133e+007 1.58133e+007 1.58133e+007 1.58133e+007 1.58133e+007 1.58133e+007 1.58133e+007 1.58133e+007 1.58133e+007 1.58133e+007 1.58133e+007 1.58133e+007 1.58133e+007 1.58133e+007 1.58133e+007 1.58133e+007 1.58133e+007 1.58133e+007 1.58133e+007 1.58133e+007 1.58133e+007 1.58133e+007 1.58133e+007 1.58133e+007 1.58133e+007 1.58133e+007 1.58133e+007 1.58133e+007 1.58133e+007 1.58133e+007 1.58133e+007 1.58133e+007 1.58133e+007 1.58133e+007 1.58133e+007 1.58133e+007 0 0 0 0 0 0 0 0 0 0 0 0 0 0 0 0 0 0 0 0 0 0 0 0 0
#obs cpue bio
 3.57568e+006 4.6038e+006 3.825e+006 2.06806e+006 2.56683e+006 2.3486e+006 2.55208e+006 2.02089e+006 2.03904e+006 1.44441e+006 972659 1.17215e+006 944483 1.08388e+006 1.3758e+006 931172 986813 743528 692117 724301 625534 603948 806873 651860 458036 607036 643667 505867 659035 556279 418958 656706 439237 456294 447008 426603 471882 619911 643109 480228 731035 522066 459960 420138 666792 659491 660226 503328 655617 602888 491813 807288 595881 458314 490629 406386
#pred surv len freq
 0.00419759 0.00692978 0.0106432 0.0153868 0.0210779 0.0274061 0.0338197 0.0396803 0.0445097 0.0481425 0.0506878 0.0523783 0.0534434 0.054057 0.0543395 0.0543793 0.0542564 0.0540423 0.0537432 0.0531869 0.0519271 0.0492969 0.044694 0.0379902 0.0297839
 0.0045069 0.0073428 0.0111014 0.0157871 0.0213095 0.0274043 0.0336024 0.0393384 0.0441563 0.0478539 0.0504763 0.0522117 0.0532904 0.053926 0.0542858 0.0544774 0.0545539 0.0545168 0.0542877 0.053636 0.0521193 0.0491456 0.0442276 0.0373363 0.0291064
 0.00452938 0.00745226 0.0113934 0.0163756 0.0222742 0.0287216 0.0351062 0.0407545 0.0452083 0.0483799 0.0504804 0.0518238 0.0526779 0.053225 0.0535851 0.053839 0.054027 0.054126 0.0540059 0.0533757 0.0517622 0.0486031 0.0434931 0.0364936 0.028287
 0.00473054 0.00774141 0.0117647 0.0168164 0.0227888 0.0293552 0.0359417 0.041865 0.0465832 0.0498754 0.0518442 0.0527933 0.0530913 0.0530752 0.0529917 0.0529759 0.053056 0.0531602 0.0530964 0.0525122 0.0508934 0.0476769 0.0425023 0.0354941 0.0273745
 0.00488863 0.00802615 0.012241 0.0175526 0.0238315 0.0306975 0.0375064 0.0435252 0.0482121 0.0513881 0.0531937 0.0539246 0.0539046 0.0534418 0.0528173 0.0522582 0.0518925 0.0517045 0.0514971 0.0508716 0.0492623 0.0460813 0.0409779 0.0341048 0.0261987
 0.00503382 0.0082624 0.0125995 0.0180692 0.024547 0.0316529 0.0387286 0.0450056 0.0498889 0.0531466 0.0548889 0.0554166 0.0550808 0.0542153 0.0531149 0.0520237 0.0511123 0.0504309 0.0498448 0.0489857 0.0472827 0.044127 0.039152 0.0325002 0.02489
 0.00527711 0.00865252 0.0131763 0.0188655 0.0255827 0.0329266 0.0402106 0.0466391 0.051601 0.0548603 0.0565265 0.0568934 0.0563017 0.0550803 0.0535314 0.0519179 0.0504398 0.0491909 0.0480944 0.0468433 0.0449147 0.0417216 0.0368918 0.0305373 0.0233235
 0.0054621 0.0089654 0.0136693 0.0195939 0.0265921 0.0342331 0.0417832 0.0483964 0.0534285 0.0566399 0.0581607 0.0583127 0.0574549 0.0559182 0.053994 0.0519342 0.0499407 0.048132 0.046481 0.0447509 0.0424932 0.0391785 0.0344542 0.0284048 0.0216259
 0.00564827 0.00927948 0.0141638 0.0203264 0.0276151 0.0355767 0.0434357 0.0502933 0.0554583 0.0586626 0.0600328 0.0599101 0.0586885 0.0567356 0.0543676 0.0518421 0.0493533 0.0470167 0.0448265 0.0426005 0.0399701 0.0364848 0.0318363 0.0260945 0.0197811
 0.00591804 0.00971316 0.0148079 0.0212225 0.028794 0.037049 0.0451791 0.0522458 0.0575216 0.0607153 0.0619453 0.0615584 0.0599658 0.0575626 0.0546965 0.0516513 0.048635 0.0457675 0.0430545 0.0403496 0.0373504 0.0336858 0.0291032 0.0236698 0.017838
 0.0061187 0.0100688 0.0153965 0.0221322 0.0301 0.0387788 0.047283 0.0545939 0.0599335 0.0630068 0.0639648 0.0631989 0.0611577 0.0582613 0.0548744 0.0512934 0.0477371 0.0443362 0.0411122 0.0379523 0.0346114 0.0307892 0.0262874 0.0211743 0.0158372
 0.00639082 0.0105071 0.0160505 0.02305 0.0313251 0.0403411 0.0491819 0.0567804 0.0622999 0.0653924 0.0661793 0.0650579 0.0625183 0.0590409 0.055047 0.0508702 0.0467453 0.0428078 0.0390885 0.0355013 0.0318511 0.0279001 0.0234972 0.0187106 0.0138652
 0.0066429 0.0109133 0.0166549 0.0238905 0.0324264 0.0417042 0.0507754 0.0585403 0.0641424 0.0672291 0.067923 0.0666175 0.0637926 0.0599257 0.0554524 0.0507386 0.0460572 0.0415777 0.0373595 0.0333489 0.0293957 0.0253146 0.0209928 0.0164951 0.0120893
 0.00692378 0.0113579 0.0173013 0.0247657 0.0335411 0.0430457 0.0522993 0.0601695 0.0657789 0.0687746 0.0692979 0.067767 0.0646794 0.0605155 0.055704 0.0506029 0.0454891 0.0405513 0.0358834 0.0314773 0.0272362 0.0230271 0.0187712 0.014528 0.0105119
 0.00717746 0.0117582 0.0178808 0.0255456 0.0345264 0.0442192 0.0536155 0.0615552 0.0671449 0.0700351 0.070386 0.06864 0.0653147 0.0609013 0.0558283 0.0504459 0.0450209 0.039741 0.0347156 0.0299739 0.0254723 0.0211333 0.0169144 0.0128737 0.00918017
 0.00740663 0.0121321 0.0184448 0.0263395 0.0355728 0.045507 0.0550858 0.0631018 0.0686352 0.071343 0.0714193 0.0693516 0.0656978 0.0609757 0.0556247 0.0499911 0.0443286 0.0388107 0.0335434 0.0285719 0.0238898 0.0194665 0.0152953 0.0114377 0.00802718
 0.00743944 0.012217 0.0186311 0.0266928 0.0361595 0.0463686 0.0562153 0.0644343 0.0700592 0.0727251 0.072631 0.0702911 0.066303 0.061228 0.0555418 0.0496121 0.0436966 0.0379604 0.0324997 0.0273606 0.0225545 0.018081 0.01396 0.0102575 0.00708054
 0.00754274 0.012361 0.0188059 0.0268815 0.0363523 0.0465804 0.0564937 0.0648468 0.070661 0.0735238 0.0735703 0.0712618 0.0671761 0.0618908 0.0559222 0.0496848 0.0434738 0.0374759 0.0317953 0.0264815 0.0215542 0.0170282 0.0129377 0.00934927 0.00634882
 0.00766929 0.0125753 0.0191419 0.0273691 0.037003 0.0473702 0.0573547 0.0656819 0.0713797 0.0740803 0.0739741 0.071555 0.0673936 0.0620328 0.0559543 0.0495602 0.0431579 0.0369605 0.0310991 0.0256437 0.0206289 0.0160808 0.0120397 0.00856667 0.00572734
 0.00765898 0.0125484 0.0190847 0.0272682 0.0368554 0.047195 0.0571979 0.0656048 0.0714349 0.074288 0.0743169 0.0719924 0.0678827 0.0625373 0.0564387 0.0499798 0.0434601 0.0370972 0.031043 0.0253981 0.0202279 0.0155819 0.0115117 0.00807519 0.00532057
 0.00776738 0.0127138 0.0193121 0.027552 0.0371773 0.0475244 0.0574956 0.0658328 0.0715711 0.0743372 0.0743096 0.0719696 0.0678767 0.0625611 0.0564865 0.0500321 0.043488 0.0370664 0.0309219 0.0251691 0.0198968 0.0151799 0.011087 0.00767922 0.00499263
 0.00785153 0.0128463 0.0195029 0.027806 0.0374918 0.0478855 0.057875 0.0661894 0.0718585 0.0745174 0.0743659 0.0719131 0.0677418 0.0623923 0.056322 0.0498919 0.0433704 0.0369524 0.0307842 0.0249839 0.0196544 0.0148904 0.0107785 0.00738712 0.00474734
 0.0078454 0.0128313 0.0194719 0.0277506 0.0374069 0.0477744 0.0577533 0.0660825 0.0717935 0.0745121 0.0744224 0.0720184 0.0678759 0.0625375 0.0564684 0.050036 0.0435089 0.0370758 0.0308758 0.0250247 0.0196317 0.0148057 0.0106487 0.00723934 0.00460881
 0.00779108 0.0127469 0.0193519 0.0275924 0.0372105 0.0475438 0.0574979 0.0658199 0.0715504 0.0743214 0.0743163 0.0720184 0.0679854 0.0627406 0.0567354 0.0503337 0.0438078 0.0373528 0.0311121 0.0252047 0.019745 0.0148508 0.0106363 0.00718962 0.00454482
 0.00792902 0.0129565 0.0196396 0.0279528 0.0376263 0.0479859 0.0579265 0.0661869 0.0718066 0.074429 0.0742603 0.0718134 0.0676718 0.0623724 0.056365 0.0499991 0.0435278 0.037129 0.0309354 0.0250608 0.0196198 0.0147345 0.0105256 0.00708776 0.00445811
 0.00784634 0.0128432 0.0195079 0.0278268 0.0375346 0.0479505 0.057954 0.0662674 0.07192 0.0745527 0.0743753 0.0719054 0.0677324 0.0624002 0.0563668 0.0499877 0.0435172 0.0371285 0.0309459 0.0250762 0.0196307 0.0147333 0.0105098 0.00706062 0.00442641
 0.00778902 0.0127492 0.0193664 0.0276312 0.0372886 0.0476747 0.0576884 0.0660635 0.0718232 0.0745833 0.0745197 0.0721239 0.0679764 0.0626293 0.0565575 0.0501339 0.0436248 0.0372088 0.0310094 0.0251283 0.0196715 0.0147605 0.010522 0.00705961 0.00441687
 0.00789491 0.0129009 0.0195562 0.0278377 0.0374811 0.0478221 0.0577678 0.0660666 0.0717588 0.0744754 0.0744001 0.0720203 0.0679024 0.062581 0.0565197 0.0500906 0.0435677 0.0371393 0.0309352 0.025058 0.0196109 0.014711 0.0104824 0.00702785 0.00439184
 0.00786249 0.0128589 0.019512 0.0278026 0.0374644 0.0478232 0.0577722 0.0660505 0.071701 0.0743713 0.0742676 0.0718942 0.0678192 0.0625641 0.0565707 0.0501917 0.0436916 0.0372604 0.0310374 0.0251356 0.0196654 0.0147466 0.0105034 0.00703829 0.00439514
 0.00788104 0.0128698 0.019494 0.0277272 0.037307 0.0475786 0.0574645 0.0657281 0.0714181 0.0741659 0.0741513 0.0718582 0.0678493 0.0626508 0.0567101 0.0503783 0.0439119 0.0374933 0.0312596 0.0253288 0.0198198 0.0148608 0.0105818 0.00708794 0.0044238
 0.00776723 0.0127117 0.0193046 0.0275317 0.0371314 0.047434 0.0573393 0.0655953 0.0712558 0.0739764 0.0739649 0.0717182 0.0677909 0.0626876 0.0568348 0.0505719 0.0441516 0.0377561 0.0315227 0.0255714 0.020026 0.0150223 0.0106984 0.00716521 0.00447069
 0.00772752 0.0126382 0.0191793 0.0273371 0.0368607 0.0471024 0.0569887 0.0652842 0.0710349 0.0738655 0.0739479 0.0717604 0.067863 0.0627806 0.0569556 0.0507303 0.0443495 0.0379842 0.031764 0.0258059 0.0202357 0.0151946 0.0108282 0.00725466 0.00452683
 0.00780988 0.0127558 0.0193252 0.0274921 0.0369958 0.0471851 0.0569916 0.0651938 0.0708588 0.0736334 0.0737026 0.0715418 0.0676938 0.0626638 0.0568843 0.050698 0.0443551 0.038028 0.0318419 0.0259072 0.0203452 0.0152974 0.0109133 0.00731754 0.00456839
 0.00770135 0.0126046 0.0191434 0.0273051 0.0368324 0.0470637 0.0569101 0.065131 0.0707872 0.0735359 0.0735827 0.0714232 0.0676095 0.0626408 0.0569331 0.0508121 0.0445172 0.0382191 0.0320458 0.0261103 0.0205349 0.0154625 0.011046 0.00741492 0.0046333
 0.00777174 0.0126824 0.0191948 0.0272811 0.0366878 0.0467844 0.0565296 0.0647237 0.0704361 0.0732962 0.0734642 0.0713992 0.0676433 0.0627079 0.0570273 0.0509376 0.0446771 0.0384088 0.0322533 0.0263201 0.0207321 0.0156348 0.0111852 0.00751824 0.00470323
 0.00854918 0.0137901 0.0205706 0.0287633 0.0380543 0.0478204 0.0570896 0.0647593 0.0699938 0.0724943 0.0724589 0.070345 0.0666568 0.0618519 0.056318 0.0503664 0.0442293 0.0380715 0.0320141 0.0261646 0.0206427 0.0155924 0.0111722 0.00752043 0.00471073
 0.00915658 0.0147716 0.0220264 0.0307542 0.0405567 0.0506733 0.0599686 0.0672233 0.0716119 0.0729993 0.0718381 0.0688194 0.0645739 0.0595602 0.0540837 0.0483478 0.0424943 0.0366316 0.0308541 0.0252589 0.0199617 0.0151033 0.0108394 0.00730772 0.00458403
 0.00914044 0.0148276 0.0222633 0.0313254 0.0416216 0.0523328 0.0621987 0.0698408 0.0742909 0.0753368 0.0734527 0.0694547 0.0641714 0.0582672 0.05219 0.0461844 0.0403435 0.0346815 0.0291992 0.0239257 0.0189365 0.014352 0.0103179 0.00696747 0.00437726
 0.00890911 0.0144962 0.0218526 0.0308973 0.0412812 0.0522195 0.0624664 0.0706198 0.0756332 0.0771625 0.0755308 0.0714438 0.0657131 0.059097 0.052215 0.0454954 0.0391617 0.033272 0.0277929 0.0226778 0.0179227 0.013587 0.00977883 0.00661312 0.00416097
 0.0087987 0.0142962 0.0215171 0.0303803 0.0405594 0.0513254 0.0615127 0.0697956 0.075162 0.0772337 0.0762308 0.0727134 0.067348 0.0607958 0.0536644 0.0464634 0.0395603 0.033162 0.027335 0.0220606 0.0173027 0.0130603 0.00938288 0.00634434 0.00399478
 0.00866008 0.0140948 0.0212562 0.0300728 0.0402177 0.0509493 0.0610882 0.0693123 0.0746431 0.0767591 0.0759323 0.0727326 0.0677732 0.0616086 0.0547275 0.0475607 0.0404726 0.0337428 0.0275504 0.0219783 0.017044 0.012746 0.00909774 0.006128 0.00385173
 0.00861931 0.0140168 0.0211188 0.0298521 0.0398985 0.0505377 0.0606181 0.0688376 0.0742165 0.0764154 0.0756889 0.072609 0.0678068 0.0618471 0.0551948 0.0482203 0.0412197 0.0344366 0.0280697 0.0222665 0.0171198 0.0126784 0.0089671 0.00599562 0.00374897
 0.00879083 0.0142587 0.0214133 0.0301571 0.0401555 0.0506883 0.0606204 0.0686766 0.0739078 0.0760011 0.0752279 0.072163 0.067431 0.0615867 0.0550845 0.0482771 0.0414285 0.0347424 0.0283895 0.02252 0.0172611 0.012708 0.00892011 0.00591709 0.00367352
 0.00880759 0.0142973 0.0214906 0.0302906 0.0403528 0.0509333 0.0608663 0.0688537 0.0739487 0.0758698 0.0749367 0.0717676 0.0670091 0.0612133 0.0548156 0.0481437 0.0414357 0.0348686 0.0285892 0.0227347 0.0174378 0.0128173 0.00896171 0.00591149 0.00364669
 0.00879473 0.0142701 0.0214395 0.0302061 0.0402321 0.0507876 0.0607221 0.0687444 0.0738971 0.0758722 0.0749626 0.0717769 0.0669755 0.0611398 0.0547322 0.0480914 0.0414481 0.0349589 0.0287459 0.0229264 0.0176251 0.0129677 0.00905999 0.00596113 0.0036626
 0.00866715 0.0140879 0.0212113 0.0299548 0.0399865 0.0505712 0.0605459 0.0686095 0.0738034 0.0758252 0.0749708 0.0718421 0.0670854 0.0612709 0.0548621 0.0482114 0.0415658 0.0350897 0.0288998 0.0230994 0.0177998 0.013122 0.00917746 0.00603714 0.00370347
 0.00863234 0.0140174 0.0210811 0.0297386 0.0396678 0.0501585 0.0600826 0.0681662 0.0734542 0.0756206 0.0749231 0.071931 0.0672744 0.0615214 0.0551409 0.0484927 0.0418333 0.0353375 0.0291293 0.0233128 0.0179943 0.0132895 0.00930952 0.00613011 0.00376095
 0.00853481 0.0138765 0.0209006 0.0295303 0.0394443 0.0499248 0.0598329 0.0678921 0.0731594 0.0753317 0.0746868 0.0717962 0.0672711 0.0616494 0.0553732 0.0487891 0.0421544 0.0356533 0.0294217 0.0235729 0.0182179 0.013474 0.0094527 0.00623261 0.00382732
 0.0086007 0.0139957 0.0211016 0.0298447 0.0398967 0.0505161 0.0605256 0.0686068 0.0737879 0.075765 0.074847 0.0716606 0.0668783 0.0610842 0.0547368 0.0481691 0.0416076 0.0352047 0.0290736 0.0233161 0.0180389 0.0133574 0.00938276 0.00619428 0.00380807
 0.00864153 0.0140444 0.0211439 0.0298612 0.0398735 0.0504598 0.0604704 0.0686056 0.073888 0.0759796 0.0751415 0.0719626 0.0671066 0.0611819 0.0546906 0.048008 0.0413844 0.0349728 0.028871 0.0231605 0.0179321 0.0132918 0.00934744 0.00617828 0.00380257
 0.00862697 0.0140278 0.0211312 0.0298591 0.0398852 0.0504791 0.0604816 0.0685918 0.0738456 0.0759285 0.0751189 0.0720023 0.0672159 0.0613328 0.0548334 0.0480972 0.0413994 0.0349229 0.0287842 0.0230675 0.0178542 0.0132378 0.00931596 0.00616328 0.00379728
 0.0084637 0.0137685 0.020754 0.0293523 0.0392544 0.0497555 0.0597268 0.0678911 0.0732883 0.0755836 0.0750208 0.0721509 0.0675847 0.0618755 0.055487 0.0487877 0.0420552 0.0354905 0.0292389 0.0234109 0.018104 0.0134156 0.00944034 0.00624769 0.00385176
 0.00866634 0.0140524 0.0210964 0.0297017 0.0395429 0.0499201 0.0597282 0.0677231 0.0729757 0.0751745 0.0745763 0.0717332 0.0672464 0.0616514 0.0553893 0.0488055 0.0421578 0.0356368 0.0293891 0.0235381 0.0181976 0.013478 0.00947972 0.00627228 0.00386721
 0.0090943 0.0147676 0.0222019 0.0312866 0.04164 0.0524506 0.0624641 0.0703076 0.0750135 0.076354 0.0747596 0.0709742 0.0657444 0.0596766 0.0532137 0.0466553 0.04019 0.0339373 0.0279857 0.0224207 0.0173376 0.0128408 0.00902955 0.00597269 0.00368171
 0.00879958 0.0143433 0.0216696 0.0307139 0.041137 0.052154 0.0625098 0.070791 0.0759438 0.0776221 0.0761487 0.0722214 0.0666283 0.060085 0.0531616 0.0462526 0.0395872 0.0332745 0.0273639 0.0218944 0.0169243 0.0125348 0.00881488 0.0058306 0.0035938
 0.00856707 0.013923 0.0209647 0.0296242 0.0396033 0.0502189 0.0603634 0.0687594 0.0744069 0.0768924 0.0763667 0.0733146 0.0683441 0.0620787 0.0551018 0.0479056 0.040851 0.0341612 0.0279506 0.0222732 0.0171705 0.0126979 0.00892337 0.00590078 0.0036367
#obs surv len freq
 nan nan nan nan nan nan nan nan nan nan nan nan nan nan nan nan nan nan nan nan nan nan nan nan nan
 0.00448842 0.00735125 0.0111823 0.0159987 0.0216983 0.0279718 0.0342834 0.0400125 0.0446904 0.0481534 0.0505111 0.0520071 0.0528997 0.0534125 0.0537271 0.0539823 0.0542611 0.0545539 0.0546927 0.0542847 0.0527228 0.0493551 0.043805 0.0362852 0.0276691
 0.00461657 0.00756323 0.0115076 0.0164659 0.0223275 0.0287636 0.0352082 0.0410081 0.0456719 0.0490303 0.0512054 0.0524645 0.0530939 0.0533446 0.0534205 0.0534749 0.0535966 0.0537753 0.053839 0.0533928 0.0518318 0.0485082 0.0430473 0.035655 0.0271874
 0.00477932 0.00782894 0.0119098 0.017037 0.0230931 0.0297327 0.0363625 0.0422954 0.0470096 0.0503171 0.0523361 0.0533439 0.0536493 0.0535337 0.0532355 0.0529395 0.052758 0.0526945 0.0525832 0.0520329 0.0504434 0.0471721 0.0418438 0.0346503 0.0264182
 0.00496948 0.00813982 0.0123809 0.0177063 0.0239897 0.0308659 0.0377097 0.043798 0.0485805 0.0518552 0.0537394 0.0545166 0.0545054 0.0540027 0.0532701 0.0525226 0.0519069 0.0514585 0.0510392 0.0502795 0.0485968 0.0453602 0.0401926 0.0332625 0.0253516
 0.00518142 0.00848682 0.0129078 0.0184563 0.0249969 0.0321415 0.0392292 0.0454957 0.0503585 0.0536017 0.0553454 0.0558852 0.055553 0.0546584 0.0534757 0.0522372 0.0511144 0.0501769 0.0493274 0.0482406 0.0463748 0.0431274 0.0381254 0.0315077 0.0239946
 0.00540281 0.00885077 0.0134631 0.0192513 0.0260703 0.0335079 0.040864 0.0473297 0.0522872 0.0555048 0.0571057 0.0573993 0.0567349 0.0554376 0.0537946 0.0520498 0.0503895 0.0489083 0.0475488 0.0460408 0.0439037 0.0405852 0.0357304 0.0294496 0.02239
 0.00565082 0.00925459 0.0140722 0.0201127 0.02722 0.0349582 0.0425885 0.0492577 0.0543121 0.0575035 0.058957 0.058996 0.0579879 0.0562758 0.054162 0.0519017 0.049692 0.0476447 0.0457358 0.0437501 0.0412782 0.0378351 0.0331003 0.0271624 0.0205907
 0.00588737 0.00964396 0.0146671 0.0209651 0.0283711 0.0364219 0.0443356 0.051211 0.0563584 0.0595162 0.0608164 0.0605999 0.0592528 0.0571347 0.0545607 0.0517956 0.049045 0.0464343 0.0439678 0.0414818 0.0386398 0.0350327 0.0303863 0.0247768 0.0186975
 0.00612768 0.0100376 0.0152653 0.0218179 0.029518 0.0378777 0.0460741 0.0531587 0.0584038 0.0615301 0.0626735 0.0621919 0.0604945 0.0579631 0.0549302 0.0516715 0.0483986 0.0452454 0.0422385 0.0392594 0.0360417 0.0322538 0.0276741 0.0223748 0.0167781
 0.0063612 0.0104207 0.0158481 0.0226493 0.0306364 0.0392956 0.0477636 0.0550456 0.0603783 0.0634678 0.0644551 0.0637148 0.0616768 0.0587433 0.0552648 0.05153 0.0477591 0.0440941 0.0405796 0.0371357 0.033559 0.0295913 0.0250647 0.0200523 0.0149128
 0.00661685 0.0108369 0.0164754 0.0235347 0.031814 0.0407718 0.0495021 0.0569626 0.0623544 0.0653713 0.0661642 0.0651308 0.0627277 0.0593811 0.0554606 0.0512674 0.0470286 0.0428925 0.0389178 0.0350571 0.0311614 0.0270385 0.0225705 0.0178332 0.0131286
 0.00683582 0.0112023 0.0170426 0.0243601 0.0329423 0.0422168 0.0512272 0.0588763 0.0643252 0.0672559 0.067833 0.0664827 0.0636932 0.05992 0.0555554 0.0509158 0.0462361 0.0416698 0.0372861 0.0330633 0.0288975 0.0246525 0.0202535 0.0157784 0.0114783
 0.00708082 0.0115977 0.0176325 0.0251845 0.0340306 0.0435766 0.0528314 0.0606555 0.066173 0.0690443 0.0694331 0.0677818 0.0646074 0.0603997 0.0555829 0.0504976 0.0453926 0.0404284 0.0356828 0.0311531 0.0267705 0.0224431 0.0181297 0.0139077 0.0099824
 0.00728834 0.011944 0.0181697 0.0259646 0.0350926 0.0449274 0.0544284 0.0624045 0.0679466 0.070711 0.0708801 0.068924 0.0653854 0.0607761 0.0555408 0.0500392 0.0445368 0.0392074 0.0341409 0.0293527 0.0248014 0.0204286 0.0162165 0.0122377 0.00865549
 0.00743826 0.0121905 0.0185466 0.0265067 0.0358312 0.0458806 0.0555898 0.0637346 0.0693724 0.0721351 0.0721955 0.0700299 0.0662012 0.0612481 0.0556423 0.0497653 0.0438993 0.0382318 0.0328679 0.0278426 0.0231398 0.0187275 0.0146043 0.0108347 0.00754408
 0.00753216 0.0123434 0.0187775 0.0268346 0.0362728 0.0464471 0.0562817 0.0645395 0.0702648 0.0730781 0.0731413 0.0709201 0.0669689 0.0618251 0.0559692 0.0498002 0.0436222 0.0376455 0.0319978 0.026738 0.0218764 0.017405 0.0133353 0.00972293 0.00666042
 0.0075738 0.0124049 0.018859 0.0269342 0.0363898 0.0465858 0.056455 0.0647673 0.0705691 0.0734755 0.0736357 0.0714969 0.0675923 0.0624394 0.0565049 0.0501848 0.0437931 0.0375618 0.0316481 0.0261444 0.0210947 0.0165189 0.0124434 0.00891831 0.00600896
 0.00765368 0.0125285 0.0190327 0.0271585 0.0366576 0.046882 0.0567571 0.06505 0.0708133 0.0736769 0.0738079 0.0716654 0.0677807 0.0626563 0.0567349 0.0503892 0.0439179 0.0375522 0.0314643 0.0257752 0.0205641 0.0158841 0.0117818 0.00830793 0.00550767
 0.00772285 0.0126357 0.0191841 0.0273557 0.0368969 0.0471538 0.0570448 0.0653305 0.0710608 0.0738698 0.0739361 0.071734 0.0678092 0.0626704 0.0567553 0.0504202 0.0439421 0.0375339 0.0313624 0.0255599 0.0202316 0.0154616 0.0113212 0.00786871 0.00513849
 0.00778743 0.0127349 0.0193226 0.0275337 0.0371098 0.0473924 0.0572954 0.0655754 0.0712805 0.0740465 0.0740573 0.0717951 0.0678141 0.0626315 0.0566906 0.0503466 0.0438677 0.0374522 0.0312532 0.0253993 0.0200052 0.0151756 0.0110031 0.00755816 0.0048718
 0.00781435 0.0127774 0.019384 0.0276159 0.0372129 0.0475139 0.0574294 0.0657133 0.0714125 0.0741642 0.0741545 0.0718679 0.0678603 0.0626509 0.0566853 0.0503216 0.0438282 0.0374 0.0311831 0.0253004 0.0198674 0.0149984 0.0108 0.00735342 0.00469076
 0.00785127 0.0128307 0.0194518 0.0276925 0.0372908 0.0475864 0.0574936 0.0657695 0.0714631 0.0742114 0.0741988 0.0719083 0.0678946 0.062676 0.0566985 0.0503209 0.0438131 0.03737 0.0311365 0.0252332 0.0197756 0.014882 0.0106664 0.00721703 0.0045681
 0.00787236 0.0128646 0.019502 0.0277609 0.0373761 0.0476831 0.0575906 0.0658531 0.0715213 0.0742391 0.0741999 0.0718928 0.0678734 0.0626564 0.0566825 0.0503065 0.0437962 0.0373462 0.031102 0.0251847 0.0197108 0.0148015 0.0105752 0.00712426 0.00448433
 0.00787416 0.0128638 0.0194941 0.0277402 0.0373383 0.0476282 0.0575252 0.065789 0.071471 0.0742112 0.0741968 0.071912 0.0679109 0.0627087 0.0567463 0.0503774 0.0438678 0.0374111 0.0311527 0.0252153 0.0197182 0.0147861 0.0105416 0.00708046 0.00443941
 0.00788735 0.0128819 0.0195151 0.0277594 0.037349 0.0476234 0.0574995 0.0657406 0.0714039 0.0741351 0.0741254 0.0718588 0.0678849 0.0627122 0.056776 0.0504265 0.0439282 0.0374743 0.0312104 0.0252603 0.0197454 0.0147941 0.0105328 0.00706038 0.00441494
 0.00788385 0.0128736 0.0194976 0.0277273 0.0372971 0.0475487 0.0574034 0.0656296 0.071288 0.074026 0.0740349 0.0717975 0.067861 0.0627297 0.0568335 0.0505169 0.0440404 0.0375951 0.0313273 0.0253625 0.0198257 0.0148492 0.0105639 0.0070724 0.00441464
 0.00789433 0.012889 0.0195174 0.0277495 0.0373176 0.0475618 0.0574024 0.0656079 0.0712417 0.0739563 0.0739484 0.0717056 0.0677772 0.0626666 0.0568001 0.0505172 0.0440722 0.0376512 0.0313969 0.0254341 0.0198892 0.014898 0.0105958 0.00708911 0.00442037
 0.00792041 0.012926 0.0195632 0.0277984 0.0373622 0.0475951 0.0574194 0.0656063 0.0712207 0.0739161 0.0738906 0.0716337 0.0676976 0.0625886 0.0567341 0.0504721 0.0440536 0.0376592 0.0314266 0.0254768 0.0199351 0.0149388 0.0106266 0.00710852 0.00443026
 0.00784667 0.0128163 0.0194171 0.027622 0.0371667 0.0473933 0.0572242 0.0654303 0.0710769 0.0738163 0.0738438 0.0716433 0.0677601 0.0626946 0.0568714 0.0506291 0.0442208 0.0378295 0.0315933 0.0256327 0.0200727 0.0150521 0.0107123 0.0071676 0.00446691
 0.00784787 0.0128039 0.0193726 0.0275216 0.0369895 0.0471343 0.0569025 0.0650876 0.0707643 0.0735773 0.0737024 0.071603 0.0678102 0.0628176 0.0570477 0.0508397 0.0444485 0.0380594 0.0318134 0.0258337 0.0202472 0.0151948 0.0108211 0.00724406 0.00451591
 0.00781731 0.0127582 0.0193105 0.0274419 0.0368887 0.0470036 0.0567294 0.0648624 0.0704907 0.0732793 0.0734225 0.071389 0.0676984 0.0628221 0.0571593 0.0510338 0.0446944 0.0383281 0.0320809 0.0260817 0.0204632 0.0153714 0.010956 0.0073394 0.00457778
 0.00780551 0.0127343 0.0192659 0.0273671 0.0367758 0.0468513 0.0565454 0.0646611 0.0702868 0.0730833 0.0732403 0.0712286 0.0675754 0.0627575 0.0571721 0.0511306 0.0448661 0.0385526 0.0323303 0.0263293 0.0206881 0.01556 0.0111023 0.00744408 0.00464648
 0.00776646 0.0126734 0.0191791 0.0272515 0.0366301 0.0466759 0.0563433 0.0644405 0.0700616 0.0728718 0.0730616 0.0710977 0.0675008 0.0627427 0.0572185 0.0512392 0.0450346 0.0387715 0.0325817 0.0265897 0.0209336 0.0157719 0.01127 0.00756575 0.00472712
 0.0077329 0.012618 0.0190943 0.0271305 0.036469 0.0464764 0.0561154 0.0642012 0.0698316 0.0726698 0.0729016 0.0709882 0.0674466 0.062746 0.0572791 0.0513544 0.0451994 0.0389781 0.0328178 0.026838 0.021174 0.0159855 0.0114437 0.0076946 0.00481402
 0.00932501 0.0148456 0.0217805 0.0298882 0.0388131 0.0480036 0.0566464 0.0638082 0.0687555 0.071199 0.0712811 0.069386 0.0659599 0.0614226 0.0561374 0.0503974 0.0444217 0.0383695 0.0323637 0.0265191 0.0209664 0.0158624 0.0113788 0.00766521 0.00480349
 0.00932545 0.0151392 0.0227384 0.0319684 0.0423609 0.0529813 0.0624623 0.0694129 0.0730136 0.0733362 0.0711402 0.0673678 0.0627472 0.0576886 0.0523786 0.0469061 0.0413371 0.03574 0.0301921 0.0247851 0.0196348 0.014886 0.0107006 0.00722273 0.00453448
 0.00897988 0.014598 0.0219837 0.0310544 0.0414659 0.0524419 0.0627322 0.0709 0.0758344 0.077134 0.0751302 0.0706343 0.0646243 0.0579906 0.0513685 0.0450797 0.0391898 0.0336331 0.0283294 0.0232504 0.01844 0.0140048 0.0100871 0.00682222 0.00429123
 0.00879041 0.014281 0.0214913 0.0303402 0.0405042 0.0512607 0.0614551 0.0697724 0.0752015 0.0773443 0.0763788 0.0728187 0.0673148 0.0605696 0.0532791 0.0460366 0.0392345 0.0330331 0.0274151 0.0222918 0.0175993 0.0133486 0.00961931 0.00651481 0.00410481
 0.00872233 0.0141628 0.0212984 0.0300426 0.0400701 0.0506653 0.060694 0.0688795 0.0742672 0.0765272 0.0758937 0.0728812 0.0680471 0.0619092 0.0549581 0.0476684 0.0404712 0.033698 0.0275373 0.02204 0.0171772 0.0129161 0.00926398 0.0062629 0.00394601
 0.0087045 0.0141291 0.0212384 0.029942 0.0399115 0.050431 0.060369 0.0684559 0.0737502 0.0759452 0.0753104 0.0724032 0.0678106 0.0620372 0.0554966 0.0485391 0.0414797 0.0346081 0.0281697 0.022336 0.0171937 0.0127689 0.00906559 0.0060857 0.0038187
 0.00868788 0.0141023 0.0211981 0.0298846 0.0398325 0.0503246 0.0602284 0.0682735 0.0735194 0.0756631 0.0749837 0.0720566 0.0674945 0.0618266 0.0554729 0.048754 0.0419189 0.0351804 0.0287386 0.0227783 0.0174492 0.0128508 0.00903371 0.0060071 0.00374038
 0.00868397 0.0140977 0.0211942 0.0298833 0.0398351 0.0503299 0.0602313 0.0682646 0.073486 0.0755918 0.074864 0.0718852 0.0672816 0.0616007 0.0552814 0.048653 0.041951 0.0353507 0.0290048 0.0230654 0.0176839 0.0129928 0.00908493 0.00599749 0.00370537
 0.00867441 0.0140818 0.02117 0.0298492 0.039791 0.0502783 0.0601774 0.0682154 0.0734469 0.0755634 0.0748398 0.0718542 0.0672324 0.0615291 0.055196 0.048577 0.0419164 0.0353839 0.0291109 0.0232221 0.0178501 0.0131289 0.00916979 0.00603319 0.00370847
 0.00865339 0.0140488 0.0211226 0.0297861 0.0397123 0.0501864 0.0600777 0.0681163 0.0733591 0.075497 0.0748019 0.0718453 0.0672464 0.061555 0.0552233 0.0486018 0.0419444 0.0354283 0.0291836 0.023324 0.0179679 0.0132407 0.00925663 0.00608723 0.00373379
 0.00864639 0.014037 0.0211038 0.0297582 0.0396736 0.0501361 0.0600171 0.068049 0.0732903 0.075433 0.074749 0.0718088 0.0672294 0.061557 0.0552405 0.0486287 0.0419774 0.0354678 0.0292333 0.0233869 0.0180414 0.0133159 0.00932214 0.00613501 0.00376238
 0.00862685 0.0140079 0.021065 0.0297112 0.0396209 0.0500804 0.0599606 0.0679935 0.0732379 0.0753862 0.0747108 0.0717826 0.067218 0.0615622 0.055262 0.0486641 0.042023 0.0355202 0.0292906 0.0234482 0.018105 0.0133778 0.00937677 0.00617748 0.00379087
 0.0086182 0.0139934 0.0210427 0.0296792 0.0395785 0.0500289 0.0599042 0.0679381 0.0731897 0.0753493 0.0746863 0.0717693 0.0672142 0.0615671 0.0552757 0.0486871 0.0420551 0.0355601 0.0293364 0.0234976 0.0181555 0.0134264 0.00941983 0.00621192 0.00381526
 0.00862491 0.0140026 0.0210531 0.0296884 0.0395834 0.0500263 0.0598916 0.0679151 0.0731576 0.0753117 0.0746477 0.0717342 0.0671858 0.0615468 0.0552639 0.0486839 0.0420604 0.0355738 0.0293578 0.0235251 0.0181869 0.0134587 0.00944976 0.00623688 0.00383377
 0.00859979 0.0139664 0.0210074 0.0296373 0.0395324 0.0499802 0.059853 0.0678839 0.0731327 0.0752921 0.0746338 0.0717274 0.0671879 0.061559 0.055286 0.0487143 0.0420971 0.0356146 0.0294008 0.0235686 0.018229 0.0134973 0.00948297 0.00626325 0.00385285
 0.00859979 0.0139664 0.0210074 0.0296373 0.0395324 0.0499802 0.059853 0.0678839 0.0731327 0.0752921 0.0746338 0.0717274 0.0671879 0.061559 0.055286 0.0487143 0.0420971 0.0356146 0.0294008 0.0235686 0.018229 0.0134973 0.00948297 0.00626325 0.00385285
 0.00855959 0.0138986 0.0209014 0.0294837 0.0393269 0.0497296 0.0595787 0.0676198 0.0729164 0.0751527 0.0745845 0.0717642 0.0672951 0.0617161 0.0554728 0.0489135 0.0422951 0.0358013 0.0295693 0.0237148 0.0183509 0.0135946 0.00955675 0.00631588 0.00388776
 0.00861457 0.0139832 0.0210191 0.0296323 0.0394972 0.0499037 0.0597309 0.0677216 0.0729452 0.0751014 0.0744646 0.0716017 0.0671199 0.0615529 0.0553363 0.0488091 0.0422217 0.0357546 0.0295438 0.0237049 0.0183516 0.0136015 0.00956643 0.00632565 0.00389598
 0.00906113 0.0146923 0.0220513 0.0310227 0.0412366 0.0519164 0.061857 0.0697274 0.0745694 0.0761247 0.074767 0.0711841 0.0660888 0.0600811 0.0536191 0.047026 0.0405138 0.0342165 0.0282277 0.02263 0.0175137 0.0129804 0.00913139 0.00603994 0.0037215
 0.00878597 0.0143088 0.0215943 0.0305702 0.0408957 0.0517947 0.0620341 0.0702329 0.0753714 0.0771277 0.075825 0.0721319 0.0667836 0.0604393 0.0536321 0.0467512 0.0400471 0.0336614 0.0276712 0.0221316 0.0171043 0.0126686 0.00891024 0.00589419 0.00363264
 0.00851129 0.0138337 0.020833 0.0294431 0.039369 0.0499335 0.0600371 0.0684115 0.0740649 0.0765891 0.0761384 0.0731969 0.0683644 0.0622451 0.0553952 0.0482813 0.0412513 0.034534 0.0282626 0.0225138 0.0173452 0.0128195 0.00900487 0.00595304 0.0036682
#pred catch len freq
 0.00310441 0.00506361 0.00768586 0.0110301 0.0151437 0.0200099 0.0254882 0.0313107 0.0371398 0.0426375 0.0475145 0.0515661 0.0546977 0.0569275 0.0583584 0.0591439 0.0594627 0.0594846 0.0592909 0.0587436 0.0573821 0.054488 0.0494049 0.0419962 0.0329251
 0.00334278 0.00538519 0.00804992 0.011363 0.0153657 0.0200734 0.0254034 0.0311377 0.0369503 0.0424734 0.0473724 0.0514162 0.0545239 0.0567575 0.0582656 0.0592168 0.0597557 0.0599733 0.059857 0.0592044 0.0575598 0.0542878 0.0488598 0.0412483 0.0321566
 0.00339552 0.0055164 0.00832564 0.0118575 0.0161248 0.0210678 0.0265039 0.0321431 0.037666 0.0427947 0.0473165 0.0510872 0.0540447 0.0562234 0.0577408 0.0587557 0.0594104 0.0597729 0.0597732 0.0591401 0.0573812 0.0538909 0.0482294 0.0404692 0.0313691
 0.00359013 0.00580187 0.00870401 0.0123266 0.0166982 0.0217931 0.0274555 0.0333756 0.0391466 0.0443621 0.0487114 0.0520504 0.0544249 0.0560248 0.0570926 0.057838 0.0583893 0.0587645 0.058829 0.0582463 0.0564791 0.0529212 0.0471817 0.0394033 0.0303899
 0.00373985 0.00605979 0.00911677 0.0129411 0.017546 0.022872 0.0287218 0.0347597 0.0405837 0.0458098 0.0501288 0.0533533 0.0554633 0.0566197 0.0571146 0.0572714 0.0573362 0.0573921 0.0572995 0.0566695 0.0549058 0.051372 0.045687 0.0380255 0.0292109
 0.00390309 0.00631985 0.00950121 0.0134797 0.018274 0.0238292 0.0299402 0.0362419 0.0422811 0.0476174 0.0519054 0.0549552 0.056767 0.057521 0.0575191 0.0571034 0.0565703 0.0560806 0.0555668 0.0546752 0.0528035 0.0492911 0.0437381 0.0363086 0.027807
 0.0041217 0.00666589 0.0100052 0.0141659 0.0191592 0.0249209 0.0312338 0.0377182 0.0439063 0.0493408 0.0536533 0.0566249 0.0582308 0.0586427 0.0581741 0.0571935 0.056036 0.0549148 0.05383 0.0524967 0.0503648 0.0467961 0.0413832 0.0342565 0.0261645
 0.00432414 0.00699641 0.0105058 0.0148776 0.0201164 0.02614 0.0327013 0.0393846 0.0456922 0.0511527 0.0553987 0.0582206 0.0596 0.0597064 0.0588439 0.0573749 0.0556424 0.0538916 0.052181 0.0503051 0.0477965 0.0440799 0.0387689 0.0319634 0.0243356
 0.00453448 0.00733905 0.0110241 0.0156163 0.0211171 0.0274325 0.0342892 0.0412323 0.047719 0.0532388 0.0574027 0.0600029 0.0610459 0.060736 0.059406 0.0574285 0.055143 0.0527964 0.050474 0.0480332 0.0450963 0.0411756 0.0359338 0.0294543 0.0223285
 0.00482905 0.00780364 0.0116981 0.0165307 0.0222944 0.028884 0.0360075 0.0431812 0.0498275 0.0554018 0.0594889 0.0618691 0.0625565 0.0617818 0.0599147 0.0573614 0.0544818 0.0515322 0.0486132 0.0456239 0.0422611 0.0381261 0.0329436 0.0267946 0.0201933
 0.00508051 0.00822361 0.0123509 0.0174832 0.0236025 0.0305712 0.0380435 0.045475 0.0522416 0.0577799 0.0616806 0.0637442 0.0640083 0.0627278 0.0602964 0.0571434 0.0536489 0.0500861 0.0465776 0.0430611 0.0392982 0.0349696 0.0298606 0.0240539 0.0179913
 0.00534559 0.00864491 0.0129699 0.0183399 0.0247373 0.032023 0.0398363 0.0475959 0.0546184 0.0602723 0.0640955 0.0658724 0.0656695 0.0638006 0.0607221 0.0569101 0.0527696 0.0485868 0.0444996 0.0404793 0.0363449 0.0318474 0.0268256 0.0213623 0.0158306
 0.00559607 0.00904217 0.01355 0.0191318 0.0257615 0.0332878 0.0413333 0.0492967 0.0564754 0.0622199 0.0660461 0.0677112 0.0672566 0.0649891 0.0613857 0.0569654 0.0521834 0.0473693 0.0426969 0.0381764 0.0336783 0.0290136 0.0240642 0.0189098 0.0138594
 0.00584459 0.00943215 0.0141116 0.0198862 0.0267203 0.0344516 0.0426865 0.0508017 0.0580729 0.0638353 0.0676002 0.0691272 0.0684614 0.0659089 0.0619422 0.0570797 0.0517891 0.0464292 0.0412176 0.036219 0.0313661 0.0265296 0.0216303 0.0167421 0.0121143
 0.00609708 0.00982589 0.0146734 0.020631 0.0276504 0.035556 0.0439374 0.0521521 0.0594594 0.0651865 0.0688464 0.0702075 0.0693269 0.0665207 0.0622654 0.0570764 0.0514162 0.0456462 0.0400052 0.0346023 0.0294321 0.024429 0.019556 0.0148855 0.0106152
 0.00632545 0.0101917 0.0152137 0.021376 0.0286177 0.036741 0.0453028 0.0536249 0.0609394 0.0665656 0.0700288 0.0711236 0.0699384 0.0668172 0.0622547 0.0567706 0.0508198 0.0447533 0.0388093 0.0331176 0.0277164 0.0225948 0.017757 0.0132798 0.00932036
 0.00636832 0.0102851 0.015399 0.0217089 0.0291577 0.0375329 0.0463573 0.0549056 0.0623637 0.0680166 0.0713749 0.0722427 0.0707394 0.0672536 0.0623237 0.0564992 0.050246 0.0439106 0.0377239 0.0318184 0.0262547 0.0210573 0.0162615 0.0119499 0.00824909
 0.0065069 0.0104853 0.0156562 0.0220095 0.0294923 0.0379125 0.0468199 0.0555048 0.0631398 0.0689654 0.0724333 0.0732986 0.0716621 0.0679285 0.062677 0.0565055 0.0499197 0.04329 0.0368563 0.0307555 0.0250579 0.0198059 0.0150517 0.0108781 0.00738731
 0.00656049 0.0105835 0.0158229 0.0222701 0.0298634 0.0383894 0.0473715 0.0560827 0.0637024 0.0694989 0.0729526 0.0738242 0.0721894 0.0684123 0.0630417 0.0566732 0.0498369 0.0429409 0.0362603 0.0299588 0.0241252 0.0188161 0.0140911 0.0100275 0.00670434
 0.0065798 0.0106044 0.0158366 0.0222664 0.0298391 0.0383576 0.047365 0.0561444 0.063866 0.0697726 0.0733177 0.0742491 0.0726456 0.0688768 0.0634858 0.0570517 0.0500912 0.0430153 0.0361227 0.0296123 0.0236088 0.0181958 0.0134462 0.00943332 0.00621575
 0.00666972 0.0107404 0.0160217 0.022494 0.0300924 0.0386113 0.0475891 0.0563134 0.0639701 0.0698249 0.0733498 0.0742963 0.0727301 0.0690005 0.0636335 0.0571964 0.0501974 0.0430426 0.0360344 0.0293883 0.0232565 0.0177524 0.0129694 0.00898408 0.00584132
 0.00669992 0.0107898 0.0160965 0.0226002 0.0302341 0.0387878 0.0477921 0.0565252 0.0641654 0.0699778 0.0734439 0.0743323 0.0727269 0.0689868 0.0636334 0.0572182 0.0502296 0.0430578 0.0359989 0.0292743 0.0230539 0.0174753 0.012653 0.00867291 0.00557399
