SBPRF35
9.6044
Curr Bio
601646
B35
753334
F35
0.194316
FOFL
0.149834
OFL
71051.1
Bzero
2.74411e+006
#pred survey bio
 4.08675e+006 3.91351e+006 3.74085e+006 3.50938e+006 3.24701e+006 2.98686e+006 2.68965e+006 2.42073e+006 2.15033e+006 1.9048e+006 1.69249e+006 1.49437e+006 1.33091e+006 1.18332e+006 1.06161e+006 952980 868174 806457 750134 725553 691356 660153 641180 627081 600783 596856 592064 579595 576284 575428 576760 572828 563295 561104 552660 538854 530929 529832 530189 541707 552676 557379 555561 563903 575567 583169 586512 597051 584787 587236 591534 610484 609393 560316 566904 607696 2.08311e+007 1.27719e+007 1.32787e+007 1.42222e+007 1.54035e+007 1.66147e+007 1.77215e+007 1.8661e+007 1.94198e+007 2.00122e+007 2.04639e+007 2.0803e+007 2.10551e+007 2.12415e+007 2.13791e+007 2.14808e+007 2.15561e+007 2.1612e+007 2.16539e+007 2.16853e+007 2.1709e+007 2.17271e+007 2.17408e+007 2.17514e+007 2.17596e+007 2.17659e+007 2.17708e+007 2.17746e+007 2.17775e+007 2.17799e+007 2.17817e+007 2.17831e+007 2.17843e+007 2.17851e+007 2.17859e+007 2.17864e+007 2.17869e+007 2.17872e+007 2.17875e+007 2.17877e+007 2.17879e+007 2.1788e+007 2.17881e+007 2.17882e+007 2.17883e+007 2.17883e+007 2.17884e+007 2.17884e+007 2.17884e+007 2.17885e+007 2.17885e+007 2.17885e+007 2.17885e+007 2.17885e+007 2.17885e+007 2.17885e+007 2.17885e+007 2.17885e+007 2.17885e+007 2.17885e+007 2.17885e+007 2.17885e+007 2.17885e+007 2.17885e+007 2.17885e+007 2.17885e+007 2.17885e+007 2.17885e+007 2.17885e+007 2.17885e+007 2.17885e+007 2.17885e+007 2.17885e+007 2.17885e+007 2.17885e+007 2.17885e+007 2.17885e+007 2.17885e+007 2.17885e+007 2.17885e+007 2.17885e+007 2.17885e+007 2.17885e+007 2.17885e+007 2.17885e+007 2.17885e+007 2.17885e+007 2.17885e+007 2.17885e+007 2.17885e+007 2.17885e+007 2.17885e+007 2.17885e+007 2.17885e+007 2.17885e+007 2.17885e+007 2.17885e+007 2.17885e+007 2.17885e+007 2.17885e+007 0 0 0 0 0 0 0 0 0 0 0 0 0 0 0 0 0 0 0 0 0 0 0 0 0
#obs survey bio
 3.08634e+006 2.53109e+006 3.85684e+006 2.53558e+006 2.36706e+006 3.29821e+006 2.51293e+006 2.65862e+006 2.32041e+006 1.55468e+006 1.33549e+006 1.04376e+006 1.21451e+006 1.37888e+006 1.07785e+006 685641 906437 544057 604775 695492 608828 587908 617959 652166 561553 413406 545049 378635 596171 501450 620938 519994 549604 601702 684901 663365 895336 475520 508381 430729 421696 802970 668676 775951 468484 851146 730076 589184 424106 486746 642719 729340 534052 591573 741480 658657
#pred catch bio
 97472.7 99076.4 162330 206810 225150 281308 278278 300872 297868 285171 286245 265152 256236 234720 222303 199573 177246 169659 140027 145463 139070 125065 117929 125174 104221 104210 109455 100472 97591.2 94960.9 98018.5 100518 92076.7 94704 95815.9 89447.7 86123 88851.8 82824.2 85701.5 91793.6 96761.2 87817.6 85357.7 88892.7 92115.4 86211.6 105595 93310.5 93009.3 82252.4 100253 139711 93059.8 68108.2 112542 71051.1 92058.5 94518.2 100078 107945 116214 123718 129967 134882 138591 141306 143248 144612 145556 146203 146642 146938 147137 147269 147357 147415 147454 147479 147496 147507 147514 147519 147522 147524 147525 147526 147527 147527 147528 147528 147528 147528 147528 147528 147528 147528 147528 147528 147528 147528 147528 147528 147528 147528 147528 147528 147528 147528 147528 147528 147528 147528 147528 147528 147528 147528 147528 147528 147528 147528 147528 147528 147528 147528 147528 147528 147528 147528 147528 147528 147528 147528 147528 147528 147528 147528 147528 147528 147528 147528 147528 147528 147528 147528 147528 147528 147528 147528 147528 147528 147528 147528 147528 147528 147528 0 0 0 0 0 0 0 0 0 0 0 0 0 0 0 0 0 0 0 0 0 0 0 0 0
#obs catch bio
 0 98806.8 162830 208086 226739 284902 281299 304924 301433 289455 293189 272351 263952 240023 225545 202669 178652 172053 141496 147082 140641 126291 118384 125684 104595 104976 110225 101510 98182.4 95510.4 98781.7 101155 92621.8 95379 96393.9 89796.3 85944.8 88694.7 82412.7 85657.4 91733.7 96409.6 87420.7 84983 88619 91396.6 85124.4 104886 92764 92829.7 81939.2 99433.6 139539 92770.1 67503.7 112989
#pred cpue bio
 4.02482e+006 3.85495e+006 3.68443e+006 3.45364e+006 3.19198e+006 2.93268e+006 2.637e+006 2.36942e+006 2.10057e+006 1.85632e+006 1.64501e+006 1.44826e+006 1.28634e+006 1.1409e+006 1.02142e+006 914836 831706 771435 716613 692877 659955 629984 612004 598720 573347 569563 564997 552982 549906 549276 550804 547363 538488 536746 529141 516275 508144 505709 504991 515912 526706 531545 530027 538263 549729 557310 560729 570949 558812 560913 564874 583319 582269 533937 539491 579292 1.98917e+007 1.22163e+007 1.26052e+007 1.34171e+007 1.45528e+007 1.57533e+007 1.6858e+007 1.77971e+007 1.85559e+007 1.91482e+007 1.95999e+007 1.9939e+007 2.01911e+007 2.03775e+007 2.05152e+007 2.06168e+007 2.06921e+007 2.07481e+007 2.07899e+007 2.08213e+007 2.0845e+007 2.08631e+007 2.08769e+007 2.08874e+007 2.08956e+007 2.09019e+007 2.09068e+007 2.09106e+007 2.09136e+007 2.09159e+007 2.09177e+007 2.09191e+007 2.09203e+007 2.09212e+007 2.09219e+007 2.09224e+007 2.09229e+007 2.09232e+007 2.09235e+007 2.09237e+007 2.09239e+007 2.0924e+007 2.09241e+007 2.09242e+007 2.09243e+007 2.09243e+007 2.09244e+007 2.09244e+007 2.09245e+007 2.09245e+007 2.09245e+007 2.09245e+007 2.09245e+007 2.09245e+007 2.09245e+007 2.09245e+007 2.09245e+007 2.09245e+007 2.09245e+007 2.09245e+007 2.09246e+007 2.09246e+007 2.09246e+007 2.09246e+007 2.09246e+007 2.09246e+007 2.09246e+007 2.09246e+007 2.09246e+007 2.09246e+007 2.09246e+007 2.09246e+007 2.09246e+007 2.09246e+007 2.09246e+007 2.09246e+007 2.09246e+007 2.09246e+007 2.09246e+007 2.09246e+007 2.09246e+007 2.09246e+007 2.09246e+007 2.09246e+007 2.09246e+007 2.09246e+007 2.09246e+007 2.09246e+007 2.09246e+007 2.09246e+007 2.09246e+007 2.09246e+007 2.09246e+007 2.09246e+007 2.09246e+007 2.09246e+007 2.09246e+007 2.09246e+007 2.09246e+007 2.09246e+007 0 0 0 0 0 0 0 0 0 0 0 0 0 0 0 0 0 0 0 0 0 0 0 0 0
#obs cpue bio
 3.57568e+006 4.6038e+006 3.825e+006 2.06806e+006 2.56683e+006 2.3486e+006 2.55208e+006 2.02089e+006 2.03904e+006 1.44441e+006 972659 1.17215e+006 944483 1.08388e+006 1.3758e+006 931172 986813 743528 692117 724301 625534 603948 806873 651860 458036 607036 643667 505867 659035 556279 418958 656706 439237 456294 447008 426603 471882 619911 643109 480228 731035 522066 459960 420138 666792 659491 660226 503328 655617 602888 491813 807288 595881 458314 490629 406386
#pred surv len freq
 0.00478355 0.0077965 0.0117897 0.0167614 0.0225993 0.0289973 0.0354298 0.0412837 0.0460904 0.0496805 0.0521591 0.0537682 0.0547606 0.055335 0.0556135 0.0556401 0.0553948 0.0548085 0.0537588 0.0520353 0.0493186 0.0452456 0.0396026 0.0325625 0.0247845
 0.00508236 0.00817174 0.012155 0.0169806 0.0225395 0.028603 0.0347717 0.0405406 0.0454649 0.0493 0.0520222 0.0537666 0.0547535 0.0552287 0.055407 0.0554214 0.0552947 0.0549348 0.0541387 0.0525949 0.0499126 0.045723 0.0398722 0.0326215 0.0246989
 0.00530824 0.00856044 0.012771 0.0178745 0.0237092 0.0299513 0.0360928 0.0415698 0.045986 0.0492477 0.0515073 0.0530001 0.0539267 0.0544357 0.0546512 0.0546804 0.0545809 0.054307 0.0536635 0.0522953 0.0497441 0.0455981 0.0397114 0.0323953 0.024432
 0.00552724 0.0089146 0.0133031 0.0186291 0.02473 0.0312684 0.0376968 0.0433778 0.047821 0.0508572 0.0526311 0.0534642 0.0537091 0.0536579 0.0535045 0.0533426 0.0531774 0.0529207 0.052358 0.0511195 0.0487201 0.044716 0.0389463 0.0317319 0.0238754
 0.00574222 0.00926506 0.0138326 0.0193799 0.0257368 0.0325481 0.0392381 0.0451345 0.049711 0.0527606 0.0543862 0.0548739 0.0545751 0.0538409 0.0529771 0.0521986 0.0515906 0.0510843 0.0504401 0.0492471 0.0469812 0.0431665 0.0376183 0.030642 0.0230291
 0.005942 0.0095889 0.0143189 0.0200656 0.0266526 0.033711 0.0406406 0.0467397 0.0514546 0.0545587 0.0561393 0.0564639 0.0558612 0.0546669 0.0532017 0.0517409 0.0504663 0.0494089 0.0483964 0.0470379 0.0447906 0.0411403 0.0358592 0.0292103 0.0219434
 0.00622644 0.010041 0.0149805 0.0209691 0.027817 0.0351342 0.0422909 0.0485523 0.0533402 0.0564184 0.0578788 0.0579972 0.0571038 0.0555267 0.0535757 0.0515277 0.0495978 0.0478872 0.0463158 0.0445763 0.0421749 0.0386014 0.0335913 0.0273436 0.0205318
 0.00650066 0.0104815 0.0156333 0.0218736 0.0289984 0.0365926 0.0439896 0.0504151 0.055262 0.0582867 0.0595921 0.0594735 0.0582779 0.0563407 0.0539673 0.0514255 0.0489297 0.0466073 0.044441 0.0422132 0.0395189 0.0359024 0.0310983 0.0252478 0.0189307
 0.00686595 0.0110568 0.0164647 0.0229923 0.0304163 0.0382957 0.0459291 0.0525026 0.0573782 0.0603002 0.0613811 0.06094 0.0593536 0.056983 0.0541488 0.0511198 0.0481038 0.0452298 0.0425091 0.0397896 0.0367561 0.0330333 0.0283886 0.0229272 0.0171342
 0.00723955 0.0116539 0.0173436 0.0241986 0.0319729 0.0401882 0.0480914 0.0548153 0.0596871 0.0624481 0.0632344 0.0624012 0.0603601 0.0575008 0.0541637 0.0506277 0.0471016 0.0437139 0.0404892 0.0373186 0.0339597 0.0301177 0.0256074 0.0205171 0.0152481
 0.00751299 0.0121057 0.0180372 0.0251972 0.0333265 0.0419127 0.0501474 0.0570997 0.0620468 0.0647093 0.0652336 0.0640065 0.0614814 0.0580897 0.0542061 0.0501313 0.0460834 0.0421941 0.0384978 0.0349158 0.0312619 0.0273093 0.0229198 0.0181734 0.0134004
 0.00775473 0.0125021 0.0186407 0.0260606 0.0344951 0.0434102 0.0519583 0.0591588 0.0642414 0.0668938 0.0672493 0.0657026 0.0627333 0.0588126 0.0543594 0.0497127 0.0451169 0.0407186 0.0365653 0.0326025 0.0286871 0.0246454 0.020377 0.015955 0.0116467
 0.00786407 0.0126977 0.0189685 0.0265764 0.0352539 0.0444494 0.0532806 0.0607245 0.0659738 0.0686919 0.069 0.0672883 0.064039 0.059735 0.054818 0.0496585 0.0445352 0.0396272 0.0350117 0.0306666 0.0264887 0.0223475 0.0181704 0.0140213 0.0101118
 0.00802119 0.0129455 0.0193286 0.0270671 0.035892 0.0452495 0.054251 0.0618594 0.0672454 0.0700471 0.0703629 0.0685684 0.0651425 0.0605737 0.0553159 0.0497559 0.0441938 0.0388355 0.0337922 0.0290816 0.0246455 0.0203953 0.0162822 0.0123593 0.00878849
 0.00825972 0.0133101 0.019834 0.0277115 0.0366587 0.0461109 0.0551721 0.0628012 0.0681712 0.0709288 0.0711821 0.0693093 0.0657813 0.0610723 0.055623 0.0498143 0.0439507 0.0382543 0.0328643 0.0278385 0.0231657 0.0188017 0.0147236 0.0109777 0.00768311
 0.00844894 0.0136245 0.0203179 0.0284059 0.0375866 0.0472582 0.0564725 0.0641402 0.0694136 0.0719586 0.0719323 0.0697688 0.0659799 0.0610552 0.0554271 0.0494544 0.0434182 0.0375269 0.0319241 0.0266915 0.0218575 0.0174198 0.0133838 0.00979482 0.00673876
 0.00858747 0.0138434 0.020637 0.0288422 0.0381549 0.0479693 0.057326 0.0651137 0.0704541 0.0729817 0.0728359 0.0704582 0.0663935 0.0611789 0.0552875 0.0490981 0.0428871 0.0368455 0.0311013 0.0257364 0.0207985 0.0163152 0.0123169 0.0088524 0.00598478
 0.00867376 0.013979 0.0208325 0.0291048 0.0384881 0.0483724 0.0577945 0.0656391 0.0710248 0.0735824 0.0734423 0.0710312 0.0668795 0.0615198 0.0554384 0.0490401 0.0426283 0.0364102 0.030518 0.0250335 0.0200099 0.0154891 0.0115154 0.00814071 0.00541215
 0.00877234 0.0141363 0.0210632 0.0294196 0.0388905 0.0488548 0.0583342 0.0662002 0.0715655 0.0740665 0.0738471 0.071348 0.0671058 0.0616499 0.0554592 0.0489343 0.0423833 0.0360256 0.0300077 0.0244241 0.0193375 0.0147986 0.0108578 0.00756486 0.00495304
 0.00871423 0.0140442 0.0209299 0.0292426 0.0386759 0.0486211 0.0581147 0.066039 0.0715071 0.0741417 0.0740642 0.071691 0.0675404 0.0621311 0.0559369 0.0493579 0.0427068 0.036214 0.0300435 0.0243108 0.0190996 0.0144771 0.0105029 0.00722574 0.00466739
 0.00871792 0.0140554 0.0209559 0.0292918 0.0387541 0.0487265 0.0582354 0.0661563 0.0716039 0.0742121 0.0741169 0.0717443 0.0676124 0.0622307 0.0560593 0.0494852 0.0428118 0.0362669 0.0300196 0.0241979 0.0189034 0.0142209 0.0102219 0.00695771 0.00444192
 0.00871622 0.0140532 0.0209541 0.0292927 0.0387619 0.0487474 0.0582766 0.0662222 0.0716929 0.0743146 0.0742179 0.0718309 0.06768 0.0622848 0.05611 0.0495388 0.0428648 0.0363051 0.0300232 0.02415 0.0187976 0.014066 0.0100397 0.00677554 0.00428378
 0.00874149 0.0140765 0.0209569 0.0292483 0.0386441 0.0485447 0.0580022 0.0659154 0.0714081 0.0741036 0.0741149 0.0718451 0.0677981 0.0624792 0.0563497 0.0497963 0.0431181 0.036535 0.0302118 0.0242815 0.0188632 0.0140679 0.00999227 0.00670096 0.00420459
 0.00878216 0.0141347 0.0210287 0.0293221 0.0387007 0.0485586 0.0579469 0.0657717 0.0711748 0.0738059 0.0738025 0.0715784 0.0676279 0.0624309 0.0564189 0.0499561 0.0433312 0.0367643 0.0304259 0.0244569 0.0189856 0.0141336 0.0100085 0.0066829 0.00417019
 0.00896279 0.0144109 0.021411 0.0298062 0.039266 0.0491674 0.0585435 0.0662861 0.071533 0.0739485 0.0737033 0.0712546 0.0671375 0.0618566 0.0558448 0.0494468 0.0429204 0.0364563 0.0302048 0.0242984 0.018866 0.0140356 0.00992302 0.00660817 0.00410828
 0.00893411 0.0143709 0.0213631 0.0297584 0.0392293 0.0491529 0.0585597 0.0663358 0.0716124 0.0740451 0.0737969 0.0713216 0.0671585 0.0618253 0.0557726 0.0493589 0.0428454 0.0364142 0.0302003 0.024322 0.0189012 0.0140668 0.00994109 0.00661178 0.00410162
 0.00890755 0.0143298 0.0213056 0.0296852 0.0391444 0.0490645 0.0584806 0.0662814 0.0715964 0.0740749 0.0738691 0.0714221 0.0672656 0.0619165 0.0558315 0.0493814 0.0428404 0.0363985 0.0301899 0.0243254 0.0189171 0.0140876 0.00995874 0.00662174 0.00410388
 0.00892581 0.0143619 0.021358 0.0297645 0.0392545 0.0492036 0.0586381 0.0664396 0.0717352 0.0741781 0.0739289 0.0714385 0.0672428 0.061859 0.055743 0.0492657 0.0427044 0.036254 0.0300517 0.0242068 0.0188255 0.0140233 0.00991639 0.00659451 0.00408611
 0.00889761 0.0143128 0.0212787 0.0296462 0.0390937 0.049007 0.0584266 0.0662454 0.0715926 0.0741117 0.0739459 0.0715294 0.0673873 0.062033 0.0559235 0.0494334 0.0428459 0.0363628 0.0301286 0.0242581 0.0188595 0.0140468 0.00993342 0.00660646 0.00409357
 0.00885231 0.0142422 0.021178 0.0295124 0.0389255 0.0488053 0.0581966 0.0659995 0.0713524 0.0739068 0.0738084 0.0714841 0.0674437 0.0621816 0.0561393 0.0496842 0.0431 0.0365954 0.030325 0.024413 0.0189752 0.0141294 0.00999001 0.00664349 0.00411633
 0.00869057 0.0140044 0.020867 0.0291472 0.0385359 0.0484229 0.0578475 0.0657023 0.0711197 0.0737478 0.0737306 0.0714946 0.0675478 0.0623794 0.0564209 0.0500277 0.0434747 0.0369676 0.0306656 0.0247026 0.0192052 0.0143008 0.0101101 0.00672238 0.00416469
 0.00863072 0.0138996 0.0206965 0.0288909 0.0381827 0.0479831 0.0573597 0.0652285 0.0707265 0.0734836 0.0736124 0.0715108 0.0676728 0.0625876 0.0566931 0.0503492 0.0438293 0.0373344 0.0310201 0.0250215 0.0194717 0.0145077 0.0102592 0.00682205 0.00422628
 0.00859827 0.0138529 0.0206367 0.0288198 0.0380997 0.0478805 0.0572229 0.0650432 0.0704908 0.0732166 0.0733528 0.0713035 0.0675517 0.0625655 0.0567636 0.050495 0.0440301 0.03757 0.0312698 0.0252646 0.0196895 0.014687 0.0103945 0.00691557 0.00428537
 0.00836132 0.013503 0.0201759 0.0282746 0.0375142 0.0473054 0.056705 0.0646191 0.070183 0.0730327 0.0732886 0.0713499 0.0677013 0.0628136 0.0571029 0.05091 0.0444961 0.0380566 0.0317462 0.0257034 0.0200696 0.0149951 0.0106267 0.0070772 0.00438864
 0.0083005 0.0133846 0.0199639 0.0279284 0.0370053 0.0466395 0.0559374 0.0638489 0.0695237 0.0725735 0.0730685 0.071357 0.0678921 0.0631371 0.0575166 0.0513838 0.045007 0.0385827 0.032263 0.0261849 0.0204922 0.0153424 0.0108922 0.0072646 0.00451
 0.00895285 0.014301 0.0210748 0.029075 0.0379795 0.0472513 0.056075 0.0635032 0.0687771 0.071569 0.0719723 0.0703217 0.0670264 0.0624919 0.057092 0.0511489 0.0449216 0.0386086 0.0323666 0.0263357 0.0206618 0.0155061 0.0110322 0.00737173 0.00458366
 0.00957926 0.0152843 0.0224808 0.0309187 0.0401963 0.0496681 0.0584017 0.0653751 0.0698573 0.071668 0.0711165 0.0687315 0.0650232 0.0603913 0.0551304 0.0494607 0.0435532 0.0375499 0.0315801 0.0257751 0.0202809 0.0152615 0.0108851 0.00728964 0.00454137
 0.00955066 0.0153243 0.0227002 0.0314719 0.0412383 0.051285 0.0605448 0.0678351 0.0722962 0.0736978 0.0723985 0.0690665 0.0644032 0.058992 0.053245 0.0474055 0.0415872 0.0358355 0.0301865 0.024705 0.0194997 0.0147192 0.0105287 0.00706923 0.0044141
 0.00936043 0.0150444 0.0223395 0.0310733 0.0408875 0.0511116 0.0607074 0.0684805 0.0734934 0.0753748 0.0743227 0.0708937 0.0657827 0.0596795 0.053174 0.0466873 0.04045 0.0345368 0.0289394 0.0236418 0.0186732 0.0141249 0.0101306 0.00682072 0.0042699
 0.00917443 0.0147438 0.0218925 0.0304575 0.0401029 0.0501984 0.0597634 0.0676628 0.0729943 0.0753709 0.0749116 0.0720419 0.0673104 0.0613003 0.054581 0.0476524 0.0408889 0.0345117 0.0286061 0.0231765 0.0182149 0.0137516 0.0098655 0.00665262 0.00417361
 0.00899679 0.0144729 0.0215172 0.0299777 0.039526 0.0495371 0.059038 0.0669113 0.0722835 0.0748018 0.0746082 0.0721195 0.0678296 0.0622249 0.055767 0.0488827 0.0419448 0.0352469 0.0289855 0.0232636 0.0181231 0.0135912 0.00971118 0.00653767 0.00410175
 0.00892479 0.0143537 0.0213346 0.0297167 0.0391776 0.0491046 0.058541 0.0663837 0.0717663 0.0743355 0.074234 0.0718863 0.0677959 0.0624437 0.0562547 0.0495914 0.0427604 0.0360231 0.0295979 0.0236524 0.0183022 0.0136229 0.00966871 0.00647663 0.00405112
 0.00898708 0.0144397 0.021435 0.0298117 0.0392401 0.0491067 0.0584608 0.0662106 0.0715037 0.0740013 0.0738592 0.0715122 0.067471 0.0622204 0.0561813 0.0496958 0.0430317 0.0364046 0.030002 0.023994 0.0185306 0.013734 0.00969294 0.00645563 0.00401804
 0.00894202 0.0143719 0.0213428 0.0296957 0.0391017 0.0489453 0.0582736 0.0659944 0.0712592 0.0737374 0.0735943 0.0712717 0.0672838 0.0621142 0.0561798 0.0498153 0.0432743 0.0367497 0.0304039 0.0243915 0.018867 0.0139766 0.00984004 0.00652837 0.00404522
 0.00883732 0.0142117 0.0211206 0.0294134 0.0387696 0.0485818 0.057904 0.0656481 0.0709637 0.0735116 0.0734452 0.0711973 0.0672789 0.0621767 0.0563121 0.0500221 0.0435572 0.037101 0.0308007 0.0247966 0.0192373 0.0142771 0.0100549 0.00666273 0.00411824
 0.00878869 0.0141311 0.0209968 0.029236 0.0385324 0.0482876 0.0575688 0.0653007 0.0706398 0.0732445 0.0732575 0.0710974 0.0672632 0.0622347 0.056433 0.0501986 0.0437855 0.0373767 0.0311132 0.0251252 0.0195533 0.0145514 0.0102676 0.00680907 0.00420701
 0.00890483 0.0142915 0.0211854 0.0294191 0.0386672 0.0483358 0.0575089 0.0651333 0.0703848 0.0729347 0.0729315 0.0707925 0.067009 0.0620493 0.056323 0.0501622 0.0438171 0.0374688 0.0312561 0.0253041 0.0197475 0.0147374 0.0104251 0.00692662 0.00428423
 0.00887413 0.0142578 0.0211632 0.029428 0.0387219 0.0484329 0.0576189 0.0652072 0.0703744 0.0728154 0.072714 0.0705181 0.0667316 0.0618168 0.0561659 0.0500914 0.0438285 0.0375498 0.0313898 0.0254719 0.0199293 0.0149129 0.0105769 0.00704407 0.00436506
 0.0090393 0.0145119 0.021519 0.0298883 0.0392796 0.0490706 0.0583054 0.0658915 0.0709843 0.073266 0.0729272 0.070447 0.0663792 0.0612383 0.0554516 0.0493404 0.0431242 0.0369471 0.0309145 0.0251261 0.0196992 0.0147753 0.0105051 0.0070131 0.00435537
 0.00905278 0.0145376 0.0215646 0.0299635 0.0393942 0.0492315 0.0585142 0.0661435 0.0712685 0.0735643 0.0732116 0.0706782 0.0665122 0.0612363 0.0553026 0.0490657 0.0427729 0.0365792 0.0305823 0.0248622 0.019514 0.0146618 0.0104464 0.00698958 0.00435039
 0.00898297 0.0144395 0.0214459 0.0298418 0.0392933 0.049175 0.0585192 0.066218 0.0714116 0.0737672 0.0734583 0.0709453 0.0667693 0.0614478 0.0554344 0.0490955 0.0426998 0.0364262 0.0303886 0.0246696 0.0193537 0.0145478 0.0103774 0.00695502 0.00433713
 0.00890378 0.0142983 0.0212121 0.029484 0.0387928 0.0485436 0.0578125 0.0655311 0.0708547 0.0734317 0.0733916 0.0711435 0.0671861 0.062011 0.0560617 0.0497091 0.0432386 0.036855 0.0307008 0.0248816 0.0194932 0.0146416 0.0104441 0.00700438 0.00437305
 0.00909582 0.0145841 0.0215912 0.029934 0.0392689 0.0489842 0.0581473 0.0656958 0.0708115 0.0731878 0.0730021 0.0706949 0.0667654 0.0616785 0.055839 0.0495827 0.0431739 0.0368137 0.0306547 0.0248192 0.0194186 0.0145674 0.0103821 0.00696052 0.0043467
 0.00959531 0.0153814 0.0227594 0.03152 0.0412705 0.0513207 0.060637 0.0680647 0.072747 0.0744202 0.0733777 0.0702081 0.0655457 0.0599436 0.053835 0.0475299 0.0412339 0.035081 0.0291696 0.0235886 0.0184333 0.0138107 0.00983129 0.00658529 0.0041103
 0.00922084 0.0148554 0.0221241 0.0308738 0.0407506 0.0510677 0.0607582 0.0686062 0.0736767 0.0756237 0.0746732 0.0713861 0.0664249 0.0604196 0.0539006 0.0472608 0.04075 0.0345041 0.028594 0.0230716 0.0180014 0.0134705 0.00957869 0.00640982 0.0039976
 0.00842559 0.0136348 0.0204275 0.0287183 0.0382344 0.0483791 0.0581758 0.0664707 0.0723193 0.075271 0.0753733 0.0729943 0.0686509 0.0629119 0.0563342 0.0494027 0.0424853 0.0358227 0.0295518 0.0237482 0.0184708 0.0137898 0.00978921 0.00654237 0.00407619
#obs surv len freq
 nan nan nan nan nan nan nan nan nan nan nan nan nan nan nan nan nan nan nan nan nan nan nan nan nan
 0.00448842 0.00735125 0.0111823 0.0159987 0.0216983 0.0279718 0.0342834 0.0400125 0.0446904 0.0481534 0.0505111 0.0520071 0.0528997 0.0534125 0.0537271 0.0539823 0.0542611 0.0545539 0.0546927 0.0542847 0.0527228 0.0493551 0.043805 0.0362852 0.0276691
 0.00461657 0.00756323 0.0115076 0.0164659 0.0223275 0.0287636 0.0352082 0.0410081 0.0456719 0.0490303 0.0512054 0.0524645 0.0530939 0.0533446 0.0534205 0.0534749 0.0535966 0.0537753 0.053839 0.0533928 0.0518318 0.0485082 0.0430473 0.035655 0.0271874
 0.00477932 0.00782894 0.0119098 0.017037 0.0230931 0.0297327 0.0363625 0.0422954 0.0470096 0.0503171 0.0523361 0.0533439 0.0536493 0.0535337 0.0532355 0.0529395 0.052758 0.0526945 0.0525832 0.0520329 0.0504434 0.0471721 0.0418438 0.0346503 0.0264182
 0.00496948 0.00813982 0.0123809 0.0177063 0.0239897 0.0308659 0.0377097 0.043798 0.0485805 0.0518552 0.0537394 0.0545166 0.0545054 0.0540027 0.0532701 0.0525226 0.0519069 0.0514585 0.0510392 0.0502795 0.0485968 0.0453602 0.0401926 0.0332625 0.0253516
 0.00518142 0.00848682 0.0129078 0.0184563 0.0249969 0.0321415 0.0392292 0.0454957 0.0503585 0.0536017 0.0553454 0.0558852 0.055553 0.0546584 0.0534757 0.0522372 0.0511144 0.0501769 0.0493274 0.0482406 0.0463748 0.0431274 0.0381254 0.0315077 0.0239946
 0.00540281 0.00885077 0.0134631 0.0192513 0.0260703 0.0335079 0.040864 0.0473297 0.0522872 0.0555048 0.0571057 0.0573993 0.0567349 0.0554376 0.0537946 0.0520498 0.0503895 0.0489083 0.0475488 0.0460408 0.0439037 0.0405852 0.0357304 0.0294496 0.02239
 0.00565082 0.00925459 0.0140722 0.0201127 0.02722 0.0349582 0.0425885 0.0492577 0.0543121 0.0575035 0.058957 0.058996 0.0579879 0.0562758 0.054162 0.0519017 0.049692 0.0476447 0.0457358 0.0437501 0.0412782 0.0378351 0.0331003 0.0271624 0.0205907
 0.00588737 0.00964396 0.0146671 0.0209651 0.0283711 0.0364219 0.0443356 0.051211 0.0563584 0.0595162 0.0608164 0.0605999 0.0592528 0.0571347 0.0545607 0.0517956 0.049045 0.0464343 0.0439678 0.0414818 0.0386398 0.0350327 0.0303863 0.0247768 0.0186975
 0.00612768 0.0100376 0.0152653 0.0218179 0.029518 0.0378777 0.0460741 0.0531587 0.0584038 0.0615301 0.0626735 0.0621919 0.0604945 0.0579631 0.0549302 0.0516715 0.0483986 0.0452454 0.0422385 0.0392594 0.0360417 0.0322538 0.0276741 0.0223748 0.0167781
 0.0063612 0.0104207 0.0158481 0.0226493 0.0306364 0.0392956 0.0477636 0.0550456 0.0603783 0.0634678 0.0644551 0.0637148 0.0616768 0.0587433 0.0552648 0.05153 0.0477591 0.0440941 0.0405796 0.0371357 0.033559 0.0295913 0.0250647 0.0200523 0.0149128
 0.00661685 0.0108369 0.0164754 0.0235347 0.031814 0.0407718 0.0495021 0.0569626 0.0623544 0.0653713 0.0661642 0.0651308 0.0627277 0.0593811 0.0554606 0.0512674 0.0470286 0.0428925 0.0389178 0.0350571 0.0311614 0.0270385 0.0225705 0.0178332 0.0131286
 0.00683582 0.0112023 0.0170426 0.0243601 0.0329423 0.0422168 0.0512272 0.0588763 0.0643252 0.0672559 0.067833 0.0664827 0.0636932 0.05992 0.0555554 0.0509158 0.0462361 0.0416698 0.0372861 0.0330633 0.0288975 0.0246525 0.0202535 0.0157784 0.0114783
 0.00708082 0.0115977 0.0176325 0.0251845 0.0340306 0.0435766 0.0528314 0.0606555 0.066173 0.0690443 0.0694331 0.0677818 0.0646074 0.0603997 0.0555829 0.0504976 0.0453926 0.0404284 0.0356828 0.0311531 0.0267705 0.0224431 0.0181297 0.0139077 0.0099824
 0.00728834 0.011944 0.0181697 0.0259646 0.0350926 0.0449274 0.0544284 0.0624045 0.0679466 0.070711 0.0708801 0.068924 0.0653854 0.0607761 0.0555408 0.0500392 0.0445368 0.0392074 0.0341409 0.0293527 0.0248014 0.0204286 0.0162165 0.0122377 0.00865549
 0.00743826 0.0121905 0.0185466 0.0265067 0.0358312 0.0458806 0.0555898 0.0637346 0.0693724 0.0721351 0.0721955 0.0700299 0.0662012 0.0612481 0.0556423 0.0497653 0.0438993 0.0382318 0.0328679 0.0278426 0.0231398 0.0187275 0.0146043 0.0108347 0.00754408
 0.00753216 0.0123434 0.0187775 0.0268346 0.0362728 0.0464471 0.0562817 0.0645395 0.0702648 0.0730781 0.0731413 0.0709201 0.0669689 0.0618251 0.0559692 0.0498002 0.0436222 0.0376455 0.0319978 0.026738 0.0218764 0.017405 0.0133353 0.00972293 0.00666042
 0.0075738 0.0124049 0.018859 0.0269342 0.0363898 0.0465858 0.056455 0.0647673 0.0705691 0.0734755 0.0736357 0.0714969 0.0675923 0.0624394 0.0565049 0.0501848 0.0437931 0.0375618 0.0316481 0.0261444 0.0210947 0.0165189 0.0124434 0.00891831 0.00600896
 0.00765368 0.0125285 0.0190327 0.0271585 0.0366576 0.046882 0.0567571 0.06505 0.0708133 0.0736769 0.0738079 0.0716654 0.0677807 0.0626563 0.0567349 0.0503892 0.0439179 0.0375522 0.0314643 0.0257752 0.0205641 0.0158841 0.0117818 0.00830793 0.00550767
 0.00772285 0.0126357 0.0191841 0.0273557 0.0368969 0.0471538 0.0570448 0.0653305 0.0710608 0.0738698 0.0739361 0.071734 0.0678092 0.0626704 0.0567553 0.0504202 0.0439421 0.0375339 0.0313624 0.0255599 0.0202316 0.0154616 0.0113212 0.00786871 0.00513849
 0.00778743 0.0127349 0.0193226 0.0275337 0.0371098 0.0473924 0.0572954 0.0655754 0.0712805 0.0740465 0.0740573 0.0717951 0.0678141 0.0626315 0.0566906 0.0503466 0.0438677 0.0374522 0.0312532 0.0253993 0.0200052 0.0151756 0.0110031 0.00755816 0.0048718
 0.00781435 0.0127774 0.019384 0.0276159 0.0372129 0.0475139 0.0574294 0.0657133 0.0714125 0.0741642 0.0741545 0.0718679 0.0678603 0.0626509 0.0566853 0.0503216 0.0438282 0.0374 0.0311831 0.0253004 0.0198674 0.0149984 0.0108 0.00735342 0.00469076
 0.00785127 0.0128307 0.0194518 0.0276925 0.0372908 0.0475864 0.0574936 0.0657695 0.0714631 0.0742114 0.0741988 0.0719083 0.0678946 0.062676 0.0566985 0.0503209 0.0438131 0.03737 0.0311365 0.0252332 0.0197756 0.014882 0.0106664 0.00721703 0.0045681
 0.00787236 0.0128646 0.019502 0.0277609 0.0373761 0.0476831 0.0575906 0.0658531 0.0715213 0.0742391 0.0741999 0.0718928 0.0678734 0.0626564 0.0566825 0.0503065 0.0437962 0.0373462 0.031102 0.0251847 0.0197108 0.0148015 0.0105752 0.00712426 0.00448433
 0.00787416 0.0128638 0.0194941 0.0277402 0.0373383 0.0476282 0.0575252 0.065789 0.071471 0.0742112 0.0741968 0.071912 0.0679109 0.0627087 0.0567463 0.0503774 0.0438678 0.0374111 0.0311527 0.0252153 0.0197182 0.0147861 0.0105416 0.00708046 0.00443941
 0.00788735 0.0128819 0.0195151 0.0277594 0.037349 0.0476234 0.0574995 0.0657406 0.0714039 0.0741351 0.0741254 0.0718588 0.0678849 0.0627122 0.056776 0.0504265 0.0439282 0.0374743 0.0312104 0.0252603 0.0197454 0.0147941 0.0105328 0.00706038 0.00441494
 0.00788385 0.0128736 0.0194976 0.0277273 0.0372971 0.0475487 0.0574034 0.0656296 0.071288 0.074026 0.0740349 0.0717975 0.067861 0.0627297 0.0568335 0.0505169 0.0440404 0.0375951 0.0313273 0.0253625 0.0198257 0.0148492 0.0105639 0.0070724 0.00441464
 0.00789433 0.012889 0.0195174 0.0277495 0.0373176 0.0475618 0.0574024 0.0656079 0.0712417 0.0739563 0.0739484 0.0717056 0.0677772 0.0626666 0.0568001 0.0505172 0.0440722 0.0376512 0.0313969 0.0254341 0.0198892 0.014898 0.0105958 0.00708911 0.00442037
 0.00792041 0.012926 0.0195632 0.0277984 0.0373622 0.0475951 0.0574194 0.0656063 0.0712207 0.0739161 0.0738906 0.0716337 0.0676976 0.0625886 0.0567341 0.0504721 0.0440536 0.0376592 0.0314266 0.0254768 0.0199351 0.0149388 0.0106266 0.00710852 0.00443026
 0.00784667 0.0128163 0.0194171 0.027622 0.0371667 0.0473933 0.0572242 0.0654303 0.0710769 0.0738163 0.0738438 0.0716433 0.0677601 0.0626946 0.0568714 0.0506291 0.0442208 0.0378295 0.0315933 0.0256327 0.0200727 0.0150521 0.0107123 0.0071676 0.00446691
 0.00784787 0.0128039 0.0193726 0.0275216 0.0369895 0.0471343 0.0569025 0.0650876 0.0707643 0.0735773 0.0737024 0.071603 0.0678102 0.0628176 0.0570477 0.0508397 0.0444485 0.0380594 0.0318134 0.0258337 0.0202472 0.0151948 0.0108211 0.00724406 0.00451591
 0.00781731 0.0127582 0.0193105 0.0274419 0.0368887 0.0470036 0.0567294 0.0648624 0.0704907 0.0732793 0.0734225 0.071389 0.0676984 0.0628221 0.0571593 0.0510338 0.0446944 0.0383281 0.0320809 0.0260817 0.0204632 0.0153714 0.010956 0.0073394 0.00457778
 0.00780551 0.0127343 0.0192659 0.0273671 0.0367758 0.0468513 0.0565454 0.0646611 0.0702868 0.0730833 0.0732403 0.0712286 0.0675754 0.0627575 0.0571721 0.0511306 0.0448661 0.0385526 0.0323303 0.0263293 0.0206881 0.01556 0.0111023 0.00744408 0.00464648
 0.00776646 0.0126734 0.0191791 0.0272515 0.0366301 0.0466759 0.0563433 0.0644405 0.0700616 0.0728718 0.0730616 0.0710977 0.0675008 0.0627427 0.0572185 0.0512392 0.0450346 0.0387715 0.0325817 0.0265897 0.0209336 0.0157719 0.01127 0.00756575 0.00472712
 0.0077329 0.012618 0.0190943 0.0271305 0.036469 0.0464764 0.0561154 0.0642012 0.0698316 0.0726698 0.0729016 0.0709882 0.0674466 0.062746 0.0572791 0.0513544 0.0451994 0.0389781 0.0328178 0.026838 0.021174 0.0159855 0.0114437 0.0076946 0.00481402
 0.00932501 0.0148456 0.0217805 0.0298882 0.0388131 0.0480036 0.0566464 0.0638082 0.0687555 0.071199 0.0712811 0.069386 0.0659599 0.0614226 0.0561374 0.0503974 0.0444217 0.0383695 0.0323637 0.0265191 0.0209664 0.0158624 0.0113788 0.00766521 0.00480349
 0.00932545 0.0151392 0.0227384 0.0319684 0.0423609 0.0529813 0.0624623 0.0694129 0.0730136 0.0733362 0.0711402 0.0673678 0.0627472 0.0576886 0.0523786 0.0469061 0.0413371 0.03574 0.0301921 0.0247851 0.0196348 0.014886 0.0107006 0.00722273 0.00453448
 0.00897988 0.014598 0.0219837 0.0310544 0.0414659 0.0524419 0.0627322 0.0709 0.0758344 0.077134 0.0751302 0.0706343 0.0646243 0.0579906 0.0513685 0.0450797 0.0391898 0.0336331 0.0283294 0.0232504 0.01844 0.0140048 0.0100871 0.00682222 0.00429123
 0.00879041 0.014281 0.0214913 0.0303402 0.0405042 0.0512607 0.0614551 0.0697724 0.0752015 0.0773443 0.0763788 0.0728187 0.0673148 0.0605696 0.0532791 0.0460366 0.0392345 0.0330331 0.0274151 0.0222918 0.0175993 0.0133486 0.00961931 0.00651481 0.00410481
 0.00872233 0.0141628 0.0212984 0.0300426 0.0400701 0.0506653 0.060694 0.0688795 0.0742672 0.0765272 0.0758937 0.0728812 0.0680471 0.0619092 0.0549581 0.0476684 0.0404712 0.033698 0.0275373 0.02204 0.0171772 0.0129161 0.00926398 0.0062629 0.00394601
 0.0087045 0.0141291 0.0212384 0.029942 0.0399115 0.050431 0.060369 0.0684559 0.0737502 0.0759452 0.0753104 0.0724032 0.0678106 0.0620372 0.0554966 0.0485391 0.0414797 0.0346081 0.0281697 0.022336 0.0171937 0.0127689 0.00906559 0.0060857 0.0038187
 0.00868788 0.0141023 0.0211981 0.0298846 0.0398325 0.0503246 0.0602284 0.0682735 0.0735194 0.0756631 0.0749837 0.0720566 0.0674945 0.0618266 0.0554729 0.048754 0.0419189 0.0351804 0.0287386 0.0227783 0.0174492 0.0128508 0.00903371 0.0060071 0.00374038
 0.00868397 0.0140977 0.0211942 0.0298833 0.0398351 0.0503299 0.0602313 0.0682646 0.073486 0.0755918 0.074864 0.0718852 0.0672816 0.0616007 0.0552814 0.048653 0.041951 0.0353507 0.0290048 0.0230654 0.0176839 0.0129928 0.00908493 0.00599749 0.00370537
 0.00867441 0.0140818 0.02117 0.0298492 0.039791 0.0502783 0.0601774 0.0682154 0.0734469 0.0755634 0.0748398 0.0718542 0.0672324 0.0615291 0.055196 0.048577 0.0419164 0.0353839 0.0291109 0.0232221 0.0178501 0.0131289 0.00916979 0.00603319 0.00370847
 0.00865339 0.0140488 0.0211226 0.0297861 0.0397123 0.0501864 0.0600777 0.0681163 0.0733591 0.075497 0.0748019 0.0718453 0.0672464 0.061555 0.0552233 0.0486018 0.0419444 0.0354283 0.0291836 0.023324 0.0179679 0.0132407 0.00925663 0.00608723 0.00373379
 0.00864639 0.014037 0.0211038 0.0297582 0.0396736 0.0501361 0.0600171 0.068049 0.0732903 0.075433 0.074749 0.0718088 0.0672294 0.061557 0.0552405 0.0486287 0.0419774 0.0354678 0.0292333 0.0233869 0.0180414 0.0133159 0.00932214 0.00613501 0.00376238
 0.00862685 0.0140079 0.021065 0.0297112 0.0396209 0.0500804 0.0599606 0.0679935 0.0732379 0.0753862 0.0747108 0.0717826 0.067218 0.0615622 0.055262 0.0486641 0.042023 0.0355202 0.0292906 0.0234482 0.018105 0.0133778 0.00937677 0.00617748 0.00379087
 0.0086182 0.0139934 0.0210427 0.0296792 0.0395785 0.0500289 0.0599042 0.0679381 0.0731897 0.0753493 0.0746863 0.0717693 0.0672142 0.0615671 0.0552757 0.0486871 0.0420551 0.0355601 0.0293364 0.0234976 0.0181555 0.0134264 0.00941983 0.00621192 0.00381526
 0.00862491 0.0140026 0.0210531 0.0296884 0.0395834 0.0500263 0.0598916 0.0679151 0.0731576 0.0753117 0.0746477 0.0717342 0.0671858 0.0615468 0.0552639 0.0486839 0.0420604 0.0355738 0.0293578 0.0235251 0.0181869 0.0134587 0.00944976 0.00623688 0.00383377
 0.00859979 0.0139664 0.0210074 0.0296373 0.0395324 0.0499802 0.059853 0.0678839 0.0731327 0.0752921 0.0746338 0.0717274 0.0671879 0.061559 0.055286 0.0487143 0.0420971 0.0356146 0.0294008 0.0235686 0.018229 0.0134973 0.00948297 0.00626325 0.00385285
 0.00859979 0.0139664 0.0210074 0.0296373 0.0395324 0.0499802 0.059853 0.0678839 0.0731327 0.0752921 0.0746338 0.0717274 0.0671879 0.061559 0.055286 0.0487143 0.0420971 0.0356146 0.0294008 0.0235686 0.018229 0.0134973 0.00948297 0.00626325 0.00385285
 0.00855959 0.0138986 0.0209014 0.0294837 0.0393269 0.0497296 0.0595787 0.0676198 0.0729164 0.0751527 0.0745845 0.0717642 0.0672951 0.0617161 0.0554728 0.0489135 0.0422951 0.0358013 0.0295693 0.0237148 0.0183509 0.0135946 0.00955675 0.00631588 0.00388776
 0.00861457 0.0139832 0.0210191 0.0296323 0.0394972 0.0499037 0.0597309 0.0677216 0.0729452 0.0751014 0.0744646 0.0716017 0.0671199 0.0615529 0.0553363 0.0488091 0.0422217 0.0357546 0.0295438 0.0237049 0.0183516 0.0136015 0.00956643 0.00632565 0.00389598
 0.00906113 0.0146923 0.0220513 0.0310227 0.0412366 0.0519164 0.061857 0.0697274 0.0745694 0.0761247 0.074767 0.0711841 0.0660888 0.0600811 0.0536191 0.047026 0.0405138 0.0342165 0.0282277 0.02263 0.0175137 0.0129804 0.00913139 0.00603994 0.0037215
 0.00878597 0.0143088 0.0215943 0.0305702 0.0408957 0.0517947 0.0620341 0.0702329 0.0753714 0.0771277 0.075825 0.0721319 0.0667836 0.0604393 0.0536321 0.0467512 0.0400471 0.0336614 0.0276712 0.0221316 0.0171043 0.0126686 0.00891024 0.00589419 0.00363264
 0.00851129 0.0138337 0.020833 0.0294431 0.039369 0.0499335 0.0600371 0.0684115 0.0740649 0.0765891 0.0761384 0.0731969 0.0683644 0.0622451 0.0553952 0.0482813 0.0412513 0.034534 0.0282626 0.0225138 0.0173452 0.0128195 0.00900487 0.00595304 0.0036682
#pred catch len freq
 0.00411621 0.00654856 0.00962277 0.0132939 0.0175388 0.022329 0.0275618 0.0330312 0.0384668 0.0435987 0.0482013 0.0521167 0.055268 0.0576543 0.05932 0.0603186 0.0606874 0.0604315 0.059493 0.0577012 0.0547451 0.0502494 0.0439928 0.0361762 0.0275365
 0.00439278 0.00690753 0.00999912 0.0135806 0.0176279 0.0221702 0.0272008 0.032595 0.0380991 0.043383 0.0481213 0.0520751 0.055149 0.0573913 0.0589361 0.059922 0.0604262 0.0604249 0.0597709 0.0581828 0.0552718 0.0506575 0.0441856 0.0361544 0.0273751
 0.00462756 0.0072913 0.0105736 0.0143675 0.0186037 0.0232402 0.0281965 0.0333165 0.0383974 0.0432342 0.0476362 0.0514299 0.0544864 0.0567634 0.0583223 0.0592954 0.0598083 0.0598894 0.0593971 0.0579971 0.0552234 0.0506454 0.0441172 0.0359932 0.0271468
 0.00486979 0.00767216 0.0111257 0.0151202 0.0195852 0.0244731 0.0296765 0.0349787 0.0400887 0.0447232 0.0486753 0.0518494 0.0542618 0.0560097 0.0572217 0.0580159 0.0584681 0.0585688 0.0581616 0.0568982 0.0542817 0.0498446 0.043423 0.0353829 0.0266237
 0.00510174 0.00803888 0.0116595 0.0158477 0.0205275 0.0256452 0.0310828 0.0366047 0.0418883 0.0466021 0.0504761 0.0533572 0.0552475 0.0563031 0.0567755 0.0569184 0.0568992 0.0567331 0.0562383 0.0550226 0.0525455 0.0483029 0.0421041 0.0342995 0.025779
 0.00535119 0.0084295 0.012221 0.0166013 0.021488 0.0268209 0.0324727 0.0381915 0.0436334 0.0484426 0.0523206 0.0550799 0.0566856 0.0572706 0.0571016 0.0565013 0.0557476 0.0549704 0.0540652 0.0526628 0.0502017 0.0461344 0.0402218 0.0327675 0.0246168
 0.00565613 0.00890305 0.0128934 0.0174894 0.0225967 0.0281461 0.0339986 0.0398858 0.0454446 0.0503013 0.0541434 0.0567713 0.058137 0.0583573 0.0576859 0.0564514 0.0549742 0.0534678 0.0519341 0.0500992 0.0474556 0.0434588 0.0378279 0.0307957 0.0231251
 0.00598231 0.00941149 0.0136189 0.0184521 0.0238029 0.029588 0.0356504 0.0416988 0.0473476 0.0522075 0.05596 0.0584068 0.0595042 0.0593708 0.058256 0.0564818 0.054373 0.0521769 0.0499692 0.0475781 0.044596 0.0405388 0.0351238 0.0285196 0.021385
 0.00639193 0.0100426 0.014505 0.0196049 0.0252158 0.0312412 0.0375096 0.0437086 0.0494272 0.0542541 0.0578598 0.0600496 0.0607954 0.0602372 0.0586413 0.0563355 0.0536437 0.0508205 0.0479781 0.0450206 0.041642 0.0374479 0.0321919 0.0260022 0.0194335
 0.00681172 0.0106961 0.0154353 0.0208345 0.0267466 0.0330533 0.0395563 0.0459117 0.0516798 0.0564329 0.0598394 0.0617149 0.0620502 0.0610096 0.0588842 0.0560203 0.0527506 0.049336 0.0459087 0.0424237 0.0386579 0.0343074 0.0291789 0.0233819 0.0173783
 0.00716172 0.0112507 0.0162443 0.0219372 0.0281686 0.0347993 0.0415979 0.0481772 0.0540543 0.05877 0.0619817 0.0635146 0.0633879 0.0618043 0.0590936 0.0556314 0.051768 0.0477741 0.0437973 0.0398295 0.0357126 0.0312196 0.0262104 0.0207858 0.0153277
 0.00745385 0.0117132 0.0169188 0.022859 0.0293658 0.0362897 0.0433793 0.050214 0.0562686 0.061041 0.0641555 0.0654244 0.064879 0.0627574 0.0594369 0.0553403 0.050853 0.046269 0.0417559 0.0373363 0.0329024 0.0282886 0.0233979 0.0183235 0.0133767
 0.00762885 0.0120002 0.0173563 0.0234874 0.0302235 0.0374048 0.0447588 0.0518356 0.0580775 0.062953 0.0660613 0.0671956 0.0663789 0.063856 0.0600287 0.0553567 0.0502678 0.0450961 0.0400462 0.0351796 0.0304357 0.0256986 0.0209036 0.0161334 0.011636
 0.00782346 0.0123002 0.0177793 0.0240435 0.0309204 0.0382528 0.0457702 0.0530163 0.0594148 0.0644051 0.0675557 0.0686356 0.0676557 0.0648614 0.060665 0.0555445 0.049954 0.0442615 0.0387127 0.0334175 0.0283678 0.0234963 0.018766 0.0142477 0.0101323
 0.00811702 0.0127424 0.0183797 0.0247891 0.0317813 0.0391928 0.0467549 0.0540162 0.0604062 0.06537 0.0684782 0.0694943 0.0684155 0.0654702 0.0610572 0.0556501 0.0497099 0.0436242 0.0376719 0.0320091 0.0266824 0.0216758 0.0169822 0.0126646 0.00886468
 0.00833031 0.0130844 0.0188846 0.0254832 0.0326751 0.0402709 0.0479662 0.055275 0.0616093 0.0664225 0.069316 0.0700926 0.0687814 0.0656255 0.0610189 0.0554179 0.0492635 0.0429333 0.0367144 0.0307926 0.0252605 0.0201511 0.0154899 0.011339 0.00780204
 0.00847227 0.0133052 0.0191999 0.0259052 0.0332158 0.0409433 0.0487799 0.0562237 0.0626559 0.0674924 0.0703064 0.0708983 0.0693248 0.0658758 0.0609897 0.0551461 0.0487852 0.0422685 0.0358695 0.0297771 0.0241077 0.0189299 0.0142981 0.0102791 0.00695018
 0.00859093 0.013487 0.0194532 0.0262315 0.0336115 0.0414033 0.0492993 0.0567985 0.063281 0.0681572 0.0709868 0.0715497 0.0698836 0.0662729 0.0611711 0.0550883 0.0484959 0.0417746 0.035203 0.0289702 0.0231996 0.0179764 0.0133717 0.00945562 0.00628719
 0.00862412 0.0135437 0.019544 0.0263684 0.0338066 0.0416651 0.0496298 0.0571909 0.0637215 0.0686278 0.0714682 0.0720212 0.07032 0.066641 0.0614305 0.055199 0.0484293 0.041522 0.0347768 0.0284 0.0225286 0.017259 0.0126701 0.00883011 0.00578229
 0.00860757 0.0135156 0.0195001 0.0263057 0.0337265 0.041577 0.049553 0.0571535 0.0637532 0.0687514 0.0716924 0.0723382 0.0707073 0.067064 0.0618459 0.0555582 0.0486848 0.0416358 0.0347294 0.0281952 0.0221937 0.0168402 0.0122242 0.00841247 0.00543477
 0.008615 0.0135312 0.0195297 0.0263557 0.0338007 0.0416732 0.0496613 0.0572591 0.0638436 0.0688243 0.0717579 0.0724139 0.0708094 0.0671989 0.0620056 0.0557211 0.0488193 0.0417076 0.0347099 0.0280705 0.0219705 0.0165458 0.0119 0.00810233 0.00517348
 0.00857635 0.0134741 0.0194548 0.0262687 0.0337124 0.0415981 0.0496155 0.0572559 0.0638886 0.0689123 0.071875 0.0725444 0.0709437 0.067336 0.0621486 0.0558694 0.0489626 0.0418252 0.0347765 0.0280658 0.0218876 0.0163958 0.0117094 0.00790482 0.00499855
