SBPRF35
12.7214
Curr Bio
1.04022e+06
B35
897930
F35
0.171382
FOFL
0
OFL
100
Bzero
3.63469e+06
#pred survey bio
 3.60009e+06 3.48295e+06 3.37595e+06 3.21104e+06 3.01418e+06 2.81029e+06 2.55782e+06 2.31263e+06 2.0798e+06 1.86583e+06 1.64471e+06 1.45766e+06 1.27504e+06 1.13076e+06 968992 841785 745519 676157 634543 604639 572372 554370 543466 542079 541475 539356 536893 537064 551210 552100 558483 561570 573551 581780 594027 604830 625933 640679 651926 667254 679262 679465 684295 696311 704317 714158 718432 718541 723711 741683 747849 892195 1.04708e+06 2.53366e+07 2.45284e+07 2.39168e+07 2.38019e+07 2.40818e+07 2.45948e+07 2.52024e+07 2.58095e+07 2.63625e+07 2.68382e+07 2.72323e+07 2.75506e+07 2.78036e+07 2.80023e+07 2.81575e+07 2.82783e+07 2.83722e+07 2.84452e+07 2.85021e+07 2.85466e+07 2.85815e+07 2.8609e+07 2.86307e+07 2.86479e+07 2.86615e+07 2.86725e+07 2.86812e+07 2.86882e+07 2.86938e+07 2.86983e+07 2.8702e+07 2.87049e+07 2.87073e+07 2.87093e+07 2.87109e+07 2.87122e+07 2.87132e+07 2.87141e+07 2.87148e+07 2.87153e+07 2.87158e+07 2.87162e+07 2.87165e+07 2.87167e+07 2.87169e+07 2.87171e+07 2.87173e+07 2.87174e+07 2.87175e+07 2.87175e+07 2.87176e+07 2.87177e+07 2.87177e+07 2.87177e+07 2.87178e+07 2.87178e+07 2.87178e+07 2.87178e+07 2.87178e+07 2.87178e+07 2.87178e+07 2.87178e+07 2.87179e+07 2.87179e+07 2.87179e+07 2.87179e+07 2.87179e+07 2.87179e+07 2.87179e+07 2.87179e+07 2.87179e+07 2.87179e+07 2.87179e+07 2.87179e+07 2.87179e+07 2.87179e+07 2.87179e+07 2.87179e+07 2.87179e+07 2.87179e+07 2.87179e+07 2.87179e+07 2.87179e+07 2.87179e+07 2.87179e+07 2.87179e+07 2.87179e+07 2.87179e+07 2.87179e+07 2.87179e+07 2.87179e+07 2.87179e+07 2.87179e+07 2.87179e+07 2.87179e+07 2.87179e+07 2.87179e+07 2.87179e+07 2.87179e+07 2.87179e+07 0 0 0 0 0 0 0 0 0 0 0 0 0 0 0 0 0 0 0 0 0 0 0 0 0
#obs survey bio
 3.41987e+06 4.00396e+06 3.83468e+06 4.28956e+06 2.85467e+06 2.08866e+06 2.96224e+06 1.67996e+06 2.2369e+06 1.88363e+06 1.45793e+06 1.09667e+06 1.22541e+06 1.47485e+06 950400 893036 661800 488142 588984 359653 440616 557494 598254 597991 510951 855703 548662 464141 792512 515032 600569 486847 650227 453010 547944 662709 756148 714482 690880 740974 734268 785961 667376 567524 638370 822520 818359 732546 632394 707947 831868 1.02854e+06 943570
#pred catch bio
 100987 98543.6 162023 204155 226402 288596 299919 304981 301622 318181 294319 293874 260658 273109 237561 205943 179028 152981 141551 141123 125942 117325 107383 105575 105987 105362 102616 91500.3 103102 98302.6 101317 94419.7 98430.5 95766 97806.6 90355 97174.4 100925 98290.9 102169 112416 108091 102258 106159 104813 109752 113578 109740 99858.8 111493 100.873 103.819 94.3647 168815 163074 157612 155413 156278 158835 162061 165310 168233 170687 172653 174175 175324 176176 176799 177248 177570 177799 177961 178075 178154 178210 178249 178276 178295 178308 178317 178323 178327 178330 178332 178334 178335 178335 178336 178336 178336 178337 178337 178337 178337 178337 178337 178337 178337 178337 178337 178337 178337 178337 178337 178337 178337 178337 178337 178337 178337 178337 178337 178337 178337 178337 178337 178337 178337 178337 178337 178337 178337 178337 178337 178337 178337 178337 178337 178337 178337 178337 178337 178337 178337 178337 178337 178337 178337 178337 178337 178337 178337 178337 178337 178337 178337 178337 178337 178337 178337 178337 178337 178337 0 0 0 0 0 0 0 0 0 0 0 0 0 0 0 0 0 0 0 0 0 0 0 0 0
#obs catch bio
 0 98152.8 162411 204157 226137 289646 301527 307921 303219 320924 296112 296006 262293 274348 237318 205786 179297 154096 142520 143759 127714 118501 107870 105631 106042 105369 102641 91727.4 103216 98179.6 101144 94422.7 98307.4 95874.3 97953.4 90280.7 97203.3 100878 98153.4 101678 112530 107742 101986 105914 104532 108948 112920 109615 99658.7 116935 95.7546 103.903 94.1816
#pred cpue bio
 3.55762e+06 3.44187e+06 3.33467e+06 3.16955e+06 2.97291e+06 2.7689e+06 2.51668e+06 2.27201e+06 2.03999e+06 1.82697e+06 1.60729e+06 1.42165e+06 1.24068e+06 1.09802e+06 938636 813337 718529 650199 609211 579872 548513 531334 521118 520110 519681 517655 515375 515541 529405 530439 536760 539764 551507 559627 571679 582323 603032 617535 628605 643663 655392 655658 660523 672389 680300 690072 694256 694163 699168 716908 722685 864778 1.01854e+06 2.47205e+07 2.3939e+07 2.32262e+07 2.30126e+07 2.32655e+07 2.37736e+07 2.43804e+07 2.49874e+07 2.55404e+07 2.60161e+07 2.64101e+07 2.67285e+07 2.69814e+07 2.71802e+07 2.73354e+07 2.74562e+07 2.75501e+07 2.76231e+07 2.768e+07 2.77245e+07 2.77594e+07 2.77869e+07 2.78086e+07 2.78258e+07 2.78394e+07 2.78504e+07 2.78591e+07 2.78661e+07 2.78717e+07 2.78762e+07 2.78799e+07 2.78828e+07 2.78852e+07 2.78872e+07 2.78888e+07 2.789e+07 2.78911e+07 2.7892e+07 2.78927e+07 2.78932e+07 2.78937e+07 2.78941e+07 2.78944e+07 2.78946e+07 2.78948e+07 2.7895e+07 2.78951e+07 2.78953e+07 2.78954e+07 2.78954e+07 2.78955e+07 2.78955e+07 2.78956e+07 2.78956e+07 2.78956e+07 2.78957e+07 2.78957e+07 2.78957e+07 2.78957e+07 2.78957e+07 2.78957e+07 2.78957e+07 2.78957e+07 2.78958e+07 2.78958e+07 2.78958e+07 2.78958e+07 2.78958e+07 2.78958e+07 2.78958e+07 2.78958e+07 2.78958e+07 2.78958e+07 2.78958e+07 2.78958e+07 2.78958e+07 2.78958e+07 2.78958e+07 2.78958e+07 2.78958e+07 2.78958e+07 2.78958e+07 2.78958e+07 2.78958e+07 2.78958e+07 2.78958e+07 2.78958e+07 2.78958e+07 2.78958e+07 2.78958e+07 2.78958e+07 2.78958e+07 2.78958e+07 2.78958e+07 2.78958e+07 2.78958e+07 2.78958e+07 2.78958e+07 2.78958e+07 2.78958e+07 0 0 0 0 0 0 0 0 0 0 0 0 0 0 0 0 0 0 0 0 0 0 0 0 0
#obs cpue bio
 3.48598e+06 3.22712e+06 2.55807e+06 3.26869e+06 2.61004e+06 2.71053e+06 1.49511e+06 1.96255e+06 2.58942e+06 1.54408e+06 1.7949e+06 1.84777e+06 1.08818e+06 1.06362e+06 1.16187e+06 757307 710426 572204 593578 467993 642982 557820 552812 598902 551932 338424 513728 406263 506159 593224 579817 491504 601999 555944 648683 545137 512530 607483 603479 814868 429494 773289 635982 908176 757216 1.00469e+06 601064 489789 748412 846331 723452 896582 782278
#pred surv len freq
 0.00424149 0.00698811 0.0107074 0.0154424 0.0211101 0.0274082 0.0337989 0.0396555 0.0445035 0.0481711 0.0507559 0.0524817 0.0535751 0.0542127 0.0545177 0.0545768 0.0544614 0.054229 0.0538717 0.0532114 0.0518118 0.049034 0.0443138 0.0375549 0.0293655
 0.00455979 0.00741493 0.0111852 0.0158693 0.0213777 0.0274564 0.0336509 0.0394069 0.0442665 0.048013 0.0506715 0.0524165 0.0534772 0.054078 0.0544005 0.0545624 0.0546166 0.0545543 0.0542812 0.0535541 0.0519316 0.0488416 0.0438293 0.0368961 0.0286886
 0.00462826 0.00758961 0.0115577 0.0165442 0.0224228 0.0288384 0.0352007 0.0408549 0.0453465 0.0485743 0.0507254 0.0520917 0.0529297 0.0534251 0.0537117 0.0538871 0.0540036 0.0540403 0.0538597 0.0531597 0.0514632 0.0482185 0.0430441 0.036026 0.0278566
 0.00479194 0.00783426 0.0118918 0.0169768 0.0229796 0.0295742 0.0361883 0.0421397 0.0468843 0.0501968 0.0521732 0.0531106 0.0533726 0.0532943 0.0531258 0.0530097 0.0529847 0.0529878 0.0528307 0.05216 0.0504614 0.0471795 0.0419692 0.0349711 0.0269117
 0.00503408 0.00822282 0.0124653 0.017763 0.0239864 0.0307805 0.0375422 0.0435718 0.0483322 0.0516168 0.0535221 0.0543081 0.0542847 0.0537668 0.053051 0.0523792 0.0518905 0.0515771 0.0512487 0.0505129 0.0488111 0.0455648 0.0404355 0.0335849 0.0257477
 0.00523951 0.00856688 0.0130016 0.018547 0.025063 0.0321637 0.0391949 0.0454007 0.0502041 0.0533927 0.05509 0.0555953 0.0552444 0.0543496 0.0531904 0.0520072 0.0509768 0.0501609 0.049437 0.0484503 0.0466453 0.0434293 0.0384493 0.0318524 0.0243476
 0.00546102 0.00893684 0.0135772 0.0193893 0.0262262 0.0336769 0.0410418 0.0475076 0.0524452 0.0556091 0.0571157 0.0572831 0.056485 0.0550775 0.053373 0.0516268 0.050023 0.0486438 0.0474117 0.046032 0.0440029 0.040762 0.0359553 0.029698 0.0226388
 0.00567279 0.00928569 0.0141116 0.0201596 0.0272778 0.0350377 0.0427079 0.0494339 0.0545465 0.0577699 0.0592015 0.0591519 0.0579999 0.0561214 0.0538599 0.0515053 0.0492722 0.0472712 0.0454616 0.0436021 0.041256 0.0379165 0.0332515 0.0273475 0.020778
 0.00589225 0.00964468 0.0146563 0.0209354 0.0283216 0.0363664 0.0443052 0.0512459 0.0564891 0.0597442 0.061106 0.0608867 0.0594654 0.0572176 0.0544908 0.0515871 0.0487439 0.0461054 0.0436771 0.0412793 0.0385491 0.0350488 0.0304823 0.0249157 0.018844
 0.00606829 0.00994281 0.0151272 0.0216339 0.0292959 0.0376399 0.0458596 0.0530155 0.058373 0.0616286 0.0628845 0.0624703 0.0607814 0.0582024 0.0550813 0.0517166 0.048346 0.0451275 0.0421037 0.0391577 0.0360088 0.0323007 0.0277864 0.0225217 0.0169264
 0.00630389 0.0103269 0.0157077 0.0224573 0.0303996 0.0390398 0.0475347 0.0548993 0.0603592 0.0635876 0.0646856 0.0640008 0.0619586 0.0589757 0.0554233 0.0516074 0.0477608 0.0440372 0.0404918 0.0370518 0.0335109 0.0295973 0.0251233 0.020145 0.0150146
 0.00651652 0.0106749 0.0162358 0.0232089 0.0314085 0.0403178 0.0490582 0.0566051 0.0621525 0.0653597 0.0663293 0.0654193 0.0630704 0.0597181 0.0557541 0.0515021 0.0472048 0.0430197 0.0390115 0.0351367 0.0312463 0.0271417 0.0226931 0.0179641 0.0132508
 0.00671151 0.011008 0.0167664 0.024001 0.0325157 0.0417592 0.0507968 0.0585422 0.0641458 0.0672557 0.067993 0.0667509 0.0640075 0.0602296 0.055831 0.0511476 0.0464269 0.0418281 0.0374222 0.0331877 0.0290197 0.0247785 0.0203827 0.0159036 0.0115887
 0.00679752 0.0111611 0.0170228 0.0244066 0.0331204 0.0426056 0.0519052 0.0598971 0.0656896 0.0688909 0.0695942 0.0681847 0.0651558 0.0610073 0.0561916 0.0510773 0.0459327 0.0409277 0.036143 0.0315759 0.0271561 0.0227894 0.0184316 0.0141586 0.0101773
 0.00710372 0.0116434 0.0177198 0.0253434 0.0343049 0.0440222 0.053507 0.0616045 0.0673985 0.0704899 0.0709803 0.0692721 0.0658796 0.0613257 0.0560873 0.0505568 0.0450209 0.0396621 0.03457 0.029756 0.0251745 0.0207639 0.0165056 0.0124734 0.00883467
 0.00739394 0.0121093 0.0184087 0.0262923 0.0355297 0.0455031 0.0551768 0.0633493 0.0690801 0.0719781 0.0721784 0.070124 0.0663617 0.0614338 0.0558277 0.0499428 0.0440734 0.0384118 0.03306 0.0280465 0.0233486 0.0189299 0.0147878 0.0109889 0.00766317
 0.00767523 0.0125516 0.0190465 0.0271476 0.0366082 0.0467888 0.0566238 0.0648784 0.0705851 0.0733432 0.0732988 0.0709223 0.0667958 0.0614958 0.0555348 0.0493254 0.0431663 0.037251 0.0316873 0.0265164 0.0217354 0.0173286 0.0133043 0.00971947 0.00666997
 0.00788178 0.0128837 0.0195387 0.0278275 0.037489 0.0478589 0.0578383 0.0661595 0.0718368 0.0744722 0.0742304 0.0716044 0.0671959 0.0615972 0.0553359 0.0488393 0.0424186 0.0362764 0.0305281 0.0252251 0.0203789 0.015989 0.0120706 0.0086702 0.00585383
 0.00797015 0.0130243 0.0197452 0.0281121 0.0378623 0.0483285 0.0584051 0.0668137 0.0725552 0.0752178 0.074956 0.0722581 0.067727 0.0619615 0.0554989 0.048779 0.0421277 0.0357637 0.0298194 0.0243632 0.0194238 0.0150143 0.0111547 0.00788187 0.00523641
 0.00790395 0.012942 0.0196679 0.0280751 0.0379057 0.0484825 0.0586787 0.0671936 0.0730141 0.0757259 0.0754867 0.0727865 0.0682245 0.0623932 0.0558255 0.0489628 0.0421393 0.0355881 0.0294603 0.0238459 0.0187941 0.0143345 0.0104936 0.00730053 0.00477515
 0.00788342 0.0129096 0.0196226 0.0280205 0.0378537 0.0484571 0.0587142 0.0673259 0.0732652 0.0760907 0.0759307 0.0732574 0.0686706 0.062775 0.0561177 0.049148 0.0422024 0.0355169 0.0292504 0.0235071 0.0183554 0.0138416 0.0100014 0.00686043 0.00442221
 0.00786343 0.0128634 0.0195284 0.0278513 0.0375874 0.0480898 0.0582734 0.0668724 0.072882 0.0758606 0.0759122 0.0734678 0.069081 0.0633209 0.0567181 0.0497246 0.0426928 0.0358784 0.0294599 0.0235617 0.0182719 0.0136558 0.009761 0.00661403 0.00420788
 0.00787898 0.0128759 0.0195229 0.0278042 0.0374698 0.0478759 0.05795 0.0664479 0.0723922 0.0753685 0.0754993 0.0732151 0.069046 0.0635185 0.057115 0.0502501 0.0432596 0.036404 0.0298823 0.0238466 0.018414 0.0136747 0.00969356 0.0065033 0.00409164
 0.00792106 0.0129247 0.0195595 0.0277981 0.0373853 0.0476838 0.057638 0.0660261 0.0718913 0.0748358 0.0749938 0.0728022 0.0687883 0.0634629 0.0572784 0.0506113 0.043761 0.0369653 0.0304211 0.0242968 0.0187385 0.0138682 0.00977676 0.00651115 0.00406073
 0.00794291 0.0129626 0.0196197 0.0278839 0.0374918 0.0477917 0.0577115 0.0660194 0.071765 0.0745748 0.0746179 0.0723629 0.0683559 0.0631097 0.0570631 0.0505669 0.0438866 0.0372261 0.0307571 0.0246403 0.0190327 0.0140805 0.00990207 0.00656549 0.00406966
 0.00789532 0.0128995 0.0195512 0.0278287 0.0374724 0.0478255 0.0578022 0.0661522 0.0719067 0.0746808 0.0746442 0.0722824 0.0681704 0.0628533 0.0567934 0.0503469 0.0437654 0.0372242 0.0308618 0.0248131 0.0192244 0.0142487 0.0100227 0.00663516 0.00409937
 0.00798058 0.0130087 0.0196624 0.0279063 0.0374807 0.0477481 0.0576558 0.0659825 0.0717679 0.0746094 0.0746427 0.0723206 0.0682032 0.0628432 0.056728 0.0502433 0.0436609 0.0371585 0.0308597 0.024875 0.0193289 0.0143647 0.0101232 0.0067059 0.00413977
 0.0079888 0.0130345 0.0197221 0.0280173 0.0376502 0.0479603 0.0578665 0.0661312 0.0718055 0.0745247 0.0744689 0.0721158 0.0680189 0.0627014 0.0566218 0.0501537 0.0435766 0.0370842 0.0308104 0.0248631 0.0193551 0.0144165 0.010182 0.00675632 0.00417439
 0.00783533 0.0127956 0.0193841 0.0275792 0.0371289 0.0473945 0.057316 0.0656659 0.0714845 0.0743756 0.0744831 0.0722622 0.0682635 0.063019 0.056992 0.0505537 0.0439789 0.0374632 0.03115 0.0251585 0.0196071 0.0146261 0.0103483 0.00687877 0.00425629
 0.00787138 0.0128388 0.0194206 0.0275865 0.0370818 0.047275 0.0571226 0.0654173 0.0712155 0.0741275 0.0742912 0.072146 0.0682248 0.0630465 0.0570706 0.0506702 0.0441225 0.0376228 0.031314 0.025316 0.0197505 0.0147503 0.0104502 0.00695668 0.00431075
 0.00787294 0.01284 0.0194192 0.0275773 0.0370555 0.0472177 0.0570176 0.0652512 0.0709866 0.0738533 0.0740083 0.0719013 0.0680597 0.062984 0.0571107 0.0507945 0.0443042 0.0378351 0.0315343 0.0255269 0.0199396 0.0149097 0.0105763 0.00704978 0.00437418
 0.00787366 0.012845 0.0194335 0.0276073 0.0371062 0.0472886 0.0570991 0.0653239 0.0710248 0.0738326 0.073915 0.0717401 0.0678554 0.0627752 0.0569374 0.0506853 0.0442689 0.0378664 0.0316136 0.0256329 0.0200528 0.0150156 0.0106657 0.00711854 0.00442241
 0.00780598 0.0127354 0.0192701 0.0273818 0.0368183 0.0469516 0.056743 0.0649923 0.070763 0.0736723 0.0738642 0.0717836 0.067965 0.0629237 0.0571082 0.0508738 0.0444774 0.0380951 0.0318561 0.0258755 0.0202789 0.0152108 0.0108214 0.0072329 0.00449945
 0.0077828 0.0126962 0.0192084 0.0272899 0.0366887 0.0467794 0.0565295 0.0647477 0.0705082 0.0734365 0.0736788 0.0716733 0.0679402 0.0629781 0.0572236 0.0510295 0.044657 0.038289 0.032058 0.026078 0.0204716 0.0153823 0.0109622 0.00733889 0.00457215
 0.00773156 0.0126138 0.019086 0.0271206 0.0364687 0.0465109 0.0562232 0.0644233 0.0701919 0.0731565 0.0734617 0.0715407 0.0679066 0.0630473 0.0573871 0.051267 0.0449418 0.0385947 0.0323627 0.0263655 0.0207298 0.0156019 0.0111376 0.00746868 0.00466037
 0.00773519 0.012611 0.0190659 0.0270675 0.0363664 0.0463489 0.0560021 0.0641566 0.0699028 0.0728723 0.0732089 0.0713422 0.0677803 0.0630053 0.0574337 0.0513975 0.045142 0.0388427 0.0326335 0.0266352 0.020979 0.0158166 0.0113099 0.00759674 0.00474783
 0.00764416 0.0124699 0.0188661 0.0268051 0.0360424 0.045969 0.0555789 0.0637118 0.0694677 0.0724853 0.0729089 0.071161 0.0677359 0.0630995 0.0576535 0.0517197 0.0455379 0.0392808 0.033082 0.0270643 0.0213637 0.0161394 0.0115625 0.00778007 0.0048704
 0.00759315 0.012389 0.0187482 0.0266456 0.0358399 0.0457271 0.0553071 0.0634249 0.0691827 0.0722179 0.0726733 0.0709715 0.0676091 0.0630526 0.0576997 0.051863 0.0457696 0.0395813 0.0334237 0.0274162 0.0216967 0.0164301 0.0117965 0.00795335 0.00498787
 0.00757667 0.01236 0.0187004 0.0265719 0.0357337 0.0455854 0.0551323 0.0632256 0.0689721 0.0720104 0.0724814 0.0708054 0.0674776 0.0629654 0.057668 0.0518975 0.0458767 0.0397582 0.0336564 0.0276817 0.0219672 0.0166795 0.0120056 0.00811277 0.00509826
 0.0075693 0.0123407 0.0186581 0.0264918 0.0356016 0.0453933 0.0548843 0.0629393 0.0686748 0.0717323 0.0722491 0.070637 0.0673818 0.0629422 0.0577126 0.0520039 0.0460393 0.0399709 0.0339094 0.027959 0.022247 0.0169387 0.012225 0.00828196 0.00521654
 0.00745345 0.0121806 0.0184685 0.0263021 0.0354449 0.0452902 0.0548322 0.0629136 0.0686428 0.0716709 0.0721543 0.070524 0.0672753 0.0628665 0.0576847 0.0520316 0.046123 0.0401059 0.0340871 0.0281664 0.0224667 0.0171509 0.0124113 0.00843013 0.00532293
 0.00744347 0.0121556 0.0184163 0.0262102 0.0353091 0.0451241 0.0546703 0.0628012 0.0686143 0.0717287 0.0722651 0.0706353 0.0673425 0.0628723 0.0576409 0.0519675 0.0460701 0.0400873 0.0341132 0.0282357 0.0225687 0.0172691 0.012528 0.00853096 0.00539988
 0.00745094 0.0121599 0.0184079 0.0261742 0.0352277 0.0449826 0.0544642 0.0625435 0.0683379 0.0714814 0.0720947 0.0705709 0.0673818 0.0629843 0.0577833 0.052107 0.0461937 0.0401993 0.0342256 0.0283575 0.0227004 0.0174031 0.0126528 0.00863599 0.00547921
 0.00740885 0.0120938 0.0183123 0.0260449 0.0350615 0.044777 0.0542194 0.0622644 0.0680375 0.0711833 0.0718331 0.0703854 0.0673062 0.0630339 0.0579472 0.0523521 0.046478 0.0404876 0.0344972 0.0286047 0.0229218 0.0175971 0.0128159 0.00876442 0.00557233
 0.00735555 0.0120149 0.018208 0.0259201 0.034924 0.0446347 0.0540773 0.062124 0.0678972 0.0710407 0.0716891 0.0702479 0.0671928 0.0629687 0.0579526 0.0524381 0.046637 0.0406969 0.0347286 0.028834 0.0231325 0.0177803 0.0129669 0.00888158 0.0056566
 0.00737301 0.012026 0.0181935 0.0258532 0.03478 0.0444038 0.0537749 0.0617889 0.0675783 0.0707789 0.0715052 0.0701426 0.0671551 0.0629871 0.0580218 0.0525588 0.0468099 0.040916 0.0349785 0.0290927 0.0233782 0.017996 0.0131429 0.00901488 0.00574999
 0.00743564 0.0121251 0.0183359 0.0260396 0.0349994 0.04463 0.0539658 0.0618957 0.0675635 0.0706338 0.0712551 0.0698361 0.0668442 0.0627107 0.0578012 0.0524022 0.046719 0.040889 0.0350089 0.0291678 0.0234802 0.0181059 0.0132447 0.00909866 0.00581191
 0.00741186 0.0121062 0.0183438 0.0261057 0.0351558 0.0448934 0.0543242 0.0623047 0.0679546 0.070933 0.0714047 0.0698109 0.0666577 0.062408 0.0574423 0.0520438 0.0464027 0.0406385 0.0348325 0.029062 0.0234332 0.0181008 0.0132638 0.0091268 0.00583891
 0.00737516 0.0120415 0.0182391 0.0259515 0.0349533 0.0446641 0.0541134 0.062172 0.0679508 0.0710746 0.0716617 0.0701165 0.066935 0.0625991 0.0575255 0.0520332 0.046335 0.0405547 0.0347645 0.0290269 0.023433 0.0181277 0.0133052 0.00917029 0.00587604
 0.0074762 0.0121645 0.0183479 0.0259876 0.0348519 0.0443812 0.0536503 0.0615835 0.0673341 0.0705426 0.071311 0.0700002 0.067048 0.0628841 0.0578971 0.0524106 0.0466656 0.0408213 0.0349753 0.0291997 0.0235826 0.01826 0.013419 0.0092621 0.00594375
 0.00747335 0.0121964 0.0184598 0.026234 0.0352704 0.0449578 0.0542977 0.0621569 0.0676844 0.0705807 0.0710453 0.0695264 0.0665021 0.0623864 0.0575153 0.0521535 0.0465025 0.0407107 0.0348876 0.0291238 0.0235206 0.0182169 0.013396 0.00925516 0.00594632
 0.00676799 0.0110621 0.0167836 0.0239407 0.0323617 0.0415609 0.0506952 0.0587575 0.0649225 0.068788 0.0703667 0.0699201 0.0678022 0.0643767 0.059976 0.0548778 0.0492997 0.0434119 0.0373564 0.0312665 0.0252892 0.0196041 0.0144257 0.00997353 0.00641324
 0.00631306 0.0103119 0.0156344 0.0222887 0.0301246 0.0387153 0.047321 0.0550675 0.061253 0.0655477 0.0679541 0.0686336 0.0677732 0.0655512 0.0621492 0.0577596 0.0525793 0.0468008 0.0406115 0.0342016 0.0277816 0.0215961 0.0159195 0.0110193 0.00709212
#obs surv len freq
 nan nan nan nan nan nan nan nan nan nan nan nan nan nan nan nan nan nan nan nan nan nan nan nan nan
 0.00448419 0.00734515 0.0111745 0.01599 0.0216896 0.027964 0.0342771 0.0400078 0.0446875 0.048152 0.0505111 0.0520084 0.0529021 0.0534158 0.0537312 0.0539869 0.0542661 0.0545592 0.0546982 0.0542902 0.0527282 0.0493602 0.0438095 0.036289 0.027672
 0.00461156 0.00755465 0.011494 0.0164458 0.0223 0.0287293 0.0351696 0.0409694 0.0456378 0.0490047 0.0511903 0.0524599 0.0530984 0.0533563 0.0534377 0.053496 0.0536205 0.053801 0.0538658 0.0534201 0.0518586 0.0485335 0.0430698 0.0356737 0.0272017
 0.00477379 0.0078198 0.0118957 0.0170166 0.0230651 0.0296963 0.036318 0.0422447 0.0469563 0.0502662 0.0522931 0.0533137 0.0536346 0.0535349 0.0532511 0.0529666 0.0527936 0.0527359 0.0526283 0.0520798 0.05049 0.0472163 0.0418834 0.0346832 0.0264433
 0.0049651 0.00813281 0.0123706 0.0176919 0.0239706 0.0308416 0.0376799 0.0437628 0.0485405 0.051812 0.0536956 0.0544761 0.0544726 0.053982 0.0532641 0.0525323 0.0519309 0.0514942 0.0510832 0.0503284 0.0486474 0.0454092 0.0402368 0.0332995 0.0253799
 0.00517978 0.00848412 0.0129036 0.0184504 0.0249887 0.0321307 0.0392154 0.0454787 0.050338 0.0535776 0.0553176 0.0558543 0.0555211 0.0546288 0.0534526 0.0522248 0.0511153 0.0501918 0.0493548 0.0482773 0.0464167 0.0431703 0.0381653 0.0315416 0.0240209
 0.00540893 0.00885938 0.0134736 0.0192623 0.0260797 0.0335142 0.0408659 0.0473267 0.0522792 0.055492 0.0570881 0.0573771 0.0567084 0.0554082 0.0537647 0.0520233 0.0503704 0.0489 0.0475529 0.0460565 0.0439281 0.0406142 0.0357597 0.0294757 0.0224107
 0.00565262 0.00925798 0.0140781 0.0201219 0.027233 0.0349741 0.042605 0.0492713 0.0543195 0.0575025 0.0589473 0.0589789 0.0579654 0.0562497 0.0541342 0.0518745 0.0496681 0.0476272 0.0457277 0.0437525 0.0412903 0.0378541 0.0331222 0.0271835 0.0206082
 0.0059015 0.00966686 0.0147014 0.021013 0.0284336 0.0364983 0.0444222 0.0513006 0.0564415 0.0595829 0.0608587 0.0606132 0.0592369 0.0570931 0.0544996 0.0517221 0.048966 0.0463558 0.0438951 0.0414185 0.038588 0.0349928 0.0303572 0.0247568 0.0186844
 0.00614211 0.0100605 0.0152986 0.0218631 0.029576 0.0379481 0.0461552 0.0532467 0.0584929 0.061613 0.0627422 0.0622389 0.0605142 0.0579527 0.0548907 0.0516076 0.0483173 0.0451549 0.0421465 0.0391725 0.0359645 0.0321893 0.0276233 0.0223372 0.0167521
 0.0063711 0.0104381 0.0158768 0.0226933 0.030699 0.0393777 0.0478621 0.0551537 0.0604869 0.0635675 0.0645383 0.0637758 0.0617114 0.0587487 0.0552396 0.0514755 0.0476793 0.0439959 0.0404712 0.037026 0.0334556 0.0295002 0.0249897 0.0199947 0.0148719
 0.00661479 0.0108359 0.0164784 0.0235462 0.0318391 0.0408151 0.0495657 0.0570453 0.0624515 0.0654748 0.0662645 0.0652181 0.0627936 0.05942 0.0554693 0.0512454 0.0469777 0.0428172 0.0388248 0.034955 0.0310592 0.0269444 0.0224904 0.0177704 0.0130833
 0.00683141 0.0111937 0.0170274 0.0243359 0.0329082 0.0421753 0.0511855 0.0588454 0.0643167 0.0672775 0.0678858 0.0665605 0.0637846 0.0600115 0.0556346 0.0509733 0.0462665 0.041672 0.0372632 0.0330213 0.0288446 0.0245972 0.0202028 0.015737 0.0114479
 0.00707499 0.0115896 0.017623 0.0251746 0.0340212 0.0435673 0.0528205 0.0606413 0.0661558 0.0690283 0.0694256 0.0677906 0.0646368 0.0604478 0.0556423 0.0505571 0.0454413 0.0404584 0.0356906 0.0311402 0.0267421 0.0224065 0.0180922 0.0138748 0.00995706
 0.00727401 0.0119196 0.0181313 0.0259084 0.0350169 0.0448343 0.0543253 0.0623033 0.0678604 0.07065 0.0708499 0.0689259 0.0654184 0.0608374 0.0556255 0.0501393 0.0446414 0.039305 0.0342221 0.0294122 0.024839 0.0204478 0.0162231 0.0122373 0.00865252
 0.00743975 0.01219 0.0185402 0.0264888 0.0357957 0.045823 0.0555095 0.0636361 0.0692654 0.0720326 0.0721109 0.0699745 0.0661814 0.061265 0.0556922 0.0498413 0.0439919 0.0383305 0.032962 0.0279234 0.0232023 0.018771 0.0146313 0.0108497 0.00755144
 0.00752635 0.0123351 0.0187669 0.0268222 0.0362584 0.0464286 0.0562553 0.0645003 0.0702097 0.0730081 0.0730628 0.0708442 0.0669081 0.0617902 0.0559661 0.0498291 0.0436778 0.0377192 0.032079 0.0268166 0.0219444 0.017458 0.0133726 0.00974668 0.00667412
 0.00761089 0.0124647 0.0189478 0.0270567 0.036547 0.0467725 0.0566573 0.0649624 0.0707295 0.0735759 0.0736594 0.0714405 0.0674665 0.062266 0.0563111 0.0499963 0.0436288 0.0374311 0.0315517 0.0260769 0.0210481 0.0164859 0.0124188 0.00889935 0.00599466
 0.00767766 0.0125683 0.0190943 0.0272477 0.0367789 0.0470364 0.0569395 0.065248 0.0710079 0.0738456 0.0739283 0.0717196 0.0677596 0.0625619 0.0565814 0.0501991 0.0437172 0.0373636 0.0313028 0.0256471 0.020468 0.0158148 0.0117331 0.0082742 0.005485
 0.00771435 0.0126254 0.0191753 0.0273541 0.0369097 0.047188 0.0571055 0.0654191 0.0711744 0.0740005 0.074071 0.0718562 0.0679007 0.0627157 0.0567463 0.0503587 0.0438399 0.0374094 0.0312351 0.0254454 0.0201383 0.0153917 0.011272 0.00783585 0.00511754
 0.00778399 0.0127277 0.0193092 0.0275115 0.0370779 0.0473538 0.0572579 0.065551 0.0712816 0.0740817 0.0741275 0.0718928 0.0679249 0.0627372 0.0567733 0.0503931 0.0438727 0.0374196 0.0311946 0.0253294 0.0199374 0.0151186 0.0109603 0.00752885 0.00485328
 0.00781567 0.0127784 0.0193833 0.0276113 0.0372017 0.0474935 0.0573986 0.0656739 0.0713699 0.0741278 0.0741355 0.0718758 0.0678988 0.0627155 0.0567639 0.050398 0.0438872 0.0374319 0.0311864 0.0252807 0.0198348 0.014963 0.010769 0.00733007 0.00467523
 0.00785413 0.012836 0.0194609 0.0277067 0.0373105 0.0476105 0.0575181 0.0657888 0.0714712 0.0742048 0.0741789 0.0718811 0.0678696 0.0626625 0.0567012 0.0503384 0.0438376 0.0373913 0.0311462 0.0252279 0.0197575 0.0148569 0.0106409 0.00719566 0.00455273
 0.00786553 0.0128539 0.0194867 0.0277408 0.0373522 0.0476574 0.0575665 0.0658345 0.0715109 0.0742372 0.0742045 0.0719003 0.0678818 0.0626663 0.0566966 0.0503274 0.0438241 0.0373776 0.0311308 0.0252051 0.0197201 0.0148007 0.010568 0.00711496 0.00447599
 0.00791018 0.0129189 0.0195704 0.0278368 0.0374512 0.0477501 0.0576459 0.0658961 0.0715524 0.0742578 0.0742045 0.071882 0.0678488 0.0626227 0.0566464 0.0502739 0.0437701 0.0373252 0.0310809 0.0251565 0.0196696 0.0147457 0.0105085 0.00705465 0.00442085
 0.0078841 0.0128808 0.019521 0.0277791 0.0373891 0.0476869 0.0575834 0.0658357 0.071497 0.0742136 0.0741798 0.0718843 0.067881 0.0626819 0.0567247 0.0503612 0.0438567 0.0374039 0.0311465 0.0252057 0.0197008 0.0147585 0.010505 0.0070394 0.00440005
 0.00789217 0.0128853 0.0195121 0.0277437 0.0373152 0.0475706 0.0574335 0.065673 0.0713471 0.0740977 0.0741097 0.0718624 0.067904 0.0627437 0.0568174 0.0504751 0.0439806 0.0375263 0.0312576 0.0252984 0.019771 0.0148054 0.0105307 0.00704846 0.00439845
 0.00788947 0.0128798 0.0195012 0.0277231 0.0372785 0.0475095 0.0573402 0.0655439 0.0711875 0.0739243 0.0739484 0.0717402 0.0678408 0.0627466 0.056881 0.0505857 0.0441206 0.0376782 0.0314059 0.0254309 0.0198795 0.0148863 0.0105848 0.00708004 0.00441365
 0.00790232 0.012898 0.0195235 0.0277463 0.037298 0.04752 0.0573361 0.0655194 0.0711374 0.0738457 0.0738434 0.071619 0.067721 0.062649 0.0568233 0.0505765 0.0441578 0.0377507 0.0314984 0.0255275 0.0199676 0.0149577 0.0106364 0.00711302 0.00443189
 0.00788775 0.0128775 0.0194986 0.0277201 0.037274 0.0475004 0.0573204 0.0655045 0.0711188 0.0738193 0.0738067 0.0715718 0.0676664 0.0625942 0.0567788 0.0505538 0.0441653 0.0377901 0.0315637 0.0256074 0.0200491 0.01503 0.010693 0.00715226 0.00445596
 0.00786591 0.0128392 0.0194361 0.0276259 0.0371438 0.0473376 0.057139 0.0653275 0.0709715 0.0737206 0.0737638 0.0715801 0.0677135 0.0626666 0.0568657 0.0506497 0.0442689 0.037902 0.0316826 0.0257284 0.0201642 0.0151307 0.0107732 0.00721003 0.00449337
 0.00784856 0.0128084 0.0193852 0.0275466 0.0370286 0.0471822 0.0569462 0.0651095 0.0707495 0.0735216 0.0736144 0.0715001 0.0677105 0.0627343 0.0569879 0.0508063 0.0444419 0.0380785 0.0318544 0.0258896 0.0203092 0.015254 0.0108709 0.00728115 0.00454048
 0.00779737 0.012727 0.0192661 0.0273845 0.0368212 0.0469326 0.0566645 0.0648137 0.0704636 0.0732719 0.0734257 0.0713925 0.0676965 0.062816 0.0571558 0.0510405 0.0447165 0.0383671 0.0321349 0.026146 0.0205312 0.0154359 0.011011 0.00738146 0.00460658
 0.00776102 0.0126639 0.019164 0.0272301 0.0366044 0.0466519 0.0563321 0.0644556 0.0701145 0.0729668 0.0731929 0.0712507 0.0676554 0.0628769 0.0573123 0.0512782 0.0450136 0.0386969 0.0324694 0.0264605 0.0208074 0.0156628 0.0111851 0.00750556 0.00468813
 0.00773775 0.0126224 0.0190947 0.0271213 0.0364447 0.0464337 0.0560561 0.0641337 0.06977 0.0726309 0.0729001 0.0710324 0.0675345 0.0628648 0.057408 0.0514701 0.0452821 0.0390162 0.0328106 0.026795 0.0211105 0.0159175 0.0113832 0.00764786 0.00478203
 0.00769297 0.0125518 0.0189921 0.0269824 0.0362668 0.0462166 0.0558034 0.063854 0.0694771 0.0723434 0.0726399 0.070823 0.0673983 0.0628193 0.0574624 0.0516228 0.0455206 0.0393187 0.0331492 0.0271393 0.0214322 0.0161945 0.0116028 0.00780781 0.00488858
 0.00768909 0.0125426 0.0189729 0.0269469 0.0362084 0.0461306 0.0556887 0.0637131 0.0693152 0.0721667 0.0724559 0.0706417 0.0672336 0.0626892 0.0573863 0.0516165 0.0455916 0.0394633 0.0333519 0.0273762 0.0216755 0.0164188 0.01179 0.00794943 0.00498564
 0.00766193 0.0125021 0.0189187 0.0268806 0.0361322 0.0460464 0.0555966 0.0636126 0.0692065 0.0720521 0.0723396 0.0705297 0.0671328 0.0626074 0.057333 0.0516028 0.0456277 0.0395545 0.033495 0.027558 0.0218754 0.0166134 0.0119596 0.00808224 0.00507919
 0.00763412 0.0124593 0.0188588 0.0268038 0.0360413 0.0459466 0.0554956 0.0635189 0.0691268 0.0719888 0.0722907 0.0704902 0.0670984 0.0625774 0.057311 0.0515963 0.0456461 0.0396064 0.0335845 0.0276816 0.0220214 0.0167649 0.0120987 0.00819603 0.00516224
 0.0076252 0.0124439 0.0188341 0.0267666 0.0359895 0.0458802 0.0554179 0.0634367 0.0690487 0.0719227 0.0722413 0.0704577 0.0670794 0.0625671 0.0573058 0.0515964 0.0456559 0.0396328 0.0336339 0.0277564 0.0221173 0.0168715 0.0122028 0.00828562 0.00523047
 0.00760134 0.0124076 0.018784 0.0267032 0.0359143 0.0457956 0.0553271 0.063344 0.06896 0.0718452 0.0721822 0.0704227 0.0670707 0.0625828 0.0573407 0.0516441 0.0457118 0.0396957 0.0337052 0.0278379 0.0222082 0.0169666 0.0122939 0.0083642 0.0052911
 0.00757561 0.0123679 0.0187285 0.0266316 0.0358287 0.0457002 0.0552283 0.0632495 0.0688774 0.0717803 0.072138 0.0704001 0.0670695 0.0626022 0.057379 0.0516985 0.0457781 0.03977 0.0337848 0.0279211 0.0222935 0.0170509 0.0123722 0.00843122 0.00534299
 0.00756133 0.0123424 0.018686 0.026566 0.0357353 0.045579 0.0550863 0.0631007 0.0687392 0.0716688 0.0720639 0.0703671 0.0670757 0.0626419 0.0574453 0.0517843 0.0458771 0.0398762 0.0338934 0.0280279 0.022395 0.0171439 0.0124533 0.00849735 0.00539269
 0.00754742 0.0123211 0.0186562 0.026527 0.0356861 0.0455179 0.0550111 0.0630103 0.0686362 0.0715607 0.0719629 0.0702869 0.0670274 0.0626311 0.0574713 0.0518415 0.0459575 0.0399714 0.0339956 0.0281306 0.0224929 0.0172324 0.012529 0.00855793 0.0054375
 0.00752184 0.0122815 0.0186004 0.0264545 0.0355986 0.0454192 0.0549071 0.0629084 0.068543 0.0714809 0.0718989 0.0702406 0.0670017 0.0626301 0.0574988 0.0518983 0.0460405 0.0400739 0.0341088 0.0282459 0.0226023 0.0173299 0.0126104 0.00862134 0.00548317
 0.00752387 0.0122812 0.0185936 0.0264352 0.0355609 0.04536 0.0548284 0.0628171 0.0684494 0.0713949 0.0718274 0.0701871 0.0669666 0.0626136 0.0575014 0.0519215 0.0460851 0.0401386 0.0341893 0.0283353 0.0226926 0.0174136 0.0126819 0.00867764 0.00552383
 0.00752268 0.0122835 0.0186044 0.0264608 0.0356057 0.0454225 0.054899 0.0628794 0.0684862 0.0713952 0.0717899 0.0701198 0.0668823 0.0625252 0.0574196 0.051854 0.0460372 0.0401134 0.034187 0.0283528 0.0227243 0.0174524 0.0127209 0.00871166 0.00555013
 0.00749882 0.0122467 0.018553 0.0263956 0.0355311 0.0453469 0.0548341 0.0628375 0.068475 0.0714134 0.0718275 0.0701619 0.0669165 0.0625458 0.0574285 0.0518576 0.0460429 0.040127 0.0342116 0.0283884 0.022768 0.0174991 0.0127653 0.00874923 0.00557862
 0.0075006 0.0122445 0.0185405 0.0263642 0.0354727 0.0452584 0.0547207 0.0627137 0.0683608 0.0713285 0.071785 0.0701643 0.0669558 0.0626076 0.0574976 0.0519236 0.046102 0.0401804 0.0342628 0.02844 0.0228202 0.01755 0.0128114 0.00878746 0.00560731
 0.00749903 0.0122466 0.0185518 0.0263913 0.0355196 0.0453223 0.0547895 0.0627683 0.0683831 0.0713097 0.0717303 0.0700897 0.0668808 0.0625466 0.0574562 0.0518994 0.0460892 0.040174 0.034261 0.0284431 0.0228291 0.0175641 0.0128285 0.00880467 0.00562208
 0.00749903 0.0122466 0.0185518 0.0263913 0.0355196 0.0453223 0.0547895 0.0627683 0.0683831 0.0713097 0.0717303 0.0700897 0.0668808 0.0625466 0.0574562 0.0518994 0.0460892 0.040174 0.034261 0.0284431 0.0228291 0.0175641 0.0128285 0.00880467 0.00562208
 0.00669527 0.0109675 0.0166841 0.023865 0.0323415 0.041617 0.0508312 0.0589645 0.0651932 0.0691268 0.0707841 0.0704126 0.068334 0.064879 0.0603679 0.0550947 0.0493121 0.0432272 0.0370082 0.0308033 0.0247659 0.0190772 0.0139466 0.00957973 0.00612152
 0.0064734 0.0105267 0.0158736 0.0224972 0.0302401 0.0386943 0.0471616 0.0548125 0.0609761 0.0653305 0.0678654 0.0687151 0.06803 0.0659468 0.0626102 0.0581921 0.052895 0.0469411 0.0405593 0.0339799 0.0274408 0.0211992 0.0155277 0.01068 0.00683135
#pred catch len freq
 0.00316053 0.0051395 0.00777165 0.0111069 0.0151887 0.0200047 0.0254261 0.0311996 0.0369996 0.0424953 0.0473995 0.0515043 0.0547092 0.0570233 0.058539 0.0593977 0.0597637 0.0597915 0.0595489 0.0588943 0.0573796 0.0543178 0.0490945 0.0416084 0.0325357
 0.00340858 0.00547575 0.00815613 0.0114669 0.0154465 0.0201167 0.0254081 0.0311163 0.0369227 0.0424587 0.0473824 0.0514549 0.05459 0.0568487 0.0583807 0.0593547 0.0599104 0.0601278 0.0599788 0.0592503 0.0574894 0.0540828 0.0485381 0.0408619 0.0317728
 0.00349507 0.00565458 0.00849025 0.0120235 0.0162626 0.0211568 0.0265424 0.0321498 0.0376713 0.042828 0.0473951 0.051211 0.0541982 0.0563825 0.0578828 0.0588658 0.0594828 0.0598041 0.0597537 0.0590506 0.0571994 0.0536069 0.0478596 0.0400582 0.030975
 0.00365573 0.00589718 0.00882637 0.0124663 0.0168412 0.0219267 0.0275724 0.0334771 0.0392428 0.0444688 0.0488449 0.0522197 0.054625 0.0562352 0.0572828 0.0579776 0.0584565 0.0587486 0.0587262 0.0580545 0.0561969 0.0525555 0.0467566 0.038962 0.0299834
 0.00387529 0.00624389 0.00932828 0.0131409 0.017692 0.0229411 0.0287248 0.0347388 0.0405931 0.0458912 0.0502965 0.0535942 0.0557467 0.056908 0.0573705 0.0574612 0.0574332 0.0573785 0.057168 0.0564226 0.0545552 0.0509406 0.0452113 0.0375533 0.0287906
 0.00409816 0.00660496 0.00987002 0.0139036 0.018708 0.0242235 0.0302538 0.0364531 0.0423954 0.047668 0.0519428 0.0550257 0.0568917 0.0576865 0.057685 0.0572193 0.0565912 0.0559754 0.0553215 0.0542924 0.0523033 0.0487109 0.0431302 0.0357319 0.0273136
 0.00432041 0.00696651 0.0104162 0.014681 0.0197608 0.0255845 0.0319298 0.0384099 0.0445494 0.0498893 0.0540707 0.0568954 0.0583622 0.0586576 0.0580934 0.057023 0.0557635 0.0545187 0.0532926 0.0518171 0.0495667 0.0459296 0.0405187 0.0334689 0.0255139
 0.00453789 0.0073165 0.0109381 0.0154138 0.020742 0.0268458 0.0334868 0.0402506 0.0466247 0.0521083 0.0563029 0.0589816 0.0601338 0.0599612 0.0588102 0.0570767 0.0551174 0.0531734 0.0512935 0.0492711 0.0466537 0.042891 0.037619 0.0309413 0.0235089
 0.00476251 0.00767606 0.01147 0.0161526 0.0217177 0.028079 0.0349812 0.0419852 0.0485507 0.0541512 0.0583656 0.060948 0.061874 0.0613389 0.0596948 0.0573563 0.0547114 0.0520438 0.0494578 0.0468182 0.0437553 0.039796 0.034616 0.0282963 0.0214013
 0.00497914 0.00802777 0.0119993 0.0169009 0.0227204 0.0293565 0.0365269 0.0437582 0.0504776 0.0561367 0.0603056 0.0627394 0.0634199 0.0625483 0.0604787 0.0576257 0.0543824 0.0510521 0.0477837 0.0445143 0.0409676 0.0367623 0.0316294 0.0256382 0.0192692
 0.00521789 0.00840943 0.0125631 0.017683 0.023752 0.0306584 0.0380994 0.0455685 0.0524541 0.0581721 0.0622705 0.064502 0.0648667 0.0635951 0.0610686 0.0577155 0.0539299 0.0500157 0.0461406 0.0422939 0.0382846 0.0338267 0.0287183 0.0230293 0.0171648
 0.00547116 0.00881235 0.0131539 0.0184937 0.024806 0.0319651 0.0396456 0.0473121 0.0543234 0.0600722 0.0640918 0.0661308 0.0661958 0.0645353 0.0615557 0.0577096 0.0534064 0.0489584 0.0445458 0.0401928 0.0357743 0.0310878 0.0259971 0.0205812 0.0151818
 0.00566963 0.00914149 0.0136619 0.0192312 0.0258178 0.033276 0.0412442 0.0491407 0.0562822 0.0620342 0.0659231 0.067708 0.0674189 0.065334 0.0618878 0.0575551 0.0527589 0.0478202 0.0429314 0.0381443 0.0333851 0.0285186 0.023464 0.0183092 0.0133422
 0.00585221 0.00943658 0.0141043 0.0198564 0.0266602 0.0343633 0.0425866 0.050718 0.058034 0.0638595 0.0676901 0.0692746 0.0686576 0.0661516 0.0622327 0.0574111 0.0521333 0.0467328 0.0414133 0.0362486 0.0312047 0.026199 0.0211937 0.0162819 0.011704
 0.00615879 0.00991368 0.0147835 0.0207552 0.0277829 0.0357012 0.0441139 0.0523861 0.0597695 0.0655677 0.0692634 0.0706032 0.0696416 0.0667136 0.0623274 0.0570271 0.0512874 0.0454616 0.0397675 0.0342971 0.0290458 0.0239688 0.0190575 0.0144034 0.0102021
 0.00644331 0.0103635 0.0154368 0.0216389 0.0289081 0.0370568 0.0456579 0.0540429 0.0614386 0.0671403 0.0706392 0.0716999 0.0703971 0.0670854 0.0622909 0.0565755 0.050432 0.0442312 0.0382098 0.0324818 0.0270698 0.0219584 0.0171578 0.0127514 0.00889274
 0.00670846 0.0107765 0.0160256 0.02242 0.0298872 0.0382283 0.0469995 0.0555078 0.0629507 0.0685993 0.0719342 0.0727283 0.0710825 0.0673859 0.0621976 0.056102 0.0496048 0.0430851 0.0367905 0.0308525 0.025318 0.020196 0.01551 0.0113322 0.00777712
 0.00687578 0.0110443 0.0164209 0.0229659 0.0305995 0.0391102 0.0480351 0.0566585 0.0641575 0.0697902 0.0730313 0.0736537 0.0717646 0.0677682 0.062246 0.0558087 0.048985 0.0421717 0.0356301 0.0295063 0.0238657 0.0187358 0.0141483 0.010164 0.00686278
 0.006957 0.0111726 0.016608 0.023223 0.0309382 0.0395434 0.0485742 0.0573073 0.0649055 0.0706077 0.0738691 0.074449 0.0724499 0.0682804 0.0625332 0.0558354 0.0487357 0.0416526 0.0348694 0.0285541 0.0227928 0.0176294 0.0131016 0.00925883 0.00615161
 0.00693086 0.011148 0.0166041 0.0232687 0.0310652 0.0397746 0.0489155 0.057746 0.0654179 0.0711672 0.0744508 0.075027 0.0729923 0.0687471 0.0628791 0.0560171 0.0487191 0.0414205 0.0344262 0.027929 0.0220394 0.0168203 0.0123172 0.00857054 0.00560623
 0.00687543 0.0110639 0.0164904 0.0231326 0.030926 0.0396653 0.0488803 0.0578308 0.0656531 0.0715528 0.0749525 0.075588 0.073552 0.0692546 0.0632965 0.0563147 0.0488717 0.0414083 0.0342411 0.0275819 0.0215642 0.0162719 0.0117614 0.00806893 0.00520159
 0.00682738 0.0109785 0.0163489 0.0229147 0.0306166 0.0392656 0.0484182 0.0573647 0.0652634 0.0713232 0.0749467 0.0758287 0.0740131 0.0698689 0.063975 0.0569692 0.0494298 0.0418195 0.0344775 0.0276387 0.0214607 0.0160496 0.0114759 0.00777732 0.00494835
 0.00679703 0.0109232 0.0162541 0.0227614 0.0303835 0.038935 0.047984 0.0568413 0.0646927 0.070775 0.0745095 0.07559 0.0740333 0.0701602 0.0644959 0.0576356 0.0501389 0.0424742 0.0350049 0.0279988 0.0216475 0.0160866 0.0114071 0.00765417 0.00481611
 0.00682201 0.0109485 0.0162632 0.022728 0.0302763 0.0387265 0.0476593 0.0564038 0.064166 0.0702028 0.0739532 0.0751236 0.073732 0.0700833 0.0646683 0.0580367 0.0507045 0.0431123 0.0356196 0.0285128 0.0220171 0.0163052 0.0114986 0.00765911 0.00477705
 0.00684463 0.010986 0.0163196 0.0228039 0.0303644 0.0388064 0.0476964 0.0563557 0.0639967 0.0698994 0.0735361 0.0746448 0.0732645 0.0697047 0.0644442 0.0580058 0.0508673 0.0434295 0.0360223 0.0289222 0.0223671 0.0165578 0.0116479 0.00772431 0.00478835
 0.00680204 0.0109291 0.0162571 0.0227522 0.0303436 0.0388331 0.0477753 0.0564741 0.0641234 0.0699894 0.0735435 0.0745399 0.0730483 0.0694142 0.0641432 0.057765 0.0507419 0.0434423 0.036158 0.0291354 0.0226002 0.0167612 0.0117938 0.00780883 0.00482486
 0.00686547 0.011009 0.0163356 0.0228007 0.0303345 0.038755 0.0476445 0.0563307 0.0640138 0.0699435 0.0735596 0.0745865 0.0730797 0.0693932 0.0640592 0.0576391 0.0506176 0.0433654 0.0361567 0.0292095 0.0227243 0.0168986 0.0119127 0.00789253 0.00487269
 0.00681841 0.0109479 0.0162706 0.0227469 0.030303 0.038742 0.0476276 0.0562782 0.0639056 0.0697889 0.0733979 0.0744667 0.0730336 0.0694196 0.0641292 0.0577177 0.0506846 0.0434227 0.0362206 0.029295 0.022833 0.0170177 0.012023 0.00797918 0.0049303
 0.00671832 0.0107925 0.0160513 0.0224639 0.0299677 0.0383794 0.0472744 0.0559754 0.0636846 0.0696609 0.0733546 0.074493 0.073121 0.0695682 0.0643381 0.0579746 0.0509652 0.0437011 0.0364794 0.029528 0.02304 0.0171976 0.0121715 0.00809194 0.00500732
 0.00672328 0.0107906 0.0160302 0.0224056 0.0298534 0.0381972 0.047027 0.0556837 0.0633847 0.0693953 0.0731594 0.074388 0.0731064 0.0696303 0.064459 0.0581386 0.0511591 0.0439114 0.0366917 0.0297296 0.0232215 0.0173533 0.0122982 0.00818818 0.00507424
