SBPRF35
7.78865
Curr Bio
552333
B35
715813
F35
0.213874
FOFL
0.151386
OFL
61921.8
Bzero
2.22533e+06
#pred survey bio
 4.47563e+06 4.29861e+06 4.10192e+06 3.83466e+06 3.53304e+06 3.21822e+06 2.90536e+06 2.62802e+06 2.33592e+06 2.06265e+06 1.83313e+06 1.64268e+06 1.43023e+06 1.28916e+06 1.12762e+06 996649 918353 835448 769752 711194 673124 649921 634277 610573 601331 599542 587100 585715 587003 575210 577735 579038 578316 580472 574225 552617 542134 534264 537863 546903 557160 566898 576089 594820 605359 609192 615279 619718 627563 626310 630704 603395 558924 1.83098e+07 1.10119e+07 1.13222e+07 1.20719e+07 1.30427e+07 1.40273e+07 1.49046e+07 1.56269e+07 1.61918e+07 1.66185e+07 1.69337e+07 1.71633e+07 1.7329e+07 1.74484e+07 1.75343e+07 1.75963e+07 1.76413e+07 1.76741e+07 1.76982e+07 1.7716e+07 1.77292e+07 1.7739e+07 1.77464e+07 1.7752e+07 1.77563e+07 1.77595e+07 1.7762e+07 1.77638e+07 1.77653e+07 1.77664e+07 1.77672e+07 1.77679e+07 1.77684e+07 1.77688e+07 1.77691e+07 1.77693e+07 1.77695e+07 1.77696e+07 1.77697e+07 1.77698e+07 1.77699e+07 1.77699e+07 1.777e+07 1.777e+07 1.777e+07 1.777e+07 1.777e+07 1.777e+07 1.77701e+07 1.77701e+07 1.77701e+07 1.77701e+07 1.77701e+07 1.77701e+07 1.77701e+07 1.77701e+07 1.77701e+07 1.77701e+07 1.77701e+07 1.77701e+07 1.77701e+07 1.77701e+07 1.77701e+07 1.77701e+07 1.77701e+07 1.77701e+07 1.77701e+07 1.77701e+07 1.77701e+07 1.77701e+07 1.77701e+07 1.77701e+07 1.77701e+07 1.77701e+07 1.77701e+07 1.77701e+07 1.77701e+07 1.77701e+07 1.77701e+07 1.77701e+07 1.77701e+07 1.77701e+07 1.77701e+07 1.77701e+07 1.77701e+07 1.77701e+07 1.77701e+07 1.77701e+07 1.77701e+07 1.77701e+07 1.77701e+07 1.77701e+07 1.77701e+07 1.77701e+07 1.77701e+07 1.77701e+07 1.77701e+07 1.77701e+07 1.77701e+07 1.77701e+07 0 0 0 0 0 0 0 0 0 0 0 0 0 0 0 0 0 0 0 0 0 0 0 0 0
#obs survey bio
 2.15493e+06 2.95964e+06 2.9601e+06 2.48729e+06 3.29792e+06 2.68857e+06 1.72041e+06 2.03137e+06 2.88105e+06 2.36229e+06 1.32384e+06 1.64554e+06 1.71712e+06 777378 907683 1.05257e+06 795349 927033 777089 734680 605107 362752 532045 438267 572556 416167 572853 462697 520246 591488 527915 505593 547681 681530 479985 646101 523879 504398 601035 455487 462438 686397 508814 871373 509819 518932 712952 621404 459804 748064 593842 739070 459309
#pred catch bio
 87070.9 95573.3 163872 211360 247019 272649 267986 306211 310620 288891 267952 296568 240014 261687 235905 189907 191285 171735 160170 138507 124250 117787 124068 111417 105164 112991 102417 99652.2 109016 94735.5 93861.4 93301.9 88175.7 91589 99855.7 88478.9 89382.5 84757.4 84029 84823.8 85444.8 85521.5 77893.5 85571.9 91833.2 90574.8 92392.1 90003.4 97743 92472.9 117838 128945 116547 61921.8 84883.5 85921.5 90369.6 97174 104305 110611 115686 119528 122312 124268 125609 126512 127110 127503 127758 127922 128028 128095 128138 128165 128183 128194 128200 128205 128207 128209 128210 128211 128211 128211 128212 128212 128212 128212 128212 128212 128212 128212 128212 128212 128212 128212 128212 128212 128212 128212 128212 128212 128212 128212 128212 128212 128212 128212 128212 128212 128212 128212 128212 128212 128212 128212 128212 128212 128212 128212 128212 128212 128212 128212 128212 128212 128212 128212 128212 128212 128212 128212 128212 128212 128212 128212 128212 128212 128212 128212 128212 128212 128212 128212 128212 128212 128212 128212 128212 128212 128212 128212 128212 0 0 0 0 0 0 0 0 0 0 0 0 0 0 0 0 0 0 0 0 0 0 0 0 0
#obs catch bio
 0 95435.2 165096 213738 250553 278047 273664 315055 319174 296549 274431 307102 244428 269884 243163 194584 196069 175439 162740 139869 125474 120191 127088 113816 107679 116174 104340 101706 112089 96620.5 95450.5 95081.9 89459.7 92770.4 101440 88862.7 89973 85506.9 84691.3 85701.6 86149.9 85704.8 77993.4 85548.4 92075.1 90907.7 92644.6 90050.5 98425.5 92508.6 118242 129201 116521
#pred cpue bio
 4.39236e+06 4.22099e+06 4.02859e+06 3.76285e+06 3.46238e+06 3.14918e+06 2.83814e+06 2.56246e+06 2.27294e+06 2.00257e+06 1.77551e+06 1.58709e+06 1.3779e+06 1.23889e+06 1.08007e+06 951644 875267 795015 731862 675700 639006 616174 600588 577483 568413 566765 555067 553947 555315 544294 547353 549195 549065 551892 546808 526688 516005 506461 508458 516961 527272 537255 546503 564700 574862 578380 584152 588506 596110 594967 599456 573004 529965 1.73624e+07 1.04524e+07 1.06463e+07 1.12662e+07 1.21904e+07 1.31637e+07 1.40388e+07 1.47607e+07 1.53255e+07 1.57522e+07 1.60674e+07 1.6297e+07 1.64627e+07 1.65821e+07 1.6668e+07 1.673e+07 1.6775e+07 1.68078e+07 1.68319e+07 1.68496e+07 1.68629e+07 1.68727e+07 1.68801e+07 1.68857e+07 1.689e+07 1.68932e+07 1.68957e+07 1.68975e+07 1.6899e+07 1.69001e+07 1.69009e+07 1.69016e+07 1.69021e+07 1.69025e+07 1.69028e+07 1.6903e+07 1.69032e+07 1.69033e+07 1.69034e+07 1.69035e+07 1.69036e+07 1.69036e+07 1.69036e+07 1.69037e+07 1.69037e+07 1.69037e+07 1.69037e+07 1.69037e+07 1.69038e+07 1.69038e+07 1.69038e+07 1.69038e+07 1.69038e+07 1.69038e+07 1.69038e+07 1.69038e+07 1.69038e+07 1.69038e+07 1.69038e+07 1.69038e+07 1.69038e+07 1.69038e+07 1.69038e+07 1.69038e+07 1.69038e+07 1.69038e+07 1.69038e+07 1.69038e+07 1.69038e+07 1.69038e+07 1.69038e+07 1.69038e+07 1.69038e+07 1.69038e+07 1.69038e+07 1.69038e+07 1.69038e+07 1.69038e+07 1.69038e+07 1.69038e+07 1.69038e+07 1.69038e+07 1.69038e+07 1.69038e+07 1.69038e+07 1.69038e+07 1.69038e+07 1.69038e+07 1.69038e+07 1.69038e+07 1.69038e+07 1.69038e+07 1.69038e+07 1.69038e+07 1.69038e+07 1.69038e+07 1.69038e+07 1.69038e+07 1.69038e+07 1.69038e+07 0 0 0 0 0 0 0 0 0 0 0 0 0 0 0 0 0 0 0 0 0 0 0 0 0
#obs cpue bio
 3.53501e+06 3.4086e+06 2.73779e+06 2.37347e+06 2.81363e+06 2.14872e+06 2.75261e+06 2.44526e+06 2.02243e+06 1.37378e+06 1.97743e+06 955203 1.57333e+06 1.05675e+06 897090 611872 923486 567568 805702 690093 557978 391211 510625 544208 313461 560180 584620 414755 364804 442490 594322 413757 548899 472140 550814 716351 459579 362366 435272 445226 660963 728406 517637 512861 540424 547384 554046 619392 529990 614668 661402 529464 685400
#pred surv len freq
 0.00529236 0.00859233 0.0129285 0.0182729 0.024482 0.031212 0.0378932 0.0438723 0.0486632 0.0521163 0.0543873 0.0557798 0.0565943 0.0570442 0.0572183 0.0570739 0.0564601 0.0551696 0.0529956 0.0497724 0.0453987 0.0398744 0.0333685 0.0262862 0.0192517
 0.00560496 0.00896176 0.013235 0.0183375 0.0241374 0.0304007 0.0367322 0.0426249 0.0476214 0.0514582 0.0541001 0.0556876 0.0564661 0.0567161 0.0566747 0.0564576 0.0560141 0.0551339 0.0535012 0.0507798 0.0467125 0.0412266 0.0345257 0.0271241 0.0197658
 0.00594631 0.0095165 0.0140589 0.0194542 0.0255015 0.0318623 0.0380347 0.0434714 0.047798 0.0509457 0.0530855 0.0544568 0.0552489 0.0555943 0.0556067 0.0553847 0.0549586 0.0542219 0.0528997 0.0505969 0.0469291 0.0417025 0.0350709 0.027584 0.02007
 0.0061893 0.00992319 0.0146936 0.0203864 0.0267915 0.0335332 0.0400347 0.0456419 0.0498735 0.0526022 0.054036 0.0545543 0.0545384 0.0542742 0.0539251 0.0535437 0.0530908 0.0524285 0.0512925 0.0492918 0.0459987 0.0411353 0.0347778 0.0274475 0.0199959
 0.00643728 0.0103189 0.0152772 0.021195 0.0278587 0.0348855 0.0416802 0.0475543 0.0519723 0.0547364 0.0559816 0.0560423 0.0553205 0.0542046 0.0530128 0.0519422 0.0510345 0.0501631 0.0490352 0.0472202 0.044243 0.0397629 0.0337852 0.026775 0.0195611
 0.00671721 0.010763 0.0159253 0.0220775 0.0289928 0.0362698 0.0432886 0.0493356 0.0538574 0.056646 0.0578221 0.0576899 0.0566092 0.0549412 0.0530267 0.0511501 0.0494831 0.0480243 0.0465599 0.0446779 0.0418704 0.0377297 0.032178 0.0255999 0.0187645
 0.00699371 0.0112072 0.0165837 0.0229898 0.0301841 0.0377394 0.0449988 0.0512088 0.0557897 0.0585289 0.0595615 0.0592078 0.0578298 0.055771 0.0533472 0.050838 0.0484572 0.0462973 0.0442636 0.0420457 0.0391827 0.0352481 0.0300909 0.0239965 0.0176386
 0.00718143 0.0115186 0.0170641 0.0236864 0.0311377 0.0389705 0.0464929 0.0529097 0.0576058 0.0603505 0.0612788 0.060724 0.059065 0.0566564 0.0538126 0.050803 0.0478402 0.0450487 0.0424111 0.0397233 0.0366207 0.0327213 0.027847 0.0221967 0.0163337
 0.00742166 0.0119029 0.0176318 0.0244713 0.0321646 0.040248 0.0480034 0.0546028 0.0594002 0.0621447 0.0629643 0.0621979 0.060239 0.0574613 0.0541948 0.0507157 0.0472373 0.043893 0.0407032 0.0375378 0.0341266 0.0301622 0.0254824 0.0202299 0.0148629
 0.00774984 0.0124142 0.01836 0.0254339 0.0333612 0.0416592 0.0495872 0.0562929 0.0611124 0.0637891 0.0644564 0.0634633 0.061214 0.0580915 0.0544348 0.0505269 0.0465863 0.0427551 0.0390778 0.0354764 0.0317569 0.0276876 0.0231425 0.018235 0.0133355
 0.00805753 0.0129028 0.019073 0.026402 0.0345954 0.04314 0.0512558 0.0580519 0.0628429 0.0653771 0.0658138 0.0645342 0.0619671 0.0585084 0.0544994 0.0502204 0.0458867 0.0416428 0.0375503 0.0335709 0.0295736 0.0253941 0.0209479 0.0163353 0.0118565
 0.00817517 0.0131176 0.0194397 0.0269859 0.0354566 0.0443095 0.052712 0.0597138 0.0645845 0.067056 0.0673 0.065729 0.0628102 0.0589745 0.0545873 0.0499385 0.0452414 0.0406362 0.0361897 0.0318892 0.0276512 0.0233684 0.0189952 0.0146275 0.0105112
 0.00858034 0.0137314 0.0202817 0.0280491 0.036717 0.0457385 0.0542798 0.0613805 0.0662853 0.0686944 0.0687548 0.0668757 0.0635484 0.0592483 0.0543905 0.049303 0.0442172 0.0392747 0.0345391 0.0300053 0.0256162 0.0213028 0.0170487 0.0129453 0.00919203
 0.00881942 0.0141165 0.0208526 0.028836 0.0377297 0.0469534 0.0556326 0.0627747 0.0676196 0.0698917 0.0697739 0.0676968 0.0641487 0.059589 0.0544242 0.0489931 0.0435529 0.038274 0.0332438 0.0284777 0.0239417 0.0195928 0.0154322 0.0115441 0.00808888
 0.00905056 0.0145075 0.0214685 0.0297438 0.0389807 0.0485549 0.0575219 0.0648124 0.0696131 0.0716406 0.0711171 0.0685437 0.0644835 0.0594528 0.0538836 0.0481131 0.0423847 0.0368593 0.0316272 0.0267183 0.0221204 0.0178116 0.0138028 0.0101658 0.00702231
 0.00923384 0.014798 0.0218933 0.0303281 0.039748 0.049526 0.058706 0.0661926 0.0711315 0.0731917 0.0725568 0.0697162 0.0652585 0.0597566 0.0537099 0.0475101 0.0414291 0.0356321 0.0302035 0.0251711 0.0205293 0.016268 0.0124022 0.00898958 0.00611777
 0.00920577 0.0147641 0.0218648 0.0303246 0.0397959 0.0496546 0.0589444 0.0665684 0.071668 0.0739009 0.0734253 0.070691 0.0662434 0.0606266 0.0543425 0.0478173 0.0413762 0.0352367 0.0295204 0.0242766 0.0195116 0.0152209 0.0114176 0.00814411 0.00545813
 0.0092075 0.0147792 0.0219103 0.0304241 0.0399738 0.0499272 0.0593125 0.0670155 0.0721673 0.0744253 0.0739555 0.0712152 0.0667489 0.061088 0.0547141 0.0480384 0.0413886 0.0350054 0.0290478 0.0236033 0.0187077 0.0143722 0.0106099 0.00744758 0.00491452
 0.00928296 0.0148805 0.0220243 0.0305282 0.0400462 0.0499607 0.0593236 0.0670411 0.0722488 0.0745902 0.0742075 0.0715366 0.0671112 0.0614599 0.0550628 0.0483256 0.0415698 0.0350372 0.0289018 0.02328 0.0182414 0.0138242 0.0100532 0.00694769 0.0045145
 0.00956953 0.0152986 0.0225636 0.0311454 0.0406737 0.0505236 0.0597567 0.0673013 0.0723244 0.0745043 0.0740122 0.0712969 0.0668833 0.0612764 0.0549292 0.0482256 0.0414726 0.0349058 0.0287024 0.0229928 0.0178703 0.0133987 0.00961985 0.00655512 0.00419768
 0.00994282 0.0158521 0.0232958 0.0320162 0.04161 0.0514334 0.0605427 0.0678737 0.072616 0.0744887 0.0737145 0.0707887 0.0662626 0.0606396 0.0543479 0.0477354 0.0410741 0.0345741 0.0284014 0.0226897 0.0175474 0.0130593 0.00928529 0.00625422 0.0039542
 0.0100682 0.0160712 0.0236514 0.0325508 0.0423483 0.0523577 0.0615752 0.0688825 0.0734482 0.0750173 0.0738744 0.0705877 0.0657683 0.0599545 0.053582 0.0469826 0.0403967 0.0339977 0.0279206 0.0222819 0.0171883 0.0127346 0.00899453 0.00600635 0.00375896
 0.0100336 0.0160314 0.0236237 0.0325658 0.0424471 0.0525841 0.0619624 0.0694371 0.0741362 0.0757582 0.074554 0.0710884 0.0660062 0.0599058 0.0532847 0.0465172 0.0398557 0.0334594 0.0274337 0.0218648 0.0168385 0.012442 0.00875122 0.00580973 0.00360894
 0.0101865 0.0162536 0.0239099 0.0328961 0.0427953 0.0529302 0.0623021 0.0697812 0.0745001 0.0761473 0.0749503 0.0714455 0.0662577 0.0599856 0.053153 0.0461776 0.0393556 0.0328731 0.0268375 0.021317 0.0163713 0.0120646 0.00845926 0.00559323 0.00345647
 0.0101166 0.0161646 0.0238205 0.0328365 0.0427964 0.0530079 0.0624478 0.0699664 0.0746946 0.0763374 0.0751441 0.0716607 0.0665 0.0602334 0.05336 0.0462915 0.0393423 0.0327316 0.0265989 0.0210295 0.0160819 0.0118068 0.00824966 0.0054352 0.00334543
 0.00996801 0.0159365 0.0235039 0.0324368 0.0423366 0.0525311 0.0620147 0.069645 0.0745401 0.0763736 0.0753574 0.0720111 0.0669397 0.0607186 0.0538507 0.0467464 0.0397197 0.0329989 0.0267445 0.0210663 0.0160411 0.0117252 0.00815813 0.00535354 0.00328243
 0.0100654 0.0160671 0.0236492 0.0325622 0.0424013 0.0525037 0.0618876 0.0694387 0.074298 0.076148 0.0751944 0.0719386 0.0669619 0.0608198 0.0540036 0.0469202 0.0398846 0.0331286 0.0268198 0.0210807 0.0160025 0.0116526 0.00807396 0.00527607 0.00322174
 0.0100794 0.0160887 0.0236785 0.0325954 0.0424285 0.0525066 0.0618411 0.0693191 0.0740958 0.0758796 0.074904 0.071686 0.0668022 0.0607845 0.0540922 0.0471049 0.0401224 0.0333741 0.0270354 0.0212424 0.0161024 0.0116972 0.0080793 0.00526033 0.00319977
 0.00983683 0.015746 0.0232585 0.0321516 0.0420294 0.0522111 0.061677 0.0692778 0.0741416 0.0759675 0.0749967 0.0717665 0.0668775 0.0608789 0.054233 0.0473072 0.0403804 0.0336629 0.0273205 0.0214917 0.0162953 0.0118281 0.00815545 0.00529653 0.00321196
 0.00976414 0.0156224 0.0230647 0.0318729 0.0416666 0.0517931 0.0612662 0.0689568 0.0739825 0.0759987 0.0751893 0.0720492 0.0671716 0.0611303 0.0544265 0.0474587 0.0405175 0.033806 0.0274733 0.0216432 0.0164288 0.0119308 0.0082235 0.00533445 0.00322882
 0.00969731 0.0155001 0.0228557 0.0315407 0.0411795 0.0511407 0.0604764 0.068103 0.0731755 0.0753622 0.0748268 0.0720135 0.0674485 0.0616469 0.0550795 0.0481502 0.0411786 0.0344013 0.0279902 0.0220785 0.0167809 0.0121998 0.00841426 0.00545824 0.00330153
 0.00955882 0.0152979 0.0225925 0.0312301 0.0408376 0.0507744 0.0600781 0.0676586 0.0726813 0.0748438 0.0743453 0.0716534 0.06729 0.0617354 0.055408 0.0486627 0.0417921 0.0350335 0.0285792 0.022588 0.0171954 0.0125177 0.00864245 0.00561001 0.00339401
 0.00938125 0.0150268 0.0222185 0.0307588 0.040291 0.0501895 0.0595032 0.0671445 0.0722677 0.0745471 0.0741592 0.0715638 0.0672942 0.0618496 0.0556562 0.0490555 0.0423107 0.0356298 0.0291904 0.0231557 0.0176793 0.0128988 0.00892055 0.00579756 0.00351026
 0.00908044 0.0145716 0.021597 0.0299842 0.0393991 0.0492341 0.0585525 0.0662775 0.0715654 0.0740763 0.0739565 0.0716274 0.0675896 0.0623259 0.0562642 0.049757 0.0430762 0.0364278 0.0299805 0.0238913 0.0183177 0.0134125 0.00930233 0.00605877 0.00367414
 0.00896414 0.0143703 0.0212729 0.0294986 0.0387257 0.0483783 0.0575663 0.0652575 0.0706304 0.0733354 0.0734838 0.0714531 0.0677046 0.0626922 0.0568271 0.0504569 0.0438569 0.0372407 0.0307825 0.0246415 0.0189789 0.0139566 0.00971678 0.00634899 0.00385989
 0.00984851 0.0156151 0.022788 0.0310756 0.0400925 0.0492888 0.0578775 0.0649554 0.0698082 0.0721502 0.0721158 0.0700735 0.0664522 0.0616596 0.0560574 0.0499516 0.0435892 0.0371682 0.0308562 0.0248116 0.0191973 0.014181 0.00991532 0.00650381 0.00396722
 0.0107186 0.0169615 0.0246775 0.0334985 0.0429357 0.0523143 0.0607224 0.0671866 0.0710396 0.072177 0.0709865 0.0680586 0.0639334 0.0590087 0.0535584 0.0477771 0.0418145 0.0357991 0.0298571 0.0241252 0.018758 0.0139234 0.00978024 0.0064428 0.00394524
 0.0106754 0.0170155 0.0249861 0.0342782 0.0443976 0.0545627 0.0636639 0.070505 0.0742573 0.0747775 0.0725506 0.068368 0.0630156 0.0571092 0.0510534 0.045062 0.0392136 0.0335227 0.0280031 0.0227064 0.0177342 0.0132274 0.00933641 0.00617883 0.00379973
 0.0103013 0.0164604 0.0242579 0.0334412 0.0435837 0.0539706 0.0635358 0.0710666 0.0756234 0.0768631 0.0750457 0.0708112 0.0649399 0.0581923 0.051203 0.044409 0.0380316 0.032121 0.0266391 0.0215427 0.0168382 0.0125961 0.00892689 0.00593406 0.00366524
 0.0100303 0.0160276 0.0236231 0.03258 0.0425019 0.0527258 0.062258 0.0699603 0.0749375 0.0768255 0.0757811 0.072274 0.0668966 0.0602752 0.0530228 0.04568 0.0386499 0.0321636 0.0262969 0.0210306 0.0163259 0.0121794 0.00863484 0.0057535 0.00356579
 0.00982101 0.0157003 0.0231545 0.0319559 0.0417186 0.0517935 0.0612095 0.0688626 0.0738998 0.0759968 0.07533 0.0723476 0.0675646 0.0614818 0.0545765 0.0473003 0.0400579 0.0331733 0.0268616 0.0212257 0.0162884 0.0120432 0.00849161 0.00564541 0.0034996
 0.0098314 0.0156864 0.0230771 0.0317604 0.0413503 0.0512202 0.0604405 0.0679524 0.0729352 0.0750784 0.0745614 0.0718317 0.0673979 0.0617313 0.0552459 0.0483033 0.0412254 0.0343018 0.0277815 0.0218537 0.0166359 0.0121845 0.00851645 0.00562448 0.0034725
 0.00990843 0.0157983 0.0232186 0.0319127 0.0414792 0.051277 0.0603687 0.0677012 0.0724794 0.0744363 0.0738007 0.0710585 0.0667333 0.0612871 0.055102 0.048487 0.0416969 0.0349569 0.0284805 0.0224674 0.0170866 0.0124593 0.00865123 0.00567265 0.00347996
 0.00985682 0.0157221 0.0231181 0.0317928 0.0413465 0.0511364 0.0602187 0.0675322 0.0722744 0.074177 0.0734776 0.070683 0.0663454 0.0609524 0.0548965 0.0484746 0.0419056 0.0353639 0.0290145 0.0230298 0.0175856 0.0128384 0.00889896 0.00581179 0.00354683
 0.00990016 0.0157837 0.0231946 0.0318757 0.0414248 0.0512003 0.0602624 0.067552 0.0722652 0.074128 0.0733725 0.0705059 0.0660915 0.0606385 0.0545655 0.0481885 0.0417269 0.035333 0.0291322 0.0232563 0.017857 0.0130922 0.00909528 0.00593991 0.00361778
 0.00985799 0.0157386 0.0231692 0.031903 0.0415372 0.051412 0.0605568 0.0678834 0.0725733 0.0743587 0.0734913 0.0704996 0.065963 0.0604027 0.0542495 0.0478335 0.0413859 0.0350596 0.0289641 0.0232022 0.0178947 0.0131807 0.00919316 0.0060198 0.00367019
 0.00978138 0.0156194 0.0230014 0.0316892 0.0412923 0.0511675 0.060359 0.0677828 0.0726057 0.0745266 0.0737583 0.0708033 0.0662379 0.0606006 0.0543491 0.04784 0.0413257 0.0349717 0.0288889 0.0231689 0.0179123 0.013238 0.0092676 0.00608962 0.00372272
 0.00982087 0.0156663 0.0230402 0.0316948 0.0412381 0.0510364 0.060155 0.0675349 0.0723625 0.0743424 0.0736761 0.0708395 0.0663759 0.0607968 0.0545496 0.0480002 0.0414235 0.0350105 0.0288907 0.0231616 0.0179174 0.0132634 0.00930832 0.00613418 0.00376083
 0.00969781 0.0154964 0.0228392 0.0314937 0.0410703 0.0509212 0.0600859 0.0674839 0.0722986 0.0742529 0.0735768 0.0707679 0.0663719 0.0608818 0.0547162 0.0482157 0.0416458 0.0352049 0.0290409 0.0232701 0.0179971 0.0133274 0.0093637 0.00618172 0.0037984
 0.00963524 0.0153991 0.0227024 0.0313193 0.0408706 0.050721 0.0599201 0.0673879 0.072292 0.0743271 0.0736969 0.0708905 0.066468 0.0609492 0.0547727 0.048282 0.0417302 0.0353005 0.0291333 0.0233475 0.018056 0.0133713 0.00939778 0.00620932 0.00382032
 0.0096432 0.0153943 0.0226629 0.0312149 0.0406729 0.0504174 0.0595275 0.0669546 0.0718871 0.0740199 0.0735352 0.0708872 0.066601 0.0611741 0.0550426 0.0485623 0.042002 0.0355549 0.0293634 0.0235464 0.0182183 0.0134959 0.0094884 0.00627202 0.00386162
 0.00956596 0.0153284 0.0226708 0.0313837 0.041081 0.051088 0.0603946 0.0678708 0.0726738 0.0745341 0.0737148 0.0707556 0.0662371 0.0606734 0.0544875 0.048011 0.0414907 0.0351045 0.0289851 0.0232434 0.0179871 0.0133284 0.00937363 0.00619848 0.00381814
 0.00927684 0.0149308 0.0222093 0.0309526 0.0408076 0.0510984 0.060776 0.0686394 0.0737572 0.0757745 0.0749009 0.0716815 0.0667657 0.0607716 0.0542186 0.0474934 0.0408512 0.0344469 0.028379 0.0227273 0.0175757 0.0130203 0.00915714 0.00605653 0.0037319
#obs surv len freq
 nan nan nan nan nan nan nan nan nan nan nan nan nan nan nan nan nan nan nan nan nan nan nan nan nan
 0.0044861 0.00734819 0.011179 0.0159961 0.0216974 0.0279733 0.0342873 0.0400182 0.0446971 0.0481598 0.0505165 0.052011 0.052902 0.0534133 0.0537267 0.0539809 0.054259 0.0545514 0.0546899 0.0542817 0.0527199 0.0493522 0.0438024 0.0362831 0.0276675
 0.00462222 0.00757076 0.0115159 0.0164731 0.0223317 0.0287636 0.0352047 0.0410032 0.045668 0.0490292 0.0512073 0.0524684 0.0530982 0.0533479 0.053422 0.0534745 0.0535946 0.053772 0.0538348 0.0533881 0.0518269 0.0485035 0.0430431 0.0356514 0.0271847
 0.00478264 0.0078342 0.0119174 0.0170468 0.0231043 0.0297436 0.0363705 0.0422978 0.0470047 0.0503057 0.0523209 0.0533291 0.053638 0.0535273 0.0532335 0.0529403 0.0527599 0.0526964 0.0525847 0.0520339 0.0504438 0.0471723 0.0418439 0.0346503 0.0264181
 0.00496599 0.00813441 0.0123733 0.0176964 0.0239779 0.0308527 0.0376959 0.0437844 0.0485672 0.0518421 0.0537263 0.0545039 0.0544946 0.0539962 0.0532695 0.0525288 0.0519191 0.051475 0.051058 0.050299 0.048616 0.0453781 0.0402083 0.0332755 0.0253614
 0.00517419 0.00847571 0.0128923 0.0184364 0.0249731 0.0321149 0.0392012 0.0454684 0.050334 0.0535817 0.0553308 0.0558759 0.0555486 0.0546584 0.0534803 0.0522472 0.0511304 0.0501988 0.0493541 0.0482702 0.0464052 0.0431566 0.0381514 0.0315293 0.024011
 0.00540316 0.00885043 0.013461 0.0192459 0.02606 0.0334921 0.0408432 0.0473058 0.0522628 0.0554824 0.0570871 0.0573854 0.0567257 0.0554329 0.053794 0.0520534 0.0503977 0.0489215 0.047567 0.0460631 0.0439284 0.0406101 0.0357533 0.0294689 0.0224048
 0.00563681 0.00923321 0.0140426 0.0200749 0.0271748 0.0349068 0.0425326 0.0491998 0.0542558 0.057453 0.058917 0.05897 0.0579778 0.0562816 0.0541818 0.051933 0.0497322 0.0476918 0.0457885 0.0438066 0.0413363 0.0378916 0.0331517 0.0272057 0.0206239
 0.00588072 0.0096334 0.0146517 0.0209444 0.0283449 0.0363909 0.0443015 0.051176 0.0563245 0.0594848 0.0607884 0.0605761 0.0592345 0.0571238 0.0545591 0.0518045 0.0490642 0.0464628 0.0440039 0.0415234 0.0386845 0.0350774 0.0304277 0.0248121 0.0187249
 0.00611998 0.0100248 0.0152456 0.0217894 0.0294796 0.0378294 0.0460182 0.0530994 0.0583466 0.0614803 0.0626349 0.0621663 0.0604819 0.0579626 0.0549408 0.0516925 0.0484296 0.045286 0.0422873 0.0393144 0.0360998 0.0323113 0.0277271 0.0224197 0.0168129
 0.0063653 0.0104266 0.0158555 0.0226572 0.0306431 0.0392988 0.0477608 0.0550345 0.0603578 0.0634384 0.0644194 0.0636768 0.0616409 0.0587131 0.0552428 0.0515176 0.0477568 0.044102 0.0405972 0.0371617 0.0335909 0.0296259 0.0250985 0.0200819 0.0149364
 0.00660176 0.0108133 0.0164417 0.0234903 0.0317592 0.0407085 0.0494337 0.0568941 0.0622913 0.0653183 0.0661247 0.0651065 0.0627186 0.059387 0.0554804 0.0512997 0.0470718 0.0429449 0.0389776 0.035122 0.0312285 0.0271041 0.0226305 0.0178839 0.0131677
 0.00682213 0.0111773 0.017 0.0242929 0.0328452 0.0420891 0.0510759 0.0587158 0.0641741 0.0671315 0.0677474 0.066441 0.0636941 0.059958 0.0556229 0.0510049 0.0463397 0.0417823 0.0374029 0.0331803 0.0290107 0.0247575 0.0203456 0.0158538 0.0115354
 0.00704756 0.0115463 0.0175601 0.0250897 0.0339132 0.0434375 0.0526731 0.0604838 0.0659981 0.0688812 0.069299 0.0676928 0.0645738 0.0604237 0.0556589 0.0506146 0.0455375 0.0405891 0.035849 0.0313168 0.026925 0.0225827 0.0182492 0.0140037 0.0100537
 0.00726473 0.0119006 0.0180953 0.0258468 0.034922 0.0447032 0.0541629 0.0621226 0.0676789 0.070485 0.0707145 0.0688279 0.065361 0.0608211 0.0556491 0.0502007 0.044738 0.0394325 0.0343747 0.0295818 0.0250148 0.0206177 0.0163751 0.0123625 0.0087466
 0.00741231 0.0121501 0.0184886 0.0264284 0.0357294 0.0457511 0.0554289 0.0635421 0.0691555 0.0719104 0.0719871 0.0698638 0.0660977 0.061218 0.0556857 0.0498744 0.0440611 0.0384309 0.0330875 0.0280663 0.023353 0.0189183 0.0147645 0.0109601 0.00763487
 0.007523 0.0123258 0.0187461 0.0267832 0.0361961 0.0463431 0.0561537 0.0643951 0.0701131 0.0729269 0.072997 0.0707898 0.0668629 0.0617566 0.0559502 0.0498374 0.0437144 0.0377842 0.0321692 0.0269256 0.0220636 0.0175775 0.0134823 0.00983875 0.00674428
 0.00762338 0.0124841 0.0189751 0.0270912 0.0365853 0.0468079 0.0566802 0.0649628 0.0707012 0.0735193 0.0735821 0.0713536 0.06738 0.062187 0.056244 0.0499453 0.0435984 0.0374253 0.0315718 0.0261207 0.0211096 0.0165566 0.0124893 0.00896178 0.00604394
 0.00768229 0.0125797 0.0191183 0.0272918 0.0368492 0.0471342 0.057058 0.0653716 0.0711157 0.073917 0.0739495 0.0716869 0.0676799 0.0624499 0.056454 0.0500725 0.0436041 0.0372729 0.0312399 0.0256133 0.0204607 0.0158276 0.0117577 0.00830254 0.00551073
 0.00771644 0.0126289 0.0191813 0.0273642 0.0369271 0.0472171 0.0571513 0.0654854 0.0712598 0.0740966 0.0741621 0.0719237 0.0679289 0.062698 0.0566864 0.050269 0.0437368 0.0373091 0.0311501 0.025383 0.0201007 0.0153761 0.0112725 0.00784551 0.00513006
 0.00775814 0.0126901 0.0192607 0.027456 0.0370215 0.0473029 0.057219 0.06553 0.0712839 0.0741112 0.0741845 0.0719715 0.0680132 0.0628192 0.056834 0.0504238 0.0438735 0.0373984 0.0311632 0.0252991 0.019916 0.015109 0.0109613 0.0075365 0.00486328
 0.00781621 0.012778 0.0193805 0.0276044 0.0371897 0.0474772 0.0573817 0.0656616 0.0713678 0.0741389 0.0741601 0.0719115 0.0679415 0.0627592 0.0568017 0.0504224 0.043893 0.0374184 0.0311581 0.0252458 0.0198017 0.0149379 0.010754 0.00732388 0.00467478
 0.00784749 0.0128251 0.0194444 0.0276832 0.0372788 0.0475704 0.0574711 0.0657386 0.0714239 0.0741678 0.0741595 0.0718844 0.0678965 0.0627092 0.0567605 0.0504007 0.0438936 0.0374339 0.0311724 0.0252392 0.0197587 0.0148539 0.010638 0.00719493 0.00455406
 0.00786537 0.0128528 0.0194835 0.0277339 0.0373398 0.0476382 0.0575402 0.0658019 0.0714743 0.0741999 0.0741709 0.0718756 0.0678709 0.0626724 0.0567199 0.0503645 0.0438683 0.0374213 0.0311673 0.025231 0.0197354 0.014808 0.010571 0.00711634 0.00447724
 0.00788444 0.0128776 0.0195095 0.0277534 0.0373446 0.0476233 0.0575071 0.0657581 0.0714305 0.0741659 0.074152 0.0718728 0.0678813 0.0626916 0.056744 0.0503912 0.0438969 0.0374512 0.0311967 0.0252549 0.0197472 0.0148024 0.0105473 0.00707969 0.00443623
 0.00788964 0.0128855 0.0195199 0.027765 0.0373542 0.0476258 0.0574958 0.0657274 0.071379 0.0740992 0.0740825 0.071815 0.067847 0.0626858 0.0567642 0.0504303 0.0439468 0.0375048 0.0312482 0.0252993 0.0197797 0.0148198 0.0105489 0.00706843 0.00441788
 0.00789962 0.0128979 0.0195317 0.0277713 0.0373495 0.0476066 0.0574619 0.0656817 0.0713261 0.074043 0.0740267 0.071764 0.0678069 0.0626633 0.0567646 0.0504545 0.0439909 0.0375614 0.0313088 0.025356 0.0198264 0.0148526 0.0105669 0.00707355 0.00441427
 0.00788303 0.0128736 0.0194999 0.0277334 0.0373074 0.047561 0.0574124 0.0656276 0.0712678 0.0739843 0.0739736 0.0717235 0.0677843 0.0626619 0.0567851 0.0504961 0.0440506 0.0376342 0.0313875 0.0254326 0.0198936 0.0149053 0.0106031 0.00709453 0.00442358
 0.00788739 0.0128737 0.0194873 0.0276969 0.037237 0.0474534 0.0572751 0.0654781 0.0711277 0.0738718 0.0738986 0.0716881 0.0677855 0.0626948 0.0568446 0.050577 0.0441474 0.0377407 0.0314966 0.0255369 0.019986 0.0149805 0.0106586 0.00713128 0.00444491
 0.00787948 0.0128611 0.0194684 0.0276695 0.0371971 0.0473955 0.0571929 0.0653682 0.0709935 0.0737257 0.0737611 0.071581 0.0677252 0.0626874 0.0568864 0.0506579 0.0442552 0.0378635 0.0316238 0.0256591 0.0200953 0.0150711 0.0107277 0.00717918 0.00447482
 0.00784402 0.012804 0.0193838 0.027553 0.0370476 0.0472171 0.0569965 0.0651698 0.0708108 0.0735738 0.0736499 0.0715167 0.0677121 0.062728 0.0569799 0.0507978 0.0444295 0.0380566 0.0318199 0.025844 0.0202583 0.0152051 0.0108299 0.007251 0.0045209
 0.0078481 0.0128045 0.0193733 0.0275207 0.0369824 0.0471117 0.0568515 0.0649954 0.0706242 0.0733951 0.0734975 0.0714042 0.0676475 0.0627144 0.0570164 0.0508807 0.0445519 0.0382079 0.0319864 0.0260111 0.0204124 0.0153361 0.0109326 0.00732478 0.00456928
 0.00778568 0.0127106 0.019246 0.0273626 0.036799 0.0469093 0.0566362 0.0647746 0.0704087 0.0732002 0.0733418 0.0713055 0.0676182 0.0627583 0.0571287 0.05105 0.0447629 0.0384442 0.0322312 0.0262478 0.0206264 0.0155165 0.0110734 0.00742607 0.00463597
 0.00777077 0.0126785 0.0191837 0.0272546 0.0366329 0.0466835 0.0563654 0.0644876 0.0701399 0.0729779 0.0731818 0.0712123 0.0675906 0.062794 0.0572249 0.0512014 0.0449601 0.0386732 0.032475 0.0264888 0.0208483 0.0157063 0.0112237 0.00753566 0.00470903
 0.00775333 0.0126488 0.0191359 0.0271815 0.0365258 0.046534 0.0561685 0.0642461 0.0698679 0.0727013 0.0729341 0.0710255 0.0674866 0.0627801 0.0572956 0.0513436 0.0451575 0.0389083 0.0327295 0.0267437 0.0210857 0.0159117 0.0113881 0.00765655 0.00479034
 0.00933034 0.0148558 0.0217986 0.0299174 0.038856 0.04806 0.056712 0.0638752 0.0688145 0.0712429 0.0713076 0.069398 0.0659633 0.0614225 0.0561349 0.0503885 0.0444005 0.0383313 0.0323087 0.0264526 0.0208969 0.0157988 0.011327 0.00762763 0.00477899
 0.00929906 0.0150979 0.0226795 0.0318915 0.0422687 0.0528808 0.0623653 0.0693336 0.0729654 0.0733267 0.0711687 0.067427 0.062827 0.0577793 0.0524725 0.046997 0.0414185 0.0358059 0.0302379 0.0248098 0.0196414 0.0148805 0.0106895 0.00721125 0.00452539
 0.00896206 0.0145675 0.0219352 0.0309824 0.0413667 0.0523164 0.0625881 0.0707521 0.075702 0.0770362 0.0750807 0.0706387 0.0646794 0.058086 0.05149 0.0452129 0.0393219 0.0337539 0.0284315 0.0233296 0.0184956 0.0140396 0.0101061 0.00683101 0.00429446
 0.00880036 0.0142942 0.0215054 0.0303508 0.0405049 0.0512451 0.0614177 0.0697111 0.0751185 0.0772477 0.0762816 0.0727364 0.067261 0.0605527 0.0532998 0.0460885 0.0393069 0.0331136 0.0274929 0.0223587 0.0176509 0.0133841 0.00964092 0.00652622 0.00410989
 0.00872938 0.014175 0.021318 0.0300716 0.0401086 0.0507106 0.0607389 0.0689134 0.0742789 0.0765089 0.0758441 0.0728069 0.0679611 0.0618273 0.0548944 0.0476318 0.0404633 0.0337141 0.0275684 0.0220763 0.0172109 0.0129424 0.00928168 0.00627307 0.0039509
 0.00870143 0.0141254 0.0212352 0.0299415 0.0399165 0.0504438 0.060391 0.068486 0.0737843 0.0759762 0.0753296 0.0724032 0.0677883 0.0619958 0.0554451 0.0484893 0.0414422 0.0345886 0.0281682 0.0223478 0.017212 0.0127876 0.00908062 0.00609582 0.00382446
 0.00868847 0.0141021 0.0211958 0.0298784 0.0398212 0.0503087 0.0602107 0.0682589 0.0735131 0.0756681 0.0749994 0.0720783 0.0675148 0.0618385 0.0554726 0.0487427 0.041902 0.0351651 0.0287306 0.0227795 0.0174579 0.0128632 0.00904605 0.00601687 0.00374686
 0.00867169 0.0140784 0.0211665 0.0298464 0.039789 0.0502757 0.0601719 0.0682049 0.073433 0.0755531 0.074846 0.0718915 0.0673107 0.0616469 0.0553357 0.0487065 0.0419977 0.0353891 0.0290363 0.0230927 0.0177088 0.0130155 0.00910419 0.00601234 0.00371556
 0.00867148 0.0140753 0.021157 0.0298261 0.0397545 0.0502272 0.060114 0.0681454 0.0733782 0.0755041 0.0747969 0.0718326 0.0672344 0.0615542 0.0552403 0.0486339 0.0419778 0.0354428 0.029163 0.0232658 0.0178859 0.0131576 0.00919217 0.0060497 0.00371971
 0.00867214 0.0140783 0.0211648 0.0298415 0.0397789 0.0502586 0.0601461 0.0681692 0.0733854 0.0754905 0.0747637 0.0717829 0.0671715 0.0614797 0.0551574 0.0485508 0.0419098 0.0354078 0.0291733 0.0233202 0.0179678 0.0132427 0.00925964 0.00609048 0.00373667
 0.00864924 0.0140458 0.0211249 0.0297995 0.0397421 0.0502345 0.0601397 0.0681817 0.0734135 0.0755268 0.0747984 0.0718074 0.06718 0.0614708 0.055133 0.0485161 0.0418726 0.0353789 0.0291633 0.023335 0.0180049 0.0132915 0.00930671 0.00612599 0.00375758
 0.00865254 0.0140448 0.0211121 0.0297649 0.0396776 0.0501389 0.0600232 0.0680642 0.0733182 0.0754718 0.07479 0.0718398 0.067239 0.0615401 0.0551991 0.0485709 0.0419145 0.0354114 0.0291928 0.0233678 0.0180438 0.0133344 0.0093479 0.0061596 0.00378059
 0.00860866 0.0139814 0.0210309 0.0296717 0.0395792 0.0500397 0.0599232 0.0679616 0.0732149 0.0753767 0.0747191 0.0718098 0.0672598 0.0616094 0.0553041 0.0486933 0.0420374 0.0355235 0.02929 0.0234508 0.018115 0.0133954 0.00939838 0.00619848 0.00380758
 0.00861207 0.0139812 0.0210203 0.029642 0.0395233 0.0499567 0.0598211 0.0678554 0.0731199 0.0753026 0.0746676 0.0717788 0.0672485 0.0616203 0.05534 0.0487534 0.0421153 0.0356093 0.0293741 0.0235267 0.01818 0.0134492 0.00944129 0.00623089 0.00383021
 0.00862168 0.0139987 0.0210497 0.0296867 0.0395835 0.0500263 0.0598872 0.0679009 0.0731302 0.0752724 0.0746031 0.0716938 0.0671582 0.061537 0.0552722 0.0487063 0.042091 0.0356062 0.0293872 0.0235495 0.0182066 0.0134751 0.00946403 0.00624916 0.00384362
 0.00862168 0.0139987 0.0210497 0.0296867 0.0395835 0.0500263 0.0598872 0.0679009 0.0731302 0.0752724 0.0746031 0.0716938 0.0671582 0.061537 0.0552722 0.0487063 0.042091 0.0356062 0.0293872 0.0235495 0.0182066 0.0134751 0.00946403 0.00624916 0.00384362
 0.0089842 0.0145701 0.0218734 0.0307842 0.040942 0.0515841 0.0615225 0.0694386 0.0743755 0.0760598 0.0748398 0.0713771 0.0663654 0.0603981 0.0539363 0.0473132 0.0407526 0.0343995 0.0283558 0.0227098 0.0175548 0.0129942 0.00912875 0.00602995 0.00371035
 0.00909814 0.0147931 0.0222773 0.031455 0.0419538 0.0529597 0.0631993 0.0712623 0.0761304 0.077521 0.0758235 0.0717733 0.0661507 0.0596316 0.052742 0.0458519 0.0391898 0.0328789 0.0269828 0.0215474 0.0166278 0.0122974 0.00863661 0.00570503 0.0035112
#pred catch len freq
 0.00462298 0.00732081 0.0106896 0.0146504 0.0191527 0.0241521 0.0295375 0.0350973 0.0405626 0.0456782 0.0502464 0.0541424 0.0573126 0.0597523 0.0614589 0.0623854 0.0624246 0.06143 0.0592541 0.0557794 0.0509414 0.0447717 0.037479 0.0295291 0.0216284
 0.00491735 0.00768692 0.0110379 0.0148416 0.0190521 0.0237063 0.0288238 0.0343024 0.0398915 0.0452452 0.0500163 0.0539544 0.0569704 0.0591309 0.0605789 0.0614247 0.0616611 0.0611341 0.0595745 0.0566757 0.0522002 0.0460986 0.0386178 0.0303435 0.0221135
 0.00526319 0.00822948 0.0118094 0.0158367 0.0202049 0.0248723 0.0297886 0.0348392 0.0398575 0.0446614 0.049064 0.0528754 0.0559357 0.0581722 0.0596272 0.060419 0.0606418 0.0602562 0.0590327 0.0565933 0.0525546 0.0467301 0.0393108 0.0309232 0.0225012
 0.00553761 0.00866988 0.0124634 0.0167494 0.0214132 0.0263894 0.0315749 0.0367686 0.0417047 0.0461354 0.0498942 0.0529155 0.0552221 0.0568903 0.0580102 0.0586547 0.0588531 0.0585439 0.0575169 0.0554007 0.0517615 0.0463166 0.0391699 0.0309181 0.0225259
 0.00582152 0.0091111 0.0130921 0.0175869 0.0224779 0.0277017 0.0331529 0.0386103 0.0437588 0.0482715 0.0518903 0.0544849 0.0560875 0.0568781 0.0571137 0.0570271 0.0567397 0.0562064 0.0551894 0.0532756 0.0499786 0.0449452 0.0381996 0.0302776 0.0221215
 0.00613931 0.00960261 0.0137861 0.0184967 0.0236044 0.0290385 0.034687 0.0403206 0.0456125 0.0502172 0.0538429 0.0563062 0.0575782 0.0578026 0.057262 0.0562906 0.0551604 0.0539705 0.0525744 0.0505806 0.0474654 0.0427992 0.0365127 0.0290526 0.0212968
 0.00644296 0.010077 0.0144652 0.0194018 0.0247446 0.0304099 0.0362692 0.0420715 0.0474698 0.0521052 0.0556798 0.0580044 0.0590346 0.0588859 0.0578124 0.0561477 0.0542177 0.0522337 0.0501877 0.0478044 0.0446131 0.0401614 0.0342968 0.0273547 0.0201085
 0.00670394 0.0104892 0.0150639 0.020215 0.0257919 0.0316996 0.0377911 0.0437896 0.0493193 0.0539976 0.0575135 0.0596759 0.0604462 0.0599454 0.0584241 0.0562058 0.0536189 0.050915 0.0481772 0.0452528 0.0417811 0.0373601 0.0318061 0.0253566 0.0186604
 0.00700346 0.0109541 0.015724 0.0210871 0.0268829 0.033009 0.0393081 0.0454853 0.0511398 0.0558627 0.0593217 0.0613156 0.0618094 0.0609379 0.0589675 0.0562312 0.0530616 0.049725 0.0463504 0.0428723 0.0390379 0.0345304 0.0291839 0.0231726 0.0170263
 0.0073709 0.0115155 0.0165032 0.0220854 0.028085 0.034391 0.0408404 0.0471298 0.0528452 0.0575633 0.0609397 0.0627651 0.0630022 0.0617902 0.0594054 0.0561928 0.0524958 0.0485952 0.0446516 0.0406607 0.0364581 0.0318133 0.0266019 0.020965 0.0153332
 0.00771978 0.0120556 0.017266 0.0230833 0.0293115 0.0358221 0.0424326 0.0488183 0.0545487 0.0591949 0.062418 0.0640202 0.0639758 0.0624326 0.0596724 0.0560428 0.0518901 0.0475037 0.0430675 0.0386251 0.0340849 0.0292942 0.0241758 0.0188564 0.0136877
 0.00796295 0.0124488 0.0178542 0.0239076 0.0304025 0.0371881 0.0440462 0.0506083 0.0564062 0.0609904 0.0640236 0.0653289 0.0649133 0.0629596 0.0597768 0.0557257 0.0511541 0.0463488 0.0415016 0.0366866 0.0318674 0.0269565 0.021922 0.0168851 0.0121348
 0.00836537 0.0130521 0.0186698 0.0249194 0.0315812 0.0385101 0.0455011 0.0521875 0.0580782 0.0626814 0.0656158 0.0666814 0.0658956 0.0634817 0.0598018 0.0552633 0.0502408 0.04503 0.0398254 0.0347139 0.0296916 0.0247165 0.0197906 0.015031 0.0106743
 0.00874673 0.0136402 0.0194945 0.025985 0.0328646 0.0399618 0.0470476 0.0537399 0.0595503 0.0640082 0.0667572 0.0676084 0.06657 0.0638494 0.0598049 0.054861 0.0494243 0.0438235 0.0382798 0.0329026 0.0277147 0.0227038 0.017892 0.0133876 0.00938181
 0.00904078 0.0141138 0.020199 0.0269651 0.0341496 0.0415508 0.0488917 0.0557324 0.061536 0.065811 0.0682186 0.0686191 0.0670857 0.0638819 0.0593973 0.0540624 0.0482775 0.0423687 0.0365657 0.030998 0.0257146 0.0207281 0.0160719 0.0118403 0.00818013
 0.00919406 0.0143553 0.0205506 0.0274487 0.0347912 0.0423827 0.0499455 0.0570221 0.0630338 0.0674298 0.0698135 0.0700142 0.0681172 0.0644398 0.0594446 0.0536268 0.0474254 0.0411794 0.0351186 0.0293751 0.0240089 0.0190474 0.0145299 0.010535 0.00717061
 0.00923376 0.0144217 0.0206547 0.0276034 0.0350117 0.0426857 0.0503496 0.0575476 0.0637008 0.0682506 0.0707763 0.0710665 0.0691592 0.0653386 0.0600678 0.0538788 0.0472693 0.0406364 0.0342522 0.0282732 0.0227732 0.0177866 0.0133507 0.00952614 0.00638541
 0.009234 0.0144327 0.0206911 0.0276864 0.0351643 0.0429265 0.0506859 0.0579736 0.0642012 0.0688071 0.0713733 0.0716895 0.0697875 0.0659336 0.0605672 0.0542043 0.0473475 0.0404235 0.0337492 0.0275272 0.0218663 0.0168198 0.0124251 0.00872485 0.00575838
 0.009325 0.0145584 0.0208399 0.0278364 0.0352926 0.043023 0.0507623 0.0580605 0.0643346 0.0690119 0.0716542 0.072033 0.0701693 0.0663255 0.0609357 0.0545067 0.0475318 0.040438 0.03356 0.0271342 0.0213089 0.0161694 0.0117668 0.00813496 0.00528697
 0.00958462 0.0149335 0.0213166 0.0283696 0.0358165 0.0434697 0.0510797 0.0582233 0.0643485 0.0689117 0.0714945 0.071872 0.0700513 0.0662693 0.0609341 0.0545325 0.047545 0.0403936 0.033418 0.0268719 0.0209322 0.0157147 0.0112907 0.00769661 0.00492964
 0.00995045 0.0154708 0.0220175 0.0291867 0.0366728 0.0442763 0.0517526 0.0586932 0.0645694 0.06887 0.0712162 0.0714199 0.0695104 0.0657244 0.0604487 0.0541362 0.0472331 0.0401354 0.033172 0.0266016 0.0206192 0.0153653 0.0109327 0.00736674 0.00465854
 0.0100872 0.0156993 0.0223709 0.0296954 0.0373514 0.0451075 0.0526737 0.0595989 0.0653339 0.0693823 0.0714093 0.0712857 0.0690961 0.0651165 0.0597496 0.053439 0.0466021 0.0395975 0.0327211 0.0262127 0.0202663 0.0150346 0.0106266 0.00709901 0.00444371
 0.0101154 0.0157521 0.0224649 0.0298542 0.0376053 0.0454884 0.0532043 0.0602776 0.0661198 0.070189 0.0721174 0.0717742 0.0692808 0.0649771 0.0593322 0.052836 0.0459195 0.0389252 0.0321153 0.0256948 0.0198331 0.0146738 0.0103284 0.00685943 0.00426189
 0.0102367 0.0159266 0.0226867 0.0301059 0.0378666 0.0457486 0.0534714 0.0605759 0.0664773 0.070618 0.0725982 0.0722486 0.069663 0.0651794 0.059297 0.0525575 0.0454455 0.0383374 0.0315006 0.0251207 0.019338 0.0142701 0.0100131 0.0066233 0.0040939
 0.010138 0.0157932 0.0225351 0.0299666 0.0377739 0.0457258 0.0535212 0.0606844 0.0666283 0.0708079 0.0728382 0.0725513 0.0700219 0.0655563 0.0596275 0.0527739 0.0455037 0.0382346 0.0312726 0.0248245 0.0190298 0.0139904 0.00978285 0.00644801 0.0039697
 0.0100258 0.0156226 0.0223018 0.0296778 0.03745 0.0454006 0.053239 0.0604913 0.0665594 0.0708752 0.0730288 0.0728377 0.0703744 0.0659481 0.0600294 0.0531478 0.0458058 0.0384283 0.031344 0.0247878 0.0189199 0.0138485 0.0096429 0.00633054 0.00388233
 0.0100742 0.0156816 0.0223541 0.0296952 0.0374018 0.045266 0.0530193 0.0602145 0.066274 0.0706372 0.0728858 0.0728155 0.0704724 0.0661431 0.0602855 0.0534257 0.0460675 0.0386407 0.0314832 0.0248454 0.0189057 0.0137857 0.00955949 0.00624949 0.00381702
 0.0100701 0.0156756 0.0223452 0.0296802 0.0373725 0.0452074 0.052911 0.0600382 0.0660255 0.0703372 0.072581 0.0725673 0.0703358 0.0661483 0.0604292 0.053675 0.046373 0.0389503 0.0317534 0.0250487 0.019033 0.0138452 0.00957041 0.00623385 0.00379283
 0.00986891 0.0153944 0.0220069 0.029334 0.0370794 0.0450163 0.0528388 0.0600652 0.0661067 0.0704216 0.0726315 0.072573 0.0703154 0.0661403 0.0604743 0.0537978 0.0465716 0.0391986 0.0320125 0.0252808 0.019213 0.0139648 0.00963603 0.00626072 0.00379754
