SBPRF35
12.7214
Curr Bio
969025
B35
877532
F35
0.172689
FOFL
0.172689
OFL
141266
Bzero
3.63469e+006
#pred survey bio
 2.923e+006 2.66836e+006 2.42836e+006 2.20369e+006 1.974e+006 1.75307e+006 1.56917e+006 1.37884e+006 1.19382e+006 1.03927e+006 923799 836793 762316 703626 650343 614284 581553 562721 552764 537533 533245 521810 522594 531284 530276 531560 531703 537606 548897 559524 572076 578974 593851 595811 609096 615833 625571 625440 633143 632474 643065 662636 673169 673868 673433 674693 678379 726439 758689 804873 842638 865602 903377 926400 951617 963372 974764 2.32433e+007 2.15543e+007 2.20065e+007 2.26862e+007 2.3497e+007 2.43324e+007 2.51176e+007 2.58108e+007 2.63966e+007 2.68768e+007 2.7262e+007 2.75666e+007 2.7805e+007 2.79907e+007 2.81348e+007 2.82467e+007 2.83335e+007 2.84011e+007 2.84539e+007 2.84953e+007 2.85278e+007 2.85535e+007 2.85738e+007 2.85899e+007 2.86028e+007 2.86131e+007 2.86214e+007 2.8628e+007 2.86333e+007 2.86377e+007 2.86411e+007 2.8644e+007 2.86463e+007 2.86481e+007 2.86497e+007 2.86509e+007 2.86519e+007 2.86527e+007 2.86534e+007 2.86539e+007 2.86544e+007 2.86548e+007 2.86551e+007 2.86553e+007 2.86555e+007 2.86557e+007 2.86558e+007 2.86559e+007 2.8656e+007 2.86561e+007 2.86561e+007 2.86562e+007 2.86562e+007 2.86563e+007 2.86563e+007 2.86563e+007 2.86563e+007 2.86563e+007 2.86563e+007 2.86564e+007 2.86564e+007 2.86564e+007 2.86564e+007 2.86564e+007 2.86564e+007 2.86564e+007 2.86564e+007 2.86564e+007 2.86564e+007 2.86564e+007 2.86564e+007 2.86564e+007 2.86564e+007 2.86564e+007 2.86564e+007 2.86564e+007 2.86564e+007 2.86564e+007 2.86564e+007 2.86564e+007 2.86564e+007 2.86564e+007 2.86564e+007 2.86564e+007 2.86564e+007 2.86564e+007 2.86564e+007 2.86564e+007 2.86564e+007 2.86564e+007 2.86564e+007 2.86564e+007 2.86564e+007 2.86564e+007 2.86564e+007 2.86564e+007 2.86564e+007 2.86564e+007 2.86564e+007 2.86564e+007 0 0 0 0 0 0 0 0 0 0 0 0 0 0 0 0 0 0 0 0 0 0 0 0 0
#obs survey bio
 2.53466e+006 2.67558e+006 3.24528e+006 2.60726e+006 2.21672e+006 1.64844e+006 1.2379e+006 1.19883e+006 1.12329e+006 726942 768428 951860 634274 753457 809627 475344 557904 493308 561221 367384 652596 566151 430867 497107 654533 385726 505583 380602 559032 632307 559102 803326 569156 738366 489159 601929 534756 822234 645004 669239 510026 612315 734594 703102 575297 670496 565546 811687 777306 784835 856717 820457 751923 872806 953607 816229 1.2448e+006
#pred catch bio
 270095 272952 275332 294581 300244 278932 293583 293271 267270 232639 206899 193527 176191 167107 148265 142062 127288 117749 120429 109784 114140 102206 95625.1 103970 101869 102864 98311.9 95014.7 97140.2 96699.8 101679 94616.1 105130 95779 102640 101054 109682 103031 110296 101613 96494.7 106174 114544 114661 112728 110831 75745.3 92933.8 84219.7 95229.9 110909 101433 117727 119222 134107 137490 119876 141266 143199 145354 148884 153462 158236 162668 166492 169626 172100 173997 175421 176472 177236 177787 178180 178459 178655 178793 178890 178958 179004 179037 179060 179075 179086 179094 179099 179102 179105 179106 179108 179108 179109 179109 179110 179110 179110 179110 179110 179110 179110 179110 179110 179110 179110 179110 179110 179110 179110 179110 179110 179110 179110 179110 179110 179110 179110 179110 179110 179110 179110 179110 179110 179110 179110 179110 179110 179110 179110 179110 179110 179110 179110 179110 179110 179110 179110 179110 179110 179110 179110 179110 179110 179110 179110 179110 179110 179110 179110 179110 179110 179110 179110 179110 179110 179110 179110 179110 179110 0 0 0 0 0 0 0 0 0 0 0 0 0 0 0 0 0 0 0 0 0 0 0 0 0
#obs catch bio
 233514 273991 276206 294004 299827 279331 296136 296006 270136 234802 209598 195400 176832 167535 147817 142894 128061 118031 120800 110411 115030 102064 95536.6 104135 101632 103383 98365.1 95289.3 97526.2 97238.4 102525 94526.2 105002 95166.3 102786 101399 109970 102918 110276 101299 96727.1 106738 114854 114390 112592 110987 75341.7 93154.3 84168.7 95349.7 111362 101516 118007 119425 134327 138036 119720
#pred cpue bio
 2.88279e+006 2.62897e+006 2.38936e+006 2.16523e+006 1.93644e+006 1.71614e+006 1.53271e+006 1.34355e+006 1.1602e+006 1.00731e+006 893046 807149 734062 676665 624709 589537 557613 539428 529925 515111 510995 500157 501156 509668 508692 509907 510053 515818 526741 537062 549449 556541 571486 573558 586391 592759 602308 602297 609918 609250 619350 638230 648605 649582 649317 650557 654057 701111 732868 778128 814933 837165 873966 896213 920560 931607 942288 2.24818e+007 2.086e+007 2.12565e+007 2.18779e+007 2.26715e+007 2.35036e+007 2.42882e+007 2.49813e+007 2.55671e+007 2.60473e+007 2.64325e+007 2.67371e+007 2.69755e+007 2.71612e+007 2.73053e+007 2.74171e+007 2.7504e+007 2.75716e+007 2.76244e+007 2.76658e+007 2.76983e+007 2.77239e+007 2.77443e+007 2.77604e+007 2.77733e+007 2.77836e+007 2.77918e+007 2.77985e+007 2.78038e+007 2.78081e+007 2.78116e+007 2.78144e+007 2.78167e+007 2.78186e+007 2.78201e+007 2.78214e+007 2.78224e+007 2.78232e+007 2.78239e+007 2.78244e+007 2.78249e+007 2.78252e+007 2.78255e+007 2.78258e+007 2.7826e+007 2.78261e+007 2.78263e+007 2.78264e+007 2.78265e+007 2.78265e+007 2.78266e+007 2.78266e+007 2.78267e+007 2.78267e+007 2.78267e+007 2.78268e+007 2.78268e+007 2.78268e+007 2.78268e+007 2.78268e+007 2.78268e+007 2.78268e+007 2.78268e+007 2.78269e+007 2.78269e+007 2.78269e+007 2.78269e+007 2.78269e+007 2.78269e+007 2.78269e+007 2.78269e+007 2.78269e+007 2.78269e+007 2.78269e+007 2.78269e+007 2.78269e+007 2.78269e+007 2.78269e+007 2.78269e+007 2.78269e+007 2.78269e+007 2.78269e+007 2.78269e+007 2.78269e+007 2.78269e+007 2.78269e+007 2.78269e+007 2.78269e+007 2.78269e+007 2.78269e+007 2.78269e+007 2.78269e+007 2.78269e+007 2.78269e+007 2.78269e+007 2.78269e+007 2.78269e+007 2.78269e+007 2.78269e+007 2.78269e+007 0 0 0 0 0 0 0 0 0 0 0 0 0 0 0 0 0 0 0 0 0 0 0 0 0
#obs cpue bio
 1.89897e+006 1.7736e+006 1.8395e+006 3.50705e+006 1.6765e+006 1.2389e+006 1.2253e+006 1.43928e+006 992860 1.29209e+006 721563 767012 1.07613e+006 670264 639640 478467 495294 681328 531846 523060 391951 706832 555536 519563 506117 434449 674090 572070 474428 372473 469721 639144 759244 611383 457205 449008 843852 514721 658980 673994 445862 585103 739281 893936 702748 669087 811584 548569 627044 750770 733718 794190 1.19512e+006 817740 1.06299e+006 897711 945282
#pred surv len freq
 0.00484776 0.00791523 0.0119956 0.0170952 0.023103 0.0297004 0.0363348 0.0423555 0.0472544 0.0508267 0.0531505 0.0544523 0.0549858 0.0549733 0.0545895 0.0539648 0.0531965 0.0523501 0.0514175 0.0502331 0.0484054 0.0453752 0.040664 0.0342165 0.0265969
 0.00519469 0.00843664 0.0127046 0.0179857 0.0241641 0.030933 0.0377523 0.0439599 0.0489979 0.0525865 0.0547394 0.0556702 0.0556881 0.0551189 0.0542443 0.0532603 0.0522673 0.0512766 0.0502015 0.0488177 0.0467347 0.0434632 0.0386297 0.0322577 0.0249152
 0.00535415 0.00873917 0.0132368 0.0188469 0.0254336 0.0326257 0.039788 0.046175 0.0511996 0.0546138 0.0564875 0.0570696 0.0566691 0.0556039 0.0541758 0.0526387 0.0511596 0.0497872 0.0484255 0.0468138 0.0445401 0.0411387 0.0362969 0.0300916 0.0230893
 0.00560361 0.00911871 0.0137642 0.0195337 0.0262985 0.0337071 0.0411388 0.0478331 0.0531447 0.056739 0.0586099 0.0589785 0.0581817 0.0565953 0.054578 0.0524272 0.0503489 0.0484313 0.0466118 0.0446479 0.0421367 0.0386289 0.0338393 0.0278619 0.0212413
 0.00593288 0.00964841 0.0145489 0.0206149 0.0276919 0.0353866 0.0430292 0.0498225 0.0551188 0.0586133 0.060334 0.0605085 0.0594477 0.0574943 0.0549957 0.0522713 0.0495717 0.0470384 0.0446606 0.042244 0.0394293 0.0358044 0.0311074 0.0254267 0.0192588
 0.00624016 0.0101542 0.0153214 0.0217213 0.0291835 0.0372761 0.0452655 0.0522813 0.0576187 0.0609561 0.0623501 0.0620881 0.0605444 0.0581012 0.0551109 0.051875 0.0486292 0.0455234 0.0425858 0.0396836 0.0365278 0.0327693 0.0281807 0.0228384 0.0171739
 0.00642383 0.0104686 0.0158249 0.0224809 0.0302644 0.038722 0.047077 0.0544012 0.059933 0.0633071 0.0645585 0.0639796 0.0619781 0.0589892 0.0554204 0.0516092 0.0478022 0.0441474 0.0406814 0.0373084 0.0338041 0.0298903 0.025386 0.0203611 0.0151811
 0.00662231 0.0108012 0.016345 0.0232468 0.0313304 0.040123 0.04881 0.0564144 0.0621279 0.065551 0.0666997 0.0658631 0.0634612 0.0599584 0.0558036 0.0513792 0.0469686 0.0427433 0.0387573 0.0349418 0.0311194 0.0270714 0.0226601 0.0179518 0.0132491
 0.00688306 0.0112237 0.0169786 0.0241377 0.0325145 0.0416137 0.050584 0.0584044 0.0642284 0.0676336 0.068632 0.067521 0.0647373 0.0607666 0.0560828 0.0510951 0.0461145 0.0413401 0.0368547 0.0326241 0.0285164 0.0243629 0.0200599 0.0156663 0.0114246
 0.00721533 0.0117444 0.0177264 0.0251363 0.0337703 0.043112 0.0522828 0.0602309 0.0660848 0.0694119 0.070228 0.0688445 0.0657152 0.061343 0.0562169 0.0507603 0.0452986 0.0400494 0.0351217 0.0305189 0.0261564 0.0219133 0.0177157 0.0136126 0.00979032
 0.00738922 0.0120446 0.0182093 0.0258624 0.0347875 0.0444309 0.0538566 0.0619549 0.0678211 0.0710261 0.0716167 0.0699428 0.0664876 0.0617696 0.0562838 0.0504548 0.0446106 0.0389768 0.0336815 0.0287606 0.024174 0.0198466 0.0157326 0.0118733 0.00840617
 0.00744935 0.0121518 0.0183899 0.0261515 0.0352272 0.045063 0.0547101 0.0630315 0.0690819 0.0723876 0.0729624 0.0711475 0.0674458 0.0624139 0.0565845 0.0504073 0.0442203 0.0382528 0.0326411 0.0274424 0.0226517 0.0182329 0.0141661 0.0104887 0.00729867
 0.00755705 0.0123182 0.018625 0.0264608 0.0356138 0.0455306 0.0552642 0.063677 0.069819 0.0732051 0.0738298 0.0720104 0.0682298 0.0630373 0.0569766 0.0505211 0.0440357 0.0377718 0.0318826 0.026444 0.0214762 0.0169721 0.0129324 0.00939186 0.00641775
 0.00760101 0.012398 0.0187597 0.026672 0.0359188 0.0459333 0.0557487 0.0642103 0.0703632 0.0737326 0.0743302 0.0724846 0.0686756 0.0634362 0.0572896 0.0506969 0.044025 0.0375407 0.0314214 0.0257708 0.0206385 0.0160446 0.0120069 0.00855859 0.00574275
 0.00778716 0.0126713 0.0191174 0.0270947 0.0363785 0.0464057 0.0562195 0.0646726 0.0708079 0.0741412 0.0746769 0.0727467 0.0688433 0.0635141 0.0572877 0.0506176 0.0438563 0.0372598 0.0310077 0.0252198 0.0199722 0.0153125 0.0112775 0.00790167 0.00521024
 0.00785429 0.0127889 0.0193084 0.0273808 0.0367703 0.0468892 0.05675 0.0651828 0.0712321 0.0744414 0.0748529 0.0728252 0.068857 0.0634853 0.0572245 0.0505175 0.0437094 0.0370512 0.0307206 0.0248441 0.0195139 0.0147997 0.0107567 0.00742492 0.00481882
 0.00789063 0.0128514 0.0194095 0.0275361 0.0369968 0.0472012 0.0571514 0.0656591 0.071745 0.0749318 0.0752552 0.0730882 0.0689607 0.0634439 0.057074 0.050297 0.0434467 0.0367581 0.0303963 0.0244839 0.0191188 0.0143838 0.0103473 0.00705557 0.00451732
 0.00794049 0.0129126 0.0194656 0.027562 0.0369688 0.0471114 0.0570191 0.0655297 0.071675 0.0749668 0.0754108 0.0733435 0.0692664 0.0637412 0.0573152 0.0504566 0.0435208 0.0367547 0.0303253 0.0243528 0.0189358 0.0141628 0.0101101 0.00682856 0.00432414
 0.00799028 0.0129836 0.0195531 0.0276524 0.0370397 0.0471354 0.0569696 0.0653916 0.0714569 0.0747071 0.0751726 0.0731933 0.0692477 0.0638573 0.05753 0.0507127 0.043762 0.0369413 0.0304381 0.0243891 0.0189033 0.0140765 0.00999073 0.00669949 0.00420623
 0.00804107 0.0130734 0.0197004 0.0278758 0.03735 0.0475235 0.0573984 0.0657972 0.0717643 0.0748551 0.0751352 0.0729904 0.0689378 0.0635164 0.0572241 0.050478 0.0435999 0.036829 0.0303453 0.0242918 0.0187903 0.0139489 0.00985811 0.00657479 0.004101
 0.00786597 0.0128185 0.0193731 0.027505 0.0369811 0.047209 0.0571865 0.0657222 0.0718369 0.0750561 0.075418 0.0732947 0.069211 0.0637313 0.0573839 0.0506053 0.0437185 0.0369497 0.0304621 0.0243894 0.0188542 0.0139736 0.00984869 0.0065435 0.00406183
 0.0079723 0.0129471 0.0194867 0.0275459 0.036893 0.0469677 0.0568223 0.0653163 0.0714909 0.0748514 0.0753869 0.073416 0.0694274 0.0639761 0.0576042 0.0507751 0.043838 0.0370332 0.0305249 0.0244383 0.0188882 0.0139891 0.00984533 0.00652595 0.00403779
 0.00805179 0.0130641 0.0196373 0.0277119 0.0370384 0.0470395 0.0567598 0.0650721 0.0710599 0.0742904 0.0748075 0.0729464 0.069162 0.0639422 0.0577634 0.0510519 0.0441552 0.0373356 0.0307845 0.0246466 0.019046 0.0141004 0.00991588 0.00656395 0.00405321
 0.00798078 0.0129645 0.0195166 0.0275859 0.0369253 0.04695 0.0566886 0.0649959 0.0709443 0.0741054 0.0745465 0.0726397 0.0688746 0.0637519 0.0577282 0.0511855 0.0444246 0.0376799 0.0311405 0.0249679 0.019308 0.0142963 0.0100505 0.00664819 0.00410036
 0.00803586 0.0130418 0.0196108 0.0276863 0.0370206 0.0470352 0.0567677 0.0650766 0.0710265 0.0741716 0.0745621 0.0725679 0.0686984 0.06349 0.0574338 0.0509257 0.044253 0.0376162 0.0311698 0.0250543 0.0194133 0.0143927 0.0101243 0.00669701 0.00412842
 0.00799465 0.0129905 0.0195618 0.0276588 0.0370332 0.0470954 0.0568656 0.0651885 0.0711269 0.0742447 0.0746043 0.0725802 0.0686775 0.0634282 0.0573286 0.0507906 0.0441173 0.0375139 0.031123 0.0250641 0.019463 0.0144587 0.0101866 0.00674469 0.0041594
 0.0080367 0.0130419 0.0196091 0.0276821 0.0370151 0.0470333 0.0567783 0.0651104 0.071091 0.0742649 0.0746701 0.0726643 0.0687508 0.0634701 0.0573299 0.0507526 0.0440511 0.0374385 0.03106 0.0250292 0.0194603 0.0144804 0.0102194 0.00677669 0.00418381
 0.00809503 0.0131244 0.0197094 0.027784 0.0370947 0.0470634 0.0567362 0.0649867 0.0708977 0.0740372 0.0744574 0.0725123 0.0686834 0.0634821 0.0573947 0.0508371 0.0441297 0.0374995 0.0311046 0.025066 0.0194974 0.0145209 0.0102606 0.00681342 0.00421207
 0.00803637 0.0130442 0.0196163 0.027694 0.0370244 0.0470208 0.056714 0.0649636 0.0708485 0.073947 0.0743311 0.0723759 0.0685743 0.0634339 0.0574229 0.0509343 0.0442709 0.0376553 0.0312518 0.0251929 0.0196019 0.0146054 0.0103276 0.00686443 0.00424826
 0.00792727 0.0128799 0.0193942 0.0274227 0.0367242 0.0467219 0.0564527 0.0647748 0.0707547 0.0739482 0.0744049 0.0724881 0.0686965 0.0635552 0.0575495 0.0510788 0.04444 0.0378432 0.0314435 0.0253715 0.0197553 0.0147284 0.0104207 0.00693096 0.00429284
 0.00772633 0.0125753 0.0189777 0.0269031 0.0361267 0.0460862 0.0558308 0.064228 0.0703451 0.073725 0.0743903 0.0726707 0.0690354 0.063994 0.0580333 0.0515669 0.044909 0.0382811 0.0318423 0.0257225 0.0200502 0.0149624 0.0105949 0.00705194 0.00437086
 0.00766118 0.0124555 0.0187728 0.0265795 0.0356597 0.0454767 0.0551186 0.0634905 0.0696785 0.0732172 0.0740997 0.0726183 0.0692078 0.0643518 0.0585212 0.0521251 0.045484 0.0388327 0.0323443 0.0261599 0.0204147 0.0152511 0.0108102 0.00720174 0.00446732
 0.00763986 0.0124047 0.0186658 0.0263794 0.0353263 0.0449792 0.0544509 0.0626822 0.0687982 0.0723651 0.073389 0.0721494 0.0690436 0.0645027 0.0589477 0.0527528 0.0462248 0.0396034 0.0330788 0.0268129 0.020961 0.015682 0.0111294 0.00742241 0.00460859
 0.00781096 0.0126589 0.0190021 0.026777 0.0357444 0.0453604 0.0547262 0.0627811 0.0686646 0.0719786 0.0727801 0.0714005 0.0682711 0.0638269 0.0584614 0.0525005 0.0461988 0.0397564 0.033344 0.0271244 0.0212664 0.0159471 0.0113381 0.00757265 0.00470751
 0.00780304 0.0126607 0.0190312 0.0268561 0.0358921 0.0455778 0.054987 0.0630314 0.0688373 0.072013 0.0726409 0.071089 0.0678267 0.0633208 0.057981 0.0521276 0.0459879 0.0397217 0.0334603 0.0273405 0.0215239 0.016197 0.0115485 0.00773047 0.00481403
 0.00770473 0.0125262 0.0188763 0.0267135 0.0358053 0.0455885 0.0551214 0.0632905 0.0691906 0.0724004 0.0729832 0.0713078 0.0678689 0.0631768 0.0576886 0.0517603 0.0456314 0.0394478 0.0333079 0.0273103 0.0215868 0.01631 0.011672 0.0078376 0.00489315
 0.00762475 0.0123902 0.0186626 0.0264039 0.0353957 0.0451032 0.0546213 0.0628652 0.0689325 0.0723698 0.073184 0.0716849 0.0683277 0.0636161 0.0580318 0.051976 0.0457352 0.0394875 0.0333384 0.0273706 0.0216886 0.0164412 0.0118084 0.00795704 0.00498337
 0.00763465 0.012405 0.0186815 0.0264223 0.0354032 0.0450828 0.0545527 0.0627344 0.0687449 0.0721581 0.0730026 0.0715885 0.0683452 0.0637351 0.0582046 0.0521422 0.0458498 0.0395375 0.0333415 0.0273597 0.0216923 0.0164712 0.0118596 0.00801531 0.00503537
 0.00762928 0.0123885 0.0186427 0.0263468 0.0352781 0.0449024 0.0543236 0.0624744 0.0684773 0.0719066 0.07279 0.0714393 0.0682855 0.063784 0.058362 0.0523822 0.0461268 0.0398042 0.0335669 0.0275359 0.0218285 0.0165816 0.0119531 0.00809363 0.00509651
 0.00780152 0.0126409 0.0189703 0.0267254 0.0356679 0.0452573 0.0545991 0.0626345 0.0684998 0.0717879 0.0725468 0.071106 0.0679075 0.0634099 0.0580349 0.0521313 0.0459605 0.0397103 0.0335214 0.0275155 0.0218193 0.0165791 0.0119577 0.00810452 0.0051107
 0.00783005 0.0126977 0.0190738 0.0268954 0.0359163 0.0455754 0.0549499 0.0629571 0.0687286 0.0718759 0.0724811 0.0709075 0.0676189 0.0630811 0.0577121 0.0518504 0.0457441 0.0395653 0.0334403 0.0274814 0.0218136 0.0165875 0.0119716 0.00811975 0.005125
 0.00762644 0.012403 0.0186988 0.026476 0.0355073 0.0452367 0.0547325 0.0628918 0.0688178 0.0720908 0.0727679 0.0712038 0.0678747 0.0632722 0.0578416 0.0519394 0.0458186 0.0396457 0.0335358 0.0275899 0.0219252 0.0166906 0.0120576 0.00818522 0.00517068
 0.00747136 0.0121586 0.0183471 0.0260112 0.0349426 0.0446131 0.0541215 0.0623869 0.0685087 0.0720326 0.0729601 0.0715921 0.0683718 0.0637885 0.05831 0.0523267 0.0461232 0.0398853 0.0337327 0.0277606 0.0220766 0.0168216 0.0121646 0.008266 0.00522656
 0.00749144 0.0121724 0.0183333 0.0259378 0.034776 0.0443311 0.0537277 0.0619165 0.0680256 0.0716153 0.0726823 0.0715016 0.068476 0.0640521 0.0586682 0.0527089 0.0464746 0.0401781 0.0339641 0.0279415 0.0222204 0.0169376 0.0122566 0.00833544 0.00527515
 0.00753078 0.0122345 0.0184217 0.0260506 0.0349013 0.0444432 0.053787 0.0618787 0.0678592 0.0713205 0.0723003 0.0711055 0.0681474 0.0638528 0.0586214 0.0527961 0.0466491 0.0403865 0.0341645 0.0281118 0.0223553 0.017041 0.0123343 0.00839212 0.00531438
 0.0075949 0.012328 0.0185425 0.0261903 0.0350474 0.0445828 0.053908 0.0619672 0.0678965 0.071284 0.0721712 0.0708822 0.0678551 0.0635422 0.0583526 0.0526167 0.0465775 0.0404095 0.0342488 0.0282207 0.0224614 0.01713 0.0124024 0.00844085 0.00534725
 0.00768194 0.0124587 0.0187188 0.0264056 0.0352869 0.0448255 0.054129 0.0621414 0.0680027 0.0713091 0.0721112 0.0707404 0.0676405 0.0632719 0.0580552 0.0523304 0.0463407 0.0402478 0.0341665 0.0282027 0.0224831 0.0171678 0.0124406 0.00847186 0.00536929
 0.00745072 0.0120981 0.0182055 0.0257306 0.03446 0.0438803 0.053128 0.0611745 0.0671745 0.0707165 0.0718208 0.0707744 0.0679742 0.0638428 0.0587813 0.0531311 0.0471529 0.0410301 0.0348938 0.0288568 0.0230473 0.0176289 0.0127931 0.00872168 0.00553221
 0.00748604 0.0121265 0.0181948 0.0256333 0.0342259 0.0434767 0.0525571 0.0604784 0.0664253 0.0699993 0.071217 0.0703504 0.0677735 0.0638798 0.0590382 0.0535629 0.0476988 0.0416284 0.0354924 0.029417 0.0235423 0.0180412 0.0131145 0.00895389 0.00568634
 0.00744716 0.0120669 0.0181099 0.0255165 0.0340638 0.0432455 0.0522249 0.0600174 0.0658308 0.0693057 0.0704999 0.0697099 0.0673066 0.063655 0.0590818 0.0538582 0.0481953 0.0422559 0.0361758 0.030089 0.0241512 0.0185538 0.0135154 0.00924416 0.00587954
 0.00738976 0.0119864 0.0180125 0.0254156 0.0339756 0.0431809 0.0521817 0.0599757 0.0657552 0.0691549 0.0702438 0.0693481 0.066879 0.0632358 0.0587575 0.0536994 0.0482351 0.0424838 0.036546 0.0305371 0.0246117 0.0189737 0.0138614 0.00950331 0.00605613
 0.00741309 0.0120207 0.0180579 0.0254712 0.0340415 0.04326 0.0522789 0.0600936 0.0658858 0.0692732 0.0703084 0.0693125 0.0667111 0.062937 0.0583706 0.053299 0.0479037 0.0422836 0.0365008 0.0306302 0.0247983 0.0191994 0.0140793 0.00968337 0.00618697
 0.00738695 0.0119747 0.0179823 0.0253555 0.0338779 0.0430483 0.0520321 0.0598391 0.0656607 0.0691143 0.0702389 0.0693316 0.0667917 0.0630356 0.0584468 0.0533354 0.0479145 0.0423063 0.0365746 0.0307754 0.0250065 0.01944 0.0143142 0.00988203 0.00633456
 0.00739956 0.0120015 0.0180334 0.0254421 0.0340067 0.0432143 0.0522144 0.0600033 0.0657712 0.0691479 0.0701942 0.0692269 0.0666538 0.0628857 0.0582935 0.0531773 0.0477513 0.0421489 0.0364461 0.0307003 0.0249977 0.0194907 0.0144017 0.00997875 0.00641896
 0.00742115 0.0120309 0.0180678 0.0254771 0.0340391 0.0432467 0.0522552 0.0600629 0.0658531 0.0692425 0.0702793 0.0692772 0.066653 0.0628331 0.0582007 0.0530604 0.0476244 0.0420237 0.0363352 0.0306183 0.0249566 0.0194934 0.0144392 0.0100342 0.00647495
 0.0074493 0.0120863 0.0181683 0.0256427 0.0342851 0.0435727 0.0526381 0.0604595 0.0662126 0.069522 0.0704534 0.0693371 0.0666007 0.0626777 0.0579581 0.0527541 0.047283 0.041677 0.0360104 0.0303376 0.0247356 0.0193387 0.0143467 0.00999061 0.00646266
 0.00732575 0.0119165 0.0179707 0.0254561 0.03416 0.0435563 0.0527599 0.0607217 0.0665889 0.0699623 0.0708944 0.0697171 0.0668735 0.0628201 0.0579699 0.052652 0.0470947 0.0414353 0.0357492 0.0300877 0.0245212 0.0191741 0.0142353 0.00992571 0.00643172
#obs surv len freq
 0.0049606 0.00812706 0.0123649 0.0176887 0.023973 0.0308525 0.037701 0.0437941 0.0485794 0.051854 0.0537351 0.0545082 0.0544942 0.0539924 0.0532645 0.0525241 0.0519156 0.0514729 0.0510571 0.0502989 0.0486163 0.0453786 0.0402089 0.0332761 0.0253619
 0.00517706 0.00847875 0.0128939 0.0184346 0.024966 0.0321023 0.0391853 0.0454534 0.0503244 0.0535803 0.0553373 0.0558874 0.055561 0.0546684 0.0534864 0.0522497 0.0511306 0.0501982 0.0493538 0.0482707 0.0464063 0.0431581 0.038153 0.0315307 0.0240122
 0.00539667 0.00884033 0.0134465 0.0192265 0.026035 0.0334609 0.0408054 0.0472624 0.0522167 0.0554389 0.0570526 0.0573655 0.056723 0.0554459 0.0538186 0.0520846 0.0504314 0.0489556 0.0476008 0.0460964 0.0439608 0.0406408 0.0357808 0.0294918 0.0224223
 0.0056441 0.00924454 0.0140587 0.0200958 0.0272001 0.0349349 0.0425609 0.0492244 0.0542722 0.0574575 0.0589079 0.058949 0.0579494 0.0562518 0.0541558 0.0519134 0.0497188 0.0476828 0.045782 0.0438014 0.0413318 0.037888 0.0331488 0.0272035 0.0206224
 0.00588951 0.00964585 0.0146671 0.0209608 0.0283601 0.0364031 0.0443098 0.0511807 0.0563262 0.0594837 0.060784 0.0605672 0.0592206 0.0571057 0.0545393 0.0517862 0.0490502 0.0464543 0.0440005 0.0415237 0.0386869 0.0350807 0.0304312 0.0248153 0.0187274
 0.00612555 0.0100362 0.0152667 0.0218248 0.0295326 0.0378998 0.0461001 0.0531824 0.0584186 0.0615317 0.0626609 0.0621673 0.0604613 0.0579251 0.0548915 0.0516364 0.0483715 0.0452298 0.0422359 0.039269 0.0360606 0.032278 0.0276996 0.022398 0.0167969
 0.00636541 0.0104266 0.0158557 0.0226581 0.0306465 0.039308 0.0477801 0.0550678 0.0604059 0.0634972 0.06448 0.0637286 0.061675 0.0587254 0.0552338 0.0514913 0.0477189 0.0440583 0.0405525 0.0371196 0.0335535 0.0295943 0.0250729 0.0200623 0.0149222
 0.00663654 0.0108691 0.0165242 0.0236034 0.0319036 0.04088 0.0496214 0.0570813 0.0624598 0.0654525 0.0662149 0.0651487 0.062713 0.0593361 0.0553894 0.0511761 0.0469252 0.0427859 0.0388161 0.0349664 0.0310852 0.0269781 0.0225251 0.0178009 0.013107
 0.00685537 0.0112328 0.0170862 0.0244182 0.0330155 0.0423044 0.0513273 0.0589844 0.0644339 0.0673555 0.0679132 0.0665348 0.0637117 0.0599036 0.0555066 0.0508395 0.0461395 0.0415612 0.0371743 0.0329565 0.0288022 0.0245729 0.020191 0.0157325 0.011447
 0.00705403 0.0115586 0.0175819 0.0251264 0.0339711 0.0435226 0.0527898 0.0606323 0.0661731 0.0690707 0.0694854 0.067855 0.0646923 0.0604843 0.055656 0.0505507 0.0454218 0.0404349 0.0356712 0.0311303 0.0267436 0.0224178 0.0181094 0.0138933 0.00997336
 0.00727462 0.0119174 0.0181222 0.0258873 0.0349793 0.0447796 0.0542588 0.0622362 0.0678064 0.0706211 0.0708523 0.0689581 0.0654717 0.0608991 0.0556827 0.0501825 0.0446674 0.039316 0.0342242 0.0294123 0.0248422 0.0204561 0.0162356 0.0122515 0.00866551
 0.00743366 0.0121821 0.0185316 0.0264814 0.0357901 0.0458178 0.0555001 0.0636172 0.0692338 0.0719909 0.0720677 0.0699416 0.0661684 0.0612751 0.0557213 0.0498801 0.0440304 0.0383616 0.0329835 0.0279371 0.023212 0.0187801 0.0146413 0.0108601 0.00756107
 0.00753418 0.0123462 0.0187807 0.0268374 0.0362736 0.046443 0.056269 0.0645131 0.07022 0.0730124 0.0730568 0.070826 0.0668806 0.06176 0.055941 0.0498139 0.0436727 0.0377204 0.0320819 0.0268183 0.0219443 0.0174573 0.0133727 0.0097481 0.00667649
 0.00761616 0.0124737 0.0189619 0.0270772 0.0365743 0.0468052 0.0566921 0.0649945 0.0707543 0.0735901 0.0736618 0.0714314 0.0674471 0.0622383 0.0562785 0.0499635 0.0436002 0.0374093 0.0315365 0.0260667 0.0210408 0.0164805 0.0124149 0.00889711 0.00599382
 0.0076712 0.0125586 0.0190814 0.0272323 0.0367625 0.0470213 0.0569285 0.0652437 0.0710116 0.0738567 0.0739445 0.0717373 0.0677754 0.0625735 0.0565876 0.0502007 0.0437158 0.0373614 0.0313017 0.0256476 0.02047 0.0158175 0.0117357 0.00827653 0.00548695
 0.00773176 0.0126525 0.0192137 0.0274043 0.0369708 0.047257 0.0571773 0.0654871 0.0712312 0.0740402 0.0740898 0.0718533 0.0678774 0.0626754 0.0566933 0.0502978 0.0437762 0.0373477 0.0311792 0.025398 0.0201005 0.0153631 0.0112515 0.00782209 0.00510888
 0.00776437 0.0127003 0.0192762 0.0274779 0.0370502 0.0473377 0.0572567 0.0655649 0.0713083 0.0741174 0.0741677 0.0719327 0.0679603 0.0627647 0.0567908 0.0504 0.04387 0.0374096 0.0311804 0.0253141 0.0199232 0.0151071 0.0109519 0.0075233 0.00484993
 0.0078108 0.012769 0.0193668 0.0275851 0.0371648 0.0474483 0.0573522 0.0656365 0.0713514 0.0741336 0.0741643 0.0719208 0.0679508 0.0627655 0.0568058 0.0504285 0.0439058 0.0374396 0.0311857 0.0252747 0.0198264 0.0149546 0.010762 0.00732503 0.004672
 0.00783646 0.0128092 0.0194241 0.0276602 0.0372554 0.0475482 0.057451 0.0657209 0.071409 0.0741571 0.0741547 0.0718867 0.0679056 0.0627229 0.056776 0.0504162 0.0439092 0.037451 0.0311919 0.0252603 0.019779 0.0148703 0.0106489 0.00720032 0.00455539
 0.00787889 0.0128711 0.0195043 0.027753 0.0373527 0.0476418 0.0575348 0.0657904 0.0714606 0.0741869 0.0741594 0.0718653 0.0678612 0.0626632 0.0567117 0.0503576 0.0438632 0.0374183 0.0311671 0.0252336 0.01974 0.0148132 0.0105752 0.0071187 0.0044778
 0.00791181 0.0129243 0.0195834 0.0278616 0.0374902 0.0478012 0.0577007 0.0659418 0.0715762 0.0742526 0.0741717 0.07183 0.0677891 0.0625663 0.0566014 0.0502445 0.0437565 0.0373244 0.0310879 0.0251661 0.0196782 0.0147516 0.0105117 0.00705585 0.00442101
 0.00788832 0.0128868 0.0195284 0.0277877 0.0373994 0.0477007 0.0576036 0.0658645 0.0715335 0.0742516 0.0742097 0.0718966 0.0678711 0.0626521 0.0566829 0.0503173 0.043819 0.0373767 0.0311304 0.0251984 0.0196986 0.0147584 0.0105052 0.0070393 0.00439963
 0.00788807 0.0128793 0.0195042 0.0277342 0.0373047 0.0475598 0.0574233 0.0656649 0.0713436 0.0741014 0.0741222 0.0718823 0.0679265 0.0627622 0.056827 0.0504747 0.0439732 0.0375167 0.0312503 0.0252954 0.0197719 0.0148084 0.0105341 0.00705126 0.00440024
 0.00788587 0.0128742 0.0194934 0.0277131 0.0372667 0.0474968 0.0573277 0.065533 0.0711797 0.0739208 0.07395 0.0717476 0.0678536 0.0627631 0.0568981 0.0505997 0.0441293 0.0376815 0.0314056 0.0254296 0.0198791 0.0148873 0.0105868 0.00708212 0.00441529
 0.00790505 0.0129028 0.0195315 0.0277585 0.0373151 0.0475416 0.0573605 0.0655436 0.0711579 0.0738594 0.0738489 0.0716166 0.0677123 0.0626363 0.0568087 0.0505611 0.0441419 0.0377344 0.0314818 0.0255119 0.0199542 0.0149476 0.0106296 0.0071089 0.00442965
 0.00786399 0.0128387 0.0194403 0.0276387 0.0371689 0.0473756 0.0571866 0.0653777 0.0710168 0.0737563 0.0737893 0.0715986 0.0677296 0.0626829 0.0568816 0.0506606 0.0442682 0.0378833 0.0316437 0.0256727 0.0201 0.0150679 0.0107199 0.00717044 0.00446748
 0.00784796 0.012808 0.0193857 0.0275495 0.0370361 0.0471973 0.0569717 0.0651467 0.0707971 0.0735744 0.073665 0.071541 0.0677375 0.0627473 0.0569897 0.0508 0.0444287 0.038057 0.0318227 0.0258476 0.02026 0.0152034 0.0108252 0.00724497 0.00451524
 0.00783535 0.0127846 0.0193449 0.027483 0.0369351 0.047055 0.0567872 0.0649271 0.0705585 0.073341 0.0734643 0.0713988 0.0676711 0.062762 0.0570788 0.0509476 0.0446157 0.0382648 0.0320353 0.0260518 0.0204445 0.0153595 0.0109476 0.00733317 0.00457313
 0.00778759 0.0127113 0.0192425 0.0273508 0.0367748 0.0468705 0.0565839 0.0647129 0.0703441 0.0731394 0.073291 0.0712703 0.0676031 0.062766 0.0571586 0.0510974 0.0448206 0.0385043 0.0322874 0.0262964 0.0206656 0.0155459 0.0110938 0.00743884 0.00464311
 0.00776865 0.0126739 0.0191746 0.0272382 0.036606 0.0466434 0.056311 0.0644203 0.0700643 0.0729013 0.0731128 0.0711596 0.0675607 0.0627905 0.0572479 0.0512479 0.0450241 0.038747 0.0325504 0.0265587 0.0209077 0.0157529 0.0112575 0.00755808 0.00472263
 0.00775684 0.0126551 0.0191466 0.0271977 0.0365479 0.0465601 0.0561938 0.0642635 0.06987 0.0726831 0.0728951 0.0709704 0.067424 0.0627206 0.0572487 0.0513157 0.0451506 0.0389205 0.0327555 0.026777 0.0211198 0.0159419 0.0114117 0.00767308 0.00480074
 0.00770533 0.0125745 0.0190313 0.0270454 0.0363603 0.0463442 0.0559622 0.0640326 0.0696566 0.0725 0.0727503 0.0708692 0.067372 0.0627241 0.0573127 0.0514402 0.0453297 0.0391422 0.0330039 0.0270333 0.021365 0.016159 0.0115889 0.00780572 0.00489123
 0.00770218 0.0125639 0.0190053 0.0269933 0.0362721 0.0462145 0.0557944 0.0638396 0.0694573 0.0723141 0.0725931 0.07075 0.0672948 0.0626903 0.0573236 0.0514975 0.0454334 0.0392887 0.0331838 0.0272323 0.0215657 0.0163442 0.0117451 0.00792582 0.00497501
 0.0076618 0.0125046 0.0189273 0.0269002 0.0361681 0.0461018 0.0556717 0.0637043 0.0693095 0.0721603 0.072447 0.0706285 0.0672131 0.0626574 0.0573416 0.0515636 0.0455425 0.0394342 0.0333574 0.0274225 0.021758 0.0165232 0.0118979 0.00804469 0.00505892
 0.00764386 0.0124731 0.0188761 0.0268231 0.0360617 0.0459688 0.0555226 0.063555 0.0691756 0.0720512 0.0723634 0.070567 0.0671711 0.0626372 0.0573488 0.051604 0.0456187 0.0395444 0.0334955 0.027579 0.0219205 0.0166781 0.012033 0.00815194 0.00513601
 0.00761742 0.0124346 0.0188262 0.0267647 0.0359979 0.0459008 0.0554492 0.063474 0.0690872 0.0719601 0.0722784 0.0704971 0.0671223 0.0626113 0.0573458 0.0516243 0.0456639 0.0396158 0.0335919 0.027695 0.0220468 0.0168031 0.0121454 0.00824351 0.00520329
 0.00760563 0.0124131 0.0187899 0.0267082 0.035918 0.0457992 0.0553342 0.0633589 0.0689854 0.0718804 0.0722227 0.0704629 0.0671063 0.062612 0.0573632 0.051659 0.0457165 0.0396864 0.0336796 0.0277967 0.0221564 0.016912 0.0122443 0.00832501 0.00526393
 0.00760798 0.0124165 0.0187941 0.026712 0.0359186 0.0457924 0.0553144 0.0633216 0.0689295 0.0718099 0.0721465 0.070391 0.0670467 0.0625687 0.0573373 0.0516503 0.045725 0.0397124 0.0337229 0.0278555 0.0222264 0.0169866 0.0123157 0.00838644 0.00531123
 0.00758259 0.0123804 0.0187492 0.0266634 0.0358729 0.0457552 0.0552881 0.0633046 0.0689173 0.0717971 0.072129 0.0703679 0.067021 0.062546 0.0573231 0.0516487 0.0457377 0.0397396 0.0337636 0.0279078 0.0222869 0.0170503 0.0123766 0.00843902 0.00535203
 0.00755229 0.0123298 0.0186712 0.0265518 0.0357258 0.0455785 0.0550982 0.063126 0.0687759 0.0717112 0.0721036 0.0703958 0.0670876 0.062636 0.0574252 0.0517561 0.0458474 0.0398501 0.0338735 0.028015 0.0223886 0.0171428 0.0124562 0.00850274 0.00539895
 0.00755602 0.0123339 0.0186733 0.0265478 0.03571 0.0455444 0.0550404 0.0630431 0.0686724 0.0715991 0.072 0.0703172 0.0670448 0.0626308 0.0574515 0.0518044 0.0459088 0.0399185 0.0339452 0.0280878 0.0224599 0.0172096 0.0125151 0.00855095 0.00543511
 0.00754058 0.0123136 0.0186514 0.0265299 0.0357016 0.0455479 0.0550524 0.0630545 0.0686719 0.0715775 0.0719547 0.0702542 0.0669766 0.062572 0.0574139 0.0517931 0.0459224 0.0399512 0.0339905 0.0281396 0.0225137 0.0172614 0.0125615 0.00858943 0.00546425
 0.00753074 0.0122965 0.018624 0.0264896 0.0356482 0.0454853 0.0549894 0.063003 0.0686413 0.0715703 0.0719646 0.0702699 0.0669876 0.0625743 0.0574109 0.0517929 0.0459325 0.0399756 0.0340283 0.0281867 0.0225646 0.017311 0.0126058 0.0086256 0.0054913
 0.00752635 0.012288 0.0186089 0.0264645 0.0356096 0.045431 0.0549204 0.062924 0.0685617 0.0715018 0.0719182 0.0702513 0.0669957 0.0626016 0.057448 0.0518328 0.0459732 0.0400184 0.0340753 0.0282379 0.0226177 0.0173621 0.0126509 0.00866213 0.00551824
 0.00750513 0.0122552 0.0185626 0.0264039 0.0355352 0.0453445 0.0548248 0.0628241 0.0684642 0.0714149 0.0718508 0.0702119 0.0669901 0.062631 0.0575075 0.0519135 0.0460647 0.0401124 0.0341665 0.0283238 0.0226963 0.0174313 0.0127086 0.00870688 0.0055502
 0.00749899 0.0122431 0.0185404 0.0263671 0.0354796 0.0452689 0.0547324 0.0627227 0.0683636 0.0713246 0.071778 0.0701614 0.0669653 0.062634 0.0575391 0.0519713 0.046143 0.0402032 0.0342614 0.0284157 0.0227802 0.017504 0.0127679 0.00875222 0.00558222
 0.00749899 0.0122431 0.0185404 0.0263671 0.0354796 0.0452689 0.0547324 0.0627227 0.0683636 0.0713246 0.071778 0.0701614 0.0669653 0.062634 0.0575391 0.0519713 0.046143 0.0402032 0.0342614 0.0284157 0.0227802 0.017504 0.0127679 0.00875222 0.00558222
 0.00723403 0.0118266 0.0179417 0.025571 0.0344943 0.0441344 0.0535281 0.0615636 0.0673808 0.0706335 0.0714515 0.0702172 0.0673694 0.0633166 0.0584123 0.0529467 0.0471428 0.0411656 0.0351415 0.0291836 0.0234193 0.0180094 0.0131454 0.00901645 0.00575403
 0.00723114 0.0117868 0.0178176 0.025298 0.0340086 0.043401 0.0525649 0.0604485 0.0662347 0.0695921 0.0706361 0.0697159 0.0672268 0.0635303 0.0589373 0.0537066 0.048046 0.0421214 0.0360717 0.0300293 0.024142 0.0185904 0.0135835 0.00932449 0.0059546
 0.00720054 0.011748 0.0177763 0.0252593 0.0339653 0.043322 0.0523928 0.0601151 0.0656936 0.0688518 0.0697734 0.0688586 0.066516 0.0630802 0.0588091 0.0539012 0.0485131 0.0427776 0.0368215 0.0307835 0.0248306 0.0191684 0.0140316 0.00964503 0.00616549
 0.00717453 0.0117074 0.0177194 0.0251869 0.0338827 0.043238 0.0523153 0.060042 0.0656035 0.0687021 0.0695166 0.0684707 0.0660223 0.0625595 0.0583704 0.0536448 0.0484964 0.0430006 0.0372337 0.0313047 0.0253761 0.0196684 0.0144423 0.00995027 0.00637138
 0.00716138 0.0116901 0.0177005 0.0251713 0.0338754 0.0432421 0.0523303 0.0600638 0.0656242 0.0687088 0.0694882 0.0683787 0.0658403 0.0622803 0.0580226 0.0532939 0.0482256 0.0428786 0.0372888 0.0315168 0.0256888 0.020013 0.0147598 0.0102048 0.00655201
 0.0071389 0.0116567 0.0176564 0.0251192 0.0338206 0.043192 0.0522931 0.0600465 0.0656305 0.068736 0.0695259 0.0684089 0.0658398 0.0622265 0.0579033 0.0531186 0.0480303 0.0427181 0.0372153 0.0315576 0.0258351 0.0202259 0.0149891 0.0104085 0.00670736
 0.00713568 0.0116534 0.0176549 0.0251225 0.0338321 0.0432141 0.0523262 0.0600892 0.0656794 0.068787 0.0695735 0.0684458 0.0658559 0.0622096 0.0578416 0.0530073 0.0478785 0.0425523 0.0370742 0.0314778 0.025835 0.020298 0.0151054 0.0105344 0.00681598
 0.00716601 0.0117039 0.0177329 0.0252349 0.0339832 0.0434024 0.0525416 0.0603127 0.0658869 0.0689548 0.0696839 0.0684894 0.0658314 0.0621207 0.0576948 0.0528104 0.0476427 0.0422961 0.0368245 0.0312659 0.0256862 0.0202219 0.0150923 0.0105618 0.00685884
 0.00715878 0.0116987 0.0177374 0.0252607 0.034043 0.0435057 0.0526909 0.0605006 0.0660974 0.0691661 0.069872 0.0686324 0.0659128 0.0621322 0.0576362 0.0526881 0.0474688 0.0420872 0.0366028 0.0310569 0.0255142 0.0201026 0.015028 0.0105416 0.00686519
 0.00719797 0.0117592 0.0178227 0.0253725 0.0341819 0.043672 0.0528834 0.0607156 0.0663259 0.0693929 0.0700767 0.0687924 0.0660077 0.0621483 0.0575687 0.0525418 0.0472567 0.0418289 0.0363224 0.0307813 0.0252691 0.0199075 0.0148912 0.0104591 0.0068243
#pred catch len freq
 0.00370877 0.00598985 0.00897627 0.0126903 0.0171488 0.0223144 0.0280279 0.033998 0.0398612 0.0452606 0.0499009 0.0535849 0.0562386 0.0579097 0.0587345 0.0588932 0.0585761 0.0579478 0.0570801 0.055848 0.0538542 0.0504991 0.0452622 0.0380878 0.0296068
 0.00401315 0.00644804 0.00960148 0.0134808 0.0181024 0.0234434 0.0293584 0.0355445 0.0415862 0.0470459 0.0515565 0.0549008 0.0570562 0.0581747 0.0585036 0.0582945 0.0577436 0.0569606 0.0559337 0.0544749 0.0521885 0.0485511 0.0431579 0.0360411 0.027838
 0.00417593 0.00673875 0.0100856 0.0142311 0.0191786 0.024863 0.031077 0.0374619 0.0435794 0.0490027 0.0533825 0.0564988 0.0583061 0.0589456 0.0586973 0.0578895 0.0568025 0.0555931 0.0542418 0.0525206 0.0500078 0.0462047 0.0407727 0.0338043 0.0259387
 0.00442914 0.0071247 0.0106233 0.014934 0.0200676 0.0259794 0.0324771 0.0391872 0.0456129 0.0512395 0.0556394 0.0585607 0.0599801 0.0600909 0.059226 0.0577583 0.0560132 0.0541968 0.0523307 0.05021 0.047424 0.043492 0.0381053 0.0313764 0.0239213
 0.00475328 0.00763764 0.0113683 0.0159398 0.0213425 0.0275047 0.0342051 0.0410498 0.0475413 0.0531789 0.0575413 0.0603558 0.0615562 0.0612991 0.0599136 0.0578066 0.0553607 0.0528454 0.0503429 0.0477025 0.0445621 0.040481 0.0351765 0.0287548 0.0217801
 0.00504785 0.00811392 0.0120814 0.0169423 0.0226776 0.0291932 0.0362262 0.0433266 0.0499422 0.0555387 0.0596962 0.0621757 0.0629585 0.0622358 0.0603439 0.057678 0.054614 0.0514403 0.0482889 0.0450809 0.0415335 0.0372755 0.0320618 0.0259858 0.0195413
 0.0052848 0.00850127 0.0126701 0.0177859 0.0238277 0.030689 0.0380781 0.0454999 0.0523472 0.0580327 0.0620973 0.0642907 0.0646182 0.063324 0.0608052 0.0575001 0.0538014 0.0499995 0.0462397 0.0424871 0.038533 0.0340869 0.0289558 0.0232263 0.017318
 0.00553557 0.00890641 0.0132767 0.0186404 0.0249728 0.0321554 0.0398718 0.047589 0.0546555 0.0604404 0.0644501 0.0664148 0.0663419 0.0645026 0.0613403 0.0573472 0.0529616 0.0485046 0.0441441 0.0398779 0.0355514 0.0309416 0.0259052 0.0205245 0.0151484
 0.00581279 0.00934755 0.0139242 0.0195313 0.0261365 0.0336092 0.0416104 0.0495744 0.0568118 0.0626576 0.0665934 0.0683386 0.0679051 0.0655821 0.0618423 0.0572136 0.0521718 0.047075 0.0421279 0.0373702 0.0327001 0.0279516 0.0230202 0.0179801 0.0131125
 0.00612788 0.00983749 0.0146213 0.020454 0.0272916 0.0349931 0.0432055 0.0513418 0.0586867 0.0645506 0.0683978 0.0699404 0.0691948 0.0664646 0.0622425 0.0570788 0.0514735 0.0458122 0.0403345 0.0351256 0.030139 0.025264 0.0204299 0.0157 0.0112921
 0.00630369 0.0101326 0.0150824 0.0211303 0.0282241 0.0361985 0.0446606 0.0529794 0.0604073 0.0662436 0.0699597 0.0712839 0.0702486 0.067171 0.0625552 0.0569613 0.0509004 0.0447742 0.0388485 0.0332483 0.0279797 0.0229848 0.0182254 0.0137565 0.00973994
 0.00639064 0.010278 0.0153109 0.0214728 0.0287186 0.0368857 0.045574 0.0541289 0.0617623 0.0677247 0.0714469 0.0726414 0.0713564 0.0679459 0.0629535 0.0569671 0.0505114 0.0439951 0.0376963 0.0317667 0.0262539 0.0211458 0.0164343 0.0121698 0.00846898
 0.00649548 0.0104393 0.0155377 0.0217703 0.0290913 0.0373416 0.0461265 0.0547939 0.0625507 0.0686318 0.0724414 0.0736594 0.0723068 0.0687272 0.0634763 0.0571705 0.0503668 0.043501 0.0368726 0.0306562 0.0249293 0.0197141 0.0150266 0.0109144 0.00745867
 0.00655971 0.0105471 0.0157057 0.0220152 0.0294253 0.0377665 0.0466294 0.0553489 0.0631288 0.0692117 0.0730139 0.0742219 0.0728494 0.0692211 0.0638711 0.0574037 0.0503801 0.0432547 0.0363554 0.0298893 0.0239682 0.0186458 0.0139583 0.00995117 0.00667766
 0.00670768 0.0107635 0.0159878 0.0223477 0.0297882 0.0381466 0.0470252 0.0557659 0.0635676 0.0696579 0.0734392 0.0745949 0.0731485 0.0694387 0.0640054 0.0574463 0.0503088 0.0430385 0.0359681 0.0293257 0.0232549 0.0178418 0.0131449 0.00921168 0.00607453
 0.00678456 0.0108922 0.0161868 0.0226327 0.0301648 0.0386007 0.0475189 0.0562452 0.0639808 0.0699758 0.0736617 0.0747412 0.0732395 0.0694855 0.0640081 0.0573974 0.0501957 0.042844 0.0356736 0.0289201 0.0227459 0.0172632 0.0125517 0.00866546 0.00562441
 0.00678895 0.0109052 0.0162184 0.0226988 0.0302867 0.0388016 0.0478167 0.0566417 0.0644522 0.070471 0.0741136 0.0750893 0.0734508 0.069561 0.0639729 0.0572824 0.0500226 0.0426201 0.0353952 0.0285813 0.0223489 0.0168261 0.0121087 0.00825808 0.00528769
 0.00680519 0.0109182 0.016214 0.022658 0.0301941 0.0386573 0.0476452 0.0564914 0.0643812 0.070526 0.0743105 0.0754046 0.0738293 0.0699357 0.0642874 0.0575049 0.0501457 0.0426504 0.0353424 0.0284532 0.0221548 0.0165825 0.0118419 0.00799975 0.00506625
 0.00687251 0.0110159 0.0163379 0.0227937 0.0303165 0.0387344 0.0476449 0.0563924 0.0641871 0.0702737 0.0740653 0.0752384 0.0737917 0.0700341 0.0644868 0.0577462 0.05037 0.042816 0.0354293 0.0284587 0.0220878 0.0164599 0.0116867 0.00783826 0.00492164
 0.0068855 0.0110456 0.016398 0.0229006 0.0304835 0.0389618 0.0479124 0.0566581 0.0643968 0.0703781 0.0740394 0.0750937 0.0735745 0.0698086 0.0643094 0.0576442 0.0503361 0.0428192 0.0354326 0.0284349 0.0220255 0.0163625 0.0115683 0.00771683 0.00481379
