SBPRF35
8.62255
Curr Bio
651881
B35
559446
F35
0.203095
FOFL
0.203095
OFL
114384
Bzero
2.46358e+006
#pred survey bio
 3.82201e+006 2.55681e+006 2.20148e+006 2.02073e+006 1.85388e+006 1.67841e+006 1.50021e+006 1.32808e+006 1.16138e+006 1.05627e+006 946858 821396 747335 709153 643697 597261 574947 560087 540183 513654 525697 514243 506835 489622 501855 512306 518715 549279 583499 629476 621337 539450 496304 483687 509159 545518 581446 564185 537764 561733 576154 573636 576900 600640 607772 598376 578644 554066 556983 551432 552453 577090 598478 590190 603856 660022 1.66186e+007 1.5014e+007 1.5039e+007 1.54228e+007 1.60192e+007 1.66784e+007 1.73017e+007 1.78395e+007 1.82773e+007 1.86202e+007 1.8882e+007 1.90786e+007 1.92248e+007 1.9333e+007 1.94129e+007 1.9472e+007 1.95159e+007 1.95485e+007 1.9573e+007 1.95914e+007 1.96053e+007 1.96158e+007 1.96238e+007 1.963e+007 1.96347e+007 1.96384e+007 1.96412e+007 1.96434e+007 1.96451e+007 1.96464e+007 1.96474e+007 1.96482e+007 1.96488e+007 1.96493e+007 1.96497e+007 1.965e+007 1.96502e+007 1.96504e+007 1.96505e+007 1.96506e+007 1.96507e+007 1.96508e+007 1.96508e+007 1.96509e+007 1.96509e+007 1.96509e+007 1.9651e+007 1.9651e+007 1.9651e+007 1.9651e+007 1.9651e+007 1.9651e+007 1.9651e+007 1.9651e+007 1.9651e+007 1.9651e+007 1.9651e+007 1.9651e+007 1.9651e+007 1.9651e+007 1.9651e+007 1.9651e+007 1.9651e+007 1.9651e+007 1.9651e+007 1.9651e+007 1.9651e+007 1.9651e+007 1.9651e+007 1.9651e+007 1.9651e+007 1.9651e+007 1.9651e+007 1.9651e+007 1.9651e+007 1.9651e+007 1.9651e+007 1.9651e+007 1.9651e+007 1.9651e+007 1.9651e+007 1.9651e+007 1.9651e+007 1.9651e+007 1.9651e+007 1.9651e+007 1.9651e+007 1.9651e+007 1.9651e+007 1.9651e+007 1.9651e+007 1.9651e+007 1.9651e+007 1.9651e+007 1.9651e+007 1.9651e+007 1.9651e+007 1.9651e+007 1.9651e+007 1.9651e+007 0 0 0 0 0 0 0 0 0 0 0 0 0 0 0 0 0 0 0 0 0 0 0 0 0
#obs survey bio
 4.4965e+006 2.08515e+006 2.81639e+006 1.53113e+006 2.11504e+006 1.85856e+006 1.16963e+006 1.44094e+006 1.03924e+006 982029 1.19054e+006 697045 721500 613903 666010 663895 523383 757418 537766 431557 565666 466740 553028 405256 583863 437677 492644 563338 497618 808527 729738 403746 437130 480827 545726 540964 738892 615676 331011 594614 659050 610684 480904 530531 947812 662544 445752 528641 580172 459671 454156 595506 770691 669305 605677 719184
#pred catch bio
 470943 272720 260430 302535 307209 293763 280696 285927 249696 259482 255135 203890 171520 185052 149861 131029 126577 123258 122398 97567.4 118675 113031 114665 102878 95428.4 110039 98046 102007 94393.4 92897.1 97174.1 91278.9 91469.4 89030 88179 82420.7 86652.4 86714.6 85625.2 88654.6 90882.2 86402 93329.8 99686.6 98091.3 93520 106912 84702.8 90027.9 87328.8 87528.2 68390 105099 104758 85244.7 89604.8 114384 112764 111601 113255 116940 121210 125233 128633 131313 133326 134785 135816 136529 137015 137342 137560 137704 137799 137861 137902 137928 137945 137956 137963 137968 137971 137972 137974 137974 137975 137975 137975 137976 137976 137976 137976 137976 137976 137976 137976 137976 137976 137976 137976 137976 137976 137976 137976 137976 137976 137976 137976 137976 137976 137976 137976 137976 137976 137976 137976 137976 137976 137976 137976 137976 137976 137976 137976 137976 137976 137976 137976 137976 137976 137976 137976 137976 137976 137976 137976 137976 137976 137976 137976 137976 137976 137976 137976 137976 137976 137976 137976 137976 137976 137976 137976 137976 137976 137976 137976 0 0 0 0 0 0 0 0 0 0 0 0 0 0 0 0 0 0 0 0 0 0 0 0 0
#obs catch bio
 234633 272345 260358 303336 307482 293669 280312 286101 249582 260195 255272 203863 171357 185655 149511 130973 126719 123204 122441 97353.4 118914 113052 114460 103345 94994.8 110365 98021.9 102190 94662.5 92704.6 96986.7 91267.6 91509.2 89316.6 88334.4 82408.6 86507 86576.4 85862.2 88660.5 90862.4 86236.3 93523.6 99738.3 98071.8 93295.8 107271 84543.5 90073 87248.1 87945.8 67939.9 105388 105019 85161.4 89571.5
#pred cpue bio
 3.77527e+006 2.52288e+006 2.16975e+006 1.98895e+006 1.82204e+006 1.64698e+006 1.46954e+006 1.2984e+006 1.13284e+006 1.02815e+006 919585 795783 722584 684877 620829 575695 553986 539478 520253 494487 506220 495075 487980 471345 483216 493564 499597 529165 562270 606937 599685 520772 477899 463922 487416 522337 557264 541134 515856 538742 552777 550469 553636 576348 583205 574358 555588 531643 534746 529758 530847 554564 575990 567890 580507 634742 1.6006e+007 1.44819e+007 1.44191e+007 1.47269e+007 1.53053e+007 1.59616e+007 1.65844e+007 1.71222e+007 1.756e+007 1.79029e+007 1.81647e+007 1.83613e+007 1.85075e+007 1.86157e+007 1.86956e+007 1.87547e+007 1.87986e+007 1.88312e+007 1.88557e+007 1.88741e+007 1.8888e+007 1.88985e+007 1.89065e+007 1.89127e+007 1.89174e+007 1.89211e+007 1.89239e+007 1.89261e+007 1.89278e+007 1.89291e+007 1.89301e+007 1.89309e+007 1.89315e+007 1.8932e+007 1.89324e+007 1.89327e+007 1.89329e+007 1.89331e+007 1.89332e+007 1.89333e+007 1.89334e+007 1.89335e+007 1.89335e+007 1.89336e+007 1.89336e+007 1.89336e+007 1.89337e+007 1.89337e+007 1.89337e+007 1.89337e+007 1.89337e+007 1.89337e+007 1.89337e+007 1.89337e+007 1.89337e+007 1.89337e+007 1.89337e+007 1.89337e+007 1.89337e+007 1.89337e+007 1.89337e+007 1.89337e+007 1.89337e+007 1.89337e+007 1.89337e+007 1.89337e+007 1.89337e+007 1.89337e+007 1.89337e+007 1.89337e+007 1.89337e+007 1.89337e+007 1.89337e+007 1.89337e+007 1.89337e+007 1.89337e+007 1.89337e+007 1.89337e+007 1.89337e+007 1.89337e+007 1.89337e+007 1.89337e+007 1.89337e+007 1.89337e+007 1.89337e+007 1.89337e+007 1.89337e+007 1.89337e+007 1.89337e+007 1.89337e+007 1.89337e+007 1.89337e+007 1.89337e+007 1.89337e+007 1.89337e+007 1.89337e+007 1.89337e+007 1.89337e+007 1.89337e+007 1.89337e+007 0 0 0 0 0 0 0 0 0 0 0 0 0 0 0 0 0 0 0 0 0 0 0 0 0
#obs cpue bio
 2.41724e+006 2.30149e+006 1.79134e+006 2.46679e+006 1.73483e+006 1.57479e+006 1.98334e+006 1.18558e+006 1.16163e+006 1.00088e+006 858508 886508 712586 774452 701333 468545 568504 432566 560606 514052 494045 525967 553642 354643 674422 451068 514507 502354 500858 686692 595708 589135 552208 356308 488571 519015 564098 520592 558816 622661 518492 545772 513863 744887 386544 560221 642148 563320 532872 670820 463952 799827 406611 447224 558877 632657
#pred surv len freq
 0.00466464 0.00767386 0.0117344 0.0168797 0.023001 0.0297466 0.0365063 0.0425776 0.0474343 0.0508934 0.0530751 0.0542398 0.0546507 0.0545197 0.0540111 0.0532631 0.052409 0.0515715 0.0508013 0.0499618 0.04863 0.0461461 0.0418892 0.0356807 0.028039
 0.00511385 0.00836398 0.0126994 0.0181277 0.0245178 0.0314999 0.0384407 0.0446032 0.0494196 0.0526758 0.0544913 0.0551681 0.0550477 0.0544321 0.0535521 0.0525619 0.0515539 0.0505711 0.0495831 0.0484155 0.0466833 0.0438382 0.0393967 0.033271 0.025972
 0.00536743 0.00879134 0.0133683 0.0191047 0.0258475 0.0331764 0.0403876 0.0466802 0.0514595 0.0545297 0.0560514 0.0563615 0.0558199 0.0547454 0.0534016 0.0519878 0.0506282 0.0493609 0.048115 0.0466724 0.0446456 0.0415462 0.03699 0.0309676 0.0239937
 0.00550365 0.00903379 0.0137735 0.0197421 0.0267884 0.034473 0.0420479 0.0486497 0.0536201 0.0567161 0.0580813 0.0580693 0.0570819 0.0554886 0.0535984 0.0516474 0.0497892 0.0480809 0.0464546 0.0446843 0.0423849 0.0391017 0.0345103 0.0286499 0.0220289
 0.00571064 0.00937225 0.0142877 0.0204774 0.027787 0.0357642 0.0436356 0.0505028 0.0556685 0.0588538 0.0601726 0.0599597 0.0586161 0.0565338 0.0540639 0.0514931 0.0490225 0.0467457 0.0446198 0.0424377 0.0398369 0.0363975 0.0318349 0.0262082 0.0199979
 0.00597072 0.00979102 0.0149103 0.0213433 0.0289224 0.0371722 0.0452858 0.0523293 0.0575824 0.0607609 0.0619851 0.0615949 0.0599877 0.0575461 0.0546184 0.0515042 0.0484354 0.0455491 0.0428511 0.0401826 0.0372301 0.0336209 0.0291055 0.0237455 0.017975
 0.00623092 0.0102148 0.0155493 0.0222446 0.0301186 0.0386656 0.0470333 0.0542401 0.0595341 0.0626281 0.0636641 0.0630134 0.061099 0.0583143 0.0550022 0.0514506 0.0478857 0.0444576 0.0412093 0.0380407 0.0347087 0.0309079 0.0264324 0.0213415 0.0160131
 0.00643088 0.0105546 0.0160875 0.0230445 0.0312338 0.0401178 0.0487906 0.0562104 0.0615802 0.0645972 0.0654177 0.0644465 0.0621469 0.0589478 0.0552141 0.0512371 0.0472333 0.0433441 0.0396216 0.0360049 0.0323176 0.0283292 0.0238867 0.0190534 0.0141515
 0.00671191 0.0110099 0.0167704 0.0240043 0.0325078 0.0417169 0.0506831 0.0583119 0.0637598 0.0666972 0.0672791 0.0659331 0.0631631 0.0594471 0.0551948 0.0507265 0.0462666 0.04195 0.0378243 0.0338444 0.0298787 0.0257593 0.0213846 0.0168246 0.0123508
 0.00680525 0.0111874 0.0170851 0.024522 0.0332922 0.0428067 0.0520706 0.0599372 0.0655236 0.0684821 0.0689671 0.0674131 0.0643344 0.060226 0.0555235 0.050579 0.0456472 0.0408844 0.036353 0.032026 0.0278043 0.0235648 0.0192435 0.0149149 0.0108066
 0.00694827 0.0114309 0.0174729 0.0251039 0.0341166 0.0439056 0.0534426 0.061536 0.0672581 0.0702293 0.070592 0.0687907 0.0653668 0.0608496 0.0557066 0.0503143 0.044945 0.0397704 0.0348697 0.0302385 0.0258084 0.0214922 0.0172521 0.0131596 0.00939995
 0.0073125 0.0119937 0.0182654 0.0261363 0.0353783 0.0453668 0.0550521 0.0632196 0.0689224 0.071773 0.0719181 0.0698157 0.0660269 0.0611051 0.0555433 0.0497407 0.0439865 0.0384636 0.0332629 0.0283976 0.0238256 0.0194889 0.0153684 0.0115273 0.00810928
 0.00746696 0.012253 0.0186693 0.0267234 0.0361737 0.0463655 0.0562075 0.0644481 0.0701276 0.0728748 0.0728681 0.0705908 0.0666104 0.0614715 0.0556569 0.0495658 0.0434996 0.0376628 0.0321714 0.0270666 0.022336 0.017949 0.0139012 0.0102469 0.00709333
 0.00738553 0.0121403 0.0185379 0.0266016 0.0361034 0.0463954 0.0563838 0.0648033 0.0706696 0.07358 0.0736843 0.0714492 0.0674411 0.0622122 0.0562529 0.0499659 0.0436574 0.0375442 0.0317659 0.0263963 0.0214598 0.0169577 0.0129034 0.00934584 0.00636282
 0.00757222 0.0124226 0.0189235 0.0270843 0.0366668 0.0470181 0.0570424 0.0654724 0.0713208 0.0741821 0.0742058 0.0718619 0.0677234 0.0623521 0.0562471 0.0498147 0.0433587 0.0370914 0.0311538 0.0256334 0.0205796 0.0160219 0.0119927 0.00853999 0.00571827
 0.0077123 0.0126243 0.0191787 0.0273682 0.0369447 0.0472569 0.0572217 0.0655908 0.0713966 0.0742486 0.0743009 0.0720134 0.0679366 0.0626055 0.0564987 0.0500153 0.0434631 0.0370652 0.0309768 0.025303 0.0201157 0.0154695 0.011415 0.00800363 0.00527504
 0.00774945 0.0126875 0.0192774 0.0275098 0.0371279 0.0474658 0.0574233 0.0657428 0.0714646 0.0742255 0.0742141 0.0719164 0.0678865 0.0626396 0.0566206 0.0501953 0.0436499 0.0372022 0.0310173 0.0252204 0.0199098 0.0151665 0.0110614 0.00765319 0.00497288
 0.00770926 0.0126361 0.0192262 0.0274786 0.0371401 0.0475402 0.0575652 0.065939 0.0716846 0.0744285 0.0743624 0.0719896 0.0678912 0.0626067 0.0565907 0.050198 0.04369 0.037258 0.0310514 0.0251967 0.0198082 0.0149907 0.0108374 0.00741845 0.00476276
 0.00776651 0.0127085 0.0192981 0.0275253 0.0371387 0.0474834 0.0574713 0.0658478 0.0716397 0.0744562 0.0744592 0.0721253 0.0680253 0.0627078 0.0566491 0.0502245 0.0437038 0.0372713 0.0310607 0.0251855 0.0197584 0.014895 0.0107046 0.00727021 0.00462378
 0.00795495 0.0129945 0.0196888 0.0280096 0.0376849 0.0480405 0.0579735 0.0662268 0.0718448 0.0744731 0.0743147 0.0718726 0.0677189 0.062385 0.0563267 0.049909 0.0434014 0.0369909 0.0308095 0.0249638 0.0195597 0.0147114 0.0105335 0.0071162 0.0044951
 0.0077464 0.0126919 0.019301 0.0275685 0.0372368 0.0476312 0.0576369 0.065981 0.0716954 0.074419 0.074353 0.0720011 0.0679344 0.0626788 0.0566801 0.0502929 0.0437822 0.037339 0.0311047 0.0251962 0.0197264 0.0148153 0.010583 0.00712499 0.0044798
 0.00774487 0.0126894 0.0192983 0.027569 0.0372489 0.0476699 0.0577209 0.0661243 0.0718951 0.0746476 0.0745628 0.0721418 0.0679757 0.0626224 0.0565553 0.0501402 0.043635 0.0372147 0.0310054 0.0251155 0.0196562 0.0147499 0.0105205 0.00706686 0.00442944
 0.00773119 0.0126635 0.0192529 0.0274958 0.037142 0.0475305 0.0575619 0.0659716 0.0717827 0.0746073 0.0746116 0.0722729 0.0681582 0.0628128 0.0567156 0.0502507 0.0436977 0.0372442 0.0310176 0.0251197 0.0196551 0.0147425 0.0105062 0.00704742 0.00440836
 0.00782158 0.0127975 0.0194299 0.0277055 0.0373653 0.047743 0.0577375 0.0660867 0.0718225 0.0745715 0.0745165 0.0721464 0.0680291 0.0626993 0.0566198 0.0501634 0.0436072 0.0371456 0.0309144 0.0250202 0.0195665 0.0146684 0.0104468 0.00700136 0.00437399
 0.00783053 0.0128051 0.0194286 0.0276838 0.0373108 0.0476471 0.0575999 0.0659173 0.0716395 0.074398 0.0743761 0.0720592 0.0680082 0.0627481 0.0567302 0.0503168 0.0437787 0.0373105 0.0310549 0.0251281 0.0196423 0.0147172 0.0104751 0.00701522 0.00437873
 0.00781887 0.0127726 0.0193548 0.0275422 0.0370764 0.0473082 0.0571683 0.0654311 0.0711554 0.0739773 0.074071 0.071904 0.0680147 0.062907 0.0570149 0.0506892 0.044196 0.0377309 0.0314434 0.0254606 0.0199069 0.0149135 0.0106108 0.00710215 0.00442992
 0.00791374 0.0129311 0.0195992 0.0278899 0.0375291 0.0478382 0.0577111 0.0658934 0.0714426 0.0740269 0.0738755 0.0715101 0.0675039 0.0623685 0.0565234 0.0502918 0.04391 0.0375491 0.0313432 0.0254145 0.0198903 0.0149091 0.0106091 0.00709979 0.00442666
 0.00792298 0.0129288 0.0195654 0.0277999 0.0373652 0.0476049 0.0574434 0.0656481 0.0712734 0.0739583 0.0738927 0.0715718 0.0675684 0.0624146 0.0565558 0.0503316 0.0439789 0.0376576 0.0314863 0.0255754 0.020048 0.015046 0.0107154 0.00717393 0.00447323
 0.00796885 0.0129946 0.0196472 0.0278852 0.0374331 0.0476287 0.0573965 0.0655148 0.0710599 0.0736981 0.0736377 0.0713716 0.0674497 0.0623741 0.056571 0.0503788 0.0440457 0.0377423 0.0315904 0.0256952 0.0201732 0.015163 0.0108128 0.00724625 0.00452115
 0.00780876 0.0127546 0.0193237 0.0274885 0.0369845 0.047155 0.0569261 0.0650753 0.0706778 0.0733982 0.0734429 0.0713026 0.067521 0.0625871 0.0569075 0.0508026 0.0445118 0.0382101 0.0320306 0.0260903 0.0205129 0.0154411 0.0110268 0.00739909 0.00462127
 0.00776325 0.012655 0.0191282 0.0271473 0.0364575 0.0464379 0.0560686 0.064178 0.069863 0.0727703 0.0730619 0.0711804 0.0676358 0.0629018 0.0573806 0.0513904 0.0451677 0.0388854 0.03268 0.0266777 0.0210144 0.0158452 0.0113328 0.00761499 0.00476199
 0.00856409 0.0137952 0.0205427 0.0286681 0.0378541 0.0474873 0.0566176 0.0641711 0.0693383 0.0718391 0.0718802 0.0699159 0.0664344 0.0618646 0.0565591 0.050795 0.0447814 0.038675 0.0326038 0.0266922 0.02108 0.0159302 0.0114155 0.00768334 0.00481163
 0.00916936 0.0148015 0.0220863 0.0308573 0.040707 0.0508544 0.0601375 0.0673176 0.0715709 0.0727898 0.071471 0.0683483 0.0640793 0.059127 0.0537804 0.048212 0.0425275 0.0368032 0.0311137 0.0255515 0.020241 0.0153392 0.0110192 0.00743234 0.0046628
 0.00913351 0.014842 0.0223318 0.031493 0.0419323 0.0528079 0.0628178 0.0705353 0.0749558 0.0758561 0.073729 0.0694351 0.0638619 0.0577309 0.051529 0.0455105 0.0397501 0.0342243 0.0288926 0.0237509 0.0188575 0.0143303 0.0103231 0.00698054 0.00438908
 0.00890481 0.0144927 0.0218552 0.0309173 0.0413379 0.0523408 0.0626843 0.0709589 0.0760937 0.0777061 0.0760787 0.0718937 0.0659707 0.059107 0.0519796 0.0450714 0.0386399 0.0327472 0.0273383 0.0223311 0.0176875 0.0134443 0.00970088 0.00657457 0.00414347
 0.0088587 0.0143816 0.0216231 0.0304955 0.0406701 0.0514226 0.0615982 0.0698845 0.0752785 0.0774017 0.0764605 0.0729891 0.0676241 0.0610065 0.0537468 0.0463831 0.0393259 0.0328219 0.0269578 0.0217101 0.0170199 0.0128587 0.00925441 0.00627049 0.00395614
 0.00871162 0.014155 0.0213033 0.0300729 0.0401344 0.0507599 0.060798 0.0689588 0.0742884 0.0764746 0.0757811 0.0727534 0.0679683 0.0619395 0.0551229 0.0479369 0.0407598 0.0339065 0.027597 0.0219438 0.0169738 0.0126762 0.00904676 0.00609878 0.00383873
 0.00875119 0.0141917 0.0213083 0.0300036 0.0399473 0.0504283 0.060325 0.0683753 0.0736392 0.0758063 0.0751447 0.0722195 0.0676345 0.0619105 0.0554645 0.048627 0.0416752 0.0348589 0.0284044 0.0224958 0.0172566 0.0127511 0.00900381 0.00601565 0.00376184
 0.00883097 0.0143202 0.021497 0.0302563 0.040252 0.0507488 0.0605986 0.0685248 0.0735974 0.075543 0.0746799 0.0716179 0.0669898 0.061329 0.0550477 0.0484494 0.0417565 0.0351489 0.0287969 0.0228705 0.0175269 0.0128892 0.00903337 0.00598374 0.00371138
 0.00867842 0.0141163 0.0212718 0.0300651 0.0401594 0.0508036 0.0608107 0.0688568 0.0739739 0.0758722 0.0748794 0.0716381 0.0668279 0.0610307 0.0546943 0.0481347 0.0415588 0.035106 0.0288944 0.0230511 0.0177181 0.0130355 0.00911348 0.00600723 0.00370223
 0.00868981 0.0141025 0.0211944 0.0298769 0.0398275 0.0503389 0.060286 0.0683926 0.0736922 0.0758413 0.075084 0.0719902 0.0672097 0.0613437 0.0548914 0.0482262 0.0415945 0.0351457 0.0289788 0.0231866 0.0178804 0.0131882 0.00922869 0.00607637 0.0037334
 0.00875653 0.0142059 0.0213381 0.0300545 0.0400166 0.0504981 0.0603602 0.0683321 0.0734815 0.0755192 0.0747362 0.0717117 0.0670592 0.0613196 0.0549442 0.0482945 0.0416396 0.0351639 0.0289906 0.0232144 0.017932 0.0132543 0.00929209 0.00612377 0.003761
 0.00872942 0.0141701 0.0212998 0.0300244 0.0400072 0.0505175 0.0604057 0.0683866 0.0735155 0.0755011 0.0746482 0.0715639 0.0668911 0.0611832 0.0548777 0.0483046 0.0417042 0.0352512 0.0290777 0.0232939 0.0180056 0.0133231 0.00935307 0.00617175 0.00379335
 0.00864691 0.0140575 0.0211703 0.0299043 0.0399287 0.0505079 0.060477 0.0685314 0.0737088 0.0757054 0.0748214 0.0716696 0.0669101 0.0611215 0.0547653 0.0481821 0.0416053 0.0351907 0.0290532 0.0232945 0.0180207 0.0133455 0.00937751 0.00619405 0.00381051
 0.00859003 0.0139683 0.0210433 0.0297397 0.0397363 0.0503101 0.0603092 0.0684348 0.0737161 0.0758256 0.0750325 0.0719244 0.067153 0.061307 0.0548715 0.0482135 0.0415859 0.035151 0.0290173 0.0232744 0.0180175 0.0133542 0.00939203 0.00620925 0.00382317
 0.00858202 0.0139459 0.0209926 0.0296428 0.0395771 0.0500832 0.0600279 0.0681336 0.0734442 0.0756347 0.0749611 0.0719859 0.0673305 0.0615587 0.0551444 0.0484613 0.0417815 0.0352898 0.0291108 0.0233394 0.0180675 0.0133962 0.00942746 0.0062375 0.0038437
 0.008569 0.0139244 0.020959 0.0295921 0.0395023 0.0499753 0.0598781 0.0679381 0.0732106 0.0753863 0.074736 0.0718278 0.0672747 0.0616184 0.0553057 0.0486879 0.0420288 0.0355197 0.0293013 0.0234854 0.0181747 0.0134738 0.0094834 0.00627697 0.00387025
 0.00858911 0.0139805 0.0210852 0.0298308 0.0398882 0.0505133 0.0605251 0.0686039 0.073781 0.0757584 0.0748494 0.0716796 0.0669143 0.0611286 0.0547759 0.0481898 0.0416031 0.0351768 0.0290324 0.023276 0.018013 0.0133524 0.00939713 0.00622018 0.0038361
 0.00842049 0.0137065 0.0206765 0.0292697 0.0391831 0.0497152 0.0597351 0.0679562 0.0734008 0.0757127 0.0751209 0.0721786 0.0675206 0.0617364 0.0553208 0.0486515 0.0419897 0.0355049 0.0293134 0.023513 0.0182047 0.0134986 0.00950152 0.00628982 0.00387943
 0.00850221 0.0138067 0.0207664 0.0293007 0.0390985 0.0494704 0.0593186 0.0674018 0.0727861 0.0751435 0.0747031 0.0719859 0.0675698 0.0619856 0.0556905 0.0490583 0.042373 0.0358354 0.029586 0.023733 0.0183788 0.0136318 0.0095981 0.00635528 0.00392054
 0.00852365 0.0138504 0.0208463 0.0294292 0.0392759 0.0496723 0.05949 0.0674688 0.0726843 0.0748515 0.0742608 0.0714856 0.0671231 0.0616826 0.0555711 0.0491074 0.0425379 0.0360537 0.0298075 0.0239286 0.0185375 0.013753 0.00968572 0.00641484 0.0039582
 0.00838699 0.0136568 0.0206087 0.0291794 0.0390578 0.0495285 0.0594478 0.0675295 0.0728192 0.0750069 0.0743742 0.0715109 0.0670532 0.0615544 0.0554485 0.0490502 0.0425764 0.0361808 0.0299901 0.0241267 0.0187193 0.0139013 0.00979598 0.00649031 0.00400587
 0.00823858 0.0133854 0.0201484 0.0284605 0.0380361 0.048225 0.0579777 0.0660917 0.071642 0.0742721 0.074161 0.0717845 0.0676971 0.0624227 0.0564135 0.050027 0.0435211 0.0370722 0.0308104 0.0248539 0.0193314 0.0143848 0.0101517 0.00673276 0.00415824
 0.0084628 0.013743 0.0206686 0.0291525 0.0388716 0.0491213 0.0587938 0.0666574 0.071817 0.0740084 0.073528 0.0709377 0.0668104 0.0616276 0.0557734 0.0495495 0.0431859 0.0368548 0.0306897 0.0248102 0.0193421 0.0144256 0.0102012 0.00677689 0.00419079
 0.00853485 0.0138767 0.0209 0.0295247 0.0394225 0.0498636 0.059694 0.0676246 0.0727113 0.0746715 0.0738278 0.0708131 0.0662951 0.0608377 0.0548638 0.0486614 0.042413 0.0362377 0.0302305 0.0244905 0.0191357 0.0143041 0.0101375 0.00674807 0.00418013
 0.00818669 0.0133558 0.0202027 0.0286838 0.038507 0.048972 0.0589443 0.0671367 0.0725782 0.0749243 0.0744142 0.0716065 0.0671346 0.0615823 0.0554348 0.0490529 0.0426714 0.0364252 0.0303954 0.0246554 0.0193012 0.0144596 0.0102708 0.00685156 0.00425259
#obs surv len freq
 0.00497087 0.00814169 0.012383 0.0177079 0.0239899 0.0308634 0.0377031 0.043786 0.0485621 0.0518308 0.0537105 0.0544866 0.0544785 0.0539829 0.05326 0.052523 0.0519166 0.0514753 0.0510606 0.0503034 0.0486213 0.0453837 0.0402137 0.0332801 0.025365
 0.00518721 0.00849594 0.0129209 0.0184739 0.0250185 0.0321661 0.0392545 0.0455185 0.0503751 0.0536087 0.0553407 0.0558686 0.0555266 0.0546262 0.0534426 0.052208 0.0510924 0.0501631 0.0493212 0.0482401 0.0463779 0.0431322 0.0381305 0.0315123 0.0239983
 0.00541208 0.00886476 0.0134822 0.0192752 0.0260979 0.0335381 0.0408952 0.04736 0.0523142 0.0555258 0.057118 0.0574007 0.0567241 0.0554152 0.0537631 0.0520135 0.0503531 0.0488759 0.0475229 0.0460219 0.0438908 0.0405768 0.035725 0.0294461 0.0223877
 0.00564161 0.00924157 0.0140562 0.0200957 0.0272045 0.0349462 0.042581 0.0492546 0.0543129 0.0575076 0.058964 0.0590052 0.0579977 0.0562842 0.0541669 0.0519025 0.0496895 0.0476414 0.0457346 0.043753 0.0412856 0.037846 0.0331127 0.0271743 0.0206005
 0.00588416 0.00963751 0.0146553 0.0209456 0.0283423 0.0363847 0.044294 0.0511713 0.0563275 0.0594986 0.0608133 0.0606092 0.0592707 0.0571571 0.0545841 0.0518174 0.0490638 0.0464501 0.043982 0.0414963 0.0386558 0.0350504 0.0304043 0.0247934 0.0187111
 0.0061301 0.0100422 0.0152731 0.0218299 0.0295344 0.0378967 0.0460921 0.053171 0.0584067 0.0615231 0.0626593 0.0621755 0.0604802 0.0579531 0.0549242 0.0516678 0.0483952 0.0452411 0.0422331 0.0392537 0.036037 0.032251 0.0276736 0.0223759 0.01678
 0.00638461 0.0104567 0.0158985 0.0227144 0.0307148 0.0393844 0.0478576 0.0551373 0.0604585 0.0635271 0.0644861 0.0637146 0.0616478 0.0586921 0.0551998 0.0514589 0.047687 0.0440237 0.0405122 0.0370724 0.0335009 0.0295402 0.0250222 0.0200192 0.014889
 0.00663243 0.0108633 0.0165173 0.0235964 0.0318984 0.0408783 0.0496249 0.0570908 0.0624745 0.0654705 0.066233 0.0651639 0.0627236 0.0593425 0.0553933 0.0511797 0.0469293 0.0427895 0.0388168 0.0349619 0.0310746 0.0269624 0.0225069 0.0177833 0.0130923
 0.00682841 0.0111907 0.0170263 0.0243396 0.0329198 0.0421968 0.0512164 0.058882 0.0643531 0.0673063 0.0679006 0.0665573 0.063763 0.0599746 0.0555883 0.0509249 0.0462237 0.0416409 0.037247 0.0330199 0.0288545 0.0246134 0.0202204 0.0157524 0.0114596
 0.00705959 0.0115646 0.0175855 0.025123 0.0339556 0.0434915 0.0527428 0.060573 0.0661084 0.0690089 0.0694347 0.067822 0.0646805 0.0604937 0.0556834 0.0505908 0.0454689 0.0404838 0.0357181 0.0311723 0.0267787 0.022445 0.0181287 0.0139059 0.00998075
 0.0072673 0.0119086 0.0181143 0.0258839 0.0349833 0.0447907 0.0542724 0.0622441 0.0678005 0.0705975 0.0708131 0.0689109 0.0654268 0.0608654 0.0556658 0.0501836 0.0446838 0.0393431 0.0342566 0.0294451 0.0248719 0.0204805 0.0162538 0.0122638 0.00867309
 0.0074454 0.0121994 0.0185545 0.0265091 0.0358219 0.0458533 0.0555396 0.0636602 0.069277 0.0720274 0.0720886 0.0699393 0.0661407 0.0612268 0.0556624 0.0498217 0.0439811 0.0383256 0.0329607 0.0279246 0.0232061 0.0187774 0.0146396 0.0108584 0.0075593
 0.00753097 0.0123426 0.0187782 0.0268381 0.0362795 0.0464551 0.0562863 0.0645337 0.0702416 0.0730333 0.0730762 0.0708421 0.0668899 0.0617591 0.0559281 0.0497908 0.0436445 0.0376933 0.0320607 0.0268047 0.0219376 0.0174553 0.0133728 0.00974881 0.00667698
 0.00761207 0.0124671 0.0189522 0.0270642 0.0365586 0.0467888 0.0566781 0.0649868 0.0707559 0.0736017 0.0736817 0.0714561 0.0674722 0.06226 0.0562935 0.04997 0.0435982 0.0374011 0.0315258 0.0260571 0.0210344 0.0164776 0.0124145 0.00889786 0.00599477
 0.00765839 0.0125406 0.0190594 0.027209 0.0367416 0.0470055 0.0569191 0.0652403 0.0710136 0.0738638 0.0739568 0.0717547 0.0677969 0.0625968 0.0566097 0.0502185 0.0437273 0.0373662 0.031301 0.0256439 0.0204656 0.0158141 0.0117339 0.00827607 0.00548715
 0.00768873 0.0125827 0.0191095 0.0272601 0.0367859 0.0470392 0.0569451 0.0652681 0.0710557 0.0739318 0.0740598 0.0718992 0.0679866 0.0628296 0.0568728 0.0504847 0.0439556 0.0375092 0.0313171 0.0255105 0.0201888 0.0154302 0.0113007 0.00785658 0.00513171
 0.00777979 0.0127183 0.0192902 0.0274769 0.0370214 0.0472707 0.0571478 0.0654198 0.0711419 0.0739512 0.0740256 0.0718353 0.0679202 0.0627837 0.0568606 0.0505059 0.0439948 0.0375377 0.0312997 0.025417 0.0200065 0.0151708 0.0109982 0.00755514 0.00487055
 0.00781303 0.0127756 0.0193818 0.0276125 0.0372059 0.0474981 0.0573976 0.0656585 0.0713324 0.0740652 0.0740526 0.0717852 0.0678175 0.0626594 0.0567432 0.0504142 0.0439339 0.0374975 0.0312585 0.0253491 0.0198932 0.0150089 0.0108027 0.00735324 0.00469018
 0.00784254 0.0128173 0.0194335 0.0276694 0.037264 0.0475574 0.0574639 0.0657396 0.0714318 0.0741758 0.0741569 0.0718616 0.0678503 0.0626461 0.0566949 0.0503498 0.043871 0.0374449 0.0312132 0.0252989 0.0198237 0.0149125 0.0106834 0.00722546 0.004572
 0.007865 0.0128504 0.0194766 0.0277194 0.0373148 0.0476017 0.0574949 0.065754 0.0714318 0.0741702 0.0741571 0.0718756 0.0678776 0.0626775 0.0567187 0.0503585 0.0438647 0.0374286 0.031191 0.0252704 0.0197843 0.0148576 0.0106136 0.00714814 0.00449791
 0.00789842 0.0129004 0.0195435 0.0278002 0.0374037 0.0476907 0.0575746 0.0658147 0.0714657 0.0741735 0.0741329 0.0718329 0.0678289 0.0626334 0.0566838 0.0503311 0.0438399 0.0374019 0.0311604 0.0252351 0.0197433 0.0148103 0.0105608 0.0070933 0.00444684
 0.0079133 0.0129246 0.01958 0.027851 0.0374691 0.047768 0.0576568 0.0658915 0.0715257 0.074208 0.0741379 0.0718106 0.0677861 0.06258 0.0566295 0.0502829 0.0438002 0.0373693 0.0311314 0.0252061 0.0197118 0.0147753 0.0105232 0.00705551 0.00441231
 0.00786983 0.0128559 0.0194807 0.0277188 0.0373063 0.0475837 0.0574682 0.0657218 0.0713987 0.0741408 0.0741362 0.0718685 0.0678898 0.0627131 0.0567773 0.0504338 0.0439461 0.0375039 0.0312492 0.0253027 0.0197845 0.0148238 0.0105498 0.00706528 0.0044113
 0.00787881 0.0128616 0.0194728 0.0276826 0.0372269 0.0474527 0.0572894 0.0655129 0.0711875 0.0739577 0.0740067 0.0718081 0.0679017 0.0627891 0.0569011 0.0505864 0.0441093 0.0376633 0.0313943 0.0254265 0.0198829 0.0148955 0.0105968 0.00709193 0.00442342
 0.00787778 0.0128582 0.019464 0.0276634 0.0371897 0.0473882 0.0571886 0.0653706 0.071007 0.0737544 0.0738071 0.0716436 0.0677999 0.0627654 0.0569558 0.0507059 0.0442719 0.0378452 0.0315747 0.0255895 0.0200188 0.0150002 0.0106707 0.00713916 0.00445034
 0.00787705 0.0128557 0.0194579 0.0276507 0.0371672 0.0473528 0.0571375 0.0653016 0.0709183 0.0736457 0.0736818 0.0715115 0.0676779 0.0626745 0.0569145 0.0507241 0.0443472 0.0379641 0.0317172 0.0257352 0.020151 0.0151085 0.0107513 0.00719353 0.00448337
 0.00784419 0.0128048 0.0193859 0.0275569 0.0370531 0.0472226 0.0569985 0.0651638 0.0707924 0.0735407 0.0736028 0.0714598 0.0676524 0.0626751 0.0569441 0.0507872 0.0444466 0.0380971 0.0318737 0.0258996 0.0203066 0.0152416 0.0108546 0.00726622 0.00452964
 0.00783547 0.0127846 0.0193446 0.0274827 0.0369357 0.0470589 0.0567972 0.0649451 0.0705833 0.0733661 0.0734801 0.0713955 0.0676445 0.0627158 0.0570237 0.0508975 0.0445817 0.0382522 0.0320424 0.0260723 0.0204709 0.0153855 0.0109697 0.00734986 0.00458464
 0.00778843 0.0127116 0.0192411 0.0273461 0.0367652 0.0468553 0.0565643 0.0646923 0.0703271 0.0731304 0.0732921 0.0712795 0.0676148 0.0627732 0.0571567 0.0510871 0.0448072 0.0384951 0.0322877 0.0263074 0.0206844 0.0155679 0.0111144 0.00745552 0.00465499
 0.00777098 0.012679 0.0191844 0.027255 0.0366312 0.0466762 0.0563477 0.0644547 0.0700898 0.0729136 0.0731118 0.071148 0.0675426 0.0627686 0.0572231 0.0512198 0.0449935 0.0387167 0.0325247 0.0265411 0.0208995 0.0157528 0.0112622 0.00756449 0.00472846
 0.00775217 0.0126491 0.0191403 0.0271936 0.0365488 0.0465691 0.0562126 0.064292 0.0699055 0.0727203 0.0729276 0.0709925 0.0674326 0.0627159 0.0572332 0.0512929 0.0451237 0.0388922 0.0327288 0.0267547 0.021104 0.015933 0.0114087 0.00767376 0.00480294
 0.00931115 0.0148286 0.0217653 0.0298826 0.0388262 0.0480419 0.056711 0.0638935 0.0688505 0.0712906 0.0713574 0.069439 0.0659866 0.0614244 0.0561181 0.0503606 0.0443709 0.038308 0.0322959 0.026451 0.0209043 0.0158115 0.0113414 0.00764071 0.00478918
 0.00929589 0.015092 0.0226694 0.0318758 0.0422471 0.0528552 0.06234 0.0693156 0.0729611 0.07334 0.0711986 0.0674675 0.0628689 0.0578131 0.0524916 0.0469994 0.0414074 0.0357876 0.0302195 0.0247964 0.0196351 0.0148807 0.0106939 0.00721728 0.00453107
 0.00897218 0.0145818 0.0219529 0.031001 0.0413829 0.0523267 0.06259 0.0707449 0.0756877 0.0770188 0.0750658 0.070631 0.0646808 0.0580946 0.0515009 0.0452202 0.0393218 0.0337458 0.0284181 0.0233151 0.0184838 0.0140323 0.0101033 0.00683133 0.00429623
 0.00880213 0.014298 0.0215126 0.0303629 0.0405228 0.0512679 0.0614423 0.0697322 0.0751311 0.0772485 0.076271 0.0727182 0.0672409 0.060536 0.053289 0.0460832 0.0393041 0.0331102 0.027487 0.0223505 0.0176423 0.013377 0.0096364 0.00652424 0.00410964
 0.00873646 0.0141854 0.0213317 0.0300878 0.0401267 0.0507299 0.0607593 0.0689345 0.0742994 0.076526 0.0758543 0.0728073 0.0679508 0.0618085 0.0548712 0.0476086 0.040443 0.0336972 0.0275541 0.0220637 0.0171997 0.0129329 0.00927457 0.00626848 0.00394844
 0.00868294 0.0140988 0.0212016 0.0299041 0.0398797 0.0504118 0.0603667 0.0684709 0.0737792 0.0759814 0.0753448 0.0724267 0.0678171 0.062026 0.0554732 0.0485132 0.0414616 0.0346041 0.0281806 0.0223573 0.0172189 0.0127922 0.00908358 0.00609771 0.00382575
 0.00868089 0.0140894 0.0211762 0.0298505 0.039785 0.0502663 0.0601672 0.0682214 0.0734882 0.0756599 0.0750078 0.0721 0.067545 0.0618725 0.0555066 0.048774 0.0419288 0.0351867 0.0287473 0.022792 0.0174668 0.0128694 0.00905011 0.00601943 0.00374843
 0.00867319 0.0140776 0.0211593 0.0298272 0.0397522 0.0502185 0.0600966 0.0681195 0.0733494 0.0754841 0.0748022 0.0718783 0.0673278 0.0616889 0.0553942 0.0487725 0.0420637 0.0354493 0.0290877 0.0231342 0.0177405 0.0130385 0.00912009 0.0060227 0.0037219
 0.00865451 0.0140507 0.0211253 0.0297893 0.0397146 0.050185 0.060068 0.0680933 0.0733194 0.0754418 0.0747391 0.0717896 0.0672157 0.0615647 0.055279 0.0486945 0.042051 0.035519 0.0292343 0.0233272 0.017935 0.0131944 0.009218 0.00606667 0.0037301
 0.00865135 0.0140433 0.0211103 0.0297626 0.0396735 0.0501301 0.0600051 0.0680317 0.0732686 0.0754071 0.0747184 0.0717748 0.0671963 0.0615335 0.0552365 0.0486507 0.0420236 0.0355267 0.0292879 0.0234225 0.0180527 0.0133082 0.00930663 0.0061218 0.00375599
 0.00864561 0.0140375 0.0211078 0.0297679 0.0396903 0.0501581 0.0600387 0.0680615 0.0732851 0.0754053 0.0746992 0.0717429 0.0671564 0.0614877 0.0551853 0.0485959 0.0419715 0.0354882 0.029274 0.0234388 0.018095 0.0133638 0.00936032 0.00616258 0.00378051
 0.00864653 0.0140363 0.0211014 0.0297526 0.0396636 0.0501215 0.0599984 0.068027 0.0732647 0.0754017 0.0747091 0.0717585 0.0671704 0.0614957 0.0551858 0.0485899 0.0419616 0.0354791 0.0292721 0.0234495 0.0181198 0.0133988 0.00939784 0.0061949 0.00380332
 0.00863312 0.0140189 0.0210829 0.0297379 0.0396574 0.0501252 0.0600091 0.0680383 0.0732707 0.0754005 0.0747032 0.0717525 0.0671673 0.0614952 0.0551855 0.048587 0.0419554 0.0354711 0.0292659 0.0234489 0.0181275 0.0134144 0.00941791 0.00621476 0.00381925
 0.00860638 0.0139767 0.0210222 0.0296578 0.0395603 0.0500185 0.0599048 0.0679513 0.0732141 0.0753809 0.0747186 0.0717952 0.0672278 0.0615652 0.0552586 0.0486583 0.0420208 0.0355281 0.0293141 0.0234898 0.0181632 0.0134463 0.00944604 0.00623814 0.00383685
 0.00860964 0.0139793 0.0210211 0.0296484 0.0395376 0.049979 0.0598488 0.0678834 0.0731433 0.0753179 0.0746737 0.0717746 0.0672324 0.0615909 0.0552986 0.0487053 0.0420691 0.0355735 0.0293543 0.0235242 0.0181924 0.0134711 0.00946694 0.00625511 0.00384968
 0.00860964 0.0139793 0.0210211 0.0296484 0.0395376 0.049979 0.0598488 0.0678834 0.0731433 0.0753179 0.0746737 0.0717746 0.0672324 0.0615909 0.0552986 0.0487053 0.0420691 0.0355735 0.0293543 0.0235242 0.0181924 0.0134711 0.00946694 0.00625511 0.00384968
 0.00867823 0.014089 0.021182 0.0298667 0.0398117 0.050295 0.0601775 0.0681835 0.0733704 0.0754388 0.0746751 0.071666 0.0670395 0.0613467 0.0550344 0.048446 0.0418306 0.0353649 0.0291792 0.0233832 0.0180838 0.0133921 0.00941335 0.00622161 0.00383064
 0.00849719 0.0138098 0.0207914 0.0293661 0.039221 0.049655 0.0595505 0.0676457 0.0729948 0.0752737 0.0747303 0.0719135 0.0674275 0.0618165 0.0555342 0.0489365 0.0422858 0.0357692 0.0295248 0.0236674 0.0183081 0.0135612 0.00953434 0.00630321 0.00388209
 0.00850101 0.0137969 0.0207371 0.0292369 0.0389847 0.0492963 0.0590844 0.0671205 0.0724813 0.0748464 0.0744487 0.0718098 0.0675024 0.0620435 0.0558686 0.0493283 0.0426901 0.0361522 0.0298649 0.0239535 0.0185369 0.0137349 0.00965895 0.00638715 0.0039348
 0.0085251 0.0138387 0.0208033 0.0293309 0.0391004 0.0494117 0.0591598 0.067108 0.0723447 0.0745815 0.0740922 0.0714291 0.0671718 0.0618202 0.0557781 0.0493634 0.0428208 0.0363388 0.03007 0.0241489 0.0187052 0.0138684 0.00975723 0.00645434 0.00397732
 0.00851573 0.0138259 0.0207887 0.0293186 0.0390964 0.0494225 0.0591891 0.0671516 0.0723869 0.0745955 0.0740495 0.0713139 0.0669942 0.0616159 0.0555965 0.0492476 0.0427919 0.0363925 0.0301827 0.0242897 0.0188466 0.0139916 0.0098532 0.00652219 0.00402106
 0.00818268 0.0133035 0.0200406 0.0283298 0.0378838 0.0480463 0.0577607 0.0658258 0.0713308 0.0739436 0.073866 0.0715816 0.0676301 0.0625052 0.0566258 0.0503274 0.043861 0.0374099 0.0311167 0.0251125 0.0195357 0.0145353 0.0102542 0.00679668 0.00419434
 0.00854691 0.0138434 0.0207539 0.0291748 0.0387839 0.0489022 0.0584648 0.0662786 0.0714615 0.0737325 0.0733553 0.0708639 0.0668197 0.0617056 0.0559094 0.0497316 0.043397 0.0370736 0.0308955 0.0249875 0.019483 0.0145291 0.0102713 0.00682015 0.00421488
 0.0084751 0.0137793 0.0207522 0.0293127 0.0391322 0.0494846 0.0592273 0.0670926 0.0721649 0.0741861 0.0734857 0.0706758 0.0663808 0.0611171 0.0552762 0.0491391 0.0428998 0.0366949 0.0306349 0.0248294 0.0194045 0.0145047 0.0102774 0.00683861 0.00423408
 0.00833921 0.0135477 0.0203888 0.0287905 0.0384553 0.048713 0.0584855 0.066543 0.071946 0.0743472 0.0739615 0.0713183 0.067027 0.0616512 0.0556555 0.0493828 0.0430583 0.0368196 0.0307598 0.0249672 0.019551 0.0146472 0.0104026 0.00693753 0.00430425
#pred catch len freq
 0.00361117 0.00586175 0.00884 0.0125856 0.0171221 0.0224009 0.0282366 0.034306 0.0402196 0.0456054 0.0501634 0.0536985 0.0561446 0.0575639 0.0581164 0.0580198 0.057518 0.0568405 0.0561187 0.0552532 0.0538082 0.0510712 0.0463643 0.039494 0.0310361
 0.0039484 0.00637764 0.0095584 0.0135131 0.0182553 0.0237332 0.0297542 0.0359706 0.0419491 0.047268 0.0515994 0.0547656 0.0567665 0.0577544 0.0579637 0.0576369 0.0569815 0.0561473 0.0551815 0.0539451 0.0520432 0.0488828 0.0439345 0.0371047 0.0289651
 0.00418325 0.0067638 0.0101468 0.0143515 0.0193766 0.0251394 0.031403 0.0377777 0.0438064 0.0490663 0.0532368 0.0561432 0.0577854 0.0583324 0.0580634 0.0572818 0.0562399 0.0550876 0.0538297 0.0522794 0.0500371 0.0465747 0.0414713 0.0347207 0.026902
 0.00436174 0.00706178 0.0106118 0.0150384 0.0203425 0.0264317 0.0330403 0.0397293 0.0459811 0.0513169 0.0553831 0.0580061 0.0592184 0.0592371 0.0583905 0.0570258 0.0554326 0.0537869 0.0521003 0.0501781 0.0476237 0.0439459 0.0387898 0.032204 0.0247621
 0.00457793 0.00740799 0.011125 0.0157549 0.0212982 0.0276593 0.0345609 0.0415401 0.048042 0.0535414 0.0576364 0.0601151 0.060997 0.0605183 0.059054 0.0570111 0.0547371 0.0524528 0.050201 0.0478096 0.0449075 0.0410414 0.0359008 0.0295567 0.0225534
 0.00483133 0.00780982 0.0117119 0.0165566 0.0223365 0.0289442 0.0360846 0.0432723 0.0499307 0.0555167 0.0596135 0.0619929 0.0626556 0.0618238 0.059872 0.0572279 0.05428 0.0513031 0.0483974 0.0454471 0.0421356 0.038062 0.0329543 0.0268869 0.0203534
 0.00509541 0.00823164 0.0123333 0.0174135 0.023454 0.0303296 0.037717 0.0450965 0.0518613 0.0574519 0.0614512 0.0636417 0.064038 0.0628694 0.0605089 0.0573776 0.0538644 0.0502646 0.0467239 0.0431939 0.039438 0.0351304 0.0300474 0.0242616 0.0182046
 0.005347 0.00864081 0.0129501 0.0182858 0.024621 0.0318084 0.0394872 0.0470908 0.0539692 0.0595367 0.063372 0.0652753 0.0652931 0.0636916 0.0608707 0.057261 0.0532458 0.0491143 0.0450254 0.0409766 0.0368068 0.0322749 0.0272176 0.0217116 0.0161263
 0.00560959 0.00906082 0.013571 0.0191477 0.0257584 0.0332437 0.0412182 0.049076 0.0561198 0.0617194 0.0654249 0.0670338 0.06662 0.0644983 0.0611222 0.0569626 0.0524206 0.0477853 0.0432155 0.0387294 0.0342177 0.0295106 0.0245025 0.019279 0.0141529
 0.0057806 0.00934842 0.0140221 0.0198136 0.0266858 0.0344609 0.0427194 0.0508143 0.0580118 0.0636573 0.0672879 0.0686958 0.0679583 0.0654066 0.0615252 0.0568241 0.0517416 0.0465932 0.0415557 0.0366688 0.0318606 0.0270127 0.0220629 0.0171013 0.0123911
 0.00598921 0.00968579 0.0145279 0.020527 0.0276428 0.0356857 0.0442122 0.0525378 0.0598854 0.0655624 0.0690837 0.0702431 0.0691406 0.0661428 0.0617695 0.0565605 0.0509765 0.0453532 0.0398883 0.0346481 0.0295967 0.0246567 0.0197959 0.0151011 0.0107871
 0.00628137 0.0101353 0.0151583 0.0213473 0.0286516 0.0368766 0.0455729 0.0540429 0.0614863 0.0671824 0.0706208 0.0715812 0.0701678 0.0667697 0.0619414 0.0562584 0.0502108 0.044156 0.0383107 0.0327649 0.0275145 0.0225162 0.0177591 0.0133217 0.00937193
 0.00638494 0.0103116 0.0154381 0.0217636 0.029232 0.0376327 0.0464912 0.0550851 0.0626004 0.0683162 0.0717275 0.072614 0.07107 0.0674716 0.0623682 0.0563449 0.0499158 0.0434696 0.0372571 0.0314033 0.0259395 0.0208544 0.0161549 0.0119093 0.00824445
 0.00640212 0.0103473 0.0155074 0.0218885 0.0294402 0.0379532 0.0469472 0.0556853 0.0633323 0.0691438 0.072597 0.073465 0.0718466 0.0681252 0.0628532 0.056614 0.0499217 0.0431758 0.0366521 0.0305123 0.0248297 0.0196299 0.01494 0.0108221 0.00736819
 0.0065075 0.0105057 0.0157228 0.0221587 0.0297614 0.0383258 0.0473778 0.0561826 0.0638982 0.0697644 0.0732391 0.0740807 0.0723842 0.0685406 0.0631154 0.0567023 0.0498195 0.0428676 0.0361287 0.0297831 0.0239348 0.0186434 0.0139583 0.00994075 0.00665654
 0.00659694 0.010632 0.0158775 0.0223219 0.0299077 0.0384346 0.047443 0.0562173 0.0639337 0.0698425 0.0733991 0.0743445 0.0727445 0.0689594 0.0635337 0.0570554 0.0500503 0.0429334 0.0360047 0.0294664 0.0234493 0.0180423 0.0133168 0.00933817 0.00615494
 0.00663334 0.0106921 0.0159683 0.0224476 0.030065 0.0386078 0.0476032 0.0563294 0.0639716 0.0698052 0.0733176 0.0742725 0.0727375 0.0690517 0.0637238 0.0573067 0.0503028 0.0431219 0.0360754 0.0293889 0.023224 0.0177001 0.0129125 0.00893498 0.00580608
 0.00660135 0.0106517 0.0159294 0.0224273 0.0300841 0.0386839 0.0477425 0.0565216 0.0641886 0.0700074 0.0734663 0.0743462 0.072743 0.0690221 0.0637027 0.0573256 0.0503649 0.0432007 0.0361267 0.0293705 0.0231125 0.0175004 0.0126549 0.00866358 0.00556247
 0.006671 0.0107456 0.0160357 0.0225252 0.0301525 0.0387132 0.0477431 0.0565208 0.0642169 0.0700813 0.0735786 0.0744684 0.07284 0.0690697 0.063699 0.0572888 0.0503203 0.0431637 0.0360934 0.0293215 0.0230261 0.0173672 0.0124845 0.00848003 0.00539351
 0.00674199 0.0108525 0.0161799 0.0227002 0.0303428 0.0388956 0.0478901 0.056608 0.0642336 0.0700376 0.0735029 0.0743941 0.0727879 0.0690404 0.0636777 0.0572591 0.050275 0.0431055 0.0360278 0.0292487 0.0229405 0.0172632 0.0123638 0.00835377 0.00527715
 0.00664812 0.0107217 0.016023 0.0225397 0.0302051 0.0387992 0.0478367 0.0565829 0.0642152 0.0700104 0.073467 0.074366 0.0727929 0.0690991 0.0637952 0.0574219 0.0504576 0.0432813 0.0361769 0.0293599 0.0230091 0.0172896 0.0123535 0.00831799 0.00523019
 0.00663231 0.0106981 0.0159925 0.0225076 0.0301832 0.0388065 0.0478963 0.0567125 0.0644137 0.0702495 0.0736955 0.0745291 0.0728561 0.0690622 0.0636879 0.0572859 0.0503275 0.0431742 0.0360937 0.0292926 0.0229483 0.0172291 0.0122918 0.00825773 0.00517617
