SBPRF35
9.37461
Curr Bio
598965
B35
731335
F35
0.195279
FOFL
0.158306
OFL
76241.6
Bzero
2.67846e+006
#pred survey bio
 4.00672e+006 3.86378e+006 3.71747e+006 3.52211e+006 3.24811e+006 2.97203e+006 2.69881e+006 2.41268e+006 2.13476e+006 1.90768e+006 1.70007e+006 1.53164e+006 1.37183e+006 1.23173e+006 1.0907e+006 978974 876877 778441 728276 702173 684167 656755 640126 615212 601105 595836 595093 595877 587521 591152 583930 579226 581918 578492 569355 560822 544130 542994 542429 541628 554155 559244 563094 563737 564647 567448 571410 579385 577929 577838 571500 551230 531618 564613 622743 686486 690932 657508 606883 604765 2.11754e+007 1.27657e+007 1.30847e+007 1.38991e+007 1.50052e+007 1.61748e+007 1.72592e+007 1.81865e+007 1.8938e+007 1.95253e+007 1.99729e+007 2.03086e+007 2.05576e+007 2.07414e+007 2.08766e+007 2.09762e+007 2.10498e+007 2.11043e+007 2.11449e+007 2.11753e+007 2.11983e+007 2.12156e+007 2.12288e+007 2.12389e+007 2.12467e+007 2.12527e+007 2.12574e+007 2.1261e+007 2.12638e+007 2.1266e+007 2.12677e+007 2.1269e+007 2.12701e+007 2.12709e+007 2.12716e+007 2.12721e+007 2.12725e+007 2.12728e+007 2.1273e+007 2.12732e+007 2.12734e+007 2.12735e+007 2.12736e+007 2.12737e+007 2.12738e+007 2.12738e+007 2.12739e+007 2.12739e+007 2.12739e+007 2.12739e+007 2.12739e+007 2.1274e+007 2.1274e+007 2.1274e+007 2.1274e+007 2.1274e+007 2.1274e+007 2.1274e+007 2.1274e+007 2.1274e+007 2.1274e+007 2.1274e+007 2.1274e+007 2.1274e+007 2.1274e+007 2.1274e+007 2.1274e+007 2.1274e+007 2.1274e+007 2.1274e+007 2.1274e+007 2.1274e+007 2.1274e+007 2.1274e+007 2.1274e+007 2.1274e+007 2.1274e+007 2.1274e+007 2.1274e+007 2.1274e+007 2.1274e+007 2.1274e+007 2.1274e+007 2.1274e+007 2.1274e+007 2.1274e+007 2.1274e+007 2.1274e+007 2.1274e+007 2.1274e+007 2.1274e+007 2.1274e+007 2.1274e+007 2.1274e+007 2.1274e+007 2.1274e+007 2.1274e+007 2.1274e+007 2.1274e+007 2.1274e+007 0 0 0 0 0 0 0 0 0 0 0 0 0 0 0 0 0 0 0 0 0 0 0 0 0
#obs survey bio
 3.54067e+006 3.19633e+006 2.92023e+006 3.41584e+006 3.75301e+006 3.42851e+006 2.0758e+006 2.21269e+006 1.7705e+006 1.36653e+006 1.60864e+006 1.234e+006 1.15054e+006 1.17203e+006 853276 1.02728e+006 872326 415624 624250 698997 645951 699895 524332 528362 503144 578633 672417 629513 477129 680872 673517 402144 504567 488502 686314 1.03192e+006 557825 614152 451858 407940 643141 514260 481212 491656 627067 555949 480680 687312 401032 584299 889600 491496 411000 428356 706013 690210 857427 689597 685890 710656
#pred catch bio
 94091.2 92928.8 140459 223440 242587 259903 292419 305255 277957 276549 254698 256661 244998 247631 221587 211121 203995 159542 137691 129258 134569 122394 126165 113996 104934 100418 98501.8 105156 94356.3 102758 99173.4 91699.8 94952.9 96144.4 91047.8 95261.8 83653.6 87101.3 90226.3 81098.2 88576.9 89825.6 92646.3 92536 91085.8 90254.7 86887.2 94291.8 92285.3 96685 107265 106343 64967.3 49278.6 48957.7 100124 130501 142882 100312 95937.1 76241.6 92681.5 93698.8 98313.3 105658 113662 121043 127240 132134 135834 138543 140479 141836 142774 143415 143849 144141 144336 144465 144551 144608 144645 144670 144686 144696 144703 144708 144711 144713 144714 144715 144715 144716 144716 144716 144716 144716 144716 144716 144716 144716 144716 144716 144716 144716 144716 144716 144716 144716 144716 144716 144716 144716 144716 144716 144716 144716 144716 144716 144716 144716 144716 144716 144716 144716 144716 144716 144716 144716 144716 144716 144716 144716 144716 144716 144716 144716 144716 144716 144716 144716 144716 144716 144716 144716 144716 144716 144716 144716 144716 144716 144716 144716 144716 144716 144716 144716 144716 144716 144716 0 0 0 0 0 0 0 0 0 0 0 0 0 0 0 0 0 0 0 0 0 0 0 0 0
#obs catch bio
 0 92792.3 140918 226015 244910 263128 296938 310555 282447 282239 259923 262604 250943 253281 225632 214405 206680 162059 140189 131270 136410 123830 127962 115206 105828 101361 99298.4 106090 95026.1 104131 99944.9 92810.7 96074.2 97465.2 91658.4 94900.6 83394.5 86650.2 90082.4 81006 88579.3 89515.8 92456.8 92476.1 91047.6 90145.5 86930 93882.6 92047.2 96090.2 106267 105872 64751.8 49279.3 48797.6 100884 130785 143743 100227 95894.4
#pred cpue bio
 3.94612e+006 3.80639e+006 3.66269e+006 3.46823e+006 3.19526e+006 2.92037e+006 2.64847e+006 2.36396e+006 2.0877e+006 1.86177e+006 1.65532e+006 1.48793e+006 1.32955e+006 1.19117e+006 1.05238e+006 942504 842423 746129 696967 671607 654437 628088 612224 588332 574851 569811 569163 570132 562138 565710 558866 554514 557465 554706 546699 539305 522745 520219 518607 517531 529797 534976 538832 539406 540229 542982 546910 554885 553691 553706 547605 527685 507925 539471 596328 659185 663786 630649 580528 578578 2.03106e+007 1.22648e+007 1.2462e+007 1.3145e+007 1.42058e+007 1.5365e+007 1.64474e+007 1.73743e+007 1.81258e+007 1.8713e+007 1.91607e+007 1.94963e+007 1.97454e+007 1.99291e+007 2.00644e+007 2.0164e+007 2.02376e+007 2.02921e+007 2.03327e+007 2.03631e+007 2.0386e+007 2.04034e+007 2.04166e+007 2.04267e+007 2.04345e+007 2.04405e+007 2.04451e+007 2.04487e+007 2.04515e+007 2.04537e+007 2.04554e+007 2.04568e+007 2.04578e+007 2.04587e+007 2.04593e+007 2.04598e+007 2.04602e+007 2.04606e+007 2.04608e+007 2.0461e+007 2.04612e+007 2.04613e+007 2.04614e+007 2.04615e+007 2.04615e+007 2.04616e+007 2.04616e+007 2.04617e+007 2.04617e+007 2.04617e+007 2.04617e+007 2.04617e+007 2.04617e+007 2.04617e+007 2.04617e+007 2.04618e+007 2.04618e+007 2.04618e+007 2.04618e+007 2.04618e+007 2.04618e+007 2.04618e+007 2.04618e+007 2.04618e+007 2.04618e+007 2.04618e+007 2.04618e+007 2.04618e+007 2.04618e+007 2.04618e+007 2.04618e+007 2.04618e+007 2.04618e+007 2.04618e+007 2.04618e+007 2.04618e+007 2.04618e+007 2.04618e+007 2.04618e+007 2.04618e+007 2.04618e+007 2.04618e+007 2.04618e+007 2.04618e+007 2.04618e+007 2.04618e+007 2.04618e+007 2.04618e+007 2.04618e+007 2.04618e+007 2.04618e+007 2.04618e+007 2.04618e+007 2.04618e+007 2.04618e+007 2.04618e+007 2.04618e+007 2.04618e+007 2.04618e+007 2.04618e+007 0 0 0 0 0 0 0 0 0 0 0 0 0 0 0 0 0 0 0 0 0 0 0 0 0
#obs cpue bio
 3.07164e+006 1.72227e+006 3.10529e+006 1.9523e+006 2.72985e+006 1.66221e+006 3.18083e+006 2.28146e+006 1.92658e+006 1.75901e+006 1.218e+006 1.44432e+006 1.08249e+006 1.29813e+006 1.20746e+006 886174 906775 737805 485534 592083 762181 460121 622210 633950 642816 466279 462055 539510 526737 334457 593710 415049 623588 499930 604112 782325 423953 633119 524900 551800 496057 751800 598556 560923 479134 614535 516780 826471 659881 770130 506937 560897 501121 425766 476760 639780 709846 530944 537926 573524
#pred surv len freq
 0.00590658 0.00941817 0.0138525 0.0190832 0.0249274 0.0310959 0.0371488 0.0425759 0.0469848 0.0502434 0.0524672 0.0538966 0.0547777 0.055296 0.0555489 0.0555391 0.0551887 0.0543664 0.0529062 0.050607 0.0472346 0.0425805 0.0366018 0.0295816 0.0221708
 0.00613315 0.00968134 0.0140601 0.0191002 0.0246313 0.0304531 0.0362635 0.0416646 0.0462796 0.0498781 0.0524173 0.0540066 0.0548525 0.0552003 0.0552683 0.0551822 0.0549359 0.0543882 0.0532849 0.0512969 0.048082 0.0433934 0.037231 0.0299692 0.0223464
 0.00645717 0.0101832 0.0147621 0.0199877 0.0256361 0.0314427 0.0370524 0.0420661 0.0461866 0.0493286 0.051587 0.0531196 0.0540664 0.0545462 0.0546817 0.0545917 0.0543397 0.0538671 0.0529502 0.0512145 0.0482266 0.0436602 0.0374942 0.0301426 0.0224096
 0.00665296 0.0105143 0.0152837 0.0207577 0.0266991 0.032803 0.0386441 0.0437357 0.0477086 0.0504577 0.0521355 0.0530261 0.0534147 0.0535175 0.0534669 0.0533239 0.0530866 0.0526711 0.0518657 0.0503053 0.0475317 0.0431679 0.0371499 0.0298838 0.0221966
 0.00692266 0.010937 0.0158922 0.0215776 0.0277505 0.0341009 0.0401893 0.0454968 0.0496007 0.0523292 0.0537753 0.054202 0.0539385 0.053309 0.0525802 0.0519177 0.0513608 0.0508092 0.0500125 0.0485711 0.0459976 0.0418821 0.0361241 0.0291003 0.021623
 0.00719674 0.011369 0.0165174 0.0224205 0.0288227 0.0353972 0.0416842 0.0471439 0.0513376 0.0540813 0.0554503 0.0556769 0.0550557 0.0538987 0.0525098 0.0511442 0.0499533 0.0489296 0.0478678 0.0463658 0.0439043 0.0400277 0.0345853 0.0279045 0.0207556
 0.00748203 0.0118179 0.0171657 0.0232926 0.0299293 0.0367319 0.0432167 0.0488172 0.0530739 0.0557944 0.0570574 0.0570996 0.0562104 0.0546852 0.0528117 0.0508527 0.0490089 0.0473602 0.0458 0.0440015 0.0414751 0.0377482 0.0326176 0.0263394 0.0196105
 0.00782833 0.0123606 0.017945 0.0243329 0.0312366 0.0382896 0.0449792 0.0507074 0.0549904 0.0576285 0.0587094 0.0584883 0.0572722 0.0553655 0.0530523 0.0505862 0.0481701 0.0459173 0.0437925 0.0415616 0.0388171 0.0351244 0.0302603 0.0244101 0.0181741
 0.00825649 0.0130248 0.0188854 0.0255668 0.0327573 0.0400664 0.0469534 0.0527898 0.0570675 0.0595788 0.0604208 0.0598703 0.0582598 0.0559157 0.0531358 0.0501755 0.0472341 0.044432 0.0417689 0.0390812 0.0360495 0.0323102 0.0276572 0.0222258 0.0165165
 0.00861764 0.0135931 0.0197057 0.026668 0.0341482 0.0417291 0.0488352 0.0548009 0.059092 0.0614939 0.0621156 0.061255 0.0592668 0.0564974 0.0532598 0.049819 0.0463786 0.0430655 0.0399014 0.0367727 0.0334348 0.0295988 0.0250955 0.0200324 0.0148228
 0.00895179 0.014122 0.0204752 0.0277116 0.0354825 0.0433452 0.0506889 0.0568074 0.0611336 0.0634389 0.063839 0.062653 0.0602641 0.057047 0.0533376 0.0494155 0.0454915 0.0416979 0.0380725 0.034539 0.0309137 0.0269754 0.022596 0.0178687 0.0131322
 0.00920177 0.0145191 0.021056 0.0285059 0.0365094 0.0446085 0.0521679 0.0584514 0.0628634 0.065156 0.0654371 0.0640291 0.0613277 0.0577273 0.0535871 0.0492085 0.0448194 0.040566 0.0365041 0.0325897 0.0286894 0.0246392 0.0203492 0.0159045 0.0115822
 0.00937105 0.0148036 0.0215013 0.0291598 0.0374121 0.0457759 0.0535767 0.0600347 0.0645222 0.06678 0.0669229 0.0652892 0.0622921 0.0583417 0.0538123 0.0490196 0.0442055 0.0395309 0.0350713 0.030813 0.0266666 0.0225165 0.0183057 0.0141128 0.0101623
 0.00954683 0.0150791 0.021898 0.0296945 0.0380984 0.0466247 0.0545918 0.0612036 0.0658076 0.0681162 0.0682215 0.0664532 0.0632315 0.0589865 0.054116 0.0489556 0.043762 0.0387095 0.033891 0.0293208 0.0249483 0.0207005 0.0165482 0.0125648 0.00892977
 0.0098554 0.015556 0.0225693 0.0305668 0.039158 0.0478375 0.0559029 0.0625407 0.0670913 0.0692752 0.0692015 0.0672159 0.0637483 0.0592328 0.0540717 0.0486075 0.0431063 0.0377524 0.0326532 0.0278446 0.0233083 0.019006 0.0149319 0.0111541 0.00781255
 0.00999744 0.0157957 0.0229458 0.0311204 0.03992 0.0488142 0.0570612 0.0638058 0.0683607 0.0704434 0.0701825 0.0679547 0.0642198 0.0594333 0.0540072 0.0482857 0.0425331 0.0369353 0.0316078 0.0266052 0.0219358 0.0175911 0.0135841 0.00997836 0.00688143
 0.0102189 0.0161337 0.0234145 0.0317216 0.0406472 0.0496583 0.0580101 0.0648367 0.0694309 0.0714859 0.0711128 0.0686875 0.064689 0.0596058 0.0538838 0.0478908 0.0419 0.0360968 0.0305952 0.0254555 0.0207021 0.0163469 0.0124167 0.00897055 0.00608885
 0.0106151 0.016735 0.0242389 0.0327558 0.0418488 0.0509632 0.0593383 0.0660997 0.0705434 0.0723806 0.0717485 0.069046 0.0647658 0.0594042 0.0534158 0.0471809 0.0409851 0.0350214 0.0294062 0.0242011 0.0194356 0.0151302 0.0113169 0.00804686 0.00537688
 0.0106487 0.0168021 0.0243628 0.0329653 0.0421713 0.0514131 0.0599074 0.066755 0.0712357 0.0730574 0.072365 0.0695684 0.0651686 0.0596653 0.053514 0.0470983 0.0407133 0.0345665 0.0287913 0.0234649 0.01863 0.0143158 0.0105567 0.00739518 0.00486774
 0.0105803 0.0166919 0.0242007 0.0327472 0.0419059 0.0511289 0.0596558 0.0666024 0.0712442 0.0732621 0.0727606 0.0701115 0.0657928 0.0602977 0.0540872 0.0475559 0.041013 0.0346832 0.0287205 0.023225 0.01826 0.0138709 0.0100976 0.00697689 0.00452806
 0.0105509 0.0166385 0.0241099 0.0326032 0.0416942 0.0508437 0.0593079 0.0662248 0.0708914 0.0730016 0.0726567 0.0702064 0.0660915 0.0607641 0.0546536 0.0481401 0.0415364 0.0350842 0.0289619 0.0232973 0.0181814 0.0136813 0.00984961 0.00672253 0.00430702
 0.0105759 0.0166839 0.0241859 0.0327193 0.0418532 0.0510339 0.0594989 0.0663725 0.0709526 0.0729535 0.0725103 0.0700059 0.0658995 0.0606392 0.0546291 0.0482136 0.041673 0.0352309 0.0290662 0.0233227 0.0181163 0.0135393 0.00966223 0.0065272 0.00413501
 0.0105148 0.0165899 0.0240549 0.0325534 0.0416622 0.0508363 0.0593208 0.0662409 0.0708855 0.072951 0.0725545 0.0700719 0.0659711 0.0607185 0.0547331 0.0483605 0.0418665 0.035453 0.0292815 0.0234928 0.0182141 0.013559 0.00961868 0.00644758 0.00404754
 0.0106292 0.0167539 0.024261 0.03278 0.0418791 0.0510143 0.0594397 0.0662935 0.0708767 0.0728936 0.0724634 0.0699589 0.0658426 0.0605782 0.0545887 0.0482263 0.04176 0.0353852 0.02925 0.0234809 0.0181998 0.013526 0.00956322 0.00637799 0.00397754
 0.010774 0.0169607 0.0245186 0.0330587 0.0421377 0.0512119 0.059547 0.0662984 0.0707847 0.0727253 0.0722502 0.0697355 0.0656382 0.0604101 0.0544611 0.0481353 0.0417 0.035352 0.0292394 0.0234852 0.0182077 0.0135258 0.00954857 0.00635022 0.00394366
 0.0107775 0.0169741 0.0245525 0.0331248 0.042243 0.0513506 0.0596956 0.0664198 0.0708419 0.072697 0.0721403 0.0695706 0.0654563 0.0602468 0.05434 0.0480647 0.0416756 0.0353629 0.0292725 0.0235284 0.0182501 0.0135586 0.00956667 0.00635351 0.00393638
 0.0106822 0.0168338 0.0243689 0.032911 0.0420217 0.0511499 0.0595436 0.0663379 0.0708374 0.0727594 0.072243 0.0696823 0.0655542 0.0603249 0.0544068 0.0481347 0.0417598 0.0354636 0.029384 0.0236402 0.0183512 0.0136406 0.00962528 0.00638938 0.00395403
 0.0106715 0.016804 0.0243017 0.0327839 0.0418161 0.0508629 0.0591975 0.0659798 0.0705265 0.0725475 0.0721586 0.0697237 0.0656947 0.0605255 0.0546308 0.0483576 0.0419709 0.0356611 0.0295678 0.0238079 0.0184974 0.0137596 0.00971418 0.0064492 0.00398966
 0.0107769 0.0169631 0.0245174 0.0330473 0.0421053 0.0511432 0.0594249 0.0661095 0.0705274 0.0724164 0.0719247 0.0694383 0.0654114 0.0602823 0.0544432 0.0482228 0.0418777 0.0355991 0.0295304 0.0237908 0.0184961 0.0137682 0.00972641 0.00646025 0.00399716
 0.0105842 0.0166898 0.0241804 0.0326878 0.0417771 0.0508944 0.0592812 0.0660692 0.0705669 0.0725018 0.0720243 0.0695331 0.0654995 0.0603754 0.0545567 0.0483656 0.0420472 0.035783 0.0297133 0.0239596 0.0186422 0.0138872 0.00981712 0.0065243 0.00403853
 0.0105888 0.0166834 0.0241463 0.0326059 0.041634 0.0506961 0.0590606 0.0658788 0.0704572 0.0724975 0.0721127 0.0696724 0.0656408 0.0604847 0.0546246 0.0484036 0.0420752 0.0358175 0.029761 0.0240181 0.0187044 0.0139454 0.0098659 0.00656119 0.00406367
 0.010494 0.0165489 0.0239794 0.0324232 0.041454 0.050529 0.058904 0.0657238 0.0703028 0.0723605 0.0720253 0.0696656 0.0657255 0.0606443 0.0548244 0.0486079 0.0422616 0.0359792 0.0299013 0.0241416 0.0188128 0.0140373 0.00993908 0.00661503 0.00409986
 0.0102188 0.0161387 0.0234323 0.0317643 0.0407315 0.0498048 0.0582437 0.065188 0.0699372 0.0721875 0.072043 0.0698549 0.0660607 0.0610969 0.0553608 0.0491875 0.0428406 0.0365194 0.0303772 0.0245417 0.0191356 0.0142872 0.0101232 0.00674256 0.00418195
 0.00982323 0.0155532 0.0226587 0.0308435 0.0397337 0.0488123 0.0573373 0.06444 0.0694072 0.0719155 0.0720416 0.0701077 0.0665274 0.0617245 0.0560942 0.0499748 0.0436345 0.0372775 0.0310638 0.0251318 0.0196168 0.0146588 0.0103941 0.00692785 0.00429981
 0.00962394 0.0152248 0.0221585 0.0301355 0.0388038 0.047688 0.0561023 0.0632279 0.0683699 0.0711805 0.0716805 0.0701295 0.0668921 0.0623632 0.0569267 0.0509211 0.0446216 0.0382426 0.0319561 0.0259135 0.0202647 0.0151652 0.0107654 0.00718191 0.00446094
 0.0104479 0.0163556 0.023474 0.0313901 0.0396947 0.0479635 0.0556535 0.0621183 0.0667982 0.0694113 0.0699766 0.0687022 0.0658727 0.0617955 0.0567794 0.0511136 0.0450522 0.0388104 0.0325732 0.026511 0.020794 0.0155984 0.0110936 0.00741149 0.00460871
 0.0113957 0.0178141 0.0255048 0.0339675 0.0426801 0.051088 0.0585236 0.0642758 0.0678458 0.0691538 0.0684973 0.0663266 0.0630448 0.0589394 0.0542061 0.048992 0.0434275 0.0376439 0.0317843 0.0260074 0.0204913 0.0154278 0.0110041 0.00736828 0.00458977
 0.0113147 0.0177923 0.0256743 0.034517 0.0438022 0.0528939 0.0609613 0.0670982 0.0706468 0.0714639 0.0699066 0.0665982 0.0621809 0.0571717 0.0519104 0.0465662 0.041188 0.0357764 0.0303487 0.0249762 0.0197925 0.0149785 0.0107296 0.00720911 0.0045026
 0.0110806 0.017447 0.0252273 0.0340181 0.0433521 0.0526451 0.0611017 0.0678021 0.0719982 0.0733803 0.0721142 0.068689 0.0637384 0.0579082 0.0517549 0.0456658 0.0398305 0.034279 0.0289642 0.0238486 0.0189627 0.0144181 0.0103787 0.00700429 0.00439099
 0.0109687 0.0172674 0.0249621 0.0336558 0.0428947 0.0521204 0.0605766 0.0673895 0.0718456 0.0736332 0.0728584 0.069892 0.0652227 0.0593843 0.0529124 0.0462845 0.0398542 0.033816 0.0282219 0.0230435 0.0182525 0.0138777 0.0100142 0.00678286 0.00426869
 0.0107531 0.0169374 0.0245037 0.0330696 0.0421951 0.0513347 0.0597472 0.0665795 0.0711423 0.0731452 0.0727018 0.0701619 0.0659529 0.0605104 0.0542631 0.0476193 0.0409416 0.0345134 0.0285151 0.0230265 0.018067 0.0136503 0.00982212 0.00665263 0.00419432
 0.0107697 0.0169453 0.0244804 0.0329826 0.0420102 0.051029 0.0593208 0.0660587 0.0705739 0.0725893 0.0722268 0.0698435 0.0658664 0.060711 0.0547556 0.048336 0.0417478 0.0352492 0.0290541 0.0233196 0.0181459 0.0135948 0.0097154 0.00655143 0.00412249
 0.0108115 0.0170092 0.0245676 0.0330879 0.0421193 0.051116 0.0593496 0.0659903 0.0703805 0.0722685 0.0718095 0.0693902 0.0654554 0.0604222 0.0546525 0.0484456 0.0420453 0.0356582 0.0294707 0.0236517 0.0183462 0.0136692 0.00970502 0.00650444 0.00407348
 0.0108153 0.0170231 0.0246027 0.0331585 0.0422381 0.0512867 0.0595593 0.0662075 0.0705591 0.0723592 0.0717742 0.0692163 0.0651643 0.0600679 0.0543089 0.0481856 0.0419172 0.035669 0.0295845 0.0238065 0.0184818 0.0137505 0.00972914 0.00649015 0.00404448
 0.0107741 0.0169642 0.0245295 0.0330808 0.0421713 0.0512491 0.0595683 0.0662744 0.0706834 0.0725234 0.0719441 0.0693482 0.0652198 0.0600289 0.0541875 0.0480215 0.0417635 0.035571 0.0295614 0.0238468 0.0185529 0.0138179 0.00977185 0.00650526 0.00404094
 0.0107506 0.0169231 0.0244628 0.0329808 0.042034 0.0510793 0.0593835 0.0661039 0.0705612 0.0724774 0.0719855 0.0694666 0.0653844 0.0601988 0.0543256 0.0481083 0.0418033 0.0355866 0.0295804 0.0238858 0.0186112 0.013882 0.00982596 0.00654069 0.00405814
 0.0106162 0.0167302 0.0242197 0.0327103 0.0417661 0.0508391 0.0591839 0.0659462 0.070444 0.0724051 0.0719705 0.0695229 0.0655181 0.0603996 0.0545668 0.0483556 0.0420272 0.0357724 0.029729 0.0240075 0.0187155 0.0139717 0.00989858 0.00659318 0.00409092
 0.0105257 0.016579 0.0239861 0.0323758 0.0413239 0.0503061 0.058607 0.0653967 0.0699975 0.0721173 0.0718637 0.0695886 0.0657298 0.0607247 0.0549712 0.0488028 0.0424798 0.0361966 0.0301014 0.0243174 0.0189631 0.0141625 0.0100393 0.00669081 0.00415324
 0.0105643 0.0166344 0.0240548 0.0324468 0.0413784 0.0503185 0.0585499 0.0652499 0.0697592 0.0718119 0.0715385 0.0692998 0.0655234 0.060625 0.0549787 0.0489012 0.0426429 0.036395 0.0303072 0.0245088 0.0191265 0.0142926 0.0101365 0.00675868 0.00419713
 0.0105176 0.0165711 0.0239823 0.0323792 0.0413311 0.0503008 0.058558 0.0652659 0.0697565 0.0717653 0.0714356 0.0691483 0.0653515 0.0604721 0.0548815 0.0488812 0.0427018 0.0365173 0.0304676 0.0246805 0.0192873 0.0144283 0.0102411 0.00683278 0.00424529
 0.0106715 0.0167877 0.0242468 0.0326583 0.0415838 0.0504951 0.0586829 0.0653297 0.0697744 0.0717449 0.0713709 0.0690257 0.0651627 0.060225 0.0546035 0.0486109 0.0424757 0.036358 0.0303791 0.0246513 0.0192979 0.0144585 0.0102757 0.00686279 0.00426724
 0.0111548 0.0175068 0.0252035 0.0338058 0.0428349 0.0517385 0.0598 0.0662094 0.0703302 0.071933 0.071198 0.0685407 0.0644369 0.0593349 0.0536218 0.0476066 0.0415129 0.0354915 0.0296472 0.0240706 0.0188645 0.0141538 0.0100737 0.00673663 0.0041934
 0.0114562 0.0179938 0.0259281 0.0348069 0.0441212 0.0532668 0.061458 0.0678214 0.0716935 0.0728711 0.0716059 0.0684016 0.0638113 0.0583327 0.052373 0.0462378 0.0401347 0.0341931 0.0284946 0.0231054 0.0181028 0.0135887 0.00968068 0.00648139 0.00403929
 0.0109527 0.0172499 0.0249506 0.0336599 0.0429195 0.0521577 0.0605989 0.067353 0.0717056 0.0733704 0.0725038 0.0695372 0.0649998 0.059416 0.0532506 0.0468727 0.0405406 0.0344144 0.0285876 0.0231235 0.0180882 0.0135679 0.00966592 0.00647498 0.0040387
 0.0104966 0.0165183 0.0238722 0.032186 0.0410477 0.0499626 0.0582558 0.0651316 0.0699182 0.0722899 0.0722887 0.0701927 0.0663859 0.0612921 0.0553411 0.0489298 0.0423877 0.035959 0.0298094 0.0240495 0.0187665 0.0140503 0.00999801 0.00669435 0.00417592
 0.0102695 0.0161435 0.0232965 0.0313534 0.0399076 0.0484866 0.0564625 0.0631091 0.0678341 0.0703795 0.0708174 0.0693968 0.0664069 0.0621318 0.0568579 0.0508803 0.0444952 0.0379814 0.0315811 0.0254913 0.0198697 0.0148498 0.0105485 0.00705343 0.00439636
 0.0105113 0.0165197 0.0238274 0.0320364 0.0407054 0.0493153 0.0571862 0.0635551 0.0678361 0.0698377 0.0697496 0.0679532 0.0648398 0.0607258 0.0558463 0.05038 0.0444862 0.0383362 0.0321265 0.0260697 0.0203762 0.0152387 0.0108181 0.00722528 0.00449812
 0.0107925 0.0169839 0.0245372 0.0330493 0.0420548 0.0509813 0.0590684 0.0654638 0.0695162 0.0710209 0.0702178 0.0675974 0.0636968 0.0589811 0.053792 0.048337 0.042717 0.0369854 0.0312105 0.0255119 0.0200638 0.0150695 0.010723 0.00716737 0.00446121
 0.0106508 0.0168423 0.0244888 0.0332367 0.042635 0.052067 0.0606732 0.0674801 0.071731 0.0731574 0.071985 0.068739 0.06404 0.0584784 0.0525412 0.0465632 0.0407164 0.0350463 0.0295434 0.0242165 0.0191387 0.0144517 0.0103305 0.00692749 0.00432001
 0.00975183 0.0155006 0.022699 0.0310902 0.0403169 0.0498368 0.0588362 0.0663427 0.0715304 0.0739819 0.0737255 0.0711053 0.066637 0.0609092 0.0545007 0.0478982 0.0414368 0.0352897 0.0295056 0.0240778 0.0190161 0.01439 0.0103236 0.00694969 0.00434827
#obs surv len freq
 nan nan nan nan nan nan nan nan nan nan nan nan nan nan nan nan nan nan nan nan nan nan nan nan nan
 0.00448528 0.00734689 0.0111771 0.0159936 0.0216942 0.0279695 0.0342832 0.0400141 0.0446933 0.0481568 0.0505144 0.05201 0.0529021 0.0534143 0.0537285 0.0539833 0.0542618 0.0545545 0.0546932 0.0542851 0.0527232 0.0493554 0.0438053 0.0362855 0.0276693
 0.0046197 0.00756723 0.0115117 0.0164687 0.0223278 0.0287609 0.0352033 0.0410029 0.0456683 0.0490298 0.0512078 0.0524688 0.0530986 0.0533485 0.053423 0.0534759 0.0535963 0.053774 0.0538371 0.0533905 0.0518293 0.0485058 0.0430451 0.0356531 0.027186
 0.00478034 0.00783119 0.0119142 0.0170445 0.0231042 0.0297468 0.0363776 0.0423085 0.0470181 0.05032 0.0523343 0.0533398 0.0536447 0.0535297 0.053232 0.0529358 0.0527534 0.0526887 0.0525763 0.0520253 0.0504354 0.0471644 0.0418368 0.0346444 0.0264137
 0.00498235 0.0081588 0.0124059 0.0177361 0.0240226 0.0309 0.0377439 0.0438311 0.0486108 0.0518802 0.0537562 0.0545232 0.0545015 0.0539898 0.0532506 0.052499 0.0518806 0.0514304 0.0510095 0.0502488 0.0485661 0.0453309 0.0401662 0.0332405 0.0253348
 0.0051837 0.00849348 0.0129231 0.0184857 0.0250447 0.0322089 0.0393118 0.0455843 0.0504417 0.0536701 0.0553933 0.0559109 0.0555577 0.0546443 0.0534457 0.0521948 0.0510631 0.0501196 0.0492664 0.048178 0.0463128 0.0430686 0.0380726 0.0314638 0.023961
 0.00540701 0.00885559 0.013467 0.0192523 0.0260676 0.0335038 0.0408642 0.0473419 0.0523171 0.0555527 0.0571653 0.0574604 0.0567869 0.0554732 0.0538109 0.0520476 0.0503715 0.0488781 0.0475102 0.0459972 0.0438582 0.040541 0.0356903 0.0294159 0.0223641
 0.00564893 0.00925199 0.0140691 0.0201091 0.0272156 0.0349519 0.0425789 0.0492444 0.0542974 0.0574928 0.0589573 0.0590124 0.0580203 0.0563183 0.0542054 0.0519373 0.0497143 0.047652 0.0457298 0.0437341 0.041256 0.0378105 0.0330764 0.0271417 0.0205745
 0.00588758 0.00964428 0.0146676 0.0209658 0.028372 0.0364232 0.0443374 0.0512128 0.0563594 0.0595155 0.0608144 0.0605987 0.059256 0.0571455 0.0545795 0.0518192 0.0490674 0.0464494 0.0439722 0.0414749 0.0386239 0.0350116 0.0303639 0.0247565 0.0186812
 0.00612829 0.0100378 0.0152641 0.0218139 0.0295101 0.0378652 0.0460577 0.0531404 0.0583862 0.0615156 0.0626635 0.0621871 0.0604952 0.0579699 0.0549438 0.0516916 0.0484233 0.0452708 0.04226 0.0392734 0.036047 0.0322516 0.0276673 0.0223662 0.0167701
 0.00637533 0.010443 0.0158805 0.0226927 0.03069 0.0393567 0.0478266 0.055103 0.0604225 0.0634933 0.0644602 0.0637016 0.0616496 0.0587075 0.0552255 0.0514915 0.0477239 0.0440628 0.0405508 0.0371072 0.0335289 0.0295597 0.0250334 0.020024 0.0148899
 0.00661085 0.0108282 0.0164644 0.0235226 0.0318027 0.0407636 0.0494992 0.0569664 0.062365 0.0653871 0.0661821 0.0651473 0.0627399 0.0593881 0.0554631 0.0512672 0.0470276 0.0428922 0.0389184 0.0350575 0.0311602 0.0270348 0.0225644 0.0178258 0.0131213
 0.00682113 0.0111778 0.0170046 0.0243055 0.0328697 0.0421281 0.0511296 0.0587811 0.0642459 0.0672036 0.0678136 0.0664957 0.0637328 0.0599777 0.0556225 0.0509853 0.0463036 0.0417331 0.0373443 0.0331157 0.0289431 0.0246904 0.020283 0.0157997 0.0114925
 0.007032 0.0115194 0.0175168 0.0250255 0.0338262 0.0433311 0.0525585 0.0603782 0.0659206 0.0688461 0.0693116 0.0677487 0.0646615 0.0605287 0.0557671 0.0507145 0.0456215 0.0406535 0.0358937 0.0313436 0.0269371 0.0225837 0.018243 0.0139938 0.0100434
 0.00725906 0.0118924 0.0180848 0.0258342 0.0349066 0.0446826 0.0541337 0.0620817 0.0676267 0.0704277 0.0706635 0.0687958 0.0653569 0.0608468 0.055699 0.0502643 0.0448037 0.0394909 0.03442 0.0296118 0.0250306 0.020622 0.0163717 0.0123551 0.00873832
 0.00744419 0.0121991 0.0185567 0.0265155 0.0358326 0.0458648 0.0555441 0.0636467 0.0692355 0.0719532 0.0719855 0.0698191 0.0660201 0.0611232 0.0555901 0.0497896 0.0439915 0.0383747 0.0330399 0.0280226 0.0233106 0.0188774 0.0147266 0.0109275 0.00760933
 0.007521 0.0123275 0.0187576 0.0268128 0.0362517 0.0464279 0.0562636 0.0645178 0.070232 0.0730254 0.0730623 0.0708148 0.0668468 0.0617044 0.0558725 0.0497472 0.0436243 0.0377027 0.0320994 0.0268668 0.0220134 0.017534 0.013445 0.00980814 0.00672089
 0.00758102 0.0124193 0.0188855 0.0269787 0.0364571 0.0466773 0.0565655 0.0648848 0.0706765 0.0735542 0.0736692 0.0714746 0.067512 0.0623094 0.0563438 0.0500179 0.0436464 0.037455 0.0315901 0.0261325 0.0211171 0.0165606 0.0124901 0.00896019 0.00604114
 0.00767893 0.0125661 0.0190832 0.0272204 0.0367289 0.0469613 0.0568441 0.0651439 0.0709107 0.0737699 0.0738839 0.0717095 0.06778 0.062604 0.0566337 0.0502516 0.0437643 0.0374057 0.0313443 0.0256927 0.0205198 0.0158706 0.0117877 0.00832212 0.00552254
 0.00769549 0.0125963 0.0191343 0.0273002 0.036842 0.0471055 0.0570076 0.0653078 0.0710559 0.0738863 0.0739766 0.0717968 0.0678861 0.0627473 0.0568167 0.0504544 0.0439464 0.0375149 0.0313333 0.0255345 0.0202189 0.015464 0.0113349 0.00788742 0.00515647
 0.00777061 0.0127068 0.0192793 0.0274719 0.0370291 0.047297 0.0571956 0.0654859 0.0712163 0.074018 0.0740675 0.0718401 0.0678862 0.0627204 0.0567846 0.0504335 0.0439372 0.0374992 0.0312793 0.0254116 0.0200123 0.0151841 0.0110153 0.00757264 0.00488577
 0.00780368 0.0127598 0.0193571 0.027577 0.0371599 0.0474454 0.0573467 0.0656213 0.0713203 0.0740838 0.0740989 0.0718468 0.0678778 0.0627038 0.0567645 0.0504145 0.0439218 0.0374832 0.0312495 0.0253488 0.0199011 0.0150226 0.010819 0.00736917 0.00470365
 0.00781961 0.0127834 0.0193885 0.0276155 0.0372043 0.0474953 0.0574023 0.0656822 0.0713837 0.0741442 0.0741494 0.0718825 0.067898 0.0627119 0.0567659 0.0504137 0.0439207 0.0374801 0.0312379 0.0253186 0.0198423 0.0149313 0.0107017 0.00724181 0.00458512
 0.00788811 0.012883 0.0195164 0.0277614 0.0373527 0.0476306 0.0575125 0.0657605 0.0714288 0.0741587 0.074138 0.0718506 0.0678502 0.0626522 0.0566984 0.0503432 0.0438516 0.0374148 0.0311756 0.0252548 0.0197711 0.0148489 0.0106098 0.00714812 0.00449996
 0.00788866 0.0128896 0.0195364 0.0278034 0.0374231 0.0477277 0.0576234 0.065864 0.0715032 0.0741914 0.0741301 0.0718144 0.0678018 0.0626044 0.0566576 0.0503101 0.0438242 0.0373903 0.031151 0.0252268 0.0197361 0.0148048 0.0105576 0.00709244 0.00444755
 0.00790943 0.0129168 0.0195658 0.0278283 0.0374377 0.0477317 0.0576241 0.0658728 0.0715287 0.074233 0.0741771 0.0718521 0.0678196 0.0626007 0.0566384 0.0502841 0.0437983 0.0373671 0.03113 0.0252053 0.0197113 0.0147751 0.0105233 0.00705614 0.00441335
 0.00787937 0.0128706 0.0195009 0.027744 0.0373343 0.047611 0.0574903 0.0657349 0.0714016 0.074136 0.0741288 0.0718631 0.0678874 0.062711 0.0567714 0.0504216 0.0439279 0.0374824 0.0312278 0.0252838 0.0197692 0.0148122 0.0105418 0.00706018 0.00440846
 0.00787528 0.0128563 0.0194656 0.0276738 0.037217 0.0474425 0.0572796 0.0655042 0.07118 0.0739514 0.0740022 0.0718066 0.067905 0.0627984 0.0569157 0.0506033 0.044125 0.0376751 0.0314015 0.0254298 0.019884 0.0148956 0.0105967 0.00709192 0.00442359
 0.00787529 0.0128546 0.0194594 0.0276582 0.0371845 0.0473835 0.0571848 0.0653681 0.0710057 0.073754 0.0738072 0.0716438 0.0678002 0.0627665 0.0569586 0.0507109 0.0442786 0.0378523 0.0315806 0.0255933 0.0200206 0.0150005 0.0106703 0.00713868 0.00445002
 0.0078903 0.0128735 0.0194778 0.0276684 0.0371777 0.0473525 0.057126 0.0652821 0.0708955 0.0736242 0.0736647 0.0714999 0.0676714 0.062672 0.0569151 0.050727 0.0443518 0.0379699 0.0317233 0.0257406 0.0201551 0.0151111 0.0107526 0.0071941 0.00448359
 0.00785466 0.012824 0.0194185 0.0276076 0.0371244 0.0473117 0.0570954 0.065253 0.0708579 0.0735717 0.0735975 0.071424 0.0675963 0.0626091 0.0568762 0.0507226 0.0443885 0.0380469 0.0318319 0.0258659 0.0202803 0.0152218 0.0108402 0.00725637 0.00452335
 0.00782165 0.0127668 0.0193267 0.0274715 0.0369397 0.0470858 0.0568507 0.0650232 0.0706771 0.0734616 0.0735609 0.0714481 0.0676618 0.0626992 0.0569811 0.0508397 0.0445189 0.0381917 0.0319888 0.0260275 0.0204353 0.0153587 0.0109504 0.00733685 0.00457642
 0.00781169 0.0127436 0.0192786 0.0273832 0.036796 0.0468773 0.0565808 0.0647114 0.0703578 0.0731768 0.0733506 0.071339 0.067661 0.0627941 0.0571464 0.0510474 0.0447463 0.0384237 0.0322158 0.0262423 0.0206301 0.0155257 0.0110838 0.0074348 0.00464195
 0.00777092 0.0126816 0.0191929 0.0272731 0.0366611 0.0467162 0.0563908 0.0644914 0.0701126 0.0729216 0.0731115 0.0711491 0.0675514 0.0627842 0.0572379 0.0512247 0.0449824 0.0386893 0.0324857 0.0264977 0.0208582 0.0157178 0.0112355 0.00754586 0.00471657
 0.00773013 0.0126151 0.0190929 0.0271332 0.0364791 0.0464965 0.0561466 0.0642425 0.0698799 0.0727207 0.0729505 0.0710322 0.067484 0.0627758 0.0572988 0.0513592 0.0451839 0.0389397 0.03276 0.0267703 0.0211079 0.0159302 0.0114033 0.00766858 0.00479903
 0.0093294 0.0148517 0.0217881 0.0298964 0.0388215 0.0480125 0.0566575 0.0638238 0.0687779 0.0712285 0.0713159 0.0694226 0.0659938 0.0614503 0.0561563 0.0504053 0.0444168 0.03835 0.0323298 0.0264742 0.0209169 0.0158158 0.0113407 0.00763799 0.00478634
 0.00930874 0.0151132 0.0227013 0.0319198 0.0423017 0.0529143 0.0623928 0.0693484 0.0729628 0.0733075 0.0711387 0.0673948 0.0627992 0.0577585 0.0524573 0.0469844 0.041407 0.0357958 0.0302306 0.024806 0.0196408 0.0148822 0.0106923 0.00721413 0.00452786
 0.00895112 0.0145521 0.0219166 0.0309633 0.0413507 0.0523067 0.0625863 0.0707576 0.075712 0.0770465 0.0750875 0.0706403 0.0646767 0.0580822 0.0514885 0.0452152 0.0393276 0.0337616 0.0284399 0.0233381 0.0185039 0.0140474 0.010113 0.00683661 0.0042986
 0.0087981 0.0142899 0.0214977 0.0303385 0.0404876 0.0512239 0.0613961 0.0696938 0.07511 0.0772501 0.0762934 0.0727532 0.0672777 0.0605656 0.0533079 0.046093 0.0393101 0.0331171 0.0274973 0.0223639 0.0176565 0.0133896 0.00964582 0.00653028 0.00411295
 0.00872477 0.0141661 0.0213019 0.030045 0.0400688 0.0506566 0.0606738 0.0688438 0.0742145 0.0764597 0.0758179 0.0728071 0.0679856 0.0618699 0.0549467 0.047686 0.0405142 0.0337591 0.027607 0.0221088 0.0172377 0.0129637 0.00929791 0.0062847 0.00395866
 0.00869058 0.0141083 0.0212103 0.0299076 0.0398728 0.0503901 0.0603282 0.0684169 0.0737138 0.0759114 0.0752788 0.0723742 0.0677863 0.0620216 0.0554946 0.0485547 0.0415143 0.0346593 0.0282321 0.022402 0.0172559 0.0128215 0.00910566 0.00611325 0.00383579
 0.00868603 0.0140994 0.0211939 0.029879 0.0398256 0.0503168 0.0602201 0.0682653 0.0735113 0.0756543 0.0749727 0.0720417 0.0674748 0.0618032 0.0554493 0.0487353 0.0419102 0.0351852 0.028757 0.0228072 0.0174832 0.0128841 0.00906199 0.00602817 0.00375428
 0.00866833 0.0140734 0.0211598 0.0298385 0.0397809 0.050269 0.0601685 0.0682062 0.0734388 0.0755614 0.0748529 0.0718926 0.0673035 0.0616318 0.0553168 0.0486895 0.0419877 0.0353886 0.0290448 0.0231074 0.0177258 0.0130316 0.00911759 0.00602227 0.00372223
 0.00868901 0.0141024 0.0211951 0.0298754 0.0398135 0.0502927 0.0601809 0.0682071 0.073428 0.0755363 0.0748082 0.0718221 0.0672032 0.0615052 0.0551782 0.0485651 0.0419096 0.0353822 0.0291145 0.023231 0.0178636 0.013145 0.00918587 0.00604704 0.00371884
 0.00867835 0.0140902 0.021186 0.0298759 0.03983 0.0503268 0.0602277 0.0682558 0.0734663 0.0755554 0.0748047 0.0717966 0.0671578 0.0614416 0.0550999 0.0484801 0.041833 0.0353322 0.0291053 0.0232643 0.0179258 0.0132138 0.00924145 0.00607999 0.00373111
 0.00865686 0.0140565 0.021138 0.0298138 0.0397569 0.0502503 0.0601595 0.068209 0.0734507 0.0755726 0.0748475 0.0718515 0.0672109 0.0614826 0.0551239 0.0484878 0.0418298 0.0353278 0.0291106 0.0232866 0.0179648 0.0132615 0.00928639 0.00611352 0.00375064
 0.00863018 0.014014 0.0210756 0.0297289 0.039649 0.050123 0.0600214 0.0680746 0.0733379 0.0754987 0.0748238 0.0718802 0.0672839 0.0615842 0.055236 0.048595 0.0419232 0.0354054 0.0291761 0.0233455 0.018021 0.0133147 0.00933314 0.00614985 0.0037749
 0.00863704 0.0140216 0.0210804 0.0297252 0.0396305 0.0500844 0.0599611 0.0679955 0.0732471 0.0754069 0.0747434 0.071823 0.0672586 0.0615937 0.0552759 0.0486555 0.0419921 0.0354729 0.0292365 0.0233979 0.0180668 0.013355 0.00936755 0.00617711 0.00379418
 0.00863666 0.0140229 0.0210857 0.0297369 0.0396498 0.0501092 0.0599849 0.0680085 0.0732399 0.0753743 0.0746877 0.0717534 0.0671884 0.061536 0.0552403 0.0486454 0.0420048 0.0355013 0.0292726 0.0234352 0.0181015 0.0133855 0.00939313 0.00619729 0.00380876
 0.00863466 0.0140211 0.0210858 0.0297416 0.0396623 0.0501321 0.0600187 0.0680507 0.0732841 0.0754113 0.0747073 0.0717484 0.0671573 0.061485 0.0551807 0.0485896 0.0419625 0.0354767 0.0292646 0.0234394 0.0181127 0.0133994 0.00940691 0.00620913 0.00381782
 0.00863466 0.0140211 0.0210858 0.0297416 0.0396623 0.0501321 0.0600187 0.0680507 0.0732841 0.0754113 0.0747073 0.0717484 0.0671573 0.061485 0.0551807 0.0485896 0.0419625 0.0354767 0.0292646 0.0234394 0.0181127 0.0133994 0.00940691 0.00620913 0.00381782
 0.00877237 0.0142385 0.0213998 0.0301611 0.040183 0.0507312 0.0606506 0.0686496 0.0737769 0.0757356 0.0748265 0.0716575 0.066879 0.0610619 0.0546656 0.048037 0.0414209 0.0349832 0.0288422 0.0230977 0.0178507 0.0132092 0.00927657 0.00612545 0.00376789
 0.00888149 0.0144268 0.0217025 0.0306145 0.0408129 0.0515352 0.0615835 0.069622 0.0746733 0.0764424 0.0752586 0.0717725 0.06668 0.0605902 0.0539893 0.0472376 0.0405794 0.03417 0.0281101 0.0224792 0.0173588 0.012841 0.009018 0.00595583 0.00366462
 0.0084416 0.0137406 0.0207281 0.0293444 0.0392893 0.0498648 0.0599433 0.068239 0.0737689 0.0761635 0.0756296 0.0726946 0.067972 0.0620459 0.0554274 0.0485305 0.041661 0.0350259 0.02876 0.0229585 0.0177045 0.0130848 0.00918471 0.00606503 0.0037321
 0.00819434 0.0132955 0.0199817 0.0281824 0.0376242 0.0476924 0.0573911 0.0655723 0.0713402 0.0743238 0.0746413 0.0726741 0.068874 0.063687 0.0575389 0.0508253 0.0438923 0.0370224 0.0304329 0.024286 0.0187091 0.0138111 0.00968504 0.0063911 0.00393133
 0.00811223 0.0131519 0.0197432 0.0278021 0.0370405 0.0468349 0.0561995 0.0640276 0.069502 0.0723548 0.0727968 0.0712488 0.0681199 0.0637374 0.0583711 0.0522746 0.0457084 0.0389409 0.0322351 0.0258314 0.0199368 0.0147225 0.0103195 0.00680487 0.00418303
 0.00841507 0.0136321 0.0204395 0.0287324 0.0381852 0.0481168 0.057468 0.065067 0.0700738 0.0722676 0.0719775 0.0697837 0.0662478 0.0617892 0.0566764 0.0510684 0.0450763 0.0388227 0.0324764 0.0262529 0.0203901 0.0151157 0.0106155 0.00700436 0.00430518
 0.00863646 0.0140208 0.0210758 0.0297026 0.0395548 0.0498888 0.0595452 0.0672431 0.0720651 0.0737732 0.0727454 0.0696667 0.0652409 0.0600423 0.0544695 0.0487462 0.0429586 0.0371257 0.0312772 0.0255069 0.0199835 0.0149229 0.0105364 0.00697602 0.0042958
 0.0088951 0.0144496 0.021737 0.0306605 0.0408631 0.0515694 0.0615622 0.0694855 0.0743473 0.0758558 0.0743692 0.0705969 0.0653155 0.0592153 0.0528342 0.0465265 0.040463 0.0346743 0.0291259 0.023799 0.0187449 0.0140938 0.0100186 0.0066714 0.00412591
 0.00863124 0.0140603 0.0212277 0.0300706 0.0402664 0.0510685 0.0612793 0.0695443 0.0748424 0.0768139 0.0757195 0.0721666 0.0668594 0.0604724 0.0535967 0.0466971 0.0400808 0.0338956 0.0281671 0.0228649 0.017974 0.0135398 0.00966662 0.00647142 0.0040232
#pred catch len freq
 0.00431048 0.00685921 0.0100806 0.0139241 0.0183563 0.0233313 0.0287218 0.0342947 0.0397617 0.0448515 0.0493552 0.0531431 0.056168 0.058449 0.0600296 0.0609333 0.0611396 0.0605835 0.0591549 0.0566875 0.0529601 0.0477642 0.0410669 0.0331938 0.0248793
 0.00447057 0.00704481 0.0102266 0.0139359 0.0181501 0.0228894 0.0281258 0.0337044 0.0393404 0.0446797 0.0493863 0.0532288 0.0561363 0.0581915 0.0595575 0.0603799 0.0607097 0.0604671 0.0594434 0.0573306 0.053788 0.0485652 0.0416774 0.0335517 0.0250189
 0.00474226 0.00746242 0.0108042 0.0146546 0.0189454 0.0236446 0.0286857 0.0339208 0.039141 0.0441189 0.0486312 0.0524743 0.0555028 0.0576777 0.0590799 0.0598644 0.060166 0.0599956 0.0591742 0.0573389 0.0540439 0.0489489 0.042045 0.0338044 0.0251331
 0.00495577 0.00781118 0.0113324 0.0154048 0.0199485 0.0249015 0.0301418 0.0354468 0.0405378 0.0451591 0.0491317 0.0523679 0.0548644 0.0566803 0.0579074 0.058643 0.0589583 0.0588442 0.0581392 0.0564912 0.0534252 0.0485417 0.0417832 0.0336141 0.0249685
 0.00520434 0.00819897 0.0118882 0.0161511 0.0209065 0.0260934 0.0315836 0.0371284 0.0423942 0.0470491 0.0508391 0.0536412 0.0554894 0.0565545 0.0570738 0.0572615 0.0572375 0.0569786 0.0562837 0.0547636 0.0519104 0.047287 0.0407945 0.0328656 0.0244219
 0.00546254 0.00860296 0.0124677 0.016926 0.0218875 0.0272832 0.0329753 0.0387022 0.0441153 0.0488606 0.0526489 0.0553071 0.0568198 0.0573406 0.05715 0.0565664 0.0558397 0.0550541 0.0540607 0.0524684 0.0497322 0.0453623 0.039203 0.0316333 0.0235302
 0.00575216 0.00905432 0.0131117 0.0177814 0.0229618 0.0285735 0.0344648 0.0403553 0.0458763 0.0506583 0.0544018 0.0569242 0.058194 0.0583413 0.0576288 0.0563871 0.0549261 0.0534328 0.0518722 0.0499389 0.047121 0.0429082 0.0370848 0.0299498 0.0222996
 0.00609426 0.00958629 0.0138682 0.0187812 0.024209 0.0300578 0.0361583 0.0422067 0.0478102 0.0525815 0.0562144 0.0585287 0.0595007 0.0592655 0.0580837 0.0562795 0.0541711 0.051988 0.0497791 0.0473456 0.0442679 0.040078 0.0345364 0.0278626 0.0207456
 0.00647776 0.0101796 0.014706 0.0198791 0.0255657 0.0316587 0.0379721 0.0441794 0.0498616 0.0546094 0.0581048 0.0601693 0.0607921 0.0601282 0.0584545 0.0561041 0.0533981 0.0505804 0.0477446 0.0447739 0.0413491 0.0370811 0.0317494 0.0255174 0.0189636
 0.00683974 0.0107442 0.0155122 0.0209493 0.0269062 0.033258 0.0397967 0.0461679 0.0519258 0.0566427 0.0599934 0.0618028 0.0620719 0.0609731 0.0588036 0.0559123 0.052632 0.049219 0.0457959 0.0423046 0.0385121 0.0341143 0.0289322 0.023098 0.0170921
 0.00715973 0.0112471 0.0162378 0.0219261 0.0281505 0.0347712 0.0415571 0.0481226 0.0539879 0.0586982 0.0619146 0.0634641 0.0633641 0.0618132 0.0591355 0.0557027 0.0518622 0.0478834 0.0439116 0.0399345 0.0357896 0.0312504 0.0261851 0.0207098 0.0152213
 0.0074442 0.0116922 0.0168765 0.022781 0.0292343 0.0360869 0.0430924 0.0498423 0.0558291 0.0605709 0.0637089 0.0650607 0.0646488 0.0626895 0.0595337 0.0555805 0.0512006 0.0466829 0.0421964 0.0377677 0.0332931 0.0286127 0.0236388 0.0184783 0.0134576
 0.00764549 0.0120193 0.0173691 0.0234774 0.0301659 0.0372688 0.0445124 0.0514544 0.0575567 0.0623175 0.0653698 0.0665328 0.0658365 0.063511 0.059925 0.0554981 0.0506218 0.0456062 0.0406459 0.0358048 0.0310309 0.0262208 0.0213249 0.0164432 0.0118413
