SBPRF35
12.7214
Curr Bio
905888
B35
898220
F35
0.169332
FOFL
0.165869
OFL
119690
Bzero
3.63469e+06
#pred survey bio
 3.67995e+06 3.52632e+06 3.39574e+06 3.22847e+06 3.02585e+06 2.79618e+06 2.55733e+06 2.32819e+06 2.09577e+06 1.86745e+06 1.64891e+06 1.44857e+06 1.30217e+06 1.17429e+06 1.02962e+06 901020 797227 731380 669457 642197 605466 587065 568469 553449 546594 547661 538093 540972 546689 548606 557996 563335 572148 577873 588300 590610 592605 605201 618702 631431 648445 660817 671139 677016 682723 689433 691338 694476 708580 716409 730578 779856 773324 788904 806818 838655 865921 887720 893614 882550 896849 936593 943672 964356 946504 928202 936678 912151 3.10326e+07 1.84585e+07 1.86157e+07 1.93333e+07 2.04305e+07 2.16862e+07 2.29309e+07 2.40618e+07 2.50323e+07 2.58329e+07 2.64756e+07 2.69818e+07 2.73754e+07 2.76787e+07 2.79114e+07 2.80896e+07 2.82259e+07 2.83303e+07 2.84106e+07 2.84725e+07 2.85204e+07 2.85577e+07 2.85868e+07 2.86096e+07 2.86276e+07 2.86419e+07 2.86531e+07 2.86621e+07 2.86693e+07 2.8675e+07 2.86796e+07 2.86833e+07 2.86863e+07 2.86888e+07 2.86907e+07 2.86923e+07 2.86936e+07 2.86947e+07 2.86956e+07 2.86963e+07 2.86968e+07 2.86973e+07 2.86977e+07 2.8698e+07 2.86983e+07 2.86985e+07 2.86986e+07 2.86988e+07 2.86989e+07 2.8699e+07 2.86991e+07 2.86991e+07 2.86992e+07 2.86992e+07 2.86992e+07 2.86993e+07 2.86993e+07 2.86993e+07 2.86993e+07 2.86993e+07 2.86994e+07 2.86994e+07 2.86994e+07 2.86994e+07 2.86994e+07 2.86994e+07 2.86994e+07 2.86994e+07 2.86994e+07 2.86994e+07 2.86994e+07 2.86994e+07 2.86994e+07 2.86994e+07 2.86994e+07 2.86994e+07 2.86994e+07 2.86994e+07 2.86994e+07 2.86994e+07 2.86994e+07 2.86994e+07 2.86994e+07 2.86994e+07 2.86994e+07 2.86994e+07 2.86994e+07 2.86994e+07 2.86994e+07 2.86994e+07 2.86994e+07 2.86994e+07 2.86994e+07 2.86994e+07 2.86994e+07 2.86994e+07 2.86994e+07 2.86994e+07 2.86994e+07 2.86994e+07 0 0 0 0 0 0 0 0 0 0 0 0 0 0 0 0 0 0 0 0 0 0 0 0 0
#obs survey bio
 4.47286e+06 4.76078e+06 2.33359e+06 2.51623e+06 3.63453e+06 2.77475e+06 1.65220e+06 2.27294e+06 1.80699e+06 1.44026e+06 1.19905e+06 1.42935e+06 1.023e+06 1.1311e+06 1.11463e+06 825283 957806 637872 545479 546744 512636 604964 476415 640205 698528 527557 498059 716424 495090 503448 555983 472891 652728 789006 627106 778741 641886 393551 444342 637691 550946 643604 560046 640871 780628 599135 531524 697334 685268 654764 806845 602505 880423 572032 672847 1.02883e+06 1.0799e+06 1.03476e+06 596007 721138 1.19602e+06 1.09609e+06 1.16119e+06 1.0193e+06 804623 1.08824e+06 999278 757145
#pred catch bio
 117591 105757 150833 196833 237695 264328 274595 295871 308143 311786 304056 262160 249871 264299 246061 218986 181128 173229 140529 146040 127492 125152 119513 110735 103204 111222 99917.6 97677.3 100884 94587.8 98141.2 95368.3 98155.3 94252.6 101010 100842 92377.3 93059.1 95066.6 92971.8 98625.5 101752 106778 108114 108476 113570 113117 104590 110494 105169 77045.5 125369 105928 105534 95601 100954 106288 120691 136034 115507 95736.9 123757 110369 141604 139306 115218 142336 139030 119690 120718 120593 123991 130381 137994 145541 152313 158011 162594 166160 168866 170882 172361 173434 174204 174754 175144 175419 175612 175747 175842 175908 175954 175986 176008 176024 176034 176042 176047 176050 176053 176054 176055 176056 176057 176057 176057 176058 176058 176058 176058 176058 176058 176058 176058 176058 176058 176058 176058 176058 176058 176058 176058 176058 176058 176058 176058 176058 176058 176058 176058 176058 176058 176058 176058 176058 176058 176058 176058 176058 176058 176058 176058 176058 176058 176058 176058 176058 176058 176058 176058 176058 176058 176058 176058 176058 176058 176058 176058 176058 176058 176058 176058 176058 176058 176058 176058 176058 176058 0 0 0 0 0 0 0 0 0 0 0 0 0 0 0 0 0 0 0 0 0 0 0 0 0
#obs catch bio
 0 105264 150878 196909 237386 263910 275249 296946 309948 315692 308192 264676 252637 268309 247532 221207 182114 173670 141070 147851 128655 126116 120582 111182 103713 111952 100473 97993 101495 95045.2 98431.5 95619.2 98447 94368.2 101079 100871 92383.7 93546.5 95504.9 93009.4 98924 102010 106938 108538 108870 114227 114169 105066 111332 105803 76427.4 126119 105718 106012 96023.8 101188 106429 120583 136892 116367 95853.6 124997 110105 141940 139519 114664 141828 139039
#pred cpue bio
 3.63369e+06 3.48196e+06 3.3523e+06 3.18514e+06 2.98285e+06 2.75357e+06 2.51491e+06 2.2859e+06 2.05398e+06 1.82652e+06 1.60926e+06 1.41043e+06 1.26503e+06 1.13827e+06 995701 869285 767501 703160 642672 615930 580160 562414 544558 530138 523602 524770 515538 518401 524076 526053 535369 540736 549411 555114 565466 567873 569879 582119 595232 607669 624250 636233 646222 651803 657202 663642 665391 668432 682326 690205 704318 752815 746662 761769 779086 810366 837496 859097 864584 853138 866889 906301 914054 934857 917490 899443 907732 883952 3.00885e+07 1.79051e+07 1.79484e+07 1.85328e+07 1.95817e+07 2.08257e+07 2.20678e+07 2.31983e+07 2.41687e+07 2.49693e+07 2.56121e+07 2.61183e+07 2.65118e+07 2.68152e+07 2.70479e+07 2.7226e+07 2.73623e+07 2.74668e+07 2.7547e+07 2.76089e+07 2.76569e+07 2.76941e+07 2.77232e+07 2.7746e+07 2.7764e+07 2.77783e+07 2.77895e+07 2.77985e+07 2.78057e+07 2.78114e+07 2.7816e+07 2.78198e+07 2.78228e+07 2.78252e+07 2.78272e+07 2.78288e+07 2.78301e+07 2.78311e+07 2.7832e+07 2.78327e+07 2.78333e+07 2.78337e+07 2.78341e+07 2.78344e+07 2.78347e+07 2.78349e+07 2.78351e+07 2.78352e+07 2.78353e+07 2.78354e+07 2.78355e+07 2.78355e+07 2.78356e+07 2.78356e+07 2.78357e+07 2.78357e+07 2.78357e+07 2.78357e+07 2.78357e+07 2.78358e+07 2.78358e+07 2.78358e+07 2.78358e+07 2.78358e+07 2.78358e+07 2.78358e+07 2.78358e+07 2.78358e+07 2.78358e+07 2.78358e+07 2.78358e+07 2.78358e+07 2.78358e+07 2.78358e+07 2.78358e+07 2.78358e+07 2.78358e+07 2.78358e+07 2.78358e+07 2.78358e+07 2.78358e+07 2.78358e+07 2.78358e+07 2.78358e+07 2.78358e+07 2.78358e+07 2.78358e+07 2.78358e+07 2.78358e+07 2.78358e+07 2.78358e+07 2.78358e+07 2.78358e+07 2.78358e+07 2.78358e+07 2.78358e+07 2.78358e+07 2.78358e+07 2.78358e+07 2.78358e+07 0 0 0 0 0 0 0 0 0 0 0 0 0 0 0 0 0 0 0 0 0 0 0 0 0
#obs cpue bio
 3.70498e+06 3.75675e+06 3.10647e+06 3.80674e+06 3.35883e+06 2.73508e+06 2.03119e+06 2.18396e+06 1.89693e+06 1.31241e+06 1.95735e+06 1.38421e+06 1.28197e+06 973291 1.30474e+06 687799 644175 1.0066e+06 557564 485085 590899 560175 527225 542334 325003 543305 458738 431443 481156 503516 645301 582779 486694 403081 606972 445892 473877 573507 847521 762507 607998 637820 848497 529743 536002 638598 593799 743620 591588 857869 1.19091e+06 680659 764598 643852 682657 912246 678142 981584 790455 660646 710664 613347 1.40881e+06 880650 1.08952e+06 974233 1.18309e+06 708019
#pred surv len freq
 0.00442948 0.00724481 0.011004 0.0157234 0.021311 0.0274826 0.0337376 0.0394867 0.0442716 0.0479101 0.050471 0.0521461 0.0531403 0.0536261 0.0537423 0.053613 0.0533685 0.05314 0.0529898 0.0527732 0.0520142 0.0499475 0.0458278 0.0393977 0.0312011
 0.0046857 0.00757371 0.0113404 0.0159615 0.0213443 0.0272611 0.0333061 0.038973 0.0438278 0.0476425 0.0504052 0.0522443 0.0533498 0.0539231 0.0541428 0.0541478 0.0540388 0.0538794 0.0536559 0.0531835 0.0520161 0.0494914 0.0449994 0.0383864 0.03022
 0.0048382 0.00784873 0.0117974 0.0166541 0.0222859 0.028384 0.0344463 0.0399082 0.0443665 0.0477141 0.0500882 0.0517136 0.0527864 0.0534478 0.0538076 0.0539621 0.0539909 0.0539301 0.0537205 0.0531323 0.0517147 0.0488659 0.044085 0.0373225 0.029189
 0.00499828 0.00810509 0.0121788 0.0171918 0.0230148 0.0293369 0.0356344 0.0412905 0.0458234 0.0490524 0.0510912 0.0522233 0.0527687 0.0529996 0.0531018 0.0531717 0.0532339 0.0532501 0.053091 0.0524743 0.0509324 0.0478974 0.042948 0.0361205 0.0280696
 0.0052263 0.00846663 0.0127059 0.0179084 0.0239337 0.0304559 0.0369322 0.0427257 0.0473365 0.0505632 0.0524911 0.0533713 0.053513 0.0532266 0.0527866 0.0523937 0.0521413 0.0519958 0.0517764 0.0511301 0.0495409 0.0464412 0.0414558 0.0346808 0.0268008
 0.00552312 0.00893846 0.0133958 0.0188488 0.02514 0.0319176 0.0386035 0.0445243 0.0491569 0.0522981 0.054046 0.0546645 0.0544627 0.0537442 0.0527905 0.0518413 0.0510588 0.0504792 0.0499584 0.0491367 0.0474684 0.0443672 0.0394653 0.0328785 0.0252917
 0.00581359 0.00941188 0.0141102 0.0198578 0.0264817 0.0335967 0.0405739 0.0466844 0.0513652 0.0544022 0.0559108 0.0561856 0.0555659 0.0543745 0.0529009 0.0513915 0.0500296 0.0488941 0.047897 0.0467276 0.0448693 0.0417459 0.0369884 0.0306985 0.023523
 0.0060677 0.00982783 0.0147422 0.0207598 0.0276992 0.0351524 0.0424503 0.0488138 0.0536337 0.0566663 0.058018 0.0579937 0.0569574 0.0552631 0.0532294 0.0511242 0.0491478 0.0474029 0.0458421 0.0442119 0.0420564 0.038846 0.0342281 0.0282804 0.0215854
 0.00632598 0.0102485 0.0153773 0.0216596 0.0289043 0.0366808 0.044283 0.0508875 0.0558473 0.0588963 0.0601336 0.0598667 0.0584687 0.056309 0.0537274 0.0510158 0.048399 0.0460071 0.0438311 0.0416736 0.0391493 0.0357948 0.031292 0.0256989 0.0195223
 0.00655817 0.0106337 0.0159715 0.0225203 0.0300795 0.0381921 0.0461072 0.0529511 0.0580369 0.0610813 0.0621869 0.0616751 0.0599345 0.0573477 0.0542654 0.05099 0.0477607 0.0447304 0.0419278 0.0392141 0.0362806 0.0327408 0.0283229 0.0230725 0.0174188
 0.00681925 0.0110541 0.0165975 0.0233941 0.0312342 0.0396416 0.0478338 0.0548972 0.0601076 0.0631575 0.0641423 0.0633915 0.061312 0.0583086 0.0547507 0.050953 0.0471618 0.0435412 0.0401472 0.0368933 0.0335465 0.0298022 0.0254433 0.0205102 0.0153593
 0.00714956 0.0115766 0.0173566 0.0244217 0.032544 0.0412219 0.0496391 0.0568456 0.0620922 0.065065 0.0658691 0.064851 0.0624343 0.0590377 0.0550425 0.0507724 0.0464799 0.0423372 0.0384192 0.0346811 0.0309574 0.0270215 0.022713 0.0180744 0.0133969
 0.0073471 0.0119047 0.0178629 0.0251539 0.0335392 0.0424904 0.0511488 0.0585197 0.063823 0.0667393 0.0673886 0.0661408 0.0634401 0.0597186 0.055364 0.050702 0.0459865 0.0413948 0.0370187 0.03285 0.0287819 0.0246576 0.02037 0.015968 0.0116896
 0.00740546 0.0120254 0.0180929 0.0255546 0.0341741 0.0434035 0.0523441 0.059951 0.0653999 0.0683452 0.0689021 0.0674543 0.0644724 0.0604189 0.0557067 0.0506754 0.045582 0.0406034 0.0358385 0.031304 0.0269402 0.0226492 0.0183713 0.0141638 0.0102216
 0.00761501 0.0123563 0.0185739 0.0262091 0.0350195 0.0444496 0.0535853 0.0613569 0.0669093 0.0698661 0.0703222 0.068658 0.0653619 0.0609303 0.0558152 0.0503881 0.0449231 0.039601 0.0345213 0.0297114 0.0251402 0.0207519 0.0165234 0.0125177 0.00889298
 0.00779247 0.0126532 0.0190352 0.0268791 0.0359299 0.0456014 0.0549352 0.0628187 0.0683737 0.071229 0.0715023 0.0695979 0.0660185 0.0612689 0.0558111 0.0500327 0.0442272 0.0385917 0.033238 0.0282064 0.023486 0.0190486 0.0148935 0.0110839 0.00774547
 0.0079605 0.0129178 0.0194186 0.0273989 0.0365991 0.0464268 0.0559117 0.0639198 0.0695467 0.0723966 0.0725741 0.0704879 0.0666606 0.0616237 0.0558626 0.0497802 0.0436798 0.0377684 0.0321702 0.0269422 0.0220949 0.017622 0.013537 0.00989829 0.00680164
 0.00813029 0.013166 0.019741 0.0277751 0.0370011 0.0468318 0.056312 0.0643257 0.0699795 0.072877 0.0731086 0.0710585 0.0672223 0.0621125 0.0562105 0.04993 0.0435943 0.0374331 0.0315937 0.026157 0.0211584 0.0166141 0.0125505 0.00902105 0.00609608
 0.00837474 0.0135491 0.0202888 0.0284968 0.0378808 0.0478211 0.0573273 0.065259 0.0707277 0.0733761 0.0733531 0.0710936 0.0671153 0.0619197 0.055958 0.0496124 0.0431866 0.0369079 0.0309362 0.025375 0.020286 0.0157095 0.0116856 0.00826446 0.00549504
 0.00832859 0.0134934 0.0202412 0.0284869 0.0379446 0.0479889 0.0576124 0.0656506 0.0711904 0.0738575 0.0737978 0.0714589 0.0673827 0.0620956 0.0560606 0.0496546 0.0431641 0.0368005 0.0307197 0.025037 0.0198378 0.0151887 0.0111485 0.00777022 0.00508884
 0.0083836 0.0135785 0.020362 0.0286479 0.0381503 0.048246 0.0579282 0.0660277 0.0716199 0.0743128 0.0742348 0.0718249 0.0676313 0.0622012 0.056025 0.0495013 0.0429242 0.036498 0.0303652 0.024633 0.0193904 0.0147173 0.0106866 0.00735628 0.00475351
 0.00836227 0.0135399 0.020297 0.028547 0.0380079 0.0480666 0.0577315 0.0658498 0.0715066 0.0743073 0.0743637 0.0720867 0.0679938 0.0626087 0.0564149 0.0498216 0.0431445 0.0366093 0.0303723 0.0245469 0.0192262 0.0144967 0.0104387 0.00711433 0.0045458
 0.00839628 0.0135882 0.0203563 0.0286087 0.0380589 0.048092 0.0577183 0.0657914 0.0714074 0.0741864 0.0742534 0.0720244 0.068009 0.0627104 0.0565866 0.0500262 0.0433372 0.0367516 0.030441 0.0245357 0.019143 0.0143598 0.010273 0.00694646 0.00439848
 0.00846236 0.013684 0.0204788 0.0287467 0.0381957 0.0482088 0.0577981 0.065821 0.0713794 0.0741016 0.0741231 0.0718716 0.0678647 0.0626063 0.0565445 0.0500496 0.0434093 0.0368414 0.0305148 0.0245682 0.0191236 0.0142932 0.0101753 0.00683858 0.00429924
 0.00848211 0.0137128 0.0205156 0.0287877 0.0382341 0.0482358 0.0578039 0.0657973 0.0713221 0.0740131 0.0740131 0.0717554 0.0677604 0.0625318 0.0565146 0.0500723 0.0434822 0.0369496 0.0306336 0.0246707 0.0191896 0.0143151 0.0101587 0.00679768 0.00425047
 0.00845291 0.0136639 0.0204397 0.0286779 0.0380861 0.0480514 0.0575936 0.0655797 0.07112 0.0738476 0.0738992 0.0717005 0.0677657 0.0625944 0.0566293 0.0502323 0.043678 0.0371676 0.0308552 0.0248744 0.0193559 0.0144322 0.010226 0.00682466 0.00425169
 0.00850861 0.0137526 0.020569 0.0288514 0.0383007 0.0482933 0.0578365 0.0657878 0.0712572 0.0738888 0.0738381 0.0715503 0.0675532 0.0623524 0.0563891 0.0500198 0.0435104 0.0370522 0.0307891 0.0248462 0.0193495 0.0144322 0.0102221 0.00681362 0.00423577
 0.00848052 0.0137038 0.0204904 0.0287348 0.0381425 0.0481003 0.0576288 0.0655956 0.0711109 0.0738077 0.0738242 0.0715909 0.0676291 0.0624465 0.0564915 0.0501272 0.0436237 0.0371726 0.0309152 0.0249721 0.019466 0.0145299 0.0102947 0.0068603 0.00426084
 0.00842773 0.0136215 0.0203728 0.0285786 0.0379468 0.0478675 0.0573667 0.06532 0.070847 0.073587 0.0736779 0.0715402 0.0676785 0.0625827 0.0566891 0.0503581 0.0438648 0.0374085 0.0311366 0.0251727 0.0196401 0.0146723 0.0104024 0.00693434 0.00430629
 0.00838284 0.0135544 0.020283 0.0284689 0.0378226 0.0477345 0.0572292 0.0651809 0.0707088 0.073454 0.0735582 0.0714467 0.0676271 0.0625868 0.0567538 0.0504777 0.0440242 0.0375888 0.0313203 0.0253462 0.0197939 0.0148001 0.0105012 0.00700441 0.00435124
 0.00833236 0.0134646 0.0201342 0.0282405 0.0375006 0.0473221 0.0567547 0.0646961 0.0702754 0.073125 0.0733645 0.0713944 0.067704 0.0627717 0.0570236 0.0508088 0.0443927 0.0379699 0.0316899 0.0256833 0.0200833 0.0150335 0.0106772 0.00712745 0.00443036
 0.00833887 0.0134716 0.0201373 0.028231 0.037465 0.0472428 0.056614 0.0644826 0.0699927 0.0727977 0.0730352 0.0711129 0.0675118 0.0626912 0.0570557 0.0509385 0.0445966 0.0382213 0.0319621 0.0259517 0.0203274 0.0152388 0.0108367 0.00724165 0.0045052
 0.00825657 0.0133511 0.0199807 0.0280485 0.0372713 0.0470515 0.0564326 0.0643116 0.0698273 0.0726327 0.0728711 0.0709605 0.0673924 0.0626313 0.0570773 0.0510508 0.0447924 0.0384798 0.0322552 0.0262498 0.0206045 0.0154759 0.0110236 0.0073768 0.00459459
 0.00820662 0.0132693 0.0198572 0.0278758 0.0370485 0.0467885 0.056153 0.0640486 0.0696133 0.0724868 0.0727932 0.0709354 0.0674017 0.0626647 0.0571372 0.0511484 0.0449383 0.0386761 0.0324915 0.0265058 0.0208556 0.0157001 0.0112061 0.00751223 0.00468593
 0.00814751 0.0131715 0.0197069 0.0276598 0.0367572 0.0464221 0.055727 0.0635965 0.0691826 0.0721292 0.0725519 0.0708341 0.0674396 0.0628198 0.0573768 0.0514414 0.0452626 0.0390182 0.0328406 0.0268488 0.0211757 0.0159795 0.0114319 0.00767971 0.00479921
 0.00816163 0.0131916 0.0197312 0.0276831 0.0367705 0.046412 0.0556775 0.0634922 0.0690153 0.0719043 0.0722913 0.0705733 0.0672179 0.0626689 0.0573128 0.0514626 0.0453556 0.0391647 0.0330229 0.0270503 0.0213799 0.0161702 0.011595 0.00780663 0.00488857
 0.00825351 0.0133222 0.019893 0.0278571 0.036931 0.046535 0.0557463 0.0634989 0.0689577 0.0717829 0.0721102 0.0703433 0.0669597 0.0624123 0.05709 0.0513005 0.045268 0.0391515 0.0330725 0.0271449 0.0214998 0.0162965 0.0117115 0.00790251 0.00495908
 0.00822705 0.0132871 0.0198543 0.0278223 0.0369062 0.0465188 0.0557276 0.0634602 0.0688843 0.071672 0.0719726 0.0701986 0.0668276 0.0623072 0.0570215 0.0512755 0.0452917 0.039225 0.0331906 0.0272952 0.0216649 0.016458 0.0118541 0.00801632 0.00504119
 0.0081596 0.0131853 0.019716 0.0276523 0.0367159 0.0463258 0.0555524 0.0633225 0.068796 0.0716326 0.07197 0.0702159 0.0668524 0.0623363 0.0570595 0.0513304 0.0453708 0.0393323 0.0333253 0.027451 0.0218303 0.0166184 0.0119957 0.00812982 0.00512342
 0.00818101 0.0132045 0.0197167 0.0276108 0.0366093 0.0461432 0.0553046 0.0630423 0.0685283 0.071419 0.0718364 0.0701669 0.0668748 0.0624079 0.0571591 0.0514442 0.0454938 0.0394649 0.0334689 0.027604 0.0219864 0.0167678 0.0121277 0.00823626 0.0052012
 0.00815619 0.0131695 0.0196729 0.0275604 0.0365512 0.0460692 0.055199 0.0628883 0.0683199 0.0711709 0.0715846 0.0699574 0.066746 0.062377 0.0572197 0.0515738 0.0456653 0.0396563 0.0336656 0.0277972 0.0221693 0.0169332 0.0122685 0.00834732 0.0052814
 0.00812843 0.0131305 0.0196258 0.0275122 0.0365115 0.0460462 0.0551958 0.0628996 0.0683309 0.071161 0.0715354 0.0698629 0.0666191 0.0622464 0.0571181 0.0515243 0.0456749 0.0397169 0.0337618 0.0279127 0.0222906 0.0170494 0.0123713 0.00843089 0.00534334
 0.00815838 0.0131694 0.0196664 0.027543 0.0365204 0.0460274 0.0551542 0.0628491 0.0682877 0.0711343 0.0715221 0.0698492 0.0665884 0.0621898 0.0570407 0.051444 0.0456134 0.0396903 0.0337749 0.0279596 0.0223593 0.0171266 0.0124455 0.00849416 0.00539168
 0.00816059 0.0131832 0.0197053 0.0276232 0.0366541 0.0462133 0.0553714 0.0630609 0.0684549 0.0712305 0.0715412 0.0698018 0.0664911 0.0620565 0.0568816 0.0512694 0.0454379 0.0395316 0.0336488 0.0278749 0.0223151 0.0171148 0.0124543 0.00851249 0.00541115
 0.00815326 0.0131719 0.01969 0.0276066 0.0366431 0.04622 0.0554114 0.0631474 0.0685895 0.0713974 0.0717095 0.0699363 0.0665661 0.0620635 0.0568274 0.0511699 0.0453117 0.0393977 0.0335244 0.0277737 0.0222445 0.0170748 0.0124389 0.00851266 0.00541847
 0.00814725 0.0131616 0.0196737 0.0275824 0.0366099 0.046179 0.0553677 0.0631108 0.0685739 0.0714168 0.0717712 0.0700356 0.0666847 0.0621752 0.0569078 0.051205 0.0453013 0.0393524 0.0334606 0.0277081 0.0221899 0.0170378 0.0124197 0.00850711 0.00542071
 0.00810274 0.0131038 0.0196133 0.0275377 0.0366007 0.0462175 0.0554519 0.0632246 0.0686944 0.071524 0.0718555 0.0700977 0.0667306 0.0622092 0.056928 0.0512046 0.0452735 0.039296 0.0333825 0.0276206 0.0221069 0.0169697 0.0123714 0.00847761 0.00540558
 0.00806542 0.0130414 0.0195174 0.0274022 0.036427 0.0460196 0.0552589 0.0630746 0.0686213 0.0715432 0.0719576 0.0702554 0.0669117 0.0623879 0.0570893 0.0513406 0.0453796 0.0393693 0.0334231 0.0276335 0.0221009 0.0169554 0.0123569 0.00846737 0.00540037
 0.00794369 0.0128534 0.019253 0.0270589 0.0360104 0.045545 0.0547533 0.0625792 0.0681895 0.0712315 0.0718124 0.0702988 0.0671344 0.062752 0.0575404 0.0518231 0.0458476 0.0397911 0.0337806 0.0279201 0.0223188 0.0171129 0.0124655 0.00853904 0.00544546
 0.00789111 0.0127655 0.0191166 0.0268609 0.0357419 0.0452063 0.0543584 0.0621566 0.0677773 0.0708703 0.0715396 0.0701453 0.0671212 0.0628851 0.0578061 0.0521884 0.046267 0.0402179 0.034176 0.0282587 0.0225893 0.0173154 0.012608 0.00863315 0.0055038
 0.00788423 0.0127405 0.0190533 0.0267324 0.0355207 0.0448756 0.0539226 0.0616446 0.0672373 0.0703593 0.0711124 0.0698463 0.06698 0.0629143 0.0580006 0.0525255 0.0467086 0.0407151 0.0346779 0.0287213 0.0229824 0.0176247 0.0128339 0.0087864 0.00560006
 0.00765705 0.012386 0.0185476 0.0260633 0.03469 0.0439022 0.0528478 0.0605354 0.0661829 0.0694585 0.0704567 0.0695037 0.0669836 0.0632584 0.0586441 0.0534019 0.0477369 0.0418098 0.0357571 0.0297142 0.0238363 0.0183106 0.0133467 0.00914182 0.00582736
 0.00786492 0.0126925 0.0189495 0.0265345 0.0351851 0.0443644 0.0532157 0.0607487 0.0661899 0.069229 0.069995 0.0688563 0.0662346 0.0625123 0.0580019 0.0529375 0.0474837 0.0417594 0.0358689 0.0299297 0.0240949 0.0185618 0.0135579 0.00929935 0.00593266
 0.00787346 0.0127181 0.0190086 0.0266465 0.0353636 0.0446051 0.0534884 0.0610001 0.0663586 0.0692651 0.0698737 0.068582 0.0658378 0.0620446 0.0575294 0.0525303 0.0472009 0.0416343 0.0359005 0.0300859 0.0243246 0.0188109 0.0137836 0.00947723 0.0060567
 0.00773351 0.0125175 0.0187575 0.0263737 0.0351118 0.0444199 0.0534065 0.0610398 0.0665121 0.0694964 0.0701249 0.0687891 0.0659505 0.0620423 0.0574258 0.0523683 0.0470385 0.041527 0.0358848 0.0301694 0.0244864 0.0190125 0.0139841 0.00964653 0.00618113
 0.0075398 0.012207 0.0183007 0.0257523 0.0343294 0.0435158 0.0524642 0.0601796 0.0658625 0.0691542 0.0701249 0.0690964 0.0664777 0.0626804 0.0580765 0.0529668 0.0475617 0.0419856 0.0363056 0.0305746 0.0248811 0.0193833 0.0143083 0.00990485 0.00636672
 0.00752862 0.0121645 0.0181913 0.0255276 0.0339395 0.0429293 0.0516882 0.0592696 0.064918 0.0683002 0.0694845 0.0687614 0.0664847 0.0630011 0.05863 0.0536478 0.0482731 0.0426618 0.0369173 0.0311184 0.0253619 0.0198018 0.0146581 0.0101784 0.00656298
 0.00765855 0.012352 0.0184277 0.0257845 0.0341699 0.0430733 0.051682 0.0590592 0.0644773 0.0676496 0.0686988 0.0679585 0.0657958 0.0625341 0.0584388 0.0537227 0.0485535 0.0430641 0.037364 0.0315554 0.02576 0.0201475 0.0149449 0.0104027 0.0067253
 0.00775953 0.0125285 0.0187141 0.0262149 0.0347631 0.0438118 0.0524959 0.0598287 0.0650595 0.0679193 0.0685874 0.0674747 0.0650239 0.0616114 0.0575191 0.0529357 0.0479748 0.0427076 0.0371959 0.0315201 0.0258033 0.0202287 0.015037 0.010489 0.00679612
 0.00772934 0.0125129 0.0187532 0.0263683 0.0350969 0.0443745 0.0532945 0.0608136 0.0661248 0.0689184 0.0693608 0.0678865 0.0649987 0.0611582 0.056731 0.0519618 0.0469766 0.0418157 0.0364847 0.031007 0.0254654 0.0200253 0.0149267 0.0104373 0.00677775
 0.00749742 0.0121572 0.0182606 0.0257489 0.0343911 0.0436587 0.0526794 0.0604278 0.0660796 0.0692637 0.070056 0.0688036 0.065958 0.0619827 0.0572974 0.0522313 0.0469939 0.0416785 0.0363008 0.0308566 0.0253851 0.0200133 0.0149601 0.0104895 0.00682881
 0.00721142 0.011697 0.0175787 0.0248096 0.0331838 0.0422174 0.0511012 0.0588755 0.0647578 0.0683738 0.0697441 0.0691203 0.0668413 0.0632711 0.0587732 0.0536808 0.0482623 0.0426981 0.0370822 0.0314539 0.025857 0.0203984 0.0152735 0.0107333 0.00700436
 0.00724481 0.0117229 0.0175642 0.0247033 0.0329255 0.0417552 0.0504108 0.0579747 0.0637127 0.0672967 0.0687812 0.0684257 0.0665396 0.0634182 0.0593334 0.0545345 0.0492446 0.0436527 0.0379044 0.0321052 0.0263497 0.0207665 0.0155488 0.0109366 0.00714805
 0.00721604 0.0116794 0.017503 0.0246189 0.0328046 0.0415716 0.0501251 0.0575436 0.0631081 0.0665272 0.0679065 0.067555 0.0658121 0.0629692 0.0592555 0.0548465 0.049883 0.0444918 0.0387992 0.0329356 0.0270456 0.0213073 0.0159462 0.0112151 0.00733369
 0.00731004 0.0118328 0.017734 0.0249428 0.0332273 0.04208 0.050678 0.0580681 0.0635074 0.0667011 0.0677791 0.0671026 0.0650813 0.0620752 0.0583562 0.0540983 0.0493937 0.0442917 0.0388428 0.033132 0.027299 0.0215478 0.0161392 0.0113538 0.00742573
 0.0073694 0.0119304 0.0178832 0.0251574 0.0335194 0.0424561 0.0511329 0.0585791 0.0640306 0.0671721 0.0681188 0.0672321 0.0649437 0.0616606 0.0577168 0.0533428 0.0486575 0.043694 0.0384497 0.0329439 0.0272665 0.021603 0.0162237 0.0114321 0.00748408
 0.00717631 0.0116469 0.017514 0.0247282 0.0330727 0.0420422 0.0508018 0.0583754 0.0639884 0.0673059 0.0684146 0.0676419 0.0653903 0.0620556 0.0579881 0.0534609 0.0486479 0.0436249 0.0383999 0.0329681 0.027376 0.0217711 0.0164075 0.0115948 0.00760647
 0.00694849 0.0113166 0.0170919 0.0242521 0.0325996 0.0416336 0.0505107 0.0582381 0.0640209 0.0675027 0.0687496 0.0680723 0.0658628 0.0625117 0.0583707 0.0537253 0.0487758 0.0436338 0.0383389 0.0328973 0.0273417 0.0217898 0.0164676 0.0116714 0.007677
#obs surv len freq
 nan nan nan nan nan nan nan nan nan nan nan nan nan nan nan nan nan nan nan nan nan nan nan nan nan
 0.00448643 0.00734845 0.0111789 0.0159951 0.0216951 0.0279695 0.0342822 0.0400122 0.044691 0.0481544 0.0505124 0.0520085 0.0529011 0.0534138 0.0537284 0.0539835 0.0542623 0.0545551 0.0546939 0.0542859 0.052724 0.0493561 0.0438059 0.036286 0.0276697
 0.0046153 0.00756102 0.011504 0.0164606 0.0223203 0.0287548 0.0351987 0.0409994 0.0456652 0.0490267 0.0512049 0.0524665 0.0530977 0.0533492 0.0534254 0.0534798 0.0536015 0.0537801 0.0538438 0.0533975 0.0518363 0.0485124 0.043051 0.0356581 0.0271898
 0.0047771 0.00782524 0.0119041 0.0170286 0.0230816 0.029718 0.0363448 0.0422759 0.04699 0.0502996 0.0523227 0.0533363 0.0536478 0.0535379 0.0532443 0.0529514 0.0527718 0.0527092 0.0525984 0.0520482 0.0504582 0.0471861 0.0418562 0.0346606 0.026426
 0.00496275 0.00812935 0.0123661 0.0176868 0.0239656 0.0308377 0.0376785 0.0437653 0.0485483 0.0518258 0.0537151 0.0544995 0.0544971 0.0540039 0.0532805 0.0525411 0.0519317 0.0514876 0.0510709 0.0503123 0.0486293 0.0453909 0.0402199 0.0332852 0.0253689
 0.00518321 0.00848943 0.0129111 0.0184602 0.0250007 0.0321446 0.0392309 0.0454951 0.0503548 0.0535943 0.0553341 0.0558705 0.0555365 0.0546424 0.0534625 0.0522289 0.0511119 0.05018 0.0493351 0.0482513 0.046387 0.0431397 0.0381366 0.0315172 0.0240019
 0.00542189 0.00887935 0.0135015 0.0192983 0.026123 0.0335628 0.040917 0.0473765 0.0523238 0.055528 0.0571134 0.0573914 0.0567125 0.0554036 0.0537528 0.0520045 0.0503446 0.0488666 0.0475117 0.0460085 0.0438757 0.0405611 0.0357102 0.0294334 0.0223778
 0.00565863 0.00926885 0.0140964 0.0201506 0.0272743 0.0350284 0.0426697 0.0493408 0.0543866 0.0575603 0.0589911 0.0590063 0.0579764 0.0562459 0.0541178 0.0518477 0.0496326 0.047584 0.0456772 0.0436958 0.0412294 0.0377926 0.0330647 0.0271341 0.0205696
 0.00588907 0.00964703 0.0146725 0.0209742 0.0283861 0.0364456 0.044371 0.0512596 0.0564189 0.0595834 0.0608819 0.0606541 0.059288 0.057147 0.0545503 0.051766 0.0490012 0.0463818 0.0439117 0.0414262 0.0385881 0.034987 0.0303479 0.0247465 0.0186752
 0.00612553 0.010034 0.0152596 0.0218095 0.029507 0.037865 0.0460622 0.0531517 0.0584063 0.0615463 0.0627048 0.0622361 0.0605451 0.0580114 0.0549677 0.0516926 0.0484016 0.0452324 0.042214 0.0392286 0.0360093 0.0322234 0.0276482 0.0223543 0.0167632
 0.00638734 0.0104609 0.0159043 0.0227215 0.0307222 0.0393903 0.04786 0.0551349 0.0604521 0.0635202 0.0644844 0.0637236 0.0616694 0.0587235 0.0552342 0.051488 0.0477042 0.0440263 0.0405008 0.0370504 0.0334728 0.0295101 0.0249938 0.0199949 0.0148701
 0.0066263 0.0108574 0.0165157 0.0236053 0.0319238 0.0409231 0.0496866 0.0571613 0.0625423 0.0655249 0.0662675 0.0651778 0.0627215 0.059331 0.0553781 0.051163 0.0469099 0.0427644 0.0387838 0.034921 0.0310284 0.0269149 0.0224627 0.0177458 0.0130634
 0.00685017 0.0112221 0.0170665 0.0243858 0.0329691 0.0422482 0.0512717 0.0589444 0.0644232 0.0673801 0.0679686 0.0666077 0.0637868 0.0599689 0.0555567 0.050875 0.0461631 0.0415749 0.037178 0.0329491 0.0287836 0.0245454 0.020159 0.0157013 0.0114206
 0.00706873 0.0115804 0.0176108 0.0251602 0.0340056 0.0435522 0.0528081 0.0606351 0.0661602 0.0690482 0.0694633 0.0678433 0.0646955 0.0605 0.0556766 0.0505681 0.0454308 0.0404338 0.0356604 0.031111 0.026717 0.0223861 0.0180758 0.0138618 0.00994702
 0.00727477 0.0119221 0.018137 0.0259197 0.0350357 0.0448614 0.0543594 0.0623412 0.0678975 0.0706828 0.0708767 0.0689473 0.0654356 0.0608506 0.0556324 0.0501357 0.0446242 0.039274 0.034181 0.0293669 0.0247951 0.0204092 0.0161916 0.0122132 0.00863511
 0.00742111 0.0121611 0.0184996 0.0264367 0.0357343 0.0457569 0.055446 0.0635842 0.0692334 0.0720255 0.0721292 0.0700141 0.0662362 0.0613282 0.0557577 0.0499031 0.0440448 0.0383705 0.0329877 0.027936 0.0232054 0.0187686 0.0146268 0.0108451 0.00754773
 0.00752585 0.0123311 0.0187551 0.0267969 0.0362144 0.046364 0.0561736 0.0644109 0.0701255 0.0729423 0.073025 0.0708387 0.0669336 0.0618408 0.0560334 0.0499037 0.0437516 0.0377854 0.0321333 0.0268572 0.021972 0.0174751 0.0133822 0.00975171 0.0066766
 0.00761314 0.0124709 0.0189616 0.0270821 0.0365858 0.0468222 0.0567088 0.0650025 0.0707456 0.0735616 0.0736179 0.0713828 0.0674069 0.0622168 0.0562789 0.0499821 0.0436289 0.0374397 0.0315628 0.0260862 0.0210532 0.0164866 0.0124164 0.00889554 0.00599089
 0.00766261 0.0125449 0.0190613 0.0272055 0.0367302 0.0469865 0.0568963 0.0652195 0.0709989 0.0738546 0.0739482 0.0717411 0.0677763 0.0625732 0.0565915 0.0502135 0.0437391 0.0373926 0.0313356 0.0256789 0.0204953 0.0158354 0.0117469 0.00828252 0.00548946
 0.00774322 0.0126674 0.0192295 0.0274162 0.0369733 0.0472462 0.0571525 0.0654518 0.0711919 0.0740042 0.0740627 0.0718374 0.0678712 0.0626756 0.056697 0.0503044 0.0437867 0.0373632 0.0311991 0.0254198 0.020121 0.0153799 0.0112635 0.00782944 0.00511272
 0.00778241 0.012732 0.0193278 0.0275554 0.0371564 0.0474684 0.0573985 0.0656965 0.0714071 0.0741671 0.0741639 0.0718823 0.067877 0.0626637 0.0566845 0.0502972 0.0437766 0.0373293 0.0311152 0.0252641 0.0198867 0.0150813 0.010934 0.00751099 0.00484163
 0.00780979 0.0127697 0.0193725 0.0276008 0.0371965 0.0475018 0.0574306 0.0657375 0.0714664 0.0742469 0.0742573 0.0719766 0.0679604 0.0627304 0.056736 0.0503384 0.0438093 0.0373475 0.0311049 0.0252085 0.0197754 0.0149174 0.0107363 0.00730796 0.00466118
 0.00785842 0.0128402 0.0194623 0.0277013 0.0372946 0.0475829 0.0574827 0.0657547 0.0714509 0.07421 0.074216 0.0719472 0.0679521 0.062743 0.0567625 0.0503701 0.0438386 0.0373677 0.0311078 0.0251845 0.0197164 0.0148225 0.0106149 0.00717763 0.00454123
 0.00786184 0.0128481 0.019478 0.0277285 0.0373349 0.0476335 0.0575343 0.0657937 0.0714644 0.0741921 0.0741714 0.0718905 0.0679019 0.0627151 0.0567642 0.0503989 0.0438849 0.0374185 0.0311501 0.0252069 0.0197112 0.0147876 0.0105554 0.00710495 0.00446913
 0.00788275 0.0128745 0.019504 0.0277448 0.0373324 0.0476082 0.0574906 0.0657427 0.0714183 0.074158 0.0741492 0.0718757 0.0678914 0.0627105 0.056771 0.0504225 0.043926 0.037472 0.0312058 0.0252532 0.0197383 0.0147909 0.0105364 0.00707095 0.00442993
 0.0079161 0.0129251 0.0195731 0.0278297 0.0374261 0.0476987 0.0575628 0.0657814 0.0714141 0.074112 0.0740728 0.0717859 0.0678037 0.0626346 0.0567115 0.0503811 0.0439033 0.0374666 0.0312134 0.0252663 0.0197485 0.0147915 0.0105254 0.00705065 0.00440565
 0.00789939 0.0129008 0.0195418 0.0277939 0.0373893 0.0476647 0.0575337 0.0657576 0.0713938 0.0740921 0.0740513 0.0717637 0.0677851 0.0626258 0.0567179 0.0504047 0.0439426 0.0375175 0.0312702 0.0253223 0.0197971 0.0148275 0.0105462 0.00705773 0.00440318
 0.00790467 0.0129028 0.0195332 0.0277644 0.03733 0.0475726 0.0574163 0.0656317 0.07128 0.0740075 0.074004 0.0717524 0.0678028 0.0626645 0.0567713 0.0504693 0.0440161 0.0375971 0.0313518 0.0254004 0.0198659 0.0148823 0.0105847 0.00708065 0.00441386
 0.00787063 0.0128539 0.0194711 0.0276938 0.0372556 0.0474964 0.0573355 0.0655417 0.0711798 0.0739042 0.0739124 0.0716903 0.0677831 0.0626903 0.0568366 0.0505628 0.0441258 0.0377131 0.0314661 0.0255067 0.0199587 0.0149575 0.0106405 0.00711784 0.00443565
 0.00786435 0.0128326 0.0194192 0.0275922 0.0370887 0.0472619 0.0570521 0.0652458 0.0709139 0.0737018 0.0737903 0.0716494 0.0678158 0.0627865 0.0569852 0.0507505 0.0443371 0.0379314 0.0316764 0.0256972 0.0201212 0.0150875 0.0107374 0.00718437 0.00447725
 0.00785933 0.012828 0.0194178 0.0275962 0.0370961 0.0472629 0.0570281 0.0651761 0.0707865 0.0735236 0.0735879 0.0714597 0.0676721 0.0627084 0.0569767 0.0508042 0.044439 0.038065 0.0318249 0.0258449 0.0202556 0.0152001 0.0108242 0.00724574 0.00451677
 0.00782045 0.0127643 0.0193217 0.027462 0.036923 0.0470584 0.0568092 0.0649657 0.0706056 0.0733837 0.0734896 0.0713993 0.067649 0.0627281 0.0570464 0.0509267 0.0446086 0.0382679 0.0320425 0.0260584 0.0204489 0.0153619 0.0109493 0.00733473 0.00457467
 0.0078156 0.0127513 0.0192926 0.0274061 0.0368295 0.0469205 0.0566286 0.0647549 0.070386 0.0731809 0.0733264 0.0712902 0.0675985 0.0627327 0.0571002 0.0510242 0.0447451 0.0384364 0.0322319 0.0262533 0.0206331 0.0155219 0.0110766 0.00742744 0.00463618
 0.00778636 0.0127047 0.0192242 0.0273121 0.0367065 0.0467666 0.056445 0.0645471 0.0701656 0.0729653 0.0731374 0.0711498 0.0675237 0.0627314 0.0571699 0.0511544 0.0449213 0.0386434 0.0324547 0.026477 0.0208426 0.0157042 0.011223 0.00753515 0.00470845
 0.00774761 0.0126419 0.0191303 0.0271811 0.0365357 0.0465585 0.0562095 0.064301 0.069929 0.0727571 0.0729721 0.0710377 0.067472 0.0627451 0.0572502 0.051297 0.0451159 0.0388745 0.0327043 0.0267266 0.0210754 0.0159064 0.0113857 0.0076556 0.0047899
 0.0076971 0.0125616 0.019013 0.0270215 0.0363318 0.0463137 0.0559341 0.0640135 0.0696533 0.0725179 0.0727904 0.0709271 0.0674384 0.0627874 0.0573626 0.0514709 0.0453398 0.0391341 0.0329825 0.0270046 0.0213347 0.0161316 0.0115671 0.00779015 0.00488122
 0.00768604 0.0125401 0.0189739 0.0269562 0.0362319 0.0461743 0.0557571 0.063808 0.0694345 0.0723039 0.072599 0.0707744 0.0673373 0.0627467 0.0573859 0.0515564 0.0454808 0.0393197 0.033198 0.0272326 0.0215568 0.0163313 0.0117322 0.00791528 0.00496762
 0.00766104 0.012502 0.0189211 0.0268881 0.0361483 0.0460744 0.0556393 0.0636717 0.0692819 0.0721417 0.0724393 0.0706321 0.0672275 0.0626821 0.0573749 0.0516019 0.0455807 0.0394665 0.0333795 0.027433 0.0217585 0.0165171 0.0118891 0.00803616 0.00505226
 0.00763627 0.0124615 0.01886 0.0268023 0.0360362 0.0459385 0.0554876 0.0635163 0.0691357 0.0720143 0.0723349 0.0705517 0.067172 0.0626547 0.0573808 0.0516467 0.0456671 0.0395928 0.0335385 0.0276126 0.0219431 0.0166907 0.0120382 0.00815271 0.00513493
 0.00761803 0.0124305 0.018811 0.0267297 0.0359353 0.045808 0.0553314 0.0633447 0.0689639 0.071859 0.0722105 0.070467 0.0671299 0.0626527 0.0574149 0.0517134 0.0457644 0.0397188 0.0336891 0.0277798 0.022115 0.0168536 0.0121796 0.00826462 0.00521517
 0.00759201 0.0123921 0.01876 0.026668 0.0358655 0.0457315 0.055248 0.063253 0.0688636 0.0717533 0.0721066 0.0703756 0.0670616 0.0626159 0.0574133 0.0517467 0.0458296 0.039812 0.0338055 0.0279126 0.022255 0.0169895 0.0123004 0.00836223 0.00528652
 0.00758466 0.0123794 0.0187398 0.0266382 0.0358251 0.0456819 0.0551929 0.0631977 0.0688121 0.0717062 0.0720615 0.0703292 0.0670134 0.0625702 0.0573779 0.05173 0.0458379 0.0398475 0.0338667 0.0279946 0.02235 0.0170878 0.0123919 0.00843905 0.00534441
 0.00757316 0.0123615 0.0187142 0.0266043 0.0357826 0.0456311 0.0551352 0.063136 0.068751 0.0716511 0.072017 0.0702974 0.0669937 0.0625599 0.0573753 0.0517358 0.0458551 0.0398801 0.0339168 0.0280611 0.0224282 0.01717 0.0124697 0.00850519 0.00539493
 0.007528 0.0122936 0.0186223 0.0264911 0.0356542 0.0454957 0.0550023 0.0630154 0.0686522 0.0715814 0.0719806 0.0702951 0.0670227 0.062615 0.0574495 0.0518222 0.0459483 0.0399773 0.0340169 0.0281631 0.0225296 0.0172662 0.0125552 0.00857521 0.00544716
 0.00753408 0.0122987 0.0186214 0.0264771 0.0356202 0.045439 0.0549265 0.0629302 0.0685695 0.0715115 0.0719288 0.0702622 0.0670073 0.062615 0.0574635 0.0518486 0.0459855 0.0400234 0.0340703 0.0282223 0.0225922 0.0173288 0.0126134 0.00862485 0.00548547
 0.00753107 0.012297 0.0186243 0.0264885 0.0356426 0.0454698 0.0549573 0.0629486 0.0685646 0.0714791 0.071874 0.0701963 0.0669427 0.0625611 0.0574249 0.0518264 0.0459788 0.0400306 0.0340894 0.0282511 0.022628 0.0173683 0.0126525 0.00865968 0.00551332
 0.00751938 0.0122787 0.0185986 0.0264556 0.0356048 0.0454318 0.0549257 0.0629297 0.0685609 0.0714877 0.0718866 0.0702041 0.0669408 0.0625507 0.0574118 0.0518173 0.0459786 0.0400412 0.0341104 0.0282805 0.0226629 0.0174054 0.0126882 0.00869085 0.00553792
 0.00750467 0.0122546 0.0185619 0.0264038 0.0355365 0.0453486 0.0548333 0.0628382 0.0684829 0.0714347 0.0718654 0.0702144 0.0669757 0.0625999 0.0574658 0.0518707 0.0460302 0.0400922 0.0341622 0.0283331 0.0227149 0.0174543 0.0127314 0.00872622 0.00556448
 0.00749067 0.0122307 0.0185241 0.0263477 0.0354586 0.0452483 0.0547144 0.0627095 0.0683575 0.0713271 0.071789 0.0701785 0.0669837 0.0626482 0.057545 0.0519683 0.0461345 0.040195 0.0342588 0.0284215 0.0227938 0.0175224 0.0127875 0.00876963 0.00559562
 0.00747508 0.0122064 0.0184891 0.0263008 0.0353989 0.0451753 0.0546285 0.0626129 0.0682547 0.0712254 0.0716984 0.0701099 0.0669469 0.0626494 0.0575846 0.0520411 0.0462306 0.0403028 0.0343678 0.0285238 0.0228848 0.0175993 0.0128491 0.00881613 0.00562822
 0.00747508 0.0122064 0.0184891 0.0263008 0.0353989 0.0451753 0.0546285 0.0626129 0.0682547 0.0712254 0.0716984 0.0701099 0.0669469 0.0626494 0.0575846 0.0520411 0.0462306 0.0403028 0.0343678 0.0285238 0.0228848 0.0175993 0.0128491 0.00881613 0.00562822
 0.00721623 0.0117927 0.0178817 0.0254737 0.0343506 0.0439434 0.0533008 0.0613227 0.0671546 0.070448 0.0713239 0.070155 0.0673721 0.0633783 0.0585236 0.0530957 0.0473168 0.0413519 0.0353288 0.0293624 0.0235818 0.0181495 0.0132592 0.0091025 0.00581409
 0.00738412 0.0120305 0.0181731 0.0257774 0.0346069 0.0440876 0.053278 0.0611007 0.0667342 0.0698687 0.0706612 0.069505 0.0668282 0.0630081 0.0583567 0.0531233 0.0475017 0.0416425 0.0356713 0.0297103 0.0239004 0.0184174 0.0134674 0.00925216 0.00591319
 0.00728049 0.0118936 0.0180239 0.0256506 0.0345357 0.0440818 0.0533102 0.0611107 0.0666535 0.0696523 0.0703092 0.0690647 0.0663788 0.0626365 0.0581334 0.0530866 0.0476513 0.0419447 0.0360716 0.030148 0.0243219 0.018784 0.0137585 0.00946387 0.00605411
 0.00727645 0.0118745 0.0179741 0.0255531 0.034383 0.0438882 0.0531155 0.060967 0.0665968 0.069677 0.0703647 0.0690812 0.0663063 0.0624721 0.0579226 0.0529002 0.0475545 0.0419733 0.0362237 0.030391 0.0246075 0.0190651 0.0140005 0.00964957 0.00618219
 0.00712688 0.0116438 0.0176498 0.0251313 0.0338682 0.0432941 0.0524694 0.0603159 0.0660076 0.0692261 0.0701159 0.0690602 0.0664887 0.0627946 0.0583132 0.0533095 0.0479682 0.0424017 0.036679 0.030869 0.0250838 0.0195041 0.01437 0.00993184 0.00637727
 0.00703844 0.0114874 0.0173923 0.0247368 0.0333099 0.0425708 0.0516185 0.0594122 0.0651471 0.068502 0.069601 0.0688005 0.0665005 0.0630621 0.0587895 0.0539266 0.0486565 0.0431079 0.0373713 0.0315291 0.0256942 0.0200432 0.0148161 0.0102722 0.00661404
 0.00710599 0.011593 0.0175412 0.0249259 0.0335217 0.0427688 0.0517476 0.0594102 0.0649666 0.0681334 0.0690833 0.0682113 0.0659335 0.062601 0.0584895 0.0538063 0.048701 0.0432805 0.037629 0.0318331 0.026013 0.0203499 0.0150877 0.0104919 0.00677483
 0.00713987 0.0116593 0.0176612 0.0251246 0.0338197 0.043169 0.052223 0.0599002 0.0653863 0.0683943 0.0691184 0.0679968 0.0654988 0.0620223 0.0578676 0.0532381 0.0482556 0.0429886 0.0374861 0.031812 0.026077 0.020462 0.0152159 0.0106117 0.00687141
 0.00719207 0.0117471 0.0177992 0.0253296 0.0341082 0.0435527 0.0527017 0.0604548 0.0659739 0.0689487 0.0695576 0.0682399 0.0654882 0.0617445 0.0573622 0.0525888 0.0475664 0.0423546 0.0369718 0.0314435 0.0258475 0.0203444 0.0151751 0.0106148 0.0068928
 0.00705842 0.0115433 0.0175188 0.0249783 0.0337063 0.043136 0.0523215 0.0601732 0.0658511 0.0690242 0.0698331 0.0686721 0.0659955 0.0622291 0.0577392 0.0528124 0.0476412 0.0423268 0.0369052 0.0313929 0.0258425 0.0203868 0.0152487 0.0106972 0.00696609
 0.00692193 0.0113111 0.0171518 0.0244383 0.03297 0.0422149 0.0512783 0.0591214 0.0649321 0.0683715 0.0695391 0.0687691 0.0664523 0.0629595 0.0586226 0.0537223 0.0484757 0.0430295 0.0374677 0.0318392 0.0262055 0.0206904 0.0155017 0.010899 0.00711526
 0.00697908 0.0113887 0.0172388 0.0245102 0.0329899 0.0421387 0.0510641 0.0587429 0.0643952 0.0677258 0.0688763 0.0682025 0.0660847 0.0628515 0.0587751 0.0540801 0.0489492 0.0435259 0.0379181 0.0322112 0.0264981 0.0209183 0.0156803 0.0110375 0.00721783
 0.00694559 0.0113486 0.0172038 0.0244976 0.0330138 0.0421985 0.0511351 0.0587779 0.0643382 0.0675335 0.0685392 0.067756 0.0656054 0.062437 0.0585136 0.054021 0.0490883 0.0438123 0.0382777 0.0325748 0.0268198 0.021179 0.0158797 0.0111836 0.00732002
 0.00706803 0.0115392 0.0174749 0.0248556 0.0334581 0.0427198 0.0517107 0.059366 0.0648754 0.0679408 0.0687369 0.0676874 0.0652591 0.0618596 0.0578017 0.0532937 0.0484513 0.0433281 0.0379574 0.0323899 0.0267259 0.0211365 0.0158628 0.0111792 0.0073219
