SBPRF35
12.7214
Curr Bio
941350
B35
900480
F35
0.171929
FOFL
0.171929
OFL
131465
Bzero
3.63469e+06
#pred survey bio
 3.63754e+06 3.47556e+06 3.34088e+06 3.17304e+06 2.97207e+06 2.74549e+06 2.51054e+06 2.28566e+06 2.05742e+06 1.83299e+06 1.61794e+06 1.42062e+06 1.27708e+06 1.1518e+06 1.00916e+06 882061 779526 714747 653523 627030 590865 572984 554739 539942 533262 534513 524961 527895 533644 535549 544948 550213 558950 564579 574922 577035 578801 591250 604633 617216 634105 646359 656544 662240 667800 674384 676135 679130 693144 700832 714862 764174 757357 772823 790758 822832 850470 872832 879449 869388 885387 927673 937975 962970 950592 939614 958191 947993 2.17007e+07 2.00028e+07 2.04277e+07 2.12076e+07 2.21975e+07 2.32447e+07 2.42407e+07 2.51245e+07 2.58722e+07 2.64839e+07 2.6973e+07 2.73577e+07 2.76571e+07 2.78886e+07 2.8067e+07 2.82044e+07 2.83102e+07 2.83919e+07 2.84551e+07 2.85043e+07 2.85426e+07 2.85727e+07 2.85964e+07 2.86151e+07 2.86299e+07 2.86417e+07 2.86511e+07 2.86586e+07 2.86646e+07 2.86695e+07 2.86734e+07 2.86766e+07 2.86792e+07 2.86812e+07 2.86829e+07 2.86843e+07 2.86854e+07 2.86864e+07 2.86871e+07 2.86877e+07 2.86882e+07 2.86886e+07 2.86889e+07 2.86892e+07 2.86894e+07 2.86896e+07 2.86898e+07 2.86899e+07 2.869e+07 2.86901e+07 2.86901e+07 2.86902e+07 2.86902e+07 2.86903e+07 2.86903e+07 2.86903e+07 2.86903e+07 2.86904e+07 2.86904e+07 2.86904e+07 2.86904e+07 2.86904e+07 2.86904e+07 2.86904e+07 2.86904e+07 2.86904e+07 2.86904e+07 2.86904e+07 2.86904e+07 2.86904e+07 2.86904e+07 2.86904e+07 2.86904e+07 2.86904e+07 2.86904e+07 2.86904e+07 2.86904e+07 2.86904e+07 2.86904e+07 2.86904e+07 2.86904e+07 2.86904e+07 2.86904e+07 2.86904e+07 2.86904e+07 2.86904e+07 2.86904e+07 2.86904e+07 2.86904e+07 2.86904e+07 2.86904e+07 2.86904e+07 2.86904e+07 2.86904e+07 2.86904e+07 2.86904e+07 2.86904e+07 2.86904e+07 2.86904e+07 2.86904e+07 0 0 0 0 0 0 0 0 0 0 0 0 0 0 0 0 0 0 0 0 0 0 0 0 0
#obs survey bio
 4.47286e+06 4.76078e+06 2.33359e+06 2.51623e+06 3.63453e+06 2.77475e+06 1.65220e+06 2.27294e+06 1.80699e+06 1.44026e+06 1.19905e+06 1.42935e+06 1.023e+06 1.1311e+06 1.11463e+06 825283 957806 637872 545479 546744 512636 604964 476415 640205 698528 527557 498059 716424 495090 503448 555983 472891 652728 789006 627106 778741 641886 393551 444342 637691 550946 643604 560046 640871 780628 599135 531524 697334 685268 654764 806845 602505 880423 572032 672847 1.02883e+06 1.0799e+06 1.03476e+06 596007 721138 1.19602e+06 1.09609e+06 1.16119e+06 1.0193e+06 804623 1.08824e+06 999278 757145
#pred catch bio
 118597 105769 150849 196885 237821 264539 274862 296258 308641 312353 304696 262726 250448 265008 246795 219608 181616 173745 140886 146435 127824 125502 119845 111048 103479 111552 100188 97947.6 101170 94840.7 98422.2 95631.3 98433.5 94508.6 101306 101136 92621.9 93295.1 95315.1 93215.7 98890.7 102030 107083 108414 108774 113890 113423 104858 110788 105440 77200.6 125747 106198 105786 95800.4 101179 106532 121001 136396 115753 95902.1 124011 110562 141879 139525 115326 142417 139061 131465 132392 134234 138377 144198 150453 156349 161484 165718 169075 171658 173601 175037 176084 176840 177380 177763 178034 178224 178358 178451 178516 178561 178592 178614 178629 178639 178646 178651 178655 178657 178659 178660 178660 178661 178661 178662 178662 178662 178662 178662 178662 178662 178662 178662 178662 178662 178662 178662 178662 178662 178662 178662 178662 178662 178662 178662 178662 178662 178662 178662 178662 178662 178662 178662 178662 178662 178662 178662 178662 178662 178662 178662 178662 178662 178662 178662 178662 178662 178662 178662 178662 178662 178662 178662 178662 178662 178662 178662 178662 178662 178662 178662 178662 178662 178662 178662 178662 178662 178662 0 0 0 0 0 0 0 0 0 0 0 0 0 0 0 0 0 0 0 0 0 0 0 0 0
#obs catch bio
 0 105264 150878 196909 237386 263910 275249 296946 309948 315692 308192 264676 252637 268309 247532 221207 182114 173670 141070 147851 128655 126116 120582 111182 103713 111952 100473 97993 101495 95045.2 98431.5 95619.2 98447 94368.2 101079 100871 92383.7 93546.5 95504.9 93009.4 98924 102010 106938 108538 108870 114227 114169 105066 111332 105803 76427.4 126119 105718 106012 96023.8 101188 106429 120583 136892 116367 95853.6 124997 110105 141940 139519 114664 141828 139039
#pred cpue bio
 3.59617e+06 3.4356e+06 3.30078e+06 3.13264e+06 2.93202e+06 2.70568e+06 2.47074e+06 2.24585e+06 2.01799e+06 1.79427e+06 1.58036e+06 1.38439e+06 1.2417e+06 1.11745e+06 976791 851748 751113 687828 627931 601927 566686 549473 531953 517742 511359 512729 503494 506427 512154 514119 523483 528783 537395 543009 553315 555526 557292 569393 582423 594752 611223 623093 632976 638373 643632 649969 651570 654494 668344 676105 690106 738747 732226 747203 764558 796166 823686 845789 851888 841335 856784 898756 909561 934446 922169 910998 928861 918313 2.10102e+07 1.93653e+07 1.97083e+07 2.04108e+07 2.1379e+07 2.24221e+07 2.34175e+07 2.43012e+07 2.50488e+07 2.56606e+07 2.61496e+07 2.65343e+07 2.68337e+07 2.70653e+07 2.72437e+07 2.7381e+07 2.74868e+07 2.75685e+07 2.76317e+07 2.76809e+07 2.77193e+07 2.77493e+07 2.7773e+07 2.77917e+07 2.78065e+07 2.78183e+07 2.78277e+07 2.78352e+07 2.78413e+07 2.78461e+07 2.78501e+07 2.78532e+07 2.78558e+07 2.78579e+07 2.78596e+07 2.7861e+07 2.78621e+07 2.7863e+07 2.78637e+07 2.78643e+07 2.78648e+07 2.78652e+07 2.78656e+07 2.78658e+07 2.78661e+07 2.78662e+07 2.78664e+07 2.78665e+07 2.78666e+07 2.78667e+07 2.78668e+07 2.78668e+07 2.78669e+07 2.78669e+07 2.78669e+07 2.7867e+07 2.7867e+07 2.7867e+07 2.7867e+07 2.7867e+07 2.7867e+07 2.7867e+07 2.7867e+07 2.7867e+07 2.7867e+07 2.7867e+07 2.78671e+07 2.78671e+07 2.78671e+07 2.78671e+07 2.78671e+07 2.78671e+07 2.78671e+07 2.78671e+07 2.78671e+07 2.78671e+07 2.78671e+07 2.78671e+07 2.78671e+07 2.78671e+07 2.78671e+07 2.78671e+07 2.78671e+07 2.78671e+07 2.78671e+07 2.78671e+07 2.78671e+07 2.78671e+07 2.78671e+07 2.78671e+07 2.78671e+07 2.78671e+07 2.78671e+07 2.78671e+07 2.78671e+07 2.78671e+07 2.78671e+07 2.78671e+07 2.78671e+07 2.78671e+07 0 0 0 0 0 0 0 0 0 0 0 0 0 0 0 0 0 0 0 0 0 0 0 0 0
#obs cpue bio
 3.70498e+06 3.75675e+06 3.10647e+06 3.80674e+06 3.35883e+06 2.73508e+06 2.03119e+06 2.18396e+06 1.89693e+06 1.31241e+06 1.95735e+06 1.38421e+06 1.28197e+06 973291 1.30474e+06 687799 644175 1.0066e+06 557564 485085 590899 560175 527225 542334 325003 543305 458738 431443 481156 503516 645301 582779 486694 403081 606972 445892 473877 573507 847521 762507 607998 637820 848497 529743 536002 638598 593799 743620 591588 857869 1.19091e+06 680659 764598 643852 682657 912246 678142 981584 790455 660646 710664 613347 1.40881e+06 880650 1.08952e+06 974233 1.18309e+06 708019
#pred surv len freq
 0.0041787 0.00686838 0.0104956 0.0150977 0.0205987 0.0267222 0.0329696 0.0387515 0.0436086 0.0473543 0.0500486 0.0518716 0.0530155 0.0536412 0.0538791 0.0538509 0.0536926 0.0535492 0.0535003 0.0534112 0.0527976 0.0508629 0.0468169 0.0403666 0.0320508
 0.00451919 0.00733471 0.0110388 0.0156247 0.0210071 0.0269496 0.0330265 0.0387111 0.0435595 0.0473483 0.0500813 0.0519059 0.0530278 0.0536542 0.0539597 0.0540714 0.0540781 0.0540374 0.0539377 0.0535984 0.0525697 0.0501689 0.0457537 0.0391418 0.0308944
 0.00460035 0.00752808 0.0114363 0.0163314 0.0220925 0.0283854 0.0346511 0.040262 0.0447722 0.0480648 0.0502977 0.0517358 0.0526207 0.0531343 0.0534124 0.053559 0.053644 0.0536861 0.0536084 0.0531677 0.0519011 0.0491892 0.0445077 0.0377855 0.0296265
 0.00472907 0.00772238 0.0117067 0.016693 0.02258 0.0290628 0.0355994 0.0415338 0.0463296 0.0497448 0.0518429 0.0528882 0.0532238 0.0531797 0.0530118 0.0528745 0.0528239 0.0528257 0.0527336 0.0522396 0.0508474 0.0479609 0.0431317 0.0363755 0.0283391
 0.00494372 0.00806459 0.0122079 0.0173749 0.0234485 0.030103 0.0367759 0.0428028 0.0476558 0.0511057 0.0532046 0.0541683 0.0542781 0.0538398 0.0531557 0.0524813 0.0519746 0.0516539 0.0513629 0.0507439 0.0492539 0.0462878 0.0414325 0.0347548 0.026925
 0.00522163 0.00851053 0.0128678 0.0182868 0.0246341 0.0315554 0.0384465 0.0445983 0.0494549 0.0527888 0.0546827 0.0553897 0.0552104 0.0544394 0.0533533 0.0522002 0.0511721 0.0503531 0.04965 0.048737 0.0470736 0.0440504 0.0392615 0.0327842 0.0252776
 0.0054896 0.00895239 0.0135442 0.0192572 0.0259446 0.0332184 0.0404208 0.0467823 0.0517005 0.0549314 0.0565713 0.0569091 0.0562896 0.0550457 0.0534735 0.0518207 0.0502733 0.0489263 0.0477246 0.0463987 0.0444623 0.0413455 0.036659 0.0304693 0.0233897
 0.00572347 0.00933894 0.0141385 0.0201169 0.0271208 0.0347405 0.0422779 0.0489117 0.0539902 0.0572346 0.0587268 0.058762 0.0577103 0.0559434 0.0537991 0.0515574 0.0494223 0.0474993 0.045753 0.0439557 0.041683 0.0384271 0.0338359 0.0279652 0.0213659
 0.00596361 0.00973413 0.0147427 0.0209846 0.0282987 0.0362521 0.0441077 0.0509974 0.0562294 0.0595002 0.060883 0.0606741 0.0592524 0.0570062 0.0542988 0.0514408 0.0486668 0.0461104 0.0437667 0.0414518 0.0388027 0.035379 0.0308738 0.0253358 0.0192471
 0.00617111 0.0100851 0.0152963 0.0218054 0.0294437 0.037751 0.045942 0.0530931 0.0584683 0.0617436 0.062994 0.0625307 0.0607507 0.058059 0.0548333 0.0513983 0.048006 0.0448143 0.0418544 0.038995 0.0359421 0.0323284 0.0278953 0.0226864 0.0171127
 0.00641652 0.0104822 0.0158916 0.0226433 0.0305619 0.0391701 0.0476523 0.0550441 0.0605686 0.0638712 0.0650134 0.0643106 0.0621787 0.0590495 0.0553254 0.0513489 0.0473829 0.0435981 0.0400523 0.0366627 0.0332062 0.0293926 0.0250163 0.0201187 0.0150419
 0.00673574 0.0109907 0.016637 0.0236628 0.0318748 0.0407683 0.0494897 0.0570347 0.0625992 0.065823 0.0667787 0.0657999 0.0633193 0.0597825 0.055605 0.0511407 0.0466621 0.0423505 0.0382837 0.0344194 0.030598 0.0266032 0.0222833 0.0176813 0.0130765
 0.0069155 0.0112947 0.0171161 0.0243707 0.032856 0.0420392 0.0510208 0.0587471 0.0643794 0.0675496 0.0683455 0.0671259 0.0643469 0.06047 0.0559188 0.0510503 0.0461391 0.0413734 0.0368491 0.0325603 0.0284046 0.0242321 0.0199412 0.0155796 0.0113741
 0.0069442 0.0113728 0.0172928 0.0247134 0.0334371 0.0429126 0.0521989 0.0601884 0.0659933 0.0692138 0.0699279 0.0685063 0.0654331 0.061205 0.0562761 0.0510212 0.0457203 0.0405615 0.0356478 0.0309977 0.0265545 0.0222245 0.0179508 0.0137876 0.00991833
 0.00714117 0.0116836 0.0177446 0.0253292 0.0342369 0.0439121 0.0534023 0.0615768 0.0675135 0.0707746 0.0714086 0.0697769 0.0663809 0.0617558 0.0564014 0.0507307 0.0450443 0.0395357 0.0343079 0.0293886 0.0247474 0.0203303 0.0161142 0.0121572 0.00860558
 0.00731109 0.0119722 0.0182004 0.026002 0.0351627 0.0450933 0.0547916 0.0630796 0.0690124 0.0721605 0.0726002 0.0707196 0.0670341 0.0620847 0.05638 0.0503494 0.0443151 0.0384898 0.03299 0.0278563 0.0230767 0.0186223 0.0144896 0.0107349 0.00747149
 0.0074622 0.0122135 0.0185567 0.0264961 0.0358152 0.0459183 0.0557885 0.0642225 0.070243 0.0733912 0.0737281 0.0716479 0.0676917 0.0624336 0.0564094 0.0500649 0.0437316 0.0376302 0.0318896 0.0265667 0.0216702 0.017191 0.0131377 0.0095599 0.00654032
 0.00763231 0.0124592 0.0188698 0.0268516 0.0361808 0.0462707 0.0561257 0.0645658 0.0706273 0.0738482 0.0742688 0.0722506 0.0683014 0.0629739 0.0568019 0.0502472 0.0436658 0.0373049 0.0313179 0.0257856 0.0207403 0.0161939 0.012166 0.00869936 0.00585077
 0.00787756 0.0128479 0.0194335 0.0276056 0.0371135 0.047331 0.0572182 0.0655645 0.0714115 0.074345 0.0744763 0.0722276 0.0681308 0.0627241 0.0565041 0.0498949 0.0432308 0.0367572 0.0306422 0.0249905 0.0198614 0.0152899 0.0113076 0.00795308 0.00526101
 0.0078232 0.0127796 0.0193686 0.0275747 0.0371545 0.0474782 0.0574899 0.0659539 0.0718845 0.0748459 0.0749426 0.0726092 0.0684058 0.0628995 0.0566024 0.049933 0.0432065 0.0366504 0.0304279 0.0246562 0.0194189 0.0147773 0.010781 0.00747042 0.0048659
 0.00787899 0.0128657 0.0194902 0.0277358 0.03736 0.0477356 0.0578081 0.0663378 0.0723264 0.0753185 0.0753986 0.0729907 0.0686611 0.0630002 0.056551 0.0497572 0.0429429 0.0363275 0.0300589 0.0242444 0.0189699 0.0143094 0.0103262 0.00706544 0.00453953
 0.00785359 0.0128203 0.019415 0.0276203 0.0371977 0.0475303 0.0575801 0.0661254 0.0721798 0.0752869 0.0755146 0.0732563 0.0690432 0.063438 0.0569741 0.050107 0.0431855 0.0364539 0.0300763 0.0241666 0.0188141 0.0140981 0.0100885 0.00683351 0.00434071
 0.00788307 0.0128619 0.0194652 0.0276709 0.0372359 0.0475417 0.0575517 0.0660505 0.0720629 0.0751478 0.0753872 0.0731809 0.0690524 0.0635431 0.0571586 0.0503311 0.0434001 0.036617 0.0301627 0.0241699 0.0187433 0.0139724 0.00993321 0.0066752 0.00420149
 0.00796408 0.0129781 0.0196111 0.0278307 0.0373873 0.0476615 0.0576216 0.0660589 0.0720063 0.0750314 0.0752261 0.073001 0.0688867 0.0634247 0.05711 0.0503556 0.0434798 0.0367185 0.0302498 0.0242154 0.0187357 0.0139164 0.00984496 0.00657546 0.00410894
 0.00797309 0.0129946 0.0196386 0.027872 0.0374412 0.0477198 0.0576681 0.0660731 0.0719717 0.0749435 0.0750962 0.0728522 0.068747 0.0633196 0.057058 0.0503654 0.0435475 0.0368273 0.030373 0.0243243 0.0188088 0.0139453 0.00983478 0.00654026 0.00406487
 0.0079419 0.0129392 0.0195474 0.027733 0.0372472 0.047475 0.0573921 0.0657984 0.0717338 0.0747692 0.0749971 0.0728264 0.068786 0.0634147 0.0572025 0.0505531 0.04377 0.0370711 0.0306188 0.0245497 0.0189936 0.0140775 0.0099139 0.00657605 0.00407233
 0.00800447 0.0130393 0.0196938 0.02793 0.0374904 0.0477466 0.0576592 0.0660181 0.0718654 0.0747885 0.0749041 0.0726426 0.0685446 0.0631505 0.0569463 0.0503293 0.0435949 0.036952 0.0305528 0.0245247 0.0189924 0.0140836 0.00991595 0.00657019 0.00406048
 0.00797776 0.012992 0.0196164 0.0278131 0.0373297 0.0475485 0.0574439 0.0658163 0.0717081 0.0746953 0.0748775 0.0726712 0.0686114 0.0632407 0.0570509 0.050444 0.0437186 0.0370837 0.0306895 0.0246602 0.0191175 0.0141886 0.00999462 0.00662165 0.00408906
 0.00792748 0.0129127 0.0195015 0.0276578 0.0371312 0.0473078 0.0571682 0.0655224 0.0714231 0.0744539 0.0747137 0.0726085 0.0686553 0.0633779 0.0572551 0.0506861 0.0439738 0.0373348 0.0309258 0.024874 0.0193025 0.0143396 0.0101088 0.00670036 0.00413771
 0.0078831 0.0128468 0.0194137 0.0275515 0.0370121 0.0471811 0.0570372 0.0653882 0.0712863 0.0743174 0.0745855 0.0725027 0.06859 0.063369 0.0573101 0.0508002 0.0441323 0.037518 0.0311148 0.0250539 0.0194626 0.0144729 0.010212 0.00677361 0.00418486
 0.00783365 0.0127565 0.0192606 0.0273116 0.0366683 0.0467358 0.0565215 0.0648597 0.0708143 0.0739613 0.0743797 0.0724534 0.0686821 0.0635774 0.0576072 0.0511595 0.0445278 0.0379239 0.0315062 0.0254095 0.019767 0.0147177 0.010396 0.00690204 0.0042673
 0.00784271 0.0127677 0.0192697 0.0273099 0.0366413 0.0466636 0.0563827 0.0646393 0.0705139 0.0736066 0.0740185 0.0721421 0.0684683 0.0634865 0.0576401 0.0512987 0.0447462 0.0381916 0.0317945 0.0256924 0.020023 0.0149324 0.0105624 0.00702083 0.00434499
 0.0077689 0.0126589 0.0191269 0.0271407 0.0364575 0.0464766 0.0561991 0.0644598 0.0703348 0.0734241 0.073834 0.0719681 0.0683286 0.0634107 0.0576527 0.0514097 0.0449476 0.0384604 0.0320997 0.0260023 0.0203104 0.0151774 0.0107549 0.00715967 0.00443658
 0.00771424 0.0125713 0.0189981 0.0269657 0.0362376 0.0462229 0.0559339 0.0642131 0.0701349 0.0732867 0.0737573 0.0719372 0.0683267 0.0634299 0.0576983 0.0514953 0.0450858 0.0386538 0.0323372 0.0262619 0.0205659 0.0154057 0.0109405 0.00729714 0.00452913
 0.0076546 0.0124703 0.0188389 0.0267313 0.0359158 0.0458141 0.0554585 0.0637133 0.0696676 0.0729102 0.0735165 0.0718526 0.0683916 0.0636162 0.0579688 0.0518165 0.0454349 0.0390174 0.0327052 0.0266213 0.0208996 0.0156957 0.011174 0.00746965 0.00464538
 0.00767416 0.0124987 0.0188747 0.0267688 0.0359442 0.045817 0.0554156 0.0636055 0.069485 0.07266 0.073226 0.0715641 0.0681499 0.0634553 0.0579034 0.0518425 0.0455356 0.0391726 0.032896 0.0268306 0.0211107 0.0158921 0.0113414 0.00759959 0.0047366
 0.007771 0.0126374 0.0190484 0.0269591 0.0361256 0.0459644 0.0555104 0.0636358 0.0694439 0.0725441 0.0730373 0.0713144 0.0678641 0.0631687 0.0576539 0.0516598 0.0454344 0.0391515 0.0329415 0.0269236 0.0212302 0.0160186 0.0114584 0.00769589 0.00480741
 0.0077392 0.0125953 0.019002 0.0269179 0.0360974 0.0459489 0.0554956 0.0636024 0.0693754 0.0724362 0.0729011 0.0711699 0.0677315 0.0630626 0.057584 0.0516336 0.0454578 0.0392262 0.033062 0.0270768 0.0213982 0.0161826 0.0116027 0.00781073 0.00489006
 0.00767463 0.0124956 0.0188627 0.0267403 0.0358903 0.0457293 0.0552877 0.0634323 0.0692621 0.072384 0.0728984 0.0711974 0.0677726 0.0631104 0.0576405 0.0517056 0.0455519 0.0393463 0.0332077 0.0272419 0.0215711 0.0163486 0.0117483 0.00792674 0.00497371
 0.00770266 0.0125243 0.0188749 0.0267107 0.0357929 0.04555 0.0550342 0.0631359 0.0689686 0.0721392 0.0727345 0.0711252 0.0677828 0.0631813 0.0577483 0.0518327 0.0456897 0.0394931 0.0333636 0.0274048 0.0217349 0.0165036 0.011884 0.00803549 0.00505277
 0.00767606 0.0124878 0.0188315 0.0266643 0.035744 0.0454899 0.0549441 0.0629939 0.0687633 0.0718823 0.0724628 0.0708894 0.0676279 0.0631304 0.0577984 0.0519613 0.0458677 0.0396948 0.0335714 0.0276079 0.0219255 0.0166744 0.0120283 0.00814857 0.00513399
 0.00764104 0.0124382 0.0187705 0.0266004 0.0356889 0.0454552 0.0549362 0.0630098 0.0687883 0.0718925 0.0724338 0.0708092 0.0675058 0.0629957 0.0576876 0.0519027 0.0458719 0.0397552 0.0336716 0.0277296 0.0220531 0.016796 0.0121349 0.00823453 0.00519723
 0.00767396 0.0124797 0.0188113 0.0266256 0.0356837 0.0454131 0.0548646 0.0629284 0.0687205 0.0718532 0.0724221 0.070809 0.0674952 0.0629596 0.0576269 0.0518337 0.0458177 0.0397342 0.0336907 0.0277835 0.0221293 0.01688 0.0122146 0.00830161 0.00524792
 0.00767774 0.0124976 0.0188588 0.0267213 0.035841 0.0456288 0.0551128 0.0631649 0.0688991 0.0719448 0.0724235 0.0707371 0.0673734 0.0628063 0.057453 0.0516481 0.045633 0.0395673 0.0335576 0.0276936 0.022082 0.016867 0.0122233 0.00832031 0.00526779
 0.00766812 0.0124828 0.0188391 0.0267 0.0358264 0.0456356 0.0551593 0.0632661 0.069056 0.0721376 0.0726146 0.0708854 0.0674507 0.0628053 0.0573849 0.0515332 0.045493 0.0394219 0.0334241 0.0275854 0.0220064 0.0168237 0.012206 0.00831958 0.00527474
 0.00766023 0.0124694 0.0188178 0.0266685 0.0357835 0.0455828 0.055103 0.0632187 0.0690345 0.0721584 0.0726861 0.0710011 0.0675883 0.062934 0.0574768 0.0515735 0.0454827 0.0393741 0.0333572 0.027517 0.0219498 0.0167855 0.0121863 0.00831387 0.00527703
 0.00761679 0.0124133 0.0187602 0.0266277 0.0357793 0.0456272 0.0551933 0.0633378 0.0691584 0.072267 0.0727701 0.0710623 0.0676338 0.0629681 0.0574972 0.0515721 0.0454519 0.0393127 0.0332728 0.0274234 0.0218616 0.0167136 0.0121354 0.00828285 0.00526108
 0.00758925 0.0123641 0.0186788 0.026505 0.0356132 0.0454296 0.0549938 0.0631774 0.069075 0.0722785 0.0728683 0.0712191 0.0678155 0.0631482 0.0576597 0.0517088 0.0455577 0.0393844 0.0333105 0.0274324 0.0218516 0.0166956 0.012118 0.00827066 0.00525466
 0.00746494 0.0121729 0.0184113 0.0261594 0.0351955 0.0449538 0.0544843 0.0626723 0.0686263 0.0719451 0.0727018 0.0712479 0.0680345 0.0635198 0.0581266 0.0522109 0.046045 0.0398226 0.0336803 0.027727 0.022074 0.0168551 0.0122273 0.00834218 0.0052994
 0.00742092 0.0120955 0.0182847 0.0259665 0.0349233 0.0446012 0.0540679 0.0622261 0.0681938 0.0715699 0.0724206 0.0710895 0.0680185 0.0636528 0.0583962 0.0525849 0.046477 0.0402635 0.034089 0.0280764 0.0223521 0.0170623 0.0123721 0.0084373 0.00535801
 0.00742513 0.0120867 0.0182423 0.0258612 0.0347239 0.0442859 0.0536359 0.0617025 0.0676269 0.0710212 0.071953 0.070756 0.0678541 0.0636712 0.0585902 0.0529286 0.0469294 0.0407734 0.0346036 0.0285501 0.0227536 0.0173772 0.0126012 0.00859193 0.00545466
 0.00719314 0.0117238 0.0177227 0.0251704 0.0338613 0.0432686 0.0525047 0.0605269 0.0665013 0.0700527 0.0712432 0.0703823 0.0678555 0.0640422 0.0592845 0.0538703 0.0480277 0.0419346 0.0357404 0.0295896 0.0236427 0.0180877 0.01313 0.00895685 0.00568705
 0.00740233 0.012034 0.0181332 0.0256584 0.0343848 0.0437726 0.0529263 0.0607997 0.0665633 0.069861 0.0707911 0.0697115 0.0670543 0.0632275 0.0585728 0.0533486 0.0477358 0.0418641 0.0358459 0.0298068 0.0239062 0.0183441 0.0133451 0.00911684 0.00579363
 0.00741811 0.0120701 0.0182055 0.0257851 0.0345776 0.0440255 0.0532082 0.0610576 0.0667373 0.0699028 0.0706766 0.0694431 0.0666583 0.0627513 0.0580815 0.0529155 0.0474263 0.0417173 0.0358641 0.0299576 0.0241358 0.0185956 0.0135736 0.00929677 0.00591884
 0.00728767 0.0118837 0.0179734 0.0255354 0.0343512 0.0438657 0.0531493 0.0611152 0.066902 0.0701383 0.070926 0.0696443 0.0667629 0.0627388 0.0579645 0.0527357 0.0472417 0.0415859 0.035826 0.030023 0.024285 0.0187894 0.0137697 0.00946358 0.00604181
 0.00711262 0.0115979 0.0175434 0.024936 0.0335786 0.0429544 0.0521831 0.0602203 0.0662157 0.0697657 0.070907 0.0699457 0.0672957 0.0633906 0.0586326 0.0533509 0.0477775 0.0420512 0.0362478 0.0304255 0.0246755 0.0191561 0.0140906 0.00971964 0.00622586
 0.0071004 0.011556 0.0174391 0.024724 0.0332109 0.0423978 0.0514385 0.0593341 0.0652791 0.0689008 0.070241 0.0695792 0.0672743 0.0636923 0.0591779 0.0540321 0.0484935 0.0427324 0.0368621 0.0309685 0.0251528 0.0195697 0.0144355 0.00998914 0.00641913
 0.00722117 0.0117304 0.0176592 0.0249635 0.0334263 0.0425331 0.0514333 0.0591359 0.06486 0.0682759 0.0694779 0.0687897 0.0665878 0.0632192 0.0589776 0.0541 0.0487715 0.0431364 0.0373125 0.031409 0.0255526 0.0199152 0.0147208 0.0102114 0.00657966
 0.00732486 0.0119116 0.0179533 0.0254055 0.0340357 0.0432926 0.0522723 0.0599328 0.0654695 0.0685703 0.0693859 0.0683171 0.0658162 0.0622846 0.0580352 0.0532836 0.048162 0.0427522 0.0371221 0.0313568 0.0255836 0.0199872 0.0148059 0.0102925 0.00664679
 0.00732165 0.0119363 0.0180464 0.025625 0.0344438 0.0439336 0.0531485 0.0609896 0.0665956 0.0696135 0.0701819 0.0687273 0.0657654 0.0617849 0.0571845 0.052237 0.0470872 0.0417859 0.0363437 0.0307868 0.0252002 0.0197494 0.0146707 0.0102238 0.00661748
 0.00712292 0.0116292 0.0176168 0.0250787 0.0338144 0.0432901 0.0525956 0.0606524 0.066584 0.0699783 0.0708845 0.0696415 0.066712 0.062586 0.0577157 0.0524595 0.0470475 0.0415854 0.036095 0.0305752 0.0250662 0.0196934 0.0146706 0.0102522 0.00665285
 0.00685282 0.0111929 0.0169672 0.0241785 0.0326503 0.041892 0.0510559 0.0591297 0.0652807 0.0690963 0.0705735 0.0699567 0.0675947 0.063875 0.0591904 0.0539017 0.0482989 0.0425771 0.0368391 0.0311298 0.0254947 0.0200389 0.0149511 0.010471 0.00681113
 0.00690922 0.0112531 0.0169984 0.0241278 0.0324547 0.0414965 0.0504335 0.0582947 0.0642947 0.0680655 0.069638 0.0692669 0.0672757 0.0639872 0.0597046 0.054704 0.0492277 0.043477 0.0376059 0.0317259 0.0259346 0.0203595 0.0151869 0.0106441 0.00693381
 0.00690557 0.0112483 0.0169914 0.0241128 0.0324154 0.041401 0.0502341 0.0579391 0.0637473 0.0673318 0.0687789 0.0683952 0.0665335 0.0635106 0.0595863 0.0549639 0.0498047 0.0442492 0.0384319 0.0324887 0.0265672 0.0208442 0.0155377 0.0108869 0.0070943
 0.0070467 0.0114736 0.017322 0.0245632 0.0329874 0.0420747 0.0509581 0.0586269 0.0642864 0.0676066 0.0687024 0.06794 0.0657502 0.0625249 0.0585687 0.0540822 0.0491758 0.0439102 0.038343 0.0325635 0.0267138 0.0209954 0.0156602 0.0109735 0.00715081
 0.00718084 0.0116846 0.0176263 0.0249717 0.0335034 0.0426911 0.0516525 0.0593572 0.0649896 0.0682033 0.0691049 0.0680673 0.0655496 0.0619944 0.0577718 0.0531406 0.0482384 0.0431082 0.0377528 0.0321941 0.0265224 0.0209185 0.0156414 0.0109766 0.00715842
 0.00721081 0.011726 0.0176756 0.0250224 0.0335501 0.042735 0.0517052 0.0594399 0.0651263 0.0684087 0.0693728 0.0683628 0.0658106 0.0621477 0.0577589 0.0529451 0.0478987 0.0427059 0.0373804 0.0319194 0.0263682 0.0208666 0.0156529 0.0110136 0.00719626
 0.00724052 0.0117986 0.0178283 0.0253008 0.0339922 0.0433479 0.0524487 0.0602289 0.065857 0.0689931 0.0697624 0.0685496 0.0658112 0.061982 0.0574384 0.0524768 0.0473004 0.0420204 0.0366754 0.0312706 0.0258349 0.0204748 0.0153946 0.0108598 0.00711267
#obs surv len freq
 nan nan nan nan nan nan nan nan nan nan nan nan nan nan nan nan nan nan nan nan nan nan nan nan nan
 0.00448643 0.00734845 0.0111789 0.0159951 0.0216951 0.0279695 0.0342822 0.0400122 0.044691 0.0481544 0.0505124 0.0520085 0.0529011 0.0534138 0.0537284 0.0539835 0.0542623 0.0545551 0.0546939 0.0542859 0.052724 0.0493561 0.0438059 0.036286 0.0276697
 0.0046153 0.00756102 0.011504 0.0164606 0.0223203 0.0287548 0.0351987 0.0409994 0.0456652 0.0490267 0.0512049 0.0524665 0.0530977 0.0533492 0.0534254 0.0534798 0.0536015 0.0537801 0.0538438 0.0533975 0.0518363 0.0485124 0.043051 0.0356581 0.0271898
 0.0047771 0.00782524 0.0119041 0.0170286 0.0230816 0.029718 0.0363448 0.0422759 0.04699 0.0502996 0.0523227 0.0533363 0.0536478 0.0535379 0.0532443 0.0529514 0.0527718 0.0527092 0.0525984 0.0520482 0.0504582 0.0471861 0.0418562 0.0346606 0.026426
 0.00496275 0.00812935 0.0123661 0.0176868 0.0239656 0.0308377 0.0376785 0.0437653 0.0485483 0.0518258 0.0537151 0.0544995 0.0544971 0.0540039 0.0532805 0.0525411 0.0519317 0.0514876 0.0510709 0.0503123 0.0486293 0.0453909 0.0402199 0.0332852 0.0253689
 0.00518321 0.00848943 0.0129111 0.0184602 0.0250007 0.0321446 0.0392309 0.0454951 0.0503548 0.0535943 0.0553341 0.0558705 0.0555365 0.0546424 0.0534625 0.0522289 0.0511119 0.05018 0.0493351 0.0482513 0.046387 0.0431397 0.0381366 0.0315172 0.0240019
 0.00542189 0.00887935 0.0135015 0.0192983 0.026123 0.0335628 0.040917 0.0473765 0.0523238 0.055528 0.0571134 0.0573914 0.0567125 0.0554036 0.0537528 0.0520045 0.0503446 0.0488666 0.0475117 0.0460085 0.0438757 0.0405611 0.0357102 0.0294334 0.0223778
 0.00565863 0.00926885 0.0140964 0.0201506 0.0272743 0.0350284 0.0426697 0.0493408 0.0543866 0.0575603 0.0589911 0.0590063 0.0579764 0.0562459 0.0541178 0.0518477 0.0496326 0.047584 0.0456772 0.0436958 0.0412294 0.0377926 0.0330647 0.0271341 0.0205696
 0.00588907 0.00964703 0.0146725 0.0209742 0.0283861 0.0364456 0.044371 0.0512596 0.0564189 0.0595834 0.0608819 0.0606541 0.059288 0.057147 0.0545503 0.051766 0.0490012 0.0463818 0.0439117 0.0414262 0.0385881 0.034987 0.0303479 0.0247465 0.0186752
 0.00612553 0.010034 0.0152596 0.0218095 0.029507 0.037865 0.0460622 0.0531517 0.0584063 0.0615463 0.0627048 0.0622361 0.0605451 0.0580114 0.0549677 0.0516926 0.0484016 0.0452324 0.042214 0.0392286 0.0360093 0.0322234 0.0276482 0.0223543 0.0167632
 0.00638734 0.0104609 0.0159043 0.0227215 0.0307222 0.0393903 0.04786 0.0551349 0.0604521 0.0635202 0.0644844 0.0637236 0.0616694 0.0587235 0.0552342 0.051488 0.0477042 0.0440263 0.0405008 0.0370504 0.0334728 0.0295101 0.0249938 0.0199949 0.0148701
 0.0066263 0.0108574 0.0165157 0.0236053 0.0319238 0.0409231 0.0496866 0.0571613 0.0625423 0.0655249 0.0662675 0.0651778 0.0627215 0.059331 0.0553781 0.051163 0.0469099 0.0427644 0.0387838 0.034921 0.0310284 0.0269149 0.0224627 0.0177458 0.0130634
 0.00685017 0.0112221 0.0170665 0.0243858 0.0329691 0.0422482 0.0512717 0.0589444 0.0644232 0.0673801 0.0679686 0.0666077 0.0637868 0.0599689 0.0555567 0.050875 0.0461631 0.0415749 0.037178 0.0329491 0.0287836 0.0245454 0.020159 0.0157013 0.0114206
 0.00706873 0.0115804 0.0176108 0.0251602 0.0340056 0.0435522 0.0528081 0.0606351 0.0661602 0.0690482 0.0694633 0.0678433 0.0646955 0.0605 0.0556766 0.0505681 0.0454308 0.0404338 0.0356604 0.031111 0.026717 0.0223861 0.0180758 0.0138618 0.00994702
 0.00727477 0.0119221 0.018137 0.0259197 0.0350357 0.0448614 0.0543594 0.0623412 0.0678975 0.0706828 0.0708767 0.0689473 0.0654356 0.0608506 0.0556324 0.0501357 0.0446242 0.039274 0.034181 0.0293669 0.0247951 0.0204092 0.0161916 0.0122132 0.00863511
 0.00742111 0.0121611 0.0184996 0.0264367 0.0357343 0.0457569 0.055446 0.0635842 0.0692334 0.0720255 0.0721292 0.0700141 0.0662362 0.0613282 0.0557577 0.0499031 0.0440448 0.0383705 0.0329877 0.027936 0.0232054 0.0187686 0.0146268 0.0108451 0.00754773
 0.00752585 0.0123311 0.0187551 0.0267969 0.0362144 0.046364 0.0561736 0.0644109 0.0701255 0.0729423 0.073025 0.0708387 0.0669336 0.0618408 0.0560334 0.0499037 0.0437516 0.0377854 0.0321333 0.0268572 0.021972 0.0174751 0.0133822 0.00975171 0.0066766
 0.00761314 0.0124709 0.0189616 0.0270821 0.0365858 0.0468222 0.0567088 0.0650025 0.0707456 0.0735616 0.0736179 0.0713828 0.0674069 0.0622168 0.0562789 0.0499821 0.0436289 0.0374397 0.0315628 0.0260862 0.0210532 0.0164866 0.0124164 0.00889554 0.00599089
 0.00766261 0.0125449 0.0190613 0.0272055 0.0367302 0.0469865 0.0568963 0.0652195 0.0709989 0.0738546 0.0739482 0.0717411 0.0677763 0.0625732 0.0565915 0.0502135 0.0437391 0.0373926 0.0313356 0.0256789 0.0204953 0.0158354 0.0117469 0.00828252 0.00548946
 0.00774322 0.0126674 0.0192295 0.0274162 0.0369733 0.0472462 0.0571525 0.0654518 0.0711919 0.0740042 0.0740627 0.0718374 0.0678712 0.0626756 0.056697 0.0503044 0.0437867 0.0373632 0.0311991 0.0254198 0.020121 0.0153799 0.0112635 0.00782944 0.00511272
 0.00778241 0.012732 0.0193278 0.0275554 0.0371564 0.0474684 0.0573985 0.0656965 0.0714071 0.0741671 0.0741639 0.0718823 0.067877 0.0626637 0.0566845 0.0502972 0.0437766 0.0373293 0.0311152 0.0252641 0.0198867 0.0150813 0.010934 0.00751099 0.00484163
 0.00780979 0.0127697 0.0193725 0.0276008 0.0371965 0.0475018 0.0574306 0.0657375 0.0714664 0.0742469 0.0742573 0.0719766 0.0679604 0.0627304 0.056736 0.0503384 0.0438093 0.0373475 0.0311049 0.0252085 0.0197754 0.0149174 0.0107363 0.00730796 0.00466118
 0.00785842 0.0128402 0.0194623 0.0277013 0.0372946 0.0475829 0.0574827 0.0657547 0.0714509 0.07421 0.074216 0.0719472 0.0679521 0.062743 0.0567625 0.0503701 0.0438386 0.0373677 0.0311078 0.0251845 0.0197164 0.0148225 0.0106149 0.00717763 0.00454123
 0.00786184 0.0128481 0.019478 0.0277285 0.0373349 0.0476335 0.0575343 0.0657937 0.0714644 0.0741921 0.0741714 0.0718905 0.0679019 0.0627151 0.0567642 0.0503989 0.0438849 0.0374185 0.0311501 0.0252069 0.0197112 0.0147876 0.0105554 0.00710495 0.00446913
 0.00788275 0.0128745 0.019504 0.0277448 0.0373324 0.0476082 0.0574906 0.0657427 0.0714183 0.074158 0.0741492 0.0718757 0.0678914 0.0627105 0.056771 0.0504225 0.043926 0.037472 0.0312058 0.0252532 0.0197383 0.0147909 0.0105364 0.00707095 0.00442993
 0.0079161 0.0129251 0.0195731 0.0278297 0.0374261 0.0476987 0.0575628 0.0657814 0.0714141 0.074112 0.0740728 0.0717859 0.0678037 0.0626346 0.0567115 0.0503811 0.0439033 0.0374666 0.0312134 0.0252663 0.0197485 0.0147915 0.0105254 0.00705065 0.00440565
 0.00789939 0.0129008 0.0195418 0.0277939 0.0373893 0.0476647 0.0575337 0.0657576 0.0713938 0.0740921 0.0740513 0.0717637 0.0677851 0.0626258 0.0567179 0.0504047 0.0439426 0.0375175 0.0312702 0.0253223 0.0197971 0.0148275 0.0105462 0.00705773 0.00440318
 0.00790467 0.0129028 0.0195332 0.0277644 0.03733 0.0475726 0.0574163 0.0656317 0.07128 0.0740075 0.074004 0.0717524 0.0678028 0.0626645 0.0567713 0.0504693 0.0440161 0.0375971 0.0313518 0.0254004 0.0198659 0.0148823 0.0105847 0.00708065 0.00441386
 0.00787063 0.0128539 0.0194711 0.0276938 0.0372556 0.0474964 0.0573355 0.0655417 0.0711798 0.0739042 0.0739124 0.0716903 0.0677831 0.0626903 0.0568366 0.0505628 0.0441258 0.0377131 0.0314661 0.0255067 0.0199587 0.0149575 0.0106405 0.00711784 0.00443565
 0.00786435 0.0128326 0.0194192 0.0275922 0.0370887 0.0472619 0.0570521 0.0652458 0.0709139 0.0737018 0.0737903 0.0716494 0.0678158 0.0627865 0.0569852 0.0507505 0.0443371 0.0379314 0.0316764 0.0256972 0.0201212 0.0150875 0.0107374 0.00718437 0.00447725
 0.00785933 0.012828 0.0194178 0.0275962 0.0370961 0.0472629 0.0570281 0.0651761 0.0707865 0.0735236 0.0735879 0.0714597 0.0676721 0.0627084 0.0569767 0.0508042 0.044439 0.038065 0.0318249 0.0258449 0.0202556 0.0152001 0.0108242 0.00724574 0.00451677
 0.00782045 0.0127643 0.0193217 0.027462 0.036923 0.0470584 0.0568092 0.0649657 0.0706056 0.0733837 0.0734896 0.0713993 0.067649 0.0627281 0.0570464 0.0509267 0.0446086 0.0382679 0.0320425 0.0260584 0.0204489 0.0153619 0.0109493 0.00733473 0.00457467
 0.0078156 0.0127513 0.0192926 0.0274061 0.0368295 0.0469205 0.0566286 0.0647549 0.070386 0.0731809 0.0733264 0.0712902 0.0675985 0.0627327 0.0571002 0.0510242 0.0447451 0.0384364 0.0322319 0.0262533 0.0206331 0.0155219 0.0110766 0.00742744 0.00463618
 0.00778636 0.0127047 0.0192242 0.0273121 0.0367065 0.0467666 0.056445 0.0645471 0.0701656 0.0729653 0.0731374 0.0711498 0.0675237 0.0627314 0.0571699 0.0511544 0.0449213 0.0386434 0.0324547 0.026477 0.0208426 0.0157042 0.011223 0.00753515 0.00470845
 0.00774761 0.0126419 0.0191303 0.0271811 0.0365357 0.0465585 0.0562095 0.064301 0.069929 0.0727571 0.0729721 0.0710377 0.067472 0.0627451 0.0572502 0.051297 0.0451159 0.0388745 0.0327043 0.0267266 0.0210754 0.0159064 0.0113857 0.0076556 0.0047899
 0.0076971 0.0125616 0.019013 0.0270215 0.0363318 0.0463137 0.0559341 0.0640135 0.0696533 0.0725179 0.0727904 0.0709271 0.0674384 0.0627874 0.0573626 0.0514709 0.0453398 0.0391341 0.0329825 0.0270046 0.0213347 0.0161316 0.0115671 0.00779015 0.00488122
 0.00768604 0.0125401 0.0189739 0.0269562 0.0362319 0.0461743 0.0557571 0.063808 0.0694345 0.0723039 0.072599 0.0707744 0.0673373 0.0627467 0.0573859 0.0515564 0.0454808 0.0393197 0.033198 0.0272326 0.0215568 0.0163313 0.0117322 0.00791528 0.00496762
 0.00766104 0.012502 0.0189211 0.0268881 0.0361483 0.0460744 0.0556393 0.0636717 0.0692819 0.0721417 0.0724393 0.0706321 0.0672275 0.0626821 0.0573749 0.0516019 0.0455807 0.0394665 0.0333795 0.027433 0.0217585 0.0165171 0.0118891 0.00803616 0.00505226
 0.00763627 0.0124615 0.01886 0.0268023 0.0360362 0.0459385 0.0554876 0.0635163 0.0691357 0.0720143 0.0723349 0.0705517 0.067172 0.0626547 0.0573808 0.0516467 0.0456671 0.0395928 0.0335385 0.0276126 0.0219431 0.0166907 0.0120382 0.00815271 0.00513493
 0.00761803 0.0124305 0.018811 0.0267297 0.0359353 0.045808 0.0553314 0.0633447 0.0689639 0.071859 0.0722105 0.070467 0.0671299 0.0626527 0.0574149 0.0517134 0.0457644 0.0397188 0.0336891 0.0277798 0.022115 0.0168536 0.0121796 0.00826462 0.00521517
 0.00759201 0.0123921 0.01876 0.026668 0.0358655 0.0457315 0.055248 0.063253 0.0688636 0.0717533 0.0721066 0.0703756 0.0670616 0.0626159 0.0574133 0.0517467 0.0458296 0.039812 0.0338055 0.0279126 0.022255 0.0169895 0.0123004 0.00836223 0.00528652
 0.00758466 0.0123794 0.0187398 0.0266382 0.0358251 0.0456819 0.0551929 0.0631977 0.0688121 0.0717062 0.0720615 0.0703292 0.0670134 0.0625702 0.0573779 0.05173 0.0458379 0.0398475 0.0338667 0.0279946 0.02235 0.0170878 0.0123919 0.00843905 0.00534441
 0.00757316 0.0123615 0.0187142 0.0266043 0.0357826 0.0456311 0.0551352 0.063136 0.068751 0.0716511 0.072017 0.0702974 0.0669937 0.0625599 0.0573753 0.0517358 0.0458551 0.0398801 0.0339168 0.0280611 0.0224282 0.01717 0.0124697 0.00850519 0.00539493
 0.007528 0.0122936 0.0186223 0.0264911 0.0356542 0.0454957 0.0550023 0.0630154 0.0686522 0.0715814 0.0719806 0.0702951 0.0670227 0.062615 0.0574495 0.0518222 0.0459483 0.0399773 0.0340169 0.0281631 0.0225296 0.0172662 0.0125552 0.00857521 0.00544716
 0.00753408 0.0122987 0.0186214 0.0264771 0.0356202 0.045439 0.0549265 0.0629302 0.0685695 0.0715115 0.0719288 0.0702622 0.0670073 0.062615 0.0574635 0.0518486 0.0459855 0.0400234 0.0340703 0.0282223 0.0225922 0.0173288 0.0126134 0.00862485 0.00548547
 0.00753107 0.012297 0.0186243 0.0264885 0.0356426 0.0454698 0.0549573 0.0629486 0.0685646 0.0714791 0.071874 0.0701963 0.0669427 0.0625611 0.0574249 0.0518264 0.0459788 0.0400306 0.0340894 0.0282511 0.022628 0.0173683 0.0126525 0.00865968 0.00551332
 0.00751938 0.0122787 0.0185986 0.0264556 0.0356048 0.0454318 0.0549257 0.0629297 0.0685609 0.0714877 0.0718866 0.0702041 0.0669408 0.0625507 0.0574118 0.0518173 0.0459786 0.0400412 0.0341104 0.0282805 0.0226629 0.0174054 0.0126882 0.00869085 0.00553792
 0.00750467 0.0122546 0.0185619 0.0264038 0.0355365 0.0453486 0.0548333 0.0628382 0.0684829 0.0714347 0.0718654 0.0702144 0.0669757 0.0625999 0.0574658 0.0518707 0.0460302 0.0400922 0.0341622 0.0283331 0.0227149 0.0174543 0.0127314 0.00872622 0.00556448
 0.00749067 0.0122307 0.0185241 0.0263477 0.0354586 0.0452483 0.0547144 0.0627095 0.0683575 0.0713271 0.071789 0.0701785 0.0669837 0.0626482 0.057545 0.0519683 0.0461345 0.040195 0.0342588 0.0284215 0.0227938 0.0175224 0.0127875 0.00876963 0.00559562
 0.00747508 0.0122064 0.0184891 0.0263008 0.0353989 0.0451753 0.0546285 0.0626129 0.0682547 0.0712254 0.0716984 0.0701099 0.0669469 0.0626494 0.0575846 0.0520411 0.0462306 0.0403028 0.0343678 0.0285238 0.0228848 0.0175993 0.0128491 0.00881613 0.00562822
 0.00747508 0.0122064 0.0184891 0.0263008 0.0353989 0.0451753 0.0546285 0.0626129 0.0682547 0.0712254 0.0716984 0.0701099 0.0669469 0.0626494 0.0575846 0.0520411 0.0462306 0.0403028 0.0343678 0.0285238 0.0228848 0.0175993 0.0128491 0.00881613 0.00562822
 0.00721623 0.0117927 0.0178817 0.0254737 0.0343506 0.0439434 0.0533008 0.0613227 0.0671546 0.070448 0.0713239 0.070155 0.0673721 0.0633783 0.0585236 0.0530957 0.0473168 0.0413519 0.0353288 0.0293624 0.0235818 0.0181495 0.0132592 0.0091025 0.00581409
 0.00738412 0.0120305 0.0181731 0.0257774 0.0346069 0.0440876 0.053278 0.0611007 0.0667342 0.0698687 0.0706612 0.069505 0.0668282 0.0630081 0.0583567 0.0531233 0.0475017 0.0416425 0.0356713 0.0297103 0.0239004 0.0184174 0.0134674 0.00925216 0.00591319
 0.00728049 0.0118936 0.0180239 0.0256506 0.0345357 0.0440818 0.0533102 0.0611107 0.0666535 0.0696523 0.0703092 0.0690647 0.0663788 0.0626365 0.0581334 0.0530866 0.0476513 0.0419447 0.0360716 0.030148 0.0243219 0.018784 0.0137585 0.00946387 0.00605411
 0.00727645 0.0118745 0.0179741 0.0255531 0.034383 0.0438882 0.0531155 0.060967 0.0665968 0.069677 0.0703647 0.0690812 0.0663063 0.0624721 0.0579226 0.0529002 0.0475545 0.0419733 0.0362237 0.030391 0.0246075 0.0190651 0.0140005 0.00964957 0.00618219
 0.00712688 0.0116438 0.0176498 0.0251313 0.0338682 0.0432941 0.0524694 0.0603159 0.0660076 0.0692261 0.0701159 0.0690602 0.0664887 0.0627946 0.0583132 0.0533095 0.0479682 0.0424017 0.036679 0.030869 0.0250838 0.0195041 0.01437 0.00993184 0.00637727
 0.00703844 0.0114874 0.0173923 0.0247368 0.0333099 0.0425708 0.0516185 0.0594122 0.0651471 0.068502 0.069601 0.0688005 0.0665005 0.0630621 0.0587895 0.0539266 0.0486565 0.0431079 0.0373713 0.0315291 0.0256942 0.0200432 0.0148161 0.0102722 0.00661404
 0.00710599 0.011593 0.0175412 0.0249259 0.0335217 0.0427688 0.0517476 0.0594102 0.0649666 0.0681334 0.0690833 0.0682113 0.0659335 0.062601 0.0584895 0.0538063 0.048701 0.0432805 0.037629 0.0318331 0.026013 0.0203499 0.0150877 0.0104919 0.00677483
 0.00713987 0.0116593 0.0176612 0.0251246 0.0338197 0.043169 0.052223 0.0599002 0.0653863 0.0683943 0.0691184 0.0679968 0.0654988 0.0620223 0.0578676 0.0532381 0.0482556 0.0429886 0.0374861 0.031812 0.026077 0.020462 0.0152159 0.0106117 0.00687141
 0.00719207 0.0117471 0.0177992 0.0253296 0.0341082 0.0435527 0.0527017 0.0604548 0.0659739 0.0689487 0.0695576 0.0682399 0.0654882 0.0617445 0.0573622 0.0525888 0.0475664 0.0423546 0.0369718 0.0314435 0.0258475 0.0203444 0.0151751 0.0106148 0.0068928
 0.00705842 0.0115433 0.0175188 0.0249783 0.0337063 0.043136 0.0523215 0.0601732 0.0658511 0.0690242 0.0698331 0.0686721 0.0659955 0.0622291 0.0577392 0.0528124 0.0476412 0.0423268 0.0369052 0.0313929 0.0258425 0.0203868 0.0152487 0.0106972 0.00696609
 0.00692193 0.0113111 0.0171518 0.0244383 0.03297 0.0422149 0.0512783 0.0591214 0.0649321 0.0683715 0.0695391 0.0687691 0.0664523 0.0629595 0.0586226 0.0537223 0.0484757 0.0430295 0.0374677 0.0318392 0.0262055 0.0206904 0.0155017 0.010899 0.00711526
 0.00697908 0.0113887 0.0172388 0.0245102 0.0329899 0.0421387 0.0510641 0.0587429 0.0643952 0.0677258 0.0688763 0.0682025 0.0660847 0.0628515 0.0587751 0.0540801 0.0489492 0.0435259 0.0379181 0.0322112 0.0264981 0.0209183 0.0156803 0.0110375 0.00721783
 0.00694559 0.0113486 0.0172038 0.0244976 0.0330138 0.0421985 0.0511351 0.0587779 0.0643382 0.0675335 0.0685392 0.067756 0.0656054 0.062437 0.0585136 0.054021 0.0490883 0.0438123 0.0382777 0.0325748 0.0268198 0.021179 0.0158797 0.0111836 0.00732002
 0.00706803 0.0115392 0.0174749 0.0248556 0.0334581 0.0427198 0.0517107 0.059366 0.0648754 0.0679408 0.0687369 0.0676874 0.0652591 0.0618596 0.0578017 0.0532937 0.0484513 0.0433281 0.0379574 0.0323899 0.0267259 0.0211365 0.0158628 0.0111792 0.0073219
