SBPRF35
12.7214
Curr Bio
841242
B35
855630
F35
0.171941
FOFL
0.17151
OFL
119536
Bzero
3.63469e+006
#pred survey bio
 2.93053e+006 2.67783e+006 2.43804e+006 2.21302e+006 1.98266e+006 1.76091e+006 1.57616e+006 1.38502e+006 1.19929e+006 1.04414e+006 928157 840726 765914 706964 653481 617266 584405 565464 555426 540135 535793 524325 525092 533772 532768 534064 534220 540143 551452 562094 574656 581565 596457 598441 611735 618460 628155 627964 635572 634765 645135 664362 674398 674400 672991 672887 674660 720042 748601 789780 820780 834692 860527 867910 872952 858821 837822 835759 821238 811811 794278 796718 828198 846778 3.0069e+007 1.82315e+007 1.8668e+007 1.95626e+007 2.07434e+007 2.20156e+007 2.32373e+007 2.43267e+007 2.52499e+007 2.60051e+007 2.66077e+007 2.70804e+007 2.74468e+007 2.77287e+007 2.79448e+007 2.81101e+007 2.82367e+007 2.83338e+007 2.84085e+007 2.84662e+007 2.8511e+007 2.85459e+007 2.85731e+007 2.85946e+007 2.86115e+007 2.8625e+007 2.86356e+007 2.86441e+007 2.86509e+007 2.86564e+007 2.86608e+007 2.86643e+007 2.86672e+007 2.86695e+007 2.86714e+007 2.86729e+007 2.86741e+007 2.86752e+007 2.8676e+007 2.86767e+007 2.86772e+007 2.86777e+007 2.8678e+007 2.86783e+007 2.86786e+007 2.86788e+007 2.86789e+007 2.86791e+007 2.86792e+007 2.86793e+007 2.86793e+007 2.86794e+007 2.86794e+007 2.86795e+007 2.86795e+007 2.86795e+007 2.86796e+007 2.86796e+007 2.86796e+007 2.86796e+007 2.86796e+007 2.86796e+007 2.86796e+007 2.86796e+007 2.86796e+007 2.86797e+007 2.86797e+007 2.86797e+007 2.86797e+007 2.86797e+007 2.86797e+007 2.86797e+007 2.86797e+007 2.86797e+007 2.86797e+007 2.86797e+007 2.86797e+007 2.86797e+007 2.86797e+007 2.86797e+007 2.86797e+007 2.86797e+007 2.86797e+007 2.86797e+007 2.86797e+007 2.86797e+007 2.86797e+007 2.86797e+007 2.86797e+007 2.86797e+007 2.86797e+007 2.86797e+007 2.86797e+007 2.86797e+007 2.86797e+007 2.86797e+007 2.86797e+007 2.86797e+007 2.86797e+007 2.86797e+007 0 0 0 0 0 0 0 0 0 0 0 0 0 0 0 0 0 0 0 0 0 0 0 0 0
#obs survey bio
 2.53466e+006 2.67558e+006 3.24528e+006 2.60726e+006 2.21672e+006 1.64844e+006 1.2379e+006 1.19883e+006 1.12329e+006 726942 768428 951860 634274 753457 809627 475344 557904 493308 561221 367384 652596 566151 430867 497107 654533 385726 505583 380602 559032 632307 559102 803326 569156 738366 489159 601929 534756 822234 645004 669239 510026 612315 734594 703102 575297 670496 565546 811687 777306 784835 856717 820457 751923 872806 953607 816229 1.2448e+006 736566 1.06528e+006 733390 713651 723264 1.04427e+006 807680
#pred catch bio
 269249 272937 275309 294526 300162 278842 293463 293122 267121 232504 206779 193405 176075 166992 148164 141969 127208 117676 120349 109717 114067 102142 95568.3 103903 101803 102799 98250.7 94958.3 97081.6 96643.1 101618 94561 105062 95721.5 102578 100996 109614 102971 110228 101556 96446.6 106120 114485 114608 112685 110801 75738.5 92936.3 84235.1 95271.3 111001 101550 117965 119556 134715 138339 120881 131718 127640 135093 118932 96602.9 109793 115417 119536 120809 122603 127411 134552 142394 149877 156444 161889 166222 169565 172086 173953 175315 176299 177003 177503 177856 178105 178279 178401 178485 178544 178585 178614 178633 178647 178656 178663 178667 178670 178672 178674 178675 178675 178676 178676 178676 178676 178677 178677 178677 178677 178677 178677 178677 178677 178677 178677 178677 178677 178677 178677 178677 178677 178677 178677 178677 178677 178677 178677 178677 178677 178677 178677 178677 178677 178677 178677 178677 178677 178677 178677 178677 178677 178677 178677 178677 178677 178677 178677 178677 178677 178677 178677 178677 178677 178677 178677 178677 178677 178677 178677 178677 178677 178677 178677 178677 178677 178677 0 0 0 0 0 0 0 0 0 0 0 0 0 0 0 0 0 0 0 0 0 0 0 0 0
#obs catch bio
 233514 273991 276206 294004 299827 279331 296136 296006 270136 234802 209598 195400 176832 167535 147817 142894 128061 118031 120800 110411 115030 102064 95536.6 104135 101632 103383 98365.1 95289.3 97526.2 97238.4 102525 94526.2 105002 95166.3 102786 101399 109970 102918 110276 101299 96727.1 106738 114854 114390 112592 110987 75341.7 93154.3 84168.7 95349.7 111362 101516 118007 119425 134327 138036 119720 131129 126761 134689 119024 96535.6 109912 115444
#pred cpue bio
 2.89103e+006 2.63928e+006 2.39989e+006 2.17539e+006 1.9459e+006 1.72475e+006 1.54045e+006 1.35044e+006 1.16634e+006 1.01281e+006 897999 811648 738199 680512 628328 592977 560902 542598 533003 518118 513942 503063 504040 512542 511567 512793 512954 518742 529689 540033 552438 559542 574506 576595 589443 595806 605328 605259 612794 611996 621897 640472 650391 650712 649527 649480 651185 695746 724026 764563 794974 808623 834080 841414 846483 832746 812209 810084 795501 785912 768388 770557 801545 820085 2.91372e+007 1.76709e+007 1.79982e+007 1.8787e+007 1.9938e+007 2.12045e+007 2.24254e+007 2.35146e+007 2.44378e+007 2.5193e+007 2.57956e+007 2.62683e+007 2.66347e+007 2.69166e+007 2.71327e+007 2.7298e+007 2.74246e+007 2.75217e+007 2.75964e+007 2.76541e+007 2.76989e+007 2.77338e+007 2.7761e+007 2.77825e+007 2.77994e+007 2.78129e+007 2.78235e+007 2.7832e+007 2.78388e+007 2.78443e+007 2.78487e+007 2.78522e+007 2.78551e+007 2.78574e+007 2.78593e+007 2.78608e+007 2.7862e+007 2.78631e+007 2.78639e+007 2.78646e+007 2.78651e+007 2.78656e+007 2.78659e+007 2.78662e+007 2.78665e+007 2.78667e+007 2.78668e+007 2.7867e+007 2.78671e+007 2.78672e+007 2.78672e+007 2.78673e+007 2.78673e+007 2.78674e+007 2.78674e+007 2.78674e+007 2.78675e+007 2.78675e+007 2.78675e+007 2.78675e+007 2.78675e+007 2.78675e+007 2.78675e+007 2.78675e+007 2.78675e+007 2.78675e+007 2.78676e+007 2.78676e+007 2.78676e+007 2.78676e+007 2.78676e+007 2.78676e+007 2.78676e+007 2.78676e+007 2.78676e+007 2.78676e+007 2.78676e+007 2.78676e+007 2.78676e+007 2.78676e+007 2.78676e+007 2.78676e+007 2.78676e+007 2.78676e+007 2.78676e+007 2.78676e+007 2.78676e+007 2.78676e+007 2.78676e+007 2.78676e+007 2.78676e+007 2.78676e+007 2.78676e+007 2.78676e+007 2.78676e+007 2.78676e+007 2.78676e+007 2.78676e+007 2.78676e+007 2.78676e+007 0 0 0 0 0 0 0 0 0 0 0 0 0 0 0 0 0 0 0 0 0 0 0 0 0
#obs cpue bio
 1.89897e+006 1.7736e+006 1.8395e+006 3.50705e+006 1.6765e+006 1.2389e+006 1.2253e+006 1.43928e+006 992860 1.29209e+006 721563 767012 1.07613e+006 670264 639640 478467 495294 681328 531846 523060 391951 706832 555536 519563 506117 434449 674090 572070 474428 372473 469721 639144 759244 611383 457205 449008 843852 514721 658980 673994 445862 585103 739281 893936 702748 669087 811584 548569 627044 750770 733718 794190 1.19512e+006 817740 1.06299e+006 897711 945282 752510 729897 775876 612541 697480 727778 898884
#pred surv len freq
 0.00483725 0.00791441 0.0120237 0.0171784 0.0232652 0.0299505 0.0366572 0.0427114 0.0475951 0.051111 0.053356 0.0545762 0.0550383 0.0549684 0.0545395 0.0538777 0.0530759 0.0521955 0.0512263 0.0500031 0.0481392 0.0450838 0.040368 0.0339416 0.0263662
 0.00519244 0.00844408 0.0127355 0.0180576 0.0242913 0.031117 0.0379753 0.0441881 0.0491944 0.0527259 0.0548162 0.0556966 0.0556835 0.0550999 0.0542192 0.0532292 0.0522246 0.0512139 0.0501105 0.0486925 0.0465745 0.0432751 0.038429 0.0320647 0.0247491
 0.00535643 0.00875687 0.0132879 0.018953 0.0256103 0.0328687 0.0400656 0.0464333 0.0513828 0.0546874 0.0564517 0.0569549 0.05652 0.0554605 0.0540627 0.0525622 0.0511119 0.0497524 0.048386 0.0467551 0.044454 0.0410261 0.0361674 0.0299605 0.0229724
 0.00560598 0.00913707 0.0138174 0.019645 0.0264857 0.0339682 0.0414435 0.0481257 0.0533627 0.0568359 0.0585719 0.058826 0.0579586 0.056353 0.0543601 0.0522607 0.0502411 0.048373 0.0465834 0.0446274 0.0421065 0.0385804 0.0337735 0.0277875 0.0211699
 0.0059358 0.0096683 0.0146055 0.0207326 0.0278891 0.0356619 0.0433512 0.0501344 0.0553563 0.0587281 0.0603092 0.060359 0.0592108 0.0572159 0.0547203 0.0520341 0.0493944 0.0469265 0.0446047 0.0422248 0.039425 0.0357977 0.0310899 0.0253986 0.019226
 0.00624473 0.0101773 0.0153839 0.0218483 0.0293942 0.037568 0.0456052 0.0526085 0.0578664 0.0610747 0.0623238 0.0619339 0.0603001 0.0578108 0.054815 0.0516064 0.0484113 0.0453689 0.0424953 0.0396463 0.0365256 0.0327823 0.0281938 0.022844 0.0171714
 0.00643031 0.0104954 0.0158938 0.0226184 0.0304901 0.039033 0.0474374 0.0547473 0.0601937 0.0634306 0.0645287 0.0638158 0.0617211 0.0586853 0.0551105 0.0513244 0.0475638 0.0439681 0.0405654 0.0372509 0.0337922 0.0299064 0.0254128 0.0203862 0.0151985
 0.00663053 0.0108313 0.0164198 0.0233935 0.0315693 0.0404504 0.0491881 0.0567761 0.0623989 0.065677 0.0666644 0.0656875 0.063189 0.0596392 0.0554802 0.0510831 0.04672 0.0425533 0.0386297 0.0348732 0.0311001 0.0270864 0.0226927 0.0179875 0.0132789
 0.00688917 0.0112517 0.0170525 0.0242866 0.0327601 0.0419526 0.0509766 0.0587803 0.0645092 0.0677628 0.0685925 0.0673353 0.0644521 0.0604345 0.0557489 0.0507919 0.0458618 0.0411477 0.0367248 0.0325529 0.0284949 0.0243775 0.0200951 0.0157075 0.0114613
 0.00722106 0.0117719 0.0177998 0.0252848 0.0340158 0.0434512 0.052676 0.0606072 0.0663656 0.0695397 0.0701858 0.0686549 0.0654255 0.0610067 0.0558804 0.0504567 0.0450477 0.0398601 0.0349951 0.0304502 0.0261363 0.021929 0.0177523 0.0136561 0.00983008
 0.00739784 0.0120768 0.0182899 0.0260209 0.0350454 0.0447837 0.0542621 0.0623394 0.0681036 0.0711488 0.0715641 0.0697404 0.0661856 0.0614235 0.0559405 0.0501473 0.0443579 0.0387871 0.0335548 0.0286913 0.0241524 0.01986 0.0157667 0.0119149 0.00844485
 0.00745587 0.0121819 0.0184697 0.0263125 0.0354923 0.0454282 0.0551318 0.0634325 0.0693772 0.0725167 0.0729088 0.0709378 0.0671332 0.0620567 0.0562319 0.0500934 0.0439639 0.0380613 0.0325133 0.0273718 0.0226279 0.0182432 0.0141967 0.0105269 0.00733467
 0.00756412 0.0123488 0.0187044 0.0266199 0.0358754 0.0458909 0.0556808 0.0640748 0.0701144 0.0733376 0.0737815 0.0718062 0.0679209 0.0626818 0.0566243 0.0502072 0.0437801 0.0375819 0.0317568 0.0263749 0.0214527 0.0169813 0.0129608 0.00942739 0.00645128
 0.00760753 0.0124282 0.0188397 0.0268332 0.0361844 0.0462992 0.056171 0.064612 0.0706594 0.0738628 0.074278 0.0722767 0.0683647 0.0630804 0.0569381 0.050384 0.0437703 0.0373514 0.0312959 0.0257014 0.0206138 0.0160516 0.0120324 0.00859088 0.0057733
 0.00779091 0.0126975 0.0191923 0.0272502 0.0366386 0.0467669 0.0566387 0.0650727 0.0711039 0.0742718 0.0746253 0.0725396 0.0685338 0.0631609 0.0569405 0.0503106 0.043608 0.0370766 0.0308871 0.0251537 0.0199491 0.0153194 0.0113015 0.0079318 0.0052385
 0.00786015 0.0128179 0.0193863 0.0275388 0.0370315 0.0472497 0.0571666 0.0655794 0.0715247 0.0745696 0.0748003 0.0726183 0.0685483 0.0631333 0.0568787 0.050212 0.0434629 0.0368699 0.0306016 0.0247788 0.0194905 0.0148052 0.0107785 0.00745239 0.00484454
 0.0078953 0.0128794 0.0194874 0.0276963 0.0372632 0.0475695 0.0575768 0.0660626 0.0720402 0.0750575 0.0751961 0.0728733 0.0686451 0.0630875 0.0567264 0.0499917 0.0432016 0.0365786 0.0302789 0.0244196 0.0190955 0.0143883 0.0103673 0.00708086 0.00454088
 0.00794515 0.0129401 0.0195423 0.0277198 0.0372314 0.0474753 0.0574412 0.0659327 0.0719736 0.0750993 0.0753599 0.0731355 0.0689548 0.0633857 0.0569664 0.0501495 0.0432742 0.0365742 0.0302072 0.0242879 0.0189116 0.014166 0.0101284 0.00685198 0.00434592
 0.00799177 0.0130069 0.0196248 0.0278053 0.0372988 0.0474978 0.0573925 0.0657976 0.0717602 0.0748459 0.0751292 0.0729935 0.0689438 0.0635076 0.0571841 0.0504055 0.043513 0.0367573 0.0303165 0.0243209 0.0188762 0.0140771 0.0100067 0.00672081 0.00422624
 0.00804798 0.0131037 0.0197797 0.028035 0.0376116 0.0478835 0.057814 0.0661929 0.0720569 0.0749851 0.0750865 0.0727893 0.0686361 0.0631713 0.0568839 0.0501762 0.043355 0.0366473 0.0302243 0.0242231 0.018762 0.0139481 0.00987245 0.00659453 0.00411964
 0.00787202 0.0128489 0.0194549 0.027671 0.0372555 0.0475873 0.0576232 0.066137 0.072142 0.0751896 0.0753643 0.0730829 0.0688966 0.0633744 0.057034 0.0502957 0.0434674 0.0367625 0.030336 0.0243158 0.0188214 0.0139688 0.00985975 0.00656069 0.00407861
 0.00797481 0.0129717 0.01956 0.0277006 0.037154 0.0473325 0.0572485 0.0657268 0.0717999 0.074996 0.0753481 0.0732186 0.0691238 0.0636254 0.0572571 0.050467 0.0435881 0.0368476 0.0304004 0.024366 0.0188561 0.0139844 0.00985601 0.00654254 0.00405394
 0.00805557 0.01309 0.0197113 0.0278658 0.0372959 0.047398 0.0571776 0.0654745 0.0713635 0.0744348 0.0747745 0.0727596 0.0688709 0.0636026 0.0574237 0.0507465 0.0439043 0.037147 0.0306564 0.0245709 0.0190111 0.0140934 0.00992474 0.00657912 0.00406831
 0.00798573 0.0129926 0.019594 0.0277448 0.0371894 0.0473161 0.0571138 0.0654037 0.0712503 0.074249 0.0745109 0.0724504 0.0685826 0.0634131 0.0573897 0.0508803 0.0441716 0.0374868 0.0310065 0.0248859 0.0192673 0.0142847 0.0100559 0.00666095 0.00411388
 0.00803968 0.0130683 0.0196865 0.0278436 0.0372839 0.0474017 0.0571945 0.0654868 0.0713351 0.0743171 0.0745271 0.0723779 0.0684051 0.0631503 0.0570958 0.0506224 0.0440026 0.0374253 0.0310367 0.0249718 0.0193712 0.0143793 0.010128 0.00670836 0.00414092
 0.00800023 0.0130193 0.0196401 0.0278185 0.0372981 0.0474622 0.0572918 0.065598 0.0714354 0.0743909 0.0745707 0.0723915 0.0683847 0.063088 0.0569893 0.0504857 0.0438655 0.0373221 0.0309891 0.0249808 0.0194198 0.0144438 0.0101888 0.00675479 0.00417096
 0.00803906 0.0130665 0.0196828 0.0278378 0.0372779 0.0474005 0.057207 0.0655231 0.0714021 0.0744128 0.0746371 0.0724761 0.0684588 0.0631311 0.056992 0.050449 0.0438004 0.0372475 0.0309268 0.0249464 0.0194172 0.0144654 0.0102213 0.00678633 0.00419494
 0.00809783 0.013149 0.0197817 0.0279362 0.0373509 0.0474216 0.0571552 0.065392 0.0712059 0.0741874 0.0744311 0.0723326 0.0683995 0.0631496 0.0570613 0.0505363 0.0438805 0.0373092 0.0309716 0.0249831 0.0194541 0.0145056 0.0102621 0.00682271 0.00422289
 0.00803992 0.0130702 0.0196909 0.0278494 0.0372849 0.0473835 0.0571367 0.0653705 0.0711558 0.0740944 0.0743014 0.072194 0.0682901 0.0631025 0.0570908 0.0506339 0.044021 0.037463 0.0311163 0.0251074 0.0195563 0.0145882 0.0103277 0.00687272 0.00425842
 0.00793211 0.0129076 0.0194709 0.0275804 0.0369867 0.0470864 0.056877 0.0651832 0.0710633 0.0740964 0.074375 0.072305 0.0684104 0.0632219 0.057216 0.0507777 0.0441896 0.0376503 0.0313069 0.0252846 0.0197082 0.0147098 0.0104197 0.00693846 0.00430248
 0.00773342 0.0126063 0.0190584 0.0270651 0.0363934 0.0464543 0.056258 0.064639 0.0706562 0.0738755 0.0743623 0.0724882 0.0687483 0.0636579 0.0576958 0.0512612 0.044654 0.0380842 0.0317023 0.0256327 0.0200007 0.0149419 0.0105924 0.00705846 0.0043799
 0.00766638 0.0124838 0.0188504 0.0267384 0.0359239 0.0458437 0.0555466 0.0639041 0.0699938 0.0733729 0.0740771 0.0724406 0.0689242 0.0640174 0.0581836 0.051818 0.0452268 0.0386334 0.0322021 0.0260683 0.0203639 0.0152297 0.0108071 0.00720785 0.00447611
 0.00764428 0.0124313 0.01874 0.0265326 0.0355824 0.0453365 0.0548697 0.0630901 0.0691138 0.0725278 0.0733787 0.0719863 0.0687734 0.0641784 0.0586158 0.0524472 0.045966 0.0394007 0.0329326 0.0267175 0.0209071 0.0156583 0.0111248 0.00742765 0.00461691
 0.00781257 0.0126815 0.0190714 0.0269249 0.0359952 0.0457125 0.0551397 0.0631832 0.0689742 0.0721361 0.0727672 0.071239 0.068007 0.063512 0.0581401 0.0522046 0.0459475 0.0395585 0.0332004 0.0270301 0.0212126 0.0159232 0.0113333 0.00757772 0.00471574
 0.00780754 0.0126871 0.0191046 0.0270072 0.0361443 0.0459288 0.055397 0.0634287 0.0691419 0.0721663 0.072625 0.0709258 0.0675624 0.0630072 0.0576623 0.0518351 0.0457398 0.039526 0.0333175 0.0272457 0.0214691 0.0161718 0.0115426 0.00773465 0.00482168
 0.00770798 0.0125515 0.0189497 0.0268671 0.0360632 0.0459481 0.0555412 0.0636957 0.0694984 0.0725512 0.0729599 0.0711348 0.0675952 0.062856 0.0573658 0.0514665 0.0453841 0.0392539 0.0331671 0.0272171 0.0215326 0.016285 0.0116659 0.00784148 0.00490056
 0.0076284 0.0124155 0.0187348 0.0265542 0.0356478 0.0454552 0.0550334 0.0632652 0.0692394 0.0725241 0.0731667 0.0715176 0.0680575 0.0632962 0.0577084 0.0516814 0.0454881 0.039295 0.0331998 0.0272799 0.0216369 0.016418 0.0118035 0.00796172 0.00499123
 0.00763692 0.0124285 0.0187517 0.0265708 0.0356541 0.045434 0.0549639 0.0631329 0.0690493 0.0723094 0.0729829 0.0714201 0.0680754 0.0634167 0.0578827 0.0518489 0.0456039 0.0393464 0.0332049 0.0272715 0.0216431 0.0164503 0.0118565 0.00802126 0.00504403
 0.00762801 0.0124067 0.0187058 0.0264867 0.0355195 0.0452447 0.0547277 0.0628688 0.0687814 0.072061 0.0727759 0.0712779 0.0680227 0.0634719 0.0580454 0.052093 0.0458839 0.0396155 0.0334321 0.0274494 0.0217811 0.0165625 0.0119516 0.00810084 0.00510605
 0.00779537 0.0126516 0.0190232 0.0268525 0.0358946 0.0455836 0.0549875 0.0630149 0.0687933 0.0719365 0.0725324 0.0709496 0.067654 0.0631099 0.0577318 0.0518556 0.0457301 0.0395325 0.0333959 0.0274366 0.021778 0.0165648 0.0119598 0.00811432 0.00512196
 0.0078227 0.0127063 0.0191231 0.0270169 0.0361349 0.0458911 0.0553257 0.0633242 0.0690097 0.0720148 0.0724609 0.0707499 0.0673689 0.0627884 0.0574188 0.0515858 0.0455247 0.0393977 0.0333235 0.0274098 0.0217781 0.0165776 0.011977 0.00813186 0.00513778
 0.00761714 0.0124088 0.0187446 0.0265936 0.0357218 0.0455483 0.0551037 0.0632534 0.0690923 0.0722223 0.0727405 0.0710407 0.0676219 0.0629801 0.0575522 0.0516811 0.045607 0.0394863 0.0334269 0.0275251 0.0218954 0.0166853 0.0120665 0.0081998 0.00518512
 0.00745551 0.0121545 0.0183796 0.0261125 0.035139 0.0449061 0.0544759 0.0627349 0.0687741 0.0721598 0.0729326 0.0714317 0.068124 0.0635035 0.0580298 0.0520799 0.045925 0.0397402 0.0336382 0.0277092 0.0220583 0.0168256 0.0121805 0.00828549 0.00524421
 0.00746548 0.0121529 0.0183441 0.0260116 0.03494 0.0445893 0.0540479 0.0622351 0.0682699 0.0717319 0.0726549 0.0713506 0.0682442 0.063787 0.0584101 0.0524852 0.0462999 0.0400565 0.0338921 0.0279108 0.02222 0.0169561 0.0122836 0.00836276 0.00529791
 0.00749324 0.0121972 0.0184079 0.0260929 0.0350283 0.0446606 0.0540656 0.0621587 0.0680718 0.071416 0.0722644 0.070959 0.0679315 0.0636125 0.0583937 0.0526055 0.0465079 0.0402972 0.0341225 0.0281079 0.0223781 0.0170784 0.0123757 0.00842968 0.00534383
 0.00753883 0.012263 0.0184916 0.0261875 0.035124 0.044748 0.054136 0.0622018 0.0680725 0.0713543 0.0721237 0.0707384 0.0676558 0.0633304 0.0581627 0.0524696 0.0464822 0.0403654 0.0342491 0.0282545 0.0225161 0.0171931 0.0124633 0.00849225 0.00538577
 0.00760699 0.0123645 0.0186266 0.0263492 0.0352991 0.0449189 0.0542838 0.0623084 0.0681241 0.0713435 0.0720488 0.0706019 0.067464 0.0630972 0.0579129 0.0522381 0.0463039 0.0402625 0.0342226 0.0282869 0.0225808 0.0172657 0.0125278 0.00854183 0.00541993
 0.00735406 0.0119702 0.0180657 0.0256124 0.0343974 0.0438895 0.053195 0.0612583 0.067226 0.0707019 0.0717349 0.0706385 0.0678238 0.0637128 0.0586968 0.0531046 0.0471855 0.0411145 0.0350169 0.0290024 0.0231987 0.0177709 0.0129144 0.00881608 0.005599
 0.0073606 0.0119544 0.0179936 0.0254363 0.0340697 0.0433822 0.0525169 0.0604602 0.0663893 0.0699195 0.0710936 0.070207 0.0676448 0.0637974 0.0590224 0.05362 0.0478234 0.041807 0.0357067 0.0296464 0.0237667 0.0182433 0.0132821 0.00908147 0.00577505
 0.00728495 0.0118386 0.017831 0.025221 0.0337917 0.0430238 0.0520548 0.0598767 0.0656904 0.0691485 0.0703317 0.069556 0.0672005 0.063625 0.0591434 0.0540121 0.0484297 0.0425501 0.0365044 0.0304253 0.0244699 0.018834 0.0137437 0.00941541 0.00599723
 0.00718539 0.0116933 0.0176429 0.0250035 0.0335643 0.0428039 0.0518502 0.0596806 0.065481 0.0688965 0.0700145 0.0691759 0.0667958 0.0632657 0.0589104 0.0539691 0.0486025 0.0429201 0.0370175 0.0310087 0.0250512 0.0193551 0.0141685 0.00973161 0.00621177
 0.00715982 0.0116527 0.0175844 0.0249269 0.0334736 0.0427095 0.0517678 0.0596258 0.0654603 0.0688975 0.0700045 0.0691122 0.0666459 0.0630272 0.0586203 0.0536952 0.0484192 0.042881 0.037137 0.0312606 0.0253816 0.0197028 0.0144827 0.0099819 0.00638963
 0.00707439 0.0115158 0.0173823 0.0246495 0.0331181 0.0422852 0.0513013 0.0591617 0.0650538 0.0686006 0.0698501 0.0691029 0.0667524 0.0632007 0.0588128 0.0538811 0.0486042 0.0430932 0.0374057 0.0315954 0.0257638 0.0200929 0.014837 0.0102686 0.00659669
 0.00702538 0.0114478 0.0173012 0.0245664 0.0330444 0.0422252 0.051248 0.0590989 0.064965 0.0684797 0.0697068 0.06896 0.0666354 0.0631256 0.0587806 0.0538813 0.0486268 0.0431392 0.0374874 0.0317264 0.0259458 0.0203093 0.0150585 0.0104653 0.00674939
 0.00695796 0.0113437 0.0171554 0.0243801 0.0328265 0.0419937 0.0510287 0.0589196 0.064846 0.0684248 0.0697025 0.068984 0.0666696 0.0631641 0.0588277 0.0539443 0.0487097 0.0432429 0.037613 0.0318764 0.02612 0.0205 0.015249 0.0106357 0.00688458
 0.00696681 0.0113604 0.0171847 0.0244271 0.0328949 0.0420829 0.0511322 0.0590261 0.0649421 0.0684987 0.0697449 0.0689874 0.0666284 0.0630763 0.0586992 0.05379 0.0485505 0.0431001 0.0375037 0.0318114 0.0261029 0.0205261 0.0153058 0.0107059 0.00695164
 0.00712621 0.0115921 0.0174827 0.0247687 0.0332477 0.0424163 0.0514247 0.0592661 0.0651228 0.0686129 0.0697844 0.0689454 0.066503 0.0628729 0.0584303 0.0534744 0.0482119 0.0427652 0.0371987 0.0315576 0.0259133 0.0204029 0.0152409 0.010684 0.00695487
 0.00720213 0.0117128 0.0176579 0.0250021 0.0335321 0.0427288 0.0517265 0.0595101 0.0652703 0.0686499 0.0697258 0.0688244 0.0663528 0.0627127 0.0582638 0.053297 0.0480206 0.0425643 0.0370007 0.0313792 0.0257695 0.0203021 0.0151826 0.0106597 0.0069523
 0.00728462 0.0118538 0.0178824 0.0253359 0.0339941 0.0433189 0.0524139 0.0602303 0.0659351 0.0691684 0.0700283 0.0688804 0.0661756 0.0623505 0.0577801 0.0527516 0.0474586 0.0420166 0.0364894 0.030923 0.0253846 0.0199991 0.014963 0.010515 0.00686684
 0.00733381 0.011932 0.0179975 0.0254964 0.0342103 0.0436025 0.0527753 0.0606715 0.0664404 0.0696982 0.0705204 0.0692624 0.066385 0.0623537 0.057582 0.0523905 0.046991 0.0415005 0.0359737 0.0304445 0.0249689 0.0196619 0.0147096 0.0103404 0.00675756
 0.00741332 0.0120625 0.0181958 0.0257777 0.0345835 0.0440648 0.0533071 0.0612379 0.0669992 0.0702096 0.0709516 0.0695849 0.0665701 0.062374 0.0574195 0.0520477 0.0464964 0.0409043 0.0353365 0.0298241 0.0244115 0.0191976 0.0143516 0.0100861 0.0065924
 0.00736522 0.0119902 0.0180986 0.0256609 0.0344601 0.0439553 0.0532389 0.0612406 0.0670974 0.0704139 0.0712536 0.0699575 0.0669723 0.0627563 0.0577306 0.0522436 0.0465507 0.0408161 0.0351311 0.0295452 0.0241087 0.0189138 0.0141155 0.00990993 0.00647395
 0.00717921 0.0116932 0.0176629 0.0250682 0.0337089 0.0430722 0.0522875 0.0603209 0.0663292 0.0699087 0.0710873 0.0701536 0.067499 0.0635359 0.0586568 0.0532025 0.047441 0.0415647 0.0357017 0.0299378 0.0243505 0.0190454 0.0141774 0.00993418 0.0064813
 0.00708327 0.0115398 0.0174365 0.0247549 0.0332982 0.0425604 0.0516832 0.0596512 0.0656428 0.0692741 0.0705847 0.0698601 0.0674705 0.0637905 0.0591663 0.0538967 0.0482238 0.0423366 0.0363814 0.0304771 0.024737 0.0192958 0.0143241 0.010012 0.00651894
#obs surv len freq
 0.0049606 0.00812706 0.0123649 0.0176887 0.023973 0.0308525 0.037701 0.0437941 0.0485794 0.051854 0.0537351 0.0545082 0.0544942 0.0539924 0.0532645 0.0525241 0.0519156 0.0514729 0.0510571 0.0502989 0.0486163 0.0453786 0.0402089 0.0332761 0.0253619
 0.00517706 0.00847875 0.0128939 0.0184346 0.024966 0.0321023 0.0391853 0.0454534 0.0503244 0.0535803 0.0553373 0.0558874 0.055561 0.0546684 0.0534864 0.0522497 0.0511306 0.0501982 0.0493538 0.0482707 0.0464063 0.0431581 0.038153 0.0315307 0.0240122
 0.00539667 0.00884033 0.0134465 0.0192265 0.026035 0.0334609 0.0408054 0.0472624 0.0522167 0.0554389 0.0570526 0.0573655 0.056723 0.0554459 0.0538186 0.0520846 0.0504314 0.0489556 0.0476008 0.0460964 0.0439608 0.0406408 0.0357808 0.0294918 0.0224223
 0.0056441 0.00924454 0.0140587 0.0200958 0.0272001 0.0349349 0.0425609 0.0492244 0.0542722 0.0574575 0.0589079 0.058949 0.0579494 0.0562518 0.0541558 0.0519134 0.0497188 0.0476828 0.045782 0.0438014 0.0413318 0.037888 0.0331488 0.0272035 0.0206224
 0.00588951 0.00964585 0.0146671 0.0209608 0.0283601 0.0364031 0.0443098 0.0511807 0.0563262 0.0594837 0.060784 0.0605672 0.0592206 0.0571057 0.0545393 0.0517862 0.0490502 0.0464543 0.0440005 0.0415237 0.0386869 0.0350807 0.0304312 0.0248153 0.0187274
 0.00612555 0.0100362 0.0152667 0.0218248 0.0295326 0.0378998 0.0461001 0.0531824 0.0584186 0.0615317 0.0626609 0.0621673 0.0604613 0.0579251 0.0548915 0.0516364 0.0483715 0.0452298 0.0422359 0.039269 0.0360606 0.032278 0.0276996 0.022398 0.0167969
 0.00636541 0.0104266 0.0158557 0.0226581 0.0306465 0.039308 0.0477801 0.0550678 0.0604059 0.0634972 0.06448 0.0637286 0.061675 0.0587254 0.0552338 0.0514913 0.0477189 0.0440583 0.0405525 0.0371196 0.0335535 0.0295943 0.0250729 0.0200623 0.0149222
 0.00663654 0.0108691 0.0165242 0.0236034 0.0319036 0.04088 0.0496214 0.0570813 0.0624598 0.0654525 0.0662149 0.0651487 0.062713 0.0593361 0.0553894 0.0511761 0.0469252 0.0427859 0.0388161 0.0349664 0.0310852 0.0269781 0.0225251 0.0178009 0.013107
 0.00685537 0.0112328 0.0170862 0.0244182 0.0330155 0.0423044 0.0513273 0.0589844 0.0644339 0.0673555 0.0679132 0.0665348 0.0637117 0.0599036 0.0555066 0.0508395 0.0461395 0.0415612 0.0371743 0.0329565 0.0288022 0.0245729 0.020191 0.0157325 0.011447
 0.00705403 0.0115586 0.0175819 0.0251264 0.0339711 0.0435226 0.0527898 0.0606323 0.0661731 0.0690707 0.0694854 0.067855 0.0646923 0.0604843 0.055656 0.0505507 0.0454218 0.0404349 0.0356712 0.0311303 0.0267436 0.0224178 0.0181094 0.0138933 0.00997336
 0.00727462 0.0119174 0.0181222 0.0258873 0.0349793 0.0447796 0.0542588 0.0622362 0.0678064 0.0706211 0.0708523 0.0689581 0.0654717 0.0608991 0.0556827 0.0501825 0.0446674 0.039316 0.0342242 0.0294123 0.0248422 0.0204561 0.0162356 0.0122515 0.00866551
 0.00743366 0.0121821 0.0185316 0.0264814 0.0357901 0.0458178 0.0555001 0.0636172 0.0692338 0.0719909 0.0720677 0.0699416 0.0661684 0.0612751 0.0557213 0.0498801 0.0440304 0.0383616 0.0329835 0.0279371 0.023212 0.0187801 0.0146413 0.0108601 0.00756107
 0.00753418 0.0123462 0.0187807 0.0268374 0.0362736 0.046443 0.056269 0.0645131 0.07022 0.0730124 0.0730568 0.070826 0.0668806 0.06176 0.055941 0.0498139 0.0436727 0.0377204 0.0320819 0.0268183 0.0219443 0.0174573 0.0133727 0.0097481 0.00667649
 0.00761616 0.0124737 0.0189619 0.0270772 0.0365743 0.0468052 0.0566921 0.0649945 0.0707543 0.0735901 0.0736618 0.0714314 0.0674471 0.0622383 0.0562785 0.0499635 0.0436002 0.0374093 0.0315365 0.0260667 0.0210408 0.0164805 0.0124149 0.00889711 0.00599382
 0.0076712 0.0125586 0.0190814 0.0272323 0.0367625 0.0470213 0.0569285 0.0652437 0.0710116 0.0738567 0.0739445 0.0717373 0.0677754 0.0625735 0.0565876 0.0502007 0.0437158 0.0373614 0.0313017 0.0256476 0.02047 0.0158175 0.0117357 0.00827653 0.00548695
 0.00773176 0.0126525 0.0192137 0.0274043 0.0369708 0.047257 0.0571773 0.0654871 0.0712312 0.0740402 0.0740898 0.0718533 0.0678774 0.0626754 0.0566933 0.0502978 0.0437762 0.0373477 0.0311792 0.025398 0.0201005 0.0153631 0.0112515 0.00782209 0.00510888
 0.00776437 0.0127003 0.0192762 0.0274779 0.0370502 0.0473377 0.0572567 0.0655649 0.0713083 0.0741174 0.0741677 0.0719327 0.0679603 0.0627647 0.0567908 0.0504 0.04387 0.0374096 0.0311804 0.0253141 0.0199232 0.0151071 0.0109519 0.0075233 0.00484993
 0.0078108 0.012769 0.0193668 0.0275851 0.0371648 0.0474483 0.0573522 0.0656365 0.0713514 0.0741336 0.0741643 0.0719208 0.0679508 0.0627655 0.0568058 0.0504285 0.0439058 0.0374396 0.0311857 0.0252747 0.0198264 0.0149546 0.010762 0.00732503 0.004672
 0.00783646 0.0128092 0.0194241 0.0276602 0.0372554 0.0475482 0.057451 0.0657209 0.071409 0.0741571 0.0741547 0.0718867 0.0679056 0.0627229 0.056776 0.0504162 0.0439092 0.037451 0.0311919 0.0252603 0.019779 0.0148703 0.0106489 0.00720032 0.00455539
 0.00787889 0.0128711 0.0195043 0.027753 0.0373527 0.0476418 0.0575348 0.0657904 0.0714606 0.0741869 0.0741594 0.0718653 0.0678612 0.0626632 0.0567117 0.0503576 0.0438632 0.0374183 0.0311671 0.0252336 0.01974 0.0148132 0.0105752 0.0071187 0.0044778
 0.00791181 0.0129243 0.0195834 0.0278616 0.0374902 0.0478012 0.0577007 0.0659418 0.0715762 0.0742526 0.0741717 0.07183 0.0677891 0.0625663 0.0566014 0.0502445 0.0437565 0.0373244 0.0310879 0.0251661 0.0196782 0.0147516 0.0105117 0.00705585 0.00442101
 0.00788832 0.0128868 0.0195284 0.0277877 0.0373994 0.0477007 0.0576036 0.0658645 0.0715335 0.0742516 0.0742097 0.0718966 0.0678711 0.0626521 0.0566829 0.0503173 0.043819 0.0373767 0.0311304 0.0251984 0.0196986 0.0147584 0.0105052 0.0070393 0.00439963
 0.00788807 0.0128793 0.0195042 0.0277342 0.0373047 0.0475598 0.0574233 0.0656649 0.0713436 0.0741014 0.0741222 0.0718823 0.0679265 0.0627622 0.056827 0.0504747 0.0439732 0.0375167 0.0312503 0.0252954 0.0197719 0.0148084 0.0105341 0.00705126 0.00440024
 0.00788587 0.0128742 0.0194934 0.0277131 0.0372667 0.0474968 0.0573277 0.065533 0.0711797 0.0739208 0.07395 0.0717476 0.0678536 0.0627631 0.0568981 0.0505997 0.0441293 0.0376815 0.0314056 0.0254296 0.0198791 0.0148873 0.0105868 0.00708212 0.00441529
 0.00790505 0.0129028 0.0195315 0.0277585 0.0373151 0.0475416 0.0573605 0.0655436 0.0711579 0.0738594 0.0738489 0.0716166 0.0677123 0.0626363 0.0568087 0.0505611 0.0441419 0.0377344 0.0314818 0.0255119 0.0199542 0.0149476 0.0106296 0.0071089 0.00442965
 0.00786399 0.0128387 0.0194403 0.0276387 0.0371689 0.0473756 0.0571866 0.0653777 0.0710168 0.0737563 0.0737893 0.0715986 0.0677296 0.0626829 0.0568816 0.0506606 0.0442682 0.0378833 0.0316437 0.0256727 0.0201 0.0150679 0.0107199 0.00717044 0.00446748
 0.00784796 0.012808 0.0193857 0.0275495 0.0370361 0.0471973 0.0569717 0.0651467 0.0707971 0.0735744 0.073665 0.071541 0.0677375 0.0627473 0.0569897 0.0508 0.0444287 0.038057 0.0318227 0.0258476 0.02026 0.0152034 0.0108252 0.00724497 0.00451524
 0.00783535 0.0127846 0.0193449 0.027483 0.0369351 0.047055 0.0567872 0.0649271 0.0705585 0.073341 0.0734643 0.0713988 0.0676711 0.062762 0.0570788 0.0509476 0.0446157 0.0382648 0.0320353 0.0260518 0.0204445 0.0153595 0.0109476 0.00733317 0.00457313
 0.00778759 0.0127113 0.0192425 0.0273508 0.0367748 0.0468705 0.0565839 0.0647129 0.0703441 0.0731394 0.073291 0.0712703 0.0676031 0.062766 0.0571586 0.0510974 0.0448206 0.0385043 0.0322874 0.0262964 0.0206656 0.0155459 0.0110938 0.00743884 0.00464311
 0.00776865 0.0126739 0.0191746 0.0272382 0.036606 0.0466434 0.056311 0.0644203 0.0700643 0.0729013 0.0731128 0.0711596 0.0675607 0.0627905 0.0572479 0.0512479 0.0450241 0.038747 0.0325504 0.0265587 0.0209077 0.0157529 0.0112575 0.00755808 0.00472263
 0.00775684 0.0126551 0.0191466 0.0271977 0.0365479 0.0465601 0.0561938 0.0642635 0.06987 0.0726831 0.0728951 0.0709704 0.067424 0.0627206 0.0572487 0.0513157 0.0451506 0.0389205 0.0327555 0.026777 0.0211198 0.0159419 0.0114117 0.00767308 0.00480074
 0.00770533 0.0125745 0.0190313 0.0270454 0.0363603 0.0463442 0.0559622 0.0640326 0.0696566 0.0725 0.0727503 0.0708692 0.067372 0.0627241 0.0573127 0.0514402 0.0453297 0.0391422 0.0330039 0.0270333 0.021365 0.016159 0.0115889 0.00780572 0.00489123
 0.00770218 0.0125639 0.0190053 0.0269933 0.0362721 0.0462145 0.0557944 0.0638396 0.0694573 0.0723141 0.0725931 0.07075 0.0672948 0.0626903 0.0573236 0.0514975 0.0454334 0.0392887 0.0331838 0.0272323 0.0215657 0.0163442 0.0117451 0.00792582 0.00497501
 0.0076618 0.0125046 0.0189273 0.0269002 0.0361681 0.0461018 0.0556717 0.0637043 0.0693095 0.0721603 0.072447 0.0706285 0.0672131 0.0626574 0.0573416 0.0515636 0.0455425 0.0394342 0.0333574 0.0274225 0.021758 0.0165232 0.0118979 0.00804469 0.00505892
 0.00764386 0.0124731 0.0188761 0.0268231 0.0360617 0.0459688 0.0555226 0.063555 0.0691756 0.0720512 0.0723634 0.070567 0.0671711 0.0626372 0.0573488 0.051604 0.0456187 0.0395444 0.0334955 0.027579 0.0219205 0.0166781 0.012033 0.00815194 0.00513601
 0.00761742 0.0124346 0.0188262 0.0267647 0.0359979 0.0459008 0.0554492 0.063474 0.0690872 0.0719601 0.0722784 0.0704971 0.0671223 0.0626113 0.0573458 0.0516243 0.0456639 0.0396158 0.0335919 0.027695 0.0220468 0.0168031 0.0121454 0.00824351 0.00520329
 0.00760563 0.0124131 0.0187899 0.0267082 0.035918 0.0457992 0.0553342 0.0633589 0.0689854 0.0718804 0.0722227 0.0704629 0.0671063 0.062612 0.0573632 0.051659 0.0457165 0.0396864 0.0336796 0.0277967 0.0221564 0.016912 0.0122443 0.00832501 0.00526393
 0.00760798 0.0124165 0.0187941 0.026712 0.0359186 0.0457924 0.0553144 0.0633216 0.0689295 0.0718099 0.0721465 0.070391 0.0670467 0.0625687 0.0573373 0.0516503 0.045725 0.0397124 0.0337229 0.0278555 0.0222264 0.0169866 0.0123157 0.00838644 0.00531123
 0.00758259 0.0123804 0.0187492 0.0266634 0.0358729 0.0457552 0.0552881 0.0633046 0.0689173 0.0717971 0.072129 0.0703679 0.067021 0.062546 0.0573231 0.0516487 0.0457377 0.0397396 0.0337636 0.0279078 0.0222869 0.0170503 0.0123766 0.00843902 0.00535203
 0.00755229 0.0123298 0.0186712 0.0265518 0.0357258 0.0455785 0.0550982 0.063126 0.0687759 0.0717112 0.0721036 0.0703958 0.0670876 0.062636 0.0574252 0.0517561 0.0458474 0.0398501 0.0338735 0.028015 0.0223886 0.0171428 0.0124562 0.00850274 0.00539895
 0.00755602 0.0123339 0.0186733 0.0265478 0.03571 0.0455444 0.0550404 0.0630431 0.0686724 0.0715991 0.072 0.0703172 0.0670448 0.0626308 0.0574515 0.0518044 0.0459088 0.0399185 0.0339452 0.0280878 0.0224599 0.0172096 0.0125151 0.00855095 0.00543511
 0.00754058 0.0123136 0.0186514 0.0265299 0.0357016 0.0455479 0.0550524 0.0630545 0.0686719 0.0715775 0.0719547 0.0702542 0.0669766 0.062572 0.0574139 0.0517931 0.0459224 0.0399512 0.0339905 0.0281396 0.0225137 0.0172614 0.0125615 0.00858943 0.00546425
 0.00753074 0.0122965 0.018624 0.0264896 0.0356482 0.0454853 0.0549894 0.063003 0.0686413 0.0715703 0.0719646 0.0702699 0.0669876 0.0625743 0.0574109 0.0517929 0.0459325 0.0399756 0.0340283 0.0281867 0.0225646 0.017311 0.0126058 0.0086256 0.0054913
 0.00752635 0.012288 0.0186089 0.0264645 0.0356096 0.045431 0.0549204 0.062924 0.0685617 0.0715018 0.0719182 0.0702513 0.0669957 0.0626016 0.057448 0.0518328 0.0459732 0.0400184 0.0340753 0.0282379 0.0226177 0.0173621 0.0126509 0.00866213 0.00551824
 0.00750513 0.0122552 0.0185626 0.0264039 0.0355352 0.0453445 0.0548248 0.0628241 0.0684642 0.0714149 0.0718508 0.0702119 0.0669901 0.062631 0.0575075 0.0519135 0.0460647 0.0401124 0.0341665 0.0283238 0.0226963 0.0174313 0.0127086 0.00870688 0.0055502
 0.00749899 0.0122431 0.0185404 0.0263671 0.0354796 0.0452689 0.0547324 0.0627227 0.0683636 0.0713246 0.071778 0.0701614 0.0669653 0.062634 0.0575391 0.0519713 0.046143 0.0402032 0.0342614 0.0284157 0.0227802 0.017504 0.0127679 0.00875222 0.00558222
 0.00749899 0.0122431 0.0185404 0.0263671 0.0354796 0.0452689 0.0547324 0.0627227 0.0683636 0.0713246 0.071778 0.0701614 0.0669653 0.062634 0.0575391 0.0519713 0.046143 0.0402032 0.0342614 0.0284157 0.0227802 0.017504 0.0127679 0.00875222 0.00558222
 0.00723403 0.0118266 0.0179417 0.025571 0.0344943 0.0441344 0.0535281 0.0615636 0.0673808 0.0706335 0.0714515 0.0702172 0.0673694 0.0633166 0.0584123 0.0529467 0.0471428 0.0411656 0.0351415 0.0291836 0.0234193 0.0180094 0.0131454 0.00901645 0.00575403
 0.00723114 0.0117868 0.0178176 0.025298 0.0340086 0.043401 0.0525649 0.0604485 0.0662347 0.0695921 0.0706361 0.0697159 0.0672268 0.0635303 0.0589373 0.0537066 0.048046 0.0421214 0.0360717 0.0300293 0.024142 0.0185904 0.0135835 0.00932449 0.0059546
 0.00720054 0.011748 0.0177763 0.0252593 0.0339653 0.043322 0.0523928 0.0601151 0.0656936 0.0688518 0.0697734 0.0688586 0.066516 0.0630802 0.0588091 0.0539012 0.0485131 0.0427776 0.0368215 0.0307835 0.0248306 0.0191684 0.0140316 0.00964503 0.00616549
 0.00717453 0.0117074 0.0177194 0.0251869 0.0338827 0.043238 0.0523153 0.060042 0.0656035 0.0687021 0.0695166 0.0684707 0.0660223 0.0625595 0.0583704 0.0536448 0.0484964 0.0430006 0.0372337 0.0313047 0.0253761 0.0196684 0.0144423 0.00995027 0.00637138
 0.00716138 0.0116901 0.0177005 0.0251713 0.0338754 0.0432421 0.0523303 0.0600638 0.0656242 0.0687088 0.0694882 0.0683787 0.0658403 0.0622803 0.0580226 0.0532939 0.0482256 0.0428786 0.0372888 0.0315168 0.0256888 0.020013 0.0147598 0.0102048 0.00655201
 0.0071389 0.0116567 0.0176564 0.0251192 0.0338206 0.043192 0.0522931 0.0600465 0.0656305 0.068736 0.0695259 0.0684089 0.0658398 0.0622265 0.0579033 0.0531186 0.0480303 0.0427181 0.0372153 0.0315576 0.0258351 0.0202259 0.0149891 0.0104085 0.00670736
 0.00713568 0.0116534 0.0176549 0.0251225 0.0338321 0.0432141 0.0523262 0.0600892 0.0656794 0.068787 0.0695735 0.0684458 0.0658559 0.0622096 0.0578416 0.0530073 0.0478785 0.0425523 0.0370742 0.0314778 0.025835 0.020298 0.0151054 0.0105344 0.00681598
 0.00716601 0.0117039 0.0177329 0.0252349 0.0339832 0.0434024 0.0525416 0.0603127 0.0658869 0.0689548 0.0696839 0.0684894 0.0658314 0.0621207 0.0576948 0.0528104 0.0476427 0.0422961 0.0368245 0.0312659 0.0256862 0.0202219 0.0150923 0.0105618 0.00685884
 0.00715878 0.0116987 0.0177374 0.0252607 0.034043 0.0435057 0.0526909 0.0605006 0.0660974 0.0691661 0.069872 0.0686324 0.0659128 0.0621322 0.0576362 0.0526881 0.0474688 0.0420872 0.0366028 0.0310569 0.0255142 0.0201026 0.015028 0.0105416 0.00686519
 0.00719797 0.0117592 0.0178227 0.0253725 0.0341819 0.043672 0.0528834 0.0607156 0.0663259 0.0693929 0.0700767 0.0687924 0.0660077 0.0621483 0.0575687 0.0525418 0.0472567 0.0418289 0.0363224 0.0307813 0.0252691 0.0199075 0.0148912 0.0104591 0.0068243
 0.00719771 0.0117629 0.0178358 0.0254023 0.0342356 0.0437536 0.0529917 0.0608447 0.0664678 0.0695406 0.0702245 0.0689338 0.0661322 0.0622411 0.0576136 0.0525264 0.0471765 0.0416898 0.0361402 0.0305785 0.0250709 0.0197358 0.0147597 0.010371 0.00677341
 0.00728007 0.0118946 0.0180296 0.0256676 0.0345756 0.0441608 0.0534444 0.0613061 0.0668922 0.0698836 0.0704535 0.0690338 0.0661062 0.0621047 0.0573879 0.0522316 0.04683 0.0413075 0.0357402 0.030183 0.0247044 0.0194207 0.0145111 0.0101926 0.00665807
 0.00725832 0.0118669 0.0180023 0.0256525 0.0345879 0.0442154 0.0535522 0.0614707 0.0671084 0.070136 0.070718 0.0692808 0.0663067 0.0622362 0.0574388 0.0522014 0.0467263 0.0411431 0.0355314 0.0299491 0.0244673 0.0192021 0.0143283 0.0100549 0.0065649
 0.00725497 0.0118597 0.0179888 0.0256306 0.0345581 0.0441838 0.0535316 0.0614791 0.067163 0.0702468 0.0708822 0.0694826 0.0665201 0.0624314 0.0575886 0.0522862 0.0467375 0.0410833 0.0354119 0.0297882 0.0242867 0.0190241 0.0141716 0.00993135 0.00647785
 0.00721315 0.0117911 0.0178847 0.0254832 0.0343633 0.0439452 0.0532641 0.0612105 0.0669302 0.0700884 0.0708293 0.0695505 0.0667035 0.0627049 0.0579119 0.052614 0.0470292 0.0413105 0.0355622 0.0298638 0.0243015 0.0189982 0.014126 0.00988307 0.00643763
 0.00710053 0.0116029 0.0175929 0.0250611 0.0337944 0.0432355 0.0524536 0.0603731 0.0661611 0.0694815 0.0704573 0.0694533 0.0668853 0.0631364 0.0585364 0.053357 0.0478109 0.0420587 0.0362222 0.0304039 0.0247125 0.0192891 0.0143173 0.00999974 0.0065035
 0.00705096 0.0115125 0.0174382 0.0248134 0.0334248 0.0427251 0.0518043 0.059615 0.0653521 0.0687012 0.0697944 0.0689905 0.0666837 0.0632229 0.0588988 0.0539466 0.0485527 0.0428659 0.0370117 0.0311098 0.0252941 0.0197322 0.0146297 0.0102034 0.00662603
#pred catch len freq
 0.00371072 0.00600156 0.0090097 0.0127619 0.0172758 0.022508 0.0282874 0.0343087 0.0401972 0.0455907 0.0501952 0.0538197 0.0563994 0.0579919 0.0587412 0.0588322 0.0584556 0.0577737 0.0568552 0.0555744 0.0535378 0.0501546 0.044914 0.0377658 0.0293376
 0.00402191 0.00646675 0.00963779 0.0135444 0.0182022 0.0235838 0.0295359 0.0357468 0.0417957 0.0472442 0.051729 0.0550384 0.0571549 0.058234 0.0585247 0.0582786 0.0576906 0.0568687 0.0558002 0.0542981 0.0519712 0.0483039 0.0429002 0.0357973 0.0276307
 0.00418848 0.00676539 0.0101366 0.0143186 0.0193111 0.0250395 0.031282 0.0376671 0.0437524 0.0491187 0.0534329 0.0564918 0.0582611 0.0588846 0.0586373 0.0578381 0.0567574 0.0555447 0.0541773 0.0524288 0.0498835 0.0460513 0.0406029 0.0336367 0.0257917
 0.00444227 0.00715257 0.0106769 0.0150266 0.0202101 0.026173 0.032708 0.0394256 0.0458195 0.0513771 0.0556841 0.0585096 0.0598521 0.05992 0.0590505 0.0576084 0.0559035 0.0541247 0.0522815 0.0501641 0.0473655 0.0434133 0.0380096 0.0312746 0.0238271
