SBPRF35
12.7214
Curr Bio
807634
B35
850771
F35
0.170049
FOFL
0.158953
OFL
104036
Bzero
3.63469e+006
#pred survey bio
 2.95326e+006 2.71222e+006 2.47749e+006 2.25347e+006 2.02206e+006 1.79789e+006 1.60986e+006 1.41536e+006 1.22666e+006 1.069e+006 950823 861376 784960 724787 670466 633609 600234 580832 570420 554920 550303 538738 539468 548055 547075 548426 548675 554738 566155 576885 589471 596447 611409 613655 627118 633959 643709 643693 651429 650899 661451 680630 690611 690716 689549 689782 691991 737500 766232 807344 838151 851797 877060 883741 887780 872495 850030 845816 828425 815066 792273 787301 808269 811731 2.8063e+007 1.66343e+007 1.67552e+007 1.75568e+007 1.88395e+007 2.03288e+007 2.18134e+007 2.31654e+007 2.43259e+007 2.52823e+007 2.60487e+007 2.66506e+007 2.71171e+007 2.74755e+007 2.77492e+007 2.79579e+007 2.81168e+007 2.82381e+007 2.83309e+007 2.84021e+007 2.84569e+007 2.84994e+007 2.85324e+007 2.85583e+007 2.85786e+007 2.85946e+007 2.86072e+007 2.86172e+007 2.86252e+007 2.86316e+007 2.86367e+007 2.86408e+007 2.86442e+007 2.86469e+007 2.8649e+007 2.86508e+007 2.86522e+007 2.86534e+007 2.86544e+007 2.86551e+007 2.86558e+007 2.86563e+007 2.86567e+007 2.8657e+007 2.86573e+007 2.86575e+007 2.86577e+007 2.86579e+007 2.8658e+007 2.86581e+007 2.86582e+007 2.86583e+007 2.86583e+007 2.86584e+007 2.86584e+007 2.86584e+007 2.86585e+007 2.86585e+007 2.86585e+007 2.86585e+007 2.86585e+007 2.86585e+007 2.86585e+007 2.86585e+007 2.86586e+007 2.86586e+007 2.86586e+007 2.86586e+007 2.86586e+007 2.86586e+007 2.86586e+007 2.86586e+007 2.86586e+007 2.86586e+007 2.86586e+007 2.86586e+007 2.86586e+007 2.86586e+007 2.86586e+007 2.86586e+007 2.86586e+007 2.86586e+007 2.86586e+007 2.86586e+007 2.86586e+007 2.86586e+007 2.86586e+007 2.86586e+007 2.86586e+007 2.86586e+007 2.86586e+007 2.86586e+007 2.86586e+007 2.86586e+007 2.86586e+007 2.86586e+007 2.86586e+007 2.86586e+007 2.86586e+007 2.86586e+007 0 0 0 0 0 0 0 0 0 0 0 0 0 0 0 0 0 0 0 0 0 0 0 0 0
#obs survey bio
 2.53466e+006 2.67558e+006 3.24528e+006 2.60726e+006 2.21672e+006 1.64844e+006 1.2379e+006 1.19883e+006 1.12329e+006 726942 768428 951860 634274 753457 809627 475344 557904 493308 561221 367384 652596 566151 430867 497107 654533 385726 505583 380602 559032 632307 559102 803326 569156 738366 489159 601929 534756 822234 645004 669239 510026 612315 734594 703102 575297 670496 565546 811687 777306 784835 856717 820457 751923 872806 953607 816229 1.2448e+006 736566 1.06528e+006 733390 713651 723264 1.04427e+006 807680
#pred catch bio
 266287 272944 275322 294435 299974 278611 293127 292654 266625 232023 206337 192924 175591 166505 147727 141572 126865 117349 119988 109417 113728 101835 95298.3 103586 101486 102497 97959.2 94692.6 96804.9 96374.4 101324 94287.8 104723 95437.6 102278 100717 109278 102671 109886 101262 96200.6 105828 114137 114248 112345 110475 75583.5 92710.8 84053.6 95045.5 110705 101308 117643 119237 134318 137939 120578 131391 127358 134819 118757 96516.7 109731 115394 104036 109251 108807 112590 120190 129432 138670 146992 154009 159659 164059 167400 169889 171714 173037 173988 174666 175146 175485 175723 175889 176006 176087 176143 176182 176210 176229 176242 176251 176257 176261 176264 176266 176267 176268 176269 176270 176270 176270 176270 176270 176270 176270 176271 176271 176271 176271 176271 176271 176271 176271 176271 176271 176271 176271 176271 176271 176271 176271 176271 176271 176271 176271 176271 176271 176271 176271 176271 176271 176271 176271 176271 176271 176271 176271 176271 176271 176271 176271 176271 176271 176271 176271 176271 176271 176271 176271 176271 176271 176271 176271 176271 176271 176271 176271 176271 176271 176271 176271 176271 0 0 0 0 0 0 0 0 0 0 0 0 0 0 0 0 0 0 0 0 0 0 0 0 0
#obs catch bio
 233514 273991 276206 294004 299827 279331 296136 296006 270136 234802 209598 195400 176832 167535 147817 142894 128061 118031 120800 110411 115030 102064 95536.6 104135 101632 103383 98365.1 95289.3 97526.2 97238.4 102525 94526.2 105002 95166.3 102786 101399 109970 102918 110276 101299 96727.1 106738 114854 114390 112592 110987 75341.7 93154.3 84168.7 95349.7 111362 101516 118007 119425 134327 138036 119720 131129 126761 134689 119024 96535.6 109912 115444
#pred cpue bio
 2.90675e+006 2.66708e+006 2.43423e+006 2.21146e+006 1.98103e+006 1.75776e+006 1.57041e+006 1.37726e+006 1.19045e+006 1.03462e+006 917830 829602 754630 695814 642898 607004 574512 555759 545805 530783 526337 515346 516282 524693 523749 525029 525257 531148 542175 552572 564944 572071 587046 589439 602462 608946 618437 618538 626175 625660 635748 654230 664015 664397 663468 663760 665890 710392 738784 779210 809411 822805 847636 854324 858438 843660 821810 817682 800476 787176 764734 759898 780863 785365 2.72031e+007 1.61412e+007 1.61293e+007 1.67563e+007 1.79685e+007 1.94389e+007 2.09193e+007 2.22705e+007 2.34307e+007 2.43872e+007 2.51535e+007 2.57555e+007 2.6222e+007 2.65803e+007 2.68541e+007 2.70627e+007 2.72217e+007 2.73429e+007 2.74357e+007 2.75069e+007 2.75618e+007 2.76042e+007 2.76373e+007 2.76631e+007 2.76834e+007 2.76994e+007 2.7712e+007 2.77221e+007 2.773e+007 2.77364e+007 2.77416e+007 2.77457e+007 2.7749e+007 2.77517e+007 2.77539e+007 2.77556e+007 2.77571e+007 2.77582e+007 2.77592e+007 2.776e+007 2.77606e+007 2.77611e+007 2.77615e+007 2.77619e+007 2.77622e+007 2.77624e+007 2.77626e+007 2.77627e+007 2.77628e+007 2.77629e+007 2.7763e+007 2.77631e+007 2.77632e+007 2.77632e+007 2.77632e+007 2.77633e+007 2.77633e+007 2.77633e+007 2.77633e+007 2.77633e+007 2.77634e+007 2.77634e+007 2.77634e+007 2.77634e+007 2.77634e+007 2.77634e+007 2.77634e+007 2.77634e+007 2.77634e+007 2.77634e+007 2.77634e+007 2.77634e+007 2.77634e+007 2.77634e+007 2.77634e+007 2.77634e+007 2.77634e+007 2.77634e+007 2.77634e+007 2.77634e+007 2.77634e+007 2.77634e+007 2.77634e+007 2.77634e+007 2.77634e+007 2.77634e+007 2.77634e+007 2.77634e+007 2.77634e+007 2.77634e+007 2.77634e+007 2.77634e+007 2.77634e+007 2.77634e+007 2.77634e+007 2.77634e+007 2.77634e+007 2.77634e+007 2.77634e+007 2.77634e+007 0 0 0 0 0 0 0 0 0 0 0 0 0 0 0 0 0 0 0 0 0 0 0 0 0
#obs cpue bio
 1.89897e+006 1.7736e+006 1.8395e+006 3.50705e+006 1.6765e+006 1.2389e+006 1.2253e+006 1.43928e+006 992860 1.29209e+006 721563 767012 1.07613e+006 670264 639640 478467 495294 681328 531846 523060 391951 706832 555536 519563 506117 434449 674090 572070 474428 372473 469721 639144 759244 611383 457205 449008 843852 514721 658980 673994 445862 585103 739281 893936 702748 669087 811584 548569 627044 750770 733718 794190 1.19512e+006 817740 1.06299e+006 897711 945282 752510 729897 775876 612541 697480 727778 898884
#pred surv len freq
 0.00577841 0.0092657 0.0137267 0.0190673 0.0251158 0.0315599 0.0379046 0.0435704 0.0481019 0.0513217 0.053319 0.0543258 0.0546006 0.0543705 0.0538128 0.0530552 0.0521853 0.0512511 0.0502268 0.0489387 0.0470079 0.0439105 0.0392119 0.032885 0.0254866
 0.00594751 0.0095037 0.0140217 0.0193986 0.0254776 0.0319882 0.0384851 0.044408 0.049259 0.0527601 0.054885 0.0557949 0.0557587 0.0550853 0.0540623 0.0529064 0.0517403 0.0505893 0.0493697 0.0478559 0.0456631 0.0423219 0.0374872 0.0312021 0.0240284
 0.00628496 0.010018 0.0147298 0.0202883 0.026507 0.033091 0.0395833 0.0454344 0.0501855 0.053612 0.0557194 0.0566477 0.056594 0.0557896 0.0544908 0.0529483 0.0513596 0.049817 0.0482647 0.0464703 0.0440401 0.0405254 0.0356306 0.0294432 0.022525
 0.00661236 0.0105412 0.0154991 0.0213408 0.0278553 0.034707 0.0413832 0.0472793 0.051908 0.0550626 0.0568112 0.0573744 0.0570092 0.0559576 0.0544367 0.0526414 0.0507363 0.0488247 0.0468928 0.0447563 0.0420631 0.0384016 0.0335109 0.0274964 0.0208986
 0.00698811 0.0111334 0.0163564 0.022498 0.0293296 0.0364913 0.0434329 0.049501 0.0541589 0.0571662 0.0585869 0.0586744 0.0577516 0.0561391 0.0541157 0.0518954 0.0496214 0.0473615 0.0450854 0.0426278 0.0396856 0.0359067 0.0310762 0.025309 0.0191075
 0.00735429 0.0117185 0.0172178 0.0236824 0.0308647 0.038373 0.0456119 0.0518773 0.0565925 0.0594976 0.0606561 0.0603332 0.0588753 0.0566429 0.0539703 0.0511301 0.048306 0.0455783 0.0429104 0.0401365 0.0369775 0.0331268 0.0284111 0.0229515 0.0172042
 0.00759297 0.0121111 0.017818 0.0245448 0.0320363 0.0398789 0.0474377 0.0539597 0.0588234 0.0617398 0.0627613 0.0621562 0.0602842 0.0575277 0.0542525 0.0507719 0.0473164 0.0440093 0.0408476 0.0376916 0.0342902 0.0303698 0.0257824 0.0206426 0.0153538
 0.00784166 0.0125155 0.0184275 0.0254073 0.0331915 0.0413464 0.0492026 0.0559638 0.0609683 0.0639 0.0648 0.0639387 0.0616886 0.0584518 0.0546188 0.0505307 0.0464504 0.0425391 0.0388369 0.0352505 0.0315754 0.0275785 0.023131 0.0183298 0.013515
 0.00816031 0.0130189 0.0191583 0.026397 0.0344571 0.0428849 0.0509822 0.0579182 0.0630006 0.0658954 0.0666398 0.0655121 0.0628986 0.0592192 0.0548829 0.0502503 0.0456042 0.0411325 0.0369119 0.0328979 0.0289423 0.0248613 0.0205502 0.016085 0.011739
 0.00853298 0.0135966 0.0199756 0.027468 0.0357753 0.0444233 0.0526906 0.0597218 0.0648064 0.0676043 0.0681606 0.066767 0.0638247 0.0597658 0.0550096 0.0499256 0.0448071 0.0398584 0.0351843 0.0307839 0.0265645 0.0223953 0.0181998 0.014038 0.0101206
 0.00873916 0.0139379 0.0204998 0.0282213 0.036791 0.0457039 0.0541933 0.0613571 0.066456 0.06915 0.0695068 0.0678489 0.0646027 0.0602156 0.0551134 0.0496666 0.0441697 0.0388334 0.0337814 0.029048 0.0245897 0.0203265 0.0162119 0.0122968 0.00873898
 0.00883059 0.0140907 0.0207389 0.0285761 0.0372934 0.0463831 0.055066 0.0624159 0.0676609 0.0704272 0.0707578 0.0689691 0.065502 0.0608326 0.0554153 0.0496405 0.0438116 0.0381432 0.0327689 0.0277467 0.0230712 0.0187057 0.0146324 0.0108988 0.00762132
 0.00895829 0.0142875 0.0210153 0.0289366 0.0377382 0.046911 0.0556752 0.063103 0.0684179 0.071237 0.0715898 0.0697757 0.0662211 0.0613962 0.0557633 0.04973 0.04362 0.0376655 0.0320158 0.0267487 0.0218875 0.0174283 0.0133769 0.00977963 0.0067216
 0.00901792 0.0143885 0.0211744 0.0291708 0.0380605 0.0473233 0.0561642 0.063641 0.068972 0.0717808 0.0721087 0.0702635 0.0666695 0.0617853 0.0560579 0.0498856 0.0435928 0.0374238 0.0315478 0.0260683 0.0210384 0.0164836 0.0124301 0.00892421 0.0060271
 0.00922141 0.0146868 0.0215639 0.0296287 0.0385536 0.0478214 0.0566481 0.0641015 0.0694016 0.0721671 0.0724344 0.0705128 0.0668351 0.0618688 0.0560636 0.0498109 0.0434236 0.0371379 0.0311256 0.0255057 0.0203567 0.0157322 0.0116786 0.00824506 0.005475
 0.00929902 0.0148165 0.021764 0.029915 0.0389312 0.048276 0.057141 0.0645765 0.0698041 0.0724641 0.0726236 0.0706146 0.0668757 0.0618667 0.0560254 0.0497331 0.043295 0.0369421 0.030845 0.0251297 0.0198919 0.0152076 0.0111424 0.00775168 0.0050683
 0.00933829 0.0148833 0.0218705 0.0300753 0.0391601 0.0485839 0.0575278 0.0650253 0.0702784 0.072912 0.0729902 0.0708584 0.0669812 0.0618462 0.0559083 0.0495506 0.0430686 0.0366794 0.0305427 0.0247822 0.0195005 0.0147877 0.0107237 0.00737044 0.00475502
 0.00939918 0.0149611 0.0219495 0.0301302 0.0391659 0.0485313 0.0574333 0.0649302 0.0702336 0.0729574 0.0731376 0.0710875 0.0672485 0.062102 0.0561132 0.0496842 0.0431274 0.0366683 0.0304675 0.024647 0.0193111 0.0145572 0.0104748 0.00713116 0.00455063
 0.00945756 0.0150449 0.0220538 0.030241 0.0392606 0.0485826 0.0574159 0.0648298 0.0700574 0.0727395 0.0729335 0.0709556 0.0672269 0.0621938 0.0562882 0.0498938 0.0433239 0.0368175 0.0305516 0.0246616 0.0192612 0.0144559 0.0103416 0.00698963 0.00442222
 0.00950328 0.0151258 0.0221867 0.030443 0.0395417 0.0489351 0.0578068 0.0652023 0.0703446 0.0728864 0.0729166 0.0707917 0.0669666 0.0619028 0.0560235 0.0496867 0.043176 0.0367092 0.0304569 0.0245598 0.0191427 0.0143219 0.0102019 0.00685765 0.00431027
 0.00932731 0.0148701 0.0218595 0.0300738 0.0391767 0.0486266 0.0576017 0.0651327 0.0704193 0.0730856 0.073195 0.0710914 0.0672381 0.0621204 0.0561894 0.0498209 0.0432995 0.0368311 0.0305716 0.0246529 0.019201 0.0143409 0.0101869 0.00682107 0.00426646
 0.00943342 0.0150027 0.0219866 0.0301445 0.0391392 0.0484555 0.0573176 0.0648006 0.0701244 0.0728993 0.0731497 0.071175 0.0674054 0.0623152 0.0563655 0.0499543 0.0433893 0.0368898 0.0306124 0.0246819 0.0192172 0.0143409 0.0101708 0.0067936 0.00423512
 0.00951903 0.0151252 0.0221381 0.0303022 0.0392653 0.0485022 0.0572375 0.0645628 0.069734 0.0724096 0.0726541 0.0707774 0.0671815 0.0622871 0.0565016 0.0501921 0.0436638 0.0371534 0.0308398 0.0248646 0.019355 0.0144367 0.0102296 0.00682289 0.00424441
 0.00944932 0.0150283 0.0220222 0.0301837 0.0391624 0.0484243 0.0571772 0.0644954 0.0696264 0.072236 0.0724126 0.0704991 0.0669261 0.0621223 0.0564763 0.0503166 0.0439085 0.0374649 0.0311627 0.0251573 0.0195945 0.0146161 0.0103525 0.00689914 0.0042863
 0.00950514 0.0151075 0.0221206 0.0302916 0.0392691 0.0485237 0.0572703 0.0645858 0.0697107 0.0722963 0.072418 0.0704192 0.0667495 0.0618696 0.0561971 0.0500713 0.0437441 0.0373984 0.0311804 0.0252273 0.0196828 0.0146978 0.0104149 0.00693981 0.00430893
 0.00947097 0.0150646 0.0220787 0.0302662 0.0392756 0.0485692 0.0573487 0.06468 0.0698015 0.0723701 0.0724689 0.0704434 0.0667399 0.0618173 0.0561008 0.0499454 0.0436172 0.0373023 0.0311353 0.025234 0.0197261 0.0147561 0.01047 0.00698187 0.00433597
 0.00951162 0.015117 0.022133 0.0303069 0.0392883 0.0485498 0.0573085 0.0646419 0.0697882 0.0723916 0.0725183 0.0705017 0.0667861 0.0618356 0.0560831 0.0498924 0.0435389 0.0372165 0.0310626 0.0251895 0.0197135 0.0147681 0.0104943 0.00700711 0.00435561
 0.00957261 0.0152018 0.0222335 0.0304052 0.0393601 0.048571 0.0572632 0.0645286 0.0696225 0.0722051 0.0723496 0.0703838 0.0667346 0.0618448 0.0561316 0.0499544 0.0435945 0.037257 0.0310902 0.0252123 0.0197391 0.0147991 0.0105278 0.00703799 0.00437977
 0.00949628 0.0150966 0.0221097 0.0302824 0.0392597 0.0485056 0.0572281 0.064504 0.0695842 0.0721381 0.0722577 0.0702892 0.0666679 0.0618319 0.0561827 0.0500607 0.0437343 0.0374054 0.0312283 0.0253308 0.0198368 0.0148784 0.010591 0.00708621 0.00441402
 0.00936937 0.0149068 0.0218556 0.0299762 0.0389262 0.0481789 0.0569472 0.0643044 0.0694878 0.0721446 0.0723443 0.0704218 0.0668175 0.0619852 0.056342 0.0502341 0.0439249 0.0376069 0.0314268 0.0255121 0.0199908 0.0150014 0.0106839 0.00715263 0.00445851
 0.00914633 0.0145725 0.0214058 0.0294267 0.0383105 0.0475419 0.0563406 0.0637838 0.0691069 0.0719451 0.0723446 0.0706107 0.0671571 0.0624231 0.0568262 0.0507251 0.0443986 0.0380496 0.0318291 0.0258649 0.0202863 0.0152355 0.0108582 0.00727385 0.00453686
 0.00907609 0.0144475 0.0211989 0.0291088 0.037861 0.0469636 0.0556707 0.0630929 0.0684822 0.0714667 0.0720665 0.0705535 0.0673106 0.0627529 0.0572827 0.0512531 0.0449474 0.0385801 0.0323149 0.0262899 0.0206415 0.0155173 0.0110688 0.0074207 0.00463167
 0.00906036 0.0144065 0.0211078 0.0289334 0.0375639 0.0465163 0.0550673 0.06236 0.0676812 0.0706867 0.0714082 0.0701073 0.067135 0.0628616 0.057645 0.0518063 0.0456142 0.0392847 0.0329949 0.0269008 0.0211571 0.0159268 0.0113739 0.00763269 0.004768
 0.0092353 0.0146648 0.0214467 0.0293295 0.0379742 0.0468835 0.0553263 0.0624469 0.067548 0.0703183 0.0708353 0.0694063 0.0664117 0.0622249 0.0571796 0.0515542 0.045571 0.0394099 0.0332291 0.0271835 0.0214387 0.0161743 0.0115705 0.00777517 0.00486233
 0.00922181 0.0146563 0.021458 0.0293807 0.038083 0.0470532 0.055537 0.062655 0.0676958 0.0703512 0.0707185 0.0691361 0.0660198 0.0617738 0.0567488 0.0512198 0.0453845 0.039386 0.0333457 0.0273941 0.0216891 0.0164178 0.0117764 0.00793029 0.00496748
 0.00912124 0.0145181 0.0212973 0.0292291 0.037982 0.0470417 0.0556388 0.0628699 0.0679965 0.0706855 0.0710183 0.0693336 0.0660674 0.0616601 0.056504 0.0509068 0.0450794 0.0391541 0.0332236 0.0273832 0.0217629 0.0165366 0.011903 0.0080392 0.00504775
 0.00902582 0.0143643 0.0210701 0.0289199 0.0375958 0.0466058 0.0552068 0.0625153 0.0677922 0.0706772 0.0712055 0.0696682 0.0664694 0.0620441 0.0568049 0.0510976 0.0451737 0.0391939 0.0332577 0.0274466 0.0218658 0.0166671 0.012038 0.00815734 0.00513712
 0.00903916 0.0143813 0.0210864 0.0289268 0.0375804 0.0465532 0.0551049 0.0623617 0.0676017 0.0704843 0.0710569 0.0696056 0.0665102 0.0621714 0.0569739 0.0512553 0.0452818 0.0392427 0.0332646 0.0274419 0.0218755 0.0167016 0.0120918 0.00821704 0.00518982
 0.00904263 0.0143793 0.0210693 0.028881 0.0374919 0.046413 0.0549135 0.0621297 0.0673479 0.0702321 0.0708335 0.069441 0.0664336 0.0622014 0.0571085 0.0514679 0.0455294 0.0394819 0.0334676 0.0276021 0.0220016 0.016806 0.0121819 0.00829335 0.00524982
 0.00920878 0.0146228 0.0213855 0.0292466 0.0378694 0.0467587 0.0551854 0.0622936 0.0673813 0.0701293 0.0706079 0.069124 0.066069 0.0618376 0.0567888 0.0512208 0.0453626 0.0393835 0.0334151 0.0275744 0.0219862 0.0167992 0.0121838 0.00830271 0.00526318
 0.00922859 0.0146626 0.0214586 0.0293677 0.0380479 0.0469897 0.055444 0.0625371 0.0675616 0.0702091 0.0705722 0.068982 0.0658485 0.0615761 0.0565253 0.0509894 0.0451862 0.0392704 0.0333589 0.0275595 0.0219951 0.0168186 0.0122058 0.00832377 0.00528139
 0.009005 0.0143404 0.0210512 0.0289158 0.0376108 0.0466287 0.055207 0.0624493 0.0676218 0.0703909 0.0708301 0.0692637 0.0661099 0.0617922 0.0566929 0.0511214 0.0453024 0.0393877 0.0334856 0.0276934 0.0221272 0.0169377 0.012304 0.00839793 0.00533293
 0.00883718 0.0140805 0.0206858 0.0284457 0.0370555 0.0460312 0.054634 0.0619827 0.0673381 0.0703353 0.0710004 0.0696121 0.0665615 0.0622698 0.0571373 0.0515011 0.0456121 0.0396397 0.0336973 0.0278783 0.0222906 0.0170784 0.0124185 0.00848426 0.00539267
 0.00885037 0.0140857 0.0206633 0.0283672 0.0368913 0.0457624 0.0542647 0.061546 0.0668921 0.0699509 0.0707435 0.0695253 0.0666513 0.0625051 0.0574612 0.0518514 0.0459398 0.0399188 0.0339233 0.0280591 0.0224369 0.0171976 0.0125134 0.00855612 0.00544307
 0.00888724 0.0141418 0.0207397 0.0284589 0.036985 0.0458345 0.0542826 0.0614754 0.0667112 0.0696647 0.0703904 0.0691696 0.0663631 0.0623372 0.0574327 0.0519452 0.046114 0.0401253 0.0341238 0.0282327 0.0225775 0.0173074 0.0125971 0.00861751 0.00548564
 0.00893372 0.01421 0.0208285 0.0285626 0.0370946 0.0459397 0.0543722 0.0615359 0.0667249 0.0696122 0.0702574 0.0689579 0.0660979 0.0620644 0.0572052 0.0518035 0.0460727 0.040171 0.0342253 0.0283556 0.0226959 0.0174074 0.0126745 0.00867348 0.00552358
 0.0089825 0.0142828 0.0209259 0.0286803 0.037224 0.0460695 0.0544899 0.0616288 0.0667819 0.0696241 0.0702177 0.0688625 0.0659478 0.0618699 0.0569892 0.0515992 0.0459136 0.0400787 0.034202 0.028386 0.0227562 0.0174754 0.0127353 0.00872062 0.00555633
 0.00868542 0.0138281 0.020295 0.0278775 0.0362772 0.0450296 0.053431 0.0606446 0.0659728 0.0690772 0.0699868 0.0689575 0.0663357 0.0624859 0.0577542 0.0524378 0.0467668 0.0409063 0.0349773 0.0290877 0.0233644 0.0179744 0.0131184 0.00899335 0.00573508
 0.0086863 0.0138033 0.0202096 0.0276836 0.0359275 0.0444979 0.0527299 0.0598303 0.0651326 0.0683083 0.0693763 0.0685696 0.0662041 0.0626115 0.0581066 0.0529632 0.0474004 0.0415859 0.0356512 0.0297167 0.0239205 0.0184383 0.0134808 0.00925583 0.00590981
 0.00860434 0.0136787 0.0200367 0.0274582 0.0356419 0.0441363 0.0522698 0.0592536 0.0644438 0.0675491 0.0686268 0.0679312 0.0657727 0.0624519 0.0582386 0.053362 0.0480072 0.0423231 0.0364387 0.030484 0.0246134 0.0190215 0.0139377 0.00958746 0.00613117
 0.00848485 0.013506 0.0198166 0.0272096 0.0353905 0.0439039 0.0520647 0.0590657 0.0642466 0.0673094 0.0683207 0.0675618 0.0653799 0.0621068 0.0580219 0.0533359 0.0481951 0.0427045 0.0369585 0.03107 0.0251945 0.0195415 0.0143617 0.00990345 0.00634603
 0.00845214 0.0134541 0.0197416 0.0271106 0.0352718 0.0437771 0.0519481 0.0589788 0.0641999 0.067294 0.0683056 0.0675043 0.0652461 0.0618921 0.0577605 0.0530927 0.0480419 0.0426925 0.0371003 0.0313387 0.0255367 0.0198968 0.0146808 0.0101569 0.006526
 0.00834582 0.0132893 0.0195087 0.0268068 0.034902 0.0433554 0.0515002 0.0585424 0.0638211 0.0670167 0.0681591 0.0674919 0.0653427 0.0620537 0.0579436 0.0532743 0.0482283 0.0429108 0.037378 0.0316832 0.0259278 0.0202942 0.0150406 0.0104475 0.00673577
 0.00828733 0.0132054 0.0194027 0.0266877 0.034781 0.0432396 0.0513892 0.0584294 0.0636985 0.0668836 0.0680245 0.0673734 0.0652587 0.062014 0.0579456 0.0533064 0.0482806 0.0429848 0.037486 0.0318384 0.0261309 0.0205281 0.0152755 0.0106538 0.00689482
 0.0082114 0.0130901 0.0192451 0.0264917 0.0345574 0.0430059 0.051167 0.0582408 0.0635597 0.0667994 0.0679877 0.0673706 0.0652785 0.0620524 0.0580045 0.0533885 0.0483859 0.0431114 0.0376338 0.0320091 0.026324 0.020735 0.0154791 0.0108341 0.00703676
 0.00820933 0.0130904 0.0192519 0.0265108 0.0345941 0.0430616 0.0512378 0.0583174 0.0636303 0.0668528 0.0680149 0.0673648 0.0652357 0.0619729 0.057895 0.0532625 0.0482609 0.0430046 0.037559 0.0319752 0.0263334 0.0207828 0.0155528 0.0109166 0.00711226
 0.00836748 0.013318 0.0195399 0.0268328 0.0349144 0.0433484 0.0514723 0.0584947 0.0637523 0.0669203 0.0680248 0.0673117 0.0651162 0.0617892 0.0576564 0.0529849 0.0479653 0.042715 0.0372985 0.0317624 0.0261792 0.0206886 0.0155103 0.0109108 0.00712622
 0.00843376 0.0134216 0.0196873 0.027024 0.0351404 0.0435883 0.0516937 0.0586609 0.0638353 0.0669133 0.0679448 0.0671896 0.0649809 0.0616565 0.0575275 0.0528535 0.0478267 0.0425712 0.0371587 0.0316399 0.0260858 0.0206302 0.0154852 0.0109108 0.00714001
 0.00850456 0.0135417 0.0198768 0.0273034 0.0355243 0.0440756 0.0522586 0.0592502 0.0643767 0.0673326 0.0681853 0.0672269 0.064827 0.0613517 0.0571244 0.0524014 0.0473626 0.04212 0.0367388 0.031267 0.0257736 0.0203873 0.0153124 0.0108 0.00707713
 0.00850879 0.0135542 0.0199066 0.0273646 0.0356348 0.0442545 0.0525208 0.0595996 0.0647992 0.0677917 0.0686245 0.067581 0.0650395 0.0613919 0.0569948 0.0521334 0.0470032 0.0417178 0.0363346 0.0308913 0.025448 0.0201247 0.015117 0.0106675 0.00699612
 0.00851448 0.0135721 0.0199496 0.0274503 0.0357817 0.0444755 0.0528181 0.0599629 0.0652085 0.0682207 0.0690419 0.0679498 0.0653181 0.0615398 0.0569838 0.0519579 0.0466841 0.0412976 0.0358658 0.0304246 0.0250239 0.0197699 0.0148435 0.0104741 0.00687149
 0.00834361 0.0133174 0.0196103 0.0270433 0.03534 0.0440438 0.0524478 0.0597062 0.0651094 0.0683047 0.0693083 0.0683701 0.0658413 0.0621009 0.0575141 0.052397 0.0469916 0.0414609 0.0359001 0.0303648 0.024912 0.0196438 0.0147299 0.0103864 0.00681226
 0.00781438 0.0125249 0.0185449 0.0257434 0.0338843 0.0425362 0.0510053 0.0584524 0.0641642 0.0677665 0.0692342 0.068764 0.0666526 0.0632342 0.0588455 0.0537936 0.0483326 0.042654 0.0368915 0.0311394 0.0254851 0.0200481 0.0150032 0.0105636 0.00692195
 0.0073286 0.0117741 0.0174897 0.0243787 0.0322458 0.0407049 0.0491111 0.0566654 0.0626665 0.066713 0.0687216 0.0688215 0.0672507 0.0642981 0.0602664 0.0554393 0.0500603 0.0443284 0.0384029 0.032417 0.0265002 0.0208083 0.0155404 0.0109213 0.00714555
#obs surv len freq
 0.0049606 0.00812706 0.0123649 0.0176887 0.023973 0.0308525 0.037701 0.0437941 0.0485794 0.051854 0.0537351 0.0545082 0.0544942 0.0539924 0.0532645 0.0525241 0.0519156 0.0514729 0.0510571 0.0502989 0.0486163 0.0453786 0.0402089 0.0332761 0.0253619
 0.00517706 0.00847875 0.0128939 0.0184346 0.024966 0.0321023 0.0391853 0.0454534 0.0503244 0.0535803 0.0553373 0.0558874 0.055561 0.0546684 0.0534864 0.0522497 0.0511306 0.0501982 0.0493538 0.0482707 0.0464063 0.0431581 0.038153 0.0315307 0.0240122
 0.00539667 0.00884033 0.0134465 0.0192265 0.026035 0.0334609 0.0408054 0.0472624 0.0522167 0.0554389 0.0570526 0.0573655 0.056723 0.0554459 0.0538186 0.0520846 0.0504314 0.0489556 0.0476008 0.0460964 0.0439608 0.0406408 0.0357808 0.0294918 0.0224223
 0.0056441 0.00924454 0.0140587 0.0200958 0.0272001 0.0349349 0.0425609 0.0492244 0.0542722 0.0574575 0.0589079 0.058949 0.0579494 0.0562518 0.0541558 0.0519134 0.0497188 0.0476828 0.045782 0.0438014 0.0413318 0.037888 0.0331488 0.0272035 0.0206224
 0.00588951 0.00964585 0.0146671 0.0209608 0.0283601 0.0364031 0.0443098 0.0511807 0.0563262 0.0594837 0.060784 0.0605672 0.0592206 0.0571057 0.0545393 0.0517862 0.0490502 0.0464543 0.0440005 0.0415237 0.0386869 0.0350807 0.0304312 0.0248153 0.0187274
 0.00612555 0.0100362 0.0152667 0.0218248 0.0295326 0.0378998 0.0461001 0.0531824 0.0584186 0.0615317 0.0626609 0.0621673 0.0604613 0.0579251 0.0548915 0.0516364 0.0483715 0.0452298 0.0422359 0.039269 0.0360606 0.032278 0.0276996 0.022398 0.0167969
 0.00636541 0.0104266 0.0158557 0.0226581 0.0306465 0.039308 0.0477801 0.0550678 0.0604059 0.0634972 0.06448 0.0637286 0.061675 0.0587254 0.0552338 0.0514913 0.0477189 0.0440583 0.0405525 0.0371196 0.0335535 0.0295943 0.0250729 0.0200623 0.0149222
 0.00663654 0.0108691 0.0165242 0.0236034 0.0319036 0.04088 0.0496214 0.0570813 0.0624598 0.0654525 0.0662149 0.0651487 0.062713 0.0593361 0.0553894 0.0511761 0.0469252 0.0427859 0.0388161 0.0349664 0.0310852 0.0269781 0.0225251 0.0178009 0.013107
 0.00685537 0.0112328 0.0170862 0.0244182 0.0330155 0.0423044 0.0513273 0.0589844 0.0644339 0.0673555 0.0679132 0.0665348 0.0637117 0.0599036 0.0555066 0.0508395 0.0461395 0.0415612 0.0371743 0.0329565 0.0288022 0.0245729 0.020191 0.0157325 0.011447
 0.00705403 0.0115586 0.0175819 0.0251264 0.0339711 0.0435226 0.0527898 0.0606323 0.0661731 0.0690707 0.0694854 0.067855 0.0646923 0.0604843 0.055656 0.0505507 0.0454218 0.0404349 0.0356712 0.0311303 0.0267436 0.0224178 0.0181094 0.0138933 0.00997336
 0.00727462 0.0119174 0.0181222 0.0258873 0.0349793 0.0447796 0.0542588 0.0622362 0.0678064 0.0706211 0.0708523 0.0689581 0.0654717 0.0608991 0.0556827 0.0501825 0.0446674 0.039316 0.0342242 0.0294123 0.0248422 0.0204561 0.0162356 0.0122515 0.00866551
 0.00743366 0.0121821 0.0185316 0.0264814 0.0357901 0.0458178 0.0555001 0.0636172 0.0692338 0.0719909 0.0720677 0.0699416 0.0661684 0.0612751 0.0557213 0.0498801 0.0440304 0.0383616 0.0329835 0.0279371 0.023212 0.0187801 0.0146413 0.0108601 0.00756107
 0.00753418 0.0123462 0.0187807 0.0268374 0.0362736 0.046443 0.056269 0.0645131 0.07022 0.0730124 0.0730568 0.070826 0.0668806 0.06176 0.055941 0.0498139 0.0436727 0.0377204 0.0320819 0.0268183 0.0219443 0.0174573 0.0133727 0.0097481 0.00667649
 0.00761616 0.0124737 0.0189619 0.0270772 0.0365743 0.0468052 0.0566921 0.0649945 0.0707543 0.0735901 0.0736618 0.0714314 0.0674471 0.0622383 0.0562785 0.0499635 0.0436002 0.0374093 0.0315365 0.0260667 0.0210408 0.0164805 0.0124149 0.00889711 0.00599382
 0.0076712 0.0125586 0.0190814 0.0272323 0.0367625 0.0470213 0.0569285 0.0652437 0.0710116 0.0738567 0.0739445 0.0717373 0.0677754 0.0625735 0.0565876 0.0502007 0.0437158 0.0373614 0.0313017 0.0256476 0.02047 0.0158175 0.0117357 0.00827653 0.00548695
 0.00773176 0.0126525 0.0192137 0.0274043 0.0369708 0.047257 0.0571773 0.0654871 0.0712312 0.0740402 0.0740898 0.0718533 0.0678774 0.0626754 0.0566933 0.0502978 0.0437762 0.0373477 0.0311792 0.025398 0.0201005 0.0153631 0.0112515 0.00782209 0.00510888
 0.00776437 0.0127003 0.0192762 0.0274779 0.0370502 0.0473377 0.0572567 0.0655649 0.0713083 0.0741174 0.0741677 0.0719327 0.0679603 0.0627647 0.0567908 0.0504 0.04387 0.0374096 0.0311804 0.0253141 0.0199232 0.0151071 0.0109519 0.0075233 0.00484993
 0.0078108 0.012769 0.0193668 0.0275851 0.0371648 0.0474483 0.0573522 0.0656365 0.0713514 0.0741336 0.0741643 0.0719208 0.0679508 0.0627655 0.0568058 0.0504285 0.0439058 0.0374396 0.0311857 0.0252747 0.0198264 0.0149546 0.010762 0.00732503 0.004672
 0.00783646 0.0128092 0.0194241 0.0276602 0.0372554 0.0475482 0.057451 0.0657209 0.071409 0.0741571 0.0741547 0.0718867 0.0679056 0.0627229 0.056776 0.0504162 0.0439092 0.037451 0.0311919 0.0252603 0.019779 0.0148703 0.0106489 0.00720032 0.00455539
 0.00787889 0.0128711 0.0195043 0.027753 0.0373527 0.0476418 0.0575348 0.0657904 0.0714606 0.0741869 0.0741594 0.0718653 0.0678612 0.0626632 0.0567117 0.0503576 0.0438632 0.0374183 0.0311671 0.0252336 0.01974 0.0148132 0.0105752 0.0071187 0.0044778
 0.00791181 0.0129243 0.0195834 0.0278616 0.0374902 0.0478012 0.0577007 0.0659418 0.0715762 0.0742526 0.0741717 0.07183 0.0677891 0.0625663 0.0566014 0.0502445 0.0437565 0.0373244 0.0310879 0.0251661 0.0196782 0.0147516 0.0105117 0.00705585 0.00442101
 0.00788832 0.0128868 0.0195284 0.0277877 0.0373994 0.0477007 0.0576036 0.0658645 0.0715335 0.0742516 0.0742097 0.0718966 0.0678711 0.0626521 0.0566829 0.0503173 0.043819 0.0373767 0.0311304 0.0251984 0.0196986 0.0147584 0.0105052 0.0070393 0.00439963
 0.00788807 0.0128793 0.0195042 0.0277342 0.0373047 0.0475598 0.0574233 0.0656649 0.0713436 0.0741014 0.0741222 0.0718823 0.0679265 0.0627622 0.056827 0.0504747 0.0439732 0.0375167 0.0312503 0.0252954 0.0197719 0.0148084 0.0105341 0.00705126 0.00440024
 0.00788587 0.0128742 0.0194934 0.0277131 0.0372667 0.0474968 0.0573277 0.065533 0.0711797 0.0739208 0.07395 0.0717476 0.0678536 0.0627631 0.0568981 0.0505997 0.0441293 0.0376815 0.0314056 0.0254296 0.0198791 0.0148873 0.0105868 0.00708212 0.00441529
 0.00790505 0.0129028 0.0195315 0.0277585 0.0373151 0.0475416 0.0573605 0.0655436 0.0711579 0.0738594 0.0738489 0.0716166 0.0677123 0.0626363 0.0568087 0.0505611 0.0441419 0.0377344 0.0314818 0.0255119 0.0199542 0.0149476 0.0106296 0.0071089 0.00442965
 0.00786399 0.0128387 0.0194403 0.0276387 0.0371689 0.0473756 0.0571866 0.0653777 0.0710168 0.0737563 0.0737893 0.0715986 0.0677296 0.0626829 0.0568816 0.0506606 0.0442682 0.0378833 0.0316437 0.0256727 0.0201 0.0150679 0.0107199 0.00717044 0.00446748
 0.00784796 0.012808 0.0193857 0.0275495 0.0370361 0.0471973 0.0569717 0.0651467 0.0707971 0.0735744 0.073665 0.071541 0.0677375 0.0627473 0.0569897 0.0508 0.0444287 0.038057 0.0318227 0.0258476 0.02026 0.0152034 0.0108252 0.00724497 0.00451524
 0.00783535 0.0127846 0.0193449 0.027483 0.0369351 0.047055 0.0567872 0.0649271 0.0705585 0.073341 0.0734643 0.0713988 0.0676711 0.062762 0.0570788 0.0509476 0.0446157 0.0382648 0.0320353 0.0260518 0.0204445 0.0153595 0.0109476 0.00733317 0.00457313
 0.00778759 0.0127113 0.0192425 0.0273508 0.0367748 0.0468705 0.0565839 0.0647129 0.0703441 0.0731394 0.073291 0.0712703 0.0676031 0.062766 0.0571586 0.0510974 0.0448206 0.0385043 0.0322874 0.0262964 0.0206656 0.0155459 0.0110938 0.00743884 0.00464311
 0.00776865 0.0126739 0.0191746 0.0272382 0.036606 0.0466434 0.056311 0.0644203 0.0700643 0.0729013 0.0731128 0.0711596 0.0675607 0.0627905 0.0572479 0.0512479 0.0450241 0.038747 0.0325504 0.0265587 0.0209077 0.0157529 0.0112575 0.00755808 0.00472263
 0.00775684 0.0126551 0.0191466 0.0271977 0.0365479 0.0465601 0.0561938 0.0642635 0.06987 0.0726831 0.0728951 0.0709704 0.067424 0.0627206 0.0572487 0.0513157 0.0451506 0.0389205 0.0327555 0.026777 0.0211198 0.0159419 0.0114117 0.00767308 0.00480074
 0.00770533 0.0125745 0.0190313 0.0270454 0.0363603 0.0463442 0.0559622 0.0640326 0.0696566 0.0725 0.0727503 0.0708692 0.067372 0.0627241 0.0573127 0.0514402 0.0453297 0.0391422 0.0330039 0.0270333 0.021365 0.016159 0.0115889 0.00780572 0.00489123
 0.00770218 0.0125639 0.0190053 0.0269933 0.0362721 0.0462145 0.0557944 0.0638396 0.0694573 0.0723141 0.0725931 0.07075 0.0672948 0.0626903 0.0573236 0.0514975 0.0454334 0.0392887 0.0331838 0.0272323 0.0215657 0.0163442 0.0117451 0.00792582 0.00497501
 0.0076618 0.0125046 0.0189273 0.0269002 0.0361681 0.0461018 0.0556717 0.0637043 0.0693095 0.0721603 0.072447 0.0706285 0.0672131 0.0626574 0.0573416 0.0515636 0.0455425 0.0394342 0.0333574 0.0274225 0.021758 0.0165232 0.0118979 0.00804469 0.00505892
 0.00764386 0.0124731 0.0188761 0.0268231 0.0360617 0.0459688 0.0555226 0.063555 0.0691756 0.0720512 0.0723634 0.070567 0.0671711 0.0626372 0.0573488 0.051604 0.0456187 0.0395444 0.0334955 0.027579 0.0219205 0.0166781 0.012033 0.00815194 0.00513601
 0.00761742 0.0124346 0.0188262 0.0267647 0.0359979 0.0459008 0.0554492 0.063474 0.0690872 0.0719601 0.0722784 0.0704971 0.0671223 0.0626113 0.0573458 0.0516243 0.0456639 0.0396158 0.0335919 0.027695 0.0220468 0.0168031 0.0121454 0.00824351 0.00520329
 0.00760563 0.0124131 0.0187899 0.0267082 0.035918 0.0457992 0.0553342 0.0633589 0.0689854 0.0718804 0.0722227 0.0704629 0.0671063 0.062612 0.0573632 0.051659 0.0457165 0.0396864 0.0336796 0.0277967 0.0221564 0.016912 0.0122443 0.00832501 0.00526393
 0.00760798 0.0124165 0.0187941 0.026712 0.0359186 0.0457924 0.0553144 0.0633216 0.0689295 0.0718099 0.0721465 0.070391 0.0670467 0.0625687 0.0573373 0.0516503 0.045725 0.0397124 0.0337229 0.0278555 0.0222264 0.0169866 0.0123157 0.00838644 0.00531123
 0.00758259 0.0123804 0.0187492 0.0266634 0.0358729 0.0457552 0.0552881 0.0633046 0.0689173 0.0717971 0.072129 0.0703679 0.067021 0.062546 0.0573231 0.0516487 0.0457377 0.0397396 0.0337636 0.0279078 0.0222869 0.0170503 0.0123766 0.00843902 0.00535203
 0.00755229 0.0123298 0.0186712 0.0265518 0.0357258 0.0455785 0.0550982 0.063126 0.0687759 0.0717112 0.0721036 0.0703958 0.0670876 0.062636 0.0574252 0.0517561 0.0458474 0.0398501 0.0338735 0.028015 0.0223886 0.0171428 0.0124562 0.00850274 0.00539895
 0.00755602 0.0123339 0.0186733 0.0265478 0.03571 0.0455444 0.0550404 0.0630431 0.0686724 0.0715991 0.072 0.0703172 0.0670448 0.0626308 0.0574515 0.0518044 0.0459088 0.0399185 0.0339452 0.0280878 0.0224599 0.0172096 0.0125151 0.00855095 0.00543511
 0.00754058 0.0123136 0.0186514 0.0265299 0.0357016 0.0455479 0.0550524 0.0630545 0.0686719 0.0715775 0.0719547 0.0702542 0.0669766 0.062572 0.0574139 0.0517931 0.0459224 0.0399512 0.0339905 0.0281396 0.0225137 0.0172614 0.0125615 0.00858943 0.00546425
 0.00753074 0.0122965 0.018624 0.0264896 0.0356482 0.0454853 0.0549894 0.063003 0.0686413 0.0715703 0.0719646 0.0702699 0.0669876 0.0625743 0.0574109 0.0517929 0.0459325 0.0399756 0.0340283 0.0281867 0.0225646 0.017311 0.0126058 0.0086256 0.0054913
 0.00752635 0.012288 0.0186089 0.0264645 0.0356096 0.045431 0.0549204 0.062924 0.0685617 0.0715018 0.0719182 0.0702513 0.0669957 0.0626016 0.057448 0.0518328 0.0459732 0.0400184 0.0340753 0.0282379 0.0226177 0.0173621 0.0126509 0.00866213 0.00551824
 0.00750513 0.0122552 0.0185626 0.0264039 0.0355352 0.0453445 0.0548248 0.0628241 0.0684642 0.0714149 0.0718508 0.0702119 0.0669901 0.062631 0.0575075 0.0519135 0.0460647 0.0401124 0.0341665 0.0283238 0.0226963 0.0174313 0.0127086 0.00870688 0.0055502
 0.00749899 0.0122431 0.0185404 0.0263671 0.0354796 0.0452689 0.0547324 0.0627227 0.0683636 0.0713246 0.071778 0.0701614 0.0669653 0.062634 0.0575391 0.0519713 0.046143 0.0402032 0.0342614 0.0284157 0.0227802 0.017504 0.0127679 0.00875222 0.00558222
 0.00749899 0.0122431 0.0185404 0.0263671 0.0354796 0.0452689 0.0547324 0.0627227 0.0683636 0.0713246 0.071778 0.0701614 0.0669653 0.062634 0.0575391 0.0519713 0.046143 0.0402032 0.0342614 0.0284157 0.0227802 0.017504 0.0127679 0.00875222 0.00558222
 0.00723403 0.0118266 0.0179417 0.025571 0.0344943 0.0441344 0.0535281 0.0615636 0.0673808 0.0706335 0.0714515 0.0702172 0.0673694 0.0633166 0.0584123 0.0529467 0.0471428 0.0411656 0.0351415 0.0291836 0.0234193 0.0180094 0.0131454 0.00901645 0.00575403
 0.00723114 0.0117868 0.0178176 0.025298 0.0340086 0.043401 0.0525649 0.0604485 0.0662347 0.0695921 0.0706361 0.0697159 0.0672268 0.0635303 0.0589373 0.0537066 0.048046 0.0421214 0.0360717 0.0300293 0.024142 0.0185904 0.0135835 0.00932449 0.0059546
 0.00720054 0.011748 0.0177763 0.0252593 0.0339653 0.043322 0.0523928 0.0601151 0.0656936 0.0688518 0.0697734 0.0688586 0.066516 0.0630802 0.0588091 0.0539012 0.0485131 0.0427776 0.0368215 0.0307835 0.0248306 0.0191684 0.0140316 0.00964503 0.00616549
 0.00717453 0.0117074 0.0177194 0.0251869 0.0338827 0.043238 0.0523153 0.060042 0.0656035 0.0687021 0.0695166 0.0684707 0.0660223 0.0625595 0.0583704 0.0536448 0.0484964 0.0430006 0.0372337 0.0313047 0.0253761 0.0196684 0.0144423 0.00995027 0.00637138
 0.00716138 0.0116901 0.0177005 0.0251713 0.0338754 0.0432421 0.0523303 0.0600638 0.0656242 0.0687088 0.0694882 0.0683787 0.0658403 0.0622803 0.0580226 0.0532939 0.0482256 0.0428786 0.0372888 0.0315168 0.0256888 0.020013 0.0147598 0.0102048 0.00655201
 0.0071389 0.0116567 0.0176564 0.0251192 0.0338206 0.043192 0.0522931 0.0600465 0.0656305 0.068736 0.0695259 0.0684089 0.0658398 0.0622265 0.0579033 0.0531186 0.0480303 0.0427181 0.0372153 0.0315576 0.0258351 0.0202259 0.0149891 0.0104085 0.00670736
 0.00713568 0.0116534 0.0176549 0.0251225 0.0338321 0.0432141 0.0523262 0.0600892 0.0656794 0.068787 0.0695735 0.0684458 0.0658559 0.0622096 0.0578416 0.0530073 0.0478785 0.0425523 0.0370742 0.0314778 0.025835 0.020298 0.0151054 0.0105344 0.00681598
 0.00716601 0.0117039 0.0177329 0.0252349 0.0339832 0.0434024 0.0525416 0.0603127 0.0658869 0.0689548 0.0696839 0.0684894 0.0658314 0.0621207 0.0576948 0.0528104 0.0476427 0.0422961 0.0368245 0.0312659 0.0256862 0.0202219 0.0150923 0.0105618 0.00685884
 0.00715878 0.0116987 0.0177374 0.0252607 0.034043 0.0435057 0.0526909 0.0605006 0.0660974 0.0691661 0.069872 0.0686324 0.0659128 0.0621322 0.0576362 0.0526881 0.0474688 0.0420872 0.0366028 0.0310569 0.0255142 0.0201026 0.015028 0.0105416 0.00686519
 0.00719797 0.0117592 0.0178227 0.0253725 0.0341819 0.043672 0.0528834 0.0607156 0.0663259 0.0693929 0.0700767 0.0687924 0.0660077 0.0621483 0.0575687 0.0525418 0.0472567 0.0418289 0.0363224 0.0307813 0.0252691 0.0199075 0.0148912 0.0104591 0.0068243
 0.00719771 0.0117629 0.0178358 0.0254023 0.0342356 0.0437536 0.0529917 0.0608447 0.0664678 0.0695406 0.0702245 0.0689338 0.0661322 0.0622411 0.0576136 0.0525264 0.0471765 0.0416898 0.0361402 0.0305785 0.0250709 0.0197358 0.0147597 0.010371 0.00677341
 0.00728007 0.0118946 0.0180296 0.0256676 0.0345756 0.0441608 0.0534444 0.0613061 0.0668922 0.0698836 0.0704535 0.0690338 0.0661062 0.0621047 0.0573879 0.0522316 0.04683 0.0413075 0.0357402 0.030183 0.0247044 0.0194207 0.0145111 0.0101926 0.00665807
 0.00725832 0.0118669 0.0180023 0.0256525 0.0345879 0.0442154 0.0535522 0.0614707 0.0671084 0.070136 0.070718 0.0692808 0.0663067 0.0622362 0.0574388 0.0522014 0.0467263 0.0411431 0.0355314 0.0299491 0.0244673 0.0192021 0.0143283 0.0100549 0.0065649
 0.00725497 0.0118597 0.0179888 0.0256306 0.0345581 0.0441838 0.0535316 0.0614791 0.067163 0.0702468 0.0708822 0.0694826 0.0665201 0.0624314 0.0575886 0.0522862 0.0467375 0.0410833 0.0354119 0.0297882 0.0242867 0.0190241 0.0141716 0.00993135 0.00647785
 0.00721315 0.0117911 0.0178847 0.0254832 0.0343633 0.0439452 0.0532641 0.0612105 0.0669302 0.0700884 0.0708293 0.0695505 0.0667035 0.0627049 0.0579119 0.052614 0.0470292 0.0413105 0.0355622 0.0298638 0.0243015 0.0189982 0.014126 0.00988307 0.00643763
 0.00710053 0.0116029 0.0175929 0.0250611 0.0337944 0.0432355 0.0524536 0.0603731 0.0661611 0.0694815 0.0704573 0.0694533 0.0668853 0.0631364 0.0585364 0.053357 0.0478109 0.0420587 0.0362222 0.0304039 0.0247125 0.0192891 0.0143173 0.00999974 0.0065035
 0.00705096 0.0115125 0.0174382 0.0248134 0.0334248 0.0427251 0.0518043 0.059615 0.0653521 0.0687012 0.0697944 0.0689905 0.0666837 0.0632229 0.0588988 0.0539466 0.0485527 0.0428659 0.0370117 0.0311098 0.0252941 0.0197322 0.0146297 0.0102034 0.00662603
#pred catch len freq
 0.0051122 0.00805006 0.0116632 0.0158263 0.0204506 0.0254692 0.0307584 0.0360963 0.0412029 0.0458137 0.0497258 0.0528143 0.0550392 0.0564425 0.0571276 0.0572315 0.0569008 0.0562618 0.0553588 0.0540593 0.0519869 0.0485892 0.0434016 0.0364032 0.0282148
 0.00529911 0.00831814 0.0120051 0.0162252 0.0209016 0.0260041 0.0314523 0.0370399 0.0424462 0.0473132 0.0513308 0.054308 0.0562138 0.0571679 0.0573807 0.0570772 0.05644 0.0555718 0.0544567 0.0529077 0.0505434 0.0468725 0.0415295 0.0345709 0.0266243
 0.00564182 0.0088346 0.0127052 0.0170881 0.0218794 0.0270331 0.0324694 0.0380028 0.0433534 0.048207 0.0522695 0.055312 0.057222 0.0580395 0.0579486 0.0572182 0.0561146 0.0548145 0.0533313 0.0514697 0.0488383 0.044968 0.0395479 0.0326846 0.0250063
 0.00600652 0.00940332 0.0135158 0.0181587 0.0232045 0.0285783 0.0341636 0.0397364 0.0449936 0.0496307 0.0533994 0.0561356 0.0577762 0.0583672 0.058053 0.0570477 0.0555896 0.053873 0.0519608 0.0497116 0.046779 0.0427337 0.0373025 0.0306116 0.0232677
 0.00642623 0.0100519 0.0144308 0.0193569 0.0246857 0.0303279 0.0361475 0.0418874 0.0472004 0.05174 0.055237 0.0575434 0.0586522 0.0586873 0.0578582 0.0564029 0.0545416 0.0524349 0.050132 0.0475153 0.0442929 0.0401013 0.0347171 0.0282783 0.0213506
