SBPRF35
12.7214
Curr Bio
758922
B35
847816
F35
0.170092
FOFL
0.147815
OFL
90449.7
Bzero
3.63469e+006
#pred survey bio
 3.15986e+006 2.88917e+006 2.65121e+006 2.40588e+006 2.14735e+006 1.88877e+006 1.6576e+006 1.45272e+006 1.28816e+006 1.16294e+006 1.02829e+006 900459 810926 749110 687683 644221 604647 577212 557007 544092 539637 538302 528807 533046 530758 545062 551849 557880 570861 577945 591374 608427 624577 625901 634389 641713 650038 658183 665648 663581 669602 669313 667171 666525 670459 672932 682418 742500 789824 800320 786725 764787 2.61723e+007 1.5607e+007 1.58984e+007 1.68747e+007 1.83125e+007 1.99342e+007 2.15275e+007 2.29657e+007 2.41928e+007 2.51999e+007 2.60041e+007 2.66342e+007 2.71214e+007 2.7495e+007 2.77799e+007 2.79967e+007 2.81617e+007 2.82874e+007 2.83834e+007 2.8457e+007 2.85137e+007 2.85576e+007 2.85916e+007 2.86183e+007 2.86392e+007 2.86556e+007 2.86686e+007 2.86789e+007 2.86871e+007 2.86937e+007 2.86989e+007 2.87032e+007 2.87066e+007 2.87093e+007 2.87116e+007 2.87134e+007 2.87149e+007 2.87161e+007 2.8717e+007 2.87178e+007 2.87185e+007 2.8719e+007 2.87194e+007 2.87198e+007 2.87201e+007 2.87203e+007 2.87205e+007 2.87206e+007 2.87208e+007 2.87209e+007 2.8721e+007 2.8721e+007 2.87211e+007 2.87211e+007 2.87212e+007 2.87212e+007 2.87212e+007 2.87213e+007 2.87213e+007 2.87213e+007 2.87213e+007 2.87213e+007 2.87213e+007 2.87213e+007 2.87213e+007 2.87213e+007 2.87213e+007 2.87213e+007 2.87213e+007 2.87213e+007 2.87213e+007 2.87213e+007 2.87213e+007 2.87213e+007 2.87213e+007 2.87213e+007 2.87213e+007 2.87213e+007 2.87213e+007 2.87213e+007 2.87213e+007 2.87213e+007 2.87213e+007 2.87213e+007 2.87213e+007 2.87213e+007 2.87213e+007 2.87213e+007 2.87213e+007 2.87213e+007 2.87213e+007 2.87213e+007 2.87213e+007 2.87213e+007 2.87213e+007 2.87213e+007 2.87213e+007 2.87213e+007 2.87213e+007 2.87213e+007 0 0 0 0 0 0 0 0 0 0 0 0 0 0 0 0 0 0 0 0 0 0 0 0 0
#obs survey bio
 2.936e+006 4.27248e+006 3.26884e+006 2.59208e+006 2.47069e+006 1.67299e+006 1.2569e+006 1.65192e+006 1.32231e+006 1.34418e+006 1.28305e+006 801851 977537 822139 635524 393695 955094 695915 443068 526950 388824 413127 463735 386626 404924 683744 679309 496400 606374 767965 495539 751063 670627 518287 733123 589362 854322 789173 584808 720608 541927 496375 617684 644218 672405 682155 643003 932342 1.1449e+006 774914 665134 745432
#pred catch bio
 278562 265834 289963 318350 332749 319905 305056 274458 242569 250652 241169 203841 176657 172482 152919 145472 131156 122323 114702 107073 104406 110707 98880.3 104725 91404.8 98255.3 98363 92474.4 97573.7 92257.5 89949.2 91604.5 104352 98463.2 100432 100533 101390 102616 111238 105026 111361 113430 112507 108947 110149 103917 62244 74167 103444 120588 124039 115401 90449.7 102227 102810 107756 116447 126616 136605 145516 152983 158970 163619 167140 169758 171676 173065 174062 174772 175275 175630 175879 176053 176175 176260 176319 176360 176389 176408 176422 176431 176438 176442 176445 176447 176449 176450 176451 176451 176451 176452 176452 176452 176452 176452 176452 176452 176452 176452 176452 176452 176452 176452 176452 176452 176452 176452 176452 176452 176452 176452 176452 176452 176452 176452 176452 176452 176452 176452 176452 176452 176452 176452 176452 176452 176452 176452 176452 176452 176452 176452 176452 176452 176452 176452 176452 176452 176452 176452 176452 176452 176452 176452 176452 176452 176452 176452 176452 176452 176452 176452 176452 0 0 0 0 0 0 0 0 0 0 0 0 0 0 0 0 0 0 0 0 0 0 0 0 0
#obs catch bio
 227208 265102 289522 318978 333400 321189 309086 277426 244934 252062 241869 204070 176746 172524 153576 147229 131024 122325 115358 107656 105313 111532 99492.4 105902 92411.4 99194.1 98886.2 92577.4 98117.8 92325.2 90104.5 91501.4 104361 98307.6 100533 100930 101670 102441 111394 105104 111926 114255 113175 109852 111139 105029 62210.3 74176.7 103331 120360 123718 115360
#pred cpue bio
 3.10994e+006 2.84102e+006 2.60431e+006 2.35962e+006 2.10213e+006 1.84497e+006 1.61517e+006 1.41189e+006 1.249e+006 1.12526e+006 992685 867043 779067 718544 658672 616386 578100 551678 532034 519319 514899 513635 504458 508557 506280 520259 527221 533449 546256 553334 566611 583361 599252 600614 608776 615775 623852 631894 639185 637004 642681 642232 640017 639316 643216 645848 655390 714784 762347 773495 760243 738833 2.53027e+007 1.50986e+007 1.52342e+007 1.60289e+007 1.73989e+007 1.90035e+007 2.05931e+007 2.20306e+007 2.32576e+007 2.42646e+007 2.50688e+007 2.56989e+007 2.61861e+007 2.65596e+007 2.68446e+007 2.70614e+007 2.72264e+007 2.73521e+007 2.74481e+007 2.75217e+007 2.75784e+007 2.76223e+007 2.76563e+007 2.7683e+007 2.77038e+007 2.77203e+007 2.77333e+007 2.77436e+007 2.77518e+007 2.77584e+007 2.77636e+007 2.77679e+007 2.77713e+007 2.7774e+007 2.77763e+007 2.77781e+007 2.77795e+007 2.77807e+007 2.77817e+007 2.77825e+007 2.77831e+007 2.77837e+007 2.77841e+007 2.77845e+007 2.77847e+007 2.7785e+007 2.77852e+007 2.77853e+007 2.77855e+007 2.77856e+007 2.77856e+007 2.77857e+007 2.77858e+007 2.77858e+007 2.77859e+007 2.77859e+007 2.77859e+007 2.77859e+007 2.7786e+007 2.7786e+007 2.7786e+007 2.7786e+007 2.7786e+007 2.7786e+007 2.7786e+007 2.7786e+007 2.7786e+007 2.7786e+007 2.7786e+007 2.7786e+007 2.7786e+007 2.7786e+007 2.7786e+007 2.7786e+007 2.7786e+007 2.7786e+007 2.7786e+007 2.7786e+007 2.7786e+007 2.7786e+007 2.7786e+007 2.7786e+007 2.7786e+007 2.7786e+007 2.7786e+007 2.7786e+007 2.7786e+007 2.7786e+007 2.7786e+007 2.7786e+007 2.7786e+007 2.7786e+007 2.7786e+007 2.7786e+007 2.7786e+007 2.7786e+007 2.7786e+007 2.7786e+007 2.7786e+007 2.7786e+007 0 0 0 0 0 0 0 0 0 0 0 0 0 0 0 0 0 0 0 0 0 0 0 0 0
#obs cpue bio
 3.03282e+006 2.65049e+006 1.96892e+006 1.53968e+006 1.86483e+006 1.63558e+006 1.0346e+006 1.23311e+006 1.0142e+006 1.35553e+006 916026 972254 626029 719436 506084 609495 682928 430344 444002 478467 498015 752323 450085 539297 411815 484532 520595 688883 397108 533104 595638 574571 610341 716704 449198 495335 502739 728592 634338 516308 589891 666408 691412 463438 575613 596219 613708 905990 816017 828360 981825 601994
#pred surv len freq
 0.00520402 0.00847046 0.0127843 0.0181278 0.0243572 0.0311135 0.0377987 0.0437258 0.0483785 0.0515809 0.053465 0.0543123 0.0544153 0.0540165 0.0533033 0.0524225 0.0514985 0.0506311 0.0498435 0.0489785 0.0476117 0.0451031 0.0408642 0.034741 0.0272524
 0.00554193 0.00894442 0.013363 0.0187479 0.0249581 0.0316832 0.0383977 0.044463 0.0493454 0.0527844 0.0548034 0.0556119 0.0555017 0.0547782 0.0537138 0.052517 0.0513248 0.0502026 0.0491196 0.0478871 0.0461074 0.0432313 0.0387871 0.0327004 0.0254845
 0.00583126 0.00942583 0.0141023 0.0197983 0.0263324 0.033322 0.0401568 0.0461469 0.0507826 0.0539002 0.0556343 0.0562497 0.0560105 0.0551484 0.0538779 0.0524002 0.0508831 0.0494233 0.047998 0.0464137 0.0442881 0.0411303 0.0365549 0.0305531 0.023636
 0.0060721 0.00982367 0.0147143 0.0206851 0.0275496 0.0349008 0.0420779 0.0483168 0.0530302 0.0560047 0.0573823 0.0574986 0.0567236 0.0553781 0.0537088 0.0518938 0.0500563 0.0482624 0.046485 0.0445482 0.0421075 0.0387311 0.0341021 0.0282562 0.0216906
 0.00635666 0.010281 0.0153935 0.0216305 0.0287956 0.036463 0.0439404 0.0504237 0.0552838 0.0582696 0.0594934 0.059276 0.0580038 0.0560526 0.0537491 0.051344 0.0489952 0.0467633 0.0445981 0.042315 0.039593 0.036054 0.031441 0.0258206 0.0196633
 0.00669406 0.0108218 0.0161928 0.0227342 0.0302319 0.0382297 0.0459921 0.0526687 0.0575984 0.0605207 0.0615555 0.061034 0.0593475 0.0568776 0.0539712 0.0509196 0.0479342 0.0451215 0.0424593 0.0397782 0.036779 0.0331212 0.0285888 0.0232608 0.0175674
 0.00694552 0.0112428 0.0168488 0.0236931 0.0315495 0.0399265 0.048031 0.0549488 0.0599717 0.0628247 0.0636424 0.0627861 0.0606769 0.0577171 0.0542657 0.0506244 0.0470239 0.0436038 0.0403849 0.0372455 0.0339345 0.0301568 0.025727 0.0207193 0.0155094
 0.00717776 0.0116193 0.0174148 0.0244933 0.0326235 0.0412995 0.0497002 0.056871 0.06206 0.0649555 0.0656714 0.0645685 0.0620875 0.0586627 0.054686 0.0504839 0.0463041 0.0423045 0.0385362 0.0349247 0.0312786 0.0273605 0.0230195 0.0183203 0.0135768
 0.00739365 0.011963 0.017919 0.0251848 0.0335203 0.0424065 0.051003 0.0583335 0.0636282 0.0665641 0.0672473 0.0660298 0.063343 0.0596172 0.0552505 0.0505866 0.0458968 0.0413658 0.0370786 0.0330066 0.0290172 0.0249334 0.0206421 0.0162016 0.0118675
 0.00751225 0.0121628 0.0182326 0.0256466 0.0341595 0.0432356 0.052008 0.0594722 0.0648404 0.0677875 0.0684289 0.0671267 0.0643145 0.0604151 0.0558135 0.0508436 0.0457772 0.0408147 0.0360734 0.0315739 0.0272451 0.0229718 0.0186819 0.0144326 0.0104298
 0.00772925 0.0125105 0.0187463 0.0263556 0.0350812 0.0443668 0.0533144 0.0608845 0.066262 0.0691132 0.0695658 0.0680105 0.0649149 0.0607301 0.0558547 0.0506179 0.0452756 0.0400149 0.0349555 0.0301454 0.0255639 0.0211538 0.0168859 0.0128217 0.00912583
 0.00801478 0.0129637 0.0194075 0.0272535 0.0362263 0.045742 0.0548648 0.0625159 0.0678533 0.0705389 0.0707188 0.068816 0.065336 0.0607671 0.0555377 0.0499933 0.044389 0.0388985 0.0336287 0.0286296 0.0239053 0.019439 0.0152364 0.0113654 0.00795841
 0.00814594 0.0131827 0.0197478 0.0277499 0.0369081 0.046621 0.0559247 0.0637067 0.0690979 0.0717469 0.0718 0.0696907 0.0659419 0.0610642 0.0555119 0.0496554 0.0437684 0.0380331 0.0325577 0.0273942 0.0225585 0.0180557 0.0139125 0.0101996 0.00702455
 0.00820908 0.0132802 0.0198861 0.0279348 0.0371479 0.0469296 0.0563211 0.0642097 0.0697157 0.0724668 0.0725837 0.0704768 0.0666561 0.0616323 0.0558719 0.0497664 0.0436141 0.0376212 0.0319152 0.0265641 0.0215983 0.0170388 0.0129234 0.00932058 0.00631612
 0.00834622 0.0134955 0.020195 0.028345 0.0376557 0.0475175 0.056956 0.0648475 0.070313 0.0729936 0.073029 0.070842 0.0669421 0.0618287 0.0559551 0.0497059 0.0433834 0.0372071 0.0313238 0.0258228 0.0207551 0.0161582 0.0120783 0.00857881 0.00572453
 0.00832951 0.0134845 0.0202084 0.0284101 0.0378017 0.0477639 0.0573031 0.0652734 0.0707795 0.0734581 0.0734555 0.0712084 0.0672398 0.0620565 0.05611 0.0497763 0.0433485 0.0370442 0.0310193 0.0253815 0.0202055 0.0155497 0.0114726 0.00803492 0.00528487
 0.00841864 0.0136079 0.0203555 0.0285606 0.0379354 0.0478741 0.057404 0.0653957 0.0709536 0.0736962 0.0737432 0.0715104 0.0675155 0.0622745 0.0562536 0.0498393 0.0433276 0.0369332 0.0308109 0.0250748 0.0198142 0.015106 0.0110218 0.0076241 0.00494945
 0.00862224 0.0139012 0.020726 0.0289705 0.0383293 0.0481944 0.0576065 0.0654609 0.0708927 0.0735497 0.0735697 0.0713666 0.0674359 0.0622617 0.0562837 0.049877 0.0433393 0.0368936 0.0307038 0.0248939 0.0195654 0.0148094 0.0107093 0.00733156 0.00470579
 0.00876028 0.0141246 0.021058 0.029426 0.0389042 0.0488537 0.0582775 0.0660429 0.0712855 0.0736895 0.0734535 0.0710504 0.06701 0.0618168 0.055884 0.0495489 0.0430759 0.0366692 0.0304891 0.0246668 0.0193172 0.0145455 0.0104471 0.00709327 0.00451033
 0.00881199 0.0142096 0.0211884 0.0296148 0.0391641 0.049193 0.0586935 0.0665137 0.0717656 0.0741132 0.0737492 0.0711642 0.0669263 0.0615659 0.0555294 0.0491618 0.0427108 0.0363512 0.030217 0.0244253 0.0190906 0.0143271 0.010241 0.00691048 0.00436186
 0.00878682 0.0141719 0.021138 0.0295552 0.0391035 0.0491451 0.0586778 0.0665527 0.0718784 0.0743064 0.0740081 0.0714506 0.0671873 0.0617512 0.0556101 0.0491401 0.0426143 0.0362167 0.0300738 0.0242872 0.0189591 0.0141999 0.0101187 0.00679885 0.00426827
 0.00875628 0.0141218 0.0210623 0.0294489 0.0389648 0.048979 0.0584984 0.0663843 0.0717515 0.0742513 0.0740463 0.0715874 0.067407 0.0620179 0.055877 0.0493637 0.0427679 0.0362965 0.030093 0.0242656 0.0189135 0.0141415 0.0100549 0.00673619 0.00421297
 0.00886036 0.0142762 0.0212664 0.0296914 0.0392254 0.0492316 0.058716 0.0665418 0.0718315 0.0742487 0.0739717 0.0714651 0.0672667 0.061885 0.0557635 0.0492663 0.0426736 0.0361915 0.0299713 0.0241312 0.0187767 0.0140134 0.00994364 0.00664602 0.00414495
 0.00884873 0.0142577 0.0212394 0.0296542 0.0391764 0.0491697 0.0586408 0.0664553 0.0717388 0.0741588 0.0738966 0.0714177 0.0672584 0.0619221 0.0558454 0.0493838 0.0428093 0.036324 0.0300811 0.0242063 0.0188152 0.0140215 0.00993181 0.00662468 0.00412221
 0.00881837 0.0142229 0.0212134 0.0296573 0.0392289 0.0492819 0.0588047 0.0666445 0.0719165 0.0742902 0.0739598 0.0714082 0.067188 0.0618138 0.0557256 0.0492749 0.0427245 0.036265 0.030041 0.0241746 0.0187834 0.0139861 0.00989441 0.00658927 0.00409256
 0.00858102 0.0138593 0.0207096 0.0290195 0.0384871 0.048491 0.0580432 0.0660046 0.0714834 0.0741169 0.0740518 0.0717261 0.067666 0.0623818 0.0563249 0.0498639 0.0432771 0.0367652 0.0304776 0.0245393 0.0190714 0.0141985 0.0100389 0.00667902 0.00414289
 0.00851853 0.0137438 0.0205106 0.0287027 0.038025 0.0478798 0.0573171 0.0652378 0.0707756 0.0735676 0.0737348 0.0716744 0.0678679 0.0627889 0.0568685 0.0504728 0.0438913 0.0373418 0.0309898 0.0249723 0.019419 0.0144614 0.0102243 0.0067996 0.00421456
 0.00856466 0.0138007 0.0205619 0.0287185 0.0379668 0.0477087 0.0570055 0.0647804 0.0701972 0.0729267 0.0731168 0.0711731 0.0675613 0.062718 0.057028 0.0508182 0.0443556 0.0378549 0.0314927 0.0254237 0.0197953 0.0147538 0.0104357 0.00694082 0.0043011
 0.00844373 0.0136283 0.0203462 0.0284803 0.0377293 0.0474851 0.0567894 0.064548 0.0699212 0.0725933 0.0727396 0.0707957 0.0672482 0.0625366 0.0570275 0.0510133 0.0447224 0.0383393 0.0320271 0.0259443 0.0202545 0.0151251 0.0107119 0.00712988 0.0044197
 0.00842519 0.0135865 0.0202631 0.0283355 0.0375097 0.0471963 0.056462 0.0642298 0.0696558 0.0723994 0.0726035 0.0706863 0.0671418 0.0624362 0.0569643 0.0510307 0.0448532 0.0385887 0.0323692 0.0263322 0.0206365 0.0154596 0.0109755 0.00731793 0.00454132
 0.00840406 0.0135457 0.0201894 0.0282113 0.0373157 0.0469177 0.0560965 0.0637947 0.069191 0.0719612 0.0722505 0.0704598 0.0670532 0.0624686 0.0570885 0.0512242 0.0451074 0.0389031 0.0327374 0.026733 0.0210357 0.0158201 0.01127 0.00753514 0.0046859
 0.008313 0.013409 0.0200043 0.0279814 0.0370485 0.0466201 0.0557727 0.0634483 0.0688296 0.0716017 0.0719217 0.0701997 0.0668995 0.0624463 0.0572011 0.0514541 0.0454262 0.0392818 0.0331515 0.0271593 0.0214484 0.016192 0.011578 0.00776736 0.00484426
 0.00826567 0.0133267 0.0198711 0.0277813 0.0367709 0.0462677 0.0553672 0.0630272 0.0684348 0.071266 0.0716619 0.0700202 0.066802 0.0624363 0.057287 0.0516402 0.0457059 0.0396361 0.0335533 0.0275781 0.0218543 0.0165578 0.0118827 0.00799992 0.00500552
 0.00836601 0.0134775 0.0200743 0.0280278 0.03704 0.0465283 0.0555807 0.0631537 0.068444 0.0711469 0.0714268 0.0696998 0.0664354 0.0620628 0.0569429 0.0513571 0.0455082 0.039537 0.0335509 0.0276567 0.021988 0.0167167 0.0120391 0.00813349 0.00510606
 0.00836627 0.0134845 0.0200967 0.0280767 0.0371251 0.0466515 0.0557309 0.0633065 0.0685668 0.0712085 0.0714064 0.0695932 0.0662554 0.0618353 0.0567001 0.0511316 0.0453278 0.0394218 0.0335102 0.0276873 0.0220745 0.0168358 0.0121657 0.00824698 0.00519449
 0.00831831 0.0134169 0.0200146 0.0279926 0.0370567 0.0466175 0.0557462 0.0633777 0.0686884 0.0713614 0.0715603 0.0697137 0.0663144 0.0618202 0.0566172 0.051003 0.0451848 0.0392956 0.0334251 0.0276553 0.0220944 0.0168945 0.012244 0.00832612 0.00526094
 0.00823384 0.0132883 0.019838 0.0277718 0.0368042 0.0463546 0.0555023 0.0631872 0.0685832 0.0713613 0.0716651 0.0699013 0.066547 0.0620546 0.0568172 0.0511487 0.0452756 0.0393469 0.0334597 0.0276941 0.0221492 0.016966 0.0123237 0.00840229 0.005324
 0.00826979 0.0133251 0.0198539 0.0277345 0.0366812 0.0461288 0.0551849 0.0628189 0.0682234 0.07107 0.0714871 0.069857 0.0666305 0.0622377 0.0570577 0.0514023 0.0455071 0.0395378 0.0336089 0.0278121 0.0222492 0.0170569 0.0124074 0.00847549 0.00538245
 0.00829596 0.0133706 0.0199261 0.0278379 0.036811 0.0462643 0.0552878 0.0628429 0.0681339 0.0708638 0.0711994 0.0695504 0.0663706 0.0620705 0.0569976 0.0514342 0.0455983 0.0396527 0.0337208 0.0279083 0.0223284 0.0171232 0.0124647 0.00852456 0.00542207
 0.00835365 0.0134651 0.0200697 0.0280418 0.0370827 0.0466017 0.055673 0.0632381 0.0684835 0.0711053 0.0712815 0.0694514 0.0661093 0.0617016 0.0565925 0.0510563 0.0452861 0.0394162 0.0335502 0.0277868 0.0222422 0.017064 0.0124275 0.00850505 0.00541498
 0.00834929 0.0134584 0.0200609 0.0280329 0.0370785 0.0466117 0.0557105 0.0633169 0.0686111 0.0712751 0.0714688 0.0696167 0.0662111 0.0617126 0.0565119 0.0509101 0.0451145 0.0392567 0.0334255 0.0277023 0.0221915 0.0170372 0.012416 0.00850258 0.00541735
 0.00834192 0.013455 0.0200711 0.0280704 0.0371565 0.0467363 0.0558766 0.0635088 0.0688087 0.071461 0.0716309 0.0697455 0.0662951 0.0617367 0.0564629 0.0507855 0.0449287 0.0390383 0.0332076 0.0275114 0.0220417 0.01693 0.0123455 0.00845993 0.00539387
 0.00834948 0.0134661 0.0200861 0.0280903 0.0371844 0.0467791 0.055944 0.06361 0.0689467 0.0716281 0.0718087 0.0699108 0.0664258 0.0618167 0.0564822 0.0507401 0.0448215 0.0388819 0.0330234 0.0273251 0.0218756 0.0167978 0.0122506 0.0083982 0.00535742
 0.00829393 0.0133885 0.0199929 0.0279951 0.0371044 0.0467285 0.0559303 0.0636339 0.0690056 0.0717198 0.0719311 0.0700583 0.0665866 0.0619727 0.056613 0.0508278 0.0448556 0.0388613 0.0329568 0.0272294 0.0217707 0.0167015 0.0121738 0.00834435 0.00532386
 0.00819995 0.0132417 0.0197841 0.0277225 0.0367764 0.0463671 0.0555722 0.0633258 0.0687928 0.0716328 0.0719777 0.070225 0.0668461 0.0622913 0.056956 0.0511622 0.0451529 0.0391012 0.0331307 0.02734 0.0218304 0.0167266 0.0121801 0.00834305 0.00532121
 0.00814651 0.0131535 0.0196489 0.0275289 0.0365166 0.0460426 0.0551984 0.0629344 0.0684283 0.0713433 0.0718042 0.0701918 0.0669556 0.062525 0.0572795 0.0515338 0.0455311 0.0394507 0.0334265 0.0275697 0.0219939 0.0168333 0.0122443 0.00837897 0.00534024
 0.00793783 0.0128439 0.0192381 0.0270349 0.0359706 0.0454782 0.0546458 0.0624203 0.0679798 0.070991 0.0715806 0.0701258 0.0670648 0.0628087 0.0577153 0.0520801 0.0461345 0.040056 0.0339859 0.0280493 0.0223765 0.0171178 0.0124414 0.00850625 0.00541675
 0.00744631 0.0120634 0.0181015 0.0255022 0.0340476 0.0432399 0.0522531 0.0601098 0.0660154 0.0695963 0.0708872 0.0701597 0.0677649 0.0640585 0.0593702 0.0539863 0.0481422 0.0420293 0.0358119 0.029645 0.0236931 0.0181408 0.0131867 0.00901285 0.005736
 0.00734401 0.0118539 0.0177063 0.0248214 0.0329838 0.041738 0.0503395 0.0579094 0.0637373 0.0674939 0.0692079 0.069098 0.0674292 0.0644568 0.06042 0.0555407 0.0500215 0.0440492 0.0378039 0.0314716 0.0252575 0.0193923 0.0141194 0.00965744 0.00614705
 0.00748463 0.0120707 0.0180059 0.0251901 0.0333752 0.0420634 0.0504685 0.0576952 0.0630664 0.0663426 0.0676748 0.0673918 0.0658148 0.0631848 0.0596664 0.0553745 0.0504051 0.0448632 0.0388845 0.0326481 0.0263828 0.0203621 0.01488 0.0102019 0.00650246
 0.00741444 0.0120117 0.0180178 0.0253588 0.0337856 0.0427552 0.0513976 0.0587215 0.0639791 0.0669139 0.0677251 0.0668465 0.0647358 0.0617622 0.0581676 0.0540679 0.0494877 0.0444191 0.0388839 0.0329791 0.0268977 0.0209218 0.0153826 0.010594 0.00677337
 0.00712658 0.0115926 0.0174817 0.0247599 0.0332156 0.0423307 0.0512386 0.0589206 0.0645617 0.0678043 0.0687426 0.0677479 0.0652944 0.061849 0.0577975 0.053391 0.0487293 0.0437972 0.0385394 0.0329457 0.027116 0.0212822 0.0157735 0.010935 0.00702707
#obs surv len freq
 0.0049669 0.00813558 0.0123743 0.017696 0.0239737 0.0308411 0.0376724 0.043745 0.0485112 0.0517734 0.0536534 0.0544377 0.0544446 0.0539678 0.0532639 0.0525434 0.0519497 0.0515174 0.0511084 0.050354 0.0486722 0.0454322 0.0402571 0.0333162 0.0253926
 0.00517445 0.00847697 0.0128957 0.0184434 0.0249848 0.0321312 0.0392199 0.0454849 0.0503419 0.0535748 0.0553053 0.0558325 0.0554933 0.0546009 0.0534309 0.0522135 0.0511157 0.0502022 0.0493722 0.0482986 0.0464393 0.043192 0.0381847 0.0315577 0.024033
 0.00539361 0.00883465 0.0134369 0.0192118 0.0260155 0.0334389 0.0407859 0.0472511 0.0522172 0.0554498 0.0570669 0.0573734 0.0567168 0.055424 0.0537862 0.0520514 0.0504074 0.048947 0.0476095 0.0461199 0.0439943 0.0406785 0.0358178 0.0295241 0.0224476
 0.00563621 0.00923151 0.0140386 0.0200669 0.0271608 0.034885 0.0425021 0.0491613 0.0542121 0.0574089 0.0588775 0.0589392 0.057957 0.0562693 0.0541753 0.0519309 0.0497356 0.0477039 0.0458125 0.0438438 0.0413845 0.0379459 0.0332057 0.0272535 0.0206619
 0.0058883 0.00964459 0.0146664 0.0209614 0.0283624 0.0364063 0.0443117 0.0511778 0.0563154 0.0594638 0.0607569 0.0605377 0.0591942 0.0570864 0.0545278 0.0517806 0.049048 0.0464548 0.0440055 0.0415358 0.0387074 0.0351082 0.0304619 0.0248446 0.018752
 0.00615601 0.010081 0.0153254 0.0218939 0.0296069 0.0379735 0.0461685 0.0532412 0.0584636 0.0615586 0.0626659 0.0621488 0.0604212 0.0578688 0.0548262 0.051569 0.0483067 0.0451703 0.0421832 0.0392246 0.0360258 0.0322534 0.0276843 0.0223899 0.0167934
 0.0063928 0.0104736 0.0159303 0.0227684 0.0307967 0.0394946 0.0479886 0.0552746 0.060584 0.0636249 0.0645462 0.0637328 0.0616244 0.0586309 0.0551077 0.0513461 0.0475658 0.0439066 0.0404088 0.0369885 0.0334381 0.0294969 0.0249948 0.0200033 0.0148807
 0.0066153 0.0108392 0.016488 0.023567 0.0318767 0.0408737 0.0496461 0.0571436 0.0625586 0.0655777 0.0663481 0.0652686 0.0628018 0.0593838 0.0553951 0.0511457 0.0468682 0.042713 0.038737 0.0348891 0.0310153 0.0269191 0.0224786 0.0177669 0.0130839
 0.00684431 0.0112115 0.0170485 0.0243573 0.0329273 0.0421919 0.0512032 0.0588705 0.0643555 0.0673325 0.0679532 0.0666302 0.0638429 0.0600452 0.055635 0.0509389 0.0462037 0.0415928 0.0371811 0.0329479 0.0287868 0.0245569 0.0201779 0.0157235 0.0114417
 0.00706886 0.0115818 0.017615 0.0251688 0.0340194 0.0435697 0.052825 0.0606447 0.0661568 0.0690295 0.0694331 0.0678106 0.064671 0.0604914 0.0556849 0.0505872 0.0454507 0.0404459 0.0356616 0.0311037 0.0267072 0.0223792 0.0180746 0.0138657 0.0099537
 0.00728101 0.0119286 0.0181403 0.0259146 0.0350178 0.0448291 0.0543162 0.0622942 0.067855 0.0706499 0.0708545 0.0689341 0.0654302 0.0608536 0.0556459 0.0501605 0.0446579 0.0393111 0.0342152 0.0293944 0.0248156 0.0204248 0.0162047 0.0122252 0.00864586
 0.00745233 0.0122126 0.0185778 0.0265466 0.0358764 0.0459241 0.0556214 0.0637435 0.0693519 0.0720866 0.0721285 0.0699593 0.0661412 0.061209 0.0556286 0.0497761 0.0439284 0.0382692 0.0329021 0.0278643 0.0231455 0.0187195 0.0145885 0.0108172 0.00752932
 0.00751301 0.0123153 0.0187407 0.0267916 0.0362278 0.0464045 0.0562454 0.0645113 0.0702442 0.0730622 0.0731268 0.0709057 0.0669568 0.0618209 0.0559792 0.0498284 0.043668 0.0377038 0.03206 0.026795 0.0219212 0.0174348 0.0133516 0.00972972 0.00666198
 0.00757818 0.012412 0.0188698 0.0269496 0.0364105 0.0466122 0.0564866 0.0648022 0.0706038 0.073505 0.073654 0.0714988 0.067575 0.0624049 0.0564595 0.050138 0.0437538 0.0375355 0.0316353 0.0261415 0.0210959 0.0165196 0.0124413 0.00891368 0.0060034
 0.00767563 0.0125611 0.0190764 0.0272113 0.0367161 0.0469424 0.0568155 0.0651028 0.070857 0.0737087 0.0738252 0.0716659 0.0677631 0.0626203 0.0566828 0.0503259 0.043851 0.0374896 0.0314119 0.0257354 0.0205357 0.0158641 0.0117671 0.00829644 0.00549872
 0.00772732 0.0126451 0.0192023 0.0273869 0.0369443 0.0472172 0.0571192 0.0654066 0.0711276 0.0739191 0.0739637 0.0717403 0.0677968 0.0626422 0.0567139 0.0503682 0.0438831 0.0374729 0.0313048 0.0255104 0.0201923 0.0154325 0.0113004 0.00785428 0.00512862
 0.00778864 0.0127377 0.0193285 0.0275449 0.0371293 0.0474234 0.05734 0.0656335 0.0713485 0.074117 0.0741206 0.0718414 0.067837 0.0626293 0.0566658 0.0503042 0.0438134 0.0373919 0.0311926 0.0253433 0.0199574 0.0151379 0.0109754 0.00753904 0.00485933
 0.00782219 0.0127902 0.0194036 0.0276438 0.0372504 0.047561 0.057485 0.0657746 0.0714759 0.0742252 0.0742086 0.0719099 0.0678854 0.0626546 0.0566659 0.0502805 0.0437702 0.0373314 0.0311112 0.0252316 0.0198066 0.0149488 0.0107625 0.00732713 0.00467368
 0.00786483 0.0128551 0.0194929 0.0277567 0.0373828 0.0477066 0.0576352 0.065919 0.0716029 0.074325 0.074275 0.0719422 0.067887 0.0626314 0.0566233 0.0502224 0.0436987 0.0372478 0.0310148 0.0251198 0.0196765 0.0148011 0.010605 0.00717383 0.00454002
 0.0078977 0.0129048 0.0195607 0.0278409 0.0374793 0.0478095 0.0577375 0.0660133 0.0716827 0.0743861 0.0743158 0.0719632 0.0678902 0.0626189 0.0565973 0.0501847 0.0436507 0.0371898 0.0309463 0.0250393 0.0195835 0.0146971 0.0104954 0.00706779 0.00444749
 0.00789106 0.0128937 0.0195435 0.0278162 0.0374464 0.0477693 0.0576933 0.0659709 0.0716496 0.0743696 0.0743212 0.0719927 0.0679418 0.0626871 0.0566738 0.0502607 0.043718 0.0372419 0.0309787 0.0250495 0.0195709 0.014664 0.0104476 0.0070134 0.00439542
 0.0078959 0.0128944 0.0195313 0.0277792 0.0373732 0.0476549 0.0575434 0.0658029 0.0714877 0.074238 0.0742385 0.0719684 0.0679762 0.0627727 0.0567975 0.0504061 0.0438684 0.0373826 0.031098 0.0251402 0.01963 0.014693 0.0104517 0.00700084 0.00437506
 0.00789726 0.0128956 0.0195308 0.0277738 0.0373574 0.0476207 0.0574823 0.0657083 0.0713603 0.0740889 0.0740888 0.071844 0.0678996 0.0627567 0.0568422 0.0505009 0.043996 0.0375234 0.0312339 0.0252571 0.0197196 0.0147526 0.0104841 0.00701238 0.00437373
 0.00788473 0.0128741 0.0194966 0.0277229 0.0372871 0.047531 0.0573764 0.0655928 0.0712427 0.0739758 0.073986 0.0717583 0.0678406 0.0627355 0.0568678 0.0505756 0.0441133 0.0376687 0.0313888 0.0254036 0.0198435 0.0148466 0.0105472 0.00704903 0.00439121
 0.00790725 0.0129024 0.0195237 0.0277372 0.0372753 0.0474831 0.0572903 0.0654752 0.0711068 0.0738374 0.0738591 0.0716533 0.067764 0.0626915 0.0568597 0.0506058 0.0441811 0.0377686 0.0315097 0.0255304 0.0199614 0.0149441 0.010619 0.00709582 0.00441782
 0.00787717 0.0128596 0.0194703 0.027678 0.0372148 0.0474222 0.0572246 0.0653969 0.0710106 0.0737256 0.0737432 0.0715504 0.0676909 0.062659 0.0568712 0.0506588 0.0442699 0.0378854 0.0316444 0.0256709 0.0200946 0.0150587 0.0107081 0.00715804 0.00445661
 0.00786421 0.0128337 0.0194231 0.0276 0.0370998 0.0472722 0.0570527 0.0652254 0.0708621 0.0736145 0.0736725 0.0715149 0.0676841 0.0626784 0.0569181 0.0507349 0.0443743 0.0380134 0.0317876 0.0258186 0.0202352 0.0151817 0.0108064 0.00722924 0.00450308
 0.00781892 0.0127632 0.0193224 0.0274663 0.0369322 0.0470723 0.0568262 0.0649844 0.0706266 0.0734101 0.0735245 0.0714412 0.0676901 0.0627565 0.0570526 0.0509086 0.0445726 0.0382244 0.032001 0.0260241 0.0204223 0.0153414 0.0109328 0.00732123 0.00456403
 0.00781112 0.0127431 0.0192788 0.0273848 0.0367999 0.0468839 0.0565894 0.0647196 0.0703614 0.0731717 0.0733351 0.0713163 0.0676392 0.0627826 0.0571511 0.0510673 0.044774 0.0384497 0.0322328 0.0262473 0.0206249 0.0155139 0.0110697 0.00742145 0.00463116
 0.00777314 0.0126868 0.0192036 0.0272925 0.0366921 0.0467595 0.0564441 0.0645491 0.0701668 0.0729641 0.0731354 0.0711507 0.0675311 0.0627471 0.0571928 0.0511806 0.0449457 0.0386612 0.0324636 0.0264777 0.0208377 0.0156969 0.0112156 0.00752879 0.00470352
 0.00774639 0.0126387 0.0191232 0.0271684 0.0365165 0.0465345 0.0561851 0.0642824 0.0699212 0.0727613 0.0729855 0.071055 0.0674889 0.0627601 0.0572642 0.0513113 0.0451304 0.0388877 0.0327139 0.0267313 0.0210752 0.0159026 0.0113804 0.00765034 0.00478559
 0.00771604 0.0125878 0.0190438 0.0270515 0.036354 0.0463219 0.0559251 0.0639883 0.069617 0.0724781 0.0727553 0.0709023 0.0674258 0.0627854 0.0573678 0.0514799 0.0453503 0.0391448 0.0329919 0.0270115 0.0213383 0.0161321 0.0115653 0.00778738 0.00487846
 0.00770006 0.0125621 0.0190053 0.0269969 0.0362798 0.0462244 0.0558012 0.0638365 0.0694394 0.0722823 0.0725552 0.0707182 0.0672806 0.062699 0.0573522 0.0515368 0.0454724 0.0393185 0.0332003 0.0272359 0.0215594 0.0163323 0.0117317 0.00791377 0.00496583
 0.0076617 0.0125031 0.018923 0.0268911 0.0361531 0.0460814 0.0556489 0.0636829 0.0692924 0.0721478 0.0724369 0.0706189 0.067205 0.062655 0.0573498 0.0515846 0.0455737 0.0394692 0.0333888 0.0274452 0.0217704 0.0165269 0.0118958 0.00804013 0.0050542
 0.00764122 0.0124702 0.0188742 0.0268239 0.0360664 0.0459772 0.0555325 0.0635629 0.0691783 0.0720474 0.0723542 0.0705542 0.0671569 0.0626234 0.0573377 0.0515982 0.0456201 0.0395529 0.0335084 0.027592 0.02193 0.0166827 0.0120331 0.00814937 0.00513262
 0.00761681 0.012431 0.0188162 0.026744 0.0359632 0.045852 0.0553908 0.0634149 0.0690369 0.0719258 0.0722626 0.0704982 0.0671366 0.062635 0.0573757 0.0516583 0.0457006 0.0396542 0.0336303 0.0277309 0.0220775 0.0168267 0.0121613 0.00825274 0.00520782
 0.00760882 0.0124171 0.0187935 0.0267091 0.0359129 0.0457843 0.0553062 0.0633166 0.068931 0.0718203 0.0721665 0.07042 0.067083 0.0626099 0.0573796 0.051689 0.0457548 0.0397287 0.0337224 0.0278371 0.022192 0.0169408 0.0122655 0.00833896 0.00527208
 0.00758683 0.0123844 0.0187499 0.0266563 0.0358533 0.0457203 0.0552392 0.0632472 0.0688601 0.0717498 0.0720998 0.0703619 0.0670393 0.0625857 0.0573786 0.0517126 0.0458019 0.0397965 0.0338068 0.0279334 0.022294 0.0170414 0.0123569 0.00841489 0.00532915
 0.00757912 0.012371 0.0187284 0.0266241 0.0358091 0.0456653 0.0551775 0.0631852 0.0688042 0.0717037 0.0720634 0.0703329 0.0670157 0.0625677 0.0573691 0.0517156 0.0458212 0.0398337 0.033861 0.0280012 0.0223701 0.0171191 0.0124294 0.00847623 0.00537605
 0.00753091 0.0122968 0.0186245 0.0264903 0.0356486 0.0454849 0.0549883 0.0630025 0.0686454 0.0715856 0.0719979 0.070324 0.0670591 0.0626531 0.0574835 0.0518472 0.0459615 0.0399772 0.0340041 0.0281403 0.022501 0.0172367 0.012529 0.00855473 0.00543297
 0.00755036 0.0123226 0.0186525 0.026513 0.0356572 0.0454722 0.0549514 0.0629433 0.0685697 0.0715004 0.071911 0.0702438 0.0669935 0.0626083 0.0574629 0.0518506 0.0459857 0.0400181 0.0340575 0.0282022 0.022567 0.0173021 0.0125887 0.00860472 0.00547096
 0.00752942 0.0122963 0.0186268 0.0264972 0.0356599 0.045496 0.0549895 0.0629806 0.0685894 0.0714915 0.0718724 0.0701833 0.0669238 0.0625424 0.057411 0.0518189 0.0459764 0.0400299 0.0340868 0.0282442 0.0226163 0.0173533 0.0126367 0.00864555 0.00550238
 0.00753012 0.0122922 0.0186118 0.0264638 0.0356035 0.0454194 0.0549053 0.0629079 0.0685452 0.0714817 0.0718897 0.0702118 0.0669484 0.0625559 0.0574148 0.0518203 0.0459833 0.0400478 0.0341173 0.0282853 0.022664 0.0174024 0.0126824 0.00868404 0.00553171
 0.00748875 0.0122345 0.0185421 0.0263912 0.0355376 0.0453657 0.0548621 0.0628689 0.0685057 0.0714442 0.0718631 0.0702059 0.0669668 0.0625937 0.0574625 0.0518692 0.0460298 0.0400927 0.0341635 0.0283344 0.0227151 0.0174526 0.0127279 0.00872181 0.00556015
 0.00747579 0.0122042 0.0184802 0.0262812 0.0353676 0.0451377 0.0545979 0.0626065 0.0682865 0.071298 0.0718004 0.0702202 0.0670437 0.062717 0.0576168 0.05204 0.0462035 0.040259 0.0343158 0.02847 0.022833 0.0175519 0.0128079 0.00878239 0.0056027
 0.00748681 0.0122237 0.0185116 0.026326 0.0354223 0.0451903 0.0546279 0.0625912 0.0682118 0.0711683 0.0716392 0.0700616 0.0669174 0.0626398 0.0575908 0.0520571 0.0462515 0.0403251 0.0343896 0.0285437 0.0229015 0.0176122 0.0128581 0.00882159 0.00563104
 0.00748681 0.0122237 0.0185116 0.026326 0.0354223 0.0451903 0.0546279 0.0625912 0.0682118 0.0711683 0.0716392 0.0700616 0.0669174 0.0626398 0.0575908 0.0520571 0.0462515 0.0403251 0.0343896 0.0285437 0.0229015 0.0176122 0.0128581 0.00882159 0.00563104
 0.00708956 0.0115942 0.0175975 0.0250978 0.0338882 0.0434141 0.0527418 0.0607865 0.0666994 0.0701244 0.0711642 0.0701683 0.0675475 0.0636888 0.0589321 0.0535605 0.047798 0.0418161 0.0357515 0.0297282 0.0238829 0.0183846 0.0134322 0.00922151 0.00588992
 0.00703845 0.0114667 0.0173241 0.0245873 0.033052 0.0422042 0.0511865 0.0590024 0.0648722 0.0684681 0.0698762 0.0693937 0.0673571 0.0640739 0.0598146 0.0548152 0.0492778 0.0433766 0.0372673 0.0311035 0.0250551 0.0193239 0.0141376 0.00971545 0.00621023
 0.00715991 0.0116685 0.0176308 0.0250111 0.0335735 0.0427515 0.0516274 0.0591688 0.064618 0.0677353 0.0687323 0.0680188 0.0659877 0.0629333 0.0590586 0.0545065 0.0493905 0.0438197 0.0379177 0.0318365 0.025767 0.0199431 0.0146278 0.0100704 0.0064454
 0.00725141 0.0118354 0.0179152 0.0254623 0.0342339 0.0436335 0.052688 0.0602958 0.0656376 0.0684455 0.0689567 0.067665 0.0650876 0.0616436 0.0576162 0.0531564 0.0483181 0.0431138 0.0375713 0.0317752 0.0258874 0.0201464 0.0148401 0.010249 0.00657471
 0.00724298 0.0118325 0.0179325 0.0255247 0.0343758 0.0438946 0.0531048 0.0608869 0.0663857 0.0692813 0.0697549 0.0682645 0.0653364 0.0614545 0.057007 0.052252 0.0473096 0.0421931 0.0368722 0.0313459 0.0256998 0.0201284 0.0149116 0.0103468 0.0066617
#pred catch len freq
 0.00484023 0.00764732 0.0111306 0.0151909 0.0197585 0.0247724 0.0301042 0.0355213 0.0407291 0.0454443 0.0494418 0.0525755 0.0547913 0.0561301 0.0567113 0.0567082 0.0563241 0.0557547 0.0551059 0.054267 0.0528108 0.0500547 0.0453614 0.0385684 0.0302562
 0.00519338 0.0081479 0.0117523 0.0158749 0.0204461 0.0254478 0.0308174 0.036366 0.0417836 0.0467101 0.0508214 0.0539046 0.0559047 0.0569204 0.057151 0.0568285 0.0561671 0.0553257 0.0543537 0.0531076 0.0511918 0.0480247 0.0430984 0.0363392 0.0283217
 0.00552037 0.0086681 0.01251 0.0168932 0.0217118 0.0268971 0.0323352 0.037814 0.0430545 0.0477732 0.0517221 0.0547103 0.0566371 0.0575272 0.0575331 0.0568936 0.0558652 0.0546436 0.0532866 0.0516443 0.0493364 0.0458443 0.0407551 0.0340677 0.0263562
 0.00582762 0.00915373 0.0132173 0.0178592 0.0229666 0.0284579 0.0341883 0.039891 0.0452176 0.0498303 0.0534747 0.056016 0.0574489 0.0578811 0.0574947 0.0565054 0.0551275 0.0535312 0.0517752 0.0497318 0.0470627 0.043314 0.0381474 0.0316119 0.0242679
 0.00618683 0.00971169 0.0140103 0.0189086 0.0242825 0.0300426 0.0360335 0.0419675 0.0474622 0.0521341 0.0556796 0.0579294 0.0588818 0.0586975 0.0576453 0.0560227 0.054086 0.0520032 0.0498108 0.0473737 0.0443809 0.0404382 0.0352742 0.0289722 0.0220647
 0.00658962 0.0103372 0.0148982 0.0200792 0.0257385 0.0317712 0.038003 0.0441231 0.0497252 0.0544066 0.0578483 0.0598665 0.0604462 0.0597467 0.0580598 0.0557335 0.0530899 0.0503542 0.0475977 0.0447044 0.0413879 0.0372958 0.0322017 0.026204 0.0197915
 0.00691039 0.0108488 0.0156505 0.0211145 0.0270867 0.0334414 0.0399717 0.0463253 0.0520575 0.0567405 0.0600478 0.0618018 0.0620008 0.0608184 0.0585592 0.0555884 0.0522564 0.0488315 0.0454384 0.0420166 0.0383348 0.0340908 0.0290925 0.0234333 0.0175421
 0.00718867 0.0112852 0.0162795 0.0219633 0.028178 0.0347939 0.0415937 0.0482015 0.0541347 0.0589216 0.0621979 0.0637664 0.0636311 0.0619908 0.059183 0.055602 0.0516223 0.0475384 0.043514 0.0395453 0.0354693 0.0310495 0.0261325 0.0208012 0.0154165
 0.00743197 0.0116625 0.0168147 0.0226699 0.0290619 0.0358575 0.0428354 0.0496115 0.0556903 0.0605816 0.0638974 0.0654141 0.0651126 0.0631804 0.0599617 0.0558723 0.0513167 0.0466245 0.0420008 0.0374963 0.0330162 0.0283924 0.0235149 0.0184598 0.0135227
 0.00765019 0.0120051 0.0173079 0.0233309 0.0298976 0.0368621 0.0439875 0.0508726 0.05701 0.0619068 0.0651792 0.066608 0.0661716 0.0640473 0.0605648 0.0561293 0.0511472 0.045966 0.0408278 0.0358391 0.0309753 0.0261388 0.0212664 0.0164324 0.0118761
 0.00795883 0.0124817 0.017979 0.024206 0.0309708 0.0381135 0.0453804 0.0523494 0.0584916 0.0633013 0.0663976 0.06758 0.0668559 0.0644306 0.0606488 0.0559134 0.0506158 0.0450907 0.0395854 0.0342384 0.0290824 0.0240862 0.0192351 0.0146086 0.0103987
 0.00826244 0.0129523 0.0186448 0.0250797 0.0320495 0.0393799 0.0467988 0.0538611 0.0600147 0.0647377 0.0676451 0.0685474 0.067477 0.0646741 0.0605192 0.0554396 0.0498334 0.0440269 0.0382574 0.0326692 0.027325 0.0222401 0.0174401 0.0130122 0.00911254
 0.0083928 0.0131641 0.0189644 0.025533 0.0326602 0.0401635 0.0477549 0.0549665 0.061221 0.0659741 0.0688249 0.0695775 0.0682707 0.0651638 0.0606661 0.0552372 0.0493013 0.0431998 0.0371756 0.0313782 0.0258853 0.0207384 0.0159876 0.0117238 0.00807524
 0.00851041 0.0133417 0.0192074 0.0258411 0.0330319 0.0406025 0.0482728 0.0555776 0.0619321 0.066773 0.0696745 0.0704169 0.0690239 0.0657525 0.061023 0.0553161 0.0490833 0.0426925 0.036409 0.0304008 0.0247628 0.0195546 0.0148392 0.0107051 0.0072553
 0.0086426 0.0135453 0.0194927 0.0262095 0.0334765 0.0411086 0.0488195 0.0561405 0.0624888 0.0673086 0.0701817 0.0708895 0.0694471 0.0660969 0.0612467 0.0553735 0.0489368 0.0423229 0.0358214 0.029626 0.0238564 0.0185917 0.0139049 0.00987892 0.006593
 0.00864097 0.013555 0.01953 0.0262979 0.0336407 0.0413664 0.0491729 0.0565728 0.0629682 0.067797 0.0706445 0.0713024 0.0697972 0.066378 0.0614501 0.0554813 0.0489222 0.0421583 0.0354903 0.0291341 0.0232364 0.0179009 0.0132146 0.00925766 0.00609001
 0.00871302 0.0136534 0.0196447 0.0264109 0.0337358 0.0414409 0.0492452 0.0566775 0.0631391 0.0680491 0.0709642 0.0716533 0.070135 0.0666655 0.0616638 0.0556086 0.0489535 0.0420823 0.0352959 0.0288189 0.0228163 0.0174132 0.0127124 0.00879624 0.00571126
 0.00892009 0.0139496 0.020015 0.0268137 0.0341124 0.0417332 0.0494129 0.0567088 0.0630542 0.0678957 0.070804 0.0715416 0.0701012 0.0667055 0.061747 0.0556939 0.049003 0.0420673 0.0351983 0.0286317 0.0225462 0.017084 0.0123613 0.00846512 0.00543423
 0.00905629 0.0141644 0.0203241 0.0272231 0.0346116 0.0422888 0.049965 0.0571781 0.0633634 0.067996 0.0706951 0.0712715 0.0697478 0.0663479 0.0614402 0.0554571 0.0488233 0.0419139 0.0350378 0.0284399 0.0223146 0.0168206 0.0120882 0.00821012 0.00522133
 0.00908905 0.0142194 0.0204111 0.0273541 0.0348011 0.0425504 0.0503053 0.0575872 0.0638064 0.0684128 0.0710127 0.0714286 0.0697198 0.0661572 0.0611458 0.0551284 0.0485135 0.0416461 0.0348079 0.0282296 0.0221065 0.0166085 0.0118787 0.00801811 0.00506182
 0.00905188 0.0141645 0.0203392 0.0272712 0.0347185 0.0424852 0.0502794 0.057625 0.0639284 0.0686261 0.0713017 0.0717519 0.0700188 0.0663751 0.0612492 0.055118 0.0484191 0.0415081 0.0346584 0.0280836 0.0219654 0.0164695 0.0117431 0.00789277 0.00495585
 0.00905754 0.0141697 0.0203395 0.0272602 0.0346896 0.0424349 0.0502108 0.0575496 0.0638659 0.0686006 0.0713354 0.0718563 0.0701864 0.0665776 0.0614443 0.055265 0.0484937 0.0415094 0.0346036 0.0279958 0.0218634 0.016365 0.0116428 0.00780244 0.00488064
 0.00911042 0.0142461 0.0204366 0.0273688 0.0347962 0.0425254 0.0502737 0.0575779 0.0638585 0.0685632 0.0712806 0.0718023 0.0701518 0.066574 0.0614704 0.0553053 0.0485252 0.0415117 0.0345677 0.0279259 0.0217723 0.0162671 0.0115498 0.00772204 0.00481686
 0.00912812 0.0142715 0.0204685 0.0274032 0.0348266 0.0425437 0.0502717 0.0575496 0.0638021 0.0684834 0.0711895 0.0717168 0.0700901 0.0665507 0.061492 0.0553675 0.0486127 0.0416029 0.0346416 0.0279692 0.0217825 0.0162506 0.0115177 0.00768496 0.00478278
 0.00901695 0.0141152 0.0202784 0.0272051 0.0346538 0.0424249 0.050221 0.0575635 0.0638639 0.0685705 0.0712807 0.0717982 0.0701576 0.0666092 0.0615519 0.0554384 0.0486981 0.0416976 0.0347338 0.0280459 0.0218345 0.0162761 0.0115215 0.00767534 0.00476794
 0.00877862 0.0137562 0.0197923 0.0266076 0.0339817 0.0417317 0.0495722 0.0570291 0.0635056 0.0684265 0.0713551 0.0720623 0.0705616 0.067098 0.062077 0.0559638 0.0491996 0.0421587 0.0351416 0.0283895 0.022107 0.0164767 0.0116567 0.00775789 0.00481292
 0.00869543 0.0136147 0.0195682 0.0262757 0.0335231 0.0411452 0.0488852 0.0563014 0.0628213 0.0678759 0.0710137 0.0719727 0.0707246 0.0674753 0.0626046 0.0565703 0.0498221 0.0427504 0.0356721 0.0288411 0.0224711 0.0167527 0.0118514 0.00788423 0.00488767
 0.00869853 0.0136083 0.0195363 0.0261935 0.0333594 0.0408691 0.0484755 0.0557571 0.0621708 0.0671806 0.070362 0.0714619 0.0704357 0.0674504 0.0628366 0.0570088 0.0503916 0.0433713 0.036277 0.0293824 0.0229216 0.0171026 0.0121042 0.00805318 0.00499126
 0.00857991 0.0134396 0.0193259 0.0259618 0.0331293 0.0406519 0.048262 0.0555196 0.0618773 0.0668143 0.069936 0.0710239 0.0700588 0.0672132 0.0627987 0.0571917 0.050772 0.0438903 0.0368587 0.0299543 0.023429 0.0175141 0.0124111 0.00826345 0.00512323
 0.00852221 0.0133426 0.0191753 0.0257457 0.0328446 0.0403118 0.0478985 0.0551764 0.0615915 0.066599 0.069776 0.0708899 0.0699316 0.0671015 0.0627393 0.0572323 0.0509468 0.0442023 0.0372758 0.0304213 0.0238856 0.0179123 0.0127241 0.00848643 0.00526731
 0.00847042 0.0132578 0.0190462 0.0255597 0.0325893 0.039978 0.0474867 0.0547038 0.0610969 0.0661381 0.0694077 0.0706564 0.0698444 0.067143 0.0628799 0.0574499 0.0512348 0.0445613 0.0376989 0.0308834 0.0243467 0.0183292 0.0130648 0.00873783 0.00543469
