SBPRF35
12.7214
Curr Bio
762923
B35
875150
F35
0.169669
FOFL
0.139692
OFL
84099.6
Bzero
3.63469e+006
#pred survey bio
 3.61519e+006 3.48465e+006 3.37227e+006 3.21175e+006 3.02511e+006 2.7955e+006 2.545e+006 2.31316e+006 2.09702e+006 1.86465e+006 1.65441e+006 1.49544e+006 1.30879e+006 1.15288e+006 1.00298e+006 874647 789605 721676 676885 635865 602566 598694 596674 589699 576067 565628 570204 565595 563085 559064 560731 566457 573609 571868 587120 593182 608661 627440 636965 636723 636183 645373 649728 657723 671510 665777 667609 669686 676228 677100 679230 722454 768112 788183 784720 768493 2.56664e+007 1.51603e+007 1.53459e+007 1.62859e+007 1.77487e+007 1.94333e+007 2.1105e+007 2.26223e+007 2.39211e+007 2.49892e+007 2.58431e+007 2.65125e+007 2.70301e+007 2.74269e+007 2.77294e+007 2.79594e+007 2.81342e+007 2.82673e+007 2.83688e+007 2.84465e+007 2.85063e+007 2.85525e+007 2.85883e+007 2.86162e+007 2.86382e+007 2.86554e+007 2.8669e+007 2.86798e+007 2.86883e+007 2.86952e+007 2.87007e+007 2.87051e+007 2.87086e+007 2.87115e+007 2.87138e+007 2.87157e+007 2.87172e+007 2.87185e+007 2.87195e+007 2.87203e+007 2.8721e+007 2.87215e+007 2.8722e+007 2.87223e+007 2.87226e+007 2.87229e+007 2.87231e+007 2.87232e+007 2.87234e+007 2.87235e+007 2.87236e+007 2.87236e+007 2.87237e+007 2.87237e+007 2.87238e+007 2.87238e+007 2.87238e+007 2.87239e+007 2.87239e+007 2.87239e+007 2.87239e+007 2.87239e+007 2.87239e+007 2.87239e+007 2.87239e+007 2.87239e+007 2.87239e+007 2.87239e+007 2.87239e+007 2.87239e+007 2.8724e+007 2.8724e+007 2.8724e+007 2.8724e+007 2.8724e+007 2.8724e+007 2.8724e+007 2.8724e+007 2.8724e+007 2.8724e+007 2.8724e+007 2.8724e+007 2.8724e+007 2.8724e+007 2.8724e+007 2.8724e+007 2.8724e+007 2.8724e+007 2.8724e+007 2.8724e+007 2.8724e+007 2.8724e+007 2.8724e+007 2.8724e+007 2.8724e+007 2.8724e+007 2.8724e+007 2.8724e+007 2.8724e+007 2.8724e+007 0 0 0 0 0 0 0 0 0 0 0 0 0 0 0 0 0 0 0 0 0 0 0 0 0
#obs survey bio
 4.39155e+006 3.7125e+006 3.50363e+006 3.17695e+006 2.81703e+006 4.12417e+006 2.68776e+006 2.67806e+006 1.79955e+006 1.5156e+006 1.36309e+006 1.11783e+006 1.24276e+006 1.16794e+006 779024 922800 814965 503600 640140 492555 626036 438651 387582 747777 586676 692923 616015 500143 481013 547319 635770 744740 449026 529823 543735 579405 639280 580121 536335 523160 550992 825192 640712 496054 579310 658959 649844 466718 837830 822430 653899 838126 983272 1.09166e+006 662024 548474
#pred catch bio
 106460 96821.2 150206 186465 240909 276937 277401 279979 309676 301857 265552 296053 270444 263869 241325 200155 182868 161047 155593 145996 119476 117505 119849 121996 115774 101331 108235 105386 105617 99867.9 96159.5 95179.6 102618 88677.8 97768.8 91186.1 90390.5 99722.9 108181 107641 98868.7 102948 100027 95848.8 112531 105569 105547 102247 107444 106296 72362.8 71666 92248.7 108912 115156 125018 84099.6 99037.6 98864.6 103396 112135 122682 133185 142621 150561 156947 161915 165684 168491 170549 172042 173114 173878 174419 174801 175070 175258 175389 175481 175545 175589 175620 175641 175656 175666 175673 175678 175681 175684 175685 175686 175687 175688 175688 175688 175688 175689 175689 175689 175689 175689 175689 175689 175689 175689 175689 175689 175689 175689 175689 175689 175689 175689 175689 175689 175689 175689 175689 175689 175689 175689 175689 175689 175689 175689 175689 175689 175689 175689 175689 175689 175689 175689 175689 175689 175689 175689 175689 175689 175689 175689 175689 175689 175689 175689 175689 175689 175689 175689 175689 175689 175689 175689 175689 175689 175689 0 0 0 0 0 0 0 0 0 0 0 0 0 0 0 0 0 0 0 0 0 0 0 0 0
#obs catch bio
 0 96372.3 150256 186451 241478 277543 278450 280955 311588 305016 267374 300152 273139 266578 244526 201736 183860 163529 158184 149254 120956 119590 122164 123002 116282 101369 108539 105855 106287 100445 96232 95310.2 103239 88733.5 98086.7 91769.4 90783.4 100313 108996 108754 99188.9 103061 100309 96167.8 112887 105708 105899 102678 107659 106983 72432.6 71744 92446.4 108803 114841 125139
#pred cpue bio
 3.56061e+006 3.43207e+006 3.32122e+006 3.16116e+006 2.97465e+006 2.74557e+006 2.49588e+006 2.26467e+006 2.04914e+006 1.81795e+006 1.60903e+006 1.45103e+006 1.26646e+006 1.11263e+006 965180 839181 755679 688956 644938 604974 572741 569102 567405 561223 548719 539046 543681 539299 536933 533197 535039 540753 547763 546122 560943 566739 581654 599889 609177 609026 608728 617926 622291 630058 643506 638003 639784 641756 648081 648957 651104 693631 739204 759920 757213 741938 2.48011e+007 1.46601e+007 1.46807e+007 1.54103e+007 1.67845e+007 1.84438e+007 2.01095e+007 2.16254e+007 2.2924e+007 2.3992e+007 2.48459e+007 2.55152e+007 2.60329e+007 2.64297e+007 2.67322e+007 2.69622e+007 2.7137e+007 2.72701e+007 2.73716e+007 2.74493e+007 2.75091e+007 2.75552e+007 2.75911e+007 2.7619e+007 2.76409e+007 2.76582e+007 2.76718e+007 2.76825e+007 2.76911e+007 2.7698e+007 2.77034e+007 2.77078e+007 2.77114e+007 2.77143e+007 2.77166e+007 2.77185e+007 2.772e+007 2.77212e+007 2.77222e+007 2.77231e+007 2.77237e+007 2.77243e+007 2.77247e+007 2.77251e+007 2.77254e+007 2.77256e+007 2.77258e+007 2.7726e+007 2.77261e+007 2.77262e+007 2.77263e+007 2.77264e+007 2.77265e+007 2.77265e+007 2.77266e+007 2.77266e+007 2.77266e+007 2.77266e+007 2.77267e+007 2.77267e+007 2.77267e+007 2.77267e+007 2.77267e+007 2.77267e+007 2.77267e+007 2.77267e+007 2.77267e+007 2.77267e+007 2.77267e+007 2.77267e+007 2.77267e+007 2.77267e+007 2.77267e+007 2.77267e+007 2.77267e+007 2.77267e+007 2.77267e+007 2.77267e+007 2.77267e+007 2.77267e+007 2.77267e+007 2.77267e+007 2.77267e+007 2.77267e+007 2.77267e+007 2.77267e+007 2.77267e+007 2.77267e+007 2.77267e+007 2.77267e+007 2.77267e+007 2.77267e+007 2.77267e+007 2.77267e+007 2.77267e+007 2.77267e+007 2.77267e+007 2.77267e+007 2.77267e+007 2.77267e+007 0 0 0 0 0 0 0 0 0 0 0 0 0 0 0 0 0 0 0 0 0 0 0 0 0
#obs cpue bio
 6.14487e+006 3.59041e+006 3.50437e+006 1.98059e+006 2.56606e+006 2.00137e+006 1.64371e+006 1.85576e+006 2.19516e+006 1.44465e+006 1.82791e+006 1.50438e+006 1.30197e+006 1.04168e+006 926731 800064 785922 437268 538169 447497 556199 457193 636326 777252 619269 465344 480830 481118 533990 487988 639634 367941 563058 623088 609259 350557 577537 584987 625498 525925 945899 631051 506971 640168 988955 604710 565071 737857 668066 426498 549310 605782 725834 782542 989062 868670
#pred surv len freq
 0.00478517 0.00777674 0.0117179 0.0165931 0.0222848 0.0284955 0.0347214 0.0403757 0.0450093 0.0484577 0.0508137 0.0522947 0.0531252 0.0534878 0.0535221 0.0533423 0.0530579 0.0527705 0.0525121 0.0521215 0.0511374 0.0488455 0.0445732 0.0381236 0.0300554
 0.00498079 0.0080089 0.0119129 0.0166405 0.0220813 0.0280057 0.0340186 0.0396269 0.0444054 0.0481306 0.0507919 0.0525193 0.0535064 0.0539609 0.0540698 0.0539783 0.053786 0.0535433 0.0532151 0.0525983 0.0512497 0.0485412 0.04392 0.0372856 0.0292228
 0.00519607 0.00835844 0.0124314 0.0173424 0.0229373 0.0289211 0.0348322 0.0401535 0.0445144 0.047818 0.0501913 0.0518376 0.0529276 0.0535828 0.0539036 0.053989 0.0539274 0.0537614 0.0534305 0.0526992 0.0511193 0.0481117 0.0432171 0.0364274 0.0283695
 0.00539879 0.00868964 0.0129335 0.0180569 0.0238968 0.0301325 0.0362536 0.0416743 0.0459565 0.0489688 0.0508676 0.0519549 0.0525368 0.052846 0.0530221 0.053127 0.0531706 0.053117 0.0528469 0.0520901 0.0503947 0.047218 0.0421728 0.0353273 0.0273468
 0.00559687 0.00901043 0.0134147 0.0187349 0.0248022 0.0312821 0.0376394 0.0432527 0.0476424 0.0506338 0.0523458 0.0530646 0.0531236 0.0528363 0.0524557 0.0521435 0.0519517 0.0518173 0.0515489 0.0508017 0.0490826 0.0458573 0.040787 0.0339964 0.0261781
 0.00584634 0.00940896 0.0140018 0.0195436 0.0258549 0.0325835 0.0391677 0.0449557 0.0494421 0.0524347 0.0540398 0.0545286 0.0542207 0.0534315 0.0524512 0.0515174 0.0507747 0.0502302 0.0497115 0.048845 0.0470928 0.0438958 0.0389227 0.0323191 0.02478
 0.00614837 0.00988948 0.0147055 0.0205055 0.0270948 0.0340973 0.0409181 0.0468692 0.0514184 0.0543649 0.0558212 0.0560685 0.0554298 0.0542161 0.0527155 0.0511823 0.0498078 0.0486702 0.0476688 0.046477 0.044571 0.0413853 0.0365761 0.0302707 0.023128
 0.0064429 0.0103609 0.0154015 0.0214656 0.0283441 0.0356362 0.0427105 0.0488386 0.0534574 0.0563553 0.0576524 0.0576469 0.0566777 0.0550645 0.0530959 0.0510253 0.0490546 0.0472975 0.0457149 0.0440549 0.04186 0.0386041 0.0339474 0.0279841 0.0213069
 0.00670703 0.0107887 0.0160424 0.0223651 0.0295357 0.0371289 0.0444749 0.0508016 0.0555116 0.058378 0.0595254 0.0592678 0.0579636 0.0559493 0.0535242 0.0509447 0.0484154 0.0460635 0.0438886 0.0417059 0.0391405 0.0357378 0.0311902 0.0255668 0.0193824
 0.00699341 0.0112536 0.0167408 0.023348 0.0308407 0.0387654 0.0464082 0.0529466 0.0577431 0.0605539 0.0615091 0.0609438 0.0592432 0.0567704 0.0538453 0.0507365 0.0476525 0.0447265 0.04198 0.0392789 0.0363261 0.0327495 0.0282919 0.0230105 0.0173421
 0.00730043 0.0117404 0.0174512 0.0243166 0.0320889 0.0402954 0.0481933 0.0549241 0.0598173 0.0626077 0.0634188 0.0625925 0.0605302 0.057618 0.0542 0.0505645 0.0469337 0.0434512 0.0401578 0.0369605 0.0336291 0.0298699 0.0254805 0.0205158 0.0153421
 0.0074549 0.0120035 0.0178692 0.0249399 0.0329619 0.0414395 0.0495921 0.0565202 0.0615241 0.0643293 0.0650642 0.0640783 0.0617782 0.0585523 0.0547497 0.0506686 0.0465457 0.0425431 0.0387284 0.0350511 0.0313432 0.027382 0.0230173 0.0183066 0.0135566
 0.00769811 0.012399 0.018465 0.0257814 0.0340837 0.0428526 0.0512682 0.0583842 0.0634611 0.0662047 0.0667478 0.065464 0.0627934 0.0591573 0.0549269 0.0504096 0.0458423 0.0413885 0.0371285 0.0330447 0.029024 0.0249085 0.020597 0.0161499 0.0118193
 0.00792571 0.0127617 0.0189978 0.0265134 0.0350351 0.0440283 0.05265 0.0599249 0.0650861 0.0678201 0.0682514 0.0667558 0.063786 0.0597849 0.0551503 0.0502133 0.0452264 0.0403613 0.0357082 0.0312726 0.0269839 0.0227375 0.0184741 0.0142576 0.0102936
 0.00819449 0.0131941 0.0196394 0.0274015 0.0361898 0.0454398 0.0542662 0.0616509 0.0668009 0.0694029 0.069603 0.0678058 0.0644896 0.0601154 0.0550949 0.0497714 0.044408 0.0391859 0.0342065 0.0294942 0.0250106 0.0206915 0.0165086 0.0125263 0.00890852
 0.00852311 0.0137054 0.0203663 0.0283603 0.0373786 0.0468368 0.0558246 0.0632944 0.0684277 0.0708993 0.0708617 0.068742 0.0650505 0.0602813 0.0548725 0.0491834 0.0434842 0.0379591 0.0327152 0.0277913 0.0231738 0.0188286 0.0147491 0.0109958 0.00769498
 0.00881707 0.0141551 0.0209907 0.0291582 0.0383308 0.0479101 0.0569741 0.0644657 0.069562 0.0719405 0.0717608 0.0694566 0.0655416 0.0605142 0.0548216 0.048837 0.0428461 0.0370478 0.0315628 0.0264463 0.0217065 0.017333 0.0133347 0.00976581 0.00672078
 0.00899895 0.014457 0.0214551 0.0298243 0.0392213 0.0490133 0.0582301 0.06577 0.0707902 0.0729842 0.0725526 0.0699741 0.0657931 0.0605193 0.0545972 0.0483931 0.0421892 0.036188 0.0305207 0.0252596 0.0204336 0.0160529 0.0121375 0.00873444 0.00591012
 0.0090234 0.0145054 0.0215451 0.0299812 0.0394764 0.0493983 0.0587676 0.0664621 0.0716089 0.0738678 0.0734154 0.0707256 0.0663614 0.0608647 0.054711 0.0482853 0.0418762 0.0356858 0.0298484 0.0244465 0.0195263 0.0151162 0.0112462 0.00795847 0.00529631
 0.00906893 0.0145777 0.0216513 0.0301279 0.0396705 0.0496474 0.0590797 0.0668438 0.0720625 0.0743866 0.0739774 0.0712903 0.0668729 0.061263 0.0549466 0.0483306 0.0417265 0.0353541 0.0293585 0.0238307 0.0188274 0.0143883 0.0105506 0.00735134 0.00481559
 0.00919937 0.0147668 0.0218933 0.0304035 0.0399527 0.0499117 0.0593127 0.0670455 0.0722436 0.0745633 0.0741652 0.0714981 0.0670962 0.0614805 0.0551228 0.0484243 0.0417026 0.0351931 0.0290606 0.0234147 0.0183279 0.0138519 0.0100289 0.00689141 0.00444924
 0.00910924 0.0146304 0.0217066 0.0301687 0.0396771 0.0496056 0.0589899 0.0667273 0.0719617 0.0743599 0.0740862 0.0715804 0.0673545 0.0618985 0.0556529 0.0489966 0.0422402 0.0356281 0.0293474 0.023537 0.0182988 0.0137079 0.00981946 0.0066668 0.00424901
 0.00885374 0.0142567 0.0212219 0.029607 0.0390903 0.0490481 0.0585059 0.066346 0.0716993 0.0742238 0.0740794 0.0717056 0.0676145 0.0622921 0.0561664 0.0495964 0.0428725 0.0362279 0.0298529 0.0239052 0.0185149 0.013786 0.00979569 0.00658593 0.00415168
 0.00872119 0.014035 0.0208789 0.0291154 0.0384409 0.0482669 0.0576647 0.065553 0.0710691 0.0738386 0.0739667 0.0718418 0.0679485 0.0627702 0.0567456 0.0502425 0.043551 0.0368968 0.0304638 0.0244127 0.0188893 0.0140221 0.00991215 0.00661737 0.00413591
 0.00880379 0.0141406 0.0209839 0.0291772 0.0384061 0.0480871 0.0573136 0.0650399 0.0704432 0.0731834 0.0733816 0.0714158 0.0677355 0.0627787 0.0569465 0.0505875 0.0439881 0.0373769 0.0309406 0.0248434 0.0192394 0.014273 0.0100653 0.0066913 0.00415765
 0.00892377 0.0143192 0.0212205 0.0294563 0.0386962 0.0483417 0.0574755 0.0650507 0.0702599 0.0727982 0.0728337 0.0707877 0.0671316 0.0622956 0.0566472 0.0504901 0.0440705 0.0375914 0.0312299 0.0251522 0.0195221 0.014499 0.0102222 0.00678361 0.00420117
 0.00890692 0.0142932 0.021184 0.0294086 0.0386369 0.0482697 0.0573878 0.064941 0.070118 0.0726122 0.0725963 0.070505 0.0668304 0.0620224 0.0564574 0.0504294 0.0441591 0.0378167 0.0315519 0.0255167 0.0198756 0.0148009 0.010451 0.00693712 0.00429157
 0.00890839 0.0143028 0.0212114 0.0294663 0.0387357 0.0484124 0.0575635 0.0651248 0.070276 0.0727096 0.072605 0.070409 0.0666304 0.0617393 0.0561319 0.0501163 0.043913 0.037676 0.0315272 0.0255899 0.0200094 0.0149533 0.0105883 0.00704115 0.00435904
 0.0088438 0.0142077 0.0210874 0.0293228 0.0385893 0.0482847 0.0574772 0.0650987 0.070319 0.0728148 0.0727484 0.0705551 0.0667423 0.0617904 0.0561145 0.0500445 0.0438185 0.0375975 0.0314966 0.0256204 0.0200928 0.015066 0.010703 0.00713715 0.00442738
 0.00882066 0.0141664 0.0210187 0.0292176 0.0384422 0.0480996 0.0572718 0.0649035 0.0701698 0.072741 0.0727636 0.0706516 0.0668941 0.0619606 0.056267 0.0501551 0.0438819 0.0376271 0.0315161 0.0256526 0.020149 0.0151429 0.0107872 0.00721365 0.0044863
 0.00884796 0.0141941 0.0210296 0.0291853 0.0383383 0.0479049 0.056987 0.0645531 0.069798 0.072402 0.0725089 0.0705188 0.0668975 0.0620882 0.0564843 0.0504163 0.0441442 0.0378619 0.0317136 0.0258172 0.0202904 0.0152677 0.0108958 0.0073025 0.00455233
 0.00884934 0.0141958 0.0210303 0.0291808 0.0383197 0.0478569 0.0568891 0.0643862 0.0695546 0.0720958 0.0721778 0.0702167 0.0666791 0.0619919 0.0565212 0.0505691 0.0443751 0.0381266 0.0319745 0.0260509 0.0204877 0.0154285 0.0110229 0.00739875 0.00462064
 0.00879074 0.0141106 0.0209206 0.0290552 0.0381903 0.0477349 0.0567806 0.0642896 0.069461 0.0719927 0.0720555 0.0700767 0.0665388 0.0618823 0.0564761 0.0506114 0.0445069 0.0383287 0.0322144 0.0262946 0.0207094 0.0156138 0.0111675 0.00750455 0.00469299
 0.00887414 0.0142284 0.0210653 0.0292094 0.0383323 0.0478475 0.056857 0.0643327 0.0694763 0.0719806 0.0720084 0.0699826 0.0663905 0.0616861 0.0562554 0.0504009 0.0443414 0.0382304 0.0321864 0.026323 0.0207715 0.0156875 0.0112369 0.00756113 0.00473431
 0.00887633 0.0142235 0.0210422 0.0291518 0.0382226 0.0476728 0.0566165 0.0640417 0.0691662 0.0716934 0.0717859 0.0698544 0.0663644 0.0617481 0.0563788 0.0505598 0.0445197 0.0384225 0.0323905 0.0265338 0.0209775 0.0158739 0.0113913 0.00767776 0.00481442
 0.00888609 0.0142492 0.0210981 0.0292541 0.0383822 0.0478843 0.0568515 0.0642521 0.0692997 0.071713 0.0716847 0.0696567 0.0661145 0.0614935 0.0561554 0.0503858 0.0443988 0.0383508 0.0323623 0.026543 0.0210155 0.0159293 0.0114513 0.00773171 0.0048562
 0.00882332 0.0141491 0.0209521 0.0290591 0.0381443 0.0476236 0.0566023 0.0640554 0.0691883 0.071696 0.0717436 0.0697556 0.0662197 0.0615872 0.0562391 0.0504718 0.0444993 0.0384706 0.0324987 0.0266882 0.0211599 0.0160631 0.0115662 0.00782225 0.00492111
 0.00873399 0.0140106 0.0207564 0.0288031 0.0378309 0.0472628 0.0562135 0.0636701 0.0688479 0.0714451 0.0716174 0.0697685 0.0663592 0.0618197 0.0565231 0.0507726 0.0447959 0.0387547 0.0327671 0.0269376 0.0213848 0.0162569 0.0117234 0.00794095 0.00500357
 0.00863159 0.0138634 0.0205702 0.0285951 0.0376234 0.0470745 0.0560528 0.0635345 0.0687302 0.0713408 0.0715309 0.0697131 0.066352 0.0618728 0.0566368 0.0509344 0.0449866 0.0389554 0.0329647 0.0271241 0.0215549 0.0164055 0.0118463 0.0080355 0.00507048
 0.00853476 0.0137206 0.0203831 0.0283764 0.0373952 0.0468642 0.0558877 0.0634359 0.0687064 0.0713833 0.0716157 0.0698106 0.06644 0.0619446 0.0567002 0.0510033 0.0450712 0.0390577 0.0330797 0.0272436 0.0216708 0.016511 0.011936 0.00810628 0.00512174
 0.00853559 0.0137059 0.0203321 0.0282624 0.0371952 0.0465731 0.0555293 0.0630616 0.0683802 0.0711597 0.0715226 0.0698439 0.0665704 0.0621322 0.0569091 0.0512109 0.0452688 0.0392455 0.0332589 0.027413 0.0218257 0.0166459 0.0120465 0.00819051 0.00518094
 0.00853864 0.0137008 0.0203052 0.0281926 0.0370573 0.0463442 0.0551974 0.0626346 0.0678918 0.0706685 0.0711013 0.0695605 0.0664673 0.0622133 0.0571429 0.0515453 0.0456501 0.0396312 0.0336219 0.0277382 0.0221053 0.0168758 0.0122255 0.00832109 0.00526925
 0.00857547 0.0137583 0.0203863 0.0282961 0.0371751 0.0464584 0.0552792 0.0626482 0.0678041 0.0704631 0.0707901 0.069186 0.0660934 0.0619072 0.0569536 0.0514907 0.0457162 0.0397833 0.0338197 0.0279472 0.0223015 0.017045 0.0123612 0.00842211 0.00533867
 0.00853701 0.0137045 0.0203216 0.0282302 0.0371206 0.046426 0.0552732 0.0626631 0.0678243 0.0704656 0.0707507 0.0690892 0.0659417 0.0617253 0.056783 0.0513751 0.0456856 0.0398438 0.0339542 0.0281251 0.0224905 0.0172194 0.0125057 0.00853102 0.0054136
 0.00844214 0.0135574 0.0201143 0.0279621 0.0368004 0.0460739 0.0549215 0.0623527 0.0675947 0.0703422 0.0707359 0.0691627 0.0660696 0.0618745 0.0569338 0.0515264 0.0458503 0.0400368 0.034181 0.0283762 0.0227449 0.0174533 0.0127005 0.00867828 0.00551467
 0.00850259 0.0136481 0.0202361 0.02811 0.0369633 0.0462362 0.0550647 0.0624587 0.0676499 0.0703418 0.0706848 0.0690715 0.0659492 0.061732 0.0567736 0.0513553 0.0456814 0.0398894 0.0340743 0.0283211 0.0227393 0.0174839 0.0127489 0.00872821 0.00555586
 0.00852727 0.0136839 0.0202821 0.0281622 0.037016 0.046283 0.0551001 0.0624782 0.0676506 0.0703224 0.0706468 0.0690192 0.0658889 0.0616698 0.056713 0.0512972 0.0456266 0.0398414 0.0340402 0.0283088 0.0227526 0.0175192 0.0127967 0.00877693 0.00559685
 0.00853 0.0136913 0.0202984 0.0281926 0.0370643 0.046349 0.0551776 0.0625553 0.0677135 0.0703601 0.0706537 0.0689964 0.0658418 0.0616062 0.056641 0.0512237 0.0455567 0.0397792 0.03399 0.0282751 0.0227384 0.0175242 0.012816 0.00880306 0.00562239
 0.00847059 0.0136028 0.0201808 0.0280518 0.0369119 0.0462004 0.0550493 0.0624629 0.0676677 0.0703637 0.0707006 0.0690736 0.0659348 0.0617026 0.0567328 0.0513072 0.0456309 0.039845 0.0340491 0.0283298 0.0227908 0.0175749 0.0128639 0.00884543 0.00565651
 0.00844572 0.0135642 0.0201262 0.027981 0.0368273 0.0461074 0.0549572 0.0623836 0.0676135 0.0703433 0.0707164 0.0691209 0.0660031 0.0617793 0.0568067 0.051371 0.0456819 0.0398842 0.0340798 0.0283559 0.0228155 0.0176 0.0128893 0.00886949 0.00567713
 0.00830569 0.0133622 0.0198695 0.0276927 0.0365394 0.0458504 0.0547517 0.0622389 0.0675315 0.070323 0.0707564 0.0692177 0.0661498 0.0619637 0.0570128 0.0515814 0.0458818 0.0400636 0.0342338 0.0284841 0.0229201 0.0176838 0.0129549 0.008919 0.0057125
 0.00786435 0.0126759 0.0188975 0.0264252 0.035007 0.0441333 0.0529855 0.0606032 0.0662155 0.0694779 0.0704587 0.0694623 0.0668656 0.063041 0.0583273 0.0530116 0.0473209 0.0414266 0.0354603 0.0295375 0.0237841 0.018359 0.0134548 0.00926694 0.00593822
 0.00759415 0.0122253 0.0181999 0.025415 0.0336385 0.0424091 0.0509828 0.0584815 0.0641932 0.0677869 0.0692957 0.0689516 0.0670422 0.063852 0.0596503 0.0546843 0.049171 0.0432964 0.0372223 0.0311005 0.0250941 0.0193958 0.0142269 0.00980469 0.00628597
 0.00754765 0.0121412 0.0180551 0.0251765 0.0332629 0.0418462 0.0501869 0.0574294 0.062906 0.0663474 0.0678492 0.0676838 0.0661372 0.0634466 0.0598011 0.0553578 0.0502587 0.0446449 0.0386676 0.0324976 0.0263348 0.0204162 0.0150055 0.010355 0.00664472
 0.00739176 0.0119316 0.0178191 0.024963 0.0331226 0.041803 0.0502144 0.0574491 0.0628102 0.0660375 0.0672752 0.0668714 0.0651933 0.0625373 0.0591074 0.0550232 0.0503481 0.0451318 0.0394502 0.0334343 0.0272843 0.0212674 0.0156931 0.0108594 0.00698142
 0.00701629 0.0113805 0.0171024 0.024134 0.0322705 0.0410339 0.0496296 0.057122 0.0627617 0.0662192 0.0675736 0.0671439 0.0653245 0.0624883 0.0589335 0.0548501 0.050319 0.0453492 0.0399388 0.0341379 0.0280938 0.0220628 0.01638 0.011388 0.00734636
#obs surv len freq
 nan nan nan nan nan nan nan nan nan nan nan nan nan nan nan nan nan nan nan nan nan nan nan nan nan
 0.00448679 0.00734895 0.0111795 0.0159958 0.0216957 0.0279699 0.0342824 0.0400122 0.0446909 0.0481542 0.0505121 0.0520082 0.0529008 0.0534136 0.0537282 0.0539833 0.0542621 0.0545549 0.0546938 0.0542857 0.0527238 0.049356 0.0438058 0.0362859 0.0276696
 0.00461485 0.00756045 0.0115035 0.0164603 0.0223204 0.0287554 0.0351997 0.0410005 0.0456663 0.0490274 0.0512052 0.0524665 0.0530974 0.0533488 0.053425 0.0534795 0.0536013 0.0537799 0.0538435 0.0533973 0.0518361 0.0485122 0.0430509 0.0356579 0.0271897
 0.00477184 0.00781731 0.0118933 0.0170153 0.0230665 0.029702 0.0363293 0.0422621 0.0469791 0.0502924 0.0523195 0.0533368 0.0536514 0.053544 0.0532523 0.0529608 0.0527822 0.0527203 0.05261 0.05206 0.0504698 0.047197 0.0418659 0.0346687 0.0264322
 0.00496404 0.00813027 0.0123653 0.0176824 0.023956 0.0308219 0.0376574 0.0437415 0.0485251 0.0518064 0.0537014 0.0544922 0.0544958 0.0540076 0.0532881 0.0525515 0.0519441 0.0515015 0.0510856 0.0503274 0.0486442 0.045405 0.0402325 0.0332957 0.0253769
 0.00517413 0.00847623 0.0128941 0.0184403 0.0249791 0.032122 0.0392068 0.0454687 0.0503259 0.0535642 0.055306 0.0558484 0.0555237 0.0546404 0.0534711 0.0522465 0.0511362 0.0502089 0.0493668 0.0482844 0.04642 0.0431711 0.0381647 0.0315405 0.0240197
 0.00541195 0.00886212 0.0134738 0.0192569 0.0260659 0.033491 0.0408353 0.0472933 0.0522481 0.0554668 0.0570702 0.0573665 0.056705 0.0554124 0.053777 0.0520429 0.0503953 0.0489268 0.0475785 0.0460786 0.0439458 0.0406278 0.0357697 0.0294829 0.0224156
 0.00567155 0.00928792 0.0141213 0.0201794 0.0273033 0.0350525 0.0426832 0.049339 0.0543668 0.0575239 0.058943 0.0589536 0.057926 0.056203 0.0540855 0.0518276 0.049625 0.0475883 0.0456917 0.0437178 0.0412558 0.0378202 0.0330906 0.0271562 0.0205868
 0.00589954 0.00966528 0.014702 0.0210186 0.0284475 0.0365226 0.0444572 0.0513438 0.0564877 0.0596249 0.0608896 0.0606282 0.0592349 0.0570767 0.0544736 0.0516921 0.0489363 0.046329 0.0438717 0.041398 0.0385694 0.0349753 0.0303409 0.0247424 0.0186729
 0.00614602 0.0100667 0.0153077 0.0218757 0.0295931 0.0379711 0.0461854 0.0532851 0.0585389 0.0616638 0.0627922 0.0622811 0.0605415 0.0579608 0.054879 0.0515791 0.0482777 0.04511 0.0421011 0.0391293 0.0359248 0.0321537 0.0275924 0.0223115 0.0167324
 0.00638193 0.0104552 0.0159014 0.0227262 0.0307402 0.0394261 0.0479154 0.0552085 0.0605398 0.0636157 0.0645798 0.0638088 0.0617337 0.058757 0.0552313 0.0514492 0.0476365 0.0439407 0.0404092 0.0369623 0.0333946 0.0294449 0.0249422 0.0199562 0.014843
 0.00661937 0.0108427 0.0164876 0.0235575 0.0318522 0.0408298 0.0495822 0.057064 0.0624726 0.0654983 0.0662898 0.0652444 0.0628191 0.0594423 0.0554854 0.0512516 0.0469714 0.0427978 0.0387942 0.0349168 0.031018 0.0269045 0.0224551 0.0177415 0.0130617
 0.00682566 0.0111867 0.0170209 0.0243329 0.032912 0.0421877 0.0512061 0.0588714 0.0643444 0.0673039 0.0679092 0.066581 0.0638026 0.0600274 0.0556475 0.0509814 0.0462675 0.041664 0.0372453 0.032995 0.0288128 0.0245639 0.0201718 0.0157109 0.011428
 0.00705539 0.011556 0.0175696 0.0250961 0.0339149 0.0434368 0.0526775 0.0605046 0.0660459 0.0689609 0.0694073 0.0678188 0.0647025 0.0605396 0.0557487 0.0506684 0.0455489 0.0405559 0.0357737 0.0312068 0.0267926 0.0224429 0.0181172 0.0138914 0.00996765
 0.00725766 0.0118927 0.0180899 0.0258485 0.0349348 0.0447278 0.0541957 0.0621574 0.0677106 0.0705139 0.0707463 0.0688702 0.0654182 0.0608904 0.0557213 0.0502631 0.044778 0.0394411 0.0343479 0.0295215 0.0249289 0.020518 0.0162752 0.0122741 0.00867696
 0.00741887 0.0121545 0.0184841 0.0264061 0.0356816 0.045677 0.0553371 0.0634495 0.0690809 0.0718673 0.0719803 0.0698909 0.0661536 0.0612967 0.0557807 0.0499768 0.0441592 0.0385122 0.0331419 0.0280888 0.0233451 0.0188872 0.0147206 0.0109142 0.00759506
 0.00752417 0.0123303 0.0187571 0.026804 0.0362273 0.04638 0.0561854 0.0644077 0.0700967 0.0728816 0.0729342 0.0707274 0.0668173 0.0617372 0.0559585 0.0498685 0.0437596 0.0378326 0.03221 0.0269503 0.0220682 0.0175635 0.0134557 0.00980748 0.00671525
 0.00758581 0.0124258 0.0188929 0.026985 0.0364593 0.0466713 0.0565468 0.0648484 0.0706187 0.0734743 0.0735721 0.0713721 0.0674217 0.0622498 0.0563279 0.0500487 0.0437159 0.0375476 0.0316879 0.0262203 0.0211858 0.0166073 0.0125171 0.0089727 0.0060449
 0.00765874 0.012537 0.0190464 0.0271793 0.0366877 0.0469239 0.0568119 0.0651162 0.0708848 0.0737424 0.0738522 0.0716727 0.0677411 0.0625698 0.0566142 0.0502564 0.0437985 0.0374668 0.0314232 0.0257762 0.0205957 0.0159309 0.0118297 0.0083479 0.00553627
 0.00773368 0.0126556 0.0192181 0.0274096 0.0369751 0.047257 0.0571678 0.0654623 0.0711871 0.0739766 0.0740118 0.0717697 0.0677987 0.0626109 0.0566499 0.0502797 0.0437847 0.0373818 0.0312354 0.0254698 0.0201797 0.0154408 0.01132 0.00787647 0.00514776
 0.00777561 0.0127179 0.0193013 0.0275109 0.0370905 0.0473833 0.0573037 0.0656069 0.0713376 0.0741259 0.0741497 0.0718869 0.0678908 0.0626807 0.0567041 0.0503226 0.0438112 0.0373751 0.0311713 0.0253276 0.0199534 0.0151461 0.0109919 0.00755833 0.00487669
 0.00780383 0.0127591 0.0193546 0.0275721 0.0371533 0.0474405 0.05735 0.0656406 0.0713615 0.0741475 0.0741784 0.07193 0.0679504 0.0627528 0.0567818 0.0503978 0.0438756 0.0374176 0.0311772 0.0252817 0.0198469 0.0149838 0.0107938 0.00735412 0.00469501
 0.00784038 0.0128123 0.0194231 0.0276502 0.0372321 0.0475103 0.057402 0.0656689 0.0713641 0.0741275 0.0741444 0.0718943 0.0679258 0.0627483 0.0567999 0.0504343 0.0439209 0.0374589 0.0312005 0.0252736 0.0197985 0.0148949 0.0106752 0.00722462 0.00457498
 0.00785109 0.012828 0.0194433 0.027673 0.037254 0.0475267 0.0574079 0.0656599 0.0713384 0.0740873 0.0740964 0.0718486 0.0678931 0.0627377 0.0568161 0.0504766 0.0439827 0.0375288 0.0312642 0.0253169 0.0198108 0.0148727 0.0106239 0.00715662 0.00450524
 0.00785726 0.0128374 0.019456 0.0276886 0.0372714 0.0475439 0.0574221 0.0656678 0.0713366 0.0740736 0.0740705 0.0718137 0.0678552 0.062705 0.0567968 0.0504763 0.0440028 0.0375651 0.0313075 0.0253554 0.0198338 0.0148738 0.0106035 0.00712135 0.00446486
 0.0078763 0.0128597 0.0194739 0.0276902 0.0372443 0.0474813 0.0573274 0.0655544 0.0712233 0.073978 0.0740041 0.0717801 0.0678522 0.0627276 0.0568397 0.0505356 0.044075 0.037646 0.0313908 0.0254327 0.0198962 0.0149151 0.0106221 0.00712112 0.00445308
 0.00789369 0.0128889 0.019519 0.0277536 0.0373243 0.0475691 0.0574059 0.0656023 0.0712233 0.073925 0.0739086 0.0716635 0.0677381 0.0626335 0.0567744 0.0504999 0.0440654 0.0376571 0.0314161 0.0254649 0.0199277 0.0149393 0.0106353 0.00712345 0.00444774
 0.00786109 0.0128385 0.0194484 0.0276634 0.0372187 0.0474566 0.0572987 0.0655135 0.0711621 0.0738932 0.0739005 0.0716707 0.0677553 0.0626611 0.0568163 0.0505597 0.044143 0.0377479 0.0315128 0.0255591 0.0200116 0.0150069 0.0106839 0.00715367 0.00446322
 0.00786278 0.012834 0.0194284 0.0276155 0.0371313 0.0473253 0.0571308 0.0653289 0.070988 0.0737554 0.0738162 0.0716443 0.0677802 0.0627244 0.0569047 0.0506636 0.0442563 0.0378666 0.0316322 0.0256731 0.0201135 0.0150912 0.0107474 0.00719671 0.00448902
 0.00784811 0.01281 0.0193916 0.0275616 0.0370553 0.0472215 0.0569952 0.0651622 0.0707989 0.0735628 0.0736459 0.0715233 0.0677274 0.0627453 0.0569909 0.0507974 0.044418 0.0380387 0.0318017 0.0258304 0.0202513 0.0152044 0.0108338 0.00725708 0.00452726
 0.00782478 0.0127713 0.0193322 0.0274764 0.036941 0.0470785 0.0568292 0.0649835 0.0706204 0.0733969 0.0735041 0.0714166 0.0676674 0.0627424 0.0570503 0.0509157 0.0445824 0.0382307 0.0320016 0.026021 0.0204202 0.0153438 0.0109406 0.00733269 0.00457618
 0.00783711 0.0127866 0.0193461 0.0274818 0.0369289 0.0470412 0.0567622 0.0648876 0.070501 0.0732632 0.0733673 0.0712886 0.0675599 0.0626662 0.0570149 0.0509272 0.0446415 0.0383308 0.0321297 0.0261607 0.0205555 0.0154625 0.0110355 0.00740186 0.00462208
 0.00778966 0.0127144 0.0192468 0.0273561 0.0367804 0.0468751 0.0565854 0.0647085 0.0703307 0.0731138 0.0732508 0.0712147 0.0675343 0.0626901 0.0570858 0.0510403 0.0447905 0.0385075 0.032323 0.0263569 0.02074 0.0156226 0.0111633 0.00749525 0.00468432
 0.00773711 0.0126281 0.0191157 0.027171 0.0365374 0.0465805 0.056259 0.0643825 0.0700415 0.072892 0.0731143 0.0711675 0.0675704 0.0627982 0.0572527 0.0512523 0.0450339 0.038769 0.0325891 0.026614 0.0209744 0.015823 0.0113224 0.00761165 0.0047622
 0.00772645 0.0126044 0.0190682 0.0270854 0.0363994 0.0463811 0.0560002 0.0640798 0.0697228 0.0725922 0.0728681 0.0710022 0.067501 0.0628257 0.0573665 0.0514347 0.0452648 0.0390284 0.0328587 0.0268769 0.0212157 0.0160304 0.0114882 0.00773403 0.00484487
 0.00769582 0.0125567 0.019 0.026994 0.0362819 0.046234 0.0558203 0.0638664 0.0694811 0.0723366 0.0726218 0.0707942 0.0673595 0.0627712 0.0574067 0.0515637 0.0454657 0.0392783 0.0331326 0.0271514 0.021471 0.0162514 0.0116659 0.00786567 0.00493424
 0.00766743 0.0125128 0.0189381 0.0269133 0.0361838 0.0461212 0.0556968 0.0637365 0.0693479 0.0722012 0.0724851 0.0706604 0.067239 0.0626809 0.0573656 0.0515866 0.0455572 0.0394312 0.0333298 0.0273705 0.0216889 0.0164485 0.0118289 0.0079891 0.00501937
 0.00764952 0.0124814 0.018887 0.0268359 0.0360752 0.0459816 0.0555338 0.0635645 0.0691845 0.0720613 0.0723766 0.0705838 0.0671906 0.0626576 0.0573688 0.0516224 0.0456334 0.0395513 0.0334897 0.0275572 0.0218835 0.0166316 0.011985 0.00810977 0.00510391
 0.00763838 0.0124645 0.0188634 0.0268048 0.0360353 0.0459304 0.0554676 0.0634807 0.0690834 0.0719488 0.0722633 0.0704819 0.0671103 0.0626043 0.0573439 0.0516261 0.045667 0.039617 0.0335875 0.027682 0.0220242 0.0167729 0.012112 0.00821221 0.00517804
 0.00760482 0.0124157 0.0188009 0.0267337 0.0359628 0.0458634 0.0554106 0.0634344 0.0690453 0.0719142 0.0722277 0.0704437 0.0670715 0.0625709 0.057323 0.0516239 0.0456874 0.0396622 0.0336575 0.0277739 0.0221311 0.0168841 0.0122158 0.00829877 0.00524259
 0.00759343 0.0123927 0.0187582 0.0266625 0.0358568 0.0457243 0.0552508 0.063276 0.0689125 0.0718247 0.0721867 0.0704446 0.0671015 0.0626172 0.0573775 0.051684 0.0457547 0.0397393 0.0337463 0.0278736 0.0222375 0.0169901 0.0123127 0.00837947 0.00530309
 0.00757532 0.0123663 0.0187237 0.026621 0.0358087 0.0456673 0.0551804 0.0631879 0.0688076 0.0717121 0.072083 0.0703676 0.0670633 0.0626197 0.0574137 0.0517431 0.0458274 0.0398201 0.0338331 0.0279651 0.0223313 0.0170817 0.0123961 0.00844901 0.00535569
 0.00756624 0.0123503 0.0186977 0.0265818 0.0357546 0.0455996 0.0551038 0.0631093 0.0687332 0.0716449 0.0720233 0.0703162 0.067024 0.0625991 0.0574181 0.0517745 0.0458822 0.0398919 0.0339149 0.0280515 0.0224178 0.0171639 0.0124696 0.00850982 0.00540164
 0.00754287 0.0123166 0.0186546 0.0265326 0.0357035 0.0455494 0.0550554 0.0630618 0.0686859 0.0715991 0.0719816 0.0702818 0.0669993 0.062586 0.0574188 0.0517914 0.0459172 0.0399441 0.0339809 0.0281258 0.0224944 0.0172372 0.0125347 0.00856328 0.00544182
 0.0075387 0.0123065 0.0186337 0.0264952 0.0356451 0.0454707 0.0549635 0.0629692 0.0686062 0.0715412 0.0719478 0.0702687 0.0670016 0.0625994 0.0574411 0.0518227 0.0459583 0.0399958 0.0340424 0.0281944 0.0225655 0.0173055 0.0125953 0.0086127 0.00547867
 0.00752001 0.0122787 0.0185964 0.0264489 0.0355909 0.0454083 0.054892 0.0628886 0.0685197 0.0714566 0.0718766 0.0702216 0.0669847 0.0626124 0.0574788 0.0518779 0.0460248 0.0400696 0.0341206 0.0282743 0.0226438 0.0173781 0.0126581 0.00866301 0.00551556
 0.00752686 0.0122876 0.0186057 0.026456 0.0355927 0.0454031 0.0548793 0.0628691 0.0684937 0.0714236 0.0718358 0.0701742 0.0669355 0.0625689 0.0574479 0.0518641 0.0460288 0.040089 0.0341521 0.0283142 0.0226883 0.0174232 0.0126998 0.00869806 0.00554225
 0.00751349 0.0122707 0.0185892 0.026446 0.0355951 0.0454206 0.0549091 0.0629033 0.0685225 0.0714391 0.0718344 0.0701563 0.0669042 0.062529 0.0574059 0.0518267 0.0460018 0.0400759 0.0341535 0.0283282 0.0227112 0.0174507 0.0127279 0.0087231 0.00556211
 0.00748331 0.0122218 0.0185164 0.026346 0.035469 0.0452761 0.0547621 0.0627749 0.0684329 0.0714001 0.0718454 0.0702065 0.0669785 0.0626134 0.057491 0.0519081 0.0460788 0.0401497 0.0342253 0.028398 0.0227776 0.0175109 0.0127791 0.00876354 0.00559144
 0.00749142 0.0122304 0.0185207 0.0263384 0.0354408 0.0452207 0.0546781 0.0626681 0.0683162 0.0712908 0.0717609 0.0701594 0.0669724 0.0626433 0.0575456 0.0519752 0.0461491 0.0402181 0.03429 0.0284586 0.0228337 0.0175614 0.0128222 0.00879783 0.0056165
 0.00749142 0.0122304 0.0185207 0.0263384 0.0354408 0.0452207 0.0546781 0.0626681 0.0683162 0.0712908 0.0717609 0.0701594 0.0669724 0.0626433 0.0575456 0.0519752 0.0461491 0.0402181 0.03429 0.0284586 0.0228337 0.0175614 0.0128222 0.00879783 0.0056165
 0.00716795 0.0117187 0.017779 0.0253427 0.0341958 0.0437729 0.0531271 0.0611627 0.0670276 0.0703722 0.071312 0.0702094 0.0674842 0.0635296 0.0586908 0.0532574 0.0474583 0.0414675 0.0354197 0.029433 0.0236366 0.0181916 0.0132905 0.00912445 0.00582831
 0.00707389 0.011533 0.0174395 0.0247736 0.0333279 0.0425765 0.051641 0.0595023 0.0653648 0.0688974 0.070195 0.0695721 0.0673845 0.0639569 0.0595727 0.0544758 0.048873 0.0429404 0.0368335 0.0307017 0.0247079 0.0190438 0.0139274 0.00956919 0.00611633
 0.00709489 0.0115648 0.0174799 0.0248103 0.0333307 0.0424909 0.0513912 0.0590106 0.0645864 0.0678549 0.0689923 0.0683761 0.0663809 0.0633015 0.059355 0.054705 0.0494856 0.0438225 0.0378505 0.0317269 0.0256419 0.0198243 0.0145291 0.00999719 0.00639651
 0.0071388 0.0116444 0.0176141 0.0250196 0.0336289 0.0428721 0.0518168 0.0594043 0.064843 0.067865 0.0686779 0.0677248 0.0654657 0.0622703 0.0583919 0.0539765 0.0490949 0.0437886 0.0381165 0.0321888 0.0261839 0.0203485 0.0149714 0.0103304 0.00662269
 0.00718034 0.0117228 0.0177523 0.0252458 0.0339703 0.0433433 0.0524084 0.0600748 0.0655191 0.0684489 0.0690609 0.0678092 0.0651928 0.0616482 0.0575077 0.052981 0.0481613 0.0430607 0.0376701 0.0320207 0.0262303 0.020519 0.0151817 0.0105221 0.00676817
#pred catch len freq
 0.00457992 0.00720148 0.0104163 0.0141134 0.0182271 0.022729 0.0275545 0.032554 0.0375121 0.0422009 0.046418 0.0500059 0.0528677 0.0549784 0.056384 0.057194 0.0575706 0.0576949 0.057674 0.0573917 0.0563839 0.0538928 0.0491946 0.0420823 0.0331785
 0.00478344 0.007458 0.0106682 0.0142694 0.0181979 0.0224769 0.0271276 0.0320749 0.0371241 0.0420041 0.0464348 0.0501941 0.0531656 0.0553487 0.0568296 0.05774 0.0582235 0.0584013 0.0583065 0.0577771 0.056371 0.0534274 0.0483565 0.0410579 0.0321815
 0.0050248 0.00783367 0.0111972 0.0149447 0.0189727 0.0232558 0.027773 0.0324442 0.0371306 0.0416685 0.0458871 0.049615 0.0527067 0.0550833 0.0567588 0.0578303 0.0584351 0.058685 0.0585812 0.0579228 0.0562601 0.0529848 0.0476095 0.0401356 0.0312595
 0.00526405 0.00820895 0.0117378 0.0156717 0.0198977 0.0243744 0.0290496 0.0337911 0.0384007 0.0426768 0.0464667 0.0496862 0.0523163 0.0543858 0.0559464 0.0570585 0.0577825 0.0581522 0.0581095 0.0574168 0.0556194 0.0521469 0.0465896 0.0390329 0.0302173
 0.00552014 0.00860716 0.0123047 0.0164239 0.0208446 0.0255203 0.03039 0.0353024 0.0400243 0.0443058 0.0479429 0.0508205 0.0529383 0.0544057 0.0553953 0.0560765 0.0565577 0.0568457 0.0568061 0.0561217 0.0542927 0.0507576 0.0451593 0.0376462 0.0289905
 0.00583211 0.00908853 0.0129823 0.0173088 0.0219359 0.0268096 0.0318618 0.0369291 0.041761 0.0460851 0.0496692 0.052365 0.0541437 0.0551098 0.0554752 0.0554948 0.0553821 0.0552246 0.0549115 0.0540945 0.0522241 0.0487111 0.0432061 0.0358811 0.0275129
 0.00618629 0.00963457 0.0137498 0.0183086 0.0231635 0.0282503 0.0334899 0.0387042 0.0436254 0.0479655 0.0514795 0.0540081 0.0555089 0.0560731 0.0559088 0.0552924 0.0544945 0.0536862 0.0528393 0.0516588 0.0496109 0.0460974 0.0407543 0.0337338 0.0257758
 0.00654311 0.0101865 0.0145291 0.0193299 0.0244262 0.029742 0.035185 0.0405585 0.0455735 0.049924 0.0533543 0.055701 0.0569222 0.0571096 0.0564702 0.0552823 0.0538334 0.0523391 0.0508437 0.0491374 0.0467595 0.0431547 0.0379626 0.0312992 0.0238328
 0.00690947 0.0107548 0.0153345 0.0203901 0.0257436 0.0313055 0.0369673 0.0425101 0.0476207 0.051973 0.0553002 0.0574375 0.0583496 0.0581389 0.0570226 0.0552848 0.0532194 0.0510614 0.0489015 0.0466063 0.043808 0.0400312 0.0349505 0.0286542 0.0217247
 0.00727812 0.0113292 0.0161541 0.0214779 0.0271079 0.03294 0.0388457 0.0445791 0.0497972 0.0541493 0.0573549 0.0592486 0.0598064 0.0591505 0.057519 0.0552125 0.0525349 0.0497331 0.0469268 0.0440418 0.0407983 0.0368123 0.0318146 0.0258806 0.0195069
 0.00763261 0.0118754 0.0169217 0.0224794 0.0283432 0.0344027 0.0405225 0.0464415 0.0517917 0.0561934 0.0593402 0.0610512 0.061302 0.0602296 0.0580958 0.0552257 0.0519435 0.0485142 0.0450838 0.0416275 0.0379421 0.0337313 0.0287872 0.0231831 0.0173384
 0.00792759 0.0123387 0.0175891 0.0233748 0.0294773 0.0357702 0.0420972 0.0481736 0.0536122 0.0580224 0.0610939 0.0626434 0.0626442 0.061232 0.058674 0.0553071 0.0514732 0.0474589 0.0434415 0.0394447 0.0353359 0.0308992 0.0259862 0.0206725 0.0153102
 0.00824757 0.0128379 0.0183026 0.0243245 0.0306726 0.0372079 0.0437554 0.0500028 0.0555312 0.0599241 0.0628594 0.0641602 0.0638206 0.0620037 0.058999 0.0551566 0.0508237 0.0462939 0.0417628 0.0372942 0.0328184 0.0281932 0.0233249 0.0182933 0.0133895
 0.00859504 0.0133705 0.019045 0.0252819 0.0318351 0.0385575 0.0452669 0.051639 0.0572359 0.06162 0.0644514 0.0655445 0.0648984 0.0626949 0.0592514 0.0549448 0.0501417 0.0451469 0.0401694 0.0353003 0.0305187 0.0257431 0.0209273 0.0161552 0.0116651
 0.00896186 0.0139376 0.0198445 0.0263248 0.0331124 0.0400409 0.0469075 0.0533651 0.0589582 0.0632429 0.0658842 0.0667085 0.0657287 0.063142 0.0592824 0.0545448 0.0493126 0.0439057 0.0385482 0.0333548 0.0283416 0.0234731 0.0187387 0.0142225 0.0101163
 0.00932181 0.0144854 0.0206004 0.0272865 0.0342611 0.0413508 0.0483473 0.0548924 0.0605107 0.0647366 0.0672215 0.067793 0.0664819 0.0635132 0.0592497 0.0541089 0.0484889 0.0427202 0.037039 0.0315798 0.0263889 0.0214661 0.0168257 0.0125478 0.00878251
 0.00968752 0.0150337 0.0213403 0.0281976 0.0353027 0.0424763 0.0495145 0.0560644 0.0616529 0.065812 0.0681881 0.0686017 0.0670781 0.0638435 0.0592714 0.0537982 0.0478431 0.0417557 0.0357902 0.0301012 0.0247608 0.0197963 0.0152398 0.0111649 0.00768492
 0.00988385 0.0153484 0.0218047 0.028836 0.036126 0.0434727 0.0506414 0.0572496 0.062808 0.0668539 0.0690552 0.0692583 0.0675075 0.0640371 0.0592215 0.053496 0.0472833 0.0409429 0.0347453 0.0288669 0.0234051 0.0184112 0.0139302 0.0100283 0.00678684
 0.00994875 0.015455 0.0219687 0.0290763 0.0364653 0.0439354 0.0512471 0.0580015 0.0636815 0.0677908 0.069971 0.0700612 0.0681216 0.0644174 0.0593534 0.0533848 0.0469413 0.0403844 0.0339898 0.0279471 0.0223743 0.0173439 0.012913 0.00914151 0.00608483
 0.0100079 0.0155463 0.0220975 0.0292461 0.0366795 0.0442001 0.051572 0.0583985 0.0641595 0.0683485 0.0705882 0.0706941 0.0687067 0.0648846 0.0596435 0.0534623 0.0467976 0.0400313 0.0334524 0.0272614 0.0215889 0.0165213 0.0121238 0.00845094 0.00553707
 0.0100508 0.0156039 0.0221625 0.0293056 0.0367208 0.0442189 0.0515788 0.0584186 0.0642269 0.0684951 0.0708342 0.0710405 0.0691309 0.0653411 0.0600706 0.053795 0.046982 0.0400362 0.0332731 0.0269178 0.0211217 0.0159862 0.0115834 0.00796301 0.00514227
 0.0099354 0.0154321 0.0219329 0.0290262 0.0364057 0.0438836 0.0512386 0.0580926 0.0639437 0.0682953 0.0707648 0.0711421 0.069422 0.0658067 0.0606606 0.054433 0.0475821 0.0405212 0.0335907 0.0270488 0.0210804 0.0158142 0.0113374 0.00770081 0.00490919
