SBPRF35
7.78865
Curr Bio
589236
B35
671111
F35
0.223713
FOFL
0.20623
OFL
97418.5
Bzero
2.22533e+06
#pred survey bio
 4.56047e+06 4.29649e+06 4.05045e+06 3.76628e+06 3.44362e+06 3.12195e+06 2.79208e+06 2.44881e+06 2.15955e+06 1.91657e+06 1.70906e+06 1.50762e+06 1.33296e+06 1.16249e+06 1.02777e+06 925666 814377 753952 703806 674672 648578 629918 599665 578022 571176 559846 556480 562337 563136 554290 558540 569565 556404 538877 535471 528717 523658 515461 511282 512139 523885 534599 546973 557128 560884 567022 571373 571378 582590 587620 590459 599823 569103 517932 508562 469987 469032 459025 448537 434202 467378 491500 523379 536646 563245 589608 2.17506e+07 1.35096e+07 1.39945e+07 1.45694e+07 1.51588e+07 1.56944e+07 1.6145e+07 1.65052e+07 1.67835e+07 1.69937e+07 1.71502e+07 1.72658e+07 1.7351e+07 1.74138e+07 1.74602e+07 1.74946e+07 1.75202e+07 1.75394e+07 1.75538e+07 1.75647e+07 1.7573e+07 1.75793e+07 1.75841e+07 1.75877e+07 1.75906e+07 1.75927e+07 1.75944e+07 1.75956e+07 1.75966e+07 1.75974e+07 1.7598e+07 1.75984e+07 1.75988e+07 1.7599e+07 1.75993e+07 1.75994e+07 1.75995e+07 1.75996e+07 1.75997e+07 1.75998e+07 1.75998e+07 1.75999e+07 1.75999e+07 1.75999e+07 1.75999e+07 1.75999e+07 1.75999e+07 1.75999e+07 1.76e+07 1.76e+07 1.76e+07 1.76e+07 1.76e+07 1.76e+07 1.76e+07 1.76e+07 1.76e+07 1.76e+07 1.76e+07 1.76e+07 1.76e+07 1.76e+07 1.76e+07 1.76e+07 1.76e+07 1.76e+07 1.76e+07 1.76e+07 1.76e+07 1.76e+07 1.76e+07 1.76e+07 1.76e+07 1.76e+07 1.76e+07 1.76e+07 1.76e+07 1.76e+07 1.76e+07 1.76e+07 1.76e+07 1.76e+07 1.76e+07 1.76e+07 1.76e+07 1.76e+07 1.76e+07 1.76e+07 1.76e+07 1.76e+07 1.76e+07 1.76e+07 1.76e+07 1.76e+07 1.76e+07 1.76e+07 1.76e+07 1.76e+07 1.76e+07 1.76e+07 0 0 0 0 0 0 0 0 0 0 0 0 0 0 0 0 0 0 0 0 0 0 0 0 0
#obs survey bio
 3.82285e+06 3.48159e+06 3.02452e+06 3.05108e+06 2.9237e+06 3.83884e+06 3.06417e+06 1.57312e+06 1.42376e+06 1.95774e+06 1.50109e+06 1.1969e+06 989269 792133 871919 939715 973859 729612 635848 716393 635330 533495 495874 437360 571318 486275 418102 740707 377133 507977 472705 419963 514727 483227 526099 518606 558046 666113 720090 408548 580651 618509 399764 551421 494964 620808 497005 645318 534573 410245 843288 835225 589745 505844 505460 620086 468231 560977 383064 421824 418980 664515 488221 465373 568706 595325
#pred catch bio
 93694.1 90948.9 147545 209556 238889 277681 321206 301408 284341 272277 281740 268703 271730 243570 215605 220484 172740 160755 139840 134603 125918 132624 121825 107094 109316 101791 94322.1 98732.8 106243 94356.8 88042.3 106560 106667 91047.8 90332.4 87319.8 92032.1 91429.6 88710.4 80827.6 82826.4 82340.4 85067.1 90840.1 89294.9 91636.7 96110.4 87754.8 94199.4 96197.8 89718.2 121298 135387 98535.2 121481 87554.3 94446.9 94573.7 98699.6 62168.5 73484.2 69582.3 88484.7 82451.1 89494.9 90540.1 97418.5 108030 111008 114585 118474 122013 124908 127121 128736 129874 130655 131180 131527 131754 131900 131994 132054 132092 132116 132131 132141 132147 132150 132153 132154 132155 132156 132156 132156 132156 132156 132156 132156 132156 132156 132156 132156 132156 132156 132156 132156 132156 132156 132156 132156 132156 132156 132156 132156 132156 132156 132156 132156 132156 132156 132156 132156 132156 132156 132156 132156 132156 132156 132156 132156 132156 132156 132156 132156 132156 132156 132156 132156 132156 132156 132156 132156 132156 132156 132156 132156 132156 132156 132156 132156 132156 132156 132156 132156 132156 132156 132156 132156 132156 132156 132156 132156 132156 132156 132156 0 0 0 0 0 0 0 0 0 0 0 0 0 0 0 0 0 0 0 0 0 0 0 0 0
#obs catch bio
 0 90711.9 148193 211231 240719 280326 325570 306743 289877 277106 288127 273757 278813 249913 220491 225717 174626 163057 141627 135849 127174 134658 123200 108058 110303 102580 95402.9 99630.3 107811 95531.9 88675.8 107939 108010 91970.3 91104.6 87711.9 92277.2 91454.7 88084.3 80588.2 82599.1 81989.6 84974.2 90391.5 88891.3 91147.6 95969.2 87429.6 94118.2 96568.6 89188.3 119946 134909 97118.6 120917 86291.7 93404.7 92897.8 98459 61630.7 73483.7 69084 88433.3 82231.7 89509.7 90508.6
#pred cpue bio
 4.48857e+06 4.22755e+06 3.98329e+06 3.70007e+06 3.37935e+06 3.05956e+06 2.73168e+06 2.39064e+06 2.10311e+06 1.86173e+06 1.65588e+06 1.45654e+06 1.28387e+06 1.11583e+06 983388 883520 775288 716720 668219 640240 615191 597301 568323 547690 541323 530503 527147 532784 533661 525140 529517 540674 528386 511929 509427 503665 498449 489130 484281 485118 496613 507118 519138 528995 532647 538504 542550 542352 553092 557879 560837 570531 540919 490787 481353 444159 443522 433951 423384 408742 440373 463955 494963 507134 531586 555904 2.05255e+07 1.27702e+07 1.32212e+07 1.37521e+07 1.43265e+07 1.48588e+07 1.53088e+07 1.5669e+07 1.59472e+07 1.61574e+07 1.63139e+07 1.64296e+07 1.65148e+07 1.65776e+07 1.66239e+07 1.66583e+07 1.66839e+07 1.67031e+07 1.67175e+07 1.67284e+07 1.67367e+07 1.6743e+07 1.67478e+07 1.67515e+07 1.67543e+07 1.67564e+07 1.67581e+07 1.67594e+07 1.67604e+07 1.67611e+07 1.67617e+07 1.67622e+07 1.67625e+07 1.67628e+07 1.6763e+07 1.67631e+07 1.67633e+07 1.67634e+07 1.67634e+07 1.67635e+07 1.67635e+07 1.67636e+07 1.67636e+07 1.67636e+07 1.67636e+07 1.67637e+07 1.67637e+07 1.67637e+07 1.67637e+07 1.67637e+07 1.67637e+07 1.67637e+07 1.67637e+07 1.67637e+07 1.67637e+07 1.67637e+07 1.67637e+07 1.67637e+07 1.67637e+07 1.67637e+07 1.67637e+07 1.67637e+07 1.67637e+07 1.67637e+07 1.67637e+07 1.67637e+07 1.67637e+07 1.67637e+07 1.67637e+07 1.67637e+07 1.67637e+07 1.67637e+07 1.67637e+07 1.67637e+07 1.67637e+07 1.67637e+07 1.67637e+07 1.67637e+07 1.67637e+07 1.67637e+07 1.67637e+07 1.67637e+07 1.67637e+07 1.67637e+07 1.67637e+07 1.67637e+07 1.67637e+07 1.67637e+07 1.67637e+07 1.67637e+07 1.67637e+07 1.67637e+07 1.67637e+07 1.67637e+07 1.67637e+07 1.67637e+07 1.67637e+07 1.67637e+07 1.67637e+07 1.67637e+07 0 0 0 0 0 0 0 0 0 0 0 0 0 0 0 0 0 0 0 0 0 0 0 0 0
#obs cpue bio
 4.81792e+06 2.66284e+06 3.2702e+06 3.25222e+06 3.65353e+06 2.38393e+06 2.20132e+06 1.7572e+06 2.27378e+06 1.77086e+06 1.32779e+06 1.856e+06 1.03339e+06 1.10416e+06 907083 830556 739244 546193 568800 672758 466394 506608 671965 600582 539468 536953 400674 448740 534572 440228 657623 611180 496410 436810 562476 592990 576404 439929 637648 432921 503000 507805 565848 821831 585006 568099 525818 510900 554190 561720 679289 781151 388797 837029 433498 560287 492887 621276 279582 471778 402358 497798 434747 547346 480298 541342
#pred surv len freq
 0.00461931 0.00748552 0.0112447 0.0158856 0.0213235 0.0273311 0.033498 0.0393149 0.0443523 0.048396 0.051451 0.0536573 0.0552018 0.0562575 0.0569407 0.0572862 0.0572494 0.0567259 0.055562 0.0535431 0.0503878 0.0458153 0.039715 0.0323472 0.0244088
 0.00497541 0.00797715 0.0118277 0.0164764 0.0218376 0.0277348 0.0338364 0.0396864 0.044837 0.0489824 0.0520119 0.0539952 0.0551385 0.0557189 0.0559964 0.0561299 0.0561313 0.0558641 0.0550667 0.0533853 0.0504299 0.045887 0.039694 0.0322004 0.0241793
 0.00508795 0.008209 0.0122606 0.0171996 0.0229067 0.0291197 0.0353945 0.0411965 0.046088 0.049861 0.0525241 0.054207 0.0550895 0.0553826 0.0553164 0.0550966 0.0548341 0.0544786 0.053785 0.0523353 0.0496342 0.0452827 0.0391935 0.0317479 0.0237691
 0.00524046 0.00844355 0.012594 0.0176526 0.0235159 0.0299446 0.0365035 0.042625 0.0477854 0.0516646 0.0541924 0.0555022 0.0558575 0.0555774 0.0549667 0.0542618 0.0535922 0.0529428 0.0521099 0.050688 0.0481453 0.0440154 0.038152 0.0309106 0.0231162
 0.00546407 0.00879939 0.0131145 0.0183615 0.0244235 0.0310434 0.037768 0.0440186 0.0492723 0.0532099 0.0557421 0.0569549 0.0570575 0.0563484 0.0551683 0.0538323 0.0525584 0.0514048 0.0502209 0.0486318 0.046107 0.0421488 0.0365577 0.0296338 0.0221582
 0.00569173 0.00916696 0.0136633 0.0191289 0.0254369 0.0323097 0.0392612 0.0456749 0.050998 0.0549029 0.0573122 0.0583314 0.0581782 0.0571391 0.0555331 0.0536691 0.0517966 0.0500429 0.0483443 0.0464042 0.0437398 0.0398589 0.0345258 0.0279756 0.0209144
 0.00597214 0.00961302 0.0143171 0.0200252 0.0265993 0.0337441 0.0409449 0.0475486 0.0529667 0.0568466 0.0591039 0.0598553 0.059344 0.0578844 0.0558126 0.0534399 0.0510146 0.0486821 0.0464308 0.0440449 0.0411236 0.0372258 0.0321128 0.0259616 0.019386
 0.00631237 0.0101582 0.015123 0.0211386 0.0280503 0.035533 0.0430281 0.0498323 0.0553169 0.0591113 0.0611352 0.0615256 0.0605541 0.0585673 0.055932 0.0529811 0.0499737 0.0470644 0.0442677 0.0414227 0.0382065 0.0342484 0.0293358 0.0236056 0.0175757
 0.00660844 0.0106344 0.0158308 0.0221246 0.0293503 0.037161 0.0449619 0.0520036 0.0576134 0.0613907 0.0632447 0.0633205 0.0619128 0.0594009 0.0561863 0.0526315 0.0490178 0.045518 0.0421717 0.0388627 0.0353343 0.0312839 0.0265345 0.0211976 0.0157039
 0.00686533 0.0110477 0.0164455 0.0229817 0.030482 0.0385818 0.0466569 0.0539205 0.0596647 0.0634634 0.065213 0.0650567 0.0632979 0.0603341 0.056592 0.0524627 0.0482545 0.0441671 0.0402714 0.0364964 0.032646 0.0284805 0.0238595 0.0188759 0.0138827
 0.00708553 0.0114043 0.0169804 0.0237343 0.0314837 0.0398465 0.0481696 0.0556308 0.0614905 0.0653032 0.0669589 0.0666045 0.0645521 0.0612115 0.0570238 0.0523963 0.0476561 0.0430265 0.0386116 0.0343871 0.030217 0.0259222 0.0213979 0.0167233 0.0121823
 0.00737838 0.0118685 0.0176573 0.0246557 0.0326677 0.0412908 0.0498414 0.0574607 0.0633769 0.0671265 0.0685998 0.0679593 0.0655424 0.0617864 0.057155 0.0520699 0.0468664 0.0417764 0.0369228 0.032318 0.0278792 0.0234838 0.0190624 0.0146839 0.0105704
 0.00759728 0.0122319 0.0182179 0.0254666 0.0337708 0.0426985 0.0515189 0.0593205 0.0652914 0.0689536 0.0702075 0.0692414 0.0664251 0.062229 0.0571458 0.0516177 0.0459909 0.040503 0.0352861 0.0303753 0.0257274 0.0212659 0.0169517 0.0128464 0.00911934
 0.00784201 0.0126294 0.0188161 0.0263118 0.0349013 0.0441316 0.0532349 0.0612495 0.0673135 0.0709127 0.0719361 0.0705894 0.0672857 0.0625521 0.0569358 0.0509184 0.044865 0.0390173 0.0335073 0.0283776 0.0236061 0.0191455 0.0149766 0.0111512 0.00779291
 0.0079861 0.0128703 0.0191917 0.0268633 0.0356671 0.0451365 0.054477 0.0626923 0.0688859 0.0725158 0.0734528 0.0718956 0.0682649 0.0631128 0.0570268 0.0505346 0.0440422 0.037819 0.0320124 0.0266752 0.0217978 0.0173478 0.0133132 0.00973198 0.00668722
 0.00801027 0.012922 0.0192936 0.0270471 0.0359699 0.0455934 0.0551115 0.0635088 0.0698649 0.073613 0.0746005 0.0730076 0.0692452 0.0638666 0.0574731 0.0506182 0.0437426 0.037153 0.0310311 0.025457 0.0204419 0.0159664 0.0120196 0.00862222 0.00582067
 0.00829344 0.0133502 0.0198788 0.027781 0.036829 0.0465475 0.0561274 0.0645483 0.0708815 0.0745525 0.0754063 0.073629 0.0696433 0.0640172 0.0573641 0.0502463 0.0431125 0.036281 0.029951 0.0242244 0.0191342 0.0146757 0.0108394 0.00762893 0.00505701
 0.00839426 0.0135079 0.0201037 0.0280767 0.0371901 0.0469577 0.0565606 0.0649751 0.0712807 0.0749201 0.0757551 0.0739746 0.0699869 0.0643356 0.0576129 0.0503724 0.0430688 0.036038 0.0295039 0.0235976 0.0183803 0.0138692 0.0100618 0.00695158 0.00452455
 0.00847959 0.0136431 0.0203004 0.028343 0.0375284 0.0473617 0.057012 0.0654419 0.071722 0.0752959 0.0760381 0.0741583 0.0700849 0.0643711 0.0576034 0.0503181 0.0429513 0.035829 0.0291808 0.0231567 0.0178441 0.0132839 0.00948718 0.00644374 0.00412128
 0.00855894 0.0137511 0.0204249 0.0284609 0.0376144 0.0474009 0.0570089 0.0654203 0.0717145 0.0753304 0.0761269 0.0742964 0.0702557 0.0645542 0.0577804 0.0504723 0.043064 0.0358778 0.0291429 0.0230182 0.017609 0.0129784 0.00915331 0.00612739 0.00385796
 0.00860589 0.0138322 0.020554 0.0286499 0.0378657 0.0476983 0.0573137 0.0656797 0.0718811 0.0753832 0.0760804 0.0741907 0.0701362 0.0644533 0.0577104 0.0504283 0.0430307 0.0358352 0.0290707 0.0229001 0.0174393 0.0127659 0.008921 0.00590438 0.00366946
 0.00850496 0.0136898 0.0203805 0.0284706 0.0377157 0.0476128 0.0573179 0.0657802 0.0720622 0.0756094 0.0763066 0.0743787 0.0702683 0.0645356 0.0577636 0.0504727 0.0430756 0.0358761 0.0290938 0.0228904 0.0173875 0.0126737 0.0088013 0.00577732 0.00355473
 0.00859965 0.0138226 0.0205423 0.0286419 0.0378756 0.047751 0.0574418 0.0659109 0.0722202 0.0757977 0.0765033 0.0745427 0.0703567 0.0645221 0.0576489 0.0502824 0.0428471 0.0356434 0.0288773 0.0226958 0.0172116 0.0125121 0.00865399 0.00564872 0.00345064
 0.00869052 0.0139588 0.0207247 0.0288611 0.0381113 0.0479741 0.057619 0.0660142 0.0722382 0.0757444 0.0764138 0.0744567 0.0702978 0.0644882 0.0576184 0.0502308 0.0427617 0.0355276 0.0287445 0.0225602 0.0170825 0.012394 0.00854899 0.00555923 0.00337922
 0.00871339 0.0139863 0.0207483 0.028867 0.0380839 0.047902 0.0574999 0.0658557 0.0720563 0.0755602 0.0762522 0.0743446 0.0702593 0.064536 0.0577461 0.0504121 0.0429593 0.0357066 0.0288829 0.0226512 0.0171307 0.012409 0.00854161 0.00553956 0.00335572
 0.00889668 0.0142547 0.0210965 0.0292693 0.038499 0.0482824 0.057801 0.0660419 0.0721054 0.0754681 0.0760348 0.0740358 0.0699042 0.064182 0.0574331 0.0501648 0.042783 0.0355899 0.0288056 0.0225938 0.0170802 0.0123605 0.00849566 0.0054989 0.0033228
 0.00887348 0.0142405 0.0211174 0.0293602 0.0386901 0.0485796 0.0581725 0.0664217 0.0724155 0.0756472 0.0760577 0.0739153 0.0696793 0.0639021 0.0571453 0.0499059 0.0425755 0.0354404 0.0287076 0.0225327 0.0170405 0.0123306 0.00846974 0.0054757 0.00330325
 0.0088189 0.0141441 0.0209605 0.0291267 0.038378 0.0482136 0.0578095 0.0661382 0.0722781 0.0756819 0.0762383 0.0741788 0.0699571 0.0641463 0.0573385 0.0500543 0.0426957 0.0355475 0.028809 0.0226279 0.017124 0.0123966 0.0085158 0.00550342 0.00331716
 0.00877228 0.0140796 0.0208831 0.0290455 0.0382995 0.0481361 0.0577212 0.0660261 0.0721427 0.0755462 0.0761421 0.074158 0.0700227 0.0642784 0.0574986 0.0502062 0.0428196 0.0356415 0.0288811 0.0226868 0.0171741 0.012438 0.00854713 0.00552428 0.00332903
 0.00870963 0.0139968 0.020794 0.0289755 0.0382795 0.048191 0.0578589 0.0662313 0.0723785 0.0757643 0.0762983 0.0742283 0.0700107 0.0642091 0.0574028 0.050106 0.0427244 0.0355533 0.0288011 0.0226179 0.0171196 0.0123989 0.00852153 0.00550865 0.00331982
 0.00862849 0.0138531 0.0205578 0.0286172 0.0377831 0.0475727 0.0571792 0.0655892 0.0718836 0.0754997 0.0762936 0.0744562 0.0704055 0.0646939 0.0579117 0.0505941 0.0431659 0.0359352 0.0291178 0.0228694 0.0173105 0.0125373 0.00861689 0.00557067 0.00335744
 0.00839712 0.0135082 0.0200958 0.0280516 0.0371369 0.0468678 0.0564343 0.0648296 0.0711572 0.074884 0.0758837 0.0743347 0.0706088 0.0651957 0.0586322 0.0514283 0.0440143 0.036723 0.0298003 0.0234272 0.0177425 0.0128542 0.00883616 0.005713 0.00344347
 0.00829388 0.0133571 0.0199 0.0278264 0.0369071 0.0466607 0.0562716 0.0647187 0.071086 0.0748235 0.0758027 0.074221 0.0704835 0.0651073 0.0586318 0.0515429 0.0442345 0.0370113 0.030109 0.0237157 0.0179854 0.0130416 0.00896979 0.00580119 0.00349725
 0.00816039 0.0131577 0.0196332 0.0275042 0.0365536 0.0463087 0.0559586 0.0644819 0.0709537 0.0748052 0.0758827 0.0743622 0.0706429 0.0652549 0.0587634 0.0516765 0.0443949 0.037211 0.0303406 0.0239563 0.0182083 0.0132269 0.00910916 0.00589654 0.00355672
 0.00807029 0.0129882 0.0193373 0.0270288 0.0358577 0.0453909 0.0548788 0.0633615 0.0699477 0.0740591 0.0754937 0.0743596 0.0709895 0.0658656 0.0595331 0.0525083 0.0452177 0.0379823 0.0310376 0.0245645 0.0187162 0.0136276 0.00940417 0.00609739 0.0036823
 0.00870628 0.0138753 0.0203989 0.0280961 0.0367108 0.0458281 0.0547796 0.0627166 0.0688533 0.0726889 0.0740613 0.0730734 0.0700078 0.0652666 0.0593101 0.052591 0.0455067 0.0383811 0.0314704 0.0249803 0.019084 0.0139303 0.00963545 0.00626029 0.00378727
 0.00920617 0.0146823 0.0215931 0.0297227 0.0387401 0.0481106 0.0570252 0.0645373 0.0698769 0.0726964 0.073069 0.0713165 0.0678441 0.0630579 0.0573337 0.0510015 0.0443429 0.0376004 0.0309906 0.0247131 0.0189542 0.0138818 0.00962943 0.00627191 0.00380242
 0.00901429 0.0144837 0.0215052 0.0299279 0.0394407 0.049451 0.0590141 0.0670052 0.07249 0.0750244 0.0746919 0.0719435 0.0674018 0.0617068 0.055401 0.0488646 0.0423197 0.0358887 0.0296649 0.0237577 0.0183066 0.0134664 0.00937726 0.00612759 0.00372509
 0.00890396 0.014285 0.021179 0.0294484 0.0388307 0.04882 0.0585711 0.0670124 0.073158 0.0763939 0.0765741 0.073961 0.069117 0.0627738 0.0556734 0.0484167 0.0413836 0.0347496 0.0285644 0.0228432 0.0176294 0.0130107 0.00909523 0.00596609 0.00363939
 0.0088921 0.0142553 0.021113 0.0293176 0.0385987 0.0484533 0.0580599 0.0663999 0.0725628 0.0760017 0.0765811 0.0744818 0.0701055 0.0640138 0.0568564 0.0492672 0.041763 0.0346841 0.0281985 0.0223562 0.017165 0.0126464 0.00884839 0.00581824 0.0035601
 0.00880133 0.0141133 0.0209091 0.0290445 0.0382518 0.0480304 0.057563 0.0658399 0.0719674 0.0754269 0.0761191 0.0742525 0.0702209 0.0645224 0.0576979 0.0502741 0.0427199 0.0354144 0.0286259 0.0225114 0.0171425 0.0125479 0.00874524 0.00574256 0.0035158
 0.00882068 0.0141288 0.0209031 0.028991 0.0381231 0.0478079 0.0572457 0.0654455 0.0715262 0.0749736 0.0756909 0.0738943 0.0699904 0.0644835 0.0578965 0.0507061 0.043314 0.0360489 0.0291763 0.0228986 0.0173546 0.0126253 0.00874696 0.0057173 0.00349067
 0.00873285 0.0140069 0.0207572 0.0288404 0.0379872 0.0476931 0.0571383 0.0653168 0.0713483 0.0747369 0.0754115 0.07361 0.0697493 0.0643341 0.0578806 0.0508491 0.043612 0.0364598 0.0296265 0.0233083 0.0176672 0.0128241 0.00885001 0.00575839 0.00350102
 0.00870211 0.0139505 0.0206617 0.0286929 0.0377824 0.047442 0.0568714 0.0650758 0.0711682 0.0746283 0.0753575 0.0735794 0.0697189 0.0643035 0.057872 0.050896 0.0437414 0.0366775 0.0299101 0.0236137 0.0179452 0.0130398 0.00899263 0.00583833 0.0035386
 0.00874698 0.0140184 0.0207535 0.0288038 0.0379008 0.0475492 0.0569442 0.0650932 0.0711204 0.0745221 0.0752134 0.0734207 0.0695604 0.0641499 0.057726 0.0507676 0.0436499 0.036643 0.0299415 0.0237007 0.0180619 0.0131557 0.00908521 0.0058994 0.00357194
 0.0087769 0.0140631 0.0208134 0.0288767 0.0379818 0.0476317 0.0570195 0.0651507 0.0711475 0.0745079 0.075153 0.0733188 0.069431 0.0640112 0.0575941 0.0506539 0.0435626 0.0365898 0.0299285 0.0237279 0.0181199 0.0132277 0.00915367 0.00595252 0.00360634
 0.0087753 0.0140675 0.0208329 0.0289231 0.038066 0.0477576 0.0571795 0.065325 0.0713097 0.0746318 0.0752188 0.0733169 0.0693626 0.0638876 0.0574342 0.0504802 0.0433966 0.0364488 0.0298237 0.0236641 0.0180943 0.0132309 0.00917264 0.00597522 0.00362511
 0.00881957 0.0141346 0.020925 0.0290403 0.0382076 0.0479235 0.0573698 0.0655367 0.0715316 0.0748422 0.0753878 0.073414 0.0693668 0.0637942 0.0572559 0.050243 0.0431329 0.0361899 0.029595 0.0234813 0.017963 0.0131473 0.00912653 0.005954 0.00361753
 0.00877208 0.01406 0.0208178 0.0288977 0.0380308 0.0477201 0.0571556 0.0653367 0.0713772 0.0747641 0.0754063 0.0735306 0.0695611 0.0640291 0.0574895 0.0504414 0.0432785 0.0362828 0.0296471 0.0235092 0.0179809 0.0131637 0.00914407 0.0059714 0.0036324
 0.00855971 0.0137632 0.0204606 0.0285318 0.0377198 0.0475148 0.0570751 0.065366 0.071481 0.0749064 0.0755641 0.0736964 0.0697369 0.0642166 0.057683 0.0506269 0.0434392 0.0364063 0.0297305 0.0235588 0.0180078 0.0131789 0.00915483 0.00598074 0.0036406
 0.00838904 0.0134898 0.0200599 0.0279917 0.0370533 0.046772 0.0563481 0.0647726 0.0711275 0.0748469 0.0757813 0.074117 0.0702676 0.0647781 0.0582242 0.0511214 0.043874 0.0367738 0.0300272 0.0237859 0.0181728 0.0132933 0.00923122 0.00603007 0.0036713
 0.00838268 0.0134478 0.0199379 0.0277294 0.0365895 0.0460718 0.0554287 0.0637161 0.0700711 0.0739525 0.0751944 0.073926 0.0704802 0.0653247 0.0589882 0.0519783 0.0447217 0.0375447 0.0306847 0.0243168 0.0185794 0.0135884 0.00943363 0.00616083 0.0037505
 0.00864561 0.0138725 0.0205676 0.0285907 0.0376728 0.0473079 0.0566759 0.0647769 0.0707462 0.07411 0.0748184 0.0731188 0.0694197 0.064202 0.0579536 0.0511146 0.0440485 0.0370407 0.0303136 0.0240443 0.0183798 0.0134443 0.00933282 0.00609391 0.00370908
 0.00894289 0.0143608 0.0213114 0.0296512 0.0390926 0.0490852 0.0587349 0.0669514 0.0727902 0.075741 0.0757819 0.0732567 0.0687189 0.0627999 0.0560945 0.0490758 0.0420686 0.0352788 0.0288451 0.0228817 0.0174992 0.0128056 0.00889177 0.00580634 0.00353386
 0.00864767 0.013931 0.0207605 0.0290318 0.0384925 0.0486148 0.0585107 0.0670752 0.073321 0.0766627 0.0769851 0.0745499 0.0698752 0.0636236 0.0564801 0.0490325 0.0417001 0.0347332 0.0282609 0.0223543 0.0170745 0.0124916 0.00867532 0.00566656 0.00344949
 0.00890381 0.0142952 0.0212133 0.0295261 0.0389721 0.049042 0.0588859 0.0674342 0.0737125 0.0771193 0.0775012 0.0750756 0.0703245 0.0638945 0.0564829 0.0487207 0.0410921 0.0339108 0.0273449 0.0214663 0.0163052 0.0118869 0.0082397 0.0053776 0.00327281
 0.00891425 0.0142973 0.0211874 0.029441 0.0387887 0.0487235 0.0584141 0.0668283 0.0730441 0.0765108 0.0770998 0.075005 0.070634 0.0645328 0.0573125 0.0495651 0.0417939 0.0343765 0.0275598 0.0214797 0.016197 0.0117339 0.00809505 0.00526643 0.00319911
 0.00927137 0.0148184 0.0218602 0.0302125 0.0395752 0.04943 0.0589508 0.0671212 0.073044 0.0762074 0.0765364 0.0742815 0.0698876 0.0638986 0.0568774 0.0493405 0.0417211 0.0343623 0.0275214 0.0213757 0.016032 0.0115414 0.00791334 0.00512116 0.00309835
 0.00951941 0.0152256 0.0224766 0.031077 0.0406954 0.0507561 0.0603586 0.0684235 0.0740359 0.0767283 0.0765158 0.0737511 0.0689633 0.0627454 0.0556707 0.0482268 0.040789 0.0336331 0.0269647 0.0209404 0.0156758 0.0112439 0.00767192 0.00493868 0.00297298
 0.00970592 0.0155297 0.0229367 0.0317309 0.0415745 0.0518727 0.0616874 0.0698845 0.0754895 0.0779896 0.0773917 0.0740913 0.0687065 0.0619406 0.0544619 0.0468089 0.0393541 0.0323271 0.025867 0.0200695 0.015011 0.0107499 0.00731521 0.00469176 0.00281229
 0.00920737 0.0147732 0.0219017 0.0304421 0.0401049 0.050342 0.0602592 0.0687525 0.0748424 0.0779591 0.0780035 0.0752457 0.0702006 0.0635259 0.0559152 0.047988 0.0402156 0.0329061 0.026236 0.0203001 0.0151544 0.0108361 0.00736157 0.00471109 0.00281584
 0.00926272 0.0147971 0.0218172 0.0301422 0.039486 0.0493568 0.0589592 0.0672945 0.0734515 0.0768664 0.0773887 0.0751988 0.0707072 0.0644736 0.0571224 0.0492515 0.0413637 0.0338354 0.0269187 0.0207637 0.0154506 0.0110163 0.00746579 0.00476719 0.0028429
 0.00945039 0.0150647 0.0221462 0.0304798 0.0397451 0.0494256 0.0587223 0.0666686 0.0724295 0.0755514 0.075989 0.0739749 0.0698901 0.0641928 0.057375 0.0499196 0.0422644 0.0347816 0.0277674 0.0214385 0.0159366 0.0113383 0.00766391 0.00488083 0.00290341
 0.00980031 0.0156115 0.0229251 0.0315009 0.0409822 0.0508019 0.0600994 0.067852 0.073203 0.075736 0.0755053 0.0728816 0.0683784 0.0625356 0.0558461 0.0487158 0.0414634 0.0343483 0.027598 0.021415 0.015967 0.0113707 0.00768072 0.00488328 0.0028985
 0.0097786 0.0156091 0.0229827 0.0316773 0.0413397 0.051382 0.0608984 0.0688075 0.0741979 0.0766168 0.0761118 0.0730847 0.0681205 0.0618573 0.0548832 0.0476599 0.0405005 0.0336027 0.0271081 0.0211463 0.0158486 0.0113325 0.00767377 0.00488303 0.00289711
 0.00936949 0.0150315 0.0222774 0.0309425 0.0407109 0.0509945 0.0608518 0.0691448 0.0748977 0.0775937 0.0772251 0.0741605 0.0689873 0.0623887 0.0550316 0.0474685 0.0400845 0.0331067 0.0266566 0.0208106 0.0156415 0.0112275 0.00763139 0.00487041 0.00289481
#obs surv len freq
 nan nan nan nan nan nan nan nan nan nan nan nan nan nan nan nan nan nan nan nan nan nan nan nan nan
 0.00448273 0.00734318 0.0111723 0.0159881 0.0216886 0.0279643 0.0342787 0.0400106 0.0446908 0.0481553 0.0505139 0.0520105 0.0529034 0.0534164 0.0537312 0.0539865 0.0542653 0.0545582 0.0546971 0.054289 0.052727 0.049359 0.0438085 0.0362881 0.0276713
 0.00461663 0.00756196 0.0115033 0.0164563 0.0223109 0.0287397 0.0351793 0.0409786 0.0456467 0.0490132 0.0511977 0.0524651 0.0531008 0.0533553 0.0534334 0.053489 0.0536113 0.0537903 0.0538542 0.053408 0.0518465 0.048522 0.0430596 0.0356651 0.0271952
 0.00477249 0.00781892 0.0118966 0.0170211 0.0230748 0.0297117 0.0363378 0.042266 0.0469758 0.0502816 0.0523036 0.0533197 0.0536369 0.0535343 0.0532475 0.0529601 0.0527843 0.052724 0.0526145 0.0520649 0.0504748 0.0472017 0.0418701 0.0346721 0.0264348
 0.00496886 0.00813801 0.0123768 0.0176985 0.0239771 0.0308484 0.0376884 0.0437749 0.0485573 0.0518327 0.0537174 0.0544955 0.0544867 0.0539892 0.0532646 0.0525268 0.0519204 0.0514797 0.0510654 0.0503085 0.0486264 0.0453886 0.0402181 0.0332837 0.0253678
 0.00517669 0.00848046 0.0129006 0.0184497 0.0249921 0.0321389 0.0392275 0.0454928 0.0503523 0.0535911 0.0553309 0.055868 0.0555349 0.0546412 0.0534615 0.0522285 0.0511131 0.0501839 0.049342 0.0482609 0.0463983 0.0431514 0.0381476 0.0315265 0.0240091
 0.00540722 0.00885424 0.0134617 0.0192395 0.0260428 0.0334629 0.0408048 0.0472643 0.0522252 0.0554539 0.0570696 0.0573779 0.0567257 0.0554381 0.053803 0.0520656 0.0504129 0.0489396 0.0475881 0.0460868 0.0439537 0.0406356 0.035777 0.0294892 0.0224205
 0.00563788 0.00923648 0.0140501 0.0200887 0.0271959 0.0349331 0.0425586 0.0492178 0.0542593 0.05744 0.0588909 0.0589379 0.0579468 0.056256 0.0541632 0.0519208 0.0497253 0.0476893 0.0457897 0.0438112 0.0413436 0.0379007 0.0331612 0.0272144 0.0206311
 0.00590398 0.0096689 0.0147009 0.0210072 0.0284201 0.0364764 0.0443937 0.0512691 0.0564102 0.0595526 0.0608284 0.0605824 0.0592075 0.0570699 0.0544881 0.0517261 0.0489856 0.0463879 0.0439347 0.0414605 0.0386284 0.0350288 0.0303871 0.0247801 0.0187014
 0.0061298 0.0100429 0.0152767 0.0218387 0.0295511 0.0379237 0.0461304 0.0532194 0.0584619 0.0615793 0.0627088 0.0622094 0.0604912 0.0579378 0.0548854 0.0516134 0.0483358 0.0451864 0.0421889 0.0392218 0.0360158 0.0322378 0.0276655 0.022371 0.016777
 0.00637024 0.0104349 0.0158688 0.0226777 0.0306737 0.0393429 0.0478215 0.0551131 0.0604519 0.0635412 0.06452 0.0637629 0.0617016 0.0587413 0.0552359 0.0514777 0.0476895 0.0440157 0.040501 0.0370641 0.0334984 0.0295434 0.025029 0.0200272 0.0148962
 0.00662375 0.0108498 0.016498 0.0235711 0.0318677 0.0408437 0.0495894 0.0570585 0.0624505 0.0654593 0.0662377 0.0651852 0.062759 0.0593865 0.0554384 0.0512183 0.0469561 0.0428031 0.0388199 0.0349594 0.0310713 0.0269613 0.0225087 0.017787 0.0130964
 0.00685477 0.01123 0.0170786 0.0244025 0.0329889 0.0422663 0.0512803 0.0589347 0.0643898 0.0673244 0.0679003 0.0665415 0.0637366 0.0599426 0.0555539 0.0508892 0.0461854 0.0415986 0.0372005 0.032971 0.0288068 0.0245707 0.0201854 0.0157261 0.0114414
 0.00708078 0.0115996 0.0176389 0.0251985 0.0340547 0.0436107 0.0528724 0.060698 0.0662121 0.0690782 0.0694634 0.0678115 0.0646377 0.0604282 0.0556047 0.0505068 0.0453845 0.0404014 0.0356384 0.0310962 0.026708 0.0223821 0.0180762 0.0138652 0.00995179
 0.00727199 0.0119167 0.0181275 0.0259044 0.0350138 0.0448339 0.05433 0.0623155 0.0678814 0.0706796 0.0708853 0.0689625 0.0654505 0.0608596 0.055634 0.0501331 0.0446222 0.039277 0.0341903 0.0293816 0.024813 0.0204282 0.0162099 0.0122295 0.00864844
 0.00746349 0.0122288 0.0185986 0.0265708 0.0359026 0.0459518 0.0556512 0.0637765 0.0693883 0.0721241 0.072163 0.0699857 0.0661552 0.0612077 0.0556109 0.0497428 0.0438827 0.0382169 0.0328504 0.0278196 0.0231111 0.0186954 0.0145727 0.0108071 0.00752276
 0.00751843 0.0123259 0.01876 0.0268233 0.0362745 0.0464657 0.0563161 0.064583 0.0703074 0.0731102 0.0731569 0.0709185 0.0669543 0.0618048 0.0559502 0.0497872 0.0436163 0.0376449 0.0319988 0.0267369 0.0218709 0.0173949 0.0133222 0.0097096 0.00664897
 0.00760728 0.0124573 0.0189342 0.0270346 0.0365157 0.046735 0.0566216 0.0649401 0.070732 0.0736094 0.0737223 0.0715231 0.0675546 0.062345 0.0563696 0.0500285 0.0436342 0.0374135 0.0315173 0.026033 0.0210014 0.0164422 0.0123819 0.00887119 0.00597513
 0.00768169 0.0125738 0.0191003 0.0272525 0.0367799 0.0470306 0.0569248 0.0652244 0.070979 0.0738188 0.0739131 0.0717241 0.0677866 0.0626072 0.0566348 0.0502489 0.0437533 0.0373808 0.031301 0.0256301 0.0204419 0.0157856 0.0117058 0.00825202 0.00546896
 0.00771429 0.0126248 0.0191736 0.0273502 0.0369027 0.0471767 0.0570891 0.0653975 0.0711482 0.0739719 0.0740436 0.0718357 0.0678931 0.0627258 0.0567745 0.0504003 0.0438861 0.0374508 0.0312646 0.0254602 0.0201399 0.0153842 0.0112603 0.00782393 0.00510778
 0.00778635 0.0127313 0.0193141 0.0275175 0.0370846 0.04736 0.0572622 0.0655516 0.0712768 0.0740707 0.0741106 0.0718718 0.0679036 0.0627202 0.0567653 0.0503966 0.043887 0.0374404 0.0312158 0.0253455 0.0199454 0.0151189 0.0109553 0.00752171 0.00484644
 0.00782921 0.0128008 0.0194178 0.0276606 0.037267 0.0475729 0.0574862 0.0657596 0.0714418 0.0741753 0.0741521 0.0718601 0.0678549 0.062651 0.0566889 0.0503225 0.0438193 0.0373759 0.0311427 0.025247 0.0198078 0.0149402 0.0107495 0.00731398 0.004663
 0.00786205 0.0128512 0.0194882 0.0277517 0.0373782 0.0477029 0.0576321 0.0659148 0.0715953 0.0743111 0.0742534 0.0719143 0.0678581 0.0626095 0.0566159 0.0502331 0.0437258 0.0372844 0.031052 0.0251499 0.0196958 0.0148095 0.0106055 0.00717007 0.00453517
 0.00787379 0.0128666 0.0195045 0.0277645 0.0373829 0.0476972 0.0576183 0.0659004 0.0715905 0.0743257 0.0742921 0.0719745 0.06793 0.0626797 0.0566728 0.0502706 0.0437435 0.0372852 0.0310383 0.0251213 0.0196501 0.0147459 0.0105276 0.00708667 0.00445731
 0.00789025 0.01289 0.0195335 0.0277951 0.0374093 0.0477131 0.0576183 0.0658821 0.071556 0.0742823 0.0742515 0.0719492 0.0679286 0.0627035 0.0567152 0.0503203 0.0437894 0.0373192 0.0310564 0.0251221 0.0196336 0.0147135 0.0104829 0.00703609 0.00440844
 0.00789129 0.0128886 0.0195256 0.0277751 0.0373718 0.0476546 0.05754 0.06579 0.0714597 0.0741931 0.0741805 0.0719062 0.0679207 0.0627338 0.0567811 0.0504133 0.0438963 0.0374255 0.0311494 0.0251936 0.0196798 0.014735 0.0104837 0.00702279 0.00438851
 0.00787538 0.0128604 0.019479 0.0277032 0.0372684 0.0475179 0.0573746 0.0656082 0.0712796 0.0740351 0.0740628 0.071842 0.0679165 0.0627891 0.0568892 0.0505622 0.0440704 0.0376074 0.0313222 0.0253433 0.0197974 0.0148177 0.0105342 0.00704763 0.00439628
 0.00791147 0.0129111 0.0195402 0.0277655 0.0373187 0.0475426 0.0573628 0.0655543 0.0711844 0.0739064 0.0739151 0.0716942 0.0677887 0.0626977 0.0568444 0.0505663 0.0441181 0.0376871 0.031419 0.0254416 0.0198844 0.0148851 0.0105796 0.00707342 0.00440765
 0.00791677 0.012924 0.0195671 0.0278135 0.0373922 0.0476382 0.0574668 0.065644 0.0712355 0.0739017 0.0738511 0.0715813 0.0676472 0.0625519 0.0567166 0.0504729 0.044067 0.0376777 0.0314431 0.0254866 0.0199366 0.0149332 0.0106167 0.00709758 0.00442064
 0.00787258 0.012854 0.0194659 0.027679 0.0372283 0.0474572 0.0572896 0.0654964 0.0711398 0.0738674 0.0738716 0.0716385 0.0677209 0.0626282 0.0567915 0.0505499 0.0441523 0.0377753 0.0315519 0.0256003 0.0200457 0.0150283 0.0106914 0.00715024 0.00445371
 0.00784068 0.0127966 0.0193696 0.0275291 0.0370131 0.0471759 0.0569582 0.0651491 0.0708221 0.0736246 0.0737365 0.071623 0.0678149 0.0628052 0.0570184 0.0507972 0.0443998 0.0380121 0.0317728 0.0258014 0.0202221 0.015175 0.0108051 0.00723126 0.00450622
 0.00784994 0.0128067 0.0193752 0.0275208 0.0369783 0.0471007 0.0568317 0.0649669 0.0705915 0.0733671 0.0734858 0.0714179 0.0676882 0.062774 0.0570798 0.0509319 0.0445806 0.0382127 0.0319731 0.025988 0.0203868 0.0153125 0.0109127 0.00730923 0.00455789
 0.00780743 0.012743 0.0192891 0.0274143 0.0368553 0.046965 0.0566853 0.0648108 0.0704268 0.0731973 0.0733194 0.0712701 0.0675796 0.062726 0.0571076 0.0510383 0.0447541 0.0384309 0.0322094 0.0262184 0.0205935 0.0154849 0.0110465 0.00740549 0.00462158
 0.00778688 0.0127035 0.0192189 0.0273002 0.0366873 0.0467433 0.056425 0.0645399 0.0701778 0.072996 0.0731781 0.0711886 0.067552 0.0627479 0.0571791 0.0511617 0.0449286 0.038648 0.0324523 0.0264654 0.0208233 0.0156814 0.0112013 0.00751754 0.00469595
 0.00774209 0.0126348 0.0191228 0.027175 0.0365325 0.0465581 0.0562098 0.0642996 0.0699253 0.0727535 0.0729734 0.0710473 0.0674897 0.0627665 0.0572702 0.0513125 0.0451261 0.0388801 0.0327053 0.0267225 0.0210661 0.0158932 0.0113713 0.00764256 0.00477982
 0.0093253 0.0148466 0.0217832 0.0298942 0.038825 0.0480246 0.0566798 0.0638558 0.0688165 0.0712691 0.0713534 0.0694534 0.0660165 0.0614642 0.0561605 0.0503983 0.0443982 0.0383218 0.0322961 0.0264395 0.0208844 0.015787 0.0113163 0.00761845 0.00477181
 0.00932307 0.0151341 0.0227284 0.0319514 0.0423352 0.0529477 0.062425 0.0693791 0.0729923 0.073335 0.0711628 0.0674126 0.0628081 0.0577568 0.0524447 0.0469618 0.0413758 0.0357579 0.0301887 0.0247634 0.0196007 0.0148471 0.0106636 0.00719231 0.00451247
 0.00897275 0.0145854 0.0219631 0.0310226 0.0414205 0.0523822 0.0626607 0.0708228 0.0757607 0.0770747 0.0750952 0.0706305 0.0646539 0.0580498 0.0514486 0.0451692 0.0392768 0.0337077 0.028385 0.0232849 0.0184552 0.0140055 0.0100793 0.00681153 0.00428135
 0.00880891 0.014308 0.0215259 0.0303793 0.0405426 0.0512924 0.0614737 0.0697729 0.0751811 0.077304 0.0763243 0.0727593 0.0672613 0.0605317 0.0532621 0.0460403 0.0392538 0.0330597 0.0274407 0.02231 0.0176075 0.0133475 0.00961206 0.00650513 0.00409571
 0.00870416 0.0141368 0.0212657 0.0300065 0.0400346 0.0506337 0.0606676 0.0688575 0.0742478 0.076509 0.0758764 0.0728665 0.068038 0.0619094 0.0549709 0.0476953 0.0405109 0.0337463 0.0275878 0.0220859 0.0172137 0.0129409 0.0092781 0.00626905 0.00394744
 0.0086944 0.0141115 0.0212098 0.0298993 0.0398534 0.0503596 0.0602916 0.0683833 0.0736937 0.0759117 0.075301 0.0724137 0.0678348 0.0620699 0.055535 0.0485825 0.0415281 0.0346605 0.0282235 0.022387 0.0172377 0.0128031 0.00908906 0.00609982 0.003826
 0.00870303 0.014124 0.0212253 0.029914 0.0398588 0.050342 0.0602314 0.068259 0.0734876 0.0756185 0.074934 0.0720101 0.0674574 0.0618014 0.0554592 0.0487502 0.0419234 0.0351921 0.0287563 0.0227996 0.017471 0.0128702 0.00904862 0.00601694 0.0037459
 0.00868649 0.0141031 0.0212048 0.0299015 0.0398623 0.0503651 0.0602697 0.0682984 0.0735065 0.0755927 0.0748438 0.071848 0.0672349 0.0615535 0.0552409 0.0486231 0.0419328 0.0353432 0.029006 0.0230728 0.0176949 0.0130046 0.00909536 0.00600529 0.00371033
 0.00866552 0.014068 0.0211506 0.0298244 0.0397623 0.0502489 0.0601522 0.0681994 0.0734434 0.0755719 0.0748562 0.0718719 0.0672459 0.0615362 0.0551981 0.0485777 0.0419193 0.0353913 0.0291231 0.0232378 0.0178673 0.0131454 0.00918382 0.00604381 0.00371559
 0.00866109 0.0140605 0.0211385 0.0298057 0.0397345 0.0502092 0.0600988 0.0681336 0.0733712 0.0755035 0.0748033 0.071842 0.0672381 0.0615409 0.055203 0.0485766 0.0419174 0.0354033 0.0291638 0.0233109 0.0179613 0.0132391 0.00925791 0.0060896 0.00373606
 0.00864258 0.0140331 0.0211024 0.0297627 0.0396874 0.0501609 0.0600514 0.068088 0.0733276 0.0754628 0.0747675 0.0718151 0.0672247 0.0615435 0.0552203 0.0486037 0.0419495 0.0354394 0.0292072 0.0233655 0.018026 0.0133063 0.00931716 0.00613308 0.00376204
 0.0086431 0.0140312 0.0210945 0.0297442 0.0396545 0.0501128 0.0599917 0.0680247 0.0732697 0.075417 0.0747365 0.0717978 0.0672187 0.0615471 0.055233 0.0486251 0.0419786 0.0354747 0.0292476 0.0234106 0.0180748 0.0133556 0.00936195 0.00616856 0.00378604
 0.00862725 0.0140079 0.0210638 0.0297075 0.0396132 0.0500677 0.0599426 0.0679712 0.0732133 0.0753623 0.0746905 0.0717678 0.0672088 0.0615577 0.0552609 0.0486655 0.0420271 0.0355277 0.0293027 0.0234657 0.0181281 0.0134048 0.00940443 0.006202 0.00380951
 0.00862073 0.0139973 0.0210481 0.0296858 0.0395857 0.0500357 0.0599087 0.0679384 0.0731842 0.0753375 0.0746692 0.0717492 0.067194 0.0615493 0.0552619 0.0486776 0.0420498 0.0355589 0.0293394 0.0235052 0.0181677 0.0134421 0.00943703 0.00622812 0.00382839
 0.00859923 0.0139666 0.0210097 0.0296438 0.0395451 0.050001 0.059882 0.0679198 0.0731722 0.075331 0.0746672 0.071751 0.0671987 0.0615565 0.0552717 0.0486913 0.0420685 0.0355833 0.0293689 0.0235379 0.0182012 0.0134738 0.00946479 0.00625039 0.00384461
 0.00859923 0.0139666 0.0210097 0.0296438 0.0395451 0.050001 0.059882 0.0679198 0.0731722 0.075331 0.0746672 0.071751 0.0671987 0.0615565 0.0552717 0.0486913 0.0420685 0.0355833 0.0293689 0.0235379 0.0182012 0.0134738 0.00946479 0.00625039 0.00384461
 0.0085707 0.0139144 0.0209209 0.0295049 0.0393473 0.0497477 0.0595945 0.067635 0.0729329 0.0751715 0.0746045 0.0717828 0.0673087 0.0617213 0.0554678 0.0488984 0.0422715 0.0357722 0.0295378 0.0236837 0.0183224 0.0135704 0.00953773 0.00630217 0.00387876
 0.00888789 0.0144142 0.0216405 0.0304601 0.0405202 0.0510728 0.0609512 0.0688596 0.0738563 0.0756686 0.0746287 0.0713697 0.0665528 0.0607431 0.054385 0.0478092 0.0412482 0.0348611 0.0287636 0.0230546 0.0178345 0.0132108 0.00928768 0.00613932 0.00378025
 0.00917627 0.0149059 0.0224202 0.0316122 0.0421006 0.0530661 0.0632355 0.0712047 0.0759686 0.0772646 0.0755047 0.0714416 0.06586 0.0594253 0.0526416 0.0458542 0.0392727 0.0330115 0.0271354 0.0216972 0.0167607 0.0124064 0.00871986 0.00576417 0.00355002
 0.00894059 0.014559 0.0219694 0.0310996 0.0416051 0.0527 0.0631291 0.0714766 0.0766799 0.0783773 0.0768688 0.0728288 0.0670321 0.0602028 0.052947 0.045715 0.0387931 0.0323298 0.0263856 0.0209836 0.0161486 0.0119248 0.00836988 0.00552906 0.00340442
 0.00916206 0.014872 0.0223541 0.0315093 0.0419824 0.0530019 0.0633481 0.0716462 0.0768623 0.0786377 0.0772459 0.0733099 0.0675443 0.0606305 0.0531692 0.0456498 0.0384265 0.0317178 0.0256298 0.0201975 0.0154272 0.011328 0.00792005 0.00521894 0.00320881
 0.00898401 0.014612 0.0220164 0.0311139 0.0415567 0.052568 0.0629192 0.0712347 0.0764973 0.0783767 0.0771683 0.0734887 0.0680092 0.0613409 0.0540157 0.0464847 0.0391116 0.0321662 0.0258252 0.0201847 0.0152838 0.0111331 0.00773247 0.00506999 0.00310641
 0.00921149 0.0149385 0.022428 0.0315711 0.0420064 0.0529618 0.0632253 0.0714366 0.0765842 0.0783382 0.0770014 0.073214 0.0676791 0.0610279 0.0537818 0.0463519 0.0390518 0.0321198 0.0257349 0.020023 0.0150616 0.0108868 0.00750283 0.00488529 0.00297626
 0.00919843 0.0149452 0.0224872 0.0317246 0.0422862 0.0533665 0.0637045 0.071901 0.0769387 0.0785196 0.0769976 0.0730567 0.0674217 0.0607272 0.0534889 0.0461053 0.0388702 0.0319961 0.0256411 0.0199268 0.0149436 0.0107487 0.00736158 0.00476097 0.00288161
 0.00942009 0.0152858 0.0229635 0.03234 0.0430322 0.0542225 0.0646334 0.0728406 0.0777979 0.0791884 0.0773717 0.0730697 0.0670696 0.0600716 0.0526369 0.0451778 0.0379716 0.0311963 0.0249713 0.0193865 0.0145155 0.0104127 0.00710319 0.00457059 0.00275063
 0.00891548 0.0145151 0.021899 0.0309972 0.0414745 0.0525631 0.0630347 0.0715007 0.076914 0.0789035 0.0777276 0.0739905 0.0683855 0.0615701 0.0541219 0.0465114 0.0390877 0.0320862 0.0256573 0.0198995 0.0148837 0.0106609 0.0072562 0.00465427 0.00278973
 0.00894348 0.0144873 0.0217243 0.0305528 0.0406462 0.0513058 0.061421 0.069724 0.075239 0.07759 0.076965 0.0738638 0.0688711 0.0625522 0.0554239 0.0479379 0.0404672 0.033301 0.0266509 0.0206645 0.0154418 0.0110462 0.00750564 0.00480374 0.00287136
 0.0089037 0.0144354 0.0216651 0.0304857 0.0405493 0.0511206 0.0610538 0.0690789 0.0742755 0.0763739 0.0756763 0.0727468 0.0681508 0.0623604 0.0557666 0.0487103 0.0414996 0.0344128 0.0276944 0.0215471 0.0161267 0.0115383 0.00783412 0.00500685 0.00298696
 0.00910992 0.0147585 0.0221279 0.0310984 0.0413038 0.0519808 0.0619445 0.0698798 0.0748329 0.0765357 0.0753441 0.0719256 0.0669679 0.0610369 0.0545467 0.0477826 0.0409466 0.034209 0.0277428 0.0217302 0.0163457 0.0117322 0.00797768 0.00509951 0.00303989
 0.00902645 0.0146566 0.022037 0.0310672 0.041387 0.052219 0.0623453 0.0704103 0.0754242 0.0770941 0.0757646 0.0721108 0.0668555 0.0606286 0.0539221 0.0470809 0.0403188 0.0337645 0.0275182 0.0216933 0.0164267 0.0118589 0.00809916 0.00519158 0.00309893
 0.00899634 0.014601 0.0219433 0.0309253 0.0411997 0.0520127 0.0621743 0.0703456 0.0755258 0.0773802 0.0761952 0.0725952 0.0672803 0.0608936 0.0539728 0.0469259 0.0400261 0.0334341 0.0272424 0.0215247 0.0163687 0.01188 0.00815712 0.00525298 0.00314654
#pred catch len freq
 0.00339485 0.00545815 0.00813622 0.0114436 0.0154101 0.0200452 0.0252735 0.0309077 0.0366795 0.0422959 0.0474857 0.0520376 0.0558276 0.0588174 0.0610197 0.0624534 0.063115 0.062966 0.0619163 0.0597934 0.0563314 0.051247 0.0444348 0.0361956 0.0273142
 0.00367062 0.00584245 0.00860007 0.0119303 0.0158642 0.0204503 0.0256706 0.0313708 0.0372567 0.0429498 0.0480774 0.0523698 0.0557284 0.0582209 0.0600058 0.0612307 0.0619523 0.0620977 0.0614591 0.0597111 0.056467 0.0514073 0.0444802 0.0360871 0.0270993
