SBPRF35
12.7214
Curr Bio
587981
B35
872856
F35
0.168078
FOFL
0.104487
OFL
49206.6
Bzero
3.63469e+06
#pred survey bio
 3.54785e+06 3.45144e+06 3.35079e+06 3.21562e+06 3.0121e+06 2.77948e+06 2.52583e+06 2.28515e+06 2.05279e+06 1.80798e+06 1.62187e+06 1.43784e+06 1.26764e+06 1.12169e+06 981858 881634 803065 742368 675488 653046 636976 616910 591622 574655 559062 558276 564602 565933 556394 552268 559841 562031 573627 578558 586775 596002 609077 621193 631519 648758 645551 653926 658087 659291 656118 647714 648073 638176 617736 591665 1.96864e+07 1.19209e+07 1.24519e+07 1.3788e+07 1.56603e+07 1.773e+07 1.97429e+07 2.15488e+07 2.30833e+07 2.43386e+07 2.53383e+07 2.61193e+07 2.67215e+07 2.71818e+07 2.75318e+07 2.77971e+07 2.79982e+07 2.81508e+07 2.82669e+07 2.83555e+07 2.84234e+07 2.84757e+07 2.85161e+07 2.85476e+07 2.85721e+07 2.85914e+07 2.86066e+07 2.86186e+07 2.86281e+07 2.86357e+07 2.86418e+07 2.86466e+07 2.86505e+07 2.86537e+07 2.86562e+07 2.86583e+07 2.866e+07 2.86613e+07 2.86625e+07 2.86634e+07 2.86641e+07 2.86647e+07 2.86652e+07 2.86656e+07 2.86659e+07 2.86662e+07 2.86664e+07 2.86666e+07 2.86667e+07 2.86668e+07 2.86669e+07 2.8667e+07 2.86671e+07 2.86671e+07 2.86672e+07 2.86672e+07 2.86672e+07 2.86673e+07 2.86673e+07 2.86673e+07 2.86673e+07 2.86673e+07 2.86673e+07 2.86673e+07 2.86673e+07 2.86673e+07 2.86673e+07 2.86673e+07 2.86673e+07 2.86674e+07 2.86674e+07 2.86674e+07 2.86674e+07 2.86674e+07 2.86674e+07 2.86674e+07 2.86674e+07 2.86674e+07 2.86674e+07 2.86674e+07 2.86674e+07 2.86674e+07 2.86674e+07 2.86674e+07 2.86674e+07 2.86674e+07 2.86674e+07 2.86674e+07 2.86674e+07 2.86674e+07 2.86674e+07 2.86674e+07 2.86674e+07 2.86674e+07 2.86674e+07 2.86674e+07 2.86674e+07 2.86674e+07 2.86674e+07 2.86674e+07 0 0 0 0 0 0 0 0 0 0 0 0 0 0 0 0 0 0 0 0 0 0 0 0 0
#obs survey bio
 2.64509e+06 3.49882e+06 3.75574e+06 3.05498e+06 2.88733e+06 1.85458e+06 2.84610e+06 2.1775e+06 2.26208e+06 1.47414e+06 1.40315e+06 1.32424e+06 1.23216e+06 973844 1.16286e+06 681366 734054 690133 482649 464030 600669 788405 623911 602049 522391 857629 636738 544252 544306 448560 524686 564711 484919 501835 462641 679849 570304 755000 537632 646017 682828 593389 792316 833501 703800 798368 918172 687324 685770 448245
#pred catch bio
 101050 105841 141330 211914 250236 283651 286878 293492 316663 273449 279250 271691 252604 247623 212700 193890 177589 180005 139880 134137 135520 135865 124592 120217 105723 98914.6 102321 109849 103598 93576.6 98849 91923.3 98502.9 95998.8 95451.4 92642.5 94174.8 96600.7 92242.5 110464 100734 104908 107316 110076 112634 102997 109066 113976 113425 109452 49206.6 77492.9 79743.4 87092.7 98676.1 111817 124572 135885 145339 152910 158786 163239 166553 168983 170745 172011 172915 173556 174009 174327 174551 174707 174816 174892 174945 174982 175008 175025 175037 175046 175052 175056 175059 175061 175062 175063 175063 175064 175064 175064 175065 175065 175065 175065 175065 175065 175065 175065 175065 175065 175065 175065 175065 175065 175065 175065 175065 175065 175065 175065 175065 175065 175065 175065 175065 175065 175065 175065 175065 175065 175065 175065 175065 175065 175065 175065 175065 175065 175065 175065 175065 175065 175065 175065 175065 175065 175065 175065 175065 175065 175065 175065 175065 175065 175065 175065 175065 175065 175065 175065 0 0 0 0 0 0 0 0 0 0 0 0 0 0 0 0 0 0 0 0 0 0 0 0 0
#obs catch bio
 0 105690 141225 212663 250705 284989 288181 295380 319310 274523 280664 273721 253970 248713 212884 195572 179355 182557 141279 136555 138158 137770 125497 120919 106598 99295.6 102613 110259 103646 93620.8 99073.8 92220.2 99354.9 96548.1 96090.9 92954.3 94433.9 96767.3 92361.9 111378 100958 105506 107831 110701 113336 103115 109224 113741 112946 109466
#pred cpue bio
 3.50334e+06 3.40853e+06 3.30928e+06 3.17448e+06 2.97139e+06 2.73937e+06 2.48651e+06 2.24663e+06 2.01531e+06 1.77203e+06 1.58698e+06 1.40419e+06 1.23537e+06 1.09077e+06 952391 853017 775170 715310 649766 627627 611908 592685 568564 552409 537382 536786 543251 544819 535685 531728 539090 541128 552367 557257 565433 574609 587530 599442 609479 626215 623058 631258 635356 636652 633791 625885 626637 617458 597960 573091 1.90901e+07 1.15704e+07 1.1939e+07 1.30821e+07 1.48807e+07 1.69316e+07 1.89404e+07 2.07455e+07 2.22799e+07 2.35352e+07 2.45348e+07 2.53158e+07 2.5918e+07 2.63784e+07 2.67283e+07 2.69937e+07 2.71948e+07 2.73474e+07 2.74634e+07 2.7552e+07 2.76199e+07 2.76722e+07 2.77126e+07 2.77441e+07 2.77687e+07 2.7788e+07 2.78031e+07 2.78151e+07 2.78246e+07 2.78322e+07 2.78383e+07 2.78432e+07 2.78471e+07 2.78502e+07 2.78528e+07 2.78548e+07 2.78565e+07 2.78579e+07 2.7859e+07 2.78599e+07 2.78606e+07 2.78612e+07 2.78617e+07 2.78621e+07 2.78624e+07 2.78627e+07 2.78629e+07 2.78631e+07 2.78632e+07 2.78634e+07 2.78635e+07 2.78635e+07 2.78636e+07 2.78637e+07 2.78637e+07 2.78637e+07 2.78638e+07 2.78638e+07 2.78638e+07 2.78638e+07 2.78638e+07 2.78639e+07 2.78639e+07 2.78639e+07 2.78639e+07 2.78639e+07 2.78639e+07 2.78639e+07 2.78639e+07 2.78639e+07 2.78639e+07 2.78639e+07 2.78639e+07 2.78639e+07 2.78639e+07 2.78639e+07 2.78639e+07 2.78639e+07 2.78639e+07 2.78639e+07 2.78639e+07 2.78639e+07 2.78639e+07 2.78639e+07 2.78639e+07 2.78639e+07 2.78639e+07 2.78639e+07 2.78639e+07 2.78639e+07 2.78639e+07 2.78639e+07 2.78639e+07 2.78639e+07 2.78639e+07 2.78639e+07 2.78639e+07 2.78639e+07 2.78639e+07 2.78639e+07 0 0 0 0 0 0 0 0 0 0 0 0 0 0 0 0 0 0 0 0 0 0 0 0 0
#obs cpue bio
 3.26394e+06 3.58506e+06 3.29887e+06 2.38375e+06 3.33977e+06 3.03708e+06 1.98828e+06 1.83406e+06 1.8978e+06 2.21855e+06 1.86032e+06 1.21567e+06 1.2841e+06 1.38604e+06 861992 656484 651324 632556 686516 454742 487621 542007 622020 550615 387471 412829 509150 564349 634630 567902 574673 400421 460177 668300 613010 577571 640331 547911 579048 478443 675159 539018 524556 442499 566507 604491 471613 774322 660773 583890
#pred surv len freq
 0.00509541 0.00820044 0.012208 0.0170597 0.0226257 0.0286423 0.0346743 0.0402045 0.0448223 0.0483602 0.050882 0.0525732 0.0536393 0.0542545 0.0545453 0.0545922 0.0544397 0.0540991 0.0535131 0.0524817 0.0506044 0.0473459 0.0422822 0.03543 0.0274247
 0.00525498 0.00838022 0.0123358 0.0170312 0.0223465 0.0280871 0.0339241 0.0394293 0.0442079 0.0480233 0.0508257 0.0527074 0.0538453 0.054452 0.0547262 0.0548101 0.054767 0.0545731 0.0540988 0.0530712 0.0510587 0.0475586 0.0422291 0.0351753 0.0270811
 0.00548076 0.00873627 0.0128452 0.0176922 0.0231157 0.0288653 0.0345624 0.0397694 0.0441519 0.0475923 0.0501596 0.0519974 0.0532427 0.0540146 0.0544332 0.0546174 0.0546533 0.0545438 0.0541541 0.0531729 0.0511281 0.047512 0.0420257 0.0348412 0.0266927
 0.00564953 0.00901636 0.0132774 0.0183179 0.0239668 0.0299459 0.0358257 0.0411022 0.0453812 0.0485219 0.0506323 0.0519547 0.0527491 0.0532258 0.0535252 0.0537227 0.0538393 0.0538282 0.0535288 0.0526132 0.050595 0.0469639 0.0414426 0.0342427 0.0261315
 0.00587833 0.00937875 0.0138061 0.0190401 0.0249031 0.0311066 0.037202 0.0426536 0.0470242 0.0501249 0.0520229 0.0529487 0.0531982 0.0530696 0.0528155 0.0526027 0.0524862 0.0523958 0.0521158 0.0512643 0.0493202 0.045764 0.0403297 0.0332489 0.0252998
 0.00613821 0.00979214 0.0144115 0.0198677 0.0259709 0.0324136 0.0387209 0.0443284 0.048776 0.0518604 0.0536375 0.0543221 0.0541943 0.0535547 0.0526952 0.0518609 0.0511998 0.0507125 0.050207 0.0492817 0.0473769 0.043941 0.0386922 0.0318542 0.0241903
 0.00641597 0.0102365 0.015067 0.0207719 0.0271482 0.0338663 0.0404181 0.0462011 0.050725 0.0537731 0.0554042 0.0558417 0.0553715 0.0542934 0.0529009 0.0514583 0.0501631 0.0490896 0.0481216 0.0469088 0.0449078 0.0415545 0.0365379 0.0300424 0.0227811
 0.00666024 0.0106302 0.015654 0.021592 0.0282322 0.0352265 0.0420365 0.048023 0.0526625 0.0557186 0.0572443 0.0574682 0.0566865 0.0552087 0.0533351 0.051337 0.0494299 0.0477293 0.046186 0.044528 0.0422782 0.0389056 0.03409 0.0279665 0.0211711
 0.00688852 0.0109984 0.016203 0.0223599 0.0292486 0.0365046 0.0435623 0.0497492 0.0545121 0.0575955 0.0590455 0.0590923 0.0580382 0.0562012 0.0538896 0.0513814 0.0489022 0.0465911 0.0444466 0.0422703 0.0396697 0.0361806 0.031504 0.0257368 0.0194284
 0.00724595 0.0115551 0.0169961 0.023409 0.0305559 0.0380533 0.0453128 0.0516354 0.0564452 0.0594758 0.0607747 0.0605825 0.0592149 0.0570018 0.0542596 0.0512701 0.0482609 0.0453816 0.0426618 0.0399643 0.0369809 0.0333302 0.0287573 0.023338 0.0175368
 0.00752492 0.0119984 0.0176441 0.0242921 0.031689 0.0394283 0.0468901 0.0533431 0.0581904 0.0611626 0.0623196 0.0619181 0.0602859 0.057759 0.054655 0.0512541 0.0477835 0.0443988 0.0411529 0.0379592 0.0345867 0.0307376 0.026212 0.0210802 0.0157345
 0.00779569 0.0124366 0.0182995 0.0252093 0.0328983 0.0409312 0.0486449 0.0552599 0.060143 0.0630138 0.0639467 0.0632298 0.0612268 0.0583037 0.0547956 0.0509857 0.0470938 0.0432686 0.0395707 0.0359481 0.0322338 0.0282079 0.0237281 0.0188685 0.0139599
 0.00810243 0.0129193 0.018997 0.0261489 0.0340941 0.0423797 0.0503168 0.0570922 0.0620393 0.0648541 0.0656033 0.0645857 0.0621918 0.0588248 0.0548564 0.0505956 0.0462721 0.0420326 0.037938 0.0339547 0.029961 0.0257994 0.0213788 0.0167799 0.0122819
 0.00842996 0.0134319 0.0197316 0.0271267 0.0353173 0.0438285 0.0519438 0.0588215 0.0637753 0.066496 0.0670581 0.0657725 0.0630424 0.0592856 0.0548929 0.0501959 0.0454449 0.0408019 0.0363393 0.0320413 0.0278201 0.0235636 0.0192188 0.0148697 0.0107504
 0.00887587 0.0141243 0.0207124 0.028412 0.0368942 0.0456517 0.0539311 0.0608542 0.0657126 0.0682013 0.0684228 0.0667281 0.0635586 0.0593597 0.0545386 0.0494347 0.0443031 0.0393115 0.0345426 0.0299996 0.0256241 0.0213398 0.0171197 0.0130441 0.00930335
 0.00915363 0.0145712 0.021376 0.0293317 0.0380926 0.047121 0.0556192 0.0626622 0.0675087 0.0698468 0.069797 0.0677431 0.0641632 0.0595362 0.0542958 0.0487986 0.0433081 0.0379965 0.0329535 0.0281975 0.0236951 0.0193986 0.0152997 0.0114711 0.00806281
 0.00925576 0.0147522 0.0216766 0.0298007 0.0387778 0.0480537 0.0567973 0.0640408 0.0690028 0.0713443 0.071176 0.0688896 0.0649862 0.0599782 0.054335 0.0484439 0.0425901 0.0369588 0.0316494 0.0266929 0.0220742 0.0177665 0.0137727 0.0101556 0.00702897
 0.00931305 0.0148436 0.0218124 0.0299936 0.0390456 0.0484212 0.0572943 0.0646933 0.0698196 0.0723038 0.07222 0.0699286 0.0659154 0.0606972 0.0547658 0.0485407 0.0423413 0.0363829 0.0307892 0.0256115 0.020854 0.016506 0.0125773 0.00911846 0.00621114
 0.00964961 0.0153449 0.0224812 0.0308017 0.0399417 0.049345 0.0581886 0.065511 0.0705288 0.0728903 0.0726857 0.0702816 0.0661565 0.0608119 0.0547243 0.0483085 0.0418922 0.0357096 0.0299091 0.0245681 0.0197144 0.0153549 0.0115041 0.00820055 0.00549581
 0.00961503 0.0153081 0.022461 0.030826 0.0400377 0.049526 0.0584451 0.065814 0.0708445 0.0731982 0.0729867 0.0705921 0.066492 0.0611698 0.0550761 0.0486028 0.0420677 0.0357129 0.0297108 0.0241723 0.0191605 0.0147097 0.0108477 0.00760703 0.00501642
 0.00938163 0.0149716 0.0220355 0.0303549 0.0395854 0.0491619 0.0582271 0.0657773 0.0709957 0.0735143 0.0734226 0.0710953 0.0670188 0.0616926 0.0555777 0.0490635 0.0424565 0.0359889 0.0298356 0.024126 0.018953 0.014382 0.0104615 0.0072273 0.00469338
 0.00924418 0.0147515 0.0217124 0.0299175 0.0390407 0.0485449 0.0576069 0.065249 0.0706557 0.0734288 0.0736056 0.0715079 0.0675885 0.0623387 0.0562321 0.0496776 0.0429968 0.0364282 0.0301488 0.0242946 0.0189749 0.0142786 0.0102754 0.00701001 0.00449057
 0.00933056 0.0148634 0.0218275 0.029996 0.039034 0.0484124 0.0573322 0.0648502 0.0701855 0.0729657 0.0732357 0.0713022 0.0675817 0.0625212 0.0565569 0.05008 0.0434127 0.0368055 0.0304493 0.0244942 0.0190644 0.0142667 0.0101879 0.0068834 0.00436044
 0.00943236 0.015012 0.0220184 0.0302106 0.0392401 0.0485678 0.0573909 0.064772 0.0699496 0.0725844 0.0727605 0.0708152 0.0671738 0.0622652 0.0564869 0.0501848 0.0436454 0.0371013 0.0307445 0.0247392 0.0192301 0.014346 0.0101931 0.00683977 0.00429624
 0.00946254 0.0150677 0.0221138 0.0303606 0.0394539 0.0488392 0.057691 0.0650496 0.0701428 0.0726384 0.0726465 0.070542 0.0667889 0.0618432 0.056109 0.0499149 0.0435122 0.0370944 0.0308243 0.0248543 0.0193352 0.0144131 0.0102151 0.00682532 0.00426215
 0.00937946 0.0149342 0.0219171 0.0300938 0.0391217 0.0484648 0.0573181 0.0647352 0.069938 0.072568 0.072698 0.0706732 0.066949 0.0619961 0.0562459 0.050052 0.0436756 0.0373015 0.0310716 0.0251177 0.019581 0.0146123 0.0103533 0.00690501 0.0042975
 0.00931613 0.0148242 0.0217387 0.0298232 0.0387397 0.047967 0.0567262 0.0641009 0.0693372 0.0720841 0.0724004 0.070598 0.0670891 0.0623063 0.056662 0.0505139 0.0441431 0.0377555 0.0315041 0.0255197 0.0199372 0.0149056 0.0105727 0.00705157 0.00438343
 0.00925947 0.014742 0.0216325 0.0296979 0.0385986 0.0478056 0.0565297 0.0638506 0.0690233 0.0717193 0.0720254 0.0702735 0.0668765 0.0622466 0.0567621 0.0507481 0.0444667 0.0381221 0.0318768 0.0258729 0.0202531 0.0151703 0.0107776 0.00719556 0.00447396
 0.00935253 0.0148765 0.021804 0.0298919 0.0387948 0.0479841 0.0566747 0.0639479 0.0690562 0.0716674 0.0718714 0.0700159 0.0665401 0.0618816 0.0564298 0.0504999 0.0443285 0.0380912 0.0319299 0.025979 0.0203824 0.015299 0.0108889 0.00728069 0.00453143
 0.00947424 0.0150537 0.0220318 0.0301513 0.0390568 0.048217 0.0568513 0.0640499 0.0690758 0.0716067 0.071739 0.0698227 0.066297 0.0616023 0.0561363 0.0502236 0.0441033 0.037942 0.0318642 0.0259857 0.0204384 0.0153783 0.0109695 0.00734849 0.00458055
 0.00949017 0.0150779 0.0220648 0.0301915 0.0390992 0.0482535 0.0568704 0.0640399 0.0690291 0.0715242 0.0716313 0.0697059 0.0661866 0.0615072 0.0560588 0.050164 0.0440651 0.037933 0.0318919 0.0260509 0.0205324 0.015485 0.0110717 0.00743322 0.00464225
 0.00951094 0.0151158 0.022129 0.0302922 0.0392439 0.0484415 0.0570885 0.0642617 0.0692204 0.0716522 0.0716738 0.0696568 0.0660564 0.061319 0.0558406 0.0499417 0.0438595 0.0377594 0.0317608 0.0259676 0.020495 0.0154844 0.0110939 0.00746398 0.00467102
 0.00935075 0.0148805 0.0218223 0.0299355 0.0388728 0.0480976 0.0568122 0.064086 0.069165 0.0717183 0.0718419 0.0698919 0.0663179 0.0615718 0.0560627 0.0501259 0.0440094 0.0378842 0.0318707 0.0260703 0.0205943 0.015579 0.0111793 0.00753503 0.00472438
 0.00929319 0.0147845 0.0216743 0.029724 0.038594 0.0477628 0.0564528 0.0637509 0.068908 0.0715812 0.0718421 0.0700188 0.0665392 0.0618449 0.0563461 0.0503883 0.0442336 0.0380668 0.0320176 0.0261909 0.0206967 0.0156677 0.0112551 0.00759636 0.0047702
 0.00923016 0.0146843 0.0215275 0.0295227 0.0383327 0.0474407 0.0560778 0.0633438 0.0685049 0.0712304 0.0715948 0.0699158 0.066598 0.0620535 0.0566672 0.0507708 0.0446277 0.0384346 0.0323376 0.0264562 0.0209097 0.0158346 0.011382 0.00768894 0.00483384
 0.00919396 0.0146227 0.0214297 0.0293772 0.0381295 0.0471758 0.0557566 0.0629826 0.0681292 0.0708711 0.0712858 0.069692 0.0664909 0.0620841 0.0568374 0.0510599 0.0449963 0.0388349 0.032726 0.0268018 0.0211965 0.0160592 0.0115489 0.00780635 0.00491143
 0.00918585 0.014601 0.0213811 0.0292838 0.0379729 0.0469438 0.0554495 0.062616 0.0677314 0.0704775 0.0709332 0.0694138 0.0663148 0.0620299 0.0569148 0.0512648 0.0453083 0.0392188 0.0331381 0.0271994 0.0215469 0.016344 0.0117637 0.007957 0.0050095
 0.00921768 0.0146453 0.0214336 0.0293338 0.0380046 0.0469379 0.0553868 0.0624815 0.0675197 0.0701973 0.0706082 0.0690798 0.0660125 0.061797 0.05678 0.051244 0.0454023 0.0394123 0.0334015 0.0274948 0.0218365 0.0165981 0.0119656 0.00810317 0.00510621
 0.00925961 0.0147099 0.0215237 0.0294487 0.0381386 0.0470792 0.0555168 0.0625758 0.0675521 0.0701466 0.0704657 0.0688531 0.0657262 0.0614888 0.0564929 0.0510176 0.0452646 0.0393747 0.0334568 0.0276201 0.0219998 0.016767 0.0121151 0.00821958 0.00518704
 0.00908987 0.0144684 0.0212241 0.0291258 0.0378386 0.0468442 0.0553716 0.0625239 0.0675793 0.0702283 0.0705732 0.0689593 0.0658112 0.0615444 0.0565248 0.0510437 0.0453086 0.0394572 0.0335875 0.0277941 0.0221989 0.0169664 0.0122919 0.00835923 0.00528561
 0.00914149 0.0145372 0.0213009 0.0291952 0.0378874 0.0468711 0.0553923 0.0625652 0.0676636 0.0703574 0.0707225 0.069087 0.0658757 0.0615202 0.0564107 0.0508605 0.0450918 0.0392468 0.0334173 0.0276838 0.0221511 0.0169689 0.0123246 0.0084023 0.00532496
 0.00909103 0.014462 0.0211998 0.0290704 0.0377421 0.0467074 0.0552125 0.0623766 0.0674845 0.0702182 0.0706573 0.0691182 0.0660002 0.0617079 0.0566164 0.0510432 0.045229 0.0393386 0.0334802 0.0277385 0.0222122 0.0170402 0.0124001 0.00847215 0.00538116
 0.00898909 0.0143156 0.0210153 0.028866 0.0375428 0.0465362 0.055083 0.0622906 0.0674346 0.0701945 0.0706541 0.0691385 0.066054 0.0618045 0.0567545 0.0512073 0.0453951 0.0394853 0.0335977 0.0278298 0.0222872 0.0171074 0.0124627 0.00852789 0.0054263
 0.00887327 0.01414 0.0207752 0.0285679 0.0372042 0.0461853 0.0547563 0.0620273 0.0672673 0.0701382 0.0707019 0.0692666 0.0662337 0.0620133 0.0569798 0.0514423 0.0456321 0.0397127 0.033803 0.0280045 0.0224295 0.0172208 0.0125519 0.00859653 0.0054766
 0.00876521 0.0139756 0.0205491 0.028283 0.0368714 0.0458226 0.0543882 0.0616848 0.0669853 0.0699491 0.0706277 0.0693126 0.0663871 0.0622475 0.0572635 0.0517474 0.0459379 0.0400046 0.0340701 0.0282384 0.0226248 0.0173763 0.0126701 0.00868224 0.00553541
 0.00868034 0.0138456 0.0203684 0.0280521 0.0365969 0.0455163 0.0540676 0.0613721 0.0667056 0.0697269 0.0704835 0.0692606 0.0664329 0.0623869 0.0574816 0.0520212 0.0462407 0.0403117 0.0343614 0.0284996 0.0228469 0.0175551 0.0128061 0.00877951 0.00560051
 0.00848506 0.013548 0.0199581 0.0275335 0.0359892 0.0448513 0.0533885 0.0607318 0.0661601 0.0693261 0.0702616 0.0692315 0.0665916 0.0627125 0.0579417 0.0525758 0.0468464 0.0409257 0.0349456 0.0290242 0.0232922 0.0179119 0.0130748 0.00896872 0.00572422
 0.00836088 0.0133543 0.019682 0.0271695 0.0355403 0.0443315 0.0528247 0.0601632 0.0656337 0.0688876 0.069948 0.0690673 0.0665876 0.0628671 0.0582415 0.0529962 0.0473538 0.0414801 0.0355056 0.0295513 0.023756 0.0182933 0.0133671 0.00917664 0.00586078
 0.00810679 0.0129892 0.0192212 0.026656 0.0350314 0.0438763 0.0524481 0.0598646 0.0653986 0.0687027 0.069811 0.0689876 0.0665821 0.0629528 0.0584297 0.0532883 0.0477385 0.0419337 0.0359947 0.030038 0.0242042 0.0186754 0.0136681 0.00939495 0.006006
 0.00774105 0.0124389 0.0184772 0.0257446 0.0340129 0.0428378 0.0514932 0.0590976 0.0649003 0.0685061 0.0698927 0.0692834 0.067017 0.063468 0.0589929 0.0538881 0.0483711 0.042591 0.0366579 0.0306783 0.0247886 0.0191744 0.0140636 0.00968391 0.00619944
#obs surv len freq
 nan nan nan nan nan nan nan nan nan nan nan nan nan nan nan nan nan nan nan nan nan nan nan nan nan
 0.00448449 0.00734587 0.011176 0.0159927 0.021694 0.0279701 0.0342847 0.0400163 0.0446957 0.0481591 0.0505163 0.0520114 0.0529029 0.0534146 0.0537283 0.0539827 0.054261 0.0545535 0.0546922 0.054284 0.0527221 0.0493543 0.0438043 0.0362847 0.0276687
 0.00461335 0.00755748 0.0114981 0.0164514 0.0223073 0.0287384 0.0351805 0.0409818 0.0456512 0.049018 0.0512022 0.052469 0.0531039 0.0533576 0.0534349 0.0534897 0.0536114 0.0537899 0.0538534 0.053407 0.0518454 0.0485209 0.0430585 0.0356643 0.0271945
 0.00477556 0.00782274 0.0119003 0.0170231 0.0230738 0.0297074 0.0363311 0.0422592 0.0469712 0.0502808 0.0523065 0.053325 0.053643 0.0535397 0.0532515 0.0529623 0.052785 0.0527235 0.052613 0.0520627 0.0504723 0.0471992 0.0418678 0.0346701 0.0264333
 0.0049726 0.0081439 0.0123852 0.0177094 0.0239899 0.0308615 0.0376995 0.0437816 0.048558 0.0518277 0.0537089 0.0544864 0.0544793 0.0539845 0.0532621 0.0525253 0.0519187 0.0514771 0.0510618 0.0503039 0.0486214 0.0453835 0.0402132 0.0332797 0.0253647
 0.00517774 0.00848183 0.012902 0.0184509 0.0249926 0.0321385 0.0392262 0.0454906 0.0503491 0.0535865 0.0553245 0.0558601 0.0555268 0.0546347 0.0534581 0.0522287 0.0511165 0.0501892 0.049348 0.0482667 0.0464034 0.0431558 0.0381512 0.0315293 0.0240111
 0.00541622 0.00887039 0.0134886 0.0192813 0.0261024 0.0335403 0.0408952 0.0473585 0.0523119 0.0555229 0.0571138 0.0573946 0.0567163 0.0554068 0.0537557 0.0520084 0.0503509 0.0488763 0.0475251 0.0460251 0.0438942 0.04058 0.0357277 0.0294482 0.0223892
 0.00565229 0.00925872 0.0140815 0.0201302 0.0272481 0.0349969 0.0426344 0.0493047 0.0543535 0.0575342 0.0589749 0.0590011 0.057981 0.0562578 0.054134 0.0518661 0.0496524 0.0476054 0.0457009 0.0437218 0.041257 0.0378202 0.0330903 0.0271559 0.0205865
 0.00589374 0.00965377 0.014681 0.0209837 0.028395 0.0364525 0.0443742 0.0512579 0.0564117 0.0595709 0.0608656 0.0606365 0.0592717 0.057134 0.0545416 0.0517613 0.0489997 0.0463826 0.0439148 0.0414316 0.0385955 0.034996 0.0303573 0.0247552 0.0186823
 0.00611495 0.010019 0.0152412 0.02179 0.029489 0.0378506 0.0460519 0.0531443 0.0584003 0.06154 0.0626976 0.0622285 0.0605385 0.0580073 0.0549677 0.0516973 0.0484111 0.045246 0.0422306 0.0392473 0.0360293 0.0322436 0.0276672 0.0223708 0.0167762
 0.006368 0.0104293 0.0158568 0.0226552 0.0306365 0.0392888 0.0477512 0.0550315 0.0603673 0.0634638 0.0644599 0.0637282 0.0616972 0.0587678 0.0552893 0.0515502 0.0477708 0.0440954 0.0405709 0.0371197 0.0335393 0.0295717 0.0250479 0.0200394 0.014904
 0.00660956 0.0108273 0.0164652 0.0235262 0.0318094 0.0407714 0.0495036 0.0569619 0.0623483 0.0653594 0.06615 0.0651199 0.0627248 0.0593888 0.0554778 0.0512903 0.0470522 0.0429122 0.0389305 0.0350621 0.0311599 0.0270332 0.0225641 0.0178275 0.0131245
 0.00684175 0.0112081 0.0170445 0.0243528 0.0329212 0.0421806 0.05118 0.0588264 0.0642819 0.067225 0.0678159 0.0664774 0.0636973 0.0599324 0.0555759 0.0509439 0.0462696 0.0417049 0.0373188 0.0330904 0.0289176 0.0246661 0.0202621 0.0157837 0.0114816
 0.00709059 0.0116149 0.0176605 0.0252261 0.0340864 0.0436424 0.0528977 0.0607093 0.0662026 0.0690446 0.0694071 0.0677385 0.064557 0.0603501 0.055539 0.0504617 0.0453652 0.0404088 0.0356688 0.0311422 0.0267605 0.0224329 0.0181196 0.0138985 0.00997497
 0.00727894 0.0119298 0.0181506 0.0259417 0.0350688 0.0449067 0.0544158 0.0624041 0.0679592 0.0707328 0.0709039 0.0689424 0.0653942 0.060776 0.0555359 0.0500343 0.0445353 0.0392105 0.0341481 0.0293621 0.0248111 0.0204367 0.0162223 0.0122412 0.00865737
 0.00743723 0.0121872 0.0185386 0.0264912 0.0358057 0.0458448 0.0555466 0.0636906 0.069336 0.0721136 0.0721924 0.0700439 0.0662266 0.0612774 0.0556696 0.0497879 0.0439176 0.0382479 0.0328836 0.0278583 0.023155 0.018741 0.0146152 0.0108427 0.00754932
 0.00751268 0.0123139 0.0187369 0.0267833 0.0362122 0.0463789 0.0562086 0.064465 0.0701947 0.0730199 0.0731032 0.0709086 0.0669865 0.0618689 0.0560317 0.0498719 0.0436945 0.037713 0.032058 0.0267905 0.0219211 0.017442 0.0133644 0.00974453 0.00667525
 0.00761841 0.0124746 0.0189584 0.027065 0.0365493 0.0467662 0.0566418 0.0649398 0.0707045 0.0735542 0.0736472 0.0714423 0.067484 0.0622967 0.0563484 0.0500313 0.0436532 0.0374401 0.0315455 0.02606 0.0210271 0.0164666 0.0124045 0.0088907 0.00599049
 0.00765309 0.0125318 0.0190457 0.027189 0.0367133 0.0469674 0.0568704 0.0651818 0.0709485 0.0737982 0.0738992 0.0717143 0.0677816 0.0626109 0.0566524 0.0502835 0.043804 0.0374426 0.0313669 0.0256936 0.0204989 0.0158342 0.0117452 0.00828242 0.00549093
 0.0077261 0.0126382 0.0191831 0.0273479 0.036881 0.0471327 0.0570272 0.0653292 0.071087 0.0739277 0.0740194 0.0718279 0.067895 0.0627318 0.0567827 0.0504123 0.0439052 0.0374788 0.0313005 0.0255006 0.0201805 0.0154211 0.0112912 0.007848 0.00512509
 0.00775038 0.012679 0.0192466 0.027439 0.0370002 0.0472731 0.0571733 0.06546 0.0711849 0.0739861 0.0740462 0.0718402 0.0679116 0.062766 0.0568397 0.0504879 0.043985 0.0375385 0.0313099 0.0254328 0.0200232 0.0151847 0.0110078 0.00756069 0.00487328
 0.00781463 0.0127734 0.0193702 0.0275848 0.0371581 0.0474332 0.0573278 0.0656025 0.0713071 0.0740775 0.0740963 0.0718443 0.0678748 0.0627028 0.0567689 0.0504252 0.0439364 0.0374981 0.0312616 0.0253562 0.019903 0.0150191 0.0108112 0.0073592 0.0046937
 0.00784805 0.0128272 0.0194495 0.0276928 0.0372936 0.0475885 0.0574878 0.0657473 0.0714187 0.0741458 0.0741214 0.0718332 0.0678365 0.0626457 0.0567006 0.0503536 0.0438687 0.0374371 0.0312032 0.0252903 0.0198183 0.0149103 0.0106833 0.00722614 0.00457265
 0.00787491 0.0128699 0.019512 0.0277781 0.037403 0.0477209 0.0576379 0.0659044 0.0715674 0.0742685 0.0742029 0.071865 0.0678187 0.0625864 0.0566123 0.0502496 0.0437605 0.0373326 0.0311054 0.0251972 0.019725 0.0148128 0.0105821 0.00712741 0.00448519
 0.00788503 0.0128809 0.0195189 0.0277736 0.0373807 0.0476793 0.0575837 0.0658518 0.0715334 0.0742662 0.0742364 0.0719281 0.0678979 0.0626658 0.0566793 0.0502976 0.0437887 0.0373437 0.0311028 0.0251829 0.0196993 0.0147757 0.0105355 0.00707632 0.00443633
 0.00786646 0.012849 0.0194674 0.0276959 0.0372709 0.0475349 0.0574091 0.0656602 0.0713464 0.0741106 0.0741383 0.0719056 0.0679556 0.0627931 0.0568536 0.0504917 0.0439782 0.0375116 0.0312401 0.0252866 0.01977 0.0148163 0.010551 0.00707371 0.00442356
 0.00787882 0.0128619 0.0194737 0.0276841 0.0372282 0.0474518 0.0572832 0.065498 0.0711622 0.073924 0.0739714 0.0717807 0.0678914 0.0628001 0.0569309 0.0506258 0.0441469 0.03769 0.0314067 0.0254268 0.019877 0.0148894 0.0105943 0.00709399 0.00442877
 0.00789726 0.0128917 0.0195175 0.0277428 0.0372987 0.0475249 0.0573429 0.0655243 0.0711378 0.0738416 0.0738381 0.0716169 0.0677247 0.0626585 0.0568359 0.0505883 0.0441651 0.0377513 0.031492 0.0255168 0.0199564 0.0149498 0.0106338 0.00711543 0.00443738
 0.00789234 0.0128847 0.019509 0.0277343 0.0372926 0.0475239 0.0573487 0.0655365 0.0711513 0.0738475 0.0738254 0.0715779 0.0676597 0.0625778 0.056757 0.0505302 0.0441415 0.0377662 0.0315395 0.0255836 0.0200272 0.0150122 0.0106809 0.0071459 0.00445412
 0.00786488 0.0128378 0.0194348 0.027625 0.0371441 0.0473398 0.0571438 0.0653354 0.0709829 0.0737356 0.0737812 0.0715976 0.0677283 0.0626756 0.0568677 0.0506451 0.0442595 0.0378897 0.0316687 0.025714 0.0201504 0.0151187 0.0107641 0.00720439 0.00449079
 0.00785631 0.0128214 0.0194052 0.0275755 0.0370673 0.0472301 0.0570002 0.0651642 0.0707985 0.0735591 0.073637 0.0715065 0.067702 0.0627129 0.0569562 0.050767 0.0443981 0.0380332 0.0318104 0.0258495 0.0202746 0.0152261 0.01085 0.00726691 0.00453183
 0.00782604 0.0127719 0.0193303 0.0274695 0.0369263 0.0470542 0.0567954 0.0649429 0.070578 0.0733588 0.0734756 0.0714008 0.0676642 0.0627488 0.0570626 0.0509313 0.0446008 0.038253 0.0320287 0.0260523 0.0204528 0.015374 0.0109651 0.00735001 0.00458676
 0.00777748 0.0126947 0.0192175 0.027316 0.0367305 0.0468195 0.0565323 0.0646693 0.0703166 0.0731328 0.0733047 0.0712987 0.0676384 0.0628011 0.057189 0.0511218 0.0448397 0.03852 0.0323017 0.0263111 0.0206818 0.0155635 0.0111114 0.00745482 0.00465588
 0.00775182 0.012649 0.0191415 0.0271983 0.0365616 0.0465967 0.056264 0.0643755 0.0700249 0.0728719 0.0730984 0.0711636 0.0675831 0.0628274 0.0572929 0.0512941 0.0450668 0.0387839 0.0325815 0.0265851 0.0209308 0.0157736 0.0112757 0.00757336 0.0047344
 0.00774186 0.0126289 0.019104 0.0271335 0.0364589 0.0464479 0.0560669 0.0641364 0.0697594 0.0726029 0.0728531 0.0709681 0.0674584 0.0627853 0.0573356 0.0514153 0.0452534 0.0390184 0.032843 0.0268513 0.0211805 0.0159899 0.0114483 0.00769983 0.00481912
 0.00769219 0.0125535 0.0190002 0.0270021 0.0363026 0.0462704 0.0558718 0.0639283 0.0695451 0.0723926 0.0726607 0.0708104 0.0673524 0.0627458 0.0573712 0.0515268 0.0454332 0.0392514 0.0331089 0.0271273 0.0214439 0.0162215 0.0116357 0.00783885 0.00491319
 0.00768865 0.0125414 0.0189706 0.0269435 0.0362049 0.0461302 0.0556961 0.0637336 0.0693515 0.0722164 0.0725106 0.0706893 0.0672623 0.0626914 0.0573604 0.051568 0.0455305 0.0394019 0.0333015 0.027344 0.0216634 0.0164236 0.0118052 0.00796814 0.00500266
 0.00765484 0.012493 0.0189095 0.0268743 0.0361322 0.0460544 0.0556126 0.0636347 0.0692326 0.0720813 0.0723718 0.0705637 0.0671647 0.0626308 0.0573409 0.0515911 0.0455972 0.0395114 0.0334487 0.0275179 0.0218478 0.0166002 0.0119584 0.00808826 0.00508769
 0.00763518 0.0124598 0.0188576 0.0267993 0.0360329 0.0459352 0.0554846 0.0635129 0.0691301 0.072003 0.0723145 0.07052 0.0671299 0.0626063 0.0573332 0.0516077 0.0456439 0.0395907 0.0335589 0.0276526 0.0219957 0.016747 0.0120899 0.00819445 0.0051648
 0.00761942 0.0124366 0.0188268 0.026762 0.0359898 0.0458862 0.0554282 0.0634483 0.0690587 0.0719303 0.0722479 0.0704659 0.0670908 0.0625812 0.0573204 0.0516079 0.0456609 0.0396291 0.0336215 0.0277379 0.0220973 0.0168541 0.0121908 0.00827941 0.00522867
 0.0076071 0.0124157 0.0187942 0.0267146 0.0359261 0.045808 0.055341 0.0633608 0.0689796 0.0718659 0.0722006 0.0704354 0.0670761 0.0625814 0.0573343 0.0516344 0.0456993 0.0396798 0.0336857 0.0278154 0.0221848 0.0169453 0.012277 0.00835285 0.00528474
 0.00759393 0.0123958 0.0187667 0.0266794 0.0358837 0.0457584 0.0552846 0.0632985 0.0689144 0.0718028 0.0721457 0.0703943 0.0670521 0.0625751 0.0573442 0.0516583 0.0457352 0.0397264 0.0337422 0.0278807 0.0222566 0.0170192 0.0123471 0.0084132 0.00533152
 0.00756466 0.0123509 0.0187044 0.0266001 0.0357901 0.0456557 0.05518 0.0632004 0.0688311 0.0717401 0.0721066 0.0703792 0.0670598 0.0626037 0.0573913 0.0517205 0.0458087 0.0398075 0.0338275 0.0279676 0.0223422 0.0170999 0.012419 0.00847268 0.00537651
 0.00756989 0.0123549 0.0187023 0.0265848 0.0357547 0.0455966 0.0550995 0.0631072 0.0687371 0.071657 0.0720424 0.0703375 0.0670407 0.0626052 0.0574109 0.0517558 0.045857 0.0398659 0.033893 0.0280368 0.0224117 0.017166 0.012478 0.00852151 0.00541356
 0.00755096 0.0123308 0.0186779 0.0265678 0.0357521 0.0456099 0.0551223 0.0631264 0.0687391 0.0716342 0.0719972 0.0702797 0.066983 0.0625582 0.0573806 0.051744 0.0458627 0.0398867 0.0339259 0.0280783 0.0224578 0.0172128 0.0125214 0.00855839 0.00544205
 0.00753015 0.0122957 0.0186233 0.0264897 0.0356502 0.0454912 0.0550015 0.0630233 0.0686706 0.0716073 0.0720062 0.0703112 0.0670237 0.0626008 0.0574243 0.0517916 0.0459169 0.0399483 0.0339931 0.0281479 0.022526 0.0172756 0.0125756 0.00860178 0.005474
 0.00750366 0.012252 0.0185562 0.0263933 0.0355202 0.0453273 0.0548107 0.0628209 0.0684797 0.0714537 0.0719114 0.0702865 0.0670665 0.0626971 0.0575549 0.0519386 0.0460679 0.040096 0.0341335 0.0282778 0.0226422 0.0173749 0.0126558 0.00866246 0.00551649
 0.00749973 0.0122451 0.0185447 0.0263749 0.0354915 0.0452844 0.0547493 0.0627382 0.0683762 0.0713354 0.0717909 0.0701807 0.0669929 0.0626678 0.0575727 0.0519971 0.046155 0.0401983 0.0342402 0.0283811 0.0227368 0.0174571 0.0127231 0.00871385 0.00555274
 0.00750485 0.0122525 0.0185542 0.0263854 0.0355013 0.0452908 0.0547491 0.0627273 0.0683502 0.0712908 0.0717265 0.0701004 0.0669058 0.0625874 0.0575134 0.0519692 0.0461615 0.0402352 0.0342983 0.0284499 0.022807 0.0175217 0.0127778 0.00875638 0.00558311
 0.00749952 0.0122473 0.0185527 0.0263926 0.0355221 0.0453272 0.0547982 0.0627811 0.0683978 0.0713212 0.0717318 0.0700769 0.066855 0.0625159 0.0574326 0.0518928 0.0461023 0.0402012 0.0342909 0.0284648 0.0228363 0.0175571 0.0128122 0.00878552 0.00560501
#pred catch len freq
 0.00447848 0.00708118 0.0103182 0.0141048 0.0183855 0.023116 0.0281925 0.0334177 0.0385387 0.0433123 0.0475439 0.0511031 0.0539304 0.0560352 0.0574767 0.0583398 0.0587172 0.0586845 0.0582425 0.0572242 0.0552292 0.0516968 0.0461776 0.038698 0.0299556
 0.00462829 0.00725923 0.0104687 0.0141445 0.0182379 0.022758 0.0276841 0.0328878 0.0381275 0.0431035 0.0475309 0.0512068 0.0540545 0.0561226 0.0575379 0.0584422 0.0589421 0.0590723 0.0587543 0.0577428 0.0556049 0.0518166 0.0460198 0.0383365 0.0295162
 0.00485283 0.00760573 0.0109506 0.0147489 0.018914 0.0234107 0.0281837 0.0331065 0.0379971 0.0426607 0.0469109 0.0505802 0.0535466 0.0557713 0.0573131 0.058301 0.0588702 0.0590836 0.0588538 0.0578908 0.0557157 0.0517983 0.0458267 0.0379961 0.029111
 0.00505835 0.00793339 0.0114323 0.015411 0.0197727 0.0244608 0.0293816 0.0343536 0.0391393 0.0435175 0.0473328 0.0505093 0.0530444 0.0549892 0.0564232 0.057432 0.0580865 0.0584013 0.0582642 0.0573678 0.0552166 0.0512763 0.0452573 0.0373982 0.0285407
 0.00531491 0.00833134 0.0119972 0.0161582 0.0207109 0.0255951 0.0307084 0.0358478 0.0407367 0.0451006 0.0487327 0.0515334 0.05353 0.0548624 0.055729 0.0563141 0.0567279 0.0569622 0.0568474 0.0560186 0.053943 0.0500754 0.0441381 0.0363921 0.0276926
 0.00560968 0.00878953 0.0126484 0.0170184 0.0217839 0.0268738 0.0321735 0.0374642 0.042451 0.0468398 0.0503984 0.0529964 0.0546339 0.0554489 0.0556824 0.0556064 0.0554357 0.0552415 0.0548821 0.0539716 0.0519346 0.04819 0.0424425 0.034945 0.0265386
 0.00591268 0.00926335 0.0133275 0.0179254 0.0229292 0.0282555 0.0337723 0.0392371 0.0443302 0.0487375 0.0522148 0.054624 0.055958 0.0563473 0.0560335 0.0553128 0.0544581 0.053626 0.0527601 0.0515319 0.0493831 0.0457174 0.0402072 0.0330626 0.0250724
 0.00619536 0.00970694 0.0139667 0.018785 0.0240253 0.0295938 0.0353428 0.0410064 0.0462377 0.0506972 0.0541223 0.0563658 0.0574197 0.0574186 0.0566096 0.0552981 0.0537803 0.0522617 0.0507622 0.049041 0.0466124 0.0429159 0.0376128 0.0308598 0.0233624
 0.00649296 0.0101717 0.0146317 0.0196719 0.0251449 0.0309469 0.036916 0.0427659 0.0481259 0.0526344 0.0560124 0.0581032 0.0588967 0.0585312 0.0572612 0.0554003 0.0532578 0.0510676 0.0489041 0.0466088 0.0437896 0.0399597 0.0348033 0.0284354 0.0214666
 0.00685341 0.0107255 0.0154065 0.0206757 0.026371 0.03238 0.0385333 0.0445313 0.0499847 0.0545124 0.0578205 0.0597445 0.0602747 0.0595557 0.0578499 0.0554782 0.0527572 0.0499373 0.0471314 0.0442501 0.0409949 0.0369694 0.0319058 0.0258964 0.0194603
 0.00720003 0.0112623 0.0161652 0.0216697 0.0275961 0.0338167 0.0401446 0.0462617 0.0517628 0.0562596 0.059459 0.0612007 0.0614788 0.0604408 0.0583508 0.0555308 0.0522997 0.0489171 0.0455236 0.042087 0.0383946 0.0341426 0.0291242 0.0234254 0.017486
 0.00753583 0.0117891 0.016923 0.0226847 0.0288787 0.0353575 0.041907 0.0481757 0.0537278 0.058158 0.0611739 0.0626329 0.062556 0.0611182 0.058603 0.0553385 0.05164 0.0477633 0.0438603 0.0399387 0.0358576 0.0313992 0.0264208 0.0210127 0.0155473
 0.00789505 0.0123431 0.0177025 0.023702 0.0301321 0.0368353 0.0435857 0.0500106 0.0556456 0.0600556 0.0629281 0.0641176 0.0636633 0.0617746 0.058774 0.0550203 0.0508432 0.0465004 0.0421471 0.0378136 0.0334103 0.0287892 0.0238642 0.0187335 0.0137129
 0.008314 0.0129847 0.0185952 0.0248478 0.0315106 0.0384105 0.045308 0.0518159 0.0574555 0.0617832 0.0644834 0.0654122 0.0646144 0.0623123 0.0588502 0.0546145 0.0499604 0.0451646 0.0403966 0.0357077 0.031046 0.0263147 0.0214702 0.0166144 0.0120128
 0.00878228 0.0137015 0.0195916 0.0261247 0.0330422 0.0401508 0.0471921 0.0537575 0.05935 0.0635184 0.0659548 0.0665355 0.0653313 0.0625895 0.058675 0.0539894 0.0489007 0.0436979 0.0385666 0.0335818 0.0287254 0.0239408 0.0192136 0.0146422 0.0104441
 0.00910231 0.0142038 0.0203144 0.0270923 0.0342625 0.0416107 0.04885 0.0555383 0.0611492 0.0652161 0.0674329 0.0676925 0.066093 0.0629137 0.0585504 0.0534282 0.0479303 0.0423556 0.0369011 0.0316607 0.0266457 0.0218319 0.0172259 0.0129178 0.00908059
 0.00923089 0.0144196 0.0206525 0.0275925 0.034964 0.0425426 0.0500179 0.0569138 0.0626662 0.0667752 0.0689136 0.0689703 0.0670586 0.0634889 0.0586952 0.0531388 0.0472304 0.0412877 0.0355218 0.0300427 0.0248839 0.020045 0.0155459 0.0114656 0.0079365
 0.00937517 0.0146392 0.0209569 0.0279845 0.0354459 0.043122 0.0507096 0.0577331 0.0636156 0.0678311 0.0700191 0.0700388 0.0679874 0.0641782 0.0590657 0.0531435 0.0468578 0.0405585 0.0344835 0.0287658 0.0234605 0.0185856 0.0141684 0.0102744 0.00699935
 0.0096132 0.014991 0.0214211 0.0285383 0.0360531 0.0437471 0.0513284 0.058336 0.0642048 0.0684135 0.0705981 0.0706048 0.0685103 0.064607 0.0593362 0.0531931 0.0466408 0.0400573 0.0337134 0.0277751 0.0223263 0.0174057 0.0130472 0.00930291 0.00623538
 0.00957563 0.014948 0.0213895 0.0285435 0.0361212 0.043893 0.0515481 0.0586091 0.0645067 0.0687309 0.0709347 0.0709751 0.0689245 0.0650546 0.0597791 0.0535692 0.0468787 0.0400955 0.033518 0.0273507 0.0217175 0.0166889 0.0123137 0.00863746 0.00569671
 0.009359 0.0146377 0.0210012 0.028121 0.0357275 0.0435935 0.0513943 0.0586283 0.0646984 0.0690682 0.0713735 0.0714683 0.0694356 0.0655624 0.0602701 0.0540234 0.0472611 0.0403592 0.0336187 0.027265 0.0214559 0.0162971 0.0118609 0.00819631 0.00532341
 0.00923641 0.0144437 0.0207203 0.0277469 0.0352685 0.0430806 0.0508845 0.0581992 0.0644292 0.0690151 0.0715509 0.0718463 0.0699541 0.0661521 0.0608702 0.0545891 0.0477592 0.0407602 0.0338936 0.0273917 0.0214306 0.0161421 0.0116226 0.00793133 0.00508151
 0.00928814 0.0145053 0.0207709 0.0277516 0.0351862 0.0428775 0.0505494 0.057753 0.0639266 0.0685364 0.0711843 0.0716643 0.0699911 0.0663956 0.0612681 0.0550698 0.0482519 0.0412065 0.0342508 0.027632 0.0215435 0.0161376 0.01153 0.00779244 0.00493704
 0.00938682 0.0146481 0.0209519 0.0279506 0.03537 0.0430041 0.0505748 0.05764 0.0636577 0.0681262 0.0706858 0.0711612 0.0695768 0.0661458 0.0612187 0.055209 0.0485286 0.04155 0.0345907 0.0279134 0.0217339 0.0162294 0.0115375 0.00774405 0.00486497
 0.00935293 0.0146069 0.0209151 0.0279367 0.0353975 0.0430816 0.0506918 0.0577656 0.0637467 0.0681334 0.0705816 0.0709455 0.0692847 0.0658407 0.0609736 0.0550813 0.0485412 0.0416856 0.034802 0.028142 0.0219297 0.0163628 0.011603 0.00775488 0.00484336
 0.0092248 0.014409 0.0206382 0.0275823 0.0349815 0.0426363 0.0502658 0.0574154 0.0635213 0.0680548 0.0706363 0.0710908 0.0694692 0.0660268 0.0611513 0.0552661 0.0487589 0.0419523 0.0351113 0.0284653 0.0222282 0.0166036 0.0117703 0.00785234 0.00488783
 0.00916483 0.0143067 0.0204753 0.0273387 0.0346399 0.0421905 0.0497296 0.056829 0.0629489 0.0675735 0.0703166 0.0709758 0.0695607 0.0662876 0.0615218 0.0556891 0.049196 0.0423858 0.0355336 0.028866 0.0225894 0.0169044 0.0119967 0.00800353 0.00497593
 0.00914482 0.0142788 0.0204406 0.027298 0.0345892 0.0421161 0.0496072 0.0566308 0.0626577 0.0671983 0.0698993 0.0705837 0.069266 0.0661426 0.061543 0.0558566 0.049467 0.0427136 0.0358799 0.0292035 0.0228976 0.017167 0.0122023 0.00814901 0.00506752
 0.00921548 0.0143798 0.020567 0.0274372 0.0347245 0.0422327 0.0496946 0.0566799 0.0626554 0.0671253 0.0697369 0.070328 0.0689398 0.0657956 0.0612375 0.0556448 0.0493741 0.0427342 0.0359869 0.0293617 0.023074 0.0173351 0.0123443 0.00825607 0.00513923
 0.00928603 0.0144803 0.0206919 0.0275716 0.0348481 0.0423254 0.0497428 0.056679 0.0626089 0.0670413 0.0696231 0.0701874 0.0687719 0.0656031 0.0610342 0.0554579 0.0492362 0.0426698 0.0360023 0.0294435 0.0231962 0.0174694 0.0124674 0.0083542 0.00520819
 0.00932528 0.0145388 0.0207695 0.0276636 0.034945 0.0424135 0.049806 0.0567017 0.0625807 0.0669617 0.0695024 0.0700437 0.0686234 0.0654623 0.0609071 0.0553485 0.0491519 0.0426218 0.0360007 0.0294901 0.023281 0.017574 0.0125716 0.00844247 0.0052733
 0.00930661 0.0145169 0.0207523 0.0276634 0.0349751 0.0424825 0.0499124 0.0568319 0.0627117 0.0670669 0.0695594 0.0700403 0.068561 0.0653543 0.0607733 0.0552091 0.0490239 0.0425188 0.0359326 0.0294621 0.0232915 0.0176134 0.0126256 0.00849681 0.00531812
 0.00916766 0.0143145 0.0204915 0.0273655 0.0346731 0.042213 0.0497079 0.0567161 0.0626959 0.0671473 0.0697167 0.0702435 0.0687755 0.0655513 0.0609363 0.0553348 0.0491191 0.0425951 0.036002 0.0295333 0.0233683 0.0176937 0.0127032 0.00856441 0.00537054
 0.00908645 0.0141856 0.0203043 0.0271143 0.0343607 0.0418554 0.0493369 0.0563773 0.0624388 0.0670112 0.0697191 0.0703762 0.0690085 0.0658421 0.0612417 0.0556205 0.0493656 0.0427975 0.0361659 0.0296687 0.0234837 0.017794 0.0127889 0.00863392 0.00542251
 0.00900636 0.0140614 0.0201283 0.0268821 0.0340712 0.0415106 0.0489448 0.0559565 0.0620226 0.0666469 0.0694595 0.0702656 0.0690679 0.0660617 0.0615833 0.0560304 0.04979 0.0431949 0.0365125 0.0299566 0.0237153 0.0179758 0.0129276 0.00873539 0.00549248
 0.00894197 0.0139594 0.0199795 0.0266798 0.0338118 0.041195 0.0485809 0.0555599 0.0616167 0.0662615 0.0691296 0.0700291 0.0689605 0.0661078 0.0617859 0.0563667 0.0502154 0.0436557 0.036959 0.0303537 0.0240449 0.018234 0.0131194 0.00887027 0.00558159
