SBPRF35
12.7214
Curr Bio
623789
B35
876986
F35
0.172744
FOFL
0.118899
OFL
61060.5
Bzero
3.63469e+06
#pred survey bio
 3.48774e+06 3.379e+06 3.27181e+06 3.13569e+06 2.93472e+06 2.70692e+06 2.45931e+06 2.22512e+06 1.99908e+06 1.75984e+06 1.57892e+06 1.39933e+06 1.2329e+06 1.09011e+06 952667 854590 777949 718838 652900 631573 616613 597413 572594 555899 540435 539920 546544 548051 538452 534205 541736 543829 555466 560353 568510 577701 590805 603021 613586 631385 628815 638310 644126 647700 647801 643847 650410 648790 639459 629125 2.1791e+07 1.35658e+07 1.44014e+07 1.58305e+07 1.76098e+07 1.9473e+07 2.12303e+07 2.27763e+07 2.40725e+07 2.51228e+07 2.59535e+07 2.65995e+07 2.7096e+07 2.74749e+07 2.77628e+07 2.79812e+07 2.8147e+07 2.82731e+07 2.83693e+07 2.8443e+07 2.84997e+07 2.85435e+07 2.85776e+07 2.86042e+07 2.86251e+07 2.86416e+07 2.86546e+07 2.8665e+07 2.86732e+07 2.86798e+07 2.8685e+07 2.86893e+07 2.86927e+07 2.86955e+07 2.86977e+07 2.86996e+07 2.8701e+07 2.87023e+07 2.87032e+07 2.8704e+07 2.87047e+07 2.87052e+07 2.87057e+07 2.8706e+07 2.87063e+07 2.87065e+07 2.87067e+07 2.87069e+07 2.8707e+07 2.87071e+07 2.87072e+07 2.87073e+07 2.87073e+07 2.87074e+07 2.87074e+07 2.87075e+07 2.87075e+07 2.87075e+07 2.87075e+07 2.87075e+07 2.87075e+07 2.87076e+07 2.87076e+07 2.87076e+07 2.87076e+07 2.87076e+07 2.87076e+07 2.87076e+07 2.87076e+07 2.87076e+07 2.87076e+07 2.87076e+07 2.87076e+07 2.87076e+07 2.87076e+07 2.87076e+07 2.87076e+07 2.87076e+07 2.87076e+07 2.87076e+07 2.87076e+07 2.87076e+07 2.87076e+07 2.87076e+07 2.87076e+07 2.87076e+07 2.87076e+07 2.87076e+07 2.87076e+07 2.87076e+07 2.87076e+07 2.87076e+07 2.87076e+07 2.87076e+07 2.87076e+07 2.87076e+07 2.87076e+07 2.87076e+07 2.87076e+07 2.87076e+07 0 0 0 0 0 0 0 0 0 0 0 0 0 0 0 0 0 0 0 0 0 0 0 0 0
#obs survey bio
 2.64509e+06 3.49882e+06 3.75574e+06 3.05498e+06 2.88733e+06 1.85458e+06 2.84610e+06 2.1775e+06 2.26208e+06 1.47414e+06 1.40315e+06 1.32424e+06 1.23216e+06 973844 1.16286e+06 681366 734054 690133 482649 464030 600669 788405 623911 602049 522391 857629 636738 544252 544306 448560 524686 564711 484919 501835 462641 679849 570304 755000 537632 646017 682828 593389 792316 833501 703800 798368 918172 687324 685770 448245
#pred catch bio
 101841 105852 141350 211996 250427 283982 287323 294068 317494 274205 280172 272667 253574 248692 213600 194670 178306 180810 140420 134639 136069 136482 125160 120774 106151 99315.8 102762 110360 104068 93960 99279.7 92287.1 98907.7 96393.1 95838.5 93014.5 94558.2 97002.2 92596.2 110944 101135 105321 107733 110491 113039 103307 109359 114213 113549 109491 61060.5 89640.2 93955.3 102253 113562 125586 136851 146620 154653 161006 165886 169552 172259 174229 175649 176663 177383 177890 178246 178496 178670 178791 178875 178934 178974 179002 179021 179035 179044 179050 179054 179057 179059 179061 179062 179062 179063 179063 179063 179064 179064 179064 179064 179064 179064 179064 179064 179064 179064 179064 179064 179064 179064 179064 179064 179064 179064 179064 179064 179064 179064 179064 179064 179064 179064 179064 179064 179064 179064 179064 179064 179064 179064 179064 179064 179064 179064 179064 179064 179064 179064 179064 179064 179064 179064 179064 179064 179064 179064 179064 179064 179064 179064 179064 179064 179064 179064 179064 179064 179064 0 0 0 0 0 0 0 0 0 0 0 0 0 0 0 0 0 0 0 0 0 0 0 0 0
#obs catch bio
 0 105690 141225 212663 250705 284989 288181 295380 319310 274523 280664 273721 253970 248713 212884 195572 179355 182557 141279 136555 138158 137770 125497 120919 106598 99295.6 102613 110259 103646 93620.8 99073.8 92220.2 99354.9 96548.1 96090.9 92954.3 94433.9 96767.3 92361.9 111378 100958 105506 107831 110701 113336 103115 109224 113741 112946 109466
#pred cpue bio
 3.442e+06 3.33461e+06 3.22744e+06 3.09096e+06 2.89053e+06 2.66332e+06 2.4164e+06 2.18295e+06 1.95797e+06 1.72033e+06 1.54048e+06 1.36213e+06 1.19716e+06 1.05582e+06 919900 822689 746813 688694 624254 603244 588674 570495 547045 531278 516414 516126 522950 524743 515603 511548 518850 520743 531998 536880 545020 554156 567094 579058 589247 606443 603874 613108 618723 622254 622524 618866 625526 624258 615307 605119 2.09519e+07 1.30499e+07 1.37232e+07 1.49929e+07 1.67251e+07 1.8579e+07 2.03346e+07 2.18804e+07 2.31766e+07 2.42269e+07 2.50576e+07 2.57035e+07 2.62001e+07 2.65789e+07 2.68668e+07 2.70853e+07 2.7251e+07 2.73771e+07 2.74733e+07 2.7547e+07 2.76037e+07 2.76476e+07 2.76817e+07 2.77083e+07 2.77292e+07 2.77457e+07 2.77587e+07 2.7769e+07 2.77772e+07 2.77838e+07 2.77891e+07 2.77933e+07 2.77968e+07 2.77995e+07 2.78018e+07 2.78036e+07 2.78051e+07 2.78063e+07 2.78073e+07 2.78081e+07 2.78087e+07 2.78093e+07 2.78097e+07 2.78101e+07 2.78103e+07 2.78106e+07 2.78108e+07 2.78109e+07 2.78111e+07 2.78112e+07 2.78113e+07 2.78113e+07 2.78114e+07 2.78114e+07 2.78115e+07 2.78115e+07 2.78115e+07 2.78115e+07 2.78116e+07 2.78116e+07 2.78116e+07 2.78116e+07 2.78116e+07 2.78116e+07 2.78116e+07 2.78116e+07 2.78116e+07 2.78116e+07 2.78116e+07 2.78116e+07 2.78116e+07 2.78116e+07 2.78116e+07 2.78116e+07 2.78116e+07 2.78116e+07 2.78116e+07 2.78116e+07 2.78116e+07 2.78116e+07 2.78116e+07 2.78116e+07 2.78116e+07 2.78116e+07 2.78116e+07 2.78116e+07 2.78116e+07 2.78116e+07 2.78116e+07 2.78116e+07 2.78116e+07 2.78116e+07 2.78116e+07 2.78116e+07 2.78116e+07 2.78116e+07 2.78116e+07 2.78116e+07 2.78116e+07 2.78116e+07 0 0 0 0 0 0 0 0 0 0 0 0 0 0 0 0 0 0 0 0 0 0 0 0 0
#obs cpue bio
 3.26394e+06 3.58506e+06 3.29887e+06 2.38375e+06 3.33977e+06 3.03708e+06 1.98828e+06 1.83406e+06 1.8978e+06 2.21855e+06 1.86032e+06 1.21567e+06 1.2841e+06 1.38604e+06 861992 656484 651324 632556 686516 454742 487621 542007 622020 550615 387471 412829 509150 564349 634630 567902 574673 400421 460177 668300 613010 577571 640331 547911 579048 478443 675159 539018 524556 442499 566507 604491 471613 774322 660773 583890
#pred surv len freq
 0.00427249 0.00703051 0.0107567 0.0154904 0.0211481 0.027432 0.0338119 0.0396683 0.0445287 0.0482191 0.0508336 0.0525947 0.0537324 0.054428 0.054805 0.0549403 0.0548824 0.0546549 0.0542155 0.0533679 0.0516918 0.0486045 0.0436234 0.0367242 0.0285432
 0.00457514 0.00743447 0.0112053 0.0158852 0.0213871 0.027464 0.0336704 0.0394571 0.0443627 0.0481578 0.0508529 0.0526137 0.0536722 0.0542654 0.05459 0.0547713 0.0548549 0.0548073 0.0544989 0.0536573 0.0518385 0.0485064 0.0432732 0.0362078 0.0279911
 0.00466187 0.00763198 0.0115997 0.0165722 0.0224256 0.0288166 0.0351723 0.0408519 0.0454023 0.0487082 0.0509332 0.0523476 0.053198 0.0536738 0.0539238 0.0540632 0.0541546 0.0541716 0.0539551 0.0531758 0.051343 0.0479214 0.0425768 0.0354505 0.0272689
 0.00476384 0.0077885 0.0118234 0.0168824 0.0228604 0.0294391 0.036056 0.0420374 0.0468419 0.0502379 0.0523078 0.0533312 0.053656 0.0536077 0.0534355 0.0532903 0.0532228 0.053178 0.0529646 0.0522164 0.0504075 0.0469883 0.0416424 0.034551 0.0264695
 0.00495379 0.00809532 0.0122804 0.0175169 0.0236867 0.0304512 0.0372254 0.0433214 0.0481979 0.0516269 0.0536753 0.054578 0.054633 0.0541547 0.0534454 0.0527534 0.052224 0.0518543 0.0514563 0.0506352 0.0488292 0.0454649 0.0402225 0.033291 0.0254267
 0.00516519 0.00844216 0.0128082 0.0182697 0.0246978 0.0317288 0.0387374 0.044991 0.0499168 0.053282 0.0551724 0.0558491 0.0556221 0.0547962 0.0536564 0.0524553 0.0513813 0.0505038 0.0497038 0.0486272 0.0467198 0.0433953 0.0383156 0.0316476 0.0241148
 0.00539123 0.0088143 0.0133772 0.0190866 0.0258047 0.0331437 0.0404377 0.0469052 0.0519315 0.0552613 0.0569803 0.0573689 0.0567668 0.0555077 0.0538938 0.0521822 0.0505661 0.0491394 0.0478347 0.046364 0.0442307 0.04088 0.0359706 0.0296331 0.0225281
 0.00558357 0.009135 0.0138753 0.0198143 0.0268087 0.0344509 0.0420385 0.0487459 0.0539191 0.0572773 0.0588969 0.059061 0.0581223 0.0564355 0.0543274 0.0520769 0.0498943 0.0478928 0.0460396 0.0441029 0.0416562 0.0382039 0.033427 0.0274267 0.0207881
 0.00576281 0.00943327 0.0143376 0.0204886 0.0277389 0.0356634 0.0435287 0.0504698 0.0557976 0.059208 0.060767 0.0607574 0.0595378 0.057474 0.0549077 0.0521349 0.0493851 0.0467949 0.0443668 0.0419234 0.0391096 0.0354998 0.0308132 0.0251327 0.0189672
 0.00606505 0.00991316 0.0150389 0.0214454 0.0289713 0.0371702 0.0452775 0.0523923 0.0577956 0.0611686 0.062579 0.0623217 0.0607718 0.0583105 0.0552917 0.0520199 0.0487321 0.0455787 0.0425906 0.0396423 0.0364515 0.0326692 0.0280632 0.0227064 0.0170334
 0.00629236 0.0102853 0.0156034 0.022247 0.0300419 0.0385146 0.0468598 0.0541345 0.0595928 0.0629134 0.0641794 0.0637056 0.0618816 0.0590949 0.0557015 0.0520062 0.0482486 0.0445883 0.0410809 0.0376482 0.0340783 0.0300994 0.0255327 0.0204497 0.0152198
 0.00650862 0.0106484 0.016171 0.0230797 0.0311899 0.0399966 0.0486421 0.0561234 0.0616485 0.0648789 0.0659118 0.0650976 0.0628691 0.0596523 0.0558268 0.0517034 0.047515 0.0434142 0.039463 0.0356155 0.0317193 0.0275752 0.0230585 0.0182451 0.0134463
 0.0067538 0.0110445 0.0167631 0.0239103 0.032293 0.0413875 0.0503038 0.0579962 0.0636298 0.066835 0.0676963 0.066573 0.0639275 0.0602298 0.0559048 0.0512973 0.0466555 0.0421319 0.0377881 0.0335929 0.0294347 0.025171 0.0207236 0.0161737 0.0117827
 0.00702276 0.0114749 0.0173981 0.0247849 0.0334275 0.0427779 0.0519111 0.0597446 0.0654175 0.0685522 0.0692397 0.0678513 0.0648618 0.0607565 0.055982 0.0509108 0.0458176 0.0408753 0.0361597 0.0316573 0.0272859 0.0229432 0.0185837 0.0142887 0.010275
 0.00740667 0.0120836 0.0182844 0.0259853 0.0349531 0.0446013 0.053954 0.0618771 0.0674775 0.0703793 0.0707066 0.0688786 0.0654163 0.060838 0.0556097 0.0501122 0.0446254 0.0393286 0.034309 0.0295722 0.0250636 0.0207122 0.0164937 0.0124822 0.00884942
 0.00764168 0.0124733 0.0188846 0.0268505 0.0361234 0.0460815 0.0556948 0.0637707 0.0693758 0.0721257 0.0721653 0.0699517 0.0660482 0.0610119 0.055339 0.0494297 0.0435735 0.0379543 0.0326656 0.0277276 0.0231086 0.0187633 0.0146818 0.0109273 0.00763021
 0.00771402 0.0126133 0.0191375 0.0272741 0.036777 0.0470068 0.0568955 0.065201 0.0709438 0.0737075 0.0736253 0.071163 0.0669107 0.0614643 0.0553614 0.0490372 0.042805 0.0368624 0.0313121 0.026185 0.0214656 0.0171259 0.013164 0.00963007 0.00661756
 0.00775089 0.012673 0.0192286 0.0274096 0.0369778 0.0473045 0.0573299 0.0658103 0.0717469 0.0746871 0.0747191 0.0722702 0.0679119 0.0622459 0.0558367 0.0491579 0.0425621 0.0362806 0.030442 0.025097 0.0202472 0.0158777 0.0119895 0.00861848 0.00582497
 0.00807822 0.0131637 0.0198894 0.0282183 0.0378887 0.0482596 0.0582688 0.0666777 0.0725008 0.0753053 0.0752 0.0726225 0.0681394 0.0623368 0.0557636 0.0488882 0.0420722 0.0355671 0.0295271 0.0240288 0.019096 0.0147284 0.0109293 0.00772001 0.00513037
 0.00804706 0.0131368 0.0198914 0.0282832 0.0380469 0.0485197 0.0586066 0.067043 0.0728411 0.075593 0.0754438 0.0728571 0.0683995 0.0626328 0.0560705 0.0491513 0.0422249 0.0355521 0.0293138 0.0236229 0.0185389 0.0140881 0.0102849 0.00714282 0.00466793
 0.00783001 0.0128205 0.0194851 0.0278233 0.0375924 0.0481403 0.0583686 0.0669945 0.0729982 0.0759321 0.0759085 0.0733801 0.0689273 0.0631378 0.056543 0.0495811 0.0425874 0.0358088 0.0294262 0.0235705 0.0183315 0.0137666 0.00990997 0.00677715 0.00435909
 0.00769695 0.0126021 0.0191549 0.0273619 0.0369996 0.0474499 0.057658 0.0663758 0.0725885 0.0758143 0.0761026 0.0738406 0.0695654 0.0638543 0.0572556 0.0502358 0.0431525 0.0362628 0.0297498 0.0237493 0.0183654 0.0136775 0.00973968 0.00657589 0.00417074
 0.007773 0.012698 0.0192474 0.0274104 0.0369553 0.0472721 0.0573309 0.0659197 0.0720613 0.0753023 0.0757013 0.0736285 0.0695801 0.0640815 0.0576388 0.0506981 0.0436208 0.0366808 0.0300804 0.0239717 0.0184743 0.0136837 0.00966969 0.00646545 0.00405441
 0.00787255 0.0128444 0.0194373 0.0276267 0.0371658 0.047432 0.0573883 0.0658272 0.0717927 0.0748704 0.0751652 0.0730831 0.0691295 0.0638074 0.0575767 0.0508318 0.0438938 0.0370188 0.0304133 0.0242473 0.0186641 0.0137825 0.00969154 0.00643599 0.00400179
 0.00791675 0.0129231 0.0195672 0.0278246 0.0374408 0.0477743 0.0577612 0.0661675 0.0720255 0.074931 0.0750217 0.0727491 0.0686638 0.0632996 0.0571219 0.0505029 0.0437225 0.0369921 0.0304858 0.0243621 0.0187722 0.0138544 0.00971905 0.00642758 0.00397352
 0.0078443 0.0128039 0.019387 0.0275732 0.0371192 0.0474033 0.0573844 0.065844 0.0718097 0.0748503 0.075064 0.0728711 0.068813 0.063439 0.057244 0.0506269 0.0438775 0.0371969 0.0307365 0.0246327 0.0190265 0.0140617 0.00986426 0.00651313 0.00401362
 0.00777604 0.0126846 0.0191923 0.0272763 0.0366985 0.0468539 0.0567307 0.0651444 0.0711491 0.0743212 0.074743 0.0727971 0.068977 0.06379 0.05771 0.0511405 0.0443936 0.0376943 0.0312063 0.0250657 0.0194078 0.0143742 0.0100978 0.00666947 0.00410608
 0.00771584 0.0125959 0.0190746 0.0271324 0.0365297 0.0466551 0.0564886 0.0648438 0.0707854 0.0739129 0.074336 0.0724558 0.0687651 0.0637483 0.0578427 0.0514172 0.0447639 0.0381066 0.0316202 0.0254538 0.0197514 0.0146599 0.0103178 0.0068238 0.00420328
 0.00780418 0.012723 0.0192356 0.0273128 0.0367098 0.0468165 0.0566173 0.0649278 0.0708091 0.0738553 0.0741777 0.0721935 0.068423 0.0633781 0.0575086 0.0511732 0.044637 0.0380928 0.0316939 0.0255809 0.0198999 0.0148045 0.0104413 0.00691766 0.00426658
 0.00791744 0.0128901 0.0194548 0.0275695 0.0369785 0.0470654 0.0568143 0.0650459 0.0708326 0.073783 0.0740216 0.0719715 0.0681534 0.0630794 0.0572041 0.0508939 0.0444155 0.0379528 0.0316411 0.0256023 0.0199705 0.0148967 0.0105322 0.00699295 0.00432071
 0.0079371 0.0129197 0.0194946 0.027617 0.0370274 0.0471057 0.0568323 0.0650279 0.0707695 0.0736759 0.0738831 0.0718224 0.0680146 0.0629647 0.0571188 0.050838 0.0443903 0.0379625 0.0316897 0.0256882 0.0200829 0.0150185 0.0106458 0.00708565 0.0043875
 0.00795758 0.0129595 0.0195658 0.0277337 0.0372005 0.0473352 0.0571016 0.065303 0.0710064 0.0738329 0.0739322 0.0717567 0.0678485 0.0627285 0.056849 0.0505686 0.0441471 0.0377629 0.0315433 0.0255977 0.0200437 0.015019 0.0106701 0.00711852 0.00441791
 0.00780853 0.0127378 0.0192715 0.0273825 0.0368224 0.0469698 0.0567927 0.0650919 0.0709225 0.0738843 0.0741012 0.0720043 0.0681273 0.0629973 0.0570822 0.0507584 0.0442991 0.0378891 0.0316559 0.0257051 0.0201488 0.0151195 0.0107607 0.00719332 0.0044737
 0.00776632 0.012661 0.0191419 0.027181 0.0365376 0.0466089 0.0563895 0.0647039 0.0706155 0.0737107 0.074084 0.0721329 0.0683653 0.0632954 0.0573924 0.0510445 0.0445419 0.0380853 0.0318128 0.0258337 0.0202584 0.0152147 0.0108417 0.0072586 0.00452215
 0.0077179 0.0125823 0.0190228 0.027011 0.0363064 0.046309 0.0560215 0.064283 0.0701764 0.0733066 0.073777 0.0719768 0.0683879 0.0634889 0.0577171 0.0514429 0.0449567 0.0384731 0.0321493 0.0261114 0.0204802 0.0153876 0.0109728 0.00735395 0.00458745
 0.00769031 0.0125327 0.0189398 0.026881 0.0361171 0.0460544 0.055706 0.0639223 0.069795 0.0729342 0.0734466 0.0717246 0.0682497 0.063492 0.0578693 0.0517264 0.0453307 0.0388857 0.0325522 0.02647 0.0207771 0.0156191 0.011144 0.00747374 0.00466627
 0.00768763 0.0125182 0.0188988 0.0267935 0.035962 0.0458173 0.0553863 0.0635367 0.0693745 0.0725179 0.0730743 0.0714317 0.0680642 0.0634333 0.0579468 0.0519362 0.0456528 0.0392842 0.0329813 0.0268846 0.0211419 0.0159148 0.011366 0.00762862 0.00476654
 0.0077229 0.0125684 0.0189604 0.0268566 0.0360105 0.0458302 0.055341 0.063414 0.0691651 0.0722287 0.0727309 0.0710739 0.0677376 0.0631794 0.0577962 0.0519053 0.045742 0.0394774 0.0332481 0.0271856 0.0214377 0.0161744 0.0115719 0.00777731 0.00486453
 0.00776916 0.0126408 0.0190636 0.0269919 0.0361733 0.0460085 0.0555133 0.0635502 0.0692323 0.0721997 0.0725931 0.0708349 0.067425 0.0628361 0.057471 0.0516425 0.0455729 0.0394147 0.0332848 0.0272979 0.0215926 0.016338 0.0117181 0.00789166 0.00494402
 0.00761659 0.0124239 0.0187949 0.0267028 0.035906 0.045801 0.0553881 0.0635104 0.0692647 0.0722811 0.072696 0.0709327 0.0674977 0.0628752 0.0574827 0.051646 0.0455936 0.0394751 0.0333959 0.0274556 0.0217788 0.0165277 0.0118879 0.00802637 0.0050393
 0.00768514 0.0125161 0.0188994 0.0268009 0.0359808 0.0458506 0.0554317 0.0635802 0.0693868 0.0724551 0.0728895 0.0710929 0.0675743 0.0628398 0.0573369 0.0514173 0.0453251 0.0392131 0.0331788 0.0273057 0.0216995 0.0165066 0.0119039 0.00805837 0.00507177
 0.00765922 0.0124789 0.0188517 0.0267439 0.0359136 0.0457669 0.0553217 0.0634391 0.0692251 0.0723046 0.0727938 0.0710873 0.0676649 0.0629986 0.0575151 0.0515689 0.0454253 0.0392631 0.0331982 0.0273191 0.0217245 0.0165485 0.0119573 0.00811272 0.00511792
 0.00759431 0.0123869 0.0187386 0.0266241 0.0358062 0.0456889 0.0552818 0.063434 0.0692414 0.0723246 0.0728048 0.0710896 0.0676724 0.0630293 0.0575781 0.0516563 0.0455167 0.0393384 0.0332486 0.0273491 0.0217459 0.0165718 0.0119862 0.00814454 0.0051474
 0.00751409 0.012264 0.0185683 0.0264092 0.0355586 0.0454307 0.0550437 0.0632511 0.0691425 0.0723211 0.0728861 0.0712279 0.0678359 0.0631954 0.0577377 0.0518096 0.0456644 0.0394763 0.0333692 0.0274472 0.0218221 0.0166309 0.0120334 0.00818299 0.00517768
 0.00746289 0.0121818 0.0184468 0.0262425 0.0353452 0.0451771 0.0547678 0.0629817 0.0689151 0.0721691 0.0728313 0.0712743 0.0679689 0.0633874 0.0579577 0.0520323 0.0458743 0.0396659 0.033535 0.0275871 0.0219353 0.0167187 0.0120994 0.00823106 0.00521147
 0.00745228 0.0121628 0.018415 0.0261922 0.0352705 0.0450735 0.0546344 0.0628231 0.0687424 0.0719999 0.0726873 0.0711773 0.0679351 0.063422 0.058053 0.0521706 0.0460338 0.0398272 0.0336845 0.0277171 0.0220425 0.016803 0.0121625 0.0082761 0.00524201
 0.00734026 0.01199 0.0181725 0.0258785 0.0348923 0.0446459 0.0541817 0.0623788 0.0683452 0.0716873 0.072489 0.0711112 0.0680058 0.0636213 0.0583608 0.0525571 0.0464632 0.0402633 0.0340956 0.0280803 0.0223446 0.01704 0.0123376 0.00839743 0.0053204
 0.00734771 0.0119891 0.0181473 0.025807 0.034753 0.0444276 0.0538915 0.0620423 0.0679991 0.071368 0.0722255 0.0709232 0.067906 0.0636167 0.0584525 0.0527379 0.0467162 0.040563 0.0344121 0.0283844 0.0226137 0.0172602 0.0125046 0.00851482 0.00539664
 0.00745839 0.0121564 0.0183745 0.0260857 0.0350614 0.0447311 0.0541451 0.0621982 0.0680198 0.0712399 0.0719653 0.0705725 0.0675177 0.0632419 0.0581316 0.0524972 0.0465674 0.0405032 0.0344262 0.0284491 0.0227034 0.0173529 0.0125854 0.00857674 0.00543909
 0.00751366 0.0122551 0.0185385 0.0263381 0.0354181 0.045188 0.0546679 0.0627225 0.0684645 0.0715297 0.0720515 0.0704446 0.0672033 0.062797 0.0576251 0.0519954 0.0461223 0.0401465 0.0341685 0.0282837 0.0226119 0.0173126 0.0125751 0.00858013 0.0054464
#obs surv len freq
 nan nan nan nan nan nan nan nan nan nan nan nan nan nan nan nan nan nan nan nan nan nan nan nan nan
 0.00448449 0.00734587 0.011176 0.0159927 0.021694 0.0279701 0.0342847 0.0400163 0.0446957 0.0481591 0.0505163 0.0520114 0.0529029 0.0534146 0.0537283 0.0539827 0.054261 0.0545535 0.0546922 0.054284 0.0527221 0.0493543 0.0438043 0.0362847 0.0276687
 0.00461335 0.00755748 0.0114981 0.0164514 0.0223073 0.0287384 0.0351805 0.0409818 0.0456512 0.049018 0.0512022 0.052469 0.0531039 0.0533576 0.0534349 0.0534897 0.0536114 0.0537899 0.0538534 0.053407 0.0518454 0.0485209 0.0430585 0.0356643 0.0271945
 0.00477556 0.00782274 0.0119003 0.0170231 0.0230738 0.0297074 0.0363311 0.0422592 0.0469712 0.0502808 0.0523065 0.053325 0.053643 0.0535397 0.0532515 0.0529623 0.052785 0.0527235 0.052613 0.0520627 0.0504723 0.0471992 0.0418678 0.0346701 0.0264333
 0.0049726 0.0081439 0.0123852 0.0177094 0.0239899 0.0308615 0.0376995 0.0437816 0.048558 0.0518277 0.0537089 0.0544864 0.0544793 0.0539845 0.0532621 0.0525253 0.0519187 0.0514771 0.0510618 0.0503039 0.0486214 0.0453835 0.0402132 0.0332797 0.0253647
 0.00517774 0.00848183 0.012902 0.0184509 0.0249926 0.0321385 0.0392262 0.0454906 0.0503491 0.0535865 0.0553245 0.0558601 0.0555268 0.0546347 0.0534581 0.0522287 0.0511165 0.0501892 0.049348 0.0482667 0.0464034 0.0431558 0.0381512 0.0315293 0.0240111
 0.00541622 0.00887039 0.0134886 0.0192813 0.0261024 0.0335403 0.0408952 0.0473585 0.0523119 0.0555229 0.0571138 0.0573946 0.0567163 0.0554068 0.0537557 0.0520084 0.0503509 0.0488763 0.0475251 0.0460251 0.0438942 0.04058 0.0357277 0.0294482 0.0223892
 0.00565229 0.00925872 0.0140815 0.0201302 0.0272481 0.0349969 0.0426344 0.0493047 0.0543535 0.0575342 0.0589749 0.0590011 0.057981 0.0562578 0.054134 0.0518661 0.0496524 0.0476054 0.0457009 0.0437218 0.041257 0.0378202 0.0330903 0.0271559 0.0205865
 0.00589374 0.00965377 0.014681 0.0209837 0.028395 0.0364525 0.0443742 0.0512579 0.0564117 0.0595709 0.0608656 0.0606365 0.0592717 0.057134 0.0545416 0.0517613 0.0489997 0.0463826 0.0439148 0.0414316 0.0385955 0.034996 0.0303573 0.0247552 0.0186823
 0.00611495 0.010019 0.0152412 0.02179 0.029489 0.0378506 0.0460519 0.0531443 0.0584003 0.06154 0.0626976 0.0622285 0.0605385 0.0580073 0.0549677 0.0516973 0.0484111 0.045246 0.0422306 0.0392473 0.0360293 0.0322436 0.0276672 0.0223708 0.0167762
 0.006368 0.0104293 0.0158568 0.0226552 0.0306365 0.0392888 0.0477512 0.0550315 0.0603673 0.0634638 0.0644599 0.0637282 0.0616972 0.0587678 0.0552893 0.0515502 0.0477708 0.0440954 0.0405709 0.0371197 0.0335393 0.0295717 0.0250479 0.0200394 0.014904
 0.00660956 0.0108273 0.0164652 0.0235262 0.0318094 0.0407714 0.0495036 0.0569619 0.0623483 0.0653594 0.06615 0.0651199 0.0627248 0.0593888 0.0554778 0.0512903 0.0470522 0.0429122 0.0389305 0.0350621 0.0311599 0.0270332 0.0225641 0.0178275 0.0131245
 0.00684175 0.0112081 0.0170445 0.0243528 0.0329212 0.0421806 0.05118 0.0588264 0.0642819 0.067225 0.0678159 0.0664774 0.0636973 0.0599324 0.0555759 0.0509439 0.0462696 0.0417049 0.0373188 0.0330904 0.0289176 0.0246661 0.0202621 0.0157837 0.0114816
 0.00709059 0.0116149 0.0176605 0.0252261 0.0340864 0.0436424 0.0528977 0.0607093 0.0662026 0.0690446 0.0694071 0.0677385 0.064557 0.0603501 0.055539 0.0504617 0.0453652 0.0404088 0.0356688 0.0311422 0.0267605 0.0224329 0.0181196 0.0138985 0.00997497
 0.00727894 0.0119298 0.0181506 0.0259417 0.0350688 0.0449067 0.0544158 0.0624041 0.0679592 0.0707328 0.0709039 0.0689424 0.0653942 0.060776 0.0555359 0.0500343 0.0445353 0.0392105 0.0341481 0.0293621 0.0248111 0.0204367 0.0162223 0.0122412 0.00865737
 0.00743723 0.0121872 0.0185386 0.0264912 0.0358057 0.0458448 0.0555466 0.0636906 0.069336 0.0721136 0.0721924 0.0700439 0.0662266 0.0612774 0.0556696 0.0497879 0.0439176 0.0382479 0.0328836 0.0278583 0.023155 0.018741 0.0146152 0.0108427 0.00754932
 0.00751268 0.0123139 0.0187369 0.0267833 0.0362122 0.0463789 0.0562086 0.064465 0.0701947 0.0730199 0.0731032 0.0709086 0.0669865 0.0618689 0.0560317 0.0498719 0.0436945 0.037713 0.032058 0.0267905 0.0219211 0.017442 0.0133644 0.00974453 0.00667525
 0.00761841 0.0124746 0.0189584 0.027065 0.0365493 0.0467662 0.0566418 0.0649398 0.0707045 0.0735542 0.0736472 0.0714423 0.067484 0.0622967 0.0563484 0.0500313 0.0436532 0.0374401 0.0315455 0.02606 0.0210271 0.0164666 0.0124045 0.0088907 0.00599049
 0.00765309 0.0125318 0.0190457 0.027189 0.0367133 0.0469674 0.0568704 0.0651818 0.0709485 0.0737982 0.0738992 0.0717143 0.0677816 0.0626109 0.0566524 0.0502835 0.043804 0.0374426 0.0313669 0.0256936 0.0204989 0.0158342 0.0117452 0.00828242 0.00549093
 0.0077261 0.0126382 0.0191831 0.0273479 0.036881 0.0471327 0.0570272 0.0653292 0.071087 0.0739277 0.0740194 0.0718279 0.067895 0.0627318 0.0567827 0.0504123 0.0439052 0.0374788 0.0313005 0.0255006 0.0201805 0.0154211 0.0112912 0.007848 0.00512509
 0.00775038 0.012679 0.0192466 0.027439 0.0370002 0.0472731 0.0571733 0.06546 0.0711849 0.0739861 0.0740462 0.0718402 0.0679116 0.062766 0.0568397 0.0504879 0.043985 0.0375385 0.0313099 0.0254328 0.0200232 0.0151847 0.0110078 0.00756069 0.00487328
 0.00781463 0.0127734 0.0193702 0.0275848 0.0371581 0.0474332 0.0573278 0.0656025 0.0713071 0.0740775 0.0740963 0.0718443 0.0678748 0.0627028 0.0567689 0.0504252 0.0439364 0.0374981 0.0312616 0.0253562 0.019903 0.0150191 0.0108112 0.0073592 0.0046937
 0.00784805 0.0128272 0.0194495 0.0276928 0.0372936 0.0475885 0.0574878 0.0657473 0.0714187 0.0741458 0.0741214 0.0718332 0.0678365 0.0626457 0.0567006 0.0503536 0.0438687 0.0374371 0.0312032 0.0252903 0.0198183 0.0149103 0.0106833 0.00722614 0.00457265
 0.00787491 0.0128699 0.019512 0.0277781 0.037403 0.0477209 0.0576379 0.0659044 0.0715674 0.0742685 0.0742029 0.071865 0.0678187 0.0625864 0.0566123 0.0502496 0.0437605 0.0373326 0.0311054 0.0251972 0.019725 0.0148128 0.0105821 0.00712741 0.00448519
 0.00788503 0.0128809 0.0195189 0.0277736 0.0373807 0.0476793 0.0575837 0.0658518 0.0715334 0.0742662 0.0742364 0.0719281 0.0678979 0.0626658 0.0566793 0.0502976 0.0437887 0.0373437 0.0311028 0.0251829 0.0196993 0.0147757 0.0105355 0.00707632 0.00443633
 0.00786646 0.012849 0.0194674 0.0276959 0.0372709 0.0475349 0.0574091 0.0656602 0.0713464 0.0741106 0.0741383 0.0719056 0.0679556 0.0627931 0.0568536 0.0504917 0.0439782 0.0375116 0.0312401 0.0252866 0.01977 0.0148163 0.010551 0.00707371 0.00442356
 0.00787882 0.0128619 0.0194737 0.0276841 0.0372282 0.0474518 0.0572832 0.065498 0.0711622 0.073924 0.0739714 0.0717807 0.0678914 0.0628001 0.0569309 0.0506258 0.0441469 0.03769 0.0314067 0.0254268 0.019877 0.0148894 0.0105943 0.00709399 0.00442877
 0.00789726 0.0128917 0.0195175 0.0277428 0.0372987 0.0475249 0.0573429 0.0655243 0.0711378 0.0738416 0.0738381 0.0716169 0.0677247 0.0626585 0.0568359 0.0505883 0.0441651 0.0377513 0.031492 0.0255168 0.0199564 0.0149498 0.0106338 0.00711543 0.00443738
 0.00789234 0.0128847 0.019509 0.0277343 0.0372926 0.0475239 0.0573487 0.0655365 0.0711513 0.0738475 0.0738254 0.0715779 0.0676597 0.0625778 0.056757 0.0505302 0.0441415 0.0377662 0.0315395 0.0255836 0.0200272 0.0150122 0.0106809 0.0071459 0.00445412
 0.00786488 0.0128378 0.0194348 0.027625 0.0371441 0.0473398 0.0571438 0.0653354 0.0709829 0.0737356 0.0737812 0.0715976 0.0677283 0.0626756 0.0568677 0.0506451 0.0442595 0.0378897 0.0316687 0.025714 0.0201504 0.0151187 0.0107641 0.00720439 0.00449079
 0.00785631 0.0128214 0.0194052 0.0275755 0.0370673 0.0472301 0.0570002 0.0651642 0.0707985 0.0735591 0.073637 0.0715065 0.067702 0.0627129 0.0569562 0.050767 0.0443981 0.0380332 0.0318104 0.0258495 0.0202746 0.0152261 0.01085 0.00726691 0.00453183
 0.00782604 0.0127719 0.0193303 0.0274695 0.0369263 0.0470542 0.0567954 0.0649429 0.070578 0.0733588 0.0734756 0.0714008 0.0676642 0.0627488 0.0570626 0.0509313 0.0446008 0.038253 0.0320287 0.0260523 0.0204528 0.015374 0.0109651 0.00735001 0.00458676
 0.00777748 0.0126947 0.0192175 0.027316 0.0367305 0.0468195 0.0565323 0.0646693 0.0703166 0.0731328 0.0733047 0.0712987 0.0676384 0.0628011 0.057189 0.0511218 0.0448397 0.03852 0.0323017 0.0263111 0.0206818 0.0155635 0.0111114 0.00745482 0.00465588
 0.00775182 0.012649 0.0191415 0.0271983 0.0365616 0.0465967 0.056264 0.0643755 0.0700249 0.0728719 0.0730984 0.0711636 0.0675831 0.0628274 0.0572929 0.0512941 0.0450668 0.0387839 0.0325815 0.0265851 0.0209308 0.0157736 0.0112757 0.00757336 0.0047344
 0.00774186 0.0126289 0.019104 0.0271335 0.0364589 0.0464479 0.0560669 0.0641364 0.0697594 0.0726029 0.0728531 0.0709681 0.0674584 0.0627853 0.0573356 0.0514153 0.0452534 0.0390184 0.032843 0.0268513 0.0211805 0.0159899 0.0114483 0.00769983 0.00481912
 0.00769219 0.0125535 0.0190002 0.0270021 0.0363026 0.0462704 0.0558718 0.0639283 0.0695451 0.0723926 0.0726607 0.0708104 0.0673524 0.0627458 0.0573712 0.0515268 0.0454332 0.0392514 0.0331089 0.0271273 0.0214439 0.0162215 0.0116357 0.00783885 0.00491319
 0.00768865 0.0125414 0.0189706 0.0269435 0.0362049 0.0461302 0.0556961 0.0637336 0.0693515 0.0722164 0.0725106 0.0706893 0.0672623 0.0626914 0.0573604 0.051568 0.0455305 0.0394019 0.0333015 0.027344 0.0216634 0.0164236 0.0118052 0.00796814 0.00500266
 0.00765484 0.012493 0.0189095 0.0268743 0.0361322 0.0460544 0.0556126 0.0636347 0.0692326 0.0720813 0.0723718 0.0705637 0.0671647 0.0626308 0.0573409 0.0515911 0.0455972 0.0395114 0.0334487 0.0275179 0.0218478 0.0166002 0.0119584 0.00808826 0.00508769
 0.00763518 0.0124598 0.0188576 0.0267993 0.0360329 0.0459352 0.0554846 0.0635129 0.0691301 0.072003 0.0723145 0.07052 0.0671299 0.0626063 0.0573332 0.0516077 0.0456439 0.0395907 0.0335589 0.0276526 0.0219957 0.016747 0.0120899 0.00819445 0.0051648
 0.00761942 0.0124366 0.0188268 0.026762 0.0359898 0.0458862 0.0554282 0.0634483 0.0690587 0.0719303 0.0722479 0.0704659 0.0670908 0.0625812 0.0573204 0.0516079 0.0456609 0.0396291 0.0336215 0.0277379 0.0220973 0.0168541 0.0121908 0.00827941 0.00522867
 0.0076071 0.0124157 0.0187942 0.0267146 0.0359261 0.045808 0.055341 0.0633608 0.0689796 0.0718659 0.0722006 0.0704354 0.0670761 0.0625814 0.0573343 0.0516344 0.0456993 0.0396798 0.0336857 0.0278154 0.0221848 0.0169453 0.012277 0.00835285 0.00528474
 0.00759393 0.0123958 0.0187667 0.0266794 0.0358837 0.0457584 0.0552846 0.0632985 0.0689144 0.0718028 0.0721457 0.0703943 0.0670521 0.0625751 0.0573442 0.0516583 0.0457352 0.0397264 0.0337422 0.0278807 0.0222566 0.0170192 0.0123471 0.0084132 0.00533152
 0.00756466 0.0123509 0.0187044 0.0266001 0.0357901 0.0456557 0.05518 0.0632004 0.0688311 0.0717401 0.0721066 0.0703792 0.0670598 0.0626037 0.0573913 0.0517205 0.0458087 0.0398075 0.0338275 0.0279676 0.0223422 0.0170999 0.012419 0.00847268 0.00537651
 0.00756989 0.0123549 0.0187023 0.0265848 0.0357547 0.0455966 0.0550995 0.0631072 0.0687371 0.071657 0.0720424 0.0703375 0.0670407 0.0626052 0.0574109 0.0517558 0.045857 0.0398659 0.033893 0.0280368 0.0224117 0.017166 0.012478 0.00852151 0.00541356
 0.00755096 0.0123308 0.0186779 0.0265678 0.0357521 0.0456099 0.0551223 0.0631264 0.0687391 0.0716342 0.0719972 0.0702797 0.066983 0.0625582 0.0573806 0.051744 0.0458627 0.0398867 0.0339259 0.0280783 0.0224578 0.0172128 0.0125214 0.00855839 0.00544205
 0.00753015 0.0122957 0.0186233 0.0264897 0.0356502 0.0454912 0.0550015 0.0630233 0.0686706 0.0716073 0.0720062 0.0703112 0.0670237 0.0626008 0.0574243 0.0517916 0.0459169 0.0399483 0.0339931 0.0281479 0.022526 0.0172756 0.0125756 0.00860178 0.005474
 0.00750366 0.012252 0.0185562 0.0263933 0.0355202 0.0453273 0.0548107 0.0628209 0.0684797 0.0714537 0.0719114 0.0702865 0.0670665 0.0626971 0.0575549 0.0519386 0.0460679 0.040096 0.0341335 0.0282778 0.0226422 0.0173749 0.0126558 0.00866246 0.00551649
 0.00749973 0.0122451 0.0185447 0.0263749 0.0354915 0.0452844 0.0547493 0.0627382 0.0683762 0.0713354 0.0717909 0.0701807 0.0669929 0.0626678 0.0575727 0.0519971 0.046155 0.0401983 0.0342402 0.0283811 0.0227368 0.0174571 0.0127231 0.00871385 0.00555274
 0.00750485 0.0122525 0.0185542 0.0263854 0.0355013 0.0452908 0.0547491 0.0627273 0.0683502 0.0712908 0.0717265 0.0701004 0.0669058 0.0625874 0.0575134 0.0519692 0.0461615 0.0402352 0.0342983 0.0284499 0.022807 0.0175217 0.0127778 0.00875638 0.00558311
 0.00749952 0.0122473 0.0185527 0.0263926 0.0355221 0.0453272 0.0547982 0.0627811 0.0683978 0.0713212 0.0717318 0.0700769 0.066855 0.0625159 0.0574326 0.0518928 0.0461023 0.0402012 0.0342909 0.0284648 0.0228363 0.0175571 0.0128122 0.00878552 0.00560501
#pred catch len freq
 0.00320585 0.00519341 0.00781616 0.0111129 0.0151234 0.0198442 0.0251665 0.0308616 0.0366245 0.0421365 0.0471129 0.0513411 0.0547098 0.0572134 0.0589255 0.0599641 0.0604635 0.0605424 0.0602351 0.0593843 0.0575616 0.0541419 0.0486003 0.0409165 0.0318025
 0.00344784 0.00552127 0.00819104 0.0114649 0.0153796 0.0199676 0.0251802 0.0308359 0.0366313 0.0422009 0.0471959 0.0513654 0.0546119 0.0569892 0.0586431 0.059737 0.0603975 0.0606786 0.060518 0.0596742 0.0576934 0.0540028 0.0481835 0.0403189 0.03117
 0.00353786 0.00570114 0.0085183 0.0119995 0.0161527 0.0209429 0.0262361 0.0317936 0.0373274 0.0425584 0.0472446 0.051198 0.0543153 0.0566062 0.0581865 0.0592291 0.0598917 0.0602401 0.0601784 0.0593989 0.057393 0.0535859 0.0476163 0.0396489 0.0304991
 0.00366308 0.00589405 0.00879387 0.0123777 0.0166694 0.0216557 0.0272089 0.0330552 0.0388194 0.0441113 0.0486148 0.0521572 0.0547389 0.0565028 0.0576606 0.0584174 0.0589189 0.0592042 0.0591467 0.0584004 0.0564182 0.0526083 0.0466297 0.0386913 0.0296421
 0.0038513 0.00619158 0.00922568 0.0129613 0.0174128 0.0225571 0.0282588 0.0342418 0.0401328 0.0455334 0.0500906 0.0535651 0.0558942 0.0572101 0.0577887 0.0579487 0.0579433 0.0578714 0.0576101 0.0567816 0.0547978 0.0510395 0.0451608 0.0373806 0.028551
 0.00406729 0.00653697 0.00973558 0.0136666 0.0183372 0.0237102 0.0296265 0.0357799 0.041769 0.0471808 0.0516633 0.0549843 0.0570791 0.0580628 0.0581934 0.0578 0.0571911 0.0565511 0.0558378 0.0547193 0.0526143 0.0488877 0.0431717 0.0356608 0.0271735
 0.00428926 0.00689381 0.0102664 0.0144087 0.0193234 0.0249626 0.0311454 0.0375325 0.0436838 0.0491516 0.0535614 0.0566778 0.0584518 0.0590226 0.0586676 0.0577258 0.0565178 0.0552618 0.0539776 0.0524091 0.0500393 0.0462659 0.0407162 0.0335448 0.0255026
 0.00449266 0.00722285 0.0107601 0.015106 0.020261 0.026169 0.03263 0.0392751 0.0456283 0.051206 0.0556037 0.0585679 0.0600483 0.0602002 0.0593282 0.0577998 0.0559604 0.0540552 0.0521467 0.0500443 0.0473094 0.0434059 0.037985 0.0311688 0.0236251
 0.00471021 0.0075719 0.0112781 0.0158287 0.0212204 0.0273884 0.0341156 0.0410057 0.047551 0.0532364 0.057632 0.0604679 0.0616885 0.061456 0.0600914 0.0579843 0.0555056 0.052931 0.0503655 0.0476817 0.0445224 0.04043 0.035099 0.0286306 0.0216077
 0.00498183 0.00799792 0.0118918 0.0166547 0.0222763 0.0286842 0.0356488 0.0427522 0.0494583 0.055223 0.0595926 0.0622842 0.0632416 0.0626362 0.060804 0.0581503 0.0550624 0.0518388 0.0486222 0.0453464 0.0417374 0.0374237 0.0321538 0.0260185 0.0195187
 0.00524186 0.0084115 0.0124977 0.0174843 0.0233499 0.0300056 0.0371968 0.0444771 0.0512862 0.0570667 0.0613615 0.0638895 0.0645975 0.063661 0.061421 0.0582889 0.0546603 0.0508487 0.0470275 0.0431861 0.0391311 0.034579 0.0293389 0.0235004 0.017491
 0.00549163 0.0088158 0.0131038 0.0183371 0.0244865 0.0314438 0.0389206 0.0464259 0.0533553 0.0591216 0.0632599 0.0655041 0.0658334 0.0644602 0.0617543 0.05814 0.0540128 0.0496838 0.0453381 0.0410041 0.0365575 0.0317975 0.0265954 0.0210457 0.015511
 0.00575647 0.00923473 0.0137143 0.0191712 0.0255704 0.0327956 0.0405407 0.0482838 0.0553788 0.0611948 0.065234 0.06722 0.0671501 0.0652798 0.0620307 0.0578705 0.053218 0.0483902 0.0435759 0.0388234 0.034056 0.0291387 0.0239963 0.0187299 0.0136456
 0.00607628 0.00973517 0.0144319 0.0201286 0.0267762 0.0342419 0.0421986 0.0500984 0.0572708 0.063067 0.0669786 0.068725 0.0683072 0.0659954 0.0622394 0.0575436 0.0523626 0.0470403 0.0417844 0.0366646 0.0316389 0.0266186 0.0215664 0.0165841 0.0119262
 0.00644313 0.0103089 0.0152536 0.0212231 0.0281497 0.035879 0.0440545 0.0520924 0.0592893 0.064978 0.0686518 0.0700496 0.0692028 0.066414 0.0621608 0.0569692 0.0513108 0.0455464 0.0399031 0.0344758 0.029256 0.0241917 0.0192702 0.0145852 0.010341
 0.00669417 0.0107141 0.0158585 0.0220692 0.0292679 0.0372788 0.0457097 0.053933 0.0612052 0.0668342 0.070308 0.0713802 0.0701117 0.0668447 0.0620962 0.0564231 0.0503176 0.0441528 0.0381683 0.0324788 0.027104 0.0220219 0.017237 0.0128309 0.00896004
 0.00678456 0.0108754 0.0161294 0.0224983 0.0299082 0.0381745 0.0468802 0.0553587 0.0628207 0.0685307 0.0719465 0.0728124 0.0712061 0.0675074 0.0622808 0.056128 0.0495746 0.0430155 0.0367055 0.0307747 0.0252631 0.0201698 0.015509 0.0113474 0.00779819
 0.00689267 0.0110426 0.0163668 0.0228155 0.0303177 0.0386963 0.0475415 0.0561845 0.0638187 0.0696753 0.0731709 0.0740136 0.0722619 0.0683002 0.0627195 0.056161 0.0491933 0.042249 0.0356122 0.0294366 0.023782 0.0186633 0.014098 0.0101359 0.00685108
 0.00710471 0.011357 0.0167841 0.0233179 0.0308763 0.0392833 0.0481392 0.0567879 0.064432 0.0703049 0.0738166 0.0746587 0.0728669 0.0688033 0.0630467 0.0562433 0.0489829 0.041731 0.034809 0.0284052 0.0226081 0.017451 0.0129547 0.0091524 0.00608281
 0.00707548 0.011329 0.0167769 0.0233592 0.0309916 0.0394822 0.0484064 0.0570894 0.0647333 0.0705923 0.0741044 0.0749783 0.0732435 0.0692336 0.0634902 0.056629 0.0492292 0.0417692 0.034603 0.027962 0.0219776 0.0167147 0.0122075 0.00847972 0.00554214
 0.00689423 0.0110671 0.016445 0.0229919 0.0306429 0.0392136 0.0482734 0.0571283 0.0649499 0.0709574 0.0745632 0.0754713 0.073729 0.0696955 0.0639263 0.0570307 0.0495673 0.041997 0.0346733 0.0278492 0.021692 0.0163034 0.011741 0.00803099 0.00516608
 0.00678424 0.0108887 0.016179 0.0226255 0.0301779 0.038677 0.0477245 0.0566534 0.0646415 0.0708845 0.074747 0.07588 0.0742912 0.0703274 0.0645559 0.0576092 0.0500646 0.0423896 0.0349376 0.0279662 0.021659 0.0161433 0.0115003 0.00776624 0.00492622
 0.00682108 0.010928 0.0161994 0.0225925 0.0300507 0.0384217 0.0473293 0.0561399 0.0640687 0.070342 0.074336 0.0756848 0.0743521 0.0706277 0.0650312 0.0581722 0.0506312 0.0428949 0.0353382 0.0282375 0.0217945 0.016156 0.0114215 0.00763838 0.00479043
 0.00690839 0.0110552 0.0163618 0.0227722 0.030216 0.0385295 0.0473308 0.0559913 0.0637474 0.0698636 0.0737623 0.075114 0.0738935 0.070368 0.0650086 0.0583678 0.0509811 0.0433142 0.0357463 0.0285742 0.022027 0.0162788 0.0114516 0.00760641 0.00473002
 0.00689507 0.0110439 0.0163637 0.0228026 0.030289 0.0386487 0.0474812 0.0561371 0.0638389 0.0698511 0.0736142 0.074833 0.0735232 0.0699851 0.0646997 0.0582 0.0509798 0.0434574 0.0359779 0.0288273 0.0222456 0.0164308 0.0115312 0.0076276 0.00471586
 0.00678969 0.010878 0.0161253 0.0224879 0.029907 0.038226 0.0470636 0.0557824 0.063599 0.0697518 0.073644 0.0749498 0.0736752 0.0701355 0.0648414 0.0583536 0.0511759 0.0437149 0.0362896 0.0291607 0.0225573 0.0166843 0.0117088 0.00773265 0.00476563
 0.00672846 0.010773 0.0159569 0.0222343 0.0295482 0.0377531 0.0464888 0.0551461 0.0629698 0.0692145 0.073279 0.0748088 0.073764 0.0704144 0.0652445 0.058816 0.0516538 0.044188 0.0367493 0.029596 0.0229489 0.0170101 0.0119543 0.00789732 0.0048625
 0.00670531 0.0107398 0.0159139 0.022181 0.0294791 0.037653 0.0463319 0.0549042 0.0626268 0.0687832 0.0728077 0.0743727 0.0734431 0.0702659 0.0652853 0.0590219 0.0519749 0.0445701 0.0371483 0.0299808 0.0232973 0.0173049 0.0121841 0.00805974 0.00496509
 0.00676551 0.010825 0.0160192 0.0222946 0.0295866 0.0377422 0.0463953 0.0549351 0.0626126 0.0687025 0.0726383 0.0741077 0.0731049 0.0699078 0.0649748 0.0588158 0.0519002 0.0446194 0.0372903 0.0301754 0.0235073 0.0175014 0.0123482 0.00818262 0.00504726
 0.0068232 0.0109079 0.0161232 0.0224079 0.0296916 0.0378199 0.0464302 0.0549188 0.0625459 0.0685942 0.0725 0.0739478 0.0729264 0.0697142 0.0647788 0.0586433 0.0517828 0.0445812 0.037336 0.0302891 0.0236602 0.0176623 0.0124925 0.00829609 0.00512637
 0.006861 0.0109646 0.0161992 0.022499 0.0297886 0.0379084 0.0464919 0.054935 0.062503 0.0684901 0.0723468 0.073768 0.072745 0.0695498 0.0646411 0.0585368 0.0517128 0.0445555 0.0373612 0.030364 0.0237722 0.0177908 0.0126158 0.00839846 0.0052009
 0.00684658 0.0109496 0.016192 0.0225128 0.029837 0.038 0.0466243 0.0550922 0.0626581 0.0686117 0.0724073 0.0737523 0.072655 0.0694034 0.0644653 0.0583593 0.051556 0.0444351 0.0372864 0.0303376 0.0237893 0.0178391 0.0126786 0.00846008 0.00525101
 0.00673023 0.010778 0.0159672 0.0222495 0.0295608 0.0377424 0.0464177 0.0549648 0.0626279 0.0686803 0.0725575 0.0739512 0.072864 0.0695901 0.0646116 0.0584633 0.0516283 0.0444914 0.0373415 0.0304011 0.0238638 0.0179208 0.0127593 0.00853098 0.00530613
 0.00667041 0.0106779 0.015812 0.0220261 0.0292638 0.0373816 0.0460241 0.0545889 0.0623282 0.0685058 0.0725331 0.074072 0.0730987 0.0698915 0.0649304 0.0587603 0.0518812 0.0446959 0.0375052 0.0305362 0.0239804 0.0180236 0.0128483 0.00860371 0.00536067
 0.00661149 0.0105844 0.0156751 0.0218371 0.0290142 0.0370642 0.0456376 0.0541454 0.0618602 0.0680679 0.0721924 0.0738897 0.0731094 0.0700907 0.0652769 0.0591918 0.0523343 0.0451213 0.0378753 0.030842 0.0242251 0.0182151 0.0129941 0.0087103 0.00543407
 0.00656191 0.0105034 0.0155523 0.0216627 0.0287802 0.0367676 0.0452827 0.0537455 0.0614368 0.0676498 0.0718159 0.0735978 0.0729466 0.0700917 0.065453 0.0595228 0.0527726 0.045606 0.0383491 0.0312642 0.0245748 0.0184879 0.0131959 0.00885155 0.00552704
