SBPRF35
12.7214
Curr Bio
793315
B35
872071
F35
0.171312
FOFL
0.156894
OFL
103625
Bzero
3.63469e+006
#pred survey bio
 3.64165e+006 3.52255e+006 3.41342e+006 3.26383e+006 3.04622e+006 2.80187e+006 2.54523e+006 2.29365e+006 2.04489e+006 1.79977e+006 1.60601e+006 1.43967e+006 1.27312e+006 1.12955e+006 1.01748e+006 870066 801265 747248 685588 631225 604912 588170 550853 539253 523952 526897 522614 528689 531288 535049 536459 550291 566570 575480 587032 587684 602591 610395 620921 625295 628199 636138 640506 641059 654002 665241 664671 666486 685373 703001 699611 751941 770627 791320 800118 829737 831870 815006 821090 802840 799654 2.83024e+007 1.71057e+007 1.75435e+007 1.85166e+007 1.98256e+007 2.12477e+007 2.2619e+007 2.38439e+007 2.48826e+007 2.57321e+007 2.64094e+007 2.69399e+007 2.73504e+007 2.76656e+007 2.79065e+007 2.80904e+007 2.82308e+007 2.83382e+007 2.84206e+007 2.8484e+007 2.8533e+007 2.85711e+007 2.86008e+007 2.86241e+007 2.86425e+007 2.8657e+007 2.86685e+007 2.86776e+007 2.86849e+007 2.86908e+007 2.86955e+007 2.86993e+007 2.87023e+007 2.87048e+007 2.87068e+007 2.87084e+007 2.87098e+007 2.87109e+007 2.87117e+007 2.87124e+007 2.8713e+007 2.87135e+007 2.87139e+007 2.87142e+007 2.87145e+007 2.87147e+007 2.87149e+007 2.8715e+007 2.87151e+007 2.87152e+007 2.87153e+007 2.87154e+007 2.87154e+007 2.87155e+007 2.87155e+007 2.87155e+007 2.87155e+007 2.87156e+007 2.87156e+007 2.87156e+007 2.87156e+007 2.87156e+007 2.87156e+007 2.87156e+007 2.87156e+007 2.87156e+007 2.87156e+007 2.87156e+007 2.87156e+007 2.87156e+007 2.87156e+007 2.87156e+007 2.87156e+007 2.87156e+007 2.87156e+007 2.87156e+007 2.87156e+007 2.87156e+007 2.87156e+007 2.87156e+007 2.87156e+007 2.87156e+007 2.87156e+007 2.87156e+007 2.87156e+007 2.87156e+007 2.87156e+007 2.87156e+007 2.87156e+007 2.87156e+007 2.87156e+007 2.87156e+007 2.87156e+007 2.87156e+007 2.87156e+007 2.87156e+007 2.87156e+007 2.87156e+007 2.87156e+007 2.87156e+007 0 0 0 0 0 0 0 0 0 0 0 0 0 0 0 0 0 0 0 0 0 0 0 0 0
#obs survey bio
 3.4532e+006 2.86008e+006 3.89799e+006 2.98423e+006 3.41475e+006 2.63915e+006 2.75847e+006 2.59759e+006 1.47059e+006 1.68923e+006 1.26405e+006 1.43112e+006 1.11802e+006 1.2189e+006 867294 960925 717299 755340 587230 723535 528497 523414 649668 679952 368960 629974 706949 422383 454767 635106 556162 501886 527350 821026 490315 539555 727019 782010 543353 615624 580839 517586 457576 621808 579985 611010 820596 710805 622909 576223 885999 862504 701256 949054 1.01035e+006 954667 952762 853672 850746 731748 737061
#pred catch bio
 99092.7 96696 143307 217292 256073 282866 294044 306774 317404 283267 268863 275913 259000 232811 261149 189446 175149 177576 165113 136479 125508 139179 114317 116314 100872 107107 98083.4 100887 99477.3 100981 90682.7 89419.6 95654.6 93000.1 101729 89707 96446.4 94875.2 101150 103366 100580 105139 108957 99107.5 101677 111811 109279 95655.8 98776.1 117292 71075.8 101137 99141 109269 91773.7 115672 130906 110920 131831 118121 107724 103625 112974 114655 119939 127958 136834 145340 152825 159044 164001 167831 170721 172864 174429 175560 176370 176946 177353 177640 177841 177981 178079 178147 178195 178227 178250 178266 178277 178284 178289 178293 178295 178297 178298 178299 178300 178300 178300 178300 178301 178301 178301 178301 178301 178301 178301 178301 178301 178301 178301 178301 178301 178301 178301 178301 178301 178301 178301 178301 178301 178301 178301 178301 178301 178301 178301 178301 178301 178301 178301 178301 178301 178301 178301 178301 178301 178301 178301 178301 178301 178301 178301 178301 178301 178301 178301 178301 178301 178301 178301 178301 178301 178301 178301 178301 178301 178301 178301 178301 178301 0 0 0 0 0 0 0 0 0 0 0 0 0 0 0 0 0 0 0 0 0 0 0 0 0
#obs catch bio
 0 96441.9 143276 217611 255986 283018 293243 305632 317739 283529 269913 278075 261301 233127 264878 189656 176053 178950 166155 136272 125797 139238 114036 116424 101679 107994 98517.1 101531 99924.4 101185 90983.3 89674.9 95830.9 92334 101541 89259.1 96293.8 94282.7 100976 103094 100428 105536 109748 99210 101968 112133 109288 95337.5 98595.8 118257 70552.8 101237 98971.9 109523 91401.4 115317 130765 110249 131846 118058 107639
#pred cpue bio
 3.59943e+006 3.48169e+006 3.37252e+006 3.22286e+006 3.00593e+006 2.76224e+006 2.5064e+006 2.25563e+006 2.00765e+006 1.76343e+006 1.57028e+006 1.40457e+006 1.23913e+006 1.09677e+006 985737 840440 772549 719515 659507 606776 581294 565184 528866 517518 502395 505157 501117 507285 510010 513857 515355 529009 545188 554251 565805 566513 581113 588797 599013 603108 605732 613246 617402 618022 630770 641833 641386 643239 661658 678811 675542 727347 746250 766662 775271 804522 806696 789953 795733 777753 774692 2.74306e+007 1.65814e+007 1.6887e+007 1.77406e+007 1.90173e+007 2.04335e+007 2.18039e+007 2.30286e+007 2.40673e+007 2.49169e+007 2.55941e+007 2.61246e+007 2.65351e+007 2.68503e+007 2.70912e+007 2.72752e+007 2.74156e+007 2.75229e+007 2.76053e+007 2.76687e+007 2.77177e+007 2.77558e+007 2.77855e+007 2.78088e+007 2.78272e+007 2.78417e+007 2.78532e+007 2.78623e+007 2.78696e+007 2.78755e+007 2.78802e+007 2.7884e+007 2.7887e+007 2.78895e+007 2.78915e+007 2.78932e+007 2.78945e+007 2.78956e+007 2.78964e+007 2.78972e+007 2.78977e+007 2.78982e+007 2.78986e+007 2.78989e+007 2.78992e+007 2.78994e+007 2.78996e+007 2.78997e+007 2.78998e+007 2.78999e+007 2.79e+007 2.79001e+007 2.79001e+007 2.79002e+007 2.79002e+007 2.79002e+007 2.79003e+007 2.79003e+007 2.79003e+007 2.79003e+007 2.79003e+007 2.79003e+007 2.79003e+007 2.79003e+007 2.79003e+007 2.79003e+007 2.79003e+007 2.79003e+007 2.79003e+007 2.79004e+007 2.79004e+007 2.79004e+007 2.79004e+007 2.79004e+007 2.79004e+007 2.79004e+007 2.79004e+007 2.79004e+007 2.79004e+007 2.79004e+007 2.79004e+007 2.79004e+007 2.79004e+007 2.79004e+007 2.79004e+007 2.79004e+007 2.79004e+007 2.79004e+007 2.79004e+007 2.79004e+007 2.79004e+007 2.79004e+007 2.79004e+007 2.79004e+007 2.79004e+007 2.79004e+007 2.79004e+007 2.79004e+007 2.79004e+007 2.79004e+007 0 0 0 0 0 0 0 0 0 0 0 0 0 0 0 0 0 0 0 0 0 0 0 0 0
#obs cpue bio
 2.99097e+006 3.47924e+006 3.90318e+006 3.81774e+006 2.82959e+006 2.55306e+006 3.26466e+006 2.21806e+006 1.96462e+006 1.64333e+006 1.49954e+006 1.13542e+006 1.18321e+006 1.32016e+006 736627 983532 675843 627813 768714 706215 492735 867822 433793 393258 342459 453212 368844 555172 599329 532617 377222 569819 693384 742053 561458 679162 446563 656036 524337 683948 571801 506003 667635 825856 604122 770759 638762 701882 654387 589920 792007 668355 757034 576102 721950 931024 671701 856109 665583 764402 810747
#pred surv len freq
 0.00423068 0.00696682 0.0106685 0.0153773 0.0210106 0.0272703 0.0336254 0.0394568 0.0442946 0.0479676 0.0505702 0.0523215 0.0534438 0.054111 0.0544452 0.0545344 0.0544539 0.0542658 0.0539665 0.0533778 0.0520553 0.049345 0.0446641 0.037904 0.0296729
 0.0045105 0.00734138 0.0110865 0.0157485 0.0212398 0.027306 0.0334909 0.0392389 0.0440928 0.047838 0.0505027 0.0522627 0.0533474 0.053979 0.0543366 0.0545364 0.0546316 0.0546163 0.0543993 0.0537382 0.0521856 0.0491563 0.0441788 0.0372424 0.0289934
 0.00456723 0.00749021 0.0114085 0.0163363 0.0221539 0.0285174 0.0348506 0.0405094 0.0450402 0.0483311 0.0505522 0.0519815 0.0528707 0.0534078 0.0537328 0.0539482 0.0541093 0.0541967 0.0540739 0.0534371 0.0518033 0.0486084 0.0434557 0.0364207 0.0281969
 0.00467365 0.00764948 0.0116278 0.016627 0.0225446 0.029064 0.0356248 0.0415583 0.0463305 0.0497182 0.0518091 0.0528837 0.0532862 0.0533352 0.0532727 0.053242 0.0532886 0.0533574 0.053265 0.0526576 0.0510136 0.0477641 0.0425496 0.0355025 0.0273544
 0.00485277 0.00794327 0.0120733 0.0172563 0.0233755 0.0300885 0.0368049 0.0428357 0.047648 0.0510301 0.053067 0.0540058 0.0541457 0.0537916 0.0532315 0.0526995 0.052331 0.0521194 0.0518777 0.051214 0.0495635 0.0463351 0.0411771 0.0342462 0.0262867
 0.00504545 0.0082612 0.0125607 0.0179578 0.0243277 0.0313055 0.0382623 0.0444638 0.049341 0.0526696 0.0545479 0.055249 0.0550912 0.0543802 0.053395 0.0523763 0.0514991 0.0508214 0.0502166 0.0493236 0.0475771 0.0443715 0.0393425 0.0326365 0.0249773
 0.00528122 0.00864197 0.0131295 0.0187543 0.0253822 0.0326294 0.0398357 0.0462287 0.0512047 0.0545175 0.0562594 0.0567122 0.0562139 0.0550938 0.0536498 0.0521336 0.050732 0.0495303 0.0484498 0.0471874 0.0452263 0.0419865 0.0371021 0.0306915 0.0234263
 0.00555129 0.00907862 0.0137821 0.0196668 0.026585 0.0341263 0.0415911 0.0481638 0.0532096 0.0564722 0.0580512 0.0582434 0.0574016 0.0558683 0.053954 0.0519231 0.0499763 0.0482196 0.0466103 0.044901 0.0426407 0.0393049 0.0345496 0.0284678 0.0216614
 0.00583415 0.0095423 0.0144868 0.0206702 0.0279303 0.0358231 0.0435969 0.0503785 0.0554905 0.058664 0.0600135 0.0598663 0.0586074 0.0566053 0.0541868 0.051624 0.0491226 0.0467995 0.0446401 0.0424486 0.0398453 0.0363764 0.0317376 0.0260051 0.0197049
 0.00616095 0.0100716 0.0152799 0.0217835 0.0294047 0.0376683 0.0457726 0.0527863 0.0579839 0.061073 0.0621728 0.0616363 0.0598865 0.0573326 0.0543353 0.0511876 0.0481039 0.0452064 0.042497 0.0398213 0.0368674 0.0332571 0.0287353 0.0233686 0.017607
 0.00643198 0.0105125 0.015944 0.0227213 0.0306553 0.039245 0.0476484 0.0548872 0.0601975 0.0632672 0.0642135 0.0633985 0.0612606 0.0582301 0.0546931 0.0509694 0.0472959 0.0438141 0.0405493 0.0373863 0.0340742 0.0303051 0.0258732 0.0208403 0.015586
 0.00661789 0.0108298 0.0164495 0.0234772 0.0317163 0.0406373 0.0493498 0.0568211 0.0622467 0.0652991 0.0661026 0.0650375 0.0625615 0.0591207 0.0551149 0.0508769 0.0466586 0.042621 0.0388179 0.0351779 0.0315106 0.0275747 0.0232111 0.0184783 0.0136912
 0.00684602 0.011203 0.0170163 0.0242857 0.0328069 0.0420297 0.0510268 0.058719 0.0642585 0.0672907 0.0679341 0.0665841 0.063728 0.0598465 0.0553683 0.0506434 0.0459314 0.0413997 0.037119 0.0330536 0.0290694 0.0249885 0.0206966 0.0162501 0.0119046
 0.00709319 0.0116002 0.0176054 0.0251028 0.0338759 0.0433527 0.0525735 0.0604228 0.0660247 0.0690121 0.069506 0.0679121 0.0647328 0.0604669 0.0555645 0.0503958 0.045236 0.0402639 0.0355651 0.0311318 0.0268752 0.0226722 0.0184482 0.0142587 0.0103077
 0.00713781 0.0117069 0.017829 0.0255146 0.0345461 0.0443218 0.0538285 0.061892 0.0675967 0.0705654 0.0709337 0.0691319 0.0656841 0.0611051 0.0558555 0.050315 0.0447685 0.0394075 0.0343354 0.0295725 0.0250702 0.0207509 0.016573 0.0125913 0.00896652
 0.0075342 0.01232 0.0186945 0.026648 0.0359445 0.0459653 0.0556733 0.0638593 0.0695661 0.0723843 0.0724422 0.0701967 0.0662285 0.0611192 0.0553835 0.0494278 0.0435374 0.0378904 0.0325803 0.0276322 0.0230207 0.0187008 0.0146552 0.010935 0.00766072
 0.00759491 0.0124311 0.018884 0.0269485 0.0363843 0.0465571 0.0564068 0.0647044 0.0704872 0.0733511 0.0734265 0.0711568 0.0670955 0.0618026 0.0557943 0.0495047 0.0432595 0.037273 0.0316632 0.0264733 0.0216974 0.0173126 0.0133168 0.00975593 0.00671851
 0.0074739 0.012269 0.018705 0.0267992 0.0363245 0.046643 0.0566741 0.0651599 0.0711088 0.0740955 0.0742402 0.0719864 0.0678917 0.0625163 0.0563708 0.0498843 0.0433877 0.0371163 0.0312198 0.0257762 0.0208116 0.016328 0.0123361 0.00887531 0.00600658
 0.00750924 0.0123138 0.0187509 0.0268356 0.0363482 0.0466691 0.0567415 0.0653216 0.0714093 0.0745469 0.0748122 0.0726159 0.0685062 0.0630544 0.0567903 0.0501558 0.0434867 0.0370205 0.0309167 0.0252748 0.0201501 0.0155733 0.0115717 0.00818226 0.0054433
 0.00771595 0.0126163 0.0191431 0.0272878 0.0368129 0.0470934 0.0570798 0.0655475 0.0715235 0.0745798 0.074814 0.0726364 0.0685725 0.0631611 0.0569049 0.0502346 0.0434877 0.0369107 0.0306753 0.0248977 0.0196558 0.0150047 0.0109892 0.00764884 0.00500657
 0.00773782 0.0126585 0.0192175 0.0274058 0.0369779 0.0472918 0.0572771 0.0656954 0.0715805 0.0745329 0.0746904 0.0724951 0.0684804 0.0631655 0.0570159 0.0504233 0.0436993 0.037083 0.0307564 0.0248574 0.0194913 0.0147405 0.0106705 0.00732794 0.00472764
 0.00772034 0.0126263 0.0191628 0.0273218 0.0368631 0.0471552 0.0571397 0.0655844 0.0715163 0.0745187 0.0747125 0.0725355 0.0685327 0.0632411 0.0571357 0.0506002 0.0439238 0.0373216 0.0309622 0.024987 0.0195206 0.0146719 0.0105303 0.00715536 0.00456088
 0.00796482 0.0130004 0.0196809 0.0279782 0.0376298 0.0479819 0.0579549 0.0663029 0.0720553 0.0748178 0.0747471 0.0723176 0.0681031 0.0626602 0.0564746 0.0499311 0.0433067 0.0367914 0.0305241 0.0246232 0.0192049 0.0143849 0.0102673 0.00692405 0.00437265
 0.0080807 0.0131721 0.0199085 0.0282504 0.0379276 0.0482833 0.0582395 0.0665528 0.0722556 0.0749572 0.074818 0.0723164 0.0680293 0.062517 0.0562712 0.0496848 0.0430419 0.0365341 0.030293 0.0244243 0.0190325 0.0142296 0.0101236 0.00679394 0.00426275
 0.00818228 0.0133444 0.0201794 0.0286459 0.0384607 0.0489393 0.0589658 0.0672636 0.0728545 0.0753664 0.0749992 0.0722732 0.0677951 0.0621385 0.0557962 0.0491568 0.0424991 0.0360099 0.0298143 0.0240086 0.0186865 0.0139506 0.00990411 0.006626 0.00413963
 0.00802945 0.0131178 0.0198804 0.0282943 0.038094 0.0486087 0.0587288 0.0671728 0.072941 0.0756259 0.0753888 0.0727243 0.0682358 0.0625134 0.056075 0.0493325 0.0425813 0.0360175 0.0297698 0.0239341 0.0186001 0.0138645 0.00982549 0.00655868 0.00408566
 0.008009 0.0130739 0.0197959 0.0281495 0.0378753 0.048321 0.0584042 0.0668682 0.0727235 0.0755499 0.0754778 0.072963 0.0685767 0.0628924 0.0564303 0.0496191 0.0427777 0.0361237 0.0298011 0.0239125 0.0185479 0.0138001 0.00976183 0.00650331 0.00404203
 0.00795383 0.0129789 0.0196428 0.0279177 0.0375463 0.0478865 0.0578751 0.0662821 0.0721438 0.0750578 0.0751547 0.0728697 0.0687342 0.0632734 0.056967 0.0502236 0.0433666 0.0366363 0.0302064 0.0242063 0.0187437 0.0139194 0.00982712 0.00653396 0.00405284
 0.00791397 0.0129192 0.0195617 0.0278153 0.0374215 0.0477339 0.0576843 0.0660414 0.0718486 0.0747197 0.0748073 0.0725664 0.0685356 0.0632286 0.0570952 0.0505057 0.0437508 0.0370558 0.0305999 0.0245328 0.0189867 0.0140829 0.00992635 0.00658788 0.00407848
 0.00789882 0.012887 0.0195 0.027709 0.0372587 0.0475124 0.0574169 0.065753 0.0715669 0.0744649 0.0745888 0.0723882 0.0684067 0.0631682 0.0571281 0.0506494 0.0440021 0.0373863 0.0309633 0.0248798 0.01928 0.0143045 0.0100771 0.00668032 0.00412952
 0.00790743 0.0129 0.0195169 0.027727 0.0372709 0.0475074 0.0573792 0.0656682 0.0714283 0.0742786 0.0743736 0.0721695 0.0682085 0.0630103 0.0570268 0.0506193 0.0440533 0.0375176 0.0311573 0.0251053 0.0195016 0.0144936 0.0102191 0.00677486 0.00418551
 0.00778594 0.0127101 0.0192459 0.02737 0.0368337 0.0470089 0.0568542 0.0651638 0.0709951 0.0739588 0.0741915 0.0721302 0.0683022 0.0632173 0.0573233 0.0509812 0.0444592 0.0379487 0.0315947 0.0255269 0.0198827 0.0148127 0.0104639 0.00694567 0.00429331
 0.00762183 0.0124532 0.0188782 0.0268831 0.0362316 0.0463125 0.0561047 0.0644228 0.0703357 0.0734502 0.0738847 0.0720486 0.0684407 0.0635476 0.0578022 0.0515601 0.0450914 0.0385938 0.0322194 0.0261034 0.0203881 0.0152298 0.0107843 0.00717234 0.00443971
 0.00760476 0.0124089 0.0187814 0.0267008 0.0359326 0.0458812 0.0555536 0.0637944 0.0696931 0.0728619 0.0734105 0.0717328 0.0683089 0.063606 0.0580376 0.0519426 0.0455797 0.0391419 0.0327827 0.0266429 0.0208723 0.0156363 0.0111018 0.00740103 0.00459037
 0.00758315 0.0123718 0.018721 0.0266058 0.0357873 0.0456662 0.0552499 0.0633918 0.0692003 0.0723131 0.072864 0.0712586 0.0679713 0.0634482 0.0580752 0.0521639 0.0459522 0.0396196 0.033314 0.0271775 0.0213674 0.0160605 0.0114377 0.00764584 0.00475356
 0.00765564 0.0124827 0.0188742 0.0267989 0.03601 0.045899 0.0554627 0.0635446 0.0692487 0.0722198 0.0726126 0.0708642 0.0674826 0.0629382 0.0576219 0.0518311 0.0457747 0.0395998 0.033427 0.0273816 0.0216152 0.0163092 0.0116559 0.00781641 0.0048732
 0.00757674 0.0123631 0.0187106 0.0265946 0.0357748 0.0456478 0.0552146 0.0633204 0.0690668 0.07209 0.072532 0.0708182 0.0674528 0.0629133 0.057607 0.0518469 0.0458488 0.0397525 0.0336603 0.0276766 0.0219378 0.0166214 0.011926 0.00802665 0.00502052
 0.00764208 0.0124487 0.0188016 0.0266653 0.0357964 0.0456012 0.0550994 0.0631555 0.0688819 0.071913 0.0723802 0.070696 0.0673546 0.0628296 0.057531 0.051781 0.0458061 0.0397524 0.0337188 0.0277969 0.0221066 0.0168127 0.0121109 0.00818239 0.00513621
 0.00764972 0.0124687 0.0188446 0.0267419 0.0359104 0.0457406 0.055233 0.0632401 0.0688803 0.0718126 0.0721998 0.0704759 0.0671377 0.0626449 0.0573892 0.0516799 0.0457409 0.0397228 0.0337293 0.0278515 0.0222019 0.0169353 0.0122407 0.00829986 0.00522853
 0.00768832 0.0125301 0.0189347 0.0268662 0.0360737 0.0459454 0.0554753 0.0635046 0.0691361 0.0720166 0.0723074 0.070458 0.0669932 0.0624019 0.0570927 0.0513752 0.0454621 0.0394901 0.0335533 0.0277362 0.0221454 0.0169286 0.0122683 0.00834363 0.00527289
 0.00775867 0.0126375 0.0190834 0.0270554 0.0362979 0.0461956 0.0557396 0.0637685 0.0693832 0.0722283 0.072463 0.0705349 0.0669712 0.0622711 0.056861 0.05107 0.045123 0.0391582 0.0332612 0.027504 0.0219805 0.0168274 0.012219 0.00832969 0.005278
 0.00769357 0.0125527 0.0189943 0.0269888 0.0362836 0.0462543 0.0558733 0.0639599 0.0696041 0.0724512 0.0726674 0.0707071 0.0670994 0.0623424 0.0568635 0.0509989 0.0449866 0.0389783 0.0330676 0.0273256 0.0218378 0.016729 0.0121624 0.0083052 0.00527323
 0.00759576 0.0124066 0.0187996 0.0267569 0.0360386 0.0460313 0.0557141 0.063904 0.0696758 0.0726476 0.0729567 0.071039 0.0674221 0.062616 0.0570647 0.0511183 0.0450258 0.0389486 0.0329891 0.0272236 0.0217369 0.0166469 0.0121067 0.00827455 0.00526086
 0.00763033 0.0124428 0.0188178 0.0267284 0.035936 0.0458434 0.0554582 0.0636263 0.069438 0.0725064 0.0729449 0.0711569 0.0676397 0.0628851 0.0573337 0.0513459 0.0451873 0.0390372 0.0330125 0.0271995 0.0216874 0.0165924 0.0120613 0.00824403 0.00524444
 0.00757829 0.0123632 0.0187063 0.0265817 0.035749 0.0456077 0.0551643 0.0632728 0.069043 0.0721149 0.0726235 0.0709737 0.0676399 0.0630729 0.0576717 0.0517695 0.0456268 0.0394361 0.0333373 0.0274403 0.0218518 0.0166975 0.0121258 0.00828331 0.0052687
 0.00747633 0.0122118 0.0185054 0.0263408 0.0354847 0.0453386 0.0549062 0.0630352 0.0688285 0.0719217 0.0724524 0.0708373 0.0675652 0.063094 0.0578129 0.0520298 0.0459758 0.0398237 0.0337112 0.0277613 0.0221011 0.016875 0.0122431 0.00835628 0.00531188
 0.00749093 0.0122266 0.0185117 0.0263264 0.0354388 0.0452584 0.0548009 0.0629231 0.0687278 0.07184 0.072383 0.0707651 0.06748 0.0630011 0.0577354 0.0519984 0.0460128 0.0399305 0.0338672 0.027934 0.0222599 0.017001 0.0123314 0.00841177 0.00534376
 0.007607 0.0123901 0.0187105 0.0265322 0.0356135 0.0453656 0.0548168 0.0628428 0.0685656 0.0716248 0.0721499 0.0705448 0.0672904 0.062847 0.057615 0.0519126 0.0459683 0.0399347 0.0339202 0.0280237 0.0223654 0.017101 0.0124118 0.00846792 0.00537841
 0.0075817 0.0123562 0.0186718 0.026494 0.0355773 0.0453235 0.0547494 0.0627256 0.0683825 0.0713815 0.071878 0.0702925 0.0671046 0.0627568 0.0576249 0.0520073 0.0461241 0.0401295 0.0341362 0.0282457 0.0225778 0.0172885 0.0125626 0.00857768 0.0054504
 0.00741789 0.0121212 0.0183767 0.0261696 0.0352669 0.0450685 0.054577 0.0626418 0.0683726 0.0714158 0.0719229 0.0703242 0.0671193 0.0627708 0.0576648 0.0520952 0.0462676 0.0403212 0.034359 0.0284793 0.0228027 0.0174881 0.0127255 0.00869908 0.00553236
 0.00737296 0.0120496 0.0182728 0.0260331 0.0351067 0.0449072 0.0544505 0.0625903 0.0684234 0.0715664 0.0721357 0.0705388 0.0672772 0.0628386 0.0576441 0.0520167 0.046174 0.0402492 0.0343289 0.0284933 0.0228505 0.0175536 0.0127931 0.00875745 0.00557597
 0.00708346 0.0115723 0.0175448 0.0249986 0.0337378 0.0432328 0.0525814 0.0607198 0.0667917 0.0704005 0.0715894 0.0706567 0.0679922 0.0639999 0.0590649 0.0535233 0.0476385 0.0415964 0.0355243 0.0295241 0.0237118 0.0182444 0.0133182 0.00913088 0.00582173
 0.00716589 0.0116755 0.0176411 0.0250375 0.0336519 0.0429526 0.0520537 0.0599272 0.0657695 0.0692455 0.0704522 0.0697116 0.0673908 0.063827 0.0593165 0.0541166 0.0484467 0.0424906 0.0364028 0.0303221 0.0243953 0.0187997 0.0137445 0.00943736 0.00602575
 0.00712069 0.0116252 0.0176059 0.0250445 0.03372 0.0430714 0.0521701 0.0599518 0.0656059 0.0688301 0.0697874 0.0688763 0.0665242 0.0630911 0.0588493 0.053992 0.0486583 0.0429639 0.0370281 0.0309904 0.0250225 0.0193344 0.0141645 0.00974239 0.00622989
 0.00709669 0.0115887 0.017557 0.024989 0.0336719 0.0430533 0.0522083 0.0600616 0.0657722 0.0689963 0.0698648 0.0687789 0.0662124 0.0626005 0.0582849 0.0534913 0.0483397 0.0428869 0.0371811 0.0313079 0.0254172 0.0197273 0.0145025 0.0100012 0.00640846
 0.0070097 0.0114399 0.0173207 0.0246393 0.0331926 0.042452 0.051528 0.0593819 0.0651921 0.068604 0.0697067 0.0688406 0.0664252 0.0628717 0.0585412 0.053711 0.0485547 0.0431546 0.0375445 0.0317684 0.0259337 0.0202374 0.0149486 0.0103493 0.00665203
 0.00705115 0.0115094 0.0174276 0.0247892 0.0333808 0.0426565 0.0517071 0.0594826 0.0651708 0.0684485 0.0694448 0.0685297 0.0661245 0.0626169 0.0583357 0.0535391 0.0484064 0.0430417 0.0374962 0.0318105 0.0260679 0.0204365 0.0151689 0.0105497 0.00680772
 0.007175 0.0117072 0.0177183 0.0251871 0.033891 0.0432682 0.0523856 0.0601657 0.065774 0.0688816 0.0696359 0.0684465 0.065786 0.0620855 0.0576947 0.0528662 0.0477592 0.0424586 0.0370059 0.0314353 0.0258193 0.0203068 0.0151314 0.0105677 0.00684726
 0.00708094 0.0115743 0.0175559 0.0250181 0.0337478 0.0431846 0.0523895 0.0602733 0.0659864 0.0691805 0.0699815 0.0687818 0.0660496 0.0622303 0.0577033 0.0527549 0.0475679 0.0422357 0.036795 0.0312686 0.0257149 0.0202673 0.0151447 0.0106123 0.0069009
 0.00710969 0.0116199 0.0176231 0.0251122 0.0338757 0.0433552 0.0526116 0.0605518 0.0663158 0.0695411 0.0703391 0.0690928 0.0662693 0.0623218 0.0576454 0.0525482 0.0472374 0.0418265 0.0363622 0.030865 0.0253797 0.0200204 0.0149859 0.010526 0.00686411
 0.00706938 0.0115548 0.0175264 0.024979 0.0337058 0.0431567 0.0524048 0.0603688 0.0661962 0.0695217 0.0704425 0.0693176 0.0665866 0.0626804 0.0579838 0.052811 0.0473898 0.0418621 0.0363019 0.0307474 0.025247 0.019906 0.0149071 0.0104839 0.00684953
#obs surv len freq
 nan nan nan nan nan nan nan nan nan nan nan nan nan nan nan nan nan nan nan nan nan nan nan nan nan
 0.00448394 0.00734488 0.0111744 0.0159902 0.0216904 0.0279654 0.0342791 0.0400103 0.04469 0.0481543 0.0505129 0.0520095 0.0529026 0.0534157 0.0537305 0.0539859 0.0542648 0.0545577 0.0546966 0.0542886 0.0527266 0.0493586 0.0438081 0.0362878 0.0276711
 0.00461072 0.00755365 0.0114932 0.0164457 0.0223013 0.0287325 0.0351748 0.0409763 0.0456457 0.0490128 0.0511976 0.0524655 0.053102 0.0533576 0.0534368 0.0534934 0.0536165 0.0537961 0.0538603 0.0534142 0.0518527 0.0485278 0.0430648 0.0356695 0.0271985
 0.00477496 0.00782126 0.0118972 0.0170175 0.023065 0.0296953 0.0363165 0.0422439 0.0469573 0.0502696 0.0522987 0.0533206 0.0536415 0.0535407 0.0532549 0.052968 0.0527927 0.0527331 0.052624 0.0520746 0.0504845 0.0472109 0.0418783 0.034679 0.02644
 0.00496487 0.00813236 0.0123697 0.0176904 0.0239681 0.0308376 0.0376742 0.0437554 0.048532 0.0518038 0.0536893 0.0544731 0.0544737 0.0539867 0.0532713 0.0525404 0.0519385 0.0515004 0.0510879 0.0503317 0.0486496 0.0454107 0.0402378 0.0333001 0.0253804
 0.00517291 0.00847321 0.0128877 0.0184288 0.0249614 0.0320983 0.0391795 0.0454418 0.0503033 0.053548 0.0552956 0.0558417 0.0555187 0.0546366 0.0534697 0.0522492 0.0511447 0.0502237 0.0493872 0.0483089 0.0464465 0.0431974 0.0381888 0.0315608 0.0240354
 0.00539552 0.00883845 0.0134437 0.0192228 0.0260309 0.0334572 0.0408035 0.0472629 0.052219 0.0554402 0.0570488 0.057353 0.0567007 0.0554167 0.0537884 0.0520601 0.0504177 0.0489547 0.0476118 0.0461166 0.0439866 0.0406685 0.0358073 0.0295147 0.0224402
 0.00563915 0.00923503 0.0140417 0.0200681 0.0271589 0.0348797 0.0424947 0.0491539 0.0542063 0.0574043 0.0588726 0.0589322 0.057948 0.0562606 0.0541707 0.0519329 0.0497442 0.0477167 0.0458258 0.0438547 0.0413915 0.0379491 0.0332062 0.0272526 0.0206606
 0.00588735 0.00964219 0.0146611 0.0209514 0.0283455 0.0363811 0.044278 0.0511374 0.0562724 0.0594234 0.0607242 0.0605161 0.0591848 0.057088 0.0545387 0.0517995 0.0490742 0.0464869 0.0440414 0.0415724 0.0387417 0.035138 0.0304861 0.0248631 0.0187651
 0.00612224 0.0100305 0.0152576 0.0218112 0.0295135 0.0378746 0.0460691 0.0531463 0.0583782 0.0614879 0.0626152 0.0621222 0.0604212 0.0578951 0.054876 0.0516376 0.0483889 0.0452612 0.0422785 0.0393202 0.0361174 0.0323368 0.0277558 0.0224471 0.0168358
 0.00635599 0.0104099 0.0158279 0.0226152 0.0305852 0.0392277 0.0476844 0.0549646 0.0603055 0.0634096 0.0644124 0.0636841 0.0616538 0.0587258 0.055254 0.0515299 0.0477744 0.0441288 0.0406351 0.0372104 0.033648 0.0296869 0.0251579 0.0201345 0.0149783
 0.00659603 0.0108052 0.0164318 0.0234792 0.0317471 0.0406941 0.0494143 0.0568669 0.062256 0.0652787 0.0660875 0.0650785 0.0627033 0.0593831 0.0554839 0.0513067 0.047081 0.0429579 0.0389968 0.0351495 0.0312639 0.0271449 0.0226723 0.0179222 0.0131991
 0.00682883 0.0111881 0.0170161 0.0243153 0.0328745 0.042125 0.0511163 0.0587566 0.0642091 0.0671539 0.0677519 0.066426 0.0636628 0.0599167 0.0555783 0.0509619 0.046301 0.0417495 0.0373773 0.0331635 0.0290034 0.024759 0.0203535 0.0158651 0.0115467
 0.00705168 0.0115535 0.0175718 0.0251075 0.0339385 0.0434707 0.0527134 0.0605284 0.0660428 0.0689211 0.0693291 0.0677082 0.0645715 0.0604034 0.0556236 0.0505696 0.045489 0.0405425 0.035808 0.031284 0.0269015 0.0225684 0.0182429 0.0140029 0.010056
 0.00727245 0.0119148 0.0181198 0.025886 0.0349794 0.0447797 0.0542551 0.0622227 0.0677759 0.070568 0.0707746 0.0688595 0.0653621 0.0607928 0.0555952 0.0501273 0.0446525 0.0393432 0.0342888 0.0295048 0.0249504 0.0205673 0.0163384 0.0123378 0.00873137
 0.00744187 0.0121942 0.0185478 0.0265009 0.0358119 0.0458407 0.0555229 0.063638 0.0692493 0.0719959 0.072056 0.0699077 0.0661104 0.0611968 0.0556322 0.049794 0.0439616 0.0383211 0.0329766 0.0279621 0.0232615 0.0188432 0.0147068 0.0109189 0.0076077
 0.00750528 0.0123042 0.0187267 0.0267755 0.03621 0.046384 0.0562194 0.0644763 0.0701978 0.0730055 0.0730643 0.0708442 0.0669034 0.0617808 0.0559547 0.0498197 0.043675 0.037727 0.0321005 0.0268532 0.0219948 0.0175177 0.0134348 0.00980405 0.00672111
 0.00758116 0.012416 0.0188744 0.026954 0.0364138 0.0466142 0.0564874 0.0648016 0.0706006 0.0734962 0.0736362 0.0714695 0.067535 0.0623585 0.0564133 0.0500984 0.043726 0.0375228 0.0316394 0.0261626 0.0211322 0.0165668 0.012493 0.00896274 0.00604421
 0.00765353 0.0125295 0.0190367 0.0271676 0.0366737 0.046906 0.0567879 0.0650846 0.0708476 0.0737068 0.0738294 0.0716742 0.0677725 0.062628 0.0566873 0.0503281 0.0438537 0.0374965 0.0314265 0.0257594 0.020569 0.0159041 0.0118095 0.00833625 0.00553186
 0.00772777 0.0126436 0.0191958 0.0273722 0.036919 0.0471821 0.0570794 0.0653702 0.071103 0.0739104 0.0739701 0.0717563 0.0678159 0.0626589 0.0567251 0.0503734 0.0438839 0.0374724 0.0313068 0.025518 0.020207 0.0154536 0.0113253 0.00787932 0.0051505
 0.00777082 0.0127103 0.0192902 0.0274953 0.0370687 0.0473529 0.0572619 0.0655524 0.0712717 0.0740545 0.0740821 0.0718335 0.0678606 0.0626788 0.0567313 0.0503754 0.0438822 0.0374537 0.0312465 0.0253905 0.0199997 0.0151763 0.0110098 0.00756838 0.00488253
 0.00781622 0.012778 0.0193806 0.0276048 0.037191 0.0474803 0.0573873 0.0656694 0.0713752 0.0741404 0.074148 0.0718787 0.0678857 0.062686 0.0567241 0.0503581 0.0438575 0.0374192 0.0311926 0.0253029 0.019867 0.0149988 0.0108029 0.00735861 0.00469688
 0.00786649 0.0128548 0.0194866 0.0277387 0.0373465 0.0476469 0.0575507 0.0658134 0.0714852 0.0742082 0.0741734 0.0718685 0.0678498 0.0626338 0.0566629 0.0502923 0.0437895 0.0373487 0.0311157 0.0252127 0.0197566 0.0148664 0.0106555 0.007211 0.00456581
 0.00785914 0.0128456 0.0194778 0.0277341 0.0373504 0.0476624 0.0575784 0.0658508 0.0715282 0.0742519 0.0742143 0.0719049 0.0678819 0.0626626 0.0566891 0.0503157 0.0438084 0.0373601 0.0311151 0.0251951 0.0197179 0.0148057 0.0105778 0.00712633 0.00448628
 0.00789031 0.0128878 0.0195259 0.0277786 0.0373809 0.0476726 0.0575694 0.0658311 0.0715087 0.0742415 0.0742159 0.0719165 0.0678985 0.0626799 0.0567046 0.0503284 0.0438178 0.037365 0.0311132 0.025183 0.0196925 0.0147664 0.0105272 0.00707074 0.00443348
 0.0078929 0.0128922 0.0195327 0.0277871 0.0373889 0.0476747 0.0575581 0.0657995 0.0714553 0.0741732 0.0741476 0.0718651 0.0678766 0.0626908 0.0567429 0.050384 0.0438799 0.0374246 0.0311637 0.0252196 0.0197123 0.0147687 0.0105144 0.00704794 0.00440719
 0.00787156 0.0128555 0.0194741 0.0277004 0.0372703 0.0475266 0.0573912 0.0656312 0.0713054 0.0740576 0.0740759 0.0718412 0.0679009 0.0627613 0.0568543 0.0505264 0.0440394 0.0375857 0.0313124 0.0253455 0.0198094 0.0148353 0.0105533 0.00706499 0.00440994
 0.0078761 0.0128561 0.0194624 0.0276642 0.0371969 0.0474075 0.0572269 0.0654337 0.0710957 0.0738616 0.0739181 0.07174 0.0678656 0.0627917 0.0569431 0.0506611 0.0442049 0.0377653 0.0314895 0.0255056 0.019942 0.0149354 0.0106212 0.00710544 0.0044303
 0.00787969 0.0128627 0.0194732 0.0276795 0.0372141 0.0474194 0.0572213 0.0653961 0.0710154 0.0737382 0.0737646 0.0715795 0.0677251 0.0626941 0.0569012 0.0506771 0.0442712 0.0378681 0.0316118 0.0256306 0.0200555 0.0150279 0.0106888 0.0071494 0.00445534
 0.00786082 0.0128321 0.0194275 0.0276163 0.0371332 0.0473243 0.0571194 0.0652969 0.070927 0.0736635 0.0737015 0.0715248 0.0676793 0.0626636 0.0568966 0.050708 0.0443413 0.0379733 0.0317408 0.025768 0.020186 0.0151395 0.0107749 0.00720913 0.00449245
 0.00783861 0.0127934 0.0193649 0.0275218 0.0370008 0.0471539 0.05692 0.0650871 0.0707311 0.0735054 0.0735976 0.0714808 0.0676907 0.0627199 0.0569867 0.0508238 0.0444785 0.0381281 0.0319073 0.0259364 0.0203443 0.0152763 0.010883 0.00728669 0.00454273
 0.00782762 0.0127736 0.0193313 0.0274683 0.036921 0.0470429 0.0567767 0.0649167 0.0705454 0.0733221 0.0734377 0.0713643 0.0676314 0.0627223 0.0570458 0.0509282 0.0446148 0.0382844 0.0320731 0.0261022 0.0205 0.0154127 0.0109929 0.00736771 0.00459681
 0.00780448 0.012735 0.0192714 0.0273811 0.0368019 0.046891 0.0565966 0.0647187 0.0703445 0.0731348 0.0732799 0.07125 0.0675718 0.0627244 0.0571103 0.051049 0.0447795 0.0384769 0.0322772 0.0263029 0.0206848 0.0155718 0.0111203 0.00746162 0.00466005
 0.00777563 0.0126883 0.0192015 0.0272834 0.0366732 0.0467313 0.0564107 0.064517 0.0701417 0.0729475 0.0731238 0.071138 0.067513 0.0627238 0.0571688 0.0511629 0.0449404 0.0386719 0.0324901 0.0265168 0.0208841 0.0157443 0.0112587 0.00756399 0.00472933
 0.00772921 0.0126129 0.0190883 0.027125 0.0364659 0.0464779 0.0561239 0.0642189 0.0698601 0.0727093 0.0729497 0.0710402 0.0674951 0.0627828 0.057297 0.0513494 0.045172 0.0389333 0.0327645 0.0267862 0.0211318 0.0159569 0.0114281 0.00768854 0.00481329
 0.00769085 0.0125497 0.0189918 0.0269868 0.0362798 0.0462432 0.0558478 0.0639186 0.0695602 0.0724377 0.0727324 0.0708971 0.067438 0.062814 0.0574106 0.0515332 0.0454097 0.0392068 0.0330543 0.0270729 0.0213972 0.0161861 0.0116118 0.00782435 0.00490526
 0.00766269 0.0125037 0.018922 0.0268873 0.0361459 0.0460725 0.0556427 0.063687 0.0693156 0.0721979 0.0725171 0.0707262 0.0673287 0.0627785 0.0574539 0.051652 0.0455935 0.0394391 0.0333152 0.027341 0.0216521 0.0164106 0.0117946 0.00796117 0.00499885
 0.00765577 0.012491 0.0189003 0.0268523 0.0360929 0.0459975 0.0555437 0.0635643 0.0691725 0.07204 0.0723534 0.0705684 0.0671912 0.062677 0.0574026 0.0516609 0.0456653 0.0395681 0.0334881 0.0275394 0.021855 0.0165989 0.0119537 0.00808357 0.00508441
 0.00765823 0.0124963 0.0189103 0.026869 0.036117 0.0460265 0.0555708 0.0635793 0.069164 0.0719992 0.0722768 0.0704594 0.0670597 0.0625382 0.0572748 0.0515624 0.0456109 0.0395661 0.0335376 0.0276306 0.021972 0.0167229 0.0120681 0.00817718 0.00515278
 0.00761688 0.0124332 0.0188233 0.0267597 0.0359907 0.0458925 0.0554415 0.0634685 0.0690829 0.0719531 0.0722627 0.0704681 0.0670799 0.0625614 0.0572983 0.05159 0.0456507 0.0396266 0.033624 0.0277414 0.0220986 0.0168522 0.0121863 0.00827396 0.00522382
 0.00761069 0.0124211 0.0188015 0.0267235 0.0359366 0.0458198 0.0553545 0.0633763 0.0689975 0.0718854 0.0722196 0.0704503 0.0670827 0.062577 0.0573192 0.0516119 0.0456745 0.0396575 0.0336683 0.0278028 0.0221756 0.0169376 0.01227 0.00834655 0.0052796
 0.0075711 0.0123608 0.0187181 0.0266176 0.0358109 0.0456788 0.0552044 0.0632259 0.068858 0.0717702 0.0721413 0.0704182 0.0670998 0.0626388 0.0574147 0.0517275 0.0457979 0.0397806 0.0337881 0.0279192 0.0222881 0.0170435 0.0123644 0.00842436 0.0053379
 0.00756516 0.0123477 0.0186922 0.0265721 0.0357398 0.0455805 0.0550839 0.0630942 0.0687291 0.0716564 0.0720516 0.0703581 0.0670727 0.0626465 0.0574567 0.0517992 0.0458913 0.0398864 0.0338979 0.0280271 0.0223903 0.017137 0.0124458 0.00849074 0.00538763
 0.00753347 0.0122995 0.0186258 0.0264874 0.035638 0.0454632 0.0549531 0.0629536 0.0685863 0.0715227 0.0719408 0.0702829 0.0670419 0.0626627 0.057517 0.0518969 0.0460171 0.0400295 0.0340472 0.0281727 0.0225244 0.017254 0.0125425 0.0085657 0.00544153
 0.00754922 0.012322 0.0186538 0.0265178 0.0356665 0.0454854 0.0549651 0.062952 0.0685672 0.0714827 0.0718782 0.0702005 0.0669482 0.0625707 0.0574406 0.0518471 0.0459991 0.0400426 0.0340859 0.0282286 0.0225884 0.0173181 0.0126003 0.0086132 0.00547714
 0.00753962 0.0123105 0.0186438 0.0265147 0.0356753 0.0455078 0.0549979 0.0629871 0.0685947 0.0714943 0.0718695 0.0701709 0.0669003 0.0625103 0.057376 0.0517885 0.0459563 0.0400223 0.03409 0.0282539 0.0226282 0.0173642 0.0126454 0.00865191 0.00550682
 0.00752103 0.0122822 0.0186054 0.0264675 0.0356234 0.045458 0.0549587 0.0629669 0.0685984 0.0715205 0.0719099 0.0702135 0.0669338 0.0625275 0.0573764 0.0517765 0.04594 0.0400106 0.0340896 0.0282678 0.0226549 0.0173988 0.0126816 0.00868447 0.00553247
 0.00751847 0.0122765 0.0185937 0.0264468 0.0355912 0.0454139 0.0549062 0.0629136 0.068554 0.0714942 0.071907 0.0702331 0.0669693 0.0625686 0.0574128 0.0518019 0.0459535 0.0400161 0.0340937 0.0282762 0.0226705 0.0174208 0.0127068 0.00870862 0.00555244
 0.00748366 0.0122218 0.0185152 0.0263422 0.0354607 0.0452613 0.0547397 0.0627464 0.0684031 0.0713774 0.0718392 0.0702234 0.0670181 0.0626676 0.0575465 0.0519517 0.0461026 0.0401529 0.034213 0.0283778 0.0227565 0.017493 0.0127659 0.00875454 0.00558563
 0.00748947 0.0122275 0.0185168 0.0263336 0.0354351 0.0452137 0.0546689 0.0626559 0.0683001 0.0712716 0.0717414 0.0701449 0.0669691 0.0626552 0.0575725 0.0520111 0.046185 0.0402456 0.0343047 0.0284613 0.0228282 0.0175524 0.0128134 0.00879093 0.0056118
 0.00748947 0.0122275 0.0185168 0.0263336 0.0354351 0.0452137 0.0546689 0.0626559 0.0683001 0.0712716 0.0717414 0.0701449 0.0669691 0.0626552 0.0575725 0.0520111 0.046185 0.0402456 0.0343047 0.0284613 0.0228282 0.0175524 0.0128134 0.00879093 0.0056118
 0.00714644 0.0116863 0.017735 0.0252883 0.034134 0.0437078 0.0530637 0.0611062 0.0669829 0.0703427 0.071299 0.0702129 0.0675036 0.0635641 0.0587398 0.0533183 0.0475262 0.0415352 0.0354797 0.0294803 0.0236698 0.0182126 0.0133026 0.00913093 0.00583163
 0.00721653 0.0117562 0.0177586 0.0251947 0.0338447 0.0431662 0.0522609 0.0600918 0.065856 0.0692309 0.0703341 0.0695094 0.0671404 0.0635715 0.0590963 0.053959 0.048359 0.0424605 0.0364066 0.0303371 0.0244082 0.018808 0.0137513 0.00944578 0.00603614
 0.00724283 0.0118164 0.0178777 0.0253971 0.0341355 0.0435086 0.0525656 0.0602336 0.065719 0.068761 0.0695693 0.068571 0.066193 0.0627745 0.0585649 0.0537451 0.048451 0.0427972 0.0368997 0.0308938 0.0249496 0.0192792 0.0141241 0.00971554 0.00621467
 0.00718288 0.0117305 0.0177716 0.025287 0.0340483 0.043477 0.0526175 0.060376 0.0659206 0.0689476 0.0696425 0.0684491 0.065854 0.062275 0.0580213 0.0532898 0.0481855 0.0427644 0.0370804 0.0312248 0.0253499 0.0196748 0.0144635 0.00997428 0.00639182
 0.00713438 0.0116455 0.0176333 0.025079 0.0337622 0.0431232 0.0522331 0.0600219 0.0656649 0.0688385 0.0696849 0.0685966 0.0660255 0.06239 0.0580396 0.0532303 0.0481152 0.0427623 0.0371995 0.0314706 0.0256846 0.0200383 0.0147986 0.010244 0.00658394
 0.00716934 0.0117021 0.0177168 0.0251911 0.0338973 0.0432642 0.0523518 0.0600866 0.0656539 0.068754 0.0695539 0.0684572 0.065904 0.062286 0.0579292 0.0530884 0.0479399 0.0425839 0.037067 0.0314248 0.0257367 0.0201665 0.0149621 0.0104024 0.00671103
 0.00721221 0.0117789 0.0178451 0.0253904 0.0341825 0.0436365 0.0527893 0.0605422 0.0660641 0.0690543 0.0696984 0.0684314 0.0657268 0.0619983 0.057576 0.0527039 0.0475462 0.0422008 0.0367206 0.0311462 0.0255493 0.0200738 0.0149457 0.0104314 0.00675578
 0.00715757 0.0116999 0.0177452 0.0252815 0.0340847 0.0435755 0.0527924 0.0606315 0.0662471 0.0693161 0.0699997 0.0687176 0.0659449 0.062114 0.0575816 0.0526153 0.0473921 0.0420125 0.0365278 0.0309759 0.0254231 0.0200025 0.0149259 0.0104476 0.00678818
 0.00715704 0.0116933 0.0177254 0.0252398 0.0340149 0.0434801 0.0526869 0.0605437 0.0662097 0.0693556 0.0701254 0.0689159 0.0661804 0.0623394 0.057752 0.0527019 0.0473886 0.0419342 0.0364034 0.0308378 0.0253 0.0199131 0.0148761 0.0104317 0.00679373
 0.00708532 0.0115778 0.0175536 0.0250014 0.0337046 0.0431019 0.0522592 0.060102 0.0658038 0.0690417 0.069954 0.0689191 0.0663622 0.0626716 0.0581801 0.0531589 0.0478139 0.0422875 0.0366705 0.0310268 0.0254308 0.0200075 0.0149499 0.0104926 0.00684328
#pred catch len freq
 0.00314559 0.00511551 0.00773598 0.0110571 0.0151223 0.0199199 0.0253221 0.0310774 0.036862 0.0423469 0.047246 0.051352 0.0545638 0.05689 0.0584227 0.0593043 0.0597023 0.0597753 0.0595952 0.0590192 0.057591 0.0546066 0.0494321 0.0419521 0.0328426
 0.00336294 0.00540966 0.00807142 0.0113697 0.0153443 0.0200145 0.0253057 0.0310085 0.0368035 0.042325 0.0472365 0.0513043 0.054445 0.0567196 0.0582762 0.0592818 0.0598763 0.0601416 0.0600528 0.0593969 0.0577145 0.0543782 0.0488772 0.041205 0.0320789
 0.00343195 0.00555661 0.00835176 0.0118432 0.0160446 0.0209113 0.0262855 0.031901 0.0374484 0.0426414 0.0472459 0.051094 0.0541078 0.0563173 0.0578466 0.0588657 0.0595273 0.0599021 0.0599144 0.0592818 0.0575023 0.0539695 0.0482537 0.0404438 0.0313121
 0.00355684 0.00574627 0.00861724 0.0121987 0.0165196 0.0215577 0.0271659 0.0330487 0.038816 0.0440744 0.0485153 0.0519805 0.0544883 0.0561991 0.0573362 0.0581079 0.0586557 0.0590149 0.0590621 0.0584613 0.0566686 0.0530722 0.0472832 0.0394538 0.0303995
 0.00373241 0.00602749 0.00903194 0.0127685 0.0172554 0.0224558 0.0282078 0.0342086 0.0400709 0.045401 0.0498652 0.0532502 0.0555164 0.0568108 0.0574137 0.05764 0.0577341 0.0577866 0.0576701 0.057006 0.0552017 0.0516195 0.0458783 0.0381578 0.0292897
 0.00392446 0.006337 0.00949375 0.0134159 0.0181168 0.0235476 0.029523 0.0357076 0.0416804 0.0470265 0.0514086 0.0546223 0.056635 0.0575878 0.0577522 0.0574551 0.056991 0.0565272 0.0560061 0.0550842 0.0531668 0.049598 0.0439817 0.0364866 0.0279245
 0.00415306 0.00670004 0.0100254 0.014146 0.0190698 0.0247399 0.0309547 0.0373525 0.04348 0.0488889 0.053217 0.05625 0.057963 0.0585179 0.0582076 0.0573755 0.0563349 0.0552881 0.0542343 0.0528954 0.0507302 0.0471096 0.0416342 0.0344422 0.0262898
 0.00442265 0.00712791 0.0106509 0.0150011 0.0201774 0.0261083 0.0325701 0.0391721 0.0454317 0.050878 0.0551345 0.0579802 0.0593918 0.059541 0.0587375 0.0573447 0.0556979 0.0540274 0.0523763 0.0505295 0.048019 0.0442759 0.0389241 0.032074 0.0244059
 0.00471816 0.00760093 0.0113499 0.0159688 0.0214458 0.0276898 0.034445 0.0412793 0.0476703 0.05312 0.0572425 0.0598238 0.0608592 0.0605436 0.0592079 0.0572315 0.0549626 0.0526499 0.0503716 0.0479719 0.0450625 0.0411527 0.0359098 0.0294254 0.022297
 0.00502121 0.00808464 0.0120628 0.0169541 0.022739 0.0293118 0.0363891 0.043498 0.050069 0.0555627 0.0595668 0.0618642 0.0624705 0.0616179 0.059678 0.0570618 0.0541368 0.0511658 0.0482512 0.0452868 0.0419602 0.0378643 0.032721 0.0266116 0.0200509
 0.00529477 0.00852123 0.0127061 0.0178431 0.0239057 0.0307759 0.0381479 0.0455161 0.0522746 0.0578492 0.0618013 0.0638985 0.0641566 0.0628252 0.0603069 0.0570492 0.0534526 0.0498078 0.046248 0.0427137 0.038962 0.0346654 0.0296007 0.0238444 0.0178332
