SBPRF35
12.7214
Curr Bio
747994
B35
866678
F35
0.168123
FOFL
0.140263
OFL
84901.5
Bzero
3.63469e+006
#pred survey bio
 3.70332e+006 3.59784e+006 3.49641e+006 3.34851e+006 3.12883e+006 2.87982e+006 2.61717e+006 2.3592e+006 2.10427e+006 1.85353e+006 1.65448e+006 1.48325e+006 1.31248e+006 1.16521e+006 1.0499e+006 900389 829379 773325 710206 654880 627618 610016 572462 560559 545121 547730 543280 549161 551704 555536 557149 571016 587288 596324 608070 609082 624179 632207 642907 647478 650606 658641 663060 663709 676596 687713 687155 688964 707549 724688 720794 771771 788922 807346 813037 838212 834705 810521 806562 775010 752946 2.57133e+007 1.51048e+007 1.5198e+007 1.60789e+007 1.75179e+007 1.92045e+007 2.08941e+007 2.24372e+007 2.37639e+007 2.48584e+007 2.57357e+007 2.64246e+007 2.69582e+007 2.73676e+007 2.768e+007 2.79176e+007 2.80983e+007 2.82357e+007 2.83406e+007 2.84209e+007 2.84825e+007 2.85301e+007 2.8567e+007 2.85958e+007 2.86183e+007 2.86361e+007 2.865e+007 2.86611e+007 2.86699e+007 2.86769e+007 2.86825e+007 2.8687e+007 2.86906e+007 2.86935e+007 2.86959e+007 2.86978e+007 2.86994e+007 2.87006e+007 2.87017e+007 2.87025e+007 2.87032e+007 2.87037e+007 2.87042e+007 2.87046e+007 2.87049e+007 2.87051e+007 2.87053e+007 2.87055e+007 2.87056e+007 2.87057e+007 2.87058e+007 2.87059e+007 2.8706e+007 2.8706e+007 2.8706e+007 2.87061e+007 2.87061e+007 2.87061e+007 2.87061e+007 2.87062e+007 2.87062e+007 2.87062e+007 2.87062e+007 2.87062e+007 2.87062e+007 2.87062e+007 2.87062e+007 2.87062e+007 2.87062e+007 2.87062e+007 2.87062e+007 2.87062e+007 2.87062e+007 2.87062e+007 2.87062e+007 2.87062e+007 2.87062e+007 2.87062e+007 2.87062e+007 2.87062e+007 2.87062e+007 2.87062e+007 2.87062e+007 2.87062e+007 2.87062e+007 2.87062e+007 2.87062e+007 2.87062e+007 2.87062e+007 2.87062e+007 2.87062e+007 2.87062e+007 2.87062e+007 2.87062e+007 2.87062e+007 2.87062e+007 2.87062e+007 2.87062e+007 2.87062e+007 2.87062e+007 0 0 0 0 0 0 0 0 0 0 0 0 0 0 0 0 0 0 0 0 0 0 0 0 0
#obs survey bio
 3.4532e+006 2.86008e+006 3.89799e+006 2.98423e+006 3.41475e+006 2.63915e+006 2.75847e+006 2.59759e+006 1.47059e+006 1.68923e+006 1.26405e+006 1.43112e+006 1.11802e+006 1.2189e+006 867294 960925 717299 755340 587230 723535 528497 523414 649668 679952 368960 629974 706949 422383 454767 635106 556162 501886 527350 821026 490315 539555 727019 782010 543353 615624 580839 517586 457576 621808 579985 611010 820596 710805 622909 576223 885999 862504 701256 949054 1.01035e+006 954667 952762 853672 850746 731748 737061
#pred catch bio
 98192.2 96688.3 143293 217216 255897 282568 293590 306149 316634 282539 268113 275017 258100 231939 260016 188713 174475 176827 164395 135911 125020 138518 113845 115808 100511 106664 97689.8 100465 99055.5 100528 90325.4 89069.1 95247 92591.4 101267 89347.6 96043.7 94476.1 100720 102918 100166 104710 108507 98718.4 101277 111328 108811 95294.9 98405 116802 70887.8 100774 98810.8 108895 91522.7 115307 130500 110679 131580 118004 107694 84901.5 98268.7 97538.8 101701 110247 120740 131290 140829 148895 155408 160490 164358 167245 169367 170909 172018 172811 173373 173771 174051 174247 174385 174481 174548 174595 174627 174649 174665 174676 174683 174688 174692 174694 174696 174697 174698 174699 174699 174699 174699 174700 174700 174700 174700 174700 174700 174700 174700 174700 174700 174700 174700 174700 174700 174700 174700 174700 174700 174700 174700 174700 174700 174700 174700 174700 174700 174700 174700 174700 174700 174700 174700 174700 174700 174700 174700 174700 174700 174700 174700 174700 174700 174700 174700 174700 174700 174700 174700 174700 174700 174700 174700 174700 174700 174700 174700 174700 174700 174700 174700 0 0 0 0 0 0 0 0 0 0 0 0 0 0 0 0 0 0 0 0 0 0 0 0 0
#obs catch bio
 0 96441.9 143276 217611 255986 283018 293243 305632 317739 283529 269913 278075 261301 233127 264878 189656 176053 178950 166155 136272 125797 139238 114036 116424 101679 107994 98517.1 101531 99924.4 101185 90983.3 89674.9 95830.9 92334 101541 89259.1 96293.8 94282.7 100976 103094 100428 105536 109748 99210 101968 112133 109288 95337.5 98595.8 118257 70552.8 101237 98971.9 109523 91401.4 115317 130765 110249 131846 118058 107639
#pred cpue bio
 3.65117e+006 3.54753e+006 3.44803e+006 3.3011e+006 3.08221e+006 2.83415e+006 2.57264e+006 2.31579e+006 2.062e+006 1.81252e+006 1.61434e+006 1.44399e+006 1.2746e+006 1.1288e+006 1.01471e+006 867655 797648 742673 681290 627727 601414 584462 548045 536422 521249 523618 519379 525297 527957 531840 533552 547189 563279 572426 584149 585255 600003 607890 618273 622561 625393 632984 637147 637817 650474 661394 660960 662818 680920 697556 693825 744040 761518 779880 785594 810494 807377 783845 780100 749634 729024 2.49463e+007 1.46719e+007 1.46076e+007 1.52864e+007 1.66411e+007 1.83038e+007 1.99878e+007 2.15297e+007 2.28561e+007 2.39506e+007 2.48278e+007 2.55167e+007 2.60503e+007 2.64597e+007 2.67721e+007 2.70097e+007 2.71904e+007 2.73278e+007 2.74327e+007 2.7513e+007 2.75746e+007 2.76222e+007 2.76591e+007 2.76879e+007 2.77104e+007 2.77282e+007 2.77421e+007 2.77532e+007 2.7762e+007 2.7769e+007 2.77746e+007 2.77791e+007 2.77827e+007 2.77856e+007 2.7788e+007 2.77899e+007 2.77915e+007 2.77927e+007 2.77938e+007 2.77946e+007 2.77953e+007 2.77958e+007 2.77963e+007 2.77967e+007 2.7797e+007 2.77972e+007 2.77974e+007 2.77976e+007 2.77977e+007 2.77978e+007 2.77979e+007 2.7798e+007 2.77981e+007 2.77981e+007 2.77982e+007 2.77982e+007 2.77982e+007 2.77982e+007 2.77983e+007 2.77983e+007 2.77983e+007 2.77983e+007 2.77983e+007 2.77983e+007 2.77983e+007 2.77983e+007 2.77983e+007 2.77983e+007 2.77983e+007 2.77983e+007 2.77983e+007 2.77983e+007 2.77983e+007 2.77983e+007 2.77983e+007 2.77983e+007 2.77983e+007 2.77983e+007 2.77983e+007 2.77983e+007 2.77983e+007 2.77983e+007 2.77983e+007 2.77983e+007 2.77983e+007 2.77983e+007 2.77983e+007 2.77983e+007 2.77983e+007 2.77983e+007 2.77983e+007 2.77983e+007 2.77983e+007 2.77983e+007 2.77983e+007 2.77983e+007 2.77983e+007 2.77983e+007 2.77983e+007 2.77983e+007 0 0 0 0 0 0 0 0 0 0 0 0 0 0 0 0 0 0 0 0 0 0 0 0 0
#obs cpue bio
 2.99097e+006 3.47924e+006 3.90318e+006 3.81774e+006 2.82959e+006 2.55306e+006 3.26466e+006 2.21806e+006 1.96462e+006 1.64333e+006 1.49954e+006 1.13542e+006 1.18321e+006 1.32016e+006 736627 983532 675843 627813 768714 706215 492735 867822 433793 393258 342459 453212 368844 555172 599329 532617 377222 569819 693384 742053 561458 679162 446563 656036 524337 683948 571801 506003 667635 825856 604122 770759 638762 701882 654387 589920 792007 668355 757034 576102 721950 931024 671701 856109 665583 764402 810747
#pred surv len freq
 0.00515788 0.00830462 0.0123683 0.0172881 0.0229248 0.0289971 0.0350471 0.0405391 0.0450578 0.0484489 0.0508 0.0523191 0.0532244 0.0536943 0.0538585 0.0538081 0.0536105 0.0533094 0.0528792 0.0521306 0.0506348 0.0477836 0.043055 0.0363834 0.0283754
 0.00523314 0.00836267 0.0123414 0.0170854 0.0224711 0.0282848 0.0341696 0.0396723 0.044391 0.0481028 0.050784 0.0525499 0.0535877 0.0541071 0.0543 0.0543079 0.0542081 0.0540062 0.0536092 0.0527692 0.0510457 0.0478822 0.042851 0.0359755 0.0279023
 0.00545378 0.00869563 0.0127898 0.0176225 0.0230328 0.0287694 0.0344518 0.0396419 0.0440065 0.0474304 0.0499866 0.0518207 0.0530681 0.0538427 0.0542568 0.054425 0.054439 0.0543222 0.0539724 0.0531083 0.0512641 0.0478981 0.0426431 0.0355986 0.0274597
 0.00563007 0.00898944 0.013244 0.0182778 0.0239129 0.0298595 0.0356767 0.0408596 0.0450307 0.048081 0.0501512 0.0515 0.0523788 0.0529703 0.0533829 0.053669 0.0538433 0.0538712 0.0536186 0.0527875 0.050906 0.0474471 0.0420856 0.0349758 0.0268511
 0.00584207 0.00932894 0.0137466 0.0189761 0.0248345 0.0310196 0.0370655 0.0424261 0.0466713 0.0496392 0.0514358 0.0523265 0.0526241 0.0526189 0.0525351 0.0525028 0.0525467 0.0525839 0.0524063 0.051652 0.0498167 0.0463765 0.0410371 0.0339918 0.0259957
 0.00608837 0.00971995 0.014318 0.0197561 0.025841 0.0322551 0.0385109 0.0440365 0.048377 0.0513489 0.0530359 0.0536786 0.0535744 0.0530277 0.0523223 0.0516834 0.0512328 0.0509455 0.0506143 0.0498344 0.048049 0.0447036 0.0395017 0.0326476 0.0248968
 0.00638251 0.0101837 0.0149895 0.020662 0.0269935 0.0336474 0.0401102 0.0457816 0.0501851 0.0531281 0.054695 0.0551273 0.0547153 0.0537525 0.0525216 0.0512759 0.0502008 0.0493554 0.0486054 0.0475828 0.0457287 0.042465 0.037468 0.0309153 0.0235274
 0.00671906 0.0107132 0.0157536 0.0216884 0.0282919 0.0352045 0.0418826 0.047693 0.0521352 0.0550096 0.0564099 0.056593 0.0558616 0.0545113 0.0528196 0.0510367 0.0493636 0.0479053 0.0466002 0.045159 0.0430819 0.0398148 0.0350208 0.0288318 0.0218994
 0.00706524 0.011265 0.0165633 0.0227968 0.0297211 0.036946 0.0438851 0.0498593 0.0543349 0.0571047 0.0582774 0.0581375 0.0570149 0.0552251 0.0530535 0.0507485 0.0485093 0.046455 0.0445675 0.0426308 0.0402297 0.0368757 0.0322509 0.0264487 0.0200342
 0.00745106 0.0118749 0.0174494 0.0239971 0.0312543 0.0388037 0.04602 0.052179 0.056709 0.0593841 0.0603173 0.0598149 0.0582385 0.0559366 0.0532211 0.0503549 0.0475405 0.0449011 0.0424412 0.0399984 0.0372384 0.0337538 0.0292699 0.0238573 0.0179937
 0.00777629 0.0123898 0.0181989 0.0250153 0.0325599 0.0403938 0.0478609 0.0542017 0.0588146 0.0614577 0.0622415 0.0614788 0.0595429 0.0567991 0.0535794 0.0501671 0.0467822 0.0435635 0.0405394 0.0375927 0.0344593 0.0308098 0.0264205 0.0213516 0.0160032
 0.00801514 0.0127795 0.0187882 0.02585 0.0336749 0.0417988 0.0495268 0.0560563 0.0607541 0.0633672 0.0640131 0.0630198 0.0607748 0.0576543 0.0539991 0.0501016 0.0461929 0.0424287 0.0388646 0.0354296 0.0319254 0.0280961 0.0237685 0.0189996 0.0141211
 0.00829624 0.0132264 0.0194423 0.0267448 0.0348314 0.0432185 0.0511816 0.0578815 0.0626523 0.0652219 0.0657067 0.0644487 0.0618594 0.0583405 0.0542533 0.0499014 0.0455206 0.041272 0.0372287 0.0333572 0.0295196 0.0255286 0.0212604 0.0167718 0.012334
 0.00860066 0.0137026 0.0201245 0.0276529 0.0359694 0.0445719 0.0527124 0.0595261 0.0643266 0.0668331 0.0671647 0.0656731 0.0627824 0.0589094 0.0544316 0.0496673 0.0448628 0.0401875 0.0357282 0.0314806 0.0273559 0.0232259 0.0190117 0.0147721 0.0107267
 0.00869761 0.0138828 0.0204368 0.0281561 0.0367168 0.0455894 0.0539786 0.0609692 0.0658416 0.0683088 0.068506 0.0668082 0.0636599 0.0594911 0.0546876 0.0495739 0.0444032 0.0393537 0.0345277 0.0299481 0.0255679 0.0213085 0.0171285 0.0130894 0.00936856
 0.00911932 0.0145303 0.0213415 0.0293239 0.0381322 0.0472193 0.0557701 0.0628422 0.0676853 0.069991 0.0698931 0.0677914 0.0641758 0.0595289 0.0542789 0.0487723 0.0432639 0.0379233 0.0328465 0.0280642 0.0235546 0.0192744 0.0152098 0.0114212 0.0080465
 0.00919579 0.0146593 0.0215442 0.0296235 0.0385497 0.0477674 0.0564484 0.0636371 0.0685742 0.0709455 0.0708758 0.0687482 0.0650323 0.0601994 0.0546853 0.0488622 0.0430179 0.0373506 0.0319775 0.0269476 0.0222611 0.0179008 0.0138721 0.0102331 0.00709093
 0.00908951 0.0145193 0.0213949 0.0295093 0.0385254 0.0478814 0.0567276 0.0640813 0.0691607 0.0716389 0.0716361 0.0695345 0.0658011 0.0609002 0.0552589 0.0492458 0.0431566 0.0372108 0.0315551 0.0262707 0.0213894 0.016921 0.0128865 0.00934069 0.00636449
 0.00913291 0.0145796 0.021468 0.029589 0.0386099 0.0479817 0.0568707 0.0643029 0.0694891 0.0720783 0.0721607 0.0700962 0.0663463 0.0613824 0.0556416 0.049498 0.0432478 0.0371129 0.0312513 0.0257669 0.0207217 0.0161549 0.0121059 0.00862868 0.00578259
 0.00933734 0.0148766 0.021849 0.030022 0.0390474 0.0483749 0.0571831 0.0645187 0.069616 0.072145 0.0722071 0.0701581 0.0664407 0.0615018 0.0557589 0.0495766 0.0432508 0.0370078 0.031015 0.0253922 0.0202246 0.0155775 0.0115098 0.00807909 0.00532992
 0.00939972 0.0149718 0.0219795 0.0301839 0.0392283 0.0485531 0.0573295 0.0646033 0.0696195 0.0720706 0.0720855 0.0700399 0.0663781 0.0615292 0.0558801 0.0497636 0.043454 0.037171 0.031089 0.0253464 0.0200542 0.0153053 0.0111803 0.00774568 0.00503868
 0.009392 0.0149615 0.0219685 0.0301754 0.0392264 0.0485611 0.0573478 0.0646278 0.0696413 0.0720782 0.0720706 0.0700045 0.0663391 0.0615143 0.0559169 0.0498656 0.0436107 0.0373486 0.0312417 0.0254315 0.0200471 0.0152066 0.0110149 0.0075523 0.00485537
 0.0096583 0.0153608 0.0225064 0.0308335 0.039966 0.0493307 0.0580889 0.0652781 0.0701405 0.0723766 0.0721387 0.0698392 0.0659651 0.0609819 0.0552938 0.049224 0.043011 0.0368262 0.0308026 0.0250596 0.0197184 0.0149041 0.0107357 0.0073057 0.00465411
 0.00978868 0.0155536 0.0227608 0.0311357 0.0402931 0.0496565 0.0583895 0.0655345 0.0703395 0.072511 0.0722054 0.0698369 0.0658923 0.0608384 0.0550855 0.0489672 0.0427314 0.0365519 0.0305538 0.0248429 0.0195285 0.0147318 0.0105763 0.00716179 0.00453299
 0.00989807 0.0157327 0.0230312 0.0315151 0.0407868 0.0502482 0.0590337 0.0661607 0.0708688 0.0728794 0.0723803 0.0698194 0.0657081 0.0605239 0.0546782 0.0485017 0.0422403 0.036066 0.0301004 0.0244417 0.0191884 0.0144526 0.0103527 0.0069879 0.00440374
 0.00972036 0.0154747 0.0227016 0.0311448 0.0404245 0.0499499 0.0588513 0.0661316 0.0710065 0.0731667 0.0727713 0.0702517 0.0661202 0.0608706 0.054936 0.0486658 0.0423187 0.0360742 0.0300578 0.0243679 0.0191006 0.0143632 0.0102694 0.00691553 0.00434506
 0.00969856 0.0154284 0.0226131 0.0309942 0.0401992 0.0496565 0.0585249 0.0658325 0.0708028 0.0731108 0.0728813 0.0705064 0.0664683 0.061248 0.0552838 0.0489432 0.0425073 0.0361754 0.0300862 0.0243441 0.0190458 0.0142952 0.0102014 0.00685561 0.00429732
 0.00964601 0.0153401 0.0224744 0.0307892 0.039913 0.0492813 0.0580677 0.0653216 0.0702906 0.0726684 0.0725837 0.0704124 0.0666007 0.0615844 0.0557633 0.0494858 0.0430366 0.0366359 0.0304494 0.0246058 0.019218 0.0143974 0.0102545 0.00687757 0.00430214
 0.009604 0.0152783 0.022393 0.0306906 0.0397994 0.0491503 0.0579104 0.0651257 0.070048 0.0723845 0.0722846 0.0701438 0.0664181 0.0615351 0.0558683 0.0497307 0.0433759 0.037009 0.0308001 0.0248962 0.0194327 0.0145399 0.0103389 0.00692142 0.00432121
 0.00956972 0.0152211 0.0223047 0.030564 0.039631 0.0489441 0.0576796 0.0648904 0.0698274 0.0721903 0.0721192 0.0700067 0.0663152 0.061484 0.055894 0.0498526 0.0435947 0.0373013 0.0311246 0.0252077 0.0196965 0.014739 0.0104735 0.0070031 0.00436549
 0.00956369 0.0152102 0.0222857 0.0305327 0.0395818 0.048871 0.0575781 0.0647594 0.0696723 0.0720224 0.0719537 0.0698578 0.0661936 0.0613975 0.0558509 0.0498639 0.0436703 0.0374426 0.031318 0.0254266 0.0199091 0.0149194 0.0106084 0.00709254 0.00441814
 0.00942623 0.0149996 0.0219932 0.0301597 0.0391404 0.0483836 0.057077 0.064285 0.0692671 0.071723 0.0717836 0.0698249 0.0662912 0.0616079 0.05615 0.0502263 0.0440734 0.0378672 0.0317459 0.0258372 0.0202796 0.0152294 0.0108465 0.00725881 0.00452322
 0.00924535 0.0147219 0.0216064 0.0296641 0.0385497 0.0477247 0.05639 0.0636225 0.0686878 0.0712812 0.0715188 0.069756 0.0664156 0.0619048 0.0565857 0.0507602 0.0446638 0.0384758 0.0323398 0.0263885 0.0207649 0.0156315 0.0111564 0.00747885 0.00466582
 0.00922494 0.0146747 0.0215097 0.029489 0.0382693 0.047326 0.0558851 0.06305 0.0681047 0.0707484 0.0710893 0.069468 0.0662911 0.0619493 0.056789 0.0510982 0.0451022 0.0389749 0.0328593 0.0268914 0.0212204 0.0160168 0.0114592 0.00769806 0.00481087
 0.00920822 0.0146449 0.0214589 0.0294059 0.0381387 0.04713 0.0556074 0.0626827 0.0676565 0.0702503 0.0705925 0.069034 0.0659766 0.0617937 0.0568079 0.0512837 0.0454279 0.0394016 0.0333415 0.0273833 0.0216813 0.0164156 0.0117777 0.00793186 0.00496765
 0.00926227 0.0147291 0.0215783 0.0295611 0.0383234 0.0473286 0.0557924 0.0628165 0.0676972 0.0701639 0.0703651 0.0686809 0.0655421 0.0613421 0.0564076 0.0509904 0.0452729 0.0393882 0.0334491 0.0275754 0.0219154 0.0166521 0.0119865 0.00809609 0.00508349
 0.00918373 0.0146083 0.0214099 0.029346 0.0380702 0.0470542 0.0555212 0.0625765 0.0675123 0.0700447 0.0703045 0.0686579 0.0655335 0.0613351 0.0564076 0.0510185 0.0453557 0.0395448 0.033681 0.0278648 0.0222304 0.0169568 0.0122509 0.00830257 0.00522875
 0.00925323 0.0147018 0.0215145 0.0294376 0.0381201 0.0470396 0.0554347 0.0624286 0.0673271 0.0698508 0.0701263 0.0685092 0.0654158 0.0612407 0.0563277 0.0509519 0.0453125 0.0395423 0.0337346 0.0279779 0.0223907 0.0171397 0.0124285 0.00845304 0.00534111
 0.00927835 0.0147445 0.021581 0.0295323 0.0382405 0.0471721 0.0555525 0.0624973 0.0673174 0.0697522 0.0699532 0.0682949 0.0651985 0.0610498 0.0561771 0.0508429 0.0452417 0.0395091 0.0337422 0.0280292 0.022482 0.017258 0.0125544 0.0085674 0.00543134
 0.00931811 0.0148093 0.021679 0.029671 0.038425 0.0474019 0.0558172 0.0627736 0.0675695 0.0699382 0.0700361 0.0682544 0.0650393 0.0608003 0.0558792 0.0505386 0.0449631 0.039276 0.0335651 0.0279121 0.022423 0.0172484 0.012579 0.0086086 0.0054738
 0.00938641 0.014912 0.0218181 0.0298435 0.0386248 0.0476218 0.0560505 0.0630128 0.0678035 0.0701496 0.0702007 0.0683449 0.065032 0.0606845 0.0556635 0.0502503 0.0446411 0.0389597 0.033286 0.0276899 0.0222652 0.0171517 0.0125322 0.0085959 0.0054794
 0.00931995 0.0148236 0.0217212 0.0297621 0.0385865 0.0476469 0.0561434 0.0631615 0.0679874 0.0703477 0.0703964 0.0685241 0.0651792 0.0607816 0.0556941 0.0502069 0.0445307 0.0388037 0.0331138 0.0275298 0.0221373 0.0170645 0.0124836 0.00857661 0.00547781
 0.00921144 0.0146647 0.0215154 0.0295264 0.0383494 0.0474434 0.056009 0.0631249 0.0680625 0.0705278 0.0706543 0.0688201 0.0654725 0.061039 0.0558929 0.0503343 0.0445836 0.0387894 0.0330499 0.0274405 0.0220467 0.0169903 0.0124337 0.00854994 0.00546795
 0.00922835 0.0146769 0.0215066 0.0294736 0.0382322 0.0472563 0.0557707 0.0628779 0.0678606 0.0704183 0.070662 0.0689415 0.0656797 0.06129 0.0561439 0.0505495 0.0447403 0.0388795 0.0330785 0.0274228 0.0220032 0.0169407 0.0123919 0.00852193 0.00545315
 0.00918051 0.014601 0.0213952 0.0293197 0.0380285 0.0469963 0.0554526 0.062511 0.0674722 0.0700546 0.0703816 0.0687992 0.0657077 0.0614862 0.0564724 0.050953 0.0451578 0.0392607 0.0333926 0.0276592 0.0221676 0.017048 0.0124592 0.00856373 0.00547936
 0.00907135 0.0144425 0.0211913 0.0290857 0.0377854 0.0467624 0.0552366 0.0623115 0.0672817 0.0698683 0.0702051 0.0686528 0.0656243 0.0614999 0.0566041 0.0511984 0.0454863 0.0396256 0.0337454 0.0279638 0.0224061 0.0172194 0.0125738 0.00863581 0.00552251
 0.00907963 0.0144487 0.021188 0.029063 0.0377353 0.0466845 0.0551411 0.0622156 0.0672003 0.0698046 0.0701485 0.0685871 0.0655405 0.0614066 0.0565263 0.0511668 0.0455212 0.0397269 0.0338929 0.0281269 0.0225561 0.0173389 0.0126579 0.00868911 0.00555341
 0.00919392 0.0146084 0.0213796 0.0292567 0.0378925 0.0467703 0.055136 0.0621204 0.0670344 0.0695988 0.0699356 0.0683919 0.0653748 0.0612708 0.0564176 0.0510873 0.0454795 0.0397317 0.0339447 0.0282139 0.0226583 0.0174357 0.0127359 0.00874383 0.00558739
 0.0091693 0.0145741 0.0213378 0.0292107 0.0378429 0.0467106 0.0550511 0.0619922 0.0668522 0.0693697 0.0696875 0.0681664 0.0652117 0.0611947 0.0564321 0.051179 0.0456282 0.0399182 0.0341535 0.0284307 0.0228673 0.0176212 0.0128858 0.00885346 0.00565966
 0.0089693 0.0142898 0.0209857 0.0288323 0.0374931 0.0464385 0.0548837 0.0619283 0.0668674 0.0694279 0.0697538 0.0682191 0.0652489 0.0612327 0.0564947 0.0512857 0.0457852 0.0401187 0.034382 0.0286684 0.0230959 0.0178246 0.0130522 0.00897785 0.00574394
 0.00887033 0.0141395 0.0207805 0.0285797 0.0372138 0.0461672 0.054666 0.0618108 0.0668808 0.0695707 0.0699876 0.0684809 0.0654761 0.0613855 0.0565673 0.0513004 0.0457776 0.0401208 0.0344123 0.0287299 0.0231799 0.0179171 0.0131394 0.00904968 0.0057963
 0.00852768 0.0135917 0.0199757 0.0274821 0.0358188 0.0445207 0.052882 0.0600685 0.065394 0.0685353 0.0695311 0.0686337 0.066172 0.062488 0.0579107 0.0527312 0.0471807 0.0414258 0.0355833 0.0297498 0.0240393 0.0186111 0.0136701 0.0094293 0.00604745
 0.00860129 0.0136778 0.0200417 0.0274722 0.0356632 0.0441535 0.052262 0.0591975 0.0643273 0.0673824 0.0684424 0.0677699 0.0656632 0.0623978 0.0582217 0.0533579 0.0480028 0.0423243 0.0364648 0.0305537 0.0247322 0.0191779 0.0141079 0.0097457 0.00625908
 0.00852623 0.0135819 0.0199435 0.0273994 0.0356368 0.0441674 0.0522693 0.0591172 0.0640739 0.0669046 0.0677534 0.0669541 0.0648577 0.0617542 0.057862 0.0533396 0.048308 0.042874 0.0371508 0.0312712 0.0254005 0.0197472 0.0145562 0.0100724 0.00647853
 0.00846044 0.013484 0.0198144 0.0272491 0.0354858 0.0440444 0.052204 0.0591272 0.0641468 0.0669892 0.0677696 0.0668263 0.0645546 0.0613144 0.057386 0.0529538 0.0481158 0.0429207 0.037415 0.0316827 0.0258716 0.0202003 0.0149399 0.0103644 0.0066796
 0.00833049 0.0132734 0.0194997 0.0268121 0.034921 0.0433694 0.0514687 0.0584121 0.063547 0.0665851 0.0675992 0.0668706 0.064747 0.0615708 0.0576447 0.0532015 0.0483863 0.043266 0.0378676 0.0322331 0.0264703 0.0207798 0.0154408 0.0107528 0.00695065
 0.00832581 0.0132708 0.0195038 0.0268269 0.0349446 0.043388 0.0514553 0.0583345 0.0633833 0.0663402 0.0673084 0.0665868 0.0645168 0.061414 0.0575516 0.0531494 0.0483631 0.0432828 0.0379512 0.0324036 0.0267221 0.0210793 0.0157406 0.0110114 0.00714557
 0.00837159 0.0133497 0.0196304 0.0270169 0.03521 0.0437297 0.0518548 0.0587501 0.0637548 0.0666017 0.067407 0.0665001 0.0642608 0.0610372 0.0571152 0.0527076 0.0479535 0.0429308 0.0376777 0.032226 0.0266472 0.0210952 0.0158177 0.0111131 0.00724143
 0.00812655 0.0129933 0.0191729 0.0264969 0.0346867 0.0432679 0.0515114 0.0585655 0.063747 0.0667615 0.0676965 0.0668591 0.064623 0.0613493 0.0573514 0.0528708 0.0480665 0.0430224 0.0377735 0.0323436 0.0267938 0.021266 0.015997 0.0112797 0.00737771
 0.00773993 0.0124339 0.01846 0.0256954 0.033892 0.0425799 0.0510112 0.0583042 0.063743 0.0670009 0.0681353 0.0674298 0.0652464 0.0619494 0.0578694 0.053275 0.0483549 0.0432171 0.0379091 0.0324548 0.0269051 0.0213872 0.0161244 0.0114012 0.00748044
 0.0072134 0.0116218 0.0173235 0.0242372 0.032166 0.0406983 0.0491459 0.0566691 0.0625492 0.066399 0.0681744 0.0680544 0.0663251 0.0633167 0.0593614 0.0547544 0.0497239 0.0444218 0.0389335 0.0333082 0.0276073 0.0219569 0.0165747 0.0117417 0.00772199
#obs surv len freq
 nan nan nan nan nan nan nan nan nan nan nan nan nan nan nan nan nan nan nan nan nan nan nan nan nan
 0.00448394 0.00734488 0.0111744 0.0159902 0.0216904 0.0279654 0.0342791 0.0400103 0.04469 0.0481543 0.0505129 0.0520095 0.0529026 0.0534157 0.0537305 0.0539859 0.0542648 0.0545577 0.0546966 0.0542886 0.0527266 0.0493586 0.0438081 0.0362878 0.0276711
 0.00461072 0.00755365 0.0114932 0.0164457 0.0223013 0.0287325 0.0351748 0.0409763 0.0456457 0.0490128 0.0511976 0.0524655 0.053102 0.0533576 0.0534368 0.0534934 0.0536165 0.0537961 0.0538603 0.0534142 0.0518527 0.0485278 0.0430648 0.0356695 0.0271985
 0.00477496 0.00782126 0.0118972 0.0170175 0.023065 0.0296953 0.0363165 0.0422439 0.0469573 0.0502696 0.0522987 0.0533206 0.0536415 0.0535407 0.0532549 0.052968 0.0527927 0.0527331 0.052624 0.0520746 0.0504845 0.0472109 0.0418783 0.034679 0.02644
 0.00496487 0.00813236 0.0123697 0.0176904 0.0239681 0.0308376 0.0376742 0.0437554 0.048532 0.0518038 0.0536893 0.0544731 0.0544737 0.0539867 0.0532713 0.0525404 0.0519385 0.0515004 0.0510879 0.0503317 0.0486496 0.0454107 0.0402378 0.0333001 0.0253804
 0.00517291 0.00847321 0.0128877 0.0184288 0.0249614 0.0320983 0.0391795 0.0454418 0.0503033 0.053548 0.0552956 0.0558417 0.0555187 0.0546366 0.0534697 0.0522492 0.0511447 0.0502237 0.0493872 0.0483089 0.0464465 0.0431974 0.0381888 0.0315608 0.0240354
 0.00539552 0.00883845 0.0134437 0.0192228 0.0260309 0.0334572 0.0408035 0.0472629 0.052219 0.0554402 0.0570488 0.057353 0.0567007 0.0554167 0.0537884 0.0520601 0.0504177 0.0489547 0.0476118 0.0461166 0.0439866 0.0406685 0.0358073 0.0295147 0.0224402
 0.00563915 0.00923503 0.0140417 0.0200681 0.0271589 0.0348797 0.0424947 0.0491539 0.0542063 0.0574043 0.0588726 0.0589322 0.057948 0.0562606 0.0541707 0.0519329 0.0497442 0.0477167 0.0458258 0.0438547 0.0413915 0.0379491 0.0332062 0.0272526 0.0206606
 0.00588735 0.00964219 0.0146611 0.0209514 0.0283455 0.0363811 0.044278 0.0511374 0.0562724 0.0594234 0.0607242 0.0605161 0.0591848 0.057088 0.0545387 0.0517995 0.0490742 0.0464869 0.0440414 0.0415724 0.0387417 0.035138 0.0304861 0.0248631 0.0187651
 0.00612224 0.0100305 0.0152576 0.0218112 0.0295135 0.0378746 0.0460691 0.0531463 0.0583782 0.0614879 0.0626152 0.0621222 0.0604212 0.0578951 0.054876 0.0516376 0.0483889 0.0452612 0.0422785 0.0393202 0.0361174 0.0323368 0.0277558 0.0224471 0.0168358
 0.00635599 0.0104099 0.0158279 0.0226152 0.0305852 0.0392277 0.0476844 0.0549646 0.0603055 0.0634096 0.0644124 0.0636841 0.0616538 0.0587258 0.055254 0.0515299 0.0477744 0.0441288 0.0406351 0.0372104 0.033648 0.0296869 0.0251579 0.0201345 0.0149783
 0.00659603 0.0108052 0.0164318 0.0234792 0.0317471 0.0406941 0.0494143 0.0568669 0.062256 0.0652787 0.0660875 0.0650785 0.0627033 0.0593831 0.0554839 0.0513067 0.047081 0.0429579 0.0389968 0.0351495 0.0312639 0.0271449 0.0226723 0.0179222 0.0131991
 0.00682883 0.0111881 0.0170161 0.0243153 0.0328745 0.042125 0.0511163 0.0587566 0.0642091 0.0671539 0.0677519 0.066426 0.0636628 0.0599167 0.0555783 0.0509619 0.046301 0.0417495 0.0373773 0.0331635 0.0290034 0.024759 0.0203535 0.0158651 0.0115467
 0.00705168 0.0115535 0.0175718 0.0251075 0.0339385 0.0434707 0.0527134 0.0605284 0.0660428 0.0689211 0.0693291 0.0677082 0.0645715 0.0604034 0.0556236 0.0505696 0.045489 0.0405425 0.035808 0.031284 0.0269015 0.0225684 0.0182429 0.0140029 0.010056
 0.00727245 0.0119148 0.0181198 0.025886 0.0349794 0.0447797 0.0542551 0.0622227 0.0677759 0.070568 0.0707746 0.0688595 0.0653621 0.0607928 0.0555952 0.0501273 0.0446525 0.0393432 0.0342888 0.0295048 0.0249504 0.0205673 0.0163384 0.0123378 0.00873137
 0.00744187 0.0121942 0.0185478 0.0265009 0.0358119 0.0458407 0.0555229 0.063638 0.0692493 0.0719959 0.072056 0.0699077 0.0661104 0.0611968 0.0556322 0.049794 0.0439616 0.0383211 0.0329766 0.0279621 0.0232615 0.0188432 0.0147068 0.0109189 0.0076077
 0.00750528 0.0123042 0.0187267 0.0267755 0.03621 0.046384 0.0562194 0.0644763 0.0701978 0.0730055 0.0730643 0.0708442 0.0669034 0.0617808 0.0559547 0.0498197 0.043675 0.037727 0.0321005 0.0268532 0.0219948 0.0175177 0.0134348 0.00980405 0.00672111
 0.00758116 0.012416 0.0188744 0.026954 0.0364138 0.0466142 0.0564874 0.0648016 0.0706006 0.0734962 0.0736362 0.0714695 0.067535 0.0623585 0.0564133 0.0500984 0.043726 0.0375228 0.0316394 0.0261626 0.0211322 0.0165668 0.012493 0.00896274 0.00604421
 0.00765353 0.0125295 0.0190367 0.0271676 0.0366737 0.046906 0.0567879 0.0650846 0.0708476 0.0737068 0.0738294 0.0716742 0.0677725 0.062628 0.0566873 0.0503281 0.0438537 0.0374965 0.0314265 0.0257594 0.020569 0.0159041 0.0118095 0.00833625 0.00553186
 0.00772777 0.0126436 0.0191958 0.0273722 0.036919 0.0471821 0.0570794 0.0653702 0.071103 0.0739104 0.0739701 0.0717563 0.0678159 0.0626589 0.0567251 0.0503734 0.0438839 0.0374724 0.0313068 0.025518 0.020207 0.0154536 0.0113253 0.00787932 0.0051505
 0.00777082 0.0127103 0.0192902 0.0274953 0.0370687 0.0473529 0.0572619 0.0655524 0.0712717 0.0740545 0.0740821 0.0718335 0.0678606 0.0626788 0.0567313 0.0503754 0.0438822 0.0374537 0.0312465 0.0253905 0.0199997 0.0151763 0.0110098 0.00756838 0.00488253
 0.00781622 0.012778 0.0193806 0.0276048 0.037191 0.0474803 0.0573873 0.0656694 0.0713752 0.0741404 0.074148 0.0718787 0.0678857 0.062686 0.0567241 0.0503581 0.0438575 0.0374192 0.0311926 0.0253029 0.019867 0.0149988 0.0108029 0.00735861 0.00469688
 0.00786649 0.0128548 0.0194866 0.0277387 0.0373465 0.0476469 0.0575507 0.0658134 0.0714852 0.0742082 0.0741734 0.0718685 0.0678498 0.0626338 0.0566629 0.0502923 0.0437895 0.0373487 0.0311157 0.0252127 0.0197566 0.0148664 0.0106555 0.007211 0.00456581
 0.00785914 0.0128456 0.0194778 0.0277341 0.0373504 0.0476624 0.0575784 0.0658508 0.0715282 0.0742519 0.0742143 0.0719049 0.0678819 0.0626626 0.0566891 0.0503157 0.0438084 0.0373601 0.0311151 0.0251951 0.0197179 0.0148057 0.0105778 0.00712633 0.00448628
 0.00789031 0.0128878 0.0195259 0.0277786 0.0373809 0.0476726 0.0575694 0.0658311 0.0715087 0.0742415 0.0742159 0.0719165 0.0678985 0.0626799 0.0567046 0.0503284 0.0438178 0.037365 0.0311132 0.025183 0.0196925 0.0147664 0.0105272 0.00707074 0.00443348
 0.0078929 0.0128922 0.0195327 0.0277871 0.0373889 0.0476747 0.0575581 0.0657995 0.0714553 0.0741732 0.0741476 0.0718651 0.0678766 0.0626908 0.0567429 0.050384 0.0438799 0.0374246 0.0311637 0.0252196 0.0197123 0.0147687 0.0105144 0.00704794 0.00440719
 0.00787156 0.0128555 0.0194741 0.0277004 0.0372703 0.0475266 0.0573912 0.0656312 0.0713054 0.0740576 0.0740759 0.0718412 0.0679009 0.0627613 0.0568543 0.0505264 0.0440394 0.0375857 0.0313124 0.0253455 0.0198094 0.0148353 0.0105533 0.00706499 0.00440994
 0.0078761 0.0128561 0.0194624 0.0276642 0.0371969 0.0474075 0.0572269 0.0654337 0.0710957 0.0738616 0.0739181 0.07174 0.0678656 0.0627917 0.0569431 0.0506611 0.0442049 0.0377653 0.0314895 0.0255056 0.019942 0.0149354 0.0106212 0.00710544 0.0044303
 0.00787969 0.0128627 0.0194732 0.0276795 0.0372141 0.0474194 0.0572213 0.0653961 0.0710154 0.0737382 0.0737646 0.0715795 0.0677251 0.0626941 0.0569012 0.0506771 0.0442712 0.0378681 0.0316118 0.0256306 0.0200555 0.0150279 0.0106888 0.0071494 0.00445534
 0.00786082 0.0128321 0.0194275 0.0276163 0.0371332 0.0473243 0.0571194 0.0652969 0.070927 0.0736635 0.0737015 0.0715248 0.0676793 0.0626636 0.0568966 0.050708 0.0443413 0.0379733 0.0317408 0.025768 0.020186 0.0151395 0.0107749 0.00720913 0.00449245
 0.00783861 0.0127934 0.0193649 0.0275218 0.0370008 0.0471539 0.05692 0.0650871 0.0707311 0.0735054 0.0735976 0.0714808 0.0676907 0.0627199 0.0569867 0.0508238 0.0444785 0.0381281 0.0319073 0.0259364 0.0203443 0.0152763 0.010883 0.00728669 0.00454273
 0.00782762 0.0127736 0.0193313 0.0274683 0.036921 0.0470429 0.0567767 0.0649167 0.0705454 0.0733221 0.0734377 0.0713643 0.0676314 0.0627223 0.0570458 0.0509282 0.0446148 0.0382844 0.0320731 0.0261022 0.0205 0.0154127 0.0109929 0.00736771 0.00459681
 0.00780448 0.012735 0.0192714 0.0273811 0.0368019 0.046891 0.0565966 0.0647187 0.0703445 0.0731348 0.0732799 0.07125 0.0675718 0.0627244 0.0571103 0.051049 0.0447795 0.0384769 0.0322772 0.0263029 0.0206848 0.0155718 0.0111203 0.00746162 0.00466005
 0.00777563 0.0126883 0.0192015 0.0272834 0.0366732 0.0467313 0.0564107 0.064517 0.0701417 0.0729475 0.0731238 0.071138 0.067513 0.0627238 0.0571688 0.0511629 0.0449404 0.0386719 0.0324901 0.0265168 0.0208841 0.0157443 0.0112587 0.00756399 0.00472933
 0.00772921 0.0126129 0.0190883 0.027125 0.0364659 0.0464779 0.0561239 0.0642189 0.0698601 0.0727093 0.0729497 0.0710402 0.0674951 0.0627828 0.057297 0.0513494 0.045172 0.0389333 0.0327645 0.0267862 0.0211318 0.0159569 0.0114281 0.00768854 0.00481329
 0.00769085 0.0125497 0.0189918 0.0269868 0.0362798 0.0462432 0.0558478 0.0639186 0.0695602 0.0724377 0.0727324 0.0708971 0.067438 0.062814 0.0574106 0.0515332 0.0454097 0.0392068 0.0330543 0.0270729 0.0213972 0.0161861 0.0116118 0.00782435 0.00490526
 0.00766269 0.0125037 0.018922 0.0268873 0.0361459 0.0460725 0.0556427 0.063687 0.0693156 0.0721979 0.0725171 0.0707262 0.0673287 0.0627785 0.0574539 0.051652 0.0455935 0.0394391 0.0333152 0.027341 0.0216521 0.0164106 0.0117946 0.00796117 0.00499885
 0.00765577 0.012491 0.0189003 0.0268523 0.0360929 0.0459975 0.0555437 0.0635643 0.0691725 0.07204 0.0723534 0.0705684 0.0671912 0.062677 0.0574026 0.0516609 0.0456653 0.0395681 0.0334881 0.0275394 0.021855 0.0165989 0.0119537 0.00808357 0.00508441
 0.00765823 0.0124963 0.0189103 0.026869 0.036117 0.0460265 0.0555708 0.0635793 0.069164 0.0719992 0.0722768 0.0704594 0.0670597 0.0625382 0.0572748 0.0515624 0.0456109 0.0395661 0.0335376 0.0276306 0.021972 0.0167229 0.0120681 0.00817718 0.00515278
 0.00761688 0.0124332 0.0188233 0.0267597 0.0359907 0.0458925 0.0554415 0.0634685 0.0690829 0.0719531 0.0722627 0.0704681 0.0670799 0.0625614 0.0572983 0.05159 0.0456507 0.0396266 0.033624 0.0277414 0.0220986 0.0168522 0.0121863 0.00827396 0.00522382
 0.00761069 0.0124211 0.0188015 0.0267235 0.0359366 0.0458198 0.0553545 0.0633763 0.0689975 0.0718854 0.0722196 0.0704503 0.0670827 0.062577 0.0573192 0.0516119 0.0456745 0.0396575 0.0336683 0.0278028 0.0221756 0.0169376 0.01227 0.00834655 0.0052796
 0.0075711 0.0123608 0.0187181 0.0266176 0.0358109 0.0456788 0.0552044 0.0632259 0.068858 0.0717702 0.0721413 0.0704182 0.0670998 0.0626388 0.0574147 0.0517275 0.0457979 0.0397806 0.0337881 0.0279192 0.0222881 0.0170435 0.0123644 0.00842436 0.0053379
 0.00756516 0.0123477 0.0186922 0.0265721 0.0357398 0.0455805 0.0550839 0.0630942 0.0687291 0.0716564 0.0720516 0.0703581 0.0670727 0.0626465 0.0574567 0.0517992 0.0458913 0.0398864 0.0338979 0.0280271 0.0223903 0.017137 0.0124458 0.00849074 0.00538763
 0.00753347 0.0122995 0.0186258 0.0264874 0.035638 0.0454632 0.0549531 0.0629536 0.0685863 0.0715227 0.0719408 0.0702829 0.0670419 0.0626627 0.057517 0.0518969 0.0460171 0.0400295 0.0340472 0.0281727 0.0225244 0.017254 0.0125425 0.0085657 0.00544153
 0.00754922 0.012322 0.0186538 0.0265178 0.0356665 0.0454854 0.0549651 0.062952 0.0685672 0.0714827 0.0718782 0.0702005 0.0669482 0.0625707 0.0574406 0.0518471 0.0459991 0.0400426 0.0340859 0.0282286 0.0225884 0.0173181 0.0126003 0.0086132 0.00547714
 0.00753962 0.0123105 0.0186438 0.0265147 0.0356753 0.0455078 0.0549979 0.0629871 0.0685947 0.0714943 0.0718695 0.0701709 0.0669003 0.0625103 0.057376 0.0517885 0.0459563 0.0400223 0.03409 0.0282539 0.0226282 0.0173642 0.0126454 0.00865191 0.00550682
 0.00752103 0.0122822 0.0186054 0.0264675 0.0356234 0.045458 0.0549587 0.0629669 0.0685984 0.0715205 0.0719099 0.0702135 0.0669338 0.0625275 0.0573764 0.0517765 0.04594 0.0400106 0.0340896 0.0282678 0.0226549 0.0173988 0.0126816 0.00868447 0.00553247
 0.00751847 0.0122765 0.0185937 0.0264468 0.0355912 0.0454139 0.0549062 0.0629136 0.068554 0.0714942 0.071907 0.0702331 0.0669693 0.0625686 0.0574128 0.0518019 0.0459535 0.0400161 0.0340937 0.0282762 0.0226705 0.0174208 0.0127068 0.00870862 0.00555244
 0.00748366 0.0122218 0.0185152 0.0263422 0.0354607 0.0452613 0.0547397 0.0627464 0.0684031 0.0713774 0.0718392 0.0702234 0.0670181 0.0626676 0.0575465 0.0519517 0.0461026 0.0401529 0.034213 0.0283778 0.0227565 0.017493 0.0127659 0.00875454 0.00558563
 0.00748947 0.0122275 0.0185168 0.0263336 0.0354351 0.0452137 0.0546689 0.0626559 0.0683001 0.0712716 0.0717414 0.0701449 0.0669691 0.0626552 0.0575725 0.0520111 0.046185 0.0402456 0.0343047 0.0284613 0.0228282 0.0175524 0.0128134 0.00879093 0.0056118
 0.00748947 0.0122275 0.0185168 0.0263336 0.0354351 0.0452137 0.0546689 0.0626559 0.0683001 0.0712716 0.0717414 0.0701449 0.0669691 0.0626552 0.0575725 0.0520111 0.046185 0.0402456 0.0343047 0.0284613 0.0228282 0.0175524 0.0128134 0.00879093 0.0056118
 0.00714644 0.0116863 0.017735 0.0252883 0.034134 0.0437078 0.0530637 0.0611062 0.0669829 0.0703427 0.071299 0.0702129 0.0675036 0.0635641 0.0587398 0.0533183 0.0475262 0.0415352 0.0354797 0.0294803 0.0236698 0.0182126 0.0133026 0.00913093 0.00583163
 0.00721653 0.0117562 0.0177586 0.0251947 0.0338447 0.0431662 0.0522609 0.0600918 0.065856 0.0692309 0.0703341 0.0695094 0.0671404 0.0635715 0.0590963 0.053959 0.048359 0.0424605 0.0364066 0.0303371 0.0244082 0.018808 0.0137513 0.00944578 0.00603614
 0.00724283 0.0118164 0.0178777 0.0253971 0.0341355 0.0435086 0.0525656 0.0602336 0.065719 0.068761 0.0695693 0.068571 0.066193 0.0627745 0.0585649 0.0537451 0.048451 0.0427972 0.0368997 0.0308938 0.0249496 0.0192792 0.0141241 0.00971554 0.00621467
 0.00718288 0.0117305 0.0177716 0.025287 0.0340483 0.043477 0.0526175 0.060376 0.0659206 0.0689476 0.0696425 0.0684491 0.065854 0.062275 0.0580213 0.0532898 0.0481855 0.0427644 0.0370804 0.0312248 0.0253499 0.0196748 0.0144635 0.00997428 0.00639182
 0.00713438 0.0116455 0.0176333 0.025079 0.0337622 0.0431232 0.0522331 0.0600219 0.0656649 0.0688385 0.0696849 0.0685966 0.0660255 0.06239 0.0580396 0.0532303 0.0481152 0.0427623 0.0371995 0.0314706 0.0256846 0.0200383 0.0147986 0.010244 0.00658394
 0.00716934 0.0117021 0.0177168 0.0251911 0.0338973 0.0432642 0.0523518 0.0600866 0.0656539 0.068754 0.0695539 0.0684572 0.065904 0.062286 0.0579292 0.0530884 0.0479399 0.0425839 0.037067 0.0314248 0.0257367 0.0201665 0.0149621 0.0104024 0.00671103
 0.00721221 0.0117789 0.0178451 0.0253904 0.0341825 0.0436365 0.0527893 0.0605422 0.0660641 0.0690543 0.0696984 0.0684314 0.0657268 0.0619983 0.057576 0.0527039 0.0475462 0.0422008 0.0367206 0.0311462 0.0255493 0.0200738 0.0149457 0.0104314 0.00675578
 0.00715757 0.0116999 0.0177452 0.0252815 0.0340847 0.0435755 0.0527924 0.0606315 0.0662471 0.0693161 0.0699997 0.0687176 0.0659449 0.062114 0.0575816 0.0526153 0.0473921 0.0420125 0.0365278 0.0309759 0.0254231 0.0200025 0.0149259 0.0104476 0.00678818
 0.00715704 0.0116933 0.0177254 0.0252398 0.0340149 0.0434801 0.0526869 0.0605437 0.0662097 0.0693556 0.0701254 0.0689159 0.0661804 0.0623394 0.057752 0.0527019 0.0473886 0.0419342 0.0364034 0.0308378 0.0253 0.0199131 0.0148761 0.0104317 0.00679373
 0.00708532 0.0115778 0.0175536 0.0250014 0.0337046 0.0431019 0.0522592 0.060102 0.0658038 0.0690417 0.069954 0.0689191 0.0663622 0.0626716 0.0581801 0.0531589 0.0478139 0.0422875 0.0366705 0.0310268 0.0254308 0.0200075 0.0149499 0.0104926 0.00684328
#pred catch len freq
 0.0047713 0.00749545 0.0108266 0.0146407 0.0188595 0.0234424 0.0283136 0.0333131 0.038222 0.04282 0.0469243 0.0504035 0.0531872 0.0552687 0.0566959 0.0575566 0.057965 0.0580331 0.0577988 0.0571104 0.0555384 0.0524425 0.0472664 0.0399475 0.031157
 0.00484756 0.00756778 0.0108435 0.0145315 0.0185643 0.0229532 0.0276995 0.0327066 0.0377649 0.0426006 0.0469443 0.0505946 0.0534607 0.0555675 0.0570187 0.0579459 0.0584664 0.0586472 0.0584523 0.0576666 0.0558496 0.0524196 0.046925 0.0394011 0.030561
 0.00508168 0.00791568 0.0113021 0.0150658 0.0191042 0.0233984 0.0279371 0.0326458 0.0373818 0.0419679 0.0462165 0.049946 0.0530132 0.0553538 0.0570023 0.0580711 0.0586955 0.0589592 0.0588117 0.0579986 0.0560501 0.0524006 0.0466648 0.038961 0.0300552
 0.00530187 0.00826532 0.0118121 0.0157575 0.0199816 0.0244362 0.0290662 0.0337454 0.0382924 0.0425304 0.0463274 0.0496042 0.0523281 0.0545037 0.0561629 0.057358 0.058148 0.0585596 0.0585104 0.0577275 0.055733 0.0519758 0.0461152 0.0383297 0.0294276
 0.00555429 0.00865753 0.0123703 0.0164986 0.0209161 0.0255699 0.0303928 0.0352307 0.0398552 0.0440322 0.0475845 0.0504276 0.0525837 0.0541648 0.0553243 0.0561983 0.0568601 0.0572871 0.0573199 0.0566178 0.0546678 0.0509213 0.0450709 0.0373378 0.0285563
 0.00584453 0.00910584 0.0130023 0.0173255 0.0219384 0.0267813 0.0317808 0.0367714 0.0415065 0.0457253 0.0492142 0.0518482 0.0536216 0.0546566 0.0551701 0.0554033 0.0555378 0.0556173 0.055485 0.0547541 0.0528545 0.0492029 0.0434894 0.035948 0.0274153
 0.00618416 0.00962826 0.0137342 0.018275 0.0230988 0.0281367 0.0333067 0.0384312 0.0432491 0.0474853 0.0509126 0.05339 0.0548915 0.0555204 0.0554916 0.0550797 0.0545397 0.0540112 0.0534202 0.0524211 0.0504409 0.0468693 0.0413659 0.0341361 0.0259801
 0.00658228 0.0102392 0.0145871 0.0193759 0.0244346 0.0296823 0.0350258 0.0402732 0.0451472 0.0493599 0.052678 0.0549591 0.0561766 0.0564299 0.0559271 0.054942 0.0537514 0.0525494 0.0513451 0.0498809 0.0476485 0.0440635 0.0387697 0.0319227 0.0242486
 0.00700776 0.0108972 0.0155154 0.0205895 0.025928 0.0314317 0.036987 0.0423773 0.0473012 0.051456 0.054606 0.0566173 0.0574775 0.0573001 0.0563017 0.0547577 0.052948 0.0510868 0.0492346 0.0472165 0.0446179 0.0409259 0.0358048 0.0293676 0.0222467
 0.00743585 0.0115581 0.0164464 0.0218059 0.0274273 0.0331978 0.038988 0.0445572 0.0495741 0.0537082 0.0567071 0.0584358 0.0588973 0.0582314 0.0566817 0.0545433 0.0521058 0.0495947 0.0471002 0.0445098 0.0414987 0.0376429 0.0326538 0.0266198 0.0200788
 0.0078239 0.0121566 0.017288 0.0229033 0.0287772 0.0347862 0.0407898 0.0465302 0.0516539 0.0558079 0.0587206 0.0602448 0.0603817 0.0592811 0.0572077 0.0544815 0.0514157 0.0482576 0.0451277 0.0419663 0.0385276 0.0344742 0.029574 0.0239044 0.0179181
