SBPRF35
12.7214
Curr Bio
827790
B35
855674
F35
0.171308
FOFL
0.162023
OFL
108012
Bzero
3.63469e+006
#pred survey bio
 3.09765e+006 2.8186e+006 2.54191e+006 2.3122e+006 2.03657e+006 1.82958e+006 1.61097e+006 1.42294e+006 1.26649e+006 1.13245e+006 1.00112e+006 897130 802654 732729 678276 626756 597110 570493 559537 551843 552837 562888 557648 546679 553118 554278 558248 555690 566577 575004 591829 601604 606551 613923 632685 646421 661736 665292 673500 669865 680826 689459 688909 697421 702988 698261 702231 725322 743010 751276 780251 788787 797031 796783 823600 842270 834643 2.86469e+007 1.72726e+007 1.76962e+007 1.8655e+007 1.99478e+007 2.1353e+007 2.27077e+007 2.39176e+007 2.49433e+007 2.57822e+007 2.64509e+007 2.69747e+007 2.73801e+007 2.76915e+007 2.79296e+007 2.81114e+007 2.82502e+007 2.83564e+007 2.84379e+007 2.85006e+007 2.85492e+007 2.85869e+007 2.86164e+007 2.86395e+007 2.86577e+007 2.8672e+007 2.86834e+007 2.86925e+007 2.86998e+007 2.87056e+007 2.87102e+007 2.8714e+007 2.8717e+007 2.87195e+007 2.87215e+007 2.87231e+007 2.87244e+007 2.87255e+007 2.87264e+007 2.87271e+007 2.87277e+007 2.87282e+007 2.87285e+007 2.87289e+007 2.87291e+007 2.87293e+007 2.87295e+007 2.87296e+007 2.87298e+007 2.87299e+007 2.87299e+007 2.873e+007 2.873e+007 2.87301e+007 2.87301e+007 2.87302e+007 2.87302e+007 2.87302e+007 2.87302e+007 2.87302e+007 2.87302e+007 2.87302e+007 2.87302e+007 2.87303e+007 2.87303e+007 2.87303e+007 2.87303e+007 2.87303e+007 2.87303e+007 2.87303e+007 2.87303e+007 2.87303e+007 2.87303e+007 2.87303e+007 2.87303e+007 2.87303e+007 2.87303e+007 2.87303e+007 2.87303e+007 2.87303e+007 2.87303e+007 2.87303e+007 2.87303e+007 2.87303e+007 2.87303e+007 2.87303e+007 2.87303e+007 2.87303e+007 2.87303e+007 2.87303e+007 2.87303e+007 2.87303e+007 2.87303e+007 2.87303e+007 2.87303e+007 2.87303e+007 2.87303e+007 2.87303e+007 2.87303e+007 2.87303e+007 0 0 0 0 0 0 0 0 0 0 0 0 0 0 0 0 0 0 0 0 0 0 0 0 0
#obs survey bio
 2.58083e+006 3.79303e+006 2.98274e+006 1.76787e+006 1.83647e+006 1.64317e+006 1.11568e+006 1.59412e+006 1.07647e+006 720923 756514 715817 1.1207e+006 973946 768807 696839 453396 519650 711043 505129 477523 577324 604651 701553 493191 752466 611242 583136 639848 648676 574462 576167 514313 556428 623991 748205 913411 726031 771730 588547 511188 839883 743618 778628 822186 826589 702237 713897 723851 1.1661e+006 866913 801514 692064 876146 1.04163e+006 873282 570545
#pred catch bio
 293854 307944 282576 340063 292180 314344 295109 272199 255301 253540 228315 215906 188090 167979 159064 135850 130722 116098 113074 106500 100495 113392 115841 99364.5 102857 99232.9 103478 91758.5 94563 88648.9 95883.2 100436 98732.9 90327.4 96345.2 96297.1 106798 103259 114072 102886 106657 115003 107346 109979 117831 109371 93575 99331.3 107648 90514 108740 109286 116919 94237.2 101766 123472 129350 108012 113971 115545 120736 128643 137399 145789 153170 159299 164183 167955 170802 172911 174452 175565 176363 176929 177330 177612 177810 177948 178044 178111 178158 178190 178213 178228 178239 178246 178251 178255 178257 178259 178260 178261 178261 178262 178262 178262 178262 178262 178263 178263 178263 178263 178263 178263 178263 178263 178263 178263 178263 178263 178263 178263 178263 178263 178263 178263 178263 178263 178263 178263 178263 178263 178263 178263 178263 178263 178263 178263 178263 178263 178263 178263 178263 178263 178263 178263 178263 178263 178263 178263 178263 178263 178263 178263 178263 178263 178263 178263 178263 178263 178263 178263 178263 178263 178263 178263 178263 0 0 0 0 0 0 0 0 0 0 0 0 0 0 0 0 0 0 0 0 0 0 0 0 0
#obs catch bio
 241354 308166 282235 342615 293100 316970 299064 274393 257307 255965 231599 220470 189315 167197 157718 134647 130688 116356 113108 106790 101311 114597 116747 99152.9 103043 98859.3 103245 91228.4 94308.6 88209.7 95764.5 100285 98828.3 90154.4 96298.6 96191.4 106518 102623 113754 102822 106978 115418 107367 110064 117970 109136 93044.9 98971 107936 90050.8 108608 109042 117287 94271.6 101409 123243 129411
#pred cpue bio
 3.05479e+006 2.77729e+006 2.50109e+006 2.2715e+006 1.99705e+006 1.79064e+006 1.57309e+006 1.3863e+006 1.2311e+006 1.09819e+006 968088 865353 772984 705306 652679 602570 573553 547350 536553 528941 529612 539359 534622 524414 531048 532463 536657 534344 544996 553209 569636 579224 584108 591341 609669 623039 638099 641681 649598 645750 656213 664598 664200 672682 678311 673913 677964 700722 718188 726415 755045 763486 771391 771027 797675 816472 809038 2.7752e+007 1.67276e+007 1.70179e+007 1.78586e+007 1.91193e+007 2.05186e+007 2.18724e+007 2.30821e+007 2.41078e+007 2.49466e+007 2.56154e+007 2.61392e+007 2.65446e+007 2.6856e+007 2.70941e+007 2.72759e+007 2.74147e+007 2.75209e+007 2.76024e+007 2.76651e+007 2.77137e+007 2.77514e+007 2.77808e+007 2.78039e+007 2.78221e+007 2.78365e+007 2.78479e+007 2.7857e+007 2.78642e+007 2.787e+007 2.78747e+007 2.78785e+007 2.78815e+007 2.7884e+007 2.7886e+007 2.78876e+007 2.78889e+007 2.789e+007 2.78909e+007 2.78916e+007 2.78922e+007 2.78926e+007 2.7893e+007 2.78933e+007 2.78936e+007 2.78938e+007 2.7894e+007 2.78941e+007 2.78942e+007 2.78943e+007 2.78944e+007 2.78945e+007 2.78945e+007 2.78946e+007 2.78946e+007 2.78946e+007 2.78946e+007 2.78947e+007 2.78947e+007 2.78947e+007 2.78947e+007 2.78947e+007 2.78947e+007 2.78947e+007 2.78947e+007 2.78947e+007 2.78947e+007 2.78947e+007 2.78947e+007 2.78947e+007 2.78947e+007 2.78947e+007 2.78947e+007 2.78947e+007 2.78947e+007 2.78947e+007 2.78947e+007 2.78947e+007 2.78947e+007 2.78947e+007 2.78947e+007 2.78947e+007 2.78947e+007 2.78947e+007 2.78947e+007 2.78947e+007 2.78947e+007 2.78947e+007 2.78947e+007 2.78947e+007 2.78947e+007 2.78947e+007 2.78947e+007 2.78948e+007 2.78948e+007 2.78948e+007 2.78948e+007 2.78948e+007 2.78948e+007 2.78948e+007 0 0 0 0 0 0 0 0 0 0 0 0 0 0 0 0 0 0 0 0 0 0 0 0 0
#obs cpue bio
 4.01928e+006 2.52578e+006 1.85057e+006 2.00258e+006 2.04388e+006 1.62439e+006 1.32428e+006 1.54421e+006 1.30049e+006 1.54448e+006 780661 658949 929005 943885 823694 592281 521995 467279 493821 465603 342040 485098 553956 617838 512857 553513 520064 614399 460767 553394 492916 644941 575388 727559 636090 516911 627924 719200 543216 520069 667326 571665 679885 585458 629642 741464 849685 696264 499012 677544 678335 718626 686890 567275 1.12711e+006 797887 923040
#pred surv len freq
 0.00476254 0.00783833 0.0119915 0.0172559 0.0235166 0.0304053 0.0372858 0.043428 0.0482877 0.0516819 0.0537482 0.0547759 0.0550592 0.0548346 0.0542747 0.0535041 0.0526182 0.0516853 0.0507034 0.0495123 0.0477224 0.0447702 0.040166 0.0338382 0.0263337
 0.00518491 0.00845347 0.0127882 0.0181877 0.0245275 0.0314641 0.0384023 0.0446334 0.0495883 0.0530181 0.0549907 0.0557664 0.0556728 0.0550269 0.0540891 0.0530379 0.051968 0.0508976 0.0497548 0.0483314 0.046248 0.043017 0.0382565 0.0319743 0.0247206
 0.00543172 0.00890762 0.0135633 0.0194062 0.0262725 0.0337171 0.0410033 0.0473063 0.0520336 0.055018 0.056457 0.0567093 0.0561312 0.0550216 0.0536267 0.0521411 0.0506925 0.0493167 0.047927 0.0462847 0.0440008 0.040625 0.0358466 0.0297316 0.0228286
 0.00562199 0.00921101 0.0140141 0.0200458 0.0271574 0.0349191 0.0425907 0.0493026 0.0543689 0.0575069 0.0588304 0.058693 0.0575279 0.055748 0.0536934 0.0516071 0.0496317 0.0478051 0.0460415 0.044102 0.041605 0.0381249 0.0333901 0.0274938 0.0209675
 0.00596219 0.0097583 0.0148258 0.0211684 0.0286154 0.0367017 0.0446425 0.0515311 0.0566676 0.0597753 0.0609712 0.0605901 0.0590339 0.0567048 0.0539769 0.0511647 0.048487 0.0460376 0.0437598 0.0414314 0.0386895 0.0351354 0.0305235 0.0249481 0.0188979
 0.00618748 0.0101339 0.0154085 0.0220169 0.0297783 0.0381979 0.0464427 0.0535511 0.0587839 0.0618553 0.0629006 0.0622825 0.0604202 0.0577115 0.0545139 0.0511359 0.0478199 0.044713 0.0418257 0.0390002 0.0359274 0.0322502 0.0277436 0.0224876 0.0169117
 0.0064181 0.0105231 0.0160205 0.0229207 0.0310334 0.0398309 0.0484241 0.0557863 0.0611261 0.0641347 0.0649561 0.0639856 0.0616859 0.0584947 0.0547925 0.0508896 0.0470208 0.0433367 0.0398794 0.0365521 0.0331217 0.0292993 0.0248956 0.0199751 0.0148969
 0.00665406 0.0109031 0.0165871 0.0237139 0.032087 0.041165 0.0500326 0.057627 0.0631173 0.0661616 0.0668836 0.0656757 0.0630167 0.0593758 0.0551708 0.0507421 0.0463404 0.0421238 0.0381492 0.0343579 0.0305802 0.0265975 0.0222665 0.0176448 0.0130263
 0.00690905 0.011311 0.0171881 0.0245403 0.0331569 0.0424728 0.0515411 0.0592672 0.0648012 0.0678001 0.068398 0.0669971 0.0640786 0.0601117 0.0555179 0.0506502 0.0457778 0.0410791 0.0366356 0.0324249 0.0283304 0.0241944 0.0199171 0.0155548 0.0113448
 0.00716 0.0117185 0.0177998 0.0253981 0.0342864 0.0438683 0.0531513 0.0609936 0.0665163 0.0693776 0.069739 0.0680414 0.0647996 0.0605015 0.0555718 0.050357 0.0451194 0.0400394 0.0352147 0.0306567 0.0262988 0.0220389 0.017817 0.0136895 0.00984541
 0.0073589 0.0120633 0.0183577 0.0262426 0.035478 0.0454251 0.0550219 0.0630513 0.0685816 0.0712599 0.0712772 0.0691292 0.065393 0.0606111 0.0552446 0.0496516 0.0440863 0.0387123 0.0336183 0.0288263 0.0243025 0.0199897 0.0158616 0.0119758 0.00848005
 0.00727586 0.0119787 0.0183251 0.0263474 0.0358216 0.046095 0.0560614 0.0644406 0.0702358 0.0730401 0.0730116 0.0706429 0.06654 0.0613 0.0554473 0.0493938 0.043425 0.0377135 0.0323441 0.027338 0.0226744 0.0183206 0.0142717 0.010584 0.00737154
 0.00722534 0.0118977 0.0182088 0.0262018 0.0356736 0.0460032 0.0561172 0.0647503 0.0708833 0.0740455 0.0743083 0.0720865 0.0679452 0.0624867 0.0562787 0.0497959 0.0433865 0.037271 0.0315631 0.0262988 0.021468 0.0170493 0.013045 0.00950299 0.00650735
 0.00729555 0.0119813 0.0182784 0.026214 0.0355827 0.0457836 0.0557843 0.06437 0.0705643 0.0739135 0.0744706 0.0725937 0.0687659 0.0635074 0.0573324 0.050708 0.0440186 0.0375471 0.0314728 0.0258861 0.020814 0.0162565 0.0122222 0.00874805 0.00588922
 0.00743128 0.0121846 0.01855 0.0265377 0.0359231 0.046087 0.0559853 0.0644081 0.0704088 0.0735894 0.0740659 0.0722387 0.0685889 0.0635854 0.0576601 0.0511989 0.0445358 0.0379496 0.031658 0.0258129 0.0205041 0.0157791 0.0116701 0.00821155 0.0054357
 0.00770266 0.012597 0.0191162 0.0272472 0.0367416 0.0469573 0.0568286 0.0651275 0.0709037 0.0737805 0.0739221 0.0717951 0.0679449 0.0628794 0.0570269 0.0507254 0.0442351 0.0377663 0.0315008 0.0255978 0.0201877 0.015369 0.0112135 0.00777081 0.00506292
 0.00786533 0.012854 0.0194879 0.0277442 0.0373594 0.047669 0.0575804 0.065842 0.0714949 0.0741735 0.0740696 0.0716846 0.0675996 0.062357 0.056412 0.0501121 0.0437004 0.0373451 0.0311789 0.0253272 0.0199174 0.0150719 0.0108956 0.00746164 0.00479636
 0.00796749 0.0130263 0.019758 0.0281402 0.0379012 0.0483564 0.0583812 0.0666897 0.0722991 0.0748391 0.074517 0.0718634 0.0674953 0.0619916 0.0558408 0.0494144 0.0429646 0.0366485 0.0305695 0.0248167 0.0194899 0.0147035 0.0105719 0.00718298 0.00457114
 0.00803796 0.0131223 0.0198694 0.0282497 0.0379938 0.0484322 0.0584629 0.0668163 0.0725073 0.0751418 0.0748904 0.0722509 0.0678247 0.0621976 0.0558838 0.0492905 0.0427041 0.0363041 0.030198 0.0244621 0.0191749 0.0144326 0.0103419 0.00699153 0.00441923
 0.00820535 0.0133702 0.0201964 0.0286359 0.0384031 0.0488192 0.0587815 0.0670315 0.0726065 0.0751425 0.0748351 0.0721871 0.0677811 0.0621703 0.0558413 0.0491933 0.0425263 0.0360459 0.0298839 0.024129 0.0188571 0.014153 0.0101105 0.00680985 0.00428422
 0.00814241 0.0133017 0.0201543 0.0286673 0.0385528 0.0491054 0.0591771 0.0674667 0.0729939 0.0754117 0.0749574 0.0721803 0.0676933 0.062054 0.0557305 0.0490935 0.0424211 0.035913 0.029712 0.0239237 0.0186378 0.0139428 0.00992747 0.00666355 0.00417626
 0.0078572 0.0128731 0.0195774 0.0279674 0.0377875 0.0483595 0.0585538 0.0670671 0.072888 0.0756094 0.0754025 0.0727727 0.0683293 0.0626599 0.0562718 0.0495632 0.0428197 0.0362371 0.0299545 0.0240818 0.0187189 0.0139643 0.00991164 0.0066308 0.0041413
 0.00772596 0.0126602 0.0192594 0.0275275 0.0372242 0.0476987 0.0578574 0.0664295 0.0724152 0.0753876 0.0754696 0.073107 0.0688589 0.0632876 0.056906 0.0501392 0.0433055 0.0366252 0.0302491 0.0242904 0.0188513 0.014034 0.00993595 0.00662797 0.00412668
 0.0078102 0.0127653 0.0193582 0.0275744 0.0371658 0.0474937 0.0574941 0.0659348 0.0718511 0.0748391 0.0750263 0.0728429 0.0688129 0.0634531 0.057234 0.0505568 0.0437393 0.0370198 0.0305733 0.0245343 0.0190187 0.0141365 0.00998891 0.00664797 0.00412845
 0.00772881 0.0126425 0.0191898 0.0273587 0.0368992 0.0471657 0.0570883 0.0654392 0.071274 0.0742227 0.0744478 0.0723975 0.0685861 0.0634938 0.05754 0.0510763 0.0443881 0.0377051 0.0312159 0.0250816 0.019447 0.0144458 0.0101948 0.00677345 0.00419785
 0.00767146 0.0125519 0.0190589 0.0271837 0.0366818 0.0469137 0.0568151 0.0651588 0.0709946 0.0739429 0.074163 0.0721141 0.0683338 0.0633241 0.057508 0.0512164 0.0446963 0.0381383 0.031707 0.0255616 0.0198633 0.0147708 0.0104248 0.00692133 0.00428402
 0.00765836 0.0125169 0.0189812 0.0270369 0.0364418 0.0465713 0.056386 0.0646845 0.0705311 0.073543 0.0738609 0.0719198 0.0682397 0.0633189 0.0575889 0.0513914 0.0449742 0.038514 0.0321524 0.0260295 0.0203019 0.0151397 0.0107041 0.00711215 0.00440174
 0.00777471 0.0126877 0.0192032 0.0272919 0.0366976 0.0467861 0.0565148 0.064688 0.0703877 0.0732594 0.0734734 0.0714847 0.0678154 0.0629506 0.0573041 0.0512043 0.044892 0.0385379 0.0322733 0.0262233 0.0205321 0.0153669 0.0108975 0.00725642 0.00449684
 0.00775068 0.0126541 0.0191623 0.0272479 0.0366538 0.0467404 0.0564578 0.0646043 0.0702618 0.0730838 0.0732544 0.0712438 0.0675844 0.0627636 0.0571882 0.0511744 0.0449505 0.0386777 0.0324799 0.0264759 0.0208032 0.0156266 0.0111201 0.00742695 0.00461339
 0.00777117 0.0126799 0.0191876 0.0272636 0.0366508 0.0467147 0.0564126 0.0645481 0.0702017 0.073019 0.0731761 0.0711408 0.0674528 0.0626125 0.0570397 0.0510561 0.0448868 0.0386825 0.0325542 0.026608 0.0209723 0.0158069 0.0112871 0.0075631 0.00471163
 0.00767611 0.012538 0.0189971 0.0270308 0.0363874 0.046434 0.0561286 0.0642764 0.0699621 0.0728343 0.0730666 0.0711165 0.0675084 0.0627297 0.0571957 0.0512335 0.0450785 0.0388895 0.0327786 0.0268472 0.0212156 0.0160379 0.0114885 0.00772283 0.00482589
 0.00762639 0.0124591 0.0188827 0.0268776 0.0361975 0.0462173 0.0559029 0.0640651 0.0697866 0.0727078 0.0729919 0.0710896 0.067524 0.0627837 0.0572837 0.0513495 0.0452156 0.0390425 0.0329447 0.0270236 0.0213967 0.0162134 0.0116459 0.00785145 0.00492069
 0.00762642 0.0124563 0.0188729 0.0268549 0.0361555 0.046151 0.0558113 0.0639526 0.0696627 0.0725853 0.0728834 0.0710046 0.0674672 0.0627558 0.0572835 0.0513754 0.0452662 0.0391156 0.0330377 0.0271325 0.0215157 0.0163342 0.0117587 0.00794707 0.00499365
 0.00767211 0.0125167 0.0189383 0.0269075 0.0361742 0.0461189 0.0557225 0.0638136 0.0694904 0.0724011 0.072709 0.0708583 0.0673617 0.0626969 0.0572703 0.0514023 0.0453253 0.0391992 0.033139 0.0272451 0.021633 0.0164488 0.0118627 0.00803381 0.00505939
 0.00763131 0.0124533 0.0188477 0.0267863 0.036019 0.0459264 0.0554907 0.0635464 0.0692013 0.0721157 0.0724616 0.0706834 0.067284 0.0627246 0.0573947 0.0516024 0.0455749 0.0394727 0.033415 0.0275076 0.0218703 0.0166529 0.0120288 0.00816048 0.00514885
 0.00754159 0.0123256 0.018689 0.0266142 0.0358562 0.0457918 0.0553916 0.0634769 0.069146 0.0720574 0.072389 0.0705977 0.0672 0.0626659 0.0573845 0.0516546 0.0456895 0.0396375 0.0336103 0.0277127 0.0220671 0.016828 0.0121737 0.00827175 0.00522765
 0.0074557 0.0121841 0.0184743 0.0263127 0.0354662 0.0453325 0.0549086 0.063035 0.06881 0.0718685 0.0723518 0.0706846 0.0673688 0.0628795 0.0576216 0.0519092 0.0459629 0.0399289 0.0339121 0.0280103 0.0223433 0.0170677 0.0123674 0.00841665 0.00532752
 0.00755156 0.0123185 0.018636 0.0264763 0.0355965 0.0453947 0.0548779 0.0629047 0.0685944 0.0716013 0.0720773 0.0704444 0.0671893 0.0627661 0.0575651 0.0518961 0.0459842 0.0399816 0.0339947 0.0281178 0.0224652 0.0171903 0.0124776 0.00850581 0.00539251
 0.00758591 0.0123795 0.0187363 0.0266267 0.0357996 0.0456353 0.0551185 0.0630908 0.0686729 0.0715415 0.0718851 0.07016 0.0668706 0.062469 0.0573267 0.051731 0.0458891 0.039945 0.0340038 0.0281613 0.022532 0.0172683 0.0125548 0.0085726 0.0054436
 0.00767784 0.0125273 0.0189555 0.0269305 0.0361952 0.0461188 0.0556676 0.0636603 0.0691966 0.0719429 0.0720958 0.0701394 0.0666209 0.0620353 0.0567833 0.0511579 0.0453517 0.0394837 0.0336355 0.0278861 0.0223403 0.0171456 0.0124844 0.00853775 0.00542986
 0.00759611 0.0124108 0.0188109 0.0267758 0.0360569 0.0460257 0.0556454 0.0637273 0.0693594 0.0721919 0.0724013 0.070453 0.0668855 0.062202 0.0568286 0.0510907 0.0452075 0.0393088 0.0334705 0.027756 0.0222539 0.0170989 0.0124671 0.00853817 0.00543804
 0.00746707 0.0122169 0.0185494 0.0264571 0.0357043 0.0456736 0.0553363 0.0635068 0.0692671 0.0722502 0.0726073 0.0707776 0.0672791 0.0626052 0.0571846 0.0513589 0.0453724 0.0393815 0.0334802 0.0277365 0.0222314 0.0170873 0.0124688 0.00854879 0.00545166
 0.00747584 0.0122164 0.0185223 0.0263799 0.0355564 0.0454492 0.0550545 0.0632102 0.0690103 0.0720826 0.0725592 0.0708547 0.0674645 0.0628648 0.0574743 0.0516332 0.0455945 0.0395313 0.0335583 0.0277598 0.0222241 0.0170709 0.0124561 0.0085438 0.00545278
 0.00740237 0.0121064 0.0183734 0.026194 0.0353357 0.0451932 0.0547599 0.062878 0.0686557 0.0717417 0.0722849 0.0707019 0.0674707 0.063036 0.0577833 0.0520287 0.0460162 0.0399256 0.0338888 0.0280122 0.0224029 0.0171911 0.0125351 0.00859568 0.00548666
 0.00730939 0.0119642 0.0181766 0.0259446 0.035044 0.0448763 0.0544404 0.0625794 0.0683966 0.0715318 0.0721275 0.0706018 0.0674412 0.0630971 0.0579505 0.0523001 0.0463667 0.0403126 0.0342655 0.0283412 0.0226643 0.0173826 0.0126661 0.0086804 0.00553884
 0.00734712 0.0120109 0.01822 0.0259649 0.0350199 0.0447945 0.0543025 0.0624022 0.068205 0.0713482 0.0719646 0.0704631 0.0673266 0.0630113 0.0579062 0.0523139 0.0464494 0.0404596 0.0344556 0.0285436 0.0228497 0.0175323 0.0127746 0.00875195 0.00558233
 0.00737806 0.0120522 0.0182648 0.0259994 0.0350247 0.0447485 0.0541886 0.0622137 0.0679509 0.0710552 0.0716727 0.0702138 0.0671505 0.0629208 0.0578984 0.0523787 0.0465762 0.0406377 0.0346704 0.0287745 0.0230723 0.0177252 0.012925 0.00885786 0.00564994
 0.00729811 0.0119233 0.0180729 0.0257328 0.0346767 0.044322 0.0536999 0.061694 0.0674422 0.0706034 0.0713205 0.0699953 0.0670873 0.0630184 0.0581441 0.0527444 0.0470247 0.0411305 0.0351724 0.0292546 0.0235041 0.0180881 0.0132076 0.00906023 0.00578235
 0.00721907 0.011803 0.017907 0.025522 0.034425 0.0440349 0.0533836 0.0613567 0.0670959 0.0702656 0.0710139 0.0697467 0.0669242 0.0629646 0.0582143 0.0529392 0.0473293 0.0415167 0.0356038 0.0296931 0.0239148 0.0184439 0.013492 0.00926875 0.00592185
 0.0072043 0.0117759 0.0178608 0.025449 0.0343196 0.0438964 0.0532185 0.0611763 0.0669117 0.0700837 0.0708348 0.0695701 0.0667563 0.0628217 0.058121 0.0529207 0.047402 0.0416816 0.0358452 0.029982 0.0242165 0.0187255 0.0137295 0.00945007 0.00604705
 0.00713733 0.0116565 0.0176621 0.0251415 0.03388 0.0433212 0.0525361 0.0604487 0.066222 0.0695146 0.0704476 0.0693924 0.0667817 0.0630191 0.0584496 0.0533429 0.0478898 0.042214 0.0364017 0.0305371 0.0247397 0.0191866 0.0141057 0.00973217 0.00624006
 0.00721343 0.0117731 0.017823 0.0253413 0.0341006 0.0435293 0.0526843 0.0604846 0.0661055 0.0692367 0.0700391 0.0689165 0.0663135 0.0626235 0.0581664 0.0531857 0.0478527 0.0422813 0.0365529 0.0307485 0.0249837 0.0194333 0.0143283 0.00991214 0.00637047
 0.00717476 0.0117313 0.0177984 0.0253647 0.034203 0.0437266 0.0529635 0.0608012 0.0663928 0.0694249 0.0700761 0.0687842 0.0660331 0.0622494 0.0577696 0.0528324 0.047589 0.0421276 0.0365073 0.0307934 0.0250926 0.0195759 0.0144757 0.0100421 0.00647059
 0.0070765 0.0115907 0.0176238 0.0251791 0.0340422 0.0436327 0.0529758 0.0609446 0.0666661 0.0697919 0.070468 0.0691167 0.0662337 0.0622818 0.0576441 0.0525989 0.0473161 0.0418798 0.0363282 0.0307 0.0250783 0.0196194 0.0145498 0.010122 0.00653952
 0.0069256 0.0113319 0.0172116 0.0245699 0.0332126 0.0426046 0.051836 0.05984 0.0657691 0.0692482 0.0703525 0.0694153 0.0668548 0.0630901 0.0585022 0.0534036 0.0480158 0.0424702 0.0368322 0.0311443 0.0254778 0.0199739 0.0148498 0.0103583 0.00670982
 0.00692767 0.0113184 0.0171588 0.0244411 0.0329631 0.0421923 0.0512368 0.0590642 0.0648741 0.0683398 0.0695685 0.0688899 0.0666769 0.0632735 0.0589844 0.0540726 0.0487516 0.04318 0.0374658 0.0316882 0.0259374 0.0203571 0.0151603 0.0105971 0.0068804
 0.00702816 0.0114854 0.0174147 0.024803 0.033431 0.0427349 0.0517811 0.0595022 0.0650899 0.0682503 0.0691581 0.0682237 0.0658846 0.0625088 0.0583763 0.0536883 0.0485877 0.0431823 0.0375637 0.0318238 0.0260768 0.020486 0.0152736 0.0106917 0.00695396
#obs surv len freq
 0.00497306 0.00814507 0.0123877 0.017714 0.0239974 0.030872 0.0377125 0.0437961 0.0485729 0.0518421 0.0537223 0.0544981 0.0544884 0.0539897 0.0532623 0.0525202 0.0519089 0.0514638 0.0510466 0.0502879 0.0486054 0.0453685 0.0402 0.0332687 0.0253563
 0.00518034 0.00848587 0.0129078 0.0184586 0.0250024 0.0321507 0.0392409 0.0455078 0.050368 0.0536059 0.0553428 0.0558758 0.0555385 0.0546416 0.0534597 0.0522245 0.0511064 0.0501738 0.0493284 0.0482445 0.0463803 0.0431334 0.038131 0.0315125 0.0239984
 0.00540659 0.00885541 0.0134674 0.0192534 0.0260685 0.0335017 0.0408548 0.0473202 0.0522803 0.0555019 0.0571061 0.0574008 0.0567348 0.0554344 0.0537885 0.0520426 0.0503835 0.0489054 0.0475499 0.0460457 0.0439113 0.0405941 0.0357392 0.0294574 0.022396
 0.00563531 0.00923145 0.0140412 0.0200748 0.0271768 0.0349113 0.0425392 0.0492077 0.0542643 0.0574621 0.058927 0.0589811 0.0579894 0.0562917 0.0541885 0.0519348 0.0497289 0.0476843 0.0457779 0.0437944 0.0413236 0.0378795 0.0331408 0.0271967 0.0206171
 0.00589451 0.00965334 0.0146772 0.0209732 0.0283744 0.0364187 0.0443263 0.0511975 0.0563428 0.0594996 0.0607991 0.0605818 0.0592351 0.0571195 0.0545502 0.0517911 0.0490462 0.0464402 0.0439776 0.0414946 0.038655 0.0350492 0.0304025 0.0247912 0.018709
 0.00615609 0.0100826 0.0153305 0.021905 0.0296258 0.0380005 0.0462013 0.0532757 0.0584958 0.0615864 0.06269 0.0621711 0.0604432 0.0578899 0.0548438 0.0515798 0.0483078 0.0451597 0.04216 0.0391891 0.0359799 0.0322009 0.0276306 0.0223408 0.0167534
 0.00637531 0.0104454 0.0158886 0.0227114 0.0307248 0.0394117 0.0479029 0.055197 0.0605258 0.0635939 0.0645446 0.0637583 0.0616719 0.0586946 0.0551816 0.0514239 0.0476412 0.0439738 0.0404637 0.0370286 0.0334632 0.0295086 0.0249964 0.0199988 0.0148739
 0.00660564 0.0108215 0.0164579 0.0235193 0.0318068 0.04078 0.049532 0.0570186 0.0624366 0.0654744 0.0662769 0.0652379 0.0628133 0.0594335 0.0554744 0.0512443 0.0469758 0.0428203 0.0388363 0.034975 0.0310848 0.0269714 0.0225152 0.0177903 0.0130977
 0.00685189 0.0112237 0.0170662 0.0243806 0.0329544 0.0422181 0.0512209 0.0588708 0.064331 0.0672815 0.0678813 0.0665498 0.0637687 0.0599903 0.0556069 0.0509389 0.0462272 0.041632 0.0372271 0.0329929 0.028825 0.0245853 0.0201963 0.0157335 0.0114459
 0.00706554 0.0115752 0.017603 0.025149 0.0339901 0.0435311 0.0527799 0.0605978 0.0661121 0.0689888 0.0693958 0.0677755 0.0646391 0.0604668 0.055674 0.0505956 0.0454808 0.0404952 0.0357237 0.0311705 0.0267708 0.0224338 0.018117 0.0138958 0.00997315
 0.007294 0.0119498 0.0181723 0.0259591 0.0350746 0.0448948 0.0543835 0.0623529 0.0678949 0.0706641 0.0708412 0.0688959 0.0653724 0.0607833 0.0555711 0.0500901 0.0445998 0.0392708 0.034194 0.0293893 0.024821 0.0204347 0.0162144 0.0122322 0.0086499
 0.00747501 0.0122503 0.018636 0.0266304 0.0359891 0.0460644 0.0557815 0.0639083 0.0695017 0.0722012 0.0721926 0.0699653 0.0660906 0.0611111 0.0554979 0.0496289 0.0437804 0.038133 0.0327861 0.0277721 0.0230763 0.0186696 0.0145532 0.0107926 0.0075124
 0.00752825 0.0123422 0.0187852 0.0268605 0.0363271 0.0465368 0.0564074 0.0646925 0.0704279 0.0732287 0.0732566 0.0709826 0.0669713 0.0617718 0.0558741 0.0496816 0.043498 0.0375289 0.0318958 0.0266521 0.0218046 0.0173451 0.0132858 0.0096838 0.00663149
 0.00761939 0.0124773 0.0189649 0.0270785 0.0365747 0.0468095 0.0567094 0.0650369 0.0708319 0.073706 0.0738083 0.0715908 0.0675951 0.0623503 0.0563354 0.0499567 0.0435336 0.0372975 0.0314 0.0259259 0.0209114 0.0163715 0.0123296 0.00883454 0.00595089
 0.00768164 0.0125779 0.0191142 0.0272837 0.0368358 0.0471151 0.0570355 0.0653522 0.0711102 0.0739393 0.0740118 0.0717937 0.0678234 0.0626099 0.0566034 0.0501848 0.0436609 0.0372679 0.0311786 0.0255101 0.0203343 0.0156969 0.011638 0.00820381 0.00543714
 0.00771821 0.0126299 0.0191793 0.0273562 0.0369096 0.0471882 0.0571115 0.0654382 0.0712119 0.0740568 0.0741411 0.0719321 0.0679743 0.0627807 0.0567974 0.0503899 0.0438449 0.0373841 0.0311804 0.0253683 0.0200504 0.0153053 0.011197 0.00777761 0.00507674
 0.00779369 0.0127468 0.0193436 0.0275678 0.0371609 0.0474624 0.0573834 0.0656779 0.0713931 0.0741656 0.0741794 0.0719147 0.0679221 0.0627149 0.0567353 0.0503416 0.0438084 0.0373427 0.0311057 0.0252315 0.0198365 0.0150229 0.0108776 0.00746402 0.00480731
 0.00783476 0.0128086 0.0194275 0.0276719 0.0372808 0.0475925 0.0575169 0.0658069 0.071508 0.0742563 0.0742381 0.0719387 0.0679156 0.0626881 0.0567006 0.0503095 0.0437834 0.0373199 0.031071 0.0251659 0.0197249 0.0148633 0.0106845 0.00726411 0.00462829
 0.0078547 0.0128384 0.0194674 0.0277203 0.0373344 0.047647 0.0575683 0.0658519 0.0715451 0.0742862 0.0742627 0.0719597 0.0679335 0.0627021 0.0567106 0.0503166 0.043789 0.0373229 0.0310658 0.0251424 0.0196729 0.0147786 0.0105735 0.00714215 0.00451399
 0.00786433 0.0128498 0.0194767 0.0277215 0.0373213 0.0476159 0.0575203 0.0657936 0.0714868 0.0742387 0.0742351 0.0719576 0.0679579 0.0627499 0.0567751 0.0503898 0.043863 0.0373906 0.0311204 0.0251769 0.019681 0.0147576 0.0105269 0.00707998 0.00444939
 0.00789619 0.0128968 0.0195383 0.0277933 0.0373954 0.047682 0.0575674 0.0658123 0.0714717 0.0741917 0.0741654 0.0718795 0.0678865 0.0626966 0.0567456 0.0503833 0.0438742 0.0374119 0.0311433 0.0251933 0.0196843 0.0147443 0.0104979 0.00704082 0.0044079
 0.0078956 0.0128935 0.0195291 0.0277737 0.0373611 0.0476306 0.0574999 0.0657333 0.0713887 0.0741128 0.0740984 0.0718314 0.067863 0.0627017 0.0567803 0.050445 0.0439564 0.037505 0.0312364 0.0252759 0.0197484 0.0147854 0.0105163 0.00704106 0.00439718
 0.00791897 0.012929 0.0195775 0.0278337 0.0374281 0.0476975 0.0575569 0.0657696 0.0713953 0.0740855 0.07404 0.0717507 0.0677725 0.0626146 0.0567079 0.0503951 0.0439321 0.0375045 0.0312535 0.025302 0.0197744 0.0148046 0.0105254 0.00704056 0.00439032
 0.00789979 0.012901 0.0195415 0.0277924 0.0373858 0.0476584 0.0575243 0.0657449 0.0713782 0.0740742 0.0740317 0.0717433 0.0677656 0.0626098 0.0567088 0.0504057 0.0439555 0.0375412 0.0313008 0.0253542 0.0198247 0.0148466 0.0105554 0.00705815 0.00439791
 0.0079039 0.0129008 0.0195287 0.027756 0.0373162 0.0475529 0.0573914 0.0656037 0.0712519 0.0739823 0.0739839 0.0717385 0.0677954 0.0626632 0.056776 0.0504801 0.0440335 0.0376212 0.0313812 0.025432 0.0198956 0.0149062 0.0106007 0.00708878 0.00441587
 0.00785359 0.0128232 0.0194194 0.0276132 0.0371403 0.0473465 0.0571604 0.0653599 0.0710147 0.0737777 0.0738398 0.0716767 0.0678249 0.0627771 0.0569547 0.0506981 0.0442665 0.03785 0.0315931 0.0256192 0.0200534 0.0150323 0.0106949 0.00715379 0.00445676
 0.00788739 0.012865 0.0194583 0.0276314 0.0371181 0.0472706 0.0570299 0.0651867 0.0708184 0.0735791 0.0736572 0.0715266 0.0677221 0.0627339 0.0569763 0.05078 0.0443948 0.0380057 0.0317567 0.0257751 0.0201908 0.0151449 0.0107809 0.00721435 0.00449579
 0.00784792 0.0128103 0.0193929 0.0275633 0.0370546 0.0472119 0.0569664 0.0651027 0.0707016 0.0734301 0.073492 0.0713712 0.0676033 0.0626711 0.0569788 0.0508472 0.0445175 0.0381683 0.0319397 0.0259586 0.0203583 0.0152854 0.0108894 0.00729151 0.00454603
 0.00782528 0.0127698 0.0193258 0.0274613 0.036914 0.0470386 0.0567783 0.0649253 0.0705582 0.0733307 0.0734321 0.0713383 0.067588 0.0626736 0.0570073 0.0509116 0.0446226 0.0383105 0.0321075 0.0261356 0.0205274 0.0154327 0.0110066 0.00737663 0.00460237
 0.00777378 0.0126867 0.0192018 0.0272885 0.0366873 0.0467595 0.0564584 0.0645888 0.0702396 0.073069 0.0732596 0.0712724 0.0676264 0.0627983 0.057194 0.0511382 0.0448735 0.0385749 0.0323754 0.026395 0.0207645 0.0156352 0.0111667 0.00749299 0.00467964
 0.00774827 0.0126411 0.0191257 0.0271698 0.0365155 0.0465299 0.0561769 0.064273 0.0699164 0.0727693 0.0730142 0.0711075 0.0675601 0.0628364 0.0573282 0.0513486 0.0451349 0.0388625 0.0326683 0.0266762 0.0210197 0.0158529 0.0113397 0.00761989 0.00476481
 0.00771415 0.0125848 0.0190395 0.0270455 0.0363462 0.0463119 0.055913 0.0639744 0.0696023 0.0724653 0.0727484 0.0709071 0.0674469 0.0628238 0.0574188 0.0515331 0.0453936 0.039169 0.032994 0.0269951 0.0213106 0.0161007 0.0115362 0.00776395 0.00486172
 0.00768372 0.0125376 0.0189722 0.0269564 0.0362343 0.0461769 0.0557552 0.0637955 0.0694068 0.0722608 0.0725467 0.0707239 0.0673014 0.0627355 0.0574034 0.0515988 0.0455379 0.0393784 0.0332464 0.027264 0.0215703 0.0163306 0.0117231 0.0079034 0.00495677
 0.00767231 0.0125179 0.0189406 0.026909 0.036168 0.0460909 0.0556519 0.0636802 0.0692854 0.0721378 0.0724244 0.0706047 0.06719 0.0626417 0.0573412 0.0515831 0.0455797 0.0394802 0.0334003 0.0274525 0.0217706 0.0165203 0.011885 0.00802835 0.00504405
 0.00765566 0.0124918 0.0189031 0.0268587 0.0361041 0.0460135 0.0555624 0.0635817 0.0691827 0.0720371 0.0723318 0.0705244 0.0671244 0.0625922 0.0573106 0.0515771 0.045606 0.0395455 0.0335059 0.0275915 0.0219285 0.0166784 0.0120263 0.00814139 0.00512521
 0.00761625 0.0124324 0.0188224 0.0267587 0.0359896 0.045891 0.0554393 0.0634657 0.0690812 0.0719554 0.072273 0.0704892 0.0671119 0.0626003 0.0573373 0.0516213 0.0456687 0.039629 0.0336119 0.027718 0.022068 0.0168187 0.0121538 0.00824562 0.00520163
 0.00759351 0.0123929 0.0187587 0.0266634 0.0358578 0.0457249 0.0552504 0.0632743 0.0689106 0.0718252 0.0721936 0.0704611 0.0671288 0.0626528 0.0574158 0.0517182 0.0457789 0.0397497 0.0337417 0.027855 0.0222076 0.0169532 0.012274 0.00834379 0.00527413
 0.00759237 0.0123891 0.018749 0.0266429 0.0358205 0.0456644 0.0551623 0.0631583 0.068773 0.0716791 0.072057 0.0703524 0.0670611 0.062631 0.0574369 0.0517741 0.0458601 0.039848 0.033851 0.0279706 0.0223245 0.0170653 0.0123744 0.00842649 0.00533603
 0.00757296 0.0123645 0.0187247 0.0266275 0.0358225 0.045687 0.0552001 0.0631973 0.0687952 0.0716697 0.0720101 0.0702731 0.0669642 0.0625355 0.05736 0.0517268 0.0458457 0.039864 0.0338914 0.0280284 0.0223928 0.017137 0.0124426 0.0084852 0.00538156
 0.00755743 0.0123382 0.0186838 0.0265691 0.0357472 0.0456016 0.0551178 0.0631349 0.0687659 0.071676 0.0720416 0.0703117 0.0669928 0.0625459 0.0573551 0.0517173 0.0458438 0.0398783 0.0339248 0.0280784 0.0224536 0.0172015 0.0125037 0.00853759 0.00542203
 0.00753273 0.0122996 0.0186286 0.0264956 0.0356551 0.0454925 0.0549964 0.0630106 0.0686525 0.0715897 0.0719965 0.0703138 0.0670371 0.0626182 0.0574386 0.051799 0.0459191 0.039949 0.0339954 0.0281517 0.0225287 0.0172746 0.0125697 0.00859219 0.00546314
 0.00752931 0.0122923 0.0186143 0.0264706 0.0356156 0.0454366 0.0549251 0.0629278 0.0685649 0.0715054 0.071924 0.0702621 0.0670134 0.0626257 0.0574744 0.0518551 0.0459852 0.0400174 0.0340622 0.0282163 0.0225913 0.0173339 0.0126232 0.00863686 0.00549715
 0.00750545 0.0122556 0.018563 0.0264042 0.0355351 0.0453437 0.0548229 0.0628212 0.0684604 0.071411 0.0718482 0.0702122 0.066995 0.0626416 0.0575239 0.0519336 0.0460845 0.0401272 0.0341731 0.0283211 0.0226857 0.0174156 0.0126908 0.00868957 0.00553535
 0.00749938 0.0122444 0.0185437 0.0263735 0.0354902 0.0452839 0.0547507 0.0627418 0.0683805 0.0713365 0.0717834 0.0701605 0.0669595 0.0626261 0.0575316 0.0519661 0.0461403 0.0402016 0.0342585 0.0284094 0.0227696 0.0174899 0.0127523 0.00873722 0.00556954
 0.00751021 0.0122605 0.0185649 0.0263983 0.0355155 0.0453052 0.0547625 0.0627388 0.068359 0.0712961 0.0717273 0.0700949 0.0668919 0.0625637 0.0574812 0.051933 0.046128 0.0402109 0.0342867 0.0284512 0.0228182 0.0175384 0.0127957 0.00877233 0.00559539
 0.00750736 0.0122592 0.0185689 0.0264127 0.035545 0.0453513 0.0548214 0.0628012 0.0684126 0.0713294 0.0717329 0.0700711 0.0668428 0.0624975 0.0574081 0.0518632 0.0460702 0.0401707 0.0342666 0.0284498 0.0228311 0.0175599 0.0128197 0.00879444 0.00561297
 0.00750736 0.0122592 0.0185689 0.0264127 0.035545 0.0453513 0.0548214 0.0628012 0.0684126 0.0713294 0.0717329 0.0700711 0.0668428 0.0624975 0.0574081 0.0518632 0.0460702 0.0401707 0.0342666 0.0284498 0.0228311 0.0175599 0.0128197 0.00879444 0.00561297
 0.00731406 0.0119546 0.0181302 0.0258291 0.0348245 0.0445284 0.0539622 0.0619984 0.0677658 0.0709187 0.0715979 0.0702057 0.0672043 0.0630235 0.0580322 0.0525265 0.0467271 0.0407894 0.0348266 0.0289385 0.0232415 0.0178891 0.0130696 0.00897214 0.00573017
 0.00732725 0.0119531 0.0180854 0.0257005 0.03457 0.0441217 0.0534084 0.0613397 0.0670748 0.0702813 0.0710954 0.0698988 0.0671227 0.0631621 0.0583559 0.0529814 0.0472539 0.0413348 0.0353491 0.0294096 0.023644 0.0182149 0.0133182 0.00914951 0.00584744
 0.00731865 0.011945 0.0180823 0.0257055 0.0345783 0.0441124 0.0533433 0.0611729 0.0667729 0.0698459 0.0705722 0.0693682 0.066676 0.0628741 0.058266 0.0530885 0.0475232 0.041712 0.0357755 0.0298341 0.0240288 0.0185373 0.013569 0.00933024 0.00596759
 0.00718199 0.0117281 0.017767 0.0252821 0.0340507 0.0435047 0.0527014 0.0605566 0.0662385 0.069427 0.0702751 0.0691836 0.0665986 0.0629143 0.0584451 0.0534227 0.0480073 0.0423136 0.036441 0.0305014 0.0246421 0.0190568 0.0139753 0.00962326 0.00616178
 0.00724386 0.0118154 0.0178731 0.0253907 0.0341383 0.0435455 0.0526733 0.0604469 0.0660474 0.0691679 0.0699708 0.0688596 0.066278 0.0626192 0.0582012 0.0532608 0.0479569 0.04239 0.0366357 0.030782 0.0249615 0.0193677 0.0142423 0.00982837 0.0063036
 0.00723276 0.0118107 0.0178898 0.0254483 0.0342526 0.0437169 0.0528784 0.060641 0.0661781 0.0691943 0.0698768 0.0686567 0.0659976 0.0623008 0.0578846 0.0529823 0.0477484 0.0422761 0.0366279 0.0308726 0.0251239 0.0195637 0.0144343 0.00998948 0.006422
 0.00719102 0.0117438 0.0177923 0.0253191 0.0340986 0.0435568 0.0527423 0.0605621 0.0661779 0.069269 0.0699947 0.0687707 0.0660658 0.062303 0.0578267 0.05289 0.0476565 0.0422182 0.0366283 0.0309405 0.0252506 0.019726 0.0146025 0.0101379 0.00653581
 0.00706478 0.0115439 0.017502 0.0249278 0.0336067 0.0429806 0.0521204 0.0599556 0.0656622 0.0689156 0.0698508 0.0688447 0.0663248 0.0626853 0.058263 0.0533254 0.0480618 0.0425894 0.0369753 0.0312744 0.025574 0.0200299 0.0148707 0.0103554 0.00669554
 0.00700429 0.0114338 0.0173147 0.024632 0.0331754 0.0424052 0.0514227 0.0591911 0.0649102 0.0682627 0.0693743 0.0685993 0.0663336 0.0629351 0.0587065 0.0538935 0.0486826 0.0432054 0.0375523 0.0317974 0.0260381 0.0204312 0.0152032 0.0106141 0.00688122
 0.00710138 0.0115892 0.017542 0.0249364 0.0335461 0.0428069 0.051792 0.0594464 0.0649764 0.0681003 0.0689975 0.0680736 0.0657545 0.0623989 0.0582856 0.0536222 0.048557 0.0431955 0.0376189 0.0319068 0.0261668 0.0205643 0.0153295 0.010724 0.00696797
#pred catch len freq
 0.0037186 0.0060199 0.00904766 0.0128318 0.0173904 0.0226765 0.028511 0.0345779 0.040493 0.0458872 0.050463 0.0540294 0.0565248 0.0580136 0.0586495 0.0586294 0.0581582 0.0574126 0.0564738 0.0552222 0.0532599 0.0499794 0.0448449 0.0377819 0.0294033
 0.00409864 0.00657618 0.00977431 0.0136936 0.0183455 0.0237062 0.0296318 0.0358208 0.0418593 0.0473098 0.0518042 0.0551224 0.0572368 0.0582947 0.0585405 0.0582281 0.0575622 0.0566668 0.0555479 0.0540337 0.0517382 0.0481376 0.0428157 0.0357866 0.0276686
 0.00432388 0.00697272 0.0104234 0.0146794 0.019725 0.0254686 0.0316739 0.0379642 0.04391 0.0491231 0.053308 0.0562889 0.0580366 0.0586781 0.0584612 0.0576797 0.0565914 0.0553484 0.0539434 0.0521703 0.0496298 0.0458361 0.04045 0.0335515 0.0257621
 0.00456563 0.0073515 0.0109724 0.0154344 0.0207345 0.026798 0.0333888 0.0400889 0.0463762 0.0517454 0.0558141 0.0583987 0.0595448 0.0594914 0.0585791 0.0571512 0.0554837 0.0537371 0.0519094 0.0497977 0.0470115 0.0430927 0.0377461 0.0310823 0.0237047
 0.00486736 0.00782989 0.01167 0.016384 0.0219558 0.0282944 0.035145 0.0420728 0.0485439 0.0540382 0.0581397 0.0606082 0.0614337 0.0608398 0.0592124 0.0569853 0.0545297 0.0520751 0.0496565 0.047091 0.0440085 0.0399796 0.0347369 0.0283937 0.0215084
 0.0051383 0.00826534 0.012317 0.0172853 0.0231452 0.0297874 0.0369258 0.0440861 0.0506986 0.0562238 0.0602455 0.062533 0.0630807 0.0621016 0.0599648 0.057103 0.0539204 0.050712 0.0475922 0.0444523 0.0409834 0.0368023 0.0316646 0.0256675 0.0193036
 0.00538631 0.00867034 0.0129311 0.0181614 0.0243308 0.0313121 0.0387847 0.0462264 0.053018 0.058581 0.0624813 0.0644959 0.0646484 0.0631893 0.0605157 0.0570695 0.0532544 0.0493764 0.045591 0.0418614 0.0379657 0.0335976 0.0285529 0.0229112 0.0170871
 0.0056327 0.00906008 0.0134995 0.0189397 0.0253474 0.0325915 0.0403399 0.048045 0.0550492 0.0607288 0.0646096 0.0664457 0.0662646 0.064346 0.0611288 0.0570931 0.0526664 0.0481688 0.0437769 0.0394999 0.0351893 0.0306195 0.0256385 0.0203186 0.0150007
 0.00590327 0.00948498 0.0141117 0.0197617 0.0263901 0.0338529 0.0418004 0.049665 0.0567709 0.0624825 0.066316 0.0680162 0.0676012 0.0653468 0.0617003 0.0571621 0.0521866 0.0471218 0.0421756 0.0374004 0.0327095 0.0279471 0.0230112 0.0179728 0.0131088
 0.00620711 0.00996474 0.0148075 0.0207017 0.0275867 0.0352955 0.0434472 0.0514389 0.0585674 0.0641877 0.0678278 0.0692569 0.0685197 0.0659115 0.0618872 0.0569458 0.0515397 0.0460228 0.0406239 0.0354356 0.030429 0.0255126 0.0206298 0.0158522 0.0114013
 0.00642454 0.0103273 0.0153702 0.0215223 0.0287142 0.0367518 0.0452062 0.0534152 0.0606237 0.0661576 0.069546 0.0705884 0.0693801 0.0662734 0.0617696 0.056391 0.05059 0.0447089 0.0389714 0.0334849 0.02826 0.0232568 0.0184585 0.013938 0.00986994
 0.00639775 0.0103215 0.0154333 0.0217282 0.0291516 0.037502 0.0463175 0.0548829 0.0623795 0.0680719 0.0714429 0.0722762 0.070689 0.0670886 0.062046 0.0561458 0.0498796 0.0436036 0.0375398 0.0317972 0.0264022 0.0213443 0.0166315 0.0123354 0.0085918
 0.00633781 0.0102289 0.0153066 0.0215785 0.0290123 0.037437 0.0464214 0.0552633 0.0631213 0.0691963 0.0728832 0.0738828 0.072264 0.0684327 0.0630012 0.0566208 0.0498535 0.0431121 0.0366545 0.0306089 0.0250157 0.0198784 0.0152139 0.0110844 0.00759069
 0.00638541 0.0102821 0.015342 0.02156 0.0289019 0.0372137 0.0461005 0.0549073 0.0628363 0.0691108 0.0731117 0.0744833 0.0732061 0.0695936 0.0641952 0.0576507 0.0505616 0.0434107 0.0365311 0.0301135 0.0242421 0.0189456 0.0142483 0.0101996 0.00686684
 0.00652639 0.0104918 0.0156193 0.0218858 0.0292379 0.0375048 0.0462823 0.0549223 0.0626583 0.0687696 0.0727007 0.0741393 0.0730638 0.0697336 0.0646093 0.0582408 0.0511726 0.0438827 0.0367473 0.0300276 0.0238801 0.0183884 0.0136039 0.00957371 0.00633782
 0.00673783 0.0108106 0.0160525 0.0224222 0.0298496 0.0381506 0.0469082 0.0554618 0.0630373 0.0689219 0.0725918 0.0737889 0.0725534 0.0691885 0.0641564 0.0579602 0.0510672 0.0438816 0.0367425 0.0299223 0.0236259 0.0179975 0.0131354 0.00910397 0.00593194
 0.00690415 0.0110694 0.0164196 0.0229028 0.0304355 0.0388171 0.0476113 0.0561392 0.063617 0.0693346 0.0727843 0.0737341 0.0722589 0.0687019 0.063562 0.0573593 0.0505452 0.0434778 0.0364399 0.0296656 0.0233566 0.0176851 0.0127885 0.00875932 0.00563091
 0.00696637 0.0111772 0.0165944 0.0231692 0.0308162 0.0393243 0.0482367 0.0568474 0.0643462 0.0700053 0.0733125 0.0740482 0.0723151 0.0684952 0.0631295 0.0567735 0.0498963 0.0428493 0.0358849 0.0291974 0.0229581 0.0173308 0.0124648 0.00847035 0.00539079
 0.00702936 0.011264 0.0166973 0.023275 0.0309144 0.0394185 0.0483503 0.057018 0.0646075 0.0703667 0.0737467 0.0744938 0.0726934 0.0687337 0.0631828 0.0566354 0.0496003 0.0424551 0.0354582 0.0287891 0.0225944 0.0170173 0.0121978 0.00824749 0.00521348
 0.00716126 0.0114576 0.0169495 0.023567 0.0312153 0.0396919 0.0485635 0.0571511 0.0646628 0.0703712 0.0737441 0.0745241 0.0727713 0.0688377 0.0632643 0.0566415 0.0494975 0.0422427 0.035165 0.028459 0.0222689 0.0167246 0.0119514 0.00805109 0.0050655
