SBPRF35
8.53837
Curr Bio
596448
B35
597379
F35
0.204632
FOFL
0.195426
OFL
88278
Bzero
2.43954e+006
#pred survey bio
 2.95563e+006 2.79188e+006 2.81371e+006 2.83202e+006 2.78029e+006 2.63257e+006 2.45955e+006 2.19387e+006 1.87863e+006 1.63254e+006 1.4505e+006 1.33281e+006 1.23012e+006 1.15231e+006 1.04368e+006 939132 811690 666384 620834 622720 630996 608913 597516 579148 565976 557240 558998 556806 531973 529460 527590 515069 544947 588356 646311 688400 598053 570224 531818 525208 557741 577907 566452 555835 559941 572573 588335 628318 622575 643317 631143 549738 476491 488629 565638 667059 708260 676672 632814 636118 619924 537591 484395 546708 614299 603368 2.02612e+007 1.21727e+007 1.25078e+007 1.3291e+007 1.42965e+007 1.53232e+007 1.62501e+007 1.7025e+007 1.76406e+007 1.81131e+007 1.84675e+007 1.87295e+007 1.89214e+007 1.90614e+007 1.91634e+007 1.92379e+007 1.92925e+007 1.93327e+007 1.93625e+007 1.93847e+007 1.94013e+007 1.94138e+007 1.94233e+007 1.94305e+007 1.9436e+007 1.94402e+007 1.94435e+007 1.9446e+007 1.94479e+007 1.94494e+007 1.94506e+007 1.94515e+007 1.94522e+007 1.94528e+007 1.94532e+007 1.94535e+007 1.94538e+007 1.9454e+007 1.94541e+007 1.94543e+007 1.94544e+007 1.94544e+007 1.94545e+007 1.94545e+007 1.94546e+007 1.94546e+007 1.94546e+007 1.94546e+007 1.94547e+007 1.94547e+007 1.94547e+007 1.94547e+007 1.94547e+007 1.94547e+007 1.94547e+007 1.94547e+007 1.94547e+007 1.94547e+007 1.94547e+007 1.94547e+007 1.94547e+007 1.94547e+007 1.94547e+007 1.94547e+007 1.94547e+007 1.94547e+007 1.94547e+007 1.94547e+007 1.94547e+007 1.94547e+007 1.94547e+007 1.94547e+007 1.94547e+007 1.94547e+007 1.94547e+007 1.94547e+007 1.94547e+007 1.94547e+007 1.94547e+007 1.94547e+007 1.94547e+007 1.94547e+007 1.94547e+007 1.94547e+007 1.94547e+007 1.94547e+007 1.94547e+007 1.94547e+007 1.94547e+007 1.94547e+007 1.94547e+007 1.94547e+007 1.94547e+007 1.94547e+007 1.94547e+007 1.94547e+007 1.94547e+007 1.94547e+007 1.94547e+007 1.94547e+007 0 0 0 0 0 0 0 0 0 0 0 0 0 0 0 0 0 0 0 0 0 0 0 0 0
#obs survey bio
 3.54067e+006 3.19633e+006 2.92023e+006 3.41584e+006 3.75301e+006 3.42851e+006 2.0758e+006 2.21269e+006 1.7705e+006 1.36653e+006 1.60864e+006 1.234e+006 1.15054e+006 1.17203e+006 853276 1.02728e+006 872326 415624 624250 698997 645951 699895 524332 528362 503144 578633 672417 629513 477129 680872 673517 402144 504567 488502 686314 1.03192e+006 557825 614152 451858 407940 643141 514260 481212 491656 627067 555949 480680 687312 401032 584299 889600 491496 411000 428356 706013 690210 857427 689597 685890 710656 798562 460207 379364 674009 825867 704030
#pred catch bio
 102131 93085.6 140960 225160 245106 263134 296921 310538 282777 281914 259838 262378 250407 253136 225733 214618 207222 161709 139603 131140 136588 123963 127754 115235 105933 101305 99349.8 106112 95163.7 103804 100260 92639.1 95979.5 97046.5 91562.1 95150.2 83380.9 86745.3 89922.6 80963.6 88474.5 89666.8 92463 92410 91014.5 90180.5 86808.6 94027.2 91937.8 96156.3 106398 105556 64806.9 49283.5 49039 100507 130950 143193 100381 96040.7 109641 121620 46579.7 53082.8 101185 111045 88278 91624.8 92777.1 97575.2 104562 111799 118252 123527 127590 130592 132740 134242 135273 135970 136437 136746 136950 137083 137170 137226 137263 137286 137301 137311 137317 137321 137324 137326 137327 137327 137328 137328 137328 137328 137328 137328 137328 137329 137329 137329 137329 137329 137329 137329 137329 137329 137329 137329 137329 137329 137329 137329 137329 137329 137329 137329 137329 137329 137329 137329 137329 137329 137329 137329 137329 137329 137329 137329 137329 137329 137329 137329 137329 137329 137329 137329 137329 137329 137329 137329 137329 137329 137329 137329 137329 137329 137329 137329 137329 137329 137329 137329 137329 137329 137329 137329 137329 137329 137329 137329 0 0 0 0 0 0 0 0 0 0 0 0 0 0 0 0 0 0 0 0 0 0 0 0 0
#obs catch bio
 0 92792.3 140918 226015 244910 263128 296938 310555 282447 282239 259923 262604 250943 253281 225632 214405 206680 162059 140189 131270 136410 123830 127962 115206 105828 101361 99298.4 106090 95026.1 104131 99944.9 92810.7 96074.2 97465.2 91658.4 94900.6 83394.5 86650.2 90082.4 81006 88579.3 89515.8 92456.8 92476.1 91047.6 90145.5 86930 93882.6 92047.2 96090.2 106267 105872 64751.8 49279.3 48797.6 100884 130785 143743 100227 95894.4 109348 122816 46272 52897.4 101441 111156
#pred cpue bio
 2.92277e+006 2.76088e+006 2.78122e+006 2.79763e+006 2.74464e+006 2.59655e+006 2.42335e+006 2.15887e+006 1.84588e+006 1.60139e+006 1.42004e+006 1.30228e+006 1.19938e+006 1.12119e+006 1.01325e+006 909777 784822 643039 598145 599629 607647 586170 575104 557245 544517 536051 537748 535872 512019 509656 507880 495906 524717 566637 622803 663804 575759 546908 509144 502624 534062 553795 543076 532802 536627 548787 563929 602436 597121 616918 605279 527022 456064 467992 543246 642508 682288 650568 606425 609051 593969 515119 463082 523859 590793 580781 1.94758e+007 1.16894e+007 1.19036e+007 1.25934e+007 1.35767e+007 1.45998e+007 1.55262e+007 1.6301e+007 1.69166e+007 1.73891e+007 1.77436e+007 1.80055e+007 1.81974e+007 1.83374e+007 1.84394e+007 1.85139e+007 1.85685e+007 1.86088e+007 1.86385e+007 1.86607e+007 1.86773e+007 1.86898e+007 1.86993e+007 1.87066e+007 1.87121e+007 1.87163e+007 1.87196e+007 1.87221e+007 1.8724e+007 1.87255e+007 1.87267e+007 1.87276e+007 1.87283e+007 1.87288e+007 1.87292e+007 1.87296e+007 1.87298e+007 1.873e+007 1.87302e+007 1.87303e+007 1.87304e+007 1.87305e+007 1.87306e+007 1.87306e+007 1.87306e+007 1.87307e+007 1.87307e+007 1.87307e+007 1.87307e+007 1.87307e+007 1.87307e+007 1.87307e+007 1.87308e+007 1.87308e+007 1.87308e+007 1.87308e+007 1.87308e+007 1.87308e+007 1.87308e+007 1.87308e+007 1.87308e+007 1.87308e+007 1.87308e+007 1.87308e+007 1.87308e+007 1.87308e+007 1.87308e+007 1.87308e+007 1.87308e+007 1.87308e+007 1.87308e+007 1.87308e+007 1.87308e+007 1.87308e+007 1.87308e+007 1.87308e+007 1.87308e+007 1.87308e+007 1.87308e+007 1.87308e+007 1.87308e+007 1.87308e+007 1.87308e+007 1.87308e+007 1.87308e+007 1.87308e+007 1.87308e+007 1.87308e+007 1.87308e+007 1.87308e+007 1.87308e+007 1.87308e+007 1.87308e+007 1.87308e+007 1.87308e+007 1.87308e+007 1.87308e+007 1.87308e+007 1.87308e+007 1.87308e+007 0 0 0 0 0 0 0 0 0 0 0 0 0 0 0 0 0 0 0 0 0 0 0 0 0
#obs cpue bio
 3.07164e+006 1.72227e+006 3.10529e+006 1.9523e+006 2.72985e+006 1.66221e+006 3.18083e+006 2.28146e+006 1.92658e+006 1.75901e+006 1.218e+006 1.44432e+006 1.08249e+006 1.29813e+006 1.20746e+006 886174 906775 737805 485534 592083 762181 460121 622210 633950 642816 466279 462055 539510 526737 334457 593710 415049 623588 499930 604112 782325 423953 633119 524900 551800 496057 751800 598556 560923 479134 614535 516780 826471 659881 770130 506937 560897 501121 425766 476760 639780 709846 530944 537926 573524 586428 455352 554716 444828 535040 444972
#pred surv len freq
 0.00419627 0.00692665 0.0106367 0.0153752 0.0210595 0.0273806 0.0337887 0.0396469 0.0444777 0.0481147 0.050665 0.0523591 0.0534244 0.0540342 0.0543088 0.0543384 0.0542067 0.0539906 0.0537022 0.0531732 0.0519555 0.0493737 0.0448121 0.0381308 0.0299226
 0.00453137 0.00737736 0.0111439 0.0158329 0.0213531 0.0274426 0.033636 0.0393707 0.0441905 0.0478896 0.0505089 0.0522335 0.0532938 0.0539063 0.0542413 0.0544094 0.0544662 0.0544167 0.0541867 0.0535494 0.052063 0.0491305 0.0442542 0.0373942 0.029178
 0.00457514 0.00752062 0.011485 0.0164872 0.0223993 0.0288527 0.0352358 0.0408761 0.0453163 0.0484698 0.0505485 0.0518665 0.052691 0.0532044 0.053528 0.0537451 0.0538996 0.0539724 0.0538381 0.0532094 0.0516152 0.0484906 0.0434229 0.0364637 0.0282867
 0.00466612 0.00765373 0.0116643 0.0167235 0.0227278 0.0293456 0.0359904 0.0419652 0.0467181 0.0500253 0.0519918 0.0529256 0.0531998 0.053154 0.0530365 0.0529838 0.0530262 0.0530959 0.0530059 0.052409 0.0507939 0.0475967 0.0424511 0.035473 0.0273767
 0.00485974 0.00796909 0.0121382 0.0173861 0.0235929 0.0304005 0.0371936 0.04326 0.0480559 0.051375 0.0533174 0.0541453 0.0541696 0.0537045 0.0530473 0.0524411 0.0520249 0.0517893 0.0515421 0.0508884 0.0492653 0.0460842 0.0409902 0.0341289 0.0262305
 0.00506936 0.00830886 0.0126478 0.0181024 0.0245428 0.0315901 0.038595 0.044806 0.0496494 0.0529123 0.0547125 0.0553394 0.0551166 0.054346 0.0533002 0.0522189 0.0512823 0.0505568 0.0499224 0.0490218 0.0472906 0.0441218 0.0391464 0.0325014 0.0248988
 0.00524244 0.00860215 0.0131112 0.0187894 0.0254995 0.0328365 0.0401082 0.0465146 0.0514453 0.0546735 0.0563243 0.0567081 0.0561739 0.0550441 0.0535996 0.0520762 0.0506536 0.0494198 0.0483061 0.0470208 0.0450551 0.0418308 0.0369782 0.030607 0.0233793
 0.00545159 0.00894537 0.0136344 0.0195393 0.0265165 0.034143 0.0416931 0.0483242 0.0533855 0.0566223 0.0581501 0.058287 0.057404 0.0558528 0.0539417 0.0519242 0.0499878 0.0482293 0.046606 0.0448773 0.0426021 0.0392624 0.034515 0.0284481 0.0216571
 0.00573482 0.00940244 0.014316 0.0204902 0.0277676 0.0356982 0.0435167 0.0503365 0.055474 0.0586623 0.0600222 0.0598857 0.0586396 0.0566524 0.0542508 0.0517064 0.0492222 0.0469109 0.0447536 0.0425541 0.0399366 0.0364529 0.0318021 0.0260603 0.0197517
 0.00598338 0.00981247 0.0149438 0.0213913 0.0289848 0.0372437 0.045354 0.0523761 0.057589 0.0607149 0.0618882 0.0614657 0.059858 0.0574512 0.0545833 0.0515339 0.0485146 0.0456518 0.0429533 0.0402689 0.0372892 0.0336383 0.0290638 0.0236362 0.0178104
 0.00624607 0.0102444 0.015603 0.022335 0.0302585 0.0388631 0.0472862 0.0545319 0.0598332 0.0628923 0.0638498 0.0630888 0.0610555 0.0581707 0.0547988 0.0512332 0.0476897 0.0442984 0.0410832 0.0379332 0.0346028 0.0307893 0.0262921 0.0211797 0.0158411
 0.00647906 0.0106219 0.0161693 0.023132 0.0313194 0.0402024 0.0488872 0.0563393 0.0617574 0.0648211 0.0656632 0.0646705 0.0623028 0.0590028 0.0551606 0.0510939 0.0470361 0.0431305 0.0394185 0.0358226 0.0321531 0.0281736 0.0237332 0.0189015 0.0140078
 0.00670137 0.0109921 0.0167422 0.0239625 0.0324496 0.0416419 0.0505957 0.0582239 0.0636909 0.0666718 0.0673184 0.0660447 0.0633338 0.059644 0.0553764 0.0508582 0.0463332 0.0419572 0.0377914 0.0337918 0.0298196 0.025698 0.0213203 0.0167572 0.0122835
 0.00688691 0.0112953 0.0172019 0.0246177 0.0333338 0.042773 0.0519632 0.0597805 0.0653531 0.0683315 0.0688597 0.0673617 0.0643433 0.0602908 0.0556295 0.0507016 0.0457584 0.0409629 0.0363905 0.0320272 0.0277803 0.0235268 0.0191991 0.0148688 0.0107627
 0.00717416 0.0117497 0.0178622 0.0255105 0.0344684 0.0441341 0.0535027 0.0614169 0.066983 0.0698488 0.0701723 0.068398 0.0650529 0.060642 0.0556075 0.0503054 0.0449956 0.0398467 0.034943 0.0302913 0.0258355 0.021497 0.0172418 0.0131412 0.00937924
 0.00722189 0.0118659 0.0181074 0.0259627 0.0352013 0.0451838 0.0548408 0.062947 0.0685668 0.0713454 0.0714693 0.0694227 0.0657661 0.0610267 0.0556588 0.050025 0.0443902 0.0389286 0.0337346 0.028834 0.0242006 0.0197914 0.0155983 0.0116917 0.00821899
 0.00723281 0.0118984 0.0181861 0.0261261 0.0355008 0.0456766 0.0555757 0.0639448 0.0697998 0.0727273 0.0728644 0.0706777 0.0667498 0.0616579 0.0559107 0.0499097 0.0439385 0.0381758 0.0327184 0.0276018 0.02282 0.0183558 0.0142201 0.0104799 0.00725141
 0.00756753 0.012402 0.018869 0.0269721 0.0364742 0.0467337 0.0566737 0.0650439 0.070863 0.0737173 0.0737403 0.0713897 0.06724 0.0618702 0.0558067 0.0494809 0.0432065 0.0371836 0.0315199 0.0262576 0.0214007 0.0169455 0.0129115 0.00935805 0.00637226
 0.00763757 0.0125376 0.019111 0.0273664 0.0370535 0.0474944 0.0575604 0.0659598 0.0717043 0.0744145 0.0742776 0.0717919 0.0675386 0.0620731 0.0558889 0.0493977 0.0429171 0.0366697 0.0307937 0.0253599 0.0203949 0.015911 0.0119327 0.00850994 0.00570368
 0.00765595 0.0125456 0.0190855 0.0272798 0.0368909 0.0472735 0.057342 0.0658328 0.0717497 0.0746682 0.0747162 0.072351 0.068145 0.062667 0.0564251 0.0498347 0.0432104 0.0367777 0.0306921 0.0250535 0.0199219 0.0153359 0.0113334 0.00795911 0.00525312
 0.00768208 0.012576 0.0191076 0.0272715 0.0368229 0.047117 0.0570804 0.0654763 0.0713456 0.0742993 0.0744804 0.0723266 0.0683598 0.0630895 0.0569801 0.0504302 0.043759 0.0372083 0.0309551 0.0251269 0.0198156 0.015091 0.0110115 0.00762608 0.00496125
 0.00777576 0.0127247 0.0193236 0.0275599 0.0371764 0.0475092 0.0574617 0.0657793 0.0715033 0.0742698 0.0742691 0.0719904 0.0679902 0.0627802 0.0567935 0.0503793 0.0438099 0.0372995 0.0310209 0.0251173 0.0197088 0.014896 0.0107621 0.00736703 0.0047322
 0.00775267 0.0126935 0.0192885 0.0275299 0.0371638 0.0475262 0.0575167 0.0658717 0.0716198 0.0743846 0.0743493 0.0720095 0.0679423 0.0626875 0.0566997 0.0503297 0.0438297 0.0373812 0.031129 0.0252053 0.0197393 0.014855 0.0106611 0.00723441 0.00459951
 0.00785632 0.0128455 0.0194868 0.0277625 0.0374124 0.047773 0.0577485 0.0660801 0.0717976 0.074522 0.074432 0.0720203 0.0678677 0.0625259 0.0564682 0.0500633 0.0435711 0.0371644 0.0309664 0.025086 0.0196394 0.014753 0.0105486 0.0071174 0.00449162
 0.00797719 0.0130193 0.019706 0.0280043 0.0376442 0.0479613 0.0578684 0.066121 0.0717655 0.0744376 0.0743242 0.0719157 0.0677799 0.0624521 0.0563948 0.0499779 0.0434719 0.0370609 0.0308719 0.025008 0.0195751 0.0146936 0.0104868 0.00705267 0.00442963
 0.00800347 0.013067 0.0197856 0.0281257 0.0378099 0.0481596 0.0580689 0.0662808 0.0718445 0.0744164 0.0742137 0.0717516 0.067607 0.062306 0.0562911 0.0499129 0.0434309 0.0370295 0.0308422 0.0249782 0.0195455 0.014663 0.0104539 0.00701754 0.004395
 0.00790128 0.0129196 0.0195993 0.0279196 0.0376128 0.0480024 0.0579767 0.0662662 0.0719034 0.0745279 0.074346 0.0718743 0.067703 0.0623763 0.0563498 0.0499748 0.043503 0.0371087 0.0309196 0.0250447 0.0195958 0.0146956 0.0104699 0.00702021 0.00438901
 0.0078239 0.0127884 0.0193933 0.0276202 0.0372131 0.0475193 0.0574587 0.0657883 0.0715463 0.0743502 0.0743651 0.0720645 0.0680104 0.0627404 0.0567218 0.050326 0.0438219 0.0373928 0.0311677 0.0252544 0.0197641 0.0148216 0.0105564 0.00707362 0.00441773
 0.00792756 0.0129393 0.0195866 0.0278375 0.0374239 0.0476863 0.0575457 0.0657692 0.0714153 0.0741286 0.0740981 0.0718068 0.0678063 0.0626101 0.0566603 0.0503133 0.0438362 0.0374187 0.0311973 0.025284 0.0197912 0.0148437 0.0105717 0.00708196 0.00442046
 0.00777987 0.0127363 0.0193488 0.0276052 0.0372431 0.0475878 0.0575294 0.0658043 0.0714565 0.0741383 0.0740631 0.0717414 0.0677434 0.0625855 0.0566976 0.0504158 0.043989 0.037597 0.0313769 0.0254473 0.0199281 0.0149507 0.0106493 0.00713373 0.00445179
 0.00778952 0.0127362 0.0193217 0.0275309 0.0371106 0.04741 0.057349 0.0656814 0.0714393 0.0742346 0.0742327 0.0719173 0.0678664 0.0626311 0.0566793 0.0503693 0.0439497 0.0375854 0.0313954 0.0254865 0.0199754 0.0149954 0.0106855 0.00715946 0.00446796
 0.00792709 0.0129301 0.0195575 0.0277739 0.0373127 0.0475234 0.0573414 0.0655476 0.0712066 0.0739582 0.0739781 0.0717347 0.0677715 0.0626034 0.0566814 0.0503704 0.0439393 0.0375702 0.0313877 0.0254932 0.0199952 0.0150219 0.0107116 0.0071805 0.00448247
 0.00790177 0.0129049 0.0195476 0.027799 0.0373869 0.047641 0.057469 0.0656314 0.0711947 0.0738272 0.0737482 0.0714638 0.0675303 0.0624465 0.0566279 0.0504048 0.0440273 0.0376784 0.0314949 0.0255908 0.0200811 0.0150951 0.0107706 0.00722453 0.00451227
 0.00786958 0.0128474 0.019453 0.0276571 0.0371959 0.0474155 0.0572421 0.0654454 0.0710821 0.0737926 0.0737671 0.0714991 0.0675573 0.0624662 0.0566621 0.0504772 0.0441471 0.0378358 0.0316687 0.0257596 0.02023 0.015217 0.0108642 0.00729147 0.00455656
 0.00791051 0.0128893 0.0194707 0.0276123 0.0370475 0.0471374 0.056839 0.0649587 0.0705818 0.0733582 0.0734642 0.0713611 0.0675789 0.0626129 0.0568896 0.0507494 0.0444417 0.0381395 0.031969 0.0260414 0.0204781 0.0154206 0.0110193 0.00740098 0.00462785
 0.00847538 0.0136739 0.0204035 0.0285412 0.0377802 0.0475072 0.0567615 0.0644507 0.0697427 0.0723342 0.0724127 0.070422 0.0668516 0.0621429 0.0566684 0.0507304 0.0445627 0.0383425 0.0322088 0.0262859 0.0207047 0.015614 0.0111715 0.00751097 0.0047006
 0.00938792 0.0150714 0.0223377 0.0309802 0.0405912 0.0504477 0.0594879 0.0665687 0.0709086 0.0723697 0.0713685 0.0685491 0.0645038 0.0596661 0.054327 0.0486812 0.0428671 0.0369959 0.0311724 0.0255097 0.0201404 0.0152183 0.0109063 0.00734269 0.00460048
 0.00907324 0.0147662 0.0222546 0.031431 0.0418865 0.0527455 0.0626692 0.0702218 0.0744405 0.0751877 0.0730431 0.0689049 0.0636243 0.057834 0.0519248 0.0460879 0.040382 0.0348059 0.0293601 0.0240834 0.0190661 0.0144439 0.0103746 0.00699774 0.00439103
 0.00888037 0.0144307 0.0217234 0.0306791 0.0409694 0.051852 0.0621283 0.0704157 0.0756331 0.0773555 0.0758232 0.0717098 0.0658639 0.0591196 0.0521622 0.0454421 0.0391638 0.0333474 0.0279266 0.0228383 0.0180782 0.0137159 0.00987244 0.00667342 0.00419561
 0.00880885 0.0143225 0.0215729 0.0304797 0.0407088 0.0515141 0.0617107 0.0699655 0.075279 0.0772995 0.0762667 0.0727356 0.0673478 0.0607441 0.0535376 0.0462672 0.0393317 0.0329491 0.0271734 0.0219611 0.0172549 0.0130448 0.0093818 0.0063467 0.00399613
 0.00861351 0.0140172 0.0211375 0.0299071 0.0400092 0.0507193 0.0608759 0.0691652 0.0745978 0.076825 0.0760892 0.0729433 0.068 0.0618207 0.0549012 0.0476789 0.0405304 0.0337514 0.0275335 0.0219602 0.0170391 0.0127559 0.0091159 0.0061466 0.00386602
 0.00859228 0.0139637 0.0210224 0.0296926 0.03966 0.0502192 0.0602426 0.0684527 0.073885 0.0761968 0.0756214 0.0726986 0.0680278 0.0621528 0.0555323 0.0485433 0.0414962 0.0346517 0.0282247 0.022374 0.017196 0.0127361 0.00901273 0.00603088 0.00377408
 0.00864263 0.0140353 0.0211099 0.0297805 0.0397223 0.050221 0.0601455 0.0682251 0.073516 0.0757083 0.0750708 0.0721681 0.0676057 0.0619144 0.0555255 0.0487764 0.0419294 0.0351987 0.0287731 0.022822 0.017487 0.0128709 0.00903411 0.0059942 0.00372314
 0.0086577 0.0140734 0.0211912 0.0299292 0.0399565 0.0505384 0.0605118 0.0685747 0.0737677 0.0757905 0.0749453 0.0718437 0.067138 0.061392 0.0550472 0.0484263 0.0417545 0.0351972 0.0288981 0.0230003 0.0176486 0.0129732 0.00907024 0.00598304 0.0036913
 0.00864405 0.0140547 0.0211706 0.0299145 0.0399613 0.0505813 0.060613 0.0687467 0.074004 0.076057 0.0751836 0.0719878 0.06714 0.0612425 0.0547819 0.0481135 0.0414709 0.0350007 0.0288096 0.0230029 0.0177009 0.0130322 0.00910864 0.0059943 0.0036834
 0.00869686 0.0141215 0.0212362 0.0299544 0.03995 0.0505058 0.0604826 0.0685945 0.0738764 0.0759962 0.0752104 0.072092 0.0672825 0.0613705 0.0548507 0.0481061 0.0414033 0.0349117 0.0287398 0.0229752 0.0177144 0.0130686 0.00914636 0.00601987 0.00369423
 0.00871793 0.0141568 0.0212902 0.0300288 0.0400399 0.0505953 0.0605456 0.068602 0.0738109 0.075865 0.0750477 0.0719458 0.0671923 0.0613493 0.0548819 0.0481556 0.0414402 0.0349229 0.028732 0.0229653 0.0177155 0.0130833 0.00916815 0.00603998 0.00370747
 0.00860338 0.0139864 0.0210636 0.0297573 0.0397445 0.0503028 0.060283 0.0683925 0.0736687 0.075793 0.0750398 0.0719939 0.0672932 0.0615041 0.0550887 0.0484017 0.0417012 0.035171 0.0289466 0.0231388 0.0178509 0.0131876 0.00924673 0.00609624 0.0037443
 0.00876888 0.0142064 0.021305 0.0299609 0.0398444 0.0502549 0.0600876 0.0680943 0.0733363 0.0754898 0.0748042 0.071836 0.0672043 0.0614706 0.0551005 0.0484531 0.0417859 0.0352782 0.0290615 0.023247 0.0179432 0.0132606 0.00930142 0.006135 0.00376991
 0.00864199 0.0140561 0.0211789 0.0299291 0.0399692 0.0505506 0.0604948 0.0684944 0.0736033 0.0755498 0.0746639 0.0715664 0.0668972 0.0611981 0.054899 0.0483285 0.0417281 0.0352713 0.029089 0.0232933 0.017995 0.0133086 0.00934049 0.00616378 0.00378925
 0.00853304 0.01388 0.0209195 0.0295824 0.0395557 0.0501262 0.0601493 0.0683252 0.0736704 0.0758371 0.0750786 0.0719833 0.0672177 0.0613875 0.0549815 0.0483554 0.0417455 0.0353046 0.0291436 0.0233626 0.0180683 0.0133759 0.00939567 0.00620452 0.00381649
 0.00872284 0.0141593 0.0212846 0.0300081 0.0399996 0.0505386 0.0604852 0.0685558 0.0737918 0.0758703 0.0750559 0.0719251 0.0671184 0.0612216 0.0547279 0.0480191 0.041361 0.0349205 0.0288022 0.0230879 0.0178652 0.0132364 0.00930604 0.00615056 0.00378612
 0.00886918 0.0144231 0.0217261 0.0306905 0.040963 0.0517644 0.0618704 0.0699213 0.0749303 0.0766138 0.0753252 0.0717397 0.0665683 0.060423 0.0537871 0.0470179 0.0403603 0.0339707 0.0279476 0.0223628 0.0172877 0.012806 0.00900633 0.00595611 0.00366904
 0.00851585 0.0138726 0.0209473 0.0296835 0.0397747 0.0505013 0.0606992 0.0690409 0.0745123 0.0767363 0.0759416 0.0727016 0.0676872 0.0615325 0.0547761 0.0478324 0.040988 0.034425 0.0282561 0.0225602 0.0174088 0.0128797 0.00905241 0.00598593 0.00368837
 0.00818974 0.0133213 0.0200815 0.0284162 0.0380516 0.0483462 0.0582539 0.0665692 0.072353 0.0752181 0.0752954 0.0730017 0.0688398 0.063312 0.0568944 0.0500136 0.043022 0.0361859 0.0296938 0.0236778 0.0182401 0.0134721 0.00945604 0.00624721 0.00384765
 0.00807858 0.0131082 0.0196995 0.0277794 0.0370708 0.0469586 0.0564571 0.0644465 0.0700795 0.0730453 0.0735126 0.0718793 0.0685613 0.0639208 0.0582782 0.0519377 0.0451974 0.0383429 0.0316336 0.0252903 0.0194935 0.0143887 0.0100878 0.00665659 0.0040958
 0.00832888 0.0135128 0.0202988 0.0285947 0.0380821 0.0480777 0.0575125 0.0652033 0.0703011 0.0725784 0.0723552 0.0701983 0.0666533 0.0621293 0.0568971 0.0511343 0.0449823 0.0385958 0.0321667 0.0259181 0.0200797 0.0148612 0.0104283 0.00688001 0.00423036
 0.0087104 0.0141264 0.0212085 0.0298508 0.0397054 0.0500345 0.0596883 0.0673909 0.0722206 0.0739286 0.0728836 0.0697706 0.0653024 0.0600628 0.0544515 0.0486858 0.0428463 0.0369552 0.0310551 0.0252549 0.0197323 0.0147012 0.010362 0.00685342 0.00421847
 0.00895382 0.0145539 0.0219089 0.0309222 0.0412273 0.052026 0.0620697 0.0699751 0.0747421 0.0760955 0.0744283 0.0704873 0.0650768 0.0589002 0.0524938 0.0461981 0.0401647 0.0344063 0.0288799 0.0235686 0.0185319 0.0139072 0.0098679 0.00656104 0.00405324
 0.00867773 0.0141356 0.0213412 0.0302319 0.0404847 0.0513502 0.0616222 0.0699301 0.0752322 0.0771508 0.075942 0.0722293 0.0667509 0.0602209 0.0532581 0.0463338 0.039742 0.0336068 0.0279321 0.0226746 0.0178173 0.0134102 0.00956255 0.00639326 0.00396966
 0.00846369 0.0137862 0.0208149 0.0294955 0.0395287 0.0502097 0.0603966 0.0687848 0.0743723 0.0767711 0.0761695 0.0730785 0.0681067 0.0618578 0.0548951 0.0477105 0.0406876 0.0340785 0.0280062 0.0224987 0.0175463 0.0131571 0.00938026 0.00628618 0.00391775
 0.00869685 0.0141188 0.0212278 0.029937 0.0399229 0.0504748 0.0604641 0.0686166 0.0739757 0.0762091 0.0755588 0.0725657 0.0678245 0.0618757 0.0551883 0.0481643 0.0411408 0.0343866 0.028094 0.0223777 0.0172921 0.0128644 0.00912294 0.00609904 0.00380144
 0.00891745 0.0145203 0.0219055 0.0309904 0.0414129 0.0523647 0.0625782 0.0706545 0.0755928 0.0771285 0.0756582 0.0719015 0.0665952 0.0603497 0.0536238 0.0467449 0.0399451 0.0334003 0.0272551 0.021629 0.0166127 0.0122692 0.00863961 0.00574349 0.00356701
 0.00819196 0.0133787 0.0202675 0.0288327 0.0388031 0.0494961 0.0597803 0.0683437 0.0741536 0.0767772 0.0763674 0.0734325 0.0686101 0.0625338 0.0557591 0.0487184 0.0417134 0.0349441 0.0285537 0.0226609 0.0173727 0.0127811 0.00895292 0.00591819 0.00365678
 0.0079301 0.0129021 0.0194581 0.027555 0.0369441 0.0470281 0.0568212 0.0651774 0.0711889 0.0744541 0.075044 0.0732905 0.0696102 0.0644405 0.0582252 0.0513914 0.0443148 0.037297 0.0305664 0.0242978 0.018633 0.0136917 0.00956505 0.00629855 0.00387465
 0.00827054 0.013422 0.0201714 0.028434 0.0379043 0.0479175 0.0574271 0.0652673 0.0705904 0.0731436 0.0731933 0.071234 0.0677419 0.0630858 0.0575476 0.0513702 0.044792 0.0380589 0.0314168 0.0250956 0.0192985 0.014195 0.00991133 0.00651458 0.00399624
#obs surv len freq
 nan nan nan nan nan nan nan nan nan nan nan nan nan nan nan nan nan nan nan nan nan nan nan nan nan
 0.00448528 0.00734689 0.0111771 0.0159936 0.0216942 0.0279695 0.0342832 0.0400141 0.0446933 0.0481568 0.0505144 0.05201 0.0529021 0.0534143 0.0537285 0.0539833 0.0542618 0.0545545 0.0546932 0.0542851 0.0527232 0.0493554 0.0438053 0.0362855 0.0276693
 0.0046197 0.00756723 0.0115117 0.0164687 0.0223278 0.0287609 0.0352033 0.0410029 0.0456683 0.0490298 0.0512078 0.0524688 0.0530986 0.0533485 0.053423 0.0534759 0.0535963 0.053774 0.0538371 0.0533905 0.0518293 0.0485058 0.0430451 0.0356531 0.027186
 0.00478034 0.00783119 0.0119142 0.0170445 0.0231042 0.0297468 0.0363776 0.0423085 0.0470181 0.05032 0.0523343 0.0533398 0.0536447 0.0535297 0.053232 0.0529358 0.0527534 0.0526887 0.0525763 0.0520253 0.0504354 0.0471644 0.0418368 0.0346444 0.0264137
 0.00498235 0.0081588 0.0124059 0.0177361 0.0240226 0.0309 0.0377439 0.0438311 0.0486108 0.0518802 0.0537562 0.0545232 0.0545015 0.0539898 0.0532506 0.052499 0.0518806 0.0514304 0.0510095 0.0502488 0.0485661 0.0453309 0.0401662 0.0332405 0.0253348
 0.0051837 0.00849348 0.0129231 0.0184857 0.0250447 0.0322089 0.0393118 0.0455843 0.0504417 0.0536701 0.0553933 0.0559109 0.0555577 0.0546443 0.0534457 0.0521948 0.0510631 0.0501196 0.0492664 0.048178 0.0463128 0.0430686 0.0380726 0.0314638 0.023961
 0.00540701 0.00885559 0.013467 0.0192523 0.0260676 0.0335038 0.0408642 0.0473419 0.0523171 0.0555527 0.0571653 0.0574604 0.0567869 0.0554732 0.0538109 0.0520476 0.0503715 0.0488781 0.0475102 0.0459972 0.0438582 0.040541 0.0356903 0.0294159 0.0223641
 0.00564893 0.00925199 0.0140691 0.0201091 0.0272156 0.0349519 0.0425789 0.0492444 0.0542974 0.0574928 0.0589573 0.0590124 0.0580203 0.0563183 0.0542054 0.0519373 0.0497143 0.047652 0.0457298 0.0437341 0.041256 0.0378105 0.0330764 0.0271417 0.0205745
 0.00588758 0.00964428 0.0146676 0.0209658 0.028372 0.0364232 0.0443374 0.0512128 0.0563594 0.0595155 0.0608144 0.0605987 0.059256 0.0571455 0.0545795 0.0518192 0.0490674 0.0464494 0.0439722 0.0414749 0.0386239 0.0350116 0.0303639 0.0247565 0.0186812
 0.00612829 0.0100378 0.0152641 0.0218139 0.0295101 0.0378652 0.0460577 0.0531404 0.0583862 0.0615156 0.0626635 0.0621871 0.0604952 0.0579699 0.0549438 0.0516916 0.0484233 0.0452708 0.04226 0.0392734 0.036047 0.0322516 0.0276673 0.0223662 0.0167701
 0.00637533 0.010443 0.0158805 0.0226927 0.03069 0.0393567 0.0478266 0.055103 0.0604225 0.0634933 0.0644602 0.0637016 0.0616496 0.0587075 0.0552255 0.0514915 0.0477239 0.0440628 0.0405508 0.0371072 0.0335289 0.0295597 0.0250334 0.020024 0.0148899
 0.00661085 0.0108282 0.0164644 0.0235226 0.0318027 0.0407636 0.0494992 0.0569664 0.062365 0.0653871 0.0661821 0.0651473 0.0627399 0.0593881 0.0554631 0.0512672 0.0470276 0.0428922 0.0389184 0.0350575 0.0311602 0.0270348 0.0225644 0.0178258 0.0131213
 0.00682113 0.0111778 0.0170046 0.0243055 0.0328697 0.0421281 0.0511296 0.0587811 0.0642459 0.0672036 0.0678136 0.0664957 0.0637328 0.0599777 0.0556225 0.0509853 0.0463036 0.0417331 0.0373443 0.0331157 0.0289431 0.0246904 0.020283 0.0157997 0.0114925
 0.007032 0.0115194 0.0175168 0.0250255 0.0338262 0.0433311 0.0525585 0.0603782 0.0659206 0.0688461 0.0693116 0.0677487 0.0646615 0.0605287 0.0557671 0.0507145 0.0456215 0.0406535 0.0358937 0.0313436 0.0269371 0.0225837 0.018243 0.0139938 0.0100434
 0.00725906 0.0118924 0.0180848 0.0258342 0.0349066 0.0446826 0.0541337 0.0620817 0.0676267 0.0704277 0.0706635 0.0687958 0.0653569 0.0608468 0.055699 0.0502643 0.0448037 0.0394909 0.03442 0.0296118 0.0250306 0.020622 0.0163717 0.0123551 0.00873832
 0.00744419 0.0121991 0.0185567 0.0265155 0.0358326 0.0458648 0.0555441 0.0636467 0.0692355 0.0719532 0.0719855 0.0698191 0.0660201 0.0611232 0.0555901 0.0497896 0.0439915 0.0383747 0.0330399 0.0280226 0.0233106 0.0188774 0.0147266 0.0109275 0.00760933
 0.007521 0.0123275 0.0187576 0.0268128 0.0362517 0.0464279 0.0562636 0.0645178 0.070232 0.0730254 0.0730623 0.0708148 0.0668468 0.0617044 0.0558725 0.0497472 0.0436243 0.0377027 0.0320994 0.0268668 0.0220134 0.017534 0.013445 0.00980814 0.00672089
 0.00758102 0.0124193 0.0188855 0.0269787 0.0364571 0.0466773 0.0565655 0.0648848 0.0706765 0.0735542 0.0736692 0.0714746 0.067512 0.0623094 0.0563438 0.0500179 0.0436464 0.037455 0.0315901 0.0261325 0.0211171 0.0165606 0.0124901 0.00896019 0.00604114
 0.00767893 0.0125661 0.0190832 0.0272204 0.0367289 0.0469613 0.0568441 0.0651439 0.0709107 0.0737699 0.0738839 0.0717095 0.06778 0.062604 0.0566337 0.0502516 0.0437643 0.0374057 0.0313443 0.0256927 0.0205198 0.0158706 0.0117877 0.00832212 0.00552254
 0.00769549 0.0125963 0.0191343 0.0273002 0.036842 0.0471055 0.0570076 0.0653078 0.0710559 0.0738863 0.0739766 0.0717968 0.0678861 0.0627473 0.0568167 0.0504544 0.0439464 0.0375149 0.0313333 0.0255345 0.0202189 0.015464 0.0113349 0.00788742 0.00515647
 0.00777061 0.0127068 0.0192793 0.0274719 0.0370291 0.047297 0.0571956 0.0654859 0.0712163 0.074018 0.0740675 0.0718401 0.0678862 0.0627204 0.0567846 0.0504335 0.0439372 0.0374992 0.0312793 0.0254116 0.0200123 0.0151841 0.0110153 0.00757264 0.00488577
 0.00780368 0.0127598 0.0193571 0.027577 0.0371599 0.0474454 0.0573467 0.0656213 0.0713203 0.0740838 0.0740989 0.0718468 0.0678778 0.0627038 0.0567645 0.0504145 0.0439218 0.0374832 0.0312495 0.0253488 0.0199011 0.0150226 0.010819 0.00736917 0.00470365
 0.00781961 0.0127834 0.0193885 0.0276155 0.0372043 0.0474953 0.0574023 0.0656822 0.0713837 0.0741442 0.0741494 0.0718825 0.067898 0.0627119 0.0567659 0.0504137 0.0439207 0.0374801 0.0312379 0.0253186 0.0198423 0.0149313 0.0107017 0.00724181 0.00458512
 0.00788811 0.012883 0.0195164 0.0277614 0.0373527 0.0476306 0.0575125 0.0657605 0.0714288 0.0741587 0.074138 0.0718506 0.0678502 0.0626522 0.0566984 0.0503432 0.0438516 0.0374148 0.0311756 0.0252548 0.0197711 0.0148489 0.0106098 0.00714812 0.00449996
 0.00788866 0.0128896 0.0195364 0.0278034 0.0374231 0.0477277 0.0576234 0.065864 0.0715032 0.0741914 0.0741301 0.0718144 0.0678018 0.0626044 0.0566576 0.0503101 0.0438242 0.0373903 0.031151 0.0252268 0.0197361 0.0148048 0.0105576 0.00709244 0.00444755
 0.00790943 0.0129168 0.0195658 0.0278283 0.0374377 0.0477317 0.0576241 0.0658728 0.0715287 0.074233 0.0741771 0.0718521 0.0678196 0.0626007 0.0566384 0.0502841 0.0437983 0.0373671 0.03113 0.0252053 0.0197113 0.0147751 0.0105233 0.00705614 0.00441335
 0.00787937 0.0128706 0.0195009 0.027744 0.0373343 0.047611 0.0574903 0.0657349 0.0714016 0.074136 0.0741288 0.0718631 0.0678874 0.062711 0.0567714 0.0504216 0.0439279 0.0374824 0.0312278 0.0252838 0.0197692 0.0148122 0.0105418 0.00706018 0.00440846
 0.00787528 0.0128563 0.0194656 0.0276738 0.037217 0.0474425 0.0572796 0.0655042 0.07118 0.0739514 0.0740022 0.0718066 0.067905 0.0627984 0.0569157 0.0506033 0.044125 0.0376751 0.0314015 0.0254298 0.019884 0.0148956 0.0105967 0.00709192 0.00442359
 0.00787529 0.0128546 0.0194594 0.0276582 0.0371845 0.0473835 0.0571848 0.0653681 0.0710057 0.073754 0.0738072 0.0716438 0.0678002 0.0627665 0.0569586 0.0507109 0.0442786 0.0378523 0.0315806 0.0255933 0.0200206 0.0150005 0.0106703 0.00713868 0.00445002
 0.0078903 0.0128735 0.0194778 0.0276684 0.0371777 0.0473525 0.057126 0.0652821 0.0708955 0.0736242 0.0736647 0.0714999 0.0676714 0.062672 0.0569151 0.050727 0.0443518 0.0379699 0.0317233 0.0257406 0.0201551 0.0151111 0.0107526 0.0071941 0.00448359
 0.00785466 0.012824 0.0194185 0.0276076 0.0371244 0.0473117 0.0570954 0.065253 0.0708579 0.0735717 0.0735975 0.071424 0.0675963 0.0626091 0.0568762 0.0507226 0.0443885 0.0380469 0.0318319 0.0258659 0.0202803 0.0152218 0.0108402 0.00725637 0.00452335
 0.00782165 0.0127668 0.0193267 0.0274715 0.0369397 0.0470858 0.0568507 0.0650232 0.0706771 0.0734616 0.0735609 0.0714481 0.0676618 0.0626992 0.0569811 0.0508397 0.0445189 0.0381917 0.0319888 0.0260275 0.0204353 0.0153587 0.0109504 0.00733685 0.00457642
 0.00781169 0.0127436 0.0192786 0.0273832 0.036796 0.0468773 0.0565808 0.0647114 0.0703578 0.0731768 0.0733506 0.071339 0.067661 0.0627941 0.0571464 0.0510474 0.0447463 0.0384237 0.0322158 0.0262423 0.0206301 0.0155257 0.0110838 0.0074348 0.00464195
 0.00777092 0.0126816 0.0191929 0.0272731 0.0366611 0.0467162 0.0563908 0.0644914 0.0701126 0.0729216 0.0731115 0.0711491 0.0675514 0.0627842 0.0572379 0.0512247 0.0449824 0.0386893 0.0324857 0.0264977 0.0208582 0.0157178 0.0112355 0.00754586 0.00471657
 0.00773013 0.0126151 0.0190929 0.0271332 0.0364791 0.0464965 0.0561466 0.0642425 0.0698799 0.0727207 0.0729505 0.0710322 0.067484 0.0627758 0.0572988 0.0513592 0.0451839 0.0389397 0.03276 0.0267703 0.0211079 0.0159302 0.0114033 0.00766858 0.00479903
 0.0093294 0.0148517 0.0217881 0.0298964 0.0388215 0.0480125 0.0566575 0.0638238 0.0687779 0.0712285 0.0713159 0.0694226 0.0659938 0.0614503 0.0561563 0.0504053 0.0444168 0.03835 0.0323298 0.0264742 0.0209169 0.0158158 0.0113407 0.00763799 0.00478634
 0.00930874 0.0151132 0.0227013 0.0319198 0.0423017 0.0529143 0.0623928 0.0693484 0.0729628 0.0733075 0.0711387 0.0673948 0.0627992 0.0577585 0.0524573 0.0469844 0.041407 0.0357958 0.0302306 0.024806 0.0196408 0.0148822 0.0106923 0.00721413 0.00452786
 0.00895112 0.0145521 0.0219166 0.0309633 0.0413507 0.0523067 0.0625863 0.0707576 0.075712 0.0770465 0.0750875 0.0706403 0.0646767 0.0580822 0.0514885 0.0452152 0.0393276 0.0337616 0.0284399 0.0233381 0.0185039 0.0140474 0.010113 0.00683661 0.0042986
 0.0087981 0.0142899 0.0214977 0.0303385 0.0404876 0.0512239 0.0613961 0.0696938 0.07511 0.0772501 0.0762934 0.0727532 0.0672777 0.0605656 0.0533079 0.046093 0.0393101 0.0331171 0.0274973 0.0223639 0.0176565 0.0133896 0.00964582 0.00653028 0.00411295
 0.00872477 0.0141661 0.0213019 0.030045 0.0400688 0.0506566 0.0606738 0.0688438 0.0742145 0.0764597 0.0758179 0.0728071 0.0679856 0.0618699 0.0549467 0.047686 0.0405142 0.0337591 0.027607 0.0221088 0.0172377 0.0129637 0.00929791 0.0062847 0.00395866
 0.00869058 0.0141083 0.0212103 0.0299076 0.0398728 0.0503901 0.0603282 0.0684169 0.0737138 0.0759114 0.0752788 0.0723742 0.0677863 0.0620216 0.0554946 0.0485547 0.0415143 0.0346593 0.0282321 0.022402 0.0172559 0.0128215 0.00910566 0.00611325 0.00383579
 0.00868603 0.0140994 0.0211939 0.029879 0.0398256 0.0503168 0.0602201 0.0682653 0.0735113 0.0756543 0.0749727 0.0720417 0.0674748 0.0618032 0.0554493 0.0487353 0.0419102 0.0351852 0.028757 0.0228072 0.0174832 0.0128841 0.00906199 0.00602817 0.00375428
 0.00866833 0.0140734 0.0211598 0.0298385 0.0397809 0.050269 0.0601685 0.0682062 0.0734388 0.0755614 0.0748529 0.0718926 0.0673035 0.0616318 0.0553168 0.0486895 0.0419877 0.0353886 0.0290448 0.0231074 0.0177258 0.0130316 0.00911759 0.00602227 0.00372223
 0.00868901 0.0141024 0.0211951 0.0298754 0.0398135 0.0502927 0.0601809 0.0682071 0.073428 0.0755363 0.0748082 0.0718221 0.0672032 0.0615052 0.0551782 0.0485651 0.0419096 0.0353822 0.0291145 0.023231 0.0178636 0.013145 0.00918587 0.00604704 0.00371884
 0.00867835 0.0140902 0.021186 0.0298759 0.03983 0.0503268 0.0602277 0.0682558 0.0734663 0.0755554 0.0748047 0.0717966 0.0671578 0.0614416 0.0550999 0.0484801 0.041833 0.0353322 0.0291053 0.0232643 0.0179258 0.0132138 0.00924145 0.00607999 0.00373111
 0.00865686 0.0140565 0.021138 0.0298138 0.0397569 0.0502503 0.0601595 0.068209 0.0734507 0.0755726 0.0748475 0.0718515 0.0672109 0.0614826 0.0551239 0.0484878 0.0418298 0.0353278 0.0291106 0.0232866 0.0179648 0.0132615 0.00928639 0.00611352 0.00375064
 0.00863018 0.014014 0.0210756 0.0297289 0.039649 0.050123 0.0600214 0.0680746 0.0733379 0.0754987 0.0748238 0.0718802 0.0672839 0.0615842 0.055236 0.048595 0.0419232 0.0354054 0.0291761 0.0233455 0.018021 0.0133147 0.00933314 0.00614985 0.0037749
 0.00863704 0.0140216 0.0210804 0.0297252 0.0396305 0.0500844 0.0599611 0.0679955 0.0732471 0.0754069 0.0747434 0.071823 0.0672586 0.0615937 0.0552759 0.0486555 0.0419921 0.0354729 0.0292365 0.0233979 0.0180668 0.013355 0.00936755 0.00617711 0.00379418
 0.00863666 0.0140229 0.0210857 0.0297369 0.0396498 0.0501092 0.0599849 0.0680085 0.0732399 0.0753743 0.0746877 0.0717534 0.0671884 0.061536 0.0552403 0.0486454 0.0420048 0.0355013 0.0292726 0.0234352 0.0181015 0.0133855 0.00939313 0.00619729 0.00380876
 0.00863466 0.0140211 0.0210858 0.0297416 0.0396623 0.0501321 0.0600187 0.0680507 0.0732841 0.0754113 0.0747073 0.0717484 0.0671573 0.061485 0.0551807 0.0485896 0.0419625 0.0354767 0.0292646 0.0234394 0.0181127 0.0133994 0.00940691 0.00620913 0.00381782
 0.00863466 0.0140211 0.0210858 0.0297416 0.0396623 0.0501321 0.0600187 0.0680507 0.0732841 0.0754113 0.0747073 0.0717484 0.0671573 0.061485 0.0551807 0.0485896 0.0419625 0.0354767 0.0292646 0.0234394 0.0181127 0.0133994 0.00940691 0.00620913 0.00381782
 0.00877237 0.0142385 0.0213998 0.0301611 0.040183 0.0507312 0.0606506 0.0686496 0.0737769 0.0757356 0.0748265 0.0716575 0.066879 0.0610619 0.0546656 0.048037 0.0414209 0.0349832 0.0288422 0.0230977 0.0178507 0.0132092 0.00927657 0.00612545 0.00376789
 0.00888149 0.0144268 0.0217025 0.0306145 0.0408129 0.0515352 0.0615835 0.069622 0.0746733 0.0764424 0.0752586 0.0717725 0.06668 0.0605902 0.0539893 0.0472376 0.0405794 0.03417 0.0281101 0.0224792 0.0173588 0.012841 0.009018 0.00595583 0.00366462
 0.0084416 0.0137406 0.0207281 0.0293444 0.0392893 0.0498648 0.0599433 0.068239 0.0737689 0.0761635 0.0756296 0.0726946 0.067972 0.0620459 0.0554274 0.0485305 0.041661 0.0350259 0.02876 0.0229585 0.0177045 0.0130848 0.00918471 0.00606503 0.0037321
 0.00819434 0.0132955 0.0199817 0.0281824 0.0376242 0.0476924 0.0573911 0.0655723 0.0713402 0.0743238 0.0746413 0.0726741 0.068874 0.063687 0.0575389 0.0508253 0.0438923 0.0370224 0.0304329 0.024286 0.0187091 0.0138111 0.00968504 0.0063911 0.00393133
 0.00811223 0.0131519 0.0197432 0.0278021 0.0370405 0.0468349 0.0561995 0.0640276 0.069502 0.0723548 0.0727968 0.0712488 0.0681199 0.0637374 0.0583711 0.0522746 0.0457084 0.0389409 0.0322351 0.0258314 0.0199368 0.0147225 0.0103195 0.00680487 0.00418303
 0.00841507 0.0136321 0.0204395 0.0287324 0.0381852 0.0481168 0.057468 0.065067 0.0700738 0.0722676 0.0719775 0.0697837 0.0662478 0.0617892 0.0566764 0.0510684 0.0450763 0.0388227 0.0324764 0.0262529 0.0203901 0.0151157 0.0106155 0.00700436 0.00430518
 0.00863646 0.0140208 0.0210758 0.0297026 0.0395548 0.0498888 0.0595452 0.0672431 0.0720651 0.0737732 0.0727454 0.0696667 0.0652409 0.0600423 0.0544695 0.0487462 0.0429586 0.0371257 0.0312772 0.0255069 0.0199835 0.0149229 0.0105364 0.00697602 0.0042958
 0.0088951 0.0144496 0.021737 0.0306605 0.0408631 0.0515694 0.0615622 0.0694855 0.0743473 0.0758558 0.0743692 0.0705969 0.0653155 0.0592153 0.0528342 0.0465265 0.040463 0.0346743 0.0291259 0.023799 0.0187449 0.0140938 0.0100186 0.0066714 0.00412591
 0.00863124 0.0140603 0.0212277 0.0300706 0.0402664 0.0510685 0.0612793 0.0695443 0.0748424 0.0768139 0.0757195 0.0721666 0.0668594 0.0604724 0.0535967 0.0466971 0.0400808 0.0338956 0.0281671 0.0228649 0.017974 0.0135398 0.00966662 0.00647142 0.0040232
 0.00861552 0.0139943 0.0210566 0.0297258 0.0396925 0.0502625 0.0603208 0.0685938 0.0741022 0.0764683 0.0758803 0.0728428 0.0679528 0.0617971 0.0549191 0.0477926 0.0407934 0.0341776 0.0280814 0.0225477 0.0175763 0.0131774 0.0093971 0.00630138 0.00393056
 0.00875904 0.0142196 0.0213769 0.0301375 0.0401647 0.0507274 0.0606768 0.0687317 0.0739523 0.0760465 0.0753001 0.0722794 0.0675743 0.0616991 0.0550914 0.0481308 0.0411449 0.034403 0.0281048 0.0223751 0.0172774 0.0128441 0.00910401 0.00608539 0.0037936
 0.0089646 0.0145554 0.0218834 0.0308485 0.0410937 0.0518485 0.0619064 0.0699263 0.0749326 0.0766432 0.0754077 0.0718942 0.0668009 0.0607171 0.0540931 0.0472565 0.0404463 0.0338509 0.0276307 0.021921 0.0168254 0.012415 0.00873441 0.00580229 0.0036019
 0.00826287 0.0134665 0.0203474 0.0288606 0.0387227 0.0492539 0.0593448 0.0677228 0.0734052 0.0760057 0.0757014 0.0729881 0.0684544 0.0626678 0.0561268 0.0492339 0.0422883 0.0355059 0.0290527 0.0230705 0.0176859 0.0130048 0.00910272 0.00601223 0.00371216
 0.00812584 0.0131672 0.0197584 0.0278242 0.0371 0.0469997 0.0565722 0.0647147 0.0705575 0.0737261 0.0743081 0.0726419 0.0691363 0.0642017 0.0582392 0.0516291 0.0447112 0.0377721 0.0310462 0.0247279 0.0189832 0.0139537 0.00974603 0.00641428 0.00394316
 0.00839973 0.0135999 0.0203778 0.0286253 0.0380197 0.0478927 0.057211 0.0648385 0.0699694 0.0723964 0.072421 0.0705486 0.067237 0.0628176 0.0575302 0.0515809 0.0451811 0.0385597 0.0319571 0.025611 0.0197424 0.0145436 0.0101622 0.0066804 0.00409687
#pred catch len freq
