SBPRF35
9.48754
Curr Bio
598694
B35
748215
F35
0.19107
FOFL
0.154476
OFL
76424.1
Bzero
2.71073e+006
#pred survey bio
 4.31494e+006 4.11839e+006 3.92351e+006 3.68457e+006 3.41005e+006 3.10934e+006 2.81834e+006 2.48932e+006 2.22679e+006 1.97054e+006 1.7546e+006 1.57037e+006 1.36082e+006 1.17715e+006 1.04283e+006 950045 852990 777636 725155 678004 660480 636481 628641 617736 609959 598092 601296 598322 587761 583154 584662 579799 580207 569227 562560 547360 540031 532377 533338 529615 537233 546645 552911 559047 563831 569585 564697 562807 562365 565915 577681 567055 527072 586985 603580 2.15805e+007 1.2717e+007 1.28086e+007 1.35232e+007 1.46258e+007 1.58525e+007 1.70214e+007 1.80382e+007 1.88721e+007 1.95293e+007 2.00334e+007 2.04132e+007 2.06959e+007 2.09048e+007 2.10588e+007 2.11723e+007 2.1256e+007 2.1318e+007 2.13641e+007 2.13986e+007 2.14245e+007 2.14441e+007 2.1459e+007 2.14704e+007 2.14791e+007 2.14859e+007 2.14911e+007 2.14951e+007 2.14982e+007 2.15007e+007 2.15026e+007 2.15041e+007 2.15053e+007 2.15062e+007 2.15069e+007 2.15075e+007 2.1508e+007 2.15083e+007 2.15086e+007 2.15088e+007 2.1509e+007 2.15092e+007 2.15093e+007 2.15094e+007 2.15094e+007 2.15095e+007 2.15095e+007 2.15096e+007 2.15096e+007 2.15096e+007 2.15096e+007 2.15096e+007 2.15097e+007 2.15097e+007 2.15097e+007 2.15097e+007 2.15097e+007 2.15097e+007 2.15097e+007 2.15097e+007 2.15097e+007 2.15097e+007 2.15097e+007 2.15097e+007 2.15097e+007 2.15097e+007 2.15097e+007 2.15097e+007 2.15097e+007 2.15097e+007 2.15097e+007 2.15097e+007 2.15097e+007 2.15097e+007 2.15097e+007 2.15097e+007 2.15097e+007 2.15097e+007 2.15097e+007 2.15097e+007 2.15097e+007 2.15097e+007 2.15097e+007 2.15097e+007 2.15097e+007 2.15097e+007 2.15097e+007 2.15097e+007 2.15097e+007 2.15097e+007 2.15097e+007 2.15097e+007 2.15097e+007 2.15097e+007 2.15097e+007 2.15097e+007 2.15097e+007 2.15097e+007 2.15097e+007 2.15097e+007 0 0 0 0 0 0 0 0 0 0 0 0 0 0 0 0 0 0 0 0 0 0 0 0 0
#obs survey bio
 3.61266e+006 3.35282e+006 3.79115e+006 2.90716e+006 4.20754e+006 2.54289e+006 3.00543e+006 1.66402e+006 2.3274e+006 1.25882e+006 1.8276e+006 1.36394e+006 969831 990955 752710 676738 614902 676395 780074 639840 506188 656338 430217 758525 500878 473107 492247 614206 562733 588753 440709 542738 601850 590509 610279 621598 523787 864566 546612 339936 361739 633604 488686 559385 597032 673003 339196 523337 657546 490049 833725 479391 506386 492939 642186
#pred catch bio
 109457 108619 155575 201982 245280 259127 317929 280816 295418 276890 263603 296979 280639 241703 208859 212668 190222 165465 155541 126976 130570 115694 117616 113916 116097 102345 105948 109329 101314 94079.6 97665.7 91372 98445.5 91256.6 94738.1 86404 88763.9 85090.7 91973.4 84551.1 84963.8 88799.5 89633.1 91097.7 90177.7 98517 95277.6 93749.7 90146.4 83146.2 101026 122946 39394 77236 75849.2 76424.1 91098.9 90451.9 94109.8 101226 109501 117384 124138 129550 133688 136748 138953 140512 141597 142344 142852 143196 143428 143583 143686 143754 143800 143830 143850 143863 143871 143877 143881 143883 143885 143886 143886 143887 143887 143887 143887 143888 143888 143888 143888 143888 143888 143888 143888 143888 143888 143888 143888 143888 143888 143888 143888 143888 143888 143888 143888 143888 143888 143888 143888 143888 143888 143888 143888 143888 143888 143888 143888 143888 143888 143888 143888 143888 143888 143888 143888 143888 143888 143888 143888 143888 143888 143888 143888 143888 143888 143888 143888 143888 143888 143888 143888 143888 143888 143888 143888 143888 143888 143888 143888 0 0 0 0 0 0 0 0 0 0 0 0 0 0 0 0 0 0 0 0 0 0 0 0 0
#obs catch bio
 0 108438 156020 202924 246850 260631 321868 284373 299737 280501 266590 304046 287101 248037 214606 220111 197119 169367 158421 128024 132957 117140 120109 115516 118347 104262 108011 110805 102359 94868.5 98465.9 92062 99530.7 91869 95397.5 86657.1 88866.4 84658 91772.1 84746.4 85279.4 88942.5 89942.4 91419.2 90256.8 98355.6 95444.4 93744.2 90478.8 83107 100386 123877 38809.1 77652.9 75824.2
#pred cpue bio
 4.25361e+006 4.06065e+006 3.86902e+006 3.6317e+006 3.35828e+006 3.0589e+006 2.76911e+006 2.44186e+006 2.1806e+006 1.92596e+006 1.71118e+006 1.52785e+006 1.32025e+006 1.13857e+006 1.00561e+006 913741 818498 745274 694779 649387 632427 609027 601303 590711 583261 571815 575145 572800 563114 559058 560861 556384 557079 546874 541032 526810 519368 510711 510645 506648 513936 523103 529236 535211 539949 545735 541108 539256 538832 542408 554120 544036 505030 563322 580516 2.08202e+007 1.22901e+007 1.226e+007 1.28188e+007 1.38608e+007 1.50716e+007 1.6237e+007 1.72531e+007 1.80868e+007 1.8744e+007 1.92482e+007 1.96279e+007 1.99106e+007 2.01196e+007 2.02736e+007 2.0387e+007 2.04708e+007 2.05328e+007 2.05789e+007 2.06133e+007 2.06393e+007 2.06589e+007 2.06738e+007 2.06851e+007 2.06939e+007 2.07006e+007 2.07058e+007 2.07098e+007 2.0713e+007 2.07154e+007 2.07173e+007 2.07188e+007 2.072e+007 2.07209e+007 2.07217e+007 2.07222e+007 2.07227e+007 2.07231e+007 2.07233e+007 2.07236e+007 2.07237e+007 2.07239e+007 2.0724e+007 2.07241e+007 2.07242e+007 2.07242e+007 2.07243e+007 2.07243e+007 2.07243e+007 2.07243e+007 2.07244e+007 2.07244e+007 2.07244e+007 2.07244e+007 2.07244e+007 2.07244e+007 2.07244e+007 2.07244e+007 2.07244e+007 2.07244e+007 2.07244e+007 2.07244e+007 2.07244e+007 2.07244e+007 2.07244e+007 2.07244e+007 2.07244e+007 2.07244e+007 2.07244e+007 2.07244e+007 2.07244e+007 2.07244e+007 2.07244e+007 2.07244e+007 2.07244e+007 2.07244e+007 2.07244e+007 2.07244e+007 2.07244e+007 2.07244e+007 2.07244e+007 2.07244e+007 2.07244e+007 2.07244e+007 2.07244e+007 2.07244e+007 2.07244e+007 2.07244e+007 2.07244e+007 2.07244e+007 2.07244e+007 2.07244e+007 2.07244e+007 2.07244e+007 2.07244e+007 2.07244e+007 2.07244e+007 2.07244e+007 2.07244e+007 2.07244e+007 0 0 0 0 0 0 0 0 0 0 0 0 0 0 0 0 0 0 0 0 0 0 0 0 0
#obs cpue bio
 3.57102e+006 3.14479e+006 3.22777e+006 3.21905e+006 2.5935e+006 3.00427e+006 2.17316e+006 1.86824e+006 2.2326e+006 2.76234e+006 1.51435e+006 879449 1.49676e+006 718500 740737 741284 597819 975954 697726 768085 432739 537112 421994 560456 438200 411509 574574 745118 550743 491041 772145 458897 451646 536391 526429 499926 681301 477740 474842 475123 664468 544139 484532 518954 565524 643385 641034 675241 337494 696081 740218 475286 669845 493905 576043
#pred surv len freq
 0.00485799 0.00789928 0.011911 0.0168818 0.0226965 0.0290563 0.03545 0.0412786 0.0460793 0.049678 0.0521688 0.0537824 0.0547651 0.0553151 0.0555591 0.0555487 0.0552725 0.0546698 0.0536238 0.0519257 0.0492514 0.0452282 0.0396299 0.0326192 0.0248516
 0.00500621 0.00805812 0.0120032 0.0167973 0.022338 0.0284006 0.034588 0.0403953 0.0453755 0.0492773 0.0520675 0.0538703 0.0548965 0.0553872 0.0555572 0.055545 0.0553827 0.0549897 0.0541728 0.0526269 0.0499603 0.0457967 0.0399704 0.0327321 0.0248052
 0.00527649 0.00847871 0.0125948 0.01755 0.0231948 0.0292467 0.0352593 0.0407231 0.0452596 0.0487467 0.0512776 0.0530282 0.0541606 0.0548104 0.0551057 0.0551658 0.0550624 0.0547648 0.0540911 0.0526962 0.050125 0.045961 0.0400497 0.0326945 0.0246767
 0.00548591 0.00882892 0.0131392 0.0183419 0.024272 0.0306057 0.0368275 0.0423454 0.0467163 0.0498054 0.0517662 0.0528961 0.0534957 0.0537942 0.0539337 0.0539809 0.0539396 0.0537374 0.053181 0.0519192 0.0494775 0.0454141 0.0395653 0.032251 0.0242801
 0.00571306 0.00919128 0.0136731 0.0190809 0.0252452 0.031833 0.0383076 0.0440388 0.0485294 0.0515839 0.0533064 0.0539823 0.0539593 0.0535711 0.0530869 0.0526718 0.0523655 0.0520723 0.0515486 0.0503951 0.0481027 0.0442074 0.0385332 0.0313962 0.023605
 0.00599753 0.00964151 0.0143281 0.0199693 0.0263818 0.0332131 0.0399012 0.0457893 0.0503594 0.0534022 0.0550073 0.0554373 0.0550158 0.0540749 0.052927 0.0518263 0.0509186 0.0501906 0.0494309 0.0482255 0.0460261 0.042327 0.0369174 0.0300842 0.0226075
 0.00626075 0.0100672 0.0149646 0.0208595 0.0275551 0.0346726 0.0416106 0.0476701 0.0523041 0.055297 0.0567499 0.0569394 0.056192 0.0548294 0.0531539 0.0514331 0.0498644 0.0485191 0.047276 0.0457844 0.0435172 0.0399499 0.0348275 0.0283794 0.0213229
 0.00658611 0.0105888 0.0157361 0.0219265 0.0289477 0.0363927 0.0436181 0.0498758 0.0545789 0.0574942 0.0587293 0.0585849 0.0574166 0.0555691 0.0533549 0.0510425 0.048838 0.0468476 0.0450183 0.0430858 0.0405977 0.0370647 0.0322145 0.0262114 0.0196798
 0.0068687 0.0110374 0.0163917 0.0228223 0.0301057 0.0378182 0.0452909 0.051744 0.0565605 0.0594862 0.0606187 0.0602584 0.0587686 0.0565082 0.0538058 0.050944 0.048142 0.0455287 0.043097 0.0406565 0.037841 0.0342289 0.0295637 0.0239619 0.017951
 0.00726692 0.011658 0.0172758 0.0239903 0.031555 0.0395212 0.0471901 0.0537525 0.0585725 0.0613951 0.0623321 0.0617015 0.0598795 0.0572305 0.054085 0.0507271 0.0473812 0.0441919 0.0411872 0.0382394 0.0350664 0.0313262 0.0268009 0.0215785 0.0160949
 0.00761758 0.0122204 0.0181071 0.0251359 0.0330375 0.0413242 0.0492442 0.0559345 0.0607281 0.0633742 0.064018 0.063022 0.0607987 0.0577333 0.0541605 0.0503579 0.0465405 0.0428523 0.0393414 0.0359301 0.0324127 0.0285282 0.0241084 0.0192281 0.0142444
 0.00783637 0.0125873 0.0186803 0.025977 0.0341994 0.0428307 0.0510685 0.0579899 0.0628771 0.0654543 0.0658712 0.0645189 0.0618538 0.0583071 0.0542494 0.0499754 0.0456999 0.0415597 0.0376065 0.033792 0.0299692 0.0259486 0.0216125 0.017033 0.0125021
 0.00820376 0.0131674 0.0195218 0.0271153 0.0356522 0.044591 0.0530934 0.0601926 0.0651308 0.0676069 0.0677668 0.0660176 0.0628496 0.0587397 0.0541072 0.0492862 0.044513 0.0399294 0.0355872 0.0314504 0.0274079 0.0233215 0.0191139 0.014855 0.0107794
 0.00862609 0.0138304 0.0204752 0.0283881 0.0372471 0.0464765 0.0551955 0.0623953 0.0672918 0.0695836 0.0694374 0.0672887 0.0636536 0.0590324 0.0538688 0.0485242 0.0432617 0.0382436 0.0335374 0.029124 0.0249187 0.0208173 0.0167671 0.0128293 0.00918616
 0.00893334 0.0143213 0.0211975 0.0293795 0.0385266 0.0480329 0.0569747 0.0642979 0.0691869 0.071335 0.0709276 0.0684311 0.064393 0.0593383 0.0537287 0.0479396 0.0422485 0.0368353 0.0317888 0.0271159 0.0227615 0.0186501 0.0147437 0.0110898 0.00782233
 0.00892866 0.0143511 0.0213117 0.0296489 0.0390268 0.0488176 0.0580517 0.0656198 0.0706613 0.0728459 0.0723557 0.0696698 0.0653566 0.0599662 0.0539849 0.0478089 0.0417329 0.0359533 0.030579 0.0256431 0.0211213 0.0169656 0.013151 0.009711 0.0067373
 0.00886074 0.0142718 0.0212518 0.0296612 0.0391787 0.0491757 0.0586637 0.0664992 0.0717782 0.0741248 0.0736851 0.0709206 0.0664082 0.060727 0.054401 0.0478611 0.0414271 0.0353133 0.0296444 0.0244728 0.019798 0.0155951 0.0118493 0.00858221 0.00584885
 0.00885895 0.0142542 0.0212004 0.0295564 0.0390123 0.0489684 0.0584755 0.0664222 0.0719094 0.0745298 0.0743703 0.0718268 0.0674251 0.0617213 0.0552458 0.0484582 0.0417178 0.0352782 0.0292987 0.0238617 0.0189934 0.0146903 0.0109472 0.00777588 0.00520186
 0.00894241 0.0143639 0.0213169 0.0296437 0.0390257 0.0488698 0.0582499 0.0660899 0.0715309 0.0741985 0.0741919 0.0718878 0.0677606 0.0622976 0.0559674 0.0491954 0.042342 0.0356909 0.0294479 0.0237445 0.0186511 0.0141966 0.010392 0.00724486 0.00475782
 0.0092486 0.014811 0.021894 0.0303044 0.0396961 0.0494643 0.0586875 0.066307 0.0714932 0.0739142 0.0737194 0.0713289 0.0672362 0.0619123 0.0557769 0.0491904 0.0424554 0.0358253 0.0295096 0.0236726 0.0184309 0.0138576 0.00999245 0.00685059 0.00442119
 0.00930185 0.0149067 0.0220533 0.0305473 0.0400312 0.0498742 0.0591201 0.0666823 0.0717266 0.0739477 0.0735427 0.0709833 0.0668014 0.0614841 0.0554421 0.0490032 0.0424223 0.0359045 0.0296283 0.0237547 0.0184251 0.0137515 0.0098102 0.00663638 0.0042191
 0.00944606 0.0151241 0.0223494 0.0309178 0.0404652 0.0503584 0.0596381 0.0672076 0.0722151 0.0743362 0.0737615 0.070979 0.0665603 0.0610439 0.0548836 0.048425 0.0419097 0.035505 0.0293434 0.0235507 0.0182557 0.0135819 0.00962952 0.00645534 0.00405746
 0.00940369 0.01507 0.0222952 0.0308831 0.0404716 0.0504218 0.0597624 0.0673853 0.0724329 0.074579 0.0740108 0.0712076 0.0667317 0.0611219 0.0548493 0.0482894 0.0417121 0.0352959 0.029162 0.0234114 0.0181494 0.0134893 0.00953642 0.00635995 0.00396777
 0.00938975 0.0150478 0.0222634 0.0308427 0.0404283 0.0503877 0.0597557 0.0674257 0.0725334 0.0747394 0.0742152 0.0714286 0.0669379 0.061283 0.0549407 0.0482979 0.041641 0.0351662 0.0290052 0.0232569 0.0180144 0.013377 0.00944222 0.00627948 0.00390035
 0.00940819 0.0150694 0.0222804 0.030843 0.0403995 0.0503224 0.0596577 0.0673115 0.0724293 0.0746741 0.0742112 0.071495 0.0670662 0.0614493 0.0551123 0.0484422 0.0417346 0.0352001 0.0289862 0.0232022 0.0179436 0.0133051 0.00937718 0.00622408 0.0038554
 0.00934292 0.0149872 0.0222002 0.0307948 0.0404134 0.0504128 0.0598119 0.0674921 0.0725903 0.0747813 0.0742555 0.071491 0.0670409 0.0614275 0.055106 0.0484483 0.0417396 0.0351892 0.0289506 0.0231429 0.0178695 0.0132279 0.00930676 0.00616607 0.00381144
 0.00908819 0.0145993 0.0216671 0.0301284 0.0396518 0.0496209 0.0590765 0.0669088 0.0722394 0.0747017 0.0744334 0.0718711 0.067552 0.0620057 0.0557043 0.0490338 0.0422866 0.035675 0.0293571 0.0234608 0.0181 0.0133821 0.00940116 0.00621817 0.0038366
 0.00897809 0.0144132 0.0213751 0.0297011 0.0390708 0.0488933 0.0582486 0.0660672 0.0714948 0.0741613 0.0741722 0.0719139 0.0678718 0.0625366 0.0563636 0.0497428 0.0429828 0.0363147 0.0299124 0.0239159 0.0184507 0.0136343 0.00956925 0.00632132 0.00389439
 0.0089965 0.0144326 0.0213834 0.0296777 0.0389878 0.0487207 0.0579617 0.0656572 0.0709789 0.0735887 0.0736199 0.0714706 0.0676124 0.0625001 0.0565435 0.0500939 0.0434386 0.0368072 0.0303856 0.0243314 0.0187876 0.0138872 0.00974456 0.00643288 0.00395918
 0.00899119 0.0144195 0.0213553 0.029624 0.0388961 0.0485789 0.0577605 0.0653916 0.0706503 0.0732075 0.0732099 0.0710723 0.0672802 0.0622917 0.0565024 0.0502338 0.0437381 0.0372161 0.0308407 0.0247737 0.0191738 0.0141942 0.00996767 0.00658127 0.00404922
 0.00895834 0.0143632 0.0212653 0.0294893 0.0387076 0.0483333 0.0574643 0.0650614 0.0703088 0.0728779 0.0729116 0.0708206 0.0670902 0.0621817 0.0564941 0.0503464 0.0439771 0.0375657 0.0312631 0.0252178 0.0195895 0.0145446 0.0102352 0.00676675 0.00416595
 0.00887784 0.0142517 0.0211329 0.0293556 0.0385946 0.0482538 0.0574142 0.0650211 0.070253 0.0727876 0.0727821 0.0706614 0.0669205 0.0620254 0.0563768 0.0502927 0.0440073 0.0376887 0.0314706 0.0254834 0.0198753 0.0148122 0.0104569 0.00693039 0.00427408
 0.00865567 0.0139174 0.020681 0.0288022 0.0379763 0.0476237 0.0568356 0.0645577 0.0699542 0.0726736 0.0728382 0.0708466 0.0671858 0.0623305 0.0566982 0.0506233 0.0443503 0.0380496 0.0318496 0.0258705 0.0202496 0.0151482 0.010733 0.00713643 0.00441285
 0.00847829 0.0136461 0.0203049 0.0283246 0.0374152 0.0470118 0.0562205 0.063999 0.0695144 0.0724037 0.0727636 0.0709607 0.0674535 0.0627005 0.0571189 0.0510552 0.0447717 0.0384541 0.0322381 0.0262421 0.0205968 0.0154573 0.0109896 0.00733171 0.00454767
 0.00840623 0.0135102 0.0200669 0.0279405 0.0368496 0.0462594 0.055323 0.063046 0.0686237 0.0716899 0.0723109 0.0708094 0.0675989 0.0631 0.0577043 0.0517489 0.0455021 0.039167 0.0328992 0.0268333 0.0211082 0.0158826 0.0113251 0.007579 0.00471555
 0.0091005 0.014487 0.0212544 0.0291724 0.0379071 0.046941 0.0555059 0.0627108 0.0678423 0.0705972 0.0710729 0.0695925 0.0665416 0.0622915 0.0571769 0.0514847 0.0454499 0.0392625 0.0330818 0.027055 0.0213356 0.0160935 0.0115053 0.00772061 0.00481714
 0.00972336 0.0154664 0.0226581 0.0310184 0.0401337 0.0493768 0.0578599 0.0646142 0.0689512 0.0707129 0.070212 0.0679678 0.064473 0.0601031 0.0551235 0.0497231 0.0440438 0.0382061 0.0323288 0.0265439 0.0210061 0.0158944 0.0113953 0.00766751 0.00479667
 0.00974671 0.0155863 0.0229893 0.0317158 0.0413496 0.0511915 0.0602148 0.0672859 0.0715832 0.072896 0.0715877 0.0683218 0.0637907 0.0585644 0.0530378 0.0474324 0.0418371 0.0362729 0.0307556 0.0253386 0.0201303 0.0152895 0.0109998 0.0074245 0.00465781
 0.00957767 0.015334 0.0226576 0.0313393 0.0410055 0.0510052 0.0603489 0.0678987 0.0727594 0.0745772 0.0735464 0.0702085 0.0652396 0.0593118 0.0529998 0.0467117 0.0406648 0.0349187 0.0294484 0.0242239 0.0192675 0.0146742 0.0105925 0.00717392 0.0045149
 0.00956475 0.0153038 0.0225955 0.0312282 0.040833 0.050777 0.0601031 0.0677138 0.0727474 0.0748558 0.0741919 0.0712039 0.0664476 0.0604975 0.0539041 0.0471446 0.0405715 0.0343854 0.0286521 0.0233583 0.0184829 0.0140518 0.0101501 0.00688867 0.00434716
 0.00946692 0.0151546 0.0223892 0.0309649 0.0405176 0.0504176 0.0597127 0.0673167 0.0723865 0.0745974 0.0741202 0.0714002 0.0669546 0.0612828 0.0548462 0.0480595 0.0412748 0.0347607 0.0286884 0.0231376 0.0181317 0.0136871 0.0098463 0.0066729 0.0042129
 0.00941326 0.0150644 0.0222485 0.0307603 0.0402406 0.0500708 0.0593146 0.0669003 0.071993 0.074268 0.0738938 0.0713155 0.0670505 0.0615874 0.0553551 0.0487157 0.0419704 0.0353676 0.029106 0.0233298 0.0181314 0.0135693 0.00968974 0.00653228 0.00411173
 0.00939463 0.0150362 0.0222093 0.0307086 0.040173 0.0499806 0.059192 0.0667366 0.0717865 0.0740296 0.073648 0.0710977 0.0669011 0.0615452 0.0554484 0.0489507 0.0423191 0.0357672 0.0294755 0.0236 0.0182714 0.0135928 0.00963944 0.00645531 0.0040412
 0.00929862 0.0148985 0.0220361 0.0305173 0.0399873 0.0498217 0.0590717 0.0666543 0.0717317 0.0739869 0.0736039 0.0710471 0.0668518 0.0615179 0.0554709 0.0490479 0.0425006 0.0360185 0.0297574 0.0238612 0.0184687 0.0137073 0.00968006 0.00644826 0.0040145
 0.00921396 0.0147655 0.0218456 0.0302665 0.0396833 0.049485 0.0587373 0.0663663 0.0715307 0.0738953 0.0736181 0.0711414 0.0669922 0.0616769 0.055637 0.0492251 0.0427003 0.036247 0.030007 0.0241089 0.0186847 0.0138685 0.00977959 0.00649565 0.00402809
 0.00918949 0.0147171 0.0217571 0.0301181 0.0394574 0.049175 0.058356 0.0659489 0.0711286 0.0735644 0.0734041 0.0710681 0.0670565 0.0618528 0.0558867 0.0495128 0.0430015 0.0365488 0.0303013 0.0243854 0.0189285 0.0140646 0.00991982 0.00658283 0.00407399
 0.00926285 0.0148306 0.021916 0.0303203 0.0396902 0.0494126 0.0585595 0.066073 0.0711355 0.0734393 0.0731643 0.0707585 0.0667342 0.0615683 0.0556712 0.0493755 0.0429352 0.036539 0.030333 0.0244446 0.0190009 0.014136 0.00997887 0.0066236 0.004097
 0.00924723 0.0148148 0.0219098 0.0303386 0.0397487 0.0495208 0.058714 0.066254 0.0713097 0.073568 0.0732137 0.0707119 0.0665983 0.0613726 0.0554577 0.0491844 0.0427934 0.0364561 0.0303044 0.024457 0.0190384 0.0141835 0.010024 0.00665896 0.00412018
 0.00918648 0.0147239 0.0217884 0.0301934 0.0395936 0.0493763 0.0586049 0.0662044 0.0713355 0.0736681 0.0733672 0.0708821 0.0667456 0.0614684 0.0554939 0.0491737 0.0427611 0.0364281 0.0302977 0.0244764 0.0190783 0.0142331 0.0100725 0.00669869 0.00414814
 0.00908867 0.0145719 0.0215733 0.029913 0.0392548 0.0489971 0.0582164 0.0658499 0.0710629 0.0735187 0.0733635 0.0710208 0.0669979 0.0617878 0.05583 0.0494859 0.0430277 0.0366466 0.0304774 0.0246289 0.0192108 0.0143467 0.0101651 0.00676842 0.00419579
 0.00895959 0.0143652 0.0212685 0.0294952 0.0387199 0.0483589 0.0575133 0.065145 0.0704346 0.0730438 0.0731007 0.0709998 0.0672151 0.0622077 0.0563927 0.05012 0.0436653 0.0372364 0.0309901 0.0250545 0.0195517 0.0146106 0.0103608 0.00690557 0.00428523
 0.00909064 0.014558 0.0215202 0.0297871 0.039019 0.0486228 0.0576961 0.0652053 0.0703458 0.0728048 0.0727416 0.0705774 0.0667979 0.0618582 0.0561515 0.0499988 0.043649 0.0372933 0.0310849 0.0251589 0.0196486 0.0146924 0.0104254 0.00695365 0.00431857
 0.00939513 0.0150461 0.0222391 0.0307683 0.0402626 0.0500779 0.0592456 0.0666726 0.0715305 0.0735363 0.0729241 0.0702092 0.0659623 0.0606958 0.054825 0.0486592 0.0424111 0.036225 0.0302113 0.024475 0.0191335 0.0143199 0.0101689 0.00678734 0.00421819
 0.00839494 0.0135519 0.0202398 0.0283517 0.037605 0.0474159 0.0568471 0.0648038 0.0704091 0.0732767 0.0735036 0.0714785 0.0676969 0.0626609 0.0568257 0.0505638 0.0441478 0.0377637 0.0315422 0.0255949 0.0200422 0.0150231 0.0106825 0.00713807 0.00444027
 0.00777701 0.0125825 0.0188508 0.0265151 0.0353518 0.0448573 0.0541895 0.0623348 0.0684413 0.0720674 0.073188 0.0720454 0.0690092 0.0645017 0.0589531 0.0527575 0.0462407 0.0396512 0.0331734 0.0269546 0.0211347 0.0158636 0.0112956 0.00755738 0.00470645
#obs surv len freq
 nan nan nan nan nan nan nan nan nan nan nan nan nan nan nan nan nan nan nan nan nan nan nan nan nan
 0.00448653 0.00734901 0.0111804 0.0159984 0.0217008 0.0279778 0.0342928 0.0400242 0.0447028 0.0481647 0.05052 0.0520129 0.0529024 0.0534123 0.0537245 0.0539779 0.0542553 0.0545473 0.0546856 0.0542773 0.0527154 0.0493481 0.0437987 0.03628 0.0276651
 0.00461566 0.00756087 0.0115025 0.0164566 0.0223128 0.0287438 0.0351855 0.0409862 0.0456549 0.0490209 0.0512043 0.0524703 0.0531042 0.0533569 0.0534331 0.0534868 0.0536076 0.0537854 0.0538484 0.0534016 0.05184 0.0485157 0.043054 0.0356605 0.0271916
 0.00477981 0.00782926 0.0119093 0.0170347 0.0230875 0.0297223 0.0363461 0.0422728 0.0469822 0.0502882 0.0523102 0.0533253 0.0536406 0.0535351 0.0532451 0.0529546 0.0527759 0.0527133 0.0526019 0.0520511 0.0504606 0.047188 0.0418577 0.0346618 0.0264269
 0.00497134 0.008143 0.0123859 0.0177135 0.0239993 0.0308771 0.0377207 0.043806 0.0485826 0.0518492 0.053725 0.054496 0.0544825 0.0539821 0.0532553 0.0525152 0.0519061 0.0514626 0.051046 0.0502873 0.0486045 0.0453673 0.0401987 0.0332675 0.0253553
 0.00518259 0.00848809 0.0129086 0.0184559 0.0249945 0.032137 0.039223 0.0454891 0.0503524 0.0535962 0.0553395 0.0558773 0.0555425 0.054646 0.0534637 0.0522287 0.0511116 0.0501806 0.0493367 0.0482538 0.0463897 0.0431422 0.0381387 0.0315187 0.024003
 0.00540824 0.00885943 0.0134758 0.0192684 0.0260915 0.0335321 0.0408888 0.047352 0.0523041 0.0555143 0.0571074 0.0573937 0.0567229 0.0554201 0.0537729 0.052026 0.0503663 0.0488881 0.0475333 0.0460302 0.0438972 0.0405814 0.0357282 0.0294483 0.0223891
 0.00564493 0.00924623 0.0140619 0.0201018 0.0272104 0.0349516 0.0425862 0.0492599 0.0543182 0.057512 0.058966 0.0590038 0.0579931 0.0562778 0.0541608 0.051898 0.049687 0.0476399 0.045733 0.0437505 0.0412819 0.0378413 0.0331076 0.0271695 0.0205965
 0.00589945 0.0096626 0.0146933 0.0209991 0.0284124 0.0364695 0.0443876 0.0512646 0.0564097 0.0595607 0.06085 0.060619 0.0592557 0.0571213 0.0545328 0.0517564 0.0489982 0.0463834 0.0439165 0.0414327 0.0385952 0.0349941 0.0303544 0.024752 0.0186794
 0.00614746 0.0100681 0.0153079 0.0218726 0.0295835 0.037951 0.046151 0.0532338 0.0584712 0.0615851 0.0627126 0.0622133 0.0604975 0.0579477 0.0548975 0.0516234 0.0483382 0.0451767 0.0421658 0.0391869 0.0359731 0.0321923 0.0276222 0.0223336 0.0167478
 0.00638014 0.0104536 0.0159013 0.0227294 0.0307481 0.0394383 0.0479291 0.0552183 0.0605389 0.0635985 0.0645441 0.0637575 0.0616749 0.0587022 0.0551916 0.0514319 0.0476429 0.0439663 0.0404462 0.0370029 0.0334324 0.0294765 0.0249665 0.0199737 0.0148547
 0.00661153 0.0108308 0.0164714 0.0235376 0.0318302 0.0408084 0.0495646 0.0570532 0.0624698 0.0655018 0.0662949 0.0652448 0.0628106 0.0594246 0.055463 0.0512325 0.0469633 0.0428049 0.038816 0.0349489 0.031054 0.0269388 0.022484 0.0177635 0.013077
 0.00683685 0.0112009 0.0170352 0.0243423 0.0329108 0.0421726 0.0511777 0.0588348 0.064307 0.0672728 0.0678889 0.0665716 0.0638007 0.0600278 0.0556462 0.0509775 0.0462637 0.0416648 0.0372544 0.0330131 0.0288376 0.0245911 0.0201971 0.0157316 0.0114431
 0.00706451 0.0115742 0.0176025 0.02515 0.0339937 0.0435378 0.0527896 0.0606095 0.0661244 0.0690003 0.0694054 0.0677828 0.0646441 0.0604699 0.0556752 0.0505951 0.0454786 0.0404914 0.035718 0.0311625 0.0267602 0.0224211 0.0181035 0.013883 0.00996246
 0.00727626 0.0119213 0.01813 0.0259013 0.0350011 0.0448088 0.0542921 0.0622667 0.0678254 0.0706207 0.0708281 0.0689123 0.0654133 0.0608416 0.0556394 0.0501619 0.04467 0.0393357 0.0342513 0.0294378 0.0248601 0.0204644 0.0162356 0.0122464 0.00865857
 0.00743083 0.0121791 0.0185304 0.0264846 0.0358011 0.0458391 0.0555327 0.0636591 0.0692803 0.0720346 0.0721001 0.0699546 0.066158 0.061243 0.0556754 0.0498315 0.0439897 0.0383347 0.0329705 0.0279336 0.0232122 0.0187792 0.0146375 0.0108539 0.00755413
 0.00751821 0.0123198 0.0187403 0.0267802 0.036199 0.0463547 0.0561761 0.0644294 0.0701599 0.0729863 0.0730676 0.0708682 0.0669424 0.0618283 0.0560048 0.0498679 0.0437172 0.037759 0.0321185 0.0268541 0.0219781 0.0174865 0.013395 0.00976313 0.00668531
 0.00759594 0.012441 0.0189133 0.0270095 0.0364856 0.0466964 0.0565677 0.0648642 0.070632 0.0734916 0.0736016 0.0714185 0.0674822 0.062314 0.056381 0.0500771 0.043712 0.0375113 0.0316259 0.0261435 0.0211057 0.0165336 0.0124561 0.00892678 0.00601335
 0.00768772 0.0125842 0.0191171 0.0272777 0.0368151 0.0470757 0.0569764 0.0652747 0.0710166 0.0738307 0.0738896 0.0716631 0.0676959 0.0625031 0.0565364 0.050172 0.0437068 0.0373659 0.0313132 0.0256616 0.0204839 0.01583 0.0117461 0.00828436 0.00549219
 0.00771186 0.0126231 0.0191751 0.0273587 0.0369222 0.0472101 0.0571364 0.0654554 0.0712102 0.0740287 0.0740849 0.0718516 0.0678771 0.0626776 0.0567017 0.0503164 0.0438068 0.0373888 0.0312265 0.0254459 0.0201444 0.0154001 0.0112805 0.00784313 0.00512295
 0.00777106 0.012709 0.0192854 0.0274849 0.0370525 0.0473341 0.0572484 0.0655549 0.0713001 0.0741127 0.0741657 0.0719305 0.0679543 0.0627531 0.0567742 0.0503821 0.0438556 0.0374029 0.0311829 0.0253244 0.0199384 0.0151234 0.0109666 0.00753491 0.00485808
 0.00781465 0.0127741 0.0193723 0.0275892 0.037165 0.0474422 0.0573379 0.0656137 0.0713222 0.0741022 0.0741365 0.0719013 0.0679416 0.0627658 0.0568122 0.0504376 0.0439157 0.0374506 0.0311988 0.0252906 0.0198444 0.0149729 0.0107786 0.00733831 0.00468151
 0.00784483 0.0128218 0.0194412 0.027681 0.0372782 0.0475706 0.0574696 0.0657319 0.0714092 0.0741449 0.0741312 0.0718558 0.0678725 0.0626931 0.056753 0.0504009 0.0439008 0.0374478 0.0311928 0.0252647 0.0197861 0.0148793 0.0106582 0.00720864 0.00456185
 0.00786444 0.0128496 0.0194758 0.0277188 0.0373151 0.047604 0.0574995 0.0657604 0.0714378 0.0741724 0.0741533 0.0718667 0.0678692 0.0626771 0.056731 0.050382 0.0438917 0.0374492 0.0311984 0.0252636 0.0197672 0.0148368 0.0105944 0.00713344 0.00448821
 0.00786718 0.0128519 0.0194752 0.0277116 0.0372971 0.047572 0.0574533 0.0657038 0.0713788 0.0741214 0.0741205 0.0718588 0.0678864 0.0627143 0.0567805 0.0504369 0.0439479 0.0375043 0.0312493 0.0253048 0.0197922 0.0148409 0.0105779 0.00710203 0.00445103
 0.00788977 0.0128838 0.0195139 0.0277517 0.037331 0.0475919 0.0574537 0.065682 0.0713358 0.0740625 0.0740541 0.0717957 0.0678371 0.0626861 0.0567753 0.0504518 0.0439769 0.0375408 0.031287 0.0253381 0.019816 0.0148515 0.0105747 0.00708772 0.00443099
 0.00786937 0.012852 0.0194685 0.0276915 0.0372558 0.0475028 0.0573533 0.0655756 0.0712311 0.0739689 0.0739817 0.071753 0.0678299 0.0627162 0.0568401 0.0505449 0.0440886 0.0376602 0.0314033 0.025442 0.0199008 0.0149134 0.0106136 0.00710701 0.00443637
 0.00788377 0.0128687 0.0194814 0.027691 0.0372316 0.0474486 0.0572698 0.0654709 0.0711179 0.07386 0.0738876 0.0716813 0.0677856 0.0627027 0.0568588 0.050594 0.0441633 0.0377522 0.0315026 0.0255382 0.019985 0.0149798 0.01066 0.00713509 0.00445024
 0.00786781 0.0128468 0.0194555 0.0276643 0.0372066 0.0474239 0.0572395 0.0654263 0.0710529 0.0737757 0.0737937 0.0715927 0.0677174 0.0626654 0.0568567 0.0506262 0.0442249 0.0378357 0.0315986 0.0256363 0.0200755 0.0150554 0.0107168 0.00717305 0.00447253
 0.00787939 0.0128568 0.0194549 0.0276404 0.0371478 0.0473264 0.0571114 0.0652862 0.0709219 0.0736692 0.0737172 0.0715445 0.0676941 0.0626656 0.0568818 0.0506775 0.0443012 0.0379322 0.0317073 0.0257476 0.0201798 0.0151446 0.0107863 0.00722203 0.00450347
 0.00786762 0.012842 0.0194399 0.0276289 0.0371414 0.0473212 0.0570967 0.0652486 0.0708527 0.0735711 0.0736051 0.071439 0.0676131 0.0626187 0.0568705 0.0506986 0.0443497 0.0380027 0.0317933 0.025841 0.0202717 0.0152268 0.010853 0.00727097 0.00453578
 0.00782622 0.0127739 0.0193367 0.0274841 0.0369537 0.0470987 0.056859 0.0650231 0.0706668 0.0734426 0.0735385 0.0714291 0.0676519 0.0626996 0.0569882 0.0508469 0.0445203 0.0381854 0.0319775 0.0260166 0.0204298 0.0153603 0.0109579 0.00734694 0.00458602
 0.00778883 0.0127115 0.0192399 0.0273434 0.036762 0.0468548 0.0565724 0.0647156 0.0703701 0.0731918 0.0733641 0.0713495 0.0676696 0.0628037 0.0571597 0.0510646 0.044765 0.0384404 0.0322283 0.0262507 0.0206366 0.0155324 0.0110918 0.00744339 0.00464985
 0.00776323 0.0126674 0.019169 0.0272362 0.03661 0.0466539 0.0563257 0.0644359 0.0700783 0.0729149 0.0731305 0.0711855 0.067595 0.0628268 0.0572759 0.0512577 0.0450115 0.038715 0.0325078 0.0265157 0.0208724 0.0157293 0.0112451 0.00755403 0.00472327
 0.00773727 0.012624 0.0191014 0.0271372 0.0364734 0.0464763 0.0561096 0.0641902 0.0698184 0.0726602 0.0729025 0.0710055 0.067482 0.0627952 0.0573321 0.0513983 0.0452227 0.0389749 0.0327903 0.0267955 0.0211282 0.0159461 0.0114155 0.00767776 0.00480573
 0.00931516 0.0148319 0.0217642 0.0298717 0.0387992 0.0479941 0.0566414 0.0638058 0.0687534 0.0711958 0.0712778 0.0693862 0.0659682 0.0614426 0.0561694 0.0504365 0.0444598 0.0383974 0.0323756 0.0265146 0.0209502 0.0158418 0.01136 0.00765163 0.00479547
 0.00929815 0.0150967 0.0226781 0.0318899 0.0422666 0.0528773 0.0623584 0.0693215 0.0729466 0.0733015 0.0711392 0.0673969 0.0628001 0.0577589 0.0524611 0.0469959 0.0414281 0.0358253 0.0302647 0.0248403 0.0196716 0.0149074 0.0107114 0.00722761 0.00453674
 0.00894702 0.0145442 0.0219023 0.0309399 0.0413157 0.0522599 0.0625307 0.0706994 0.0756594 0.0770072 0.0750663 0.0706376 0.0646894 0.0581051 0.051517 0.0452467 0.0393616 0.0337983 0.0284785 0.0233766 0.0185395 0.0140777 0.0101366 0.0068535 0.00430969
 0.00879855 0.01429 0.0214967 0.0303349 0.0404795 0.0512092 0.061373 0.0696616 0.0750702 0.0772065 0.076252 0.0727203 0.0672585 0.0605619 0.0533183 0.046114 0.0393378 0.0331485 0.0275303 0.0223966 0.0176872 0.0134165 0.00966756 0.00654632 0.00412372
 0.00872611 0.0141674 0.0213023 0.0300431 0.0400629 0.0506456 0.060657 0.0688217 0.0741878 0.0764298 0.0757868 0.0727777 0.0679615 0.0618547 0.0549429 0.0476942 0.0405327 0.0337849 0.0276367 0.0221394 0.0172668 0.0129894 0.00931887 0.00630041 0.00396939
 0.00868014 0.0140938 0.021193 0.0298901 0.039858 0.05038 0.0603226 0.0684138 0.0737104 0.0759054 0.0752694 0.072362 0.0677732 0.0620101 0.0554876 0.0485543 0.0415217 0.0346743 0.0282528 0.0224259 0.0172801 0.0128438 0.00912431 0.0061275 0.00384568
 0.00869723 0.0141145 0.0212112 0.0298951 0.039837 0.0503216 0.0602193 0.0682618 0.0735082 0.0756528 0.0749713 0.0720372 0.0674647 0.061787 0.0554288 0.0487141 0.0418922 0.0351731 0.0287522 0.0228091 0.0174898 0.0128933 0.00907144 0.00603636 0.00376045
 0.0086811 0.0140947 0.0211926 0.0298851 0.0398415 0.0503404 0.0602428 0.0682724 0.0734863 0.0755835 0.0748491 0.0718671 0.0672623 0.0615806 0.0552598 0.0486307 0.0419312 0.0353381 0.0290035 0.0230767 0.0177056 0.01302 0.00911216 0.00602054 0.00372228
 0.00866037 0.0140614 0.0211438 0.0298195 0.0397616 0.0502535 0.0601612 0.0682102 0.0734527 0.0755773 0.0748575 0.0718708 0.067245 0.0615367 0.0551991 0.0485768 0.0419145 0.0353825 0.0291129 0.0232297 0.0178638 0.013147 0.00918921 0.00605078 0.00372217
 0.0086719 0.014076 0.021158 0.0298275 0.0397565 0.05023 0.0601181 0.0681518 0.0733882 0.0755182 0.0748129 0.0718439 0.0672309 0.0615255 0.0551821 0.0485527 0.0418926 0.0353787 0.0291405 0.0232906 0.0179456 0.013229 0.00925303 0.00608861 0.00373717
 0.00866218 0.0140641 0.0211472 0.0298224 0.0397609 0.0502442 0.0601369 0.0681657 0.0733875 0.0754981 0.074776 0.0717989 0.0671881 0.0614916 0.0551583 0.0485365 0.0418818 0.0353752 0.0291496 0.0233164 0.0179867 0.0132772 0.00929757 0.00612132 0.00375588
 0.00865339 0.0140499 0.0211261 0.029794 0.0397265 0.0502076 0.0601047 0.0681448 0.0733823 0.0755073 0.0747928 0.0718146 0.0671966 0.0614919 0.0551538 0.0485316 0.0418799 0.0353783 0.0291594 0.0233345 0.0180129 0.0133085 0.00932863 0.00614693 0.00377327
 0.00863032 0.0140143 0.0210762 0.0297295 0.039649 0.0501207 0.0600143 0.0680598 0.0733131 0.0754636 0.0747809 0.0718347 0.0672425 0.0615538 0.0552211 0.048597 0.0419399 0.0354326 0.0292091 0.0233809 0.0180566 0.0133489 0.00936379 0.0061748 0.00379285
 0.00864066 0.0140275 0.0210895 0.029738 0.0396472 0.0501045 0.0599828 0.0680157 0.0732616 0.0754114 0.0747346 0.0718001 0.0672237 0.0615518 0.0552339 0.0486201 0.0419681 0.0354619 0.0292375 0.023408 0.0180826 0.0133734 0.00938586 0.00619306 0.0038064
 0.008621 0.0140004 0.0210575 0.0297061 0.0396205 0.0500858 0.0599704 0.0680042 0.0732454 0.0753877 0.0747056 0.0717716 0.0672028 0.0615442 0.055242 0.0486429 0.0420019 0.0355016 0.0292785 0.0234468 0.0181174 0.0134033 0.00941041 0.00621208 0.00382001
 0.008621 0.0140004 0.0210575 0.0297061 0.0396205 0.0500858 0.0599704 0.0680042 0.0732454 0.0753877 0.0747056 0.0717716 0.0672028 0.0615442 0.055242 0.0486429 0.0420019 0.0355016 0.0292785 0.0234468 0.0181174 0.0134033 0.00941041 0.00621208 0.00382001
 0.00860894 0.013979 0.0210222 0.0296527 0.0395473 0.049996 0.0598741 0.067916 0.0731794 0.0753519 0.0746992 0.0717877 0.0672332 0.0615832 0.0552874 0.0486943 0.0420587 0.0355617 0.0293385 0.0235032 0.018167 0.0134444 0.00944253 0.00623561 0.00383605
 0.00897054 0.0145493 0.0218449 0.0307483 0.0409003 0.0515391 0.0614784 0.0694016 0.0743533 0.0760606 0.0748686 0.0714327 0.0664396 0.0604773 0.0540063 0.0473637 0.0407797 0.0344051 0.0283455 0.0226906 0.0175331 0.0129745 0.00911336 0.00601945 0.00370407
 0.00823246 0.0134217 0.0202876 0.0287858 0.0386298 0.0491331 0.0591791 0.0674926 0.0730986 0.0756285 0.0752809 0.0725672 0.06808 0.0623797 0.0559552 0.0492022 0.0424148 0.0357975 0.0294912 0.0236044 0.018238 0.013497 0.00948204 0.00626455 0.00385603
 0.00835654 0.0135291 0.020277 0.0285105 0.0379435 0.0479602 0.0575723 0.0656417 0.0712813 0.074129 0.0743167 0.0722458 0.0683907 0.063213 0.0571396 0.0505498 0.0437615 0.0370268 0.0305394 0.0244509 0.0188902 0.0139769 0.00981794 0.00648643 0.00399304
#pred catch len freq
 0.00494899 0.00777733 0.0112383 0.0152028 0.0195855 0.0243362 0.0293641 0.0344923 0.039489 0.0441318 0.0482479 0.0517265 0.0545199 0.0566353 0.0581111 0.0589879 0.0592915 0.0590188 0.058108 0.0563867 0.0535428 0.049197 0.0431193 0.0354961 0.027045
 0.00512062 0.00798246 0.0114142 0.0152554 0.0194272 0.0239376 0.0287886 0.0338805 0.038995 0.0438478 0.0481637 0.0517464 0.0545236 0.0565452 0.0579329 0.0588098 0.0592416 0.0592007 0.0585427 0.0569919 0.0541642 0.049678 0.0433697 0.0355204 0.0269198
 0.00542933 0.00844951 0.0120471 0.0160245 0.0202581 0.0247115 0.029358 0.0341096 0.038818 0.0433123 0.0474206 0.0509799 0.0538639 0.0560237 0.0575072 0.0584298 0.0589049 0.0589567 0.0584492 0.0570604 0.0543358 0.0498495 0.0434496 0.0354745 0.0267766
 0.00568882 0.00886208 0.0126507 0.016848 0.021314 0.0259829 0.0307796 0.0355535 0.0401 0.0442301 0.0478176 0.0508066 0.0531995 0.0550383 0.0563847 0.0573038 0.0578442 0.0579928 0.0576054 0.0563539 0.0537613 0.0493727 0.0430254 0.0350758 0.0264083
 0.00598177 0.0093136 0.0132863 0.0176806 0.0223496 0.027226 0.0322288 0.0371849 0.0418439 0.045953 0.0493258 0.0518821 0.0536631 0.0548138 0.0555273 0.0559739 0.0562427 0.0562991 0.0559479 0.0548109 0.0523746 0.0481593 0.0419887 0.0342159 0.0257264
 0.00632971 0.00984754 0.0140318 0.0186432 0.0235194 0.0285847 0.0337527 0.0388426 0.0435922 0.0477297 0.0510384 0.0533963 0.0548064 0.0554057 0.0554335 0.0551586 0.0547879 0.0543791 0.053774 0.0525794 0.050239 0.0462273 0.0403299 0.0328692 0.0247018
 0.00670119 0.0104228 0.0148447 0.0197084 0.0248333 0.0301277 0.0354869 0.0407096 0.0455151 0.0496223 0.0528126 0.0549626 0.0560656 0.0562413 0.0557173 0.0547789 0.053693 0.0526126 0.0514795 0.049971 0.0475535 0.0436811 0.038091 0.0310427 0.0233253
 0.00708078 0.0110117 0.0156799 0.020809 0.0262029 0.0317561 0.0373463 0.0427465 0.0476467 0.0517405 0.0547964 0.0566928 0.0574354 0.0571583 0.0560977 0.0545429 0.0527758 0.0509937 0.0492173 0.0472202 0.0445505 0.0406994 0.0353842 0.0287944 0.0216205
 0.00746636 0.011603 0.016505 0.0218746 0.0275004 0.0332693 0.0390533 0.0446136 0.0496202 0.0537434 0.0567299 0.0584432 0.0588853 0.0581982 0.0566326 0.0544938 0.0520805 0.0496176 0.047179 0.044621 0.0415873 0.037643 0.032523 0.0263644 0.0197521
 0.00795872 0.0123504 0.0175321 0.0231721 0.0290331 0.0349901 0.0409097 0.0465475 0.0515659 0.0556285 0.0584786 0.0599775 0.0601255 0.0590637 0.0570443 0.0543775 0.0513723 0.0482749 0.045201 0.0420777 0.0386416 0.0345451 0.0295652 0.023808 0.0177591
 0.00840682 0.0130434 0.0185091 0.0244466 0.0305935 0.0368002 0.042907 0.0486417 0.0536464 0.0575812 0.0602025 0.0613945 0.0611797 0.0597142 0.0572559 0.0541126 0.0505891 0.046936 0.0432949 0.0396499 0.0358222 0.0315535 0.0266751 0.021279 0.015765
 0.00879887 0.0136564 0.0193873 0.0256172 0.0320656 0.038562 0.0449172 0.0508209 0.0558774 0.0597214 0.0621049 0.0629305 0.0622572 0.0602846 0.0573074 0.053653 0.0496278 0.0454769 0.0413477 0.0372579 0.0330941 0.0286773 0.0238948 0.0188353 0.0138262
 0.00931033 0.0144374 0.0204701 0.0270027 0.0337304 0.0404694 0.047019 0.0530503 0.0581398 0.0618937 0.0640448 0.064495 0.0633252 0.0607767 0.0571948 0.0529518 0.0483817 0.0437389 0.0391743 0.0347215 0.0303077 0.025811 0.0211634 0.0164512 0.0119388
 0.00983088 0.0152319 0.02157 0.0284048 0.0354028 0.0423613 0.0490648 0.0551683 0.0602333 0.0638566 0.0657701 0.06588 0.064277 0.0612203 0.0570828 0.0522721 0.0471579 0.0420235 0.037041 0.0322653 0.0276543 0.0231241 0.0186338 0.0142609 0.0102123
 0.0101994 0.0158024 0.0223761 0.0294603 0.0367031 0.0438839 0.0507667 0.0569816 0.0620666 0.0656045 0.0673261 0.067148 0.0651782 0.0616952 0.0570922 0.051797 0.0462015 0.0406144 0.0352361 0.0301532 0.0253577 0.0207981 0.0164502 0.0123765 0.00873105
 0.0102944 0.0159752 0.0226704 0.0299296 0.0374 0.0448426 0.0519857 0.0584146 0.0636289 0.0671879 0.0688158 0.0684364 0.0661748 0.0623329 0.0573284 0.0516116 0.0455938 0.039603 0.0338629 0.0284898 0.0235105 0.0189045 0.0146619 0.0108297 0.00751447
 0.0102216 0.0158883 0.0225997 0.0299282 0.0375368 0.0451874 0.0525914 0.059302 0.0647754 0.0685237 0.0702301 0.0697957 0.0673482 0.0632149 0.0578502 0.0517408 0.0453275 0.0389605 0.0328842 0.0272388 0.0220792 0.0174113 0.013237 0.00959021 0.0065368
 0.0101874 0.0158255 0.0224941 0.0297682 0.0373239 0.0449499 0.0523925 0.0592332 0.0649319 0.0689713 0.0709774 0.0707849 0.0684665 0.0643206 0.0588038 0.0524304 0.0456826 0.0389545 0.0325301 0.0265846 0.0212041 0.0164192 0.0122432 0.00869935 0.00582061
 0.0102915 0.0159656 0.0226502 0.0299014 0.0373853 0.0448965 0.0522048 0.0589286 0.0645702 0.0686477 0.0708023 0.0708508 0.0688137 0.0649173 0.0595519 0.0531934 0.046323 0.039366 0.0326555 0.0264204 0.0207955 0.0158475 0.011608 0.00809541 0.00531734
 0.0105599 0.0163508 0.0231345 0.0304333 0.0378904 0.0452974 0.052439 0.058959 0.0643898 0.0682846 0.070322 0.0703504 0.0684026 0.064686 0.0595414 0.0533789 0.0466214 0.0396643 0.0328484 0.0264405 0.0206281 0.0155281 0.0112045 0.00768433 0.00496022
 0.0106627 0.0165159 0.0233774 0.0307625 0.0383004 0.0457602 0.0528993 0.0593405 0.0646149 0.0682998 0.0701183 0.0699684 0.0679223 0.0642078 0.0591594 0.0531545 0.0465647 0.0397318 0.0329608 0.0265144 0.0206067 0.0153976 0.0109917 0.00743828 0.00472983
 0.0107833 0.0166955 0.0236179 0.0310574 0.0386397 0.0461363 0.0533072 0.0597692 0.0650354 0.068659 0.0703473 0.0700065 0.0677448 0.0638416 0.0586778 0.052653 0.0461277 0.0394057 0.0327443 0.0263689 0.0204814 0.0152556 0.0108233 0.00725819 0.00456298
 0.0107541 0.0166605 0.0235883 0.0310508 0.0386754 0.0462279 0.0534576 0.0599711 0.065276 0.0689232 0.0706154 0.0702484 0.0679202 0.0639109 0.0586213 0.0524843 0.0458917 0.0391591 0.032531 0.0262048 0.0203561 0.0151471 0.0107154 0.00714879 0.00446076
 0.0107295 0.0166232 0.0235381 0.0309913 0.0386153 0.0461818 0.0534447 0.0600111 0.0653814 0.0690934 0.0708346 0.0704896 0.0681506 0.0640975 0.0587354 0.0525089 0.045828 0.039029 0.0323688 0.026043 0.0202138 0.0150279 0.0106145 0.00706168 0.00438705
