SBPRF35
12.7214
Curr Bio
761460
B35
885555
F35
0.167121
FOFL
0.137575
OFL
84454
Bzero
3.63469e+06
#pred survey bio
 3.63314e+06 3.51351e+06 3.41118e+06 3.25075e+06 3.0581e+06 2.85149e+06 2.61055e+06 2.34454e+06 2.10104e+06 1.8528e+06 1.65396e+06 1.439e+06 1.2821e+06 1.15206e+06 1.04472e+06 918310 814826 738944 705254 654482 624969 612750 594539 561102 553525 564645 551236 560385 564453 571082 577558 590276 605248 607460 622532 626030 635996 644437 654743 665520 664596 670266 667165 664904 668126 674089 679328 688846 689498 694203 690216 730327 774224 788911 789625 795676 765510 2.59176e+07 1.53065e+07 1.54637e+07 1.63742e+07 1.78045e+07 1.94549e+07 2.10968e+07 2.25911e+07 2.38737e+07 2.49311e+07 2.57785e+07 2.64442e+07 2.69601e+07 2.73562e+07 2.76587e+07 2.7889e+07 2.80643e+07 2.81978e+07 2.82997e+07 2.83778e+07 2.84379e+07 2.84843e+07 2.85203e+07 2.85483e+07 2.85703e+07 2.85877e+07 2.86013e+07 2.86121e+07 2.86207e+07 2.86275e+07 2.8633e+07 2.86374e+07 2.8641e+07 2.86438e+07 2.86461e+07 2.8648e+07 2.86495e+07 2.86508e+07 2.86518e+07 2.86526e+07 2.86533e+07 2.86538e+07 2.86543e+07 2.86546e+07 2.86549e+07 2.86552e+07 2.86554e+07 2.86555e+07 2.86557e+07 2.86558e+07 2.86559e+07 2.86559e+07 2.8656e+07 2.8656e+07 2.86561e+07 2.86561e+07 2.86561e+07 2.86562e+07 2.86562e+07 2.86562e+07 2.86562e+07 2.86562e+07 2.86562e+07 2.86562e+07 2.86562e+07 2.86562e+07 2.86562e+07 2.86562e+07 2.86562e+07 2.86562e+07 2.86562e+07 2.86563e+07 2.86563e+07 2.86563e+07 2.86563e+07 2.86563e+07 2.86563e+07 2.86563e+07 2.86563e+07 2.86563e+07 2.86563e+07 2.86563e+07 2.86563e+07 2.86563e+07 2.86563e+07 2.86563e+07 2.86563e+07 2.86563e+07 2.86563e+07 2.86563e+07 2.86563e+07 2.86563e+07 2.86563e+07 2.86563e+07 2.86563e+07 2.86563e+07 2.86563e+07 2.86563e+07 2.86563e+07 2.86563e+07 0 0 0 0 0 0 0 0 0 0 0 0 0 0 0 0 0 0 0 0 0 0 0 0 0
#obs survey bio
 4.80076e+06 3.35908e+06 2.93023e+06 5.09789e+06 2.75243e+06 2.87697e+06 2.06447e+06 2.61439e+06 2.52146e+06 2.09299e+06 1.39689e+06 1.01496e+06 817389 1.22606e+06 732386 834125 813180 735086 717270 641173 671305 572882 497616 371182 595357 536735 787849 451442 618244 546524 593819 588928 901020 467321 464731 558420 556943 618085 957838 1.00432e+06 550965 696525 523067 592894 829248 742665 649306 669696 686700 748389 539063 696002 947756 791782 973130 644816 713791
#pred catch bio
 106964 95374.8 155016 194049 219217 265338 304139 299350 317813 285666 310425 266807 249391 233199 249495 225403 196317 156008 166220 143524 126445 129517 138705 113561 97437.6 117395 97262.1 101614 99340.8 99695.8 95112.8 94120.7 104874 93940 104018 98458 99964.7 98136.2 97105.2 106074 99874.7 107420 106767 102662 101284 102924 100427 108718 105325 112422 75512.6 73884.6 97875.7 106750 99268.5 126648 116003 84454 99454.6 99320.6 103945 112539 122777 132954 142110 149835 156064 160923 164620 167380 169410 170885 171947 172707 173246 173628 173897 174085 174218 174310 174375 174420 174451 174473 174488 174498 174505 174510 174514 174516 174518 174519 174520 174520 174521 174521 174521 174521 174522 174522 174522 174522 174522 174522 174522 174522 174522 174522 174522 174522 174522 174522 174522 174522 174522 174522 174522 174522 174522 174522 174522 174522 174522 174522 174522 174522 174522 174522 174522 174522 174522 174522 174522 174522 174522 174522 174522 174522 174522 174522 174522 174522 174522 174522 174522 174522 174522 174522 174522 174522 174522 174522 174522 174522 174522 174522 174522 0 0 0 0 0 0 0 0 0 0 0 0 0 0 0 0 0 0 0 0 0 0 0 0 0
#obs catch bio
 0 94946.8 155593 194282 219214 265653 304848 299490 319080 285642 312077 270120 254039 236586 255711 230108 200876 157995 168190 144816 127741 130669 141226 115173 97897.2 118995 97660.8 102544 99824.2 100203 95673.3 94655.9 105184 93980.6 104536 98642.4 100440 98847.6 97040.8 105710 99404.1 107213 106825 102906 101410 103185 100546 109346 105654 113036 75604.7 73878.6 98190.7 107049 98587.3 126551 115957
#pred cpue bio
 3.59253e+06 3.47441e+06 3.37317e+06 3.21324e+06 3.02097e+06 2.8147e+06 2.57432e+06 2.30912e+06 2.06636e+06 1.81917e+06 1.62098e+06 1.407e+06 1.25059e+06 1.12119e+06 1.01462e+06 889776 787910 713596 680879 631461 602671 590807 573122 540606 533397 544423 531456 540535 544671 551261 557637 570118 584937 587319 602184 605702 615551 623947 634329 645252 644512 650011 646842 644475 647531 653324 658396 667657 668302 673002 669182 708817 752615 767761 768903 775111 745853 2.5273e+07 1.49328e+07 1.49583e+07 1.57138e+07 1.70868e+07 1.8723e+07 2.0362e+07 2.18557e+07 2.31382e+07 2.41956e+07 2.50429e+07 2.57087e+07 2.62246e+07 2.66207e+07 2.69232e+07 2.71535e+07 2.73288e+07 2.74623e+07 2.75642e+07 2.76423e+07 2.77023e+07 2.77487e+07 2.77847e+07 2.78128e+07 2.78348e+07 2.78521e+07 2.78657e+07 2.78765e+07 2.78851e+07 2.7892e+07 2.78975e+07 2.79019e+07 2.79054e+07 2.79083e+07 2.79106e+07 2.79125e+07 2.7914e+07 2.79152e+07 2.79162e+07 2.79171e+07 2.79177e+07 2.79183e+07 2.79187e+07 2.79191e+07 2.79194e+07 2.79196e+07 2.79198e+07 2.792e+07 2.79201e+07 2.79202e+07 2.79203e+07 2.79204e+07 2.79204e+07 2.79205e+07 2.79205e+07 2.79206e+07 2.79206e+07 2.79206e+07 2.79206e+07 2.79206e+07 2.79207e+07 2.79207e+07 2.79207e+07 2.79207e+07 2.79207e+07 2.79207e+07 2.79207e+07 2.79207e+07 2.79207e+07 2.79207e+07 2.79207e+07 2.79207e+07 2.79207e+07 2.79207e+07 2.79207e+07 2.79207e+07 2.79207e+07 2.79207e+07 2.79207e+07 2.79207e+07 2.79207e+07 2.79207e+07 2.79207e+07 2.79207e+07 2.79207e+07 2.79207e+07 2.79207e+07 2.79207e+07 2.79207e+07 2.79207e+07 2.79207e+07 2.79207e+07 2.79207e+07 2.79207e+07 2.79207e+07 2.79207e+07 2.79207e+07 2.79207e+07 2.79207e+07 2.79207e+07 0 0 0 0 0 0 0 0 0 0 0 0 0 0 0 0 0 0 0 0 0 0 0 0 0
#obs cpue bio
 3.81546e+06 2.65585e+06 2.24596e+06 3.12267e+06 3.31578e+06 2.70604e+06 3.11381e+06 2.07956e+06 1.45695e+06 1.74429e+06 1.59161e+06 888785 1.11177e+06 1.03672e+06 829866 846106 502780 705027 783750 558062 393117 634240 411220 614004 616145 438502 414988 493758 574480 544115 433516 495732 581528 685720 679087 714700 558189 465202 779804 647925 779760 576713 661160 579726 555550 538308 677015 513956 683022 706696 592604 873389 670249 772280 1.22156e+06 826340 647909
#pred surv len freq
 0.00508341 0.00817004 0.0121424 0.0169375 0.0224271 0.0283583 0.0343142 0.0397959 0.0444013 0.0479578 0.0505123 0.0522286 0.0532927 0.0538677 0.0540839 0.0540444 0.0538379 0.0535353 0.0531375 0.0524709 0.0511007 0.0483868 0.0437598 0.0371131 0.0290406
 0.00526912 0.00839317 0.0123365 0.0170023 0.0222681 0.0279424 0.0337059 0.0391423 0.0438686 0.0476551 0.0504535 0.05235 0.053509 0.0541263 0.054387 0.0544323 0.0543465 0.0541503 0.0537723 0.0529832 0.0513473 0.0482905 0.0433496 0.0365119 0.0284069
 0.00543597 0.00866664 0.0127463 0.0175619 0.0229542 0.028675 0.0343471 0.0395343 0.0439022 0.0473318 0.049892 0.0517276 0.052977 0.0537582 0.054185 0.0543696 0.0543998 0.054299 0.0539722 0.0531499 0.0513735 0.0480947 0.0429233 0.0359302 0.0277926
 0.00562069 0.00896269 0.0131849 0.0181713 0.0237557 0.0296725 0.0355101 0.0407786 0.0450856 0.0482775 0.0504413 0.0518024 0.0526145 0.0530924 0.0533854 0.0535762 0.0536915 0.0536952 0.0534481 0.0526494 0.050826 0.0474452 0.0421659 0.0351208 0.0270262
 0.00586097 0.00933885 0.0137246 0.0188926 0.0246663 0.030769 0.0367729 0.0421658 0.0465272 0.0496712 0.0516546 0.0526873 0.0530425 0.0530003 0.0528052 0.0526267 0.0525309 0.052464 0.0522307 0.051469 0.0496667 0.0462879 0.0410211 0.0340399 0.0260838
 0.00609943 0.0097204 0.0142874 0.0196678 0.0256726 0.032004 0.038205 0.0437318 0.0481416 0.0512402 0.0530838 0.0538799 0.0538951 0.0534108 0.0526985 0.0519874 0.0514203 0.0510048 0.0505661 0.0497217 0.0479212 0.0446023 0.0394507 0.0326496 0.0249375
 0.00637553 0.01016 0.0149321 0.0205514 0.0268165 0.0334097 0.0398436 0.0455383 0.0500192 0.0530751 0.0547614 0.0552959 0.0549584 0.0540412 0.0528261 0.0515617 0.0504299 0.0494961 0.0486449 0.0475339 0.0456259 0.0423503 0.0373761 0.0308631 0.0235137
 0.00670348 0.0106804 0.0156919 0.0215865 0.028147 0.0350316 0.0417186 0.047589 0.0521361 0.0551332 0.0566376 0.0568797 0.0561564 0.0547771 0.0530384 0.0512033 0.0494738 0.0479498 0.0465689 0.045051 0.0429139 0.0396191 0.034834 0.0286818 0.0217976
 0.0070064 0.0111639 0.0164032 0.0225648 0.0294179 0.0365983 0.0435507 0.0496164 0.0542554 0.0572234 0.0585766 0.0585554 0.0574717 0.0556506 0.0534037 0.0510072 0.0486784 0.0465421 0.0445789 0.0425725 0.0401134 0.0367231 0.0320907 0.0263074 0.019928
 0.00743433 0.0118289 0.0173476 0.0238091 0.0309607 0.0384158 0.0455921 0.0518003 0.056474 0.059356 0.0605051 0.0601752 0.0586969 0.0564139 0.0536533 0.050702 0.0477864 0.0450467 0.0424961 0.039976 0.0371549 0.0336298 0.0291304 0.0237263 0.0178885
 0.00782402 0.0124426 0.0182338 0.0249992 0.0324631 0.0402085 0.0476143 0.053952 0.0586305 0.0613914 0.0623118 0.0616706 0.0598181 0.057111 0.0538832 0.050426 0.0469703 0.0436673 0.0405571 0.0375327 0.0343377 0.0306489 0.0262463 0.0211891 0.0158706
 0.00827769 0.0131648 0.0192915 0.0264425 0.0343143 0.0424458 0.0501546 0.0566474 0.0612882 0.0638128 0.06433 0.0631727 0.0607489 0.0574614 0.0536712 0.0496766 0.0457021 0.0418914 0.0382923 0.0348325 0.0313204 0.0275095 0.0232333 0.018547 0.0137711
 0.00855688 0.0136157 0.0199657 0.0273884 0.0355711 0.0440318 0.0520521 0.0587902 0.0635622 0.0660678 0.0664002 0.0649003 0.0620066 0.0581682 0.0537959 0.0492271 0.0447074 0.0403876 0.0363215 0.0324597 0.0286575 0.0247295 0.0205557 0.0161899 0.0118909
 0.00881022 0.0140157 0.0205462 0.0281753 0.0365811 0.0452695 0.0535037 0.0604184 0.0653047 0.0678414 0.0681057 0.0664272 0.0632417 0.0590076 0.0541599 0.0490702 0.0440204 0.039192 0.0346643 0.0304161 0.026342 0.0223036 0.018215 0.0141262 0.0102418
 0.00892213 0.0142135 0.020873 0.0286806 0.0373091 0.0462416 0.0547032 0.0617876 0.0667597 0.0692928 0.069475 0.0676495 0.0642581 0.0597585 0.0545832 0.0491079 0.0436296 0.0383559 0.0334003 0.0287823 0.0244419 0.0202846 0.0162524 0.0123885 0.00884936
 0.00909459 0.0145025 0.0213242 0.0293423 0.0382223 0.0474241 0.0561315 0.0633891 0.0684194 0.0708756 0.0708523 0.0687223 0.0649701 0.0600943 0.0545536 0.0487311 0.0429183 0.0373179 0.032051 0.0271623 0.0226314 0.0184058 0.014454 0.0108133 0.00759682
 0.00917484 0.0146413 0.0215497 0.0296885 0.0387257 0.048115 0.0570235 0.064469 0.0696425 0.0721658 0.0721092 0.0698355 0.0658387 0.0606453 0.0547517 0.0485757 0.0424304 0.0365267 0.0309897 0.025875 0.0211859 0.0169005 0.0130087 0.00954459 0.0065865
 0.00928409 0.0147984 0.0217494 0.0299165 0.0389675 0.0483686 0.0573076 0.0648201 0.0701 0.0727534 0.0728189 0.0706222 0.0666256 0.0613393 0.0552635 0.0488367 0.0424032 0.0362052 0.0303937 0.0250463 0.0201885 0.0158205 0.0119472 0.00859835 0.00582514
 0.00927692 0.0147753 0.0216937 0.0298058 0.0387806 0.0480962 0.0569636 0.064448 0.0697712 0.0725543 0.0728311 0.0708975 0.0671657 0.0620878 0.0561155 0.0496641 0.0430847 0.0366509 0.0305581 0.0249299 0.0198333 0.0153005 0.0113542 0.00802328 0.00533771
 0.00949145 0.0151022 0.0221431 0.0303684 0.0394247 0.0487673 0.057587 0.064939 0.0700559 0.0725967 0.0726503 0.0705661 0.0667862 0.0617575 0.0558941 0.0495567 0.0430456 0.0366055 0.030433 0.0246786 0.0194494 0.0148172 0.0108318 0.00752851 0.00492363
 0.00958423 0.0152449 0.0223426 0.0306258 0.0397351 0.0491198 0.0579627 0.0653085 0.0703796 0.0728301 0.0727561 0.0705284 0.0666211 0.061513 0.055635 0.0493399 0.0428973 0.036512 0.0303502 0.0245552 0.0192519 0.014544 0.0105119 0.00720719 0.00464325
 0.00957105 0.0152218 0.0223054 0.0305709 0.039662 0.0490346 0.0578803 0.0652507 0.0703687 0.0728798 0.0728639 0.0706743 0.0667751 0.0616475 0.0557373 0.0494159 0.042963 0.0365783 0.0304114 0.0245896 0.0192342 0.0144622 0.0103753 0.00704303 0.00448369
 0.00948856 0.0151136 0.0221897 0.0304792 0.0396283 0.04908 0.0580012 0.0654204 0.0705503 0.0730429 0.0729943 0.0707723 0.0668465 0.0616958 0.055762 0.0494163 0.0429429 0.0365455 0.0303722 0.0245431 0.0191727 0.0143779 0.0102686 0.00692481 0.00437087
 0.00961097 0.0152935 0.0224258 0.0307602 0.0399392 0.0494096 0.0583451 0.0657749 0.0709015 0.0733591 0.0732303 0.0708854 0.066814 0.0615239 0.055481 0.0490677 0.0425672 0.0361754 0.0300298 0.0242402 0.0189118 0.0141557 0.0100806 0.00676917 0.00424802
 0.00971235 0.0154226 0.0225547 0.0308417 0.0399218 0.0492601 0.0580684 0.0654187 0.0705429 0.07308 0.0730911 0.0709068 0.0669735 0.0617676 0.055746 0.0493033 0.0427459 0.0362918 0.0300923 0.0242618 0.0189043 0.0141279 0.0100397 0.00672225 0.00420223
 0.0095412 0.0151745 0.0222358 0.0304734 0.0395295 0.0488594 0.057658 0.0649896 0.0700987 0.0726549 0.0727513 0.0707301 0.0670179 0.0620452 0.0562165 0.0498899 0.0433619 0.0368654 0.0305793 0.0246448 0.0191853 0.0143195 0.0101589 0.00678752 0.00423145
 0.00961895 0.0152897 0.0223886 0.0306577 0.0397354 0.0490758 0.0578724 0.0651825 0.0702389 0.0727017 0.0726692 0.0705105 0.0666928 0.0616824 0.0558935 0.0496631 0.0432479 0.0368443 0.0306122 0.024694 0.019226 0.0143416 0.0101632 0.00677962 0.00421801
 0.00954434 0.0151657 0.0221977 0.0303841 0.0393713 0.0486301 0.0573777 0.0646949 0.0698252 0.0724197 0.0725487 0.0705454 0.0668491 0.0619166 0.0561725 0.0499723 0.0435847 0.0372035 0.0309768 0.0250374 0.0195216 0.0145726 0.0103266 0.00688386 0.00427757
 0.00953203 0.0151448 0.0221641 0.0303313 0.0392898 0.0485075 0.0572018 0.064459 0.0695368 0.0721052 0.0722514 0.0703135 0.0667189 0.061901 0.0562606 0.050139 0.0438038 0.0374541 0.0312421 0.0252998 0.0197619 0.0147738 0.0104791 0.00698778 0.00434091
 0.00954411 0.0151555 0.0221637 0.0303056 0.0392239 0.0483915 0.057035 0.0642504 0.0693005 0.0718568 0.072007 0.0700926 0.0665458 0.061801 0.0562514 0.0502238 0.0439698 0.0376778 0.0314964 0.0255591 0.0200041 0.0149819 0.0106424 0.00710417 0.00441565
 0.00952345 0.015128 0.0221328 0.0302768 0.0392011 0.0483725 0.0570093 0.0642019 0.0692149 0.071729 0.0718444 0.0699127 0.0663716 0.0616559 0.0561567 0.0501954 0.0440145 0.0377905 0.031661 0.0257523 0.0202012 0.0151614 0.01079 0.0072137 0.00448885
 0.00937695 0.0149097 0.0218418 0.0299267 0.0388176 0.0479885 0.0566593 0.0639171 0.0690174 0.0716266 0.0718298 0.0699685 0.0664786 0.0618002 0.0563319 0.0504006 0.0442504 0.0380551 0.0319459 0.0260424 0.0204772 0.0154046 0.010987 0.00735944 0.00458682
 0.00923935 0.0146916 0.021525 0.0295007 0.0382849 0.0473711 0.0560033 0.0632901 0.0684945 0.0712707 0.0716748 0.0700138 0.0666951 0.062143 0.056754 0.0508627 0.0447248 0.038524 0.0323967 0.026463 0.020854 0.0157245 0.0112409 0.00754572 0.00471192
 0.00931036 0.014787 0.021631 0.0295902 0.0383227 0.0473235 0.0558488 0.0630261 0.0681406 0.0708671 0.0712756 0.0696748 0.0664598 0.0620325 0.056765 0.0509741 0.0449081 0.0387516 0.0326462 0.0267164 0.021096 0.015941 0.0114208 0.00768321 0.00480763
 0.00920041 0.014627 0.0214242 0.0293499 0.0380659 0.0470621 0.055584 0.062751 0.0678492 0.0705644 0.0709831 0.0694284 0.0663003 0.0619931 0.056861 0.0511985 0.0452343 0.0391421 0.0330614 0.027122 0.0214654 0.0162563 0.0116723 0.00786935 0.00493432
 0.0092003 0.0146223 0.0214093 0.029318 0.0380122 0.0469876 0.0554963 0.0626607 0.0677616 0.0704739 0.0708753 0.0692901 0.0661327 0.0618175 0.0567134 0.0511158 0.04524 0.0392387 0.0332318 0.0273374 0.0216943 0.0164716 0.0118552 0.00801062 0.00503354
 0.00912098 0.0145026 0.0212463 0.0291149 0.0377769 0.0467308 0.0552312 0.0624038 0.0675333 0.0702954 0.0707623 0.0692469 0.0661502 0.0618792 0.0568056 0.0512348 0.0453919 0.0394312 0.0334652 0.0275995 0.0219632 0.0167225 0.0120681 0.00817483 0.00514848
 0.00894126 0.0142391 0.0209031 0.0287146 0.0373544 0.0463229 0.0548683 0.0621067 0.0673146 0.0701614 0.0707144 0.0692826 0.0662628 0.0620571 0.0570331 0.0514954 0.0456724 0.0397241 0.0337662 0.0279026 0.0222566 0.0169901 0.0122943 0.00834998 0.00527176
 0.00883009 0.0140526 0.0206135 0.0282969 0.0367973 0.0456428 0.0541193 0.0613752 0.0666968 0.0697335 0.0705128 0.069302 0.0664696 0.0624061 0.0574787 0.0519975 0.0461977 0.0402467 0.0342671 0.0283675 0.0226735 0.0173478 0.0125839 0.00856821 0.00542292
 0.00884487 0.0140575 0.0205847 0.0281983 0.0365874 0.0452875 0.0536062 0.0607251 0.0659663 0.0690085 0.0698911 0.0688697 0.0662784 0.0624627 0.0577502 0.0524273 0.0467238 0.0408137 0.0348313 0.0288969 0.0231456 0.0177475 0.012903 0.0088059 0.00558639
 0.0089741 0.0142538 0.0208527 0.0285287 0.036954 0.0456454 0.0538933 0.0608703 0.0659084 0.0687193 0.0693921 0.0682326 0.0656068 0.0618629 0.0573025 0.0521698 0.0466517 0.0408921 0.0350119 0.029132 0.0233955 0.0179829 0.0131045 0.00896366 0.00569911
 0.00899007 0.0142857 0.0209114 0.0286277 0.0371048 0.0458509 0.0541409 0.0611281 0.0661277 0.0688438 0.0693732 0.0680459 0.0652654 0.0614195 0.0568369 0.0517649 0.0463693 0.0407578 0.0350154 0.0292382 0.0235603 0.0181652 0.0132739 0.00910223 0.00580053
 0.00905209 0.0143827 0.0210507 0.0288139 0.0373402 0.0461346 0.0544665 0.0614804 0.0664799 0.0691571 0.0695997 0.0681374 0.0651865 0.0611621 0.0564292 0.0512686 0.045864 0.0403176 0.034689 0.0290399 0.0234743 0.0181589 0.0133114 0.00915435 0.00584888
 0.00906964 0.0144151 0.0211066 0.0289037 0.0374737 0.0463173 0.0546963 0.0617467 0.0667656 0.0694409 0.0698571 0.0683396 0.0653015 0.0611599 0.0562924 0.0510038 0.0455062 0.0399239 0.0343213 0.0287458 0.0232754 0.01805 0.01327 0.00915301 0.00586449
 0.00906813 0.0144094 0.0210927 0.0288773 0.0374337 0.0462694 0.0546551 0.0617339 0.0668022 0.0695394 0.0700154 0.0685405 0.0655155 0.0613506 0.0564234 0.0510473 0.0454526 0.0397874 0.0341368 0.0285572 0.0231198 0.0179464 0.0132177 0.00913827 0.00587003
 0.00907189 0.0144126 0.0210917 0.0288668 0.0374072 0.0462217 0.0545852 0.0616475 0.0667133 0.069469 0.0699867 0.0685712 0.0656099 0.0614956 0.0565906 0.0512004 0.0455589 0.0398281 0.0341135 0.0284901 0.0230377 0.0178752 0.0131712 0.00911723 0.00586684
 0.0090853 0.0144333 0.0211207 0.0289035 0.037449 0.0462633 0.0546186 0.061663 0.0667033 0.0694315 0.0699288 0.0685087 0.0655632 0.0614816 0.0566153 0.0512553 0.045623 0.039877 0.0341298 0.0284701 0.0229919 0.0178212 0.0131248 0.00908642 0.00585148
 0.00898463 0.0142892 0.0209402 0.0287056 0.0372596 0.0461064 0.054509 0.0616045 0.0666904 0.0694538 0.0699751 0.0685706 0.0656372 0.0615699 0.0567223 0.0513828 0.0457653 0.0400203 0.0342565 0.0285664 0.0230533 0.017853 0.0131379 0.00909128 0.00585449
 0.00894319 0.0142249 0.0208496 0.0285896 0.0371246 0.0459662 0.0543844 0.0615187 0.0666613 0.0694858 0.0700562 0.0686775 0.0657457 0.0616638 0.0567975 0.0514445 0.0458221 0.0400771 0.0343117 0.0286138 0.0230868 0.0178708 0.0131432 0.00908975 0.00585124
 0.0088986 0.0141523 0.0207404 0.0284363 0.0369236 0.0457211 0.0541097 0.0612412 0.0664163 0.0693092 0.0699748 0.0687009 0.0658638 0.0618508 0.0570212 0.0516765 0.0460436 0.0402788 0.0344896 0.0287654 0.0232095 0.0179633 0.0132073 0.00913046 0.00587509
 0.0088254 0.0140522 0.0206243 0.0283246 0.0368383 0.045675 0.0540986 0.0612454 0.0664114 0.0692797 0.0699221 0.068642 0.0658225 0.0618461 0.0570602 0.0517531 0.0461433 0.0403861 0.0345926 0.0288564 0.0232846 0.018021 0.013248 0.00915658 0.00589023
 0.00842029 0.0134255 0.0197431 0.0271861 0.0354774 0.0441697 0.0525726 0.0598564 0.065319 0.0686039 0.0697146 0.0688845 0.0664462 0.0627587 0.0581647 0.0529582 0.0473676 0.0415606 0.0356633 0.0297863 0.0240532 0.0186235 0.0136932 0.00946417 0.00608735
 0.00815115 0.0129863 0.0190798 0.0262501 0.0342388 0.0426375 0.0508153 0.0580094 0.0635679 0.0671484 0.0687258 0.0684702 0.0666332 0.0634942 0.0593365 0.0544236 0.0489809 0.0431916 0.0372063 0.0311633 0.0252149 0.0195479 0.0143838 0.0099454 0.00639782
 0.00809604 0.0128962 0.0189411 0.0260441 0.033938 0.0422045 0.0502083 0.0571969 0.0625514 0.0659827 0.067525 0.0673909 0.0658377 0.063108 0.0594159 0.0549459 0.0498576 0.0442952 0.0384009 0.0323278 0.0262573 0.0204114 0.0150466 0.0104156 0.00670482
 0.00813283 0.0129485 0.0190054 0.0261108 0.0339913 0.0422231 0.0501643 0.0570548 0.0622702 0.0655253 0.0668767 0.0665808 0.0649502 0.0622743 0.0587818 0.0546287 0.0499101 0.0446935 0.0390574 0.0331216 0.0270673 0.0211417 0.0156396 0.0108525 0.00699732
 0.0078418 0.0125365 0.0184983 0.02557 0.0334953 0.0418374 0.0499177 0.0569342 0.0622318 0.0655122 0.0668333 0.0664637 0.0647408 0.0619913 0.0584877 0.0544186 0.0498819 0.0449108 0.0395229 0.0337755 0.0278095 0.0218659 0.0162629 0.0113318 0.00732825
 0.00748727 0.0120189 0.0178304 0.024807 0.0327261 0.0411654 0.0494394 0.0567185 0.0623018 0.0658315 0.067309 0.0669709 0.0651613 0.0622488 0.0585679 0.0543689 0.0497938 0.0448875 0.0396425 0.0340637 0.0282335 0.0223532 0.016733 0.011724 0.00761567
#obs surv len freq
 nan nan nan nan nan nan nan nan nan nan nan nan nan nan nan nan nan nan nan nan nan nan nan nan nan
 0.0044861 0.00734798 0.0111783 0.0159945 0.0216945 0.0279689 0.0342818 0.040012 0.0446909 0.0481544 0.0505124 0.0520086 0.0529013 0.0534141 0.0537287 0.0539839 0.0542626 0.0545555 0.0546943 0.0542862 0.0527243 0.0493565 0.0438062 0.0362863 0.0276699
 0.00461872 0.00756579 0.0115098 0.0164665 0.0223253 0.028758 0.0351999 0.0409988 0.0456635 0.0490245 0.0512027 0.0524644 0.0530957 0.0533473 0.0534237 0.0534781 0.0535999 0.0537785 0.0538421 0.0533958 0.0518346 0.0485109 0.0430497 0.0356569 0.0271889
 0.00477594 0.00782379 0.0119026 0.0170277 0.0230814 0.0297183 0.036345 0.0422746 0.0469864 0.0502935 0.0523151 0.0533286 0.0536416 0.0535342 0.0532433 0.0529527 0.0527749 0.0527135 0.0526035 0.0520537 0.0504638 0.0471914 0.041861 0.0346645 0.026429
 0.00496607 0.00813432 0.0123727 0.017695 0.0239751 0.0308482 0.0376897 0.0437769 0.0485593 0.0518348 0.0537203 0.0545 0.0544926 0.0539957 0.0532702 0.0525304 0.0519216 0.0514787 0.0510631 0.0503053 0.048623 0.0453852 0.040215 0.0332812 0.0253659
 0.00517977 0.00848408 0.0129035 0.0184502 0.0249884 0.0321305 0.0392156 0.0454799 0.0503413 0.0535841 0.0553283 0.0558693 0.0555392 0.0546477 0.0534692 0.0522364 0.0511202 0.0501893 0.0493457 0.048263 0.0463993 0.0431518 0.0381477 0.0315265 0.0240091
 0.00540526 0.00885421 0.0134673 0.0192556 0.0260737 0.0335097 0.0408634 0.0473261 0.0522804 0.0554949 0.0570931 0.0573847 0.0567193 0.0554222 0.0537807 0.0520391 0.0503834 0.0489079 0.0475546 0.0460519 0.0439187 0.0406019 0.0357468 0.0294639 0.0224012
 0.00565333 0.00925825 0.0140769 0.020118 0.0272253 0.0349624 0.0425907 0.049257 0.0543079 0.0574957 0.0589461 0.0589828 0.0579734 0.0562612 0.0541483 0.0518902 0.0496838 0.047641 0.0457375 0.0437573 0.0412899 0.0378496 0.0331154 0.0271762 0.0206018
 0.00588562 0.0096421 0.0146661 0.0209664 0.0283759 0.0364308 0.044348 0.0512246 0.0563705 0.0595241 0.0608187 0.0605961 0.0592437 0.0571217 0.0545454 0.05178 0.0490307 0.0464229 0.0439607 0.0414796 0.0386423 0.035039 0.0303945 0.0247854 0.0187049
 0.0061308 0.0100406 0.0152659 0.021813 0.029505 0.0378557 0.0460457 0.053129 0.0583787 0.0615137 0.0626669 0.0621933 0.0605006 0.0579709 0.0549378 0.0516782 0.0484048 0.0452523 0.0422472 0.0392709 0.0360561 0.0322702 0.0276912 0.0223905 0.016791
 0.00638541 0.0104598 0.0159062 0.022729 0.0307376 0.0394132 0.0478868 0.0551591 0.0604668 0.0635208 0.0644699 0.0636955 0.0616314 0.0586799 0.0551901 0.0514491 0.0476759 0.0440121 0.0405017 0.0370643 0.033496 0.029538 0.0250219 0.0200197 0.0148898
 0.00661544 0.0108389 0.0164866 0.023563 0.0318676 0.0408558 0.0496154 0.0570963 0.0624933 0.0654973 0.0662606 0.0651863 0.0627383 0.0593508 0.0553982 0.0511835 0.0469329 0.0427928 0.0388198 0.034965 0.0310783 0.026967 0.022512 0.0177883 0.0130965
 0.00684924 0.0112191 0.0170591 0.0243708 0.032943 0.0422081 0.0512171 0.0588779 0.0643516 0.0673127 0.067915 0.066575 0.0637772 0.0599795 0.0555815 0.0509078 0.0461997 0.0416139 0.03722 0.0329947 0.0288323 0.0245949 0.0202058 0.0157417 0.0114523
 0.00703947 0.0115367 0.017552 0.0250882 0.0339239 0.0434645 0.052718 0.0605457 0.0660755 0.0689731 0.0694039 0.0678062 0.064686 0.0605204 0.0557247 0.0506378 0.0455143 0.0405234 0.035751 0.0311992 0.026801 0.0224635 0.0181439 0.013918 0.00998977
 0.00726737 0.0119048 0.0181018 0.0258567 0.034937 0.0447258 0.0541965 0.0621698 0.0677403 0.0705584 0.070795 0.0689097 0.0654385 0.0608887 0.0557004 0.0502282 0.0447347 0.0393951 0.0343051 0.0294875 0.0249072 0.0205091 0.0162763 0.0122808 0.00868527
 0.0074369 0.0121884 0.0185429 0.0264995 0.0358158 0.0458493 0.0555326 0.063643 0.0692455 0.0719834 0.0720402 0.0698969 0.0661125 0.0612161 0.0556684 0.0498415 0.0440113 0.0383623 0.0329998 0.0279623 0.0232397 0.0188052 0.0146615 0.0108746 0.00757059
 0.00753648 0.0123519 0.0187929 0.0268601 0.0363107 0.0464965 0.0563372 0.06459 0.0702952 0.073074 0.0730942 0.070832 0.0668538 0.0617053 0.0558679 0.0497344 0.0435983 0.0376596 0.0320387 0.0267918 0.0219309 0.017452 0.0133713 0.00974805 0.00667656
 0.00758767 0.0124293 0.0188991 0.0269957 0.0364772 0.0467002 0.0565913 0.0649133 0.0707071 0.0735853 0.0736987 0.0715 0.0675318 0.0623235 0.0563526 0.0500214 0.043643 0.037442 0.0315649 0.0260945 0.0210692 0.0165081 0.0124394 0.00891666 0.00600784
 0.00768509 0.0125778 0.0191038 0.0272537 0.0367776 0.0470254 0.0569191 0.0652217 0.0709814 0.0738252 0.0739191 0.0717239 0.0677758 0.0625846 0.0566032 0.0502138 0.043722 0.0373601 0.0312956 0.0256408 0.0204656 0.0158166 0.0117377 0.00827997 0.00549037
 0.00772588 0.0126436 0.0192017 0.0273891 0.036952 0.0472338 0.0571481 0.0654507 0.0711883 0.0739941 0.074047 0.0718219 0.0678646 0.0626844 0.0567223 0.0503408 0.0438246 0.0373939 0.0312186 0.0254293 0.0201248 0.0153822 0.0112667 0.00783397 0.0051176
 0.00776996 0.0127082 0.0192858 0.0274879 0.0370591 0.0473439 0.0572592 0.0655628 0.0713006 0.0741028 0.0741455 0.071904 0.0679289 0.0627364 0.0567715 0.0503933 0.0438759 0.0374246 0.0311995 0.025333 0.0199395 0.01512 0.0109618 0.00753075 0.00485532
 0.00780708 0.0127651 0.0193649 0.0275882 0.0371757 0.0474679 0.0573785 0.0656644 0.0713751 0.0741478 0.0741665 0.0719107 0.0679301 0.0627379 0.0567759 0.0504014 0.0438857 0.0374286 0.0311831 0.0252781 0.0198327 0.0149614 0.010768 0.0073297 0.00467539
 0.00786669 0.0128547 0.0194859 0.0277368 0.0373435 0.0476436 0.0575486 0.0658144 0.0714906 0.0742178 0.0741862 0.0718835 0.067867 0.0626534 0.0566845 0.0503137 0.0438069 0.0373577 0.0311133 0.0251985 0.0197333 0.0148383 0.0106275 0.00718671 0.00454726
 0.00786468 0.0128524 0.0194843 0.0277372 0.037347 0.0476504 0.057558 0.0658249 0.0715014 0.0742296 0.0742007 0.0719023 0.0678903 0.0626802 0.0567134 0.0503436 0.0438365 0.0373844 0.0311323 0.0252028 0.019716 0.0147964 0.0105644 0.00711241 0.00447442
 0.00788538 0.0128804 0.0195161 0.0277663 0.0373661 0.0476548 0.0575475 0.0658042 0.0714775 0.0742086 0.0741863 0.0718958 0.0678917 0.0626889 0.0567282 0.0503631 0.0438584 0.0374061 0.0311499 0.0252116 0.0197113 0.0147756 0.010529 0.00706802 0.0044291
 0.00791744 0.0129305 0.0195872 0.0278587 0.0374761 0.0477732 0.0576599 0.0658934 0.0715285 0.0742145 0.0741508 0.0718306 0.0678115 0.0626065 0.0566523 0.0502979 0.0438052 0.0373637 0.0311156 0.0251818 0.0196818 0.0147435 0.0104935 0.00703119 0.00439465
 0.00787838 0.0128692 0.0194994 0.027743 0.0373351 0.0476152 0.0574992 0.0657486 0.0714178 0.0741503 0.0741368 0.0718628 0.0678816 0.0627054 0.0567711 0.050428 0.0439383 0.0374918 0.0312316 0.0252798 0.0197578 0.014796 0.0105239 0.00704364 0.00439522
 0.00789011 0.0128764 0.0194887 0.0276953 0.0372317 0.0474466 0.0572729 0.0654898 0.0711631 0.0739369 0.0739927 0.0718019 0.067903 0.062797 0.0569146 0.0506035 0.0441276 0.0376796 0.0314058 0.0254313 0.0198809 0.0148882 0.0105866 0.00708136 0.00441443
 0.00788484 0.0128716 0.0194873 0.0277002 0.037242 0.0474534 0.0572585 0.0654329 0.0710493 0.0737693 0.0737947 0.0716104 0.0677552 0.0627179 0.0569115 0.0506678 0.0442409 0.0378204 0.0315542 0.0255714 0.0200016 0.0149835 0.0106552 0.00712581 0.00443996
 0.00787022 0.0128465 0.0194476 0.0276423 0.0371648 0.0473609 0.0571596 0.0653387 0.0709673 0.0736988 0.0737287 0.0715429 0.0676886 0.0626654 0.0568913 0.0506942 0.0443168 0.0379369 0.0316945 0.0257165 0.0201352 0.0150946 0.0107391 0.00718327 0.00447539
 0.00784886 0.0128086 0.0193849 0.0275457 0.0370269 0.0471803 0.0569452 0.0651101 0.0707515 0.0735228 0.073612 0.0714921 0.0676983 0.0627232 0.0569851 0.0508168 0.0444651 0.0381075 0.0318792 0.0259025 0.0203078 0.0152414 0.0108531 0.00726388 0.00452708
 0.00784745 0.0128035 0.0193717 0.0275178 0.0369766 0.0471002 0.0568309 0.0649623 0.0705782 0.0733395 0.0734399 0.0713537 0.0676116 0.0626966 0.0570166 0.0508968 0.0445816 0.0382492 0.032036 0.0260638 0.0204619 0.0153772 0.0109626 0.00734418 0.00458034
 0.00780579 0.0127404 0.0192856 0.0274098 0.0368503 0.0469602 0.0566817 0.0648091 0.0704267 0.0731969 0.0733148 0.0712566 0.0675538 0.0626879 0.0570622 0.050995 0.0447239 0.0384223 0.0322248 0.0262537 0.0206397 0.0155322 0.0110876 0.00743655 0.00464251
 0.00775512 0.0126559 0.0191549 0.0272221 0.0365999 0.0466531 0.0563393 0.0644665 0.070124 0.0729672 0.0731761 0.071211 0.0675924 0.0627977 0.0572305 0.0512102 0.0449741 0.0386941 0.0325028 0.0265216 0.0208828 0.0157388 0.0112511 0.0075561 0.00472263
 0.00775448 0.0126483 0.0191311 0.0271687 0.0365023 0.0464995 0.0561267 0.0642039 0.0698328 0.0726787 0.0729248 0.0710273 0.0674954 0.0627922 0.0573087 0.051357 0.0451718 0.0389248 0.0327493 0.026767 0.0211111 0.0159369 0.0114104 0.00767419 0.00480271
 0.00770187 0.0125697 0.0190254 0.0270385 0.0363516 0.0463314 0.0559416 0.0640012 0.0696149 0.0724544 0.0727117 0.070849 0.0673772 0.0627537 0.0573585 0.0514908 0.0453744 0.0391747 0.0330229 0.0270417 0.0213672 0.0161591 0.0115891 0.00780676 0.00489276
 0.00766824 0.0125114 0.0189315 0.026898 0.0361581 0.0460881 0.0556652 0.0637196 0.0693581 0.0722444 0.0725577 0.0707503 0.0673307 0.0627602 0.0574225 0.0516166 0.0455604 0.0394107 0.0332907 0.027319 0.0216315 0.0163918 0.0117782 0.00794792 0.00498915
 0.00762743 0.0124492 0.018845 0.0267866 0.0360217 0.0459264 0.0554783 0.0635107 0.0691369 0.0720285 0.0723693 0.07061 0.0672514 0.0627452 0.0574689 0.051719 0.0457135 0.0396076 0.0335204 0.0275651 0.0218741 0.0166116 0.011961 0.00808686 0.00508529
 0.00763958 0.0124604 0.0188466 0.0267656 0.0359651 0.0458271 0.0553391 0.0633437 0.0689583 0.0718528 0.0722068 0.070469 0.0671403 0.0626735 0.0574447 0.0517466 0.0457922 0.0397324 0.0336821 0.0277506 0.0220671 0.0167945 0.0121187 0.00821041 0.00517287
 0.00761966 0.0124364 0.0188251 0.0267563 0.0359755 0.0458563 0.0553742 0.0633629 0.0689403 0.0717868 0.0720973 0.0703321 0.0669973 0.0625437 0.0573434 0.0516845 0.0457757 0.0397629 0.0337558 0.0278582 0.0221948 0.0169262 0.0122395 0.00830953 0.00524572
 0.0075935 0.0123947 0.0187646 0.0266761 0.0358793 0.0457541 0.0552817 0.063297 0.0689114 0.0717922 0.0721211 0.0703537 0.0670014 0.0625274 0.0573153 0.0516593 0.045768 0.039783 0.0338077 0.027939 0.0222957 0.0170347 0.0123422 0.00839611 0.00531082
 0.00758065 0.0123743 0.0187347 0.0266352 0.0358264 0.0456894 0.0552079 0.0632203 0.0688417 0.0717407 0.0720962 0.0703564 0.0670237 0.0625562 0.0573386 0.0516728 0.045776 0.0397954 0.0338343 0.027985 0.0223598 0.0171097 0.012418 0.00846322 0.00536326
 0.00757864 0.0123721 0.0187333 0.0266359 0.0358302 0.0456959 0.0552145 0.0632229 0.0688361 0.0717246 0.072071 0.0703268 0.0669957 0.0625336 0.0573214 0.0516582 0.0457617 0.0397825 0.0338277 0.0279905 0.0223804 0.0171437 0.0124596 0.00850468 0.00539847
 0.00754249 0.0123164 0.0186555 0.0265361 0.0357121 0.0455668 0.0550856 0.0631077 0.0687474 0.0716712 0.0720555 0.0703459 0.0670428 0.0626014 0.0574031 0.0517471 0.0458517 0.0398687 0.0339077 0.0280644 0.0224497 0.0172087 0.0125188 0.00855523 0.00543792
 0.00755017 0.0123259 0.0186642 0.0265397 0.0357057 0.0455469 0.0550514 0.063062 0.0686957 0.0716201 0.072011 0.0703124 0.0670225 0.0625944 0.0574081 0.0517619 0.045874 0.039896 0.033938 0.0280964 0.0224828 0.0172423 0.0125514 0.00858484 0.00546233
 0.00753586 0.0123059 0.01864 0.0265144 0.0356824 0.0455268 0.0550326 0.0630405 0.0686677 0.0715849 0.071972 0.070276 0.0669958 0.0625823 0.0574122 0.0517809 0.0459047 0.0399344 0.0339803 0.0281396 0.0225246 0.0172812 0.012586 0.00861391 0.005485
 0.00752155 0.0122803 0.0185975 0.0264493 0.0355913 0.0454122 0.0549047 0.0629155 0.068563 0.0715127 0.0719361 0.0702733 0.0670198 0.0626273 0.057474 0.0518561 0.0459895 0.0400243 0.0340702 0.0282248 0.0226013 0.0173468 0.0126393 0.00865477 0.00551426
 0.0074972 0.0122428 0.0185447 0.0263803 0.0355059 0.0453104 0.054788 0.0627883 0.0684341 0.0713953 0.0718453 0.0702219 0.0670138 0.0626647 0.057547 0.0519544 0.0461029 0.0401442 0.0341893 0.028337 0.0227014 0.0174313 0.0127065 0.00870474 0.00554883
 0.00750721 0.012256 0.0185591 0.0263919 0.03551 0.0453032 0.0547671 0.0627531 0.0683851 0.0713337 0.071774 0.0701465 0.0669437 0.0626104 0.0575169 0.0519523 0.0461272 0.0401893 0.0342478 0.0284012 0.0227648 0.0174887 0.0127543 0.00874153 0.00557484
 0.00748889 0.0122307 0.018529 0.0263613 0.0354839 0.0452839 0.0547535 0.0627406 0.068368 0.0713086 0.0717406 0.0701077 0.066904 0.0625758 0.0574937 0.051946 0.0461411 0.0402233 0.034298 0.0284613 0.0228273 0.017547 0.0128039 0.00877989 0.00560195
 0.00748889 0.0122307 0.018529 0.0263613 0.0354839 0.0452839 0.0547535 0.0627406 0.068368 0.0713086 0.0717406 0.0701077 0.066904 0.0625758 0.0574937 0.051946 0.0461411 0.0402233 0.034298 0.0284613 0.0228273 0.017547 0.0128039 0.00877989 0.00560195
 0.00722925 0.0118154 0.0179191 0.0255312 0.0344335 0.0440545 0.0534383 0.0614788 0.0673153 0.0705956 0.0714397 0.0702233 0.0673841 0.0633337 0.0584311 0.0529704 0.0471756 0.0412103 0.0351972 0.0292462 0.0234827 0.0180675 0.013194 0.00905348 0.00577986
 0.00711917 0.0116098 0.0175607 0.0249523 0.0335738 0.0428902 0.0520091 0.0598969 0.0657482 0.0692297 0.0704413 0.0697062 0.0673918 0.0638365 0.0593393 0.0541582 0.048509 0.0425683 0.0364844 0.0303956 0.0244538 0.0188429 0.0137762 0.00946172 0.00604502
 0.0071578 0.0116688 0.0176397 0.0250404 0.0336422 0.0428862 0.0518587 0.059522 0.0650996 0.068321 0.0693642 0.0686154 0.0664632 0.0632186 0.0591159 0.0543349 0.0490225 0.0433124 0.0373398 0.0312548 0.0252356 0.0194972 0.0142825 0.0098236 0.00628306
 0.00717119 0.0117016 0.0177087 0.0251664 0.0338423 0.043161 0.0521798 0.0598269 0.0652989 0.0683194 0.0690917 0.0680587 0.0656839 0.0623463 0.0583126 0.0537462 0.0487354 0.0433373 0.0376202 0.0316956 0.0257352 0.0199723 0.0146803 0.0101224 0.00648595
 0.00713945 0.0116569 0.0176552 0.0251146 0.0338092 0.043168 0.0522481 0.0599694 0.0655082 0.0685589 0.0692947 0.0681434 0.0655831 0.0620391 0.0578437 0.0532177 0.0482734 0.0430461 0.0375484 0.0318272 0.0260061 0.0203011 0.014996 0.0103808 0.00667132
 0.00723956 0.011819 0.0178973 0.0254514 0.0342469 0.0436983 0.052843 0.0605817 0.0660814 0.0690378 0.0696324 0.068301 0.0655279 0.0617494 0.0573229 0.0525102 0.0474672 0.0422561 0.0368825 0.0313528 0.0257353 0.0201978 0.0150003 0.0104345 0.00673334
#pred catch len freq
 0.00448044 0.00708769 0.010334 0.0141356 0.0184362 0.0231869 0.0282765 0.0334993 0.0385957 0.0433177 0.0474687 0.0509165 0.0536012 0.0555358 0.0567917 0.0574818 0.0577454 0.057719 0.0574619 0.0568333 0.055395 0.0524738 0.0474646 0.0402584 0.0315028
 0.0046466 0.00729254 0.0105248 0.0142311 0.018359 0.0229081 0.0278453 0.0330308 0.038219 0.0431157 0.0474472 0.0510214 0.0537659 0.0557266 0.0570263 0.0578105 0.0582082 0.0582998 0.058066 0.0573062 0.0555824 0.0522941 0.0469521 0.0395493 0.0307711
 0.00482893 0.00758138 0.0109404 0.0147741 0.0189956 0.0235582 0.0283859 0.0333303 0.038195 0.0427843 0.0469241 0.0504666 0.0533093 0.0554257 0.0568769 0.0577877 0.0582951 0.0584812 0.0582987 0.0575011 0.0556239 0.052094 0.0465009 0.0389281 0.0301125
 0.00503167 0.00789912 0.0113978 0.0153892 0.0197795 0.0245097 0.0294777 0.0344896 0.0392947 0.0436599 0.0474242 0.0505146 0.0529411 0.0547729 0.0561058 0.0570353 0.0576371 0.0579343 0.0578347 0.0570589 0.0551261 0.0514788 0.0457587 0.0381164 0.0293324
 0.00528608 0.00829126 0.011949 0.0161083 0.0206657 0.0255572 0.0306744 0.0358098 0.0406868 0.0450352 0.0486521 0.0514382 0.053417 0.054724 0.0555569 0.0561054 0.0564898 0.056716 0.0566329 0.0558957 0.0539814 0.0503282 0.0446095 0.0370206 0.0283687
 0.0055618 0.00872171 0.0125642 0.0169258 0.0216902 0.0267798 0.0320693 0.0373317 0.0422726 0.0466083 0.0501238 0.0527047 0.0543581 0.0552173 0.0555098 0.0554926 0.0553718 0.0552224 0.0549172 0.0540892 0.0521736 0.0485792 0.0429759 0.03557 0.027169
 0.00588564 0.00922538 0.0132808 0.0178739 0.0228752 0.0281941 0.0336889 0.0391089 0.0441333 0.0484569 0.051853 0.054205 0.0555243 0.0559504 0.0557209 0.055116 0.0543876 0.0536764 0.052922 0.051802 0.0497654 0.0462115 0.0407913 0.0336861 0.0256654
 0.00624054 0.00977781 0.0140676 0.018916 0.0241786 0.0297508 0.0354724 0.0410678 0.0461893 0.0505091 0.0537868 0.055902 0.0568716 0.0568472 0.0560821 0.054875 0.0535039 0.0521516 0.050818 0.0492501 0.0469566 0.0433701 0.0381396 0.0314063 0.0238691
 0.00660662 0.0103476 0.0148792 0.0199909 0.0255234 0.0313576 0.0373145 0.0430934 0.0483192 0.0526416 0.0558071 0.0576918 0.0583179 0.057849 0.0565534 0.0547461 0.0527252 0.0507036 0.0487309 0.0466247 0.0439736 0.0402756 0.0352024 0.0288611 0.0218634
 0.00705223 0.011031 0.0158326 0.021221 0.0270169 0.0330896 0.0392493 0.0451789 0.0504813 0.0547847 0.057821 0.0594618 0.0597352 0.0588184 0.0569964 0.0545995 0.0519409 0.0492553 0.0466318 0.0439529 0.0408929 0.0370316 0.0320844 0.026135 0.0197054
 0.00754913 0.0117955 0.016903 0.0226056 0.0286966 0.0350229 0.0413728 0.0474064 0.052709 0.0569039 0.0597295 0.0610702 0.0609665 0.0596059 0.0572822 0.0543333 0.0510803 0.0477726 0.04453 0.0412927 0.0378178 0.0337729 0.0289287 0.0233572 0.0174953
 0.00802311 0.0125369 0.0179648 0.0240193 0.0304692 0.0371319 0.0437568 0.049958 0.055281 0.0593294 0.061849 0.0627542 0.0621279 0.0602004 0.057297 0.0537703 0.0499428 0.046063 0.0422641 0.0385276 0.0346824 0.0304798 0.0257488 0.0205576 0.0152648
 0.00835555 0.0130599 0.0187213 0.0250421 0.0317813 0.0387441 0.0456584 0.0521037 0.0575819 0.0616539 0.0640355 0.0646339 0.0635523 0.0610644 0.0575478 0.0534002 0.0489714 0.0445223 0.0401967 0.0360036 0.0318246 0.0274794 0.0228481 0.0179979 0.0132197
 0.00865659 0.0135257 0.0193796 0.025907 0.0328567 0.0400277 0.0471409 0.0537624 0.0593733 0.0635091 0.0658587 0.0663062 0.0649429 0.062048 0.0580242 0.0533083 0.0482929 0.0432753 0.0384302 0.0337996 0.0293099 0.0248328 0.0202871 0.0157355 0.0114094
 0.00890674 0.0139236 0.019962 0.026702 0.033879 0.0412713 0.0485719 0.0553179 0.0609716 0.0650659 0.0672997 0.0675681 0.0659668 0.0627724 0.0583844 0.0532435 0.047758 0.0422534 0.0369415 0.0319091 0.0271328 0.0225333 0.0180602 0.0137688 0.00983607
 0.00912692 0.014278 0.0204895 0.0274381 0.0348511 0.0424899 0.0500178 0.0569329 0.0626589 0.0667031 0.0687601 0.0687448 0.0667895 0.0632101 0.0584346 0.0529138 0.0470539 0.0411787 0.0355111 0.0301677 0.0251698 0.0204851 0.0160927 0.0120414 0.00846037
 0.00920846 0.0144162 0.0207092 0.0277698 0.0353291 0.0431473 0.0508772 0.0579954 0.0638947 0.0680458 0.0701102 0.0699826 0.0677979 0.0638978 0.0587497 0.0528438 0.0466125 0.0403919 0.0344126 0.0288052 0.0236188 0.0188557 0.0145195 0.0106551 0.00735354
 0.0092258 0.0144371 0.020729 0.0277842 0.0353414 0.0431779 0.0509687 0.058207 0.0642852 0.0686509 0.0709229 0.0709469 0.0688158 0.0648493 0.0595173 0.0533352 0.0467734 0.040207 0.0338992 0.0280082 0.0226099 0.0177327 0.0133969 0.00964381 0.0065341
 0.00929883 0.0145345 0.0208357 0.0278719 0.0353758 0.043131 0.0508325 0.0580033 0.0640678 0.0684983 0.0709207 0.0711611 0.0692663 0.0654955 0.0602642 0.0540573 0.0473475 0.0405393 0.0339413 0.0277607 0.0221181 0.0170772 0.0126782 0.00896087 0.00596213
 0.00946938 0.0147928 0.0211878 0.0283077 0.0358681 0.0436362 0.0512935 0.0583573 0.0642613 0.0685079 0.070767 0.0709089 0.0690056 0.0653104 0.0602022 0.0541114 0.0474595 0.040623 0.0339143 0.0275717 0.0217618 0.0165928 0.0121352 0.0084364 0.00551804
 0.00951132 0.0148588 0.0212834 0.0284374 0.0360352 0.0438422 0.0515346 0.0586201 0.0645197 0.0687242 0.0709026 0.0709395 0.068936 0.0651781 0.0600641 0.0540185 0.0474321 0.0406406 0.0339251 0.0275181 0.0216072 0.016337 0.0118132 0.00810131 0.00521993
