SBPRF35
12.7214
Curr Bio
829857
B35
846963
F35
0.16992
FOFL
0.160623
OFL
105770
Bzero
3.63469e+006
#pred survey bio
 2.97062e+006 2.70383e+006 2.46406e+006 2.22498e+006 2.01533e+006 1.77684e+006 1.59895e+006 1.42709e+006 1.27778e+006 1.11824e+006 1.01422e+006 915613 810328 746969 687628 650255 614838 592721 575396 563363 556317 546794 540517 542441 535200 545443 547064 551090 557274 568561 579440 585763 606654 623093 619266 640827 649464 661330 655215 662422 666298 663033 660874 669188 664985 653418 662460 713996 754673 805217 841010 831833 835306 2.82811e+007 1.67661e+007 1.69322e+007 1.77656e+007 1.90519e+007 2.0528e+007 2.19912e+007 2.33193e+007 2.44569e+007 2.53933e+007 2.6143e+007 2.67316e+007 2.71877e+007 2.75381e+007 2.78059e+007 2.801e+007 2.81656e+007 2.82844e+007 2.83753e+007 2.84451e+007 2.84989e+007 2.85406e+007 2.85731e+007 2.85985e+007 2.86184e+007 2.86342e+007 2.86466e+007 2.86565e+007 2.86644e+007 2.86707e+007 2.86757e+007 2.86798e+007 2.8683e+007 2.86857e+007 2.86878e+007 2.86896e+007 2.8691e+007 2.86922e+007 2.86931e+007 2.86939e+007 2.86945e+007 2.8695e+007 2.86954e+007 2.86957e+007 2.8696e+007 2.86962e+007 2.86964e+007 2.86966e+007 2.86967e+007 2.86968e+007 2.86969e+007 2.8697e+007 2.8697e+007 2.86971e+007 2.86971e+007 2.86971e+007 2.86971e+007 2.86972e+007 2.86972e+007 2.86972e+007 2.86972e+007 2.86972e+007 2.86972e+007 2.86972e+007 2.86972e+007 2.86972e+007 2.86972e+007 2.86972e+007 2.86972e+007 2.86972e+007 2.86972e+007 2.86973e+007 2.86973e+007 2.86973e+007 2.86973e+007 2.86973e+007 2.86973e+007 2.86973e+007 2.86973e+007 2.86973e+007 2.86973e+007 2.86973e+007 2.86973e+007 2.86973e+007 2.86973e+007 2.86973e+007 2.86973e+007 2.86973e+007 2.86973e+007 2.86973e+007 2.86973e+007 2.86973e+007 2.86973e+007 2.86973e+007 2.86973e+007 2.86973e+007 2.86973e+007 2.86973e+007 2.86973e+007 2.86973e+007 0 0 0 0 0 0 0 0 0 0 0 0 0 0 0 0 0 0 0 0 0 0 0 0 0
#obs survey bio
 2.73138e+006 2.784e+006 2.13987e+006 1.46039e+006 1.27091e+006 1.76777e+006 1.60068e+006 1.57013e+006 955009 1.39344e+006 883068 684879 724084 965328 629276 946457 774042 578671 512887 592573 425982 628366 485705 471059 478179 592549 674321 627431 619017 333387 376844 520477 635322 644318 559594 665303 546906 587522 646026 621847 527071 560297 587099 598209 776671 583562 624979 598412 689308 903465 1.01288e+006 1.15683e+006 796446
#pred catch bio
 285514 274844 289004 276682 315268 270447 272447 257745 269527 222009 218579 222668 182735 174939 151662 145818 130658 123605 116545 110396 110874 106704 99287.2 106549 91450 98799.3 96486.1 95046.6 92213.8 94868.2 100494 89856.1 95363.5 112438 90871.1 102508 99753.7 114423 102448 105683 112075 111329 103025 113835 118901 101048 67667.9 79901.6 72755.5 85674.4 121950 107440 129411 105770 109892 109718 113730 121375 130526 139609 147758 154612 160121 164406 167657 170076 171850 173136 174059 174717 175183 175512 175743 175905 176018 176097 176152 176190 176216 176235 176247 176256 176262 176266 176269 176271 176272 176273 176274 176274 176275 176275 176275 176275 176275 176275 176275 176275 176275 176275 176275 176275 176275 176275 176275 176275 176275 176275 176275 176275 176275 176275 176275 176275 176275 176275 176275 176275 176275 176275 176275 176275 176275 176275 176275 176275 176275 176275 176275 176275 176275 176275 176275 176275 176275 176275 176275 176275 176275 176275 176275 176275 176275 176275 176275 176275 176275 176275 176275 176275 176275 176275 176275 0 0 0 0 0 0 0 0 0 0 0 0 0 0 0 0 0 0 0 0 0 0 0 0 0
#obs catch bio
 246534 274906 289727 277533 318756 272852 273478 257613 272082 222137 218780 225948 185132 176237 152712 146637 131002 124351 116989 110439 111145 106644 99297.9 107300 91855.7 98885.9 96342.6 94748.4 91963.3 95383.1 101829 90441.2 96039.4 113378 91137.9 102798 99904.5 114534 102332 105509 112090 111865 103527 114433 119518 101409 67489.5 80464.4 72928.1 85806.5 122668 107057 129633
#pred cpue bio
 2.92355e+006 2.65857e+006 2.42016e+006 2.18186e+006 1.97279e+006 1.73573e+006 1.55901e+006 1.38857e+006 1.24033e+006 1.08242e+006 979289 881593 777929 716035 658492 622329 588150 566903 550299 538853 532194 523053 517025 518906 511910 522045 523829 527835 533798 544512 554746 560781 581223 597446 593921 615112 623750 635500 629660 636719 640443 637077 634815 642919 638949 627796 636587 687016 727377 777548 813226 804681 808503 2.73905e+007 1.62467e+007 1.62751e+007 1.69379e+007 1.81591e+007 1.96185e+007 2.10781e+007 2.24054e+007 2.35429e+007 2.44792e+007 2.52289e+007 2.58176e+007 2.62737e+007 2.66241e+007 2.68919e+007 2.7096e+007 2.72516e+007 2.73704e+007 2.74613e+007 2.75311e+007 2.75849e+007 2.76266e+007 2.76591e+007 2.76845e+007 2.77044e+007 2.77201e+007 2.77326e+007 2.77425e+007 2.77503e+007 2.77566e+007 2.77617e+007 2.77657e+007 2.7769e+007 2.77717e+007 2.77738e+007 2.77756e+007 2.7777e+007 2.77781e+007 2.77791e+007 2.77798e+007 2.77804e+007 2.77809e+007 2.77814e+007 2.77817e+007 2.7782e+007 2.77822e+007 2.77824e+007 2.77825e+007 2.77827e+007 2.77828e+007 2.77828e+007 2.77829e+007 2.7783e+007 2.7783e+007 2.77831e+007 2.77831e+007 2.77831e+007 2.77831e+007 2.77831e+007 2.77832e+007 2.77832e+007 2.77832e+007 2.77832e+007 2.77832e+007 2.77832e+007 2.77832e+007 2.77832e+007 2.77832e+007 2.77832e+007 2.77832e+007 2.77832e+007 2.77832e+007 2.77832e+007 2.77832e+007 2.77832e+007 2.77832e+007 2.77832e+007 2.77832e+007 2.77832e+007 2.77832e+007 2.77832e+007 2.77832e+007 2.77832e+007 2.77832e+007 2.77832e+007 2.77832e+007 2.77832e+007 2.77832e+007 2.77832e+007 2.77832e+007 2.77832e+007 2.77832e+007 2.77832e+007 2.77832e+007 2.77832e+007 2.77832e+007 2.77832e+007 2.77832e+007 2.77832e+007 2.77832e+007 0 0 0 0 0 0 0 0 0 0 0 0 0 0 0 0 0 0 0 0 0 0 0 0 0
#obs cpue bio
 2.88056e+006 2.41823e+006 2.46887e+006 2.40908e+006 2.14113e+006 1.33823e+006 2.61174e+006 1.54089e+006 989428 1.13331e+006 1.14354e+006 573970 629047 738320 588429 454764 486254 448593 650320 598260 621791 545579 495610 433726 469942 733246 478903 547172 461110 475665 474017 691266 500729 681982 551897 799288 650625 957158 602299 763987 740469 506519 547190 775443 570344 745168 624164 516912 752991 831868 778944 809686 759782
#pred surv len freq
 0.00482431 0.00792265 0.0120896 0.0173522 0.0235962 0.0304645 0.0373377 0.0434977 0.0483983 0.0518401 0.0539383 0.0549665 0.0552177 0.0549399 0.0543224 0.0535025 0.0525799 0.0516184 0.0506066 0.0493764 0.0475371 0.0445345 0.0398947 0.0335601 0.0260818
 0.00513463 0.00836788 0.0126541 0.0179957 0.0242798 0.0311849 0.0381421 0.0444604 0.0495658 0.0531785 0.0553199 0.0562086 0.0561509 0.0554676 0.054441 0.0532785 0.0520995 0.0509361 0.0497184 0.0482328 0.0460947 0.0428173 0.0380264 0.0317383 0.0245062
 0.00541596 0.00883784 0.0133799 0.0190349 0.025654 0.0328483 0.0399669 0.0462638 0.0511766 0.0545029 0.0563575 0.0570057 0.0567327 0.0558031 0.0544633 0.0529332 0.051378 0.0498707 0.0483516 0.0465949 0.0442136 0.0407552 0.0359087 0.0297426 0.0228082
 0.00569319 0.00928802 0.0140579 0.019995 0.026943 0.03449 0.041939 0.0484766 0.053469 0.0566665 0.0581863 0.0583524 0.0575399 0.0560915 0.0542862 0.052334 0.0503775 0.0484817 0.0465983 0.0445238 0.0418996 0.0383117 0.0334924 0.0275354 0.0209713
 0.00587305 0.00959588 0.0145502 0.0207347 0.0279878 0.0358732 0.0436504 0.0504554 0.0556111 0.0588379 0.0602347 0.0601174 0.0588725 0.0568814 0.0544839 0.0519493 0.0494568 0.0470816 0.044776 0.0423464 0.0394635 0.0357563 0.0309964 0.0252881 0.0191261
 0.0061122 0.0099874 0.0151453 0.0215851 0.0291384 0.0373486 0.0454397 0.0525016 0.0578137 0.0610668 0.0623468 0.0619699 0.0603326 0.0578351 0.0548462 0.0516754 0.0485477 0.0455802 0.0427579 0.039915 0.0367547 0.032945 0.0282879 0.0228853 0.0171815
 0.00634408 0.0103507 0.0156677 0.0222859 0.0300295 0.0384348 0.0467155 0.053947 0.0593921 0.0627243 0.0640123 0.0635552 0.0617337 0.0589379 0.0555377 0.0518577 0.0481538 0.0445872 0.0411956 0.0378692 0.0343669 0.0304049 0.0258129 0.0206825 0.0154009
 0.00665418 0.0108451 0.0163923 0.023274 0.0312921 0.0399488 0.048414 0.0557241 0.0611262 0.0643107 0.0653844 0.064683 0.0626047 0.0595341 0.0558207 0.0517686 0.0476254 0.043566 0.0396667 0.0358782 0.032031 0.0279074 0.0233751 0.0185162 0.013657
 0.00684898 0.0111815 0.0169344 0.0240918 0.0324436 0.0414526 0.0502241 0.0577236 0.063149 0.0661815 0.0669582 0.0658689 0.06337 0.0598902 0.0557977 0.0513887 0.0468873 0.0424489 0.0381528 0.0339855 0.029841 0.0255719 0.0210938 0.016488 0.0120257
 0.00720013 0.0117316 0.0177247 0.0251503 0.0337844 0.0430729 0.0520949 0.0597767 0.0652712 0.0682209 0.0687448 0.0672457 0.0642245 0.0601758 0.0555333 0.0506363 0.0457205 0.0409275 0.0363193 0.0318842 0.0275477 0.0232138 0.0188398 0.0145103 0.0104488
 0.00747915 0.0121719 0.0183621 0.0260076 0.0348668 0.0443618 0.053543 0.061312 0.0668106 0.0696865 0.0700696 0.0683658 0.0650693 0.0606706 0.0556161 0.0502775 0.0449301 0.0397471 0.034808 0.0301128 0.025606 0.0212207 0.0169391 0.0128447 0.00912109
 0.00755257 0.0123377 0.0186961 0.0266053 0.0358154 0.0456986 0.0552205 0.0631947 0.0687103 0.0714177 0.0714943 0.0694101 0.0657125 0.0609204 0.0554864 0.0497788 0.0440733 0.0385547 0.0333229 0.0284022 0.0237632 0.0193628 0.0151969 0.011339 0.00793361
 0.00760984 0.0124479 0.0188962 0.0269477 0.0363644 0.0465191 0.056358 0.0646505 0.0704197 0.0732426 0.0732422 0.0708788 0.0667435 0.0614339 0.0554821 0.0493092 0.0432105 0.0373697 0.0318826 0.0267793 0.0220466 0.0176597 0.013623 0.0099964 0.00688662
 0.00762258 0.0124529 0.018877 0.0268852 0.0362505 0.0463744 0.0562447 0.0646679 0.0706778 0.0738214 0.0741538 0.0720486 0.0680214 0.0626325 0.0564281 0.0498847 0.0433684 0.0371236 0.0312868 0.0259114 0.0210005 0.0165415 0.0125419 0.00904828 0.00613426
 0.00774344 0.0126371 0.0191299 0.0271998 0.036605 0.0467329 0.0565624 0.0649051 0.0708207 0.0738998 0.0742386 0.0722239 0.0683416 0.0630888 0.0569425 0.0503362 0.043636 0.0371245 0.0309948 0.0253558 0.020252 0.0156956 0.0117 0.00829859 0.00553483
 0.00773845 0.0126371 0.0191445 0.027242 0.0366872 0.0468592 0.0567234 0.0650769 0.0709726 0.0740071 0.0742977 0.0722604 0.068405 0.063231 0.0571885 0.0506624 0.0439705 0.0373719 0.0310722 0.0252225 0.0199209 0.015225 0.0111724 0.00779544 0.00511553
 0.00782284 0.012757 0.0192935 0.0274048 0.0368456 0.0470014 0.0568489 0.0651938 0.071088 0.0741182 0.0743898 0.0723159 0.0684173 0.0632139 0.0571723 0.0506766 0.0440221 0.0374346 0.0310947 0.0251532 0.0197336 0.0149322 0.0108195 0.00744102 0.00480949
 0.00784159 0.0127877 0.0193394 0.027467 0.0369202 0.0470776 0.0569093 0.0652208 0.0710731 0.0740694 0.0743299 0.0722715 0.0684059 0.0632391 0.0572288 0.0507573 0.0441209 0.0375399 0.0311838 0.0251947 0.019701 0.0148186 0.0106436 0.00723903 0.00461977
 0.00785188 0.0128009 0.019353 0.0274769 0.0369227 0.0470712 0.0568958 0.0652033 0.0710534 0.0740465 0.0743023 0.0722414 0.0683821 0.0632341 0.0572528 0.0508135 0.0442039 0.0376374 0.0312778 0.0252638 0.0197255 0.0147884 0.0105642 0.00713025 0.00450706
 0.00789575 0.0128588 0.0194154 0.0275266 0.0369395 0.0470398 0.0568123 0.0650775 0.0709057 0.0739009 0.07418 0.0721564 0.0683399 0.063234 0.0572913 0.050886 0.0443039 0.0377547 0.031398 0.0253693 0.0197995 0.0148203 0.0105539 0.00708886 0.00445158
 0.00790361 0.0128726 0.0194371 0.0275568 0.0369748 0.0470697 0.0568198 0.0650434 0.0708173 0.0737611 0.0740093 0.0719871 0.0682044 0.0631544 0.0572751 0.0509281 0.0443915 0.0378718 0.0315271 0.0254927 0.0199011 0.014889 0.0105866 0.00709089 0.00443435
 0.00794227 0.0129311 0.0195171 0.027657 0.0370911 0.0471961 0.0569473 0.0651587 0.0709028 0.0737973 0.0739808 0.0718903 0.0680517 0.0629725 0.0570964 0.0507804 0.0442909 0.0378207 0.0315172 0.0255093 0.019928 0.0149122 0.0105979 0.00708863 0.00442235
 0.00801762 0.0130394 0.0196537 0.0278084 0.0372388 0.0473226 0.0570411 0.0652162 0.0709256 0.073789 0.0739441 0.071825 0.0679569 0.0628504 0.0569557 0.0506368 0.044163 0.0377232 0.0314564 0.0254818 0.0199235 0.0149183 0.0106043 0.00709004 0.00441824
 0.00794262 0.0129367 0.0195342 0.0276926 0.0371492 0.0472726 0.0570279 0.0652227 0.0709319 0.0737838 0.0739304 0.0718153 0.0679636 0.0628778 0.0569997 0.0506892 0.0442179 0.0377794 0.0315153 0.0255441 0.0199863 0.0149759 0.010651 0.00712264 0.00443731
 0.00794167 0.012933 0.0195254 0.0276777 0.0371315 0.0472628 0.0570431 0.0652799 0.0710366 0.0739225 0.0740717 0.0719233 0.0680138 0.0628661 0.0569391 0.0506007 0.0441207 0.0376878 0.0314382 0.0254861 0.019948 0.0149545 0.0106412 0.00711895 0.00443574
 0.00785918 0.0127928 0.0193041 0.0273521 0.0366869 0.0467051 0.0564097 0.0646405 0.0704805 0.0735348 0.0739094 0.0720001 0.0682989 0.0632974 0.0574448 0.0511181 0.0446072 0.0381205 0.0318085 0.0257932 0.020195 0.0151456 0.0107819 0.00721613 0.0044978
 0.00788673 0.0128304 0.0193465 0.0273871 0.0366955 0.0466633 0.056293 0.0644321 0.0701812 0.0731714 0.0735343 0.0716793 0.0680913 0.0632356 0.057526 0.0513098 0.0448624 0.038394 0.0320673 0.0260188 0.0203801 0.0152898 0.0108884 0.00729013 0.00454552
 0.00795199 0.0129229 0.0194603 0.0275073 0.0368013 0.0467329 0.0563081 0.0643791 0.070052 0.072965 0.0732615 0.0713668 0.0677816 0.0629787 0.0573645 0.0512651 0.0449284 0.0385419 0.0322581 0.0262163 0.0205587 0.0154362 0.0109989 0.00736731 0.00459536
 0.00808702 0.0131211 0.0197181 0.0278062 0.0371105 0.0470159 0.056529 0.0645075 0.0700671 0.0728601 0.0730453 0.0710622 0.0674222 0.0626047 0.0570187 0.0509865 0.0447429 0.0384561 0.0322583 0.0262752 0.0206455 0.0155257 0.0110755 0.00742487 0.00463405
 0.0081218 0.0131869 0.0198332 0.02799 0.0373749 0.0473537 0.0569055 0.0648648 0.0703401 0.0729982 0.0730274 0.0708984 0.0671448 0.062257 0.0566461 0.0506311 0.0444401 0.0382299 0.0321171 0.0262112 0.0206389 0.0155522 0.0111139 0.007461 0.00466154
 0.00798842 0.013004 0.0196215 0.0277916 0.0372439 0.0473391 0.0570348 0.0651339 0.0707128 0.0734132 0.0734119 0.0711862 0.0672939 0.0622586 0.056523 0.0504263 0.0442033 0.0380054 0.0319365 0.0260892 0.0205741 0.0155316 0.0111199 0.00747793 0.004679
 0.00794439 0.0129225 0.0194827 0.027577 0.0369482 0.0469852 0.0566811 0.064865 0.0706101 0.0735204 0.073714 0.0716148 0.067753 0.0626581 0.0568038 0.0505703 0.0442287 0.0379524 0.0318502 0.0260063 0.0205156 0.0155028 0.011115 0.00748649 0.00469172
 0.00780721 0.0127067 0.0191711 0.0271579 0.0364175 0.04635 0.0559682 0.0641277 0.0699307 0.0729991 0.0734456 0.0716575 0.0681051 0.0632537 0.0575337 0.0513182 0.0449042 0.038508 0.032279 0.0263268 0.0207545 0.0156827 0.0112502 0.00758519 0.00475956
 0.00768441 0.0125162 0.0189014 0.0268046 0.0359836 0.0458464 0.0554144 0.0635529 0.0693721 0.0725008 0.0730573 0.0714321 0.0680892 0.0634715 0.0579708 0.0519173 0.0455795 0.0391713 0.0328648 0.0268031 0.0211188 0.0159497 0.0114394 0.00771457 0.00484379
 0.00773044 0.0125827 0.0189858 0.0268984 0.0360735 0.0459169 0.0554491 0.0635358 0.0692889 0.0723413 0.0728215 0.0711364 0.0677703 0.0631826 0.0577676 0.0518391 0.045633 0.039329 0.0330778 0.0270216 0.0213083 0.0160957 0.0115429 0.00778366 0.00488771
 0.00761275 0.0123944 0.0187085 0.0265189 0.0355881 0.0453376 0.0548096 0.0628909 0.0687046 0.0718793 0.072524 0.071019 0.0678247 0.0633864 0.0580958 0.05227 0.0461464 0.0398983 0.0336655 0.0275831 0.0218022 0.0164951 0.0118403 0.00798775 0.005017
 0.0075821 0.0123453 0.0186358 0.0264167 0.0354501 0.045157 0.054581 0.0626134 0.0683867 0.0715412 0.0721967 0.070739 0.0676256 0.0632909 0.058113 0.0523966 0.0463707 0.040202 0.034023 0.0279616 0.0221658 0.0168121 0.0120911 0.00816795 0.0051346
 0.00751613 0.012242 0.0184876 0.02622 0.0352056 0.0448712 0.054267 0.0622898 0.0680739 0.0712573 0.0719559 0.0705531 0.0675069 0.0632525 0.058166 0.0525459 0.0466114 0.0405194 0.0343933 0.0283543 0.0225475 0.0171521 0.0123675 0.00837232 0.00527153
 0.00758935 0.0123522 0.0186367 0.0264029 0.0354104 0.0450802 0.0544576 0.0624365 0.0681514 0.0712462 0.0718472 0.0703513 0.0672302 0.0629316 0.0578395 0.0522539 0.046388 0.0403858 0.034354 0.0283973 0.0226483 0.0172807 0.012496 0.00848107 0.00535159
 0.00761326 0.012383 0.0186683 0.0264245 0.0354099 0.0450486 0.0543931 0.0623453 0.068045 0.0711367 0.0717435 0.0702571 0.0671446 0.062852 0.0577663 0.0521938 0.0463535 0.0403912 0.0344088 0.0285009 0.0227884 0.0174366 0.0126452 0.00860611 0.00544414
 0.00765283 0.0124467 0.0187622 0.0265521 0.0355687 0.0452272 0.0545694 0.0624899 0.0681299 0.0711452 0.0716756 0.0701272 0.0669744 0.0626626 0.0575741 0.0520113 0.0461922 0.0402631 0.034325 0.0284676 0.022803 0.0174872 0.0127143 0.00867603 0.0055025
 0.00766229 0.0124741 0.0188253 0.0266738 0.0357706 0.0455182 0.0549367 0.0628961 0.0685205 0.0714619 0.0718712 0.0701762 0.0668772 0.0624423 0.0572683 0.0516618 0.045837 0.0399331 0.0340431 0.0282482 0.0226511 0.017398 0.0126745 0.00866826 0.00551051
 0.00764902 0.0124542 0.0187994 0.0266462 0.0357514 0.045525 0.0549924 0.063023 0.0687285 0.0717386 0.072179 0.070461 0.0670851 0.0625367 0.057239 0.0515246 0.0456254 0.0396868 0.0337993 0.0280353 0.0224859 0.0172853 0.0126089 0.00863803 0.00550191
 0.00754122 0.0122893 0.0185709 0.026356 0.0354106 0.0451542 0.0546231 0.0626973 0.0684947 0.0716409 0.0722437 0.0706859 0.0674354 0.0629527 0.0576532 0.0518807 0.0458921 0.0398609 0.033898 0.0280851 0.0225121 0.0173053 0.0126305 0.0086617 0.00552463
 0.00751503 0.0122475 0.0185095 0.0262723 0.0353038 0.0450267 0.054482 0.062554 0.0683641 0.0715396 0.0721887 0.0706922 0.0675118 0.0630962 0.0578447 0.0520878 0.0460788 0.0399996 0.0339786 0.0281151 0.0225096 0.0172897 0.0126157 0.00865372 0.00552341
 0.00766196 0.012458 0.0187739 0.026563 0.0355828 0.0452578 0.0546402 0.0626288 0.068357 0.0714599 0.0720515 0.0705172 0.0673223 0.062916 0.0576924 0.0519715 0.0459931 0.0399301 0.0339096 0.028038 0.0224259 0.0172083 0.0125467 0.00860299 0.00549114
 0.00762584 0.0124124 0.0187281 0.0265308 0.0355747 0.0452712 0.0546548 0.0626131 0.0682845 0.0713256 0.0718772 0.0703426 0.067188 0.062849 0.0577014 0.0520488 0.0461206 0.0400837 0.0340642 0.0281731 0.0225296 0.0172789 0.0125898 0.00862739 0.00550457
 0.00725148 0.0118317 0.0179087 0.0254674 0.0342965 0.0438484 0.0532012 0.0612745 0.0672088 0.0706248 0.0716027 0.0704853 0.0676972 0.063653 0.0587202 0.0532002 0.0473233 0.0412621 0.0351541 0.0291257 0.0233156 0.0178892 0.013034 0.00892911 0.00569496
 0.00708588 0.0115456 0.0174481 0.0247753 0.0333299 0.0426044 0.0517398 0.0597225 0.0657366 0.0694057 0.0707735 0.070122 0.0678102 0.0641969 0.0596121 0.0543386 0.0486029 0.042583 0.0364271 0.030278 0.0242956 0.0186702 0.0136149 0.00933035 0.00595096
 0.00690615 0.0112576 0.017021 0.0241799 0.0325401 0.0416025 0.0505277 0.0583361 0.0642562 0.0679567 0.0695118 0.0692052 0.0673612 0.0642748 0.0602015 0.0553583 0.0499293 0.0440756 0.0379496 0.031713 0.0255546 0.0196992 0.0143965 0.00987948 0.006306
 0.00676046 0.011032 0.016702 0.023761 0.0320205 0.0409845 0.0498159 0.0575375 0.0633825 0.0670292 0.0685713 0.0683219 0.0666355 0.0638214 0.0601174 0.0556915 0.0506603 0.0451205 0.0391823 0.032994 0.0267578 0.0207321 0.0152095 0.0104661 0.00669283
 0.00672409 0.0109885 0.016665 0.0237512 0.0320582 0.0410776 0.0499491 0.0576694 0.0634519 0.0669689 0.0683258 0.0678666 0.0659933 0.0630695 0.0593784 0.0551042 0.0503399 0.0451237 0.0394924 0.0335312 0.0274088 0.021384 0.0157773 0.0109048 0.00699611
 0.00642613 0.0105464 0.0160794 0.0230539 0.0313066 0.0403439 0.0493085 0.0571882 0.063173 0.0668974 0.0684221 0.0680565 0.066193 0.0632169 0.0594582 0.055155 0.0504388 0.0453527 0.0399005 0.0341111 0.0280983 0.022091 0.0164135 0.0114122 0.00735685
#obs surv len freq
 0.00497144 0.00814139 0.0123803 0.0177006 0.023976 0.0308416 0.0376738 0.0437513 0.0485251 0.0517946 0.053678 0.0544601 0.0544603 0.0539747 0.0532626 0.052536 0.0519383 0.0515034 0.0510927 0.0503373 0.0486552 0.0454159 0.0402423 0.0333039 0.0253831
 0.00518346 0.00849106 0.0129157 0.0184696 0.025016 0.0321651 0.0392528 0.0455129 0.0503626 0.0535881 0.0553133 0.0558379 0.055497 0.0546017 0.0534265 0.0522022 0.0510973 0.0501779 0.0493437 0.0482678 0.0464078 0.0431618 0.0381574 0.0315349 0.0240155
 0.00540856 0.00885926 0.0134744 0.0192652 0.0260864 0.0335265 0.0408853 0.0473537 0.0523118 0.0555258 0.0571171 0.0573956 0.0567133 0.0553997 0.0537463 0.0519995 0.0503458 0.0488774 0.0475335 0.04604 0.0439139 0.0406018 0.0357489 0.0294667 0.0224037
 0.00564725 0.00925052 0.0140692 0.0201132 0.0272265 0.0349719 0.0426087 0.0492821 0.0543378 0.0575277 0.0589775 0.0590104 0.0579932 0.056269 0.0541419 0.0518704 0.0496548 0.0476087 0.0457077 0.0437335 0.0412735 0.0378397 0.0331102 0.0271739 0.020601
 0.00590533 0.0096711 0.0147042 0.0210117 0.0284259 0.0364833 0.0444021 0.05128 0.0564262 0.0595773 0.060865 0.0606306 0.0592621 0.0571212 0.0545252 0.0517409 0.0489755 0.0463564 0.0438888 0.0414086 0.0385771 0.0349828 0.0303488 0.0247502 0.0186797
 0.00613541 0.0100521 0.0152904 0.0218579 0.0295764 0.0379545 0.046165 0.0532551 0.0584955 0.0616086 0.0627334 0.0622309 0.0605119 0.0579584 0.0549033 0.0516233 0.0483316 0.0451642 0.0421494 0.0391696 0.035958 0.0321812 0.0276156 0.0223308 0.0167473
 0.006383 0.010453 0.0158914 0.0227022 0.0306971 0.039363 0.0478376 0.0551262 0.0604636 0.0635527 0.0645316 0.0637743 0.0617126 0.058752 0.0552462 0.051486 0.0476927 0.0440097 0.0404828 0.0370335 0.0334588 0.0295001 0.0249878 0.0199923 0.0148698
 0.00661715 0.0108409 0.0164878 0.0235614 0.03186 0.0408385 0.0495852 0.0570531 0.062442 0.0654485 0.0662278 0.0651804 0.0627628 0.0594 0.0554604 0.0512457 0.0469848 0.0428285 0.0388378 0.0349672 0.0310688 0.0269509 0.0224942 0.0177723 0.0130841
 0.00684851 0.0112197 0.017063 0.0243809 0.0329613 0.0422347 0.0512484 0.0589072 0.0643706 0.0673151 0.0678997 0.0665475 0.0637475 0.0599582 0.0555749 0.0509155 0.0462157 0.0416299 0.0372288 0.032993 0.0288205 0.0245763 0.0201847 0.015722 0.0114364
 0.00705335 0.011558 0.0175818 0.0251268 0.0339711 0.0435196 0.0527796 0.0606108 0.0661387 0.0690266 0.069439 0.0678161 0.0646689 0.0604807 0.055672 0.0505827 0.0454642 0.0404808 0.0357136 0.0311636 0.0267645 0.0224264 0.0181085 0.0138871 0.00996553
 0.0072779 0.0119238 0.0181337 0.0259062 0.0350077 0.0448178 0.0543042 0.062283 0.0678462 0.0706454 0.070855 0.0689382 0.065434 0.0608527 0.0556377 0.0501469 0.0446445 0.039305 0.034221 0.0294117 0.0248398 0.0204496 0.0162251 0.0122391 0.00865376
 0.00744047 0.012193 0.0185477 0.0265037 0.0358197 0.045855 0.0555448 0.0636675 0.0692861 0.0720393 0.0721052 0.0699611 0.0661653 0.0612494 0.0556779 0.0498275 0.0439776 0.0383153 0.0329467 0.027909 0.0231899 0.0187612 0.0146241 0.0108446 0.00754803
 0.00751559 0.0123167 0.0187377 0.0267796 0.0362015 0.0463605 0.0561836 0.064436 0.0701632 0.0729855 0.0730641 0.0708649 0.0669422 0.0618326 0.0560129 0.0498773 0.0437247 0.0377622 0.0321164 0.0268477 0.0219695 0.0174779 0.0133878 0.00975792 0.00668194
 0.00759001 0.0124313 0.0188988 0.0269894 0.0364602 0.0466674 0.0565385 0.0648393 0.0706153 0.0734852 0.0736047 0.071429 0.0674978 0.0623332 0.0564029 0.0501007 0.0437357 0.0375328 0.0316433 0.0261557 0.021113 0.0165373 0.0124576 0.00892727 0.00601353
 0.00766464 0.0125469 0.0190615 0.0272008 0.0367157 0.0469566 0.0568456 0.0651455 0.0709048 0.0737512 0.0738524 0.0716708 0.0677444 0.0625832 0.0566366 0.0502812 0.0438159 0.0374679 0.0314035 0.0257375 0.0205444 0.0158759 0.0117792 0.00830708 0.00550693
 0.00773284 0.0126543 0.0192164 0.0274077 0.0369737 0.0472571 0.0571708 0.0654692 0.0711979 0.0739898 0.074025 0.0717811 0.0678083 0.0626209 0.0566629 0.0502967 0.0438033 0.0373967 0.0312405 0.0254616 0.0201588 0.0154116 0.0112886 0.00784837 0.00512606
 0.00777345 0.0127147 0.0192971 0.027506 0.0370854 0.0473785 0.0572997 0.0656046 0.0713377 0.0741293 0.0741567 0.0718968 0.0679025 0.062693 0.0567166 0.0503352 0.0438241 0.0373869 0.0311794 0.0253289 0.0199465 0.015132 0.0109737 0.00753998 0.00486128
 0.00781107 0.0127714 0.019374 0.0276006 0.0371919 0.0474886 0.0574042 0.0656949 0.0714088 0.0741815 0.0741954 0.0719295 0.0679345 0.0627254 0.0567472 0.0503604 0.0438387 0.0373833 0.0311462 0.0252532 0.01982 0.0149579 0.0107697 0.00733315 0.00467851
 0.00786074 0.0128461 0.0194749 0.0277244 0.0373312 0.047633 0.0575416 0.0658124 0.071495 0.0742297 0.0742053 0.071908 0.067893 0.0626762 0.0566995 0.050318 0.0438006 0.0373438 0.0310966 0.025184 0.0197238 0.0148345 0.0106281 0.00718943 0.00455028
 0.00787144 0.012864 0.0195027 0.0277644 0.0373843 0.0476976 0.0576121 0.0658807 0.0715522 0.0742693 0.0742252 0.0719103 0.0678828 0.0626598 0.0566826 0.0503047 0.0437916 0.0373361 0.0310841 0.0251587 0.0196794 0.0147691 0.0105463 0.00710167 0.00446877
 0.00790048 0.0129046 0.0195516 0.0278149 0.0374286 0.0477302 0.0576323 0.0658922 0.0715603 0.0742771 0.0742328 0.0719152 0.0678825 0.0626536 0.056672 0.0502925 0.0437801 0.0373259 0.0310728 0.0251419 0.0196523 0.0147292 0.0104955 0.00704591 0.00441581
 0.00789865 0.0129027 0.0195505 0.0278154 0.0374303 0.0477305 0.0576265 0.0658754 0.0715308 0.0742391 0.0741955 0.0718896 0.0678759 0.062667 0.0567013 0.050331 0.0438216 0.0373654 0.0311065 0.0251661 0.0196638 0.0147265 0.0104798 0.00702145 0.00438857
 0.00788187 0.0128714 0.0194965 0.0277297 0.0373066 0.0475701 0.0574417 0.065688 0.071366 0.0741178 0.0741297 0.0718818 0.0679221 0.0627597 0.0568299 0.0504827 0.0439823 0.0375218 0.0312477 0.0252843 0.0197547 0.0147891 0.0105163 0.00703729 0.00439077
 0.00790556 0.0129026 0.0195297 0.0277543 0.037309 0.0475373 0.0573654 0.065568 0.0712119 0.0739483 0.0739687 0.0717529 0.067843 0.0627377 0.0568625 0.05056 0.0440905 0.0376456 0.0313724 0.0253979 0.0198487 0.0148593 0.0105628 0.00706353 0.00440241
 0.00790388 0.0129016 0.0195309 0.0277592 0.0373173 0.0475447 0.0573626 0.0655428 0.0711535 0.0738534 0.0738448 0.0716179 0.0677199 0.0626482 0.0568212 0.0505711 0.044148 0.0377368 0.0314811 0.0255084 0.0199482 0.0149396 0.0106208 0.00710082 0.00442324
 0.00790505 0.0129002 0.0195229 0.0277395 0.0372818 0.0474927 0.0572988 0.0654753 0.0710901 0.0737971 0.0737935 0.0715672 0.0676687 0.0626019 0.0567903 0.050567 0.0441778 0.0377996 0.0315688 0.0256079 0.0200458 0.0150243 0.0106865 0.00714624 0.00445118
 0.00787337 0.0128522 0.019457 0.0276563 0.0371834 0.0473821 0.05718 0.0653542 0.0709757 0.0737006 0.0737254 0.0715341 0.0676708 0.0626338 0.056845 0.0506395 0.0442662 0.0379031 0.0316844 0.025729 0.0201627 0.0151273 0.0107688 0.00720556 0.00448962
 0.00781563 0.0127586 0.0193172 0.0274625 0.0369335 0.0470842 0.0568553 0.0650356 0.0707003 0.0734996 0.0736173 0.0715229 0.0677485 0.0627849 0.0570496 0.0508769 0.0445178 0.0381544 0.0319249 0.0259505 0.020358 0.0152902 0.0108956 0.00729666 0.00454936
 0.00779546 0.0127191 0.0192457 0.027343 0.0367514 0.0468324 0.0565409 0.064682 0.0703437 0.0731816 0.0733758 0.0713847 0.0677253 0.0628721 0.0572299 0.0511249 0.0448055 0.038456 0.0322191 0.0262212 0.0205941 0.0154848 0.011046 0.0074046 0.00462056
 0.00776171 0.012665 0.019165 0.0272299 0.0365999 0.0466376 0.0563009 0.064401 0.070035 0.0728688 0.0730911 0.0711633 0.0675977 0.0628569 0.0573291 0.0513242 0.045079 0.0387719 0.0325461 0.0265327 0.0208703 0.0157137 0.011223 0.00753153 0.00470435
 0.00773924 0.0126264 0.0191034 0.0271376 0.0364708 0.0464697 0.0560983 0.064174 0.0697973 0.0726344 0.0728733 0.0709762 0.0674584 0.062784 0.0573384 0.051423 0.0452615 0.0390195 0.0328312 0.0268252 0.0211432 0.0159477 0.0114077 0.00766571 0.00479369
 0.00770122 0.012565 0.0190117 0.0270096 0.0363027 0.0462617 0.0558571 0.0639136 0.0695372 0.0723956 0.0726741 0.0708301 0.067373 0.0627634 0.0573852 0.0515384 0.0454434 0.039259 0.033111 0.0271208 0.021428 0.0161987 0.0116103 0.00781511 0.0048942
 0.00768957 0.0125444 0.0189775 0.0269564 0.0362248 0.0461553 0.0557217 0.0637531 0.0693596 0.072212 0.0724977 0.0706745 0.0672512 0.0626862 0.0573602 0.0515703 0.0455333 0.0394036 0.0333006 0.0273389 0.0216532 0.0164088 0.0117878 0.00795098 0.0049882
 0.00768428 0.012538 0.0189718 0.0269535 0.0362261 0.046159 0.0557216 0.0637396 0.0693224 0.0721445 0.0723996 0.0705526 0.067118 0.0625578 0.0572531 0.0514991 0.0455084 0.0394298 0.0333761 0.0274543 0.0217929 0.0165536 0.01192 0.0080582 0.0050658
 0.00764133 0.0124739 0.0188863 0.0268507 0.0361138 0.0460474 0.0556217 0.0636608 0.0692702 0.0721181 0.0723921 0.0705536 0.0671185 0.0625539 0.0572479 0.0515007 0.0455273 0.039475 0.033452 0.0275586 0.0219165 0.0166828 0.01204 0.00815758 0.00513928
 0.00762284 0.0124401 0.0188288 0.0267606 0.0359851 0.0458819 0.0554327 0.0634718 0.0691088 0.0720068 0.0723412 0.0705599 0.0671685 0.0626298 0.0573341 0.0515881 0.0456141 0.039565 0.0335503 0.027668 0.0220344 0.0168015 0.0121494 0.0082488 0.00520756
 0.0076167 0.0124305 0.0188148 0.0267404 0.0359556 0.0458379 0.0553678 0.0633815 0.0689946 0.0718792 0.0722185 0.0704628 0.0671122 0.0626192 0.0573631 0.0516446 0.045686 0.0396444 0.0336342 0.0277564 0.0221264 0.0168934 0.012235 0.00832159 0.00526331
 0.0075951 0.0123969 0.0187671 0.026678 0.0358795 0.0457511 0.0552747 0.0632874 0.068904 0.0717949 0.0721429 0.0703998 0.0670688 0.0626038 0.057382 0.0516981 0.0457681 0.0397449 0.0337433 0.0278665 0.0222325 0.0169915 0.012321 0.00839199 0.00531616
 0.00757071 0.0123603 0.0187177 0.0266174 0.0358107 0.0456778 0.055201 0.0632171 0.0688406 0.0717413 0.0721001 0.0703675 0.0670469 0.0625937 0.0573872 0.0517228 0.0458149 0.0398127 0.0338268 0.0279583 0.0223249 0.017078 0.0123966 0.00845324 0.00536185
 0.0075589 0.0123401 0.0186855 0.0265697 0.0357454 0.0455965 0.0551094 0.0631252 0.0687592 0.0716787 0.07206 0.0703489 0.0670458 0.062606 0.0574102 0.0517563 0.0458599 0.0398705 0.0338968 0.028037 0.0224065 0.017156 0.0124653 0.00850892 0.00540311
 0.0075307 0.0122973 0.0186267 0.0264954 0.0356577 0.0454981 0.055004 0.063018 0.0686576 0.0715918 0.0719971 0.0703169 0.0670472 0.0626382 0.0574668 0.05183 0.0459445 0.0399619 0.0339922 0.0281334 0.0225001 0.0172421 0.0125392 0.00856752 0.00544573
 0.00752467 0.0122843 0.0186014 0.0264515 0.0355899 0.0454053 0.0548915 0.0628968 0.0685414 0.0714926 0.0719227 0.0702711 0.0670314 0.0626518 0.0575079 0.0518943 0.0460263 0.0400546 0.0340899 0.028231 0.0225931 0.017326 0.0126104 0.00862367 0.00548635
 0.00751897 0.0122756 0.0185892 0.0264349 0.0355673 0.0453734 0.0548462 0.0628345 0.0684622 0.0714016 0.0718302 0.0701897 0.0669719 0.0626211 0.057508 0.0519232 0.0460795 0.0401259 0.0341724 0.0283178 0.0226778 0.0174033 0.0126761 0.00867537 0.00552372
 0.00752865 0.0122904 0.0186096 0.0264607 0.0355972 0.0454053 0.0548763 0.0628576 0.0684714 0.0713903 0.0717944 0.0701303 0.0668958 0.0625398 0.0574343 0.0518677 0.0460481 0.0401196 0.034188 0.0283497 0.0227192 0.0174476 0.0127176 0.00871022 0.00555005
 0.00750994 0.0122639 0.0185772 0.0264265 0.0355665 0.0453827 0.0548644 0.0628561 0.0684778 0.0714007 0.0718042 0.0701346 0.0668912 0.0625255 0.0574133 0.0518464 0.046034 0.0401187 0.0342027 0.0283786 0.0227578 0.0174897 0.0127577 0.00874407 0.00557565
 0.00748409 0.0122232 0.0185186 0.026349 0.0354721 0.0452777 0.0547596 0.0627657 0.0684153 0.0713745 0.0718144 0.0701742 0.0669487 0.0625893 0.0574746 0.051901 0.0460821 0.0401637 0.0342485 0.0284272 0.0228087 0.0175399 0.0128031 0.00878139 0.00560339
 0.00748409 0.0122232 0.0185186 0.026349 0.0354721 0.0452777 0.0547596 0.0627657 0.0684153 0.0713745 0.0718144 0.0701742 0.0669487 0.0625893 0.0574746 0.051901 0.0460821 0.0401637 0.0342485 0.0284272 0.0228087 0.0175399 0.0128031 0.00878139 0.00560339
 0.00715718 0.0117011 0.0177526 0.0253067 0.034152 0.0437271 0.0530895 0.061146 0.0670419 0.0704202 0.071386 0.0702936 0.0675602 0.0635829 0.0587156 0.0532564 0.0474403 0.0414427 0.0353956 0.0294134 0.0236217 0.0181799 0.0132806 0.00911576 0.00582099
 0.00711143 0.0115893 0.0175155 0.0248664 0.0334314 0.0426823 0.0517398 0.0595855 0.0654267 0.0689368 0.0702147 0.069576 0.0673742 0.0639304 0.0595261 0.054407 0.0487849 0.0428407 0.0367323 0.0306086 0.0246288 0.0189811 0.0138804 0.00953574 0.00609386
 0.0070158 0.0114445 0.0173145 0.0246022 0.0330885 0.0422286 0.0511274 0.0587683 0.0643898 0.0677257 0.0689456 0.0684168 0.0665041 0.0634918 0.0595895 0.054957 0.0497303 0.0440416 0.0380345 0.0318739 0.0257549 0.0199081 0.0145884 0.0100369 0.0064211
 0.00700638 0.0114231 0.0172715 0.0245255 0.032967 0.0420553 0.0508993 0.0584793 0.0640222 0.0672492 0.0683327 0.0676726 0.0656901 0.0627276 0.0590221 0.0547128 0.0498713 0.0445468 0.0388111 0.0327896 0.0266763 0.0207305 0.015251 0.0105221 0.00674477
 0.00703745 0.0114822 0.0173752 0.0246914 0.0332056 0.042359 0.051235 0.0587907 0.0642428 0.0673182 0.0682063 0.067329 0.0651354 0.0620059 0.0582231 0.0539629 0.0493028 0.0442564 0.0388272 0.033067 0.0271184 0.0212266 0.0157093 0.0108885 0.0070036
 0.00701539 0.0114581 0.0173612 0.0247076 0.0332766 0.0425067 0.0514699 0.0591045 0.0646038 0.0676725 0.0684858 0.0674654 0.0650775 0.061734 0.0577595 0.0533748 0.0486934 0.0437405 0.0384973 0.032963 0.0272179 0.0214603 0.0159929 0.0111524 0.00720894
#pred catch len freq
 0.00498823 0.00786508 0.011416 0.0155274 0.0201208 0.0251351 0.030449 0.0358397 0.0410222 0.0457219 0.0497212 0.0528801 0.0551468 0.0565585 0.0572213 0.0572833 0.0569095 0.0562486 0.0553654 0.0541373 0.0521793 0.0489102 0.0438257 0.0368711 0.0286564
 0.00535722 0.00839587 0.0120909 0.0162973 0.0209333 0.0259722 0.0313459 0.0368636 0.0422194 0.0470649 0.0510934 0.0541094 0.0560708 0.0570815 0.0573371 0.0570545 0.0564185 0.0555456 0.0544397 0.0529313 0.050643 0.0470685 0.0418128 0.0349027 0.0269509
 0.00570187 0.0089418 0.0128825 0.0173577 0.0222517 0.0274919 0.0329626 0.0384485 0.0436641 0.0483209 0.0521716 0.0550357 0.0568318 0.0576067 0.05753 0.0568448 0.0557935 0.0545398 0.0530989 0.0512871 0.0487237 0.0449385 0.0396052 0.0328084 0.0251606
 0.00604063 0.00947025 0.0136387 0.0183687 0.0235358 0.0290579 0.0347968 0.0404929 0.0458005 0.0503788 0.0539666 0.0564229 0.0577411 0.0580369 0.0575091 0.0563921 0.0549111 0.0532295 0.0513813 0.0492102 0.0463667 0.0424218 0.0370959 0.030502 0.023232
 0.00632943 0.00992914 0.0143106 0.0192892 0.0247312 0.0305401 0.0365555 0.0424879 0.0479578 0.0525895 0.0560877 0.0582863 0.0591787 0.0589168 0.0577643 0.0560221 0.0539576 0.0517484 0.0494317 0.046864 0.0437292 0.0396461 0.0343785 0.0280512 0.0212171
 0.00660638 0.0103649 0.0149414 0.0201441 0.0258336 0.0319071 0.0381914 0.0443724 0.0500365 0.0547705 0.0582458 0.0602732 0.0608368 0.0600973 0.0583465 0.0559318 0.0531772 0.0503127 0.0474167 0.0443794 0.0409216 0.0367049 0.0315263 0.025509 0.0191525
 0.00693274 0.0108608 0.0156246 0.0210127 0.026874 0.0331055 0.0395392 0.0458626 0.051654 0.0564815 0.0599907 0.061963 0.0623566 0.0613155 0.0591297 0.0561633 0.0527752 0.0492466 0.0457163 0.0421385 0.0382964 0.0339059 0.028795 0.0230756 0.0171841
 0.00733283 0.0114756 0.0164836 0.0221196 0.0282084 0.0346267 0.0411881 0.0475648 0.0533295 0.0580594 0.0614184 0.0632042 0.0633788 0.062075 0.059563 0.0561897 0.0523105 0.0482261 0.044121 0.0400178 0.0357804 0.031198 0.026141 0.0207108 0.0152769
 0.0076614 0.0119987 0.0172502 0.0231681 0.0295596 0.0362731 0.0430802 0.0496048 0.0553806 0.0599702 0.0630531 0.0644665 0.064222 0.0624951 0.0595775 0.0558111 0.0515301 0.0470171 0.0424627 0.0379307 0.0333562 0.028607 0.0236066 0.0184555 0.0134619
 0.00806096 0.012608 0.0180945 0.0242506 0.0308707 0.037801 0.0448114 0.0515095 0.0573924 0.0619742 0.0648937 0.0659761 0.0652611 0.062984 0.0595051 0.0552175 0.050475 0.0455529 0.0406289 0.0357731 0.0309582 0.02611 0.0211993 0.0163308 0.0117609
 0.00846125 0.0132178 0.0189362 0.0253188 0.0321371 0.0392233 0.0463397 0.0530893 0.058968 0.063491 0.0662936 0.0671887 0.0661984 0.0635505 0.0596214 0.0548432 0.0496168 0.0442548 0.0389557 0.0338038 0.0287935 0.0238837 0.0190735 0.0144663 0.0102737
 0.00865247 0.0135482 0.0194686 0.0261216 0.0332657 0.0406931 0.0481011 0.0550244 0.0609142 0.0652818 0.0677963 0.0683207 0.0669229 0.0638583 0.0595126 0.0543196 0.0486857 0.04294 0.0373057 0.0318952 0.0267323 0.0218024 0.0171198 0.0127767 0.00894055
 0.00868057 0.0136109 0.019598 0.0263669 0.0336926 0.0413754 0.0491031 0.0563734 0.0625723 0.06713 0.0696461 0.0699584 0.0681662 0.0645981 0.059721 0.0540268 0.0479496 0.0418244 0.0358778 0.0302336 0.0249366 0.0199947 0.0154322 0.011327 0.00780424
 0.00873174 0.0136758 0.0196636 0.0264148 0.0337116 0.0413788 0.0491417 0.0565334 0.062953 0.067807 0.0706337 0.0711869 0.0694872 0.0658213 0.0606658 0.0545682 0.0480365 0.0414711 0.0351428 0.0292023 0.0237131 0.0186979 0.0141848 0.0102364 0.00694066
 0.00883413 0.0138282 0.0198659 0.026655 0.0339661 0.0416166 0.0493314 0.0566562 0.0630181 0.0678622 0.0707581 0.0714617 0.0699552 0.0664551 0.0613653 0.0551899 0.0484401 0.0415615 0.0348897 0.0286384 0.022919 0.017782 0.0132631 0.00941012 0.00627712
 0.00884117 0.013845 0.0199009 0.0267186 0.0340673 0.0417571 0.049501 0.0568321 0.0631711 0.0679695 0.0708181 0.0715031 0.0700315 0.066622 0.0616489 0.055562 0.0488194 0.0418403 0.034975 0.0284847 0.0225414 0.0172467 0.0126636 0.00883862 0.00580101
 0.00890753 0.013937 0.0200105 0.0268304 0.0341648 0.0418323 0.0495596 0.05689 0.0632437 0.0680598 0.0709138 0.0715849 0.0700891 0.0666652 0.0617042 0.0556554 0.0489523 0.0419788 0.0350585 0.0284538 0.0223667 0.0169433 0.0122841 0.00845102 0.00546322
 0.00891609 0.0139514 0.0200325 0.0268601 0.0341988 0.0418623 0.0495733 0.0568766 0.0632016 0.0680017 0.0708634 0.0715662 0.0701146 0.0667333 0.0618056 0.055781 0.0490948 0.0421248 0.0351821 0.0285195 0.0223443 0.0168254 0.0120923 0.008227 0.00525116
 0.00890906 0.013939 0.0200122 0.0268296 0.0341576 0.0418123 0.0495197 0.0568256 0.0631574 0.0679651 0.0708338 0.0715461 0.0701124 0.0667602 0.0618695 0.0558819 0.0492242 0.0422669 0.0353157 0.02862 0.0223895 0.0168042 0.0120114 0.00810968 0.00512705
 0.00893978 0.0139773 0.0200485 0.0268478 0.0341396 0.0417453 0.0494024 0.0566703 0.0629867 0.0678049 0.0707066 0.071466 0.0700841 0.0667818 0.0619359 0.0559868 0.0493592 0.04242 0.0354695 0.0287543 0.022485 0.016849 0.0120059 0.00806674 0.00506653
 0.00895855 0.0140065 0.0200893 0.0268984 0.0341934 0.0417897 0.0494189 0.0566396 0.0628967 0.0676589 0.0705253 0.0712823 0.0699316 0.0666845 0.0619036 0.0560164 0.049439 0.0425339 0.0355992 0.0288803 0.0225892 0.0169186 0.0120369 0.00806491 0.00504432
 0.00899251 0.0140569 0.0201563 0.0269794 0.0342839 0.0418843 0.0495117 0.0567219 0.0629554 0.0676775 0.0704891 0.0711864 0.0697867 0.0665157 0.0617425 0.0558903 0.0493632 0.0425095 0.0356162 0.0289221 0.0226376 0.0169584 0.0120593 0.0080687 0.00503464
 0.00904644 0.0141321 0.0202463 0.0270707 0.0343601 0.0419326 0.049528 0.0567115 0.062929 0.067645 0.0704546 0.0711465 0.0697342 0.0664456 0.0616576 0.0558024 0.0492888 0.0424626 0.0356021 0.0289362 0.0226684 0.0169922 0.0120858 0.00808318 0.00503798
 0.00899636 0.0140667 0.020177 0.0270162 0.0343389 0.0419531 0.0495814 0.0567748 0.0629764 0.0676609 0.0704402 0.0711151 0.0697015 0.0664208 0.0616419 0.055793 0.0492843 0.0424653 0.0356162 0.0289632 0.0227051 0.0170317 0.0121202 0.00810776 0.00505187
 0.00891426 0.013943 0.02001 0.0268137 0.0341194 0.0417448 0.049419 0.0566907 0.0629886 0.0677632 0.0706023 0.071296 0.069866 0.0665514 0.0617378 0.0558625 0.0493371 0.042509 0.0356561 0.0290028 0.0227452 0.0170704 0.0121541 0.00813372 0.0050689
 0.00884412 0.0138261 0.0198291 0.0265521 0.0337658 0.0413017 0.0489105 0.056166 0.0625158 0.0674137 0.0704311 0.071325 0.0700779 0.0668975 0.0621563 0.0562973 0.0497493 0.0428777 0.0359733 0.0292676 0.0229598 0.017238 0.0122788 0.00822065 0.00512479
 0.00885825 0.0138432 0.0198431 0.026551 0.0337321 0.0412136 0.0487469 0.0559136 0.062179 0.067022 0.0700389 0.0709994 0.0698789 0.0668575 0.0622711 0.0565312 0.0500507 0.0431971 0.0362742 0.0295295 0.0231746 0.0174054 0.0124024 0.00830645 0.00518009
 0.0089229 0.0139338 0.0199523 0.0266624 0.0338232 0.0412622 0.0487355 0.0558309 0.0620191 0.0667858 0.0697383 0.0706625 0.0695504 0.0665904 0.0621113 0.0565014 0.0501434 0.0433796 0.0365027 0.0297632 0.0233848 0.0175771 0.0125318 0.00839676 0.00523836
