SBPRF35
7.78865
Curr Bio
513336
B35
668692
F35
0.20998
FOFL
0.145403
OFL
54900.8
Bzero
2.22533e+006
#pred survey bio
 4.82611e+006 4.56125e+006 4.30033e+006 3.98795e+006 3.64629e+006 3.28262e+006 2.94137e+006 2.59785e+006 2.27545e+006 2.005e+006 1.75354e+006 1.58716e+006 1.40417e+006 1.24835e+006 1.09596e+006 975659 878014 811792 762049 722313 690858 661768 629919 622049 620321 620744 612015 607144 604844 609716 606903 600902 602060 597698 589479 580416 571389 565763 571802 580972 579642 593907 595402 591606 602109 605561 610754 614927 625568 621409 625074 599828 571242 538729 528791 517945 527457 505729 504214 502680 504121 525635 521917 524656 538936 548137 553190 518265 1.6721e+007 9.92822e+006 1.01774e+007 1.09935e+007 1.21088e+007 1.32644e+007 1.43059e+007 1.51692e+007 1.58468e+007 1.63597e+007 1.67387e+007 1.70145e+007 1.72132e+007 1.73559e+007 1.74582e+007 1.75317e+007 1.75847e+007 1.76232e+007 1.76513e+007 1.7672e+007 1.76872e+007 1.76986e+007 1.7707e+007 1.77134e+007 1.77182e+007 1.77219e+007 1.77247e+007 1.77268e+007 1.77284e+007 1.77296e+007 1.77306e+007 1.77313e+007 1.77319e+007 1.77323e+007 1.77326e+007 1.77329e+007 1.77331e+007 1.77333e+007 1.77334e+007 1.77335e+007 1.77335e+007 1.77336e+007 1.77336e+007 1.77337e+007 1.77337e+007 1.77337e+007 1.77337e+007 1.77337e+007 1.77338e+007 1.77338e+007 1.77338e+007 1.77338e+007 1.77338e+007 1.77338e+007 1.77338e+007 1.77338e+007 1.77338e+007 1.77338e+007 1.77338e+007 1.77338e+007 1.77338e+007 1.77338e+007 1.77338e+007 1.77338e+007 1.77338e+007 1.77338e+007 1.77338e+007 1.77338e+007 1.77338e+007 1.77338e+007 1.77338e+007 1.77338e+007 1.77338e+007 1.77338e+007 1.77338e+007 1.77338e+007 1.77338e+007 1.77338e+007 1.77338e+007 1.77338e+007 1.77338e+007 1.77338e+007 1.77338e+007 1.77338e+007 1.77338e+007 1.77338e+007 1.77338e+007 1.77338e+007 1.77338e+007 1.77338e+007 1.77338e+007 1.77338e+007 1.77338e+007 1.77338e+007 1.77338e+007 1.77338e+007 1.77338e+007 1.77338e+007 1.77338e+007 1.77338e+007 0 0 0 0 0 0 0 0 0 0 0 0 0 0 0 0 0 0 0 0 0 0 0 0 0
#obs survey bio
 3.73868e+006 3.89347e+006 4.0605e+006 3.81248e+006 2.53884e+006 2.68338e+006 2.7593e+006 2.45567e+006 1.60569e+006 1.40701e+006 1.36954e+006 1.42586e+006 1.179e+006 822203 973185 682982 864627 586148 689418 500474 681763 567037 764256 568328 519033 401157 458035 685907 444276 460305 459141 619882 518470 580283 706371 563694 640177 584191 651590 541893 465574 597566 763447 591410 421188 622014 584297 715362 528704 609393 608441 758127 546445 510035 509514 630784 516578 670861 534561 574115 634107 540939 501680 490778 578922 515994 686184 466264
#pred catch bio
 96426.2 95412.7 154308 203548 253232 265891 301272 313693 294835 300788 242717 269143 251906 251410 223401 202437 173799 158079 147167 137069 131643 130291 107762 102202 100786 108495 104272 100951 94524.4 100567 101540 93052.6 94576.4 93566.7 89959.5 88529 88451.9 82888.8 83087.6 92574.1 79807 90972.7 95216 83818.6 90755.3 89687.7 90961.6 86193.3 98633.1 91286.3 114253 115272 117145 97163.4 97129.6 79914.3 105692 87973.2 88024.3 85183.9 68759.3 90009.1 84394.7 75421.3 79530.6 81404.1 111016 108966 54900.8 75874.4 76445.1 81308.6 89161 97571.4 105108 111230 115897 119302 121707 123363 124484 125230 125722 126043 126251 126385 126471 126526 126561 126583 126597 126606 126612 126615 126617 126619 126620 126620 126620 126621 126621 126621 126621 126621 126621 126621 126621 126621 126621 126621 126621 126621 126621 126621 126621 126621 126621 126621 126621 126621 126621 126621 126621 126621 126621 126621 126621 126621 126621 126621 126621 126621 126621 126621 126621 126621 126621 126621 126621 126621 126621 126621 126621 126621 126621 126621 126621 126621 126621 126621 126621 126621 126621 126621 126621 126621 126621 126621 126621 126621 126621 126621 126621 126621 126621 126621 126621 126621 0 0 0 0 0 0 0 0 0 0 0 0 0 0 0 0 0 0 0 0 0 0 0 0 0
#obs catch bio
 0 95133.2 154958 204685 256144 268747 306837 320257 301741 311257 249611 278892 260231 260574 229711 208484 177460 162037 150880 140370 134346 133282 109296 103903 102380 111088 106827 102586 96084.7 102665 104148 94691.4 96339 95003.2 90800.1 89236.9 89233.2 83468.3 83384.2 93001.1 79804.4 91290.9 95444.9 83935.1 91481 90172 91307.3 86479.2 99365.9 91540.3 114775 115429 117725 97133.4 97435 79539.7 106202 87934.5 88188.5 85641.9 68614.8 90339.1 84743.7 75662.6 79932.7 81225.5 110754 109024
#pred cpue bio
 4.75123e+006 4.49168e+006 4.23549e+006 3.92547e+006 3.58527e+006 3.22335e+006 2.88371e+006 2.5421e+006 2.22169e+006 1.95277e+006 1.70319e+006 1.53801e+006 1.35739e+006 1.20393e+006 1.05433e+006 936383 840840 776097 727617 689194 659018 631166 600553 593023 591301 591547 582995 578497 576564 581359 578719 573300 575089 571629 564553 556476 547247 540261 545078 554003 553073 567075 568576 564825 574844 578117 583208 587255 597563 593636 597408 572950 544862 512945 503228 492929 502265 481132 479510 478069 479658 500775 497310 499811 513668 523079 528614 495317 1.59891e+007 9.50101e+006 9.62674e+006 1.02956e+007 1.13549e+007 1.24962e+007 1.35347e+007 1.43973e+007 1.50748e+007 1.55877e+007 1.59667e+007 1.62424e+007 1.64412e+007 1.65838e+007 1.66861e+007 1.67597e+007 1.68127e+007 1.68512e+007 1.68793e+007 1.68999e+007 1.69152e+007 1.69265e+007 1.6935e+007 1.69414e+007 1.69462e+007 1.69499e+007 1.69527e+007 1.69548e+007 1.69564e+007 1.69576e+007 1.69586e+007 1.69593e+007 1.69599e+007 1.69603e+007 1.69606e+007 1.69609e+007 1.69611e+007 1.69612e+007 1.69614e+007 1.69615e+007 1.69615e+007 1.69616e+007 1.69616e+007 1.69617e+007 1.69617e+007 1.69617e+007 1.69617e+007 1.69617e+007 1.69617e+007 1.69617e+007 1.69618e+007 1.69618e+007 1.69618e+007 1.69618e+007 1.69618e+007 1.69618e+007 1.69618e+007 1.69618e+007 1.69618e+007 1.69618e+007 1.69618e+007 1.69618e+007 1.69618e+007 1.69618e+007 1.69618e+007 1.69618e+007 1.69618e+007 1.69618e+007 1.69618e+007 1.69618e+007 1.69618e+007 1.69618e+007 1.69618e+007 1.69618e+007 1.69618e+007 1.69618e+007 1.69618e+007 1.69618e+007 1.69618e+007 1.69618e+007 1.69618e+007 1.69618e+007 1.69618e+007 1.69618e+007 1.69618e+007 1.69618e+007 1.69618e+007 1.69618e+007 1.69618e+007 1.69618e+007 1.69618e+007 1.69618e+007 1.69618e+007 1.69618e+007 1.69618e+007 1.69618e+007 1.69618e+007 1.69618e+007 1.69618e+007 1.69618e+007 0 0 0 0 0 0 0 0 0 0 0 0 0 0 0 0 0 0 0 0 0 0 0 0 0
#obs cpue bio
 2.9898e+006 3.74836e+006 2.5264e+006 2.68191e+006 2.47235e+006 3.67425e+006 1.58718e+006 2.22719e+006 1.74768e+006 1.19097e+006 1.26169e+006 1.35822e+006 1.2267e+006 1.26151e+006 1.14411e+006 825209 855585 570082 538780 699807 601105 525687 467953 416114 551790 463284 465895 690311 483155 495940 399805 588013 519038 600539 605247 558707 429391 481375 577868 665688 673164 516408 499046 452284 529736 590526 695639 406996 631141 577793 734628 489284 488600 602696 487861 497721 423132 364430 419752 332439 431155 500949 399982 459137 443700 832998 609317 436228
#pred surv len freq
 0.00527335 0.00851243 0.0127188 0.017842 0.0237418 0.0301168 0.0364703 0.0422217 0.0469228 0.05041 0.0527871 0.0542953 0.0551901 0.0556732 0.0558632 0.0557877 0.0553955 0.0545803 0.0531923 0.0510285 0.0478288 0.0433366 0.0374559 0.030434 0.0229216
 0.0054695 0.00873031 0.0128658 0.0177848 0.0233606 0.0293803 0.0354841 0.0412053 0.0461154 0.0499586 0.0526852 0.0544057 0.0553294 0.0557062 0.0557621 0.0556367 0.0553446 0.0547705 0.0536842 0.0517674 0.0486661 0.0440966 0.0380107 0.0307459 0.0230337
 0.00583455 0.00929157 0.0136432 0.0187563 0.0244464 0.0304347 0.0363094 0.0416053 0.0459787 0.0493261 0.0517447 0.0534016 0.0544446 0.0549949 0.0551738 0.0550992 0.0548401 0.0543529 0.0534348 0.0517292 0.0488038 0.0443112 0.0381934 0.0308311 0.0230184
 0.00610927 0.00974739 0.0143451 0.0197666 0.025806 0.0321321 0.0382484 0.043591 0.0477423 0.0505902 0.0523094 0.0532155 0.0536186 0.0537467 0.0537312 0.0536244 0.0534153 0.0530176 0.0522269 0.0506909 0.0479586 0.0436454 0.0376649 0.0303976 0.0226586
 0.00639244 0.0101959 0.015 0.0206637 0.0269758 0.0335958 0.040005 0.0455961 0.0498871 0.0526915 0.0541238 0.0544856 0.0541453 0.0534565 0.0527006 0.0520432 0.0515129 0.0509967 0.0502366 0.0488324 0.0462995 0.0422252 0.0364972 0.0294761 0.0219651
 0.00673744 0.0107382 0.0157818 0.0217128 0.0283027 0.0351905 0.0418318 0.0475926 0.0519701 0.0547627 0.056066 0.0561513 0.0553556 0.0540286 0.052502 0.051046 0.0498137 0.0487888 0.0477532 0.0462946 0.0438869 0.040069 0.0346812 0.028039 0.0209035
 0.0070509 0.0112403 0.0165233 0.0227359 0.0296329 0.0368253 0.0437286 0.049666 0.0541055 0.0568398 0.057977 0.057803 0.0566546 0.0548662 0.052755 0.050604 0.0486252 0.0469006 0.0453179 0.0435409 0.0410699 0.0374221 0.0323828 0.0261938 0.0195386
 0.00742912 0.0118344 0.0173795 0.0238849 0.0310875 0.0385753 0.0457321 0.0518436 0.0563448 0.059011 0.0599525 0.0594718 0.0579286 0.0556737 0.0530283 0.0502722 0.0476251 0.0452092 0.0429914 0.0407355 0.0380276 0.0344232 0.0296843 0.0239764 0.0178779
 0.00786329 0.0125155 0.0183582 0.0251917 0.0327277 0.0405231 0.0479224 0.0541709 0.0586759 0.0612084 0.0618946 0.0610616 0.0590926 0.0563565 0.0531853 0.0498622 0.0466087 0.0435615 0.0407317 0.0379619 0.0349337 0.0312776 0.0267725 0.0215282 0.0160144
 0.0081823 0.0130335 0.0191362 0.0262849 0.0341739 0.0423245 0.050028 0.0564716 0.0610216 0.0634385 0.0638668 0.0626671 0.0602573 0.0570341 0.0533468 0.0494859 0.0456739 0.0420538 0.0386626 0.0354005 0.0320323 0.0282697 0.0239303 0.0190929 0.0141309
 0.00851268 0.0135575 0.0199013 0.0273286 0.0355203 0.0439767 0.0519563 0.0586045 0.063246 0.0656133 0.0658423 0.0643064 0.0614536 0.0577195 0.0534902 0.0490812 0.0447264 0.0405742 0.0366763 0.0329714 0.0292897 0.0254154 0.0212103 0.0167372 0.0122888
 0.00864337 0.0137752 0.0202393 0.0278231 0.0362056 0.0448765 0.0530748 0.0599206 0.0647154 0.0671724 0.0674117 0.0657923 0.0627513 0.0587232 0.0541069 0.0492419 0.0443902 0.0397279 0.0353362 0.0311934 0.0271846 0.0231545 0.019005 0.0147912 0.0107434
 0.00888016 0.0141516 0.0207899 0.0285743 0.0371709 0.0460498 0.0544227 0.0613799 0.0662021 0.068598 0.0686987 0.0668805 0.0635954 0.0592859 0.0543517 0.0491314 0.0438907 0.0388178 0.0340182 0.0295088 0.0252266 0.0210709 0.0169799 0.0130039 0.00932011
 0.00906621 0.014453 0.0212415 0.0292075 0.0380073 0.0470915 0.0556419 0.0627158 0.0675685 0.0699007 0.0698517 0.0678176 0.0642734 0.0596818 0.0544558 0.0489373 0.0433894 0.037999 0.032881 0.028079 0.0235729 0.0193109 0.0152652 0.0114853 0.0081058
 0.00935507 0.0149029 0.0218817 0.0300524 0.0390547 0.0483204 0.0570076 0.0641475 0.0689743 0.0711809 0.070915 0.0685936 0.0647209 0.0597896 0.0542374 0.0484208 0.0426051 0.036972 0.0316332 0.0266411 0.0220008 0.0176955 0.0137245 0.0101375 0.00703536
 0.00958014 0.0152595 0.0224009 0.0307556 0.0399489 0.0493915 0.0582134 0.0654173 0.0702195 0.0723116 0.0718547 0.0692859 0.0651292 0.0598967 0.0540443 0.0479448 0.0418755 0.0360234 0.030502 0.0253687 0.0206421 0.0163259 0.012436 0.00902009 0.00615229
 0.0098368 0.0156517 0.0229447 0.0314504 0.0407797 0.0503331 0.0592312 0.0664654 0.0712406 0.0732415 0.072631 0.069856 0.0654564 0.0599624 0.0538474 0.0474986 0.0412042 0.0351591 0.0294831 0.0242402 0.0194593 0.0151557 0.0113528 0.00809275 0.00542617
 0.0099526 0.015839 0.0232241 0.031839 0.0412863 0.0509515 0.0599353 0.0672112 0.0719758 0.0739189 0.0732155 0.0703235 0.0657872 0.060137 0.0538475 0.0473119 0.0408289 0.0346064 0.0287777 0.0234196 0.0185737 0.0142656 0.0105229 0.00738052 0.00486827
 0.00994191 0.0158344 0.0232413 0.0319018 0.0414221 0.0511834 0.0602738 0.0676489 0.0724876 0.0744663 0.0737544 0.0708116 0.06619 0.0604296 0.0540124 0.047336 0.0407033 0.0343293 0.0283584 0.0228826 0.0179583 0.0136238 0.00991115 0.0068487 0.00444878
 0.00994561 0.0158348 0.0232325 0.0318775 0.0413808 0.0511348 0.0602424 0.0676699 0.0725954 0.0746803 0.0740693 0.0711977 0.0666024 0.0608194 0.0543363 0.0475613 0.0408081 0.0343023 0.0281993 0.0226046 0.0175896 0.0132058 0.00949179 0.00647233 0.00414589
 0.00995522 0.0158464 0.0232425 0.0318792 0.0413657 0.0510955 0.060176 0.0675826 0.0725054 0.0746168 0.0740662 0.0712818 0.0667812 0.0610761 0.0546333 0.0478508 0.041044 0.0344492 0.0282376 0.0225317 0.0174208 0.0129712 0.00923044 0.00622286 0.00393725
 0.0100025 0.0159154 0.0233312 0.0319803 0.0414674 0.0511839 0.0602381 0.0676077 0.0724877 0.0745589 0.0739813 0.0711937 0.0667189 0.0610642 0.0546819 0.0479499 0.0411661 0.034558 0.0282995 0.0225257 0.0173433 0.0128359 0.0090636 0.00605408 0.00379085
 0.01022 0.0162334 0.0237436 0.0324572 0.0419627 0.0516477 0.0606264 0.0678874 0.0726372 0.074569 0.0738569 0.0709552 0.0664004 0.0607084 0.0543321 0.0476401 0.0409131 0.0343588 0.0281365 0.0223763 0.0171905 0.0126749 0.00890132 0.00590431 0.00366666
 0.0103367 0.0164025 0.0239593 0.0326994 0.042201 0.0518486 0.0607614 0.0679383 0.0726 0.0744552 0.0736909 0.0707666 0.0662161 0.060547 0.0542036 0.0475488 0.0408588 0.034336 0.0281333 0.0223765 0.0171787 0.0126426 0.0088497 0.00584255 0.00360656
 0.0104191 0.0165279 0.0241314 0.0329144 0.0424464 0.0521028 0.060995 0.0681174 0.0726943 0.0744475 0.0735837 0.0705822 0.0659885 0.060312 0.0539901 0.0473745 0.04073 0.0342502 0.0280816 0.0223461 0.0171561 0.0126173 0.00881738 0.00580496 0.0035692
 0.0103473 0.0164359 0.0240384 0.0328529 0.0424522 0.0522003 0.0611835 0.0683696 0.0729642 0.0746852 0.0737495 0.0706543 0.0659666 0.0602142 0.0538461 0.0472162 0.0405838 0.034132 0.0279959 0.0222886 0.0171179 0.0125887 0.00879165 0.00577967 0.00354538
 0.0101909 0.0162164 0.0237732 0.0325823 0.0422313 0.0520832 0.0612086 0.068549 0.0732802 0.0750923 0.0741819 0.0710417 0.0662518 0.0603674 0.0538692 0.0471369 0.0404424 0.0339687 0.027841 0.0221592 0.0170184 0.0125159 0.00873901 0.00574141 0.0035176
 0.0101993 0.016201 0.0236986 0.0324035 0.0419128 0.0516254 0.0606661 0.0680243 0.072891 0.0749275 0.0742708 0.0713489 0.0666968 0.0608548 0.0543166 0.0474924 0.0406895 0.0341186 0.02792 0.0221951 0.0170327 0.0125207 0.00873973 0.00573974 0.00351437
 0.0103095 0.0163573 0.0238897 0.0325997 0.0420681 0.0516861 0.0605838 0.0677731 0.0724853 0.0744307 0.0737843 0.0709799 0.0665182 0.0608801 0.0545021 0.0477625 0.0409687 0.0343547 0.0280915 0.0223048 0.0170957 0.012554 0.00875611 0.00574703 0.00351688
 0.0101955 0.0162039 0.0237169 0.0324433 0.0419669 0.0516611 0.0606233 0.0678328 0.0725057 0.0743643 0.0736189 0.0707479 0.0662866 0.0607244 0.0544752 0.0478743 0.0411865 0.0346222 0.0283532 0.022524 0.0172585 0.0126639 0.00882478 0.00578714 0.00353876
 0.0099643 0.0158699 0.023293 0.0319717 0.041511 0.05129 0.0603948 0.0677797 0.0726257 0.0746161 0.0739309 0.0710417 0.0665068 0.0608587 0.0545531 0.0479453 0.0412914 0.0347742 0.0285376 0.0227116 0.0174226 0.0127898 0.00891092 0.00584047 0.00356888
 0.00979912 0.0156074 0.0229115 0.0314605 0.0408794 0.0505772 0.0596757 0.0671569 0.0722035 0.074466 0.0740659 0.0714129 0.0670233 0.0614203 0.0550822 0.048404 0.041679 0.0351097 0.0288386 0.0229828 0.0176573 0.0129786 0.00904983 0.00593328 0.00362515
 0.00958382 0.0152737 0.0224398 0.0308437 0.0401242 0.0497068 0.0587346 0.0662161 0.0713581 0.0738221 0.0737179 0.0714171 0.0673788 0.062066 0.0559139 0.0493059 0.0425549 0.0358994 0.0295169 0.0235461 0.0181104 0.0133279 0.00930412 0.00610548 0.00373242
 0.00930379 0.0148549 0.0218771 0.0301559 0.0393475 0.0488843 0.057909 0.0654289 0.0706524 0.0732442 0.0733173 0.0712427 0.067469 0.0624346 0.0565369 0.0501192 0.0434673 0.0368163 0.030362 0.0242725 0.0186987 0.0137789 0.00963014 0.00632602 0.00387059
 0.00931155 0.0148263 0.0217596 0.02988 0.0388499 0.0481418 0.056964 0.0643865 0.0696472 0.0723964 0.0727034 0.0708936 0.0673865 0.0626083 0.0569494 0.0507399 0.0442446 0.037678 0.031227 0.0250682 0.0193748 0.0143121 0.0100211 0.00659213 0.00403794
 0.0101241 0.0159716 0.0231558 0.0313343 0.0401049 0.0489557 0.0571819 0.0639736 0.0686818 0.071041 0.0711645 0.0693779 0.066061 0.0615768 0.0562526 0.0503708 0.0441647 0.0378281 0.0315341 0.0254544 0.0197694 0.0146626 0.0102992 0.00679146 0.00416757
 0.0108303 0.0170833 0.0247518 0.0334385 0.0426531 0.0517601 0.0599179 0.0662231 0.0700453 0.0712732 0.070259 0.0675546 0.0636738 0.0589989 0.0537901 0.0482249 0.0424331 0.0365273 0.0306265 0.024871 0.0194288 0.0144861 0.0102212 0.0067648 0.00416318
 0.0106859 0.0169655 0.0247906 0.0338269 0.0435953 0.0533868 0.0622054 0.068959 0.0728591 0.0737197 0.0719287 0.0681788 0.0631944 0.0575745 0.0517343 0.0459034 0.0401683 0.0345407 0.0290275 0.0236772 0.0185976 0.0139454 0.00989245 0.00657819 0.0040644
 0.0102667 0.0163364 0.0239489 0.0328248 0.0425513 0.0524879 0.0616905 0.0690682 0.0737476 0.0753683 0.0741043 0.0704828 0.0651842 0.0589039 0.0522509 0.0456674 0.039396 0.0335088 0.0279825 0.0227826 0.0179238 0.0134911 0.00961611 0.00642616 0.00398883
 0.0100942 0.0160392 0.023473 0.032116 0.0415771 0.0512698 0.0603345 0.067772 0.07277 0.0749634 0.0744392 0.0715673 0.0668437 0.0608164 0.0540449 0.0470412 0.0402049 0.0337819 0.0278719 0.0224796 0.0175883 0.0132164 0.00943231 0.00632279 0.00394005
 0.0101926 0.0161735 0.0236251 0.0322469 0.0416291 0.0511763 0.0600361 0.0672393 0.07203 0.0741183 0.0736619 0.0710599 0.066767 0.0612199 0.0548337 0.0480052 0.0410993 0.0344204 0.0281843 0.0225101 0.0174462 0.0130157 0.00925116 0.00619419 0.00386396
 0.0101142 0.0160587 0.0234749 0.0320682 0.0414298 0.0509574 0.0597868 0.0669383 0.0716549 0.0736622 0.0731517 0.0705685 0.0664062 0.0611092 0.0550503 0.0485401 0.0418473 0.0352167 0.0288704 0.0229918 0.0177129 0.0131185 0.00926158 0.00617057 0.00383877
 0.0101538 0.0161176 0.0235537 0.032164 0.0415369 0.0510684 0.0598918 0.0670219 0.0716935 0.0736248 0.0730083 0.0703052 0.0660433 0.0607091 0.0547059 0.0483422 0.0418439 0.0353893 0.0291423 0.0232668 0.0179186 0.0132299 0.00929478 0.00615968 0.00381412
 0.0102983 0.0163319 0.0238376 0.0325031 0.0419059 0.051437 0.0602295 0.0673004 0.0718878 0.0737145 0.0729783 0.0701469 0.065758 0.060315 0.0542456 0.0478804 0.0414521 0.0351192 0.0290055 0.0232329 0.0179359 0.0132519 0.00929824 0.00614403 0.00379007
 0.0101892 0.0161813 0.0236602 0.0323284 0.0417694 0.0513658 0.0602318 0.0673647 0.0719918 0.0738354 0.0730993 0.0702557 0.0658433 0.0603649 0.0542518 0.0478466 0.0413977 0.0350743 0.0289964 0.0232686 0.0180038 0.0133279 0.00936059 0.00618311 0.00380812
 0.0101316 0.0160925 0.0235365 0.0321729 0.0415937 0.0511927 0.0600933 0.0672949 0.072014 0.0739504 0.0732825 0.0704666 0.0660404 0.0605184 0.0543474 0.0478841 0.0413884 0.0350381 0.0289567 0.0232443 0.0180029 0.0133456 0.00938558 0.00620483 0.00382169
 0.0101665 0.0161319 0.023564 0.032163 0.0415202 0.0510402 0.0598686 0.0670293 0.0717562 0.073752 0.0731822 0.0704788 0.0661519 0.0606946 0.0545456 0.048067 0.0415335 0.0351397 0.0290224 0.0232883 0.0180379 0.0133785 0.00941656 0.00623084 0.00384021
 0.010155 0.0161231 0.0235679 0.0321919 0.0415814 0.051127 0.0599557 0.0670794 0.0717362 0.0736516 0.0730217 0.0703021 0.0660072 0.0606145 0.0545372 0.0481141 0.0416082 0.0352156 0.0290838 0.0233312 0.0180666 0.0133993 0.00943345 0.00624498 0.0038511
 0.00999616 0.0158893 0.0232623 0.0318353 0.0412089 0.0507803 0.0596746 0.0668932 0.071657 0.0736699 0.0731111 0.0704319 0.066157 0.0607803 0.0547259 0.048331 0.0418476 0.0354608 0.0293135 0.0235286 0.0182237 0.0135167 0.00951677 0.00630121 0.0038869
 0.00995144 0.0158209 0.0231677 0.0317162 0.041072 0.050638 0.0595446 0.0667965 0.0716116 0.0736841 0.0731783 0.0705316 0.0662623 0.0608693 0.05479 0.0483762 0.0418878 0.0355075 0.0293702 0.0235904 0.0182825 0.0135661 0.00955412 0.00632713 0.0039036
 0.00994841 0.015801 0.0231106 0.0315955 0.0408637 0.0503338 0.0591626 0.0663819 0.0712259 0.0733873 0.0730128 0.070513 0.0663784 0.061087 0.0550662 0.0486707 0.042172 0.0357667 0.0295993 0.023788 0.0184473 0.0136967 0.00965116 0.006394 0.00394608
 0.0102304 0.0162323 0.0237073 0.0323484 0.0417348 0.0512544 0.0600355 0.0670941 0.0716747 0.0735119 0.0728137 0.0700479 0.0657383 0.0603668 0.0543431 0.0479953 0.0415713 0.0352517 0.0291724 0.0234474 0.0181877 0.0135089 0.00952292 0.0063118 0.00389689
 0.0103534 0.0164503 0.0240669 0.0329006 0.0425175 0.052268 0.061221 0.0683303 0.0728007 0.0743676 0.07328 0.070073 0.0653447 0.0596386 0.0534002 0.0469625 0.0405534 0.0343214 0.0283706 0.0227904 0.0176748 0.0131289 0.00925708 0.00613755 0.00379067
 0.0104101 0.0165533 0.0242434 0.0331853 0.0429491 0.0528786 0.0620224 0.0693 0.0738728 0.0754328 0.0742005 0.0707112 0.0655986 0.0594709 0.052847 0.0461205 0.0395498 0.0332822 0.0273967 0.021947 0.0169927 0.0126115 0.00888937 0.00589368 0.00364065
 0.0102996 0.0163788 0.0239921 0.0328544 0.0425529 0.0524571 0.0616459 0.069061 0.0738631 0.0757112 0.0747647 0.0714886 0.0664611 0.0602685 0.0534498 0.0464527 0.0396045 0.0331113 0.0270849 0.0215816 0.0166426 0.0123179 0.00866815 0.00574198 0.00354564
 0.0104735 0.0166128 0.0242544 0.0330848 0.0426796 0.0524241 0.0614372 0.0687109 0.0734484 0.0753313 0.0745166 0.0714407 0.0666311 0.0606142 0.0538799 0.0468562 0.0398875 0.0332253 0.0270347 0.0214129 0.0164176 0.0120924 0.00847815 0.00560197 0.00345375
 0.0104177 0.0165336 0.0241549 0.0329706 0.0425515 0.0522696 0.0612295 0.0684199 0.0730628 0.07488 0.0740731 0.0711051 0.0664962 0.0607305 0.0542355 0.0473797 0.0404718 0.0337631 0.0274502 0.021678 0.0165473 0.0121269 0.00846164 0.0055685 0.00342252
 0.0105894 0.0168107 0.0245669 0.0335399 0.0432835 0.05314 0.0621717 0.0693242 0.0737941 0.0753114 0.0741237 0.0707678 0.0658435 0.0598942 0.053366 0.0465999 0.0398462 0.0332943 0.0270998 0.0213979 0.0163044 0.0119105 0.0082767 0.00542343 0.00332017
 0.0105014 0.0166808 0.0243971 0.0333446 0.0430911 0.0529908 0.0621129 0.0693983 0.0740211 0.0756716 0.0745538 0.0711759 0.066141 0.0600292 0.0533408 0.046464 0.0396694 0.0331343 0.0269831 0.0213206 0.0162476 0.011858 0.00822303 0.00537212 0.00327738
 0.0104108 0.0165427 0.0242068 0.0331051 0.0428137 0.052696 0.0618313 0.0691698 0.0738902 0.0756763 0.0747113 0.0714707 0.066523 0.0604257 0.0536803 0.0467013 0.0397976 0.0331788 0.0269816 0.0213036 0.0162295 0.0118406 0.00820414 0.00535156 0.00325761
 0.0104004 0.0165118 0.024135 0.0329665 0.0425851 0.0523697 0.0614255 0.0687302 0.0734797 0.0753595 0.0745393 0.0714718 0.0666966 0.0607412 0.054082 0.0471218 0.0401771 0.033481 0.0271983 0.0214473 0.0163202 0.0118957 0.00823537 0.00536661 0.00326243
 0.0103008 0.0163425 0.0238669 0.0325689 0.0420341 0.0516607 0.0605863 0.0678258 0.072605 0.0746214 0.074035 0.0712696 0.0668227 0.0611748 0.0547597 0.047951 0.0410551 0.0343156 0.0279241 0.0220319 0.0167607 0.012208 0.008444 0.00549719 0.00333823
 0.0104796 0.0166157 0.0242435 0.03304 0.0425684 0.0522019 0.0610543 0.0681286 0.0726628 0.0743958 0.0735486 0.0706036 0.066094 0.0605029 0.0542363 0.0476213 0.040915 0.0343234 0.0280204 0.0221604 0.0168816 0.0123019 0.00850718 0.00553483 0.00335817
 0.0103717 0.0164777 0.0241049 0.0329507 0.0425842 0.052361 0.0613563 0.0685282 0.0730801 0.0747384 0.0737374 0.0705949 0.065893 0.0601624 0.0538404 0.0472584 0.0406506 0.0341844 0.0279955 0.0222136 0.0169705 0.0123924 0.00858022 0.00558487 0.00338808
 0.00998358 0.0158989 0.0233331 0.0320244 0.0415798 0.0513827 0.0605228 0.0679542 0.0728496 0.0748763 0.0741956 0.0712655 0.0666443 0.0608808 0.0544592 0.0477638 0.0410673 0.0345502 0.0283384 0.0225401 0.0172694 0.0126462 0.00877657 0.0057223 0.00347488
 0.00980814 0.0156045 0.0228751 0.031362 0.0406924 0.0502931 0.0593158 0.0667735 0.0718677 0.0742463 0.0740078 0.0715256 0.0672781 0.0617604 0.0554408 0.048725 0.041931 0.0352878 0.0289545 0.0230521 0.0176909 0.0129832 0.00903197 0.00590192 0.00359046
 0.00946952 0.0151113 0.0222374 0.0306208 0.0399019 0.0494956 0.0585278 0.0659966 0.071116 0.0735714 0.0735006 0.0712897 0.0673881 0.0622281 0.0562066 0.0496777 0.0429444 0.0362551 0.0298085 0.0237643 0.01826 0.0134204 0.00935247 0.00612329 0.00373236
 0.00911775 0.0146178 0.0216404 0.0300067 0.0393829 0.0491702 0.0584455 0.0661407 0.0714097 0.0739031 0.0737613 0.0714133 0.067377 0.0621474 0.056149 0.0497174 0.0431074 0.0365185 0.0301224 0.0240783 0.0185391 0.013648 0.0095257 0.00624651 0.00381373
#obs surv len freq
 nan nan nan nan nan nan nan nan nan nan nan nan nan nan nan nan nan nan nan nan nan nan nan nan nan
 0.00448659 0.00734893 0.01118 0.0159974 0.0216989 0.0279748 0.034289 0.0400198 0.0446984 0.0481608 0.0505171 0.0520112 0.0529018 0.0534128 0.0537259 0.0539799 0.0542578 0.0545501 0.0546886 0.0542804 0.0527185 0.049351 0.0438013 0.0362822 0.0276668
 0.00461474 0.00755986 0.0115019 0.016457 0.022315 0.0287478 0.0351911 0.0409923 0.0456601 0.0490244 0.0512057 0.0524697 0.0531023 0.0533543 0.0534303 0.0534841 0.0536052 0.0537832 0.0538463 0.0533998 0.0518383 0.0485142 0.0430526 0.0356593 0.0271907
 0.00477804 0.00782678 0.0119064 0.0170317 0.0230854 0.029722 0.0363483 0.0422781 0.0469904 0.0502983 0.0523205 0.0533341 0.0536464 0.0535376 0.0532447 0.0529518 0.0527718 0.0527085 0.052597 0.0520461 0.0504558 0.0471835 0.0418538 0.0346585 0.0264244
 0.00497004 0.00814008 0.0123801 0.0177033 0.0239834 0.0308554 0.0376949 0.0437795 0.0485593 0.0518329 0.0537177 0.0544977 0.0544914 0.0539957 0.0532707 0.0525307 0.0519208 0.0514763 0.051059 0.0502998 0.0486166 0.0453786 0.0402087 0.0332758 0.0253617
 0.00518706 0.00849626 0.0129224 0.0184773 0.0250246 0.032175 0.0392651 0.0455293 0.0503845 0.053616 0.0553461 0.0558731 0.0555311 0.0546307 0.0534464 0.05221 0.0510914 0.0501586 0.0493131 0.0482291 0.046365 0.0431188 0.0381178 0.0315014 0.0239898
 0.00540935 0.00885988 0.0134741 0.0192629 0.0260808 0.0335169 0.0408719 0.047338 0.0522967 0.0555152 0.0571149 0.0574043 0.0567332 0.0554285 0.0537795 0.0520316 0.0503713 0.0488927 0.0475372 0.0460331 0.043899 0.0405825 0.0357288 0.0294485 0.0223892
 0.00564604 0.00924827 0.0140653 0.0201068 0.0272165 0.0349576 0.0425898 0.0492589 0.0543118 0.0575014 0.0589546 0.058995 0.057989 0.0562782 0.0541639 0.0519019 0.0496905 0.0476427 0.0457351 0.0437518 0.0412824 0.0378412 0.033107 0.0271687 0.0205958
 0.00588343 0.00963849 0.0146607 0.0209591 0.0283673 0.0364224 0.0443422 0.0512242 0.0563771 0.0595374 0.0608365 0.0606154 0.0592619 0.0571374 0.0545581 0.051789 0.0490353 0.0464226 0.0439554 0.0414702 0.0386301 0.0350254 0.0303813 0.0247736 0.0186956
 0.00614075 0.0100571 0.0152915 0.0218497 0.029554 0.0379159 0.0461132 0.0531975 0.0584408 0.0615636 0.0627011 0.0622107 0.060502 0.0579577 0.0549122 0.0516426 0.0483618 0.0452037 0.0421947 0.039216 0.0360009 0.0322174 0.0276436 0.0223507 0.0167605
 0.0063747 0.0104422 0.0158796 0.022692 0.0306901 0.0393582 0.0478303 0.05511 0.0604337 0.0635095 0.0644813 0.0637261 0.0616749 0.0587295 0.0552399 0.0514946 0.0477144 0.0440423 0.0405236 0.0370788 0.0335042 0.0295415 0.0250223 0.0200185 0.014888
 0.00660716 0.0108246 0.0164635 0.023528 0.031818 0.040791 0.0495374 0.0570114 0.0624109 0.0654283 0.0662151 0.0651707 0.0627539 0.0593935 0.0554602 0.0512555 0.0470065 0.0428618 0.0388804 0.0350158 0.0311192 0.0269986 0.0225357 0.0178051 0.0131078
 0.00683604 0.0111983 0.0170289 0.0243299 0.0328905 0.0421439 0.0511422 0.0587952 0.0642658 0.0672307 0.0678452 0.0665262 0.0637565 0.0599907 0.0556236 0.0509751 0.0462832 0.0417039 0.037308 0.0330749 0.0289012 0.0246513 0.0202498 0.0157742 0.0114748
 0.00706335 0.0115719 0.0175984 0.0251428 0.033982 0.0435199 0.0527643 0.0605765 0.0660851 0.0689577 0.0693631 0.0677439 0.0646107 0.0604432 0.055657 0.0505882 0.045486 0.0405147 0.0357564 0.0312122 0.0268157 0.0224764 0.0181534 0.0139241 0.00999319
 0.00725511 0.0118902 0.0180895 0.0258538 0.0349505 0.044759 0.0542459 0.0622258 0.0677906 0.070592 0.070806 0.0688972 0.065406 0.0608426 0.0556488 0.0501798 0.0446968 0.039372 0.0342971 0.0294914 0.0249181 0.0205222 0.0162882 0.0122899 0.00869133
 0.00742523 0.0121676 0.0185087 0.0264481 0.0357465 0.045767 0.0554496 0.0635762 0.0692099 0.0719857 0.0720753 0.0699515 0.0661708 0.0612665 0.0557056 0.0498667 0.0440292 0.0383788 0.0330193 0.0279864 0.023267 0.0188328 0.0146862 0.0108945 0.00758481
 0.00754051 0.012353 0.0187842 0.026832 0.0362532 0.0464034 0.0562102 0.0644407 0.0701442 0.0729452 0.0730089 0.0708027 0.0668802 0.0617754 0.0559636 0.049838 0.0436975 0.0377488 0.0321174 0.0268616 0.0219928 0.017506 0.0134162 0.00978289 0.00670144
 0.00759882 0.012449 0.0189311 0.027043 0.0365395 0.0467709 0.056656 0.0649529 0.0707043 0.0735331 0.0736047 0.0713844 0.0674199 0.0622363 0.0563006 0.0500036 0.0436505 0.0374639 0.0315923 0.0261226 0.0210958 0.0165322 0.0124603 0.00893365 0.00602046
 0.0076624 0.0125424 0.0190537 0.027189 0.0367013 0.046944 0.0568424 0.06516 0.0709415 0.0738067 0.073915 0.0717249 0.0677767 0.0625877 0.0566159 0.0502435 0.0437712 0.0374251 0.0313687 0.0257136 0.0205318 0.0158727 0.0117824 0.00831343 0.00551372
 0.00772594 0.0126416 0.0191948 0.0273733 0.0369237 0.047191 0.0570926 0.0653884 0.0711279 0.0739447 0.0740149 0.0718082 0.0678653 0.0626937 0.056736 0.0503583 0.0438487 0.0374272 0.0312612 0.0254777 0.0201739 0.0154271 0.011304 0.0078624 0.00513751
 0.0077602 0.0126945 0.0192691 0.0274701 0.0370416 0.047327 0.0572407 0.0655393 0.0712695 0.0740649 0.0741054 0.0718689 0.0679054 0.0627279 0.0567772 0.0504102 0.0439006 0.0374553 0.0312352 0.0253724 0.0199801 0.0151586 0.0109951 0.00755686 0.00487389
 0.00781342 0.0127742 0.0193764 0.0276012 0.0371892 0.0474814 0.0573919 0.0656775 0.0713862 0.0741536 0.0741626 0.0718942 0.0679018 0.0627022 0.0567394 0.0503703 0.0438636 0.0374168 0.0311812 0.0252845 0.0198453 0.0149775 0.0107846 0.00734438 0.00468673
 0.00785386 0.0128338 0.0194545 0.027693 0.0372864 0.0475747 0.0574726 0.0657391 0.0714258 0.0741726 0.074166 0.0718887 0.0678932 0.0626936 0.0567318 0.0503633 0.0438565 0.0374066 0.0311612 0.0252446 0.0197761 0.0148764 0.0106593 0.00721142 0.00456486
 0.00785811 0.0128425 0.0194707 0.0277198 0.0373258 0.0476251 0.057528 0.06579 0.0714626 0.0741898 0.0741647 0.0718757 0.0678775 0.0626831 0.0567305 0.0503713 0.0438703 0.0374208 0.031169 0.0252384 0.0197493 0.0148263 0.0105897 0.00713228 0.00448875
 0.00787383 0.0128613 0.0194869 0.0277248 0.0373114 0.0475881 0.0574735 0.0657303 0.0714116 0.0741573 0.0741534 0.0718824 0.0678971 0.062712 0.0567671 0.0504147 0.0439185 0.0374697 0.0312125 0.0252697 0.0197624 0.0148185 0.010563 0.00709338 0.00444663
 0.0078903 0.0128865 0.0195212 0.0277665 0.0373558 0.047627 0.0574963 0.0657268 0.0713772 0.0740965 0.0740792 0.0718116 0.0678436 0.0626824 0.056761 0.0504276 0.0439446 0.0375031 0.0312471 0.0252993 0.0197815 0.0148235 0.0105542 0.00707426 0.00442309
 0.00789461 0.0128899 0.0195198 0.0277548 0.0373285 0.0475817 0.057435 0.0656556 0.0713039 0.0740276 0.0740195 0.0717654 0.0678159 0.0626783 0.0567834 0.050475 0.0440114 0.0375806 0.031326 0.025371 0.0198395 0.014864 0.0105766 0.00708161 0.00442046
 0.00788276 0.0128719 0.0194949 0.0277227 0.0372888 0.0475335 0.0573769 0.0655874 0.071228 0.07395 0.0739492 0.0717115 0.0677854 0.0626748 0.0568074 0.0505245 0.0440818 0.0376652 0.0314163 0.0254579 0.0199148 0.0149225 0.0106165 0.00710457 0.00443068
 0.00786526 0.0128399 0.0194406 0.0276376 0.0371666 0.0473748 0.0571923 0.0653963 0.0710536 0.0738125 0.0738607 0.0716761 0.0678009 0.0627356 0.0569059 0.0506519 0.0442286 0.0378214 0.0315715 0.0256024 0.0200402 0.0150229 0.01069 0.00715317 0.00445919
 0.00785972 0.0128285 0.0194188 0.0275991 0.0371043 0.0472824 0.0570672 0.0652419 0.0708807 0.0736388 0.0737078 0.0715641 0.0677436 0.0627376 0.056963 0.050754 0.0443627 0.0379738 0.0317293 0.0257535 0.0201747 0.0151339 0.0107742 0.0072113 0.00449545
 0.00785576 0.0128182 0.0193961 0.0275561 0.037033 0.047178 0.0569303 0.0650799 0.0707057 0.0734656 0.0735518 0.0714403 0.0676655 0.0627147 0.0569989 0.0508447 0.0444975 0.0381377 0.0319056 0.0259267 0.0203317 0.0152654 0.0108758 0.00728326 0.0045418
 0.00782228 0.012768 0.0193284 0.0274722 0.0369355 0.0470687 0.0568101 0.0649495 0.0705682 0.0733277 0.073424 0.0713353 0.0675957 0.0626898 0.0570243 0.0509208 0.044619 0.0382939 0.0320817 0.0261062 0.0204993 0.0154093 0.0109893 0.00736519 0.00459568
 0.00779667 0.0127234 0.019256 0.0273633 0.0367844 0.0468779 0.0565928 0.0647281 0.0703679 0.0731683 0.0733153 0.0712779 0.0675857 0.0627232 0.0570986 0.0510339 0.0447672 0.0384703 0.0322753 0.026303 0.0206845 0.0155703 0.011118 0.00745941 0.00465853
 0.00775854 0.0126613 0.0191624 0.027231 0.0366083 0.0466569 0.0563334 0.0644465 0.0700888 0.0729214 0.0731287 0.0711717 0.0675674 0.0627877 0.0572321 0.0512194 0.0449883 0.0387125 0.0325252 0.026547 0.020909 0.0157634 0.0112721 0.00757259 0.00473447
 0.00774364 0.0126336 0.0191145 0.0271537 0.0364929 0.0464986 0.0561344 0.0642168 0.0698452 0.0726843 0.0729196 0.0710112 0.0674726 0.0627695 0.0572919 0.0513492 0.045173 0.0389334 0.0327632 0.0267845 0.0211303 0.0159559 0.0114274 0.00768798 0.00481283
 0.00932419 0.0148455 0.0217825 0.0298939 0.0388242 0.04802 0.0566664 0.0638282 0.068772 0.0712098 0.0712871 0.0693903 0.0659657 0.0614317 0.0561486 0.0504061 0.0444226 0.0383588 0.0323415 0.0264899 0.0209365 0.0158375 0.0113617 0.00765577 0.00479953
 0.00930105 0.0151033 0.0226913 0.0319133 0.0423032 0.0529273 0.0624183 0.0693839 0.0730027 0.0733436 0.0711631 0.067402 0.0627886 0.0577339 0.0524257 0.0469525 0.0413794 0.0357745 0.0302161 0.0247981 0.019639 0.0148853 0.0106984 0.00722123 0.00453422
 0.00897203 0.0145834 0.0219586 0.0310148 0.0414093 0.0523696 0.062651 0.0708214 0.0757713 0.0770966 0.0751226 0.0706544 0.0646658 0.0580457 0.05143 0.0451422 0.0392492 0.0336861 0.0283734 0.023284 0.0184632 0.0140192 0.0100954 0.00682687 0.00429397
 0.0087833 0.0142695 0.0214739 0.0303154 0.0404702 0.051216 0.0613991 0.0697068 0.0751312 0.0772777 0.0763262 0.0727892 0.0673135 0.0605959 0.0533275 0.0460987 0.0393021 0.033099 0.0274744 0.0223412 0.0176376 0.0133761 0.0096376 0.00652619 0.00411149
 0.00873362 0.014178 0.0213154 0.0300575 0.040078 0.0506621 0.0606775 0.0688498 0.0742262 0.076478 0.0758405 0.0728298 0.0680045 0.061882 0.0549505 0.0476807 0.0404997 0.0337366 0.0275791 0.0220793 0.0172105 0.0129415 0.00928183 0.00627437 0.00395279
 0.00867825 0.0140895 0.0211845 0.0298749 0.0398339 0.0503464 0.0602815 0.0683705 0.0736729 0.0758824 0.0752682 0.0723855 0.067819 0.0620705 0.0555517 0.0486115 0.041564 0.0346979 0.0282583 0.0224172 0.017263 0.0128238 0.00910584 0.00611297 0.00383571
 0.00869442 0.0141093 0.0212022 0.0298805 0.0398149 0.0502907 0.0601796 0.0682153 0.0734589 0.0756068 0.0749358 0.0720195 0.0674697 0.0618159 0.0554777 0.0487747 0.0419543 0.0352272 0.0287923 0.0228333 0.0175001 0.0128939 0.009067 0.00603053 0.00375539
 0.00870118 0.0141237 0.0212294 0.0299261 0.0398815 0.0503736 0.0602641 0.0682783 0.0734749 0.0755555 0.0748076 0.0718179 0.0672132 0.0615396 0.055233 0.0486203 0.041935 0.0353507 0.029018 0.0230878 0.0177105 0.0130191 0.00910745 0.00601456 0.00371691
 0.00864327 0.0140397 0.0211223 0.029806 0.0397638 0.0502754 0.0601999 0.0682563 0.0734941 0.0756038 0.0748643 0.0718589 0.0672197 0.0615052 0.055169 0.0485541 0.0419024 0.0353811 0.0291189 0.0232387 0.0178718 0.0131517 0.00919035 0.0060495 0.00371993
 0.00864161 0.0140268 0.0210848 0.0297271 0.0396302 0.0500866 0.0599748 0.0680313 0.0733117 0.0754966 0.0748439 0.0719138 0.0673219 0.0616225 0.0552756 0.0486394 0.0419722 0.035452 0.0292073 0.0233493 0.0179943 0.0132662 0.00927888 0.00610479 0.00374623
 0.00863636 0.0140222 0.0210841 0.0297337 0.0396438 0.0500994 0.0599709 0.0679922 0.0732267 0.0753723 0.0747049 0.0717929 0.0672453 0.0615992 0.0552968 0.0486864 0.0420283 0.0355094 0.0292672 0.0234158 0.0180672 0.013339 0.00934186 0.00615062 0.0037736
 0.00865294 0.0140454 0.0211126 0.0297642 0.0396731 0.0501257 0.0599942 0.068012 0.0732384 0.075367 0.0746725 0.0717298 0.0671594 0.0615082 0.0552201 0.0486366 0.0420072 0.0355116 0.0292855 0.023445 0.0181039 0.013379 0.00937975 0.00618136 0.0037946
 0.00863121 0.014016 0.0210789 0.0297329 0.0396512 0.0501176 0.0599995 0.0680259 0.0732549 0.0753811 0.0746812 0.0717307 0.0671503 0.0614886 0.0551936 0.0486107 0.0419905 0.0355095 0.0292988 0.0234706 0.0181368 0.0134142 0.00941272 0.00620849 0.00381412
 0.00862139 0.0139994 0.0210532 0.0296963 0.0396044 0.0500649 0.0599496 0.0679896 0.0732411 0.0753923 0.0747122 0.0717713 0.0671895 0.0615183 0.0552105 0.0486161 0.0419892 0.035508 0.0293025 0.0234823 0.0181557 0.0134374 0.00943618 0.00622894 0.00382962
 0.0086067 0.0139753 0.0210165 0.0296441 0.0395349 0.0499787 0.0598512 0.0678885 0.0731502 0.0753258 0.0746811 0.0717802 0.0672347 0.061589 0.0552929 0.0486978 0.0420624 0.03557 0.0293547 0.0235275 0.0181961 0.0134735 0.00946714 0.00625362 0.00384752
 0.0086067 0.0139753 0.0210165 0.0296441 0.0395349 0.0499787 0.0598512 0.0678885 0.0731502 0.0753258 0.0746811 0.0717802 0.0672347 0.061589 0.0552929 0.0486978 0.0420624 0.03557 0.0293547 0.0235275 0.0181961 0.0134735 0.00946714 0.00625362 0.00384752
 0.00884247 0.014346 0.0215491 0.0303503 0.0404027 0.050964 0.0608711 0.068828 0.0738861 0.0757598 0.0747669 0.0715305 0.0667094 0.0608742 0.0544784 0.0478618 0.0412638 0.0348481 0.0287326 0.0230156 0.0177953 0.0131766 0.00926057 0.00611958 0.00376698
 0.00900053 0.0146228 0.0220006 0.031036 0.0413662 0.0522041 0.0623173 0.0703387 0.075276 0.0768465 0.0754137 0.0716719 0.0663563 0.0601021 0.0534058 0.0466237 0.0399866 0.0336333 0.0276497 0.0221038 0.0170686 0.0126293 0.00887314 0.00586351 0.0036101
 0.00906918 0.0147413 0.0221931 0.0313329 0.041802 0.0528102 0.0631104 0.0713055 0.0763615 0.0779499 0.0764003 0.0724001 0.0667137 0.0600355 0.0529332 0.0458249 0.0389795 0.0325449 0.026592 0.021159 0.0162846 0.0120226 0.00843544 0.00557018 0.00342846
 0.00892866 0.0145225 0.0218838 0.0309334 0.0413317 0.0523141 0.0626631 0.0710046 0.0763052 0.0782057 0.0769747 0.0732269 0.0676643 0.0609511 0.053668 0.0462836 0.0391369 0.0324405 0.0263068 0.0207861 0.0159042 0.0116893 0.00817563 0.00538737 0.00331174
 0.00899415 0.0146007 0.0219495 0.0309464 0.0412484 0.0521067 0.0623367 0.0706028 0.075903 0.0778918 0.0768306 0.0733052 0.0679712 0.0614383 0.0542408 0.0468268 0.0395491 0.0326639 0.0263383 0.0206681 0.0157018 0.0114658 0.0079765 0.00523478 0.00320867
 0.00898074 0.0145839 0.0219319 0.0309298 0.0412283 0.0520669 0.0622488 0.0704364 0.0756438 0.0775589 0.0764819 0.0730233 0.067836 0.061498 0.0544926 0.0472167 0.0399892 0.0330618 0.0266265 0.0208209 0.0157346 0.0114188 0.00789446 0.00515215 0.00314362
 0.00916432 0.0148675 0.0223303 0.0314444 0.0418443 0.05275 0.0629419 0.0710601 0.0761074 0.0777818 0.076418 0.0726803 0.0672786 0.0608317 0.0538327 0.0466527 0.039562 0.0327615 0.0264115 0.0206446 0.0155669 0.0112531 0.00774077 0.00502419 0.00304937
 0.00902815 0.0146732 0.0220884 0.0311832 0.0416039 0.0525712 0.0628562 0.0710838 0.0762387 0.0779998 0.0766838 0.0729432 0.0674904 0.0609634 0.0538853 0.0466545 0.039552 0.032769 0.026443 0.0206865 0.015599 0.0112621 0.00772644 0.00499592 0.00301875
 0.00901507 0.0146296 0.0219835 0.0309799 0.0412748 0.0521205 0.0623341 0.0705808 0.0758567 0.0778146 0.0767201 0.0731722 0.0678468 0.06137 0.0542757 0.0469877 0.0398159 0.0329727 0.0266032 0.0208151 0.0156991 0.0113322 0.00776696 0.00501242 0.00302015
 0.00897006 0.0145598 0.0218835 0.0308436 0.0410926 0.0518783 0.0620178 0.0701877 0.0754103 0.0773717 0.0763613 0.0729754 0.0678565 0.0615801 0.0546345 0.0474207 0.0402529 0.0333655 0.0269296 0.021072 0.0158924 0.0114702 0.0078584 0.00506693 0.00304838
 0.00886296 0.0143828 0.0216132 0.0304595 0.0405854 0.0512602 0.0613292 0.069493 0.0747822 0.0768722 0.0760321 0.0728407 0.0679289 0.0618599 0.0551014 0.0480284 0.0409335 0.0340457 0.0275483 0.0215914 0.0162988 0.0117679 0.00806215 0.00519635 0.00312384
 0.00896742 0.0145392 0.0218221 0.0307091 0.0408502 0.0515017 0.0615001 0.069546 0.0746839 0.0766173 0.0756484 0.0723832 0.0674651 0.0614552 0.0548079 0.0478753 0.0409226 0.0341514 0.027727 0.0217958 0.0164905 0.0119245 0.0081763 0.0052714 0.0031684
 0.00900246 0.0146087 0.0219486 0.0309185 0.0411614 0.0519122 0.0619744 0.0700163 0.0750657 0.0768339 0.0756542 0.0721747 0.0670802 0.0609614 0.0542852 0.0473982 0.0405449 0.0338984 0.0275946 0.0217578 0.0165112 0.0119704 0.00822408 0.00530919 0.00319337
