SBPRF35
12.7214
Curr Bio
923970
B35
889142
F35
0.171338
FOFL
0.171338
OFL
131122
Bzero
3.63469e+006
#pred survey bio
 3.5415e+006 3.43772e+006 3.34189e+006 3.19788e+006 2.99679e+006 2.80469e+006 2.54977e+006 2.29205e+006 2.05292e+006 1.84051e+006 1.63726e+006 1.45516e+006 1.29846e+006 1.1459e+006 1.006e+006 876574 772866 712055 665419 634290 616947 595052 570499 545316 525543 519041 516654 519346 521195 519912 529136 551282 560806 571810 591464 601562 609266 615484 618032 632195 639433 649134 652515 658399 664375 673741 663166 666685 671396 682917 694572 745147 787723 811725 833515 840248 860038 891225 901988 897909 920914 917464 914096 893015 898245 907053 911025 930782 2.16708e+007 1.98549e+007 2.01603e+007 2.08771e+007 2.18553e+007 2.2926e+007 2.39643e+007 2.48965e+007 2.56911e+007 2.63443e+007 2.6868e+007 2.72805e+007 2.76018e+007 2.78501e+007 2.80412e+007 2.81882e+007 2.83012e+007 2.83882e+007 2.84555e+007 2.85077e+007 2.85483e+007 2.858e+007 2.8605e+007 2.86246e+007 2.86402e+007 2.86526e+007 2.86624e+007 2.86703e+007 2.86766e+007 2.86816e+007 2.86857e+007 2.8689e+007 2.86917e+007 2.86939e+007 2.86956e+007 2.8697e+007 2.86982e+007 2.86992e+007 2.86999e+007 2.87006e+007 2.87011e+007 2.87015e+007 2.87018e+007 2.87021e+007 2.87024e+007 2.87025e+007 2.87027e+007 2.87028e+007 2.87029e+007 2.8703e+007 2.87031e+007 2.87031e+007 2.87032e+007 2.87032e+007 2.87032e+007 2.87033e+007 2.87033e+007 2.87033e+007 2.87033e+007 2.87033e+007 2.87033e+007 2.87033e+007 2.87034e+007 2.87034e+007 2.87034e+007 2.87034e+007 2.87034e+007 2.87034e+007 2.87034e+007 2.87034e+007 2.87034e+007 2.87034e+007 2.87034e+007 2.87034e+007 2.87034e+007 2.87034e+007 2.87034e+007 2.87034e+007 2.87034e+007 2.87034e+007 2.87034e+007 2.87034e+007 2.87034e+007 2.87034e+007 2.87034e+007 2.87034e+007 2.87034e+007 2.87034e+007 2.87034e+007 2.87034e+007 2.87034e+007 2.87034e+007 2.87034e+007 2.87034e+007 2.87034e+007 2.87034e+007 2.87034e+007 2.87034e+007 2.87034e+007 2.87034e+007 0 0 0 0 0 0 0 0 0 0 0 0 0 0 0 0 0 0 0 0 0 0 0 0 0
#obs survey bio
 3.25195e+006 3.78531e+006 3.34101e+006 3.07573e+006 1.71306e+006 2.44457e+006 2.53911e+006 3.42841e+006 2.13995e+006 1.27095e+006 1.5334e+006 1.60512e+006 1.41574e+006 966362 819535 692445 627532 761471 688254 791335 558348 612542 488003 574135 636946 613927 505888 539456 394034 538511 396811 589395 479628 542033 732190 815651 464032 880597 465838 517619 623135 573874 523763 890882 778401 675812 708220 643146 621594 448587 714132 736455 667922 1.36438e+006 828571 848237 729557 1.0711e+006 795175 1.01306e+006 1.05902e+006 1.19417e+006 721149 966636 1.01562e+006 746352 970056 1.16612e+006
#pred catch bio
 95035.8 93807.1 148173 213417 220535 293600 310703 306617 293902 295424 283919 266908 266592 255924 244493 217795 176291 159913 142658 128164 129658 128998 126282 118437 105090 100741 96415.4 97853.2 101400 94054 85884.3 98428.7 97544.3 90763 99086.6 100834 101850 104594 95301.8 102283 100682 106293 104241 104331 101638 118016 105369 104871 100366 102195 71921.9 81822.5 99328.9 102555 116665 106720 99115.5 118203 130826 107621 130346 129543 144300 121869 120413 126109 114126 122302 131122 131283 132220 135862 141589 148003 154186 159648 164197 167828 170637 172759 174332 175483 176314 176910 177334 177633 177844 177992 178095 178167 178218 178253 178277 178293 178305 178313 178319 178322 178325 178327 178328 178329 178329 178330 178330 178330 178330 178331 178331 178331 178331 178331 178331 178331 178331 178331 178331 178331 178331 178331 178331 178331 178331 178331 178331 178331 178331 178331 178331 178331 178331 178331 178331 178331 178331 178331 178331 178331 178331 178331 178331 178331 178331 178331 178331 178331 178331 178331 178331 178331 178331 178331 178331 178331 178331 178331 178331 178331 178331 178331 178331 178331 178331 178331 178331 178331 178331 178331 0 0 0 0 0 0 0 0 0 0 0 0 0 0 0 0 0 0 0 0 0 0 0 0 0
#obs catch bio
 0 93455.1 148287 214035 221144 296164 313630 307532 293652 296477 284224 266089 267223 257043 245823 220051 178062 160549 142895 127473 129607 128540 126649 118681 104849 100693 96165.8 97670.4 101831 94571 86488.7 99317.4 98282.6 90927.9 99041.8 100521 102009 104364 95086.7 102561 100778 106179 104380 103960 101462 117809 105069 104679 99982 102583 71764.4 81582.1 99530.1 102400 116895 106981 98987.5 118382 131598 107413 130343 128963 144667 121654 120326 126555 114247 122352
#pred cpue bio
 3.50022e+006 3.39772e+006 3.30149e+006 3.15692e+006 2.95599e+006 2.76396e+006 2.50996e+006 2.25358e+006 2.01569e+006 1.80415e+006 1.60186e+006 1.42082e+006 1.26501e+006 1.1136e+006 975080 847321 745349 685994 640749 610605 593773 572447 548510 524042 504966 498778 496518 499091 500677 499146 507936 529529 539030 550079 569618 579755 587388 593577 596160 609934 616989 626627 629993 635802 641734 651055 640733 644128 648677 659765 670983 720921 763183 786735 807881 814257 833621 864311 874921 870915 893709 890495 887038 866004 870947 879489 883218 902639 2.10254e+007 1.92669e+007 1.9476e+007 2.01041e+007 2.10583e+007 2.21246e+007 2.31623e+007 2.40944e+007 2.48889e+007 2.55421e+007 2.60658e+007 2.64783e+007 2.67996e+007 2.70479e+007 2.7239e+007 2.7386e+007 2.7499e+007 2.7586e+007 2.76533e+007 2.77055e+007 2.77461e+007 2.77779e+007 2.78028e+007 2.78225e+007 2.7838e+007 2.78504e+007 2.78602e+007 2.78681e+007 2.78744e+007 2.78795e+007 2.78836e+007 2.78869e+007 2.78895e+007 2.78917e+007 2.78934e+007 2.78949e+007 2.7896e+007 2.7897e+007 2.78978e+007 2.78984e+007 2.78989e+007 2.78993e+007 2.78997e+007 2.79e+007 2.79002e+007 2.79004e+007 2.79005e+007 2.79006e+007 2.79007e+007 2.79008e+007 2.79009e+007 2.7901e+007 2.7901e+007 2.7901e+007 2.79011e+007 2.79011e+007 2.79011e+007 2.79011e+007 2.79011e+007 2.79012e+007 2.79012e+007 2.79012e+007 2.79012e+007 2.79012e+007 2.79012e+007 2.79012e+007 2.79012e+007 2.79012e+007 2.79012e+007 2.79012e+007 2.79012e+007 2.79012e+007 2.79012e+007 2.79012e+007 2.79012e+007 2.79012e+007 2.79012e+007 2.79012e+007 2.79012e+007 2.79012e+007 2.79012e+007 2.79012e+007 2.79012e+007 2.79012e+007 2.79012e+007 2.79012e+007 2.79012e+007 2.79012e+007 2.79012e+007 2.79012e+007 2.79012e+007 2.79012e+007 2.79012e+007 2.79012e+007 2.79012e+007 2.79012e+007 2.79012e+007 2.79012e+007 2.79012e+007 2.79012e+007 0 0 0 0 0 0 0 0 0 0 0 0 0 0 0 0 0 0 0 0 0 0 0 0 0
#obs cpue bio
 3.99758e+006 3.76016e+006 2.87058e+006 3.07407e+006 2.24755e+006 2.84796e+006 2.0877e+006 2.78729e+006 2.6047e+006 1.8683e+006 2.01678e+006 1.67264e+006 845224 1.11752e+006 1.10677e+006 761783 700755 848404 665554 737852 524045 692168 447546 510323 512455 394406 577426 474343 457119 382947 440985 504208 592745 717025 630763 522714 529900 612475 693977 571501 649993 916768 609605 744014 427140 856404 561436 693319 819508 684320 598336 1.18415e+006 609352 559679 724148 622859 1.17546e+006 690756 755821 945968 999527 864866 780413 886608 748229 805008 791992 911107
#pred surv len freq
 0.00425863 0.00700968 0.0107287 0.0154567 0.0211121 0.0273991 0.0337892 0.0396633 0.0445475 0.0482633 0.0508979 0.0526667 0.0537932 0.0544556 0.0547792 0.0548488 0.054727 0.0544565 0.0540143 0.053216 0.0516373 0.0486735 0.0438072 0.0369815 0.028817
 0.00461025 0.00748146 0.0112574 0.0159296 0.021409 0.0274517 0.0336206 0.0393767 0.0442666 0.048065 0.0507809 0.0525738 0.0536656 0.0542818 0.0546093 0.0547699 0.0548142 0.0547238 0.0543898 0.0535589 0.0517939 0.0485476 0.0434054 0.0364058 0.0282111
 0.00469685 0.00768889 0.0116845 0.0166881 0.0225691 0.0289741 0.0353185 0.0409549 0.0454346 0.0486589 0.0508144 0.0521895 0.0530362 0.0535361 0.0538209 0.0539879 0.0540886 0.0540969 0.0538662 0.0530857 0.0512791 0.0479124 0.0426358 0.0355673 0.0274144
 0.00484356 0.00791027 0.0119921 0.0170972 0.0231152 0.0297227 0.0363512 0.0423198 0.0470805 0.0504 0.0523676 0.0532791 0.0535039 0.0533859 0.0531819 0.0530362 0.0529841 0.0529555 0.0527531 0.0520165 0.0502318 0.0468567 0.0415708 0.0345403 0.0265041
 0.00502923 0.00821963 0.0124698 0.0177855 0.0240411 0.0308835 0.0377079 0.0438086 0.0486366 0.05197 0.053891 0.0546519 0.0545661 0.0539613 0.0531518 0.0523938 0.0518326 0.0514582 0.051072 0.0502733 0.0485013 0.0451866 0.0400091 0.0331492 0.0253498
 0.00512892 0.00839763 0.0127681 0.0182556 0.0247351 0.0318386 0.0389284 0.045255 0.0502303 0.0536102 0.0554765 0.056093 0.0557788 0.0548509 0.0536084 0.0523165 0.0511737 0.0502545 0.0494396 0.0483707 0.0464887 0.0432037 0.0381728 0.0315561 0.0240683
 0.00527887 0.00864876 0.0131606 0.0188339 0.025542 0.032904 0.0402558 0.0468128 0.0519506 0.0553968 0.0572164 0.0576708 0.0570896 0.0558062 0.0541328 0.0523412 0.0506419 0.0491436 0.047789 0.0462938 0.0441593 0.0408244 0.0359395 0.0296269 0.0225406
 0.00550262 0.00900437 0.0136813 0.019547 0.0264667 0.034047 0.0416048 0.0483319 0.0535819 0.0570668 0.0588424 0.0591653 0.058363 0.0567712 0.0547075 0.052452 0.0502266 0.048162 0.0462437 0.0442544 0.0417737 0.0383042 0.0335199 0.0275139 0.0208657
 0.00579666 0.00947117 0.0143625 0.0204727 0.0276491 0.0354719 0.0432234 0.0500616 0.0553214 0.0587188 0.0603309 0.0604375 0.0593797 0.0574937 0.0550889 0.0524352 0.049749 0.0471697 0.0447144 0.042225 0.039363 0.0357115 0.0309904 0.025279 0.019083
 0.00603325 0.00986712 0.0149786 0.0213704 0.0288754 0.0370359 0.0450752 0.0520889 0.0573709 0.0606331 0.061982 0.0617432 0.0603022 0.0580254 0.0552327 0.0521863 0.0490853 0.0460566 0.0431263 0.0401792 0.0369509 0.0331092 0.0284333 0.0230025 0.0172561
 0.00628044 0.01027 0.0155875 0.0222353 0.0300384 0.0385184 0.046861 0.0541113 0.0595132 0.0627427 0.0638941 0.0633092 0.0614141 0.0586292 0.0553237 0.0517889 0.0482286 0.0447585 0.0413979 0.0380506 0.0345051 0.0305028 0.0258819 0.0207296 0.0154277
 0.00657532 0.0107396 0.0162763 0.0231786 0.0312573 0.0400112 0.048594 0.0560146 0.0614877 0.0646745 0.0656668 0.0648105 0.0625417 0.0593003 0.0554864 0.0514276 0.0473588 0.043414 0.0396223 0.0359038 0.032084 0.0279584 0.0234119 0.0185379 0.0136663
 0.00679988 0.011117 0.0168662 0.0240421 0.0324414 0.0415262 0.0503926 0.0579905 0.0634973 0.0665721 0.0673324 0.066159 0.0635159 0.059859 0.0555975 0.0510691 0.0465237 0.0421159 0.0378994 0.0338242 0.029755 0.0255328 0.0210764 0.0164776 0.0120166
 0.00701946 0.0114826 0.0174332 0.0248685 0.0335773 0.0429958 0.0521734 0.0600014 0.0656043 0.0686104 0.0691361 0.0675897 0.064482 0.0603205 0.0555551 0.0505455 0.0455483 0.0407206 0.0361262 0.0317393 0.0274631 0.0231808 0.0188392 0.0145235 0.0104635
 0.00721371 0.0118089 0.0179438 0.025619 0.0346162 0.0443459 0.053814 0.06186 0.0675649 0.0705325 0.0708751 0.0690133 0.0654839 0.0608315 0.0555491 0.0500355 0.0445743 0.0393368 0.0343953 0.0297391 0.0252978 0.0209869 0.0167745 0.0127356 0.00905255
 0.00736909 0.0120781 0.0183797 0.0262818 0.0355601 0.0455992 0.055358 0.063621 0.0694243 0.0723492 0.0725092 0.0703435 0.0664171 0.0613075 0.0555414 0.0495492 0.0436414 0.0380101 0.0327445 0.0278508 0.0232795 0.0189686 0.0148973 0.0111264 0.00779309
 0.00746359 0.0122381 0.0186335 0.0266629 0.0361047 0.0463385 0.0563084 0.064773 0.070736 0.0737455 0.0738883 0.0715904 0.0674215 0.0619799 0.0558229 0.0494139 0.0430941 0.0370825 0.0314927 0.0263545 0.0216418 0.0173115 0.0133489 0.00979815 0.0067547
 0.00748008 0.0122519 0.0186319 0.0266303 0.0360324 0.0462386 0.0562233 0.0647733 0.0709025 0.0741427 0.0745397 0.0724644 0.0684328 0.063006 0.0567289 0.0500792 0.0434329 0.0370542 0.0311035 0.0256538 0.0207156 0.0162715 0.0123153 0.00887739 0.00601772
 0.00756486 0.0123728 0.0187816 0.026789 0.036171 0.046326 0.0562359 0.0647056 0.0707767 0.0740126 0.0744819 0.0725554 0.0687194 0.0634816 0.0573286 0.0506954 0.043944 0.037356 0.0311332 0.0254019 0.0202247 0.0156249 0.011616 0.00822293 0.00547801
 0.00769975 0.0125678 0.0190295 0.0270657 0.0364398 0.0465464 0.0563714 0.0647304 0.0706819 0.0738121 0.0742169 0.0722913 0.0685323 0.0634357 0.0574524 0.0509666 0.0442917 0.037681 0.031339 0.0254242 0.0200498 0.0152896 0.0111918 0.00779047 0.00510247
 0.00770603 0.0125889 0.01908 0.0271625 0.0365935 0.0467498 0.056593 0.0649193 0.070785 0.073796 0.0740819 0.0720718 0.0682862 0.0632287 0.057341 0.0509815 0.044426 0.0378883 0.0315466 0.0255583 0.0200621 0.0151733 0.0109798 0.00753771 0.00486271
 0.00775208 0.012661 0.0191839 0.0273032 0.036776 0.0469783 0.0568677 0.0652292 0.0711016 0.0740729 0.0742644 0.0721162 0.0681792 0.062996 0.0570406 0.050683 0.0441861 0.0377317 0.0314604 0.0255027 0.0199915 0.0150587 0.01082 0.00735518 0.00468864
 0.00775058 0.0126738 0.0192308 0.0274107 0.0369691 0.0472685 0.0572435 0.0656561 0.071532 0.0744582 0.0745634 0.0722967 0.0682188 0.0628874 0.0567985 0.0503473 0.0438128 0.0373758 0.0311577 0.0252607 0.019795 0.0148855 0.0106557 0.00719979 0.00455186
 0.00776037 0.0126891 0.0192538 0.0274458 0.0370254 0.0473612 0.0573924 0.065878 0.0718295 0.0748114 0.0749298 0.0726215 0.0684506 0.0629908 0.056761 0.0501802 0.0435483 0.0370591 0.030835 0.0249663 0.0195449 0.0146792 0.0104858 0.00706008 0.00444047
 0.00786892 0.0128386 0.0194291 0.0276167 0.0371558 0.0474245 0.057384 0.065819 0.0717593 0.0747733 0.0749553 0.0727188 0.0686001 0.0631523 0.0568873 0.0502335 0.0435119 0.0369404 0.0306597 0.0247673 0.0193507 0.0145075 0.0103435 0.00694725 0.00435498
 0.00791099 0.0129009 0.0195101 0.0277079 0.0372399 0.0474759 0.0573727 0.0657207 0.0715697 0.0745191 0.0746927 0.0725162 0.0685117 0.0631964 0.0570414 0.0504459 0.0437234 0.0371051 0.0307558 0.0247971 0.0193317 0.0144613 0.0102881 0.00689442 0.00431074
 0.00800228 0.0130302 0.0196693 0.027877 0.0373923 0.0475863 0.0574231 0.0657017 0.0714781 0.0743577 0.0744738 0.0722663 0.0682721 0.0630131 0.0569488 0.0504522 0.0438077 0.0372272 0.0308738 0.0248823 0.0193745 0.0144675 0.0102711 0.00686772 0.004284
 0.00809258 0.0131663 0.0198534 0.0281015 0.0376391 0.0478275 0.0576237 0.0658256 0.0714981 0.0742648 0.0742813 0.0720049 0.067981 0.0627323 0.0567136 0.0502884 0.0437251 0.0372166 0.0309104 0.0249357 0.0194199 0.0144928 0.0102761 0.00685929 0.00427019
 0.00814384 0.0132555 0.0199975 0.0283179 0.0379384 0.048204 0.0580479 0.0662444 0.0718467 0.0744849 0.074337 0.0718916 0.0677236 0.0623768 0.0563152 0.0498997 0.0433871 0.0369525 0.0307238 0.0248143 0.0193435 0.014442 0.0102381 0.00682841 0.00424551
 0.00821473 0.0133678 0.0201614 0.0285417 0.0382277 0.04856 0.0584631 0.066698 0.0723014 0.0748892 0.0746335 0.0720304 0.067677 0.0621487 0.055941 0.0494364 0.0428982 0.0364934 0.0303318 0.0245054 0.0191155 0.0142816 0.0101286 0.00675541 0.00419816
 0.00817594 0.0133096 0.0200833 0.0284474 0.0381262 0.0484653 0.0583942 0.0666777 0.0723514 0.0750226 0.0748464 0.0722971 0.0679529 0.0623817 0.0560879 0.0494774 0.0428417 0.0363698 0.03018 0.0243592 0.0189953 0.0141938 0.0100698 0.00671812 0.00417523
 0.00793272 0.0129422 0.0195832 0.0278273 0.0374185 0.0477183 0.0576695 0.0660462 0.0718858 0.0747836 0.0748692 0.0725816 0.0684618 0.0630463 0.0568214 0.0501932 0.0434726 0.0368793 0.0305637 0.0246343 0.0191878 0.0143274 0.0101616 0.00677917 0.00421348
 0.0078267 0.0127691 0.0193227 0.0274632 0.0369459 0.0471529 0.0570535 0.0654451 0.0713733 0.0744219 0.0746956 0.072607 0.0686761 0.0634232 0.0573201 0.0507599 0.0440468 0.0374062 0.0310054 0.024976 0.0194348 0.0144966 0.0102728 0.00684947 0.00425586
 0.00775969 0.0126547 0.0191404 0.0271905 0.0365637 0.0466541 0.0564522 0.0647818 0.0707116 0.0738376 0.0742615 0.0723778 0.0686779 0.0636507 0.0577399 0.0513189 0.0446811 0.0380501 0.0316015 0.0254838 0.0198349 0.01479 0.0104737 0.00697846 0.00433337
 0.00764783 0.0124731 0.0188675 0.0268069 0.0360561 0.0460219 0.0557151 0.0639831 0.0699151 0.0731178 0.0736928 0.0720237 0.0685812 0.0638256 0.0581685 0.0519538 0.0454534 0.0388809 0.0324142 0.0262155 0.0204443 0.0152602 0.0108101 0.00720133 0.00446989
 0.00765823 0.0124798 0.0188583 0.0267628 0.0359541 0.0458409 0.0554415 0.0636152 0.0694641 0.0726093 0.073166 0.0715301 0.0681793 0.0635714 0.0581034 0.0520933 0.0457817 0.0393529 0.0329655 0.0267768 0.0209562 0.0156832 0.0111285 0.00742017 0.0046072
 0.00760745 0.0124121 0.018783 0.0266955 0.0359096 0.0458223 0.0554339 0.0635871 0.0693794 0.0724417 0.0729104 0.0712053 0.0678248 0.0632394 0.0578494 0.0519647 0.0458064 0.0395311 0.0332681 0.027153 0.0213476 0.016039 0.0114163 0.00762893 0.00474358
 0.00758458 0.0123687 0.0187076 0.0265765 0.0357419 0.045615 0.0552135 0.0633905 0.0692376 0.0723632 0.0728761 0.0711797 0.067776 0.0631568 0.0577491 0.051883 0.0457848 0.0396006 0.0334372 0.0274039 0.0216426 0.0163334 0.0116727 0.00782641 0.00487891
 0.00770643 0.0125406 0.0189172 0.0267944 0.0359282 0.0457313 0.0552342 0.0633105 0.0690729 0.0721459 0.0726438 0.070962 0.0675849 0.0629874 0.0575907 0.0517332 0.0456568 0.0395184 0.0334232 0.0274661 0.0217685 0.016495 0.0118371 0.00796749 0.00498363
 0.00761622 0.0124214 0.018787 0.0266836 0.0358665 0.0457295 0.0552734 0.0633469 0.0690594 0.0720573 0.0724899 0.0707816 0.0674254 0.0628833 0.0575528 0.0517522 0.0457157 0.0396054 0.0335357 0.0276056 0.0219322 0.0166707 0.0120058 0.00811106 0.00509162
 0.0075403 0.0123032 0.0186209 0.0264721 0.0356248 0.0454887 0.0550773 0.0632397 0.0690653 0.0721643 0.072651 0.0709371 0.0675318 0.0629306 0.0575604 0.0517504 0.0457288 0.039645 0.0336035 0.0276988 0.0220455 0.0167951 0.0121289 0.0082198 0.00517674
 0.00752597 0.0122663 0.0185405 0.0263219 0.0353814 0.0451449 0.0546539 0.0627883 0.0686576 0.0718713 0.07252 0.0709756 0.0677076 0.0631869 0.0578403 0.0520161 0.0459672 0.0398597 0.0338036 0.0278902 0.0222282 0.0169646 0.012278 0.00834177 0.00526801
 0.00750663 0.0122461 0.0185293 0.0263323 0.0354204 0.0452038 0.054704 0.0627885 0.0685735 0.0716961 0.0722832 0.0707332 0.0675174 0.0630853 0.0578308 0.0520763 0.0460652 0.0399702 0.033914 0.0279978 0.0223337 0.0170666 0.0123722 0.00842244 0.00533087
 0.00748223 0.0122024 0.0184574 0.026224 0.0352737 0.0450283 0.0545226 0.0626301 0.0684596 0.0716286 0.0722452 0.0707031 0.0674862 0.0630637 0.0578412 0.0521362 0.0461763 0.0401187 0.0340793 0.028162 0.0224856 0.0172003 0.0124846 0.00851177 0.00539688
 0.00742915 0.0121237 0.0183525 0.0260963 0.0351282 0.0448694 0.0543534 0.0624556 0.0682911 0.071484 0.0721437 0.0706562 0.0674927 0.0631124 0.0579201 0.0522398 0.0463048 0.0402717 0.0342505 0.0283392 0.0226548 0.0173502 0.0126085 0.00860716 0.00546504
 0.00738129 0.0120413 0.0182207 0.0259007 0.0348601 0.0445337 0.0539736 0.0620718 0.067949 0.0712219 0.0719841 0.0706054 0.0675447 0.0632529 0.0581293 0.0524953 0.0465861 0.0405624 0.0345382 0.0286128 0.0229031 0.0175633 0.0127798 0.00873519 0.00555346
 0.00748247 0.0121995 0.0184461 0.026195 0.0352129 0.0449183 0.054346 0.0623764 0.0681334 0.071254 0.0718624 0.0703569 0.0672139 0.0628882 0.057773 0.0521781 0.0463257 0.0403653 0.0344025 0.0285313 0.0228651 0.0175562 0.012791 0.008754 0.00557241
 0.00749751 0.0122208 0.0184725 0.0262242 0.0352433 0.0449503 0.0543822 0.0624193 0.0681808 0.0712963 0.0718841 0.0703433 0.0671585 0.0627967 0.0576613 0.0520668 0.0462335 0.0403045 0.0343773 0.0285388 0.0228972 0.0176025 0.0128409 0.00879929 0.00560818
 0.00759258 0.0123557 0.0186392 0.0264026 0.0354067 0.0450744 0.0544533 0.0624366 0.068154 0.0712403 0.0718128 0.0702647 0.0670733 0.0627012 0.0575526 0.0519482 0.0461148 0.040199 0.0342966 0.0284888 0.0228771 0.0176057 0.0128583 0.00882192 0.00562938
 0.00758957 0.012362 0.0186679 0.02647 0.0355238 0.0452372 0.0546363 0.0625986 0.0682539 0.0712557 0.071749 0.0701491 0.0669399 0.0625754 0.0574454 0.0518588 0.0460383 0.0401331 0.0342432 0.028452 0.0228592 0.0176053 0.0128701 0.00883939 0.0056468
 0.00743074 0.0121362 0.0183889 0.026173 0.035258 0.0450514 0.0545652 0.0626532 0.0684185 0.0714912 0.0720038 0.070375 0.0671077 0.0626808 0.0575029 0.0518886 0.0460567 0.0401485 0.0342591 0.02847 0.0228806 0.01763 0.0128967 0.00886489 0.00566832
 0.00722057 0.0117663 0.0177843 0.0252575 0.033986 0.0434508 0.0527686 0.0608884 0.0669501 0.0705381 0.071676 0.0706576 0.0678877 0.0637967 0.0587916 0.0532167 0.0473311 0.0413128 0.0352824 0.0293381 0.0235899 0.0181854 0.0133103 0.00915493 0.00585803
 0.00721668 0.0117402 0.0177054 0.0250775 0.0336418 0.0428758 0.0519135 0.0597493 0.0655954 0.0691183 0.0704014 0.0697417 0.0674803 0.0639387 0.0594139 0.0541776 0.0484681 0.0424835 0.0363841 0.0303081 0.0243977 0.0188231 0.0137858 0.00948764 0.00607465
 0.00725367 0.0118105 0.0178279 0.02527 0.0339083 0.0431897 0.0522057 0.0599133 0.0655147 0.0687106 0.0696608 0.0687589 0.0664273 0.0630187 0.0587961 0.0539456 0.0486056 0.0428987 0.036954 0.0309181 0.0249645 0.0192989 0.0141528 0.00974915 0.00624657
 0.00722399 0.0117725 0.0177906 0.0252505 0.0339297 0.0432752 0.0523691 0.0601472 0.0657794 0.0689314 0.069742 0.0686178 0.0660347 0.0624259 0.0581277 0.0533576 0.0482273 0.0427891 0.037092 0.0312266 0.0253477 0.0196753 0.0144707 0.00998785 0.0064081
 0.00721388 0.0117648 0.0177956 0.0252838 0.0340096 0.0434175 0.0525821 0.0604277 0.0661106 0.0692806 0.0700579 0.068833 0.0660794 0.0622528 0.0577399 0.0528211 0.047656 0.0423043 0.0367784 0.0311067 0.0253869 0.0198088 0.0146339 0.0101355 0.00651929
 0.00717459 0.0116939 0.0176768 0.0251011 0.0337545 0.0431002 0.0522383 0.0601157 0.065896 0.069214 0.0701571 0.0690755 0.0664063 0.0625836 0.0579963 0.0529539 0.0476648 0.042237 0.0367075 0.0310942 0.0254585 0.0199496 0.0148053 0.0102978 0.00664747
 0.00707205 0.0115339 0.0174484 0.0247975 0.0333737 0.042646 0.0517247 0.0595728 0.0653733 0.0687771 0.0698757 0.0690029 0.0665602 0.0629355 0.0584765 0.0534736 0.0481455 0.0426355 0.037023 0.0313553 0.0256977 0.020183 0.0150273 0.0104913 0.00679755
 0.00702831 0.0114715 0.0173702 0.0247111 0.0332876 0.0425649 0.0516451 0.0594825 0.0652563 0.0686223 0.0696864 0.0688035 0.0663925 0.0628448 0.0584915 0.0535919 0.0483345 0.042849 0.0372233 0.0315269 0.0258452 0.0203175 0.0151542 0.0106064 0.00689262
 0.00701912 0.0114619 0.0173658 0.0247209 0.0333223 0.042633 0.0517488 0.0596141 0.0653962 0.0687405 0.0697494 0.0687853 0.066287 0.062672 0.0582926 0.0534132 0.0482089 0.0427853 0.0372096 0.0315436 0.0258772 0.0203581 0.0152008 0.0106556 0.00693861
 0.00691866 0.0112942 0.0171065 0.0243483 0.0328264 0.0420281 0.0510826 0.0589652 0.0648555 0.0683842 0.069616 0.0688678 0.066541 0.0630358 0.0587086 0.053843 0.0486352 0.0432029 0.0376139 0.031924 0.0262194 0.0206496 0.0154353 0.0108332 0.0070646
 0.00702529 0.0114498 0.0173066 0.0245743 0.033047 0.0422038 0.0511731 0.0589384 0.0646992 0.0681148 0.0692787 0.0685235 0.0662459 0.0628236 0.0585854 0.0537945 0.0486404 0.0432449 0.0376824 0.0320121 0.0263192 0.0207513 0.0155291 0.010912 0.00712486
 0.0070721 0.0115356 0.0174525 0.0248023 0.0333703 0.0426136 0.0516285 0.0593692 0.0650236 0.068266 0.0692269 0.0682843 0.0658729 0.0623895 0.0581596 0.0534261 0.0483519 0.043037 0.0375445 0.0319304 0.0262805 0.0207434 0.0155405 0.0109324 0.00714649
 0.00716252 0.0116844 0.01768 0.0251293 0.0338141 0.0431809 0.0523059 0.060115 0.0657663 0.0689126 0.0696805 0.0684688 0.0657562 0.0619944 0.057557 0.0527125 0.0476215 0.0423615 0.0369652 0.0314626 0.0259223 0.0204835 0.015363 0.0108196 0.00708055
 0.00716468 0.0116804 0.0176611 0.0250856 0.0337412 0.0430885 0.0522231 0.0600868 0.0658391 0.0691139 0.0700016 0.0688602 0.0661389 0.0622852 0.0576968 0.0526852 0.0474554 0.0421128 0.0366946 0.031217 0.025727 0.0203445 0.0152739 0.0107683 0.00705456
 0.00717168 0.0116898 0.0176712 0.025092 0.0337369 0.0430642 0.0521709 0.0600059 0.0657428 0.0690321 0.0699747 0.0689226 0.0662994 0.0625167 0.0579425 0.0528807 0.0475547 0.0421047 0.0366016 0.0310797 0.0255858 0.0202266 0.0151898 0.0107164 0.00702668
 0.00713883 0.0116498 0.0176355 0.0250787 0.0337645 0.0431425 0.0522931 0.0601488 0.0658742 0.0691241 0.0700158 0.0689226 0.0662853 0.0625177 0.0579737 0.0529332 0.0475999 0.0421107 0.0365513 0.030979 0.0254578 0.0200993 0.015084 0.0106405 0.00697923
 0.00698919 0.0114184 0.0173107 0.0246613 0.0332712 0.0426091 0.0517743 0.0597107 0.0655774 0.0690042 0.0700726 0.0691258 0.0665914 0.0628874 0.058379 0.0533536 0.0480141 0.0424927 0.0368746 0.0312265 0.0256284 0.0202058 0.0151459 0.0106757 0.00699984
#obs surv len freq
 nan nan nan nan nan nan nan nan nan nan nan nan nan nan nan nan nan nan nan nan nan nan nan nan nan
 0.00448178 0.00734189 0.0111709 0.0159867 0.0216876 0.027964 0.0342793 0.0400117 0.0446923 0.0481569 0.0505153 0.0520116 0.0529042 0.0534169 0.0537314 0.0539865 0.0542651 0.054558 0.0546968 0.0542887 0.0527267 0.0493587 0.0438082 0.0362879 0.0276711
 0.00462081 0.00756811 0.0115114 0.0164659 0.0223213 0.0287503 0.0351898 0.0409887 0.0456561 0.0490214 0.051204 0.052469 0.0531017 0.0533533 0.0534286 0.0534819 0.0536026 0.0537804 0.0538435 0.053397 0.0518356 0.0485116 0.0430503 0.0356575 0.0271893
 0.00477688 0.00782606 0.0119073 0.017036 0.023094 0.0297347 0.0363628 0.0422905 0.0469973 0.0502981 0.0523142 0.0533246 0.0536367 0.0535295 0.0532388 0.0529478 0.0527689 0.0527062 0.052595 0.0520444 0.0504542 0.0471822 0.0418527 0.0346576 0.0264237
 0.00495685 0.00812003 0.0123526 0.0176691 0.0239444 0.0308151 0.0376574 0.0437493 0.0485394 0.0518239 0.0537177 0.0545037 0.0545011 0.0540079 0.0532858 0.052549 0.0519425 0.0515009 0.0510855 0.0503272 0.0486437 0.0454043 0.0402317 0.0332949 0.0253762
 0.00516646 0.00846269 0.0128719 0.0184066 0.0249322 0.0320629 0.0391403 0.0454035 0.0502718 0.0535291 0.0552931 0.055856 0.0555463 0.0546716 0.0535059 0.0522819 0.0511717 0.0502448 0.0494033 0.048321 0.0464557 0.0432043 0.038194 0.0315647 0.0240381
 0.00540117 0.00884477 0.013448 0.0192207 0.0260176 0.0334295 0.0407611 0.0472093 0.0521603 0.0553842 0.0570031 0.0573238 0.0566916 0.0554277 0.0538159 0.052098 0.0504596 0.0489955 0.0476487 0.0461486 0.0440138 0.0406912 0.0358259 0.0295292 0.0224508
 0.00563932 0.0092372 0.0140482 0.0200816 0.0271807 0.0349081 0.0425238 0.0491747 0.0542101 0.0573867 0.0588355 0.0588835 0.0578984 0.0562199 0.0541452 0.0519242 0.0497498 0.0477314 0.0458443 0.0438727 0.0414067 0.0379608 0.0332147 0.0272584 0.0206644
 0.00587962 0.00963118 0.0146476 0.0209375 0.0283344 0.0363766 0.0442836 0.0511543 0.0562984 0.0594522 0.0607471 0.0605253 0.0591771 0.0570665 0.054511 0.0517744 0.049058 0.0464819 0.0440459 0.0415825 0.0387535 0.0351488 0.0304945 0.024869 0.0187689
 0.00613465 0.0100471 0.0152761 0.0218275 0.0295232 0.0378754 0.0460622 0.0531365 0.0583719 0.0614898 0.062626 0.0621381 0.0604351 0.0579003 0.054869 0.05162 0.0483662 0.0452396 0.0422625 0.0393109 0.0361136 0.032336 0.0277559 0.0224471 0.0168354
 0.00636329 0.0104243 0.015854 0.022658 0.0306475 0.0393077 0.0477735 0.0550491 0.0603715 0.0634485 0.0644237 0.0636738 0.0616295 0.0586928 0.055214 0.051483 0.0477212 0.044072 0.0405789 0.0371589 0.0336034 0.0296501 0.0251284 0.0201116 0.0149614
 0.00658211 0.0107847 0.0164052 0.0234488 0.0317177 0.0406722 0.0494071 0.0568802 0.062291 0.0653305 0.066146 0.0651321 0.0627439 0.0594077 0.055494 0.0513056 0.0470713 0.0429416 0.0389764 0.0351277 0.0312434 0.0271275 0.0226588 0.0179124 0.0131923
 0.00681889 0.0111682 0.0169797 0.0242547 0.0327839 0.0420047 0.050976 0.058615 0.0640895 0.0670767 0.0677284 0.0664555 0.0637341 0.0600131 0.0556833 0.051063 0.0463915 0.0418266 0.0374416 0.0332166 0.0290473 0.0247954 0.0203834 0.0158886 0.0115642
 0.00706757 0.0115786 0.0176077 0.025154 0.0339922 0.0435239 0.0527539 0.060543 0.0660226 0.0688666 0.069252 0.0676274 0.0645052 0.0603625 0.0556093 0.0505753 0.045505 0.0405601 0.0358223 0.0312931 0.0269061 0.0225701 0.0182431 0.0140027 0.0100558
 0.00728378 0.0119344 0.0181514 0.0259334 0.0350455 0.0448642 0.0543526 0.0623216 0.0678607 0.0706224 0.070787 0.0688275 0.0652937 0.0607041 0.0555044 0.0500482 0.0445912 0.0392985 0.0342558 0.0294786 0.0249277 0.0205471 0.016321 0.0123239 0.00872122
 0.00742716 0.0121745 0.018526 0.0264827 0.0358048 0.0458513 0.0555556 0.0636928 0.0693217 0.0720768 0.0721326 0.0699663 0.0661402 0.0611937 0.0556005 0.0497443 0.0439067 0.0382711 0.0329362 0.0279314 0.0232384 0.0188252 0.0146926 0.0109079 0.00759968
 0.00752403 0.0123281 0.0187508 0.026792 0.0362113 0.0463673 0.05619 0.0644463 0.0701815 0.0730128 0.0730966 0.0708943 0.0669579 0.0618255 0.0559791 0.0498203 0.0436551 0.0376944 0.0320642 0.0268198 0.0219673 0.0174965 0.013419 0.00979267 0.00671323
 0.00756083 0.0123884 0.0188423 0.0269226 0.0363877 0.0465942 0.0564691 0.0647779 0.0705673 0.0734567 0.0736017 0.0714542 0.0675482 0.0623995 0.0564722 0.0501612 0.0437804 0.0375622 0.0316637 0.0261756 0.0211387 0.0165703 0.0124952 0.00896439 0.00604537
 0.00765436 0.0125262 0.0190234 0.0271373 0.0366212 0.0468319 0.056701 0.0649996 0.0707791 0.073663 0.0738104 0.0716755 0.0677905 0.0626617 0.0567366 0.0503902 0.0439218 0.037562 0.0314822 0.0258022 0.0205993 0.0159246 0.0118231 0.00834515 0.00553755
 0.00771323 0.0126213 0.0191648 0.0273314 0.0368673 0.0471175 0.0570001 0.0652769 0.0710013 0.0738122 0.0738906 0.0717092 0.067808 0.0626893 0.056787 0.0504573 0.04398 0.0375714 0.0314001 0.025599 0.0202721 0.0155025 0.0113599 0.0079025 0.00516516
 0.0077619 0.0126949 0.0192655 0.0274584 0.0370178 0.0472881 0.0571864 0.0654717 0.0711919 0.0739808 0.0740188 0.0717851 0.0678328 0.0626772 0.056759 0.0504308 0.0439592 0.0375433 0.0313388 0.0254768 0.0200738 0.0152351 0.0110529 0.00759781 0.00490118
 0.00781789 0.0127807 0.0193846 0.0276099 0.037196 0.047483 0.0573841 0.0656565 0.0713497 0.0741019 0.0740991 0.0718245 0.0678325 0.0626406 0.0566932 0.0503467 0.0438676 0.0374491 0.0312367 0.0253537 0.0199171 0.0150424 0.0108371 0.00738285 0.00471255
 0.00785295 0.0128374 0.0194691 0.0277269 0.0373471 0.0476642 0.0575838 0.0658561 0.0715278 0.0742402 0.074187 0.0718602 0.0678213 0.0625909 0.056614 0.0502468 0.0437552 0.0373304 0.0311142 0.025225 0.0197774 0.0148898 0.0106769 0.00722773 0.00457734
 0.00786783 0.0128581 0.019494 0.0277532 0.0373723 0.0476885 0.0576113 0.0658936 0.0715809 0.0743096 0.0742671 0.0719408 0.0678911 0.0626413 0.0566408 0.0502496 0.0437365 0.0372934 0.0310618 0.0251586 0.0196973 0.0147973 0.0105769 0.00712876 0.00448934
 0.00789002 0.012889 0.0195308 0.0277897 0.0374005 0.0477012 0.057605 0.0658697 0.0715467 0.0742766 0.0742477 0.0719439 0.0679187 0.0626877 0.056695 0.0502999 0.0437736 0.0373124 0.031061 0.0251387 0.0196601 0.0147461 0.0105168 0.0070666 0.00443263
 0.0078891 0.0128846 0.0195189 0.0277646 0.0373562 0.0476335 0.057514 0.0657609 0.0714309 0.0741684 0.0741634 0.0718983 0.0679214 0.0627402 0.0567898 0.0504218 0.0439042 0.0374344 0.0311618 0.0252113 0.019703 0.0147619 0.0105112 0.0070477 0.00440848
 0.00788372 0.012873 0.019496 0.0277239 0.0372914 0.0475406 0.057394 0.0656208 0.0712827 0.0740272 0.074045 0.0718171 0.0678887 0.0627621 0.0568651 0.050542 0.0440539 0.0375947 0.031314 0.0253406 0.0198009 0.0148267 0.0105467 0.00706103 0.00440822
 0.00788426 0.0128721 0.0194912 0.0277114 0.0372663 0.0474981 0.0573303 0.0655348 0.0711771 0.0739091 0.0739256 0.0717103 0.0678088 0.0627209 0.0568699 0.0505934 0.0441458 0.0377144 0.0314451 0.0254662 0.0199076 0.0149068 0.0105993 0.00709029 0.00442091
 0.0078851 0.0128712 0.0194857 0.0276971 0.0372388 0.047454 0.0572689 0.0654581 0.0710893 0.0738158 0.0738328 0.0716251 0.067739 0.0626748 0.0568551 0.0506149 0.0442038 0.0378035 0.0315544 0.0255816 0.020015 0.0149955 0.0106642 0.00713206 0.00444419
 0.0078632 0.0128338 0.0194263 0.027609 0.0371171 0.0472986 0.0570872 0.0652654 0.0709054 0.0736605 0.0737214 0.0715653 0.0677317 0.0627158 0.0569374 0.0507311 0.0443467 0.0379652 0.0317253 0.0257501 0.0201688 0.0151246 0.0107629 0.00720032 0.00448651
 0.00783707 0.0127924 0.0193657 0.0275262 0.0370099 0.0471666 0.0569327 0.0650948 0.07073 0.0734953 0.0735831 0.0714695 0.0676889 0.0627298 0.0570049 0.0508435 0.0444927 0.0381328 0.0319024 0.0259249 0.0203298 0.0152621 0.0108709 0.0072776 0.00453653
 0.00782436 0.0127676 0.0193209 0.027452 0.0368982 0.0470148 0.056747 0.0648903 0.0705265 0.0733125 0.0734363 0.0713692 0.0676415 0.0627381 0.057068 0.0509562 0.0446452 0.0383123 0.0320946 0.0261155 0.0205058 0.0154132 0.0109908 0.00736481 0.00459426
 0.00781395 0.0127493 0.0192907 0.0274046 0.0368277 0.046916 0.0566171 0.0647313 0.070347 0.0731273 0.0732646 0.0712305 0.0675511 0.0627048 0.0570937 0.0510366 0.0447718 0.0384731 0.0322753 0.0263007 0.020681 0.0155663 0.0111141 0.00745591 0.00465557
 0.00774755 0.0126473 0.0191485 0.0272223 0.0366099 0.0466719 0.0563601 0.0644783 0.0701165 0.0729362 0.0731259 0.0711528 0.0675392 0.0627596 0.0572119 0.0512106 0.0449898 0.0387202 0.0325347 0.0265552 0.0209147 0.0157666 0.0112735 0.00757274 0.00473399
 0.00774491 0.0126324 0.019107 0.0271352 0.0364601 0.0464526 0.0560823 0.0641702 0.0698155 0.0726772 0.0729327 0.0710359 0.0674993 0.0627917 0.0573087 0.0513635 0.0451883 0.0389516 0.0327835 0.0268044 0.0211476 0.0159692 0.0114366 0.00769367 0.00481596
 0.00770762 0.0125768 0.0190319 0.027041 0.0363462 0.0463149 0.0559131 0.0639634 0.0695734 0.0724164 0.0726836 0.070834 0.0673738 0.0627576 0.0573653 0.0514986 0.0453845 0.0391892 0.033043 0.0270665 0.0213941 0.0161849 0.0116114 0.00782397 0.00490479
 0.00767713 0.0125264 0.0189547 0.0269312 0.0362014 0.0461387 0.0557165 0.0637621 0.0693826 0.0722453 0.0725352 0.0707107 0.0672827 0.0627117 0.0573786 0.0515791 0.0455298 0.0393873 0.0332751 0.0273114 0.021631 0.0163962 0.0117851 0.00795506 0.00499506
 0.00765862 0.0124956 0.0189071 0.026862 0.0361061 0.0460148 0.0555656 0.0635913 0.069204 0.0720743 0.0723863 0.0705942 0.0672037 0.0626723 0.0573807 0.0516264 0.0456252 0.0395293 0.0334553 0.0275143 0.0218374 0.0165873 0.0119466 0.00807939 0.00508203
 0.00762995 0.0124529 0.0188498 0.0267918 0.0360259 0.0459272 0.0554717 0.0634913 0.0690985 0.0719657 0.0722801 0.0704983 0.0671271 0.062623 0.0573646 0.0516467 0.0456836 0.0396255 0.0335854 0.0276693 0.0220034 0.016748 0.0120874 0.00819104 0.00516192
 0.00759959 0.0124037 0.0187764 0.0266901 0.0358952 0.0457721 0.0553036 0.0633269 0.0689552 0.0718557 0.0722077 0.0704608 0.0671191 0.0626399 0.0574048 0.0517106 0.0457724 0.0397392 0.0337215 0.0278217 0.0221623 0.0169009 0.012222 0.00829878 0.00523989
 0.00760015 0.012403 0.0187724 0.0266795 0.0358736 0.0457351 0.0552482 0.0632528 0.0688658 0.0717589 0.0721134 0.0703789 0.0670565 0.0625994 0.0573864 0.0517138 0.0457974 0.0397868 0.0337915 0.0279113 0.0222648 0.0170068 0.0123205 0.00838125 0.00530181
 0.00757978 0.0123727 0.018732 0.0266305 0.0358184 0.0456761 0.0551868 0.0631895 0.0688011 0.0716938 0.0720509 0.0703236 0.0670142 0.0625753 0.0573837 0.0517333 0.0458377 0.0398458 0.0338668 0.0279996 0.022361 0.0171035 0.0124098 0.008456 0.00535827
 0.00756866 0.0123555 0.0187076 0.0265989 0.0357807 0.0456346 0.055145 0.0631511 0.0687687 0.0716677 0.0720287 0.0703021 0.0669915 0.0625526 0.0573652 0.0517243 0.0458429 0.0398677 0.0339055 0.028053 0.0224249 0.0171719 0.0124756 0.00851303 0.00540259
 0.0075331 0.0123024 0.0186365 0.0265126 0.0356846 0.0455354 0.0550501 0.0630679 0.0687041 0.0716269 0.0720138 0.0703116 0.0670202 0.062594 0.0574135 0.0517761 0.0458977 0.0399269 0.0339704 0.0281234 0.0224985 0.0172444 0.012542 0.00856882 0.00544513
 0.00750288 0.0122505 0.0185539 0.0263902 0.0355173 0.0453269 0.0548159 0.0628347 0.0685027 0.0714832 0.0719422 0.070313 0.0670854 0.062708 0.057559 0.0519373 0.0460623 0.0400866 0.0341207 0.0282619 0.0226233 0.0173534 0.0126328 0.00863969 0.00549632
 0.00752959 0.0122878 0.0185984 0.0264339 0.0355482 0.0453317 0.0547829 0.0627575 0.0683835 0.0713345 0.0717852 0.0701723 0.0669815 0.0626521 0.0575517 0.0519708 0.0461246 0.0401657 0.0342069 0.0283483 0.0227053 0.0174274 0.012696 0.00869031 0.00553368
 0.00752669 0.0122908 0.0186165 0.0264789 0.0356299 0.0454502 0.0549242 0.0628941 0.0684828 0.0713702 0.0717468 0.0700678 0.066834 0.0624912 0.0574048 0.0518566 0.0460504 0.0401293 0.0342005 0.0283625 0.0227315 0.0174589 0.0127276 0.00871825 0.00555584
 0.00751508 0.0122703 0.0185834 0.0264308 0.035568 0.0453831 0.0548679 0.0628674 0.0684984 0.0714262 0.0718249 0.0701408 0.0668782 0.0624966 0.0573776 0.0518138 0.0460112 0.0401072 0.0342007 0.0283824 0.0227644 0.0174971 0.0127646 0.00874985 0.00557997
 0.00748734 0.0122291 0.0185283 0.0263636 0.0354918 0.0453012 0.0547838 0.0627868 0.0684308 0.0713841 0.0718197 0.070176 0.0669456 0.0625785 0.0574545 0.0518732 0.0460517 0.0401363 0.0342281 0.0284149 0.022803 0.0175387 0.0128043 0.00878341 0.00560536
 0.00746932 0.0121977 0.0184775 0.0262872 0.0353863 0.0451685 0.0546336 0.0626357 0.0682978 0.0712855 0.0717658 0.0701711 0.0669883 0.0626619 0.057566 0.0519966 0.0461717 0.0402432 0.0343193 0.0284929 0.0228712 0.0175986 0.0128552 0.00882405 0.00563509
 0.00746932 0.0121977 0.0184775 0.0262872 0.0353863 0.0451685 0.0546336 0.0626357 0.0682978 0.0712855 0.0717658 0.0701711 0.0669883 0.0626619 0.057566 0.0519966 0.0461717 0.0402432 0.0343193 0.0284929 0.0228712 0.0175986 0.0128552 0.00882405 0.00563509
 0.00716243 0.0117083 0.017761 0.025314 0.0341544 0.0437198 0.0530671 0.0611043 0.0669802 0.070343 0.0713032 0.0702188 0.0675062 0.063558 0.058721 0.0532869 0.0474865 0.041495 0.0354477 0.0294624 0.0236673 0.018222 0.0133182 0.00914728 0.00584513
 0.00710723 0.0115861 0.0175172 0.0248783 0.0334585 0.0427259 0.0517954 0.0596426 0.0654714 0.0689565 0.0702022 0.0695321 0.0673076 0.063855 0.0594565 0.0543543 0.0487537 0.0428296 0.0367363 0.0306219 0.024647 0.0190013 0.0139006 0.00955405 0.00610884
 0.00723833 0.0117967 0.0178254 0.025289 0.0339494 0.043233 0.0522088 0.0598249 0.0653023 0.0683839 0.0692739 0.0683882 0.06614 0.0628532 0.0587611 0.0540311 0.0487906 0.0431538 0.0372425 0.0312019 0.0252114 0.0194906 0.0142858 0.00983176 0.0062923
 0.00716243 0.0116961 0.017717 0.0252038 0.0339255 0.0433019 0.0523788 0.0600692 0.0655548 0.0685498 0.0692556 0.0681237 0.0656362 0.0621949 0.0580883 0.0534917 0.048493 0.0431372 0.0374759 0.0316052 0.0256873 0.0199531 0.0146776 0.0101275 0.00649332
 0.00715389 0.0116795 0.0176882 0.0251607 0.0338729 0.0432563 0.0523698 0.0601313 0.0657104 0.068789 0.0695259 0.0683388 0.0657047 0.0620592 0.0577548 0.0530354 0.0480316 0.0427869 0.037309 0.0316313 0.0258623 0.0202054 0.014938 0.0103489 0.00665565
 0.00709171 0.0115854 0.0175595 0.0249993 0.0336847 0.0430505 0.0521601 0.0599388 0.0655646 0.068723 0.0695648 0.0684833 0.0659201 0.0622809 0.0579116 0.0530831 0.0479764 0.0426827 0.0372306 0.031637 0.0259694 0.0203897 0.0151525 0.0105483 0.00681188
 0.00701915 0.011464 0.0173712 0.0247277 0.0333206 0.0426014 0.0516559 0.0594308 0.0651143 0.0683874 0.0693845 0.068477 0.0660829 0.0625825 0.0582982 0.0534886 0.0483432 0.042983 0.0374731 0.0318537 0.0261906 0.020625 0.015388 0.0107591 0.00697799
 0.00707023 0.0115406 0.0174733 0.0248487 0.0334458 0.0427078 0.0517149 0.0594142 0.0650051 0.0681889 0.0691244 0.0682007 0.06584 0.0624119 0.058217 0.0534885 0.0483964 0.0430565 0.0375443 0.031919 0.0262603 0.0207097 0.0154881 0.0108631 0.00707061
 0.00706767 0.0115474 0.0175036 0.0249207 0.0335758 0.0428999 0.0519528 0.0596607 0.0652105 0.0683064 0.0691243 0.0680803 0.0656246 0.0621467 0.0579531 0.053267 0.0482378 0.0429596 0.0374948 0.0319013 0.0262651 0.020734 0.0155291 0.0109143 0.00712226
 0.00697941 0.0114071 0.0172995 0.024648 0.0332417 0.0425292 0.0515899 0.0593621 0.0650266 0.0682616 0.0692063 0.0682472 0.0658245 0.0623389 0.0581205 0.053415 0.048383 0.0431163 0.0376668 0.0320818 0.0264425 0.0208975 0.0156714 0.0110312 0.00721197
 0.00701792 0.011461 0.0173643 0.0247128 0.033291 0.0425472 0.0515651 0.0592925 0.0649228 0.0681458 0.069106 0.0681834 0.0658019 0.0623447 0.0581332 0.0534172 0.0483708 0.0430986 0.0376574 0.0320907 0.0264717 0.0209421 0.0157234 0.0110824 0.00725615
 0.00705685 0.0115305 0.0174794 0.0248886 0.0335363 0.0428546 0.0519052 0.059616 0.0651746 0.0682834 0.0691143 0.0680769 0.0656154 0.0621179 0.0578965 0.0531869 0.0481524 0.0428951 0.0374744 0.0319367 0.026354 0.0208625 0.0156776 0.0110622 0.00725187
 0.00710401 0.0116082 0.0175987 0.0250611 0.0337723 0.04316 0.0522757 0.0600319 0.0655986 0.0686644 0.0693968 0.0682163 0.065592 0.0619425 0.0576053 0.0528271 0.0477681 0.042519 0.0371283 0.0316347 0.0261052 0.0206713 0.0155422 0.0109749 0.00720144
