SBPRF35
7.78865
Curr Bio
571796
B35
677959
F35
0.226341
FOFL
0.198434
OFL
90074.1
Bzero
2.22533e+006
#pred survey bio
 4.59436e+006 4.30593e+006 4.04076e+006 3.7396e+006 3.41756e+006 3.07754e+006 2.76071e+006 2.44012e+006 2.13799e+006 1.88523e+006 1.64883e+006 1.49576e+006 1.32329e+006 1.17602e+006 1.03017e+006 915066 821610 758895 712218 675030 645636 618058 587242 580371 579506 580661 572505 568098 566017 571211 568710 563083 564655 560662 552779 543972 535021 529476 535705 544804 543027 557015 558075 553815 564167 567488 572614 576845 587904 584307 589006 564666 537263 506275 498727 491049 505138 489304 496548 507477 526653 572777 2.09785e+007 1.29819e+007 1.34371e+007 1.40547e+007 1.47301e+007 1.53622e+007 1.59012e+007 1.63342e+007 1.66685e+007 1.692e+007 1.7106e+007 1.72425e+007 1.73421e+007 1.74148e+007 1.74681e+007 1.75073e+007 1.75362e+007 1.75577e+007 1.75738e+007 1.75859e+007 1.7595e+007 1.76019e+007 1.76071e+007 1.76111e+007 1.76142e+007 1.76166e+007 1.76184e+007 1.76198e+007 1.76208e+007 1.76216e+007 1.76223e+007 1.76228e+007 1.76231e+007 1.76234e+007 1.76237e+007 1.76238e+007 1.7624e+007 1.76241e+007 1.76242e+007 1.76242e+007 1.76243e+007 1.76243e+007 1.76243e+007 1.76244e+007 1.76244e+007 1.76244e+007 1.76244e+007 1.76244e+007 1.76244e+007 1.76244e+007 1.76244e+007 1.76244e+007 1.76244e+007 1.76244e+007 1.76244e+007 1.76244e+007 1.76244e+007 1.76244e+007 1.76244e+007 1.76244e+007 1.76244e+007 1.76244e+007 1.76244e+007 1.76244e+007 1.76244e+007 1.76244e+007 1.76244e+007 1.76244e+007 1.76244e+007 1.76244e+007 1.76244e+007 1.76244e+007 1.76244e+007 1.76244e+007 1.76244e+007 1.76244e+007 1.76244e+007 1.76244e+007 1.76244e+007 1.76244e+007 1.76244e+007 1.76244e+007 1.76244e+007 1.76244e+007 1.76244e+007 1.76244e+007 1.76244e+007 1.76244e+007 1.76244e+007 1.76244e+007 1.76244e+007 1.76244e+007 1.76244e+007 1.76244e+007 1.76244e+007 1.76244e+007 1.76244e+007 1.76244e+007 1.76244e+007 1.76244e+007 0 0 0 0 0 0 0 0 0 0 0 0 0 0 0 0 0 0 0 0 0 0 0 0 0
#obs survey bio
 3.73868e+006 3.89347e+006 4.0605e+006 3.81248e+006 2.53884e+006 2.68338e+006 2.7593e+006 2.45567e+006 1.60569e+006 1.40701e+006 1.36954e+006 1.42586e+006 1.179e+006 822203 973185 682982 864627 586148 689418 500474 681763 567037 764256 568328 519033 401157 458035 685907 444276 460305 459141 619882 518470 580283 706371 563694 640177 584191 651590 541893 465574 597566 763447 591410 421188 622014 584297 715362 528704 609393 608441 758127 546445 510035 509514 630784 516578 670861 534561 574115 634107 540939
#pred catch bio
 98120.9 95435.7 154364 203725 253628 266552 302353 315232 296489 302767 244255 271358 254139 253888 225657 204446 175498 159546 148523 138326 132897 131572 108713 103073 101661 109483 105185 101883 95336.3 101475 102441 93851.9 95409.9 94411 90782 89340.6 89262.1 83609.8 83833.2 93503.5 80495.8 91845.2 96171.6 84545.6 91572.1 90491.8 91800.2 86929.7 99579.8 92094.3 115520 116562 118455 98090.6 98049.5 80543.8 106717 88639.4 88617.9 85640.4 68960.9 90196.7 90074.1 104153 106792 110590 115198 119601 123286 126141 128240 129725 130747 131435 131890 132187 132378 132501 132579 132629 132660 132680 132692 132699 132704 132707 132709 132710 132711 132711 132712 132712 132712 132712 132712 132712 132712 132712 132712 132712 132712 132712 132712 132712 132712 132712 132712 132712 132712 132712 132712 132712 132712 132712 132712 132712 132712 132712 132712 132712 132712 132712 132712 132712 132712 132712 132712 132712 132712 132712 132712 132712 132712 132712 132712 132712 132712 132712 132712 132712 132712 132712 132712 132712 132712 132712 132712 132712 132712 132712 132712 132712 132712 132712 132712 132712 132712 132712 132712 132712 132712 132712 0 0 0 0 0 0 0 0 0 0 0 0 0 0 0 0 0 0 0 0 0 0 0 0 0
#obs catch bio
 0 95133.2 154958 204685 256144 268747 306837 320257 301741 311257 249611 278892 260231 260574 229711 208484 177460 162037 150880 140370 134346 133282 109296 103903 102380 111088 106827 102586 96084.7 102665 104148 94691.4 96339 95003.2 90800.1 89236.9 89233.2 83468.3 83384.2 93001.1 79804.4 91290.9 95444.9 83935.1 91481 90172 91307.3 86479.2 99365.9 91540.3 114775 115429 117725 97133.4 97435 79539.7 106202 87934.5 88188.5 85641.9 68614.8 90339.1
#pred cpue bio
 4.51226e+006 4.22731e+006 3.96438e+006 3.66433e+006 3.34422e+006 3.00629e+006 2.69127e+006 2.37292e+006 2.07311e+006 1.82211e+006 1.58786e+006 1.43624e+006 1.26661e+006 1.12224e+006 979809 867625 776765 715868 670731 635176 607387 581367 552079 545658 544817 545756 537813 533910 532293 537367 535053 530131 532493 529594 523096 515473 506297 499114 503910 512792 511486 525146 526205 521979 531740 534837 539830 543851 554446 551032 555783 532285 505398 475019 467585 460289 473804 458117 464450 474370 492136 535850 1.96499e+007 1.21801e+007 1.25834e+007 1.31293e+007 1.37779e+007 1.44039e+007 1.49417e+007 1.53745e+007 1.57088e+007 1.59602e+007 1.61463e+007 1.62827e+007 1.63824e+007 1.64551e+007 1.65084e+007 1.65475e+007 1.65765e+007 1.6598e+007 1.6614e+007 1.66261e+007 1.66352e+007 1.66421e+007 1.66474e+007 1.66514e+007 1.66545e+007 1.66568e+007 1.66586e+007 1.666e+007 1.66611e+007 1.66619e+007 1.66625e+007 1.6663e+007 1.66634e+007 1.66637e+007 1.66639e+007 1.66641e+007 1.66642e+007 1.66644e+007 1.66644e+007 1.66645e+007 1.66645e+007 1.66646e+007 1.66646e+007 1.66646e+007 1.66647e+007 1.66647e+007 1.66647e+007 1.66647e+007 1.66647e+007 1.66647e+007 1.66647e+007 1.66647e+007 1.66647e+007 1.66647e+007 1.66647e+007 1.66647e+007 1.66647e+007 1.66647e+007 1.66647e+007 1.66647e+007 1.66647e+007 1.66647e+007 1.66647e+007 1.66647e+007 1.66647e+007 1.66647e+007 1.66647e+007 1.66647e+007 1.66647e+007 1.66647e+007 1.66647e+007 1.66647e+007 1.66647e+007 1.66647e+007 1.66647e+007 1.66647e+007 1.66647e+007 1.66647e+007 1.66647e+007 1.66647e+007 1.66647e+007 1.66647e+007 1.66647e+007 1.66647e+007 1.66647e+007 1.66647e+007 1.66647e+007 1.66647e+007 1.66647e+007 1.66647e+007 1.66647e+007 1.66647e+007 1.66647e+007 1.66647e+007 1.66647e+007 1.66647e+007 1.66647e+007 1.66647e+007 1.66647e+007 1.66647e+007 0 0 0 0 0 0 0 0 0 0 0 0 0 0 0 0 0 0 0 0 0 0 0 0 0
#obs cpue bio
 2.9898e+006 3.74836e+006 2.5264e+006 2.68191e+006 2.47235e+006 3.67425e+006 1.58718e+006 2.22719e+006 1.74768e+006 1.19097e+006 1.26169e+006 1.35822e+006 1.2267e+006 1.26151e+006 1.14411e+006 825209 855585 570082 538780 699807 601105 525687 467953 416114 551790 463284 465895 690311 483155 495940 399805 588013 519038 600539 605247 558707 429391 481375 577868 665688 673164 516408 499046 452284 529736 590526 695639 406996 631141 577793 734628 489284 488600 602696 487861 497721 423132 364430 419752 332439 431155 500949
#pred surv len freq
 0.00455243 0.00739375 0.0111374 0.0157806 0.0212402 0.0272802 0.0334734 0.0392937 0.0443022 0.0482846 0.0512533 0.0533573 0.0547918 0.0557383 0.0563261 0.0566118 0.056582 0.0561666 0.0552368 0.053573 0.0508463 0.0466868 0.0408821 0.03362 0.0255894
 0.00491543 0.00789407 0.011729 0.0163771 0.0217547 0.0276789 0.0338055 0.0396658 0.044805 0.0489174 0.0518974 0.0538199 0.0548942 0.0553988 0.0555978 0.0556623 0.0556286 0.0553941 0.0547307 0.0532981 0.0506801 0.0464934 0.0405823 0.0332205 0.0251589
 0.00504875 0.00815853 0.0122085 0.0171614 0.0228973 0.0291442 0.0354422 0.0412428 0.0461039 0.0498249 0.0524277 0.0540538 0.054887 0.0551349 0.0550225 0.0547551 0.0544555 0.0540991 0.0534734 0.0521841 0.0497296 0.0456639 0.0398235 0.032518 0.0245395
 0.00522661 0.00843309 0.0125998 0.0176924 0.023605 0.0300863 0.0366817 0.0428058 0.0479277 0.0517341 0.0541719 0.0553933 0.0556742 0.0553371 0.0546828 0.0539419 0.0532441 0.0525861 0.0517876 0.0504666 0.0480974 0.0441873 0.0385341 0.0314321 0.023671
 0.00545927 0.00880437 0.013145 0.0184381 0.0245645 0.0312536 0.0380306 0.0442965 0.0495183 0.0533825 0.0558161 0.0569244 0.0569317 0.0561441 0.0549039 0.0535234 0.0522189 0.0510524 0.0498861 0.048362 0.0459586 0.0421653 0.0367448 0.0299493 0.0225265
 0.00573103 0.00924043 0.0137909 0.0193332 0.0257355 0.0327042 0.0397284 0.0461674 0.0514556 0.0552694 0.0575487 0.0584205 0.0581216 0.0569511 0.0552347 0.053284 0.0513489 0.0495587 0.0478562 0.0459553 0.0433804 0.039633 0.0344525 0.028037 0.0210613
 0.00596523 0.00962373 0.0143731 0.0201636 0.0268554 0.0341331 0.0414491 0.0481165 0.0535288 0.0573365 0.0594743 0.0600817 0.0594201 0.0578151 0.0556096 0.0531199 0.0505988 0.0481975 0.0459119 0.0435345 0.0406705 0.0368748 0.0318908 0.0258669 0.0193887
 0.00628151 0.0101234 0.0150993 0.0211499 0.028124 0.0356907 0.043277 0.0501616 0.0557007 0.0595143 0.0615196 0.0618557 0.0608002 0.0587075 0.0559532 0.0528795 0.0497554 0.0467467 0.0438792 0.0410034 0.0378036 0.0339073 0.0290882 0.0234604 0.0175176
 0.00664552 0.0107035 0.0159503 0.0223149 0.0296263 0.0375224 0.0453867 0.0524514 0.0580393 0.061761 0.0635442 0.0635471 0.0620665 0.0594752 0.0561673 0.052505 0.048776 0.045166 0.0417297 0.0383663 0.03483 0.0308211 0.0261541 0.0209209 0.015529
 0.00691064 0.0111411 0.0166213 0.0232808 0.0309377 0.0391999 0.0474004 0.0547116 0.0604065 0.0640712 0.0656369 0.0652866 0.0633525 0.060243 0.056381 0.0521467 0.04784 0.0436591 0.0396829 0.0358545 0.0319922 0.0278647 0.0233282 0.0184602 0.0135903
 0.00718764 0.0115876 0.0172875 0.024214 0.0321776 0.0407684 0.0492867 0.0568587 0.0627079 0.0663796 0.0677831 0.0671041 0.0647027 0.061033 0.0565676 0.0517272 0.0468357 0.0421049 0.0376292 0.0333824 0.0292342 0.025012 0.0206102 0.0160943 0.0117239
 0.00727094 0.0117333 0.0175267 0.024585 0.0327213 0.0415199 0.0502652 0.0580615 0.0641084 0.0679269 0.0694011 0.0686908 0.0661349 0.0621808 0.0573141 0.0519862 0.0465609 0.0412901 0.0363059 0.0316233 0.0271603 0.0227942 0.0184507 0.014186 0.0102016
 0.0074557 0.0120337 0.0179795 0.0252252 0.0335769 0.0426022 0.051558 0.0595146 0.0656426 0.0694474 0.0708131 0.0699116 0.0670981 0.0628339 0.0576134 0.0518937 0.0460476 0.040344 0.0349436 0.0299011 0.0251826 0.0207124 0.016444 0.0124239 0.00880115
 0.00759555 0.0122663 0.0183395 0.0257492 0.034297 0.0435353 0.0526941 0.0608102 0.0670236 0.0708212 0.0720827 0.0709887 0.0679135 0.0633423 0.0577911 0.0517313 0.045542 0.0394968 0.0337685 0.0284383 0.023512 0.0189561 0.0147508 0.0109362 0.0076179
 0.00785059 0.0126667 0.0189161 0.0265225 0.0352752 0.0447111 0.0540374 0.0622625 0.0684985 0.072214 0.0732858 0.0719082 0.0684833 0.0635318 0.0576042 0.0511966 0.0446996 0.0383875 0.0324327 0.0269236 0.0218867 0.0173159 0.0132109 0.00960638 0.00657207
 0.00804423 0.0129796 0.0193831 0.0271733 0.0361279 0.0457616 0.0552498 0.0635676 0.0698049 0.0734258 0.0743179 0.0726931 0.0689722 0.0636955 0.0574351 0.050709 0.0439262 0.0373729 0.0312276 0.0255844 0.0204803 0.0159238 0.0119235 0.0085067 0.00571378
 0.00830479 0.0133764 0.0199309 0.0278703 0.0369594 0.046706 0.0562796 0.0646449 0.0708766 0.0744245 0.0751698 0.07333 0.0693439 0.0637759 0.057222 0.0502196 0.0431913 0.0364336 0.0301324 0.0243893 0.0192496 0.014729 0.0108381 0.0075932 0.00500905
 0.00839292 0.0135296 0.0201789 0.028244 0.0374805 0.0473733 0.0570592 0.065474 0.0716824 0.0751467 0.0757719 0.0737951 0.0696608 0.06393 0.0571957 0.0499995 0.0427758 0.0358365 0.0293833 0.023532 0.0183399 0.0138308 0.0100153 0.00689863 0.00447312
 0.00838685 0.0135269 0.0201892 0.028284 0.0375742 0.0475486 0.0573419 0.0658776 0.0721977 0.0757367 0.0763774 0.0743509 0.0701134 0.0642466 0.0573615 0.0500093 0.0426284 0.0355357 0.0289428 0.0229797 0.0177183 0.0131932 0.00941732 0.00638682 0.00407519
 0.00838283 0.0135173 0.0201699 0.0282508 0.0375266 0.0474943 0.0573003 0.065879 0.0722764 0.0759189 0.0766698 0.0747337 0.0705424 0.0646649 0.057714 0.0502542 0.0427413 0.035508 0.0287798 0.0226998 0.0173532 0.0127858 0.00901453 0.00603033 0.00379204
 0.0083863 0.0135188 0.0201641 0.0282301 0.0374821 0.0474195 0.0571947 0.0657522 0.0721494 0.0758231 0.0766408 0.074801 0.0707177 0.064934 0.0580383 0.0505804 0.043016 0.03569 0.0288471 0.0226513 0.0172068 0.0125737 0.00877625 0.00580328 0.00360324
 0.00842771 0.0135793 0.0202422 0.0283192 0.0375711 0.0474948 0.0572424 0.0657602 0.0721113 0.075742 0.0765321 0.0746911 0.0706385 0.0649126 0.0580865 0.0506888 0.0431557 0.0358218 0.0289342 0.0226704 0.0171537 0.0124622 0.00863218 0.00565542 0.00347464
 0.00865285 0.0139094 0.0206722 0.02882 0.0380971 0.0479954 0.0576721 0.0660823 0.0722986 0.0757786 0.0764168 0.0744408 0.0702875 0.0645084 0.05768 0.0503224 0.0428532 0.035585 0.0287469 0.0225094 0.0169998 0.0123078 0.00848136 0.00551902 0.00336318
 0.00875671 0.0140629 0.0208735 0.0290545 0.0383379 0.048207 0.0578159 0.0661259 0.072227 0.0756027 0.0761729 0.0741778 0.0700498 0.0643238 0.057558 0.0502601 0.0428414 0.03561 0.0287914 0.022554 0.0170277 0.0123098 0.00845853 0.00548031 0.00332045
 0.00883761 0.014185 0.0210391 0.0292584 0.0385667 0.0484398 0.0580252 0.0662799 0.0722955 0.0755658 0.0760296 0.0739495 0.0697762 0.0640509 0.0573254 0.0500912 0.0427411 0.035569 0.0287922 0.0225763 0.017053 0.0123253 0.00845887 0.00546759 0.00330094
 0.00874 0.0140575 0.0209046 0.0291563 0.0385408 0.0485194 0.0582098 0.0665371 0.0725722 0.0758068 0.0761921 0.074012 0.0697396 0.0639365 0.0571673 0.0499272 0.0426021 0.0354722 0.0287394 0.0225581 0.0170547 0.0123327 0.00846295 0.00546507 0.00329326
 0.00859052 0.0138423 0.0206338 0.0288614 0.0382712 0.0483331 0.058161 0.0666619 0.0728739 0.0762463 0.0766923 0.0744787 0.0700917 0.0641294 0.0572007 0.049836 0.0424384 0.0352874 0.0285713 0.022426 0.0169617 0.0122719 0.00842403 0.00543943 0.0032755
 0.00863702 0.0138787 0.020618 0.0287351 0.0379821 0.0478666 0.0575643 0.0660418 0.0723645 0.0759619 0.076689 0.0747395 0.0705394 0.0646563 0.0577042 0.0502455 0.0427269 0.0354647 0.0286677 0.0224748 0.0169879 0.0122889 0.00843663 0.00544815 0.00328036
 0.00873836 0.0140305 0.0208197 0.0289702 0.0382136 0.0480363 0.0576012 0.0658838 0.0719913 0.0754204 0.0760912 0.0742252 0.0702212 0.0645783 0.0578348 0.0505035 0.0430212 0.0357268 0.0288652 0.022606 0.0170678 0.0123356 0.00846392 0.00546422 0.00328951
 0.00862183 0.0138712 0.0206354 0.0287953 0.0380877 0.0479861 0.0576246 0.0659461 0.0720352 0.0753886 0.0759525 0.0739943 0.0699596 0.0643719 0.0577569 0.0505829 0.0432339 0.0360131 0.0291597 0.0228612 0.0172628 0.012471 0.00855115 0.00551713 0.00331977
 0.00840564 0.0135561 0.0202299 0.0283348 0.0376291 0.0475964 0.0573669 0.065865 0.0721424 0.0756523 0.0763007 0.074337 0.0702232 0.0645278 0.0578279 0.0506238 0.0432987 0.0361291 0.0293201 0.0230379 0.0174254 0.0126001 0.00864198 0.00557468 0.00335307
 0.00827844 0.0133452 0.0199074 0.0278777 0.0370325 0.0468885 0.0566198 0.0651882 0.0716544 0.0754418 0.0763954 0.074696 0.0707541 0.0651203 0.0583895 0.0511036 0.0436901 0.036453 0.0296015 0.0232894 0.0176448 0.0127793 0.00877567 0.00566509 0.0034084
 0.00807662 0.0130333 0.0194673 0.0273021 0.0363233 0.0460579 0.0556959 0.064225 0.0707382 0.0746853 0.0759162 0.0745826 0.0710335 0.0657446 0.0592501 0.0520672 0.0446385 0.0373083 0.0303289 0.0238841 0.0181153 0.0131372 0.00903373 0.00583878 0.00351614
 0.00782691 0.0126552 0.0189503 0.0266552 0.0355723 0.0452397 0.0548539 0.0634069 0.0699936 0.0740632 0.075465 0.0743508 0.0710652 0.0660651 0.0598474 0.0528831 0.0455784 0.0382665 0.0312164 0.0246444 0.0187256 0.0135992 0.00936352 0.00605929 0.00365297
 0.00785752 0.0126592 0.0188733 0.0264223 0.0351122 0.0445202 0.0539099 0.0623401 0.0689411 0.0731537 0.0747871 0.0739461 0.0709413 0.0662127 0.0602479 0.0535049 0.046369 0.0391514 0.0321097 0.0254673 0.0194227 0.0141452 0.00976003 0.00632621 0.00381897
 0.0085773 0.0136808 0.0201327 0.0277577 0.0362993 0.045335 0.0541895 0.0620173 0.0680546 0.0718378 0.0732433 0.0723967 0.0695775 0.0651584 0.0595534 0.0531624 0.0463337 0.0393561 0.0324742 0.0259076 0.0198634 0.0145313 0.0100626 0.00654051 0.00395671
 0.00917562 0.0146427 0.0215507 0.0296851 0.0387086 0.0480703 0.0569402 0.0643578 0.0695583 0.0722219 0.0724648 0.0706514 0.0672142 0.0625638 0.0570576 0.0509897 0.0445958 0.0380729 0.0316033 0.0253717 0.0195726 0.0144 0.0100211 0.00654032 0.0039696
 0.00902783 0.0145119 0.0215575 0.0300131 0.0395597 0.0495882 0.0591327 0.0670531 0.0724168 0.0748006 0.0743216 0.0714639 0.0668734 0.0612006 0.0549871 0.0486018 0.0422448 0.0360072 0.0299474 0.0241468 0.0187318 0.0138635 0.00970303 0.00636532 0.00388038
 0.00866737 0.0139577 0.0207909 0.0290596 0.0385096 0.0486119 0.0584754 0.0669858 0.0731403 0.0763399 0.0764708 0.0738254 0.0689799 0.0626664 0.0556212 0.0484403 0.0415001 0.0349677 0.028878 0.0232263 0.0180394 0.0133997 0.00942419 0.00621463 0.00380735
 0.00853591 0.0137216 0.0203955 0.0284439 0.0376268 0.0474619 0.0571388 0.0656388 0.0720356 0.0757496 0.0766031 0.0747398 0.0705406 0.0645642 0.0574694 0.0499048 0.0424025 0.0353147 0.0288139 0.0229468 0.0177127 0.0131273 0.00924082 0.00611168 0.00375923
 0.00863491 0.0138635 0.0205709 0.0286249 0.037765 0.0474921 0.0569895 0.065255 0.0714109 0.0749565 0.0757987 0.0741318 0.0703154 0.0648079 0.0581213 0.0507746 0.0432466 0.0359348 0.0291236 0.0229778 0.0175689 0.0129221 0.00905438 0.00597859 0.0036801
 0.00854163 0.0137262 0.0203903 0.0284094 0.0375255 0.0472346 0.0567093 0.0649363 0.0710344 0.074513 0.0753076 0.0736552 0.0699569 0.0646854 0.0583192 0.0512958 0.0439969 0.0367534 0.0298479 0.0235043 0.0178777 0.0130584 0.00908808 0.00596942 0.00366302
 0.00859178 0.0137981 0.0204811 0.0285113 0.0376288 0.0473321 0.0567971 0.0650096 0.0710798 0.074504 0.0752095 0.0734422 0.0696339 0.0643024 0.0579638 0.0510627 0.0439454 0.0368785 0.0300838 0.0237592 0.0180774 0.0131727 0.00912753 0.00596456 0.0036427
 0.00873523 0.014015 0.0207765 0.0288773 0.0380454 0.0477689 0.0572163 0.0653699 0.071343 0.0746413 0.0752051 0.0732916 0.0693426 0.0638896 0.0574699 0.0505508 0.0434887 0.0365357 0.0298762 0.0236657 0.0180512 0.0131676 0.00911683 0.00594296 0.00361688
 0.00861404 0.0138467 0.0205761 0.0286762 0.0378816 0.0476724 0.0571976 0.0654188 0.071437 0.0747572 0.075326 0.0734064 0.0694423 0.063964 0.0575095 0.0505542 0.043468 0.0365148 0.0298793 0.0237037 0.0181166 0.0132405 0.00917785 0.00598267 0.00363658
 0.00858606 0.013796 0.0204918 0.0285491 0.0377121 0.0474781 0.0570169 0.0653013 0.0714235 0.0748592 0.0755185 0.0736396 0.0696634 0.0641352 0.0576143 0.0505943 0.0434573 0.0364742 0.029832 0.0236688 0.0181032 0.0132463 0.00919343 0.00599829 0.00364698
 0.00863079 0.0138536 0.0205503 0.028587 0.0377024 0.0473982 0.0568578 0.0650752 0.0711653 0.0746203 0.0753519 0.0735812 0.069718 0.0642756 0.0577951 0.0507707 0.0435998 0.036573 0.029893 0.0237058 0.0181296 0.01327 0.00921611 0.00601793 0.00366137
 0.00862517 0.0138551 0.020571 0.0286417 0.0378012 0.047536 0.0570082 0.0651954 0.0712116 0.0745683 0.0752099 0.0733879 0.0695265 0.0641318 0.0577214 0.0507618 0.0436317 0.0366179 0.0299315 0.0237307 0.0181432 0.013278 0.00922261 0.00602428 0.00366701
 0.00848385 0.0136446 0.0202909 0.0283067 0.0374399 0.0471864 0.0567118 0.0649883 0.0711147 0.0745789 0.0753029 0.0735282 0.0696864 0.0643012 0.0579052 0.0509679 0.0438593 0.0368538 0.0301554 0.0239247 0.0182976 0.0133923 0.00930233 0.0060769 0.00369979
 0.00845205 0.0135964 0.0202252 0.0282259 0.0373507 0.0471004 0.0566445 0.0649571 0.071133 0.0746499 0.0754146 0.0736552 0.0697978 0.0643725 0.0579282 0.0509526 0.0438268 0.0368249 0.0301418 0.0239268 0.0183094 0.0134068 0.00931503 0.00608627 0.00370602
 0.00843109 0.013551 0.0201364 0.0280708 0.0371095 0.0467682 0.056241 0.0645276 0.0707395 0.0743542 0.075262 0.0736637 0.0699546 0.0646397 0.0582548 0.0512899 0.0441404 0.0370982 0.0303718 0.0241168 0.0184627 0.0135257 0.00940199 0.00614546 0.00374317
 0.00866642 0.0139189 0.020661 0.0287589 0.0379437 0.0476988 0.0571816 0.065364 0.0713549 0.074663 0.075235 0.0733315 0.0693911 0.0639363 0.057497 0.0505436 0.0434485 0.0364855 0.029851 0.023693 0.0181347 0.0132857 0.00923693 0.00603931 0.00367966
 0.00878778 0.0141322 0.0210108 0.0292946 0.0387053 0.0486945 0.0583674 0.0666362 0.0725649 0.0756496 0.0758612 0.0735156 0.0691239 0.0632792 0.0565619 0.0494618 0.0423413 0.0354454 0.0289367 0.0229337 0.0175371 0.0128411 0.00892579 0.00583582 0.00355614
 0.00889954 0.0143152 0.0212899 0.0296969 0.0392586 0.0494217 0.0592754 0.0677025 0.0737253 0.0767958 0.0768527 0.0742077 0.0694043 0.0631 0.0559528 0.0485198 0.0412025 0.0342507 0.0278043 0.0219443 0.0167322 0.0122289 0.00849078 0.00554803 0.00337987
 0.00885958 0.0142451 0.0211762 0.0295279 0.0390324 0.049157 0.0590195 0.0675288 0.0737165 0.0770161 0.07732 0.074877 0.0701713 0.0638266 0.0565068 0.0488138 0.0412161 0.0340271 0.0274271 0.0215064 0.0163108 0.011873 0.00822054 0.00536169 0.00326276
 0.00908229 0.014557 0.0215522 0.0299117 0.0393508 0.049344 0.0590388 0.067385 0.0734542 0.0767094 0.0770558 0.0747318 0.0701862 0.0639898 0.0567551 0.0490547 0.0413623 0.0340276 0.0272808 0.0212539 0.0160127 0.0115861 0.00798247 0.00518711 0.0031483
 0.00906872 0.0145426 0.0215427 0.0299114 0.0393542 0.0493269 0.0589577 0.0671912 0.0731207 0.0762576 0.0765626 0.0743094 0.0699432 0.063992 0.057003 0.0494857 0.0418736 0.0345113 0.0276569 0.0214885 0.0161164 0.0115971 0.00794519 0.0051367 0.00310469
 0.00935194 0.0149846 0.0221726 0.0307417 0.0403755 0.0505007 0.0602064 0.0683935 0.0741231 0.0769045 0.0767386 0.0739787 0.0691676 0.0629171 0.0558132 0.0483478 0.0408941 0.0337247 0.0270428 0.0210041 0.0157241 0.0112768 0.00769143 0.00494819 0.0029764
 0.00942095 0.0150878 0.022312 0.0309153 0.0405808 0.0507388 0.0604836 0.0687169 0.0744908 0.0772949 0.0771042 0.0742521 0.0692818 0.062832 0.055537 0.0479369 0.0404312 0.0332858 0.0266734 0.0207144 0.0155017 0.0111039 0.00755599 0.00484498 0.00290285
 0.00953904 0.0152606 0.0225364 0.0311754 0.0408521 0.0509955 0.0607057 0.0688943 0.0746251 0.0773973 0.0771889 0.0743259 0.0693344 0.0628365 0.0554613 0.047763 0.0401685 0.0329701 0.0263512 0.0204244 0.0152639 0.0109212 0.00742151 0.00474957 0.00283834
 0.00963088 0.0153973 0.022718 0.0313922 0.0410852 0.0512201 0.0608944 0.0690225 0.0746779 0.0773762 0.0771139 0.0742287 0.0692456 0.062772 0.0554161 0.0477158 0.0400949 0.0328569 0.0262034 0.0202609 0.0151072 0.0107877 0.00731803 0.00467538 0.00278875
 0.00911491 0.0146499 0.0217626 0.0303092 0.0399895 0.050224 0.0600794 0.0684331 0.0743324 0.0772799 0.0772654 0.0746174 0.0698465 0.0635416 0.0562931 0.0486269 0.0409658 0.0336252 0.02683 0.0207344 0.0154399 0.0110059 0.00745187 0.00475195 0.00282919
#obs surv len freq
 nan nan nan nan nan nan nan nan nan nan nan nan nan nan nan nan nan nan nan nan nan nan nan nan nan
 0.00448659 0.00734893 0.01118 0.0159974 0.0216989 0.0279748 0.034289 0.0400198 0.0446984 0.0481608 0.0505171 0.0520112 0.0529018 0.0534128 0.0537259 0.0539799 0.0542578 0.0545501 0.0546886 0.0542804 0.0527185 0.049351 0.0438013 0.0362822 0.0276668
 0.00461474 0.00755986 0.0115019 0.016457 0.022315 0.0287478 0.0351911 0.0409923 0.0456601 0.0490244 0.0512057 0.0524697 0.0531023 0.0533543 0.0534303 0.0534841 0.0536052 0.0537832 0.0538463 0.0533998 0.0518383 0.0485142 0.0430526 0.0356593 0.0271907
 0.00477804 0.00782678 0.0119064 0.0170317 0.0230854 0.029722 0.0363483 0.0422781 0.0469904 0.0502983 0.0523205 0.0533341 0.0536464 0.0535376 0.0532447 0.0529518 0.0527718 0.0527085 0.052597 0.0520461 0.0504558 0.0471835 0.0418538 0.0346585 0.0264244
 0.00497004 0.00814008 0.0123801 0.0177033 0.0239834 0.0308554 0.0376949 0.0437795 0.0485593 0.0518329 0.0537177 0.0544977 0.0544914 0.0539957 0.0532707 0.0525307 0.0519208 0.0514763 0.051059 0.0502998 0.0486166 0.0453786 0.0402087 0.0332758 0.0253617
 0.00518706 0.00849626 0.0129224 0.0184773 0.0250246 0.032175 0.0392651 0.0455293 0.0503845 0.053616 0.0553461 0.0558731 0.0555311 0.0546307 0.0534464 0.05221 0.0510914 0.0501586 0.0493131 0.0482291 0.046365 0.0431188 0.0381178 0.0315014 0.0239898
 0.00540935 0.00885988 0.0134741 0.0192629 0.0260808 0.0335169 0.0408719 0.047338 0.0522967 0.0555152 0.0571149 0.0574043 0.0567332 0.0554285 0.0537795 0.0520316 0.0503713 0.0488927 0.0475372 0.0460331 0.043899 0.0405825 0.0357288 0.0294485 0.0223892
 0.00564604 0.00924827 0.0140653 0.0201068 0.0272165 0.0349576 0.0425898 0.0492589 0.0543118 0.0575014 0.0589546 0.058995 0.057989 0.0562782 0.0541639 0.0519019 0.0496905 0.0476427 0.0457351 0.0437518 0.0412824 0.0378412 0.033107 0.0271687 0.0205958
 0.00588343 0.00963849 0.0146607 0.0209591 0.0283673 0.0364224 0.0443422 0.0512242 0.0563771 0.0595374 0.0608365 0.0606154 0.0592619 0.0571374 0.0545581 0.051789 0.0490353 0.0464226 0.0439554 0.0414702 0.0386301 0.0350254 0.0303813 0.0247736 0.0186956
 0.00614075 0.0100571 0.0152915 0.0218497 0.029554 0.0379159 0.0461132 0.0531975 0.0584408 0.0615636 0.0627011 0.0622107 0.060502 0.0579577 0.0549122 0.0516426 0.0483618 0.0452037 0.0421947 0.039216 0.0360009 0.0322174 0.0276436 0.0223507 0.0167605
 0.0063747 0.0104422 0.0158796 0.022692 0.0306901 0.0393582 0.0478303 0.05511 0.0604337 0.0635095 0.0644813 0.0637261 0.0616749 0.0587295 0.0552399 0.0514946 0.0477144 0.0440423 0.0405236 0.0370788 0.0335042 0.0295415 0.0250223 0.0200185 0.014888
 0.00660716 0.0108246 0.0164635 0.023528 0.031818 0.040791 0.0495374 0.0570114 0.0624109 0.0654283 0.0662151 0.0651707 0.0627539 0.0593935 0.0554602 0.0512555 0.0470065 0.0428618 0.0388804 0.0350158 0.0311192 0.0269986 0.0225357 0.0178051 0.0131078
 0.00683604 0.0111983 0.0170289 0.0243299 0.0328905 0.0421439 0.0511422 0.0587952 0.0642658 0.0672307 0.0678452 0.0665262 0.0637565 0.0599907 0.0556236 0.0509751 0.0462832 0.0417039 0.037308 0.0330749 0.0289012 0.0246513 0.0202498 0.0157742 0.0114748
 0.00706335 0.0115719 0.0175984 0.0251428 0.033982 0.0435199 0.0527643 0.0605765 0.0660851 0.0689577 0.0693631 0.0677439 0.0646107 0.0604432 0.055657 0.0505882 0.045486 0.0405147 0.0357564 0.0312122 0.0268157 0.0224764 0.0181534 0.0139241 0.00999319
 0.00725511 0.0118902 0.0180895 0.0258538 0.0349505 0.044759 0.0542459 0.0622258 0.0677906 0.070592 0.070806 0.0688972 0.065406 0.0608426 0.0556488 0.0501798 0.0446968 0.039372 0.0342971 0.0294914 0.0249181 0.0205222 0.0162882 0.0122899 0.00869133
 0.00742523 0.0121676 0.0185087 0.0264481 0.0357465 0.045767 0.0554496 0.0635762 0.0692099 0.0719857 0.0720753 0.0699515 0.0661708 0.0612665 0.0557056 0.0498667 0.0440292 0.0383788 0.0330193 0.0279864 0.023267 0.0188328 0.0146862 0.0108945 0.00758481
 0.00754051 0.012353 0.0187842 0.026832 0.0362532 0.0464034 0.0562102 0.0644407 0.0701442 0.0729452 0.0730089 0.0708027 0.0668802 0.0617754 0.0559636 0.049838 0.0436975 0.0377488 0.0321174 0.0268616 0.0219928 0.017506 0.0134162 0.00978289 0.00670144
 0.00759882 0.012449 0.0189311 0.027043 0.0365395 0.0467709 0.056656 0.0649529 0.0707043 0.0735331 0.0736047 0.0713844 0.0674199 0.0622363 0.0563006 0.0500036 0.0436505 0.0374639 0.0315923 0.0261226 0.0210958 0.0165322 0.0124603 0.00893365 0.00602046
 0.0076624 0.0125424 0.0190537 0.027189 0.0367013 0.046944 0.0568424 0.06516 0.0709415 0.0738067 0.073915 0.0717249 0.0677767 0.0625877 0.0566159 0.0502435 0.0437712 0.0374251 0.0313687 0.0257136 0.0205318 0.0158727 0.0117824 0.00831343 0.00551372
 0.00772594 0.0126416 0.0191948 0.0273733 0.0369237 0.047191 0.0570926 0.0653884 0.0711279 0.0739447 0.0740149 0.0718082 0.0678653 0.0626937 0.056736 0.0503583 0.0438487 0.0374272 0.0312612 0.0254777 0.0201739 0.0154271 0.011304 0.0078624 0.00513751
 0.0077602 0.0126945 0.0192691 0.0274701 0.0370416 0.047327 0.0572407 0.0655393 0.0712695 0.0740649 0.0741054 0.0718689 0.0679054 0.0627279 0.0567772 0.0504102 0.0439006 0.0374553 0.0312352 0.0253724 0.0199801 0.0151586 0.0109951 0.00755686 0.00487389
 0.00781342 0.0127742 0.0193764 0.0276012 0.0371892 0.0474814 0.0573919 0.0656775 0.0713862 0.0741536 0.0741626 0.0718942 0.0679018 0.0627022 0.0567394 0.0503703 0.0438636 0.0374168 0.0311812 0.0252845 0.0198453 0.0149775 0.0107846 0.00734438 0.00468673
 0.00785386 0.0128338 0.0194545 0.027693 0.0372864 0.0475747 0.0574726 0.0657391 0.0714258 0.0741726 0.074166 0.0718887 0.0678932 0.0626936 0.0567318 0.0503633 0.0438565 0.0374066 0.0311612 0.0252446 0.0197761 0.0148764 0.0106593 0.00721142 0.00456486
 0.00785811 0.0128425 0.0194707 0.0277198 0.0373258 0.0476251 0.057528 0.06579 0.0714626 0.0741898 0.0741647 0.0718757 0.0678775 0.0626831 0.0567305 0.0503713 0.0438703 0.0374208 0.031169 0.0252384 0.0197493 0.0148263 0.0105897 0.00713228 0.00448875
 0.00787383 0.0128613 0.0194869 0.0277248 0.0373114 0.0475881 0.0574735 0.0657303 0.0714116 0.0741573 0.0741534 0.0718824 0.0678971 0.062712 0.0567671 0.0504147 0.0439185 0.0374697 0.0312125 0.0252697 0.0197624 0.0148185 0.010563 0.00709338 0.00444663
 0.0078903 0.0128865 0.0195212 0.0277665 0.0373558 0.047627 0.0574963 0.0657268 0.0713772 0.0740965 0.0740792 0.0718116 0.0678436 0.0626824 0.056761 0.0504276 0.0439446 0.0375031 0.0312471 0.0252993 0.0197815 0.0148235 0.0105542 0.00707426 0.00442309
 0.00789461 0.0128899 0.0195198 0.0277548 0.0373285 0.0475817 0.057435 0.0656556 0.0713039 0.0740276 0.0740195 0.0717654 0.0678159 0.0626783 0.0567834 0.050475 0.0440114 0.0375806 0.031326 0.025371 0.0198395 0.014864 0.0105766 0.00708161 0.00442046
 0.00788276 0.0128719 0.0194949 0.0277227 0.0372888 0.0475335 0.0573769 0.0655874 0.071228 0.07395 0.0739492 0.0717115 0.0677854 0.0626748 0.0568074 0.0505245 0.0440818 0.0376652 0.0314163 0.0254579 0.0199148 0.0149225 0.0106165 0.00710457 0.00443068
 0.00786526 0.0128399 0.0194406 0.0276376 0.0371666 0.0473748 0.0571923 0.0653963 0.0710536 0.0738125 0.0738607 0.0716761 0.0678009 0.0627356 0.0569059 0.0506519 0.0442286 0.0378214 0.0315715 0.0256024 0.0200402 0.0150229 0.01069 0.00715317 0.00445919
 0.00785972 0.0128285 0.0194188 0.0275991 0.0371043 0.0472824 0.0570672 0.0652419 0.0708807 0.0736388 0.0737078 0.0715641 0.0677436 0.0627376 0.056963 0.050754 0.0443627 0.0379738 0.0317293 0.0257535 0.0201747 0.0151339 0.0107742 0.0072113 0.00449545
 0.00785576 0.0128182 0.0193961 0.0275561 0.037033 0.047178 0.0569303 0.0650799 0.0707057 0.0734656 0.0735518 0.0714403 0.0676655 0.0627147 0.0569989 0.0508447 0.0444975 0.0381377 0.0319056 0.0259267 0.0203317 0.0152654 0.0108758 0.00728326 0.0045418
 0.00782228 0.012768 0.0193284 0.0274722 0.0369355 0.0470687 0.0568101 0.0649495 0.0705682 0.0733277 0.073424 0.0713353 0.0675957 0.0626898 0.0570243 0.0509208 0.044619 0.0382939 0.0320817 0.0261062 0.0204993 0.0154093 0.0109893 0.00736519 0.00459568
 0.00779667 0.0127234 0.019256 0.0273633 0.0367844 0.0468779 0.0565928 0.0647281 0.0703679 0.0731683 0.0733153 0.0712779 0.0675857 0.0627232 0.0570986 0.0510339 0.0447672 0.0384703 0.0322753 0.026303 0.0206845 0.0155703 0.011118 0.00745941 0.00465853
 0.00775854 0.0126613 0.0191624 0.027231 0.0366083 0.0466569 0.0563334 0.0644465 0.0700888 0.0729214 0.0731287 0.0711717 0.0675674 0.0627877 0.0572321 0.0512194 0.0449883 0.0387125 0.0325252 0.026547 0.020909 0.0157634 0.0112721 0.00757259 0.00473447
 0.00774364 0.0126336 0.0191145 0.0271537 0.0364929 0.0464986 0.0561344 0.0642168 0.0698452 0.0726843 0.0729196 0.0710112 0.0674726 0.0627695 0.0572919 0.0513492 0.045173 0.0389334 0.0327632 0.0267845 0.0211303 0.0159559 0.0114274 0.00768798 0.00481283
 0.00932419 0.0148455 0.0217825 0.0298939 0.0388242 0.04802 0.0566664 0.0638282 0.068772 0.0712098 0.0712871 0.0693903 0.0659657 0.0614317 0.0561486 0.0504061 0.0444226 0.0383588 0.0323415 0.0264899 0.0209365 0.0158375 0.0113617 0.00765577 0.00479953
 0.00930105 0.0151033 0.0226913 0.0319133 0.0423032 0.0529273 0.0624183 0.0693839 0.0730027 0.0733436 0.0711631 0.067402 0.0627886 0.0577339 0.0524257 0.0469525 0.0413794 0.0357745 0.0302161 0.0247981 0.019639 0.0148853 0.0106984 0.00722123 0.00453422
 0.00897203 0.0145834 0.0219586 0.0310148 0.0414093 0.0523696 0.062651 0.0708214 0.0757713 0.0770966 0.0751226 0.0706544 0.0646658 0.0580457 0.05143 0.0451422 0.0392492 0.0336861 0.0283734 0.023284 0.0184632 0.0140192 0.0100954 0.00682687 0.00429397
 0.0087833 0.0142695 0.0214739 0.0303154 0.0404702 0.051216 0.0613991 0.0697068 0.0751312 0.0772777 0.0763262 0.0727892 0.0673135 0.0605959 0.0533275 0.0460987 0.0393021 0.033099 0.0274744 0.0223412 0.0176376 0.0133761 0.0096376 0.00652619 0.00411149
 0.00873362 0.014178 0.0213154 0.0300575 0.040078 0.0506621 0.0606775 0.0688498 0.0742262 0.076478 0.0758405 0.0728298 0.0680045 0.061882 0.0549505 0.0476807 0.0404997 0.0337366 0.0275791 0.0220793 0.0172105 0.0129415 0.00928183 0.00627437 0.00395279
 0.00867825 0.0140895 0.0211845 0.0298749 0.0398339 0.0503464 0.0602815 0.0683705 0.0736729 0.0758824 0.0752682 0.0723855 0.067819 0.0620705 0.0555517 0.0486115 0.041564 0.0346979 0.0282583 0.0224172 0.017263 0.0128238 0.00910584 0.00611297 0.00383571
 0.00869442 0.0141093 0.0212022 0.0298805 0.0398149 0.0502907 0.0601796 0.0682153 0.0734589 0.0756068 0.0749358 0.0720195 0.0674697 0.0618159 0.0554777 0.0487747 0.0419543 0.0352272 0.0287923 0.0228333 0.0175001 0.0128939 0.009067 0.00603053 0.00375539
 0.00870118 0.0141237 0.0212294 0.0299261 0.0398815 0.0503736 0.0602641 0.0682783 0.0734749 0.0755555 0.0748076 0.0718179 0.0672132 0.0615396 0.055233 0.0486203 0.041935 0.0353507 0.029018 0.0230878 0.0177105 0.0130191 0.00910745 0.00601456 0.00371691
 0.00864327 0.0140397 0.0211223 0.029806 0.0397638 0.0502754 0.0601999 0.0682563 0.0734941 0.0756038 0.0748643 0.0718589 0.0672197 0.0615052 0.055169 0.0485541 0.0419024 0.0353811 0.0291189 0.0232387 0.0178718 0.0131517 0.00919035 0.0060495 0.00371993
 0.00864161 0.0140268 0.0210848 0.0297271 0.0396302 0.0500866 0.0599748 0.0680313 0.0733117 0.0754966 0.0748439 0.0719138 0.0673219 0.0616225 0.0552756 0.0486394 0.0419722 0.035452 0.0292073 0.0233493 0.0179943 0.0132662 0.00927888 0.00610479 0.00374623
 0.00863636 0.0140222 0.0210841 0.0297337 0.0396438 0.0500994 0.0599709 0.0679922 0.0732267 0.0753723 0.0747049 0.0717929 0.0672453 0.0615992 0.0552968 0.0486864 0.0420283 0.0355094 0.0292672 0.0234158 0.0180672 0.013339 0.00934186 0.00615062 0.0037736
 0.00865294 0.0140454 0.0211126 0.0297642 0.0396731 0.0501257 0.0599942 0.068012 0.0732384 0.075367 0.0746725 0.0717298 0.0671594 0.0615082 0.0552201 0.0486366 0.0420072 0.0355116 0.0292855 0.023445 0.0181039 0.013379 0.00937975 0.00618136 0.0037946
 0.00863121 0.014016 0.0210789 0.0297329 0.0396512 0.0501176 0.0599995 0.0680259 0.0732549 0.0753811 0.0746812 0.0717307 0.0671503 0.0614886 0.0551936 0.0486107 0.0419905 0.0355095 0.0292988 0.0234706 0.0181368 0.0134142 0.00941272 0.00620849 0.00381412
 0.00862139 0.0139994 0.0210532 0.0296963 0.0396044 0.0500649 0.0599496 0.0679896 0.0732411 0.0753923 0.0747122 0.0717713 0.0671895 0.0615183 0.0552105 0.0486161 0.0419892 0.035508 0.0293025 0.0234823 0.0181557 0.0134374 0.00943618 0.00622894 0.00382962
 0.0086067 0.0139753 0.0210165 0.0296441 0.0395349 0.0499787 0.0598512 0.0678885 0.0731502 0.0753258 0.0746811 0.0717802 0.0672347 0.061589 0.0552929 0.0486978 0.0420624 0.03557 0.0293547 0.0235275 0.0181961 0.0134735 0.00946714 0.00625362 0.00384752
 0.0086067 0.0139753 0.0210165 0.0296441 0.0395349 0.0499787 0.0598512 0.0678885 0.0731502 0.0753258 0.0746811 0.0717802 0.0672347 0.061589 0.0552929 0.0486978 0.0420624 0.03557 0.0293547 0.0235275 0.0181961 0.0134735 0.00946714 0.00625362 0.00384752
 0.00884247 0.014346 0.0215491 0.0303503 0.0404027 0.050964 0.0608711 0.068828 0.0738861 0.0757598 0.0747669 0.0715305 0.0667094 0.0608742 0.0544784 0.0478618 0.0412638 0.0348481 0.0287326 0.0230156 0.0177953 0.0131766 0.00926057 0.00611958 0.00376698
 0.00900053 0.0146228 0.0220006 0.031036 0.0413662 0.0522041 0.0623173 0.0703387 0.075276 0.0768465 0.0754137 0.0716719 0.0663563 0.0601021 0.0534058 0.0466237 0.0399866 0.0336333 0.0276497 0.0221038 0.0170686 0.0126293 0.00887314 0.00586351 0.0036101
 0.00906918 0.0147413 0.0221931 0.0313329 0.041802 0.0528102 0.0631104 0.0713055 0.0763615 0.0779499 0.0764003 0.0724001 0.0667137 0.0600355 0.0529332 0.0458249 0.0389795 0.0325449 0.026592 0.021159 0.0162846 0.0120226 0.00843544 0.00557018 0.00342846
 0.00892866 0.0145225 0.0218838 0.0309334 0.0413317 0.0523141 0.0626631 0.0710046 0.0763052 0.0782057 0.0769747 0.0732269 0.0676643 0.0609511 0.053668 0.0462836 0.0391369 0.0324405 0.0263068 0.0207861 0.0159042 0.0116893 0.00817563 0.00538737 0.00331174
 0.00899415 0.0146007 0.0219495 0.0309464 0.0412484 0.0521067 0.0623367 0.0706028 0.075903 0.0778918 0.0768306 0.0733052 0.0679712 0.0614383 0.0542408 0.0468268 0.0395491 0.0326639 0.0263383 0.0206681 0.0157018 0.0114658 0.0079765 0.00523478 0.00320867
 0.00898074 0.0145839 0.0219319 0.0309298 0.0412283 0.0520669 0.0622488 0.0704364 0.0756438 0.0775589 0.0764819 0.0730233 0.067836 0.061498 0.0544926 0.0472167 0.0399892 0.0330618 0.0266265 0.0208209 0.0157346 0.0114188 0.00789446 0.00515215 0.00314362
 0.00916432 0.0148675 0.0223303 0.0314444 0.0418443 0.05275 0.0629419 0.0710601 0.0761074 0.0777818 0.076418 0.0726803 0.0672786 0.0608317 0.0538327 0.0466527 0.039562 0.0327615 0.0264115 0.0206446 0.0155669 0.0112531 0.00774077 0.00502419 0.00304937
 0.00902815 0.0146732 0.0220884 0.0311832 0.0416039 0.0525712 0.0628562 0.0710838 0.0762387 0.0779998 0.0766838 0.0729432 0.0674904 0.0609634 0.0538853 0.0466545 0.039552 0.032769 0.026443 0.0206865 0.015599 0.0112621 0.00772644 0.00499592 0.00301875
 0.00901507 0.0146296 0.0219835 0.0309799 0.0412748 0.0521205 0.0623341 0.0705808 0.0758567 0.0778146 0.0767201 0.0731722 0.0678468 0.06137 0.0542757 0.0469877 0.0398159 0.0329727 0.0266032 0.0208151 0.0156991 0.0113322 0.00776696 0.00501242 0.00302015
 0.00897006 0.0145598 0.0218835 0.0308436 0.0410926 0.0518783 0.0620178 0.0701877 0.0754103 0.0773717 0.0763613 0.0729754 0.0678565 0.0615801 0.0546345 0.0474207 0.0402529 0.0333655 0.0269296 0.021072 0.0158924 0.0114702 0.0078584 0.00506693 0.00304838
 0.00886296 0.0143828 0.0216132 0.0304595 0.0405854 0.0512602 0.0613292 0.069493 0.0747822 0.0768722 0.0760321 0.0728407 0.0679289 0.0618599 0.0551014 0.0480284 0.0409335 0.0340457 0.0275483 0.0215914 0.0162988 0.0117679 0.00806215 0.00519635 0.00312384
#pred catch len freq
 0.00341968 0.00547505 0.00811766 0.0113477 0.0151892 0.0196603 0.0247089 0.0301781 0.0358274 0.0413813 0.0465723 0.0511791 0.0550572 0.0581464 0.0604464 0.0619824 0.0627778 0.0628338 0.0620929 0.0603836 0.0573901 0.0527318 0.0461907 0.0379914 0.0289187
 0.00371203 0.00588267 0.00860994 0.0118644 0.0156704 0.0200867 0.025122 0.0306568 0.0364284 0.0420788 0.0472393 0.0516278 0.0551192 0.05775 0.0596546 0.060975 0.0617872 0.0620573 0.0616197 0.0601691 0.0572933 0.0525961 0.0459239 0.0375987 0.0284767
 0.00384987 0.00613267 0.00902927 0.0125098 0.0165709 0.0212107 0.0263631 0.031862 0.037462 0.0428802 0.0478266 0.0520412 0.0553519 0.0577277 0.0592841 0.0602233 0.0607293 0.060858 0.0604597 0.059165 0.056462 0.0518815 0.0452605 0.0369631 0.0278959
 0.00403362 0.00641568 0.00943107 0.0130514 0.0172859 0.0221523 0.0275897 0.0333972 0.0392458 0.0447472 0.0495415 0.0533794 0.0561731 0.0579934 0.0590196 0.0594742 0.0595539 0.0593489 0.0587539 0.0574179 0.0548017 0.050382 0.0439507 0.0358557 0.0270042
 0.00426842 0.00678367 0.00995951 0.0137575 0.018177 0.0232269 0.0288411 0.034817 0.0408255 0.0464655 0.0513356 0.0551173 0.0576572 0.0590085 0.0594009 0.0591522 0.0585579 0.0577831 0.0567721 0.055202 0.0525385 0.0482375 0.0420507 0.0342793 0.0257851
 0.0045318 0.007199 0.0105619 0.0145743 0.0192272 0.0245184 0.0303626 0.0365307 0.0426653 0.0483465 0.0531667 0.0568076 0.0591098 0.0601076 0.0600101 0.059139 0.0578359 0.05635 0.0547221 0.0527128 0.0498394 0.0455697 0.0396276 0.0322537 0.0242306
 0.00479055 0.00761112 0.0111676 0.0154093 0.0203209 0.0258894 0.032009 0.0384192 0.0447257 0.0504739 0.0552326 0.0586768 0.060658 0.0612305 0.0606204 0.059157 0.0571909 0.0550023 0.0526979 0.050131 0.0469122 0.0425691 0.0368297 0.029878 0.0223971
 0.00512148 0.00812638 0.0119027 0.0163875 0.0215569 0.0273919 0.033776 0.0404266 0.0469152 0.0527472 0.0574562 0.0606968 0.0623221 0.062409 0.0612172 0.0591079 0.0564557 0.0535637 0.0505786 0.0474234 0.0438004 0.0393206 0.0337461 0.0272222 0.0203282
 0.00548201 0.00869176 0.0127161 0.0174782 0.0229402 0.0290667 0.035719 0.0425852 0.0492066 0.0550643 0.0596751 0.0626848 0.0639463 0.0635471 0.061769 0.0590023 0.0556521 0.0520527 0.0483903 0.0446477 0.0406092 0.0359692 0.0305363 0.0244314 0.0181364
