SBPRF35
7.78865
Curr Bio
554515
B35
681603
F35
0.209835
FOFL
0.154076
OFL
62588.7
Bzero
2.22533e+006
#pred survey bio
 4.80694e+006 4.53702e+006 4.27109e+006 3.9534e+006 3.61093e+006 3.27652e+006 2.92652e+006 2.64272e+006 2.3448e+006 2.09488e+006 1.8677e+006 1.6339e+006 1.44339e+006 1.27878e+006 1.12009e+006 1.00397e+006 898818 831003 772589 727970 695376 660896 642359 624527 614096 613746 604892 601507 609422 609784 615451 612433 600227 605313 595552 583779 570148 570716 569787 561252 563139 568737 578230 577882 579466 573069 576316 579145 576840 577845 576891 580861 561464 588399 582494 608039 631413 631817 621523 606725 589401 559757 1.79959e+007 1.04286e+007 1.04645e+007 1.11402e+007 1.21738e+007 1.32879e+007 1.43116e+007 1.51696e+007 1.58478e+007 1.63636e+007 1.67459e+007 1.70245e+007 1.72257e+007 1.73701e+007 1.74738e+007 1.75483e+007 1.76021e+007 1.76411e+007 1.76695e+007 1.76904e+007 1.77058e+007 1.77173e+007 1.77259e+007 1.77323e+007 1.77372e+007 1.77409e+007 1.77437e+007 1.77458e+007 1.77475e+007 1.77487e+007 1.77497e+007 1.77504e+007 1.7751e+007 1.77514e+007 1.77518e+007 1.7752e+007 1.77522e+007 1.77524e+007 1.77525e+007 1.77526e+007 1.77527e+007 1.77527e+007 1.77528e+007 1.77528e+007 1.77528e+007 1.77528e+007 1.77529e+007 1.77529e+007 1.77529e+007 1.77529e+007 1.77529e+007 1.77529e+007 1.77529e+007 1.77529e+007 1.77529e+007 1.77529e+007 1.77529e+007 1.77529e+007 1.77529e+007 1.77529e+007 1.77529e+007 1.77529e+007 1.77529e+007 1.77529e+007 1.77529e+007 1.77529e+007 1.77529e+007 1.77529e+007 1.77529e+007 1.77529e+007 1.77529e+007 1.77529e+007 1.77529e+007 1.77529e+007 1.77529e+007 1.77529e+007 1.77529e+007 1.77529e+007 1.77529e+007 1.77529e+007 1.77529e+007 1.77529e+007 1.77529e+007 1.77529e+007 1.77529e+007 1.77529e+007 1.77529e+007 1.77529e+007 1.77529e+007 1.77529e+007 1.77529e+007 1.77529e+007 1.77529e+007 1.77529e+007 1.77529e+007 1.77529e+007 1.77529e+007 1.77529e+007 1.77529e+007 1.77529e+007 0 0 0 0 0 0 0 0 0 0 0 0 0 0 0 0 0 0 0 0 0 0 0 0 0
#obs survey bio
 3.83259e+006 4.26455e+006 2.21991e+006 3.02374e+006 3.39598e+006 3.49945e+006 2.37718e+006 2.41508e+006 1.48511e+006 1.40059e+006 1.56598e+006 1.52938e+006 1.46038e+006 832106 1.02082e+006 1.09707e+006 684216 654895 638041 642734 449822 453573 538642 654108 598566 795999 549641 369896 593576 533906 618910 524357 709347 481530 832192 780062 470497 835102 653748 466263 577969 539353 655646 473298 747287 595969 552645 571650 486274 546520 727732 389791 575232 434159 588654 422417 528802 629878 533192 943238 714794 812600
#pred catch bio
 104341 102907 162189 206982 227915 274286 247088 290729 275246 277709 301079 275322 260632 259012 222720 211737 177027 165984 150901 137811 136674 121003 118256 109525 99250 105015 99811 90991.3 97366.9 91743.1 97006.1 101589 84284.4 93886.9 91699.3 91804.1 82766.9 88239.8 96692.4 88633.4 85960.5 83101.1 91370.9 89115.2 94856.4 86353.8 87320 92097.9 89532.4 91312 87633.4 107459 69956.7 98860 72654.8 75165.4 93570.2 100397 101510 100059 104895 110358 62588.7 79915 78677.4 82340.6 89527.5 97610.4 105012 111098 115775 119206 121637 123317 124456 125216 125717 126045 126257 126394 126482 126538 126574 126597 126611 126620 126626 126630 126632 126634 126635 126635 126635 126636 126636 126636 126636 126636 126636 126636 126636 126636 126636 126636 126636 126636 126636 126636 126636 126636 126636 126636 126636 126636 126636 126636 126636 126636 126636 126636 126636 126636 126636 126636 126636 126636 126636 126636 126636 126636 126636 126636 126636 126636 126636 126636 126636 126636 126636 126636 126636 126636 126636 126636 126636 126636 126636 126636 126636 126636 126636 126636 126636 126636 126636 126636 126636 126636 126636 126636 126636 126636 0 0 0 0 0 0 0 0 0 0 0 0 0 0 0 0 0 0 0 0 0 0 0 0 0
#obs catch bio
 0 102616 163052 208522 229750 278061 250021 296747 281537 285049 311051 283582 269077 268945 229232 218565 181240 169815 154212 140406 140015 123532 121397 111703 100815 106376 101238 92579.4 99528.6 93235.2 98692.7 103266 85018.7 95322.4 92815.6 92483 83393.2 88659.2 97012.2 89089.3 86442.9 83357 91995.6 89666.4 95171.4 86459.1 87611.7 92799.6 90214.8 91951.5 87703.2 109140 69878.7 100652 73097.2 75732.7 94510.6 101314 102383 100724 105264 110481
#pred cpue bio
 4.73186e+006 4.46761e+006 4.2064e+006 3.89095e+006 3.55005e+006 3.21717e+006 2.86884e+006 2.5859e+006 2.28943e+006 2.04077e+006 1.81516e+006 1.58372e+006 1.39533e+006 1.23298e+006 1.07707e+006 963180 860493 794499 737857 694685 663174 629779 611845 594862 585198 585216 576773 573297 580787 581386 587404 585077 573783 579208 570365 559609 545927 544939 543040 534641 536620 542259 551589 551329 553030 546993 550089 552651 550290 551238 550334 554077 534959 560812 555201 580308 603492 604291 594529 580441 564214 536486 1.72747e+007 1.00184e+007 9.91946e+006 1.04381e+007 1.14135e+007 1.2513e+007 1.35337e+007 1.43911e+007 1.50692e+007 1.5585e+007 1.59673e+007 1.62459e+007 1.64471e+007 1.65915e+007 1.66952e+007 1.67697e+007 1.68235e+007 1.68625e+007 1.68909e+007 1.69118e+007 1.69272e+007 1.69387e+007 1.69473e+007 1.69537e+007 1.69586e+007 1.69623e+007 1.69651e+007 1.69672e+007 1.69689e+007 1.69701e+007 1.69711e+007 1.69718e+007 1.69724e+007 1.69728e+007 1.69731e+007 1.69734e+007 1.69736e+007 1.69738e+007 1.69739e+007 1.6974e+007 1.69741e+007 1.69741e+007 1.69741e+007 1.69742e+007 1.69742e+007 1.69742e+007 1.69742e+007 1.69743e+007 1.69743e+007 1.69743e+007 1.69743e+007 1.69743e+007 1.69743e+007 1.69743e+007 1.69743e+007 1.69743e+007 1.69743e+007 1.69743e+007 1.69743e+007 1.69743e+007 1.69743e+007 1.69743e+007 1.69743e+007 1.69743e+007 1.69743e+007 1.69743e+007 1.69743e+007 1.69743e+007 1.69743e+007 1.69743e+007 1.69743e+007 1.69743e+007 1.69743e+007 1.69743e+007 1.69743e+007 1.69743e+007 1.69743e+007 1.69743e+007 1.69743e+007 1.69743e+007 1.69743e+007 1.69743e+007 1.69743e+007 1.69743e+007 1.69743e+007 1.69743e+007 1.69743e+007 1.69743e+007 1.69743e+007 1.69743e+007 1.69743e+007 1.69743e+007 1.69743e+007 1.69743e+007 1.69743e+007 1.69743e+007 1.69743e+007 1.69743e+007 1.69743e+007 1.69743e+007 0 0 0 0 0 0 0 0 0 0 0 0 0 0 0 0 0 0 0 0 0 0 0 0 0
#obs cpue bio
 3.89982e+006 3.57021e+006 3.02428e+006 3.45908e+006 2.65613e+006 2.60119e+006 2.01464e+006 2.01313e+006 1.86802e+006 1.99133e+006 1.55861e+006 1.31566e+006 842108 1.11008e+006 1.04843e+006 577361 957275 795428 640263 637558 591473 650619 378184 577954 491556 553828 424361 434012 399221 631484 479898 703649 452320 505968 392251 592076 459790 492005 580348 441732 471089 593313 398549 560596 601188 500865 471592 398754 529781 593997 549371 433275 601732 393617 517964 699699 751655 575238 639541 377549 591631 475967
#pred surv len freq
 0.00516444 0.0083696 0.0125666 0.0177231 0.0237037 0.0301912 0.0366579 0.0424912 0.0472256 0.0506998 0.053034 0.0544886 0.055333 0.0557749 0.0559321 0.0558282 0.0554064 0.0545547 0.0531201 0.0509009 0.0476439 0.0431045 0.0371991 0.0301827 0.0227037
 0.00539673 0.00863506 0.0127647 0.0177064 0.0233364 0.0294309 0.0356089 0.0413823 0.046312 0.0501454 0.0528452 0.0545351 0.0554326 0.0557897 0.0558306 0.0556906 0.05538 0.0547794 0.0536555 0.0516909 0.048537 0.0439208 0.0378061 0.0305385 0.0228493
 0.00574687 0.0091842 0.0135453 0.0187134 0.0245038 0.0306137 0.036591 0.041933 0.0462828 0.0495531 0.051875 0.0534483 0.0544376 0.0549645 0.05514 0.0550691 0.0548107 0.054314 0.0533734 0.051633 0.048666 0.0441351 0.0379938 0.030631 0.0228411
 0.00599939 0.00960676 0.0142031 0.0196729 0.0258147 0.0322786 0.0385302 0.0439649 0.0481401 0.0509427 0.0525673 0.0533592 0.0536567 0.0537069 0.0536475 0.0535251 0.0533161 0.0529204 0.0521237 0.0505695 0.0478102 0.04347 0.0374732 0.0302086 0.0224924
 0.00629136 0.0100649 0.0148638 0.0205648 0.0269608 0.0336957 0.0402197 0.0458936 0.0502175 0.0530055 0.0543854 0.0546747 0.0542549 0.0534898 0.0526694 0.0519658 0.0514088 0.0508808 0.0501144 0.0487015 0.0461544 0.0420644 0.0363272 0.0293107 0.0218202
 0.00662964 0.0105958 0.0156273 0.0215854 0.0282443 0.0352262 0.0419555 0.0477696 0.0521545 0.054919 0.0561812 0.0562318 0.0554148 0.0540753 0.0525371 0.0510662 0.0498166 0.0487756 0.0477269 0.0462561 0.0438348 0.0400015 0.0346004 0.0279525 0.0208218
 0.00702476 0.0112206 0.0165345 0.0228113 0.0298019 0.0370947 0.0440701 0.0500201 0.0544027 0.0570278 0.0580386 0.0577559 0.0565375 0.0547198 0.0526083 0.0504697 0.0485025 0.0467825 0.0451975 0.043414 0.040936 0.037284 0.0322464 0.0260676 0.0194314
 0.0073262 0.011705 0.0172534 0.0238093 0.0311097 0.0387169 0.0459715 0.0521192 0.0565802 0.0591473 0.0599687 0.0593857 0.0577813 0.0555117 0.0528891 0.0501771 0.0475784 0.0452025 0.0430095 0.0407627 0.0380513 0.034436 0.0296837 0.0239643 0.0178592
 0.00767564 0.0122607 0.0180669 0.024921 0.0325426 0.0404669 0.0479954 0.0543296 0.0588538 0.0613449 0.0619553 0.0610445 0.0590202 0.0562637 0.0531075 0.0498267 0.0466295 0.0436387 0.0408537 0.0381103 0.0350883 0.0314208 0.0268916 0.0216176 0.0160743
 0.00795301 0.0127072 0.0187309 0.0258451 0.0337565 0.0419763 0.0497695 0.0562958 0.0609064 0.0633631 0.0638206 0.0626505 0.0602763 0.0570956 0.053457 0.0496492 0.0458926 0.0423255 0.0389783 0.0357433 0.0323796 0.0285966 0.0242147 0.0193201 0.0142965
 0.00819918 0.0131047 0.0193241 0.0266744 0.0348512 0.0433442 0.0513844 0.0580925 0.0627877 0.0652165 0.0655353 0.0641283 0.0614359 0.0578727 0.0538014 0.0495214 0.0452619 0.0411735 0.0373122 0.0336179 0.0299187 0.0259964 0.0217142 0.0171428 0.0125885
 0.00852679 0.0136241 0.0200813 0.0277028 0.0361664 0.0449342 0.0531997 0.0600424 0.0647517 0.067065 0.0671517 0.0654214 0.0623433 0.0583582 0.0538475 0.0491214 0.0444127 0.0398758 0.0355805 0.031501 0.0275219 0.0234889 0.019308 0.0150418 0.0109317
 0.00876427 0.0140096 0.0206603 0.0285169 0.0372445 0.0462802 0.0547787 0.0617763 0.0665297 0.0687649 0.0686598 0.0666449 0.0632153 0.058837 0.0539137 0.0487716 0.0436528 0.0387176 0.0340466 0.0296389 0.0254225 0.0212951 0.017199 0.0131933 0.00946638
 0.00895505 0.0143197 0.021127 0.0291755 0.0381229 0.0473884 0.0560977 0.063252 0.0680769 0.0702802 0.0700372 0.0677892 0.0640513 0.0593145 0.0540077 0.0484778 0.0429813 0.0376881 0.0326896 0.0280048 0.0235942 0.0193949 0.0153775 0.0115974 0.00819944
 0.00922752 0.0147479 0.0217441 0.0300024 0.0391648 0.0486302 0.0574975 0.0647391 0.0695589 0.0716579 0.0712196 0.0687026 0.0646434 0.0595548 0.0538865 0.0480028 0.0421734 0.0365775 0.0313157 0.0264217 0.0218799 0.0176555 0.0137384 0.0101776 0.00708021
 0.00934194 0.0149415 0.0220492 0.0304534 0.0397907 0.0494424 0.0584788 0.0658404 0.0707082 0.0727753 0.0722305 0.0695443 0.0652658 0.0599202 0.0539699 0.0477924 0.0416714 0.0358 0.0302936 0.0252038 0.0205367 0.0162798 0.0124358 0.00904656 0.00618724
 0.00952358 0.0152214 0.0224423 0.0309654 0.0404192 0.0501795 0.0593096 0.066739 0.0716337 0.0736737 0.0730403 0.0702062 0.0657318 0.0601591 0.0539667 0.0475456 0.0411883 0.0350964 0.0293956 0.0241523 0.0193913 0.0151182 0.0113453 0.00810637 0.00544906
 0.00960732 0.0153498 0.0226214 0.031196 0.040698 0.0505011 0.0596679 0.0671286 0.0720511 0.0741164 0.0735029 0.0706737 0.0661753 0.0605366 0.0542315 0.0476555 0.0411142 0.0348257 0.0289347 0.0235274 0.0186495 0.0143248 0.0105747 0.00742739 0.00490839
 0.00971614 0.0155168 0.0228539 0.0314934 0.0410516 0.0508946 0.0600779 0.067527 0.072411 0.0744191 0.0737435 0.0708593 0.0663176 0.0606423 0.0542943 0.0476559 0.0410249 0.0346216 0.0286021 0.0230719 0.0180986 0.0137259 0.00998619 0.00690458 0.00448993
 0.00983906 0.0156996 0.0230974 0.0317872 0.0413774 0.0512311 0.0604048 0.0678265 0.0726676 0.0746208 0.0738839 0.0709395 0.0663458 0.0606305 0.0542528 0.0475871 0.0409203 0.0344639 0.0283736 0.022764 0.0177198 0.013304 0.0095623 0.00652148 0.00417938
 0.00992226 0.0158278 0.0232768 0.0320175 0.0416506 0.0515312 0.060708 0.0681041 0.0728929 0.0747767 0.0739672 0.070959 0.0663164 0.0605673 0.0541678 0.047487 0.040805 0.0343265 0.0282026 0.0225494 0.0174608 0.0130136 0.00926572 0.00624876 0.00395492
 0.0100409 0.0160123 0.0235385 0.0323603 0.0420688 0.0520074 0.061211 0.0685896 0.0733102 0.0750799 0.074126 0.0709654 0.0661842 0.0603268 0.0538566 0.0471413 0.0404524 0.0339829 0.0278728 0.0222314 0.0171523 0.0127174 0.00899225 0.00601218 0.00376711
 0.00991835 0.0158424 0.0233373 0.0321617 0.0419165 0.0519404 0.0612516 0.0687387 0.0735498 0.0753795 0.0744484 0.0712723 0.0664425 0.060514 0.0539644 0.0471744 0.0404246 0.0339103 0.0277688 0.0221049 0.0170093 0.0125649 0.00884021 0.00587294 0.00365164
 0.00988702 0.0157804 0.0232251 0.0319792 0.0416533 0.05161 0.0608994 0.0684351 0.0733672 0.0753646 0.074605 0.0715641 0.0668099 0.0608945 0.0543077 0.0474494 0.0406191 0.0340271 0.027819 0.0221025 0.0169683 0.0124981 0.00876043 0.00579254 0.00358099
 0.00992923 0.0158293 0.0232619 0.0319727 0.0415671 0.0514144 0.0605856 0.0680239 0.0729107 0.0749378 0.0742882 0.0714194 0.0668614 0.0611212 0.0546535 0.0478442 0.0409999 0.0343508 0.0280652 0.0222691 0.0170646 0.0125392 0.00876329 0.00577351 0.00355376
 0.00996355 0.0158725 0.0233027 0.0319909 0.0415364 0.0513086 0.0603849 0.0677222 0.0725203 0.074493 0.073845 0.0710472 0.0666267 0.0610683 0.0547893 0.048136 0.0413869 0.034764 0.0284462 0.0225811 0.0172937 0.0126895 0.00884949 0.00581432 0.00356703
 0.0101836 0.0161962 0.023726 0.0324855 0.0420546 0.0517932 0.0607777 0.0679701 0.0725823 0.0743488 0.0735035 0.0705502 0.0660438 0.0604835 0.0542819 0.0477611 0.0411634 0.0346747 0.0284501 0.0226311 0.0173516 0.0127333 0.00887236 0.00581962 0.00356199
 0.0102126 0.0162618 0.0238573 0.0327171 0.0424127 0.0522764 0.0613434 0.0685371 0.073053 0.0746396 0.073568 0.070386 0.0656865 0.059995 0.0537378 0.0472369 0.04072 0.0343463 0.0282401 0.0225181 0.0173024 0.0127165 0.00886639 0.00581419 0.00355484
 0.00993128 0.0158546 0.023339 0.032138 0.0418499 0.051816 0.0610616 0.0684837 0.0732386 0.0750278 0.0740807 0.0709238 0.0661587 0.0603443 0.0539501 0.0473355 0.0407494 0.0343537 0.0282598 0.022564 0.0173698 0.0127903 0.00893177 0.00586255 0.00358513
 0.0097877 0.0156206 0.0229884 0.0316523 0.0412306 0.0510987 0.060325 0.0678416 0.0728099 0.0748972 0.0742686 0.0713809 0.0667852 0.0610227 0.0545789 0.0478514 0.0411338 0.0346234 0.0284494 0.0227072 0.0174882 0.0128916 0.00901493 0.0059249 0.00362677
 0.00959637 0.0153267 0.0225774 0.0311213 0.0405868 0.0503594 0.0595211 0.0670249 0.0720572 0.0743045 0.0739318 0.0713679 0.06711 0.0616357 0.0553789 0.0487172 0.0419582 0.0353373 0.0290261 0.0231525 0.0178233 0.0131393 0.00919316 0.0060474 0.00370541
 0.00948445 0.0151508 0.0223241 0.0307828 0.0401628 0.049859 0.058965 0.0664447 0.071492 0.0737965 0.0735253 0.0711099 0.0670457 0.0617953 0.0557611 0.0492794 0.0426242 0.0360193 0.0296504 0.0236749 0.0182303 0.0134388 0.00940299 0.00618713 0.00379301
 0.00951209 0.0151829 0.0223485 0.0307795 0.0401084 0.049734 0.0587602 0.0661646 0.0711525 0.0734217 0.073144 0.0707551 0.0667545 0.0616073 0.0557111 0.0493855 0.0428772 0.0363802 0.030061 0.0240759 0.0185778 0.0137118 0.00960006 0.00631902 0.00387505
 0.00922461 0.014761 0.0217976 0.0301334 0.0394184 0.0490518 0.0581264 0.0656065 0.0706909 0.0730759 0.0729327 0.0706924 0.0668458 0.0618482 0.0560897 0.0498847 0.0434736 0.0370406 0.0307407 0.0247241 0.0191481 0.0141734 0.00994343 0.00655369 0.00402231
 0.00910422 0.0145631 0.0214977 0.0297123 0.0388724 0.0484045 0.0574346 0.0649523 0.0701563 0.0727146 0.0727564 0.0706789 0.0669604 0.0620625 0.0563882 0.0502607 0.0439209 0.0375459 0.0312795 0.0252613 0.0196447 0.0145958 0.0102724 0.00678726 0.00417316
 0.00989471 0.0156578 0.0227931 0.030993 0.0398713 0.0489002 0.057332 0.064304 0.0691239 0.0715028 0.0715536 0.0696211 0.0661198 0.0614551 0.0559945 0.0500477 0.0438569 0.0376042 0.031434 0.0254819 0.0198959 0.0148419 0.0104849 0.00695052 0.00428513
 0.0106463 0.0168404 0.0244885 0.0332218 0.0425554 0.0518255 0.0601387 0.0665432 0.0703891 0.071579 0.0704954 0.0677136 0.0637531 0.0589925 0.0536935 0.0480472 0.0422053 0.0362973 0.0304433 0.0247677 0.0194121 0.014538 0.0103102 0.00685972 0.00424299
 0.0104115 0.0165905 0.0243566 0.0334134 0.0432939 0.0532606 0.0622603 0.0691437 0.0730949 0.0739393 0.0721007 0.0683077 0.0633026 0.0576801 0.0518391 0.0459955 0.040234 0.0345778 0.0290487 0.0237033 0.0186452 0.0140179 0.00998023 0.00666533 0.00413733
 0.010146 0.0161805 0.0237875 0.0327075 0.0425305 0.0525928 0.0619085 0.0693459 0.0740127 0.0755591 0.0741905 0.0704693 0.0651008 0.058789 0.0521366 0.0455712 0.0393204 0.0334484 0.0279329 0.0227453 0.0179049 0.0134945 0.00963942 0.00646093 0.00402478
 0.0100982 0.0160943 0.0236421 0.0324786 0.042198 0.0521547 0.0613997 0.0688533 0.073675 0.0755391 0.0746182 0.0713719 0.0663577 0.0601479 0.0532967 0.0462948 0.0395145 0.0331767 0.0273627 0.0220674 0.0172699 0.0129857 0.0092789 0.00623142 0.0038926
 0.0100299 0.0159831 0.0234744 0.0322411 0.0418793 0.0517495 0.0609142 0.0683125 0.0731289 0.0750663 0.0743221 0.0713608 0.0667066 0.0608533 0.0542513 0.0473076 0.0403765 0.0337396 0.0275869 0.0220156 0.0170584 0.0127289 0.00905323 0.00606841 0.00379149
 0.0100493 0.0159976 0.0234645 0.0321781 0.0417325 0.0514977 0.0605557 0.0678679 0.0726362 0.0745741 0.0738857 0.0710429 0.0665736 0.0609609 0.0546186 0.0478929 0.0410742 0.0344102 0.0281082 0.022327 0.0171725 0.0127078 0.00897021 0.00597886 0.00372276
 0.00996073 0.0158721 0.0233091 0.0320083 0.0415644 0.0513372 0.0603927 0.0676804 0.0724041 0.0742941 0.0735788 0.0707516 0.0663522 0.060864 0.0546886 0.048146 0.0414868 0.0349163 0.028616 0.0227506 0.0174626 0.0128626 0.00902373 0.00597626 0.00370061
 0.00988841 0.0157685 0.0231797 0.0318681 0.0414355 0.0512422 0.0603478 0.0676886 0.072451 0.074349 0.0736036 0.0707165 0.0662512 0.0607218 0.0545539 0.0480732 0.0415148 0.0350517 0.0288293 0.0229884 0.0176706 0.0130073 0.00910011 0.0060011 0.00369761
 0.00984603 0.0156948 0.0230607 0.0316907 0.0411932 0.050944 0.0600235 0.0673855 0.0722205 0.0742275 0.0735987 0.0708052 0.0663918 0.0608726 0.0546905 0.048196 0.0416431 0.0352076 0.0290209 0.0232026 0.0178789 0.0131805 0.00922195 0.00607231 0.00373095
 0.010025 0.0159507 0.0233801 0.032037 0.0415147 0.0511883 0.0601514 0.0673796 0.0720879 0.0739978 0.0733167 0.0705178 0.0661341 0.0606593 0.0545183 0.0480552 0.0415288 0.0351243 0.0289769 0.0232005 0.01791 0.0132274 0.00926666 0.00610393 0.00374758
 0.0100792 0.0160408 0.0235181 0.0322315 0.0417641 0.0514733 0.0604311 0.0675979 0.0721913 0.0739564 0.0731376 0.0702419 0.0658194 0.0603605 0.0542717 0.0478738 0.0414084 0.0350533 0.0289447 0.0231994 0.0179324 0.0132633 0.00930502 0.00613581 0.00376895
 0.0100363 0.0159874 0.023468 0.0322084 0.0417958 0.0515819 0.0606226 0.0678562 0.0724782 0.0742195 0.0733231 0.0703115 0.0657632 0.0602002 0.0540508 0.0476407 0.0412009 0.0348915 0.0288331 0.0231327 0.0179011 0.0132567 0.00931226 0.00614789 0.0037799
 0.0100286 0.0159761 0.0234541 0.0321954 0.0417918 0.0515999 0.0606798 0.0679692 0.0726545 0.0744491 0.073575 0.0705391 0.0659182 0.0602492 0.0539869 0.0474849 0.0409925 0.0346734 0.0286386 0.02298 0.0177942 0.0131899 0.00927565 0.0061307 0.00377332
 0.00999954 0.0159307 0.0233893 0.0321102 0.041688 0.0514839 0.0605636 0.0678713 0.0725977 0.074455 0.0736563 0.0706922 0.0661201 0.0604613 0.0541672 0.047602 0.0410358 0.034654 0.0285816 0.0229122 0.0177353 0.0131489 0.00925245 0.00612066 0.00377075
 0.0101189 0.0160971 0.0235887 0.0323123 0.0418546 0.0515828 0.06058 0.0678108 0.0724817 0.0743124 0.0735168 0.0705808 0.0660527 0.0604403 0.0541803 0.0476262 0.0410467 0.034636 0.028533 0.0228439 0.0176632 0.0130867 0.009207 0.00609208 0.00375521
 0.0101521 0.0161561 0.0236854 0.032457 0.0420496 0.0518135 0.0608114 0.0679941 0.0725718 0.0742876 0.0733884 0.0703873 0.065843 0.0602561 0.0540448 0.0475422 0.0410009 0.0346081 0.0285054 0.022808 0.0176202 0.0130431 0.00916997 0.00606532 0.00373861
 0.0103734 0.0165013 0.0241771 0.0331045 0.0428447 0.0527255 0.0617808 0.0689315 0.0733685 0.0748374 0.0736139 0.070261 0.0653942 0.0595629 0.053211 0.0466704 0.0401711 0.0338687 0.0278766 0.0222916 0.0172097 0.0127294 0.00894244 0.00591085 0.00364172
 0.0100015 0.0159502 0.0234487 0.0322399 0.0419185 0.0518325 0.0610231 0.0684053 0.0731478 0.0749539 0.0740429 0.0709238 0.0661798 0.0603587 0.0539318 0.0472718 0.0406464 0.034234 0.0281544 0.0225007 0.0173631 0.012837 0.00901325 0.00595431 0.00366655
 0.00997908 0.0159081 0.0233759 0.0321248 0.0417546 0.0516259 0.0607975 0.0682002 0.0730078 0.0749148 0.0741198 0.0711075 0.0664391 0.0606481 0.0542024 0.0474838 0.0407792 0.0342892 0.0281499 0.0224611 0.0173101 0.0127851 0.00896985 0.00592182 0.00364448
 0.00976713 0.0155689 0.0228765 0.0314418 0.0408825 0.0505896 0.0596634 0.0670768 0.0720292 0.0742109 0.0737866 0.0711859 0.0669086 0.0614338 0.0551929 0.0485551 0.0418194 0.0352162 0.0289192 0.0230617 0.017755 0.0130989 0.00918046 0.00605552 0.00372407
 0.00959062 0.0152945 0.0224864 0.0309265 0.0402406 0.0498284 0.0588032 0.0661572 0.0711133 0.0733834 0.0731437 0.0708179 0.0668791 0.0617611 0.0558413 0.0494412 0.042831 0.0362378 0.0298554 0.0238516 0.018374 0.0135521 0.0094913 0.00625503 0.00384343
 0.0095599 0.0152508 0.0224315 0.030864 0.0401723 0.049749 0.0586963 0.0659976 0.070874 0.0730482 0.0727203 0.070346 0.0664279 0.0614148 0.0556743 0.0494936 0.0430946 0.0366599 0.0303571 0.024353 0.0188144 0.0138996 0.00974049 0.00641855 0.00394189
 0.00947173 0.0151323 0.022299 0.0307478 0.0401077 0.0497616 0.0587899 0.0661491 0.071039 0.0731724 0.0727537 0.070257 0.0662157 0.0611147 0.0553519 0.0492265 0.0429469 0.0366607 0.0304936 0.0245795 0.019073 0.0141403 0.00993326 0.00655474 0.00402785
 0.00923262 0.0147861 0.021858 0.0302534 0.0396226 0.0493541 0.0585186 0.0660518 0.0711248 0.073417 0.0731009 0.0706312 0.0665425 0.0613429 0.0554683 0.0492571 0.0429438 0.0366798 0.0305721 0.0247239 0.019262 0.0143387 0.0101092 0.00668978 0.00411891
 0.00877879 0.0141142 0.0209708 0.0292008 0.0384929 0.0482566 0.0575667 0.0653499 0.0707537 0.0734158 0.0734542 0.0712698 0.0673602 0.0622227 0.0563089 0.0499927 0.0435522 0.0371752 0.0309872 0.0250893 0.0195917 0.0146298 0.0103503 0.00687227 0.00424346
 0.00829839 0.0133835 0.0199673 0.027943 0.0370423 0.0467148 0.0560706 0.0640594 0.0698234 0.0729582 0.073511 0.0718063 0.0682804 0.063395 0.0575931 0.0512632 0.0447159 0.0381812 0.0318235 0.0257696 0.0201388 0.0150629 0.0106818 0.0071122 0.00440425
#obs surv len freq
 nan nan nan nan nan nan nan nan nan nan nan nan nan nan nan nan nan nan nan nan nan nan nan nan nan
 0.00449169 0.00735621 0.0111891 0.0160072 0.0217082 0.0279825 0.0342943 0.0400227 0.0446993 0.0481602 0.0505154 0.0520087 0.0528987 0.0534091 0.0537218 0.0539756 0.0542533 0.0545455 0.0546838 0.0542756 0.0527139 0.0493466 0.0437975 0.036279 0.0276643
 0.00461525 0.0075617 0.0115064 0.016466 0.0223297 0.0287684 0.0352154 0.0410169 0.0456809 0.0490384 0.0512119 0.052469 0.0530964 0.0533451 0.0534193 0.0534721 0.0535926 0.0537703 0.0538333 0.0533867 0.0518255 0.0485022 0.043042 0.0356505 0.027184
 0.00477314 0.00781955 0.011897 0.017021 0.0230749 0.029714 0.0363455 0.0422823 0.0470022 0.0503163 0.0523412 0.0533535 0.0536612 0.0535463 0.0532478 0.0529507 0.052768 0.0527032 0.052591 0.0520399 0.0504496 0.0471777 0.0418486 0.0346542 0.0264211
 0.00497483 0.0081463 0.0123866 0.0177082 0.0239847 0.030852 0.0376876 0.0437709 0.0485531 0.0518322 0.0537242 0.0545105 0.0545076 0.0540113 0.0532825 0.0525366 0.0519208 0.0514715 0.0510509 0.0502899 0.0486061 0.0453683 0.0401995 0.0332681 0.0253558
 0.00518768 0.00849765 0.0129251 0.0184818 0.0250307 0.0321815 0.0392699 0.0455297 0.0503787 0.0536046 0.0553324 0.0558616 0.0555256 0.0546326 0.0534543 0.0522205 0.051101 0.050165 0.0493157 0.0482284 0.0463621 0.0431149 0.0381138 0.0314978 0.023987
 0.0054172 0.0088728 0.0134938 0.0192909 0.0261183 0.0335635 0.0409255 0.0473939 0.0523485 0.055556 0.0571394 0.0574105 0.0567229 0.0554063 0.0537508 0.0520006 0.0503399 0.0488604 0.0475031 0.0459968 0.0438614 0.0405455 0.0356949 0.02942 0.0223672
 0.00564252 0.00924332 0.0140594 0.0201009 0.0272124 0.0349573 0.0425955 0.0492722 0.0543331 0.0575296 0.0589862 0.0590252 0.0580128 0.0562923 0.0541676 0.051897 0.0496799 0.0476289 0.0457193 0.0437344 0.0412637 0.037822 0.0330887 0.0271527 0.0205832
 0.00588067 0.00963259 0.0146493 0.0209394 0.0283372 0.0363819 0.0442946 0.0511762 0.0563369 0.0595123 0.0608306 0.0606288 0.0592908 0.0571755 0.0545984 0.0518262 0.0490665 0.0464472 0.0439744 0.0414847 0.038641 0.0350334 0.0303867 0.0247771 0.0186977
 0.00611666 0.0100186 0.0152345 0.0217714 0.0294525 0.0377924 0.0459726 0.0530494 0.058299 0.0614434 0.0626165 0.0621717 0.0605118 0.0580127 0.0550025 0.0517557 0.0484849 0.0453272 0.0423124 0.0393247 0.0360989 0.0323034 0.0277159 0.0224082 0.0168031
 0.00636092 0.0104206 0.0158487 0.0226506 0.0306375 0.039294 0.0477547 0.0550243 0.0603409 0.0634148 0.0643922 0.0636521 0.0616259 0.0587135 0.0552604 0.0515494 0.0477959 0.0441403 0.0406277 0.0371808 0.0335984 0.0296243 0.0250914 0.0200729 0.0149279
 0.0066203 0.0108438 0.0164881 0.0235562 0.0318466 0.0408161 0.0495553 0.0570181 0.0624027 0.0654022 0.0661698 0.0651083 0.0626806 0.0593192 0.0553965 0.0512124 0.0469894 0.0428701 0.0389088 0.0350562 0.0311637 0.0270411 0.0225721 0.0178339 0.0131286
 0.00684114 0.0112085 0.0170475 0.0243606 0.0329361 0.0422036 0.0512107 0.0588627 0.0643207 0.0672631 0.0678495 0.0665013 0.0637056 0.0599205 0.0555435 0.050896 0.0462156 0.0416554 0.0372811 0.0330673 0.0289074 0.0246647 0.020265 0.0157877 0.011485
 0.00703614 0.0115291 0.017537 0.025062 0.0338841 0.0434121 0.0526583 0.0604872 0.066026 0.068936 0.0693773 0.0677849 0.0646659 0.060501 0.0557102 0.0506344 0.0455276 0.0405563 0.0358024 0.0312646 0.0268729 0.022534 0.0182063 0.013968 0.0100262
 0.00726253 0.0118965 0.0180882 0.0258357 0.0349061 0.0446828 0.0541405 0.0621025 0.067667 0.0704873 0.0707354 0.0688684 0.0654179 0.0608864 0.0557119 0.0502502 0.0447661 0.039437 0.0343583 0.0295507 0.0249764 0.0205781 0.0163388 0.0123321 0.00872334
 0.00743709 0.0121877 0.0185398 0.0264921 0.0358018 0.0458268 0.0555006 0.063602 0.0691968 0.0719297 0.0719856 0.0698468 0.0660727 0.0611914 0.0556608 0.0498503 0.0440339 0.0383961 0.033043 0.0280131 0.0232951 0.0188614 0.0147134 0.0109183 0.00760363
 0.00751119 0.0123123 0.0187362 0.0267849 0.0362177 0.0463888 0.056221 0.0644742 0.0701908 0.0729906 0.0730387 0.0708074 0.0668597 0.0617387 0.0559246 0.0498092 0.043686 0.0377549 0.0321368 0.0268888 0.0220231 0.0175359 0.0134434 0.0098059 0.00671923
 0.00758155 0.0124178 0.018879 0.0269632 0.0364289 0.0466348 0.0565108 0.0648235 0.0706162 0.0735022 0.0736308 0.0714529 0.0675086 0.0623249 0.0563774 0.0500666 0.0437046 0.0375151 0.0316446 0.0261761 0.0211481 0.0165802 0.0125014 0.00896624 0.00604435
 0.00767152 0.012556 0.0190716 0.0272091 0.0367192 0.0469527 0.0568336 0.0651272 0.0708845 0.0737341 0.0738429 0.0716702 0.0677499 0.0625885 0.0566354 0.0502702 0.043797 0.0374475 0.0313892 0.0257346 0.0205544 0.015896 0.0118044 0.00833218 0.00552813
 0.00772443 0.0126414 0.0191986 0.0273848 0.0369459 0.0472246 0.057134 0.0654292 0.0711571 0.0739524 0.0739962 0.0717663 0.0678107 0.0626398 0.0566938 0.0503325 0.0438376 0.0374259 0.0312651 0.0254845 0.0201828 0.0154377 0.0113153 0.007873 0.00514627
 0.00776991 0.0127082 0.0192862 0.0274889 0.0370608 0.0473463 0.0572618 0.0655643 0.071299 0.0740955 0.0741301 0.0718793 0.0678956 0.0626979 0.0567336 0.0503625 0.0438578 0.0374225 0.0312133 0.0253597 0.0199743 0.0151574 0.010997 0.00756029 0.0048776
 0.00782241 0.0127894 0.0194 0.0276351 0.037234 0.0475353 0.0574499 0.0657325 0.0714313 0.0741845 0.0741782 0.0718954 0.0678892 0.0626756 0.0566992 0.0503192 0.0438071 0.0373618 0.0311335 0.0252473 0.019819 0.0149606 0.0107749 0.0073396 0.00468492
 0.00784885 0.0128299 0.0194564 0.0277075 0.0373207 0.0476329 0.0575533 0.0658346 0.0715236 0.0742589 0.0742293 0.0719222 0.0678956 0.062668 0.0566836 0.0502991 0.0437829 0.0373304 0.031089 0.0251818 0.0197259 0.0148394 0.0106343 0.00719589 0.00455605
 0.00784944 0.0128266 0.0194438 0.0276786 0.0372695 0.0475581 0.0574615 0.0657398 0.0714438 0.0742102 0.0742214 0.0719561 0.0679649 0.0627621 0.0567909 0.0504091 0.0438866 0.0374199 0.0311566 0.0252205 0.019731 0.0148108 0.0105786 0.00712533 0.00448501
 0.0079009 0.0129034 0.0195461 0.0278009 0.0374009 0.0476836 0.0575637 0.0658026 0.0714566 0.0741726 0.0741443 0.0718583 0.0678665 0.0626784 0.0567293 0.0503695 0.0438641 0.0374073 0.031146 0.0252045 0.0197039 0.0147703 0.0105267 0.00706843 0.00443104
 0.00789824 0.0129015 0.0195478 0.0278098 0.0374199 0.0477129 0.0575989 0.0658352 0.0714766 0.0741721 0.074121 0.071817 0.0678172 0.0626336 0.0566998 0.0503609 0.0438759 0.0374335 0.0311777 0.0252325 0.0197208 0.0147722 0.0105143 0.00704591 0.00440478
 0.00790842 0.0129114 0.0195506 0.0277961 0.0373812 0.0476469 0.0575128 0.0657446 0.0713991 0.0741202 0.0740979 0.0718176 0.0678333 0.0626587 0.0567316 0.0504004 0.0439244 0.03749 0.0312379 0.0252895 0.0197675 0.0148039 0.0105298 0.00704793 0.00439832
 0.00790495 0.0129064 0.0195439 0.027787 0.0373672 0.0476231 0.0574727 0.0656828 0.0713161 0.074025 0.0740068 0.0717484 0.0677982 0.0626602 0.0567641 0.0504546 0.0439916 0.0375637 0.0313127 0.0253602 0.0198286 0.0148511 0.0105612 0.00706489 0.00440447
 0.00786839 0.012849 0.0194616 0.027678 0.0372334 0.0474704 0.057312 0.0655284 0.0711822 0.0739224 0.0739414 0.0717227 0.0678134 0.0627165 0.0568588 0.0505805 0.0441376 0.037717 0.0314617 0.0254954 0.0199436 0.0149418 0.0106269 0.00710771 0.00442912
 0.0078607 0.0128274 0.0194126 0.0275845 0.0370799 0.0472516 0.0570393 0.0652303 0.0708972 0.0736879 0.0737839 0.0716538 0.0678311 0.0628095 0.0570112 0.0507753 0.0443579 0.0379463 0.0316846 0.0256986 0.0201172 0.0150804 0.0107294 0.00717739 0.00447219
 0.00785118 0.0128123 0.0193899 0.0275508 0.0370294 0.047175 0.0569255 0.0650706 0.0706927 0.073454 0.0735505 0.071457 0.0677024 0.0627666 0.0570549 0.050893 0.0445292 0.0381488 0.0318968 0.0259021 0.0202978 0.0152288 0.0108422 0.00725612 0.00452231
 0.00782186 0.012767 0.0193264 0.0274688 0.0369307 0.0470633 0.0568055 0.0649471 0.0705683 0.0733294 0.0734264 0.0713388 0.0676027 0.0627036 0.0570464 0.0509485 0.0446463 0.0383137 0.0320892 0.0261001 0.0204821 0.0153859 0.0109648 0.0073438 0.00457943
 0.00780615 0.0127366 0.019272 0.0273797 0.0367982 0.0468863 0.0565944 0.0647234 0.0703586 0.0731569 0.073304 0.0712685 0.0675791 0.0627202 0.0571002 0.0510405 0.0447778 0.0384817 0.0322835 0.0263044 0.0206781 0.0155575 0.0111022 0.00744402 0.00464595
 0.00775333 0.012655 0.0191569 0.0272291 0.0366124 0.0466677 0.0563486 0.0644616 0.0700988 0.0729232 0.0731227 0.0711607 0.0675555 0.0627784 0.0572275 0.05122 0.0449937 0.038721 0.0325341 0.0265534 0.0209108 0.0157602 0.0112651 0.00756404 0.00472647
 0.00774715 0.0126356 0.0191108 0.0271389 0.0364624 0.0464519 0.0560765 0.0641581 0.0697967 0.0726538 0.0729089 0.0710172 0.0674905 0.0627947 0.0573219 0.0513825 0.0452083 0.0389691 0.0327971 0.026814 0.0211533 0.0159713 0.0114357 0.00769098 0.00481269
 0.00934341 0.0148763 0.0218277 0.0299549 0.038899 0.0481025 0.0567453 0.0638898 0.0688045 0.0712083 0.0712553 0.069338 0.0659043 0.0613699 0.0560914 0.050356 0.0443805 0.038325 0.0323156 0.0264705 0.0209219 0.0158262 0.0113524 0.00764799 0.00479333
 0.00930808 0.0151146 0.0227081 0.0319369 0.0423346 0.0529672 0.0624662 0.0694369 0.0730549 0.0733868 0.0711889 0.0674049 0.0627684 0.0576957 0.0523774 0.0469021 0.0413326 0.0357346 0.0301839 0.0247734 0.0196206 0.0148718 0.0106885 0.00721392 0.00452893
 0.00896445 0.014572 0.0219433 0.0309961 0.0413888 0.0523498 0.0626352 0.0708132 0.0757741 0.0771118 0.0751488 0.0706867 0.0646976 0.0580707 0.0514445 0.0451462 0.0392456 0.0336789 0.0283659 0.023278 0.0184591 0.0140168 0.0100938 0.00682571 0.00429297
 0.00882078 0.0143258 0.0215499 0.0304085 0.0405747 0.0513242 0.0615018 0.0697943 0.0751948 0.0773117 0.0763291 0.0727639 0.0672653 0.0605311 0.0532516 0.0460163 0.0392174 0.0330164 0.0273982 0.0222749 0.0175833 0.0133343 0.00960742 0.00650569 0.00409848
 0.00872117 0.0141653 0.0213099 0.0300702 0.0401196 0.0507377 0.0607822 0.0689691 0.0743407 0.0765701 0.0758993 0.0728525 0.0679941 0.0618453 0.0548951 0.0476137 0.0404271 0.0336632 0.0275091 0.0220163 0.0171571 0.0128991 0.00925044 0.00625278 0.00393905
 0.00868968 0.0141058 0.0212052 0.0298992 0.0398622 0.0503819 0.0603305 0.0684392 0.0737628 0.0759865 0.0753707 0.0724674 0.0678645 0.0620729 0.055514 0.0485433 0.0414775 0.0346044 0.0281668 0.0223339 0.0171918 0.0127668 0.00906314 0.00608329 0.00381667
 0.00868334 0.0140939 0.0211835 0.0298612 0.0397981 0.0502788 0.0601739 0.0682171 0.0734709 0.075633 0.0749797 0.0720803 0.0675404 0.0618837 0.0555293 0.0488009 0.041953 0.035203 0.0287531 0.0227877 0.0174554 0.0128548 0.00903606 0.00600819 0.00374068
 0.00869599 0.0141147 0.0212149 0.0299047 0.0398529 0.0503394 0.0602287 0.0682479 0.0734558 0.075552 0.0748216 0.0718488 0.0672587 0.061595 0.0552914 0.0486727 0.0419733 0.0353699 0.0290182 0.0230733 0.0176879 0.0129945 0.00908534 0.00599732 0.00370498
 0.00866809 0.0140742 0.0211631 0.0298464 0.0397952 0.0502903 0.0601946 0.0682321 0.0734564 0.0755606 0.074824 0.0718287 0.0672037 0.0615047 0.0551818 0.0485752 0.0419251 0.0353989 0.0291272 0.0232361 0.0178603 0.0131354 0.00917349 0.00603508 0.00370931
 0.00865762 0.014055 0.0211307 0.0297959 0.039724 0.0502006 0.0600958 0.0681393 0.0733858 0.0755234 0.0748219 0.0718527 0.067238 0.0615322 0.0551917 0.0485687 0.041916 0.0354078 0.0291709 0.023317 0.0179641 0.0132383 0.00925466 0.00608556 0.00373248
 0.0086613 0.0140609 0.021139 0.0298062 0.0397343 0.0502071 0.0600928 0.0681216 0.0733515 0.0754763 0.0747708 0.0718081 0.0672068 0.0615146 0.055182 0.04856 0.0419058 0.0354005 0.0291756 0.023341 0.0180072 0.0132915 0.00930543 0.00612404 0.00375555
 0.00862144 0.0140011 0.0210586 0.029708 0.0396246 0.0500942 0.0599861 0.0680299 0.0732821 0.0754333 0.0747549 0.0718181 0.0672405 0.0615694 0.0552535 0.0486415 0.0419898 0.0354813 0.0292512 0.0234128 0.0180763 0.0133565 0.00936201 0.00616794 0.00378506
 0.00862473 0.0140023 0.0210528 0.0296888 0.0395859 0.0500339 0.0599085 0.0679453 0.0732031 0.0753707 0.0747144 0.0718 0.0672419 0.0615865 0.0552832 0.0486813 0.0420369 0.0355326 0.0293039 0.0234646 0.0181259 0.0134025 0.00940225 0.00620014 0.003808
 0.00864264 0.0140305 0.0210934 0.0297419 0.0396488 0.0500996 0.0599659 0.0679814 0.0732074 0.0753402 0.0746549 0.0717238 0.0671627 0.0615151 0.0552255 0.0486394 0.0420105 0.0355201 0.029303 0.0234728 0.0181404 0.0134206 0.00942108 0.0062171 0.00382131
 0.00863238 0.0140163 0.0210766 0.0297256 0.0396369 0.0500959 0.0599722 0.0679967 0.0732276 0.0753584 0.0746641 0.0717196 0.0671453 0.0614892 0.0551985 0.048618 0.0419986 0.0355188 0.0293111 0.0234879 0.0181598 0.0134414 0.00944089 0.00623398 0.00383417
 0.00863238 0.0140163 0.0210766 0.0297256 0.0396369 0.0500959 0.0599722 0.0679967 0.0732276 0.0753584 0.0746641 0.0717196 0.0671453 0.0614892 0.0551985 0.048618 0.0419986 0.0355188 0.0293111 0.0234879 0.0181598 0.0134414 0.00944089 0.00623398 0.00383417
 0.00860256 0.0139704 0.0210125 0.0296437 0.0395407 0.0499924 0.059872 0.0679127 0.0731719 0.0753387 0.0746805 0.0717651 0.0672084 0.0615584 0.0552657 0.0486796 0.0420548 0.0355712 0.0293608 0.0235349 0.0182029 0.0134792 0.00947204 0.00625787 0.00385103
 0.00874764 0.0141967 0.0213343 0.0300651 0.0400519 0.0505659 0.06046 0.0684508 0.0735928 0.0755888 0.0747347 0.0716295 0.0669142 0.0611507 0.0547929 0.0481861 0.0415771 0.0351361 0.0289857 0.0232282 0.0179654 0.0133055 0.00935277 0.00618148 0.00380574
 0.00848321 0.0137935 0.020779 0.0293673 0.0392469 0.0497142 0.0596452 0.0677706 0.0731386 0.0754208 0.0748636 0.0720166 0.0674867 0.061824 0.0554897 0.0488481 0.0421685 0.0356404 0.0294005 0.023559 0.0182212 0.0134963 0.00948895 0.00627342 0.0038638
 0.00857308 0.0139053 0.0208842 0.0294193 0.0391948 0.0495245 0.0593202 0.0673516 0.0726931 0.0750222 0.0745717 0.0718664 0.0674852 0.0619523 0.0557112 0.0491186 0.0424468 0.0358966 0.0296177 0.0237322 0.0183528 0.0135925 0.00955648 0.00631869 0.00389246
 0.00836264 0.013589 0.0204551 0.0288856 0.0385736 0.0488349 0.0585813 0.0665905 0.0719553 0.074376 0.0741005 0.0716465 0.0675616 0.0623227 0.0563261 0.0498965 0.0432949 0.0367305 0.030374 0.0243728 0.0188633 0.013976 0.00982792 0.00649892 0.004004
 0.0083858 0.0136018 0.0204296 0.0287829 0.038357 0.048488 0.0581206 0.0660615 0.0714142 0.0738699 0.0736601 0.0712956 0.0673289 0.0622432 0.0564277 0.0501819 0.0437337 0.0372648 0.0309354 0.0249002 0.0193143 0.014331 0.0100862 0.00667299 0.00411239
 0.00841137 0.0136534 0.0205233 0.028934 0.0385687 0.048738 0.058356 0.0662093 0.0714091 0.0736825 0.0733092 0.070838 0.0668374 0.0617878 0.0560662 0.0499559 0.0436629 0.0373417 0.0311263 0.0251549 0.0195813 0.0145702 0.0102757 0.00680775 0.0041991
 0.00845539 0.0137301 0.0206484 0.0291256 0.0388433 0.0491028 0.0587989 0.066692 0.0718664 0.0740329 0.073476 0.070774 0.0665431 0.0613131 0.0554946 0.0493802 0.0431625 0.0369677 0.0308958 0.0250539 0.019575 0.0146172 0.0103405 0.00686728 0.00424339
 0.00846708 0.0137541 0.0206944 0.0292063 0.0389731 0.0492939 0.059057 0.0670123 0.072231 0.0744084 0.073814 0.071017 0.0666372 0.0612264 0.0552318 0.0489852 0.0427063 0.0365268 0.0305302 0.0247943 0.0194216 0.0145481 0.0103251 0.00687769 0.00426069
 0.00845757 0.0137388 0.020672 0.0291773 0.0389412 0.0492683 0.0590529 0.0670489 0.072326 0.0745707 0.0740368 0.0712746 0.0668878 0.0614202 0.0553249 0.0489553 0.0425617 0.0363052 0.0302849 0.024575 0.0192591 0.0144497 0.0102797 0.00686619 0.00426515
 0.00848069 0.0137733 0.0207183 0.0292333 0.0390028 0.0493302 0.05911 0.0670984 0.0723691 0.0746143 0.0740912 0.0713487 0.0669818 0.0615212 0.0554079 0.0489904 0.0425273 0.0361984 0.0301247 0.0243949 0.0190939 0.0143227 0.0101976 0.00682231 0.00424677
#pred catch len freq
 0.00493503 0.00776968 0.0112552 0.0152725 0.0197417 0.0246094 0.0297735 0.0350412 0.0401656 0.0449135 0.049108 0.0526399 0.0554676 0.0576028 0.0590779 0.0599112 0.0600872 0.0595534 0.0582128 0.0559023 0.0523862 0.0474231 0.0409382 0.0332212 0.024991
 0.00517734 0.00806643 0.0115267 0.0153963 0.0196004 0.0241578 0.0290829 0.0342825 0.0395312 0.0445231 0.0489558 0.0526117 0.0554113 0.0574116 0.0587463 0.059541 0.0598446 0.0595922 0.0585991 0.0565766 0.0531856 0.0481553 0.0414629 0.0334969 0.0250644
 0.00555347 0.00864027 0.0123135 0.0163676 0.0206713 0.025183 0.0298731 0.0346546 0.039385 0.0439026 0.0480408 0.0516324 0.0545365 0.0566874 0.058122 0.0589521 0.059286 0.0591332 0.0583339 0.0565532 0.053364 0.0484235 0.0416971 0.0336211 0.0250723
 0.0058489 0.00911256 0.0130099 0.0173274 0.0219176 0.026706 0.031605 0.036448 0.0410161 0.0451138 0.0486202 0.0514958 0.0537628 0.0554775 0.0567035 0.0574959 0.0578848 0.0578356 0.0571845 0.0555974 0.0526224 0.0478721 0.0412793 0.0332812 0.0247816
 0.00618684 0.00963037 0.0137331 0.0182661 0.0230755 0.0280896 0.0332211 0.0382845 0.0430105 0.0471253 0.0504268 0.0528318 0.0543954 0.05529 0.0557391 0.055933 0.0559625 0.0557777 0.0551614 0.0537249 0.0509732 0.0464825 0.0401536 0.0324022 0.0241231
 0.00659857 0.0102598 0.0146068 0.019385 0.0244202 0.02963 0.0349224 0.040108 0.0449119 0.0490483 0.0522873 0.0544983 0.0556829 0.0559888 0.055677 0.0550443 0.0543214 0.0535767 0.0526504 0.0511481 0.0485293 0.0443117 0.0383395 0.0309772 0.0230762
 0.00703175 0.0109276 0.0155449 0.0206046 0.0259109 0.0313638 0.0368527 0.0421668 0.0470118 0.051093 0.0541824 0.0561535 0.0570027 0.0568586 0.0559627 0.0546184 0.0531129 0.051619 0.050096 0.0482401 0.0455459 0.0415093 0.0359116 0.0290346 0.0216445
 0.00743466 0.0115515 0.0164271 0.0217625 0.0273443 0.0330575 0.0387735 0.0442565 0.0491843 0.0532399 0.0561848 0.0578958 0.0583824 0.0577866 0.0563554 0.0543912 0.0521901 0.0499664 0.0477636 0.0453869 0.0424262 0.0384214 0.0331299 0.0267505 0.019937
 0.00784952 0.0121925 0.0173308 0.0229442 0.0288016 0.0347744 0.0407183 0.0463748 0.0513951 0.0554375 0.0582479 0.0596992 0.0598097 0.0587403 0.056759 0.054184 0.0513233 0.0484119 0.0455413 0.0426001 0.0392797 0.0351999 0.0301366 0.0242301 0.0180183
