SBPRF35
7.78865
Curr Bio
549010
B35
651447
F35
0.21146
FOFL
0.172285
OFL
72908.9
Bzero
2.22533e+006
#pred survey bio
 3.80757e+006 3.40004e+006 3.0416e+006 2.71432e+006 2.40038e+006 2.09968e+006 1.80752e+006 1.5808e+006 1.38819e+006 1.20445e+006 1.06964e+006 967375 869747 797587 758539 718147 686234 665949 649580 632836 614233 604822 614834 620479 625831 616025 605211 597501 590261 589564 573482 555440 543637 538207 550362 546484 555678 558543 561445 572858 570469 575225 581253 582784 595484 597718 594764 570037 569061 574710 593129 576018 550066 554159 570025 572824 560756 553615 1.89337e+007 1.11988e+007 1.13296e+007 1.19736e+007 1.28967e+007 1.38693e+007 1.47536e+007 1.54909e+007 1.60723e+007 1.65141e+007 1.68417e+007 1.70809e+007 1.7254e+007 1.73786e+007 1.74684e+007 1.75332e+007 1.75801e+007 1.76143e+007 1.76394e+007 1.76578e+007 1.76715e+007 1.76818e+007 1.76894e+007 1.76952e+007 1.76996e+007 1.77029e+007 1.77054e+007 1.77074e+007 1.77088e+007 1.771e+007 1.77108e+007 1.77115e+007 1.7712e+007 1.77124e+007 1.77127e+007 1.7713e+007 1.77131e+007 1.77133e+007 1.77134e+007 1.77135e+007 1.77135e+007 1.77136e+007 1.77136e+007 1.77137e+007 1.77137e+007 1.77137e+007 1.77137e+007 1.77137e+007 1.77137e+007 1.77138e+007 1.77138e+007 1.77138e+007 1.77138e+007 1.77138e+007 1.77138e+007 1.77138e+007 1.77138e+007 1.77138e+007 1.77138e+007 1.77138e+007 1.77138e+007 1.77138e+007 1.77138e+007 1.77138e+007 1.77138e+007 1.77138e+007 1.77138e+007 1.77138e+007 1.77138e+007 1.77138e+007 1.77138e+007 1.77138e+007 1.77138e+007 1.77138e+007 1.77138e+007 1.77138e+007 1.77138e+007 1.77138e+007 1.77138e+007 1.77138e+007 1.77138e+007 1.77138e+007 1.77138e+007 1.77138e+007 1.77138e+007 1.77138e+007 1.77138e+007 1.77138e+007 1.77138e+007 1.77138e+007 1.77138e+007 1.77138e+007 1.77138e+007 1.77138e+007 1.77138e+007 1.77138e+007 1.77138e+007 1.77138e+007 1.77138e+007 1.77138e+007 0 0 0 0 0 0 0 0 0 0 0 0 0 0 0 0 0 0 0 0 0 0 0 0 0
#obs survey bio
 3.50034e+006 1.9856e+006 2.80854e+006 2.2867e+006 2.39676e+006 1.45097e+006 1.48346e+006 1.52226e+006 1.28904e+006 657332 882450 691523 620693 596074 914632 475018 469366 639866 524716 579714 514115 669209 363628 689434 733705 669720 469889 435083 515440 520122 639565 523600 426711 366895 693727 526684 668854 574755 722594 490581 534089 503054 550339 555936 512288 699196 497906 580086 495436 718173 552910 388962 476064 670016 877862 730063 515974 621725
#pred catch bio
 295185 275880 274878 291699 307619 324574 286040 270101 271116 234146 210190 207580 184389 153957 152331 142402 130103 123987 121175 119619 109577 92307.5 94820.5 92664.1 102372 100400 95902.9 94167.3 87322.9 97663.8 95545.7 89387.9 88131.8 79455 96220.5 85479.4 90046.1 88973.9 81721.3 93348.5 87212.6 86456.6 90513.9 82085.8 92069.8 96614.5 114269 94350.4 89670.3 79213.6 108100 113862 88325.9 78876.7 89100 99772.4 93222.5 93691.5 72908.9 86299.6 85987.5 89579.9 95957.5 102940 109254 114409 118350 121230 123265 124668 125616 126247 126663 126934 127110 127223 127295 127341 127370 127389 127401 127408 127413 127416 127418 127419 127420 127420 127420 127420 127421 127421 127421 127421 127421 127421 127421 127421 127421 127421 127421 127421 127421 127421 127421 127421 127421 127421 127421 127421 127421 127421 127421 127421 127421 127421 127421 127421 127421 127421 127421 127421 127421 127421 127421 127421 127421 127421 127421 127421 127421 127421 127421 127421 127421 127421 127421 127421 127421 127421 127421 127421 127421 127421 127421 127421 127421 127421 127421 127421 127421 127421 127421 127421 127421 127421 127421 127421 0 0 0 0 0 0 0 0 0 0 0 0 0 0 0 0 0 0 0 0 0 0 0 0 0
#obs catch bio
 245197 277200 275948 294088 311651 331964 292158 277810 279115 240468 216278 214976 190628 158252 155370 145974 133875 126662 123807 121793 111649 93814.4 96744.5 93562.9 102954 100979 96837.4 95249.3 88349.8 99158.1 96489 89952.8 88983.5 80312.4 97542.1 86254.8 90473.3 89184.8 81746.2 93863.7 87588.4 86796.1 90972.2 82080.1 92629.2 96901.6 115095 94834.4 90546.8 79168.4 108566 114874 88815.7 79077.5 89347.9 100213 93468.7 93714.8
#pred cpue bio
 3.74534e+006 3.34198e+006 2.98716e+006 2.66161e+006 2.34887e+006 2.04975e+006 1.75971e+006 1.53471e+006 1.34409e+006 1.16283e+006 1.02959e+006 928483 832587 762156 724462 685492 654490 635007 619593 603797 586031 577045 587026 593096 599064 590056 579709 572265 565310 564908 549877 532893 520807 513677 524157 520445 529982 533315 536350 547452 545099 549709 555600 557075 569250 571281 568397 544172 542845 548392 566789 550370 524764 528542 544391 547659 536109 529481 1.81385e+007 1.07415e+007 1.07679e+007 1.12852e+007 1.21627e+007 1.31243e+007 1.40065e+007 1.47434e+007 1.53247e+007 1.57665e+007 1.60941e+007 1.63333e+007 1.65064e+007 1.6631e+007 1.67208e+007 1.67856e+007 1.68325e+007 1.68667e+007 1.68917e+007 1.69102e+007 1.69239e+007 1.69341e+007 1.69418e+007 1.69476e+007 1.6952e+007 1.69553e+007 1.69578e+007 1.69597e+007 1.69612e+007 1.69624e+007 1.69632e+007 1.69639e+007 1.69644e+007 1.69648e+007 1.69651e+007 1.69654e+007 1.69655e+007 1.69657e+007 1.69658e+007 1.69659e+007 1.69659e+007 1.6966e+007 1.6966e+007 1.69661e+007 1.69661e+007 1.69661e+007 1.69661e+007 1.69661e+007 1.69661e+007 1.69661e+007 1.69661e+007 1.69661e+007 1.69662e+007 1.69662e+007 1.69662e+007 1.69662e+007 1.69662e+007 1.69662e+007 1.69662e+007 1.69662e+007 1.69662e+007 1.69662e+007 1.69662e+007 1.69662e+007 1.69662e+007 1.69662e+007 1.69662e+007 1.69662e+007 1.69662e+007 1.69662e+007 1.69662e+007 1.69662e+007 1.69662e+007 1.69662e+007 1.69662e+007 1.69662e+007 1.69662e+007 1.69662e+007 1.69662e+007 1.69662e+007 1.69662e+007 1.69662e+007 1.69662e+007 1.69662e+007 1.69662e+007 1.69662e+007 1.69662e+007 1.69662e+007 1.69662e+007 1.69662e+007 1.69662e+007 1.69662e+007 1.69662e+007 1.69662e+007 1.69662e+007 1.69662e+007 1.69662e+007 1.69662e+007 1.69662e+007 1.69662e+007 0 0 0 0 0 0 0 0 0 0 0 0 0 0 0 0 0 0 0 0 0 0 0 0 0
#obs cpue bio
 2.96402e+006 2.35962e+006 3.64424e+006 1.96292e+006 1.41005e+006 1.45e+006 1.52278e+006 735170 1.2978e+006 1.43951e+006 699423 705750 733559 667670 811532 504576 439179 720509 548118 654256 462685 324591 646921 903464 777160 461829 452625 606156 421775 553461 596430 598090 488008 414839 480693 450647 663404 592426 392015 525886 499902 603101 574222 672766 450400 534964 635479 409783 424736 668383 631202 582533 497982 464098 397497 412544 554003 611604
#pred surv len freq
 0.00567533 0.00916304 0.0136922 0.0192038 0.0255353 0.0323412 0.0390582 0.0450309 0.049753 0.0530365 0.0549946 0.0558994 0.0560489 0.0556946 0.0550141 0.0541045 0.0529934 0.0516544 0.0500041 0.0478721 0.04498 0.040999 0.0357227 0.0292833 0.0222455
 0.00601792 0.00963411 0.0142482 0.0197665 0.0260336 0.0327667 0.0394938 0.0456202 0.0506171 0.0541871 0.0562992 0.0571245 0.0569531 0.0561195 0.0549304 0.0536008 0.0522217 0.0507606 0.0490724 0.046909 0.0439448 0.0398622 0.0345145 0.0280986 0.0212037
 0.00651223 0.0104008 0.0153278 0.0211577 0.02768 0.0345484 0.0412365 0.0471367 0.0517765 0.0549714 0.0567984 0.0574608 0.0571865 0.0562049 0.0547536 0.05306 0.0512923 0.0495041 0.0475957 0.0453122 0.0422963 0.0382121 0.0329244 0.0266545 0.0199961
 0.00690238 0.0110365 0.0162859 0.0225074 0.0294636 0.0367522 0.0437602 0.0497829 0.0542784 0.0570572 0.0582677 0.0582391 0.0573264 0.0558324 0.0539898 0.0519688 0.0498842 0.0477806 0.0455924 0.0431105 0.0400083 0.0359612 0.0308343 0.0248387 0.0185389
 0.00725135 0.0115975 0.0171198 0.0236705 0.0310017 0.0386881 0.0460741 0.0523932 0.0570329 0.0597411 0.0606297 0.0600364 0.0583805 0.0560726 0.0534589 0.0507849 0.0481833 0.0456768 0.0431771 0.0404773 0.0372774 0.0332831 0.0283717 0.0227349 0.0168852
 0.00759725 0.0121519 0.0179399 0.0248055 0.0324857 0.0405292 0.0482407 0.0548081 0.0595798 0.0622772 0.0629956 0.062059 0.0598822 0.056895 0.0534982 0.0500204 0.0466791 0.0435575 0.0405949 0.0375943 0.0342661 0.0303306 0.025668 0.0204423 0.0151017
 0.00800163 0.0127931 0.018875 0.026077 0.0341154 0.0425076 0.0505149 0.0572768 0.0621051 0.0647085 0.0651907 0.0638945 0.0612501 0.0576969 0.0536463 0.0494511 0.0453749 0.0415644 0.0380256 0.0346183 0.0310934 0.0271928 0.0227916 0.0180117 0.0132226
 0.00824292 0.0131928 0.0194905 0.0269665 0.0353266 0.0440594 0.0523787 0.0593708 0.0643056 0.0668744 0.0671871 0.0656052 0.0625802 0.0585688 0.0539938 0.0492171 0.0445187 0.040079 0.0359598 0.0320902 0.028289 0.0243442 0.0201379 0.015751 0.0114698
 0.00851505 0.0136176 0.0200981 0.027777 0.0363513 0.0453014 0.0538281 0.0609957 0.0660458 0.0686417 0.0688735 0.0670974 0.0637753 0.0593844 0.0543691 0.0491081 0.0438936 0.0389235 0.0342931 0.029987 0.0258917 0.0218535 0.017778 0.0137173 0.00988265
 0.00899118 0.0143485 0.0211172 0.0290849 0.0379159 0.0470613 0.0556947 0.062859 0.0677906 0.070169 0.070115 0.0680149 0.0643488 0.0596006 0.0542159 0.0485734 0.042967 0.0376012 0.0325898 0.0279542 0.023635 0.0195338 0.0155857 0.011827 0.00840543
 0.00930816 0.0148603 0.0218792 0.0301418 0.0392879 0.0487249 0.0575669 0.0647988 0.0696271 0.0717439 0.0713184 0.0687974 0.0647125 0.0595776 0.0538461 0.0478892 0.0419875 0.0363362 0.0310529 0.0261815 0.0217027 0.0175631 0.0137267 0.0102217 0.00714763
 0.00941871 0.0150569 0.0222071 0.0306554 0.0400406 0.0497513 0.0588624 0.0663072 0.0712421 0.0733251 0.0727159 0.0698814 0.0653969 0.0598322 0.0536905 0.0473728 0.0411663 0.0352581 0.0297571 0.0247108 0.0201202 0.0159617 0.0122208 0.00892135 0.00612703
 0.00951109 0.0152154 0.0224617 0.0310414 0.0405941 0.0504994 0.0598124 0.0674376 0.0724996 0.0746268 0.0739572 0.0709477 0.0661822 0.0602584 0.0537227 0.0470219 0.0404785 0.0342976 0.0285913 0.0234058 0.0187461 0.0145996 0.0109601 0.0078443 0.00528706
 0.00954292 0.0152671 0.0225406 0.0311571 0.0407604 0.0507355 0.0601418 0.0678835 0.0730764 0.0753304 0.0747573 0.0717859 0.0669769 0.0609179 0.0541625 0.047182 0.0403351 0.0338646 0.0279129 0.0225461 0.0177808 0.0136108 0.0100298 0.00704271 0.00465872
 0.00962194 0.0153628 0.0226251 0.0311868 0.0406913 0.0505466 0.0598537 0.0675609 0.0728112 0.0752146 0.0748567 0.0721229 0.0675243 0.0616037 0.0548834 0.0478257 0.0408041 0.0340954 0.0278859 0.0222842 0.0173402 0.0130675 0.00946471 0.00652662 0.00423957
 0.00980369 0.0156409 0.0230088 0.0316671 0.041236 0.0510983 0.0603336 0.0678848 0.072918 0.0750959 0.0745674 0.0717635 0.0672034 0.0613985 0.0548176 0.0478679 0.0408858 0.0341372 0.027824 0.0220885 0.0170196 0.0126631 0.00903483 0.00612819 0.00391322
 0.0097433 0.015578 0.0229787 0.0317227 0.0414315 0.0514635 0.0608518 0.0684877 0.0735022 0.0755537 0.0748205 0.071787 0.0670319 0.0611111 0.0545066 0.0476045 0.0406972 0.0340059 0.0277051 0.0219361 0.0168087 0.0123981 0.00874428 0.00585019 0.00367971
 0.00967833 0.0154649 0.0227977 0.0314584 0.0410862 0.0510718 0.0604867 0.0682451 0.0734647 0.0757509 0.0752101 0.0722719 0.0675018 0.0614859 0.054759 0.0477541 0.0407851 0.0340656 0.0277468 0.021949 0.016776 0.0123137 0.00861945 0.00570902 0.003548
 0.00964717 0.0154116 0.0227118 0.031327 0.0408951 0.0508102 0.0601549 0.0678647 0.073085 0.0754439 0.0750513 0.07231 0.0677345 0.0618583 0.0551874 0.048161 0.041124 0.0343242 0.0279324 0.0220719 0.0168422 0.0123274 0.00858968 0.00565186 0.00348248
 0.00969826 0.0154805 0.0227889 0.0313938 0.0409279 0.0507867 0.0600603 0.0676948 0.0728475 0.07516 0.0747578 0.0720567 0.0675735 0.0618258 0.0552873 0.0483622 0.0413741 0.0345709 0.0281399 0.0222244 0.0169382 0.0123732 0.00859581 0.0056316 0.00345001
 0.0097972 0.0156302 0.0229927 0.0316451 0.0412092 0.0510701 0.060309 0.0678675 0.0729079 0.0750882 0.0745578 0.0717579 0.067225 0.0614849 0.0550061 0.0481737 0.0412839 0.0345594 0.0281737 0.0222704 0.0169737 0.0123883 0.00859068 0.00561248 0.00342503
 0.00977991 0.0156088 0.022973 0.0316365 0.0412221 0.0511113 0.0603774 0.0679528 0.0729919 0.0751491 0.074576 0.0717219 0.0671363 0.0613595 0.0548714 0.0480608 0.0412171 0.0345481 0.02821 0.022334 0.0170415 0.012443 0.00862472 0.0056269 0.00342588
 0.00949704 0.0151839 0.0223995 0.0309344 0.0404352 0.0503014 0.059618 0.0673219 0.0725597 0.0749618 0.0746437 0.0720165 0.0676016 0.0619283 0.0554816 0.0486664 0.0417907 0.035076 0.028684 0.0227462 0.017383 0.0127079 0.00881398 0.0057498 0.0034975
 0.00929153 0.0148578 0.0219252 0.0302954 0.0396342 0.0493699 0.0586237 0.0663656 0.0717561 0.0744112 0.0744076 0.0721075 0.0679872 0.0625432 0.056244 0.0494939 0.0426135 0.0358438 0.0293663 0.0233268 0.0178553 0.0130722 0.00907725 0.00592577 0.00360502
 0.00925926 0.014782 0.0217681 0.0300077 0.0391677 0.0486979 0.0577604 0.0653738 0.0707389 0.0734907 0.0737004 0.0717019 0.0679272 0.0628218 0.0568077 0.0502577 0.0434809 0.0367252 0.0301912 0.0240485 0.0184497 0.0135329 0.00941176 0.00615155 0.00374537
 0.00936142 0.0149389 0.0219847 0.0302762 0.0394619 0.0489685 0.0579365 0.0653762 0.0705064 0.0730095 0.0730195 0.0709252 0.0671843 0.0622316 0.0564492 0.050156 0.0436101 0.0370242 0.0305845 0.0244653 0.018836 0.0138559 0.00965846 0.00632408 0.0038556
 0.00942694 0.0150441 0.0221401 0.0304902 0.039737 0.0492966 0.0582929 0.0657154 0.0707648 0.0731176 0.0729219 0.0706033 0.066671 0.0616089 0.0558269 0.049639 0.0432687 0.036879 0.0306105 0.0246091 0.0190365 0.0140615 0.00983537 0.00645753 0.0039453
 0.00942412 0.0150438 0.0221481 0.0305151 0.0397896 0.0493872 0.0584277 0.065893 0.0709724 0.0733282 0.0730946 0.0706902 0.0666314 0.0614274 0.0555256 0.0492763 0.0429212 0.0366152 0.0304684 0.0245883 0.0191065 0.0141788 0.00996029 0.006564 0.00402267
 0.00931965 0.0148952 0.0219642 0.030318 0.0396099 0.0492547 0.058364 0.0659086 0.071067 0.0734922 0.0733087 0.0709242 0.0668463 0.0615826 0.0555912 0.0492456 0.0428167 0.0364818 0.0303556 0.024531 0.0191137 0.0142361 0.0100415 0.00664447 0.00408714
 0.00897634 0.014388 0.0212964 0.0295289 0.0387671 0.0484393 0.0576577 0.0653838 0.0707785 0.0734669 0.0735391 0.0713701 0.0674436 0.0622558 0.0562659 0.0498604 0.0433333 0.0368906 0.0306719 0.0247826 0.0193259 0.014422 0.0102015 0.00677321 0.00418119
 0.00896033 0.0143316 0.0211576 0.0292552 0.0383158 0.047806 0.0568961 0.0646018 0.0701056 0.0730113 0.0733571 0.0714602 0.0677609 0.0627324 0.0568278 0.0504388 0.0438729 0.0373552 0.0310476 0.0250751 0.0195519 0.0145987 0.0103408 0.00688037 0.00425873
 0.00986546 0.0156073 0.022713 0.0308785 0.0397271 0.0487489 0.057217 0.064282 0.0692461 0.0717928 0.0719928 0.0701503 0.0666532 0.0619014 0.0562768 0.0501212 0.0437199 0.0372994 0.0310373 0.0250795 0.0195588 0.0146072 0.0103527 0.00689591 0.00427538
 0.0107757 0.017019 0.0247007 0.0334386 0.0427491 0.0519896 0.0602981 0.0667444 0.0706724 0.0719507 0.0709179 0.0681195 0.0640721 0.059172 0.0537058 0.0478862 0.0418835 0.0358457 0.0299127 0.0242231 0.018918 0.0141414 0.0100295 0.00668558 0.00414911
 0.0106353 0.0169352 0.0248397 0.0340393 0.0440541 0.0541351 0.0632151 0.0701273 0.0740376 0.0747595 0.0727168 0.0686531 0.0633394 0.0574071 0.0512898 0.045228 0.0393178 0.0335841 0.0280463 0.0227573 0.017813 0.013341 0.00947575 0.00632361 0.00392834
 0.00999814 0.0159892 0.0235927 0.032583 0.0425711 0.05289 0.0625216 0.0702794 0.0752033 0.0768781 0.075465 0.071522 0.0657943 0.059056 0.0519848 0.0450653 0.0385556 0.0325279 0.026954 0.0217928 0.0170474 0.0127801 0.00909147 0.00607669 0.00378015
 0.00977951 0.0156224 0.0230229 0.0317613 0.041478 0.051569 0.0611096 0.0690089 0.0743628 0.0767318 0.0761603 0.0730172 0.067843 0.0612668 0.0539409 0.046457 0.0392637 0.0326242 0.026632 0.0212734 0.0165071 0.0123221 0.00875241 0.00585086 0.00364299
 0.00965862 0.0154119 0.0226795 0.031234 0.040718 0.0505474 0.0598409 0.0675718 0.072908 0.0754724 0.0753375 0.072841 0.0684193 0.06254 0.0556879 0.0483469 0.040965 0.0339088 0.0274271 0.021644 0.0165912 0.0122612 0.00864908 0.00575888 0.00357949
 0.00973577 0.0155138 0.0227876 0.0313118 0.0407148 0.0504068 0.0595123 0.0670222 0.0721362 0.0745252 0.0743207 0.0719152 0.0677714 0.0623299 0.0559872 0.0490998 0.0419968 0.0349867 0.0283452 0.0222878 0.0169526 0.0124064 0.00866811 0.00572632 0.00353946
 0.00981529 0.0156356 0.0229559 0.0315221 0.0409504 0.0506364 0.0596879 0.0670842 0.0720257 0.0742024 0.0737837 0.0712124 0.067003 0.0616336 0.0555057 0.0489348 0.0421686 0.0354213 0.0289032 0.0228216 0.0173607 0.0126568 0.00878517 0.00575935 0.003534
 0.0097543 0.0155474 0.0228436 0.0313963 0.0408265 0.05053 0.0596097 0.0670352 0.0719945 0.0741645 0.0737065 0.0710671 0.0667802 0.0613575 0.0552367 0.0487548 0.0421496 0.0355927 0.0292339 0.0232322 0.0177584 0.0129731 0.0089949 0.00587482 0.00358551
 0.00977293 0.0155812 0.0229007 0.0314862 0.0409571 0.0507037 0.0598193 0.0672625 0.072212 0.0743395 0.073806 0.0710622 0.0666526 0.0611075 0.0548904 0.048366 0.0417899 0.0353295 0.0291058 0.0232345 0.017849 0.0130955 0.00910359 0.00594827 0.00362407
 0.0097561 0.0155495 0.0228459 0.0313998 0.0408354 0.0505533 0.0596608 0.0671277 0.0721335 0.0743381 0.0738812 0.0711918 0.0667995 0.0612312 0.0549602 0.0483714 0.0417458 0.0352706 0.0290716 0.0232508 0.0179171 0.0131948 0.00920524 0.00603037 0.00367836
 0.00974629 0.0155321 0.0228166 0.0313531 0.0407649 0.0504534 0.0595298 0.066971 0.0719671 0.0741876 0.0737761 0.0711555 0.0668393 0.0613335 0.0550952 0.0485049 0.0418529 0.0353449 0.0291239 0.0233 0.0179773 0.0132677 0.00928151 0.00609736 0.00372785
 0.00989465 0.0157445 0.0230829 0.0316447 0.0410427 0.050679 0.0596758 0.0670243 0.0719267 0.0740625 0.0735847 0.0709247 0.066601 0.0611173 0.0549197 0.0483736 0.0417567 0.0352707 0.0290634 0.0232528 0.0179478 0.0132585 0.00928965 0.00611506 0.00374678
 0.00979371 0.0156107 0.0229364 0.0315205 0.040977 0.0506909 0.0597542 0.0671309 0.0720149 0.0740995 0.0735636 0.0708621 0.0665248 0.0610544 0.0548884 0.0483809 0.0417986 0.0353358 0.0291378 0.0233256 0.0180133 0.0133155 0.00933826 0.00615494 0.00377715
 0.00972521 0.0155109 0.0228089 0.0313793 0.0408466 0.0506035 0.0597428 0.0672185 0.0722013 0.0743535 0.0738289 0.0710771 0.0666473 0.0610754 0.0548294 0.0482787 0.0416889 0.0352423 0.0290704 0.0232837 0.0179917 0.0133082 0.0093401 0.00616175 0.00378551
 0.0098206 0.0156416 0.0229609 0.0315254 0.0409556 0.0506542 0.0597355 0.0671762 0.0721601 0.0743465 0.0738709 0.0711579 0.0667348 0.0611303 0.0548228 0.0482041 0.0415624 0.0350921 0.0289244 0.0231607 0.0178992 0.0132454 0.00930167 0.00614092 0.00377595
 0.0100863 0.0160595 0.0235611 0.0323194 0.0419264 0.0517452 0.0608453 0.0681707 0.0729054 0.07475 0.0739079 0.0708683 0.0661968 0.060429 0.0540299 0.0473739 0.0407374 0.03431 0.0282193 0.0225595 0.017417 0.0128829 0.00904734 0.00597512 0.00367611
 0.0098611 0.0157502 0.0232015 0.0319789 0.0416938 0.0517 0.0610311 0.0685811 0.0734856 0.07541 0.0745441 0.0713888 0.0665433 0.0605862 0.0540181 0.0472323 0.0405087 0.0340324 0.0279258 0.0222782 0.0171702 0.0126844 0.00890126 0.00587695 0.00361601
 0.00965651 0.0154202 0.0227135 0.0313148 0.0408653 0.0507676 0.0601126 0.0678353 0.0730666 0.075411 0.0749619 0.0721277 0.0674538 0.0615145 0.0548461 0.0478945 0.0409884 0.0343466 0.0281079 0.022366 0.0171983 0.0126808 0.00888556 0.00586068 0.00360396
 0.00964418 0.0153603 0.02255 0.0309717 0.0402677 0.0498755 0.0589536 0.0665185 0.0717682 0.0743364 0.0742941 0.0719785 0.0678327 0.0623281 0.0559304 0.0490668 0.0420956 0.0352919 0.0288526 0.0229146 0.0175797 0.0129324 0.00904364 0.00595524 0.0036577
 0.00993668 0.0158184 0.0232023 0.0318208 0.041275 0.0509464 0.0599342 0.0672194 0.0720211 0.0740605 0.0735373 0.0709065 0.0666707 0.0612851 0.0551398 0.0485637 0.0418338 0.0351847 0.0288148 0.0228887 0.0175412 0.0128809 0.00898882 0.00590725 0.00362195
 0.00998858 0.0159435 0.0234651 0.0323033 0.0420526 0.052049 0.0613097 0.0687215 0.0734316 0.0751412 0.0740929 0.0708404 0.0660149 0.0601911 0.0538286 0.0472554 0.0406871 0.0342712 0.0281312 0.0223911 0.0171785 0.0126141 0.00879438 0.00577084 0.00353235
 0.00969931 0.0155001 0.0228522 0.0315365 0.0411889 0.051193 0.06061 0.0683425 0.0735001 0.0756872 0.07502 0.0719494 0.0670723 0.0610093 0.0543214 0.0474466 0.0406745 0.0341707 0.0280298 0.0223282 0.0171546 0.0126123 0.0087983 0.00577244 0.00353054
 0.00952475 0.0152001 0.0223724 0.0308215 0.0402012 0.0499426 0.0591812 0.0669001 0.0722631 0.0748749 0.0747895 0.0723454 0.0680082 0.0622917 0.0557114 0.0487348 0.0417355 0.0349742 0.0286126 0.0227505 0.0174671 0.012845 0.0089662 0.00588568 0.00360032
 0.00957745 0.0152693 0.0224438 0.030865 0.040171 0.0497822 0.0588348 0.0663329 0.071486 0.0739649 0.0738887 0.0716291 0.0676299 0.0623268 0.0561296 0.0494147 0.0425149 0.0357098 0.0292188 0.0232044 0.0177874 0.0130642 0.00911345 0.00598157 0.00365935
 0.00940137 0.0150483 0.02223 0.0307421 0.0402248 0.0500561 0.0592945 0.0668644 0.0719321 0.074182 0.0737992 0.0712489 0.0670635 0.0617309 0.0556574 0.0491624 0.0424952 0.0358636 0.029455 0.0234423 0.0179805 0.0132004 0.00920087 0.00603435 0.00368978
 0.00881077 0.0141793 0.0210952 0.0294226 0.0388597 0.0488165 0.0583527 0.0663595 0.0719314 0.0746501 0.0745981 0.0721823 0.0679487 0.0624614 0.0562234 0.0496247 0.0429332 0.0363268 0.0299441 0.0239208 0.0184029 0.0135358 0.00944204 0.00619268 0.00378528
#obs surv len freq
 0.00496997 0.00814153 0.0123851 0.0177143 0.0240025 0.0308827 0.0377275 0.0438119 0.0485851 0.0518467 0.0537172 0.054484 0.0544683 0.0539679 0.0532431 0.0525064 0.0519017 0.0514626 0.0510501 0.0502945 0.0486138 0.0453774 0.0402083 0.0332758 0.0253618
 0.00517476 0.00847665 0.0128938 0.018439 0.0249774 0.0321221 0.0392125 0.0454843 0.0503536 0.053602 0.0553473 0.0558843 0.0555465 0.0546465 0.0534616 0.052226 0.0511104 0.0501825 0.0493426 0.0482633 0.046402 0.0431559 0.0381521 0.0315305 0.0240123
 0.00541153 0.00886298 0.0134779 0.0192666 0.0260834 0.033517 0.0408684 0.0473302 0.0522858 0.0555035 0.0571053 0.0573991 0.0567323 0.0554298 0.0537803 0.0520302 0.050368 0.0488891 0.0475357 0.046035 0.0439046 0.0405908 0.0357382 0.0294575 0.0223967
 0.00565604 0.00926312 0.014085 0.0201303 0.0272421 0.0349829 0.0426124 0.0492762 0.0543216 0.0575026 0.0589474 0.0589814 0.0579719 0.0562604 0.054147 0.051886 0.0496749 0.0476272 0.0457202 0.0437388 0.0412724 0.0378345 0.0331033 0.0271671 0.0205954
 0.00589168 0.00965212 0.0146815 0.0209885 0.0284059 0.0364689 0.044393 0.0512735 0.0564183 0.0595653 0.0608482 0.060611 0.0592439 0.0571097 0.0545248 0.0517536 0.0490002 0.0463887 0.0439234 0.0414406 0.0386037 0.0350031 0.0303635 0.0247605 0.0186865
 0.00615597 0.0100823 0.0153301 0.0219051 0.0296284 0.0380092 0.0462212 0.053312 0.0585504 0.0616562 0.0627663 0.0622423 0.0604983 0.0579219 0.0548508 0.051564 0.0482736 0.0451125 0.0421049 0.0391305 0.0359221 0.0321475 0.0275845 0.0223039 0.0167261
 0.00638676 0.0104639 0.0159163 0.0227497 0.0307743 0.0394712 0.0479692 0.0552658 0.0605927 0.0636562 0.0646009 0.063807 0.06171 0.0587169 0.0551831 0.0514016 0.0475956 0.0439088 0.0403849 0.0369428 0.0333768 0.0294275 0.0249255 0.0199414 0.0148311
 0.006627 0.0108551 0.0165062 0.0235838 0.0318875 0.040875 0.0496368 0.0571261 0.062538 0.0655609 0.0663422 0.0652789 0.0628302 0.059428 0.0554482 0.0511981 0.04691 0.0427364 0.0387379 0.0348677 0.0309757 0.026868 0.022424 0.0177161 0.0130422
 0.00684137 0.0112106 0.017054 0.024375 0.0329619 0.0422436 0.0512658 0.0589322 0.0644034 0.0673579 0.0679551 0.0666151 0.0638211 0.0600265 0.0556252 0.0509385 0.0462082 0.0415948 0.0371735 0.0329265 0.0287513 0.024511 0.0201282 0.0156766 0.0114027
 0.00705867 0.0115628 0.0175822 0.0251174 0.0339474 0.0434809 0.0527309 0.0605622 0.0661017 0.06901 0.069447 0.0678482 0.0647213 0.0605471 0.0557435 0.0506485 0.0455141 0.0405082 0.0357173 0.0311473 0.0267353 0.0223917 0.0180746 0.0138582 0.00994352
 0.00727316 0.0119165 0.0181231 0.0258915 0.0349872 0.0447887 0.0542637 0.0622295 0.0677825 0.0705793 0.0707987 0.0689044 0.0654312 0.0608827 0.0556953 0.0502215 0.0447236 0.0393766 0.0342765 0.0294474 0.0248569 0.0204528 0.0162202 0.0122311 0.00864592
 0.00743454 0.0121828 0.0185315 0.0264797 0.0357867 0.0458131 0.0554958 0.0636147 0.0692329 0.0719889 0.0720602 0.0699255 0.0661445 0.0612493 0.0557024 0.0498757 0.0440436 0.0383891 0.0330175 0.0279685 0.0232336 0.0187891 0.0146393 0.0108512 0.00755002
 0.00753145 0.0123422 0.0187753 0.0268307 0.0362658 0.0464341 0.056259 0.0645023 0.0702093 0.0730029 0.0730497 0.0708213 0.0668767 0.0617557 0.0559365 0.0498118 0.0436767 0.0377329 0.0321022 0.0268421 0.0219662 0.0174728 0.0133801 0.00974885 0.00667329
 0.00760858 0.0124592 0.0189365 0.0270362 0.0365141 0.0467261 0.0565995 0.0648993 0.0706695 0.0735272 0.0736279 0.071428 0.0674708 0.0622828 0.0563364 0.0500279 0.0436663 0.0374746 0.0315994 0.0261255 0.0210928 0.0165228 0.012446 0.00891733 0.00600526
 0.00765827 0.0125392 0.019055 0.0271991 0.0367227 0.0469744 0.0568732 0.0651795 0.0709407 0.0737851 0.0738815 0.0716932 0.0677577 0.0625848 0.0566251 0.0502575 0.043784 0.0374337 0.0313726 0.0257133 0.0205277 0.015865 0.011772 0.00830185 0.00550284
 0.00770664 0.0126086 0.0191424 0.0272969 0.0368216 0.0470683 0.0569623 0.0652688 0.0710369 0.0738926 0.0740025 0.0718296 0.0679136 0.0627634 0.0568224 0.0504558 0.0439495 0.0375232 0.0313457 0.0255471 0.0202271 0.015465 0.0113287 0.00787667 0.00514455
 0.00778282 0.0127276 0.0193118 0.0275183 0.0370885 0.0473636 0.057258 0.0655306 0.0712332 0.0740062 0.0740353 0.0718001 0.067848 0.0626874 0.0567548 0.0504046 0.043909 0.0374736 0.0312585 0.0253957 0.0199999 0.0151729 0.0110038 0.00756098 0.00487495
 0.00781398 0.0127777 0.0193863 0.0276217 0.0372234 0.0475289 0.0574469 0.0657289 0.0714212 0.0741619 0.0741408 0.0718468 0.0678393 0.0626375 0.0566836 0.0503301 0.0438408 0.0374097 0.0311856 0.0252956 0.0198584 0.0149892 0.0107931 0.00734949 0.00468909
 0.00784079 0.0128163 0.0194353 0.0276771 0.0372807 0.0475854 0.0575035 0.0657898 0.0714905 0.0742405 0.0742238 0.0719241 0.0678991 0.062671 0.0566886 0.0503115 0.0438071 0.0373673 0.0311347 0.02523 0.0197701 0.0148752 0.0106601 0.00721231 0.00456522
 0.00787724 0.01287 0.0195056 0.0277593 0.0373667 0.0476656 0.0575687 0.0658335 0.071511 0.0742423 0.0742161 0.0719169 0.0678984 0.0626761 0.0566938 0.0503097 0.043794 0.0373418 0.0310973 0.0251802 0.0197063 0.0147967 0.0105706 0.00712044 0.00448164
 0.0078776 0.0128692 0.0195016 0.0277494 0.0373477 0.0476353 0.0575266 0.0657816 0.0714544 0.0741883 0.0741739 0.0718958 0.0679056 0.062714 0.0567582 0.0503908 0.0438789 0.0374183 0.0311564 0.0252166 0.019718 0.014785 0.0105401 0.00707886 0.00443806
 0.00790728 0.012911 0.0195526 0.0278026 0.0373938 0.0476652 0.0575344 0.0657654 0.071416 0.0741325 0.074108 0.0718289 0.0678477 0.0626739 0.0567419 0.050399 0.0439071 0.0374577 0.0311964 0.0252479 0.0197345 0.0147849 0.0105255 0.00705492 0.00441122
 0.00790246 0.0129073 0.0195543 0.0278152 0.0374216 0.0477075 0.0575834 0.0658078 0.0714378 0.0741255 0.0740726 0.0717735 0.0677848 0.0626162 0.0566992 0.050377 0.0439068 0.0374754 0.0312248 0.0252781 0.0197586 0.0147979 0.0105267 0.00704692 0.00439841
 0.00788367 0.0128718 0.0194924 0.0277167 0.0372802 0.0475273 0.0573824 0.065615 0.071284 0.0740316 0.0740439 0.0718014 0.0678542 0.0627129 0.056813 0.0505018 0.0440381 0.0376083 0.0313532 0.0253946 0.0198563 0.0148723 0.0105769 0.00707601 0.00441192
 0.0078759 0.0128565 0.019464 0.0276677 0.037202 0.0474126 0.0572285 0.0654277 0.0710794 0.0738355 0.0738857 0.071706 0.0678336 0.0627638 0.0569206 0.0506465 0.0442015 0.037776 0.0315144 0.0255409 0.0199809 0.0149709 0.0106483 0.0071225 0.00443869
 0.007842 0.0128014 0.0193814 0.0275519 0.0370495 0.0472239 0.05701 0.0651924 0.0708449 0.0736217 0.0737124 0.0715918 0.0677934 0.0628053 0.0570409 0.0508315 0.0444292 0.038022 0.0317565 0.0257621 0.02017 0.0151217 0.0107599 0.00719841 0.00448564
 0.00785346 0.0128133 0.0193869 0.0275402 0.0370085 0.0471444 0.0568896 0.0650363 0.070665 0.0734333 0.0735323 0.071436 0.0676774 0.0627422 0.0570397 0.0508944 0.0445496 0.0381848 0.0319416 0.0259485 0.0203402 0.015264 0.0108689 0.0072749 0.00453446
 0.00782674 0.0127738 0.0193344 0.0274762 0.0369345 0.04706 0.0567918 0.0649214 0.070532 0.0732873 0.073385 0.0713036 0.0675762 0.0626856 0.057036 0.0509464 0.0446544 0.0383333 0.032119 0.0261361 0.0205192 0.0154193 0.0109918 0.00736344 0.00459241
 0.00780945 0.0127431 0.0192838 0.0273991 0.0368266 0.0469231 0.0566355 0.0647615 0.0703853 0.0731653 0.0732915 0.0712373 0.0675353 0.0626714 0.0570531 0.0509999 0.0447468 0.0384621 0.0322756 0.0263072 0.0206885 0.0155716 0.0111164 0.0074559 0.00465452
 0.00779499 0.0127178 0.0192421 0.0273346 0.0367333 0.0467973 0.0564788 0.0645826 0.0701998 0.0729928 0.0731512 0.0711431 0.0674928 0.0626783 0.0571026 0.051085 0.0448618 0.0386025 0.0324354 0.026477 0.0208561 0.0157241 0.0112433 0.007552 0.00472042
 0.00772368 0.0126072 0.019086 0.0271308 0.0364849 0.0465129 0.0561734 0.0642774 0.0699199 0.0727632 0.0729926 0.071069 0.0675079 0.0627783 0.0572749 0.0513114 0.0451226 0.0388796 0.0327137 0.0267435 0.0210991 0.0159334 0.0114117 0.00767716 0.00480553
 0.00929276 0.0147957 0.0217106 0.0297987 0.0387086 0.0478933 0.0565444 0.0637315 0.0687196 0.0712127 0.0713436 0.0694877 0.0660852 0.0615539 0.0562581 0.0504937 0.0444856 0.0383997 0.032366 0.0265041 0.0209452 0.0158435 0.011366 0.0076587 0.00480122
 0.00930258 0.0151004 0.0226769 0.0318779 0.0422373 0.0528261 0.0622856 0.0692336 0.0728562 0.0732247 0.0710919 0.0673894 0.062834 0.0578258 0.0525454 0.0470802 0.0414985 0.0358751 0.0302946 0.024856 0.0196802 0.0149138 0.0107178 0.00723388 0.00454199
 0.00896053 0.0145663 0.0219357 0.0309859 0.0413734 0.0523241 0.062591 0.0707425 0.075673 0.0769855 0.0750135 0.0705667 0.0646176 0.0580476 0.0514816 0.0452326 0.0393615 0.0338025 0.0284799 0.0233726 0.0185315 0.0140688 0.0101294 0.00684893 0.00430744
 0.00878812 0.0142732 0.0214718 0.0303011 0.0404376 0.0511625 0.0613274 0.0696242 0.0750463 0.077197 0.0762532 0.0727266 0.0672658 0.0605706 0.0533321 0.0461371 0.0393712 0.033189 0.027572 0.0224338 0.0177164 0.0134372 0.00968133 0.00655514 0.00412926
 0.00872262 0.014161 0.0212914 0.0300255 0.040037 0.0506106 0.060614 0.0687744 0.0741421 0.0763925 0.0757631 0.0727698 0.067968 0.0618717 0.0549663 0.0477217 0.0405637 0.0338192 0.027673 0.0221747 0.0172979 0.0130142 0.00933673 0.00631224 0.00397669
 0.00867378 0.0140856 0.0211847 0.0298842 0.0398568 0.0503841 0.0603301 0.0684202 0.0737109 0.075897 0.0752525 0.0723403 0.0677519 0.0619937 0.0554784 0.0485527 0.0415268 0.0346848 0.0282675 0.0224429 0.0172975 0.0128594 0.00913671 0.0061363 0.00385131
 0.00869149 0.0141054 0.0211981 0.0298779 0.0398167 0.0503004 0.0602008 0.0682499 0.0735054 0.0756585 0.0749819 0.0720478 0.0674717 0.0617895 0.0554287 0.0487142 0.041895 0.0351797 0.0287624 0.0228218 0.0175035 0.0129063 0.00908242 0.00604464 0.00376603
 0.00866428 0.0140687 0.0211561 0.0298379 0.0397849 0.0502772 0.0601776 0.0682118 0.0734379 0.075554 0.0748425 0.0718831 0.0672967 0.0616266 0.0553105 0.0486808 0.041978 0.0353808 0.029042 0.0231111 0.0177354 0.0130448 0.00913143 0.00603448 0.00373153
 0.00865685 0.0140544 0.0211309 0.029798 0.039729 0.0502091 0.0601071 0.0681513 0.0733959 0.0755296 0.0748247 0.0718566 0.0672504 0.06156 0.0552363 0.0486224 0.0419628 0.0354293 0.0291555 0.0232669 0.0178952 0.0131724 0.00920879 0.00606487 0.00373153
 0.00864732 0.0140392 0.0211086 0.0297669 0.0396876 0.0501562 0.0600428 0.0680786 0.0733216 0.0754634 0.0747756 0.071829 0.0672411 0.0615603 0.055238 0.0486239 0.0419717 0.0354586 0.0292153 0.0233562 0.018 0.0132716 0.00928457 0.0061105 0.00375131
 0.00864348 0.0140322 0.0210968 0.0297483 0.0396605 0.0501197 0.0599976 0.068027 0.0732669 0.0754095 0.074727 0.0717902 0.0672161 0.0615507 0.055242 0.048638 0.0419934 0.0354888 0.0292575 0.0234127 0.0180673 0.0133406 0.0093442 0.00615332 0.00377625
 0.00864061 0.0140288 0.0210937 0.029747 0.0396619 0.0501235 0.0600016 0.0680273 0.0732595 0.0753921 0.0746995 0.0717555 0.0671787 0.0615158 0.0552143 0.0486201 0.0419864 0.035493 0.029273 0.0234393 0.0181031 0.013381 0.00938279 0.00618443 0.00379721
 0.00864065 0.0140288 0.0210938 0.0297474 0.039663 0.0501261 0.0600065 0.0680349 0.0732687 0.0754003 0.074703 0.0717508 0.0671641 0.0614927 0.0551863 0.0485922 0.0419634 0.0354783 0.0292686 0.0234454 0.0181185 0.0134024 0.00940598 0.00620515 0.00381277
 0.00863953 0.0140281 0.0210947 0.0297515 0.039672 0.0501407 0.0600258 0.0680567 0.0732902 0.0754185 0.0747157 0.0717561 0.0671606 0.0614797 0.0551645 0.0485642 0.0419332 0.0354506 0.0292475 0.0234333 0.0181157 0.0134074 0.00941564 0.00621608 0.00382228
 0.00862426 0.014006 0.0210665 0.02972 0.0396413 0.0501152 0.0600094 0.0680519 0.0732978 0.0754373 0.0747423 0.0717862 0.0671897 0.0615039 0.0551812 0.0485725 0.041934 0.0354465 0.0292418 0.0234292 0.0181154 0.0134112 0.00942255 0.0062241 0.00382956
 0.00862426 0.014006 0.0210665 0.02972 0.0396413 0.0501152 0.0600094 0.0680519 0.0732978 0.0754373 0.0747423 0.0717862 0.0671897 0.0615039 0.0551812 0.0485725 0.041934 0.0354465 0.0292418 0.0234292 0.0181154 0.0134112 0.00942255 0.0062241 0.00382956
 0.00880257 0.0142827 0.0214574 0.0302282 0.0402539 0.0507997 0.0607117 0.0686998 0.073814 0.0757583 0.0748343 0.0716504 0.0668578 0.0610269 0.0546172 0.0479767 0.0413519 0.0349113 0.0287749 0.0230419 0.0178104 0.0131844 0.00926434 0.00612136 0.00376789
 0.0087634 0.0142437 0.0214441 0.030279 0.0404088 0.051084 0.0611207 0.0691957 0.0743353 0.0762364 0.0752089 0.0718791 0.0669207 0.0609275 0.0543797 0.0476396 0.0409601 0.0345077 0.0283945 0.022709 0.0175382 0.0129764 0.00911611 0.00602343 0.00370825
 0.00865679 0.0140653 0.0211689 0.0298879 0.0399023 0.0504974 0.0605327 0.0687161 0.0740711 0.0762512 0.0754983 0.0723761 0.0675236 0.0615333 0.0549093 0.0480486 0.0412377 0.0346682 0.0284663 0.0227235 0.0175228 0.0129506 0.00909135 0.00600463 0.00369612
 0.00852878 0.0138516 0.0208372 0.0294064 0.0392481 0.0496715 0.0595756 0.0677146 0.0731501 0.075549 0.0751328 0.0724112 0.0679495 0.0622691 0.0558277 0.0490131 0.0421363 0.0354313 0.0290674 0.0231687 0.017836 0.0131614 0.00922765 0.00608902 0.00374583
 0.00881629 0.0142917 0.0214462 0.0301735 0.0401304 0.05059 0.0604163 0.0683441 0.0734485 0.0754517 0.0746595 0.0716642 0.0670802 0.0614286 0.0551233 0.0484875 0.0417741 0.0351848 0.0288859 0.0230174 0.0177007 0.0130423 0.00912987 0.0060161 0.00369685
 0.00890481 0.0144653 0.0217605 0.0306931 0.0409063 0.0516265 0.0616436 0.0696164 0.0745758 0.0762513 0.075005 0.0715154 0.0664881 0.0605175 0.0540552 0.0474181 0.0408165 0.0343941 0.0282661 0.0225438 0.017342 0.0127732 0.00893334 0.00587958 0.00360851
 0.00868441 0.0141226 0.0212778 0.0300754 0.0401925 0.0508991 0.0610275 0.0692543 0.0745793 0.076649 0.0757193 0.0723864 0.0673323 0.0611911 0.0544918 0.0476312 0.0408716 0.03437 0.0282237 0.0225134 0.0173282 0.0127689 0.00893093 0.00587574 0.00360354
 0.0085916 0.013949 0.0209759 0.0295911 0.0394833 0.0499622 0.059925 0.0681188 0.0735905 0.0759871 0.0755123 0.0726697 0.0680364 0.0621633 0.055547 0.0486095 0.041678 0.0349806 0.0286644 0.0228281 0.0175554 0.0129331 0.00904618 0.00595166 0.00364942
 0.00870247 0.0141155 0.0211982 0.0298534 0.0397493 0.0501738 0.0600078 0.0680012 0.073234 0.0754168 0.0748261 0.072014 0.0675557 0.0619476 0.0556025 0.0488664 0.0420284 0.035325 0.028942 0.0230222 0.0176783 0.0130071 0.00909013 0.00597768 0.00366433
 0.00883868 0.0143453 0.0215576 0.0303757 0.0404508 0.0510334 0.0609507 0.0688996 0.0739329 0.0757779 0.0747716 0.0715541 0.0667888 0.0610304 0.0547004 0.0481034 0.0414581 0.0349347 0.0286821 0.0228398 0.0175385 0.012895 0.00900279 0.00591464 0.003623
 0.00885057 0.0143775 0.0216309 0.0305196 0.040699 0.0514142 0.0614746 0.0695473 0.0746483 0.076469 0.075325 0.071862 0.0667834 0.0607109 0.0541372 0.0474144 0.0407677 0.0343347 0.0282133 0.0224989 0.017299 0.0127279 0.00888656 0.00583579 0.00357237
#pred catch len freq
 0.00537753 0.00846807 0.0122679 0.0166419 0.0214894 0.0267277 0.0322119 0.0376955 0.0428789 0.0474918 0.0513408 0.0543222 0.0564207 0.0576956 0.0582477 0.0581816 0.0575805 0.056491 0.0548957 0.0526669 0.0495404 0.0451809 0.039377 0.0322829 0.0245255
 0.00573821 0.00897164 0.012878 0.017287 0.0221017 0.0272941 0.0328004 0.0384275 0.0438551 0.0487123 0.0526745 0.0555449 0.0573009 0.0580807 0.0581111 0.0576142 0.0567391 0.0555263 0.0538936 0.0516308 0.0484235 0.0439497 0.0380639 0.0309921 0.0233886
 0.00625934 0.00976423 0.013965 0.0186435 0.0236512 0.0289151 0.0343446 0.0397567 0.0448916 0.0494738 0.0532552 0.056042 0.0577339 0.0583637 0.0580997 0.0571919 0.0558803 0.0543011 0.0524203 0.0500184 0.0467446 0.0422557 0.0364186 0.0294871 0.0221225
 0.00671336 0.0104793 0.0149984 0.0200333 0.0254094 0.0310147 0.0367004 0.0422123 0.0472307 0.051464 0.0547126 0.0568856 0.0579957 0.0581439 0.0574934 0.05624 0.0545763 0.0526383 0.0504352 0.0477996 0.0444136 0.039945 0.0342601 0.027602 0.0206027
 0.00714756 0.0111557 0.0159641 0.021319 0.027033 0.0329831 0.0389993 0.0447864 0.0499625 0.0541657 0.0571408 0.0587862 0.0591666 0.0584894 0.0570377 0.0550912 0.0528666 0.0504819 0.0479262 0.0450379 0.0415299 0.0371034 0.0316378 0.0253555 0.0188327
 0.00760276 0.0118618 0.0169649 0.0226367 0.0286712 0.03493 0.0412255 0.0472379 0.0525555 0.0567835 0.0596323 0.0609664 0.0608309 0.059447 0.0571569 0.0543345 0.0512944 0.0482252 0.04515 0.0419201 0.0382607 0.0338892 0.0286887 0.0228514 0.0168826
 0.00806385 0.0125756 0.0179737 0.0239598 0.0303077 0.0368617 0.0434144 0.0496195 0.0550362 0.0592469 0.0619482 0.0629985 0.0624405 0.0604963 0.0575194 0.0539155 0.0500574 0.0462113 0.0424797 0.0387797 0.0348823 0.030529 0.0255969 0.0202321 0.0148537
 0.008381 0.0130787 0.0187086 0.0249632 0.0316042 0.0384578 0.0452882 0.0517135 0.0572584 0.0614812 0.0640681 0.0648783 0.0639631 0.0615562 0.0580223 0.0537801 0.0492257 0.0446679 0.0402751 0.0360448 0.0318252 0.0274093 0.0226824 0.0177444 0.0129226
 0.00877119 0.0136727 0.0195292 0.02601 0.0328617 0.0399069 0.0469094 0.0534786 0.0591186 0.0633593 0.0658616 0.0664721 0.0652462 0.0624345 0.0584228 0.0536471 0.0485181 0.0433658 0.0383982 0.0336762 0.0291249 0.0246036 0.0200238 0.0154533 0.0111344
 0.0093046 0.0144785 0.020628 0.0273812 0.0344525 0.0416472 0.0487228 0.0552858 0.0608411 0.0649249 0.067209 0.0675499 0.0660085 0.0628387 0.0584307 0.0532272 0.0476474 0.0420338 0.0366187 0.0315068 0.026685 0.0220749 0.0176215 0.0133748 0.00950652
 0.00967981 0.0150663 0.0214706 0.028502 0.0358502 0.04329 0.0505398 0.057167 0.0626518 0.0665323 0.0685081 0.0684769 0.06654 0.0629797 0.0581988 0.0526391 0.0467124 0.040757 0.0350136 0.0296145 0.0245929 0.0199216 0.0155779 0.0116031 0.00811457
 0.00988761 0.0154017 0.021972 0.0292058 0.0367874 0.0444772 0.0519659 0.0587809 0.0643577 0.0681979 0.0699849 0.0696291 0.0672719 0.0632519 0.0580249 0.0520662 0.0457971 0.0395496 0.0335567 0.0279562 0.0228052 0.0181103 0.0138733 0.0101304 0.00695828
 0.00999702 0.0155819 0.0222487 0.0296079 0.037345 0.0452172 0.0529038 0.0599103 0.065642 0.0695659 0.0713323 0.0708304 0.0682017 0.0638105 0.0581586 0.0517739 0.0451209 0.0385551 0.0323167 0.0265445 0.0213016 0.0166078 0.0124749 0.00893105 0.00602041
 0.00997124 0.0155478 0.0222132 0.0295862 0.037362 0.0453071 0.0531076 0.0602696 0.066188 0.0703053 0.0722366 0.0718317 0.0691997 0.0646883 0.0588055 0.0521079 0.0451036 0.0381946 0.031659 0.0256611 0.020279 0.0155411 0.0114593 0.00804905 0.00532527
 0.0100838 0.0156953 0.0223703 0.0297089 0.0374024 0.0452362 0.0529343 0.0600451 0.0659931 0.0702275 0.0723457 0.0721602 0.0697314 0.065358 0.0595105 0.0527309 0.0455393 0.0383733 0.0315585 0.0253063 0.0197324 0.0148877 0.01079 0.00744304 0.00483569
 0.0102759 0.0159843 0.02276 0.0301823 0.0379205 0.0457398 0.0533513 0.060305 0.0660504 0.070085 0.0720618 0.0718329 0.0694634 0.0652203 0.0595203 0.0528495 0.0456893 0.0384663 0.0315238 0.0251112 0.0193883 0.0144425 0.0103111 0.00699634 0.0044684
 0.0101854 0.015874 0.0226618 0.0301483 0.0380077 0.0459862 0.0537538 0.0608121 0.0665739 0.0705252 0.0723393 0.0719142 0.0693722 0.0650268 0.0593108 0.0526902 0.0456021 0.0384262 0.0314784 0.025009 0.0192024 0.0141804 0.0100079 0.00669799 0.00421376
