SBPRF35
7.78865
Curr Bio
646066
B35
680464
F35
0.228324
FOFL
0.217501
OFL
106167
Bzero
2.22533e+006
#pred survey bio
 4.55005e+006 4.25536e+006 3.9861e+006 3.6813e+006 3.36061e+006 3.05193e+006 2.72826e+006 2.46954e+006 2.19391e+006 1.96363e+006 1.75311e+006 1.53283e+006 1.35374e+006 1.19862e+006 1.04747e+006 937678 837464 773800 718637 676686 646244 613462 596509 580006 570565 570965 562405 559342 567785 568580 574645 571846 559764 565351 556139 544900 531452 532295 531515 522818 524611 530108 539549 539113 540686 534140 537474 540547 538599 540137 539823 544637 526230 555356 552341 582567 612637 622343 625307 629425 638715 646153 2.27418e+007 1.38101e+007 1.40745e+007 1.45312e+007 1.50768e+007 1.56084e+007 1.60719e+007 1.64496e+007 1.67442e+007 1.69677e+007 1.71344e+007 1.72573e+007 1.73477e+007 1.74141e+007 1.74629e+007 1.7499e+007 1.75259e+007 1.75459e+007 1.75609e+007 1.75722e+007 1.75808e+007 1.75873e+007 1.75923e+007 1.75961e+007 1.7599e+007 1.76012e+007 1.76029e+007 1.76042e+007 1.76053e+007 1.7606e+007 1.76066e+007 1.76071e+007 1.76075e+007 1.76078e+007 1.7608e+007 1.76081e+007 1.76083e+007 1.76084e+007 1.76084e+007 1.76085e+007 1.76086e+007 1.76086e+007 1.76086e+007 1.76086e+007 1.76087e+007 1.76087e+007 1.76087e+007 1.76087e+007 1.76087e+007 1.76087e+007 1.76087e+007 1.76087e+007 1.76087e+007 1.76087e+007 1.76087e+007 1.76087e+007 1.76087e+007 1.76087e+007 1.76087e+007 1.76087e+007 1.76087e+007 1.76087e+007 1.76087e+007 1.76087e+007 1.76087e+007 1.76087e+007 1.76087e+007 1.76087e+007 1.76087e+007 1.76087e+007 1.76087e+007 1.76087e+007 1.76087e+007 1.76087e+007 1.76087e+007 1.76087e+007 1.76087e+007 1.76087e+007 1.76087e+007 1.76087e+007 1.76087e+007 1.76087e+007 1.76087e+007 1.76087e+007 1.76087e+007 1.76087e+007 1.76087e+007 1.76087e+007 1.76087e+007 1.76087e+007 1.76087e+007 1.76087e+007 1.76087e+007 1.76087e+007 1.76087e+007 1.76087e+007 1.76087e+007 1.76087e+007 1.76087e+007 1.76087e+007 0 0 0 0 0 0 0 0 0 0 0 0 0 0 0 0 0 0 0 0 0 0 0 0 0
#obs survey bio
 3.83259e+006 4.26455e+006 2.21991e+006 3.02374e+006 3.39598e+006 3.49945e+006 2.37718e+006 2.41508e+006 1.48511e+006 1.40059e+006 1.56598e+006 1.52938e+006 1.46038e+006 832106 1.02082e+006 1.09707e+006 684216 654895 638041 642734 449822 453573 538642 654108 598566 795999 549641 369896 593576 533906 618910 524357 709347 481530 832192 780062 470497 835102 653748 466263 577969 539353 655646 473298 747287 595969 552645 571650 486274 546520 727732 389791 575232 434159 588654 422417 528802 629878 533192 943238 714794 812600
#pred catch bio
 106516 102939 162255 207184 228303 275103 247949 292229 276849 279648 303729 277901 263203 261799 225094 214065 178868 167754 152468 139221 138097 122188 119396 110593 100169 106111 100803 91791.7 98278.9 92584.3 97950.9 102655 85039.1 94811.8 92600.5 92758.5 83532.3 89141.3 97802.9 89542.5 86810.1 83900.5 92310.9 89997.5 95886.2 87209.3 88181.4 93027.5 90403 92225 88494.6 108671 70489.4 99844.2 73182.9 75706 94354.9 101220 102245 100626 105278 110446 106167 111590 112594 115008 118505 122062 125125 127534 129321 130593 131470 132062 132454 132710 132875 132981 133048 133090 133117 133134 133144 133151 133155 133157 133159 133160 133160 133161 133161 133161 133161 133161 133161 133161 133161 133161 133161 133161 133161 133161 133161 133161 133161 133161 133161 133161 133161 133161 133161 133161 133161 133161 133161 133161 133161 133161 133161 133161 133161 133161 133161 133161 133161 133161 133161 133161 133161 133161 133161 133161 133161 133161 133161 133161 133161 133161 133161 133161 133161 133161 133161 133161 133161 133161 133161 133161 133161 133161 133161 133161 133161 133161 133161 133161 133161 133161 133161 133161 133161 133161 0 0 0 0 0 0 0 0 0 0 0 0 0 0 0 0 0 0 0 0 0 0 0 0 0
#obs catch bio
 0 102616 163052 208522 229750 278061 250021 296747 281537 285049 311051 283582 269077 268945 229232 218565 181240 169815 154212 140406 140015 123532 121397 111703 100815 106376 101238 92579.4 99528.6 93235.2 98692.7 103266 85018.7 95322.4 92815.6 92483 83393.2 88659.2 97012.2 89089.3 86442.9 83357 91995.6 89666.4 95171.4 86459.1 87611.7 92799.6 90214.8 91951.5 87703.2 109140 69878.7 100652 73097.2 75732.7 94510.6 101314 102383 100724 105264 110481
#pred cpue bio
 4.46345e+006 4.17234e+006 3.90552e+006 3.60203e+006 3.28354e+006 2.97692e+006 2.65526e+006 2.39761e+006 2.12376e+006 1.89502e+006 1.68649e+006 1.46917e+006 1.29277e+006 1.14056e+006 992969 886098 789094 727821 674950 634876 605871 574478 558313 542910 534488 535420 527415 524224 532131 533202 539714 537790 526826 532807 524696 514739 501357 500349 498350 489792 491680 497207 506433 506089 507819 501720 504840 507543 505486 506920 506612 511088 492880 520452 517430 546636 575805 585104 587458 590688 598944 605442 2.13069e+007 1.29498e+007 1.31676e+007 1.35542e+007 1.40721e+007 1.4597e+007 1.50591e+007 1.54366e+007 1.57312e+007 1.59547e+007 1.61213e+007 1.62443e+007 1.63347e+007 1.6401e+007 1.64499e+007 1.6486e+007 1.65128e+007 1.65328e+007 1.65479e+007 1.65592e+007 1.65678e+007 1.65743e+007 1.65792e+007 1.6583e+007 1.65859e+007 1.65882e+007 1.65899e+007 1.65912e+007 1.65922e+007 1.6593e+007 1.65936e+007 1.65941e+007 1.65944e+007 1.65947e+007 1.65949e+007 1.65951e+007 1.65952e+007 1.65953e+007 1.65954e+007 1.65955e+007 1.65955e+007 1.65956e+007 1.65956e+007 1.65956e+007 1.65956e+007 1.65956e+007 1.65956e+007 1.65957e+007 1.65957e+007 1.65957e+007 1.65957e+007 1.65957e+007 1.65957e+007 1.65957e+007 1.65957e+007 1.65957e+007 1.65957e+007 1.65957e+007 1.65957e+007 1.65957e+007 1.65957e+007 1.65957e+007 1.65957e+007 1.65957e+007 1.65957e+007 1.65957e+007 1.65957e+007 1.65957e+007 1.65957e+007 1.65957e+007 1.65957e+007 1.65957e+007 1.65957e+007 1.65957e+007 1.65957e+007 1.65957e+007 1.65957e+007 1.65957e+007 1.65957e+007 1.65957e+007 1.65957e+007 1.65957e+007 1.65957e+007 1.65957e+007 1.65957e+007 1.65957e+007 1.65957e+007 1.65957e+007 1.65957e+007 1.65957e+007 1.65957e+007 1.65957e+007 1.65957e+007 1.65957e+007 1.65957e+007 1.65957e+007 1.65957e+007 1.65957e+007 1.65957e+007 1.65957e+007 0 0 0 0 0 0 0 0 0 0 0 0 0 0 0 0 0 0 0 0 0 0 0 0 0
#obs cpue bio
 3.89982e+006 3.57021e+006 3.02428e+006 3.45908e+006 2.65613e+006 2.60119e+006 2.01464e+006 2.01313e+006 1.86802e+006 1.99133e+006 1.55861e+006 1.31566e+006 842108 1.11008e+006 1.04843e+006 577361 957275 795428 640263 637558 591473 650619 378184 577954 491556 553828 424361 434012 399221 631484 479898 703649 452320 505968 392251 592076 459790 492005 580348 441732 471089 593313 398549 560596 601188 500865 471592 398754 529781 593997 549371 433275 601732 393617 517964 699699 751655 575238 639541 377549 591631 475967
#pred surv len freq
 0.00457124 0.00741379 0.0111485 0.0157677 0.021189 0.027184 0.0333393 0.0391413 0.044156 0.0481651 0.0511699 0.0533091 0.054772 0.0557393 0.0563433 0.056644 0.0566301 0.0562323 0.0553202 0.0536715 0.050954 0.0467956 0.0409828 0.0337052 0.0256548
 0.00493988 0.00792274 0.0117523 0.0163808 0.0217262 0.0276149 0.0337176 0.0395778 0.0447432 0.0488985 0.0519217 0.0538732 0.0549553 0.0554491 0.0556265 0.0556683 0.055618 0.055377 0.0547168 0.053294 0.050688 0.0465111 0.0406052 0.0332435 0.0251782
 0.00506548 0.00817625 0.0122183 0.0171508 0.0228562 0.029072 0.0353534 0.0411645 0.0460664 0.0498487 0.0525155 0.0541892 0.0550412 0.0552767 0.0551265 0.0548078 0.0544566 0.0540586 0.0534073 0.0521087 0.0496579 0.0456034 0.0397769 0.0324847 0.0245171
 0.00523039 0.00843102 0.0125824 0.0176479 0.0235257 0.029976 0.036561 0.0427086 0.0478899 0.0517795 0.054303 0.0555914 0.0559064 0.0555659 0.0548744 0.0540718 0.0533006 0.0525711 0.0517143 0.0503555 0.0479703 0.044063 0.0384255 0.0313458 0.0236083
 0.00547239 0.00881218 0.0131328 0.0183864 0.0244576 0.0310913 0.0378362 0.044114 0.0493986 0.0533647 0.0559141 0.0571247 0.0572006 0.0564383 0.0551801 0.0537461 0.052364 0.0511103 0.0498615 0.0482718 0.0458272 0.0420188 0.0366056 0.0298324 0.0224385
 0.00574977 0.00925203 0.0137742 0.0192589 0.0255762 0.0324493 0.0393962 0.0458055 0.0511281 0.0550373 0.0574532 0.0584751 0.0583125 0.0572433 0.0555809 0.0536344 0.0516596 0.049799 0.0480118 0.0460287 0.0433873 0.0395966 0.0343964 0.0279798 0.021014
 0.00607243 0.00976857 0.0145369 0.0203114 0.0269465 0.0341375 0.0413606 0.0479553 0.0533324 0.0571469 0.0593267 0.0600005 0.0594166 0.0578874 0.0557427 0.0532868 0.0507656 0.04833 0.0459843 0.0435355 0.0406057 0.0367636 0.0317599 0.0257411 0.0192852
 0.00631799 0.0101654 0.0151306 0.0211451 0.0280557 0.0355406 0.0430456 0.0498706 0.0553866 0.0592185 0.0612794 0.0616989 0.0607432 0.058755 0.0560978 0.053102 0.0500264 0.0470302 0.0441399 0.0412137 0.03795 0.0339914 0.0291233 0.0234646 0.0175076
 0.00661081 0.0106369 0.0158323 0.0221236 0.0293456 0.0371533 0.0449556 0.0520069 0.057638 0.0614489 0.0633457 0.0634655 0.062093 0.0595979 0.0563753 0.0527861 0.0491135 0.045536 0.0421027 0.038712 0.0351243 0.0310512 0.0263193 0.0210301 0.0155957
 0.00682778 0.0109924 0.0163733 0.0228975 0.0303938 0.0384995 0.0465909 0.0538814 0.0596627 0.0635075 0.0653086 0.0652037 0.0634887 0.0605529 0.0568161 0.0526656 0.0484102 0.0442542 0.0402775 0.0364217 0.0325054 0.0283022 0.0236775 0.0187198 0.0137691
 0.0070303 0.0113219 0.0168705 0.0236028 0.0313427 0.0397132 0.0480649 0.0555763 0.0615038 0.0653927 0.0671205 0.0668221 0.0648025 0.0614693 0.0572648 0.0525996 0.0478043 0.0431063 0.0386154 0.034316 0.0300832 0.025749 0.021215 0.0165587 0.0120541
 0.00730851 0.0117697 0.0175362 0.0245291 0.0325597 0.0412266 0.0498426 0.0575414 0.0635419 0.0673693 0.068902 0.0682913 0.0658685 0.0620712 0.0573706 0.0521995 0.0469049 0.041727 0.0367945 0.0321242 0.0276386 0.0232213 0.0188061 0.0144598 0.0103955
 0.00749771 0.0120827 0.0180181 0.0252265 0.0335131 0.0424576 0.0513379 0.059245 0.065358 0.0691768 0.0705715 0.0697021 0.0669211 0.062696 0.0575302 0.0518845 0.0461265 0.040512 0.0351865 0.0301924 0.0254903 0.0210054 0.016698 0.0126246 0.0089454
 0.00765826 0.0123456 0.0184181 0.0257995 0.034292 0.043464 0.052571 0.060672 0.066912 0.0707618 0.0720739 0.0710051 0.0679206 0.0633139 0.057721 0.0516344 0.0454475 0.0394357 0.0337616 0.0284896 0.0236095 0.0190779 0.0148738 0.0110427 0.00769864
 0.00788769 0.012713 0.0189608 0.026549 0.0352688 0.0446691 0.053976 0.0622138 0.0684978 0.0722828 0.0734209 0.0720812 0.0686499 0.0636473 0.0576382 0.0511423 0.0445747 0.038227 0.0322755 0.0268 0.0218106 0.017285 0.013212 0.00962376 0.00659298
 0.00798278 0.0128747 0.0192178 0.0269336 0.0358117 0.0453899 0.0548732 0.0632586 0.0696361 0.073443 0.0745228 0.0730441 0.0694006 0.0641261 0.057804 0.0509756 0.0440778 0.0374233 0.0312086 0.0255337 0.0204291 0.0158898 0.0119105 0.00850926 0.0057237
 0.00816426 0.0131544 0.0196106 0.0274456 0.0364417 0.0461323 0.0557164 0.0641801 0.0705981 0.0743911 0.0753913 0.0737659 0.0699173 0.0643964 0.0578063 0.0507058 0.0435465 0.0366542 0.0302386 0.0244156 0.0192328 0.0146992 0.0108129 0.00757873 0.00500392
 0.0082422 0.0132758 0.0197835 0.0276733 0.0367229 0.0464605 0.0560811 0.0645697 0.071004 0.0748109 0.0758255 0.0742085 0.0703471 0.0647743 0.0580821 0.0508305 0.0434839 0.0363877 0.0297752 0.023786 0.0184902 0.0139134 0.0100595 0.00692359 0.00448885
 0.00834291 0.0134317 0.0200035 0.0279601 0.0370721 0.0468606 0.0565118 0.0650029 0.0714077 0.075157 0.0760974 0.0744044 0.0704762 0.064848 0.0581037 0.0507896 0.0433592 0.0361563 0.0294239 0.0233206 0.0179391 0.0133241 0.00948896 0.00642397 0.00409421
 0.00845717 0.0136021 0.0202312 0.0282364 0.037381 0.0471834 0.0568306 0.0653016 0.0716715 0.0753733 0.076257 0.0745033 0.0705167 0.0648377 0.0580517 0.0507018 0.0432328 0.0359803 0.0291848 0.023012 0.0175696 0.0129201 0.00908889 0.00606689 0.00380806
 0.00854307 0.0137339 0.0204145 0.0284696 0.0376545 0.0474789 0.0571226 0.0655603 0.0718712 0.0754997 0.0763114 0.0744991 0.0704719 0.0647677 0.0579662 0.0506043 0.0431212 0.0358476 0.0290214 0.0228099 0.0173291 0.0126536 0.00881944 0.00582127 0.00360755
 0.00865039 0.013905 0.0206652 0.0288108 0.0380883 0.0479933 0.0576858 0.0661212 0.0723666 0.0758692 0.0765121 0.0745156 0.070318 0.06448 0.0575926 0.0501914 0.0427052 0.0354502 0.0286507 0.0224658 0.0170093 0.0123591 0.00855705 0.00560065 0.00343623
 0.00851998 0.0137212 0.0204411 0.0285778 0.037889 0.0478691 0.0576659 0.0662167 0.0725701 0.0761565 0.0768462 0.0748524 0.0706153 0.0647069 0.0577351 0.0502524 0.042699 0.0353951 0.0285624 0.022355 0.0168835 0.0122257 0.00842512 0.00548086 0.00333769
 0.00851178 0.0136887 0.0203589 0.0284151 0.0376241 0.047508 0.0572546 0.0658351 0.0723056 0.0760714 0.0769559 0.0751256 0.0709904 0.0651142 0.0581151 0.0505653 0.0429273 0.0355392 0.0286342 0.0223706 0.0168586 0.0121746 0.00836083 0.00541503 0.00327962
 0.00853909 0.0137208 0.0203829 0.028408 0.0375543 0.0473419 0.0569676 0.0654254 0.0718075 0.075558 0.0765251 0.0748691 0.0709606 0.065306 0.0584726 0.0510067 0.0433733 0.035932 0.0289436 0.0225901 0.016997 0.0122484 0.00838878 0.00541501 0.00326633
 0.0085851 0.0137767 0.0204318 0.0284213 0.0374972 0.0471842 0.0566925 0.0650348 0.0713227 0.0750193 0.0759915 0.0744142 0.0706601 0.0652171 0.0586132 0.0513466 0.0438437 0.0364486 0.0294313 0.0229989 0.0173059 0.0124596 0.0085188 0.00548576 0.00329908
 0.00881244 0.0141156 0.0208832 0.0289625 0.0380835 0.0477543 0.057176 0.06536 0.0714299 0.0748768 0.0756072 0.0738377 0.0699739 0.0645198 0.0579989 0.0508845 0.0435625 0.0363343 0.0294384 0.0230711 0.0173946 0.0125345 0.00856844 0.00551155 0.00330835
 0.00880949 0.0141387 0.0209684 0.0291562 0.0384265 0.0482567 0.0577979 0.0660128 0.0719995 0.0752586 0.0757351 0.073697 0.0695981 0.063979 0.0573834 0.0502858 0.0430552 0.0359614 0.0292066 0.0229566 0.0173582 0.0125376 0.00858317 0.00552379 0.0033143
 0.00855846 0.0137655 0.020474 0.0285708 0.0378088 0.0476874 0.0573682 0.0658055 0.0720628 0.0755826 0.0762471 0.0742837 0.0701452 0.0644067 0.0576634 0.0504369 0.0431243 0.0360012 0.0292562 0.0230326 0.0174558 0.0126401 0.00867324 0.00559141 0.00335814
 0.00842302 0.0135462 0.0201471 0.0281195 0.0372318 0.0470113 0.0566567 0.0651564 0.0715876 0.0753739 0.0763477 0.0746706 0.0707357 0.0650848 0.0583156 0.0509835 0.0435345 0.0362873 0.0294542 0.0231803 0.0175783 0.0127466 0.0087626 0.00565991 0.00340493
 0.00824203 0.0132653 0.0197487 0.0275952 0.0365828 0.0462494 0.0558101 0.0642774 0.0707561 0.0746915 0.0759195 0.0745778 0.0710077 0.0656837 0.0591437 0.0519119 0.0444406 0.0370849 0.0301045 0.0236833 0.0179552 0.0130229 0.00895988 0.00579471 0.00349119
 0.00815432 0.0131238 0.0195382 0.0273027 0.0362003 0.0457788 0.0552662 0.0636889 0.070162 0.074137 0.0754538 0.0742542 0.0708786 0.0657876 0.0594868 0.0524567 0.0451114 0.0377889 0.0307594 0.0242365 0.0183877 0.0133407 0.00918143 0.00594132 0.0035826
 0.00821356 0.0132044 0.0196298 0.0273846 0.0362454 0.0457603 0.0551651 0.0634972 0.0698841 0.0737884 0.0750609 0.0738528 0.0705132 0.065507 0.059336 0.0524644 0.0452771 0.0380797 0.0311189 0.0246034 0.0187139 0.0136006 0.0093702 0.00606786 0.00366126
 0.00791166 0.0127647 0.0190622 0.0267291 0.0355584 0.0450935 0.0545508 0.0629497 0.0694119 0.0734073 0.0747966 0.0737343 0.0705613 0.0657271 0.059718 0.052986 0.0459071 0.0387773 0.0318344 0.0252828 0.0193091 0.0140803 0.00972542 0.0063093 0.00381178
 0.0078114 0.0125893 0.0187782 0.0263051 0.0349812 0.0443874 0.0537885 0.0622386 0.0688569 0.07307 0.0746773 0.0737879 0.0707313 0.0659742 0.0600275 0.053359 0.0463455 0.0392728 0.0323642 0.0258122 0.0197987 0.0144965 0.0100489 0.00653831 0.00395911
 0.00856123 0.0136324 0.0200213 0.0275487 0.0359714 0.0449038 0.0537202 0.0616119 0.0678129 0.071812 0.0734137 0.0726833 0.0698777 0.0653896 0.0596797 0.0531985 0.0463289 0.0393689 0.0325472 0.0260535 0.0200647 0.0147527 0.0102678 0.00670516 0.00407285
 0.00918318 0.0146396 0.021518 0.0295971 0.0385414 0.0478152 0.0566159 0.0640126 0.0692609 0.0720408 0.0724451 0.0707966 0.0674817 0.0628784 0.0573393 0.0511831 0.0446883 0.0380916 0.0315951 0.0253798 0.0196186 0.0144813 0.0101191 0.0066336 0.00404377
 0.00895323 0.0143786 0.0213367 0.0296756 0.0390889 0.0489975 0.0584766 0.0664213 0.0719086 0.0744942 0.0742533 0.0716267 0.0672277 0.0616864 0.0555336 0.0491382 0.0427143 0.0363803 0.0302252 0.024352 0.0188926 0.0139995 0.00982107 0.00646328 0.00395456
 0.00874359 0.0140445 0.0208541 0.0290478 0.038372 0.0483246 0.0580612 0.0665131 0.0726998 0.0760117 0.076301 0.0738199 0.0691143 0.0629004 0.0559107 0.0487439 0.0417822 0.0352027 0.0290543 0.0233479 0.0181211 0.0134586 0.00947234 0.00625637 0.00384197
 0.0087018 0.0139752 0.0207463 0.0288886 0.0381478 0.0480281 0.057706 0.0661527 0.0724405 0.0760006 0.0766766 0.0746375 0.0702861 0.0641955 0.0570302 0.0494365 0.0419383 0.0348774 0.0284178 0.0226012 0.0174254 0.0129033 0.0090802 0.00600753 0.00369906
 0.00866521 0.0139069 0.0206275 0.0286965 0.0378618 0.0476383 0.0572218 0.0656074 0.0718909 0.075525 0.0763708 0.074602 0.0705953 0.0648549 0.057946 0.0504274 0.0427956 0.0354454 0.0286474 0.0225494 0.0172082 0.0126379 0.00884613 0.00583817 0.00359392
 0.00867926 0.0139185 0.0206236 0.0286562 0.0377591 0.0474489 0.0569303 0.0652145 0.0714178 0.0750153 0.0758891 0.0742268 0.0704068 0.0649158 0.0582771 0.050987 0.0434787 0.0361124 0.0291737 0.0228703 0.0173318 0.0126237 0.00876712 0.0057504 0.00352577
 0.00858553 0.013784 0.0204535 0.0284646 0.0375624 0.0472559 0.0567363 0.0650036 0.0711731 0.0747319 0.0755823 0.0739343 0.0701822 0.064817 0.058351 0.0512518 0.04391 0.036642 0.0297076 0.0233202 0.0176464 0.0127993 0.0088364 0.00575855 0.00351017
 0.00850277 0.0136649 0.0203035 0.0283002 0.0374086 0.0471401 0.0566803 0.065016 0.0712432 0.0748281 0.07566 0.0739526 0.0701235 0.0646978 0.058218 0.0511638 0.0439135 0.0367511 0.0298981 0.0235417 0.017845 0.0129403 0.00891285 0.00578513 0.00350914
 0.0084878 0.0136266 0.0202211 0.0281489 0.0371692 0.046813 0.0562963 0.0646334 0.0709306 0.0746399 0.075617 0.074037 0.0702897 0.0648936 0.0584055 0.0513318 0.0440744 0.0369258 0.0300977 0.0237575 0.0180526 0.0131131 0.00903539 0.00585793 0.00354429
 0.00867153 0.0138957 0.0205698 0.0285493 0.0375747 0.0471676 0.0565448 0.0647335 0.0708649 0.0744247 0.0753003 0.0736822 0.0699526 0.0646054 0.0581708 0.0511408 0.0439181 0.0368042 0.0300172 0.0237213 0.0180542 0.0131369 0.00906406 0.0058798 0.00355583
 0.0087117 0.0139671 0.0206872 0.0287268 0.0378177 0.0474627 0.0568538 0.0649971 0.0710206 0.0744295 0.0751483 0.0734069 0.0696143 0.0642693 0.057887 0.0509327 0.0437849 0.0367316 0.0299887 0.0237241 0.0180782 0.0131723 0.00910089 0.00591029 0.00357644
 0.00866586 0.0139071 0.0206244 0.0286823 0.0378191 0.0475357 0.0570129 0.0652379 0.0713147 0.0747267 0.0753875 0.0735349 0.0696054 0.0641349 0.0576695 0.0506874 0.0435593 0.0365538 0.0298666 0.023652 0.0180444 0.0131639 0.00910657 0.00592097 0.00358638
 0.00866218 0.0139011 0.0206161 0.0286738 0.0378167 0.0475521 0.0570667 0.0653492 0.0714959 0.0749722 0.0756678 0.0738007 0.0698007 0.0642164 0.0576214 0.050527 0.0433286 0.0363029 0.0296371 0.0234684 0.0179133 0.0130799 0.00905823 0.00589621 0.0035752
 0.00864526 0.0138728 0.0205722 0.0286103 0.037731 0.0474457 0.0569481 0.0652354 0.0714114 0.0749442 0.0757171 0.0739323 0.0699972 0.0644394 0.0578235 0.0506681 0.0433904 0.0362922 0.0295792 0.0233932 0.0178445 0.0130293 0.00902747 0.00588081 0.00356918
 0.00876735 0.0140452 0.0207833 0.0288324 0.0379279 0.0475845 0.0570095 0.0652172 0.071326 0.0748137 0.0755693 0.0737955 0.0698946 0.0643821 0.057806 0.0506705 0.0433872 0.0362643 0.0295215 0.0233149 0.0177617 0.0129569 0.00897342 0.00584588 0.00354946
 0.00880507 0.0141117 0.0208915 0.0289934 0.0381439 0.0478396 0.0572654 0.0654205 0.0714269 0.0747873 0.0754264 0.073577 0.0696539 0.0641663 0.0576436 0.0505678 0.0433323 0.0362356 0.0294983 0.0232849 0.0177235 0.0129162 0.00893751 0.00581913 0.00353243
 0.00908193 0.0145388 0.0214912 0.0297708 0.0390853 0.0489109 0.0584071 0.0665426 0.072413 0.0755123 0.0757846 0.0735122 0.0691783 0.0633587 0.0566266 0.0494735 0.0422714 0.0352816 0.028687 0.0226243 0.0172063 0.0125281 0.00866096 0.00563436 0.00341806
 0.00875307 0.0140515 0.0208467 0.029003 0.0382543 0.0480908 0.0576761 0.0659786 0.0720869 0.0754746 0.0760479 0.0740393 0.0698855 0.0641378 0.0573763 0.0501251 0.0427974 0.0356864 0.0289902 0.0228472 0.0173657 0.0126371 0.00873106 0.00567627 0.00344127
 0.00883331 0.0141589 0.0209669 0.0291115 0.0383272 0.0481191 0.0576747 0.06598 0.072124 0.0755624 0.076177 0.0741832 0.0700144 0.0642275 0.0574101 0.0500938 0.0427012 0.0355375 0.0288107 0.0226628 0.0171981 0.0124993 0.00862725 0.00560419 0.00339516
 0.00870801 0.0139528 0.0206519 0.02866 0.0377173 0.0473459 0.0567636 0.0649976 0.0711774 0.0747826 0.0756892 0.0740719 0.0702967 0.0648486 0.0582618 0.0510477 0.04364 0.0363758 0.0295019 0.0231951 0.017584 0.0127643 0.00879961 0.00571012 0.00345625
 0.00862711 0.0138222 0.0204566 0.0283846 0.0373474 0.0468703 0.0561792 0.0643163 0.0704323 0.0740324 0.0750172 0.0735748 0.0700635 0.0649334 0.0586637 0.0517066 0.0444539 0.0372299 0.0302978 0.0238684 0.018108 0.0131423 0.0090537 0.00586936 0.00354911
 0.00876181 0.0140236 0.0207264 0.0287108 0.0377051 0.0472237 0.0564838 0.064521 0.070486 0.0738957 0.0746774 0.073058 0.069438 0.0642985 0.0581247 0.0513441 0.0443007 0.0372656 0.0304635 0.0240928 0.0183307 0.0133267 0.00918693 0.00595528 0.00359914
 0.00886804 0.0142008 0.0209999 0.0291041 0.03823 0.0478684 0.057202 0.0652328 0.0710923 0.0743022 0.0748158 0.0729002 0.0690006 0.0636417 0.0573438 0.0505513 0.0435989 0.0367236 0.0301033 0.0238932 0.0182459 0.0133073 0.0091951 0.00596902 0.00360966
 0.00894445 0.0143207 0.0211734 0.0293396 0.038536 0.0482524 0.057667 0.0657683 0.0716658 0.074855 0.0752697 0.0731745 0.0690354 0.0634169 0.056887 0.0499325 0.0429132 0.0360674 0.0295504 0.0234805 0.0179724 0.0131463 0.00911051 0.00592887 0.00359196
 0.00899153 0.0143933 0.0212753 0.0294722 0.0386986 0.0484436 0.0578852 0.0660128 0.0719357 0.0751463 0.0755693 0.0734543 0.0692516 0.0635191 0.0568358 0.0497172 0.0425602 0.035634 0.0291071 0.0230886 0.0176685 0.012938 0.00898369 0.00585995 0.00355823
 0.00873231 0.0140403 0.0208703 0.0290957 0.0384461 0.0483889 0.0580509 0.0663656 0.0724069 0.075661 0.0760684 0.0739001 0.0696215 0.063796 0.0570022 0.0497581 0.0424727 0.0354359 0.0288375 0.0227981 0.0174038 0.0127287 0.00883845 0.00577081 0.00350957
#obs surv len freq
 nan nan nan nan nan nan nan nan nan nan nan nan nan nan nan nan nan nan nan nan nan nan nan nan nan
 0.00449169 0.00735621 0.0111891 0.0160072 0.0217082 0.0279825 0.0342943 0.0400227 0.0446993 0.0481602 0.0505154 0.0520087 0.0528987 0.0534091 0.0537218 0.0539756 0.0542533 0.0545455 0.0546838 0.0542756 0.0527139 0.0493466 0.0437975 0.036279 0.0276643
 0.00461525 0.0075617 0.0115064 0.016466 0.0223297 0.0287684 0.0352154 0.0410169 0.0456809 0.0490384 0.0512119 0.052469 0.0530964 0.0533451 0.0534193 0.0534721 0.0535926 0.0537703 0.0538333 0.0533867 0.0518255 0.0485022 0.043042 0.0356505 0.027184
 0.00477314 0.00781955 0.011897 0.017021 0.0230749 0.029714 0.0363455 0.0422823 0.0470022 0.0503163 0.0523412 0.0533535 0.0536612 0.0535463 0.0532478 0.0529507 0.052768 0.0527032 0.052591 0.0520399 0.0504496 0.0471777 0.0418486 0.0346542 0.0264211
 0.00497483 0.0081463 0.0123866 0.0177082 0.0239847 0.030852 0.0376876 0.0437709 0.0485531 0.0518322 0.0537242 0.0545105 0.0545076 0.0540113 0.0532825 0.0525366 0.0519208 0.0514715 0.0510509 0.0502899 0.0486061 0.0453683 0.0401995 0.0332681 0.0253558
 0.00518768 0.00849765 0.0129251 0.0184818 0.0250307 0.0321815 0.0392699 0.0455297 0.0503787 0.0536046 0.0553324 0.0558616 0.0555256 0.0546326 0.0534543 0.0522205 0.051101 0.050165 0.0493157 0.0482284 0.0463621 0.0431149 0.0381138 0.0314978 0.023987
 0.0054172 0.0088728 0.0134938 0.0192909 0.0261183 0.0335635 0.0409255 0.0473939 0.0523485 0.055556 0.0571394 0.0574105 0.0567229 0.0554063 0.0537508 0.0520006 0.0503399 0.0488604 0.0475031 0.0459968 0.0438614 0.0405455 0.0356949 0.02942 0.0223672
 0.00564252 0.00924332 0.0140594 0.0201009 0.0272124 0.0349573 0.0425955 0.0492722 0.0543331 0.0575296 0.0589862 0.0590252 0.0580128 0.0562923 0.0541676 0.051897 0.0496799 0.0476289 0.0457193 0.0437344 0.0412637 0.037822 0.0330887 0.0271527 0.0205832
 0.00588067 0.00963259 0.0146493 0.0209394 0.0283372 0.0363819 0.0442946 0.0511762 0.0563369 0.0595123 0.0608306 0.0606288 0.0592908 0.0571755 0.0545984 0.0518262 0.0490665 0.0464472 0.0439744 0.0414847 0.038641 0.0350334 0.0303867 0.0247771 0.0186977
 0.00611666 0.0100186 0.0152345 0.0217714 0.0294525 0.0377924 0.0459726 0.0530494 0.058299 0.0614434 0.0626165 0.0621717 0.0605118 0.0580127 0.0550025 0.0517557 0.0484849 0.0453272 0.0423124 0.0393247 0.0360989 0.0323034 0.0277159 0.0224082 0.0168031
 0.00636092 0.0104206 0.0158487 0.0226506 0.0306375 0.039294 0.0477547 0.0550243 0.0603409 0.0634148 0.0643922 0.0636521 0.0616259 0.0587135 0.0552604 0.0515494 0.0477959 0.0441403 0.0406277 0.0371808 0.0335984 0.0296243 0.0250914 0.0200729 0.0149279
 0.0066203 0.0108438 0.0164881 0.0235562 0.0318466 0.0408161 0.0495553 0.0570181 0.0624027 0.0654022 0.0661698 0.0651083 0.0626806 0.0593192 0.0553965 0.0512124 0.0469894 0.0428701 0.0389088 0.0350562 0.0311637 0.0270411 0.0225721 0.0178339 0.0131286
 0.00684114 0.0112085 0.0170475 0.0243606 0.0329361 0.0422036 0.0512107 0.0588627 0.0643207 0.0672631 0.0678495 0.0665013 0.0637056 0.0599205 0.0555435 0.050896 0.0462156 0.0416554 0.0372811 0.0330673 0.0289074 0.0246647 0.020265 0.0157877 0.011485
 0.00703614 0.0115291 0.017537 0.025062 0.0338841 0.0434121 0.0526583 0.0604872 0.066026 0.068936 0.0693773 0.0677849 0.0646659 0.060501 0.0557102 0.0506344 0.0455276 0.0405563 0.0358024 0.0312646 0.0268729 0.022534 0.0182063 0.013968 0.0100262
 0.00726253 0.0118965 0.0180882 0.0258357 0.0349061 0.0446828 0.0541405 0.0621025 0.067667 0.0704873 0.0707354 0.0688684 0.0654179 0.0608864 0.0557119 0.0502502 0.0447661 0.039437 0.0343583 0.0295507 0.0249764 0.0205781 0.0163388 0.0123321 0.00872334
 0.00743709 0.0121877 0.0185398 0.0264921 0.0358018 0.0458268 0.0555006 0.063602 0.0691968 0.0719297 0.0719856 0.0698468 0.0660727 0.0611914 0.0556608 0.0498503 0.0440339 0.0383961 0.033043 0.0280131 0.0232951 0.0188614 0.0147134 0.0109183 0.00760363
 0.00751119 0.0123123 0.0187362 0.0267849 0.0362177 0.0463888 0.056221 0.0644742 0.0701908 0.0729906 0.0730387 0.0708074 0.0668597 0.0617387 0.0559246 0.0498092 0.043686 0.0377549 0.0321368 0.0268888 0.0220231 0.0175359 0.0134434 0.0098059 0.00671923
 0.00758155 0.0124178 0.018879 0.0269632 0.0364289 0.0466348 0.0565108 0.0648235 0.0706162 0.0735022 0.0736308 0.0714529 0.0675086 0.0623249 0.0563774 0.0500666 0.0437046 0.0375151 0.0316446 0.0261761 0.0211481 0.0165802 0.0125014 0.00896624 0.00604435
 0.00767152 0.012556 0.0190716 0.0272091 0.0367192 0.0469527 0.0568336 0.0651272 0.0708845 0.0737341 0.0738429 0.0716702 0.0677499 0.0625885 0.0566354 0.0502702 0.043797 0.0374475 0.0313892 0.0257346 0.0205544 0.015896 0.0118044 0.00833218 0.00552813
 0.00772443 0.0126414 0.0191986 0.0273848 0.0369459 0.0472246 0.057134 0.0654292 0.0711571 0.0739524 0.0739962 0.0717663 0.0678107 0.0626398 0.0566938 0.0503325 0.0438376 0.0374259 0.0312651 0.0254845 0.0201828 0.0154377 0.0113153 0.007873 0.00514627
 0.00776991 0.0127082 0.0192862 0.0274889 0.0370608 0.0473463 0.0572618 0.0655643 0.071299 0.0740955 0.0741301 0.0718793 0.0678956 0.0626979 0.0567336 0.0503625 0.0438578 0.0374225 0.0312133 0.0253597 0.0199743 0.0151574 0.010997 0.00756029 0.0048776
 0.00782241 0.0127894 0.0194 0.0276351 0.037234 0.0475353 0.0574499 0.0657325 0.0714313 0.0741845 0.0741782 0.0718954 0.0678892 0.0626756 0.0566992 0.0503192 0.0438071 0.0373618 0.0311335 0.0252473 0.019819 0.0149606 0.0107749 0.0073396 0.00468492
 0.00784885 0.0128299 0.0194564 0.0277075 0.0373207 0.0476329 0.0575533 0.0658346 0.0715236 0.0742589 0.0742293 0.0719222 0.0678956 0.062668 0.0566836 0.0502991 0.0437829 0.0373304 0.031089 0.0251818 0.0197259 0.0148394 0.0106343 0.00719589 0.00455605
 0.00784944 0.0128266 0.0194438 0.0276786 0.0372695 0.0475581 0.0574615 0.0657398 0.0714438 0.0742102 0.0742214 0.0719561 0.0679649 0.0627621 0.0567909 0.0504091 0.0438866 0.0374199 0.0311566 0.0252205 0.019731 0.0148108 0.0105786 0.00712533 0.00448501
 0.0079009 0.0129034 0.0195461 0.0278009 0.0374009 0.0476836 0.0575637 0.0658026 0.0714566 0.0741726 0.0741443 0.0718583 0.0678665 0.0626784 0.0567293 0.0503695 0.0438641 0.0374073 0.031146 0.0252045 0.0197039 0.0147703 0.0105267 0.00706843 0.00443104
 0.00789824 0.0129015 0.0195478 0.0278098 0.0374199 0.0477129 0.0575989 0.0658352 0.0714766 0.0741721 0.074121 0.071817 0.0678172 0.0626336 0.0566998 0.0503609 0.0438759 0.0374335 0.0311777 0.0252325 0.0197208 0.0147722 0.0105143 0.00704591 0.00440478
 0.00790842 0.0129114 0.0195506 0.0277961 0.0373812 0.0476469 0.0575128 0.0657446 0.0713991 0.0741202 0.0740979 0.0718176 0.0678333 0.0626587 0.0567316 0.0504004 0.0439244 0.03749 0.0312379 0.0252895 0.0197675 0.0148039 0.0105298 0.00704793 0.00439832
 0.00790495 0.0129064 0.0195439 0.027787 0.0373672 0.0476231 0.0574727 0.0656828 0.0713161 0.074025 0.0740068 0.0717484 0.0677982 0.0626602 0.0567641 0.0504546 0.0439916 0.0375637 0.0313127 0.0253602 0.0198286 0.0148511 0.0105612 0.00706489 0.00440447
 0.00786839 0.012849 0.0194616 0.027678 0.0372334 0.0474704 0.057312 0.0655284 0.0711822 0.0739224 0.0739414 0.0717227 0.0678134 0.0627165 0.0568588 0.0505805 0.0441376 0.037717 0.0314617 0.0254954 0.0199436 0.0149418 0.0106269 0.00710771 0.00442912
 0.0078607 0.0128274 0.0194126 0.0275845 0.0370799 0.0472516 0.0570393 0.0652303 0.0708972 0.0736879 0.0737839 0.0716538 0.0678311 0.0628095 0.0570112 0.0507753 0.0443579 0.0379463 0.0316846 0.0256986 0.0201172 0.0150804 0.0107294 0.00717739 0.00447219
 0.00785118 0.0128123 0.0193899 0.0275508 0.0370294 0.047175 0.0569255 0.0650706 0.0706927 0.073454 0.0735505 0.071457 0.0677024 0.0627666 0.0570549 0.050893 0.0445292 0.0381488 0.0318968 0.0259021 0.0202978 0.0152288 0.0108422 0.00725612 0.00452231
 0.00782186 0.012767 0.0193264 0.0274688 0.0369307 0.0470633 0.0568055 0.0649471 0.0705683 0.0733294 0.0734264 0.0713388 0.0676027 0.0627036 0.0570464 0.0509485 0.0446463 0.0383137 0.0320892 0.0261001 0.0204821 0.0153859 0.0109648 0.0073438 0.00457943
 0.00780615 0.0127366 0.019272 0.0273797 0.0367982 0.0468863 0.0565944 0.0647234 0.0703586 0.0731569 0.073304 0.0712685 0.0675791 0.0627202 0.0571002 0.0510405 0.0447778 0.0384817 0.0322835 0.0263044 0.0206781 0.0155575 0.0111022 0.00744402 0.00464595
 0.00775333 0.012655 0.0191569 0.0272291 0.0366124 0.0466677 0.0563486 0.0644616 0.0700988 0.0729232 0.0731227 0.0711607 0.0675555 0.0627784 0.0572275 0.05122 0.0449937 0.038721 0.0325341 0.0265534 0.0209108 0.0157602 0.0112651 0.00756404 0.00472647
 0.00774715 0.0126356 0.0191108 0.0271389 0.0364624 0.0464519 0.0560765 0.0641581 0.0697967 0.0726538 0.0729089 0.0710172 0.0674905 0.0627947 0.0573219 0.0513825 0.0452083 0.0389691 0.0327971 0.026814 0.0211533 0.0159713 0.0114357 0.00769098 0.00481269
 0.00934341 0.0148763 0.0218277 0.0299549 0.038899 0.0481025 0.0567453 0.0638898 0.0688045 0.0712083 0.0712553 0.069338 0.0659043 0.0613699 0.0560914 0.050356 0.0443805 0.038325 0.0323156 0.0264705 0.0209219 0.0158262 0.0113524 0.00764799 0.00479333
 0.00930808 0.0151146 0.0227081 0.0319369 0.0423346 0.0529672 0.0624662 0.0694369 0.0730549 0.0733868 0.0711889 0.0674049 0.0627684 0.0576957 0.0523774 0.0469021 0.0413326 0.0357346 0.0301839 0.0247734 0.0196206 0.0148718 0.0106885 0.00721392 0.00452893
 0.00896445 0.014572 0.0219433 0.0309961 0.0413888 0.0523498 0.0626352 0.0708132 0.0757741 0.0771118 0.0751488 0.0706867 0.0646976 0.0580707 0.0514445 0.0451462 0.0392456 0.0336789 0.0283659 0.023278 0.0184591 0.0140168 0.0100938 0.00682571 0.00429297
 0.00882078 0.0143258 0.0215499 0.0304085 0.0405747 0.0513242 0.0615018 0.0697943 0.0751948 0.0773117 0.0763291 0.0727639 0.0672653 0.0605311 0.0532516 0.0460163 0.0392174 0.0330164 0.0273982 0.0222749 0.0175833 0.0133343 0.00960742 0.00650569 0.00409848
 0.00872117 0.0141653 0.0213099 0.0300702 0.0401196 0.0507377 0.0607822 0.0689691 0.0743407 0.0765701 0.0758993 0.0728525 0.0679941 0.0618453 0.0548951 0.0476137 0.0404271 0.0336632 0.0275091 0.0220163 0.0171571 0.0128991 0.00925044 0.00625278 0.00393905
 0.00868968 0.0141058 0.0212052 0.0298992 0.0398622 0.0503819 0.0603305 0.0684392 0.0737628 0.0759865 0.0753707 0.0724674 0.0678645 0.0620729 0.055514 0.0485433 0.0414775 0.0346044 0.0281668 0.0223339 0.0171918 0.0127668 0.00906314 0.00608329 0.00381667
 0.00868334 0.0140939 0.0211835 0.0298612 0.0397981 0.0502788 0.0601739 0.0682171 0.0734709 0.075633 0.0749797 0.0720803 0.0675404 0.0618837 0.0555293 0.0488009 0.041953 0.035203 0.0287531 0.0227877 0.0174554 0.0128548 0.00903606 0.00600819 0.00374068
 0.00869599 0.0141147 0.0212149 0.0299047 0.0398529 0.0503394 0.0602287 0.0682479 0.0734558 0.075552 0.0748216 0.0718488 0.0672587 0.061595 0.0552914 0.0486727 0.0419733 0.0353699 0.0290182 0.0230733 0.0176879 0.0129945 0.00908534 0.00599732 0.00370498
 0.00866809 0.0140742 0.0211631 0.0298464 0.0397952 0.0502903 0.0601946 0.0682321 0.0734564 0.0755606 0.074824 0.0718287 0.0672037 0.0615047 0.0551818 0.0485752 0.0419251 0.0353989 0.0291272 0.0232361 0.0178603 0.0131354 0.00917349 0.00603508 0.00370931
 0.00865762 0.014055 0.0211307 0.0297959 0.039724 0.0502006 0.0600958 0.0681393 0.0733858 0.0755234 0.0748219 0.0718527 0.067238 0.0615322 0.0551917 0.0485687 0.041916 0.0354078 0.0291709 0.023317 0.0179641 0.0132383 0.00925466 0.00608556 0.00373248
 0.0086613 0.0140609 0.021139 0.0298062 0.0397343 0.0502071 0.0600928 0.0681216 0.0733515 0.0754763 0.0747708 0.0718081 0.0672068 0.0615146 0.055182 0.04856 0.0419058 0.0354005 0.0291756 0.023341 0.0180072 0.0132915 0.00930543 0.00612404 0.00375555
 0.00862144 0.0140011 0.0210586 0.029708 0.0396246 0.0500942 0.0599861 0.0680299 0.0732821 0.0754333 0.0747549 0.0718181 0.0672405 0.0615694 0.0552535 0.0486415 0.0419898 0.0354813 0.0292512 0.0234128 0.0180763 0.0133565 0.00936201 0.00616794 0.00378506
 0.00862473 0.0140023 0.0210528 0.0296888 0.0395859 0.0500339 0.0599085 0.0679453 0.0732031 0.0753707 0.0747144 0.0718 0.0672419 0.0615865 0.0552832 0.0486813 0.0420369 0.0355326 0.0293039 0.0234646 0.0181259 0.0134025 0.00940225 0.00620014 0.003808
 0.00864264 0.0140305 0.0210934 0.0297419 0.0396488 0.0500996 0.0599659 0.0679814 0.0732074 0.0753402 0.0746549 0.0717238 0.0671627 0.0615151 0.0552255 0.0486394 0.0420105 0.0355201 0.029303 0.0234728 0.0181404 0.0134206 0.00942108 0.0062171 0.00382131
 0.00863238 0.0140163 0.0210766 0.0297256 0.0396369 0.0500959 0.0599722 0.0679967 0.0732276 0.0753584 0.0746641 0.0717196 0.0671453 0.0614892 0.0551985 0.048618 0.0419986 0.0355188 0.0293111 0.0234879 0.0181598 0.0134414 0.00944089 0.00623398 0.00383417
 0.00863238 0.0140163 0.0210766 0.0297256 0.0396369 0.0500959 0.0599722 0.0679967 0.0732276 0.0753584 0.0746641 0.0717196 0.0671453 0.0614892 0.0551985 0.048618 0.0419986 0.0355188 0.0293111 0.0234879 0.0181598 0.0134414 0.00944089 0.00623398 0.00383417
 0.00860256 0.0139704 0.0210125 0.0296437 0.0395407 0.0499924 0.059872 0.0679127 0.0731719 0.0753387 0.0746805 0.0717651 0.0672084 0.0615584 0.0552657 0.0486796 0.0420548 0.0355712 0.0293608 0.0235349 0.0182029 0.0134792 0.00947204 0.00625787 0.00385103
 0.00874764 0.0141967 0.0213343 0.0300651 0.0400519 0.0505659 0.06046 0.0684508 0.0735928 0.0755888 0.0747347 0.0716295 0.0669142 0.0611507 0.0547929 0.0481861 0.0415771 0.0351361 0.0289857 0.0232282 0.0179654 0.0133055 0.00935277 0.00618148 0.00380574
 0.00848321 0.0137935 0.020779 0.0293673 0.0392469 0.0497142 0.0596452 0.0677706 0.0731386 0.0754208 0.0748636 0.0720166 0.0674867 0.061824 0.0554897 0.0488481 0.0421685 0.0356404 0.0294005 0.023559 0.0182212 0.0134963 0.00948895 0.00627342 0.0038638
 0.00857308 0.0139053 0.0208842 0.0294193 0.0391948 0.0495245 0.0593202 0.0673516 0.0726931 0.0750222 0.0745717 0.0718664 0.0674852 0.0619523 0.0557112 0.0491186 0.0424468 0.0358966 0.0296177 0.0237322 0.0183528 0.0135925 0.00955648 0.00631869 0.00389246
 0.00836264 0.013589 0.0204551 0.0288856 0.0385736 0.0488349 0.0585813 0.0665905 0.0719553 0.074376 0.0741005 0.0716465 0.0675616 0.0623227 0.0563261 0.0498965 0.0432949 0.0367305 0.030374 0.0243728 0.0188633 0.013976 0.00982792 0.00649892 0.004004
 0.0083858 0.0136018 0.0204296 0.0287829 0.038357 0.048488 0.0581206 0.0660615 0.0714142 0.0738699 0.0736601 0.0712956 0.0673289 0.0622432 0.0564277 0.0501819 0.0437337 0.0372648 0.0309354 0.0249002 0.0193143 0.014331 0.0100862 0.00667299 0.00411239
 0.00841137 0.0136534 0.0205233 0.028934 0.0385687 0.048738 0.058356 0.0662093 0.0714091 0.0736825 0.0733092 0.070838 0.0668374 0.0617878 0.0560662 0.0499559 0.0436629 0.0373417 0.0311263 0.0251549 0.0195813 0.0145702 0.0102757 0.00680775 0.0041991
 0.00845539 0.0137301 0.0206484 0.0291256 0.0388433 0.0491028 0.0587989 0.066692 0.0718664 0.0740329 0.073476 0.070774 0.0665431 0.0613131 0.0554946 0.0493802 0.0431625 0.0369677 0.0308958 0.0250539 0.019575 0.0146172 0.0103405 0.00686728 0.00424339
 0.00846708 0.0137541 0.0206944 0.0292063 0.0389731 0.0492939 0.059057 0.0670123 0.072231 0.0744084 0.073814 0.071017 0.0666372 0.0612264 0.0552318 0.0489852 0.0427063 0.0365268 0.0305302 0.0247943 0.0194216 0.0145481 0.0103251 0.00687769 0.00426069
 0.00845757 0.0137388 0.020672 0.0291773 0.0389412 0.0492683 0.0590529 0.0670489 0.072326 0.0745707 0.0740368 0.0712746 0.0668878 0.0614202 0.0553249 0.0489553 0.0425617 0.0363052 0.0302849 0.024575 0.0192591 0.0144497 0.0102797 0.00686619 0.00426515
 0.00848069 0.0137733 0.0207183 0.0292333 0.0390028 0.0493302 0.05911 0.0670984 0.0723691 0.0746143 0.0740912 0.0713487 0.0669818 0.0615212 0.0554079 0.0489904 0.0425273 0.0361984 0.0301247 0.0243949 0.0190939 0.0143227 0.0101976 0.00682231 0.00424677
#pred catch len freq
 0.00344245 0.00549952 0.00813098 0.0113294 0.0151152 0.0195108 0.0244757 0.0298685 0.0354641 0.0409981 0.0462082 0.0508714 0.0548352 0.0580268 0.060433 0.0620683 0.0629496 0.0630746 0.0623846 0.0607069 0.0577247 0.0530561 0.0464837 0.0382362 0.029106
 0.00374144 0.00591724 0.00863734 0.0118646 0.0156207 0.0199696 0.0249328 0.0304066 0.0361417 0.0417872 0.0469746 0.051416 0.0549763 0.0576812 0.0596562 0.0610389 0.061904 0.0622186 0.0618172 0.0603932 0.0575312 0.052832 0.0461409 0.0377823 0.0286183
 0.00387447 0.00616028 0.0090479 0.0125005 0.0165128 0.021089 0.0261767 0.0316265 0.037207 0.0426417 0.0476381 0.0519251 0.0553146 0.0577598 0.0593661 0.0603337 0.0608523 0.060986 0.060592 0.0593031 0.0566053 0.052025 0.0453953 0.0370796 0.0279873
 0.00404819 0.00642799 0.00942861 0.0130157 0.0171977 0.0219995 0.0273754 0.0331421 0.0389847 0.0445208 0.0493866 0.0533199 0.0562139 0.0581191 0.0591999 0.0596732 0.059741 0.0595062 0.0588776 0.0575145 0.0548812 0.050452 0.0440142 0.0359112 0.027049
 0.00427756 0.00678435 0.00993449 0.0136825 0.0180275 0.0229896 0.0285233 0.0344506 0.0404608 0.0461596 0.0511382 0.0550592 0.0577434 0.0592178 0.0596923 0.0594759 0.0588676 0.0580462 0.0569737 0.0553438 0.0526331 0.0483006 0.0420951 0.0343125 0.0258103
 0.00456241 0.00722854 0.0105688 0.0145254 0.0190861 0.024259 0.0299826 0.0360581 0.0421559 0.0478726 0.0528018 0.0566094 0.0591063 0.0602901 0.0603376 0.0595507 0.0582675 0.0567478 0.0550524 0.0529633 0.0500156 0.045687 0.0397039 0.0323035 0.0242635
 0.00485602 0.00769146 0.0112399 0.0154351 0.0202551 0.025696 0.0316756 0.0379643 0.0441968 0.0499386 0.0547659 0.0583468 0.0605116 0.061283 0.0608528 0.0595217 0.0576249 0.0554417 0.0530916 0.0504486 0.0471448 0.0427253 0.036927 0.0299353 0.0224296
 0.00514182 0.00814182 0.0118928 0.0163208 0.0213972 0.0271096 0.0333598 0.0398916 0.0463038 0.052124 0.056897 0.0602748 0.0620923 0.0623975 0.0614172 0.0594838 0.0569517 0.0541155 0.0511249 0.0479162 0.044211 0.0396395 0.033979 0.027383 0.0204333
 0.00543673 0.00860779 0.0125706 0.0172439 0.0225915 0.028591 0.0351264 0.0419124 0.0485119 0.0544159 0.0591386 0.0623137 0.0637755 0.0635896 0.0620158 0.0594249 0.0562073 0.0526873 0.0490483 0.0452771 0.0411692 0.0364348 0.0308987 0.0246954 0.0183159
