SBPRF35
9.99611
Curr Bio
562146
B35
741013
F35
0.189473
FOFL
0.147891
OFL
70071.1
Bzero
2.85603e+06
#pred survey bio
 4.20632e+06 4.0017e+06 3.81974e+06 3.59025e+06 3.31816e+06 3.04374e+06 2.75148e+06 2.47456e+06 2.214e+06 1.98128e+06 1.73676e+06 1.52487e+06 1.34411e+06 1.18906e+06 1.04553e+06 943402 850860 790509 725199 671413 648225 619142 593551 577031 563461 565343 560422 567153 564531 569864 573991 577113 572804 556008 551559 545632 528969 523401 529889 535807 540605 541880 543995 545036 546873 552316 564563 579732 583244 592379 598420 566743 581900 537667 575496 604076 619748 605668 585483 532415 528443 536874 510684 550797 597479 568175 567024 2.06856e+07 1.27083e+07 1.32416e+07 1.42459e+07 1.55183e+07 1.68346e+07 1.80473e+07 1.90848e+07 1.9929e+07 2.05925e+07 2.11018e+07 2.14863e+07 2.17736e+07 2.19872e+07 2.21454e+07 2.22627e+07 2.23498e+07 2.24147e+07 2.24633e+07 2.24999e+07 2.25276e+07 2.25487e+07 2.25648e+07 2.25772e+07 2.25868e+07 2.25942e+07 2.26e+07 2.26044e+07 2.2608e+07 2.26107e+07 2.26129e+07 2.26146e+07 2.2616e+07 2.26171e+07 2.26179e+07 2.26186e+07 2.26191e+07 2.26195e+07 2.26199e+07 2.26202e+07 2.26204e+07 2.26205e+07 2.26207e+07 2.26208e+07 2.26209e+07 2.26209e+07 2.2621e+07 2.2621e+07 2.26211e+07 2.26211e+07 2.26211e+07 2.26211e+07 2.26212e+07 2.26212e+07 2.26212e+07 2.26212e+07 2.26212e+07 2.26212e+07 2.26212e+07 2.26212e+07 2.26212e+07 2.26212e+07 2.26212e+07 2.26212e+07 2.26212e+07 2.26212e+07 2.26212e+07 2.26212e+07 2.26212e+07 2.26212e+07 2.26212e+07 2.26212e+07 2.26212e+07 2.26212e+07 2.26212e+07 2.26212e+07 2.26212e+07 2.26212e+07 2.26212e+07 2.26212e+07 2.26212e+07 2.26212e+07 2.26212e+07 2.26212e+07 2.26212e+07 2.26212e+07 2.26212e+07 2.26212e+07 2.26212e+07 2.26212e+07 2.26212e+07 2.26212e+07 2.26212e+07 2.26212e+07 2.26212e+07 2.26212e+07 2.26212e+07 2.26212e+07 2.26212e+07 2.26212e+07 0 0 0 0 0 0 0 0 0 0 0 0 0 0 0 0 0 0 0 0 0 0 0 0 0
#obs survey bio
 5.56086e+06 3.79114e+06 3.37718e+06 3.46794e+06 2.07052e+06 3.82664e+06 1.72027e+06 1.9133e+06 2.2049e+06 2.03161e+06 1.9028e+06 1.35479e+06 982316 1.1807e+06 964774 723862 470522 627179 538715 1.06081e+06 803642 646234 514994 395742 580317 456039 545017 543181 488152 655656 681433 376435 581362 473162 663611 403437 626526 720360 616355 561877 542362 642548 485263 514012 641382 351396 585480 917392 652869 570656 637731 762342 531194 453043 417976 612129 495081 734874 517986 687654 662522 457114 366525 640690 715421 576196 593180
#pred catch bio
 112063 98916.5 154031 210185 233601 273741 284700 293411 288377 314478 296430 276838 259845 252938 218813 211475 182919 183148 166195 133761 133597 126178 115767 111998 98838.8 104707 94915.8 102476 94816.4 94874.7 94484.1 98808.1 105722 91082.2 89007.2 96480.2 88503.3 81474.8 84187.8 85965.4 89169.3 88754.1 90375.5 90743.7 89015.2 84779.1 83545.4 93406.4 88133.1 90607.8 121001 80641.2 130440 61590.9 72651.4 83995.8 107963 111520 137379 94770.9 85826.3 115326 61846.2 61138.9 125035 99427.1 78338.7 70071.1 90029.9 92719.9 98621.8 106985 115855 123981 130811 136233 140363 143414 145617 147178 148270 149025 149542 149894 150132 150292 150399 150471 150519 150551 150572 150587 150596 150602 150606 150609 150611 150612 150613 150613 150613 150614 150614 150614 150614 150614 150614 150614 150614 150614 150614 150614 150614 150614 150614 150614 150614 150614 150614 150614 150614 150614 150614 150614 150614 150614 150614 150614 150614 150614 150614 150614 150614 150614 150614 150614 150614 150614 150614 150614 150614 150614 150614 150614 150614 150614 150614 150614 150614 150614 150614 150614 150614 150614 150614 150614 150614 150614 150614 150614 150614 150614 150614 150614 150614 150614 150614 0 0 0 0 0 0 0 0 0 0 0 0 0 0 0 0 0 0 0 0 0 0 0 0 0
#obs catch bio
 0 98528.8 154471 210846 234666 275048 286959 297630 292584 320737 300465 280906 263820 258221 222306 216543 188184 189043 171109 135080 134400 126812 116298 113173 99761.2 106360 95889.9 104092 95883.1 95682.1 94938.8 99797.1 106975 91386.1 89089.1 97022.1 88466.2 81179.2 83557.1 85262.8 88295.1 87899.7 89877.9 90327.1 88950.9 84989 83460.2 93094.3 87547.1 89624.7 120590 79209.3 129893 60864.2 72352.9 83477.8 107583 110011 136363 93873.5 84532 114906 61420.1 60583 125086 99261 78174.1
#pred cpue bio
 4.14803e+06 3.9463e+06 3.7666e+06 3.5382e+06 3.267e+06 2.99338e+06 2.70205e+06 2.42588e+06 2.1663e+06 1.93487e+06 1.69247e+06 1.48258e+06 1.30351e+06 1.14993e+06 1.00804e+06 906916 815542 756359 693300 641948 620340 592617 567902 551760 538383 540123 535368 542007 539688 545197 549595 552966 549198 533501 529916 524683 508034 501440 507059 512893 517813 519135 521090 521881 523406 528505 540383 555352 559092 568209 574191 543254 557840 514546 551110 579367 595230 581577 561542 509280 504985 513239 487540 526099 571922 543737 542316 1.98165e+07 1.21965e+07 1.26191e+07 1.3489e+07 1.47112e+07 1.6015e+07 1.72251e+07 1.82622e+07 1.91063e+07 1.97698e+07 2.0279e+07 2.06635e+07 2.09509e+07 2.11644e+07 2.13226e+07 2.14399e+07 2.1527e+07 2.15919e+07 2.16405e+07 2.16771e+07 2.17048e+07 2.17259e+07 2.1742e+07 2.17544e+07 2.1764e+07 2.17714e+07 2.17772e+07 2.17817e+07 2.17852e+07 2.17879e+07 2.17901e+07 2.17918e+07 2.17932e+07 2.17943e+07 2.17951e+07 2.17958e+07 2.17963e+07 2.17968e+07 2.17971e+07 2.17974e+07 2.17976e+07 2.17978e+07 2.17979e+07 2.1798e+07 2.17981e+07 2.17982e+07 2.17982e+07 2.17983e+07 2.17983e+07 2.17983e+07 2.17983e+07 2.17984e+07 2.17984e+07 2.17984e+07 2.17984e+07 2.17984e+07 2.17984e+07 2.17984e+07 2.17984e+07 2.17984e+07 2.17984e+07 2.17984e+07 2.17984e+07 2.17984e+07 2.17984e+07 2.17984e+07 2.17984e+07 2.17984e+07 2.17984e+07 2.17984e+07 2.17984e+07 2.17984e+07 2.17984e+07 2.17984e+07 2.17984e+07 2.17984e+07 2.17984e+07 2.17984e+07 2.17984e+07 2.17984e+07 2.17984e+07 2.17984e+07 2.17984e+07 2.17984e+07 2.17984e+07 2.17984e+07 2.17984e+07 2.17984e+07 2.17984e+07 2.17984e+07 2.17984e+07 2.17984e+07 2.17984e+07 2.17984e+07 2.17984e+07 2.17984e+07 2.17984e+07 2.17984e+07 2.17984e+07 2.17984e+07 0 0 0 0 0 0 0 0 0 0 0 0 0 0 0 0 0 0 0 0 0 0 0 0 0
#obs cpue bio
 3.0528e+06 2.49836e+06 2.62675e+06 4.60692e+06 2.74298e+06 3.22308e+06 2.51422e+06 1.52716e+06 1.75891e+06 1.48678e+06 1.99166e+06 1.30011e+06 1.40976e+06 745425 960756 652240 625661 648521 682356 687552 639788 538801 580367 513078 385475 440681 512723 399239 582275 525835 536428 526022 500826 820133 516393 568412 605758 462420 699624 566269 681774 481793 473576 557978 346466 605330 662631 534282 632264 842379 492470 789976 537599 620060 694654 655437 714637 892481 597562 431064 721877 480876 539424 558633 503427 433370 487210
#pred surv len freq
 0.00511941 0.00824316 0.0122791 0.0171705 0.0227865 0.0288585 0.0349423 0.0405108 0.0451456 0.0486764 0.0511684 0.0528117 0.0538168 0.0543623 0.0545782 0.0545469 0.0543144 0.0538943 0.0532343 0.0521415 0.0502249 0.046957 0.0419169 0.0351176 0.0271825
 0.00534403 0.00852175 0.0125428 0.0173133 0.0227087 0.0285262 0.034426 0.0399672 0.0447457 0.0485213 0.0512478 0.053026 0.0540437 0.0545239 0.0546729 0.0546375 0.0544825 0.0541847 0.0536173 0.0525141 0.0504542 0.0469464 0.0416552 0.0346818 0.0266951
 0.00556756 0.00888319 0.0130767 0.0180338 0.0235874 0.0294719 0.0352842 0.0405611 0.0449512 0.0483337 0.0507872 0.0524713 0.053539 0.0541242 0.0543579 0.0543667 0.0542411 0.0539866 0.0534718 0.0523926 0.050289 0.0466668 0.0412349 0.0341608 0.0261593
 0.00580106 0.00925599 0.013626 0.0187918 0.0245764 0.0306927 0.0366973 0.0420669 0.0463869 0.0495006 0.0515095 0.052661 0.0532301 0.0534492 0.053481 0.0534191 0.053296 0.0530723 0.0525939 0.0515425 0.0494462 0.0458105 0.0403666 0.0333187 0.0254077
 0.00606756 0.0096798 0.0142467 0.0196412 0.0256747 0.0320422 0.0382724 0.0438067 0.0481928 0.0512387 0.0530179 0.053769 0.0537945 0.0533997 0.052848 0.0523219 0.0518951 0.0515157 0.0509857 0.049942 0.047885 0.0443149 0.0389748 0.0320848 0.0243882
 0.0063702 0.0101553 0.0149322 0.0205619 0.0268422 0.0334513 0.0398951 0.0455878 0.0500517 0.0530766 0.0547231 0.0552174 0.0548532 0.0539414 0.0527808 0.051622 0.0506223 0.0497984 0.0489828 0.047805 0.0457399 0.0422653 0.0371126 0.0304908 0.0231204
 0.00672919 0.0107218 0.0157529 0.0216687 0.0282474 0.0351402 0.0418176 0.0476564 0.0521527 0.0550906 0.0565411 0.0567455 0.0560052 0.054631 0.0529223 0.0511459 0.049502 0.0480733 0.0467639 0.0452585 0.0430589 0.0396432 0.0347225 0.0284676 0.0215416
 0.00701132 0.011183 0.0164516 0.0226608 0.0295753 0.0368157 0.0438037 0.0498611 0.0544418 0.0573138 0.0585579 0.05844 0.0572892 0.0554371 0.0531937 0.0508307 0.0485597 0.0464959 0.0446021 0.0426375 0.0401735 0.0367303 0.0320191 0.0261651 0.01975
 0.00725966 0.0115834 0.0170494 0.0234993 0.0306917 0.0382328 0.0455171 0.0518276 0.0565764 0.0594962 0.0606469 0.0602917 0.0587751 0.056456 0.053674 0.050723 0.0478307 0.0451325 0.0426301 0.0401475 0.0373356 0.0337826 0.0292251 0.0237537 0.0178621
 0.00745415 0.0119013 0.0175314 0.024186 0.0316178 0.0394175 0.0469535 0.0534777 0.0583751 0.0613606 0.0624834 0.0619987 0.060245 0.0575812 0.0543554 0.0508793 0.0474027 0.0440889 0.0409792 0.0379571 0.034751 0.0310245 0.0265551 0.0214131 0.0160103
 0.00777952 0.0124097 0.0182587 0.0251534 0.0328306 0.0408631 0.0485965 0.0552559 0.0602034 0.0631432 0.0641274 0.0634233 0.0613831 0.0583756 0.0547526 0.0508255 0.0468464 0.0429906 0.0393302 0.0358033 0.0322145 0.0283063 0.0239058 0.0190737 0.0141477
 0.00815615 0.012997 0.0190959 0.0262596 0.034202 0.0424696 0.0503767 0.0571176 0.0620357 0.0648367 0.0655922 0.0645959 0.0622236 0.0588596 0.0548626 0.0505423 0.0461449 0.0418439 0.0377255 0.0337681 0.0298428 0.0257683 0.0214247 0.0168724 0.012386
 0.00852236 0.0135751 0.0199333 0.0273875 0.0356287 0.0441708 0.0522854 0.0591224 0.063996 0.0666101 0.0670611 0.0656821 0.0628899 0.0591019 0.0546966 0.0499891 0.0452193 0.0405513 0.036071 0.0317793 0.027596 0.0234028 0.0191291 0.01484 0.0107586
 0.00883301 0.0140722 0.0206664 0.028397 0.0369377 0.045773 0.054131 0.0611124 0.0659928 0.0684611 0.068625 0.066849 0.0635924 0.0593174 0.0544412 0.0493035 0.0441522 0.0391469 0.0343681 0.0298241 0.0254633 0.0212112 0.0170345 0.0130017 0.0092929
 0.00927017 0.0147452 0.0216094 0.0296182 0.0384211 0.0474813 0.056004 0.0630632 0.0679093 0.070217 0.0700954 0.067927 0.0642016 0.0594208 0.0540432 0.0484436 0.0428926 0.0375585 0.0325221 0.0277938 0.0233358 0.0190977 0.0150661 0.0113057 0.00795742
 0.00951385 0.0151431 0.0222105 0.0304659 0.0395417 0.0488672 0.0575994 0.0647653 0.0695893 0.0717505 0.0713843 0.0689024 0.0648169 0.0596441 0.0538574 0.0478518 0.0419218 0.036258 0.030959 0.026049 0.0215041 0.0172884 0.0133957 0.00987874 0.00684174
 0.00955266 0.015241 0.0224227 0.0308665 0.0402067 0.0498468 0.0588909 0.0663009 0.0712462 0.0733765 0.0728283 0.0700413 0.0655708 0.0599791 0.0537762 0.0473805 0.0410993 0.0351336 0.0295937 0.0245186 0.0198999 0.0157136 0.0119551 0.00866066 0.00589849
 0.00930801 0.0148869 0.0219736 0.0303714 0.0397464 0.0495221 0.0588076 0.0665497 0.0718776 0.0743768 0.0741095 0.0714554 0.066945 0.0611554 0.0546402 0.0478709 0.041203 0.0348738 0.0290198 0.0237008 0.0189259 0.0146833 0.0109691 0.00780386 0.00522406
 0.00915472 0.0146524 0.0216496 0.0299641 0.0392799 0.0490418 0.0583816 0.0662644 0.0718224 0.0746203 0.0746761 0.0723108 0.0679972 0.0622722 0.0556769 0.0487005 0.0417388 0.0350787 0.0289038 0.0233122 0.0183407 0.0139937 0.0102701 0.00717633 0.00472075
 0.009223 0.014725 0.0216885 0.0299123 0.0390787 0.0486585 0.0578328 0.0656216 0.0711965 0.0741332 0.0744323 0.0723756 0.0683828 0.0629326 0.0565139 0.0495836 0.0425338 0.0356766 0.0292417 0.0233801 0.0181765 0.0136687 0.00986932 0.00677893 0.00438336
 0.00930428 0.0148243 0.0217759 0.0299354 0.0389722 0.0483617 0.0573105 0.0648816 0.0702987 0.0731885 0.0735863 0.0717774 0.0681472 0.0631079 0.0570698 0.0504194 0.0435044 0.0366272 0.0300417 0.0239485 0.0184917 0.013762 0.00980621 0.00663479 0.00422235
 0.00947058 0.0150799 0.0221306 0.0303825 0.0394823 0.0488782 0.0577491 0.0651411 0.0702875 0.072859 0.072961 0.0709532 0.0672732 0.0623458 0.0565492 0.0502035 0.0435773 0.0369063 0.0304095 0.0242913 0.018731 0.0138694 0.00979822 0.00655425 0.00411608
 0.00970952 0.0154351 0.0226034 0.0309523 0.0401125 0.0495244 0.0583642 0.0656725 0.0706745 0.0730359 0.072872 0.070575 0.0666352 0.0615355 0.0556959 0.0494426 0.0430098 0.0365705 0.0302776 0.0242903 0.0187775 0.0139002 0.00978556 0.00650231 0.00404575
 0.00983862 0.0156408 0.0229041 0.0313592 0.0406236 0.0501183 0.0589954 0.0662762 0.0711798 0.0733832 0.0730226 0.0705106 0.066355 0.0610593 0.0550711 0.0487465 0.0423366 0.0360049 0.0298681 0.0240374 0.018643 0.0138315 0.0097395 0.00645681 0.00399782
 0.00990876 0.0157537 0.0230722 0.0315938 0.0409337 0.0505069 0.0594546 0.0667825 0.0716926 0.0738487 0.0733832 0.0707161 0.0663732 0.0608813 0.0547132 0.0482497 0.041763 0.0354279 0.0293555 0.0236331 0.0183576 0.0136469 0.00962419 0.00638207 0.00394559
 0.0098376 0.0156438 0.0229185 0.031398 0.0407064 0.0502703 0.0592434 0.06664 0.0716611 0.0739549 0.0736263 0.0710638 0.0667682 0.0612556 0.0550061 0.048423 0.0418092 0.0353697 0.0292355 0.023498 0.0182424 0.0135666 0.00957633 0.00635549 0.0039296
 0.00983984 0.0156475 0.0229236 0.031404 0.0407115 0.0502714 0.0592366 0.066624 0.0716405 0.0739426 0.0736408 0.0711224 0.0668764 0.061401 0.0551588 0.0485452 0.0418694 0.0353545 0.0291542 0.023377 0.0181135 0.0134547 0.00949319 0.00630077 0.0038965
 0.00967322 0.0153986 0.0225906 0.0310003 0.0402636 0.0498132 0.0588049 0.0662557 0.0713689 0.0737937 0.0736293 0.0712507 0.0671349 0.0617681 0.0556005 0.0490167 0.0423216 0.0357446 0.0294558 0.0235856 0.0182426 0.0135273 0.00953151 0.00632073 0.00390709
 0.00960584 0.0152922 0.0224368 0.0307948 0.0400083 0.0495192 0.0584943 0.065959 0.0711191 0.0736174 0.0735415 0.0712544 0.0672258 0.0619377 0.0558368 0.0493022 0.0426309 0.0360472 0.0297223 0.0237957 0.0183903 0.0136196 0.00958297 0.00634662 0.00391906
 0.00948779 0.0151061 0.0221678 0.0304343 0.0395564 0.0489887 0.057915 0.0653785 0.0705967 0.0732123 0.0733001 0.0712012 0.0673601 0.0622368 0.0562632 0.0498114 0.0431777 0.0365886 0.0302207 0.024222 0.0187281 0.0138669 0.00974992 0.0064507 0.00397907
 0.00943831 0.0150206 0.0220299 0.0302255 0.0392609 0.0485997 0.057442 0.0648501 0.0700579 0.0727169 0.0729018 0.0709455 0.0672771 0.0623358 0.0565309 0.0502149 0.043671 0.037121 0.0307437 0.0246953 0.019124 0.0141726 0.00996742 0.00659288 0.00406429
 0.00923336 0.014726 0.0216573 0.0298083 0.0388419 0.0482132 0.0571006 0.0645462 0.0697766 0.072452 0.0726649 0.0707648 0.0671881 0.0623695 0.0567042 0.0505245 0.0440934 0.0376164 0.0312641 0.0251933 0.0195613 0.0145257 0.0102291 0.00677056 0.00417446
 0.00894741 0.0143 0.0210899 0.0291276 0.0381016 0.0474834 0.0564565 0.0640547 0.0694808 0.0723577 0.07274 0.0709558 0.0674453 0.062666 0.0570376 0.0509059 0.044531 0.0381039 0.0317779 0.0256985 0.0200206 0.01491 0.0105241 0.00697739 0.00430648
 0.00885758 0.0141456 0.0208435 0.0287621 0.0376017 0.0468601 0.0557586 0.0633661 0.0688996 0.0719658 0.072578 0.0710148 0.0676776 0.0630073 0.0574316 0.0513183 0.0449504 0.0385308 0.032211 0.0261255 0.0204196 0.0152566 0.0108005 0.00717836 0.00443897
 0.00886532 0.0141277 0.0207598 0.028556 0.0372135 0.0462504 0.054931 0.0623785 0.0678579 0.0710035 0.0718273 0.0705763 0.0675966 0.0632652 0.0579572 0.0520151 0.0457254 0.0393133 0.0329555 0.026804 0.0210124 0.0157488 0.0111837 0.0074545 0.00462131
 0.00950607 0.015032 0.0218648 0.029712 0.0382197 0.0469162 0.0551294 0.0620697 0.0670845 0.0698736 0.0704951 0.0692189 0.0663835 0.0623261 0.0573583 0.0517538 0.045745 0.03953 0.0332846 0.0271764 0.0213784 0.0160753 0.0114514 0.00765584 0.00475927
 0.0101372 0.0160308 0.023309 0.031634 0.0405748 0.0495476 0.0577521 0.0643053 0.0685586 0.0703365 0.0699013 0.0677251 0.0642797 0.0599443 0.0549967 0.0496318 0.043987 0.0381726 0.0323003 0.0265028 0.0209436 0.0158126 0.0113053 0.00758293 0.00472796
 0.009989 0.0158891 0.0232801 0.0318805 0.0412749 0.050827 0.0596155 0.0666025 0.0709991 0.0725484 0.0715185 0.0684815 0.0640803 0.0588853 0.0533244 0.0476593 0.0420076 0.0364011 0.0308521 0.0254064 0.0201681 0.0152983 0.0109855 0.00739735 0.0046282
 0.00966157 0.0153861 0.0225848 0.031015 0.0403178 0.0499253 0.0589808 0.0664695 0.0715452 0.0738037 0.0733185 0.070497 0.0659183 0.060214 0.0539687 0.047632 0.041472 0.0355911 0.02999 0.024648 0.0195876 0.0149029 0.0107435 0.0072641 0.00456246
 0.00955536 0.0151983 0.0222746 0.0305378 0.039639 0.0490446 0.0579576 0.0654365 0.0706967 0.0733543 0.0734377 0.07124 0.0671831 0.0617548 0.0554704 0.0488171 0.042188 0.0358389 0.0298888 0.0243635 0.0192656 0.0146333 0.0105583 0.00715644 0.00450929
 0.00957553 0.0152183 0.0222796 0.0305015 0.039525 0.0488121 0.0575714 0.0648825 0.0700013 0.0725997 0.0727617 0.0708088 0.0671371 0.0621479 0.0562335 0.049772 0.0431124 0.0365506 0.0303045 0.0245066 0.0192265 0.0145147 0.0104357 0.00706559 0.00445553
 0.00966612 0.0153541 0.0224617 0.030721 0.0397617 0.0490347 0.0577377 0.064943 0.0699088 0.0723257 0.0723161 0.0702528 0.0665802 0.0617211 0.0560435 0.0498545 0.0434129 0.0369473 0.0306644 0.0247406 0.0193149 0.0144934 0.0103619 0.00698647 0.00439543
 0.00975364 0.0154881 0.0226478 0.0309578 0.0400407 0.0493391 0.0580422 0.0652126 0.0701016 0.0723996 0.0722383 0.0700116 0.0661971 0.0612556 0.0555846 0.0494945 0.0432123 0.0369097 0.0307378 0.0248478 0.0193922 0.0145143 0.0103351 0.00693782 0.00434802
 0.0098209 0.0155961 0.0228073 0.0311771 0.0403226 0.0496775 0.0584178 0.0655931 0.0704454 0.0726631 0.0723832 0.0700107 0.0660394 0.0609527 0.055175 0.0490413 0.042788 0.036573 0.0305131 0.024721 0.0193254 0.0144694 0.0102909 0.00689104 0.00430518
 0.00983147 0.0156191 0.0228529 0.0312588 0.0404543 0.0498688 0.0586692 0.0658927 0.0707692 0.0729782 0.0726523 0.0701972 0.0661135 0.0608975 0.0549924 0.0487553 0.0424428 0.0362227 0.0302059 0.024484 0.0191605 0.0143605 0.0102172 0.00683785 0.0042656
 0.00977052 0.0155303 0.0227389 0.0311301 0.0403284 0.0497675 0.0586153 0.0659064 0.0708635 0.0731536 0.0728932 0.0704733 0.0663844 0.0611217 0.0551364 0.0488017 0.0423952 0.0361048 0.0300536 0.0243332 0.0190353 0.0142693 0.0101561 0.00679794 0.00423921
 0.00958035 0.0152461 0.0223582 0.0306684 0.0398171 0.049248 0.0581348 0.0655146 0.070607 0.0730677 0.0729931 0.0707485 0.0668 0.0616237 0.0556621 0.0492919 0.042806 0.0364151 0.0302655 0.0244661 0.0191146 0.014317 0.0101862 0.00681722 0.0042507
 0.00939738 0.0149584 0.0219443 0.0301183 0.0391373 0.0484681 0.0573126 0.0647329 0.0699585 0.0726333 0.0728234 0.0708567 0.0671638 0.0621928 0.0563674 0.0500556 0.0435532 0.0370856 0.0308228 0.0248984 0.0194308 0.0145372 0.010333 0.00691084 0.00430716
 0.00941394 0.0149709 0.0219362 0.0300638 0.0390066 0.0482366 0.0569706 0.0642923 0.0694549 0.0721215 0.0723692 0.0705241 0.0670011 0.0622219 0.0565791 0.050413 0.0440005 0.0375608 0.0312701 0.0252792 0.0197274 0.0147505 0.0104758 0.00700026 0.00435963
 0.00940855 0.0149583 0.0219095 0.0300125 0.0389167 0.0480923 0.0567575 0.0640021 0.0690906 0.071703 0.0719347 0.0701263 0.0666976 0.0620621 0.0565916 0.050598 0.0443293 0.0379826 0.0317251 0.0257116 0.020097 0.0150379 0.0106805 0.00713426 0.00444041
 0.00934666 0.014873 0.0218091 0.029913 0.0388359 0.0480403 0.0567297 0.0639784 0.0690426 0.0716046 0.0717727 0.0699072 0.0664489 0.0618277 0.0564211 0.0505326 0.0443893 0.0381611 0.0319899 0.0260163 0.0203948 0.0152937 0.0108766 0.00726971 0.00452507
 0.0096785 0.0153762 0.0224985 0.030777 0.0398388 0.0491273 0.0578281 0.0649982 0.0698815 0.0721626 0.0719718 0.0697107 0.0658733 0.0609427 0.0553377 0.0493805 0.0432904 0.0372067 0.031229 0.0254559 0.0200106 0.015046 0.0107246 0.00717985 0.00447366
 0.00951723 0.0151373 0.0221827 0.0304022 0.0394372 0.04874 0.0575006 0.0647763 0.0698048 0.0722532 0.0722235 0.0700826 0.0662964 0.0613388 0.0556445 0.0495707 0.0433769 0.0372302 0.0312366 0.0254812 0.0200651 0.0151218 0.010805 0.00724985 0.0045254
 0.00998845 0.0158556 0.0231732 0.0316527 0.0408977 0.050326 0.0590954 0.0662377 0.0709849 0.073029 0.0725246 0.0699029 0.0656861 0.0603836 0.0544437 0.0482235 0.0419768 0.0358652 0.0299858 0.0244071 0.0192039 0.0144791 0.0103594 0.0069632 0.00435454
 0.00939469 0.0149793 0.0220216 0.0302947 0.039451 0.048931 0.0578926 0.0653535 0.070518 0.073033 0.0729919 0.070762 0.0668156 0.0616394 0.0556882 0.0493483 0.0429154 0.0365944 0.0305188 0.0247802 0.0194609 0.0146582 0.0104869 0.00705386 0.00441663
 0.00918386 0.0146119 0.0214269 0.0294022 0.0382197 0.0473886 0.0561645 0.0636536 0.069095 0.0720967 0.072658 0.071037 0.0676161 0.062825 0.0570936 0.0508112 0.0442988 0.0378029 0.0315045 0.0255379 0.0200154 0.0150484 0.0107526 0.0072288 0.00452685
 0.00925181 0.0146979 0.0215077 0.0294327 0.0381339 0.0471097 0.0556242 0.0628201 0.0680037 0.0708667 0.0714773 0.0701126 0.0671096 0.0628048 0.0575249 0.0515802 0.0452541 0.0387958 0.0324184 0.0263024 0.0206053 0.0154731 0.0110404 0.00741346 0.00463906
 0.00947621 0.0150574 0.0220363 0.0301503 0.0390331 0.0481375 0.0566683 0.0637151 0.0685652 0.0709477 0.0710217 0.069184 0.0658794 0.0615021 0.0563673 0.0507133 0.0447245 0.0385625 0.0323902 0.0263801 0.020712 0.0155652 0.0111032 0.00744973 0.00465758
 0.00965814 0.0153495 0.0224691 0.0307504 0.0398174 0.0491045 0.0577842 0.0649023 0.0697002 0.0718736 0.0715776 0.069247 0.0654073 0.060559 0.0551139 0.0493612 0.0434719 0.0375415 0.0316464 0.0258875 0.0204076 0.0153826 0.0109925 0.00738055 0.00461414
 0.00997422 0.0158656 0.0232484 0.0318481 0.0412641 0.050882 0.0598042 0.0670043 0.0716771 0.0735132 0.0727 0.0697258 0.0651809 0.0596413 0.0536027 0.0474333 0.0413555 0.0354678 0.0297995 0.024373 0.0192512 0.0145522 0.0104277 0.00701605 0.00439194
 0.00982959 0.0156414 0.022935 0.0314538 0.0408253 0.0504714 0.0595307 0.0669922 0.0720251 0.074249 0.0737545 0.0709438 0.0663613 0.0605886 0.0541731 0.0475662 0.0410834 0.034901 0.0290884 0.0236616 0.0186407 0.0140878 0.0101082 0.00681426 0.0042737
 0.00997251 0.0158094 0.0230696 0.0314635 0.0406135 0.0499815 0.058785 0.0661033 0.0711717 0.0736261 0.073518 0.0711641 0.0670006 0.0615092 0.0551776 0.0484562 0.0417148 0.0352178 0.029122 0.0235024 0.0183953 0.0138425 0.00991156 0.00667958 0.00419243
 0.0103594 0.0164302 0.0239825 0.0326997 0.0421507 0.0517143 0.060511 0.0675537 0.0720912 0.073869 0.0731052 0.0702671 0.0658648 0.0603602 0.0541541 0.0475914 0.0409634 0.0345077 0.0284042 0.022775 0.0176978 0.0132292 0.00942327 0.00632914 0.00396576
 0.00970814 0.0154708 0.0227269 0.0312337 0.0406223 0.050304 0.0593986 0.0668819 0.0719288 0.0741859 0.0737812 0.0711427 0.0668065 0.0613008 0.0550847 0.0485193 0.0418728 0.0353485 0.0291118 0.0233029 0.0180387 0.0134136 0.00950161 0.00635014 0.0039638
 0.00946688 0.0150353 0.0219968 0.0301029 0.0390216 0.048261 0.0570823 0.0645936 0.0700262 0.0729717 0.0734118 0.0715968 0.0679195 0.062838 0.0568178 0.0502754 0.043542 0.0368634 0.0304247 0.0243776 0.0188585 0.0139901 0.00987325 0.00656969 0.00408314
 0.00988296 0.0156902 0.0229346 0.0313292 0.040479 0.0498054 0.0584811 0.0655707 0.0703555 0.0725756 0.0724025 0.0702287 0.066482 0.0615539 0.0557966 0.049527 0.0430216 0.036513 0.0301927 0.0242221 0.0187462 0.013898 0.00979078 0.00649666 0.00402395
 0.00933769 0.0149423 0.0220663 0.0305066 0.0399085 0.04966 0.0588317 0.0663549 0.0713925 0.0736186 0.073214 0.070657 0.066509 0.0612876 0.0554101 0.0491797 0.0428058 0.036445 0.030238 0.0243284 0.0188664 0.0140008 0.00986206 0.00653653 0.00404058
#obs surv len freq
 nan nan nan nan nan nan nan nan nan nan nan nan nan nan nan nan nan nan nan nan nan nan nan nan nan
 0.00448757 0.00735027 0.0111815 0.0159988 0.0216998 0.0279751 0.0342884 0.0400185 0.0446968 0.0481592 0.0505156 0.0520101 0.052901 0.0534123 0.0537257 0.0539799 0.054258 0.0545504 0.0546889 0.0542808 0.0527189 0.0493514 0.0438017 0.0362825 0.027667
 0.00461988 0.00756751 0.0115121 0.0164692 0.0223284 0.0287613 0.0352033 0.0410021 0.0456668 0.0490275 0.0512053 0.0524665 0.0530969 0.0533476 0.0534229 0.0534763 0.0535972 0.0537751 0.0538383 0.0533917 0.0518305 0.0485069 0.0430461 0.035654 0.0271867
 0.0047791 0.00782964 0.0119127 0.0170437 0.0231047 0.0297491 0.0363816 0.0423137 0.0470234 0.0503245 0.0523373 0.0533409 0.0536441 0.0535279 0.0532297 0.0529334 0.0527512 0.0526867 0.0525745 0.0520236 0.0504339 0.0471629 0.0418355 0.0346434 0.0264129
 0.0049754 0.00814849 0.0123923 0.0177199 0.0240051 0.0308831 0.0377293 0.0438206 0.0486053 0.0518801 0.0537607 0.0545308 0.0545107 0.0539992 0.0532596 0.0525073 0.0518886 0.0514383 0.0510176 0.0502569 0.0485741 0.0453385 0.040173 0.0332462 0.0253391
 0.00518785 0.00849816 0.0129264 0.0184846 0.0250365 0.0321922 0.0392877 0.0455567 0.0504157 0.05365 0.0553818 0.0559082 0.0555622 0.0546537 0.0534576 0.0522074 0.0510753 0.0501312 0.0492776 0.0481888 0.0463232 0.0430783 0.0380813 0.0314709 0.0239665
 0.00541494 0.00886942 0.0134893 0.0192855 0.0261125 0.0335583 0.0409222 0.0473943 0.052355 0.055571 0.057164 0.057444 0.0567617 0.0554446 0.0537821 0.0520196 0.0503441 0.0488509 0.0474828 0.0459699 0.0438317 0.0405161 0.0356683 0.0293977 0.0223503
 0.00565583 0.00926275 0.0140845 0.02013 0.0272429 0.0349864 0.0426213 0.0492937 0.0543502 0.0575428 0.0589969 0.059035 0.0580231 0.056303 0.054177 0.0519016 0.0496756 0.0476128 0.0456912 0.0436964 0.0412199 0.0377769 0.0330468 0.0271173 0.020556
 0.00589417 0.0096543 0.0146814 0.0209833 0.0283927 0.0364465 0.0443628 0.05124 0.0563884 0.059546 0.0608454 0.0606274 0.0592781 0.0571565 0.0545767 0.0518027 0.0490401 0.0464154 0.0439351 0.0414373 0.0385877 0.0349782 0.0303346 0.0247324 0.0186629
 0.00613567 0.010052 0.0152893 0.021855 0.029571 0.0379463 0.0461546 0.0532434 0.0584834 0.0615963 0.0627213 0.06222 0.0605045 0.0579578 0.0549126 0.0516433 0.0483604 0.0451967 0.042179 0.0391902 0.0359659 0.0321767 0.0276019 0.0223128 0.0167299
 0.00638306 0.0104554 0.0158988 0.0227185 0.0307254 0.039404 0.0478882 0.0551795 0.0605113 0.0635876 0.0645496 0.0637747 0.0616978 0.0587266 0.0552158 0.0514562 0.0476676 0.0439905 0.0404675 0.0370182 0.0334398 0.0294759 0.0249597 0.0199638 0.0148446
 0.00660692 0.0108248 0.0164648 0.0235315 0.0318249 0.0408024 0.0495545 0.0570349 0.0624419 0.0654673 0.066261 0.0652201 0.0628007 0.0594302 0.055481 0.0512583 0.0469926 0.0428348 0.0388442 0.0349732 0.0310724 0.0269503 0.022489 0.0177637 0.0130746
 0.00682486 0.0111813 0.0170056 0.0243008 0.0328573 0.0421092 0.0511098 0.0587696 0.0642514 0.0672312 0.0678624 0.0665596 0.0638033 0.0600456 0.0556793 0.0510242 0.04632 0.0417259 0.0373153 0.0330698 0.0288869 0.0246311 0.0202272 0.0157523 0.0114562
 0.00705585 0.0115589 0.0175773 0.0251113 0.0339382 0.0434645 0.0527012 0.0605127 0.0660293 0.0689179 0.069345 0.0677497 0.0646394 0.060491 0.0557181 0.0506551 0.045551 0.0405712 0.0358 0.0312415 0.0268318 0.022482 0.0181518 0.0139186 0.00998667
 0.00727428 0.0119191 0.0181284 0.0259011 0.0350024 0.0448099 0.0542888 0.0622539 0.0677984 0.0705784 0.0707742 0.0688547 0.0653613 0.0608034 0.05562 0.0501625 0.0446887 0.0393689 0.0342942 0.0294851 0.0249069 0.0205065 0.0162703 0.0122724 0.0086764
 0.0074441 0.0121994 0.0185582 0.02652 0.0358429 0.0458855 0.0555808 0.0637045 0.0693168 0.0720552 0.0720984 0.0699279 0.0661085 0.0611782 0.0556058 0.0497677 0.0439394 0.0383014 0.032954 0.0279307 0.0232182 0.0187896 0.0146486 0.0108633 0.00756089
 0.00753002 0.0123394 0.0187706 0.0268236 0.0362569 0.0464258 0.0562555 0.0645091 0.0702303 0.0730387 0.0730959 0.070869 0.0669153 0.061776 0.0559334 0.0497861 0.0436352 0.0376857 0.0320598 0.0268119 0.0219509 0.0174708 0.013387 0.00975943 0.00668369
 0.00760684 0.0124609 0.0189472 0.0270633 0.0365641 0.0468009 0.0566939 0.0650013 0.0707647 0.0736037 0.0736794 0.0714536 0.067472 0.0622615 0.0562937 0.0499657 0.0435887 0.0373883 0.0315135 0.0260485 0.0210312 0.0164789 0.0124183 0.00890198 0.00599794
 0.00767346 0.012562 0.0190858 0.0272378 0.0367695 0.0470308 0.0569419 0.065262 0.0710348 0.0738826 0.0739694 0.0717576 0.0677886 0.0625788 0.0565851 0.0501901 0.0436972 0.0373357 0.0312719 0.0256183 0.0204455 0.0158001 0.0117253 0.00827128 0.0054847
 0.00773402 0.0126542 0.0192127 0.0273976 0.0369554 0.0472318 0.0571439 0.0654505 0.0711986 0.0740182 0.0740831 0.0718629 0.0679005 0.0627069 0.0567272 0.0503289 0.0438009 0.0373641 0.0311874 0.0253998 0.0200988 0.0153607 0.0112501 0.00782206 0.00510972
 0.00779159 0.0127419 0.0193336 0.02755 0.0371331 0.0474242 0.0573372 0.0656283 0.071345 0.0741228 0.0741437 0.0718869 0.0679027 0.0627045 0.0567339 0.0503488 0.0438242 0.0373682 0.0311422 0.0252792 0.0198924 0.0150816 0.0109325 0.00750987 0.00484155
 0.00782476 0.0127962 0.0194158 0.0276656 0.0372844 0.0476073 0.0575397 0.0658303 0.0715235 0.0742581 0.0742249 0.0719133 0.0678829 0.062653 0.0566676 0.050282 0.043764 0.0373105 0.0310729 0.0251794 0.0197485 0.0148935 0.0107167 0.00729351 0.00465172
 0.00788383 0.0128824 0.0195274 0.0277953 0.0374221 0.0477444 0.0576714 0.0659548 0.0716391 0.0743596 0.0743033 0.071959 0.0678892 0.0626201 0.0566025 0.0501967 0.0436706 0.0372164 0.0309779 0.0250765 0.0196292 0.0147544 0.010564 0.00714188 0.00451796
 0.00788399 0.0128854 0.0195365 0.0278145 0.0374536 0.0477865 0.0577175 0.0659959 0.0716688 0.0743782 0.0743181 0.0719789 0.0679191 0.0626572 0.056639 0.0502244 0.0436846 0.0372156 0.0309623 0.0250449 0.0195793 0.0146857 0.0104806 0.0070534 0.00443598
 0.00786857 0.0128569 0.0194878 0.0277381 0.0373453 0.0476496 0.0575657 0.0658512 0.0715544 0.0743113 0.074305 0.0720171 0.0680009 0.0627726 0.0567765 0.0503706 0.0438258 0.0373397 0.031061 0.0251134 0.0196161 0.0146925 0.0104629 0.00701991 0.0043971
 0.00790434 0.0129059 0.0195445 0.0277908 0.0373786 0.0476489 0.0575216 0.0657632 0.071432 0.0741728 0.0741738 0.0719151 0.0679429 0.0627633 0.0568114 0.0504388 0.0439134 0.0374325 0.0311461 0.0251812 0.019661 0.0147134 0.010463 0.00700557 0.00437602
 0.00789958 0.0128997 0.0195376 0.0277839 0.0373706 0.0476355 0.0574948 0.0657132 0.0713523 0.0740646 0.0740491 0.071794 0.0678483 0.0627136 0.0568151 0.0504934 0.0440072 0.0375487 0.0312668 0.025291 0.0197492 0.0147751 0.0104988 0.00702065 0.00437749
 0.00790021 0.0128984 0.0195313 0.027769 0.0373442 0.0475968 0.0574465 0.0656604 0.0712989 0.0740117 0.0739943 0.0717359 0.0677898 0.0626638 0.0567866 0.050497 0.0440469 0.0376198 0.0313577 0.0253868 0.0198362 0.0148439 0.0105461 0.007048 0.0043899
 0.00790248 0.0128951 0.0195137 0.0277248 0.0372616 0.04747 0.0572804 0.0654716 0.0711119 0.0738518 0.0738805 0.0716769 0.0677837 0.062702 0.0568589 0.0505953 0.044166 0.0377548 0.0315016 0.0255294 0.019966 0.0149516 0.0106266 0.00710171 0.00442156
 0.0078913 0.0128809 0.0194992 0.0277136 0.0372551 0.0474644 0.0572653 0.0654327 0.0710385 0.0737437 0.0737511 0.0715486 0.06768 0.0626392 0.0568426 0.0506221 0.0442275 0.0378415 0.0316039 0.0256377 0.0200706 0.0150433 0.0106993 0.00715348 0.00445433
 0.00785485 0.012821 0.0194084 0.0275862 0.0370901 0.0472692 0.0570569 0.0652354 0.0708757 0.0736295 0.0736874 0.0715292 0.0676976 0.0626905 0.0569274 0.0507397 0.0443736 0.0380072 0.0317778 0.0258077 0.0202258 0.0151752 0.0108029 0.00722792 0.00450291
 0.00782597 0.0127716 0.0193297 0.0274687 0.0369262 0.0470568 0.0568043 0.0649621 0.0706107 0.0734047 0.0735299 0.0714545 0.0677071 0.0627735 0.0570673 0.0509197 0.0445793 0.0382265 0.031999 0.0260191 0.0204163 0.015336 0.0109289 0.007319 0.00456305
 0.00779103 0.0127146 0.0192436 0.0273467 0.036763 0.046851 0.0565603 0.0646924 0.070335 0.073148 0.073319 0.0713135 0.067653 0.0628119 0.0571915 0.0511127 0.0448186 0.0384893 0.0322652 0.0262721 0.0206426 0.015526 0.0110777 0.00742669 0.00463453
 0.00775701 0.0126565 0.0191512 0.0272092 0.0365723 0.0466054 0.0562692 0.0643761 0.070021 0.072865 0.0730917 0.0711606 0.0675867 0.0628384 0.0573091 0.0513112 0.0450797 0.0387891 0.0325779 0.0265736 0.0209138 0.0157538 0.0112558 0.00755551 0.00472013
 0.00774901 0.0126394 0.0191176 0.0271492 0.036475 0.0464625 0.0560782 0.0641428 0.0697599 0.0725973 0.0728426 0.0709551 0.0674459 0.0627766 0.0573325 0.0514179 0.0452595 0.0390243 0.0328455 0.0268486 0.0211725 0.015978 0.0114349 0.00768698 0.00480846
 0.00936661 0.0149104 0.0218723 0.0300074 0.0389553 0.0481583 0.0567964 0.0639317 0.0688316 0.0712147 0.0712362 0.0692931 0.0658396 0.0612969 0.0560233 0.0503033 0.0443479 0.0383106 0.0323131 0.0264724 0.0209225 0.015823 0.0113461 0.00764065 0.0047868
 0.00931887 0.0151359 0.022747 0.0320011 0.0424299 0.0530929 0.0626122 0.0695846 0.0731825 0.0734756 0.0712283 0.0673931 0.0627104 0.0576018 0.0522611 0.0467785 0.0412154 0.0356334 0.030103 0.0247116 0.0195743 0.0148368 0.0106621 0.00719435 0.00451525
 0.00897824 0.014594 0.021976 0.0310422 0.0414509 0.0524307 0.062736 0.070932 0.075903 0.0772374 0.0752534 0.0707535 0.0647152 0.0580366 0.0513653 0.0450348 0.0391181 0.0335508 0.0282492 0.0231798 0.0183816 0.0139585 0.0100519 0.00679684 0.00427412
 0.00878897 0.014277 0.0214822 0.0303226 0.0404748 0.0512184 0.0614023 0.0697167 0.0751551 0.0773215 0.076391 0.0728694 0.0673962 0.0606644 0.0533667 0.0461001 0.0392667 0.0330363 0.0273982 0.0222649 0.0175707 0.0133231 0.00959881 0.00649964 0.0040944
 0.00872187 0.0141618 0.0212963 0.0300385 0.0400624 0.050652 0.0606731 0.0688497 0.0742295 0.076486 0.0758572 0.0728598 0.0680494 0.0619384 0.055009 0.0477291 0.0405275 0.033739 0.0275588 0.0220442 0.0171701 0.0129039 0.00925146 0.00625247 0.00393845
 0.00870648 0.0141314 0.0212402 0.0299421 0.0399084 0.0504235 0.0603566 0.0684387 0.0737287 0.0759203 0.0752836 0.0723775 0.067791 0.0620295 0.055505 0.0485637 0.0415156 0.0346467 0.0282026 0.0223579 0.0172039 0.0127702 0.00906193 0.0060805 0.00381402
 0.00867521 0.0140843 0.0211759 0.0298607 0.03981 0.0503058 0.0602141 0.0682629 0.0735108 0.0756551 0.0749759 0.0720496 0.0674896 0.061826 0.0554791 0.0487691 0.0419432 0.0352113 0.0287713 0.0228073 0.0174707 0.0128638 0.0090397 0.00600859 0.00373975
 0.00866815 0.0140698 0.0211488 0.0298147 0.0397403 0.0502115 0.0600997 0.068137 0.0733814 0.075525 0.0748408 0.0719031 0.0673321 0.0616738 0.0553678 0.0487456 0.0420447 0.0354415 0.0290887 0.0231386 0.0177433 0.0130371 0.00911498 0.00601597 0.00371564
 0.00867655 0.0140834 0.0211686 0.0298409 0.0397706 0.0502407 0.0601192 0.0681368 0.0733533 0.0754658 0.074753 0.071792 0.0672042 0.0615367 0.0552344 0.0486376 0.0419895 0.0354613 0.0291862 0.0232903 0.0179077 0.0131739 0.00920211 0.00605431 0.00372096
 0.00866639 0.014071 0.0211575 0.0298368 0.0397797 0.0502669 0.0601615 0.0681885 0.0734031 0.0755007 0.0747618 0.0717685 0.067148 0.0614532 0.0551342 0.0485352 0.0419032 0.0354097 0.0291818 0.0233327 0.0179815 0.0132548 0.00926855 0.00609584 0.00373918
 0.00865284 0.0140494 0.0211262 0.0297953 0.0397301 0.0502142 0.0601146 0.0681579 0.0733973 0.0755218 0.0748036 0.0718182 0.0671907 0.0614773 0.0551346 0.048515 0.0418722 0.0353818 0.0291704 0.0233456 0.0180171 0.0133032 0.00931634 0.00613274 0.0037616
 0.00864361 0.0140329 0.0210988 0.029753 0.0396697 0.0501356 0.0600226 0.0680626 0.0733127 0.075462 0.0747792 0.0718322 0.0672377 0.0615448 0.0552074 0.0485799 0.0419227 0.035419 0.0292008 0.0233769 0.0180538 0.0133443 0.00935653 0.00616615 0.00378492
 0.00863538 0.0140208 0.0210828 0.0297335 0.0396467 0.0501083 0.059989 0.0680206 0.0732621 0.0754066 0.0747265 0.0717924 0.0672197 0.0615527 0.0552385 0.0486261 0.0419739 0.0354669 0.0292421 0.0234126 0.0180865 0.0133757 0.00938589 0.00619112 0.00380353
 0.00863148 0.0140153 0.021076 0.0297263 0.0396403 0.0501037 0.0599864 0.0680189 0.0732589 0.0753984 0.0747107 0.0717688 0.0671915 0.0615264 0.0552211 0.048622 0.0419828 0.0354853 0.029265 0.0234361 0.018109 0.0133967 0.00940505 0.00620756 0.00381628
 0.00860848 0.0139806 0.0210288 0.029668 0.0395742 0.050035 0.0599212 0.0679642 0.0732206 0.0753802 0.0747125 0.0717867 0.0672201 0.0615607 0.0552582 0.0486614 0.0420251 0.0355303 0.029311 0.0234805 0.0181491 0.0134309 0.00943255 0.00622848 0.00383112
 0.00860848 0.0139806 0.0210288 0.029668 0.0395742 0.050035 0.0599212 0.0679642 0.0732206 0.0753802 0.0747125 0.0717867 0.0672201 0.0615607 0.0552582 0.0486614 0.0420251 0.0355303 0.029311 0.0234805 0.0181491 0.0134309 0.00943255 0.00622848 0.00383112
 0.00892229 0.0144706 0.0217266 0.0305839 0.0406889 0.0512907 0.061216 0.0691591 0.0741666 0.0759563 0.0748567 0.0715061 0.0665794 0.0606599 0.0542088 0.0475671 0.0409701 0.0345741 0.0284889 0.0228073 0.0176241 0.0130421 0.00916082 0.0060506 0.00372298
 0.0086006 0.0140001 0.0211176 0.0298841 0.0399759 0.0506552 0.0607455 0.0689236 0.0742051 0.0762642 0.0753821 0.0721601 0.0672601 0.0612784 0.0547081 0.0479273 0.0412018 0.0347057 0.0285538 0.0228342 0.017633 0.0130445 0.00916204 0.00605215 0.00372482
 0.00907176 0.0146946 0.0220299 0.0309629 0.0411386 0.0518124 0.0618188 0.0698491 0.0749288 0.0767399 0.0755748 0.0720541 0.0668643 0.0606269 0.0538555 0.0469417 0.0401567 0.0336727 0.0275955 0.021998 0.0169471 0.0125168 0.00878265 0.00579849 0.00356801
 0.00854191 0.0139195 0.0210234 0.029793 0.0399082 0.0506287 0.0607724 0.0690137 0.0743723 0.076527 0.0757534 0.0726291 0.0677785 0.0617648 0.0550707 0.0480959 0.041151 0.0344598 0.028174 0.0223967 0.0172075 0.0126798 0.00888125 0.00585642 0.00360094
 0.00838175 0.013598 0.020433 0.0288123 0.0384525 0.0487171 0.0585736 0.0668273 0.0725384 0.0753146 0.0752888 0.0728963 0.0686656 0.063114 0.0567085 0.0498473 0.0428551 0.0359893 0.0294506 0.0233941 0.0179413 0.0131905 0.00921828 0.00606701 0.00372493
 0.00851346 0.0137968 0.0206978 0.0291164 0.0387317 0.0488645 0.0584526 0.0663152 0.0715922 0.0740222 0.073866 0.0716178 0.0677676 0.0627226 0.0568235 0.050372 0.043643 0.0368854 0.0303223 0.0241495 0.0185353 0.0136188 0.00950353 0.0062433 0.00382627
 0.00874159 0.0141792 0.0212918 0.0299742 0.0398776 0.0502625 0.0599781 0.0677536 0.0726787 0.0745167 0.0736334 0.0706817 0.0663109 0.061031 0.0551936 0.0490263 0.0426847 0.036305 0.0300372 0.0240526 0.0185319 0.013645 0.00952742 0.00625579 0.00382948
 0.00873393 0.0141919 0.0213587 0.0301462 0.0402143 0.0508153 0.0607688 0.0687547 0.0738011 0.0756099 0.074507 0.0711509 0.0662571 0.0604508 0.0542096 0.047847 0.0415323 0.0353454 0.0293447 0.0236167 0.0182917 0.013528 0.0094751 0.00623202 0.0038169
 0.00919478 0.0149156 0.0223985 0.0315296 0.0419329 0.0528122 0.0629278 0.0709038 0.0757386 0.0771433 0.075485 0.0714765 0.0658887 0.059407 0.0525796 0.0457948 0.0392798 0.0331299 0.0273655 0.0219957 0.017064 0.0126609 0.00889969 0.00587178 0.00360419
 0.00882705 0.014385 0.0217269 0.0307864 0.0412237 0.0522562 0.0626353 0.0709583 0.0761822 0.0779622 0.0766013 0.0727529 0.0671509 0.0604765 0.053311 0.0461102 0.0391875 0.0327199 0.0267782 0.0213759 0.0165201 0.0122463 0.00861878 0.00569969 0.00350757
 0.00874876 0.0142063 0.0213679 0.0301544 0.0402535 0.0509644 0.0611591 0.0695423 0.0751078 0.0774536 0.076756 0.0735266 0.0683879 0.0619593 0.0548103 0.0474273 0.0401879 0.0333529 0.0270755 0.021427 0.0164343 0.0121165 0.00850222 0.00561821 0.00345995
 0.0092204 0.0149424 0.0224112 0.0315049 0.0418465 0.0526526 0.062713 0.0706946 0.0756414 0.0772935 0.0760059 0.0724223 0.0671954 0.0608795 0.0539321 0.0467364 0.0396104 0.0328063 0.0265089 0.0208371 0.0158572 0.0116027 0.00809108 0.0053235 0.00327067
 0.0086303 0.0140654 0.0212477 0.0301175 0.0403528 0.0512036 0.0614677 0.0697906 0.0751621 0.0772446 0.0763219 0.0730065 0.0679677 0.0617982 0.0549766 0.0478727 0.0407696 0.0338932 0.0274318 0.0215394 0.016332 0.0118854 0.00823772 0.00538914 0.00329584
 0.00847876 0.0137466 0.02064 0.0290792 0.038777 0.0490956 0.0590019 0.0672984 0.0730394 0.0758218 0.0757662 0.0732987 0.0689494 0.0632507 0.0566916 0.0496864 0.0425621 0.0355707 0.0289144 0.0227657 0.0172719 0.0125483 0.00866663 0.00564375 0.00343497
 0.00891227 0.0144264 0.0216075 0.0303318 0.040241 0.0506022 0.0602891 0.0680662 0.0730576 0.0750389 0.074348 0.071564 0.0672421 0.0618249 0.0556637 0.0490555 0.0422608 0.0355092 0.029004 0.0229273 0.0174423 0.0126866 0.00875678 0.00569005 0.0034518
