SBPRF35
12.7214
Curr Bio
799471
B35
850787
F35
0.172236
FOFL
0.164402
OFL
109551
Bzero
3.63469e+006
#pred survey bio
 3.13429e+006 2.85279e+006 2.61097e+006 2.36532e+006 2.10844e+006 1.85257e+006 1.62461e+006 1.42301e+006 1.26158e+006 1.13928e+006 1.00692e+006 880799 792723 732173 671675 629046 590099 563055 543128 530467 526273 525148 515679 519963 517636 532025 538802 544719 557583 564515 577810 594786 610878 612028 620401 627673 636050 644316 651947 650106 656599 656994 655819 656559 662496 667685 680939 746395 800631 819750 817095 809809 813067 819431 821256 836039 831269 813881 805510 2.8699e+007 1.73007e+007 1.76964e+007 1.86354e+007 1.99187e+007 2.13206e+007 2.26756e+007 2.38871e+007 2.4915e+007 2.57557e+007 2.64259e+007 2.69508e+007 2.73569e+007 2.76687e+007 2.7907e+007 2.80889e+007 2.82278e+007 2.8334e+007 2.84154e+007 2.84782e+007 2.85267e+007 2.85644e+007 2.85938e+007 2.86169e+007 2.86351e+007 2.86495e+007 2.86609e+007 2.867e+007 2.86772e+007 2.8683e+007 2.86877e+007 2.86915e+007 2.86945e+007 2.8697e+007 2.8699e+007 2.87006e+007 2.87019e+007 2.8703e+007 2.87039e+007 2.87046e+007 2.87052e+007 2.87056e+007 2.8706e+007 2.87063e+007 2.87066e+007 2.87068e+007 2.8707e+007 2.87071e+007 2.87072e+007 2.87073e+007 2.87074e+007 2.87075e+007 2.87075e+007 2.87076e+007 2.87076e+007 2.87076e+007 2.87077e+007 2.87077e+007 2.87077e+007 2.87077e+007 2.87077e+007 2.87077e+007 2.87077e+007 2.87077e+007 2.87077e+007 2.87077e+007 2.87077e+007 2.87077e+007 2.87077e+007 2.87078e+007 2.87078e+007 2.87078e+007 2.87078e+007 2.87078e+007 2.87078e+007 2.87078e+007 2.87078e+007 2.87078e+007 2.87078e+007 2.87078e+007 2.87078e+007 2.87078e+007 2.87078e+007 2.87078e+007 2.87078e+007 2.87078e+007 2.87078e+007 2.87078e+007 2.87078e+007 2.87078e+007 2.87078e+007 2.87078e+007 2.87078e+007 2.87078e+007 2.87078e+007 2.87078e+007 2.87078e+007 2.87078e+007 2.87078e+007 2.87078e+007 0 0 0 0 0 0 0 0 0 0 0 0 0 0 0 0 0 0 0 0 0 0 0 0 0
#obs survey bio
 2.936e+006 4.27248e+006 3.26884e+006 2.59208e+006 2.47069e+006 1.67299e+006 1.2569e+006 1.65192e+006 1.32231e+006 1.34418e+006 1.28305e+006 801851 977537 822139 635524 393695 955094 695915 443068 526950 388824 413127 463735 386626 404924 683744 679309 496400 606374 767965 495539 751063 670627 518287 733123 589362 854322 789173 584808 720608 541927 496375 617684 644218 672405 682155 643003 932342 1.1449e+006 774914 665134 745432 776185 996444 1.07946e+006 729952 918320 558796 958527
#pred catch bio
 281994 265867 289999 318456 332974 320215 305406 274866 242979 251219 241794 204356 177095 172953 153306 145832 131523 122660 114998 107348 104670 111026 99138.3 105014 91622.7 98522.3 98642.3 92726.8 97842.7 92505.4 90179.6 91844.9 104659 98731.2 100701 100792 101654 102893 111550 105296 111650 113718 112785 109192 110385 104111 62305.6 74236.3 103529 120626 123980 115266 112943 116101 104130 120427 130309 122026 102863 109551 114649 116038 121042 128887 137656 146088 153518 159694 164615 168417 171285 173409 174960 176080 176882 177451 177853 178136 178334 178473 178569 178636 178683 178715 178737 178753 178763 178771 178776 178779 178782 178783 178784 178785 178786 178786 178786 178786 178787 178787 178787 178787 178787 178787 178787 178787 178787 178787 178787 178787 178787 178787 178787 178787 178787 178787 178787 178787 178787 178787 178787 178787 178787 178787 178787 178787 178787 178787 178787 178787 178787 178787 178787 178787 178787 178787 178787 178787 178787 178787 178787 178787 178787 178787 178787 178787 178787 178787 178787 178787 178787 178787 178787 178787 178787 178787 178787 178787 178787 0 0 0 0 0 0 0 0 0 0 0 0 0 0 0 0 0 0 0 0 0 0 0 0 0
#obs catch bio
 227208 265102 289522 318978 333400 321189 309086 277426 244934 252062 241869 204070 176746 172524 153576 147229 131024 122325 115358 107656 105313 111532 99492.4 105902 92411.4 99194.1 98886.2 92577.4 98117.8 92325.2 90104.5 91501.4 104361 98307.6 100533 100930 101670 102441 111394 105104 111926 114255 113175 109852 111139 105029 62210.3 74176.7 103331 120360 123718 115360 112898 116251 103627 119969 130045 122224 102718
#pred cpue bio
 3.09052e+006 2.81023e+006 2.56841e+006 2.32287e+006 2.06697e+006 1.8123e+006 1.58546e+006 1.38527e+006 1.22533e+006 1.10437e+006 973912 849770 763116 703801 644737 603199 565494 539412 519967 507473 503321 502303 493129 497297 494964 509097 516093 522219 534918 541857 555031 571728 587599 588772 596824 603778 611927 620114 627561 625551 631685 631877 630579 631175 636983 642196 655303 720020 774284 793536 790549 782817 785843 792383 794678 809517 804780 787416 778978 2.77672e+007 1.67432e+007 1.70063e+007 1.78156e+007 1.90615e+007 2.04562e+007 2.18099e+007 2.30213e+007 2.40491e+007 2.48898e+007 2.556e+007 2.60849e+007 2.6491e+007 2.68028e+007 2.70411e+007 2.7223e+007 2.73619e+007 2.74681e+007 2.75495e+007 2.76123e+007 2.76608e+007 2.76985e+007 2.77279e+007 2.7751e+007 2.77692e+007 2.77836e+007 2.7795e+007 2.78041e+007 2.78113e+007 2.78171e+007 2.78218e+007 2.78256e+007 2.78286e+007 2.78311e+007 2.78331e+007 2.78347e+007 2.7836e+007 2.78371e+007 2.7838e+007 2.78387e+007 2.78393e+007 2.78397e+007 2.78401e+007 2.78404e+007 2.78407e+007 2.78409e+007 2.78411e+007 2.78412e+007 2.78413e+007 2.78414e+007 2.78415e+007 2.78416e+007 2.78416e+007 2.78417e+007 2.78417e+007 2.78417e+007 2.78418e+007 2.78418e+007 2.78418e+007 2.78418e+007 2.78418e+007 2.78418e+007 2.78418e+007 2.78418e+007 2.78418e+007 2.78418e+007 2.78418e+007 2.78418e+007 2.78419e+007 2.78419e+007 2.78419e+007 2.78419e+007 2.78419e+007 2.78419e+007 2.78419e+007 2.78419e+007 2.78419e+007 2.78419e+007 2.78419e+007 2.78419e+007 2.78419e+007 2.78419e+007 2.78419e+007 2.78419e+007 2.78419e+007 2.78419e+007 2.78419e+007 2.78419e+007 2.78419e+007 2.78419e+007 2.78419e+007 2.78419e+007 2.78419e+007 2.78419e+007 2.78419e+007 2.78419e+007 2.78419e+007 2.78419e+007 2.78419e+007 2.78419e+007 0 0 0 0 0 0 0 0 0 0 0 0 0 0 0 0 0 0 0 0 0 0 0 0 0
#obs cpue bio
 3.03282e+006 2.65049e+006 1.96892e+006 1.53968e+006 1.86483e+006 1.63558e+006 1.0346e+006 1.23311e+006 1.0142e+006 1.35553e+006 916026 972254 626029 719436 506084 609495 682928 430344 444002 478467 498015 752323 450085 539297 411815 484532 520595 688883 397108 533104 595638 574571 610341 716704 449198 495335 502739 728592 634338 516308 589891 666408 691412 463438 575613 596219 613708 905990 816017 828360 981825 601994 925286 633414 864791 1.05661e+006 671099 828689 704103
#pred surv len freq
 0.0047577 0.00780898 0.0119082 0.0170797 0.0232104 0.0299511 0.0366979 0.0427519 0.0475837 0.0510021 0.0531205 0.0542009 0.0545186 0.0543041 0.0537386 0.0529699 0.0521307 0.0513359 0.050625 0.04985 0.0485782 0.0461428 0.041919 0.0357269 0.0280875
 0.00520355 0.00846037 0.0127561 0.0180788 0.0243053 0.0311112 0.0379329 0.044092 0.049032 0.0524946 0.0545229 0.0553518 0.0552927 0.0546578 0.0537128 0.0526512 0.0515938 0.0505966 0.0496282 0.0485026 0.0468193 0.0440142 0.0395924 0.0334613 0.0261354
 0.0053905 0.0088234 0.0134059 0.0191397 0.0258678 0.0331688 0.0403428 0.0465992 0.0513597 0.0544441 0.056018 0.0564047 0.0559349 0.0548967 0.0535379 0.0520653 0.0506282 0.049294 0.048012 0.0465691 0.0445697 0.0415103 0.0369917 0.0309946 0.024031
 0.00558543 0.00913385 0.0138666 0.0197927 0.026771 0.0343968 0.0419675 0.0486474 0.0537621 0.0570124 0.0584776 0.0584764 0.0574202 0.0557146 0.0537026 0.0516365 0.049673 0.0478724 0.0461759 0.0443679 0.042068 0.0388165 0.0342772 0.0284758 0.0219097
 0.00584492 0.00955626 0.0145025 0.0206875 0.0279549 0.0358726 0.0437028 0.0505805 0.0558212 0.0591274 0.0605698 0.0604325 0.0590811 0.0569016 0.054269 0.0515086 0.0488563 0.046427 0.0441875 0.0419351 0.0393106 0.0358934 0.0313917 0.0258508 0.0197345
 0.00615249 0.0100561 0.0152542 0.021746 0.0293593 0.0376285 0.0457642 0.052844 0.0581427 0.0613558 0.0625789 0.0621353 0.0604187 0.0578185 0.0546947 0.0513628 0.0480747 0.0449894 0.0421323 0.0393593 0.036366 0.0327823 0.0283532 0.0231244 0.017506
 0.00637703 0.0104396 0.0158654 0.0226603 0.0306425 0.0393105 0.0478139 0.0551608 0.0605715 0.0637196 0.0647116 0.0639047 0.0617366 0.0586379 0.0549939 0.0511249 0.047276 0.0436074 0.0401707 0.036877 0.0334959 0.02973 0.0253706 0.0204593 0.0153425
 0.00659391 0.0107938 0.0164031 0.0234291 0.0316871 0.0406625 0.0494769 0.0570965 0.0626946 0.0659023 0.0667994 0.0657385 0.0631781 0.0595886 0.0554008 0.050971 0.046563 0.0423434 0.0383752 0.034603 0.0308564 0.0269097 0.0226058 0.0179874 0.0133398
 0.00678444 0.0111031 0.016868 0.0240843 0.0325598 0.041764 0.0507941 0.0585892 0.0643019 0.0675525 0.0684148 0.0672337 0.0644585 0.0605552 0.0559633 0.0510613 0.0461419 0.0414004 0.0369278 0.0327047 0.028612 0.0244845 0.0202109 0.0158364 0.0115933
 0.00687645 0.0112635 0.0171295 0.0244847 0.0331343 0.0425336 0.0517535 0.059704 0.0655159 0.068802 0.0696397 0.0683816 0.0654793 0.0613941 0.0565562 0.0513376 0.0460347 0.0408606 0.0359385 0.0312942 0.026865 0.022544 0.018262 0.0140674 0.0101475
 0.0070671 0.0115735 0.0175963 0.0251428 0.0340086 0.043628 0.0530391 0.0611135 0.0669518 0.0701551 0.0708114 0.0693004 0.0661088 0.0617287 0.0566068 0.0511133 0.0455307 0.0400595 0.034825 0.0298784 0.0252036 0.020749 0.0164866 0.012471 0.0088509
 0.00734103 0.012011 0.0182393 0.0260241 0.0351435 0.0450038 0.0546032 0.0627709 0.0685773 0.0716169 0.071995 0.0701246 0.0665332 0.0617535 0.0562652 0.0504569 0.0446112 0.0389147 0.033479 0.0283554 0.0235498 0.0190479 0.0148548 0.0110315 0.00769618
 0.00745911 0.0122132 0.0185626 0.0265088 0.0358249 0.0458972 0.055691 0.0639977 0.0698586 0.0728559 0.0730978 0.0710101 0.0671389 0.0620397 0.0562188 0.0500909 0.0439585 0.0380184 0.032383 0.0271048 0.0221992 0.0176709 0.0135437 0.00988061 0.00677565
 0.00751824 0.0123031 0.0186877 0.026673 0.0360359 0.0461713 0.0560531 0.0644745 0.0704652 0.0735822 0.0739024 0.071825 0.0678822 0.0626315 0.0565942 0.0502084 0.0438036 0.0376016 0.0317354 0.0262729 0.0212433 0.0166646 0.0125698 0.0090183 0.00608233
 0.00764712 0.012509 0.01899 0.0270847 0.0365582 0.0467877 0.0567262 0.0651515 0.071093 0.0741247 0.0743478 0.0721781 0.0681487 0.0628048 0.0566527 0.050123 0.0435488 0.0371657 0.0311265 0.0255205 0.0203965 0.0157879 0.0117345 0.0082891 0.00550319
 0.00761742 0.0124791 0.018979 0.0271223 0.0366773 0.0470131 0.0570628 0.0655807 0.0715768 0.074617 0.074806 0.0725727 0.068466 0.0630419 0.0568082 0.0501878 0.0435052 0.0369936 0.0308144 0.0250752 0.0198477 0.0151854 0.0111386 0.00775701 0.00507496
 0.00770768 0.0126014 0.0191193 0.0272559 0.0367806 0.0470792 0.0571114 0.0656524 0.0717135 0.0748388 0.0751003 0.0728999 0.068777 0.0632964 0.0569829 0.0502739 0.0434995 0.0368924 0.0306131 0.0247756 0.0194652 0.0147527 0.0107005 0.00735919 0.00475121
 0.00790016 0.012881 0.019477 0.0276586 0.0371766 0.0474099 0.057326 0.0657209 0.0716389 0.074661 0.0748862 0.0727193 0.0686754 0.0632805 0.0570258 0.0503331 0.0435342 0.0368729 0.0305222 0.0246079 0.0192284 0.014468 0.0104001 0.00707826 0.00451768
 0.00803313 0.0130981 0.0198031 0.0281113 0.037755 0.0480811 0.0580168 0.0663271 0.0720537 0.0748132 0.074767 0.0723838 0.0682185 0.0628019 0.0565983 0.049988 0.0432652 0.036651 0.0303144 0.0243894 0.0189893 0.0142136 0.0101475 0.00684924 0.00433033
 0.00808822 0.013188 0.0199398 0.0283072 0.0380222 0.0484276 0.0584399 0.0668054 0.0725419 0.0752448 0.0750688 0.0724987 0.0681285 0.0625364 0.0562231 0.0495788 0.0428811 0.0363202 0.0300363 0.0241474 0.0187659 0.0140007 0.009948 0.00667314 0.00418788
 0.00804862 0.0131303 0.0198657 0.028224 0.0379423 0.0483677 0.0584199 0.0668458 0.0726592 0.075444 0.0753351 0.0727949 0.0684017 0.0627349 0.0563156 0.0495655 0.0427894 0.0361884 0.0298954 0.0240127 0.0186395 0.0138796 0.00983242 0.00656782 0.00409967
 0.00802297 0.0130835 0.0197863 0.0281 0.0377663 0.0481436 0.0581688 0.0666049 0.0724739 0.0753548 0.0753664 0.0729481 0.0686538 0.0630428 0.0566264 0.0498315 0.0429811 0.0363003 0.0299407 0.0240122 0.0186111 0.0138353 0.00978008 0.00651419 0.00405109
 0.00812132 0.0132324 0.0199894 0.0283509 0.038048 0.0484291 0.058423 0.0667909 0.0725628 0.0753373 0.0752578 0.0727831 0.0684735 0.0628798 0.0564952 0.0497276 0.0428882 0.0362015 0.0298277 0.0238871 0.0184833 0.0137156 0.00967623 0.00643027 0.00398797
 0.00811612 0.013221 0.0199669 0.0283113 0.0379858 0.0483424 0.0583152 0.066671 0.072443 0.0752302 0.0751743 0.072733 0.0684655 0.06292 0.0565841 0.0498568 0.0430401 0.0363528 0.0299566 0.0239799 0.0185371 0.0137362 0.00967408 0.00641614 0.00397031
 0.00809483 0.0132014 0.0199644 0.0283478 0.0380815 0.0485039 0.0585275 0.0668981 0.0726399 0.0753586 0.0752146 0.0726868 0.0683518 0.0627675 0.0564233 0.049713 0.0429281 0.0362752 0.0299057 0.0239435 0.0185046 0.0137024 0.00963922 0.00638337 0.00394295
 0.00786286 0.0128431 0.0194622 0.0277031 0.03732 0.0476798 0.0577236 0.0662153 0.072173 0.0751671 0.0753052 0.0730172 0.068851 0.0633604 0.0570472 0.0503241 0.0434992 0.0367903 0.0303542 0.0243179 0.0188006 0.0139213 0.0097888 0.00647682 0.00399579
 0.00779891 0.012724 0.0192557 0.0273724 0.0368354 0.0470365 0.0569571 0.065404 0.0714227 0.0745839 0.0749688 0.0729632 0.0690668 0.0637941 0.0576248 0.0509691 0.0441477 0.0373969 0.0308914 0.0247709 0.0191636 0.0141956 0.00998236 0.00660301 0.00407106
 0.00785469 0.0127938 0.0193208 0.0273993 0.0367806 0.0468569 0.0566228 0.0649101 0.070798 0.0738932 0.0743047 0.0724268 0.0687414 0.0637222 0.0577994 0.0513409 0.0446441 0.0379427 0.0314238 0.0252468 0.0195589 0.0145021 0.0102035 0.0067507 0.00416163
 0.0077374 0.0126282 0.0191168 0.0271788 0.0365668 0.0466598 0.0564295 0.0646885 0.0705137 0.0735308 0.0738827 0.0719986 0.0683823 0.0635077 0.0577823 0.0515352 0.045022 0.0384449 0.0319779 0.0257855 0.0200328 0.014884 0.0104869 0.00694419 0.00428279
 0.00772605 0.0125949 0.0190413 0.0270371 0.0363431 0.0463599 0.0560883 0.06436 0.0702466 0.0733431 0.0737553 0.0718928 0.06827 0.063393 0.0577018 0.0515387 0.0451464 0.0386961 0.0323279 0.0261842 0.0204256 0.0152275 0.010757 0.00713642 0.00440683
 0.00771166 0.0125642 0.0189808 0.0269279 0.0361632 0.0460905 0.0557223 0.0639119 0.0697565 0.0728728 0.0733717 0.0716446 0.0681716 0.0634253 0.057831 0.0517381 0.0454063 0.0390166 0.0327034 0.0265934 0.0208331 0.0155953 0.011057 0.0073572 0.00455345
 0.00762244 0.0124303 0.0187993 0.0267025 0.0359006 0.0457967 0.0554003 0.0635635 0.0693876 0.0724997 0.0730242 0.0713643 0.068001 0.0633934 0.0579425 0.0519741 0.0457351 0.0394062 0.0331276 0.0270283 0.021253 0.0159728 0.011369 0.00759203 0.00471327
 0.00756845 0.0123371 0.01865 0.0264802 0.0355949 0.0454121 0.054962 0.0631137 0.0689729 0.0721551 0.072766 0.0711942 0.0679174 0.0634 0.0580471 0.0521811 0.0460372 0.0397834 0.0335507 0.0274656 0.0216737 0.0163495 0.0116812 0.00782931 0.00487724
 0.00767251 0.0124933 0.0188599 0.0267339 0.0358708 0.045678 0.0551781 0.0632398 0.0689783 0.0720291 0.0725216 0.070863 0.0675393 0.0630153 0.0576933 0.051891 0.0458364 0.0396852 0.0335529 0.0275507 0.0218144 0.0165147 0.0118425 0.00796628 0.00497987
 0.00767706 0.0125077 0.0188942 0.0268003 0.0359788 0.0458276 0.0553543 0.0634126 0.0691103 0.0720872 0.0724867 0.0707352 0.0673362 0.0627663 0.0574321 0.0516505 0.0456444 0.0395614 0.0335066 0.0275783 0.0218999 0.0166339 0.0119696 0.00808022 0.00506856
 0.00763572 0.0124499 0.0188249 0.0267316 0.0359279 0.045813 0.0553908 0.0635064 0.0692542 0.0722589 0.0726518 0.0708561 0.0673844 0.0627311 0.0573241 0.0514959 0.0454774 0.039415 0.0334052 0.0275341 0.0219108 0.0166865 0.0120439 0.00815677 0.0051334
 0.0075531 0.012324 0.0186518 0.0265147 0.0356796 0.0455545 0.055152 0.0633222 0.0691577 0.0722701 0.0727699 0.0710571 0.0676273 0.0629702 0.0575216 0.0516327 0.045555 0.0394514 0.0334257 0.0275607 0.021956 0.0167507 0.0121185 0.00822944 0.00519419
 0.00758649 0.012356 0.0186595 0.0264647 0.0355386 0.0453061 0.0548099 0.0629315 0.0687822 0.0719734 0.0725979 0.071029 0.0677341 0.0631794 0.057787 0.0519065 0.0458004 0.0396503 0.0335782 0.0276791 0.0220551 0.0168403 0.0122009 0.00830157 0.00525183
 0.00761611 0.0124071 0.0187399 0.0265788 0.0356807 0.0454532 0.0549203 0.0629553 0.0686827 0.0717486 0.0722876 0.0707017 0.0674606 0.0630078 0.0577306 0.051947 0.0459014 0.0397732 0.033695 0.0277772 0.022134 0.0169053 0.0122565 0.0083492 0.00529035
 0.00768066 0.0125131 0.0189012 0.0268086 0.0359875 0.0458345 0.0553554 0.0634009 0.0690756 0.0720185 0.0723775 0.0705886 0.0671669 0.0625955 0.0572794 0.051527 0.0455543 0.0395092 0.033503 0.0276388 0.0220342 0.0168352 0.0122111 0.00832387 0.00527946
 0.00767734 0.0125086 0.0188968 0.0268074 0.0359956 0.0458623 0.0554161 0.0635072 0.069233 0.0722176 0.0725898 0.0707709 0.0672744 0.0625996 0.0571805 0.0513546 0.0453534 0.0393216 0.0333538 0.0275339 0.0219674 0.0167959 0.0121901 0.00831465 0.00527733
 0.00767428 0.0125119 0.0189166 0.0268576 0.0360897 0.0460066 0.0556056 0.0637256 0.069459 0.0724312 0.0727759 0.0709169 0.0673659 0.0626202 0.0571173 0.0512068 0.0451383 0.0390716 0.0331054 0.0273164 0.0217957 0.016672 0.0121075 0.00826365 0.00524848
 0.00770232 0.0125522 0.0189683 0.0269179 0.0361569 0.0460832 0.0556992 0.0638457 0.06961 0.0726069 0.0729587 0.0710828 0.0674921 0.0626891 0.0571182 0.0511361 0.0450004 0.0388813 0.0328871 0.0270984 0.0216025 0.0165182 0.0119966 0.00819092 0.005205
 0.00766348 0.0125019 0.0189157 0.0268787 0.0361478 0.0461144 0.0557693 0.0639436 0.0697217 0.0727236 0.0730784 0.0712057 0.0676141 0.062799 0.0571996 0.0511731 0.0449834 0.03881 0.0327719 0.0269581 0.021459 0.0163905 0.0118962 0.00812048 0.00516072
 0.00759096 0.0123858 0.0187456 0.0266492 0.0358634 0.0457947 0.055451 0.0636749 0.0695485 0.0726737 0.0731541 0.0713873 0.0678704 0.0630969 0.0575081 0.0514641 0.0452328 0.039001 0.0328981 0.0270243 0.0214792 0.0163827 0.0118768 0.00810077 0.00514591
 0.00758107 0.012361 0.0186921 0.0265491 0.035699 0.0455568 0.0551465 0.0633304 0.0692075 0.0723873 0.0729682 0.0713311 0.0679491 0.063292 0.0577849 0.0517813 0.045551 0.0392881 0.0331328 0.0271973 0.021593 0.0164482 0.011909 0.00811359 0.0051496
 0.0074205 0.0121249 0.0183825 0.0261826 0.0353 0.0451474 0.0547412 0.0629381 0.0688398 0.0720665 0.0727283 0.0712111 0.0679801 0.0634853 0.0581257 0.0522313 0.0460582 0.0397988 0.0336013 0.0275931 0.0219022 0.0166719 0.012059 0.00820688 0.00520351
 0.00698628 0.0114243 0.0173422 0.0247486 0.0334615 0.0429669 0.0523767 0.0606325 0.0668688 0.0706649 0.0720342 0.0712507 0.0686884 0.0647395 0.0597751 0.0541176 0.0480293 0.0417194 0.0353623 0.0291171 0.0231472 0.0176297 0.0127502 0.00867237 0.00549432
 0.00691935 0.0112696 0.0170238 0.0241662 0.0325134 0.0415886 0.0505805 0.0585278 0.0646523 0.0685855 0.0703447 0.0701574 0.0683116 0.0650949 0.0607813 0.0556246 0.0498533 0.0436735 0.0372785 0.0308616 0.0246293 0.0188053 0.0136187 0.00926756 0.0058708
 0.00709965 0.0115489 0.0174138 0.0246559 0.0330561 0.0420909 0.0509011 0.0585025 0.0641459 0.0675533 0.0688704 0.0684451 0.0666332 0.0637164 0.0598968 0.0553185 0.0500973 0.0443524 0.0382297 0.0319161 0.0256428 0.0196775 0.0142995 0.0097517 0.00618452
 0.00722967 0.0117795 0.0177951 0.0252422 0.0338876 0.0431643 0.0521429 0.0597592 0.0652044 0.0681884 0.0689055 0.0678092 0.0653936 0.0620729 0.0581315 0.0537184 0.0488787 0.0436158 0.0379575 0.0320042 0.0259487 0.0200653 0.0146685 0.0100467 0.00639024
 0.0071989 0.011757 0.0178135 0.0253535 0.0341546 0.0436451 0.0528697 0.0607196 0.0663275 0.0693401 0.0699015 0.0684495 0.0655177 0.0616165 0.0571602 0.0524173 0.0474985 0.0423952 0.0370564 0.0314731 0.0257414 0.0200801 0.0147949 0.0101989 0.00651928
 0.00705614 0.0115369 0.017507 0.0249665 0.0337146 0.0432069 0.0525171 0.0605545 0.0664429 0.069784 0.0706456 0.0693807 0.0664578 0.062368 0.057567 0.052418 0.0471488 0.0418445 0.0364873 0.0310336 0.0255011 0.0200276 0.0148679 0.0103241 0.00664156
 0.00690964 0.011303 0.0171638 0.0244986 0.0331196 0.0425039 0.0517562 0.0598199 0.0658444 0.069435 0.070635 0.0697433 0.0671533 0.0632788 0.0585223 0.0532429 0.0477213 0.0421343 0.0365556 0.0309932 0.0254599 0.0200468 0.014953 0.010445 0.00676118
 0.00694105 0.0113258 0.0171461 0.0243932 0.0328766 0.0420904 0.0511741 0.0591127 0.0650903 0.0687325 0.0700866 0.0694402 0.0671567 0.0635995 0.0591068 0.0539786 0.0484665 0.0427652 0.0370072 0.0312717 0.0256211 0.0201563 0.015054 0.0105486 0.00685825
 0.00697206 0.0113661 0.0171861 0.0244131 0.0328452 0.0419673 0.0509173 0.0586911 0.0645013 0.068016 0.0693278 0.068754 0.0666608 0.0633837 0.0592087 0.054372 0.0490662 0.0434512 0.0376624 0.0318173 0.0260318 0.0204493 0.0152633 0.0107029 0.00697291
 0.00705128 0.0115006 0.0173979 0.0247223 0.0332604 0.0424726 0.0514608 0.0591858 0.0648424 0.0681108 0.0691263 0.0682695 0.0659719 0.0626163 0.0585022 0.0538389 0.0487619 0.0433641 0.0377295 0.031957 0.026177 0.020565 0.0153441 0.0107583 0.00701305
 0.00712118 0.0116225 0.0175967 0.0250268 0.0336966 0.0430529 0.0521714 0.0599781 0.0656332 0.0687925 0.0695865 0.068417 0.0657641 0.0620783 0.057726 0.0529602 0.0479202 0.042663 0.0372141 0.0316163 0.0259674 0.0204383 0.0152652 0.0107083 0.00698324
 0.00705253 0.0115286 0.0174892 0.02493 0.0336451 0.0430844 0.0523187 0.0602621 0.0660548 0.0693252 0.0701715 0.0689677 0.0661823 0.0622804 0.0576713 0.0526677 0.0474646 0.0421485 0.036738 0.0312398 0.0257072 0.0202777 0.0151743 0.0106598 0.00695859
#obs surv len freq
 0.0049669 0.00813558 0.0123743 0.017696 0.0239737 0.0308411 0.0376724 0.043745 0.0485112 0.0517734 0.0536534 0.0544377 0.0544446 0.0539678 0.0532639 0.0525434 0.0519497 0.0515174 0.0511084 0.050354 0.0486722 0.0454322 0.0402571 0.0333162 0.0253926
 0.00517445 0.00847697 0.0128957 0.0184434 0.0249848 0.0321312 0.0392199 0.0454849 0.0503419 0.0535748 0.0553053 0.0558325 0.0554933 0.0546009 0.0534309 0.0522135 0.0511157 0.0502022 0.0493722 0.0482986 0.0464393 0.043192 0.0381847 0.0315577 0.024033
 0.00539361 0.00883465 0.0134369 0.0192118 0.0260155 0.0334389 0.0407859 0.0472511 0.0522172 0.0554498 0.0570669 0.0573734 0.0567168 0.055424 0.0537862 0.0520514 0.0504074 0.048947 0.0476095 0.0461199 0.0439943 0.0406785 0.0358178 0.0295241 0.0224476
 0.00563621 0.00923151 0.0140386 0.0200669 0.0271608 0.034885 0.0425021 0.0491613 0.0542121 0.0574089 0.0588775 0.0589392 0.057957 0.0562693 0.0541753 0.0519309 0.0497356 0.0477039 0.0458125 0.0438438 0.0413845 0.0379459 0.0332057 0.0272535 0.0206619
 0.0058883 0.00964459 0.0146664 0.0209614 0.0283624 0.0364063 0.0443117 0.0511778 0.0563154 0.0594638 0.0607569 0.0605377 0.0591942 0.0570864 0.0545278 0.0517806 0.049048 0.0464548 0.0440055 0.0415358 0.0387074 0.0351082 0.0304619 0.0248446 0.018752
 0.00615601 0.010081 0.0153254 0.0218939 0.0296069 0.0379735 0.0461685 0.0532412 0.0584636 0.0615586 0.0626659 0.0621488 0.0604212 0.0578688 0.0548262 0.051569 0.0483067 0.0451703 0.0421832 0.0392246 0.0360258 0.0322534 0.0276843 0.0223899 0.0167934
 0.0063928 0.0104736 0.0159303 0.0227684 0.0307967 0.0394946 0.0479886 0.0552746 0.060584 0.0636249 0.0645462 0.0637328 0.0616244 0.0586309 0.0551077 0.0513461 0.0475658 0.0439066 0.0404088 0.0369885 0.0334381 0.0294969 0.0249948 0.0200033 0.0148807
 0.0066153 0.0108392 0.016488 0.023567 0.0318767 0.0408737 0.0496461 0.0571436 0.0625586 0.0655777 0.0663481 0.0652686 0.0628018 0.0593838 0.0553951 0.0511457 0.0468682 0.042713 0.038737 0.0348891 0.0310153 0.0269191 0.0224786 0.0177669 0.0130839
 0.00684431 0.0112115 0.0170485 0.0243573 0.0329273 0.0421919 0.0512032 0.0588705 0.0643555 0.0673325 0.0679532 0.0666302 0.0638429 0.0600452 0.055635 0.0509389 0.0462037 0.0415928 0.0371811 0.0329479 0.0287868 0.0245569 0.0201779 0.0157235 0.0114417
 0.00706886 0.0115818 0.017615 0.0251688 0.0340194 0.0435697 0.052825 0.0606447 0.0661568 0.0690295 0.0694331 0.0678106 0.064671 0.0604914 0.0556849 0.0505872 0.0454507 0.0404459 0.0356616 0.0311037 0.0267072 0.0223792 0.0180746 0.0138657 0.0099537
 0.00728101 0.0119286 0.0181403 0.0259146 0.0350178 0.0448291 0.0543162 0.0622942 0.067855 0.0706499 0.0708545 0.0689341 0.0654302 0.0608536 0.0556459 0.0501605 0.0446579 0.0393111 0.0342152 0.0293944 0.0248156 0.0204248 0.0162047 0.0122252 0.00864586
 0.00745233 0.0122126 0.0185778 0.0265466 0.0358764 0.0459241 0.0556214 0.0637435 0.0693519 0.0720866 0.0721285 0.0699593 0.0661412 0.061209 0.0556286 0.0497761 0.0439284 0.0382692 0.0329021 0.0278643 0.0231455 0.0187195 0.0145885 0.0108172 0.00752932
 0.00751301 0.0123153 0.0187407 0.0267916 0.0362278 0.0464045 0.0562454 0.0645113 0.0702442 0.0730622 0.0731268 0.0709057 0.0669568 0.0618209 0.0559792 0.0498284 0.043668 0.0377038 0.03206 0.026795 0.0219212 0.0174348 0.0133516 0.00972972 0.00666198
 0.00757818 0.012412 0.0188698 0.0269496 0.0364105 0.0466122 0.0564866 0.0648022 0.0706038 0.073505 0.073654 0.0714988 0.067575 0.0624049 0.0564595 0.050138 0.0437538 0.0375355 0.0316353 0.0261415 0.0210959 0.0165196 0.0124413 0.00891368 0.0060034
 0.00767563 0.0125611 0.0190764 0.0272113 0.0367161 0.0469424 0.0568155 0.0651028 0.070857 0.0737087 0.0738252 0.0716659 0.0677631 0.0626203 0.0566828 0.0503259 0.043851 0.0374896 0.0314119 0.0257354 0.0205357 0.0158641 0.0117671 0.00829644 0.00549872
 0.00772732 0.0126451 0.0192023 0.0273869 0.0369443 0.0472172 0.0571192 0.0654066 0.0711276 0.0739191 0.0739637 0.0717403 0.0677968 0.0626422 0.0567139 0.0503682 0.0438831 0.0374729 0.0313048 0.0255104 0.0201923 0.0154325 0.0113004 0.00785428 0.00512862
 0.00778864 0.0127377 0.0193285 0.0275449 0.0371293 0.0474234 0.05734 0.0656335 0.0713485 0.074117 0.0741206 0.0718414 0.067837 0.0626293 0.0566658 0.0503042 0.0438134 0.0373919 0.0311926 0.0253433 0.0199574 0.0151379 0.0109754 0.00753904 0.00485933
 0.00782219 0.0127902 0.0194036 0.0276438 0.0372504 0.047561 0.057485 0.0657746 0.0714759 0.0742252 0.0742086 0.0719099 0.0678854 0.0626546 0.0566659 0.0502805 0.0437702 0.0373314 0.0311112 0.0252316 0.0198066 0.0149488 0.0107625 0.00732713 0.00467368
 0.00786483 0.0128551 0.0194929 0.0277567 0.0373828 0.0477066 0.0576352 0.065919 0.0716029 0.074325 0.074275 0.0719422 0.067887 0.0626314 0.0566233 0.0502224 0.0436987 0.0372478 0.0310148 0.0251198 0.0196765 0.0148011 0.010605 0.00717383 0.00454002
 0.0078977 0.0129048 0.0195607 0.0278409 0.0374793 0.0478095 0.0577375 0.0660133 0.0716827 0.0743861 0.0743158 0.0719632 0.0678902 0.0626189 0.0565973 0.0501847 0.0436507 0.0371898 0.0309463 0.0250393 0.0195835 0.0146971 0.0104954 0.00706779 0.00444749
 0.00789106 0.0128937 0.0195435 0.0278162 0.0374464 0.0477693 0.0576933 0.0659709 0.0716496 0.0743696 0.0743212 0.0719927 0.0679418 0.0626871 0.0566738 0.0502607 0.043718 0.0372419 0.0309787 0.0250495 0.0195709 0.014664 0.0104476 0.0070134 0.00439542
 0.0078959 0.0128944 0.0195313 0.0277792 0.0373732 0.0476549 0.0575434 0.0658029 0.0714877 0.074238 0.0742385 0.0719684 0.0679762 0.0627727 0.0567975 0.0504061 0.0438684 0.0373826 0.031098 0.0251402 0.01963 0.014693 0.0104517 0.00700084 0.00437506
 0.00789726 0.0128956 0.0195308 0.0277738 0.0373574 0.0476207 0.0574823 0.0657083 0.0713603 0.0740889 0.0740888 0.071844 0.0678996 0.0627567 0.0568422 0.0505009 0.043996 0.0375234 0.0312339 0.0252571 0.0197196 0.0147526 0.0104841 0.00701238 0.00437373
 0.00788473 0.0128741 0.0194966 0.0277229 0.0372871 0.047531 0.0573764 0.0655928 0.0712427 0.0739758 0.073986 0.0717583 0.0678406 0.0627355 0.0568678 0.0505756 0.0441133 0.0376687 0.0313888 0.0254036 0.0198435 0.0148466 0.0105472 0.00704903 0.00439121
 0.00790725 0.0129024 0.0195237 0.0277372 0.0372753 0.0474831 0.0572903 0.0654752 0.0711068 0.0738374 0.0738591 0.0716533 0.067764 0.0626915 0.0568597 0.0506058 0.0441811 0.0377686 0.0315097 0.0255304 0.0199614 0.0149441 0.010619 0.00709582 0.00441782
 0.00787717 0.0128596 0.0194703 0.027678 0.0372148 0.0474222 0.0572246 0.0653969 0.0710106 0.0737256 0.0737432 0.0715504 0.0676909 0.062659 0.0568712 0.0506588 0.0442699 0.0378854 0.0316444 0.0256709 0.0200946 0.0150587 0.0107081 0.00715804 0.00445661
 0.00786421 0.0128337 0.0194231 0.0276 0.0370998 0.0472722 0.0570527 0.0652254 0.0708621 0.0736145 0.0736725 0.0715149 0.0676841 0.0626784 0.0569181 0.0507349 0.0443743 0.0380134 0.0317876 0.0258186 0.0202352 0.0151817 0.0108064 0.00722924 0.00450308
 0.00781892 0.0127632 0.0193224 0.0274663 0.0369322 0.0470723 0.0568262 0.0649844 0.0706266 0.0734101 0.0735245 0.0714412 0.0676901 0.0627565 0.0570526 0.0509086 0.0445726 0.0382244 0.032001 0.0260241 0.0204223 0.0153414 0.0109328 0.00732123 0.00456403
 0.00781112 0.0127431 0.0192788 0.0273848 0.0367999 0.0468839 0.0565894 0.0647196 0.0703614 0.0731717 0.0733351 0.0713163 0.0676392 0.0627826 0.0571511 0.0510673 0.044774 0.0384497 0.0322328 0.0262473 0.0206249 0.0155139 0.0110697 0.00742145 0.00463116
 0.00777314 0.0126868 0.0192036 0.0272925 0.0366921 0.0467595 0.0564441 0.0645491 0.0701668 0.0729641 0.0731354 0.0711507 0.0675311 0.0627471 0.0571928 0.0511806 0.0449457 0.0386612 0.0324636 0.0264777 0.0208377 0.0156969 0.0112156 0.00752879 0.00470352
 0.00774639 0.0126387 0.0191232 0.0271684 0.0365165 0.0465345 0.0561851 0.0642824 0.0699212 0.0727613 0.0729855 0.071055 0.0674889 0.0627601 0.0572642 0.0513113 0.0451304 0.0388877 0.0327139 0.0267313 0.0210752 0.0159026 0.0113804 0.00765034 0.00478559
 0.00771604 0.0125878 0.0190438 0.0270515 0.036354 0.0463219 0.0559251 0.0639883 0.069617 0.0724781 0.0727553 0.0709023 0.0674258 0.0627854 0.0573678 0.0514799 0.0453503 0.0391448 0.0329919 0.0270115 0.0213383 0.0161321 0.0115653 0.00778738 0.00487846
 0.00770006 0.0125621 0.0190053 0.0269969 0.0362798 0.0462244 0.0558012 0.0638365 0.0694394 0.0722823 0.0725552 0.0707182 0.0672806 0.062699 0.0573522 0.0515368 0.0454724 0.0393185 0.0332003 0.0272359 0.0215594 0.0163323 0.0117317 0.00791377 0.00496583
 0.0076617 0.0125031 0.018923 0.0268911 0.0361531 0.0460814 0.0556489 0.0636829 0.0692924 0.0721478 0.0724369 0.0706189 0.067205 0.062655 0.0573498 0.0515846 0.0455737 0.0394692 0.0333888 0.0274452 0.0217704 0.0165269 0.0118958 0.00804013 0.0050542
 0.00764122 0.0124702 0.0188742 0.0268239 0.0360664 0.0459772 0.0555325 0.0635629 0.0691783 0.0720474 0.0723542 0.0705542 0.0671569 0.0626234 0.0573377 0.0515982 0.0456201 0.0395529 0.0335084 0.027592 0.02193 0.0166827 0.0120331 0.00814937 0.00513262
 0.00761681 0.012431 0.0188162 0.026744 0.0359632 0.045852 0.0553908 0.0634149 0.0690369 0.0719258 0.0722626 0.0704982 0.0671366 0.062635 0.0573757 0.0516583 0.0457006 0.0396542 0.0336303 0.0277309 0.0220775 0.0168267 0.0121613 0.00825274 0.00520782
 0.00760882 0.0124171 0.0187935 0.0267091 0.0359129 0.0457843 0.0553062 0.0633166 0.068931 0.0718203 0.0721665 0.07042 0.067083 0.0626099 0.0573796 0.051689 0.0457548 0.0397287 0.0337224 0.0278371 0.022192 0.0169408 0.0122655 0.00833896 0.00527208
 0.00758683 0.0123844 0.0187499 0.0266563 0.0358533 0.0457203 0.0552392 0.0632472 0.0688601 0.0717498 0.0720998 0.0703619 0.0670393 0.0625857 0.0573786 0.0517126 0.0458019 0.0397965 0.0338068 0.0279334 0.022294 0.0170414 0.0123569 0.00841489 0.00532915
 0.00757912 0.012371 0.0187284 0.0266241 0.0358091 0.0456653 0.0551775 0.0631852 0.0688042 0.0717037 0.0720634 0.0703329 0.0670157 0.0625677 0.0573691 0.0517156 0.0458212 0.0398337 0.033861 0.0280012 0.0223701 0.0171191 0.0124294 0.00847623 0.00537605
 0.00753091 0.0122968 0.0186245 0.0264903 0.0356486 0.0454849 0.0549883 0.0630025 0.0686454 0.0715856 0.0719979 0.070324 0.0670591 0.0626531 0.0574835 0.0518472 0.0459615 0.0399772 0.0340041 0.0281403 0.022501 0.0172367 0.012529 0.00855473 0.00543297
 0.00755036 0.0123226 0.0186525 0.026513 0.0356572 0.0454722 0.0549514 0.0629433 0.0685697 0.0715004 0.071911 0.0702438 0.0669935 0.0626083 0.0574629 0.0518506 0.0459857 0.0400181 0.0340575 0.0282022 0.022567 0.0173021 0.0125887 0.00860472 0.00547096
 0.00752942 0.0122963 0.0186268 0.0264972 0.0356599 0.045496 0.0549895 0.0629806 0.0685894 0.0714915 0.0718724 0.0701833 0.0669238 0.0625424 0.057411 0.0518189 0.0459764 0.0400299 0.0340868 0.0282442 0.0226163 0.0173533 0.0126367 0.00864555 0.00550238
 0.00753012 0.0122922 0.0186118 0.0264638 0.0356035 0.0454194 0.0549053 0.0629079 0.0685452 0.0714817 0.0718897 0.0702118 0.0669484 0.0625559 0.0574148 0.0518203 0.0459833 0.0400478 0.0341173 0.0282853 0.022664 0.0174024 0.0126824 0.00868404 0.00553171
 0.00748875 0.0122345 0.0185421 0.0263912 0.0355376 0.0453657 0.0548621 0.0628689 0.0685057 0.0714442 0.0718631 0.0702059 0.0669668 0.0625937 0.0574625 0.0518692 0.0460298 0.0400927 0.0341635 0.0283344 0.0227151 0.0174526 0.0127279 0.00872181 0.00556015
 0.00747579 0.0122042 0.0184802 0.0262812 0.0353676 0.0451377 0.0545979 0.0626065 0.0682865 0.071298 0.0718004 0.0702202 0.0670437 0.062717 0.0576168 0.05204 0.0462035 0.040259 0.0343158 0.02847 0.022833 0.0175519 0.0128079 0.00878239 0.0056027
 0.00748681 0.0122237 0.0185116 0.026326 0.0354223 0.0451903 0.0546279 0.0625912 0.0682118 0.0711683 0.0716392 0.0700616 0.0669174 0.0626398 0.0575908 0.0520571 0.0462515 0.0403251 0.0343896 0.0285437 0.0229015 0.0176122 0.0128581 0.00882159 0.00563104
 0.00748681 0.0122237 0.0185116 0.026326 0.0354223 0.0451903 0.0546279 0.0625912 0.0682118 0.0711683 0.0716392 0.0700616 0.0669174 0.0626398 0.0575908 0.0520571 0.0462515 0.0403251 0.0343896 0.0285437 0.0229015 0.0176122 0.0128581 0.00882159 0.00563104
 0.00708956 0.0115942 0.0175975 0.0250978 0.0338882 0.0434141 0.0527418 0.0607865 0.0666994 0.0701244 0.0711642 0.0701683 0.0675475 0.0636888 0.0589321 0.0535605 0.047798 0.0418161 0.0357515 0.0297282 0.0238829 0.0183846 0.0134322 0.00922151 0.00588992
 0.00703845 0.0114667 0.0173241 0.0245873 0.033052 0.0422042 0.0511865 0.0590024 0.0648722 0.0684681 0.0698762 0.0693937 0.0673571 0.0640739 0.0598146 0.0548152 0.0492778 0.0433766 0.0372673 0.0311035 0.0250551 0.0193239 0.0141376 0.00971545 0.00621023
 0.00715991 0.0116685 0.0176308 0.0250111 0.0335735 0.0427515 0.0516274 0.0591688 0.064618 0.0677353 0.0687323 0.0680188 0.0659877 0.0629333 0.0590586 0.0545065 0.0493905 0.0438197 0.0379177 0.0318365 0.025767 0.0199431 0.0146278 0.0100704 0.0064454
 0.00725141 0.0118354 0.0179152 0.0254623 0.0342339 0.0436335 0.052688 0.0602958 0.0656376 0.0684455 0.0689567 0.067665 0.0650876 0.0616436 0.0576162 0.0531564 0.0483181 0.0431138 0.0375713 0.0317752 0.0258874 0.0201464 0.0148401 0.010249 0.00657471
 0.00724298 0.0118325 0.0179325 0.0255247 0.0343758 0.0438946 0.0531048 0.0608869 0.0663857 0.0692813 0.0697549 0.0682645 0.0653364 0.0614545 0.057007 0.052252 0.0473096 0.0421931 0.0368722 0.0313459 0.0256998 0.0201284 0.0149116 0.0103468 0.0066617
 0.0071939 0.0117567 0.0178269 0.0253915 0.0342259 0.0437505 0.0530028 0.0608749 0.0665136 0.0695833 0.0702297 0.06886 0.0659489 0.0619504 0.0572643 0.0522083 0.0469904 0.0417032 0.0363522 0.0309168 0.025425 0.0200079 0.0149029 0.0103956 0.00672431
 0.00706993 0.0115548 0.0175235 0.0249673 0.0336738 0.0430862 0.052274 0.0601624 0.0659183 0.0692045 0.0701417 0.0690929 0.0664769 0.0626896 0.0580863 0.0529721 0.0475852 0.0420835 0.0365454 0.0309983 0.0254751 0.0200776 0.015003 0.0105094 0.00682836
 0.00705059 0.0115138 0.0174435 0.0248254 0.0334453 0.0427527 0.0518324 0.0596316 0.0653417 0.0686471 0.069682 0.0688093 0.066429 0.0628987 0.0585223 0.0535553 0.0482072 0.0426416 0.0369761 0.0312919 0.0256644 0.0202088 0.0151107 0.0106064 0.00691229
 0.00702386 0.0114726 0.0173849 0.0247463 0.03334 0.0426112 0.0516404 0.0593745 0.065012 0.0682536 0.069256 0.0684045 0.0661131 0.0627372 0.0585584 0.0537925 0.048603 0.0431193 0.0374511 0.0317001 0.0259786 0.0204352 0.0152715 0.0107229 0.00699737
 0.00708527 0.0115687 0.0175224 0.0249276 0.0335618 0.0428616 0.0518961 0.0596 0.0651639 0.0682894 0.0691466 0.0681461 0.0657346 0.0622984 0.0581373 0.0534627 0.0484108 0.0430698 0.0375108 0.031816 0.0261019 0.0205372 0.0153451 0.0107735 0.00703267
 0.00709718 0.0115973 0.0175821 0.0250368 0.0337372 0.0431098 0.0522065 0.0599428 0.0654954 0.0685611 0.0693142 0.0681769 0.065614 0.0620368 0.0577727 0.0530558 0.0480297 0.0427693 0.0373164 0.0317202 0.0260756 0.0205467 0.0153656 0.0107927 0.00704745
 0.00705577 0.0115323 0.0174898 0.0249179 0.0336001 0.0429732 0.0520994 0.0598988 0.0655406 0.0687015 0.0695287 0.0684215 0.0658351 0.062187 0.0578253 0.0530126 0.0479196 0.0426372 0.0372057 0.0316577 0.0260646 0.0205727 0.0154078 0.0108346 0.00708046
#pred catch len freq
 0.00369932 0.00597492 0.00895442 0.0126599 0.0171079 0.0222597 0.0279546 0.0338992 0.0397275 0.0450789 0.0496532 0.0532475 0.0557838 0.0573117 0.0579806 0.0580014 0.0576136 0.0570443 0.056422 0.0556425 0.0542619 0.0515581 0.0468449 0.0399274 0.0313906
 0.00407958 0.00653196 0.0096832 0.0135269 0.0180742 0.0233112 0.0291136 0.035203 0.041182 0.0466191 0.0511406 0.0545131 0.0566925 0.0578102 0.0581017 0.0578256 0.0572103 0.0564212 0.0555115 0.0543371 0.0524901 0.0493616 0.0444087 0.037534 0.0293171
 0.00427998 0.00689105 0.0102814 0.0144499 0.0193823 0.0249989 0.0310851 0.0372892 0.0432004 0.0484369 0.0526957 0.0557832 0.0576475 0.0583943 0.0582578 0.0575314 0.0564892 0.0553166 0.0540477 0.0525077 0.0502918 0.0468557 0.0417613 0.0349931 0.0271318
 0.00450276 0.00724097 0.010791 0.0151562 0.0203377 0.0262755 0.0327573 0.0393908 0.0456709 0.0510942 0.0552669 0.0579851 0.0592724 0.0593476 0.0585376 0.0571816 0.0555651 0.0538722 0.0521343 0.0501773 0.0476143 0.0439499 0.0388163 0.0322487 0.0248133
 0.00478389 0.00768721 0.0114427 0.0160447 0.0214825 0.0276814 0.0344129 0.0412718 0.0477459 0.0533202 0.0575663 0.0602189 0.0612381 0.06082 0.0593323 0.0572033 0.0548119 0.0524069 0.0500504 0.0475836 0.0446438 0.0407787 0.0356702 0.0293762 0.0224264
 0.00510061 0.00819083 0.0121807 0.0170569 0.0227972 0.029308 0.0363304 0.0434188 0.0500234 0.0556077 0.059744 0.0621814 0.0628914 0.0620663 0.0600595 0.0572957 0.0541811 0.051022 0.0479514 0.044879 0.0415036 0.0374293 0.0323782 0.0264092 0.0199933
 0.00535213 0.00860391 0.0128112 0.0179624 0.024029 0.0308972 0.0382693 0.0456488 0.0524346 0.0580528 0.0620595 0.0642121 0.0645119 0.0631893 0.0606287 0.0572671 0.0535112 0.0496758 0.0459287 0.0422452 0.0384089 0.034106 0.0291107 0.0234773 0.0176063
 0.00557584 0.00896198 0.013342 0.0187041 0.0250209 0.0321759 0.0398589 0.0475434 0.0545826 0.060348 0.0643478 0.0663139 0.0662544 0.064436 0.0612928 0.0573064 0.0529107 0.0484342 0.044063 0.0398134 0.0355393 0.0310087 0.0260549 0.0207338 0.0153771
 0.00576038 0.00925655 0.0137764 0.0193055 0.0258131 0.0331776 0.0410781 0.0489725 0.0561945 0.0620937 0.0661522 0.0680737 0.0678414 0.0657122 0.0621313 0.0576103 0.052622 0.0475327 0.0425647 0.0377781 0.0330869 0.0283288 0.0233897 0.0183292 0.0134187
 0.00592396 0.00952058 0.0141706 0.0198575 0.026545 0.0340997 0.0421816 0.050226 0.0575478 0.0634868 0.0675243 0.0693662 0.0689951 0.0666608 0.0627982 0.0579124 0.0524814 0.0468926 0.0414056 0.036133 0.0310539 0.0260735 0.0211265 0.0162759 0.0117411
 0.00616493 0.00990114 0.0147231 0.0206062 0.0275038 0.0352673 0.0435339 0.0517087 0.0590772 0.0649605 0.0688392 0.0704373 0.0697688 0.0671162 0.0629348 0.0577313 0.0519716 0.0460312 0.0401742 0.0345435 0.0291724 0.02403 0.0190988 0.0144487 0.0102551
 0.00641499 0.0102957 0.0152951 0.0213802 0.0284936 0.0364719 0.0449294 0.0532409 0.0606604 0.0664855 0.0701881 0.0715019 0.0704694 0.0674143 0.0628342 0.0572654 0.0511828 0.0449543 0.0388329 0.0329651 0.0274114 0.0221847 0.0173061 0.0128536 0.00896792
 0.00651558 0.0104661 0.0155651 0.0217838 0.0290644 0.0372346 0.0458888 0.0543742 0.0619156 0.0677853 0.0714375 0.072599 0.0713187 0.0679413 0.0629969 0.057058 0.0506296 0.0440969 0.0377189 0.0316461 0.0259514 0.0206709 0.0158479 0.0115633 0.00793008
 0.00661227 0.0106129 0.0157681 0.0220456 0.0293892 0.0376335 0.046381 0.0549804 0.0626455 0.0686251 0.0723431 0.0734997 0.0721288 0.0685752 0.0633833 0.0571501 0.0504101 0.0435774 0.0369347 0.0306509 0.0248152 0.0194796 0.0146979 0.0105467 0.00711365
 0.00671832 0.0107809 0.0160125 0.0223758 0.029807 0.0381306 0.0469373 0.0555671 0.0632335 0.0691937 0.0728819 0.0740012 0.0725773 0.06894 0.0636204 0.0572126 0.0502604 0.0431981 0.0363338 0.029863 0.0238988 0.0185117 0.0137636 0.00972405 0.00645636
