SBPRF35
7.78865
Curr Bio
595420
B35
700806
F35
0.210979
FOFL
0.16694
OFL
74062
Bzero
2.22533e+06
#pred survey bio
 5.12457e+06 4.787e+06 4.47221e+06 4.12478e+06 3.75965e+06 3.34095e+06 2.98512e+06 2.63833e+06 2.32093e+06 2.06342e+06 1.8083e+06 1.60795e+06 1.40642e+06 1.24607e+06 1.11447e+06 1.00023e+06 930247 860829 791207 761201 741990 705730 687406 669092 659413 648410 635102 630089 622379 624132 622426 619426 610739 604852 592211 576257 570834 557374 554119 560316 567227 572765 573842 574250 577039 582224 587409 584258 586627 582127 580233 587683 600498 611317 600609 1.98258e+07 1.14437e+07 1.13601e+07 1.18844e+07 1.27626e+07 1.3736e+07 1.46422e+07 1.54074e+07 1.60152e+07 1.64792e+07 1.68241e+07 1.70763e+07 1.72589e+07 1.73903e+07 1.74849e+07 1.75531e+07 1.76025e+07 1.76384e+07 1.76646e+07 1.76839e+07 1.76982e+07 1.77089e+07 1.77169e+07 1.77229e+07 1.77275e+07 1.77309e+07 1.77336e+07 1.77356e+07 1.77371e+07 1.77383e+07 1.77392e+07 1.77399e+07 1.77404e+07 1.77408e+07 1.77411e+07 1.77414e+07 1.77416e+07 1.77417e+07 1.77418e+07 1.77419e+07 1.7742e+07 1.7742e+07 1.77421e+07 1.77421e+07 1.77421e+07 1.77421e+07 1.77422e+07 1.77422e+07 1.77422e+07 1.77422e+07 1.77422e+07 1.77422e+07 1.77422e+07 1.77422e+07 1.77422e+07 1.77422e+07 1.77422e+07 1.77422e+07 1.77422e+07 1.77422e+07 1.77422e+07 1.77422e+07 1.77422e+07 1.77422e+07 1.77422e+07 1.77422e+07 1.77422e+07 1.77422e+07 1.77422e+07 1.77422e+07 1.77422e+07 1.77422e+07 1.77422e+07 1.77422e+07 1.77422e+07 1.77422e+07 1.77422e+07 1.77422e+07 1.77422e+07 1.77422e+07 1.77422e+07 1.77422e+07 1.77422e+07 1.77422e+07 1.77422e+07 1.77422e+07 1.77422e+07 1.77422e+07 1.77422e+07 1.77422e+07 1.77422e+07 1.77422e+07 1.77422e+07 1.77422e+07 1.77422e+07 1.77422e+07 1.77422e+07 1.77422e+07 1.77422e+07 1.77422e+07 0 0 0 0 0 0 0 0 0 0 0 0 0 0 0 0 0 0 0 0 0 0 0 0 0
#obs survey bio
 4.73133e+06 6.72898e+06 3.34416e+06 4.15869e+06 2.63285e+06 3.20356e+06 2.45415e+06 1.63355e+06 1.70419e+06 1.38983e+06 1.38061e+06 1.2514e+06 1.27279e+06 1.0466e+06 514258 900232 797585 567830 1.17266e+06 993783 819248 655589 478926 477861 724335 574249 533668 885949 612406 664726 637055 512954 537319 781693 509885 623234 549439 484315 472780 483696 574092 567914 529792 555040 575080 448652 765461 589327 595433 495929 582337 656217 570687 706487 631761
#pred catch bio
 104904 99218.4 150489 196057 281145 262592 292325 301758 279408 303156 273986 287873 259072 238389 225667 188430 186793 182649 144144 131569 142720 124996 123370 114634 114005 113364 103515 103094 93244.8 94701 93848.9 96204.6 91010 93523.5 93219.3 84111.9 94339.5 89440 83629 83851.1 85365.3 89230.1 89556.1 87104.7 84572.4 83940.6 90151.4 85516.1 92373.7 91365.3 84451.3 79983.8 80212.1 94181.7 106369 74062 87900 85766.6 88169.3 94054.3 101002 107482 112856 117004 120053 122218 123715 124729 125407 125853 126145 126334 126455 126533 126583 126615 126635 126648 126656 126661 126664 126666 126668 126668 126669 126669 126669 126669 126670 126670 126670 126670 126670 126670 126670 126670 126670 126670 126670 126670 126670 126670 126670 126670 126670 126670 126670 126670 126670 126670 126670 126670 126670 126670 126670 126670 126670 126670 126670 126670 126670 126670 126670 126670 126670 126670 126670 126670 126670 126670 126670 126670 126670 126670 126670 126670 126670 126670 126670 126670 126670 126670 126670 126670 126670 126670 126670 126670 126670 126670 126670 126670 126670 126670 126670 0 0 0 0 0 0 0 0 0 0 0 0 0 0 0 0 0 0 0 0 0 0 0 0 0
#obs catch bio
 0 98834.1 150848 196354 283791 264311 295836 307410 285005 313001 283019 299388 268113 245782 234194 193852 192182 189151 146972 133499 144683 127035 125807 116672 116117 115595 105357 104117 94138.6 95810.1 94840.5 97436.9 91880.5 94170.6 94047.3 84670.8 95273.2 90472.8 84053.5 84074.4 85329 89613 90037.7 87627.8 84853.6 84237.4 89923.9 85179.5 92415.9 92027 85111.4 80597.1 80676.9 94659.8 106520
#pred cpue bio
 5.04146e+06 4.70988e+06 4.40053e+06 4.05606e+06 3.69278e+06 3.27649e+06 2.9223e+06 2.57711e+06 2.26117e+06 2.00471e+06 1.75148e+06 1.55293e+06 1.35428e+06 1.19658e+06 1.06715e+06 954871 886225 818834 751823 723515 705526 670581 652779 635082 625852 615557 603175 598935 592006 593967 592602 590116 582180 577020 565375 550297 544406 529742 525510 531581 538676 544188 545225 545668 548547 553814 559116 556223 558296 553455 551204 558408 571330 582667 573516 1.89706e+07 1.09634e+07 1.07616e+07 1.11274e+07 1.19403e+07 1.28959e+07 1.37979e+07 1.45622e+07 1.51699e+07 1.56338e+07 1.59788e+07 1.6231e+07 1.64135e+07 1.6545e+07 1.66396e+07 1.67078e+07 1.67571e+07 1.6793e+07 1.68192e+07 1.68386e+07 1.68529e+07 1.68635e+07 1.68715e+07 1.68776e+07 1.68821e+07 1.68856e+07 1.68882e+07 1.68902e+07 1.68917e+07 1.68929e+07 1.68938e+07 1.68945e+07 1.6895e+07 1.68954e+07 1.68958e+07 1.6896e+07 1.68962e+07 1.68963e+07 1.68964e+07 1.68965e+07 1.68966e+07 1.68967e+07 1.68967e+07 1.68967e+07 1.68968e+07 1.68968e+07 1.68968e+07 1.68968e+07 1.68968e+07 1.68968e+07 1.68968e+07 1.68968e+07 1.68968e+07 1.68968e+07 1.68968e+07 1.68968e+07 1.68968e+07 1.68968e+07 1.68968e+07 1.68968e+07 1.68968e+07 1.68968e+07 1.68968e+07 1.68968e+07 1.68968e+07 1.68968e+07 1.68968e+07 1.68968e+07 1.68968e+07 1.68968e+07 1.68968e+07 1.68968e+07 1.68968e+07 1.68968e+07 1.68968e+07 1.68968e+07 1.68968e+07 1.68968e+07 1.68968e+07 1.68968e+07 1.68968e+07 1.68968e+07 1.68968e+07 1.68968e+07 1.68968e+07 1.68968e+07 1.68968e+07 1.68968e+07 1.68968e+07 1.68968e+07 1.68968e+07 1.68968e+07 1.68968e+07 1.68968e+07 1.68968e+07 1.68968e+07 1.68968e+07 1.68968e+07 1.68968e+07 1.68968e+07 0 0 0 0 0 0 0 0 0 0 0 0 0 0 0 0 0 0 0 0 0 0 0 0 0
#obs cpue bio
 4.15542e+06 4.27918e+06 2.72671e+06 3.35466e+06 3.06907e+06 2.38259e+06 2.44841e+06 1.97138e+06 1.7469e+06 1.3176e+06 1.17825e+06 1.33954e+06 1.18306e+06 1.1944e+06 1.09561e+06 823307 821033 635140 580082 538681 741439 365540 620053 667800 430707 512968 509285 714870 425251 436282 516600 551038 636920 545202 520777 417891 535654 411844 844657 729466 670062 372301 502343 479260 631249 638642 830551 550536 431646 346677 423773 422310 598461 629744 813839
#pred surv len freq
 0.00490886 0.00797606 0.0120153 0.0170104 0.0228414 0.029205 0.035586 0.0413816 0.0461274 0.0496497 0.0520443 0.0535441 0.0543975 0.0548072 0.0549112 0.0547842 0.0544502 0.0538923 0.0530306 0.0516656 0.049434 0.0458732 0.040642 0.0338114 0.0260104
 0.00509006 0.00817974 0.012159 0.016975 0.0225198 0.0285697 0.0347328 0.0405091 0.0454536 0.0493127 0.0520489 0.0537811 0.0547166 0.0550955 0.0551373 0.0549946 0.0547274 0.054296 0.0535518 0.0522166 0.0498841 0.0461115 0.0406316 0.0336017 0.0257038
 0.00542447 0.00869683 0.0128809 0.0178868 0.0235533 0.0295936 0.0355638 0.0409609 0.0454155 0.0488159 0.0512642 0.052939 0.0539985 0.0545684 0.0547688 0.0547188 0.0545053 0.0541294 0.0534527 0.0521673 0.0498253 0.0459705 0.0403678 0.0332337 0.0252982
 0.00568873 0.00913497 0.0135551 0.0188566 0.0248583 0.0312241 0.0374301 0.0428804 0.0471357 0.0500752 0.0518734 0.0528483 0.0533123 0.0534952 0.0535308 0.0534759 0.0533326 0.0530427 0.0524445 0.051224 0.0489282 0.0451001 0.0395205 0.0324352 0.0245972
 0.00596205 0.00956979 0.0141935 0.0197362 0.0260107 0.0326697 0.0391644 0.0448551 0.0492408 0.052133 0.0536533 0.0541096 0.0538708 0.053286 0.0526303 0.0520675 0.0516334 0.051235 0.0506446 0.0494899 0.0472865 0.043571 0.0381338 0.0312327 0.0236205
 0.00634535 0.0101733 0.0150654 0.0209085 0.0274952 0.0344524 0.0411986 0.0470603 0.0515117 0.0543504 0.0556865 0.0558094 0.0550687 0.0538175 0.052384 0.0510319 0.049912 0.0490152 0.0481402 0.0468921 0.0447443 0.0411993 0.036027 0.0294673 0.0222433
 0.00673164 0.0107821 0.0159458 0.0220938 0.0289981 0.0362575 0.0432544 0.0492765 0.0537709 0.0565296 0.0576739 0.0575069 0.0563798 0.0546352 0.0525922 0.0505319 0.0486636 0.0470698 0.0456435 0.0440546 0.0417985 0.0383639 0.0334844 0.0273482 0.0206131
 0.00713332 0.011423 0.0168875 0.0233845 0.0306629 0.0382845 0.0455796 0.051781 0.0562986 0.0589182 0.0597838 0.0592335 0.0576499 0.0553919 0.0527792 0.050087 0.047531 0.0452322 0.0431582 0.0410718 0.0385497 0.0351227 0.0305138 0.0248498 0.0186923
 0.00753233 0.0120579 0.0178177 0.0246568 0.0323045 0.0402912 0.0479013 0.0543145 0.0588969 0.0614142 0.0620167 0.0610686 0.0589884 0.0561704 0.0529596 0.049642 0.0464358 0.043473 0.0407604 0.0381347 0.0352653 0.0317596 0.027365 0.0221626 0.0166106
 0.00781632 0.0125209 0.0185172 0.0256474 0.0336282 0.0419618 0.0498877 0.0565347 0.0612281 0.0637148 0.0641464 0.0629005 0.0604143 0.0571043 0.0533389 0.0494249 0.0455964 0.0420019 0.0386778 0.0355172 0.0322704 0.0286261 0.0243742 0.0195702 0.0145794
 0.00810431 0.0129875 0.0192165 0.0266296 0.0349311 0.0435967 0.0518242 0.0586926 0.0634863 0.0659312 0.06618 0.064627 0.0617339 0.0579431 0.0536465 0.0491689 0.0447586 0.0405784 0.0366904 0.0330341 0.0294297 0.025641 0.0215049 0.0170631 0.0126003
 0.00827567 0.0132717 0.0196554 0.0272675 0.0358079 0.0447369 0.0532231 0.0603095 0.0652469 0.0677384 0.0679258 0.0662024 0.0630368 0.0588853 0.0541578 0.0491981 0.0442722 0.0395617 0.0351551 0.0310349 0.0270824 0.0231288 0.0190553 0.0148972 0.0108735
 0.00854397 0.0136955 0.0202705 0.0280996 0.0368694 0.0460215 0.0546986 0.0619145 0.0668964 0.0693374 0.0693823 0.0674364 0.063983 0.0594927 0.0543875 0.0490209 0.0436674 0.0385194 0.0336847 0.0291809 0.0249413 0.0208554 0.0168452 0.012943 0.00931252
 0.00890202 0.014241 0.0210233 0.0290547 0.0380008 0.047289 0.0560516 0.0632927 0.0682334 0.0705672 0.0704474 0.0682907 0.0645916 0.0598285 0.054429 0.0487498 0.0430679 0.0375811 0.0324109 0.0276026 0.0231329 0.0189408 0.0149839 0.0112946 0.00799262
 0.00918248 0.0146941 0.021698 0.0299892 0.039209 0.0487427 0.0576675 0.0649381 0.0697562 0.0718379 0.0713886 0.0688808 0.0648476 0.0597837 0.0541152 0.0481892 0.0422713 0.0365521 0.0311554 0.0261433 0.0215245 0.0172772 0.0133887 0.00989273 0.00687454
 0.0093445 0.014968 0.02213 0.0306291 0.0400998 0.0499027 0.0590711 0.0665052 0.0713592 0.0733242 0.0726116 0.0697298 0.0652681 0.0597807 0.0537384 0.0475081 0.041352 0.0354446 0.0298952 0.0247635 0.0200721 0.0158235 0.0120255 0.00871184 0.00594119
 0.00934338 0.0149712 0.0221458 0.0306736 0.0401991 0.0500945 0.0594006 0.0670147 0.0720702 0.074219 0.0736235 0.0707509 0.066173 0.0604576 0.0541151 0.0475616 0.0411012 0.0349328 0.0291738 0.023885 0.0190937 0.0148125 0.0110588 0.00786367 0.00526461
 0.0092434 0.014842 0.0220128 0.0305805 0.0401963 0.0502201 0.0596674 0.06741 0.0725688 0.0747969 0.0742618 0.0714264 0.0668454 0.0610648 0.0545831 0.0478244 0.0411195 0.0347023 0.0287218 0.0232605 0.0183584 0.0140355 0.0103104 0.00720643 0.00474084
 0.00928737 0.0148966 0.0220656 0.0306144 0.0401998 0.0502014 0.0596604 0.067466 0.0727337 0.075089 0.0746631 0.0718934 0.0673273 0.0615154 0.0549615 0.0480913 0.0412377 0.0346456 0.0284845 0.0228631 0.0178448 0.0134651 0.00974697 0.00670579 0.00434008
 0.0093841 0.0150122 0.0221626 0.0306324 0.0400727 0.0498848 0.0591571 0.0668358 0.0720827 0.0745426 0.0743332 0.0718484 0.0675756 0.0620072 0.0556072 0.0487861 0.0418833 0.0351638 0.0288258 0.0230108 0.0178154 0.0133022 0.00950901 0.00645111 0.00411376
 0.00948955 0.0151705 0.0223742 0.0308829 0.040329 0.0500939 0.0592516 0.0667499 0.0717794 0.0740404 0.0737145 0.0712406 0.0671102 0.0617769 0.0556394 0.049042 0.0422784 0.0355967 0.0292056 0.0232763 0.0179425 0.0133024 0.00941886 0.00631707 0.00397711
 0.0096478 0.0154261 0.0227545 0.031408 0.0410028 0.0508913 0.0601069 0.0675571 0.0724099 0.074376 0.073684 0.0708452 0.066428 0.0609425 0.0548036 0.0483275 0.0417485 0.0352504 0.0289952 0.0231369 0.0178193 0.013166 0.00926669 0.00616387 0.0038419
 0.00967112 0.0154637 0.0228113 0.0314912 0.0411234 0.0510646 0.0603491 0.0678765 0.0727948 0.0747848 0.0740472 0.0710823 0.066476 0.0607829 0.0544734 0.0479067 0.0413295 0.034904 0.02875 0.022981 0.0177182 0.0130852 0.00918647 0.00608156 0.00376505
 0.00967725 0.0154774 0.0228388 0.0315404 0.0412022 0.051178 0.060498 0.0680583 0.0730055 0.0750192 0.0742942 0.0713186 0.0666632 0.0608759 0.054439 0.0477417 0.0410665 0.0345994 0.0284609 0.0227437 0.0175416 0.012958 0.00909141 0.00600622 0.00370458
 0.00956505 0.0153125 0.0226234 0.0312893 0.0409399 0.0509337 0.0603009 0.0679339 0.0729731 0.0750886 0.0744637 0.0715734 0.0669762 0.0612087 0.0547464 0.0479818 0.041214 0.034654 0.0284455 0.0226915 0.0174812 0.0129049 0.00904913 0.00597243 0.00367697
 0.0094699 0.015164 0.0224123 0.0310132 0.0406063 0.0505628 0.0599272 0.0676032 0.0727326 0.0749747 0.074492 0.0717376 0.0672521 0.0615607 0.0551328 0.0483595 0.0415443 0.0349105 0.0286195 0.0227923 0.0175288 0.0129207 0.00904905 0.00596573 0.00366814
 0.00937104 0.0150145 0.0222082 0.030758 0.0403095 0.0502383 0.0595921 0.0672796 0.072448 0.0747602 0.0743769 0.0717423 0.0673821 0.0618038 0.0554609 0.0487338 0.0419225 0.0352547 0.028903 0.0230032 0.0176705 0.0130064 0.00909561 0.00598796 0.00367682
 0.00936365 0.0149792 0.022113 0.0305616 0.0399751 0.0497535 0.0589849 0.0666174 0.0718193 0.0742477 0.0740387 0.0716053 0.0674468 0.0620508 0.0558559 0.0492308 0.042469 0.0357975 0.0293967 0.0234166 0.0179898 0.0132342 0.00924566 0.00607924 0.00372793
 0.00945659 0.0151132 0.0222814 0.0307429 0.0401329 0.0498412 0.0589537 0.0664299 0.0714657 0.0737585 0.0734832 0.0710742 0.0670244 0.0617934 0.0557823 0.0493268 0.0426968 0.0361072 0.0297359 0.0237399 0.0182651 0.013446 0.00939358 0.00617318 0.00378217
 0.00934023 0.0149514 0.022088 0.0305463 0.0399663 0.0497265 0.0588894 0.0663893 0.071408 0.0736465 0.0733006 0.0708353 0.066773 0.061589 0.0556803 0.0493603 0.0428673 0.0363874 0.0300802 0.0240978 0.0185932 0.0137159 0.00959429 0.00630847 0.00386486
 0.00923613 0.0147882 0.0218552 0.0302422 0.0396029 0.0493336 0.0585148 0.066089 0.0712265 0.0735965 0.0733565 0.0709459 0.0668878 0.0616819 0.0557581 0.0494527 0.0430078 0.0365939 0.0303468 0.0243978 0.0188907 0.0139784 0.00980177 0.00645586 0.00395911
 0.00912532 0.014618 0.0216174 0.029936 0.0392346 0.0489171 0.0580733 0.0656575 0.0708504 0.073324 0.0732246 0.0709671 0.0670436 0.0619298 0.0560497 0.0497529 0.0433037 0.0368895 0.0306492 0.0247047 0.0191876 0.0142443 0.0100187 0.00661576 0.00406521
 0.00902335 0.0144634 0.0214059 0.0296709 0.0389261 0.0485802 0.0577258 0.06532 0.0705451 0.0730737 0.073051 0.070889 0.0670725 0.0620647 0.0562738 0.0500372 0.0436166 0.0372072 0.0309583 0.0249988 0.01946 0.0144852 0.0102174 0.00676596 0.00416797
 0.00888697 0.0142516 0.021106 0.0292796 0.0384514 0.0480432 0.057163 0.06478 0.0700802 0.072728 0.0728514 0.0708432 0.0671741 0.0622981 0.0566168 0.0504618 0.0440896 0.0376941 0.0314287 0.0254301 0.0198374 0.0147999 0.0104653 0.0069481 0.00429109
 0.00896699 0.0143501 0.0211962 0.0293172 0.0383872 0.0478427 0.0568224 0.0643308 0.0695788 0.0722386 0.072431 0.0705327 0.0669955 0.0622562 0.0567029 0.0506572 0.044369 0.0380278 0.0317856 0.025781 0.0201585 0.0150745 0.0106846 0.00711065 0.00440197
 0.0097317 0.015442 0.0225577 0.0307952 0.0397707 0.0489281 0.0574691 0.0644834 0.0692603 0.0715302 0.071451 0.0694147 0.0658656 0.0612141 0.0558133 0.0499502 0.0438473 0.0376753 0.0315749 0.0256793 0.0201325 0.0150939 0.010725 0.00715472 0.00443959
 0.0103116 0.0163633 0.0238959 0.0325845 0.0419724 0.051395 0.0599301 0.0665805 0.0706455 0.0719832 0.0709497 0.0681222 0.0640521 0.0591657 0.0537676 0.0480711 0.042227 0.0363494 0.0305399 0.0249079 0.0195849 0.0147257 0.0104922 0.00701757 0.00436509
 0.0101247 0.0161898 0.0238753 0.0329255 0.0428952 0.0530388 0.0622676 0.0693868 0.0735394 0.0745207 0.0727346 0.0689018 0.0637719 0.0579662 0.0519245 0.0459062 0.0400284 0.0343255 0.0288106 0.023519 0.0185306 0.013969 0.00998044 0.00669336 0.00417411
 0.0097694 0.015644 0.0231221 0.0319934 0.0418795 0.0521165 0.0616893 0.0694221 0.0743761 0.0761593 0.0749439 0.0712735 0.0658524 0.0594018 0.0525552 0.0457779 0.0393357 0.0333227 0.0277317 0.0225309 0.0177223 0.0133657 0.00956545 0.00642961 0.00401946
 0.00966744 0.0154455 0.0227644 0.0314028 0.0409964 0.0509354 0.0602973 0.0680132 0.0732244 0.075552 0.0750906 0.0722228 0.0674526 0.0613335 0.0544322 0.0472747 0.0402801 0.033717 0.0277058 0.0222642 0.0173755 0.013045 0.00931964 0.00626541 0.00392188
 0.00970893 0.0154959 0.0228059 0.0314013 0.0409011 0.0506846 0.059833 0.0673049 0.0723004 0.0745234 0.0741498 0.0715989 0.0673343 0.0617884 0.055367 0.0484621 0.0414443 0.0346353 0.028274 0.0225019 0.0173803 0.0129327 0.00918032 0.00614858 0.00384273
 0.00969262 0.0154815 0.0228055 0.0314303 0.0409695 0.0507847 0.0599295 0.0673362 0.0721946 0.074227 0.0736588 0.0709807 0.0667234 0.0613502 0.055235 0.0486784 0.0419366 0.0352485 0.0288398 0.0229057 0.017591 0.0129874 0.00914553 0.0060838 0.00378367
 0.00964287 0.0154126 0.0227244 0.0313527 0.0409171 0.0507794 0.0599857 0.0674528 0.0723481 0.0743699 0.0737291 0.070924 0.0665223 0.0610437 0.0549144 0.0484523 0.0418819 0.0353733 0.0290832 0.0231731 0.0178025 0.0131075 0.00918309 0.0060711 0.00375303
 0.00956655 0.0152978 0.0225696 0.031164 0.040709 0.0505736 0.0598099 0.0673368 0.0723162 0.0744308 0.0738675 0.0711003 0.066683 0.061143 0.0549358 0.0484193 0.0418472 0.03539 0.0291746 0.0233222 0.0179655 0.0132418 0.00926739 0.0061083 0.00375971
 0.0095128 0.0152077 0.0224295 0.0309613 0.040437 0.0502387 0.0594368 0.0669685 0.0720055 0.0742262 0.0737997 0.0711738 0.0668747 0.061408 0.0552217 0.0486839 0.0420723 0.0355826 0.029354 0.023501 0.0181401 0.0133959 0.00938492 0.00618391 0.00379971
 0.00942835 0.0150785 0.0222499 0.0307305 0.0401581 0.0499174 0.0590826 0.0665976 0.071644 0.0739105 0.0735714 0.0710699 0.0669161 0.0615911 0.055517 0.0490452 0.0424509 0.0359417 0.0296747 0.0237789 0.0183759 0.0135887 0.00953238 0.00628615 0.00386251
 0.00944178 0.0150836 0.0222271 0.0306524 0.039998 0.0496615 0.0587398 0.0661996 0.0712354 0.0735354 0.0732653 0.0708585 0.0668178 0.0616167 0.0556656 0.0492995 0.0427785 0.0363019 0.0300294 0.0241006 0.0186492 0.0138079 0.00969743 0.00640142 0.00393592
 0.0096782 0.0154282 0.0226707 0.0311579 0.040506 0.0501039 0.0590529 0.0663349 0.0711689 0.0732743 0.0728482 0.0703469 0.0662803 0.0611154 0.0552473 0.0489918 0.0425889 0.0362191 0.0300289 0.0241522 0.0187249 0.0138867 0.00976649 0.00645461 0.00397234
 0.00980309 0.0156319 0.0229767 0.0315829 0.0410507 0.0507402 0.059716 0.0669297 0.0715933 0.0734514 0.07275 0.0699991 0.0657496 0.0604878 0.0546077 0.048409 0.042108 0.03586 0.029789 0.0240127 0.0186592 0.0138674 0.00977115 0.00646789 0.00398564
 0.00983338 0.0156992 0.0231114 0.0318245 0.0414374 0.0512929 0.0604214 0.0677319 0.0723994 0.0741488 0.0732312 0.0701871 0.0656181 0.0600671 0.0539749 0.0476658 0.0413546 0.0351757 0.029222 0.0235803 0.0183542 0.013668 0.00965024 0.00639991 0.00395023
 0.00967794 0.0154813 0.0228491 0.0315601 0.0412304 0.0512058 0.060505 0.0680137 0.0728748 0.0747753 0.0739294 0.0708527 0.0661448 0.0603746 0.0540299 0.0474885 0.0410085 0.034745 0.028787 0.0231996 0.0180575 0.0134595 0.00951727 0.0063227 0.00390937
 0.00939237 0.015046 0.0222502 0.0308093 0.040369 0.0503052 0.0596654 0.0673537 0.0725072 0.0747757 0.0743103 0.0715568 0.0670593 0.0613586 0.0549475 0.0482384 0.041542 0.0350673 0.0289431 0.0232503 0.0180582 0.0134472 0.00950951 0.00632286 0.00391443
 0.00909571 0.0145819 0.0215869 0.0299332 0.0392909 0.0490693 0.0583571 0.066099 0.0714562 0.0740716 0.0740568 0.0717944 0.0677553 0.0624132 0.0562136 0.0495534 0.0427622 0.0360956 0.0297394 0.0238247 0.0184508 0.0137069 0.00967838 0.00643129 0.00398226
 0.00858689 0.0138255 0.0205797 0.0287176 0.0379414 0.0476701 0.0569883 0.064836 0.0703768 0.0732591 0.0735939 0.0717491 0.0681622 0.0632565 0.0574195 0.0509964 0.0442886 0.0375555 0.0310175 0.0248582 0.0192291 0.0142574 0.0100466 0.00666514 0.00412295
 0.00802662 0.0129794 0.019429 0.0272936 0.0363227 0.0459719 0.0553502 0.0634046 0.0692787 0.072572 0.0733356 0.0718924 0.0686639 0.0640773 0.0585222 0.052329 0.0457686 0.0390723 0.0324519 0.0261098 0.0202384 0.0150112 0.0105697 0.00700288 0.004326
#obs surv len freq
 nan nan nan nan nan nan nan nan nan nan nan nan nan nan nan nan nan nan nan nan nan nan nan nan nan
 0.0044912 0.00735538 0.0111878 0.0160053 0.0217057 0.0279793 0.0342906 0.0400189 0.0446957 0.0481573 0.0505133 0.0520076 0.0528986 0.0534099 0.0537234 0.0539777 0.0542558 0.0545482 0.0546868 0.0542786 0.0527168 0.0493494 0.0437999 0.036281 0.0276659
 0.00460957 0.00755324 0.0114951 0.0164522 0.0223143 0.0287523 0.0351995 0.041002 0.0456679 0.0490281 0.0512049 0.0524658 0.053097 0.0533494 0.0534268 0.0534822 0.0536046 0.0537836 0.0538475 0.0534013 0.05184 0.0485159 0.0430542 0.0356607 0.0271918
 0.00477403 0.00781988 0.0118954 0.0170158 0.0230645 0.0296977 0.0363243 0.0422589 0.0469798 0.0502975 0.0523276 0.0533454 0.0536582 0.0535478 0.0532532 0.0529596 0.0527798 0.0527173 0.0526067 0.0520566 0.0504665 0.0471938 0.0418631 0.0346663 0.0264303
 0.00496071 0.00812589 0.0123606 0.0176784 0.0239536 0.0308214 0.0376577 0.0437411 0.048523 0.0518029 0.0536982 0.0544912 0.0544978 0.0540122 0.0532937 0.0525567 0.051948 0.051504 0.0510873 0.0503285 0.0486451 0.0454057 0.0402331 0.0332961 0.0253772
 0.00518022 0.00848406 0.0129021 0.018446 0.0249802 0.0321171 0.0391969 0.0454566 0.0503146 0.0535558 0.0553007 0.0558455 0.0555226 0.0546411 0.0534736 0.0522503 0.0511406 0.0502131 0.0493703 0.048287 0.0464219 0.0431724 0.0381657 0.0315413 0.0240203
 0.00541535 0.00886836 0.0134844 0.0192731 0.0260881 0.0335176 0.0408623 0.0473153 0.0522602 0.0554671 0.0570604 0.0573505 0.0566872 0.0553956 0.0537627 0.0520314 0.050386 0.0489191 0.0475714 0.0460717 0.0439389 0.040621 0.0357635 0.0294775 0.0224115
 0.00563955 0.00923988 0.0140566 0.0201002 0.0272148 0.0349616 0.0425978 0.0492666 0.0543133 0.0574918 0.0589317 0.0589602 0.0579471 0.0562362 0.054129 0.0518798 0.049684 0.0476518 0.0457574 0.0437836 0.0413193 0.0378789 0.033142 0.0271984 0.0206187
 0.00588395 0.00963713 0.0146547 0.0209452 0.0283429 0.0363879 0.0443017 0.051185 0.0563462 0.0595183 0.0608277 0.0606116 0.0592576 0.0571295 0.0545476 0.0517801 0.0490334 0.0464317 0.0439773 0.0415034 0.038671 0.0350693 0.0304232 0.0248098 0.0187238
 0.00612442 0.0100312 0.0152534 0.0217974 0.0294859 0.0378319 0.0460151 0.0530905 0.0583341 0.061469 0.0626301 0.0621715 0.0604963 0.0579809 0.0549562 0.0516995 0.0484268 0.0452754 0.0422734 0.0393013 0.0360903 0.032306 0.0277253 0.02242 0.0168141
 0.00636288 0.0104241 0.0158543 0.0226592 0.0306502 0.0393115 0.0477773 0.0550513 0.0603704 0.0634439 0.0644174 0.0636701 0.0616338 0.0587095 0.0552435 0.0515204 0.047758 0.0440989 0.0405894 0.037151 0.03358 0.029617 0.0250925 0.0200787 0.0149349
 0.00660872 0.0108263 0.0164644 0.0235269 0.0318135 0.040782 0.0495238 0.0569932 0.0623883 0.0654009 0.0661821 0.0651322 0.062712 0.0593527 0.0554267 0.0512353 0.047003 0.0428753 0.0389089 0.0350556 0.0311663 0.0270486 0.022584 0.0178476 0.0131416
 0.00683129 0.0111931 0.0170255 0.0243317 0.0329008 0.0421638 0.0511694 0.0588243 0.0642901 0.0672444 0.0678449 0.0665113 0.0637285 0.0599528 0.0555805 0.0509327 0.0462479 0.0416807 0.0372993 0.0330803 0.0289181 0.0246756 0.0202769 0.0158 0.0114963
 0.00705004 0.0115499 0.0175648 0.0250956 0.033921 0.0434489 0.0526915 0.0605132 0.0660418 0.0689401 0.0693703 0.067769 0.0646446 0.060478 0.055688 0.0506141 0.0455086 0.0405375 0.0357828 0.0312444 0.0268535 0.0225173 0.0181936 0.0139598 0.0100218
 0.00727862 0.0119234 0.0181301 0.0258961 0.0349868 0.0447817 0.0542498 0.0622098 0.0677577 0.0705493 0.070762 0.0688595 0.0653786 0.0608251 0.0556378 0.0501712 0.0446883 0.0393637 0.0342911 0.0294902 0.0249231 0.020533 0.0163027 0.0123053 0.00870507
 0.00745639 0.0122169 0.01858 0.0265431 0.0358628 0.0458969 0.0555786 0.0636857 0.0692814 0.0720075 0.0720467 0.0698821 0.0660765 0.0611632 0.0556055 0.0497762 0.0439502 0.0383108 0.0329618 0.0279395 0.0232311 0.0188078 0.0146709 0.0108865 0.00758172
 0.0075146 0.0123185 0.0187466 0.026801 0.0362407 0.0464187 0.0562565 0.0645131 0.0702308 0.0730305 0.0730776 0.0708437 0.0668894 0.0617567 0.055926 0.049792 0.0436518 0.0377085 0.0320845 0.0268364 0.0219748 0.0174945 0.0134102 0.00978105 0.00670206
 0.00757378 0.0124057 0.018862 0.0269414 0.0364035 0.0466081 0.0564868 0.0648067 0.0706109 0.0735109 0.0736536 0.0714878 0.0675518 0.0623715 0.0564212 0.0501017 0.0437265 0.0375222 0.0316383 0.0261604 0.0211276 0.0165592 0.0124829 0.00895165 0.00603399
 0.00765671 0.0125327 0.0190378 0.0271639 0.0366629 0.0468876 0.0567644 0.0650612 0.0708299 0.0736992 0.0738329 0.071687 0.0677912 0.0626488 0.0567068 0.0503442 0.0438655 0.0375043 0.031431 0.0257614 0.0205685 0.0159012 0.0118046 0.00833025 0.00552587
 0.0077092 0.012613 0.0191491 0.0273055 0.03683 0.0470716 0.0569531 0.0652394 0.0709829 0.0738173 0.0739169 0.0717501 0.0678558 0.062737 0.056829 0.0504891 0.0439992 0.0375786 0.0313988 0.0255937 0.0202663 0.0154976 0.0113559 0.00789896 0.00516196
 0.00779419 0.0127455 0.0193378 0.0275532 0.0371322 0.0474144 0.0573117 0.06558 0.0712689 0.0740183 0.0740172 0.0717515 0.0677763 0.0626061 0.0566794 0.0503468 0.0438738 0.0374594 0.0312593 0.025405 0.0200125 0.0151858 0.0110158 0.00757146 0.00488359
 0.00780987 0.0127731 0.0193831 0.0276231 0.0372328 0.0475487 0.0574772 0.0657674 0.0714629 0.0742006 0.0741694 0.0718587 0.0678306 0.0626082 0.0566391 0.0502797 0.0437949 0.0373755 0.031166 0.0252888 0.0198605 0.0149958 0.0108013 0.0073572 0.0046955
 0.00784637 0.0128245 0.0194459 0.0276899 0.0372953 0.0476025 0.0575244 0.065816 0.0715225 0.0742766 0.0742594 0.0719529 0.0679147 0.0626686 0.0566669 0.0502735 0.0437597 0.0373187 0.0310926 0.0251987 0.0197503 0.014865 0.0106563 0.00721215 0.00456659
 0.00788175 0.0128793 0.0195231 0.0277889 0.0374115 0.0477255 0.0576395 0.0659071 0.0715781 0.0742952 0.0742509 0.0719328 0.0678962 0.0626565 0.0566576 0.0502586 0.0437317 0.0372742 0.0310314 0.0251223 0.0196605 0.014764 0.0105496 0.00710828 0.00447534
 0.00787142 0.0128606 0.0194916 0.0277404 0.0373432 0.0476394 0.0575433 0.0658134 0.0715006 0.0742445 0.0742325 0.0719481 0.0679445 0.0627353 0.056761 0.0503762 0.0438496 0.0373783 0.0311109 0.0251713 0.0196779 0.0147534 0.0105178 0.00706483 0.00443018
 0.00789308 0.0128888 0.0195208 0.0277608 0.0373432 0.0476094 0.0574797 0.0657203 0.0713895 0.0741316 0.0741347 0.0718798 0.0679143 0.0627456 0.0568081 0.0504523 0.0439434 0.0374767 0.0312007 0.0252419 0.0197231 0.0147725 0.0105151 0.00704765 0.00440692
 0.00788691 0.0128793 0.0195074 0.0277423 0.0373175 0.0475725 0.0574262 0.0656456 0.0712927 0.0740189 0.0740197 0.0717805 0.0678483 0.0627247 0.0568359 0.0505238 0.0440472 0.0375979 0.0313234 0.0253519 0.0198103 0.0148322 0.0105484 0.00706022 0.00440633
 0.00790363 0.0129019 0.019533 0.0277654 0.0373317 0.0475727 0.0574102 0.0656138 0.0712465 0.0739591 0.0739476 0.0716998 0.0677667 0.0626543 0.0567894 0.0505105 0.0440696 0.0376507 0.0313956 0.0254298 0.0198814 0.0148879 0.0105853 0.00707995 0.00441355
 0.00788366 0.0128714 0.0194905 0.0277109 0.0372655 0.0474958 0.0573244 0.0655223 0.071155 0.0738755 0.07388 0.0716543 0.0677465 0.062659 0.0568179 0.0505618 0.0441428 0.037743 0.0315007 0.0255383 0.0199824 0.0149722 0.0106481 0.00712114 0.00443699
 0.00787239 0.0128503 0.019454 0.0276526 0.0371807 0.0473842 0.0571926 0.0653833 0.0710246 0.0737675 0.0738034 0.0716129 0.0677399 0.0626848 0.056872 0.0506395 0.044239 0.0378525 0.0316177 0.0256556 0.0200918 0.015066 0.0107212 0.0071724 0.00446902
 0.00784605 0.0128051 0.0193816 0.0275439 0.0370286 0.0471873 0.0569584 0.0651301 0.0707785 0.0735572 0.0736533 0.0715387 0.0677459 0.0627643 0.0570106 0.0508194 0.0444426 0.0380645 0.0318256 0.025849 0.0202624 0.0152075 0.0108304 0.00724987 0.00451905
 0.00785068 0.0128074 0.0193751 0.027519 0.036974 0.0470937 0.056822 0.0649544 0.0705751 0.0733444 0.0734543 0.0713773 0.0676424 0.062731 0.0570494 0.0509218 0.044593 0.0382441 0.0320159 0.0260342 0.0204299 0.0153488 0.010941 0.00732966 0.00457163
 0.00779534 0.0127246 0.0192639 0.0273826 0.0368183 0.0469244 0.0566437 0.064771 0.070392 0.0731702 0.0733013 0.0712604 0.0675762 0.0627272 0.0571133 0.051051 0.0447767 0.0384651 0.0322535 0.0262679 0.0206424 0.0155282 0.0110813 0.00743086 0.00463853
 0.00778546 0.0127011 0.0192153 0.027295 0.0366803 0.0467346 0.0564148 0.0645288 0.0701663 0.0729843 0.0731662 0.0711765 0.0675398 0.062736 0.0571682 0.0511534 0.044925 0.0386517 0.0324647 0.0264857 0.0208487 0.0157077 0.0112249 0.00753628 0.00470916
 0.00775638 0.0126563 0.019152 0.027211 0.0365731 0.0466003 0.0562498 0.0643332 0.0699485 0.0727633 0.0729685 0.0710284 0.0674587 0.0627269 0.0572256 0.0512669 0.0450835 0.0388442 0.0326788 0.0267067 0.0210602 0.0158949 0.0113772 0.00764963 0.00478604
 0.00933915 0.0148703 0.0218208 0.0299496 0.0389006 0.0481189 0.0567858 0.0639617 0.0689081 0.0713338 0.0713838 0.0694477 0.0659781 0.0613998 0.0560785 0.0503073 0.0443062 0.0382358 0.0322213 0.0263794 0.0208401 0.0157575 0.0112987 0.00760935 0.00476785
 0.00932739 0.0151435 0.022747 0.0319843 0.042388 0.0530233 0.0625224 0.0694919 0.0731093 0.0734423 0.0712463 0.0674614 0.0628164 0.057725 0.0523788 0.0468715 0.0412725 0.0356524 0.0300899 0.0246778 0.0195321 0.0147963 0.010629 0.00717083 0.00450034
 0.0089637 0.0145744 0.0219533 0.0310199 0.0414315 0.0524131 0.0627145 0.0708989 0.0758541 0.077177 0.0751953 0.0707162 0.0647138 0.0580759 0.0514381 0.0451248 0.0392061 0.0336213 0.028294 0.023199 0.0183814 0.0139474 0.0100375 0.00678394 0.00426479
 0.00879923 0.0142907 0.0214973 0.0303361 0.0404837 0.0512214 0.0614009 0.0697135 0.0751509 0.0773139 0.0763758 0.0728444 0.0673651 0.0606367 0.0533524 0.0461049 0.0392882 0.0330658 0.027425 0.0222814 0.0175747 0.0133171 0.00958776 0.00648806 0.00408505
 0.00872946 0.0141735 0.0213127 0.0300593 0.0400861 0.0506755 0.0606922 0.0688601 0.0742286 0.0764741 0.0758369 0.0728345 0.0680221 0.0619114 0.0549853 0.0477127 0.0405215 0.0337436 0.0275702 0.0220566 0.0171786 0.0129063 0.00924871 0.00624708 0.00393286
 0.00871587 0.0141469 0.0212636 0.0299751 0.0399518 0.050476 0.0604144 0.068495 0.0737754 0.0759496 0.0752909 0.0723622 0.0677565 0.0619818 0.0554512 0.0485106 0.0414686 0.0346096 0.0281762 0.0223405 0.0171923 0.0127613 0.00905385 0.00607302 0.00380769
 0.00868755 0.0141044 0.0212061 0.0299031 0.0398657 0.0503743 0.0602921 0.0683442 0.0735869 0.0757169 0.0750152 0.0720609 0.0674714 0.061781 0.0554137 0.0486922 0.0418639 0.0351377 0.0287086 0.0227577 0.0174336 0.012837 0.00902051 0.005995 0.00373039
 0.00869679 0.0141136 0.0212095 0.0298921 0.0398321 0.0503137 0.0602067 0.0682415 0.0734749 0.0755989 0.074888 0.0719187 0.0673139 0.061623 0.0552891 0.0486466 0.0419353 0.035332 0.028988 0.0230528 0.0176751 0.0129862 0.00907905 0.0059919 0.00370034
 0.00867565 0.0140868 0.0211827 0.029874 0.0398306 0.0503305 0.0602342 0.0682647 0.0734778 0.0755715 0.0748294 0.0718341 0.0672111 0.0615101 0.0551782 0.0485571 0.0418922 0.035356 0.0290823 0.0231959 0.0178286 0.0131124 0.00915763 0.00602437 0.0037022
 0.0086721 0.0140784 0.0211656 0.0298446 0.0397874 0.0502777 0.0601821 0.0682266 0.0734636 0.0755813 0.0748523 0.0718541 0.0672141 0.06149 0.0551381 0.0485081 0.0418507 0.0353396 0.0291031 0.0232542 0.0179106 0.0131964 0.00922442 0.00606529 0.00371977
 0.00865241 0.0140487 0.0211251 0.0297936 0.0397271 0.0502093 0.0601077 0.0681503 0.0733929 0.0755266 0.0748238 0.0718564 0.0672434 0.0615354 0.0551861 0.0485494 0.0418838 0.0353706 0.0291409 0.0233049 0.0179731 0.0132623 0.00928277 0.00610807 0.00374528
 0.0086545 0.0140494 0.0211211 0.0297805 0.0397008 0.0501681 0.0600534 0.0680884 0.0733305 0.0754702 0.0747788 0.0718269 0.0672324 0.0615434 0.0552102 0.0485836 0.0419215 0.0354078 0.0291779 0.0233441 0.018016 0.0133069 0.00932425 0.00614139 0.00376796
 0.00863666 0.0140254 0.0210942 0.029756 0.0396843 0.0501618 0.0600547 0.0680902 0.0733252 0.0754537 0.0747522 0.0717956 0.0672038 0.0615238 0.0552034 0.0485901 0.0419391 0.0354328 0.029207 0.0233755 0.0180485 0.0133393 0.00935423 0.00616634 0.00378614
 0.00865134 0.0140443 0.0211136 0.0297702 0.0396879 0.0501532 0.0600376 0.0680723 0.0733137 0.0754506 0.0747534 0.0717941 0.0671941 0.0615053 0.05518 0.0485679 0.0419231 0.0354256 0.0292085 0.0233842 0.0180622 0.0133559 0.00937128 0.00618165 0.00379814
 0.00864652 0.0140395 0.0211117 0.0297751 0.0397021 0.0501757 0.0600627 0.0680916 0.07332 0.0754425 0.074735 0.0717725 0.0671745 0.0614891 0.055166 0.0485549 0.0419115 0.0354173 0.0292053 0.0233867 0.0180698 0.0133667 0.0093833 0.0061929 0.00380725
 0.00864652 0.0140395 0.0211117 0.0297751 0.0397021 0.0501757 0.0600627 0.0680916 0.07332 0.0754425 0.074735 0.0717725 0.0671745 0.0614891 0.055166 0.0485549 0.0419115 0.0354173 0.0292053 0.0233867 0.0180698 0.0133667 0.0093833 0.0061929 0.00380725
 0.00853422 0.0138637 0.0208608 0.0294452 0.0393008 0.0497255 0.0596029 0.0676743 0.0729984 0.075256 0.0746998 0.0718805 0.0674002 0.0617984 0.0555228 0.0489261 0.0422701 0.0357442 0.0294896 0.0236238 0.0182598 0.0135126 0.00948975 0.0062661 0.00385419
 0.00845128 0.0137215 0.0206338 0.0291074 0.0388341 0.0491327 0.0589182 0.0669643 0.0723495 0.0747528 0.0744047 0.0718219 0.067571 0.0621621 0.0560245 0.0495045 0.0428682 0.0363156 0.0300019 0.0240582 0.0186093 0.0137792 0.00968176 0.00639587 0.00393584
 0.00844029 0.0136979 0.020587 0.0290218 0.0386906 0.0489119 0.0586065 0.0665613 0.0718744 0.0742478 0.0739312 0.0714479 0.0673541 0.0621341 0.0561842 0.0498204 0.0432894 0.0367849 0.0304673 0.0244806 0.0189646 0.0140578 0.00988567 0.00653473 0.00402343
 0.00849707 0.0137906 0.0207262 0.0292147 0.0389354 0.0491914 0.0588836 0.0667815 0.0719787 0.0741919 0.073702 0.071072 0.0668921 0.0616651 0.0557844 0.0495434 0.0431553 0.0367814 0.0305596 0.0246258 0.0191238 0.0142033 0.0100026 0.00661926 0.00407879
#pred catch len freq
 0.00505464 0.00791515 0.0113825 0.0153073 0.0195947 0.0242031 0.0290668 0.0340398 0.0389154 0.043484 0.0475721 0.0510568 0.0538721 0.0560073 0.057493 0.0583805 0.0587274 0.0585776 0.0579127 0.0565745 0.0542102 0.0503433 0.044619 0.0371267 0.0285633
 0.00526574 0.00817569 0.0116259 0.0154309 0.019501 0.0238568 0.0285325 0.0334669 0.0384711 0.0432733 0.0475946 0.0512219 0.0540592 0.0561318 0.0575447 0.0584209 0.0588486 0.0588436 0.0583123 0.0570118 0.0545443 0.050457 0.0444771 0.0367884 0.0281439
 0.00564766 0.00875015 0.0123986 0.0163626 0.0205018 0.0247907 0.029237 0.0337967 0.0383586 0.042773 0.046872 0.0504799 0.0534447 0.0556863 0.0572252 0.0581642 0.0586262 0.0586692 0.0582062 0.0569579 0.0544792 0.0503015 0.0441871 0.0363844 0.0276989
 0.00597078 0.0092601 0.0131375 0.0173587 0.0217627 0.0262903 0.0308967 0.0354707 0.0398423 0.0438456 0.0473658 0.0503463 0.0527765 0.0546751 0.0560765 0.0570241 0.0575601 0.0576882 0.0573014 0.0561146 0.0536753 0.0495118 0.0434019 0.035627 0.0270199
 0.00634688 0.00983668 0.0139427 0.0184023 0.0230436 0.0278052 0.032637 0.0374043 0.0418868 0.0458489 0.0491104 0.0515907 0.0533256 0.0544509 0.0551475 0.0555727 0.0558079 0.0558231 0.0554439 0.0543248 0.0519798 0.0479301 0.0419638 0.0343754 0.0259994
 0.00680114 0.0105307 0.0149055 0.0196349 0.024526 0.0295073 0.0345238 0.0394339 0.0440043 0.0479777 0.0511397 0.0533642 0.0546474 0.0551208 0.0550212 0.0546185 0.0541241 0.0536042 0.0529166 0.0516924 0.0493992 0.04552 0.0398199 0.0325754 0.0245915
 0.00730323 0.0112965 0.0159652 0.0209865 0.0261429 0.0313495 0.0365428 0.0415703 0.0461855 0.0501202 0.0531527 0.055148 0.0560863 0.0560775 0.0553474 0.0541877 0.0528794 0.0515945 0.0502982 0.0486944 0.0462752 0.0425071 0.0371152 0.0303193 0.0228545
 0.00782674 0.0121012 0.0170911 0.0224426 0.0279116 0.0333928 0.038803 0.0439659 0.0486123 0.0524609 0.0552896 0.0569736 0.0575054 0.0570026 0.0556899 0.0538565 0.0517971 0.0497324 0.0477144 0.0455525 0.0428287 0.0390553 0.0339447 0.0276493 0.0208001
 0.00832883 0.012873 0.0181713 0.0238421 0.0296192 0.0353824 0.0410332 0.0463721 0.0510999 0.0549076 0.0575569 0.0589231 0.0590155 0.0579776 0.0560582 0.0535617 0.050792 0.0479888 0.0452536 0.042481 0.0393568 0.035478 0.030583 0.0247742 0.0185699
 0.00876216 0.0135444 0.0191213 0.0250899 0.0311645 0.0372087 0.043105 0.0486285 0.0534536 0.0572484 0.0597608 0.0608609 0.060563 0.0590259 0.0565217 0.053379 0.0499229 0.0464153 0.042994 0.0396187 0.0360668 0.0320261 0.0272828 0.0219108 0.016325
 0.0091401 0.0141318 0.0199564 0.0261941 0.0325444 0.0388579 0.0449996 0.0507193 0.0556609 0.0594657 0.061864 0.0627212 0.0620595 0.0600555 0.0570036 0.0532549 0.049155 0.0449882 0.0409257 0.0369825 0.0330153 0.0287966 0.0241648 0.0191787 0.0141644
 0.00945367 0.0146186 0.0206476 0.0271065 0.0336834 0.0402192 0.0465668 0.0524579 0.0575137 0.0613533 0.0636889 0.0643756 0.0634344 0.0610506 0.0575353 0.0532596 0.0485896 0.043832 0.0391893 0.0347261 0.0303687 0.0259654 0.021405 0.0167391 0.0122196
 0.00981343 0.0151682 0.02141 0.0280828 0.0348578 0.0415673 0.0480579 0.0540512 0.0591545 0.0629722 0.0652069 0.0657096 0.0645045 0.0617851 0.0578742 0.0531555 0.048008 0.0427546 0.0376227 0.0327184 0.0280279 0.0234653 0.0189655 0.0145768 0.0104897
 0.0102894 0.015878 0.0223601 0.0292398 0.0361619 0.042954 0.0494721 0.055449 0.0604959 0.0642157 0.0663075 0.0666207 0.0651806 0.0621848 0.0579611 0.0528991 0.0473834 0.0417456 0.0362307 0.0309776 0.0260219 0.0213339 0.0168888 0.012735 0.00901351
 0.0106888 0.0164948 0.023227 0.0303631 0.0375195 0.0444939 0.0511115 0.057079 0.0619988 0.0654894 0.0672847 0.0672732 0.0655088 0.0622038 0.0576885 0.0523474 0.0465585 0.0406489 0.0348686 0.0293763 0.024244 0.0194863 0.0151117 0.0111701 0.00776369
 0.0108546 0.0167666 0.0236409 0.0309565 0.0383258 0.0455328 0.0523748 0.0585178 0.0635199 0.0669651 0.0685753 0.0682561 0.0661056 0.0623916 0.0574922 0.0518182 0.0457506 0.0396067 0.0336263 0.0279698 0.0227275 0.0179423 0.0136463 0.00989018 0.00674621
 0.0109121 0.0168565 0.0237714 0.0311375 0.0385734 0.045873 0.0528424 0.0591473 0.0643285 0.0679345 0.0696407 0.0693117 0.067026 0.0630627 0.0578382 0.051814 0.0454154 0.0389864 0.0327762 0.0269477 0.0215968 0.0167791 0.0125372 0.00891884 0.00597239
 0.010838 0.0167652 0.0236879 0.0311027 0.0386333 0.0460619 0.0531707 0.059602 0.0648853 0.0685706 0.0703375 0.0700446 0.0677509 0.0637116 0.05833 0.0520762 0.0454051 0.0386991 0.0322426 0.0262228 0.02075 0.0158879 0.0116811 0.00816818 0.00537484
 0.0107853 0.0166783 0.0235566 0.0309225 0.0384126 0.0458302 0.0529813 0.0595212 0.0649709 0.0688489 0.0707937 0.0706319 0.0684081 0.0643753 0.058938 0.0525666 0.0457209 0.0388002 0.0321167 0.0258908 0.0202619 0.015313 0.0110946 0.00763669 0.00494389
 0.0108624 0.0167666 0.023621 0.0309075 0.0382572 0.0454933 0.0524655 0.0588834 0.0643141 0.0682981 0.0704639 0.0705971 0.0686812 0.0649082 0.0596384 0.0533233 0.0464266 0.0393673 0.0324885 0.0260469 0.02022 0.0151216 0.0108195 0.00734392 0.00468439
 0.0110577 0.017054 0.0239954 0.0313385 0.0386898 0.0458542 0.0526736 0.0588671 0.0640357 0.0677776 0.0697875 0.0698989 0.0681042 0.064559 0.0595577 0.0534812 0.0467412 0.0397344 0.0328117 0.0262592 0.0202941 0.0150691 0.0106793 0.00716607 0.00451288
 0.0111998 0.0172791 0.0243223 0.0317786 0.0392423 0.0464982 0.0533598 0.0595157 0.0645447 0.0680465 0.0697477 0.0695421 0.0674938 0.0638172 0.0588275 0.0528807 0.0463293 0.0395038 0.0327066 0.0262074 0.020236 0.0149745 0.010549 0.00702033 0.00437695
 0.0112437 0.0173465 0.0244174 0.0319057 0.0394079 0.0467134 0.053638 0.059864 0.0649512 0.0684692 0.0701156 0.0697724 0.0675211 0.0636224 0.0584508 0.052409 0.0458634 0.0391208 0.0324375 0.0260377 0.0201266 0.0148866 0.0104603 0.0069283 0.00429045
 0.0112233 0.0173204 0.0243913 0.0318896 0.0394143 0.0467541 0.0537224 0.0599983 0.0651394 0.0687111 0.0704001 0.0700697 0.0677821 0.0637896 0.0584802 0.0522915 0.0456317 0.0388358 0.0321618 0.0258118 0.0199602 0.0147675 0.0103702 0.0068545 0.00422898
 0.0110922 0.0171299 0.0241472 0.0316126 0.0391356 0.0465073 0.0535364 0.0598944 0.065131 0.0688035 0.0705902 0.0703443 0.0681158 0.0641436 0.0588067 0.0525446 0.045783 0.0388848 0.032134 0.0257445 0.0198857 0.014703 0.0103192 0.00681416 0.00419637
