SBPRF35
7.78865
Curr Bio
603902
B35
706870
F35
0.228497
FOFL
0.204306
OFL
97476.7
Bzero
2.22533e+006
#pred survey bio
 4.55684e+006 4.26644e+006 4.00211e+006 3.70342e+006 3.38482e+006 3.04855e+006 2.73538e+006 2.4181e+006 2.11884e+006 1.86853e+006 1.63419e+006 1.48287e+006 1.31181e+006 1.1657e+006 1.02078e+006 906420 813584 751367 705121 668301 639223 611891 581264 574523 573748 574972 566886 562546 560498 565721 563266 557720 559390 555519 547798 539165 530286 524741 531052 540331 538817 553180 554786 551334 562889 567984 575661 583537 599803 603626 618761 609190 602966 602168 2.21775e+007 1.38955e+007 1.4466e+007 1.5036e+007 1.55642e+007 1.60173e+007 1.63859e+007 1.66751e+007 1.68966e+007 1.70637e+007 1.71886e+007 1.72815e+007 1.73507e+007 1.74023e+007 1.74408e+007 1.74697e+007 1.74915e+007 1.7508e+007 1.75205e+007 1.75301e+007 1.75373e+007 1.75429e+007 1.75472e+007 1.75505e+007 1.7553e+007 1.7555e+007 1.75565e+007 1.75576e+007 1.75585e+007 1.75592e+007 1.75597e+007 1.75601e+007 1.75605e+007 1.75607e+007 1.75609e+007 1.7561e+007 1.75612e+007 1.75613e+007 1.75613e+007 1.75614e+007 1.75614e+007 1.75614e+007 1.75615e+007 1.75615e+007 1.75615e+007 1.75615e+007 1.75615e+007 1.75615e+007 1.75615e+007 1.75615e+007 1.75615e+007 1.75615e+007 1.75616e+007 1.75616e+007 1.75616e+007 1.75616e+007 1.75616e+007 1.75616e+007 1.75616e+007 1.75616e+007 1.75616e+007 1.75616e+007 1.75616e+007 1.75616e+007 1.75616e+007 1.75616e+007 1.75616e+007 1.75616e+007 1.75616e+007 1.75616e+007 1.75616e+007 1.75616e+007 1.75616e+007 1.75616e+007 1.75616e+007 1.75616e+007 1.75616e+007 1.75616e+007 1.75616e+007 1.75616e+007 1.75616e+007 1.75616e+007 1.75616e+007 1.75616e+007 1.75616e+007 1.75616e+007 1.75616e+007 1.75616e+007 1.75616e+007 1.75616e+007 1.75616e+007 1.75616e+007 1.75616e+007 1.75616e+007 1.75616e+007 1.75616e+007 1.75616e+007 1.75616e+007 1.75616e+007 1.75616e+007 0 0 0 0 0 0 0 0 0 0 0 0 0 0 0 0 0 0 0 0 0 0 0 0 0
#obs survey bio
 3.73868e+006 3.89347e+006 4.0605e+006 3.81248e+006 2.53884e+006 2.68338e+006 2.7593e+006 2.45567e+006 1.60569e+006 1.40701e+006 1.36954e+006 1.42586e+006 1.179e+006 822203 973185 682982 864627 586148 689418 500474 681763 567037 764256 568328 519033 401157 458035 685907 444276 460305 459141 619882 518470 580283 706371 563694 640177 584191 651590 541893 465574 597566 763447 591410 421188 622014 584297 715362 528704 609393 608441 758127 546445 510035
#pred catch bio
 98383.5 95439.8 154376 203759 253701 266668 302539 315490 296761 303089 244500 271703 254480 254260 225990 204740 175743 159758 148718 138505 133074 131752 108846 103195 101783 109621 105312 102012 95448.5 101601 102566 93961.6 95523.7 94525.2 90892.4 89449.2 89370.1 83704.6 83929.5 93621.9 80581.7 91951.2 96282.2 84624.6 91653.9 90557.6 91846.5 86947.9 99560.8 92022.9 115277 116126 117759 97307.6 97476.7 112135 115970 119641 123055 125917 128139 129776 130937 131738 132278 132635 132869 133020 133117 133178 133217 133242 133257 133267 133273 133276 133279 133280 133281 133282 133282 133282 133282 133282 133282 133282 133282 133282 133282 133282 133282 133282 133282 133282 133282 133282 133282 133282 133282 133282 133282 133282 133282 133282 133282 133282 133282 133282 133282 133282 133282 133282 133282 133282 133282 133282 133282 133282 133282 133282 133282 133282 133282 133282 133282 133282 133282 133282 133282 133282 133282 133282 133282 133282 133282 133282 133282 133282 133282 133282 133282 133282 133282 133282 133282 133282 133282 133282 133282 133282 133282 133282 133282 133282 0 0 0 0 0 0 0 0 0 0 0 0 0 0 0 0 0 0 0 0 0 0 0 0 0
#obs catch bio
 0 95133.2 154958 204685 256144 268747 306837 320257 301741 311257 249611 278892 260231 260574 229711 208484 177460 162037 150880 140370 134346 133282 109296 103903 102380 111088 106827 102586 96084.7 102665 104148 94691.4 96339 95003.2 90800.1 89236.9 89233.2 83468.3 83384.2 93001.1 79804.4 91290.9 95444.9 83935.1 91481 90172 91307.3 86479.2 99365.9 91540.3 114775 115429 117725 97133.4
#pred cpue bio
 4.47501e+006 4.18757e+006 3.92526e+006 3.62773e+006 3.31109e+006 2.97696e+006 2.66564e+006 2.35065e+006 2.05377e+006 1.80526e+006 1.57311e+006 1.42325e+006 1.25506e+006 1.11186e+006 970398 858996 768777 708394 663690 628500 601022 575256 546169 539889 539145 540158 532286 528438 526854 531957 529684 524824 527262 524467 518106 510654 501627 494505 499343 508341 507260 521258 522817 519325 530168 534868 542174 549511 564832 568178 582443 572446 564762 561895 2.06942e+007 1.29956e+007 1.35466e+007 1.40891e+007 1.46063e+007 1.50568e+007 1.54249e+007 1.5714e+007 1.59355e+007 1.61025e+007 1.62274e+007 1.63204e+007 1.63896e+007 1.64411e+007 1.64797e+007 1.65086e+007 1.65304e+007 1.65469e+007 1.65594e+007 1.65689e+007 1.65762e+007 1.65818e+007 1.65861e+007 1.65894e+007 1.65919e+007 1.65938e+007 1.65953e+007 1.65965e+007 1.65974e+007 1.65981e+007 1.65986e+007 1.6599e+007 1.65993e+007 1.65996e+007 1.65998e+007 1.65999e+007 1.66e+007 1.66001e+007 1.66002e+007 1.66003e+007 1.66003e+007 1.66003e+007 1.66003e+007 1.66004e+007 1.66004e+007 1.66004e+007 1.66004e+007 1.66004e+007 1.66004e+007 1.66004e+007 1.66004e+007 1.66004e+007 1.66004e+007 1.66004e+007 1.66004e+007 1.66004e+007 1.66004e+007 1.66004e+007 1.66004e+007 1.66004e+007 1.66004e+007 1.66004e+007 1.66004e+007 1.66004e+007 1.66004e+007 1.66004e+007 1.66004e+007 1.66004e+007 1.66004e+007 1.66004e+007 1.66004e+007 1.66004e+007 1.66004e+007 1.66004e+007 1.66004e+007 1.66004e+007 1.66004e+007 1.66004e+007 1.66004e+007 1.66004e+007 1.66004e+007 1.66004e+007 1.66004e+007 1.66004e+007 1.66004e+007 1.66004e+007 1.66004e+007 1.66004e+007 1.66004e+007 1.66004e+007 1.66004e+007 1.66004e+007 1.66004e+007 1.66004e+007 1.66004e+007 1.66004e+007 1.66004e+007 1.66004e+007 1.66004e+007 1.66004e+007 0 0 0 0 0 0 0 0 0 0 0 0 0 0 0 0 0 0 0 0 0 0 0 0 0
#obs cpue bio
 2.9898e+006 3.74836e+006 2.5264e+006 2.68191e+006 2.47235e+006 3.67425e+006 1.58718e+006 2.22719e+006 1.74768e+006 1.19097e+006 1.26169e+006 1.35822e+006 1.2267e+006 1.26151e+006 1.14411e+006 825209 855585 570082 538780 699807 601105 525687 467953 416114 551790 463284 465895 690311 483155 495940 399805 588013 519038 600539 605247 558707 429391 481375 577868 665688 673164 516408 499046 452284 529736 590526 695639 406996 631141 577793 734628 489284 488600 602696
#pred surv len freq
 0.00460636 0.00744168 0.0111373 0.0156719 0.0209636 0.0268063 0.0328255 0.0385465 0.0435567 0.0476328 0.0507526 0.0530254 0.054617 0.0556952 0.0563886 0.0567611 0.0568096 0.0564745 0.0556327 0.0540629 0.0514235 0.047324 0.0415309 0.0342214 0.0260919
 0.00495832 0.00793233 0.0117297 0.0162935 0.0215428 0.0273209 0.0333268 0.0391319 0.044298 0.0485044 0.0516103 0.0536548 0.0548248 0.0553944 0.0556353 0.0557317 0.0557326 0.0555457 0.0549476 0.0535952 0.0510605 0.0469405 0.0410591 0.0336778 0.0255509
 0.00508174 0.00817625 0.012171 0.0170152 0.0225967 0.0286807 0.0348645 0.0406499 0.0456095 0.0495123 0.0523218 0.0541219 0.0550632 0.05535 0.0552254 0.0549222 0.0545893 0.0542207 0.0536133 0.0523713 0.0499811 0.0459768 0.0401733 0.032866 0.024846
 0.00525834 0.00844762 0.0125552 0.0175319 0.0232789 0.0295819 0.0360463 0.0421425 0.0473628 0.0513723 0.0540625 0.0555215 0.0559761 0.055726 0.0550757 0.0542797 0.053501 0.0527688 0.0519256 0.0505988 0.0482565 0.0443882 0.0387696 0.0316772 0.023895
 0.00549028 0.00881627 0.0130938 0.0182646 0.0242162 0.0307168 0.0373533 0.0435844 0.0489021 0.0529724 0.0556696 0.0570385 0.0572557 0.0566004 0.0554078 0.0540002 0.0526162 0.0513489 0.0500909 0.0485063 0.0460807 0.0422949 0.0368931 0.0301086 0.022678
 0.00576004 0.00924782 0.0137307 0.0191438 0.0253628 0.0321346 0.0390126 0.045416 0.0508043 0.0548318 0.0573832 0.0585244 0.0584466 0.0574253 0.0557808 0.0538306 0.0518382 0.0499535 0.0481446 0.04615 0.0435113 0.0397335 0.0345466 0.0281329 0.0211542
 0.00599405 0.00962877 0.0143057 0.0199588 0.0264565 0.0335263 0.0406886 0.0473201 0.0528398 0.0568743 0.0592988 0.0601879 0.0597558 0.0583061 0.0561797 0.0537016 0.0511377 0.0486543 0.0462654 0.0437836 0.0408322 0.036977 0.0319615 0.0259247 0.0194408
 0.00631459 0.010133 0.0150344 0.0209422 0.0277135 0.0350622 0.0424866 0.0493319 0.0549817 0.0590312 0.0613353 0.0619649 0.0611473 0.0592143 0.0565405 0.0534795 0.050316 0.0472309 0.0442652 0.0412845 0.0379885 0.0340168 0.0291487 0.023495 0.0175413
 0.00668032 0.0107142 0.0158841 0.0221011 0.0292029 0.0368741 0.0445722 0.0515984 0.0573033 0.0612708 0.0633636 0.0636687 0.062431 0.0600002 0.0567707 0.0531176 0.0493467 0.0456603 0.0421277 0.0386608 0.0350264 0.0309359 0.0262105 0.020943 0.0155355
 0.00694732 0.0111525 0.016552 0.0230568 0.0304944 0.0385222 0.0465516 0.053827 0.0596499 0.0635765 0.065468 0.0654316 0.0637456 0.0607956 0.0570067 0.0527751 0.0484203 0.0441592 0.0400856 0.0361542 0.0321941 0.0279832 0.0233845 0.0184775 0.0135885
 0.00722504 0.0115988 0.0172154 0.0239824 0.0317204 0.0400707 0.0484145 0.0559526 0.0619377 0.0658839 0.0676271 0.0672735 0.0651264 0.061616 0.0572177 0.0523705 0.0474214 0.0426029 0.0380256 0.0336752 0.0294303 0.0251261 0.0206624 0.0161068 0.0117166
 0.00730966 0.011745 0.0174527 0.0243467 0.0322505 0.0408011 0.0493665 0.057128 0.0633151 0.0674171 0.0692425 0.068869 0.0665768 0.0627876 0.0579893 0.052652 0.0471635 0.0417986 0.0367075 0.031918 0.0273572 0.022909 0.0185038 0.014199 0.0101939
 0.0074953 0.0120462 0.0179054 0.0249849 0.0331014 0.0418761 0.0506507 0.0585735 0.0648455 0.0689394 0.0706626 0.0701028 0.0675554 0.0634558 0.0583009 0.0525672 0.0466524 0.0408495 0.0353383 0.030187 0.0253709 0.0208204 0.0164924 0.0124341 0.0087918
 0.00763644 0.0122796 0.0182642 0.025504 0.0338117 0.0427952 0.0517715 0.0598572 0.0662227 0.0703198 0.071948 0.0712014 0.0683932 0.0639832 0.0584918 0.0524111 0.0461468 0.0399972 0.0341549 0.0287146 0.0236914 0.0190572 0.0147948 0.0109442 0.00760778
 0.00789558 0.0126851 0.0188456 0.02628 0.0347887 0.0439655 0.0531069 0.0613028 0.0676965 0.0717201 0.0731674 0.0721432 0.0689864 0.0641921 0.0583163 0.0518783 0.0452972 0.0388743 0.0328019 0.0271825 0.0220508 0.0174053 0.0132472 0.00961013 0.0065602
 0.00809323 0.0130029 0.0193172 0.0269332 0.0356399 0.0450101 0.0543106 0.0625999 0.0689992 0.072935 0.0742098 0.0729438 0.0694932 0.0643724 0.0581592 0.051396 0.0445219 0.0378514 0.0315844 0.0258295 0.0206318 0.0160035 0.0119536 0.00850739 0.00570104
 0.00836177 0.0134106 0.0198778 0.0276427 0.0364813 0.0459604 0.0553425 0.0636773 0.0700715 0.0739365 0.0750669 0.0735872 0.0698708 0.0644564 0.0579461 0.0509022 0.0437785 0.0369 0.0304751 0.0246201 0.0193882 0.0147988 0.0108617 0.00759054 0.00499519
 0.00844797 0.0135612 0.0201226 0.028013 0.0369995 0.0466259 0.0561219 0.0645081 0.0708809 0.074664 0.0756755 0.0740593 0.0701944 0.064616 0.0579235 0.0506837 0.0433623 0.0363 0.0297214 0.0237573 0.0184734 0.0138966 0.0100367 0.00689532 0.00445974
 0.00844426 0.0135609 0.0201343 0.0280518 0.037088 0.0467922 0.0563939 0.0649029 0.0713925 0.0752566 0.076289 0.0746255 0.0706568 0.0649398 0.0580935 0.0506949 0.0432143 0.0359974 0.0292783 0.0232022 0.0178493 0.0132574 0.00943803 0.00638379 0.00406268
 0.00843827 0.0135492 0.0201135 0.0280189 0.0370433 0.0467432 0.0563581 0.0649081 0.0714711 0.0754351 0.0765761 0.0750041 0.0710845 0.0653596 0.0584486 0.050942 0.0433279 0.035969 0.0291137 0.0229205 0.0174828 0.0128491 0.00903518 0.00602787 0.00378047
 0.00844198 0.0135506 0.0201069 0.027996 0.0369949 0.0466629 0.0562467 0.0647764 0.0713411 0.0753382 0.0765471 0.0750716 0.0712599 0.0656293 0.0587748 0.0512714 0.0436065 0.0361548 0.0291841 0.0228743 0.0173382 0.0126386 0.00879844 0.00580236 0.00359309
 0.00848387 0.0136119 0.0201861 0.0280866 0.0370855 0.0467394 0.0562943 0.0647825 0.0712991 0.0752518 0.0764326 0.0749569 0.0711775 0.0656063 0.0588227 0.0513807 0.043748 0.036289 0.0292739 0.022896 0.0172875 0.0125293 0.00865639 0.0056563 0.003466
 0.00871527 0.0139507 0.0206264 0.0285977 0.03762 0.0472457 0.0567269 0.0651055 0.0714865 0.0752881 0.0763162 0.0747037 0.0708215 0.0651952 0.0584081 0.0510059 0.0434379 0.0360459 0.029082 0.0227321 0.0171321 0.0123745 0.00850602 0.00552076 0.00335551
 0.00882264 0.0141093 0.0208341 0.0288394 0.0378677 0.0474621 0.056872 0.0651456 0.0714061 0.0750992 0.076057 0.0744256 0.0705714 0.0650024 0.0582827 0.0509446 0.0434301 0.0360768 0.0291332 0.0227833 0.017166 0.0123816 0.00848716 0.00548504 0.00331491
 0.00890555 0.0142342 0.0210035 0.0290475 0.0381007 0.0476988 0.0570844 0.0653016 0.0714747 0.0750593 0.075907 0.0741872 0.0702854 0.0647171 0.0580401 0.0507697 0.0433286 0.0360385 0.0291391 0.0228118 0.0171975 0.0124024 0.00849185 0.00547556 0.00329765
 0.00879852 0.0140933 0.0208523 0.0289273 0.0380579 0.0477654 0.0572617 0.0655576 0.0717561 0.0753092 0.0760805 0.0742603 0.0702573 0.0646082 0.0578851 0.0506077 0.043192 0.0359456 0.0290919 0.0228002 0.0172059 0.012416 0.00850091 0.00547675 0.00329249
 0.00864718 0.0138743 0.0205744 0.0286207 0.0377715 0.0475581 0.057191 0.0656645 0.0720486 0.0757507 0.0765931 0.0747463 0.0706305 0.0648198 0.0579321 0.0505245 0.0430319 0.0357618 0.0289242 0.022669 0.0171145 0.0123574 0.00846436 0.00545318 0.00327632
 0.00870281 0.0139244 0.0205769 0.0285164 0.0375054 0.0471118 0.0566069 0.0650455 0.0715272 0.0754437 0.0765624 0.074982 0.0710604 0.0653377 0.0584333 0.0509349 0.0433214 0.0359388 0.0290191 0.0227159 0.0171392 0.0123736 0.00847674 0.00546212 0.00328156
 0.00880382 0.0140769 0.0207817 0.0287587 0.0377496 0.0472997 0.0566649 0.0649068 0.071166 0.074903 0.0759533 0.0744472 0.0707181 0.0652376 0.058548 0.0511845 0.0436134 0.0362022 0.0292189 0.0228492 0.0172205 0.0124213 0.0085048 0.00547884 0.00329125
 0.00868102 0.0139081 0.0205844 0.0285679 0.0376066 0.0472339 0.0566778 0.0649667 0.0712168 0.0748854 0.0758314 0.0742301 0.0704636 0.0650317 0.0584669 0.0512609 0.0438261 0.0364923 0.0295199 0.0231117 0.0174221 0.0125618 0.00859573 0.00553419 0.00332303
 0.00846112 0.0135872 0.0201711 0.0280975 0.0371365 0.0468317 0.0564078 0.0648753 0.071318 0.0751494 0.0761873 0.0745865 0.0707438 0.0652029 0.0585487 0.0513071 0.0438922 0.0366078 0.02968 0.0232893 0.0175865 0.0126931 0.00868847 0.00559318 0.00335727
 0.00833521 0.0133789 0.0198528 0.0276471 0.0365488 0.0461338 0.0556695 0.0642031 0.0708285 0.0749314 0.076271 0.0749351 0.0712681 0.0657937 0.059112 0.0517895 0.0442847 0.0369305 0.0299586 0.0235374 0.0178032 0.0128705 0.00882115 0.00568311 0.0034124
 0.00812834 0.0130607 0.019407 0.0270685 0.0358417 0.0453108 0.0547566 0.06325 0.0699166 0.074171 0.0757803 0.074806 0.0715326 0.0664082 0.05997 0.0527571 0.0452413 0.0377952 0.0306942 0.024138 0.0182773 0.0132304 0.0090803 0.00585737 0.00352044
 0.00787583 0.0126787 0.0188854 0.0264172 0.0350876 0.0444916 0.0539161 0.0624357 0.0691768 0.0735527 0.07533 0.0745714 0.0715582 0.0667213 0.0605613 0.0535706 0.046183 0.0387584 0.0315881 0.0249044 0.0188924 0.0136954 0.00941171 0.00607862 0.00365755
 0.00791174 0.0126913 0.0188212 0.0262016 0.0346487 0.0437954 0.0529939 0.0613848 0.0681308 0.0726394 0.0746395 0.0741487 0.0714147 0.0668498 0.0609447 0.054178 0.0469626 0.0396359 0.0324771 0.0257253 0.0195885 0.0142409 0.00980762 0.00634488 0.00382294
 0.00863832 0.0137234 0.020095 0.0275553 0.035857 0.0446327 0.0532945 0.0610787 0.0672535 0.0713232 0.0730859 0.0725819 0.0700289 0.0657729 0.0602298 0.0538189 0.0469148 0.039832 0.0328362 0.0261627 0.020028 0.0146266 0.0101102 0.00655915 0.00396059
 0.00924587 0.0146951 0.0215187 0.0294776 0.0382447 0.0473289 0.0559955 0.0633707 0.0687226 0.0716934 0.072313 0.0708543 0.0676871 0.0631979 0.0577501 0.0516599 0.04519 0.0385623 0.0319792 0.0256402 0.0197494 0.0145055 0.0100765 0.00656456 0.00397708
 0.00909542 0.0145592 0.0215167 0.0297916 0.039076 0.0488225 0.0581625 0.0660447 0.071569 0.0742722 0.0741813 0.0716858 0.0673674 0.0618529 0.0556925 0.0492798 0.0428434 0.0364999 0.0303274 0.0244207 0.0189149 0.0139753 0.00976402 0.00639389 0.00389088
 0.00873624 0.0140073 0.0207539 0.0288439 0.038034 0.0478563 0.0575163 0.0659881 0.0723018 0.0758188 0.0763361 0.0740515 0.0694764 0.0633185 0.0563225 0.0491099 0.0420867 0.0354467 0.0292446 0.023489 0.0182142 0.0135061 0.00948217 0.00624173 0.00381726
 0.00861208 0.0137835 0.0203772 0.0282546 0.0371846 0.0467436 0.0562148 0.0646665 0.071207 0.0752218 0.076449 0.0749412 0.0710136 0.0651976 0.0581565 0.0505624 0.042977 0.0357805 0.0291667 0.023196 0.0178758 0.0132246 0.00929229 0.00613458 0.00376667
 0.00871335 0.0139299 0.020561 0.0284495 0.0373439 0.0468021 0.0560994 0.0643179 0.0706132 0.0744494 0.0756517 0.0743259 0.0707699 0.0654164 0.0587823 0.051408 0.0438002 0.0363826 0.0294606 0.0232131 0.01772 0.0130098 0.00909869 0.00599663 0.00368454
 0.00862499 0.0137993 0.0203882 0.0282417 0.0371108 0.0465495 0.0558233 0.0640045 0.0702442 0.0740152 0.0751694 0.0738546 0.0704106 0.065287 0.0589687 0.0519163 0.0445387 0.0371917 0.0301778 0.0237345 0.0180248 0.0131429 0.00912979 0.00598549 0.00366611
 0.00869315 0.0138976 0.0205133 0.0283831 0.0372551 0.0466848 0.0559418 0.0640985 0.0702994 0.0740061 0.0750636 0.0736286 0.0700708 0.0648834 0.0585889 0.0516554 0.0444578 0.0372884 0.0303884 0.0239685 0.0182086 0.0132455 0.00916127 0.00597544 0.00364259
 0.00885537 0.014143 0.0208478 0.0287982 0.0377282 0.0471818 0.0564198 0.06451 0.0706003 0.0741633 0.0750599 0.073461 0.0697487 0.0644308 0.0580502 0.0510968 0.0439547 0.0369014 0.0301407 0.0238407 0.0181549 0.01322 0.0091364 0.0059447 0.0036113
 0.00874977 0.0139983 0.0206798 0.0286378 0.0376118 0.0471372 0.0564543 0.0646097 0.070738 0.074311 0.0751961 0.0735728 0.0698278 0.0644701 0.0580455 0.0510518 0.0438857 0.036835 0.0301028 0.0238434 0.0181913 0.0132705 0.00918127 0.00597367 0.00362444
 0.00875596 0.0139981 0.0206619 0.0285894 0.037527 0.0470267 0.0563498 0.0645554 0.0707706 0.0744394 0.0753945 0.0737917 0.0700157 0.0645919 0.0580884 0.0510224 0.0438031 0.0367251 0.0299926 0.0237544 0.0181338 0.0132423 0.00917233 0.00597283 0.00362466
 0.00884354 0.0141207 0.0208092 0.0287377 0.0376434 0.0470788 0.0563164 0.0644351 0.0705864 0.0742354 0.0752231 0.0736942 0.0700051 0.0646496 0.0581761 0.0511011 0.0438482 0.0367311 0.0299693 0.0237186 0.0181005 0.0132199 0.00916158 0.00596991 0.00362498
 0.00889746 0.0142107 0.0209478 0.0289343 0.0378987 0.0473762 0.0566179 0.0646863 0.0707325 0.0742429 0.0750943 0.0734672 0.0697384 0.0643988 0.0579756 0.0509571 0.0437463 0.0366505 0.0298952 0.023647 0.0180354 0.013167 0.00912394 0.00594641 0.00361196
 0.00883113 0.0141135 0.0208219 0.0287905 0.0377551 0.0472557 0.0565426 0.0646715 0.0707798 0.0743357 0.0752024 0.0735587 0.0697949 0.0644231 0.0579868 0.0509772 0.0437874 0.03671 0.0299609 0.0237057 0.0180799 0.0131968 0.00914236 0.00595758 0.00361878
 0.00890518 0.0142236 0.0209686 0.0289682 0.0379543 0.0474668 0.056758 0.0648848 0.0709826 0.0745147 0.0753378 0.073627 0.0697754 0.0643072 0.0577847 0.0507172 0.0435075 0.0364452 0.0297339 0.0235247 0.0179426 0.0130966 0.00907224 0.00591114 0.00359017
 0.00904823 0.0144226 0.0212059 0.0292062 0.0381461 0.0475728 0.0567613 0.0647954 0.0708323 0.0743453 0.0751886 0.0735237 0.0697239 0.0642939 0.0577844 0.0507062 0.0434729 0.0363888 0.0296666 0.0234593 0.0178875 0.0130549 0.00904303 0.00589194 0.00357836
 0.00957449 0.0152171 0.0222855 0.0305403 0.0396576 0.0491467 0.0582536 0.0660479 0.0716998 0.0747308 0.0750689 0.0729511 0.0688043 0.063155 0.0565472 0.0494679 0.0423029 0.0353324 0.0287519 0.0227011 0.0172891 0.0126078 0.00872879 0.0056855 0.00345241
 0.00988743 0.0157316 0.0230677 0.0316476 0.0411172 0.0509259 0.0602349 0.0680307 0.0734383 0.0759956 0.075703 0.0729001 0.0681165 0.0619583 0.0550142 0.0477783 0.0406133 0.0337593 0.0273697 0.0215479 0.0163749 0.0119217 0.00824406 0.00536545 0.00325636
 0.00956856 0.0153214 0.0226522 0.031378 0.0411749 0.0514614 0.0613094 0.0695878 0.0753109 0.0779401 0.0774482 0.0742025 0.0688124 0.0619964 0.0544561 0.0467694 0.0393375 0.032396 0.0260638 0.0203972 0.0154309 0.0111975 0.00772512 0.0050194 0.00304286
#obs surv len freq
 nan nan nan nan nan nan nan nan nan nan nan nan nan nan nan nan nan nan nan nan nan nan nan nan nan
 0.00448659 0.00734893 0.01118 0.0159974 0.0216989 0.0279748 0.034289 0.0400198 0.0446984 0.0481608 0.0505171 0.0520112 0.0529018 0.0534128 0.0537259 0.0539799 0.0542578 0.0545501 0.0546886 0.0542804 0.0527185 0.049351 0.0438013 0.0362822 0.0276668
 0.00461474 0.00755986 0.0115019 0.016457 0.022315 0.0287478 0.0351911 0.0409923 0.0456601 0.0490244 0.0512057 0.0524697 0.0531023 0.0533543 0.0534303 0.0534841 0.0536052 0.0537832 0.0538463 0.0533998 0.0518383 0.0485142 0.0430526 0.0356593 0.0271907
 0.00477804 0.00782678 0.0119064 0.0170317 0.0230854 0.029722 0.0363483 0.0422781 0.0469904 0.0502983 0.0523205 0.0533341 0.0536464 0.0535376 0.0532447 0.0529518 0.0527718 0.0527085 0.052597 0.0520461 0.0504558 0.0471835 0.0418538 0.0346585 0.0264244
 0.00497004 0.00814008 0.0123801 0.0177033 0.0239834 0.0308554 0.0376949 0.0437795 0.0485593 0.0518329 0.0537177 0.0544977 0.0544914 0.0539957 0.0532707 0.0525307 0.0519208 0.0514763 0.051059 0.0502998 0.0486166 0.0453786 0.0402087 0.0332758 0.0253617
 0.00518706 0.00849626 0.0129224 0.0184773 0.0250246 0.032175 0.0392651 0.0455293 0.0503845 0.053616 0.0553461 0.0558731 0.0555311 0.0546307 0.0534464 0.05221 0.0510914 0.0501586 0.0493131 0.0482291 0.046365 0.0431188 0.0381178 0.0315014 0.0239898
 0.00540935 0.00885988 0.0134741 0.0192629 0.0260808 0.0335169 0.0408719 0.047338 0.0522967 0.0555152 0.0571149 0.0574043 0.0567332 0.0554285 0.0537795 0.0520316 0.0503713 0.0488927 0.0475372 0.0460331 0.043899 0.0405825 0.0357288 0.0294485 0.0223892
 0.00564604 0.00924827 0.0140653 0.0201068 0.0272165 0.0349576 0.0425898 0.0492589 0.0543118 0.0575014 0.0589546 0.058995 0.057989 0.0562782 0.0541639 0.0519019 0.0496905 0.0476427 0.0457351 0.0437518 0.0412824 0.0378412 0.033107 0.0271687 0.0205958
 0.00588343 0.00963849 0.0146607 0.0209591 0.0283673 0.0364224 0.0443422 0.0512242 0.0563771 0.0595374 0.0608365 0.0606154 0.0592619 0.0571374 0.0545581 0.051789 0.0490353 0.0464226 0.0439554 0.0414702 0.0386301 0.0350254 0.0303813 0.0247736 0.0186956
 0.00614075 0.0100571 0.0152915 0.0218497 0.029554 0.0379159 0.0461132 0.0531975 0.0584408 0.0615636 0.0627011 0.0622107 0.060502 0.0579577 0.0549122 0.0516426 0.0483618 0.0452037 0.0421947 0.039216 0.0360009 0.0322174 0.0276436 0.0223507 0.0167605
 0.0063747 0.0104422 0.0158796 0.022692 0.0306901 0.0393582 0.0478303 0.05511 0.0604337 0.0635095 0.0644813 0.0637261 0.0616749 0.0587295 0.0552399 0.0514946 0.0477144 0.0440423 0.0405236 0.0370788 0.0335042 0.0295415 0.0250223 0.0200185 0.014888
 0.00660716 0.0108246 0.0164635 0.023528 0.031818 0.040791 0.0495374 0.0570114 0.0624109 0.0654283 0.0662151 0.0651707 0.0627539 0.0593935 0.0554602 0.0512555 0.0470065 0.0428618 0.0388804 0.0350158 0.0311192 0.0269986 0.0225357 0.0178051 0.0131078
 0.00683604 0.0111983 0.0170289 0.0243299 0.0328905 0.0421439 0.0511422 0.0587952 0.0642658 0.0672307 0.0678452 0.0665262 0.0637565 0.0599907 0.0556236 0.0509751 0.0462832 0.0417039 0.037308 0.0330749 0.0289012 0.0246513 0.0202498 0.0157742 0.0114748
 0.00706335 0.0115719 0.0175984 0.0251428 0.033982 0.0435199 0.0527643 0.0605765 0.0660851 0.0689577 0.0693631 0.0677439 0.0646107 0.0604432 0.055657 0.0505882 0.045486 0.0405147 0.0357564 0.0312122 0.0268157 0.0224764 0.0181534 0.0139241 0.00999319
 0.00725511 0.0118902 0.0180895 0.0258538 0.0349505 0.044759 0.0542459 0.0622258 0.0677906 0.070592 0.070806 0.0688972 0.065406 0.0608426 0.0556488 0.0501798 0.0446968 0.039372 0.0342971 0.0294914 0.0249181 0.0205222 0.0162882 0.0122899 0.00869133
 0.00742523 0.0121676 0.0185087 0.0264481 0.0357465 0.045767 0.0554496 0.0635762 0.0692099 0.0719857 0.0720753 0.0699515 0.0661708 0.0612665 0.0557056 0.0498667 0.0440292 0.0383788 0.0330193 0.0279864 0.023267 0.0188328 0.0146862 0.0108945 0.00758481
 0.00754051 0.012353 0.0187842 0.026832 0.0362532 0.0464034 0.0562102 0.0644407 0.0701442 0.0729452 0.0730089 0.0708027 0.0668802 0.0617754 0.0559636 0.049838 0.0436975 0.0377488 0.0321174 0.0268616 0.0219928 0.017506 0.0134162 0.00978289 0.00670144
 0.00759882 0.012449 0.0189311 0.027043 0.0365395 0.0467709 0.056656 0.0649529 0.0707043 0.0735331 0.0736047 0.0713844 0.0674199 0.0622363 0.0563006 0.0500036 0.0436505 0.0374639 0.0315923 0.0261226 0.0210958 0.0165322 0.0124603 0.00893365 0.00602046
 0.0076624 0.0125424 0.0190537 0.027189 0.0367013 0.046944 0.0568424 0.06516 0.0709415 0.0738067 0.073915 0.0717249 0.0677767 0.0625877 0.0566159 0.0502435 0.0437712 0.0374251 0.0313687 0.0257136 0.0205318 0.0158727 0.0117824 0.00831343 0.00551372
 0.00772594 0.0126416 0.0191948 0.0273733 0.0369237 0.047191 0.0570926 0.0653884 0.0711279 0.0739447 0.0740149 0.0718082 0.0678653 0.0626937 0.056736 0.0503583 0.0438487 0.0374272 0.0312612 0.0254777 0.0201739 0.0154271 0.011304 0.0078624 0.00513751
 0.0077602 0.0126945 0.0192691 0.0274701 0.0370416 0.047327 0.0572407 0.0655393 0.0712695 0.0740649 0.0741054 0.0718689 0.0679054 0.0627279 0.0567772 0.0504102 0.0439006 0.0374553 0.0312352 0.0253724 0.0199801 0.0151586 0.0109951 0.00755686 0.00487389
 0.00781342 0.0127742 0.0193764 0.0276012 0.0371892 0.0474814 0.0573919 0.0656775 0.0713862 0.0741536 0.0741626 0.0718942 0.0679018 0.0627022 0.0567394 0.0503703 0.0438636 0.0374168 0.0311812 0.0252845 0.0198453 0.0149775 0.0107846 0.00734438 0.00468673
 0.00785386 0.0128338 0.0194545 0.027693 0.0372864 0.0475747 0.0574726 0.0657391 0.0714258 0.0741726 0.074166 0.0718887 0.0678932 0.0626936 0.0567318 0.0503633 0.0438565 0.0374066 0.0311612 0.0252446 0.0197761 0.0148764 0.0106593 0.00721142 0.00456486
 0.00785811 0.0128425 0.0194707 0.0277198 0.0373258 0.0476251 0.057528 0.06579 0.0714626 0.0741898 0.0741647 0.0718757 0.0678775 0.0626831 0.0567305 0.0503713 0.0438703 0.0374208 0.031169 0.0252384 0.0197493 0.0148263 0.0105897 0.00713228 0.00448875
 0.00787383 0.0128613 0.0194869 0.0277248 0.0373114 0.0475881 0.0574735 0.0657303 0.0714116 0.0741573 0.0741534 0.0718824 0.0678971 0.062712 0.0567671 0.0504147 0.0439185 0.0374697 0.0312125 0.0252697 0.0197624 0.0148185 0.010563 0.00709338 0.00444663
 0.0078903 0.0128865 0.0195212 0.0277665 0.0373558 0.047627 0.0574963 0.0657268 0.0713772 0.0740965 0.0740792 0.0718116 0.0678436 0.0626824 0.056761 0.0504276 0.0439446 0.0375031 0.0312471 0.0252993 0.0197815 0.0148235 0.0105542 0.00707426 0.00442309
 0.00789461 0.0128899 0.0195198 0.0277548 0.0373285 0.0475817 0.057435 0.0656556 0.0713039 0.0740276 0.0740195 0.0717654 0.0678159 0.0626783 0.0567834 0.050475 0.0440114 0.0375806 0.031326 0.025371 0.0198395 0.014864 0.0105766 0.00708161 0.00442046
 0.00788276 0.0128719 0.0194949 0.0277227 0.0372888 0.0475335 0.0573769 0.0655874 0.071228 0.07395 0.0739492 0.0717115 0.0677854 0.0626748 0.0568074 0.0505245 0.0440818 0.0376652 0.0314163 0.0254579 0.0199148 0.0149225 0.0106165 0.00710457 0.00443068
 0.00786526 0.0128399 0.0194406 0.0276376 0.0371666 0.0473748 0.0571923 0.0653963 0.0710536 0.0738125 0.0738607 0.0716761 0.0678009 0.0627356 0.0569059 0.0506519 0.0442286 0.0378214 0.0315715 0.0256024 0.0200402 0.0150229 0.01069 0.00715317 0.00445919
 0.00785972 0.0128285 0.0194188 0.0275991 0.0371043 0.0472824 0.0570672 0.0652419 0.0708807 0.0736388 0.0737078 0.0715641 0.0677436 0.0627376 0.056963 0.050754 0.0443627 0.0379738 0.0317293 0.0257535 0.0201747 0.0151339 0.0107742 0.0072113 0.00449545
 0.00785576 0.0128182 0.0193961 0.0275561 0.037033 0.047178 0.0569303 0.0650799 0.0707057 0.0734656 0.0735518 0.0714403 0.0676655 0.0627147 0.0569989 0.0508447 0.0444975 0.0381377 0.0319056 0.0259267 0.0203317 0.0152654 0.0108758 0.00728326 0.0045418
 0.00782228 0.012768 0.0193284 0.0274722 0.0369355 0.0470687 0.0568101 0.0649495 0.0705682 0.0733277 0.073424 0.0713353 0.0675957 0.0626898 0.0570243 0.0509208 0.044619 0.0382939 0.0320817 0.0261062 0.0204993 0.0154093 0.0109893 0.00736519 0.00459568
 0.00779667 0.0127234 0.019256 0.0273633 0.0367844 0.0468779 0.0565928 0.0647281 0.0703679 0.0731683 0.0733153 0.0712779 0.0675857 0.0627232 0.0570986 0.0510339 0.0447672 0.0384703 0.0322753 0.026303 0.0206845 0.0155703 0.011118 0.00745941 0.00465853
 0.00775854 0.0126613 0.0191624 0.027231 0.0366083 0.0466569 0.0563334 0.0644465 0.0700888 0.0729214 0.0731287 0.0711717 0.0675674 0.0627877 0.0572321 0.0512194 0.0449883 0.0387125 0.0325252 0.026547 0.020909 0.0157634 0.0112721 0.00757259 0.00473447
 0.00774364 0.0126336 0.0191145 0.0271537 0.0364929 0.0464986 0.0561344 0.0642168 0.0698452 0.0726843 0.0729196 0.0710112 0.0674726 0.0627695 0.0572919 0.0513492 0.045173 0.0389334 0.0327632 0.0267845 0.0211303 0.0159559 0.0114274 0.00768798 0.00481283
 0.00932419 0.0148455 0.0217825 0.0298939 0.0388242 0.04802 0.0566664 0.0638282 0.068772 0.0712098 0.0712871 0.0693903 0.0659657 0.0614317 0.0561486 0.0504061 0.0444226 0.0383588 0.0323415 0.0264899 0.0209365 0.0158375 0.0113617 0.00765577 0.00479953
 0.00930105 0.0151033 0.0226913 0.0319133 0.0423032 0.0529273 0.0624183 0.0693839 0.0730027 0.0733436 0.0711631 0.067402 0.0627886 0.0577339 0.0524257 0.0469525 0.0413794 0.0357745 0.0302161 0.0247981 0.019639 0.0148853 0.0106984 0.00722123 0.00453422
 0.00897203 0.0145834 0.0219586 0.0310148 0.0414093 0.0523696 0.062651 0.0708214 0.0757713 0.0770966 0.0751226 0.0706544 0.0646658 0.0580457 0.05143 0.0451422 0.0392492 0.0336861 0.0283734 0.023284 0.0184632 0.0140192 0.0100954 0.00682687 0.00429397
 0.0087833 0.0142695 0.0214739 0.0303154 0.0404702 0.051216 0.0613991 0.0697068 0.0751312 0.0772777 0.0763262 0.0727892 0.0673135 0.0605959 0.0533275 0.0460987 0.0393021 0.033099 0.0274744 0.0223412 0.0176376 0.0133761 0.0096376 0.00652619 0.00411149
 0.00873362 0.014178 0.0213154 0.0300575 0.040078 0.0506621 0.0606775 0.0688498 0.0742262 0.076478 0.0758405 0.0728298 0.0680045 0.061882 0.0549505 0.0476807 0.0404997 0.0337366 0.0275791 0.0220793 0.0172105 0.0129415 0.00928183 0.00627437 0.00395279
 0.00867825 0.0140895 0.0211845 0.0298749 0.0398339 0.0503464 0.0602815 0.0683705 0.0736729 0.0758824 0.0752682 0.0723855 0.067819 0.0620705 0.0555517 0.0486115 0.041564 0.0346979 0.0282583 0.0224172 0.017263 0.0128238 0.00910584 0.00611297 0.00383571
 0.00869442 0.0141093 0.0212022 0.0298805 0.0398149 0.0502907 0.0601796 0.0682153 0.0734589 0.0756068 0.0749358 0.0720195 0.0674697 0.0618159 0.0554777 0.0487747 0.0419543 0.0352272 0.0287923 0.0228333 0.0175001 0.0128939 0.009067 0.00603053 0.00375539
 0.00870118 0.0141237 0.0212294 0.0299261 0.0398815 0.0503736 0.0602641 0.0682783 0.0734749 0.0755555 0.0748076 0.0718179 0.0672132 0.0615396 0.055233 0.0486203 0.041935 0.0353507 0.029018 0.0230878 0.0177105 0.0130191 0.00910745 0.00601456 0.00371691
 0.00864327 0.0140397 0.0211223 0.029806 0.0397638 0.0502754 0.0601999 0.0682563 0.0734941 0.0756038 0.0748643 0.0718589 0.0672197 0.0615052 0.055169 0.0485541 0.0419024 0.0353811 0.0291189 0.0232387 0.0178718 0.0131517 0.00919035 0.0060495 0.00371993
 0.00864161 0.0140268 0.0210848 0.0297271 0.0396302 0.0500866 0.0599748 0.0680313 0.0733117 0.0754966 0.0748439 0.0719138 0.0673219 0.0616225 0.0552756 0.0486394 0.0419722 0.035452 0.0292073 0.0233493 0.0179943 0.0132662 0.00927888 0.00610479 0.00374623
 0.00863636 0.0140222 0.0210841 0.0297337 0.0396438 0.0500994 0.0599709 0.0679922 0.0732267 0.0753723 0.0747049 0.0717929 0.0672453 0.0615992 0.0552968 0.0486864 0.0420283 0.0355094 0.0292672 0.0234158 0.0180672 0.013339 0.00934186 0.00615062 0.0037736
 0.00865294 0.0140454 0.0211126 0.0297642 0.0396731 0.0501257 0.0599942 0.068012 0.0732384 0.075367 0.0746725 0.0717298 0.0671594 0.0615082 0.0552201 0.0486366 0.0420072 0.0355116 0.0292855 0.023445 0.0181039 0.013379 0.00937975 0.00618136 0.0037946
 0.00863121 0.014016 0.0210789 0.0297329 0.0396512 0.0501176 0.0599995 0.0680259 0.0732549 0.0753811 0.0746812 0.0717307 0.0671503 0.0614886 0.0551936 0.0486107 0.0419905 0.0355095 0.0292988 0.0234706 0.0181368 0.0134142 0.00941272 0.00620849 0.00381412
 0.00862139 0.0139994 0.0210532 0.0296963 0.0396044 0.0500649 0.0599496 0.0679896 0.0732411 0.0753923 0.0747122 0.0717713 0.0671895 0.0615183 0.0552105 0.0486161 0.0419892 0.035508 0.0293025 0.0234823 0.0181557 0.0134374 0.00943618 0.00622894 0.00382962
 0.0086067 0.0139753 0.0210165 0.0296441 0.0395349 0.0499787 0.0598512 0.0678885 0.0731502 0.0753258 0.0746811 0.0717802 0.0672347 0.061589 0.0552929 0.0486978 0.0420624 0.03557 0.0293547 0.0235275 0.0181961 0.0134735 0.00946714 0.00625362 0.00384752
 0.0086067 0.0139753 0.0210165 0.0296441 0.0395349 0.0499787 0.0598512 0.0678885 0.0731502 0.0753258 0.0746811 0.0717802 0.0672347 0.061589 0.0552929 0.0486978 0.0420624 0.03557 0.0293547 0.0235275 0.0181961 0.0134735 0.00946714 0.00625362 0.00384752
 0.00884247 0.014346 0.0215491 0.0303503 0.0404027 0.050964 0.0608711 0.068828 0.0738861 0.0757598 0.0747669 0.0715305 0.0667094 0.0608742 0.0544784 0.0478618 0.0412638 0.0348481 0.0287326 0.0230156 0.0177953 0.0131766 0.00926057 0.00611958 0.00376698
 0.00900053 0.0146228 0.0220006 0.031036 0.0413662 0.0522041 0.0623173 0.0703387 0.075276 0.0768465 0.0754137 0.0716719 0.0663563 0.0601021 0.0534058 0.0466237 0.0399866 0.0336333 0.0276497 0.0221038 0.0170686 0.0126293 0.00887314 0.00586351 0.0036101
 0.00906918 0.0147413 0.0221931 0.0313329 0.041802 0.0528102 0.0631104 0.0713055 0.0763615 0.0779499 0.0764003 0.0724001 0.0667137 0.0600355 0.0529332 0.0458249 0.0389795 0.0325449 0.026592 0.021159 0.0162846 0.0120226 0.00843544 0.00557018 0.00342846
#pred catch len freq
 0.00340638 0.00544543 0.00805795 0.0112394 0.015012 0.0193987 0.0243582 0.0297481 0.0353423 0.0408757 0.0460853 0.050748 0.0547114 0.057904 0.0603152 0.0619632 0.0628704 0.0630406 0.062419 0.060831 0.0579485 0.0533694 0.0468533 0.0386137 0.0294431
 0.00368513 0.00583793 0.00854057 0.0117631 0.0155303 0.0199034 0.0248957 0.0303936 0.0361404 0.0417819 0.0469507 0.0513636 0.0548926 0.05757 0.0595278 0.0609074 0.061787 0.0621364 0.0617924 0.0604466 0.0576749 0.0530609 0.0464293 0.0380889 0.0288998
 0.00381473 0.00607268 0.00893427 0.0123701 0.0163811 0.0209755 0.0261006 0.0316021 0.0372382 0.042718 0.0477348 0.0520108 0.0553612 0.0577516 0.0593031 0.06023 0.0607311 0.060875 0.0605194 0.0592939 0.0566752 0.0521741 0.0456047 0.0373157 0.0282121
 0.00399412 0.00634851 0.00932477 0.0128943 0.0170701 0.0218791 0.0272757 0.0330758 0.0389624 0.0445483 0.0494607 0.0534259 0.0563269 0.0582102 0.0592456 0.0596639 0.0596842 0.0594242 0.0588012 0.0574748 0.0549012 0.0505397 0.0441586 0.0360865 0.0272232
 0.00422471 0.00670973 0.00984319 0.0135865 0.0179428 0.0229305 0.0284986 0.0344615 0.0405027 0.046225 0.051219 0.0551475 0.057831 0.0592942 0.0597443 0.0594909 0.0588391 0.0579795 0.0568872 0.0552649 0.0525888 0.0483077 0.0421541 0.0344081 0.0259185
 0.00448215 0.00711583 0.0104325 0.0143862 0.0189722 0.0241982 0.0299948 0.0361498 0.0423186 0.0480841 0.0530304 0.0568221 0.059277 0.0604045 0.0603926 0.0595492 0.0582151 0.0566524 0.0549272 0.0528284 0.0498953 0.0456027 0.0396657 0.0323078 0.0242954
 0.00473702 0.00752134 0.0110278 0.015206 0.0200453 0.0255439 0.0316131 0.0380109 0.0443558 0.050195 0.0550874 0.0586888 0.0608273 0.0615345 0.061018 0.0595961 0.057617 0.0553674 0.0529705 0.0503029 0.0469982 0.0425997 0.0368374 0.0298856 0.022413
 0.00506617 0.00803339 0.0117575 0.0161757 0.0212691 0.0270302 0.0333609 0.039998 0.0465267 0.0524545 0.057304 0.060709 0.0624976 0.0627226 0.0616263 0.0595612 0.0569014 0.0539567 0.0508864 0.047631 0.0439129 0.03936 0.0337428 0.0272038 0.0203122
 0.00542206 0.00859172 0.0125612 0.0172544 0.0226386 0.0286907 0.0352903 0.0421454 0.048811 0.0547696 0.0595262 0.0627049 0.0641324 0.0638722 0.0621886 0.0594644 0.0561062 0.052456 0.0487122 0.0448724 0.0407374 0.0360174 0.0305311 0.024401 0.0181025
 0.00573039 0.00908427 0.0132876 0.018259 0.0239568 0.0303415 0.0372631 0.0443872 0.0512229 0.0572144 0.0618458 0.0647411 0.065746 0.0649548 0.0626646 0.0592861 0.055249 0.0509194 0.0465296 0.0421305 0.0375965 0.0327153 0.0273537 0.0216193 0.0159009
 0.00597007 0.00946655 0.0138516 0.0190426 0.0249978 0.0316751 0.0389117 0.046344 0.0534348 0.0595736 0.064194 0.0668913 0.0675142 0.0661904 0.0632682 0.0592094 0.0544837 0.0494862 0.0444785 0.0395539 0.0346482 0.0296168 0.02437 0.0190024 0.0138247
 0.00614589 0.00974768 0.0142673 0.0196203 0.0257633 0.0326503 0.0401098 0.0477631 0.0550527 0.0613426 0.0660361 0.0686951 0.0691407 0.067489 0.0641006 0.0594716 0.0541181 0.0484838 0.0428767 0.0374401 0.0321672 0.0269714 0.021799 0.0167328 0.0120147
 0.00635986 0.0100872 0.0147637 0.0203003 0.0266474 0.0337497 0.0414191 0.0492525 0.0566653 0.0629983 0.0676411 0.0701527 0.0703596 0.0683869 0.064604 0.0595168 0.0536576 0.0474964 0.0413796 0.0355008 0.0299114 0.0245797 0.0194838 0.0146944 0.0103917
 0.00657208 0.0104241 0.0152566 0.0209753 0.0275238 0.0348364 0.0427063 0.0507043 0.0582164 0.0645585 0.069106 0.0714182 0.0713368 0.0690122 0.0648402 0.0593463 0.0530736 0.0465003 0.0399895 0.0337668 0.0279306 0.0224987 0.0174793 0.0129348 0.00899313
 0.00683864 0.0108372 0.0158419 0.0217465 0.0284852 0.0359845 0.0440269 0.0521632 0.0597519 0.06608 0.0705024 0.0725746 0.0721548 0.0694272 0.0648279 0.0589174 0.0522605 0.045345 0.0385389 0.0320801 0.0260924 0.0206258 0.0157106 0.0114017 0.00778473
 0.00705295 0.0111758 0.0163335 0.0224123 0.0293366 0.0370194 0.0452233 0.0534758 0.0611135 0.0674088 0.0717101 0.0735735 0.0728661 0.0697897 0.0648075 0.0585116 0.0514961 0.0442692 0.0372117 0.0305716 0.0244864 0.0190225 0.0142205 0.010125 0.0067865
 0.00728735 0.0115305 0.0168194 0.023026 0.0300667 0.037855 0.0461564 0.0544941 0.0621884 0.0684874 0.0727171 0.0744235 0.0734801 0.0701093 0.0648011 0.0581745 0.0508469 0.0433464 0.0360698 0.0292786 0.0231224 0.0176776 0.0129861 0.0090793 0.00597632
 0.00737035 0.0116718 0.0170436 0.0233583 0.0305265 0.0384462 0.0468602 0.0552707 0.0629884 0.0692655 0.0734373 0.0750546 0.0739869 0.0704505 0.0649351 0.0580705 0.0504936 0.0427553 0.0352748 0.0283331 0.0220959 0.0166495 0.012036 0.00827299 0.00535213
 0.00737022 0.0116767 0.0170617 0.0234045 0.0306233 0.0386225 0.047146 0.0556863 0.0635318 0.0699039 0.0741117 0.0756951 0.0745322 0.0708577 0.0651787 0.058135 0.0503697 0.0424424 0.0347866 0.0277025 0.0213747 0.0159032 0.0113324 0.0076691 0.00488198
 0.00735477 0.0116514 0.0170239 0.0233529 0.0305607 0.0385589 0.0471017 0.0556917 0.0636225 0.0701101 0.0744444 0.0761368 0.0750359 0.0713581 0.0656091 0.0584424 0.0505214 0.0424255 0.0346056 0.0273786 0.0209461 0.0154215 0.0108547 0.00724568 0.00454553
 0.00735895 0.0116542 0.0170205 0.023336 0.0305218 0.0384915 0.0470048 0.0555739 0.0635039 0.0700221 0.0744244 0.0762175 0.0752324 0.0716577 0.0659709 0.0588071 0.0508273 0.0426239 0.03467 0.0273075 0.0207606 0.01516 0.0105643 0.00697072 0.00431786
 0.00741889 0.0117428 0.017137 0.0234728 0.0306654 0.0386241 0.0471071 0.0556279 0.0634973 0.0699541 0.0743096 0.0760855 0.0751211 0.0716017 0.0659887 0.0588926 0.0509508 0.042742 0.0347406 0.0273033 0.0206762 0.0150114 0.0103816 0.00678733 0.0041603
 0.00754943 0.0119298 0.0173718 0.0237317 0.0309164 0.0388386 0.0472672 0.0557273 0.0635363 0.0699336 0.0742304 0.0759525 0.0749482 0.0714134 0.0658151 0.0587592 0.0508685 0.0427021 0.0347194 0.0272726 0.0206162 0.0149175 0.0102644 0.00666579 0.00405269
 0.00762344 0.0120376 0.0175099 0.0238864 0.0310643 0.0389499 0.047312 0.0556834 0.0633985 0.0697203 0.0739806 0.0757132 0.0747586 0.0712948 0.0657708 0.058781 0.0509421 0.0428095 0.0348385 0.0273798 0.0206915 0.014951 0.0102588 0.00663373 0.00401036
 0.0076941 0.0121435 0.0176523 0.0240595 0.0312558 0.0391417 0.0474808 0.0558024 0.0634409 0.0696667 0.0738282 0.0754809 0.0744851 0.0710279 0.0655527 0.0586368 0.0508762 0.0428096 0.0348825 0.0274427 0.0207508 0.0149915 0.0102749 0.00662896 0.0039935
 0.00764213 0.0120824 0.0176031 0.0240552 0.031331 0.0393171 0.0477499 0.0561291 0.0637693 0.0699373 0.073993 0.0755141 0.0743874 0.0708257 0.0652909 0.0583665 0.0506405 0.0426335 0.0347708 0.0273842 0.0207265 0.0149826 0.0102684 0.00661907 0.00398042
