SBPRF35
7.78865
Curr Bio
515671
B35
704111
F35
0.210298
FOFL
0.144074
OFL
56546.1
Bzero
2.22533e+006
#pred survey bio
 4.81938e+006 4.55423e+006 4.29357e+006 3.98189e+006 3.64109e+006 3.27833e+006 2.93797e+006 2.59523e+006 2.27351e+006 2.00361e+006 1.75259e+006 1.58655e+006 1.40379e+006 1.24812e+006 1.09583e+006 975588 877991 811811 762092 722363 690912 661833 629996 622139 620422 620856 612125 607242 604930 609799 606984 600970 602112 597739 589503 580437 571451 565859 571885 581017 579635 593851 595288 591394 601748 604978 609849 613550 623486 618271 620362 592709 560319 520920 1.74324e+007 1.03511e+007 1.05628e+007 1.13185e+007 1.23674e+007 1.34626e+007 1.44538e+007 1.52777e+007 1.59256e+007 1.64169e+007 1.67803e+007 1.70451e+007 1.72362e+007 1.73734e+007 1.7472e+007 1.7543e+007 1.75942e+007 1.76314e+007 1.76586e+007 1.76786e+007 1.76934e+007 1.77044e+007 1.77126e+007 1.77188e+007 1.77235e+007 1.77271e+007 1.77298e+007 1.77318e+007 1.77334e+007 1.77346e+007 1.77355e+007 1.77363e+007 1.77368e+007 1.77372e+007 1.77376e+007 1.77378e+007 1.7738e+007 1.77382e+007 1.77383e+007 1.77384e+007 1.77384e+007 1.77385e+007 1.77385e+007 1.77386e+007 1.77386e+007 1.77386e+007 1.77386e+007 1.77386e+007 1.77386e+007 1.77386e+007 1.77386e+007 1.77387e+007 1.77387e+007 1.77387e+007 1.77387e+007 1.77387e+007 1.77387e+007 1.77387e+007 1.77387e+007 1.77387e+007 1.77387e+007 1.77387e+007 1.77387e+007 1.77387e+007 1.77387e+007 1.77387e+007 1.77387e+007 1.77387e+007 1.77387e+007 1.77387e+007 1.77387e+007 1.77387e+007 1.77387e+007 1.77387e+007 1.77387e+007 1.77387e+007 1.77387e+007 1.77387e+007 1.77387e+007 1.77387e+007 1.77387e+007 1.77387e+007 1.77387e+007 1.77387e+007 1.77387e+007 1.77387e+007 1.77387e+007 1.77387e+007 1.77387e+007 1.77387e+007 1.77387e+007 1.77387e+007 1.77387e+007 1.77387e+007 1.77387e+007 1.77387e+007 1.77387e+007 1.77387e+007 1.77387e+007 1.77387e+007 0 0 0 0 0 0 0 0 0 0 0 0 0 0 0 0 0 0 0 0 0 0 0 0 0
#obs survey bio
 3.73868e+006 3.89347e+006 4.0605e+006 3.81248e+006 2.53884e+006 2.68338e+006 2.7593e+006 2.45567e+006 1.60569e+006 1.40701e+006 1.36954e+006 1.42586e+006 1.179e+006 822203 973185 682982 864627 586148 689418 500474 681763 567037 764256 568328 519033 401157 458035 685907 444276 460305 459141 619882 518470 580283 706371 563694 640177 584191 651590 541893 465574 597566 763447 591410 421188 622014 584297 715362 528704 609393 608441 758127 546445 510035
#pred catch bio
 96459.4 95412.9 154310 203554 253246 265912 301307 313741 294886 300849 242763 269206 251967 251476 223457 202487 173839 158113 147198 137097 131670 130319 107781 102220 100804 108516 104291 100970 94540.9 100586 101560 93069.4 94594.1 93584.6 89976.5 88545.5 88468.2 82902.9 83101.9 92592.2 79820.7 90990.8 95236.2 83834.4 90774.3 89707.5 90983.8 86214.9 98665 91318.7 114316 115355 117242 97222.8 56546.1 79041.3 79342.6 83653.8 90917.9 98825.7 105962 111777 116220 119464 121756 123337 124406 125118 125587 125893 126092 126220 126302 126354 126387 126408 126422 126430 126436 126439 126441 126442 126443 126444 126444 126444 126444 126444 126445 126445 126445 126445 126445 126445 126445 126445 126445 126445 126445 126445 126445 126445 126445 126445 126445 126445 126445 126445 126445 126445 126445 126445 126445 126445 126445 126445 126445 126445 126445 126445 126445 126445 126445 126445 126445 126445 126445 126445 126445 126445 126445 126445 126445 126445 126445 126445 126445 126445 126445 126445 126445 126445 126445 126445 126445 126445 126445 126445 126445 126445 126445 126445 126445 126445 0 0 0 0 0 0 0 0 0 0 0 0 0 0 0 0 0 0 0 0 0 0 0 0 0
#obs catch bio
 0 95133.2 154958 204685 256144 268747 306837 320257 301741 311257 249611 278892 260231 260574 229711 208484 177460 162037 150880 140370 134346 133282 109296 103903 102380 111088 106827 102586 96084.7 102665 104148 94691.4 96339 95003.2 90800.1 89236.9 89233.2 83468.3 83384.2 93001.1 79804.4 91290.9 95444.9 83935.1 91481 90172 91307.3 86479.2 99365.9 91540.3 114775 115429 117725 97133.4
#pred cpue bio
 4.73838e+006 4.47883e+006 4.22333e+006 3.91437e+006 3.57527e+006 3.21446e+006 2.87588e+006 2.53527e+006 2.21575e+006 1.94756e+006 1.69861e+006 1.53386e+006 1.35366e+006 1.20055e+006 1.05128e+006 933594 838263 773673 725306 686970 656878 629121 598619 591132 589430 589679 581137 576633 574712 579502 576866 571454 573246 569818 562791 554795 545670 538694 543388 552200 551239 565175 566629 562808 572660 575710 580489 584101 593737 588858 591191 564630 533180 495330 1.66069e+007 9.88222e+006 9.9778e+006 1.05794e+007 1.15653e+007 1.26433e+007 1.36307e+007 1.44537e+007 1.51015e+007 1.55927e+007 1.59561e+007 1.62209e+007 1.64119e+007 1.65492e+007 1.66478e+007 1.67187e+007 1.677e+007 1.68072e+007 1.68344e+007 1.68544e+007 1.68692e+007 1.68802e+007 1.68884e+007 1.68946e+007 1.68993e+007 1.69029e+007 1.69056e+007 1.69076e+007 1.69092e+007 1.69104e+007 1.69113e+007 1.6912e+007 1.69126e+007 1.6913e+007 1.69133e+007 1.69136e+007 1.69138e+007 1.69139e+007 1.69141e+007 1.69141e+007 1.69142e+007 1.69143e+007 1.69143e+007 1.69143e+007 1.69144e+007 1.69144e+007 1.69144e+007 1.69144e+007 1.69144e+007 1.69144e+007 1.69144e+007 1.69144e+007 1.69144e+007 1.69144e+007 1.69145e+007 1.69145e+007 1.69145e+007 1.69145e+007 1.69145e+007 1.69145e+007 1.69145e+007 1.69145e+007 1.69145e+007 1.69145e+007 1.69145e+007 1.69145e+007 1.69145e+007 1.69145e+007 1.69145e+007 1.69145e+007 1.69145e+007 1.69145e+007 1.69145e+007 1.69145e+007 1.69145e+007 1.69145e+007 1.69145e+007 1.69145e+007 1.69145e+007 1.69145e+007 1.69145e+007 1.69145e+007 1.69145e+007 1.69145e+007 1.69145e+007 1.69145e+007 1.69145e+007 1.69145e+007 1.69145e+007 1.69145e+007 1.69145e+007 1.69145e+007 1.69145e+007 1.69145e+007 1.69145e+007 1.69145e+007 1.69145e+007 1.69145e+007 1.69145e+007 1.69145e+007 0 0 0 0 0 0 0 0 0 0 0 0 0 0 0 0 0 0 0 0 0 0 0 0 0
#obs cpue bio
 2.9898e+006 3.74836e+006 2.5264e+006 2.68191e+006 2.47235e+006 3.67425e+006 1.58718e+006 2.22719e+006 1.74768e+006 1.19097e+006 1.26169e+006 1.35822e+006 1.2267e+006 1.26151e+006 1.14411e+006 825209 855585 570082 538780 699807 601105 525687 467953 416114 551790 463284 465895 690311 483155 495940 399805 588013 519038 600539 605247 558707 429391 481375 577868 665688 673164 516408 499046 452284 529736 590526 695639 406996 631141 577793 734628 489284 488600 602696
#pred surv len freq
 0.00492869 0.00802707 0.0121269 0.0172217 0.0231925 0.0297228 0.0362716 0.0422083 0.0470505 0.050624 0.0530396 0.0545529 0.0554337 0.0558946 0.0560615 0.0559666 0.0555616 0.0547413 0.0533559 0.0512003 0.0480101 0.0435227 0.0376363 0.0305957 0.0230534
 0.00510334 0.00821596 0.0122411 0.0171348 0.0227925 0.0289834 0.0352987 0.0412167 0.0462725 0.050201 0.0529627 0.0546854 0.0555937 0.0559478 0.0559797 0.0558321 0.0555222 0.054936 0.0538444 0.0519285 0.048831 0.0442632 0.0381715 0.0308901 0.0231518
 0.00543996 0.00873697 0.0129691 0.0180542 0.0238321 0.0300057 0.0361114 0.0416246 0.0461615 0.0496063 0.0520651 0.0537234 0.0547464 0.0552685 0.0554186 0.055318 0.0550371 0.0545327 0.0536029 0.0518907 0.0489622 0.0444662 0.0383401 0.0309616 0.0231249
 0.005698 0.00916878 0.0136406 0.0190307 0.0251586 0.0316748 0.0380298 0.0435996 0.0479254 0.0508823 0.0526532 0.05357 0.0539587 0.0540593 0.0540116 0.0538729 0.053635 0.0532131 0.0524034 0.0508533 0.0481109 0.0437887 0.0377967 0.0305127 0.0227518
 0.005964 0.00959312 0.0142661 0.0198968 0.0263005 0.0331175 0.0397734 0.0455987 0.0500694 0.0529869 0.0544753 0.0548538 0.0545062 0.0537968 0.0530132 0.0523245 0.0517622 0.0512156 0.0504285 0.0490021 0.0464512 0.0423614 0.0366177 0.0295785 0.0220465
 0.00628521 0.0101022 0.0150079 0.020905 0.0275929 0.0346896 0.0415918 0.0475993 0.0521646 0.0550739 0.0564337 0.0565351 0.0557327 0.0543873 0.0528364 0.0513524 0.0500893 0.0490321 0.0479647 0.0464767 0.0440433 0.0402029 0.0347944 0.0281316 0.0209751
 0.00657961 0.0105773 0.0157163 0.021893 0.0288916 0.0363014 0.043477 0.0496725 0.0543095 0.057167 0.0583642 0.0582068 0.0570504 0.0552421 0.0531057 0.0509269 0.0489181 0.0471613 0.045545 0.0437346 0.0412322 0.037556 0.032491 0.0262786 0.0196019
 0.00693438 0.0111386 0.0165328 0.0230009 0.0303105 0.0380269 0.0454695 0.0518518 0.05656 0.0593557 0.0603608 0.0598989 0.0583482 0.0560725 0.0534 0.0506138 0.0479344 0.0454844 0.043231 0.040939 0.0381959 0.0345586 0.0297901 0.0240561 0.0179351
 0.0073408 0.0117809 0.0174648 0.0242599 0.0319103 0.0399485 0.0476509 0.0541858 0.0589091 0.0615775 0.0623297 0.0615156 0.0595382 0.0567796 0.0535791 0.0502231 0.0469343 0.0438498 0.0409815 0.0381726 0.0351063 0.0314143 0.0268766 0.0216042 0.0160669
 0.00763996 0.0122712 0.0182096 0.0253194 0.0333285 0.0417328 0.0497524 0.0564945 0.0612716 0.0638293 0.0643253 0.0631437 0.0607235 0.0574752 0.0537559 0.0498592 0.046009 0.0423489 0.0389165 0.0356129 0.0322043 0.0284038 0.0240303 0.0191639 0.0141785
 0.00795189 0.012769 0.0189424 0.0263289 0.0346439 0.0433621 0.0516689 0.0586272 0.0635063 0.0660225 0.0663246 0.0648095 0.0619464 0.0581851 0.0539201 0.0494709 0.0450734 0.0408769 0.0369343 0.0331851 0.0294607 0.0255468 0.0213067 0.0168041 0.0123325
 0.00807375 0.0129751 0.019268 0.0268133 0.0353248 0.0442653 0.0527977 0.0599575 0.0649895 0.0675922 0.0679007 0.0662992 0.0632465 0.0591914 0.0545399 0.0496345 0.0447392 0.0400312 0.0355929 0.031404 0.0273512 0.0232807 0.0190959 0.0148529 0.0107826
 0.00829929 0.0133351 0.0197971 0.0275398 0.0362651 0.045417 0.0541309 0.0614119 0.0664825 0.0690343 0.069211 0.0674133 0.0641155 0.0597752 0.054801 0.0495358 0.0442474 0.0391251 0.0342759 0.0297182 0.0253904 0.0211934 0.0170668 0.0130619 0.00935619
 0.00847622 0.0136244 0.0202356 0.0281619 0.0370958 0.0464598 0.0553572 0.0627576 0.0678582 0.0703441 0.0703698 0.0683566 0.0648013 0.0601803 0.0549139 0.0493485 0.0437498 0.0383068 0.0331364 0.0282839 0.0237311 0.0194275 0.0153466 0.0115386 0.00813826
 0.00874814 0.0140505 0.0208471 0.0289773 0.0381182 0.0476731 0.0567195 0.064198 0.0692822 0.071648 0.0714581 0.0691559 0.0652686 0.0603042 0.0547084 0.0488417 0.0429718 0.0372827 0.0318882 0.0268431 0.0221547 0.0178073 0.0138013 0.010187 0.00706495
 0.00896194 0.0143918 0.0213485 0.0296635 0.0390003 0.0487397 0.0579289 0.0654781 0.0705417 0.0727945 0.0724134 0.0698624 0.0656893 0.0604212 0.0545222 0.0483698 0.0422436 0.036333 0.0307541 0.0255664 0.0207908 0.0164323 0.0125079 0.00906565 0.00617903
 0.00920113 0.0147598 0.021864 0.0303308 0.0398102 0.0496717 0.0589501 0.0665407 0.0715842 0.0737484 0.0732126 0.0704523 0.0660323 0.0604988 0.0543337 0.0479287 0.0415745 0.0354687 0.0297332 0.0244348 0.0196041 0.0152581 0.0114211 0.0081354 0.00545082
 0.00930868 0.0149357 0.0221298 0.0307059 0.0403061 0.0502847 0.0596554 0.0672939 0.0723316 0.0744405 0.0738121 0.0709331 0.0663735 0.0606803 0.0543375 0.0477431 0.0411986 0.0349141 0.029025 0.0236108 0.0187148 0.0143645 0.0105883 0.0074208 0.00489123
 0.00930124 0.0149355 0.022152 0.0307733 0.0404451 0.0505178 0.0599931 0.0677297 0.0728417 0.0749875 0.0743522 0.0714237 0.0667792 0.0609753 0.0545035 0.0477667 0.041071 0.0346338 0.0286021 0.0230698 0.0180957 0.0137194 0.00997371 0.00688686 0.00447027
 0.00930488 0.0149361 0.0221441 0.030751 0.0404072 0.0504738 0.0599667 0.0677551 0.0729522 0.075202 0.0746658 0.0718078 0.0671897 0.0613639 0.0548268 0.0479915 0.0411749 0.0346052 0.0284408 0.0227892 0.0177244 0.013299 0.00955237 0.006509 0.00416637
 0.00931446 0.0149478 0.0221544 0.0307534 0.0403937 0.050437 0.059904 0.0676723 0.0728669 0.0751427 0.0746654 0.0718925 0.0673672 0.061618 0.0551208 0.0482781 0.0414084 0.0347501 0.028477 0.0227145 0.0175537 0.0130627 0.00928958 0.00625844 0.00395699
 0.00935755 0.0150109 0.0222363 0.0308479 0.0404904 0.0505233 0.0599671 0.0677013 0.0728551 0.0750915 0.0745873 0.0718104 0.0673096 0.061609 0.0551705 0.0483771 0.0415296 0.0348577 0.0285377 0.0227072 0.017475 0.0129264 0.00912188 0.00608902 0.00381015
 0.00955799 0.0153049 0.022619 0.0312934 0.0409573 0.0509661 0.0603445 0.0679804 0.0730129 0.0751165 0.074482 0.0715928 0.0670118 0.0612722 0.054837 0.0480803 0.0412863 0.0346655 0.0283796 0.0225612 0.0173246 0.0127669 0.00896063 0.00593991 0.00368637
 0.00966701 0.0154634 0.0228224 0.0315237 0.0411866 0.0511626 0.0604796 0.0680345 0.0729799 0.0750061 0.0743179 0.0714053 0.0668287 0.061113 0.0547121 0.0479939 0.0412376 0.0346484 0.0283816 0.0225656 0.0173161 0.012737 0.00891071 0.00587927 0.00362696
 0.00974317 0.0155803 0.0229848 0.0317296 0.0414255 0.0514148 0.0607161 0.0682204 0.0730828 0.0750066 0.0742167 0.0712236 0.0666008 0.0608759 0.0544962 0.047818 0.0411087 0.0345638 0.028332 0.0225378 0.0172959 0.0127138 0.00887986 0.00584268 0.00359025
 0.00967602 0.0154948 0.0228994 0.0316756 0.0414376 0.0515162 0.0609061 0.0684724 0.0733519 0.0752436 0.0743817 0.0712945 0.0665764 0.0607739 0.0543465 0.0476534 0.0409566 0.0344409 0.0282431 0.0224786 0.017257 0.0126851 0.0088543 0.00581761 0.00356661
 0.00953415 0.0152952 0.0226574 0.0314275 0.0412334 0.0514066 0.0609287 0.0686414 0.0736537 0.0756366 0.074803 0.0716743 0.066857 0.0609239 0.0543664 0.0475699 0.04081 0.0342718 0.0280828 0.0223446 0.0171541 0.01261 0.00880031 0.0057786 0.00353845
 0.0095377 0.0152735 0.022576 0.0312432 0.0409126 0.0509503 0.0603907 0.0681221 0.0732683 0.0754727 0.0748901 0.0719788 0.0673002 0.0614116 0.054816 0.0479288 0.0410604 0.0344243 0.0281634 0.0223814 0.0171688 0.0126151 0.00880127 0.00577718 0.00353543
 0.00964131 0.0154202 0.022755 0.0314257 0.0410545 0.0510001 0.0603016 0.0678693 0.0728661 0.0749832 0.0744125 0.0716183 0.0671285 0.0614422 0.0550061 0.0482035 0.0413445 0.0346654 0.0283394 0.0224948 0.0172346 0.0126503 0.00881896 0.00578535 0.00353851
 0.00953371 0.0152762 0.0225946 0.0312841 0.0409687 0.0509893 0.060352 0.0679349 0.0728867 0.0749115 0.0742378 0.0713747 0.0668848 0.0612748 0.0549686 0.0483063 0.0415553 0.0349278 0.0285978 0.0227119 0.0173962 0.0127595 0.00888719 0.00582517 0.00356023
 0.00931938 0.0149652 0.022197 0.0308372 0.0405304 0.0506249 0.0601195 0.0678705 0.072993 0.0751511 0.0745406 0.0716616 0.0670988 0.0614027 0.0550395 0.0483698 0.0416528 0.0350733 0.0287768 0.0228954 0.0175573 0.0128834 0.00897207 0.00587772 0.00358988
 0.00916331 0.0147155 0.0218309 0.0303416 0.0399115 0.0499191 0.0594001 0.0672402 0.0725579 0.0749858 0.0746614 0.0720222 0.0676092 0.061962 0.0555685 0.0488292 0.0420408 0.0354084 0.0290769 0.0231656 0.0177912 0.0130716 0.00911055 0.00597028 0.00364602
 0.00896163 0.0144008 0.0213821 0.0297482 0.0391762 0.0490614 0.058463 0.0662951 0.0717017 0.0743266 0.0742955 0.072008 0.0679477 0.062594 0.0563906 0.0497256 0.0429143 0.0361975 0.0297553 0.0237291 0.0182443 0.0134209 0.00936478 0.00614243 0.00375325
 0.00869817 0.0140051 0.020847 0.0290884 0.0384226 0.048253 0.0576409 0.0655021 0.0709835 0.0737329 0.0738781 0.071817 0.0680224 0.0629484 0.0570015 0.0505292 0.0438198 0.0371101 0.030598 0.0244542 0.018832 0.0138714 0.0096904 0.00636265 0.00389119
 0.00870976 0.0139813 0.0207341 0.0288148 0.0379232 0.0475036 0.0566844 0.0644457 0.0699649 0.0728746 0.073258 0.071466 0.0679413 0.0631258 0.0574188 0.0511554 0.0446027 0.0379774 0.0314686 0.0252551 0.0195125 0.014408 0.0100839 0.00663041 0.00405952
 0.00946122 0.0150422 0.0220307 0.0301709 0.0391007 0.048275 0.0568983 0.0640594 0.0690429 0.0715665 0.0717628 0.0699887 0.0666502 0.0621265 0.0567533 0.0508163 0.044551 0.0381532 0.0317982 0.0256604 0.0199225 0.0147704 0.0103705 0.00683544 0.00419268
 0.0101124 0.0160771 0.0235345 0.0321815 0.0415714 0.0510327 0.0596252 0.0663346 0.070457 0.0718613 0.0709201 0.0682198 0.0643053 0.0595793 0.0543128 0.0486872 0.0428338 0.0368658 0.0309031 0.0250884 0.0195918 0.014602 0.0102986 0.00681309 0.00419106
 0.00999307 0.015993 0.0236112 0.0326037 0.0425343 0.0526617 0.0618973 0.0690448 0.0732445 0.0742892 0.0725817 0.0688445 0.0638299 0.0581572 0.0522542 0.0463579 0.0405578 0.034867 0.0292933 0.0238861 0.0187548 0.0140576 0.00996788 0.00662549 0.00409186
 0.00960207 0.0154048 0.0228218 0.0316603 0.0415481 0.0518109 0.0614135 0.0691633 0.07412 0.0759062 0.0747151 0.0711047 0.0657812 0.0594564 0.052748 0.0461037 0.0397692 0.0338196 0.0282339 0.0229788 0.0180709 0.013596 0.0096866 0.00647044 0.00401459
 0.0094366 0.015117 0.0223564 0.0309611 0.0405806 0.0505962 0.0600587 0.0678684 0.0731455 0.0755054 0.0750526 0.0721875 0.0674341 0.0613591 0.0545321 0.0474695 0.0405727 0.0340891 0.0281203 0.0226731 0.0177327 0.013319 0.0095011 0.00636598 0.0039652
 0.00952881 0.0152422 0.0224966 0.031078 0.0406175 0.0504878 0.0597471 0.0673259 0.0724006 0.074662 0.0742839 0.0716944 0.0673745 0.061779 0.0553342 0.048443 0.0414735 0.0347319 0.0284357 0.0227056 0.0175919 0.0131189 0.00932026 0.00623751 0.00388918
 0.00945376 0.0151327 0.0223541 0.0309096 0.0404306 0.0502821 0.0595096 0.0670323 0.0720262 0.0741993 0.0737615 0.0711881 0.0669997 0.0616577 0.0555443 0.0489745 0.0422199 0.0355275 0.0291214 0.0231871 0.0178584 0.0132216 0.00933048 0.00621369 0.00386383
 0.0094863 0.0151811 0.0224187 0.0309882 0.0405192 0.0503757 0.0596012 0.0671091 0.0720662 0.0741709 0.0736318 0.07094 0.0666506 0.0612686 0.0552083 0.0487834 0.0422224 0.0357052 0.0293977 0.0234655 0.0180668 0.0133349 0.00936495 0.00620361 0.00383966
 0.00961986 0.0153794 0.022682 0.0313036 0.0408635 0.0507209 0.0599185 0.067372 0.072251 0.0742586 0.0736079 0.0707955 0.0663846 0.0608967 0.0547698 0.0483411 0.0418467 0.0354481 0.0292711 0.0234397 0.01809 0.0133613 0.00937146 0.00618996 0.00381685
 0.00951618 0.0152367 0.0225147 0.0311404 0.0407382 0.0506586 0.0599255 0.067435 0.0723468 0.074365 0.0737105 0.0708855 0.0664542 0.0609361 0.0547718 0.0483081 0.0417965 0.0354087 0.0292675 0.0234801 0.0181618 0.0134401 0.00943585 0.00623039 0.00383571
 0.00945944 0.0151484 0.0223903 0.0309814 0.0405557 0.0504754 0.0597751 0.0673541 0.0723612 0.0744765 0.0738937 0.071098 0.0666532 0.0610914 0.0548696 0.0483492 0.0417926 0.0353793 0.0292351 0.0234627 0.0181666 0.0134623 0.00946404 0.00625424 0.0038506
 0.00947947 0.0151666 0.0223914 0.0309431 0.0404551 0.0503006 0.0595344 0.0670789 0.0720995 0.0742792 0.0737994 0.0711207 0.0667788 0.0612839 0.0550847 0.0485486 0.0419534 0.0354957 0.0293146 0.0235191 0.0182122 0.0135035 0.00950112 0.00628436 0.00387169
 0.0094592 0.0151438 0.022375 0.0309445 0.0404823 0.0503489 0.0595826 0.0670949 0.0720552 0.0741674 0.0736407 0.0709568 0.0666547 0.0612293 0.0551039 0.0486235 0.0420545 0.0355958 0.0293973 0.0235802 0.0182559 0.013536 0.00952668 0.00630445 0.00388633
 0.00929297 0.0148985 0.0220528 0.0305659 0.0400823 0.0499697 0.0592653 0.0668715 0.0719413 0.0741577 0.0737125 0.0710819 0.0668129 0.061415 0.0553208 0.0488732 0.0423282 0.035874 0.0296571 0.0238035 0.0184343 0.0136701 0.00962215 0.00636898 0.00392738
 0.00922439 0.0147936 0.0219077 0.0303831 0.0398714 0.0497486 0.059059 0.0667094 0.0718491 0.0741484 0.0737803 0.0712035 0.0669568 0.0615542 0.0554422 0.0489788 0.042428 0.0359768 0.0297638 0.0239079 0.0185277 0.0137461 0.00967879 0.00640799 0.00395232
 0.00916567 0.0146919 0.0217441 0.0301377 0.0395313 0.0493169 0.0585641 0.0662043 0.0714012 0.0738217 0.0736185 0.0712206 0.0671364 0.0618562 0.0558159 0.0493765 0.0428146 0.0363324 0.0300793 0.0241794 0.0187525 0.0139229 0.00980928 0.00649748 0.00400898
 0.00933465 0.0149566 0.0221218 0.0306328 0.040128 0.0499729 0.0592078 0.0667442 0.0717497 0.0739239 0.0734709 0.0708685 0.0666539 0.0613208 0.0552895 0.0488972 0.0424001 0.0359867 0.0298006 0.0239634 0.0185929 0.0138115 0.00973612 0.00645245 0.00398307
 0.00906838 0.0146158 0.0217783 0.0304081 0.0401575 0.0503493 0.0599337 0.0677219 0.0728124 0.0748888 0.0741883 0.0712527 0.066692 0.0610631 0.0548256 0.0483274 0.0418109 0.0354386 0.0293275 0.0235785 0.0182963 0.013595 0.00958739 0.00635678 0.00392584
 0.00850408 0.0137879 0.0207031 0.0291718 0.0389083 0.0492735 0.0592238 0.0675372 0.0732306 0.0758657 0.0755528 0.0727527 0.0680739 0.0621445 0.0555305 0.0486774 0.0418886 0.0353464 0.0291559 0.0233916 0.0181306 0.0134657 0.00949576 0.0062973 0.00389038
#obs surv len freq
 nan nan nan nan nan nan nan nan nan nan nan nan nan nan nan nan nan nan nan nan nan nan nan nan nan
 0.00448659 0.00734893 0.01118 0.0159974 0.0216989 0.0279748 0.034289 0.0400198 0.0446984 0.0481608 0.0505171 0.0520112 0.0529018 0.0534128 0.0537259 0.0539799 0.0542578 0.0545501 0.0546886 0.0542804 0.0527185 0.049351 0.0438013 0.0362822 0.0276668
 0.00461474 0.00755986 0.0115019 0.016457 0.022315 0.0287478 0.0351911 0.0409923 0.0456601 0.0490244 0.0512057 0.0524697 0.0531023 0.0533543 0.0534303 0.0534841 0.0536052 0.0537832 0.0538463 0.0533998 0.0518383 0.0485142 0.0430526 0.0356593 0.0271907
 0.00477804 0.00782678 0.0119064 0.0170317 0.0230854 0.029722 0.0363483 0.0422781 0.0469904 0.0502983 0.0523205 0.0533341 0.0536464 0.0535376 0.0532447 0.0529518 0.0527718 0.0527085 0.052597 0.0520461 0.0504558 0.0471835 0.0418538 0.0346585 0.0264244
 0.00497004 0.00814008 0.0123801 0.0177033 0.0239834 0.0308554 0.0376949 0.0437795 0.0485593 0.0518329 0.0537177 0.0544977 0.0544914 0.0539957 0.0532707 0.0525307 0.0519208 0.0514763 0.051059 0.0502998 0.0486166 0.0453786 0.0402087 0.0332758 0.0253617
 0.00518706 0.00849626 0.0129224 0.0184773 0.0250246 0.032175 0.0392651 0.0455293 0.0503845 0.053616 0.0553461 0.0558731 0.0555311 0.0546307 0.0534464 0.05221 0.0510914 0.0501586 0.0493131 0.0482291 0.046365 0.0431188 0.0381178 0.0315014 0.0239898
 0.00540935 0.00885988 0.0134741 0.0192629 0.0260808 0.0335169 0.0408719 0.047338 0.0522967 0.0555152 0.0571149 0.0574043 0.0567332 0.0554285 0.0537795 0.0520316 0.0503713 0.0488927 0.0475372 0.0460331 0.043899 0.0405825 0.0357288 0.0294485 0.0223892
 0.00564604 0.00924827 0.0140653 0.0201068 0.0272165 0.0349576 0.0425898 0.0492589 0.0543118 0.0575014 0.0589546 0.058995 0.057989 0.0562782 0.0541639 0.0519019 0.0496905 0.0476427 0.0457351 0.0437518 0.0412824 0.0378412 0.033107 0.0271687 0.0205958
 0.00588343 0.00963849 0.0146607 0.0209591 0.0283673 0.0364224 0.0443422 0.0512242 0.0563771 0.0595374 0.0608365 0.0606154 0.0592619 0.0571374 0.0545581 0.051789 0.0490353 0.0464226 0.0439554 0.0414702 0.0386301 0.0350254 0.0303813 0.0247736 0.0186956
 0.00614075 0.0100571 0.0152915 0.0218497 0.029554 0.0379159 0.0461132 0.0531975 0.0584408 0.0615636 0.0627011 0.0622107 0.060502 0.0579577 0.0549122 0.0516426 0.0483618 0.0452037 0.0421947 0.039216 0.0360009 0.0322174 0.0276436 0.0223507 0.0167605
 0.0063747 0.0104422 0.0158796 0.022692 0.0306901 0.0393582 0.0478303 0.05511 0.0604337 0.0635095 0.0644813 0.0637261 0.0616749 0.0587295 0.0552399 0.0514946 0.0477144 0.0440423 0.0405236 0.0370788 0.0335042 0.0295415 0.0250223 0.0200185 0.014888
 0.00660716 0.0108246 0.0164635 0.023528 0.031818 0.040791 0.0495374 0.0570114 0.0624109 0.0654283 0.0662151 0.0651707 0.0627539 0.0593935 0.0554602 0.0512555 0.0470065 0.0428618 0.0388804 0.0350158 0.0311192 0.0269986 0.0225357 0.0178051 0.0131078
 0.00683604 0.0111983 0.0170289 0.0243299 0.0328905 0.0421439 0.0511422 0.0587952 0.0642658 0.0672307 0.0678452 0.0665262 0.0637565 0.0599907 0.0556236 0.0509751 0.0462832 0.0417039 0.037308 0.0330749 0.0289012 0.0246513 0.0202498 0.0157742 0.0114748
 0.00706335 0.0115719 0.0175984 0.0251428 0.033982 0.0435199 0.0527643 0.0605765 0.0660851 0.0689577 0.0693631 0.0677439 0.0646107 0.0604432 0.055657 0.0505882 0.045486 0.0405147 0.0357564 0.0312122 0.0268157 0.0224764 0.0181534 0.0139241 0.00999319
 0.00725511 0.0118902 0.0180895 0.0258538 0.0349505 0.044759 0.0542459 0.0622258 0.0677906 0.070592 0.070806 0.0688972 0.065406 0.0608426 0.0556488 0.0501798 0.0446968 0.039372 0.0342971 0.0294914 0.0249181 0.0205222 0.0162882 0.0122899 0.00869133
 0.00742523 0.0121676 0.0185087 0.0264481 0.0357465 0.045767 0.0554496 0.0635762 0.0692099 0.0719857 0.0720753 0.0699515 0.0661708 0.0612665 0.0557056 0.0498667 0.0440292 0.0383788 0.0330193 0.0279864 0.023267 0.0188328 0.0146862 0.0108945 0.00758481
 0.00754051 0.012353 0.0187842 0.026832 0.0362532 0.0464034 0.0562102 0.0644407 0.0701442 0.0729452 0.0730089 0.0708027 0.0668802 0.0617754 0.0559636 0.049838 0.0436975 0.0377488 0.0321174 0.0268616 0.0219928 0.017506 0.0134162 0.00978289 0.00670144
 0.00759882 0.012449 0.0189311 0.027043 0.0365395 0.0467709 0.056656 0.0649529 0.0707043 0.0735331 0.0736047 0.0713844 0.0674199 0.0622363 0.0563006 0.0500036 0.0436505 0.0374639 0.0315923 0.0261226 0.0210958 0.0165322 0.0124603 0.00893365 0.00602046
 0.0076624 0.0125424 0.0190537 0.027189 0.0367013 0.046944 0.0568424 0.06516 0.0709415 0.0738067 0.073915 0.0717249 0.0677767 0.0625877 0.0566159 0.0502435 0.0437712 0.0374251 0.0313687 0.0257136 0.0205318 0.0158727 0.0117824 0.00831343 0.00551372
 0.00772594 0.0126416 0.0191948 0.0273733 0.0369237 0.047191 0.0570926 0.0653884 0.0711279 0.0739447 0.0740149 0.0718082 0.0678653 0.0626937 0.056736 0.0503583 0.0438487 0.0374272 0.0312612 0.0254777 0.0201739 0.0154271 0.011304 0.0078624 0.00513751
 0.0077602 0.0126945 0.0192691 0.0274701 0.0370416 0.047327 0.0572407 0.0655393 0.0712695 0.0740649 0.0741054 0.0718689 0.0679054 0.0627279 0.0567772 0.0504102 0.0439006 0.0374553 0.0312352 0.0253724 0.0199801 0.0151586 0.0109951 0.00755686 0.00487389
 0.00781342 0.0127742 0.0193764 0.0276012 0.0371892 0.0474814 0.0573919 0.0656775 0.0713862 0.0741536 0.0741626 0.0718942 0.0679018 0.0627022 0.0567394 0.0503703 0.0438636 0.0374168 0.0311812 0.0252845 0.0198453 0.0149775 0.0107846 0.00734438 0.00468673
 0.00785386 0.0128338 0.0194545 0.027693 0.0372864 0.0475747 0.0574726 0.0657391 0.0714258 0.0741726 0.074166 0.0718887 0.0678932 0.0626936 0.0567318 0.0503633 0.0438565 0.0374066 0.0311612 0.0252446 0.0197761 0.0148764 0.0106593 0.00721142 0.00456486
 0.00785811 0.0128425 0.0194707 0.0277198 0.0373258 0.0476251 0.057528 0.06579 0.0714626 0.0741898 0.0741647 0.0718757 0.0678775 0.0626831 0.0567305 0.0503713 0.0438703 0.0374208 0.031169 0.0252384 0.0197493 0.0148263 0.0105897 0.00713228 0.00448875
 0.00787383 0.0128613 0.0194869 0.0277248 0.0373114 0.0475881 0.0574735 0.0657303 0.0714116 0.0741573 0.0741534 0.0718824 0.0678971 0.062712 0.0567671 0.0504147 0.0439185 0.0374697 0.0312125 0.0252697 0.0197624 0.0148185 0.010563 0.00709338 0.00444663
 0.0078903 0.0128865 0.0195212 0.0277665 0.0373558 0.047627 0.0574963 0.0657268 0.0713772 0.0740965 0.0740792 0.0718116 0.0678436 0.0626824 0.056761 0.0504276 0.0439446 0.0375031 0.0312471 0.0252993 0.0197815 0.0148235 0.0105542 0.00707426 0.00442309
 0.00789461 0.0128899 0.0195198 0.0277548 0.0373285 0.0475817 0.057435 0.0656556 0.0713039 0.0740276 0.0740195 0.0717654 0.0678159 0.0626783 0.0567834 0.050475 0.0440114 0.0375806 0.031326 0.025371 0.0198395 0.014864 0.0105766 0.00708161 0.00442046
 0.00788276 0.0128719 0.0194949 0.0277227 0.0372888 0.0475335 0.0573769 0.0655874 0.071228 0.07395 0.0739492 0.0717115 0.0677854 0.0626748 0.0568074 0.0505245 0.0440818 0.0376652 0.0314163 0.0254579 0.0199148 0.0149225 0.0106165 0.00710457 0.00443068
 0.00786526 0.0128399 0.0194406 0.0276376 0.0371666 0.0473748 0.0571923 0.0653963 0.0710536 0.0738125 0.0738607 0.0716761 0.0678009 0.0627356 0.0569059 0.0506519 0.0442286 0.0378214 0.0315715 0.0256024 0.0200402 0.0150229 0.01069 0.00715317 0.00445919
 0.00785972 0.0128285 0.0194188 0.0275991 0.0371043 0.0472824 0.0570672 0.0652419 0.0708807 0.0736388 0.0737078 0.0715641 0.0677436 0.0627376 0.056963 0.050754 0.0443627 0.0379738 0.0317293 0.0257535 0.0201747 0.0151339 0.0107742 0.0072113 0.00449545
 0.00785576 0.0128182 0.0193961 0.0275561 0.037033 0.047178 0.0569303 0.0650799 0.0707057 0.0734656 0.0735518 0.0714403 0.0676655 0.0627147 0.0569989 0.0508447 0.0444975 0.0381377 0.0319056 0.0259267 0.0203317 0.0152654 0.0108758 0.00728326 0.0045418
 0.00782228 0.012768 0.0193284 0.0274722 0.0369355 0.0470687 0.0568101 0.0649495 0.0705682 0.0733277 0.073424 0.0713353 0.0675957 0.0626898 0.0570243 0.0509208 0.044619 0.0382939 0.0320817 0.0261062 0.0204993 0.0154093 0.0109893 0.00736519 0.00459568
 0.00779667 0.0127234 0.019256 0.0273633 0.0367844 0.0468779 0.0565928 0.0647281 0.0703679 0.0731683 0.0733153 0.0712779 0.0675857 0.0627232 0.0570986 0.0510339 0.0447672 0.0384703 0.0322753 0.026303 0.0206845 0.0155703 0.011118 0.00745941 0.00465853
 0.00775854 0.0126613 0.0191624 0.027231 0.0366083 0.0466569 0.0563334 0.0644465 0.0700888 0.0729214 0.0731287 0.0711717 0.0675674 0.0627877 0.0572321 0.0512194 0.0449883 0.0387125 0.0325252 0.026547 0.020909 0.0157634 0.0112721 0.00757259 0.00473447
 0.00774364 0.0126336 0.0191145 0.0271537 0.0364929 0.0464986 0.0561344 0.0642168 0.0698452 0.0726843 0.0729196 0.0710112 0.0674726 0.0627695 0.0572919 0.0513492 0.045173 0.0389334 0.0327632 0.0267845 0.0211303 0.0159559 0.0114274 0.00768798 0.00481283
 0.00932419 0.0148455 0.0217825 0.0298939 0.0388242 0.04802 0.0566664 0.0638282 0.068772 0.0712098 0.0712871 0.0693903 0.0659657 0.0614317 0.0561486 0.0504061 0.0444226 0.0383588 0.0323415 0.0264899 0.0209365 0.0158375 0.0113617 0.00765577 0.00479953
 0.00930105 0.0151033 0.0226913 0.0319133 0.0423032 0.0529273 0.0624183 0.0693839 0.0730027 0.0733436 0.0711631 0.067402 0.0627886 0.0577339 0.0524257 0.0469525 0.0413794 0.0357745 0.0302161 0.0247981 0.019639 0.0148853 0.0106984 0.00722123 0.00453422
 0.00897203 0.0145834 0.0219586 0.0310148 0.0414093 0.0523696 0.062651 0.0708214 0.0757713 0.0770966 0.0751226 0.0706544 0.0646658 0.0580457 0.05143 0.0451422 0.0392492 0.0336861 0.0283734 0.023284 0.0184632 0.0140192 0.0100954 0.00682687 0.00429397
 0.0087833 0.0142695 0.0214739 0.0303154 0.0404702 0.051216 0.0613991 0.0697068 0.0751312 0.0772777 0.0763262 0.0727892 0.0673135 0.0605959 0.0533275 0.0460987 0.0393021 0.033099 0.0274744 0.0223412 0.0176376 0.0133761 0.0096376 0.00652619 0.00411149
 0.00873362 0.014178 0.0213154 0.0300575 0.040078 0.0506621 0.0606775 0.0688498 0.0742262 0.076478 0.0758405 0.0728298 0.0680045 0.061882 0.0549505 0.0476807 0.0404997 0.0337366 0.0275791 0.0220793 0.0172105 0.0129415 0.00928183 0.00627437 0.00395279
 0.00867825 0.0140895 0.0211845 0.0298749 0.0398339 0.0503464 0.0602815 0.0683705 0.0736729 0.0758824 0.0752682 0.0723855 0.067819 0.0620705 0.0555517 0.0486115 0.041564 0.0346979 0.0282583 0.0224172 0.017263 0.0128238 0.00910584 0.00611297 0.00383571
 0.00869442 0.0141093 0.0212022 0.0298805 0.0398149 0.0502907 0.0601796 0.0682153 0.0734589 0.0756068 0.0749358 0.0720195 0.0674697 0.0618159 0.0554777 0.0487747 0.0419543 0.0352272 0.0287923 0.0228333 0.0175001 0.0128939 0.009067 0.00603053 0.00375539
 0.00870118 0.0141237 0.0212294 0.0299261 0.0398815 0.0503736 0.0602641 0.0682783 0.0734749 0.0755555 0.0748076 0.0718179 0.0672132 0.0615396 0.055233 0.0486203 0.041935 0.0353507 0.029018 0.0230878 0.0177105 0.0130191 0.00910745 0.00601456 0.00371691
 0.00864327 0.0140397 0.0211223 0.029806 0.0397638 0.0502754 0.0601999 0.0682563 0.0734941 0.0756038 0.0748643 0.0718589 0.0672197 0.0615052 0.055169 0.0485541 0.0419024 0.0353811 0.0291189 0.0232387 0.0178718 0.0131517 0.00919035 0.0060495 0.00371993
 0.00864161 0.0140268 0.0210848 0.0297271 0.0396302 0.0500866 0.0599748 0.0680313 0.0733117 0.0754966 0.0748439 0.0719138 0.0673219 0.0616225 0.0552756 0.0486394 0.0419722 0.035452 0.0292073 0.0233493 0.0179943 0.0132662 0.00927888 0.00610479 0.00374623
 0.00863636 0.0140222 0.0210841 0.0297337 0.0396438 0.0500994 0.0599709 0.0679922 0.0732267 0.0753723 0.0747049 0.0717929 0.0672453 0.0615992 0.0552968 0.0486864 0.0420283 0.0355094 0.0292672 0.0234158 0.0180672 0.013339 0.00934186 0.00615062 0.0037736
 0.00865294 0.0140454 0.0211126 0.0297642 0.0396731 0.0501257 0.0599942 0.068012 0.0732384 0.075367 0.0746725 0.0717298 0.0671594 0.0615082 0.0552201 0.0486366 0.0420072 0.0355116 0.0292855 0.023445 0.0181039 0.013379 0.00937975 0.00618136 0.0037946
 0.00863121 0.014016 0.0210789 0.0297329 0.0396512 0.0501176 0.0599995 0.0680259 0.0732549 0.0753811 0.0746812 0.0717307 0.0671503 0.0614886 0.0551936 0.0486107 0.0419905 0.0355095 0.0292988 0.0234706 0.0181368 0.0134142 0.00941272 0.00620849 0.00381412
 0.00862139 0.0139994 0.0210532 0.0296963 0.0396044 0.0500649 0.0599496 0.0679896 0.0732411 0.0753923 0.0747122 0.0717713 0.0671895 0.0615183 0.0552105 0.0486161 0.0419892 0.035508 0.0293025 0.0234823 0.0181557 0.0134374 0.00943618 0.00622894 0.00382962
 0.0086067 0.0139753 0.0210165 0.0296441 0.0395349 0.0499787 0.0598512 0.0678885 0.0731502 0.0753258 0.0746811 0.0717802 0.0672347 0.061589 0.0552929 0.0486978 0.0420624 0.03557 0.0293547 0.0235275 0.0181961 0.0134735 0.00946714 0.00625362 0.00384752
 0.0086067 0.0139753 0.0210165 0.0296441 0.0395349 0.0499787 0.0598512 0.0678885 0.0731502 0.0753258 0.0746811 0.0717802 0.0672347 0.061589 0.0552929 0.0486978 0.0420624 0.03557 0.0293547 0.0235275 0.0181961 0.0134735 0.00946714 0.00625362 0.00384752
 0.00884247 0.014346 0.0215491 0.0303503 0.0404027 0.050964 0.0608711 0.068828 0.0738861 0.0757598 0.0747669 0.0715305 0.0667094 0.0608742 0.0544784 0.0478618 0.0412638 0.0348481 0.0287326 0.0230156 0.0177953 0.0131766 0.00926057 0.00611958 0.00376698
 0.00900053 0.0146228 0.0220006 0.031036 0.0413662 0.0522041 0.0623173 0.0703387 0.075276 0.0768465 0.0754137 0.0716719 0.0663563 0.0601021 0.0534058 0.0466237 0.0399866 0.0336333 0.0276497 0.0221038 0.0170686 0.0126293 0.00887314 0.00586351 0.0036101
 0.00906918 0.0147413 0.0221931 0.0313329 0.041802 0.0528102 0.0631104 0.0713055 0.0763615 0.0779499 0.0764003 0.0724001 0.0667137 0.0600355 0.0529332 0.0458249 0.0389795 0.0325449 0.026592 0.021159 0.0162846 0.0120226 0.00843544 0.00557018 0.00342846
#pred catch len freq
 0.00523731 0.00819833 0.0117834 0.0158337 0.020246 0.0249709 0.0299348 0.0349831 0.0399043 0.0444911 0.048582 0.0520717 0.0549116 0.0570984 0.0586481 0.0595659 0.0598308 0.0593907 0.058151 0.0559478 0.052537 0.0476623 0.0412318 0.0335249 0.0252629
 0.00545186 0.00845931 0.0120182 0.015932 0.0201036 0.0245514 0.0293094 0.0343136 0.0393686 0.0441954 0.0485113 0.0521082 0.0549037 0.0569414 0.0583373 0.0592028 0.059579 0.0594016 0.0584893 0.0565558 0.0532577 0.0483114 0.0416779 0.0337339 0.0252854
 0.0058516 0.00906002 0.012825 0.0169022 0.0211406 0.0255098 0.0300161 0.0346145 0.0391928 0.043602 0.0476752 0.0512388 0.0541444 0.0563188 0.0577906 0.0586649 0.0590461 0.0589441 0.0582027 0.0564899 0.0533768 0.0485106 0.0418425 0.033796 0.0252441
 0.00617927 0.00957893 0.0135801 0.0179252 0.0224417 0.0270628 0.0317375 0.0363483 0.0407205 0.0446885 0.0481427 0.0510354 0.0533652 0.0551589 0.0564564 0.0573013 0.0577252 0.0577028 0.0570814 0.0555348 0.0526125 0.0479201 0.0413774 0.0334092 0.0249137
 0.00653839 0.0101303 0.014352 0.0189295 0.0236817 0.0285409 0.0334515 0.0382714 0.042772 0.0467121 0.0499107 0.0522919 0.0539013 0.0548869 0.0554401 0.0557238 0.0558145 0.0556638 0.0550669 0.0536504 0.0509287 0.0464778 0.0401902 0.0324697 0.0242035
 0.00695025 0.0107604 0.0152282 0.0200546 0.0250402 0.0301085 0.0352001 0.040167 0.0447696 0.0487452 0.0518764 0.0540365 0.0552237 0.0555747 0.0553338 0.0547779 0.0541205 0.0534207 0.0525202 0.0510342 0.048434 0.0442439 0.0383057 0.030976 0.0230978
 0.00736112 0.0113946 0.0161205 0.0212176 0.026467 0.0317765 0.0370704 0.0421814 0.046852 0.0508086 0.0538297 0.0557831 0.0566518 0.0565482 0.0557001 0.0544017 0.0529348 0.0514695 0.0499651 0.0481215 0.0454399 0.0414217 0.0358493 0.0290001 0.0216338
 0.00784635 0.0121351 0.0171463 0.0225291 0.0280422 0.0335825 0.0390666 0.0443137 0.0490454 0.0529672 0.0558441 0.0575425 0.0580524 0.0574942 0.056097 0.0541532 0.0519581 0.049731 0.0475219 0.0451425 0.0421885 0.0382037 0.032946 0.0266098 0.0198409
 0.00837498 0.0129421 0.0182644 0.0239568 0.0297507 0.0355268 0.0411896 0.0465439 0.0512958 0.0551388 0.0578334 0.0592475 0.0593783 0.0583562 0.0564206 0.0538716 0.0510122 0.0480833 0.0451884 0.0422287 0.038906 0.0348465 0.0298266 0.0239807 0.0178361
 0.00881562 0.0136273 0.0192382 0.0252414 0.0313466 0.0374119 0.0433142 0.0488259 0.0536235 0.0573847 0.0598703 0.060962 0.0606775 0.0591692 0.0566945 0.0535643 0.050088 0.0465184 0.0429919 0.0394755 0.0357644 0.0315748 0.0267262 0.0213189 0.0157746
 0.00917967 0.0141897 0.0200318 0.0262823 0.0326388 0.0389524 0.0450901 0.0508031 0.0557352 0.0595272 0.0619105 0.0627555 0.0620917 0.0601017 0.0570791 0.0533653 0.0492891 0.0451173 0.0410089 0.036978 0.0328943 0.0285548 0.0238284 0.0187978 0.0137974
 0.00944387 0.0146001 0.0206148 0.0270525 0.0336007 0.040103 0.0464175 0.0522836 0.0573309 0.0611842 0.0635577 0.0643027 0.0634327 0.0611244 0.0576816 0.0534696 0.0488473 0.0441119 0.0394561 0.0349395 0.030494 0.0259851 0.0213265 0.0165927 0.0120472
 0.00977028 0.0151002 0.0213113 0.0279485 0.0346833 0.041349 0.0477946 0.0537476 0.0588246 0.0626415 0.0649102 0.0654858 0.0643872 0.0617949 0.0580139 0.0534113 0.0483529 0.043153 0.0380337 0.0330993 0.0283405 0.0236841 0.0190844 0.0146106 0.0104671
 0.010081 0.0155793 0.0219842 0.0288226 0.0357493 0.0425827 0.0491562 0.0551797 0.0602544 0.0639895 0.0661006 0.0664552 0.065089 0.0621991 0.0581027 0.0531712 0.0477699 0.0422139 0.0367374 0.0314756 0.0264674 0.0216944 0.0171486 0.0128978 0.00909843
 0.010446 0.0161333 0.0227452 0.0297836 0.0368844 0.0438562 0.0505264 0.0565949 0.0616488 0.0652839 0.067211 0.0673056 0.0656238 0.0623906 0.0579501 0.0526916 0.0469869 0.041149 0.0354125 0.0299247 0.0247544 0.0199225 0.0154515 0.0114091 0.00791399
 0.0107419 0.0165873 0.0233784 0.0305983 0.037866 0.044977 0.0517454 0.0578579 0.0628899 0.0664321 0.0681972 0.0680676 0.0661113 0.0625697 0.0578073 0.0522353 0.046242 0.04015 0.0341984 0.0285417 0.023265 0.0184126 0.0140255 0.0101695 0.0069328
 0.0110201 0.0170055 0.0239455 0.0313025 0.0386823 0.045877 0.0527035 0.0588475 0.0638764 0.0673687 0.0690269 0.068731 0.0665558 0.0627577 0.0577199 0.0518719 0.0456185 0.0392958 0.0331533 0.027356 0.0220014 0.0171481 0.0128458 0.00915403 0.00613464
 0.0111518 0.0172122 0.0242427 0.0316995 0.0391807 0.0464693 0.0533708 0.0595603 0.0645995 0.0680666 0.0696669 0.0692819 0.0669845 0.0630295 0.0578032 0.0517445 0.0452731 0.0387417 0.0324166 0.0264787 0.0210407 0.0161732 0.0119312 0.00836567 0.0055153
 0.0111431 0.0172093 0.0242596 0.0317578 0.0393063 0.0466858 0.0536925 0.0599864 0.0651123 0.0686335 0.0702457 0.0698278 0.0674569 0.0633948 0.0580344 0.0518201 0.0451778 0.0384703 0.0319785 0.0259008 0.0203681 0.0154653 0.0112524 0.00777337 0.00504695
 0.0111384 0.0171985 0.0242385 0.031723 0.0392595 0.0466386 0.0536692 0.0600205 0.0652364 0.0688669 0.0705847 0.0702449 0.0679075 0.0638277 0.0584014 0.0520825 0.0453077 0.0384521 0.03181 0.0255961 0.0199587 0.0149982 0.0107822 0.0073505 0.00470623
 0.0111526 0.0172171 0.0242578 0.0317361 0.0392575 0.0466134 0.0536171 0.0599471 0.0651595 0.0688155 0.0705933 0.0703409 0.0680995 0.0640994 0.0587143 0.0523862 0.0455531 0.0386002 0.0318385 0.0255019 0.0197587 0.0147259 0.0104816 0.00706495 0.00446811
 0.0112309 0.0173311 0.0244045 0.0319036 0.039427 0.0467643 0.0537307 0.0600091 0.0651624 0.0687613 0.0704964 0.070228 0.0680041 0.0640509 0.0587271 0.0524531 0.0456465 0.0386822 0.031873 0.0254659 0.019648 0.0145558 0.0102807 0.00686594 0.00429747
 0.0113861 0.0175539 0.0246852 0.0322143 0.0397297 0.0470233 0.0539226 0.0601247 0.0652018 0.0687291 0.0703994 0.070077 0.0678166 0.0638518 0.058544 0.0523078 0.045547 0.038619 0.0318239 0.0254056 0.0195593 0.0144359 0.010141 0.00672575 0.00417524
 0.0114959 0.0177112 0.0248823 0.0324296 0.039932 0.0471806 0.0540104 0.0601311 0.0651295 0.0685947 0.0702286 0.0698983 0.0676536 0.0637197 0.0584498 0.0522535 0.0455304 0.0386328 0.0318537 0.0254329 0.0195668 0.0144147 0.0100934 0.00666295 0.00411157
 0.0115845 0.017844 0.0250605 0.0326456 0.04017 0.0474182 0.0542206 0.0602855 0.0652036 0.0685746 0.070117 0.0697148 0.0674296 0.0634893 0.0582422 0.0520869 0.0454119 0.0385594 0.0318154 0.0254152 0.0195544 0.014396 0.0100637 0.00662495 0.00407208
 0.0115501 0.0178063 0.0250372 0.0326636 0.0402573 0.0475912 0.0544734 0.0605874 0.0655068 0.0688278 0.0702788 0.0697629 0.0673646 0.063333 0.0580298 0.0518576 0.0451984 0.0383824 0.0316818 0.0253207 0.0194887 0.0143473 0.0100233 0.00658896 0.00404062
