SBPRF35
7.78865
Curr Bio
608697
B35
665805
F35
0.227555
FOFL
0.223911
OFL
110031
Bzero
2.22533e+006
#pred survey bio
 3.66805e+006 3.22688e+006 2.86622e+006 2.54844e+006 2.24977e+006 1.96647e+006 1.6914e+006 1.48027e+006 1.30099e+006 1.12765e+006 1.00131e+006 905947 813619 745635 709945 671821 641865 623353 608288 592478 574464 565686 576474 582751 588498 578806 568188 560863 554163 554208 538748 521170 509524 504176 516713 512952 522253 524986 527844 539511 537529 543167 550548 554076 569938 576831 580598 565479 579310 606688 2.28683e+007 1.40173e+007 1.43335e+007 1.47782e+007 1.52801e+007 1.57586e+007 1.61722e+007 1.65085e+007 1.67712e+007 1.69711e+007 1.71207e+007 1.72318e+007 1.73138e+007 1.73745e+007 1.74193e+007 1.74527e+007 1.74776e+007 1.74962e+007 1.75103e+007 1.75209e+007 1.7529e+007 1.75351e+007 1.75398e+007 1.75434e+007 1.75462e+007 1.75483e+007 1.75499e+007 1.75512e+007 1.75521e+007 1.75529e+007 1.75535e+007 1.75539e+007 1.75543e+007 1.75545e+007 1.75547e+007 1.75549e+007 1.7555e+007 1.75551e+007 1.75552e+007 1.75552e+007 1.75553e+007 1.75553e+007 1.75553e+007 1.75554e+007 1.75554e+007 1.75554e+007 1.75554e+007 1.75554e+007 1.75554e+007 1.75554e+007 1.75554e+007 1.75554e+007 1.75554e+007 1.75554e+007 1.75554e+007 1.75554e+007 1.75554e+007 1.75554e+007 1.75554e+007 1.75554e+007 1.75554e+007 1.75554e+007 1.75554e+007 1.75554e+007 1.75554e+007 1.75554e+007 1.75554e+007 1.75554e+007 1.75554e+007 1.75554e+007 1.75554e+007 1.75554e+007 1.75554e+007 1.75554e+007 1.75554e+007 1.75554e+007 1.75554e+007 1.75554e+007 1.75554e+007 1.75554e+007 1.75554e+007 1.75554e+007 1.75554e+007 1.75554e+007 1.75554e+007 1.75554e+007 1.75554e+007 1.75554e+007 1.75554e+007 1.75554e+007 1.75554e+007 1.75554e+007 1.75554e+007 1.75554e+007 1.75554e+007 1.75554e+007 1.75554e+007 1.75554e+007 1.75554e+007 1.75554e+007 0 0 0 0 0 0 0 0 0 0 0 0 0 0 0 0 0 0 0 0 0 0 0 0 0
#obs survey bio
 3.50034e+006 1.9856e+006 2.80854e+006 2.2867e+006 2.39676e+006 1.45097e+006 1.48346e+006 1.52226e+006 1.28904e+006 657332 882450 691523 620693 596074 914632 475018 469366 639866 524716 579714 514115 669209 363628 689434 733705 669720 469889 435083 515440 520122 639565 523600 426711 366895 693727 526684 668854 574755 722594 490581 534089 503054 550339 555936 512288 699196 497906 580086 495436 718173
#pred catch bio
 309486 276038 275115 292187 308459 325850 287440 271634 273133 235986 211886 209419 186030 155238 153796 143700 131195 125088 122262 120749 110542 93000.5 95553.8 93425.6 103347 101335 96735.5 94976.7 88015.8 98542.3 96432.4 90195.3 88912.7 80074.5 97150.7 86212.5 90885.9 89795.9 82403.7 94209.9 87950.9 87173.8 91285.4 82716.2 92809.4 97390 115269 94959.2 90125.9 79290.7 110031 113504 115046 117448 120585 123672 126294 128343 129857 130932 131674 132174 132505 132721 132860 132950 133007 133043 133065 133079 133088 133094 133097 133099 133101 133102 133102 133102 133103 133103 133103 133103 133103 133103 133103 133103 133103 133103 133103 133103 133103 133103 133103 133103 133103 133103 133103 133103 133103 133103 133103 133103 133103 133103 133103 133103 133103 133103 133103 133103 133103 133103 133103 133103 133103 133103 133103 133103 133103 133103 133103 133103 133103 133103 133103 133103 133103 133103 133103 133103 133103 133103 133103 133103 133103 133103 133103 133103 133103 133103 133103 133103 133103 133103 133103 133103 133103 133103 133103 133103 0 0 0 0 0 0 0 0 0 0 0 0 0 0 0 0 0 0 0 0 0 0 0 0 0
#obs catch bio
 245197 277200 275948 294088 311651 331964 292158 277810 279115 240468 216278 214976 190628 158252 155370 145974 133875 126662 123807 121793 111649 93814.4 96744.5 93562.9 102954 100979 96837.4 95249.3 88349.8 99158.1 96489 89952.8 88983.5 80312.4 97542.1 86254.8 90473.3 89184.8 81746.2 93863.7 87588.4 86796.1 90972.2 82080.1 92629.2 96901.6 115095 94834.4 90546.8 79168.4
#pred cpue bio
 3.59909e+006 3.16034e+006 2.80132e+006 2.48464e+006 2.18756e+006 1.90619e+006 1.63362e+006 1.42458e+006 1.24782e+006 1.07757e+006 953181 859298 769131 703296 669313 632935 604072 586555 572688 558052 541065 532784 543549 550353 556855 548106 538032 531013 524622 525004 510783 494474 482601 475291 485811 482204 491901 495182 498155 509414 507406 512774 519868 523115 538038 544238 547480 532032 543972 569284 2.151e+007 1.3213e+007 1.34974e+007 1.38877e+007 1.43683e+007 1.48417e+007 1.52544e+007 1.55905e+007 1.58532e+007 1.60531e+007 1.62027e+007 1.63138e+007 1.63959e+007 1.64565e+007 1.65014e+007 1.65347e+007 1.65596e+007 1.65782e+007 1.65923e+007 1.66029e+007 1.6611e+007 1.66171e+007 1.66218e+007 1.66254e+007 1.66282e+007 1.66303e+007 1.66319e+007 1.66332e+007 1.66342e+007 1.66349e+007 1.66355e+007 1.66359e+007 1.66363e+007 1.66365e+007 1.66367e+007 1.66369e+007 1.6637e+007 1.66371e+007 1.66372e+007 1.66372e+007 1.66373e+007 1.66373e+007 1.66373e+007 1.66374e+007 1.66374e+007 1.66374e+007 1.66374e+007 1.66374e+007 1.66374e+007 1.66374e+007 1.66374e+007 1.66374e+007 1.66374e+007 1.66374e+007 1.66374e+007 1.66374e+007 1.66374e+007 1.66374e+007 1.66374e+007 1.66374e+007 1.66374e+007 1.66374e+007 1.66374e+007 1.66374e+007 1.66374e+007 1.66374e+007 1.66374e+007 1.66374e+007 1.66374e+007 1.66374e+007 1.66374e+007 1.66374e+007 1.66374e+007 1.66374e+007 1.66374e+007 1.66374e+007 1.66374e+007 1.66374e+007 1.66374e+007 1.66374e+007 1.66374e+007 1.66374e+007 1.66374e+007 1.66374e+007 1.66374e+007 1.66374e+007 1.66374e+007 1.66374e+007 1.66374e+007 1.66374e+007 1.66374e+007 1.66374e+007 1.66374e+007 1.66374e+007 1.66374e+007 1.66374e+007 1.66374e+007 1.66374e+007 1.66374e+007 1.66374e+007 0 0 0 0 0 0 0 0 0 0 0 0 0 0 0 0 0 0 0 0 0 0 0 0 0
#obs cpue bio
 2.96402e+006 2.35962e+006 3.64424e+006 1.96292e+006 1.41005e+006 1.45e+006 1.52278e+006 735170 1.2978e+006 1.43951e+006 699423 705750 733559 667670 811532 504576 439179 720509 548118 654256 462685 324591 646921 903464 777160 461829 452625 606156 421775 553461 596430 598090 488008 414839 480693 450647 663404 592426 392015 525886 499902 603101 574222 672766 450400 534964 635479 409783 424736 668383
#pred surv len freq
 0.00516485 0.00831559 0.0123891 0.0173369 0.023045 0.029268 0.0355812 0.0414552 0.0464346 0.0502794 0.0529773 0.0546644 0.0555411 0.0558156 0.055665 0.0552116 0.0545199 0.0536018 0.0523977 0.0507272 0.0482525 0.0445428 0.0392853 0.0325591 0.024969
 0.00562609 0.00900679 0.0133261 0.0185116 0.0244484 0.0309158 0.0375147 0.0437031 0.0489484 0.0528854 0.0553839 0.0565361 0.0566067 0.0559549 0.0549345 0.0538034 0.0526806 0.051546 0.0502523 0.0485268 0.0459859 0.0422237 0.0370008 0.0304614 0.0232165
 0.0059189 0.00950166 0.0141027 0.0196477 0.0259953 0.0328662 0.0397839 0.0461453 0.0514073 0.0552401 0.0575519 0.0584287 0.0580837 0.0568296 0.0550375 0.0530619 0.0511565 0.0494098 0.0477132 0.0457685 0.0431461 0.0394174 0.0343549 0.0281209 0.0213103
 0.0062231 0.00997826 0.0147902 0.0205796 0.0272057 0.034391 0.0416487 0.0483381 0.0538516 0.0577883 0.0600094 0.0606002 0.0598088 0.0579874 0.0555292 0.0528047 0.0501071 0.0476004 0.0452658 0.0428737 0.0400249 0.0362918 0.0314335 0.0255843 0.0192843
 0.00651072 0.0104458 0.0154935 0.0215698 0.0285193 0.0360362 0.0435926 0.0505077 0.0561485 0.0601064 0.0622406 0.0626274 0.0615014 0.0592099 0.0561584 0.0527442 0.049297 0.0460293 0.0429904 0.0400321 0.0368319 0.0330113 0.0283363 0.0229 0.0171594
 0.0068024 0.0109162 0.0161954 0.0225531 0.0298253 0.0376862 0.0455721 0.052753 0.0585466 0.0625099 0.0644926 0.0645858 0.0630526 0.0602689 0.0566578 0.0526246 0.0485077 0.0445433 0.0408286 0.0372895 0.0336908 0.0297288 0.025201 0.0201691 0.0149991
 0.00714767 0.0114687 0.0170113 0.0236807 0.0312986 0.039514 0.0477233 0.0551474 0.0610583 0.0649834 0.0667632 0.0664993 0.064483 0.0611299 0.0569037 0.0522395 0.0474903 0.0429014 0.0385913 0.0345345 0.0305707 0.0264739 0.0220864 0.017451 0.0128484
 0.00731471 0.0117562 0.0174744 0.0243826 0.0322999 0.0408536 0.0493987 0.0571038 0.063194 0.0671656 0.0688463 0.0683403 0.0659538 0.062128 0.0573584 0.0521125 0.0467706 0.0416001 0.0367435 0.0322142 0.0279099 0.0236702 0.01938 0.0150721 0.0109563
 0.00756706 0.0121429 0.0180145 0.0250846 0.0331684 0.0418977 0.050631 0.058529 0.0647903 0.0688704 0.0705553 0.0699224 0.0672757 0.0630756 0.0578496 0.0520983 0.0462313 0.0405409 0.0351965 0.0302475 0.025641 0.0212702 0.0170557 0.0130226 0.00932153
 0.00800667 0.0128247 0.0189784 0.0263426 0.0347011 0.0436508 0.0525142 0.0604229 0.0665678 0.0704249 0.071817 0.0708549 0.067859 0.0632929 0.0576836 0.0515356 0.0452687 0.0391892 0.0334865 0.0282388 0.023433 0.0190061 0.0149066 0.0111521 0.00784191
 0.00827617 0.013266 0.0196475 0.0272911 0.0359626 0.0452211 0.0543313 0.0623627 0.0684638 0.0721054 0.0731434 0.0717449 0.0682912 0.0632919 0.0572964 0.0508097 0.0442398 0.0378829 0.0319298 0.0264762 0.0215405 0.0170949 0.013111 0.0096 0.00661981
 0.00835802 0.013416 0.019906 0.0277099 0.0365976 0.0461173 0.0555042 0.0637823 0.0700477 0.0737238 0.074638 0.0729595 0.0691054 0.0636457 0.0571937 0.050301 0.0433956 0.0367717 0.0306107 0.0250057 0.0199865 0.0155454 0.0116686 0.00836114 0.00564862
 0.00844387 0.0135628 0.0201415 0.0280677 0.0371135 0.0468227 0.0564148 0.0648888 0.071308 0.0750611 0.0759445 0.0741084 0.0699719 0.0641321 0.0572501 0.049933 0.0426558 0.0357406 0.0293761 0.023652 0.0185941 0.0141957 0.0104425 0.00732803 0.00485021
 0.00847247 0.0136094 0.0202127 0.0281725 0.0372655 0.0470411 0.0567243 0.0653145 0.0718678 0.075755 0.0767457 0.0749599 0.07079 0.0648188 0.0577121 0.0501022 0.0425042 0.0352846 0.0286688 0.0227694 0.017622 0.0132202 0.00954233 0.006565 0.00425964
 0.00858662 0.0137529 0.0203516 0.0282512 0.0372247 0.0468456 0.0563866 0.0648999 0.071478 0.0754994 0.0767119 0.075191 0.0712736 0.0654873 0.0584565 0.0507968 0.0430358 0.035577 0.0286961 0.0225546 0.0172254 0.0127215 0.00902319 0.00609352 0.00387943
 0.00873612 0.0139941 0.0207077 0.0287337 0.03782 0.0475016 0.0570086 0.0653689 0.0716927 0.0754217 0.0763886 0.0747367 0.0708237 0.0651484 0.0582751 0.0507541 0.0430657 0.0355957 0.0286326 0.0223722 0.0169286 0.0123485 0.00862895 0.005731 0.00358507
 0.00866664 0.0139119 0.0206416 0.0287309 0.0379355 0.0477779 0.0574547 0.065947 0.0723187 0.0759825 0.0767743 0.074879 0.0707227 0.0648721 0.0579274 0.0504305 0.0428172 0.0354204 0.0284917 0.0222189 0.0167333 0.01211 0.0083703 0.00548513 0.00337981
 0.00861655 0.0138173 0.0204776 0.0284733 0.0375755 0.0473409 0.0570103 0.0655983 0.0721669 0.0760837 0.0771117 0.0753678 0.0712458 0.065326 0.0582574 0.0506371 0.042937 0.0354942 0.0285408 0.0222417 0.0167173 0.0120488 0.00827221 0.00537047 0.00327113
 0.00857332 0.0137497 0.0203795 0.0283373 0.037391 0.0470936 0.0566886 0.0652064 0.0717399 0.0756926 0.0768475 0.0753069 0.0714137 0.0656833 0.0587181 0.0511068 0.0433477 0.0358169 0.0287763 0.0224019 0.016813 0.0120887 0.00826709 0.0053358 0.00322452
 0.00864669 0.0138475 0.0204871 0.0284279 0.0374327 0.0470607 0.0565698 0.0650055 0.0714715 0.0753785 0.0765191 0.0750085 0.0711988 0.0655986 0.0587817 0.0512977 0.0436137 0.0360975 0.0290244 0.0225928 0.0169416 0.0121613 0.00829543 0.00533409 0.00320696
 0.00874593 0.0140029 0.0207084 0.0287162 0.0377756 0.0474275 0.0569111 0.0652603 0.0715846 0.0753195 0.0762935 0.0746551 0.0707778 0.065177 0.0584198 0.0510367 0.0434671 0.0360499 0.0290416 0.0226372 0.0169843 0.0121875 0.00830238 0.00532633 0.0031917
 0.00873578 0.0139903 0.0206971 0.0287128 0.0377887 0.0474655 0.0569782 0.0653523 0.0716862 0.0754049 0.0763334 0.074628 0.0706802 0.0650269 0.0582519 0.0508899 0.043372 0.0360197 0.0290694 0.0227017 0.01706 0.0122536 0.0083485 0.00535162 0.00320127
 0.00844355 0.0135508 0.0201024 0.0279808 0.0369601 0.0465974 0.0561388 0.0646182 0.0711337 0.0750964 0.076301 0.0748641 0.0711394 0.0656396 0.0589431 0.0515969 0.0440522 0.0366483 0.0296321 0.0231876 0.0174597 0.0125624 0.00856921 0.00549586 0.00328655
 0.00826791 0.0132634 0.0196679 0.02737 0.0361609 0.0456304 0.0550697 0.0635547 0.0702037 0.0744155 0.0759458 0.0748611 0.0714677 0.0662412 0.0597362 0.0524912 0.0449641 0.0375125 0.0304053 0.0238458 0.0179931 0.0129714 0.00886311 0.00569156 0.00340601
 0.00824354 0.0132032 0.0195386 0.0271255 0.0357516 0.045019 0.05425 0.0625649 0.0691289 0.0733775 0.0750812 0.0742911 0.0712691 0.0664292 0.0602652 0.0532719 0.0458874 0.0384728 0.0313162 0.0246477 0.0186539 0.013482 0.00923183 0.00593888 0.00355885
 0.00833794 0.0133514 0.0197497 0.0273984 0.036068 0.0453363 0.0544989 0.0626597 0.0689927 0.0729738 0.0744365 0.0734958 0.0704551 0.0657332 0.0597921 0.0530708 0.0459476 0.0387367 0.031703 0.0250769 0.0190612 0.0138267 0.00949642 0.00612409 0.00367706
 0.00840735 0.013461 0.0199087 0.0276133 0.0363412 0.045663 0.0548614 0.0630215 0.0692965 0.0731487 0.0744154 0.0732409 0.0699796 0.0651073 0.0591267 0.0524838 0.0455281 0.0385228 0.0316802 0.0251935 0.0192519 0.0140331 0.00967884 0.00626358 0.00377146
 0.00841426 0.0134751 0.0199354 0.0276599 0.0364158 0.0457725 0.0550089 0.0632041 0.0695031 0.0733571 0.0745914 0.0733407 0.069961 0.0649469 0.058836 0.0521134 0.0451541 0.0382204 0.0314972 0.0251385 0.0192986 0.0141378 0.00979882 0.00636934 0.00384972
 0.00830101 0.0133153 0.0197399 0.0274549 0.036236 0.0456503 0.0549656 0.0632466 0.0696255 0.0735446 0.0748218 0.0735846 0.0701828 0.0651089 0.0589088 0.0520875 0.0450477 0.0380755 0.0313645 0.025057 0.0192828 0.0141769 0.00986794 0.0064429 0.00391079
 0.00795724 0.0128035 0.0190586 0.026637 0.0353438 0.0447643 0.0541736 0.0626336 0.0692614 0.073469 0.0750336 0.0740434 0.0708193 0.0658407 0.0596539 0.0527768 0.0456354 0.0385452 0.0317269 0.0253387 0.0195112 0.0143693 0.0100291 0.00657074 0.00400358
 0.00796203 0.0127759 0.0189538 0.0263966 0.0349177 0.0441416 0.0534051 0.0618288 0.0685558 0.0729792 0.0748243 0.0741185 0.0711349 0.0663256 0.0602287 0.0533681 0.0461846 0.0390146 0.0321021 0.0256254 0.019727 0.0145336 0.0101558 0.00666714 0.0040732
 0.00883248 0.0140093 0.020471 0.0280029 0.0363493 0.0451462 0.0538155 0.0615983 0.0677555 0.0717726 0.0734272 0.0727493 0.0699646 0.0654458 0.0596498 0.0530415 0.0460353 0.0389686 0.0321027 0.025639 0.0197402 0.014545 0.0101682 0.00668159 0.00408829
 0.00967588 0.0153294 0.0223524 0.0304624 0.039301 0.048367 0.056934 0.0641456 0.0692905 0.0720325 0.0724207 0.0707389 0.0673586 0.062664 0.0570225 0.0507663 0.0441844 0.0375258 0.0310075 0.0248214 0.0191398 0.0141158 0.00987444 0.00649284 0.00397633
 0.00949271 0.0151779 0.0223945 0.0309386 0.0404657 0.0503821 0.0597683 0.0675322 0.0727665 0.075046 0.0744691 0.0715015 0.0667799 0.0609553 0.0545768 0.0480262 0.0415228 0.0351823 0.0290868 0.0233301 0.0180313 0.013325 0.00933552 0.00614549 0.00376718
 0.00891526 0.0143029 0.0212072 0.0294962 0.0389174 0.048979 0.0588444 0.0674343 0.0737299 0.077065 0.0772431 0.0745045 0.0694307 0.0628052 0.0554318 0.0479603 0.0407975 0.0341225 0.0279736 0.0223446 0.0172529 0.0127603 0.00895372 0.0059036 0.00362399
 0.00871078 0.0139652 0.0206907 0.0287604 0.0379433 0.0477949 0.0575544 0.0662316 0.072876 0.0768283 0.0778076 0.0758801 0.0714102 0.0650061 0.0574172 0.0493874 0.0415195 0.0342008 0.0276073 0.021769 0.0166586 0.0122591 0.00858483 0.00565963 0.00347698
 0.00862296 0.0138002 0.0204008 0.0282852 0.0372225 0.0467902 0.0562753 0.0647549 0.0713527 0.0754731 0.0768678 0.0755806 0.0718807 0.0662163 0.0591585 0.0513252 0.0433021 0.0355736 0.0284765 0.0221902 0.0167711 0.0122112 0.00848606 0.00556875 0.00341362
 0.0087063 0.0139173 0.0205403 0.0284189 0.0373038 0.0467579 0.0560616 0.0643012 0.0706328 0.0745196 0.0757879 0.0745494 0.0711056 0.0658785 0.0593487 0.0520014 0.044295 0.0366463 0.0294112 0.0228587 0.0171552 0.0123724 0.00851421 0.00554058 0.00337542
 0.00878993 0.0140455 0.0207181 0.028643 0.0375603 0.0470193 0.0562842 0.0644265 0.0705966 0.0742686 0.0753022 0.0738617 0.0703098 0.0651182 0.0587815 0.0517473 0.0443899 0.037026 0.0299386 0.0233822 0.0175659 0.0126308 0.00863977 0.00558008 0.00337403
 0.00872979 0.0139582 0.0206062 0.0285158 0.0374318 0.0469032 0.0561902 0.0643567 0.0705432 0.0742132 0.0752183 0.0737225 0.0701029 0.0648606 0.0585261 0.051572 0.0443682 0.0371918 0.0302661 0.0237951 0.0179714 0.0129582 0.00886094 0.00570512 0.00343232
 0.00877117 0.0140247 0.0207048 0.0286529 0.0376115 0.0471256 0.0564484 0.0646338 0.0708115 0.0744365 0.0753563 0.0737389 0.0699746 0.0645869 0.058136 0.0511238 0.0439393 0.0368563 0.0300697 0.0237392 0.0180178 0.013051 0.00895224 0.00576989 0.00346733
 0.0087688 0.0140159 0.0206829 0.0286097 0.0375413 0.04703 0.0563402 0.064536 0.0707508 0.0744332 0.0754156 0.0738468 0.0701004 0.0646925 0.0581889 0.0511104 0.0438716 0.0367683 0.0300022 0.0237214 0.0180547 0.0131251 0.00903619 0.00584112 0.00351588
 0.00880734 0.0140678 0.0207408 0.0286593 0.037564 0.0470089 0.0562655 0.0644098 0.0705887 0.0742627 0.0752701 0.0737558 0.0700789 0.0647347 0.0582705 0.0511992 0.0439413 0.0368093 0.030023 0.02374 0.018086 0.0131728 0.00909253 0.00589415 0.00355674
 0.00900813 0.0143616 0.0211218 0.0290993 0.0380186 0.0474277 0.056602 0.064627 0.0706629 0.0741879 0.0750614 0.0734484 0.0697202 0.0643723 0.05794 0.0509178 0.0437092 0.0366179 0.0298646 0.0236129 0.0179927 0.0131143 0.00906438 0.00588693 0.00355999
 0.00893594 0.0142742 0.0210442 0.0290701 0.0380747 0.0475839 0.0568362 0.0648837 0.0708752 0.074305 0.0750657 0.0733556 0.0695666 0.0641991 0.0577816 0.0507955 0.0436298 0.0365761 0.0298491 0.0236124 0.0180002 0.0131266 0.00907989 0.00590361 0.00357527
 0.00896053 0.0143073 0.0210832 0.0291129 0.0381263 0.0476621 0.0569708 0.065103 0.0711841 0.0746683 0.0754122 0.0736034 0.0696575 0.0641205 0.0575658 0.0504998 0.0433133 0.0362833 0.0296041 0.0234223 0.0178616 0.0130316 0.00901954 0.00586883 0.00355764
 0.00919447 0.0146458 0.0215146 0.0295988 0.0386111 0.0480911 0.0573057 0.06533 0.0713129 0.0747239 0.0754199 0.0735739 0.0695796 0.0639687 0.0573188 0.0501592 0.0429075 0.0358574 0.0292035 0.0230793 0.0175912 0.012834 0.00888531 0.00578444 0.00350887
 0.00968888 0.0154041 0.0225685 0.0309403 0.0401874 0.0498022 0.0590051 0.0668379 0.0724508 0.0753604 0.0755057 0.0731465 0.068739 0.0628401 0.0560224 0.0487947 0.0415549 0.0345823 0.0280602 0.0221082 0.0168135 0.0122493 0.00847465 0.00551623 0.00334691
 0.00961841 0.0153386 0.0225601 0.0310667 0.0405302 0.0504119 0.0598712 0.06788 0.0735365 0.0763401 0.0762485 0.0735663 0.0688074 0.0625844 0.0555097 0.0481098 0.0407804 0.0337885 0.0273033 0.021431 0.0162456 0.0118051 0.00815212 0.00530012 0.00321394
 0.0090845 0.01456 0.0215576 0.0299261 0.0393897 0.0494345 0.0592139 0.0676658 0.0738255 0.077106 0.0773735 0.0748681 0.0700884 0.0636827 0.05633 0.0486275 0.0410258 0.0338226 0.0271961 0.0212477 0.016039 0.0116127 0.00799553 0.00518661 0.00314016
#obs surv len freq
 0.00496997 0.00814153 0.0123851 0.0177143 0.0240025 0.0308827 0.0377275 0.0438119 0.0485851 0.0518467 0.0537172 0.054484 0.0544683 0.0539679 0.0532431 0.0525064 0.0519017 0.0514626 0.0510501 0.0502945 0.0486138 0.0453774 0.0402083 0.0332758 0.0253618
 0.00517476 0.00847665 0.0128938 0.018439 0.0249774 0.0321221 0.0392125 0.0454843 0.0503536 0.053602 0.0553473 0.0558843 0.0555465 0.0546465 0.0534616 0.052226 0.0511104 0.0501825 0.0493426 0.0482633 0.046402 0.0431559 0.0381521 0.0315305 0.0240123
 0.00541153 0.00886298 0.0134779 0.0192666 0.0260834 0.033517 0.0408684 0.0473302 0.0522858 0.0555035 0.0571053 0.0573991 0.0567323 0.0554298 0.0537803 0.0520302 0.050368 0.0488891 0.0475357 0.046035 0.0439046 0.0405908 0.0357382 0.0294575 0.0223967
 0.00565604 0.00926312 0.014085 0.0201303 0.0272421 0.0349829 0.0426124 0.0492762 0.0543216 0.0575026 0.0589474 0.0589814 0.0579719 0.0562604 0.054147 0.051886 0.0496749 0.0476272 0.0457202 0.0437388 0.0412724 0.0378345 0.0331033 0.0271671 0.0205954
 0.00589168 0.00965212 0.0146815 0.0209885 0.0284059 0.0364689 0.044393 0.0512735 0.0564183 0.0595653 0.0608482 0.060611 0.0592439 0.0571097 0.0545248 0.0517536 0.0490002 0.0463887 0.0439234 0.0414406 0.0386037 0.0350031 0.0303635 0.0247605 0.0186865
 0.00615597 0.0100823 0.0153301 0.0219051 0.0296284 0.0380092 0.0462212 0.053312 0.0585504 0.0616562 0.0627663 0.0622423 0.0604983 0.0579219 0.0548508 0.051564 0.0482736 0.0451125 0.0421049 0.0391305 0.0359221 0.0321475 0.0275845 0.0223039 0.0167261
 0.00638676 0.0104639 0.0159163 0.0227497 0.0307743 0.0394712 0.0479692 0.0552658 0.0605927 0.0636562 0.0646009 0.063807 0.06171 0.0587169 0.0551831 0.0514016 0.0475956 0.0439088 0.0403849 0.0369428 0.0333768 0.0294275 0.0249255 0.0199414 0.0148311
 0.006627 0.0108551 0.0165062 0.0235838 0.0318875 0.040875 0.0496368 0.0571261 0.062538 0.0655609 0.0663422 0.0652789 0.0628302 0.059428 0.0554482 0.0511981 0.04691 0.0427364 0.0387379 0.0348677 0.0309757 0.026868 0.022424 0.0177161 0.0130422
 0.00684137 0.0112106 0.017054 0.024375 0.0329619 0.0422436 0.0512658 0.0589322 0.0644034 0.0673579 0.0679551 0.0666151 0.0638211 0.0600265 0.0556252 0.0509385 0.0462082 0.0415948 0.0371735 0.0329265 0.0287513 0.024511 0.0201282 0.0156766 0.0114027
 0.00705867 0.0115628 0.0175822 0.0251174 0.0339474 0.0434809 0.0527309 0.0605622 0.0661017 0.06901 0.069447 0.0678482 0.0647213 0.0605471 0.0557435 0.0506485 0.0455141 0.0405082 0.0357173 0.0311473 0.0267353 0.0223917 0.0180746 0.0138582 0.00994352
 0.00727316 0.0119165 0.0181231 0.0258915 0.0349872 0.0447887 0.0542637 0.0622295 0.0677825 0.0705793 0.0707987 0.0689044 0.0654312 0.0608827 0.0556953 0.0502215 0.0447236 0.0393766 0.0342765 0.0294474 0.0248569 0.0204528 0.0162202 0.0122311 0.00864592
 0.00743454 0.0121828 0.0185315 0.0264797 0.0357867 0.0458131 0.0554958 0.0636147 0.0692329 0.0719889 0.0720602 0.0699255 0.0661445 0.0612493 0.0557024 0.0498757 0.0440436 0.0383891 0.0330175 0.0279685 0.0232336 0.0187891 0.0146393 0.0108512 0.00755002
 0.00753145 0.0123422 0.0187753 0.0268307 0.0362658 0.0464341 0.056259 0.0645023 0.0702093 0.0730029 0.0730497 0.0708213 0.0668767 0.0617557 0.0559365 0.0498118 0.0436767 0.0377329 0.0321022 0.0268421 0.0219662 0.0174728 0.0133801 0.00974885 0.00667329
 0.00760858 0.0124592 0.0189365 0.0270362 0.0365141 0.0467261 0.0565995 0.0648993 0.0706695 0.0735272 0.0736279 0.071428 0.0674708 0.0622828 0.0563364 0.0500279 0.0436663 0.0374746 0.0315994 0.0261255 0.0210928 0.0165228 0.012446 0.00891733 0.00600526
 0.00765827 0.0125392 0.019055 0.0271991 0.0367227 0.0469744 0.0568732 0.0651795 0.0709407 0.0737851 0.0738815 0.0716932 0.0677577 0.0625848 0.0566251 0.0502575 0.043784 0.0374337 0.0313726 0.0257133 0.0205277 0.015865 0.011772 0.00830185 0.00550284
 0.00770664 0.0126086 0.0191424 0.0272969 0.0368216 0.0470683 0.0569623 0.0652688 0.0710369 0.0738926 0.0740025 0.0718296 0.0679136 0.0627634 0.0568224 0.0504558 0.0439495 0.0375232 0.0313457 0.0255471 0.0202271 0.015465 0.0113287 0.00787667 0.00514455
 0.00778282 0.0127276 0.0193118 0.0275183 0.0370885 0.0473636 0.057258 0.0655306 0.0712332 0.0740062 0.0740353 0.0718001 0.067848 0.0626874 0.0567548 0.0504046 0.043909 0.0374736 0.0312585 0.0253957 0.0199999 0.0151729 0.0110038 0.00756098 0.00487495
 0.00781398 0.0127777 0.0193863 0.0276217 0.0372234 0.0475289 0.0574469 0.0657289 0.0714212 0.0741619 0.0741408 0.0718468 0.0678393 0.0626375 0.0566836 0.0503301 0.0438408 0.0374097 0.0311856 0.0252956 0.0198584 0.0149892 0.0107931 0.00734949 0.00468909
 0.00784079 0.0128163 0.0194353 0.0276771 0.0372807 0.0475854 0.0575035 0.0657898 0.0714905 0.0742405 0.0742238 0.0719241 0.0678991 0.062671 0.0566886 0.0503115 0.0438071 0.0373673 0.0311347 0.02523 0.0197701 0.0148752 0.0106601 0.00721231 0.00456522
 0.00787724 0.01287 0.0195056 0.0277593 0.0373667 0.0476656 0.0575687 0.0658335 0.071511 0.0742423 0.0742161 0.0719169 0.0678984 0.0626761 0.0566938 0.0503097 0.043794 0.0373418 0.0310973 0.0251802 0.0197063 0.0147967 0.0105706 0.00712044 0.00448164
 0.0078776 0.0128692 0.0195016 0.0277494 0.0373477 0.0476353 0.0575266 0.0657816 0.0714544 0.0741883 0.0741739 0.0718958 0.0679056 0.062714 0.0567582 0.0503908 0.0438789 0.0374183 0.0311564 0.0252166 0.019718 0.014785 0.0105401 0.00707886 0.00443806
 0.00790728 0.012911 0.0195526 0.0278026 0.0373938 0.0476652 0.0575344 0.0657654 0.071416 0.0741325 0.074108 0.0718289 0.0678477 0.0626739 0.0567419 0.050399 0.0439071 0.0374577 0.0311964 0.0252479 0.0197345 0.0147849 0.0105255 0.00705492 0.00441122
 0.00790246 0.0129073 0.0195543 0.0278152 0.0374216 0.0477075 0.0575834 0.0658078 0.0714378 0.0741255 0.0740726 0.0717735 0.0677848 0.0626162 0.0566992 0.050377 0.0439068 0.0374754 0.0312248 0.0252781 0.0197586 0.0147979 0.0105267 0.00704692 0.00439841
 0.00788367 0.0128718 0.0194924 0.0277167 0.0372802 0.0475273 0.0573824 0.065615 0.071284 0.0740316 0.0740439 0.0718014 0.0678542 0.0627129 0.056813 0.0505018 0.0440381 0.0376083 0.0313532 0.0253946 0.0198563 0.0148723 0.0105769 0.00707601 0.00441192
 0.0078759 0.0128565 0.019464 0.0276677 0.037202 0.0474126 0.0572285 0.0654277 0.0710794 0.0738355 0.0738857 0.071706 0.0678336 0.0627638 0.0569206 0.0506465 0.0442015 0.037776 0.0315144 0.0255409 0.0199809 0.0149709 0.0106483 0.0071225 0.00443869
 0.007842 0.0128014 0.0193814 0.0275519 0.0370495 0.0472239 0.05701 0.0651924 0.0708449 0.0736217 0.0737124 0.0715918 0.0677934 0.0628053 0.0570409 0.0508315 0.0444292 0.038022 0.0317565 0.0257621 0.02017 0.0151217 0.0107599 0.00719841 0.00448564
 0.00785346 0.0128133 0.0193869 0.0275402 0.0370085 0.0471444 0.0568896 0.0650363 0.070665 0.0734333 0.0735323 0.071436 0.0676774 0.0627422 0.0570397 0.0508944 0.0445496 0.0381848 0.0319416 0.0259485 0.0203402 0.015264 0.0108689 0.0072749 0.00453446
 0.00782674 0.0127738 0.0193344 0.0274762 0.0369345 0.04706 0.0567918 0.0649214 0.070532 0.0732873 0.073385 0.0713036 0.0675762 0.0626856 0.057036 0.0509464 0.0446544 0.0383333 0.032119 0.0261361 0.0205192 0.0154193 0.0109918 0.00736344 0.00459241
 0.00780945 0.0127431 0.0192838 0.0273991 0.0368266 0.0469231 0.0566355 0.0647615 0.0703853 0.0731653 0.0732915 0.0712373 0.0675353 0.0626714 0.0570531 0.0509999 0.0447468 0.0384621 0.0322756 0.0263072 0.0206885 0.0155716 0.0111164 0.0074559 0.00465452
 0.00779499 0.0127178 0.0192421 0.0273346 0.0367333 0.0467973 0.0564788 0.0645826 0.0701998 0.0729928 0.0731512 0.0711431 0.0674928 0.0626783 0.0571026 0.051085 0.0448618 0.0386025 0.0324354 0.026477 0.0208561 0.0157241 0.0112433 0.007552 0.00472042
 0.00772368 0.0126072 0.019086 0.0271308 0.0364849 0.0465129 0.0561734 0.0642774 0.0699199 0.0727632 0.0729926 0.071069 0.0675079 0.0627783 0.0572749 0.0513114 0.0451226 0.0388796 0.0327137 0.0267435 0.0210991 0.0159334 0.0114117 0.00767716 0.00480553
 0.00929276 0.0147957 0.0217106 0.0297987 0.0387086 0.0478933 0.0565444 0.0637315 0.0687196 0.0712127 0.0713436 0.0694877 0.0660852 0.0615539 0.0562581 0.0504937 0.0444856 0.0383997 0.032366 0.0265041 0.0209452 0.0158435 0.011366 0.0076587 0.00480122
 0.00930258 0.0151004 0.0226769 0.0318779 0.0422373 0.0528261 0.0622856 0.0692336 0.0728562 0.0732247 0.0710919 0.0673894 0.062834 0.0578258 0.0525454 0.0470802 0.0414985 0.0358751 0.0302946 0.024856 0.0196802 0.0149138 0.0107178 0.00723388 0.00454199
 0.00896053 0.0145663 0.0219357 0.0309859 0.0413734 0.0523241 0.062591 0.0707425 0.075673 0.0769855 0.0750135 0.0705667 0.0646176 0.0580476 0.0514816 0.0452326 0.0393615 0.0338025 0.0284799 0.0233726 0.0185315 0.0140688 0.0101294 0.00684893 0.00430744
 0.00878812 0.0142732 0.0214718 0.0303011 0.0404376 0.0511625 0.0613274 0.0696242 0.0750463 0.077197 0.0762532 0.0727266 0.0672658 0.0605706 0.0533321 0.0461371 0.0393712 0.033189 0.027572 0.0224338 0.0177164 0.0134372 0.00968133 0.00655514 0.00412926
 0.00872262 0.014161 0.0212914 0.0300255 0.040037 0.0506106 0.060614 0.0687744 0.0741421 0.0763925 0.0757631 0.0727698 0.067968 0.0618717 0.0549663 0.0477217 0.0405637 0.0338192 0.027673 0.0221747 0.0172979 0.0130142 0.00933673 0.00631224 0.00397669
 0.00867378 0.0140856 0.0211847 0.0298842 0.0398568 0.0503841 0.0603301 0.0684202 0.0737109 0.075897 0.0752525 0.0723403 0.0677519 0.0619937 0.0554784 0.0485527 0.0415268 0.0346848 0.0282675 0.0224429 0.0172975 0.0128594 0.00913671 0.0061363 0.00385131
 0.00869149 0.0141054 0.0211981 0.0298779 0.0398167 0.0503004 0.0602008 0.0682499 0.0735054 0.0756585 0.0749819 0.0720478 0.0674717 0.0617895 0.0554287 0.0487142 0.041895 0.0351797 0.0287624 0.0228218 0.0175035 0.0129063 0.00908242 0.00604464 0.00376603
 0.00866428 0.0140687 0.0211561 0.0298379 0.0397849 0.0502772 0.0601776 0.0682118 0.0734379 0.075554 0.0748425 0.0718831 0.0672967 0.0616266 0.0553105 0.0486808 0.041978 0.0353808 0.029042 0.0231111 0.0177354 0.0130448 0.00913143 0.00603448 0.00373153
 0.00865685 0.0140544 0.0211309 0.029798 0.039729 0.0502091 0.0601071 0.0681513 0.0733959 0.0755296 0.0748247 0.0718566 0.0672504 0.06156 0.0552363 0.0486224 0.0419628 0.0354293 0.0291555 0.0232669 0.0178952 0.0131724 0.00920879 0.00606487 0.00373153
 0.00864732 0.0140392 0.0211086 0.0297669 0.0396876 0.0501562 0.0600428 0.0680786 0.0733216 0.0754634 0.0747756 0.071829 0.0672411 0.0615603 0.055238 0.0486239 0.0419717 0.0354586 0.0292153 0.0233562 0.018 0.0132716 0.00928457 0.0061105 0.00375131
 0.00864348 0.0140322 0.0210968 0.0297483 0.0396605 0.0501197 0.0599976 0.068027 0.0732669 0.0754095 0.074727 0.0717902 0.0672161 0.0615507 0.055242 0.048638 0.0419934 0.0354888 0.0292575 0.0234127 0.0180673 0.0133406 0.0093442 0.00615332 0.00377625
 0.00864061 0.0140288 0.0210937 0.029747 0.0396619 0.0501235 0.0600016 0.0680273 0.0732595 0.0753921 0.0746995 0.0717555 0.0671787 0.0615158 0.0552143 0.0486201 0.0419864 0.035493 0.029273 0.0234393 0.0181031 0.013381 0.00938279 0.00618443 0.00379721
 0.00864065 0.0140288 0.0210938 0.0297474 0.039663 0.0501261 0.0600065 0.0680349 0.0732687 0.0754003 0.074703 0.0717508 0.0671641 0.0614927 0.0551863 0.0485922 0.0419634 0.0354783 0.0292686 0.0234454 0.0181185 0.0134024 0.00940598 0.00620515 0.00381277
 0.00863953 0.0140281 0.0210947 0.0297515 0.039672 0.0501407 0.0600258 0.0680567 0.0732902 0.0754185 0.0747157 0.0717561 0.0671606 0.0614797 0.0551645 0.0485642 0.0419332 0.0354506 0.0292475 0.0234333 0.0181157 0.0134074 0.00941564 0.00621608 0.00382228
 0.00862426 0.014006 0.0210665 0.02972 0.0396413 0.0501152 0.0600094 0.0680519 0.0732978 0.0754373 0.0747423 0.0717862 0.0671897 0.0615039 0.0551812 0.0485725 0.041934 0.0354465 0.0292418 0.0234292 0.0181154 0.0134112 0.00942255 0.0062241 0.00382956
 0.00862426 0.014006 0.0210665 0.02972 0.0396413 0.0501152 0.0600094 0.0680519 0.0732978 0.0754373 0.0747423 0.0717862 0.0671897 0.0615039 0.0551812 0.0485725 0.041934 0.0354465 0.0292418 0.0234292 0.0181154 0.0134112 0.00942255 0.0062241 0.00382956
 0.00880257 0.0142827 0.0214574 0.0302282 0.0402539 0.0507997 0.0607117 0.0686998 0.073814 0.0757583 0.0748343 0.0716504 0.0668578 0.0610269 0.0546172 0.0479767 0.0413519 0.0349113 0.0287749 0.0230419 0.0178104 0.0131844 0.00926434 0.00612136 0.00376789
 0.0087634 0.0142437 0.0214441 0.030279 0.0404088 0.051084 0.0611207 0.0691957 0.0743353 0.0762364 0.0752089 0.0718791 0.0669207 0.0609275 0.0543797 0.0476396 0.0409601 0.0345077 0.0283945 0.022709 0.0175382 0.0129764 0.00911611 0.00602343 0.00370825
 0.00865679 0.0140653 0.0211689 0.0298879 0.0399023 0.0504974 0.0605327 0.0687161 0.0740711 0.0762512 0.0754983 0.0723761 0.0675236 0.0615333 0.0549093 0.0480486 0.0412377 0.0346682 0.0284663 0.0227235 0.0175228 0.0129506 0.00909135 0.00600463 0.00369612
#pred catch len freq
 0.0039179 0.00624932 0.00921736 0.0127976 0.0169894 0.0217862 0.0271041 0.0327457 0.0384297 0.0438493 0.0487217 0.0528271 0.05604 0.0583376 0.0597764 0.0604562 0.0604883 0.0599649 0.0589064 0.0571843 0.0544723 0.05032 0.0443954 0.0367999 0.0282231
 0.00430663 0.00683313 0.0100123 0.0138026 0.0182077 0.0232479 0.0288655 0.0348507 0.0408457 0.0464164 0.051156 0.0547899 0.0572448 0.0586416 0.0592145 0.0592073 0.0587954 0.0580446 0.0568853 0.0550902 0.0522833 0.0480408 0.0421126 0.0346752 0.02643
 0.00458304 0.00728837 0.0107068 0.0147926 0.0195312 0.0249069 0.0308163 0.0370148 0.0431386 0.0487668 0.0534892 0.0569827 0.0590949 0.0598933 0.0596423 0.0587062 0.0574215 0.055981 0.0543614 0.0523073 0.0493891 0.045156 0.0393707 0.0322318 0.0244274
 0.00489074 0.0077671 0.0113913 0.0157118 0.0207161 0.0263958 0.0326449 0.0391891 0.0456035 0.0513938 0.0560949 0.0593701 0.0610864 0.0613361 0.0603953 0.0586444 0.0564708 0.0541627 0.0518068 0.0492298 0.0460373 0.0417784 0.0361999 0.0294689 0.0222142
 0.0051994 0.00825852 0.0121123 0.0167011 0.0220011 0.0279873 0.0345308 0.0413314 0.0479421 0.053848 0.0585588 0.0617044 0.063122 0.0628932 0.0613099 0.0587869 0.0557581 0.0525721 0.0493972 0.0461564 0.0425442 0.0381656 0.0327746 0.026492 0.0198527
 0.00553612 0.00879068 0.0128868 0.0177568 0.0233689 0.0296861 0.0365564 0.0436419 0.0504487 0.0564201 0.061041 0.0639402 0.0649711 0.0642369 0.0620463 0.0588257 0.0550247 0.0510259 0.047058 0.0431323 0.0390448 0.0344867 0.0292479 0.0234129 0.017413
 0.00587204 0.00932195 0.0136605 0.0188118 0.0247353 0.0313819 0.0385774 0.0459488 0.0529587 0.0590062 0.0635422 0.0661795 0.0667815 0.0654843 0.0626402 0.0587138 0.0541803 0.0494415 0.0447587 0.0402044 0.0356632 0.0309168 0.0258063 0.020395 0.0150176
 0.00607759 0.00966076 0.0141805 0.0195645 0.0257707 0.0327378 0.0402644 0.0479381 0.0551776 0.0613419 0.0658512 0.0683017 0.0685573 0.0667734 0.0633359 0.0587492 0.0535253 0.0480978 0.0427614 0.0376371 0.0326795 0.027747 0.0227308 0.0176828 0.0128557
 0.00638947 0.0101369 0.014842 0.0204175 0.0268147 0.0339766 0.0417071 0.0495871 0.0570084 0.0632875 0.0677996 0.0701103 0.0700771 0.067873 0.063916 0.058747 0.052912 0.0468753 0.040965 0.0353458 0.0300309 0.0249421 0.0200122 0.0152845 0.0109421
 0.00680444 0.0107762 0.0157383 0.0215776 0.0282204 0.0355873 0.0434612 0.0514046 0.0588002 0.0649687 0.069297 0.0713597 0.0710163 0.0684395 0.0640531 0.0584125 0.0520852 0.0455603 0.0391942 0.0331892 0.0276069 0.0224205 0.0175963 0.0131687 0.00926139
 0.00708259 0.0112233 0.0164018 0.0224985 0.0294261 0.0370791 0.0451989 0.0532983 0.0607176 0.0667577 0.0708156 0.0725019 0.0717251 0.0687035 0.0638893 0.0578468 0.0511402 0.0442561 0.0375596 0.0312775 0.0255101 0.020273 0.0155598 0.0113971 0.00786039
 0.00724026 0.0114838 0.0168035 0.0230839 0.0302387 0.0381542 0.0465487 0.0548951 0.0624822 0.0685589 0.0724863 0.0738705 0.0726538 0.0691172 0.0637835 0.0572711 0.0501695 0.0429663 0.0360183 0.0295513 0.0236801 0.0184446 0.0138553 0.00993186 0.00671105
 0.00733078 0.0116352 0.0170405 0.0234368 0.0307424 0.0388441 0.0474525 0.0560211 0.0638064 0.0700155 0.0739654 0.0752286 0.0737384 0.0697994 0.063986 0.0569821 0.0494366 0.0418747 0.0346668 0.0280382 0.0221016 0.0168991 0.0124413 0.00873438 0.00578225
 0.00730354 0.011597 0.0169959 0.0233979 0.0307311 0.0388939 0.0476077 0.0563306 0.0643124 0.0707369 0.074883 0.0762779 0.0748131 0.0707681 0.0647182 0.0573768 0.0494439 0.0415021 0.033971 0.0271074 0.0210387 0.015809 0.011421 0.00786115 0.00510184
 0.00742599 0.011758 0.0171681 0.0235332 0.0307753 0.0388104 0.0473981 0.0560422 0.0640284 0.0705556 0.0748922 0.0765304 0.0753091 0.0714481 0.0654731 0.0580735 0.0499577 0.0417475 0.0339182 0.026783 0.0205124 0.0151739 0.0107725 0.0072784 0.00463496
 0.00755938 0.0119704 0.0174768 0.0239437 0.031272 0.0393466 0.0478938 0.0564004 0.0641693 0.0704546 0.0745978 0.0761493 0.0749652 0.0712369 0.0654309 0.0581703 0.0501142 0.0418665 0.0339185 0.0266239 0.0202021 0.0147605 0.010324 0.00686022 0.00429261
 0.00747801 0.0118668 0.017375 0.0238864 0.031312 0.0395296 0.0482394 0.0568863 0.064727 0.0709806 0.0749836 0.0763212 0.074916 0.0710292 0.0651657 0.0579396 0.0499632 0.0417837 0.0338541 0.0265222 0.02003 0.0145196 0.0100451 0.00658602 0.00405926
 0.00741693 0.0117601 0.0172028 0.023632 0.0309731 0.0391333 0.0478497 0.0565951 0.0646239 0.0711148 0.0753377 0.0768137 0.0754327 0.0714683 0.0654739 0.0581211 0.0500595 0.041839 0.0338898 0.026533 0.019999 0.0144378 0.00992164 0.00644462 0.00392647
 0.00737181 0.0116896 0.0171007 0.0234908 0.0307816 0.0388765 0.0475152 0.0561869 0.0641788 0.070708 0.0750657 0.0767578 0.0756198 0.0718555 0.0659681 0.0586204 0.0504913 0.0421738 0.0341302 0.0266928 0.02009 0.0144688 0.009904 0.00639561 0.00386605
 0.00744247 0.0117854 0.0172094 0.0235887 0.0308396 0.0388685 0.0474254 0.0560107 0.0639212 0.0703842 0.0747066 0.076415 0.0753593 0.0717366 0.0660167 0.0588156 0.0507749 0.0424768 0.0343984 0.0268979 0.0202259 0.0145425 0.00992895 0.00638775 0.00384152
 0.00750059 0.0118767 0.01734 0.0237591 0.0310412 0.0390804 0.0476134 0.0561332 0.0639407 0.0702809 0.0744863 0.0761079 0.0750135 0.0714086 0.0657604 0.0586681 0.0507451 0.0425433 0.0345197 0.02703 0.0203365 0.0146166 0.00996638 0.00639714 0.00383443
 0.00741 0.0117422 0.0171617 0.0235472 0.030815 0.0388645 0.0474336 0.0560099 0.0638822 0.0702787 0.074518 0.0761473 0.0750436 0.0714297 0.0657884 0.0587264 0.0508521 0.0427026 0.0347172 0.0272387 0.0205272 0.0147683 0.0100712 0.00645928 0.00386495
 0.00714259 0.0113408 0.0166199 0.0228818 0.0300615 0.0380708 0.0466548 0.0553084 0.0633243 0.0699251 0.0744094 0.0762913 0.0754109 0.0719625 0.0664184 0.0593925 0.0515105 0.0433262 0.0352878 0.0277409 0.0209468 0.0150959 0.010307 0.00661375 0.00395616
 0.00695488 0.01104 0.0161764 0.0222735 0.0292816 0.0371377 0.0456218 0.0542636 0.0623779 0.0691859 0.0739628 0.0761846 0.0756473 0.072502 0.0671867 0.0602966 0.0524583 0.0442418 0.0361187 0.0284559 0.0215312 0.0155471 0.0106328 0.00683146 0.00408929
 0.00695867 0.0110265 0.0161183 0.0221292 0.0290011 0.0366748 0.0449507 0.0533948 0.0613687 0.0681404 0.0730166 0.0754751 0.0752785 0.0725189 0.0675679 0.0609669 0.053312 0.0451681 0.0370218 0.0292666 0.0222086 0.016076 0.0110179 0.00709132 0.00425059
 0.00704035 0.0111533 0.0162958 0.0223536 0.0292531 0.0369141 0.0451145 0.0534062 0.0611579 0.0676739 0.0723193 0.0746353 0.0744296 0.0718041 0.067101 0.0608034 0.0534409 0.0455248 0.0375141 0.0298012 0.022711 0.016499 0.0113416 0.00731747 0.00439472
 0.00709359 0.0112373 0.0164181 0.0225199 0.0294672 0.0371752 0.0454117 0.053711 0.0614192 0.0678218 0.0722823 0.0743681 0.0739399 0.0711621 0.066424 0.0602191 0.0530465 0.0453613 0.0375623 0.03 0.022984 0.0167784 0.011582 0.00749866 0.00451627
 0.00710029 0.0112505 0.0164424 0.0225619 0.0295346 0.0372758 0.0455511 0.0538899 0.0616297 0.0680426 0.0724762 0.0744843 0.0739273 0.0709906 0.066104 0.0598074 0.0526308 0.0450287 0.0373687 0.0299548 0.0230558 0.0169154 0.0117337 0.00763048 0.0046131
 0.00697231 0.0110666 0.0162106 0.0223061 0.0292889 0.037075 0.0454229 0.0538515 0.0616876 0.0681928 0.0727026 0.0747568 0.0742028 0.0712193 0.0662432 0.0598376 0.0525665 0.0449149 0.0372625 0.0299012 0.0230715 0.0169881 0.0118347 0.00773052 0.00469351
 0.006713 0.0106828 0.015704 0.0217048 0.028642 0.036442 0.0448645 0.0534234 0.0614346 0.068142 0.0728565 0.0750926 0.074675 0.0717678 0.066802 0.0603469 0.0529857 0.0452313 0.0374913 0.0300736 0.0232177 0.0171247 0.0119622 0.00784077 0.00477858
 0.00670856 0.0106485 0.0156038 0.0214919 0.0282755 0.0359109 0.0442061 0.0527227 0.0608015 0.0676773 0.0726249 0.0751115 0.0749195 0.072183 0.0673179 0.0608919 0.0534984 0.0456704 0.0378398 0.030337 0.023415 0.0172765 0.0120826 0.00793562 0.00484933
 0.00745109 0.0117005 0.016897 0.0228588 0.0294878 0.0367482 0.0445189 0.0524654 0.0600336 0.0665447 0.0713263 0.0738521 0.0738629 0.0714178 0.0668533 0.060678 0.053457 0.0457228 0.0379251 0.0304194 0.0234812 0.0173272 0.0121233 0.00796991 0.00487777
 0.00824598 0.0129318 0.0186286 0.0250879 0.0321219 0.0395849 0.0472408 0.0546798 0.061369 0.0667708 0.0704352 0.0720548 0.0715094 0.0688863 0.0644559 0.05861 0.0517936 0.0444487 0.036978 0.0297263 0.02298 0.0169726 0.0118826 0.00781675 0.00478827
 0.00810275 0.0128192 0.0186835 0.0255163 0.0331507 0.0413757 0.0498019 0.0578145 0.0646857 0.0697561 0.0725765 0.0729827 0.0711092 0.0673256 0.0621117 0.055932 0.0491723 0.0421398 0.0350943 0.0282746 0.0219102 0.0162155 0.01137 0.00748808 0.00459128
 0.00767876 0.0121828 0.0178337 0.0245126 0.0321293 0.0405561 0.0494689 0.0582551 0.06608 0.0720635 0.0754854 0.0759715 0.0736037 0.0688838 0.062553 0.0553604 0.0478956 0.040536 0.0334896 0.0268785 0.0208116 0.0154165 0.0108267 0.00714173 0.00438507
