SBPRF35
7.78865
Curr Bio
531736
B35
674610
F35
0.212083
FOFL
0.164031
OFL
68601.3
Bzero
2.22533e+06
#pred survey bio
 4.87492e+06 4.61726e+06 4.36095e+06 4.04249e+06 3.70308e+06 3.34435e+06 2.97343e+06 2.62416e+06 2.30844e+06 2.04804e+06 1.79322e+06 1.56744e+06 1.4083e+06 1.23796e+06 1.09016e+06 964840 872100 807228 749664 710572 686992 663648 633441 623611 622677 621495 612585 606288 605825 606026 617883 611288 609764 602629 606914 587851 572719 566893 571616 559810 567085 572186 576085 582457 590815 597102 595859 599874 609882 602025 596642 574137 568633 572987 596736 602588 590157 555738 529702 507417 527366 541569 550656 561020 566796 552626 537477 1.87111e+07 1.10139e+07 1.11204e+07 1.17719e+07 1.27254e+07 1.37387e+07 1.46636e+07 1.54359e+07 1.60452e+07 1.65081e+07 1.68511e+07 1.71013e+07 1.7282e+07 1.74121e+07 1.75056e+07 1.7573e+07 1.76217e+07 1.76572e+07 1.76831e+07 1.77022e+07 1.77164e+07 1.77269e+07 1.77349e+07 1.77408e+07 1.77453e+07 1.77488e+07 1.77514e+07 1.77534e+07 1.77549e+07 1.7756e+07 1.77569e+07 1.77576e+07 1.77581e+07 1.77586e+07 1.77589e+07 1.77591e+07 1.77593e+07 1.77594e+07 1.77596e+07 1.77596e+07 1.77597e+07 1.77598e+07 1.77598e+07 1.77598e+07 1.77599e+07 1.77599e+07 1.77599e+07 1.77599e+07 1.77599e+07 1.77599e+07 1.77599e+07 1.77599e+07 1.77599e+07 1.77599e+07 1.77599e+07 1.77599e+07 1.77599e+07 1.77599e+07 1.77599e+07 1.77599e+07 1.77599e+07 1.77599e+07 1.77599e+07 1.77599e+07 1.77599e+07 1.77599e+07 1.77599e+07 1.77599e+07 1.77599e+07 1.77599e+07 1.77599e+07 1.77599e+07 1.77599e+07 1.77599e+07 1.77599e+07 1.77599e+07 1.77599e+07 1.77599e+07 1.77599e+07 1.77599e+07 1.77599e+07 1.77599e+07 1.77599e+07 1.77599e+07 1.77599e+07 1.77599e+07 1.77599e+07 1.77599e+07 1.77599e+07 1.77599e+07 1.77599e+07 1.77599e+07 1.77599e+07 1.77599e+07 1.77599e+07 1.77599e+07 1.77599e+07 1.77599e+07 1.77599e+07 1.77599e+07 0 0 0 0 0 0 0 0 0 0 0 0 0 0 0 0 0 0 0 0 0 0 0 0 0
#obs survey bio
 3.2008e+06 4.4728e+06 4.288e+06 2.7505e+06 3.93964e+06 2.65786e+06 2.06979e+06 2.40636e+06 1.93906e+06 1.50197e+06 1.68714e+06 952076 1.63642e+06 494635 1.13624e+06 949219 707768 607182 507708 636097 837490 734185 451211 668344 524211 481689 673177 418321 511231 539606 431641 601875 573340 537998 691125 608529 585112 684394 703575 477396 562874 540215 777420 505777 565125 553690 840265 351604 549414 664220 567168 503394 519705 472663 603168 779037 641011 819215 331937 491064 420911 442280 464860 501362 446176 690890 704749
#pred catch bio
 85856.8 87076.9 156452 198432 245178 289644 304482 306367 284718 303198 295838 250486 268758 252759 232891 202359 175572 165582 145743 129004 125809 129125 110712 103148 103201 108738 105416 100230 99660.6 90101.6 104837 97910 98888.4 85071.6 100054 94108.6 88502.3 83701.6 99527.7 83886.7 86171.2 86981.6 84786.2 83608.7 86104.2 92873 89087.1 85261.6 100377 97550.6 111685 97949 90553.7 74566.3 88589.7 101666 117915 109684 106523 72399.6 78574.8 82684.6 81082.8 84468 99994.7 97726 82569.3 68601.3 84823.2 84168.2 87683.9 94274.6 101598 108259 113710 117883 120934 123091 124577 125582 126251 126691 126978 127163 127283 127359 127408 127439 127459 127471 127479 127484 127487 127489 127490 127491 127491 127492 127492 127492 127492 127492 127492 127492 127492 127492 127492 127492 127492 127492 127492 127492 127492 127492 127492 127492 127492 127492 127492 127492 127492 127492 127492 127492 127492 127492 127492 127492 127492 127492 127492 127492 127492 127492 127492 127492 127492 127492 127492 127492 127492 127492 127492 127492 127492 127492 127492 127492 127492 127492 127492 127492 127492 127492 127492 127492 127492 127492 127492 127492 127492 127492 127492 127492 127492 127492 127492 0 0 0 0 0 0 0 0 0 0 0 0 0 0 0 0 0 0 0 0 0 0 0 0 0
#obs catch bio
 0 86774.2 157155 199596 247316 292825 309516 312435 290612 311258 304919 258620 277503 263820 241494 208229 180301 169576 149320 131427 127534 131093 112918 104756 105192 110847 106969 101990 101702 91443.7 107357 100017 100679 85979.4 101268 94748.7 88883.2 83901.1 100038 83983.9 86460.3 87286.2 84750.9 83765.2 86252.5 93183.9 89051.2 85736.5 101069 97499.9 112375 98517.3 91409.1 74836.6 89019.4 101688 117883 109306 107259 72289.5 78933.3 83067.3 81390.5 84513.7 100541 98227.2 82469.8
#pred cpue bio
 4.79506e+06 4.54305e+06 4.29143e+06 3.97522e+06 3.63738e+06 3.28065e+06 2.91183e+06 2.56445e+06 2.25058e+06 1.99166e+06 1.73876e+06 1.51502e+06 1.35742e+06 1.18959e+06 1.04441e+06 922040 831776 768847 713307 675856 653522 631196 601799 592077 591196 590201 581780 575762 575231 575449 587081 581048 580341 574414 579646 562064 546978 539695 543162 531726 539038 544212 548198 554462 562479 568459 567162 570856 580408 572928 567760 545516 539583 543855 567566 574047 562274 528527 502598 480460 499738 514007 523261 533600 539349 525670 511566 1.78587e+07 1.05296e+07 1.05117e+07 1.1015e+07 1.19139e+07 1.29138e+07 1.38359e+07 1.46077e+07 1.52169e+07 1.56797e+07 1.60227e+07 1.62729e+07 1.64537e+07 1.65837e+07 1.66773e+07 1.67446e+07 1.67934e+07 1.68288e+07 1.68548e+07 1.68739e+07 1.6888e+07 1.68986e+07 1.69065e+07 1.69125e+07 1.6917e+07 1.69204e+07 1.6923e+07 1.6925e+07 1.69265e+07 1.69277e+07 1.69286e+07 1.69293e+07 1.69298e+07 1.69302e+07 1.69305e+07 1.69308e+07 1.6931e+07 1.69311e+07 1.69312e+07 1.69313e+07 1.69314e+07 1.69314e+07 1.69315e+07 1.69315e+07 1.69315e+07 1.69315e+07 1.69316e+07 1.69316e+07 1.69316e+07 1.69316e+07 1.69316e+07 1.69316e+07 1.69316e+07 1.69316e+07 1.69316e+07 1.69316e+07 1.69316e+07 1.69316e+07 1.69316e+07 1.69316e+07 1.69316e+07 1.69316e+07 1.69316e+07 1.69316e+07 1.69316e+07 1.69316e+07 1.69316e+07 1.69316e+07 1.69316e+07 1.69316e+07 1.69316e+07 1.69316e+07 1.69316e+07 1.69316e+07 1.69316e+07 1.69316e+07 1.69316e+07 1.69316e+07 1.69316e+07 1.69316e+07 1.69316e+07 1.69316e+07 1.69316e+07 1.69316e+07 1.69316e+07 1.69316e+07 1.69316e+07 1.69316e+07 1.69316e+07 1.69316e+07 1.69316e+07 1.69316e+07 1.69316e+07 1.69316e+07 1.69316e+07 1.69316e+07 1.69316e+07 1.69316e+07 1.69316e+07 1.69316e+07 0 0 0 0 0 0 0 0 0 0 0 0 0 0 0 0 0 0 0 0 0 0 0 0 0
#obs cpue bio
 3.27302e+06 3.59951e+06 3.72863e+06 2.30642e+06 2.66968e+06 4.10595e+06 1.97938e+06 1.97794e+06 1.6739e+06 1.9557e+06 1.15418e+06 971642 1.36872e+06 940405 937233 836108 665652 903927 622179 674740 604047 487245 352732 534630 406194 663216 539846 471693 438879 527590 503173 392825 716665 591434 631386 618968 592184 420524 499084 570216 494760 548606 538665 495770 577649 578690 502055 460225 746168 712063 449058 479582 424331 627855 661394 624986 598886 400671 490595 525725 484587 610039 568504 732440 560276 407101 526507
#pred surv len freq
 0.00503069 0.00817823 0.0123265 0.017458 0.023444 0.0299614 0.0364673 0.0423336 0.0470863 0.0505661 0.0529008 0.0543601 0.0552203 0.0556915 0.055892 0.0558431 0.0554856 0.0547041 0.0533416 0.0511897 0.047986 0.0434758 0.0375677 0.0305152 0.0229746
 0.0052563 0.00843587 0.0125184 0.0174415 0.0230885 0.0292287 0.0354626 0.0412827 0.0462377 0.0500741 0.0527622 0.0544367 0.0553259 0.0556895 0.0557553 0.055659 0.0554087 0.0548802 0.0538345 0.0519456 0.048854 0.0442751 0.0381642 0.0308653 0.0231176
 0.00557837 0.00894583 0.0132522 0.0184012 0.024218 0.0303918 0.0364489 0.0418627 0.0462603 0.0495502 0.0518687 0.0534251 0.0543946 0.0549082 0.0550844 0.0550338 0.0548168 0.0543811 0.0535149 0.0518523 0.0489537 0.0444675 0.038337 0.0309485 0.023104
 0.00581693 0.00934632 0.0138782 0.0193189 0.0254789 0.0320036 0.0383403 0.0438629 0.0481118 0.0509654 0.0526168 0.0534143 0.0537023 0.0537358 0.053662 0.0535363 0.0533424 0.0529838 0.0522438 0.050758 0.0480649 0.0437724 0.0377922 0.0305083 0.0227433
 0.00605191 0.00972225 0.0144345 0.0200933 0.0265066 0.0333124 0.0399384 0.0457198 0.0501388 0.0530027 0.0544393 0.0547684 0.0543731 0.0536189 0.0527996 0.0520938 0.0515401 0.051029 0.0502971 0.0489329 0.0464376 0.0423866 0.0366609 0.029622 0.02208
 0.00638102 0.0102362 0.0151691 0.021069 0.0277277 0.0347664 0.0415937 0.0475256 0.0520292 0.0549002 0.0562485 0.0563621 0.0555858 0.0542686 0.0527392 0.0512691 0.0500188 0.0489827 0.0479501 0.0465077 0.0441203 0.0403139 0.0349187 0.0282479 0.0210685
 0.00673345 0.010802 0.0160065 0.0222249 0.0292267 0.0365947 0.0436852 0.0497623 0.0542648 0.0569951 0.0580957 0.0578879 0.0567286 0.0549529 0.0528666 0.0507391 0.0487746 0.0470554 0.0454755 0.0437043 0.0412425 0.0376018 0.0325594 0.0263528 0.0196674
 0.00708418 0.0113624 0.0168321 0.0233621 0.0307057 0.0384179 0.0458118 0.0520997 0.0566752 0.0593177 0.0601742 0.0595936 0.0579714 0.0556761 0.0530285 0.0502964 0.0476833 0.0452989 0.0431045 0.0408642 0.0381662 0.0345663 0.029824 0.0241026 0.0179813
 0.00746677 0.0119659 0.0177062 0.0245417 0.0322067 0.0402303 0.0478905 0.0543598 0.0589995 0.0615726 0.0622267 0.0613217 0.0592715 0.0564676 0.0532549 0.0499203 0.0466799 0.04366 0.0408602 0.0381149 0.0351014 0.0314485 0.0269344 0.0216701 0.0161279
 0.00778953 0.0124834 0.0184713 0.0255982 0.0335805 0.0419168 0.0498419 0.0564826 0.0611691 0.0636585 0.0641126 0.0629133 0.0604922 0.0572525 0.0535477 0.0496729 0.0458559 0.0422416 0.0388645 0.0356182 0.0322599 0.0284952 0.0241392 0.0192717 0.0142709
 0.00813148 0.0130325 0.0192847 0.0267241 0.0350485 0.0437233 0.0519341 0.0587536 0.0634711 0.0658311 0.0660117 0.0644291 0.0615539 0.057823 0.0536109 0.049221 0.0448814 0.0407408 0.0368535 0.0331587 0.0294836 0.0256077 0.0213894 0.0168912 0.0124098
 0.00843339 0.0135204 0.0200138 0.0277434 0.0363923 0.045396 0.0538946 0.0609081 0.065684 0.0679482 0.067885 0.0659347 0.0626029 0.058364 0.0536269 0.0487188 0.043879 0.0392605 0.0349274 0.0308483 0.0269032 0.022934 0.0188401 0.0146747 0.0106663
 0.00863694 0.0138424 0.020483 0.0283834 0.0372211 0.0464243 0.0551191 0.0623052 0.0672051 0.0695201 0.0694148 0.0673178 0.0637348 0.0591529 0.0540044 0.0486445 0.0433393 0.0382639 0.0335047 0.0290597 0.0248516 0.0207712 0.0167515 0.0128392 0.00920895
 0.0088461 0.0141945 0.0210338 0.0291889 0.0383211 0.0478194 0.0567527 0.0640638 0.0689456 0.0711075 0.0707502 0.0683435 0.064422 0.0594868 0.0539741 0.0482416 0.0425614 0.0371201 0.0320218 0.0272922 0.0228913 0.0187498 0.0148268 0.011162 0.00788296
 0.00894543 0.0143724 0.0213328 0.0296613 0.03902 0.0487824 0.0579824 0.0655152 0.0705244 0.0726843 0.072183 0.0695063 0.0652277 0.0598964 0.0539889 0.0478856 0.0418646 0.0361119 0.0307357 0.0257774 0.0212253 0.0170421 0.0132077 0.00975491 0.00677187
 0.00917713 0.0147173 0.0217941 0.0302255 0.0396666 0.0494976 0.0587666 0.0663774 0.0714674 0.0736867 0.0731902 0.070434 0.0659789 0.0603839 0.0541556 0.0477116 0.0413624 0.0353145 0.0296875 0.0245338 0.0198588 0.0156457 0.0118875 0.00861011 0.00586915
 0.00930417 0.0149269 0.0221137 0.030678 0.0402608 0.0502164 0.0595611 0.0671763 0.0722015 0.0743156 0.0737116 0.0708677 0.0663384 0.0606559 0.0542989 0.0476748 0.0411044 0.0348194 0.0289684 0.0236303 0.0188335 0.0145797 0.0108706 0.00772383 0.00516823
 0.00933685 0.0149797 0.0221934 0.0307933 0.0404235 0.0504411 0.0598616 0.0675578 0.0726527 0.0748059 0.0741984 0.0713114 0.0667146 0.0609554 0.0545163 0.0477943 0.0410978 0.034655 0.0286274 0.0231196 0.0181899 0.0138655 0.0101609 0.0070894 0.00465826
 0.00938305 0.0150526 0.0222992 0.0309358 0.040604 0.0506574 0.060108 0.0678262 0.0729348 0.0750945 0.0744855 0.0715852 0.0669587 0.0611518 0.0546499 0.0478543 0.0410736 0.0345335 0.0283954 0.0227731 0.017744 0.0133578 0.00964492 0.00662018 0.00427653
 0.00941772 0.0150967 0.0223431 0.0309643 0.0406019 0.0506179 0.0600389 0.0677502 0.0728819 0.0750926 0.0745526 0.0717257 0.0671632 0.0613991 0.0549106 0.0480955 0.041264 0.0346464 0.0284114 0.0226834 0.0175547 0.0130929 0.00934351 0.00632604 0.0040258
 0.00952239 0.0152373 0.0224997 0.0310997 0.0406704 0.0505826 0.0598856 0.0674939 0.0725638 0.0747695 0.0742839 0.0715606 0.0671297 0.0614988 0.0551197 0.0483726 0.0415598 0.0349132 0.0286107 0.0227909 0.017564 0.0130164 0.00920885 0.0061685 0.00387751
 0.00971721 0.0155301 0.0228943 0.0315793 0.0411971 0.0510997 0.0603232 0.0677799 0.0726427 0.074623 0.0739416 0.071093 0.0666261 0.061041 0.0547627 0.0481366 0.0414331 0.0348626 0.0285943 0.0227708 0.0175152 0.0129311 0.00909554 0.00604546 0.00376437
 0.0098717 0.0157859 0.0232863 0.0321378 0.0419359 0.0519982 0.0613128 0.0687458 0.0734466 0.0751403 0.0740957 0.0708733 0.066087 0.0602842 0.0539093 0.0472976 0.0406875 0.0342483 0.0281126 0.0223992 0.0172238 0.0126947 0.00889969 0.00588545 0.00364028
 0.00986224 0.0157705 0.0232648 0.0321148 0.0419246 0.0520246 0.0614134 0.0689556 0.0737796 0.0755716 0.0745581 0.0712754 0.0663443 0.0603491 0.0537852 0.047032 0.0403506 0.0339074 0.0278131 0.0221593 0.0170397 0.0125529 0.00878711 0.00579473 0.00356913
 0.00980846 0.0156849 0.0231396 0.031945 0.0417106 0.0517758 0.0611526 0.068721 0.0736208 0.0755372 0.0746785 0.0715464 0.0667212 0.0607571 0.0541445 0.0472858 0.0404811 0.0339335 0.0277735 0.0220925 0.0169712 0.0124932 0.00873732 0.00575316 0.00353501
 0.00972641 0.0155634 0.0229788 0.0317522 0.0414978 0.0515552 0.0609348 0.0685161 0.0734423 0.075405 0.0746187 0.0715848 0.0668719 0.0610117 0.0544675 0.0476232 0.0407785 0.0341547 0.0279097 0.0221576 0.0169893 0.0124867 0.00872094 0.00573464 0.00351791
 0.00981071 0.0156789 0.0231128 0.0318804 0.0415915 0.0515932 0.0609117 0.0684421 0.0733353 0.0752818 0.0744916 0.0714645 0.0667724 0.0609495 0.0544553 0.0476607 0.0408492 0.0342318 0.0279681 0.022184 0.0169851 0.0124624 0.00868902 0.00570435 0.00349375
 0.00991202 0.0158319 0.0233203 0.0321344 0.0418721 0.0518694 0.0611444 0.0685914 0.0733725 0.0752007 0.0743114 0.0712225 0.0665104 0.0607031 0.0542489 0.0475073 0.0407501 0.0341775 0.0279416 0.0221674 0.016966 0.0124369 0.00865988 0.0056766 0.00347125
 0.00984383 0.0157436 0.0232289 0.0320688 0.0418644 0.0519404 0.061292 0.0687887 0.0735759 0.075365 0.074404 0.0712317 0.0664466 0.0605925 0.0541234 0.0473946 0.0406677 0.0341304 0.0279244 0.0221684 0.0169728 0.0124409 0.00865797 0.00567003 0.00346304
 0.0098378 0.0157225 0.0231777 0.0319707 0.0417099 0.0517391 0.0610787 0.0686159 0.0734932 0.0753957 0.0745336 0.0714163 0.0666338 0.0607429 0.0542215 0.0474468 0.0406922 0.0341463 0.0279435 0.0221937 0.0170006 0.0124655 0.00867553 0.00567979 0.00346678
 0.00959067 0.0153619 0.0227107 0.0314291 0.0411392 0.0511832 0.0605703 0.0681794 0.0731551 0.0751907 0.0744979 0.0715707 0.0669676 0.0612112 0.0547585 0.0479875 0.0411898 0.0345772 0.0283025 0.0224846 0.0172294 0.0126381 0.00879825 0.00576075 0.00351568
 0.00931873 0.0149638 0.0221946 0.0308333 0.0405252 0.0506199 0.0601188 0.0678822 0.0730286 0.0752233 0.0746578 0.0718203 0.0672781 0.0615662 0.0551467 0.048393 0.0415892 0.0349458 0.028622 0.0227467 0.0174345 0.0127914 0.00890688 0.00583292 0.00356001
 0.00910446 0.0146131 0.0216652 0.0300926 0.0395663 0.0494829 0.0589047 0.0667431 0.0721303 0.0746937 0.0745493 0.0721048 0.0678704 0.0623596 0.0560419 0.0493116 0.0424748 0.0357582 0.029333 0.0233395 0.0179039 0.0131431 0.00915532 0.0059972 0.00366091
 0.00890944 0.0143148 0.0212501 0.0295573 0.0389143 0.0487211 0.0580471 0.0658228 0.0712113 0.0738737 0.0739435 0.0718137 0.0679463 0.0627884 0.0567508 0.0501961 0.043428 0.0366916 0.0301836 0.0240688 0.0184938 0.0135927 0.00947656 0.00621125 0.00379304
 0.00873541 0.0140228 0.0207955 0.0288975 0.0380233 0.0476092 0.0567759 0.0645015 0.0699715 0.0728372 0.0732014 0.0714247 0.0679423 0.0631744 0.0574961 0.0512283 0.0446403 0.0379627 0.0314024 0.0251513 0.0193906 0.014287 0.00997829 0.00654821 0.00400222
 0.00952611 0.0151347 0.0221462 0.0302973 0.0392232 0.0483812 0.0569825 0.0641211 0.0690824 0.0715812 0.0717492 0.0699472 0.0665901 0.0620642 0.0567035 0.0507841 0.0445285 0.0381248 0.0317504 0.0255886 0.0198326 0.0146748 0.0102821 0.00676342 0.00414064
 0.0102963 0.0163385 0.0238582 0.0325289 0.041891 0.0512769 0.059765 0.0663652 0.0703937 0.0717311 0.0707523 0.0680392 0.064128 0.059414 0.0541643 0.0485589 0.0427266 0.0367762 0.0308237 0.0250111 0.0195129 0.0145233 0.010226 0.00675263 0.00414617
 0.0101607 0.0162412 0.0239385 0.0329896 0.0429415 0.0530416 0.0621978 0.0692197 0.0732659 0.074158 0.0723302 0.0685257 0.0634994 0.0578565 0.0520045 0.0461628 0.0404109 0.0347579 0.0292107 0.0238199 0.0186972 0.0140048 0.00991986 0.00658463 0.00406036
 0.00973805 0.0156063 0.0230884 0.0319776 0.0418902 0.0521457 0.0617066 0.0693815 0.074235 0.0759005 0.0745883 0.070876 0.0654861 0.0591379 0.0524462 0.0458462 0.0395681 0.0336733 0.0281321 0.0229086 0.0180202 0.0135564 0.00965392 0.00644342 0.00399354
 0.00976497 0.015611 0.0230247 0.0317827 0.0415074 0.0515601 0.0609783 0.0686554 0.0737167 0.0757991 0.0750419 0.0718849 0.0668864 0.0606367 0.0537158 0.0466379 0.03979 0.0333984 0.0275418 0.0222094 0.0173747 0.0130525 0.00931064 0.00623635 0.00388214
 0.00968196 0.0154811 0.0228367 0.0315246 0.041163 0.0511078 0.0603985 0.067949 0.07293 0.0750414 0.0744767 0.0716878 0.0671761 0.0614134 0.0548396 0.0478683 0.0408725 0.0341551 0.0279217 0.0222769 0.0172547 0.0128677 0.00914263 0.00611859 0.00381429
 0.00961689 0.015381 0.0226965 0.0313433 0.0409424 0.0508515 0.0601086 0.0676251 0.0725695 0.074646 0.0740677 0.0713206 0.0669415 0.0614113 0.0551322 0.0484363 0.041607 0.0348956 0.028522 0.0226595 0.0174256 0.0128896 0.00909226 0.00605391 0.00376402
 0.00966175 0.0154352 0.0227437 0.0313573 0.0408951 0.050724 0.0599009 0.0673561 0.0722675 0.0743369 0.073768 0.0710411 0.0666994 0.0612412 0.0550833 0.0485522 0.0418953 0.0353106 0.0289754 0.0230572 0.0177065 0.0130433 0.00914775 0.00605461 0.00374559
 0.00972621 0.0155296 0.0228653 0.0314945 0.0410269 0.0508228 0.0599366 0.0673026 0.0721127 0.0740894 0.0734566 0.0707065 0.0663821 0.0609744 0.0548945 0.0484654 0.0419273 0.0354595 0.0292111 0.0233261 0.0179506 0.0132235 0.00925458 0.00610261 0.00375858
 0.00970725 0.0155089 0.0228527 0.0315039 0.0410717 0.050907 0.0600491 0.0674166 0.0721928 0.0741034 0.0733868 0.0705556 0.0661724 0.0607414 0.0546771 0.0482985 0.0418367 0.0354572 0.0292916 0.0234651 0.0181114 0.0133697 0.00936328 0.00616882 0.00379091
 0.00967672 0.0154642 0.0227951 0.0314392 0.0410105 0.0508637 0.060039 0.0674512 0.0722733 0.0742155 0.0735017 0.0706387 0.0661962 0.0606968 0.0545765 0.0481711 0.0417177 0.0353772 0.0292677 0.0234967 0.0181823 0.0134556 0.00944154 0.0062264 0.0038257
 0.0097886 0.015626 0.0230013 0.0316721 0.0412449 0.051076 0.0602135 0.0675825 0.0723633 0.0742685 0.0735198 0.0706183 0.0661287 0.0605728 0.0543936 0.0479397 0.041462 0.0351295 0.0290582 0.0233445 0.0180906 0.0134133 0.00943065 0.0062297 0.00383182
 0.00977472 0.0156175 0.0230136 0.0317258 0.0413574 0.0512503 0.0604306 0.0678051 0.0725496 0.0743901 0.0735705 0.0706103 0.0660807 0.0604982 0.0542966 0.0478189 0.0413187 0.0349728 0.028905 0.0232132 0.0179938 0.0133537 0.00940156 0.00622005 0.00383132
 0.00954388 0.0152827 0.0225858 0.0312437 0.04088 0.0508416 0.0601454 0.0676782 0.0725902 0.074579 0.0738657 0.0709598 0.0664378 0.0608314 0.0545895 0.0480645 0.0415142 0.0351187 0.0290066 0.0232811 0.0180406 0.0133896 0.00943214 0.00624612 0.00385177
 0.00965295 0.0154225 0.0227285 0.0313438 0.0408918 0.0507442 0.0599598 0.0674638 0.0724195 0.0745056 0.0739035 0.0710833 0.0665991 0.0609819 0.0546962 0.0481149 0.0415124 0.0350777 0.0289419 0.0232073 0.01797 0.0133312 0.00939009 0.00622 0.00383794
 0.00988165 0.0157605 0.0231721 0.0318625 0.0414303 0.0512306 0.0603186 0.0676328 0.0723706 0.0742607 0.0735311 0.0706736 0.0662285 0.0606887 0.0544783 0.047947 0.0413661 0.0349353 0.0287993 0.0230697 0.0178463 0.013229 0.0093132 0.00616771 0.00380599
 0.0101112 0.0161402 0.0237527 0.0326873 0.0425155 0.0525399 0.0617433 0.0689979 0.0734741 0.0749324 0.0736833 0.0703208 0.065472 0.0596775 0.0533636 0.0468471 0.0403538 0.0340436 0.0280371 0.0224362 0.0173376 0.0128387 0.00903056 0.00597672 0.00368679
 0.00984949 0.0157826 0.023342 0.0323101 0.0422844 0.0525602 0.0620796 0.0696523 0.0743801 0.0759634 0.0746765 0.0711154 0.0659528 0.0598049 0.0531762 0.0464369 0.0398284 0.0334947 0.0275257 0.0219938 0.0169757 0.0125576 0.00882446 0.00583549 0.00359732
 0.00959166 0.0153679 0.0227306 0.0314806 0.0412536 0.0514051 0.0609493 0.0687482 0.0739001 0.0760304 0.0752897 0.0721495 0.0672026 0.061051 0.0542444 0.0472332 0.0403411 0.0337709 0.0276375 0.0220095 0.0169457 0.0125129 0.00878119 0.00580073 0.00357284
 0.00932981 0.0149416 0.0220886 0.0305772 0.0400612 0.0499348 0.059274 0.0670149 0.0723184 0.0748351 0.0746852 0.0722521 0.0680013 0.0624044 0.0559209 0.0489787 0.0419456 0.0351082 0.0286679 0.022756 0.0174615 0.0128558 0.0090007 0.00593524 0.00365087
 0.00941311 0.0150434 0.0221784 0.0306015 0.0399523 0.0496278 0.0587251 0.0662166 0.0713097 0.0737071 0.0735786 0.0713387 0.0674453 0.0623141 0.056309 0.0497544 0.0429451 0.0361499 0.0296059 0.0235089 0.0180113 0.0132267 0.00923462 0.00607407 0.00372849
 0.00966821 0.0154366 0.0227271 0.0313002 0.0407652 0.0504821 0.0595095 0.0667928 0.0715435 0.0735101 0.0729425 0.0703471 0.0662581 0.0611299 0.0553155 0.049079 0.0426244 0.0361312 0.0297801 0.0237584 0.0182475 0.0134055 0.00934895 0.00613735 0.00375915
 0.0100406 0.0160246 0.0235777 0.0324401 0.0421893 0.0521386 0.0612846 0.0685106 0.0729897 0.0744767 0.073276 0.0699852 0.0652466 0.0596169 0.0535217 0.0472486 0.040969 0.0347853 0.0287854 0.0230794 0.0178085 0.013127 0.00917071 0.00602179 0.00368527
 0.0101851 0.0162718 0.0239726 0.0330318 0.0430196 0.0532233 0.0625945 0.0699616 0.0744496 0.0757847 0.0742678 0.07052 0.0652341 0.0590413 0.0524544 0.0458395 0.0394145 0.0332812 0.0274809 0.0220513 0.0170627 0.0126219 0.0088465 0.00582233 0.00356736
 0.0101573 0.0162515 0.0239891 0.0331308 0.0432554 0.0536445 0.0632281 0.0708021 0.0754543 0.0768746 0.0753332 0.0714324 0.065866 0.0592911 0.0522721 0.0452443 0.0384967 0.0321828 0.02636 0.0210415 0.0162454 0.0120205 0.00843996 0.00556767 0.00341857
 0.00981403 0.0157057 0.0231945 0.0320641 0.0419341 0.052149 0.0617148 0.0694902 0.0745758 0.076606 0.0757404 0.0724526 0.0673285 0.0609623 0.0539094 0.0466471 0.0395434 0.0328454 0.0266916 0.0211425 0.0162227 0.0119566 0.00838111 0.00552926 0.00339874
 0.00971572 0.0155313 0.0229047 0.0316124 0.0412772 0.0512642 0.0606219 0.068266 0.0733547 0.0755621 0.075053 0.0722606 0.0676876 0.0618222 0.0551229 0.0480096 0.0408488 0.0339377 0.0274941 0.0216582 0.0165099 0.0120934 0.00843648 0.00554898 0.00340617
 0.00966503 0.0154542 0.0227971 0.0314695 0.0410889 0.0510103 0.0602723 0.0677898 0.0727391 0.0748331 0.0742876 0.0715806 0.0672316 0.0617034 0.0553873 0.0486158 0.0416779 0.0348326 0.0283101 0.0223026 0.0169546 0.0123629 0.00858037 0.00561738 0.00343584
 0.00966233 0.0154382 0.0227521 0.0313749 0.0409256 0.0507695 0.0599606 0.0674264 0.0723446 0.0744201 0.0738621 0.0711563 0.0668461 0.0614223 0.0552879 0.048754 0.0420579 0.0353966 0.0289561 0.022921 0.0174649 0.0127312 0.00881505 0.00575054 0.00350381
 0.00958362 0.0153325 0.0226329 0.031266 0.0408506 0.0507379 0.0599587 0.0674209 0.0722979 0.0743068 0.0736775 0.0709133 0.0665697 0.0611471 0.0550591 0.0486237 0.0420705 0.0355679 0.0292607 0.0232981 0.0178418 0.0130496 0.0090474 0.00589865 0.003587
 0.00922 0.0148341 0.0220544 0.0307163 0.0404629 0.0506198 0.0601506 0.0678823 0.0729249 0.0749672 0.0742462 0.0713002 0.0667347 0.0611022 0.0548581 0.0483447 0.0417965 0.0353671 0.0291706 0.0233185 0.0179404 0.0131805 0.00917043 0.00599153 0.00364573
 0.00865945 0.0139867 0.0209033 0.0293015 0.0388861 0.0490414 0.0587756 0.0669267 0.072557 0.0752452 0.0750895 0.0725161 0.0680879 0.0623877 0.0559471 0.0491942 0.04243 0.035844 0.0295546 0.0236549 0.0182474 0.0134533 0.00939515 0.00615858 0.00375641
#obs surv len freq
 nan nan nan nan nan nan nan nan nan nan nan nan nan nan nan nan nan nan nan nan nan nan nan nan nan
 0.00448405 0.00734538 0.0111757 0.015993 0.0216952 0.0279725 0.0342881 0.0400203 0.0446999 0.0481629 0.0505193 0.0520133 0.0529037 0.0534143 0.0537272 0.0539811 0.0542589 0.0545511 0.0546895 0.0542813 0.0527194 0.0493518 0.043802 0.0362828 0.0276672
 0.00461459 0.00755896 0.0114994 0.0164518 0.0223062 0.0287356 0.0351764 0.0409775 0.0456477 0.0490162 0.0512023 0.0524706 0.0531063 0.0533602 0.0534372 0.0534914 0.0536126 0.0537906 0.0538538 0.0534071 0.0518454 0.0485209 0.0430585 0.0356643 0.0271945
 0.00477438 0.00782068 0.0118969 0.0170179 0.0230662 0.0296969 0.0363175 0.0422429 0.0469535 0.0502635 0.052292 0.0533153 0.0536391 0.0535415 0.0532581 0.0529724 0.052797 0.0527366 0.0526266 0.0520763 0.0504855 0.0472115 0.0418787 0.0346791 0.0264402
 0.00495895 0.00812362 0.0123582 0.0176768 0.0239537 0.0308239 0.0376624 0.0437465 0.0485263 0.0518006 0.0536878 0.0544728 0.0544745 0.0539894 0.0532765 0.0525483 0.0519487 0.0515119 0.0510996 0.0503429 0.0486599 0.0454197 0.0402455 0.0333064 0.025385
 0.00517402 0.00847447 0.0128886 0.0184287 0.0249595 0.0320947 0.0391749 0.0454376 0.050301 0.0535484 0.0552984 0.0558455 0.0555221 0.0546385 0.05347 0.0522487 0.0511442 0.0502238 0.0493879 0.0483098 0.0464472 0.0431977 0.0381887 0.0315605 0.024035
 0.00540515 0.00885411 0.0134672 0.0192555 0.0260731 0.0335075 0.0408582 0.0473164 0.0522652 0.0554744 0.0570687 0.0573588 0.056694 0.0553996 0.0537629 0.0520282 0.0503814 0.0489158 0.047572 0.046077 0.0439484 0.0406327 0.0357756 0.0294883 0.0224199
 0.00566089 0.00926877 0.0140895 0.0201308 0.0272358 0.0349688 0.0425921 0.0492534 0.0542998 0.0574834 0.0589296 0.0589623 0.0579498 0.0562362 0.0541243 0.0518698 0.0496696 0.0476349 0.0457405 0.0437688 0.0413081 0.0378715 0.0331377 0.0271961 0.0206176
 0.00590249 0.00967019 0.0147094 0.0210282 0.0284578 0.0365301 0.0444568 0.0513304 0.0564593 0.0595847 0.0608454 0.0605892 0.0592076 0.0570629 0.0544714 0.0516979 0.0489471 0.046343 0.0438885 0.0414173 0.0385907 0.0349976 0.0303626 0.0247616 0.0186881
 0.00614996 0.0100731 0.0153173 0.0218893 0.0296111 0.0379932 0.0462102 0.0533091 0.0585572 0.0616709 0.0627844 0.0622583 0.0605079 0.0579236 0.0548453 0.0515533 0.048261 0.0451014 0.0420986 0.0391314 0.0359304 0.0321615 0.0276013 0.0223203 0.0167399
 0.00637587 0.0104475 0.0158939 0.0227218 0.0307423 0.0394372 0.0479359 0.0552367 0.0605718 0.0636467 0.0646045 0.0638226 0.0617337 0.0587433 0.0552071 0.0514203 0.0476086 0.0439179 0.0403931 0.0369529 0.0333906 0.0294448 0.0249445 0.0199597 0.0148465
 0.00662068 0.0108429 0.0164845 0.0235484 0.0318351 0.0408053 0.0495545 0.0570402 0.0624597 0.0655007 0.0663068 0.0652709 0.062848 0.0594664 0.0555002 0.0512563 0.0469681 0.0427906 0.0387872 0.0349128 0.0310179 0.0269078 0.0224605 0.0177476 0.0130671
 0.00685937 0.0112363 0.0170857 0.0244085 0.0329908 0.0422607 0.0512646 0.058909 0.064358 0.0672954 0.0678847 0.0665481 0.0637678 0.0599932 0.0556133 0.0509449 0.0462274 0.0416209 0.0372017 0.032954 0.0287772 0.0245351 0.02015 0.0156955 0.0114179
 0.00706349 0.0115756 0.0176103 0.0251696 0.0340304 0.0435945 0.0528644 0.0606949 0.0662091 0.0690719 0.069454 0.0678034 0.0646381 0.0604434 0.0556366 0.0505516 0.0454339 0.0404458 0.0356702 0.031112 0.0267086 0.0223718 0.0180603 0.0138486 0.00993769
 0.00726228 0.0118985 0.0180962 0.0258551 0.0349438 0.0447458 0.0542332 0.0622249 0.0678121 0.0706409 0.0708783 0.0689812 0.0654869 0.0609078 0.0556914 0.0501983 0.0446931 0.0393485 0.034256 0.0294355 0.024852 0.0204525 0.0162224 0.0122342 0.00864909
 0.00745135 0.0122077 0.0185644 0.0265184 0.0358274 0.0458513 0.0555273 0.0636372 0.0692477 0.0720002 0.0720737 0.0699434 0.0661636 0.0612614 0.0556984 0.0498514 0.0440012 0.0383363 0.0329635 0.0279203 0.0231949 0.0187602 0.0146191 0.0108379 0.00754176
 0.00754755 0.0123693 0.0188175 0.0268916 0.0363471 0.0465332 0.0563675 0.0646068 0.0702947 0.0730579 0.0730703 0.070811 0.066844 0.0617094 0.0558818 0.0497502 0.0436081 0.0376585 0.0320256 0.026769 0.0219018 0.0174204 0.0133406 0.00972104 0.00665508
 0.00759978 0.012449 0.0189288 0.0270373 0.0365315 0.0467659 0.0566638 0.0649845 0.0707668 0.073624 0.0737103 0.0714847 0.0674959 0.0622772 0.0563057 0.0499798 0.0436076 0.03741 0.0315327 0.0260601 0.0210328 0.0164718 0.0124059 0.00888827 0.00598593
 0.00763389 0.0124999 0.0189968 0.0271199 0.0366238 0.046863 0.0567637 0.0650913 0.0708926 0.0737891 0.0739376 0.0717897 0.0678757 0.0627043 0.0567304 0.0503401 0.0438418 0.0374689 0.0313895 0.0257169 0.0205227 0.0158559 0.0117622 0.00829351 0.00549686
 0.00769735 0.0125918 0.0191141 0.0272522 0.0367563 0.0469805 0.0568551 0.0651514 0.0709242 0.0738025 0.0739516 0.0718286 0.0679632 0.062854 0.0569372 0.0505756 0.0440586 0.037612 0.0314112 0.0255909 0.0202536 0.0154791 0.0113352 0.00787898 0.00514505
 0.00777533 0.0127138 0.019288 0.0274799 0.0370311 0.0472843 0.0571576 0.0654139 0.0711095 0.0738882 0.0739375 0.0717368 0.0678304 0.06272 0.0568338 0.0505175 0.0440385 0.0376018 0.0313719 0.0254868 0.0200672 0.015219 0.0110334 0.00757874 0.00488504
 0.00783543 0.0128108 0.0194323 0.02768 0.0372905 0.047598 0.0575075 0.0657685 0.0714281 0.0741296 0.0740706 0.0717487 0.0677297 0.0625352 0.0566047 0.050284 0.0438284 0.0374238 0.0312149 0.0253286 0.0198871 0.0150098 0.0108058 0.00735602 0.00469188
 0.00786497 0.0128552 0.0194927 0.0277559 0.0373814 0.0477047 0.0576326 0.0659145 0.0715934 0.0743049 0.0742379 0.071884 0.0678103 0.0625473 0.0565494 0.0501768 0.0436929 0.0372821 0.0310788 0.0251975 0.019753 0.0148661 0.0106543 0.00720782 0.00456157
 0.00785672 0.0128414 0.0194714 0.0277253 0.0373405 0.0476549 0.0575791 0.0658668 0.071565 0.0743102 0.0742872 0.0719785 0.067939 0.0626886 0.0566779 0.0502724 0.0437469 0.037297 0.0310636 0.0251605 0.0196987 0.0147968 0.0105738 0.00712376 0.00448386
 0.00786892 0.0128548 0.0194797 0.027719 0.0373097 0.0475934 0.0574884 0.0657572 0.071453 0.0742145 0.0742254 0.0719636 0.0679764 0.0627744 0.0567981 0.0504059 0.0438716 0.0373961 0.0311289 0.0251919 0.0197006 0.0147755 0.0105363 0.00707816 0.00443845
 0.00789872 0.0128989 0.0195377 0.0277864 0.037378 0.0476509 0.0575214 0.0657535 0.071406 0.0741276 0.0741127 0.0718471 0.0678794 0.0627147 0.0567835 0.0504324 0.043926 0.0374605 0.0311866 0.0252316 0.0197178 0.0147717 0.0105171 0.00705052 0.00440932
 0.00790208 0.0129045 0.0195461 0.0277981 0.0373926 0.0476664 0.0575342 0.0657576 0.0713949 0.0740962 0.07406 0.0717783 0.0678057 0.062651 0.0567441 0.0504263 0.0439534 0.037513 0.0312503 0.0252919 0.0197638 0.0147987 0.010526 0.00704645 0.00439846
 0.00788107 0.0128682 0.0194881 0.0277118 0.0372743 0.0475187 0.0573683 0.0655928 0.0712529 0.0739945 0.074007 0.0717721 0.0678387 0.062714 0.0568302 0.0505316 0.044075 0.0376462 0.0313865 0.0254199 0.019873 0.0148819 0.0105818 0.00707832 0.00441311
 0.00789503 0.0128846 0.0195008 0.0277109 0.0372481 0.0474576 0.0572685 0.0654589 0.0710979 0.0738375 0.0738693 0.0716719 0.0677869 0.0627121 0.056872 0.0506073 0.0441742 0.0377599 0.0315061 0.0255365 0.0199776 0.0149673 0.0106443 0.00711885 0.00443588
 0.00786648 0.0128413 0.0194414 0.0276356 0.0371575 0.0473519 0.0571474 0.0653227 0.0709504 0.0736879 0.0737321 0.0715651 0.0677269 0.0627093 0.0569279 0.0507142 0.0443185 0.0379254 0.0316773 0.0257002 0.020123 0.0150869 0.0107348 0.00718111 0.00447443
 0.00784801 0.0128069 0.019382 0.0275409 0.0370201 0.0471718 0.0569359 0.0651011 0.0707435 0.0735163 0.0736077 0.0714919 0.067705 0.0627383 0.057007 0.0508402 0.0444836 0.0381168 0.0318791 0.0258962 0.0202994 0.0152339 0.0108479 0.00726079 0.00452551
 0.00782541 0.0127723 0.0193335 0.0274773 0.0369399 0.0470723 0.056814 0.0649559 0.0705799 0.073347 0.0734513 0.0713684 0.0676293 0.0627178 0.0570415 0.0509246 0.0446099 0.0382745 0.0320553 0.0260759 0.0204678 0.0153792 0.0109628 0.00734398 0.00458024
 0.00779707 0.0127225 0.0192519 0.0273534 0.0367662 0.0468502 0.0565569 0.0646883 0.0703303 0.0731399 0.073302 0.0712834 0.0676099 0.0627622 0.0571456 0.0510809 0.0448074 0.0384993 0.0322921 0.0263088 0.0206819 0.0155623 0.0111078 0.00744937 0.0046502
 0.00775237 0.0126507 0.0191454 0.0272054 0.036572 0.0466089 0.0562748 0.0643807 0.0700219 0.072861 0.0730832 0.0711482 0.0675703 0.0628174 0.0572847 0.0512872 0.0450618 0.0387826 0.0325848 0.0265925 0.0209401 0.015782 0.0112814 0.00757591 0.00473465
 0.00773187 0.0126135 0.0190825 0.0271062 0.0364271 0.0464143 0.0560351 0.0641102 0.0697416 0.0725944 0.0728528 0.0709742 0.0674693 0.0628003 0.0573541 0.0514363 0.0452758 0.0390411 0.0328654 0.0268729 0.0212004 0.0160068 0.0114613 0.00770845 0.004824
 0.00934259 0.0148725 0.0218177 0.0299346 0.0388653 0.0480551 0.0566882 0.0638301 0.0687495 0.0711628 0.0712202 0.0693124 0.0658882 0.0613656 0.0561023 0.0503842 0.0444249 0.038381 0.0323764 0.0265291 0.020973 0.0158669 0.0113824 0.00766855 0.00480643
 0.00931531 0.0151276 0.0227296 0.0319694 0.0423789 0.0530201 0.0625198 0.0694804 0.073078 0.0733841 0.0711613 0.0673586 0.0627114 0.0576358 0.0523214 0.0468556 0.0412997 0.0357169 0.0301803 0.02478 0.0196328 0.0148851 0.0107002 0.00722277 0.00453488
 0.00896248 0.0145703 0.0219438 0.0310018 0.041403 0.0523753 0.0626729 0.0708609 0.0758258 0.0771589 0.0751817 0.0706984 0.0646857 0.0580382 0.0513985 0.0450951 0.0391974 0.0336394 0.0283379 0.0232618 0.0184526 0.0140165 0.0100966 0.00682918 0.00429589
 0.00879017 0.0142784 0.0214833 0.0303227 0.040473 0.0512139 0.0613947 0.0697051 0.0751381 0.077297 0.0763573 0.0728272 0.0673497 0.0606212 0.0533352 0.046087 0.0392744 0.0330626 0.0274373 0.0223099 0.0176151 0.0133624 0.00963059 0.00652327 0.00411057
 0.00872985 0.0141734 0.0213113 0.0300557 0.0400799 0.0506676 0.0606847 0.0688555 0.0742281 0.0764769 0.0758399 0.0728343 0.0680166 0.0619005 0.0549703 0.0476953 0.0405044 0.0337303 0.0275647 0.0220616 0.017194 0.0129292 0.00927415 0.00627043 0.00395119
 0.00870714 0.0141355 0.0212517 0.0299661 0.0399492 0.0504818 0.0604277 0.0685126 0.073793 0.0759641 0.0753008 0.0723671 0.0677563 0.0619763 0.0554405 0.0484955 0.0414512 0.0345925 0.0281628 0.0223336 0.0171932 0.0127692 0.00906613 0.00608642 0.00381944
 0.00868339 0.0140942 0.0211849 0.0298649 0.0398064 0.0502948 0.0602008 0.0682556 0.073517 0.0756772 0.0750094 0.072085 0.0675169 0.0618385 0.0554747 0.0487505 0.0419156 0.0351811 0.0287442 0.0227874 0.0174594 0.0128602 0.00904128 0.0060126 0.00374406
 0.00866741 0.0140709 0.0211544 0.029828 0.0397634 0.0502433 0.0601351 0.0681684 0.0734025 0.0755338 0.0748408 0.0718997 0.0673292 0.0616709 0.0553618 0.0487328 0.0420241 0.0354149 0.0290603 0.0231128 0.0177233 0.0130242 0.00910841 0.00601382 0.00371587
 0.00866718 0.0140697 0.0211511 0.0298214 0.0397524 0.0502278 0.0601158 0.0681456 0.0733743 0.0754952 0.0747847 0.0718203 0.0672255 0.0615508 0.0552426 0.0486406 0.0419872 0.0354536 0.0291741 0.0232761 0.0178942 0.0131634 0.00919536 0.00605097 0.00371993
 0.00864997 0.0140451 0.0211202 0.0297873 0.0397191 0.0501985 0.060092 0.068127 0.0733596 0.0754828 0.0747724 0.0718045 0.0672019 0.0615158 0.0551972 0.0485928 0.0419521 0.0354485 0.0292105 0.0233523 0.0179939 0.0132624 0.00927332 0.00609915 0.00374166
 0.00865912 0.0140558 0.0211288 0.0297883 0.0397072 0.0501718 0.0600537 0.0680847 0.0733222 0.0754563 0.0747577 0.0717984 0.0671985 0.0615094 0.0551841 0.0485731 0.0419307 0.0354346 0.0292142 0.0233792 0.0180412 0.0133195 0.00932678 0.00613927 0.00376563
 0.00865747 0.0140561 0.0211344 0.0298034 0.0397345 0.0502098 0.0600954 0.0681193 0.0733395 0.0754517 0.0747341 0.0717634 0.0671602 0.0614727 0.05515 0.0485407 0.0418999 0.035408 0.0291965 0.0233752 0.0180525 0.0133426 0.00935455 0.00616436 0.00378362
 0.00862207 0.0140031 0.0210636 0.0297181 0.0396418 0.0501199 0.0600195 0.0680678 0.0733187 0.0754613 0.0747674 0.0718103 0.0672121 0.0615241 0.0551988 0.0485861 0.0419413 0.0354451 0.0292303 0.0234076 0.0180852 0.0133757 0.0093859 0.00619092 0.00380322
 0.00862006 0.0139955 0.0210441 0.0296791 0.0395769 0.0500279 0.059908 0.0679525 0.0732192 0.0753945 0.0747422 0.0718259 0.0672595 0.061591 0.0552732 0.0486592 0.0420083 0.0355042 0.0292816 0.0234522 0.0181243 0.0134099 0.00941529 0.00621465 0.00382068
 0.00861662 0.01399 0.0210359 0.0296668 0.0395579 0.0499982 0.0598626 0.0678882 0.0731372 0.0753032 0.0746563 0.0717619 0.0672297 0.0615991 0.0553141 0.048722 0.0420809 0.0355768 0.0293481 0.0235098 0.0181726 0.0134495 0.00944667 0.00623842 0.00383751
 0.00861662 0.01399 0.0210359 0.0296668 0.0395579 0.0499982 0.0598626 0.0678882 0.0731372 0.0753032 0.0746563 0.0717619 0.0672297 0.0615991 0.0553141 0.048722 0.0420809 0.0355768 0.0293481 0.0235098 0.0181726 0.0134495 0.00944667 0.00623842 0.00383751
 0.00891241 0.014456 0.0217071 0.0305598 0.0406604 0.0512569 0.0611749 0.0691084 0.0741059 0.0758891 0.074791 0.0714534 0.0665508 0.0606624 0.0542426 0.0476255 0.041042 0.0346481 0.0285567 0.0228644 0.0176693 0.0130763 0.00918548 0.00606738 0.00373361
 0.00878641 0.0142914 0.0215346 0.0304347 0.0406503 0.0514194 0.0615369 0.0696549 0.074781 0.0766062 0.0754491 0.071957 0.0668315 0.0606944 0.0540462 0.047257 0.0405748 0.034153 0.0280887 0.0224584 0.0173413 0.0128282 0.0090099 0.00595168 0.00366307
 0.00864868 0.0140515 0.0211479 0.0298606 0.039875 0.0504849 0.0605582 0.0688054 0.074241 0.0764977 0.0757914 0.0726659 0.0677554 0.061665 0.0549232 0.0479541 0.0410645 0.0344548 0.028248 0.0225255 0.0173584 0.0128237 0.00899964 0.00594257 0.00365704
 0.00852875 0.0138492 0.0208294 0.0293889 0.0392168 0.049625 0.0595178 0.0676574 0.073113 0.0755549 0.0752001 0.0725447 0.0681332 0.0624683 0.0559998 0.0491225 0.0421664 0.0353878 0.0289723 0.0230499 0.017718 0.0130602 0.00914988 0.00603469 0.0037111
 0.00860154 0.013951 0.0209508 0.0295068 0.0392959 0.0496222 0.0593884 0.0673642 0.0726397 0.0749219 0.0744762 0.0718429 0.0675865 0.0621883 0.0560368 0.0494477 0.0426852 0.0359783 0.0295274 0.0235038 0.0180497 0.0132811 0.00928607 0.00611347 0.0037542
 0.00875565 0.0142068 0.0213428 0.0300639 0.0400265 0.0504948 0.0603179 0.0682169 0.073263 0.075189 0.0743239 0.071291 0.0667328 0.0611847 0.0550508 0.0486183 0.042089 0.0356188 0.0293528 0.0234405 0.018034 0.0132746 0.00927484 0.00609793 0.00373901
 0.00897075 0.0145654 0.0218978 0.0308664 0.0411105 0.0518533 0.0618805 0.0698434 0.0747622 0.0763578 0.0749919 0.0713573 0.0661887 0.0601171 0.053624 0.0470367 0.040549 0.0342672 0.0282646 0.022623 0.0174501 0.0128712 0.0090031 0.00592018 0.00362794
 0.0090372 0.0146903 0.0221179 0.0312278 0.0416604 0.0526246 0.0628741 0.071017 0.0760285 0.0775924 0.0760489 0.0720917 0.066485 0.0599184 0.0529514 0.0459892 0.0392819 0.0329529 0.0270515 0.0216066 0.016666 0.0123075 0.00862172 0.00567627 0.00348066
 0.00905857 0.0147249 0.0221709 0.0313078 0.0417824 0.0528125 0.0631597 0.0714323 0.0765924 0.0782943 0.0768387 0.0728801 0.0671574 0.0603594 0.0530745 0.0457626 0.0387405 0.0321909 0.026195 0.020778 0.0159542 0.0117553 0.00823036 0.00542085 0.00332647
 0.00872417 0.0141924 0.0213935 0.0302583 0.0404689 0.0512987 0.0615803 0.0699861 0.0755038 0.0777551 0.0769539 0.0736405 0.0684434 0.0619704 0.0547746 0.0473322 0.040021 0.0331099 0.0267648 0.0210709 0.0160658 0.011772 0.00821167 0.00539778 0.00330986
 0.00878132 0.014238 0.0213746 0.0300957 0.0400778 0.0506214 0.0606181 0.0688128 0.0742568 0.076609 0.0760865 0.0731963 0.0685009 0.0625196 0.055715 0.0484966 0.0412189 0.0341762 0.0275967 0.02164 0.0164045 0.0119444 0.00828414 0.00542095 0.00331385
 0.00873947 0.014184 0.0213162 0.0300411 0.0400228 0.0505357 0.0604407 0.0684696 0.0736961 0.0758403 0.0751981 0.0723398 0.0678473 0.0622074 0.055809 0.0489707 0.0419669 0.0350464 0.0284383 0.0223429 0.0169193 0.0122772 0.00847475 0.00551801 0.00335811
 0.00876255 0.0142131 0.0213453 0.0300614 0.0400268 0.0505215 0.0604117 0.0684249 0.073619 0.0756933 0.0749371 0.0719449 0.0673505 0.0616981 0.0554075 0.0487815 0.0420368 0.0353481 0.0288854 0.0228272 0.0173497 0.0126033 0.00868908 0.00564108 0.00342011
 0.00876391 0.0142226 0.0213724 0.0301172 0.0401192 0.0506484 0.0605569 0.0685611 0.0737162 0.075727 0.0748904 0.0718058 0.0671141 0.0613757 0.0550389 0.0484348 0.0417886 0.0352525 0.0289499 0.0230116 0.0175875 0.0128311 0.00886742 0.00575926 0.00348739
 0.0088953 0.0144311 0.0216758 0.0305273 0.0406368 0.0512577 0.0612193 0.0692146 0.0742835 0.076132 0.0750755 0.0717437 0.0668107 0.0608663 0.0543814 0.0477039 0.0410677 0.0346206 0.028464 0.0226918 0.0174154 0.0127632 0.00885609 0.00576839 0.00349785
