SBPRF35
7.78865
Curr Bio
497727
B35
636779
F35
0.225245
FOFL
0.181731
OFL
72031.4
Bzero
2.22533e+006
#pred survey bio
 3.53768e+006 3.16226e+006 2.84806e+006 2.54603e+006 2.26304e+006 1.97538e+006 1.73169e+006 1.51593e+006 1.31461e+006 1.16387e+006 1.02594e+006 921062 827231 751653 692106 654815 645398 616731 595610 579459 560375 551639 539820 535551 542238 537810 540286 539101 532124 527867 524760 505699 501053 496880 504245 522598 524168 538929 554215 561821 560331 566563 567380 568449 576813 592043 601957 565805 532330 534725 528602 521091 505815 478650 452928 429832 456664 483970 508049 525568 504187 494529 498483 1.82157e+007 1.15383e+007 1.22247e+007 1.30856e+007 1.39872e+007 1.481e+007 1.54996e+007 1.60461e+007 1.64631e+007 1.67736e+007 1.70009e+007 1.7166e+007 1.72854e+007 1.73718e+007 1.74344e+007 1.74801e+007 1.75135e+007 1.75382e+007 1.75565e+007 1.75702e+007 1.75805e+007 1.75882e+007 1.75941e+007 1.75986e+007 1.7602e+007 1.76046e+007 1.76066e+007 1.76081e+007 1.76093e+007 1.76102e+007 1.76109e+007 1.76115e+007 1.76119e+007 1.76122e+007 1.76125e+007 1.76126e+007 1.76128e+007 1.76129e+007 1.7613e+007 1.76131e+007 1.76131e+007 1.76132e+007 1.76132e+007 1.76132e+007 1.76132e+007 1.76133e+007 1.76133e+007 1.76133e+007 1.76133e+007 1.76133e+007 1.76133e+007 1.76133e+007 1.76133e+007 1.76133e+007 1.76133e+007 1.76133e+007 1.76133e+007 1.76133e+007 1.76133e+007 1.76133e+007 1.76133e+007 1.76133e+007 1.76133e+007 1.76133e+007 1.76133e+007 1.76133e+007 1.76133e+007 1.76133e+007 1.76133e+007 1.76133e+007 1.76133e+007 1.76133e+007 1.76133e+007 1.76133e+007 1.76133e+007 1.76133e+007 1.76133e+007 1.76133e+007 1.76133e+007 1.76133e+007 1.76133e+007 1.76133e+007 1.76133e+007 1.76133e+007 1.76133e+007 1.76133e+007 1.76133e+007 1.76133e+007 1.76133e+007 1.76133e+007 1.76133e+007 1.76133e+007 1.76133e+007 1.76133e+007 1.76133e+007 1.76133e+007 1.76133e+007 1.76133e+007 1.76133e+007 1.76133e+007 0 0 0 0 0 0 0 0 0 0 0 0 0 0 0 0 0 0 0 0 0 0 0 0 0
#obs survey bio
 3.32754e+006 1.94745e+006 2.0324e+006 2.57204e+006 1.71589e+006 2.36478e+006 1.7549e+006 1.16174e+006 1.1082e+006 814302 889733 834235 627954 883653 713853 872224 517644 640391 696834 430940 431468 283830 543289 512353 490094 555477 648445 469206 420404 583092 454684 395261 427937 554878 573885 540669 512560 788907 533746 520513 1.07957e+006 532409 446528 677915 691840 603420 820237 512173 627947 488019 475297 663685 532381 618155 318806 486204 385422 596565 653272 411421 401129 562487 372607
#pred catch bio
 273050 249859 272422 285597 316351 298526 290386 289383 252206 245269 218357 207954 188731 170162 146835 120491 134068 124221 117026 117100 107016 108911 101777 92056.8 100105 92452.7 94140 97361.2 92942.9 89504.1 100154 87659.7 91343.7 86509.3 80781.5 96075.4 84500.1 83416.6 89247.8 95914.3 88525.5 93542.3 94595 89844 85571.7 91493.6 130065 126353 96035.9 102700 101733 105526 112406 108964 106021 65857.2 68235.1 72288.3 78576.5 111406 103149 96606.5 86906.6 72031.4 92098.5 96698.6 102549 109093 115119 120071 123865 126634 128585 129922 130820 131414 131801 132050 132210 132312 132377 132417 132443 132459 132469 132475 132479 132481 132483 132484 132484 132485 132485 132485 132485 132485 132485 132485 132485 132485 132485 132485 132485 132485 132485 132485 132485 132485 132485 132485 132485 132485 132485 132485 132485 132485 132485 132485 132485 132485 132485 132485 132485 132485 132485 132485 132485 132485 132485 132485 132485 132485 132485 132485 132485 132485 132485 132485 132485 132485 132485 132485 132485 132485 132485 132485 132485 132485 132485 132485 132485 132485 132485 132485 132485 132485 132485 132485 132485 132485 132485 132485 132485 0 0 0 0 0 0 0 0 0 0 0 0 0 0 0 0 0 0 0 0 0 0 0 0 0
#obs catch bio
 234502 250731 275285 288381 322240 302362 294981 295919 257400 250683 223077 212565 192942 173025 149096 121636 135838 125560 117905 118248 108052 110774 103193 93247.9 101722 93128.9 94772.1 98521.2 94039.6 90028.6 101266 88459.8 92336.4 87272.4 80702.6 96674 84784 83149 88691.5 95829.5 87565.5 92782.6 94265.6 89812.8 85308.9 90944.5 129659 126476 95637.4 102457 101322 104682 111128 107277 105790 65382.4 67991.3 72152.4 77913.2 110506 102055 96064.5 86808.2
#pred cpue bio
 3.46955e+006 3.09628e+006 2.78317e+006 2.482e+006 2.20082e+006 1.91566e+006 1.67428e+006 1.46076e+006 1.26211e+006 1.11365e+006 978037 875098 783688 710710 653590 617964 609295 581937 561890 546672 528352 519813 508317 504292 511102 507359 510223 509367 502881 499235 496889 478818 473495 467608 473597 491356 493293 508181 523601 531191 529910 536093 536561 537072 544983 559721 569257 533901 500885 503087 497747 491107 476794 450684 425452 402532 428229 455035 478776 495878 474634 463828 465994 1.7029e+007 1.08129e+007 1.14362e+007 1.22157e+007 1.30881e+007 1.39044e+007 1.45928e+007 1.51391e+007 1.55562e+007 1.58666e+007 1.6094e+007 1.6259e+007 1.63784e+007 1.64648e+007 1.65274e+007 1.65731e+007 1.66065e+007 1.66312e+007 1.66495e+007 1.66632e+007 1.66735e+007 1.66813e+007 1.66871e+007 1.66916e+007 1.6695e+007 1.66976e+007 1.66996e+007 1.67011e+007 1.67023e+007 1.67032e+007 1.67039e+007 1.67045e+007 1.67049e+007 1.67052e+007 1.67055e+007 1.67057e+007 1.67058e+007 1.67059e+007 1.6706e+007 1.67061e+007 1.67061e+007 1.67062e+007 1.67062e+007 1.67062e+007 1.67062e+007 1.67063e+007 1.67063e+007 1.67063e+007 1.67063e+007 1.67063e+007 1.67063e+007 1.67063e+007 1.67063e+007 1.67063e+007 1.67063e+007 1.67063e+007 1.67063e+007 1.67063e+007 1.67063e+007 1.67063e+007 1.67063e+007 1.67063e+007 1.67063e+007 1.67063e+007 1.67063e+007 1.67063e+007 1.67063e+007 1.67063e+007 1.67063e+007 1.67063e+007 1.67063e+007 1.67063e+007 1.67063e+007 1.67063e+007 1.67063e+007 1.67063e+007 1.67063e+007 1.67063e+007 1.67063e+007 1.67063e+007 1.67063e+007 1.67063e+007 1.67063e+007 1.67063e+007 1.67063e+007 1.67063e+007 1.67063e+007 1.67063e+007 1.67063e+007 1.67063e+007 1.67063e+007 1.67063e+007 1.67063e+007 1.67063e+007 1.67063e+007 1.67063e+007 1.67063e+007 1.67063e+007 1.67063e+007 1.67063e+007 0 0 0 0 0 0 0 0 0 0 0 0 0 0 0 0 0 0 0 0 0 0 0 0 0
#obs cpue bio
 2.93335e+006 2.23153e+006 1.91258e+006 2.62841e+006 1.5473e+006 2.07022e+006 1.17735e+006 1.15933e+006 1.08934e+006 1.30717e+006 782897 764889 728610 608180 500773 404972 698799 486086 490580 598641 512156 569996 460524 367541 476742 632781 414628 377168 499846 552798 461554 450252 514047 394205 688144 369840 451454 611346 765825 432368 590359 552222 517730 354497 552277 654327 463352 459985 474914 619729 615783 546244 640400 507160 395909 391155 527364 332211 598512 818177 675736 347952 443249
#pred surv len freq
 0.00523882 0.00846804 0.0126767 0.0178288 0.0238018 0.0303113 0.0368693 0.0428843 0.0478685 0.0515935 0.0540913 0.0555516 0.0562164 0.0563134 0.0560159 0.0554216 0.0545549 0.0533823 0.0518125 0.04967 0.0466772 0.0425145 0.0369946 0.0302783 0.0229645
 0.00575599 0.00922917 0.0136801 0.019037 0.0251725 0.0318353 0.0385823 0.0448308 0.0500317 0.0538359 0.0561526 0.057117 0.0570237 0.0562437 0.0551257 0.0539083 0.052679 0.0513795 0.0498296 0.0477495 0.0447953 0.0406489 0.0351798 0.0286121 0.0215644
 0.00596096 0.00961527 0.0143539 0.0201173 0.0267475 0.0339066 0.0410301 0.0474376 0.0525623 0.0561193 0.0581044 0.0586891 0.0581364 0.0567659 0.0549252 0.0529322 0.0510005 0.0491795 0.04733 0.0451435 0.0422165 0.0381874 0.0329188 0.0266446 0.0199753
 0.00620978 0.0100001 0.0149025 0.0208582 0.0277236 0.0351841 0.0426854 0.0495145 0.0550166 0.0587881 0.0607308 0.0609962 0.0599026 0.0578545 0.055265 0.052491 0.0497864 0.0472655 0.0448659 0.0423354 0.0392861 0.0353388 0.0303238 0.024437 0.0182381
 0.00643272 0.010369 0.0154685 0.0216703 0.0288172 0.0365661 0.0443253 0.0513531 0.056988 0.060835 0.0627933 0.0629814 0.0616636 0.0592062 0.0560281 0.0525341 0.0490487 0.0457628 0.0426923 0.0396603 0.0363377 0.0323718 0.0275784 0.0221002 0.0164158
 0.00674848 0.010869 0.0161976 0.0226645 0.0301016 0.0381481 0.0461828 0.0534226 0.059164 0.0629854 0.0647861 0.0647075 0.0630438 0.0601762 0.0565177 0.0524595 0.0483293 0.0443539 0.0406183 0.0370349 0.0333619 0.0293071 0.0246981 0.0196309 0.0144907
 0.00705565 0.0113602 0.0169215 0.0236613 0.0313955 0.0397375 0.0480285 0.0554442 0.0612495 0.06501 0.0666295 0.0662652 0.0642329 0.0609381 0.0568129 0.052256 0.0475931 0.0430541 0.0387527 0.0346641 0.0306328 0.0264454 0.0219657 0.0172616 0.0126318
 0.00728136 0.0117383 0.0175114 0.0245254 0.0325868 0.0412784 0.0498898 0.0575362 0.0634335 0.067125 0.068521 0.0678065 0.0653364 0.0615558 0.0569292 0.0518745 0.0467223 0.0417021 0.0369367 0.0324354 0.0281044 0.0238002 0.0194303 0.0150506 0.0108884
 0.00758684 0.0122194 0.0182079 0.0254681 0.0337971 0.0427653 0.05164 0.0595007 0.0655193 0.0691972 0.0704188 0.0693699 0.0664352 0.0621115 0.0569195 0.0513214 0.0456716 0.0402062 0.0350505 0.0302286 0.0256828 0.0213182 0.0170769 0.0130078 0.00927943
 0.00787105 0.012665 0.018848 0.0263226 0.0348703 0.0440428 0.0530848 0.0610533 0.0671051 0.0707371 0.071835 0.0705838 0.067365 0.0626775 0.057058 0.0509988 0.0448899 0.0389987 0.033474 0.0283618 0.0236319 0.0192212 0.0150933 0.0112873 0.00792361
 0.00810351 0.0130521 0.0194466 0.0271887 0.0360439 0.0455258 0.0548209 0.0629249 0.0689551 0.0724069 0.0731984 0.0715636 0.0679301 0.0628287 0.0568106 0.0503719 0.0439053 0.0376863 0.0318795 0.0265538 0.0217059 0.0172985 0.0133078 0.00975982 0.00673141
 0.00818673 0.0131996 0.0196928 0.0275772 0.0366232 0.0463377 0.0558849 0.0642226 0.0704207 0.073928 0.074632 0.0727644 0.0687832 0.0632705 0.0568307 0.0499981 0.043183 0.0366652 0.0306126 0.0251041 0.0201554 0.0157491 0.0118703 0.00853246 0.00577557
 0.00821124 0.0132557 0.0198079 0.0277895 0.0369752 0.0468658 0.0566077 0.0651334 0.0714855 0.0750867 0.0758009 0.073842 0.0696626 0.063858 0.0570652 0.0498609 0.0426957 0.0358771 0.0295878 0.0239152 0.0188831 0.0144831 0.0107023 0.00754063 0.0050069
 0.00830878 0.013395 0.0199834 0.0279877 0.0371839 0.0470867 0.0568628 0.0654602 0.0719205 0.0756459 0.0764675 0.074566 0.0703694 0.0644631 0.0574883 0.0500401 0.0425983 0.0355047 0.0289737 0.0231176 0.0179771 0.0135524 0.00982918 0.00679291 0.00442503
 0.00845497 0.0136154 0.0202818 0.0283535 0.0375923 0.0475014 0.0572425 0.0657685 0.0721398 0.0757883 0.0765721 0.074681 0.070527 0.0646608 0.0576879 0.050181 0.0426182 0.0353587 0.0286468 0.0226281 0.0173724 0.0128984 0.00919647 0.00624128 0.00399146
 0.00857384 0.0137899 0.0205093 0.0286189 0.0378709 0.0477653 0.0574655 0.0659292 0.0722246 0.0757959 0.0765182 0.0745986 0.0704592 0.0646453 0.0577399 0.0502838 0.0427264 0.0354146 0.0286011 0.0224574 0.0170863 0.012535 0.00880933 0.00588281 0.00369868
 0.00851432 0.0136966 0.0203753 0.0284393 0.0376435 0.0474912 0.0571521 0.0655938 0.071896 0.0755132 0.0763239 0.0745296 0.0705376 0.0648739 0.0581009 0.0507401 0.0432246 0.0358914 0.0289951 0.0227234 0.0172076 0.0125267 0.00871041 0.00574167 0.00355759
 0.00851893 0.0137189 0.0204356 0.0285635 0.037854 0.0477933 0.0575226 0.0659804 0.0722302 0.0757306 0.076385 0.0744309 0.0703116 0.064578 0.0577998 0.0504867 0.0430469 0.0357878 0.0289399 0.0226804 0.0171452 0.0124305 0.00858587 0.0056077 0.00343556
 0.00858008 0.0137959 0.0205113 0.0286123 0.0378533 0.0477399 0.0574415 0.0659178 0.0722302 0.0758107 0.0765244 0.0745812 0.0704215 0.0646165 0.0577669 0.0504083 0.0429585 0.0357173 0.0288972 0.0226569 0.0171233 0.0123946 0.00853122 0.00554073 0.00336848
 0.00868187 0.0139461 0.0207078 0.0288395 0.0380826 0.0479329 0.057558 0.0659277 0.0721283 0.0756248 0.0763084 0.0743922 0.0702938 0.0645506 0.0577381 0.0503878 0.0429301 0.0356811 0.0288613 0.0226271 0.0170984 0.0123687 0.00849945 0.00550332 0.00333017
 0.00885471 0.0142103 0.0210732 0.0293018 0.0386221 0.0485138 0.0581278 0.0664203 0.0724744 0.0757702 0.0762325 0.0741166 0.0698763 0.0640649 0.0572505 0.0499405 0.0425406 0.0353508 0.0285868 0.0224049 0.0169241 0.0122359 0.00840016 0.00542991 0.00327698
 0.00885406 0.0142226 0.021116 0.0293987 0.0387956 0.0487741 0.0584637 0.0667972 0.072842 0.076075 0.0764297 0.0741794 0.0698007 0.063871 0.0569769 0.0496335 0.0422406 0.035084 0.0283642 0.0222268 0.016786 0.0121316 0.00832336 0.00537477 0.0032386
 0.00885344 0.0142254 0.0211282 0.0294307 0.038862 0.0488929 0.0586517 0.0670628 0.0731762 0.0764462 0.0767861 0.0744613 0.0699582 0.063879 0.056841 0.0493858 0.0419282 0.0347553 0.0280573 0.0219648 0.0165775 0.0119751 0.00821183 0.00529915 0.00318991
 0.00877785 0.0141094 0.0209671 0.0292259 0.0386228 0.0486376 0.0584086 0.0668691 0.0730727 0.0764658 0.0769417 0.0747375 0.0703116 0.0642484 0.0571657 0.0496228 0.042062 0.0347967 0.0280334 0.0219065 0.0165099 0.0119135 0.00816299 0.00526395 0.00316636
 0.00857677 0.0138 0.0205346 0.0286698 0.0379584 0.0478969 0.0576425 0.0661468 0.0724745 0.076069 0.0768045 0.074885 0.0707284 0.0648794 0.0579254 0.0504144 0.0427993 0.0354208 0.0285194 0.0222587 0.01675 0.012069 0.00825895 0.00532022 0.00319736
 0.00859402 0.0138086 0.0205117 0.0285831 0.0377748 0.0475972 0.0572332 0.0656626 0.0719698 0.0756046 0.0764362 0.0746572 0.0706703 0.065 0.0582093 0.0508206 0.0432684 0.0358891 0.0289346 0.0225903 0.016991 0.0122299 0.00835832 0.00537732 0.00322791
 0.00858501 0.0137895 0.0204737 0.0285121 0.0376515 0.0473986 0.0569384 0.0652628 0.0714786 0.0750651 0.0759165 0.0742354 0.0704132 0.0649464 0.0583629 0.0511532 0.0437272 0.0364087 0.0294494 0.0230476 0.0173594 0.0125007 0.00854091 0.00549051 0.00329254
 0.0085035 0.013677 0.020341 0.0283803 0.0375441 0.0473293 0.0569019 0.0652333 0.0714193 0.0749432 0.0757188 0.0739773 0.0701379 0.0647133 0.0582289 0.0511543 0.0438685 0.0366642 0.0297725 0.0233852 0.0176662 0.0127486 0.00872067 0.0056083 0.00336249
 0.00838769 0.0135063 0.0201178 0.0281208 0.0372771 0.0470913 0.0567302 0.0651566 0.0714468 0.0750559 0.0758716 0.0741143 0.0702156 0.0647189 0.0581848 0.0511056 0.0438619 0.0367287 0.02991 0.0235734 0.0178708 0.0129368 0.00887164 0.00571525 0.00342996
 0.00825464 0.0132955 0.0198117 0.0277101 0.0367658 0.0465043 0.0561177 0.0645919 0.071011 0.0748148 0.0758548 0.0743059 0.0705607 0.0651438 0.0586212 0.0515103 0.0442229 0.0370557 0.0302179 0.0238683 0.0181456 0.0131769 0.0090637 0.00585433 0.00352058
 0.008269 0.0132928 0.0197598 0.0275632 0.0364769 0.0460447 0.0554959 0.0638599 0.0702567 0.0741422 0.0753609 0.0740591 0.0705851 0.0654142 0.0590728 0.0520604 0.044795 0.0375973 0.0307029 0.0242892 0.0185018 0.013468 0.00928892 0.00601622 0.00362706
 0.00910398 0.0144942 0.0212768 0.029244 0.0381048 0.0474007 0.0564125 0.0642459 0.070097 0.0734898 0.0743259 0.0727916 0.0692479 0.0641511 0.0579839 0.0511914 0.0441443 0.0371336 0.0303857 0.0240824 0.0183772 0.013403 0.009264 0.00601409 0.00363446
 0.00963865 0.0153604 0.0225657 0.0310142 0.0403416 0.0499682 0.0590289 0.0665209 0.0716407 0.0740457 0.0738529 0.0714539 0.0673333 0.061973 0.0558097 0.0492093 0.0424587 0.0357785 0.0293462 0.0233172 0.0178366 0.0130385 0.0090319 0.0058762 0.0035589
 0.00942788 0.0151358 0.0224475 0.0311911 0.0410254 0.0513148 0.0610593 0.0690786 0.074404 0.076592 0.0757601 0.0724121 0.0672306 0.0609162 0.0540707 0.0471263 0.0403406 0.0338472 0.0277233 0.0220407 0.0168891 0.0123732 0.00859098 0.00560213 0.00340037
 0.0091668 0.0147135 0.0218249 0.0303576 0.0400298 0.0502985 0.0602641 0.0687991 0.0748818 0.077895 0.0777182 0.0746531 0.0693027 0.0624381 0.0548411 0.0471545 0.0397996 0.0329842 0.0267723 0.0211687 0.016183 0.0118545 0.00824074 0.00538369 0.00327458
 0.0088624 0.0142419 0.0211576 0.0294818 0.0389498 0.0490412 0.0588955 0.0674466 0.0737435 0.0772156 0.0777196 0.0754409 0.0707942 0.0643623 0.0568234 0.0488469 0.0409906 0.0336369 0.0269879 0.0211105 0.0160052 0.011663 0.00808738 0.00528093 0.00321456
 0.00870003 0.0139962 0.0208215 0.0290601 0.0384557 0.048491 0.0583053 0.0668339 0.0731347 0.0766572 0.0772904 0.0752489 0.0709479 0.0649164 0.0577301 0.0499493 0.0420733 0.0345092 0.0275507 0.0213721 0.0160478 0.0115895 0.00798062 0.00518764 0.00315039
 0.00861757 0.0138349 0.0205303 0.0285789 0.0377359 0.0475242 0.0571459 0.0655982 0.0719711 0.0757047 0.0766478 0.0749696 0.0710515 0.0654001 0.0585644 0.0510617 0.0433385 0.0357666 0.0286478 0.0222114 0.0166085 0.0119148 0.00814329 0.00525699 0.00317531
 0.00864113 0.0138572 0.0205317 0.0285251 0.0375786 0.0472084 0.0566237 0.064849 0.0710231 0.0746465 0.0756179 0.0741228 0.0705165 0.06525 0.0588089 0.0516557 0.0441937 0.0367629 0.0296514 0.0231022 0.0173086 0.0124024 0.00844435 0.00542214 0.00325622
 0.00849813 0.0136683 0.0203265 0.0283543 0.0374945 0.0472354 0.0567363 0.0649711 0.0710537 0.074499 0.0752571 0.0735834 0.0698968 0.0646823 0.0584192 0.0515269 0.0443467 0.0371562 0.030198 0.0236959 0.0178535 0.0128361 0.00874668 0.00560749 0.00335641
 0.00859487 0.0137871 0.0204372 0.0284124 0.0374622 0.0471092 0.0565611 0.0648239 0.0710002 0.0745493 0.0753524 0.0736256 0.0698033 0.0644324 0.0580652 0.0511696 0.0440901 0.0370673 0.0302863 0.023919 0.0181407 0.0131176 0.00897535 0.00576624 0.0034518
 0.00878288 0.0140586 0.0207801 0.0287879 0.0378086 0.0473539 0.0566384 0.0646967 0.0706793 0.0741006 0.0748764 0.0732152 0.0695033 0.0642291 0.0579135 0.0510346 0.0439724 0.0369973 0.0302974 0.0240213 0.0183128 0.0133178 0.00916149 0.0059115 0.00354899
 0.00884489 0.0141823 0.0210062 0.029162 0.0383622 0.048077 0.0574596 0.0654873 0.0712884 0.074406 0.0748276 0.072847 0.0689148 0.0635411 0.057227 0.0504095 0.0434341 0.0365561 0.0299619 0.023798 0.0181964 0.0132865 0.0091826 0.00595291 0.00358867
 0.00877521 0.0140889 0.0209045 0.0290843 0.0383553 0.0481944 0.0577467 0.0659625 0.0719225 0.0751129 0.0754779 0.0733065 0.0690933 0.0634235 0.0568706 0.0499128 0.0428971 0.0360544 0.0295409 0.0234779 0.0179793 0.0131605 0.0091254 0.00593845 0.00359418
 0.008775 0.0140678 0.0208362 0.0289358 0.0381016 0.0478388 0.0573366 0.0655862 0.071685 0.0750978 0.0757124 0.0737469 0.069637 0.0639446 0.0572644 0.0501283 0.0429431 0.0359815 0.0294125 0.0233468 0.0178778 0.0130995 0.00910083 0.00593832 0.00360543
 0.00871453 0.0139777 0.0207142 0.0287813 0.0379108 0.0476006 0.0570351 0.0652138 0.0712615 0.0746818 0.0753942 0.0736174 0.0697474 0.0642801 0.0577471 0.0506492 0.0434049 0.0363287 0.0296377 0.0234764 0.0179489 0.0131431 0.00913454 0.00596805 0.0036308
 0.00868569 0.0139342 0.0206551 0.0287085 0.0378285 0.0475143 0.0569482 0.0651245 0.0711607 0.0745568 0.0752399 0.0734491 0.0696051 0.0642152 0.0577966 0.0508131 0.0436441 0.0365841 0.0298577 0.023635 0.0180473 0.0131982 0.00916538 0.00598767 0.00364523
 0.00895257 0.0143664 0.0213006 0.0296053 0.0389908 0.0489123 0.0584915 0.0666616 0.072504 0.0755255 0.0757015 0.0733477 0.0689711 0.0631573 0.0564762 0.0494053 0.0422967 0.0353919 0.0288598 0.0228317 0.017421 0.0127278 0.00882968 0.00576383 0.00350783
 0.00897269 0.0144349 0.0214704 0.0299494 0.0395853 0.0498089 0.0596882 0.0680877 0.0740242 0.0769617 0.076865 0.0740765 0.0691641 0.062798 0.0556357 0.048223 0.0409443 0.0340331 0.0276193 0.0217821 0.0165875 0.0121029 0.00838754 0.00547049 0.00332708
 0.00869811 0.0140005 0.0208433 0.0291189 0.0385794 0.0487119 0.058649 0.0673009 0.0736784 0.077173 0.0776295 0.0752659 0.0705646 0.0641724 0.0567852 0.04903 0.0413855 0.0341637 0.0275372 0.0215903 0.0163675 0.0119042 0.00823208 0.00536125 0.00325733
 0.00862084 0.0138679 0.0206304 0.0287971 0.0381222 0.0481063 0.0579112 0.0664895 0.0728985 0.0765635 0.0773308 0.075374 0.071091 0.0650294 0.0578096 0.050035 0.0422178 0.0347411 0.0278556 0.021702 0.0163486 0.0118252 0.00814213 0.00528595 0.00320454
 0.00858441 0.0138091 0.020542 0.0286702 0.0379451 0.0478644 0.057589 0.0660777 0.0724048 0.0760238 0.0768148 0.0749783 0.0709144 0.0651379 0.0582048 0.0506456 0.0429211 0.0354057 0.0283841 0.0220546 0.0165386 0.0118977 0.00814778 0.00526458 0.0031795
 0.00868048 0.0139496 0.0207241 0.0288803 0.0381615 0.0480612 0.0577396 0.0661551 0.0723824 0.0758801 0.0765436 0.0745996 0.0704815 0.0647303 0.0579064 0.0505134 0.0429621 0.0355748 0.0286062 0.0222572 0.0166781 0.0119657 0.00816137 0.00524919 0.00315602
 0.00907439 0.0145383 0.0215129 0.0298374 0.0392238 0.0491461 0.0587544 0.0670044 0.0729771 0.0761512 0.076456 0.0741602 0.06974 0.0637742 0.0568497 0.0494774 0.0420493 0.0348461 0.0280717 0.0218867 0.0164237 0.0117846 0.00802669 0.00514874 0.00308482
 0.00933076 0.0149623 0.0221613 0.030759 0.040439 0.0506192 0.0603738 0.0685892 0.0743183 0.0770691 0.0768443 0.0739998 0.0690849 0.0627284 0.0555453 0.048057 0.0406493 0.0335785 0.0270092 0.0210558 0.0158114 0.0113543 0.00773542 0.00495845 0.00296582
 0.00945866 0.0151772 0.0224987 0.0312596 0.0411431 0.0515551 0.0615396 0.0699343 0.0757338 0.078395 0.0778976 0.0746188 0.069174 0.0622826 0.0546458 0.0468431 0.0392824 0.0322112 0.0257627 0.0200075 0.0149925 0.0107569 0.00732683 0.00469576 0.00280719
 0.00909975 0.0146047 0.0216615 0.0301283 0.0397287 0.0499334 0.0598688 0.068446 0.0746849 0.0779937 0.0782356 0.0756388 0.0706858 0.0640201 0.0563421 0.0482963 0.04039 0.0329659 0.0262227 0.0202583 0.0151152 0.0108119 0.00735033 0.00470576 0.00281125
 0.00891438 0.0142969 0.0211858 0.0294377 0.0387844 0.048722 0.0584242 0.0668666 0.073135 0.0766838 0.0773816 0.0754075 0.0711414 0.0650953 0.0578514 0.0499896 0.0420245 0.0343662 0.0273063 0.0210261 0.0156203 0.0111246 0.00753512 0.00481074 0.00286846
 0.00888166 0.01423 0.0210589 0.0292148 0.0384239 0.0481857 0.0576897 0.0659382 0.0720538 0.075534 0.0762908 0.0745329 0.0706394 0.0650777 0.0583439 0.0509146 0.0432193 0.035633 0.0284704 0.0219768 0.0163213 0.0115971 0.00782933 0.00498147 0.00296131
 0.00903467 0.0144487 0.021331 0.0295064 0.0386844 0.048357 0.0577162 0.0657743 0.0716708 0.0749301 0.0755008 0.0736344 0.0697489 0.0643327 0.0578714 0.0507937 0.0434528 0.0361443 0.0291303 0.0226489 0.0169023 0.012037 0.00812601 0.00516187 0.00306108
 0.00969416 0.0154563 0.0227244 0.0312699 0.0407448 0.0505839 0.0599221 0.0677259 0.0731231 0.0756787 0.0754316 0.0727503 0.0681687 0.0622676 0.0555863 0.0485572 0.0414865 0.0345828 0.0280077 0.0219148 0.0164603 0.0117853 0.00798456 0.00508036 0.00301272
 0.0100135 0.0159855 0.0235369 0.0324336 0.0422992 0.0525076 0.062104 0.069963 0.0751551 0.0772463 0.0763321 0.0728727 0.0675059 0.060913 0.0537176 0.0464073 0.0393027 0.0325817 0.0263374 0.0206378 0.0155608 0.011197 0.00762352 0.00487015 0.00289575
 0.00968489 0.0155485 0.023061 0.0320501 0.0421727 0.0527859 0.0628695 0.0712039 0.0767628 0.0790318 0.0780577 0.074296 0.0684295 0.061226 0.0534148 0.0455834 0.0381252 0.0312506 0.0250415 0.0195171 0.014688 0.0105794 0.00722391 0.00463195 0.00276406
#obs surv len freq
 0.00497886 0.00815516 0.0124042 0.0177392 0.0240335 0.0309202 0.0377721 0.0438636 0.0486423 0.051906 0.0537733 0.0545308 0.0545007 0.0539827 0.0532393 0.0524851 0.0518652 0.051414 0.0509925 0.0502316 0.0485491 0.0453148 0.0401518 0.0332286 0.0253256
 0.00518241 0.00848965 0.0129143 0.0184692 0.0250189 0.0321748 0.0392742 0.0455509 0.0504201 0.0536645 0.055403 0.0559311 0.0555822 0.0546681 0.0534661 0.0522113 0.0510763 0.0501306 0.0492762 0.0481868 0.0463208 0.0430758 0.0380789 0.0314688 0.0239648
 0.00541548 0.00886867 0.0134852 0.0192752 0.0260934 0.033529 0.0408843 0.0473524 0.0523157 0.0555412 0.0571487 0.0574448 0.0567766 0.0554687 0.0538099 0.0520466 0.0503682 0.0488715 0.0475008 0.0459858 0.043846 0.0405289 0.0356793 0.0294067 0.022357
 0.00565553 0.00926411 0.0140898 0.0201418 0.0272631 0.0350144 0.0426526 0.0493212 0.0543667 0.0575445 0.058985 0.0590149 0.0580017 0.0562859 0.0541662 0.0518961 0.0496726 0.0476096 0.0456862 0.0436894 0.0412115 0.0377681 0.0330385 0.0271102 0.0205504
 0.00590118 0.00966672 0.014702 0.0210155 0.0284398 0.0365104 0.0444425 0.0513306 0.0564807 0.0596284 0.0609059 0.0606577 0.0592761 0.0571266 0.0545274 0.0517434 0.0489774 0.0463528 0.0438735 0.0413771 0.0385295 0.0349238 0.0302863 0.0246924 0.0186324
 0.00615695 0.0100845 0.0153344 0.0219127 0.0296405 0.0380264 0.0462435 0.0533386 0.0585809 0.0616903 0.0628036 0.0622814 0.0605364 0.0579552 0.0548754 0.0515771 0.0482739 0.0450993 0.042078 0.0390906 0.0358712 0.0320898 0.0275259 0.0222506 0.0166828
 0.00639457 0.0104759 0.0159327 0.0227707 0.0307994 0.0394999 0.0480009 0.0552994 0.060627 0.0636894 0.0646314 0.0638338 0.0617323 0.0587343 0.0551943 0.051405 0.0475892 0.043891 0.0403551 0.0369013 0.0333256 0.0293706 0.0248681 0.0198893 0.0147886
 0.00663065 0.0108625 0.0165202 0.0236076 0.0319237 0.0409241 0.0496962 0.0571898 0.0625989 0.0656127 0.0663811 0.0653038 0.062842 0.0594286 0.0554393 0.0511811 0.0468854 0.0427037 0.0386967 0.0348179 0.030919 0.0268077 0.0223648 0.0176632 0.0129994
 0.00683738 0.0112017 0.0170364 0.0243444 0.0329156 0.042183 0.0511981 0.0588694 0.0643584 0.0673396 0.0679656 0.0666502 0.0638728 0.0600865 0.0556864 0.0509957 0.0462579 0.0416346 0.0372016 0.0329422 0.028755 0.0245047 0.020115 0.0156606 0.0113874
 0.00708304 0.0116012 0.0176373 0.0251899 0.0340347 0.0435761 0.0528227 0.0606369 0.0661477 0.0690227 0.0694302 0.0678117 0.064676 0.060501 0.0557 0.050608 0.0454752 0.040469 0.0356763 0.0311039 0.0266896 0.0223454 0.0180304 0.0138191 0.00991205
 0.00730387 0.0119683 0.0182043 0.0260103 0.0351486 0.0449908 0.0544941 0.0624647 0.0679926 0.0707359 0.070882 0.0689082 0.0653632 0.0607604 0.05554 0.0500529 0.0445556 0.0392173 0.0341293 0.0293133 0.0247364 0.0203468 0.0161303 0.0121588 0.00859183
 0.00744501 0.0122013 0.0185622 0.026528 0.0358585 0.0459137 0.0556274 0.0637744 0.0694109 0.0721682 0.0722188 0.0700405 0.0661991 0.0612369 0.0556284 0.0497552 0.0438956 0.0382315 0.0328634 0.0278259 0.0231068 0.01868 0.0145492 0.0107807 0.00749839
 0.007526 0.0123336 0.0187631 0.0268152 0.0362489 0.0464201 0.0562548 0.0645169 0.0702511 0.0730767 0.0731531 0.0709431 0.0669991 0.0618579 0.0560012 0.04983 0.0436499 0.037671 0.0320191 0.0267512 0.0218779 0.0173937 0.0133139 0.00969698 0.0066355
 0.00759243 0.0124348 0.0189032 0.0269947 0.0364665 0.0466754 0.0565501 0.0648569 0.0706415 0.0735218 0.073652 0.0714847 0.0675571 0.0623883 0.0564446 0.0501211 0.0437304 0.0375032 0.0315949 0.0260963 0.0210499 0.0164763 0.012403 0.00888196 0.00597892
 0.00766866 0.0125534 0.0190713 0.0272143 0.036733 0.0469771 0.0568677 0.0651673 0.0709248 0.0737691 0.0738694 0.0716892 0.0677657 0.062607 0.0566601 0.050299 0.0438222 0.0374587 0.0313779 0.0256985 0.0204975 0.0158272 0.011734 0.00826912 0.00547794
 0.00773096 0.0126489 0.0192042 0.0273845 0.0369363 0.0472052 0.0571085 0.0654052 0.0711428 0.0739528 0.0740115 0.0717924 0.0678422 0.0626729 0.056727 0.0503656 0.043869 0.0374516 0.0312794 0.0254825 0.0201633 0.0154041 0.0112745 0.00783255 0.00511199
 0.00779455 0.012749 0.0193483 0.0275765 0.0371745 0.0474803 0.0574026 0.0656925 0.0713953 0.0741475 0.0741358 0.0718458 0.0678342 0.0626203 0.0566488 0.0502775 0.0437771 0.0373484 0.0311456 0.0252965 0.0199135 0.0150989 0.0109427 0.00751331 0.00484059
 0.0078263 0.0127965 0.0194125 0.0276559 0.0372666 0.047583 0.0575145 0.0658123 0.07152 0.074271 0.0742492 0.0719393 0.0679002 0.0626555 0.0566551 0.0502606 0.0437427 0.0372978 0.0310732 0.0251918 0.0197679 0.0149138 0.010733 0.00730405 0.00465702
 0.00783629 0.0128109 0.0194307 0.0276761 0.0372862 0.0475996 0.0575269 0.0658219 0.0715309 0.0742895 0.0742819 0.0719897 0.0679665 0.0627303 0.0567283 0.0503226 0.0437869 0.03732 0.0310697 0.0251579 0.0197003 0.0148138 0.0106101 0.00717444 0.00453862
 0.00787909 0.0128703 0.019501 0.0277459 0.0373411 0.0476278 0.0575237 0.0657904 0.0714802 0.0742321 0.0742301 0.0719542 0.0679546 0.0627442 0.0567643 0.0503722 0.043839 0.0373635 0.0310955 0.0251596 0.0196746 0.0147618 0.0105383 0.00709422 0.0044625
 0.00788783 0.0128869 0.0195301 0.0277914 0.037404 0.0477021 0.0575953 0.0658401 0.0714916 0.074199 0.0741608 0.0718677 0.0678732 0.0626853 0.0567369 0.0503757 0.0438655 0.0374011 0.0311314 0.0251829 0.0196784 0.0147442 0.0105031 0.00704893 0.00441637
 0.007921 0.0129324 0.019583 0.027843 0.0374446 0.0477262 0.057604 0.0658396 0.0714876 0.0741918 0.0741452 0.0718379 0.0678282 0.0626322 0.0566878 0.050342 0.0438531 0.0374082 0.0311503 0.0252032 0.0196908 0.0147435 0.010489 0.00702554 0.00438982
 0.00790406 0.0129096 0.0195573 0.0278189 0.0374259 0.047713 0.0575913 0.0658198 0.0714558 0.0741504 0.0741031 0.0718056 0.0678126 0.0626339 0.0567038 0.0503693 0.0438903 0.0374542 0.0312018 0.0252544 0.0197345 0.0147742 0.0105045 0.00702798 0.00438386
 0.00789593 0.0128892 0.0195138 0.0277395 0.037301 0.0475431 0.0573917 0.0656181 0.0712827 0.074029 0.0740427 0.0718038 0.0678604 0.062721 0.0568196 0.0505033 0.0440325 0.0375959 0.0313357 0.0253744 0.0198353 0.0148521 0.0105585 0.00706056 0.00440005
 0.00788278 0.0128682 0.0194825 0.0276946 0.0372378 0.0474552 0.057273 0.0654669 0.0711065 0.0738462 0.0738806 0.0716893 0.0678113 0.0627413 0.0569005 0.0506289 0.0441849 0.0377585 0.031495 0.0255198 0.0199595 0.0149506 0.0106304 0.00710798 0.00442783
 0.00787131 0.0128485 0.0194512 0.027648 0.0371731 0.0473718 0.057173 0.0653548 0.0709874 0.0737254 0.0737639 0.0715861 0.0677347 0.0627054 0.0569154 0.0506958 0.0442955 0.0378979 0.0316462 0.0256671 0.0200908 0.0150584 0.0107116 0.00716382 0.00446253
 0.007842 0.0127987 0.0193723 0.0275315 0.0370131 0.0471689 0.0569378 0.0651081 0.0707556 0.0735337 0.0736299 0.0715174 0.0677305 0.0627602 0.0570222 0.0508474 0.0444831 0.0381095 0.0318665 0.0258796 0.0202808 0.0152155 0.0108316 0.00724784 0.00451624
 0.00785406 0.0128131 0.0193841 0.0275321 0.0369917 0.0471152 0.0568451 0.0649757 0.0705907 0.0733509 0.0734495 0.0713612 0.067617 0.0627005 0.0570195 0.0508982 0.0445796 0.0382412 0.0320205 0.0260413 0.0204353 0.0153505 0.0109392 0.00732607 0.0045678
 0.00778255 0.0127073 0.0192443 0.0273649 0.0368077 0.046925 0.0566568 0.0647951 0.0704228 0.0732023 0.073329 0.0712792 0.0675838 0.0627234 0.0571006 0.0510335 0.0447594 0.0384519 0.0322462 0.0262657 0.020643 0.015529 0.0110809 0.00742929 0.00463641
 0.00776026 0.0126613 0.0191578 0.0272187 0.0365872 0.046631 0.056312 0.0644417 0.070109 0.0729658 0.0731871 0.0712295 0.067613 0.0628169 0.057247 0.051224 0.0449855 0.0387028 0.0325081 0.0265228 0.0208797 0.0157323 0.0112428 0.00754794 0.0047159
 0.00774729 0.0126383 0.0191189 0.0271555 0.0364888 0.0464853 0.0561097 0.0641819 0.0698057 0.0726498 0.0729008 0.0710148 0.0674981 0.0628093 0.0573359 0.0513889 0.0452038 0.0389539 0.0327736 0.0267855 0.0211235 0.0159435 0.0114126 0.00767355 0.00480088
 0.00936016 0.014901 0.0218602 0.0299939 0.0389427 0.0481495 0.0567946 0.0639399 0.0688514 0.0712459 0.0712769 0.0693402 0.0658889 0.0613427 0.0560587 0.0503214 0.0443445 0.0382866 0.0322747 0.0264285 0.0208814 0.0157899 0.0113226 0.00762566 0.00477812
 0.00932356 0.0151407 0.0227491 0.0319964 0.0424145 0.0530654 0.062575 0.0695443 0.0731476 0.0734541 0.0712252 0.0674091 0.0627429 0.0576453 0.0523088 0.0468229 0.0412499 0.0356534 0.0301076 0.0247038 0.0195593 0.0148203 0.0106478 0.00718414 0.0045089
 0.00898301 0.0146002 0.0219823 0.031046 0.0414488 0.0524191 0.0627123 0.0708956 0.0758567 0.0771872 0.0752082 0.0707223 0.0647044 0.0580481 0.051396 0.0450778 0.0391651 0.0335937 0.0282825 0.0232011 0.018392 0.0139611 0.0100504 0.00679414 0.00427179
 0.00879287 0.0142841 0.0214941 0.0303411 0.0405005 0.0512497 0.0614348 0.0697435 0.0751688 0.0773167 0.0763672 0.0728309 0.0673516 0.0606235 0.053337 0.0460853 0.0392657 0.0330446 0.0274097 0.0222747 0.0175761 0.0133238 0.0095965 0.00649616 0.00409121
 0.0087152 0.0141518 0.0212828 0.0300223 0.0400452 0.0506364 0.0606621 0.0688459 0.0742338 0.0764968 0.0758703 0.0728701 0.0680534 0.0619359 0.055003 0.0477245 0.0405282 0.0337464 0.0275713 0.0220585 0.0171829 0.0129131 0.00925671 0.0062547 0.00393894
 0.00869613 0.0141147 0.0212153 0.0299076 0.0398641 0.0503712 0.0603007 0.068386 0.0736872 0.0758963 0.0752804 0.072394 0.0678221 0.0620684 0.0555454 0.0486018 0.0415503 0.0346786 0.0282324 0.0223854 0.017228 0.0127895 0.00907585 0.00608945 0.00381913
 0.00869096 0.014108 0.0212078 0.0298995 0.0398526 0.0503479 0.0602501 0.0682872 0.0735193 0.0756465 0.0749527 0.0720168 0.0674533 0.0617911 0.0554481 0.0487428 0.0419213 0.0351936 0.028758 0.0227985 0.0174657 0.0128616 0.00903893 0.00600829 0.00373948
 0.008674 0.014081 0.0211686 0.0298469 0.0397875 0.0502733 0.0601714 0.0682093 0.073443 0.0755657 0.0748548 0.0718899 0.0672961 0.0616225 0.0553095 0.0486873 0.0419912 0.0353955 0.0290511 0.0231094 0.0177219 0.0130224 0.00910543 0.00601008 0.00371215
 0.00866832 0.0140703 0.0211499 0.0298165 0.0397423 0.0502122 0.0600966 0.0681269 0.0733612 0.0754919 0.0747922 0.0718356 0.0672427 0.0615637 0.0552481 0.0486396 0.0419839 0.0354522 0.0291767 0.0232824 0.017902 0.0131704 0.0092002 0.00605346 0.00372065
 0.00866781 0.0140724 0.021158 0.0298351 0.0397743 0.0502567 0.0601467 0.0681711 0.0733869 0.0754904 0.0747615 0.0717796 0.0671685 0.0614781 0.0551571 0.0485514 0.0419107 0.0354095 0.0291768 0.0233258 0.0179749 0.0132497 0.00926508 0.00609379 0.00373811
 0.0086727 0.0140787 0.0211646 0.0298405 0.0397777 0.0502594 0.0601521 0.0681832 0.0734074 0.0755161 0.0747845 0.0717904 0.0671599 0.0614482 0.0551094 0.0484932 0.0418519 0.0353612 0.0291493 0.023325 0.0179986 0.0132881 0.00930521 0.00612528 0.00375707
 0.00865409 0.0140527 0.0211332 0.029808 0.0397493 0.0502387 0.0601405 0.0681797 0.0734107 0.0755258 0.0748011 0.071813 0.067185 0.06147 0.055122 0.0484936 0.0418417 0.0353463 0.0291375 0.0233231 0.0180097 0.0133098 0.00933125 0.00614898 0.0037742
 0.00862133 0.0139991 0.0210524 0.0296952 0.0396039 0.0500676 0.0599599 0.068013 0.0732827 0.0754545 0.0747929 0.071863 0.0672807 0.061595 0.0552599 0.0486298 0.0419653 0.0354519 0.0292249 0.0233955 0.0180711 0.0133626 0.00937558 0.00618365 0.00379861
 0.00861579 0.0139876 0.0210304 0.0296566 0.0395424 0.0499789 0.0598439 0.0678764 0.0731388 0.0753218 0.0746908 0.0718074 0.0672788 0.0616445 0.0553496 0.048744 0.0420881 0.0355698 0.0293296 0.0234836 0.0181429 0.0134199 0.00942014 0.00621681 0.00382158
 0.00861703 0.0139916 0.0210399 0.0296744 0.0395698 0.0500128 0.059876 0.0678941 0.0731296 0.0752787 0.0746163 0.0717138 0.0671844 0.0615677 0.0553035 0.0487325 0.0421068 0.0356092 0.0293785 0.0235332 0.0181875 0.0134571 0.00944956 0.00623885 0.00383704
 0.00861703 0.0139916 0.0210399 0.0296744 0.0395698 0.0500128 0.059876 0.0678941 0.0731296 0.0752787 0.0746163 0.0717138 0.0671844 0.0615677 0.0553035 0.0487325 0.0421068 0.0356092 0.0293785 0.0235332 0.0181875 0.0134571 0.00944956 0.00623885 0.00383704
 0.00894589 0.0145091 0.0217845 0.0306642 0.0407917 0.05141 0.0613385 0.0692654 0.0742358 0.0759728 0.0748159 0.0714161 0.0664587 0.0605312 0.0540928 0.0474768 0.040909 0.0345379 0.0284696 0.022797 0.0176175 0.0130367 0.0091561 0.00604667 0.00372006
 0.00904059 0.0146961 0.0221256 0.0312339 0.0416546 0.0525873 0.062778 0.0708358 0.0757523 0.0772416 0.0756769 0.0717718 0.0662852 0.0598768 0.0530631 0.0462117 0.0395542 0.0332206 0.027283 0.0217956 0.0168215 0.0124399 0.00873518 0.00576895 0.00354983
 0.00881316 0.0143383 0.0216142 0.0305678 0.0408699 0.0517718 0.0620736 0.0704135 0.0757577 0.077733 0.0765922 0.0729441 0.0674989 0.0609326 0.0538271 0.0466343 0.0396626 0.0330928 0.027016 0.0214786 0.0165191 0.0121887 0.00854772 0.00564156 0.00347069
 0.00884595 0.0143602 0.0215893 0.0304439 0.0405937 0.0513134 0.061451 0.0697037 0.0750873 0.0772491 0.0764212 0.0731487 0.0680515 0.061719 0.0546826 0.0473974 0.0402221 0.033409 0.0271144 0.0214234 0.0163839 0.0120342 0.00841155 0.00553965 0.00340359
 0.00892095 0.0144818 0.0217691 0.0306854 0.0408831 0.0516101 0.061686 0.0697947 0.0749715 0.0769194 0.0759432 0.0726453 0.0676583 0.0615318 0.0547222 0.0476081 0.0405015 0.033654 0.0272581 0.0214501 0.0163191 0.0119216 0.00829227 0.0054397 0.00333257
 0.00895727 0.0145459 0.0218749 0.0308486 0.0411168 0.051917 0.0620496 0.0701735 0.0753016 0.0771277 0.0759707 0.072473 0.0673226 0.0611175 0.0543317 0.0473202 0.0403427 0.0335973 0.0272475 0.0214332 0.0162693 0.0118408 0.00819915 0.00535436 0.00326716
 0.00912666 0.0148118 0.0222567 0.0313562 0.0417468 0.0526482 0.0628378 0.0709519 0.0759886 0.0776412 0.0762425 0.0724612 0.0670212 0.0605637 0.0536044 0.046524 0.03958 0.0329395 0.0267215 0.0210284 0.015958 0.011598 0.00801006 0.00521285 0.00316875
 0.00924486 0.015016 0.0225848 0.0318477 0.0424292 0.0535182 0.0638462 0.0720036 0.0769628 0.0784216 0.0767428 0.0726349 0.066861 0.0600964 0.0528867 0.0456382 0.0386236 0.0320085 0.0258912 0.0203407 0.0154213 0.0111981 0.00772383 0.00501656 0.00304141
 0.00934418 0.01518 0.022837 0.0322122 0.0429274 0.0541609 0.064624 0.0728787 0.0778674 0.0792655 0.0774278 0.0730742 0.0669976 0.059914 0.052411 0.0449294 0.0377652 0.0310936 0.0250076 0.0195569 0.0147776 0.0107055 0.00737087 0.00477936 0.00289224
 0.00887511 0.0144469 0.0217929 0.0308451 0.041276 0.0523319 0.0628016 0.0713081 0.0768019 0.0788923 0.0778095 0.0741324 0.0685414 0.0616964 0.0541901 0.0465172 0.0390519 0.0320481 0.0256591 0.019968 0.0150188 0.010838 0.00743918 0.004812 0.00290609
 0.00889218 0.0144078 0.021612 0.0304052 0.0404636 0.0510913 0.0611827 0.0694778 0.0750109 0.0774128 0.0768704 0.0738706 0.068976 0.0627287 0.0556308 0.0481348 0.0406286 0.0334236 0.0267505 0.020764 0.0155569 0.0111778 0.00764081 0.00492478 0.00296541
 0.00896627 0.0145342 0.0218076 0.0306752 0.040782 0.0513821 0.0613173 0.0693068 0.0744278 0.0764208 0.0756088 0.0725808 0.0679212 0.0621083 0.0555255 0.048498 0.0413194 0.0342616 0.0275716 0.0214574 0.0160759 0.011527 0.00785412 0.00504385 0.0030264
 0.00894933 0.0145188 0.0218075 0.030712 0.0408803 0.0515592 0.0615683 0.0695914 0.0746654 0.0765038 0.0754392 0.0721199 0.0672255 0.0613247 0.0548413 0.0480693 0.0412156 0.0344521 0.0279539 0.0219072 0.0164914 0.0118518 0.00807559 0.00517765 0.00309867
 0.00923621 0.0149691 0.0224536 0.0315694 0.0419401 0.0527793 0.062866 0.0708456 0.075733 0.0772464 0.0757474 0.0719309 0.066537 0.0602082 0.0534424 0.0465846 0.0398435 0.0333386 0.0271593 0.0214087 0.0162155 0.0117142 0.00800964 0.00514342 0.00307786
 0.00931027 0.0151263 0.0227566 0.0320951 0.0427554 0.0539056 0.0642492 0.0723533 0.0771841 0.0784576 0.0765728 0.0722808 0.0663803 0.0595686 0.0523969 0.0452595 0.0384008 0.0319468 0.0259557 0.0204699 0.0155508 0.011283 0.00774956 0.00499493 0.00299631
 0.00928626 0.0150918 0.0227162 0.0320636 0.0427644 0.0540068 0.0645089 0.0728318 0.0779043 0.0793766 0.077577 0.0732116 0.0670799 0.0599225 0.0523578 0.0448512 0.0377071 0.031091 0.0250721 0.0196734 0.0149128 0.0108244 0.00745138 0.00481786 0.00289924
#pred catch len freq
 0.00403058 0.00643598 0.0095052 0.0132154 0.0175635 0.0225328 0.0280207 0.0338059 0.0395853 0.0450393 0.0498841 0.0539098 0.0570083 0.0591735 0.0604688 0.0609832 0.0607978 0.0599638 0.0584703 0.0561954 0.0528793 0.048195 0.0419505 0.0343393 0.0260462
 0.00447005 0.00708489 0.0103659 0.014263 0.0187732 0.0239126 0.0296189 0.0356749 0.0417136 0.047293 0.0520028 0.055572 0.0579369 0.0592307 0.0596954 0.0595705 0.0590104 0.0580457 0.0565728 0.0543565 0.0510634 0.0463677 0.0401417 0.0326524 0.024611
 0.00469152 0.00747391 0.0110018 0.0152298 0.0201327 0.0256689 0.031698 0.0379416 0.0440227 0.049535 0.0541032 0.0574419 0.0594245 0.0601281 0.0598111 0.0588206 0.0574657 0.0559052 0.0540835 0.0517321 0.0484485 0.0438557 0.0378174 0.030614 0.0229527
 0.00495411 0.00787892 0.0115767 0.0160016 0.0211424 0.0269817 0.0333916 0.0400646 0.046539 0.0522927 0.0568557 0.0599168 0.0613928 0.0614305 0.0603418 0.0585098 0.0562939 0.0539366 0.0514793 0.048723 0.0452842 0.0407651 0.0349925 0.0282038 0.0210508
 0.0052193 0.00830341 0.0122031 0.0168652 0.0222664 0.0283721 0.0350345 0.0419323 0.0486003 0.0545127 0.0591743 0.0622157 0.0634838 0.0630829 0.0613362 0.0586866 0.0555765 0.0523378 0.049103 0.0457613 0.0419976 0.0374447 0.0319123 0.0255777 0.0190003
 0.00553885 0.00880324 0.0129208 0.0178284 0.0234948 0.0298779 0.0368142 0.0439525 0.0507881 0.0567599 0.0613557 0.0642112 0.0651871 0.0643923 0.0621392 0.0588585 0.0550041 0.0509576 0.0469378 0.0429396 0.0387499 0.0340705 0.0287244 0.0228356 0.0168578
