SBPRF35
8.55551
Curr Bio
523697
B35
616452
F35
0.203708
FOFL
0.175504
OFL
74907.8
Bzero
2.44443e+006
#pred survey bio
 3.36778e+006 3.49157e+006 3.60177e+006 3.48797e+006 3.1899e+006 2.81379e+006 2.49572e+006 2.28597e+006 2.05787e+006 1.81739e+006 1.61951e+006 1.40326e+006 1.21453e+006 1.08124e+006 970717 833487 727009 693760 690498 679878 614723 566526 542696 545974 562914 574673 586950 587980 573081 557813 562640 581049 594833 586158 574918 560590 576707 587057 637651 648661 585317 524951 535128 570930 594246 579640 521959 514496 520933 524008 549386 604486 638254 621922 584073 616901 668896 657467 574714 530905 1.89696e+007 1.15539e+007 1.20448e+007 1.29584e+007 1.40648e+007 1.51668e+007 1.61486e+007 1.6963e+007 1.76066e+007 1.8099e+007 1.84674e+007 1.87392e+007 1.8938e+007 1.90828e+007 1.91883e+007 1.92652e+007 1.93216e+007 1.9363e+007 1.93937e+007 1.94165e+007 1.94336e+007 1.94465e+007 1.94562e+007 1.94637e+007 1.94693e+007 1.94737e+007 1.9477e+007 1.94796e+007 1.94815e+007 1.94831e+007 1.94843e+007 1.94852e+007 1.94859e+007 1.94865e+007 1.94869e+007 1.94873e+007 1.94875e+007 1.94877e+007 1.94879e+007 1.9488e+007 1.94881e+007 1.94882e+007 1.94883e+007 1.94883e+007 1.94884e+007 1.94884e+007 1.94884e+007 1.94884e+007 1.94884e+007 1.94885e+007 1.94885e+007 1.94885e+007 1.94885e+007 1.94885e+007 1.94885e+007 1.94885e+007 1.94885e+007 1.94885e+007 1.94885e+007 1.94885e+007 1.94885e+007 1.94885e+007 1.94885e+007 1.94885e+007 1.94885e+007 1.94885e+007 1.94885e+007 1.94885e+007 1.94885e+007 1.94885e+007 1.94885e+007 1.94885e+007 1.94885e+007 1.94885e+007 1.94885e+007 1.94885e+007 1.94885e+007 1.94885e+007 1.94885e+007 1.94885e+007 1.94885e+007 1.94885e+007 1.94885e+007 1.94885e+007 1.94885e+007 1.94885e+007 1.94885e+007 1.94885e+007 1.94885e+007 1.94885e+007 1.94885e+007 1.94885e+007 1.94885e+007 1.94885e+007 1.94885e+007 1.94885e+007 1.94885e+007 1.94885e+007 1.94885e+007 1.94885e+007 0 0 0 0 0 0 0 0 0 0 0 0 0 0 0 0 0 0 0 0 0 0 0 0 0
#obs survey bio
 3.2139e+006 2.58002e+006 4.64749e+006 3.6853e+006 4.21165e+006 2.30133e+006 2.08901e+006 2.31045e+006 1.94903e+006 1.72556e+006 1.60843e+006 1.05433e+006 966640 1.05076e+006 1.06824e+006 868116 608729 557789 952145 542936 623164 508908 548207 588204 471371 551951 552061 657253 540307 477551 560306 641679 574111 704973 435686 500281 800878 628715 609757 841112 507431 399967 499801 411200 685141 705240 532418 460104 638158 304580 511868 639598 738582 623896 630775 595997 755538 646166 509676 624424
#pred catch bio
 98592.7 102681 146703 198585 231119 265998 276620 275136 310679 315796 316285 278071 254872 242322 242489 204876 174803 162501 148713 142903 125171 124683 109884 108143 116648 107593 98023.8 104310 95283.1 96646.7 99373.9 93187.3 104854 98234.2 96745 90797.4 98569.7 79238.4 97236.4 88596.3 88707.9 89642.8 84701.8 93857.8 89562.5 91948.9 82436.3 95466.3 92062.6 90932.7 76895 89164.4 102794 123120 81350.3 67492 98666.7 112297 109167 32787.3 74907.8 86638.1 89018.5 94893.2 102673 110476 117332 122888 127147 130282 132522 134086 135159 135884 136370 136692 136904 137043 137133 137192 137230 137255 137270 137281 137287 137291 137294 137296 137297 137298 137298 137298 137299 137299 137299 137299 137299 137299 137299 137299 137299 137299 137299 137299 137299 137299 137299 137299 137299 137299 137299 137299 137299 137299 137299 137299 137299 137299 137299 137299 137299 137299 137299 137299 137299 137299 137299 137299 137299 137299 137299 137299 137299 137299 137299 137299 137299 137299 137299 137299 137299 137299 137299 137299 137299 137299 137299 137299 137299 137299 137299 137299 137299 137299 137299 137299 137299 137299 137299 137299 0 0 0 0 0 0 0 0 0 0 0 0 0 0 0 0 0 0 0 0 0 0 0 0 0
#obs catch bio
 0 102461 146662 198690 230993 266145 277124 274687 310744 316376 316592 277587 255050 242727 242568 204123 175279 163599 148903 142467 124863 125009 109840 108176 116984 107660 97779.1 104415 95068.2 96682.8 99681.1 92998.7 104968 98172.6 96688 90873.3 98760.2 79092.9 97500.2 88337.9 88571 89973.3 84736.1 94085.9 89417 91850.8 82328 95867.9 91919.8 91162.7 76803.5 89186.2 102557 123600 81326.4 67226.9 98812.5 112135 110476 32490.7
#pred cpue bio
 3.33216e+006 3.45498e+006 3.56228e+006 3.44787e+006 3.1514e+006 2.77747e+006 2.46079e+006 2.25114e+006 2.02394e+006 1.78455e+006 1.58741e+006 1.37286e+006 1.18583e+006 1.05331e+006 943592 808328 703554 670226 666522 656252 593124 546328 523014 526152 542521 553800 565767 566963 552587 537950 542592 560493 574217 565980 555435 541533 555823 563723 611521 622183 562026 504087 513663 548331 570835 557009 501591 494345 500436 503545 527819 581201 614025 598032 560481 592083 643333 632811 552420 509131 1.82353e+007 1.10962e+007 1.1464e+007 1.22918e+007 1.3379e+007 1.4478e+007 1.54594e+007 1.62737e+007 1.69174e+007 1.74098e+007 1.77782e+007 1.80499e+007 1.82487e+007 1.83936e+007 1.8499e+007 1.8576e+007 1.86323e+007 1.86738e+007 1.87044e+007 1.87273e+007 1.87444e+007 1.87572e+007 1.8767e+007 1.87744e+007 1.87801e+007 1.87844e+007 1.87877e+007 1.87903e+007 1.87923e+007 1.87938e+007 1.8795e+007 1.87959e+007 1.87967e+007 1.87972e+007 1.87977e+007 1.8798e+007 1.87983e+007 1.87985e+007 1.87986e+007 1.87988e+007 1.87989e+007 1.87989e+007 1.8799e+007 1.87991e+007 1.87991e+007 1.87991e+007 1.87991e+007 1.87992e+007 1.87992e+007 1.87992e+007 1.87992e+007 1.87992e+007 1.87992e+007 1.87992e+007 1.87992e+007 1.87992e+007 1.87992e+007 1.87992e+007 1.87992e+007 1.87992e+007 1.87992e+007 1.87992e+007 1.87992e+007 1.87992e+007 1.87992e+007 1.87992e+007 1.87992e+007 1.87992e+007 1.87992e+007 1.87992e+007 1.87992e+007 1.87992e+007 1.87992e+007 1.87992e+007 1.87992e+007 1.87992e+007 1.87992e+007 1.87992e+007 1.87992e+007 1.87992e+007 1.87992e+007 1.87992e+007 1.87992e+007 1.87992e+007 1.87992e+007 1.87992e+007 1.87992e+007 1.87992e+007 1.87992e+007 1.87992e+007 1.87992e+007 1.87992e+007 1.87992e+007 1.87992e+007 1.87992e+007 1.87992e+007 1.87992e+007 1.87992e+007 1.87992e+007 1.87992e+007 0 0 0 0 0 0 0 0 0 0 0 0 0 0 0 0 0 0 0 0 0 0 0 0 0
#obs cpue bio
 2.87555e+006 3.91184e+006 3.8735e+006 3.18957e+006 2.48055e+006 3.25328e+006 2.31401e+006 2.81343e+006 2.13385e+006 1.54975e+006 1.78469e+006 2.03508e+006 1.28859e+006 991933 1.00168e+006 932907 586166 626659 583508 1.15163e+006 551988 504591 543335 462139 601965 600557 693910 471296 668666 551455 455450 625397 580986 475369 785094 478798 474354 440520 657952 624435 671731 460904 566539 737908 590421 527003 421467 452802 541098 701642 543682 580409 647779 548239 444462 641911 596884 788926 411825 538096
#pred surv len freq
 0.00418533 0.00690995 0.0106138 0.0153469 0.0210283 0.0273509 0.0337666 0.0396393 0.0444902 0.0481499 0.0507217 0.052434 0.0535144 0.0541382 0.0544279 0.0544729 0.0543517 0.054132 0.0538151 0.0532263 0.051921 0.0492406 0.0445951 0.0378675 0.0296604
 0.00457547 0.00743109 0.011192 0.0158511 0.0213164 0.0273369 0.0334673 0.0391657 0.0439868 0.0477229 0.0504027 0.0521964 0.0533226 0.0539914 0.0543717 0.054575 0.0546568 0.0546183 0.0543783 0.0537033 0.0521508 0.0491342 0.044176 0.0372575 0.0290192
 0.0045912 0.00754997 0.011534 0.0165605 0.0224954 0.0289579 0.035323 0.0409116 0.0452742 0.0483464 0.0503672 0.0516694 0.0525222 0.0530953 0.0534917 0.0537786 0.0539898 0.0541002 0.0539795 0.0533365 0.0517001 0.048513 0.0433786 0.0363674 0.0281662
 0.00472587 0.0077324 0.0117493 0.0167937 0.0227613 0.029331 0.0359331 0.0418828 0.0466279 0.0499323 0.0518883 0.0528023 0.0530596 0.0530169 0.052933 0.0529404 0.0530553 0.0531923 0.053149 0.0525688 0.0509376 0.0476973 0.0424949 0.0354634 0.0273313
 0.00491341 0.00804322 0.0122246 0.0174668 0.0236423 0.0303911 0.0371036 0.043081 0.0477983 0.0510687 0.0530032 0.0538625 0.0539433 0.0535451 0.0529576 0.0524243 0.0520865 0.0519312 0.0517544 0.0511473 0.0495361 0.0463304 0.0411842 0.034259 0.0263018
 0.00512717 0.00839106 0.0127493 0.0182095 0.0246354 0.0316454 0.0385913 0.0447255 0.0494817 0.0526589 0.0543907 0.054983 0.0547692 0.0540501 0.0530875 0.0521058 0.0512733 0.0506481 0.050103 0.049271 0.047577 0.0444076 0.0393968 0.0326939 0.025028
 0.00534969 0.00876193 0.0133241 0.0190453 0.0257785 0.0331124 0.0403507 0.0466921 0.0515283 0.05464 0.056166 0.0564345 0.0558128 0.0546383 0.0531992 0.0517283 0.0503933 0.0492654 0.0482588 0.0470663 0.0451669 0.0419754 0.0371225 0.0307265 0.023463
 0.00554022 0.00908169 0.0138246 0.0197827 0.0268045 0.034458 0.0420085 0.048606 0.0535974 0.0567339 0.0581425 0.0581559 0.0571597 0.0555189 0.0535535 0.0515253 0.0496235 0.0479381 0.0464113 0.0447834 0.0425947 0.0393142 0.0345942 0.0285274 0.0217197
 0.00574225 0.00940808 0.0143129 0.0204689 0.0277196 0.0356211 0.0434175 0.0502303 0.0553783 0.058589 0.0599724 0.0598502 0.0586032 0.0566007 0.054177 0.0516159 0.0491337 0.0468519 0.0447517 0.0426263 0.0400816 0.0366501 0.0320188 0.0262628 0.0199158
 0.00594053 0.0097519 0.0148692 0.0213108 0.0289076 0.0371753 0.0452933 0.0523169 0.0575251 0.0606457 0.0618196 0.0614066 0.0598147 0.0574232 0.0545644 0.0515174 0.0484997 0.0456477 0.0429771 0.0403378 0.0374111 0.0338053 0.0292535 0.0238203 0.0179653
 0.00610672 0.0100369 0.015327 0.0220044 0.0298999 0.0385107 0.0469764 0.0542964 0.0596917 0.0628463 0.0638834 0.0631766 0.0611736 0.0583039 0.05494 0.0513797 0.0478401 0.0444541 0.0412497 0.0381189 0.0348132 0.0310204 0.0265284 0.0213989 0.0160228
 0.00641812 0.0105244 0.0160265 0.0229395 0.0310814 0.0399358 0.0486233 0.0561191 0.0616182 0.0647822 0.065718 0.0647902 0.06245 0.0591459 0.0552824 0.0511918 0.0471174 0.043206 0.0394989 0.035917 0.0322669 0.0283059 0.0238753 0.0190392 0.0141264
 0.00672145 0.011014 0.0167553 0.0239504 0.0323948 0.041533 0.050434 0.0580261 0.0634855 0.0664913 0.0671907 0.0659852 0.0633415 0.0597034 0.0554643 0.0509531 0.0464217 0.0420365 0.0378662 0.0338699 0.0299073 0.0257967 0.0214254 0.0168594 0.0123724
 0.00689731 0.0113238 0.0172653 0.0247355 0.0335202 0.0430246 0.0522512 0.0600539 0.0655552 0.0684209 0.0688254 0.0672238 0.0641419 0.0600693 0.0554207 0.0505218 0.0456099 0.0408408 0.0362903 0.0319479 0.0277236 0.023494 0.0191887 0.0148753 0.0107784
 0.00700416 0.0115128 0.0175796 0.0252289 0.0342498 0.0440368 0.0535627 0.0616365 0.0673282 0.0702558 0.0705628 0.0687019 0.0652288 0.0606877 0.055553 0.0501948 0.0448691 0.0397297 0.0348468 0.0302184 0.0257848 0.0214668 0.0172294 0.0131423 0.00938824
 0.00728632 0.0119558 0.0182174 0.0260831 0.0353279 0.0453281 0.0550333 0.0632258 0.0689535 0.0718221 0.0719717 0.0698578 0.0660446 0.0610947 0.0555124 0.0497054 0.0439635 0.0384628 0.0332834 0.0284307 0.023861 0.0195197 0.0153923 0.0115448 0.00812174
 0.00753801 0.0123557 0.0188007 0.0268742 0.0363329 0.0465262 0.0563699 0.0646156 0.0702983 0.0730348 0.0729921 0.0706509 0.0665877 0.0613642 0.0554807 0.0493479 0.0432706 0.0374488 0.031989 0.0269214 0.0222254 0.0178666 0.0138407 0.0102037 0.00706414
 0.00755649 0.0124105 0.0189289 0.0271253 0.0367565 0.0471525 0.057192 0.0655853 0.0713381 0.0740586 0.0739244 0.0714366 0.0671924 0.0617671 0.0556653 0.0492961 0.0429643 0.0368781 0.0311638 0.0258799 0.0210369 0.0166259 0.0126542 0.00916772 0.00624294
 0.00756229 0.0124071 0.0189025 0.0270617 0.0366532 0.0470332 0.0571136 0.0656265 0.0715702 0.0745131 0.074576 0.0722115 0.0679941 0.0625032 0.0562637 0.0497066 0.0431535 0.0368263 0.0308674 0.0253584 0.0203386 0.0158266 0.0118452 0.00843574 0.0056496
 0.00765123 0.0125195 0.0190121 0.0271231 0.0366141 0.0468545 0.0567899 0.0651976 0.0711189 0.074148 0.0744032 0.0723016 0.0683569 0.0630839 0.0569608 0.0504028 0.0437443 0.0372355 0.0310526 0.0253122 0.0200876 0.0154279 0.0113752 0.00797256 0.00525402
 0.0077981 0.0127501 0.0193411 0.027552 0.0371224 0.0473923 0.057276 0.0655343 0.0712236 0.0739909 0.0740277 0.0718146 0.0678909 0.0627496 0.0568119 0.0504256 0.0438722 0.0373791 0.0311297 0.0252697 0.0199112 0.0151406 0.0110266 0.00762115 0.00494891
 0.00779476 0.0127615 0.0193892 0.0276671 0.0373342 0.0477157 0.0576973 0.0660053 0.0716685 0.0743245 0.0741807 0.0717583 0.0676513 0.062402 0.0564538 0.0501404 0.043699 0.0373044 0.0311026 0.0252292 0.0198134 0.0149732 0.010808 0.00738784 0.00473776
 0.00788522 0.0128976 0.0195745 0.0279001 0.0376122 0.0480389 0.0580689 0.0664246 0.0721196 0.0747675 0.0745528 0.0719883 0.0676845 0.0622234 0.0560988 0.0496832 0.0432259 0.0368817 0.0307579 0.0249527 0.0195762 0.0147497 0.0105898 0.00718348 0.004563
 0.00790845 0.0129246 0.0195955 0.0278997 0.0375746 0.0479559 0.0579479 0.0662918 0.0720161 0.0747378 0.0746282 0.0721706 0.0679396 0.0624902 0.0563128 0.0498031 0.0432473 0.0368315 0.0306731 0.0248605 0.0194856 0.0146576 0.0104924 0.00708408 0.0044709
 0.00786386 0.0128614 0.0195168 0.0278129 0.0374869 0.0478693 0.0578569 0.0661878 0.0718964 0.0746148 0.0745311 0.0721367 0.0679975 0.0626437 0.0565353 0.050047 0.0434638 0.0369891 0.0307649 0.0248977 0.019485 0.0146326 0.0104519 0.00703528 0.00442153
 0.00793257 0.0129589 0.0196377 0.027944 0.0376119 0.0479757 0.0579394 0.066246 0.0719291 0.0746155 0.0744913 0.0720546 0.0678854 0.0625273 0.0564423 0.0499927 0.0434442 0.0369855 0.0307565 0.0248719 0.0194406 0.0145758 0.0103911 0.00697778 0.00437235
 0.00801435 0.0130676 0.0197565 0.0280415 0.0376508 0.0479259 0.057791 0.0660145 0.0716515 0.0743396 0.0742622 0.0719026 0.0678204 0.0625416 0.0565192 0.0501146 0.0435943 0.0371466 0.0309101 0.0250011 0.0195349 0.0146334 0.0104176 0.00698276 0.00436557
 0.00796905 0.0130029 0.0196746 0.0279472 0.0375465 0.0478057 0.0576391 0.0658123 0.0713912 0.074037 0.0739589 0.0716546 0.0676781 0.0625322 0.05664 0.0503388 0.0438833 0.0374613 0.0312166 0.025274 0.0197576 0.0147993 0.0105293 0.00704976 0.00440057
 0.0080087 0.0130622 0.0197543 0.0280452 0.0376586 0.0479265 0.0577609 0.0659217 0.0714666 0.0740506 0.0738865 0.0714894 0.06744 0.0622653 0.0563977 0.0501641 0.0437958 0.0374557 0.0312708 0.0253595 0.0198487 0.0148782 0.0105873 0.00708607 0.0044196
 0.00801637 0.013069 0.0197541 0.0280292 0.037618 0.0478568 0.057666 0.0658142 0.0713643 0.0739695 0.0738338 0.0714601 0.0674209 0.0622438 0.0563715 0.0501442 0.0438004 0.0374989 0.0313543 0.0254714 0.0199699 0.0149896 0.0106765 0.00714878 0.0044584
 0.00790677 0.0129214 0.019588 0.0278799 0.0375246 0.0478444 0.0577324 0.0659309 0.0714906 0.0740714 0.0738955 0.0714835 0.0674169 0.0622235 0.0563421 0.0501114 0.0437721 0.0374855 0.0313648 0.0255084 0.0200269 0.0150546 0.010737 0.00719653 0.00449087
 0.00785207 0.0128233 0.0194256 0.0276343 0.0371904 0.0474442 0.0573228 0.0655912 0.0712934 0.074051 0.0740346 0.0717266 0.0676989 0.0624945 0.0565768 0.0503046 0.0439297 0.0376176 0.0314815 0.0256168 0.0201296 0.015149 0.0108177 0.00725918 0.00453442
 0.00775382 0.012664 0.0191866 0.0272981 0.0367446 0.0468878 0.0566762 0.0649033 0.0706417 0.0735289 0.0737278 0.071686 0.0679221 0.0629277 0.0571366 0.0509066 0.0445099 0.0381392 0.0319302 0.0259918 0.0204353 0.0153907 0.0110007 0.00738972 0.00462071
 0.00766791 0.0125463 0.019049 0.0271632 0.0366357 0.0468152 0.0566273 0.0648453 0.0705363 0.0733535 0.0734914 0.0714313 0.0677115 0.062819 0.0571595 0.051054 0.044745 0.0384144 0.0322044 0.0262389 0.0206433 0.0155571 0.0111276 0.007481 0.00468192
 0.00780001 0.0127059 0.0191894 0.0272124 0.0365222 0.0465058 0.0561528 0.0642938 0.0700151 0.0729429 0.0732194 0.0712819 0.067654 0.062834 0.0572467 0.0512207 0.0449902 0.0387193 0.0325362 0.0265618 0.0209294 0.0157908 0.0113049 0.00760635 0.00476408
 0.00861688 0.0138853 0.0206857 0.0288795 0.0381444 0.0478543 0.0570411 0.0646132 0.0697519 0.0721791 0.0721116 0.0700165 0.0663949 0.0616895 0.056268 0.050422 0.0443684 0.0382634 0.0322266 0.0263704 0.0208236 0.0157401 0.0112854 0.00760217 0.00476605
 0.00923532 0.0148902 0.0221869 0.0309521 0.0407806 0.0509066 0.0601895 0.0674042 0.0717216 0.0730087 0.0717301 0.0685981 0.0642681 0.0592183 0.05376 0.0480869 0.0423208 0.0365472 0.0308427 0.025296 0.0200223 0.0151681 0.0108969 0.00735272 0.00461594
 0.00935625 0.0151547 0.0227111 0.031886 0.0422716 0.0530365 0.0629096 0.0705017 0.0748373 0.0757056 0.0735937 0.0693431 0.0638152 0.0577092 0.0515007 0.0454472 0.0396365 0.0340625 0.0286983 0.0235474 0.0186675 0.0141709 0.0102021 0.00689753 0.00433766
 0.00892725 0.0145183 0.021873 0.0309083 0.0412779 0.0522066 0.0624611 0.0706488 0.0757216 0.0773203 0.075744 0.0716746 0.0659109 0.0592149 0.0522255 0.0453996 0.0389875 0.0330624 0.0275905 0.0225121 0.0178056 0.0135152 0.00974114 0.00659687 0.00415595
 0.00870085 0.0141538 0.0213337 0.0301709 0.040347 0.0511353 0.0613679 0.0697148 0.0751584 0.0773138 0.0763918 0.0729409 0.0676152 0.0610663 0.0538992 0.0466311 0.0396464 0.033173 0.0272944 0.0219981 0.017243 0.0130171 0.00935874 0.00633484 0.00399357
 0.00872235 0.0141439 0.0212364 0.0299074 0.039838 0.0503357 0.0602998 0.06848 0.0739252 0.0762839 0.0757601 0.0728526 0.0681257 0.062113 0.0553023 0.0481339 0.0409887 0.0341678 0.0278739 0.0222094 0.0172031 0.012855 0.00917348 0.00618084 0.0038876
 0.00872723 0.0141783 0.0213331 0.0301019 0.0401456 0.0507227 0.0606685 0.0686891 0.0738449 0.0758611 0.0750554 0.0720286 0.0673922 0.0616546 0.0552176 0.0484054 0.0414951 0.0347343 0.0283402 0.0224838 0.0172785 0.0127865 0.0090376 0.00604059 0.00377715
 0.00863742 0.0140578 0.0212004 0.0299941 0.0401123 0.0508125 0.0609103 0.0690727 0.074308 0.0762936 0.0753297 0.0720508 0.0671501 0.061232 0.0547612 0.0480604 0.0413437 0.0347695 0.0284843 0.0226371 0.0173684 0.0127907 0.00897648 0.00595238 0.00369435
 0.00862669 0.0140096 0.0210735 0.0297383 0.03969 0.0502289 0.0602347 0.0684307 0.0738417 0.0761052 0.0754398 0.0723919 0.0675993 0.0616663 0.0551079 0.0483168 0.0415573 0.0349936 0.02874 0.0229035 0.0176026 0.012958 0.00906817 0.00598391 0.0036915
 0.00860002 0.0139843 0.0210662 0.0297682 0.0397653 0.0503303 0.0603106 0.068415 0.07369 0.0758291 0.075111 0.0721095 0.0674395 0.0616477 0.0551935 0.0484471 0.0416874 0.0351105 0.0288523 0.0230195 0.0177171 0.0130551 0.00913432 0.00601682 0.00369949
 0.00854374 0.0138889 0.0209171 0.0295544 0.0394866 0.0500062 0.0599812 0.06813 0.0734869 0.0757154 0.0750664 0.072108 0.0674726 0.0617289 0.0553412 0.0486629 0.0419503 0.0353876 0.0291154 0.023253 0.0179138 0.0132114 0.00924812 0.00609024 0.00373992
 0.00866261 0.0140623 0.0211406 0.0298086 0.0397406 0.0502237 0.0601289 0.0681848 0.0734424 0.0755834 0.074872 0.0718789 0.0672312 0.0614923 0.0551266 0.0484895 0.0418331 0.0353306 0.0291094 0.0232808 0.0179579 0.0132577 0.00928754 0.00611826 0.00375629
 0.00845847 0.0137892 0.0208368 0.0295433 0.0395908 0.0502392 0.0603062 0.0684671 0.0737453 0.0758314 0.0750234 0.0719309 0.0672076 0.0614262 0.0550474 0.0484183 0.041784 0.0353115 0.0291219 0.0233195 0.0180119 0.0133147 0.00933774 0.00615621 0.00378108
 0.00842148 0.0137222 0.0207264 0.0293814 0.0393859 0.0500291 0.0601593 0.0684617 0.0739316 0.0761966 0.0754864 0.0723746 0.0675294 0.0615758 0.0550331 0.0482877 0.0415962 0.0351171 0.0289538 0.0231931 0.0179287 0.0132673 0.00931498 0.00614749 0.00377873
 0.00860269 0.0139644 0.0209941 0.0296085 0.0394948 0.0499607 0.0599013 0.0680597 0.0734788 0.075805 0.07525 0.0723361 0.0676662 0.061813 0.05528 0.0484752 0.041697 0.0351415 0.0289319 0.0231556 0.0178962 0.013248 0.0093081 0.00614842 0.00378265
 0.00860913 0.0140031 0.0211008 0.0298246 0.0398443 0.0504226 0.0603933 0.0684558 0.0736592 0.0757132 0.0749219 0.0718825 0.0672197 0.0614723 0.0550788 0.0483879 0.041669 0.0351234 0.0288982 0.0231053 0.0178409 0.0132001 0.00927397 0.00612797 0.00377229
 0.00849299 0.0137995 0.0207712 0.0293339 0.039182 0.0496259 0.0595587 0.0677188 0.073144 0.0754813 0.0749541 0.0721067 0.0675609 0.0618865 0.055553 0.0489158 0.0422288 0.0356749 0.0293972 0.0235201 0.0181608 0.0134317 0.00943295 0.00623185 0.00383655
 0.00856622 0.0138984 0.0208809 0.0294238 0.0392087 0.0495428 0.0593301 0.0673367 0.0726413 0.0749326 0.0744565 0.0717456 0.0673797 0.0618804 0.0556863 0.0491469 0.0425235 0.0360041 0.0297315 0.02383 0.0184226 0.013634 0.0095767 0.00632643 0.00389442
 0.00875241 0.0141927 0.0213061 0.0299896 0.0399023 0.0503189 0.0601037 0.0679909 0.0730547 0.0750182 0.0741943 0.0711908 0.0666434 0.0610913 0.054953 0.0485364 0.0420601 0.035682 0.0295281 0.0237159 0.0183681 0.0136132 0.00957156 0.00632665 0.00389561
 0.00894813 0.0145365 0.0218684 0.030845 0.0411043 0.0518618 0.0618914 0.0698342 0.0747077 0.0762405 0.0748104 0.0711279 0.0659404 0.0598833 0.0534338 0.0469111 0.040502 0.0343074 0.0283939 0.022831 0.0177113 0.0131486 0.00925858 0.00612685 0.00377565
 0.00860894 0.014015 0.0211443 0.0299325 0.0400637 0.050808 0.0609909 0.0692756 0.0746447 0.0767272 0.075767 0.0723609 0.0672083 0.060973 0.0542171 0.0473617 0.0406759 0.0343023 0.0283069 0.0227323 0.0176363 0.0131054 0.00924057 0.00612335 0.00377804
 0.00836779 0.0135938 0.0204596 0.0288978 0.038621 0.0489742 0.0588969 0.0671699 0.0728449 0.0755366 0.07539 0.0728471 0.0684421 0.0627105 0.0561586 0.0492336 0.0422926 0.0355861 0.0292685 0.02343 0.0181374 0.0134641 0.00949365 0.00629536 0.00388804
 0.00860256 0.0139368 0.0208998 0.0293891 0.039081 0.0492913 0.0589473 0.0668491 0.0721124 0.0744556 0.0741358 0.0716659 0.0675726 0.062303 0.05623 0.0496775 0.0429335 0.0362505 0.029837 0.0238541 0.018424 0.0136465 0.00960718 0.00636594 0.00393155
 0.00892685 0.0144652 0.0216933 0.0304936 0.0405033 0.0509678 0.0607195 0.0684713 0.0733034 0.0749801 0.0738804 0.0706789 0.066052 0.0605388 0.0545178 0.048236 0.0418592 0.0355234 0.0293684 0.0235438 0.0181994 0.0134717 0.00947148 0.0062675 0.00386695
 0.0089841 0.0146066 0.0219951 0.0310554 0.041422 0.0522945 0.0624187 0.0704026 0.0752385 0.0766467 0.0750189 0.0711011 0.0656896 0.0594671 0.0529403 0.046427 0.0400853 0.0339759 0.0281346 0.0226212 0.0175359 0.0130047 0.00914939 0.00605292 0.00373194
#obs surv len freq
 nan nan nan nan nan nan nan nan nan nan nan nan nan nan nan nan nan nan nan nan nan nan nan nan nan
 0.00449287 0.00735783 0.0111909 0.016009 0.0217095 0.027983 0.0342938 0.0400215 0.0446977 0.0481585 0.0505138 0.0520074 0.0528977 0.0534085 0.0537215 0.0539755 0.0542533 0.0545456 0.054684 0.0542759 0.0527141 0.0493469 0.0437977 0.0362792 0.0276644
 0.00461957 0.00756805 0.0115147 0.0164756 0.0223398 0.0287778 0.0352231 0.0410221 0.0456831 0.0490377 0.0512087 0.0524642 0.0530908 0.0533394 0.0534138 0.053467 0.0535879 0.0537659 0.0538291 0.0533827 0.0518217 0.0484987 0.0430388 0.0356479 0.027182
 0.00477232 0.00781968 0.0118998 0.0170289 0.02309 0.029737 0.0363749 0.0423144 0.0470321 0.0503397 0.0523556 0.0533585 0.0536579 0.0535368 0.053234 0.0529345 0.0527506 0.0526853 0.052573 0.0520221 0.0504324 0.0471616 0.0418344 0.0346425 0.0264122
 0.00496941 0.00813844 0.0123767 0.0176974 0.0239751 0.0308466 0.0376894 0.0437824 0.0485749 0.0518624 0.0537581 0.0545423 0.0545323 0.0540261 0.053287 0.0525326 0.0519107 0.0514576 0.051035 0.0502733 0.0485897 0.0453529 0.0401858 0.0332568 0.0253472
 0.00518694 0.00849509 0.0129188 0.0184694 0.0250104 0.0321531 0.039236 0.0454958 0.0503517 0.0535906 0.0553348 0.0558796 0.0555549 0.0546667 0.0534868 0.0522469 0.0511196 0.0501764 0.0493216 0.0482308 0.0463626 0.0431145 0.0381132 0.0314973 0.0239865
 0.00541438 0.00886911 0.0134898 0.0192873 0.0261155 0.0335606 0.0409202 0.0473835 0.0523318 0.0555343 0.0571173 0.0573941 0.0567174 0.0554135 0.0537685 0.0520239 0.0503632 0.0488798 0.0475167 0.0460049 0.0438654 0.040547 0.0356952 0.0294197 0.0223669
 0.00564251 0.00924213 0.0140555 0.0200925 0.0271981 0.0349368 0.0425704 0.0492457 0.0543082 0.0575079 0.058968 0.0590105 0.0580029 0.0562895 0.0541743 0.0519137 0.0497045 0.0476573 0.0457473 0.0437591 0.0412839 0.0378377 0.0331006 0.0271615 0.0205894
 0.00588896 0.00964533 0.014667 0.0209617 0.0283627 0.036408 0.0443174 0.0511916 0.0563417 0.0595057 0.060814 0.0606054 0.0592641 0.0571488 0.0545748 0.0518082 0.0490556 0.0464432 0.0439752 0.0414875 0.0386433 0.035034 0.0303856 0.024775 0.0186954
 0.00614641 0.010068 0.0153105 0.0218803 0.0295979 0.0379716 0.0461743 0.0532536 0.0584812 0.0615812 0.0626948 0.0621857 0.0604666 0.05792 0.0548774 0.0516128 0.0483366 0.045182 0.0421751 0.0391974 0.0359822 0.0321985 0.0276251 0.0223339 0.0167467
 0.00637746 0.0104479 0.0158905 0.0227111 0.030721 0.0394037 0.0478912 0.0551837 0.0605134 0.0635847 0.0645403 0.0637593 0.0616782 0.0587055 0.0551961 0.0514403 0.0476575 0.0439876 0.0404728 0.0370321 0.0334613 0.0295024 0.0249876 0.0199893 0.0148652
 0.00659905 0.0108114 0.0164437 0.0235008 0.031784 0.040753 0.0495015 0.0569856 0.0624035 0.0654443 0.0662537 0.0652252 0.0628132 0.059446 0.0554978 0.0512757 0.0470116 0.0428568 0.0388705 0.0350042 0.0311077 0.0269878 0.0225257 0.0177964 0.0131007
 0.0068378 0.0112021 0.0170361 0.0243421 0.0329088 0.0421676 0.0511687 0.0588207 0.064287 0.0672468 0.067858 0.066539 0.0637711 0.0600059 0.0556352 0.050978 0.0462743 0.0416833 0.0372786 0.0330409 0.0288668 0.0246194 0.0202222 0.0157518 0.0114579
 0.00709143 0.0116156 0.0176605 0.0252244 0.034082 0.0436349 0.0528875 0.0606979 0.0661925 0.069039 0.0694099 0.0677533 0.0645856 0.060391 0.0555864 0.0505063 0.0453975 0.0404223 0.0356623 0.0311195 0.0267282 0.022398 0.0180872 0.0138718 0.00995491
 0.00728865 0.0119438 0.0181683 0.0259613 0.0350875 0.0449218 0.054425 0.062406 0.0679538 0.0707215 0.0708894 0.0689286 0.0653854 0.0607756 0.055545 0.0500509 0.0445542 0.039225 0.0341526 0.0293545 0.024793 0.0204125 0.016197 0.0122187 0.00863985
 0.00745536 0.0122187 0.0185892 0.0265667 0.0359093 0.045974 0.0556911 0.0638323 0.0694543 0.0721916 0.0722215 0.0700252 0.0661689 0.0611941 0.0555743 0.0496919 0.0438278 0.0381666 0.0328095 0.0277892 0.0230897 0.0186806 0.0145621 0.0107992 0.00751691
 0.00753109 0.0123429 0.0187791 0.0268409 0.036287 0.0464721 0.0563196 0.06459 0.0703246 0.0731408 0.0731987 0.0709638 0.066993 0.0618274 0.0559512 0.0497664 0.0435787 0.0375983 0.0319515 0.0266949 0.021837 0.0173695 0.0133041 0.00969698 0.00664045
 0.00759668 0.0124442 0.018922 0.0270281 0.0365195 0.0467505 0.0566451 0.0649648 0.0707515 0.0736216 0.0737304 0.0715329 0.0675699 0.0623649 0.0563888 0.0500402 0.0436338 0.0374005 0.0314951 0.0260069 0.0209764 0.0164214 0.0123663 0.00886038 0.0059681
 0.00766914 0.0125525 0.0190673 0.0272052 0.0367183 0.0469592 0.0568532 0.0651654 0.0709437 0.0738124 0.0739334 0.0717638 0.0678379 0.0626644 0.0566938 0.0503056 0.0438032 0.0374198 0.0313273 0.0256448 0.020448 0.015787 0.0117052 0.00825108 0.00546827
 0.00775727 0.0126895 0.0192611 0.0274574 0.0370222 0.0472977 0.0571986 0.0654827 0.0711993 0.0739852 0.0740224 0.0717878 0.0678277 0.0626505 0.0566953 0.0503216 0.0438112 0.0373812 0.0312009 0.0254027 0.0200893 0.0153415 0.0112265 0.00779912 0.00509103
 0.00777593 0.0127231 0.0193176 0.0275459 0.0371503 0.0474682 0.0574052 0.0657092 0.0714226 0.0741805 0.0741703 0.0718791 0.0678661 0.0626508 0.0566774 0.0503017 0.043793 0.0373525 0.0311366 0.0252762 0.0198866 0.0150708 0.0109179 0.00749444 0.00482803
 0.00782454 0.0127913 0.0194005 0.0276333 0.0372311 0.0475363 0.0574636 0.0657685 0.0714944 0.0742701 0.0742725 0.07198 0.0679493 0.062705 0.0567002 0.0502989 0.0437728 0.0373184 0.0310832 0.0251913 0.0197589 0.0148997 0.0107179 0.00729085 0.00464731
 0.00785173 0.0128325 0.0194563 0.0277011 0.0373043 0.0476043 0.0575136 0.0657897 0.0714838 0.0742364 0.0742342 0.0719578 0.0679557 0.0627398 0.0567523 0.0503535 0.0438178 0.0373461 0.0310882 0.0251679 0.0197023 0.0148097 0.0106027 0.00716643 0.00453188
 0.00788175 0.0128783 0.0195195 0.027781 0.0373974 0.0477043 0.0576116 0.0658738 0.0715415 0.0742579 0.0742169 0.0719087 0.0678903 0.0626761 0.0567041 0.0503255 0.0438056 0.03734 0.0310776 0.0251438 0.0196591 0.0147464 0.0105239 0.00708192 0.00445312
 0.00789883 0.0129042 0.019555 0.0278254 0.0374487 0.0477598 0.0576674 0.0659256 0.0715842 0.0742869 0.0742283 0.0719006 0.0678641 0.0626372 0.0566613 0.0502878 0.0437791 0.0373247 0.031068 0.025132 0.0196377 0.014712 0.0104779 0.00703013 0.00440322
 0.00789877 0.0128992 0.0195387 0.0277895 0.0373859 0.0476679 0.0575531 0.0658039 0.0714748 0.0742076 0.0741903 0.071906 0.067907 0.0627071 0.0567465 0.0503792 0.0438705 0.037412 0.0311472 0.0251981 0.0196857 0.0147388 0.0104846 0.00702145 0.00438632
 0.00789662 0.0128942 0.0195282 0.0277694 0.0373511 0.0476128 0.0574736 0.0656999 0.0713527 0.0740809 0.0740778 0.0718269 0.0678751 0.062726 0.0568102 0.0504746 0.0439827 0.0375277 0.0312561 0.0252927 0.0197608 0.0147918 0.0105159 0.00703476 0.00438746
 0.00791886 0.0129257 0.0195669 0.0278102 0.0373865 0.0476353 0.0574767 0.0656789 0.0713051 0.0740075 0.0739837 0.0717229 0.0677761 0.0626482 0.0567658 0.0504685 0.0440113 0.0375813 0.0313223 0.0253598 0.01982 0.0148375 0.0105462 0.00705119 0.00439357
 0.0079106 0.0129137 0.0195513 0.0277917 0.0373658 0.0476117 0.0574484 0.0656434 0.0712606 0.0739545 0.0739252 0.0716642 0.0677236 0.062609 0.0567468 0.0504751 0.0440453 0.0376396 0.031397 0.0254403 0.0198958 0.0149008 0.0105931 0.00708173 0.00441072
 0.00787402 0.012856 0.0194679 0.0276805 0.0372281 0.047454 0.0572831 0.0654874 0.0711314 0.0738652 0.0738814 0.0716637 0.0677598 0.062674 0.0568338 0.0505792 0.0441628 0.0377666 0.0315282 0.0255683 0.0200121 0.0149983 0.0106678 0.00713354 0.00444298
 0.00787263 0.0128474 0.0194435 0.0276286 0.0371376 0.0473197 0.0571098 0.0652915 0.0709367 0.0736968 0.0737594 0.0715995 0.0677551 0.0627223 0.0569237 0.050698 0.0442991 0.0379112 0.0316735 0.0257071 0.0201376 0.0151044 0.0107507 0.00719281 0.00448137
 0.00782495 0.0127715 0.0193324 0.0274766 0.0369413 0.0470798 0.0568333 0.0649939 0.070642 0.0734347 0.0735605 0.0714886 0.0677456 0.0628132 0.0571004 0.0509367 0.044573 0.0381956 0.0319482 0.0259575 0.0203538 0.0152805 0.010885 0.00728783 0.00454311
 0.00779784 0.012724 0.0192546 0.0273578 0.0367728 0.0468592 0.0565683 0.0647028 0.0703497 0.0731674 0.0733415 0.071337 0.067676 0.062834 0.0572116 0.051128 0.0448245 0.0384814 0.0322418 0.0262355 0.0205989 0.0154823 0.0110399 0.00739794 0.00461511
 0.00776049 0.0126635 0.0191638 0.0272298 0.0366024 0.0466444 0.0563131 0.0644188 0.0700564 0.0728892 0.0731044 0.071164 0.067584 0.062832 0.0573005 0.0513007 0.0450662 0.0387707 0.0325527 0.0265413 0.0208765 0.0157156 0.0112212 0.00752789 0.00470058
 0.00773629 0.0126221 0.0190978 0.0271313 0.0364647 0.0464648 0.056096 0.0641757 0.069804 0.0726463 0.0728889 0.0709925 0.067471 0.0627892 0.0573349 0.0514129 0.0452493 0.03901 0.0328268 0.0268254 0.0211457 0.0159498 0.0114082 0.00766464 0.00479187
 0.00935864 0.0148943 0.0218428 0.0299584 0.0388832 0.0480647 0.0566912 0.0638319 0.0687561 0.0711778 0.0712427 0.069338 0.0659112 0.0613816 0.0561093 0.0503825 0.0444162 0.0383662 0.0323555 0.0265019 0.02094 0.0158304 0.0113464 0.00763711 0.00478215
 0.0093272 0.0151469 0.0227583 0.0320087 0.0424278 0.053075 0.0625736 0.0695243 0.0731049 0.0733917 0.0711533 0.0673416 0.0626921 0.0576175 0.052304 0.0468375 0.0412793 0.0356934 0.0301537 0.0247508 0.0196017 0.0148537 0.0106706 0.00719727 0.00451513
 0.00898802 0.014609 0.0219966 0.0310677 0.0414793 0.0524581 0.0627568 0.0709394 0.075891 0.0772029 0.075199 0.0706876 0.0646501 0.057985 0.051336 0.04503 0.0391339 0.0335793 0.0282818 0.02321 0.0184055 0.0139749 0.0100615 0.00680133 0.00427548
 0.00882228 0.0143299 0.0215589 0.0304258 0.0406036 0.051367 0.0615585 0.0698626 0.0752702 0.0773879 0.0763983 0.0728172 0.067294 0.0605296 0.0532193 0.045959 0.0391449 0.0329395 0.0273257 0.0222122 0.0175324 0.0132949 0.00957795 0.00648447 0.00408388
 0.0087419 0.0141944 0.0213455 0.030108 0.0401545 0.0507665 0.0608052 0.0689897 0.0743634 0.0765981 0.0759322 0.0728864 0.0680232 0.0618625 0.0548946 0.0475928 0.040387 0.0336094 0.0274493 0.021958 0.0171057 0.0128576 0.00921913 0.00623063 0.00392433
 0.00868819 0.0141062 0.0212106 0.0299137 0.0398888 0.0504202 0.0603752 0.0684818 0.0737952 0.076005 0.0753776 0.0724687 0.0678659 0.0620764 0.0555172 0.0485416 0.0414662 0.0345816 0.0281342 0.0222959 0.0171537 0.012733 0.00903611 0.00606359 0.00380349
 0.00867642 0.0140827 0.0211672 0.0298394 0.0397722 0.0502524 0.0601527 0.0682074 0.0734767 0.0756537 0.0750106 0.0721147 0.0675732 0.0619128 0.0555545 0.0488222 0.0419688 0.0352109 0.0287518 0.0227778 0.0174396 0.0128369 0.00901936 0.00599475 0.00373113
 0.00867645 0.0140824 0.0211656 0.0298345 0.03976 0.0502261 0.0601031 0.0681243 0.0733517 0.0754837 0.0747993 0.0718743 0.0673253 0.0616906 0.0554019 0.0487858 0.0420793 0.0354624 0.0290932 0.0231293 0.0177258 0.0130175 0.0090976 0.00600287 0.00370696
 0.00867801 0.0140861 0.0211732 0.0298482 0.0397811 0.050254 0.0601337 0.0681492 0.0733593 0.0754616 0.0747371 0.0717672 0.0671772 0.061516 0.0552266 0.0486441 0.0420062 0.0354807 0.029201 0.0232966 0.0179055 0.013166 0.00919212 0.00604519 0.00371414
 0.00866626 0.0140707 0.0211571 0.0298363 0.0397794 0.0502673 0.0601633 0.0681922 0.0734087 0.075507 0.0747665 0.071769 0.0671428 0.0614435 0.0551234 0.0485279 0.0419023 0.0354151 0.0291905 0.0233405 0.0179855 0.0132543 0.00926485 0.00609096 0.00373474
 0.00864159 0.0140329 0.0211048 0.0297705 0.0397041 0.0501897 0.0600937 0.0681425 0.0733887 0.0755208 0.0748103 0.0718312 0.0672077 0.0614954 0.0551518 0.0485305 0.0418868 0.0353965 0.0291855 0.0233599 0.0180289 0.0133111 0.00932031 0.00613376 0.00376105
 0.00862727 0.0140077 0.0210634 0.0297075 0.0396158 0.0500769 0.0599644 0.0680118 0.0732758 0.0754436 0.0747806 0.0718517 0.0672712 0.0615873 0.0552539 0.0486263 0.0419662 0.0354581 0.029235 0.0234059 0.0180773 0.0133619 0.00936852 0.00617334 0.00378863
 0.00865288 0.0140453 0.0211121 0.0297632 0.039671 0.0501223 0.0599899 0.0680088 0.0732403 0.0753789 0.0746974 0.0717658 0.0671983 0.0615378 0.05523 0.048623 0.0419745 0.0354699 0.0292463 0.0234171 0.0180909 0.0133794 0.0093885 0.00619261 0.0038041
 0.00862708 0.0140111 0.0210749 0.0297322 0.0396564 0.05013 0.0600181 0.0680478 0.0732761 0.0753988 0.0746947 0.0717416 0.0671606 0.0614984 0.0551999 0.0486089 0.0419772 0.0354852 0.0292683 0.023441 0.0181142 0.0134013 0.00940862 0.00620995 0.00381764
 0.00861287 0.0139856 0.0210326 0.0296681 0.0395691 0.0500252 0.0599106 0.0679581 0.0732232 0.0753913 0.0747273 0.0717986 0.0672242 0.0615561 0.0552477 0.0486495 0.0420156 0.035525 0.02931 0.0234825 0.0181527 0.0134347 0.00943594 0.00623098 0.00383272
 0.00861287 0.0139856 0.0210326 0.0296681 0.0395691 0.0500252 0.0599106 0.0679581 0.0732232 0.0753913 0.0747273 0.0717986 0.0672242 0.0615561 0.0552477 0.0486495 0.0420156 0.035525 0.02931 0.0234825 0.0181527 0.0134347 0.00943594 0.00623098 0.00383272
 0.00847064 0.0137586 0.0206998 0.0292154 0.0389954 0.0493504 0.0591823 0.067251 0.0726257 0.0749842 0.0745625 0.0718878 0.067539 0.0620388 0.0558286 0.0492627 0.04261 0.0360675 0.0297823 0.023877 0.0184685 0.0136757 0.00960993 0.00634898 0.00390726
 0.0085558 0.0138799 0.0208499 0.0293742 0.0391329 0.0494325 0.0591781 0.0671397 0.0724037 0.0746707 0.0742002 0.0715342 0.0672514 0.0618581 0.0557691 0.0493121 0.0427382 0.0362386 0.0299649 0.0240487 0.0186164 0.0137942 0.00969861 0.00641082 0.00394722
 0.00870164 0.0141238 0.0212272 0.0299156 0.0398496 0.050297 0.0601104 0.0680135 0.0730772 0.0750296 0.0741917 0.0711779 0.0666265 0.0610769 0.0549468 0.0485426 0.0420803 0.0357147 0.0295702 0.0237636 0.0184174 0.0136601 0.0096118 0.00635747 0.00391649
 0.00886763 0.0144013 0.0216582 0.0305424 0.0407029 0.0513782 0.0613726 0.0693539 0.0743479 0.0760654 0.074846 0.071356 0.0663083 0.0603212 0.0538756 0.0473085 0.0408307 0.034564 0.0285875 0.0229756 0.0178193 0.013229 0.00931736 0.00616792 0.0038024
 0.00856397 0.0139383 0.0210217 0.0297481 0.0398024 0.0504621 0.0605678 0.0688055 0.0741826 0.0763456 0.0755387 0.0723362 0.0673951 0.0613325 0.0546773 0.0478419 0.041111 0.0346554 0.0285694 0.0229149 0.0177581 0.0131848 0.00929202 0.00615626 0.00379844
 0.00832191 0.0135162 0.0203372 0.0287169 0.0383703 0.0486503 0.0585098 0.0667458 0.0724247 0.0751699 0.0751276 0.0727316 0.0684982 0.062936 0.0565213 0.0496775 0.0427525 0.0360051 0.0296107 0.023684 0.0183111 0.0135751 0.00956111 0.00633485 0.00391042
 0.00862139 0.0139644 0.0209353 0.029428 0.039114 0.0493049 0.0589254 0.0667783 0.0719889 0.0742909 0.0739563 0.0715054 0.0674619 0.0622614 0.0562619 0.049772 0.043068 0.0363961 0.0299666 0.0239501 0.0184815 0.0136715 0.00961132 0.00636045 0.003924
 0.00880811 0.0142991 0.0214929 0.0302872 0.0403255 0.0508458 0.0606636 0.0684741 0.0733487 0.0750528 0.0739721 0.0707859 0.066171 0.0606636 0.0546408 0.0483502 0.0419596 0.0356064 0.0294306 0.0235827 0.0182151 0.0134684 0.0094566 0.00624885 0.00385028
 0.00887969 0.0144308 0.0217213 0.0306611 0.0409006 0.0516709 0.061759 0.0698069 0.0748135 0.0764698 0.0751135 0.0714337 0.0661871 0.0600419 0.0535132 0.0469413 0.0405106 0.0343047 0.0283741 0.0227855 0.0176406 0.0130649 0.0091788 0.00606362 0.0037332
#pred catch len freq
 0.00307119 0.00502342 0.00765095 0.0110206 0.0151823 0.0201134 0.0256603 0.0315391 0.0373997 0.0428985 0.0477481 0.0517509 0.0548234 0.0569948 0.0583764 0.0591249 0.0594167 0.0594145 0.0591914 0.0586042 0.0571941 0.0542526 0.0491383 0.0417267 0.0326837
 0.00336655 0.00542113 0.00809927 0.0114259 0.0154424 0.0201652 0.0255128 0.0312662 0.0370957 0.0426275 0.0475212 0.0515438 0.0546171 0.0568101 0.058279 0.0591977 0.0597118 0.0599091 0.0597706 0.0590888 0.0574073 0.0540975 0.0486425 0.0410259 0.0319547
 0.00340384 0.00554276 0.0083879 0.0119772 0.0163178 0.0213324 0.026813 0.0324488 0.0379172 0.042957 0.0473835 0.0510764 0.053984 0.0561374 0.0576451 0.0586565 0.0593085 0.0596654 0.0596546 0.0590029 0.0572187 0.0537019 0.0480224 0.0402619 0.0311829
 0.00353709 0.00573202 0.00862971 0.012271 0.0166904 0.0218593 0.0276085 0.0336074 0.0394259 0.0446397 0.0489342 0.0521798 0.0544507 0.055967 0.0569885 0.0577243 0.0582892 0.0586841 0.0587619 0.0581797 0.0564004 0.052823 0.0470653 0.0392788 0.0302722
 0.00371355 0.00601746 0.00905418 0.0128554 0.0174376 0.0227467 0.0285926 0.034646 0.0405068 0.0457846 0.0501565 0.0534188 0.0555411 0.0566856 0.0571581 0.0572992 0.057366 0.0574404 0.0573723 0.0567599 0.0549982 0.0514496 0.0457386 0.0380489 0.0292118
 0.0039266 0.00635798 0.00955708 0.0135525 0.018355 0.0238977 0.0299647 0.0361879 0.0421275 0.047371 0.0516045 0.0546563 0.056523 0.0573622 0.0574489 0.0571074 0.0566307 0.0561846 0.0557068 0.0548421 0.0529829 0.0494639 0.0438863 0.0364208 0.0278815
 0.00414289 0.00671045 0.0100899 0.0143096 0.0193742 0.0252009 0.0315443 0.0379978 0.0440817 0.049351 0.053473 0.0562762 0.0577785 0.0581733 0.0577677 0.0569014 0.0558734 0.0548693 0.0538756 0.0526049 0.0505084 0.0469501 0.0415258 0.0343724 0.0262474
 0.00432831 0.00701477 0.0105549 0.0149801 0.0202953 0.0264088 0.0330536 0.0397881 0.0460898 0.0514719 0.0555683 0.058191 0.0593621 0.059299 0.0583451 0.0568771 0.055224 0.0535975 0.0520191 0.0502556 0.0478261 0.0441533 0.0388561 0.0320432 0.0243968
 0.00456165 0.00738396 0.0110931 0.0157155 0.0212516 0.0276037 0.034493 0.0414577 0.0479484 0.053448 0.057562 0.0600787 0.0610073 0.0605669 0.0591163 0.0570593 0.0547579 0.0524614 0.050237 0.0479115 0.0450776 0.0412289 0.0360228 0.0295482 0.0224076
 0.00478582 0.0077564 0.0116685 0.0165502 0.0223922 0.0290703 0.0362617 0.0434554 0.0500654 0.0555615 0.0595557 0.0618522 0.0624738 0.0616468 0.0597329 0.0571378 0.0542324 0.0512879 0.0484129 0.0454994 0.0422242 0.0381648 0.0330298 0.0268964 0.0202857
 0.00498872 0.00809004 0.0121797 0.0172903 0.0234133 0.0304152 0.0379471 0.0454529 0.0522903 0.0578754 0.0617861 0.0638252 0.0640473 0.0627279 0.0602729 0.057112 0.0536201 0.0500688 0.0465843 0.0431073 0.0393945 0.0351128 0.0300318 0.0242261 0.0181401
 0.0052797 0.0085424 0.0128237 0.0181453 0.0244914 0.0317248 0.0394899 0.0472153 0.0542316 0.0599192 0.0638187 0.0657038 0.0656199 0.0638596 0.0608667 0.0571151 0.0530149 0.0488589 0.0447915 0.0407883 0.0366685 0.0321773 0.0271444 0.0216472 0.0160618
 0.00558404 0.00902574 0.0135295 0.0191054 0.0257199 0.0332096 0.0411846 0.0490402 0.0560887 0.0617134 0.0654714 0.0671506 0.0667992 0.0647027 0.0612991 0.0570677 0.0524365 0.0477257 0.0431139 0.0386214 0.0341277 0.029447 0.0244607 0.019249 0.0141263
