SBPRF35
12.7214
Curr Bio
814103
B35
890821
F35
0.171522
FOFL
0.163693
OFL
114395
Bzero
3.63469e+006
#pred survey bio
 3.65863e+006 3.54077e+006 3.4298e+006 3.26937e+006 3.08027e+006 2.84757e+006 2.58242e+006 2.3266e+006 2.06233e+006 1.83006e+006 1.62175e+006 1.44032e+006 1.26741e+006 1.10712e+006 977928 865152 780729 698225 644885 630808 607417 585112 577507 564567 546316 546825 545894 548872 551265 565179 565221 570963 582339 592028 604559 608748 619728 626977 637678 640718 644469 660007 670158 667723 677891 682719 691229 701979 714777 715516 720778 749839 787904 821081 3.00728e+007 1.82439e+007 1.86895e+007 1.95852e+007 2.07646e+007 2.2037e+007 2.32605e+007 2.43525e+007 2.52787e+007 2.6037e+007 2.66423e+007 2.71172e+007 2.74855e+007 2.7769e+007 2.79863e+007 2.81525e+007 2.82799e+007 2.83775e+007 2.84527e+007 2.85107e+007 2.85557e+007 2.85907e+007 2.86181e+007 2.86397e+007 2.86567e+007 2.86702e+007 2.86809e+007 2.86894e+007 2.86962e+007 2.87017e+007 2.87061e+007 2.87097e+007 2.87126e+007 2.87149e+007 2.87168e+007 2.87183e+007 2.87196e+007 2.87206e+007 2.87214e+007 2.87221e+007 2.87226e+007 2.87231e+007 2.87235e+007 2.87238e+007 2.8724e+007 2.87242e+007 2.87244e+007 2.87245e+007 2.87246e+007 2.87247e+007 2.87248e+007 2.87248e+007 2.87249e+007 2.87249e+007 2.8725e+007 2.8725e+007 2.8725e+007 2.8725e+007 2.8725e+007 2.8725e+007 2.87251e+007 2.87251e+007 2.87251e+007 2.87251e+007 2.87251e+007 2.87251e+007 2.87251e+007 2.87251e+007 2.87251e+007 2.87251e+007 2.87251e+007 2.87251e+007 2.87251e+007 2.87251e+007 2.87251e+007 2.87251e+007 2.87251e+007 2.87251e+007 2.87251e+007 2.87251e+007 2.87251e+007 2.87251e+007 2.87251e+007 2.87251e+007 2.87251e+007 2.87251e+007 2.87251e+007 2.87251e+007 2.87251e+007 2.87251e+007 2.87251e+007 2.87251e+007 2.87251e+007 2.87251e+007 2.87251e+007 2.87251e+007 2.87251e+007 2.87251e+007 2.87251e+007 2.87251e+007 0 0 0 0 0 0 0 0 0 0 0 0 0 0 0 0 0 0 0 0 0 0 0 0 0
#obs survey bio
 3.071e+006 5.01984e+006 3.10082e+006 3.03229e+006 4.06041e+006 4.53065e+006 3.85802e+006 2.52528e+006 1.40615e+006 1.65351e+006 1.28412e+006 1.21612e+006 885511 980085 1.28843e+006 785975 745620 713882 591280 795523 679389 603752 527097 461735 410704 458160 577132 633686 490473 559801 688500 684212 553311 751779 620256 655995 744454 538412 674069 794846 704047 681514 594837 570156 730534 815928 469222 925127 582708 720295 710535 961871 804566 811935
#pred catch bio
 95849.5 96388.5 151457 189246 242952 288063 295569 318968 304554 295463 281134 280254 272025 244530 228467 201840 196960 167718 131996 137883 133687 118932 121734 123806 106505 107172 102946 102488 92390.2 103275 97026 92048.1 94070.3 92695.9 100900 96267.6 100683 98819.1 106043 105979 97481.1 103640 114512 103699 108223 105084 104126 103672 114687 111436 93180.8 88491.3 95099.9 92658.4 114395 120514 122304 127094 134212 142041 149521 156092 161547 165890 169245 171776 173651 175020 176010 176718 177222 177577 177828 178003 178126 178212 178271 178312 178341 178361 178375 178384 178391 178395 178398 178400 178402 178403 178404 178404 178404 178405 178405 178405 178405 178405 178405 178405 178405 178405 178405 178405 178405 178405 178405 178405 178405 178405 178405 178405 178405 178405 178405 178405 178405 178405 178405 178405 178405 178405 178405 178405 178405 178405 178405 178405 178405 178405 178405 178405 178405 178405 178405 178405 178405 178405 178405 178405 178405 178405 178405 178405 178405 178405 178405 178405 178405 178405 178405 178405 178405 178405 178405 178405 0 0 0 0 0 0 0 0 0 0 0 0 0 0 0 0 0 0 0 0 0 0 0 0 0
#obs catch bio
 0 96066.1 151796 189235 242793 287426 293666 317674 303864 295658 281458 281001 275293 246573 228136 202342 198767 170397 133349 139139 134463 119228 122136 124764 106978 108058 103395 102554 92332.5 103359 96528.8 91259.4 93639.3 91987.5 100607 96051.8 100592 98829.9 105970 105774 97452.1 103918 114804 103778 108266 104525 103948 103383 114587 111259 93056.2 88415.9 95297.3 92602.7
#pred cpue bio
 3.6151e+006 3.49864e+006 3.38772e+006 3.2273e+006 3.0387e+006 2.80666e+006 2.54237e+006 2.28733e+006 2.02396e+006 1.79239e+006 1.58492e+006 1.40441e+006 1.23264e+006 1.0739e+006 946326 834945 751461 670364 618311 604862 582382 560855 553583 541066 523373 523978 523293 526556 529188 543071 543500 549420 560598 570011 582162 586092 596734 603787 614255 617239 620763 635795 645778 643495 653587 658557 666911 677239 689719 690405 695392 723829 761368 794114 2.91126e+007 1.76677e+007 1.79948e+007 1.87822e+007 1.99321e+007 2.11989e+007 2.24215e+007 2.35134e+007 2.44396e+007 2.51979e+007 2.58032e+007 2.62781e+007 2.66464e+007 2.69299e+007 2.71472e+007 2.73135e+007 2.74408e+007 2.75384e+007 2.76136e+007 2.76716e+007 2.77166e+007 2.77516e+007 2.7779e+007 2.78006e+007 2.78176e+007 2.78311e+007 2.78418e+007 2.78503e+007 2.78572e+007 2.78626e+007 2.7867e+007 2.78706e+007 2.78735e+007 2.78758e+007 2.78777e+007 2.78792e+007 2.78805e+007 2.78815e+007 2.78823e+007 2.7883e+007 2.78835e+007 2.7884e+007 2.78844e+007 2.78847e+007 2.78849e+007 2.78851e+007 2.78853e+007 2.78854e+007 2.78855e+007 2.78856e+007 2.78857e+007 2.78857e+007 2.78858e+007 2.78858e+007 2.78859e+007 2.78859e+007 2.78859e+007 2.78859e+007 2.78859e+007 2.7886e+007 2.7886e+007 2.7886e+007 2.7886e+007 2.7886e+007 2.7886e+007 2.7886e+007 2.7886e+007 2.7886e+007 2.7886e+007 2.7886e+007 2.7886e+007 2.7886e+007 2.7886e+007 2.7886e+007 2.7886e+007 2.7886e+007 2.7886e+007 2.7886e+007 2.7886e+007 2.7886e+007 2.7886e+007 2.7886e+007 2.7886e+007 2.7886e+007 2.7886e+007 2.7886e+007 2.7886e+007 2.7886e+007 2.7886e+007 2.7886e+007 2.7886e+007 2.7886e+007 2.7886e+007 2.7886e+007 2.7886e+007 2.7886e+007 2.7886e+007 2.7886e+007 2.7886e+007 2.7886e+007 0 0 0 0 0 0 0 0 0 0 0 0 0 0 0 0 0 0 0 0 0 0 0 0 0
#obs cpue bio
 2.29192e+006 2.93669e+006 3.20664e+006 3.94164e+006 3.00217e+006 2.28918e+006 2.39464e+006 1.80748e+006 2.32958e+006 1.58673e+006 1.82887e+006 1.52742e+006 949332 1.25416e+006 1.23428e+006 679150 570080 366854 562719 543232 571274 544922 588511 512173 636526 487985 557444 612573 543518 617128 666238 660995 497631 592613 463477 475397 499954 591486 687540 566779 436508 502552 840105 686482 712233 883744 758976 550202 844513 765824 597396 538336 637968 934297
#pred surv len freq
 0.00421134 0.00694412 0.0106501 0.0153745 0.021034 0.0273233 0.0337 0.0395342 0.0443521 0.0479872 0.0505443 0.0522529 0.0533423 0.0539886 0.0543139 0.0544051 0.0543373 0.0541737 0.0539119 0.0533725 0.0521063 0.0494493 0.0448073 0.0380624 0.0298216
 0.00448065 0.00730135 0.0110418 0.0157089 0.0212162 0.0273051 0.0335114 0.0392712 0.0441232 0.0478535 0.0504949 0.0522292 0.0532904 0.0539039 0.0542506 0.0544476 0.0545493 0.0545515 0.0543643 0.053745 0.0522421 0.0492612 0.0443196 0.0373977 0.0291394
 0.00454014 0.00745338 0.0113661 0.016296 0.0221236 0.0285011 0.0348453 0.0405063 0.0450295 0.0483066 0.0505138 0.0519336 0.0528184 0.0533546 0.0536802 0.0538976 0.0540641 0.0541639 0.0540634 0.0534601 0.0518677 0.0487143 0.0435929 0.0365703 0.0283371
 0.00465604 0.00762849 0.0116099 0.0166216 0.0225602 0.0291024 0.0356774 0.0416077 0.0463575 0.0497102 0.051765 0.0528126 0.0532019 0.0532502 0.0531947 0.0531741 0.0532317 0.0533138 0.0532402 0.0526599 0.0510502 0.0478369 0.0426516 0.0356188 0.0274669
 0.00480848 0.00787865 0.0119894 0.0171583 0.02327 0.0299803 0.0366947 0.0427215 0.0475277 0.0509055 0.052945 0.053897 0.0540614 0.0537407 0.0532182 0.0527235 0.0523887 0.0522068 0.0519925 0.051356 0.0497323 0.0465261 0.0413789 0.0344413 0.0264568
 0.00499354 0.00818364 0.0124562 0.0178285 0.0241767 0.031134 0.0380691 0.0442474 0.0491043 0.0524241 0.0543132 0.0550487 0.0549464 0.0543044 0.0533924 0.0524436 0.0516284 0.0510033 0.050442 0.0495842 0.0478637 0.044671 0.0396368 0.0329044 0.0252002
 0.00524201 0.0085856 0.0130577 0.0186717 0.0252927 0.0325314 0.0397202 0.0460817 0.051015 0.0542846 0.0559974 0.0564481 0.0559796 0.0549186 0.0535534 0.0521244 0.0508087 0.0496844 0.0486691 0.0474575 0.0455309 0.0423058 0.0374132 0.0309709 0.0236554
 0.00550693 0.00901666 0.0137071 0.0195878 0.0265112 0.0340601 0.0415245 0.04808 0.0530901 0.0563058 0.0578401 0.0580037 0.0571593 0.0556535 0.0537946 0.0518406 0.0499828 0.0483171 0.0467918 0.0451517 0.0429398 0.0396265 0.0348654 0.0287509 0.021892
 0.00582377 0.00953118 0.0144802 0.0206755 0.0279531 0.0358626 0.0436422 0.0504102 0.0554864 0.0586066 0.0598959 0.0596935 0.0583948 0.0563758 0.0539673 0.0514422 0.0490029 0.0467591 0.0446857 0.0425747 0.0400356 0.0366061 0.0319776 0.0262276 0.0198893
 0.00608736 0.00996898 0.0151564 0.0216556 0.0292911 0.0375799 0.0457066 0.0527279 0.0579153 0.0609834 0.0620629 0.0615157 0.0597672 0.0572244 0.0542462 0.0511267 0.0480835 0.0452406 0.0425974 0.039991 0.0370971 0.0335249 0.0290113 0.0236225 0.0178159
 0.00635348 0.010401 0.0158061 0.0225729 0.0305165 0.0391327 0.0475693 0.0548369 0.0601642 0.0632374 0.0641771 0.0633516 0.0612053 0.0581725 0.0546414 0.0509322 0.047283 0.0438366 0.0406184 0.0375092 0.0342486 0.0305171 0.0260991 0.0210532 0.0157642
 0.00660435 0.0108118 0.0164296 0.0234595 0.0317045 0.0406321 0.0493473 0.0568138 0.0622274 0.065264 0.0660526 0.0649763 0.0624932 0.0590483 0.0550415 0.0508072 0.0466001 0.042584 0.0388137 0.0352155 0.0315924 0.027694 0.0233519 0.0186198 0.013815
 0.00678765 0.011133 0.0169559 0.0242668 0.0328597 0.0421652 0.0512248 0.0589321 0.0644316 0.0673844 0.0679383 0.0665149 0.0636136 0.0597133 0.0552333 0.0505156 0.0458157 0.0413018 0.0370465 0.0330145 0.0290684 0.0250238 0.0207588 0.0163244 0.0119762
 0.00698165 0.0114526 0.0174459 0.0249752 0.0338321 0.0434333 0.0527907 0.0607536 0.0664169 0.069399 0.0698235 0.068115 0.0648036 0.0604165 0.055423 0.0501998 0.0450184 0.0400497 0.0353719 0.0309717 0.0267558 0.0225956 0.01841 0.0142493 0.0103152
 0.00726868 0.0118942 0.0180644 0.0257765 0.0348082 0.0445669 0.0540561 0.062116 0.0678317 0.0708125 0.0711719 0.0693219 0.0657822 0.0610797 0.0556988 0.050045 0.0444215 0.039026 0.033958 0.0292283 0.0247778 0.0205193 0.0164028 0.0124762 0.00889541
 0.00757 0.0123839 0.0187986 0.0268007 0.0361405 0.0461762 0.055847 0.0639365 0.0695116 0.0722127 0.0722183 0.0700047 0.0661288 0.0611218 0.0554521 0.0495063 0.0435799 0.0378774 0.0325178 0.0275412 0.0229246 0.0186176 0.014594 0.0108968 0.00764095
 0.0076523 0.0125467 0.0190976 0.0273059 0.0369203 0.0472703 0.0572392 0.0655434 0.0711928 0.0738009 0.0735559 0.0709769 0.0666824 0.0612639 0.0552293 0.0489754 0.0427856 0.0368475 0.0312733 0.0261147 0.0213762 0.0170396 0.0131004 0.00959753 0.00661214
 0.00774855 0.0127104 0.0193585 0.0277004 0.037488 0.0480462 0.0582415 0.0667592 0.0725675 0.0752352 0.0749149 0.0721142 0.0674721 0.0616304 0.0551599 0.0485118 0.0419997 0.035815 0.0300599 0.0247777 0.0199768 0.0156535 0.011815 0.0084954 0.00574841
 0.00786088 0.0128677 0.0195499 0.0279031 0.0376795 0.0482203 0.0584206 0.0669931 0.0729167 0.0757457 0.0755943 0.0729181 0.0683075 0.0623762 0.0556986 0.0487605 0.0419265 0.0354368 0.0294268 0.0239568 0.0190432 0.014687 0.0108966 0.0076967 0.00511681
 0.00776349 0.0127141 0.0193273 0.0276018 0.037294 0.0477531 0.0578895 0.0664403 0.0724154 0.0753948 0.0754987 0.0731554 0.0688947 0.063252 0.0567332 0.0497902 0.0427982 0.0360443 0.0297263 0.0239628 0.0188127 0.0143008 0.0104424 0.00725328 0.00474114
 0.00780191 0.0127676 0.0193908 0.0276643 0.03734 0.0477658 0.0578537 0.0663447 0.0722554 0.075179 0.0752567 0.0729412 0.0687786 0.0632969 0.0569655 0.05018 0.0432631 0.0364763 0.0300291 0.0240809 0.0187425 0.0140827 0.0101416 0.00693777 0.00446366
 0.00790777 0.0129257 0.0196022 0.0279191 0.0376183 0.0480402 0.058092 0.0665136 0.072326 0.0751341 0.0750972 0.0726897 0.0684786 0.063007 0.0567464 0.050075 0.0432797 0.0365794 0.0301537 0.0241586 0.0187287 0.0139707 0.00995875 0.00672829 0.00426938
 0.00790037 0.0129157 0.0195906 0.0279075 0.0376074 0.0480284 0.0580748 0.0664848 0.0722807 0.0750713 0.0750207 0.0726072 0.0683998 0.0629445 0.0567164 0.0500956 0.0433631 0.0367218 0.0303294 0.0243257 0.0188454 0.0140132 0.00992938 0.00665093 0.00417548
 0.00789092 0.0129092 0.0195969 0.0279407 0.0376814 0.0481501 0.058238 0.0666691 0.0724559 0.0752059 0.0750902 0.0726001 0.0683198 0.062809 0.0565521 0.049933 0.0432299 0.036636 0.0302935 0.0243252 0.0188549 0.0140088 0.00989895 0.00659771 0.00411283
 0.00800586 0.0130767 0.0198135 0.028192 0.0379476 0.0484144 0.058491 0.0669069 0.0726725 0.0753866 0.0752112 0.0726353 0.0682516 0.0626365 0.056294 0.0496228 0.0429077 0.0363384 0.0300452 0.0241348 0.0187157 0.0139053 0.009816 0.00652653 0.00405189
 0.00791074 0.0129378 0.019633 0.0279812 0.0377219 0.0481875 0.0582728 0.0667069 0.0725068 0.0752807 0.0751935 0.0727229 0.0684381 0.0628903 0.0565693 0.0498772 0.0431161 0.0364959 0.0301609 0.0242215 0.0187822 0.0139543 0.00984691 0.00653994 0.00405165
 0.00782219 0.012797 0.0194284 0.0277066 0.0373818 0.0478009 0.0578756 0.0663464 0.072229 0.0751164 0.0751528 0.0727994 0.0686172 0.0631528 0.0568903 0.0502252 0.0434568 0.0368009 0.030414 0.0244196 0.0189306 0.0140605 0.00991832 0.00658327 0.00407396
 0.00778609 0.0127244 0.0192939 0.0274795 0.0370352 0.0473264 0.0572957 0.0657173 0.0716296 0.0746284 0.0748401 0.0726951 0.0687205 0.0634351 0.0573056 0.050721 0.0439813 0.0373086 0.03087 0.0248022 0.0192318 0.0142835 0.010073 0.00668302 0.00413285
 0.00776281 0.0126872 0.0192378 0.0273975 0.0369162 0.0471538 0.0570506 0.0653863 0.0712167 0.0741645 0.0743828 0.0723158 0.0684838 0.0633795 0.0574348 0.0510064 0.044374 0.0377525 0.0313129 0.0252039 0.0195671 0.0145424 0.0102583 0.00680539 0.00420708
 0.00757212 0.0123955 0.0188337 0.0268841 0.036311 0.046488 0.0563666 0.0647341 0.0706457 0.073714 0.0740776 0.07217 0.0685064 0.0635765 0.057804 0.0515299 0.0450138 0.0384543 0.0320163 0.0258535 0.0201224 0.0149824 0.0105809 0.00702386 0.00434301
 0.00757739 0.0123857 0.0187856 0.0267665 0.0360949 0.0461609 0.055944 0.0642585 0.0701727 0.0732935 0.073741 0.0719298 0.0683648 0.0635357 0.0578703 0.0517102 0.0453071 0.0388437 0.0324669 0.0263195 0.0205575 0.0153515 0.0108662 0.00722462 0.00447158
 0.00766515 0.0125021 0.0189111 0.0268641 0.0361167 0.0460615 0.0556947 0.063858 0.0696512 0.0727097 0.0731704 0.0714461 0.0680214 0.0633561 0.0578518 0.051835 0.0455523 0.0391839 0.0328721 0.0267527 0.0209784 0.0157235 0.0111648 0.00744224 0.00461513
 0.00766935 0.0125159 0.0189432 0.0269225 0.0362014 0.0461551 0.0557583 0.0638384 0.0695005 0.0724081 0.0727407 0.0709498 0.06754 0.0629663 0.0576059 0.0517532 0.0456264 0.0393872 0.0331682 0.0271011 0.0213376 0.0160562 0.0114433 0.00765271 0.00475854
 0.00769994 0.0125583 0.018994 0.0269756 0.0362509 0.0461997 0.055801 0.0638808 0.0695338 0.0724079 0.0726727 0.070787 0.0672811 0.0626443 0.0572789 0.0514845 0.0454636 0.0393503 0.0332497 0.0272727 0.0215607 0.0162909 0.0116567 0.00782397 0.00488086
 0.00769051 0.0125461 0.0189812 0.026965 0.0362446 0.0461966 0.0557967 0.0638699 0.0695136 0.0723796 0.0726383 0.070743 0.0672171 0.0625484 0.05715 0.0513402 0.0453371 0.0392776 0.0332538 0.0273557 0.021704 0.0164639 0.0118278 0.00796966 0.00498956
 0.00769438 0.01256 0.019016 0.027035 0.0363632 0.0463694 0.0560155 0.0641113 0.0697434 0.072562 0.0727452 0.07076 0.0671439 0.0623954 0.0569341 0.0510834 0.0450672 0.0390273 0.0330548 0.027229 0.0216536 0.0164762 0.0118785 0.0080335 0.00504782
 0.00764894 0.0124862 0.0189062 0.0268846 0.0361752 0.0461586 0.0558109 0.0639512 0.0696637 0.0725817 0.0728581 0.0709373 0.067345 0.0625814 0.0570779 0.0511731 0.0451059 0.0390302 0.0330442 0.0272271 0.0216752 0.0165239 0.0119437 0.0081022 0.00510764
 0.00762726 0.0124533 0.0188606 0.0268261 0.0361035 0.0460735 0.0557128 0.0638443 0.0695587 0.0724967 0.0728141 0.0709496 0.0674151 0.0626946 0.0572078 0.0512918 0.0451939 0.0390815 0.0330661 0.0272349 0.0216845 0.0165446 0.0119769 0.00814196 0.0051458
 0.00757018 0.0123644 0.0187343 0.0266606 0.0359019 0.0458448 0.0554725 0.0636132 0.0693594 0.0723489 0.0727319 0.0709414 0.0674834 0.0628345 0.0574048 0.0515221 0.0454292 0.0392965 0.0332457 0.0273761 0.0217937 0.0166311 0.0120478 0.00820019 0.00519146
 0.00764288 0.0124659 0.0188561 0.0267841 0.0360035 0.0459037 0.0554778 0.0635651 0.0692668 0.0722252 0.0725915 0.0707989 0.0673535 0.0627312 0.0573391 0.0514982 0.0454425 0.039335 0.0332942 0.0274226 0.0218325 0.0166622 0.0120737 0.00822288 0.00521101
 0.00769907 0.0125584 0.0189962 0.0269799 0.0362538 0.0461918 0.0557681 0.0638087 0.0694166 0.0722528 0.0724976 0.0706093 0.0671074 0.0624677 0.0570897 0.0512842 0.0452745 0.0392141 0.0332139 0.0273725 0.0218023 0.0166446 0.0120646 0.00821992 0.00521217
 0.00756605 0.0123653 0.0187493 0.0267012 0.0359769 0.0459532 0.0555984 0.0637263 0.0694234 0.0723341 0.0726256 0.070753 0.0672433 0.0625862 0.0571936 0.0513827 0.0453767 0.0393239 0.0333297 0.0274879 0.0219092 0.016736 0.0121368 0.00827282 0.00524819
 0.00748581 0.0122335 0.0185499 0.0264223 0.0356184 0.0455354 0.0551669 0.0633462 0.0691605 0.0722314 0.0726882 0.0709495 0.0675213 0.0628923 0.0574883 0.0516464 0.0456062 0.0395253 0.0335096 0.0276495 0.0220512 0.0168553 0.0122308 0.00834147 0.00529445
 0.00748864 0.0122396 0.018561 0.0264389 0.0356372 0.0455471 0.0551566 0.0632994 0.0690723 0.0721138 0.0725685 0.0708594 0.0674817 0.0629046 0.0575371 0.0517095 0.0456659 0.0395739 0.0335485 0.0276836 0.0220843 0.0168878 0.0122609 0.00836665 0.00531332
 0.007379 0.0120698 0.0183217 0.0261288 0.0352647 0.0451315 0.0547289 0.0628986 0.0687381 0.0718769 0.0724466 0.0708578 0.0675972 0.0631266 0.0578459 0.0520754 0.0460537 0.0399501 0.0338887 0.0279748 0.0223227 0.0170752 0.0124016 0.00846642 0.00537929
 0.00745633 0.0121641 0.0184061 0.02616 0.0351957 0.0449321 0.0544018 0.0624818 0.0682917 0.0714639 0.0721158 0.0706378 0.0674978 0.0631442 0.057968 0.0522831 0.0463218 0.0402495 0.0341896 0.0282524 0.0225607 0.0172662 0.0125455 0.00856798 0.00544601
 0.00752777 0.0122771 0.0185681 0.0263699 0.0354375 0.0451688 0.0545759 0.0625286 0.0681645 0.0711583 0.0716787 0.070151 0.0670486 0.0627981 0.0577569 0.0522082 0.0463634 0.040377 0.0343686 0.0284502 0.0227504 0.0174298 0.0126741 0.00866089 0.00550765
 0.00747045 0.0122047 0.0184976 0.0263297 0.0354594 0.045274 0.054762 0.062764 0.0683934 0.0713159 0.0717116 0.0700379 0.0668098 0.0624896 0.0574501 0.0519648 0.0462192 0.0403375 0.0344164 0.0285553 0.022881 0.0175593 0.0127851 0.00874538 0.00556552
 0.00742792 0.012129 0.0183732 0.026143 0.0352071 0.0449745 0.0544605 0.0625238 0.0682726 0.07134 0.0718596 0.07025 0.0670143 0.062634 0.0575188 0.0519794 0.0462209 0.0403652 0.0344907 0.0286746 0.0230273 0.0177088 0.0129176 0.00884915 0.00563809
 0.0074978 0.0122349 0.0185171 0.0263191 0.0354005 0.0451614 0.0546118 0.0626131 0.0682878 0.0712911 0.071775 0.0701607 0.066936 0.0625589 0.057426 0.0518527 0.0460634 0.0401996 0.0343473 0.0285761 0.0229804 0.0177046 0.012939 0.00887965 0.0056662
 0.00750987 0.0122594 0.0185626 0.0263957 0.0355158 0.0453152 0.0547911 0.0627924 0.0684349 0.0713781 0.0717886 0.0701074 0.0668377 0.0624418 0.057308 0.0517381 0.0459481 0.0400815 0.0342329 0.0284788 0.0229122 0.0176694 0.0129313 0.00888841 0.00568082
 0.00736628 0.0120323 0.018234 0.0259566 0.0349724 0.0446954 0.0541489 0.0622024 0.0679755 0.0711081 0.0717313 0.0702485 0.0671373 0.0628504 0.0577783 0.0522299 0.0464283 0.0405245 0.0346219 0.0288072 0.0231817 0.0178857 0.0131001 0.00901435 0.00576874
 0.0072593 0.0118478 0.0179376 0.0255118 0.0343516 0.0438965 0.0532104 0.0612069 0.0670363 0.0703436 0.0712374 0.0700794 0.067297 0.0632972 0.0584388 0.0530182 0.0472631 0.0413391 0.0353682 0.0294555 0.0237183 0.0183092 0.0134181 0.00924005 0.00591859
 0.00714856 0.01168 0.0177068 0.0252169 0.0339921 0.0434675 0.0527026 0.0606154 0.0663738 0.0696526 0.0705909 0.0695678 0.0670042 0.0632759 0.0586962 0.0535157 0.0479296 0.0420902 0.0361249 0.0301555 0.0243211 0.0187955 0.013786 0.00950035 0.00608986
#obs surv len freq
 nan nan nan nan nan nan nan nan nan nan nan nan nan nan nan nan nan nan nan nan nan nan nan nan nan
 0.00448232 0.00734251 0.0111713 0.0159866 0.0216867 0.0279619 0.0342761 0.0400078 0.0446882 0.0481532 0.0505124 0.0520097 0.0529034 0.053417 0.0537323 0.053988 0.0542671 0.0545602 0.0546992 0.0542912 0.0527292 0.0493611 0.0438103 0.0362896 0.0276724
 0.00461583 0.00756058 0.0115011 0.016453 0.0223062 0.0287336 0.035172 0.0409707 0.0456389 0.0490062 0.0511922 0.0524616 0.0530993 0.053356 0.0534359 0.053493 0.0536165 0.0537963 0.0538607 0.0534147 0.0518532 0.0485284 0.0430653 0.0356699 0.0271988
 0.00477856 0.00782811 0.0119092 0.0170367 0.0230926 0.0297306 0.0363562 0.0422822 0.0469881 0.050289 0.0523055 0.0533166 0.0536297 0.0535241 0.0532358 0.0529476 0.0527717 0.0527117 0.0526026 0.0520533 0.0504637 0.0471915 0.0418611 0.0346647 0.0264292
 0.004974 0.00814587 0.0123877 0.0177123 0.0239934 0.0308661 0.0377063 0.0437913 0.0485706 0.0518417 0.0537215 0.0544946 0.0544814 0.0539804 0.0532534 0.0525142 0.0519073 0.0514666 0.0510529 0.0502965 0.0486153 0.0453785 0.0402092 0.0332765 0.0253623
 0.00518359 0.00849113 0.0129156 0.0184692 0.0250155 0.0321653 0.0392553 0.0455198 0.050376 0.0536094 0.0553422 0.0558719 0.0555316 0.0546316 0.0534468 0.05221 0.0510923 0.0501618 0.0493196 0.048239 0.0463774 0.0431323 0.0381309 0.0315129 0.0239988
 0.00540819 0.0088584 0.0134726 0.0192619 0.0260812 0.033519 0.0408761 0.0473438 0.0523034 0.0555215 0.0571198 0.0574071 0.0567337 0.0554267 0.0537755 0.0520256 0.0503642 0.0488855 0.0475311 0.0460292 0.0438977 0.0405834 0.0357311 0.0294514 0.0223919
 0.00564052 0.00923848 0.0140492 0.0200821 0.0271818 0.0349133 0.042539 0.0492073 0.054266 0.0574674 0.0589356 0.0589913 0.0579984 0.0562974 0.0541895 0.0519309 0.0497208 0.0476734 0.0457659 0.0437829 0.0413138 0.0378718 0.0331354 0.027193 0.0206149
 0.0058985 0.00966062 0.0146895 0.0209922 0.028401 0.036452 0.0443629 0.051232 0.0563701 0.0595167 0.0608061 0.0605811 0.0592294 0.0571105 0.0545383 0.0517757 0.049027 0.0464176 0.0439526 0.041469 0.0386304 0.0350271 0.030384 0.0247769 0.0186987
 0.00614442 0.0100655 0.0153081 0.0218792 0.0295995 0.0379774 0.0461852 0.0532696 0.0585007 0.0616009 0.0627107 0.0621938 0.0604648 0.0579088 0.0548597 0.0515929 0.048318 0.0451666 0.0421636 0.0391899 0.035979 0.0321993 0.0276292 0.02234 0.0167531
 0.00636173 0.0104237 0.0158569 0.0226684 0.0306709 0.0393495 0.047838 0.0551375 0.0604804 0.0635692 0.0645434 0.0637785 0.0617083 0.0587401 0.0552301 0.051471 0.0476845 0.0440122 0.0404969 0.0370567 0.0334867 0.0295281 0.0250123 0.0200114 0.0148833
 0.00660242 0.0108149 0.0164454 0.0234979 0.0317734 0.040733 0.0494728 0.0569516 0.0623692 0.065415 0.0662338 0.0652167 0.0628162 0.0594584 0.055516 0.0512957 0.0470304 0.0428732 0.0388847 0.0350174 0.0311209 0.0270014 0.0225393 0.017809 0.0131113
 0.00684791 0.0112185 0.0170607 0.0243759 0.0329513 0.0422156 0.0512162 0.0588593 0.0643092 0.0672483 0.0678401 0.0665071 0.0637328 0.0599681 0.0556021 0.050951 0.0462527 0.0416653 0.037263 0.0330272 0.0288554 0.0246106 0.0202163 0.0157486 0.0114566
 0.00706017 0.0115682 0.0175957 0.0251438 0.0339899 0.0435384 0.0527955 0.0606198 0.0661363 0.0690091 0.0694058 0.067771 0.0646201 0.0604379 0.0556425 0.0505692 0.0454643 0.04049 0.0357278 0.0311802 0.0267825 0.0224449 0.0181263 0.0139027 0.00997784
 0.00727362 0.0119162 0.018121 0.0258867 0.0349801 0.0447821 0.0542627 0.0622397 0.067806 0.0706121 0.0708304 0.0689218 0.0654247 0.0608499 0.0556424 0.0501609 0.0446688 0.0393386 0.0342609 0.0294541 0.0248813 0.0204878 0.0162583 0.012266 0.00867388
 0.00744853 0.0122063 0.0185682 0.0265327 0.0358572 0.0458988 0.0555896 0.0637061 0.069311 0.0720459 0.0720925 0.069932 0.0661249 0.0612032 0.0556309 0.0497842 0.0439419 0.0382897 0.0329319 0.027904 0.0231922 0.0187678 0.0146325 0.0108529 0.00755497
 0.00752708 0.0123355 0.0187661 0.0268197 0.0362548 0.0464264 0.056259 0.0645144 0.0702356 0.073042 0.0730964 0.0708678 0.0669158 0.0617815 0.0559451 0.0498017 0.0436498 0.0376944 0.03206 0.0268044 0.0219388 0.0174578 0.0133758 0.00975136 0.00667874
 0.0075854 0.0124261 0.018895 0.0269907 0.0364707 0.0466902 0.0565751 0.0648882 0.0706728 0.0735453 0.0736603 0.0714725 0.0675228 0.0623358 0.056383 0.0500622 0.043685 0.0374779 0.031591 0.026111 0.0210783 0.0165126 0.0124417 0.00891785 0.00600849
 0.00763598 0.0124992 0.0189883 0.0270966 0.0365789 0.0467927 0.0566701 0.0649822 0.0707798 0.0736851 0.0738537 0.0717351 0.0678568 0.0627231 0.0567838 0.0504191 0.0439342 0.0375632 0.0314772 0.0257937 0.0205877 0.0159097 0.0118056 0.00832706 0.00552123
 0.00772127 0.0126314 0.0191745 0.0273371 0.0368653 0.0471063 0.0569815 0.0652561 0.0709848 0.0738052 0.0738959 0.0717267 0.0678351 0.0627212 0.0568177 0.050481 0.0439928 0.0375726 0.0313918 0.0255846 0.0202547 0.015484 0.0113417 0.00788574 0.00515108
 0.00777759 0.01272 0.0193023 0.0275078 0.0370786 0.0473557 0.0572524 0.0655256 0.0712246 0.073988 0.074003 0.071754 0.0677954 0.0626406 0.0567265 0.0504024 0.0439326 0.0375161 0.0313097 0.0254462 0.0200433 0.0152066 0.011028 0.0075774 0.00488562
 0.00779937 0.0127538 0.0193502 0.0275711 0.0371578 0.0474508 0.0573627 0.0656487 0.0713556 0.0741187 0.074122 0.0718488 0.0678555 0.0626622 0.0567147 0.0503691 0.0438905 0.0374703 0.0312536 0.0253645 0.0199215 0.0150415 0.0108328 0.00737716 0.00470696
 0.00783991 0.0128124 0.0194249 0.0276555 0.037243 0.0475288 0.0574289 0.0657028 0.0714006 0.0741593 0.0741617 0.0718884 0.0678918 0.062689 0.0567258 0.0503614 0.0438651 0.0374306 0.0312012 0.0252965 0.0198324 0.014929 0.0107026 0.007243 0.00458544
 0.00787296 0.0128631 0.019495 0.0277439 0.0373447 0.0476347 0.0575266 0.0657789 0.0714449 0.0741691 0.0741438 0.0718556 0.0678573 0.0626613 0.0567062 0.0503457 0.0438473 0.0374054 0.0311654 0.0252477 0.019769 0.0148512 0.0106144 0.00715272 0.00450334
 0.00787312 0.0128632 0.0194951 0.0277439 0.0373449 0.0476355 0.0575286 0.0657821 0.0714488 0.0741723 0.0741452 0.0718558 0.0678595 0.0626698 0.0567246 0.050374 0.0438813 0.0374382 0.0311893 0.0252568 0.01976 0.0148243 0.0105733 0.00710441 0.00445583
 0.00789301 0.0128902 0.0195256 0.0277717 0.0373624 0.0476373 0.0575138 0.0657545 0.0714152 0.0741398 0.0741189 0.071838 0.0678505 0.0626692 0.0567321 0.0503895 0.0439036 0.0374644 0.0312142 0.0252747 0.0197661 0.0148168 0.0105539 0.0070775 0.00442734
 0.00791256 0.0129178 0.0195594 0.0278064 0.0373907 0.0476512 0.0575064 0.0657224 0.07136 0.0740689 0.0740444 0.0717729 0.0678053 0.0626486 0.0567354 0.050412 0.0439394 0.0375069 0.0312575 0.0253127 0.0197942 0.0148321 0.0105566 0.00707066 0.00441541
 0.00789143 0.0128883 0.0195239 0.0277698 0.0373583 0.0476261 0.0574874 0.0657045 0.0713369 0.0740371 0.0740048 0.0717321 0.0677725 0.062633 0.0567425 0.0504425 0.0439891 0.0375688 0.0313231 0.0253743 0.0198456 0.0148697 0.0105797 0.00708123 0.0044173
 0.00787093 0.0128485 0.0194528 0.027654 0.0371887 0.0474052 0.0572342 0.0654526 0.0711242 0.0738922 0.0739399 0.0717426 0.0678443 0.0627497 0.05689 0.0506099 0.044167 0.0377477 0.0314936 0.0255274 0.0199741 0.0149696 0.0106508 0.00712687 0.00444327
 0.00785164 0.0128163 0.0194021 0.0275783 0.0370806 0.0472578 0.0570447 0.0652259 0.0708766 0.0736518 0.0737408 0.0716158 0.0678074 0.062803 0.0570187 0.0507913 0.0443777 0.0379676 0.0317066 0.0257211 0.0201394 0.0151013 0.0107478 0.00719237 0.00448336
 0.00784175 0.012797 0.0193673 0.0275203 0.0369922 0.0471348 0.0568883 0.0650431 0.0706786 0.0734522 0.0735554 0.0714628 0.0677065 0.0627707 0.057063 0.0509078 0.0445507 0.0381747 0.0319243 0.0259292 0.020323 0.0152513 0.0108611 0.007271 0.00453313
 0.00781669 0.0127566 0.019307 0.027436 0.0368806 0.0469949 0.0567224 0.0648582 0.0704862 0.0732664 0.0733911 0.0713337 0.0676239 0.0627437 0.0570975 0.0510051 0.0447049 0.0383723 0.0321455 0.0261519 0.0205276 0.0154236 0.0109945 0.00736559 0.00459435
 0.0077845 0.0127032 0.0192251 0.0273185 0.0367231 0.0467983 0.0564958 0.0646186 0.0702547 0.0730639 0.0732334 0.0712304 0.0675797 0.0627593 0.0571713 0.0511332 0.0448811 0.0385861 0.0323821 0.0263928 0.0207534 0.0156183 0.0111485 0.00747703 0.00466778
 0.00776014 0.012661 0.0191568 0.0272149 0.0365763 0.0466054 0.0562621 0.0643589 0.0699916 0.0728228 0.0730378 0.0710977 0.0675195 0.0627729 0.0572537 0.0512753 0.0450714 0.0388119 0.0326284 0.0266429 0.0209895 0.0158249 0.0113148 0.00759951 0.0047499
 0.00773292 0.012618 0.0190941 0.0271293 0.0364652 0.0464669 0.0560964 0.0641695 0.0697868 0.072616 0.0728467 0.0709418 0.067416 0.0627341 0.057284 0.0513716 0.0452243 0.0390078 0.0328513 0.0268751 0.0212134 0.0160243 0.0114784 0.00772233 0.00483375
 0.00769033 0.0125499 0.018994 0.0269925 0.0362903 0.0462581 0.0558643 0.0639312 0.0695616 0.0724209 0.0726938 0.0708381 0.0673657 0.0627403 0.0573488 0.0514939 0.0453986 0.0392234 0.0330931 0.0271254 0.0214537 0.0162383 0.0116542 0.00785494 0.00492491
 0.0076818 0.0125326 0.0189615 0.0269368 0.0362035 0.0461355 0.0557075 0.0637488 0.0693682 0.0722338 0.0725289 0.0707081 0.0672791 0.0627017 0.0573598 0.0515546 0.0455068 0.0393736 0.0332755 0.0273257 0.0216551 0.0164241 0.0118113 0.0079761 0.00500982
 0.00764796 0.0124823 0.0188942 0.0268546 0.0361093 0.0460311 0.055593 0.0636234 0.0692329 0.0720937 0.0723941 0.0705917 0.0671941 0.0626578 0.0573623 0.0516041 0.0456006 0.0395061 0.0334382 0.0275066 0.0218397 0.0165972 0.0119599 0.0080924 0.00509237
 0.00763431 0.0124571 0.0188512 0.026787 0.0360123 0.0459057 0.0554478 0.0634734 0.0690941 0.0719773 0.0723038 0.0705259 0.0671507 0.0626376 0.057369 0.0516425 0.0456734 0.0396123 0.0335725 0.02766 0.0219998 0.0167504 0.0120938 0.00819897 0.00516918
 0.00760246 0.0124092 0.0187859 0.026705 0.0359155 0.0457955 0.0553254 0.0633415 0.0689589 0.0718492 0.0721959 0.0704498 0.0671123 0.062637 0.0574023 0.0517052 0.0457622 0.0397249 0.0337055 0.027807 0.0221512 0.0168947 0.0122204 0.0083003 0.00524274
 0.00760651 0.0124132 0.0187873 0.0267 0.0359003 0.0457681 0.0552865 0.0632933 0.0689039 0.0717885 0.0721295 0.0703793 0.0670426 0.0625757 0.0573577 0.0516836 0.0457669 0.0397564 0.0337619 0.027884 0.0222418 0.0169894 0.0123092 0.00837505 0.00529919
 0.00757598 0.0123691 0.0187313 0.0266367 0.0358357 0.0457069 0.0552304 0.0632419 0.0688561 0.0717446 0.0720915 0.0703494 0.0670224 0.0625658 0.0573592 0.0516981 0.0457969 0.0398036 0.0338262 0.0279627 0.0223294 0.0170785 0.0123917 0.00844428 0.00535156
 0.00758564 0.0123797 0.0187381 0.0266328 0.0358149 0.0456675 0.0551774 0.0631855 0.068807 0.0717091 0.072069 0.0703347 0.0670099 0.0625527 0.0573459 0.0516879 0.045794 0.0398122 0.0338491 0.0280003 0.022379 0.0171348 0.0124479 0.00849405 0.00539078
 0.007545 0.012323 0.0186696 0.0265615 0.035751 0.045617 0.0551393 0.0631534 0.0687747 0.0716754 0.0720393 0.0703169 0.0670095 0.0625697 0.0573762 0.0517261 0.0458366 0.0398581 0.033899 0.0280548 0.0224373 0.0171939 0.0125034 0.00854174 0.00542775
 0.00754223 0.0123119 0.0186413 0.0265057 0.0356601 0.0454929 0.0549967 0.0630167 0.0686682 0.0716135 0.072022 0.0703342 0.0670489 0.0626222 0.057437 0.0517927 0.0459066 0.0399291 0.0339693 0.0281233 0.0225031 0.0172553 0.012558 0.00858695 0.00546211
 0.00751472 0.0122709 0.0185863 0.0264373 0.0355788 0.0453973 0.054884 0.0628861 0.068526 0.0714754 0.0719099 0.0702684 0.0670397 0.0626671 0.0575237 0.0519054 0.0460313 0.0400556 0.0340908 0.0282354 0.022603 0.0173411 0.0126285 0.00864156 0.00550145
 0.0075222 0.0122798 0.0185936 0.0264387 0.0355697 0.0453752 0.0548492 0.0628406 0.0684717 0.0714123 0.0718384 0.0701924 0.0669688 0.0626141 0.0574993 0.0519138 0.0460689 0.040114 0.0341602 0.0283077 0.0226721 0.017403 0.0126805 0.0086825 0.00553128
 0.0075016 0.0122502 0.0185562 0.0263964 0.0355263 0.0453326 0.0548071 0.0627972 0.0684252 0.0713637 0.0717906 0.0701493 0.0669342 0.0625917 0.0574932 0.0519281 0.0461059 0.040172 0.0342334 0.028388 0.0227512 0.0174743 0.0127398 0.00872816 0.0055637
 0.00748986 0.0122287 0.0185197 0.0263395 0.0354456 0.0452301 0.0546917 0.0626834 0.0683285 0.0712945 0.071752 0.0701378 0.0669438 0.062617 0.0575313 0.0519782 0.0461682 0.0402464 0.0343178 0.0284774 0.0228392 0.0175541 0.0128065 0.00877931 0.00559964
 0.00747488 0.012206 0.0184883 0.0262992 0.0353959 0.04517 0.0546198 0.0625999 0.0682372 0.0712039 0.0716739 0.0700834 0.0669196 0.0626233 0.0575635 0.0520299 0.046234 0.0403222 0.0344004 0.0285632 0.0229233 0.0176312 0.0128717 0.00882993 0.00563547
 0.00747488 0.012206 0.0184883 0.0262992 0.0353959 0.04517 0.0546198 0.0625999 0.0682372 0.0712039 0.0716739 0.0700834 0.0669196 0.0626233 0.0575635 0.0520299 0.046234 0.0403222 0.0344004 0.0285632 0.0229233 0.0176312 0.0128717 0.00882993 0.00563547
 0.00730118 0.0119288 0.0180823 0.0257478 0.0346992 0.0443539 0.0537429 0.0617503 0.0675142 0.0706928 0.0714257 0.0701083 0.0671928 0.0630963 0.058176 0.05272 0.0469457 0.0410109 0.0350338 0.0291204 0.0233923 0.0180072 0.0131567 0.00903211 0.00576848
 0.00721671 0.0117753 0.017822 0.0253368 0.0340998 0.0435533 0.0527706 0.0606827 0.066463 0.0697801 0.0707582 0.0697581 0.0671875 0.0634184 0.0587707 0.0535092 0.0478434 0.0419363 0.0359203 0.0299189 0.0240719 0.0185535 0.0135698 0.00932388 0.0059594
 0.00720977 0.0117593 0.0177876 0.0252683 0.0339732 0.0433373 0.0524314 0.0601954 0.0658265 0.0690309 0.0699731 0.0690412 0.066645 0.0631315 0.0587767 0.0537961 0.0483581 0.0426006 0.0366489 0.0306353 0.0247176 0.019092 0.0139863 0.00962204 0.0061561
#pred catch len freq
 0.00314747 0.0051152 0.00772917 0.0110373 0.0150824 0.0198538 0.0252272 0.0309555 0.0367194 0.042193 0.0470913 0.0512065 0.0544354 0.0567835 0.0583406 0.0592485 0.0596764 0.0597862 0.0596526 0.0591332 0.0577659 0.0548353 0.0496934 0.0422149 0.0330757
 0.00335973 0.00540074 0.0080512 0.0113308 0.0152795 0.0199199 0.0251829 0.0308655 0.036652 0.0421773 0.0471024 0.0511899 0.0543527 0.0566493 0.0582272 0.059254 0.0598719 0.0601665 0.0601162 0.0595085 0.0578796 0.0545917 0.049121 0.0414512 0.0322984
 0.00343349 0.00555378 0.00833762 0.0118079 0.0159778 0.020806 0.026142 0.031728 0.0372618 0.0424601 0.0470874 0.0509703 0.0540236 0.0562702 0.0578302 0.0588735 0.059556 0.0599539 0.0599964 0.0594028 0.0576679 0.0541762 0.0484861 0.0406771 0.03152
 0.00355209 0.00573454 0.00859211 0.0121515 0.0164411 0.0214414 0.0270112 0.0328623 0.0386115 0.0438698 0.0483298 0.0518309 0.0543858 0.0561472 0.0573313 0.0581419 0.0587204 0.0591058 0.05918 0.058611 0.0568536 0.0532891 0.0475182 0.0396848 0.0306029
 0.00371075 0.00598779 0.00896396 0.0126601 0.0170953 0.0222385 0.0279379 0.0339024 0.0397533 0.0451003 0.0496075 0.0530555 0.0553967 0.0567695 0.057447 0.0577383 0.0578861 0.0579817 0.0579014 0.0572696 0.0554934 0.05193 0.0461903 0.0384478 0.0295351
 0.00390487 0.00629914 0.00942546 0.0133016 0.0179407 0.0232987 0.0292013 0.0353266 0.0412674 0.0466171 0.0510412 0.0543307 0.0564425 0.0575048 0.0577766 0.0575761 0.057194 0.0567968 0.056329 0.0554481 0.0535586 0.0500001 0.0443706 0.036836 0.0282118
 0.0041436 0.00667834 0.00998082 0.0140637 0.0189337 0.0245364 0.0306784 0.037009 0.0430863 0.0484724 0.0528115 0.0558916 0.0576845 0.0583436 0.0581499 0.057435 0.0565028 0.0555497 0.0545724 0.0532911 0.0511622 0.0475524 0.0420582 0.0348179 0.0265943
 0.00441886 0.00711609 0.0106224 0.0149438 0.0200775 0.0259544 0.0323566 0.0389016 0.0451147 0.0505317 0.0547806 0.0576436 0.0590988 0.0593167 0.0586033 0.0573156 0.0557801 0.054218 0.0526637 0.0508946 0.0484357 0.0447124 0.0393455 0.0324471 0.0247069
 0.0047254 0.0076045 0.0113401 0.0159316 0.0213661 0.0275575 0.0342591 0.0410492 0.0474119 0.0528507 0.0569769 0.0595733 0.0606334 0.0603534 0.0590674 0.0571573 0.054971 0.0527526 0.0505711 0.048259 0.0454152 0.0415389 0.0362919 0.0297679 0.0225746
 0.00499869 0.00804629 0.0120017 0.0168622 0.0226083 0.0291368 0.0361697 0.0432418 0.049792 0.0552866 0.0593144 0.0616539 0.0623121 0.0615128 0.0596238 0.0570583 0.0541896 0.0512852 0.0484464 0.0455587 0.0422959 0.038237 0.0330942 0.0269487 0.020325
 0.00527444 0.0084849 0.0126456 0.0177494 0.0237716 0.0306003 0.0379381 0.045288 0.0520477 0.0576414 0.0616247 0.0637592 0.0640565 0.0627638 0.0602827 0.0570612 0.0535029 0.0499028 0.0463964 0.0429208 0.0392237 0.0349639 0.0299072 0.0241268 0.0180662
 0.00556238 0.00894341 0.0133186 0.0186737 0.0249735 0.032089 0.0396969 0.0472673 0.0541672 0.0597985 0.0637045 0.0656417 0.0656225 0.0639025 0.0608993 0.0570829 0.0528821 0.0486203 0.0444699 0.0404218 0.0362962 0.0318307 0.0268451 0.0214068 0.0158833
 0.00579559 0.00932977 0.0139141 0.0195366 0.0261547 0.033615 0.0415509 0.0493784 0.0564162 0.0620379 0.0657827 0.0674242 0.0670051 0.064813 0.0612915 0.0569256 0.0521525 0.0473064 0.0425839 0.0380219 0.0335093 0.0288599 0.0239458 0.0188323 0.0138166
 0.00600623 0.00966852 0.0144192 0.0202472 0.0271104 0.0348514 0.0430875 0.0512011 0.0584614 0.0641868 0.0678729 0.0692776 0.0684636 0.0657663 0.0616847 0.0567478 0.0514163 0.0460337 0.0408074 0.0358027 0.0309608 0.0261595 0.0213185 0.0165021 0.0119465
 0.00631746 0.0101434 0.0150771 0.0210888 0.0281238 0.0360208 0.0443967 0.0526313 0.0599841 0.0657566 0.0694213 0.0707109 0.0696691 0.066629 0.062109 0.0566743 0.0508257 0.0449404 0.039252 0.033855 0.0287308 0.0238053 0.0190341 0.0144791 0.010324
 0.00661579 0.0106189 0.015774 0.022039 0.0293375 0.0374747 0.0460244 0.0543258 0.0616202 0.0672226 0.070642 0.0716498 0.0703131 0.0669684 0.0621251 0.0563396 0.0501145 0.0438424 0.0377843 0.0320703 0.0267244 0.0217155 0.0170268 0.0127148 0.00891621
 0.00676653 0.0108777 0.0161896 0.0226672 0.0302312 0.0386651 0.0474999 0.0560175 0.0634037 0.0689372 0.072123 0.0727647 0.0709888 0.0671963 0.0619431 0.0558011 0.0492639 0.0427081 0.0363895 0.0304534 0.0249564 0.019905 0.0153076 0.0112159 0.00772757
 0.0068373 0.0109996 0.0163879 0.0229759 0.0306929 0.0393272 0.0484031 0.0571788 0.0647957 0.0704746 0.0736645 0.0741385 0.0720329 0.0677991 0.0620648 0.0554686 0.0485449 0.0416814 0.035127 0.0290211 0.0234267 0.0183681 0.013868 0.00997299 0.00674865
 0.00684421 0.0109996 0.0163693 0.0229258 0.030608 0.0392278 0.0483422 0.0572382 0.0650653 0.0710197 0.0744961 0.0751963 0.0731912 0.0688945 0.0629375 0.0560017 0.0486862 0.0414411 0.0345594 0.0282034 0.022448 0.0173245 0.0128577 0.00908325 0.00603902
 0.00678599 0.0109069 0.0162324 0.0227347 0.0303523 0.0388987 0.0479408 0.0567881 0.064625 0.070685 0.0743821 0.0754001 0.0737492 0.0697565 0.0639722 0.057034 0.0495476 0.0420125 0.034791 0.0281119 0.0220985 0.0168099 0.0122786 0.00853007 0.00557613
 0.00682485 0.0109615 0.0162983 0.0228014 0.0304043 0.0389184 0.0479107 0.0566933 0.0644573 0.0704512 0.0741142 0.0751598 0.0736181 0.0698088 0.0642398 0.0574833 0.0500834 0.0425095 0.035137 0.0282422 0.022009 0.0165481 0.0119211 0.00815641 0.00524813
 0.00687754 0.0110387 0.0163984 0.0229168 0.0305226 0.0390246 0.0479893 0.0567295 0.0644386 0.0703695 0.0739697 0.0749666 0.0734085 0.0696318 0.0641503 0.0575204 0.0502482 0.0427567 0.0353888 0.0284185 0.0220589 0.0164659 0.0117413 0.00793393 0.00503481
 0.00689157 0.0110607 0.0164299 0.0229575 0.0305695 0.0390712 0.0480251 0.0567423 0.0644179 0.070311 0.0738765 0.0748487 0.0732805 0.069513 0.0640648 0.0574939 0.0502987 0.042882 0.0355597 0.028586 0.0221734 0.0164986 0.0116944 0.00783445 0.00491889
 0.00690949 0.0110941 0.0164877 0.0230501 0.0307054 0.0392516 0.0482396 0.0569675 0.0646213 0.0704586 0.0739419 0.0748196 0.0731621 0.0693266 0.0638429 0.0572738 0.0501145 0.0427562 0.0354959 0.0285676 0.0221707 0.0164829 0.0116511 0.00776677 0.00484197
 0.00694993 0.0111497 0.0165534 0.0231172 0.0307668 0.0393085 0.0483046 0.0570594 0.0647531 0.0706257 0.0741182 0.0749655 0.0732399 0.069315 0.0637439 0.0571104 0.0499221 0.0425707 0.0353432 0.0284569 0.0220953 0.0164271 0.0116001 0.00771402 0.0047895
 0.00686261 0.011022 0.0163873 0.0229222 0.030556 0.0390928 0.0480913 0.0568568 0.0645781 0.0705067 0.0740881 0.0750455 0.0734251 0.0695721 0.0640235 0.0573667 0.0501282 0.0427223 0.0354513 0.0285365 0.0221563 0.0164719 0.0116274 0.00772375 0.00478544
 0.00675628 0.0108567 0.0161533 0.022618 0.0301903 0.0386872 0.0476803 0.0564832 0.0642833 0.0703201 0.074023 0.0751023 0.0735966 0.0698435 0.0643698 0.0577515 0.0505103 0.0430668 0.0357382 0.0287613 0.0223245 0.0165923 0.0117082 0.0077726 0.00481034
