SBPRF35
7.78865
Curr Bio
538372
B35
683505
F35
0.210878
FOFL
0.168678
OFL
73781.2
Bzero
2.22533e+06
#pred survey bio
 5.117e+06 4.77582e+06 4.45851e+06 4.11027e+06 3.74519e+06 3.3271e+06 2.97224e+06 2.62655e+06 2.31026e+06 2.05382e+06 1.79966e+06 1.60022e+06 1.39942e+06 1.23968e+06 1.10856e+06 994738 925159 856012 786530 756687 737630 701445 683239 665014 655436 644525 631285 626332 618638 620446 618795 615844 607175 601290 588592 572564 567182 553838 550703 556988 563984 569643 570899 571581 574790 580591 586636 584640 588686 586629 588334 601028 621281 642458 646797 635704 615609 616345 611271 590144 582691 575165 575711 522046 531290 544347 1.95662e+07 1.15149e+07 1.15731e+07 1.21509e+07 1.30229e+07 1.39618e+07 1.48257e+07 1.55513e+07 1.61262e+07 1.65645e+07 1.68904e+07 1.71288e+07 1.73015e+07 1.7426e+07 1.75157e+07 1.75805e+07 1.76275e+07 1.76616e+07 1.76867e+07 1.77052e+07 1.77189e+07 1.77291e+07 1.77368e+07 1.77425e+07 1.77469e+07 1.77502e+07 1.77528e+07 1.77547e+07 1.77562e+07 1.77573e+07 1.77582e+07 1.77588e+07 1.77593e+07 1.77597e+07 1.776e+07 1.77603e+07 1.77605e+07 1.77606e+07 1.77607e+07 1.77608e+07 1.77609e+07 1.77609e+07 1.7761e+07 1.7761e+07 1.7761e+07 1.7761e+07 1.7761e+07 1.77611e+07 1.77611e+07 1.77611e+07 1.77611e+07 1.77611e+07 1.77611e+07 1.77611e+07 1.77611e+07 1.77611e+07 1.77611e+07 1.77611e+07 1.77611e+07 1.77611e+07 1.77611e+07 1.77611e+07 1.77611e+07 1.77611e+07 1.77611e+07 1.77611e+07 1.77611e+07 1.77611e+07 1.77611e+07 1.77611e+07 1.77611e+07 1.77611e+07 1.77611e+07 1.77611e+07 1.77611e+07 1.77611e+07 1.77611e+07 1.77611e+07 1.77611e+07 1.77611e+07 1.77611e+07 1.77611e+07 1.77611e+07 1.77611e+07 1.77611e+07 1.77611e+07 1.77611e+07 1.77611e+07 1.77611e+07 1.77611e+07 1.77611e+07 1.77611e+07 1.77611e+07 1.77611e+07 1.77611e+07 1.77611e+07 1.77611e+07 1.77611e+07 1.77611e+07 1.77611e+07 0 0 0 0 0 0 0 0 0 0 0 0 0 0 0 0 0 0 0 0 0 0 0 0 0
#obs survey bio
 4.73133e+06 6.72898e+06 3.34416e+06 4.15869e+06 2.63285e+06 3.20356e+06 2.45415e+06 1.63355e+06 1.70419e+06 1.38983e+06 1.38061e+06 1.2514e+06 1.27279e+06 1.0466e+06 514258 900232 797585 567830 1.17266e+06 993783 819248 655589 478926 477861 724335 574249 533668 885949 612406 664726 637055 512954 537319 781693 509885 623234 549439 484315 472780 483696 574092 567914 529792 555040 575080 448652 765461 589327 595433 495929 582337 656217 570687 706487 631761 459556 491699 802686 587845 461106 636885 703918 408984 411116 472688 640381
#pred catch bio
 105017 99218.5 150486 196052 281138 262590 292330 301771 279428 303190 274029 287944 259154 238479 225755 188507 186882 182738 144216 131636 142806 125058 123432 114690 114064 113425 103567 103154 93293.2 94750.8 93899 96257.3 91059.2 93578.9 93274.2 84157 94397.5 89491.9 83679.6 83902.9 85418.8 89283.2 89607.1 87150.8 84615 83978.8 90191.1 85542.8 92391.4 91369.6 84438.6 79951.3 80147.4 94030.9 106156 113313 96106.6 100873 112757 99888.2 98940.2 91444.3 135079 80897 77207 71836.1 73781.2 88466.2 87466.6 90429.1 96354.1 103046 109185 114238 118123 120973 122993 124389 125334 125965 126381 126652 126828 126941 127014 127060 127090 127108 127120 127128 127133 127136 127137 127139 127139 127140 127140 127140 127140 127140 127141 127141 127141 127141 127141 127141 127141 127141 127141 127141 127141 127141 127141 127141 127141 127141 127141 127141 127141 127141 127141 127141 127141 127141 127141 127141 127141 127141 127141 127141 127141 127141 127141 127141 127141 127141 127141 127141 127141 127141 127141 127141 127141 127141 127141 127141 127141 127141 127141 127141 127141 127141 127141 127141 127141 127141 127141 127141 127141 127141 127141 127141 127141 127141 127141 127141 0 0 0 0 0 0 0 0 0 0 0 0 0 0 0 0 0 0 0 0 0 0 0 0 0
#obs catch bio
 0 98834.1 150848 196354 283791 264311 295836 307410 285005 313001 283019 299388 268113 245782 234194 193852 192182 189151 146972 133499 144683 127035 125807 116672 116117 115595 105357 104117 94138.6 95810.1 94840.5 97436.9 91880.5 94170.6 94047.3 84670.8 95273.2 90472.8 84053.5 84074.4 85329 89613 90037.7 87627.8 84853.6 84237.4 89923.9 85179.5 92415.9 92027 85111.4 80597.1 80676.9 94659.8 106520 114382 96556.4 101071 113567 100126 99308.1 90747.4 136491 80923.2 77717.3 71781.2
#pred cpue bio
 5.0419e+06 4.70654e+06 4.39355e+06 4.04732e+06 3.68381e+06 3.26781e+06 2.91434e+06 2.56999e+06 2.2549e+06 1.99934e+06 1.74685e+06 1.54902e+06 1.35085e+06 1.19352e+06 1.06438e+06 952308 883995 816770 749759 721544 703627 668612 650878 633238 624091 613862 601506 597310 590350 592336 591013 588563 580610 575428 563680 548441 542485 527883 523898 530176 537365 542964 544151 544847 548122 553967 560074 558223 561821 559202 560269 572362 592233 613220 617767 606856 586797 587230 582606 562324 555048 547928 548573 496237 504964 518614 1.87193e+07 1.10403e+07 1.09824e+07 1.14228e+07 1.22457e+07 1.31728e+07 1.40343e+07 1.47594e+07 1.53342e+07 1.57726e+07 1.60985e+07 1.63368e+07 1.65095e+07 1.66341e+07 1.67238e+07 1.67886e+07 1.68355e+07 1.68697e+07 1.68947e+07 1.69132e+07 1.69269e+07 1.69371e+07 1.69448e+07 1.69506e+07 1.6955e+07 1.69583e+07 1.69608e+07 1.69627e+07 1.69642e+07 1.69653e+07 1.69662e+07 1.69669e+07 1.69674e+07 1.69678e+07 1.69681e+07 1.69683e+07 1.69685e+07 1.69687e+07 1.69688e+07 1.69688e+07 1.69689e+07 1.6969e+07 1.6969e+07 1.6969e+07 1.69691e+07 1.69691e+07 1.69691e+07 1.69691e+07 1.69691e+07 1.69691e+07 1.69691e+07 1.69691e+07 1.69691e+07 1.69691e+07 1.69691e+07 1.69691e+07 1.69691e+07 1.69691e+07 1.69691e+07 1.69691e+07 1.69691e+07 1.69691e+07 1.69691e+07 1.69691e+07 1.69691e+07 1.69691e+07 1.69691e+07 1.69691e+07 1.69691e+07 1.69691e+07 1.69691e+07 1.69691e+07 1.69691e+07 1.69691e+07 1.69691e+07 1.69691e+07 1.69691e+07 1.69691e+07 1.69691e+07 1.69691e+07 1.69691e+07 1.69691e+07 1.69691e+07 1.69691e+07 1.69691e+07 1.69691e+07 1.69691e+07 1.69691e+07 1.69691e+07 1.69691e+07 1.69691e+07 1.69691e+07 1.69691e+07 1.69691e+07 1.69691e+07 1.69691e+07 1.69691e+07 1.69691e+07 1.69691e+07 1.69691e+07 0 0 0 0 0 0 0 0 0 0 0 0 0 0 0 0 0 0 0 0 0 0 0 0 0
#obs cpue bio
 4.15542e+06 4.27918e+06 2.72671e+06 3.35466e+06 3.06907e+06 2.38259e+06 2.44841e+06 1.97138e+06 1.7469e+06 1.3176e+06 1.17825e+06 1.33954e+06 1.18306e+06 1.1944e+06 1.09561e+06 823307 821033 635140 580082 538681 741439 365540 620053 667800 430707 512968 509285 714870 425251 436282 516600 551038 636920 545202 520777 417891 535654 411844 844657 729466 670062 372301 502343 479260 631249 638642 830551 550536 431646 346677 423773 422310 598461 629744 813839 558788 691438 588839 471942 771968 486702 797161 448884 539453 413405 774505
#pred surv len freq
 0.00462376 0.00757568 0.0115289 0.0165031 0.022394 0.0288819 0.0354114 0.0413374 0.0461708 0.0497381 0.0521508 0.0536597 0.0545244 0.0549501 0.055072 0.0549606 0.0546378 0.0540866 0.0532295 0.0518685 0.0496401 0.0460783 0.0408376 0.0339859 0.0261532
 0.00488885 0.0078992 0.0118221 0.0166298 0.0222231 0.028362 0.0346201 0.0404642 0.0454341 0.0492849 0.0520016 0.0537261 0.0546776 0.0550955 0.0551903 0.0551033 0.054885 0.0544909 0.0537718 0.0524512 0.0501242 0.0463476 0.0408524 0.0337949 0.0258595
 0.00516736 0.00835845 0.0125166 0.0175912 0.0234273 0.0296941 0.0358681 0.0413705 0.0457995 0.0490669 0.0513358 0.0528484 0.0538037 0.0543389 0.0545628 0.0545732 0.0544347 0.054131 0.0535135 0.0522702 0.0499541 0.0461103 0.0405055 0.0333578 0.0254001
 0.00540719 0.00875138 0.0131149 0.0184482 0.0245883 0.0311769 0.0376335 0.0432943 0.0476672 0.0506088 0.0523037 0.0531052 0.0533754 0.0533929 0.0533246 0.0532372 0.0531212 0.0528949 0.052372 0.0512198 0.0489754 0.0451787 0.0396117 0.0325239 0.0246727
 0.00567046 0.00917264 0.0137371 0.0193093 0.0257174 0.0325872 0.0393118 0.0451906 0.0496873 0.0526105 0.0540977 0.0544746 0.0541225 0.0534031 0.0526125 0.0519409 0.0514458 0.0510408 0.0504879 0.049394 0.0472532 0.0435874 0.0381802 0.0312902 0.0236749
 0.00603444 0.00975119 0.0145831 0.0204628 0.0271984 0.0343856 0.0413766 0.0474285 0.051976 0.0548193 0.0560989 0.0561394 0.0553123 0.0539758 0.0524553 0.0510155 0.0498174 0.048868 0.0479776 0.0467502 0.0446464 0.0411512 0.0360199 0.0294852 0.0222708
 0.0063987 0.0103296 0.015428 0.0216138 0.0286762 0.0361822 0.0434435 0.0496733 0.0542746 0.0570376 0.058114 0.0578463 0.056617 0.0547844 0.0526691 0.0505464 0.0486209 0.0469772 0.0455171 0.0439185 0.041678 0.0382764 0.0334344 0.0273292 0.0206134
 0.00678055 0.0109437 0.0163393 0.0228769 0.0303235 0.0382069 0.0457825 0.0522043 0.0568351 0.0594594 0.060252 0.059592 0.0578947 0.055538 0.0528477 0.0500968 0.0474951 0.045159 0.0430558 0.0409527 0.0384308 0.0350206 0.030439 0.0248038 0.0186697
 0.00716104 0.011554 0.0172425 0.0241265 0.0319542 0.0402195 0.0481271 0.0547726 0.0594723 0.0619906 0.0625112 0.0614424 0.0592378 0.056312 0.0530173 0.0496387 0.0463895 0.043396 0.0406613 0.0380219 0.0351495 0.0316529 0.0272777 0.0220999 0.0165714
 0.00743073 0.0119981 0.0179214 0.0251001 0.0332707 0.0418969 0.0501349 0.0570251 0.0618405 0.0643262 0.0646687 0.0632919 0.0606704 0.0572428 0.053386 0.0494067 0.0455345 0.0419118 0.0385702 0.0354001 0.0321518 0.028515 0.0242792 0.0194969 0.014529
 0.00770392 0.0124453 0.0186005 0.0260675 0.0345707 0.0435455 0.0521013 0.0592243 0.0641432 0.0665822 0.0667311 0.0650334 0.0619914 0.0580717 0.0536758 0.049129 0.0446745 0.0404688 0.0365678 0.0329071 0.0293051 0.0255257 0.0214056 0.0169845 0.0125439
 0.00786292 0.0127126 0.0190198 0.0266867 0.0354346 0.0446825 0.0535089 0.0608611 0.065932 0.0684213 0.0685075 0.0666335 0.0633101 0.0590194 0.0541833 0.0491473 0.0441734 0.0394368 0.0350193 0.0308983 0.0269521 0.0230105 0.0189542 0.0148169 0.010815
 0.00811548 0.0131153 0.0196112 0.0274979 0.036484 0.045968 0.0549989 0.0624908 0.0676107 0.0700482 0.0699865 0.0678827 0.0642638 0.0596273 0.0544078 0.048961 0.0435575 0.0383834 0.0335398 0.0290383 0.0248084 0.0207373 0.0167457 0.0128646 0.00925555
 0.008451 0.0136294 0.0203265 0.0284153 0.0375848 0.0472182 0.0563504 0.0638822 0.0689713 0.0713066 0.0710803 0.0687621 0.0648917 0.0599763 0.0544568 0.048693 0.0429582 0.037444 0.0322648 0.02746 0.0230018 0.0188262 0.014889 0.0112208 0.00793935
 0.00872252 0.0140705 0.0209879 0.0293382 0.0387865 0.0486726 0.0579742 0.0655401 0.070508 0.0725897 0.0720305 0.0693576 0.0651501 0.0599314 0.054141 0.0481289 0.0421573 0.0364105 0.0310055 0.0259983 0.0213928 0.0171637 0.0132962 0.00982185 0.00682402
 0.00887564 0.014334 0.0214113 0.0299765 0.0396878 0.0498574 0.0594139 0.0671475 0.0721462 0.0740989 0.073261 0.0702 0.065554 0.0599066 0.0537414 0.0474267 0.0412198 0.0352882 0.0297339 0.0246104 0.0199353 0.0157076 0.0119325 0.00864174 0.00589195
 0.0088672 0.0143257 0.0214109 0.0300002 0.0397632 0.0500253 0.0597243 0.0676476 0.072861 0.0750103 0.0742984 0.071249 0.0664831 0.0606008 0.0541278 0.0474838 0.040969 0.0347749 0.0290107 0.0237308 0.0189568 0.0146977 0.0109678 0.00779595 0.00521767
 0.00877527 0.0142075 0.0212906 0.0299191 0.0397685 0.0501525 0.059985 0.06803 0.0733427 0.0755713 0.0749233 0.071917 0.0671539 0.0612103 0.0545996 0.0477498 0.0409889 0.0345448 0.0285587 0.0231066 0.0182226 0.0139226 0.0102218 0.00714124 0.00469619
 0.00882224 0.0142671 0.0213511 0.0299636 0.0397857 0.0501495 0.0599937 0.0680984 0.0735136 0.0758608 0.0753139 0.0723674 0.0676169 0.0616435 0.0549643 0.0480073 0.0411016 0.0344852 0.0283204 0.0227093 0.0177099 0.0133538 0.0096605 0.00664283 0.00429745
 0.00890728 0.0143655 0.0214256 0.0299557 0.0396318 0.0498085 0.0594716 0.0674577 0.072862 0.0753237 0.075001 0.0723438 0.0678875 0.0621555 0.0556267 0.0487151 0.0417569 0.0350106 0.0286669 0.0228609 0.0176838 0.0131936 0.00942494 0.00639027 0.00407288
 0.00901065 0.0145199 0.0216304 0.0301952 0.0398718 0.0499961 0.0595408 0.067346 0.0725365 0.074807 0.0743783 0.0717432 0.0674386 0.0619474 0.0556826 0.0489929 0.0421699 0.035457 0.0290564 0.0231331 0.0178156 0.0131972 0.00933744 0.0062583 0.00393781
 0.00916257 0.0147688 0.0220069 0.0307242 0.0405614 0.0508215 0.0604317 0.0681871 0.0731894 0.0751474 0.0743352 0.0713232 0.0667278 0.0610872 0.0548278 0.0482668 0.0416343 0.0351085 0.0288456 0.0229939 0.0176927 0.0130613 0.0091858 0.00610571 0.00380321
 0.00918136 0.0147992 0.0220535 0.0307941 0.0406668 0.0509802 0.0606635 0.0685042 0.0735818 0.0755722 0.074718 0.0715778 0.0667872 0.0609321 0.0544971 0.0478436 0.0412135 0.0347616 0.0286011 0.0228393 0.0175929 0.0129816 0.00910644 0.00602409 0.00372692
 0.00919401 0.0148219 0.0220913 0.0308531 0.0407521 0.0510948 0.0608073 0.0686755 0.0737792 0.0757939 0.0749562 0.0718106 0.0669754 0.0610284 0.0544658 0.04768 0.0409502 0.0344563 0.0283115 0.0226021 0.0174169 0.0128551 0.00901213 0.00594941 0.00366697
 0.00908412 0.0146609 0.0218821 0.0306109 0.0405014 0.0508637 0.0606228 0.0685602 0.0737498 0.0758593 0.075116 0.0720531 0.0672768 0.0613524 0.0547677 0.0479169 0.0410954 0.0345084 0.0282933 0.0225472 0.0173543 0.0128005 0.00896886 0.00591506 0.0036391
 0.00899347 0.0145177 0.0216757 0.0303364 0.0401643 0.0504839 0.0602371 0.0682183 0.0735028 0.075745 0.0751487 0.0722233 0.0675576 0.0617072 0.0551552 0.0482953 0.0414267 0.0347662 0.0284687 0.0226491 0.0174026 0.0128167 0.00896908 0.00590859 0.00363045
 0.00889688 0.0143715 0.0214756 0.0300854 0.039871 0.050161 0.0599007 0.0678902 0.073211 0.0755224 0.0750268 0.0722242 0.0676871 0.0619521 0.0554858 0.0486716 0.0418064 0.0351116 0.0287531 0.0228609 0.017545 0.0129031 0.00901609 0.00593112 0.00363933
 0.00888875 0.0143337 0.0213743 0.0298771 0.0395174 0.04965 0.0592633 0.0671988 0.0725598 0.0749981 0.0746883 0.0720971 0.067769 0.0622204 0.0559033 0.04919 0.0423712 0.0356692 0.0292581 0.0232825 0.0178702 0.0131349 0.00916886 0.00602413 0.00369148
 0.00898381 0.0144711 0.0215475 0.0300643 0.0396814 0.0497426 0.0592333 0.0670065 0.0721945 0.0744915 0.0741136 0.0715492 0.0673359 0.0619595 0.0558328 0.0492935 0.0426086 0.0359884 0.0296055 0.0236122 0.0181501 0.0133498 0.00931873 0.00611926 0.00374641
 0.00887267 0.0143172 0.0213649 0.0298813 0.0395301 0.0496435 0.0591829 0.066976 0.0721409 0.0743765 0.073921 0.0712954 0.0670674 0.061739 0.0557181 0.0493183 0.0427742 0.0362662 0.0299487 0.0239692 0.0184772 0.0136186 0.00951842 0.0062537 0.00382848
 0.00877195 0.0141581 0.021136 0.0295792 0.0391656 0.0492461 0.058802 0.0666701 0.0719569 0.0743281 0.0739813 0.0714107 0.0671849 0.0618318 0.0557933 0.0494076 0.0429121 0.0364715 0.0302153 0.0242701 0.0187756 0.0138817 0.00972616 0.0064011 0.00392263
 0.00866408 0.0139916 0.0209017 0.0292749 0.0387959 0.0488241 0.058351 0.0662268 0.0715694 0.0740471 0.0738457 0.0714334 0.0673461 0.0620868 0.0560918 0.049713 0.0432115 0.0367695 0.0305196 0.0245787 0.0190741 0.0141489 0.00994394 0.0065615 0.00402895
 0.0085682 0.0138452 0.0206993 0.0290177 0.038492 0.0484864 0.0579974 0.0658791 0.071252 0.0737849 0.0736623 0.0713484 0.0673716 0.0622216 0.0563183 0.0500011 0.0435287 0.0370909 0.0308317 0.0248752 0.0193484 0.0143913 0.0101437 0.0067124 0.00413211
 0.00843431 0.0136365 0.0204024 0.0286281 0.0380161 0.0479447 0.0574262 0.0653281 0.0707755 0.073429 0.0734552 0.0712989 0.0674733 0.0624583 0.056667 0.0504328 0.044009 0.0375846 0.0313078 0.0253109 0.019729 0.0147082 0.0103931 0.00689542 0.00425573
 0.00851646 0.0137373 0.0204938 0.0286643 0.0379463 0.0477339 0.0570716 0.0648636 0.0702602 0.0729293 0.0730288 0.0709864 0.067296 0.0624204 0.0567593 0.0506361 0.0442975 0.0379277 0.0316737 0.0256696 0.0200564 0.0149876 0.0106157 0.00706011 0.00436789
 0.00924932 0.0147862 0.0218066 0.0300977 0.0393006 0.0488125 0.0577333 0.0650453 0.069974 0.0722475 0.0720662 0.0698776 0.0661704 0.0613815 0.0558737 0.0499348 0.0437832 0.0375839 0.0314721 0.0255767 0.0200381 0.0150132 0.0106607 0.00710734 0.00440748
 0.00979998 0.0156691 0.023104 0.0318554 0.0414921 0.0512985 0.0602417 0.0672078 0.0714275 0.0727575 0.071602 0.0686002 0.0643534 0.0593166 0.0538049 0.048031 0.0421398 0.0362382 0.0304213 0.0247935 0.0194821 0.0146393 0.0104243 0.00696797 0.00433171
 0.00961674 0.0155023 0.0230949 0.0322145 0.0424416 0.052978 0.0626225 0.0700614 0.0743672 0.0753332 0.0734118 0.0693879 0.0640637 0.0580919 0.0519252 0.0458238 0.0398984 0.034175 0.0286586 0.0233778 0.0184076 0.0138682 0.00990284 0.00663765 0.00413712
 0.00928037 0.0149802 0.0223642 0.031295 0.0414196 0.0520273 0.0619988 0.0700469 0.0751645 0.0769536 0.0756265 0.0717831 0.0661763 0.0595589 0.0525802 0.04571 0.039211 0.0331709 0.0275748 0.0223838 0.0175941 0.0132608 0.00948518 0.00637232 0.00398162
 0.00918213 0.0147864 0.022011 0.0307064 0.0405333 0.0508348 0.0605853 0.068607 0.0739758 0.0763098 0.0757452 0.0727195 0.0677813 0.0615108 0.0544868 0.0472384 0.0401833 0.0335863 0.0275629 0.0221254 0.0172517 0.0129425 0.00924057 0.00620882 0.00388449
 0.00922779 0.0148426 0.0220595 0.0307119 0.0404437 0.0505871 0.0601207 0.0678944 0.0730431 0.075268 0.0747872 0.0720767 0.067646 0.0619545 0.0554187 0.0484311 0.0413585 0.0345176 0.0281429 0.0223718 0.0172621 0.0128331 0.00910265 0.00609257 0.00380556
 0.00921452 0.0148337 0.0220684 0.0307552 0.040532 0.0507117 0.0602433 0.0679488 0.072953 0.0749767 0.0742902 0.0714428 0.0670129 0.0614911 0.0552624 0.048627 0.0418362 0.0351221 0.0287046 0.0227741 0.0174721 0.0128873 0.0090671 0.00602697 0.00374581
 0.00917373 0.0147776 0.0220035 0.0306956 0.0404976 0.0507233 0.0603151 0.06808 0.07312 0.0751307 0.0743668 0.0713855 0.0668027 0.0611679 0.0549197 0.0483769 0.0417588 0.035228 0.0289338 0.023032 0.0176776 0.0130037 0.00910235 0.00601275 0.00371417
 0.00910681 0.0146768 0.0218674 0.0305297 0.0403145 0.0505426 0.0601622 0.0679827 0.0731011 0.0751985 0.0745065 0.0715577 0.0669547 0.0612538 0.0549232 0.0483226 0.0417011 0.0352222 0.0290053 0.023165 0.0178288 0.0131299 0.00918139 0.00604671 0.00371894
 0.00906334 0.0146014 0.0217457 0.0303474 0.0400627 0.0502256 0.059804 0.0676266 0.0728003 0.0750016 0.0744436 0.0716327 0.0671436 0.0615115 0.0551975 0.0485716 0.0419078 0.035395 0.0291651 0.0233262 0.0179889 0.013273 0.00929138 0.0061175 0.00375608
 0.00898993 0.0144885 0.0215876 0.030142 0.039811 0.049931 0.0594733 0.0672741 0.0724511 0.074692 0.0742159 0.071525 0.0671776 0.0616839 0.0554789 0.048916 0.0422668 0.0357327 0.0294642 0.0235838 0.018207 0.0134517 0.00942845 0.00621276 0.00381458
 0.00901309 0.0145078 0.0215831 0.0300851 0.039673 0.0496963 0.0591498 0.0668927 0.072056 0.0743268 0.0739155 0.0713147 0.0670757 0.0617016 0.0556157 0.0491552 0.0425766 0.0360733 0.0297986 0.0238857 0.0184625 0.013656 0.00958212 0.00632008 0.00388294
 0.00926648 0.0148783 0.0220625 0.0306354 0.0402328 0.0501936 0.0595154 0.0670721 0.0720196 0.0740786 0.0734943 0.0707843 0.0665091 0.0611651 0.0551596 0.0488095 0.0423503 0.0359561 0.0297665 0.0239091 0.0185141 0.0137153 0.00963636 0.00636287 0.00391268
 0.00942341 0.0151313 0.0224372 0.0311482 0.0408805 0.050941 0.0602872 0.0677603 0.0725102 0.0742868 0.0733905 0.070399 0.0659171 0.0604616 0.0544374 0.0481437 0.0417903 0.0355246 0.0294625 0.023715 0.0184034 0.0136609 0.00961509 0.00635828 0.00391458
 0.00950469 0.0152759 0.0226775 0.0315214 0.0414184 0.0516541 0.0611489 0.0686995 0.0734188 0.0750408 0.0738771 0.0705436 0.0657015 0.0599282 0.0536763 0.0472682 0.0409097 0.0347241 0.028794 0.0231972 0.0180296 0.0134085 0.00945567 0.00626404 0.00386256
 0.00942124 0.0151659 0.0225604 0.0314342 0.0414098 0.0517722 0.0614281 0.0691503 0.074021 0.0757403 0.0745892 0.0711652 0.0661339 0.0601022 0.0535723 0.04692 0.0403932 0.0341334 0.0282164 0.0226954 0.0176349 0.0131247 0.00926799 0.00614964 0.00379824
 0.00922438 0.0148631 0.0221387 0.0308984 0.0407874 0.0511173 0.0608223 0.0686939 0.0738103 0.0758379 0.0750007 0.0718334 0.0669519 0.0609399 0.0543073 0.047466 0.0407162 0.0342521 0.0281863 0.0225848 0.0175032 0.0130096 0.00918516 0.0060986 0.00377093
 0.00904832 0.0145781 0.0217133 0.0303077 0.0400224 0.0501985 0.0598116 0.0676957 0.0729561 0.0752568 0.0747887 0.0720306 0.067532 0.0618146 0.0553451 0.0485219 0.0416648 0.0350134 0.028735 0.0229419 0.0177154 0.0131281 0.0092504 0.00613609 0.00379379
 0.0089326 0.0143889 0.0214264 0.0298998 0.0394751 0.0495064 0.0589919 0.0667949 0.0720498 0.0744422 0.0741705 0.0717023 0.0675555 0.0622015 0.0560482 0.0494419 0.0426728 0.0359821 0.0295684 0.0235912 0.0181784 0.0134337 0.00943992 0.00624811 0.00385755
 0.00907509 0.0145901 0.021672 0.0301547 0.0396898 0.0496288 0.0589783 0.066617 0.0716994 0.0739355 0.0735525 0.0710467 0.0669559 0.0617529 0.055822 0.0494647 0.0429172 0.036376 0.0300189 0.0240147 0.0185212 0.013678 0.00959543 0.00633784 0.00390522
 0.00928016 0.014919 0.0221559 0.0308123 0.0405151 0.0505757 0.0599515 0.0674807 0.0723086 0.0741789 0.0733847 0.0704971 0.0661164 0.0607537 0.054805 0.0485562 0.0422037 0.0358898 0.0297399 0.0238876 0.0184817 0.0136742 0.00959758 0.00633549 0.00389888
 0.00929585 0.0149823 0.0223205 0.0311498 0.0410951 0.0514335 0.0610586 0.0687351 0.0735513 0.0752298 0.0740837 0.0707394 0.0658735 0.0600788 0.0538178 0.0474133 0.0410624 0.034875 0.0289242 0.0232883 0.0180736 0.0134115 0.00943382 0.00623487 0.00383791
 0.00905625 0.0146197 0.0218283 0.0305492 0.0404403 0.0508139 0.0605925 0.0685474 0.0737339 0.0757986 0.074958 0.0717582 0.066845 0.0608381 0.0542708 0.0475514 0.0409498 0.0346159 0.028624 0.0230244 0.0178826 0.0132948 0.009373 0.00620741 0.00382665
 0.00907495 0.0146175 0.021766 0.0303733 0.0401018 0.0502962 0.059935 0.0678503 0.0731364 0.0754397 0.074933 0.0720876 0.0674643 0.0616149 0.0550449 0.0481851 0.0413655 0.0348089 0.0286463 0.0229517 0.0177831 0.0132105 0.00931853 0.00617936 0.00381518
 0.00923062 0.0148648 0.0221243 0.030848 0.0406731 0.0509077 0.0604922 0.0682392 0.0732641 0.0752786 0.0745408 0.0715869 0.0669919 0.0612673 0.0548475 0.0480958 0.0413084 0.0347154 0.0284852 0.0227343 0.017547 0.0129959 0.00915074 0.00606455 0.00374551
 0.00910704 0.0146975 0.0219351 0.0306795 0.0405781 0.0509309 0.0606513 0.0685141 0.0735986 0.0755938 0.0747607 0.0716674 0.0669404 0.0611389 0.0547164 0.0480177 0.0412966 0.0347433 0.0285103 0.0227256 0.0174982 0.012922 0.00907379 0.00600108 0.00370181
 0.00922646 0.0148435 0.0220681 0.0307391 0.0405071 0.0507094 0.0603197 0.0681658 0.073341 0.0754994 0.0748365 0.0718589 0.0671646 0.061325 0.0548331 0.0480749 0.041325 0.034769 0.0285401 0.02275 0.0175053 0.0129081 0.00904548 0.00596923 0.00367502
 0.00924842 0.0148879 0.0221482 0.0308646 0.0406732 0.0508842 0.0604437 0.068171 0.0731874 0.0752061 0.0744822 0.0715469 0.0669724 0.0612731 0.0548893 0.0481849 0.0414435 0.0348734 0.0286253 0.0228165 0.0175526 0.0129356 0.00905523 0.00596694 0.00366746
 0.00955346 0.0153948 0.0229286 0.0319839 0.0421659 0.0527191 0.0624932 0.0702102 0.0749356 0.0764 0.0749499 0.0712524 0.0660164 0.0598513 0.053228 0.0464821 0.0398377 0.0334434 0.0274068 0.0218191 0.0167694 0.012348 0.00863617 0.0056848 0.00348973
 0.00883459 0.0143419 0.0215629 0.0304111 0.0405606 0.0512904 0.0614474 0.0697156 0.0750845 0.0771741 0.0762096 0.0727684 0.0675372 0.0611757 0.0542495 0.0471902 0.0402863 0.0337088 0.0275569 0.0219013 0.0168123 0.0123679 0.00864272 0.00568416 0.003486
 0.00812606 0.0132242 0.0199517 0.0282701 0.0379312 0.0483256 0.0584322 0.0670411 0.0731606 0.0763094 0.0765186 0.0741477 0.0697112 0.0637831 0.0569351 0.0496771 0.042411 0.0354169 0.0288707 0.0228798 0.0175212 0.0128656 0.00897808 0.0058982 0.00361375
#obs surv len freq
 nan nan nan nan nan nan nan nan nan nan nan nan nan nan nan nan nan nan nan nan nan nan nan nan nan
 0.0044912 0.00735538 0.0111878 0.0160053 0.0217057 0.0279793 0.0342906 0.0400189 0.0446957 0.0481573 0.0505133 0.0520076 0.0528986 0.0534099 0.0537234 0.0539777 0.0542558 0.0545482 0.0546868 0.0542786 0.0527168 0.0493494 0.0437999 0.036281 0.0276659
 0.00460957 0.00755324 0.0114951 0.0164522 0.0223143 0.0287523 0.0351995 0.041002 0.0456679 0.0490281 0.0512049 0.0524658 0.053097 0.0533494 0.0534268 0.0534822 0.0536046 0.0537836 0.0538475 0.0534013 0.05184 0.0485159 0.0430542 0.0356607 0.0271918
 0.00477403 0.00781988 0.0118954 0.0170158 0.0230645 0.0296977 0.0363243 0.0422589 0.0469798 0.0502975 0.0523276 0.0533454 0.0536582 0.0535478 0.0532532 0.0529596 0.0527798 0.0527173 0.0526067 0.0520566 0.0504665 0.0471938 0.0418631 0.0346663 0.0264303
 0.00496071 0.00812589 0.0123606 0.0176784 0.0239536 0.0308214 0.0376577 0.0437411 0.048523 0.0518029 0.0536982 0.0544912 0.0544978 0.0540122 0.0532937 0.0525567 0.051948 0.051504 0.0510873 0.0503285 0.0486451 0.0454057 0.0402331 0.0332961 0.0253772
 0.00518022 0.00848406 0.0129021 0.018446 0.0249802 0.0321171 0.0391969 0.0454566 0.0503146 0.0535558 0.0553007 0.0558455 0.0555226 0.0546411 0.0534736 0.0522503 0.0511406 0.0502131 0.0493703 0.048287 0.0464219 0.0431724 0.0381657 0.0315413 0.0240203
 0.00541535 0.00886836 0.0134844 0.0192731 0.0260881 0.0335176 0.0408623 0.0473153 0.0522602 0.0554671 0.0570604 0.0573505 0.0566872 0.0553956 0.0537627 0.0520314 0.050386 0.0489191 0.0475714 0.0460717 0.0439389 0.040621 0.0357635 0.0294775 0.0224115
 0.00563955 0.00923988 0.0140566 0.0201002 0.0272148 0.0349616 0.0425978 0.0492666 0.0543133 0.0574918 0.0589317 0.0589602 0.0579471 0.0562362 0.054129 0.0518798 0.049684 0.0476518 0.0457574 0.0437836 0.0413193 0.0378789 0.033142 0.0271984 0.0206187
 0.00588395 0.00963713 0.0146547 0.0209452 0.0283429 0.0363879 0.0443017 0.051185 0.0563462 0.0595183 0.0608277 0.0606116 0.0592576 0.0571295 0.0545476 0.0517801 0.0490334 0.0464317 0.0439773 0.0415034 0.038671 0.0350693 0.0304232 0.0248098 0.0187238
 0.00612442 0.0100312 0.0152534 0.0217974 0.0294859 0.0378319 0.0460151 0.0530905 0.0583341 0.061469 0.0626301 0.0621715 0.0604963 0.0579809 0.0549562 0.0516995 0.0484268 0.0452754 0.0422734 0.0393013 0.0360903 0.032306 0.0277253 0.02242 0.0168141
 0.00636288 0.0104241 0.0158543 0.0226592 0.0306502 0.0393115 0.0477773 0.0550513 0.0603704 0.0634439 0.0644174 0.0636701 0.0616338 0.0587095 0.0552435 0.0515204 0.047758 0.0440989 0.0405894 0.037151 0.03358 0.029617 0.0250925 0.0200787 0.0149349
 0.00660872 0.0108263 0.0164644 0.0235269 0.0318135 0.040782 0.0495238 0.0569932 0.0623883 0.0654009 0.0661821 0.0651322 0.062712 0.0593527 0.0554267 0.0512353 0.047003 0.0428753 0.0389089 0.0350556 0.0311663 0.0270486 0.022584 0.0178476 0.0131416
 0.00683129 0.0111931 0.0170255 0.0243317 0.0329008 0.0421638 0.0511694 0.0588243 0.0642901 0.0672444 0.0678449 0.0665113 0.0637285 0.0599528 0.0555805 0.0509327 0.0462479 0.0416807 0.0372993 0.0330803 0.0289181 0.0246756 0.0202769 0.0158 0.0114963
 0.00705004 0.0115499 0.0175648 0.0250956 0.033921 0.0434489 0.0526915 0.0605132 0.0660418 0.0689401 0.0693703 0.067769 0.0646446 0.060478 0.055688 0.0506141 0.0455086 0.0405375 0.0357828 0.0312444 0.0268535 0.0225173 0.0181936 0.0139598 0.0100218
 0.00727862 0.0119234 0.0181301 0.0258961 0.0349868 0.0447817 0.0542498 0.0622098 0.0677577 0.0705493 0.070762 0.0688595 0.0653786 0.0608251 0.0556378 0.0501712 0.0446883 0.0393637 0.0342911 0.0294902 0.0249231 0.020533 0.0163027 0.0123053 0.00870507
 0.00745639 0.0122169 0.01858 0.0265431 0.0358628 0.0458969 0.0555786 0.0636857 0.0692814 0.0720075 0.0720467 0.0698821 0.0660765 0.0611632 0.0556055 0.0497762 0.0439502 0.0383108 0.0329618 0.0279395 0.0232311 0.0188078 0.0146709 0.0108865 0.00758172
 0.0075146 0.0123185 0.0187466 0.026801 0.0362407 0.0464187 0.0562565 0.0645131 0.0702308 0.0730305 0.0730776 0.0708437 0.0668894 0.0617567 0.055926 0.049792 0.0436518 0.0377085 0.0320845 0.0268364 0.0219748 0.0174945 0.0134102 0.00978105 0.00670206
 0.00757378 0.0124057 0.018862 0.0269414 0.0364035 0.0466081 0.0564868 0.0648067 0.0706109 0.0735109 0.0736536 0.0714878 0.0675518 0.0623715 0.0564212 0.0501017 0.0437265 0.0375222 0.0316383 0.0261604 0.0211276 0.0165592 0.0124829 0.00895165 0.00603399
 0.00765671 0.0125327 0.0190378 0.0271639 0.0366629 0.0468876 0.0567644 0.0650612 0.0708299 0.0736992 0.0738329 0.071687 0.0677912 0.0626488 0.0567068 0.0503442 0.0438655 0.0375043 0.031431 0.0257614 0.0205685 0.0159012 0.0118046 0.00833025 0.00552587
 0.0077092 0.012613 0.0191491 0.0273055 0.03683 0.0470716 0.0569531 0.0652394 0.0709829 0.0738173 0.0739169 0.0717501 0.0678558 0.062737 0.056829 0.0504891 0.0439992 0.0375786 0.0313988 0.0255937 0.0202663 0.0154976 0.0113559 0.00789896 0.00516196
 0.00779419 0.0127455 0.0193378 0.0275532 0.0371322 0.0474144 0.0573117 0.06558 0.0712689 0.0740183 0.0740172 0.0717515 0.0677763 0.0626061 0.0566794 0.0503468 0.0438738 0.0374594 0.0312593 0.025405 0.0200125 0.0151858 0.0110158 0.00757146 0.00488359
 0.00780987 0.0127731 0.0193831 0.0276231 0.0372328 0.0475487 0.0574772 0.0657674 0.0714629 0.0742006 0.0741694 0.0718587 0.0678306 0.0626082 0.0566391 0.0502797 0.0437949 0.0373755 0.031166 0.0252888 0.0198605 0.0149958 0.0108013 0.0073572 0.0046955
 0.00784637 0.0128245 0.0194459 0.0276899 0.0372953 0.0476025 0.0575244 0.065816 0.0715225 0.0742766 0.0742594 0.0719529 0.0679147 0.0626686 0.0566669 0.0502735 0.0437597 0.0373187 0.0310926 0.0251987 0.0197503 0.014865 0.0106563 0.00721215 0.00456659
 0.00788175 0.0128793 0.0195231 0.0277889 0.0374115 0.0477255 0.0576395 0.0659071 0.0715781 0.0742952 0.0742509 0.0719328 0.0678962 0.0626565 0.0566576 0.0502586 0.0437317 0.0372742 0.0310314 0.0251223 0.0196605 0.014764 0.0105496 0.00710828 0.00447534
 0.00787142 0.0128606 0.0194916 0.0277404 0.0373432 0.0476394 0.0575433 0.0658134 0.0715006 0.0742445 0.0742325 0.0719481 0.0679445 0.0627353 0.056761 0.0503762 0.0438496 0.0373783 0.0311109 0.0251713 0.0196779 0.0147534 0.0105178 0.00706483 0.00443018
 0.00789308 0.0128888 0.0195208 0.0277608 0.0373432 0.0476094 0.0574797 0.0657203 0.0713895 0.0741316 0.0741347 0.0718798 0.0679143 0.0627456 0.0568081 0.0504523 0.0439434 0.0374767 0.0312007 0.0252419 0.0197231 0.0147725 0.0105151 0.00704765 0.00440692
 0.00788691 0.0128793 0.0195074 0.0277423 0.0373175 0.0475725 0.0574262 0.0656456 0.0712927 0.0740189 0.0740197 0.0717805 0.0678483 0.0627247 0.0568359 0.0505238 0.0440472 0.0375979 0.0313234 0.0253519 0.0198103 0.0148322 0.0105484 0.00706022 0.00440633
 0.00790363 0.0129019 0.019533 0.0277654 0.0373317 0.0475727 0.0574102 0.0656138 0.0712465 0.0739591 0.0739476 0.0716998 0.0677667 0.0626543 0.0567894 0.0505105 0.0440696 0.0376507 0.0313956 0.0254298 0.0198814 0.0148879 0.0105853 0.00707995 0.00441355
 0.00788366 0.0128714 0.0194905 0.0277109 0.0372655 0.0474958 0.0573244 0.0655223 0.071155 0.0738755 0.07388 0.0716543 0.0677465 0.062659 0.0568179 0.0505618 0.0441428 0.037743 0.0315007 0.0255383 0.0199824 0.0149722 0.0106481 0.00712114 0.00443699
 0.00787239 0.0128503 0.019454 0.0276526 0.0371807 0.0473842 0.0571926 0.0653833 0.0710246 0.0737675 0.0738034 0.0716129 0.0677399 0.0626848 0.056872 0.0506395 0.044239 0.0378525 0.0316177 0.0256556 0.0200918 0.015066 0.0107212 0.0071724 0.00446902
 0.00784605 0.0128051 0.0193816 0.0275439 0.0370286 0.0471873 0.0569584 0.0651301 0.0707785 0.0735572 0.0736533 0.0715387 0.0677459 0.0627643 0.0570106 0.0508194 0.0444426 0.0380645 0.0318256 0.025849 0.0202624 0.0152075 0.0108304 0.00724987 0.00451905
 0.00785068 0.0128074 0.0193751 0.027519 0.036974 0.0470937 0.056822 0.0649544 0.0705751 0.0733444 0.0734543 0.0713773 0.0676424 0.062731 0.0570494 0.0509218 0.044593 0.0382441 0.0320159 0.0260342 0.0204299 0.0153488 0.010941 0.00732966 0.00457163
 0.00779534 0.0127246 0.0192639 0.0273826 0.0368183 0.0469244 0.0566437 0.064771 0.070392 0.0731702 0.0733013 0.0712604 0.0675762 0.0627272 0.0571133 0.051051 0.0447767 0.0384651 0.0322535 0.0262679 0.0206424 0.0155282 0.0110813 0.00743086 0.00463853
 0.00778546 0.0127011 0.0192153 0.027295 0.0366803 0.0467346 0.0564148 0.0645288 0.0701663 0.0729843 0.0731662 0.0711765 0.0675398 0.062736 0.0571682 0.0511534 0.044925 0.0386517 0.0324647 0.0264857 0.0208487 0.0157077 0.0112249 0.00753628 0.00470916
 0.00775638 0.0126563 0.019152 0.027211 0.0365731 0.0466003 0.0562498 0.0643332 0.0699485 0.0727633 0.0729685 0.0710284 0.0674587 0.0627269 0.0572256 0.0512669 0.0450835 0.0388442 0.0326788 0.0267067 0.0210602 0.0158949 0.0113772 0.00764963 0.00478604
 0.00933915 0.0148703 0.0218208 0.0299496 0.0389006 0.0481189 0.0567858 0.0639617 0.0689081 0.0713338 0.0713838 0.0694477 0.0659781 0.0613998 0.0560785 0.0503073 0.0443062 0.0382358 0.0322213 0.0263794 0.0208401 0.0157575 0.0112987 0.00760935 0.00476785
 0.00932739 0.0151435 0.022747 0.0319843 0.042388 0.0530233 0.0625224 0.0694919 0.0731093 0.0734423 0.0712463 0.0674614 0.0628164 0.057725 0.0523788 0.0468715 0.0412725 0.0356524 0.0300899 0.0246778 0.0195321 0.0147963 0.010629 0.00717083 0.00450034
 0.0089637 0.0145744 0.0219533 0.0310199 0.0414315 0.0524131 0.0627145 0.0708989 0.0758541 0.077177 0.0751953 0.0707162 0.0647138 0.0580759 0.0514381 0.0451248 0.0392061 0.0336213 0.028294 0.023199 0.0183814 0.0139474 0.0100375 0.00678394 0.00426479
 0.00879923 0.0142907 0.0214973 0.0303361 0.0404837 0.0512214 0.0614009 0.0697135 0.0751509 0.0773139 0.0763758 0.0728444 0.0673651 0.0606367 0.0533524 0.0461049 0.0392882 0.0330658 0.027425 0.0222814 0.0175747 0.0133171 0.00958776 0.00648806 0.00408505
 0.00872946 0.0141735 0.0213127 0.0300593 0.0400861 0.0506755 0.0606922 0.0688601 0.0742286 0.0764741 0.0758369 0.0728345 0.0680221 0.0619114 0.0549853 0.0477127 0.0405215 0.0337436 0.0275702 0.0220566 0.0171786 0.0129063 0.00924871 0.00624708 0.00393286
 0.00871587 0.0141469 0.0212636 0.0299751 0.0399518 0.050476 0.0604144 0.068495 0.0737754 0.0759496 0.0752909 0.0723622 0.0677565 0.0619818 0.0554512 0.0485106 0.0414686 0.0346096 0.0281762 0.0223405 0.0171923 0.0127613 0.00905385 0.00607302 0.00380769
 0.00868755 0.0141044 0.0212061 0.0299031 0.0398657 0.0503743 0.0602921 0.0683442 0.0735869 0.0757169 0.0750152 0.0720609 0.0674714 0.061781 0.0554137 0.0486922 0.0418639 0.0351377 0.0287086 0.0227577 0.0174336 0.012837 0.00902051 0.005995 0.00373039
 0.00869679 0.0141136 0.0212095 0.0298921 0.0398321 0.0503137 0.0602067 0.0682415 0.0734749 0.0755989 0.074888 0.0719187 0.0673139 0.061623 0.0552891 0.0486466 0.0419353 0.035332 0.028988 0.0230528 0.0176751 0.0129862 0.00907905 0.0059919 0.00370034
 0.00867565 0.0140868 0.0211827 0.029874 0.0398306 0.0503305 0.0602342 0.0682647 0.0734778 0.0755715 0.0748294 0.0718341 0.0672111 0.0615101 0.0551782 0.0485571 0.0418922 0.035356 0.0290823 0.0231959 0.0178286 0.0131124 0.00915763 0.00602437 0.0037022
 0.0086721 0.0140784 0.0211656 0.0298446 0.0397874 0.0502777 0.0601821 0.0682266 0.0734636 0.0755813 0.0748523 0.0718541 0.0672141 0.06149 0.0551381 0.0485081 0.0418507 0.0353396 0.0291031 0.0232542 0.0179106 0.0131964 0.00922442 0.00606529 0.00371977
 0.00865241 0.0140487 0.0211251 0.0297936 0.0397271 0.0502093 0.0601077 0.0681503 0.0733929 0.0755266 0.0748238 0.0718564 0.0672434 0.0615354 0.0551861 0.0485494 0.0418838 0.0353706 0.0291409 0.0233049 0.0179731 0.0132623 0.00928277 0.00610807 0.00374528
 0.0086545 0.0140494 0.0211211 0.0297805 0.0397008 0.0501681 0.0600534 0.0680884 0.0733305 0.0754702 0.0747788 0.0718269 0.0672324 0.0615434 0.0552102 0.0485836 0.0419215 0.0354078 0.0291779 0.0233441 0.018016 0.0133069 0.00932425 0.00614139 0.00376796
 0.00863666 0.0140254 0.0210942 0.029756 0.0396843 0.0501618 0.0600547 0.0680902 0.0733252 0.0754537 0.0747522 0.0717956 0.0672038 0.0615238 0.0552034 0.0485901 0.0419391 0.0354328 0.029207 0.0233755 0.0180485 0.0133393 0.00935423 0.00616634 0.00378614
 0.00865134 0.0140443 0.0211136 0.0297702 0.0396879 0.0501532 0.0600376 0.0680723 0.0733137 0.0754506 0.0747534 0.0717941 0.0671941 0.0615053 0.05518 0.0485679 0.0419231 0.0354256 0.0292085 0.0233842 0.0180622 0.0133559 0.00937128 0.00618165 0.00379814
 0.00864652 0.0140395 0.0211117 0.0297751 0.0397021 0.0501757 0.0600627 0.0680916 0.07332 0.0754425 0.074735 0.0717725 0.0671745 0.0614891 0.055166 0.0485549 0.0419115 0.0354173 0.0292053 0.0233867 0.0180698 0.0133667 0.0093833 0.0061929 0.00380725
 0.00864652 0.0140395 0.0211117 0.0297751 0.0397021 0.0501757 0.0600627 0.0680916 0.07332 0.0754425 0.074735 0.0717725 0.0671745 0.0614891 0.055166 0.0485549 0.0419115 0.0354173 0.0292053 0.0233867 0.0180698 0.0133667 0.0093833 0.0061929 0.00380725
 0.00853422 0.0138637 0.0208608 0.0294452 0.0393008 0.0497255 0.0596029 0.0676743 0.0729984 0.075256 0.0746998 0.0718805 0.0674002 0.0617984 0.0555228 0.0489261 0.0422701 0.0357442 0.0294896 0.0236238 0.0182598 0.0135126 0.00948975 0.0062661 0.00385419
 0.00845128 0.0137215 0.0206338 0.0291074 0.0388341 0.0491327 0.0589182 0.0669643 0.0723495 0.0747528 0.0744047 0.0718219 0.067571 0.0621621 0.0560245 0.0495045 0.0428682 0.0363156 0.0300019 0.0240582 0.0186093 0.0137792 0.00968176 0.00639587 0.00393584
 0.00844029 0.0136979 0.020587 0.0290218 0.0386906 0.0489119 0.0586065 0.0665613 0.0718744 0.0742478 0.0739312 0.0714479 0.0673541 0.0621341 0.0561842 0.0498204 0.0432894 0.0367849 0.0304673 0.0244806 0.0189646 0.0140578 0.00988567 0.00653473 0.00402343
 0.00849707 0.0137906 0.0207262 0.0292147 0.0389354 0.0491914 0.0588836 0.0667815 0.0719787 0.0741919 0.073702 0.071072 0.0668921 0.0616651 0.0557844 0.0495434 0.0431553 0.0367814 0.0305596 0.0246258 0.0191238 0.0142033 0.0100026 0.00661926 0.00407879
 0.00863294 0.0140116 0.021058 0.0296785 0.0395404 0.0499238 0.0596964 0.0675933 0.0726863 0.074692 0.073916 0.0709631 0.0664747 0.0610024 0.0549749 0.0486989 0.0423751 0.0361329 0.0300709 0.0242902 0.0189132 0.0140822 0.00993874 0.00658834 0.00406514
 0.00880333 0.0142974 0.0215033 0.0303263 0.0404194 0.0510286 0.06097 0.0689247 0.0739295 0.0756976 0.0745622 0.0711752 0.0662333 0.0603439 0.0539853 0.0474999 0.041103 0.034914 0.0290004 0.023421 0.0182567 0.0136189 0.00963244 0.00639852 0.00395512
 0.00861952 0.0140254 0.021146 0.0299102 0.0399953 0.0506676 0.0607555 0.0689366 0.0742193 0.0762643 0.0753397 0.0720439 0.0670507 0.0609821 0.0543617 0.0475917 0.0409462 0.0345861 0.0285946 0.0230208 0.0179183 0.0133663 0.00946334 0.00629616 0.00389876
 0.00863419 0.0140192 0.0210829 0.0297426 0.0396823 0.0502014 0.0601823 0.0683561 0.0737592 0.0760399 0.0754177 0.0724225 0.0676609 0.061707 0.0550677 0.0481638 0.0413153 0.0347405 0.0285724 0.0228882 0.0177441 0.0132022 0.00933636 0.00621176 0.00384959
 0.00885994 0.0143763 0.0215982 0.0304245 0.0405076 0.0511026 0.0610442 0.0690366 0.0741353 0.0760585 0.0751195 0.0719228 0.0670978 0.0611879 0.0546389 0.0478122 0.0409939 0.0344024 0.028196 0.0224848 0.0173481 0.0128523 0.0090595 0.00601536 0.00372456
 0.00876143 0.0142457 0.0214569 0.0303127 0.0404753 0.051193 0.0612761 0.0693929 0.0745613 0.0764734 0.0754399 0.0720926 0.0671104 0.0610852 0.0544873 0.047668 0.0408799 0.0343076 0.0280939 0.0223562 0.0171932 0.0126885 0.00890974 0.00589657 0.0036422
 0.00879675 0.0142845 0.0214826 0.030303 0.0404139 0.0510856 0.0611591 0.0693257 0.0746014 0.0766466 0.0757228 0.0724193 0.0673995 0.0612733 0.0545518 0.0476272 0.0407748 0.0341768 0.0279589 0.0222219 0.0170587 0.0125571 0.00879001 0.00579827 0.00357062
 0.00881691 0.01432 0.0215399 0.0303862 0.04052 0.0511996 0.0612547 0.0693748 0.0745912 0.0765919 0.0756633 0.0723983 0.0674382 0.0613584 0.0546443 0.0476863 0.0407779 0.0341254 0.0278699 0.0221146 0.0169475 0.0124509 0.00869564 0.00572094 0.00351322
 0.00917271 0.0148789 0.0223423 0.0314501 0.0418306 0.0526957 0.0628183 0.0708372 0.0757633 0.0773136 0.0758484 0.0720551 0.0666591 0.0602851 0.0534247 0.046441 0.0395881 0.0330385 0.0269125 0.0213018 0.0162856 0.0119369 0.00831734 0.00545902 0.00334412
 0.00881248 0.0143497 0.0216528 0.0306508 0.0410072 0.0519535 0.0622651 0.0705649 0.0758277 0.0777134 0.0765173 0.0728761 0.0674989 0.0610324 0.0540145 0.046858 0.039851 0.0331808 0.0269679 0.0212988 0.0162474 0.0118824 0.00826076 0.00540964 0.00330635
 0.00871292 0.0141388 0.0212492 0.0299606 0.039962 0.0505635 0.0606579 0.0689755 0.0745337 0.0769446 0.076386 0.0733586 0.0684617 0.0622833 0.0553566 0.0481307 0.040952 0.0340665 0.027639 0.0217814 0.016577 0.0120951 0.00838923 0.00548129 0.0033427
#pred catch len freq
 0.00458901 0.00724393 0.0105322 0.0143596 0.0186664 0.0234117 0.0285006 0.0337445 0.0388955 0.0437091 0.0479859 0.0515886 0.0544513 0.056576 0.0580131 0.0588338 0.0591122 0.0589029 0.0581935 0.0568265 0.0544455 0.0505667 0.0448273 0.0373107 0.0287133
