SBPRF35
7.78865
Curr Bio
544472
B35
698059
F35
0.228558
FOFL
0.18081
OFL
76899.5
Bzero
2.22533e+06
#pred survey bio
 4.62665e+06 4.34749e+06 4.08909e+06 3.78364e+06 3.46568e+06 3.13207e+06 2.78659e+06 2.46126e+06 2.16685e+06 1.92496e+06 1.68547e+06 1.47255e+06 1.32467e+06 1.16302e+06 1.02259e+06 902994 814789 753654 698948 662332 640763 618820 589573 580867 580887 580469 571967 565891 565682 566145 578379 572108 571061 564359 569327 550643 535584 529767 534677 522738 529945 534846 538484 544565 552716 558825 557413 561510 572098 565118 561464 542205 543424 1.95372e+07 1.2069e+07 1.25295e+07 1.32387e+07 1.40531e+07 1.48283e+07 1.54926e+07 1.60258e+07 1.64358e+07 1.67424e+07 1.69675e+07 1.71312e+07 1.72497e+07 1.73355e+07 1.73977e+07 1.74431e+07 1.74763e+07 1.75008e+07 1.7519e+07 1.75327e+07 1.75429e+07 1.75506e+07 1.75565e+07 1.75609e+07 1.75643e+07 1.75669e+07 1.75689e+07 1.75704e+07 1.75716e+07 1.75725e+07 1.75732e+07 1.75738e+07 1.75742e+07 1.75745e+07 1.75747e+07 1.75749e+07 1.75751e+07 1.75752e+07 1.75753e+07 1.75754e+07 1.75754e+07 1.75755e+07 1.75755e+07 1.75755e+07 1.75755e+07 1.75755e+07 1.75756e+07 1.75756e+07 1.75756e+07 1.75756e+07 1.75756e+07 1.75756e+07 1.75756e+07 1.75756e+07 1.75756e+07 1.75756e+07 1.75756e+07 1.75756e+07 1.75756e+07 1.75756e+07 1.75756e+07 1.75756e+07 1.75756e+07 1.75756e+07 1.75756e+07 1.75756e+07 1.75756e+07 1.75756e+07 1.75756e+07 1.75756e+07 1.75756e+07 1.75756e+07 1.75756e+07 1.75756e+07 1.75756e+07 1.75756e+07 1.75756e+07 1.75756e+07 1.75756e+07 1.75756e+07 1.75756e+07 1.75756e+07 1.75756e+07 1.75756e+07 1.75756e+07 1.75756e+07 1.75756e+07 1.75756e+07 1.75756e+07 1.75756e+07 1.75756e+07 1.75756e+07 1.75756e+07 1.75756e+07 1.75756e+07 1.75756e+07 1.75756e+07 1.75756e+07 1.75756e+07 1.75756e+07 0 0 0 0 0 0 0 0 0 0 0 0 0 0 0 0 0 0 0 0 0 0 0 0 0
#obs survey bio
 3.2008e+06 4.4728e+06 4.288e+06 2.7505e+06 3.93964e+06 2.65786e+06 2.06979e+06 2.40636e+06 1.93906e+06 1.50197e+06 1.68714e+06 952076 1.63642e+06 494635 1.13624e+06 949219 707768 607182 507708 636097 837490 734185 451211 668344 524211 481689 673177 418321 511231 539606 431641 601875 573340 537998 691125 608529 585112 684394 703575 477396 562874 540215 777420 505777 565125 553690 840265 351604 549414 664220 567168 503394 519705
#pred catch bio
 87138.3 87095.5 156523 198602 245590 290493 305651 307876 286313 305371 298241 252387 271373 255156 235262 204416 177257 167249 147102 130171 127022 130460 111672 104043 104094 109761 106424 101128 100545 90843.8 105816 98761.5 99800.6 85766.1 101044 95013.8 89323.2 84443 100590 84647.3 86964.6 87784.2 85565.9 84347.3 86882.7 93769.1 89926.9 85983.2 101384 98533.2 112939 98904.9 91479.4 76899.5 97518.8 100176 104646 110444 116123 120925 124660 127411 129359 130699 131599 132195 132582 132833 132993 133094 133158 133199 133224 133240 133249 133256 133259 133262 133263 133264 133265 133265 133265 133265 133265 133265 133265 133265 133266 133266 133266 133266 133266 133266 133266 133266 133266 133266 133266 133266 133266 133266 133266 133266 133266 133266 133266 133266 133266 133266 133266 133266 133266 133266 133266 133266 133266 133266 133266 133266 133266 133266 133266 133266 133266 133266 133266 133266 133266 133266 133266 133266 133266 133266 133266 133266 133266 133266 133266 133266 133266 133266 133266 133266 133266 133266 133266 133266 133266 133266 133266 133266 133266 0 0 0 0 0 0 0 0 0 0 0 0 0 0 0 0 0 0 0 0 0 0 0 0 0
#obs catch bio
 0 86774.2 157155 199596 247316 292825 309516 312435 290612 311258 304919 258620 277503 263820 241494 208229 180301 169576 149320 131427 127534 131093 112918 104756 105192 110847 106969 101990 101702 91443.7 107357 100017 100679 85979.4 101268 94748.7 88883.2 83901.1 100038 83983.9 86460.3 87286.2 84750.9 83765.2 86252.5 93183.9 89051.2 85736.5 101069 97499.9 112375 98517.3 91409.1
#pred cpue bio
 4.54154e+06 4.26543e+06 4.00937e+06 3.70528e+06 3.38933e+06 3.05814e+06 2.71508e+06 2.39191e+06 2.09966e+06 1.85953e+06 1.62229e+06 1.41169e+06 1.26562e+06 1.10691e+06 969559 853504 768274 709461 657141 622446 602382 581688 553411 544840 544944 544763 536862 531123 530841 531309 543261 537597 537462 532120 538138 521167 506328 498950 502396 490839 498082 503071 506814 512776 520530 526282 524782 528437 538398 531682 527993 508465 508168 1.82652e+07 1.13021e+07 1.16975e+07 1.23084e+07 1.30835e+07 1.38493e+07 1.45117e+07 1.50446e+07 1.54545e+07 1.57611e+07 1.59862e+07 1.61499e+07 1.62685e+07 1.63542e+07 1.64164e+07 1.64618e+07 1.6495e+07 1.65195e+07 1.65378e+07 1.65514e+07 1.65616e+07 1.65693e+07 1.65752e+07 1.65796e+07 1.6583e+07 1.65856e+07 1.65876e+07 1.65891e+07 1.65903e+07 1.65912e+07 1.65919e+07 1.65925e+07 1.65929e+07 1.65932e+07 1.65935e+07 1.65936e+07 1.65938e+07 1.65939e+07 1.6594e+07 1.65941e+07 1.65941e+07 1.65942e+07 1.65942e+07 1.65942e+07 1.65942e+07 1.65943e+07 1.65943e+07 1.65943e+07 1.65943e+07 1.65943e+07 1.65943e+07 1.65943e+07 1.65943e+07 1.65943e+07 1.65943e+07 1.65943e+07 1.65943e+07 1.65943e+07 1.65943e+07 1.65943e+07 1.65943e+07 1.65943e+07 1.65943e+07 1.65943e+07 1.65943e+07 1.65943e+07 1.65943e+07 1.65943e+07 1.65943e+07 1.65943e+07 1.65943e+07 1.65943e+07 1.65943e+07 1.65943e+07 1.65943e+07 1.65943e+07 1.65943e+07 1.65943e+07 1.65943e+07 1.65943e+07 1.65943e+07 1.65943e+07 1.65943e+07 1.65943e+07 1.65943e+07 1.65943e+07 1.65943e+07 1.65943e+07 1.65943e+07 1.65943e+07 1.65943e+07 1.65943e+07 1.65943e+07 1.65943e+07 1.65943e+07 1.65943e+07 1.65943e+07 1.65943e+07 1.65943e+07 1.65943e+07 0 0 0 0 0 0 0 0 0 0 0 0 0 0 0 0 0 0 0 0 0 0 0 0 0
#obs cpue bio
 3.27302e+06 3.59951e+06 3.72863e+06 2.30642e+06 2.66968e+06 4.10595e+06 1.97938e+06 1.97794e+06 1.6739e+06 1.9557e+06 1.15418e+06 971642 1.36872e+06 940405 937233 836108 665652 903927 622179 674740 604047 487245 352732 534630 406194 663216 539846 471693 438879 527590 503173 392825 716665 591434 631386 618968 592184 420524 499084 570216 494760 548606 538665 495770 577649 578690 502055 460225 746168 712063 449058 479582 424331
#pred surv len freq
 0.00460718 0.00745096 0.0111656 0.015733 0.0210699 0.026962 0.0330213 0.03876 0.0437588 0.0477976 0.0508645 0.0530821 0.0546275 0.0556753 0.056356 0.0567296 0.0567848 0.0564504 0.0555925 0.0539842 0.051288 0.0471278 0.0412892 0.0339653 0.0258563
 0.00493231 0.00789738 0.0116907 0.0162597 0.0215252 0.0273285 0.0333631 0.0391939 0.0443773 0.04859 0.0516914 0.0537231 0.0548766 0.055431 0.0556629 0.0557585 0.0557652 0.055584 0.0549822 0.0536086 0.0510339 0.0468632 0.0409352 0.0335267 0.0253993
 0.00507449 0.00816437 0.0121528 0.0169884 0.0225585 0.028628 0.0347951 0.0405644 0.0455133 0.0494165 0.0522409 0.0540696 0.055048 0.055373 0.0552822 0.0550064 0.0546946 0.0543407 0.0537382 0.0524861 0.0500679 0.0460207 0.0401698 0.0328235 0.0247825
 0.00522873 0.00840974 0.0125163 0.0175028 0.0232681 0.0295878 0.036053 0.0421242 0.0472956 0.0512478 0.0538941 0.0553406 0.0558198 0.055624 0.0550433 0.0543167 0.0535969 0.0529076 0.0520892 0.0507673 0.0484094 0.0445077 0.0388452 0.0317095 0.0238946
 0.00542854 0.00872642 0.012978 0.0181314 0.0240776 0.0305836 0.0372306 0.0434702 0.0487883 0.0528491 0.0555306 0.0568873 0.0571085 0.0564834 0.0553492 0.0540204 0.0527217 0.0515313 0.0503302 0.0487758 0.0463512 0.0425391 0.0370906 0.0302502 0.0227667
 0.00570725 0.00916483 0.0136108 0.0189822 0.0251567 0.0318838 0.0387215 0.0450955 0.0504727 0.0545124 0.0570998 0.0582965 0.0582869 0.0573412 0.0557778 0.0539147 0.052014 0.0502195 0.0484883 0.0465469 0.0439274 0.0401312 0.0348929 0.0284063 0.0213488
 0.00600083 0.00964003 0.014322 0.0199784 0.0264718 0.033522 0.0406413 0.0472042 0.0526383 0.0565894 0.0589556 0.0598285 0.0594263 0.0580441 0.0560085 0.0536315 0.0511708 0.0487872 0.0464884 0.0440777 0.0411684 0.0373192 0.0322742 0.0261815 0.0196299
 0.00630662 0.0101283 0.0150417 0.0209725 0.027774 0.0351482 0.0425764 0.0493892 0.0549661 0.0589138 0.0611104 0.0616533 0.0607909 0.0588643 0.0562452 0.0532746 0.050221 0.0472503 0.0443911 0.0414985 0.0382625 0.0343158 0.029436 0.0237407 0.0177288
 0.00664249 0.0106603 0.0158169 0.0220274 0.029131 0.0368095 0.0445142 0.0515394 0.057231 0.0611718 0.0632277 0.0634934 0.0622244 0.0597821 0.0565706 0.0529685 0.0492778 0.0456902 0.0422605 0.0388855 0.0353181 0.0312594 0.0265272 0.0212195 0.0157511
 0.00692223 0.0111106 0.0164866 0.02296 0.0303578 0.0383385 0.0463178 0.0535481 0.0593408 0.0632617 0.0651765 0.0651893 0.0635685 0.0606881 0.0569659 0.0527984 0.0485101 0.0443217 0.040325 0.0364662 0.0325607 0.0283735 0.023761 0.0188054 0.0138455
 0.00723415 0.0116125 0.0172329 0.0239992 0.031725 0.0400432 0.0483273 0.0557784 0.0616621 0.0655171 0.0672075 0.0668582 0.0647729 0.0613656 0.0570878 0.0523572 0.0475099 0.0427773 0.0382729 0.0339832 0.0297819 0.0254957 0.0210182 0.0164179 0.011962
 0.00748406 0.0120242 0.0178632 0.0249057 0.0329569 0.0416241 0.0502369 0.0579411 0.063952 0.0677763 0.0692686 0.0685664 0.0660045 0.0620405 0.0571724 0.0518568 0.0464548 0.0412113 0.0362533 0.0315931 0.027148 0.022795 0.0184596 0.0141981 0.0102131
 0.00768258 0.0123305 0.0182954 0.0254754 0.0336742 0.0425036 0.0512964 0.0591917 0.0653817 0.0693364 0.070869 0.0700841 0.0673037 0.0629955 0.0576867 0.0518732 0.0459558 0.0402144 0.0348065 0.0297765 0.0250802 0.0206344 0.0163882 0.0123864 0.0087775
 0.00781586 0.012579 0.0187269 0.0261685 0.0346959 0.0438753 0.0529674 0.0610396 0.0672458 0.0710632 0.0723451 0.0712409 0.0681026 0.0634112 0.0576993 0.0514696 0.045136 0.0389974 0.0332354 0.0279242 0.023054 0.0185743 0.0144512 0.0107154 0.00746582
 0.00791706 0.0127461 0.0189861 0.0265538 0.0352514 0.0446527 0.0540126 0.0623686 0.0688165 0.0727618 0.0739998 0.0726653 0.0691469 0.0639945 0.0578086 0.0511356 0.0444057 0.0379205 0.0318654 0.0263288 0.0213251 0.0168293 0.0128205 0.00931571 0.00637167
 0.00813956 0.0130821 0.0194444 0.0271276 0.0359234 0.0454046 0.0548316 0.063249 0.0697558 0.0737506 0.0750075 0.0736279 0.0699683 0.0645666 0.0580428 0.0509872 0.0438797 0.0370593 0.0307326 0.0250005 0.0198901 0.0153896 0.011483 0.00817361 0.00548269
 0.00825775 0.0132783 0.0197461 0.0275594 0.0364982 0.0461117 0.0556291 0.0640694 0.0705271 0.074422 0.0755635 0.0740805 0.0703333 0.0648395 0.0581895 0.0509551 0.0436204 0.0365501 0.0299865 0.0240645 0.0188373 0.0143094 0.0104676 0.00730149 0.00480198
 0.00830242 0.0133462 0.0198407 0.0276838 0.0366589 0.0463209 0.0559034 0.0644216 0.0709551 0.0749012 0.0760514 0.0745316 0.0707154 0.0651385 0.0584001 0.0510658 0.0436068 0.0363816 0.0296434 0.0235533 0.0181967 0.0136041 0.00977397 0.0066884 0.00431478
 0.0083475 0.0134206 0.0199542 0.0278454 0.0368735 0.0465861 0.0562076 0.0647464 0.071281 0.075214 0.0763419 0.0747914 0.0709323 0.0652976 0.0584885 0.0510755 0.0435316 0.0362139 0.0293748 0.0231825 0.0177396 0.0130974 0.0092688 0.00623606 0.00395169
 0.00838181 0.0134628 0.0199932 0.0278643 0.036856 0.0465265 0.0561173 0.0646526 0.0712177 0.0752096 0.0764118 0.0749361 0.0711397 0.0655461 0.0587494 0.0513165 0.0437216 0.0363267 0.0293923 0.0230978 0.0175604 0.0128482 0.00898725 0.0059634 0.00372109
 0.00848767 0.013605 0.0201515 0.0279996 0.0369195 0.0464753 0.0559304 0.0643401 0.0708213 0.074795 0.0760545 0.0747028 0.0710705 0.0656455 0.0589882 0.0516431 0.0440762 0.0366531 0.0296469 0.0232544 0.0176129 0.0128098 0.00888614 0.00583456 0.00359596
 0.00867763 0.0138928 0.0205435 0.0284828 0.0374592 0.0470151 0.0563956 0.0646491 0.0709073 0.0746309 0.0756674 0.0741692 0.070493 0.0651213 0.058585 0.0513869 0.0439537 0.0366249 0.0296635 0.0232717 0.0176017 0.0127599 0.00880469 0.00573867 0.00350441
 0.0088164 0.0141274 0.0209121 0.0290226 0.0381933 0.0479334 0.0574377 0.0657021 0.0718251 0.0752703 0.0759258 0.074011 0.0699581 0.064313 0.0576406 0.0504409 0.043107 0.03593 0.0291271 0.0228703 0.0173003 0.0125273 0.00862048 0.00559331 0.00339439
 0.00882605 0.0141343 0.0209082 0.0290004 0.0381549 0.0479002 0.0574533 0.0658197 0.0720817 0.0756595 0.0763879 0.0744486 0.0702712 0.0644356 0.0575616 0.050202 0.0427811 0.0355916 0.0288299 0.022637 0.0171287 0.0124023 0.00852635 0.00552002 0.00333776
 0.00875092 0.0140217 0.0207559 0.0288114 0.037935 0.0476561 0.0571945 0.0655657 0.0718685 0.0755381 0.0764085 0.074636 0.0706046 0.0648489 0.0579671 0.0505252 0.0429859 0.0356847 0.0288453 0.0226139 0.0170952 0.0123714 0.00850026 0.00549738 0.00331785
 0.0086618 0.0138858 0.0205686 0.0285751 0.0376596 0.0473576 0.0568944 0.0652884 0.0716382 0.0753762 0.0763339 0.0746657 0.0707503 0.0651076 0.0583123 0.0509072 0.0433469 0.035979 0.0290532 0.0227419 0.0171643 0.012404 0.00851296 0.00549978 0.00331519
 0.00877487 0.0140419 0.0207521 0.0287547 0.0377968 0.047422 0.0568742 0.0651929 0.0714903 0.0752018 0.0761551 0.0744996 0.0706117 0.0650111 0.0582692 0.0509196 0.0434026 0.0360543 0.0291222 0.0227873 0.0171821 0.0124007 0.00849879 0.0054832 0.00330088
 0.00885412 0.0141693 0.0209396 0.0290077 0.0381078 0.0477633 0.0571964 0.0654337 0.0715954 0.0751473 0.0759574 0.0742065 0.0702824 0.064697 0.0580047 0.0507212 0.043272 0.0359812 0.0290889 0.0227739 0.0171733 0.012389 0.00848344 0.00546716 0.00328713
 0.00880005 0.0140959 0.0208562 0.0289333 0.038067 0.0477785 0.0572793 0.0655787 0.0717774 0.0753259 0.0760884 0.0742581 0.0702479 0.0645963 0.0578743 0.0505983 0.0431821 0.0359335 0.0290782 0.0227872 0.0171958 0.0124096 0.00849688 0.00547318 0.00328814
 0.00881575 0.0141077 0.0208498 0.0288894 0.0379702 0.0476286 0.0570993 0.0654112 0.0716693 0.0753079 0.0761615 0.0743939 0.0704018 0.0647269 0.0579584 0.0506359 0.0431898 0.0359325 0.029084 0.0228046 0.0172214 0.0124364 0.00851902 0.00548814 0.00329645
 0.00854065 0.0137094 0.0203401 0.0283083 0.0373715 0.0470596 0.0565874 0.0649691 0.0713107 0.0750617 0.0760691 0.0744912 0.0706965 0.0651874 0.0585218 0.0512296 0.0437534 0.0364298 0.0295014 0.0231427 0.0174864 0.0126356 0.00866076 0.00558207 0.00335371
 0.00828861 0.0133339 0.0198407 0.0277118 0.0367306 0.0464449 0.0560763 0.0646291 0.0711798 0.0751337 0.0762971 0.0748108 0.0710552 0.0655588 0.0588995 0.0516105 0.0441269 0.036778 0.0298072 0.0233963 0.0176861 0.0127855 0.00876747 0.0056534 0.00339789
 0.00811525 0.0130428 0.0193873 0.0270551 0.0358489 0.0453592 0.0548686 0.0634401 0.0701786 0.0744698 0.0760577 0.0750007 0.0716054 0.0663576 0.059828 0.0525695 0.0450466 0.0376139 0.0305325 0.023997 0.0181591 0.0131381 0.00901497 0.00581606 0.00349723
 0.00791778 0.0127475 0.0189889 0.0265602 0.0352678 0.0446956 0.0541192 0.0626093 0.069301 0.0736264 0.0753678 0.0745894 0.0715592 0.066692 0.0604846 0.0534406 0.0460109 0.0385668 0.0313998 0.0247356 0.0187514 0.0135854 0.00933184 0.00602547 0.00362548
 0.00775263 0.0124643 0.0185376 0.0258905 0.0343464 0.0435303 0.052776 0.0612072 0.0679826 0.07252 0.0745662 0.074151 0.0715188 0.0670624 0.0612444 0.0545215 0.0473009 0.0399312 0.0327109 0.0258963 0.0197059 0.0143171 0.00985467 0.00637259 0.00383857
 0.00851114 0.0135367 0.0198519 0.0272727 0.0355622 0.0443566 0.0530647 0.060914 0.0671612 0.0712974 0.0731121 0.0726453 0.070123 0.0659016 0.0604005 0.0540317 0.0471561 0.0400771 0.0330589 0.0263446 0.0201628 0.0147181 0.0101677 0.00659284 0.00397911
 0.00921914 0.0146534 0.0214589 0.0293972 0.0381413 0.0472005 0.0558422 0.0631976 0.0685425 0.0715268 0.0721829 0.0707788 0.0676737 0.0632433 0.0578452 0.0517944 0.0453536 0.0387424 0.0321598 0.0258045 0.0198845 0.014606 0.0101443 0.00660627 0.0040006
 0.00904895 0.0144979 0.0214496 0.0297328 0.0390369 0.0488016 0.0581403 0.0659896 0.0714539 0.0740918 0.0739597 0.0714679 0.067201 0.061771 0.055705 0.0493761 0.043001 0.0366927 0.030531 0.0246143 0.0190827 0.0141083 0.0098601 0.00645711 0.00392874
 0.00868395 0.0139346 0.0206668 0.0287551 0.0379578 0.0478018 0.0574817 0.0659599 0.0722601 0.0757459 0.0762253 0.0739118 0.0693323 0.0632027 0.0562648 0.0491269 0.0421776 0.0355952 0.029426 0.0236774 0.018388 0.013651 0.00959184 0.00631717 0.00386433
 0.00872635 0.0139724 0.0206662 0.0286655 0.0377271 0.0474025 0.0569406 0.0653771 0.0718046 0.0756181 0.0765877 0.0748085 0.0706377 0.0646399 0.0574977 0.0498858 0.0423522 0.0352527 0.028754 0.0228946 0.0176684 0.0130892 0.00920812 0.00608461 0.00373838
 0.00864297 0.0138419 0.0204773 0.0284067 0.0373829 0.0469525 0.0563652 0.0646744 0.071014 0.0748393 0.0759782 0.0745471 0.0708593 0.0653668 0.0586076 0.0511415 0.0434875 0.0360707 0.0291869 0.0229985 0.0175684 0.0129127 0.009042 0.00596628 0.00366952
 0.00857524 0.013738 0.0203324 0.0282201 0.0371572 0.0466915 0.0560717 0.064348 0.0706519 0.0744425 0.0755654 0.0741701 0.0706059 0.0653382 0.0588726 0.0516909 0.0442202 0.0368273 0.0298153 0.0234126 0.0177664 0.0129539 0.00900322 0.00590754 0.00362185
 0.00864406 0.0138254 0.0204191 0.0282735 0.0371411 0.0465805 0.0558628 0.0640617 0.0703216 0.0741004 0.0752338 0.0738635 0.0703421 0.0651499 0.0588063 0.0517893 0.0444931 0.0372328 0.0302679 0.0238177 0.0180597 0.0131207 0.0090696 0.00591567 0.00360769
 0.00869541 0.0139057 0.0205326 0.0284177 0.0373027 0.0467318 0.0559627 0.0640652 0.0701974 0.0738471 0.0748839 0.0734721 0.0699667 0.0648365 0.0585872 0.0516866 0.044519 0.0373811 0.0305067 0.0240928 0.0183128 0.0133113 0.00918655 0.00597191 0.00362641
 0.00867481 0.0138798 0.0205075 0.0284042 0.037313 0.0467745 0.056037 0.0641568 0.0702791 0.0738848 0.0748481 0.0733501 0.0697714 0.0646033 0.0583626 0.0515144 0.0444297 0.0373871 0.0305998 0.0242459 0.0184874 0.0134703 0.00930628 0.00604694 0.0036651
 0.00864704 0.0138389 0.0204544 0.0283437 0.0372539 0.046729 0.0560186 0.0641773 0.0703428 0.0739831 0.074958 0.0734394 0.0698092 0.0645733 0.0582709 0.0513877 0.0443058 0.0373008 0.0305715 0.0242762 0.0185597 0.0135592 0.00938825 0.00610821 0.00370304
 0.00880545 0.0140673 0.0207442 0.0286686 0.0375777 0.0470183 0.0562527 0.0643497 0.0704564 0.0740433 0.074967 0.0733939 0.0697023 0.0643983 0.0580284 0.0510913 0.0439829 0.0369878 0.030303 0.0240748 0.0184302 0.0134903 0.00936032 0.00610161 0.00370405
 0.00876549 0.0140295 0.0207361 0.0287282 0.0377391 0.0472898 0.0566035 0.0647155 0.0707645 0.0742424 0.0750439 0.0733683 0.0696072 0.0642616 0.0578642 0.0509041 0.0437768 0.0367732 0.0300978 0.0238989 0.0182973 0.0134035 0.00931235 0.00608005 0.00369676
 0.00858718 0.0137613 0.0203747 0.0282905 0.0372635 0.0468349 0.0562403 0.064512 0.0707625 0.074438 0.075386 0.0737797 0.070016 0.0646223 0.0581599 0.0511352 0.0439488 0.0368927 0.0301733 0.0239423 0.0183222 0.0134212 0.00932872 0.00609607 0.00371079
 0.00877031 0.0140157 0.0206779 0.0285957 0.0375143 0.0469884 0.0562866 0.064477 0.0706949 0.074387 0.0753806 0.0738183 0.0700691 0.0646484 0.0581255 0.051028 0.0437794 0.0366854 0.0299555 0.0237371 0.018146 0.0132828 0.00922989 0.00603228 0.00367382
 0.0091424 0.0145662 0.0214032 0.029451 0.0384195 0.047842 0.0569824 0.0649229 0.0708356 0.0742237 0.0749742 0.0732684 0.0694773 0.0640856 0.05762 0.0505755 0.0433639 0.0362961 0.0295936 0.0234129 0.0178716 0.013066 0.00907139 0.00592588 0.00360865
 0.00955664 0.0152283 0.022375 0.0307727 0.04009 0.0497938 0.0590617 0.0668978 0.0724411 0.0752327 0.0752597 0.0728314 0.068434 0.0626248 0.0559492 0.0488746 0.0417596 0.0348611 0.0283609 0.0223921 0.0170597 0.0124509 0.0086319 0.00563267 0.00342768
 0.00919375 0.014749 0.0218596 0.0303687 0.0399762 0.0501198 0.0598915 0.0681822 0.0740267 0.076895 0.076751 0.0739338 0.0690087 0.0626411 0.0554809 0.0480652 0.040774 0.0338437 0.0274138 0.0215735 0.0163939 0.0119396 0.00826256 0.0053836 0.00327226
#obs surv len freq
 nan nan nan nan nan nan nan nan nan nan nan nan nan nan nan nan nan nan nan nan nan nan nan nan nan
 0.00448405 0.00734538 0.0111757 0.015993 0.0216952 0.0279725 0.0342881 0.0400203 0.0446999 0.0481629 0.0505193 0.0520133 0.0529037 0.0534143 0.0537272 0.0539811 0.0542589 0.0545511 0.0546895 0.0542813 0.0527194 0.0493518 0.043802 0.0362828 0.0276672
 0.00461459 0.00755896 0.0114994 0.0164518 0.0223062 0.0287356 0.0351764 0.0409775 0.0456477 0.0490162 0.0512023 0.0524706 0.0531063 0.0533602 0.0534372 0.0534914 0.0536126 0.0537906 0.0538538 0.0534071 0.0518454 0.0485209 0.0430585 0.0356643 0.0271945
 0.00477438 0.00782068 0.0118969 0.0170179 0.0230662 0.0296969 0.0363175 0.0422429 0.0469535 0.0502635 0.052292 0.0533153 0.0536391 0.0535415 0.0532581 0.0529724 0.052797 0.0527366 0.0526266 0.0520763 0.0504855 0.0472115 0.0418787 0.0346791 0.0264402
 0.00495895 0.00812362 0.0123582 0.0176768 0.0239537 0.0308239 0.0376624 0.0437465 0.0485263 0.0518006 0.0536878 0.0544728 0.0544745 0.0539894 0.0532765 0.0525483 0.0519487 0.0515119 0.0510996 0.0503429 0.0486599 0.0454197 0.0402455 0.0333064 0.025385
 0.00517402 0.00847447 0.0128886 0.0184287 0.0249595 0.0320947 0.0391749 0.0454376 0.050301 0.0535484 0.0552984 0.0558455 0.0555221 0.0546385 0.05347 0.0522487 0.0511442 0.0502238 0.0493879 0.0483098 0.0464472 0.0431977 0.0381887 0.0315605 0.024035
 0.00540515 0.00885411 0.0134672 0.0192555 0.0260731 0.0335075 0.0408582 0.0473164 0.0522652 0.0554744 0.0570687 0.0573588 0.056694 0.0553996 0.0537629 0.0520282 0.0503814 0.0489158 0.047572 0.046077 0.0439484 0.0406327 0.0357756 0.0294883 0.0224199
 0.00566089 0.00926877 0.0140895 0.0201308 0.0272358 0.0349688 0.0425921 0.0492534 0.0542998 0.0574834 0.0589296 0.0589623 0.0579498 0.0562362 0.0541243 0.0518698 0.0496696 0.0476349 0.0457405 0.0437688 0.0413081 0.0378715 0.0331377 0.0271961 0.0206176
 0.00590249 0.00967019 0.0147094 0.0210282 0.0284578 0.0365301 0.0444568 0.0513304 0.0564593 0.0595847 0.0608454 0.0605892 0.0592076 0.0570629 0.0544714 0.0516979 0.0489471 0.046343 0.0438885 0.0414173 0.0385907 0.0349976 0.0303626 0.0247616 0.0186881
 0.00614996 0.0100731 0.0153173 0.0218893 0.0296111 0.0379932 0.0462102 0.0533091 0.0585572 0.0616709 0.0627844 0.0622583 0.0605079 0.0579236 0.0548453 0.0515533 0.048261 0.0451014 0.0420986 0.0391314 0.0359304 0.0321615 0.0276013 0.0223203 0.0167399
 0.00637587 0.0104475 0.0158939 0.0227218 0.0307423 0.0394372 0.0479359 0.0552367 0.0605718 0.0636467 0.0646045 0.0638226 0.0617337 0.0587433 0.0552071 0.0514203 0.0476086 0.0439179 0.0403931 0.0369529 0.0333906 0.0294448 0.0249445 0.0199597 0.0148465
 0.00662068 0.0108429 0.0164845 0.0235484 0.0318351 0.0408053 0.0495545 0.0570402 0.0624597 0.0655007 0.0663068 0.0652709 0.062848 0.0594664 0.0555002 0.0512563 0.0469681 0.0427906 0.0387872 0.0349128 0.0310179 0.0269078 0.0224605 0.0177476 0.0130671
 0.00685937 0.0112363 0.0170857 0.0244085 0.0329908 0.0422607 0.0512646 0.058909 0.064358 0.0672954 0.0678847 0.0665481 0.0637678 0.0599932 0.0556133 0.0509449 0.0462274 0.0416209 0.0372017 0.032954 0.0287772 0.0245351 0.02015 0.0156955 0.0114179
 0.00706349 0.0115756 0.0176103 0.0251696 0.0340304 0.0435945 0.0528644 0.0606949 0.0662091 0.0690719 0.069454 0.0678034 0.0646381 0.0604434 0.0556366 0.0505516 0.0454339 0.0404458 0.0356702 0.031112 0.0267086 0.0223718 0.0180603 0.0138486 0.00993769
 0.00726228 0.0118985 0.0180962 0.0258551 0.0349438 0.0447458 0.0542332 0.0622249 0.0678121 0.0706409 0.0708783 0.0689812 0.0654869 0.0609078 0.0556914 0.0501983 0.0446931 0.0393485 0.034256 0.0294355 0.024852 0.0204525 0.0162224 0.0122342 0.00864909
 0.00745135 0.0122077 0.0185644 0.0265184 0.0358274 0.0458513 0.0555273 0.0636372 0.0692477 0.0720002 0.0720737 0.0699434 0.0661636 0.0612614 0.0556984 0.0498514 0.0440012 0.0383363 0.0329635 0.0279203 0.0231949 0.0187602 0.0146191 0.0108379 0.00754176
 0.00754755 0.0123693 0.0188175 0.0268916 0.0363471 0.0465332 0.0563675 0.0646068 0.0702947 0.0730579 0.0730703 0.070811 0.066844 0.0617094 0.0558818 0.0497502 0.0436081 0.0376585 0.0320256 0.026769 0.0219018 0.0174204 0.0133406 0.00972104 0.00665508
 0.00759978 0.012449 0.0189288 0.0270373 0.0365315 0.0467659 0.0566638 0.0649845 0.0707668 0.073624 0.0737103 0.0714847 0.0674959 0.0622772 0.0563057 0.0499798 0.0436076 0.03741 0.0315327 0.0260601 0.0210328 0.0164718 0.0124059 0.00888827 0.00598593
 0.00763389 0.0124999 0.0189968 0.0271199 0.0366238 0.046863 0.0567637 0.0650913 0.0708926 0.0737891 0.0739376 0.0717897 0.0678757 0.0627043 0.0567304 0.0503401 0.0438418 0.0374689 0.0313895 0.0257169 0.0205227 0.0158559 0.0117622 0.00829351 0.00549686
 0.00769735 0.0125918 0.0191141 0.0272522 0.0367563 0.0469805 0.0568551 0.0651514 0.0709242 0.0738025 0.0739516 0.0718286 0.0679632 0.062854 0.0569372 0.0505756 0.0440586 0.037612 0.0314112 0.0255909 0.0202536 0.0154791 0.0113352 0.00787898 0.00514505
 0.00777533 0.0127138 0.019288 0.0274799 0.0370311 0.0472843 0.0571576 0.0654139 0.0711095 0.0738882 0.0739375 0.0717368 0.0678304 0.06272 0.0568338 0.0505175 0.0440385 0.0376018 0.0313719 0.0254868 0.0200672 0.015219 0.0110334 0.00757874 0.00488504
 0.00783543 0.0128108 0.0194323 0.02768 0.0372905 0.047598 0.0575075 0.0657685 0.0714281 0.0741296 0.0740706 0.0717487 0.0677297 0.0625352 0.0566047 0.050284 0.0438284 0.0374238 0.0312149 0.0253286 0.0198871 0.0150098 0.0108058 0.00735602 0.00469188
 0.00786497 0.0128552 0.0194927 0.0277559 0.0373814 0.0477047 0.0576326 0.0659145 0.0715934 0.0743049 0.0742379 0.071884 0.0678103 0.0625473 0.0565494 0.0501768 0.0436929 0.0372821 0.0310788 0.0251975 0.019753 0.0148661 0.0106543 0.00720782 0.00456157
 0.00785672 0.0128414 0.0194714 0.0277253 0.0373405 0.0476549 0.0575791 0.0658668 0.071565 0.0743102 0.0742872 0.0719785 0.067939 0.0626886 0.0566779 0.0502724 0.0437469 0.037297 0.0310636 0.0251605 0.0196987 0.0147968 0.0105738 0.00712376 0.00448386
 0.00786892 0.0128548 0.0194797 0.027719 0.0373097 0.0475934 0.0574884 0.0657572 0.071453 0.0742145 0.0742254 0.0719636 0.0679764 0.0627744 0.0567981 0.0504059 0.0438716 0.0373961 0.0311289 0.0251919 0.0197006 0.0147755 0.0105363 0.00707816 0.00443845
 0.00789872 0.0128989 0.0195377 0.0277864 0.037378 0.0476509 0.0575214 0.0657535 0.071406 0.0741276 0.0741127 0.0718471 0.0678794 0.0627147 0.0567835 0.0504324 0.043926 0.0374605 0.0311866 0.0252316 0.0197178 0.0147717 0.0105171 0.00705052 0.00440932
 0.00790208 0.0129045 0.0195461 0.0277981 0.0373926 0.0476664 0.0575342 0.0657576 0.0713949 0.0740962 0.07406 0.0717783 0.0678057 0.062651 0.0567441 0.0504263 0.0439534 0.037513 0.0312503 0.0252919 0.0197638 0.0147987 0.010526 0.00704645 0.00439846
 0.00788107 0.0128682 0.0194881 0.0277118 0.0372743 0.0475187 0.0573683 0.0655928 0.0712529 0.0739945 0.074007 0.0717721 0.0678387 0.062714 0.0568302 0.0505316 0.044075 0.0376462 0.0313865 0.0254199 0.019873 0.0148819 0.0105818 0.00707832 0.00441311
 0.00789503 0.0128846 0.0195008 0.0277109 0.0372481 0.0474576 0.0572685 0.0654589 0.0710979 0.0738375 0.0738693 0.0716719 0.0677869 0.0627121 0.056872 0.0506073 0.0441742 0.0377599 0.0315061 0.0255365 0.0199776 0.0149673 0.0106443 0.00711885 0.00443588
 0.00786648 0.0128413 0.0194414 0.0276356 0.0371575 0.0473519 0.0571474 0.0653227 0.0709504 0.0736879 0.0737321 0.0715651 0.0677269 0.0627093 0.0569279 0.0507142 0.0443185 0.0379254 0.0316773 0.0257002 0.020123 0.0150869 0.0107348 0.00718111 0.00447443
 0.00784801 0.0128069 0.019382 0.0275409 0.0370201 0.0471718 0.0569359 0.0651011 0.0707435 0.0735163 0.0736077 0.0714919 0.067705 0.0627383 0.057007 0.0508402 0.0444836 0.0381168 0.0318791 0.0258962 0.0202994 0.0152339 0.0108479 0.00726079 0.00452551
 0.00782541 0.0127723 0.0193335 0.0274773 0.0369399 0.0470723 0.056814 0.0649559 0.0705799 0.073347 0.0734513 0.0713684 0.0676293 0.0627178 0.0570415 0.0509246 0.0446099 0.0382745 0.0320553 0.0260759 0.0204678 0.0153792 0.0109628 0.00734398 0.00458024
 0.00779707 0.0127225 0.0192519 0.0273534 0.0367662 0.0468502 0.0565569 0.0646883 0.0703303 0.0731399 0.073302 0.0712834 0.0676099 0.0627622 0.0571456 0.0510809 0.0448074 0.0384993 0.0322921 0.0263088 0.0206819 0.0155623 0.0111078 0.00744937 0.0046502
 0.00775237 0.0126507 0.0191454 0.0272054 0.036572 0.0466089 0.0562748 0.0643807 0.0700219 0.072861 0.0730832 0.0711482 0.0675703 0.0628174 0.0572847 0.0512872 0.0450618 0.0387826 0.0325848 0.0265925 0.0209401 0.015782 0.0112814 0.00757591 0.00473465
 0.00773187 0.0126135 0.0190825 0.0271062 0.0364271 0.0464143 0.0560351 0.0641102 0.0697416 0.0725944 0.0728528 0.0709742 0.0674693 0.0628003 0.0573541 0.0514363 0.0452758 0.0390411 0.0328654 0.0268729 0.0212004 0.0160068 0.0114613 0.00770845 0.004824
 0.00934259 0.0148725 0.0218177 0.0299346 0.0388653 0.0480551 0.0566882 0.0638301 0.0687495 0.0711628 0.0712202 0.0693124 0.0658882 0.0613656 0.0561023 0.0503842 0.0444249 0.038381 0.0323764 0.0265291 0.020973 0.0158669 0.0113824 0.00766855 0.00480643
 0.00931531 0.0151276 0.0227296 0.0319694 0.0423789 0.0530201 0.0625198 0.0694804 0.073078 0.0733841 0.0711613 0.0673586 0.0627114 0.0576358 0.0523214 0.0468556 0.0412997 0.0357169 0.0301803 0.02478 0.0196328 0.0148851 0.0107002 0.00722277 0.00453488
 0.00896248 0.0145703 0.0219438 0.0310018 0.041403 0.0523753 0.0626729 0.0708609 0.0758258 0.0771589 0.0751817 0.0706984 0.0646857 0.0580382 0.0513985 0.0450951 0.0391974 0.0336394 0.0283379 0.0232618 0.0184526 0.0140165 0.0100966 0.00682918 0.00429589
 0.00879017 0.0142784 0.0214833 0.0303227 0.040473 0.0512139 0.0613947 0.0697051 0.0751381 0.077297 0.0763573 0.0728272 0.0673497 0.0606212 0.0533352 0.046087 0.0392744 0.0330626 0.0274373 0.0223099 0.0176151 0.0133624 0.00963059 0.00652327 0.00411057
 0.00872985 0.0141734 0.0213113 0.0300557 0.0400799 0.0506676 0.0606847 0.0688555 0.0742281 0.0764769 0.0758399 0.0728343 0.0680166 0.0619005 0.0549703 0.0476953 0.0405044 0.0337303 0.0275647 0.0220616 0.017194 0.0129292 0.00927415 0.00627043 0.00395119
 0.00870714 0.0141355 0.0212517 0.0299661 0.0399492 0.0504818 0.0604277 0.0685126 0.073793 0.0759641 0.0753008 0.0723671 0.0677563 0.0619763 0.0554405 0.0484955 0.0414512 0.0345925 0.0281628 0.0223336 0.0171932 0.0127692 0.00906613 0.00608642 0.00381944
 0.00868339 0.0140942 0.0211849 0.0298649 0.0398064 0.0502948 0.0602008 0.0682556 0.073517 0.0756772 0.0750094 0.072085 0.0675169 0.0618385 0.0554747 0.0487505 0.0419156 0.0351811 0.0287442 0.0227874 0.0174594 0.0128602 0.00904128 0.0060126 0.00374406
 0.00866741 0.0140709 0.0211544 0.029828 0.0397634 0.0502433 0.0601351 0.0681684 0.0734025 0.0755338 0.0748408 0.0718997 0.0673292 0.0616709 0.0553618 0.0487328 0.0420241 0.0354149 0.0290603 0.0231128 0.0177233 0.0130242 0.00910841 0.00601382 0.00371587
 0.00866718 0.0140697 0.0211511 0.0298214 0.0397524 0.0502278 0.0601158 0.0681456 0.0733743 0.0754952 0.0747847 0.0718203 0.0672255 0.0615508 0.0552426 0.0486406 0.0419872 0.0354536 0.0291741 0.0232761 0.0178942 0.0131634 0.00919536 0.00605097 0.00371993
 0.00864997 0.0140451 0.0211202 0.0297873 0.0397191 0.0501985 0.060092 0.068127 0.0733596 0.0754828 0.0747724 0.0718045 0.0672019 0.0615158 0.0551972 0.0485928 0.0419521 0.0354485 0.0292105 0.0233523 0.0179939 0.0132624 0.00927332 0.00609915 0.00374166
 0.00865912 0.0140558 0.0211288 0.0297883 0.0397072 0.0501718 0.0600537 0.0680847 0.0733222 0.0754563 0.0747577 0.0717984 0.0671985 0.0615094 0.0551841 0.0485731 0.0419307 0.0354346 0.0292142 0.0233792 0.0180412 0.0133195 0.00932678 0.00613927 0.00376563
 0.00865747 0.0140561 0.0211344 0.0298034 0.0397345 0.0502098 0.0600954 0.0681193 0.0733395 0.0754517 0.0747341 0.0717634 0.0671602 0.0614727 0.05515 0.0485407 0.0418999 0.035408 0.0291965 0.0233752 0.0180525 0.0133426 0.00935455 0.00616436 0.00378362
 0.00862207 0.0140031 0.0210636 0.0297181 0.0396418 0.0501199 0.0600195 0.0680678 0.0733187 0.0754613 0.0747674 0.0718103 0.0672121 0.0615241 0.0551988 0.0485861 0.0419413 0.0354451 0.0292303 0.0234076 0.0180852 0.0133757 0.0093859 0.00619092 0.00380322
 0.00862006 0.0139955 0.0210441 0.0296791 0.0395769 0.0500279 0.059908 0.0679525 0.0732192 0.0753945 0.0747422 0.0718259 0.0672595 0.061591 0.0552732 0.0486592 0.0420083 0.0355042 0.0292816 0.0234522 0.0181243 0.0134099 0.00941529 0.00621465 0.00382068
 0.00861662 0.01399 0.0210359 0.0296668 0.0395579 0.0499982 0.0598626 0.0678882 0.0731372 0.0753032 0.0746563 0.0717619 0.0672297 0.0615991 0.0553141 0.048722 0.0420809 0.0355768 0.0293481 0.0235098 0.0181726 0.0134495 0.00944667 0.00623842 0.00383751
 0.00861662 0.01399 0.0210359 0.0296668 0.0395579 0.0499982 0.0598626 0.0678882 0.0731372 0.0753032 0.0746563 0.0717619 0.0672297 0.0615991 0.0553141 0.048722 0.0420809 0.0355768 0.0293481 0.0235098 0.0181726 0.0134495 0.00944667 0.00623842 0.00383751
 0.00891241 0.014456 0.0217071 0.0305598 0.0406604 0.0512569 0.0611749 0.0691084 0.0741059 0.0758891 0.074791 0.0714534 0.0665508 0.0606624 0.0542426 0.0476255 0.041042 0.0346481 0.0285567 0.0228644 0.0176693 0.0130763 0.00918548 0.00606738 0.00373361
 0.00878641 0.0142914 0.0215346 0.0304347 0.0406503 0.0514194 0.0615369 0.0696549 0.074781 0.0766062 0.0754491 0.071957 0.0668315 0.0606944 0.0540462 0.047257 0.0405748 0.034153 0.0280887 0.0224584 0.0173413 0.0128282 0.0090099 0.00595168 0.00366307
#pred catch len freq
 0.00341467 0.00545825 0.00807597 0.0112625 0.0150393 0.019428 0.0243864 0.0297711 0.0353565 0.0408794 0.0460801 0.0507392 0.054708 0.0579168 0.0603539 0.0620331 0.0629681 0.0631514 0.0625174 0.0608864 0.0579351 0.0532772 0.0466943 0.0384184 0.0292487
 0.00367374 0.00581864 0.00851025 0.0117187 0.0154702 0.0198286 0.0248112 0.0303081 0.0360643 0.0417242 0.046917 0.0513558 0.0549104 0.0576132 0.0595971 0.0610045 0.061911 0.0622801 0.061939 0.0605713 0.0577515 0.0530726 0.0463763 0.0379896 0.0287826
 0.00381961 0.00607377 0.00892315 0.0123344 0.0163075 0.0208543 0.025931 0.0313944 0.0370134 0.0425032 0.0475578 0.0518934 0.0553148 0.0577763 0.0593908 0.0603691 0.0609097 0.0610811 0.0607375 0.0595032 0.0568514 0.0522965 0.0456645 0.0373198 0.0281795
 0.00397869 0.00632413 0.00928878 0.0128431 0.0169977 0.0217763 0.0271315 0.0328813 0.0387176 0.0442674 0.0491733 0.0531708 0.0561418 0.0581214 0.0592622 0.0597788 0.0598797 0.0596775 0.0590878 0.0577685 0.0551748 0.0507682 0.0443259 0.0361897 0.0272729
 0.00418085 0.00664007 0.00974149 0.0134482 0.0177658 0.0227163 0.0282526 0.0341926 0.0402213 0.0459409 0.050943 0.0548949 0.057624 0.0591603 0.0597091 0.0595694 0.0590312 0.0582692 0.0572472 0.0556609 0.0529837 0.0486666 0.0424499 0.0346273 0.0260631
 0.00446045 0.00707462 0.0103593 0.0142652 0.0187873 0.0239387 0.0296607 0.0357557 0.0418919 0.0476599 0.0526442 0.056503 0.0590444 0.06027 0.0603636 0.059632 0.0584132 0.0569615 0.0553304 0.0532955 0.0503856 0.0460717 0.0400744 0.0326308 0.0245258
 0.00475515 0.00754237 0.0110431 0.0152002 0.0199978 0.0254323 0.0314185 0.0377237 0.0439811 0.0497559 0.0546235 0.0582491 0.0604587 0.0612715 0.0608794 0.0595871 0.0577349 0.0556046 0.053313 0.0507264 0.0474665 0.0430683 0.0372624 0.0302341 0.0226705
 0.00506611 0.00803136 0.0117503 0.016158 0.0212322 0.0269626 0.0332485 0.0398266 0.0462858 0.0521428 0.0569339 0.0603088 0.062108 0.0623893 0.0613899 0.0594495 0.0569268 0.0541173 0.0511684 0.0480098 0.044353 0.0398172 0.0341711 0.0275657 0.0205871
 0.00539119 0.00854004 0.0124807 0.017137 0.0224779 0.0284847 0.0350439 0.04187 0.0485209 0.054478 0.0592425 0.062436 0.0638872 0.0636655 0.0620419 0.0594028 0.0561516 0.0526212 0.0489958 0.0452573 0.0411913 0.0364964 0.0309873 0.024793 0.0184057
 0.00571773 0.00905409 0.0132243 0.0181413 0.0237627 0.0300556 0.0368848 0.0439354 0.0507338 0.0567349 0.0614227 0.0644105 0.0655266 0.0648477 0.0626603 0.0593745 0.0554258 0.051186 0.0468865 0.0425691 0.0380933 0.0332322 0.0278452 0.0220435 0.0162315
 0.00606535 0.00960225 0.0140192 0.0192188 0.0251472 0.0317564 0.0388858 0.0461824 0.0531291 0.0591426 0.0636847 0.0663686 0.0670443 0.0658235 0.0630295 0.0591014 0.0544955 0.0496038 0.0446893 0.0398446 0.0349992 0.0299984 0.0247449 0.0193345 0.0140888
 0.00630356 0.00998814 0.014599 0.0200393 0.026252 0.0331782 0.0406322 0.0482222 0.0553837 0.0614869 0.0659577 0.0683935 0.0686546 0.0668879 0.0634665 0.0588785 0.0536184 0.0481046 0.0426247 0.0373079 0.032138 0.0270204 0.0218957 0.0168463 0.0121199
 0.00659123 0.0104281 0.0152117 0.0208313 0.0272236 0.0343325 0.0419769 0.0497593 0.0570934 0.0633124 0.0678 0.0701192 0.0701149 0.067943 0.0640064 0.0588364 0.0529729 0.0468751 0.0408671 0.0351168 0.0296537 0.0244308 0.0194171 0.0146808 0.0104051
 0.00678133 0.0107524 0.0157275 0.0215995 0.0282945 0.0357228 0.0436503 0.0516245 0.0590235 0.0651756 0.0694821 0.0715293 0.0711795 0.0685995 0.0642036 0.0585392 0.0521695 0.0455821 0.0391339 0.0330299 0.0273416 0.0220608 0.0171769 0.0127413 0.00887896
 0.00692912 0.0109882 0.0160772 0.022093 0.0289699 0.0366272 0.0448287 0.0530948 0.0607467 0.0670386 0.0713094 0.0731251 0.0723801 0.0693079 0.0643909 0.0582232 0.0513895 0.0443859 0.0375791 0.0311951 0.0253362 0.0200255 0.0152678 0.0110985 0.00759262
 0.00713861 0.0113035 0.0165057 0.022628 0.0295975 0.0373372 0.0456222 0.0539843 0.0617475 0.0681522 0.0725037 0.0743198 0.0734511 0.0701139 0.0648132 0.0581965 0.0509091 0.0434941 0.0363468 0.0297109 0.0237059 0.018372 0.0137204 0.00977059 0.00655541
 0.00723461 0.0114619 0.0167478 0.0229735 0.0300588 0.0379119 0.0462875 0.0547006 0.0624718 0.0688541 0.0731727 0.0749575 0.0740503 0.0706401 0.0652008 0.0583644 0.0507879 0.0430507 0.0355945 0.0287061 0.0225377 0.0171496 0.0125571 0.00876327 0.0057648
 0.00729648 0.011556 0.0168786 0.0231439 0.030274 0.0381822 0.0466272 0.0551201 0.0629661 0.0693967 0.0737201 0.0754643 0.0744847 0.0709877 0.0654532 0.0585037 0.0507807 0.0428577 0.0351907 0.0280989 0.0217736 0.0163066 0.0117269 0.00802898 0.005181
 0.00730923 0.01158 0.0169207 0.0232126 0.0303776 0.0383267 0.046815 0.0553506 0.0632385 0.0697096 0.0740678 0.0758312 0.0748437 0.0713056 0.0656999 0.0586567 0.0508234 0.0427746 0.0349682 0.0277347 0.0212876 0.0157449 0.0111535 0.00750818 0.00475918
 0.00729814 0.0115553 0.016872 0.023128 0.0302493 0.038158 0.046626 0.0551764 0.0631202 0.0696827 0.0741531 0.0760314 0.075144 0.0716759 0.0660985 0.0590369 0.05114 0.0429904 0.0350582 0.027689 0.0211157 0.0154774 0.0108374 0.00719507 0.00449098
 0.00739407 0.011685 0.0170177 0.0232551 0.0303132 0.0381178 0.0464584 0.0548858 0.0627414 0.0692768 0.0737954 0.0757923 0.0750699 0.0717772 0.0663492 0.0593846 0.0515207 0.0433416 0.0353295 0.0278495 0.0211573 0.0154152 0.0107044 0.00703239 0.00433553
 0.00761073 0.012011 0.0174579 0.0237923 0.0309073 0.0387086 0.0469698 0.0552364 0.0628631 0.0691379 0.0734162 0.0752444 0.0744561 0.0712017 0.0658904 0.0590785 0.0513594 0.0432859 0.0353262 0.027849 0.0211263 0.0153419 0.0105969 0.00691062 0.00422135
 0.00768997 0.01215 0.0176856 0.0241409 0.0314029 0.0393567 0.0477404 0.0560568 0.0636259 0.0697227 0.0737198 0.0752105 0.0740945 0.0705877 0.065142 0.0583197 0.0506867 0.0427484 0.034927 0.0275608 0.0209115 0.0151691 0.0104489 0.00678349 0.00411793
 0.00767114 0.0121161 0.0176306 0.0240625 0.0313104 0.0392783 0.0477246 0.0561597 0.0638862 0.0701347 0.0742228 0.0757021 0.074466 0.0707629 0.0651018 0.0581037 0.0503711 0.0424142 0.0346332 0.0273325 0.0207455 0.0150483 0.010356 0.00670832 0.00405753
 0.00759823 0.0120069 0.017483 0.0238792 0.0310966 0.0390396 0.0474695 0.0559077 0.0636749 0.0700187 0.0742567 0.075913 0.0748309 0.0712086 0.0655315 0.0584353 0.0505663 0.0424836 0.0346178 0.0272787 0.020686 0.0149973 0.0103152 0.00667496 0.00402982
 0.00754195 0.0119215 0.0173658 0.023732 0.0309248 0.038851 0.047273 0.0557129 0.0634924 0.0698627 0.0741479 0.0758793 0.0748996 0.0713912 0.0658098 0.0587608 0.0508773 0.0427296 0.0347777 0.0273604 0.0207138 0.0149963 0.0103027 0.00665986 0.00401572
 0.00763413 0.0120481 0.0175134 0.0238737 0.0310281 0.0388898 0.0472375 0.0556109 0.0633437 0.0696901 0.0739716 0.0757165 0.074767 0.0713061 0.0657861 0.0588009 0.0509663 0.0428388 0.0348758 0.0274268 0.020744 0.0149986 0.0102898 0.00664253 0.00400004
 0.00768721 0.0121335 0.017639 0.0240425 0.0312336 0.0391109 0.0474373 0.0557442 0.0633729 0.0696016 0.0737826 0.0754676 0.0745061 0.0710738 0.0656088 0.0586901 0.0509204 0.0428447 0.0349122 0.027471 0.0207791 0.0150173 0.0102938 0.00663768 0.00399216
 0.00763797 0.0120663 0.0175621 0.023973 0.0311938 0.0391221 0.0475115 0.0558774 0.0635416 0.0697665 0.0738997 0.0755051 0.0744578 0.0709615 0.0654709 0.0585658 0.0508359 0.0428083 0.0349169 0.0275008 0.0208166 0.0150497 0.0103151 0.00664819 0.0039953
