SBPRF35
7.78865
Curr Bio
490737
B35
692603
F35
0.209981
FOFL
0.144241
OFL
56142.9
Bzero
2.22533e+06
#pred survey bio
 4.49192e+06 4.31758e+06 4.12174e+06 3.85374e+06 3.55062e+06 3.2339e+06 2.91905e+06 2.63981e+06 2.34603e+06 2.07128e+06 1.84046e+06 1.64891e+06 1.43566e+06 1.29385e+06 1.13179e+06 1.00034e+06 921591 838398 772497 713804 675556 652153 636361 612577 603210 601346 588911 587482 588718 576931 579440 580730 580001 582151 575951 554415 543816 535700 539067 547925 558012 567527 576345 594480 604211 606934 611494 613892 619072 614515 614999 583388 535485 500100 475118 499409 517094 530857 524076 494942 1.71635e+07 1.0156e+07 1.03482e+07 1.11164e+07 1.21929e+07 1.33178e+07 1.43362e+07 1.51828e+07 1.58488e+07 1.63537e+07 1.67272e+07 1.69992e+07 1.71954e+07 1.73363e+07 1.74374e+07 1.75101e+07 1.75626e+07 1.76007e+07 1.76285e+07 1.76489e+07 1.7664e+07 1.76752e+07 1.76836e+07 1.769e+07 1.76947e+07 1.76984e+07 1.77011e+07 1.77032e+07 1.77048e+07 1.7706e+07 1.7707e+07 1.77077e+07 1.77083e+07 1.77087e+07 1.7709e+07 1.77093e+07 1.77095e+07 1.77096e+07 1.77097e+07 1.77098e+07 1.77099e+07 1.771e+07 1.771e+07 1.771e+07 1.77101e+07 1.77101e+07 1.77101e+07 1.77101e+07 1.77101e+07 1.77101e+07 1.77101e+07 1.77101e+07 1.77101e+07 1.77101e+07 1.77101e+07 1.77101e+07 1.77101e+07 1.77101e+07 1.77101e+07 1.77102e+07 1.77102e+07 1.77102e+07 1.77102e+07 1.77102e+07 1.77102e+07 1.77102e+07 1.77102e+07 1.77102e+07 1.77102e+07 1.77102e+07 1.77102e+07 1.77102e+07 1.77102e+07 1.77102e+07 1.77102e+07 1.77102e+07 1.77102e+07 1.77102e+07 1.77102e+07 1.77102e+07 1.77102e+07 1.77102e+07 1.77102e+07 1.77102e+07 1.77102e+07 1.77102e+07 1.77102e+07 1.77102e+07 1.77102e+07 1.77102e+07 1.77102e+07 1.77102e+07 1.77102e+07 1.77102e+07 1.77102e+07 1.77102e+07 1.77102e+07 1.77102e+07 1.77102e+07 1.77102e+07 0 0 0 0 0 0 0 0 0 0 0 0 0 0 0 0 0 0 0 0 0 0 0 0 0
#obs survey bio
 2.15493e+06 2.95964e+06 2.9601e+06 2.48729e+06 3.29792e+06 2.68857e+06 1.72041e+06 2.03137e+06 2.88105e+06 2.36229e+06 1.32384e+06 1.64554e+06 1.71712e+06 777378 907683 1.05257e+06 795349 927033 777089 734680 605107 362752 532045 438267 572556 416167 572853 462697 520246 591488 527915 505593 547681 681530 479985 646101 523879 504398 601035 455487 462438 686397 508814 871373 509819 518932 712952 621404 459804 748064 593842 739070 459309 412005 479694 401630 697956 640039 351911 630154
#pred catch bio
 87001.8 95571.1 163863 211338 246975 272578 267898 306065 310430 288693 267750 296296 239796 261409 235655 189728 191080 171556 159994 138359 124123 117676 123941 111309 105069 112878 102317 99557.8 108906 94649.3 93772.8 93215.4 88096.3 91502.6 99752.9 88391.8 89292.6 84677.7 83950.7 84746.7 85367.8 85444.3 77832.3 85502.9 91760.9 90513.2 92340.9 89970.5 97724.6 92492 117939 129211 116934 107422 67105.1 73270.4 74650.9 88908.6 103730 78453.2 56142.9 77926.2 78093.6 82640.5 90226.1 98407 105766 111759 116338 119683 122048 123679 124782 125518 126003 126319 126524 126657 126741 126795 126830 126852 126866 126874 126880 126884 126886 126887 126888 126889 126889 126889 126889 126889 126889 126889 126889 126889 126889 126889 126889 126889 126889 126889 126889 126889 126889 126889 126889 126889 126889 126889 126889 126889 126889 126889 126889 126889 126889 126889 126889 126889 126889 126889 126889 126889 126889 126889 126889 126889 126889 126889 126889 126889 126889 126889 126889 126889 126889 126889 126889 126889 126889 126889 126889 126889 126889 126889 126889 126889 126889 126889 126889 126889 126889 126889 126889 126889 126889 126889 0 0 0 0 0 0 0 0 0 0 0 0 0 0 0 0 0 0 0 0 0 0 0 0 0
#obs catch bio
 0 95435.2 165096 213738 250553 278047 273664 315055 319174 296549 274431 307102 244428 269884 243163 194584 196069 175439 162740 139869 125474 120191 127088 113816 107679 116174 104340 101706 112089 96620.5 95450.5 95081.9 89459.7 92770.4 101440 88862.7 89973 85506.9 84691.3 85701.6 86149.9 85704.8 77993.4 85548.4 92075.1 90907.7 92644.6 90050.5 98425.5 92508.6 118242 129201 116521 108090 67085.2 73773.9 74753.3 88737.4 104332 78300.7
#pred cpue bio
 4.42252e+06 4.25286e+06 4.06088e+06 3.7943e+06 3.4921e+06 3.17672e+06 2.86337e+06 2.58551e+06 2.29388e+06 2.02154e+06 1.79276e+06 1.60289e+06 1.39236e+06 1.25224e+06 1.09245e+06 963124 885942 804944 741135 684427 647330 624238 608482 585200 575981 574213 562394 561193 562494 551342 554282 556020 555781 558481 553231 532936 522213 512740 514766 523166 533297 543037 551942 569679 579150 581684 586076 588520 593632 589309 589982 559159 512094 477125 452526 476279 494312 508682 502593 474441 1.64769e+07 9.76097e+06 9.83809e+06 1.0469e+07 1.14963e+07 1.26094e+07 1.36255e+07 1.44717e+07 1.51376e+07 1.56425e+07 1.6016e+07 1.62879e+07 1.64841e+07 1.6625e+07 1.67261e+07 1.67988e+07 1.68513e+07 1.68894e+07 1.69172e+07 1.69376e+07 1.69527e+07 1.6964e+07 1.69724e+07 1.69787e+07 1.69835e+07 1.69871e+07 1.69899e+07 1.6992e+07 1.69936e+07 1.69948e+07 1.69957e+07 1.69964e+07 1.6997e+07 1.69974e+07 1.69978e+07 1.6998e+07 1.69982e+07 1.69984e+07 1.69985e+07 1.69986e+07 1.69986e+07 1.69987e+07 1.69987e+07 1.69988e+07 1.69988e+07 1.69988e+07 1.69988e+07 1.69989e+07 1.69989e+07 1.69989e+07 1.69989e+07 1.69989e+07 1.69989e+07 1.69989e+07 1.69989e+07 1.69989e+07 1.69989e+07 1.69989e+07 1.69989e+07 1.69989e+07 1.69989e+07 1.69989e+07 1.69989e+07 1.69989e+07 1.69989e+07 1.69989e+07 1.69989e+07 1.69989e+07 1.69989e+07 1.69989e+07 1.69989e+07 1.69989e+07 1.69989e+07 1.69989e+07 1.69989e+07 1.69989e+07 1.69989e+07 1.69989e+07 1.69989e+07 1.69989e+07 1.69989e+07 1.69989e+07 1.69989e+07 1.69989e+07 1.69989e+07 1.69989e+07 1.69989e+07 1.69989e+07 1.69989e+07 1.69989e+07 1.69989e+07 1.69989e+07 1.69989e+07 1.69989e+07 1.69989e+07 1.69989e+07 1.69989e+07 1.69989e+07 1.69989e+07 1.69989e+07 0 0 0 0 0 0 0 0 0 0 0 0 0 0 0 0 0 0 0 0 0 0 0 0 0
#obs cpue bio
 3.53501e+06 3.4086e+06 2.73779e+06 2.37347e+06 2.81363e+06 2.14872e+06 2.75261e+06 2.44526e+06 2.02243e+06 1.37378e+06 1.97743e+06 955203 1.57333e+06 1.05675e+06 897090 611872 923486 567568 805702 690093 557978 391211 510625 544208 313461 560180 584620 414755 364804 442490 594322 413757 548899 472140 550814 716351 459579 362366 435272 445226 660963 728406 517637 512861 540424 547384 554046 619392 529990 614668 661402 529464 685400 385411 368747 446904 486018 620952 542164 451638
#pred surv len freq
 0.00530639 0.00858025 0.0128479 0.0180685 0.0241064 0.0306555 0.0372052 0.0431554 0.0480406 0.0516876 0.0542001 0.0558275 0.0568342 0.05742 0.0576759 0.0575673 0.0569517 0.0556284 0.053397 0.0500992 0.045643 0.0400387 0.0334647 0.0263322 0.0192663
 0.00557478 0.00889141 0.0130913 0.018081 0.0237369 0.029855 0.0360847 0.0419601 0.0470396 0.0510427 0.053894 0.0556913 0.0566499 0.0570374 0.05709 0.0569277 0.0565044 0.0556133 0.0539418 0.0511583 0.0470134 0.0414449 0.0346676 0.0272046 0.0198039
 0.00594533 0.00947639 0.0139299 0.0191732 0.0250163 0.0311658 0.0371884 0.0425974 0.0470385 0.0504111 0.0528231 0.054452 0.0554512 0.0559457 0.0560585 0.0559001 0.055509 0.0547803 0.0534385 0.0510883 0.0473491 0.0420358 0.0353139 0.0277454 0.0201669
 0.00620014 0.0099046 0.0146002 0.0201578 0.0263726 0.0329045 0.0392353 0.0447687 0.0490524 0.0519476 0.0536195 0.0543949 0.0546131 0.0545373 0.0543257 0.0540374 0.0536422 0.0530086 0.0518736 0.0498446 0.0464942 0.0415497 0.0350982 0.0276745 0.0201424
 0.00645528 0.0103101 0.0151955 0.0209793 0.0274551 0.0342781 0.0409133 0.046727 0.0512043 0.0541256 0.0555783 0.0558508 0.055319 0.0543643 0.0533067 0.0523457 0.0515228 0.0507094 0.0496097 0.0477905 0.0447753 0.0402265 0.0341588 0.0270512 0.0197471
 0.00674606 0.0107691 0.0158611 0.021879 0.0286029 0.0356708 0.0425264 0.0485138 0.0531021 0.0560589 0.0574509 0.0575287 0.0566209 0.0550846 0.0532724 0.051483 0.0498952 0.0485054 0.0470913 0.0452309 0.0424091 0.0382177 0.0325857 0.025912 0.018982
 0.0070293 0.0112229 0.0165314 0.0228042 0.0298064 0.0371509 0.044245 0.0503945 0.0550426 0.057953 0.0592062 0.059067 0.057863 0.0559296 0.0535929 0.0511497 0.048828 0.0467255 0.0447434 0.0425597 0.0397015 0.0357351 0.030512 0.0243291 0.0178771
 0.00722272 0.0115417 0.01702 0.0235079 0.0307644 0.0383834 0.0457395 0.0520981 0.0568669 0.0597897 0.0609445 0.0606075 0.0591226 0.0568361 0.0540723 0.0511169 0.0481978 0.0454484 0.042852 0.0401968 0.0371065 0.0331884 0.0282618 0.0225331 0.016581
 0.00747392 0.011941 0.0176047 0.0243085 0.0318017 0.0396634 0.0472441 0.0537794 0.058648 0.0615736 0.0626261 0.0620853 0.0603078 0.0576571 0.054472 0.0510444 0.0476023 0.0442896 0.0411297 0.0379891 0.0345883 0.0306094 0.0258853 0.0205627 0.0151124
 0.00781177 0.0124662 0.0183504 0.0252904 0.0330171 0.0410901 0.0488385 0.0554742 0.0603592 0.0632122 0.0641096 0.0633419 0.0612764 0.0582855 0.0547149 0.0508616 0.0469571 0.0431531 0.0394984 0.0359138 0.0321992 0.0281144 0.0235283 0.0185564 0.0135792
 0.00812611 0.0129638 0.0190738 0.0262686 0.0342591 0.0425762 0.050511 0.0572381 0.0620976 0.0648112 0.0654792 0.0644232 0.0620361 0.058705 0.0547797 0.0505545 0.0462566 0.0420382 0.0379644 0.0339963 0.0299983 0.0258003 0.0213136 0.0166402 0.0120889
 0.008253 0.013191 0.0194543 0.0268646 0.0351278 0.043747 0.0519635 0.0588952 0.0638376 0.0664949 0.0669769 0.0656339 0.0628957 0.0591846 0.0548761 0.0502759 0.0456101 0.0410266 0.0365949 0.0323013 0.0280584 0.023754 0.0193398 0.0149138 0.0107293
 0.00866972 0.0138213 0.0203166 0.0279495 0.0364077 0.0451895 0.0535363 0.0605571 0.0655251 0.0681147 0.0684123 0.0667652 0.0636257 0.0594583 0.0546857 0.0496503 0.044596 0.0396727 0.0349475 0.0304151 0.0260154 0.0216758 0.0173783 0.0132167 0.00939753
 0.00891248 0.0142115 0.020894 0.0287439 0.0374286 0.0464138 0.0549009 0.0619668 0.0668784 0.0693328 0.0694504 0.0676 0.0642327 0.0597992 0.0547154 0.0493342 0.0439245 0.0386635 0.0336414 0.0288732 0.024323 0.0199453 0.0157404 0.0117957 0.00827808
 0.00914993 0.0146098 0.0215152 0.029651 0.0386687 0.0479929 0.0567584 0.0639697 0.068842 0.0710629 0.0707893 0.068456 0.0645865 0.0596876 0.0542012 0.0484797 0.0427792 0.0372679 0.0320388 0.0271217 0.0225028 0.0181592 0.014102 0.0104065 0.0072012
 0.00933951 0.014909 0.0219507 0.030246 0.0394447 0.0489683 0.0579412 0.0653426 0.0703483 0.0725996 0.0722154 0.0696189 0.0653582 0.0599948 0.0540364 0.047889 0.0418364 0.0360517 0.0306223 0.0255766 0.0209086 0.0166077 0.0126902 0.00921815 0.00628554
 0.00931238 0.014877 0.0219256 0.0302485 0.0395021 0.0491108 0.0581982 0.0657408 0.070909 0.0733317 0.073102 0.0706046 0.0663457 0.0608604 0.0546599 0.0481847 0.0417714 0.0356438 0.0299262 0.024668 0.0198752 0.0155437 0.0116886 0.00835692 0.00561275
 0.00931952 0.0148994 0.0219792 0.0303549 0.0396839 0.0493829 0.0585614 0.0661806 0.0714013 0.073852 0.0736325 0.0711336 0.0668594 0.0613314 0.0550404 0.0484129 0.0417884 0.0354145 0.0294527 0.0239907 0.0190643 0.0146854 0.0108699 0.0076494 0.00505949
 0.0093909 0.014996 0.0220896 0.0304591 0.0397622 0.0494292 0.0585906 0.0662259 0.0714996 0.074028 0.0738893 0.0714551 0.0672194 0.0617007 0.0553871 0.0486985 0.0419677 0.0354431 0.0293016 0.0236602 0.0185887 0.0141266 0.0103018 0.00713879 0.0046504
 0.0096752 0.0154096 0.022621 0.0310638 0.0403723 0.049971 0.0590027 0.0664703 0.0715689 0.0739469 0.0737082 0.0712349 0.0670122 0.0615364 0.0552702 0.0486125 0.0418819 0.0353204 0.0291076 0.0233747 0.0182156 0.0136962 0.00986179 0.00673899 0.00432702
 0.0100583 0.0159758 0.0233664 0.0319441 0.0413101 0.050872 0.0597704 0.0670192 0.0718384 0.0739164 0.0734061 0.070733 0.0664053 0.0609165 0.0547051 0.0481353 0.0414921 0.0349932 0.0288075 0.0230694 0.0178881 0.0133502 0.0095196 0.00643056 0.00407701
 0.0101857 0.0161978 0.0237258 0.0324833 0.0420533 0.0518008 0.0608066 0.0680304 0.0726715 0.0744448 0.0735657 0.0705325 0.0659135 0.0602357 0.0539444 0.0473871 0.0408173 0.0344165 0.0283234 0.0226557 0.0175213 0.0130169 0.0092201 0.00617471 0.00387522
 0.010149 0.016155 0.023694 0.0324935 0.0421477 0.0520248 0.0611951 0.0685919 0.0733723 0.0752029 0.0742638 0.0710493 0.0661626 0.0601925 0.0536479 0.0469191 0.0402717 0.0338722 0.0278292 0.0222303 0.0171624 0.012715 0.00896804 0.00597048 0.00371917
 0.0103009 0.0163753 0.023977 0.0328186 0.0424882 0.0523606 0.0615225 0.0689229 0.0737248 0.0755849 0.0746594 0.0714128 0.0664263 0.0602881 0.0535325 0.046594 0.039783 0.0332937 0.0272375 0.0216839 0.016694 0.0123346 0.00867202 0.00574971 0.00356291
 0.0102425 0.0163019 0.0239054 0.0327757 0.0425008 0.0524419 0.0616639 0.0690984 0.0739077 0.0757646 0.0748458 0.071624 0.0666675 0.060537 0.0537415 0.0467099 0.0397705 0.0331512 0.026996 0.021392 0.0163992 0.012071 0.00845683 0.00558678 0.00344796
 0.0100815 0.0160586 0.0235753 0.0323705 0.0420501 0.0519915 0.0612712 0.0688225 0.0737934 0.0758279 0.0750703 0.0719719 0.0670957 0.0610062 0.0542152 0.0471484 0.0401328 0.0334049 0.027129 0.0214172 0.016348 0.0119802 0.00835772 0.0054992 0.00338067
 0.0101768 0.0161845 0.0237111 0.0324796 0.0420909 0.0519346 0.0611143 0.0685938 0.0735426 0.0756093 0.0749269 0.071925 0.0671431 0.0611285 0.0543842 0.0473342 0.0403069 0.0335416 0.0272094 0.0214347 0.0163104 0.0119071 0.0082721 0.00541992 0.00331826
 0.0101922 0.0162079 0.0237424 0.0325143 0.0421176 0.0519337 0.0610595 0.0684615 0.0733251 0.0753267 0.0746277 0.071672 0.0669915 0.0611066 0.0544874 0.0475314 0.0405534 0.0337922 0.0274274 0.0215969 0.0164096 0.0119503 0.00827559 0.0054023 0.00329468
 0.00995033 0.0158665 0.0233242 0.032073 0.0417219 0.051642 0.0608993 0.0684231 0.0733716 0.0754121 0.0747148 0.0717451 0.0670597 0.0611965 0.0546274 0.047736 0.0408152 0.0340844 0.0277147 0.021847 0.0166022 0.0120801 0.00835028 0.00543704 0.00330561
 0.0098724 0.0157364 0.0231242 0.0317909 0.0413607 0.0512315 0.0605001 0.068114 0.0732204 0.0754445 0.0749014 0.0720168 0.067341 0.0614366 0.0548135 0.0478851 0.0409546 0.034233 0.0278741 0.0220046 0.0167404 0.0121858 0.00841995 0.00547558 0.00332254
 0.00980144 0.0156083 0.0229083 0.0314517 0.0408684 0.0505779 0.0597148 0.0672713 0.0724304 0.0748282 0.0745582 0.0719952 0.067624 0.0619508 0.0554575 0.0485642 0.0416032 0.0348181 0.028384 0.0224358 0.0170904 0.0124539 0.00861019 0.00559899 0.0033949
 0.00965949 0.0154008 0.0226381 0.0311327 0.0405172 0.0502017 0.059307 0.0668186 0.0719306 0.0743086 0.0740811 0.0716447 0.0674786 0.0620529 0.0557972 0.0490838 0.0422198 0.0354508 0.0289726 0.0229452 0.0175057 0.012773 0.00883971 0.00575184 0.00348811
 0.00947661 0.0151226 0.0222557 0.0306534 0.0399645 0.0496137 0.0587316 0.0663053 0.0715173 0.0740107 0.0738926 0.0715532 0.0674829 0.0621702 0.0560512 0.0494837 0.0427451 0.0360524 0.0295875 0.0235157 0.0179918 0.0131561 0.00911971 0.00594097 0.0036055
 0.00918117 0.0146751 0.021644 0.0298895 0.039083 0.048667 0.0577869 0.0654413 0.0708148 0.0735367 0.0736838 0.0716083 0.0677684 0.0626365 0.0566501 0.0501781 0.0435056 0.0368473 0.030376 0.0242505 0.0186301 0.0136703 0.00950232 0.00620313 0.00377023
 0.00905864 0.0144672 0.0213164 0.0294082 0.0384258 0.0478401 0.0568378 0.0644577 0.0699062 0.0728062 0.073205 0.0714157 0.067859 0.0629776 0.0571907 0.0508598 0.0442729 0.0376511 0.0311724 0.0249978 0.0192903 0.0142146 0.00991758 0.00649436 0.00395691
 0.00994014 0.0157072 0.022824 0.0309748 0.0397794 0.0487363 0.0571364 0.0641478 0.0690829 0.0716259 0.0718449 0.0700433 0.0666108 0.0619462 0.0564209 0.0503555 0.0440084 0.037584 0.0312533 0.0251757 0.0195161 0.0144454 0.0101212 0.00665282 0.00406665
 0.0108265 0.0170725 0.0247284 0.0333983 0.0425996 0.0517113 0.0599094 0.0663008 0.0702482 0.0716127 0.070707 0.0680469 0.0641277 0.0593373 0.0539621 0.0482152 0.0422612 0.036237 0.030272 0.0245039 0.0190886 0.0141969 0.00999269 0.00659627 0.00404745
 0.0107911 0.0171364 0.0250466 0.0341838 0.044059 0.053946 0.0628257 0.0695854 0.0734288 0.0741794 0.0722463 0.0683444 0.0632118 0.0574517 0.0514786 0.0455243 0.0396831 0.0339796 0.0284327 0.0230959 0.0180726 0.0135064 0.00955255 0.00633464 0.0039033
 0.0104167 0.0165823 0.0243227 0.033357 0.0432639 0.053382 0.0627336 0.0701863 0.0748311 0.0762915 0.0747538 0.0707844 0.0651197 0.0585097 0.0515997 0.0448437 0.0384766 0.0325571 0.0270511 0.0219176 0.0171648 0.0128661 0.00913659 0.00608561 0.00376622
 0.0101378 0.0161397 0.0236791 0.0324919 0.0421875 0.0521547 0.0614842 0.0691155 0.0741822 0.076287 0.0755147 0.0722631 0.0670818 0.0605874 0.0534052 0.0460937 0.0390705 0.032575 0.0266864 0.0213865 0.0166375 0.0124381 0.00883673 0.00590002 0.00366377
 0.00991068 0.0157873 0.0231798 0.0318356 0.0413759 0.0512028 0.0604278 0.0680221 0.0731595 0.0754815 0.0750922 0.0723675 0.0677799 0.0618204 0.0549792 0.0477267 0.0404835 0.0335834 0.0272457 0.0215744 0.0165929 0.0122962 0.00868935 0.00578927 0.00359609
 0.00991424 0.0157623 0.0230857 0.0316172 0.0409782 0.050595 0.0596225 0.0670786 0.0721699 0.0745508 0.0743257 0.0718678 0.0676404 0.0621042 0.0556851 0.0487642 0.0416802 0.0347337 0.02818 0.0222104 0.0169441 0.0124386 0.00871426 0.00576817 0.00356888
 0.009979 0.0158563 0.0232041 0.0317425 0.0410781 0.0506222 0.059521 0.0667978 0.0716854 0.0738836 0.0735475 0.0710888 0.0669842 0.0616826 0.0555751 0.0489882 0.042193 0.0354268 0.0289103 0.0228476 0.0174106 0.0127233 0.00885469 0.00581939 0.00357794
 0.00992798 0.0157794 0.0230995 0.0316124 0.0409272 0.0504554 0.0593397 0.0665973 0.0714539 0.0736056 0.0732139 0.0707094 0.0665979 0.0613547 0.0553824 0.0489948 0.0424257 0.0358602 0.0294699 0.0234322 0.0179268 0.0131142 0.0091098 0.00596269 0.00364696
 0.00995927 0.0158246 0.0231571 0.0316772 0.0409914 0.0505106 0.0593782 0.0666115 0.071435 0.0735419 0.0730915 0.0705167 0.0663339 0.0610385 0.0550571 0.0487216 0.0422661 0.0358525 0.0296126 0.0236828 0.018219 0.0133841 0.00931727 0.00609777 0.00372183
 0.00990113 0.015755 0.0230976 0.0316616 0.0410543 0.0506707 0.0596252 0.066906 0.0717213 0.073767 0.0732177 0.0705262 0.0662254 0.0608249 0.0547656 0.048394 0.0419553 0.0356116 0.0294776 0.0236603 0.0182846 0.0134952 0.00943188 0.00618886 0.003781
 0.00981341 0.0156187 0.0229058 0.0314165 0.0407719 0.0503839 0.0593831 0.0667633 0.0717189 0.0739117 0.0734761 0.0708358 0.0665183 0.0610486 0.0548947 0.0484312 0.0419259 0.0355543 0.0294327 0.023656 0.0183286 0.0135749 0.0095237 0.00627095 0.00384136
 0.00984382 0.0156521 0.0229265 0.0314003 0.0406928 0.0502258 0.0591504 0.0664856 0.0714457 0.0736998 0.0733719 0.0708593 0.0666552 0.0612558 0.0551162 0.048619 0.0420546 0.0356246 0.0294649 0.0236771 0.0183591 0.013622 0.00958162 0.00632804 0.00388776
 0.00971649 0.0154753 0.0227153 0.0311848 0.0405066 0.0500886 0.0590574 0.0664107 0.0713601 0.073592 0.0732583 0.0707779 0.0666463 0.0613419 0.0552907 0.0488492 0.042297 0.0358426 0.0296401 0.0238098 0.018461 0.0137051 0.00965248 0.00638712 0.00393317
 0.00968025 0.0154154 0.0226248 0.0310602 0.0403524 0.0499224 0.0589092 0.0663141 0.0713359 0.0736351 0.0733382 0.070856 0.0666984 0.0613693 0.0553141 0.048891 0.0423662 0.0359316 0.0297326 0.0238922 0.0185276 0.0137575 0.00969449 0.00642126 0.0039599
 0.00973666 0.0154837 0.0226844 0.0310778 0.0402916 0.0497588 0.0586448 0.0659814 0.0709905 0.0733388 0.0731398 0.0707768 0.066729 0.0614787 0.0554671 0.0490617 0.0425416 0.0361059 0.0299001 0.0240448 0.0186577 0.0138612 0.00977249 0.006477 0.00399775
 0.010021 0.0159329 0.023333 0.0319407 0.0413517 0.0509526 0.059855 0.0670504 0.0717589 0.0736954 0.0730557 0.0703057 0.0659781 0.0605701 0.054507 0.0481281 0.0416848 0.0353558 0.0292717 0.0235413 0.0182727 0.0135811 0.00957981 0.00635283 0.00392364
 0.0103962 0.0165242 0.0241871 0.0330858 0.0427884 0.0526419 0.0617029 0.0689027 0.0734167 0.0749519 0.0737428 0.0703345 0.0653603 0.0594126 0.052981 0.0464242 0.0399736 0.0337645 0.0278798 0.0223875 0.0173643 0.0129035 0.00910317 0.00603888 0.00373155
 0.0105158 0.0167337 0.0245305 0.0336133 0.0435457 0.0536513 0.0629453 0.0703083 0.0748708 0.0763111 0.0748558 0.0710633 0.0656043 0.0591321 0.0522115 0.0452719 0.0385903 0.0323123 0.0264982 0.0211743 0.0163717 0.0121439 0.00855977 0.00567685 0.00350819
 0.0104709 0.0166777 0.0244792 0.0335967 0.0436056 0.0538357 0.0632986 0.07086 0.0756221 0.077224 0.075849 0.0720207 0.0663954 0.0596389 0.0523551 0.0450322 0.0380121 0.0314936 0.0255647 0.0202483 0.0155475 0.0114758 0.00806309 0.00533754 0.00329542
 0.00985307 0.0157317 0.0231679 0.031934 0.0416634 0.0517474 0.0612603 0.0691162 0.0744245 0.07677 0.0762257 0.0731802 0.0681656 0.0617643 0.054553 0.04705 0.0396726 0.0327171 0.0263637 0.0206998 0.015756 0.0115408 0.00805989 0.00531231 0.00327048
 0.00953007 0.0152047 0.0223729 0.0308155 0.0401923 0.0499467 0.05923 0.0670387 0.0725399 0.0753277 0.0754324 0.0731579 0.0689271 0.0632069 0.0564756 0.0491936 0.041775 0.0345672 0.0278369 0.0217653 0.0164573 0.0119616 0.0082908 0.00542887 0.00332509
 0.00956656 0.0152166 0.022302 0.030575 0.0396846 0.0490954 0.058012 0.0655041 0.0708122 0.0735892 0.0738987 0.0720426 0.0684005 0.0633565 0.0572812 0.0505268 0.0434273 0.0362996 0.0294359 0.0230869 0.0174437 0.01263 0.00870365 0.00566237 0.00344663
 0.00948301 0.0151329 0.022268 0.0306572 0.0399331 0.0494988 0.0584688 0.0658374 0.0708321 0.0731725 0.0730443 0.0708788 0.0671458 0.0622562 0.0565416 0.050264 0.0436436 0.0368925 0.0302383 0.0239223 0.0181754 0.0131868 0.00907716 0.00588485 0.00356482
 0.00908616 0.0145868 0.0216317 0.030053 0.0395193 0.0494191 0.058801 0.0665601 0.0718172 0.0742064 0.0738797 0.0713092 0.0670783 0.0617464 0.0557706 0.0494687 0.0430317 0.0365807 0.0302327 0.0241418 0.0185016 0.0135129 0.00933801 0.00606056 0.00366654
#obs surv len freq
 nan nan nan nan nan nan nan nan nan nan nan nan nan nan nan nan nan nan nan nan nan nan nan nan nan
 0.0044861 0.00734819 0.011179 0.0159961 0.0216974 0.0279733 0.0342873 0.0400182 0.0446971 0.0481598 0.0505165 0.052011 0.052902 0.0534133 0.0537267 0.0539809 0.054259 0.0545514 0.0546899 0.0542817 0.0527199 0.0493522 0.0438024 0.0362831 0.0276675
 0.00462222 0.00757076 0.0115159 0.0164731 0.0223317 0.0287636 0.0352047 0.0410032 0.045668 0.0490292 0.0512073 0.0524684 0.0530982 0.0533479 0.053422 0.0534745 0.0535946 0.053772 0.0538348 0.0533881 0.0518269 0.0485035 0.0430431 0.0356514 0.0271847
 0.00478264 0.0078342 0.0119174 0.0170468 0.0231043 0.0297436 0.0363705 0.0422978 0.0470047 0.0503057 0.0523209 0.0533291 0.053638 0.0535273 0.0532335 0.0529403 0.0527599 0.0526964 0.0525847 0.0520339 0.0504438 0.0471723 0.0418439 0.0346503 0.0264181
 0.00496599 0.00813441 0.0123733 0.0176964 0.0239779 0.0308527 0.0376959 0.0437844 0.0485672 0.0518421 0.0537263 0.0545039 0.0544946 0.0539962 0.0532695 0.0525288 0.0519191 0.051475 0.051058 0.050299 0.048616 0.0453781 0.0402083 0.0332755 0.0253614
 0.00517419 0.00847571 0.0128923 0.0184364 0.0249731 0.0321149 0.0392012 0.0454684 0.050334 0.0535817 0.0553308 0.0558759 0.0555486 0.0546584 0.0534803 0.0522472 0.0511304 0.0501988 0.0493541 0.0482702 0.0464052 0.0431566 0.0381514 0.0315293 0.024011
 0.00540316 0.00885043 0.013461 0.0192459 0.02606 0.0334921 0.0408432 0.0473058 0.0522628 0.0554824 0.0570871 0.0573854 0.0567257 0.0554329 0.053794 0.0520534 0.0503977 0.0489215 0.047567 0.0460631 0.0439284 0.0406101 0.0357533 0.0294689 0.0224048
 0.00563681 0.00923321 0.0140426 0.0200749 0.0271748 0.0349068 0.0425326 0.0491998 0.0542558 0.057453 0.058917 0.05897 0.0579778 0.0562816 0.0541818 0.051933 0.0497322 0.0476918 0.0457885 0.0438066 0.0413363 0.0378916 0.0331517 0.0272057 0.0206239
 0.00588072 0.0096334 0.0146517 0.0209444 0.0283449 0.0363909 0.0443015 0.051176 0.0563245 0.0594848 0.0607884 0.0605761 0.0592345 0.0571238 0.0545591 0.0518045 0.0490642 0.0464628 0.0440039 0.0415234 0.0386845 0.0350774 0.0304277 0.0248121 0.0187249
 0.00611998 0.0100248 0.0152456 0.0217894 0.0294796 0.0378294 0.0460182 0.0530994 0.0583466 0.0614803 0.0626349 0.0621663 0.0604819 0.0579626 0.0549408 0.0516925 0.0484296 0.045286 0.0422873 0.0393144 0.0360998 0.0323113 0.0277271 0.0224197 0.0168129
 0.0063653 0.0104266 0.0158555 0.0226572 0.0306431 0.0392988 0.0477608 0.0550345 0.0603578 0.0634384 0.0644194 0.0636768 0.0616409 0.0587131 0.0552428 0.0515176 0.0477568 0.044102 0.0405972 0.0371617 0.0335909 0.0296259 0.0250985 0.0200819 0.0149364
 0.00660176 0.0108133 0.0164417 0.0234903 0.0317592 0.0407085 0.0494337 0.0568941 0.0622913 0.0653183 0.0661247 0.0651065 0.0627186 0.059387 0.0554804 0.0512997 0.0470718 0.0429449 0.0389776 0.035122 0.0312285 0.0271041 0.0226305 0.0178839 0.0131677
 0.00682213 0.0111773 0.017 0.0242929 0.0328452 0.0420891 0.0510759 0.0587158 0.0641741 0.0671315 0.0677474 0.066441 0.0636941 0.059958 0.0556229 0.0510049 0.0463397 0.0417823 0.0374029 0.0331803 0.0290107 0.0247575 0.0203456 0.0158538 0.0115354
 0.00704756 0.0115463 0.0175601 0.0250897 0.0339132 0.0434375 0.0526731 0.0604838 0.0659981 0.0688812 0.069299 0.0676928 0.0645738 0.0604237 0.0556589 0.0506146 0.0455375 0.0405891 0.035849 0.0313168 0.026925 0.0225827 0.0182492 0.0140037 0.0100537
 0.00726473 0.0119006 0.0180953 0.0258468 0.034922 0.0447032 0.0541629 0.0621226 0.0676789 0.070485 0.0707145 0.0688279 0.065361 0.0608211 0.0556491 0.0502007 0.044738 0.0394325 0.0343747 0.0295818 0.0250148 0.0206177 0.0163751 0.0123625 0.0087466
 0.00741231 0.0121501 0.0184886 0.0264284 0.0357294 0.0457511 0.0554289 0.0635421 0.0691555 0.0719104 0.0719871 0.0698638 0.0660977 0.061218 0.0556857 0.0498744 0.0440611 0.0384309 0.0330875 0.0280663 0.023353 0.0189183 0.0147645 0.0109601 0.00763487
 0.007523 0.0123258 0.0187461 0.0267832 0.0361961 0.0463431 0.0561537 0.0643951 0.0701131 0.0729269 0.072997 0.0707898 0.0668629 0.0617566 0.0559502 0.0498374 0.0437144 0.0377842 0.0321692 0.0269256 0.0220636 0.0175775 0.0134823 0.00983875 0.00674428
 0.00762338 0.0124841 0.0189751 0.0270912 0.0365853 0.0468079 0.0566802 0.0649628 0.0707012 0.0735193 0.0735821 0.0713536 0.06738 0.062187 0.056244 0.0499453 0.0435984 0.0374253 0.0315718 0.0261207 0.0211096 0.0165566 0.0124893 0.00896178 0.00604394
 0.00768229 0.0125797 0.0191183 0.0272918 0.0368492 0.0471342 0.057058 0.0653716 0.0711157 0.073917 0.0739495 0.0716869 0.0676799 0.0624499 0.056454 0.0500725 0.0436041 0.0372729 0.0312399 0.0256133 0.0204607 0.0158276 0.0117577 0.00830254 0.00551073
 0.00771644 0.0126289 0.0191813 0.0273642 0.0369271 0.0472171 0.0571513 0.0654854 0.0712598 0.0740966 0.0741621 0.0719237 0.0679289 0.062698 0.0566864 0.050269 0.0437368 0.0373091 0.0311501 0.025383 0.0201007 0.0153761 0.0112725 0.00784551 0.00513006
 0.00775814 0.0126901 0.0192607 0.027456 0.0370215 0.0473029 0.057219 0.06553 0.0712839 0.0741112 0.0741845 0.0719715 0.0680132 0.0628192 0.056834 0.0504238 0.0438735 0.0373984 0.0311632 0.0252991 0.019916 0.015109 0.0109613 0.0075365 0.00486328
 0.00781621 0.012778 0.0193805 0.0276044 0.0371897 0.0474772 0.0573817 0.0656616 0.0713678 0.0741389 0.0741601 0.0719115 0.0679415 0.0627592 0.0568017 0.0504224 0.043893 0.0374184 0.0311581 0.0252458 0.0198017 0.0149379 0.010754 0.00732388 0.00467478
 0.00784749 0.0128251 0.0194444 0.0276832 0.0372788 0.0475704 0.0574711 0.0657386 0.0714239 0.0741678 0.0741595 0.0718844 0.0678965 0.0627092 0.0567605 0.0504007 0.0438936 0.0374339 0.0311724 0.0252392 0.0197587 0.0148539 0.010638 0.00719493 0.00455406
 0.00786537 0.0128528 0.0194835 0.0277339 0.0373398 0.0476382 0.0575402 0.0658019 0.0714743 0.0741999 0.0741709 0.0718756 0.0678709 0.0626724 0.0567199 0.0503645 0.0438683 0.0374213 0.0311673 0.025231 0.0197354 0.014808 0.010571 0.00711634 0.00447724
 0.00788444 0.0128776 0.0195095 0.0277534 0.0373446 0.0476233 0.0575071 0.0657581 0.0714305 0.0741659 0.074152 0.0718728 0.0678813 0.0626916 0.056744 0.0503912 0.0438969 0.0374512 0.0311967 0.0252549 0.0197472 0.0148024 0.0105473 0.00707969 0.00443623
 0.00788964 0.0128855 0.0195199 0.027765 0.0373542 0.0476258 0.0574958 0.0657274 0.071379 0.0740992 0.0740825 0.071815 0.067847 0.0626858 0.0567642 0.0504303 0.0439468 0.0375048 0.0312482 0.0252993 0.0197797 0.0148198 0.0105489 0.00706843 0.00441788
 0.00789962 0.0128979 0.0195317 0.0277713 0.0373495 0.0476066 0.0574619 0.0656817 0.0713261 0.074043 0.0740267 0.071764 0.0678069 0.0626633 0.0567646 0.0504545 0.0439909 0.0375614 0.0313088 0.025356 0.0198264 0.0148526 0.0105669 0.00707355 0.00441427
 0.00788303 0.0128736 0.0194999 0.0277334 0.0373074 0.047561 0.0574124 0.0656276 0.0712678 0.0739843 0.0739736 0.0717235 0.0677843 0.0626619 0.0567851 0.0504961 0.0440506 0.0376342 0.0313875 0.0254326 0.0198936 0.0149053 0.0106031 0.00709453 0.00442358
 0.00788739 0.0128737 0.0194873 0.0276969 0.037237 0.0474534 0.0572751 0.0654781 0.0711277 0.0738718 0.0738986 0.0716881 0.0677855 0.0626948 0.0568446 0.050577 0.0441474 0.0377407 0.0314966 0.0255369 0.019986 0.0149805 0.0106586 0.00713128 0.00444491
 0.00787948 0.0128611 0.0194684 0.0276695 0.0371971 0.0473955 0.0571929 0.0653682 0.0709935 0.0737257 0.0737611 0.071581 0.0677252 0.0626874 0.0568864 0.0506579 0.0442552 0.0378635 0.0316238 0.0256591 0.0200953 0.0150711 0.0107277 0.00717918 0.00447482
 0.00784402 0.012804 0.0193838 0.027553 0.0370476 0.0472171 0.0569965 0.0651698 0.0708108 0.0735738 0.0736499 0.0715167 0.0677121 0.062728 0.0569799 0.0507978 0.0444295 0.0380566 0.0318199 0.025844 0.0202583 0.0152051 0.0108299 0.007251 0.0045209
 0.0078481 0.0128045 0.0193733 0.0275207 0.0369824 0.0471117 0.0568515 0.0649954 0.0706242 0.0733951 0.0734975 0.0714042 0.0676475 0.0627144 0.0570164 0.0508807 0.0445519 0.0382079 0.0319864 0.0260111 0.0204124 0.0153361 0.0109326 0.00732478 0.00456928
 0.00778568 0.0127106 0.019246 0.0273626 0.036799 0.0469093 0.0566362 0.0647746 0.0704087 0.0732002 0.0733418 0.0713055 0.0676182 0.0627583 0.0571287 0.05105 0.0447629 0.0384442 0.0322312 0.0262478 0.0206264 0.0155165 0.0110734 0.00742607 0.00463597
 0.00777077 0.0126785 0.0191837 0.0272546 0.0366329 0.0466835 0.0563654 0.0644876 0.0701399 0.0729779 0.0731818 0.0712123 0.0675906 0.062794 0.0572249 0.0512014 0.0449601 0.0386732 0.032475 0.0264888 0.0208483 0.0157063 0.0112237 0.00753566 0.00470903
 0.00775333 0.0126488 0.0191359 0.0271815 0.0365258 0.046534 0.0561685 0.0642461 0.0698679 0.0727013 0.0729341 0.0710255 0.0674866 0.0627801 0.0572956 0.0513436 0.0451575 0.0389083 0.0327295 0.0267437 0.0210857 0.0159117 0.0113881 0.00765655 0.00479034
 0.00933034 0.0148558 0.0217986 0.0299174 0.038856 0.04806 0.056712 0.0638752 0.0688145 0.0712429 0.0713076 0.069398 0.0659633 0.0614225 0.0561349 0.0503885 0.0444005 0.0383313 0.0323087 0.0264526 0.0208969 0.0157988 0.011327 0.00762763 0.00477899
 0.00929906 0.0150979 0.0226795 0.0318915 0.0422687 0.0528808 0.0623653 0.0693336 0.0729654 0.0733267 0.0711687 0.067427 0.062827 0.0577793 0.0524725 0.046997 0.0414185 0.0358059 0.0302379 0.0248098 0.0196414 0.0148805 0.0106895 0.00721125 0.00452539
 0.00896206 0.0145675 0.0219352 0.0309824 0.0413667 0.0523164 0.0625881 0.0707521 0.075702 0.0770362 0.0750807 0.0706387 0.0646794 0.058086 0.05149 0.0452129 0.0393219 0.0337539 0.0284315 0.0233296 0.0184956 0.0140396 0.0101061 0.00683101 0.00429446
 0.00880036 0.0142942 0.0215054 0.0303508 0.0405049 0.0512451 0.0614177 0.0697111 0.0751185 0.0772477 0.0762816 0.0727364 0.067261 0.0605527 0.0532998 0.0460885 0.0393069 0.0331136 0.0274929 0.0223587 0.0176509 0.0133841 0.00964092 0.00652622 0.00410989
 0.00872938 0.014175 0.021318 0.0300716 0.0401086 0.0507106 0.0607389 0.0689134 0.0742789 0.0765089 0.0758441 0.0728069 0.0679611 0.0618273 0.0548944 0.0476318 0.0404633 0.0337141 0.0275684 0.0220763 0.0172109 0.0129424 0.00928168 0.00627307 0.0039509
 0.00870143 0.0141254 0.0212352 0.0299415 0.0399165 0.0504438 0.060391 0.068486 0.0737843 0.0759762 0.0753296 0.0724032 0.0677883 0.0619958 0.0554451 0.0484893 0.0414422 0.0345886 0.0281682 0.0223478 0.017212 0.0127876 0.00908062 0.00609582 0.00382446
 0.00868847 0.0141021 0.0211958 0.0298784 0.0398212 0.0503087 0.0602107 0.0682589 0.0735131 0.0756681 0.0749994 0.0720783 0.0675148 0.0618385 0.0554726 0.0487427 0.041902 0.0351651 0.0287306 0.0227795 0.0174579 0.0128632 0.00904605 0.00601687 0.00374686
 0.00867169 0.0140784 0.0211665 0.0298464 0.039789 0.0502757 0.0601719 0.0682049 0.073433 0.0755531 0.074846 0.0718915 0.0673107 0.0616469 0.0553357 0.0487065 0.0419977 0.0353891 0.0290363 0.0230927 0.0177088 0.0130155 0.00910419 0.00601234 0.00371556
 0.00867148 0.0140753 0.021157 0.0298261 0.0397545 0.0502272 0.060114 0.0681454 0.0733782 0.0755041 0.0747969 0.0718326 0.0672344 0.0615542 0.0552403 0.0486339 0.0419778 0.0354428 0.029163 0.0232658 0.0178859 0.0131576 0.00919217 0.0060497 0.00371971
 0.00867214 0.0140783 0.0211648 0.0298415 0.0397789 0.0502586 0.0601461 0.0681692 0.0733854 0.0754905 0.0747637 0.0717829 0.0671715 0.0614797 0.0551574 0.0485508 0.0419098 0.0354078 0.0291733 0.0233202 0.0179678 0.0132427 0.00925964 0.00609048 0.00373667
 0.00864924 0.0140458 0.0211249 0.0297995 0.0397421 0.0502345 0.0601397 0.0681817 0.0734135 0.0755268 0.0747984 0.0718074 0.06718 0.0614708 0.055133 0.0485161 0.0418726 0.0353789 0.0291633 0.023335 0.0180049 0.0132915 0.00930671 0.00612599 0.00375758
 0.00865254 0.0140448 0.0211121 0.0297649 0.0396776 0.0501389 0.0600232 0.0680642 0.0733182 0.0754718 0.07479 0.0718398 0.067239 0.0615401 0.0551991 0.0485709 0.0419145 0.0354114 0.0291928 0.0233678 0.0180438 0.0133344 0.0093479 0.0061596 0.00378059
 0.00860866 0.0139814 0.0210309 0.0296717 0.0395792 0.0500397 0.0599232 0.0679616 0.0732149 0.0753767 0.0747191 0.0718098 0.0672598 0.0616094 0.0553041 0.0486933 0.0420374 0.0355235 0.02929 0.0234508 0.018115 0.0133954 0.00939838 0.00619848 0.00380758
 0.00861207 0.0139812 0.0210203 0.029642 0.0395233 0.0499567 0.0598211 0.0678554 0.0731199 0.0753026 0.0746676 0.0717788 0.0672485 0.0616203 0.05534 0.0487534 0.0421153 0.0356093 0.0293741 0.0235267 0.01818 0.0134492 0.00944129 0.00623089 0.00383021
 0.00862168 0.0139987 0.0210497 0.0296867 0.0395835 0.0500263 0.0598872 0.0679009 0.0731302 0.0752724 0.0746031 0.0716938 0.0671582 0.061537 0.0552722 0.0487063 0.042091 0.0356062 0.0293872 0.0235495 0.0182066 0.0134751 0.00946403 0.00624916 0.00384362
 0.00862168 0.0139987 0.0210497 0.0296867 0.0395835 0.0500263 0.0598872 0.0679009 0.0731302 0.0752724 0.0746031 0.0716938 0.0671582 0.061537 0.0552722 0.0487063 0.042091 0.0356062 0.0293872 0.0235495 0.0182066 0.0134751 0.00946403 0.00624916 0.00384362
 0.0089842 0.0145701 0.0218734 0.0307842 0.040942 0.0515841 0.0615225 0.0694386 0.0743755 0.0760598 0.0748398 0.0713771 0.0663654 0.0603981 0.0539363 0.0473132 0.0407526 0.0343995 0.0283558 0.0227098 0.0175548 0.0129942 0.00912875 0.00602995 0.00371035
 0.00909814 0.0147931 0.0222773 0.031455 0.0419538 0.0529597 0.0631993 0.0712623 0.0761304 0.077521 0.0758235 0.0717733 0.0661507 0.0596316 0.052742 0.0458519 0.0391898 0.0328789 0.0269828 0.0215474 0.0166278 0.0122974 0.00863661 0.00570503 0.0035112
 0.00914967 0.0148761 0.0224036 0.0316426 0.0422324 0.0533732 0.0637992 0.0720874 0.0771759 0.0787146 0.0770236 0.0727991 0.0668324 0.059858 0.0524869 0.045173 0.0382059 0.0317366 0.0258236 0.0204835 0.0157307 0.0115972 0.00812951 0.00536481 0.0033005
 0.00913671 0.0148573 0.0223799 0.0316173 0.0422124 0.053371 0.0638358 0.0721949 0.0773957 0.0790861 0.077564 0.0734805 0.0675712 0.0605285 0.0529578 0.0453505 0.0380635 0.0313181 0.0252233 0.0198132 0.0150893 0.0110523 0.0077117 0.00507358 0.00311558
 0.00880465 0.0143206 0.0215816 0.0305166 0.0408047 0.0517141 0.0620692 0.0705315 0.0760782 0.0783238 0.0774795 0.0740866 0.0687757 0.0621562 0.0547838 0.0471421 0.0396263 0.0325321 0.0260562 0.0203073 0.0153303 0.0111342 0.00771288 0.00504588 0.00308604
 0.00874512 0.0141823 0.021297 0.0299982 0.039968 0.0505148 0.0605389 0.0687919 0.0743256 0.0767899 0.0763842 0.0735938 0.0689599 0.0629864 0.0561291 0.0487999 0.0413664 0.0341459 0.0273971 0.0213104 0.0160063 0.0115444 0.00793633 0.00515493 0.00313359
 0.00870728 0.0141184 0.0211938 0.0298345 0.0397105 0.0501164 0.0599454 0.0679616 0.0732577 0.0755506 0.0751136 0.0724828 0.0682038 0.0627301 0.0564267 0.0496 0.0425265 0.0354722 0.0286949 0.02243 0.0168688 0.0121411 0.00830842 0.00536452 0.00324051
 0.0088876 0.0144013 0.0215988 0.030368 0.0403585 0.0508351 0.0606531 0.0685404 0.073573 0.0754864 0.0746127 0.0715771 0.067021 0.0614693 0.0553065 0.0487969 0.042127 0.0354571 0.0289608 0.0228359 0.0172853 0.0124839 0.00854617 0.00550569 0.00331243
 0.00911084 0.014778 0.0221887 0.0312288 0.0415243 0.0522871 0.0622944 0.0701955 0.0750199 0.0765088 0.075049 0.0713517 0.0661572 0.0600884 0.0536093 0.0470253 0.0405094 0.0341556 0.0280407 0.0222694 0.0169857 0.0123489 0.00849251 0.00548267 0.0032978
#pred catch len freq
 0.00493756 0.00779938 0.0113482 0.0154806 0.0201234 0.0252137 0.0306247 0.0361325 0.0414646 0.0463764 0.0506939 0.0543218 0.0572332 0.0594424 0.0609569 0.0617319 0.0616569 0.0605808 0.0583525 0.0548548 0.0500278 0.0439088 0.0367094 0.0288892 0.0211385
 0.00520744 0.00813011 0.0116513 0.0156204 0.0199699 0.024717 0.0298629 0.035291 0.0407465 0.0458957 0.0504178 0.0540947 0.0568654 0.0588147 0.0600932 0.0608098 0.0609504 0.0603536 0.0587463 0.0558232 0.0513528 0.0452938 0.0378969 0.0297424 0.0216527
 0.00559882 0.00873227 0.0124863 0.0166656 0.0211413 0.0258598 0.0307664 0.0357441 0.0406261 0.0452363 0.049404 0.052964 0.055784 0.0578143 0.0591099 0.059789 0.059937 0.0595025 0.0582476 0.0557931 0.0517619 0.0459767 0.0386343 0.0303578 0.022067
 0.00589322 0.00920666 0.0131931 0.0176525 0.0224415 0.0274727 0.0326284 0.037702 0.0424366 0.046611 0.0500955 0.0528586 0.0549447 0.0564383 0.0574295 0.0579868 0.0581319 0.0577941 0.0567549 0.0546394 0.0510175 0.0456146 0.0385413 0.0303929 0.0221222
 0.00619471 0.00967398 0.0138568 0.0185334 0.0235574 0.028844 0.0342725 0.0396115 0.0445476 0.0487734 0.0520686 0.0543491 0.0556865 0.0562842 0.0564016 0.0562583 0.0559555 0.0554293 0.0544296 0.0525392 0.049275 0.0442914 0.0376196 0.0297954 0.0217515
 0.00653471 0.0101981 0.0145933 0.0194927 0.0247356 0.0302296 0.0358482 0.0413539 0.0464231 0.05073 0.0540185 0.0561476 0.0571273 0.0571291 0.056448 0.0554146 0.0542832 0.0531294 0.0517852 0.0498468 0.0467886 0.042187 0.0359792 0.0286139 0.0209623
 0.00685501 0.0106978 0.015307 0.0204408 0.0259245 0.0316511 0.0374758 0.0431392 0.0482984 0.0526174 0.0558375 0.0578142 0.0585415 0.0581604 0.0569363 0.055201 0.053268 0.0513292 0.0493556 0.0470545 0.0439465 0.039579 0.0338033 0.0269569 0.0198091
 0.00712865 0.0111286 0.0159304 0.0212831 0.027003 0.0329709 0.0390235 0.0448754 0.0501554 0.0545046 0.0576527 0.0594557 0.0599151 0.0591778 0.0575046 0.0552158 0.0526272 0.049973 0.0473174 0.0444911 0.0411218 0.0368024 0.0313485 0.0249976 0.0183956
 0.0074477 0.0116218 0.0166262 0.022195 0.0281322 0.0343109 0.040558 0.0465718 0.0519584 0.0563355 0.0594143 0.0610424 0.061225 0.0601219 0.0580076 0.0552099 0.0520474 0.0487686 0.0454849 0.0421152 0.0383952 0.0340008 0.0287622 0.0228514 0.0167956
 0.00783624 0.0122144 0.0174464 0.0232415 0.0293847 0.0357389 0.0421249 0.0482323 0.0536562 0.0580034 0.0609777 0.0624227 0.0623438 0.0609049 0.0583882 0.0551299 0.0514561 0.0476278 0.043787 0.0399147 0.0358355 0.0313113 0.0262126 0.0206768 0.015132
 0.00820131 0.0127785 0.018241 0.0242772 0.0306519 0.0372094 0.0437504 0.0499431 0.0553664 0.0596227 0.0624238 0.0636281 0.0632556 0.0614816 0.0585939 0.0549301 0.0508164 0.0465189 0.0422006 0.037889 0.0334813 0.0288173 0.0238146 0.0185961 0.0135108
 0.00845717 0.01319 0.0188522 0.0251268 0.0317667 0.0385937 0.045373 0.0517306 0.0572087 0.0613915 0.0639937 0.0648954 0.0641498 0.0619666 0.058661 0.0545839 0.0500622 0.0453586 0.0406421 0.0359688 0.0312899 0.0265101 0.021592 0.0166536 0.0119819
 0.00888269 0.0138268 0.0197105 0.0261864 0.0329915 0.0399522 0.0468472 0.0533058 0.0588512 0.0630296 0.0655165 0.0661722 0.0650605 0.0624292 0.0586431 0.0540958 0.0491394 0.0440442 0.0389818 0.0340208 0.0291448 0.0243031 0.0194927 0.0148278 0.0105441
 0.00927594 0.0144325 0.0205584 0.0272791 0.0343035 0.0414305 0.0484146 0.0548693 0.0603206 0.0643367 0.066621 0.0670479 0.0656759 0.0627389 0.0585975 0.0536599 0.0483064 0.0428373 0.0374487 0.0322313 0.0271949 0.0223192 0.0176215 0.0132082 0.00927028
