SBPRF35
9.43776
Curr Bio
561638
B35
759831
F35
0.193237
FOFL
0.147591
OFL
69994.3
Bzero
2.6965e+06
#pred survey bio
 4.24015e+06 4.08401e+06 3.91711e+06 3.68637e+06 3.40618e+06 3.0956e+06 2.79286e+06 2.51026e+06 2.21323e+06 1.98346e+06 1.74666e+06 1.54107e+06 1.3474e+06 1.21012e+06 1.07698e+06 950823 837891 773199 724293 682644 658265 623550 612843 603084 590197 586498 578813 581225 581667 582812 582571 586787 594302 598327 580374 562175 554469 549547 536656 545586 544492 555614 561871 563844 569185 575921 580336 589312 589111 596659 609757 577572 566494 2.07779e+07 1.24654e+07 1.27293e+07 1.35398e+07 1.46836e+07 1.59148e+07 1.70676e+07 1.80594e+07 1.88667e+07 1.94995e+07 1.99829e+07 2.03459e+07 2.06155e+07 2.08144e+07 2.09609e+07 2.10688e+07 2.11483e+07 2.12072e+07 2.12511e+07 2.12839e+07 2.13086e+07 2.13272e+07 2.13414e+07 2.13523e+07 2.13606e+07 2.1367e+07 2.1372e+07 2.13759e+07 2.13789e+07 2.13812e+07 2.1383e+07 2.13845e+07 2.13856e+07 2.13865e+07 2.13872e+07 2.13877e+07 2.13882e+07 2.13885e+07 2.13888e+07 2.1389e+07 2.13892e+07 2.13893e+07 2.13894e+07 2.13895e+07 2.13896e+07 2.13896e+07 2.13896e+07 2.13897e+07 2.13897e+07 2.13897e+07 2.13897e+07 2.13898e+07 2.13898e+07 2.13898e+07 2.13898e+07 2.13898e+07 2.13898e+07 2.13898e+07 2.13898e+07 2.13898e+07 2.13898e+07 2.13898e+07 2.13898e+07 2.13898e+07 2.13898e+07 2.13898e+07 2.13898e+07 2.13898e+07 2.13898e+07 2.13898e+07 2.13898e+07 2.13898e+07 2.13898e+07 2.13898e+07 2.13898e+07 2.13898e+07 2.13898e+07 2.13898e+07 2.13898e+07 2.13898e+07 2.13898e+07 2.13898e+07 2.13898e+07 2.13898e+07 2.13898e+07 2.13898e+07 2.13898e+07 2.13898e+07 2.13898e+07 2.13898e+07 2.13898e+07 2.13898e+07 2.13898e+07 2.13898e+07 2.13898e+07 2.13898e+07 2.13898e+07 2.13898e+07 2.13898e+07 2.13898e+07 0 0 0 0 0 0 0 0 0 0 0 0 0 0 0 0 0 0 0 0 0 0 0 0 0
#obs survey bio
 2.36813e+06 3.59701e+06 5.28769e+06 2.51215e+06 2.30442e+06 3.01792e+06 2.40326e+06 2.03057e+06 1.58531e+06 1.72289e+06 1.93315e+06 1.24961e+06 1.17568e+06 1.04982e+06 1.07404e+06 882701 780533 499606 528900 859478 355354 430691 427557 660700 572532 460036 533483 524079 588111 510428 516729 460711 839129 604269 612061 665349 521294 722068 406099 477758 566431 481605 431678 639034 654586 698563 461302 549822 576812 748856 916006 427414 493296
#pred catch bio
 87545.5 94217.5 156184 214693 262932 280219 287089 323739 283165 305136 288834 286085 241698 241166 235057 221079 176981 161235 151322 132855 138316 115772 113877 114887 105774 108104 98709.6 99768.6 98314.9 98141.4 92762.6 88474.7 89463.6 104477 100224 89776.5 90031 100027 83614.4 92706.4 82363.7 87115.2 91040.3 88281.8 87421.9 90004.3 87236.4 95905.6 89968.5 86252.8 123580 102880 67985 69994.3 89621.4 90315.2 94700 102136 110492 118314 124939 130202 134199 137138 139246 140730 141759 142464 142943 143266 143482 143626 143722 143786 143828 143856 143874 143886 143894 143899 143902 143904 143906 143907 143907 143908 143908 143908 143908 143908 143908 143908 143908 143908 143908 143908 143908 143908 143908 143908 143908 143908 143908 143908 143908 143908 143908 143908 143908 143908 143908 143908 143908 143908 143908 143908 143908 143908 143908 143908 143908 143908 143908 143908 143908 143908 143908 143908 143908 143908 143908 143908 143908 143908 143908 143908 143908 143908 143908 143908 143908 143908 143908 143908 143908 143908 143908 143908 143908 143908 143908 143908 143908 0 0 0 0 0 0 0 0 0 0 0 0 0 0 0 0 0 0 0 0 0 0 0 0 0
#obs catch bio
 0 94017.9 156603 215636 265107 282902 290884 330778 289059 312030 294593 293216 246289 247021 240384 226441 180233 165479 155234 134287 140942 117669 116054 116860 107082 110036 100136 101182 99532.1 99695.4 93843.4 89347.1 90087 105147 100955 89901.8 90392.6 100161 83839.4 93009 81808.8 86867.9 91137.7 88237 87159.4 89617.7 87109.1 95966.6 90115.1 85823.5 123821 103201 67752.9
#pred cpue bio
 4.17144e+06 4.01873e+06 3.85559e+06 3.62692e+06 3.34773e+06 3.03831e+06 2.73678e+06 2.4554e+06 2.16033e+06 1.93214e+06 1.69765e+06 1.49422e+06 1.30293e+06 1.16724e+06 1.03604e+06 912126 801554 738234 690713 650754 627567 594007 583563 574199 561916 558470 551137 553643 554283 555625 555773 560332 568120 572624 555868 538744 530872 524717 511151 519708 519117 530195 536247 538100 543344 549943 554134 562655 562336 569629 582415 551185 540628 1.9892e+07 1.19648e+07 1.21161e+07 1.27684e+07 1.3845e+07 1.50573e+07 1.62057e+07 1.71965e+07 1.80036e+07 1.86363e+07 1.91197e+07 1.94827e+07 1.97523e+07 1.99513e+07 2.00978e+07 2.02056e+07 2.02852e+07 2.03441e+07 2.03879e+07 2.04207e+07 2.04454e+07 2.04641e+07 2.04783e+07 2.04891e+07 2.04975e+07 2.05039e+07 2.05089e+07 2.05127e+07 2.05157e+07 2.0518e+07 2.05199e+07 2.05213e+07 2.05224e+07 2.05233e+07 2.0524e+07 2.05246e+07 2.0525e+07 2.05254e+07 2.05256e+07 2.05258e+07 2.0526e+07 2.05261e+07 2.05263e+07 2.05263e+07 2.05264e+07 2.05265e+07 2.05265e+07 2.05265e+07 2.05266e+07 2.05266e+07 2.05266e+07 2.05266e+07 2.05266e+07 2.05266e+07 2.05266e+07 2.05266e+07 2.05266e+07 2.05266e+07 2.05266e+07 2.05266e+07 2.05267e+07 2.05267e+07 2.05267e+07 2.05267e+07 2.05267e+07 2.05267e+07 2.05267e+07 2.05267e+07 2.05267e+07 2.05267e+07 2.05267e+07 2.05267e+07 2.05267e+07 2.05267e+07 2.05267e+07 2.05267e+07 2.05267e+07 2.05267e+07 2.05267e+07 2.05267e+07 2.05267e+07 2.05267e+07 2.05267e+07 2.05267e+07 2.05267e+07 2.05267e+07 2.05267e+07 2.05267e+07 2.05267e+07 2.05267e+07 2.05267e+07 2.05267e+07 2.05267e+07 2.05267e+07 2.05267e+07 2.05267e+07 2.05267e+07 2.05267e+07 2.05267e+07 2.05267e+07 0 0 0 0 0 0 0 0 0 0 0 0 0 0 0 0 0 0 0 0 0 0 0 0 0
#obs cpue bio
 2.82848e+06 3.77809e+06 3.46848e+06 3.42218e+06 2.9011e+06 2.43078e+06 1.71079e+06 1.90168e+06 1.64328e+06 2.56167e+06 1.3983e+06 1.24418e+06 1.26298e+06 875011 925299 725057 663009 511426 693692 809051 704495 549486 561659 500945 537673 442020 482179 543815 492699 409657 643241 645422 430295 723062 417426 588133 441112 604824 413237 757115 929685 510985 534268 513564 593422 563509 505540 609316 468932 637855 385016 602468 721912
#pred surv len freq
 0.00525225 0.00846667 0.0126289 0.0176833 0.0234906 0.0297603 0.036015 0.0416941 0.0463621 0.0498564 0.052272 0.0538391 0.0548041 0.0553641 0.0556386 0.0556607 0.0553877 0.0547207 0.0535113 0.0515454 0.0485356 0.0441866 0.0383652 0.0313012 0.023658
 0.00533338 0.00852411 0.0125835 0.0174303 0.0229461 0.0289224 0.0350016 0.0407178 0.0456426 0.0495179 0.0522898 0.0540645 0.0550488 0.0554921 0.0556228 0.0555846 0.055399 0.0549574 0.0540319 0.0522962 0.0493718 0.0449384 0.0389104 0.0316058 0.0237665
 0.00567018 0.00902501 0.013245 0.0182044 0.023736 0.0295901 0.0353919 0.0407052 0.0451904 0.0487176 0.0513389 0.0531809 0.0543702 0.0550293 0.0552937 0.0552997 0.0551323 0.0547589 0.0539806 0.0524325 0.0496593 0.0452777 0.0391934 0.0317687 0.0238081
 0.00595646 0.009496 0.0139617 0.0192197 0.025074 0.031216 0.0371845 0.0424541 0.0466351 0.0496203 0.0515646 0.0527451 0.0534277 0.053804 0.053987 0.0540316 0.0539447 0.0536624 0.0529959 0.0515928 0.0489838 0.0447508 0.0387732 0.031415 0.0235035
 0.00623256 0.00993851 0.0146176 0.020133 0.0262825 0.0327423 0.0390173 0.044526 0.0488054 0.0516759 0.053248 0.0538128 0.0537222 0.0533073 0.0528229 0.0524111 0.0520886 0.0517455 0.0511343 0.0498615 0.0474338 0.0434147 0.0376644 0.0305307 0.0228311
 0.00655538 0.0104478 0.0153557 0.0211312 0.0275587 0.0342973 0.0408284 0.0465418 0.0509449 0.0538287 0.0552703 0.0555243 0.0549199 0.0538065 0.0525151 0.0513077 0.0503223 0.0495268 0.0486915 0.047395 0.0450998 0.0413266 0.0358974 0.0291232 0.021784
 0.00687252 0.0109527 0.016096 0.0221444 0.0288667 0.0358975 0.0426843 0.0485799 0.0530659 0.0559248 0.0572372 0.0572584 0.0563051 0.0547065 0.0527863 0.0508373 0.0490758 0.0475776 0.0462141 0.0446263 0.0422888 0.038694 0.0336105 0.0272817 0.0204157
 0.00712958 0.0113699 0.016723 0.0230278 0.0300427 0.0373793 0.0444479 0.0505582 0.0551561 0.0580076 0.0591956 0.058988 0.0577141 0.0557065 0.0532817 0.0507269 0.0482748 0.046057 0.0440376 0.0419616 0.0393838 0.0358259 0.0310276 0.0251563 0.0188204
 0.00743627 0.0118577 0.0174375 0.0240062 0.0313094 0.0389383 0.0462726 0.0525843 0.0572849 0.0601197 0.0611669 0.060704 0.059078 0.0566404 0.0537206 0.050609 0.0475398 0.0446628 0.0419948 0.039369 0.0364409 0.0328067 0.0282191 0.022788 0.0170134
 0.00766721 0.0122252 0.0179767 0.0247461 0.0322704 0.0401276 0.0476766 0.0541646 0.0589803 0.0618533 0.062854 0.062256 0.0604054 0.057656 0.054343 0.0507633 0.0471589 0.0436953 0.0404262 0.0372528 0.033923 0.0301193 0.0256356 0.0205511 0.0152721
 0.00798599 0.0127273 0.0187019 0.0257207 0.0335025 0.0416012 0.0493447 0.0559476 0.0607772 0.0635609 0.0643837 0.0635409 0.0613971 0.0583165 0.0546359 0.0506483 0.0465912 0.0426329 0.0388491 0.0351926 0.0314905 0.0275104 0.0230993 0.0183253 0.0135163
 0.00827786 0.0131921 0.0193835 0.026653 0.034703 0.0430615 0.0510196 0.0577519 0.0625962 0.0652719 0.0658782 0.0647377 0.062246 0.0587937 0.0547336 0.0503621 0.0459104 0.0415402 0.0373338 0.033277 0.0292587 0.0251211 0.0207653 0.0162601 0.0118716
 0.00865163 0.0137748 0.0202141 0.0277517 0.0360692 0.044671 0.0528184 0.0596523 0.0644831 0.0670188 0.0673663 0.0658721 0.0629649 0.0590708 0.0545735 0.0497887 0.0449522 0.0402206 0.0356739 0.0313127 0.0270662 0.0228328 0.0185589 0.0143172 0.0103241
 0.00888076 0.0141423 0.0207578 0.0285029 0.0370469 0.0458724 0.0542098 0.0611665 0.0660291 0.0684979 0.0686867 0.066955 0.063746 0.0595025 0.0546274 0.0494572 0.044246 0.039163 0.0342975 0.0296655 0.0252246 0.0209124 0.0167072 0.0126839 0.0090187
 0.00910216 0.0145008 0.0212943 0.0292541 0.0380375 0.0471034 0.0556457 0.0627313 0.0676152 0.0699868 0.0699699 0.0679481 0.0643942 0.0597786 0.0545266 0.0489905 0.0434354 0.0380392 0.0329013 0.0280524 0.0234735 0.0191297 0.0150199 0.0112149 0.0078545
 0.00932581 0.0148601 0.0218272 0.0299932 0.0390042 0.0482985 0.0570382 0.0642526 0.0691654 0.0714497 0.0712317 0.068913 0.0649956 0.0599838 0.0543356 0.0484283 0.0425423 0.0368632 0.0314959 0.0264807 0.0218142 0.0174805 0.0134896 0.00990338 0.00682717
 0.00963092 0.01533 0.0224861 0.0308471 0.0400424 0.0494958 0.0583537 0.0656272 0.070523 0.0727046 0.0722979 0.0697142 0.0654727 0.0601013 0.0540847 0.0478266 0.0416283 0.0356895 0.0301244 0.024981 0.0202662 0.0159743 0.0121183 0.00874685 0.00593313
 0.00964745 0.0153728 0.0225798 0.0310247 0.0403373 0.0499299 0.0589275 0.0663184 0.0712938 0.0735126 0.0731012 0.0704692 0.0661296 0.060604 0.054378 0.047867 0.0413943 0.0351869 0.0293853 0.0240611 0.0192391 0.0149258 0.0111357 0.00790372 0.00527467
 0.00951596 0.015185 0.0223466 0.0307759 0.040118 0.0497913 0.0589174 0.0664723 0.0716269 0.0740146 0.0737363 0.071183 0.0668594 0.0612868 0.0549539 0.0482817 0.0416038 0.0351647 0.0291307 0.0236022 0.0186313 0.0142435 0.0104593 0.0073034 0.00479611
 0.00965438 0.0153601 0.0225195 0.0308836 0.0400957 0.049606 0.0585931 0.0660893 0.0712945 0.073831 0.0737586 0.0714167 0.0672659 0.0618003 0.0554979 0.0487812 0.0419933 0.0353948 0.0291738 0.0234583 0.01833 0.013839 0.0100184 0.00688973 0.00445491
 0.00979742 0.0155719 0.0227972 0.0312043 0.0404151 0.0498612 0.0587128 0.0660145 0.0710062 0.0733726 0.0732331 0.0709546 0.0669779 0.0617398 0.0556509 0.049082 0.0423515 0.0357215 0.0293999 0.0235453 0.0182741 0.0136676 0.00977976 0.00663711 0.00423148
 0.00997533 0.0158563 0.0232146 0.0317718 0.0411313 0.0506944 0.0595908 0.0668261 0.071622 0.0736805 0.073176 0.0705531 0.0663267 0.0609779 0.0549165 0.0484708 0.0418975 0.0354028 0.0291633 0.0233344 0.0180505 0.0134206 0.00952256 0.00639528 0.00402911
 0.00993543 0.0157981 0.0231406 0.0316921 0.041065 0.0506692 0.0596387 0.066973 0.0718731 0.0740073 0.0735162 0.0708281 0.0664725 0.060972 0.0547867 0.0482804 0.0417141 0.0352693 0.0290854 0.0232886 0.0180043 0.0133514 0.00942706 0.00628617 0.00392503
 0.00987795 0.015712 0.0230249 0.0315515 0.0409093 0.0505131 0.0595015 0.0668789 0.0718483 0.0740735 0.07368 0.0710718 0.0667527 0.0612316 0.0549763 0.048378 0.0417311 0.0352391 0.029042 0.0232504 0.017971 0.0133137 0.00937802 0.00622769 0.00386567
 0.00997288 0.0158419 0.0231755 0.0316946 0.0410117 0.0505495 0.0594653 0.0667842 0.0717235 0.0739513 0.0735892 0.0710317 0.0667688 0.0612929 0.055057 0.0484467 0.0417633 0.0352273 0.0289956 0.0231868 0.0179047 0.0132513 0.00932037 0.00617477 0.00381922
 0.00993426 0.0157919 0.0231229 0.0316527 0.0409915 0.0505501 0.05947 0.0667659 0.0716595 0.0738387 0.0734504 0.0709057 0.0666949 0.0612947 0.0551349 0.0485795 0.0419185 0.0353726 0.0291098 0.0232626 0.0179462 0.013267 0.00931903 0.00616336 0.0038034
 0.00992835 0.0157819 0.0231077 0.0316328 0.0409702 0.0505352 0.0594717 0.0667919 0.071708 0.0738943 0.073489 0.0709073 0.066656 0.0612313 0.0550742 0.0485452 0.0419195 0.035402 0.0291512 0.0232999 0.0179698 0.0132751 0.00931495 0.00615232 0.00379014
 0.00987712 0.0156968 0.0229765 0.0314445 0.0407191 0.0502266 0.0591276 0.0664509 0.0714175 0.0736977 0.0734121 0.0709514 0.0667995 0.0614408 0.0553176 0.0488001 0.0421739 0.0356481 0.02938 0.0235006 0.0181328 0.0133961 0.00939612 0.00620097 0.00381569
 0.00980863 0.0155961 0.0228445 0.0312873 0.040545 0.0500415 0.0589324 0.0662452 0.0712058 0.0734955 0.0732457 0.0708505 0.0667864 0.0615214 0.0554791 0.0490176 0.0424193 0.0358977 0.0296164 0.0237113 0.0183091 0.0135331 0.00949384 0.00626423 0.00385247
 0.00964347 0.0153523 0.0225239 0.0309087 0.0401398 0.0496456 0.0585793 0.0659606 0.0710053 0.073383 0.0732157 0.0708941 0.066897 0.0616964 0.055716 0.049308 0.042746 0.0362372 0.0299441 0.0240067 0.0185582 0.0137292 0.00963715 0.00636061 0.00391161
 0.00955962 0.0152111 0.0223035 0.0305893 0.0397118 0.0491214 0.0580006 0.0653952 0.0705294 0.0730576 0.0730696 0.0709216 0.0670689 0.0619749 0.0560666 0.0497037 0.0431655 0.0366606 0.0303508 0.0243764 0.0188742 0.0139817 0.00982458 0.00648903 0.00399227
 0.0094464 0.015035 0.0220527 0.0302568 0.0392953 0.0486234 0.057433 0.0647848 0.0699226 0.072518 0.0726664 0.0707123 0.0670815 0.0622009 0.0564662 0.0502209 0.0437432 0.03725 0.0309137 0.0248843 0.019307 0.0143282 0.0100833 0.00666795 0.00410596
 0.00923804 0.0147204 0.0216242 0.0297236 0.0386803 0.047958 0.056753 0.0641286 0.0693294 0.072025 0.0723081 0.0705196 0.0670802 0.0624047 0.0568683 0.0507894 0.0444253 0.0379828 0.0316366 0.0255479 0.0198771 0.0147866 0.0104271 0.00690688 0.00425879
 0.00897453 0.0143215 0.0210796 0.0290445 0.037898 0.0471187 0.0559136 0.0633521 0.0686765 0.0715429 0.0720224 0.0704354 0.0671896 0.0626951 0.0573251 0.0513926 0.0451433 0.0387697 0.0324369 0.0263048 0.0205436 0.0153326 0.010842 0.00719811 0.00444661
 0.00897496 0.014307 0.0210301 0.0289331 0.0376987 0.0468187 0.0555228 0.062904 0.0682175 0.0711185 0.0716666 0.0701676 0.067019 0.0626264 0.0573631 0.0515416 0.0454027 0.0391281 0.0328673 0.0267677 0.0209939 0.015731 0.0111629 0.00743341 0.00460341
 0.00978768 0.01545 0.0224197 0.0303783 0.0389528 0.0476644 0.0558422 0.0626986 0.0675809 0.0701892 0.0705883 0.0690646 0.0659845 0.061721 0.056619 0.0509715 0.0450076 0.0388999 0.0327881 0.0268075 0.0211134 0.0158873 0.0113191 0.00756479 0.00469951
 0.0104408 0.0164785 0.0238962 0.0323234 0.0413028 0.050239 0.0583345 0.0647224 0.0687813 0.0703695 0.0697775 0.0674877 0.0639612 0.0595576 0.0545445 0.0491237 0.043451 0.0376514 0.0318366 0.0261243 0.0206572 0.0156087 0.0111668 0.00749239 0.00467128
 0.010289 0.0163453 0.0239062 0.0326624 0.0421688 0.0517599 0.06049 0.0673104 0.0714474 0.0726891 0.0713648 0.0680982 0.0635543 0.0582936 0.0527149 0.0470523 0.0414106 0.0358243 0.0303158 0.0249355 0.0197823 0.0150045 0.0107773 0.00725979 0.00454333
 0.0100132 0.015942 0.0233893 0.0320916 0.0416561 0.0514658 0.0606033 0.0680013 0.0727956 0.0746145 0.0736049 0.0702623 0.0652398 0.059213 0.0527767 0.0463643 0.0402148 0.0344029 0.0289109 0.0237078 0.0188077 0.0142927 0.0102971 0.00696061 0.00437187
 0.00970385 0.0154462 0.0226596 0.0310976 0.040402 0.0500152 0.0591007 0.0666717 0.0719078 0.0744101 0.0742167 0.071652 0.0671854 0.0613589 0.0547386 0.0478459 0.0410862 0.0347072 0.028808 0.0233922 0.0184416 0.0139755 0.0100676 0.00681671 0.00429269
 0.00982406 0.0155914 0.022784 0.0311244 0.0402402 0.0495893 0.0583824 0.0657009 0.0707979 0.0733377 0.0733935 0.0712753 0.0673753 0.0621044 0.0558837 0.0491331 0.0422441 0.0355427 0.0292565 0.0235084 0.0183462 0.013793 0.00988647 0.00667921 0.0042057
 0.00988215 0.015678 0.0228971 0.0312504 0.0403484 0.0496288 0.0582854 0.0653981 0.0702469 0.0725551 0.0724727 0.0703779 0.0666926 0.0618 0.0560351 0.0496985 0.0430723 0.0364277 0.0300136 0.0240331 0.0186291 0.0138924 0.00988245 0.00663778 0.00416446
 0.0098194 0.0156026 0.0228323 0.0312326 0.0404149 0.0497982 0.0585404 0.0656804 0.0704685 0.0726232 0.0723209 0.0699959 0.0661417 0.0612052 0.0555487 0.0494455 0.0431014 0.0366942 0.0304042 0.0244199 0.0189213 0.0140601 0.00994617 0.0066397 0.00414285
 0.00976662 0.0155218 0.0227217 0.0310977 0.0402719 0.0496759 0.0584771 0.0657129 0.0706129 0.0728572 0.0725805 0.0701935 0.0662014 0.0610983 0.0553116 0.049167 0.0428849 0.0366113 0.0304656 0.0245793 0.0191072 0.0142132 0.0100404 0.00668018 0.00414978
 0.00977768 0.0155257 0.0227017 0.0310307 0.0401359 0.0494618 0.0581993 0.0654119 0.0703468 0.0726842 0.072538 0.0702818 0.0663804 0.0613023 0.0554773 0.0492633 0.0429245 0.0366378 0.0305233 0.0246865 0.0192494 0.0143573 0.0101567 0.00675607 0.00418948
 0.00984753 0.0156246 0.0228226 0.0311554 0.0402376 0.0495101 0.0581676 0.0652848 0.0701284 0.0724026 0.0722431 0.070032 0.066222 0.0612517 0.0555163 0.0493512 0.0430214 0.036723 0.0305992 0.0247661 0.01934 0.0144534 0.0102443 0.00682306 0.00423221
 0.00990075 0.0157119 0.0229546 0.0313399 0.0404748 0.0497865 0.0584516 0.0655293 0.0702823 0.0724273 0.0721272 0.0697969 0.0659161 0.0609342 0.0552383 0.0491408 0.0428804 0.0366367 0.0305501 0.0247431 0.0193382 0.0144684 0.010269 0.00684889 0.00425262
 0.00982722 0.0156092 0.0228318 0.0312171 0.040379 0.049744 0.0584794 0.0656296 0.0704399 0.0726111 0.0722965 0.069913 0.0659556 0.060898 0.0551502 0.049036 0.0427911 0.0365809 0.0305301 0.0247511 0.019364 0.0145028 0.0103048 0.00688064 0.00427697
 0.00981836 0.0155969 0.0228176 0.0312051 0.0403766 0.0497615 0.0585293 0.0657232 0.0705814 0.0727926 0.0724952 0.0700945 0.0660828 0.0609431 0.0551041 0.0489125 0.0426208 0.0363998 0.0303682 0.0246252 0.0192776 0.0144508 0.0102781 0.00687003 0.00427477
 0.00976335 0.0155094 0.0226899 0.0310327 0.0401606 0.0495118 0.0582676 0.0654823 0.0703999 0.0727049 0.0725212 0.0702327 0.0663091 0.0612161 0.0553771 0.0491462 0.042794 0.0365121 0.0304341 0.0246643 0.0193058 0.0144765 0.0103031 0.00689252 0.00429275
 0.00964001 0.0153225 0.0224338 0.0307115 0.0397861 0.0491022 0.0578461 0.0650783 0.0700485 0.072444 0.0723854 0.0702454 0.0664754 0.0615182 0.0557759 0.0495896 0.0432296 0.0368999 0.0307531 0.0249119 0.0194911 0.0146122 0.0104007 0.00696062 0.00433786
 0.00955491 0.0152398 0.0224106 0.0308305 0.040128 0.049704 0.058669 0.066006 0.0709224 0.073115 0.0727569 0.070292 0.0662355 0.0610725 0.0552181 0.0490023 0.0426696 0.0363966 0.0303168 0.0245441 0.0191913 0.0143794 0.0102312 0.00684633 0.00426726
 0.00882094 0.0141671 0.0210239 0.0292404 0.0385134 0.0482728 0.0576172 0.0654829 0.0709978 0.0737548 0.0738243 0.0715852 0.0675499 0.0622553 0.0561935 0.0497623 0.043246 0.0368324 0.030648 0.0247948 0.019377 0.0145117 0.010321 0.00690436 0.0043028
#obs surv len freq
 nan nan nan nan nan nan nan nan nan nan nan nan nan nan nan nan nan nan nan nan nan nan nan nan nan
 0.00448065 0.0073403 0.0111689 0.0159847 0.0216859 0.0279628 0.0342786 0.0400117 0.0446927 0.0481576 0.0505161 0.0520125 0.052905 0.0534176 0.0537321 0.0539871 0.0542658 0.0545586 0.0546974 0.0542893 0.0527272 0.0493592 0.0438086 0.0362883 0.0276714
 0.00462045 0.00756675 0.0115079 0.016459 0.0223097 0.0287337 0.0351692 0.0409664 0.0456351 0.0490043 0.0511925 0.0524635 0.0531018 0.053358 0.0534369 0.0534928 0.0536152 0.0537942 0.053858 0.0534117 0.0518501 0.0485254 0.0430625 0.0356676 0.0271971
 0.00477701 0.00782648 0.0119082 0.0170375 0.0230959 0.0297361 0.0363621 0.0422859 0.0469876 0.0502837 0.052297 0.0533076 0.0536228 0.0535205 0.0532353 0.0529493 0.0527744 0.0527146 0.0526052 0.0520556 0.0504657 0.0471932 0.0418626 0.0346659 0.02643
 0.00497014 0.00814096 0.0123829 0.0177095 0.0239952 0.0308746 0.0377223 0.043814 0.0485972 0.0518678 0.0537426 0.0545075 0.0544852 0.0539766 0.0532446 0.052503 0.0518954 0.0514545 0.0510407 0.0502842 0.0486029 0.0453667 0.0401985 0.0332676 0.0253555
 0.00519414 0.00850649 0.0129355 0.0184923 0.0250405 0.0321913 0.0392825 0.0455492 0.0504084 0.053644 0.0553761 0.0559005 0.0555501 0.0546367 0.0534379 0.0521889 0.0510623 0.0501263 0.0492813 0.0481996 0.0463386 0.0430956 0.0380981 0.0314856 0.0239779
 0.00541317 0.00886705 0.0134865 0.0192826 0.0261093 0.0335538 0.0409144 0.0473814 0.0523364 0.0555479 0.0571399 0.0574227 0.0567457 0.055434 0.0537757 0.0520164 0.0503446 0.0488564 0.0474951 0.0459892 0.0438567 0.040544 0.0356957 0.0294219 0.0223693
 0.00564868 0.00925279 0.0140726 0.020118 0.0272332 0.0349811 0.0426212 0.0492979 0.0543564 0.0575477 0.0589975 0.0590301 0.0580133 0.0562908 0.0541651 0.0518918 0.0496692 0.0476108 0.0456943 0.0437053 0.0412342 0.0377951 0.0330664 0.0271355 0.0205709
 0.00589764 0.00965949 0.0146884 0.0209921 0.0284035 0.0364598 0.0443794 0.0512607 0.0564128 0.0595723 0.0608695 0.0606446 0.0592845 0.0571503 0.0545591 0.0517771 0.0490108 0.0463863 0.043909 0.0414164 0.0385727 0.0349689 0.0303301 0.0247311 0.0186634
 0.00614129 0.01006 0.0152992 0.0218657 0.0295809 0.0379543 0.0461599 0.0532465 0.0584857 0.0615998 0.0627274 0.0622289 0.0605144 0.0579655 0.0549148 0.0516381 0.0483479 0.0451793 0.04216 0.0391727 0.0359521 0.0321675 0.027597 0.0223111 0.0167301
 0.00638827 0.0104634 0.0159099 0.0227324 0.0307414 0.0394206 0.0479031 0.0551904 0.0605165 0.0635867 0.0645442 0.0637676 0.0616917 0.0587229 0.0552138 0.0514539 0.0476627 0.0439817 0.0404553 0.0370046 0.033427 0.0294657 0.0249529 0.0199601 0.0148431
 0.00660746 0.0108272 0.0164713 0.0235448 0.0318477 0.0408355 0.0495958 0.0570797 0.0624835 0.0654997 0.06628 0.0652246 0.0627924 0.059413 0.0554588 0.051234 0.0469678 0.0428096 0.0388183 0.034947 0.0310474 0.026928 0.0224708 0.0177503 0.0130655
 0.00682371 0.0111801 0.0170053 0.0243028 0.0328637 0.0421226 0.0511322 0.0588019 0.0642924 0.0672768 0.0679064 0.0665952 0.0638249 0.0600509 0.0556695 0.0510029 0.0462917 0.041694 0.0372824 0.0330374 0.0288564 0.0246038 0.0202044 0.0157347 0.0114437
 0.00705097 0.0115509 0.0175652 0.0250942 0.0339163 0.0434393 0.0526758 0.0604921 0.0660189 0.068922 0.0693647 0.0677826 0.0646798 0.0605317 0.0557523 0.0506786 0.0455629 0.040573 0.0357945 0.0312317 0.0268201 0.0224701 0.0181413 0.0139102 0.00998063
 0.00729071 0.0119433 0.0181601 0.0259382 0.0350415 0.0448469 0.0543197 0.0622755 0.0678093 0.0705791 0.0707676 0.0688445 0.0653512 0.0607949 0.0556121 0.0501528 0.0446748 0.0393493 0.0342694 0.0294571 0.0248781 0.0204796 0.0162471 0.012254 0.0086631
 0.0074344 0.0121861 0.0185428 0.026505 0.0358313 0.0458791 0.055579 0.0637052 0.0693171 0.0720532 0.0720948 0.0699251 0.0661094 0.0611852 0.0556192 0.0497859 0.043959 0.0383188 0.0329664 0.0279371 0.0232192 0.0187869 0.0146442 0.0108587 0.00755705
 0.00755447 0.0123749 0.0188161 0.0268759 0.0363112 0.0464781 0.0563035 0.0645514 0.0702654 0.0730638 0.073107 0.0708629 0.0668918 0.0617383 0.0558874 0.0497381 0.0435898 0.037645 0.0320236 0.0267793 0.0219214 0.0174444 0.0133644 0.00974149 0.00667056
 0.00758202 0.0124245 0.0188995 0.0270069 0.0365031 0.0467391 0.0566344 0.064947 0.0707196 0.0735734 0.0736692 0.0714665 0.0675068 0.0623125 0.0563532 0.0500266 0.0436461 0.0374397 0.0315577 0.0260852 0.0210599 0.0165 0.0124327 0.00891111 0.00600329
 0.00766332 0.0125425 0.0190513 0.0271821 0.0366884 0.0469254 0.056821 0.0651412 0.0709313 0.0738101 0.0739345 0.07176 0.067824 0.0626407 0.0566658 0.0502813 0.0437905 0.0374243 0.0313511 0.0256854 0.0204996 0.0158415 0.0117553 0.00829167 0.00549761
 0.00770967 0.0126156 0.0191563 0.0273205 0.0368556 0.0471089 0.0570009 0.0652949 0.0710434 0.0738811 0.0739823 0.0718127 0.0679075 0.0627682 0.0568322 0.0504632 0.0439489 0.0375123 0.0313252 0.0255202 0.0201981 0.0154382 0.0113073 0.00786157 0.00513521
 0.00776399 0.0126974 0.0192675 0.0274585 0.0370145 0.0472805 0.0571751 0.0654593 0.0711834 0.0739825 0.0740367 0.0718227 0.0678882 0.0627426 0.0568223 0.0504792 0.0439831 0.0375395 0.0313109 0.0254328 0.0200231 0.0151857 0.0110101 0.00756392 0.0048765
 0.00780715 0.012763 0.0193576 0.0275715 0.0371451 0.0474202 0.057313 0.0655835 0.0712836 0.0740518 0.0740733 0.0718286 0.0678687 0.0627062 0.0567804 0.0504432 0.0439595 0.0375242 0.0312879 0.0253802 0.0199232 0.0150353 0.0108238 0.00736868 0.00470051
 0.0078512 0.0128317 0.0194552 0.0276995 0.0373008 0.0475963 0.0574965 0.0657568 0.0714275 0.0741513 0.0741205 0.0718244 0.0678207 0.062626 0.0566812 0.0503378 0.0438584 0.0374326 0.0312037 0.025294 0.0198237 0.0149159 0.0106883 0.00723027 0.00457579
 0.00787917 0.0128751 0.0195166 0.0277797 0.0373991 0.0477098 0.05762 0.0658824 0.0715451 0.0742501 0.0741911 0.0718601 0.0678194 0.0625901 0.0566173 0.0502553 0.0437673 0.0373411 0.0311158 0.0252089 0.0197369 0.0148238 0.0105913 0.0071344 0.0044901
 0.00789025 0.0128905 0.0195352 0.0277989 0.0374162 0.0477233 0.057631 0.0658943 0.0715627 0.0742771 0.0742284 0.0719051 0.0678657 0.0626301 0.0566441 0.0502651 0.0437601 0.0373198 0.0310842 0.0251697 0.019691 0.0147712 0.0105337 0.00707595 0.00443663
 0.00788694 0.0128821 0.0195169 0.0277648 0.0373607 0.0476443 0.0575322 0.0657863 0.0714608 0.0741981 0.0741863 0.0719079 0.0679133 0.0627145 0.0567512 0.0503787 0.0438661 0.0374083 0.0311506 0.0252131 0.0197129 0.0147744 0.0105221 0.00705507 0.0044124
 0.00789925 0.0128967 0.0195288 0.0277657 0.0373409 0.0475957 0.0574518 0.0656775 0.071334 0.0740688 0.0740725 0.0718269 0.0678782 0.0627302 0.0568138 0.0504763 0.043982 0.0375257 0.0312556 0.0252971 0.0197723 0.0148101 0.0105379 0.0070566 0.00440577
 0.0079113 0.0129172 0.0195609 0.0278117 0.0374002 0.0476624 0.0575135 0.0657176 0.0713367 0.0740258 0.0739873 0.0717143 0.0677595 0.0626273 0.0567431 0.0504454 0.0439886 0.0375599 0.0313039 0.0253464 0.0198133 0.0148379 0.0105524 0.0070604 0.00440305
 0.00788357 0.0128714 0.0194912 0.0277134 0.0372724 0.047511 0.0573526 0.0655672 0.0712165 0.0739479 0.0739531 0.0717169 0.0677895 0.0626786 0.0568142 0.050537 0.0441002 0.0376869 0.0314368 0.0254736 0.0199239 0.0149249 0.0106139 0.00709902 0.0044242
 0.00786838 0.0128432 0.0194422 0.0276345 0.0371553 0.0473524 0.0571579 0.0653522 0.0710053 0.0737677 0.0738271 0.0716585 0.0678003 0.0627492 0.0569294 0.0506817 0.0442621 0.0378564 0.0316056 0.0256326 0.020064 0.0150391 0.0106991 0.00715667 0.00445924
 0.00782807 0.0127766 0.0193401 0.0274879 0.0369577 0.0471033 0.0568661 0.0650375 0.070696 0.073496 0.0736233 0.071546 0.0677912 0.062842 0.0571097 0.0509256 0.0445425 0.038148 0.0318877 0.0258898 0.0202853 0.015218 0.0108336 0.00724987 0.00451822
 0.00782476 0.0127684 0.0193224 0.027454 0.0368998 0.0470139 0.0567405 0.0648754 0.0705034 0.0732854 0.0734135 0.0713604 0.0676538 0.0627726 0.057119 0.0510124 0.044694 0.0383436 0.0321036 0.0261036 0.0204795 0.0153808 0.0109596 0.00733947 0.00457639
 0.0078088 0.0127399 0.0192748 0.0273797 0.0367922 0.0468702 0.0565642 0.0646767 0.070297 0.073087 0.0732376 0.0712192 0.067558 0.0627321 0.0571412 0.0511002 0.0448432 0.0385415 0.0323308 0.0263374 0.0206985 0.0155688 0.0111077 0.0074464 0.00464681
 0.00776532 0.0126741 0.0191848 0.0272665 0.0366588 0.0467201 0.056401 0.0645052 0.070124 0.0729224 0.0730933 0.071107 0.0674879 0.0627108 0.0571724 0.0511848 0.0449786 0.0387206 0.0325407 0.0265603 0.0209145 0.0157601 0.0112626 0.00756072 0.00472351
 0.00773247 0.0126154 0.0190872 0.0271162 0.0364462 0.0464469 0.0560851 0.0641793 0.0698266 0.0726856 0.0729354 0.071032 0.06749 0.0627804 0.0572996 0.0513603 0.0451936 0.0389652 0.0328028 0.0268251 0.0211651 0.0159806 0.0114415 0.00769377 0.00481361
 0.00932593 0.0148456 0.0217778 0.0298799 0.038796 0.047975 0.0566057 0.0637582 0.0687026 0.0711525 0.071251 0.0693793 0.0659778 0.0614599 0.0561848 0.0504448 0.0444621 0.0383996 0.0323841 0.0265324 0.0209755 0.0158693 0.0113843 0.00766948 0.00480646
 0.00930034 0.0151023 0.0226899 0.0319111 0.0422989 0.0529186 0.062402 0.0693568 0.0729634 0.0732945 0.0711108 0.0673558 0.0627569 0.057722 0.0524335 0.046976 0.0414127 0.0358126 0.0302554 0.0248364 0.0196741 0.0149149 0.0107211 0.00723666 0.00454337
 0.00896898 0.0145781 0.02195 0.0310019 0.0413913 0.0523468 0.0626247 0.0707934 0.0757434 0.0770696 0.0750965 0.0706298 0.0646448 0.0580322 0.0514279 0.0451535 0.0392733 0.0337197 0.028412 0.0233232 0.0184996 0.0140503 0.0101197 0.00684419 0.00430502
 0.00878006 0.0142648 0.0214677 0.0303079 0.0404616 0.0512064 0.0613882 0.0696941 0.0751165 0.0772614 0.0763091 0.0727725 0.0672981 0.0605831 0.0533189 0.0460965 0.0393081 0.0331138 0.0274965 0.0223676 0.0176649 0.0134011 0.00965819 0.00654145 0.00412166
 0.00873741 0.0141832 0.0213214 0.0300632 0.0400822 0.0506637 0.0606764 0.0688461 0.0742204 0.0764703 0.0758307 0.0728178 0.0679905 0.0618669 0.0549359 0.0476685 0.040492 0.0337349 0.027584 0.02209 0.0172249 0.012957 0.00929598 0.00628568 0.00396079
 0.00869531 0.0141172 0.0212259 0.0299322 0.0399074 0.0504328 0.0603733 0.0684563 0.0737404 0.075922 0.0752752 0.0723611 0.0677684 0.0620014 0.0554725 0.0485303 0.0414877 0.0346316 0.0282051 0.022378 0.0172366 0.012808 0.00909748 0.00610925 0.00383443
 0.00868891 0.0141044 0.0212023 0.0298922 0.0398453 0.0503444 0.060256 0.0683079 0.0735563 0.0756954 0.075003 0.0720561 0.067472 0.0617856 0.0554214 0.0487018 0.0418747 0.0351497 0.0287235 0.0227772 0.0174581 0.0128649 0.0090487 0.00601997 0.00374986
 0.00867756 0.0140866 0.0211765 0.0298572 0.0397998 0.0502868 0.0601851 0.0682227 0.0734567 0.0755813 0.0748736 0.0719112 0.0673158 0.0616343 0.0553079 0.0486702 0.041961 0.0353581 0.0290139 0.0230785 0.017701 0.0130118 0.00910312 0.0060127 0.00371656
 0.00865841 0.0140578 0.0211374 0.0298089 0.0397444 0.0502274 0.0601245 0.0681634 0.0734 0.075527 0.0748199 0.071855 0.0672546 0.061569 0.0552465 0.0486298 0.041965 0.0354254 0.0291455 0.0232517 0.0178764 0.0131524 0.00918997 0.00604931 0.00372016
 0.00866706 0.0140701 0.0211528 0.0298256 0.0397601 0.0502399 0.0601322 0.0681652 0.0733948 0.0755132 0.0747953 0.0718175 0.067203 0.0615041 0.0551727 0.0485565 0.0419064 0.0353973 0.0291586 0.0233048 0.0179544 0.0132328 0.00925337 0.00608708 0.00373514
 0.00866092 0.0140588 0.0211335 0.0297949 0.0397156 0.0501812 0.0600627 0.068092 0.0733272 0.07546 0.0747623 0.0718058 0.0672094 0.061522 0.0551952 0.048579 0.041929 0.0354248 0.0291977 0.0233591 0.018021 0.0133021 0.00931387 0.00613086 0.00376085
 0.00862369 0.0140067 0.0210703 0.0297291 0.0396572 0.0501374 0.0600346 0.0680753 0.0733154 0.0754485 0.0747511 0.0717983 0.0672099 0.0615331 0.0552162 0.0486069 0.0419607 0.0354588 0.029235 0.0234015 0.0180685 0.0133514 0.00935902 0.00616662 0.00378489
 0.00864005 0.0140239 0.0210797 0.029718 0.0396145 0.0500603 0.0599332 0.0679702 0.0732291 0.0753957 0.0747335 0.0718076 0.0672345 0.0615643 0.0552498 0.048642 0.0419971 0.0354964 0.0292737 0.0234412 0.0181088 0.0133907 0.00939462 0.00619561 0.00380563
 0.00863382 0.0140179 0.0210773 0.0297236 0.0396298 0.0500808 0.0599474 0.0679633 0.0731914 0.0753292 0.0746529 0.0717332 0.0671826 0.0615411 0.055252 0.0486619 0.0420271 0.0355311 0.0293101 0.0234778 0.0181445 0.0134241 0.00942417 0.00621961 0.00382318
 0.00861502 0.0139903 0.0210418 0.0296835 0.0395906 0.0500495 0.0599302 0.0679634 0.0732061 0.07535 0.0746683 0.0717351 0.0671706 0.0615225 0.0552371 0.0486582 0.0420368 0.0355518 0.0293377 0.0235082 0.0181749 0.0134524 0.00944879 0.00623946 0.00383778
 0.00861502 0.0139903 0.0210418 0.0296835 0.0395906 0.0500495 0.0599302 0.0679634 0.0732061 0.07535 0.0746683 0.0717351 0.0671706 0.0615225 0.0552371 0.0486582 0.0420368 0.0355518 0.0293377 0.0235082 0.0181749 0.0134524 0.00944879 0.00623946 0.00383778
 0.00887648 0.0144027 0.0216367 0.0304765 0.0405723 0.0511745 0.0611101 0.0690721 0.0741053 0.0759243 0.0748537 0.0715288 0.0666229 0.0607195 0.054281 0.0476491 0.0410586 0.0346647 0.0285765 0.0228869 0.017692 0.0130962 0.00920092 0.00607802 0.00374017
 0.00883262 0.0143603 0.0216268 0.0305464 0.0407743 0.0515468 0.0616582 0.069761 0.0748639 0.0766601 0.0754706 0.0719453 0.0667877 0.0606211 0.053948 0.0471412 0.0404513 0.0340331 0.0279821 0.0223711 0.0172752 0.0127813 0.00897855 0.00593186 0.00365123
#pred catch len freq
 0.00506907 0.00794685 0.0114457 0.0154206 0.0197777 0.02447 0.029421 0.0344728 0.0394113 0.0440284 0.0481612 0.0517033 0.0546052 0.056864 0.0584979 0.0595169 0.0599061 0.0596186 0.0585589 0.0565506 0.0533222 0.0485793 0.0421945 0.0344316 0.0260262
 0.0051615 0.00803543 0.0114694 0.0152963 0.0194366 0.0239066 0.028723 0.0338008 0.0389297 0.0438237 0.0481999 0.0518531 0.0547059 0.0568074 0.0582796 0.0592389 0.059732 0.0596983 0.0589558 0.0572066 0.0540814 0.0492598 0.0426672 0.0346633 0.0260678
 0.00552926 0.00857587 0.0121713 0.0160997 0.0202346 0.0245606 0.0290906 0.0337786 0.0385015 0.0430875 0.0473413 0.0510654 0.0541006 0.0563774 0.0579376 0.0589022 0.0593897 0.0594184 0.0588328 0.0572894 0.0543327 0.0495733 0.0429267 0.0348006 0.0260824
 0.00586395 0.00910417 0.0129355 0.0171245 0.0215167 0.026053 0.030686 0.035304 0.0397419 0.0438407 0.047487 0.0506141 0.0531914 0.055216 0.0567098 0.0577161 0.0582804 0.0583956 0.057921 0.0565265 0.053739 0.0491286 0.0425807 0.0345056 0.0258179
 0.00620488 0.00963293 0.0136862 0.0181184 0.0227664 0.0275653 0.0324518 0.0372759 0.0418083 0.0458139 0.0491219 0.0516646 0.0534879 0.0547267 0.0555493 0.0560929 0.0564175 0.0564715 0.0560556 0.0547975 0.0521989 0.0478084 0.04149 0.0336371 0.0251561
 0.00658851 0.0102221 0.0145103 0.0191861 0.024072 0.029097 0.034194 0.0392037 0.043876 0.0479404 0.0511754 0.0534567 0.0547915 0.0553269 0.0553116 0.0550149 0.0546318 0.0541997 0.053541 0.0522548 0.0497941 0.0456602 0.0396754 0.0321935 0.0240824
 0.00696923 0.0108104 0.0153395 0.02027 0.0254077 0.0306691 0.0359742 0.0411478 0.045923 0.0500155 0.0531904 0.0553035 0.0563327 0.0563946 0.0557283 0.0546397 0.0534143 0.0522127 0.050972 0.049361 0.046846 0.0428963 0.0372743 0.0302608 0.0226469
 0.00732723 0.0113674 0.0161325 0.0213199 0.026721 0.0322386 0.0377755 0.0431328 0.0480182 0.0521275 0.0552159 0.0571371 0.0578692 0.0575243 0.056331 0.0545899 0.0526081 0.0506113 0.0486425 0.0464872 0.043701 0.0397852 0.0344701 0.0279525 0.0209141
 0.00767456 0.0119053 0.0168935 0.0223211 0.0279668 0.0337254 0.0394886 0.0450388 0.0500578 0.0542139 0.057241 0.0589824 0.0594185 0.0586717 0.0569808 0.0546517 0.0519978 0.0492707 0.0465762 0.0438007 0.0406123 0.036594 0.0314903 0.0254348 0.0189912
 0.00801419 0.0124267 0.0176224 0.0232643 0.0291174 0.0350691 0.0410058 0.0467005 0.0518209 0.0560193 0.0590134 0.0606329 0.0608487 0.0597806 0.0576711 0.054833 0.0515894 0.0482109 0.0448461 0.0414585 0.03782 0.0336105 0.0286201 0.0229488 0.0170556
 0.00841619 0.0130424 0.0184793 0.024365 0.0304438 0.0365894 0.0426761 0.0484635 0.0536062 0.0577494 0.0606113 0.0620278 0.0619768 0.0605831 0.0580906 0.0548103 0.0510642 0.0471301 0.043184 0.0392488 0.0351852 0.0307684 0.0258476 0.0205105 0.0151298
 0.00882162 0.013666 0.0193524 0.0254949 0.031817 0.0381749 0.044426 0.0503083 0.0554566 0.0595045 0.0621722 0.0633098 0.0629172 0.0611423 0.0582461 0.0545458 0.0503598 0.0459617 0.0415375 0.0371485 0.0327253 0.0281264 0.0232617 0.0182195 0.0133039
 0.00924053 0.0143054 0.0202381 0.0266265 0.0331739 0.0397252 0.0461282 0.0521063 0.0572737 0.0612441 0.0637267 0.0645751 0.0638085 0.0616053 0.0582592 0.0541125 0.0494948 0.0446805 0.0398576 0.0351075 0.0304075 0.0256796 0.0208846 0.016116 0.0116228
 0.00958307 0.0148332 0.0209787 0.0275878 0.0343457 0.0410828 0.0476316 0.0536986 0.0588821 0.0627862 0.0651174 0.0657318 0.064656 0.0620823 0.0583257 0.0537529 0.0487163 0.043506 0.0383226 0.0332654 0.0283442 0.0235255 0.0188061 0.0142817 0.0101563
 0.0099202 0.0153551 0.0217161 0.0285531 0.0355339 0.042472 0.0491798 0.0553395 0.0605262 0.0643309 0.0664608 0.0667861 0.0653562 0.0623892 0.0582237 0.0532462 0.0478238 0.0422592 0.0367661 0.0314617 0.0263824 0.0215259 0.016912 0.0126318 0.00884824
 0.0102483 0.0158616 0.0224291 0.0294828 0.0366747 0.0438042 0.0506675 0.0569244 0.0621264 0.0658453 0.0677817 0.0678133 0.0660117 0.0626274 0.0580339 0.0526468 0.0468533 0.0409675 0.0352116 0.0297148 0.0245323 0.019683 0.0151994 0.0111625 0.00769652
 0.0105383 0.0163021 0.0230355 0.0302521 0.0375913 0.0448489 0.0518198 0.0581579 0.0634002 0.0670987 0.068935 0.0687768 0.0666991 0.0629708 0.0579948 0.0522203 0.0460643 0.039864 0.0338573 0.0281863 0.0229198 0.0180899 0.0137332 0.00991624 0.00672766
 0.0105581 0.0163473 0.0231276 0.0304203 0.0378662 0.0452538 0.0523623 0.0588279 0.0641736 0.0679431 0.0698112 0.0696355 0.0674781 0.0635978 0.0583979 0.052342 0.0458739 0.0393634 0.0330804 0.0271948 0.0217972 0.0169339 0.0126435 0.0089776 0.00599261
 0.0104142 0.016143 0.0228761 0.0301558 0.0376387 0.0451181 0.0523671 0.059007 0.0645401 0.0684858 0.0704952 0.0704077 0.0682753 0.064353 0.0590436 0.0528143 0.0461193 0.0393486 0.0328021 0.0266836 0.0211152 0.0161656 0.0118801 0.00829914 0.00545126
 0.0105184 0.0162698 0.0229898 0.0302004 0.0375583 0.0448866 0.0520111 0.0586059 0.0642011 0.0683075 0.0705378 0.0706808 0.0687423 0.0649456 0.059678 0.053405 0.0465895 0.039639 0.0328786 0.0265443 0.0207928 0.0157213 0.0113905 0.00783691 0.00506859
 0.0107343 0.016586 0.0233985 0.0306656 0.0380178 0.0452613 0.0522199 0.0585869 0.0639371 0.0678448 0.0699827 0.0701683 0.0683894 0.0648135 0.0597602 0.0536403 0.0468884 0.03991 0.0330485 0.0265715 0.0206727 0.0154839 0.0110885 0.00752874 0.00480112
 0.0108542 0.0167786 0.0236835 0.031057 0.0385185 0.0458533 0.0528557 0.0591874 0.0644032 0.0680835 0.0699392 0.0698512 0.0678748 0.0642222 0.0592151 0.0532249 0.0466252 0.0397662 0.0329612 0.0264777 0.020532 0.0152876 0.0108563 0.00729442 0.00459676
 0.0108137 0.0167205 0.0236116 0.0309832 0.0384633 0.0458449 0.0529249 0.0593574 0.0646759 0.0684273 0.0702894 0.0701277 0.0680128 0.0641999 0.059064 0.0530135 0.0464264 0.0396254 0.0328829 0.0264341 0.0204857 0.0152134 0.0107506 0.00717207 0.00447933
 0.0107651 0.0166487 0.0235171 0.0308714 0.038344 0.0457309 0.0528319 0.0593049 0.0646856 0.0685183 0.0704676 0.0703758 0.0682873 0.0644433 0.0592265 0.0530748 0.0464022 0.0395545 0.0328039 0.0263672 0.0204299 0.0151571 0.0106853 0.00709911 0.00440771
 0.0108306 0.0167351 0.0236103 0.0309468 0.0383737 0.045696 0.0527319 0.0591591 0.0645271 0.0683831 0.0703865 0.0703676 0.0683546 0.0645692 0.0593777 0.0532116 0.0464937 0.0395902 0.0327933 0.0263297 0.0203819 0.0151067 0.0106343 0.00704854 0.00436079
 0.0108036 0.0167016 0.0235779 0.0309264 0.038373 0.0457118 0.0527464 0.0591454 0.0644634 0.0682673 0.070241 0.070232 0.0682694 0.06456 0.0594464 0.0533378 0.0466438 0.0397305 0.0329011 0.0263976 0.0204146 0.0151138 0.0106251 0.00703044 0.0043396
 0.0107477 0.0166182 0.0234671 0.0307948 0.0382342 0.0455844 0.0526502 0.0590957 0.0644631 0.0683033 0.0702891 0.0702697 0.0682888 0.0645722 0.0594729 0.0533963 0.0467375 0.0398465 0.0330184 0.0264972 0.020486 0.015156 0.0106437 0.00703323 0.00433396
 0.0106896 0.0165251 0.0233296 0.030606 0.037992 0.0452953 0.0523329 0.058782 0.0641931 0.0681154 0.0702084 0.0702999 0.0684127 0.0647605 0.0596969 0.0536363 0.0469827 0.0400892 0.0332486 0.0267018 0.0206533 0.0152803 0.0107267 0.00708239 0.0043592
 0.010599 0.0163925 0.0231569 0.0304031 0.0377722 0.0450687 0.0521037 0.0585505 0.0639637 0.067903 0.0700391 0.070204 0.0684132 0.064863 0.0598875 0.0538878 0.0472646 0.0403754 0.0335196 0.0269435 0.0208557 0.0154377 0.010839 0.00715514 0.00440151
 0.0104067 0.0161112 0.022792 0.0299802 0.0373306 0.0446499 0.0517412 0.0582655 0.0637646 0.0677885 0.0700024 0.0702386 0.0685171 0.0650383 0.0601345 0.0541985 0.0476198 0.0407482 0.0338818 0.0272714 0.021133 0.0156565 0.010999 0.00726283 0.00446761
