SBPRF35
7.78865
Curr Bio
599422
B35
678883
F35
0.224981
FOFL
0.209043
OFL
100499
Bzero
2.22533e+06
#pred survey bio
 4.66183e+06 4.38395e+06 4.12428e+06 3.81611e+06 3.49468e+06 3.1574e+06 2.8084e+06 2.47986e+06 2.18268e+06 1.93843e+06 1.69702e+06 1.4825e+06 1.33329e+06 1.17065e+06 1.02939e+06 909140 820418 758883 703863 666975 645181 623057 593654 584790 584698 584224 575693 569590 569355 569801 582018 575739 574673 567930 572830 554076 538965 533143 538065 526136 533347 538279 541952 548073 556266 562405 560967 564940 575212 567503 562285 539775 534629 539825 564986 572502 561981 529828 507150 489866 517556 542742 567360 599528 2.21588e+07 1.35541e+07 1.38854e+07 1.43913e+07 1.4972e+07 1.55287e+07 1.60107e+07 1.64022e+07 1.6707e+07 1.69381e+07 1.71102e+07 1.72371e+07 1.73303e+07 1.73986e+07 1.74489e+07 1.7486e+07 1.75135e+07 1.7534e+07 1.75494e+07 1.7561e+07 1.75697e+07 1.75764e+07 1.75814e+07 1.75853e+07 1.75882e+07 1.75905e+07 1.75922e+07 1.75936e+07 1.75946e+07 1.75954e+07 1.7596e+07 1.75965e+07 1.75969e+07 1.75971e+07 1.75974e+07 1.75975e+07 1.75977e+07 1.75978e+07 1.75978e+07 1.75979e+07 1.75979e+07 1.7598e+07 1.7598e+07 1.7598e+07 1.75981e+07 1.75981e+07 1.75981e+07 1.75981e+07 1.75981e+07 1.75981e+07 1.75981e+07 1.75981e+07 1.75981e+07 1.75981e+07 1.75981e+07 1.75981e+07 1.75981e+07 1.75981e+07 1.75981e+07 1.75981e+07 1.75981e+07 1.75981e+07 1.75981e+07 1.75981e+07 1.75981e+07 1.75981e+07 1.75981e+07 1.75981e+07 1.75981e+07 1.75981e+07 1.75981e+07 1.75981e+07 1.75981e+07 1.75981e+07 1.75981e+07 1.75981e+07 1.75981e+07 1.75981e+07 1.75981e+07 1.75981e+07 1.75981e+07 1.75981e+07 1.75981e+07 1.75981e+07 1.75981e+07 1.75981e+07 1.75981e+07 1.75981e+07 1.75981e+07 1.75981e+07 1.75981e+07 1.75981e+07 1.75981e+07 1.75981e+07 1.75981e+07 1.75981e+07 1.75981e+07 1.75981e+07 1.75981e+07 1.75981e+07 0 0 0 0 0 0 0 0 0 0 0 0 0 0 0 0 0 0 0 0 0 0 0 0 0
#obs survey bio
 3.2008e+06 4.4728e+06 4.288e+06 2.7505e+06 3.93964e+06 2.65786e+06 2.06979e+06 2.40636e+06 1.93906e+06 1.50197e+06 1.68714e+06 952076 1.63642e+06 494635 1.13624e+06 949219 707768 607182 507708 636097 837490 734185 451211 668344 524211 481689 673177 418321 511231 539606 431641 601875 573340 537998 691125 608529 585112 684394 703575 477396 562874 540215 777420 505777 565125 553690 840265 351604 549414 664220 567168 503394 519705 472663 603168 779037 641011 819215 331937 491064 420911 442280 464860 501362
#pred catch bio
 86975.3 87092.2 156508 198569 245515 290347 305453 307629 286058 305029 297870 252096 270986 254799 234920 204125 177019 167015 146911 130009 126856 130276 111538 103920 103972 109623 106288 101006 100425 90743.9 105684 98647.8 99680.6 85675.3 100915 94896 89216.2 84347 100453 84548.3 86860.6 87678.6 85463.8 84249.5 86779.1 93648.9 89814.3 85883.8 101245 98397.6 112759 98766.4 91241.4 75041.5 89261.4 102553 119084 110678 107398 72793.1 78990 83073.2 81360.1 84530.3 100499 108890 110494 113379 117181 120924 124111 126606 128455 129771 130681 131296 131703 131971 132143 132254 132325 132370 132398 132416 132427 132434 132439 132441 132443 132444 132445 132445 132445 132446 132446 132446 132446 132446 132446 132446 132446 132446 132446 132446 132446 132446 132446 132446 132446 132446 132446 132446 132446 132446 132446 132446 132446 132446 132446 132446 132446 132446 132446 132446 132446 132446 132446 132446 132446 132446 132446 132446 132446 132446 132446 132446 132446 132446 132446 132446 132446 132446 132446 132446 132446 132446 132446 132446 132446 132446 132446 132446 132446 132446 132446 132446 132446 132446 132446 132446 132446 132446 132446 132446 0 0 0 0 0 0 0 0 0 0 0 0 0 0 0 0 0 0 0 0 0 0 0 0 0
#obs catch bio
 0 86774.2 157155 199596 247316 292825 309516 312435 290612 311258 304919 258620 277503 263820 241494 208229 180301 169576 149320 131427 127534 131093 112918 104756 105192 110847 106969 101990 101702 91443.7 107357 100017 100679 85979.4 101268 94748.7 88883.2 83901.1 100038 83983.9 86460.3 87286.2 84750.9 83765.2 86252.5 93183.9 89051.2 85736.5 101069 97499.9 112375 98517.3 91409.1 74836.6 89019.4 101688 117883 109306 107259 72289.5 78933.3 83067.3 81390.5 84513.7
#pred cpue bio
 4.58579e+06 4.31104e+06 4.05348e+06 3.7464e+06 3.42671e+06 3.09154e+06 2.7446e+06 2.41791e+06 2.12259e+06 1.87986e+06 1.64039e+06 1.42789e+06 1.28028e+06 1.12022e+06 981708 864632 778556 719101 666229 631077 610644 589627 561058 552314 552302 552042 544058 538249 537940 538397 550378 544658 544453 538961 544838 527616 512597 505270 508909 497382 504644 509653 513426 519431 527258 533081 531580 535170 544946 537619 532607 510336 504724 509745 534773 542818 532836 501187 478337 460755 487096 511439 534923 565344 2.09177e+07 1.28089e+07 1.30957e+07 1.35398e+07 1.40983e+07 1.46501e+07 1.51312e+07 1.55225e+07 1.58274e+07 1.60584e+07 1.62305e+07 1.63574e+07 1.64506e+07 1.6519e+07 1.65692e+07 1.66063e+07 1.66339e+07 1.66544e+07 1.66697e+07 1.66813e+07 1.66901e+07 1.66967e+07 1.67018e+07 1.67056e+07 1.67086e+07 1.67108e+07 1.67126e+07 1.67139e+07 1.6715e+07 1.67157e+07 1.67164e+07 1.67168e+07 1.67172e+07 1.67175e+07 1.67177e+07 1.67179e+07 1.6718e+07 1.67181e+07 1.67182e+07 1.67182e+07 1.67183e+07 1.67183e+07 1.67184e+07 1.67184e+07 1.67184e+07 1.67184e+07 1.67184e+07 1.67184e+07 1.67184e+07 1.67184e+07 1.67184e+07 1.67184e+07 1.67184e+07 1.67184e+07 1.67184e+07 1.67184e+07 1.67184e+07 1.67185e+07 1.67185e+07 1.67185e+07 1.67185e+07 1.67185e+07 1.67185e+07 1.67185e+07 1.67185e+07 1.67185e+07 1.67185e+07 1.67185e+07 1.67185e+07 1.67185e+07 1.67185e+07 1.67185e+07 1.67185e+07 1.67185e+07 1.67185e+07 1.67185e+07 1.67185e+07 1.67185e+07 1.67185e+07 1.67185e+07 1.67185e+07 1.67185e+07 1.67185e+07 1.67185e+07 1.67185e+07 1.67185e+07 1.67185e+07 1.67185e+07 1.67185e+07 1.67185e+07 1.67185e+07 1.67185e+07 1.67185e+07 1.67185e+07 1.67185e+07 1.67185e+07 1.67185e+07 1.67185e+07 1.67185e+07 1.67185e+07 0 0 0 0 0 0 0 0 0 0 0 0 0 0 0 0 0 0 0 0 0 0 0 0 0
#obs cpue bio
 3.27302e+06 3.59951e+06 3.72863e+06 2.30642e+06 2.66968e+06 4.10595e+06 1.97938e+06 1.97794e+06 1.6739e+06 1.9557e+06 1.15418e+06 971642 1.36872e+06 940405 937233 836108 665652 903927 622179 674740 604047 487245 352732 534630 406194 663216 539846 471693 438879 527590 503173 392825 716665 591434 631386 618968 592184 420524 499084 570216 494760 548606 538665 495770 577649 578690 502055 460225 746168 712063 449058 479582 424331 627855 661394 624986 598886 400671 490595 525725 484587 610039 568504 732440
#pred surv len freq
 0.0045728 0.00741128 0.0111355 0.0157352 0.0211281 0.0270898 0.0332143 0.0389966 0.0440092 0.0480362 0.0510779 0.0532693 0.0547943 0.0558275 0.0564939 0.0568456 0.0568627 0.0564678 0.0555252 0.0538135 0.0510101 0.0467608 0.0408732 0.0335528 0.0254964
 0.00491419 0.00787884 0.0116823 0.0162759 0.0215785 0.0274208 0.0334805 0.0393099 0.0444646 0.0486338 0.0516968 0.0537119 0.054877 0.0554659 0.0557424 0.0558772 0.0559032 0.055711 0.055063 0.0536119 0.0509417 0.0466785 0.0406845 0.0332518 0.0251438
 0.00506419 0.00816167 0.0121735 0.0170526 0.0226815 0.0288073 0.035003 0.040752 0.0456284 0.0494252 0.0521424 0.0538952 0.0548482 0.0552006 0.0551766 0.0549854 0.0547521 0.0544497 0.0538584 0.0525747 0.050091 0.0459643 0.0400437 0.0326568 0.0246113
 0.0052251 0.00841757 0.0125525 0.0175888 0.0234209 0.0298077 0.0363141 0.0423764 0.0474797 0.0513155 0.0538249 0.0551472 0.0555432 0.0553214 0.0547734 0.054126 0.0535086 0.0529176 0.0521686 0.0508723 0.0484954 0.0445432 0.038821 0.031638 0.0238011
 0.00542635 0.008738 0.0130223 0.0182326 0.0242551 0.0308383 0.0375353 0.0437717 0.0490233 0.0529654 0.0555025 0.0567195 0.0568311 0.0561432 0.0550006 0.0537163 0.0525038 0.0514204 0.0503211 0.0488394 0.0464447 0.0426215 0.0371359 0.0302531 0.0227386
 0.00570839 0.00918182 0.0136633 0.019095 0.0253499 0.0321587 0.0390509 0.0454254 0.0507383 0.0546593 0.0570999 0.058152 0.0580239 0.0570006 0.0554072 0.0535623 0.0517231 0.0500216 0.0483961 0.0465501 0.0439957 0.0402251 0.0349773 0.0284616 0.0213724
 0.00600628 0.00966463 0.014387 0.0201099 0.0266906 0.0338281 0.0410039 0.0475643 0.0529263 0.0567485 0.0589585 0.0596805 0.0591568 0.0576955 0.0556261 0.0532588 0.0508463 0.0485419 0.0463411 0.0440299 0.0412026 0.0374035 0.032373 0.0262671 0.019689
 0.00631538 0.0101591 0.0151174 0.0211211 0.0280174 0.0354862 0.0429754 0.0497849 0.055283 0.05909 0.0611165 0.0614958 0.0605037 0.0584948 0.0558425 0.0528826 0.0498758 0.0469793 0.0442121 0.0414165 0.0382674 0.0343831 0.0295336 0.0238387 0.0178075
 0.00665143 0.0106927 0.0158974 0.0221862 0.029392 0.0371729 0.0449447 0.0519685 0.0575775 0.061369 0.063243 0.0633328 0.0619239 0.0593929 0.0561463 0.0525564 0.0489147 0.0454022 0.0420631 0.0387831 0.0353029 0.0313113 0.0266177 0.0213193 0.0158382
 0.00693234 0.0111454 0.0165716 0.0231266 0.0306306 0.0387182 0.0467681 0.0539985 0.0597076 0.0634755 0.0652026 0.0650328 0.0632653 0.0602906 0.0565296 0.0523727 0.0481335 0.0440205 0.0401141 0.0363491 0.0325299 0.0284111 0.0238409 0.0189001 0.0139326
 0.0072496 0.011656 0.0173309 0.0241834 0.0320199 0.0404472 0.0488004 0.0562456 0.0620353 0.0657253 0.0672175 0.0666792 0.064446 0.0609476 0.0566366 0.0519229 0.0471298 0.0424758 0.0380623 0.033865 0.0297477 0.0255279 0.0210925 0.0165085 0.0120472
 0.00750052 0.012071 0.0179688 0.0251047 0.0332754 0.0420602 0.0507463 0.0584418 0.064348 0.0679905 0.0692665 0.0683605 0.0656425 0.061587 0.056692 0.051403 0.0460653 0.0409081 0.036045 0.0314775 0.0271142 0.0228246 0.0185292 0.0142834 0.010294
 0.00769842 0.0123767 0.0184012 0.0256763 0.0339977 0.0429492 0.0518209 0.0597127 0.0658016 0.0695744 0.0708858 0.0698881 0.0669405 0.0625308 0.0571888 0.0514005 0.0455501 0.0398995 0.0345905 0.0296553 0.0250407 0.0206568 0.0164494 0.0124632 0.00885098
 0.00783714 0.0126338 0.0188449 0.0263853 0.0350379 0.0443398 0.0535076 0.0615695 0.0676647 0.0712901 0.0723431 0.0710225 0.0677178 0.0629287 0.0571889 0.0509901 0.0447288 0.0386853 0.0330249 0.027809 0.0230188 0.018598 0.0145105 0.0107881 0.00753458
 0.00793468 0.0127971 0.0191022 0.0267735 0.0356037 0.045135 0.0545753 0.0629195 0.0692484 0.072989 0.0739848 0.0724241 0.0687356 0.0634882 0.0572816 0.0506485 0.0439992 0.0376151 0.0316646 0.0262233 0.0212973 0.0168569 0.01288 0.00938591 0.00643666
 0.00815928 0.0131355 0.0195625 0.0273476 0.0362736 0.0458827 0.0553896 0.0637968 0.0701874 0.0739794 0.0749933 0.0733838 0.0695493 0.0640496 0.0575058 0.0504946 0.0434743 0.0367609 0.0305424 0.0249062 0.0198714 0.0154227 0.0115441 0.00824244 0.00554474
 0.00827305 0.0133264 0.0198595 0.0277776 0.0368515 0.0465981 0.0561985 0.0646284 0.0709662 0.0746535 0.0755482 0.0738337 0.0699115 0.0643197 0.0576494 0.0504592 0.0432122 0.0362505 0.0297969 0.0239717 0.0188198 0.014342 0.0105263 0.00736644 0.00485965
 0.00831593 0.0133909 0.0199483 0.027893 0.0369998 0.0467928 0.0564591 0.0649712 0.0713921 0.0751388 0.0760487 0.0743008 0.0703099 0.0646331 0.0578715 0.0505781 0.0432034 0.0360841 0.0294539 0.0234593 0.0181768 0.0136334 0.00982847 0.00674864 0.00436788
 0.00836076 0.013465 0.0200615 0.0280541 0.0372133 0.0470554 0.0567579 0.0652869 0.0717057 0.0754379 0.0763275 0.0745542 0.0705275 0.0647997 0.0579721 0.0506019 0.0431419 0.0359279 0.0291936 0.0230934 0.0177215 0.0131259 0.00932069 0.00629277 0.00400116
 0.00839296 0.0135041 0.0200963 0.0280681 0.0371908 0.0469913 0.0566645 0.0651919 0.0716431 0.0754357 0.0764002 0.0747018 0.070738 0.065052 0.0582378 0.0508486 0.0433379 0.0360459 0.0292146 0.0230101 0.0175416 0.0128742 0.00903553 0.00601611 0.00376684
 0.00849409 0.0136392 0.0202449 0.0281915 0.0372411 0.0469273 0.0564673 0.0648741 0.071248 0.0750297 0.0760578 0.0744867 0.0706871 0.0651669 0.0584879 0.0511821 0.0436957 0.0363729 0.0294681 0.0231643 0.0175906 0.0128316 0.00892996 0.005883 0.00363806
 0.0086869 0.0139304 0.0206401 0.0286761 0.0377787 0.0474603 0.0569212 0.0651689 0.0713197 0.0748542 0.0756649 0.0739542 0.0701171 0.0646548 0.0580985 0.0509387 0.0435832 0.0363514 0.0294882 0.0231825 0.0175783 0.0127793 0.0088453 0.00578377 0.00354352
 0.00882545 0.014166 0.0210121 0.0292234 0.0385252 0.0483947 0.057979 0.0662315 0.0722363 0.07548 0.0759001 0.0737697 0.0695596 0.0638323 0.0571498 0.0499967 0.0427457 0.0356671 0.0289613 0.0227878 0.0172805 0.0125477 0.00866024 0.00563658 0.00343144
 0.00883895 0.0141779 0.0210138 0.0292064 0.0384907 0.0483644 0.0579981 0.0663553 0.072503 0.0758821 0.0763745 0.074215 0.0698733 0.0639486 0.05706 0.0497458 0.0424088 0.03532 0.0286573 0.0225492 0.0171043 0.0124184 0.00856217 0.00555985 0.00337205
 0.00876352 0.0140655 0.0208631 0.0290214 0.0382781 0.0481311 0.0577531 0.0661166 0.0723051 0.0757749 0.0764078 0.0744127 0.0702131 0.0643627 0.0574598 0.0500572 0.0425979 0.0353961 0.0286567 0.0225125 0.0170601 0.0123793 0.00852992 0.00553272 0.00334902
 0.00867147 0.0139253 0.0206699 0.0287781 0.0379955 0.0478268 0.0574503 0.0658415 0.0720828 0.0756264 0.0763502 0.0744603 0.0703749 0.0646337 0.0578121 0.0504408 0.0429552 0.0356827 0.0288548 0.0226304 0.0171201 0.0124046 0.00853717 0.00553128 0.00334378
 0.00878128 0.0140762 0.0208462 0.0289482 0.0381212 0.0478781 0.0574164 0.0657332 0.0719246 0.0754462 0.0761712 0.0743 0.0702477 0.0645524 0.0577859 0.0504694 0.0430246 0.0357679 0.0289298 0.0226783 0.017138 0.0124002 0.00852147 0.00551325 0.00332832
 0.00886504 0.0142097 0.0210405 0.0292071 0.0384354 0.0482184 0.0577329 0.0659643 0.0720178 0.0753795 0.075963 0.0739999 0.0699157 0.0642401 0.0575268 0.0502787 0.0429022 0.0357021 0.0289017 0.0226678 0.01713 0.0123877 0.00850471 0.00549572 0.00331334
 0.00880864 0.0141338 0.0209559 0.0291345 0.0384009 0.0482446 0.0578296 0.0661225 0.0722089 0.075561 0.0760909 0.0740445 0.0698728 0.0641317 0.0573906 0.0501519 0.04281 0.0356529 0.0288898 0.0226795 0.0171505 0.012406 0.00851583 0.00549972 0.00331281
 0.00882228 0.0141421 0.0209438 0.0290825 0.0382938 0.0480837 0.0576404 0.0659507 0.0721031 0.0755516 0.0761765 0.0741927 0.0700363 0.064268 0.0574772 0.0501903 0.042818 0.0356525 0.0288963 0.0226976 0.0171764 0.0124326 0.00853739 0.00551392 0.0033204
 0.00855732 0.0137577 0.0204503 0.0285169 0.0377065 0.0475195 0.0571267 0.0655023 0.0717376 0.0753014 0.0760849 0.0742952 0.0703379 0.0647337 0.0580412 0.050779 0.0433722 0.0361381 0.0293019 0.0230253 0.0174331 0.0126257 0.00867483 0.005605 0.00337586
 0.00830061 0.0133773 0.019948 0.0279232 0.0370767 0.0469244 0.0566398 0.065184 0.0716188 0.075372 0.0762991 0.0745942 0.0706757 0.0650891 0.0584097 0.0511568 0.0437461 0.0364879 0.0296093 0.02328 0.0176334 0.0127759 0.00878165 0.00567633 0.00341998
 0.00812454 0.0130805 0.0194843 0.0272496 0.0361717 0.045812 0.0554085 0.0639825 0.0706218 0.074729 0.0760904 0.0748147 0.0712488 0.0658998 0.0593412 0.0521142 0.0446632 0.0373222 0.0303342 0.023881 0.0181072 0.0131293 0.00902993 0.00583964 0.00351979
 0.00793172 0.0127913 0.0190923 0.0267596 0.0355912 0.0451426 0.0546463 0.0631333 0.0697243 0.0738691 0.0753924 0.0744057 0.0712131 0.0662483 0.0600104 0.0529933 0.0456311 0.0382759 0.0312016 0.0246201 0.0187006 0.0135781 0.00934834 0.00605033 0.00364899
 0.00776303 0.0125032 0.0186351 0.0260838 0.0346649 0.0439748 0.0533035 0.061735 0.0684123 0.0727713 0.0746008 0.073978 0.0711836 0.0666287 0.0607775 0.0540771 0.0469188 0.0396337 0.0325037 0.025772 0.0196479 0.0143049 0.00986841 0.00639619 0.00386166
 0.00851638 0.0135675 0.0199378 0.0274509 0.0358626 0.0447813 0.0535729 0.0614253 0.0675793 0.0715427 0.0731458 0.0724755 0.0697945 0.0654781 0.0599473 0.0536041 0.046792 0.0397967 0.0328662 0.0262313 0.0201127 0.0147114 0.0101851 0.00661893 0.00400383
 0.00923118 0.0146945 0.0215589 0.0295925 0.0384604 0.0476428 0.0563636 0.0637148 0.0689578 0.0717614 0.0722014 0.0705932 0.0673316 0.0628094 0.0573847 0.0513615 0.0449858 0.0384592 0.0319647 0.0256888 0.0198317 0.0145965 0.0101593 0.00663038 0.00402395
 0.00906364 0.0145452 0.0215619 0.0299496 0.0393881 0.0492847 0.058705 0.0665432 0.0718899 0.0743274 0.0739616 0.0712552 0.0668291 0.0613105 0.0552231 0.0489264 0.0426193 0.0363972 0.0303245 0.0244881 0.0190207 0.014091 0.00986884 0.00647666 0.00394901
 0.00869255 0.013973 0.0207679 0.0289598 0.0382983 0.0482787 0.0580477 0.0665238 0.0727146 0.0760043 0.0762484 0.0737134 0.0689658 0.06274 0.0557767 0.0486705 0.0417905 0.035296 0.0292168 0.0235488 0.0183237 0.0136316 0.00959865 0.00633518 0.0038835
 0.00873656 0.0140119 0.0207663 0.0288648 0.038056 0.0478613 0.0574841 0.0659181 0.0722402 0.0758645 0.0766061 0.0746109 0.0702752 0.0641826 0.0570162 0.0494379 0.0419764 0.034967 0.0285594 0.0227801 0.0176163 0.0130793 0.0092217 0.00610701 0.00376015
 0.00865311 0.0138814 0.0205777 0.0286066 0.0377129 0.0474127 0.0569102 0.065217 0.0714516 0.0750891 0.0760023 0.0743574 0.0705052 0.0649161 0.0581284 0.0506909 0.0431049 0.0357763 0.0289839 0.0228774 0.0175117 0.0129 0.00905416 0.00598803 0.00369103
 0.00858424 0.0137757 0.0204301 0.0284166 0.0374831 0.0471475 0.0566129 0.0648881 0.0710891 0.0746942 0.0755935 0.0739862 0.0702589 0.0648952 0.0584007 0.0512457 0.0438401 0.0365324 0.0296096 0.0232876 0.0177059 0.0129382 0.00901334 0.00592812 0.00364278
 0.00865195 0.0138613 0.0205138 0.0284656 0.037461 0.0470291 0.056396 0.0645943 0.070753 0.0743491 0.0752622 0.073683 0.0700011 0.0647144 0.0583428 0.0513525 0.0441205 0.0369436 0.0300656 0.023694 0.017999 0.013104 0.00907858 0.00593533 0.00362805
 0.00870367 0.013942 0.0206277 0.0286099 0.0376222 0.0471793 0.0564942 0.0645957 0.0706267 0.0740942 0.0749118 0.0732923 0.0696275 0.0644036 0.0581265 0.0512526 0.0441486 0.0370935 0.0303052 0.0239689 0.0182511 0.0132931 0.00919386 0.00599014 0.00364572
 0.00867983 0.0139116 0.0205974 0.0285914 0.0376287 0.0472202 0.0565684 0.0646887 0.0707106 0.0741344 0.0748786 0.0731734 0.0694358 0.0641743 0.0579056 0.0510833 0.0440614 0.0371006 0.0303985 0.0241216 0.0184248 0.0134509 0.00931231 0.00606399 0.00368348
 0.0086457 0.0138613 0.0205317 0.0285157 0.0375532 0.0471585 0.0565362 0.0646992 0.0707693 0.074233 0.0749935 0.073271 0.069484 0.0641558 0.0578258 0.0509684 0.0439485 0.037024 0.0303782 0.0241582 0.0185017 0.0135428 0.0093961 0.00612619 0.0037218
 0.00879727 0.0140792 0.0208069 0.028822 0.0378548 0.0474232 0.0567447 0.0648471 0.0708619 0.0742778 0.0749943 0.0732255 0.0693849 0.0639956 0.0576033 0.0506951 0.04365 0.0367346 0.0301312 0.0239749 0.0183864 0.0134845 0.00937532 0.00612408 0.00372539
 0.00874159 0.0140187 0.0207698 0.0288488 0.037983 0.0476644 0.0570703 0.0651938 0.0711572 0.0744706 0.0750715 0.0732068 0.0693032 0.0638777 0.0574621 0.0505334 0.0434698 0.036545 0.0299488 0.0238186 0.0182695 0.0134098 0.00933593 0.00610813 0.00372146
 0.00852303 0.0136913 0.0203312 0.028321 0.0374129 0.0471203 0.0566323 0.0649373 0.0711287 0.0746674 0.0754398 0.0736641 0.0697706 0.0643032 0.0578236 0.0508276 0.0437002 0.0367166 0.0300692 0.0238994 0.0183243 0.0134502 0.00936862 0.00613506 0.00374224
 0.00863706 0.0138424 0.020496 0.0284584 0.0374779 0.0470853 0.0565045 0.0647595 0.0709642 0.0745743 0.0754488 0.0737676 0.0699285 0.0644612 0.0579355 0.05087 0.0436744 0.0366403 0.0299654 0.0237889 0.018223 0.013368 0.00930959 0.00609763 0.00372146
 0.00883792 0.0141429 0.0208977 0.0289404 0.0379961 0.0475764 0.056894 0.0649782 0.0709705 0.0743752 0.075103 0.0733642 0.0695517 0.0641602 0.0577157 0.0507064 0.0435339 0.0364998 0.0298185 0.0236423 0.0180884 0.0132557 0.00922482 0.00603994 0.0036862
 0.00906364 0.0145166 0.0214705 0.0297574 0.0390793 0.0488992 0.0583608 0.066425 0.0721965 0.0751965 0.0754034 0.073125 0.0688493 0.0631367 0.0565338 0.0495069 0.0424122 0.035505 0.0289679 0.0229375 0.0175251 0.0128261 0.00891564 0.00583247 0.00355765
 0.00886077 0.0142393 0.0211523 0.0294675 0.0389105 0.0489434 0.0586827 0.0670406 0.0730614 0.0762043 0.0764017 0.0739499 0.0693712 0.0632968 0.0563549 0.0490745 0.0418382 0.0348922 0.0283892 0.0224338 0.0171129 0.012507 0.00868294 0.00567401 0.00345791
 0.00864922 0.0138955 0.0206388 0.0287606 0.0380176 0.0479255 0.0576663 0.0662044 0.0725882 0.0762183 0.0769209 0.0748781 0.0705292 0.0644781 0.0573831 0.0498434 0.0423224 0.0351309 0.0284542 0.0223983 0.0170338 0.0124203 0.00860736 0.00561661 0.00341898
 0.00839564 0.0134838 0.0200203 0.0278909 0.0368673 0.0464974 0.056019 0.0644673 0.0709583 0.0749303 0.0761951 0.0748581 0.0712331 0.0657853 0.0590674 0.0516406 0.0440029 0.0365466 0.0295491 0.0231879 0.0175718 0.0127699 0.00882484 0.00574573 0.00349154
 0.00847375 0.0135801 0.0201072 0.0279194 0.0367745 0.0462212 0.0555145 0.0637205 0.0699971 0.0738327 0.075091 0.0739151 0.0706212 0.0656265 0.0593923 0.0523731 0.0449854 0.0375942 0.0305059 0.0239618 0.0181372 0.0131485 0.00905977 0.00588186 0.00356543
 0.00870912 0.0139471 0.0206276 0.028596 0.0375816 0.0470956 0.05635 0.0643781 0.0703347 0.0737476 0.0745564 0.0729958 0.069463 0.0644238 0.0583398 0.0516145 0.0445767 0.0374987 0.0306232 0.0241744 0.018352 0.0133152 0.00916674 0.00594004 0.00359236
 0.00912596 0.0145977 0.0215552 0.0298198 0.0390899 0.0488364 0.0582187 0.0662118 0.0719263 0.0748808 0.0750525 0.0727581 0.0685074 0.0628834 0.0564391 0.0496172 0.0427222 0.0359507 0.0294468 0.0233483 0.0178045 0.0129634 0.00894259 0.0057977 0.00350383
 0.00933961 0.0149495 0.0220924 0.0305876 0.0401204 0.0501313 0.0597316 0.0678417 0.0735274 0.076285 0.0760948 0.0732998 0.0684592 0.0622283 0.0552475 0.0480424 0.0409718 0.0342375 0.0279398 0.0221415 0.0169149 0.0123527 0.00854741 0.0055546 0.00336136
 0.0094629 0.0151492 0.0223929 0.0310138 0.0406966 0.0508764 0.0606505 0.0689145 0.0747007 0.0774698 0.0771732 0.0741414 0.0689438 0.0622709 0.0548186 0.0471808 0.0397832 0.0328765 0.0265752 0.0209172 0.0159203 0.0116149 0.00804423 0.00523717 0.00317536
 0.00925064 0.0148027 0.0218714 0.0302861 0.0397568 0.0497659 0.0594748 0.0678397 0.0739213 0.0771555 0.0774171 0.0749294 0.0701538 0.0637017 0.0562406 0.0483921 0.0406559 0.0333767 0.0267538 0.0208763 0.0157711 0.011445 0.00790324 0.00514049 0.00311796
 0.00934514 0.0149153 0.0219637 0.0302943 0.0396048 0.0493901 0.0588502 0.0669982 0.0729557 0.0762094 0.076659 0.0745128 0.0701721 0.0641551 0.0570315 0.0493538 0.0416035 0.0341613 0.0272972 0.0211772 0.0158836 0.0114443 0.00785547 0.00508776 0.0030784
 0.00943923 0.0150666 0.0221856 0.03059 0.0399576 0.049752 0.059139 0.0671117 0.0728063 0.0757655 0.0759706 0.0737066 0.069416 0.0636058 0.0567859 0.0494216 0.0419112 0.0345852 0.0277118 0.0214953 0.0160743 0.0115239 0.00786374 0.00506444 0.00305005
 0.00909499 0.0145851 0.0216059 0.0299985 0.0394645 0.0494522 0.0590774 0.0672684 0.0731058 0.0761007 0.0762366 0.0738342 0.069397 0.0634966 0.0566833 0.0494202 0.0420621 0.0348777 0.0280837 0.0218661 0.0163793 0.0117341 0.00798469 0.005121 0.00306991
#obs surv len freq
 nan nan nan nan nan nan nan nan nan nan nan nan nan nan nan nan nan nan nan nan nan nan nan nan nan
 0.00448405 0.00734538 0.0111757 0.015993 0.0216952 0.0279725 0.0342881 0.0400203 0.0446999 0.0481629 0.0505193 0.0520133 0.0529037 0.0534143 0.0537272 0.0539811 0.0542589 0.0545511 0.0546895 0.0542813 0.0527194 0.0493518 0.043802 0.0362828 0.0276672
 0.00461459 0.00755896 0.0114994 0.0164518 0.0223062 0.0287356 0.0351764 0.0409775 0.0456477 0.0490162 0.0512023 0.0524706 0.0531063 0.0533602 0.0534372 0.0534914 0.0536126 0.0537906 0.0538538 0.0534071 0.0518454 0.0485209 0.0430585 0.0356643 0.0271945
 0.00477438 0.00782068 0.0118969 0.0170179 0.0230662 0.0296969 0.0363175 0.0422429 0.0469535 0.0502635 0.052292 0.0533153 0.0536391 0.0535415 0.0532581 0.0529724 0.052797 0.0527366 0.0526266 0.0520763 0.0504855 0.0472115 0.0418787 0.0346791 0.0264402
 0.00495895 0.00812362 0.0123582 0.0176768 0.0239537 0.0308239 0.0376624 0.0437465 0.0485263 0.0518006 0.0536878 0.0544728 0.0544745 0.0539894 0.0532765 0.0525483 0.0519487 0.0515119 0.0510996 0.0503429 0.0486599 0.0454197 0.0402455 0.0333064 0.025385
 0.00517402 0.00847447 0.0128886 0.0184287 0.0249595 0.0320947 0.0391749 0.0454376 0.050301 0.0535484 0.0552984 0.0558455 0.0555221 0.0546385 0.05347 0.0522487 0.0511442 0.0502238 0.0493879 0.0483098 0.0464472 0.0431977 0.0381887 0.0315605 0.024035
 0.00540515 0.00885411 0.0134672 0.0192555 0.0260731 0.0335075 0.0408582 0.0473164 0.0522652 0.0554744 0.0570687 0.0573588 0.056694 0.0553996 0.0537629 0.0520282 0.0503814 0.0489158 0.047572 0.046077 0.0439484 0.0406327 0.0357756 0.0294883 0.0224199
 0.00566089 0.00926877 0.0140895 0.0201308 0.0272358 0.0349688 0.0425921 0.0492534 0.0542998 0.0574834 0.0589296 0.0589623 0.0579498 0.0562362 0.0541243 0.0518698 0.0496696 0.0476349 0.0457405 0.0437688 0.0413081 0.0378715 0.0331377 0.0271961 0.0206176
 0.00590249 0.00967019 0.0147094 0.0210282 0.0284578 0.0365301 0.0444568 0.0513304 0.0564593 0.0595847 0.0608454 0.0605892 0.0592076 0.0570629 0.0544714 0.0516979 0.0489471 0.046343 0.0438885 0.0414173 0.0385907 0.0349976 0.0303626 0.0247616 0.0186881
 0.00614996 0.0100731 0.0153173 0.0218893 0.0296111 0.0379932 0.0462102 0.0533091 0.0585572 0.0616709 0.0627844 0.0622583 0.0605079 0.0579236 0.0548453 0.0515533 0.048261 0.0451014 0.0420986 0.0391314 0.0359304 0.0321615 0.0276013 0.0223203 0.0167399
 0.00637587 0.0104475 0.0158939 0.0227218 0.0307423 0.0394372 0.0479359 0.0552367 0.0605718 0.0636467 0.0646045 0.0638226 0.0617337 0.0587433 0.0552071 0.0514203 0.0476086 0.0439179 0.0403931 0.0369529 0.0333906 0.0294448 0.0249445 0.0199597 0.0148465
 0.00662068 0.0108429 0.0164845 0.0235484 0.0318351 0.0408053 0.0495545 0.0570402 0.0624597 0.0655007 0.0663068 0.0652709 0.062848 0.0594664 0.0555002 0.0512563 0.0469681 0.0427906 0.0387872 0.0349128 0.0310179 0.0269078 0.0224605 0.0177476 0.0130671
 0.00685937 0.0112363 0.0170857 0.0244085 0.0329908 0.0422607 0.0512646 0.058909 0.064358 0.0672954 0.0678847 0.0665481 0.0637678 0.0599932 0.0556133 0.0509449 0.0462274 0.0416209 0.0372017 0.032954 0.0287772 0.0245351 0.02015 0.0156955 0.0114179
 0.00706349 0.0115756 0.0176103 0.0251696 0.0340304 0.0435945 0.0528644 0.0606949 0.0662091 0.0690719 0.069454 0.0678034 0.0646381 0.0604434 0.0556366 0.0505516 0.0454339 0.0404458 0.0356702 0.031112 0.0267086 0.0223718 0.0180603 0.0138486 0.00993769
 0.00726228 0.0118985 0.0180962 0.0258551 0.0349438 0.0447458 0.0542332 0.0622249 0.0678121 0.0706409 0.0708783 0.0689812 0.0654869 0.0609078 0.0556914 0.0501983 0.0446931 0.0393485 0.034256 0.0294355 0.024852 0.0204525 0.0162224 0.0122342 0.00864909
 0.00745135 0.0122077 0.0185644 0.0265184 0.0358274 0.0458513 0.0555273 0.0636372 0.0692477 0.0720002 0.0720737 0.0699434 0.0661636 0.0612614 0.0556984 0.0498514 0.0440012 0.0383363 0.0329635 0.0279203 0.0231949 0.0187602 0.0146191 0.0108379 0.00754176
 0.00754755 0.0123693 0.0188175 0.0268916 0.0363471 0.0465332 0.0563675 0.0646068 0.0702947 0.0730579 0.0730703 0.070811 0.066844 0.0617094 0.0558818 0.0497502 0.0436081 0.0376585 0.0320256 0.026769 0.0219018 0.0174204 0.0133406 0.00972104 0.00665508
 0.00759978 0.012449 0.0189288 0.0270373 0.0365315 0.0467659 0.0566638 0.0649845 0.0707668 0.073624 0.0737103 0.0714847 0.0674959 0.0622772 0.0563057 0.0499798 0.0436076 0.03741 0.0315327 0.0260601 0.0210328 0.0164718 0.0124059 0.00888827 0.00598593
 0.00763389 0.0124999 0.0189968 0.0271199 0.0366238 0.046863 0.0567637 0.0650913 0.0708926 0.0737891 0.0739376 0.0717897 0.0678757 0.0627043 0.0567304 0.0503401 0.0438418 0.0374689 0.0313895 0.0257169 0.0205227 0.0158559 0.0117622 0.00829351 0.00549686
 0.00769735 0.0125918 0.0191141 0.0272522 0.0367563 0.0469805 0.0568551 0.0651514 0.0709242 0.0738025 0.0739516 0.0718286 0.0679632 0.062854 0.0569372 0.0505756 0.0440586 0.037612 0.0314112 0.0255909 0.0202536 0.0154791 0.0113352 0.00787898 0.00514505
 0.00777533 0.0127138 0.019288 0.0274799 0.0370311 0.0472843 0.0571576 0.0654139 0.0711095 0.0738882 0.0739375 0.0717368 0.0678304 0.06272 0.0568338 0.0505175 0.0440385 0.0376018 0.0313719 0.0254868 0.0200672 0.015219 0.0110334 0.00757874 0.00488504
 0.00783543 0.0128108 0.0194323 0.02768 0.0372905 0.047598 0.0575075 0.0657685 0.0714281 0.0741296 0.0740706 0.0717487 0.0677297 0.0625352 0.0566047 0.050284 0.0438284 0.0374238 0.0312149 0.0253286 0.0198871 0.0150098 0.0108058 0.00735602 0.00469188
 0.00786497 0.0128552 0.0194927 0.0277559 0.0373814 0.0477047 0.0576326 0.0659145 0.0715934 0.0743049 0.0742379 0.071884 0.0678103 0.0625473 0.0565494 0.0501768 0.0436929 0.0372821 0.0310788 0.0251975 0.019753 0.0148661 0.0106543 0.00720782 0.00456157
 0.00785672 0.0128414 0.0194714 0.0277253 0.0373405 0.0476549 0.0575791 0.0658668 0.071565 0.0743102 0.0742872 0.0719785 0.067939 0.0626886 0.0566779 0.0502724 0.0437469 0.037297 0.0310636 0.0251605 0.0196987 0.0147968 0.0105738 0.00712376 0.00448386
 0.00786892 0.0128548 0.0194797 0.027719 0.0373097 0.0475934 0.0574884 0.0657572 0.071453 0.0742145 0.0742254 0.0719636 0.0679764 0.0627744 0.0567981 0.0504059 0.0438716 0.0373961 0.0311289 0.0251919 0.0197006 0.0147755 0.0105363 0.00707816 0.00443845
 0.00789872 0.0128989 0.0195377 0.0277864 0.037378 0.0476509 0.0575214 0.0657535 0.071406 0.0741276 0.0741127 0.0718471 0.0678794 0.0627147 0.0567835 0.0504324 0.043926 0.0374605 0.0311866 0.0252316 0.0197178 0.0147717 0.0105171 0.00705052 0.00440932
 0.00790208 0.0129045 0.0195461 0.0277981 0.0373926 0.0476664 0.0575342 0.0657576 0.0713949 0.0740962 0.07406 0.0717783 0.0678057 0.062651 0.0567441 0.0504263 0.0439534 0.037513 0.0312503 0.0252919 0.0197638 0.0147987 0.010526 0.00704645 0.00439846
 0.00788107 0.0128682 0.0194881 0.0277118 0.0372743 0.0475187 0.0573683 0.0655928 0.0712529 0.0739945 0.074007 0.0717721 0.0678387 0.062714 0.0568302 0.0505316 0.044075 0.0376462 0.0313865 0.0254199 0.019873 0.0148819 0.0105818 0.00707832 0.00441311
 0.00789503 0.0128846 0.0195008 0.0277109 0.0372481 0.0474576 0.0572685 0.0654589 0.0710979 0.0738375 0.0738693 0.0716719 0.0677869 0.0627121 0.056872 0.0506073 0.0441742 0.0377599 0.0315061 0.0255365 0.0199776 0.0149673 0.0106443 0.00711885 0.00443588
 0.00786648 0.0128413 0.0194414 0.0276356 0.0371575 0.0473519 0.0571474 0.0653227 0.0709504 0.0736879 0.0737321 0.0715651 0.0677269 0.0627093 0.0569279 0.0507142 0.0443185 0.0379254 0.0316773 0.0257002 0.020123 0.0150869 0.0107348 0.00718111 0.00447443
 0.00784801 0.0128069 0.019382 0.0275409 0.0370201 0.0471718 0.0569359 0.0651011 0.0707435 0.0735163 0.0736077 0.0714919 0.067705 0.0627383 0.057007 0.0508402 0.0444836 0.0381168 0.0318791 0.0258962 0.0202994 0.0152339 0.0108479 0.00726079 0.00452551
 0.00782541 0.0127723 0.0193335 0.0274773 0.0369399 0.0470723 0.056814 0.0649559 0.0705799 0.073347 0.0734513 0.0713684 0.0676293 0.0627178 0.0570415 0.0509246 0.0446099 0.0382745 0.0320553 0.0260759 0.0204678 0.0153792 0.0109628 0.00734398 0.00458024
 0.00779707 0.0127225 0.0192519 0.0273534 0.0367662 0.0468502 0.0565569 0.0646883 0.0703303 0.0731399 0.073302 0.0712834 0.0676099 0.0627622 0.0571456 0.0510809 0.0448074 0.0384993 0.0322921 0.0263088 0.0206819 0.0155623 0.0111078 0.00744937 0.0046502
 0.00775237 0.0126507 0.0191454 0.0272054 0.036572 0.0466089 0.0562748 0.0643807 0.0700219 0.072861 0.0730832 0.0711482 0.0675703 0.0628174 0.0572847 0.0512872 0.0450618 0.0387826 0.0325848 0.0265925 0.0209401 0.015782 0.0112814 0.00757591 0.00473465
 0.00773187 0.0126135 0.0190825 0.0271062 0.0364271 0.0464143 0.0560351 0.0641102 0.0697416 0.0725944 0.0728528 0.0709742 0.0674693 0.0628003 0.0573541 0.0514363 0.0452758 0.0390411 0.0328654 0.0268729 0.0212004 0.0160068 0.0114613 0.00770845 0.004824
 0.00934259 0.0148725 0.0218177 0.0299346 0.0388653 0.0480551 0.0566882 0.0638301 0.0687495 0.0711628 0.0712202 0.0693124 0.0658882 0.0613656 0.0561023 0.0503842 0.0444249 0.038381 0.0323764 0.0265291 0.020973 0.0158669 0.0113824 0.00766855 0.00480643
 0.00931531 0.0151276 0.0227296 0.0319694 0.0423789 0.0530201 0.0625198 0.0694804 0.073078 0.0733841 0.0711613 0.0673586 0.0627114 0.0576358 0.0523214 0.0468556 0.0412997 0.0357169 0.0301803 0.02478 0.0196328 0.0148851 0.0107002 0.00722277 0.00453488
 0.00896248 0.0145703 0.0219438 0.0310018 0.041403 0.0523753 0.0626729 0.0708609 0.0758258 0.0771589 0.0751817 0.0706984 0.0646857 0.0580382 0.0513985 0.0450951 0.0391974 0.0336394 0.0283379 0.0232618 0.0184526 0.0140165 0.0100966 0.00682918 0.00429589
 0.00879017 0.0142784 0.0214833 0.0303227 0.040473 0.0512139 0.0613947 0.0697051 0.0751381 0.077297 0.0763573 0.0728272 0.0673497 0.0606212 0.0533352 0.046087 0.0392744 0.0330626 0.0274373 0.0223099 0.0176151 0.0133624 0.00963059 0.00652327 0.00411057
 0.00872985 0.0141734 0.0213113 0.0300557 0.0400799 0.0506676 0.0606847 0.0688555 0.0742281 0.0764769 0.0758399 0.0728343 0.0680166 0.0619005 0.0549703 0.0476953 0.0405044 0.0337303 0.0275647 0.0220616 0.017194 0.0129292 0.00927415 0.00627043 0.00395119
 0.00870714 0.0141355 0.0212517 0.0299661 0.0399492 0.0504818 0.0604277 0.0685126 0.073793 0.0759641 0.0753008 0.0723671 0.0677563 0.0619763 0.0554405 0.0484955 0.0414512 0.0345925 0.0281628 0.0223336 0.0171932 0.0127692 0.00906613 0.00608642 0.00381944
 0.00868339 0.0140942 0.0211849 0.0298649 0.0398064 0.0502948 0.0602008 0.0682556 0.073517 0.0756772 0.0750094 0.072085 0.0675169 0.0618385 0.0554747 0.0487505 0.0419156 0.0351811 0.0287442 0.0227874 0.0174594 0.0128602 0.00904128 0.0060126 0.00374406
 0.00866741 0.0140709 0.0211544 0.029828 0.0397634 0.0502433 0.0601351 0.0681684 0.0734025 0.0755338 0.0748408 0.0718997 0.0673292 0.0616709 0.0553618 0.0487328 0.0420241 0.0354149 0.0290603 0.0231128 0.0177233 0.0130242 0.00910841 0.00601382 0.00371587
 0.00866718 0.0140697 0.0211511 0.0298214 0.0397524 0.0502278 0.0601158 0.0681456 0.0733743 0.0754952 0.0747847 0.0718203 0.0672255 0.0615508 0.0552426 0.0486406 0.0419872 0.0354536 0.0291741 0.0232761 0.0178942 0.0131634 0.00919536 0.00605097 0.00371993
 0.00864997 0.0140451 0.0211202 0.0297873 0.0397191 0.0501985 0.060092 0.068127 0.0733596 0.0754828 0.0747724 0.0718045 0.0672019 0.0615158 0.0551972 0.0485928 0.0419521 0.0354485 0.0292105 0.0233523 0.0179939 0.0132624 0.00927332 0.00609915 0.00374166
 0.00865912 0.0140558 0.0211288 0.0297883 0.0397072 0.0501718 0.0600537 0.0680847 0.0733222 0.0754563 0.0747577 0.0717984 0.0671985 0.0615094 0.0551841 0.0485731 0.0419307 0.0354346 0.0292142 0.0233792 0.0180412 0.0133195 0.00932678 0.00613927 0.00376563
 0.00865747 0.0140561 0.0211344 0.0298034 0.0397345 0.0502098 0.0600954 0.0681193 0.0733395 0.0754517 0.0747341 0.0717634 0.0671602 0.0614727 0.05515 0.0485407 0.0418999 0.035408 0.0291965 0.0233752 0.0180525 0.0133426 0.00935455 0.00616436 0.00378362
 0.00862207 0.0140031 0.0210636 0.0297181 0.0396418 0.0501199 0.0600195 0.0680678 0.0733187 0.0754613 0.0747674 0.0718103 0.0672121 0.0615241 0.0551988 0.0485861 0.0419413 0.0354451 0.0292303 0.0234076 0.0180852 0.0133757 0.0093859 0.00619092 0.00380322
 0.00862006 0.0139955 0.0210441 0.0296791 0.0395769 0.0500279 0.059908 0.0679525 0.0732192 0.0753945 0.0747422 0.0718259 0.0672595 0.061591 0.0552732 0.0486592 0.0420083 0.0355042 0.0292816 0.0234522 0.0181243 0.0134099 0.00941529 0.00621465 0.00382068
 0.00861662 0.01399 0.0210359 0.0296668 0.0395579 0.0499982 0.0598626 0.0678882 0.0731372 0.0753032 0.0746563 0.0717619 0.0672297 0.0615991 0.0553141 0.048722 0.0420809 0.0355768 0.0293481 0.0235098 0.0181726 0.0134495 0.00944667 0.00623842 0.00383751
 0.00861662 0.01399 0.0210359 0.0296668 0.0395579 0.0499982 0.0598626 0.0678882 0.0731372 0.0753032 0.0746563 0.0717619 0.0672297 0.0615991 0.0553141 0.048722 0.0420809 0.0355768 0.0293481 0.0235098 0.0181726 0.0134495 0.00944667 0.00623842 0.00383751
 0.00891241 0.014456 0.0217071 0.0305598 0.0406604 0.0512569 0.0611749 0.0691084 0.0741059 0.0758891 0.074791 0.0714534 0.0665508 0.0606624 0.0542426 0.0476255 0.041042 0.0346481 0.0285567 0.0228644 0.0176693 0.0130763 0.00918548 0.00606738 0.00373361
 0.00878641 0.0142914 0.0215346 0.0304347 0.0406503 0.0514194 0.0615369 0.0696549 0.074781 0.0766062 0.0754491 0.071957 0.0668315 0.0606944 0.0540462 0.047257 0.0405748 0.034153 0.0280887 0.0224584 0.0173413 0.0128282 0.0090099 0.00595168 0.00366307
 0.00864868 0.0140515 0.0211479 0.0298606 0.039875 0.0504849 0.0605582 0.0688054 0.074241 0.0764977 0.0757914 0.0726659 0.0677554 0.061665 0.0549232 0.0479541 0.0410645 0.0344548 0.028248 0.0225255 0.0173584 0.0128237 0.00899964 0.00594257 0.00365704
 0.00852875 0.0138492 0.0208294 0.0293889 0.0392168 0.049625 0.0595178 0.0676574 0.073113 0.0755549 0.0752001 0.0725447 0.0681332 0.0624683 0.0559998 0.0491225 0.0421664 0.0353878 0.0289723 0.0230499 0.017718 0.0130602 0.00914988 0.00603469 0.0037111
 0.00860154 0.013951 0.0209508 0.0295068 0.0392959 0.0496222 0.0593884 0.0673642 0.0726397 0.0749219 0.0744762 0.0718429 0.0675865 0.0621883 0.0560368 0.0494477 0.0426852 0.0359783 0.0295274 0.0235038 0.0180497 0.0132811 0.00928607 0.00611347 0.0037542
 0.00875565 0.0142068 0.0213428 0.0300639 0.0400265 0.0504948 0.0603179 0.0682169 0.073263 0.075189 0.0743239 0.071291 0.0667328 0.0611847 0.0550508 0.0486183 0.042089 0.0356188 0.0293528 0.0234405 0.018034 0.0132746 0.00927484 0.00609793 0.00373901
 0.00897075 0.0145654 0.0218978 0.0308664 0.0411105 0.0518533 0.0618805 0.0698434 0.0747622 0.0763578 0.0749919 0.0713573 0.0661887 0.0601171 0.053624 0.0470367 0.040549 0.0342672 0.0282646 0.022623 0.0174501 0.0128712 0.0090031 0.00592018 0.00362794
 0.0090372 0.0146903 0.0221179 0.0312278 0.0416604 0.0526246 0.0628741 0.071017 0.0760285 0.0775924 0.0760489 0.0720917 0.066485 0.0599184 0.0529514 0.0459892 0.0392819 0.0329529 0.0270515 0.0216066 0.016666 0.0123075 0.00862172 0.00567627 0.00348066
 0.00905857 0.0147249 0.0221709 0.0313078 0.0417824 0.0528125 0.0631597 0.0714323 0.0765924 0.0782943 0.0768387 0.0728801 0.0671574 0.0603594 0.0530745 0.0457626 0.0387405 0.0321909 0.026195 0.020778 0.0159542 0.0117553 0.00823036 0.00542085 0.00332647
 0.00872417 0.0141924 0.0213935 0.0302583 0.0404689 0.0512987 0.0615803 0.0699861 0.0755038 0.0777551 0.0769539 0.0736405 0.0684434 0.0619704 0.0547746 0.0473322 0.040021 0.0331099 0.0267648 0.0210709 0.0160658 0.011772 0.00821167 0.00539778 0.00330986
 0.00878132 0.014238 0.0213746 0.0300957 0.0400778 0.0506214 0.0606181 0.0688128 0.0742568 0.076609 0.0760865 0.0731963 0.0685009 0.0625196 0.055715 0.0484966 0.0412189 0.0341762 0.0275967 0.02164 0.0164045 0.0119444 0.00828414 0.00542095 0.00331385
 0.00873947 0.014184 0.0213162 0.0300411 0.0400228 0.0505357 0.0604407 0.0684696 0.0736961 0.0758403 0.0751981 0.0723398 0.0678473 0.0622074 0.055809 0.0489707 0.0419669 0.0350464 0.0284383 0.0223429 0.0169193 0.0122772 0.00847475 0.00551801 0.00335811
 0.00876255 0.0142131 0.0213453 0.0300614 0.0400268 0.0505215 0.0604117 0.0684249 0.073619 0.0756933 0.0749371 0.0719449 0.0673505 0.0616981 0.0554075 0.0487815 0.0420368 0.0353481 0.0288854 0.0228272 0.0173497 0.0126033 0.00868908 0.00564108 0.00342011
#pred catch len freq
 0.00336908 0.00540931 0.0080495 0.0112998 0.0151888 0.0197301 0.0248588 0.0304007 0.0361006 0.0416737 0.0468506 0.0514155 0.0552359 0.0582653 0.0605148 0.0620137 0.0627811 0.0628077 0.0620242 0.060253 0.0571833 0.0524509 0.0458598 0.0376512 0.0286124
 0.00363592 0.00577894 0.00849114 0.0117556 0.0156033 0.0200899 0.0252109 0.030829 0.0366644 0.0423461 0.0475002 0.0518485 0.0552785 0.0578437 0.059694 0.0609803 0.0617767 0.0620394 0.0615887 0.060108 0.0571832 0.0524284 0.0457085 0.0373627 0.0282539
 0.00378712 0.00604548 0.00892583 0.0124078 0.0164938 0.0211808 0.0263947 0.0319573 0.0376107 0.043061 0.0480114 0.0522019 0.0554678 0.0577912 0.0593021 0.060213 0.0607109 0.0608458 0.0604554 0.0591571 0.0564316 0.0518131 0.0451515 0.036827 0.0277556
 0.0039492 0.00630112 0.00930041 0.0129314 0.0172083 0.0221407 0.0276502 0.0335156 0.0393946 0.0448955 0.0496638 0.05346 0.0562074 0.0579867 0.0589852 0.0594299 0.0595181 0.0593353 0.0587666 0.0574489 0.0548335 0.0503951 0.0439333 0.0358089 0.0269403
 0.00414988 0.00661638 0.00975522 0.0135442 0.0179924 0.0231066 0.0288066 0.0348697 0.0409455 0.0466167 0.0514758 0.0552111 0.0576883 0.0589835 0.0593441 0.059095 0.0585281 0.0577984 0.0568371 0.0553078 0.0526653 0.0483604 0.0421484 0.034341 0.0258126
