SBPRF35
10.7536
Curr Bio
530884
B35
772951
F35
0.181267
FOFL
0.131424
OFL
61348.6
Bzero
3.07245e+06
#pred survey bio
 4.06879e+06 3.8893e+06 3.73114e+06 3.52243e+06 3.26777e+06 3.0075e+06 2.72626e+06 2.45762e+06 2.20303e+06 1.97453e+06 1.73288e+06 1.52296e+06 1.34354e+06 1.18936e+06 1.04629e+06 944313 851593 790819 725026 670831 647446 618375 592871 576442 562887 564699 559652 566207 563379 568512 572496 575516 571136 554309 549910 544162 527740 522239 528609 534414 539192 540530 542735 543851 545695 551046 563162 578257 581798 591096 597472 566187 581870 538218 576770 606487 623851 612082 594841 545345 545527 558729 536692 2.01775e+07 1.24554e+07 1.30746e+07 1.42225e+07 1.5687e+07 1.7224e+07 1.86608e+07 1.99072e+07 2.09347e+07 2.17523e+07 2.23871e+07 2.28715e+07 2.32371e+07 2.3511e+07 2.37156e+07 2.38682e+07 2.39822e+07 2.40676e+07 2.41318e+07 2.41803e+07 2.42172e+07 2.42453e+07 2.42668e+07 2.42834e+07 2.42963e+07 2.43063e+07 2.43142e+07 2.43203e+07 2.43251e+07 2.43289e+07 2.43319e+07 2.43343e+07 2.43361e+07 2.43377e+07 2.43389e+07 2.43398e+07 2.43406e+07 2.43412e+07 2.43417e+07 2.43421e+07 2.43424e+07 2.43426e+07 2.43429e+07 2.4343e+07 2.43431e+07 2.43433e+07 2.43433e+07 2.43434e+07 2.43435e+07 2.43435e+07 2.43435e+07 2.43436e+07 2.43436e+07 2.43436e+07 2.43436e+07 2.43436e+07 2.43436e+07 2.43437e+07 2.43437e+07 2.43437e+07 2.43437e+07 2.43437e+07 2.43437e+07 2.43437e+07 2.43437e+07 2.43437e+07 2.43437e+07 2.43437e+07 2.43437e+07 2.43437e+07 2.43437e+07 2.43437e+07 2.43437e+07 2.43437e+07 2.43437e+07 2.43437e+07 2.43437e+07 2.43437e+07 2.43437e+07 2.43437e+07 2.43437e+07 2.43437e+07 2.43437e+07 2.43437e+07 2.43437e+07 2.43437e+07 2.43437e+07 2.43437e+07 2.43437e+07 2.43437e+07 2.43437e+07 2.43437e+07 2.43437e+07 2.43437e+07 2.43437e+07 2.43437e+07 2.43437e+07 2.43437e+07 2.43437e+07 2.43437e+07 0 0 0 0 0 0 0 0 0 0 0 0 0 0 0 0 0 0 0 0 0 0 0 0 0
#obs survey bio
 5.56086e+06 3.79114e+06 3.37718e+06 3.46794e+06 2.07052e+06 3.82664e+06 1.72027e+06 1.9133e+06 2.2049e+06 2.03161e+06 1.9028e+06 1.35479e+06 982316 1.1807e+06 964774 723862 470522 627179 538715 1.06081e+06 803642 646234 514994 395742 580317 456039 545017 543181 488152 655656 681433 376435 581362 473162 663611 403437 626526 720360 616355 561877 542362 642548 485263 514012 641382 351396 585480 917392 652869 570656 637731 762342 531194 453043 417976 612129 495081 734874 517986 687654 662522 457114 366525
#pred catch bio
 112796 98936.2 154088 210333 233815 274091 285111 293875 288850 315054 296943 277268 260200 253244 219012 211633 183019 183234 166258 133798 133634 126211 115794 112023 98858.3 104730 94935.3 102500 94839.7 94900.9 94512.5 98841.4 105765 91117 89042.9 96524 88542.3 81507.5 84222.2 86001 89207.8 88791.5 90412.8 90780.1 89049.1 84809.4 83576.1 93446.3 88168.5 90644.6 121064 80667 130499 61600.7 72661.1 84001.2 107958 111480 137264 94667.5 85671.6 114949 61732.7 61348.6 85062.7 88215 94771.1 104118 114217 123634 131685 138180 143209 146986 149757 151754 153172 154169 154863 155343 155673 155899 156053 156158 156229 156277 156309 156331 156346 156356 156363 156367 156370 156372 156374 156375 156375 156376 156376 156376 156376 156376 156376 156376 156376 156376 156376 156376 156376 156376 156376 156376 156376 156376 156376 156376 156376 156376 156376 156376 156376 156376 156376 156376 156376 156376 156376 156376 156376 156376 156376 156376 156376 156376 156376 156376 156376 156376 156376 156376 156376 156376 156376 156376 156376 156376 156376 156376 156376 156376 156376 156376 156376 156376 156376 156376 156376 156376 156376 156376 156376 156376 156376 0 0 0 0 0 0 0 0 0 0 0 0 0 0 0 0 0 0 0 0 0 0 0 0 0
#obs catch bio
 0 98528.8 154471 210846 234666 275048 286959 297630 292584 320737 300465 280906 263820 258221 222306 216543 188184 189043 171109 135080 134400 126812 116298 113173 99761.2 106360 95889.9 104092 95883.1 95682.1 94938.8 99797.1 106975 91386.1 89089.1 97022.1 88466.2 81179.2 83557.1 85262.8 88295.1 87899.7 89877.9 90327.1 88950.9 84989 83460.2 93094.3 87547.1 89624.7 120590 79209.3 129893 60864.2 72352.9 83477.8 107583 110011 136363 93873.5 84532 114906 61420.1
#pred cpue bio
 4.00821e+06 3.83167e+06 3.67609e+06 3.46871e+06 3.21496e+06 2.95546e+06 2.6752e+06 2.40735e+06 2.15375e+06 1.92655e+06 1.68707e+06 1.47921e+06 1.30155e+06 1.1489e+06 1.00755e+06 906634 815164 755562 692053 640336 618538 590889 566318 550299 536970 538631 533767 540218 537709 543008 547259 550539 546706 531000 527474 522457 506126 499626 505056 510708 515590 516987 519043 519915 521453 526461 538177 553023 556786 566046 572335 541846 556866 514231 551356 580605 598071 586670 569461 520693 520329 533212 512116 1.93057e+07 1.19484e+07 1.24406e+07 1.34241e+07 1.48201e+07 1.63377e+07 1.77699e+07 1.90152e+07 2.00426e+07 2.08602e+07 2.14949e+07 2.19794e+07 2.23449e+07 2.26189e+07 2.28234e+07 2.29761e+07 2.30901e+07 2.31755e+07 2.32397e+07 2.32882e+07 2.3325e+07 2.33531e+07 2.33746e+07 2.33913e+07 2.34041e+07 2.34142e+07 2.3422e+07 2.34281e+07 2.34329e+07 2.34367e+07 2.34397e+07 2.34421e+07 2.3444e+07 2.34455e+07 2.34467e+07 2.34476e+07 2.34484e+07 2.3449e+07 2.34495e+07 2.34499e+07 2.34502e+07 2.34505e+07 2.34507e+07 2.34508e+07 2.3451e+07 2.34511e+07 2.34512e+07 2.34512e+07 2.34513e+07 2.34513e+07 2.34514e+07 2.34514e+07 2.34514e+07 2.34514e+07 2.34514e+07 2.34515e+07 2.34515e+07 2.34515e+07 2.34515e+07 2.34515e+07 2.34515e+07 2.34515e+07 2.34515e+07 2.34515e+07 2.34515e+07 2.34515e+07 2.34515e+07 2.34515e+07 2.34515e+07 2.34515e+07 2.34515e+07 2.34515e+07 2.34515e+07 2.34515e+07 2.34515e+07 2.34515e+07 2.34515e+07 2.34515e+07 2.34515e+07 2.34515e+07 2.34515e+07 2.34515e+07 2.34515e+07 2.34515e+07 2.34515e+07 2.34515e+07 2.34515e+07 2.34515e+07 2.34515e+07 2.34515e+07 2.34515e+07 2.34515e+07 2.34515e+07 2.34515e+07 2.34515e+07 2.34515e+07 2.34515e+07 2.34515e+07 2.34515e+07 2.34515e+07 0 0 0 0 0 0 0 0 0 0 0 0 0 0 0 0 0 0 0 0 0 0 0 0 0
#obs cpue bio
 3.0528e+06 2.49836e+06 2.62675e+06 4.60692e+06 2.74298e+06 3.22308e+06 2.51422e+06 1.52716e+06 1.75891e+06 1.48678e+06 1.99166e+06 1.30011e+06 1.40976e+06 745425 960756 652240 625661 648521 682356 687552 639788 538801 580367 513078 385475 440681 512723 399239 582275 525835 536428 526022 500826 820133 516393 568412 605758 462420 699624 566269 681774 481793 473576 557978 346466 605330 662631 534282 632264 842379 492470 789976 537599 620060 694654 655437 714637 892481 597562 431064 721877 480876 539424
#pred surv len freq
 0.00480152 0.00781409 0.0117943 0.0167329 0.0225138 0.0288332 0.0351735 0.040931 0.0456438 0.0491422 0.0515242 0.0530189 0.0538662 0.0542606 0.054341 0.054199 0.0538963 0.0534665 0.0528757 0.0519366 0.050239 0.0472099 0.0423683 0.0356766 0.027741
 0.00495029 0.00797794 0.0119012 0.0166795 0.0222075 0.0282506 0.0343979 0.040136 0.0450211 0.0488172 0.0515098 0.0532336 0.0541948 0.0546187 0.0547065 0.054604 0.054386 0.0540509 0.0534979 0.0524788 0.0505683 0.0472417 0.0421104 0.0352255 0.027234
 0.00518261 0.00834278 0.0124203 0.0173486 0.02298 0.029024 0.0350211 0.0404501 0.0449299 0.0483466 0.0508084 0.0525047 0.053603 0.0542328 0.0545095 0.0545444 0.054423 0.0541615 0.053652 0.0526147 0.0505984 0.0470915 0.0417632 0.034738 0.0267088
 0.0054035 0.00870417 0.012968 0.0181251 0.0240126 0.0303052 0.0364851 0.0419597 0.0462892 0.0493454 0.0512881 0.052418 0.0530336 0.0533581 0.0535248 0.0535946 0.0535764 0.0534243 0.0529942 0.0519875 0.0499469 0.0463746 0.040979 0.0339348 0.0259671
 0.00565245 0.00910296 0.013558 0.0189428 0.025086 0.0316452 0.0380726 0.043733 0.0481372 0.0511098 0.0527784 0.0534434 0.0534521 0.053125 0.0527129 0.0523673 0.0521257 0.0519076 0.051502 0.0505482 0.0485543 0.0450231 0.0396891 0.032759 0.0249719
 0.00593212 0.00954656 0.0142053 0.0198248 0.0262207 0.0330323 0.0396856 0.0455157 0.0500073 0.052966 0.0545036 0.0549026 0.054497 0.0536159 0.0525586 0.0515628 0.0507626 0.0501458 0.0495177 0.0484882 0.0465219 0.0430916 0.037925 0.0312311 0.023739
 0.00626715 0.010079 0.0149838 0.0208861 0.0275831 0.0346863 0.0415833 0.0475692 0.0521014 0.0549805 0.05633 0.056447 0.0556698 0.0543224 0.0527021 0.0510673 0.049606 0.0483843 0.0472835 0.0459617 0.0438953 0.0405433 0.035608 0.0292645 0.022195
 0.00653639 0.0105226 0.0156621 0.0218584 0.0288954 0.0363518 0.0435638 0.049769 0.0543826 0.0571923 0.0583349 0.0581347 0.0569567 0.0551416 0.0529919 0.0507669 0.0486674 0.0467987 0.0451091 0.0433353 0.0410201 0.037656 0.0329373 0.0269917 0.0204233
 0.00677733 0.0109137 0.0162505 0.0226906 0.0300116 0.0377758 0.0452888 0.0517469 0.0565232 0.0593722 0.0604141 0.0599741 0.058434 0.0561607 0.0534822 0.0506755 0.0479542 0.0454438 0.0431356 0.0408369 0.0381729 0.034703 0.0301431 0.0245824 0.0185367
 0.00697175 0.011233 0.0167378 0.0233888 0.0309575 0.0389886 0.0467587 0.0534301 0.0583484 0.0612522 0.0622543 0.0616755 0.0598939 0.0572766 0.0541588 0.050832 0.0475289 0.0444001 0.041477 0.0386289 0.0355627 0.0319158 0.0274451 0.0222178 0.0166658
 0.00728071 0.0117199 0.017442 0.0243379 0.0321635 0.0404433 0.0484258 0.0552424 0.0602135 0.0630684 0.0639264 0.0631231 0.0610521 0.0580899 0.0545747 0.0507963 0.0469876 0.0433103 0.0398257 0.0364593 0.032997 0.0291588 0.0247533 0.0198384 0.01477
 0.00763748 0.0122802 0.0182483 0.0254155 0.0335158 0.0420456 0.0502184 0.0571303 0.0620808 0.0648007 0.0654304 0.064334 0.0619298 0.0586102 0.0547193 0.0505441 0.0463108 0.0421782 0.0382217 0.0344083 0.0305931 0.0265755 0.0222203 0.0175863 0.0129651
 0.00798468 0.0128327 0.0190568 0.0265174 0.0349262 0.0437449 0.0521399 0.0591588 0.0640705 0.0666054 0.0669314 0.0654543 0.0626335 0.0588931 0.054595 0.0500301 0.0454173 0.0409058 0.0365715 0.0324049 0.0283126 0.0241609 0.0198673 0.0154967 0.011288
 0.0082823 0.0133124 0.0197707 0.0275102 0.0362262 0.0453488 0.0539976 0.0611683 0.06609 0.0684795 0.0685185 0.0666465 0.0633657 0.0591437 0.0543787 0.0493839 0.0443847 0.0395251 0.0348762 0.0304377 0.026148 0.0219209 0.0177146 0.0135994 0.00977053
 0.0086875 0.0139413 0.020662 0.0286807 0.03767 0.0470362 0.0558702 0.0631352 0.0680325 0.0702661 0.0700229 0.0677626 0.064019 0.0592976 0.0540356 0.0485791 0.0431746 0.0379746 0.0330508 0.0284071 0.0239984 0.0197668 0.0156942 0.0118488 0.00838592
 0.00891113 0.0143114 0.0212297 0.0294949 0.0387635 0.0484067 0.0574644 0.0648495 0.069735 0.0718287 0.0713443 0.0687727 0.0646707 0.0595593 0.0538898 0.0480271 0.0422399 0.0367018 0.031502 0.0266594 0.0221454 0.01792 0.013976 0.0103716 0.00722503
 0.00895912 0.0144212 0.0214544 0.0299046 0.0394298 0.049377 0.058736 0.0663582 0.0713643 0.0734335 0.0727797 0.0699189 0.0654477 0.0599298 0.0538514 0.0475999 0.0414573 0.0356081 0.0301539 0.0251298 0.0205248 0.016314 0.0124945 0.00910998 0.00624218
 0.00873965 0.0141048 0.0210556 0.0294699 0.0390345 0.0491143 0.0587025 0.0666362 0.0719988 0.0744112 0.0740191 0.071283 0.0667753 0.0610712 0.0546952 0.0480832 0.0415621 0.0353514 0.0295793 0.0243029 0.0195314 0.0152545 0.0114729 0.00821643 0.00553478
 0.00860576 0.0138975 0.0207646 0.0290972 0.0385994 0.0486585 0.0582937 0.0663622 0.071951 0.0746582 0.0745837 0.0721293 0.0678119 0.0621693 0.0557149 0.0489012 0.0420923 0.0355544 0.029461 0.0239072 0.0189317 0.0145429 0.0107466 0.00756017 0.0050054
 0.00866346 0.0139567 0.0207904 0.0290374 0.0384003 0.0482904 0.0577721 0.0657539 0.0713603 0.0742016 0.0743626 0.0722079 0.068203 0.0628279 0.0565451 0.0497753 0.0428785 0.0361448 0.0297918 0.0239665 0.0187551 0.0142008 0.0103251 0.00714098 0.00464812
 0.0087336 0.0140406 0.0208595 0.0290431 0.0382823 0.0479938 0.0572663 0.0650483 0.0705121 0.0733141 0.0735707 0.0716506 0.0679885 0.0630045 0.0570867 0.050588 0.0438237 0.037072 0.0305721 0.0245182 0.0190548 0.0142782 0.0102454 0.00698041 0.00447238
 0.00888716 0.0142774 0.0211899 0.0294619 0.0387633 0.048484 0.0576853 0.065299 0.0705066 0.0730065 0.0729823 0.0708734 0.0671639 0.0622858 0.0565973 0.050389 0.0439011 0.037347 0.0309311 0.0248499 0.0192818 0.0143724 0.0102236 0.00688633 0.00435409
 0.00910152 0.0145983 0.0216214 0.0299895 0.0393573 0.0491053 0.0582884 0.0658292 0.0708997 0.0731948 0.0729103 0.0705192 0.0665576 0.0615129 0.0557828 0.049663 0.0433604 0.0370284 0.0308074 0.0248502 0.0193246 0.0143961 0.0102019 0.00682477 0.00427486
 0.00921398 0.01478 0.0218918 0.0303626 0.0398357 0.0496722 0.0589019 0.0664263 0.0714094 0.0735553 0.0730797 0.0704762 0.0662998 0.0610595 0.0551812 0.0489899 0.0427085 0.0364805 0.0304104 0.024604 0.0191916 0.0143249 0.0101506 0.00677286 0.00422063
 0.00927575 0.0148802 0.0220422 0.030575 0.0401198 0.0500325 0.0593328 0.0669071 0.0719027 0.0740106 0.0734411 0.0706936 0.0663387 0.0609078 0.0548519 0.0485212 0.0421606 0.0359256 0.0299155 0.0242125 0.0189139 0.0141433 0.0100349 0.00669556 0.00416497
 0.00920853 0.0147761 0.0218962 0.030388 0.0399014 0.0498035 0.0591261 0.0667646 0.0718656 0.0741057 0.0736691 0.0710249 0.066719 0.0612717 0.0551397 0.0486945 0.0422107 0.0358735 0.0298024 0.0240839 0.0188038 0.0140663 0.00998832 0.00666866 0.00414776
 0.00920628 0.0147728 0.0218917 0.0303818 0.0398924 0.0497896 0.0591052 0.0667372 0.0718379 0.0740909 0.0736854 0.0710881 0.0668336 0.0614246 0.0553011 0.0488266 0.0422818 0.0358696 0.0297318 0.0239721 0.0186821 0.0139594 0.00990809 0.00661513 0.00411471
 0.00905351 0.0145434 0.0215821 0.0300021 0.039465 0.0493448 0.0586783 0.0663656 0.0715567 0.0739283 0.0736576 0.0711989 0.0670743 0.0617747 0.0557278 0.0492864 0.0427263 0.036256 0.0300333 0.0241829 0.0188145 0.0140353 0.00994913 0.00663693 0.00412627
 0.00899352 0.0144471 0.0214399 0.0298077 0.0392174 0.0490532 0.0583637 0.0660594 0.0712939 0.0737379 0.0735566 0.0711918 0.0671574 0.0619393 0.0559616 0.0495712 0.0430367 0.0365613 0.0303037 0.0243978 0.0189672 0.0141322 0.0100042 0.00666538 0.00413982
 0.00888103 0.0142696 0.0211833 0.0294632 0.0387848 0.048544 0.0578056 0.0654971 0.0707835 0.0733361 0.0733088 0.0711231 0.0672696 0.0622133 0.0563633 0.0500591 0.0435671 0.0370919 0.0307964 0.0248226 0.0193063 0.0143822 0.0101743 0.00677221 0.00420185
 0.00882742 0.0141777 0.0210362 0.0292428 0.0384762 0.0481426 0.057324 0.0649669 0.0702513 0.0728548 0.0729283 0.0708839 0.0671974 0.0623154 0.0566275 0.0504553 0.0440528 0.0376189 0.0313175 0.0252974 0.0197062 0.0146932 0.0103971 0.00691887 0.00429036
 0.00864704 0.0139166 0.0207021 0.0288617 0.0380822 0.0477636 0.0569716 0.064638 0.069939 0.0725605 0.072669 0.0706889 0.0671003 0.062344 0.0567955 0.0507581 0.0444672 0.0381068 0.0318326 0.0257934 0.0201447 0.0150496 0.0106631 0.00710065 0.00440378
 0.00838582 0.0135265 0.0201809 0.028233 0.0373933 0.047077 0.0563553 0.064154 0.0696288 0.0724328 0.0726983 0.0708305 0.0673124 0.0626041 0.0571021 0.0511207 0.0448915 0.0385848 0.0323403 0.0262955 0.0206039 0.0154363 0.0109617 0.00731132 0.00453907
 0.00829355 0.0133683 0.0199291 0.027861 0.0368864 0.0464475 0.0556537 0.0634653 0.0690509 0.0720455 0.0725389 0.0708874 0.0675376 0.0629357 0.0574873 0.0515279 0.0453106 0.0390157 0.0327802 0.0267311 0.0210121 0.0157919 0.0112464 0.00751915 0.00467671
 0.00830282 0.0133517 0.0198453 0.0276518 0.0364912 0.0458273 0.0548147 0.0624692 0.0680068 0.0710877 0.0717971 0.0704577 0.0674605 0.0631904 0.0580036 0.0522128 0.0460754 0.0397928 0.0335253 0.0274155 0.0216145 0.0162951 0.0116403 0.00780445 0.004866
 0.00889344 0.0141863 0.0208671 0.0287238 0.0374281 0.0464506 0.0550018 0.0621764 0.067268 0.0700018 0.0705118 0.069146 0.0662895 0.0622876 0.0574335 0.0519724 0.0461095 0.0400203 0.0338642 0.0277982 0.0219918 0.0166334 0.0119189 0.00801489 0.00501075
 0.00946974 0.0151084 0.0222188 0.030551 0.039703 0.0490308 0.0576088 0.0644298 0.0687853 0.0705232 0.0699829 0.0677168 0.0642457 0.0599581 0.0551148 0.0498829 0.0443732 0.0386748 0.0328841 0.0271243 0.0215546 0.0163681 0.0117709 0.00794094 0.00497906
 0.00935788 0.0150169 0.0222493 0.030856 0.0404486 0.0503332 0.0594697 0.0667029 0.0711891 0.0726963 0.0715674 0.068451 0.0640346 0.0588951 0.0534416 0.0479085 0.0423884 0.0368934 0.0314224 0.0260122 0.0207635 0.0158399 0.0114401 0.00774753 0.00487427
 0.0090507 0.0145462 0.0216007 0.0300526 0.0395666 0.0495129 0.058911 0.0666264 0.0717603 0.073941 0.0733262 0.0704069 0.0658081 0.0601647 0.054037 0.0478424 0.0418216 0.0360572 0.0305374 0.0252337 0.0201658 0.0154308 0.0111881 0.0076075 0.00480442
 0.00895163 0.0143667 0.0212978 0.0295783 0.0388845 0.0486248 0.0578828 0.0655995 0.0709345 0.0735283 0.0734861 0.0711818 0.0670874 0.0617013 0.055521 0.0490035 0.042513 0.0362829 0.0304172 0.0249335 0.0198312 0.0151516 0.0109962 0.00749563 0.00474891
 0.00896713 0.0143805 0.0212955 0.029535 0.038765 0.0483886 0.0574944 0.0650446 0.0702404 0.07278 0.0728242 0.0707729 0.0670686 0.0621201 0.056302 0.0499655 0.0434342 0.0369839 0.0308187 0.0250616 0.0197785 0.015022 0.0108654 0.00739942 0.004692
 0.00904721 0.0145009 0.0214577 0.0297315 0.0389782 0.0485898 0.0576439 0.0650946 0.0701443 0.0725092 0.0723881 0.0702325 0.0665333 0.06172 0.0561412 0.0500757 0.0437567 0.0373945 0.0311838 0.0252939 0.0198611 0.0149934 0.0107848 0.00731505 0.00462842
 0.00912961 0.0146273 0.0216337 0.0299562 0.0392436 0.0488801 0.0579343 0.065351 0.0703259 0.072575 0.0723064 0.0699928 0.0661573 0.0612671 0.0556997 0.0497364 0.0435778 0.0373763 0.0312718 0.0254096 0.0199409 0.0150126 0.0107543 0.0072624 0.0045778
 0.00918409 0.0147176 0.0217723 0.0301547 0.0395087 0.0492081 0.0583062 0.0657322 0.0706718 0.0728399 0.0724518 0.0699925 0.0660021 0.06097 0.0552999 0.0492966 0.0431694 0.0370564 0.0310625 0.0252948 0.0198815 0.0149707 0.0107097 0.00721364 0.00453264
 0.00919074 0.0147338 0.021807 0.0302201 0.0396184 0.049373 0.0585299 0.0660072 0.0709784 0.0731476 0.0727228 0.0701878 0.0660891 0.0609299 0.0551334 0.0490276 0.0428419 0.036724 0.0307723 0.0250727 0.0197282 0.0148694 0.0106401 0.00716173 0.00449285
 0.00914106 0.0146606 0.0217113 0.0301093 0.0395058 0.0492763 0.0584697 0.0660039 0.0710476 0.0732941 0.0729363 0.0704422 0.0663465 0.0611485 0.0552782 0.049079 0.0428019 0.0366152 0.0306298 0.0249315 0.0196116 0.0147849 0.0105833 0.00712409 0.00446726
 0.00896865 0.0144027 0.0213653 0.0296887 0.0390382 0.0487985 0.0580241 0.0656353 0.0707989 0.0731989 0.0730106 0.0706798 0.0667183 0.061607 0.0557657 0.0495392 0.0431912 0.0369115 0.030834 0.025061 0.0196903 0.0148335 0.0106148 0.00714446 0.00447936
 0.00879948 0.0141346 0.0209761 0.0291658 0.0383852 0.0480432 0.0572236 0.0648729 0.0701672 0.0727769 0.0728455 0.0707811 0.0670623 0.0621456 0.0564344 0.050266 0.0439064 0.0375578 0.0313751 0.0254844 0.0200029 0.0150534 0.0107629 0.00723983 0.00453729
 0.00881884 0.0141507 0.0209712 0.0291129 0.0382532 0.047807 0.0568748 0.0644261 0.069661 0.0722684 0.0724009 0.070462 0.066913 0.0621836 0.0566481 0.0506184 0.0443439 0.0380218 0.0318129 0.0258589 0.0202966 0.0152664 0.0109069 0.00733095 0.00459127
 0.00881801 0.0141456 0.020956 0.0290778 0.0381842 0.0476872 0.0566869 0.0641579 0.069312 0.0718562 0.071964 0.0700553 0.0665968 0.0620091 0.0566448 0.0507864 0.0446548 0.0384259 0.0322517 0.0262782 0.0206571 0.0155485 0.0111092 0.00746432 0.00467227
 0.00877354 0.0140852 0.0208867 0.0290126 0.0381369 0.0476644 0.0566824 0.0641515 0.0692756 0.0717636 0.071801 0.0698275 0.0663319 0.0617524 0.0564482 0.0506938 0.0446883 0.0385796 0.0324945 0.0265645 0.0209407 0.0157943 0.011299 0.00759634 0.00475532
 0.00908475 0.0145598 0.021542 0.0298421 0.0391107 0.0487315 0.0577704 0.0651681 0.0701159 0.0723271 0.0720117 0.069651 0.0657847 0.0609015 0.0553994 0.0495716 0.0436113 0.0376382 0.0317387 0.0260032 0.020552 0.0155407 0.0111412 0.00750176 0.00470055
 0.00893677 0.0143421 0.0212575 0.0295099 0.0387634 0.0484084 0.0575125 0.0650134 0.0700942 0.0724515 0.0722698 0.0700017 0.0661642 0.0612407 0.0556453 0.0497044 0.0436474 0.0376193 0.0317114 0.0260003 0.0205843 0.0155998 0.0112099 0.00756406 0.00474768
 0.00937157 0.0150061 0.0221755 0.0306732 0.0401286 0.0499004 0.0590251 0.0664155 0.0712474 0.0732382 0.0726189 0.0698994 0.0656482 0.0603827 0.0545333 0.0484303 0.0423025 0.0362923 0.030484 0.0249381 0.0197268 0.0149557 0.0107603 0.00727291 0.00457296
 0.00882218 0.0141962 0.0211128 0.0294228 0.0388001 0.0486227 0.0579257 0.0656073 0.0708187 0.0732377 0.0730418 0.0706839 0.0666864 0.0615432 0.0556878 0.0494754 0.0431732 0.0369654 0.0309715 0.0252753 0.0199564 0.0151148 0.0108741 0.00735482 0.00462986
 0.0086379 0.0138642 0.0205576 0.0285656 0.0375918 0.0470881 0.0561948 0.0639044 0.0694022 0.0723201 0.0727323 0.0709776 0.06749 0.0627132 0.0570627 0.0509004 0.0445187 0.0381405 0.0319305 0.0260132 0.0204972 0.0154962 0.0111347 0.00752709 0.00473896
 0.00873414 0.0139917 0.0206924 0.0286584 0.0375698 0.0468665 0.0556977 0.0630952 0.0683155 0.0710791 0.0715323 0.0700319 0.0669626 0.0626706 0.0574666 0.051635 0.045434 0.039092 0.0328058 0.0267448 0.0210614 0.0159022 0.0114098 0.00770385 0.00484665
 0.00896396 0.0143626 0.0212424 0.0294122 0.0385228 0.0479639 0.0568194 0.0640624 0.0689302 0.0711851 0.0710731 0.0690783 0.0656966 0.0613303 0.0562737 0.0507348 0.0448706 0.0388225 0.0327395 0.0267851 0.021134 0.0159658 0.0114508 0.00772474 0.00485522
 0.00914988 0.014662 0.0216879 0.0300326 0.0393371 0.0489713 0.0579844 0.0653032 0.0701165 0.072153 0.0716555 0.0691491 0.0652143 0.0603631 0.0549883 0.0493479 0.0435834 0.0377677 0.0319625 0.0262598 0.0207986 0.0157557 0.0113175 0.00763866 0.00480028
 0.0094204 0.015113 0.0223856 0.0310404 0.0406967 0.050674 0.0599477 0.0673686 0.0720774 0.0737985 0.0728071 0.06968 0.065059 0.0595272 0.0535598 0.0474952 0.0415295 0.0357417 0.0301484 0.0247647 0.0196506 0.0149256 0.0107483 0.00726812 0.00457242
 0.00920476 0.0147872 0.021945 0.0305072 0.0401258 0.0501561 0.0596032 0.0673252 0.0724306 0.0745679 0.0739151 0.0709639 0.0663125 0.060552 0.0542099 0.047707 0.0413314 0.0352405 0.029492 0.0240961 0.0190713 0.0144824 0.0104418 0.00707348 0.0044576
 0.00898273 0.0144295 0.0214147 0.0297772 0.0391912 0.0490516 0.0584181 0.0662057 0.071557 0.0741122 0.0739924 0.071595 0.0674105 0.0619391 0.0556607 0.0490065 0.0423274 0.0358729 0.0297915 0.0241537 0.0189962 0.0143649 0.0103361 0.0069994 0.00441389
 0.00867021 0.0140074 0.0209356 0.0293371 0.0388939 0.0489578 0.0585101 0.0663945 0.0717318 0.0742014 0.0740002 0.0715941 0.0674989 0.0621863 0.0560697 0.0495093 0.0428134 0.0362357 0.02997 0.0241493 0.0188606 0.0141703 0.0101446 0.00684721 0.00431072
#obs surv len freq
 nan nan nan nan nan nan nan nan nan nan nan nan nan nan nan nan nan nan nan nan nan nan nan nan nan
 0.00448757 0.00735027 0.0111815 0.0159988 0.0216998 0.0279751 0.0342884 0.0400185 0.0446968 0.0481592 0.0505156 0.0520101 0.052901 0.0534123 0.0537257 0.0539799 0.054258 0.0545504 0.0546889 0.0542808 0.0527189 0.0493514 0.0438017 0.0362825 0.027667
 0.00461988 0.00756751 0.0115121 0.0164692 0.0223284 0.0287613 0.0352033 0.0410021 0.0456668 0.0490275 0.0512053 0.0524665 0.0530969 0.0533476 0.0534229 0.0534763 0.0535972 0.0537751 0.0538383 0.0533917 0.0518305 0.0485069 0.0430461 0.035654 0.0271867
 0.0047791 0.00782964 0.0119127 0.0170437 0.0231047 0.0297491 0.0363816 0.0423137 0.0470234 0.0503245 0.0523373 0.0533409 0.0536441 0.0535279 0.0532297 0.0529334 0.0527512 0.0526867 0.0525745 0.0520236 0.0504339 0.0471629 0.0418355 0.0346434 0.0264129
 0.0049754 0.00814849 0.0123923 0.0177199 0.0240051 0.0308831 0.0377293 0.0438206 0.0486053 0.0518801 0.0537607 0.0545308 0.0545107 0.0539992 0.0532596 0.0525073 0.0518886 0.0514383 0.0510176 0.0502569 0.0485741 0.0453385 0.040173 0.0332462 0.0253391
 0.00518785 0.00849816 0.0129264 0.0184846 0.0250365 0.0321922 0.0392877 0.0455567 0.0504157 0.05365 0.0553818 0.0559082 0.0555622 0.0546537 0.0534576 0.0522074 0.0510753 0.0501312 0.0492776 0.0481888 0.0463232 0.0430783 0.0380813 0.0314709 0.0239665
 0.00541494 0.00886942 0.0134893 0.0192855 0.0261125 0.0335583 0.0409222 0.0473943 0.052355 0.055571 0.057164 0.057444 0.0567617 0.0554446 0.0537821 0.0520196 0.0503441 0.0488509 0.0474828 0.0459699 0.0438317 0.0405161 0.0356683 0.0293977 0.0223503
 0.00565583 0.00926275 0.0140845 0.02013 0.0272429 0.0349864 0.0426213 0.0492937 0.0543502 0.0575428 0.0589969 0.059035 0.0580231 0.056303 0.054177 0.0519016 0.0496756 0.0476128 0.0456912 0.0436964 0.0412199 0.0377769 0.0330468 0.0271173 0.020556
 0.00589417 0.0096543 0.0146814 0.0209833 0.0283927 0.0364465 0.0443628 0.05124 0.0563884 0.059546 0.0608454 0.0606274 0.0592781 0.0571565 0.0545767 0.0518027 0.0490401 0.0464154 0.0439351 0.0414373 0.0385877 0.0349782 0.0303346 0.0247324 0.0186629
 0.00613567 0.010052 0.0152893 0.021855 0.029571 0.0379463 0.0461546 0.0532434 0.0584834 0.0615963 0.0627213 0.06222 0.0605045 0.0579578 0.0549126 0.0516433 0.0483604 0.0451967 0.042179 0.0391902 0.0359659 0.0321767 0.0276019 0.0223128 0.0167299
 0.00638306 0.0104554 0.0158988 0.0227185 0.0307254 0.039404 0.0478882 0.0551795 0.0605113 0.0635876 0.0645496 0.0637747 0.0616978 0.0587266 0.0552158 0.0514562 0.0476676 0.0439905 0.0404675 0.0370182 0.0334398 0.0294759 0.0249597 0.0199638 0.0148446
 0.00660692 0.0108248 0.0164648 0.0235315 0.0318249 0.0408024 0.0495545 0.0570349 0.0624419 0.0654673 0.066261 0.0652201 0.0628007 0.0594302 0.055481 0.0512583 0.0469926 0.0428348 0.0388442 0.0349732 0.0310724 0.0269503 0.022489 0.0177637 0.0130746
 0.00682486 0.0111813 0.0170056 0.0243008 0.0328573 0.0421092 0.0511098 0.0587696 0.0642514 0.0672312 0.0678624 0.0665596 0.0638033 0.0600456 0.0556793 0.0510242 0.04632 0.0417259 0.0373153 0.0330698 0.0288869 0.0246311 0.0202272 0.0157523 0.0114562
 0.00705585 0.0115589 0.0175773 0.0251113 0.0339382 0.0434645 0.0527012 0.0605127 0.0660293 0.0689179 0.069345 0.0677497 0.0646394 0.060491 0.0557181 0.0506551 0.045551 0.0405712 0.0358 0.0312415 0.0268318 0.022482 0.0181518 0.0139186 0.00998667
 0.00727428 0.0119191 0.0181284 0.0259011 0.0350024 0.0448099 0.0542888 0.0622539 0.0677984 0.0705784 0.0707742 0.0688547 0.0653613 0.0608034 0.05562 0.0501625 0.0446887 0.0393689 0.0342942 0.0294851 0.0249069 0.0205065 0.0162703 0.0122724 0.0086764
 0.0074441 0.0121994 0.0185582 0.02652 0.0358429 0.0458855 0.0555808 0.0637045 0.0693168 0.0720552 0.0720984 0.0699279 0.0661085 0.0611782 0.0556058 0.0497677 0.0439394 0.0383014 0.032954 0.0279307 0.0232182 0.0187896 0.0146486 0.0108633 0.00756089
 0.00753002 0.0123394 0.0187706 0.0268236 0.0362569 0.0464258 0.0562555 0.0645091 0.0702303 0.0730387 0.0730959 0.070869 0.0669153 0.061776 0.0559334 0.0497861 0.0436352 0.0376857 0.0320598 0.0268119 0.0219509 0.0174708 0.013387 0.00975943 0.00668369
 0.00760684 0.0124609 0.0189472 0.0270633 0.0365641 0.0468009 0.0566939 0.0650013 0.0707647 0.0736037 0.0736794 0.0714536 0.067472 0.0622615 0.0562937 0.0499657 0.0435887 0.0373883 0.0315135 0.0260485 0.0210312 0.0164789 0.0124183 0.00890198 0.00599794
 0.00767346 0.012562 0.0190858 0.0272378 0.0367695 0.0470308 0.0569419 0.065262 0.0710348 0.0738826 0.0739694 0.0717576 0.0677886 0.0625788 0.0565851 0.0501901 0.0436972 0.0373357 0.0312719 0.0256183 0.0204455 0.0158001 0.0117253 0.00827128 0.0054847
 0.00773402 0.0126542 0.0192127 0.0273976 0.0369554 0.0472318 0.0571439 0.0654505 0.0711986 0.0740182 0.0740831 0.0718629 0.0679005 0.0627069 0.0567272 0.0503289 0.0438009 0.0373641 0.0311874 0.0253998 0.0200988 0.0153607 0.0112501 0.00782206 0.00510972
 0.00779159 0.0127419 0.0193336 0.02755 0.0371331 0.0474242 0.0573372 0.0656283 0.071345 0.0741228 0.0741437 0.0718869 0.0679027 0.0627045 0.0567339 0.0503488 0.0438242 0.0373682 0.0311422 0.0252792 0.0198924 0.0150816 0.0109325 0.00750987 0.00484155
 0.00782476 0.0127962 0.0194158 0.0276656 0.0372844 0.0476073 0.0575397 0.0658303 0.0715235 0.0742581 0.0742249 0.0719133 0.0678829 0.062653 0.0566676 0.050282 0.043764 0.0373105 0.0310729 0.0251794 0.0197485 0.0148935 0.0107167 0.00729351 0.00465172
 0.00788383 0.0128824 0.0195274 0.0277953 0.0374221 0.0477444 0.0576714 0.0659548 0.0716391 0.0743596 0.0743033 0.071959 0.0678892 0.0626201 0.0566025 0.0501967 0.0436706 0.0372164 0.0309779 0.0250765 0.0196292 0.0147544 0.010564 0.00714188 0.00451796
 0.00788399 0.0128854 0.0195365 0.0278145 0.0374536 0.0477865 0.0577175 0.0659959 0.0716688 0.0743782 0.0743181 0.0719789 0.0679191 0.0626572 0.056639 0.0502244 0.0436846 0.0372156 0.0309623 0.0250449 0.0195793 0.0146857 0.0104806 0.0070534 0.00443598
 0.00786857 0.0128569 0.0194878 0.0277381 0.0373453 0.0476496 0.0575657 0.0658512 0.0715544 0.0743113 0.074305 0.0720171 0.0680009 0.0627726 0.0567765 0.0503706 0.0438258 0.0373397 0.031061 0.0251134 0.0196161 0.0146925 0.0104629 0.00701991 0.0043971
 0.00790434 0.0129059 0.0195445 0.0277908 0.0373786 0.0476489 0.0575216 0.0657632 0.071432 0.0741728 0.0741738 0.0719151 0.0679429 0.0627633 0.0568114 0.0504388 0.0439134 0.0374325 0.0311461 0.0251812 0.019661 0.0147134 0.010463 0.00700557 0.00437602
 0.00789958 0.0128997 0.0195376 0.0277839 0.0373706 0.0476355 0.0574948 0.0657132 0.0713523 0.0740646 0.0740491 0.071794 0.0678483 0.0627136 0.0568151 0.0504934 0.0440072 0.0375487 0.0312668 0.025291 0.0197492 0.0147751 0.0104988 0.00702065 0.00437749
 0.00790021 0.0128984 0.0195313 0.027769 0.0373442 0.0475968 0.0574465 0.0656604 0.0712989 0.0740117 0.0739943 0.0717359 0.0677898 0.0626638 0.0567866 0.050497 0.0440469 0.0376198 0.0313577 0.0253868 0.0198362 0.0148439 0.0105461 0.007048 0.0043899
 0.00790248 0.0128951 0.0195137 0.0277248 0.0372616 0.04747 0.0572804 0.0654716 0.0711119 0.0738518 0.0738805 0.0716769 0.0677837 0.062702 0.0568589 0.0505953 0.044166 0.0377548 0.0315016 0.0255294 0.019966 0.0149516 0.0106266 0.00710171 0.00442156
 0.0078913 0.0128809 0.0194992 0.0277136 0.0372551 0.0474644 0.0572653 0.0654327 0.0710385 0.0737437 0.0737511 0.0715486 0.06768 0.0626392 0.0568426 0.0506221 0.0442275 0.0378415 0.0316039 0.0256377 0.0200706 0.0150433 0.0106993 0.00715348 0.00445433
 0.00785485 0.012821 0.0194084 0.0275862 0.0370901 0.0472692 0.0570569 0.0652354 0.0708757 0.0736295 0.0736874 0.0715292 0.0676976 0.0626905 0.0569274 0.0507397 0.0443736 0.0380072 0.0317778 0.0258077 0.0202258 0.0151752 0.0108029 0.00722792 0.00450291
 0.00782597 0.0127716 0.0193297 0.0274687 0.0369262 0.0470568 0.0568043 0.0649621 0.0706107 0.0734047 0.0735299 0.0714545 0.0677071 0.0627735 0.0570673 0.0509197 0.0445793 0.0382265 0.031999 0.0260191 0.0204163 0.015336 0.0109289 0.007319 0.00456305
 0.00779103 0.0127146 0.0192436 0.0273467 0.036763 0.046851 0.0565603 0.0646924 0.070335 0.073148 0.073319 0.0713135 0.067653 0.0628119 0.0571915 0.0511127 0.0448186 0.0384893 0.0322652 0.0262721 0.0206426 0.015526 0.0110777 0.00742669 0.00463453
 0.00775701 0.0126565 0.0191512 0.0272092 0.0365723 0.0466054 0.0562692 0.0643761 0.070021 0.072865 0.0730917 0.0711606 0.0675867 0.0628384 0.0573091 0.0513112 0.0450797 0.0387891 0.0325779 0.0265736 0.0209138 0.0157538 0.0112558 0.00755551 0.00472013
 0.00774901 0.0126394 0.0191176 0.0271492 0.036475 0.0464625 0.0560782 0.0641428 0.0697599 0.0725973 0.0728426 0.0709551 0.0674459 0.0627766 0.0573325 0.0514179 0.0452595 0.0390243 0.0328455 0.0268486 0.0211725 0.015978 0.0114349 0.00768698 0.00480846
 0.00936661 0.0149104 0.0218723 0.0300074 0.0389553 0.0481583 0.0567964 0.0639317 0.0688316 0.0712147 0.0712362 0.0692931 0.0658396 0.0612969 0.0560233 0.0503033 0.0443479 0.0383106 0.0323131 0.0264724 0.0209225 0.015823 0.0113461 0.00764065 0.0047868
 0.00931887 0.0151359 0.022747 0.0320011 0.0424299 0.0530929 0.0626122 0.0695846 0.0731825 0.0734756 0.0712283 0.0673931 0.0627104 0.0576018 0.0522611 0.0467785 0.0412154 0.0356334 0.030103 0.0247116 0.0195743 0.0148368 0.0106621 0.00719435 0.00451525
 0.00897824 0.014594 0.021976 0.0310422 0.0414509 0.0524307 0.062736 0.070932 0.075903 0.0772374 0.0752534 0.0707535 0.0647152 0.0580366 0.0513653 0.0450348 0.0391181 0.0335508 0.0282492 0.0231798 0.0183816 0.0139585 0.0100519 0.00679684 0.00427412
 0.00878897 0.014277 0.0214822 0.0303226 0.0404748 0.0512184 0.0614023 0.0697167 0.0751551 0.0773215 0.076391 0.0728694 0.0673962 0.0606644 0.0533667 0.0461001 0.0392667 0.0330363 0.0273982 0.0222649 0.0175707 0.0133231 0.00959881 0.00649964 0.0040944
 0.00872187 0.0141618 0.0212963 0.0300385 0.0400624 0.050652 0.0606731 0.0688497 0.0742295 0.076486 0.0758572 0.0728598 0.0680494 0.0619384 0.055009 0.0477291 0.0405275 0.033739 0.0275588 0.0220442 0.0171701 0.0129039 0.00925146 0.00625247 0.00393845
 0.00870648 0.0141314 0.0212402 0.0299421 0.0399084 0.0504235 0.0603566 0.0684387 0.0737287 0.0759203 0.0752836 0.0723775 0.067791 0.0620295 0.055505 0.0485637 0.0415156 0.0346467 0.0282026 0.0223579 0.0172039 0.0127702 0.00906193 0.0060805 0.00381402
 0.00867521 0.0140843 0.0211759 0.0298607 0.03981 0.0503058 0.0602141 0.0682629 0.0735108 0.0756551 0.0749759 0.0720496 0.0674896 0.061826 0.0554791 0.0487691 0.0419432 0.0352113 0.0287713 0.0228073 0.0174707 0.0128638 0.0090397 0.00600859 0.00373975
 0.00866815 0.0140698 0.0211488 0.0298147 0.0397403 0.0502115 0.0600997 0.068137 0.0733814 0.075525 0.0748408 0.0719031 0.0673321 0.0616738 0.0553678 0.0487456 0.0420447 0.0354415 0.0290887 0.0231386 0.0177433 0.0130371 0.00911498 0.00601597 0.00371564
 0.00867655 0.0140834 0.0211686 0.0298409 0.0397706 0.0502407 0.0601192 0.0681368 0.0733533 0.0754658 0.074753 0.071792 0.0672042 0.0615367 0.0552344 0.0486376 0.0419895 0.0354613 0.0291862 0.0232903 0.0179077 0.0131739 0.00920211 0.00605431 0.00372096
 0.00866639 0.014071 0.0211575 0.0298368 0.0397797 0.0502669 0.0601615 0.0681885 0.0734031 0.0755007 0.0747618 0.0717685 0.067148 0.0614532 0.0551342 0.0485352 0.0419032 0.0354097 0.0291818 0.0233327 0.0179815 0.0132548 0.00926855 0.00609584 0.00373918
 0.00865284 0.0140494 0.0211262 0.0297953 0.0397301 0.0502142 0.0601146 0.0681579 0.0733973 0.0755218 0.0748036 0.0718182 0.0671907 0.0614773 0.0551346 0.048515 0.0418722 0.0353818 0.0291704 0.0233456 0.0180171 0.0133032 0.00931634 0.00613274 0.0037616
 0.00864361 0.0140329 0.0210988 0.029753 0.0396697 0.0501356 0.0600226 0.0680626 0.0733127 0.075462 0.0747792 0.0718322 0.0672377 0.0615448 0.0552074 0.0485799 0.0419227 0.035419 0.0292008 0.0233769 0.0180538 0.0133443 0.00935653 0.00616615 0.00378492
 0.00863538 0.0140208 0.0210828 0.0297335 0.0396467 0.0501083 0.059989 0.0680206 0.0732621 0.0754066 0.0747265 0.0717924 0.0672197 0.0615527 0.0552385 0.0486261 0.0419739 0.0354669 0.0292421 0.0234126 0.0180865 0.0133757 0.00938589 0.00619112 0.00380353
 0.00863148 0.0140153 0.021076 0.0297263 0.0396403 0.0501037 0.0599864 0.0680189 0.0732589 0.0753984 0.0747107 0.0717688 0.0671915 0.0615264 0.0552211 0.048622 0.0419828 0.0354853 0.029265 0.0234361 0.018109 0.0133967 0.00940505 0.00620756 0.00381628
 0.00860848 0.0139806 0.0210288 0.029668 0.0395742 0.050035 0.0599212 0.0679642 0.0732206 0.0753802 0.0747125 0.0717867 0.0672201 0.0615607 0.0552582 0.0486614 0.0420251 0.0355303 0.029311 0.0234805 0.0181491 0.0134309 0.00943255 0.00622848 0.00383112
 0.00860848 0.0139806 0.0210288 0.029668 0.0395742 0.050035 0.0599212 0.0679642 0.0732206 0.0753802 0.0747125 0.0717867 0.0672201 0.0615607 0.0552582 0.0486614 0.0420251 0.0355303 0.029311 0.0234805 0.0181491 0.0134309 0.00943255 0.00622848 0.00383112
 0.00892229 0.0144706 0.0217266 0.0305839 0.0406889 0.0512907 0.061216 0.0691591 0.0741666 0.0759563 0.0748567 0.0715061 0.0665794 0.0606599 0.0542088 0.0475671 0.0409701 0.0345741 0.0284889 0.0228073 0.0176241 0.0130421 0.00916082 0.0060506 0.00372298
 0.0086006 0.0140001 0.0211176 0.0298841 0.0399759 0.0506552 0.0607455 0.0689236 0.0742051 0.0762642 0.0753821 0.0721601 0.0672601 0.0612784 0.0547081 0.0479273 0.0412018 0.0347057 0.0285538 0.0228342 0.017633 0.0130445 0.00916204 0.00605215 0.00372482
 0.00907176 0.0146946 0.0220299 0.0309629 0.0411386 0.0518124 0.0618188 0.0698491 0.0749288 0.0767399 0.0755748 0.0720541 0.0668643 0.0606269 0.0538555 0.0469417 0.0401567 0.0336727 0.0275955 0.021998 0.0169471 0.0125168 0.00878265 0.00579849 0.00356801
 0.00854191 0.0139195 0.0210234 0.029793 0.0399082 0.0506287 0.0607724 0.0690137 0.0743723 0.076527 0.0757534 0.0726291 0.0677785 0.0617648 0.0550707 0.0480959 0.041151 0.0344598 0.028174 0.0223967 0.0172075 0.0126798 0.00888125 0.00585642 0.00360094
 0.00838175 0.013598 0.020433 0.0288123 0.0384525 0.0487171 0.0585736 0.0668273 0.0725384 0.0753146 0.0752888 0.0728963 0.0686656 0.063114 0.0567085 0.0498473 0.0428551 0.0359893 0.0294506 0.0233941 0.0179413 0.0131905 0.00921828 0.00606701 0.00372493
 0.00851346 0.0137968 0.0206978 0.0291164 0.0387317 0.0488645 0.0584526 0.0663152 0.0715922 0.0740222 0.073866 0.0716178 0.0677676 0.0627226 0.0568235 0.050372 0.043643 0.0368854 0.0303223 0.0241495 0.0185353 0.0136188 0.00950353 0.0062433 0.00382627
 0.00874159 0.0141792 0.0212918 0.0299742 0.0398776 0.0502625 0.0599781 0.0677536 0.0726787 0.0745167 0.0736334 0.0706817 0.0663109 0.061031 0.0551936 0.0490263 0.0426847 0.036305 0.0300372 0.0240526 0.0185319 0.013645 0.00952742 0.00625579 0.00382948
 0.00873393 0.0141919 0.0213587 0.0301462 0.0402143 0.0508153 0.0607688 0.0687547 0.0738011 0.0756099 0.074507 0.0711509 0.0662571 0.0604508 0.0542096 0.047847 0.0415323 0.0353454 0.0293447 0.0236167 0.0182917 0.013528 0.0094751 0.00623202 0.0038169
 0.00919478 0.0149156 0.0223985 0.0315296 0.0419329 0.0528122 0.0629278 0.0709038 0.0757386 0.0771433 0.075485 0.0714765 0.0658887 0.059407 0.0525796 0.0457948 0.0392798 0.0331299 0.0273655 0.0219957 0.017064 0.0126609 0.00889969 0.00587178 0.00360419
 0.00882705 0.014385 0.0217269 0.0307864 0.0412237 0.0522562 0.0626353 0.0709583 0.0761822 0.0779622 0.0766013 0.0727529 0.0671509 0.0604765 0.053311 0.0461102 0.0391875 0.0327199 0.0267782 0.0213759 0.0165201 0.0122463 0.00861878 0.00569969 0.00350757
 0.00874876 0.0142063 0.0213679 0.0301544 0.0402535 0.0509644 0.0611591 0.0695423 0.0751078 0.0774536 0.076756 0.0735266 0.0683879 0.0619593 0.0548103 0.0474273 0.0401879 0.0333529 0.0270755 0.021427 0.0164343 0.0121165 0.00850222 0.00561821 0.00345995
 0.0092204 0.0149424 0.0224112 0.0315049 0.0418465 0.0526526 0.062713 0.0706946 0.0756414 0.0772935 0.0760059 0.0724223 0.0671954 0.0608795 0.0539321 0.0467364 0.0396104 0.0328063 0.0265089 0.0208371 0.0158572 0.0116027 0.00809108 0.0053235 0.00327067
#pred catch len freq
 0.00497241 0.00779201 0.0112166 0.0151031 0.0193609 0.0239485 0.0287975 0.0337582 0.0386198 0.0431678 0.0472232 0.050657 0.0533989 0.0554399 0.0568227 0.0576269 0.0579558 0.0579095 0.0575185 0.0566359 0.0548565 0.0515832 0.0463079 0.0389999 0.0303272
 0.00514357 0.00800001 0.0114032 0.0151798 0.0192441 0.0236087 0.028292 0.0332181 0.0381932 0.0429517 0.0472266 0.0508149 0.0536227 0.0556703 0.0570569 0.0579088 0.0583365 0.0583985 0.0580524 0.0570861 0.0550795 0.0514901 0.0459119 0.0384113 0.0296991
 0.00542007 0.00841967 0.0119744 0.0158781 0.020004 0.0243231 0.0288258 0.0334451 0.0380514 0.0424855 0.0465797 0.0501682 0.0531136 0.0553483 0.0568979 0.0578651 0.058376 0.0585067 0.058203 0.0572149 0.0550929 0.0513079 0.0455169 0.0378659 0.0291158
 0.0057032 0.00886165 0.0126059 0.0167158 0.0210481 0.0255499 0.0301737 0.0348015 0.039254 0.0433533 0.0469706 0.0500376 0.052539 0.0544975 0.0559566 0.05697 0.0575897 0.0578318 0.0576067 0.0566454 0.0544901 0.0506251 0.0447488 0.037062 0.0283621
 0.00601426 0.00934166 0.013282 0.0176006 0.0221437 0.0268519 0.0316678 0.03645 0.040979 0.0450252 0.0484119 0.051054 0.0529745 0.0542913 0.0551709 0.0557651 0.0561596 0.0563374 0.0561402 0.0552331 0.0531215 0.0492894 0.0434633 0.0358794 0.0273524
 0.00638199 0.00990459 0.0140654 0.0186083 0.0233637 0.0282646 0.0332489 0.0381667 0.042783 0.0468448 0.0501448 0.0525616 0.0540903 0.0548516 0.0550625 0.0549702 0.0547687 0.0545181 0.0540801 0.0530894 0.0510035 0.0472737 0.0416187 0.0342779 0.0260567
 0.0068062 0.0105553 0.0149733 0.0197787 0.0247811 0.0299 0.0350609 0.0400997 0.0447663 0.0487967 0.0519762 0.0541763 0.0553794 0.0556919 0.0553279 0.0545603 0.0536472 0.052739 0.0517836 0.0504698 0.0482679 0.0446129 0.0391952 0.0322177 0.0244365
 0.00716521 0.0111181 0.0157821 0.0208615 0.0261501 0.0315492 0.0369591 0.0421841 0.0469441 0.0509555 0.053998 0.0559483 0.0567993 0.0566657 0.055765 0.0543746 0.0527717 0.0511551 0.0495503 0.0477345 0.0452509 0.0415705 0.0363742 0.0298131 0.0225598
