SBPRF35
11.0053
Curr Bio
596222
B35
747480
F35
0.182114
FOFL
0.152847
OFL
78181.2
Bzero
3.14437e+006
#pred survey bio
 3.38383e+006 2.98892e+006 2.71935e+006 2.45105e+006 2.17269e+006 1.922e+006 1.66573e+006 1.46813e+006 1.29653e+006 1.16671e+006 1.04013e+006 907526 810435 748252 685064 658508 629236 598658 573013 563121 554088 551563 537851 537291 544033 545286 552168 555530 552370 550288 547148 535076 523358 516281 517117 527201 528704 528084 522769 528924 533623 540308 542046 546213 550139 559815 569077 533519 603577 613600 610905 549985 557426 586516 569554 519102 602521 612046 602429 2.23754e+007 1.39357e+007 1.46547e+007 1.57852e+007 1.71477e+007 1.85411e+007 1.98268e+007 2.09347e+007 2.18453e+007 2.25696e+007 2.31325e+007 2.3563e+007 2.38889e+007 2.41342e+007 2.43182e+007 2.44561e+007 2.45598e+007 2.46379e+007 2.46969e+007 2.47418e+007 2.47761e+007 2.48024e+007 2.48227e+007 2.48384e+007 2.48507e+007 2.48603e+007 2.48678e+007 2.48737e+007 2.48784e+007 2.48821e+007 2.4885e+007 2.48873e+007 2.48892e+007 2.48907e+007 2.48919e+007 2.48928e+007 2.48936e+007 2.48942e+007 2.48947e+007 2.48951e+007 2.48954e+007 2.48957e+007 2.48959e+007 2.48961e+007 2.48962e+007 2.48963e+007 2.48964e+007 2.48965e+007 2.48965e+007 2.48966e+007 2.48966e+007 2.48966e+007 2.48967e+007 2.48967e+007 2.48967e+007 2.48967e+007 2.48967e+007 2.48967e+007 2.48967e+007 2.48967e+007 2.48967e+007 2.48967e+007 2.48968e+007 2.48968e+007 2.48968e+007 2.48968e+007 2.48968e+007 2.48968e+007 2.48968e+007 2.48968e+007 2.48968e+007 2.48968e+007 2.48968e+007 2.48968e+007 2.48968e+007 2.48968e+007 2.48968e+007 2.48968e+007 2.48968e+007 2.48968e+007 2.48968e+007 2.48968e+007 2.48968e+007 2.48968e+007 2.48968e+007 2.48968e+007 2.48968e+007 2.48968e+007 2.48968e+007 2.48968e+007 2.48968e+007 2.48968e+007 2.48968e+007 2.48968e+007 2.48968e+007 2.48968e+007 2.48968e+007 2.48968e+007 2.48968e+007 2.48968e+007 0 0 0 0 0 0 0 0 0 0 0 0 0 0 0 0 0 0 0 0 0 0 0 0 0
#obs survey bio
 3.96185e+006 2.58517e+006 2.37641e+006 1.96214e+006 1.71318e+006 1.29416e+006 1.63356e+006 874225 1.22659e+006 1.02141e+006 782897 764037 683237 700460 701432 674534 683984 496152 577847 602530 480863 336064 496251 486079 471745 528702 637516 647823 804852 452978 690842 819453 320477 715794 656163 525513 552051 568513 581878 556900 434758 619084 631905 467702 657999 811388 394363 587334 555767 959040 605272 692569 784851 731365 410874 531846 742757 483781 558819
#pred catch bio
 352834 261174 282136 312786 307275 328412 288359 274795 244385 244256 247383 211791 177385 173682 138536 137694 134783 126787 110968 108858 102690 111291 99006.9 92436.2 96470.1 90710.1 92159 94954.1 90846.3 88625.2 92939.6 91405.1 90056.7 87204.8 82339.5 91032.9 92762.9 95898.4 85860.7 87777.8 86934.8 91560.1 89688.6 90343.2 86174.3 87694.8 125398 38730 92899.2 102645 149778 91063.1 75927.8 115566 141648 32800.7 100834 116774 78302.8 78181.2 95315.6 99245.5 105799 114474 123564 131911 138984 144663 149046 152332 154741 156476 157710 158577 159181 159599 159887 160084 160219 160311 160373 160415 160444 160463 160476 160485 160491 160495 160498 160499 160501 160501 160502 160502 160503 160503 160503 160503 160503 160503 160503 160503 160503 160503 160503 160503 160503 160503 160503 160503 160503 160503 160503 160503 160503 160503 160503 160503 160503 160503 160503 160503 160503 160503 160503 160503 160503 160503 160503 160503 160503 160503 160503 160503 160503 160503 160503 160503 160503 160503 160503 160503 160503 160503 160503 160503 160503 160503 160503 160503 160503 160503 160503 160503 160503 160503 160503 160503 160503 0 0 0 0 0 0 0 0 0 0 0 0 0 0 0 0 0 0 0 0 0 0 0 0 0
#obs catch bio
 236558 260072 281708 313538 308540 333140 291782 279981 249270 249782 253270 215813 179206 176025 139816 139413 135805 128222 111797 109615 103166 112861 100202 93134.8 97434 91299.7 92877.9 95229.2 90651.8 88280.6 92490.3 90405.5 89960.6 86871.8 81717.8 90304.3 91914.7 95188.1 84838.3 87012 86488.4 90977.6 88946.1 89738.7 85530.8 86402.9 125963 38053.7 92963.7 101223 148602 90117.3 74952.9 113591 141849 32077.8 100691 116699 78037.7
#pred cpue bio
 3.32648e+006 2.93499e+006 2.66727e+006 2.39992e+006 2.12265e+006 1.87308e+006 1.61868e+006 1.42248e+006 1.25223e+006 1.12358e+006 998946 869137 774463 714037 652783 627186 599164 569858 545203 535760 527105 524614 511301 510945 517795 519324 526389 530254 527923 526571 524129 512890 500935 492456 492197 501917 503640 503263 498295 504306 508740 515118 516852 520939 524710 534106 543003 508019 575793 586269 583910 523979 530348 558730 542584 492931 573090 582791 573437 2.13312e+007 1.33133e+007 1.39206e+007 1.49097e+007 1.62153e+007 1.75933e+007 1.88755e+007 1.99826e+007 2.08932e+007 2.16174e+007 2.21802e+007 2.26108e+007 2.29367e+007 2.31819e+007 2.33659e+007 2.35039e+007 2.36076e+007 2.36856e+007 2.37447e+007 2.37896e+007 2.38238e+007 2.38502e+007 2.38705e+007 2.38862e+007 2.38985e+007 2.39081e+007 2.39156e+007 2.39215e+007 2.39261e+007 2.39298e+007 2.39328e+007 2.39351e+007 2.3937e+007 2.39385e+007 2.39397e+007 2.39406e+007 2.39414e+007 2.3942e+007 2.39425e+007 2.39429e+007 2.39432e+007 2.39435e+007 2.39437e+007 2.39438e+007 2.3944e+007 2.39441e+007 2.39442e+007 2.39442e+007 2.39443e+007 2.39443e+007 2.39444e+007 2.39444e+007 2.39444e+007 2.39445e+007 2.39445e+007 2.39445e+007 2.39445e+007 2.39445e+007 2.39445e+007 2.39445e+007 2.39445e+007 2.39445e+007 2.39445e+007 2.39445e+007 2.39445e+007 2.39445e+007 2.39445e+007 2.39445e+007 2.39445e+007 2.39445e+007 2.39445e+007 2.39445e+007 2.39445e+007 2.39445e+007 2.39445e+007 2.39445e+007 2.39445e+007 2.39445e+007 2.39445e+007 2.39445e+007 2.39445e+007 2.39445e+007 2.39445e+007 2.39445e+007 2.39445e+007 2.39445e+007 2.39445e+007 2.39445e+007 2.39445e+007 2.39445e+007 2.39445e+007 2.39445e+007 2.39445e+007 2.39445e+007 2.39445e+007 2.39445e+007 2.39445e+007 2.39445e+007 2.39445e+007 2.39445e+007 0 0 0 0 0 0 0 0 0 0 0 0 0 0 0 0 0 0 0 0 0 0 0 0 0
#obs cpue bio
 2.4285e+006 3.62464e+006 2.904e+006 2.12283e+006 1.89762e+006 1.41078e+006 1.40836e+006 1.34908e+006 834852 967471 1.14588e+006 892930 1.02469e+006 640415 511283 481081 652705 478548 511919 495660 572368 496853 429507 612738 503629 536404 388394 663427 511158 747573 511237 583431 425750 470630 525178 639383 565166 502554 679482 468876 498379 582066 556149 631738 504786 662854 464164 567048 642598 687856 594102 462033 514688 822471 449851 677229 491293 551325 491387
#pred surv len freq
 0.00512002 0.00834057 0.0126022 0.0178947 0.0240843 0.0308243 0.0375287 0.0435178 0.0482708 0.0515945 0.053596 0.0545345 0.0546901 0.0543044 0.0535714 0.052648 0.051669 0.0507437 0.0499038 0.048999 0.0476084 0.0450919 0.0408569 0.0347426 0.0272621
 0.00553494 0.00893443 0.0133511 0.0187377 0.0249568 0.0317027 0.0384535 0.0445707 0.0495149 0.0530136 0.0550759 0.0558997 0.0557722 0.0550014 0.0538665 0.0525853 0.0513034 0.0500939 0.0489335 0.0476407 0.0458244 0.0429396 0.0385148 0.03247 0.0253083
 0.0058789 0.00949243 0.0141833 0.0198846 0.0264161 0.0334032 0.0402478 0.0462687 0.050955 0.0541306 0.0559123 0.0565486 0.056296 0.0553869 0.0540419 0.0524711 0.0508509 0.0492866 0.0477644 0.0461005 0.043922 0.0407456 0.0361882 0.0302362 0.0233883
 0.00617916 0.00998394 0.01493 0.0209497 0.0278503 0.0352234 0.0424095 0.0486469 0.0533502 0.0563068 0.0576592 0.057741 0.0569197 0.055513 0.0537661 0.0518581 0.049916 0.0480121 0.0461285 0.0441011 0.0415985 0.0382006 0.033596 0.0278163 0.0213441
 0.00651459 0.0105229 0.0157301 0.0220625 0.0293144 0.0370527 0.0445776 0.0510759 0.0559105 0.0588271 0.0599423 0.0595891 0.058169 0.0560716 0.0536316 0.0511004 0.048633 0.0462875 0.0440164 0.0416441 0.038864 0.0353131 0.0307433 0.0252175 0.0191889
 0.00678136 0.0109639 0.0164074 0.0230385 0.0306402 0.0387488 0.0466154 0.053372 0.0583394 0.0612444 0.0622019 0.0615479 0.0596878 0.0570234 0.0539219 0.0506896 0.0475442 0.044593 0.0418129 0.0390387 0.0359817 0.0323151 0.0278314 0.0226066 0.0170527
 0.00717061 0.0115771 0.0172946 0.0242355 0.0321656 0.0405983 0.0487516 0.0557162 0.0607746 0.0636297 0.0643917 0.0634081 0.0611041 0.0579027 0.0541916 0.0502997 0.0464768 0.0428719 0.0395095 0.0362707 0.0329111 0.0291451 0.0247929 0.0199225 0.0148879
 0.00750882 0.0121175 0.0180897 0.0253267 0.0335743 0.0423138 0.0507196 0.0578388 0.0629277 0.0656887 0.0662504 0.0649816 0.062321 0.058697 0.0545003 0.0500665 0.0456601 0.0414575 0.0375262 0.0338041 0.0301104 0.0262167 0.0219739 0.0174363 0.0128925
 0.00775506 0.0125282 0.0187267 0.0262528 0.034839 0.0439311 0.0526465 0.0599694 0.0651107 0.0677612 0.0680703 0.0664458 0.063368 0.0592968 0.0546387 0.0497313 0.0448359 0.0401332 0.035713 0.0315588 0.0275534 0.0235319 0.0193838 0.0151533 0.0110655
 0.0078717 0.0127269 0.0190439 0.0267319 0.0355256 0.0448632 0.0538405 0.0614076 0.0667347 0.069474 0.0697471 0.0679534 0.0645871 0.06014 0.0550556 0.0497008 0.044353 0.039201 0.0343472 0.0298049 0.0255068 0.0213447 0.0172466 0.0132536 0.00953817
 0.00795371 0.0128771 0.0193015 0.0271444 0.0361391 0.0457066 0.0549109 0.062666 0.0681142 0.0708935 0.0711219 0.0691987 0.0656197 0.0608833 0.0554482 0.0497036 0.0439504 0.0383976 0.0331661 0.0282944 0.0237519 0.0194739 0.0154202 0.0116302 0.00823301
 0.0081245 0.0131539 0.0197169 0.0277292 0.0369181 0.0466899 0.0560839 0.063982 0.0694965 0.0722467 0.0723474 0.0702104 0.0663542 0.0613019 0.0555328 0.0494497 0.0433626 0.0374888 0.0319621 0.0268413 0.0221255 0.0177833 0.0137978 0.0102047 0.00709596
 0.00831014 0.0134345 0.0201004 0.0282113 0.0374867 0.0473325 0.0567911 0.0647459 0.0703048 0.0730772 0.0731642 0.0709642 0.0669873 0.0617574 0.0557631 0.0494225 0.0430616 0.0369133 0.0311275 0.0257835 0.020907 0.0164947 0.0125483 0.00909988 0.00621114
 0.00837207 0.0135369 0.0202571 0.0284342 0.0377815 0.0476935 0.0571986 0.0651712 0.0707228 0.0734779 0.0735555 0.0713604 0.067392 0.0621504 0.0561006 0.049647 0.0431177 0.0367604 0.0307487 0.0251909 0.0201435 0.0156324 0.0116775 0.00830974 0.00556758
 0.00852932 0.0137794 0.0205972 0.0288748 0.0383151 0.0483022 0.0578523 0.0658265 0.0713264 0.073977 0.0739111 0.0715589 0.0674469 0.0620936 0.0559646 0.0494494 0.042854 0.0364102 0.0302898 0.0246148 0.0194674 0.0149008 0.0109542 0.00766106 0.00504298
 0.00846075 0.0136772 0.0204613 0.0287121 0.0381397 0.0481338 0.057715 0.0657473 0.0713313 0.0740845 0.0741254 0.0718659 0.0678174 0.0624907 0.0563524 0.0497968 0.0431335 0.0365948 0.0303542 0.0245431 0.0192625 0.0145907 0.0105878 0.0072955 0.00472648
 0.0084923 0.0137173 0.0205013 0.0287378 0.0381364 0.0480934 0.0576421 0.0656592 0.0712529 0.0740404 0.074134 0.0719364 0.0679484 0.0626712 0.0565629 0.0500124 0.0433269 0.0367393 0.030426 0.0245253 0.0191509 0.0143987 0.0103464 0.00704472 0.00450312
 0.00858667 0.0138613 0.0206996 0.0289863 0.0384203 0.0483875 0.0579117 0.0658663 0.0713668 0.0740492 0.0740496 0.0717901 0.0677794 0.0625134 0.0564372 0.0499243 0.0432684 0.0366928 0.0303698 0.0244396 0.0190242 0.0142325 0.0101556 0.00685304 0.00433429
 0.00869455 0.0140249 0.0209235 0.0292662 0.0387438 0.0487349 0.058257 0.0661775 0.0716091 0.0741918 0.0740739 0.0716963 0.0675878 0.0622595 0.0561619 0.0496625 0.0430412 0.0365048 0.0302121 0.0242966 0.0188813 0.0140826 0.0100018 0.00670655 0.00420818
 0.00873606 0.0140819 0.0209902 0.0293309 0.0387926 0.0487575 0.0582515 0.0661512 0.071575 0.074163 0.0740584 0.0716945 0.0675937 0.0622654 0.0561632 0.0496605 0.0430405 0.036509 0.0302194 0.0242996 0.0188705 0.0140518 0.00995182 0.0066452 0.00414665
 0.00885078 0.0142501 0.0212086 0.0295835 0.0390529 0.0489949 0.0584369 0.066262 0.0715999 0.074105 0.0739352 0.0715326 0.0674198 0.062099 0.056014 0.0495307 0.0429295 0.0364158 0.0301426 0.0242358 0.0188144 0.0139979 0.00989762 0.00659198 0.00409852
 0.00878897 0.014174 0.0211385 0.0295509 0.0390896 0.0491161 0.058629 0.0664843 0.0717999 0.0742393 0.0739842 0.0715026 0.0673353 0.0619901 0.0559064 0.04944 0.042861 0.0363674 0.0301091 0.0242113 0.0187934 0.0139763 0.0098734 0.00656578 0.00407297
 0.0087462 0.0141174 0.0210781 0.0295069 0.0390903 0.0491916 0.058803 0.0667632 0.0721641 0.0746401 0.0743527 0.0717702 0.0674567 0.0619576 0.0557473 0.0492017 0.0425923 0.0361065 0.0298784 0.02402 0.0186415 0.0138594 0.00978561 0.00650147 0.00402747
 0.00870835 0.0140391 0.020931 0.0292587 0.0387184 0.0487021 0.058245 0.066226 0.0717525 0.0744401 0.0744014 0.0720456 0.0678887 0.0624542 0.056224 0.0496031 0.0428985 0.0363247 0.0300288 0.0241231 0.0187124 0.0139071 0.00981546 0.00651767 0.00403414
 0.00860556 0.0138815 0.0207104 0.0289709 0.0383606 0.0482712 0.0577407 0.0656613 0.0711665 0.0739023 0.0740016 0.0718673 0.0679775 0.0627981 0.0567574 0.0502308 0.0435275 0.036888 0.0304935 0.0244839 0.0189799 0.0140972 0.00994423 0.00659972 0.00408249
 0.00850576 0.0137309 0.0205056 0.0287167 0.0380685 0.0479558 0.0574167 0.0653406 0.0708568 0.0736094 0.0737365 0.0716546 0.067857 0.0628135 0.0569348 0.0505617 0.043967 0.0373705 0.0309554 0.024881 0.0192927 0.014326 0.0101007 0.00669981 0.00414198
 0.00828016 0.0133883 0.0200357 0.0281277 0.0373869 0.0472235 0.0566884 0.0646788 0.0703219 0.0732459 0.0735627 0.0716636 0.0680273 0.0631223 0.0573653 0.0510993 0.0445892 0.0380389 0.0316187 0.0254869 0.019802 0.0147207 0.0103832 0.00688674 0.00425609
 0.00807796 0.0130698 0.0195764 0.0275149 0.0366253 0.0463425 0.0557475 0.0637647 0.0695322 0.0726655 0.0732442 0.0716199 0.068237 0.063542 0.057944 0.0517884 0.045346 0.0388238 0.0323903 0.026202 0.0204216 0.0152188 0.0107528 0.00713883 0.00441365
 0.008011 0.0129496 0.0193749 0.0271995 0.0361669 0.0457291 0.0549965 0.0629277 0.0686881 0.0719048 0.0726511 0.0712571 0.0681361 0.0637008 0.0583309 0.0523525 0.0460292 0.0395686 0.0331438 0.0269163 0.0210557 0.0157429 0.0111533 0.00741983 0.00459374
 0.00789977 0.0127801 0.0191398 0.0268967 0.0357964 0.0452885 0.054482 0.0623401 0.0680429 0.0712402 0.0720283 0.0707503 0.0678159 0.0636164 0.0584981 0.0527523 0.046614 0.0402742 0.033901 0.0276604 0.0217323 0.0163134 0.0115976 0.00773778 0.00480152
 0.00784202 0.0126781 0.018972 0.0266402 0.0354339 0.0448192 0.0539278 0.0617431 0.0674518 0.0706953 0.0715555 0.0703679 0.0675453 0.0634874 0.0585425 0.0529894 0.0470387 0.040853 0.0345774 0.0283668 0.0224036 0.0168978 0.0120642 0.00807865 0.00502839
 0.00859529 0.0137384 0.0202632 0.0279869 0.0366087 0.0456205 0.0542443 0.0615718 0.0668729 0.069829 0.0705257 0.0692813 0.0664852 0.0625165 0.0577101 0.0523361 0.0465931 0.0406241 0.0345479 0.028494 0.0226286 0.0171593 0.0123119 0.00828096 0.00517396
 0.00926427 0.0148112 0.0218393 0.0301202 0.039263 0.0486196 0.0572494 0.0641311 0.0685514 0.0703606 0.0698992 0.0677131 0.0643101 0.0600699 0.0552573 0.0500563 0.0445949 0.0389658 0.0332498 0.0275433 0.0219838 0.0167593 0.0120884 0.0081708 0.00512779
 0.00910177 0.0146728 0.0218644 0.0305172 0.0402564 0.0503595 0.0597244 0.0671274 0.07168 0.0731432 0.0718867 0.0686033 0.0640244 0.0587578 0.0532267 0.047666 0.0421633 0.0367228 0.0313318 0.026009 0.020834 0.0159543 0.0115644 0.00785535 0.00495306
 0.00882251 0.0142348 0.0212442 0.0297279 0.039374 0.0495467 0.0592292 0.0672301 0.072587 0.0748713 0.0742078 0.0710919 0.0661939 0.0602192 0.0537984 0.0473962 0.0412698 0.0354936 0.0300332 0.0248322 0.0198821 0.0152555 0.0110961 0.0075689 0.00479356
 0.00864849 0.0139428 0.0207887 0.0290639 0.0384715 0.0484161 0.05795 0.065968 0.0715821 0.0743892 0.0744563 0.0721315 0.0678834 0.0622358 0.0557382 0.0489114 0.0421751 0.0357959 0.0298825 0.0244344 0.0194208 0.0148501 0.0107977 0.00737868 0.00468726
 0.00858333 0.0138426 0.0206467 0.0288731 0.0382198 0.0480827 0.0575085 0.0654009 0.0709057 0.0736772 0.0738473 0.0718025 0.0679884 0.0628321 0.0567391 0.050101 0.0432864 0.0366133 0.0303134 0.0245168 0.0192743 0.0146093 0.0105629 0.00719976 0.00457305
 0.0085373 0.0137709 0.0205447 0.0287388 0.0380541 0.0478885 0.057289 0.065156 0.0706297 0.0733625 0.0734982 0.0714547 0.0677189 0.0627439 0.0569166 0.0505582 0.0439422 0.0373157 0.0309043 0.0248968 0.0194313 0.0146002 0.01047 0.00709126 0.00448625
 0.00866471 0.0139489 0.0207588 0.028957 0.0382361 0.0479995 0.0573109 0.0650896 0.0704871 0.0731576 0.0732407 0.0711531 0.0673909 0.0624279 0.0566724 0.0504489 0.0440018 0.0375236 0.0311869 0.0251608 0.0196072 0.0146677 0.0104528 0.00703237 0.00442263
 0.00872437 0.0140386 0.0208789 0.0291001 0.0383849 0.0481268 0.0573824 0.0650723 0.070362 0.0729306 0.0729433 0.0708307 0.0670872 0.0621745 0.0564906 0.0503564 0.0440137 0.037642 0.0313894 0.0253999 0.0198267 0.0148265 0.0105393 0.00706066 0.00441805
 0.00869959 0.0140145 0.0208722 0.0291349 0.0384846 0.0483016 0.0576188 0.0653313 0.0705887 0.0730711 0.0729617 0.07072 0.0668699 0.061894 0.0561979 0.0500978 0.0438234 0.0375389 0.0313739 0.025453 0.0199151 0.0149149 0.0106032 0.00709318 0.00442599
 0.00859676 0.0138611 0.020668 0.0288918 0.0382269 0.0480642 0.0574424 0.0652535 0.0706311 0.0732269 0.0731929 0.0709687 0.0670793 0.0620286 0.0562525 0.0500939 0.0437965 0.0375236 0.0313928 0.025511 0.0200008 0.0150075 0.0106829 0.00714893 0.00445735
 0.00862182 0.0138863 0.0206778 0.0288636 0.0381394 0.0479089 0.0572334 0.0650282 0.0704396 0.0731148 0.0731855 0.071062 0.0672417 0.0622126 0.0564123 0.0502011 0.0438476 0.0375361 0.0313928 0.0255201 0.020028 0.015049 0.0107277 0.00718668 0.00448288
 0.00863973 0.0139139 0.0207154 0.0289081 0.0381816 0.0479323 0.0572159 0.0649498 0.0702933 0.0729169 0.0729755 0.0708897 0.0671473 0.0622102 0.0564865 0.0503169 0.0439677 0.0376361 0.0314663 0.0255742 0.0200733 0.0150918 0.0107682 0.00722114 0.00450823
 0.00861021 0.013875 0.0206736 0.0288748 0.0381695 0.0479496 0.0572608 0.0650082 0.0703424 0.0729324 0.0729417 0.070808 0.0670385 0.0621071 0.0564196 0.0503013 0.0439985 0.0376945 0.0315317 0.0256332 0.0201218 0.0151314 0.0108008 0.00724747 0.00452788
 0.00867952 0.0139587 0.020747 0.0288996 0.0381074 0.0477821 0.0570034 0.0647086 0.0700613 0.0727188 0.0728163 0.0707636 0.0670526 0.0621578 0.0564952 0.0504 0.0441212 0.0378371 0.0316829 0.0257784 0.0202489 0.015234 0.0108784 0.00730265 0.0045646
 0.00874116 0.0140596 0.0208981 0.0291059 0.0383605 0.0480526 0.0572396 0.0648491 0.0700591 0.0725655 0.0725484 0.070446 0.0667494 0.0619101 0.0563167 0.050286 0.0440606 0.0378193 0.0316979 0.0258155 0.0202964 0.0152819 0.0109197 0.00733433 0.00458662
 0.00898216 0.0144676 0.0215399 0.0300468 0.0396419 0.049658 0.0590663 0.0667055 0.0717012 0.0737584 0.0731284 0.0703576 0.0660497 0.0607422 0.0548643 0.048728 0.0425406 0.0364347 0.0305041 0.0248351 0.019529 0.0147106 0.0105173 0.00706811 0.0044225
 0.00820307 0.0132671 0.0198626 0.0279027 0.0371218 0.0469465 0.056442 0.0645081 0.0702529 0.0732653 0.073614 0.0716657 0.0679104 0.0628614 0.0569962 0.0507103 0.0442925 0.0379331 0.0317559 0.0258573 0.0203403 0.0153301 0.0109674 0.00737553 0.0046178
 0.00839211 0.0134881 0.0200359 0.0279016 0.036808 0.0462267 0.0553197 0.0631008 0.0687679 0.0719463 0.0726786 0.0712523 0.0680457 0.0634613 0.0579008 0.051739 0.045295 0.0388168 0.0324847 0.0264332 0.0207821 0.0156598 0.0112045 0.00753755 0.00472149
 0.00867068 0.0139329 0.0206836 0.028763 0.0378447 0.0473271 0.056293 0.0637132 0.0688221 0.0713702 0.0715708 0.0698528 0.0666477 0.0623111 0.0571316 0.051358 0.0452171 0.0389199 0.0326592 0.0266077 0.0209244 0.0157642 0.0112768 0.0075858 0.00475239
 0.00910194 0.0146545 0.0218045 0.0303883 0.0400408 0.0500694 0.0594164 0.0668998 0.0716486 0.0734052 0.0724878 0.0695198 0.0651634 0.0599727 0.054342 0.0485102 0.0426022 0.0366918 0.0308545 0.0251939 0.0198452 0.0149641 0.0107076 0.00720298 0.00451239
 0.00873405 0.0141111 0.0210936 0.0295675 0.0392199 0.0494034 0.0590856 0.0670709 0.0724141 0.0747233 0.0741594 0.0712293 0.0665762 0.0608453 0.0545952 0.0482325 0.0419904 0.0359622 0.0301715 0.0246416 0.0194397 0.0146845 0.0105227 0.00708517 0.00444081
 0.00858173 0.0138133 0.0205569 0.0286862 0.0379174 0.0476918 0.0571139 0.0651239 0.070848 0.0738604 0.0741869 0.0721406 0.0681716 0.0627928 0.0565327 0.0498745 0.0431963 0.0367399 0.0306243 0.0248973 0.0195975 0.0147986 0.0106122 0.00715321 0.00448795
 0.00903454 0.0144946 0.0214745 0.0297954 0.0391148 0.0488181 0.0579717 0.0655216 0.070669 0.0731296 0.0730876 0.0709576 0.0671824 0.0621633 0.056269 0.0498507 0.0432345 0.0366972 0.0304438 0.0246049 0.0192626 0.014489 0.0103679 0.0069835 0.00438218
 0.00948337 0.0152469 0.022643 0.0314842 0.0413769 0.0515969 0.0610532 0.0685374 0.0731721 0.0747181 0.0735236 0.0702327 0.0655099 0.0599009 0.0538027 0.0474851 0.0411339 0.0348968 0.028908 0.0232909 0.0181534 0.0135895 0.00968385 0.00650318 0.00407354
 0.00862422 0.01392 0.0207857 0.0291091 0.038597 0.0486437 0.0582754 0.0663482 0.0719366 0.074622 0.0745007 0.0719997 0.0676859 0.0621445 0.0558984 0.0493513 0.0427725 0.0363286 0.0301346 0.0242954 0.0189236 0.0141366 0.0100435 0.00672311 0.0041995
 0.00882602 0.0141724 0.0210247 0.029227 0.0384694 0.0481776 0.0574555 0.0652611 0.0707604 0.0735848 0.0738159 0.0717963 0.0679629 0.0627767 0.056694 0.0501326 0.0434329 0.0368401 0.030517 0.0245786 0.0191273 0.0142722 0.0101222 0.00676034 0.00421204
 0.00860618 0.0139265 0.0208544 0.0292785 0.038873 0.048963 0.0584949 0.0662912 0.0714854 0.0738065 0.0735156 0.0711272 0.0671665 0.0620746 0.0562107 0.0498777 0.0433377 0.0368164 0.0305019 0.0245463 0.0190782 0.0142155 0.0100666 0.00671169 0.00417363
#obs surv len freq
 0.00496696 0.00813542 0.0123737 0.0176952 0.0239738 0.0308446 0.0376832 0.0437676 0.0485483 0.0518243 0.0537128 0.0544972 0.0544951 0.0540023 0.0532789 0.052539 0.0519288 0.051484 0.0510666 0.0503076 0.0486245 0.0453863 0.0402158 0.0332818 0.0253663
 0.00518826 0.00849663 0.01292 0.0184697 0.0250092 0.0321506 0.0392328 0.0454924 0.0503477 0.0535836 0.0553216 0.0558582 0.0555263 0.0546354 0.0534591 0.0522285 0.0511135 0.0501826 0.049338 0.0482541 0.0463895 0.0431419 0.0381386 0.0315187 0.0240031
 0.00540341 0.00885263 0.0134675 0.0192597 0.0260836 0.0335259 0.0408844 0.0473484 0.0522996 0.0555075 0.0570975 0.0573813 0.0567099 0.0554096 0.0537676 0.0520274 0.0503741 0.0489007 0.0475485 0.0460461 0.0439126 0.0405957 0.0357407 0.0294586 0.022397
 0.00563797 0.00923409 0.0140423 0.0200723 0.0271697 0.0349006 0.0425287 0.0492025 0.0542683 0.057475 0.0589441 0.0589958 0.0579963 0.0562895 0.0541794 0.0519231 0.0497184 0.0476774 0.0457752 0.0437951 0.0413265 0.0378833 0.0331447 0.0272001 0.0206198
 0.0058759 0.00962487 0.0146376 0.0209224 0.0283131 0.0363486 0.0442501 0.0511198 0.0562707 0.0594417 0.0607634 0.0605727 0.0592514 0.0571553 0.0545977 0.0518435 0.0491002 0.0464948 0.0440331 0.041551 0.0387109 0.0351022 0.0304498 0.0248305 0.0187389
 0.00612382 0.0100309 0.0152543 0.0218007 0.0294926 0.0378421 0.0460273 0.0531008 0.0583372 0.0614594 0.0626054 0.0621341 0.0604542 0.0579447 0.0549346 0.0516963 0.0484393 0.0452974 0.0422982 0.0393238 0.036108 0.0323187 0.0277337 0.0224253 0.0168173
 0.0063651 0.0104265 0.0158558 0.0226583 0.0306455 0.0393029 0.0477662 0.0550404 0.0603621 0.0634388 0.0644134 0.0636636 0.061622 0.0586924 0.0552251 0.0515069 0.0477544 0.0441069 0.0406064 0.0371727 0.0336017 0.0296357 0.0251069 0.0200888 0.0149416
 0.00661876 0.0108421 0.0164872 0.023557 0.0318501 0.0408226 0.0495639 0.0570276 0.0624121 0.0654115 0.0661797 0.0651186 0.0626894 0.0593229 0.0553914 0.0511973 0.0469666 0.0428448 0.0388867 0.0350418 0.0311587 0.0270444 0.022581 0.0178449 0.013139
 0.00684277 0.0112116 0.0170531 0.02437 0.0329504 0.0422238 0.0512365 0.0588925 0.0643517 0.0672917 0.0678722 0.0665159 0.0637113 0.0599175 0.055532 0.0508762 0.0461884 0.0416229 0.0372471 0.0330362 0.0288828 0.0246482 0.0202561 0.0157843 0.0114849
 0.00707864 0.0115962 0.0176338 0.0251915 0.0340456 0.0435996 0.0528598 0.0606845 0.0661983 0.0690644 0.0694494 0.0677963 0.0646201 0.0604075 0.0555814 0.0504834 0.0453659 0.0403933 0.0356456 0.0311201 0.0267456 0.0224276 0.0181223 0.0139058 0.0099834
 0.00729269 0.0119488 0.018173 0.0259636 0.0350853 0.0449138 0.0544119 0.0623909 0.0679412 0.070716 0.0708944 0.0689439 0.0654072 0.0607968 0.055558 0.0500504 0.0445398 0.0392015 0.0341281 0.0293366 0.0247864 0.0204175 0.0162103 0.0122357 0.0086561
 0.00743779 0.0121916 0.0185513 0.0265178 0.0358502 0.0459068 0.0556189 0.0637603 0.0693892 0.0721409 0.0721923 0.0700224 0.0661936 0.0612425 0.0556382 0.0497611 0.0438927 0.0382214 0.0328534 0.0278251 0.0231218 0.0187116 0.0145923 0.0108269 0.00753987
 0.00751545 0.0123177 0.0187416 0.0267891 0.0362203 0.0463923 0.0562315 0.0645013 0.0702444 0.0730771 0.0731572 0.0709477 0.0670032 0.0618629 0.0560085 0.0498392 0.0436589 0.0376776 0.0320236 0.0267569 0.0218891 0.0174132 0.0133407 0.00972694 0.00666362
 0.00759911 0.0124463 0.0189215 0.0270219 0.0365037 0.0467223 0.0566035 0.0649115 0.0706906 0.0735591 0.073673 0.071487 0.0675404 0.062355 0.0563993 0.0500695 0.0436779 0.0374536 0.0315509 0.02606 0.0210233 0.0164608 0.0123982 0.00888527 0.00598659
 0.00766081 0.0125416 0.0190555 0.0271953 0.0367129 0.0469589 0.0568553 0.0651644 0.0709341 0.0737905 0.0738999 0.0717234 0.0677975 0.0626311 0.0566734 0.0503012 0.0438151 0.0374455 0.0313623 0.0256838 0.0204863 0.0158211 0.0117333 0.0082728 0.00548398
 0.00771366 0.0126208 0.0191622 0.0273263 0.0368613 0.0471161 0.0570127 0.065314 0.0710692 0.0739084 0.0740028 0.0718194 0.0678989 0.0627491 0.0568111 0.0504471 0.0439408 0.0375103 0.0313247 0.0255166 0.0201891 0.0154243 0.0112911 0.00784648 0.00512333
 0.00776629 0.012701 0.0192726 0.0274649 0.0370218 0.0472876 0.057181 0.0654634 0.0711861 0.0739856 0.0740416 0.0718296 0.0678945 0.0627454 0.0568198 0.0504724 0.0439752 0.0375332 0.0313067 0.0254294 0.0200185 0.0151787 0.0110012 0.00755472 0.00486854
 0.00780845 0.0127649 0.0193599 0.0275739 0.0371472 0.0474218 0.057314 0.065584 0.0712835 0.0740514 0.0740729 0.071829 0.0678706 0.0627095 0.0567841 0.0504459 0.0439604 0.0375235 0.0312863 0.0253782 0.0199207 0.0150317 0.0108191 0.00736349 0.00469567
 0.00786192 0.0128471 0.0194745 0.0277207 0.0373211 0.0476131 0.057508 0.0657622 0.0714272 0.0741461 0.0741118 0.0718134 0.0678089 0.0626147 0.0566711 0.0503291 0.0438508 0.0374257 0.0311971 0.0252877 0.0198177 0.0149102 0.0106829 0.00722539 0.00457167
 0.00789284 0.0128973 0.0195497 0.0278255 0.0374575 0.0477779 0.0576913 0.0659473 0.0715941 0.0742762 0.0741919 0.0718384 0.0677808 0.0625414 0.0565645 0.0502031 0.0437187 0.0372979 0.0310786 0.0251778 0.0197116 0.0148038 0.010576 0.00712329 0.0044824
 0.00787852 0.0128742 0.0195159 0.0277801 0.0374025 0.0477193 0.0576397 0.0659164 0.0715959 0.0743164 0.0742671 0.0719367 0.0678858 0.0626375 0.0566403 0.0502535 0.0437443 0.0373029 0.0310681 0.0251555 0.019679 0.0147615 0.0105261 0.00707028 0.00443258
 0.00791678 0.0129258 0.019574 0.0278318 0.0374326 0.0477161 0.0576005 0.0658488 0.0715156 0.0742424 0.0742162 0.0719189 0.0679024 0.0626808 0.0566972 0.0503098 0.0437892 0.0373308 0.0310783 0.0251501 0.0196611 0.0147341 0.0104926 0.00703475 0.0043993
 0.00790602 0.0129138 0.0195654 0.0278328 0.0374471 0.0477417 0.0576257 0.0658567 0.0714918 0.0741836 0.0741341 0.0718357 0.0678414 0.0626574 0.0567143 0.0503589 0.0438552 0.0373981 0.0311351 0.0251902 0.0196832 0.0147403 0.0104867 0.00702146 0.00438341
 0.00789546 0.0128892 0.0195152 0.0277439 0.0373102 0.0475588 0.0574147 0.0656482 0.0713179 0.0740658 0.0740775 0.0718334 0.0678832 0.0627365 0.0568269 0.0505006 0.0440169 0.037566 0.0312937 0.0253266 0.0197898 0.0148155 0.0105337 0.00704657 0.00439378
 0.0078911 0.0128813 0.0195015 0.0277202 0.0372701 0.0474937 0.0573162 0.0655123 0.0711506 0.0738858 0.0739122 0.0717104 0.0678205 0.0627381 0.0568859 0.0506043 0.0441514 0.0377173 0.0314477 0.0254696 0.019911 0.0149086 0.0105983 0.00708648 0.00441534
 0.00787089 0.0128473 0.0194483 0.0276427 0.0371648 0.0473609 0.0571614 0.0653457 0.0709844 0.0737312 0.0737794 0.0716099 0.0677638 0.0627355 0.0569422 0.0507158 0.0443064 0.0378989 0.0316376 0.0256508 0.0200699 0.0150367 0.0106926 0.00714954 0.00445334
 0.00785453 0.0128195 0.0194041 0.0275768 0.0370725 0.0472402 0.0570149 0.0651816 0.0708154 0.0735723 0.0736447 0.0715102 0.0677065 0.0627248 0.0569802 0.0508017 0.0444353 0.0380606 0.0318173 0.0258315 0.0202358 0.0151759 0.0107994 0.00722406 0.00450041
 0.00782743 0.0127759 0.0193397 0.0274876 0.0369563 0.0470976 0.0568506 0.0650047 0.070639 0.0734107 0.0735117 0.0714169 0.0676603 0.062729 0.0570339 0.0509012 0.0445739 0.0382291 0.0320036 0.0260209 0.0204133 0.0153289 0.01092 0.00731076 0.00455693
 0.00781207 0.0127455 0.0192841 0.0273947 0.0368157 0.0469059 0.056616 0.0647475 0.0703864 0.0731899 0.0733436 0.0713137 0.067626 0.0627615 0.0571266 0.0510446 0.0447567 0.0384386 0.032226 0.0262419 0.0206183 0.0155056 0.0110607 0.00741335 0.00462503
 0.00777632 0.0126902 0.0192058 0.0272912 0.0366853 0.0467472 0.0564286 0.0645347 0.0701581 0.0729636 0.0731429 0.0711631 0.0675444 0.0627577 0.057199 0.0511829 0.0449458 0.0386614 0.0324649 0.0264796 0.0208392 0.0156969 0.0112139 0.00752622 0.0047009
 0.00774211 0.0126315 0.0191122 0.0271521 0.0364937 0.0465045 0.0561481 0.0642404 0.0698786 0.0727241 0.0729601 0.0710461 0.067498 0.0627845 0.0572985 0.0513495 0.0451678 0.0389216 0.0327434 0.026756 0.0210949 0.0159173 0.0113903 0.0076562 0.00478858
 0.00931977 0.0148388 0.0217733 0.0298827 0.0388115 0.0480072 0.0566553 0.0638213 0.0687722 0.0712196 0.0713071 0.0694188 0.065999 0.0614647 0.0561769 0.0504272 0.0444356 0.0383637 0.0323384 0.026479 0.0209187 0.0158152 0.011338 0.00763398 0.00478199
 0.00931989 0.0151278 0.0227171 0.0319327 0.0423077 0.0529115 0.0623827 0.0693351 0.0729509 0.0732992 0.0711335 0.0673907 0.0627953 0.0577554 0.0524564 0.0469865 0.0414113 0.0358006 0.0302342 0.0248075 0.0196403 0.01488 0.010689 0.00721049 0.0045244
 0.00898665 0.0146075 0.0219953 0.0310658 0.0414735 0.0524413 0.0627188 0.0708707 0.0757899 0.0770799 0.0750761 0.0705909 0.0646003 0.0579897 0.0513892 0.0451165 0.039235 0.0336786 0.0283681 0.0232779 0.0184549 0.0140088 0.0100839 0.0068159 0.00428475
 0.00879973 0.0142959 0.0215129 0.0303692 0.0405399 0.0513008 0.0614947 0.0698046 0.0752186 0.0773407 0.0763531 0.0727748 0.0672613 0.0605173 0.0532374 0.0460107 0.0392251 0.0330361 0.0274246 0.0223018 0.0176057 0.0133499 0.0096163 0.00650953 0.00409929
 0.0087461 0.0141975 0.0213435 0.0300951 0.0401253 0.0507187 0.0607419 0.0689191 0.0742957 0.0765417 0.0758909 0.0728592 0.0680065 0.0618546 0.0548969 0.0476095 0.0404219 0.033662 0.0275141 0.0220262 0.0171688 0.0129096 0.00925774 0.00625679 0.0039406
 0.00871376 0.014148 0.0212736 0.0300011 0.0400001 0.0505483 0.060505 0.0685925 0.0738665 0.0760242 0.0753436 0.0723909 0.067759 0.0619557 0.0553957 0.0484298 0.0413727 0.0345121 0.02809 0.0222741 0.0171479 0.0127361 0.00904229 0.0060694 0.00380765
 0.00869127 0.0141108 0.0212166 0.0299198 0.0398919 0.0504137 0.0603483 0.0684184 0.0736757 0.0758115 0.0751026 0.0721279 0.0675081 0.0617833 0.0553825 0.0486319 0.0417821 0.0350443 0.028615 0.0226744 0.0173674 0.0127902 0.00899117 0.00597868 0.00372237
 0.00869279 0.0141091 0.0212064 0.0298935 0.0398413 0.0503334 0.060238 0.0682838 0.0735267 0.0756581 0.0749514 0.0719809 0.0673674 0.0616594 0.0553016 0.0486323 0.0418958 0.0352732 0.0289187 0.0229828 0.0176129 0.0129371 0.00904456 0.00597033 0.00368834
 0.00867546 0.0140843 0.021175 0.0298578 0.0398033 0.050293 0.0601917 0.0682263 0.0734537 0.0755693 0.0748518 0.0718786 0.0672711 0.0615765 0.0552407 0.0486065 0.041922 0.035364 0.0290709 0.0231714 0.0177983 0.0130834 0.00913423 0.00600815 0.00369242
 0.0086731 0.0140804 0.0211692 0.02985 0.0397941 0.0502835 0.0601835 0.0682201 0.0734477 0.0755587 0.0748296 0.0718395 0.0672137 0.0615056 0.0551662 0.0485416 0.0418813 0.0353604 0.0291106 0.0232488 0.017896 0.0131779 0.00920675 0.00605134 0.00371039
 0.00866847 0.0140727 0.0211573 0.0298327 0.0397709 0.0502548 0.0601512 0.0681876 0.0734193 0.0755378 0.0748173 0.0718332 0.0672086 0.0614966 0.0551506 0.0485217 0.0418641 0.0353556 0.0291265 0.0232881 0.0179534 0.0132415 0.00926341 0.00609241 0.00373421
 0.00865633 0.014054 0.0211311 0.0297989 0.03973 0.0502084 0.0601019 0.0681389 0.0733756 0.0755035 0.0747962 0.0718272 0.0672169 0.0615153 0.0551747 0.0485463 0.0418871 0.0353787 0.0291539 0.0233236 0.0179971 0.0132893 0.00930837 0.00612833 0.00375837
 0.00865574 0.0140522 0.0211267 0.0297903 0.0397156 0.0501874 0.0600748 0.0681078 0.0733433 0.0754732 0.0747704 0.071808 0.0672058 0.0615131 0.0551807 0.0485584 0.0419031 0.0353969 0.0291744 0.0233474 0.018025 0.0133199 0.00933844 0.00615407 0.0037773
 0.00863069 0.0140157 0.0210796 0.0297361 0.0396591 0.0501334 0.0600264 0.0680668 0.0733107 0.0754499 0.0747578 0.0718073 0.0672175 0.0615363 0.0552137 0.0485985 0.0419471 0.035442 0.0292184 0.0233891 0.0180639 0.0133555 0.0093695 0.00617923 0.00379571
 0.00863119 0.014012 0.0210661 0.0297055 0.0396055 0.0500558 0.0599319 0.0679691 0.0732258 0.0753899 0.0747278 0.0718054 0.0672381 0.0615733 0.0552617 0.0486535 0.0420056 0.0355009 0.0292749 0.0234412 0.0181102 0.0133951 0.0094019 0.00620419 0.00381348
 0.00863119 0.014012 0.0210661 0.0297055 0.0396055 0.0500558 0.0599319 0.0679691 0.0732258 0.0753899 0.0747278 0.0718054 0.0672381 0.0615733 0.0552617 0.0486535 0.0420056 0.0355009 0.0292749 0.0234412 0.0181102 0.0133951 0.0094019 0.00620419 0.00381348
 0.00901388 0.014617 0.0219414 0.030875 0.0410542 0.051712 0.0616557 0.069564 0.0744814 0.0761398 0.0748934 0.0714066 0.0663721 0.0603798 0.0538895 0.0472363 0.0406484 0.0342758 0.0282236 0.0225805 0.0174383 0.012897 0.00905354 0.0059761 0.00367481
 0.00823229 0.0134245 0.0202974 0.0288083 0.0386711 0.0491972 0.0592655 0.0675957 0.0732081 0.0757315 0.0753647 0.0726221 0.0681007 0.0623667 0.0559132 0.0491383 0.0423366 0.0357119 0.0294043 0.0235215 0.0181635 0.013434 0.00943217 0.00622782 0.00383103
 0.00848489 0.013733 0.0205741 0.0289119 0.0384489 0.0485517 0.0582094 0.066263 0.0718151 0.0745108 0.0745041 0.0722258 0.0681783 0.0628447 0.0566638 0.0500176 0.0432191 0.0365108 0.0300753 0.0240538 0.0185667 0.0137267 0.00963531 0.00636152 0.00391364
 0.00870498 0.0141231 0.0212123 0.0298669 0.0397354 0.0500753 0.0597405 0.067478 0.0724098 0.0743288 0.0736046 0.0708505 0.0666453 0.061433 0.055544 0.0492392 0.0427413 0.0362494 0.0299436 0.0239869 0.0185271 0.0136981 0.0096132 0.00634539 0.00390312
 0.00914653 0.0148397 0.0222876 0.0313752 0.041722 0.0525239 0.0625337 0.0703741 0.0750579 0.0763329 0.0746234 0.0707019 0.0653704 0.0592869 0.0529095 0.0465064 0.0402093 0.0340851 0.028197 0.0226341 0.017513 0.012963 0.00910207 0.00600866 0.00369565
 0.008802 0.0143459 0.0216709 0.0307119 0.0411298 0.0521418 0.0624976 0.0707897 0.0759681 0.0776832 0.0762422 0.0723209 0.0666918 0.060077 0.0530758 0.0461194 0.0394567 0.0331893 0.027339 0.0219173 0.0169687 0.0125774 0.00884346 0.00584381 0.00359637
 0.00858487 0.0139495 0.0210005 0.0296692 0.0396585 0.0502879 0.0604525 0.0688763 0.0745566 0.0770729 0.0765662 0.0735104 0.0685043 0.0621676 0.0550914 0.0477884 0.0406477 0.0339144 0.0277079 0.0220692 0.0170181 0.0125927 0.00885315 0.00585405 0.00360572
 0.00886156 0.0143652 0.021557 0.0303314 0.0403457 0.0508744 0.0607841 0.0688131 0.0740381 0.0761724 0.0754928 0.0725413 0.0678765 0.0619874 0.055306 0.0482277 0.0411072 0.0342377 0.0278312 0.0220164 0.016862 0.0124089 0.00869267 0.00573737 0.00353176
 0.00935603 0.0151735 0.0227757 0.032037 0.0425586 0.0535104 0.0636166 0.0714821 0.0761263 0.077325 0.0755292 0.0715101 0.066034 0.0597091 0.0529665 0.0460977 0.039308 0.0327637 0.0266149 0.0209929 0.0160001 0.0117071 0.00815628 0.00535985 0.00328953
 0.00832135 0.0135927 0.0205948 0.0292973 0.0394142 0.0502339 0.0605873 0.0691306 0.0748228 0.0772516 0.0766099 0.0734467 0.0684284 0.0622026 0.055327 0.048228 0.0411947 0.0344143 0.0280214 0.0221344 0.0168659 0.0123145 0.00854944 0.00559538 0.00342085
 0.00872958 0.0141063 0.0210918 0.0295757 0.0392518 0.0494844 0.0592612 0.0674142 0.0730256 0.0757108 0.0755928 0.0730837 0.0686907 0.0629316 0.0563033 0.0492506 0.0421338 0.0352169 0.028683 0.0226649 0.0172729 0.0126051 0.00873794 0.00570455 0.0034768
 0.009049 0.014676 0.0220295 0.0309875 0.0411656 0.0517674 0.0615794 0.0692925 0.0740138 0.0755741 0.0744127 0.0712086 0.0665769 0.0609706 0.0547197 0.0480936 0.0413364 0.0346726 0.0283002 0.0223856 0.0170656 0.0124517 0.00862567 0.00562402 0.00342125
#pred catch len freq
 0.00514012 0.00807573 0.0116654 0.0157731 0.0203077 0.0252127 0.0303866 0.0356316 0.0406841 0.0452815 0.0492082 0.0523169 0.0545429 0.0559102 0.0565209 0.0565358 0.0561529 0.0555702 0.0549009 0.0540435 0.0525802 0.0498338 0.0451673 0.0384134 0.0301444
 0.00556553 0.00868364 0.0124297 0.0166286 0.0211839 0.0260806 0.0312833 0.0366405 0.0418756 0.0466525 0.0506599 0.0536862 0.0556663 0.0566817 0.0569138 0.0565814 0.0558938 0.0550124 0.0539944 0.0527079 0.0507691 0.0476058 0.042714 0.0360155 0.0280737
 0.00597023 0.00931377 0.0133226 0.017791 0.0225823 0.0276344 0.0328706 0.0381268 0.0431631 0.0477207 0.0515608 0.05449 0.056395 0.0572818 0.0572836 0.0566253 0.0555573 0.0542781 0.052855 0.0511522 0.0488048 0.0453075 0.0402535 0.033638 0.0260215
 0.00636486 0.00993099 0.014208 0.0189752 0.0240807 0.0294427 0.0349494 0.0403818 0.0454379 0.049817 0.053289 0.0557265 0.0571134 0.0575335 0.0571418 0.0561333 0.0547126 0.0530513 0.0512179 0.0491012 0.0463824 0.0426249 0.0375001 0.0310537 0.02383
 0.0067854 0.0105824 0.0151302 0.0201893 0.0255934 0.0312508 0.0370363 0.042705 0.0479142 0.0523125 0.0556214 0.0576879 0.0585137 0.0582498 0.0571465 0.05548 0.0534909 0.0513405 0.0490701 0.0465589 0.043517 0.0395712 0.0344631 0.0282735 0.021516
 0.00717719 0.011196 0.0160114 0.0213682 0.0270841 0.03305 0.039117 0.0450106 0.0503577 0.054782 0.0579844 0.0597931 0.0601973 0.0593529 0.0575451 0.055114 0.0523745 0.0495467 0.0467028 0.0437355 0.0403757 0.0362907 0.0312676 0.0254023 0.0191632
 0.0076437 0.0119102 0.0170059 0.0226496 0.0286411 0.0348635 0.0411617 0.0472455 0.0527147 0.0571605 0.0602571 0.0618187 0.0618347 0.0604723 0.0580355 0.0548931 0.0514021 0.047837 0.0443285 0.0408248 0.0371077 0.0328906 0.0279911 0.0224969 0.0168133
 0.008089 0.0125963 0.0179685 0.0238989 0.0301644 0.0366302 0.0431242 0.0493376 0.0548547 0.0592582 0.06222 0.063553 0.0632441 0.0614596 0.0585073 0.054768 0.0506207 0.0463756 0.0422156 0.0381551 0.0340486 0.0296738 0.0248833 0.0197493 0.0146042
 0.00839602 0.0130846 0.0186841 0.0248793 0.0314343 0.0381935 0.0449526 0.051363 0.056972 0.0613403 0.0641376 0.0651921 0.0645156 0.0622991 0.0588676 0.0546091 0.0499069 0.0450831 0.0403515 0.0357817 0.0313012 0.0267603 0.0220545 0.0172453 0.0125947
 0.00861507 0.0134298 0.0191849 0.0255607 0.0323182 0.0392988 0.0462884 0.0529167 0.0586975 0.0631524 0.0659174 0.066804 0.0658314 0.0632187 0.0593275 0.0545769 0.0493691 0.0440374 0.0388124 0.0337994 0.0289837 0.0242805 0.0196297 0.015089 0.0108605
 0.0088196 0.0137563 0.0196656 0.0262226 0.0331804 0.0403668 0.0475478 0.0543295 0.0602049 0.0646819 0.0673879 0.0681285 0.0669197 0.0639853 0.0597028 0.0545161 0.0488539 0.0430726 0.0374238 0.0320416 0.0269532 0.0221235 0.0175286 0.0132243 0.00936278
 0.00902138 0.0140722 0.0201197 0.0268322 0.0339573 0.041317 0.0486664 0.0555924 0.0615628 0.0660603 0.0686956 0.0692717 0.0678162 0.064573 0.0599404 0.05438 0.0483351 0.0421771 0.0361765 0.0304933 0.0251902 0.0202708 0.0157378 0.0116432 0.00809753
 0.00920138 0.01434 0.0204777 0.0272699 0.0344589 0.0418728 0.0492795 0.0562757 0.0623274 0.066902 0.0695852 0.0701534 0.0686156 0.0652106 0.0603456 0.0545007 0.0481407 0.0416582 0.0353457 0.0293896 0.0238848 0.0188679 0.0143634 0.0104198 0.00711333
 0.00932502 0.014531 0.0207461 0.027617 0.0348764 0.0423429 0.0497763 0.056771 0.0628002 0.0673472 0.0700137 0.0705805 0.0690437 0.0656172 0.0606831 0.0547073 0.0481566 0.0414396 0.0348744 0.0286797 0.0229853 0.0178608 0.0133514 0.00950441 0.00636922
 0.00941419 0.0146677 0.0209367 0.0278638 0.0351787 0.0426987 0.0501814 0.0572147 0.0632614 0.0677951 0.0704155 0.0709123 0.0692983 0.0658005 0.0608025 0.0547576 0.0481146 0.0412706 0.0345478 0.0281847 0.0223428 0.0171245 0.0125982 0.00881432 0.0058033
