SBPRF35
6.41638
Curr Bio
437906
B35
457445
F35
0.232806
FOFL
0.198401
OFL
60413.9
Bzero
1.83325e+06
#pred survey bio
 4.73362e+06 3.5407e+06 3.27855e+06 3.18932e+06 2.93896e+06 2.73245e+06 2.30993e+06 2.0463e+06 1.91199e+06 1.80602e+06 1.64619e+06 1.40676e+06 1.18802e+06 1.00904e+06 862661 759004 691951 681628 677902 687665 687458 621146 549301 498978 477988 484907 494885 517021 536529 559677 561601 547029 559860 569057 573637 570096 581651 599668 621197 608810 594965 558647 523324 512588 508674 533936 592702 653331 671134 677752 670262 648618 606324 538488 571884 621445 665034 684891 643675 594414 594855 533180 444183 1.39648e+07 8.3256e+06 8.69092e+06 9.5328e+06 1.05529e+07 1.15322e+07 1.23639e+07 1.3019e+07 1.35103e+07 1.38671e+07 1.4121e+07 1.42996e+07 1.44245e+07 1.45118e+07 1.45729e+07 1.46159e+07 1.46464e+07 1.46682e+07 1.46838e+07 1.46952e+07 1.47034e+07 1.47095e+07 1.47139e+07 1.47173e+07 1.47197e+07 1.47216e+07 1.47229e+07 1.47239e+07 1.47247e+07 1.47253e+07 1.47257e+07 1.4726e+07 1.47263e+07 1.47265e+07 1.47266e+07 1.47267e+07 1.47268e+07 1.47269e+07 1.47269e+07 1.47269e+07 1.4727e+07 1.4727e+07 1.4727e+07 1.4727e+07 1.4727e+07 1.4727e+07 1.4727e+07 1.4727e+07 1.4727e+07 1.4727e+07 1.4727e+07 1.4727e+07 1.4727e+07 1.4727e+07 1.4727e+07 1.4727e+07 1.4727e+07 1.4727e+07 1.4727e+07 1.4727e+07 1.4727e+07 1.4727e+07 1.4727e+07 1.4727e+07 1.4727e+07 1.4727e+07 1.4727e+07 1.4727e+07 1.4727e+07 1.4727e+07 1.4727e+07 1.4727e+07 1.4727e+07 1.4727e+07 1.4727e+07 1.4727e+07 1.4727e+07 1.4727e+07 1.4727e+07 1.4727e+07 1.4727e+07 1.4727e+07 1.4727e+07 1.4727e+07 1.4727e+07 1.4727e+07 1.4727e+07 1.4727e+07 1.4727e+07 1.4727e+07 1.4727e+07 1.4727e+07 1.4727e+07 1.4727e+07 1.4727e+07 1.4727e+07 1.4727e+07 1.4727e+07 1.4727e+07 1.4727e+07 0 0 0 0 0 0 0 0 0 0 0 0 0 0 0 0 0 0 0 0 0 0 0 0 0
#obs survey bio
 5.56086e+06 3.79114e+06 3.37718e+06 3.46794e+06 2.07052e+06 3.82664e+06 1.72027e+06 1.9133e+06 2.2049e+06 2.03161e+06 1.9028e+06 1.35479e+06 982316 1.1807e+06 964774 723862 470522 627179 538715 1.06081e+06 803642 646234 514994 395742 580317 456039 545017 543181 488152 655656 681433 376435 581362 473162 663611 403437 626526 720360 616355 561877 542362 642548 485263 514012 641382 351396 585480 917392 652869 570656 637731 762342 531194 453043 417976 612129 495081 734874 517986 687654 662522 457114 366525
#pred catch bio
 126070 98908.9 154148 210711 234496 275404 286970 296606 292323 319707 301260 281127 264042 257561 223184 216198 186828 187430 169603 135553 134768 126926 116453 112884 99801.2 105982 96079.3 103792 95868.1 95777.3 95230.9 99560.7 106546 91559.2 89284 96665.4 88458.6 81227 83654.9 85260.6 88333.4 87973.3 89765.9 90374.2 88856.1 84752.6 83489.7 93099.7 87646.5 89896.5 119664 79900.7 128622 61238.5 72273.7 83553.8 107236 110474 135652 93888.8 84979.6 114025 61652.5 60413.9 68627.4 70118.8 76070.2 84058 91763.8 98187.9 103101 106647 109101 110747 111826 112521 112961 113237 113409 113515 113581 113620 113645 113659 113668 113674 113677 113679 113680 113681 113681 113681 113682 113682 113682 113682 113682 113682 113682 113682 113682 113682 113682 113682 113682 113682 113682 113682 113682 113682 113682 113682 113682 113682 113682 113682 113682 113682 113682 113682 113682 113682 113682 113682 113682 113682 113682 113682 113682 113682 113682 113682 113682 113682 113682 113682 113682 113682 113682 113682 113682 113682 113682 113682 113682 113682 113682 113682 113682 113682 113682 113682 113682 113682 113682 113682 113682 113682 113682 113682 113682 113682 113682 0 0 0 0 0 0 0 0 0 0 0 0 0 0 0 0 0 0 0 0 0 0 0 0 0
#obs catch bio
 0 98528.8 154471 210846 234666 275048 286959 297630 292584 320737 300465 280906 263820 258221 222306 216543 188184 189043 171109 135080 134400 126812 116298 113173 99761.2 106360 95889.9 104092 95883.1 95682.1 94938.8 99797.1 106975 91386.1 89089.1 97022.1 88466.2 81179.2 83557.1 85262.8 88295.1 87899.7 89877.9 90327.1 88950.9 84989 83460.2 93094.3 87547.1 89624.7 120590 79209.3 129893 60864.2 72352.9 83477.8 107583 110011 136363 93873.5 84532 114906 61420.1
#pred cpue bio
 4.68371e+06 3.50332e+06 3.24282e+06 3.15264e+06 2.90335e+06 2.69707e+06 2.27776e+06 2.0151e+06 1.87996e+06 1.77322e+06 1.6136e+06 1.37649e+06 1.16013e+06 983187 838542 736125 669405 658393 654120 663240 663268 599213 529662 480944 460498 467284 476904 498395 517234 539752 541839 527928 540334 549377 554236 550859 560578 576024 595947 584275 571262 536570 502736 492361 488532 512718 569199 627741 645036 651497 644241 622558 582309 516153 548716 597403 640104 658759 618402 569305 569370 511085 425133 1.33577e+07 7.93405e+06 8.16223e+06 8.91332e+06 9.91408e+06 1.08905e+07 1.17219e+07 1.2377e+07 1.28682e+07 1.32251e+07 1.3479e+07 1.36576e+07 1.37825e+07 1.38697e+07 1.39309e+07 1.39739e+07 1.40044e+07 1.40261e+07 1.40418e+07 1.40531e+07 1.40614e+07 1.40674e+07 1.40719e+07 1.40752e+07 1.40777e+07 1.40795e+07 1.40809e+07 1.40819e+07 1.40827e+07 1.40832e+07 1.40837e+07 1.4084e+07 1.40842e+07 1.40844e+07 1.40846e+07 1.40847e+07 1.40848e+07 1.40848e+07 1.40849e+07 1.40849e+07 1.40849e+07 1.40849e+07 1.4085e+07 1.4085e+07 1.4085e+07 1.4085e+07 1.4085e+07 1.4085e+07 1.4085e+07 1.4085e+07 1.4085e+07 1.4085e+07 1.4085e+07 1.4085e+07 1.4085e+07 1.4085e+07 1.4085e+07 1.4085e+07 1.4085e+07 1.4085e+07 1.4085e+07 1.4085e+07 1.4085e+07 1.4085e+07 1.4085e+07 1.4085e+07 1.4085e+07 1.4085e+07 1.4085e+07 1.4085e+07 1.4085e+07 1.4085e+07 1.4085e+07 1.4085e+07 1.4085e+07 1.4085e+07 1.4085e+07 1.4085e+07 1.4085e+07 1.4085e+07 1.4085e+07 1.4085e+07 1.4085e+07 1.4085e+07 1.4085e+07 1.4085e+07 1.4085e+07 1.4085e+07 1.4085e+07 1.4085e+07 1.4085e+07 1.4085e+07 1.4085e+07 1.4085e+07 1.4085e+07 1.4085e+07 1.4085e+07 1.4085e+07 1.4085e+07 1.4085e+07 0 0 0 0 0 0 0 0 0 0 0 0 0 0 0 0 0 0 0 0 0 0 0 0 0
#obs cpue bio
 3.0528e+06 2.49836e+06 2.62675e+06 4.60692e+06 2.74298e+06 3.22308e+06 2.51422e+06 1.52716e+06 1.75891e+06 1.48678e+06 1.99166e+06 1.30011e+06 1.40976e+06 745425 960756 652240 625661 648521 682356 687552 639788 538801 580367 513078 385475 440681 512723 399239 582275 525835 536428 526022 500826 820133 516393 568412 605758 462420 699624 566269 681774 481793 473576 557978 346466 605330 662631 534282 632264 842379 492470 789976 537599 620060 694654 655437 714637 892481 597562 431064 721877 480876 539424
#pred surv len freq
 0.00425196 0.00700339 0.0107268 0.0154632 0.021127 0.0274137 0.0337838 0.0396117 0.044427 0.0480647 0.0506285 0.0523439 0.0534338 0.0540677 0.0543629 0.0544067 0.0542798 0.0540556 0.0537439 0.0531764 0.0519098 0.0492783 0.0446788 0.0379808 0.02978
 0.00450078 0.00733913 0.0111072 0.0158121 0.0213625 0.0274887 0.0337117 0.0394575 0.0442656 0.0479369 0.0505245 0.0522256 0.0532774 0.0538964 0.0542484 0.0544373 0.0545115 0.0544695 0.0542322 0.0535712 0.0520475 0.0490723 0.0441598 0.0372798 0.0290642
 0.00462475 0.00757415 0.0115171 0.0164621 0.0222857 0.028644 0.034963 0.0406004 0.045103 0.0483585 0.0505393 0.0519292 0.0527876 0.0533085 0.0536313 0.053852 0.0540166 0.0541007 0.0539703 0.0533314 0.051711 0.0485486 0.0434405 0.0364481 0.028252
 0.00469636 0.00770414 0.0117408 0.016828 0.0228529 0.0294698 0.0360786 0.0419804 0.0466405 0.0498672 0.0517961 0.0527455 0.0530737 0.0530921 0.0530267 0.0530065 0.0530667 0.0531468 0.0530621 0.0524627 0.0508343 0.047614 0.0424413 0.0354405 0.0273323
 0.00491794 0.00804281 0.0122116 0.0174342 0.0235916 0.0303397 0.0370844 0.0431283 0.0479261 0.0512554 0.0532006 0.0540229 0.0540467 0.053602 0.0529899 0.0524423 0.0520826 0.0518902 0.0516691 0.051025 0.0493959 0.0461952 0.0410721 0.0341794 0.0262541
 0.00502792 0.00825397 0.0125873 0.0180488 0.0245069 0.0315726 0.0385831 0.0447781 0.049588 0.0528142 0.0545897 0.0552103 0.0549969 0.0542464 0.0532307 0.0521912 0.051307 0.0506371 0.050051 0.0491822 0.0474619 0.0442834 0.0392824 0.032603 0.0249658
 0.0053205 0.00870017 0.013207 0.0188486 0.0254901 0.0327483 0.0399636 0.0463608 0.0513291 0.0546155 0.0563112 0.0567066 0.0561538 0.0549938 0.0535273 0.0520019 0.0505997 0.0494037 0.0483356 0.047092 0.0451543 0.0419391 0.0370778 0.030686 0.0234336
 0.00553872 0.00908575 0.0138414 0.0198197 0.0268635 0.0345294 0.0420703 0.0486328 0.0535773 0.0566802 0.0580915 0.0581485 0.0572188 0.0556389 0.0537053 0.0516709 0.0497298 0.0479846 0.0463916 0.0447033 0.042469 0.0391635 0.034441 0.0283912 0.0216128
 0.00573907 0.00941595 0.0143493 0.0205592 0.0278918 0.0358958 0.0437965 0.0506888 0.0558651 0.0590368 0.0603176 0.0600541 0.0586643 0.0565488 0.0540531 0.0514513 0.0489396 0.0466233 0.0444794 0.0423078 0.0397276 0.0362837 0.0316704 0.0259611 0.0196797
 0.00591747 0.00970939 0.0147976 0.0212028 0.0287658 0.0370208 0.0451696 0.0522814 0.0576272 0.0609022 0.062201 0.0618447 0.0602278 0.0577461 0.0547665 0.0516026 0.0484909 0.0455685 0.0428424 0.0401558 0.0371909 0.0335628 0.0290118 0.0236032 0.0177908
 0.00613315 0.0100681 0.0153521 0.0220062 0.0298595 0.0384166 0.0468323 0.0541261 0.0595368 0.0627568 0.0639022 0.0633226 0.0614307 0.0586233 0.055257 0.0516368 0.0480039 0.0445179 0.0412251 0.0380241 0.0346678 0.0308448 0.0263447 0.0212287 0.0158825
 0.00638045 0.0104639 0.0159369 0.022815 0.0309177 0.0397316 0.0483828 0.0558539 0.0613495 0.0645404 0.0655403 0.0647148 0.0625049 0.0593367 0.0555853 0.0515573 0.0474854 0.0435248 0.0397375 0.0360675 0.0323385 0.0283171 0.0238475 0.0189927 0.0140776
 0.00656891 0.0107916 0.0164683 0.0236206 0.0320551 0.0412177 0.0501697 0.0578276 0.0633554 0.0664229 0.0671733 0.0660118 0.0634151 0.0598361 0.0556684 0.0512285 0.0467486 0.0423782 0.0381814 0.0341268 0.0300913 0.0259103 0.0214827 0.0168787 0.012371
 0.00670614 0.0110347 0.0168723 0.0242521 0.0329803 0.0424814 0.0517719 0.0597072 0.0653916 0.0684527 0.0690205 0.0675197 0.0644729 0.0603911 0.0557195 0.0508066 0.0458954 0.0411318 0.0365762 0.0322075 0.0279366 0.0236496 0.0192885 0.0149304 0.0108034
 0.00696358 0.0114491 0.0174887 0.025111 0.0341119 0.0438954 0.0534447 0.0615742 0.0673493 0.070371 0.0707579 0.0689397 0.0654608 0.0608704 0.0556619 0.0502304 0.0448522 0.0396885 0.0348032 0.0301807 0.02575 0.0214281 0.0171836 0.0130926 0.0093412
 0.00716184 0.0117746 0.0179841 0.0258167 0.0350574 0.0450855 0.0548472 0.0631182 0.0689387 0.071905 0.0721457 0.0701033 0.0663308 0.0613839 0.0557684 0.0499019 0.044091 0.0385287 0.0333056 0.0284281 0.0238463 0.0194987 0.0153669 0.0115169 0.00809453
 0.00735147 0.0120971 0.0184949 0.0265744 0.0361081 0.0464399 0.0564593 0.0648812 0.0707044 0.0735186 0.0734792 0.0710738 0.0669014 0.0615525 0.0555509 0.0493198 0.0431674 0.0372928 0.0318021 0.0267244 0.0220361 0.0176977 0.0136992 0.010092 0.0069814
 0.00736382 0.0121202 0.0185375 0.0266522 0.0362479 0.0466815 0.0568516 0.065469 0.0715082 0.074515 0.0745947 0.0721971 0.0679102 0.0623409 0.0560462 0.0494848 0.0429934 0.0367927 0.0310079 0.0256905 0.0208423 0.0164462 0.0125017 0.00904813 0.0061562
 0.00752146 0.0123484 0.0188291 0.0269832 0.0365857 0.0469982 0.057136 0.0657321 0.0717799 0.074834 0.0749929 0.0726819 0.0684531 0.0628783 0.0564948 0.0497633 0.0430413 0.0365802 0.0305374 0.0249954 0.0199849 0.015512 0.0115866 0.00823883 0.00551108
 0.00772457 0.01264 0.0191956 0.027385 0.0369652 0.0472958 0.0573062 0.0657555 0.0716706 0.0746418 0.074795 0.0725625 0.068475 0.0630595 0.0567998 0.0501137 0.0433406 0.0367408 0.0305029 0.0247513 0.0195591 0.0149663 0.0110012 0.00769199 0.00505981
 0.00775194 0.012669 0.0192098 0.0273573 0.0368622 0.0470866 0.0569733 0.0653046 0.0711365 0.0740894 0.0743113 0.0722402 0.0683896 0.0632475 0.0572459 0.0507514 0.0440655 0.0374352 0.0310625 0.0251087 0.0196959 0.0149116 0.010817 0.00745132 0.00482561
 0.00777622 0.0127186 0.0193014 0.0275084 0.0370813 0.0473601 0.0572573 0.0655297 0.0712292 0.0740002 0.0740368 0.071829 0.0679301 0.0628426 0.0569833 0.0506779 0.0441742 0.0376696 0.031337 0.0253379 0.019821 0.014915 0.0107201 0.00729876 0.0046645
 0.00778336 0.0127408 0.0193548 0.0276154 0.0372659 0.047639 0.0576294 0.0659678 0.0716781 0.0743837 0.0742753 0.0718638 0.0677469 0.0624813 0.0565281 0.0502295 0.0438155 0.0374404 0.0312272 0.0253009 0.0198001 0.0148682 0.0106337 0.00718462 0.00454645
 0.00779002 0.0127545 0.0193814 0.0276638 0.0373479 0.0477685 0.0578193 0.0662254 0.0719983 0.0747429 0.0746288 0.0721513 0.0679073 0.062474 0.0563504 0.0499214 0.0434474 0.0370864 0.0309388 0.0250936 0.0196576 0.0147612 0.0105382 0.00709163 0.00445993
 0.00781476 0.012799 0.0194559 0.0277802 0.0375162 0.0479923 0.0580918 0.0665298 0.0723124 0.0750442 0.0748969 0.0723662 0.0680457 0.0625102 0.0562642 0.0497099 0.0431331 0.0367152 0.0305657 0.0247634 0.0193924 0.0145602 0.0103881 0.0069782 0.00437413
 0.00778977 0.0127442 0.0193486 0.0275942 0.037233 0.0476163 0.0576616 0.0661145 0.0719926 0.0748856 0.074931 0.0725842 0.0684056 0.0629492 0.0567125 0.0501047 0.0434314 0.0369023 0.0306543 0.0247833 0.0193759 0.0145308 0.0103572 0.00694928 0.00434807
 0.00789244 0.0128964 0.0195491 0.0278285 0.037473 0.0478229 0.0577906 0.0661282 0.071875 0.0746553 0.0746405 0.0723037 0.0681972 0.0628456 0.0567096 0.0501694 0.0435181 0.0369699 0.0306794 0.0247635 0.0193244 0.0144661 0.0102947 0.00689744 0.00430912
 0.00786843 0.0128556 0.0194844 0.0277322 0.0373389 0.0476482 0.0575786 0.0658883 0.0716214 0.0744056 0.0744165 0.0721323 0.0681083 0.0628644 0.0568462 0.0504103 0.0438272 0.0372986 0.0309815 0.0250076 0.0194994 0.0145777 0.0103579 0.00692862 0.00432175
 0.00793846 0.0129574 0.019615 0.0278802 0.037486 0.0477737 0.0576624 0.0659139 0.0715778 0.0742898 0.0742356 0.0719042 0.0678609 0.0626325 0.0566648 0.0503058 0.0438088 0.0373546 0.0310839 0.025123 0.0196006 0.0146508 0.0104015 0.00694951 0.00432872
 0.00790144 0.0128967 0.0195228 0.0277491 0.0373109 0.0475544 0.0574071 0.0656402 0.0713108 0.0740571 0.0740611 0.071803 0.0678372 0.0626817 0.056778 0.0504744 0.0440245 0.0376064 0.0313542 0.0253886 0.0198375 0.0148415 0.0105399 0.00703976 0.00438157
 0.00788262 0.0128604 0.0194577 0.0276415 0.0371483 0.0473314 0.05713 0.0653287 0.0709942 0.0737681 0.073829 0.07165 0.0677756 0.0627133 0.0568951 0.0506622 0.0442652 0.0378813 0.0316441 0.0256731 0.0200965 0.0150585 0.0107056 0.00715443 0.00445317
 0.00785196 0.0128162 0.0194012 0.0275758 0.0370761 0.0472507 0.0570334 0.0652057 0.0708379 0.0735812 0.0736272 0.0714585 0.0676225 0.0626218 0.0568786 0.0507228 0.0443946 0.0380641 0.0318605 0.0259015 0.0203159 0.0152509 0.0108593 0.00726571 0.00452582
 0.00768265 0.0125807 0.0191201 0.0272931 0.0368464 0.0471188 0.0570169 0.0652901 0.0709843 0.0737409 0.0737568 0.0715312 0.067634 0.0625886 0.0568302 0.0506903 0.0444012 0.0381195 0.0319612 0.0260341 0.0204618 0.0153912 0.0109795 0.00735772 0.00458885
 0.00772509 0.0126147 0.0191094 0.0271896 0.0366114 0.0467522 0.0565749 0.0648733 0.0706978 0.0736472 0.0738505 0.0717501 0.0678943 0.0628214 0.0570019 0.0508024 0.0444768 0.0381867 0.0320404 0.0261323 0.0205738 0.015505 0.0110819 0.0074397 0.00464728
 0.0078523 0.0127796 0.0192783 0.0273014 0.036589 0.0465262 0.0561096 0.0641878 0.0698726 0.0728138 0.0731593 0.0713234 0.0677851 0.0630013 0.0573828 0.0512796 0.044966 0.03864 0.032441 0.0264798 0.020871 0.0157521 0.0112777 0.00758449 0.00474573
 0.00862568 0.0138888 0.0206713 0.0288299 0.0380429 0.0476931 0.0568268 0.0643669 0.069503 0.0719588 0.0719498 0.0699405 0.0664243 0.0618265 0.0564887 0.0506805 0.0446142 0.0384612 0.0323667 0.0264627 0.0208846 0.0157822 0.0113146 0.00762074 0.00477584
 0.00933084 0.01503 0.0223682 0.0311611 0.0409954 0.0511015 0.06034 0.0674901 0.0717299 0.0729363 0.0715862 0.0684039 0.0640542 0.0590187 0.0536028 0.0479854 0.0422695 0.0365269 0.030832 0.0252811 0.0200004 0.0151433 0.0108742 0.00733486 0.00460323
 0.00929809 0.0150631 0.0225792 0.031711 0.0420568 0.0527938 0.0626603 0.0702742 0.0746597 0.0755967 0.0735582 0.0693729 0.063896 0.0578277 0.0516486 0.0456198 0.0398286 0.0342641 0.0288945 0.0237225 0.0188104 0.0142777 0.0102758 0.0069447 0.00436562
 0.008979 0.0145801 0.0219253 0.0309211 0.0412206 0.0520634 0.0622426 0.0703905 0.075471 0.0771186 0.075614 0.0716187 0.0659179 0.0592684 0.0523111 0.0455073 0.0391112 0.0331968 0.0277287 0.0226446 0.0179225 0.0136094 0.00981024 0.00664301 0.00418401
 0.00885126 0.0143548 0.0215559 0.0303591 0.0404357 0.0510722 0.0611353 0.0693372 0.0746943 0.0768381 0.0759772 0.0726414 0.0674566 0.0610449 0.0539892 0.0467969 0.039854 0.0333957 0.0275135 0.0222004 0.0174189 0.0131602 0.00946663 0.00640969 0.00404104
 0.00870068 0.0141352 0.0212699 0.0300204 0.0400578 0.0506562 0.0606666 0.0688003 0.0741018 0.0762573 0.0755329 0.0724848 0.0677067 0.0617279 0.055008 0.0479523 0.0409121 0.0341719 0.0279298 0.0222913 0.0172913 0.012936 0.00923962 0.00622943 0.00391976
 0.00862141 0.0140095 0.0210878 0.0297776 0.0397597 0.0503208 0.0603232 0.0684805 0.0738258 0.076026 0.0753374 0.0723308 0.0676345 0.0618061 0.0552965 0.0484556 0.0415574 0.0348297 0.0284678 0.0226291 0.017423 0.0129151 0.00914108 0.0061163 0.00382749
 0.00859502 0.0139701 0.0210349 0.029712 0.0396824 0.0502315 0.0602203 0.0683633 0.0736966 0.0758903 0.0752016 0.0722002 0.067517 0.0617201 0.0552751 0.0485359 0.0417566 0.0351244 0.028795 0.0229125 0.0176084 0.0129907 0.0091325 0.00606488 0.00376873
 0.00858003 0.0139555 0.0210307 0.0297329 0.0397428 0.050338 0.0603655 0.0685247 0.0738419 0.0759869 0.0752262 0.0721442 0.0673881 0.0615405 0.0550782 0.048361 0.0416402 0.0350865 0.0288296 0.022988 0.0176834 0.0130337 0.00913465 0.00603709 0.0037297
 0.00866204 0.0140703 0.0211698 0.0298784 0.0398746 0.0504438 0.0604471 0.0685949 0.0739138 0.0760624 0.0752908 0.0721733 0.0673586 0.0614421 0.0549191 0.0481663 0.041444 0.0349217 0.0287159 0.0229267 0.0176588 0.0130235 0.009122 0.00601616 0.00370399
 0.00877866 0.014243 0.0213975 0.0301469 0.0401578 0.0507082 0.0606579 0.0687237 0.0739476 0.076009 0.0751764 0.07203 0.0672097 0.0612946 0.0547676 0.0480045 0.0412741 0.034756 0.0285716 0.0228161 0.0175838 0.0129766 0.00909155 0.00599305 0.00368426
 0.00877868 0.0142429 0.0213968 0.0301445 0.0401514 0.0506938 0.0606301 0.0686773 0.0738803 0.0759249 0.0750878 0.0719553 0.0671675 0.0612958 0.0548101 0.0480738 0.0413507 0.0348245 0.0286255 0.0228572 0.0176166 0.0130037 0.0091127 0.00600702 0.00369111
 0.00872047 0.0141446 0.0212428 0.0299202 0.0398488 0.0503194 0.060211 0.0682592 0.0735167 0.0756622 0.0749535 0.0719554 0.0672908 0.0615205 0.0551091 0.0484169 0.0417069 0.0351651 0.0289285 0.0231099 0.0178159 0.013153 0.0092184 0.00607701 0.00373365
 0.00881683 0.0142783 0.0214011 0.0300753 0.0399638 0.0503589 0.0601514 0.0680952 0.0732629 0.0753506 0.074628 0.0716623 0.0670682 0.061391 0.0550771 0.0484717 0.0418272 0.0353248 0.0291014 0.0232743 0.0179572 0.0132643 0.00929938 0.00613142 0.00376718
 0.00883436 0.0143097 0.0214524 0.0301511 0.0400621 0.050466 0.0602392 0.068127 0.0732068 0.0751944 0.0743873 0.0713771 0.0667894 0.0611654 0.0549356 0.048425 0.0418678 0.0354319 0.0292479 0.0234331 0.0181062 0.0133894 0.00939459 0.0061974 0.00380884
 0.00884116 0.0143243 0.0214811 0.030202 0.0401435 0.0505823 0.0603869 0.0682909 0.0733598 0.075302 0.0744166 0.0713091 0.0666287 0.0609405 0.0546911 0.0482063 0.0417079 0.0353445 0.0292279 0.0234628 0.0181634 0.0134539 0.00945247 0.00624185 0.00383885
 0.00887945 0.0144267 0.0217074 0.0306271 0.0408318 0.0515505 0.0615743 0.0695592 0.0745281 0.0761986 0.0749225 0.0713767 0.0662791 0.0602489 0.0537673 0.0471732 0.04068 0.0344108 0.0284429 0.0228466 0.017709 0.0131379 0.00924487 0.0061132 0.00376394
 0.00875544 0.0141963 0.0213132 0.030013 0.0399755 0.0505037 0.0604846 0.0686458 0.0740071 0.0761958 0.0754234 0.0722409 0.0673037 0.0612411 0.0545935 0.0477759 0.0410675 0.0346318 0.0285593 0.0229114 0.0177558 0.0131809 0.00928561 0.00614827 0.00379043
 0.00909964 0.0147655 0.0221804 0.0312336 0.0415527 0.0523489 0.0623981 0.0703499 0.0752344 0.0767885 0.0753808 0.0716886 0.0664135 0.0601586 0.0534102 0.0465427 0.0398224 0.0334204 0.027436 0.0219287 0.0169508 0.0125664 0.00884994 0.00586228 0.00361718
 0.00859541 0.0139895 0.0211001 0.0298631 0.0399671 0.0506918 0.0608762 0.0691961 0.0746398 0.076833 0.0760079 0.0727414 0.0677042 0.0615246 0.0547326 0.0477382 0.0408339 0.0342166 0.0280159 0.0223196 0.017197 0.0127145 0.0089377 0.00591477 0.00364883
 0.00845207 0.0137216 0.0206345 0.0291163 0.0388731 0.0492444 0.0591656 0.067415 0.073046 0.075681 0.0754779 0.0728929 0.0684696 0.0627411 0.0561969 0.0492588 0.0422627 0.0354579 0.0290225 0.0230844 0.0177428 0.0130817 0.00917206 0.00605739 0.00373168
 0.00862373 0.0139568 0.0209043 0.0293581 0.038997 0.0491508 0.0587687 0.0666702 0.0719771 0.0743977 0.0741684 0.071782 0.0677537 0.062528 0.0564788 0.0499278 0.0431569 0.0364131 0.0299094 0.0238247 0.0183074 0.0134788 0.00943099 0.00621469 0.00382104
 0.00877069 0.0142237 0.0213532 0.0300519 0.0399691 0.0503638 0.060085 0.0678626 0.0727881 0.0746249 0.073736 0.0707673 0.066362 0.0610293 0.0551286 0.0489008 0.0425148 0.0361155 0.0298551 0.0239004 0.0184229 0.0135812 0.00950087 0.00625361 0.00383884
 0.00908137 0.0146814 0.0219568 0.0307762 0.0407802 0.0512382 0.0610142 0.068833 0.073747 0.0754572 0.0742777 0.0708597 0.0659211 0.0600932 0.0538551 0.0475144 0.0412318 0.0350817 0.029121 0.0234365 0.0181577 0.013439 0.00942457 0.00620968 0.00381146
 0.00927065 0.0150532 0.0226286 0.0318811 0.0424158 0.0533957 0.0635302 0.0714061 0.0760256 0.0771499 0.0752206 0.071014 0.0653308 0.0588501 0.0520922 0.0454122 0.0390085 0.0329564 0.0272671 0.0219487 0.0170496 0.0126657 0.0089147 0.00589049 0.00362198
 0.00883255 0.0143913 0.0217335 0.0307966 0.0412504 0.0523248 0.0627788 0.0711989 0.0765061 0.0783068 0.0768692 0.0728539 0.0670465 0.0601977 0.05294 0.0457408 0.0388897 0.0325246 0.0266817 0.0213542 0.0165441 0.0122908 0.00866658 0.00574128 0.00353913
 0.00880018 0.0142693 0.0214255 0.0301802 0.0402217 0.0508648 0.0610079 0.0693807 0.0749866 0.0774102 0.0767959 0.0736193 0.0684804 0.0620023 0.0547827 0.0473444 0.0400905 0.033284 0.0270609 0.0214682 0.0165145 0.0122121 0.00859295 0.0056919 0.00351272
 0.00945438 0.0152791 0.0228365 0.0319767 0.042305 0.0530374 0.0629781 0.0708137 0.0756073 0.0771161 0.0757118 0.0720515 0.0667935 0.0604871 0.0535768 0.046433 0.0393665 0.0326278 0.0263994 0.0207937 0.0158675 0.0116472 0.00814869 0.00537802 0.00331332
#obs surv len freq
 nan nan nan nan nan nan nan nan nan nan nan nan nan nan nan nan nan nan nan nan nan nan nan nan nan
 0.00448757 0.00735027 0.0111815 0.0159988 0.0216998 0.0279751 0.0342884 0.0400185 0.0446968 0.0481592 0.0505156 0.0520101 0.052901 0.0534123 0.0537257 0.0539799 0.054258 0.0545504 0.0546889 0.0542808 0.0527189 0.0493514 0.0438017 0.0362825 0.027667
 0.00461988 0.00756751 0.0115121 0.0164692 0.0223284 0.0287613 0.0352033 0.0410021 0.0456668 0.0490275 0.0512053 0.0524665 0.0530969 0.0533476 0.0534229 0.0534763 0.0535972 0.0537751 0.0538383 0.0533917 0.0518305 0.0485069 0.0430461 0.035654 0.0271867
 0.0047791 0.00782964 0.0119127 0.0170437 0.0231047 0.0297491 0.0363816 0.0423137 0.0470234 0.0503245 0.0523373 0.0533409 0.0536441 0.0535279 0.0532297 0.0529334 0.0527512 0.0526867 0.0525745 0.0520236 0.0504339 0.0471629 0.0418355 0.0346434 0.0264129
 0.0049754 0.00814849 0.0123923 0.0177199 0.0240051 0.0308831 0.0377293 0.0438206 0.0486053 0.0518801 0.0537607 0.0545308 0.0545107 0.0539992 0.0532596 0.0525073 0.0518886 0.0514383 0.0510176 0.0502569 0.0485741 0.0453385 0.040173 0.0332462 0.0253391
 0.00518785 0.00849816 0.0129264 0.0184846 0.0250365 0.0321922 0.0392877 0.0455567 0.0504157 0.05365 0.0553818 0.0559082 0.0555622 0.0546537 0.0534576 0.0522074 0.0510753 0.0501312 0.0492776 0.0481888 0.0463232 0.0430783 0.0380813 0.0314709 0.0239665
 0.00541494 0.00886942 0.0134893 0.0192855 0.0261125 0.0335583 0.0409222 0.0473943 0.052355 0.055571 0.057164 0.057444 0.0567617 0.0554446 0.0537821 0.0520196 0.0503441 0.0488509 0.0474828 0.0459699 0.0438317 0.0405161 0.0356683 0.0293977 0.0223503
 0.00565583 0.00926275 0.0140845 0.02013 0.0272429 0.0349864 0.0426213 0.0492937 0.0543502 0.0575428 0.0589969 0.059035 0.0580231 0.056303 0.054177 0.0519016 0.0496756 0.0476128 0.0456912 0.0436964 0.0412199 0.0377769 0.0330468 0.0271173 0.020556
 0.00589417 0.0096543 0.0146814 0.0209833 0.0283927 0.0364465 0.0443628 0.05124 0.0563884 0.059546 0.0608454 0.0606274 0.0592781 0.0571565 0.0545767 0.0518027 0.0490401 0.0464154 0.0439351 0.0414373 0.0385877 0.0349782 0.0303346 0.0247324 0.0186629
 0.00613567 0.010052 0.0152893 0.021855 0.029571 0.0379463 0.0461546 0.0532434 0.0584834 0.0615963 0.0627213 0.06222 0.0605045 0.0579578 0.0549126 0.0516433 0.0483604 0.0451967 0.042179 0.0391902 0.0359659 0.0321767 0.0276019 0.0223128 0.0167299
 0.00638306 0.0104554 0.0158988 0.0227185 0.0307254 0.039404 0.0478882 0.0551795 0.0605113 0.0635876 0.0645496 0.0637747 0.0616978 0.0587266 0.0552158 0.0514562 0.0476676 0.0439905 0.0404675 0.0370182 0.0334398 0.0294759 0.0249597 0.0199638 0.0148446
 0.00660692 0.0108248 0.0164648 0.0235315 0.0318249 0.0408024 0.0495545 0.0570349 0.0624419 0.0654673 0.066261 0.0652201 0.0628007 0.0594302 0.055481 0.0512583 0.0469926 0.0428348 0.0388442 0.0349732 0.0310724 0.0269503 0.022489 0.0177637 0.0130746
 0.00682486 0.0111813 0.0170056 0.0243008 0.0328573 0.0421092 0.0511098 0.0587696 0.0642514 0.0672312 0.0678624 0.0665596 0.0638033 0.0600456 0.0556793 0.0510242 0.04632 0.0417259 0.0373153 0.0330698 0.0288869 0.0246311 0.0202272 0.0157523 0.0114562
 0.00705585 0.0115589 0.0175773 0.0251113 0.0339382 0.0434645 0.0527012 0.0605127 0.0660293 0.0689179 0.069345 0.0677497 0.0646394 0.060491 0.0557181 0.0506551 0.045551 0.0405712 0.0358 0.0312415 0.0268318 0.022482 0.0181518 0.0139186 0.00998667
 0.00727428 0.0119191 0.0181284 0.0259011 0.0350024 0.0448099 0.0542888 0.0622539 0.0677984 0.0705784 0.0707742 0.0688547 0.0653613 0.0608034 0.05562 0.0501625 0.0446887 0.0393689 0.0342942 0.0294851 0.0249069 0.0205065 0.0162703 0.0122724 0.0086764
 0.0074441 0.0121994 0.0185582 0.02652 0.0358429 0.0458855 0.0555808 0.0637045 0.0693168 0.0720552 0.0720984 0.0699279 0.0661085 0.0611782 0.0556058 0.0497677 0.0439394 0.0383014 0.032954 0.0279307 0.0232182 0.0187896 0.0146486 0.0108633 0.00756089
 0.00753002 0.0123394 0.0187706 0.0268236 0.0362569 0.0464258 0.0562555 0.0645091 0.0702303 0.0730387 0.0730959 0.070869 0.0669153 0.061776 0.0559334 0.0497861 0.0436352 0.0376857 0.0320598 0.0268119 0.0219509 0.0174708 0.013387 0.00975943 0.00668369
 0.00760684 0.0124609 0.0189472 0.0270633 0.0365641 0.0468009 0.0566939 0.0650013 0.0707647 0.0736037 0.0736794 0.0714536 0.067472 0.0622615 0.0562937 0.0499657 0.0435887 0.0373883 0.0315135 0.0260485 0.0210312 0.0164789 0.0124183 0.00890198 0.00599794
 0.00767346 0.012562 0.0190858 0.0272378 0.0367695 0.0470308 0.0569419 0.065262 0.0710348 0.0738826 0.0739694 0.0717576 0.0677886 0.0625788 0.0565851 0.0501901 0.0436972 0.0373357 0.0312719 0.0256183 0.0204455 0.0158001 0.0117253 0.00827128 0.0054847
 0.00773402 0.0126542 0.0192127 0.0273976 0.0369554 0.0472318 0.0571439 0.0654505 0.0711986 0.0740182 0.0740831 0.0718629 0.0679005 0.0627069 0.0567272 0.0503289 0.0438009 0.0373641 0.0311874 0.0253998 0.0200988 0.0153607 0.0112501 0.00782206 0.00510972
 0.00779159 0.0127419 0.0193336 0.02755 0.0371331 0.0474242 0.0573372 0.0656283 0.071345 0.0741228 0.0741437 0.0718869 0.0679027 0.0627045 0.0567339 0.0503488 0.0438242 0.0373682 0.0311422 0.0252792 0.0198924 0.0150816 0.0109325 0.00750987 0.00484155
 0.00782476 0.0127962 0.0194158 0.0276656 0.0372844 0.0476073 0.0575397 0.0658303 0.0715235 0.0742581 0.0742249 0.0719133 0.0678829 0.062653 0.0566676 0.050282 0.043764 0.0373105 0.0310729 0.0251794 0.0197485 0.0148935 0.0107167 0.00729351 0.00465172
 0.00788383 0.0128824 0.0195274 0.0277953 0.0374221 0.0477444 0.0576714 0.0659548 0.0716391 0.0743596 0.0743033 0.071959 0.0678892 0.0626201 0.0566025 0.0501967 0.0436706 0.0372164 0.0309779 0.0250765 0.0196292 0.0147544 0.010564 0.00714188 0.00451796
 0.00788399 0.0128854 0.0195365 0.0278145 0.0374536 0.0477865 0.0577175 0.0659959 0.0716688 0.0743782 0.0743181 0.0719789 0.0679191 0.0626572 0.056639 0.0502244 0.0436846 0.0372156 0.0309623 0.0250449 0.0195793 0.0146857 0.0104806 0.0070534 0.00443598
 0.00786857 0.0128569 0.0194878 0.0277381 0.0373453 0.0476496 0.0575657 0.0658512 0.0715544 0.0743113 0.074305 0.0720171 0.0680009 0.0627726 0.0567765 0.0503706 0.0438258 0.0373397 0.031061 0.0251134 0.0196161 0.0146925 0.0104629 0.00701991 0.0043971
 0.00790434 0.0129059 0.0195445 0.0277908 0.0373786 0.0476489 0.0575216 0.0657632 0.071432 0.0741728 0.0741738 0.0719151 0.0679429 0.0627633 0.0568114 0.0504388 0.0439134 0.0374325 0.0311461 0.0251812 0.019661 0.0147134 0.010463 0.00700557 0.00437602
 0.00789958 0.0128997 0.0195376 0.0277839 0.0373706 0.0476355 0.0574948 0.0657132 0.0713523 0.0740646 0.0740491 0.071794 0.0678483 0.0627136 0.0568151 0.0504934 0.0440072 0.0375487 0.0312668 0.025291 0.0197492 0.0147751 0.0104988 0.00702065 0.00437749
 0.00790021 0.0128984 0.0195313 0.027769 0.0373442 0.0475968 0.0574465 0.0656604 0.0712989 0.0740117 0.0739943 0.0717359 0.0677898 0.0626638 0.0567866 0.050497 0.0440469 0.0376198 0.0313577 0.0253868 0.0198362 0.0148439 0.0105461 0.007048 0.0043899
 0.00790248 0.0128951 0.0195137 0.0277248 0.0372616 0.04747 0.0572804 0.0654716 0.0711119 0.0738518 0.0738805 0.0716769 0.0677837 0.062702 0.0568589 0.0505953 0.044166 0.0377548 0.0315016 0.0255294 0.019966 0.0149516 0.0106266 0.00710171 0.00442156
 0.0078913 0.0128809 0.0194992 0.0277136 0.0372551 0.0474644 0.0572653 0.0654327 0.0710385 0.0737437 0.0737511 0.0715486 0.06768 0.0626392 0.0568426 0.0506221 0.0442275 0.0378415 0.0316039 0.0256377 0.0200706 0.0150433 0.0106993 0.00715348 0.00445433
 0.00785485 0.012821 0.0194084 0.0275862 0.0370901 0.0472692 0.0570569 0.0652354 0.0708757 0.0736295 0.0736874 0.0715292 0.0676976 0.0626905 0.0569274 0.0507397 0.0443736 0.0380072 0.0317778 0.0258077 0.0202258 0.0151752 0.0108029 0.00722792 0.00450291
 0.00782597 0.0127716 0.0193297 0.0274687 0.0369262 0.0470568 0.0568043 0.0649621 0.0706107 0.0734047 0.0735299 0.0714545 0.0677071 0.0627735 0.0570673 0.0509197 0.0445793 0.0382265 0.031999 0.0260191 0.0204163 0.015336 0.0109289 0.007319 0.00456305
 0.00779103 0.0127146 0.0192436 0.0273467 0.036763 0.046851 0.0565603 0.0646924 0.070335 0.073148 0.073319 0.0713135 0.067653 0.0628119 0.0571915 0.0511127 0.0448186 0.0384893 0.0322652 0.0262721 0.0206426 0.015526 0.0110777 0.00742669 0.00463453
 0.00775701 0.0126565 0.0191512 0.0272092 0.0365723 0.0466054 0.0562692 0.0643761 0.070021 0.072865 0.0730917 0.0711606 0.0675867 0.0628384 0.0573091 0.0513112 0.0450797 0.0387891 0.0325779 0.0265736 0.0209138 0.0157538 0.0112558 0.00755551 0.00472013
 0.00774901 0.0126394 0.0191176 0.0271492 0.036475 0.0464625 0.0560782 0.0641428 0.0697599 0.0725973 0.0728426 0.0709551 0.0674459 0.0627766 0.0573325 0.0514179 0.0452595 0.0390243 0.0328455 0.0268486 0.0211725 0.015978 0.0114349 0.00768698 0.00480846
 0.00936661 0.0149104 0.0218723 0.0300074 0.0389553 0.0481583 0.0567964 0.0639317 0.0688316 0.0712147 0.0712362 0.0692931 0.0658396 0.0612969 0.0560233 0.0503033 0.0443479 0.0383106 0.0323131 0.0264724 0.0209225 0.015823 0.0113461 0.00764065 0.0047868
 0.00931887 0.0151359 0.022747 0.0320011 0.0424299 0.0530929 0.0626122 0.0695846 0.0731825 0.0734756 0.0712283 0.0673931 0.0627104 0.0576018 0.0522611 0.0467785 0.0412154 0.0356334 0.030103 0.0247116 0.0195743 0.0148368 0.0106621 0.00719435 0.00451525
 0.00897824 0.014594 0.021976 0.0310422 0.0414509 0.0524307 0.062736 0.070932 0.075903 0.0772374 0.0752534 0.0707535 0.0647152 0.0580366 0.0513653 0.0450348 0.0391181 0.0335508 0.0282492 0.0231798 0.0183816 0.0139585 0.0100519 0.00679684 0.00427412
 0.00878897 0.014277 0.0214822 0.0303226 0.0404748 0.0512184 0.0614023 0.0697167 0.0751551 0.0773215 0.076391 0.0728694 0.0673962 0.0606644 0.0533667 0.0461001 0.0392667 0.0330363 0.0273982 0.0222649 0.0175707 0.0133231 0.00959881 0.00649964 0.0040944
 0.00872187 0.0141618 0.0212963 0.0300385 0.0400624 0.050652 0.0606731 0.0688497 0.0742295 0.076486 0.0758572 0.0728598 0.0680494 0.0619384 0.055009 0.0477291 0.0405275 0.033739 0.0275588 0.0220442 0.0171701 0.0129039 0.00925146 0.00625247 0.00393845
 0.00870648 0.0141314 0.0212402 0.0299421 0.0399084 0.0504235 0.0603566 0.0684387 0.0737287 0.0759203 0.0752836 0.0723775 0.067791 0.0620295 0.055505 0.0485637 0.0415156 0.0346467 0.0282026 0.0223579 0.0172039 0.0127702 0.00906193 0.0060805 0.00381402
 0.00867521 0.0140843 0.0211759 0.0298607 0.03981 0.0503058 0.0602141 0.0682629 0.0735108 0.0756551 0.0749759 0.0720496 0.0674896 0.061826 0.0554791 0.0487691 0.0419432 0.0352113 0.0287713 0.0228073 0.0174707 0.0128638 0.0090397 0.00600859 0.00373975
 0.00866815 0.0140698 0.0211488 0.0298147 0.0397403 0.0502115 0.0600997 0.068137 0.0733814 0.075525 0.0748408 0.0719031 0.0673321 0.0616738 0.0553678 0.0487456 0.0420447 0.0354415 0.0290887 0.0231386 0.0177433 0.0130371 0.00911498 0.00601597 0.00371564
 0.00867655 0.0140834 0.0211686 0.0298409 0.0397706 0.0502407 0.0601192 0.0681368 0.0733533 0.0754658 0.074753 0.071792 0.0672042 0.0615367 0.0552344 0.0486376 0.0419895 0.0354613 0.0291862 0.0232903 0.0179077 0.0131739 0.00920211 0.00605431 0.00372096
 0.00866639 0.014071 0.0211575 0.0298368 0.0397797 0.0502669 0.0601615 0.0681885 0.0734031 0.0755007 0.0747618 0.0717685 0.067148 0.0614532 0.0551342 0.0485352 0.0419032 0.0354097 0.0291818 0.0233327 0.0179815 0.0132548 0.00926855 0.00609584 0.00373918
 0.00865284 0.0140494 0.0211262 0.0297953 0.0397301 0.0502142 0.0601146 0.0681579 0.0733973 0.0755218 0.0748036 0.0718182 0.0671907 0.0614773 0.0551346 0.048515 0.0418722 0.0353818 0.0291704 0.0233456 0.0180171 0.0133032 0.00931634 0.00613274 0.0037616
 0.00864361 0.0140329 0.0210988 0.029753 0.0396697 0.0501356 0.0600226 0.0680626 0.0733127 0.075462 0.0747792 0.0718322 0.0672377 0.0615448 0.0552074 0.0485799 0.0419227 0.035419 0.0292008 0.0233769 0.0180538 0.0133443 0.00935653 0.00616615 0.00378492
 0.00863538 0.0140208 0.0210828 0.0297335 0.0396467 0.0501083 0.059989 0.0680206 0.0732621 0.0754066 0.0747265 0.0717924 0.0672197 0.0615527 0.0552385 0.0486261 0.0419739 0.0354669 0.0292421 0.0234126 0.0180865 0.0133757 0.00938589 0.00619112 0.00380353
 0.00863148 0.0140153 0.021076 0.0297263 0.0396403 0.0501037 0.0599864 0.0680189 0.0732589 0.0753984 0.0747107 0.0717688 0.0671915 0.0615264 0.0552211 0.048622 0.0419828 0.0354853 0.029265 0.0234361 0.018109 0.0133967 0.00940505 0.00620756 0.00381628
 0.00860848 0.0139806 0.0210288 0.029668 0.0395742 0.050035 0.0599212 0.0679642 0.0732206 0.0753802 0.0747125 0.0717867 0.0672201 0.0615607 0.0552582 0.0486614 0.0420251 0.0355303 0.029311 0.0234805 0.0181491 0.0134309 0.00943255 0.00622848 0.00383112
 0.00860848 0.0139806 0.0210288 0.029668 0.0395742 0.050035 0.0599212 0.0679642 0.0732206 0.0753802 0.0747125 0.0717867 0.0672201 0.0615607 0.0552582 0.0486614 0.0420251 0.0355303 0.029311 0.0234805 0.0181491 0.0134309 0.00943255 0.00622848 0.00383112
 0.00892229 0.0144706 0.0217266 0.0305839 0.0406889 0.0512907 0.061216 0.0691591 0.0741666 0.0759563 0.0748567 0.0715061 0.0665794 0.0606599 0.0542088 0.0475671 0.0409701 0.0345741 0.0284889 0.0228073 0.0176241 0.0130421 0.00916082 0.0060506 0.00372298
 0.0086006 0.0140001 0.0211176 0.0298841 0.0399759 0.0506552 0.0607455 0.0689236 0.0742051 0.0762642 0.0753821 0.0721601 0.0672601 0.0612784 0.0547081 0.0479273 0.0412018 0.0347057 0.0285538 0.0228342 0.017633 0.0130445 0.00916204 0.00605215 0.00372482
 0.00907176 0.0146946 0.0220299 0.0309629 0.0411386 0.0518124 0.0618188 0.0698491 0.0749288 0.0767399 0.0755748 0.0720541 0.0668643 0.0606269 0.0538555 0.0469417 0.0401567 0.0336727 0.0275955 0.021998 0.0169471 0.0125168 0.00878265 0.00579849 0.00356801
 0.00854191 0.0139195 0.0210234 0.029793 0.0399082 0.0506287 0.0607724 0.0690137 0.0743723 0.076527 0.0757534 0.0726291 0.0677785 0.0617648 0.0550707 0.0480959 0.041151 0.0344598 0.028174 0.0223967 0.0172075 0.0126798 0.00888125 0.00585642 0.00360094
 0.00838175 0.013598 0.020433 0.0288123 0.0384525 0.0487171 0.0585736 0.0668273 0.0725384 0.0753146 0.0752888 0.0728963 0.0686656 0.063114 0.0567085 0.0498473 0.0428551 0.0359893 0.0294506 0.0233941 0.0179413 0.0131905 0.00921828 0.00606701 0.00372493
 0.00851346 0.0137968 0.0206978 0.0291164 0.0387317 0.0488645 0.0584526 0.0663152 0.0715922 0.0740222 0.073866 0.0716178 0.0677676 0.0627226 0.0568235 0.050372 0.043643 0.0368854 0.0303223 0.0241495 0.0185353 0.0136188 0.00950353 0.0062433 0.00382627
 0.00874159 0.0141792 0.0212918 0.0299742 0.0398776 0.0502625 0.0599781 0.0677536 0.0726787 0.0745167 0.0736334 0.0706817 0.0663109 0.061031 0.0551936 0.0490263 0.0426847 0.036305 0.0300372 0.0240526 0.0185319 0.013645 0.00952742 0.00625579 0.00382948
 0.00873393 0.0141919 0.0213587 0.0301462 0.0402143 0.0508153 0.0607688 0.0687547 0.0738011 0.0756099 0.074507 0.0711509 0.0662571 0.0604508 0.0542096 0.047847 0.0415323 0.0353454 0.0293447 0.0236167 0.0182917 0.013528 0.0094751 0.00623202 0.0038169
 0.00919478 0.0149156 0.0223985 0.0315296 0.0419329 0.0528122 0.0629278 0.0709038 0.0757386 0.0771433 0.075485 0.0714765 0.0658887 0.059407 0.0525796 0.0457948 0.0392798 0.0331299 0.0273655 0.0219957 0.017064 0.0126609 0.00889969 0.00587178 0.00360419
 0.00882705 0.014385 0.0217269 0.0307864 0.0412237 0.0522562 0.0626353 0.0709583 0.0761822 0.0779622 0.0766013 0.0727529 0.0671509 0.0604765 0.053311 0.0461102 0.0391875 0.0327199 0.0267782 0.0213759 0.0165201 0.0122463 0.00861878 0.00569969 0.00350757
 0.00874876 0.0142063 0.0213679 0.0301544 0.0402535 0.0509644 0.0611591 0.0695423 0.0751078 0.0774536 0.076756 0.0735266 0.0683879 0.0619593 0.0548103 0.0474273 0.0401879 0.0333529 0.0270755 0.021427 0.0164343 0.0121165 0.00850222 0.00561821 0.00345995
 0.0092204 0.0149424 0.0224112 0.0315049 0.0418465 0.0526526 0.062713 0.0706946 0.0756414 0.0772935 0.0760059 0.0724223 0.0671954 0.0608795 0.0539321 0.0467364 0.0396104 0.0328063 0.0265089 0.0208371 0.0158572 0.0116027 0.00809108 0.0053235 0.00327067
#pred catch len freq
 0.00312212 0.00509621 0.00774178 0.0111191 0.015274 0.0201839 0.0256989 0.0315413 0.037367 0.042838 0.0476703 0.0516671 0.0547419 0.0569185 0.0583027 0.0590483 0.059333 0.0593259 0.0591084 0.0585449 0.0571776 0.0542903 0.0492271 0.0418486 0.0328131
 0.00331064 0.00535258 0.00803674 0.0113989 0.0154809 0.020285 0.0257042 0.0314943 0.0373137 0.0427942 0.047614 0.0515612 0.054573 0.0567244 0.0581695 0.0590761 0.0595836 0.0597778 0.0596424 0.0589758 0.0573251 0.0540592 0.0486515 0.0410732 0.032022
 0.00343613 0.00557475 0.00840032 0.0119451 0.0162243 0.0211858 0.0266549 0.0323431 0.0379196 0.0430851 0.0476052 0.0513269 0.0541969 0.0562712 0.0576907 0.0586285 0.0592305 0.0595597 0.0595393 0.0588937 0.0571306 0.0536473 0.0480067 0.0402807 0.0312232
 0.00352681 0.00572907 0.00864851 0.0123278 0.0167925 0.0219928 0.0277359 0.0336824 0.0394218 0.0445715 0.0488543 0.0521468 0.0544926 0.0560661 0.0570968 0.0577933 0.0582926 0.0586224 0.0586535 0.0580501 0.0562742 0.0527197 0.0469962 0.0392453 0.030267
 0.00372641 0.00603373 0.00907166 0.0128733 0.0174613 0.0227919 0.0286822 0.034798 0.0407167 0.0460183 0.0503627 0.0535571 0.0556035 0.0566948 0.0571432 0.0572721 0.0573168 0.0573512 0.0572341 0.0565812 0.0548011 0.0512606 0.0455797 0.0379317 0.0291367
 0.00385919 0.00626735 0.00945522 0.0134611 0.0182984 0.0238929 0.0300154 0.0362879 0.0422691 0.0475501 0.0518164 0.0548859 0.0567417 0.0575381 0.0575616 0.0571543 0.0566204 0.0561254 0.0556026 0.054698 0.0528112 0.0492851 0.043723 0.0362899 0.0277894
 0.00414028 0.00669591 0.0100505 0.0142311 0.0192497 0.0250412 0.0313828 0.0378827 0.0440567 0.0494364 0.0536583 0.0565286 0.0580573 0.0584408 0.0579933 0.057064 0.0559624 0.0548846 0.053825 0.0525007 0.0503668 0.046791 0.041371 0.0342404 0.0261484
 0.00436579 0.00707781 0.0106522 0.0151173 0.0204692 0.0266024 0.0332357 0.0399235 0.0461573 0.0514787 0.0555488 0.0581873 0.0594012 0.05938 0.058443 0.0569569 0.0552548 0.0535601 0.0519086 0.0500798 0.0476031 0.0439085 0.0386175 0.0318354 0.0242351
