SBPRF35
7.78865
Curr Bio
436426
B35
638182
F35
0.211492
FOFL
0.137047
OFL
46579.1
Bzero
2.22533e+006
#pred survey bio
 3.85742e+006 3.4182e+006 3.06964e+006 2.73015e+006 2.40939e+006 2.12302e+006 1.8602e+006 1.62812e+006 1.39751e+006 1.2269e+006 1.09637e+006 977717 901473 834414 774915 746994 714491 697314 675536 657723 639058 625736 622787 617767 625351 619813 621397 618965 611420 597113 584729 573004 563346 552434 554977 562097 566142 578743 581936 602300 610164 609002 611349 610238 615443 607051 601515 564676 552035 547328 531011 519209 514606 490209 459823 440114 1.49804e+007 8.77828e+006 8.9766e+006 9.87361e+006 1.11571e+007 1.25055e+007 1.37267e+007 1.47403e+007 1.55355e+007 1.61364e+007 1.65792e+007 1.69003e+007 1.71309e+007 1.72957e+007 1.74134e+007 1.74976e+007 1.75582e+007 1.76019e+007 1.76337e+007 1.76569e+007 1.76741e+007 1.76868e+007 1.76963e+007 1.77034e+007 1.77088e+007 1.77129e+007 1.77159e+007 1.77183e+007 1.77201e+007 1.77214e+007 1.77225e+007 1.77233e+007 1.77239e+007 1.77244e+007 1.77248e+007 1.77251e+007 1.77253e+007 1.77255e+007 1.77256e+007 1.77257e+007 1.77258e+007 1.77258e+007 1.77259e+007 1.77259e+007 1.77259e+007 1.7726e+007 1.7726e+007 1.7726e+007 1.7726e+007 1.7726e+007 1.7726e+007 1.7726e+007 1.7726e+007 1.7726e+007 1.7726e+007 1.7726e+007 1.7726e+007 1.7726e+007 1.7726e+007 1.7726e+007 1.7726e+007 1.7726e+007 1.7726e+007 1.7726e+007 1.7726e+007 1.7726e+007 1.7726e+007 1.7726e+007 1.7726e+007 1.7726e+007 1.7726e+007 1.7726e+007 1.7726e+007 1.7726e+007 1.7726e+007 1.7726e+007 1.7726e+007 1.7726e+007 1.7726e+007 1.7726e+007 1.7726e+007 1.7726e+007 1.7726e+007 1.7726e+007 1.7726e+007 1.7726e+007 1.7726e+007 1.7726e+007 1.7726e+007 1.7726e+007 1.7726e+007 1.7726e+007 1.7726e+007 1.7726e+007 1.7726e+007 1.7726e+007 1.7726e+007 1.7726e+007 1.7726e+007 1.7726e+007 0 0 0 0 0 0 0 0 0 0 0 0 0 0 0 0 0 0 0 0 0 0 0 0 0
#obs survey bio
 4.12599e+006 1.65374e+006 3.24582e+006 2.68192e+006 1.87086e+006 1.49696e+006 1.16497e+006 1.10088e+006 1.05824e+006 997523 793064 779191 944480 712108 628760 701790 609314 800474 469250 667550 671658 610352 483847 464999 618018 365218 616055 602474 592752 421892 541028 675118 663363 332973 581574 488084 569577 534117 578244 747327 605734 688101 587724 406322 554246 791789 488828 585404 512566 635734 401299 587048 497276 433388 541577 424574
#pred catch bio
 331745 272892 288259 297305 291147 292038 282927 295564 252502 224841 219606 185737 178303 169983 140902 142193 126322 127318 120823 118217 110654 100300 101718 91665.9 102807 95469.4 96503.9 97561.2 99482.9 93816.1 89650.9 86944.8 91038.5 84103.4 83427.9 87574.3 81684.3 90820.6 77881.7 89694.4 96915.5 92816 94976.6 89699.8 100438 96244.4 120373 98039.9 90582.6 98732.5 92688.9 84434.5 97953.3 98948.5 85507.3 73588.3 46579.1 67608 67614.9 72980 82202.1 92239.5 101289 108659 114285 118391 121290 123287 124636 125534 126125 126510 126759 126920 127023 127088 127130 127156 127173 127183 127190 127194 127197 127199 127200 127200 127201 127201 127201 127201 127201 127201 127201 127201 127201 127201 127201 127201 127201 127201 127201 127201 127201 127201 127201 127201 127201 127201 127201 127201 127201 127201 127201 127201 127201 127201 127201 127201 127201 127201 127201 127201 127201 127201 127201 127201 127201 127201 127201 127201 127201 127201 127201 127201 127201 127201 127201 127201 127201 127201 127201 127201 127201 127201 127201 127201 127201 127201 127201 127201 127201 127201 127201 127201 127201 127201 0 0 0 0 0 0 0 0 0 0 0 0 0 0 0 0 0 0 0 0 0 0 0 0 0
#obs catch bio
 256393 274009 290536 300098 294911 296792 288400 303357 258764 229654 226303 191129 183163 174824 144288 145653 128908 129783 123190 120416 112133 101372 103077 92891.5 104870 97514.3 97996.2 98744.1 100789 94857.2 90586.6 87563.6 91866.8 85070.4 83780.2 88151.2 81842.4 91608 78195.4 90450.8 97809.3 93290.3 95076.5 90043.9 101627 96156.9 121362 98383.8 90615.5 98986.8 93016.8 84267.1 97733.2 98714 85437 73514.5
#pred cpue bio
 3.78918e+006 3.3548e+006 3.0108e+006 2.67419e+006 2.35525e+006 2.07076e+006 1.81002e+006 1.58002e+006 1.35204e+006 1.18342e+006 1.05431e+006 937145 862036 796583 738802 711917 680747 664459 643718 626813 609182 596630 593852 588807 595990 590726 592748 591133 584497 571204 559809 548932 539028 526816 528139 534954 539050 551257 554222 573855 581542 580652 583273 582271 587199 579280 574259 538477 526020 521606 506104 494939 490929 467757 438572 420110 1.43403e+007 8.41391e+006 8.45946e+006 9.1741e+006 1.03874e+007 1.17178e+007 1.29352e+007 1.39481e+007 1.47432e+007 1.5344e+007 1.57868e+007 1.61079e+007 1.63385e+007 1.65033e+007 1.6621e+007 1.67053e+007 1.67658e+007 1.68095e+007 1.68413e+007 1.68645e+007 1.68817e+007 1.68944e+007 1.69039e+007 1.6911e+007 1.69164e+007 1.69205e+007 1.69236e+007 1.69259e+007 1.69277e+007 1.69291e+007 1.69301e+007 1.69309e+007 1.69315e+007 1.6932e+007 1.69324e+007 1.69327e+007 1.69329e+007 1.69331e+007 1.69332e+007 1.69333e+007 1.69334e+007 1.69334e+007 1.69335e+007 1.69335e+007 1.69336e+007 1.69336e+007 1.69336e+007 1.69336e+007 1.69336e+007 1.69336e+007 1.69336e+007 1.69336e+007 1.69336e+007 1.69336e+007 1.69336e+007 1.69336e+007 1.69336e+007 1.69336e+007 1.69336e+007 1.69337e+007 1.69337e+007 1.69337e+007 1.69337e+007 1.69337e+007 1.69337e+007 1.69337e+007 1.69337e+007 1.69337e+007 1.69337e+007 1.69337e+007 1.69337e+007 1.69337e+007 1.69337e+007 1.69337e+007 1.69337e+007 1.69337e+007 1.69337e+007 1.69337e+007 1.69337e+007 1.69337e+007 1.69337e+007 1.69337e+007 1.69337e+007 1.69337e+007 1.69337e+007 1.69337e+007 1.69337e+007 1.69337e+007 1.69337e+007 1.69337e+007 1.69337e+007 1.69337e+007 1.69337e+007 1.69337e+007 1.69337e+007 1.69337e+007 1.69337e+007 1.69337e+007 1.69337e+007 1.69337e+007 0 0 0 0 0 0 0 0 0 0 0 0 0 0 0 0 0 0 0 0 0 0 0 0 0
#obs cpue bio
 2.67528e+006 2.10203e+006 2.26116e+006 2.34846e+006 1.81118e+006 2.11875e+006 1.82044e+006 1.57234e+006 1.1658e+006 1.25178e+006 711153 641345 691768 637055 550740 656679 568643 534971 624089 520923 625257 519174 589854 451054 408166 503629 801445 655606 502848 723190 526937 508878 408408 515739 832390 522750 593848 422362 476936 385580 532216 567793 889428 545479 399374 869863 530094 481577 665869 448982 563654 562575 642449 558463 336064 437196
#pred surv len freq
 0.00678324 0.0107529 0.0156933 0.021416 0.0276851 0.0341743 0.0404134 0.0458607 0.0500967 0.0529784 0.0546308 0.05532 0.0553288 0.0548901 0.0541618 0.0532232 0.0520857 0.0507102 0.049006 0.0468063 0.0438504 0.0398396 0.0345985 0.0282743 0.0214202
 0.00699832 0.0110435 0.0160276 0.0217444 0.0279754 0.0344548 0.0407915 0.0464873 0.0510838 0.0543156 0.0561552 0.0567651 0.0564236 0.0554554 0.0541597 0.0527457 0.0512981 0.0497768 0.0480303 0.0458102 0.042802 0.0387108 0.0334142 0.0271212 0.0204095
 0.00760137 0.0119253 0.017169 0.0230576 0.0293216 0.0356821 0.0417762 0.0471703 0.0514941 0.0545669 0.0564 0.0571142 0.0568754 0.055885 0.05438 0.0526022 0.0507376 0.0488526 0.0468548 0.0444941 0.0414216 0.0373162 0.0320592 0.0258799 0.0193626
 0.00802004 0.0126131 0.0182125 0.024529 0.0312477 0.0380035 0.0443179 0.0496549 0.0536121 0.0560773 0.0572098 0.0572923 0.0565958 0.0553296 0.0536541 0.0517074 0.0496104 0.0474357 0.0451497 0.0425696 0.0393888 0.0352994 0.0301791 0.0242432 0.018047
 0.00840527 0.0132167 0.0190821 0.0257018 0.0327536 0.039863 0.0465248 0.0521457 0.0562374 0.0585991 0.0593407 0.0587737 0.0572799 0.0552204 0.0528798 0.0504412 0.0479929 0.0455437 0.0430202 0.0402484 0.0369641 0.0329037 0.0279644 0.022345 0.0165522
 0.00878926 0.0138154 0.019936 0.0268332 0.0341665 0.0415432 0.0484384 0.0542373 0.058432 0.0608003 0.0614226 0.0605721 0.0586048 0.0558982 0.0528095 0.0496285 0.0465369 0.0435885 0.0407094 0.0377105 0.0343282 0.0303169 0.0255872 0.0203218 0.0149734
 0.00918712 0.014437 0.0208245 0.0280124 0.0356381 0.0432832 0.0503916 0.0563167 0.0605293 0.0628056 0.0632389 0.0621154 0.059791 0.0566312 0.0529865 0.049167 0.0454091 0.0418414 0.0384583 0.0351158 0.0315746 0.0275994 0.0230952 0.0182121 0.0133383
 0.00952549 0.0149738 0.0216077 0.0290778 0.0370032 0.0449381 0.0522879 0.0583634 0.0626032 0.0647737 0.0649811 0.0635385 0.0608295 0.0572385 0.0531213 0.0487862 0.0444757 0.0403473 0.0364493 0.0327052 0.0289365 0.0249454 0.0206387 0.0161273 0.0117252
 0.00998588 0.0156869 0.0226153 0.0303964 0.0386239 0.0468265 0.0543796 0.06056 0.0647771 0.0667838 0.0666941 0.0648466 0.0616614 0.0575611 0.0529315 0.0480956 0.0432989 0.0387021 0.0343734 0.0302798 0.0263019 0.0222931 0.0181782 0.0140372 0.0101099
 0.0104847 0.0164417 0.0236474 0.0316902 0.0401353 0.0484968 0.0561435 0.0623461 0.0665069 0.0683748 0.0680653 0.0659228 0.0623782 0.0578696 0.0528027 0.0475215 0.0422884 0.0372779 0.0325755 0.0281784 0.0240114 0.0199732 0.016011 0.0121849 0.00867185
 0.0108276 0.0169858 0.02444 0.0327621 0.0414914 0.0501032 0.057918 0.0641629 0.0682227 0.0698644 0.0692461 0.0667572 0.0628574 0.057995 0.0525754 0.0469409 0.0413571 0.0360083 0.0309976 0.0263503 0.0220286 0.0179684 0.014137 0.0105798 0.0074228
 0.011028 0.0173203 0.0249597 0.03352 0.0425312 0.0514408 0.0595211 0.0659416 0.0700379 0.0715534 0.0706554 0.0677717 0.0634176 0.0580975 0.0522566 0.0462541 0.0403539 0.034732 0.02949 0.0246651 0.0202447 0.0161935 0.0124944 0.00918135 0.00633805
 0.0110669 0.0173838 0.0250578 0.0336678 0.0427529 0.0517725 0.0600076 0.0666238 0.0709326 0.0726334 0.0718407 0.0689402 0.0644331 0.0588421 0.0526552 0.0462812 0.0400245 0.0340856 0.0285781 0.0235496 0.0190019 0.0149175 0.0112889 0.00814011 0.00552186
 0.0111449 0.0175048 0.0252288 0.0338918 0.0430283 0.0520948 0.0603712 0.0670259 0.071377 0.0731308 0.0724005 0.0695555 0.0650667 0.0594252 0.0531019 0.0465123 0.0399888 0.0337697 0.0280043 0.0227681 0.018084 0.013949 0.0103604 0.00733125 0.00488429
 0.0112353 0.0176461 0.0254308 0.0341592 0.0433596 0.0524804 0.0607924 0.0674554 0.0717852 0.0734945 0.0727106 0.0698183 0.0652962 0.0596292 0.0532689 0.0466083 0.0399665 0.0335864 0.0276397 0.0222335 0.0174226 0.0132274 0.00965445 0.00670888 0.00439025
 0.0111965 0.0175804 0.025328 0.0340109 0.0431642 0.05225 0.0605564 0.0672578 0.071673 0.0735029 0.0728533 0.0700865 0.0656653 0.0600662 0.0537364 0.0470632 0.0403595 0.0338669 0.0277664 0.0221881 0.0172181 0.0129069 0.00927968 0.00634283 0.00408067
 0.0112384 0.0176439 0.0254145 0.0341166 0.0432795 0.0523591 0.0606394 0.0672964 0.0716586 0.0734438 0.0727749 0.0700232 0.0656475 0.0601104 0.0538411 0.0472109 0.0405201 0.0340028 0.0278394 0.0221695 0.0170988 0.0127026 0.00902665 0.00608537 0.00385648
 0.0112072 0.0175921 0.0253348 0.0340029 0.0431293 0.0521769 0.060439 0.0670988 0.0714865 0.0733157 0.0727024 0.0700129 0.0657046 0.0602384 0.0540383 0.0474653 0.0408076 0.034289 0.028086 0.0223432 0.0171805 0.0126935 0.00894786 0.00596993 0.00373747
 0.0112004 0.0175852 0.0253315 0.0340078 0.0431453 0.0522014 0.0604623 0.0671064 0.0714658 0.0732621 0.0726226 0.0699223 0.065622 0.0601818 0.0540217 0.0474963 0.0408846 0.0343991 0.0282064 0.0224464 0.0172432 0.0127048 0.00891232 0.0059046 0.0036636
 0.0110965 0.0174346 0.0251392 0.0337909 0.0429289 0.0520117 0.06032 0.0670226 0.0714411 0.0732875 0.0726828 0.0700014 0.0657092 0.0602739 0.0541222 0.0476113 0.0410179 0.0345481 0.0283605 0.0225889 0.0173564 0.0127764 0.00894079 0.00589879 0.00363839
 0.0111843 0.0175458 0.025249 0.033859 0.0429131 0.0518881 0.0600982 0.0667456 0.0711678 0.0730697 0.0725485 0.069952 0.0657273 0.060336 0.0542083 0.0477096 0.0411241 0.0346609 0.0284768 0.022701 0.0174534 0.0128485 0.00898326 0.00591437 0.00363538
 0.0113807 0.0178282 0.0256046 0.0342487 0.0432783 0.0521642 0.0602299 0.0667 0.0709447 0.072706 0.0721116 0.0695202 0.0653656 0.0600787 0.0540575 0.0476461 0.0411218 0.0346968 0.028534 0.0227671 0.0175177 0.012902 0.00902038 0.00593411 0.0036412
 0.01153 0.0180501 0.0258987 0.0345987 0.0436532 0.0525226 0.0605243 0.0668824 0.0709756 0.0725667 0.0718143 0.0691098 0.0649094 0.0596483 0.0537085 0.047406 0.0409892 0.0346508 0.0285462 0.0228109 0.0175727 0.012954 0.00906129 0.00596104 0.00365545
 0.0115907 0.0181554 0.0260684 0.0348531 0.0440049 0.0529662 0.061027 0.0673843 0.0714017 0.0728461 0.071899 0.0689857 0.0645991 0.0592052 0.0532044 0.046913 0.0405627 0.0343201 0.0283145 0.0226636 0.0174875 0.012909 0.00903906 0.00595001 0.00364918
 0.0113638 0.0178281 0.0256544 0.0343942 0.043564 0.0526107 0.0608141 0.0673493 0.0715511 0.0731534 0.0723072 0.06942 0.0649873 0.0594969 0.0533824 0.0469924 0.0405793 0.0343139 0.0283157 0.0226854 0.0175282 0.0129586 0.00908651 0.00598796 0.00367519
 0.0111229 0.0174771 0.0252025 0.0338784 0.0430415 0.0521458 0.0604652 0.0671617 0.0715513 0.0733442 0.0726632 0.0698892 0.0655004 0.0599826 0.0537838 0.0472794 0.0407524 0.0343977 0.0283459 0.0226948 0.0175373 0.0129746 0.00910746 0.00600875 0.00369181
 0.010871 0.0170848 0.0246458 0.0331517 0.042164 0.0511681 0.0594737 0.0662716 0.0708837 0.0729944 0.0726755 0.0702486 0.0661412 0.0608068 0.0546828 0.0481541 0.0415298 0.0350392 0.0288456 0.0230694 0.0178124 0.0131744 0.00924992 0.00610665 0.00375515
 0.0107577 0.0168995 0.0243646 0.0327515 0.0416272 0.050491 0.058677 0.0654073 0.0700345 0.0722625 0.0721631 0.0700346 0.0662606 0.0612406 0.0553623 0.0489791 0.0423933 0.0358505 0.0295448 0.0236305 0.0182373 0.0134809 0.00946155 0.00624613 0.00384206
 0.0106292 0.0167099 0.0241141 0.0324504 0.0412888 0.0501232 0.058277 0.0649665 0.0695501 0.0717511 0.0716685 0.069624 0.0660097 0.0612106 0.055579 0.0494219 0.0429996 0.0365338 0.0302186 0.0242285 0.0187229 0.0138459 0.00971742 0.006414 0.00394503
 0.0104991 0.016516 0.0238556 0.0321388 0.0409459 0.0497751 0.0579487 0.0646759 0.0693038 0.0715422 0.0714824 0.0694511 0.0658589 0.0611145 0.0555837 0.0495669 0.0432969 0.0369587 0.0307166 0.0247333 0.019177 0.0142139 0.00998889 0.00659736 0.00405879
 0.0104962 0.016491 0.0237814 0.03198 0.0406707 0.0493726 0.0574426 0.0641238 0.06878 0.0711131 0.0711862 0.0692931 0.0658201 0.0611691 0.055715 0.0497735 0.0435859 0.0373312 0.0311548 0.0251997 0.0196242 0.0146003 0.0102903 0.0068101 0.00419496
 0.0113858 0.0177398 0.0252945 0.0335434 0.0420086 0.0502426 0.0577143 0.0638037 0.0679822 0.0700076 0.0699511 0.0680811 0.0647389 0.0602754 0.0550226 0.0492708 0.0432539 0.0371516 0.0311084 0.0252594 0.0197533 0.014758 0.010441 0.0069318 0.00428031
 0.0122417 0.0190543 0.0271213 0.0358587 0.0446927 0.053068 0.0603517 0.0658704 0.0691417 0.0700828 0.0689866 0.0663145 0.0625048 0.0578986 0.0527493 0.0472497 0.0415516 0.0357811 0.0300535 0.0244883 0.0192236 0.0144198 0.0102423 0.00682494 0.00422782
 0.0120856 0.0189355 0.0271904 0.0363349 0.0458007 0.0549372 0.0629259 0.0688793 0.0721544 0.0726186 0.07064 0.0668551 0.0619254 0.0563967 0.0506499 0.0449037 0.0392519 0.0337228 0.0283354 0.0231368 0.0182188 0.0137154 0.00977895 0.00654058 0.00406586
 0.0116871 0.0183353 0.0263842 0.0353729 0.0448021 0.0540959 0.0624934 0.069107 0.0731967 0.0744361 0.0729645 0.0692537 0.0639393 0.0576888 0.0510941 0.0445862 0.0384018 0.0326136 0.027203 0.0221378 0.0174274 0.0131423 0.00939709 0.00630615 0.00393356
 0.0115956 0.0181611 0.0260766 0.0348732 0.0440647 0.0531213 0.0613611 0.0679889 0.0723342 0.0740805 0.073293 0.0702906 0.0655193 0.0594932 0.0527535 0.0458061 0.0390494 0.0327291 0.0269437 0.0216953 0.0169609 0.0127481 0.00911064 0.0061222 0.0038279
 0.0116806 0.0182802 0.0262178 0.0350069 0.0441434 0.0530848 0.0611489 0.0675614 0.0717021 0.0733291 0.072583 0.06982 0.0654526 0.0598866 0.053518 0.0467345 0.0398982 0.0333138 0.0271969 0.0216636 0.0167559 0.012486 0.00887327 0.00594635 0.0037161
 0.0116564 0.0182465 0.0261771 0.0349635 0.0441003 0.053038 0.0610831 0.0674494 0.0715113 0.0730362 0.0721947 0.0693898 0.065081 0.0596939 0.0535944 0.0470908 0.0404504 0.0339146 0.0277001 0.0219823 0.0168828 0.0124734 0.00879236 0.0058544 0.00364331
 0.0117041 0.0183219 0.0262864 0.0351106 0.044285 0.053254 0.0613148 0.0676704 0.0716852 0.0731219 0.0721553 0.0692065 0.0647675 0.0593047 0.0532163 0.0468145 0.0403318 0.0339489 0.0278264 0.022118 0.0169652 0.0124824 0.0087454 0.00578448 0.00357809
 0.0114971 0.0180153 0.0258814 0.0346295 0.0437673 0.0527484 0.0608715 0.0673355 0.0714937 0.0730895 0.0722716 0.0694357 0.065059 0.0596101 0.0535074 0.0470911 0.0406138 0.0342554 0.0281551 0.0224409 0.0172425 0.0126846 0.00886693 0.0058414 0.00359541
 0.0112878 0.0177113 0.0254914 0.0341854 0.0433159 0.0523372 0.0605376 0.067102 0.0713717 0.0730806 0.0723692 0.0696241 0.0653134 0.0598997 0.0538017 0.0473685 0.0408674 0.0344911 0.0283818 0.022659 0.0174406 0.012846 0.00898074 0.00590865 0.00362724
 0.0111973 0.0175681 0.0252842 0.0339093 0.0429766 0.0519555 0.0601518 0.0667621 0.0711263 0.072961 0.0723807 0.0697486 0.06552 0.0601555 0.0540775 0.0476418 0.0411232 0.0347226 0.0285889 0.0228438 0.0176022 0.0129798 0.00908173 0.00597584 0.00366558
 0.0113552 0.0177745 0.0255019 0.0340728 0.0430106 0.0518045 0.0598053 0.066262 0.0705533 0.0724098 0.0719348 0.0694628 0.0654126 0.060211 0.0542574 0.0478987 0.041413 0.035012 0.0288567 0.0230788 0.0177998 0.013138 0.00920042 0.00605762 0.00371626
 0.0114417 0.0179208 0.0257297 0.0343978 0.0434293 0.052279 0.0602568 0.0665853 0.0706536 0.072244 0.0715326 0.0689149 0.0648343 0.0597023 0.0538781 0.0476643 0.0413057 0.0349972 0.0288983 0.0231476 0.0178754 0.0132081 0.00925824 0.00610043 0.00374451
 0.0110917 0.0174296 0.0251354 0.033787 0.0429156 0.0519653 0.0602007 0.0667821 0.0710394 0.0727151 0.0719756 0.0692414 0.0650083 0.0597458 0.0538528 0.0476387 0.0413272 0.0350811 0.0290327 0.0233072 0.0180344 0.0133478 0.00936881 0.00617994 0.00379644
 0.0110931 0.0174014 0.0250399 0.0335791 0.042565 0.0514866 0.0596705 0.0663254 0.0707835 0.0727325 0.0722513 0.0696814 0.065483 0.060143 0.0541143 0.0477672 0.0413676 0.0350892 0.0290499 0.0233503 0.0180995 0.0134212 0.00943679 0.00623408 0.00383431
 0.0112017 0.017554 0.025223 0.03376 0.0426947 0.0515096 0.0595404 0.0660247 0.0703413 0.0722307 0.0718047 0.0693954 0.065409 0.0602588 0.0543425 0.0480179 0.0415775 0.0352377 0.0291494 0.0234244 0.0181662 0.0134859 0.00949653 0.00628348 0.00387039
 0.0114602 0.0179702 0.0258392 0.0346049 0.0437683 0.052763 0.0608611 0.0672435 0.0712695 0.0727163 0.0717821 0.0689045 0.0645752 0.0592458 0.0532981 0.0470385 0.0407042 0.0344764 0.0284964 0.02288 0.0177336 0.013164 0.00927456 0.00614246 0.00378807
 0.0113202 0.0177741 0.0256042 0.0343725 0.043599 0.0527243 0.061011 0.0676111 0.0718369 0.0734088 0.0724785 0.0694708 0.0649104 0.0593155 0.0531386 0.0467309 0.0403355 0.0341115 0.0281699 0.0226047 0.0175122 0.0129956 0.00915545 0.00606535 0.00374285
 0.0111859 0.0175587 0.0252876 0.033943 0.0430627 0.0521157 0.0604008 0.0671009 0.0715357 0.0733979 0.0727795 0.0700326 0.065622 0.0600408 0.0537596 0.0471805 0.040606 0.0342383 0.0282042 0.0225916 0.0174817 0.0129639 0.00912983 0.00604785 0.00373269
 0.011209 0.0175928 0.0253314 0.0339901 0.0430999 0.0521228 0.0603543 0.0669841 0.0713521 0.073181 0.0725892 0.0699347 0.0656585 0.0602085 0.0540092 0.0474381 0.0408052 0.0343438 0.0282179 0.0225405 0.0174002 0.0128799 0.00905959 0.00599707 0.00370019
 0.0110286 0.0173369 0.0250154 0.0336519 0.0427883 0.05188 0.0602007 0.0669138 0.071341 0.0732005 0.072621 0.0699798 0.0657375 0.0603488 0.0542261 0.0477201 0.041114 0.0346305 0.0284431 0.0226887 0.0174788 0.0129097 0.00906278 0.00599011 0.00369209
 0.0108605 0.0170668 0.0246171 0.033109 0.0421051 0.0510932 0.059386 0.0661767 0.0707877 0.0729032 0.0725962 0.0701933 0.0661279 0.0608547 0.0548006 0.0483302 0.04173 0.0352186 0.0289672 0.0231197 0.0178038 0.0131344 0.00920562 0.00607421 0.00373829
 0.0109538 0.0172065 0.0248034 0.0333302 0.0423353 0.0512935 0.0595097 0.0661812 0.0706525 0.0726433 0.0722618 0.0698512 0.0658361 0.0606455 0.0546805 0.0482896 0.0417541 0.0352903 0.0290669 0.0232257 0.0178969 0.0132028 0.00924767 0.00609525 0.00374629
 0.0105623 0.0166793 0.0242109 0.0328028 0.0420238 0.0513059 0.059861 0.0667851 0.0713574 0.0732903 0.0727343 0.0701002 0.0658779 0.0605408 0.0545043 0.0481064 0.0416046 0.0351912 0.0290168 0.0232126 0.017905 0.0132177 0.00926002 0.00610171 0.0037477
 0.00979497 0.0155307 0.022672 0.0309448 0.0399964 0.0493211 0.0581669 0.0656246 0.0709062 0.0735947 0.073688 0.071482 0.0674337 0.0620618 0.0558676 0.0492712 0.0425819 0.0360101 0.0297031 0.0237813 0.0183625 0.0135688 0.00951309 0.00627088 0.00385161
#obs surv len freq
 0.00496768 0.00813922 0.0123843 0.0177176 0.024013 0.0309035 0.0377603 0.0438566 0.0486389 0.0519046 0.0537729 0.0545313 0.0545026 0.0539871 0.0532469 0.0524958 0.0518783 0.0514283 0.051007 0.0502455 0.048562 0.0453264 0.0401618 0.0332367 0.0253317
 0.00518917 0.00849816 0.0129227 0.0184744 0.0250182 0.0321673 0.039262 0.0455384 0.0504121 0.0536635 0.0554084 0.0559397 0.0555903 0.0546732 0.0534679 0.0522108 0.0510748 0.0501291 0.0492748 0.0481854 0.0463191 0.0430738 0.0380768 0.0314668 0.0239632
 0.00542831 0.0088895 0.0135162 0.019318 0.0261474 0.0335909 0.0409474 0.0474078 0.0523557 0.0555618 0.0571514 0.0574342 0.0567577 0.0554448 0.0537821 0.0520152 0.0503336 0.0488348 0.047463 0.0459481 0.0438095 0.0404947 0.0356488 0.0293814 0.0223376
 0.00566153 0.00927348 0.0141032 0.02016 0.0272865 0.0350436 0.0426875 0.0493606 0.0544075 0.0575816 0.059013 0.0590298 0.0580026 0.0562748 0.0541469 0.0518717 0.0496452 0.0475803 0.0456556 0.0436583 0.0411809 0.0377394 0.0330129 0.027089 0.0205342
 0.00589969 0.00966436 0.0146986 0.021011 0.0284344 0.0365046 0.0444376 0.0513284 0.0564833 0.0596373 0.0609213 0.0606776 0.059297 0.0571445 0.0545394 0.0517486 0.0489767 0.0463476 0.0438652 0.0413669 0.0385184 0.0349125 0.0302759 0.0246836 0.0186256
 0.00612321 0.010031 0.0152567 0.0218081 0.029509 0.0378725 0.0460773 0.0531754 0.0584385 0.061585 0.0627465 0.0622762 0.0605796 0.0580375 0.0549845 0.0517003 0.0484008 0.0452229 0.0421945 0.0391984 0.0359691 0.0321765 0.0275997 0.0223099 0.016727
 0.00637185 0.0104375 0.0158725 0.0226822 0.0306777 0.0393443 0.0478173 0.055101 0.0604323 0.0635186 0.0645024 0.0637591 0.0617179 0.0587787 0.0552897 0.0515387 0.0477466 0.0440584 0.0405216 0.0370594 0.0334704 0.0294984 0.024976 0.0199752 0.0148523
 0.00663982 0.0108734 0.0165288 0.0236073 0.031906 0.040881 0.0496222 0.0570839 0.0624654 0.0654617 0.0662271 0.0651645 0.0627343 0.0593657 0.0554279 0.0512202 0.0469673 0.0428162 0.0388261 0.0349518 0.0310472 0.026923 0.0224624 0.0177405 0.0130563
 0.0068449 0.0112179 0.0170676 0.0243978 0.0329956 0.0422869 0.0513127 0.0589725 0.0644248 0.06735 0.0679132 0.0665419 0.0637274 0.0599284 0.0555402 0.0508805 0.0461843 0.041604 0.0372077 0.0329739 0.0288005 0.0245538 0.0201603 0.0156978 0.0114151
 0.00705578 0.0115602 0.0175825 0.0251243 0.0339653 0.0435135 0.0527792 0.0606233 0.0661684 0.0690713 0.0694902 0.0678621 0.0647001 0.060493 0.0556667 0.0505648 0.0454396 0.0404544 0.0356887 0.031141 0.0267436 0.0224061 0.0180885 0.0138682 0.0099492
 0.0072814 0.0119292 0.018141 0.0259151 0.0350169 0.0448255 0.0543084 0.0622826 0.0678427 0.0706429 0.0708585 0.0689508 0.0654543 0.0608751 0.0556553 0.0501549 0.0446418 0.0392937 0.0342049 0.0293938 0.0248221 0.0204328 0.0162095 0.0122251 0.00864194
 0.00741282 0.0121503 0.0184879 0.0264268 0.0357279 0.0457532 0.0554407 0.0635708 0.0692071 0.0719867 0.0720846 0.0699746 0.0662111 0.0613222 0.0557689 0.0499257 0.0440727 0.0383999 0.0330173 0.0279654 0.0232336 0.018794 0.0146477 0.0108604 0.00755776
 0.00751616 0.0123153 0.0187314 0.0267642 0.0361732 0.0463172 0.0561269 0.0643708 0.0700971 0.0729264 0.0730185 0.0708372 0.0669351 0.0618465 0.0560462 0.049926 0.0437826 0.0378221 0.0321721 0.0268951 0.022007 0.0175056 0.0134071 0.00977052 0.00668952
 0.00759162 0.0124343 0.0189037 0.0269967 0.036469 0.0466751 0.0565407 0.0648306 0.0705919 0.073447 0.0735561 0.0713779 0.067453 0.0623018 0.056389 0.0501051 0.043756 0.0375643 0.0316801 0.0261922 0.021145 0.0165626 0.0124759 0.00893938 0.00602089
 0.00765731 0.0125345 0.0190424 0.0271732 0.0366791 0.0469123 0.0567971 0.065098 0.0708633 0.0737186 0.0738288 0.0716552 0.0677361 0.0625832 0.0566469 0.0503036 0.0438504 0.0375124 0.0314538 0.0257885 0.0205913 0.0159153 0.0118095 0.00832842 0.00552072
 0.00771638 0.0126255 0.0191695 0.0273366 0.0368739 0.0471289 0.0570214 0.0653135 0.0710551 0.0738784 0.0739579 0.0717632 0.0678364 0.0626863 0.0567546 0.0504044 0.0439187 0.0375134 0.0313533 0.0255657 0.02025 0.0154868 0.0113467 0.00788992 0.00515352
 0.00775686 0.0126881 0.0192578 0.0274513 0.0370129 0.0472865 0.0571885 0.0654777 0.0712031 0.0739995 0.0740471 0.0718224 0.0678739 0.0627134 0.0567813 0.050434 0.0439441 0.0375158 0.031307 0.0254477 0.0200508 0.0152182 0.0110406 0.00758817 0.00489332
 0.00783494 0.0128069 0.0194213 0.0276571 0.0372527 0.0475469 0.0574514 0.0657218 0.0714067 0.0741447 0.074124 0.0718308 0.0678224 0.0626172 0.056659 0.0503026 0.0438144 0.0373888 0.0311737 0.0252935 0.0198646 0.0150004 0.0108057 0.00736073 0.00469762
 0.00783953 0.0128179 0.0194441 0.0276986 0.0373188 0.0476393 0.0575657 0.0658475 0.0715305 0.0742548 0.0742126 0.0718943 0.0678598 0.0626295 0.0566488 0.0502744 0.0437732 0.0373376 0.0311112 0.0252143 0.0197625 0.0148743 0.0106634 0.00721733 0.00457
 0.00786916 0.0128569 0.019486 0.0277331 0.0373355 0.047634 0.0575443 0.0658244 0.071522 0.0742716 0.0742555 0.0719552 0.0679269 0.0626917 0.0566983 0.0503071 0.0437883 0.0373355 0.0310922 0.0251774 0.0197065 0.0147999 0.0105757 0.00712616 0.00448673
 0.00787956 0.0128724 0.0195064 0.027756 0.0373558 0.0476438 0.0575341 0.0657873 0.0714585 0.074193 0.0741816 0.0719073 0.0679187 0.0627241 0.0567611 0.0503845 0.0438648 0.0373998 0.0311373 0.0251998 0.0197052 0.0147768 0.010536 0.00707771 0.00443851
 0.00791396 0.0129228 0.019572 0.0278322 0.0374355 0.0477186 0.0575959 0.0658281 0.0714712 0.0741727 0.0741286 0.0718297 0.0678317 0.0626455 0.0567051 0.0503565 0.0438608 0.0374098 0.0311499 0.0252059 0.0196996 0.0147584 0.0105071 0.00704349 0.00440485
 0.00789269 0.0128903 0.019527 0.0277748 0.0373669 0.0476414 0.0575137 0.065746 0.0713958 0.0741113 0.0740871 0.0718116 0.0678376 0.0626748 0.0567563 0.050428 0.0439489 0.0375075 0.0312473 0.0252924 0.019767 0.0148028 0.0105297 0.00704907 0.00440012
 0.00790626 0.0129052 0.0195364 0.0277683 0.0373341 0.0475764 0.0574192 0.0656334 0.071281 0.0740095 0.0740093 0.071763 0.0678194 0.0626854 0.0567926 0.050486 0.044024 0.0375939 0.0313377 0.0253785 0.0198407 0.0148586 0.010566 0.00706828 0.00440706
 0.00788047 0.0128671 0.0194856 0.0277062 0.037262 0.0474939 0.0573239 0.0655232 0.0711583 0.0738839 0.0738969 0.0716819 0.0677831 0.062699 0.0568526 0.0505827 0.0441454 0.0377279 0.0314732 0.0255056 0.0199512 0.0149467 0.0106297 0.00710936 0.0044302
 0.00787223 0.0128462 0.0194408 0.0276237 0.0371305 0.0473115 0.0571029 0.0652888 0.0709403 0.0737068 0.0737746 0.0716187 0.067778 0.062749 0.056953 0.0507257 0.0443193 0.0379183 0.031665 0.0256852 0.0201078 0.0150736 0.0107244 0.00717387 0.00446992
 0.00783045 0.0127836 0.0193559 0.0275176 0.0370043 0.0471649 0.056934 0.0650974 0.0707335 0.0735015 0.0735959 0.0714923 0.0677221 0.0627696 0.0570447 0.0508757 0.044511 0.0381341 0.0318872 0.0258973 0.0202962 0.0152288 0.0108427 0.00725658 0.0045226
 0.00783995 0.0127905 0.0193509 0.0274875 0.0369368 0.0470543 0.0567857 0.0649266 0.0705584 0.0733368 0.0734505 0.071372 0.0676345 0.0627247 0.0570515 0.0509378 0.0446241 0.0382863 0.0320622 0.0260773 0.0204649 0.015374 0.0109571 0.00733899 0.00457659
 0.00779126 0.0127187 0.0192561 0.0273733 0.036808 0.0469135 0.0566323 0.0647596 0.0703816 0.0731621 0.0732962 0.0712576 0.0675737 0.062723 0.0571077 0.0510465 0.0447776 0.038474 0.0322703 0.0262893 0.0206642 0.0155465 0.0110945 0.0074392 0.00464314
 0.00775772 0.0126582 0.0191548 0.0272167 0.0365866 0.0466304 0.0563085 0.0644311 0.0700882 0.0729347 0.0731498 0.0711927 0.067584 0.0628007 0.0572448 0.0512344 0.0450052 0.0387284 0.0325365 0.0265512 0.0209058 0.0157545 0.0112602 0.00756052 0.0047243
 0.00772151 0.0125985 0.0190632 0.0270841 0.0364043 0.046393 0.0560174 0.064099 0.0697407 0.0726081 0.0728835 0.0710197 0.0675219 0.0628491 0.0573896 0.0514539 0.0452767 0.0390302 0.0328485 0.0268545 0.0211833 0.0159922 0.0114495 0.00769962 0.00481785
 0.00930777 0.0148163 0.0217344 0.02982 0.0387189 0.0478827 0.0565035 0.0636539 0.0686052 0.0710702 0.0711907 0.0693476 0.0659807 0.061501 0.0562619 0.0505488 0.0445786 0.0385137 0.0324842 0.0266128 0.0210355 0.0159118 0.0114131 0.00768836 0.00481831
 0.00928816 0.015082 0.0226585 0.0318656 0.0422371 0.05284 0.0623091 0.0692557 0.0728629 0.0732043 0.0710396 0.0673099 0.0627407 0.0577374 0.0524803 0.047051 0.0415091 0.03592 0.0303621 0.0249322 0.0197527 0.0149744 0.0107629 0.00726413 0.00456029
 0.00895583 0.0145566 0.0219176 0.0309561 0.0413305 0.052271 0.0625363 0.0706977 0.0756476 0.0769817 0.0750245 0.0705799 0.0646215 0.0580378 0.0514626 0.0452151 0.0393572 0.0338187 0.0285168 0.0234242 0.0185884 0.0141219 0.0101726 0.00688015 0.00432751
 0.00877585 0.0142563 0.0214518 0.0302809 0.0404198 0.051148 0.0613144 0.0696097 0.0750287 0.0771782 0.0762379 0.0727188 0.067266 0.0605749 0.0533354 0.046137 0.0393699 0.0331922 0.0275848 0.0224577 0.0177487 0.0134723 0.00971339 0.00658045 0.00414675
 0.00872435 0.0141629 0.0212927 0.0300254 0.0400349 0.0506072 0.0606113 0.0687745 0.0741459 0.0763983 0.0757675 0.0727697 0.0679623 0.0618615 0.0549535 0.0477077 0.0405498 0.0338074 0.027666 0.022175 0.017306 0.013028 0.00935289 0.0063272 0.00398827
 0.0086964 0.0141201 0.0212324 0.0299442 0.0399263 0.0504581 0.0604016 0.0684813 0.0737547 0.0759188 0.0752512 0.0723177 0.0677112 0.0619392 0.0554151 0.048486 0.0414617 0.0346258 0.0282178 0.0224048 0.0172716 0.0128447 0.00913067 0.00613561 0.00385301
 0.00867196 0.0140791 0.0211685 0.0298517 0.0398015 0.0503021 0.0602207 0.0682847 0.0735482 0.0757019 0.0750197 0.0720762 0.067489 0.0617956 0.0554245 0.0487017 0.0418765 0.0351583 0.0287413 0.0228038 0.0174906 0.0128989 0.0090799 0.00604534 0.0037682
 0.00866662 0.0140657 0.0211394 0.0297971 0.0397116 0.0501713 0.0600513 0.0680879 0.0733414 0.0755034 0.0748429 0.0719274 0.0673703 0.0617136 0.0553982 0.0487605 0.0420452 0.0354343 0.0290828 0.0231413 0.0177578 0.0130618 0.00914457 0.00604458 0.00373897
 0.0086603 0.0140605 0.0211406 0.0298111 0.0397427 0.0502168 0.0600987 0.0681171 0.0733324 0.0754441 0.0747348 0.0717836 0.0672102 0.0615577 0.0552658 0.0486715 0.0420188 0.0354826 0.0292007 0.0233023 0.0179215 0.0131914 0.00922235 0.00607443 0.0037381
 0.00865616 0.0140523 0.021126 0.029788 0.0397112 0.0501807 0.0600661 0.0680971 0.0733297 0.0754545 0.0747453 0.0717787 0.0671795 0.0615013 0.0551944 0.0486027 0.0419721 0.0354741 0.0292377 0.0233789 0.0180191 0.0132861 0.00929488 0.00611751 0.00375592
 0.00861153 0.0139866 0.0210396 0.0296858 0.0396007 0.0500701 0.0599629 0.0680084 0.0732633 0.075418 0.0747436 0.0718102 0.067235 0.0615667 0.0552567 0.0486556 0.042018 0.0355219 0.0292967 0.0234531 0.0181042 0.0133706 0.00936649 0.00616851 0.00378582
 0.00864807 0.0140346 0.0210911 0.0297268 0.0396163 0.0500511 0.0599106 0.0679346 0.0731839 0.0753471 0.0746889 0.0717736 0.067215 0.0615597 0.0552581 0.0486605 0.0420237 0.0355291 0.0293094 0.0234756 0.0181373 0.0134105 0.00940592 0.00620087 0.00380784
 0.00862815 0.0140123 0.0210756 0.0297308 0.0396503 0.0501155 0.0599914 0.0680067 0.0732225 0.0753395 0.0746398 0.0717008 0.0671392 0.0614962 0.0552134 0.0486339 0.042011 0.035526 0.0293136 0.0234867 0.0181551 0.0134335 0.00943055 0.00622302 0.00382459
 0.00861686 0.0139913 0.0210398 0.0296759 0.0395762 0.05003 0.0599113 0.0679525 0.0732089 0.0753669 0.0746933 0.0717586 0.0671843 0.0615233 0.0552274 0.0486438 0.0420236 0.0355439 0.0293363 0.0235124 0.0181823 0.0134605 0.00945567 0.00624424 0.00384057
 0.00862299 0.0140013 0.0210545 0.0296954 0.0395985 0.0500507 0.0599241 0.067952 0.0731944 0.0753436 0.0746709 0.0717448 0.0671803 0.0615235 0.0552246 0.048634 0.0420084 0.035528 0.0293243 0.0235068 0.0181832 0.0134665 0.00946455 0.00625371 0.00384882
 0.00862299 0.0140013 0.0210545 0.0296954 0.0395985 0.0500507 0.0599241 0.067952 0.0731944 0.0753436 0.0746709 0.0717448 0.0671803 0.0615235 0.0552246 0.048634 0.0420084 0.035528 0.0293243 0.0235068 0.0181832 0.0134665 0.00946455 0.00625371 0.00384882
 0.00893469 0.0144926 0.0217629 0.030639 0.0407654 0.051386 0.0613208 0.0692578 0.0742419 0.0759947 0.0748528 0.0714636 0.066508 0.0605715 0.0541145 0.0474757 0.0408884 0.034507 0.0284398 0.022777 0.0176104 0.0130406 0.0091663 0.00605847 0.00373025
 0.0088305 0.0143621 0.0216389 0.0305779 0.0408341 0.0516398 0.0617815 0.0699029 0.0750068 0.0767843 0.0755596 0.0719887 0.0667829 0.0605726 0.0538655 0.0470366 0.0403364 0.0339179 0.0278754 0.0222794 0.0172025 0.0127285 0.00894374 0.0059111 0.00364013
 0.0087609 0.0142342 0.0214223 0.0302442 0.0403743 0.0510869 0.0612229 0.0694671 0.0748217 0.076926 0.0760202 0.072679 0.0675658 0.0613072 0.0544437 0.0474034 0.0404907 0.0338993 0.0277432 0.0220937 0.0170111 0.0125616 0.00881504 0.00582176 0.00358394
 0.0088739 0.0144036 0.0216489 0.0305141 0.0406574 0.0513384 0.0613909 0.0695093 0.0747273 0.0767321 0.0758042 0.0725274 0.067533 0.0613908 0.0545899 0.0475359 0.0405452 0.0338462 0.0275913 0.0218786 0.0167768 0.012346 0.00864074 0.00569598 0.00350229
 0.00888761 0.0144367 0.0217179 0.0306391 0.0408543 0.051607 0.061706 0.0698205 0.074972 0.0768569 0.0757873 0.072389 0.0673293 0.0611899 0.054442 0.0474532 0.0405034 0.0338041 0.0275156 0.0217589 0.0166259 0.0121886 0.00850048 0.00558697 0.00342748
 0.00878221 0.0142677 0.0214699 0.0303041 0.0404394 0.0511424 0.0612482 0.0694426 0.0747414 0.0768086 0.0759106 0.072637 0.067643 0.0615237 0.0547741 0.0477789 0.0408189 0.0340961 0.0277622 0.0219408 0.0167368 0.0122382 0.00850864 0.00557459 0.00340999
 0.00889645 0.0144352 0.0216873 0.0305542 0.0406933 0.051365 0.0614052 0.0695092 0.0747097 0.0766931 0.0757441 0.0724571 0.0674775 0.0613837 0.054658 0.047682 0.0407399 0.0340352 0.0277166 0.0219027 0.0166977 0.0121936 0.00846067 0.00552931 0.00337313
 0.00898534 0.0145871 0.021928 0.0309077 0.0411707 0.05195 0.0620437 0.0701137 0.075182 0.076956 0.0757654 0.0722555 0.0671096 0.0609213 0.0541674 0.0472113 0.0403173 0.0336732 0.0274177 0.0216631 0.0165096 0.0120482 0.00835037 0.00544841 0.0033171
 0.0088957 0.0144528 0.0217485 0.0306941 0.0409472 0.0517534 0.061919 0.0701025 0.0753062 0.0772029 0.0760861 0.0725811 0.0673772 0.0610952 0.0542448 0.0472139 0.0402757 0.0336141 0.0273583 0.021611 0.0164663 0.0120124 0.0083204 0.00542367 0.00329772
#pred catch len freq
 0.00567767 0.00890718 0.0128378 0.0173025 0.0221791 0.0273812 0.0327751 0.0381323 0.0431722 0.0476425 0.0513664 0.0542521 0.0562889 0.0575325 0.0580739 0.0580034 0.0573889 0.0562625 0.054598 0.0522698 0.0490306 0.0445746 0.0387227 0.0316494 0.0239789
 0.00586002 0.0091566 0.0131319 0.0176067 0.0224757 0.0277057 0.0332287 0.0388489 0.0442451 0.0490493 0.0529427 0.0557358 0.0574128 0.0581172 0.058079 0.0575209 0.0565879 0.0553129 0.0536056 0.0512531 0.0479498 0.043395 0.0374695 0.0304173 0.0228916
 0.00642305 0.00997944 0.0141964 0.018831 0.0237322 0.0288571 0.0341685 0.0395345 0.0447171 0.0494237 0.053362 0.0562895 0.0580712 0.058727 0.0584309 0.0574496 0.0560414 0.0543558 0.0523651 0.0498524 0.0464724 0.0418949 0.0360048 0.0290695 0.0217506
 0.00685617 0.0106729 0.0152172 0.0202254 0.0255065 0.0309517 0.0364381 0.041756 0.0466401 0.0508481 0.0542048 0.0566025 0.0579968 0.0584124 0.0579496 0.0567758 0.0550914 0.0530618 0.0507291 0.0479517 0.0444295 0.0398446 0.0340767 0.0273786 0.0203826
 0.00726323 0.0113032 0.0161108 0.0214087 0.027 0.0327743 0.0385943 0.0442035 0.0492528 0.0534032 0.0564158 0.058198 0.0588098 0.0584288 0.0572845 0.0555938 0.0535262 0.0511837 0.0485713 0.0455612 0.0419024 0.0373264 0.0317343 0.0253617 0.0187883
 0.0076844 0.0119513 0.0170192 0.0225882 0.0284437 0.0344661 0.0405123 0.0463166 0.051513 0.0557316 0.0586849 0.0602218 0.0603622 0.059298 0.0573406 0.0548294 0.052042 0.0491342 0.0461128 0.042835 0.0390515 0.0345146 0.0291409 0.0231483 0.0170575
 0.00812021 0.0126229 0.0179622 0.0238136 0.0299416 0.03621 0.0424591 0.0484038 0.0536604 0.0578488 0.0606782 0.0619927 0.0617982 0.0602675 0.0577052 0.0544784 0.0509326 0.0473134 0.043708 0.0400268 0.0360481 0.0315356 0.0263997 0.0208219 0.0152511
 0.00855548 0.013297 0.0189152 0.0250628 0.0314822 0.0380173 0.0444841 0.0505688 0.0558602 0.0599631 0.0625877 0.0635928 0.0630049 0.061013 0.057928 0.0541179 0.0499391 0.0456736 0.041473 0.0373257 0.03308 0.0285424 0.023625 0.0184647 0.0134259
 0.00901973 0.0140099 0.0199113 0.0263499 0.0330469 0.0398309 0.0465023 0.052724 0.0580563 0.0620782 0.0644871 0.0651478 0.0641115 0.0616028 0.0579669 0.0535943 0.0488519 0.0440328 0.0393165 0.0347446 0.0302341 0.0256503 0.0209257 0.0161626 0.0116419
 0.00952988 0.0147779 0.0209542 0.0276467 0.0345504 0.0414865 0.0482588 0.0545314 0.0598576 0.0638025 0.0660496 0.066455 0.0650704 0.0621344 0.0580165 0.053135 0.0478819 0.042571 0.0374054 0.0324638 0.0277154 0.0230778 0.0185094 0.0140898 0.0100288
 0.00994973 0.0154293 0.0218761 0.0288528 0.0360263 0.0431877 0.0501073 0.0564192 0.0616626 0.0654128 0.0673815 0.0674557 0.0657089 0.0623896 0.0578712 0.052577 0.046908 0.0411931 0.0356581 0.0304152 0.0254766 0.0208033 0.0163765 0.0122593 0.00860228
 0.0101391 0.015742 0.0223567 0.0295481 0.0369785 0.044421 0.0516107 0.0581334 0.0634781 0.0671839 0.0689518 0.0686889 0.0665143 0.0627313 0.0577586 0.0520443 0.0459955 0.0399397 0.0341073 0.0286283 0.0235462 0.018856 0.0145576 0.0107007 0.00738803
 0.0102201 0.015868 0.0225376 0.0297954 0.0373107 0.0448683 0.0522141 0.0589323 0.0644898 0.0683817 0.0702544 0.0699694 0.0676271 0.0635469 0.0581909 0.0520602 0.0456072 0.0391881 0.0330489 0.0273329 0.022102 0.0173721 0.013155 0.00948884 0.00643786
 0.010326 0.0160293 0.0227605 0.0300787 0.0376477 0.0452506 0.0526352 0.0593919 0.0649962 0.0689501 0.0708965 0.0706762 0.0683549 0.0642158 0.0587018 0.0523218 0.0455604 0.038817 0.0323789 0.0264216 0.0210321 0.0162433 0.0120728 0.008546 0.00569464
 0.0103415 0.0160586 0.0228123 0.0301643 0.037779 0.0454367 0.0528791 0.0596888 0.0653357 0.0693205 0.0712897 0.0710894 0.0687852 0.0646498 0.0591052 0.0526382 0.0457232 0.0387698 0.0320949 0.0259141 0.0203527 0.0154721 0.011301 0.00785609 0.00514202
 0.0103321 0.016038 0.0227721 0.0300952 0.0376757 0.0453042 0.0527372 0.0595705 0.0652785 0.0693551 0.0714317 0.0713374 0.0691244 0.0650561 0.0595462 0.0530712 0.0460948 0.0390225 0.0321807 0.0258107 0.0200741 0.0150674 0.010841 0.00741294 0.00477013
 0.0103236 0.0160265 0.0227583 0.0300801 0.0376585 0.0452806 0.0527001 0.0595141 0.0652049 0.0692793 0.0713804 0.0713408 0.0692049 0.0652203 0.0597824 0.053352 0.0463807 0.0392671 0.0323381 0.0258474 0.0199804 0.0148628 0.0105696 0.00712844 0.00451848
 0.0103109 0.0160029 0.0227178 0.0300159 0.0375654 0.0451582 0.0525551 0.0593593 0.0650558 0.0691504 0.0712844 0.0712905 0.0692145 0.0653024 0.0599424 0.0535813 0.0466546 0.0395473 0.0325809 0.0260138 0.0200473 0.0148308 0.0104621 0.00698309 0.00437272
 0.0102909 0.0159759 0.0226868 0.029986 0.0375411 0.0451399 0.0525367 0.0593309 0.0650086 0.0690826 0.0712029 0.0712093 0.0691502 0.0652714 0.0599575 0.0536495 0.0467731 0.0397006 0.032742 0.0261507 0.0201332 0.0148532 0.0104271 0.00691096 0.00428896
 0.0101933 0.0158346 0.0225065 0.029783 0.037339 0.044963 0.0524035 0.0592505 0.0649803 0.0690972 0.0712463 0.071268 0.0692163 0.0653446 0.060044 0.053757 0.0469059 0.0398556 0.0329066 0.026305 0.020256 0.01493 0.0104554 0.00690086 0.00425741
 0.0102479 0.0158992 0.02256 0.0297927 0.0372718 0.044802 0.0521606 0.058966 0.0647081 0.0688851 0.0711209 0.0712311 0.0692518 0.0654291 0.0601568 0.0538852 0.047044 0.040001 0.0330548 0.0264464 0.0203778 0.0150205 0.0105095 0.00692199 0.00425567
 0.0103869 0.0160969 0.022804 0.0300502 0.0374952 0.0449398 0.0521702 0.0588256 0.0644258 0.0685018 0.0707033 0.0708525 0.0689691 0.0652679 0.0601107 0.0539276 0.0471431 0.0401299 0.033194 0.026582 0.0204981 0.0151166 0.0105764 0.00696055 0.00427197
