SBPRF35
7.78865
Curr Bio
538469
B35
684590
F35
0.225992
FOFL
0.19259
OFL
86138.2
Bzero
2.22533e+006
#pred survey bio
 4.53928e+006 4.23652e+006 3.96942e+006 3.67027e+006 3.36459e+006 3.04077e+006 2.74663e+006 2.41249e+006 2.12927e+006 1.87257e+006 1.6492e+006 1.47367e+006 1.32068e+006 1.18725e+006 1.02867e+006 916051 813701 752103 719290 684814 641491 622820 616466 602327 589186 576960 571267 572385 564305 566568 563345 558319 551189 538793 525646 512637 498637 496325 494269 500906 505650 496423 503056 515830 522834 532648 541437 551220 556838 563550 570187 575361 566590 563343 551870 556612 534085 513402 510462 536499 2.05165e+007 1.28003e+007 1.33045e+007 1.39479e+007 1.46386e+007 1.52788e+007 1.58218e+007 1.62567e+007 1.65918e+007 1.68436e+007 1.70297e+007 1.71662e+007 1.72658e+007 1.73386e+007 1.73918e+007 1.74309e+007 1.74598e+007 1.74813e+007 1.74974e+007 1.75095e+007 1.75186e+007 1.75255e+007 1.75307e+007 1.75347e+007 1.75378e+007 1.75401e+007 1.75419e+007 1.75433e+007 1.75444e+007 1.75452e+007 1.75458e+007 1.75463e+007 1.75467e+007 1.7547e+007 1.75472e+007 1.75474e+007 1.75475e+007 1.75476e+007 1.75477e+007 1.75478e+007 1.75478e+007 1.75479e+007 1.75479e+007 1.75479e+007 1.75479e+007 1.75479e+007 1.7548e+007 1.7548e+007 1.7548e+007 1.7548e+007 1.7548e+007 1.7548e+007 1.7548e+007 1.7548e+007 1.7548e+007 1.7548e+007 1.7548e+007 1.7548e+007 1.7548e+007 1.7548e+007 1.7548e+007 1.7548e+007 1.7548e+007 1.7548e+007 1.7548e+007 1.7548e+007 1.7548e+007 1.7548e+007 1.7548e+007 1.7548e+007 1.7548e+007 1.7548e+007 1.7548e+007 1.7548e+007 1.7548e+007 1.7548e+007 1.7548e+007 1.7548e+007 1.7548e+007 1.7548e+007 1.7548e+007 1.7548e+007 1.7548e+007 1.7548e+007 1.7548e+007 1.7548e+007 1.7548e+007 1.7548e+007 1.7548e+007 1.7548e+007 1.7548e+007 1.7548e+007 1.7548e+007 1.7548e+007 1.7548e+007 1.7548e+007 1.7548e+007 1.7548e+007 1.7548e+007 1.7548e+007 0 0 0 0 0 0 0 0 0 0 0 0 0 0 0 0 0 0 0 0 0 0 0 0 0
#obs survey bio
 5.19778e+006 3.45915e+006 2.67896e+006 3.57891e+006 2.77752e+006 2.84211e+006 1.97516e+006 2.41569e+006 1.50576e+006 1.67991e+006 1.46717e+006 1.05847e+006 975136 998212 921828 730803 957678 815710 661249 496070 614739 540046 485761 527835 488514 439237 599212 586287 632043 488344 605242 392338 547987 386296 564199 594709 422960 472676 797536 591403 508002 369538 606110 527591 405911 450106 404372 444784 755226 421693 776734 601256 617948 546289 567331 688257 462481 630028 435766 614244
#pred catch bio
 119645 107207 163556 200068 249643 255495 322550 303909 303527 293166 265976 257553 247179 270143 227691 215065 176155 149274 148585 152501 127950 115241 118972 114536 110817 103313 96134 102506 92839.5 97020.5 97539.6 97723.6 99545.4 96498.7 92170.7 91158.1 84358 88545.8 83239.5 85574.9 97287.5 84075.7 79922.7 85759.1 84391.1 86273.5 86576.2 91266.3 91296.9 92193.9 93930.8 105758 101354 108512 94791.7 117537 116195 104376 85892.2 72128.9 86138.2 103163 106297 110369 115121 119589 123303 126169 128271 129757 130779 131466 131921 132217 132409 132532 132610 132659 132691 132710 132722 132730 132735 132738 132740 132741 132741 132742 132742 132742 132742 132742 132743 132743 132743 132743 132743 132743 132743 132743 132743 132743 132743 132743 132743 132743 132743 132743 132743 132743 132743 132743 132743 132743 132743 132743 132743 132743 132743 132743 132743 132743 132743 132743 132743 132743 132743 132743 132743 132743 132743 132743 132743 132743 132743 132743 132743 132743 132743 132743 132743 132743 132743 132743 132743 132743 132743 132743 132743 132743 132743 132743 132743 132743 132743 132743 132743 132743 132743 132743 0 0 0 0 0 0 0 0 0 0 0 0 0 0 0 0 0 0 0 0 0 0 0 0 0
#obs catch bio
 0 106899 164427 201100 252357 257880 329567 308291 309240 299732 271670 264137 253752 278585 232194 219794 177980 150874 150191 155609 129190 116581 120416 115355 111177 104090 96461.6 102957 92893.7 97594 97913 98599.8 100363 97278.6 92765.5 90891.5 84523.5 89080.6 82923.7 84895.2 96947.8 83943.9 79833.4 85505.4 84403.1 86142.2 86382.1 91089.9 91111 92144.2 93447.7 105490 100826 108357 94007.5 116310 115268 103753 85902.9 71983.5
#pred cpue bio
 4.46637e+006 4.16645e+006 3.90099e+006 3.60269e+006 3.2985e+006 2.9763e+006 2.6836e+006 2.35205e+006 2.07103e+006 1.81625e+006 1.59465e+006 1.42052e+006 1.26905e+006 1.13768e+006 982674 872869 773358 713592 681826 648528 606855 589182 583498 570449 558340 546805 541478 542877 535274 537516 534469 529778 523226 511776 499816 488018 474007 470003 466952 473559 478472 469501 475804 488211 494957 504347 512805 522152 527430 533828 540234 545291 536657 533188 521903 526572 504574 483630 479428 503545 1.93114e+007 1.20816e+007 1.25432e+007 1.31221e+007 1.37887e+007 1.44235e+007 1.49655e+007 1.54002e+007 1.57352e+007 1.5987e+007 1.61732e+007 1.63097e+007 1.64093e+007 1.6482e+007 1.65353e+007 1.65744e+007 1.66033e+007 1.66248e+007 1.66408e+007 1.66529e+007 1.6662e+007 1.66689e+007 1.66742e+007 1.66782e+007 1.66812e+007 1.66836e+007 1.66854e+007 1.66868e+007 1.66878e+007 1.66887e+007 1.66893e+007 1.66898e+007 1.66902e+007 1.66904e+007 1.66907e+007 1.66908e+007 1.6691e+007 1.66911e+007 1.66912e+007 1.66912e+007 1.66913e+007 1.66913e+007 1.66913e+007 1.66914e+007 1.66914e+007 1.66914e+007 1.66914e+007 1.66914e+007 1.66914e+007 1.66914e+007 1.66914e+007 1.66914e+007 1.66914e+007 1.66914e+007 1.66914e+007 1.66914e+007 1.66914e+007 1.66914e+007 1.66914e+007 1.66914e+007 1.66914e+007 1.66914e+007 1.66914e+007 1.66914e+007 1.66914e+007 1.66914e+007 1.66915e+007 1.66915e+007 1.66915e+007 1.66915e+007 1.66915e+007 1.66915e+007 1.66915e+007 1.66915e+007 1.66915e+007 1.66915e+007 1.66915e+007 1.66915e+007 1.66915e+007 1.66915e+007 1.66915e+007 1.66915e+007 1.66915e+007 1.66915e+007 1.66915e+007 1.66915e+007 1.66915e+007 1.66915e+007 1.66915e+007 1.66915e+007 1.66915e+007 1.66915e+007 1.66915e+007 1.66915e+007 1.66915e+007 1.66915e+007 1.66915e+007 1.66915e+007 1.66915e+007 1.66915e+007 0 0 0 0 0 0 0 0 0 0 0 0 0 0 0 0 0 0 0 0 0 0 0 0 0
#obs cpue bio
 3.36851e+006 2.36647e+006 3.06309e+006 3.08072e+006 2.45045e+006 2.60266e+006 1.91945e+006 3.38072e+006 1.93002e+006 1.3169e+006 1.3455e+006 1.22286e+006 1.14677e+006 1.17123e+006 1.14636e+006 841735 830320 469626 673511 487268 762233 454010 694237 753414 816676 469485 578500 557274 504231 437070 534145 464215 525695 627998 457124 860159 350494 405768 536633 580404 433041 483945 382731 640553 474133 718523 717784 687611 394804 646160 567721 507126 557057 519185 690637 656559 530820 400166 371921 454660
#pred surv len freq
 0.004663 0.00752082 0.0112328 0.0157709 0.0210512 0.0268733 0.0328739 0.0385902 0.0436164 0.0477297 0.0509021 0.0532346 0.0548837 0.0560082 0.0567279 0.0570967 0.0571012 0.0566728 0.0556853 0.053927 0.0510824 0.0468015 0.0408933 0.0335614 0.0254997
 0.00504777 0.00806266 0.0118979 0.0164871 0.0217436 0.0275112 0.0334946 0.039273 0.044415 0.0486056 0.0517074 0.0537606 0.0549506 0.0555463 0.0558112 0.0559184 0.055904 0.0556623 0.0549613 0.0534608 0.050753 0.0464712 0.0404808 0.0330722 0.0250015
 0.00518088 0.00832356 0.0123671 0.0172519 0.0228601 0.0289556 0.0351377 0.0409102 0.0458466 0.0497164 0.0524857 0.0542432 0.0551463 0.0554051 0.0552645 0.0549525 0.0546061 0.0542038 0.0535285 0.0521796 0.0496559 0.0455209 0.0396273 0.0322989 0.0243317
 0.00538065 0.00862868 0.012795 0.0178198 0.0235979 0.0299155 0.0363825 0.0424732 0.0476799 0.051664 0.0543125 0.055713 0.0560966 0.0557718 0.0550535 0.0542023 0.0533797 0.052605 0.0517068 0.0503027 0.0478647 0.0439028 0.0382227 0.0311262 0.0234026
 0.00561922 0.00900831 0.0133503 0.0185757 0.0245647 0.0310839 0.0377229 0.0439437 0.0492404 0.0532793 0.0559339 0.057248 0.057398 0.0566652 0.0553901 0.053902 0.052445 0.0511124 0.0497911 0.0481388 0.0456413 0.0417914 0.0363547 0.029583 0.0222168
 0.00586171 0.00940155 0.0139407 0.019407 0.0256706 0.0324759 0.0393753 0.0457865 0.051167 0.0551691 0.0576774 0.0587599 0.0586111 0.0575105 0.0557821 0.0537467 0.0516711 0.0497073 0.047824 0.0457595 0.0430579 0.0392334 0.0340301 0.0276421 0.0207314
 0.0060212 0.00966952 0.0143612 0.0200296 0.026544 0.0336354 0.0408276 0.0474982 0.0530617 0.0571351 0.0595823 0.0604699 0.0600097 0.0585091 0.0563154 0.0537602 0.0511145 0.0485481 0.0460777 0.043519 0.0405007 0.036597 0.0315618 0.0255417 0.0191094
 0.00636034 0.0101955 0.015107 0.0210135 0.0277727 0.0351071 0.0425288 0.049394 0.0550878 0.059195 0.0615532 0.0622165 0.0614029 0.059443 0.0567168 0.053586 0.0503429 0.0471742 0.0441254 0.0410666 0.037704 0.0336861 0.0288006 0.0231634 0.0172567
 0.0066974 0.0107309 0.015889 0.0220773 0.0291334 0.03675 0.0444001 0.0514019 0.057119 0.0611382 0.0633151 0.0637213 0.0625821 0.0602285 0.0570421 0.0533934 0.0495915 0.0458468 0.0422391 0.0386905 0.0349783 0.0308236 0.0260566 0.0207748 0.015379
 0.00701271 0.0112386 0.0166443 0.0231294 0.0305174 0.0384731 0.0464245 0.0536353 0.0594207 0.0633427 0.0652624 0.0652832 0.0636769 0.0608185 0.0571183 0.0529563 0.0486397 0.0443797 0.0402731 0.0362847 0.0322567 0.027981 0.0233322 0.0183968 0.0135018
 0.0073614 0.0117858 0.0174325 0.0241881 0.0318626 0.0401045 0.048317 0.0557283 0.0616143 0.0655028 0.0672354 0.0669174 0.064846 0.0614411 0.0571638 0.0524356 0.0475856 0.042832 0.038278 0.0339113 0.0296209 0.0252569 0.0207343 0.0161321 0.0117124
 0.00760153 0.0121781 0.0180263 0.0250302 0.0329879 0.0415216 0.0499943 0.0575905 0.0635537 0.0673999 0.0689747 0.0683932 0.0659636 0.06212 0.0573461 0.0520937 0.0467246 0.0414843 0.0364992 0.0317825 0.0272599 0.0228239 0.0184188 0.0141145 0.0101171
 0.00769665 0.012355 0.0183349 0.0255333 0.0337503 0.04259 0.0513755 0.0592384 0.0653711 0.0692537 0.0707183 0.0698902 0.0671054 0.0628338 0.0575926 0.0518596 0.0460165 0.0403283 0.0349439 0.0299058 0.025175 0.0206796 0.0163841 0.0123464 0.00872136
 0.00771949 0.0124064 0.0184407 0.0257321 0.0340915 0.0431267 0.0521531 0.0602796 0.0666608 0.0707286 0.0722679 0.0713725 0.0683748 0.0637688 0.0581126 0.051928 0.0456322 0.0395169 0.0337534 0.0284094 0.0234764 0.0189126 0.014698 0.0108773 0.00756013
 0.0079887 0.0128247 0.0190346 0.0265146 0.0350626 0.0442736 0.0534468 0.061672 0.0680851 0.072105 0.0735107 0.0723973 0.0691051 0.0641439 0.0580954 0.0515089 0.0448289 0.0383695 0.0323203 0.0267672 0.0217221 0.017163 0.0130779 0.00949629 0.00648595
 0.00812622 0.0130501 0.0193768 0.027001 0.0357119 0.0450872 0.0544004 0.0627147 0.0691501 0.0731248 0.0744283 0.0731679 0.069691 0.0645094 0.0582067 0.0513383 0.0443629 0.0376146 0.0313076 0.0255535 0.0203893 0.0158121 0.0118159 0.00841562 0.00564371
 0.00840393 0.0134711 0.0199543 0.0277291 0.0365711 0.0460509 0.0554371 0.0637835 0.0701948 0.0740753 0.0752107 0.0737202 0.069977 0.0645226 0.0579626 0.0508621 0.0436789 0.0367454 0.0302799 0.0244073 0.0191836 0.0146231 0.0107259 0.00749533 0.00493421
 0.00858997 0.0137543 0.0203443 0.0282205 0.0371441 0.0466743 0.0560722 0.0643902 0.0707408 0.0745436 0.0755989 0.0740303 0.0702031 0.0646468 0.0579604 0.0507123 0.0433701 0.0362782 0.0296671 0.0236759 0.0183772 0.0138008 0.00995409 0.00683278 0.00441767
 0.00861878 0.0138031 0.0204211 0.0283334 0.0372987 0.0468702 0.0563006 0.0646347 0.0709829 0.0747704 0.0758081 0.0742294 0.0704016 0.0648456 0.0581446 0.0508514 0.0434266 0.0362194 0.0294755 0.0233551 0.0179535 0.0133193 0.00946991 0.00639783 0.00406799
 0.00854118 0.0137052 0.020326 0.0282802 0.037332 0.0470232 0.05658 0.0650163 0.0714187 0.0752027 0.0761847 0.0745155 0.0705854 0.0649364 0.0581629 0.0508163 0.0433457 0.0360873 0.0292809 0.0230917 0.0176288 0.0129575 0.00910686 0.00607063 0.00380381
 0.00869227 0.0139187 0.0205895 0.0285663 0.0376118 0.0472841 0.0568356 0.0652974 0.0717496 0.0755771 0.0765584 0.0748208 0.07076 0.0649472 0.0580155 0.0505454 0.0429976 0.0357019 0.0288835 0.0226943 0.0172385 0.0125847 0.00876759 0.00578262 0.00357962
 0.00867675 0.0138981 0.0205658 0.0285405 0.0375799 0.0472335 0.056748 0.0651606 0.071575 0.0754081 0.0764597 0.0748489 0.070932 0.0652303 0.0583428 0.0508466 0.0432237 0.0358336 0.028924 0.0226584 0.0171447 0.012453 0.00861936 0.00563911 0.00345767
 0.00850565 0.0136409 0.0202179 0.0281132 0.0370978 0.0467304 0.0562618 0.0647292 0.0712313 0.0751772 0.0763599 0.0748956 0.0711375 0.0655946 0.058841 0.0514255 0.0438126 0.036365 0.0293515 0.0229629 0.0173313 0.012542 0.00863869 0.00561733 0.00341925
 0.00849427 0.0136081 0.0201431 0.0279702 0.0368642 0.0464006 0.0558567 0.0642956 0.0708278 0.0748559 0.0761528 0.0748129 0.0711751 0.0657435 0.0590906 0.0517591 0.0442019 0.0367693 0.0297258 0.0232704 0.0175527 0.0126779 0.00870442 0.00563532 0.00341152
 0.00861161 0.0137718 0.0203384 0.0281633 0.0370081 0.0464465 0.0557675 0.0640565 0.0704541 0.0743939 0.0756717 0.0743873 0.0708643 0.0655786 0.0590734 0.0518707 0.0444113 0.0370391 0.0300155 0.0235418 0.0177764 0.0128391 0.00880398 0.00568561 0.00342955
 0.00862818 0.0138126 0.0204234 0.0283153 0.0372408 0.0467493 0.056095 0.0643347 0.0706029 0.0743581 0.0754432 0.0740081 0.0704113 0.0651375 0.0587152 0.0516362 0.0443087 0.0370505 0.0301071 0.0236744 0.0179141 0.0129561 0.00888769 0.00573574 0.00345369
 0.00860238 0.0137667 0.0203488 0.0282055 0.037098 0.0465909 0.0559546 0.0642514 0.0706015 0.0744309 0.0755492 0.0740919 0.0704316 0.0650878 0.0586236 0.0515491 0.0442678 0.0370774 0.0301988 0.0238097 0.0180638 0.0130938 0.0089965 0.00581038 0.00349807
 0.00858513 0.0137299 0.0202769 0.0280785 0.0368959 0.0463025 0.0555872 0.0638367 0.070194 0.0740962 0.0753444 0.0740453 0.070532 0.0652916 0.0588766 0.0518096 0.044518 0.0373182 0.0304362 0.024043 0.0182833 0.0132852 0.00914822 0.00591853 0.00356691
 0.00870127 0.0139032 0.0205079 0.0283549 0.0371928 0.0465844 0.0558117 0.0639609 0.0701855 0.0739462 0.0750751 0.0737061 0.0701841 0.0649869 0.0586433 0.0516503 0.04442 0.0372666 0.0304214 0.0240593 0.0183241 0.01334 0.00920488 0.005967 0.00360215
 0.00861784 0.0137887 0.0203745 0.0282261 0.0370956 0.0465374 0.0558155 0.0639972 0.0702249 0.0739602 0.0750467 0.0736358 0.0700893 0.0648961 0.0585855 0.0516447 0.0444699 0.0373612 0.0305429 0.0241906 0.0184517 0.0134548 0.00930042 0.00603999 0.00365269
 0.0085777 0.0137247 0.0202816 0.0281036 0.036951 0.0463896 0.0556945 0.0639363 0.0702459 0.0740602 0.0751949 0.0737857 0.0701987 0.0649442 0.0585781 0.0516067 0.0444312 0.0373441 0.0305563 0.0242312 0.0185095 0.013518 0.00935943 0.00608853 0.00368823
 0.00843045 0.0135145 0.020019 0.0278163 0.036675 0.0461566 0.0555229 0.0638319 0.0702098 0.0740945 0.0753017 0.0739585 0.0704164 0.0651735 0.058785 0.0517696 0.0445477 0.0374268 0.0306228 0.0242945 0.0185743 0.0135821 0.00941742 0.00613579 0.00372276
 0.00828399 0.013287 0.019698 0.0274015 0.0361831 0.0456248 0.0550093 0.0634064 0.0699352 0.0740062 0.0753978 0.0742069 0.0707697 0.0655831 0.0592072 0.0521688 0.0448987 0.0377175 0.0308543 0.0244762 0.0187174 0.0136949 0.00950472 0.00620017 0.00376697
 0.00806004 0.0129576 0.0192663 0.0268922 0.0356348 0.0450778 0.0544986 0.0629626 0.0695901 0.0737943 0.0753498 0.0743369 0.0710666 0.0660097 0.0597108 0.0526941 0.045399 0.0381612 0.0312254 0.0247721 0.0189445 0.0138638 0.00962619 0.00628395 0.00382154
 0.00797695 0.0128048 0.0190058 0.026483 0.0350494 0.0443245 0.0536362 0.0620952 0.0688376 0.0732552 0.0750774 0.074338 0.071315 0.0664607 0.0603086 0.0533762 0.0461024 0.0388299 0.0318179 0.0252652 0.019332 0.0141523 0.00982969 0.00641955 0.00390632
 0.00883325 0.0139992 0.0204361 0.0279266 0.0362206 0.0449711 0.0536233 0.0614365 0.0676731 0.0718 0.073566 0.0729755 0.0702419 0.0657386 0.0599284 0.0532814 0.0462141 0.0390666 0.0321081 0.0255544 0.0195856 0.0143539 0.00997717 0.00651951 0.00396916
 0.00958264 0.0151962 0.0221854 0.0302778 0.0391188 0.0482026 0.0567935 0.0640285 0.0691989 0.0719776 0.0724219 0.0708146 0.0675148 0.0628891 0.0572904 0.0510441 0.0444399 0.0377318 0.0311449 0.0248819 0.0191288 0.0140518 0.00978358 0.00640053 0.00390002
 0.00923275 0.0147843 0.021858 0.0302738 0.0397121 0.0496012 0.0590377 0.0669344 0.0723709 0.0748892 0.074548 0.0717823 0.0672161 0.0615016 0.0551926 0.0486718 0.0421571 0.0357648 0.0295833 0.0237183 0.018305 0.0134941 0.0094224 0.00617782 0.00377039
 0.00893827 0.0143097 0.0211621 0.0293509 0.0386281 0.048531 0.0582716 0.0668171 0.0731707 0.0766533 0.0770294 0.0744931 0.0695911 0.0630911 0.0557974 0.0483682 0.0412181 0.0345299 0.0283431 0.0226547 0.0174898 0.0129219 0.00904921 0.00595008 0.00364026
 0.00889055 0.0141987 0.0209324 0.0289285 0.0379386 0.0475334 0.057 0.0654134 0.0718873 0.0758087 0.0769124 0.0752429 0.07111 0.0650513 0.057754 0.0499264 0.0421649 0.0348701 0.0282384 0.0223201 0.0171058 0.0125946 0.0088156 0.00580383 0.00355803
 0.00890481 0.0142223 0.0209659 0.0289641 0.0379519 0.0474756 0.0567993 0.0649966 0.0712199 0.0749402 0.0759977 0.0745147 0.0708005 0.0652908 0.0585015 0.0509756 0.0432306 0.035708 0.0287307 0.022487 0.0170535 0.0124454 0.00865906 0.00568311 0.0034811
 0.0090115 0.0143949 0.0212235 0.0293224 0.0384172 0.0480354 0.0574113 0.0655818 0.0716696 0.0751396 0.0758655 0.0740465 0.0700911 0.0645162 0.0578547 0.0505851 0.0431086 0.0357597 0.0288189 0.0225062 0.01697 0.0122879 0.00848136 0.00552953 0.00337142
 0.00896001 0.0143125 0.0211031 0.0291613 0.0382215 0.0478246 0.0572194 0.0654513 0.0716353 0.0752097 0.0760106 0.0742067 0.0702029 0.0645467 0.0578227 0.0505523 0.0431413 0.0358868 0.0290141 0.0227081 0.0171205 0.0123621 0.00849001 0.00550173 0.00333471
 0.00896715 0.0143065 0.0210614 0.0290529 0.0380152 0.0475035 0.0567944 0.064966 0.0711592 0.0748209 0.0757744 0.0741551 0.0703246 0.0647931 0.0581303 0.0508704 0.0434479 0.0361828 0.0293034 0.0229805 0.0173536 0.0125348 0.00859658 0.00555357 0.00335179
 0.00894833 0.0142913 0.0210655 0.0290957 0.0381094 0.0476409 0.0569387 0.0650602 0.0711492 0.0746829 0.0755291 0.0738608 0.0700523 0.0645985 0.0580368 0.0508692 0.0435125 0.0362859 0.0294253 0.0231078 0.0174734 0.0126344 0.0086674 0.00559477 0.00336996
 0.00891712 0.0142377 0.0209808 0.0289739 0.0379523 0.0474642 0.0567722 0.0649386 0.0710946 0.0746905 0.075568 0.0738924 0.0700543 0.0645772 0.0580195 0.0508859 0.0435787 0.0363979 0.0295664 0.0232574 0.0176136 0.0127524 0.00875623 0.00565382 0.00340395
 0.00895442 0.0142876 0.0210356 0.0290187 0.037968 0.0474332 0.0566856 0.0648012 0.0709268 0.0745235 0.0754331 0.0738081 0.0700194 0.0645754 0.058033 0.050907 0.0436115 0.0364508 0.0296426 0.0233512 0.017713 0.0128442 0.00883086 0.00570732 0.00343763
 0.00891286 0.0142336 0.0209789 0.0289747 0.0379518 0.0474499 0.0567241 0.0648368 0.0709318 0.0744815 0.0753474 0.0737007 0.0699195 0.0645068 0.0580052 0.0509161 0.0436477 0.0365052 0.0297101 0.0234279 0.0177934 0.0129206 0.00889601 0.00575669 0.00347071
 0.00890254 0.014217 0.0209552 0.0289452 0.0379221 0.0474311 0.0567316 0.0648836 0.07102 0.074595 0.0754555 0.0737699 0.0699298 0.0644596 0.0579207 0.0508211 0.0435641 0.0364452 0.0296766 0.0234186 0.0178028 0.0129418 0.00892149 0.00578039 0.00348902
 0.00884751 0.0141369 0.0208518 0.0288263 0.0377988 0.047315 0.0566325 0.0648108 0.0709829 0.074603 0.0755126 0.0738696 0.0700535 0.0645821 0.0580202 0.0508879 0.0436023 0.0364667 0.0296939 0.0234394 0.0178292 0.0129718 0.00895108 0.00580591 0.00350833
 0.00879737 0.014058 0.0207382 0.0286757 0.0376141 0.0471068 0.0564198 0.064619 0.0708381 0.0745246 0.0755092 0.0739383 0.0701823 0.0647519 0.0582079 0.0510708 0.0437629 0.0365971 0.0297952 0.023518 0.0178918 0.0130227 0.00899218 0.00583746 0.00353073
 0.00883871 0.0141108 0.0207912 0.0287092 0.0376055 0.0470389 0.0562885 0.0644363 0.0706293 0.0743217 0.075343 0.0738321 0.070147 0.0647853 0.0582967 0.0511944 0.0438994 0.0367279 0.0299084 0.0236092 0.0179622 0.0130759 0.00903179 0.00586615 0.00355045
 0.00897179 0.0143238 0.021104 0.0291337 0.0381384 0.0476525 0.0569255 0.0650146 0.0710617 0.0745421 0.0753262 0.0735973 0.0697469 0.0642879 0.0577679 0.0506862 0.0434448 0.0363422 0.029594 0.0233617 0.0177744 0.0129399 0.008939 0.00580731 0.00351619
 0.00889089 0.0142213 0.0210039 0.0290777 0.038176 0.0478243 0.0572462 0.0654641 0.071586 0.0750637 0.0757612 0.0738764 0.0698336 0.0641868 0.0575187 0.0503478 0.0430767 0.0359907 0.0292877 0.0231125 0.0175831 0.0128009 0.00884371 0.00574626 0.00348001
 0.00891237 0.0142498 0.0210363 0.0291117 0.0382159 0.0478883 0.0573673 0.0656801 0.07192 0.0755038 0.0762529 0.0743346 0.0701691 0.0643354 0.0574595 0.0501053 0.0427073 0.0355632 0.028864 0.0227363 0.0172771 0.0125703 0.008682 0.00564085 0.00341642
 0.00898657 0.0143376 0.021108 0.0291197 0.0381091 0.047634 0.0569721 0.065198 0.0714423 0.0751354 0.0760817 0.0744028 0.070458 0.0647704 0.0579371 0.0505283 0.0430142 0.0357375 0.0289258 0.0227237 0.0172287 0.0125144 0.00863405 0.00560623 0.00339447
 0.00947198 0.0150735 0.0221135 0.0303695 0.0395312 0.0491132 0.0583572 0.0663198 0.0721495 0.0753391 0.0757853 0.0736988 0.0694925 0.0636947 0.0568674 0.0495294 0.0421068 0.0349202 0.0281961 0.0220872 0.0166968 0.0120956 0.008327 0.00539828 0.00326512
 0.00995268 0.0158201 0.0231704 0.0317494 0.0412077 0.0510119 0.0603462 0.0682117 0.073726 0.076397 0.0761858 0.0734016 0.0685644 0.0622899 0.0551863 0.0477686 0.0404205 0.0334041 0.0268938 0.0210096 0.0158378 0.0114409 0.00785538 0.00508076 0.00306738
 0.0100289 0.015971 0.0234471 0.0322159 0.0419247 0.0520109 0.0616053 0.0696446 0.075193 0.0777299 0.0772185 0.0739993 0.0686492 0.0618584 0.0543121 0.0465852 0.0390873 0.0320697 0.0256699 0.0199618 0.0149921 0.0107953 0.00739066 0.00476762 0.00287167
 0.0094681 0.0151519 0.0223893 0.0310053 0.0407003 0.0509364 0.0608402 0.0693205 0.0753894 0.07845 0.0783761 0.0754298 0.0701447 0.0632158 0.0553771 0.0472798 0.0394153 0.0320986 0.0254997 0.0196928 0.0147032 0.0105362 0.00718479 0.00461959 0.00277476
#obs surv len freq
 nan nan nan nan nan nan nan nan nan nan nan nan nan nan nan nan nan nan nan nan nan nan nan nan nan
 0.00448582 0.00734789 0.0111788 0.0159963 0.0216982 0.0279749 0.0342897 0.040021 0.0447 0.0481624 0.0505185 0.0520123 0.0529025 0.0534131 0.0537259 0.0539797 0.0542575 0.0545497 0.0546881 0.0542799 0.052718 0.0493505 0.0438009 0.0362818 0.0276665
 0.00461838 0.00756455 0.0115067 0.0164604 0.0223154 0.0287442 0.0351836 0.0409824 0.0456498 0.0490156 0.0511993 0.0524662 0.0531012 0.053355 0.0534323 0.0534869 0.0536084 0.0537867 0.05385 0.0534035 0.0518419 0.0485176 0.0430556 0.0356619 0.0271927
 0.00478389 0.00783666 0.0119218 0.0170541 0.0231151 0.0297577 0.0363865 0.0423135 0.0470177 0.0503141 0.0523242 0.0533278 0.0536332 0.0535204 0.0532255 0.0529319 0.0527514 0.0526878 0.0525761 0.0520254 0.0504356 0.0471646 0.041837 0.0346446 0.0264138
 0.00497187 0.00814434 0.0123889 0.0177195 0.0240099 0.030894 0.0377452 0.0438384 0.0486209 0.0518898 0.0537626 0.0545254 0.0545 0.0539864 0.0532474 0.0524977 0.051882 0.0514343 0.0510155 0.0502559 0.0485737 0.0453383 0.0401729 0.0332461 0.025339
 0.00519229 0.00850387 0.0129323 0.0184892 0.0250385 0.0321917 0.0392868 0.0455585 0.0504228 0.0536628 0.0553975 0.0559223 0.0555707 0.0546545 0.0534515 0.0521968 0.0510632 0.0501197 0.0492677 0.0481807 0.0463164 0.0430727 0.0380766 0.0314672 0.0239637
 0.00542107 0.00887981 0.0135056 0.0193091 0.0261439 0.0335959 0.0409623 0.0474318 0.0523853 0.0555916 0.0571756 0.0574484 0.0567604 0.0554377 0.0537687 0.0519993 0.0503179 0.0488208 0.0474514 0.045939 0.0438027 0.04049 0.0356458 0.0293795 0.0223365
 0.00565438 0.00926177 0.0140856 0.0201356 0.0272558 0.0350089 0.0426539 0.0493347 0.0543956 0.057587 0.0590343 0.0590615 0.0580371 0.0563052 0.054169 0.051885 0.0496518 0.0475832 0.0456576 0.0436609 0.0411849 0.0377445 0.0330186 0.0270944 0.0205387
 0.00589154 0.00965026 0.0146758 0.0209766 0.028386 0.0364417 0.0443629 0.0512484 0.0564074 0.059576 0.0608837 0.0606686 0.059316 0.0571856 0.0545939 0.0518074 0.0490333 0.0463992 0.0439118 0.0414095 0.0385581 0.0349494 0.0303088 0.0247112 0.0186469
 0.00613196 0.0100453 0.015278 0.0218373 0.0295457 0.0379135 0.0461166 0.0532049 0.0584508 0.0615761 0.0627182 0.0622355 0.0605362 0.0580002 0.0549584 0.0516856 0.0483943 0.0452201 0.042192 0.0391948 0.0359645 0.0321719 0.0275958 0.0223071 0.0167253
 0.0063854 0.0104581 0.015901 0.0227185 0.030721 0.0393931 0.0478693 0.0551526 0.0604782 0.0635523 0.0645175 0.0637521 0.0616896 0.0587347 0.0552385 0.0514886 0.0477032 0.0440232 0.0404932 0.0370355 0.0334493 0.0294797 0.02496 0.0199624 0.0148429
 0.00661491 0.010838 0.0164849 0.02356 0.031862 0.0408463 0.0496004 0.0570759 0.0624705 0.0654777 0.0662516 0.0651937 0.0627636 0.0593907 0.0554462 0.0512325 0.0469763 0.0428253 0.0388373 0.0349652 0.0310616 0.0269369 0.0224746 0.0177503 0.0130636
 0.00684586 0.0112136 0.0170509 0.0243593 0.032928 0.0421896 0.0511958 0.0588549 0.0643281 0.0672903 0.0678962 0.0665632 0.0637765 0.0599932 0.0556099 0.050948 0.0462457 0.0416585 0.0372564 0.0330183 0.0288411 0.02459 0.0201911 0.0157224 0.0114332
 0.00707242 0.0115873 0.0176227 0.0251787 0.034031 0.0435821 0.0528365 0.0606531 0.0661593 0.0690232 0.0694152 0.0677798 0.0646286 0.0604424 0.055638 0.0505528 0.0454371 0.040456 0.0356911 0.0311434 0.0267461 0.022409 0.0180916 0.0138712 0.00995168
 0.00727066 0.0119153 0.0181268 0.0259056 0.0350183 0.0448424 0.0543419 0.0623284 0.0678911 0.070681 0.070875 0.0689404 0.0654208 0.0608296 0.0556112 0.0501218 0.0446233 0.0392879 0.0342071 0.0294 0.0248294 0.0204398 0.0162158 0.0122303 0.00864594
 0.00745376 0.0122132 0.0185759 0.0265401 0.0358644 0.0459082 0.0556067 0.063737 0.0693594 0.0721094 0.0721624 0.0699955 0.0661705 0.0612245 0.055628 0.0497615 0.0439052 0.0382443 0.0328819 0.0278525 0.0231421 0.0187216 0.0145922 0.0108198 0.00752976
 0.00751741 0.0123213 0.0187476 0.0267979 0.0362309 0.0464019 0.0562352 0.0644935 0.0702215 0.0730401 0.0731119 0.0709028 0.0669666 0.0618393 0.0559992 0.0498434 0.0436748 0.037703 0.0320551 0.02679 0.021919 0.0174359 0.0133546 0.00973289 0.00666413
 0.00758568 0.0124242 0.018888 0.0269748 0.0364426 0.0466493 0.0565246 0.064835 0.0706251 0.0735107 0.0736436 0.0714761 0.0675467 0.0623772 0.0564365 0.0501198 0.0437384 0.0375203 0.0316194 0.0261258 0.0210821 0.0165092 0.0124344 0.00890951 0.00600096
 0.00766908 0.0125523 0.0190662 0.0272021 0.0367108 0.0469435 0.0568246 0.0651194 0.070879 0.0737319 0.0738452 0.0716788 0.0677671 0.0626164 0.0566741 0.050316 0.0438422 0.0374823 0.0314055 0.0257293 0.02053 0.0158591 0.0117634 0.00829411 0.00549743
 0.00774913 0.0126779 0.0192465 0.0274413 0.0370064 0.0472837 0.0571864 0.0654705 0.0711839 0.0739626 0.07399 0.0717457 0.0677798 0.0626041 0.056659 0.0503028 0.0438143 0.0374069 0.0312456 0.02546 0.0201512 0.0154003 0.0112765 0.00783757 0.00511776
 0.00776925 0.0127095 0.0192921 0.027503 0.037086 0.0473827 0.0573056 0.0656082 0.0713351 0.0741179 0.0741372 0.071873 0.06788 0.0626773 0.0567117 0.0503424 0.0438412 0.0374095 0.0312022 0.0253476 0.0199588 0.0151378 0.0109748 0.00753845 0.0048589
 0.00779776 0.0127498 0.0193416 0.0275558 0.0371349 0.0474223 0.0573352 0.0656322 0.0713612 0.0741544 0.0741892 0.0719406 0.0679581 0.0627577 0.0567861 0.050405 0.043888 0.0374351 0.0311969 0.0252989 0.0198573 0.0149855 0.010788 0.00734405 0.0046843
 0.0078345 0.0128037 0.0194117 0.0276368 0.0372177 0.0474962 0.0573893 0.0656589 0.071358 0.0741266 0.0741491 0.0719039 0.0679381 0.0627607 0.0568106 0.0504431 0.043929 0.037468 0.0312109 0.025284 0.0198066 0.0148988 0.0106744 0.00722025 0.00456914
 0.00786516 0.012851 0.019478 0.0277218 0.0373177 0.0476035 0.0574924 0.0657431 0.0714097 0.0741372 0.074119 0.0718427 0.0678619 0.062687 0.0567528 0.0504074 0.0439136 0.0374647 0.0312083 0.0252708 0.0197742 0.0148442 0.0106017 0.00713956 0.00449256
 0.00788059 0.0128718 0.0195015 0.027743 0.0373314 0.0476064 0.0574848 0.0657288 0.0713935 0.0741222 0.0741057 0.0718298 0.0678487 0.0626755 0.0567473 0.0504127 0.0439319 0.0374936 0.031241 0.0252976 0.0197864 0.014837 0.010576 0.00710161 0.00445131
 0.00787413 0.0128618 0.0194871 0.0277234 0.0373055 0.0475728 0.0574422 0.0656776 0.0713367 0.0740668 0.0740603 0.0718027 0.0678441 0.0626929 0.0567828 0.0504614 0.0439896 0.0375563 0.0313037 0.025354 0.0198298 0.0148625 0.010583 0.0070938 0.00443517
 0.0078935 0.0128874 0.0195149 0.0277461 0.0373148 0.0475626 0.0574113 0.0656295 0.0712781 0.0740046 0.0740009 0.0717513 0.0678059 0.0626721 0.0567817 0.0504792 0.044023 0.0376004 0.0313527 0.0254017 0.0198704 0.0148915 0.0105986 0.00709737 0.00443062
 0.00787494 0.0128584 0.0194732 0.0276903 0.0372435 0.0474753 0.0573088 0.0655155 0.0711602 0.0738947 0.0739125 0.0716966 0.0677921 0.0626999 0.0568462 0.050572 0.0441342 0.0377198 0.031471 0.0255106 0.0199631 0.0149637 0.0106491 0.00712818 0.0044462
 0.00789879 0.0128909 0.0195106 0.0277249 0.0372664 0.0474786 0.0572887 0.0654724 0.0710976 0.0738172 0.0738262 0.0716093 0.0677133 0.0626397 0.0568125 0.0505685 0.0441591 0.0377674 0.0315326 0.0255771 0.0200261 0.015017 0.0106892 0.00715466 0.00446122
 0.00787086 0.012848 0.0194507 0.0276475 0.037172 0.0473688 0.0571661 0.065342 0.0709679 0.0736997 0.0737333 0.0715514 0.0676962 0.062664 0.0568744 0.0506618 0.0442764 0.0378998 0.0316705 0.0257104 0.0201458 0.0151163 0.0107649 0.00720718 0.00449412
 0.0078378 0.012793 0.0193659 0.0275257 0.0370096 0.0471688 0.0569413 0.0651138 0.0707611 0.0735358 0.0736261 0.0715061 0.0677118 0.062735 0.0569929 0.0508175 0.0444574 0.0380936 0.0318649 0.0258938 0.0203082 0.0152508 0.0108681 0.00728003 0.00454101
 0.00780835 0.0127437 0.0192891 0.0274136 0.0368557 0.0469712 0.056706 0.0648559 0.0705038 0.0733063 0.0734499 0.0714021 0.0676888 0.0627914 0.0571184 0.0509966 0.0446725 0.0383271 0.0321001 0.0261159 0.0205053 0.0154144 0.0109943 0.00737002 0.00459973
 0.00780492 0.0127341 0.019267 0.0273704 0.0367821 0.0468604 0.0565561 0.064672 0.0702976 0.0730947 0.0732528 0.0712404 0.0675812 0.062751 0.0571497 0.051095 0.0448254 0.038517 0.0323077 0.0263227 0.0206955 0.0155764 0.011122 0.00746256 0.00466109
 0.00775039 0.0126503 0.0191501 0.0272196 0.0365999 0.0466516 0.0563284 0.0644363 0.070068 0.0728869 0.0730831 0.0711229 0.0675269 0.0627663 0.0572359 0.0512474 0.045033 0.0387635 0.0325728 0.0265853 0.0209366 0.0157818 0.0112838 0.00758 0.00473913
 0.00772008 0.012596 0.0190594 0.0270793 0.0364001 0.0463923 0.0560243 0.064116 0.0697661 0.0726344 0.0728998 0.071017 0.0674982 0.062811 0.0573485 0.0514207 0.0452575 0.0390255 0.0328549 0.0268675 0.0211991 0.0160082 0.0114643 0.00771222 0.00482774
 0.00930238 0.0148111 0.0217328 0.0298272 0.0387399 0.0479198 0.0565547 0.0637133 0.0686648 0.0711225 0.07123 0.0693689 0.0659802 0.0614771 0.0562175 0.0504914 0.0445183 0.0384598 0.0324424 0.0265842 0.0210186 0.0159035 0.0114105 0.00768897 0.0048203
 0.00928681 0.0150776 0.0226481 0.0318459 0.0422063 0.0528002 0.0622674 0.0692228 0.0728489 0.0732144 0.0710718 0.0673562 0.0627905 0.0577808 0.0525104 0.0470652 0.041509 0.0359107 0.0303498 0.0249217 0.0197466 0.0149729 0.0107646 0.00726739 0.00456372
 0.0089544 0.0145564 0.021921 0.030966 0.0413487 0.0522965 0.0625644 0.0707214 0.0756613 0.0769844 0.0750198 0.0705741 0.0646192 0.0580396 0.0514653 0.045214 0.039349 0.033803 0.0284962 0.0234026 0.0185696 0.0141079 0.0101638 0.00687555 0.00432567
 0.00878639 0.014272 0.0214731 0.0303073 0.0404507 0.051183 0.0613529 0.0696503 0.0750682 0.0772112 0.0762586 0.0727235 0.0672549 0.060552 0.053306 0.0461051 0.0393372 0.0331588 0.0275511 0.0224251 0.0177194 0.0134483 0.00969578 0.0065689 0.00414002
 0.0087506 0.014205 0.0213548 0.0301101 0.0401423 0.050733 0.0607458 0.0689035 0.0742536 0.076472 0.0758001 0.0727603 0.0679152 0.0617841 0.0548557 0.0476 0.0404415 0.0337051 0.0275738 0.0220949 0.0172391 0.012975 0.0093134 0.00630004 0.00397118
 0.00869503 0.0141205 0.0212377 0.0299593 0.0399565 0.0505073 0.0604705 0.0685665 0.0738482 0.0760101 0.0753287 0.0723713 0.0677346 0.0619308 0.0553778 0.0484263 0.041388 0.0345466 0.0281405 0.0223346 0.0172116 0.0127964 0.00909432 0.0061102 0.00383669
 0.00868066 0.0140917 0.0211848 0.0298708 0.039823 0.0503265 0.0602504 0.0683227 0.0735968 0.0757601 0.0750826 0.0721356 0.0675351 0.0618203 0.0554233 0.0486745 0.0418278 0.0350953 0.0286722 0.0227362 0.0174301 0.0128489 0.00904163 0.00601828 0.00375061
 0.00867114 0.0140759 0.02116 0.0298335 0.0397681 0.050248 0.0601427 0.068183 0.0734282 0.0755724 0.0748901 0.0719532 0.0673768 0.0617023 0.0553691 0.0487136 0.041982 0.0353588 0.0290011 0.0230606 0.0176845 0.0130003 0.0090971 0.00601081 0.00371693
 0.00865499 0.0140525 0.02113 0.0297989 0.0397318 0.0502115 0.0601051 0.0681405 0.0733752 0.0755033 0.0748025 0.0718493 0.0672648 0.0615955 0.0552849 0.0486719 0.0420018 0.0354504 0.0291569 0.0232521 0.0178707 0.0131453 0.00918451 0.00604631 0.00371916
 0.00865721 0.0140517 0.021121 0.0297748 0.0396865 0.0501437 0.0600201 0.06805 0.0732919 0.0754362 0.0747528 0.0718123 0.0672333 0.0615652 0.0552575 0.0486558 0.0420095 0.0354939 0.0292407 0.0233683 0.0179998 0.0132631 0.00927274 0.00609923 0.00374267
 0.00865232 0.0140486 0.0211247 0.0297919 0.0397216 0.0501955 0.060079 0.0681001 0.0733177 0.075429 0.0747142 0.0717511 0.0671604 0.0614889 0.0551831 0.0485882 0.0419556 0.0354619 0.0292378 0.0233955 0.0180499 0.0133225 0.0093268 0.00613849 0.00376516
 0.00863899 0.0140273 0.0210938 0.0297512 0.0396736 0.0501463 0.0600382 0.0680777 0.0733195 0.0754529 0.0747499 0.0717852 0.0671824 0.061495 0.0551757 0.0485732 0.0419398 0.0354522 0.0292402 0.0234135 0.0180823 0.0133634 0.0093677 0.00617205 0.00378791
 0.00863552 0.0140189 0.0210761 0.0297186 0.0396212 0.0500726 0.0599475 0.067981 0.073232 0.0753901 0.0747224 0.0717948 0.0672223 0.0615524 0.0552373 0.0486293 0.0419869 0.0354917 0.0292761 0.0234499 0.0181211 0.0134033 0.0094053 0.00620329 0.00381047
 0.00866233 0.0140603 0.0211341 0.0297927 0.0397072 0.0501621 0.060028 0.0680376 0.0732527 0.0753699 0.0746665 0.0717167 0.067138 0.061475 0.0551731 0.0485786 0.0419464 0.0354587 0.0292499 0.0234317 0.0181121 0.0134031 0.00941156 0.00621247 0.00381931
 0.00862672 0.0140123 0.0210801 0.0297445 0.039679 0.0501645 0.0600631 0.0680984 0.0733249 0.0754373 0.0747152 0.0717397 0.0671358 0.0614547 0.0551446 0.048551 0.0419248 0.0354444 0.0292419 0.0234287 0.0181133 0.0134081 0.00941909 0.00622095 0.00382704
 0.00862672 0.0140123 0.0210801 0.0297445 0.039679 0.0501645 0.0600631 0.0680984 0.0733249 0.0754373 0.0747152 0.0717397 0.0671358 0.0614547 0.0551446 0.048551 0.0419248 0.0354444 0.0292419 0.0234287 0.0181133 0.0134081 0.00941909 0.00622095 0.00382704
 0.00861469 0.013988 0.0210353 0.029671 0.0395723 0.0500301 0.0599196 0.0679742 0.073248 0.0754235 0.0747622 0.0718291 0.0672428 0.0615578 0.0552316 0.048619 0.0419771 0.035486 0.0292768 0.0234589 0.0181397 0.0134307 0.00943785 0.0062358 0.00383802
 0.00880031 0.0142806 0.021457 0.0302309 0.0402599 0.0508068 0.0607146 0.0686924 0.0737932 0.0757269 0.0748006 0.071624 0.0668449 0.0610277 0.0546277 0.0479915 0.0413674 0.0349259 0.0287882 0.0230538 0.0178209 0.0131934 0.00927179 0.0061273 0.00377237
 0.00878687 0.0142818 0.021501 0.030358 0.0405113 0.0512071 0.0612559 0.0693283 0.0744469 0.0763093 0.0752316 0.0718497 0.0668474 0.0608251 0.0542647 0.0475255 0.0408552 0.0344162 0.0283178 0.0226473 0.0174907 0.0129417 0.00909246 0.00600845 0.00369957
 0.00884469 0.0143645 0.0216059 0.0304793 0.0406464 0.0513648 0.0614581 0.0696024 0.0748078 0.0767429 0.0756883 0.0722557 0.0671276 0.0609273 0.0541733 0.0472621 0.0404677 0.0339633 0.0278555 0.0222198 0.0171269 0.0126549 0.00888279 0.00586674 0.0036114
 0.00878872 0.0142821 0.0214978 0.0303512 0.0405074 0.0512247 0.0613285 0.0694992 0.0747559 0.0767734 0.0758283 0.072512 0.0674744 0.0613075 0.0545157 0.0475057 0.0405811 0.0339497 0.0277451 0.0220548 0.0169479 0.012492 0.00875248 0.00577334 0.00355099
 0.00897072 0.0145577 0.0218741 0.0308199 0.0410451 0.0517957 0.061886 0.0699892 0.0751244 0.0769803 0.07586 0.0723862 0.067233 0.0609995 0.0541788 0.0471565 0.040219 0.0335704 0.0273528 0.0216669 0.0165895 0.0121865 0.00851395 0.00560333 0.00344069
 0.00920641 0.0149488 0.0224745 0.0316764 0.0421777 0.0531709 0.0633977 0.0714652 0.0763669 0.0778215 0.0762062 0.0722314 0.0666448 0.0600919 0.0530817 0.0459897 0.0390746 0.032507 0.0264018 0.0208438 0.0159027 0.0116399 0.00810409 0.00531737 0.00325689
 0.00904533 0.0147171 0.0221841 0.0313644 0.0419043 0.0530107 0.0634259 0.0717373 0.076895 0.0785566 0.0770398 0.0730237 0.0672674 0.0604639 0.0531851 0.0458603 0.0387788 0.0321175 0.0259803 0.0204347 0.0155349 0.0113306 0.00786149 0.00514124 0.00313964
 0.00897125 0.0145699 0.021916 0.0309224 0.0412532 0.0521657 0.0624757 0.070839 0.0762325 0.0782803 0.0772163 0.0736159 0.0681511 0.061469 0.0541453 0.0466543 0.0393491 0.0324654 0.0261457 0.020472 0.015496 0.0112565 0.00778055 0.00507042 0.00308637
#pred catch len freq
 0.00339585 0.00544564 0.00809089 0.0113378 0.0152133 0.0197337 0.0248404 0.0303667 0.0360631 0.0416474 0.0468488 0.0514469 0.0553016 0.0583582 0.0606206 0.0621139 0.0628571 0.0628448 0.0620148 0.0601984 0.057093 0.0523403 0.0457461 0.0375492 0.0285313
 0.00368971 0.00586235 0.00860908 0.0119098 0.015792 0.0203075 0.0254477 0.0310713 0.0368965 0.0425534 0.047672 0.0519789 0.0553654 0.0578867 0.0596925 0.0609316 0.0616762 0.0618827 0.0613746 0.0598424 0.0568812 0.0521137 0.0454089 0.0371032 0.0280505
 0.00382683 0.00611142 0.00902822 0.0125586 0.0167059 0.0214661 0.0267599 0.0323985 0.0381093 0.0435824 0.0485091 0.0526262 0.055777 0.05796 0.0593233 0.0600937 0.0604657 0.0604915 0.0600102 0.0586424 0.0558763 0.0512546 0.0446313 0.0363822 0.0274094
 0.0040156 0.00640107 0.00943711 0.0131058 0.0174232 0.022406 0.027984 0.0339391 0.0399203 0.0455148 0.0503394 0.0541287 0.0567922 0.058415 0.0592045 0.059417 0.059278 0.0588938 0.0581622 0.0567277 0.0540485 0.0496058 0.0432005 0.0351844 0.0264554
 0.00424679 0.0067648 0.00996197 0.0138107 0.0183163 0.0234849 0.0292379 0.0353546 0.0414858 0.0472126 0.0521186 0.0558748 0.0583237 0.0595214 0.0597081 0.0592205 0.0583779 0.0573706 0.056163 0.0544454 0.0516914 0.0473624 0.0412135 0.0335413 0.025191
 0.00447265 0.00712652 0.0104974 0.0145546 0.019298 0.0247216 0.0307242 0.0370529 0.0433256 0.0491008 0.0539568 0.05757 0.0597849 0.0606448 0.0603692 0.0592891 0.0577566 0.0560353 0.0541864 0.0519931 0.0489944 0.044674 0.0387618 0.0314902 0.023619
 0.00467993 0.00746152 0.0109995 0.0152635 0.0202514 0.0259497 0.0322381 0.0388322 0.04531 0.0511901 0.0560197 0.059463 0.0613741 0.0618205 0.0610448 0.05939 0.0572155 0.0548086 0.0522881 0.0495271 0.0461615 0.0417429 0.0360121 0.0291476 0.0218087
 0.00499197 0.00794385 0.0116811 0.0161608 0.0213741 0.0273066 0.0338354 0.0406619 0.0473349 0.0533319 0.0581587 0.0614499 0.063052 0.0630493 0.0617173 0.0594346 0.0565891 0.0534932 0.0503035 0.0469582 0.043182 0.0386107 0.0330233 0.026564 0.0197917
 0.00532629 0.00846924 0.0124385 0.0171777 0.022662 0.028858 0.0356181 0.042617 0.0493826 0.0553824 0.0601191 0.0632242 0.064538 0.0641404 0.0623117 0.0594466 0.0559587 0.0521929 0.0483487 0.0444258 0.0402306 0.0354819 0.0300065 0.0239284 0.0177149
 0.00564755 0.00897944 0.0131853 0.0182008 0.0239911 0.0305054 0.0375662 0.0448052 0.0517032 0.0576909 0.0622563 0.0650431 0.065925 0.0650222 0.062646 0.0592069 0.055124 0.0507511 0.0463133 0.0418622 0.0372806 0.0323679 0.0270019 0.0212945 0.01563
 0.00597964 0.0094976 0.0139266 0.0191911 0.0252474 0.032038 0.0393724 0.0468558 0.0539291 0.0599765 0.0644464 0.0669637 0.0674139 0.0659578 0.0629624 0.0588885 0.0541876 0.0492289 0.0442509 0.0393365 0.0344239 0.0293805 0.0241309 0.0187788 0.0136354
 0.00624372 0.00992036 0.0145514 0.0200556 0.0263798 0.0334492 0.0410461 0.0487426 0.0559482 0.0620247 0.066406 0.0687081 0.0688152 0.0668985 0.0633521 0.0586768 0.053367 0.0478292 0.0423327 0.0369926 0.0317909 0.026645 0.0215133 0.0164899 0.0118211
 0.00638225 0.0101573 0.014931 0.0206307 0.0272049 0.0345678 0.042473 0.0504492 0.0578572 0.0640159 0.0683326 0.0704197 0.0701792 0.0678147 0.0637552 0.0585327 0.0526697 0.0466001 0.0406243 0.0348942 0.0294347 0.0242051 0.0191879 0.0144631 0.0102178
