SBPRF35
7.78865
Curr Bio
536522
B35
695519
F35
0.211854
FOFL
0.154585
OFL
63639.6
Bzero
2.22533e+06
#pred survey bio
 4.76222e+06 4.52448e+06 4.28059e+06 3.98326e+06 3.6575e+06 3.33362e+06 2.97977e+06 2.64332e+06 2.35621e+06 2.08266e+06 1.84195e+06 1.61281e+06 1.43291e+06 1.25798e+06 1.10858e+06 974222 886423 816089 757733 733181 708549 676398 661531 644826 637495 624780 621342 621097 610040 609333 602131 598874 581548 580034 566440 556059 538911 524816 527351 532460 549014 556072 557824 568696 572478 576722 576211 579421 572077 579097 572094 565345 540863 1.82279e+07 1.06298e+07 1.06842e+07 1.1348e+07 1.23551e+07 1.34338e+07 1.4421e+07 1.52463e+07 1.58975e+07 1.63921e+07 1.67583e+07 1.70251e+07 1.72176e+07 1.73559e+07 1.74552e+07 1.75266e+07 1.75781e+07 1.76156e+07 1.76429e+07 1.7663e+07 1.76779e+07 1.7689e+07 1.76973e+07 1.77035e+07 1.77082e+07 1.77118e+07 1.77145e+07 1.77166e+07 1.77182e+07 1.77194e+07 1.77203e+07 1.7721e+07 1.77216e+07 1.7722e+07 1.77223e+07 1.77226e+07 1.77228e+07 1.7723e+07 1.77231e+07 1.77232e+07 1.77232e+07 1.77233e+07 1.77233e+07 1.77234e+07 1.77234e+07 1.77234e+07 1.77234e+07 1.77234e+07 1.77234e+07 1.77234e+07 1.77235e+07 1.77235e+07 1.77235e+07 1.77235e+07 1.77235e+07 1.77235e+07 1.77235e+07 1.77235e+07 1.77235e+07 1.77235e+07 1.77235e+07 1.77235e+07 1.77235e+07 1.77235e+07 1.77235e+07 1.77235e+07 1.77235e+07 1.77235e+07 1.77235e+07 1.77235e+07 1.77235e+07 1.77235e+07 1.77235e+07 1.77235e+07 1.77235e+07 1.77235e+07 1.77235e+07 1.77235e+07 1.77235e+07 1.77235e+07 1.77235e+07 1.77235e+07 1.77235e+07 1.77235e+07 1.77235e+07 1.77235e+07 1.77235e+07 1.77235e+07 1.77235e+07 1.77235e+07 1.77235e+07 1.77235e+07 1.77235e+07 1.77235e+07 1.77235e+07 1.77235e+07 1.77235e+07 1.77235e+07 1.77235e+07 1.77235e+07 0 0 0 0 0 0 0 0 0 0 0 0 0 0 0 0 0 0 0 0 0 0 0 0 0
#obs survey bio
 3.06423e+06 3.33838e+06 3.09893e+06 2.53442e+06 2.89108e+06 2.09139e+06 3.22781e+06 1.65614e+06 1.86643e+06 1.3685e+06 1.55562e+06 1.52843e+06 996618 1.56297e+06 1.0503e+06 759164 763969 497438 584508 671183 722209 796538 595172 541540 545657 384644 665052 556638 418320 389890 493958 607224 833897 679340 475000 493877 623029 416348 604759 478398 719268 623213 366511 339561 675677 541029 508687 552760 630599 637446 551780 352804 522266
#pred catch bio
 96564.3 99632.8 156229 201617 226455 284544 300707 285641 298939 290219 295480 263150 265525 245822 233006 192749 178006 166818 136316 133889 136260 117979 117282 108286 112280 104040 100619 107901 97315.9 100760 94746.9 103168 86154.7 92750.4 86433.4 90931.4 90912 81527 82818.8 75141.7 84271.5 89093.6 82385.2 89300.4 88836.5 92377.8 88770 96736.6 83616.5 93851.3 90945.3 101761 91872.2 63639.6 82190.5 81115 84815.3 91899.4 99776.5 106947 112821 117323 120617 122946 124552 125639 126362 126838 127149 127350 127479 127562 127615 127648 127670 127683 127691 127697 127700 127702 127704 127705 127705 127705 127706 127706 127706 127706 127706 127706 127706 127706 127706 127706 127706 127706 127706 127706 127706 127706 127706 127706 127706 127706 127706 127706 127706 127706 127706 127706 127706 127706 127706 127706 127706 127706 127706 127706 127706 127706 127706 127706 127706 127706 127706 127706 127706 127706 127706 127706 127706 127706 127706 127706 127706 127706 127706 127706 127706 127706 127706 127706 127706 127706 127706 127706 127706 127706 127706 127706 127706 127706 127706 0 0 0 0 0 0 0 0 0 0 0 0 0 0 0 0 0 0 0 0 0 0 0 0 0
#obs catch bio
 0 99457.2 156976 203202 228290 289243 306286 291450 306539 298148 304012 269932 274620 251975 239002 196785 181345 172209 139683 136931 139118 119572 118588 109717 114035 106088 102527 109819 98712.4 102710 95903.1 104922 86942.7 93595 87185.8 91736.7 91455.9 82088.9 83666.7 75415.4 84535.1 89630.6 82665.9 90388 89338.7 92846 89340.9 97380.6 83925.4 94431.2 91089.7 102215 91818.8
#pred cpue bio
 4.69052e+06 4.45774e+06 4.21823e+06 3.92283e+06 3.59819e+06 3.27553e+06 2.9234e+06 2.58879e+06 2.30323e+06 2.03156e+06 1.79288e+06 1.56612e+06 1.38817e+06 1.21579e+06 1.06895e+06 936955 850508 781280 724234 700694 677334 646621 632562 616365 609115 596629 593282 593402 583057 582657 576087 573482 557216 556396 543805 534131 516883 501578 502857 507739 524122 531129 532780 543138 546784 551128 550773 554009 547029 554128 547770 541708 518631 1.75108e+07 1.02165e+07 1.01423e+07 1.06649e+07 1.1623e+07 1.26903e+07 1.36754e+07 1.45003e+07 1.51514e+07 1.5646e+07 1.60122e+07 1.6279e+07 1.64715e+07 1.66098e+07 1.67091e+07 1.67805e+07 1.6832e+07 1.68695e+07 1.68968e+07 1.69169e+07 1.69318e+07 1.69428e+07 1.69511e+07 1.69574e+07 1.69621e+07 1.69657e+07 1.69684e+07 1.69705e+07 1.69721e+07 1.69733e+07 1.69742e+07 1.69749e+07 1.69755e+07 1.69759e+07 1.69762e+07 1.69765e+07 1.69767e+07 1.69768e+07 1.69769e+07 1.6977e+07 1.69771e+07 1.69772e+07 1.69772e+07 1.69772e+07 1.69773e+07 1.69773e+07 1.69773e+07 1.69773e+07 1.69773e+07 1.69773e+07 1.69773e+07 1.69773e+07 1.69773e+07 1.69773e+07 1.69773e+07 1.69773e+07 1.69773e+07 1.69773e+07 1.69773e+07 1.69773e+07 1.69773e+07 1.69773e+07 1.69773e+07 1.69773e+07 1.69773e+07 1.69773e+07 1.69773e+07 1.69773e+07 1.69773e+07 1.69773e+07 1.69773e+07 1.69773e+07 1.69773e+07 1.69773e+07 1.69773e+07 1.69773e+07 1.69773e+07 1.69773e+07 1.69773e+07 1.69773e+07 1.69773e+07 1.69773e+07 1.69773e+07 1.69773e+07 1.69773e+07 1.69773e+07 1.69773e+07 1.69773e+07 1.69773e+07 1.69773e+07 1.69773e+07 1.69773e+07 1.69773e+07 1.69773e+07 1.69773e+07 1.69773e+07 1.69773e+07 1.69773e+07 1.69773e+07 1.69773e+07 0 0 0 0 0 0 0 0 0 0 0 0 0 0 0 0 0 0 0 0 0 0 0 0 0
#obs cpue bio
 3.62737e+06 3.50844e+06 3.74272e+06 3.13704e+06 3.521e+06 2.83662e+06 2.18711e+06 2.38233e+06 2.0751e+06 2.02353e+06 1.95501e+06 1.22276e+06 1.04407e+06 1.2029e+06 884734 897347 866171 417983 657604 677682 648419 529250 769407 436065 567618 461927 404954 719004 640773 577727 787593 447548 370974 566412 475763 607468 528700 436174 343354 674287 484630 370987 744420 468534 645659 618748 439885 675875 406234 519089 652516 859788 679831
#pred surv len freq
 0.00599096 0.00953394 0.0139879 0.0192163 0.025035 0.0311664 0.0371917 0.0426197 0.047065 0.0503881 0.0526879 0.054189 0.0551283 0.0556881 0.0559627 0.055947 0.0555487 0.0546191 0.0529818 0.0504432 0.0468029 0.041908 0.0357748 0.028723 0.0214003
 0.00619489 0.00976211 0.0141464 0.01917 0.0246635 0.030441 0.0362236 0.0416339 0.0463012 0.0499835 0.0526155 0.0542853 0.0551873 0.0555656 0.0556425 0.0555451 0.0552612 0.0546357 0.0533997 0.0512215 0.0477795 0.0428719 0.0365539 0.0292404 0.0216748
 0.00662422 0.0104094 0.0150196 0.0202253 0.0257969 0.0314911 0.0369942 0.0419479 0.0460754 0.0492837 0.0516406 0.0532731 0.0542986 0.0548261 0.0549785 0.0548785 0.0545911 0.0540524 0.053029 0.0511417 0.0479686 0.0432171 0.0369127 0.0295078 0.0218163
 0.00692236 0.010901 0.0157705 0.0212958 0.0272217 0.0332481 0.038973 0.0439397 0.0478039 0.0504758 0.0521129 0.0529956 0.0533982 0.0535224 0.053487 0.0533429 0.0530819 0.052615 0.0517253 0.0500471 0.0471327 0.0426323 0.0365194 0.0292316 0.0216039
 0.00724434 0.011402 0.0164852 0.0222484 0.0284301 0.0347262 0.0407207 0.0459203 0.0499166 0.05254 0.0538818 0.0542081 0.0538567 0.0531608 0.0523893 0.0517011 0.0511213 0.0505346 0.0496793 0.0481529 0.0454779 0.0412682 0.035455 0.0284397 0.0210395
 0.00754622 0.011879 0.0171775 0.0231848 0.0296245 0.0361728 0.0423895 0.0477571 0.0518491 0.0544825 0.0557283 0.0558169 0.0550478 0.0537455 0.0522285 0.050762 0.0494968 0.0484155 0.0472984 0.0457347 0.0432083 0.0392813 0.033828 0.0271944 0.0201506
 0.00789256 0.0124239 0.0179641 0.0242424 0.0309656 0.0377879 0.0442396 0.0497688 0.0539219 0.0565048 0.057593 0.0574258 0.0563029 0.0545368 0.052435 0.0502769 0.0482728 0.046503 0.0448541 0.0429923 0.0404283 0.0367004 0.0316212 0.0254553 0.0188906
 0.00828545 0.0130341 0.0188302 0.0253831 0.0323799 0.0394559 0.0461179 0.0517874 0.0559866 0.0585083 0.0594282 0.0589953 0.0575218 0.0553282 0.052722 0.04998 0.0473235 0.044877 0.042609 0.0402866 0.0375055 0.0338387 0.0290707 0.0233842 0.0173605
 0.00859138 0.0135213 0.0195443 0.0263598 0.0336389 0.0409915 0.0478893 0.0537159 0.0579667 0.0604272 0.0611829 0.0604994 0.0587038 0.056126 0.0530762 0.0498298 0.0466093 0.0435572 0.0406918 0.037863 0.0347627 0.0310355 0.026478 0.0212154 0.0157225
 0.00889476 0.0140012 0.0202425 0.027308 0.0348552 0.0424745 0.0496088 0.0556057 0.0599282 0.0623427 0.0629329 0.061979 0.0598317 0.0568461 0.0533507 0.0496279 0.0458998 0.0423131 0.0389115 0.0356036 0.0321655 0.0283226 0.0239085 0.0190167 0.0140288
 0.00919103 0.0144656 0.0209098 0.0282006 0.0359817 0.0438271 0.0511578 0.0572958 0.0616804 0.0640632 0.0645241 0.0633475 0.0608955 0.0575396 0.053627 0.049456 0.0452588 0.0411898 0.0373108 0.0335713 0.0298136 0.0258363 0.0215178 0.0169374 0.0124017
 0.0095627 0.0150433 0.0217296 0.0292784 0.0373117 0.0453803 0.0528778 0.0590982 0.0634614 0.0657164 0.0659564 0.064487 0.0616915 0.0579584 0.0536475 0.0490655 0.0444501 0.0399622 0.0356774 0.0315768 0.027555 0.0234717 0.019247 0.0149545 0.0108391
 0.00972228 0.0153151 0.0221614 0.0299217 0.0382103 0.0465516 0.0542958 0.0606885 0.0651139 0.0673097 0.0673799 0.0656536 0.0625408 0.0584542 0.0537717 0.0488115 0.0438173 0.0389551 0.034312 0.0298944 0.0256393 0.0214561 0.0173004 0.0132432 0.00948022
 0.00997266 0.0157036 0.0227128 0.0306502 0.0391217 0.0476448 0.0555591 0.0620897 0.0665928 0.0687768 0.0687262 0.0667696 0.0633369 0.0588752 0.0537987 0.048453 0.0430965 0.0379001 0.0329561 0.0282862 0.0238566 0.0196138 0.0155407 0.0117051 0.0082613
 0.0103369 0.016255 0.0234667 0.0315943 0.040221 0.0488515 0.0568193 0.0633471 0.0677921 0.0698679 0.0696654 0.0675159 0.0638482 0.0591099 0.053724 0.0480533 0.0423768 0.0368837 0.0316808 0.0268057 0.0222466 0.017976 0.0139945 0.0103641 0.00720336
 0.0107823 0.0169398 0.024423 0.0328224 0.0416876 0.0504893 0.0585274 0.0649975 0.0692501 0.0710218 0.0704501 0.0679174 0.0638903 0.0588327 0.0531668 0.0472466 0.0413438 0.0356475 0.0302728 0.0252723 0.0206545 0.0164122 0.012557 0.00914186 0.0062527
 0.0110921 0.0174138 0.0250816 0.0336658 0.0426979 0.0516348 0.0597615 0.0662567 0.0704541 0.072082 0.0712837 0.0684623 0.064116 0.0587422 0.0527883 0.0466204 0.0405099 0.0346405 0.0291255 0.0240245 0.019361 0.0151445 0.011395 0.00815697 0.005489
 0.011113 0.0174817 0.0252454 0.0339899 0.0432437 0.0524325 0.0607878 0.067432 0.0716642 0.0732096 0.0722326 0.0691658 0.0645352 0.0588623 0.0526168 0.0461841 0.0398491 0.0338013 0.0281549 0.0229705 0.018277 0.0140918 0.0104382 0.007352 0.00486864
 0.0110951 0.0174573 0.0252201 0.0339782 0.0432736 0.0525476 0.0610425 0.0678751 0.0723149 0.0740371 0.0731529 0.070063 0.065294 0.0593966 0.0528815 0.0461726 0.0395829 0.03332 0.0275077 0.0222121 0.0174659 0.0132887 0.00970179 0.00673012 0.00438888
 0.0109859 0.0172774 0.0249463 0.0335911 0.0427668 0.0519411 0.0603936 0.0672798 0.071892 0.0738971 0.073364 0.0706256 0.0661354 0.0603883 0.0538745 0.0470343 0.0402234 0.0336996 0.0276313 0.0221169 0.0172087 0.0129359 0.00931947 0.00637432 0.00409721
 0.0109066 0.0171583 0.0247843 0.0333872 0.0425225 0.0516544 0.0600601 0.0669012 0.0714887 0.0735185 0.0730859 0.0705309 0.0662844 0.0607913 0.0544804 0.0477432 0.0409162 0.0342722 0.0280184 0.0223 0.0172105 0.0128058 0.00911764 0.00615676 0.0039048
 0.0110388 0.0173441 0.0250099 0.0336217 0.0427258 0.0517908 0.0601079 0.0668537 0.0713488 0.0732945 0.0727951 0.0702072 0.0659819 0.060574 0.0544003 0.0478163 0.041112 0.0345239 0.0282485 0.0224479 0.0172497 0.0127454 0.00899134 0.00600594 0.00376429
 0.011245 0.0176334 0.0253598 0.0339809 0.0430269 0.0519715 0.0601304 0.0667127 0.0710688 0.07292 0.0723785 0.0697991 0.0656243 0.0602996 0.0542339 0.0477725 0.0411882 0.0346934 0.0284625 0.0226497 0.0173939 0.0128121 0.00898769 0.00595685 0.00369852
 0.0113777 0.0178493 0.0256826 0.034426 0.0435906 0.0526175 0.060783 0.067267 0.0714197 0.0729993 0.0721783 0.0693693 0.0650505 0.0596753 0.0536397 0.0472668 0.0408042 0.0344386 0.0283206 0.0225861 0.0173674 0.012789 0.00895097 0.00590644 0.00364415
 0.0114332 0.017931 0.0257909 0.034559 0.0437482 0.0528057 0.0610126 0.0675436 0.0717298 0.073301 0.072408 0.069465 0.0649785 0.0594455 0.0533008 0.0468867 0.0404473 0.0341497 0.0281181 0.022464 0.0173032 0.0127555 0.00892641 0.00588038 0.00361595
 0.0114392 0.017954 0.0258493 0.034676 0.0439443 0.0530873 0.0613644 0.0679311 0.0721105 0.073637 0.0726709 0.0696317 0.065027 0.0593588 0.0530785 0.0465536 0.0400514 0.0337487 0.0277613 0.0221803 0.017098 0.0126169 0.00883548 0.00581985 0.00357437
 0.0112102 0.0176222 0.0254259 0.0342006 0.0434768 0.0526939 0.0611034 0.0678423 0.0722085 0.0739079 0.0730742 0.0701095 0.0655164 0.0598031 0.0534339 0.0467948 0.0401757 0.0337755 0.0277252 0.0221182 0.0170378 0.0125719 0.00880672 0.0058024 0.00356301
 0.0111217 0.0174655 0.0251685 0.0338096 0.0429337 0.0520142 0.0603502 0.067122 0.071643 0.0735966 0.0730639 0.0703862 0.0660171 0.0604379 0.0541091 0.0474303 0.0407161 0.0341944 0.0280234 0.0223155 0.0171622 0.0126492 0.0088554 0.00583298 0.00358126
 0.0111685 0.0175355 0.0252609 0.0339147 0.04303 0.052067 0.0603167 0.0669648 0.0713514 0.0732028 0.0726423 0.0700299 0.0658034 0.0604015 0.0542345 0.0476656 0.0409952 0.0344592 0.0282367 0.0224644 0.0172527 0.0126973 0.00887783 0.00584229 0.00358472
 0.0109506 0.0172216 0.0248632 0.0334707 0.0425917 0.0516832 0.0600175 0.0667556 0.0712168 0.0731175 0.0725858 0.0699998 0.0658206 0.0605003 0.0544435 0.0479882 0.0414032 0.0349019 0.0286593 0.0228252 0.0175318 0.0128947 0.00900688 0.00592082 0.00362939
 0.0108333 0.0170351 0.024592 0.0331073 0.0421429 0.0511768 0.0595052 0.0663052 0.0708919 0.0729541 0.07258 0.0701151 0.0660095 0.0607282 0.0546988 0.0482768 0.0417324 0.0352653 0.0290332 0.0231765 0.0178309 0.0131256 0.00916888 0.00602461 0.00369031
 0.0106282 0.0167272 0.0241757 0.0325933 0.0415542 0.0505425 0.0588582 0.0656854 0.0703496 0.0725468 0.07236 0.0701126 0.06622 0.0611133 0.055201 0.0488395 0.0423131 0.0358363 0.0295738 0.0236662 0.0182497 0.0134591 0.0094137 0.00618925 0.0037914
 0.0105575 0.0166176 0.0240208 0.0323914 0.0413081 0.05026 0.0585518 0.065371 0.0700441 0.0722666 0.0721225 0.0699383 0.0661326 0.0611324 0.0553334 0.0490736 0.0426226 0.0361888 0.0299383 0.0240164 0.0185639 0.0137211 0.00961505 0.00633067 0.0038816
 0.0103727 0.0163273 0.0236038 0.0318367 0.04062 0.0494633 0.0576968 0.0645318 0.0693065 0.0717084 0.0717958 0.069862 0.0662955 0.061503 0.0558694 0.0497282 0.0433473 0.0369346 0.0306594 0.0246735 0.019128 0.0141759 0.00995714 0.0065689 0.00403397
 0.010405 0.0163631 0.0236261 0.0318176 0.0405259 0.0492642 0.0573768 0.064096 0.0687832 0.0711467 0.0712586 0.0694144 0.0659914 0.0613744 0.0559225 0.0499464 0.0436974 0.0373744 0.0311425 0.0251552 0.0195698 0.0145499 0.0102491 0.00677831 0.00417123
 0.0112084 0.0174904 0.0249918 0.0332295 0.041738 0.0500627 0.0576494 0.0638493 0.0681111 0.0701817 0.0701352 0.0682531 0.0648938 0.0604207 0.0551671 0.0494147 0.0433863 0.0372568 0.0311755 0.0252886 0.019754 0.0147429 0.0104209 0.00691287 0.00426515
 0.0121771 0.0189656 0.0270184 0.0357625 0.0446308 0.0530671 0.0604295 0.0660293 0.0693661 0.07034 0.0692331 0.0665076 0.0626155 0.0579212 0.0526999 0.0471567 0.0414421 0.0356724 0.0299514 0.0243929 0.0191352 0.0143409 0.0101767 0.00677497 0.00419317
 0.0121846 0.0190868 0.0273998 0.036601 0.0461145 0.0552833 0.0632827 0.0692205 0.0724517 0.0728466 0.070779 0.066893 0.0618575 0.0562272 0.0503938 0.0445866 0.0389061 0.03338 0.0280201 0.0228632 0.0179925 0.0135364 0.00964434 0.00644541 0.00400338
 0.0116623 0.0183272 0.0264306 0.0355256 0.0451096 0.0545777 0.0631202 0.0698012 0.0738552 0.0749637 0.0732994 0.0693758 0.0638627 0.0574483 0.0507325 0.0441468 0.0379249 0.0321356 0.0267545 0.0217416 0.0170972 0.0128825 0.00920464 0.00617268 0.00384755
 0.0115463 0.0181046 0.0260361 0.0348879 0.0441825 0.0533853 0.0617934 0.0685781 0.0730298 0.074797 0.0739268 0.0707461 0.0657355 0.0594576 0.0524986 0.0453915 0.038542 0.0321891 0.026419 0.0212204 0.0165577 0.0124268 0.00887106 0.0059559 0.00372107
 0.0114604 0.0179628 0.0258163 0.0345619 0.0437153 0.052739 0.0609431 0.0675376 0.0718817 0.0737068 0.0731218 0.0704513 0.0660875 0.0604362 0.0539164 0.0469527 0.0399456 0.0332272 0.027025 0.0214538 0.0165458 0.0123008 0.00872592 0.00583955 0.00364545
 0.0114804 0.0179945 0.0258614 0.0346184 0.0437735 0.052777 0.0609231 0.0674092 0.0715951 0.0732372 0.0724973 0.0697697 0.0655045 0.060118 0.0539712 0.0473769 0.0406178 0.0339591 0.0276408 0.0218536 0.0167231 0.0123153 0.00865734 0.00575205 0.00357364
 0.0116593 0.0182539 0.0261936 0.034996 0.044157 0.0531265 0.0612063 0.0676006 0.07167 0.073168 0.0722591 0.0693568 0.0649506 0.0595061 0.0534195 0.0469986 0.040473 0.0340274 0.027834 0.0220624 0.0168669 0.0123673 0.00863637 0.0056959 0.00351487
 0.0114467 0.0179653 0.0258637 0.0346901 0.0439499 0.0530702 0.0613064 0.0678159 0.0719338 0.0734164 0.0724471 0.0694599 0.0649603 0.0594295 0.0532854 0.0468584 0.0403872 0.0340387 0.0279453 0.0222353 0.0170443 0.012503 0.00871288 0.00572218 0.00351199
 0.0112915 0.017728 0.025537 0.0342837 0.043495 0.0526221 0.0609399 0.0676086 0.0719385 0.0736347 0.0728236 0.0699026 0.0653753 0.0597515 0.0534898 0.0469589 0.0404234 0.0340592 0.027988 0.0223137 0.0171462 0.0126029 0.00878903 0.00576678 0.00353031
 0.0113084 0.0177327 0.0255025 0.0341718 0.0432682 0.052262 0.0604639 0.0670759 0.0714385 0.0732631 0.0726528 0.0699582 0.0656278 0.0601285 0.0539036 0.0473374 0.0407288 0.0342894 0.0281633 0.0224583 0.0172742 0.012715 0.00887882 0.00582946 0.00356727
 0.0112649 0.0176812 0.0254587 0.0341574 0.0432991 0.0523326 0.0605392 0.0671004 0.0713628 0.0730724 0.0723811 0.069677 0.0654153 0.0600366 0.0539402 0.0474698 0.0409054 0.0344644 0.0283112 0.0225745 0.0173651 0.0127878 0.00893636 0.00587171 0.0035947
 0.0111676 0.017532 0.0252519 0.0338973 0.043002 0.052028 0.0602663 0.0668978 0.0712528 0.0730495 0.0724147 0.0697308 0.0654705 0.0601017 0.0540406 0.0476261 0.0411174 0.0347095 0.0285576 0.0227954 0.0175463 0.0129269 0.00903745 0.005941 0.00363879
 0.0111273 0.0174768 0.0251877 0.033835 0.0429531 0.0519992 0.0602561 0.0668988 0.0712576 0.073055 0.0724211 0.0697357 0.065467 0.0600825 0.0540065 0.0475904 0.0410996 0.0347239 0.0286054 0.0228652 0.0176223 0.0129959 0.00909251 0.00598063 0.00366477
 0.0108523 0.0170658 0.024637 0.0331672 0.0422139 0.051249 0.0595622 0.0663284 0.0708679 0.0728818 0.0724713 0.0699881 0.0658792 0.060601 0.0545766 0.048165 0.0416454 0.0352225 0.0290486 0.0232486 0.017942 0.013249 0.00928034 0.00610998 0.0037468
 0.0107543 0.0169106 0.0244118 0.0328641 0.0418335 0.0508041 0.0590815 0.0658556 0.0704547 0.0725759 0.0723055 0.0699751 0.0660118 0.0608561 0.0549208 0.0485607 0.042057 0.0356211 0.0294141 0.0235692 0.0182112 0.0134644 0.00944265 0.00622384 0.00382037
 0.0103306 0.0163022 0.0236447 0.0320122 0.0409956 0.0500684 0.0584988 0.0654368 0.0701876 0.0724472 0.0723121 0.0701219 0.0663015 0.06128 0.0554549 0.0491683 0.0426945 0.0362464 0.0299919 0.0240746 0.0186305 0.0137936 0.00968602 0.00639194 0.00392787
 0.00978954 0.015507 0.022607 0.0308031 0.0397332 0.0488904 0.057536 0.0647903 0.0699105 0.0725315 0.0726923 0.0706999 0.0669831 0.0619999 0.0561813 0.0498895 0.0434025 0.0369266 0.0306233 0.0246347 0.0191016 0.0141673 0.00996393 0.00658437 0.00405107
#obs surv len freq
 nan nan nan nan nan nan nan nan nan nan nan nan nan nan nan nan nan nan nan nan nan nan nan nan nan
 0.00448621 0.00734814 0.0111785 0.0159948 0.0216948 0.0279693 0.0342822 0.0400123 0.0446912 0.0481547 0.0505126 0.0520087 0.0529012 0.0534139 0.0537285 0.0539836 0.0542623 0.0545552 0.054694 0.0542859 0.052724 0.0493562 0.043806 0.036286 0.0276697
 0.0046207 0.00756921 0.0115153 0.0164747 0.0223366 0.0287725 0.0352168 0.0410166 0.0456804 0.0490385 0.0512126 0.0524697 0.0530963 0.0533438 0.0534167 0.0534686 0.0535884 0.0537658 0.0538286 0.053382 0.051821 0.048498 0.0430382 0.0356474 0.0271816
 0.00477373 0.00782113 0.0119004 0.0170273 0.0230845 0.0297263 0.0363583 0.0422928 0.0470078 0.0503159 0.0523361 0.0533459 0.0536535 0.0535398 0.0532426 0.0529466 0.0527644 0.0526998 0.0525876 0.0520366 0.0504465 0.0471748 0.0418461 0.0346522 0.0264196
 0.00497101 0.00814112 0.0123808 0.0177031 0.0239821 0.0308539 0.037695 0.0437838 0.0485699 0.05185 0.0537394 0.0545205 0.0545114 0.0540098 0.0532774 0.05253 0.0519139 0.0514648 0.0510444 0.0502837 0.0486 0.0453627 0.0401945 0.033264 0.0253527
 0.00518152 0.00848781 0.0129107 0.0184624 0.0250067 0.0321545 0.0392429 0.0455068 0.0503643 0.0536013 0.0553403 0.0558781 0.0555464 0.0546535 0.0534724 0.0522349 0.0511124 0.0501745 0.0493243 0.0482367 0.0463702 0.0431224 0.0381205 0.0315034 0.0239913
 0.00539813 0.00884398 0.0134545 0.0192419 0.0260615 0.0335018 0.0408624 0.0473336 0.0522961 0.0555167 0.0571176 0.0574085 0.0567402 0.0554394 0.0537946 0.0520494 0.0503895 0.0489087 0.0475492 0.0460407 0.0439029 0.0405838 0.0357287 0.0294478 0.0223885
 0.00565614 0.00926024 0.0140753 0.0201089 0.0272051 0.0349302 0.0425494 0.0492136 0.054271 0.0574726 0.0589403 0.0589936 0.0579967 0.0562915 0.0541809 0.0519215 0.0497118 0.0476643 0.0457552 0.0437689 0.0412959 0.037851 0.0331138 0.0271733 0.0205988
 0.00589002 0.00965076 0.0146816 0.0209914 0.0284115 0.0364747 0.0443937 0.0512628 0.0563928 0.0595268 0.0608045 0.0605726 0.0592192 0.0571018 0.0545318 0.0517711 0.0490237 0.0464149 0.0439497 0.0414647 0.0386237 0.0350179 0.0303732 0.0247659 0.0186891
 0.00614128 0.0100567 0.0152886 0.021843 0.0295427 0.0379016 0.0460994 0.0531886 0.0584392 0.0615673 0.0627047 0.062209 0.0604929 0.0579442 0.0548996 0.0516359 0.0483631 0.0452125 0.0422086 0.0392323 0.036017 0.0322316 0.027655 0.0223591 0.0167662
 0.00637068 0.0104381 0.0158777 0.0226956 0.030702 0.039379 0.0478575 0.0551386 0.0604586 0.0635274 0.0644915 0.0637289 0.0616703 0.0587173 0.0552209 0.0514715 0.0476913 0.044023 0.0405097 0.0370702 0.0334993 0.0295386 0.02502 0.0200164 0.0148861
 0.00661168 0.0108296 0.016467 0.0235273 0.031811 0.040778 0.0495222 0.0569998 0.0624084 0.0654367 0.0662319 0.0651907 0.0627718 0.0594056 0.0554648 0.0512532 0.0469989 0.0428518 0.0388709 0.0350086 0.031115 0.0269969 0.0225353 0.0178052 0.0131079
 0.00685343 0.0112272 0.0170733 0.0243931 0.0329732 0.0422424 0.0512472 0.0588932 0.0643436 0.0672798 0.0678639 0.0665183 0.0637278 0.0599464 0.0555674 0.05091 0.0462124 0.041631 0.0372368 0.0330087 0.0288427 0.0246018 0.0202099 0.0157436 0.0114528
 0.00702435 0.0115132 0.017519 0.0250457 0.0338739 0.0434112 0.0526674 0.0605041 0.0660467 0.0689568 0.0693962 0.0678024 0.0646845 0.0605235 0.0557369 0.0506626 0.0455517 0.04057 0.0358014 0.0312482 0.0268447 0.0225 0.0181725 0.0139389 0.0100041
 0.00726841 0.0119054 0.0181006 0.0258518 0.0349264 0.0447084 0.0541728 0.0621423 0.0677128 0.0705349 0.0707783 0.0688999 0.0654337 0.0608864 0.0556998 0.0502306 0.0447425 0.0394101 0.0343269 0.0295135 0.024934 0.0205334 0.0162962 0.0122956 0.00869535
 0.00744853 0.0122065 0.0185684 0.0265324 0.0358547 0.0458909 0.0555719 0.063674 0.0692625 0.0719835 0.072024 0.0698683 0.0660766 0.0611778 0.0556308 0.0498071 0.0439818 0.0383393 0.0329846 0.0279548 0.0232381 0.0188074 0.014665 0.010878 0.00757305
 0.00754113 0.0123573 0.0187969 0.0268597 0.036303 0.0464803 0.0563137 0.0645629 0.0702694 0.073053 0.0730794 0.0708233 0.06685 0.0617055 0.0558716 0.0497412 0.0436079 0.0376717 0.032053 0.0268081 0.0219483 0.0174692 0.0133868 0.00976066 0.00668577
 0.00757877 0.0124183 0.0188889 0.0269905 0.0364809 0.0467139 0.0566118 0.0649339 0.0707206 0.0735875 0.0736899 0.071484 0.0675136 0.0623068 0.0563396 0.0500126 0.0436384 0.0374412 0.0315675 0.0261002 0.0210771 0.0165171 0.0124484 0.00892456 0.00601394
 0.00765703 0.0125314 0.019033 0.0271538 0.0366479 0.046872 0.0567572 0.0650731 0.0708682 0.0737624 0.0739102 0.071762 0.0678488 0.0626799 0.0567103 0.0503244 0.0438301 0.0374612 0.0313869 0.0257205 0.0205331 0.0158717 0.0117808 0.00831181 0.00551235
 0.0077247 0.0126405 0.0191946 0.0273748 0.0369263 0.0471923 0.0570878 0.0653719 0.0710964 0.0739005 0.0739664 0.0717679 0.0678447 0.0626989 0.056765 0.0504021 0.0438954 0.0374667 0.0312882 0.0254922 0.020179 0.0154269 0.0113017 0.00785969 0.00513527
 0.00777895 0.012721 0.0193017 0.0275048 0.0370736 0.0473523 0.0572573 0.0655468 0.0712677 0.0740524 0.074081 0.0718333 0.067863 0.0626865 0.0567455 0.0503934 0.0438984 0.0374626 0.0312453 0.0253799 0.0199829 0.0151572 0.0109914 0.00755266 0.00487035
 0.00782396 0.0127928 0.0194067 0.0276466 0.0372512 0.0475572 0.0574732 0.0657516 0.0714402 0.0741789 0.074157 0.0718615 0.0678489 0.0626374 0.0566712 0.0503065 0.0438103 0.0373767 0.0311533 0.0252655 0.0198314 0.0149661 0.0107749 0.00733639 0.00468074
 0.00787768 0.0128719 0.0195105 0.0277698 0.0373856 0.047695 0.0576086 0.0658805 0.0715575 0.0742775 0.0742289 0.0719004 0.0678526 0.0626082 0.0566151 0.0502313 0.043724 0.037285 0.0310574 0.0251611 0.0197118 0.0148285 0.0106247 0.0071874 0.00454906
 0.00787895 0.0128792 0.019531 0.027812 0.0374563 0.0477946 0.057728 0.0660032 0.0716658 0.0743599 0.0742831 0.0719303 0.0678638 0.0626041 0.0565966 0.0501985 0.0436782 0.0372283 0.0309916 0.0250863 0.0196269 0.0147332 0.0105229 0.00708703 0.00445998
 0.00786989 0.0128587 0.0194901 0.027741 0.0373493 0.0476559 0.0575757 0.0658659 0.0715729 0.0743295 0.0743168 0.072016 0.0679832 0.0627393 0.0567334 0.0503261 0.0437885 0.0373159 0.0310532 0.0251207 0.0196348 0.0147174 0.0104887 0.00704262 0.00441446
 0.00788946 0.0128836 0.0195143 0.0277539 0.037337 0.0476057 0.0574805 0.0657284 0.0714081 0.0741634 0.0741801 0.0719351 0.0679712 0.062793 0.0568365 0.0504568 0.0439257 0.0374431 0.0311593 0.0251997 0.0196847 0.01474 0.0104891 0.00702815 0.00439326
 0.007896 0.0128923 0.0195238 0.0277606 0.0373355 0.0475885 0.0574394 0.0656562 0.0713019 0.0740281 0.0740309 0.0717952 0.0678666 0.0627447 0.056853 0.0505322 0.0440426 0.037579 0.031293 0.0253152 0.0197731 0.0147988 0.0105212 0.00703984 0.0043923
 0.00790915 0.0129111 0.019547 0.0277853 0.0373576 0.0476031 0.0574419 0.0656422 0.0712673 0.07397 0.0739492 0.071695 0.0677597 0.0626481 0.0567853 0.0505071 0.0440638 0.0376393 0.0313769 0.0254048 0.0198531 0.0148602 0.0105612 0.00706122 0.0044004
 0.00791137 0.0129136 0.0195487 0.0277843 0.0373515 0.0475898 0.05742 0.0656116 0.0712289 0.0739255 0.0739004 0.0716436 0.0677077 0.0625993 0.0567461 0.0504859 0.0440684 0.0376729 0.0314357 0.0254785 0.0199286 0.0149259 0.0106107 0.00709322 0.00441792
 0.00788139 0.0128666 0.0194814 0.0276953 0.0372417 0.0474634 0.0572851 0.0654799 0.0711137 0.0738388 0.0738495 0.0716307 0.0677294 0.0626489 0.0568159 0.0505697 0.0441629 0.0377764 0.031546 0.0255908 0.0200354 0.0150188 0.0106837 0.00714459 0.00444999
 0.00784697 0.0128073 0.0193862 0.0275531 0.037045 0.0472138 0.0569978 0.0651834 0.0708437 0.0736288 0.0737226 0.0715958 0.0677826 0.0627761 0.0569973 0.0507841 0.0443912 0.0380039 0.0317624 0.0257886 0.0202084 0.0151621 0.0107944 0.00722334 0.00450092
 0.00782621 0.0127708 0.0193262 0.02746 0.0369095 0.0470297 0.0567658 0.0649141 0.0705582 0.0733562 0.0734957 0.071444 0.067725 0.0628175 0.0571278 0.0509833 0.0446334 0.0382638 0.0320187 0.0260252 0.0204145 0.0153315 0.0109248 0.00731631 0.00456179
 0.00781225 0.0127469 0.0192879 0.0274019 0.0368259 0.046916 0.0566199 0.0647377 0.0703578 0.0731436 0.073288 0.0712628 0.0675936 0.0627559 0.0571475 0.0510833 0.0448008 0.0384768 0.032252 0.0262556 0.0206235 0.0155071 0.0110616 0.0074148 0.00462687
 0.00777505 0.0126879 0.0192018 0.0272851 0.0366773 0.0467381 0.0564199 0.0645277 0.0701523 0.0729566 0.073131 0.0711444 0.0675213 0.0627369 0.0571884 0.0511876 0.0449652 0.0386897 0.0324942 0.0265039 0.0208561 0.015707 0.0112197 0.00752968 0.00470323
 0.0077447 0.0126361 0.0191195 0.0271631 0.0365089 0.0465231 0.0561683 0.0642594 0.0698935 0.0727325 0.0729606 0.0710378 0.0674808 0.0627598 0.05727 0.0513227 0.0451479 0.0389114 0.0327418 0.0267595 0.0210998 0.015921 0.0113923 0.00765696 0.00478882
 0.00934471 0.0148752 0.0218207 0.0299378 0.0388695 0.0480633 0.0567056 0.0638631 0.0688031 0.0712375 0.0713103 0.0694063 0.0659711 0.0614234 0.0561257 0.0503709 0.0443799 0.0383138 0.0322979 0.0264487 0.0208975 0.0158007 0.0113282 0.0076274 0.00477776
 0.00932434 0.01514 0.0227442 0.0319835 0.0423893 0.0530244 0.0625176 0.069474 0.0730724 0.0733857 0.0711763 0.0673898 0.0627568 0.057688 0.0523693 0.0468883 0.04131 0.0357034 0.030147 0.0247343 0.0195826 0.0148371 0.010659 0.00719062 0.00451206
 0.00897884 0.0145964 0.0219817 0.0310525 0.0414656 0.0524459 0.062744 0.0709227 0.0758691 0.0771784 0.0751784 0.0706788 0.0646588 0.0580117 0.0513758 0.0450747 0.0391745 0.0336092 0.0282983 0.0232141 0.0184013 0.0139672 0.0100539 0.0067958 0.00427227
 0.00880626 0.0143025 0.0215157 0.0303625 0.0405184 0.0512629 0.061445 0.069754 0.0751818 0.0773306 0.0763765 0.072829 0.067335 0.0605942 0.0533018 0.0460525 0.0392412 0.0330301 0.0274035 0.0222733 0.0175765 0.0133243 0.00959646 0.00649565 0.00409048
 0.00870397 0.0141357 0.0212627 0.0299999 0.0400225 0.0506146 0.060641 0.0688251 0.0742142 0.0764815 0.0758631 0.0728739 0.0680675 0.0619561 0.0550244 0.0477438 0.0405452 0.0337626 0.027588 0.0220756 0.0171991 0.012927 0.00926728 0.0062619 0.00394331
 0.00870878 0.0141332 0.0212392 0.0299355 0.0398937 0.0504003 0.0603277 0.0684093 0.0737047 0.0759056 0.0752791 0.0723815 0.0678004 0.062041 0.0555161 0.0485732 0.0415241 0.034656 0.0282142 0.0223721 0.0172194 0.0127847 0.00907337 0.00608825 0.0038185
 0.00870318 0.0141281 0.0212382 0.029942 0.0399078 0.0504133 0.0603201 0.0683533 0.0735723 0.0756797 0.0749629 0.0720048 0.0674223 0.0617457 0.0553938 0.048685 0.0418648 0.0351423 0.0287141 0.0227632 0.017439 0.0128427 0.00902636 0.00600043 0.00373485
 0.00869604 0.0141165 0.0212211 0.0299194 0.039881 0.050386 0.0602969 0.0683366 0.0735579 0.0756539 0.0749052 0.071897 0.0672607 0.0615509 0.0552118 0.0485751 0.0418756 0.0352855 0.0289533 0.0230277 0.0176575 0.0129746 0.00907216 0.00598838 0.00369895
 0.00867512 0.0140854 0.0211797 0.0298693 0.0398255 0.0503289 0.0602423 0.0682891 0.0735218 0.0756315 0.0748947 0.07189 0.0672445 0.0615148 0.0551562 0.0485167 0.0418442 0.0353095 0.0290429 0.0231656 0.0178069 0.0130979 0.00914863 0.00601929 0.00369966
 0.00865788 0.0140569 0.0211363 0.0298078 0.0397449 0.050232 0.0601369 0.0681873 0.073437 0.0755745 0.0748701 0.071896 0.0672731 0.0615546 0.0551957 0.0485502 0.0418748 0.0353489 0.0291034 0.0232509 0.0179071 0.0131942 0.00922371 0.00606551 0.0037204
 0.00864957 0.0140414 0.0211091 0.0297639 0.0396794 0.0501428 0.0600268 0.0680647 0.0733149 0.0754681 0.0747931 0.0718575 0.0672755 0.0615931 0.0552601 0.0486281 0.0419565 0.0354301 0.0291851 0.0233354 0.0179934 0.0132759 0.00929193 0.00611429 0.00374938
 0.00865536 0.0140509 0.0211236 0.0297836 0.039703 0.0501662 0.0600427 0.0680642 0.0732905 0.0754174 0.074721 0.0717752 0.0671973 0.0615316 0.0552228 0.0486161 0.041966 0.0354552 0.0292207 0.0233783 0.0180405 0.0133234 0.00933471 0.00614787 0.00377188
 0.00863966 0.0140288 0.0210966 0.0297555 0.0396787 0.0501502 0.0600373 0.0680686 0.0733006 0.0754266 0.0747224 0.0717642 0.067174 0.0615011 0.0551936 0.0485966 0.0419614 0.0354665 0.0292455 0.0234123 0.0180792 0.0133624 0.00936996 0.00617627 0.00379201
 0.00863741 0.0140218 0.02108 0.0297236 0.0396273 0.0500797 0.0599552 0.0679882 0.0732369 0.0753902 0.0747157 0.0717817 0.0672055 0.0615365 0.0552268 0.0486264 0.0419902 0.0354979 0.0292814 0.0234524 0.0181211 0.0134026 0.00940526 0.00620435 0.00381206
 0.00860724 0.0139792 0.0210278 0.0296676 0.039574 0.050033 0.0599143 0.0679492 0.0731966 0.0753504 0.0746834 0.0717656 0.0672115 0.0615643 0.0552705 0.0486779 0.0420431 0.0355487 0.0293297 0.0234984 0.0181645 0.0134421 0.00943903 0.00623094 0.00383108
 0.00860724 0.0139792 0.0210278 0.0296676 0.039574 0.050033 0.0599143 0.0679492 0.0731966 0.0753504 0.0746834 0.0717656 0.0672115 0.0615643 0.0552705 0.0486779 0.0420431 0.0355487 0.0293297 0.0234984 0.0181645 0.0134421 0.00943903 0.00623094 0.00383108
 0.00865189 0.014044 0.0211111 0.0297633 0.0396738 0.0501292 0.0600016 0.068024 0.0732541 0.0753831 0.0746835 0.0717288 0.0671405 0.0614695 0.0551656 0.0485756 0.0419518 0.0354723 0.0292693 0.0234539 0.0181348 0.013425 0.00943148 0.00622941 0.00383246
 0.00874435 0.0141965 0.0213431 0.0300909 0.040102 0.0506424 0.0605571 0.0685555 0.0736888 0.0756627 0.0747791 0.0716431 0.0669003 0.0611145 0.0547405 0.0481237 0.04151 0.0350686 0.0289211 0.0231691 0.017914 0.0132633 0.00932037 0.00615834 0.00379047
#pred catch len freq
 0.0045296 0.0071853 0.0105153 0.0144488 0.0189378 0.0239309 0.0293028 0.0348264 0.0402216 0.0452282 0.0496503 0.0533705 0.0563489 0.0586037 0.060169 0.0610498 0.0612009 0.0605319 0.0589177 0.0562 0.0521959 0.0467602 0.0399266 0.0320601 0.0238879
 0.00468042 0.00735465 0.0106348 0.0144206 0.0186764 0.02342 0.0286296 0.0341601 0.0397348 0.0450071 0.0496474 0.05343 0.056288 0.0583052 0.0596422 0.0604359 0.0607211 0.0603968 0.0592356 0.0569265 0.0531529 0.0477165 0.0406941 0.0325558 0.0241337
 0.00504372 0.0079002 0.011366 0.0152958 0.0196016 0.0242537 0.0292046 0.0343313 0.039445 0.0443307 0.0487702 0.0525598 0.0555502 0.057696 0.0590717 0.0598256 0.0600834 0.059843 0.0589118 0.0569216 0.0534416 0.0481711 0.0411535 0.0329013 0.0243265
 0.00532695 0.00835869 0.0120517 0.016253 0.0208543 0.0257827 0.0309221 0.0360669 0.0409624 0.0453835 0.0491816 0.0522895 0.0547078 0.0564844 0.0576924 0.0584107 0.0586958 0.0585271 0.0577345 0.0559648 0.0527561 0.0477411 0.0409048 0.0327453 0.0242019
 0.00562818 0.00882552 0.0127146 0.0171334 0.0219708 0.0271562 0.0325673 0.037967 0.0430358 0.0474595 0.0510085 0.0535881 0.0552561 0.0561957 0.0566408 0.0567897 0.0567393 0.0564447 0.0556899 0.0540828 0.0511282 0.0464176 0.0398878 0.0319988 0.0236736
 0.00594342 0.00931747 0.0134176 0.0180681 0.023145 0.0285664 0.0341971 0.0397858 0.0449964 0.0494922 0.053006 0.0553882 0.0566447 0.0569458 0.0565827 0.0558757 0.0550659 0.0542204 0.053172 0.0515195 0.0487238 0.0443176 0.0381739 0.0306913 0.0227429
 0.00628704 0.0098532 0.0141824 0.0190844 0.024422 0.0300998 0.0359651 0.0417419 0.0470683 0.0515872 0.0550198 0.0572083 0.058145 0.0579809 0.0569945 0.0555268 0.053891 0.0522696 0.0506179 0.0486224 0.0457733 0.0415747 0.0358298 0.0288465 0.0214083
 0.00665565 0.0104232 0.014987 0.0201391 0.0257277 0.0316471 0.0377322 0.043688 0.0491278 0.053671 0.0570215 0.0590136 0.0596403 0.0590551 0.0575368 0.0554274 0.0530586 0.050668 0.0483075 0.0457796 0.0426698 0.0385204 0.0331016 0.0266299 0.0197711
 0.00698615 0.0109416 0.0157329 0.0211387 0.0269927 0.0331725 0.03949 0.0456226 0.0511586 0.0557011 0.0589484 0.060736 0.0610616 0.0600844 0.0580877 0.0554157 0.0524063 0.0493218 0.0462734 0.0431596 0.0396752 0.0354432 0.0302472 0.0242387 0.0179641
 0.00730374 0.0114384 0.0164455 0.0220918 0.0281998 0.0346349 0.0411911 0.0475185 0.0531733 0.0577309 0.0608731 0.0624354 0.0624298 0.0610378 0.0585627 0.0553601 0.0517719 0.0480702 0.044399 0.0407256 0.0368414 0.0324613 0.0274108 0.0218056 0.0160872
 0.00764223 0.0119624 0.0171861 0.0230637 0.0294035 0.0360598 0.0428133 0.0492954 0.0550401 0.0596016 0.0626469 0.0640051 0.0636928 0.0619065 0.0589708 0.0552614 0.051135 0.0468756 0.0426499 0.0384733 0.034214 0.0296705 0.0247193 0.0194605 0.0142502
 0.00800052 0.0125164 0.0179678 0.0240858 0.0306615 0.037534 0.0444668 0.0510702 0.0568572 0.0613682 0.0642664 0.0653859 0.0647546 0.062584 0.0592152 0.0550391 0.050425 0.0456693 0.0409589 0.0363474 0.031764 0.0270772 0.0222117 0.017261 0.0125118
 0.00823444 0.0128937 0.0185304 0.0248713 0.0316972 0.0388269 0.0459915 0.0527631 0.0586226 0.0630933 0.0658387 0.0667067 0.0657463 0.0631929 0.0594089 0.0548009 0.0497484 0.0445564 0.0394267 0.0344436 0.0295852 0.0247775 0.0199863 0.015302 0.010955
 0.00851135 0.0133201 0.0191293 0.025653 0.0326641 0.0399779 0.0473205 0.0542476 0.0602113 0.0647 0.0673489 0.067997 0.0667086 0.0637532 0.059533 0.0544871 0.0490144 0.043429 0.0379419 0.0326562 0.027585 0.0226978 0.0179918 0.013554 0.00956712
 0.00890702 0.013917 0.0199419 0.0266655 0.0338377 0.041264 0.0486687 0.0556085 0.0615357 0.0659389 0.0684518 0.0689089 0.0673694 0.0641037 0.0595268 0.0541007 0.0482507 0.0423136 0.0365181 0.0309865 0.0257577 0.020831 0.0162243 0.0120181 0.00835378
 0.0092941 0.0145119 0.0207726 0.0277344 0.0351213 0.0427148 0.0502151 0.0571566 0.0629799 0.067181 0.0694189 0.0695607 0.067694 0.064106 0.0592171 0.0534896 0.0473501 0.0411431 0.0351116 0.0293984 0.0240671 0.0191414 0.0146521 0.0106696 0.00729848
 0.00960759 0.01499 0.0214343 0.0285783 0.0361304 0.0438622 0.0514645 0.0584571 0.0642617 0.0683575 0.0703986 0.0702644 0.0680709 0.0641411 0.0589263 0.0529065 0.0465126 0.0400871 0.033874 0.0280259 0.0226249 0.0177144 0.0133353 0.00954835 0.00642609
 0.0096639 0.0151053 0.0216514 0.0289509 0.0367095 0.0446746 0.0524948 0.059643 0.065508 0.0695583 0.0714556 0.0710967 0.0686184 0.0643683 0.0588254 0.0524967 0.0458334 0.0391883 0.0328087 0.0268504 0.0214024 0.0165178 0.0122417 0.00862458 0.00571214
 0.00957017 0.0149691 0.0214793 0.0287669 0.0365579 0.0446192 0.0526109 0.0599993 0.0661391 0.0704411 0.0725036 0.0721797 0.0695989 0.0651334 0.0593047 0.0526634 0.0456967 0.0387835 0.0321878 0.0260754 0.0205422 0.0156457 0.011429 0.0079306 0.00517249
 0.00946973 0.0148049 0.0212315 0.0284192 0.0361048 0.0440773 0.0520294 0.0594636 0.0657601 0.0703288 0.0727334 0.0727625 0.0704687 0.0661614 0.0603336 0.0535495 0.0463399 0.0391386 0.0322593 0.0259049 0.0201945 0.0151966 0.0109545 0.00749496 0.00481828
 0.00942524 0.0147372 0.0211369 0.0282943 0.0359432 0.043867 0.0517558 0.0591193 0.0653603 0.069924 0.0724076 0.0726129 0.0705711 0.066537 0.0609343 0.0542691 0.0470477 0.0397176 0.0326354 0.0260566 0.0201472 0.0150069 0.0106911 0.0072215 0.00458083
 0.00948047 0.0148103 0.0212163 0.0283592 0.0359696 0.0438366 0.0516615 0.0589646 0.0651535 0.0696745 0.0721304 0.0723384 0.0703502 0.0664312 0.060992 0.054499 0.0474073 0.0401251 0.0329985 0.0263048 0.020251 0.014979 0.0105732 0.00706481 0.00442869
 0.00967154 0.0150796 0.0215443 0.0287001 0.0362618 0.0440213 0.0516998 0.0588459 0.0648946 0.0693127 0.0717142 0.071918 0.0699709 0.0661322 0.0608059 0.0544478 0.0474922 0.0403176 0.0332432 0.0265359 0.0204156 0.0150535 0.0105661 0.00700517 0.00435013
 0.00976936 0.0152405 0.0217879 0.0290406 0.0366986 0.0445273 0.0522153 0.0592855 0.0651708 0.0693664 0.0715348 0.071544 0.0694736 0.0655931 0.0602991 0.0540293 0.047195 0.0401488 0.0331839 0.0265467 0.0204501 0.0150747 0.0105567 0.00696818 0.00429994
 0.00985348 0.0153653 0.0219547 0.0292459 0.0369386 0.0448031 0.0525315 0.0596408 0.0655437 0.069707 0.0717739 0.0716168 0.0693484 0.0652863 0.0598692 0.0535554 0.0467519 0.0397886 0.0329282 0.0263885 0.0203631 0.0150265 0.0105217 0.00693339 0.00426416
 0.00983345 0.0153475 0.0219551 0.0292874 0.0370447 0.0449877 0.0527918 0.0599579 0.0658899 0.070053 0.0720894 0.0718671 0.0694937 0.065292 0.059722 0.0532754 0.0463893 0.0394075 0.0325851 0.0261169 0.02017 0.0148993 0.0104398 0.00687875 0.0042254
 0.00961114 0.0150246 0.0215415 0.02882 0.0365805 0.044591 0.0525204 0.0598537 0.0659715 0.0703115 0.0724891 0.0723528 0.0700019 0.0657614 0.0601018 0.0535334 0.0465188 0.0394282 0.0325353 0.0260389 0.0200957 0.014844 0.0104044 0.00685721 0.00421141
 0.00955736 0.0149235 0.0213654 0.0285385 0.0361727 0.0440622 0.0519157 0.0592562 0.0654824 0.0700198 0.0724453 0.0725576 0.0704107 0.0662994 0.0606837 0.0540817 0.0469772 0.0397697 0.032761 0.0261711 0.020165 0.0148782 0.0104219 0.00686699 0.00421681
 0.00954737 0.0149085 0.0213435 0.0285044 0.0361137 0.0439553 0.0517314 0.0589708 0.0650975 0.0695768 0.0720227 0.0722474 0.0702847 0.0663827 0.0609491 0.0544638 0.0473974 0.0401594 0.033077 0.0263986 0.0203122 0.0149649 0.0104695 0.00689189 0.00422944
 0.00936933 0.014652 0.0210186 0.0281414 0.0357541 0.0436369 0.0514751 0.0587755 0.0649447 0.0694417 0.0718902 0.0721254 0.0702074 0.0663988 0.0610978 0.0547529 0.0477961 0.0406097 0.0335151 0.0267755 0.0206036 0.0151699 0.0106022 0.00697173 0.00427429
