SBPRF35
12.7214
Curr Bio
845469
B35
893541
F35
0.172748
FOFL
0.165948
OFL
116439
Bzero
3.63469e+006
#pred survey bio
 3.47907e+006 3.36977e+006 3.26465e+006 3.10583e+006 2.9327e+006 2.70246e+006 2.44972e+006 2.2315e+006 1.96564e+006 1.75287e+006 1.54744e+006 1.38016e+006 1.21337e+006 1.04999e+006 939040 824708 752546 703829 664153 630640 601388 581123 553202 544025 536605 537100 515403 502553 507398 516106 519316 520234 536917 551184 558585 569337 575191 583124 601623 613297 623733 636417 633664 638938 644808 645921 646537 648589 644367 641870 658376 735385 808201 850070 885189 907207 914271 925237 914936 898956 900282 874705 871217 850464 3.02762e+007 1.85704e+007 1.91793e+007 2.01488e+007 2.1325e+007 2.25422e+007 2.3685e+007 2.46899e+007 2.55342e+007 2.62213e+007 2.67677e+007 2.71956e+007 2.75272e+007 2.77825e+007 2.79784e+007 2.81286e+007 2.82439e+007 2.83325e+007 2.84009e+007 2.84539e+007 2.84952e+007 2.85274e+007 2.85526e+007 2.85725e+007 2.85883e+007 2.86008e+007 2.86108e+007 2.86187e+007 2.86251e+007 2.86303e+007 2.86344e+007 2.86377e+007 2.86404e+007 2.86426e+007 2.86444e+007 2.86459e+007 2.8647e+007 2.8648e+007 2.86488e+007 2.86494e+007 2.86499e+007 2.86504e+007 2.86507e+007 2.8651e+007 2.86512e+007 2.86514e+007 2.86516e+007 2.86517e+007 2.86518e+007 2.86519e+007 2.8652e+007 2.8652e+007 2.86521e+007 2.86521e+007 2.86521e+007 2.86522e+007 2.86522e+007 2.86522e+007 2.86522e+007 2.86522e+007 2.86522e+007 2.86522e+007 2.86522e+007 2.86522e+007 2.86523e+007 2.86523e+007 2.86523e+007 2.86523e+007 2.86523e+007 2.86523e+007 2.86523e+007 2.86523e+007 2.86523e+007 2.86523e+007 2.86523e+007 2.86523e+007 2.86523e+007 2.86523e+007 2.86523e+007 2.86523e+007 2.86523e+007 2.86523e+007 2.86523e+007 2.86523e+007 2.86523e+007 2.86523e+007 2.86523e+007 2.86523e+007 2.86523e+007 2.86523e+007 2.86523e+007 2.86523e+007 2.86523e+007 2.86523e+007 2.86523e+007 2.86523e+007 2.86523e+007 2.86523e+007 2.86523e+007 2.86523e+007 0 0 0 0 0 0 0 0 0 0 0 0 0 0 0 0 0 0 0 0 0 0 0 0 0
#obs survey bio
 2.60395e+006 3.85732e+006 3.18284e+006 3.08712e+006 3.42911e+006 1.88297e+006 2.43824e+006 2.00652e+006 1.56725e+006 1.83096e+006 991915 958261 1.23294e+006 803867 843716 692664 488562 791782 879001 672703 594696 540214 736190 587284 313060 611041 560563 496048 455995 531405 312357 613335 456194 497568 511308 501221 466614 698512 586595 839420 733927 361203 486095 595460 889515 833244 660519 472999 542114 645574 591441 717584 960924 977894 820461 923986 1.09851e+006 1.25069e+006 907339 893770 984564 881824 720020 715262
#pred catch bio
 93165.2 96544.2 156472 182110 249364 286478 271279 329537 294757 299209 273818 279139 278033 232137 233159 193716 171699 161043 151401 143301 131824 134192 115167 112704 105692 122249 111496 95573.6 92815.4 97632.5 99423.1 87093.7 91096.6 98308.7 96570.2 101576 100357 92515.3 99533.7 101456 100855 114601 107452 106610 109874 109572 108571 114665 113772 99334.5 53249.2 62675.2 91371.4 98156.9 110632 123968 120655 138453 141981 126769 150166 132143 148937 120496 116439 123288 126399 131817 138944 146413 153358 159354 164271 168151 171128 173362 175010 176209 177072 177689 178126 178434 178651 178803 178908 178982 179033 179068 179093 179110 179122 179130 179135 179139 179142 179143 179145 179146 179146 179147 179147 179147 179147 179147 179147 179147 179147 179147 179147 179147 179147 179147 179147 179147 179147 179147 179147 179147 179147 179147 179147 179147 179147 179147 179147 179147 179147 179147 179147 179147 179147 179147 179147 179147 179147 179147 179147 179147 179147 179147 179147 179147 179147 179147 179147 179147 179147 179147 179147 179147 179147 179147 179147 179147 179147 179147 179147 179147 179147 179147 179147 179147 179147 179147 0 0 0 0 0 0 0 0 0 0 0 0 0 0 0 0 0 0 0 0 0 0 0 0 0
#obs catch bio
 0 96216.9 156856 181711 249476 287290 271506 330112 295446 300062 274975 281830 280130 235521 236408 195339 173725 163451 152474 143587 132245 134712 114545 112438 106463 122947 111593 95651.4 93142.2 97764.6 99846.2 86989.4 91315.4 98519.1 96898.3 102082 101119 92723.5 99883 101316 100686 115533 108018 106923 109639 109090 108087 114951 114670 100052 53107.1 62754.9 91718.6 98356.1 110882 124434 120391 138258 141766 125858 149371 131229 149150 120293
#pred cpue bio
 3.4376e+006 3.32929e+006 3.22409e+006 3.0651e+006 2.89218e+006 2.66235e+006 2.4102e+006 2.19254e+006 1.92782e+006 1.71579e+006 1.51132e+006 1.34477e+006 1.1792e+006 1.01734e+006 907489 794839 723673 675765 637339 605168 576919 557415 530507 521695 514284 514824 494059 481763 486516 495114 498377 499270 515503 529376 536525 547016 552768 560583 578770 590261 600430 612691 609962 615323 621379 622706 623325 625068 620602 617994 633964 709556 781736 823326 857680 879034 885904 896755 886707 870960 872097 846586 842509 821558 2.92518e+007 1.79521e+007 1.84739e+007 1.93534e+007 2.05031e+007 2.17152e+007 2.2857e+007 2.38618e+007 2.47062e+007 2.53932e+007 2.59397e+007 2.63676e+007 2.66991e+007 2.69545e+007 2.71504e+007 2.73006e+007 2.74158e+007 2.75045e+007 2.75729e+007 2.76259e+007 2.76671e+007 2.76993e+007 2.77246e+007 2.77445e+007 2.77602e+007 2.77728e+007 2.77827e+007 2.77907e+007 2.77971e+007 2.78022e+007 2.78063e+007 2.78097e+007 2.78124e+007 2.78146e+007 2.78163e+007 2.78178e+007 2.7819e+007 2.78199e+007 2.78207e+007 2.78214e+007 2.78219e+007 2.78223e+007 2.78227e+007 2.78229e+007 2.78232e+007 2.78234e+007 2.78235e+007 2.78236e+007 2.78237e+007 2.78238e+007 2.78239e+007 2.7824e+007 2.7824e+007 2.7824e+007 2.78241e+007 2.78241e+007 2.78241e+007 2.78241e+007 2.78241e+007 2.78242e+007 2.78242e+007 2.78242e+007 2.78242e+007 2.78242e+007 2.78242e+007 2.78242e+007 2.78242e+007 2.78242e+007 2.78242e+007 2.78242e+007 2.78242e+007 2.78242e+007 2.78242e+007 2.78242e+007 2.78242e+007 2.78242e+007 2.78242e+007 2.78242e+007 2.78242e+007 2.78242e+007 2.78242e+007 2.78242e+007 2.78242e+007 2.78242e+007 2.78242e+007 2.78242e+007 2.78242e+007 2.78242e+007 2.78242e+007 2.78242e+007 2.78242e+007 2.78242e+007 2.78242e+007 2.78242e+007 2.78242e+007 2.78242e+007 2.78242e+007 2.78242e+007 2.78242e+007 2.78242e+007 0 0 0 0 0 0 0 0 0 0 0 0 0 0 0 0 0 0 0 0 0 0 0 0 0
#obs cpue bio
 4.44106e+006 3.95687e+006 3.32522e+006 3.84048e+006 2.29507e+006 2.76372e+006 2.01546e+006 3.50736e+006 1.67384e+006 1.79183e+006 1.78906e+006 1.37442e+006 1.32496e+006 628520 1.08776e+006 930032 768127 425360 633417 711324 488766 624705 611324 450071 395708 603584 531230 431908 434026 576948 693973 505877 485255 627485 463519 563333 510936 556788 585701 618610 479561 599899 765311 749511 696525 591758 620256 540612 479724 691596 541075 741588 849904 627436 938840 818814 1.05157e+006 756363 944045 1.20855e+006 976187 790084 735876 911365
#pred surv len freq
 0.00427966 0.00700564 0.0106534 0.0152471 0.0207089 0.0267765 0.0329775 0.038747 0.0436366 0.0474553 0.050251 0.0521965 0.0534865 0.0542883 0.0547299 0.0549062 0.0548935 0.0547493 0.0544615 0.0538453 0.052457 0.0496525 0.0448675 0.0380136 0.0297136
 0.00456978 0.00739821 0.0111012 0.0156653 0.0210092 0.0269143 0.0329812 0.0387032 0.0436365 0.0475365 0.0503769 0.0522846 0.0534666 0.0541509 0.0545368 0.0547602 0.0548839 0.0548989 0.054702 0.0540369 0.0524488 0.0493555 0.0443002 0.0372915 0.0289908
 0.00463649 0.0075604 0.0114382 0.0162675 0.0219354 0.028138 0.0343609 0.0400136 0.0446567 0.0481432 0.0505783 0.0521781 0.0531608 0.0537153 0.0540065 0.0541694 0.0542854 0.0543468 0.0542134 0.0535681 0.0519142 0.048682 0.0434814 0.0364015 0.0281482
 0.00478952 0.00779084 0.0117561 0.0166837 0.0224754 0.0288524 0.0353145 0.0412455 0.0461255 0.0496978 0.0519879 0.0532157 0.0536901 0.053726 0.0535843 0.0534387 0.0533653 0.0533324 0.0531672 0.052514 0.0508419 0.0475741 0.0423496 0.0353052 0.0271763
 0.00496577 0.0080782 0.0121887 0.0172904 0.0232713 0.0298296 0.0364394 0.0424691 0.0474029 0.0509963 0.053269 0.0544026 0.0546543 0.0543178 0.0536924 0.0530368 0.0525154 0.0521497 0.0517749 0.0510116 0.0492978 0.0460393 0.0408798 0.0339719 0.0260551
 0.00517461 0.00842307 0.0127179 0.0180525 0.0243057 0.0311505 0.0380184 0.0442276 0.0492231 0.0527481 0.0548389 0.0557092 0.0556414 0.0549333 0.053874 0.0527226 0.0516754 0.0508127 0.0500311 0.0489908 0.0471423 0.0438881 0.0388635 0.0322071 0.0246281
 0.00540329 0.00879744 0.0132868 0.0188651 0.025404 0.0325567 0.0397192 0.0461641 0.0512923 0.054816 0.0567597 0.0573461 0.0568843 0.0557075 0.0541351 0.0524433 0.050839 0.0494236 0.0481356 0.0466923 0.044599 0.0412936 0.0364177 0.0300819 0.0229363
 0.00562327 0.00915047 0.0138105 0.0195939 0.026366 0.0337679 0.0411746 0.0478309 0.0531094 0.0566982 0.058604 0.0590375 0.0583039 0.0567439 0.0546959 0.0524619 0.0502758 0.0482684 0.0464166 0.0444923 0.0420667 0.0386358 0.0338669 0.0278477 0.0211576
 0.00594093 0.00966813 0.0145912 0.0206951 0.0278269 0.0355893 0.043301 0.0501479 0.0554643 0.0589344 0.0605895 0.0606753 0.0595269 0.0575021 0.0549462 0.0521645 0.0493972 0.0467916 0.0443581 0.0419246 0.0391361 0.0355621 0.0309119 0.0252569 0.0190978
 0.00621099 0.0101037 0.0152412 0.0216055 0.0290349 0.0371133 0.0451259 0.0522136 0.0576659 0.0611344 0.0626389 0.0624354 0.0608873 0.0583884 0.0553145 0.0519884 0.0486568 0.0454735 0.0424709 0.0395246 0.0363526 0.0326028 0.0280358 0.0227148 0.017066
 0.00652897 0.0106158 0.0160029 0.0226646 0.0304231 0.0388317 0.0471312 0.0544138 0.059933 0.0633281 0.0646262 0.0641015 0.0621389 0.0591553 0.0555512 0.0516714 0.0477782 0.0440366 0.0404965 0.0370709 0.0335407 0.0296285 0.0251482 0.0201606 0.0150222
 0.0067239 0.0109483 0.0165323 0.0234563 0.0315348 0.0402919 0.0489172 0.056444 0.0620794 0.0654422 0.0665653 0.0657451 0.0633947 0.0599584 0.0558594 0.0514597 0.0470348 0.0427629 0.038714 0.0348373 0.0309701 0.0269009 0.0224921 0.017804 0.013131
 0.00699553 0.0113832 0.0171753 0.0243474 0.0327056 0.0417571 0.0506616 0.0584112 0.0641689 0.0675187 0.0684775 0.0673492 0.0645761 0.0606444 0.0560191 0.0510922 0.0461553 0.0413945 0.0368917 0.032623 0.0284727 0.0242864 0.019968 0.0155764 0.0113488
 0.00728429 0.0118612 0.0179097 0.0254032 0.034129 0.0435514 0.0527658 0.0606973 0.0664665 0.0696533 0.0703014 0.0687542 0.0654915 0.0610321 0.05587 0.050422 0.0449981 0.0397954 0.0349056 0.0303242 0.0259698 0.0217314 0.0175451 0.0134644 0.00967322
 0.00740449 0.0120638 0.0182295 0.0258813 0.0348098 0.0444735 0.0539487 0.062127 0.068086 0.0713626 0.0719694 0.0702398 0.0666687 0.0618078 0.0561897 0.0502664 0.0443751 0.0387346 0.0334567 0.0285607 0.0239967 0.0196878 0.0155921 0.0117546 0.00831339
 0.00772947 0.0125668 0.0189395 0.0268088 0.0359464 0.045793 0.0554049 0.0636537 0.0696025 0.0727839 0.0732151 0.0712384 0.0673587 0.0621408 0.0561352 0.0498148 0.0435376 0.0375411 0.0319549 0.0268198 0.0221124 0.0177833 0.0138055 0.0102129 0.00710042
 0.00785777 0.0127858 0.0192874 0.027325 0.0366599 0.0467058 0.0564797 0.0648158 0.0707595 0.073853 0.07414 0.0719887 0.0679166 0.0624868 0.0562428 0.0496549 0.043088 0.0367964 0.0309337 0.0255695 0.0207113 0.0163363 0.0124307 0.00901787 0.00615666
 0.00772516 0.0126086 0.0190929 0.0271662 0.0366057 0.0468226 0.0568124 0.065375 0.0715175 0.0747479 0.0750877 0.072901 0.0687188 0.063127 0.0566884 0.0498835 0.0430808 0.0365395 0.0304273 0.0248383 0.0198106 0.01535 0.0114581 0.00815225 0.00546267
 0.0076921 0.0125356 0.0189505 0.026923 0.0362461 0.0463702 0.0563439 0.0650097 0.0713797 0.0749195 0.0755773 0.0736439 0.0696033 0.0640302 0.0575045 0.0505361 0.0435221 0.0367442 0.0303889 0.0245709 0.0193538 0.0147693 0.0108357 0.00756941 0.00497994
 0.00778886 0.0126703 0.0191096 0.0270756 0.0363474 0.0463717 0.056208 0.0647273 0.0709859 0.0744974 0.0752411 0.073501 0.0697131 0.0643809 0.0580204 0.0511084 0.0440429 0.0371301 0.0305905 0.0245737 0.0191758 0.0144565 0.0104527 0.0071842 0.00464679
 0.00781974 0.0127318 0.0192214 0.0272584 0.036612 0.0467044 0.0565608 0.0650235 0.0711438 0.0744638 0.075018 0.0731514 0.0693407 0.0640927 0.0578872 0.0511411 0.0441956 0.0373235 0.0307434 0.024628 0.0191091 0.0142822 0.0102105 0.00692402 0.00441266
 0.00776589 0.0126494 0.0191084 0.0271196 0.0364619 0.046568 0.0564705 0.0650087 0.071215 0.0746009 0.0751731 0.0732699 0.0693905 0.0640824 0.057861 0.0511532 0.044279 0.0374726 0.0309178 0.0247738 0.0191837 0.0142701 0.0101253 0.00679798 0.00428118
 0.00797091 0.0129413 0.019471 0.0275117 0.0368292 0.0468623 0.0566659 0.065106 0.0712346 0.0745691 0.075109 0.0731773 0.0692592 0.0638996 0.057627 0.0508902 0.0440245 0.0372614 0.0307645 0.0246674 0.0190976 0.0141798 0.0100207 0.00668509 0.00417463
 0.00814893 0.013205 0.0198181 0.0279189 0.0372523 0.0472424 0.0569386 0.065216 0.0711552 0.0743177 0.0747468 0.0727876 0.068915 0.0636391 0.0574496 0.0507724 0.0439414 0.0371994 0.0307201 0.0246383 0.0190763 0.0141551 0.00998467 0.00663781 0.00412332
 0.0080637 0.0131145 0.0197689 0.0279795 0.037489 0.0476834 0.0575465 0.0658882 0.0717555 0.0747245 0.0748923 0.0726739 0.0686035 0.0632211 0.0570138 0.0503799 0.0436191 0.0369484 0.0305292 0.0244944 0.0189676 0.0140711 0.00991651 0.00658037 0.00407528
 0.00779969 0.0127109 0.0192133 0.0272872 0.0367113 0.046911 0.0569028 0.0655036 0.0717219 0.0750515 0.0754947 0.0734035 0.0693092 0.0638019 0.0574381 0.0506707 0.0438224 0.0371051 0.0306624 0.0246108 0.0190648 0.0141451 0.00996579 0.00660716 0.00408512
 0.00793232 0.012887 0.0194056 0.0274468 0.0367826 0.046856 0.0567228 0.0652446 0.071463 0.0748773 0.0754645 0.0735273 0.0695422 0.0640624 0.0576432 0.0507693 0.0438093 0.037011 0.0305316 0.02448 0.0189546 0.0140612 0.00990529 0.00656453 0.00405544
 0.00810917 0.0131507 0.0197558 0.0278616 0.0372172 0.0472461 0.0569928 0.0653262 0.0713206 0.0745319 0.0749967 0.0730522 0.069165 0.0638389 0.0575654 0.0507827 0.0438469 0.0370245 0.0305044 0.0244215 0.0188843 0.0139956 0.00985297 0.00652681 0.00403003
 0.00804284 0.0130596 0.0196491 0.0277569 0.0371338 0.0471938 0.0569644 0.0652969 0.071257 0.0744075 0.0748076 0.0728258 0.0689556 0.0637098 0.0575627 0.0509144 0.0440801 0.0373022 0.0307702 0.0246388 0.0190417 0.0140994 0.00991662 0.0065636 0.00404995
 0.00797515 0.0129443 0.0194675 0.0274924 0.0367806 0.0467676 0.0565082 0.0648738 0.0709293 0.0742123 0.0747449 0.0728663 0.0690629 0.0638613 0.0577571 0.0511621 0.0443859 0.0376519 0.0311317 0.0249739 0.0193208 0.0143098 0.0100615 0.00665538 0.00410361
 0.00800719 0.0129873 0.0195147 0.0275296 0.0367874 0.0467218 0.0563915 0.0646798 0.0706706 0.0739219 0.0744684 0.0726466 0.0689249 0.0638076 0.0577753 0.0512383 0.0445112 0.0378201 0.0313314 0.0251855 0.0195203 0.0144773 0.010187 0.00673971 0.00415473
 0.00809563 0.0131202 0.0196938 0.0277478 0.0370285 0.0469611 0.0565977 0.0648179 0.0707085 0.0738408 0.0742716 0.0723619 0.0685982 0.0634886 0.0575041 0.0510375 0.0443866 0.0377667 0.031338 0.0252363 0.0195962 0.0145588 0.010259 0.0067941 0.00419051
 0.00805026 0.0130464 0.0195829 0.0275927 0.0368255 0.0467139 0.05632 0.064533 0.0704451 0.0736252 0.0741215 0.0722841 0.068591 0.0635462 0.05762 0.0512051 0.0445977 0.0380092 0.0315966 0.0254934 0.0198346 0.0147641 0.0104217 0.00691195 0.00426796
 0.00800089 0.012973 0.0194849 0.0274732 0.0366896 0.0465658 0.0561618 0.0643664 0.0702741 0.0734592 0.0739747 0.0721727 0.0685283 0.0635396 0.05767 0.0513073 0.0447444 0.0381907 0.0318006 0.0257053 0.0200385 0.0149452 0.0105695 0.007022 0.00434231
 0.00796449 0.0129224 0.0194246 0.027413 0.0366418 0.0465411 0.0561643 0.0643918 0.0703097 0.0734873 0.0739781 0.072141 0.0684627 0.0634531 0.057583 0.05124 0.0447118 0.0381995 0.0318491 0.025785 0.0201364 0.0150466 0.0106615 0.00709616 0.00439552
 0.00790429 0.0128254 0.0192811 0.0272168 0.0363942 0.0462552 0.0558681 0.0641244 0.0701115 0.0733856 0.0739782 0.0722263 0.0686034 0.0636183 0.0577501 0.0513994 0.0448642 0.0383502 0.0320022 0.0259401 0.0202878 0.0151857 0.0107796 0.00718781 0.00446008
 0.00786631 0.012769 0.0192058 0.0271246 0.0362881 0.0461368 0.0557379 0.0639841 0.069968 0.0732536 0.0738778 0.0721758 0.0686113 0.0636796 0.0578492 0.0515172 0.0449862 0.0384694 0.032118 0.0260535 0.0203979 0.0152885 0.0108694 0.00725975 0.00451231
 0.00785584 0.0127438 0.0191534 0.0270296 0.0361377 0.0459286 0.0554851 0.0637142 0.0697147 0.0730461 0.073735 0.0721059 0.0686155 0.0637539 0.0579838 0.0516964 0.0451901 0.0386787 0.0323182 0.0262359 0.0205584 0.0154247 0.0109797 0.00734362 0.00457124
 0.00777735 0.0126179 0.0189669 0.0267712 0.0357999 0.0455112 0.0550007 0.0631924 0.069202 0.0725994 0.0734101 0.0719445 0.068635 0.0639443 0.0583137 0.0521221 0.0456653 0.0391614 0.0327745 0.0266422 0.0209011 0.0156989 0.0111874 0.00749144 0.00466917
 0.00778993 0.0126308 0.018972 0.0267555 0.0357475 0.0454077 0.0548368 0.0629664 0.0689209 0.07228 0.0730794 0.0716392 0.0683961 0.0638081 0.0583014 0.0522336 0.0458803 0.039446 0.0330901 0.0269538 0.0211822 0.0159336 0.0113694 0.00762258 0.00475652
 0.00783492 0.0126973 0.0190591 0.0268568 0.0358508 0.045496 0.0548897 0.0629634 0.0688458 0.0721262 0.0728538 0.0713627 0.0681012 0.0635338 0.0580859 0.0521067 0.0458554 0.0395176 0.0332359 0.0271422 0.0213806 0.0161161 0.0115198 0.00773502 0.00483307
 0.0077062 0.0125203 0.0188523 0.0266562 0.0356992 0.0454248 0.0549052 0.0630448 0.0689549 0.0722229 0.0729084 0.0713615 0.068047 0.0634433 0.0579857 0.0520269 0.0458229 0.0395481 0.0333299 0.027285 0.0215482 0.0162824 0.0116647 0.00784751 0.00491147
 0.00763781 0.0124177 0.0187152 0.0264944 0.0355345 0.0452914 0.0548452 0.0630958 0.0691324 0.0725051 0.0732367 0.0716591 0.0682474 0.0635131 0.0579308 0.0518838 0.0456423 0.0393783 0.0332051 0.0272198 0.0215387 0.0163122 0.0117133 0.00789753 0.00495256
 0.00754939 0.0122714 0.0184912 0.0261752 0.0351124 0.0447785 0.0542826 0.0625538 0.0686976 0.0722569 0.0732212 0.0718732 0.0686383 0.0639957 0.0584168 0.0523084 0.0459776 0.0396306 0.0333992 0.0273823 0.0216861 0.0164485 0.0118337 0.00799527 0.00502412
 0.00750322 0.0121915 0.0183618 0.0259778 0.034829 0.0443981 0.0538087 0.0620113 0.0681348 0.0717416 0.0728298 0.071673 0.0686669 0.064247 0.05884 0.0528247 0.0465063 0.0401119 0.0338047 0.0277101 0.0219476 0.0166565 0.0119965 0.00811748 0.00510975
 0.00757192 0.0122858 0.018471 0.0260794 0.0348928 0.0443932 0.0537112 0.0618087 0.0678292 0.0713521 0.0723948 0.0712484 0.0683178 0.0640314 0.0587915 0.0529404 0.0467481 0.0404218 0.0341255 0.0280012 0.0221902 0.0168477 0.0121413 0.00822268 0.00518207
 0.00771763 0.0125034 0.0187614 0.0264284 0.0352709 0.0447593 0.0540163 0.0620024 0.0678693 0.0712166 0.0720906 0.0708119 0.0678084 0.0635203 0.0583474 0.0526155 0.046566 0.0403737 0.0341773 0.0281087 0.0223141 0.0169624 0.0122348 0.00829257 0.00523058
 0.00775757 0.0125826 0.0189059 0.0266679 0.0356275 0.0452316 0.0545666 0.0625578 0.0683392 0.0715194 0.0721749 0.070667 0.067462 0.0630299 0.0577876 0.0520637 0.0460875 0.0400095 0.0339385 0.02798 0.0222649 0.0169598 0.012253 0.0083154 0.0052504
 0.00774368 0.0125747 0.0189223 0.026737 0.0357839 0.0455065 0.0549761 0.0630917 0.0689542 0.0721398 0.0727053 0.0710153 0.0675658 0.0628743 0.0574084 0.0515341 0.0454971 0.039442 0.0334545 0.0276094 0.0220085 0.0167989 0.012161 0.00826756 0.00522783
 0.0078734 0.0127519 0.0191278 0.0269354 0.0359379 0.045598 0.0550207 0.0631358 0.0690544 0.0723341 0.072992 0.0713483 0.0678688 0.0630665 0.0574321 0.0513738 0.0451826 0.0390354 0.0330286 0.0272252 0.0217027 0.0165812 0.0120215 0.00818663 0.00518522
 0.00780794 0.0126635 0.0190263 0.0268367 0.0358544 0.0455267 0.05494 0.0630181 0.0688899 0.072151 0.0728538 0.0713259 0.0680019 0.0633397 0.0577791 0.0517073 0.0454306 0.0391653 0.0330504 0.0271769 0.0216281 0.0165131 0.011975 0.00816222 0.00517628
 0.00731362 0.0118872 0.0179122 0.0253606 0.0340378 0.0434535 0.052767 0.0609626 0.0671865 0.0709942 0.0723568 0.0715125 0.0688214 0.0646854 0.0595017 0.0536288 0.0473685 0.0409633 0.0346036 0.0284399 0.0226049 0.0172369 0.0124897 0.00851151 0.00539991
 0.00714094 0.0115724 0.0173763 0.0245112 0.0327937 0.0417836 0.0507271 0.0587079 0.0649485 0.0690323 0.0709042 0.0707336 0.0687889 0.0653766 0.0608116 0.0553926 0.0493882 0.0430369 0.0365545 0.0301408 0.0239891 0.0182938 0.0132486 0.00902351 0.00572303
 0.00721026 0.0116755 0.0175097 0.0246542 0.0329004 0.0417762 0.0505012 0.0581572 0.0640085 0.0677246 0.0693578 0.0691636 0.067442 0.0644655 0.0604648 0.0556321 0.0501359 0.0441428 0.0378351 0.0314207 0.0251329 0.0192233 0.0139415 0.0094996 0.00602477
 0.00718708 0.0116569 0.0175162 0.0247149 0.0330417 0.0420043 0.0507852 0.0584216 0.0641424 0.0676092 0.068906 0.0683623 0.0663762 0.0633096 0.0594373 0.0549301 0.0498772 0.0443376 0.0383959 0.0321996 0.0259706 0.0199904 0.0145612 0.00994826 0.00631832
 0.00708967 0.0115213 0.0173556 0.0245589 0.032932 0.041985 0.0508901 0.0586613 0.0644916 0.0679987 0.0692282 0.0684958 0.0662278 0.0628581 0.0587557 0.054172 0.049227 0.0439461 0.0383309 0.0324329 0.0264027 0.0204963 0.0150345 0.0103258 0.00658198
 0.00706164 0.0114737 0.0172815 0.024454 0.0328002 0.0418449 0.0507778 0.0586244 0.0645731 0.0682155 0.0695545 0.0688597 0.0665265 0.062989 0.0586559 0.0538494 0.0487665 0.043482 0.0379948 0.0323032 0.0264814 0.0207224 0.0153204 0.0105955 0.00679194
 0.00699689 0.0113745 0.0171433 0.0242761 0.0325854 0.0415994 0.0505135 0.0583629 0.0643487 0.0680722 0.069534 0.0689834 0.0667781 0.0633095 0.0589589 0.0540539 0.0488333 0.0434325 0.0379003 0.032248 0.0265217 0.0208637 0.0155254 0.0108105 0.00697409
 0.00704175 0.0114431 0.0172384 0.0243969 0.0327274 0.0417541 0.0506675 0.0584986 0.0644465 0.0681168 0.0695221 0.0689276 0.0667029 0.0632384 0.0588984 0.0539876 0.0487324 0.0432783 0.0377039 0.0320501 0.0263719 0.0207939 0.015535 0.0108727 0.00705378
 0.00715591 0.0116167 0.0174768 0.0246968 0.0330766 0.042133 0.0510503 0.0588537 0.0647401 0.0683182 0.0696101 0.0688952 0.0665598 0.0630089 0.0586146 0.0536783 0.0484145 0.0429578 0.0373856 0.0317485 0.0261121 0.0206008 0.0154193 0.0108251 0.00705115
 0.00721665 0.0117083 0.0176012 0.0248506 0.0332516 0.0423181 0.0512324 0.0590197 0.0648788 0.0684222 0.0696755 0.0689206 0.0665434 0.0629496 0.0585138 0.0535417 0.0482513 0.0427779 0.0371983 0.0315648 0.0259463 0.0204683 0.0153305 0.0107797 0.00703882
 0.00745978 0.0120855 0.0181342 0.0255449 0.0340925 0.043267 0.0522235 0.0599632 0.0656751 0.0689843 0.0699491 0.0688929 0.0662401 0.0624226 0.0578274 0.0527606 0.0474331 0.0419698 0.0364376 0.0308801 0.0253597 0.019995 0.0149758 0.0105369 0.00688922
 0.00747768 0.0121347 0.0182452 0.0257574 0.0344447 0.0437782 0.0528795 0.0607128 0.0664406 0.0696804 0.0705001 0.0692438 0.0663618 0.0623132 0.0575104 0.0522791 0.0468406 0.0413221 0.0357856 0.0302667 0.0248179 0.019547 0.014632 0.0102944 0.00673395
 0.00745168 0.0121162 0.0182623 0.0258536 0.0346712 0.0441791 0.0534752 0.0614883 0.0673415 0.0706181 0.0713659 0.0699303 0.0667855 0.0624313 0.0573249 0.05183 0.0461933 0.0405531 0.0349714 0.0294752 0.0241033 0.0189462 0.0141632 0.00995708 0.00651188
#obs surv len freq
 nan nan nan nan nan nan nan nan nan nan nan nan nan nan nan nan nan nan nan nan nan nan nan nan nan
 0.00448842 0.00735152 0.0111832 0.0160007 0.0217018 0.027977 0.0342901 0.04002 0.0446979 0.0481599 0.050516 0.05201 0.0529006 0.0534116 0.0537247 0.0539787 0.0542567 0.054549 0.0546875 0.0542793 0.0527174 0.04935 0.0438004 0.0362815 0.0276662
 0.00461878 0.00756653 0.0115121 0.0164714 0.0223339 0.0287708 0.0352163 0.0410172 0.0456818 0.0490405 0.0512148 0.052472 0.0530986 0.0533459 0.0534185 0.0534699 0.0535893 0.0537662 0.0538287 0.0533819 0.0518208 0.0484977 0.0430379 0.0356471 0.0271814
 0.00477008 0.00781508 0.0118911 0.017014 0.023067 0.0297051 0.0363351 0.0422702 0.0469886 0.0503023 0.0523291 0.0533454 0.0536584 0.0535489 0.0532546 0.0529603 0.0527791 0.0527149 0.0526028 0.0520516 0.0504609 0.0471883 0.041858 0.034662 0.026427
 0.00496288 0.00812909 0.0123648 0.0176839 0.0239607 0.0308312 0.0376718 0.0437605 0.0485475 0.05183 0.0537238 0.0545111 0.0545094 0.0540152 0.0532894 0.052547 0.0519343 0.0514872 0.0510679 0.0503073 0.048623 0.0453842 0.0402135 0.0332797 0.0253646
 0.00517763 0.00848031 0.0128973 0.0184405 0.0249745 0.0321118 0.0391926 0.0454542 0.0503154 0.0535611 0.0553116 0.0558615 0.0555416 0.0546595 0.0534884 0.0522596 0.0511442 0.0502116 0.0493647 0.0482786 0.0464116 0.0431614 0.0381551 0.0315321 0.0240131
 0.00540662 0.00885559 0.0134678 0.0192538 0.0260681 0.0334988 0.0408466 0.0473038 0.0522539 0.0554665 0.0570656 0.0573616 0.0567036 0.0554161 0.0537852 0.0520531 0.0504044 0.0489326 0.0475798 0.0460754 0.0439391 0.0406189 0.0357603 0.0294742 0.0224086
 0.00565236 0.00925771 0.0140779 0.020122 0.0272334 0.0349744 0.0426046 0.049269 0.0543141 0.0574931 0.058934 0.058963 0.0579496 0.0562376 0.0541293 0.0518785 0.0496805 0.0476451 0.0457466 0.0437685 0.0413009 0.0378589 0.0331225 0.0271812 0.0206051
 0.00590055 0.0096642 0.0146954 0.0210016 0.0284151 0.0364722 0.0443899 0.0512656 0.0564081 0.0595546 0.0608374 0.0605993 0.0592298 0.0570923 0.0545054 0.0517353 0.0489871 0.0463841 0.0439281 0.0414527 0.0386197 0.0350193 0.0303774 0.024771 0.0186936
 0.00613864 0.0100566 0.015296 0.0218639 0.0295821 0.0379595 0.0461693 0.0532588 0.0584983 0.061609 0.0627292 0.0622199 0.060493 0.0579327 0.0548744 0.0515965 0.0483125 0.0451568 0.0421545 0.0391847 0.0359784 0.0322021 0.0276334 0.0223439 0.016756
 0.00638271 0.010455 0.0158986 0.0227188 0.0307267 0.0394066 0.0478923 0.0551851 0.0605181 0.0635953 0.0645574 0.0637815 0.0617015 0.0587245 0.0552056 0.0514371 0.0476415 0.0439624 0.0404439 0.0370051 0.0334399 0.0294883 0.0249801 0.0199867 0.0148653
 0.0066165 0.0108385 0.0164819 0.0235503 0.0318431 0.040818 0.0495664 0.0570432 0.0624472 0.0654704 0.0662623 0.0652197 0.0627981 0.0594246 0.0554711 0.0512428 0.0469714 0.0428094 0.0388182 0.0349512 0.0310585 0.026946 0.0224931 0.017773 0.0130852
 0.00684686 0.011217 0.0170591 0.024375 0.0329527 0.0422222 0.0512311 0.0588854 0.0643468 0.0672946 0.0678886 0.0665503 0.0637644 0.0599849 0.0556042 0.0509406 0.0462324 0.0416375 0.0372297 0.0329908 0.0288185 0.0245761 0.0201867 0.0157251 0.0114396
 0.0070806 0.011599 0.0176375 0.0251954 0.0340489 0.043601 0.0528578 0.060678 0.0661872 0.0690506 0.0694369 0.0677908 0.0646272 0.0604306 0.0556199 0.0505317 0.0454146 0.0404314 0.0356643 0.0311156 0.0267203 0.0223883 0.018078 0.0138644 0.00994995
 0.00729674 0.0119552 0.0181822 0.0259759 0.0351004 0.0449309 0.0544294 0.0624063 0.0679516 0.0707195 0.0708901 0.0689334 0.0653941 0.0607863 0.0555548 0.0500568 0.0445544 0.039219 0.034141 0.0293387 0.0247747 0.0203939 0.01618 0.0122049 0.00862977
 0.0074503 0.0122113 0.0185796 0.0265553 0.0358967 0.0459604 0.055676 0.0638155 0.0694362 0.0721738 0.0722073 0.0700182 0.0661718 0.0612076 0.0555965 0.0497191 0.0438555 0.0381909 0.0328279 0.027801 0.0230954 0.0186818 0.0145606 0.0107967 0.00751451
 0.00751773 0.0123216 0.0187478 0.0267983 0.0362333 0.0464097 0.0562534 0.0645269 0.070272 0.0731045 0.0731813 0.0709654 0.0670119 0.0618613 0.0559972 0.0498208 0.043637 0.0376557 0.0320035 0.0267386 0.0218712 0.0173945 0.0133212 0.009708 0.00664719
 0.00756226 0.0123891 0.0188409 0.0269173 0.0363782 0.0465829 0.0564621 0.0647835 0.0705927 0.0735044 0.073668 0.0715298 0.0676224 0.062463 0.0565192 0.050189 0.0437884 0.0375507 0.031633 0.0261271 0.0210759 0.0164995 0.0124244 0.00890108 0.00599482
 0.00767626 0.0125609 0.0190737 0.0272043 0.0367037 0.046925 0.0567962 0.065086 0.0708469 0.0737074 0.0738323 0.0716799 0.0677825 0.0626444 0.0567104 0.0503541 0.0438752 0.0375052 0.0314161 0.0257288 0.0205215 0.0158467 0.0117504 0.00828292 0.00548905
 0.00773926 0.0126642 0.0192302 0.0274244 0.0369907 0.0472695 0.0571715 0.0654515 0.0711586 0.0739323 0.07396 0.0717232 0.0677714 0.0626131 0.0566847 0.0503409 0.0438583 0.0374495 0.0312812 0.0254853 0.0201659 0.0154065 0.0112772 0.00783557 0.00511513
 0.00779359 0.0127466 0.0193434 0.0275683 0.0371632 0.0474683 0.0573942 0.0656922 0.0714046 0.0741627 0.0741493 0.0718497 0.0678253 0.0626016 0.0566278 0.0502618 0.0437711 0.0373523 0.0311564 0.0253103 0.0199273 0.0151109 0.0109523 0.00752068 0.00484602
 0.00782323 0.012793 0.0194096 0.0276554 0.03727 0.0475905 0.0575249 0.0658235 0.0715301 0.0742794 0.0742563 0.0719446 0.0679021 0.0626512 0.0566437 0.050244 0.0437252 0.0372838 0.0310653 0.0251898 0.0197702 0.0149181 0.0107377 0.00730817 0.00466023
 0.00786633 0.0128546 0.0194869 0.0277406 0.037353 0.0476629 0.0575827 0.0658677 0.0715646 0.0743093 0.0742856 0.0719765 0.0679373 0.0626875 0.0566754 0.0502636 0.0437262 0.0372622 0.031019 0.0251171 0.01967 0.0147931 0.0105969 0.00716658 0.00453429
 0.00788049 0.0128772 0.0195197 0.0277841 0.0374049 0.0477173 0.0576304 0.0658982 0.0715713 0.074293 0.0742558 0.0719474 0.067922 0.0626931 0.0567011 0.050302 0.0437663 0.0372927 0.0310306 0.0251039 0.0196301 0.0147288 0.0105157 0.00707983 0.00445404
 0.00788794 0.0128874 0.0195316 0.0277956 0.0374141 0.0477232 0.0576333 0.0658993 0.0715709 0.0742898 0.0742483 0.0719357 0.06791 0.0626873 0.0567079 0.0503239 0.0438003 0.0373309 0.0310629 0.0251211 0.0196265 0.0147039 0.010474 0.00702968 0.00440465
 0.00788695 0.012881 0.0195134 0.0277571 0.0373475 0.0476254 0.0575095 0.0657634 0.0714422 0.0741876 0.0741862 0.0719193 0.0679368 0.0627498 0.0567967 0.0504301 0.0439156 0.0374466 0.0311697 0.0252098 0.0196902 0.0147399 0.0104849 0.00702236 0.0043878
 0.0078981 0.0128955 0.0195282 0.0277664 0.0373432 0.0475991 0.0574544 0.065677 0.0713285 0.0740585 0.0740599 0.0718159 0.0678728 0.0627334 0.0568267 0.0504981 0.0440092 0.0375529 0.0312763 0.025306 0.0197677 0.0147942 0.0105161 0.00703445 0.00438742
 0.00789489 0.012888 0.0195126 0.0277377 0.0372963 0.0475304 0.0573636 0.0655678 0.0712077 0.0739352 0.0739446 0.0717205 0.0678091 0.0627114 0.0568516 0.0505681 0.0441157 0.0376824 0.0314134 0.0254363 0.0198798 0.0148811 0.0105761 0.00707045 0.00440531
 0.00787825 0.0128619 0.0194751 0.0276875 0.0372325 0.0474529 0.0572733 0.0654672 0.0711016 0.0738302 0.0738489 0.0716424 0.0677566 0.062691 0.0568678 0.0506225 0.0442054 0.0377996 0.031546 0.0255702 0.0200018 0.0149818 0.0106509 0.00712007 0.00443435
 0.00786018 0.0128279 0.0194156 0.0275917 0.037092 0.047267 0.0570529 0.0652345 0.0708844 0.0736533 0.0737285 0.0715845 0.067759 0.0627471 0.0569693 0.0507605 0.0443712 0.0379835 0.0317369 0.0257556 0.0201693 0.0151216 0.0107578 0.00719451 0.00448111
 0.00786607 0.0128334 0.0194162 0.0275796 0.0370574 0.0471998 0.0569461 0.0650873 0.0707045 0.073458 0.0735417 0.0714311 0.0676586 0.0627092 0.056993 0.0508378 0.0444901 0.0381307 0.0318992 0.0259198 0.0203229 0.0152541 0.0108627 0.00727016 0.00453048
 0.00781143 0.0127516 0.019306 0.0274443 0.0369031 0.0470337 0.0567744 0.0649156 0.0705385 0.0733048 0.0734105 0.0713334 0.0676066 0.0627131 0.0570576 0.0509599 0.0446595 0.0383321 0.0321151 0.0261332 0.020519 0.0154216 0.010995 0.00736616 0.00459399
 0.00779571 0.0127196 0.0192464 0.0273439 0.0367519 0.0468312 0.0565348 0.0646657 0.0703096 0.0731216 0.0732851 0.0712659 0.0675913 0.0627446 0.0571331 0.0510782 0.0448172 0.0385213 0.0323232 0.0263445 0.0207175 0.0155941 0.0111334 0.00746795 0.00466231
 0.00776832 0.0126766 0.019184 0.0272587 0.0366402 0.0466888 0.056359 0.0644586 0.0700821 0.0728949 0.0730867 0.0711221 0.0675191 0.0627478 0.0572047 0.0512054 0.0449867 0.0387205 0.0325391 0.0265631 0.0209241 0.0157755 0.0112803 0.00757722 0.00473642
 0.00773396 0.0126195 0.0190962 0.0271327 0.0364715 0.0464792 0.056119 0.0642062 0.0698385 0.0726794 0.0729138 0.0710027 0.0674623 0.0627599 0.0572872 0.0513526 0.0451858 0.0389547 0.0327902 0.0268135 0.0211578 0.015979 0.0114449 0.00769972 0.0048198
 0.00768688 0.012543 0.0189813 0.0269713 0.0362586 0.0462158 0.0558153 0.0638828 0.0695239 0.0724038 0.0727033 0.0708748 0.0674239 0.0628095 0.0574169 0.0515507 0.0454376 0.0392427 0.0330946 0.0271139 0.0214352 0.0162185 0.011637 0.00784209 0.00491649
 0.00769104 0.0125452 0.0189759 0.0269499 0.0362109 0.0461329 0.055692 0.0637198 0.0693283 0.072189 0.0724877 0.0706799 0.0672708 0.0627154 0.0573918 0.0515967 0.045549 0.0394076 0.0332965 0.0273332 0.021652 0.0164149 0.0118004 0.00796643 0.00500272
 0.00765257 0.0124911 0.0189098 0.0268795 0.036145 0.0460759 0.0556412 0.0636657 0.0692595 0.0720976 0.0723743 0.0705534 0.067147 0.0626128 0.057328 0.0515845 0.0455941 0.0395073 0.0334406 0.0275056 0.0218336 0.016587 0.0119482 0.00808169 0.00508414
 0.00764759 0.0124774 0.0188795 0.0268234 0.0360566 0.0459573 0.0555054 0.0635342 0.0691528 0.072026 0.0723338 0.0705304 0.0671277 0.0625912 0.0573086 0.0515789 0.0456155 0.0395648 0.0335356 0.0276309 0.0219755 0.0167291 0.0120754 0.00818409 0.00515825
 0.00762006 0.0124381 0.01883 0.0267675 0.0359979 0.0458959 0.0554375 0.0634547 0.0690611 0.0719295 0.0722466 0.0704668 0.0670947 0.0625865 0.0573241 0.0516081 0.0456572 0.0396226 0.0336138 0.0277298 0.022089 0.0168462 0.0121838 0.00827386 0.00522482
 0.00760641 0.0124155 0.0187954 0.0267187 0.0359348 0.0458223 0.0553608 0.0633841 0.0690034 0.0718863 0.0722144 0.0704413 0.0670748 0.0625749 0.0573248 0.0516231 0.0456865 0.0396657 0.0336707 0.0278004 0.0221708 0.0169331 0.012267 0.00834531 0.00527956
 0.00758772 0.0123874 0.0187575 0.0266718 0.0358805 0.0457622 0.0552969 0.0633191 0.0689415 0.071833 0.0721751 0.0704187 0.0670683 0.0625816 0.0573416 0.0516485 0.0457207 0.0397094 0.0337242 0.027863 0.0222403 0.017005 0.0123356 0.0084046 0.00532562
 0.00757074 0.0123577 0.0187091 0.0265987 0.0357789 0.0456335 0.05515 0.0631695 0.0688075 0.0717303 0.0721125 0.0703984 0.067087 0.0626327 0.0574169 0.0517395 0.0458202 0.0398121 0.033827 0.0279636 0.0223364 0.0170937 0.0124132 0.00846788 0.00537298
 0.00755654 0.012337 0.018682 0.0265661 0.0357412 0.0455895 0.0550965 0.0631031 0.0687276 0.0716417 0.0720258 0.0703265 0.0670409 0.0626183 0.0574343 0.051784 0.0458846 0.0398891 0.03391 0.0280477 0.0224176 0.0171684 0.0124783 0.00852082 0.00541259
 0.00752271 0.0122854 0.018611 0.0264768 0.0356379 0.045479 0.0549873 0.0630044 0.0686466 0.0715817 0.0719864 0.0703057 0.0670382 0.0626355 0.0574737 0.0518465 0.0459677 0.039987 0.0340154 0.0281532 0.0225168 0.0172565 0.0125519 0.00857834 0.00545418
 0.00751828 0.0122714 0.0185777 0.0264118 0.0355303 0.0453257 0.0547978 0.0628004 0.0684562 0.0714302 0.0718894 0.0702671 0.0670522 0.0626915 0.057561 0.0519566 0.046094 0.0401236 0.0341559 0.0282902 0.0226432 0.0173663 0.0126413 0.00864616 0.00550177
 0.0075021 0.0122495 0.0185521 0.0263859 0.0355054 0.0452983 0.0547582 0.0627363 0.0683597 0.0713051 0.0717522 0.0701417 0.0669611 0.0626479 0.0575668 0.052005 0.0461746 0.0402255 0.0342693 0.0284063 0.0227541 0.0174651 0.0127231 0.00870887 0.00554594
 0.00750205 0.0122488 0.0185502 0.0263822 0.0355006 0.045294 0.0547567 0.0627384 0.0683618 0.0712984 0.071726 0.0700897 0.0668866 0.0625644 0.0574928 0.0519561 0.0461587 0.0402423 0.0343123 0.0284664 0.0228216 0.0175316 0.012782 0.00875604 0.00558023
 0.00748696 0.012227 0.0185224 0.0263509 0.0354689 0.0452649 0.0547323 0.0627199 0.0683501 0.0712935 0.0717263 0.0700907 0.0668823 0.0625505 0.05747 0.0519314 0.0461423 0.0402431 0.034334 0.0285067 0.0228738 0.0175873 0.0128338 0.0087988 0.00561187
 0.00750246 0.0122475 0.0185447 0.0263695 0.0354778 0.0452608 0.0547163 0.0626971 0.0683272 0.0712754 0.0717145 0.0700834 0.0668757 0.0625403 0.0574533 0.0519083 0.0461166 0.0402214 0.0343231 0.0285106 0.0228919 0.017615 0.0128648 0.00882752 0.00563475
 0.00750246 0.0122475 0.0185447 0.0263695 0.0354778 0.0452608 0.0547163 0.0626971 0.0683272 0.0712754 0.0717145 0.0700834 0.0668757 0.0625403 0.0574533 0.0519083 0.0461166 0.0402214 0.0343231 0.0285106 0.0228919 0.017615 0.0128648 0.00882752 0.00563475
 0.00707787 0.0115782 0.017579 0.0250803 0.0338759 0.043411 0.0527505 0.0608086 0.0667363 0.0701767 0.071229 0.0702371 0.0676059 0.0637209 0.0589279 0.053521 0.0477352 0.0417479 0.0356942 0.029691 0.0238665 0.0183835 0.0134389 0.00922996 0.00589678
 0.00700211 0.0114066 0.0172324 0.0244574 0.0328814 0.0419992 0.050964 0.0587894 0.0646995 0.0683614 0.0698496 0.0694475 0.0674787 0.0642412 0.0600009 0.0549953 0.0494346 0.0435039 0.0373687 0.0311868 0.025127 0.0193866 0.0141904 0.00975641 0.00623896
 0.0070324 0.011462 0.0173224 0.024582 0.0330155 0.0420758 0.0508727 0.0584023 0.0639242 0.0671978 0.068415 0.0679538 0.0661721 0.0633328 0.0596164 0.0551552 0.0500646 0.0444656 0.0384992 0.0323344 0.0261753 0.0202641 0.0148681 0.0102398 0.0065565
 0.00709023 0.0115654 0.0174951 0.0248511 0.0334029 0.0425837 0.0514664 0.0589981 0.0643931 0.0673896 0.0682041 0.0672918 0.0651235 0.0620719 0.0583782 0.0541627 0.0494637 0.0442944 0.0386975 0.0327812 0.0267338 0.0208182 0.0153418 0.0105995 0.00680204
 0.00708056 0.0115621 0.0175137 0.0249157 0.0335424 0.0428243 0.0518223 0.0594624 0.0649297 0.0679275 0.0686394 0.0675052 0.0650155 0.0616066 0.0576139 0.0532464 0.0485864 0.0436256 0.0383312 0.0327175 0.026899 0.0211061 0.015654 0.0108702 0.00700237
 0.00708407 0.0115701 0.0175306 0.0249491 0.0336035 0.0429282 0.0519865 0.0597028 0.0652536 0.068325 0.0690751 0.0679144 0.0653109 0.0616986 0.0574429 0.0528147 0.0479715 0.0429609 0.0377583 0.032335 0.0267338 0.0211194 0.0157725 0.0110214 0.00713727
 0.00706376 0.0115427 0.0175 0.0249226 0.0335909 0.0429395 0.0520301 0.0597863 0.0653844 0.06851 0.0693162 0.068201 0.0656121 0.0619606 0.0575986 0.0528067 0.0477797 0.0426201 0.0373518 0.0319627 0.0264716 0.0209938 0.0157619 0.0110782 0.00721469
 0.00711701 0.0116266 0.0176212 0.0250852 0.0337957 0.0431823 0.0523004 0.0600669 0.0656541 0.0687487 0.0695104 0.0683458 0.065708 0.0620061 0.0575827 0.0527073 0.0475737 0.0423026 0.0369506 0.0315363 0.0260893 0.0207071 0.0155872 0.0109986 0.00719613
 0.00714857 0.0116841 0.017719 0.0252396 0.03402 0.0434795 0.0526576 0.0604545 0.066033 0.0690805 0.0697661 0.0685098 0.065778 0.0619886 0.0574871 0.0525397 0.047335 0.0419928 0.0365799 0.0311334 0.0256985 0.0203741 0.0153414 0.0108439 0.00711517
 0.00716127 0.0117063 0.0177556 0.0252977 0.0341086 0.043609 0.052837 0.0606875 0.0663129 0.0693878 0.0700699 0.0687748 0.065973 0.0620945 0.0574981 0.0524602 0.0471744 0.0417618 0.0362921 0.0308098 0.0253694 0.0200743 0.0150998 0.0106734 0.00701102
 0.00723217 0.0118193 0.0179212 0.0255232 0.034396 0.0439521 0.0532189 0.061082 0.0666898 0.0697196 0.0703357 0.0689603 0.0660679 0.0620911 0.0573936 0.0522587 0.0468874 0.0414071 0.0358917 0.0303894 0.0249585 0.0197034 0.0147941 0.0104463 0.00686036
 0.00728584 0.0119103 0.0180649 0.0257354 0.0346886 0.0443264 0.0536599 0.0615572 0.0671555 0.070131 0.0706573 0.0691702 0.0661578 0.0620634 0.0572562 0.052023 0.0465672 0.0410198 0.0354594 0.0299388 0.0245197 0.0193064 0.0144632 0.0101948 0.00668777
 0.00728646 0.0119157 0.0180815 0.0257734 0.0347608 0.0444464 0.0538384 0.061798 0.0674521 0.0704645 0.0709973 0.0694803 0.0664037 0.0622192 0.0573086 0.0519702 0.0464167 0.0407858 0.0351614 0.0296018 0.0241726 0.018979 0.014181 0.00997373 0.00653142
#pred catch len freq
 0.00314114 0.00509678 0.00768652 0.0109543 0.0149431 0.0196492 0.0249615 0.0306482 0.0364018 0.0419018 0.0468618 0.0510679 0.0544079 0.0568771 0.0585543 0.0595691 0.0600773 0.0602259 0.0600766 0.0594815 0.0579874 0.0549041 0.0496196 0.042042 0.0328632
 0.00336466 0.00540237 0.00804213 0.011301 0.0152198 0.0198269 0.0250632 0.0307348 0.0365304 0.0420819 0.0470437 0.0511712 0.054374 0.0567113 0.0583327 0.0594066 0.0600703 0.0603971 0.060349 0.0596999 0.0579844 0.0545812 0.0489971 0.0412476 0.0320669
 0.00344862 0.0055715 0.00835218 0.0118113 0.0159641 0.020777 0.0261109 0.0317174 0.0372952 0.0425518 0.0472347 0.0511542 0.0542148 0.0564404 0.0579613 0.0589623 0.0596107 0.0599844 0.0600035 0.0593728 0.057578 0.0540095 0.048246 0.0403925 0.031235
 0.00359073 0.00578741 0.00865401 0.0122134 0.0164956 0.0214898 0.027068 0.0329535 0.0387646 0.0441018 0.0486374 0.0521879 0.0547486 0.0564653 0.0575607 0.0582558 0.0587138 0.0589913 0.0589774 0.0583366 0.0565173 0.0529008 0.0470975 0.0392654 0.0302254
 0.00377524 0.00608144 0.00908482 0.012801 0.0172487 0.0224031 0.028123 0.0341264 0.0400371 0.0454574 0.0500352 0.0535306 0.0558762 0.0571976 0.0577659 0.0579009 0.0578659 0.057777 0.0575317 0.0567681 0.0548993 0.0512866 0.0455451 0.037851 0.0290308
