SBPRF35
12.7214
Curr Bio
715332
B35
888790
F35
0.172206
FOFL
0.145365
OFL
90810.9
Bzero
3.63469e+006
#pred survey bio
 3.6311e+006 3.50066e+006 3.38712e+006 3.2436e+006 3.0537e+006 2.80632e+006 2.56413e+006 2.30533e+006 2.0516e+006 1.81469e+006 1.61455e+006 1.41982e+006 1.28122e+006 1.13249e+006 992237 862220 775322 717702 670568 629055 602927 583637 567246 554082 537733 538389 544917 549917 541438 532935 539787 561057 558347 569170 579203 590586 607532 623290 622354 625376 631694 630301 648694 654841 662234 664575 670747 673832 678812 674588 665168 720815 2.66913e+007 1.63174e+007 1.68729e+007 1.79528e+007 1.93629e+007 2.08764e+007 2.23262e+007 2.36159e+007 2.47063e+007 2.55959e+007 2.63037e+007 2.6857e+007 2.72843e+007 2.76119e+007 2.7862e+007 2.80525e+007 2.81978e+007 2.83087e+007 2.83936e+007 2.8459e+007 2.85094e+007 2.85486e+007 2.85791e+007 2.8603e+007 2.86219e+007 2.86367e+007 2.86485e+007 2.86579e+007 2.86654e+007 2.86713e+007 2.86762e+007 2.868e+007 2.86832e+007 2.86857e+007 2.86878e+007 2.86894e+007 2.86908e+007 2.86919e+007 2.86928e+007 2.86935e+007 2.86941e+007 2.86946e+007 2.8695e+007 2.86953e+007 2.86956e+007 2.86958e+007 2.8696e+007 2.86961e+007 2.86963e+007 2.86963e+007 2.86964e+007 2.86965e+007 2.86965e+007 2.86966e+007 2.86966e+007 2.86967e+007 2.86967e+007 2.86967e+007 2.86967e+007 2.86967e+007 2.86967e+007 2.86967e+007 2.86968e+007 2.86968e+007 2.86968e+007 2.86968e+007 2.86968e+007 2.86968e+007 2.86968e+007 2.86968e+007 2.86968e+007 2.86968e+007 2.86968e+007 2.86968e+007 2.86968e+007 2.86968e+007 2.86968e+007 2.86968e+007 2.86968e+007 2.86968e+007 2.86968e+007 2.86968e+007 2.86968e+007 2.86968e+007 2.86968e+007 2.86968e+007 2.86968e+007 2.86968e+007 2.86968e+007 2.86968e+007 2.86968e+007 2.86968e+007 2.86968e+007 2.86968e+007 2.86968e+007 2.86968e+007 2.86968e+007 2.86968e+007 2.86968e+007 2.86968e+007 0 0 0 0 0 0 0 0 0 0 0 0 0 0 0 0 0 0 0 0 0 0 0 0 0
#obs survey bio
 3.90195e+006 4.26809e+006 2.92826e+006 3.98174e+006 2.831e+006 2.12027e+006 2.37908e+006 2.49435e+006 2.54676e+006 1.94596e+006 1.93436e+006 1.31651e+006 1.49752e+006 963182 903171 757835 677881 1.03558e+006 496786 657424 764407 578995 778241 298601 306837 595942 503540 469557 443015 708450 620958 646688 562230 519925 590036 639665 449140 849475 585136 671064 554630 494412 621367 796034 615572 542693 846686 686691 809942 673381 644405 704873
#pred catch bio
 103183 97092.4 136974 193623 262870 276010 308687 319736 317197 294018 296709 252670 265493 258699 247537 206593 178098 165422 156208 138988 130014 124972 120171 121286 106293 101370 102206 112093 109960 95902.5 84401.5 104445 91996.2 92805 92211.4 88801.4 91158.4 105249 101511 99612.6 107368 92673.4 105490 105620 110884 108556 111922 110585 117864 120886 66973 81537.2 90810.9 108104 110581 116538 125264 134811 143902 151871 158473 163725 167776 170829 173089 174738 175929 176780 177385 177812 178113 178323 178470 178572 178644 178693 178727 178751 178767 178779 178786 178792 178795 178798 178800 178801 178802 178802 178803 178803 178803 178803 178803 178804 178804 178804 178804 178804 178804 178804 178804 178804 178804 178804 178804 178804 178804 178804 178804 178804 178804 178804 178804 178804 178804 178804 178804 178804 178804 178804 178804 178804 178804 178804 178804 178804 178804 178804 178804 178804 178804 178804 178804 178804 178804 178804 178804 178804 178804 178804 178804 178804 178804 178804 178804 178804 178804 178804 178804 178804 178804 178804 0 0 0 0 0 0 0 0 0 0 0 0 0 0 0 0 0 0 0 0 0 0 0 0 0
#obs catch bio
 0 96774.2 136922 193465 263378 276092 309584 321501 319050 294861 296966 253519 265354 260178 250016 209632 179931 166191 157695 139750 130204 125274 119980 122157 107395 101975 102420 112106 110456 95888.3 84158.2 104607 91572.9 92467.2 91809.9 88412.7 91176.1 104810 100548 98949.8 107350 92501.1 106040 105616 111058 108973 112383 111027 118162 121593 66567.3 81615.8
#pred cpue bio
 3.58747e+006 3.45833e+006 3.34458e+006 3.20056e+006 3.01086e+006 2.76396e+006 2.52217e+006 2.26418e+006 2.01162e+006 1.77613e+006 1.5772e+006 1.38366e+006 1.24575e+006 1.09817e+006 959262 830961 745536 689245 643426 603161 577983 559385 543525 530727 514618 515264 521994 527281 519219 511087 517983 539012 536673 547479 557383 568487 584968 600514 599832 602677 608562 606886 624557 630456 637696 639867 645788 648814 653808 649893 640782 695566 2.5804e+007 1.57891e+007 1.62075e+007 1.71524e+007 1.85239e+007 2.003e+007 2.14785e+007 2.27681e+007 2.38584e+007 2.47481e+007 2.54558e+007 2.60091e+007 2.64365e+007 2.67641e+007 2.70141e+007 2.72047e+007 2.73499e+007 2.74608e+007 2.75458e+007 2.76111e+007 2.76616e+007 2.77007e+007 2.77313e+007 2.77552e+007 2.7774e+007 2.77889e+007 2.78007e+007 2.781e+007 2.78175e+007 2.78235e+007 2.78283e+007 2.78322e+007 2.78353e+007 2.78378e+007 2.78399e+007 2.78416e+007 2.78429e+007 2.7844e+007 2.78449e+007 2.78457e+007 2.78463e+007 2.78467e+007 2.78471e+007 2.78475e+007 2.78477e+007 2.7848e+007 2.78481e+007 2.78483e+007 2.78484e+007 2.78485e+007 2.78486e+007 2.78486e+007 2.78487e+007 2.78487e+007 2.78488e+007 2.78488e+007 2.78488e+007 2.78488e+007 2.78489e+007 2.78489e+007 2.78489e+007 2.78489e+007 2.78489e+007 2.78489e+007 2.78489e+007 2.78489e+007 2.78489e+007 2.78489e+007 2.78489e+007 2.78489e+007 2.78489e+007 2.78489e+007 2.78489e+007 2.78489e+007 2.78489e+007 2.78489e+007 2.78489e+007 2.78489e+007 2.78489e+007 2.78489e+007 2.78489e+007 2.78489e+007 2.78489e+007 2.78489e+007 2.78489e+007 2.78489e+007 2.78489e+007 2.78489e+007 2.78489e+007 2.78489e+007 2.78489e+007 2.78489e+007 2.78489e+007 2.78489e+007 2.78489e+007 2.78489e+007 2.78489e+007 2.78489e+007 2.78489e+007 2.78489e+007 0 0 0 0 0 0 0 0 0 0 0 0 0 0 0 0 0 0 0 0 0 0 0 0 0
#obs cpue bio
 3.4778e+006 3.01896e+006 3.91328e+006 3.00353e+006 2.52155e+006 3.25872e+006 2.27911e+006 1.55972e+006 1.56697e+006 1.83273e+006 1.74717e+006 969554 1.58531e+006 846860 817060 564999 846753 594374 615896 603077 545633 518412 487116 605552 553794 546832 680680 768628 470220 477187 461571 496881 687761 641799 629545 539138 522462 784995 981680 478354 512102 664175 457000 693310 636756 579164 504687 560809 638480 677961 751283 685312
#pred surv len freq
 0.00424233 0.00697262 0.0106536 0.0153211 0.0208942 0.0270867 0.0333863 0.039191 0.0440366 0.0477428 0.0503852 0.052164 0.053289 0.0539312 0.0542195 0.0542573 0.0541442 0.0539729 0.0537693 0.0533693 0.0523118 0.049889 0.0454419 0.0387951 0.030533
 0.00456725 0.00741204 0.0111538 0.0157849 0.021218 0.0272129 0.0333377 0.0390583 0.0439242 0.0477093 0.0504187 0.0522069 0.0532908 0.0538913 0.0541938 0.0543268 0.0543623 0.0543199 0.0541376 0.0535934 0.0522368 0.0494448 0.0446825 0.0378761 0.0296401
 0.00465593 0.00761408 0.0115576 0.0164894 0.0222856 0.0286087 0.0348971 0.0405214 0.0450358 0.0483258 0.0505518 0.0519794 0.0528503 0.0533474 0.053611 0.0537502 0.0538335 0.0538626 0.053727 0.0531466 0.0516449 0.0486361 0.0436749 0.036781 0.0286118
 0.00478125 0.00780422 0.011824 0.0168481 0.0227705 0.0292807 0.0358302 0.0417592 0.0465335 0.0499195 0.0519919 0.053023 0.0533571 0.0533194 0.0531592 0.0530262 0.052973 0.052957 0.0528148 0.0522148 0.0506486 0.0475389 0.0424923 0.0355943 0.0275384
 0.00495528 0.00808966 0.0122569 0.0174605 0.0235815 0.0302862 0.0369998 0.0430456 0.0478905 0.0513092 0.0533655 0.0542885 0.05437 0.0539195 0.0532371 0.0525713 0.0520704 0.0517412 0.0514132 0.0507135 0.0490921 0.0459578 0.0409369 0.0341483 0.0262995
 0.00518628 0.0084665 0.0128266 0.0182681 0.0246611 0.0316473 0.0386112 0.0448291 0.0497318 0.0530833 0.0549641 0.055632 0.0553981 0.0545705 0.0534374 0.0522524 0.0512048 0.0503682 0.0496338 0.0486605 0.0469005 0.0437546 0.038846 0.0322905 0.0247752
 0.00538811 0.00880224 0.0133464 0.0190244 0.0256993 0.0329903 0.0402427 0.0466855 0.0517092 0.0550545 0.0567983 0.0572109 0.0566267 0.0553788 0.0537737 0.0520739 0.0504785 0.0490871 0.0478395 0.0464547 0.0444378 0.0412214 0.036435 0.0301723 0.0230688
 0.00558623 0.0091342 0.0138649 0.0197861 0.0267555 0.03437 0.0419351 0.048631 0.0538051 0.0571718 0.0588003 0.0589678 0.0580257 0.0563308 0.0542147 0.051961 0.0497852 0.0478059 0.0459958 0.0441279 0.0417747 0.0384296 0.0337505 0.0278114 0.0211788
 0.00579877 0.00948258 0.0143953 0.0205454 0.0277851 0.0356944 0.0435477 0.0504859 0.0558186 0.0592337 0.0607871 0.060755 0.0594973 0.0573874 0.054777 0.0519708 0.0492039 0.046617 0.0442157 0.0418247 0.0390872 0.0355678 0.030968 0.025349 0.0192048
 0.00606803 0.00991288 0.0150294 0.0214191 0.0289221 0.0370984 0.0451926 0.0523117 0.0577382 0.0611471 0.0625943 0.0623624 0.0608189 0.0583439 0.0552966 0.0519902 0.0486722 0.0455017 0.0425169 0.0395956 0.0364539 0.0327342 0.0281893 0.0228752 0.0172151
 0.00635709 0.0103748 0.0157092 0.0223529 0.0301297 0.0385729 0.0468901 0.0541496 0.0596083 0.0629386 0.0642125 0.063736 0.0618957 0.0590816 0.0556542 0.0519233 0.0481334 0.0444503 0.0409356 0.0375162 0.0339808 0.0300526 0.025541 0.0205038 0.0152999
 0.0066719 0.0108893 0.0164879 0.0234547 0.0315938 0.0403968 0.0490092 0.0564336 0.0618835 0.0650264 0.0659665 0.0650607 0.0627482 0.0594592 0.0555756 0.0514089 0.0471916 0.0430759 0.0391255 0.0352968 0.031439 0.0273507 0.0228997 0.0181505 0.0134039
 0.00688843 0.0112393 0.017012 0.024192 0.0325778 0.0416468 0.0505178 0.0581557 0.0637334 0.0668852 0.067697 0.0665288 0.0638439 0.0601124 0.0557587 0.0511271 0.0464655 0.0419274 0.0375768 0.0333864 0.0292471 0.0250161 0.0206107 0.0161041 0.0117494
 0.00713894 0.011657 0.017659 0.02513 0.0338522 0.0432638 0.0524233 0.0602338 0.0658289 0.068839 0.0693748 0.0678317 0.0647057 0.0604951 0.0556507 0.0505412 0.0454338 0.0404938 0.0357917 0.031313 0.0269762 0.0226794 0.0183745 0.0141369 0.0101756
 0.00733498 0.011993 0.0181967 0.0259387 0.0349943 0.0447707 0.0542711 0.06233 0.0680221 0.0709461 0.0712147 0.0692555 0.0656163 0.0608523 0.0554623 0.0498468 0.0442896 0.0389629 0.0339427 0.0292254 0.0247505 0.020444 0.016278 0.0123214 0.00873998
 0.00753665 0.0123268 0.0187111 0.0266843 0.0360161 0.0460942 0.0558847 0.0641744 0.0699906 0.0728967 0.072989 0.0707003 0.0666061 0.0613077 0.0553589 0.0492102 0.0431807 0.0374618 0.0321386 0.0272147 0.0226428 0.0183647 0.0143608 0.0106858 0.00746235
 0.00762932 0.0124759 0.0189337 0.0269984 0.0364416 0.0466523 0.0565948 0.0650481 0.0710237 0.0740613 0.0742273 0.0719235 0.0677019 0.0621571 0.0558578 0.0492898 0.0428191 0.0366834 0.0310059 0.0258186 0.0210949 0.0167899 0.0128855 0.0094176 0.00646872
 0.00766156 0.0125249 0.0190016 0.0270861 0.0365509 0.0467887 0.0567703 0.0652823 0.071343 0.0744936 0.0747918 0.0726178 0.0684902 0.062966 0.0565852 0.0498246 0.0430668 0.0365883 0.0305629 0.0250733 0.0201342 0.0157274 0.0118408 0.00849413 0.0057335
 0.00770062 0.0125865 0.0190903 0.0272045 0.036698 0.0469591 0.0569544 0.0654688 0.071525 0.0746747 0.074989 0.0728568 0.0687938 0.0633386 0.0570005 0.0502237 0.0433683 0.0367107 0.0304497 0.0247122 0.0195628 0.0150244 0.0111051 0.00781886 0.00518356
 0.00775596 0.0126734 0.0192152 0.0273708 0.0369049 0.0472002 0.0572161 0.0657306 0.0717627 0.0748674 0.0751263 0.0729435 0.0688494 0.0633908 0.0570721 0.0503184 0.0434626 0.0367569 0.0303924 0.0245117 0.0192139 0.0145623 0.0105945 0.00733171 0.00477616
 0.00783931 0.0127862 0.0193435 0.0274884 0.0369822 0.0472173 0.057173 0.0656479 0.0716727 0.0748009 0.0751033 0.07297 0.0689216 0.0635006 0.0572118 0.0504796 0.0436307 0.0369059 0.0304861 0.024514 0.0191053 0.0143509 0.0103165 0.0070382 0.00451408
 0.00788693 0.0128646 0.0194616 0.0276513 0.0371848 0.0474386 0.0573747 0.0657832 0.0717052 0.0747229 0.074942 0.0727761 0.0687474 0.063382 0.0571617 0.0504917 0.0436869 0.0369812 0.0305508 0.0245382 0.0190667 0.0142444 0.0101574 0.00685665 0.00434298
 0.00796952 0.0129857 0.0196198 0.0278375 0.0373861 0.0476425 0.0575711 0.0659613 0.0718485 0.0748086 0.0749477 0.0726922 0.0685864 0.0631774 0.0569558 0.0503198 0.0435665 0.0369099 0.030511 0.024505 0.0190173 0.0141657 0.0100508 0.00673618 0.00422781
 0.00809855 0.0131793 0.0198804 0.0281551 0.0377392 0.0480011 0.0579007 0.0662284 0.0720266 0.0748846 0.0749224 0.0725763 0.068395 0.0629287 0.0566727 0.0500303 0.0432987 0.0366838 0.030333 0.0243675 0.0189045 0.0140628 0.00995009 0.00663905 0.00414124
 0.00812753 0.0132498 0.0200285 0.0284247 0.0381662 0.0485911 0.0586111 0.0669701 0.0726888 0.0753687 0.0751699 0.0725768 0.0681776 0.0625452 0.0561825 0.0494902 0.0427583 0.0361824 0.0298965 0.0240072 0.0186183 0.0138399 0.00977783 0.00650735 0.00404351
 0.00797562 0.0130127 0.0196928 0.0279918 0.0376606 0.0480669 0.058152 0.066673 0.0726312 0.0755752 0.0755976 0.0731322 0.0687525 0.0630522 0.0565728 0.0497533 0.0429097 0.0362505 0.0299115 0.0239939 0.0185929 0.0138103 0.00974695 0.00647669 0.00401509
 0.00787057 0.0128314 0.0194014 0.0275551 0.0370539 0.0472937 0.0572612 0.0657628 0.0718336 0.0750238 0.0753904 0.073302 0.0692576 0.0637903 0.0574144 0.0505791 0.0436374 0.0368415 0.030363 0.0243231 0.0188238 0.0139657 0.00984573 0.00653418 0.00404434
 0.00782734 0.0127568 0.01928 0.0273674 0.0367772 0.0469071 0.0567527 0.0651401 0.0711341 0.0743191 0.0747797 0.0728914 0.0691292 0.0639741 0.0578759 0.0512306 0.0443673 0.037548 0.0309763 0.0248116 0.0191863 0.0142186 0.0100116 0.00663584 0.00410171
 0.00782248 0.0127616 0.0193098 0.0274412 0.0369088 0.0470921 0.056959 0.0653095 0.0711977 0.0742221 0.0745047 0.0724712 0.0686425 0.0635238 0.0575559 0.0510951 0.0444159 0.0377333 0.031229 0.0250674 0.019403 0.0143793 0.0101183 0.00669985 0.00413636
 0.00787179 0.0128266 0.0193806 0.0275021 0.036946 0.0471038 0.0569598 0.0653229 0.0712389 0.0742815 0.0745454 0.072445 0.0685171 0.0633039 0.0572872 0.0508461 0.0442491 0.0376801 0.0312815 0.0251888 0.0195479 0.0145118 0.0102197 0.00676705 0.00417562
 0.00784548 0.0127758 0.0192889 0.027349 0.0367115 0.0467766 0.0565477 0.0648589 0.0707801 0.0738976 0.0742986 0.0723682 0.0686011 0.0635041 0.0575465 0.0511214 0.0445243 0.0379597 0.0315726 0.0254868 0.0198342 0.0147624 0.0104173 0.00690686 0.00426434
 0.00761325 0.0124232 0.0188048 0.0267392 0.035996 0.0459857 0.0557198 0.0640429 0.0700359 0.0732928 0.0738999 0.0722289 0.0687463 0.0639195 0.0581775 0.051887 0.0453396 0.0387572 0.0323096 0.0261405 0.0203916 0.0152151 0.0107623 0.00715013 0.00442122
 0.00767131 0.0124956 0.0188735 0.0267752 0.0359682 0.0458741 0.0555248 0.0637828 0.0697355 0.0729716 0.0735706 0.0719066 0.0684589 0.0637076 0.0580814 0.0519286 0.045512 0.0390277 0.0326341 0.026477 0.0207079 0.0154895 0.0109825 0.00731255 0.0045304
 0.00766858 0.012483 0.0188388 0.0266995 0.0358285 0.0456481 0.0551991 0.0633615 0.0692459 0.0724637 0.0731062 0.0715424 0.068232 0.0636312 0.0581512 0.0521312 0.0458284 0.0394312 0.0330885 0.0269404 0.0211406 0.0158614 0.0112773 0.00752744 0.0046738
 0.00769498 0.0125195 0.0188813 0.0267386 0.0358497 0.0456337 0.0551298 0.0632197 0.0690205 0.0721563 0.072737 0.0711504 0.0678685 0.0633471 0.0579841 0.0520984 0.0459272 0.0396429 0.0333829 0.0272801 0.0214861 0.0161777 0.0115396 0.00772508 0.00480888
 0.00772988 0.0125698 0.0189448 0.0268083 0.035915 0.0456816 0.0551469 0.0631933 0.0689398 0.0720143 0.0725332 0.0708943 0.0675813 0.0630614 0.0577388 0.0519302 0.0458612 0.0396865 0.0335246 0.0274933 0.0217353 0.0164268 0.0117595 0.00789841 0.00493143
 0.00756992 0.0123426 0.0186634 0.0265049 0.0356309 0.0454515 0.0549869 0.0630994 0.0688956 0.0720006 0.0725352 0.0709025 0.0675909 0.0630725 0.057758 0.0519709 0.0459406 0.0398189 0.0337145 0.027731 0.0219985 0.0166868 0.0119898 0.00808167 0.0050624
 0.00742156 0.0121035 0.0183097 0.0260224 0.0350249 0.0447588 0.0542812 0.0624795 0.0684559 0.0717976 0.072569 0.0711252 0.0679329 0.0634685 0.0581626 0.0523615 0.0463125 0.0401779 0.034068 0.0280805 0.0223362 0.0169968 0.0122545 0.00828896 0.00520976
 0.00758706 0.0123322 0.0185784 0.0262824 0.0352135 0.0448192 0.0541819 0.0622251 0.0680864 0.0713785 0.0721734 0.0708128 0.0677331 0.0633769 0.0581516 0.0523979 0.0463726 0.0402523 0.034158 0.0281901 0.0224646 0.0171357 0.0123898 0.00840646 0.00530042
 0.00767452 0.0124823 0.0188162 0.0266285 0.0356701 0.0453529 0.0547152 0.062649 0.0682963 0.0713167 0.0718541 0.0703148 0.0671662 0.0628416 0.0577118 0.0520747 0.0461555 0.0401179 0.0340846 0.0281635 0.0224755 0.0171748 0.0124454 0.00846563 0.00535241
 0.00770114 0.0125271 0.0188875 0.0267374 0.0358306 0.0455799 0.0550169 0.063016 0.0686908 0.0716712 0.0720875 0.0703621 0.067008 0.0625142 0.0572915 0.0516459 0.0457821 0.0398307 0.0338864 0.0280416 0.022413 0.0171555 0.0124543 0.00848916 0.00537948
 0.00783221 0.0127258 0.0191595 0.0270786 0.0362284 0.0460165 0.0554717 0.0634663 0.0691119 0.0720357 0.0723624 0.0705086 0.0669879 0.0623052 0.0569031 0.051125 0.0452008 0.0392639 0.0333907 0.027646 0.0221221 0.0169581 0.0123318 0.00842101 0.00534668
 0.00767925 0.01251 0.0188955 0.0268001 0.0359787 0.0458329 0.0553744 0.063458 0.0691863 0.0721861 0.0725841 0.0707916 0.0673074 0.0626193 0.0571617 0.0512882 0.0452551 0.0392269 0.0333006 0.0275442 0.0220381 0.0169045 0.0123073 0.00841685 0.00535301
 0.00764184 0.0124439 0.0187881 0.0266412 0.0357688 0.0455922 0.0551463 0.0632993 0.0691455 0.0722818 0.072797 0.0710767 0.0676148 0.0629085 0.0574041 0.0514635 0.0453502 0.03924 0.0332457 0.0274485 0.0219327 0.0168135 0.0122425 0.00837858 0.00533471
 0.00766734 0.012474 0.018812 0.0266407 0.0357219 0.0454806 0.054964 0.0630599 0.0688839 0.0720492 0.0726466 0.0710452 0.0677087 0.0631026 0.0576531 0.0517178 0.0455693 0.0393988 0.0333361 0.0274784 0.021921 0.0167825 0.0122102 0.0083547 0.00532124
 0.00767378 0.0124953 0.0188629 0.0267386 0.0358786 0.0456908 0.0551984 0.0632687 0.069014 0.0720656 0.0725487 0.0708671 0.0675049 0.0629256 0.057535 0.0516624 0.0455573 0.0394014 0.0333285 0.0274481 0.0218692 0.01672 0.0121501 0.00830649 0.00528836
 0.00761636 0.0124092 0.0187478 0.0266015 0.0357348 0.0455636 0.0551153 0.0632532 0.0690745 0.0721872 0.0726954 0.0709969 0.0675892 0.0629618 0.057543 0.05167 0.0455834 0.0394476 0.0333827 0.027494 0.021896 0.0167264 0.0121422 0.0082927 0.00527533
 0.00756265 0.0123273 0.0186349 0.0264594 0.0355702 0.0453887 0.0549477 0.063116 0.068992 0.0721783 0.0727651 0.0711315 0.0677591 0.0631319 0.0576867 0.051778 0.0456624 0.0395108 0.0334393 0.027545 0.021937 0.0167532 0.0121549 0.00829518 0.00527272
 0.007458 0.0121683 0.0184168 0.0261857 0.035253 0.0450469 0.0546069 0.0628067 0.0687469 0.0720263 0.0727258 0.0712104 0.0679453 0.0633991 0.0579984 0.0520965 0.0459585 0.039769 0.0336556 0.0277216 0.0220767 0.0168583 0.0122282 0.00834178 0.00529945
 0.00747744 0.0121872 0.0184221 0.0261584 0.0351744 0.0449077 0.0544141 0.0625835 0.0685248 0.0718349 0.0725861 0.0711338 0.0679357 0.0634548 0.058111 0.0522505 0.0461332 0.0399434 0.0338138 0.0278545 0.0221819 0.0169368 0.012283 0.00837708 0.00532004
 0.00756812 0.0123259 0.0186134 0.026398 0.0354465 0.0451843 0.0546561 0.0627479 0.0685774 0.0717635 0.0724059 0.0708819 0.0676574 0.0631904 0.0578882 0.0520828 0.0460214 0.0398785 0.0337821 0.0278422 0.0221783 0.0169357 0.0122817 0.00837497 0.0053175
 0.00716684 0.0117011 0.0177262 0.0252358 0.0340305 0.0435776 0.0529708 0.0611394 0.0672192 0.0708082 0.0719512 0.0709546 0.0682182 0.0641504 0.0591307 0.0534837 0.047466 0.0412722 0.0350538 0.0289444 0.0230855 0.0176422 0.0127994 0.00872942 0.00554246
#obs surv len freq
 nan nan nan nan nan nan nan nan nan nan nan nan nan nan nan nan nan nan nan nan nan nan nan nan nan
 0.00448497 0.00734641 0.0111764 0.0159926 0.0216931 0.0279682 0.0342818 0.0400127 0.044692 0.0481558 0.0505137 0.0520097 0.0529021 0.0534147 0.0537291 0.0539842 0.0542628 0.0545556 0.0546944 0.0542863 0.0527244 0.0493565 0.0438062 0.0362863 0.0276699
 0.00462273 0.00757147 0.0115168 0.016474 0.0223323 0.0287639 0.0352044 0.0410023 0.0456665 0.0490272 0.051205 0.052466 0.0530961 0.0533463 0.0534211 0.0534743 0.053595 0.0537729 0.0538361 0.0533896 0.0518284 0.048505 0.0430444 0.0356526 0.0271856
 0.00477685 0.00782646 0.0119088 0.0170394 0.0231005 0.0297449 0.0363771 0.0423082 0.0470166 0.0503168 0.0523296 0.0533347 0.0536405 0.0535273 0.0532318 0.0529376 0.0527569 0.0526934 0.0525818 0.0520313 0.0504415 0.0471702 0.0418421 0.0346488 0.026417
 0.00496863 0.00813713 0.0123746 0.0176944 0.0239709 0.0308408 0.0376816 0.043772 0.048561 0.0518442 0.0537359 0.0545178 0.0545089 0.0540078 0.0532772 0.0525326 0.0519197 0.0514737 0.0510557 0.0502964 0.0486133 0.0453756 0.0402062 0.0332738 0.0253601
 0.005183 0.00848912 0.0129106 0.0184592 0.0249984 0.0321398 0.039222 0.0454815 0.0503376 0.0535768 0.0553208 0.0558652 0.0555402 0.0546529 0.0534762 0.0522423 0.051123 0.0501885 0.0493414 0.0482561 0.0463908 0.0431428 0.0381391 0.0315191 0.0240033
 0.00540087 0.00884782 0.013459 0.0192462 0.0260642 0.0335009 0.0408558 0.0473198 0.0522747 0.0554891 0.0570869 0.0573791 0.056716 0.0554234 0.0537874 0.0520504 0.0503974 0.048922 0.0475668 0.0460615 0.0439256 0.0406067 0.03575 0.029466 0.0224025
 0.00562845 0.00921983 0.014023 0.0200484 0.0271418 0.0348693 0.0424946 0.0491664 0.0542318 0.0574411 0.0589166 0.0589782 0.0579909 0.0562968 0.0541984 0.0519514 0.049753 0.0477148 0.0458125 0.0438304 0.0413586 0.0379116 0.0331687 0.0272193 0.0206341
 0.00588169 0.00963325 0.0146483 0.0209346 0.0283257 0.0363604 0.0442604 0.0511277 0.056275 0.0594409 0.0607562 0.0605588 0.0592325 0.0571347 0.0545791 0.05183 0.0490929 0.0464933 0.0440355 0.0415552 0.0387151 0.0351055 0.030452 0.0248317 0.0187396
 0.00611705 0.0100209 0.0152412 0.0217851 0.0294755 0.0378243 0.0460094 0.0530834 0.0583208 0.0614451 0.0625942 0.0621266 0.0604503 0.0579441 0.0549372 0.0517025 0.04845 0.045313 0.0423181 0.0393466 0.0361316 0.0323409 0.027753 0.0224407 0.0168286
 0.00637042 0.010433 0.0158616 0.0226607 0.0306415 0.0392909 0.0477472 0.0550173 0.0603389 0.0634185 0.0643977 0.0636525 0.0616148 0.0586886 0.0552243 0.0515089 0.0477597 0.0441157 0.040619 0.0371885 0.0336195 0.0296536 0.0251232 0.0201023 0.0149517
 0.00660143 0.0108163 0.0164528 0.0235151 0.0318024 0.0407707 0.0495091 0.056971 0.0623564 0.0653613 0.0661405 0.0650958 0.0626858 0.059338 0.0554222 0.0512393 0.0470156 0.0428975 0.0389411 0.0350961 0.0312111 0.0270929 0.0226234 0.0178794 0.0131648
 0.00683955 0.0112021 0.0170311 0.0243278 0.0328816 0.0421269 0.0511178 0.0587656 0.0642331 0.0671953 0.067806 0.0664823 0.0637088 0.059943 0.0555813 0.0509444 0.0462697 0.0417115 0.0373379 0.033125 0.0289663 0.0247234 0.0203204 0.0158359 0.0115231
 0.00705064 0.0115538 0.0175756 0.0251174 0.0339562 0.0434951 0.0527399 0.060551 0.0660572 0.0689277 0.0693331 0.0677163 0.0645869 0.0604237 0.0556421 0.0505792 0.0454858 0.0405268 0.0357835 0.0312548 0.0268711 0.022539 0.0182159 0.0139797 0.0100375
 0.00726407 0.0119032 0.0181063 0.0258733 0.0349714 0.0447804 0.0542675 0.0622472 0.06781 0.070606 0.0708099 0.0688874 0.0653814 0.0608052 0.0556032 0.0501316 0.0446518 0.0393352 0.034273 0.0294825 0.0249243 0.0205405 0.0163135 0.0123166 0.00871478
 0.00741739 0.0121554 0.0184912 0.0264249 0.0357177 0.0457334 0.055413 0.0635399 0.0691783 0.0719631 0.0720652 0.0699541 0.0661835 0.0612844 0.0557239 0.0498822 0.0440416 0.03839 0.0330323 0.0280041 0.0232907 0.0188618 0.0147175 0.0109243 0.00760992
 0.0075296 0.0123372 0.0187642 0.0268095 0.0362305 0.0463825 0.0561923 0.0644259 0.0701319 0.0729352 0.0730016 0.0707993 0.0668819 0.0617826 0.0559751 0.0498516 0.043711 0.0377613 0.0321295 0.0268748 0.0220087 0.0175249 0.0134368 0.00980314 0.00671894
 0.00758828 0.0124303 0.0189004 0.0269964 0.0364747 0.0466894 0.0565649 0.0648638 0.0706302 0.073484 0.0735847 0.071392 0.06745 0.0622825 0.0563567 0.0500643 0.0437115 0.0375217 0.031645 0.0261695 0.0211372 0.0165688 0.0124922 0.00896021 0.00604115
 0.00764086 0.0125095 0.0190081 0.0271304 0.0366304 0.0468621 0.0567517 0.0650644 0.0708479 0.0737249 0.0738558 0.0716971 0.0677845 0.062629 0.0566835 0.0503278 0.0438628 0.037516 0.0314533 0.0257887 0.0205961 0.015926 0.0118252 0.00834633 0.00553761
 0.00771726 0.0126247 0.0191644 0.0273235 0.0368495 0.0470919 0.0569744 0.0652627 0.0710088 0.0738449 0.073943 0.0717688 0.0678603 0.0627226 0.056796 0.0504434 0.0439502 0.0375355 0.0313671 0.0255745 0.0202573 0.0154954 0.0113573 0.00790175 0.00516484
 0.00776053 0.0126936 0.0192648 0.027459 0.0370192 0.0472885 0.0571824 0.0654604 0.0711735 0.0739604 0.0740049 0.0717857 0.0678501 0.0627066 0.0567909 0.0504553 0.0439707 0.0375418 0.0313287 0.025464 0.0200629 0.0152281 0.0110497 0.00759692 0.00490124
 0.0078063 0.0127629 0.0193599 0.0275785 0.0371595 0.047444 0.0573464 0.0656237 0.0713248 0.0740862 0.0740928 0.071828 0.0678471 0.0626674 0.0567309 0.0503908 0.0439112 0.0374859 0.0312635 0.0253708 0.0199272 0.0150487 0.0108417 0.00738654 0.00471542
 0.00782476 0.0127912 0.0193991 0.0276284 0.0372182 0.0475086 0.057413 0.0656886 0.0713851 0.0741411 0.0741426 0.071872 0.067883 0.0626914 0.0567408 0.0503874 0.043898 0.0374652 0.031233 0.0253231 0.0198538 0.0149462 0.0107167 0.00725451 0.00459442
 0.00789023 0.0128874 0.0195249 0.0277759 0.0373748 0.0476604 0.0575477 0.0657966 0.07146 0.07418 0.0741465 0.0718461 0.0678342 0.0626272 0.0566671 0.0503084 0.0438165 0.0373831 0.0311507 0.0252387 0.0197636 0.0148484 0.0106135 0.00715324 0.00450469
 0.007905 0.0129159 0.0195754 0.0278574 0.0374929 0.0478122 0.0577181 0.0659611 0.0715922 0.0742613 0.074172 0.071823 0.067777 0.0625503 0.0565818 0.0502217 0.0437319 0.0373019 0.0310724 0.0251619 0.0196868 0.0147705 0.010536 0.00708012 0.00444126
 0.00788619 0.0128837 0.0195248 0.0277845 0.0373983 0.0477042 0.0576141 0.0658838 0.0715609 0.0742834 0.0742397 0.0719183 0.0678799 0.0626469 0.0566655 0.0502913 0.0437882 0.0373454 0.0311027 0.0251781 0.0196883 0.0147581 0.0105125 0.00705033 0.00441083
 0.00787303 0.0128571 0.019475 0.0276997 0.0372679 0.0475243 0.0573929 0.0656435 0.0713347 0.0741073 0.074143 0.0719152 0.0679658 0.0628012 0.0568595 0.0504974 0.0439854 0.0375206 0.0312492 0.0252932 0.0197717 0.0148119 0.0105412 0.00706019 0.00440907
 0.00788782 0.0128754 0.0194918 0.0277058 0.0372512 0.0474724 0.0572969 0.065501 0.0711527 0.073904 0.0739461 0.0717565 0.067873 0.0627891 0.0569261 0.0506251 0.0441486 0.0376932 0.0314107 0.0254304 0.0198786 0.0148878 0.0105892 0.00708628 0.00442006
 0.00790113 0.0128968 0.019523 0.0277471 0.0373001 0.0475221 0.0573353 0.0655123 0.0711221 0.0738233 0.0738184 0.071598 0.0677095 0.0626501 0.056836 0.0505966 0.0441795 0.0377689 0.0315101 0.0255332 0.0199694 0.0149585 0.0106379 0.00711566 0.00443513
 0.00787647 0.0128592 0.0194712 0.0276823 0.0372257 0.0474436 0.0572601 0.0654474 0.0710717 0.0737867 0.0737903 0.071571 0.0676799 0.0626211 0.0568178 0.0506026 0.0442195 0.0378443 0.0316128 0.0256479 0.0200801 0.0150524 0.0107089 0.0071634 0.00446368
 0.00783959 0.012794 0.0193641 0.0275188 0.0369963 0.0471512 0.0569252 0.0651083 0.0707745 0.0735717 0.0736808 0.0715693 0.0677704 0.0627783 0.057016 0.0508217 0.0444478 0.0380753 0.0318406 0.0258642 0.0202742 0.0152146 0.0108334 0.00725065 0.00451905
 0.00781133 0.0127481 0.0192946 0.0274194 0.0368601 0.0469721 0.0567011 0.0648444 0.0704875 0.0732907 0.0734423 0.0714086 0.067711 0.0628249 0.0571547 0.051027 0.0446915 0.0383332 0.032095 0.0261022 0.0204856 0.0153914 0.0109711 0.00734919 0.00458335
 0.00778632 0.0127049 0.019225 0.0273146 0.0367132 0.0467811 0.0564719 0.0645906 0.0702276 0.0730437 0.0732267 0.0712425 0.0676126 0.0628095 0.0572294 0.0511864 0.0449175 0.0385998 0.0323748 0.0263716 0.0207271 0.0155935 0.0111286 0.00746266 0.00465824
 0.00775471 0.0126542 0.0191498 0.0272102 0.0365758 0.0466095 0.0562688 0.0643644 0.069992 0.0728161 0.0730258 0.0710853 0.0675127 0.0627772 0.0572706 0.0513018 0.0451004 0.038835 0.0326399 0.0266415 0.0209784 0.0158092 0.0112991 0.00758679 0.00474093
 0.00775236 0.0126446 0.0191248 0.0271588 0.0364873 0.0464778 0.0560963 0.0641621 0.0697769 0.0726064 0.0728371 0.0709305 0.0674023 0.0627194 0.0572717 0.0513649 0.045224 0.0390114 0.0328545 0.0268741 0.0212068 0.0160135 0.011466 0.0077111 0.00482518
 0.00771094 0.0125835 0.0190442 0.0270618 0.036378 0.0463583 0.0559655 0.0640177 0.0696191 0.0724416 0.0726784 0.0707945 0.0673043 0.0626704 0.0572772 0.0514259 0.0453379 0.0391718 0.0330505 0.02709 0.0214236 0.0162123 0.0116323 0.00783759 0.00491241
 0.00766729 0.0125121 0.0189364 0.026911 0.0361823 0.0461247 0.0557119 0.0637702 0.0694043 0.0722778 0.0725718 0.0707415 0.0672983 0.0627065 0.057354 0.0515431 0.0454938 0.0393618 0.033266 0.0273182 0.0216487 0.016418 0.0118051 0.00797022 0.00500483
 0.00766713 0.0125082 0.0189238 0.026882 0.0361284 0.0460384 0.0555899 0.0636161 0.0692295 0.0720999 0.0724106 0.0706141 0.0672147 0.0626693 0.0573605 0.0515894 0.0455765 0.0394777 0.0334098 0.0274813 0.0218185 0.0165802 0.0119466 0.00808234 0.00508515
 0.00765303 0.0124874 0.0188962 0.0268482 0.0360886 0.0459913 0.0555319 0.0635423 0.0691361 0.0719878 0.0722869 0.0704918 0.0671096 0.0625958 0.0573277 0.0516 0.045628 0.0395645 0.0335249 0.0276158 0.0219616 0.0167195 0.0120705 0.00818233 0.00515807
 0.00759011 0.0123938 0.0187715 0.0266982 0.0359241 0.0458253 0.0553778 0.0634113 0.0690359 0.0719205 0.0722493 0.0704779 0.0671148 0.0626192 0.057372 0.0516691 0.0457243 0.0396865 0.0336674 0.0277705 0.0221182 0.0168668 0.0121986 0.00828449 0.00523217
 0.00758744 0.0123809 0.0187369 0.0266273 0.0358046 0.0456552 0.0551703 0.0631942 0.068842 0.0717765 0.0721675 0.0704555 0.0671391 0.0626749 0.0574477 0.0517588 0.0458267 0.0398025 0.0337962 0.0279083 0.0222576 0.0169988 0.0123141 0.00837717 0.00529986
 0.00756925 0.012356 0.0187075 0.0265965 0.0357735 0.0456192 0.0551184 0.0631134 0.0687258 0.071632 0.072016 0.0703248 0.0670522 0.0626419 0.0574651 0.0518154 0.0459102 0.0399034 0.0339086 0.0280273 0.0223777 0.0171127 0.0124146 0.00845863 0.00535991
 0.00755038 0.0123257 0.018663 0.0265365 0.0356991 0.0455353 0.0550331 0.0630354 0.0686601 0.0715767 0.071965 0.0702731 0.0670022 0.062604 0.057452 0.0518356 0.0459641 0.039985 0.0340086 0.0281366 0.0224882 0.017217 0.0125061 0.00853258 0.0054145
 0.00753106 0.0122956 0.0186199 0.0264793 0.0356279 0.0454516 0.0549408 0.0629412 0.0685725 0.0715046 0.0719139 0.0702441 0.0669916 0.062607 0.0574667 0.051864 0.0460104 0.0400514 0.0340934 0.0282337 0.0225892 0.0173135 0.0125909 0.00860101 0.00546489
 0.00750849 0.0122583 0.0185629 0.0263982 0.03552 0.0453187 0.0547904 0.0627863 0.0684293 0.0713882 0.0718354 0.0702084 0.066998 0.0626499 0.0575377 0.0519545 0.0461139 0.040164 0.0342124 0.0283555 0.0227082 0.017423 0.0126847 0.00867512 0.00551847
 0.00749815 0.0122422 0.01854 0.0263672 0.0354799 0.0452676 0.0547265 0.0627089 0.0683404 0.0712935 0.0717441 0.0701316 0.0669454 0.0626278 0.0575473 0.0519928 0.0461753 0.0402421 0.0343012 0.0284498 0.0228027 0.0175118 0.0127622 0.00873747 0.00556421
 0.00749193 0.0122325 0.0185261 0.026349 0.0354573 0.0452409 0.0546961 0.0626747 0.068302 0.07125 0.071695 0.0700786 0.0668932 0.0625836 0.057519 0.0519862 0.0461924 0.0402812 0.0343577 0.0285175 0.0228751 0.0175825 0.0128255 0.00878931 0.00560281
 0.00752319 0.0122809 0.0185943 0.0264373 0.0355632 0.0453585 0.0548157 0.0627836 0.0683858 0.0712966 0.0716968 0.0700339 0.0668069 0.0624661 0.0573847 0.0518509 0.0460706 0.0401832 0.0342884 0.0284767 0.0228585 0.0175836 0.0128372 0.00880513 0.00561799
 0.00749211 0.012237 0.0185406 0.0263808 0.0355135 0.0453243 0.0548025 0.0627926 0.0684144 0.0713391 0.0717458 0.0700812 0.0668444 0.062488 0.0573889 0.0518401 0.0460513 0.0401639 0.0342767 0.0284768 0.0228707 0.0176048 0.0128625 0.0088297 0.0056384
 0.0074865 0.0122257 0.0185196 0.0263464 0.0354638 0.0452626 0.0547383 0.06274 0.0683872 0.0713449 0.0717828 0.0701392 0.0669096 0.0625472 0.057433 0.0518653 0.0460589 0.0401592 0.0342672 0.0284695 0.0228701 0.0176118 0.012875 0.00884428 0.00565188
 0.0074865 0.0122257 0.0185196 0.0263464 0.0354638 0.0452626 0.0547383 0.06274 0.0683872 0.0713449 0.0717828 0.0701392 0.0669096 0.0625472 0.057433 0.0518653 0.0460589 0.0401592 0.0342672 0.0284695 0.0228701 0.0176118 0.012875 0.00884428 0.00565188
 0.00712493 0.0116513 0.0176828 0.0252166 0.0340433 0.0436043 0.0529598 0.0610193 0.0669303 0.070335 0.0713355 0.0702808 0.0675822 0.0636324 0.0587834 0.0533345 0.0475237 0.0415299 0.0354872 0.0295098 0.023721 0.0182772 0.0133691 0.00918934 0.00587629
#pred catch len freq
 0.00314878 0.00511077 0.00771044 0.0109924 0.0149992 0.0197249 0.0250543 0.0307503 0.0365003 0.0419788 0.0468953 0.0510317 0.0542731 0.0566158 0.0581467 0.0590157 0.0594118 0.059527 0.0594674 0.0591081 0.0579756 0.0553069 0.0503831 0.0430158 0.0338556
 0.00340009 0.00545389 0.00810825 0.011376 0.015295 0.0198928 0.0251112 0.0307593 0.0365288 0.042055 0.0469934 0.0510972 0.054269 0.0565583 0.0581074 0.0590867 0.0596515 0.0599116 0.0598761 0.0593571 0.0578928 0.0548147 0.0495414 0.041997 0.0328656
 0.00349298 0.0056399 0.00844751 0.0119319 0.0161021 0.0209168 0.0262296 0.0317885 0.0372969 0.0424753 0.0470891 0.0509619 0.0540018 0.0562239 0.0577422 0.0587256 0.0593378 0.059673 0.0596863 0.0591231 0.0574901 0.0541565 0.0486384 0.0409632 0.0318657
 0.00362742 0.00584556 0.00873832 0.0123261 0.0166342 0.0216451 0.0272217 0.033079 0.0388319 0.0440861 0.0485271 0.0519905 0.0544889 0.0561776 0.057276 0.0579911 0.0584697 0.0587621 0.0587696 0.0581836 0.0564754 0.0530234 0.0474005 0.0397077 0.0307215
 0.00381294 0.00614163 0.00917304 0.0129209 0.0174003 0.0225803 0.0283115 0.0343039 0.0401757 0.0455294 0.0500195 0.053418 0.0556728 0.0569245 0.0574547 0.0575848 0.0575708 0.0575183 0.0573209 0.0566233 0.0548502 0.0513637 0.0457581 0.0381719 0.029399
 0.00403108 0.00649096 0.00969001 0.0136387 0.018346 0.0237683 0.0297326 0.0359157 0.0419026 0.0472748 0.0516842 0.054911 0.0569079 0.0578063 0.0578754 0.0574484 0.0568337 0.0562175 0.0555657 0.0545591 0.0526233 0.0491091 0.0436056 0.036249 0.0278129
 0.00424657 0.00683915 0.0102113 0.0143725 0.0193274 0.0250212 0.0312578 0.0376809 0.0438381 0.0492771 0.0536268 0.0566615 0.0583446 0.0588297 0.0584065 0.0574223 0.0562016 0.0549648 0.0537354 0.0522628 0.0500311 0.0464254 0.0410405 0.0339882 0.0259869
 0.00445847 0.00718356 0.0107309 0.0151108 0.0203254 0.0263092 0.0328437 0.0395379 0.0458998 0.0514399 0.0557591 0.0586177 0.059983 0.0600273 0.0590687 0.0574822 0.0556164 0.0537181 0.0518517 0.0498286 0.0472088 0.0434439 0.0381601 0.031447 0.0239479
 0.00468228 0.00754207 0.0112622 0.0158512 0.0213087 0.0275623 0.0343773 0.0413358 0.0479105 0.0535753 0.0578995 0.0606233 0.0617096 0.0613422 0.0598615 0.0576694 0.055142 0.0525558 0.0500156 0.0473933 0.0443285 0.0403525 0.0351396 0.0287657 0.0217939
 0.00494176 0.00795106 0.0118551 0.016655 0.0223431 0.0288384 0.0358918 0.0430638 0.0498014 0.0555535 0.0598686 0.0624722 0.0633204 0.062599 0.0606578 0.0579139 0.0547633 0.0515091 0.0482968 0.0450602 0.0415218 0.0373003 0.0321271 0.0260726 0.019622
 0.00525376 0.00844074 0.01256 0.0176003 0.0235401 0.0302815 0.0375529 0.0448877 0.0517088 0.0574512 0.0616615 0.0640715 0.0646462 0.0635793 0.0612252 0.0580028 0.0543108 0.0504638 0.046637 0.0428213 0.0388221 0.0343491 0.0291981 0.0234416 0.0174926
 0.00553711 0.00889723 0.0132398 0.0185489 0.0247915 0.0318464 0.0394043 0.0469512 0.0538672 0.0595623 0.0635815 0.0656766 0.0658476 0.064326 0.0614954 0.057787 0.0535972 0.0492348 0.0448833 0.0405707 0.0361722 0.0314831 0.0263651 0.0208991 0.0154343
 0.00581536 0.00933544 0.0138746 0.0194094 0.0258996 0.0332154 0.0410299 0.0487994 0.0558646 0.0615948 0.0655059 0.0673421 0.0671225 0.0651194 0.0617645 0.0575282 0.0528271 0.0479747 0.0431568 0.0384216 0.0336924 0.0288325 0.0237604 0.0185668 0.0135468
 0.00611615 0.00981974 0.0145948 0.020411 0.0272136 0.0348448 0.042936 0.0508964 0.0580288 0.0636857 0.0673847 0.0688849 0.0682275 0.0657138 0.0618103 0.0570234 0.0517991 0.0464689 0.0412299 0.0361461 0.0311733 0.0262215 0.0212494 0.0163505 0.0117695
 0.00637518 0.0102425 0.0152352 0.0213234 0.0284451 0.0364216 0.0448443 0.0530666 0.0603335 0.0659536 0.0694275 0.0705302 0.0693471 0.0662382 0.0617264 0.0563596 0.050609 0.0448196 0.0391983 0.0338238 0.0286772 0.0237005 0.0188758 0.0142894 0.0101364
 0.00655517 0.0105374 0.0156851 0.0219718 0.0293369 0.0375951 0.0463176 0.0548218 0.0623042 0.0680204 0.0714273 0.0722787 0.0706724 0.0670133 0.061888 0.0559091 0.0495974 0.0433285 0.0373257 0.0316804 0.0263903 0.021417 0.0167525 0.0124671 0.00870676
 0.00662391 0.0106486 0.0158532 0.0222145 0.029678 0.038066 0.0469554 0.0556609 0.063363 0.0692856 0.0728416 0.0737379 0.0720358 0.068127 0.0626143 0.0561529 0.0493215 0.042554 0.0361218 0.0301516 0.024667 0.0196459 0.015082 0.0110246 0.00757302
 0.00665898 0.0107019 0.0159269 0.0223098 0.029797 0.0382156 0.0471499 0.055924 0.0637265 0.0697828 0.0734958 0.0745471 0.0729585 0.0690775 0.0634727 0.0567885 0.0496228 0.0424545 0.0356145 0.0292891 0.0235508 0.0184088 0.0138642 0.00994722 0.00671481
 0.00670445 0.0107723 0.0160264 0.0224394 0.0299542 0.0383947 0.0473425 0.0561216 0.0639255 0.0699901 0.0737313 0.0748382 0.0733285 0.0695287 0.0639727 0.0572674 0.0499856 0.0426059 0.0354886 0.0288717 0.0228861 0.0175889 0.0130052 0.00915816 0.00607193
 0.00672508 0.0108058 0.0160766 0.0225104 0.0300497 0.0385171 0.0474912 0.0562918 0.0641076 0.0701726 0.0739048 0.0750018 0.0734921 0.0697096 0.064184 0.0575029 0.0502103 0.0427602 0.0355061 0.0287058 0.0225318 0.017089 0.0124371 0.00860836 0.00560828
 0.00678544 0.0108859 0.0161645 0.0225845 0.0300865 0.038502 0.0474271 0.0561997 0.064019 0.0701173 0.0739023 0.075058 0.0736025 0.0698651 0.064375 0.0577187 0.0504327 0.0429576 0.0356354 0.0287245 0.0224167 0.0168502 0.0121176 0.00826838 0.00530353
 0.00682652 0.0109524 0.0162625 0.0227162 0.0302454 0.0386687 0.0475691 0.0562797 0.0640102 0.070019 0.0737437 0.0748872 0.073467 0.0697955 0.0643796 0.0577878 0.0505449 0.0430843 0.0357425 0.0287777 0.0223907 0.0167395 0.0119408 0.00806201 0.0051069
 0.00689803 0.0110571 0.0163991 0.0228772 0.0304203 0.0388484 0.0477468 0.0564471 0.0641517 0.0701103 0.0737595 0.0748148 0.0733176 0.0696032 0.0641889 0.0576354 0.0504485 0.0430394 0.0357281 0.0287647 0.0223527 0.0166618 0.0118261 0.00792743 0.0049759
 0.00704006 0.0112696 0.016684 0.0232228 0.030803 0.0392367 0.0481061 0.0567443 0.0643603 0.0702153 0.0737577 0.074712 0.0731245 0.0693369 0.0638749 0.0573074 0.0501413 0.0427783 0.0355216 0.0286047 0.0222212 0.0165415 0.0117081 0.00781345 0.00487422
 0.00701625 0.0112549 0.0167057 0.0233197 0.0310135 0.0395803 0.0485686 0.0572747 0.0648843 0.0706568 0.0740584 0.0748424 0.0730844 0.069149 0.0635761 0.056941 0.0497507 0.042402 0.0351874 0.028326 0.0219974 0.0163634 0.0115649 0.00769809 0.00478384
 0.00684779 0.010996 0.0163466 0.0228678 0.0304992 0.0390611 0.048126 0.0569997 0.0648479 0.0708799 0.0744991 0.0754099 0.0736728 0.0696704 0.063979 0.0572117 0.0499032 0.0424653 0.0351937 0.0283022 0.0219616 0.0163243 0.0115256 0.00765997 0.00474907
 0.00673805 0.0108126 0.0160617 0.0224536 0.0299359 0.0383499 0.0473039 0.0561464 0.0640792 0.0703236 0.0742606 0.075538 0.0741409 0.0703837 0.0648072 0.0580297 0.0506226 0.0430442 0.0356288 0.0286129 0.0221742 0.0164634 0.0116109 0.00770709 0.00477075
 0.00673503 0.0108002 0.0160277 0.0223779 0.0297903 0.0381011 0.0469214 0.0556157 0.0634178 0.0695938 0.0735672 0.0750062 0.0738789 0.0704453 0.0651724 0.0586142 0.0513094 0.0437223 0.0362206 0.0290822 0.0225187 0.0166999 0.0117631 0.00779814 0.00482058
 0.00673087 0.0108035 0.0160501 0.0224341 0.0298904 0.0382403 0.0470715 0.0557253 0.0634249 0.0694469 0.0732487 0.074548 0.0733618 0.0699783 0.0648571 0.0585092 0.0514123 0.0439776 0.0365476 0.0294063 0.0227912 0.0169019 0.0118977 0.00787944 0.00486504
 0.00671271 0.0107684 0.0159886 0.0223374 0.0297573 0.0380842 0.0469224 0.0556207 0.0633903 0.0694773 0.0733044 0.0745723 0.0733107 0.0698468 0.0646855 0.0583646 0.0513574 0.0440418 0.0367177 0.0296376 0.0230309 0.0171093 0.0120532 0.00798259 0.0049261
 0.00662047 0.01062 0.0157679 0.0220304 0.029355 0.0375881 0.0463524 0.0550213 0.0628298 0.0690353 0.0730495 0.0745371 0.0734786 0.0701599 0.0650719 0.0587696 0.0517583 0.0444411 0.0371217 0.0300396 0.0234084 0.0174349 0.0123076 0.00816165 0.0050395
