SBPRF35
12.7214
Curr Bio
793096
B35
882598
F35
0.172541
FOFL
0.1604
OFL
108026
Bzero
3.63469e+006
#pred survey bio
 3.01739e+006 2.72713e+006 2.48594e+006 2.23971e+006 2.02196e+006 1.81986e+006 1.60956e+006 1.39481e+006 1.2215e+006 1.07475e+006 965059 875484 775314 705210 654205 616031 591084 563963 543612 533982 526821 519002 512615 512995 513342 519592 528481 535532 547821 555184 569405 583270 603088 616244 629202 632886 643523 652322 668718 691103 698062 697003 708788 723944 738517 752200 762220 797809 2.89901e+007 1.79529e+007 1.86819e+007 1.97518e+007 2.1012e+007 2.22984e+007 2.34969e+007 2.4546e+007 2.54246e+007 2.61378e+007 2.67041e+007 2.71467e+007 2.74893e+007 2.77527e+007 2.79546e+007 2.81093e+007 2.82278e+007 2.83188e+007 2.8389e+007 2.84433e+007 2.84855e+007 2.85185e+007 2.85443e+007 2.85646e+007 2.85807e+007 2.85935e+007 2.86036e+007 2.86117e+007 2.86182e+007 2.86235e+007 2.86277e+007 2.86311e+007 2.86338e+007 2.8636e+007 2.86379e+007 2.86393e+007 2.86405e+007 2.86415e+007 2.86423e+007 2.86429e+007 2.86435e+007 2.86439e+007 2.86443e+007 2.86445e+007 2.86448e+007 2.8645e+007 2.86451e+007 2.86453e+007 2.86454e+007 2.86455e+007 2.86455e+007 2.86456e+007 2.86456e+007 2.86457e+007 2.86457e+007 2.86457e+007 2.86457e+007 2.86458e+007 2.86458e+007 2.86458e+007 2.86458e+007 2.86458e+007 2.86458e+007 2.86458e+007 2.86458e+007 2.86458e+007 2.86458e+007 2.86458e+007 2.86458e+007 2.86458e+007 2.86458e+007 2.86458e+007 2.86458e+007 2.86458e+007 2.86458e+007 2.86458e+007 2.86458e+007 2.86458e+007 2.86458e+007 2.86458e+007 2.86458e+007 2.86458e+007 2.86458e+007 2.86458e+007 2.86458e+007 2.86458e+007 2.86458e+007 2.86458e+007 2.86458e+007 2.86458e+007 2.86458e+007 2.86458e+007 2.86458e+007 2.86458e+007 2.86458e+007 2.86458e+007 2.86458e+007 2.86458e+007 2.86458e+007 2.86458e+007 0 0 0 0 0 0 0 0 0 0 0 0 0 0 0 0 0 0 0 0 0 0 0 0 0
#obs survey bio
 2.92559e+006 2.10943e+006 2.50117e+006 1.79868e+006 1.77605e+006 1.99436e+006 1.60505e+006 1.19097e+006 1.23266e+006 679831 894921 577995 1.0501e+006 560892 569825 737246 699648 440347 487992 434000 546588 415101 504997 450597 560211 489785 408470 541372 505263 712754 528247 555612 550706 582953 554170 680291 653816 828895 759677 877505 769946 562878 517278 569268 707872 826803 892847 549155
#pred catch bio
 300306 273158 296026 286849 287812 307400 319883 288335 267567 235770 217559 222816 190587 168128 151647 135941 134330 125902 115156 111929 111069 108273 101449 100672 95404.3 94036.8 96829 93719.1 99166.4 94497.9 96102.6 92775.3 100098 101279 109340 103290 104799 98501.7 94370.7 108233 115315 106117 106812 110790 113896 118659 99995 108210 108026 119066 123006 129124 136835 144779 152104 158398 163543 167596 170701 173028 174744 175992 176891 177532 177987 178308 178533 178690 178800 178877 178930 178967 178993 179010 179022 179031 179037 179041 179043 179045 179047 179047 179048 179048 179049 179049 179049 179049 179049 179049 179049 179049 179049 179049 179049 179049 179049 179049 179049 179049 179049 179049 179049 179049 179049 179049 179049 179049 179049 179049 179049 179049 179049 179049 179049 179049 179049 179049 179049 179049 179049 179049 179049 179049 179049 179049 179049 179049 179049 179049 179049 179049 179049 179049 179049 179049 179049 179049 179049 179049 179049 179049 179049 179049 179049 179049 179049 179049 0 0 0 0 0 0 0 0 0 0 0 0 0 0 0 0 0 0 0 0 0 0 0 0 0
#obs catch bio
 237681 273474 296671 287245 288358 308296 320968 291637 271098 239751 219973 226912 192495 169616 152268 135904 133666 126451 115772 112746 111803 108852 101743 101095 95302 93841.2 97183 93872.3 99516.6 94902.9 96326.8 92871.7 100377 101708 109750 103446 104963 98289.8 93899.6 107426 114351 105453 106868 111373 114463 118581 99524.9 108236
#pred cpue bio
 2.97734e+006 2.68816e+006 2.44714e+006 2.20129e+006 1.98403e+006 1.78238e+006 1.57299e+006 1.35949e+006 1.18734e+006 1.04189e+006 933335 844895 746578 678273 628877 591986 567911 541408 521445 512100 505256 497831 491784 492339 492888 499068 507602 514365 526356 533524 547506 561133 580493 593345 606123 609882 620484 629335 645582 667640 674464 673155 684146 698415 712434 725931 735698 770284 2.80051e+007 1.73556e+007 1.79964e+007 1.89768e+007 2.0211e+007 2.14924e+007 2.26901e+007 2.3739e+007 2.46176e+007 2.53308e+007 2.5897e+007 2.63397e+007 2.66823e+007 2.69457e+007 2.71476e+007 2.73023e+007 2.74208e+007 2.75118e+007 2.7582e+007 2.76363e+007 2.76785e+007 2.77114e+007 2.77373e+007 2.77576e+007 2.77737e+007 2.77865e+007 2.77966e+007 2.78047e+007 2.78112e+007 2.78165e+007 2.78207e+007 2.78241e+007 2.78268e+007 2.7829e+007 2.78308e+007 2.78323e+007 2.78335e+007 2.78345e+007 2.78353e+007 2.78359e+007 2.78365e+007 2.78369e+007 2.78373e+007 2.78375e+007 2.78378e+007 2.7838e+007 2.78381e+007 2.78383e+007 2.78384e+007 2.78384e+007 2.78385e+007 2.78386e+007 2.78386e+007 2.78387e+007 2.78387e+007 2.78387e+007 2.78387e+007 2.78388e+007 2.78388e+007 2.78388e+007 2.78388e+007 2.78388e+007 2.78388e+007 2.78388e+007 2.78388e+007 2.78388e+007 2.78388e+007 2.78388e+007 2.78388e+007 2.78388e+007 2.78388e+007 2.78388e+007 2.78388e+007 2.78388e+007 2.78388e+007 2.78388e+007 2.78388e+007 2.78388e+007 2.78388e+007 2.78388e+007 2.78388e+007 2.78388e+007 2.78388e+007 2.78388e+007 2.78388e+007 2.78388e+007 2.78388e+007 2.78388e+007 2.78388e+007 2.78388e+007 2.78388e+007 2.78388e+007 2.78388e+007 2.78388e+007 2.78388e+007 2.78388e+007 2.78388e+007 2.78388e+007 2.78388e+007 2.78388e+007 0 0 0 0 0 0 0 0 0 0 0 0 0 0 0 0 0 0 0 0 0 0 0 0 0
#obs cpue bio
 2.94179e+006 2.53735e+006 2.86111e+006 2.61319e+006 2.07592e+006 1.57631e+006 1.59875e+006 800224 954897 1.01276e+006 1.1233e+006 873422 617177 768194 842746 579866 683369 401588 480737 512672 469569 619255 514798 510892 601032 574118 452382 517013 533471 332670 696606 567610 598538 491462 777807 573950 653284 649095 703057 802719 747033 702350 552839 583256 708627 1.20965e+006 717843 853093
#pred surv len freq
 0.00483437 0.00788544 0.0119365 0.0169915 0.0229424 0.0294818 0.0360738 0.042083 0.0470067 0.0506326 0.0530216 0.054382 0.054954 0.0549545 0.0545613 0.0539147 0.0531282 0.0522863 0.0513985 0.0503066 0.0486094 0.0457188 0.0411166 0.0347141 0.0270655
 0.00525484 0.00851452 0.0127854 0.018044 0.0241721 0.0308725 0.0376241 0.0437843 0.0488062 0.0524088 0.0545951 0.0555653 0.0556167 0.0550672 0.0541952 0.0531993 0.0521881 0.0511877 0.0501281 0.0487978 0.0468054 0.0436436 0.0389075 0.0325905 0.0252461
 0.00544241 0.0088639 0.0133896 0.0190074 0.0255747 0.032722 0.0398229 0.0461441 0.0511098 0.05448 0.0563292 0.0569063 0.0565162 0.0554692 0.0540587 0.0525318 0.0510546 0.0496817 0.0483292 0.0467494 0.0445359 0.0412148 0.0364525 0.0303012 0.0233123
 0.00573068 0.00930875 0.0140194 0.0198452 0.0266489 0.0340746 0.0414995 0.048161 0.053412 0.0569182 0.0586803 0.0589322 0.058027 0.0563546 0.0542805 0.0520997 0.0500106 0.0480951 0.0462892 0.0443557 0.0418972 0.0384633 0.0337572 0.0278547 0.0212846
 0.00600147 0.00975167 0.0146894 0.0207912 0.0279005 0.0356253 0.0432971 0.050117 0.0554294 0.0589172 0.0605973 0.0606929 0.0595225 0.0574454 0.0548299 0.052012 0.0492504 0.0466861 0.0443045 0.0419079 0.0391357 0.0355731 0.03095 0.0253415 0.0192306
 0.00622504 0.0101232 0.0152642 0.0216273 0.029049 0.037112 0.0451026 0.0521651 0.0575947 0.0610509 0.0625593 0.0623766 0.0608576 0.0583818 0.0553142 0.0519779 0.0486321 0.0454454 0.0424561 0.0395338 0.0363868 0.0326588 0.0281125 0.0228127 0.0171804
 0.00651333 0.0105884 0.0159584 0.0225984 0.0303336 0.038724 0.0470177 0.0543117 0.059857 0.0632841 0.0646102 0.0641047 0.0621543 0.0591806 0.0555859 0.0517128 0.0478213 0.044078 0.0405379 0.0371181 0.0335996 0.0297016 0.0252343 0.0202554 0.0151187
 0.00681491 0.0110889 0.0167303 0.0237136 0.0318476 0.0406501 0.049303 0.0568313 0.0624348 0.0657295 0.066752 0.0658092 0.0633298 0.0597759 0.055586 0.0511294 0.0466805 0.04241 0.0383799 0.0345337 0.030706 0.0266838 0.0223265 0.0176902 0.0130634
 0.0070695 0.0115005 0.0173465 0.0245813 0.0330076 0.042128 0.0510939 0.0588856 0.0646527 0.0679685 0.068845 0.0675907 0.0646616 0.0605646 0.055787 0.0507392 0.045723 0.0409255 0.0364226 0.0321817 0.0280786 0.0239522 0.0197012 0.0153785 0.0112145
 0.00730978 0.0118911 0.0179342 0.0254092 0.0341072 0.0435061 0.0527206 0.0606909 0.0665379 0.0698237 0.0705627 0.0690694 0.0658064 0.0612915 0.0560315 0.0504655 0.0449267 0.0396315 0.0346822 0.030076 0.0257266 0.0215151 0.0173686 0.0133323 0.00958325
 0.00749404 0.0121869 0.0183729 0.026019 0.0349097 0.0445104 0.0539145 0.0620356 0.0679692 0.071261 0.0719207 0.0702672 0.0667727 0.0619646 0.0563588 0.0504033 0.0444456 0.0387239 0.0333706 0.0284208 0.0238311 0.0195233 0.0154482 0.011642 0.0082339
 0.0074924 0.0122194 0.0184867 0.026279 0.0353824 0.0452374 0.0548908 0.0632049 0.0692405 0.0725345 0.073108 0.0712998 0.0676002 0.0625496 0.0566713 0.0504174 0.044139 0.0380826 0.0323993 0.0271551 0.0223478 0.0179397 0.0139058 0.0102763 0.00714027
 0.00754504 0.0123175 0.0186594 0.0265659 0.0358297 0.0458887 0.0557722 0.0643086 0.0705123 0.0738733 0.0743816 0.0723756 0.0683777 0.0629797 0.0567533 0.0501792 0.0436154 0.0373025 0.0313881 0.0259472 0.0210013 0.016543 0.0125686 0.00910501 0.00620921
 0.00760035 0.0123908 0.0187404 0.026639 0.0358839 0.0459321 0.055841 0.0644634 0.0708197 0.0743779 0.0750823 0.0732157 0.0692557 0.0637757 0.0573603 0.0505268 0.0436748 0.0370786 0.0309066 0.0252488 0.0201433 0.0156023 0.0116363 0.00826938 0.00553448
 0.00766566 0.0124865 0.0188639 0.0267788 0.03602 0.0460395 0.0558966 0.0644569 0.0707657 0.0743224 0.075094 0.0733616 0.0695688 0.0642342 0.0578899 0.0510242 0.0440404 0.0372422 0.0308384 0.0249583 0.0196724 0.0150171 0.011016 0.00769109 0.00505574
 0.00776856 0.0126357 0.0190548 0.0269943 0.0362346 0.046225 0.0560279 0.0645154 0.0707424 0.0742228 0.074944 0.0732076 0.0694692 0.0642398 0.0580209 0.0512568 0.0443109 0.0374684 0.0309476 0.0249094 0.0194653 0.0146882 0.0106252 0.00730306 0.00472219
 0.00793678 0.0128788 0.0193636 0.0273393 0.036572 0.046508 0.0562178 0.0645878 0.0706904 0.074058 0.0746955 0.0729176 0.0691868 0.0640126 0.0578863 0.0512309 0.0443805 0.0375905 0.0310615 0.0249577 0.0194145 0.0145389 0.0104079 0.00706332 0.00450279
 0.00804814 0.0130728 0.0196772 0.0278081 0.0372138 0.0473014 0.0570871 0.0654107 0.0713315 0.074413 0.0747225 0.0726422 0.0686837 0.06338 0.0572216 0.0506141 0.0438622 0.0371868 0.0307562 0.024714 0.0191934 0.014316 0.0101806 0.00684651 0.00431648
 0.00809874 0.0131523 0.0197933 0.0279701 0.0374357 0.0476025 0.0574863 0.065913 0.0719106 0.0750021 0.0752242 0.0729584 0.0687517 0.0631944 0.0568334 0.0501076 0.0433263 0.0366905 0.0303361 0.0243752 0.0189199 0.0140866 0.00998119 0.00667418 0.00417556
 0.0080789 0.0131199 0.0197445 0.0279024 0.0373499 0.0475062 0.0573975 0.0658615 0.0719331 0.0751309 0.0754701 0.0732971 0.069123 0.0635199 0.0570453 0.0501745 0.0432608 0.0365361 0.0301446 0.0241861 0.0187526 0.013944 0.0098595 0.00657061 0.00409074
 0.00802538 0.0130397 0.0196363 0.0277694 0.0371987 0.047345 0.0572361 0.0657124 0.0718137 0.0750642 0.0754813 0.0734057 0.0693316 0.0638054 0.0573601 0.0504605 0.0434704 0.0366484 0.0301683 0.0241485 0.0186839 0.0138665 0.00978554 0.00650571 0.00403746
 0.008031 0.01304 0.0196208 0.0277241 0.0371105 0.0472094 0.0570619 0.0655211 0.0716331 0.0749197 0.0753915 0.0733825 0.0693815 0.0639287 0.0575463 0.0506847 0.0436962 0.0368392 0.0302998 0.0242154 0.0186975 0.0138461 0.00974931 0.00646666 0.004003
 0.00803463 0.0130454 0.0196274 0.0277293 0.0371085 0.0471903 0.0570128 0.0654311 0.0714998 0.0747546 0.0752198 0.0732358 0.0692883 0.0639067 0.0575991 0.0508022 0.0438565 0.0370133 0.030458 0.0243363 0.0187728 0.0138802 0.00975425 0.00645589 0.00398705
 0.00798144 0.0129599 0.0195011 0.027556 0.0368869 0.0469266 0.0567236 0.0651411 0.0712367 0.0745424 0.0750749 0.0731675 0.0693014 0.0640023 0.0577733 0.0510434 0.0441446 0.0373208 0.0307549 0.0245959 0.0189778 0.0140252 0.00984551 0.00650611 0.00401049
 0.00805467 0.0130534 0.0195946 0.0276148 0.0368718 0.0468087 0.0564975 0.0648285 0.0708791 0.0741885 0.0747684 0.0729398 0.0691693 0.0639697 0.0578341 0.0511851 0.0443493 0.037566 0.0310144 0.024843 0.0191904 0.0141903 0.00996061 0.00657777 0.00405
 0.00816478 0.0132127 0.0197965 0.027837 0.0370776 0.0469531 0.0565353 0.0647252 0.0706241 0.0738044 0.0743104 0.0724818 0.0687813 0.0636996 0.0577002 0.05118 0.0444497 0.0377407 0.0312306 0.0250693 0.0194002 0.014365 0.0100915 0.00666585 0.00410303
 0.00811868 0.0131621 0.019764 0.0278557 0.037178 0.0471444 0.0567914 0.0649864 0.0708155 0.0738633 0.0742094 0.0722366 0.0684445 0.0633417 0.0573886 0.0509615 0.0443431 0.0377391 0.0313095 0.0251969 0.0195447 0.014501 0.0102028 0.00674636 0.00415475
 0.00809975 0.0131265 0.0197033 0.0277638 0.0370584 0.0470176 0.0566959 0.0649665 0.0708987 0.0740392 0.0744263 0.072422 0.0685373 0.0633191 0.0572715 0.0508003 0.0441935 0.0376418 0.0312806 0.0252294 0.0196178 0.0145897 0.0102868 0.00681338 0.00420118
 0.00805542 0.0130542 0.0195941 0.0276089 0.0368511 0.0467574 0.0563936 0.0646499 0.0706123 0.073836 0.0743503 0.072489 0.0687243 0.0635718 0.0575284 0.0510182 0.0443606 0.0377724 0.0313982 0.0253507 0.0197455 0.0147155 0.0103981 0.00690125 0.00426277
 0.00798447 0.0129545 0.0194727 0.027481 0.0367343 0.0466631 0.056321 0.0645866 0.070543 0.0737534 0.0742629 0.0724197 0.0687007 0.063611 0.0576267 0.0511529 0.0445023 0.0379 0.0315059 0.0254442 0.0198325 0.0147986 0.0104741 0.00696454 0.00430977
 0.00795699 0.0128919 0.0193468 0.0272588 0.0363912 0.0462007 0.0557796 0.0640402 0.0700755 0.0734291 0.0741084 0.0724269 0.0688421 0.0638559 0.0579476 0.0515232 0.0448932 0.0382817 0.0318535 0.0257431 0.0200785 0.014994 0.0106238 0.00707355 0.00438392
 0.0079629 0.0128986 0.0193498 0.0272484 0.0363498 0.0461028 0.0555968 0.0637531 0.0696895 0.0729842 0.0736741 0.0720796 0.0686388 0.0638177 0.0580608 0.0517528 0.045197 0.0386192 0.0321899 0.0260518 0.0203426 0.0152064 0.0107847 0.00718827 0.00446027
 0.00788533 0.0127812 0.0191895 0.027048 0.0361169 0.0458474 0.0553284 0.063479 0.0694139 0.0727107 0.0734116 0.0718489 0.0684737 0.0637559 0.058129 0.0519541 0.0455088 0.0390015 0.0325972 0.0264431 0.020688 0.0154889 0.0109995 0.00733988 0.00455937
 0.00778802 0.0126387 0.0190043 0.0268328 0.0358914 0.0456323 0.0551405 0.0633278 0.069301 0.0726294 0.073349 0.0717919 0.0684169 0.063708 0.0581124 0.0519962 0.0456288 0.0392 0.0328549 0.0267281 0.0209661 0.0157329 0.0111939 0.00748136 0.00465343
 0.0076944 0.0124886 0.0187834 0.0265322 0.0355126 0.0451937 0.0546807 0.0629016 0.0689645 0.0724226 0.0732833 0.0718499 0.0685637 0.0639065 0.0583359 0.052234 0.0458834 0.0394778 0.0331561 0.027041 0.0212694 0.0160032 0.0114139 0.00764441 0.00476322
 0.00765768 0.0124326 0.0187057 0.0264315 0.0353879 0.0450428 0.0545015 0.0626956 0.0687421 0.072205 0.073099 0.071726 0.0685152 0.0639317 0.05842 0.052358 0.046033 0.0396468 0.0333428 0.0272418 0.0214745 0.0161973 0.0115815 0.00777511 0.004855
 0.00757637 0.0123018 0.0185118 0.0261647 0.0350454 0.044634 0.0540513 0.0622432 0.0683324 0.0718778 0.0728821 0.0716333 0.0685492 0.0640847 0.0586741 0.0526867 0.0464053 0.0400337 0.0337219 0.0275977 0.0217958 0.0164742 0.0118063 0.00794442 0.00497183
 0.00756773 0.0122773 0.0184557 0.0260555 0.0348615 0.0443615 0.0536926 0.0618204 0.0678845 0.0714526 0.0725266 0.0713851 0.068431 0.0641026 0.0588191 0.0529378 0.0467338 0.0404071 0.0341088 0.0279709 0.0221345 0.0167641 0.0120391 0.00811845 0.00509161
 0.00754837 0.0122394 0.0183861 0.025937 0.034675 0.0440914 0.0533331 0.0613809 0.0673918 0.0709499 0.0720672 0.0710236 0.0682116 0.0640501 0.0589349 0.0532022 0.0471123 0.0408577 0.0345882 0.0284398 0.0225611 0.0171267 0.0123265 0.00832997 0.00523506
 0.00749087 0.0121475 0.0182506 0.0257494 0.0344287 0.0437827 0.0529639 0.0609608 0.0669398 0.070494 0.0716431 0.0706715 0.0679715 0.0639542 0.0590011 0.053429 0.047478 0.0413247 0.0351094 0.0289668 0.0230515 0.0175487 0.0126628 0.0085773 0.00540217
 0.00759274 0.012297 0.0184452 0.0259754 0.0346631 0.0439979 0.0531312 0.0610524 0.066931 0.0703672 0.0713944 0.0703158 0.0675443 0.063508 0.0585952 0.053117 0.0472952 0.0412812 0.0351901 0.029138 0.0232707 0.0177753 0.0128657 0.0087386 0.0055172
 0.00781951 0.0126421 0.0189197 0.0265712 0.0353522 0.0447337 0.05385 0.0616786 0.0673889 0.0705973 0.0713662 0.0700326 0.0670399 0.06284 0.0578373 0.0523491 0.0465925 0.0407009 0.0347628 0.028865 0.0231292 0.0177289 0.0128755 0.00877266 0.00555425
 0.00788552 0.012759 0.0191124 0.0268664 0.0357691 0.0452712 0.0544757 0.0623293 0.0679838 0.0710591 0.0716384 0.0700869 0.0668755 0.0624799 0.0573236 0.0517395 0.0459535 0.0400984 0.0342507 0.0284752 0.0228676 0.0175788 0.0128072 0.0087541 0.0055593
 0.00777786 0.0126135 0.0189491 0.0267248 0.035701 0.0453258 0.0546853 0.0626983 0.0684849 0.0716351 0.0722109 0.070573 0.0672059 0.0626139 0.0572554 0.0514951 0.0455829 0.0396647 0.0338182 0.0280967 0.0225753 0.0173811 0.0126922 0.00869903 0.00554007
 0.00762854 0.012385 0.0186335 0.0263293 0.0352518 0.0448709 0.0542937 0.06245 0.0684499 0.0718476 0.0726529 0.0711754 0.067868 0.0632305 0.0577422 0.0518045 0.0457084 0.0396357 0.0336865 0.0279206 0.0224047 0.0172472 0.0126056 0.00865406 0.00552331
 0.00765773 0.0124032 0.0186076 0.0262126 0.0349986 0.0444603 0.0537487 0.061842 0.0678829 0.0714303 0.0724688 0.0712614 0.0682051 0.0637495 0.0583426 0.0523823 0.0461825 0.039964 0.0338687 0.0279877 0.0224016 0.0172158 0.0125742 0.00863495 0.00551689
 0.00779323 0.0126071 0.0188818 0.026542 0.035348 0.0447738 0.053956 0.0618744 0.0676997 0.0710441 0.071953 0.0707303 0.0677747 0.0634979 0.0582878 0.0524847 0.0463676 0.0401533 0.0340057 0.0280504 0.0223992 0.0171747 0.0125222 0.0085907 0.00548757
 0.00759938 0.0123313 0.0185392 0.0261711 0.0349984 0.0444871 0.0537494 0.0617365 0.0675986 0.0709436 0.0718308 0.0705922 0.0676582 0.06346 0.0583808 0.0527307 0.0467452 0.0406048 0.0344591 0.0284453 0.0227028 0.0173838 0.0126535 0.00866762 0.00553082
#obs surv len freq
 0.0049718 0.0081432 0.0123852 0.0177107 0.0239931 0.0308662 0.0377043 0.0437846 0.0485576 0.0518233 0.0537016 0.0544779 0.0544715 0.0539783 0.0532578 0.0525227 0.0519178 0.0514778 0.051064 0.0503074 0.0486258 0.0453883 0.0402179 0.0332837 0.0253678
 0.00517644 0.00847987 0.0128994 0.0184478 0.0249895 0.0321362 0.0392257 0.0454925 0.0503532 0.0535917 0.055329 0.0558623 0.055526 0.0546313 0.0534535 0.0522242 0.0511131 0.0501873 0.0493477 0.0482679 0.0464059 0.043159 0.0381545 0.0315324 0.0240137
 0.00540376 0.008851 0.0134611 0.0192452 0.0260584 0.0334901 0.0408422 0.0473075 0.0522683 0.0554913 0.057097 0.0573928 0.0567275 0.0554276 0.0537827 0.0520391 0.050384 0.0489112 0.0475617 0.0460627 0.043932 0.0406162 0.0357605 0.0294758 0.0224104
 0.00565322 0.00925899 0.0140796 0.0201241 0.0272355 0.0349764 0.0426063 0.049271 0.0543176 0.0575 0.0589461 0.0589805 0.0579703 0.0562572 0.0541424 0.0518814 0.0496726 0.0476288 0.0457262 0.0437484 0.0412841 0.0378465 0.0331143 0.0271762 0.0206022
 0.00589419 0.00965419 0.0146809 0.0209823 0.0283911 0.0364443 0.0443598 0.051236 0.0563821 0.0595353 0.0608277 0.0606008 0.0592431 0.057116 0.0545357 0.0517672 0.0490156 0.0464062 0.0439433 0.041463 0.0386279 0.0350273 0.0303858 0.0247792 0.0187009
 0.00613869 0.0100556 0.0152924 0.0218557 0.0295673 0.037937 0.0461397 0.0532246 0.058463 0.0615767 0.0627035 0.0622037 0.060488 0.0579395 0.0548921 0.0516225 0.0483429 0.0451873 0.0421819 0.0392075 0.0359968 0.0322174 0.0276464 0.022355 0.0167649
 0.0063773 0.0104474 0.0158892 0.0227085 0.0307163 0.0393961 0.0478803 0.0551697 0.0604979 0.0635704 0.0645302 0.0637558 0.0616817 0.0587142 0.0552065 0.0514493 0.047663 0.0439898 0.0404735 0.0370336 0.0334653 0.0295098 0.0249977 0.0200006 0.0148759
 0.00661964 0.0108448 0.0164936 0.02357 0.0318733 0.0408596 0.0496174 0.0570986 0.0624993 0.0655109 0.0662843 0.0652195 0.0627767 0.0593872 0.0554252 0.0511961 0.0469295 0.0427752 0.0387916 0.0349306 0.0310419 0.0269321 0.0224814 0.0177636 0.0130782
 0.00684972 0.0112202 0.0170613 0.0243747 0.0329487 0.0422151 0.0512241 0.0588833 0.0643542 0.0673128 0.0679151 0.0665788 0.0637875 0.059997 0.0556034 0.0509288 0.0462142 0.0416181 0.0372128 0.032978 0.0288096 0.0245702 0.0201825 0.0157221 0.0114375
 0.00706445 0.011574 0.017602 0.025149 0.0339919 0.0435351 0.0527861 0.0606062 0.0661232 0.0690033 0.0694141 0.0677965 0.0646599 0.0604835 0.055683 0.0505955 0.0454725 0.0404813 0.0357067 0.0311524 0.0267528 0.0224169 0.0181021 0.0138835 0.00996395
 0.00725911 0.0118926 0.0180856 0.0258371 0.0349152 0.0447029 0.0541734 0.0621479 0.0677215 0.0705453 0.0707903 0.0689149 0.0654532 0.0609109 0.0557273 0.0502571 0.0447631 0.0394208 0.0343259 0.0295017 0.0249144 0.0205102 0.0162732 0.0122759 0.00868036
 0.00744858 0.0122048 0.0185627 0.02652 0.0358338 0.045862 0.0555389 0.0636435 0.0692415 0.071976 0.0720302 0.0698852 0.0661004 0.0612054 0.0556604 0.0498368 0.0440095 0.0383621 0.0329997 0.0279608 0.0232357 0.0187988 0.0146534 0.0108664 0.00756339
 0.00752875 0.01234 0.0187761 0.026838 0.0362831 0.0464635 0.0562991 0.0645482 0.070253 0.073036 0.0730657 0.0708176 0.0668556 0.0617225 0.0558974 0.0497722 0.0436402 0.037702 0.0320784 0.0268266 0.0219591 0.0174731 0.0133856 0.00975688 0.00668142
 0.00758167 0.0124212 0.0188901 0.0269877 0.0364724 0.0466998 0.0565949 0.0649185 0.0707105 0.0735837 0.0736903 0.0714857 0.0675149 0.0623083 0.056343 0.0500197 0.0436492 0.0374542 0.0315805 0.0261109 0.0210839 0.0165197 0.0124475 0.00892152 0.00601029
 0.00765102 0.0125244 0.0190274 0.0271531 0.036655 0.0468877 0.0567787 0.0650948 0.0708845 0.07377 0.0739095 0.0717555 0.0678394 0.0626694 0.0566998 0.0503151 0.043823 0.037457 0.0313853 0.0257203 0.0205329 0.0158705 0.0117783 0.00830845 0.0055089
 0.0077171 0.0126254 0.019167 0.0273293 0.0368596 0.0471064 0.0569917 0.0652805 0.0710255 0.0738604 0.0739598 0.0717901 0.0678878 0.0627546 0.0568266 0.0504648 0.0439558 0.0375225 0.0313378 0.0255347 0.0202137 0.0154535 0.0113207 0.00787211 0.00514261
 0.00779352 0.0127464 0.0193427 0.0275656 0.0371553 0.0474497 0.0573578 0.0656325 0.0713217 0.074066 0.0740562 0.0717804 0.0677952 0.062615 0.0566772 0.0503317 0.0438448 0.0374176 0.0312088 0.0253514 0.0199612 0.015141 0.0109796 0.00754422 0.0048645
 0.00781122 0.0127739 0.0193819 0.0276181 0.0372231 0.0475356 0.0574647 0.0657614 0.0714688 0.0742207 0.0742017 0.0718981 0.0678705 0.0626435 0.0566662 0.0502963 0.0437996 0.0373681 0.0311475 0.0252622 0.0198298 0.0149656 0.0107748 0.00733635 0.00468056
 0.00781358 0.012772 0.0193687 0.0275843 0.0371606 0.0474426 0.0573501 0.0656448 0.0713761 0.0741759 0.0742194 0.0719786 0.0680004 0.0628 0.056825 0.0504391 0.0439166 0.0374561 0.0312042 0.025283 0.0198095 0.0149033 0.0106791 0.00722446 0.00457258
 0.00787457 0.0128614 0.0194846 0.0277175 0.0372955 0.0475601 0.0574309 0.0656741 0.0713478 0.074097 0.0741097 0.0718653 0.0679086 0.0627446 0.0568072 0.0504487 0.0439387 0.0374766 0.0312129 0.0252731 0.0197771 0.0148482 0.0106062 0.00714367 0.00449587
 0.00788109 0.0128757 0.0195125 0.0277655 0.0373677 0.0476537 0.0575338 0.0657657 0.0714059 0.0741056 0.0740661 0.0717809 0.0678054 0.0626474 0.0567357 0.0504121 0.0439345 0.0374936 0.0312364 0.0252899 0.0197783 0.0148304 0.0105719 0.00709956 0.00445062
 0.00792029 0.0129317 0.0195828 0.0278436 0.037446 0.0477274 0.0576026 0.0658319 0.0714694 0.07416 0.0740987 0.0717785 0.0677617 0.0625674 0.056635 0.0503108 0.0438492 0.037432 0.0311969 0.0252643 0.0197569 0.0148062 0.0105422 0.00706638 0.00441824
 0.00788202 0.0128771 0.0195147 0.0277687 0.0373726 0.0476616 0.0575465 0.0657852 0.0714331 0.0741391 0.0741 0.0718066 0.0678135 0.0626329 0.0567022 0.0503715 0.0439019 0.0374797 0.0312425 0.0253073 0.0197936 0.0148322 0.0105554 0.00706796 0.00441215
 0.00787581 0.0128578 0.0194693 0.0276815 0.0372312 0.047466 0.0573145 0.0655503 0.0712334 0.0740037 0.0740424 0.0718239 0.0678937 0.0627597 0.0568578 0.0505388 0.0440662 0.0376308 0.031375 0.0254193 0.0198841 0.0149007 0.0106024 0.00709603 0.00442581
 0.00789652 0.012887 0.0195042 0.0277149 0.0372513 0.0474574 0.0572617 0.065443 0.0710736 0.0738099 0.0738463 0.0716614 0.0677919 0.0627298 0.0568948 0.0506263 0.0441839 0.0377596 0.0315001 0.0255308 0.0199767 0.0149723 0.0106534 0.00712888 0.00444439
 0.00789723 0.012891 0.0195153 0.0277375 0.0372883 0.0475068 0.0573144 0.0654828 0.0710813 0.0737704 0.0737557 0.0715306 0.0676452 0.0625969 0.0568012 0.0505854 0.0441947 0.0378103 0.0315737 0.0256112 0.0200517 0.0150346 0.0107001 0.00716045 0.00446345
 0.0078417 0.0128037 0.0193901 0.0275723 0.0370871 0.0472821 0.0570876 0.0652815 0.0709313 0.0736865 0.0737372 0.071564 0.0677124 0.0626845 0.0569046 0.0507067 0.0443369 0.0379713 0.031745 0.0257796 0.0202039 0.0151608 0.010796 0.00722716 0.00450568
 0.00782274 0.0127649 0.0193171 0.0274479 0.0368965 0.0470208 0.056769 0.0649377 0.0706065 0.0734253 0.0735725 0.0715101 0.0677637 0.0628203 0.0570976 0.0509319 0.044576 0.0382129 0.0319805 0.0260002 0.0204 0.0153241 0.010922 0.00731642 0.00456342
 0.00780084 0.0127305 0.0192672 0.0273789 0.0368032 0.0468958 0.0566042 0.0647285 0.0703582 0.0731575 0.0733185 0.0713087 0.0676479 0.0628068 0.0571832 0.0510971 0.0447935 0.0384557 0.0322265 0.026233 0.0206074 0.0154978 0.0110575 0.00741393 0.00462763
 0.00777489 0.0126848 0.0191921 0.0272642 0.0366414 0.0466869 0.056358 0.0644644 0.0700987 0.0729219 0.0731207 0.0711595 0.0675591 0.0627914 0.0572505 0.0512469 0.0450131 0.0387218 0.0325117 0.0265113 0.0208585 0.0157084 0.0112217 0.00753226 0.00470588
 0.00774953 0.0126439 0.0191308 0.0271778 0.0365253 0.0465376 0.0561753 0.0642532 0.0698708 0.0726952 0.0729159 0.0709962 0.0674517 0.0627488 0.0572772 0.0513434 0.0451748 0.0389369 0.0327608 0.0267706 0.0211043 0.0159219 0.011392 0.0076569 0.00478926
 0.00770274 0.0125694 0.0190221 0.0270302 0.0363376 0.0463137 0.055926 0.0639952 0.0696239 0.072478 0.072743 0.0708776 0.0673942 0.0627561 0.0573499 0.0514788 0.0453662 0.0391737 0.0330274 0.0270471 0.0213691 0.0161555 0.0115812 0.00779717 0.00488402
 0.00768018 0.0125287 0.0189536 0.0269228 0.0361818 0.0461068 0.0556752 0.0637192 0.0693485 0.0722301 0.0725444 0.0707423 0.0673284 0.0627599 0.0574199 0.0516091 0.0455491 0.0393988 0.0332812 0.0273123 0.0216264 0.0163863 0.0117716 0.00794074 0.00498251
 0.00765587 0.0124919 0.0189026 0.026857 0.0361002 0.0460064 0.0555518 0.0635693 0.0691732 0.0720379 0.0723523 0.0705718 0.0672 0.0626888 0.0574129 0.0516659 0.0456639 0.0395618 0.0334795 0.0275301 0.0218455 0.016589 0.0119434 0.00807344 0.00507548
 0.00766168 0.0125004 0.018914 0.0268704 0.0361144 0.0460195 0.0555604 0.0635679 0.0691539 0.0719921 0.0722731 0.070459 0.0670632 0.0625458 0.0572861 0.0515753 0.0456229 0.0395748 0.0335422 0.0276315 0.0219701 0.0167191 0.0120631 0.00817166 0.00514755
 0.00762096 0.012442 0.0188402 0.0267886 0.0360345 0.0459505 0.0555083 0.0635343 0.069137 0.0719873 0.0722739 0.0704578 0.0670531 0.0625239 0.0572559 0.051547 0.04561 0.0395893 0.0335904 0.0277113 0.0220722 0.0168298 0.0121681 0.00825997 0.00521371
 0.00760885 0.0124177 0.0187958 0.0267154 0.0359267 0.0458111 0.0553515 0.0633841 0.0690189 0.0719189 0.0722588 0.0704869 0.0671093 0.06259 0.057319 0.0516018 0.0456585 0.0396392 0.0336499 0.0277855 0.0221599 0.0169238 0.0122584 0.00833736 0.00527279
 0.00758395 0.0123805 0.0187456 0.0266526 0.0358519 0.0457231 0.0552482 0.0632651 0.0688898 0.0717935 0.0721567 0.0704265 0.0671007 0.0626304 0.0573954 0.0516972 0.0457588 0.0397367 0.0337438 0.0278779 0.0222521 0.017014 0.0123415 0.00840761 0.00532649
 0.00756182 0.0123435 0.0186883 0.0265702 0.0357419 0.045588 0.0550969 0.0631114 0.0687483 0.0716755 0.072069 0.0703733 0.0670858 0.0626573 0.057464 0.0518012 0.0458865 0.0398745 0.0338803 0.0280063 0.0223693 0.017118 0.0124302 0.00847895 0.00537943
 0.00753676 0.012306 0.0186377 0.0265075 0.0356688 0.0455058 0.0550061 0.0630129 0.0686454 0.0715746 0.0719793 0.0703039 0.0670443 0.0626483 0.0574894 0.0518601 0.0459745 0.0399837 0.0340004 0.0281272 0.0224826 0.0172182 0.0125141 0.00854477 0.00542741
 0.00752938 0.0122912 0.0186106 0.0264622 0.035601 0.0454153 0.0548986 0.0628992 0.0685377 0.0714823 0.0719069 0.0702526 0.0670142 0.0626406 0.0575061 0.0519028 0.0460428 0.0400739 0.0341059 0.0282391 0.0225917 0.0173167 0.0125966 0.00860897 0.00547348
 0.00751105 0.0122627 0.0185699 0.0264079 0.0355321 0.0453309 0.0547991 0.0627873 0.0684199 0.0713691 0.0718103 0.0701834 0.0669788 0.0626401 0.0575379 0.0519625 0.0461259 0.0401756 0.0342204 0.0283591 0.0227087 0.0174226 0.0126853 0.00867744 0.00552203
 0.00750201 0.0122494 0.0185524 0.0263872 0.0355093 0.0453067 0.0547731 0.0627577 0.068384 0.0713243 0.0717564 0.0701235 0.0669197 0.0625907 0.0575064 0.0519543 0.0461426 0.0402158 0.0342799 0.0284319 0.0227873 0.0174991 0.0127529 0.00873175 0.00556157
 0.00750566 0.0122548 0.0185596 0.0263959 0.0355191 0.0453172 0.0547836 0.0627673 0.0683906 0.0713244 0.071746 0.070099 0.0668803 0.0625395 0.0574504 0.051903 0.0461048 0.0401976 0.0342833 0.0284546 0.022824 0.0175428 0.0127964 0.00876952 0.0055906
 0.00750775 0.0122591 0.0185675 0.0264092 0.035539 0.0453439 0.0548151 0.0627999 0.0684197 0.0713458 0.0717563 0.070096 0.0668627 0.0625072 0.0574057 0.0518508 0.0460526 0.0401535 0.0342538 0.0284428 0.0228288 0.0175598 0.0128195 0.00879298 0.00561041
 0.00750535 0.0122558 0.0185638 0.026406 0.0355379 0.0453466 0.0548235 0.0628149 0.0684409 0.0713711 0.0717818 0.0701172 0.0668751 0.0625079 0.0573936 0.051827 0.0460208 0.0401194 0.0342239 0.0284225 0.0228206 0.0175629 0.0128304 0.0088071 0.00562387
 0.00750535 0.0122558 0.0185638 0.026406 0.0355379 0.0453466 0.0548235 0.0628149 0.0684409 0.0713711 0.0717818 0.0701172 0.0668751 0.0625079 0.0573936 0.051827 0.0460208 0.0401194 0.0342239 0.0284225 0.0228206 0.0175629 0.0128304 0.0088071 0.00562387
 0.00741215 0.012109 0.0183524 0.0261248 0.0351901 0.044948 0.0544046 0.0624196 0.068118 0.0711617 0.0717091 0.0701821 0.0670588 0.0627789 0.0577153 0.0521656 0.0463495 0.0404206 0.0344886 0.028648 0.0230078 0.0177136 0.012947 0.00889252 0.00568225
#pred catch len freq
 0.00366956 0.00593311 0.00890396 0.0126089 0.017068 0.022244 0.0279755 0.0339671 0.039851 0.0452653 0.0499096 0.0535828 0.056209 0.0578373 0.0586091 0.0587148 0.0583598 0.0577271 0.056905 0.0557755 0.0539305 0.050739 0.0456373 0.038533 0.0300436
 0.0040145 0.00645 0.00960401 0.0134838 0.0181056 0.0234466 0.0293617 0.0355473 0.0415877 0.0470441 0.0515484 0.0548819 0.0570204 0.0581144 0.0584107 0.0581634 0.0575765 0.0567737 0.05576 0.0543602 0.0521773 0.0486678 0.0433924 0.0363492 0.0281585
 0.00421326 0.00679875 0.0101741 0.0143517 0.0193302 0.025037 0.031256 0.0376214 0.0436944 0.0490558 0.053369 0.0564263 0.0581889 0.0587981 0.0585291 0.057704 0.0566008 0.0553806 0.0540351 0.0523491 0.0499068 0.0462004 0.0408678 0.0339733 0.0261381
 0.00447858 0.00720808 0.0107542 0.0151262 0.0203317 0.0263161 0.0328715 0.0396062 0.0460093 0.0515619 0.0558445 0.0586242 0.0599017 0.059892 0.0589402 0.0574196 0.0556484 0.0538247 0.0519684 0.0498787 0.0471507 0.0433015 0.0380091 0.0313651 0.0239676
 0.00474324 0.00763328 0.0113842 0.015998 0.0214682 0.0277183 0.0345139 0.0414426 0.0479874 0.0536315 0.0579447 0.0606562 0.0617138 0.0612977 0.0597628 0.0575362 0.0550098 0.0524525 0.0499414 0.0473212 0.0442277 0.0402168 0.0349959 0.0286562 0.0217466
 0.00500079 0.00804915 0.0120062 0.0168726 0.0226356 0.0292028 0.0363083 0.0434944 0.0501973 0.0558677 0.0600693 0.0625494 0.063283 0.0624654 0.0604477 0.0576467 0.0544604 0.051194 0.047988 0.0447645 0.0412371 0.0370271 0.0318783 0.0258704 0.0194838
 0.00532957 0.00856952 0.0127645 0.0179064 0.0239723 0.0308549 0.0382627 0.0457005 0.052561 0.0582558 0.0623235 0.0645096 0.064813 0.0634716 0.0608795 0.0574787 0.0536731 0.0497695 0.0459304 0.0421332 0.0381742 0.0337599 0.0286876 0.0230292 0.0171897
 0.00563234 0.00906213 0.0135073 0.0189576 0.025379 0.0326381 0.0403988 0.0481107 0.0551161 0.0607941 0.0646731 0.0665077 0.0663228 0.0643953 0.0611637 0.0571097 0.0526628 0.0481427 0.0437249 0.0394196 0.0350847 0.030503 0.0255273 0.0202281 0.0149382
 0.0059056 0.00949687 0.0141461 0.0198398 0.0265409 0.034109 0.0421894 0.0501963 0.0574214 0.0631897 0.0669871 0.0685523 0.0679274 0.0654323 0.0615599 0.0568417 0.051744 0.0466107 0.0416376 0.0368648 0.0321982 0.0274802 0.0226082 0.0176494 0.012871
 0.00613729 0.00986884 0.0146981 0.0206078 0.0275544 0.035384 0.0437198 0.0519469 0.059328 0.0651633 0.0689181 0.0703153 0.0693889 0.0664661 0.0620651 0.0567564 0.0510494 0.0453274 0.0398209 0.0346066 0.0296352 0.0247974 0.0200234 0.0153719 0.0110498
 0.00633171 0.0101768 0.0151474 0.0212224 0.0283535 0.0363803 0.0449134 0.053317 0.0608286 0.0667239 0.0704508 0.0717242 0.0705797 0.0673516 0.0625681 0.0568136 0.0506179 0.0443932 0.0384078 0.0327836 0.0275217 0.0225599 0.0178559 0.0134582 0.00951889
 0.00642407 0.0103455 0.0154358 0.0216819 0.0290321 0.037304 0.0460689 0.0546479 0.0622468 0.0681311 0.0717561 0.0728529 0.0714737 0.0679669 0.0628701 0.0567733 0.0502108 0.0436043 0.037243 0.0312846 0.025777 0.0207049 0.0160539 0.0118654 0.00824488
 0.00646091 0.0104171 0.0155675 0.0219109 0.0294063 0.0378753 0.0468797 0.0557121 0.0635311 0.0695454 0.0731653 0.074108 0.0724508 0.0685921 0.0631219 0.0566645 0.0497667 0.0428493 0.036202 0.029996 0.0243087 0.0191606 0.0145619 0.0105505 0.00719547
 0.00649202 0.010456 0.0156059 0.0219384 0.0294191 0.0378888 0.0469365 0.0558785 0.0638781 0.0701217 0.0739703 0.0750806 0.0734774 0.0695358 0.0638577 0.0571072 0.0498785 0.0426317 0.0356821 0.0292193 0.0233413 0.0180915 0.0134972 0.00959337 0.00642105
 0.00653225 0.0105136 0.0156776 0.0220137 0.0294818 0.0379196 0.0469205 0.0558148 0.0637918 0.0700677 0.0740235 0.0753084 0.0739076 0.070135 0.0645351 0.0577409 0.0503527 0.0428649 0.0356398 0.0289128 0.0228193 0.0174313 0.0127914 0.00893213 0.005872
 0.0065941 0.0106014 0.0157859 0.022129 0.0295852 0.0379925 0.0469481 0.0557891 0.0637125 0.0699461 0.0738872 0.0752032 0.0738896 0.0702507 0.0647977 0.0581154 0.0507605 0.0432086 0.0358344 0.028911 0.0226218 0.0170819 0.0123612 0.00849772 0.00549512
 0.00676318 0.0108471 0.0161008 0.0224858 0.029942 0.038303 0.0471719 0.0558974 0.0636926 0.0698038 0.0736477 0.0749082 0.0735913 0.0700035 0.0646467 0.0580828 0.0508345 0.0433418 0.035958 0.0289593 0.0225563 0.0169032 0.0121046 0.00821627 0.00523823
 0.0068625 0.0110174 0.0163714 0.0228848 0.0304835 0.0389707 0.0479068 0.0566026 0.0642574 0.0701375 0.0737061 0.0747016 0.0731755 0.0694613 0.0640678 0.0575457 0.0503909 0.043008 0.035715 0.0287658 0.0223689 0.0166958 0.0118772 0.00798883 0.00503711
 0.00688206 0.0110499 0.0164238 0.0229686 0.0306186 0.0391858 0.0482331 0.0570578 0.0648245 0.0707523 0.0742652 0.0750944 0.0733242 0.069349 0.0637389 0.0570843 0.0498894 0.0425395 0.035319 0.0284469 0.0221094 0.0164727 0.011676 0.00780883 0.00488585
 0.00685732 0.0110107 0.0163669 0.0228927 0.0305262 0.0390859 0.0481451 0.057013 0.0648621 0.070907 0.0745489 0.0754801 0.0737447 0.0697155 0.063975 0.0571544 0.049808 0.0423568 0.0350944 0.028226 0.0219142 0.0163064 0.011534 0.00768793 0.00478678
 0.00681119 0.0109416 0.0162738 0.0227782 0.0303952 0.0389443 0.0479998 0.0568737 0.064745 0.0708362 0.0745538 0.0755856 0.0739574 0.0700127 0.064305 0.0574523 0.0500201 0.0424597 0.0350986 0.0281632 0.0218193 0.016205 0.01144 0.007607 0.00472134
 0.00680735 0.0109292 0.0162439 0.0227195 0.0302978 0.0388051 0.0478263 0.0566843 0.0645636 0.0706865 0.0744554 0.0755542 0.0740046 0.0701429 0.0645084 0.0577013 0.0502728 0.0426734 0.0352447 0.0282354 0.0218307 0.0161778 0.0113952 0.00755978 0.00468008
 0.00677971 0.010887 0.0161851 0.0226428 0.0302011 0.0386848 0.0476782 0.0565071 0.0643645 0.070484 0.0742775 0.0754314 0.0739609 0.0701901 0.0646439 0.0579084 0.0505234 0.0429319 0.0354759 0.0284141 0.0219478 0.0162392 0.0114162 0.00755726 0.00466767
 0.0067242 0.0107992 0.0160576 0.022471 0.0299846 0.0384293 0.0473965 0.056219 0.0640931 0.0702512 0.0741017 0.0753275 0.0739411 0.070262 0.0648076 0.0581535 0.0508275 0.0432636 0.0358001 0.0286994 0.0221733 0.0163984 0.0115156 0.00761114 0.00469208
 0.00675585 0.0108327 0.016075 0.0224445 0.029884 0.038234 0.047106 0.0558563 0.0636992 0.0698744 0.0737864 0.0751062 0.0738314 0.0702673 0.0649202 0.0583579 0.0511022 0.0435815 0.03613 0.02901 0.0224389 0.0166041 0.0116591 0.00770083 0.00474191
 0.00683779 0.01095 0.0162207 0.0225985 0.0300142 0.038301 0.0470706 0.0556896 0.0633949 0.0694577 0.0733134 0.0746499 0.0734608 0.070029 0.0648311 0.0584087 0.0512665 0.0438244 0.0364142 0.0292997 0.0227037 0.0168228 0.0118223 0.00781053 0.00480805
 0.00680753 0.0109195 0.0162083 0.0226304 0.030114 0.0384743 0.0472936 0.0559096 0.0635451 0.0694805 0.0731817 0.0743776 0.0730989 0.0696496 0.0645055 0.0581877 0.0511706 0.0438458 0.0365251 0.0294634 0.0228838 0.0169899 0.0119582 0.0079085 0.00487089
 0.00676813 0.0108549 0.016112 0.0225006 0.0299598 0.0383211 0.0471823 0.0558843 0.0636309 0.069664 0.0734078 0.0745706 0.0731957 0.0696269 0.0643861 0.0580255 0.0510256 0.0437613 0.0365175 0.0295235 0.0229867 0.0171069 0.0120658 0.00799311 0.00492904
 0.00674098 0.0108095 0.0160411 0.0223957 0.0298124 0.0381256 0.0469421 0.0556182 0.0633765 0.0694714 0.0733233 0.0746146 0.0733493 0.0698379 0.0645937 0.0581886 0.0511366 0.0438404 0.0365932 0.0296154 0.0230973 0.0172252 0.0121758 0.0080825 0.00499284
 0.0066495 0.0106773 0.0158725 0.0222045 0.0296167 0.0379404 0.0467735 0.0554639 0.0632318 0.0693379 0.0732146 0.0745551 0.0733642 0.0699389 0.0647691 0.0584059 0.0513578 0.0440387 0.0367609 0.029759 0.023226 0.0173427 0.0122791 0.00816616 0.0050538
 0.00661391 0.0106069 0.0157445 0.021993 0.0293028 0.0375259 0.0462903 0.054971 0.0627969 0.0690155 0.0730318 0.0745127 0.0734482 0.070131 0.0650499 0.0587518 0.0517383 0.0444198 0.0371134 0.030065 0.0234799 0.0175461 0.0124364 0.00828185 0.00513322
 0.00658989 0.0105681 0.015685 0.021904 0.0291699 0.0373285 0.0460068 0.0545899 0.0623322 0.0685147 0.0725693 0.0741668 0.0732741 0.0701457 0.0652342 0.0590646 0.0521313 0.0448465 0.0375338 0.0304481 0.0238062 0.0178076 0.012634 0.0084223 0.00522643
 0.00653695 0.0104881 0.0155758 0.0217669 0.0290084 0.0371454 0.0458018 0.0543588 0.0620689 0.068217 0.0722472 0.0738502 0.0730113 0.0699901 0.0652252 0.0592122 0.0524139 0.0452205 0.0379474 0.0308543 0.0241697 0.0181076 0.0128635 0.00858523 0.00533341
 0.00644646 0.0103552 0.0154023 0.0215638 0.0287929 0.0369357 0.0456123 0.0541978 0.0619373 0.0681082 0.0721497 0.0737529 0.072912 0.0699022 0.0651767 0.0592359 0.0525322 0.0454338 0.0382332 0.031175 0.024485 0.0183855 0.0130857 0.00874715 0.0054412
 0.00638361 0.0102538 0.0152518 0.0213567 0.0285283 0.0366236 0.0452768 0.0538747 0.0616652 0.0679166 0.0720497 0.0737361 0.0729573 0.0699863 0.0652849 0.059367 0.0526958 0.0456411 0.0384856 0.031459 0.024775 0.0186529 0.0133082 0.00891457 0.0055551
 0.0063224 0.0101607 0.0151231 0.0211921 0.0283293 0.0363924 0.0450167 0.0535939 0.0613809 0.0676562 0.0718456 0.0736162 0.0729344 0.0700542 0.0654229 0.0595506 0.0529068 0.045871 0.0387319 0.0317171 0.0250334 0.0188939 0.013514 0.00907401 0.00566652
 0.00624548 0.0100383 0.014944 0.0209486 0.0280192 0.0360221 0.0446041 0.0531676 0.0609764 0.0673086 0.0715852 0.0734658 0.072908 0.0701544 0.0656381 0.0598561 0.0532701 0.0462601 0.0391215 0.0320891 0.0253741 0.0191912 0.0137579 0.00925915 0.00579508
 0.00620335 0.0099652 0.0148255 0.0207679 0.0277609 0.035678 0.0441796 0.0526857 0.0604761 0.0668391 0.0711966 0.0731997 0.0727906 0.0701936 0.0658242 0.0601651 0.0536685 0.0467099 0.0395853 0.0325351 0.0257778 0.0195359 0.0140342 0.00946539 0.00593683
 0.00615721 0.00988815 0.0147052 0.0205903 0.0275115 0.035345 0.0437589 0.0521869 0.059926 0.0662821 0.0706897 0.0728029 0.0725538 0.0701456 0.0659679 0.0604791 0.054114 0.0472386 0.0401471 0.0330843 0.0262774 0.0199604 0.0143707 0.00971288 0.00610464
