SBPRF35
9.7574
Curr Bio
581496
B35
726647
F35
0.191993
FOFL
0.166142
OFL
84310.2
Bzero
2.78783e+006
#pred survey bio
 4.3457e+006 4.14876e+006 3.9603e+006 3.71311e+006 3.41807e+006 3.10238e+006 2.78299e+006 2.48763e+006 2.20114e+006 1.93298e+006 1.72692e+006 1.49354e+006 1.31472e+006 1.14898e+006 1.04015e+006 934507 837353 749787 693778 658665 629131 602690 588897 567478 549760 535526 530817 527838 525899 523292 519083 522261 523305 512058 512694 508525 502347 495908 500490 514601 521501 536812 542022 545285 545248 557810 560923 569688 574451 579025 579089 548568 582675 573074 621119 599036 597636 578545 557237 543253 599729 621837 583502 555156 586186 2.23289e+007 1.33783e+007 1.36e+007 1.43609e+007 1.54567e+007 1.66484e+007 1.77734e+007 1.87481e+007 1.95467e+007 2.01765e+007 2.06603e+007 2.10257e+007 2.12985e+007 2.15009e+007 2.16506e+007 2.17613e+007 2.18434e+007 2.19045e+007 2.19501e+007 2.19844e+007 2.20103e+007 2.203e+007 2.2045e+007 2.20565e+007 2.20654e+007 2.20723e+007 2.20776e+007 2.20818e+007 2.2085e+007 2.20875e+007 2.20895e+007 2.20911e+007 2.20923e+007 2.20933e+007 2.20941e+007 2.20947e+007 2.20952e+007 2.20956e+007 2.20959e+007 2.20961e+007 2.20963e+007 2.20965e+007 2.20966e+007 2.20967e+007 2.20968e+007 2.20968e+007 2.20969e+007 2.20969e+007 2.20969e+007 2.2097e+007 2.2097e+007 2.2097e+007 2.2097e+007 2.2097e+007 2.2097e+007 2.2097e+007 2.2097e+007 2.2097e+007 2.20971e+007 2.20971e+007 2.20971e+007 2.20971e+007 2.20971e+007 2.20971e+007 2.20971e+007 2.20971e+007 2.20971e+007 2.20971e+007 2.20971e+007 2.20971e+007 2.20971e+007 2.20971e+007 2.20971e+007 2.20971e+007 2.20971e+007 2.20971e+007 2.20971e+007 2.20971e+007 2.20971e+007 2.20971e+007 2.20971e+007 2.20971e+007 2.20971e+007 2.20971e+007 2.20971e+007 2.20971e+007 2.20971e+007 2.20971e+007 2.20971e+007 2.20971e+007 2.20971e+007 2.20971e+007 2.20971e+007 2.20971e+007 2.20971e+007 2.20971e+007 2.20971e+007 2.20971e+007 2.20971e+007 2.20971e+007 0 0 0 0 0 0 0 0 0 0 0 0 0 0 0 0 0 0 0 0 0 0 0 0 0
#obs survey bio
 3.59153e+006 4.69884e+006 2.68375e+006 3.50696e+006 3.73459e+006 2.24089e+006 2.63474e+006 2.12366e+006 2.10287e+006 1.47171e+006 2.22458e+006 867578 1.28682e+006 1.30781e+006 1.16211e+006 1.07537e+006 774828 683783 691689 528172 468809 519782 589435 568981 617701 512907 277125 399217 511601 444033 419977 384093 478732 346347 512394 753749 534792 491478 545816 639945 509823 661366 704205 380903 480211 592248 474942 676748 454289 714427 523212 666490 411286 808042 551051 637071 623979 665576 583384 465330 815496 561702 606103 383915 648642
#pred catch bio
 90407.7 89306 154486 215562 256475 285168 289406 306266 312033 274524 312139 272407 266049 218995 217019 207346 194801 163475 142482 134954 129385 116341 120522 114660 109491 100754 99959.7 99530.3 99683.8 99942.6 92676.2 93475.6 101827 89097.2 89993.8 89503 90329.7 83122.4 77230.7 84507.3 78200.1 87136.2 88688.4 91800.3 82116.7 90986 86709.1 90635.3 91079.1 95013.3 119991 66581 105083 57186.1 116364 96879.6 111111 111852 105280 48335.2 79562 128561 117870 68717.4 52331 84310.2 96006.9 96334.7 100344 107423 115455 123027 129484 134647 138594 141513 143619 145109 146148 146864 147353 147684 147907 148057 148157 148223 148267 148297 148316 148329 148337 148343 148346 148349 148350 148351 148352 148353 148353 148353 148353 148353 148353 148353 148353 148353 148353 148353 148353 148353 148353 148353 148353 148353 148353 148353 148353 148353 148353 148353 148353 148353 148353 148353 148353 148353 148353 148353 148353 148353 148353 148353 148353 148353 148353 148353 148353 148353 148353 148353 148353 148353 148353 148353 148353 148353 148353 148353 148353 148353 148353 148353 148353 148353 148353 148353 148353 148353 148353 148353 148353 148353 148353 148353 148353 0 0 0 0 0 0 0 0 0 0 0 0 0 0 0 0 0 0 0 0 0 0 0 0 0
#obs catch bio
 0 88949 154882 216300 256756 286188 290850 308856 315902 278946 318534 278152 272344 222817 221265 210796 197576 165971 144367 136893 131618 117568 122514 116166 110796 101469 101809 101633 101804 101962 94368.8 94983.1 103832 91115.8 91691.5 90492.7 91008.9 83250.8 76850.8 84367.8 77756.8 86933.8 87897.3 91663.2 81974 90854.2 86523.3 90172.7 90895 94199.9 120174 65799.7 106011 56470.6 116888 96222.4 110444 110858 105554 47853.1 79230.7 128069 117769 68678.4 52189
#pred cpue bio
 4.28316e+006 4.08935e+006 3.90355e+006 3.65784e+006 3.36424e+006 3.04999e+006 2.73185e+006 2.43756e+006 2.15236e+006 1.88562e+006 1.68073e+006 1.44971e+006 1.27273e+006 1.10912e+006 1.00166e+006 897830 802782 717373 662879 628883 600362 574868 561620 540994 524006 510324 505548 502299 500352 498054 494253 497626 498957 488366 489598 486401 480434 473276 477066 490787 497734 512762 517993 521181 520940 533037 536099 544658 549314 553786 553838 523873 556692 547562 594752 573650 572157 553368 532332 518385 573512 595895 558637 530222 560284 2.14299e+007 1.28729e+007 1.29795e+007 1.35885e+007 1.4626e+007 1.58029e+007 1.69247e+007 1.78989e+007 1.86973e+007 1.9327e+007 1.98109e+007 2.01763e+007 2.04491e+007 2.06515e+007 2.08012e+007 2.09119e+007 2.0994e+007 2.10551e+007 2.11007e+007 2.1135e+007 2.11609e+007 2.11806e+007 2.11956e+007 2.12071e+007 2.1216e+007 2.12229e+007 2.12282e+007 2.12324e+007 2.12356e+007 2.12381e+007 2.12401e+007 2.12417e+007 2.12429e+007 2.12439e+007 2.12447e+007 2.12453e+007 2.12458e+007 2.12462e+007 2.12465e+007 2.12467e+007 2.12469e+007 2.12471e+007 2.12472e+007 2.12473e+007 2.12474e+007 2.12474e+007 2.12475e+007 2.12475e+007 2.12475e+007 2.12476e+007 2.12476e+007 2.12476e+007 2.12476e+007 2.12476e+007 2.12476e+007 2.12476e+007 2.12476e+007 2.12476e+007 2.12476e+007 2.12476e+007 2.12476e+007 2.12477e+007 2.12477e+007 2.12477e+007 2.12477e+007 2.12477e+007 2.12477e+007 2.12477e+007 2.12477e+007 2.12477e+007 2.12477e+007 2.12477e+007 2.12477e+007 2.12477e+007 2.12477e+007 2.12477e+007 2.12477e+007 2.12477e+007 2.12477e+007 2.12477e+007 2.12477e+007 2.12477e+007 2.12477e+007 2.12477e+007 2.12477e+007 2.12477e+007 2.12477e+007 2.12477e+007 2.12477e+007 2.12477e+007 2.12477e+007 2.12477e+007 2.12477e+007 2.12477e+007 2.12477e+007 2.12477e+007 2.12477e+007 2.12477e+007 2.12477e+007 2.12477e+007 0 0 0 0 0 0 0 0 0 0 0 0 0 0 0 0 0 0 0 0 0 0 0 0 0
#obs cpue bio
 4.08798e+006 3.66585e+006 4.59534e+006 3.1175e+006 4.52904e+006 2.94968e+006 2.06989e+006 2.09268e+006 1.62768e+006 1.06043e+006 1.40767e+006 1.44046e+006 1.06401e+006 810466 735594 749568 845760 520986 550563 601860 551071 695009 365397 503896 415161 559893 370908 413267 375431 485534 432072 603884 426617 298839 532269 463833 556008 647343 687918 379145 621795 386174 692886 484116 504675 627836 602425 669986 541813 738952 494836 552862 481073 619102 558993 699654 680215 623797 353196 582212 610896 769012 464233 532522 604921
#pred surv len freq
 0.00490029 0.00793141 0.011892 0.0167515 0.0223921 0.0285368 0.034717 0.0403782 0.0450846 0.0486617 0.0511818 0.0528456 0.0538739 0.0544523 0.0547134 0.0547371 0.0545622 0.0541912 0.0535595 0.0524648 0.0505128 0.0471826 0.0420679 0.0351984 0.0272109
 0.00509502 0.0081624 0.0120862 0.0168003 0.0221959 0.0280667 0.0340535 0.0396927 0.0445632 0.0484172 0.0512081 0.05304 0.0541062 0.0546353 0.0548387 0.0548651 0.0547771 0.0545439 0.0540271 0.0529477 0.050876 0.0473202 0.0419543 0.034896 0.0268311
 0.00529577 0.00849086 0.0125777 0.0174715 0.023021 0.0289546 0.0348475 0.040212 0.0446827 0.0481365 0.0506576 0.0524107 0.0535514 0.0542129 0.0545251 0.054614 0.0545694 0.0543932 0.0539459 0.0529112 0.0508166 0.0471615 0.041659 0.0344906 0.0263907
 0.00547059 0.00877934 0.0130207 0.0181116 0.0238949 0.0300768 0.0361862 0.0416688 0.046089 0.049285 0.0513634 0.0525814 0.0532224 0.0535231 0.0536462 0.0536822 0.0536593 0.0535325 0.0531396 0.0521509 0.0500809 0.0464249 0.0409135 0.0337627 0.0257342
 0.00573841 0.0091966 0.013616 0.0189028 0.0248907 0.0312776 0.0375802 0.0432217 0.047733 0.0509087 0.0528119 0.0536756 0.0538033 0.0535053 0.0530521 0.0526305 0.0523142 0.0520463 0.0516194 0.0506565 0.0486414 0.0450607 0.0396534 0.0326493 0.0248143
 0.00606411 0.00971215 0.0143655 0.0199168 0.0261803 0.0328262 0.0393362 0.0450997 0.049628 0.0527151 0.0544323 0.0550133 0.0547509 0.05395 0.0529033 0.0518595 0.0509765 0.0502704 0.0495676 0.0484849 0.0464792 0.0430117 0.0378059 0.0310787 0.0235718
 0.00639379 0.0102409 0.0151479 0.0209991 0.0275915 0.0345655 0.0413577 0.0473069 0.051885 0.0548721 0.0563514 0.0565827 0.0558846 0.054577 0.0529599 0.0512944 0.0497726 0.0484702 0.047283 0.0458836 0.0437568 0.0403634 0.0354045 0.0290556 0.0219999
 0.0067189 0.0107585 0.0159072 0.0220406 0.0289424 0.0362315 0.0433108 0.0494776 0.054165 0.0571273 0.058439 0.0583675 0.0572504 0.0554325 0.0532374 0.0509456 0.04877 0.04682 0.0450467 0.0431935 0.0408121 0.037404 0.0326686 0.0267337 0.0201991
 0.00706482 0.0113103 0.0167181 0.0231533 0.0303828 0.0379976 0.0453609 0.0517259 0.0564921 0.0594002 0.0605294 0.0601596 0.0586429 0.0563383 0.0535841 0.0506769 0.0478487 0.0452368 0.0428381 0.0404631 0.0377433 0.0342467 0.0296962 0.0241813 0.0182087
 0.0073632 0.0117971 0.017454 0.024196 0.0317757 0.0397526 0.0474402 0.0540352 0.0588936 0.0617391 0.0626596 0.0619595 0.060019 0.0572212 0.0539215 0.0504268 0.0469779 0.0437289 0.040712 0.0377993 0.0347034 0.0310708 0.0266645 0.0215488 0.0161401
 0.00755981 0.0121154 0.017932 0.0248717 0.0326848 0.0409217 0.0488763 0.0557148 0.0607574 0.0636938 0.0645869 0.0637301 0.061509 0.0583251 0.0545578 0.0505352 0.046515 0.0426691 0.0390599 0.0356126 0.0321155 0.0282936 0.0239584 0.0191618 0.0142421
 0.00792401 0.0126898 0.018763 0.0259902 0.0341002 0.0426145 0.0507898 0.0577548 0.0628052 0.0656294 0.0663063 0.0651516 0.0625689 0.0589727 0.0547522 0.0502446 0.0457158 0.0413485 0.0372267 0.0333178 0.0294754 0.0254983 0.0212484 0.0167725 0.0123392
 0.00816791 0.0130868 0.0193613 0.0268343 0.035222 0.0440192 0.0524412 0.0595706 0.0646691 0.0674141 0.0678969 0.0664591 0.0635328 0.0595561 0.0549328 0.0500058 0.0450426 0.0402299 0.0356671 0.0313563 0.0272073 0.0230835 0.0188934 0.0146839 0.0106663
 0.00850715 0.013615 0.0201134 0.0278289 0.0364608 0.0454857 0.0540951 0.0613422 0.0664605 0.0691098 0.0693802 0.0676292 0.0643181 0.0599197 0.0548692 0.0495293 0.0441736 0.0389878 0.0340745 0.0294549 0.0250791 0.0208618 0.0167512 0.0127952 0.00915742
 0.00862399 0.0138161 0.0204364 0.0283151 0.0371456 0.046384 0.0551889 0.062579 0.0677653 0.0704024 0.070587 0.0686843 0.0651601 0.0604922 0.0551259 0.0494405 0.0437288 0.038193 0.0329512 0.0280457 0.0234578 0.0191412 0.0150736 0.011304 0.00795813
 0.00872861 0.0139937 0.0207181 0.0287361 0.0377393 0.0471717 0.0561675 0.0637126 0.0689866 0.0716228 0.0717123 0.0696305 0.0658654 0.0609195 0.0552581 0.0492727 0.0432632 0.0374389 0.0319291 0.0267947 0.0220438 0.0176606 0.0136443 0.010042 0.00694769
 0.0088886 0.0142436 0.0210761 0.0292135 0.0383416 0.0478978 0.0570068 0.0646415 0.0699658 0.0725985 0.0726203 0.0704036 0.0664423 0.0612544 0.0553261 0.0490694 0.0427988 0.0367323 0.031007 0.0256957 0.0208257 0.0164035 0.0124442 0.00899135 0.00611142
 0.00907622 0.0145402 0.021506 0.0297924 0.0390715 0.0487618 0.0579646 0.065631 0.0709146 0.0734404 0.0733072 0.0709064 0.0667451 0.0613479 0.0552055 0.0487352 0.0422594 0.0360049 0.0301178 0.0246818 0.0197383 0.0153095 0.0114197 0.00810721 0.0054153
 0.009194 0.0147156 0.0217409 0.03008 0.0394014 0.0491266 0.058363 0.0660649 0.0713818 0.0739283 0.0737907 0.0713525 0.0671191 0.0616186 0.0553469 0.0487272 0.0420885 0.0356668 0.029621 0.0240504 0.019014 0.0145491 0.0106884 0.00746569 0.00490492
 0.00925134 0.0148009 0.0218541 0.0302155 0.0395489 0.0492738 0.0584997 0.066187 0.0714952 0.0740494 0.0739416 0.0715498 0.0673635 0.06189 0.0556083 0.0489342 0.0421994 0.0356508 0.0294633 0.0237562 0.0186092 0.0140784 0.0102067 0.00702625 0.00454646
 0.00928253 0.0148526 0.0219336 0.0303289 0.0396986 0.0494553 0.0586988 0.0663815 0.0716612 0.0741709 0.0740171 0.0715935 0.0673986 0.0619374 0.055676 0.0490116 0.04226 0.035661 0.0293942 0.0235933 0.0183585 0.0137658 0.00987216 0.00671189 0.00428496
 0.00939845 0.0150198 0.0221459 0.0305679 0.0399398 0.0496773 0.0588897 0.0665386 0.0717851 0.0742592 0.0740637 0.0715933 0.0673534 0.0618593 0.0555833 0.0489206 0.0421762 0.0355759 0.0292894 0.0234506 0.0181699 0.0135392 0.00962973 0.00648191 0.00409163
 0.00935043 0.0149576 0.0220811 0.030519 0.039925 0.0497043 0.05895 0.0666104 0.0718462 0.0742992 0.0740885 0.0716179 0.067391 0.0619142 0.0556518 0.0489952 0.0422487 0.0356371 0.0293276 0.023453 0.018128 0.0134544 0.00951475 0.00635714 0.00397744
 0.0093699 0.0149879 0.0221246 0.0305788 0.0400057 0.0498126 0.0590921 0.0667871 0.0720461 0.0744968 0.0742497 0.071713 0.067407 0.0618587 0.0555468 0.0488663 0.0421161 0.0355116 0.0292111 0.0233412 0.0180151 0.0133373 0.0093964 0.00624568 0.00388234
 0.00946128 0.0151162 0.0222803 0.0307408 0.0401476 0.0499136 0.0591455 0.0668022 0.0720426 0.0744955 0.0742631 0.0717397 0.0674332 0.0618657 0.0555208 0.0488049 0.0420275 0.035409 0.0291056 0.0232388 0.0179169 0.013243 0.00930698 0.0061648 0.00381469
 0.00976214 0.0155501 0.0228302 0.0313536 0.0407468 0.0504209 0.0595007 0.0669734 0.072028 0.0743206 0.073974 0.0713917 0.0670756 0.0615304 0.0552193 0.0485342 0.0417801 0.0351804 0.0288963 0.0230518 0.0177547 0.0131062 0.00919478 0.00607604 0.00374807
 0.00986497 0.0157284 0.0231165 0.0317776 0.0413199 0.051116 0.0602404 0.0676405 0.0725011 0.0745182 0.0738821 0.0710608 0.0665939 0.06099 0.0546919 0.0480612 0.0413755 0.0348411 0.028613 0.0228158 0.0175602 0.0129495 0.00907274 0.00598506 0.00368384
 0.00973136 0.0155511 0.0229246 0.0316261 0.0412779 0.0512456 0.0605739 0.0681645 0.0731528 0.0751945 0.0744639 0.071447 0.0667326 0.0608915 0.0544161 0.0476894 0.0409814 0.0344739 0.0282962 0.0225549 0.0173517 0.0127873 0.00895064 0.0058971 0.00362393
 0.0096007 0.0153457 0.0226309 0.0312427 0.0408237 0.0507682 0.0601515 0.067894 0.0731205 0.0754406 0.0749592 0.072097 0.0674082 0.0614713 0.0548226 0.0479031 0.0410322 0.034417 0.028187 0.0224339 0.0172412 0.0126959 0.00887987 0.00584512 0.00358791
 0.00953773 0.0152418 0.0224717 0.0310142 0.0405157 0.0503806 0.0597027 0.0674269 0.0727019 0.0751501 0.0748685 0.0722445 0.0677795 0.0619978 0.0554018 0.0484334 0.0414443 0.0346876 0.0283324 0.0224904 0.0172466 0.0126786 0.00885647 0.00582361 0.00357114
 0.00950214 0.0151861 0.0223915 0.0309055 0.0403746 0.0502024 0.0594834 0.0671667 0.0724105 0.0748522 0.0746055 0.0720689 0.0677401 0.0621207 0.0556751 0.0488068 0.0418454 0.035048 0.0286089 0.0226722 0.0173479 0.0127245 0.00887089 0.00582354 0.00356632
 0.00941577 0.0150482 0.0221891 0.0306298 0.0400239 0.0497865 0.0590265 0.0667061 0.0719889 0.0745078 0.0743659 0.0719516 0.0677569 0.0622788 0.0559726 0.0492243 0.0423416 0.0355651 0.0290877 0.0230692 0.0176445 0.0129256 0.00899542 0.00589451 0.00360367
 0.00928566 0.0148552 0.0219329 0.0303211 0.0396803 0.0494261 0.0586639 0.0663538 0.0716614 0.0742245 0.0741497 0.0718247 0.067736 0.0623723 0.0561804 0.0495371 0.0427384 0.0360124 0.0295418 0.0234859 0.0179902 0.013185 0.00917202 0.00600379 0.00366533
 0.00905311 0.014525 0.0215246 0.0298835 0.0392778 0.0491164 0.0584789 0.0662933 0.0716988 0.0743194 0.0742619 0.0719257 0.0678161 0.0624409 0.0562599 0.0496516 0.0429044 0.0362312 0.0297987 0.0237538 0.018239 0.0133912 0.00932457 0.00610481 0.0037253
 0.0087938 0.0141043 0.0208969 0.029017 0.0381732 0.047829 0.0571321 0.0650635 0.0707688 0.0738184 0.0742267 0.0723021 0.0684932 0.0632952 0.0571871 0.0505809 0.0437951 0.0370618 0.0305546 0.0244202 0.0188008 0.0138374 0.00965424 0.00632907 0.00386471
 0.00932685 0.0148224 0.0217024 0.029725 0.0385603 0.0477144 0.0564491 0.0638854 0.069284 0.0722742 0.0728659 0.0713087 0.0679568 0.0632052 0.0574565 0.0510883 0.0444242 0.037724 0.0311921 0.0249979 0.0192969 0.0142393 0.00995829 0.00654147 0.00400043
 0.0098748 0.0156826 0.0229307 0.0313285 0.0404679 0.049748 0.0583184 0.0652363 0.0698069 0.0718272 0.07154 0.0693934 0.0658304 0.0612099 0.0558164 0.0498889 0.0436413 0.0372736 0.0309756 0.0249298 0.0193132 0.0142955 0.0100249 0.00660103 0.00404503
 0.00982277 0.0156825 0.0230863 0.0317867 0.0413782 0.0511952 0.0602575 0.0674655 0.0719947 0.0735893 0.0725422 0.0694505 0.0649644 0.0596398 0.0538787 0.0479252 0.0419058 0.0358944 0.0299702 0.0242475 0.0188782 0.0140343 0.00987788 0.00652418 0.00400818
 0.00959529 0.0153312 0.0225987 0.0311808 0.0407186 0.0506065 0.0599189 0.0675702 0.0726732 0.0748282 0.0741489 0.0710965 0.0662944 0.0603961 0.0539824 0.0474803 0.0411329 0.0350345 0.0292053 0.0236685 0.0184957 0.0138118 0.00976463 0.00647509 0.00399148
 0.00942253 0.0150467 0.0221648 0.0305636 0.0399003 0.0496048 0.0588086 0.0664935 0.0718254 0.0744133 0.0743149 0.0718693 0.0675455 0.061868 0.0553731 0.0485495 0.0417769 0.0352934 0.0292101 0.023565 0.0183892 0.0137495 0.00974905 0.00648841 0.00401451
 0.00943296 0.0150508 0.0221458 0.0304946 0.0397467 0.049331 0.0583892 0.065926 0.0711453 0.0737043 0.0737051 0.0715054 0.0675435 0.0622605 0.0560811 0.0494033 0.0425809 0.0359017 0.0295718 0.0237176 0.0184145 0.013726 0.00972463 0.00647925 0.00401811
 0.00926961 0.0148115 0.0218339 0.0301283 0.0393514 0.0489276 0.0579857 0.0655182 0.0707254 0.073275 0.0732921 0.0711643 0.0673538 0.0623031 0.0564028 0.0499853 0.043332 0.0366875 0.0302653 0.0242439 0.0187636 0.0139338 0.0098414 0.00654582 0.00405853
 0.00935383 0.0149173 0.0219366 0.0301881 0.0393274 0.0487973 0.0577581 0.0652297 0.07042 0.0729813 0.0730151 0.0708964 0.0670973 0.0620863 0.0562777 0.0500039 0.0435163 0.0370102 0.0306576 0.0246245 0.0190722 0.0141481 0.00997161 0.00661726 0.00409566
 0.00944878 0.0150672 0.0221517 0.0304695 0.0396605 0.0491458 0.0580641 0.0654262 0.0704541 0.0728367 0.072718 0.070501 0.066662 0.0616591 0.0558967 0.0497038 0.0433275 0.0369484 0.0307109 0.0247542 0.0192276 0.0142868 0.0100722 0.00667884 0.00412836
 0.00943598 0.0150657 0.022185 0.0305708 0.0398631 0.0494677 0.0584932 0.0659145 0.0709252 0.0732048 0.0729119 0.0704847 0.066444 0.061287 0.0554394 0.049233 0.0429043 0.0366153 0.0304879 0.0246366 0.0191905 0.0142961 0.0100977 0.00670219 0.0041432
 0.00933138 0.0148975 0.0219373 0.0302358 0.0394494 0.0490094 0.0580537 0.0655763 0.0707637 0.0732576 0.0731604 0.0708604 0.0668557 0.0616537 0.0557143 0.0494096 0.043007 0.0366819 0.0305527 0.024719 0.0192921 0.014405 0.0101977 0.00678121 0.00419735
 0.00932535 0.0148879 0.0219224 0.0302125 0.0394111 0.0489467 0.0579569 0.0654427 0.0706063 0.0731085 0.0730625 0.0708487 0.0669382 0.0618046 0.0558856 0.0495539 0.0430971 0.0367183 0.0305558 0.0247147 0.0192988 0.0144279 0.0102314 0.00681609 0.00422602
 0.00929391 0.014835 0.02184 0.0300925 0.0392489 0.0487439 0.0577241 0.0651983 0.0703728 0.0729077 0.0729146 0.0707729 0.0669513 0.0619136 0.0560799 0.0498031 0.04336 0.0369578 0.0307516 0.024865 0.0194131 0.0145175 0.0103032 0.00687228 0.00426692
 0.009259 0.0147867 0.0217824 0.0300337 0.0391969 0.0487015 0.0576858 0.0651527 0.0703081 0.0728192 0.072808 0.0706635 0.0668597 0.0618608 0.0560813 0.0498633 0.0434695 0.0370958 0.0308933 0.0249915 0.0195156 0.0145962 0.0103621 0.00691566 0.00429762
 0.0092625 0.0147854 0.0217683 0.0299964 0.0391281 0.048601 0.0575645 0.0650299 0.0702032 0.0727425 0.0727579 0.0706308 0.0668364 0.0618464 0.0560833 0.0498921 0.0435318 0.0371893 0.0310071 0.0251096 0.0196237 0.0146854 0.01043 0.006964 0.00433
 0.0093542 0.014921 0.0219466 0.0302059 0.0393485 0.0488065 0.0577285 0.0651297 0.0702257 0.0726881 0.0726403 0.0704708 0.0666544 0.0616582 0.0559009 0.0497266 0.0433942 0.0370883 0.0309453 0.0250825 0.0196213 0.0146965 0.0104456 0.00697872 0.00434155
 0.00968949 0.0154469 0.0227002 0.031203 0.040574 0.0502031 0.0591885 0.066501 0.0713395 0.0734017 0.0728727 0.0702177 0.0659792 0.0606691 0.0547231 0.0484798 0.0421781 0.0359765 0.0299847 0.0242953 0.0190091 0.0142454 0.0101317 0.00677357 0.0042166
 0.00916804 0.0146765 0.0216869 0.0300088 0.0393076 0.0489988 0.0581848 0.0658215 0.0710712 0.0735718 0.0734367 0.0710697 0.0669823 0.0616914 0.0556652 0.0492859 0.0428321 0.0364895 0.0303808 0.0246001 0.0192433 0.0144232 0.0102626 0.00686511 0.00427632
 0.00922304 0.0147332 0.0217133 0.02996 0.0391433 0.048709 0.0578079 0.0654397 0.0707823 0.0734519 0.0735138 0.0713193 0.0673419 0.0620829 0.056017 0.0495483 0.0429847 0.0365397 0.0303549 0.0245315 0.0191622 0.01435 0.010207 0.0068283 0.00425472
 0.00887635 0.0141856 0.0209195 0.0288898 0.0377887 0.0470966 0.0560147 0.0636036 0.0690944 0.0721264 0.0727419 0.0712203 0.0679288 0.0632574 0.0575969 0.0513173 0.0447434 0.0381406 0.0317142 0.025622 0.0199953 0.0149584 0.0106309 0.00710834 0.00442848
 0.00920428 0.0146806 0.021591 0.0297139 0.0387059 0.048013 0.0568065 0.0641319 0.0692366 0.0718172 0.0720072 0.0701823 0.0667758 0.0621884 0.0567631 0.050785 0.0444922 0.0380929 0.0317762 0.0257172 0.0200793 0.0150157 0.0106635 0.00712446 0.00443578
 0.00918624 0.0146775 0.021634 0.029846 0.0389679 0.0484218 0.0573362 0.0647094 0.0697555 0.0721652 0.0720961 0.0699743 0.0662987 0.0615338 0.0560637 0.0501739 0.0440616 0.0378705 0.0317303 0.0257831 0.0201905 0.015125 0.0107484 0.00718096 0.00446926
 0.0093777 0.0149627 0.0220161 0.0303145 0.0395062 0.049017 0.0579813 0.0653939 0.070448 0.0728008 0.0725799 0.0702039 0.0661992 0.0610893 0.0553301 0.049267 0.0431235 0.037027 0.031059 0.0253039 0.0198785 0.0149353 0.0106372 0.00711632 0.00443179
 0.00953325 0.0152159 0.0223961 0.0308442 0.0401926 0.0498394 0.0588847 0.066295 0.0712578 0.0734486 0.0730238 0.070422 0.0661744 0.0608055 0.0547854 0.0484936 0.0421967 0.0360534 0.0301473 0.0245348 0.0192885 0.0145193 0.0103646 0.00694866 0.0043344
 0.00944153 0.0151014 0.0222882 0.0307937 0.0402605 0.0500767 0.0593133 0.0668974 0.0719787 0.0742069 0.0737302 0.0709973 0.066562 0.0609737 0.0547242 0.0482117 0.0417247 0.0354474 0.0294845 0.0238971 0.0187412 0.0140966 0.0100686 0.00675931 0.00422308
 0.00884413 0.0141553 0.0209169 0.0289582 0.037985 0.0474794 0.0566259 0.0644469 0.0701166 0.0732105 0.0737244 0.0719323 0.0682463 0.0631372 0.0570827 0.0505172 0.0437955 0.0371798 0.0308481 0.0249177 0.0194768 0.0146128 0.0104227 0.00699499 0.00437265
 0.00900765 0.0143464 0.0210645 0.0289453 0.0376741 0.0467578 0.055453 0.0628829 0.0683246 0.0714322 0.0722322 0.0709666 0.0679525 0.0635281 0.0580425 0.0518446 0.0452635 0.0385908 0.0320678 0.025884 0.0201882 0.0151058 0.0107478 0.00720047 0.00449696
 0.00955995 0.0152247 0.0223423 0.0306569 0.0397825 0.0491189 0.0577954 0.0648396 0.0695265 0.071632 0.0713946 0.069279 0.0657579 0.0612157 0.0559411 0.0501537 0.0440374 0.0377706 0.0315387 0.025531 0.0199297 0.0149004 0.0105834 0.00707628 0.0044118
 0.00939646 0.0150603 0.0222828 0.0308648 0.0404357 0.0503403 0.0595852 0.0670419 0.0718467 0.0736976 0.0728437 0.0698555 0.0653861 0.0600231 0.0542123 0.0482336 0.0422269 0.0362568 0.0303827 0.0247005 0.0193503 0.0144983 0.0103042 0.00688605 0.00428828
 0.00840541 0.0135584 0.0202347 0.0283331 0.0375921 0.0474637 0.0570443 0.0652419 0.0711271 0.0742109 0.0744809 0.0722682 0.0680997 0.0625875 0.056326 0.049795 0.0433046 0.0370063 0.0309564 0.0251924 0.0197891 0.0148731 0.0105974 0.00709264 0.00441906
#obs surv len freq
 nan nan nan nan nan nan nan nan nan nan nan nan nan nan nan nan nan nan nan nan nan nan nan nan nan
 0.00448703 0.00734917 0.0111795 0.0159952 0.0216944 0.0279676 0.0342793 0.0400086 0.0446871 0.0481509 0.0505096 0.0520066 0.0529002 0.0534139 0.0537292 0.0539849 0.0542641 0.0545572 0.0546962 0.0542882 0.0527263 0.0493583 0.0438079 0.0362876 0.0276709
 0.00460995 0.00755336 0.0114944 0.01645 0.0223099 0.0287454 0.0351908 0.0409927 0.0456594 0.0490215 0.0512006 0.0524637 0.0530969 0.0533507 0.0534293 0.0534857 0.0536091 0.0537888 0.0538532 0.0534074 0.0518461 0.0485217 0.0430593 0.035665 0.0271951
 0.00477655 0.00782338 0.0118996 0.0170198 0.0230673 0.029698 0.0363212 0.0422519 0.0469693 0.0502848 0.0523145 0.0533337 0.0536495 0.0535427 0.0532516 0.0529609 0.0527834 0.0527227 0.0526133 0.052064 0.0504741 0.0472012 0.0418699 0.0346719 0.0264347
 0.00496805 0.00813809 0.0123793 0.0177052 0.0239891 0.0308646 0.0377054 0.043788 0.0485629 0.0518305 0.0537107 0.0544886 0.0544828 0.0539884 0.0532649 0.052526 0.0519173 0.0514742 0.0510586 0.0503011 0.0486192 0.0453819 0.0402122 0.033279 0.0253642
 0.00519086 0.00849961 0.0129224 0.0184699 0.0250062 0.0321444 0.0392252 0.0454862 0.0503452 0.0535853 0.0553259 0.0558623 0.0555281 0.0546342 0.0534557 0.0522244 0.05111 0.0501807 0.0493379 0.0482559 0.0463926 0.0431459 0.0381426 0.0315224 0.024006
 0.0054137 0.008869 0.0134913 0.0192916 0.026123 0.0335706 0.04093 0.0473896 0.0523315 0.0555274 0.0571053 0.0573789 0.0566994 0.0553922 0.0537443 0.0519993 0.0503428 0.0488681 0.0475163 0.0460155 0.0438845 0.0405706 0.0357194 0.0294415 0.0223842
 0.0056436 0.00924426 0.0140594 0.0200993 0.0272089 0.0349528 0.042592 0.0492718 0.054336 0.057533 0.0589859 0.0590178 0.0579983 0.0562738 0.0541498 0.0518833 0.0496718 0.0476265 0.0457226 0.043743 0.0412769 0.0378382 0.0331059 0.0271686 0.0205962
 0.00588593 0.00964166 0.0146638 0.0209608 0.0283662 0.0364177 0.0443341 0.051215 0.0563702 0.0595367 0.0608444 0.0606312 0.0592814 0.0571546 0.0545681 0.0517899 0.0490287 0.0464119 0.0439441 0.0414606 0.0386233 0.0350214 0.0303794 0.0247732 0.0186958
 0.00613175 0.0100424 0.0152692 0.0218181 0.029512 0.0378637 0.0460528 0.0531332 0.058379 0.0615115 0.0626654 0.0621965 0.0605109 0.0579874 0.0549565 0.0516938 0.048413 0.0452512 0.0422375 0.0392551 0.0360372 0.0322512 0.027674 0.0223764 0.0167804
 0.00636998 0.0104353 0.0158707 0.0226814 0.0306782 0.0393446 0.0478141 0.0550894 0.0604078 0.0634785 0.0644477 0.0636946 0.0616509 0.058718 0.0552431 0.0515117 0.0477415 0.0440745 0.0405565 0.0371098 0.0335323 0.0295666 0.0250442 0.0200367 0.0149021
 0.00661554 0.010839 0.0164864 0.0235622 0.0318654 0.0408511 0.0496066 0.0570823 0.0624739 0.0654736 0.0662353 0.065163 0.0627208 0.0593419 0.0553997 0.0511952 0.0469528 0.0428174 0.0388449 0.0349871 0.0310954 0.0269788 0.0225196 0.0177928 0.0130991
 0.0068488 0.0112196 0.0170619 0.0243779 0.0329562 0.0422278 0.0512417 0.0589038 0.0643736 0.067326 0.0679165 0.0665644 0.0637568 0.0599538 0.0555556 0.0508861 0.046185 0.0416066 0.0372183 0.032996 0.028834 0.0245953 0.0202047 0.0157396 0.0114499
 0.00708167 0.0116015 0.0176425 0.0252045 0.0340629 0.04362 0.0528804 0.0607019 0.0662105 0.0690722 0.0694562 0.0678064 0.0646358 0.0604276 0.0556019 0.0504993 0.0453731 0.0403897 0.0356304 0.0310941 0.0267112 0.0223883 0.0180827 0.0138703 0.0099549
 0.00727364 0.0119195 0.018132 0.0259113 0.0350237 0.0448471 0.0543463 0.0623336 0.0678989 0.0706934 0.070893 0.0689631 0.0654447 0.0608496 0.0556217 0.0501193 0.0446073 0.0392614 0.0341756 0.0293696 0.024805 0.0204241 0.0162085 0.0122293 0.00864853
 0.00743644 0.0121858 0.0185359 0.0264862 0.0357967 0.0458292 0.0555218 0.0636547 0.0692897 0.0720619 0.0721435 0.0700078 0.0662118 0.0612883 0.0557048 0.0498408 0.0439779 0.0383048 0.0329286 0.0278875 0.023169 0.0187439 0.0146119 0.0108372 0.00754418
 0.00752786 0.0123382 0.0187727 0.026832 0.0362738 0.0464506 0.0562838 0.064534 0.0702459 0.0730435 0.0730944 0.0708695 0.0669254 0.0617986 0.055965 0.0498181 0.0436568 0.0376891 0.032042 0.0267764 0.0219051 0.0174235 0.0133452 0.00972709 0.00666141
 0.00760738 0.0124597 0.0189415 0.02705 0.0365412 0.0467693 0.0566585 0.0649697 0.0707441 0.0735973 0.073686 0.0714695 0.0674946 0.06229 0.0563284 0.0500053 0.0436287 0.0374219 0.0315345 0.026054 0.0210226 0.0164612 0.0123976 0.00888325 0.00598371
 0.00767296 0.0125615 0.0190856 0.0272379 0.0367693 0.0470283 0.0569344 0.0652471 0.0710122 0.0738555 0.0739439 0.0717398 0.0677826 0.0625853 0.0566023 0.0502152 0.0437266 0.0373653 0.031297 0.0256349 0.0204518 0.0157973 0.0117168 0.00826093 0.00547547
 0.007719 0.0126303 0.0191781 0.027351 0.0368973 0.0471647 0.0570731 0.065383 0.0711415 0.0739771 0.0740608 0.0718601 0.0679168 0.0627411 0.0567769 0.0503903 0.0438686 0.0374323 0.0312504 0.0254529 0.0201391 0.0153878 0.0112658 0.0078295 0.00511229
 0.00778323 0.0127269 0.0193085 0.027511 0.037077 0.0473505 0.0572493 0.0655341 0.0712552 0.0740482 0.074093 0.0718646 0.0679094 0.0627373 0.0567881 0.0504186 0.0439036 0.0374507 0.0312217 0.02535 0.0199507 0.0151255 0.0109625 0.00752843 0.00485182
 0.00780868 0.0127679 0.0193693 0.0275943 0.037183 0.0474746 0.0573812 0.0656589 0.0713574 0.0741167 0.0741246 0.0718648 0.0678897 0.0627114 0.0567682 0.0504122 0.0439103 0.0374605 0.031216 0.0253074 0.0198558 0.0149776 0.0107778 0.00733456 0.00467704
 0.00786468 0.0128523 0.0194838 0.0277362 0.0373458 0.0476497 0.0575584 0.0658262 0.0715013 0.0742235 0.0741831 0.0718696 0.0678434 0.0626247 0.0566575 0.0502949 0.0437999 0.0373625 0.0311265 0.0252156 0.01975 0.0148518 0.0106368 0.00719209 0.00454975
 0.00787269 0.0128652 0.0195029 0.0277625 0.0373793 0.047689 0.0576009 0.0658688 0.0715417 0.0742614 0.0742192 0.0719039 0.0678734 0.0626463 0.056667 0.0502916 0.0437865 0.0373427 0.0311018 0.0251833 0.0197049 0.0147906 0.0105613 0.00711038 0.00447281
 0.0078985 0.0129024 0.0195503 0.0278159 0.037433 0.0477381 0.0576422 0.0659013 0.0715657 0.0742776 0.0742283 0.0719071 0.067872 0.0626413 0.0566582 0.0502782 0.0437675 0.037318 0.0310719 0.025148 0.0196632 0.0147416 0.0105062 0.00705337 0.00442007
 0.00791089 0.0129203 0.0195728 0.0278405 0.0374558 0.0477543 0.0576477 0.0658939 0.0715461 0.07425 0.0741999 0.0718854 0.0678625 0.0626455 0.056674 0.0503008 0.0437914 0.0373383 0.0310848 0.0251514 0.0196561 0.0147241 0.0104804 0.00702303 0.00438989
 0.00790117 0.0129051 0.0195512 0.0278118 0.03742 0.0477122 0.0576008 0.0658446 0.0714979 0.0742071 0.074167 0.0718673 0.0678632 0.062667 0.0567152 0.0503574 0.0438566 0.0374042 0.0311441 0.0251987 0.0196883 0.0147408 0.0104836 0.00701655 0.00437843
 0.00788529 0.0128738 0.0194941 0.0277172 0.0372785 0.0475229 0.0573762 0.0656099 0.0712847 0.0740438 0.0740722 0.0718468 0.0679122 0.062774 0.0568652 0.0505346 0.0440454 0.0375902 0.0313151 0.0253453 0.0198049 0.0148259 0.0105395 0.00704867 0.00439367
 0.00788752 0.0128753 0.0194922 0.0277067 0.0372521 0.0474714 0.0572908 0.065486 0.0711258 0.0738647 0.0738971 0.0717035 0.0678234 0.0627513 0.0569077 0.050631 0.0441789 0.0377426 0.0314693 0.0254874 0.0199249 0.0149188 0.0106049 0.00708996 0.00441665
 0.00788042 0.0128608 0.019465 0.0276604 0.0371805 0.0473717 0.0571652 0.0653415 0.0709726 0.0737131 0.0737573 0.0715866 0.0677423 0.0627184 0.0569316 0.0507123 0.0443091 0.0379057 0.0316461 0.0256591 0.020077 0.0150419 0.010696 0.00715134 0.00445397
 0.00785425 0.0128196 0.0194053 0.0275796 0.0370773 0.0472464 0.0570205 0.0651838 0.0708119 0.0735618 0.0736285 0.071491 0.0676877 0.0627095 0.0569706 0.0507987 0.0444388 0.0380693 0.0318292 0.0258444 0.0202477 0.0151857 0.0108066 0.00722873 0.00450308
 0.00782836 0.0127753 0.0193348 0.0274749 0.036933 0.0470629 0.0568074 0.0649592 0.0705981 0.07338 0.0734934 0.0714106 0.067664 0.0627408 0.0570522 0.0509248 0.0446018 0.0382597 0.0320349 0.0260509 0.0204399 0.0153506 0.0109364 0.007322 0.00456395
 0.00780111 0.0127287 0.0192603 0.0273636 0.0367769 0.0468592 0.0565618 0.0646876 0.0703248 0.0731331 0.0732992 0.0712886 0.0676236 0.0627811 0.0571642 0.0510945 0.0448134 0.0384973 0.032283 0.0262941 0.0206634 0.0155423 0.0110884 0.0074326 0.00463732
 0.00776849 0.0126747 0.0191775 0.0272441 0.0366148 0.0466524 0.0563151 0.0644138 0.0700441 0.0728696 0.0730779 0.0711315 0.0675469 0.0627925 0.0572616 0.0512666 0.0450424 0.0387624 0.0325627 0.0265685 0.0209152 0.0157579 0.0112598 0.00755816 0.0047214
 0.00774476 0.012636 0.0191187 0.0271604 0.0365019 0.0465082 0.0561408 0.0642153 0.0698315 0.0726568 0.0728806 0.0709668 0.0674314 0.0627402 0.0572811 0.0513591 0.0452006 0.0389714 0.0328025 0.026817 0.0211517 0.0159657 0.0114281 0.0076833 0.00480637
 0.0093321 0.014859 0.0218042 0.0299264 0.0388691 0.0480771 0.056732 0.0638953 0.0688307 0.0712502 0.0713012 0.0693749 0.0659234 0.0613705 0.0560798 0.0503412 0.04437 0.038322 0.032319 0.0264768 0.0209274 0.0158289 0.0113521 0.00764588 0.00479064
 0.00930246 0.0151045 0.0226915 0.0319113 0.0422984 0.052921 0.0624138 0.0693857 0.0730145 0.0733659 0.0711923 0.067431 0.0628096 0.0577415 0.0524186 0.0469344 0.0413565 0.0357534 0.0302008 0.0247893 0.019635 0.0148832 0.0106962 0.00721826 0.0045308
 0.00897575 0.0145868 0.0219591 0.0310081 0.0413913 0.0523381 0.0626071 0.0707706 0.0757221 0.0770583 0.0751026 0.070656 0.0646869 0.0580798 0.0514687 0.045178 0.0392782 0.033708 0.0283901 0.0232979 0.0184754 0.0140296 0.0101032 0.00683184 0.00429646
 0.00880003 0.0142947 0.021508 0.0303568 0.0405153 0.0512592 0.0614332 0.0697244 0.0751272 0.0772515 0.076283 0.0727385 0.0672656 0.0605587 0.0533038 0.0460867 0.0392975 0.0330975 0.0274733 0.0223398 0.0176362 0.0133751 0.00963709 0.00652583 0.00411107
 0.00871183 0.0141463 0.0212746 0.0300109 0.0400303 0.0506182 0.0606411 0.0688227 0.0742085 0.0764687 0.0758379 0.0728329 0.0680133 0.0618979 0.0549749 0.0477135 0.0405387 0.0337781 0.0276191 0.0221146 0.0172394 0.0129638 0.00929796 0.0062853 0.00395962
 0.00870268 0.0141257 0.0212326 0.0299326 0.0398975 0.0504115 0.0603442 0.0684266 0.0737178 0.0759109 0.0752754 0.0723688 0.0677787 0.0620114 0.0554819 0.0485403 0.0414995 0.034645 0.0282183 0.0223887 0.0172433 0.0128105 0.00909697 0.00610721 0.00383212
 0.00866185 0.0140632 0.0211455 0.02982 0.0397595 0.050248 0.0601534 0.0682058 0.0734642 0.0756246 0.0749642 0.0720561 0.0675108 0.0618563 0.0555129 0.0488023 0.0419745 0.0352423 0.0288047 0.0228448 0.017511 0.0129036 0.0090749 0.00603633 0.00375923
 0.0086488 0.0140383 0.0211014 0.0297485 0.0396538 0.0501068 0.0599833 0.0680201 0.0732776 0.0754471 0.074798 0.0718989 0.0673646 0.061736 0.0554503 0.0488379 0.0421379 0.0355295 0.0291686 0.0232098 0.0178058 0.0130906 0.00915858 0.00604904 0.00373859
 0.00865964 0.0140578 0.0211337 0.0297969 0.0397185 0.0501814 0.0600535 0.0680661 0.0732808 0.0753967 0.0746948 0.0717527 0.0671901 0.0615508 0.0552752 0.0486994 0.0420643 0.0355407 0.0292633 0.0233606 0.0179689 0.0132249 0.0092426 0.00608455 0.00374187
 0.00865274 0.0140466 0.0211171 0.0297747 0.0396922 0.0501548 0.0600325 0.068056 0.0732832 0.0754065 0.0747011 0.0717431 0.0671565 0.0614928 0.0552009 0.0486239 0.042007 0.0355204 0.0292909 0.0234329 0.0180679 0.013325 0.0093222 0.00613428 0.00376481
 0.00863666 0.0140228 0.0210856 0.0297371 0.039651 0.0501128 0.0599927 0.0680218 0.0732582 0.0753944 0.0747031 0.0717568 0.0671747 0.0615064 0.0552031 0.0486137 0.041991 0.0355103 0.029299 0.0234656 0.0181219 0.0133888 0.00938156 0.00617896 0.00379192
 0.00863481 0.0140184 0.0210764 0.0297205 0.039625 0.0500774 0.0599509 0.0679791 0.073221 0.0753678 0.0746897 0.0717565 0.0671852 0.0615234 0.0552211 0.0486279 0.0419994 0.0355153 0.0293065 0.023482 0.0181498 0.0134254 0.00941981 0.00621169 0.00381501
 0.00860438 0.0139755 0.0210239 0.029665 0.0395742 0.0500373 0.0599229 0.0679609 0.0732088 0.0753594 0.0746858 0.0717596 0.0671975 0.0615453 0.0552505 0.0486608 0.0420316 0.0355444 0.0293327 0.0235074 0.018177 0.0134546 0.00944897 0.0062373 0.0038344
 0.00861611 0.0139869 0.0210274 0.0296498 0.039531 0.0499638 0.0598278 0.067862 0.0731262 0.0753068 0.0746664 0.0717678 0.0672243 0.0615828 0.0552937 0.0487066 0.0420775 0.0355882 0.0293728 0.0235435 0.0182095 0.0134841 0.00947515 0.00625915 0.00385093
 0.0086058 0.0139758 0.0210204 0.0296536 0.0395502 0.0499961 0.0598625 0.067883 0.0731198 0.07527 0.0746087 0.071706 0.0671739 0.0615521 0.055283 0.0487116 0.0420926 0.0356087 0.0293954 0.0235662 0.0182311 0.0135041 0.00949294 0.00627408 0.00386244
 0.0086058 0.0139758 0.0210204 0.0296536 0.0395502 0.0499961 0.0598625 0.067883 0.0731198 0.07527 0.0746087 0.071706 0.0671739 0.0615521 0.055283 0.0487116 0.0420926 0.0356087 0.0293954 0.0235662 0.0182311 0.0135041 0.00949294 0.00627408 0.00386244
 0.00892054 0.0144675 0.0217214 0.0305757 0.0406768 0.0512736 0.0611928 0.0691283 0.0741266 0.075906 0.0747971 0.0714421 0.0665196 0.0606146 0.0541863 0.047571 0.0409985 0.0346214 0.0285484 0.0228723 0.0176887 0.0131012 0.00921065 0.00608901 0.00374989
 0.00847167 0.0137981 0.0208285 0.0295024 0.039508 0.0501241 0.0601931 0.0684078 0.0737886 0.0759978 0.0752913 0.072242 0.0674885 0.0616145 0.0551108 0.0483599 0.0416348 0.0351169 0.0289269 0.0231582 0.0179018 0.0132565 0.00931984 0.0061621 0.00379588
 0.00866047 0.0140351 0.0210579 0.0296337 0.0394476 0.0498202 0.0596712 0.0677701 0.0731766 0.0755401 0.0750646 0.0722587 0.0677073 0.0619617 0.0555033 0.0487258 0.0419275 0.0353195 0.0290473 0.0232177 0.0179241 0.0132604 0.00931716 0.00615863 0.00379354
 0.00824202 0.0134064 0.0202058 0.0285748 0.0382168 0.0484565 0.0582163 0.0662852 0.0717645 0.0743525 0.0742777 0.072021 0.0680849 0.06291 0.0568796 0.0503346 0.0435738 0.036849 0.0303643 0.0242826 0.0187394 0.0138535 0.00972666 0.00642558 0.00395655
 0.00870593 0.0140889 0.0210993 0.0296241 0.0393312 0.0495313 0.0591462 0.0669665 0.0720971 0.0742559 0.0737228 0.0710626 0.0668682 0.0616364 0.0557441 0.0494649 0.0430038 0.0365345 0.0302229 0.0242337 0.0187265 0.0138479 0.00971938 0.00641687 0.00394877
 0.00857779 0.0139504 0.0210165 0.0296934 0.0396432 0.0501199 0.0599525 0.0678465 0.0728727 0.0747783 0.0739122 0.0709113 0.0664234 0.0609849 0.0549998 0.0487508 0.0424231 0.036142 0.0300161 0.0241675 0.0187412 0.013893 0.00976445 0.00644993 0.00396897
 0.00869094 0.0141075 0.0212074 0.0299016 0.0398637 0.0503771 0.0603033 0.0683531 0.0735547 0.0755731 0.0746766 0.0714706 0.0666401 0.0608084 0.0544753 0.0479938 0.0415777 0.0353407 0.0293497 0.0236733 0.0184098 0.0136889 0.00964614 0.00638378 0.00393267
 0.0087635 0.0142363 0.0214189 0.0302213 0.0403036 0.0509217 0.0609039 0.0689422 0.0740752 0.076002 0.0750214 0.0717386 0.0668081 0.0608202 0.0542732 0.0475589 0.0409508 0.0346114 0.0286238 0.0230379 0.0179125 0.0133363 0.00941717 0.00624602 0.00385518
 0.00879092 0.0142826 0.0214927 0.0303342 0.04047 0.0511568 0.0612181 0.0693325 0.0745183 0.0764551 0.0754337 0.072068 0.06703 0.0609234 0.0542476 0.0473917 0.0406376 0.0341726 0.0281101 0.022518 0.01745 0.0129706 0.00915778 0.00607967 0.00375805
 0.00821697 0.0133764 0.0201837 0.0285878 0.0383094 0.0486895 0.0586543 0.0669712 0.0726866 0.0754202 0.0753287 0.0728651 0.0685658 0.0629531 0.056506 0.0496399 0.0426921 0.0359175 0.0294981 0.0235598 0.0181952 0.013484 0.00950101 0.0063019 0.00389575
 0.00835367 0.0135285 0.020282 0.0285222 0.0379553 0.0479521 0.0575116 0.0654953 0.0710362 0.0738113 0.0739929 0.0720021 0.0682981 0.0632975 0.0573721 0.0508598 0.0440667 0.0372638 0.0306823 0.0245111 0.0189011 0.0139728 0.00981984 0.00649941 0.00401226
 0.00878377 0.0142361 0.0213538 0.0300208 0.0398772 0.050177 0.0597738 0.0674169 0.0722332 0.0740286 0.0731966 0.0703828 0.0661954 0.0610881 0.0553709 0.0492588 0.0429222 0.0365243 0.0302388 0.0242485 0.0187314 0.0138465 0.00971843 0.00642027 0.00395599
 0.00881777 0.0143372 0.0215922 0.0304933 0.0406871 0.0513952 0.061395 0.0693277 0.0742078 0.0757616 0.0743718 0.0707654 0.0657117 0.059855 0.0536552 0.0473853 0.041174 0.0350779 0.0291511 0.0234865 0.0182195 0.013507 0.0094928 0.00627121 0.00386079
 0.0083933 0.0136629 0.0206135 0.029189 0.0390954 0.0496445 0.0597172 0.0680278 0.0735795 0.0759761 0.0754002 0.0723767 0.0675504 0.0615636 0.0549864 0.0482587 0.0416596 0.0353246 0.0293046 0.0236361 0.0183901 0.0136823 0.0096461 0.00638608 0.00393553
#pred catch len freq
 0.00437024 0.00690959 0.0100686 0.0137674 0.0179589 0.0226111 0.0276364 0.0328539 0.0380211 0.0428937 0.047266 0.0509904 0.0539891 0.0562554 0.0578355 0.0588054 0.0592514 0.0592451 0.058786 0.0577103 0.0556264 0.0519885 0.0463652 0.0387987 0.0299958
 0.00455708 0.00714238 0.0102914 0.0138938 0.0179076 0.0223543 0.0272315 0.0324281 0.0377119 0.0427796 0.0473317 0.0511465 0.0541296 0.0563175 0.0578307 0.0588085 0.0593558 0.0595055 0.0591758 0.0581199 0.055909 0.0520303 0.0461425 0.0383843 0.0295148
