SBPRF35
12.7214
Curr Bio
635508
B35
838272
F35
0.171852
FOFL
0.129488
OFL
69091.7
Bzero
3.63469e+006
#pred survey bio
 3.11348e+006 2.8061e+006 2.53504e+006 2.30158e+006 2.0248e+006 1.80673e+006 1.59456e+006 1.41509e+006 1.27277e+006 1.1193e+006 963835 853448 750450 676468 659347 628323 599045 587271 573187 560421 547313 543803 546689 543983 547340 544588 536107 544908 557525 565524 563589 582329 603044 610325 622518 631513 637794 642354 652113 662697 659973 668143 674047 662650 656746 632631 625448 640945 2.26569e+007 1.39041e+007 1.45798e+007 1.58953e+007 1.76036e+007 1.94293e+007 2.11719e+007 2.27169e+007 2.40192e+007 2.50785e+007 2.59186e+007 2.65733e+007 2.70773e+007 2.74623e+007 2.77552e+007 2.79774e+007 2.81462e+007 2.82745e+007 2.83724e+007 2.84474e+007 2.85051e+007 2.85497e+007 2.85843e+007 2.86114e+007 2.86326e+007 2.86493e+007 2.86625e+007 2.8673e+007 2.86813e+007 2.8688e+007 2.86933e+007 2.86976e+007 2.87011e+007 2.87039e+007 2.87062e+007 2.8708e+007 2.87095e+007 2.87107e+007 2.87117e+007 2.87125e+007 2.87132e+007 2.87137e+007 2.87141e+007 2.87145e+007 2.87148e+007 2.8715e+007 2.87152e+007 2.87154e+007 2.87155e+007 2.87156e+007 2.87157e+007 2.87158e+007 2.87158e+007 2.87159e+007 2.87159e+007 2.8716e+007 2.8716e+007 2.8716e+007 2.8716e+007 2.8716e+007 2.87161e+007 2.87161e+007 2.87161e+007 2.87161e+007 2.87161e+007 2.87161e+007 2.87161e+007 2.87161e+007 2.87161e+007 2.87161e+007 2.87161e+007 2.87161e+007 2.87161e+007 2.87161e+007 2.87161e+007 2.87161e+007 2.87161e+007 2.87161e+007 2.87161e+007 2.87161e+007 2.87161e+007 2.87161e+007 2.87161e+007 2.87161e+007 2.87161e+007 2.87161e+007 2.87161e+007 2.87161e+007 2.87161e+007 2.87161e+007 2.87161e+007 2.87161e+007 2.87161e+007 2.87161e+007 2.87161e+007 2.87161e+007 2.87161e+007 2.87161e+007 2.87161e+007 2.87161e+007 0 0 0 0 0 0 0 0 0 0 0 0 0 0 0 0 0 0 0 0 0 0 0 0 0
#obs survey bio
 2.85557e+006 3.05015e+006 2.21311e+006 1.80342e+006 2.07145e+006 1.7646e+006 1.72558e+006 1.76806e+006 1.31044e+006 820591 827674 867075 713725 632068 538672 773319 434095 548876 662470 710015 357701 528807 653866 770068 664209 431568 557086 517401 530308 572761 364749 600632 594852 584571 528216 716530 551934 661708 731429 748086 741996 830920 572268 974220 727836 1.03246e+006 684482 573060
#pred catch bio
 303760 290143 275588 332557 294273 300504 279717 253432 267089 268171 225794 215026 184929 134598 146071 142341 125676 125905 122263 119769 109493 102865 106255 99848.3 104019 107584 92786.9 90872.4 95831.8 104493 87983.4 88245.7 100785 97647.7 101596 104851 107174 103363 102766 112848 101709 102155 114855 108081 121556 105291 86402.8 95064.5 69091.7 91806.2 94966.5 102463 113257 124982 136103 145827 153870 160260 165184 168894 171639 173641 175087 176121 176855 177374 177739 177995 178173 178298 178384 178445 178486 178515 178535 178549 178558 178565 178569 178572 178574 178576 178577 178578 178578 178578 178579 178579 178579 178579 178579 178579 178579 178579 178579 178579 178579 178579 178579 178579 178579 178579 178579 178579 178579 178579 178579 178579 178579 178579 178579 178579 178579 178579 178579 178579 178579 178579 178579 178579 178579 178579 178579 178579 178579 178579 178579 178579 178579 178579 178579 178579 178579 178579 178579 178579 178579 178579 178579 178579 178579 178579 178579 178579 178579 178579 178579 178579 0 0 0 0 0 0 0 0 0 0 0 0 0 0 0 0 0 0 0 0 0 0 0 0 0
#obs catch bio
 259559 289700 274438 333607 294843 302331 279968 253218 268178 271007 228110 216518 186393 134727 147592 143475 127243 127201 122986 120179 110230 103141 106310 99442.2 103440 107628 92459.5 90812.4 95884.2 104404 88308.6 88359.9 100702 97617.6 101940 104658 107501 103963 103075 113266 101612 101444 114020 106819 120736 104531 85707.8 95121.2
#pred cpue bio
 3.07106e+006 2.76526e+006 2.49463e+006 2.26128e+006 1.98566e+006 1.7685e+006 1.55764e+006 1.3792e+006 1.23753e+006 1.08538e+006 931830 823109 722040 649516 632537 602099 573509 562147 548698 536622 524170 521015 524142 521807 525340 522769 514490 523042 535337 543215 541257 559536 579955 587072 598830 607571 613630 617980 627693 638446 636227 644718 650907 639912 634187 610582 603530 618706 2.18795e+007 1.34326e+007 1.39401e+007 1.50984e+007 1.67627e+007 1.858e+007 2.03212e+007 2.1866e+007 2.31683e+007 2.42276e+007 2.50677e+007 2.57224e+007 2.62264e+007 2.66114e+007 2.69042e+007 2.71265e+007 2.72953e+007 2.74236e+007 2.75215e+007 2.75965e+007 2.76542e+007 2.76988e+007 2.77334e+007 2.77605e+007 2.77817e+007 2.77984e+007 2.78116e+007 2.78221e+007 2.78304e+007 2.78371e+007 2.78424e+007 2.78467e+007 2.78502e+007 2.7853e+007 2.78553e+007 2.78571e+007 2.78586e+007 2.78598e+007 2.78608e+007 2.78616e+007 2.78623e+007 2.78628e+007 2.78632e+007 2.78636e+007 2.78639e+007 2.78641e+007 2.78643e+007 2.78645e+007 2.78646e+007 2.78647e+007 2.78648e+007 2.78649e+007 2.78649e+007 2.7865e+007 2.7865e+007 2.78651e+007 2.78651e+007 2.78651e+007 2.78651e+007 2.78651e+007 2.78652e+007 2.78652e+007 2.78652e+007 2.78652e+007 2.78652e+007 2.78652e+007 2.78652e+007 2.78652e+007 2.78652e+007 2.78652e+007 2.78652e+007 2.78652e+007 2.78652e+007 2.78652e+007 2.78652e+007 2.78652e+007 2.78652e+007 2.78652e+007 2.78652e+007 2.78652e+007 2.78652e+007 2.78652e+007 2.78652e+007 2.78652e+007 2.78652e+007 2.78652e+007 2.78652e+007 2.78652e+007 2.78652e+007 2.78652e+007 2.78652e+007 2.78652e+007 2.78652e+007 2.78652e+007 2.78652e+007 2.78652e+007 2.78652e+007 2.78652e+007 2.78652e+007 2.78652e+007 0 0 0 0 0 0 0 0 0 0 0 0 0 0 0 0 0 0 0 0 0 0 0 0 0
#obs cpue bio
 2.17715e+006 3.46022e+006 3.22784e+006 2.00762e+006 1.54649e+006 1.46566e+006 1.98773e+006 1.12104e+006 945427 1.03267e+006 828683 954335 657605 688596 514908 499416 445787 632790 537253 476057 563161 619563 549933 473480 536278 498501 581043 463059 524166 702451 439232 649994 840578 514899 536183 808384 489310 424493 630217 630395 676006 920275 976304 600780 525222 419636 586068 407098
#pred surv len freq
 0.00471787 0.00775101 0.0118335 0.016994 0.0231219 0.0298678 0.0366259 0.0426948 0.0475436 0.0509803 0.0531172 0.0542144 0.054544 0.0543339 0.0537644 0.0529851 0.0521334 0.051331 0.0506237 0.0498669 0.0486263 0.0462274 0.042034 0.0358562 0.0282113
 0.00515158 0.00838791 0.0126689 0.0179889 0.0242259 0.0310506 0.0378901 0.0440577 0.048996 0.0524521 0.0544783 0.0553153 0.0552744 0.0546623 0.0537371 0.0526869 0.0516322 0.0506329 0.0496641 0.0485461 0.0468805 0.044099 0.0396984 0.0335772 0.0262456
 0.00539162 0.00882586 0.0134107 0.0191481 0.0258806 0.0331857 0.0403613 0.0466147 0.0513658 0.0544345 0.0559893 0.0563584 0.0558779 0.0548393 0.0534895 0.0520307 0.050607 0.0492825 0.0480075 0.0465727 0.0445859 0.0415438 0.0370428 0.0310577 0.024096
 0.00558014 0.00912912 0.0138659 0.0197999 0.0267868 0.0344151 0.0419746 0.0486255 0.0536985 0.0569073 0.0583456 0.0583408 0.0573028 0.0556298 0.0536554 0.0516255 0.0496933 0.0479175 0.0462394 0.0444451 0.042156 0.0389131 0.0343788 0.0285754 0.0219988
 0.00585978 0.00958912 0.0145672 0.0208001 0.0281271 0.0361022 0.0439668 0.0508372 0.0560217 0.0592322 0.0605619 0.060321 0.0588952 0.0566791 0.0540447 0.0513072 0.0486902 0.0462985 0.044093 0.0418693 0.0392685 0.0358715 0.0313869 0.0258591 0.0197504
 0.00605782 0.00991704 0.0150727 0.0215336 0.0291346 0.0374117 0.0455725 0.05269 0.0580331 0.0612909 0.0625531 0.0621388 0.0604417 0.0578553 0.0547458 0.0514336 0.0481718 0.0451167 0.0422889 0.0395394 0.0365599 0.0329783 0.0285385 0.023287 0.0176373
 0.00636665 0.0104048 0.0157806 0.0224917 0.0303581 0.0388958 0.0472847 0.0545656 0.0599812 0.0632079 0.0643369 0.0636983 0.0617007 0.0587505 0.0552199 0.0514281 0.0476277 0.0439889 0.0405704 0.0372854 0.0339009 0.0301155 0.0257181 0.0207518 0.0155697
 0.00667903 0.0109092 0.0165322 0.0235366 0.0317218 0.0405659 0.049197 0.056605 0.0620045 0.0650783 0.0659508 0.064992 0.0626402 0.059317 0.0553968 0.0511922 0.0469467 0.042828 0.0389113 0.0351547 0.0313964 0.0274141 0.0230519 0.0183565 0.0136219
 0.00684216 0.0111951 0.0170006 0.0242561 0.0327538 0.0419404 0.0508882 0.0585228 0.064009 0.0670099 0.0676622 0.0663709 0.0636196 0.0598712 0.055528 0.0509121 0.0462608 0.0417312 0.0373992 0.0332485 0.0291717 0.0250161 0.0206813 0.0162231 0.0118863
 0.00701151 0.0114874 0.0174728 0.0249736 0.0337786 0.0433104 0.0525941 0.0604949 0.0661208 0.0690972 0.0695497 0.0679005 0.0646752 0.0603939 0.0555153 0.050402 0.0453074 0.0403854 0.0357033 0.03125 0.0269484 0.0226949 0.0184326 0.0142253 0.0102748
 0.00724296 0.0118692 0.0180578 0.0258153 0.0349215 0.0447738 0.0543543 0.0624763 0.0682019 0.071129 0.0713762 0.0693779 0.0656876 0.0608667 0.0554236 0.0497683 0.04419 0.0388605 0.0338516 0.0291553 0.0247083 0.0204337 0.0162986 0.0123653 0.00879471
 0.00736509 0.012071 0.0183685 0.0262665 0.0355437 0.0455902 0.0553717 0.0636785 0.0695475 0.0725531 0.0727938 0.0706886 0.0667837 0.0616454 0.0558017 0.049696 0.0436583 0.0379002 0.0325257 0.0275515 0.022935 0.0186179 0.0145776 0.0108656 0.00760333
 0.00759965 0.0124394 0.0188986 0.0269749 0.0364327 0.0466435 0.05655 0.06492 0.0707771 0.0736975 0.0737936 0.0715009 0.0673763 0.0619892 0.0558661 0.0494515 0.0430849 0.0369981 0.0313244 0.0261132 0.0213531 0.0170091 0.0130665 0.00956186 0.0065778
 0.00796011 0.0129789 0.019624 0.027862 0.0374338 0.0477003 0.0576041 0.0659162 0.0716665 0.0744416 0.0743686 0.0718974 0.0675948 0.0620323 0.0557317 0.0491293 0.0425589 0.0362554 0.0303674 0.0249716 0.0200895 0.0157146 0.0118451 0.00850693 0.00574911
 0.00791241 0.0129238 0.0195811 0.0278603 0.0375 0.0478437 0.0578081 0.0661469 0.071894 0.0746617 0.0746066 0.0721907 0.067966 0.0624702 0.0561896 0.0495381 0.0428452 0.0363571 0.0302471 0.0246252 0.0195512 0.0150527 0.011148 0.00786154 0.00521886
 0.00795031 0.01299 0.01969 0.0280298 0.0377497 0.0481891 0.0582521 0.0666703 0.0724515 0.075187 0.0750308 0.0724673 0.068088 0.0624685 0.0561116 0.0494198 0.0426938 0.036153 0.0299588 0.0242305 0.019053 0.0144848 0.0105671 0.00732959 0.00478371
 0.00801296 0.0130883 0.0198317 0.0282204 0.0379922 0.0484841 0.0585966 0.067056 0.0728629 0.0755999 0.0754115 0.0727755 0.0682855 0.0625328 0.0560449 0.049247 0.0424486 0.0358604 0.0296271 0.0238561 0.0186348 0.0140365 0.01012 0.00692312 0.00445098
 0.00793011 0.0129636 0.019663 0.0280135 0.0377606 0.0482484 0.0583837 0.0668981 0.0727937 0.0756476 0.0755899 0.0730763 0.0686762 0.0629617 0.056454 0.0495879 0.0426927 0.0359995 0.0296657 0.0238037 0.0185035 0.0138444 0.00989414 0.00669599 0.00425205
 0.00787548 0.0128776 0.0195394 0.0278494 0.0375589 0.0480196 0.0581476 0.0666824 0.0726293 0.0755616 0.0756002 0.0731894 0.0688864 0.0632501 0.0567894 0.0499299 0.0429999 0.0362389 0.0298185 0.0238657 0.0184831 0.0137592 0.00976823 0.00655653 0.00412325
 0.00786368 0.0128512 0.0194863 0.0277547 0.0374091 0.0478094 0.0578862 0.0663947 0.0723512 0.0753315 0.0754507 0.0731418 0.0689488 0.0634168 0.0570415 0.0502375 0.0433258 0.0365441 0.0300697 0.0240418 0.0185779 0.0137811 0.00973627 0.00649462 0.00405392
 0.00790532 0.0129099 0.0195574 0.0278266 0.0374646 0.0478286 0.057851 0.0662935 0.0721837 0.0751126 0.07521 0.0729177 0.0687789 0.0633285 0.0570464 0.0503295 0.0434838 0.0367368 0.0302626 0.0242045 0.0186909 0.013839 0.00974663 0.00647318 0.0040183
 0.00786705 0.0128493 0.0194694 0.0277071 0.0373113 0.0476417 0.0576343 0.0660556 0.0719385 0.074878 0.0750066 0.0727671 0.0687008 0.0633374 0.057148 0.0505181 0.0437417 0.0370362 0.0305696 0.0244861 0.0189214 0.0140053 0.00984952 0.00652454 0.00403526
 0.00779026 0.0127238 0.0192797 0.0274401 0.0369606 0.047214 0.0571546 0.0655663 0.0714908 0.0745192 0.07477 0.0726677 0.0687379 0.0634997 0.0574176 0.0508735 0.0441574 0.037483 0.0310152 0.0248981 0.0192725 0.0142787 0.010042 0.00664539 0.00410177
 0.00779158 0.0127198 0.019262 0.0273961 0.0368753 0.0470742 0.0569531 0.065306 0.0711865 0.0741972 0.0744641 0.0724135 0.0685654 0.0634275 0.0574513 0.0510066 0.0443742 0.0377606 0.0313258 0.0252112 0.0195594 0.0145173 0.0102213 0.00676614 0.00417397
 0.00779443 0.0127138 0.0192332 0.027325 0.0367416 0.0468644 0.0566674 0.064961 0.0708115 0.0738274 0.074135 0.0721563 0.0684042 0.0633771 0.0575153 0.0511773 0.044634 0.0380843 0.0316834 0.0255711 0.0198921 0.0147995 0.0104398 0.00691978 0.00427128
 0.00781224 0.0127482 0.019294 0.0274216 0.0368769 0.0470269 0.0568273 0.0650746 0.0708352 0.0737352 0.0739289 0.0718655 0.068075 0.0630598 0.0572535 0.0510008 0.0445563 0.0381027 0.0317813 0.0257227 0.0200674 0.0149708 0.0105863 0.0070308 0.00434605
 0.00793938 0.0129362 0.0195425 0.0277192 0.0372049 0.047366 0.0571598 0.0653811 0.0710893 0.0739016 0.0739701 0.0717558 0.0678137 0.0626767 0.0568022 0.0505441 0.0441501 0.0377846 0.0315668 0.0256063 0.0200291 0.0149835 0.0106237 0.00707261 0.00438074
 0.00792652 0.0129151 0.01951 0.0276715 0.0371377 0.0472759 0.0570466 0.065252 0.0709611 0.0737987 0.0739154 0.071759 0.0678645 0.0627487 0.0568668 0.0505855 0.0441714 0.0378029 0.0316011 0.0256677 0.020116 0.0150842 0.0107225 0.00715648 0.00444303
 0.0078236 0.0127621 0.0193066 0.0274268 0.036868 0.0469998 0.0567824 0.0650159 0.0707679 0.0736619 0.0738475 0.0717696 0.0679566 0.0629142 0.0570849 0.0508274 0.0444097 0.0380207 0.0317947 0.0258414 0.0202745 0.0152276 0.0108463 0.00725538 0.00451472
 0.00783736 0.0127686 0.0192876 0.0273579 0.0367272 0.0467805 0.0565018 0.0647132 0.0704903 0.0734473 0.0737141 0.0717175 0.0679763 0.0629948 0.057216 0.0509969 0.0446021 0.0382187 0.0319839 0.0260132 0.0204259 0.0153578 0.0109545 0.00734035 0.00457636
 0.00789189 0.0128639 0.0194417 0.0275865 0.0370346 0.0471476 0.0568803 0.0650342 0.0706872 0.0734819 0.0735901 0.0714733 0.0676655 0.0626672 0.0569085 0.0507322 0.0443908 0.0380622 0.0318767 0.0259467 0.0203908 0.0153457 0.0109579 0.00735219 0.0045906
 0.00775429 0.0126477 0.019132 0.027179 0.0365414 0.0466028 0.0563413 0.0645718 0.070365 0.0733341 0.073612 0.0716311 0.0679159 0.0629739 0.0572472 0.0510872 0.0447495 0.0384122 0.0322054 0.0262426 0.0206452 0.0155534 0.0111181 0.00746818 0.00466878
 0.00772527 0.0125805 0.0189944 0.0269303 0.0361448 0.0460444 0.0556467 0.0638106 0.0696367 0.0727425 0.0732376 0.0715122 0.0680441 0.0633035 0.0577139 0.051627 0.0453108 0.0389579 0.0327104 0.0266899 0.0210234 0.0158573 0.0113484 0.00763144 0.00477627
 0.00778581 0.0126809 0.019147 0.0271417 0.0364068 0.0463242 0.0558841 0.0639297 0.0695735 0.0724755 0.0728033 0.0709948 0.0675446 0.0629061 0.0574641 0.0515288 0.0453386 0.0390729 0.0328744 0.0268714 0.0211994 0.0160125 0.0114742 0.00772531 0.00484055
 0.00771626 0.0125844 0.019033 0.0270305 0.0363255 0.0462978 0.0559257 0.0640323 0.069707 0.0725912 0.0728489 0.0709358 0.0673829 0.0626823 0.0572416 0.0513677 0.0452741 0.0391085 0.0329887 0.0270314 0.0213728 0.0161743 0.0116091 0.00782727 0.00491065
 0.00772693 0.012589 0.0190173 0.0269765 0.0362196 0.0461426 0.0557468 0.0638737 0.0696142 0.0725891 0.0729282 0.0710558 0.0674897 0.0627335 0.0572249 0.0513041 0.0452042 0.039072 0.0330071 0.0271034 0.0214802 0.016293 0.0117187 0.00791553 0.00497372
 0.00772238 0.0125897 0.0190322 0.0270159 0.0362889 0.0462348 0.0558398 0.0639375 0.0696259 0.0725477 0.0728555 0.0709829 0.0674373 0.0627005 0.0571935 0.0512558 0.0451352 0.0389962 0.0329472 0.0270773 0.0214922 0.016334 0.011773 0.00796843 0.00501621
 0.00760763 0.0124282 0.0188359 0.0268129 0.0361171 0.0461297 0.0558233 0.0640109 0.0697693 0.0727258 0.073029 0.0711222 0.0675311 0.0627549 0.0572212 0.0512662 0.0451319 0.0389817 0.0329282 0.0270646 0.0214948 0.0163544 0.0118059 0.00800495 0.00504841
 0.00746944 0.0122044 0.018503 0.0263554 0.0355376 0.0454612 0.0551359 0.0634031 0.0693415 0.0725456 0.0731089 0.0714204 0.0679734 0.0632624 0.0577316 0.0517411 0.0455527 0.0393425 0.0332301 0.0273127 0.0216967 0.016517 0.0119343 0.00810204 0.00511713
 0.00731365 0.011961 0.0181548 0.0258927 0.0349596 0.0447789 0.0543781 0.0626223 0.0686141 0.0719625 0.0727556 0.0713532 0.0682005 0.0637406 0.0583809 0.0524696 0.0462803 0.0400138 0.0338149 0.0278002 0.0220881 0.0168202 0.0121597 0.00826159 0.00522323
 0.00725643 0.0118672 0.0180123 0.0256901 0.0346885 0.0444378 0.053975 0.0621759 0.0681508 0.0715142 0.0723599 0.0710538 0.0680431 0.0637605 0.0585878 0.0528393 0.0467603 0.0405389 0.0343262 0.0282563 0.0224676 0.0171176 0.0123803 0.0084159 0.00532444
 0.00720334 0.0117676 0.0178384 0.0254092 0.0342724 0.0438768 0.0532907 0.0614225 0.067404 0.0708519 0.0718452 0.0707275 0.0679249 0.0638541 0.0588843 0.0533158 0.0473766 0.0412387 0.035044 0.0289307 0.0230527 0.0175889 0.0127336 0.0086623 0.00548381
 0.00718165 0.0117303 0.0177773 0.0253125 0.0341235 0.043655 0.0529752 0.0610012 0.0668838 0.0702663 0.0712536 0.0702026 0.0675349 0.0636479 0.0588838 0.0535176 0.0477555 0.0417516 0.0356344 0.0295361 0.0236157 0.0180672 0.013106 0.00892839 0.0056581
 0.00725041 0.0118413 0.0179422 0.0255391 0.0344113 0.0439887 0.0533191 0.0612992 0.0670692 0.0702793 0.0710605 0.0698108 0.0669951 0.0630428 0.0583076 0.0530522 0.0474536 0.0416293 0.0356743 0.0296959 0.0238413 0.0183066 0.0133199 0.00909565 0.00577435
 0.00722504 0.0118092 0.0179109 0.0255222 0.0344257 0.0440492 0.0534331 0.0614617 0.0672603 0.0704644 0.071195 0.0698499 0.0669087 0.0628296 0.0580005 0.0527116 0.0471491 0.0414188 0.0355874 0.0297291 0.0239642 0.0184754 0.0134927 0.00924303 0.00588313
 0.00735458 0.0120078 0.0181875 0.0258774 0.034852 0.0445324 0.0539512 0.0619839 0.0677469 0.0708697 0.0714729 0.0699601 0.0668242 0.0625439 0.0575338 0.0521123 0.0464889 0.0407778 0.0350359 0.0293109 0.0236895 0.0183254 0.0134319 0.00923362 0.00589559
 0.00744735 0.0121418 0.0183582 0.0260697 0.0350452 0.0447078 0.0540987 0.0621042 0.0678499 0.0709689 0.0715774 0.0700673 0.066915 0.0625859 0.0574927 0.0519676 0.0462452 0.0404678 0.0347105 0.0290219 0.0234727 0.0181915 0.0133693 0.00921892 0.00590459
 0.00728641 0.0119052 0.0180481 0.0257035 0.0346489 0.0443071 0.0537139 0.0617529 0.0675542 0.0707601 0.0714923 0.0701358 0.0671452 0.0629541 0.0579454 0.0524358 0.0466658 0.0408017 0.0349502 0.0291862 0.0235911 0.018289 0.013458 0.00929867 0.00597035
#obs surv len freq
 0.00497295 0.00814497 0.0123876 0.0177138 0.0239965 0.0308696 0.0377074 0.0437875 0.0485609 0.0518287 0.0537104 0.0544905 0.0544866 0.053993 0.0532689 0.052528 0.0519166 0.0514707 0.0510527 0.0502935 0.0486107 0.0453733 0.0402042 0.0332722 0.025359
 0.00518167 0.00848844 0.0129124 0.0184661 0.0250136 0.0321657 0.0392587 0.0455262 0.0503841 0.0536168 0.0553467 0.0558727 0.0555303 0.054631 0.0534491 0.0522152 0.0510983 0.0501662 0.0493206 0.0482362 0.0463717 0.0431251 0.0381235 0.0315063 0.0239936
 0.00541911 0.00887469 0.0134944 0.0192884 0.0261109 0.0335503 0.0409074 0.0473739 0.0523309 0.0555449 0.0571371 0.0574164 0.0567337 0.0554176 0.0537592 0.0520049 0.0503413 0.0488613 0.0475054 0.0460015 0.0438684 0.0405539 0.0357034 0.0294277 0.0223734
 0.00564673 0.00925052 0.0140707 0.0201174 0.0272342 0.034983 0.0426215 0.0492939 0.0543463 0.0575323 0.0589798 0.0590134 0.0579998 0.0562805 0.0541573 0.0518868 0.0496683 0.0476156 0.0457052 0.043721 0.0412523 0.037813 0.0330821 0.0271481 0.0205802
 0.00589887 0.00966059 0.0146885 0.02099 0.0283982 0.0364514 0.0443691 0.0512504 0.0564039 0.0595648 0.0608625 0.0606368 0.0592757 0.0571416 0.0545519 0.0517726 0.0490098 0.0463894 0.0439168 0.0414287 0.0385883 0.0349858 0.0303461 0.0247447 0.0186736
 0.00611555 0.0100208 0.0152451 0.0217972 0.0295002 0.0378648 0.0460667 0.0531562 0.0584058 0.0615378 0.0626892 0.062217 0.0605275 0.0579996 0.0549643 0.051698 0.0484144 0.0452499 0.0422329 0.0392466 0.036025 0.0322364 0.0276584 0.022362 0.0167687
 0.00638419 0.0104527 0.0158865 0.0226888 0.0306708 0.0393211 0.04778 0.0550563 0.0603875 0.0634778 0.0644655 0.0637238 0.0616828 0.0587458 0.0552635 0.051524 0.0477468 0.0440741 0.0405515 0.0371009 0.0335203 0.0295525 0.0250293 0.0200229 0.0148907
 0.00660171 0.0108174 0.0164554 0.0235201 0.0318101 0.0407802 0.0495183 0.0569781 0.0623611 0.0653664 0.0661516 0.0651183 0.0627223 0.0593862 0.0554751 0.0512877 0.04705 0.0429108 0.0389301 0.035062 0.0311594 0.0270316 0.0225613 0.017824 0.013121
 0.00683346 0.0111952 0.0170264 0.0243298 0.0328951 0.0421549 0.0511599 0.0588171 0.0642865 0.0672427 0.0678419 0.0665051 0.0637213 0.0599503 0.0555877 0.050951 0.0462737 0.0417074 0.0373205 0.0330917 0.0289184 0.0246663 0.0202614 0.0157823 0.01148
 0.00703903 0.0115333 0.0175421 0.0250671 0.0338875 0.0434115 0.0526514 0.0604724 0.066004 0.0689096 0.069351 0.0677631 0.0646518 0.0604964 0.0557156 0.0506498 0.045551 0.0405838 0.0358284 0.0312842 0.0268838 0.0225368 0.0182034 0.0139624 0.0100205
 0.0072677 0.0119055 0.0181028 0.0258576 0.0349362 0.0447205 0.0541822 0.0621423 0.0676978 0.0705031 0.0707334 0.0688497 0.0653871 0.0608499 0.0556762 0.05022 0.0447441 0.0394231 0.0343504 0.0295453 0.0249704 0.02057 0.0163287 0.0123217 0.00871412
 0.00742583 0.0121702 0.0185154 0.0264608 0.0357653 0.0457883 0.055465 0.0635749 0.0691828 0.0719306 0.0719992 0.0698682 0.0660963 0.0612132 0.0556794 0.0498668 0.0440503 0.0384139 0.0330622 0.0280324 0.0233125 0.018875 0.0147225 0.0109233 0.00760573
 0.00750333 0.012297 0.0187086 0.0267395 0.0361501 0.0462986 0.0561141 0.064363 0.070091 0.0729172 0.0730013 0.0708088 0.0668952 0.0617992 0.0559993 0.0498886 0.0437636 0.0378271 0.0322023 0.0269468 0.0220728 0.0175765 0.0134745 0.00982788 0.00673352
 0.00755798 0.0123806 0.0188249 0.0268897 0.0363346 0.0465197 0.056378 0.0646799 0.0704734 0.0733753 0.0735361 0.0714039 0.0675124 0.0623802 0.0564747 0.0501914 0.0438415 0.0376512 0.0317708 0.0262873 0.0212418 0.0166558 0.0125592 0.00900786 0.00607218
 0.00764994 0.0125205 0.0190174 0.0271319 0.0366165 0.0468253 0.0566875 0.064973 0.0707355 0.0736036 0.0737419 0.0716073 0.0677312 0.0626171 0.0567098 0.0503835 0.0439373 0.0376004 0.0315406 0.0258738 0.0206743 0.0159933 0.0118789 0.0083856 0.00556379
 0.00771203 0.0126194 0.019162 0.027328 0.0368638 0.047115 0.0569994 0.0652779 0.071002 0.0738084 0.0738772 0.0716832 0.0677704 0.0626454 0.0567444 0.0504235 0.0439611 0.0375706 0.0314178 0.0256324 0.0203153 0.0155479 0.0114008 0.00793465 0.0051874
 0.00776058 0.0126928 0.0192624 0.0274541 0.0370123 0.0472815 0.0571793 0.065465 0.0711866 0.0739775 0.0740167 0.0717822 0.067826 0.0626643 0.0567402 0.0504092 0.0439401 0.0375323 0.0313396 0.0254903 0.0200976 0.0152643 0.0110823 0.00762285 0.00491973
 0.00782742 0.0127959 0.0194068 0.02764 0.0372338 0.0475268 0.0574305 0.0657001 0.0713847 0.0741237 0.0741052 0.0718149 0.0678088 0.0626051 0.0566488 0.0502968 0.0438167 0.0374023 0.0311991 0.0253288 0.0199054 0.0150417 0.0108435 0.00739202 0.0047212
 0.0078573 0.0128449 0.0194813 0.0277453 0.0373732 0.0476982 0.0576247 0.0659007 0.0715715 0.0742777 0.0742135 0.0718722 0.0678173 0.0625716 0.0565818 0.0502052 0.0437084 0.0372832 0.0310712 0.0251903 0.0197533 0.0148763 0.010672 0.0072283 0.00458027
 0.00786259 0.0128494 0.0194808 0.0277346 0.0373486 0.0476614 0.0575847 0.0658728 0.0715712 0.0743144 0.0742862 0.0719707 0.0679259 0.0626747 0.0566676 0.0502668 0.0437435 0.0372921 0.0310552 0.0251504 0.0196906 0.0147941 0.0105773 0.00713157 0.00449309
 0.00787006 0.012857 0.0194837 0.0277254 0.0373185 0.0476039 0.0574988 0.0657653 0.0714571 0.0742144 0.0742217 0.0719576 0.067969 0.0627659 0.0567894 0.0503981 0.0438655 0.0373915 0.0311249 0.025188 0.0196973 0.0147739 0.0105375 0.00708195 0.00444354
 0.0079147 0.0129223 0.0195681 0.0278218 0.0374154 0.0476871 0.0575541 0.0657807 0.0714258 0.0741382 0.0741127 0.0718362 0.0678588 0.0626869 0.0567513 0.0503991 0.0438939 0.0374316 0.0311618 0.0252111 0.0197019 0.0147603 0.0105101 0.00704735 0.0044089
 0.00790024 0.012904 0.0195498 0.0278097 0.0374154 0.0477011 0.0575773 0.0658025 0.0714338 0.0741233 0.0740729 0.0717776 0.067794 0.0626311 0.0567186 0.0503976 0.0439238 0.0374846 0.0312247 0.0252701 0.0197466 0.014786 0.0105176 0.00704163 0.00439634
 0.00789071 0.0128838 0.0195112 0.0277443 0.0373177 0.0475739 0.0574346 0.0656669 0.0713285 0.0740626 0.0740576 0.0717975 0.0678353 0.0626836 0.0567786 0.0504666 0.0440044 0.0375765 0.0313224 0.0253646 0.019828 0.0148475 0.0105573 0.00706234 0.0044036
 0.00788513 0.0128725 0.0194899 0.0277069 0.0372573 0.0474844 0.0573138 0.0655194 0.0711675 0.073909 0.0739353 0.0717258 0.0678222 0.0627246 0.0568603 0.0505737 0.0441245 0.0377012 0.0314458 0.0254805 0.0199297 0.0149294 0.0106166 0.00710013 0.00442436
 0.00789493 0.0128837 0.019498 0.0277045 0.0372357 0.0474366 0.0572364 0.065414 0.0710404 0.0737702 0.0737983 0.0716071 0.0677384 0.0626881 0.0568755 0.0506357 0.0442212 0.0378181 0.0315693 0.0255997 0.0200362 0.0150174 0.0106831 0.0071456 0.00445204
 0.00785697 0.0128278 0.0194245 0.027617 0.0371392 0.0473352 0.0571321 0.065307 0.0709315 0.0736634 0.0737009 0.0715289 0.0676897 0.0626777 0.0569088 0.0507128 0.0443363 0.0379599 0.0317234 0.0257515 0.0201736 0.015132 0.0107711 0.00720743 0.00449144
 0.00781656 0.0127582 0.0193132 0.0274518 0.0369134 0.0470541 0.0568173 0.0649946 0.0706615 0.0734671 0.0735931 0.0715076 0.0677434 0.0627919 0.0570705 0.0509111 0.044561 0.0381996 0.0319648 0.0259805 0.0203772 0.0153008 0.0109008 0.0072992 0.00455081
 0.00781699 0.0127522 0.0192915 0.0274009 0.0368181 0.0469021 0.056605 0.0647311 0.0703695 0.0731801 0.0733484 0.0713371 0.0676657 0.0628089 0.0571704 0.0510746 0.0447676 0.0384305 0.0322031 0.0262108 0.0205857 0.0154769 0.0110386 0.00739841 0.00461611
 0.00777962 0.0126979 0.0192213 0.0273189 0.0367282 0.046805 0.0564958 0.064601 0.0702119 0.0729965 0.0731523 0.0711532 0.0675234 0.0627338 0.0571764 0.0511613 0.0449217 0.0386311 0.0324273 0.026437 0.020796 0.0156579 0.0111825 0.0075036 0.00468635
 0.00774006 0.0126288 0.0191092 0.0271503 0.0364955 0.0465131 0.0561672 0.0642726 0.069923 0.0727758 0.0730102 0.0710855 0.0675203 0.0627889 0.0572887 0.051331 0.0451447 0.0388956 0.0327143 0.0267241 0.0210618 0.0158858 0.0113633 0.00763558 0.00477456
 0.00770813 0.0125745 0.0190229 0.027021 0.0363126 0.0462703 0.0558669 0.0639299 0.0695668 0.0724445 0.0727437 0.0709145 0.0674591 0.0628339 0.0574241 0.0515373 0.0454034 0.03919 0.0330272 0.0270359 0.0213524 0.0161376 0.0115649 0.00778404 0.00487448
 0.00768952 0.0125447 0.0189788 0.0269591 0.0362291 0.0461606 0.0557266 0.0637563 0.0693611 0.0722151 0.0725077 0.0706972 0.0672894 0.0627366 0.0574133 0.0516131 0.0455544 0.0393978 0.0332705 0.0272931 0.0216021 0.0163613 0.0117494 0.00792314 0.00496999
 0.00766117 0.0125013 0.0189183 0.0268814 0.0361359 0.0460548 0.0556118 0.063636 0.069238 0.07209 0.0723813 0.0705722 0.0671738 0.0626446 0.0573626 0.0516193 0.0456251 0.0395298 0.0334506 0.0275013 0.0218163 0.0165608 0.0119185 0.00805365 0.00506133
 0.00766712 0.012508 0.0189231 0.02688 0.0361236 0.0460286 0.0555713 0.0635836 0.0691772 0.072023 0.0723082 0.0704917 0.0670856 0.0625525 0.0572762 0.051553 0.0455944 0.0395459 0.0335157 0.0276076 0.0219479 0.0166984 0.0120446 0.00815647 0.00513626
 0.00764004 0.0124721 0.0188838 0.0268468 0.0361064 0.0460325 0.0555935 0.0636137 0.0692016 0.0720311 0.0722954 0.0704587 0.0670362 0.0624913 0.057209 0.0514877 0.045542 0.039518 0.0335214 0.027649 0.0220188 0.0167861 0.0121339 0.00823466 0.00519627
 0.00759291 0.0123948 0.018767 0.0266837 0.035897 0.0457883 0.0553399 0.0633864 0.0690354 0.0719478 0.0722962 0.070528 0.0671498 0.0626262 0.057348 0.0516214 0.0456675 0.0396376 0.0336398 0.0277701 0.0221424 0.0169068 0.0122436 0.00832549 0.00526408
 0.00757335 0.0123617 0.0187145 0.0266052 0.035786 0.0456408 0.0551576 0.0631794 0.0688237 0.0717585 0.0721576 0.0704607 0.06716 0.0627047 0.0574745 0.0517728 0.0458251 0.0397902 0.0337832 0.0279042 0.0222676 0.0170217 0.0123442 0.00840755 0.0053253
 0.00755536 0.0123325 0.0186705 0.026543 0.0357025 0.0455342 0.055028 0.06303 0.0686614 0.0715938 0.0720054 0.0703393 0.0670877 0.0626942 0.0575286 0.0518823 0.0459722 0.0399552 0.0339495 0.028061 0.0224091 0.0171448 0.0124468 0.00848829 0.00538415
 0.00756188 0.0123421 0.0186831 0.0265574 0.0357162 0.0455432 0.0550271 0.0630128 0.0686218 0.0715281 0.071914 0.0702287 0.0669708 0.0625882 0.0574512 0.0518466 0.0459825 0.0400058 0.0340282 0.0281538 0.0225038 0.0172327 0.0125224 0.00854875 0.00542878
 0.00752754 0.0122901 0.0186122 0.0264691 0.0356147 0.0454348 0.0549193 0.0629137 0.0685385 0.071465 0.0718718 0.0702046 0.066961 0.062591 0.0574684 0.0518829 0.046043 0.0400921 0.0341364 0.0282746 0.0226255 0.0173444 0.0126166 0.00862179 0.00548081
 0.00752241 0.012282 0.0186004 0.0264533 0.035595 0.0454118 0.0548945 0.0628888 0.068515 0.0714432 0.0718506 0.0701821 0.0669356 0.0625625 0.057439 0.0518578 0.0460289 0.0400957 0.0341614 0.0283196 0.0226845 0.0174084 0.0126769 0.00867217 0.00551848
 0.00751125 0.0122638 0.0185728 0.0264144 0.0355439 0.0453497 0.0548252 0.0628189 0.0684522 0.0713946 0.0718206 0.0701713 0.0669412 0.0625798 0.057463 0.0518852 0.0460592 0.0401311 0.0342045 0.0283719 0.022744 0.0174704 0.012735 0.00872095 0.00555521
 0.00752223 0.0122812 0.0185983 0.0264484 0.0355857 0.0453959 0.0548699 0.0628544 0.0684712 0.0713925 0.0717976 0.0701317 0.0668916 0.0625266 0.0574113 0.0518381 0.046019 0.0400997 0.0341844 0.0283649 0.0227502 0.0174872 0.0127578 0.00874458 0.00557557
 0.0075092 0.012264 0.0185795 0.0264332 0.0355799 0.0454041 0.0548933 0.06289 0.0685125 0.0714315 0.0718264 0.0701451 0.0668882 0.0625084 0.0573831 0.0518055 0.0459871 0.0400725 0.0341646 0.0283544 0.0227496 0.0174953 0.0127717 0.00876059 0.00559032
 0.00747389 0.0122092 0.0185023 0.0263336 0.0354618 0.0452765 0.0547701 0.0627884 0.0684484 0.0714143 0.0718555 0.0702107 0.0669753 0.0626023 0.0574725 0.0518845 0.0460542 0.0401293 0.0342137 0.0283982 0.0227896 0.017532 0.0128044 0.00878798 0.00561145
 0.00747389 0.0122092 0.0185023 0.0263336 0.0354618 0.0452765 0.0547701 0.0627884 0.0684484 0.0714143 0.0718555 0.0702107 0.0669753 0.0626023 0.0574725 0.0518845 0.0460542 0.0401293 0.0342137 0.0283982 0.0227896 0.017532 0.0128044 0.00878798 0.00561145
 0.00730104 0.0119284 0.0180818 0.0257482 0.0347033 0.0443674 0.0537745 0.0618098 0.0676089 0.0708231 0.0715815 0.07027 0.067335 0.0631947 0.0582141 0.0526928 0.0468606 0.0408842 0.0348864 0.0289728 0.0232608 0.0179016 0.0130798 0.00898135 0.00573801
#pred catch len freq
 0.00366003 0.00591969 0.00888746 0.012591 0.01705 0.0222254 0.0279523 0.0339314 0.0397906 0.0451643 0.0497482 0.0533378 0.0558554 0.0573534 0.0579857 0.0579687 0.0575486 0.0569589 0.0563337 0.0555714 0.0542257 0.0515661 0.0468943 0.0400042 0.0314755
 0.00403324 0.00646897 0.00961107 0.0134599 0.0180287 0.0232991 0.0291369 0.0352533 0.0412453 0.0466819 0.0511943 0.0545544 0.0567213 0.0578267 0.0581049 0.0578131 0.0571805 0.0563763 0.0554592 0.0542908 0.0524645 0.049367 0.0444464 0.0375952 0.0293869
 0.00425613 0.00685784 0.0102419 0.014411 0.0193535 0.0249894 0.0311009 0.0373306 0.0432607 0.048503 0.0527521 0.0558173 0.0576546 0.0583783 0.0582275 0.0574953 0.0564519 0.0552792 0.0540118 0.0524778 0.0502755 0.0468603 0.0417891 0.0350391 0.0271855
 0.00449384 0.00723232 0.0107883 0.0151672 0.0203686 0.026326 0.0328185 0.0394466 0.0457047 0.0510962 0.0552368 0.0579306 0.0592041 0.0592755 0.0584698 0.0571245 0.0555225 0.0538453 0.0521223 0.0501792 0.0476305 0.0439813 0.0388619 0.0323036 0.0248696
 0.00474999 0.00764572 0.0114052 0.0160301 0.021511 0.0277653 0.0345491 0.0414394 0.0479114 0.0534478 0.0576288 0.060206 0.061158 0.0606952 0.0591908 0.0570692 0.054701 0.0523258 0.0499988 0.0475582 0.0446405 0.0407936 0.0356992 0.0294138 0.022466
 0.00497794 0.00801171 0.0119492 0.0167906 0.0225237 0.0290573 0.0361282 0.0432824 0.0499587 0.0556086 0.0597928 0.0622548 0.0629685 0.0621355 0.0601218 0.0573615 0.0542635 0.0511307 0.0480896 0.0450431 0.041685 0.0376161 0.0325574 0.0265683 0.020123
 0.00528286 0.00848717 0.0126284 0.0176948 0.0236639 0.0304359 0.0377349 0.0450869 0.0519053 0.057616 0.0617603 0.0640719 0.0645268 0.0633358 0.0608735 0.0575781 0.0538644 0.0500567 0.046329 0.0426569 0.0388204 0.0345004 0.0294681 0.0237796 0.017842
 0.00558512 0.00896681 0.0133286 0.0186488 0.0248902 0.0319309 0.0394644 0.0469819 0.0538703 0.0595446 0.063551 0.0656366 0.0657916 0.0642393 0.0613619 0.0575999 0.0533672 0.0489924 0.044673 0.0404383 0.0361502 0.0315792 0.0265596 0.0211516 0.0156966
 0.00582334 0.00935718 0.0139225 0.0194976 0.0260372 0.0333969 0.0412299 0.048977 0.0559775 0.0616174 0.0654388 0.0672095 0.0669582 0.064951 0.061604 0.0573727 0.0526691 0.0478138 0.0430073 0.0383097 0.033646 0.0288668 0.0238698 0.0187261 0.0137207
 0.00607356 0.00976392 0.0145359 0.0203679 0.0272092 0.0348988 0.0430564 0.0510737 0.0582353 0.0638803 0.0675244 0.0689395 0.0681904 0.0656032 0.0616582 0.0568604 0.0516445 0.0463307 0.0411126 0.0360579 0.0311269 0.026227 0.0213062 0.0164447 0.0118783
 0.00629384 0.0101211 0.0150733 0.0211292 0.0282352 0.0362193 0.0446769 0.0529616 0.060312 0.0660216 0.0695711 0.0707171 0.0695366 0.0663951 0.0618322 0.056415 0.0506281 0.0448208 0.0391974 0.0338325 0.0287043 0.0237513 0.0189496 0.0143782 0.0102268
 0.00646946 0.0104002 0.0154828 0.0216931 0.0289751 0.0371527 0.0458117 0.0542886 0.0617984 0.0676069 0.0711668 0.0722105 0.0708013 0.0673074 0.0622898 0.0563549 0.0500358 0.0437291 0.0376783 0.0319873 0.0266588 0.0216533 0.0169589 0.0126421 0.00884696
 0.00668725 0.0107389 0.0159644 0.0223294 0.0297686 0.0380965 0.0468879 0.0554652 0.063029 0.0688354 0.072332 0.0732501 0.0716528 0.0679083 0.0625797 0.0562812 0.0495636 0.0428529 0.0364302 0.0304398 0.0249217 0.019864 0.0152642 0.0111716 0.00768566
 0.00689927 0.0110526 0.0163799 0.0228299 0.0303288 0.0386964 0.0475207 0.0561345 0.0637389 0.0695786 0.0730846 0.0739728 0.0722968 0.0684219 0.0629112 0.0563809 0.0493883 0.0423737 0.0356446 0.0293827 0.0236693 0.0185274 0.0139699 0.0100344 0.00678186
 0.00692255 0.0111013 0.0164718 0.0229845 0.0305586 0.0389957 0.0478611 0.0564745 0.0640456 0.0698484 0.0733465 0.07427 0.0726578 0.0688395 0.0633398 0.0567492 0.0496179 0.042397 0.0354199 0.0289058 0.0229796 0.0177042 0.0131162 0.00925094 0.00614167
 0.00697953 0.0111948 0.016615 0.0231924 0.0308473 0.039379 0.0483423 0.0570369 0.0646449 0.070417 0.0738119 0.0745815 0.0728069 0.0688581 0.0632774 0.0566421 0.0494704 0.0421836 0.0351029 0.0284591 0.0224073 0.0170464 0.0124401 0.00863019 0.005633
 0.00699474 0.0112205 0.0166564 0.0232566 0.0309444 0.0395224 0.0485475 0.0573172 0.0650048 0.0708437 0.0742702 0.075017 0.0731601 0.0690845 0.0633624 0.0566011 0.049333 0.0419732 0.0348261 0.0281112 0.021988 0.0165739 0.0119536 0.0081789 0.00525877
 0.00692917 0.0111226 0.0165252 0.0230979 0.0307697 0.0393479 0.0483938 0.0572095 0.0649715 0.0709117 0.0744563 0.0753185 0.0735488 0.0695101 0.063765 0.0569289 0.0495553 0.0420814 0.0348256 0.0280124 0.0218042 0.0163256 0.0116715 0.00790022 0.00501718
 0.00687278 0.0110351 0.0164017 0.0229373 0.030576 0.0391311 0.048171 0.0570042 0.064811 0.0708222 0.0744587 0.075425 0.0737595 0.0698093 0.0641205 0.057296 0.0498863 0.0423375 0.0349844 0.0280686 0.0217671 0.0162153 0.0115161 0.00773108 0.00486232
 0.00685922 0.0110077 0.0163506 0.0228501 0.0304409 0.0389422 0.0479332 0.0567355 0.0645406 0.0705855 0.0742902 0.0753523 0.0737985 0.0699608 0.0643691 0.0576114 0.0502276 0.0426602 0.0352498 0.0282515 0.0218598 0.016227 0.0114684 0.0076514 0.0047764
 0.00685789 0.0110017 0.0163342 0.0228145 0.030375 0.0388352 0.0477773 0.0565303 0.0642961 0.0703234 0.0740428 0.0751563 0.0736868 0.0699548 0.0644735 0.057813 0.0504978 0.0429603 0.0355382 0.0284927 0.0220314 0.0163238 0.0115008 0.00763955 0.00474276
 0.00678957 0.0108965 0.0161865 0.0226229 0.0301418 0.0385657 0.0474806 0.05622 0.0639902 0.0700439 0.0738135 0.0750008 0.0736255 0.0700016 0.0646319 0.0580737 0.0508378 0.0433452 0.0359275 0.0288471 0.0223208 0.0165329 0.0116313 0.00770619 0.0047665
 0.00672704 0.0107949 0.016034 0.0224089 0.0298597 0.0382169 0.0470785 0.0557911 0.063571 0.0696735 0.0735269 0.0748236 0.0735722 0.0700756 0.0648267 0.0583739 0.0512199 0.0437782 0.0363744 0.0292696 0.0226857 0.0168189 0.0118326 0.00783174 0.00483445
 0.00669548 0.0107422 0.0159517 0.0222874 0.0296895 0.0379904 0.0467941 0.0554562 0.0632044 0.069305 0.073193 0.0745616 0.0734126 0.0700364 0.0649113 0.0585729 0.0515136 0.0441388 0.0367687 0.0296617 0.0230418 0.0171137 0.0120535 0.0079804 0.00492346
 0.006711 0.0107573 0.0159553 0.022262 0.0296144 0.0378479 0.0465751 0.0551641 0.0628555 0.0689265 0.0728204 0.0742339 0.0731666 0.0699003 0.0649002 0.0586864 0.0517371 0.0444466 0.0371275 0.0300347 0.0233939 0.0174164 0.01229 0.00814752 0.00502953
 0.00674921 0.0108205 0.0160514 0.022396 0.0297837 0.0380365 0.0467509 0.0552832 0.0628748 0.0688197 0.0725884 0.0739056 0.0727901 0.0695308 0.0645879 0.0584684 0.0516318 0.0444533 0.0372287 0.0302009 0.0235905 0.0176106 0.0124572 0.00827467 0.00511536
 0.00680241 0.010897 0.0161486 0.0225074 0.0299026 0.0381612 0.0468857 0.0554318 0.0630299 0.0689554 0.0726644 0.0738826 0.0726492 0.0692843 0.0642773 0.0581492 0.051357 0.0442595 0.0371299 0.0301898 0.0236443 0.0176997 0.0125538 0.00835895 0.00517791
 0.00677196 0.0108495 0.0160808 0.0224167 0.0297874 0.0380214 0.046725 0.0552619 0.0628723 0.0688385 0.072613 0.0739052 0.0727305 0.0693912 0.0643752 0.058219 0.051402 0.0442991 0.0371864 0.0302758 0.0237578 0.0178269 0.0126764 0.00846198 0.00525396
 0.00668936 0.0107274 0.0159195 0.0222241 0.029576 0.0378043 0.0465126 0.0550619 0.0626926 0.0686902 0.0725114 0.0738675 0.0727691 0.0695058 0.064549 0.0584238 0.0516092 0.0444912 0.0373597 0.0304358 0.0239095 0.0179696 0.0128036 0.00856612 0.00533078
 0.00673232 0.010781 0.0159704 0.0222509 0.0295558 0.0377231 0.0463728 0.0548821 0.0624993 0.0685073 0.0723548 0.0737458 0.0726882 0.0694717 0.0645655 0.0584883 0.051711 0.044614 0.0374885 0.0305609 0.0240268 0.0180771 0.0128983 0.0086443 0.00538974
 0.00670958 0.010756 0.015954 0.0222577 0.0295973 0.0377977 0.046461 0.0549512 0.0625176 0.0684597 0.072249 0.0736063 0.0725445 0.0693477 0.064476 0.0584399 0.0517037 0.0446425 0.0375434 0.0306312 0.0241029 0.0181515 0.0129658 0.00870079 0.00543309
 0.00656792 0.0105367 0.0156458 0.0218609 0.0291274 0.0372879 0.0459613 0.0545208 0.0622085 0.0682997 0.0722356 0.0737148 0.0727432 0.0696102 0.0647836 0.0587782 0.0520585 0.0449984 0.0378843 0.0309428 0.0243737 0.0183746 0.0131391 0.00882718 0.00551882
 0.00657198 0.0105245 0.0155925 0.0217314 0.028885 0.0369086 0.0454493 0.0539152 0.0615799 0.0677349 0.0718157 0.073494 0.0727362 0.069793 0.0651082 0.0591908 0.0525121 0.0454575 0.0383228 0.0313412 0.024718 0.0186561 0.0133557 0.00898278 0.00562247
 0.00660937 0.0105869 0.0156875 0.0218618 0.0290418 0.0370639 0.0455537 0.0539087 0.0614145 0.0674001 0.0713514 0.0729818 0.0722717 0.069455 0.0649371 0.0591851 0.05264 0.0456736 0.0385831 0.0316095 0.0249682 0.0188712 0.0135271 0.00910895 0.00570796
 0.00655671 0.0105148 0.0156045 0.0217856 0.0289957 0.0370689 0.0456198 0.0540265 0.0615511 0.0675037 0.0713673 0.0728759 0.0720503 0.0691672 0.0646566 0.0589806 0.0525516 0.0457046 0.0387081 0.0317899 0.0251658 0.0190567 0.0136823 0.00922658 0.00578898
 0.00657147 0.0105283 0.0156061 0.0217614 0.028935 0.0369734 0.0455091 0.0539346 0.0615123 0.0675346 0.0714551 0.07298 0.0721194 0.069163 0.0645731 0.058847 0.0524176 0.0456173 0.0386925 0.0318442 0.0252682 0.0191784 0.0137984 0.0093217 0.00585773
 0.0065734 0.0105368 0.0156279 0.0218033 0.0289988 0.0370507 0.0455798 0.0539736 0.0615034 0.0674819 0.0713826 0.0729175 0.072083 0.0691459 0.064552 0.0588009 0.0523435 0.045533 0.0386258 0.0318164 0.0252847 0.0192284 0.0138636 0.00938486 0.00590831
 0.00645297 0.0103651 0.0154148 0.0215746 0.0287911 0.0369006 0.0455131 0.053998 0.0616057 0.0676322 0.0715439 0.0730599 0.0721937 0.0692281 0.0646147 0.0588491 0.0523763 0.0455501 0.0386335 0.0318267 0.025308 0.0192679 0.0139135 0.00943546 0.00595102
 0.0063131 0.0101434 0.0150932 0.0211445 0.0282599 0.0362998 0.0449023 0.0534591 0.0612226 0.0674636 0.0716042 0.0733174 0.0725861 0.069686 0.065081 0.0592866 0.0527663 0.0458856 0.0389146 0.0320584 0.0254979 0.0194231 0.0140385 0.00953209 0.00602078
