SBPRF35
7.29677
Curr Bio
504499
B35
509706
F35
0.219402
FOFL
0.209624
OFL
79563.7
Bzero
2.08479e+006
#pred survey bio
 4.28088e+006 3.2243e+006 2.87783e+006 2.78959e+006 2.66326e+006 2.50575e+006 2.38634e+006 2.17012e+006 1.96574e+006 1.68871e+006 1.4749e+006 1.30979e+006 1.18587e+006 1.07776e+006 978487 843291 745178 673801 629476 602130 582880 565386 531205 509258 504652 518870 557060 587646 595886 575386 568075 588897 614887 641606 655929 620192 580032 574528 552910 537529 551340 576151 577246 562131 563205 583917 606754 619846 594353 558390 578103 656034 652708 655717 685353 638076 572048 558437 625461 671558 635629 581888 539886 511186 1.7309e+007 1.02809e+007 1.05349e+007 1.12687e+007 1.22224e+007 1.31823e+007 1.40296e+007 1.47202e+007 1.52543e+007 1.56536e+007 1.59453e+007 1.61556e+007 1.63059e+007 1.64132e+007 1.64897e+007 1.65445e+007 1.6584e+007 1.66125e+007 1.66333e+007 1.66486e+007 1.66599e+007 1.66682e+007 1.66745e+007 1.66792e+007 1.66827e+007 1.66854e+007 1.66874e+007 1.66889e+007 1.66901e+007 1.66909e+007 1.66916e+007 1.66921e+007 1.66925e+007 1.66928e+007 1.66931e+007 1.66932e+007 1.66934e+007 1.66935e+007 1.66936e+007 1.66936e+007 1.66937e+007 1.66937e+007 1.66937e+007 1.66938e+007 1.66938e+007 1.66938e+007 1.66938e+007 1.66938e+007 1.66938e+007 1.66938e+007 1.66938e+007 1.66938e+007 1.66938e+007 1.66938e+007 1.66938e+007 1.66938e+007 1.66938e+007 1.66938e+007 1.66938e+007 1.66938e+007 1.66938e+007 1.66938e+007 1.66938e+007 1.66938e+007 1.66938e+007 1.66938e+007 1.66938e+007 1.66938e+007 1.66938e+007 1.66938e+007 1.66938e+007 1.66938e+007 1.66938e+007 1.66938e+007 1.66938e+007 1.66938e+007 1.66938e+007 1.66938e+007 1.66938e+007 1.66938e+007 1.66938e+007 1.66938e+007 1.66938e+007 1.66938e+007 1.66938e+007 1.66938e+007 1.66938e+007 1.66938e+007 1.66938e+007 1.66938e+007 1.66938e+007 1.66938e+007 1.66938e+007 1.66938e+007 1.66938e+007 1.66938e+007 1.66938e+007 1.66938e+007 1.66938e+007 1.66938e+007 0 0 0 0 0 0 0 0 0 0 0 0 0 0 0 0 0 0 0 0 0 0 0 0 0
#obs survey bio
 4.85591e+006 3.01739e+006 2.31712e+006 3.65843e+006 2.25026e+006 2.90944e+006 3.32743e+006 1.98176e+006 1.99408e+006 1.67772e+006 1.6086e+006 1.30122e+006 1.11713e+006 1.20969e+006 1.04013e+006 598457 791413 773314 599246 560760 654735 638289 568452 542094 361673 346952 630935 484578 784790 414636 550760 612406 634089 650630 898996 530033 455073 549740 655299 573232 466782 562975 474757 641932 464150 752224 552645 615576 682340 499936 662312 549463 580913 639960 739106 680532 485030 471526 646160 722221 588309 528169 607107 639106
#pred catch bio
 132464 102870 159867 201093 255440 249458 284936 279042 289199 299877 299251 300157 279358 229036 219350 217553 179481 159242 145982 137808 122775 129398 117893 110168 116193 105885 108391 101412 102506 99097.7 88965.9 91397.8 96448.4 95661.7 96967.3 90354.5 80153.6 86592.8 91497.8 80567.4 88844.3 86295.3 84606.4 89165.5 100271 92547.6 97785.3 99999.1 91046.7 92102.2 37208.4 109717 117716 74729.3 114449 115048 104175 61255 70099.9 119062 124467 100517 89911.5 73943 79563.7 81468.9 81958.2 86655.6 93671.2 100824 107049 111994 115690 118336 120170 121411 122235 122775 123124 123348 123490 123580 123637 123673 123695 123709 123718 123723 123726 123729 123730 123731 123731 123731 123732 123732 123732 123732 123732 123732 123732 123732 123732 123732 123732 123732 123732 123732 123732 123732 123732 123732 123732 123732 123732 123732 123732 123732 123732 123732 123732 123732 123732 123732 123732 123732 123732 123732 123732 123732 123732 123732 123732 123732 123732 123732 123732 123732 123732 123732 123732 123732 123732 123732 123732 123732 123732 123732 123732 123732 123732 123732 123732 123732 123732 123732 123732 123732 123732 123732 123732 123732 123732 123732 0 0 0 0 0 0 0 0 0 0 0 0 0 0 0 0 0 0 0 0 0 0 0 0 0
#obs catch bio
 0 102431 160374 201030 255936 249442 284971 279146 288542 300053 299154 301720 280806 228622 218293 218906 179143 159308 146051 138127 122504 129442 117811 109845 116865 106203 108646 101191 102332 99139.4 88942.9 91383.6 96577.3 95700.8 96890.9 90330.1 80118.7 86533.5 91626.7 80439 89130.3 86216.1 84450.3 89094.1 100715 92424.4 97886.5 99985.8 90788.3 93130.8 36645.3 110433 118463 74203.6 114675 114935 104648 61064.6 69851.9 119341 124715 100395 90009.6 73852.4
#pred cpue bio
 4.23506e+006 3.18968e+006 2.84605e+006 2.75693e+006 2.63036e+006 2.47258e+006 2.35228e+006 2.13653e+006 1.93264e+006 1.65773e+006 1.44517e+006 1.28079e+006 1.15711e+006 1.04936e+006 950931 817816 720922 650975 607589 580782 561933 545049 511876 490609 486086 499530 536446 566180 574370 554676 547539 567788 593127 619111 633324 598995 558961 551776 530121 515258 528788 552772 554143 539723 540661 560390 582591 595280 570823 536278 555026 631807 628765 630526 659062 613201 548954 535190 600605 646443 611488 558474 517646 490238 1.66119e+007 9.85533e+006 9.97871e+006 1.0618e+007 1.15508e+007 1.25075e+007 1.33544e+007 1.40448e+007 1.4579e+007 1.49783e+007 1.527e+007 1.54802e+007 1.56306e+007 1.57379e+007 1.58144e+007 1.58692e+007 1.59086e+007 1.59372e+007 1.5958e+007 1.59733e+007 1.59845e+007 1.59929e+007 1.59991e+007 1.60038e+007 1.60074e+007 1.601e+007 1.6012e+007 1.60136e+007 1.60147e+007 1.60156e+007 1.60163e+007 1.60168e+007 1.60172e+007 1.60175e+007 1.60177e+007 1.60179e+007 1.60181e+007 1.60182e+007 1.60182e+007 1.60183e+007 1.60183e+007 1.60184e+007 1.60184e+007 1.60184e+007 1.60184e+007 1.60185e+007 1.60185e+007 1.60185e+007 1.60185e+007 1.60185e+007 1.60185e+007 1.60185e+007 1.60185e+007 1.60185e+007 1.60185e+007 1.60185e+007 1.60185e+007 1.60185e+007 1.60185e+007 1.60185e+007 1.60185e+007 1.60185e+007 1.60185e+007 1.60185e+007 1.60185e+007 1.60185e+007 1.60185e+007 1.60185e+007 1.60185e+007 1.60185e+007 1.60185e+007 1.60185e+007 1.60185e+007 1.60185e+007 1.60185e+007 1.60185e+007 1.60185e+007 1.60185e+007 1.60185e+007 1.60185e+007 1.60185e+007 1.60185e+007 1.60185e+007 1.60185e+007 1.60185e+007 1.60185e+007 1.60185e+007 1.60185e+007 1.60185e+007 1.60185e+007 1.60185e+007 1.60185e+007 1.60185e+007 1.60185e+007 1.60185e+007 1.60185e+007 1.60185e+007 1.60185e+007 1.60185e+007 1.60185e+007 0 0 0 0 0 0 0 0 0 0 0 0 0 0 0 0 0 0 0 0 0 0 0 0 0
#obs cpue bio
 4.85016e+006 3.14304e+006 2.53071e+006 2.94409e+006 2.99671e+006 1.76467e+006 2.2043e+006 1.91285e+006 2.60188e+006 1.38881e+006 1.37955e+006 931742 1.16281e+006 1.17779e+006 1.175e+006 711047 895422 513330 627372 567236 583512 485168 480262 518878 447033 697062 513200 855062 472194 691543 522297 571150 526884 603649 553601 688204 618983 678155 422519 482276 501042 708638 729726 452667 496325 534742 573006 687906 582336 350353 704931 785526 519006 786923 649010 625032 535614 541843 727955 634901 607782 649974 431734 402175
#pred surv len freq
 0.00423818 0.00698414 0.0107035 0.0154389 0.021105 0.0273955 0.0337683 0.0395958 0.0444074 0.0480398 0.0505994 0.0523131 0.0534031 0.0540366 0.0543296 0.0543691 0.0542386 0.0540164 0.0537175 0.0531765 0.0519482 0.0493591 0.0447944 0.0381135 0.0299082
 0.0044454 0.00726476 0.0110238 0.0157375 0.0213161 0.0274816 0.0337409 0.0395061 0.0443115 0.0479631 0.0505252 0.0522055 0.0532461 0.0538628 0.054217 0.0544086 0.0544844 0.0544451 0.054216 0.0535727 0.0520769 0.0491353 0.0442525 0.037389 0.0291722
 0.00460906 0.00754599 0.0114704 0.016391 0.022188 0.0285249 0.0348367 0.0404871 0.0450212 0.0483166 0.0505329 0.0519452 0.0528122 0.0533331 0.0536538 0.0538738 0.0540402 0.0541285 0.0540058 0.0533802 0.0517795 0.04864 0.0435514 0.0365674 0.0283647
 0.00467553 0.00768287 0.011731 0.0168457 0.0229105 0.0295661 0.0361939 0.0420818 0.0466972 0.0498665 0.0517477 0.0526731 0.0529999 0.0530286 0.0529737 0.052959 0.0530208 0.0531021 0.0530219 0.0524328 0.0508213 0.0476228 0.0424721 0.0354876 0.0273856
 0.00486432 0.00796853 0.012124 0.017349 0.0235292 0.0303191 0.0371157 0.0432087 0.0480389 0.0513741 0.0532972 0.0540785 0.0540578 0.0535794 0.0529501 0.0523991 0.0520427 0.0518554 0.0516401 0.0510044 0.049388 0.0462037 0.0410975 0.0342174 0.0262972
 0.00510757 0.00837026 0.012738 0.0182237 0.0246916 0.0317539 0.0387531 0.0449351 0.0497327 0.0529455 0.0547005 0.0552872 0.0550241 0.0542125 0.0531347 0.0520434 0.051124 0.0504358 0.0498447 0.0489812 0.0472757 0.0441213 0.0391519 0.0325078 0.0249037
 0.00528723 0.00867034 0.0132053 0.018909 0.0256415 0.0329957 0.0402767 0.0466802 0.0515919 0.0547831 0.0563824 0.0567082 0.0561183 0.0549405 0.0534578 0.0519081 0.0504748 0.0492488 0.0481597 0.0469081 0.0449762 0.0417792 0.0369453 0.0305859 0.0233655
 0.00554463 0.0090828 0.0138154 0.0197537 0.0267475 0.0343712 0.041901 0.048498 0.0535162 0.0567054 0.0581847 0.0582741 0.0573453 0.0557507 0.0538003 0.0517504 0.049792 0.0480252 0.0464087 0.0447005 0.0424546 0.0391469 0.034429 0.0283867 0.021615
 0.00571352 0.00937739 0.0142953 0.0204856 0.027789 0.0357467 0.0435804 0.0503937 0.0555038 0.0586552 0.0599846 0.0598354 0.058595 0.0566235 0.0542367 0.0516991 0.0492132 0.0468964 0.0447364 0.0425413 0.0399352 0.0364657 0.0318266 0.0260902 0.0197803
 0.00593225 0.00973116 0.0148257 0.0212335 0.0287915 0.0370284 0.0451406 0.0521936 0.057461 0.0606509 0.0618808 0.0614983 0.0599158 0.0575271 0.0546763 0.0516436 0.0486369 0.0457801 0.0430817 0.0403949 0.0374126 0.0337585 0.0291771 0.0237363 0.0178914
 0.00611969 0.0100615 0.0153694 0.0220695 0.029987 0.0386088 0.0470632 0.0543461 0.059688 0.0627935 0.0638052 0.063103 0.0611256 0.0582866 0.0549474 0.0514033 0.0478735 0.0444903 0.0412782 0.038126 0.0347886 0.0309629 0.0264476 0.0213112 0.0159439
 0.0063054 0.0103733 0.0158583 0.0227934 0.0310031 0.0399586 0.048753 0.0563296 0.0618616 0.0650063 0.0658835 0.0648816 0.0624758 0.0591296 0.0552496 0.0511607 0.0470953 0.0431916 0.0394856 0.035896 0.0322302 0.0282505 0.0238051 0.0189642 0.014058
 0.00655362 0.0107771 0.0164665 0.0236518 0.0321462 0.0413968 0.0504593 0.0582354 0.0638659 0.0669919 0.0677307 0.0664745 0.0637074 0.0599108 0.0555199 0.0508926 0.0462907 0.0418736 0.0376953 0.0337017 0.0297442 0.0256399 0.0212785 0.0167294 0.0122665
 0.00689608 0.0113094 0.0172223 0.0246469 0.0333776 0.042842 0.0520728 0.059947 0.0655868 0.0686284 0.0691968 0.0676982 0.0646291 0.0604791 0.0556891 0.0506257 0.0455651 0.0406876 0.0360749 0.0317085 0.0274857 0.0232727 0.0189933 0.0147125 0.0106522
 0.00709408 0.0116312 0.0177056 0.0253237 0.034265 0.0439298 0.0533141 0.0612627 0.0668853 0.0698321 0.0702568 0.0685905 0.0653384 0.0609826 0.05595 0.0505966 0.0451978 0.0399466 0.0349517 0.0302356 0.0257465 0.0214011 0.0171561 0.0130741 0.00933195
 0.00721508 0.0118521 0.0180821 0.0259206 0.0351392 0.045103 0.054749 0.0628569 0.0684919 0.0712964 0.0714537 0.0694466 0.0658353 0.0611434 0.0558151 0.0501994 0.0445515 0.0390466 0.0337914 0.0288296 0.02415 0.0197168 0.0155206 0.0116247 0.00816898
 0.00734152 0.0120772 0.0184576 0.0265085 0.0359993 0.0462721 0.0562172 0.0645539 0.0702903 0.0730309 0.0729501 0.070556 0.0664636 0.0612672 0.0554759 0.0494788 0.0435385 0.0378128 0.0323857 0.0272907 0.0225286 0.0180909 0.0139929 0.0102995 0.00712037
 0.00745807 0.0122394 0.0186536 0.0267172 0.0362049 0.0464848 0.0564838 0.0649487 0.070884 0.0738528 0.0739625 0.071654 0.0675006 0.0620945 0.0559814 0.0496092 0.0432997 0.0372517 0.0315669 0.0262825 0.0214022 0.0169264 0.0128791 0.00932189 0.0063402
 0.00754637 0.0123817 0.0188635 0.0270012 0.0365564 0.0468773 0.0568728 0.0652866 0.0711465 0.0740601 0.0741759 0.071943 0.0678986 0.0625712 0.0564483 0.0499539 0.0434272 0.0371122 0.0311622 0.0256551 0.0206211 0.0160745 0.0120429 0.00857852 0.00574292
 0.0076053 0.0124727 0.0189919 0.0271696 0.0367645 0.0471223 0.0571466 0.065573 0.0714204 0.0742942 0.0743537 0.0720715 0.0680093 0.0627033 0.0566209 0.050146 0.0435796 0.0371519 0.0310332 0.0253408 0.0201482 0.0155031 0.0114487 0.00803283 0.00529645
 0.00767366 0.0125755 0.019131 0.0273409 0.0369593 0.0473292 0.0573537 0.065769 0.071596 0.0744421 0.0744692 0.0721525 0.068059 0.0627322 0.0566454 0.0501779 0.0436136 0.0371599 0.0309735 0.0251778 0.0198724 0.0151383 0.0110439 0.00764446 0.00496954
 0.00762607 0.0125034 0.0190324 0.0272176 0.0368167 0.0471754 0.0572 0.0656303 0.0714906 0.0743895 0.0744855 0.0722457 0.0682251 0.0629563 0.0569061 0.0504527 0.0438804 0.0373945 0.0311479 0.0252651 0.0198568 0.0150256 0.0108628 0.00743706 0.00477602
 0.00769264 0.0126099 0.0191889 0.0274308 0.0370871 0.047493 0.0575411 0.0659579 0.0717618 0.0745669 0.0745482 0.0721951 0.0680837 0.0627593 0.0566904 0.0502474 0.0437009 0.0372419 0.0310113 0.0251268 0.0197008 0.0148456 0.0106668 0.00724411 0.00460752
 0.0077813 0.0127364 0.019347 0.0276046 0.0372566 0.0476429 0.0576667 0.0660641 0.0718561 0.0746512 0.0746153 0.0722313 0.0680758 0.0627024 0.0565913 0.050122 0.0435679 0.0371152 0.0308952 0.0250167 0.0195878 0.0147236 0.0105373 0.0071166 0.00449469
 0.0078165 0.0127946 0.0194355 0.0277282 0.0374134 0.0478203 0.05784 0.0662026 0.0719356 0.0746656 0.074579 0.0721697 0.0680112 0.0626441 0.0565362 0.0500628 0.0435004 0.0370405 0.0308172 0.0249376 0.0195069 0.0146394 0.0104506 0.0070322 0.00441982
 0.00788341 0.0129038 0.0196 0.0279596 0.0377178 0.0481928 0.0582593 0.0666289 0.072316 0.0749465 0.0747207 0.0721582 0.0678608 0.0623911 0.0562249 0.0497319 0.0431767 0.0367393 0.0305463 0.0247004 0.0193041 0.0144694 0.0103111 0.00692124 0.00433574
 0.00784636 0.0128328 0.0194749 0.0277584 0.0374272 0.0478214 0.0578468 0.0662426 0.0720309 0.0748191 0.0747695 0.0723604 0.068165 0.062737 0.0565621 0.0500293 0.0434215 0.0369309 0.0306894 0.0248011 0.0193684 0.0145035 0.010322 0.00691653 0.00432291
 0.00794099 0.0129548 0.0195989 0.02784 0.0374129 0.0476673 0.0575366 0.0657974 0.071508 0.0743007 0.0743439 0.072099 0.0681023 0.0628628 0.0568289 0.050372 0.0437791 0.0372594 0.0309653 0.0250167 0.0195259 0.0146102 0.0103875 0.00695145 0.00433766
 0.00793659 0.0129513 0.0195988 0.0278432 0.0374115 0.0476395 0.0574462 0.0656044 0.0711881 0.0738657 0.0738494 0.0716322 0.0677553 0.0627021 0.0568759 0.0506012 0.0441318 0.0376657 0.0313636 0.0253654 0.0198045 0.0148155 0.0105271 0.00703842 0.00438674
 0.00802925 0.0130829 0.019762 0.0280198 0.037578 0.0477749 0.0575367 0.0656402 0.0711572 0.0737507 0.0736347 0.0713195 0.0673759 0.0623165 0.0565558 0.0504037 0.0440794 0.0377423 0.0315262 0.025563 0.0199946 0.0149723 0.0106413 0.00711289 0.0044302
 0.0080479 0.0131252 0.0198463 0.0281669 0.0378017 0.0480695 0.0578688 0.0659542 0.0713929 0.0738636 0.073607 0.0711581 0.0671038 0.0619678 0.0561755 0.0500442 0.0437904 0.037556 0.0314473 0.0255706 0.0200539 0.0150489 0.0107113 0.00716498 0.0044633
 0.00797941 0.0130106 0.0196696 0.027916 0.0374768 0.0476925 0.0574879 0.0656343 0.0711934 0.073814 0.0736961 0.0713421 0.0673276 0.0621851 0.0563599 0.0501917 0.0439148 0.0376793 0.0315878 0.0257333 0.0202288 0.0152169 0.0108542 0.00727265 0.00453527
 0.00793919 0.0129426 0.0195623 0.0277566 0.0372532 0.0473988 0.0571306 0.065238 0.0708019 0.0734841 0.0734826 0.0712799 0.0674186 0.0623983 0.0566446 0.0504975 0.044207 0.0379439 0.0318265 0.0259527 0.0204315 0.0153985 0.0110064 0.00738912 0.00461554
 0.00783941 0.0127984 0.0193782 0.027547 0.0370369 0.04719 0.0569331 0.0650463 0.0706085 0.0732892 0.0733009 0.07114 0.0673542 0.0624338 0.0567838 0.0507211 0.0444802 0.0382309 0.032101 0.0262012 0.0206492 0.0155833 0.0111563 0.00750276 0.00469459
 0.00781622 0.0127411 0.0192573 0.0273273 0.0366913 0.0467185 0.0563756 0.0644771 0.0701112 0.0729267 0.0730978 0.0710869 0.0674262 0.0626076 0.0570436 0.0510534 0.0448663 0.0386437 0.0325098 0.0265788 0.0209769 0.015852 0.0113643 0.00765389 0.00479645
 0.00863208 0.0138911 0.0206606 0.0287952 0.0379764 0.047598 0.0567211 0.0642796 0.0694609 0.0719713 0.0720005 0.0699923 0.0664381 0.061782 0.0563969 0.050578 0.0445436 0.0384504 0.0324186 0.0265605 0.0210033 0.0158998 0.0114167 0.00770061 0.00483267
 0.00936374 0.015068 0.0223962 0.0311536 0.0409211 0.0509333 0.0600656 0.0671216 0.0713077 0.0725241 0.0712548 0.0682087 0.0640146 0.0591136 0.0537853 0.0482074 0.0425005 0.0367568 0.0310614 0.0255088 0.0202181 0.015338 0.0110346 0.00745584 0.0046864
 0.00913923 0.0148438 0.0223195 0.0314496 0.0418342 0.0526292 0.0625373 0.0701475 0.074482 0.0753496 0.0732683 0.0691028 0.0637176 0.0577918 0.0517671 0.0458669 0.040157 0.0346254 0.0292525 0.0240552 0.0191054 0.0145269 0.0104742 0.00709143 0.00446541
 0.00885512 0.0144054 0.0217124 0.0307001 0.0410325 0.0519472 0.062222 0.0704645 0.0756107 0.0772727 0.0757245 0.0716438 0.0658511 0.0591421 0.0521807 0.0454254 0.0391066 0.0332695 0.0278579 0.0228029 0.0180854 0.0137592 0.00993613 0.00674002 0.00425227
 0.00882539 0.0143356 0.0215686 0.0304397 0.0406193 0.0513761 0.0615457 0.0698077 0.075159 0.0772293 0.0762394 0.0727382 0.0673743 0.0607962 0.0536149 0.046359 0.0394203 0.0330209 0.0272271 0.0220059 0.0173023 0.0131004 0.00944304 0.00640589 0.00404574
 0.00870888 0.014153 0.0213056 0.0300852 0.040165 0.0508174 0.060888 0.069078 0.0744197 0.0765863 0.075834 0.0727153 0.0678287 0.0617168 0.0548602 0.047688 0.0405728 0.0338103 0.0275953 0.0220177 0.0170917 0.0128057 0.00916361 0.0061903 0.00390248
 0.00865149 0.0140647 0.0211816 0.0299243 0.0399679 0.0505859 0.0606233 0.0687805 0.0740903 0.0762326 0.0754814 0.0724177 0.067668 0.0617802 0.055199 0.0482781 0.0413054 0.0345265 0.0281494 0.0223331 0.0171774 0.0127323 0.00901877 0.00604256 0.00378749
 0.00871863 0.0141415 0.0212381 0.0299145 0.0398445 0.0503219 0.0602287 0.0683025 0.0735951 0.0757813 0.0751136 0.0721521 0.0675148 0.0617559 0.0553278 0.048577 0.0417601 0.0350761 0.0286986 0.0227866 0.0174781 0.0128774 0.0090478 0.00600979 0.00373745
 0.00869484 0.0141223 0.0212429 0.029967 0.0399589 0.0504855 0.060393 0.0683952 0.0735513 0.075576 0.0747751 0.071748 0.0671233 0.0614408 0.0551307 0.0485194 0.041845 0.0352844 0.0289849 0.0230877 0.0177331 0.0130495 0.00913379 0.00603169 0.00372556
 0.0086105 0.0140068 0.0211103 0.0298461 0.0398883 0.0505023 0.0605193 0.068626 0.073848 0.0758706 0.0749888 0.07182 0.0670356 0.0612251 0.0548532 0.0482546 0.0416521 0.0351936 0.0289946 0.0231694 0.0178441 0.0131501 0.00920053 0.00606136 0.00372873
 0.00858929 0.0139777 0.021077 0.0298177 0.0398794 0.0505317 0.0606077 0.0687899 0.0740909 0.0761743 0.0753092 0.0720941 0.0671992 0.0612366 0.0547105 0.0479969 0.0413446 0.0349037 0.0287697 0.0230267 0.0177733 0.0131253 0.00919509 0.00605801 0.00372145
 0.00858943 0.0139545 0.0210003 0.0296483 0.0395839 0.0501037 0.060084 0.06825 0.0736364 0.0758963 0.0752604 0.0722738 0.0675566 0.0616874 0.0551635 0.0483816 0.0416287 0.0350934 0.0288954 0.0231216 0.0178582 0.0132048 0.00926393 0.00610964 0.00375406
 0.00854504 0.0139006 0.0209507 0.0296222 0.0395935 0.0501402 0.0601114 0.0682168 0.0735031 0.0756633 0.0749766 0.0720184 0.0674037 0.0616748 0.0552805 0.0485801 0.0418485 0.0352873 0.0290422 0.0232238 0.0179299 0.0132593 0.00930755 0.00614334 0.00377735
 0.00862722 0.0140107 0.0210743 0.0297342 0.0396688 0.0501675 0.0600997 0.0681881 0.0734737 0.0756288 0.0749143 0.0719073 0.0672464 0.0615031 0.0551396 0.0485034 0.0418417 0.0353307 0.029106 0.0232844 0.0179768 0.0132924 0.00933099 0.00616031 0.00378931
 0.00868455 0.0141005 0.0212018 0.0298985 0.0398591 0.0503606 0.0602615 0.0682825 0.0734776 0.0755434 0.0747636 0.0717243 0.0670576 0.061323 0.0549778 0.048371 0.0417507 0.0352867 0.029103 0.0233073 0.0180092 0.013323 0.00935491 0.00617717 0.0038004
 0.00850079 0.0138562 0.0209341 0.0296744 0.0397553 0.0504309 0.0605112 0.0686629 0.0739045 0.0759274 0.0750381 0.0718598 0.0670616 0.0612283 0.0548257 0.0481995 0.041589 0.0351537 0.0290077 0.0232491 0.0179803 0.0133128 0.009354 0.00617955 0.00380316
 0.00810392 0.0131631 0.0198109 0.0279899 0.0374394 0.0475526 0.0573313 0.0656093 0.0714551 0.0744558 0.0747038 0.0725934 0.0686304 0.0633316 0.0571748 0.0505637 0.0438085 0.0371337 0.0307019 0.0246439 0.0190829 0.0141447 0.00994795 0.0065771 0.00405032
 0.00855868 0.0138569 0.0207622 0.0291644 0.0387335 0.048786 0.0582618 0.0659879 0.0711197 0.0734177 0.0731684 0.0708891 0.0670834 0.0621601 0.0564503 0.0502384 0.043774 0.0372736 0.0309225 0.0248822 0.0193025 0.0143276 0.0100882 0.00667629 0.00411472
 0.00880062 0.0142828 0.0214599 0.0302257 0.0402197 0.0506769 0.060411 0.0681186 0.0728773 0.0744677 0.0733003 0.0700855 0.065527 0.0601711 0.054381 0.0483706 0.0422629 0.0361513 0.0301404 0.0243607 0.018965 0.0141146 0.00995773 0.0065996 0.00407205
 0.00852393 0.0138546 0.0208615 0.0294687 0.0393609 0.0498293 0.0597396 0.0678049 0.0730512 0.0751359 0.0743177 0.0711968 0.0664644 0.060757 0.0545836 0.0482891 0.0420592 0.0359705 0.0300624 0.0243949 0.0190763 0.0142557 0.0100912 0.0067053 0.00414521
 0.00870088 0.0141205 0.0212199 0.0299059 0.0398464 0.0503214 0.060195 0.0681912 0.0733607 0.0753903 0.0745508 0.0714216 0.066644 0.0608087 0.0544196 0.0478706 0.041427 0.035232 0.029344 0.0237935 0.0186344 0.0139666 0.00992083 0.00661397 0.00410029
 0.00888827 0.0144301 0.0216927 0.0305767 0.0407291 0.0513884 0.0613627 0.0693261 0.0743124 0.0760381 0.0748409 0.071374 0.0663282 0.060303 0.0537784 0.0471178 0.0405763 0.0343147 0.0284218 0.0229445 0.0179249 0.0134295 0.00955154 0.00638246 0.00396739
 0.0087766 0.014294 0.0215727 0.0305405 0.040856 0.0517424 0.0619656 0.0701445 0.0752603 0.0769946 0.075676 0.0719787 0.06664 0.0603163 0.0535337 0.0466768 0.0399993 0.0336534 0.0277251 0.0222651 0.0173162 0.0129325 0.00918396 0.00613674 0.00381895
 0.00832715 0.0135598 0.0204681 0.0290028 0.0388819 0.0494327 0.0595548 0.0679763 0.0737009 0.0763155 0.0759679 0.0731367 0.0684165 0.0624062 0.0556539 0.0486169 0.0416374 0.0349448 0.0286801 0.022928 0.0177483 0.0131989 0.00934209 0.00622927 0.00387317
 0.00830175 0.0134651 0.0202259 0.0285052 0.0380152 0.0481216 0.0578078 0.0659146 0.071555 0.0743876 0.0745677 0.0725022 0.068646 0.0634293 0.0572589 0.0505203 0.0435643 0.0366876 0.0301212 0.0240319 0.0185383 0.0137302 0.00967954 0.00643269 0.00398991
 0.00868141 0.0140762 0.0211271 0.0297269 0.03953 0.0498089 0.0594363 0.0671722 0.0721369 0.0741101 0.0734488 0.0707665 0.0666509 0.0615491 0.0557742 0.0495551 0.0430865 0.0365628 0.0301852 0.0241501 0.0186322 0.0137742 0.00968133 0.00641225 0.0039648
 0.0088037 0.0143255 0.0215945 0.030525 0.0407605 0.0515105 0.0615343 0.0694583 0.0742956 0.0757861 0.0743355 0.0706917 0.0656331 0.0597993 0.0536341 0.047391 0.041185 0.0350709 0.0291136 0.023422 0.0181443 0.0134399 0.00944579 0.00624658 0.00385328
 0.00867758 0.0141313 0.0213274 0.0302011 0.0404291 0.051264 0.0615039 0.0697821 0.07506 0.0769638 0.0757582 0.0720829 0.0666939 0.0603112 0.0535327 0.0467777 0.0402742 0.0341008 0.0282652 0.0227805 0.0177097 0.0131656 0.0092772 0.0061421 0.00378795
 0.00870266 0.0141393 0.0212797 0.0300447 0.0401149 0.0507756 0.0608837 0.0691399 0.0745536 0.0767558 0.0759607 0.0727076 0.0676305 0.0613512 0.0544377 0.0473655 0.0404801 0.0339832 0.0279586 0.0224266 0.0174055 0.0129491 0.00914248 0.00606538 0.00374603
#obs surv len freq
 nan nan nan nan nan nan nan nan nan nan nan nan nan nan nan nan nan nan nan nan nan nan nan nan nan
 0.00447725 0.00733548 0.011163 0.0159783 0.02168 0.0279581 0.0342757 0.0400104 0.0446928 0.0481586 0.0505177 0.0520144 0.0529072 0.05342 0.0537345 0.0539897 0.0542684 0.0545613 0.0547001 0.054292 0.0527299 0.0493617 0.0438108 0.0362901 0.0276728
 0.00461873 0.00756416 0.0115044 0.0164548 0.0223054 0.02873 0.0351671 0.0409668 0.0456385 0.0490106 0.0512005 0.0524718 0.0531089 0.0533631 0.0534398 0.0534936 0.0536145 0.0537924 0.0538555 0.0534089 0.0518471 0.0485225 0.0430599 0.0356654 0.0271954
 0.00478296 0.00783451 0.0119173 0.0170457 0.023101 0.0297365 0.0363577 0.0422781 0.0469787 0.0502763 0.0522928 0.0533071 0.0536253 0.0535248 0.0532396 0.0529525 0.0527758 0.0527142 0.0526034 0.0520528 0.0504624 0.0471898 0.0418594 0.0346632 0.026428
 0.00497666 0.00815177 0.0123994 0.0177329 0.0240254 0.0309099 0.0377588 0.0438461 0.0486196 0.0518777 0.0537405 0.0544966 0.0544697 0.05396 0.0532286 0.0524878 0.0518801 0.0514384 0.0510232 0.0502655 0.0485838 0.0453481 0.0401817 0.0332534 0.0253446
 0.00518508 0.00849308 0.0129178 0.0184716 0.0250189 0.0321713 0.039267 0.0455403 0.0504067 0.0536482 0.0553835 0.0559082 0.0555565 0.054642 0.0534435 0.0521962 0.0510718 0.0501376 0.0492934 0.0482116 0.0463496 0.0431053 0.0381062 0.031492 0.0239827
 0.00542689 0.00888701 0.0135123 0.0193123 0.0261404 0.033584 0.0409427 0.0474075 0.0523604 0.0555695 0.057158 0.0574349 0.0567495 0.055428 0.0537601 0.0519931 0.0503163 0.048826 0.0474642 0.0459587 0.0438271 0.0405162 0.0356708 0.029401 0.0223532
 0.00565278 0.00926163 0.0140898 0.0201477 0.0272784 0.0350419 0.0426925 0.0493711 0.0544212 0.0575967 0.0590279 0.0590428 0.0580114 0.0562767 0.0541404 0.0518579 0.0496274 0.0475632 0.0456434 0.0436535 0.0411837 0.037748 0.0330246 0.0271009 0.0205445
 0.00588364 0.0096382 0.0146594 0.0209565 0.0283646 0.0364231 0.0443521 0.0512499 0.0564231 0.059603 0.060915 0.0606959 0.0593333 0.0571911 0.0545895 0.051797 0.0490208 0.0463877 0.0439035 0.041406 0.0385596 0.0349551 0.0303171 0.0247201 0.0186548
 0.00612954 0.0100399 0.0152675 0.0218189 0.029517 0.0378743 0.0460696 0.0531567 0.0584097 0.0615502 0.0627122 0.0622491 0.060564 0.0580342 0.0549909 0.0517122 0.0484139 0.0452347 0.0422045 0.0392077 0.0359794 0.0321886 0.0276132 0.0223233 0.0167388
 0.00637177 0.0104372 0.0158717 0.0226803 0.0306739 0.0393375 0.0478062 0.0550842 0.0604088 0.0634887 0.0644682 0.0637249 0.0616892 0.0587605 0.055285 0.0515472 0.0477653 0.0440831 0.0405484 0.0370861 0.0334962 0.0295229 0.0249988 0.0199953 0.0148686
 0.0066076 0.0108244 0.0164616 0.0235228 0.0318078 0.0407745 0.0495147 0.0569836 0.0623805 0.0653985 0.0661892 0.0651522 0.0627462 0.0593991 0.0554802 0.0512886 0.0470483 0.0429055 0.0389186 0.0350428 0.0311328 0.0270002 0.0225289 0.0177945 0.0130971
 0.00683789 0.0112012 0.0170329 0.0243348 0.0328957 0.0421481 0.0511434 0.0587912 0.0642549 0.0672127 0.0678217 0.0665005 0.0637328 0.0599733 0.0556159 0.0509789 0.0462983 0.0417272 0.0373344 0.0330987 0.0289181 0.0246594 0.0202502 0.0157696 0.0114684
 0.00705606 0.0115598 0.0175797 0.0251161 0.0339464 0.0434763 0.0527155 0.0605273 0.0660408 0.0689223 0.0693391 0.0677315 0.0646094 0.0604522 0.055676 0.0506168 0.0455236 0.0405594 0.0358049 0.03126 0.0268583 0.0225104 0.0181775 0.0139392 0.0100015
 0.00728035 0.0119269 0.0181365 0.025907 0.0350038 0.0448054 0.0542796 0.0622427 0.0677887 0.0705724 0.0707717 0.0688531 0.0653575 0.0607946 0.0556053 0.0501439 0.0446705 0.039356 0.0342905 0.029492 0.0249224 0.020527 0.0162913 0.0122906 0.00869026
 0.0074276 0.0121753 0.0185272 0.0264839 0.0358045 0.045847 0.0555433 0.0636686 0.0692838 0.0720279 0.0720808 0.0699234 0.066118 0.0611995 0.0556342 0.0497983 0.043969 0.0383296 0.0329818 0.0279599 0.0232492 0.0188211 0.0146781 0.0108883 0.00757985
 0.00753359 0.0123434 0.0187733 0.0268228 0.0362504 0.0464132 0.0562387 0.0644915 0.0702153 0.0730276 0.0730879 0.0708624 0.0669095 0.0617715 0.0559315 0.0497876 0.0436396 0.0376923 0.0320681 0.0268222 0.0219633 0.017485 0.0134017 0.00977299 0.0066947
 0.00758015 0.0124184 0.018885 0.0269787 0.0364565 0.0466731 0.0565534 0.0648608 0.07064 0.0735106 0.0736294 0.0714512 0.0675143 0.0623393 0.0563949 0.0500785 0.0437033 0.0374978 0.0316135 0.0261368 0.0211069 0.016542 0.012469 0.00894071 0.0060256
 0.0076617 0.0125408 0.0190502 0.027182 0.0366887 0.0469232 0.0568114 0.0651185 0.0708923 0.0737568 0.0738743 0.0717037 0.0677813 0.0626177 0.0566637 0.0502975 0.0438204 0.0374628 0.0313932 0.0257275 0.0205391 0.0158768 0.0117853 0.00831573 0.00551556
 0.00772459 0.0126398 0.0191928 0.0273715 0.0369221 0.0471892 0.0570893 0.0653813 0.0711147 0.0739239 0.0739874 0.071778 0.0678391 0.0626786 0.0567367 0.0503747 0.043876 0.037458 0.0312888 0.0254985 0.0201874 0.015435 0.0113085 0.00786501 0.00513915
 0.00776262 0.0126964 0.0192684 0.0274636 0.0370266 0.0473023 0.0572082 0.0655033 0.0712352 0.0740363 0.0740843 0.0718549 0.0678976 0.0627264 0.0567835 0.0504258 0.0439257 0.0374873 0.0312697 0.0254046 0.0200066 0.0151781 0.0110083 0.00756525 0.00487896
 0.00782471 0.0127912 0.0193992 0.0276286 0.0372185 0.0475085 0.0574117 0.0656851 0.0713785 0.0741309 0.0741287 0.0718551 0.0678633 0.0626686 0.0567132 0.0503528 0.0438554 0.0374176 0.0311893 0.0252969 0.0198588 0.0149893 0.0107935 0.00735029 0.00469027
 0.00783281 0.0128049 0.0194206 0.02766 0.0372613 0.0475628 0.0574749 0.0657524 0.0714438 0.0741887 0.0741757 0.0718906 0.0678888 0.0626866 0.0567259 0.0503617 0.0438605 0.0374165 0.031176 0.0252624 0.0197946 0.0148932 0.0106729 0.00722117 0.00457116
 0.00785913 0.0128398 0.0194588 0.0276922 0.0372775 0.047557 0.0574491 0.0657158 0.0714091 0.0741669 0.0741724 0.0719058 0.0679183 0.062725 0.0567683 0.050404 0.0438994 0.0374484 0.031196 0.0252649 0.0197742 0.0148481 0.0106073 0.00714521 0.00449736
 0.00790068 0.0129047 0.0195509 0.0278116 0.0374191 0.0477083 0.0575907 0.0658249 0.071467 0.0741663 0.0741206 0.0718208 0.067821 0.0626315 0.0566874 0.0503379 0.0438464 0.0374047 0.0311571 0.0252257 0.01973 0.0147964 0.0105491 0.00708522 0.00444216
 0.00788919 0.0128893 0.0195341 0.0277979 0.0374141 0.0477172 0.0576156 0.0658638 0.071513 0.0742095 0.0741511 0.0718324 0.0678144 0.0626137 0.0566678 0.0503244 0.0438422 0.0374083 0.031164 0.0252302 0.0197273 0.0147838 0.010527 0.00705697 0.0044129
 0.00788304 0.0128725 0.0194966 0.0277278 0.0373021 0.0475633 0.0574342 0.0656822 0.0713632 0.074117 0.0741266 0.0718708 0.0678996 0.062726 0.0567909 0.0504475 0.04396 0.0375177 0.031262 0.025313 0.0197914 0.0148271 0.0105505 0.00706457 0.00441025
 0.00789164 0.012882 0.0195023 0.0277215 0.0372728 0.0475 0.0573292 0.0655352 0.0711852 0.0739304 0.0739618 0.071757 0.0678553 0.0627536 0.0568776 0.0505726 0.0441023 0.0376606 0.0313941 0.0254273 0.0198836 0.0148955 0.0105959 0.00709051 0.00442198
 0.0079038 0.0129002 0.0195264 0.0277496 0.0373008 0.0475211 0.0573339 0.0655128 0.0711268 0.0738332 0.0738326 0.0716134 0.0677218 0.062655 0.0568307 0.0505815 0.0441583 0.0377473 0.0314936 0.0255246 0.0199684 0.0149623 0.0106434 0.00712041 0.00443826
 0.00787884 0.0128643 0.0194812 0.0276995 0.0372519 0.0474784 0.0573002 0.0654873 0.0711053 0.0738099 0.0738016 0.0715717 0.0676721 0.0626063 0.0567966 0.050575 0.0441869 0.0378093 0.0315793 0.0256199 0.0200597 0.0150397 0.0107021 0.0071604 0.00446249
 0.00784827 0.0128102 0.0193921 0.0275639 0.0370629 0.0472404 0.0570333 0.0652252 0.0708863 0.0736636 0.0737406 0.0715904 0.0677526 0.0627274 0.0569407 0.0507319 0.044352 0.0379806 0.0317526 0.0257876 0.020212 0.0151678 0.010801 0.00722988 0.00450678
 0.00781577 0.0127559 0.0193076 0.0274401 0.0368914 0.0470171 0.0567619 0.0649211 0.0705768 0.073385 0.0735305 0.0714782 0.067751 0.0628293 0.0571237 0.0509665 0.0446109 0.038243 0.0320045 0.0260191 0.0204149 0.0153358 0.0109307 0.00732222 0.00456685
 0.00779881 0.0127235 0.01925 0.0273451 0.0367478 0.0468188 0.0565123 0.0646342 0.0702749 0.073095 0.0732804 0.0712945 0.0676561 0.0628365 0.0572329 0.051163 0.0448689 0.0385322 0.0322972 0.0262933 0.0206559 0.0155346 0.0110839 0.00743174 0.00463873
 0.00777794 0.012689 0.0191968 0.0272677 0.0366402 0.0466761 0.0563321 0.0644192 0.0700345 0.072845 0.0730424 0.0710928 0.0675139 0.0627726 0.0572579 0.0512773 0.0450609 0.0387803 0.0325735 0.0265699 0.0209091 0.0157486 0.0112512 0.00755237 0.00471851
 0.00774067 0.0126302 0.0191118 0.0271534 0.036496 0.0465043 0.0561389 0.0642144 0.0698297 0.0726517 0.0728709 0.0709526 0.0674154 0.0627266 0.0572749 0.0513635 0.0452154 0.038993 0.0328253 0.0268359 0.021164 0.0159717 0.01143 0.00768343 0.00480622
 0.00933931 0.0148683 0.0218136 0.0299328 0.0388694 0.0480696 0.0567175 0.0638771 0.068813 0.071236 0.0712913 0.0693681 0.0659179 0.0613652 0.0560753 0.0503396 0.0443735 0.0383313 0.0323326 0.0264916 0.0209405 0.0158383 0.0113577 0.00764863 0.00479183
 0.0093118 0.0151196 0.0227138 0.0319417 0.0423362 0.0529632 0.0624548 0.0694186 0.0730329 0.073367 0.0711774 0.0674047 0.0627772 0.0577074 0.0523856 0.0469042 0.0413307 0.0357332 0.0301867 0.0247809 0.0196305 0.0148808 0.0106947 0.0072169 0.00452963
 0.00895613 0.0145604 0.0219295 0.0309821 0.041377 0.0523416 0.0626304 0.07081 0.07577 0.0771053 0.0751405 0.0706793 0.0646945 0.0580741 0.051454 0.0451589 0.0392585 0.0336904 0.0283761 0.0232879 0.0184691 0.0140261 0.0101013 0.00683078 0.00429577
 0.00878798 0.0142733 0.0214727 0.0303037 0.0404429 0.0511719 0.0613425 0.0696475 0.0750806 0.077245 0.0763155 0.0727993 0.0673395 0.0606317 0.0533669 0.0461366 0.0393349 0.0331254 0.0274947 0.0223569 0.0176503 0.0133866 0.00964602 0.00653225 0.00411526
 0.00872027 0.0141598 0.0212941 0.0300364 0.0400599 0.0506473 0.060663 0.0688304 0.0741983 0.0764429 0.0758049 0.0728031 0.0679942 0.061891 0.0549762 0.0477172 0.0405402 0.0337755 0.0276131 0.0221071 0.0172322 0.0129581 0.00929402 0.00628286 0.00395824
 0.00871282 0.0141421 0.0212569 0.0299663 0.0399411 0.050464 0.0604018 0.0684827 0.0737639 0.0759387 0.0752793 0.0723486 0.0677401 0.0619634 0.0554335 0.0484972 0.0414634 0.0346147 0.0281922 0.022366 0.017224 0.012795 0.0090855 0.00609939 0.00382723
 0.00867121 0.0140792 0.0211706 0.0298572 0.0398108 0.0503133 0.0602297 0.0682864 0.0735404 0.0756869 0.0750042 0.0720681 0.0674933 0.0618124 0.0554499 0.0487298 0.0419016 0.0351756 0.0287474 0.0227976 0.0174735 0.0128749 0.00905396 0.00602202 0.00375017
 0.00868058 0.0140899 0.0211788 0.0298565 0.0397946 0.0502773 0.0601735 0.0682125 0.073451 0.0755809 0.0748772 0.071916 0.06732 0.0616374 0.0553102 0.0486721 0.0419631 0.0353606 0.0290168 0.0230818 0.0177038 0.0130137 0.0091037 0.00601224 0.00371559
 0.00866523 0.0140683 0.0211522 0.0298275 0.0397657 0.0502489 0.060143 0.0681754 0.0734033 0.0755218 0.0748084 0.0718405 0.0672398 0.0615552 0.0552338 0.0486183 0.0419547 0.0354166 0.0291385 0.0232465 0.0178727 0.0131497 0.00918787 0.00604754 0.00371868
 0.00865689 0.0140537 0.0211284 0.029792 0.0397174 0.0501898 0.0600789 0.0681146 0.0733534 0.0754858 0.0747845 0.0718232 0.0672232 0.061536 0.0552126 0.0486004 0.0419504 0.0354383 0.0291948 0.023335 0.0179784 0.0132509 0.00926603 0.0060953 0.00374001
 0.00865332 0.0140484 0.0211211 0.0297826 0.0397052 0.0501736 0.060057 0.068086 0.0733186 0.0754482 0.0747486 0.0717931 0.0672006 0.0615195 0.0551998 0.0485901 0.041945 0.0354434 0.0292167 0.0233766 0.0180359 0.0133138 0.00932227 0.00613644 0.00376423
 0.0086365 0.0140226 0.0210853 0.0297369 0.0396515 0.0501149 0.0599977 0.0680311 0.0732728 0.0754147 0.0747287 0.0717867 0.0672068 0.0615367 0.0552254 0.0486213 0.0419794 0.0354805 0.0292578 0.0234233 0.0180877 0.0133669 0.00937055 0.00617449 0.00378979
 0.0086424 0.0140305 0.0210943 0.0297448 0.0396558 0.0501136 0.0599897 0.0680167 0.0732534 0.075392 0.0747046 0.0717628 0.0671845 0.0615174 0.0552105 0.0486118 0.041976 0.0354834 0.0292674 0.0234399 0.0181107 0.0133939 0.00939798 0.00619836 0.00380755
 0.00861733 0.0139955 0.021052 0.0297014 0.0396182 0.0500872 0.0599758 0.0680128 0.0732549 0.075395 0.0747073 0.0717654 0.0671883 0.0615235 0.0552195 0.0486238 0.0419908 0.035501 0.0292878 0.0234629 0.0181356 0.0134195 0.00942223 0.00621906 0.00382321
 0.00861409 0.0139845 0.0210255 0.0296499 0.0395346 0.0499723 0.0598416 0.0678808 0.0731487 0.0753314 0.074691 0.0717902 0.0672422 0.0615941 0.0552972 0.0487023 0.0420663 0.0355712 0.0293516 0.0235197 0.0181852 0.0134617 0.0094566 0.00624545 0.00384192
 0.00861409 0.0139845 0.0210255 0.0296499 0.0395346 0.0499723 0.0598416 0.0678808 0.0731487 0.0753314 0.074691 0.0717902 0.0672422 0.0615941 0.0552972 0.0487023 0.0420663 0.0355712 0.0293516 0.0235197 0.0181852 0.0134617 0.0094566 0.00624545 0.00384192
 0.00805346 0.0131024 0.0197562 0.0279615 0.0374468 0.0475766 0.0573179 0.0654884 0.0711793 0.0740371 0.0742213 0.0721639 0.0683582 0.0632688 0.057311 0.0508429 0.0441586 0.0374902 0.0310212 0.0249051 0.019282 0.0142875 0.0100447 0.00663854 0.00408648
 0.00850506 0.0137568 0.02059 0.0288946 0.0383542 0.0483154 0.0577554 0.0655258 0.0707745 0.0732243 0.0731155 0.0709394 0.0672052 0.0623432 0.0566995 0.0505543 0.0441395 0.0376554 0.0312829 0.025192 0.0195471 0.0145065 0.01021 0.00675345 0.0041601
 0.00869679 0.014124 0.0212388 0.0299403 0.0398717 0.0502705 0.0599574 0.0676439 0.0724296 0.0741129 0.0731033 0.0700838 0.0657133 0.0604978 0.0547847 0.0487969 0.0426782 0.0365377 0.0304866 0.0246566 0.019203 0.0142929 0.0100814 0.00667883 0.00411879
 0.00843333 0.0137225 0.0206909 0.0292729 0.03916 0.0496445 0.0595877 0.0676949 0.072984 0.0751076 0.074324 0.0712382 0.0665451 0.0608787 0.0547389 0.0484607 0.042227 0.0361199 0.0301872 0.0244954 0.0191544 0.0143133 0.0101305 0.00672966 0.00415867
 0.00869156 0.0140967 0.0211691 0.0298136 0.0397032 0.0501324 0.0599857 0.0680049 0.0732449 0.0753778 0.0746471 0.0716033 0.0668695 0.0610339 0.054611 0.0480108 0.0415131 0.0352702 0.0293457 0.0237721 0.0186022 0.0139332 0.00989174 0.00659155 0.00408463
 0.0087974 0.014299 0.0215258 0.0303873 0.0405343 0.0512023 0.0611932 0.0691796 0.0742023 0.0759891 0.0748828 0.0715254 0.0665811 0.0606191 0.0541015 0.0473943 0.0407722 0.0344216 0.0284521 0.0229213 0.0178732 0.0133697 0.00949718 0.00633999 0.003938
 0.00875591 0.0142341 0.021436 0.0302812 0.0404385 0.0511666 0.0612851 0.0694612 0.0746951 0.076647 0.0755964 0.072163 0.0670418 0.0608639 0.0541454 0.0472742 0.0405197 0.0340592 0.0280065 0.0224358 0.017403 0.0129652 0.00918761 0.00612865 0.00380882
 0.00831624 0.0135306 0.020402 0.0288731 0.0386572 0.0490866 0.059078 0.0673895 0.0730629 0.0757182 0.0755175 0.0729217 0.0684784 0.0627262 0.0561633 0.0492218 0.0422455 0.0354846 0.0291096 0.0232353 0.0179451 0.0133103 0.00939644 0.00625087 0.00387897
 0.00830117 0.0134595 0.0202086 0.0284659 0.0379416 0.0480014 0.0576318 0.0656796 0.0712669 0.0740654 0.0742459 0.0722295 0.0684753 0.0634018 0.0573878 0.0507839 0.0439122 0.0370571 0.0304561 0.0242963 0.0187201 0.0138375 0.0097317 0.00645115 0.00399194
 0.00874134 0.0141602 0.0212283 0.0298303 0.0396157 0.0498589 0.0594398 0.0671283 0.0720531 0.0739985 0.0733226 0.0706372 0.0665291 0.0614468 0.0557054 0.0495323 0.0431136 0.0366303 0.0302719 0.0242315 0.01869 0.0138022 0.00968418 0.00640028 0.00394822
 0.00887656 0.014426 0.0217123 0.0306387 0.040843 0.0515383 0.0614964 0.0693613 0.0741623 0.0756495 0.0742284 0.0706351 0.0656286 0.0598306 0.053677 0.0474264 0.0412057 0.0350798 0.0291164 0.0234211 0.0181383 0.0134266 0.00942593 0.00622367 0.00383187
 0.00868161 0.0141239 0.0212904 0.0301096 0.0402583 0.0510006 0.0611568 0.0693867 0.0746729 0.0766495 0.0755733 0.0720603 0.0668334 0.0605798 0.0538748 0.0471333 0.040596 0.0343629 0.0284619 0.022919 0.0178015 0.0132218 0.0093072 0.00615439 0.00378998
 0.00864271 0.0140373 0.0211178 0.0298039 0.0397797 0.0503421 0.0603681 0.0685831 0.0740183 0.0763155 0.0756837 0.0726405 0.0677849 0.0617003 0.054923 0.047913 0.0410189 0.0344606 0.0283459 0.022718 0.0176105 0.0130842 0.00922563 0.00611243 0.00376996
#pred catch len freq
 0.00312816 0.00510153 0.00774149 0.0111059 0.01524 0.0201239 0.025613 0.0314357 0.0372527 0.0427276 0.0475748 0.0515934 0.0546915 0.0568879 0.0582852 0.0590374 0.0593257 0.0593253 0.0591244 0.0585912 0.0572658 0.0544231 0.0493944 0.0420289 0.0329811
 0.00328646 0.00531766 0.00799211 0.0113477 0.0154266 0.0202294 0.0256458 0.0314299 0.0372411 0.0427151 0.0475349 0.0514913 0.0545206 0.0566934 0.0581588 0.0590806 0.0595979 0.0597997 0.0596759 0.0590296 0.0574091 0.0541775 0.0487978 0.0412308 0.0321701
 0.00344747 0.00558372 0.00839686 0.0119155 0.0161565 0.0210766 0.026515 0.0321946 0.0377873 0.0429856 0.0475424 0.0512941 0.0541845 0.0562719 0.0577015 0.0586486 0.0592596 0.059598 0.0595887 0.058959 0.057218 0.0537597 0.0481395 0.0404212 0.0313545
 0.00353131 0.00573757 0.00866275 0.0123481 0.0168156 0.0220095 0.0277315 0.0336425 0.0393404 0.0444575 0.0487299 0.0520375 0.0544158 0.0560251 0.0570838 0.0577971 0.058305 0.0586405 0.058679 0.0580876 0.056329 0.0527945 0.0470885 0.0393462 0.0303637
