SBPRF35
9.33006
Curr Bio
598875
B35
735921
F35
0.193327
FOFL
0.150163
OFL
70037.6
Bzero
2.66573e+006
#pred survey bio
 4.27147e+006 4.04891e+006 3.84571e+006 3.61138e+006 3.33134e+006 3.04232e+006 2.74779e+006 2.49013e+006 2.20519e+006 1.96587e+006 1.71684e+006 1.51484e+006 1.34918e+006 1.2021e+006 1.07562e+006 952184 858499 763114 713415 671126 652541 625934 604664 593442 586867 581356 567164 570894 568074 572154 574422 572539 579057 574071 573911 556365 550115 548952 555570 563051 563826 569229 574332 581532 585963 585572 582880 581674 583257 580409 583836 641034 653001 622227 582664 624162 638781 603763 612809 597478 604124 2.04584e+007 1.24229e+007 1.28179e+007 1.36888e+007 1.48279e+007 1.60171e+007 1.71131e+007 1.80471e+007 1.88026e+007 1.93924e+007 1.98418e+007 2.01786e+007 2.04285e+007 2.06128e+007 2.07485e+007 2.08484e+007 2.09221e+007 2.09768e+007 2.10174e+007 2.10479e+007 2.10708e+007 2.10881e+007 2.11013e+007 2.11114e+007 2.11191e+007 2.11251e+007 2.11297e+007 2.11333e+007 2.11361e+007 2.11382e+007 2.11399e+007 2.11413e+007 2.11423e+007 2.11431e+007 2.11438e+007 2.11443e+007 2.11447e+007 2.1145e+007 2.11453e+007 2.11455e+007 2.11456e+007 2.11457e+007 2.11458e+007 2.11459e+007 2.1146e+007 2.1146e+007 2.11461e+007 2.11461e+007 2.11461e+007 2.11461e+007 2.11461e+007 2.11462e+007 2.11462e+007 2.11462e+007 2.11462e+007 2.11462e+007 2.11462e+007 2.11462e+007 2.11462e+007 2.11462e+007 2.11462e+007 2.11462e+007 2.11462e+007 2.11462e+007 2.11462e+007 2.11462e+007 2.11462e+007 2.11462e+007 2.11462e+007 2.11462e+007 2.11462e+007 2.11462e+007 2.11462e+007 2.11462e+007 2.11462e+007 2.11462e+007 2.11462e+007 2.11462e+007 2.11462e+007 2.11462e+007 2.11462e+007 2.11462e+007 2.11462e+007 2.11462e+007 2.11462e+007 2.11462e+007 2.11462e+007 2.11462e+007 2.11462e+007 2.11462e+007 2.11462e+007 2.11462e+007 2.11462e+007 2.11462e+007 2.11462e+007 2.11462e+007 2.11462e+007 2.11462e+007 2.11462e+007 2.11462e+007 0 0 0 0 0 0 0 0 0 0 0 0 0 0 0 0 0 0 0 0 0 0 0 0 0
#obs survey bio
 5.13506e+006 2.50796e+006 2.65736e+006 3.67853e+006 2.15619e+006 2.84259e+006 2.72019e+006 2.586e+006 1.71855e+006 1.65106e+006 1.39701e+006 1.82806e+006 1.24836e+006 849914 848026 970632 840724 772346 606852 659080 595705 604388 831818 398602 364948 558932 514806 421075 441940 459107 616063 679248 544135 492247 464647 610984 494717 623500 606368 537218 754029 562430 522089 726631 639099 755562 707636 680805 634579 500844 408496 783175 504138 484328 594980 773300 604822 631841 424996 667303 658075
#pred catch bio
 113367 102153 142696 202920 233796 263199 254089 302610 283461 310445 282105 259870 250770 237368 235993 208465 205321 161424 151570 128661 132522 124345 113172 108214 106965 112929 96433.3 101063 94591.3 95658.3 97720.6 88755.2 95935.8 88354.6 99001.5 87441.2 85684.6 83393.9 85892 92649.1 88570.7 88528.3 86383.7 87937.5 90617.3 90837.6 88022.2 84935.7 89038.4 85120.1 43111.3 84036.2 120227 128052 62922.6 89471.3 130554 92850.3 114097 94737 113194 70037.6 89314 91064 96045.7 103516 111569 118960 125149 130027 133712 136409 138337 139689 140624 141263 141697 141988 142183 142313 142399 142456 142494 142519 142535 142545 142552 142557 142560 142562 142563 142564 142565 142565 142565 142565 142565 142566 142566 142566 142566 142566 142566 142566 142566 142566 142566 142566 142566 142566 142566 142566 142566 142566 142566 142566 142566 142566 142566 142566 142566 142566 142566 142566 142566 142566 142566 142566 142566 142566 142566 142566 142566 142566 142566 142566 142566 142566 142566 142566 142566 142566 142566 142566 142566 142566 142566 142566 142566 142566 142566 142566 142566 142566 142566 142566 142566 142566 142566 142566 142566 0 0 0 0 0 0 0 0 0 0 0 0 0 0 0 0 0 0 0 0 0 0 0 0 0
#obs catch bio
 0 101852 142887 204050 235907 266004 255832 306442 287407 317418 289278 264293 256605 243526 243151 214312 211085 164695 154706 131010 135264 126483 114349 109436 108888 115259 97920.6 102473 95697.4 97078.5 99350.4 89598.8 97234.5 88878.1 99838.8 87459.5 85811.4 83217.5 85673.8 92666.7 88273.6 88243.9 86171.1 87550.4 89953.7 90122.1 87188.9 83755.7 87788.9 84956.5 42613.2 83841.1 119710 129050 62540 89525.7 131916 92565.1 114790 94448.3 113390
#pred cpue bio
 4.20946e+006 3.99056e+006 3.7902e+006 3.55696e+006 3.27785e+006 2.99002e+006 2.69699e+006 2.44039e+006 2.15686e+006 1.91855e+006 1.67134e+006 1.47113e+006 1.30704e+006 1.16137e+006 1.03624e+006 914740 823013 730248 682066 641123 623251 597758 577496 566840 560351 554871 541267 545196 542717 546773 549135 547711 554593 550368 550960 534575 528208 525767 531136 538208 539237 544829 550014 557208 561828 561787 559465 558520 560087 557014 559859 615469 627542 597112 557309 596958 611580 577696 586114 571040 577763 1.95977e+007 1.19251e+007 1.22186e+007 1.29545e+007 1.40395e+007 1.52143e+007 1.63069e+007 1.72402e+007 1.79956e+007 1.85854e+007 1.90348e+007 1.93716e+007 1.96215e+007 1.98058e+007 1.99415e+007 2.00414e+007 2.01151e+007 2.01698e+007 2.02104e+007 2.02409e+007 2.02638e+007 2.02811e+007 2.02943e+007 2.03044e+007 2.03121e+007 2.03181e+007 2.03227e+007 2.03263e+007 2.03291e+007 2.03313e+007 2.0333e+007 2.03343e+007 2.03353e+007 2.03361e+007 2.03368e+007 2.03373e+007 2.03377e+007 2.0338e+007 2.03383e+007 2.03385e+007 2.03386e+007 2.03387e+007 2.03388e+007 2.03389e+007 2.0339e+007 2.0339e+007 2.03391e+007 2.03391e+007 2.03391e+007 2.03391e+007 2.03391e+007 2.03392e+007 2.03392e+007 2.03392e+007 2.03392e+007 2.03392e+007 2.03392e+007 2.03392e+007 2.03392e+007 2.03392e+007 2.03392e+007 2.03392e+007 2.03392e+007 2.03392e+007 2.03392e+007 2.03392e+007 2.03392e+007 2.03392e+007 2.03392e+007 2.03392e+007 2.03392e+007 2.03392e+007 2.03392e+007 2.03392e+007 2.03392e+007 2.03392e+007 2.03392e+007 2.03392e+007 2.03392e+007 2.03392e+007 2.03392e+007 2.03392e+007 2.03392e+007 2.03392e+007 2.03392e+007 2.03392e+007 2.03392e+007 2.03392e+007 2.03392e+007 2.03392e+007 2.03392e+007 2.03392e+007 2.03392e+007 2.03392e+007 2.03392e+007 2.03392e+007 2.03392e+007 2.03392e+007 2.03392e+007 2.03392e+007 0 0 0 0 0 0 0 0 0 0 0 0 0 0 0 0 0 0 0 0 0 0 0 0 0
#obs cpue bio
 5.17125e+006 4.24055e+006 3.67303e+006 2.18092e+006 2.17507e+006 3.50787e+006 3.01257e+006 2.09668e+006 1.55125e+006 1.44586e+006 1.08719e+006 1.74143e+006 768895 1.00853e+006 867214 592345 731435 535916 640176 422199 539140 546997 477161 644717 436892 460577 435899 819425 567398 453065 392324 507815 473188 781812 697939 699967 558698 608498 520566 507472 509117 599700 576287 574053 740857 518472 610434 823243 671338 377277 641641 628998 851576 436197 503105 538438 485004 671262 716749 655307 529960
#pred surv len freq
 0.00452786 0.00741549 0.0112816 0.0161492 0.0219271 0.0283207 0.0348073 0.0407686 0.0457206 0.0494676 0.0520818 0.0537759 0.0547856 0.0553102 0.0554903 0.0554053 0.0550849 0.0545162 0.0536229 0.0522077 0.0499097 0.0462698 0.040953 0.0340381 0.0261624
 0.00475758 0.00769741 0.0115409 0.0162709 0.0218007 0.0279037 0.0341667 0.0400651 0.045137 0.049123 0.0519849 0.0538423 0.0549003 0.0553937 0.0555354 0.0554715 0.0552571 0.05485 0.0541014 0.0527348 0.0503472 0.0465015 0.0409385 0.0338253 0.025853
 0.00501767 0.00812116 0.0121729 0.0171333 0.0228664 0.0290685 0.0352462 0.0408397 0.0454402 0.0489239 0.0514044 0.0530839 0.0541458 0.0547347 0.0549777 0.0549886 0.0548408 0.0545196 0.0538739 0.052589 0.0502171 0.0463074 0.0406346 0.0334271 0.0254255
 0.00521949 0.00845747 0.0126951 0.017896 0.0239167 0.0304245 0.0368683 0.0426069 0.0471502 0.0503295 0.0522841 0.0533198 0.0537658 0.0538896 0.0538664 0.0537817 0.0536453 0.0533881 0.0528279 0.0516301 0.0493288 0.0454642 0.0398235 0.0326651 0.0247554
 0.00541954 0.00878525 0.0131942 0.0186115 0.0248898 0.0316828 0.0384115 0.0443935 0.049089 0.0522757 0.0540446 0.0546774 0.0545277 0.053948 0.0532378 0.052597 0.0520959 0.051661 0.0510636 0.0499151 0.0477095 0.0439685 0.0384788 0.0315058 0.0238166
 0.00564517 0.00914647 0.0137281 0.0193508 0.0258597 0.0328953 0.0398574 0.0460382 0.0508729 0.0541182 0.0558426 0.0562997 0.0558149 0.0547311 0.053379 0.052038 0.0508843 0.0499376 0.0490177 0.0477338 0.0455475 0.0419435 0.0366798 0.0299988 0.0226394
 0.00595591 0.00963503 0.0144325 0.0202961 0.0270543 0.0343273 0.0414888 0.0478038 0.0526897 0.0559004 0.057512 0.0577842 0.0570358 0.0555907 0.0537611 0.0518302 0.0500176 0.048424 0.0469629 0.0453184 0.0429875 0.03945 0.0344305 0.0281194 0.0211921
 0.00625216 0.0101109 0.0151376 0.0212712 0.0283227 0.0358813 0.0432777 0.049733 0.0546376 0.0577462 0.0591591 0.0591672 0.0581115 0.0563199 0.0540914 0.0516894 0.0493268 0.0471314 0.0450834 0.0429587 0.04034 0.0367572 0.0319324 0.0260031 0.0195581
 0.00659869 0.0106703 0.0159717 0.0224341 0.0298497 0.0377715 0.0454758 0.0521227 0.057057 0.060019 0.0611277 0.0607153 0.0591719 0.0568683 0.0541274 0.0512135 0.0483256 0.0455836 0.0429898 0.0403825 0.0374339 0.0337542 0.0290989 0.0235708 0.0176661
 0.00682983 0.0110566 0.0165732 0.0233142 0.0310637 0.0393474 0.0473931 0.0543032 0.0593725 0.0623125 0.0632373 0.0624935 0.060501 0.0576698 0.0543639 0.0508784 0.0474279 0.0441361 0.0410169 0.0379456 0.0346622 0.0308539 0.026323 0.0211563 0.0157682
 0.00710144 0.0114974 0.0172358 0.0242488 0.0323107 0.0409248 0.0492811 0.0564347 0.0616368 0.0645704 0.0653389 0.0642949 0.0618771 0.0585252 0.054639 0.0505492 0.0464992 0.0426342 0.0389884 0.0354703 0.0318733 0.0279484 0.0235413 0.0187282 0.0138507
 0.00742801 0.012004 0.0179535 0.0251929 0.0334817 0.04231 0.0508528 0.0581468 0.0634244 0.0663541 0.0670304 0.0658 0.0630999 0.0593736 0.0550323 0.0504276 0.0458294 0.0414135 0.0372489 0.0332872 0.0293762 0.0253238 0.0210123 0.0165085 0.0120883
 0.00774876 0.0125148 0.0187012 0.0262104 0.0347787 0.0438603 0.0525849 0.0599486 0.0651678 0.0679281 0.0683629 0.0668571 0.0638669 0.0598346 0.0551588 0.0501786 0.0451628 0.0403006 0.0356914 0.0313338 0.0271344 0.0229596 0.018728 0.0144986 0.0104884
 0.00802473 0.0129644 0.019379 0.0271661 0.0360451 0.0454351 0.0544127 0.0619151 0.0671166 0.0696941 0.0698073 0.0678916 0.0644602 0.0600013 0.0549366 0.0496037 0.0442541 0.0390613 0.0341259 0.0294724 0.0250561 0.0207981 0.0166544 0.0126804 0.00904353
 0.00817287 0.0132225 0.0197996 0.0278094 0.0369664 0.0466641 0.0559322 0.0636514 0.0689475 0.07147 0.0713764 0.0691224 0.0652606 0.0603293 0.0548005 0.0490477 0.0433362 0.0378347 0.0326346 0.0277632 0.0231991 0.0189005 0.0148521 0.0111088 0.00779784
 0.00827698 0.0134075 0.020108 0.0282925 0.0376755 0.047635 0.0571673 0.0651096 0.0705448 0.0730904 0.0728871 0.0703917 0.0661755 0.0608124 0.0548196 0.0486164 0.0425038 0.0366702 0.0312127 0.0261602 0.0214989 0.0172026 0.0132688 0.0097458 0.00672673
 0.00829478 0.0134435 0.0201767 0.0284158 0.0378829 0.0479612 0.057647 0.0657689 0.0713902 0.0740983 0.0739984 0.0715148 0.0671992 0.0616247 0.0553273 0.0487605 0.0422672 0.0360761 0.030316 0.0250377 0.0202424 0.015914 0.0120524 0.00869296 0.00589719
 0.008515 0.0137742 0.0206238 0.028967 0.0385124 0.0486375 0.0583395 0.0664512 0.0720421 0.0747072 0.0745574 0.0720157 0.0676243 0.0619408 0.0554882 0.048717 0.0419811 0.0355336 0.0295345 0.0240664 0.0191562 0.0148039 0.0110116 0.00779986 0.00519962
 0.00860878 0.0139139 0.0208099 0.0291909 0.0387575 0.0488835 0.0585669 0.0666464 0.0722039 0.0748501 0.0747094 0.0722084 0.0678769 0.0622478 0.0558139 0.0490017 0.0421557 0.0355378 0.0293344 0.023665 0.0185941 0.0141507 0.0103494 0.00720342 0.00471945
 0.00868624 0.0140388 0.0209951 0.0294453 0.0390818 0.0492643 0.0589732 0.0670325 0.0725211 0.075063 0.0748089 0.0722137 0.0678278 0.0621878 0.0557733 0.0489848 0.0421384 0.0354768 0.0291849 0.0233996 0.018216 0.0136949 0.00987169 0.00676214 0.00435798
 0.00860049 0.0139089 0.020818 0.0292268 0.0388374 0.0490191 0.05876 0.0668862 0.0724692 0.0751163 0.0749575 0.0724332 0.0680905 0.062473 0.0560697 0.0492839 0.0424257 0.0357262 0.029362 0.0234737 0.0181741 0.0135499 0.00965978 0.00653041 0.00414815
 0.00859218 0.013895 0.0207964 0.0291955 0.0387953 0.0489671 0.0587026 0.066832 0.0724302 0.0751049 0.0749827 0.0724971 0.068187 0.0625908 0.0561968 0.0494117 0.0425474 0.035833 0.0294396 0.023504 0.0181434 0.0134574 0.00952167 0.00637416 0.0040022
 0.0087192 0.014068 0.020995 0.0293804 0.0389199 0.0489957 0.058625 0.0666665 0.0722145 0.0748819 0.0747891 0.0723579 0.0681138 0.0625831 0.0562439 0.0494969 0.0426523 0.0359398 0.0295315 0.0235657 0.0181635 0.0134324 0.00945864 0.00628962 0.00391567
 0.00891824 0.0143597 0.0213733 0.0298149 0.0393592 0.0493767 0.0588839 0.0667525 0.0721041 0.0745908 0.0743726 0.0718946 0.0676818 0.0622377 0.0560092 0.0493691 0.0426096 0.0359529 0.0295712 0.0236071 0.0181882 0.0134311 0.00943154 0.00624486 0.00386533
 0.00890252 0.0143651 0.0214369 0.0299854 0.0396782 0.0498513 0.0594674 0.0673466 0.0725887 0.0748653 0.0743889 0.0716682 0.067279 0.06175 0.0555253 0.0489534 0.0422934 0.0357374 0.0294376 0.0235283 0.0181385 0.0133914 0.00939184 0.00620356 0.0038258
 0.00875118 0.0141447 0.021155 0.0296712 0.0393815 0.0496358 0.0593982 0.0674717 0.0729163 0.0753486 0.0749305 0.0721507 0.0676078 0.0618854 0.055488 0.0488049 0.0421051 0.0355653 0.0293102 0.0234489 0.0180949 0.013367 0.00937389 0.00618566 0.00380732
 0.00875865 0.0141419 0.0211244 0.0295904 0.0392331 0.049422 0.0591513 0.0672525 0.0727968 0.0753848 0.0751381 0.0724942 0.068009 0.0622507 0.0557415 0.0489134 0.0420831 0.0354589 0.0291728 0.0233209 0.0179955 0.013298 0.00932801 0.00615463 0.00378539
 0.00872733 0.0140789 0.0210071 0.0293899 0.0389213 0.0489834 0.0585956 0.0666231 0.072169 0.0748543 0.0748003 0.0724177 0.0682125 0.0626926 0.0563313 0.0495413 0.0426556 0.035922 0.0295155 0.0235611 0.0181609 0.0134121 0.00940596 0.00620547 0.00381574
 0.0087873 0.0141678 0.0211235 0.0295238 0.0390523 0.0490809 0.0586216 0.06654 0.071953 0.0745106 0.0743716 0.0719789 0.0678511 0.0624807 0.056301 0.0496755 0.0428977 0.036201 0.0297723 0.0237636 0.0183033 0.0135047 0.00946327 0.00623965 0.00383513
 0.00868164 0.0140191 0.0209423 0.0293339 0.0388832 0.0489557 0.0585468 0.0665029 0.0719268 0.0744652 0.0742853 0.0718494 0.0677007 0.0623521 0.0562434 0.0497244 0.043059 0.036448 0.0300576 0.0240384 0.0185338 0.0136774 0.00958106 0.00631375 0.0038784
 0.00848516 0.0137256 0.02055 0.0288612 0.0383676 0.0484481 0.058105 0.0661813 0.0717635 0.0744677 0.0744263 0.0720768 0.0679584 0.0626019 0.056475 0.0499517 0.0433042 0.0367242 0.0303587 0.0243408 0.0188084 0.0139018 0.00974659 0.00642445 0.00394579
 0.00838104 0.0135509 0.0202786 0.0284694 0.0378443 0.0478087 0.0574016 0.0654996 0.0712026 0.0741108 0.074316 0.0722058 0.0682778 0.0630403 0.0569621 0.0504363 0.0437612 0.0371488 0.0307531 0.0247031 0.0191288 0.0141677 0.0099499 0.00656629 0.00403563
 0.00817238 0.013231 0.0198326 0.0278954 0.0371518 0.0470169 0.0565419 0.0646218 0.0703779 0.0734269 0.073862 0.0720497 0.0684455 0.0635055 0.0576534 0.0512584 0.0446213 0.0379755 0.0315024 0.0253528 0.0196695 0.0145968 0.0102708 0.00678946 0.00417831
 0.00798321 0.0129426 0.0194346 0.0273916 0.0365594 0.0463641 0.0558649 0.0639618 0.0697761 0.0729197 0.0734803 0.0718231 0.0684038 0.063672 0.0580319 0.0518222 0.0453143 0.0387255 0.0322394 0.026023 0.0202398 0.0150529 0.0106129 0.00702843 0.00433235
 0.00786711 0.0127388 0.0191017 0.026886 0.0358504 0.045455 0.0548101 0.0628644 0.0687627 0.0721042 0.0729365 0.0715774 0.0684466 0.063975 0.0585601 0.0525362 0.0461655 0.039653 0.0331737 0.0268968 0.0210002 0.0156689 0.0110769 0.00735223 0.00454066
 0.00857319 0.0137344 0.0203166 0.0281548 0.0369534 0.0461879 0.0550446 0.0625731 0.0680094 0.0710165 0.071674 0.0703014 0.067292 0.0630333 0.0578765 0.0521186 0.0459956 0.0396938 0.0333733 0.0271938 0.0213325 0.0159845 0.0113412 0.00755069 0.00467499
 0.00920295 0.0147296 0.0217517 0.0300553 0.0392622 0.0487303 0.0575153 0.064581 0.0691875 0.0711514 0.070781 0.0686023 0.06512 0.0607236 0.0556921 0.0502248 0.0444692 0.0385457 0.0325719 0.0266823 0.0210422 0.015846 0.0112938 0.00754872 0.00468929
 0.00914685 0.014736 0.0219413 0.030599 0.0403346 0.0504327 0.0598036 0.0672358 0.0718463 0.0733918 0.0722275 0.0690256 0.0644959 0.0592291 0.0536383 0.0479579 0.042283 0.0366361 0.0310327 0.0255268 0.0202318 0.0153154 0.0109708 0.00736655 0.00459464
 0.0088514 0.0142931 0.0213515 0.0299061 0.0396372 0.049889 0.0596166 0.0676063 0.0728932 0.0750713 0.0743024 0.071115 0.0661937 0.0602345 0.053842 0.0474503 0.0412932 0.035438 0.0298617 0.0245345 0.0194809 0.0148012 0.0106505 0.00718504 0.00450137
 0.00862085 0.0139272 0.0208191 0.0291895 0.0387432 0.0488644 0.058564 0.0666887 0.0723124 0.0750187 0.0748917 0.0723231 0.0678375 0.0620082 0.0554089 0.0485522 0.0418266 0.035462 0.0295434 0.0240682 0.0190219 0.0144366 0.0104039 0.00704038 0.00442753
 0.00855052 0.0138055 0.0206221 0.0288898 0.0383155 0.0482955 0.0578655 0.0659066 0.0715314 0.0743578 0.074489 0.0723048 0.0682737 0.0628703 0.0565545 0.0497577 0.0428608 0.0361668 0.0298788 0.0241021 0.0188778 0.0142344 0.010223 0.0069132 0.00435318
 0.00854517 0.0137831 0.0205627 0.0287653 0.0380947 0.0479538 0.0573947 0.0653204 0.0708671 0.0736752 0.0738682 0.0718419 0.0680667 0.0629932 0.0570243 0.0505111 0.0437598 0.0370397 0.0305806 0.0245614 0.0191062 0.0142986 0.0102026 0.00686842 0.0043152
 0.00847634 0.0136868 0.0204456 0.0286403 0.0379739 0.0478375 0.0572658 0.0651483 0.0706216 0.073343 0.0734655 0.0714163 0.0676908 0.0627498 0.0569855 0.0507132 0.0441828 0.0376049 0.031174 0.025075 0.0194756 0.0145157 0.0103012 0.00689692 0.00431362
 0.00834452 0.0134849 0.0201658 0.0282864 0.037563 0.0474004 0.0568439 0.0647856 0.0703506 0.0731716 0.0733753 0.071376 0.0676775 0.062766 0.0570606 0.0508886 0.0444876 0.0380339 0.031681 0.0255867 0.01992 0.0148485 0.0105159 0.00701584 0.00436993
 0.00826231 0.01335 0.0199612 0.0279971 0.0371816 0.0469343 0.0563221 0.0642588 0.069881 0.0728165 0.07317 0.0713249 0.0677574 0.0629399 0.0572959 0.0511706 0.0448188 0.0384207 0.0321159 0.02604 0.0203461 0.0152045 0.0107782 0.00718576 0.0044666
 0.0082119 0.0132713 0.0198481 0.0278452 0.0369865 0.0466925 0.056032 0.0639256 0.069521 0.0724595 0.0728561 0.0710954 0.0676421 0.0629479 0.0574156 0.0513779 0.0450896 0.0387373 0.0324646 0.0264033 0.0206984 0.0155161 0.0110257 0.00736051 0.00457571
 0.00821963 0.013275 0.0198375 0.0278055 0.0369026 0.0465546 0.0558408 0.0636915 0.0692604 0.0721898 0.0725941 0.0708593 0.0674538 0.0628307 0.0573869 0.0514436 0.0452419 0.0389585 0.0327328 0.0266951 0.0209893 0.0157817 0.0112458 0.00752452 0.00468468
 0.00833589 0.0134373 0.0200321 0.0280014 0.0370591 0.0466333 0.0558171 0.0635598 0.0690332 0.0718931 0.0722614 0.0705254 0.0671497 0.0625811 0.0572104 0.051352 0.045239 0.0390387 0.0328811 0.0268892 0.0212033 0.01599 0.0114272 0.00766598 0.00478317
 0.00852098 0.0137136 0.0204008 0.028444 0.0375381 0.0470967 0.0562041 0.06381 0.0691004 0.0717599 0.0719469 0.0700795 0.0666378 0.0620667 0.0567438 0.0509669 0.0449535 0.0388578 0.0327985 0.0268887 0.0212617 0.0160807 0.0115256 0.00775349 0.00484991
 0.00868041 0.0139729 0.0207894 0.0289849 0.038237 0.0479286 0.0571024 0.06467 0.0698004 0.0721941 0.0720535 0.0698538 0.0661273 0.0613548 0.0559288 0.0501415 0.0441918 0.0382089 0.0322864 0.0265163 0.0210153 0.015936 0.0114536 0.00772639 0.00484569
 0.00858177 0.0138501 0.0206746 0.0289329 0.0383127 0.0481846 0.0575582 0.0653004 0.0705376 0.0729397 0.0726979 0.0702988 0.066309 0.0612583 0.0555893 0.0496319 0.0436008 0.03762 0.0317632 0.0260956 0.0207083 0.0157338 0.0113348 0.0076657 0.00481993
 0.0081613 0.0131776 0.0196882 0.0275962 0.0366387 0.0462637 0.0555759 0.063519 0.069233 0.0723169 0.0728278 0.0711066 0.0676119 0.0628272 0.057209 0.0511422 0.0449131 0.0387094 0.0326461 0.0268051 0.0212756 0.0161808 0.0116758 0.00791248 0.00498634
 0.00855183 0.0137158 0.0203173 0.0281978 0.0370591 0.0463616 0.0552689 0.0628112 0.0682192 0.0711649 0.0717418 0.0702751 0.0671541 0.0627628 0.057464 0.0515881 0.0454168 0.0391729 0.0330212 0.0270862 0.0214805 0.016332 0.01179 0.00799848 0.00504834
 0.0090178 0.0144892 0.0215019 0.0298764 0.039247 0.0489481 0.0579811 0.0652455 0.0699515 0.0718946 0.0713922 0.0690014 0.0652671 0.0606161 0.0553556 0.0497052 0.0438313 0.0378744 0.031964 0.0262264 0.020791 0.015799 0.0114015 0.00773594 0.00488579
 0.00906303 0.0146318 0.0218458 0.0305645 0.0404289 0.0507237 0.0603387 0.0680229 0.0728396 0.0744883 0.0732802 0.0698753 0.0650125 0.0593437 0.0533536 0.0473367 0.0414265 0.035663 0.0300634 0.0246684 0.0195615 0.0148661 0.0107272 0.00727771 0.00459688
 0.00853577 0.013795 0.0206334 0.0289533 0.0384726 0.0485903 0.0583265 0.0665198 0.0722129 0.0749449 0.0747714 0.0720987 0.0675131 0.0616644 0.0551703 0.0485252 0.0420457 0.0358779 0.0300552 0.0245744 0.019458 0.0147823 0.0106676 0.00723851 0.00457289
 0.00854072 0.0137601 0.0205005 0.0286391 0.0378879 0.0476746 0.0570884 0.0650658 0.0707512 0.0737539 0.0741297 0.0721924 0.0683559 0.0630751 0.0568312 0.0500967 0.0432812 0.0366821 0.0304702 0.0247171 0.0194533 0.0147222 0.0106027 0.00718814 0.00453992
 0.00890236 0.0143335 0.0213308 0.0297436 0.0392343 0.0491576 0.0585187 0.0661956 0.0713446 0.0736779 0.0734185 0.0710463 0.0670695 0.061928 0.0559887 0.0495691 0.0429561 0.0364074 0.0301363 0.0242958 0.0189844 0.0142721 0.0102256 0.00690855 0.00435445
 0.00874552 0.0141158 0.0210738 0.0294953 0.0390611 0.0491264 0.0586751 0.0665424 0.0718275 0.0741875 0.0738187 0.071227 0.0669994 0.0616748 0.0556872 0.0493524 0.0428908 0.0364719 0.0302507 0.0243774 0.0189903 0.0142073 0.0101237 0.00680555 0.00427253
 0.00858161 0.0138886 0.0208056 0.0292341 0.0388717 0.0490728 0.0588039 0.0668725 0.0723439 0.0748375 0.0745121 0.0718467 0.0674301 0.0618415 0.0555869 0.0490561 0.0425102 0.0361081 0.0299564 0.0241532 0.0188096 0.0140464 0.00997643 0.00667887 0.00417517
 0.00787776 0.0128454 0.019426 0.0275939 0.0371071 0.0473544 0.0573121 0.065777 0.0717804 0.0748779 0.0751421 0.0729635 0.0688639 0.0633938 0.0570748 0.050351 0.0435568 0.0369166 0.0305719 0.0246221 0.0191618 0.0142977 0.0101396 0.00677206 0.00422048
#obs surv len freq
 nan nan nan nan nan nan nan nan nan nan nan nan nan nan nan nan nan nan nan nan nan nan nan nan nan
 0.00448294 0.00734372 0.0111735 0.0159902 0.0216919 0.027969 0.0342846 0.040017 0.0446971 0.0481607 0.0505179 0.0520128 0.052904 0.0534155 0.053729 0.0539833 0.0542614 0.0545539 0.0546924 0.0542842 0.0527223 0.0493545 0.0438045 0.0362848 0.0276687
 0.00462057 0.00756782 0.0115111 0.0164658 0.0223216 0.0287511 0.0351912 0.0409906 0.0456584 0.0490239 0.0512065 0.0524712 0.0531035 0.0533544 0.053429 0.0534815 0.0536016 0.0537789 0.0538416 0.0533948 0.0518333 0.0485095 0.0430484 0.0356558 0.0271881
 0.00477985 0.00783009 0.0119119 0.0170402 0.0230969 0.0297354 0.0363613 0.0422875 0.0469938 0.050295 0.0523122 0.0533238 0.0536369 0.0535303 0.0532397 0.0529485 0.0527691 0.0527059 0.0525942 0.0520432 0.0504529 0.0471807 0.0418513 0.0346564 0.0264228
 0.004972 0.00814465 0.0123896 0.0177205 0.0240111 0.030895 0.0377452 0.0438362 0.0486157 0.0518815 0.0537522 0.0545146 0.0544908 0.0539805 0.0532454 0.0524993 0.0518863 0.0514403 0.051022 0.0502626 0.04858 0.0453441 0.040178 0.0332503 0.0253422
 0.00517576 0.00847838 0.0128966 0.0184432 0.0249834 0.0321301 0.0392225 0.0454966 0.0503685 0.0536202 0.0553692 0.055909 0.0555718 0.0546689 0.0534778 0.0522332 0.0511078 0.0501704 0.0493222 0.0482368 0.0463717 0.0431247 0.0381228 0.0315054 0.0239928
 0.00540787 0.00885635 0.0134667 0.0192492 0.0260586 0.0334849 0.0408312 0.0472924 0.0522525 0.0554797 0.0570947 0.0574033 0.0567508 0.05546 0.0538178 0.0520698 0.0504047 0.0489194 0.0475578 0.0460491 0.043912 0.0405932 0.0357377 0.0294556 0.0223945
 0.00564197 0.00924176 0.0140556 0.0200931 0.027198 0.0349329 0.0425579 0.0492194 0.0542658 0.0574525 0.0589086 0.0589591 0.0579696 0.056279 0.0541844 0.0519375 0.0497345 0.0476885 0.0457782 0.04379 0.0413154 0.0378692 0.0331303 0.0271872 0.0206096
 0.00589596 0.00965695 0.0146849 0.0209875 0.0283974 0.0364511 0.0443664 0.0512405 0.0563824 0.0595293 0.0608141 0.0605807 0.05922 0.0570953 0.054523 0.0517658 0.0490252 0.046423 0.0439618 0.0414781 0.0386368 0.0350298 0.0303836 0.0247746 0.0186958
 0.00613735 0.0100528 0.0152871 0.0218467 0.0295536 0.0379185 0.0461175 0.053201 0.0584408 0.0615582 0.0626895 0.0621936 0.0604808 0.057935 0.0548914 0.0516277 0.048356 0.0452085 0.0422089 0.0392363 0.0360233 0.0322386 0.0276616 0.0223647 0.0167705
 0.00636789 0.0104316 0.0158648 0.0226731 0.0306681 0.0393351 0.0478091 0.0550938 0.0604247 0.0635079 0.064485 0.0637317 0.0616791 0.0587307 0.0552383 0.0514923 0.0477144 0.0440476 0.0405356 0.0370971 0.0335266 0.0295649 0.0250436 0.020036 0.014901
 0.00660236 0.0108149 0.0164456 0.0234979 0.0317725 0.0407293 0.0494634 0.056933 0.0623388 0.0653724 0.066182 0.0651621 0.0627671 0.0594225 0.0554985 0.0512979 0.04705 0.0429057 0.0389254 0.0350621 0.0311659 0.0270436 0.0225759 0.0178383 0.0131328
 0.00682588 0.0111822 0.0170054 0.0242977 0.0328482 0.0420903 0.0510767 0.0587191 0.0641833 0.0671494 0.0677749 0.0664768 0.0637349 0.0599988 0.055658 0.0510287 0.0463483 0.041774 0.0373788 0.0331439 0.0289668 0.0247116 0.0203024 0.0158171 0.0115069
 0.00705134 0.0115519 0.0175674 0.025098 0.0339215 0.0434442 0.0526766 0.0604831 0.0659936 0.0688749 0.0692948 0.0676947 0.0645844 0.0604431 0.0556844 0.050641 0.0455592 0.0406009 0.0358482 0.0313034 0.0269017 0.0225536 0.0182192 0.0139766 0.0100321
 0.00726882 0.0119106 0.0181165 0.0258855 0.0349835 0.0447883 0.0542658 0.0622304 0.0677756 0.0705562 0.0707521 0.0688311 0.0653357 0.0607766 0.0555951 0.0501444 0.0446826 0.0393783 0.0343202 0.0295257 0.0249578 0.0205619 0.0163241 0.0123196 0.00871369
 0.00742866 0.012174 0.0185196 0.0264654 0.0357711 0.0457983 0.0554841 0.0636081 0.0692323 0.0719923 0.0720628 0.0699198 0.0661239 0.0612108 0.0556488 0.0498166 0.0439921 0.0383584 0.033016 0.0279977 0.0232883 0.0188589 0.0147123 0.0109172 0.00760241
 0.00750459 0.0123004 0.0187162 0.0267536 0.0361725 0.0463295 0.0561515 0.0644033 0.0701307 0.0729547 0.0730365 0.0708408 0.0669208 0.0618126 0.0559947 0.0498638 0.0437212 0.0377744 0.0321478 0.0268976 0.0220329 0.0175467 0.0134537 0.00981428 0.00672517
 0.00761588 0.0124712 0.0189546 0.0270614 0.0365464 0.0467632 0.0566368 0.0649303 0.0706878 0.0735288 0.0736127 0.0713995 0.0674347 0.0622441 0.0562977 0.0499903 0.0436302 0.0374415 0.0315732 0.0261105 0.021092 0.0165357 0.0124685 0.00894342 0.0060294
 0.00766143 0.0125449 0.0190646 0.0272142 0.0367447 0.047004 0.0569097 0.06522 0.0709803 0.0738178 0.0739015 0.0716965 0.0677437 0.062556 0.0565864 0.0502142 0.0437405 0.0373933 0.0313381 0.0256875 0.0205127 0.0158613 0.0117777 0.00831325 0.00551573
 0.00774163 0.0126648 0.0192255 0.027411 0.0369676 0.0472418 0.0571518 0.0654562 0.0712006 0.0740128 0.0740656 0.0718304 0.0678548 0.0626544 0.0566773 0.0502904 0.0437792 0.0373607 0.0312005 0.025425 0.0201311 0.015395 0.0112823 0.0078492 0.00513045
 0.00776702 0.0127067 0.0192893 0.027501 0.037085 0.047382 0.0573034 0.0656036 0.0713293 0.0741156 0.0741448 0.071895 0.0679151 0.0627179 0.0567465 0.0503613 0.0438395 0.0373893 0.0311709 0.0253145 0.0199316 0.0151207 0.0109679 0.00753897 0.00486326
 0.00780553 0.0127614 0.0193572 0.0275749 0.0371564 0.0474454 0.0573584 0.0656539 0.071379 0.0741662 0.0741939 0.0719393 0.0679539 0.0627539 0.0567838 0.0504019 0.0438798 0.0374182 0.0311714 0.0252684 0.0198274 0.0149612 0.0107718 0.00733562 0.00468146
 0.00786206 0.0128473 0.0194749 0.0277215 0.0373231 0.0476175 0.0575172 0.0657797 0.0714571 0.0741917 0.0741737 0.0718879 0.0678871 0.0626841 0.056719 0.050346 0.0438333 0.0373771 0.0311264 0.0252074 0.0197401 0.0148448 0.0106343 0.00719349 0.00455326
 0.00787199 0.0128641 0.0195013 0.0277601 0.0373756 0.0476829 0.0575908 0.0658531 0.0715197 0.0742343 0.0741911 0.0718815 0.0678637 0.0626535 0.0566904 0.0503253 0.0438217 0.0373713 0.0311196 0.0251907 0.0197054 0.0147883 0.0105594 0.00711013 0.00447405
 0.00787511 0.0128654 0.0194965 0.0277437 0.0373429 0.0476338 0.0575315 0.0657953 0.0714764 0.0742147 0.0741974 0.071909 0.0679044 0.0627002 0.0567387 0.0503737 0.0438698 0.0374177 0.0311606 0.0252204 0.0197179 0.0147803 0.0105325 0.00707081 0.0044314
 0.00790638 0.0129092 0.0195494 0.0277972 0.0373858 0.0476547 0.0575227 0.0657548 0.0714096 0.0741332 0.0741169 0.0718443 0.0678653 0.0626886 0.0567502 0.0504008 0.0439053 0.0374559 0.0311967 0.0252498 0.0197363 0.0147848 0.0105232 0.00705137 0.00440755
 0.00788536 0.0128804 0.0195154 0.0277633 0.037357 0.0476326 0.0575035 0.0657305 0.0713724 0.0740805 0.0740541 0.0717837 0.0678216 0.0626735 0.0567683 0.0504492 0.043975 0.0375359 0.0312763 0.0253207 0.0197924 0.0148232 0.0105439 0.00705739 0.00440402
 0.00790404 0.0129018 0.0195315 0.0277622 0.0373274 0.0475706 0.057416 0.0656338 0.0712846 0.0740135 0.0740098 0.0717572 0.0678073 0.0626702 0.0567793 0.0504785 0.0440239 0.0376005 0.031349 0.0253922 0.0198548 0.0148711 0.0105757 0.00707467 0.00441055
 0.00788806 0.0128769 0.0194959 0.0277137 0.0372632 0.0474865 0.0573081 0.065502 0.0711362 0.0738653 0.0738843 0.0716755 0.0677809 0.0626982 0.0568517 0.0505822 0.0441468 0.0377326 0.0314817 0.025517 0.0199637 0.0149586 0.0106396 0.00711648 0.00443465
 0.00785817 0.012829 0.0194253 0.0276173 0.0371402 0.0473403 0.0571469 0.0653379 0.0709824 0.0737329 0.073782 0.0716101 0.0677594 0.0627258 0.0569289 0.0507028 0.0442987 0.0379011 0.0316524 0.0256775 0.0201045 0.0150734 0.0107259 0.00717576 0.00447145
 0.00784897 0.0128082 0.0193834 0.0275421 0.037021 0.0471727 0.0569377 0.0651056 0.0707532 0.0735333 0.0736323 0.0715218 0.0677352 0.0627626 0.0570201 0.0508398 0.0444707 0.0380947 0.0318524 0.0258691 0.0202752 0.0152145 0.0108338 0.00725153 0.00451995
 0.00782265 0.0127676 0.0193259 0.027466 0.0369242 0.0470525 0.0567912 0.0649328 0.07056 0.0733342 0.073449 0.0713785 0.0676515 0.062749 0.0570764 0.050957 0.0446346 0.038289 0.0320599 0.0260732 0.0204611 0.0153715 0.0109561 0.007339 0.00457706
 0.00782542 0.0127665 0.019314 0.0274338 0.0368627 0.046957 0.0566646 0.0647849 0.0704034 0.0731802 0.0733062 0.0712543 0.0675552 0.0626919 0.0570686 0.0510037 0.0447334 0.0384297 0.0322273 0.0262498 0.0206304 0.0155199 0.0110753 0.00742648 0.00463547
 0.00777082 0.0126843 0.0192023 0.0272946 0.0367005 0.0467769 0.0564721 0.0645868 0.0702104 0.0730066 0.0731678 0.0711646 0.0675216 0.0627155 0.057146 0.0511293 0.0449001 0.0386283 0.0324452 0.0264714 0.0208393 0.015702 0.0112216 0.00753421 0.00470782
 0.00774253 0.0126329 0.0191154 0.027159 0.0365068 0.0465264 0.0561814 0.0642862 0.069935 0.0727856 0.0730178 0.0710895 0.0675181 0.062777 0.0572646 0.0512962 0.0451052 0.03886 0.0326904 0.0267158 0.0210679 0.0159014 0.0113826 0.00765367 0.00478872
 0.00935261 0.0148861 0.0218333 0.0299499 0.0388785 0.0480674 0.0567049 0.0638601 0.0688022 0.0712432 0.0713255 0.0694308 0.0660008 0.0614516 0.0561452 0.0503763 0.0443693 0.0382895 0.0322652 0.0264142 0.0208672 0.0157781 0.0113138 0.00761981 0.0047746
 0.00929775 0.015101 0.0226933 0.0319239 0.0423258 0.0529621 0.0624606 0.0694255 0.0730356 0.0733641 0.0711735 0.0674087 0.0627975 0.0577469 0.0524393 0.0469601 0.0413748 0.0357551 0.0301834 0.0247571 0.0195956 0.0148445 0.0106638 0.00719447 0.0045153
 0.0089771 0.0145917 0.0219714 0.0310334 0.0414355 0.0524051 0.0626966 0.0708759 0.0758304 0.0771527 0.0751673 0.070681 0.0646723 0.0580352 0.051408 0.0451134 0.0392157 0.033648 0.0283304 0.0232374 0.018416 0.0139754 0.0100582 0.00679819 0.00427384
 0.00879045 0.0142799 0.0214872 0.0303306 0.0404861 0.0512319 0.0614152 0.0697243 0.0751518 0.0773023 0.076354 0.0728173 0.0673369 0.0606102 0.05333 0.0460896 0.0392835 0.0330736 0.0274442 0.0223079 0.0176032 0.0133432 0.00960866 0.00650308 0.00409483
 0.00873272 0.0141769 0.0213143 0.0300568 0.0400779 0.0506625 0.0606782 0.0688503 0.0742268 0.0764801 0.0758462 0.072841 0.0680215 0.0619029 0.0549714 0.0476974 0.040509 0.0337373 0.0275719 0.0220659 0.017193 0.0129225 0.00926364 0.00625889 0.00394106
 0.00870477 0.0141304 0.0212417 0.0299484 0.0399214 0.0504429 0.0603794 0.0684599 0.073743 0.0759248 0.0752784 0.0723647 0.0677729 0.0620074 0.0554804 0.0485388 0.041494 0.0346324 0.0281979 0.0223624 0.0172143 0.0127823 0.00907216 0.00608744 0.00381785
 0.00869353 0.0141126 0.0212156 0.0299122 0.0398726 0.0503774 0.0602908 0.0683389 0.0735781 0.075705 0.0750008 0.0720453 0.0674568 0.0617695 0.0554068 0.0486896 0.0418645 0.0351401 0.0287125 0.0227632 0.0174407 0.0128454 0.00902914 0.0060027 0.00373637
 0.00870472 0.0141292 0.0212375 0.029938 0.0398997 0.050402 0.060308 0.0683419 0.0735583 0.0756522 0.0749047 0.0718994 0.0672651 0.061554 0.0552098 0.0485661 0.0418602 0.0352664 0.0289339 0.0230106 0.0176443 0.0129654 0.00906634 0.00598499 0.0036971
 0.00868572 0.0141018 0.0212027 0.0298989 0.0398607 0.0503672 0.0602799 0.0683211 0.0735436 0.0756403 0.0748904 0.0718755 0.0672242 0.0614925 0.0551339 0.0484945 0.0418212 0.0352856 0.0290189 0.0231433 0.0177879 0.0130832 0.00913836 0.00601271 0.0036958
 0.00864903 0.0140451 0.0211232 0.0297967 0.0397394 0.0502351 0.0601493 0.0682074 0.0734613 0.0755987 0.0748904 0.0719099 0.0672801 0.0615554 0.0551923 0.0485444 0.0418676 0.0353406 0.0290941 0.0232409 0.0178974 0.0131858 0.00921719 0.00606103 0.00371765
 0.00864701 0.0140345 0.0210942 0.0297364 0.0396361 0.0500845 0.05996 0.0680009 0.0732668 0.0754445 0.0747965 0.0718838 0.0673171 0.0616415 0.0553086 0.0486725 0.0419948 0.0354617 0.0292098 0.0233538 0.0180061 0.0132841 0.00929691 0.00611715 0.00375097
 0.00865459 0.014051 0.0211257 0.0297891 0.0397122 0.0501767 0.0600497 0.0680616 0.0732745 0.0753892 0.0746871 0.071745 0.0671783 0.0615268 0.0552305 0.0486317 0.0419845 0.0354728 0.0292354 0.0233892 0.018048 0.0133279 0.00933716 0.00614902 0.00377235
 0.00862406 0.0140044 0.0210619 0.0297101 0.0396242 0.0500903 0.059978 0.0680168 0.0732622 0.0754041 0.0747151 0.0717696 0.0671904 0.0615281 0.055231 0.0486429 0.0420131 0.0355187 0.0292937 0.0234532 0.0181115 0.013386 0.00938616 0.00618659 0.00379811
 0.00863134 0.0140129 0.0210684 0.0297099 0.0396122 0.0500637 0.0599383 0.0679706 0.0732191 0.0753735 0.0747019 0.0717722 0.067201 0.0615372 0.0552328 0.048638 0.0420076 0.0355199 0.0293058 0.0234763 0.0181421 0.0134192 0.00941718 0.00621213 0.0038167
 0.00863042 0.0140133 0.0210722 0.0297196 0.0396291 0.0500863 0.0599612 0.0679856 0.0732194 0.0753569 0.0746724 0.071738 0.0671705 0.0615148 0.0552179 0.0486276 0.0419991 0.0355136 0.0293041 0.0234815 0.0181544 0.0134365 0.00943602 0.0062293 0.00383014
 0.00863042 0.0140133 0.0210722 0.0297196 0.0396291 0.0500863 0.0599612 0.0679856 0.0732194 0.0753569 0.0746724 0.071738 0.0671705 0.0615148 0.0552179 0.0486276 0.0419991 0.0355136 0.0293041 0.0234815 0.0181544 0.0134365 0.00943602 0.0062293 0.00383014
 0.0081251 0.0132173 0.0199256 0.028194 0.037745 0.047933 0.057711 0.0658814 0.0715256 0.0742904 0.0743472 0.0721483 0.0682101 0.063016 0.0569919 0.0504965 0.043817 0.0371763 0.0307485 0.0246793 0.0191034 0.0141526 0.00994763 0.00657252 0.00404442
 0.00830249 0.0134444 0.020153 0.0283342 0.0376923 0.0475969 0.0570495 0.0649192 0.0703534 0.0730494 0.0732036 0.0712607 0.0676954 0.0629244 0.0573003 0.0511218 0.0446432 0.0380828 0.0316332 0.0254702 0.0197604 0.0146631 0.0103188 0.00682434 0.00420286
 0.00875802 0.0141936 0.0212885 0.0299261 0.0397467 0.0500052 0.0595567 0.0671515 0.071917 0.0736595 0.072777 0.0699271 0.0657366 0.0606803 0.0550817 0.0491537 0.0430438 0.0368748 0.0307741 0.0248876 0.0193795 0.0144213 0.01017 0.00673627 0.00415342
 0.0088519 0.014394 0.0216792 0.0306168 0.0408476 0.0515834 0.061588 0.0694905 0.0743008 0.0757504 0.0742358 0.0705022 0.065338 0.0594069 0.0531867 0.046963 0.0408646 0.0349308 0.0291826 0.0236727 0.0185047 0.0138227 0.00977979 0.00649459 0.00401227
 0.00828458 0.0135009 0.020398 0.0289308 0.038816 0.049372 0.0594825 0.0678593 0.0734956 0.0759781 0.0754696 0.0724794 0.0676481 0.0616266 0.0550036 0.0482422 0.0416417 0.0353464 0.0294001 0.023817 0.0186395 0.0139617 0.00991139 0.00660367 0.00409134
 0.00845543 0.0137037 0.0205637 0.0289472 0.0385559 0.0487423 0.0584729 0.0665689 0.0721249 0.0747898 0.0747215 0.0723462 0.0681561 0.062636 0.056255 0.0494519 0.0425991 0.0359682 0.0297212 0.0239376 0.0186646 0.0139628 0.00991948 0.00662223 0.0041132
 0.00877922 0.0142447 0.0213971 0.0301306 0.0400905 0.0505259 0.0602748 0.0680633 0.0729926 0.074843 0.0739846 0.0710452 0.0666259 0.061194 0.0550996 0.0486245 0.0420177 0.0355044 0.0292764 0.0234795 0.0182174 0.0135714 0.00961652 0.00641456 0.00398645
 0.00863007 0.0140392 0.0211595 0.0299152 0.0399769 0.050603 0.0606142 0.0686855 0.0738352 0.0757524 0.0747511 0.0714809 0.0666467 0.0608559 0.0545648 0.0480769 0.0415817 0.0352112 0.0290859 0.0233313 0.0180725 0.0134244 0.0094822 0.00630868 0.00391471
 0.00884774 0.0143565 0.0215703 0.030393 0.0404866 0.0511184 0.0611302 0.0692163 0.074398 0.076342 0.0753193 0.0719323 0.0668632 0.0607451 0.0541081 0.0473472 0.0407149 0.0343491 0.0283259 0.0227105 0.0175851 0.0130492 0.00920084 0.00610799 0.00378213
 0.00871026 0.0141684 0.0213515 0.0301817 0.0403254 0.0510352 0.0611273 0.069277 0.0745069 0.0765044 0.07556 0.0722725 0.067289 0.061194 0.0544855 0.0475683 0.0407442 0.0342123 0.0280896 0.0224461 0.0173425 0.0128505 0.00904943 0.0059991 0.00370882
#pred catch len freq
 0.00495666 0.00777701 0.0112141 0.0151322 0.0194448 0.0241094 0.0290512 0.0341111 0.0390691 0.0437045 0.047836 0.0513369 0.054142 0.0562458 0.0576856 0.0585195 0.0588095 0.0586014 0.0578778 0.0564809 0.0540617 0.0501506 0.0444014 0.0369096 0.0283714
 0.00523932 0.00814518 0.0116027 0.0154326 0.019546 0.0239557 0.0286818 0.0336488 0.0386601 0.0434456 0.0477348 0.0513253 0.0541292 0.0561755 0.0575688 0.0584283 0.0588377 0.0588086 0.058245 0.0569048 0.0543951 0.0502713 0.0442707 0.0365837 0.0279632
 0.00555252 0.00863188 0.0122875 0.0163083 0.0205583 0.0249934 0.0295833 0.034242 0.0388301 0.0431933 0.0471806 0.0506468 0.0534729 0.055605 0.0570765 0.0579882 0.0584499 0.0585025 0.0580444 0.0567894 0.0542938 0.0500973 0.0439733 0.0361787 0.0275203
 0.00583019 0.00906893 0.01292 0.0171635 0.0216528 0.0263247 0.0311116 0.0358668 0.0403813 0.0444546 0.0479512 0.0508166 0.0530672 0.0547658 0.0559918 0.0568183 0.0572948 0.0574118 0.0570396 0.0558721 0.0534453 0.0492878 0.0431853 0.0354275 0.0268507
 0.00610313 0.00949458 0.0135286 0.0179759 0.0226835 0.0275838 0.0325999 0.0375634 0.0422249 0.0463272 0.0496733 0.0521689 0.053844 0.0548435 0.0553751 0.0556339 0.0557359 0.0556701 0.05526 0.0541434 0.0518141 0.0477802 0.0418268 0.0342519 0.0258941
 0.00641618 0.00997546 0.0142014 0.0188485 0.0237523 0.0288411 0.0340361 0.0391623 0.0439563 0.0481378 0.0514758 0.0538323 0.0551954 0.0556924 0.0555619 0.0550847 0.0544936 0.0538808 0.0531241 0.0518604 0.0495488 0.0456571 0.0399395 0.0326694 0.0246565
 0.0068124 0.0105781 0.0150323 0.0199033 0.0250077 0.0302656 0.0355957 0.0408194 0.0456673 0.0498524 0.0531359 0.0553672 0.0565127 0.056671 0.0560589 0.0549637 0.0536687 0.0523577 0.0510134 0.0493554 0.0468809 0.0430522 0.0375866 0.0307017 0.0231398
 0.0072521 0.0112531 0.0159742 0.0211167 0.026473 0.0319444 0.0374323 0.0427402 0.0475857 0.0516798 0.0547935 0.056791 0.057649 0.0574644 0.0564389 0.0548409 0.0529502 0.0509829 0.048997 0.0468128 0.0440218 0.0401407 0.0348837 0.0284109 0.0213707
 0.00770705 0.0119567 0.0169671 0.0224153 0.0280716 0.0338178 0.0395312 0.0449851 0.0498654 0.0538623 0.0567443 0.058393 0.0588171 0.0581484 0.0566125 0.0544819 0.0520275 0.049463 0.0468752 0.0441552 0.0409926 0.0369912 0.0319012 0.0258452 0.0193723
 0.00808817 0.0125528 0.0178218 0.0235569 0.029513 0.0355548 0.0415358 0.0471961 0.0521855 0.0561639 0.058882 0.0602206 0.0602059 0.0590037 0.0568802 0.0541424 0.0510802 0.0479158 0.0447507 0.0415192 0.0379861 0.0338398 0.0288817 0.023217 0.0173056
 0.00846156 0.0131318 0.0186427 0.0246391 0.0308628 0.0371681 0.043395 0.0492606 0.0543839 0.0583917 0.0610085 0.062101 0.061699 0.0599897 0.0572742 0.053899 0.0501899 0.0463969 0.0426485 0.0389178 0.0350296 0.0307426 0.0259059 0.0206136 0.0152465
