SBPRF35
10.6223
Curr Bio
566355
B35
751393
F35
0.188095
FOFL
0.158362
OFL
81458.3
Bzero
3.03494e+006
#pred survey bio
 4.03376e+006 3.8414e+006 3.67353e+006 3.45887e+006 3.22118e+006 2.94016e+006 2.66497e+006 2.37074e+006 2.10676e+006 1.87286e+006 1.64788e+006 1.44969e+006 1.27621e+006 1.12904e+006 985404 871520 782437 721696 675528 641144 609799 579493 562306 550394 538566 523984 527564 530458 529133 531589 525661 532802 534028 542381 540838 525088 522269 509010 516841 523394 531510 539068 545532 539535 539241 542943 549184 547970 552370 548906 548048 576956 581447 577766 576073 561550 563123 562276 543138 542171 571616 2.25233e+007 1.3877e+007 1.44274e+007 1.54297e+007 1.67013e+007 1.80243e+007 1.92523e+007 2.03112e+007 2.11798e+007 2.1868e+007 2.24003e+007 2.28054e+007 2.31104e+007 2.33386e+007 2.3509e+007 2.36362e+007 2.37313e+007 2.38026e+007 2.38564e+007 2.38972e+007 2.39282e+007 2.3952e+007 2.39702e+007 2.39844e+007 2.39954e+007 2.4004e+007 2.40107e+007 2.4016e+007 2.40201e+007 2.40234e+007 2.4026e+007 2.4028e+007 2.40297e+007 2.4031e+007 2.4032e+007 2.40329e+007 2.40335e+007 2.40341e+007 2.40345e+007 2.40348e+007 2.40351e+007 2.40353e+007 2.40355e+007 2.40356e+007 2.40357e+007 2.40358e+007 2.40359e+007 2.4036e+007 2.4036e+007 2.40361e+007 2.40361e+007 2.40361e+007 2.40361e+007 2.40361e+007 2.40362e+007 2.40362e+007 2.40362e+007 2.40362e+007 2.40362e+007 2.40362e+007 2.40362e+007 2.40362e+007 2.40362e+007 2.40362e+007 2.40362e+007 2.40362e+007 2.40362e+007 2.40362e+007 2.40362e+007 2.40362e+007 2.40362e+007 2.40362e+007 2.40362e+007 2.40362e+007 2.40362e+007 2.40362e+007 2.40362e+007 2.40362e+007 2.40362e+007 2.40362e+007 2.40362e+007 2.40362e+007 2.40362e+007 2.40362e+007 2.40362e+007 2.40362e+007 2.40362e+007 2.40362e+007 2.40362e+007 2.40362e+007 2.40362e+007 2.40362e+007 2.40362e+007 2.40362e+007 2.40362e+007 2.40362e+007 2.40362e+007 2.40362e+007 2.40362e+007 2.40362e+007 0 0 0 0 0 0 0 0 0 0 0 0 0 0 0 0 0 0 0 0 0 0 0 0 0
#obs survey bio
 5.07864e+006 3.1266e+006 4.97128e+006 3.68898e+006 2.28234e+006 1.85574e+006 2.94599e+006 2.08166e+006 2.51304e+006 1.4044e+006 1.61039e+006 1.01608e+006 1.14918e+006 1.26244e+006 970070 682069 665675 726334 410323 620303 525348 476966 421102 413518 625558 426328 427984 525821 434642 529835 504812 501286 553049 587088 573806 535769 529269 603536 582337 550926 400456 702204 796129 701784 608469 810090 621954 702413 932314 496374 501572 656247 613332 633560 535469 518258 713847 588017 422960 477671 724514
#pred catch bio
 107467 96103.3 153779 193233 254054 271192 310862 303956 294390 300779 288059 274157 255184 252326 224222 199870 172448 157150 144629 139423 135374 121643 115613 114020 114291 97874.4 98262.3 101057 96906.2 102392 89701.5 93534.2 86316.8 92609.9 100938 88162 98766.1 83991.7 87671.8 87419.6 88132.4 88475.4 97292.8 90427 86029.2 83686.4 89943.7 85118.8 91865.4 90050.7 66868.8 89700.2 97313.3 96501.9 108208 95711.4 99110.4 114612 100284 78219.7 46715.6 81458.3 97890.5 100524 106316 114644 123518 131702 138637 144189 148455 151634 153949 155603 156769 157582 158144 158529 158792 158971 159091 159173 159228 159264 159289 159305 159317 159324 159329 159332 159334 159336 159337 159337 159338 159338 159338 159338 159338 159338 159338 159338 159338 159338 159338 159338 159338 159338 159338 159338 159338 159338 159338 159338 159338 159338 159338 159338 159338 159338 159338 159338 159338 159338 159338 159338 159338 159338 159338 159338 159338 159338 159338 159338 159338 159338 159338 159338 159338 159338 159338 159338 159338 159338 159338 159338 159338 159338 159338 159338 159338 159338 159338 159338 159338 159338 159338 159338 159338 159338 159338 0 0 0 0 0 0 0 0 0 0 0 0 0 0 0 0 0 0 0 0 0 0 0 0 0
#obs catch bio
 0 95665.9 153979 193463 255598 272559 312903 307309 296082 304435 290693 278654 260550 256023 227399 202393 174624 158469 146300 141050 137095 123110 117002 115957 115782 98922.2 99436.3 102231 97842.4 103750 90372.6 94076.4 86862.4 93092.2 101427 87913.9 98777.9 83466.2 87222.4 86654 87678 87582.4 96275.6 89254.3 84665.2 82457 88631.6 83980.1 90144.3 88955.5 65975.7 88841 96653.9 95494.1 107540 95099.9 98229.4 113765 99720.9 78413.7 46490.4
#pred cpue bio
 3.9779e+006 3.78793e+006 3.62123e+006 3.40684e+006 3.16963e+006 2.88958e+006 2.61539e+006 2.32246e+006 2.05981e+006 1.82723e+006 1.60374e+006 1.40693e+006 1.23493e+006 1.08965e+006 948403 836517 749149 689834 644861 611344 580958 551668 535090 523558 512223 498281 501914 504924 503873 506532 501177 508595 510107 518631 517851 503159 499978 485676 492485 498988 507215 514896 521610 516200 516228 519948 526045 524815 529125 525673 524537 552577 556906 553032 550998 536393 537519 536630 517772 516068 544460 2.15509e+007 1.33103e+007 1.37309e+007 1.45935e+007 1.58201e+007 1.71335e+007 1.83597e+007 1.94184e+007 2.0287e+007 2.09752e+007 2.15074e+007 2.19125e+007 2.22175e+007 2.24458e+007 2.26161e+007 2.27433e+007 2.28384e+007 2.29098e+007 2.29636e+007 2.30043e+007 2.30353e+007 2.30591e+007 2.30774e+007 2.30915e+007 2.31025e+007 2.31111e+007 2.31178e+007 2.31231e+007 2.31272e+007 2.31305e+007 2.31331e+007 2.31352e+007 2.31368e+007 2.31381e+007 2.31392e+007 2.314e+007 2.31407e+007 2.31412e+007 2.31416e+007 2.3142e+007 2.31422e+007 2.31425e+007 2.31426e+007 2.31428e+007 2.31429e+007 2.3143e+007 2.31431e+007 2.31431e+007 2.31432e+007 2.31432e+007 2.31432e+007 2.31433e+007 2.31433e+007 2.31433e+007 2.31433e+007 2.31433e+007 2.31433e+007 2.31433e+007 2.31433e+007 2.31433e+007 2.31433e+007 2.31433e+007 2.31433e+007 2.31433e+007 2.31433e+007 2.31433e+007 2.31433e+007 2.31433e+007 2.31433e+007 2.31433e+007 2.31433e+007 2.31433e+007 2.31433e+007 2.31433e+007 2.31433e+007 2.31434e+007 2.31434e+007 2.31434e+007 2.31434e+007 2.31434e+007 2.31434e+007 2.31434e+007 2.31434e+007 2.31434e+007 2.31434e+007 2.31434e+007 2.31434e+007 2.31434e+007 2.31434e+007 2.31434e+007 2.31434e+007 2.31434e+007 2.31434e+007 2.31434e+007 2.31434e+007 2.31434e+007 2.31434e+007 2.31434e+007 2.31434e+007 2.31434e+007 0 0 0 0 0 0 0 0 0 0 0 0 0 0 0 0 0 0 0 0 0 0 0 0 0
#obs cpue bio
 4.66464e+006 4.01758e+006 2.83264e+006 1.81128e+006 2.86491e+006 4.05256e+006 2.65593e+006 1.38645e+006 2.61343e+006 1.4602e+006 1.82282e+006 1.06903e+006 794422 1.34062e+006 768206 960083 672641 743935 723980 539307 554474 515709 581386 417727 498993 451781 504588 469090 528030 408085 504861 661942 354099 539850 558000 655666 544519 555083 495480 687046 572621 636270 472231 560035 765707 396942 614590 421351 654116 495655 591741 540356 421750 684884 549288 559446 577191 579015 640718 372113 475807
#pred surv len freq
 0.00532458 0.00852693 0.0126134 0.0174961 0.023027 0.0289434 0.0348284 0.0401897 0.0446399 0.0480279 0.050426 0.05202 0.053007 0.05355 0.0537694 0.0537541 0.0535773 0.0532961 0.0529016 0.0522176 0.0508153 0.0480686 0.0434254 0.0367917 0.0287626
 0.00566519 0.00897704 0.0131034 0.0179081 0.023241 0.0289028 0.0345817 0.0398749 0.0444122 0.0479788 0.0505444 0.0522175 0.0531836 0.0536542 0.0538212 0.0538224 0.0537293 0.0535454 0.0531819 0.0523992 0.050762 0.0477076 0.0427895 0.0360071 0.0279895
 0.00585866 0.00931246 0.0136398 0.0186948 0.0242847 0.0301299 0.0358256 0.0409157 0.0450656 0.0481819 0.0503769 0.0518409 0.0527462 0.0532319 0.0534231 0.0534367 0.0533586 0.0532024 0.052858 0.052042 0.0502903 0.0470606 0.0419748 0.0351106 0.0271378
 0.00606315 0.00963674 0.0141155 0.0193529 0.0251569 0.0312436 0.0371847 0.0424701 0.046687 0.0496703 0.0515132 0.0524665 0.0528234 0.052844 0.0527177 0.0525562 0.0524008 0.052218 0.0518616 0.0510214 0.0492184 0.0459203 0.0407896 0.033955 0.0261129
 0.00626766 0.0099653 0.0146029 0.0200298 0.0260457 0.032353 0.0385028 0.0439617 0.048293 0.0513052 0.0530574 0.053766 0.053714 0.0532001 0.0525003 0.0518253 0.0512836 0.0508545 0.0503625 0.0494536 0.0476186 0.0443214 0.0392454 0.0325457 0.0249245
 0.00654653 0.0104048 0.0152393 0.020889 0.0271417 0.0336831 0.0400416 0.0456564 0.0500669 0.0530677 0.0547128 0.0552142 0.0548467 0.0539024 0.0526688 0.0514004 0.0502764 0.0493494 0.0484906 0.0473572 0.0454279 0.0421545 0.0372167 0.0307652 0.0234797
 0.00683338 0.0108603 0.0159046 0.0217962 0.0283085 0.0351065 0.0416889 0.0474617 0.051939 0.0549053 0.0564184 0.0567 0.0560324 0.0547087 0.0530142 0.0512087 0.049497 0.0479827 0.0466035 0.0450789 0.0429304 0.0396276 0.0348458 0.0287075 0.0218397
 0.00713398 0.0113445 0.0166251 0.0227993 0.0296261 0.0367427 0.0436058 0.0495735 0.0541221 0.0570205 0.0583344 0.0583084 0.0572517 0.0554804 0.0532928 0.0509523 0.0486677 0.0465609 0.0446133 0.0426114 0.04015 0.0367554 0.0321215 0.0263408 0.0199654
 0.00746688 0.0118644 0.0173693 0.0237914 0.0308773 0.0382511 0.0453506 0.051507 0.0561653 0.0590672 0.0602619 0.0599923 0.058581 0.056368 0.053678 0.0507943 0.0479384 0.0452452 0.0427249 0.0402177 0.0373937 0.0338528 0.0293281 0.0238927 0.0180206
 0.00777829 0.0123603 0.018096 0.0247845 0.032155 0.0398049 0.0471358 0.0534422 0.0581459 0.0609858 0.0620233 0.0615149 0.0597915 0.0571969 0.054061 0.0506769 0.0472794 0.0440218 0.0409433 0.0379338 0.0347343 0.0310207 0.0265747 0.0214604 0.0160785
 0.00816236 0.0129619 0.0189592 0.0259366 0.0336034 0.0415328 0.0490941 0.0555436 0.0602708 0.0630001 0.0638004 0.0629539 0.0608246 0.0577862 0.0541865 0.0503238 0.0464316 0.0426653 0.0390821 0.035614 0.0320685 0.0281963 0.0238308 0.0190336 0.0141376
 0.00847728 0.0134708 0.0197189 0.0269967 0.0349955 0.0432549 0.0510943 0.0577164 0.0624725 0.065077 0.0656145 0.0643972 0.0618235 0.0583 0.0542025 0.0498475 0.0454753 0.0412425 0.0372133 0.0333475 0.0295056 0.0255039 0.0212251 0.0167314 0.0122959
 0.00863924 0.0137521 0.0201763 0.0276959 0.0359992 0.0446015 0.0527755 0.0596651 0.0645681 0.0671654 0.0675334 0.0659999 0.0629971 0.058975 0.054352 0.0494777 0.0446117 0.0399196 0.0354741 0.0312545 0.0271595 0.0230562 0.0188663 0.0146517 0.010633
 0.00883087 0.0140492 0.0205988 0.028258 0.0367147 0.0454876 0.053851 0.0609387 0.0660224 0.0687431 0.0691345 0.0674939 0.0642457 0.0598582 0.0547867 0.0494237 0.0440674 0.0389123 0.0340528 0.0294915 0.0251592 0.0209604 0.0168444 0.0128683 0.00920657
 0.00913622 0.0145284 0.0212868 0.0291735 0.0378545 0.046821 0.0553156 0.062446 0.0674762 0.0700626 0.0702666 0.0684066 0.0649118 0.0602427 0.0548473 0.0491216 0.0433805 0.0378438 0.0326351 0.0277885 0.0232691 0.0190143 0.014993 0.0112531 0.0079251
 0.00939836 0.0149404 0.0218806 0.0299693 0.0388573 0.0480158 0.0566595 0.0638648 0.0688714 0.0713287 0.0713128 0.069173 0.0653738 0.0604029 0.0547189 0.0487144 0.0426956 0.0368808 0.0314065 0.0263337 0.0216629 0.0173656 0.0134293 0.00989354 0.00685014
 0.00955264 0.0151922 0.0222611 0.0305081 0.0395759 0.0489184 0.0577228 0.065035 0.0700698 0.0724659 0.0723027 0.0699437 0.0658756 0.0606124 0.0546377 0.048361 0.0420943 0.0360544 0.0303775 0.0251353 0.0203512 0.0160241 0.012159 0.0087903 0.00597891
 0.00972833 0.0154472 0.0225893 0.0308877 0.0399808 0.0493333 0.0581533 0.0655031 0.0705982 0.0730594 0.0729375 0.0705695 0.0664272 0.0610253 0.0548612 0.0483652 0.0418704 0.0356104 0.0297342 0.0243263 0.0194266 0.0150529 0.0112227 0.00796707 0.00532321
 0.00988729 0.0156928 0.0229338 0.0313304 0.0405049 0.0499044 0.0587216 0.0660133 0.0710081 0.073357 0.0731439 0.0707232 0.0665586 0.0611379 0.0549303 0.0483498 0.0417305 0.0353202 0.0292883 0.0237411 0.0187395 0.0143195 0.0105091 0.00733589 0.00481849
 0.00989428 0.0157188 0.0229999 0.0314647 0.0407349 0.0502447 0.0591621 0.0665162 0.0715155 0.0738073 0.0734904 0.0709469 0.0666702 0.0611668 0.0549053 0.0482832 0.0416133 0.0351299 0.0290037 0.0233556 0.0182689 0.0138007 0.00999225 0.00687146 0.00444313
 0.00994388 0.0157904 0.023092 0.0315731 0.0408575 0.0503873 0.0593403 0.0667491 0.0718123 0.0741555 0.0738528 0.0712717 0.0669101 0.0612957 0.0549239 0.0482108 0.0414725 0.034934 0.0287544 0.023051 0.017914 0.0134149 0.00960784 0.00652423 0.0041609
 0.0100812 0.0159951 0.0233651 0.0319022 0.0412191 0.050752 0.0596788 0.067037 0.0720362 0.0743153 0.0739587 0.071335 0.0669332 0.0612704 0.0548379 0.0480577 0.0412569 0.0346688 0.0284539 0.0227265 0.0175755 0.0130759 0.00928735 0.00624353 0.00393665
 0.0101944 0.0161594 0.0235757 0.0321417 0.0414618 0.0509715 0.0598545 0.0671574 0.0720989 0.0743273 0.073935 0.0712954 0.0668961 0.0612453 0.054821 0.0480343 0.0412088 0.0345823 0.0283242 0.0225573 0.0173773 0.0128634 0.00907811 0.00605544 0.00378352
 0.0101267 0.0160757 0.0234971 0.0321021 0.0414953 0.0510956 0.0600571 0.0673987 0.0723277 0.0745018 0.0740373 0.0713318 0.0668885 0.0612188 0.0547942 0.0480141 0.0411901 0.0345531 0.0282719 0.0224751 0.0172663 0.0127326 0.00894176 0.00592854 0.00367795
 0.0101065 0.0160373 0.0234308 0.0319997 0.0413577 0.0509403 0.059921 0.067328 0.0723576 0.0746373 0.0742474 0.0715646 0.0670948 0.061371 0.0548895 0.0480656 0.0412134 0.0345573 0.0282585 0.0224411 0.0172105 0.0126585 0.00885803 0.00584638 0.00360719
 0.0102457 0.0162367 0.0236804 0.0322717 0.0416125 0.0511383 0.0600339 0.0673472 0.0722967 0.0745277 0.0741279 0.0714656 0.0670268 0.0613233 0.0548419 0.0480019 0.0411292 0.0344581 0.0281527 0.0223352 0.0171073 0.01256 0.00876736 0.00576769 0.00354428
 0.0101581 0.0161068 0.023508 0.0320633 0.041378 0.050886 0.0597688 0.0670741 0.0720269 0.0742852 0.0739486 0.0713884 0.0670791 0.0615086 0.0551351 0.0483572 0.0414954 0.0347931 0.0284312 0.0225479 0.0172562 0.0126536 0.00881729 0.00578722 0.00354598
 0.0100685 0.0159689 0.0233155 0.0318167 0.0410857 0.0505644 0.0594415 0.0667687 0.0717691 0.0740923 0.0738285 0.0713442 0.0671152 0.061631 0.0553459 0.0486461 0.0418363 0.0351492 0.0287652 0.0228317 0.0174759 0.0128084 0.00891577 0.00584271 0.00357265
 0.0100274 0.0159046 0.0232231 0.0316933 0.0409307 0.0503805 0.0592359 0.0665536 0.0715611 0.0739094 0.0736864 0.0712537 0.0670815 0.0616562 0.055431 0.0487901 0.0420331 0.0353838 0.0290141 0.0230683 0.0176781 0.0129638 0.00902302 0.0059088 0.00360859
 0.00982055 0.0156017 0.0228295 0.0312353 0.0404485 0.0499154 0.058821 0.0662115 0.0713067 0.0737528 0.0736337 0.0713057 0.0672324 0.0618936 0.0557373 0.0491458 0.0424184 0.0357791 0.0293992 0.0234222 0.0179818 0.013205 0.00919879 0.00602543 0.00367863
 0.00980217 0.0155572 0.0227366 0.0310678 0.0401868 0.0495609 0.0584055 0.0657927 0.0709482 0.0735012 0.0735051 0.0712895 0.0673053 0.0620332 0.0559278 0.0493766 0.0426802 0.0360607 0.0296862 0.023698 0.0182296 0.0134111 0.00935604 0.00613468 0.00374726
 0.00977102 0.0154917 0.0226102 0.0308459 0.0398342 0.0490556 0.0577536 0.0650372 0.0701679 0.0727965 0.0729755 0.071008 0.0672994 0.062281 0.0563715 0.0499441 0.0433041 0.0366876 0.0302777 0.0242273 0.0186788 0.0137705 0.00962483 0.00632071 0.00386535
 0.00965043 0.015326 0.0224154 0.0306518 0.0396704 0.0489323 0.0576494 0.064905 0.0699577 0.0724851 0.0725844 0.070601 0.066961 0.0620867 0.0563631 0.0501205 0.0436283 0.037104 0.030729 0.0246657 0.0190701 0.0140943 0.00987308 0.00649629 0.00397912
 0.00928286 0.0147775 0.0216831 0.0297695 0.0387046 0.0479705 0.0567859 0.0642255 0.0695202 0.0723026 0.0726242 0.0708041 0.0672731 0.0624795 0.0568351 0.0506796 0.0442714 0.0378057 0.0314453 0.0253461 0.0196708 0.0145869 0.0102476 0.00675929 0.00414876
 0.00911734 0.0145039 0.0212648 0.0291747 0.0379195 0.0470164 0.0557336 0.0631911 0.0686392 0.0716906 0.0723433 0.0708511 0.0675916 0.0629882 0.0574574 0.0513622 0.0449854 0.0385344 0.0321688 0.0260349 0.02029 0.0151063 0.0106509 0.00704737 0.00433708
 0.00993603 0.0156515 0.0226516 0.0305993 0.0391214 0.0477639 0.055898 0.0627731 0.0677469 0.070495 0.0710344 0.0696008 0.0665256 0.0621709 0.0568959 0.0510255 0.044829 0.0385173 0.0322574 0.0261985 0.0204958 0.0153204 0.0108442 0.00720133 0.00444614
 0.0105377 0.0165993 0.0240122 0.0323898 0.0412778 0.0501093 0.0581337 0.0645254 0.068677 0.0704243 0.0700123 0.0678753 0.0644404 0.0600518 0.0549771 0.04943 0.0435881 0.0376052 0.0316239 0.025788 0.0202554 0.0152013 0.0108023 0.0072008 0.00446156
 0.0104917 0.016626 0.0242395 0.0329979 0.0424497 0.0519504 0.0605946 0.0673699 0.0715149 0.0728015 0.0715268 0.0682863 0.0637332 0.0584303 0.0527854 0.0470398 0.041303 0.0356158 0.0300117 0.024557 0.0193658 0.0145939 0.010413 0.00696845 0.00433351
 0.0100889 0.0160156 0.0234113 0.0319925 0.0413735 0.0509831 0.0599768 0.067353 0.072271 0.0743273 0.0736004 0.0705144 0.0656755 0.0597447 0.0533256 0.0468707 0.0406379 0.0347172 0.029104 0.0237818 0.0187803 0.014195 0.0101661 0.00682981 0.00426343
 0.00995828 0.0157864 0.0230366 0.0314223 0.0405727 0.0499597 0.0588105 0.0662075 0.0713739 0.0739168 0.0738483 0.0714521 0.0671568 0.0614735 0.0549503 0.0481032 0.041342 0.0349243 0.0289609 0.023469 0.0184448 0.0139209 0.0099795 0.00672092 0.00420872
 0.00981662 0.0155732 0.0227456 0.0310537 0.0401258 0.049426 0.0581751 0.0654652 0.0705563 0.0731147 0.0732123 0.0711575 0.0673393 0.0621625 0.0560358 0.0493636 0.0425232 0.0358324 0.0295194 0.023716 0.0184841 0.0138628 0.00990221 0.00666171 0.004175
 0.0096492 0.0153185 0.0223952 0.0306126 0.0396114 0.0488646 0.0575979 0.0649021 0.0700298 0.0726392 0.0728043 0.0708542 0.0672082 0.0622865 0.0564712 0.050095 0.043447 0.0367872 0.0303486 0.0243245 0.0188592 0.0140531 0.00997849 0.00668367 0.00417855
 0.00947874 0.0150558 0.0220273 0.0301381 0.0390416 0.0482242 0.0569254 0.0642479 0.0694484 0.0721761 0.0724863 0.0706887 0.0671944 0.0624293 0.0567869 0.0505984 0.044126 0.0375832 0.0311633 0.0250526 0.0194275 0.0144413 0.0102115 0.00680805 0.00423891
 0.00951621 0.0151008 0.0220652 0.0301451 0.0389904 0.0480928 0.0567058 0.0639493 0.0690936 0.071796 0.0721134 0.0703531 0.0669217 0.0622415 0.0567051 0.0506427 0.0443094 0.0378991 0.031575 0.0254976 0.0198374 0.0147662 0.0104343 0.00694061 0.00430772
 0.00961857 0.0152408 0.0222264 0.0302942 0.039084 0.0480904 0.056582 0.0636999 0.0687366 0.0713675 0.071661 0.0699269 0.066565 0.0619846 0.0565644 0.0506243 0.0444121 0.0381138 0.0318797 0.0258546 0.0201978 0.0150837 0.0106792 0.00710638 0.00440636
 0.00964071 0.0152797 0.0222891 0.0303855 0.0392012 0.0482171 0.0566849 0.0637352 0.0686648 0.0711705 0.0713521 0.0695481 0.0661735 0.0616365 0.0563028 0.0504744 0.0443821 0.0381978 0.0320596 0.026101 0.0204728 0.0153477 0.0109008 0.00726973 0.00451234
 0.00963928 0.0152744 0.0222764 0.0303614 0.0391644 0.0481708 0.0566376 0.0636957 0.0686344 0.0711381 0.0712966 0.0694492 0.0660256 0.0614552 0.0561211 0.050331 0.0443088 0.0382113 0.0321592 0.0262697 0.020682 0.0155641 0.0110945 0.00742174 0.0046174
 0.00961428 0.015249 0.0222654 0.0303868 0.0392468 0.0483192 0.0568408 0.0639237 0.0688485 0.0713032 0.0713887 0.0694556 0.0659426 0.0612886 0.0558891 0.0500653 0.0440499 0.0379985 0.0320199 0.0262128 0.0206974 0.0156283 0.0111795 0.00750384 0.00468228
 0.00965932 0.0152988 0.0222988 0.030373 0.0391588 0.0481507 0.0566179 0.0636994 0.0686812 0.0712311 0.0714157 0.0695552 0.0660733 0.0614105 0.0559747 0.0501042 0.0440493 0.0379786 0.0320056 0.0262243 0.0207424 0.0157008 0.0112645 0.00758461 0.0047472
 0.00983358 0.015563 0.022659 0.0308177 0.0396568 0.0486522 0.0570592 0.0640158 0.0688267 0.0711967 0.0712328 0.0692795 0.0657593 0.0610925 0.0556641 0.0497995 0.0437488 0.0376887 0.0317416 0.0260043 0.0205797 0.015598 0.0112128 0.00756828 0.00474969
 0.00989721 0.0156726 0.0228347 0.0310805 0.0400212 0.0491159 0.0575936 0.0645634 0.0693118 0.0715445 0.0713914 0.0692347 0.0655365 0.0607444 0.0552506 0.0493695 0.0433329 0.0373034 0.0313969 0.0257099 0.0203446 0.0154262 0.0111006 0.00750424 0.00471884
 0.0096934 0.0153524 0.0223756 0.0304749 0.0392843 0.0482945 0.0567703 0.0638477 0.068813 0.0713371 0.0714907 0.0695966 0.0660784 0.0613755 0.0558955 0.0499786 0.0438798 0.0377765 0.031793 0.0260312 0.0205974 0.0156199 0.011245 0.00760846 0.00479041
 0.00979412 0.0155011 0.0225705 0.0307013 0.0395153 0.0484944 0.0569006 0.063877 0.0687292 0.0711569 0.0712576 0.0693654 0.0658934 0.0612555 0.0558333 0.0499521 0.0438664 0.0377619 0.0317725 0.0260063 0.0205725 0.0155993 0.0112315 0.00760221 0.0047898
 0.00990695 0.0156848 0.0228462 0.0310858 0.0400135 0.0490891 0.0575446 0.0644941 0.0692294 0.0714612 0.0713219 0.0691928 0.0655309 0.0607761 0.0553124 0.0494475 0.0434106 0.0373658 0.0314356 0.0257253 0.020345 0.0154233 0.0111036 0.00751631 0.00473713
 0.00999148 0.0158157 0.0230316 0.0313307 0.0403208 0.0494605 0.0579772 0.0649747 0.0697269 0.0719242 0.0716854 0.069394 0.06553 0.0605712 0.0549403 0.048971 0.0428975 0.0368711 0.0309939 0.0253524 0.0200444 0.0151922 0.0109355 0.00740196 0.00466536
 0.0101565 0.0160786 0.0234166 0.0318542 0.0409861 0.0502497 0.058846 0.0658534 0.0705335 0.0725818 0.0721349 0.0695983 0.0654721 0.0602543 0.0543914 0.0482427 0.0420625 0.0360095 0.0301772 0.0246324 0.0194494 0.0147297 0.0105978 0.00717165 0.00451974
 0.00998364 0.0158374 0.0231281 0.0315653 0.0407598 0.0501474 0.0589106 0.0661003 0.0709487 0.073125 0.0727459 0.0702057 0.0660047 0.0606519 0.0546132 0.0482736 0.0419159 0.0357249 0.0298109 0.0242436 0.0190874 0.0144262 0.0103657 0.007009 0.00441526
 0.010072 0.0159419 0.023215 0.0315846 0.0406655 0.0499266 0.0586034 0.0657941 0.0707464 0.0731032 0.0729273 0.0705568 0.0664534 0.0611125 0.0550078 0.0485451 0.0420355 0.0356938 0.0296567 0.0240115 0.0188276 0.0141812 0.0101631 0.00685932 0.00431571
 0.0105947 0.01672 0.02425 0.0328234 0.0420062 0.0512355 0.0597351 0.0666158 0.0711681 0.0731069 0.072573 0.0699576 0.0657311 0.060359 0.0542692 0.0478301 0.0413348 0.0349989 0.028972 0.0233565 0.0182317 0.0136738 0.00976303 0.00656954 0.00412406
 0.0104528 0.0165686 0.0241664 0.0329222 0.0424012 0.051982 0.0607848 0.0678152 0.0723066 0.0739881 0.0730748 0.070056 0.0654876 0.0598832 0.0536765 0.0472085 0.040732 0.0344296 0.0284355 0.0228537 0.0177724 0.0132746 0.00943938 0.00632821 0.00396011
 0.00965285 0.0153785 0.022586 0.0310386 0.0403827 0.0500548 0.0592019 0.0668128 0.0720441 0.0744913 0.0742167 0.0715993 0.0671678 0.0614878 0.0550834 0.0483784 0.0416754 0.0351725 0.0290013 0.0232612 0.0180418 0.0134325 0.00951728 0.00635687 0.00396415
#obs surv len freq
 nan nan nan nan nan nan nan nan nan nan nan nan nan nan nan nan nan nan nan nan nan nan nan nan nan
 0.00448449 0.0073458 0.0111758 0.0159922 0.0216931 0.0279689 0.0342831 0.0400145 0.0446939 0.0481576 0.0505152 0.0520107 0.0529027 0.0534148 0.0537289 0.0539836 0.054262 0.0545547 0.0546934 0.0542853 0.0527234 0.0493555 0.0438054 0.0362855 0.0276693
 0.0046144 0.00755905 0.0115002 0.016454 0.0223102 0.0287413 0.0351832 0.0409839 0.0456524 0.0490183 0.0512015 0.0524677 0.0531021 0.0533557 0.053433 0.053488 0.0536098 0.0537885 0.0538521 0.0534057 0.0518442 0.0485198 0.0430576 0.0356635 0.0271939
 0.00478527 0.00783677 0.0119182 0.0170433 0.0230942 0.0297257 0.036346 0.0422699 0.0469778 0.0502833 0.0523053 0.0533207 0.053636 0.0535306 0.053241 0.0529511 0.0527733 0.0527116 0.0526012 0.052051 0.050461 0.0471886 0.0418585 0.0346624 0.0264274
 0.00496136 0.0081293 0.0123699 0.0176978 0.0239868 0.0308693 0.0377171 0.0438043 0.0485798 0.0518439 0.0537176 0.0544884 0.054477 0.0539801 0.0532572 0.0525205 0.0519144 0.0514732 0.0510584 0.0503009 0.0486187 0.0453811 0.0402113 0.0332781 0.0253634
 0.00518164 0.00848462 0.0129 0.0184391 0.0249673 0.0321 0.0391808 0.0454487 0.0503211 0.0535779 0.0553338 0.0558807 0.0555508 0.0546567 0.0534761 0.052243 0.0511285 0.0502001 0.0493586 0.0482773 0.0464139 0.0431657 0.0381601 0.0315367 0.0240169
 0.00541707 0.00887271 0.0134936 0.0192897 0.0261136 0.0335512 0.0409002 0.0473515 0.0522901 0.0554892 0.0570768 0.0573643 0.0566994 0.055404 0.0537631 0.0520207 0.0503641 0.0488885 0.0475362 0.0460354 0.043904 0.0405891 0.0357359 0.029455 0.0223945
 0.00565861 0.00926924 0.0140978 0.020154 0.0272809 0.035039 0.0426842 0.0493578 0.0544024 0.0575703 0.0589912 0.0589952 0.0579566 0.0562226 0.0540965 0.0518315 0.0496224 0.0475788 0.0456759 0.0436975 0.0412336 0.0377984 0.033071 0.0271401 0.0205745
 0.00589429 0.00965612 0.0146872 0.0209967 0.0284178 0.036487 0.0444206 0.0513139 0.0564728 0.0596308 0.0609172 0.0606724 0.0592868 0.0571267 0.0545148 0.0517212 0.0489534 0.0463356 0.0438697 0.0413894 0.0385563 0.0349603 0.0303262 0.0247297 0.0186631
 0.00613903 0.010055 0.0152894 0.0218489 0.0295561 0.0379231 0.0461277 0.0532217 0.0584767 0.0616115 0.0627591 0.0622738 0.0605618 0.0580047 0.0549379 0.0516429 0.0483377 0.045161 0.0421412 0.0391591 0.0359461 0.0321683 0.0276023 0.0223182 0.0167367
 0.00639584 0.0104761 0.0159296 0.0227606 0.030778 0.0394634 0.0479471 0.0552291 0.0605445 0.0636025 0.0645507 0.0637698 0.0616934 0.058724 0.0552108 0.0514418 0.0476384 0.0439459 0.0404123 0.0369604 0.0333871 0.0294334 0.0249289 0.0199436 0.0148325
 0.00661502 0.0108385 0.0164864 0.0235635 0.0318695 0.0408601 0.0496233 0.0571094 0.0625137 0.0655271 0.066301 0.0652367 0.0627958 0.0594096 0.055451 0.0512224 0.0469511 0.0427862 0.0387883 0.0349125 0.0310123 0.0268964 0.0224453 0.0177316 0.0130531
 0.006854 0.0112283 0.0170755 0.0243978 0.0329831 0.0422619 0.0512815 0.058947 0.0644175 0.0673688 0.0679575 0.0666039 0.0637946 0.0599883 0.0555833 0.0509019 0.0461832 0.0415833 0.0371729 0.0329317 0.0287577 0.0245159 0.0201307 0.0156772 0.0114024
 0.00707736 0.0115962 0.0176377 0.0252025 0.0340668 0.0436322 0.0529018 0.060732 0.0662468 0.0691117 0.0694959 0.0678438 0.0646695 0.0604572 0.0556265 0.0505173 0.0453815 0.0403846 0.0356092 0.0310565 0.0266606 0.0223308 0.0180257 0.0138202 0.00991572
 0.00728906 0.0119415 0.0181596 0.0259418 0.0350538 0.0448748 0.0543713 0.0623575 0.0679235 0.0707196 0.0709193 0.0689867 0.0654629 0.0608606 0.055625 0.0501151 0.0445958 0.0392418 0.0341468 0.029331 0.0247578 0.020372 0.0161569 0.0121836 0.00861228
 0.00743581 0.0121874 0.018543 0.0265029 0.035826 0.0458712 0.0555719 0.0637048 0.0693315 0.0720901 0.0721581 0.0700124 0.0662108 0.0612845 0.0556989 0.0498319 0.043965 0.0382867 0.0329045 0.027857 0.0231328 0.0187041 0.0145721 0.0108013 0.00751532
 0.00751489 0.0123167 0.0187398 0.0267859 0.0362148 0.0463829 0.0562165 0.0644789 0.0702137 0.0730395 0.0731166 0.070911 0.066978 0.0618556 0.056022 0.049872 0.0437052 0.0377294 0.0320723 0.0267955 0.0219132 0.0174221 0.0133372 0.00971594 0.00665025
 0.00761127 0.0124634 0.0189424 0.0270438 0.0365231 0.0467357 0.056609 0.0649083 0.0706788 0.0735389 0.0736451 0.0714533 0.0675044 0.0623218 0.0563749 0.0500585 0.0436819 0.0374704 0.0315751 0.0260847 0.0210428 0.0164717 0.0124003 0.00888098 0.00597923
 0.00768423 0.012581 0.0191167 0.0272836 0.0368304 0.0471013 0.0570101 0.0653116 0.0710516 0.0738609 0.0739149 0.0716849 0.0677153 0.0625191 0.0565469 0.0501745 0.0436997 0.0373486 0.0312862 0.0256263 0.020443 0.0157873 0.0117058 0.00825014 0.00546601
 0.00774284 0.0126684 0.0192342 0.027428 0.0369966 0.0472849 0.0572085 0.0655225 0.0712694 0.0740757 0.0741144 0.0718597 0.0678632 0.0626446 0.0566545 0.0502604 0.0437459 0.0373255 0.0311623 0.0253823 0.0200833 0.0153438 0.0112316 0.00780371 0.00509379
 0.00778148 0.0127304 0.0193253 0.027552 0.037153 0.0474671 0.0574026 0.0657104 0.0714342 0.0742081 0.0742147 0.0719346 0.0679203 0.0626894 0.0566894 0.050284 0.0437516 0.037299 0.0310836 0.0252329 0.0198567 0.0150532 0.0109091 0.00749055 0.00482634
 0.00782489 0.0127926 0.0194038 0.0276397 0.0372411 0.047549 0.0574767 0.0657787 0.0714999 0.0742718 0.0742742 0.0719872 0.0679651 0.0627275 0.0567228 0.0503128 0.0437718 0.0373016 0.0310554 0.0251601 0.0197312 0.0148793 0.010705 0.00728388 0.00464396
 0.00785391 0.0128358 0.019461 0.0277075 0.0373125 0.0476146 0.0575265 0.0658047 0.0714997 0.0742509 0.074245 0.0719638 0.0679581 0.0627409 0.0567539 0.0503551 0.0438166 0.0373387 0.0310734 0.0251473 0.01968 0.0147898 0.0105876 0.00715657 0.00452624
 0.0078986 0.0129039 0.0195547 0.0278253 0.0374487 0.0477596 0.0576666 0.0659238 0.0715817 0.0742845 0.0742278 0.0719036 0.0678708 0.0626451 0.0566657 0.0502837 0.0437637 0.0372992 0.0310382 0.0251061 0.0196243 0.0147164 0.0105003 0.00706513 0.00444243
 0.00792323 0.0129431 0.019612 0.0279027 0.0375463 0.0478739 0.0577896 0.0660433 0.0716835 0.0743557 0.0742597 0.0718938 0.0678231 0.0625693 0.056575 0.0501919 0.0436813 0.037231 0.0309825 0.0250569 0.0195744 0.0146609 0.010439 0.00700264 0.00438539
 0.00789977 0.0129069 0.0195616 0.0278386 0.0374719 0.0477956 0.0577172 0.0659884 0.0716565 0.0743624 0.074299 0.0719574 0.0678993 0.062646 0.0566438 0.0502492 0.0437277 0.037269 0.0310136 0.0250803 0.0195873 0.0146609 0.0104264 0.0069809 0.00436013
 0.00790782 0.0129087 0.0195436 0.0277826 0.0373605 0.0476221 0.0574922 0.0657407 0.0714251 0.0741848 0.0742005 0.0719471 0.06797 0.0627788 0.0568142 0.0504332 0.0439064 0.0374303 0.0311512 0.0251917 0.0196717 0.0147188 0.0104604 0.00699559 0.00436197
 0.00790805 0.0129116 0.0195517 0.0277977 0.0373801 0.0476362 0.0574829 0.0656877 0.071316 0.0740249 0.0740153 0.0717744 0.0678456 0.0627247 0.0568331 0.0505116 0.0440221 0.0375605 0.0312776 0.0253021 0.0197599 0.0147831 0.0105021 0.00701879 0.00437193
 0.00789849 0.0128924 0.0195166 0.0277397 0.0372947 0.0475249 0.0573551 0.0655576 0.0711967 0.0739224 0.0739286 0.0717013 0.0677904 0.0626989 0.0568505 0.0505799 0.0441374 0.037708 0.0314371 0.0254544 0.0198908 0.0148854 0.0105748 0.00706539 0.00439846
 0.00787067 0.0128469 0.0194475 0.0276413 0.0371626 0.0473582 0.057159 0.0653453 0.0709882 0.073741 0.0737949 0.0716277 0.0677787 0.0627432 0.0569421 0.0507113 0.0443019 0.0378968 0.0316372 0.0256495 0.0200653 0.0150282 0.0106815 0.00713789 0.00444303
 0.00784549 0.0128029 0.0193759 0.0275324 0.0370086 0.0471572 0.0569187 0.0650832 0.0707289 0.0735106 0.0736163 0.0715179 0.0677465 0.0627889 0.0570576 0.0508825 0.0445123 0.03813 0.0318773 0.0258809 0.0202737 0.0152022 0.0108152 0.0072318 0.00450297
 0.00784382 0.0127981 0.0193645 0.0275091 0.0369666 0.0470891 0.0568184 0.0649483 0.0705628 0.0733243 0.0734277 0.0713487 0.0676181 0.0627176 0.0570517 0.0509413 0.0446271 0.0382864 0.032058 0.0260683 0.0204513 0.0153568 0.0109385 0.00732146 0.00456212
 0.0078156 0.012755 0.019305 0.0274332 0.036876 0.0469862 0.056706 0.0648292 0.0704403 0.0732018 0.0733101 0.0712428 0.0675338 0.0626664 0.0570442 0.0509842 0.0447207 0.0384235 0.0322254 0.026249 0.0206278 0.0155142 0.0110667 0.00741662 0.00462622
 0.00780261 0.0127291 0.0192574 0.0273537 0.0367565 0.0468256 0.0565139 0.0646256 0.0702492 0.0730436 0.0731962 0.0711755 0.067509 0.0626791 0.0570913 0.0510651 0.0448352 0.0385692 0.0323952 0.0264309 0.0208069 0.015676 0.0112005 0.00751749 0.0046952
 0.0077492 0.0126487 0.019148 0.0272172 0.0365965 0.046646 0.0563185 0.06442 0.070044 0.0728557 0.073046 0.0710812 0.0674815 0.0627184 0.0571888 0.0512077 0.0450103 0.0387661 0.0326042 0.0266417 0.0210076 0.0158547 0.0113477 0.00762866 0.00477169
 0.00933454 0.0148601 0.0218008 0.0299154 0.0388497 0.0480543 0.0567176 0.0639057 0.0688801 0.0713439 0.0714317 0.0695235 0.0660661 0.0614839 0.0561462 0.050352 0.0443271 0.0382365 0.0322085 0.0263598 0.0208195 0.0157393 0.0112844 0.00759881 0.00476052
 0.00931654 0.0151264 0.022722 0.0319501 0.0423431 0.0529668 0.0624545 0.0694159 0.0730327 0.0733771 0.0712061 0.0674569 0.0628509 0.0577924 0.0524658 0.0469624 0.0413538 0.0357162 0.0301341 0.0247049 0.0195465 0.0148028 0.0106312 0.00717102 0.00449975
 0.00897583 0.0145903 0.0219702 0.0310327 0.0414346 0.0524018 0.0626872 0.0708571 0.0758017 0.0771192 0.0751383 0.0706675 0.0646815 0.0580668 0.0514542 0.0451622 0.0392561 0.0336732 0.0283392 0.0232328 0.0184033 0.0139597 0.0100433 0.00678609 0.0042652
 0.00882747 0.0143348 0.0215599 0.0304175 0.0405808 0.0513265 0.0615015 0.069794 0.0751967 0.0773161 0.0763345 0.0727681 0.067268 0.0605345 0.053259 0.0460297 0.0392348 0.0330319 0.0274049 0.0222687 0.0175647 0.0133076 0.0095788 0.00648031 0.00407915
 0.00875282 0.0142101 0.021365 0.0301285 0.0401718 0.0507749 0.0607992 0.0689651 0.0743191 0.0765372 0.0758621 0.0728167 0.0679637 0.0618216 0.0548783 0.0476036 0.0404229 0.0336627 0.027509 0.0220125 0.0171473 0.0128838 0.00923224 0.00623513 0.0039246
 0.00870312 0.0141299 0.0212452 0.0299601 0.0399463 0.0504851 0.0604405 0.0685375 0.0738303 0.0760109 0.0753509 0.0724125 0.067789 0.0619912 0.0554367 0.0484765 0.0414233 0.0345621 0.028134 0.0223075 0.0171689 0.0127456 0.00904353 0.00606621 0.00380318
 0.00867658 0.0140846 0.0211731 0.0298525 0.0397957 0.0502881 0.0602 0.0682621 0.0735319 0.0757008 0.0750408 0.0721217 0.0675543 0.0618706 0.0554964 0.0487587 0.0419105 0.0351658 0.0287232 0.0227646 0.0174371 0.0128396 0.00902282 0.00599689 0.00373166
 0.00867363 0.0140798 0.0211656 0.0298407 0.0397762 0.0502554 0.0601466 0.0681798 0.0734146 0.0755469 0.0748546 0.0719136 0.0673421 0.0616813 0.0553677 0.0487323 0.0420156 0.0353986 0.029038 0.0230874 0.0176978 0.0130009 0.0090886 0.00599807 0.00370418
 0.00866793 0.0140709 0.0211527 0.0298234 0.0397546 0.0502297 0.0601167 0.0681451 0.0733725 0.0754933 0.0747844 0.0718234 0.0672329 0.0615621 0.0552559 0.0486532 0.0419965 0.0354575 0.0291717 0.0232681 0.0178825 0.0131502 0.00918275 0.00604026 0.00371171
 0.00865237 0.014048 0.0211227 0.0297879 0.0397164 0.0501918 0.0600816 0.0681144 0.073347 0.075472 0.074765 0.0718015 0.0672039 0.0615231 0.055209 0.0486077 0.0419676 0.0354621 0.0292201 0.0233568 0.0179935 0.0132584 0.00926751 0.00609314 0.00373652
 0.00865377 0.0140479 0.0211182 0.0297755 0.0396927 0.050156 0.0600368 0.0680671 0.0733045 0.0754401 0.0747453 0.0717919 0.0671996 0.0615185 0.0552003 0.0485946 0.041955 0.035459 0.029236 0.0233964 0.0180528 0.0133258 0.00932905 0.006139 0.00376424
 0.00864462 0.014036 0.0211059 0.0297659 0.0396888 0.0501584 0.0600423 0.06807 0.0732996 0.0754253 0.0747231 0.0717675 0.0671777 0.0615015 0.0551876 0.0485842 0.0419463 0.0354539 0.0292389 0.0234115 0.018081 0.013363 0.00936775 0.00617191 0.00378734
 0.00863793 0.0140238 0.0210853 0.0297342 0.0396448 0.0501044 0.0599848 0.0680182 0.0732622 0.0754066 0.0747217 0.0717783 0.0671955 0.0615225 0.0552102 0.0486076 0.0419699 0.0354774 0.0292631 0.023438 0.018111 0.0133955 0.00939968 0.00619951 0.00380796
 0.00862844 0.0140107 0.0210696 0.029718 0.0396301 0.0500914 0.059972 0.0680031 0.073243 0.0753849 0.0747014 0.0717642 0.0671902 0.0615259 0.05522 0.0486212 0.0419851 0.0354935 0.0292801 0.0234564 0.0181311 0.013417 0.00942101 0.00621855 0.00382291
 0.00860796 0.01398 0.0210285 0.0296683 0.0395756 0.0500375 0.0599244 0.0679671 0.073222 0.075379 0.0747081 0.0717796 0.0672115 0.0615516 0.0552493 0.0486532 0.0420185 0.0355265 0.0293114 0.0234856 0.0181579 0.0134413 0.00944243 0.00623627 0.00383637
 0.00860796 0.01398 0.0210285 0.0296683 0.0395756 0.0500375 0.0599244 0.0679671 0.073222 0.075379 0.0747081 0.0717796 0.0672115 0.0615516 0.0552493 0.0486532 0.0420185 0.0355265 0.0293114 0.0234856 0.0181579 0.0134413 0.00944243 0.00623627 0.00383637
 0.00838224 0.0136187 0.0204972 0.0289445 0.0386597 0.0489667 0.0587831 0.0668815 0.0723334 0.0748057 0.0745145 0.0719656 0.0677224 0.0622996 0.0561361 0.0495876 0.0429273 0.0363584 0.0300352 0.0240869 0.0186351 0.013802 0.00970069 0.00641019 0.00394558
 0.00846783 0.0137322 0.0206195 0.0290391 0.0386787 0.0488637 0.0585271 0.0664677 0.07179 0.0741938 0.0739187 0.0714764 0.0674121 0.0622043 0.0562495 0.0498687 0.0433161 0.0367926 0.0304626 0.0244709 0.0189554 0.0140517 0.00988288 0.0065343 0.00402409
 0.00861222 0.0139775 0.0210051 0.0295996 0.0394259 0.0497628 0.0594808 0.0673259 0.0723895 0.0744123 0.073716 0.070903 0.0665876 0.0612778 0.0553592 0.0491128 0.042741 0.0363984 0.0302193 0.0243365 0.0188905 0.014026 0.00987659 0.00653593 0.00402787
 0.0084941 0.0138042 0.0207811 0.0293467 0.0391837 0.0495846 0.0594238 0.0674336 0.072669 0.0748175 0.0741532 0.0712613 0.0667824 0.0612826 0.0552102 0.0488862 0.0425185 0.0362383 0.0301442 0.0243377 0.0189416 0.014098 0.00994712 0.00659286 0.00406773
 0.00874504 0.0141866 0.0213082 0.030012 0.0399611 0.0504312 0.0602832 0.0682406 0.0733589 0.0753364 0.0744619 0.0713326 0.0665985 0.0608407 0.0545349 0.0480381 0.0415887 0.0353273 0.0293364 0.0236832 0.0184532 0.0137597 0.00972842 0.00646039 0.00399258
 0.00863351 0.0140409 0.0211547 0.0298963 0.0399354 0.0505334 0.0605206 0.0685884 0.0737724 0.0757688 0.074875 0.0716972 0.0668876 0.0610246 0.0545846 0.0479374 0.0413466 0.0349825 0.028948 0.023312 0.0181432 0.01353 0.00957578 0.00636873 0.00394253
 0.00856198 0.0139109 0.0209365 0.0295618 0.0394744 0.049974 0.0599403 0.0681009 0.0734905 0.0757602 0.0751386 0.0721714 0.0674797 0.0616407 0.0551473 0.048391 0.0416594 0.0351493 0.0289895 0.023268 0.0180592 0.0134433 0.00950762 0.00632473 0.00391864
 0.00878392 0.014251 0.0214074 0.0301546 0.0401536 0.0506754 0.0605758 0.0685764 0.0737363 0.0757603 0.0749375 0.0718506 0.0671196 0.0612917 0.0548226 0.0480787 0.04134 0.0348096 0.0286305 0.0229059 0.0177198 0.0131523 0.00928151 0.00616622 0.00381864
 0.00875099 0.0142253 0.0214195 0.0302484 0.0403725 0.0510408 0.0610687 0.0691336 0.0742661 0.0761706 0.0751647 0.0718778 0.0669772 0.0610403 0.0545267 0.0477835 0.0410635 0.034549 0.0283766 0.0226554 0.0174797 0.012937 0.00910487 0.00603537 0.00373168
 0.00855545 0.013904 0.0209334 0.0295699 0.0395033 0.0500347 0.0600427 0.0682513 0.073689 0.0759985 0.0754012 0.0724376 0.0677295 0.0618579 0.0553181 0.0484998 0.0416853 0.03507 0.0287938 0.0229684 0.0176951 0.0130701 0.00917713 0.00606902 0.00374465
#pred catch len freq
 0.00342809 0.00551922 0.00824022 0.0116064 0.0156409 0.0203359 0.0255892 0.0311832 0.0368256 0.0422093 0.0470589 0.0511653 0.0544148 0.0567959 0.0583809 0.0592963 0.0596998 0.0597451 0.0595034 0.0588382 0.0573081 0.0542325 0.0490026 0.0415201 0.0324602
 0.00364319 0.00580299 0.00854871 0.0118664 0.0157811 0.0203292 0.0254786 0.031067 0.0368045 0.0423294 0.0472874 0.0514161 0.0546037 0.0568918 0.0584214 0.0593639 0.059869 0.0600282 0.0598233 0.0590473 0.0572521 0.0538289 0.0482884 0.0406376 0.0315899
 0.00380887 0.00608242 0.00898238 0.0124838 0.0165772 0.0212403 0.026376 0.0317909 0.037232 0.0424357 0.0471538 0.0511739 0.054357 0.0566763 0.0582219 0.059161 0.0596694 0.0598517 0.0596634 0.0588452 0.0569135 0.0532797 0.0475302 0.0397607 0.030733
 0.00398297 0.0063589 0.00938942 0.0130511 0.0173389 0.0222304 0.0276099 0.033233 0.0387674 0.0438729 0.0482755 0.0518186 0.0544822 0.05636 0.0576055 0.0583801 0.0588156 0.0589714 0.0587679 0.0579175 0.0559186 0.0521923 0.0463691 0.0386026 0.029688
 0.00417464 0.00666433 0.0098385 0.0136702 0.0181501 0.0232497 0.0288429 0.0346695 0.0403726 0.0455743 0.0499482 0.0532849 0.0555445 0.0568619 0.0574895 0.0577036 0.057714 0.0575972 0.0572416 0.0563112 0.0542696 0.0505324 0.0447531 0.037116 0.0284256
 0.00440831 0.0070328 0.0103731 0.014396 0.0190862 0.0244077 0.0302216 0.036247 0.0421022 0.0473845 0.0517443 0.0549493 0.0569365 0.0578277 0.0578893 0.0574514 0.0568106 0.0561311 0.0553579 0.0541676 0.0520093 0.0482824 0.0426349 0.0352469 0.0269011
 0.00467449 0.00745341 0.0109845 0.0152269 0.0201561 0.0257239 0.0317726 0.0379957 0.0439851 0.0493165 0.0536266 0.0566753 0.0583959 0.0589067 0.0584733 0.0574371 0.0561292 0.0547771 0.0534046 0.0517607 0.0493418 0.0455664 0.0400759 0.0330192 0.0251208
 0.00493683 0.00787428 0.0116086 0.0160952 0.0213022 0.0271666 0.0335038 0.0399705 0.0461198 0.0514971 0.0557223 0.0585552 0.0599413 0.0600176 0.0590662 0.0574389 0.0554794 0.0534434 0.0514096 0.0492054 0.0464111 0.0425077 0.0371565 0.0304725 0.023098
 0.0052247 0.00832476 0.012256 0.016965 0.0224143 0.0285362 0.0351361 0.0418486 0.0481926 0.0536733 0.0578751 0.0605375 0.0616071 0.0612416 0.0597524 0.0575185 0.054904 0.0521857 0.0494799 0.0466785 0.0434486 0.0393548 0.0341025 0.0277851 0.0209572
 0.00552456 0.00879927 0.0129466 0.0179035 0.0236201 0.0300118 0.0368594 0.0437693 0.0502355 0.055747 0.0598798 0.0623674 0.0631527 0.0623941 0.060413 0.057606 0.0543592 0.0509758 0.047609 0.0442099 0.0405279 0.0362149 0.0310322 0.0250628 0.0187783
 0.00587303 0.00934491 0.0137302 0.018953 0.0249504 0.0316231 0.0387299 0.0458443 0.0524237 0.057927 0.0619165 0.0641324 0.0645402 0.0633271 0.0608376 0.0574813 0.0536505 0.049658 0.0456828 0.0417275 0.0376191 0.0330961 0.0279796 0.0223499 0.0166018
