SBPRF35
7.78865
Curr Bio
475419
B35
669719
F35
0.21358
FOFL
0.137502
OFL
48842.7
Bzero
2.22533e+006
#pred survey bio
 4.56634e+006 4.33679e+006 4.10247e+006 3.79772e+006 3.49686e+006 3.16471e+006 2.82882e+006 2.49687e+006 2.21143e+006 1.93219e+006 1.70849e+006 1.49816e+006 1.32264e+006 1.18022e+006 1.06109e+006 956054 866135 815209 775240 730613 700494 685799 672631 646530 636084 632013 621363 624397 624414 622052 616057 615574 612425 610814 602447 590796 580742 569584 570351 579730 581137 584923 580136 579768 589481 590275 593148 598388 604347 605654 600105 598100 597412 617973 603394 592356 591132 565615 530143 516564 513919 511448 522149 514868 479744 1.56449e+007 9.24551e+006 9.49966e+006 1.03916e+007 1.16208e+007 1.28916e+007 1.40329e+007 1.49755e+007 1.57126e+007 1.62684e+007 1.66774e+007 1.69739e+007 1.71868e+007 1.7339e+007 1.74479e+007 1.75259e+007 1.75821e+007 1.76227e+007 1.76523e+007 1.7674e+007 1.76901e+007 1.7702e+007 1.77109e+007 1.77176e+007 1.77227e+007 1.77265e+007 1.77295e+007 1.77317e+007 1.77334e+007 1.77347e+007 1.77357e+007 1.77364e+007 1.7737e+007 1.77375e+007 1.77378e+007 1.77381e+007 1.77383e+007 1.77385e+007 1.77386e+007 1.77387e+007 1.77388e+007 1.77388e+007 1.77389e+007 1.77389e+007 1.77389e+007 1.7739e+007 1.7739e+007 1.7739e+007 1.7739e+007 1.7739e+007 1.7739e+007 1.7739e+007 1.7739e+007 1.7739e+007 1.7739e+007 1.7739e+007 1.7739e+007 1.7739e+007 1.7739e+007 1.7739e+007 1.7739e+007 1.7739e+007 1.7739e+007 1.7739e+007 1.7739e+007 1.7739e+007 1.7739e+007 1.7739e+007 1.7739e+007 1.7739e+007 1.7739e+007 1.7739e+007 1.7739e+007 1.7739e+007 1.7739e+007 1.7739e+007 1.7739e+007 1.7739e+007 1.7739e+007 1.7739e+007 1.7739e+007 1.7739e+007 1.7739e+007 1.7739e+007 1.7739e+007 1.7739e+007 1.7739e+007 1.7739e+007 1.7739e+007 1.7739e+007 1.7739e+007 1.7739e+007 1.7739e+007 1.7739e+007 1.7739e+007 1.7739e+007 1.7739e+007 1.7739e+007 1.7739e+007 1.7739e+007 0 0 0 0 0 0 0 0 0 0 0 0 0 0 0 0 0 0 0 0 0 0 0 0 0
#obs survey bio
 2.82243e+006 3.67184e+006 3.09057e+006 3.09396e+006 2.55353e+006 2.61633e+006 2.15189e+006 1.74061e+006 2.1924e+006 1.53472e+006 1.29927e+006 967520 1.16685e+006 814907 599248 988388 727690 1.01731e+006 599175 499646 732944 662102 932048 897892 417270 530478 419201 547948 626032 488561 565534 430454 719480 519331 483894 838413 458734 543275 717791 626374 596241 576097 499164 705994 421449 559794 658150 677716 493229 518269 600348 481443 816022 603190 655469 676819 928781 617903 507071 424458 498644 547146 625045 534426 516779
#pred catch bio
 89598.8 92856.3 166535 183560 239703 274984 303528 290703 309856 280436 284696 266640 246574 231430 220411 204922 168421 155922 155441 138742 122574 118445 125815 110297 104680 110145 98695.7 101005 101523 102563 95836 95604.6 91391.4 93654.9 92524.4 89578.1 93155.8 87411.4 83326.3 91209.5 89283.7 95998.9 91374.7 82756.2 90682.9 89335 88065 88568.6 93649.8 100133 97704.7 96995.9 79680.5 108854 104439 94990.5 112960 118127 98243.7 88795.8 87300.7 74076.3 86268.3 104878 96648.3 48842.7 71787.3 72177.3 77741.3 86735 96261.1 104740 111597 116806 120593 123258 125087 126320 127139 127676 128026 128251 128396 128489 128548 128585 128609 128624 128633 128639 128643 128645 128646 128647 128648 128648 128649 128649 128649 128649 128649 128649 128649 128649 128649 128649 128649 128649 128649 128649 128649 128649 128649 128649 128649 128649 128649 128649 128649 128649 128649 128649 128649 128649 128649 128649 128649 128649 128649 128649 128649 128649 128649 128649 128649 128649 128649 128649 128649 128649 128649 128649 128649 128649 128649 128649 128649 128649 128649 128649 128649 128649 128649 128649 128649 128649 128649 128649 128649 128649 128649 128649 128649 128649 128649 0 0 0 0 0 0 0 0 0 0 0 0 0 0 0 0 0 0 0 0 0 0 0 0 0
#obs catch bio
 0 92578.2 167733 184224 242424 279371 310676 297695 319201 288348 294082 276034 256956 240885 230601 212577 172686 159595 159330 141618 124502 120578 127499 110998 106285 112064 100397 102929 103194 103897 97244.4 97070.3 92266.1 94778.6 93579.1 89877.1 93713.1 87777.9 83543.1 91407.7 89257.2 96346 91824.9 82573.1 90951 89549.8 88172.9 88652.8 94058.5 100776 98315.7 98152.6 79638.8 109777 105245 95241.3 112929 118147 98360.4 88961.3 87730.3 74063.8 86035.5 104644 96622.4
#pred cpue bio
 4.49871e+006 4.27384e+006 4.0433e+006 3.74018e+006 3.43993e+006 3.10879e+006 2.77423e+006 2.444e+006 2.16019e+006 1.88297e+006 1.66084e+006 1.45207e+006 1.27782e+006 1.13681e+006 1.0193e+006 916380 828881 779525 741061 698155 669258 655323 643030 618035 607779 603581 593094 596046 596378 594579 589114 589074 586613 585680 578218 567485 557167 544639 544317 553491 555191 559051 554513 554325 563850 564491 567157 572147 577752 578786 573181 571054 570410 590719 576660 565846 564961 540548 505912 492365 489925 488192 499476 493082 459443 1.49929e+007 8.85775e+006 8.95577e+006 9.69637e+006 1.08781e+007 1.2139e+007 1.32785e+007 1.42208e+007 1.49578e+007 1.55136e+007 1.59227e+007 1.62191e+007 1.6432e+007 1.65843e+007 1.66932e+007 1.67712e+007 1.68273e+007 1.6868e+007 1.68976e+007 1.69193e+007 1.69354e+007 1.69473e+007 1.69562e+007 1.69629e+007 1.6968e+007 1.69718e+007 1.69747e+007 1.69769e+007 1.69786e+007 1.69799e+007 1.69809e+007 1.69817e+007 1.69823e+007 1.69827e+007 1.69831e+007 1.69834e+007 1.69836e+007 1.69837e+007 1.69839e+007 1.6984e+007 1.6984e+007 1.69841e+007 1.69841e+007 1.69842e+007 1.69842e+007 1.69842e+007 1.69842e+007 1.69842e+007 1.69843e+007 1.69843e+007 1.69843e+007 1.69843e+007 1.69843e+007 1.69843e+007 1.69843e+007 1.69843e+007 1.69843e+007 1.69843e+007 1.69843e+007 1.69843e+007 1.69843e+007 1.69843e+007 1.69843e+007 1.69843e+007 1.69843e+007 1.69843e+007 1.69843e+007 1.69843e+007 1.69843e+007 1.69843e+007 1.69843e+007 1.69843e+007 1.69843e+007 1.69843e+007 1.69843e+007 1.69843e+007 1.69843e+007 1.69843e+007 1.69843e+007 1.69843e+007 1.69843e+007 1.69843e+007 1.69843e+007 1.69843e+007 1.69843e+007 1.69843e+007 1.69843e+007 1.69843e+007 1.69843e+007 1.69843e+007 1.69843e+007 1.69843e+007 1.69843e+007 1.69843e+007 1.69843e+007 1.69843e+007 1.69843e+007 1.69843e+007 1.69843e+007 1.69843e+007 0 0 0 0 0 0 0 0 0 0 0 0 0 0 0 0 0 0 0 0 0 0 0 0 0
#obs cpue bio
 4.79856e+006 3.51114e+006 3.1976e+006 3.46057e+006 2.14699e+006 2.12361e+006 1.90712e+006 2.31937e+006 1.63803e+006 1.62244e+006 1.5025e+006 1.28296e+006 566697 1.10009e+006 820182 906559 907548 471819 714375 826058 572571 431537 652439 499552 364105 601986 502858 505707 559320 843016 387895 683105 601241 524132 635865 661454 600840 560344 425395 610705 572497 462687 520037 691315 596898 560849 539378 492400 520517 580154 490952 451452 634295 506091 430013 543105 556113 500710 423559 549745 438442 483573 617724 547519 354045
#pred surv len freq
 0.00620221 0.00983605 0.0143657 0.0196285 0.0254245 0.0314784 0.0373882 0.0426854 0.0470049 0.0502213 0.0524417 0.0538931 0.0548092 0.0553658 0.0556504 0.0556541 0.0552845 0.0543963 0.0528163 0.0503509 0.0467929 0.0419763 0.0359019 0.0288787 0.0215529
 0.00644833 0.0101266 0.0146065 0.0196801 0.0251592 0.0308589 0.0365173 0.0417809 0.0462999 0.0498483 0.052372 0.0539652 0.0548234 0.0551867 0.0552701 0.055194 0.054942 0.0543585 0.0531768 0.0510661 0.0477016 0.0428714 0.0366172 0.0293423 0.0217867
 0.006872 0.0107704 0.0154849 0.0207586 0.0263434 0.0319928 0.0374027 0.0422299 0.0462131 0.0492741 0.0514944 0.0530127 0.0539536 0.0544284 0.0545576 0.0544595 0.0541936 0.0536924 0.0527211 0.0508994 0.0478024 0.04313 0.0368959 0.0295417 0.0218756
 0.0072502 0.0113752 0.0163753 0.0219794 0.0279112 0.0338739 0.0394873 0.0443204 0.0480463 0.0505816 0.0520851 0.0528386 0.0531213 0.0531424 0.0530283 0.0528348 0.0525549 0.0520981 0.0512449 0.0496259 0.046789 0.0423768 0.0363518 0.0291399 0.0215672
 0.00758467 0.0119001 0.0171319 0.0229984 0.0292132 0.0354673 0.0413573 0.0464103 0.0502393 0.0526942 0.0538817 0.054075 0.0536108 0.0528168 0.0519587 0.0511972 0.0505642 0.0499514 0.0491018 0.0476136 0.0450059 0.0408847 0.0351693 0.0282475 0.0209247
 0.00793031 0.0124453 0.0179216 0.0240647 0.0305718 0.0371128 0.0432564 0.0484983 0.0524246 0.0548647 0.0559045 0.0557906 0.0548367 0.053375 0.0517255 0.0501508 0.0488007 0.0476604 0.0465166 0.0449648 0.0424922 0.0386571 0.0333226 0.0268177 0.0198945
 0.00827381 0.012987 0.0187062 0.0251244 0.0319234 0.0387524 0.0451509 0.0505804 0.0545978 0.0570162 0.0579183 0.0575519 0.0562269 0.0542664 0.0519873 0.0496763 0.0475476 0.0456847 0.0439784 0.0421013 0.0395705 0.0359251 0.0309695 0.0249505 0.0185331
 0.00865681 0.0135856 0.0195629 0.0262644 0.0333534 0.040458 0.0470911 0.052683 0.0567635 0.0591321 0.0598719 0.05924 0.0575569 0.0551513 0.0523396 0.0494077 0.046586 0.044007 0.0416467 0.0392806 0.0365121 0.032918 0.0282766 0.022753 0.0169019
 0.00899562 0.0141174 0.0203285 0.0272902 0.0346492 0.0420133 0.0488683 0.0546142 0.0587559 0.0610816 0.0616766 0.0608083 0.0588088 0.0560159 0.0527492 0.0492941 0.0458831 0.0426691 0.0396811 0.0367812 0.0336723 0.0300057 0.0255739 0.0204841 0.0151822
 0.00944388 0.0148099 0.0213035 0.0285602 0.0362017 0.0438126 0.0508531 0.0566956 0.0608235 0.0630182 0.0633754 0.0621842 0.0598012 0.0565849 0.0528669 0.0489338 0.0450138 0.0412615 0.0377315 0.0343462 0.0308961 0.0271171 0.0228416 0.0181454 0.0133784
 0.00989732 0.0155065 0.0222766 0.0298146 0.0377158 0.0455427 0.052734 0.0586404 0.0627294 0.0647797 0.0648984 0.0633936 0.0606433 0.0570249 0.0528843 0.0485156 0.0441474 0.0399351 0.0359469 0.0321451 0.0283881 0.0244878 0.0203241 0.0159598 0.0116686
 0.0103836 0.0162646 0.0233561 0.0312379 0.039473 0.0475852 0.0549679 0.0609277 0.064907 0.0666913 0.0664225 0.0644568 0.061217 0.0571135 0.0525118 0.0477121 0.0429399 0.0383443 0.0339957 0.0298793 0.0259015 0.0219343 0.0179004 0.0138579 0.0100186
 0.010677 0.0167431 0.0240788 0.0322601 0.0408342 0.0492908 0.0569693 0.0631145 0.0671196 0.0687502 0.0681607 0.0657453 0.0619785 0.0573252 0.0521958 0.0469182 0.0417275 0.0367697 0.0321117 0.0277479 0.0236135 0.0196214 0.0157253 0.0119787 0.00854302
 0.01096 0.0171786 0.0246905 0.0330581 0.0418206 0.0504649 0.0583256 0.0646322 0.0687489 0.0704043 0.0697195 0.0670719 0.0629458 0.0578402 0.0522145 0.0464459 0.0408067 0.0354641 0.0304948 0.0259016 0.0216363 0.0176353 0.0138687 0.0103808 0.00729018
 0.0109979 0.0172737 0.0248943 0.0334374 0.0424387 0.0513541 0.059466 0.0659513 0.0701453 0.0717779 0.0709892 0.0681736 0.0638191 0.0584225 0.0524469 0.0462883 0.04025 0.034534 0.0292474 0.0244176 0.0200166 0.0159976 0.0123369 0.00906434 0.00625949
 0.0110397 0.0173435 0.0250049 0.0336077 0.0426964 0.0517361 0.0600119 0.0666882 0.0710685 0.0728378 0.072096 0.0692185 0.0647029 0.0590717 0.0528154 0.046349 0.0399901 0.0339578 0.0283829 0.0233215 0.0187736 0.014713 0.0111217 0.00801478 0.00543621
 0.0112855 0.0176993 0.0254598 0.0341245 0.0432242 0.0522305 0.0604516 0.0670802 0.0714405 0.0732239 0.0725184 0.0696736 0.0651557 0.0594639 0.0530812 0.046432 0.0398525 0.0335836 0.0277796 0.0225222 0.017839 0.0137261 0.010175 0.00719037 0.00478674
 0.0112473 0.0176557 0.025427 0.0341264 0.0432822 0.052351 0.0606183 0.0672607 0.0716061 0.0733691 0.0726683 0.0698704 0.0654335 0.0598251 0.0534886 0.0468181 0.0401403 0.0337083 0.0277038 0.022244 0.0173917 0.0131721 0.00959215 0.0066527 0.00434718
 0.0112129 0.0175979 0.025338 0.0340011 0.0431237 0.0521757 0.0604572 0.067152 0.07158 0.0734353 0.0728144 0.0700748 0.0656807 0.0601112 0.0538118 0.0471635 0.0404712 0.0339718 0.027848 0.0222367 0.0172327 0.0128945 0.00925175 0.00631078 0.00405261
 0.0113425 0.0177862 0.0255793 0.0342743 0.0433966 0.0524132 0.0606304 0.0672443 0.0715908 0.0733799 0.0727188 0.0699667 0.0655813 0.0600333 0.0537623 0.0471445 0.0404771 0.0339843 0.0278376 0.0221721 0.0170956 0.0126892 0.009005 0.00606072 0.00383411
 0.011435 0.0179209 0.0257527 0.0344721 0.0435963 0.0525899 0.0607612 0.0673121 0.0715873 0.0733081 0.0725948 0.0698167 0.0654351 0.0599159 0.0536883 0.0471163 0.0404864 0.034015 0.0278673 0.0221767 0.0170564 0.0126006 0.0088776 0.00591736 0.00369982
 0.0112969 0.0177233 0.0255048 0.0341991 0.0433318 0.0523635 0.0605896 0.0671979 0.0715242 0.0732889 0.0726151 0.0698763 0.0655357 0.0600588 0.0538715 0.0473331 0.0407242 0.0342558 0.0280896 0.022359 0.0171821 0.0126632 0.00888352 0.00588376 0.0036483
 0.0112683 0.0176638 0.0253927 0.0340096 0.0430479 0.0519897 0.0601612 0.066776 0.0711767 0.0730657 0.0725343 0.0699258 0.0656869 0.0602808 0.0541395 0.0476285 0.041032 0.0345605 0.0283741 0.0226053 0.017375 0.0127949 0.00895637 0.00590971 0.0036446
 0.0116708 0.0182421 0.0261206 0.0348113 0.0438148 0.0526115 0.060554 0.0668981 0.0710312 0.0726964 0.0720138 0.0693373 0.0651038 0.0597533 0.0536927 0.0472696 0.0407582 0.0343636 0.0282419 0.0225219 0.0173227 0.0127576 0.00892326 0.00587667 0.00361277
 0.0117951 0.018449 0.0264383 0.0352616 0.0443997 0.0532964 0.0612582 0.0675054 0.0714241 0.072798 0.0718155 0.0688968 0.0645185 0.0591262 0.0531053 0.0467707 0.0403658 0.0340744 0.0280408 0.0223896 0.0172391 0.0127047 0.00888733 0.00584927 0.00359039
 0.0117692 0.0184177 0.0264125 0.0352616 0.0444535 0.0534341 0.0615027 0.067859 0.0718564 0.0732431 0.0721851 0.0691091 0.0645298 0.0589465 0.0527908 0.0463976 0.0400032 0.0337675 0.0278078 0.0222279 0.017135 0.0126413 0.00884913 0.00582525 0.00357408
 0.0118253 0.0185021 0.0265273 0.035405 0.044622 0.0536255 0.0617176 0.0681002 0.0721251 0.0735322 0.0724722 0.0693537 0.0646808 0.058959 0.0526461 0.0461143 0.0396315 0.0333702 0.0274401 0.0219239 0.0169059 0.0124813 0.00874417 0.00575975 0.00353481
 0.0115788 0.0181472 0.0260784 0.0349052 0.0441316 0.0532037 0.0614078 0.0679268 0.0720984 0.073654 0.0727363 0.069741 0.0651534 0.0594611 0.0531134 0.0464914 0.0398885 0.0335097 0.0274899 0.0219218 0.0168846 0.0124604 0.0087308 0.00575339 0.00353245
 0.0114007 0.0178706 0.025688 0.0343998 0.0435293 0.0525463 0.0607618 0.067375 0.0717202 0.0735018 0.0728222 0.0700396 0.0656155 0.0600274 0.0537219 0.0470822 0.04041 0.0339277 0.0277937 0.022123 0.0170082 0.0125333 0.00877389 0.00577957 0.00354849
 0.0113964 0.0178466 0.0256201 0.0342552 0.0432747 0.0521619 0.0602551 0.0667875 0.0711224 0.0729784 0.0724527 0.0698791 0.0656824 0.060301 0.0541512 0.0476001 0.0409478 0.0344266 0.0282136 0.0224459 0.0172366 0.0126834 0.00886683 0.00583455 0.00357978
 0.011277 0.0176832 0.0254296 0.0340684 0.043123 0.052058 0.0601812 0.0667004 0.0709767 0.0727537 0.0721686 0.0695915 0.0654624 0.0602086 0.0542156 0.0478127 0.0412687 0.0347999 0.0285831 0.0227692 0.0174908 0.012865 0.00898579 0.00590655 0.00362036
 0.0110756 0.0173756 0.0250053 0.0335355 0.0425104 0.0514156 0.0595756 0.0662028 0.0706414 0.072599 0.0721727 0.0697098 0.0656544 0.0604569 0.0545249 0.0481936 0.0417195 0.0352976 0.0290879 0.0232367 0.0178861 0.0131705 0.00920197 0.00604685 0.00370399
 0.0109549 0.0171835 0.0247241 0.0331524 0.0420213 0.050831 0.0589268 0.0655448 0.0700464 0.0721409 0.0719072 0.0696588 0.065802 0.0607601 0.0549333 0.0486664 0.0422302 0.0358268 0.029614 0.0237317 0.0183205 0.0135223 0.00946313 0.00622394 0.00381343
 0.0107259 0.0168435 0.0242722 0.0326073 0.0414146 0.0501956 0.0582907 0.0649326 0.0694864 0.0716701 0.071571 0.0695012 0.0658523 0.061021 0.0553772 0.0492436 0.0428834 0.0365038 0.0302724 0.0243382 0.0188483 0.0139527 0.00978864 0.00645029 0.00395715
 0.0105885 0.0166272 0.0239605 0.0321922 0.0409001 0.0496023 0.0576577 0.0643131 0.0689355 0.0712302 0.0712653 0.0693382 0.0658361 0.0611557 0.0556634 0.0496696 0.0434204 0.0371086 0.0308958 0.024934 0.0193792 0.0143936 0.0101282 0.00669116 0.00411336
 0.0114641 0.0178427 0.0254053 0.0336342 0.0420515 0.0502254 0.0576506 0.0637291 0.067937 0.0700166 0.0700145 0.0681793 0.0648464 0.0603719 0.0550961 0.049314 0.0432599 0.0371152 0.0310302 0.025149 0.0196275 0.0146349 0.0103345 0.00684871 0.00422138
 0.0123761 0.0192341 0.0273207 0.0360309 0.0447838 0.0530397 0.0601997 0.0656272 0.0688641 0.0698311 0.0688061 0.0662264 0.0625061 0.0579689 0.0528608 0.0473753 0.0416691 0.0358745 0.0301126 0.0245103 0.0192133 0.0143877 0.010201 0.00678496 0.00419551
 0.0122643 0.0191827 0.0274824 0.0366222 0.0460215 0.055039 0.0628836 0.0687012 0.0718745 0.0722846 0.0703021 0.0665584 0.0617037 0.0562679 0.0506139 0.0449444 0.0393432 0.033836 0.0284451 0.0232253 0.0182781 0.0137459 0.00978743 0.00653608 0.00405638
 0.0118311 0.0185411 0.026641 0.0356518 0.0450633 0.0543 0.0626115 0.0691245 0.0731118 0.0742579 0.0727123 0.0689566 0.063634 0.057414 0.050882 0.0444551 0.0383518 0.0326292 0.0272591 0.0222084 0.0174922 0.0131901 0.00942558 0.00631898 0.00393662
 0.0116181 0.0181866 0.0260949 0.0348696 0.0440258 0.0530428 0.0612526 0.0678712 0.0722289 0.0739988 0.0732317 0.0702373 0.0654638 0.0594359 0.052707 0.0457891 0.0390767 0.0328045 0.0270574 0.0218281 0.0170912 0.0128587 0.00919321 0.00617662 0.00385957
 0.0116212 0.0181828 0.0260706 0.0348009 0.0438773 0.0527712 0.0608176 0.0672563 0.0714687 0.0731991 0.072564 0.0698956 0.0655922 0.060058 0.0536983 0.0469141 0.0400785 0.0335 0.0273903 0.0218581 0.0169389 0.012644 0.00899697 0.00603366 0.00377144
 0.0115383 0.0180644 0.0259222 0.0346364 0.0437127 0.0526143 0.0606603 0.0670738 0.0712283 0.0728782 0.0721724 0.069492 0.0652809 0.0599584 0.0538914 0.0473952 0.0407462 0.0341945 0.0279613 0.0222224 0.017097 0.0126548 0.00893544 0.00595788 0.00371121
 0.0115008 0.0180119 0.0258592 0.0345731 0.0436627 0.0525907 0.06067 0.067113 0.071279 0.0729089 0.0721456 0.06938 0.0650855 0.0597225 0.0536919 0.047312 0.0408222 0.0344107 0.0282449 0.0224844 0.0172745 0.0127323 0.00893633 0.00592057 0.00366742
 0.0116205 0.0181686 0.0260258 0.034703 0.0437049 0.0525133 0.060478 0.0668482 0.0710024 0.0726748 0.0719817 0.0692825 0.065029 0.0596794 0.0536511 0.0472876 0.0408441 0.0345023 0.0284027 0.022675 0.0174516 0.0128607 0.00900591 0.00594316 0.00366387
 0.0116604 0.0182267 0.0260995 0.0347814 0.0437681 0.0525318 0.0604185 0.0666848 0.0707318 0.072327 0.0716168 0.0689705 0.0648225 0.059596 0.0536755 0.0473884 0.0409933 0.0346839 0.0286072 0.0228893 0.0176548 0.0130299 0.00912684 0.00601578 0.00369933
 0.0116644 0.0182478 0.0261572 0.034901 0.0439709 0.0528218 0.0607705 0.0670433 0.0710238 0.0724846 0.0716003 0.0687822 0.0645064 0.0592211 0.053311 0.047084 0.0407714 0.0345449 0.02854 0.0228775 0.0176793 0.0130706 0.00916664 0.00604446 0.00371477
 0.0117037 0.018299 0.0262119 0.0349467 0.0439984 0.0528344 0.060788 0.0670947 0.0711303 0.0726418 0.071773 0.0689168 0.0645547 0.0591623 0.0531599 0.0468813 0.0405656 0.0343741 0.0284232 0.0228158 0.0176615 0.0130803 0.00918776 0.00606528 0.00372952
 0.0117745 0.0184009 0.0263404 0.035088 0.0441317 0.0529376 0.0608443 0.0670983 0.0710906 0.072582 0.0717211 0.0688919 0.0645552 0.0591665 0.0531392 0.0468181 0.0404627 0.0342524 0.0283092 0.0227294 0.0176099 0.0130591 0.00918631 0.0060727 0.00373813
 0.011789 0.0184293 0.0263913 0.0351709 0.0442528 0.0530938 0.0610191 0.067264 0.0712158 0.0726442 0.0717158 0.0688329 0.0644672 0.0590725 0.0530503 0.046732 0.0403715 0.034152 0.0282051 0.0226337 0.017534 0.0130083 0.00915842 0.00606094 0.00373512
 0.0117731 0.0184145 0.0263896 0.0352005 0.0443336 0.0532401 0.0612318 0.0675267 0.0714967 0.0729024 0.0719107 0.0689354 0.0644676 0.058982 0.0528952 0.0465426 0.040172 0.0339577 0.0280249 0.0224744 0.017402 0.0129077 0.00908906 0.00601812 0.00371155
 0.0118487 0.0185277 0.0265424 0.0353897 0.0445527 0.0534831 0.0614941 0.0678028 0.0717758 0.0731646 0.0721273 0.0690741 0.0645018 0.0588998 0.0527045 0.0462689 0.0398511 0.0336255 0.0277104 0.022197 0.0171726 0.0127301 0.00896132 0.00593354 0.00366041
 0.011738 0.0183783 0.026374 0.0352388 0.0444624 0.0534858 0.0615993 0.0679956 0.0720268 0.0734427 0.0724067 0.0693335 0.0647206 0.0590568 0.0527819 0.0462592 0.0397611 0.0334757 0.0275284 0.0220102 0.0170025 0.0125898 0.00885575 0.00586105 0.00361513
 0.0116529 0.0182438 0.0261802 0.0349834 0.0441558 0.0531566 0.0612953 0.0677753 0.0719411 0.0735152 0.0726249 0.0696554 0.0650915 0.0594252 0.0531074 0.0465146 0.0399328 0.0335636 0.0275449 0.0219764 0.016942 0.0125232 0.00879684 0.0058163 0.00358524
 0.0115199 0.0180209 0.0258335 0.03448 0.0434752 0.0523068 0.0603281 0.0667891 0.0710653 0.0728797 0.0723268 0.0697349 0.0655237 0.0601303 0.0539743 0.0474288 0.0407988 0.0343168 0.0281536 0.0224364 0.0172686 0.0127418 0.00893518 0.0058992 0.00363224
 0.01165 0.0182333 0.0261517 0.0349183 0.044026 0.0529255 0.0609266 0.0672495 0.071277 0.0727836 0.0719423 0.0691537 0.0648746 0.0595345 0.0535111 0.0471232 0.0406302 0.0342401 0.0281217 0.022415 0.0172409 0.0127056 0.00889612 0.00586414 0.00360545
 0.0114609 0.0179773 0.0258621 0.0346603 0.0438804 0.0529616 0.0611749 0.067687 0.0718285 0.0733385 0.0723839 0.0693946 0.0648862 0.0593542 0.0532228 0.0468206 0.0403825 0.0340758 0.0280332 0.0223759 0.0172241 0.0126933 0.00888183 0.00584842 0.0035912
 0.0112555 0.0176514 0.0253897 0.034031 0.0431118 0.0521122 0.0603502 0.0670247 0.0714595 0.0733383 0.0727407 0.070013 0.065624 0.0600739 0.0538332 0.0472922 0.0407355 0.0343513 0.0282658 0.0225813 0.017401 0.0128348 0.00898427 0.00591492 0.00362982
 0.0116144 0.0181646 0.0260307 0.0347267 0.0437587 0.0526062 0.0606149 0.0670303 0.0712289 0.0729422 0.0722784 0.069581 0.0652826 0.0598305 0.0536526 0.0471257 0.0405507 0.0341452 0.0280582 0.0223971 0.0172562 0.012732 0.00891638 0.00587217 0.00360373
 0.0120055 0.0187761 0.026902 0.0358684 0.0451393 0.0541382 0.0621478 0.0683664 0.0721689 0.0733463 0.0721116 0.068918 0.0642745 0.0586509 0.0524487 0.0459923 0.039531 0.0332503 0.0272888 0.021755 0.0167438 0.0123457 0.00864376 0.00569279 0.00349403
 0.0118233 0.0185362 0.0266466 0.0356751 0.045104 0.0543447 0.0626364 0.0691144 0.073089 0.0743008 0.0729425 0.0694883 0.0645073 0.0585491 0.0520843 0.0454716 0.0389559 0.0326937 0.0267907 0.0213321 0.0164008 0.0120816 0.00845278 0.00556444 0.00341445
 0.0114156 0.017926 0.025829 0.0346883 0.0440289 0.0532972 0.061757 0.0685485 0.0729534 0.0746445 0.0737197 0.0705638 0.0656935 0.0596612 0.0529887 0.0461111 0.039344 0.0328873 0.026858 0.0213302 0.0163681 0.0120407 0.00841527 0.00553536 0.00339467
 0.0111906 0.0175622 0.0252867 0.0339369 0.043059 0.0521383 0.0604928 0.0673185 0.071931 0.0739964 0.0735625 0.070931 0.0665242 0.0608133 0.0542763 0.0473538 0.0404105 0.0337159 0.0274497 0.0217249 0.0166181 0.012193 0.00850509 0.0055865 0.00342254
 0.0109976 0.0172449 0.0248027 0.0332445 0.0421267 0.0509597 0.0591045 0.0658112 0.0704464 0.0727086 0.0726482 0.0705335 0.0667183 0.0615807 0.0555039 0.0488592 0.0419878 0.0351858 0.0286944 0.0226969 0.0173265 0.0126794 0.0088214 0.0057814 0.00353579
 0.0107243 0.0168623 0.0243387 0.0327576 0.0416808 0.0505885 0.058788 0.0654821 0.0700276 0.0721602 0.0719989 0.0698828 0.0662078 0.0613483 0.055637 0.0493639 0.0427866 0.036144 0.0296642 0.0235595 0.0180155 0.0131805 0.00915663 0.00598904 0.00365525
 0.0103918 0.0163981 0.0237827 0.0321981 0.0412334 0.0503586 0.0588335 0.0657914 0.0705172 0.072692 0.0724175 0.0700665 0.0661157 0.0610387 0.0552438 0.0490413 0.0426484 0.0362274 0.0299298 0.0239223 0.0183859 0.0134949 0.00938787 0.00613964 0.00374325
#obs surv len freq
 nan nan nan nan nan nan nan nan nan nan nan nan nan nan nan nan nan nan nan nan nan nan nan nan nan
 0.00448489 0.0073463 0.0111763 0.0159925 0.021693 0.0279682 0.0342819 0.0400128 0.0446922 0.0481559 0.0505139 0.0520098 0.0529022 0.0534147 0.0537292 0.0539842 0.0542628 0.0545556 0.0546944 0.0542863 0.0527243 0.0493565 0.0438062 0.0362862 0.0276699
 0.00461519 0.00756049 0.0115026 0.0164578 0.0223156 0.0287482 0.035191 0.0409918 0.0456592 0.049023 0.0512039 0.0524678 0.0531004 0.0533527 0.0534292 0.0534836 0.0536052 0.0537837 0.0538472 0.0534009 0.0518395 0.0485154 0.0430537 0.0356603 0.0271914
 0.00477337 0.0078194 0.0118957 0.0170173 0.0230673 0.0297006 0.0363248 0.0422542 0.0469682 0.0502799 0.0523073 0.053327 0.0536454 0.0535422 0.053254 0.052965 0.052788 0.0527268 0.0526168 0.0520668 0.0504765 0.0472032 0.0418714 0.0346732 0.0264356
 0.00496382 0.00813015 0.0123655 0.0176833 0.0239577 0.0308243 0.0376596 0.0437424 0.0485234 0.0518011 0.0536927 0.0544812 0.0544844 0.053998 0.0532819 0.0525494 0.0519456 0.0515058 0.0510918 0.0503344 0.0486515 0.0454119 0.0402387 0.0333008 0.0253808
 0.00518017 0.00848413 0.0129025 0.0184468 0.0249812 0.032118 0.0391968 0.0454546 0.0503103 0.0535493 0.0552928 0.0558369 0.0555136 0.0546319 0.053465 0.0522437 0.0511375 0.0502144 0.0493758 0.0482958 0.0464325 0.0431835 0.038176 0.03155 0.024027
 0.00540958 0.00886053 0.0134754 0.0192649 0.0260828 0.0335169 0.0408667 0.0473237 0.0522706 0.055477 0.0570676 0.0573537 0.0566862 0.0553911 0.0537558 0.0520234 0.0503787 0.0489139 0.0475694 0.046073 0.0439431 0.0406268 0.0357698 0.0294833 0.0224161
 0.00563787 0.00923547 0.014047 0.0200827 0.027187 0.034924 0.0425541 0.0492235 0.0542784 0.0574705 0.0589253 0.0589664 0.0579617 0.0562546 0.0541482 0.0518982 0.0497015 0.0476693 0.045776 0.0438037 0.041341 0.0379011 0.033163 0.0272165 0.0206329
 0.0058848 0.00963969 0.0146606 0.020956 0.0283594 0.0364085 0.0443223 0.0511998 0.0563504 0.0595108 0.0608114 0.0605921 0.05924 0.0571165 0.0545391 0.0517744 0.0490288 0.0464274 0.0439733 0.0415005 0.0386699 0.03507 0.0304254 0.0248126 0.0187265
 0.0061208 0.0100263 0.0152481 0.0217934 0.0294854 0.0378372 0.0460279 0.0531107 0.0583593 0.0614942 0.0626498 0.0621814 0.0604953 0.0579714 0.0549423 0.0516849 0.0484135 0.0452638 0.0422633 0.0392928 0.0360834 0.032301 0.0277221 0.0224183 0.0168134
 0.00637984 0.0104484 0.0158851 0.0226937 0.0306846 0.0393431 0.047805 0.0550757 0.0603931 0.0634655 0.0644366 0.0636839 0.0616383 0.0587019 0.0552235 0.0514906 0.0477224 0.0440614 0.0405528 0.0371171 0.0335497 0.029591 0.0250712 0.0200623 0.0149232
 0.00660649 0.0108247 0.0164658 0.0235342 0.0318289 0.0408054 0.0495517 0.0570198 0.0624081 0.0654114 0.0661849 0.0651313 0.0627109 0.0593522 0.0554253 0.0512303 0.0469929 0.0428605 0.0388911 0.035037 0.0311487 0.0270333 0.0225716 0.0178383 0.0131352
 0.00684789 0.0112158 0.0170519 0.0243574 0.032921 0.0421762 0.0511753 0.0588278 0.0642953 0.0672527 0.0678543 0.0665181 0.0637301 0.059949 0.0555725 0.0509218 0.0462345 0.0416647 0.0372808 0.0330603 0.0288982 0.0246573 0.0202615 0.015788 0.0114877
 0.00707476 0.011591 0.0176279 0.0251852 0.0340381 0.0435882 0.0528394 0.0606502 0.0661485 0.0690035 0.0693875 0.0677459 0.064591 0.0604037 0.055601 0.0505208 0.045414 0.0404451 0.0356951 0.0311631 0.0267802 0.0224536 0.018141 0.0139189 0.00999227
 0.00727516 0.0119228 0.0181385 0.0259225 0.035041 0.0448704 0.0543732 0.0623592 0.0679165 0.0706963 0.0708765 0.0689268 0.065393 0.0607908 0.0555656 0.0500745 0.0445792 0.0392516 0.0341825 0.0293893 0.0248329 0.0204555 0.0162393 0.0122565 0.00867016
 0.00741532 0.0121535 0.0184914 0.0264302 0.0357321 0.045761 0.055457 0.0636012 0.0692545 0.072048 0.0721494 0.0700276 0.0662377 0.0613142 0.0557279 0.0498621 0.044001 0.0383334 0.0329646 0.0279303 0.023216 0.018791 0.0146551 0.0108735 0.00757196
 0.00752234 0.0123255 0.018747 0.0267863 0.0362021 0.0463517 0.0561643 0.0644079 0.0701314 0.0729575 0.0730474 0.0708638 0.0669561 0.0618555 0.0560365 0.0498942 0.0437316 0.0377604 0.0321102 0.026842 0.0219679 0.0174816 0.013396 0.00976847 0.00669237
 0.00757572 0.0124104 0.0188713 0.0269569 0.0364245 0.0466301 0.0565002 0.0648 0.0705758 0.0734479 0.0735747 0.0714122 0.0674994 0.0623549 0.0564418 0.0501499 0.0437866 0.0375788 0.031681 0.0261856 0.0211373 0.0165582 0.0124763 0.00894371 0.006027
 0.0076504 0.0125229 0.0190241 0.0271467 0.0366435 0.0468685 0.0567488 0.065051 0.0708246 0.0736943 0.0738224 0.0716672 0.0677645 0.0626238 0.0566946 0.0503525 0.0438945 0.0375469 0.0314767 0.0258007 0.0205964 0.0159173 0.0118114 0.00833153 0.00552467
 0.00771315 0.0126207 0.0191632 0.0273286 0.0368643 0.047117 0.0570062 0.0652942 0.0710317 0.0738531 0.0739345 0.0717464 0.0678302 0.0626923 0.0567723 0.0504305 0.0439488 0.0375425 0.0313774 0.0255828 0.0202603 0.0154923 0.0113496 0.00789209 0.00515565
 0.0077596 0.0126901 0.0192562 0.0274422 0.0369927 0.0472537 0.057145 0.0654287 0.0711553 0.0739589 0.0740172 0.071805 0.0678695 0.0627219 0.0568023 0.0504656 0.0439831 0.0375577 0.0313473 0.0254824 0.020078 0.0152379 0.0110539 0.00759688 0.00489898
 0.00779087 0.0127374 0.0193205 0.0275218 0.0370828 0.0473474 0.0572342 0.0655055 0.0712146 0.0739996 0.074043 0.0718218 0.0678829 0.0627362 0.05682 0.0504879 0.0440075 0.0375761 0.0313447 0.0254412 0.0199851 0.0150931 0.0108729 0.00740644 0.00472675
 0.00782429 0.0127854 0.0193811 0.0275889 0.0371483 0.0474033 0.0572753 0.0655298 0.0712229 0.073995 0.0740302 0.0718066 0.0678713 0.0627331 0.0568279 0.0505063 0.0440331 0.0376021 0.0313609 0.0254351 0.0199463 0.0150181 0.010769 0.00728968 0.00461609
 0.00787219 0.0128604 0.0194881 0.0277294 0.0373182 0.0475918 0.0574635 0.0656938 0.0713396 0.0740492 0.0740198 0.0717415 0.0677688 0.0626122 0.0567052 0.0503937 0.0439367 0.0375222 0.0312929 0.0253709 0.0198772 0.014939 0.0106806 0.00719932 0.00453377
 0.00785065 0.012829 0.0194479 0.027684 0.0372738 0.0475558 0.0574431 0.0656941 0.0713617 0.0740896 0.0740701 0.0717922 0.0678127 0.0626462 0.0567309 0.0504148 0.0439569 0.0375429 0.0313122 0.025384 0.0198786 0.0149249 0.0106514 0.00716012 0.00449232
 0.00788983 0.0128822 0.0195087 0.0277405 0.0373125 0.0475675 0.0574278 0.0656609 0.0713246 0.074061 0.0740566 0.071793 0.0678217 0.062656 0.0567356 0.0504127 0.0439493 0.0375329 0.0313017 0.0253729 0.0198648 0.0149059 0.0106266 0.00713132 0.00446345
 0.00788613 0.0128789 0.0195084 0.0277457 0.0373237 0.0475802 0.0574322 0.0656451 0.0712813 0.0739936 0.07398 0.0717275 0.0677841 0.0626529 0.0567627 0.0504589 0.0440027 0.0375844 0.0313463 0.0254081 0.0198893 0.0149193 0.0106294 0.00712589 0.00445329
 0.00788301 0.012873 0.019498 0.0277295 0.0373015 0.047554 0.057406 0.0656235 0.0712658 0.0739816 0.0739659 0.0717077 0.0677608 0.0626339 0.0567574 0.0504724 0.0440338 0.0376266 0.0313913 0.0254491 0.0199218 0.0149413 0.0106413 0.00712939 0.00445129
 0.00788611 0.0128725 0.0194871 0.0276989 0.0372421 0.0474617 0.0572854 0.0654884 0.0711359 0.0738764 0.073899 0.0716835 0.0677751 0.062678 0.0568223 0.0505518 0.0441231 0.0377212 0.0314852 0.0255356 0.0199951 0.0149979 0.0106806 0.0071535 0.00446392
 0.00787143 0.0128493 0.0194532 0.027652 0.0371795 0.0473803 0.0571826 0.0653645 0.0709968 0.0737354 0.0737746 0.0715954 0.0677376 0.0626956 0.0568892 0.0506554 0.0442488 0.0378558 0.0316179 0.0256577 0.0201001 0.0150817 0.0107421 0.00719454 0.00448854
 0.00781763 0.0127632 0.0193268 0.0274797 0.0369605 0.0471216 0.0569009 0.0650846 0.0707471 0.0735397 0.073649 0.0715469 0.0677668 0.0627983 0.0570565 0.0508729 0.0444979 0.0381159 0.0318698 0.0258861 0.0202943 0.0152363 0.0108567 0.00727307 0.00453781
 0.00781555 0.0127514 0.0192934 0.0274089 0.0368366 0.0469357 0.0566572 0.0648022 0.0704556 0.0732725 0.0734355 0.0714078 0.067712 0.0628281 0.0571634 0.0510438 0.0447156 0.0383607 0.032121 0.0261243 0.0205041 0.0154079 0.0109868 0.0073639 0.00459595
 0.00778685 0.0127061 0.0192273 0.0273179 0.0367163 0.0467811 0.0564645 0.0645718 0.0701964 0.073004 0.073186 0.071209 0.0675914 0.0628014 0.0572325 0.0511981 0.0449359 0.0386231 0.0324003 0.0263968 0.0207498 0.0156131 0.0111451 0.00747625 0.00466894
 0.00776586 0.0126705 0.0191711 0.027235 0.0366021 0.0466351 0.0562914 0.0643815 0.0700004 0.0728129 0.0730087 0.0710555 0.0674745 0.0627371 0.0572349 0.0512746 0.0450831 0.038827 0.0326394 0.0266461 0.020986 0.0158179 0.0113077 0.00759446 0.00474724
 0.00774111 0.0126305 0.0191115 0.0271517 0.0364921 0.0464976 0.0561295 0.0642027 0.0698166 0.0726376 0.0728551 0.0709334 0.067391 0.0626967 0.0572423 0.0513341 0.0451966 0.0389908 0.0328417 0.0268684 0.0212065 0.0160165 0.0114706 0.00771596 0.00482945
 0.00931908 0.0148388 0.0217756 0.0298893 0.0388244 0.0480272 0.0566808 0.0638478 0.0687919 0.0712235 0.0712876 0.0693723 0.0659283 0.061379 0.0560899 0.0503538 0.0443885 0.0383499 0.0323579 0.0265248 0.0209798 0.0158794 0.0113958 0.00767987 0.00481466
 0.00928601 0.0150801 0.0226589 0.031872 0.0422549 0.052876 0.0623698 0.0693453 0.0729801 0.07334 0.071177 0.0674272 0.0628167 0.0577575 0.0524406 0.0469597 0.041384 0.0357835 0.0302346 0.0248272 0.0196754 0.014923 0.0107318 0.00724688 0.00455153
 0.00896491 0.0145706 0.0219373 0.0309818 0.0413624 0.052309 0.0625806 0.070749 0.0757069 0.0770497 0.0750995 0.0706568 0.0646906 0.0580859 0.0514773 0.0451891 0.0392918 0.0337241 0.028409 0.0233197 0.0184995 0.0140545 0.0101267 0.00685174 0.00431152
 0.008786 0.0142753 0.0214851 0.0303342 0.0404976 0.0512502 0.0614341 0.069734 0.0751422 0.0772682 0.076298 0.0727494 0.0672713 0.0605591 0.0533001 0.0460809 0.0392917 0.0330936 0.0274726 0.022343 0.0176432 0.0133851 0.00964832 0.0065366 0.00412
 0.00873143 0.0141768 0.0213181 0.0300682 0.0401012 0.0507006 0.0607309 0.0689132 0.0742905 0.0765323 0.0758743 0.0728366 0.0679839 0.06184 0.0548965 0.0476247 0.0404488 0.0336944 0.0275465 0.0220558 0.017195 0.0129329 0.00927853 0.00627445 0.00395445
 0.0087029 0.0141293 0.0212439 0.0299574 0.0399413 0.0504769 0.0604285 0.0685221 0.0738135 0.0759956 0.0753399 0.0724066 0.0677864 0.0619887 0.0554318 0.0484693 0.0414162 0.0345586 0.028137 0.0223182 0.0171869 0.0127687 0.00906848 0.00608949 0.00382217
 0.00867639 0.0140857 0.0211771 0.0298616 0.0398118 0.0503114 0.0602283 0.0682909 0.0735554 0.0757143 0.0750422 0.0721117 0.0675358 0.061847 0.0554703 0.0487318 0.0418844 0.0351426 0.0287053 0.022754 0.0174347 0.0128443 0.00903243 0.00600835 0.00374237
 0.00868228 0.0140917 0.0211794 0.0298541 0.0397871 0.0502628 0.0601515 0.0681849 0.0734222 0.0755573 0.0748656 0.0719214 0.0673431 0.0616742 0.0553533 0.0487127 0.0419938 0.0353771 0.0290192 0.0230733 0.0176897 0.0129987 0.00909117 0.00600339 0.00371019
 0.00866992 0.0140761 0.0211641 0.0298443 0.0397873 0.0502737 0.0601674 0.0681945 0.0734125 0.0755183 0.0747933 0.0718185 0.0672174 0.0615386 0.0552262 0.0486189 0.0419596 0.0354206 0.0291377 0.0232395 0.0178609 0.013136 0.00917514 0.00603758 0.00371197
 0.00866649 0.0140678 0.021147 0.0298142 0.0397416 0.0502147 0.0601031 0.068137 0.0733722 0.0754985 0.0747883 0.0718163 0.0672064 0.0615124 0.055187 0.0485774 0.0419326 0.0354254 0.0291846 0.0233251 0.0179676 0.0132393 0.0092551 0.00608625 0.00373349
 0.00865503 0.0140526 0.0211301 0.029799 0.0397312 0.0502092 0.0600994 0.0681297 0.0733574 0.0754767 0.074764 0.0717948 0.0671897 0.061498 0.0551706 0.0485571 0.0419121 0.0354136 0.0291915 0.0233558 0.0180186 0.0132992 0.00931022 0.00612701 0.00375749
 0.00864288 0.0140327 0.0211001 0.0297573 0.0396781 0.0501485 0.0600381 0.0680769 0.0733207 0.0754595 0.0747643 0.0718076 0.0672098 0.0615217 0.0551953 0.0485806 0.0419334 0.0354342 0.029215 0.0233865 0.0180576 0.0133433 0.00935286 0.00616181 0.00378126
 0.00862276 0.0139997 0.0210502 0.0296869 0.0395853 0.0500346 0.0599099 0.0679466 0.0732042 0.0753724 0.0747181 0.0718066 0.0672503 0.0615941 0.055287 0.04868 0.0420313 0.0355252 0.0292971 0.0234601 0.0181238 0.0134021 0.00940263 0.00620065 0.00380841
 0.00862475 0.0140032 0.0210558 0.0296946 0.039594 0.0500414 0.0599095 0.0679331 0.073173 0.0753235 0.0746573 0.0717439 0.0671974 0.0615598 0.0552753 0.048689 0.0420557 0.0355586 0.0293342 0.0234975 0.0181598 0.0134355 0.00943213 0.00622478 0.00382622
 0.00863003 0.0140123 0.0210703 0.0297163 0.0396241 0.0500795 0.0599529 0.067976 0.0732076 0.0753415 0.0746525 0.0717145 0.0671474 0.0614981 0.0552131 0.0486365 0.0420187 0.0355382 0.029328 0.0235016 0.0181703 0.0134493 0.0094466 0.00623797 0.00383679
 0.00863003 0.0140123 0.0210703 0.0297163 0.0396241 0.0500795 0.0599529 0.067976 0.0732076 0.0753415 0.0746525 0.0717145 0.0671474 0.0614981 0.0552131 0.0486365 0.0420187 0.0355382 0.029328 0.0235016 0.0181703 0.0134493 0.0094466 0.00623797 0.00383679
 0.00867533 0.014085 0.0211775 0.029863 0.039811 0.0503004 0.0601923 0.0682095 0.0734067 0.0754802 0.0747132 0.0716914 0.067046 0.0613337 0.0550076 0.0484139 0.0418016 0.0353435 0.0291658 0.023375 0.0180775 0.0133855 0.00940588 0.00621407 0.00382411
 0.00865101 0.0140515 0.0211384 0.0298261 0.0397872 0.0503006 0.0602248 0.068278 0.0735081 0.0756043 0.0748436 0.0718085 0.0671314 0.0613751 0.0550013 0.0483656 0.041724 0.0352525 0.0290761 0.0232974 0.0180172 0.0133431 0.00937897 0.00619872 0.00381635
 0.00848202 0.0137828 0.0207471 0.0292992 0.0391296 0.0495445 0.0594361 0.0675509 0.0729451 0.0752871 0.0748105 0.0720475 0.0675893 0.0619753 0.0556629 0.0490192 0.0423205 0.0357651 0.0294968 0.0236302 0.0182721 0.0135318 0.00951276 0.00628871 0.00387306
 0.00876388 0.0142073 0.0213212 0.0300023 0.0399131 0.0503361 0.0601466 0.0680868 0.07323 0.0752854 0.0745408 0.0715752 0.0670029 0.0613588 0.0550772 0.0484965 0.0418696 0.0353823 0.0291751 0.0233644 0.0180596 0.0133699 0.00939704 0.00621187 0.00382607
 0.00876454 0.0142426 0.021436 0.0302547 0.0403541 0.0509793 0.0609448 0.0689329 0.073986 0.075826 0.0747889 0.0715168 0.0666803 0.0608509 0.0544749 0.0478806 0.0412972 0.0348839 0.02876 0.02303 0.0177985 0.0131737 0.00925705 0.00611822 0.00376806
 0.00865757 0.0140716 0.0211873 0.0299263 0.0399663 0.0505846 0.0606282 0.0687921 0.0740931 0.0761885 0.0753366 0.0721265 0.0672241 0.0612405 0.0546812 0.0479264 0.0412338 0.0347658 0.0286291 0.0229107 0.0177007 0.0130991 0.0092032 0.00608176 0.00374512
 0.00875676 0.0142127 0.0213616 0.0301115 0.0401306 0.0506967 0.0606684 0.0687621 0.0740199 0.07612 0.0753239 0.0721984 0.0673689 0.0614075 0.0548046 0.0479562 0.0411555 0.0346 0.0284162 0.0226918 0.0175056 0.0129427 0.00908837 0.00600393 0.00369643
 0.00902724 0.0146495 0.0220102 0.0310029 0.0412646 0.0520202 0.0620615 0.0700495 0.0750146 0.0766817 0.0754027 0.071841 0.0666877 0.0605342 0.0538494 0.0469901 0.040216 0.0337092 0.0275959 0.0219672 0.0168996 0.0124672 0.00874072 0.00576827 0.00354902
 0.00899113 0.0146202 0.0220212 0.0311061 0.0415188 0.0524723 0.0627248 0.0708897 0.0759479 0.0775866 0.0761458 0.0723104 0.0668249 0.0603477 0.0534048 0.0463801 0.0395297 0.0330143 0.026937 0.0213737 0.016392 0.0120585 0.00843385 0.00555525 0.00341325
 0.00880972 0.0143216 0.0215689 0.0304742 0.040711 0.0515436 0.0617949 0.0701276 0.0755244 0.077613 0.0766295 0.0731526 0.0678565 0.0613858 0.0543033 0.0470586 0.0399739 0.0332557 0.0270273 0.0213651 0.0163284 0.0119732 0.0083502 0.00548655 0.0033642
 0.0087409 0.0141897 0.0213336 0.030086 0.040124 0.0507373 0.0607966 0.069025 0.0744596 0.0767558 0.0761376 0.0731264 0.0683055 0.0622219 0.0553671 0.0481703 0.0409833 0.0340732 0.0276261 0.0217649 0.0165714 0.0121064 0.00841423 0.00551189 0.00337098
 0.00867892 0.0140841 0.0211648 0.0298303 0.0397554 0.050233 0.0601457 0.0682387 0.07358 0.0758619 0.0753413 0.0725556 0.0680733 0.0623901 0.0559205 0.0490154 0.0419759 0.035062 0.028494 0.0224492 0.0170623 0.0124292 0.00860978 0.0056212 0.00342731
 0.00873064 0.01416 0.0212629 0.0299409 0.0398605 0.0503062 0.0601529 0.068142 0.073346 0.0754739 0.0748131 0.0719409 0.0674628 0.0618938 0.0556375 0.0490001 0.042218 0.0354906 0.0290053 0.0229434 0.0174715 0.0127268 0.00880223 0.0057327 0.00348537
 0.00888778 0.0144198 0.0216597 0.0305038 0.0405998 0.0511959 0.0611172 0.0690586 0.0740712 0.0758813 0.0748264 0.0715508 0.0667274 0.0609264 0.0545844 0.0480097 0.0414071 0.0349188 0.028668 0.022788 0.0174269 0.0127307 0.0088157 0.00573991 0.00348493
#pred catch len freq
 0.00407525 0.00651958 0.00964957 0.0134429 0.0178856 0.0229348 0.0284518 0.0341845 0.0398241 0.0450797 0.0497261 0.0536237 0.0567236 0.059049 0.0606472 0.0615396 0.0616968 0.0610403 0.0594516 0.0567709 0.0528042 0.0473885 0.040539 0.0326117 0.0243399
 0.00422629 0.00669253 0.00978038 0.0134395 0.0176677 0.0224879 0.0278594 0.0336061 0.0394195 0.0449222 0.0497594 0.0536896 0.0566433 0.0587134 0.0600753 0.060881 0.0611766 0.060869 0.0597342 0.0574594 0.0537188 0.048299 0.0412608 0.0330663 0.0245527
 0.00455099 0.00718688 0.0104558 0.0142686 0.0185735 0.0233413 0.0284961 0.0338736 0.0392453 0.0443637 0.0489871 0.0528999 0.055955 0.0581215 0.0594941 0.0602395 0.0604962 0.0602682 0.0593627 0.0574066 0.0539586 0.0487039 0.041672 0.0333686 0.0247104
