SBPRF35
12.7214
Curr Bio
834307
B35
878872
F35
0.167833
FOFL
0.158327
OFL
108556
Bzero
3.63469e+006
#pred survey bio
 3.59502e+006 3.50224e+006 3.41238e+006 3.26942e+006 3.06623e+006 2.8698e+006 2.60949e+006 2.34612e+006 2.10159e+006 1.88418e+006 1.67644e+006 1.49042e+006 1.33022e+006 1.17462e+006 1.03217e+006 900773 795447 733172 685440 653402 635234 612671 587646 562126 542170 535518 533043 535714 537631 536500 545794 567865 577449 588558 608284 618567 626471 632875 635668 649920 657210 666917 670346 676194 682059 691186 680501 683655 687848 698584 709032 757601 797531 817964 834893 835236 846477 866434 862778 839617 2.92757e+007 1.72403e+007 1.72707e+007 1.79848e+007 1.918e+007 2.05917e+007 2.20133e+007 2.33165e+007 2.44409e+007 2.53714e+007 2.61195e+007 2.67089e+007 2.71668e+007 2.75193e+007 2.77893e+007 2.79953e+007 2.81525e+007 2.82726e+007 2.83646e+007 2.84352e+007 2.84897e+007 2.85319e+007 2.85647e+007 2.85903e+007 2.86105e+007 2.86264e+007 2.86389e+007 2.86489e+007 2.86568e+007 2.86632e+007 2.86683e+007 2.86723e+007 2.86756e+007 2.86783e+007 2.86805e+007 2.86822e+007 2.86836e+007 2.86848e+007 2.86857e+007 2.86865e+007 2.86871e+007 2.86876e+007 2.8688e+007 2.86884e+007 2.86887e+007 2.86889e+007 2.86891e+007 2.86892e+007 2.86893e+007 2.86894e+007 2.86895e+007 2.86896e+007 2.86896e+007 2.86897e+007 2.86897e+007 2.86898e+007 2.86898e+007 2.86898e+007 2.86898e+007 2.86898e+007 2.86898e+007 2.86899e+007 2.86899e+007 2.86899e+007 2.86899e+007 2.86899e+007 2.86899e+007 2.86899e+007 2.86899e+007 2.86899e+007 2.86899e+007 2.86899e+007 2.86899e+007 2.86899e+007 2.86899e+007 2.86899e+007 2.86899e+007 2.86899e+007 2.86899e+007 2.86899e+007 2.86899e+007 2.86899e+007 2.86899e+007 2.86899e+007 2.86899e+007 2.86899e+007 2.86899e+007 2.86899e+007 2.86899e+007 2.86899e+007 2.86899e+007 2.86899e+007 2.86899e+007 2.86899e+007 2.86899e+007 2.86899e+007 2.86899e+007 2.86899e+007 2.86899e+007 2.86899e+007 0 0 0 0 0 0 0 0 0 0 0 0 0 0 0 0 0 0 0 0 0 0 0 0 0
#obs survey bio
 3.25195e+006 3.78531e+006 3.34101e+006 3.07573e+006 1.71306e+006 2.44457e+006 2.53911e+006 3.42841e+006 2.13995e+006 1.27095e+006 1.5334e+006 1.60512e+006 1.41574e+006 966362 819535 692445 627532 761471 688254 791335 558348 612542 488003 574135 636946 613927 505888 539456 394034 538511 396811 589395 479628 542033 732190 815651 464032 880597 465838 517619 623135 573874 523763 890882 778401 675812 708220 643146 621594 448587 714132 736455 667922 1.36438e+006 828571 848237 729557 1.0711e+006 795175 1.01306e+006
#pred catch bio
 94307.5 93798.2 148156 213344 220432 293337 310310 306074 293271 294709 283135 266095 265727 255049 243604 217031 175726 159353 142161 127706 129190 128501 125814 117998 104712 100385 96072.9 97496.3 101030 93735 85623 98079.5 97199 90454.4 98714.2 100451 101482 104197 94978.9 101927 100338 105904 103881 103957 101298 117556 105010 104519 100045 101883 71771.4 81631.2 99075.8 102310 116390 106529 98995.2 118109 130809 107565 108556 112292 111267 114548 121553 130190 138900 146797 153490 158903 163134 166357 168764 170535 171823 172750 173412 173883 174216 174450 174615 174730 174810 174866 174906 174933 174952 174965 174974 174980 174984 174987 174989 174991 174992 174992 174993 174993 174993 174994 174994 174994 174994 174994 174994 174994 174994 174994 174994 174994 174994 174994 174994 174994 174994 174994 174994 174994 174994 174994 174994 174994 174994 174994 174994 174994 174994 174994 174994 174994 174994 174994 174994 174994 174994 174994 174994 174994 174994 174994 174994 174994 174994 174994 174994 174994 174994 174994 174994 174994 174994 174994 174994 174994 174994 174994 174994 174994 174994 174994 0 0 0 0 0 0 0 0 0 0 0 0 0 0 0 0 0 0 0 0 0 0 0 0 0
#obs catch bio
 0 93455.1 148287 214035 221144 296164 313630 307532 293652 296477 284224 266089 267223 257043 245823 220051 178062 160549 142895 127473 129607 128540 126649 118681 104849 100693 96165.8 97670.4 101831 94571 86488.7 99317.4 98282.6 90927.9 99041.8 100521 102009 104364 95086.7 102561 100778 106179 104380 103960 101462 117809 105069 104679 99982 102583 71764.4 81582.1 99530.1 102400 116895 106981 98987.5 118382 131598 107413
#pred cpue bio
 3.55042e+006 3.45928e+006 3.37044e+006 3.22753e+006 3.02447e+006 2.82817e+006 2.56891e+006 2.30696e+006 2.0638e+006 1.84742e+006 1.64077e+006 1.4559e+006 1.29672e+006 1.14237e+006 1.00136e+006 871656 768049 707137 660753 629700 612066 590079 565673 540847 521548 515200 512847 515400 517073 515708 524564 546038 555554 566667 586239 596560 604413 610772 613597 627482 634589 644194 647625 653397 659232 668295 657907 660966 665022 675383 685480 733352 773067 793343 809897 810203 821369 841281 838111 816073 2.84972e+007 1.67952e+007 1.6696e+007 1.72575e+007 1.83968e+007 1.97947e+007 2.12133e+007 2.2516e+007 2.36403e+007 2.45708e+007 2.53188e+007 2.59082e+007 2.63662e+007 2.67187e+007 2.69886e+007 2.71947e+007 2.73519e+007 2.7472e+007 2.75639e+007 2.76346e+007 2.7689e+007 2.77312e+007 2.77641e+007 2.77897e+007 2.78099e+007 2.78258e+007 2.78383e+007 2.78483e+007 2.78562e+007 2.78625e+007 2.78676e+007 2.78717e+007 2.7875e+007 2.78777e+007 2.78798e+007 2.78816e+007 2.7883e+007 2.78842e+007 2.78851e+007 2.78859e+007 2.78865e+007 2.7887e+007 2.78874e+007 2.78877e+007 2.7888e+007 2.78883e+007 2.78884e+007 2.78886e+007 2.78887e+007 2.78888e+007 2.78889e+007 2.7889e+007 2.7889e+007 2.78891e+007 2.78891e+007 2.78891e+007 2.78892e+007 2.78892e+007 2.78892e+007 2.78892e+007 2.78892e+007 2.78892e+007 2.78892e+007 2.78892e+007 2.78892e+007 2.78893e+007 2.78893e+007 2.78893e+007 2.78893e+007 2.78893e+007 2.78893e+007 2.78893e+007 2.78893e+007 2.78893e+007 2.78893e+007 2.78893e+007 2.78893e+007 2.78893e+007 2.78893e+007 2.78893e+007 2.78893e+007 2.78893e+007 2.78893e+007 2.78893e+007 2.78893e+007 2.78893e+007 2.78893e+007 2.78893e+007 2.78893e+007 2.78893e+007 2.78893e+007 2.78893e+007 2.78893e+007 2.78893e+007 2.78893e+007 2.78893e+007 2.78893e+007 2.78893e+007 2.78893e+007 2.78893e+007 0 0 0 0 0 0 0 0 0 0 0 0 0 0 0 0 0 0 0 0 0 0 0 0 0
#obs cpue bio
 3.99758e+006 3.76016e+006 2.87058e+006 3.07407e+006 2.24755e+006 2.84796e+006 2.0877e+006 2.78729e+006 2.6047e+006 1.8683e+006 2.01678e+006 1.67264e+006 845224 1.11752e+006 1.10677e+006 761783 700755 848404 665554 737852 524045 692168 447546 510323 512455 394406 577426 474343 457119 382947 440985 504208 592745 717025 630763 522714 529900 612475 693977 571501 649993 916768 609605 744014 427140 856404 561436 693319 819508 684320 598336 1.18415e+006 609352 559679 724148 622859 1.17546e+006 690756 755821 945968
#pred surv len freq
 0.00485481 0.00786989 0.011822 0.0166868 0.0223474 0.0285208 0.0347267 0.0404002 0.0451009 0.0486574 0.0511478 0.0527767 0.053764 0.054292 0.054493 0.0544549 0.0542354 0.0538635 0.0532996 0.0523523 0.0506117 0.0475121 0.0425861 0.0358127 0.0278115
 0.00508303 0.00814483 0.0120626 0.0167699 0.0221551 0.0280076 0.0339642 0.0395616 0.0443863 0.0482041 0.0509813 0.0528273 0.0539282 0.0544966 0.0547269 0.0547592 0.0546619 0.0544257 0.0539409 0.0529513 0.0510277 0.0476487 0.0424371 0.0354616 0.0273861
 0.0052863 0.00848414 0.0125822 0.0174967 0.0230701 0.0290157 0.034889 0.0401905 0.0445597 0.0478985 0.0503255 0.0520335 0.0531879 0.0539104 0.0543067 0.054477 0.0544953 0.0543649 0.0539639 0.052999 0.0510096 0.0474829 0.0420967 0.0349922 0.0268817
 0.00548515 0.0088056 0.0130641 0.0181765 0.0239803 0.030171 0.036264 0.0416938 0.0460243 0.0491058 0.0510684 0.0521963 0.0527945 0.0531092 0.0532978 0.0534329 0.0535199 0.0534963 0.0531958 0.0522963 0.0503216 0.0467643 0.0413355 0.0342243 0.0261763
 0.0056955 0.00914859 0.0135825 0.0189115 0.0249652 0.0314202 0.037761 0.0433834 0.0478112 0.0508572 0.0526179 0.0533592 0.0534062 0.0530788 0.052648 0.0522948 0.0520811 0.0519344 0.0516326 0.0507892 0.0488838 0.0453968 0.0400552 0.033074 0.0252116
 0.00582397 0.00936691 0.0139294 0.0194314 0.0257014 0.0324039 0.038998 0.0448467 0.0494415 0.0525684 0.054301 0.0548825 0.0546186 0.0538272 0.052812 0.0518286 0.0510365 0.050447 0.0498757 0.0489237 0.0470305 0.0436397 0.0384598 0.0316996 0.0241061
 0.00600871 0.00966762 0.0143834 0.0200755 0.0265675 0.0335108 0.0403412 0.046392 0.0511272 0.054313 0.0560113 0.0564575 0.0559491 0.0547954 0.0532983 0.0517317 0.0503049 0.0491067 0.0480355 0.0467532 0.0447222 0.041376 0.0363941 0.0299464 0.0227309
 0.00627061 0.010078 0.014973 0.0208644 0.0275647 0.0347126 0.0417273 0.0479222 0.0527435 0.055946 0.0575879 0.0579032 0.0571869 0.0557419 0.0538612 0.0518137 0.0498208 0.0480117 0.0463556 0.0445998 0.0422812 0.0388738 0.034053 0.0279423 0.0211647
 0.00660627 0.0106028 0.0157236 0.0218604 0.0288057 0.0361741 0.0433568 0.0496403 0.0544559 0.0575633 0.0590397 0.0591411 0.0581754 0.0564454 0.0542325 0.051789 0.0493249 0.0469786 0.0447613 0.042496 0.0398117 0.0362595 0.0315453 0.0257616 0.0194486
 0.00688419 0.0110554 0.0164056 0.0228212 0.0300774 0.0377543 0.0451918 0.0516228 0.0564441 0.0594135 0.0606356 0.0604079 0.059078 0.0569748 0.0543874 0.051558 0.0486772 0.0458702 0.0431606 0.0404221 0.0373672 0.0336361 0.0289889 0.0235079 0.0176577
 0.00716914 0.0115115 0.0170793 0.0237531 0.0312969 0.0392701 0.0469788 0.0536116 0.0585225 0.0614397 0.0624605 0.061899 0.0601396 0.057558 0.054485 0.0511866 0.0478546 0.0446027 0.0414505 0.0382956 0.0349109 0.0310153 0.0264291 0.0212379 0.0158422
 0.00749956 0.0120299 0.0178249 0.0247508 0.032555 0.0407771 0.0486967 0.0554734 0.0604366 0.0633015 0.0641626 0.0633378 0.0612203 0.0582039 0.0546468 0.0508466 0.0470213 0.0432997 0.0397106 0.0361713 0.0324969 0.0284666 0.0239505 0.0190398 0.0140798
 0.00776859 0.012467 0.0184818 0.0256733 0.0337726 0.0422867 0.0504484 0.0573693 0.062349 0.0651022 0.0657458 0.0646269 0.0621612 0.0587545 0.0547725 0.0505211 0.0462322 0.0420533 0.0380365 0.0341297 0.0301908 0.0260487 0.0216121 0.0169723 0.0124235
 0.00803478 0.0128985 0.0191289 0.0265824 0.0349776 0.0437951 0.052225 0.0593283 0.0643615 0.0670183 0.0674215 0.0659464 0.06305 0.0591798 0.0547321 0.0500288 0.045306 0.0407139 0.0363161 0.0320869 0.0279252 0.0237064 0.0193715 0.0150073 0.0108579
 0.00826601 0.0132769 0.0197032 0.0273997 0.0360743 0.0451826 0.0538747 0.0611643 0.0662693 0.0688633 0.069069 0.0672774 0.0639726 0.0596368 0.0547038 0.0495274 0.0443644 0.0393755 0.0346322 0.0301254 0.025784 0.0215206 0.0173009 0.0132052 0.00943048
 0.00843903 0.0135696 0.020165 0.0280838 0.0370271 0.0464256 0.0553867 0.062874 0.0680648 0.0706128 0.070642 0.0685603 0.0648772 0.0601051 0.0547093 0.0490731 0.0434782 0.0381038 0.0330364 0.0282838 0.023798 0.0195176 0.0154239 0.011586 0.00815672
 0.0085407 0.0137385 0.0204267 0.028468 0.0375649 0.0471445 0.0563013 0.063977 0.0693196 0.0719517 0.0719716 0.0697729 0.0658671 0.0607841 0.0550166 0.0489786 0.0429812 0.0372302 0.0318363 0.0268309 0.0221906 0.0178757 0.0138768 0.0102492 0.00710541
 0.00855703 0.013754 0.0204313 0.0284492 0.0375169 0.04708 0.0562601 0.0640226 0.0695238 0.0723707 0.0726239 0.0706269 0.0668433 0.0617687 0.0558839 0.0496149 0.0433036 0.0371968 0.031449 0.0261338 0.0212649 0.0168299 0.0128311 0.00931217 0.0063514
 0.00864759 0.013882 0.0205876 0.0286118 0.0376551 0.0471637 0.0562697 0.063959 0.0694141 0.0722687 0.0726005 0.0707496 0.0671503 0.0622494 0.0564749 0.050214 0.0437956 0.0374821 0.0314663 0.025872 0.0207639 0.0161706 0.0121161 0.00864036 0.005795
 0.00878742 0.0140839 0.0208436 0.0288965 0.0379306 0.0473886 0.0564085 0.0639879 0.0693266 0.072081 0.0723541 0.070508 0.0669852 0.0622201 0.0566062 0.0504825 0.0441323 0.0377911 0.0316544 0.0258766 0.0205714 0.0158173 0.0116733 0.00818978 0.00540327
 0.00881144 0.0141283 0.0209195 0.0290146 0.0380953 0.0475901 0.056618 0.064162 0.0694207 0.0720667 0.0722312 0.0703064 0.0667574 0.0620273 0.0565025 0.0504981 0.0442606 0.0379873 0.0318472 0.025994 0.0205659 0.0156829 0.0114434 0.00792016 0.00514896
 0.00886262 0.0142101 0.0210399 0.0291808 0.0383123 0.0478584 0.0569299 0.0644967 0.0697427 0.0723294 0.0723874 0.0703233 0.0666301 0.0617849 0.0562005 0.0502014 0.0440215 0.0378276 0.0317534 0.0259265 0.0204802 0.0155514 0.0112663 0.00772153 0.0049612
 0.00887193 0.0142362 0.0210994 0.0292951 0.0385018 0.0481335 0.0572828 0.0649004 0.0701565 0.0727079 0.0726877 0.0705093 0.0666768 0.0616845 0.0559691 0.0498789 0.0436625 0.0374845 0.0314594 0.0256876 0.0202813 0.0153711 0.0110921 0.00755526 0.00481439
 0.00888181 0.0142537 0.0211289 0.0293436 0.0385795 0.0482531 0.0574575 0.0651383 0.0704542 0.0730453 0.0730284 0.0708076 0.0668885 0.0617771 0.0559289 0.0497146 0.0434036 0.0371739 0.0311413 0.0253951 0.0200294 0.0151596 0.0109145 0.00740683 0.00469479
 0.00898881 0.0144008 0.0213012 0.0295114 0.0387082 0.0483186 0.0574581 0.0650969 0.0704089 0.0730342 0.0730761 0.0709162 0.067037 0.0619281 0.0560407 0.049754 0.0433564 0.0370476 0.0309606 0.0251911 0.0198297 0.0149814 0.0107647 0.00728648 0.0046025
 0.00904233 0.0144777 0.0213973 0.0296137 0.0387956 0.048365 0.0574378 0.0649936 0.0702259 0.0728012 0.0728453 0.0707467 0.0669726 0.0619808 0.0561872 0.049947 0.0435431 0.0371876 0.0310354 0.0252039 0.0197972 0.0149243 0.0107003 0.00722608 0.00455221
 0.0091406 0.0146186 0.0215742 0.0298078 0.03898 0.048512 0.057525 0.0650059 0.0701557 0.0726502 0.0726283 0.0704943 0.0667284 0.0617902 0.0560822 0.0499339 0.0436013 0.0372798 0.0311232 0.0252618 0.0198172 0.0149124 0.0106695 0.00718917 0.0045182
 0.00924767 0.0147775 0.0217842 0.0300568 0.0392455 0.0487646 0.0577327 0.0651385 0.070191 0.0725798 0.0724606 0.0702529 0.0664471 0.0615073 0.0558346 0.04975 0.0434934 0.0372407 0.0311303 0.0252868 0.0198374 0.0149169 0.0106585 0.00716908 0.00449643
 0.00930368 0.0148735 0.0219371 0.0302828 0.0395537 0.0491475 0.0581592 0.0655555 0.0705356 0.0727972 0.0725191 0.0701499 0.066206 0.0611696 0.0554503 0.0493681 0.0431538 0.0369676 0.0309293 0.0251482 0.0197433 0.0148498 0.0106068 0.00712779 0.00446443
 0.00936505 0.0149714 0.0220812 0.0304819 0.0398145 0.0494733 0.058545 0.0659834 0.0709714 0.0731921 0.0728174 0.0703025 0.0661848 0.0609762 0.0551156 0.0489437 0.042698 0.0365326 0.0305518 0.0248452 0.0195148 0.0146851 0.0104916 0.00704918 0.00441252
 0.00931687 0.0148989 0.0219835 0.0303634 0.0396859 0.0493515 0.0584531 0.065948 0.0710168 0.0733313 0.0730441 0.0705872 0.0664797 0.0612279 0.0552812 0.0490036 0.0426601 0.0364256 0.0304128 0.024707 0.019398 0.0145972 0.0104306 0.00700899 0.0043869
 0.0090621 0.0145176 0.0214715 0.0297399 0.0389902 0.0486356 0.0577761 0.0653732 0.0706058 0.0731352 0.0730915 0.0708764 0.0669757 0.0618666 0.0559815 0.0496849 0.0432595 0.0369093 0.0307765 0.0249672 0.0195793 0.0147221 0.0105157 0.00706509 0.0044217
 0.00894244 0.0143275 0.0211946 0.0293665 0.0385221 0.0480917 0.0571967 0.0648163 0.0701359 0.0728068 0.0729388 0.0709105 0.0671886 0.0622344 0.0564653 0.0502326 0.0438128 0.0374154 0.0311995 0.0252933 0.0198141 0.0148822 0.0106202 0.00713065 0.00446089
 0.00885942 0.0141911 0.0209868 0.02907 0.0381245 0.0475922 0.0566132 0.0641891 0.0695241 0.0722779 0.0725556 0.0707192 0.0672105 0.0624642 0.0568733 0.0507708 0.0444223 0.0380343 0.0317728 0.0257818 0.0201992 0.0151645 0.0108135 0.00725466 0.00453533
 0.00873921 0.0139985 0.0207023 0.0286779 0.0376161 0.0469713 0.055902 0.0634309 0.0687792 0.0716149 0.0720408 0.0704073 0.0671376 0.0626413 0.0572841 0.051373 0.0451538 0.0388229 0.0325471 0.0264816 0.020784 0.0156173 0.0111384 0.00747048 0.00466787
 0.00874829 0.0140034 0.020691 0.0286317 0.0375125 0.0467895 0.0556288 0.0630651 0.0683336 0.0711166 0.0715306 0.0699365 0.0667616 0.062411 0.0572351 0.0515172 0.0454749 0.0392786 0.0330774 0.0270217 0.0212774 0.016026 0.0114469 0.00768308 0.00480159
 0.00869486 0.0139312 0.0206086 0.0285542 0.0374544 0.0467548 0.0556045 0.0630226 0.0682394 0.0709465 0.0712799 0.0696236 0.066425 0.0621009 0.0570042 0.0514095 0.045515 0.0394647 0.0333808 0.0273937 0.0216623 0.0163754 0.0117296 0.00788844 0.00493601
 0.0086689 0.0138851 0.0205329 0.0284402 0.0372995 0.046568 0.0554085 0.0628482 0.0681114 0.07087 0.0712368 0.0695827 0.0663597 0.0620048 0.0568953 0.0513237 0.0454921 0.0395336 0.0335479 0.0276408 0.0219522 0.0166644 0.0119814 0.00808257 0.00506925
 0.00879017 0.0140553 0.0207388 0.0286515 0.0374761 0.0466726 0.055419 0.062763 0.0679491 0.0706624 0.0710179 0.0693776 0.0661769 0.0618387 0.056737 0.0511731 0.0453641 0.0394526 0.0335357 0.0277043 0.0220785 0.0168254 0.0121447 0.00822251 0.00517311
 0.00869062 0.0139213 0.0205875 0.0285132 0.0373817 0.0466368 0.0554282 0.0627804 0.0679328 0.0705887 0.070893 0.069233 0.0660518 0.0617616 0.0567164 0.051201 0.0454268 0.0395415 0.0336503 0.0278468 0.0222456 0.0170044 0.0123161 0.00836817 0.00528254
 0.00861342 0.0138022 0.0204219 0.0283046 0.0371457 0.0464021 0.0552344 0.0626667 0.0679212 0.0706696 0.071027 0.0693686 0.0661511 0.0618145 0.0567377 0.0512151 0.0454537 0.0395912 0.0337251 0.0279453 0.0223635 0.017133 0.0124429 0.00847984 0.00536978
 0.00859451 0.013761 0.0203407 0.028162 0.0369227 0.0460935 0.0548585 0.0622673 0.0675594 0.0704062 0.0709031 0.0693921 0.0662955 0.0620323 0.0569804 0.0514499 0.0456684 0.0397883 0.0339118 0.0281262 0.0225385 0.0172973 0.0125891 0.00860049 0.00546069
 0.00857172 0.0137339 0.0203171 0.0281523 0.0369332 0.0461182 0.0548751 0.0622436 0.0674687 0.0702445 0.0706958 0.0691859 0.0661386 0.0619544 0.0569838 0.0515149 0.0457674 0.0398991 0.0340232 0.0282358 0.0226465 0.0174019 0.0126857 0.00868332 0.00552531
 0.00852847 0.013665 0.0202169 0.0280185 0.03677 0.0459385 0.0546997 0.0620959 0.0673642 0.0701827 0.0706618 0.0691619 0.0661182 0.0619474 0.057009 0.0515864 0.0458857 0.040051 0.0341901 0.0284014 0.0228001 0.017538 0.0128007 0.00877509 0.00559332
 0.00848458 0.0135964 0.0201188 0.0278882 0.0366073 0.0457467 0.0544876 0.0618791 0.0671644 0.0700236 0.0705615 0.0691268 0.0661412 0.062014 0.0571059 0.0517075 0.0460301 0.0402175 0.0343722 0.0285872 0.0229765 0.017694 0.0129298 0.00887472 0.00566468
 0.00843057 0.0135096 0.0199904 0.0277113 0.0363791 0.0454713 0.0541787 0.0615599 0.0668646 0.0697728 0.0703846 0.0690401 0.0661503 0.0621128 0.0572783 0.0519321 0.046286 0.0404878 0.0346438 0.0288484 0.0232157 0.017901 0.0130974 0.00900101 0.00575255
 0.00853199 0.0136646 0.0202045 0.0279812 0.0366909 0.0458002 0.0544894 0.0618104 0.0670147 0.0697959 0.0702761 0.0688185 0.0658516 0.0617802 0.0569526 0.0516439 0.0460528 0.0403154 0.0345294 0.0287843 0.0231914 0.0179041 0.0131161 0.00902501 0.00577495
 0.00854856 0.0136882 0.0202341 0.028014 0.0367242 0.0458325 0.0545213 0.0618428 0.0670461 0.0698198 0.0702816 0.0687948 0.065793 0.0616908 0.0568457 0.0515383 0.0459667 0.0402611 0.0345114 0.0287993 0.0232306 0.0179566 0.013171 0.00907409 0.00581339
 0.00864146 0.0138202 0.0203974 0.0281892 0.0368854 0.0459566 0.0545947 0.0618644 0.0670241 0.0697671 0.0702103 0.0687125 0.0657018 0.061589 0.0567325 0.0514174 0.0458477 0.0401569 0.0344331 0.0287525 0.0232142 0.0179636 0.0131919 0.00909948 0.00583661
 0.00860818 0.0137818 0.0203675 0.028188 0.0369311 0.0460536 0.0547268 0.0619976 0.0671216 0.0698054 0.0701885 0.0686484 0.0656199 0.0615087 0.0566626 0.0513582 0.0457966 0.0401134 0.0343999 0.028734 0.0232124 0.0179767 0.0132145 0.00912496 0.00585952
 0.00841157 0.0134989 0.0200109 0.0277949 0.0365557 0.0457527 0.054545 0.0619574 0.0672187 0.0700095 0.0704514 0.0689191 0.0658609 0.0617039 0.0568146 0.0514786 0.0458965 0.0401996 0.0344764 0.0288031 0.023276 0.0180354 0.0132669 0.00916902 0.00589341
 0.0081477 0.0130582 0.0193296 0.0268169 0.0352569 0.0441742 0.0528167 0.0602886 0.065847 0.06913 0.0701615 0.0692038 0.0666168 0.0627831 0.0580661 0.0527764 0.0471509 0.0413538 0.0354979 0.0296758 0.0239943 0.0186019 0.0136919 0.00946921 0.00609106
 0.00812223 0.0129954 0.0191935 0.0265552 0.0348076 0.0434804 0.0518486 0.0590675 0.0644619 0.0677373 0.0689592 0.0683817 0.0663002 0.0629973 0.0587386 0.0537709 0.0483129 0.0425477 0.0366243 0.0306724 0.0248292 0.0192653 0.0141898 0.00981993 0.00632083
 0.00814898 0.013047 0.0192837 0.0266954 0.0349954 0.0436853 0.0520034 0.0590757 0.0642264 0.0672012 0.0681408 0.067386 0.0652981 0.0621759 0.0582437 0.0536644 0.0485651 0.0430621 0.0372785 0.0313542 0.0254568 0.0197914 0.0145966 0.010111 0.00651308
 0.00807491 0.0129456 0.0191671 0.0265883 0.0349304 0.0436919 0.0520959 0.0592416 0.0644195 0.0673446 0.0681451 0.0671822 0.0648739 0.0615952 0.0576336 0.0531722 0.0483045 0.0430755 0.0375326 0.031765 0.0259261 0.0202371 0.014968 0.0103885 0.00670082
 0.00801703 0.0128637 0.0190671 0.0264854 0.034847 0.0436543 0.0521283 0.0593603 0.0646254 0.0676146 0.0684273 0.0674018 0.0649527 0.0614817 0.057331 0.0527476 0.0478686 0.0427415 0.037373 0.0317903 0.0260925 0.0204749 0.015211 0.0105932 0.00684992
 0.00791052 0.0126939 0.018819 0.0261502 0.0344278 0.0431725 0.0516286 0.058908 0.0642925 0.0674589 0.0684735 0.0676312 0.0653054 0.0618724 0.0576749 0.0529904 0.0480064 0.0428185 0.0374555 0.031931 0.0263066 0.0207385 0.0154803 0.0108273 0.00702644
 0.00772937 0.0124153 0.0184292 0.0256472 0.0338207 0.0424816 0.0508878 0.0581676 0.0636189 0.0669272 0.0681538 0.0675712 0.0655148 0.0623154 0.0582759 0.0536551 0.048651 0.0433938 0.0379543 0.0323738 0.0267165 0.0211221 0.0158249 0.0111128 0.00723966
 0.00742823 0.0119808 0.0178771 0.0250261 0.0331971 0.0419151 0.0504123 0.0577884 0.0633235 0.0667022 0.0679978 0.0675004 0.065558 0.0624998 0.0586102 0.0541175 0.0491928 0.0439561 0.0384889 0.0328557 0.0271411 0.0214923 0.0161403 0.0113681 0.00743041
 0.00706583 0.0114328 0.0171315 0.0241049 0.0321575 0.0408449 0.0494208 0.0569887 0.0628043 0.0664987 0.0680818 0.0677993 0.0659916 0.0630118 0.0591774 0.054737 0.0498603 0.044652 0.0391792 0.0335034 0.0277176 0.0219817 0.0165366 0.0116721 0.00764827
#obs surv len freq
 nan nan nan nan nan nan nan nan nan nan nan nan nan nan nan nan nan nan nan nan nan nan nan nan nan
 0.00448178 0.00734189 0.0111709 0.0159867 0.0216876 0.027964 0.0342793 0.0400117 0.0446923 0.0481569 0.0505153 0.0520116 0.0529042 0.0534169 0.0537314 0.0539865 0.0542651 0.054558 0.0546968 0.0542887 0.0527267 0.0493587 0.0438082 0.0362879 0.0276711
 0.00462081 0.00756811 0.0115114 0.0164659 0.0223213 0.0287503 0.0351898 0.0409887 0.0456561 0.0490214 0.051204 0.052469 0.0531017 0.0533533 0.0534286 0.0534819 0.0536026 0.0537804 0.0538435 0.053397 0.0518356 0.0485116 0.0430503 0.0356575 0.0271893
 0.00477688 0.00782606 0.0119073 0.017036 0.023094 0.0297347 0.0363628 0.0422905 0.0469973 0.0502981 0.0523142 0.0533246 0.0536367 0.0535295 0.0532388 0.0529478 0.0527689 0.0527062 0.052595 0.0520444 0.0504542 0.0471822 0.0418527 0.0346576 0.0264237
 0.00495685 0.00812003 0.0123526 0.0176691 0.0239444 0.0308151 0.0376574 0.0437493 0.0485394 0.0518239 0.0537177 0.0545037 0.0545011 0.0540079 0.0532858 0.052549 0.0519425 0.0515009 0.0510855 0.0503272 0.0486437 0.0454043 0.0402317 0.0332949 0.0253762
 0.00516646 0.00846269 0.0128719 0.0184066 0.0249322 0.0320629 0.0391403 0.0454035 0.0502718 0.0535291 0.0552931 0.055856 0.0555463 0.0546716 0.0535059 0.0522819 0.0511717 0.0502448 0.0494033 0.048321 0.0464557 0.0432043 0.038194 0.0315647 0.0240381
 0.00540117 0.00884477 0.013448 0.0192207 0.0260176 0.0334295 0.0407611 0.0472093 0.0521603 0.0553842 0.0570031 0.0573238 0.0566916 0.0554277 0.0538159 0.052098 0.0504596 0.0489955 0.0476487 0.0461486 0.0440138 0.0406912 0.0358259 0.0295292 0.0224508
 0.00563932 0.0092372 0.0140482 0.0200816 0.0271807 0.0349081 0.0425238 0.0491747 0.0542101 0.0573867 0.0588355 0.0588835 0.0578984 0.0562199 0.0541452 0.0519242 0.0497498 0.0477314 0.0458443 0.0438727 0.0414067 0.0379608 0.0332147 0.0272584 0.0206644
 0.00587962 0.00963118 0.0146476 0.0209375 0.0283344 0.0363766 0.0442836 0.0511543 0.0562984 0.0594522 0.0607471 0.0605253 0.0591771 0.0570665 0.054511 0.0517744 0.049058 0.0464819 0.0440459 0.0415825 0.0387535 0.0351488 0.0304945 0.024869 0.0187689
 0.00613465 0.0100471 0.0152761 0.0218275 0.0295232 0.0378754 0.0460622 0.0531365 0.0583719 0.0614898 0.062626 0.0621381 0.0604351 0.0579003 0.054869 0.05162 0.0483662 0.0452396 0.0422625 0.0393109 0.0361136 0.032336 0.0277559 0.0224471 0.0168354
 0.00636329 0.0104243 0.015854 0.022658 0.0306475 0.0393077 0.0477735 0.0550491 0.0603715 0.0634485 0.0644237 0.0636738 0.0616295 0.0586928 0.055214 0.051483 0.0477212 0.044072 0.0405789 0.0371589 0.0336034 0.0296501 0.0251284 0.0201116 0.0149614
 0.00658211 0.0107847 0.0164052 0.0234488 0.0317177 0.0406722 0.0494071 0.0568802 0.062291 0.0653305 0.066146 0.0651321 0.0627439 0.0594077 0.055494 0.0513056 0.0470713 0.0429416 0.0389764 0.0351277 0.0312434 0.0271275 0.0226588 0.0179124 0.0131923
 0.00681889 0.0111682 0.0169797 0.0242547 0.0327839 0.0420047 0.050976 0.058615 0.0640895 0.0670767 0.0677284 0.0664555 0.0637341 0.0600131 0.0556833 0.051063 0.0463915 0.0418266 0.0374416 0.0332166 0.0290473 0.0247954 0.0203834 0.0158886 0.0115642
 0.00706757 0.0115786 0.0176077 0.025154 0.0339922 0.0435239 0.0527539 0.060543 0.0660226 0.0688666 0.069252 0.0676274 0.0645052 0.0603625 0.0556093 0.0505753 0.045505 0.0405601 0.0358223 0.0312931 0.0269061 0.0225701 0.0182431 0.0140027 0.0100558
 0.00728378 0.0119344 0.0181514 0.0259334 0.0350455 0.0448642 0.0543526 0.0623216 0.0678607 0.0706224 0.070787 0.0688275 0.0652937 0.0607041 0.0555044 0.0500482 0.0445912 0.0392985 0.0342558 0.0294786 0.0249277 0.0205471 0.016321 0.0123239 0.00872122
 0.00742716 0.0121745 0.018526 0.0264827 0.0358048 0.0458513 0.0555556 0.0636928 0.0693217 0.0720768 0.0721326 0.0699663 0.0661402 0.0611937 0.0556005 0.0497443 0.0439067 0.0382711 0.0329362 0.0279314 0.0232384 0.0188252 0.0146926 0.0109079 0.00759968
 0.00752403 0.0123281 0.0187508 0.026792 0.0362113 0.0463673 0.05619 0.0644463 0.0701815 0.0730128 0.0730966 0.0708943 0.0669579 0.0618255 0.0559791 0.0498203 0.0436551 0.0376944 0.0320642 0.0268198 0.0219673 0.0174965 0.013419 0.00979267 0.00671323
 0.00756083 0.0123884 0.0188423 0.0269226 0.0363877 0.0465942 0.0564691 0.0647779 0.0705673 0.0734567 0.0736017 0.0714542 0.0675482 0.0623995 0.0564722 0.0501612 0.0437804 0.0375622 0.0316637 0.0261756 0.0211387 0.0165703 0.0124952 0.00896439 0.00604537
 0.00765436 0.0125262 0.0190234 0.0271373 0.0366212 0.0468319 0.056701 0.0649996 0.0707791 0.073663 0.0738104 0.0716755 0.0677905 0.0626617 0.0567366 0.0503902 0.0439218 0.037562 0.0314822 0.0258022 0.0205993 0.0159246 0.0118231 0.00834515 0.00553755
 0.00771323 0.0126213 0.0191648 0.0273314 0.0368673 0.0471175 0.0570001 0.0652769 0.0710013 0.0738122 0.0738906 0.0717092 0.067808 0.0626893 0.056787 0.0504573 0.04398 0.0375714 0.0314001 0.025599 0.0202721 0.0155025 0.0113599 0.0079025 0.00516516
 0.0077619 0.0126949 0.0192655 0.0274584 0.0370178 0.0472881 0.0571864 0.0654717 0.0711919 0.0739808 0.0740188 0.0717851 0.0678328 0.0626772 0.056759 0.0504308 0.0439592 0.0375433 0.0313388 0.0254768 0.0200738 0.0152351 0.0110529 0.00759781 0.00490118
 0.00781789 0.0127807 0.0193846 0.0276099 0.037196 0.047483 0.0573841 0.0656565 0.0713497 0.0741019 0.0740991 0.0718245 0.0678325 0.0626406 0.0566932 0.0503467 0.0438676 0.0374491 0.0312367 0.0253537 0.0199171 0.0150424 0.0108371 0.00738285 0.00471255
 0.00785295 0.0128374 0.0194691 0.0277269 0.0373471 0.0476642 0.0575838 0.0658561 0.0715278 0.0742402 0.074187 0.0718602 0.0678213 0.0625909 0.056614 0.0502468 0.0437552 0.0373304 0.0311142 0.025225 0.0197774 0.0148898 0.0106769 0.00722773 0.00457734
 0.00786783 0.0128581 0.019494 0.0277532 0.0373723 0.0476885 0.0576113 0.0658936 0.0715809 0.0743096 0.0742671 0.0719408 0.0678911 0.0626413 0.0566408 0.0502496 0.0437365 0.0372934 0.0310618 0.0251586 0.0196973 0.0147973 0.0105769 0.00712876 0.00448934
 0.00789002 0.012889 0.0195308 0.0277897 0.0374005 0.0477012 0.057605 0.0658697 0.0715467 0.0742766 0.0742477 0.0719439 0.0679187 0.0626877 0.056695 0.0502999 0.0437736 0.0373124 0.031061 0.0251387 0.0196601 0.0147461 0.0105168 0.0070666 0.00443263
 0.0078891 0.0128846 0.0195189 0.0277646 0.0373562 0.0476335 0.057514 0.0657609 0.0714309 0.0741684 0.0741634 0.0718983 0.0679214 0.0627402 0.0567898 0.0504218 0.0439042 0.0374344 0.0311618 0.0252113 0.019703 0.0147619 0.0105112 0.0070477 0.00440848
 0.00788372 0.012873 0.019496 0.0277239 0.0372914 0.0475406 0.057394 0.0656208 0.0712827 0.0740272 0.074045 0.0718171 0.0678887 0.0627621 0.0568651 0.050542 0.0440539 0.0375947 0.031314 0.0253406 0.0198009 0.0148267 0.0105467 0.00706103 0.00440822
 0.00788426 0.0128721 0.0194912 0.0277114 0.0372663 0.0474981 0.0573303 0.0655348 0.0711771 0.0739091 0.0739256 0.0717103 0.0678088 0.0627209 0.0568699 0.0505934 0.0441458 0.0377144 0.0314451 0.0254662 0.0199076 0.0149068 0.0105993 0.00709029 0.00442091
 0.0078851 0.0128712 0.0194857 0.0276971 0.0372388 0.047454 0.0572689 0.0654581 0.0710893 0.0738158 0.0738328 0.0716251 0.067739 0.0626748 0.0568551 0.0506149 0.0442038 0.0378035 0.0315544 0.0255816 0.020015 0.0149955 0.0106642 0.00713206 0.00444419
 0.0078632 0.0128338 0.0194263 0.027609 0.0371171 0.0472986 0.0570872 0.0652654 0.0709054 0.0736605 0.0737214 0.0715653 0.0677317 0.0627158 0.0569374 0.0507311 0.0443467 0.0379652 0.0317253 0.0257501 0.0201688 0.0151246 0.0107629 0.00720032 0.00448651
 0.00783707 0.0127924 0.0193657 0.0275262 0.0370099 0.0471666 0.0569327 0.0650948 0.07073 0.0734953 0.0735831 0.0714695 0.0676889 0.0627298 0.0570049 0.0508435 0.0444927 0.0381328 0.0319024 0.0259249 0.0203298 0.0152621 0.0108709 0.0072776 0.00453653
 0.00782436 0.0127676 0.0193209 0.027452 0.0368982 0.0470148 0.056747 0.0648903 0.0705265 0.0733125 0.0734363 0.0713692 0.0676415 0.0627381 0.057068 0.0509562 0.0446452 0.0383123 0.0320946 0.0261155 0.0205058 0.0154132 0.0109908 0.00736481 0.00459426
 0.00781395 0.0127493 0.0192907 0.0274046 0.0368277 0.046916 0.0566171 0.0647313 0.070347 0.0731273 0.0732646 0.0712305 0.0675511 0.0627048 0.0570937 0.0510366 0.0447718 0.0384731 0.0322753 0.0263007 0.020681 0.0155663 0.0111141 0.00745591 0.00465557
 0.00774755 0.0126473 0.0191485 0.0272223 0.0366099 0.0466719 0.0563601 0.0644783 0.0701165 0.0729362 0.0731259 0.0711528 0.0675392 0.0627596 0.0572119 0.0512106 0.0449898 0.0387202 0.0325347 0.0265552 0.0209147 0.0157666 0.0112735 0.00757274 0.00473399
 0.00774491 0.0126324 0.019107 0.0271352 0.0364601 0.0464526 0.0560823 0.0641702 0.0698155 0.0726772 0.0729327 0.0710359 0.0674993 0.0627917 0.0573087 0.0513635 0.0451883 0.0389516 0.0327835 0.0268044 0.0211476 0.0159692 0.0114366 0.00769367 0.00481596
 0.00770762 0.0125768 0.0190319 0.027041 0.0363462 0.0463149 0.0559131 0.0639634 0.0695734 0.0724164 0.0726836 0.070834 0.0673738 0.0627576 0.0573653 0.0514986 0.0453845 0.0391892 0.033043 0.0270665 0.0213941 0.0161849 0.0116114 0.00782397 0.00490479
 0.00767713 0.0125264 0.0189547 0.0269312 0.0362014 0.0461387 0.0557165 0.0637621 0.0693826 0.0722453 0.0725352 0.0707107 0.0672827 0.0627117 0.0573786 0.0515791 0.0455298 0.0393873 0.0332751 0.0273114 0.021631 0.0163962 0.0117851 0.00795506 0.00499506
 0.00765862 0.0124956 0.0189071 0.026862 0.0361061 0.0460148 0.0555656 0.0635913 0.069204 0.0720743 0.0723863 0.0705942 0.0672037 0.0626723 0.0573807 0.0516264 0.0456252 0.0395293 0.0334553 0.0275143 0.0218374 0.0165873 0.0119466 0.00807939 0.00508203
 0.00762995 0.0124529 0.0188498 0.0267918 0.0360259 0.0459272 0.0554717 0.0634913 0.0690985 0.0719657 0.0722801 0.0704983 0.0671271 0.062623 0.0573646 0.0516467 0.0456836 0.0396255 0.0335854 0.0276693 0.0220034 0.016748 0.0120874 0.00819104 0.00516192
 0.00759959 0.0124037 0.0187764 0.0266901 0.0358952 0.0457721 0.0553036 0.0633269 0.0689552 0.0718557 0.0722077 0.0704608 0.0671191 0.0626399 0.0574048 0.0517106 0.0457724 0.0397392 0.0337215 0.0278217 0.0221623 0.0169009 0.012222 0.00829878 0.00523989
 0.00760015 0.012403 0.0187724 0.0266795 0.0358736 0.0457351 0.0552482 0.0632528 0.0688658 0.0717589 0.0721134 0.0703789 0.0670565 0.0625994 0.0573864 0.0517138 0.0457974 0.0397868 0.0337915 0.0279113 0.0222648 0.0170068 0.0123205 0.00838125 0.00530181
 0.00757978 0.0123727 0.018732 0.0266305 0.0358184 0.0456761 0.0551868 0.0631895 0.0688011 0.0716938 0.0720509 0.0703236 0.0670142 0.0625753 0.0573837 0.0517333 0.0458377 0.0398458 0.0338668 0.0279996 0.022361 0.0171035 0.0124098 0.008456 0.00535827
 0.00756866 0.0123555 0.0187076 0.0265989 0.0357807 0.0456346 0.055145 0.0631511 0.0687687 0.0716677 0.0720287 0.0703021 0.0669915 0.0625526 0.0573652 0.0517243 0.0458429 0.0398677 0.0339055 0.028053 0.0224249 0.0171719 0.0124756 0.00851303 0.00540259
 0.0075331 0.0123024 0.0186365 0.0265126 0.0356846 0.0455354 0.0550501 0.0630679 0.0687041 0.0716269 0.0720138 0.0703116 0.0670202 0.062594 0.0574135 0.0517761 0.0458977 0.0399269 0.0339704 0.0281234 0.0224985 0.0172444 0.012542 0.00856882 0.00544513
 0.00750288 0.0122505 0.0185539 0.0263902 0.0355173 0.0453269 0.0548159 0.0628347 0.0685027 0.0714832 0.0719422 0.070313 0.0670854 0.062708 0.057559 0.0519373 0.0460623 0.0400866 0.0341207 0.0282619 0.0226233 0.0173534 0.0126328 0.00863969 0.00549632
 0.00752959 0.0122878 0.0185984 0.0264339 0.0355482 0.0453317 0.0547829 0.0627575 0.0683835 0.0713345 0.0717852 0.0701723 0.0669815 0.0626521 0.0575517 0.0519708 0.0461246 0.0401657 0.0342069 0.0283483 0.0227053 0.0174274 0.012696 0.00869031 0.00553368
 0.00752669 0.0122908 0.0186165 0.0264789 0.0356299 0.0454502 0.0549242 0.0628941 0.0684828 0.0713702 0.0717468 0.0700678 0.066834 0.0624912 0.0574048 0.0518566 0.0460504 0.0401293 0.0342005 0.0283625 0.0227315 0.0174589 0.0127276 0.00871825 0.00555584
 0.00751508 0.0122703 0.0185834 0.0264308 0.035568 0.0453831 0.0548679 0.0628674 0.0684984 0.0714262 0.0718249 0.0701408 0.0668782 0.0624966 0.0573776 0.0518138 0.0460112 0.0401072 0.0342007 0.0283824 0.0227644 0.0174971 0.0127646 0.00874985 0.00557997
 0.00748734 0.0122291 0.0185283 0.0263636 0.0354918 0.0453012 0.0547838 0.0627868 0.0684308 0.0713841 0.0718197 0.070176 0.0669456 0.0625785 0.0574545 0.0518732 0.0460517 0.0401363 0.0342281 0.0284149 0.022803 0.0175387 0.0128043 0.00878341 0.00560536
 0.00746932 0.0121977 0.0184775 0.0262872 0.0353863 0.0451685 0.0546336 0.0626357 0.0682978 0.0712855 0.0717658 0.0701711 0.0669883 0.0626619 0.057566 0.0519966 0.0461717 0.0402432 0.0343193 0.0284929 0.0228712 0.0175986 0.0128552 0.00882405 0.00563509
 0.00746932 0.0121977 0.0184775 0.0262872 0.0353863 0.0451685 0.0546336 0.0626357 0.0682978 0.0712855 0.0717658 0.0701711 0.0669883 0.0626619 0.057566 0.0519966 0.0461717 0.0402432 0.0343193 0.0284929 0.0228712 0.0175986 0.0128552 0.00882405 0.00563509
 0.00716243 0.0117083 0.017761 0.025314 0.0341544 0.0437198 0.0530671 0.0611043 0.0669802 0.070343 0.0713032 0.0702188 0.0675062 0.063558 0.058721 0.0532869 0.0474865 0.041495 0.0354477 0.0294624 0.0236673 0.018222 0.0133182 0.00914728 0.00584513
 0.00710723 0.0115861 0.0175172 0.0248783 0.0334585 0.0427259 0.0517954 0.0596426 0.0654714 0.0689565 0.0702022 0.0695321 0.0673076 0.063855 0.0594565 0.0543543 0.0487537 0.0428296 0.0367363 0.0306219 0.024647 0.0190013 0.0139006 0.00955405 0.00610884
 0.00723833 0.0117967 0.0178254 0.025289 0.0339494 0.043233 0.0522088 0.0598249 0.0653023 0.0683839 0.0692739 0.0683882 0.06614 0.0628532 0.0587611 0.0540311 0.0487906 0.0431538 0.0372425 0.0312019 0.0252114 0.0194906 0.0142858 0.00983176 0.0062923
 0.00716243 0.0116961 0.017717 0.0252038 0.0339255 0.0433019 0.0523788 0.0600692 0.0655548 0.0685498 0.0692556 0.0681237 0.0656362 0.0621949 0.0580883 0.0534917 0.048493 0.0431372 0.0374759 0.0316052 0.0256873 0.0199531 0.0146776 0.0101275 0.00649332
 0.00715389 0.0116795 0.0176882 0.0251607 0.0338729 0.0432563 0.0523698 0.0601313 0.0657104 0.068789 0.0695259 0.0683388 0.0657047 0.0620592 0.0577548 0.0530354 0.0480316 0.0427869 0.037309 0.0316313 0.0258623 0.0202054 0.014938 0.0103489 0.00665565
 0.00709171 0.0115854 0.0175595 0.0249993 0.0336847 0.0430505 0.0521601 0.0599388 0.0655646 0.068723 0.0695648 0.0684833 0.0659201 0.0622809 0.0579116 0.0530831 0.0479764 0.0426827 0.0372306 0.031637 0.0259694 0.0203897 0.0151525 0.0105483 0.00681188
 0.00701915 0.011464 0.0173712 0.0247277 0.0333206 0.0426014 0.0516559 0.0594308 0.0651143 0.0683874 0.0693845 0.068477 0.0660829 0.0625825 0.0582982 0.0534886 0.0483432 0.042983 0.0374731 0.0318537 0.0261906 0.020625 0.015388 0.0107591 0.00697799
 0.00707023 0.0115406 0.0174733 0.0248487 0.0334458 0.0427078 0.0517149 0.0594142 0.0650051 0.0681889 0.0691244 0.0682007 0.06584 0.0624119 0.058217 0.0534885 0.0483964 0.0430565 0.0375443 0.031919 0.0262603 0.0207097 0.0154881 0.0108631 0.00707061
 0.00706767 0.0115474 0.0175036 0.0249207 0.0335758 0.0428999 0.0519528 0.0596607 0.0652105 0.0683064 0.0691243 0.0680803 0.0656246 0.0621467 0.0579531 0.053267 0.0482378 0.0429596 0.0374948 0.0319013 0.0262651 0.020734 0.0155291 0.0109143 0.00712226
#pred catch len freq
 0.00441383 0.00699019 0.0102077 0.0139905 0.0182889 0.0230577 0.0281865 0.0334684 0.0386404 0.0434496 0.0476938 0.051237 0.0540181 0.0560496 0.0573992 0.0581659 0.0584622 0.0583869 0.0579624 0.0570318 0.0551848 0.0518274 0.0464633 0.0390766 0.0303474
 0.00463534 0.00726852 0.0104788 0.0141531 0.0182431 0.0227596 0.0276851 0.0328936 0.038144 0.0431343 0.0475749 0.0512568 0.0540973 0.0561399 0.0575097 0.0583516 0.0587831 0.0588581 0.0585219 0.057548 0.0555063 0.0518528 0.0461905 0.0386014 0.0298121
 0.00485423 0.00761874 0.0109892 0.0148304 0.0190523 0.0236059 0.028416 0.0333389 0.0381878 0.0427794 0.0469484 0.0505473 0.0534643 0.0556589 0.0571799 0.0581447 0.058683 0.0588625 0.0586121 0.0576618 0.0555454 0.0517267 0.045868 0.0381304 0.0292936
 0.00509318 0.00799291 0.0115276 0.0155553 0.0199794 0.0247394 0.0297311 0.0347566 0.039559 0.0439013 0.047624 0.0506643 0.0530467 0.0548529 0.0561825 0.0571249 0.0577411 0.0580342 0.0578886 0.0570049 0.0548987 0.0510386 0.0451221 0.0373627 0.0285778
 0.00531971 0.00835155 0.0120505 0.0162687 0.0209032 0.0258848 0.0310945 0.0363094 0.0412378 0.0455964 0.049175 0.0518748 0.05373 0.0548962 0.0555951 0.0560351 0.0563416 0.0565098 0.0563658 0.0555414 0.053504 0.049708 0.0438674 0.0362249 0.0276145
 0.00551463 0.00866262 0.012509 0.0169033 0.0217389 0.0269399 0.0323736 0.0377967 0.0428909 0.0473447 0.0509164 0.0534736 0.0550215 0.0557082 0.055789 0.0555537 0.0552359 0.0549239 0.0544869 0.0535436 0.0515181 0.0478241 0.0421557 0.034749 0.026426
 0.00574294 0.0090215 0.0130275 0.0176038 0.0226379 0.028048 0.0336912 0.039307 0.0445554 0.0491015 0.0526818 0.0551436 0.056473 0.0568029 0.0563847 0.055529 0.0545262 0.0535521 0.0525688 0.0512625 0.0490823 0.0454304 0.0399686 0.0328906 0.0249668
 0.00604168 0.00947998 0.0136681 0.0184328 0.0236501 0.0292333 0.0350359 0.0407902 0.0461436 0.0507458 0.0543179 0.0566936 0.0578464 0.0578968 0.057085 0.055718 0.0541021 0.0524602 0.0508343 0.0490055 0.0465044 0.0427773 0.0374807 0.0307579 0.0232984
 0.00641427 0.0100509 0.0144632 0.0194544 0.0248814 0.0306437 0.0365837 0.0424224 0.0477982 0.0523583 0.0558277 0.0580455 0.0589872 0.0587686 0.0576184 0.055829 0.0536988 0.0514647 0.0492173 0.0468218 0.0439104 0.0400129 0.0348189 0.0284381 0.0214701
 0.00675339 0.0105842 0.0152323 0.020487 0.0261872 0.0322091 0.0383641 0.0443378 0.0497409 0.054211 0.0574834 0.0594215 0.0600295 0.0594461 0.0579099 0.0557066 0.0531185 0.0503724 0.0475754 0.0446501 0.0413208 0.0372148 0.0320812 0.0260185 0.0195444
 0.00709608 0.0111174 0.015992 0.0214948 0.0274526 0.0337309 0.040124 0.0462893 0.0518006 0.05626 0.0593805 0.0610266 0.0612288 0.0601693 0.0581304 0.0554261 0.0523443 0.0491036 0.0458102 0.0424153 0.0387106 0.0344105 0.02933 0.0235718 0.0175841
 0.00748264 0.0117109 0.016821 0.0225661 0.0287558 0.035245 0.0418189 0.0481214 0.053708 0.0581606 0.0611741 0.0626 0.0624663 0.0609693 0.0584212 0.055174 0.0515482 0.0477828 0.0439974 0.0401667 0.0361298 0.0316679 0.0266516 0.0211898 0.0156707
 0.00784318 0.0122747 0.0176282 0.0236396 0.0300989 0.0368382 0.0436142 0.0500402 0.0556492 0.060017 0.0628467 0.0640041 0.0635304 0.0616308 0.0586271 0.0548841 0.050742 0.0464638 0.0421967 0.0379507 0.0336127 0.0290195 0.0240843 0.0189164 0.0138474
