SBPRF35
7.78865
Curr Bio
579662
B35
669135
F35
0.222319
FOFL
0.19846
OFL
91707.7
Bzero
2.22533e+006
#pred survey bio
 4.88527e+006 4.58299e+006 4.30056e+006 3.98152e+006 3.62904e+006 3.27872e+006 2.92196e+006 2.60987e+006 2.30306e+006 2.03407e+006 1.78086e+006 1.55353e+006 1.35343e+006 1.19344e+006 1.0551e+006 943318 862988 792596 750393 711998 686614 655090 651830 643524 616461 610752 600786 604995 604411 597246 588854 586912 580872 577695 569302 551755 528756 519669 513673 523498 535563 541293 550972 560557 560479 557791 550732 553247 548524 548967 546152 532586 549864 568262 573164 575690 574851 594416 599316 593111 590057 584231 555231 582767 584041 581466 2.10913e+007 1.27255e+007 1.29654e+007 1.35219e+007 1.42334e+007 1.49455e+007 1.55748e+007 1.60907e+007 1.64935e+007 1.6798e+007 1.70236e+007 1.71888e+007 1.73088e+007 1.7396e+007 1.74593e+007 1.75055e+007 1.75394e+007 1.75644e+007 1.75829e+007 1.75968e+007 1.76072e+007 1.7615e+007 1.76209e+007 1.76254e+007 1.76289e+007 1.76315e+007 1.76335e+007 1.7635e+007 1.76362e+007 1.76371e+007 1.76378e+007 1.76384e+007 1.76388e+007 1.76391e+007 1.76393e+007 1.76395e+007 1.76397e+007 1.76398e+007 1.76399e+007 1.764e+007 1.764e+007 1.76401e+007 1.76401e+007 1.76401e+007 1.76401e+007 1.76402e+007 1.76402e+007 1.76402e+007 1.76402e+007 1.76402e+007 1.76402e+007 1.76402e+007 1.76402e+007 1.76402e+007 1.76402e+007 1.76402e+007 1.76402e+007 1.76402e+007 1.76402e+007 1.76402e+007 1.76402e+007 1.76402e+007 1.76402e+007 1.76402e+007 1.76402e+007 1.76402e+007 1.76402e+007 1.76402e+007 1.76402e+007 1.76402e+007 1.76402e+007 1.76402e+007 1.76402e+007 1.76402e+007 1.76402e+007 1.76402e+007 1.76402e+007 1.76402e+007 1.76402e+007 1.76402e+007 1.76402e+007 1.76402e+007 1.76402e+007 1.76402e+007 1.76402e+007 1.76402e+007 1.76402e+007 1.76402e+007 1.76402e+007 1.76402e+007 1.76402e+007 1.76402e+007 1.76402e+007 1.76402e+007 1.76402e+007 1.76402e+007 1.76402e+007 1.76402e+007 1.76402e+007 1.76402e+007 0 0 0 0 0 0 0 0 0 0 0 0 0 0 0 0 0 0 0 0 0 0 0 0 0
#obs survey bio
 3.6124e+006 3.3305e+006 4.12744e+006 3.66506e+006 3.69496e+006 1.795e+006 2.78819e+006 1.67563e+006 2.71114e+006 1.95175e+006 1.13022e+006 1.04592e+006 1.24464e+006 1.16464e+006 747336 723535 930170 749724 669870 505150 689029 751105 688349 537420 471409 747741 525429 507661 857212 478452 406388 550800 733170 643802 493945 605932 814333 664262 617947 431241 584180 443526 628364 612546 565137 627067 493416 499994 669604 533095 543292 522281 460655 505182 454501 467493 608578 756808 550235 717082 919713 496842 487406 734655 469958 569271
#pred catch bio
 92718 91499.4 148653 208075 239357 280730 274214 300059 292485 301164 296882 286088 259649 246766 227027 200423 189581 162210 155518 140762 141491 114009 116066 129123 108668 110109 96454.9 99455.2 103225 102152 94666.3 95447.8 89736.3 90661.6 94651.4 97490.2 87944.1 89293.8 79398.7 80152.6 86422.1 83229 83457.8 91340.5 92745.2 95507.9 86994.2 92795.2 88171.9 91445.7 101033 76013.1 76347.1 87810.4 90015.1 93759.6 77794.3 90802.9 99598.9 96532.1 99172.2 118985 73074.7 97510.7 101413 82765.3 91707.7 101619 102302 105458 110340 115393 119809 123327 125966 127862 129182 130079 130677 131071 131327 131492 131597 131664 131707 131734 131751 131761 131768 131772 131774 131776 131777 131778 131778 131778 131778 131779 131779 131779 131779 131779 131779 131779 131779 131779 131779 131779 131779 131779 131779 131779 131779 131779 131779 131779 131779 131779 131779 131779 131779 131779 131779 131779 131779 131779 131779 131779 131779 131779 131779 131779 131779 131779 131779 131779 131779 131779 131779 131779 131779 131779 131779 131779 131779 131779 131779 131779 131779 131779 131779 131779 131779 131779 131779 131779 131779 131779 131779 131779 131779 131779 131779 131779 131779 131779 0 0 0 0 0 0 0 0 0 0 0 0 0 0 0 0 0 0 0 0 0 0 0 0 0
#obs catch bio
 0 91267.3 149109 208987 239816 283422 276191 304275 295337 304227 302538 293218 264178 252421 233014 205746 193391 164720 158041 143136 144018 114559 116810 130201 109720 111167 96743.8 99929.9 103537 102758 95296.5 96118.6 89757.3 90612.9 94768.8 97337.9 87773.8 88947.9 78876.5 80199.6 86344 83046.7 83007.6 90856.2 92240.3 94863.9 86636.1 92495.2 87517.3 90748.8 101195 75900.8 76153.9 87721.8 89718.5 94002.4 77637.1 90676.1 99608.9 96145 98379.9 119607 72613.9 97500.1 101700 82617.4
#pred cpue bio
 4.81163e+006 4.51287e+006 4.23285e+006 3.9155e+006 3.56528e+006 3.21669e+006 2.86162e+006 2.55114e+006 2.24641e+006 1.97934e+006 1.72782e+006 1.50226e+006 1.30444e+006 1.14641e+006 1.00976e+006 899608 821089 752942 712359 675502 651409 621548 618966 611280 585140 579843 570683 575104 574791 568183 560346 558896 553749 551419 543964 527423 504455 494080 487154 496313 508099 513938 523553 533004 533019 530528 523734 526190 521671 522069 519040 505477 522194 540436 545451 547648 546423 565428 570474 564516 561418 555456 526693 553049 554327 551630 2.00249e+007 1.20882e+007 1.22567e+007 1.27243e+007 1.34066e+007 1.41127e+007 1.4741e+007 1.52567e+007 1.56595e+007 1.5964e+007 1.61897e+007 1.63548e+007 1.64748e+007 1.6562e+007 1.66253e+007 1.66716e+007 1.67054e+007 1.67304e+007 1.6749e+007 1.67628e+007 1.67732e+007 1.6781e+007 1.67869e+007 1.67914e+007 1.67949e+007 1.67975e+007 1.67995e+007 1.6801e+007 1.68022e+007 1.68031e+007 1.68038e+007 1.68044e+007 1.68048e+007 1.68051e+007 1.68054e+007 1.68056e+007 1.68057e+007 1.68058e+007 1.68059e+007 1.6806e+007 1.6806e+007 1.68061e+007 1.68061e+007 1.68061e+007 1.68062e+007 1.68062e+007 1.68062e+007 1.68062e+007 1.68062e+007 1.68062e+007 1.68062e+007 1.68062e+007 1.68062e+007 1.68062e+007 1.68062e+007 1.68062e+007 1.68062e+007 1.68062e+007 1.68062e+007 1.68062e+007 1.68062e+007 1.68062e+007 1.68062e+007 1.68062e+007 1.68062e+007 1.68062e+007 1.68062e+007 1.68062e+007 1.68062e+007 1.68062e+007 1.68062e+007 1.68062e+007 1.68062e+007 1.68062e+007 1.68062e+007 1.68062e+007 1.68062e+007 1.68062e+007 1.68062e+007 1.68062e+007 1.68062e+007 1.68062e+007 1.68062e+007 1.68062e+007 1.68062e+007 1.68062e+007 1.68062e+007 1.68062e+007 1.68062e+007 1.68062e+007 1.68062e+007 1.68062e+007 1.68062e+007 1.68062e+007 1.68062e+007 1.68062e+007 1.68062e+007 1.68062e+007 1.68062e+007 1.68062e+007 0 0 0 0 0 0 0 0 0 0 0 0 0 0 0 0 0 0 0 0 0 0 0 0 0
#obs cpue bio
 3.24208e+006 3.56544e+006 4.63316e+006 4.16031e+006 4.64676e+006 2.2895e+006 3.02809e+006 2.34938e+006 2.51163e+006 2.09463e+006 1.20049e+006 1.27216e+006 1.68887e+006 696085 853718 725748 879132 658177 649582 621018 584205 750831 511123 736558 443032 505608 766874 612142 460026 537938 620620 584434 658123 539295 558483 644026 309997 536881 481023 350156 601195 659521 624309 562432 549963 610787 451451 665865 585868 594181 345203 453894 770358 629204 788843 489814 528840 556566 575184 605615 492710 393140 654933 488696 541068 603658
#pred surv len freq
 0.00450875 0.00733165 0.01106 0.0156949 0.0211538 0.0271954 0.0333852 0.0391917 0.0441772 0.0481359 0.0510912 0.0532002 0.0546592 0.055645 0.0562794 0.0566127 0.056628 0.0562556 0.0553674 0.0537436 0.0510516 0.0469149 0.0411143 0.0338345 0.0257678
 0.00479703 0.0077259 0.0115199 0.0161475 0.0215274 0.0274656 0.0335985 0.0394424 0.044543 0.0486117 0.0515678 0.0535059 0.0546409 0.0552426 0.055558 0.0557408 0.0558145 0.0556706 0.0550792 0.0537 0.0511151 0.0469363 0.0410035 0.0335904 0.0254554
 0.00490317 0.00793807 0.0119067 0.0167824 0.0224534 0.0286515 0.0349179 0.040704 0.0455683 0.0493107 0.0519553 0.0536483 0.054579 0.0549572 0.055003 0.0549093 0.0547822 0.0545809 0.0540812 0.0528806 0.0504712 0.0464021 0.0405082 0.033105 0.0250002
 0.00507279 0.00819755 0.0122713 0.0172667 0.0230822 0.029466 0.0359648 0.0420014 0.0470624 0.0508569 0.0533493 0.0546962 0.055163 0.0550522 0.0546447 0.0541552 0.0537014 0.0532677 0.052659 0.0514774 0.0491815 0.0452676 0.0395317 0.0322806 0.0243306
 0.0053548 0.00863928 0.0129041 0.0181071 0.024128 0.0306945 0.0373336 0.0434554 0.0485469 0.0523223 0.0547383 0.0559213 0.0561009 0.0555695 0.0546422 0.0536002 0.0526317 0.0517766 0.0508777 0.049557 0.0472715 0.0434934 0.0379817 0.031005 0.023347
 0.00560264 0.00904785 0.013529 0.0190022 0.0253328 0.0322152 0.0391237 0.0454124 0.0505307 0.0541895 0.0563731 0.0572463 0.0570648 0.0561246 0.0547304 0.0531622 0.0516344 0.0502416 0.0488939 0.0472732 0.0448735 0.0411728 0.035904 0.0292847 0.0220345
 0.00587582 0.00948681 0.0141814 0.0199126 0.0265389 0.0337385 0.0409553 0.0474984 0.0527664 0.0564276 0.0584439 0.0589875 0.0583489 0.0568723 0.0549037 0.0527456 0.050623 0.0486488 0.0467746 0.0447461 0.0421234 0.0384266 0.0333868 0.0271715 0.0204157
 0.00609713 0.00984932 0.0147326 0.0206998 0.0276022 0.035099 0.0426021 0.0493823 0.0548052 0.0585162 0.0604634 0.0608094 0.0598416 0.0579138 0.0553972 0.052629 0.0498698 0.0472663 0.0448109 0.0423051 0.0393773 0.0356063 0.030742 0.0249138 0.0186681
 0.0064018 0.01033 0.0154297 0.0216438 0.028812 0.0365777 0.0443289 0.0513053 0.056841 0.0605589 0.0623978 0.0625223 0.0612289 0.0588831 0.0558677 0.0525339 0.0491619 0.0459285 0.0428706 0.0398515 0.0365736 0.0326834 0.0279629 0.0225127 0.0167922
 0.00677238 0.0109117 0.0162664 0.0227626 0.0302189 0.0382527 0.0462191 0.0533239 0.0588783 0.0625018 0.0641455 0.0639932 0.0623572 0.0596132 0.0561495 0.05232 0.0484097 0.04461 0.0409908 0.0374731 0.0338365 0.029803 0.025197 0.0201008 0.0148926
 0.00706139 0.0113967 0.0170233 0.0238688 0.0317338 0.0401879 0.0485115 0.0558304 0.0614021 0.0648382 0.0661243 0.0655008 0.0633378 0.0600556 0.056067 0.0517309 0.0473251 0.0430342 0.0389383 0.0349962 0.0310528 0.0269039 0.0224213 0.0176783 0.0129796
 0.00728926 0.0117736 0.0176045 0.0247148 0.0329038 0.0417258 0.0504243 0.0580677 0.063846 0.0673098 0.0684093 0.0673892 0.064667 0.0607376 0.0560899 0.0511365 0.0461771 0.0413954 0.0368675 0.0325663 0.0283771 0.0241515 0.0198023 0.0153969 0.0111769
 0.00764688 0.0123248 0.0183791 0.0257241 0.0341447 0.0431861 0.0520829 0.0598888 0.0657721 0.0692572 0.0702665 0.0690214 0.0659303 0.0615034 0.0562717 0.0507054 0.0451595 0.0398565 0.0348939 0.0302612 0.0258689 0.0216025 0.0173991 0.0133157 0.00953728
 0.00797402 0.0128486 0.019151 0.0267822 0.0355027 0.044818 0.0539114 0.0617911 0.0676076 0.0709047 0.0716473 0.0700959 0.0666754 0.0618909 0.0562615 0.0502566 0.0442498 0.0384974 0.0331367 0.028196 0.0236217 0.0193292 0.0152694 0.0114819 0.00809897
 0.00822125 0.0132574 0.0197787 0.0276862 0.0367276 0.046375 0.0557567 0.0638157 0.0696493 0.0727793 0.0731882 0.0711867 0.0672662 0.0619917 0.0559174 0.0495189 0.0431583 0.0370827 0.031436 0.0262715 0.0215715 0.017284 0.0133741 0.00986505 0.00684027
 0.00828448 0.0133864 0.0200223 0.0281088 0.0373974 0.0473433 0.0570349 0.0653615 0.0713663 0.0745291 0.0748097 0.0725218 0.0681882 0.0624283 0.0558588 0.0490063 0.0422603 0.0358724 0.0299821 0.0246444 0.0198561 0.0155855 0.0118084 0.00853479 0.00580844
 0.00830576 0.0134162 0.0200611 0.0281605 0.0374779 0.0474888 0.0573034 0.0658204 0.0720668 0.0754772 0.0759489 0.0737381 0.0693344 0.0633585 0.0564592 0.0492149 0.0420696 0.0353192 0.0291311 0.023576 0.0186611 0.0143637 0.0106609 0.00754861 0.0050379
 0.0084179 0.0135854 0.0202907 0.028444 0.0377998 0.0478281 0.0576398 0.0661417 0.0723777 0.075802 0.0763232 0.074187 0.0698497 0.0638878 0.0569162 0.0495047 0.0421175 0.0350905 0.0286359 0.0228629 0.0178059 0.0134565 0.00979276 0.00679547 0.00444672
 0.00845832 0.0136438 0.020365 0.0285271 0.0378813 0.0478975 0.0576893 0.0661692 0.0723892 0.075815 0.0763665 0.0742968 0.0700568 0.0642013 0.05731 0.0499161 0.0424621 0.0352871 0.0286318 0.0226487 0.0174157 0.0129564 0.00926167 0.00630569 0.00404763
 0.0084481 0.013639 0.020379 0.0285782 0.0379858 0.0480602 0.0578964 0.0663895 0.0725846 0.0759548 0.0764392 0.0743138 0.070048 0.064204 0.0573541 0.0500093 0.0425826 0.0353884 0.0286601 0.0225645 0.0172107 0.0126566 0.00891683 0.00597079 0.00376541
 0.00834692 0.0134832 0.0201619 0.0283026 0.0376666 0.0477266 0.0575907 0.0661598 0.0724711 0.0759746 0.0765807 0.0745437 0.0703277 0.0645046 0.0576612 0.050318 0.0428857 0.0356677 0.0288857 0.0227048 0.0172471 0.0125936 0.00878247 0.00580552 0.00360733
 0.0085059 0.0137004 0.0204126 0.0285385 0.0378299 0.0477723 0.0575054 0.0659669 0.0722197 0.0757222 0.076375 0.0744117 0.0702733 0.0645138 0.0577131 0.0503939 0.0429732 0.0357568 0.0289635 0.0227544 0.0172527 0.0125492 0.00869636 0.00569789 0.00350136
 0.00848521 0.0136676 0.0203628 0.028463 0.0377127 0.0475881 0.0572244 0.0655686 0.0717134 0.0751604 0.075849 0.0740247 0.0701037 0.0645887 0.0580045 0.050836 0.0434879 0.0362747 0.0294331 0.0231428 0.0175429 0.012739 0.00879753 0.00573276 0.00349647
 0.00850671 0.013699 0.0204034 0.0285097 0.0377597 0.0476269 0.0572425 0.0655477 0.0716299 0.0749922 0.0755885 0.0736927 0.0697532 0.0642921 0.0578274 0.0508125 0.0436105 0.0365022 0.0297094 0.0234151 0.0177731 0.0129076 0.00890215 0.00578409 0.00351171
 0.00853791 0.0137694 0.0205449 0.028761 0.0381535 0.04817 0.0579001 0.0662422 0.0722578 0.075451 0.0758016 0.073625 0.0694174 0.063747 0.0571662 0.0501408 0.0430186 0.036044 0.0293963 0.0232251 0.0176684 0.012851 0.00886707 0.00575645 0.0034872
 0.00841896 0.0135773 0.0202606 0.0283748 0.0376754 0.0476409 0.0573961 0.065861 0.0720872 0.0755323 0.0761103 0.0740798 0.0699124 0.0641883 0.0574982 0.0503545 0.0431421 0.0361221 0.0294682 0.0233102 0.0177654 0.0129463 0.0089462 0.00581189 0.00351961
 0.0085392 0.0137348 0.0204272 0.0284995 0.0376974 0.0475118 0.0571012 0.0654309 0.0715936 0.0750715 0.0757761 0.0739345 0.0699657 0.0643962 0.0577836 0.0506396 0.0433758 0.0362895 0.0295822 0.023394 0.0178368 0.0130115 0.00900297 0.00585568 0.00354866
 0.0084487 0.013611 0.0202817 0.0283523 0.037564 0.0473871 0.0569526 0.0652097 0.0712644 0.0746421 0.0753094 0.0735313 0.0697267 0.0643821 0.0579943 0.051019 0.0438388 0.0367545 0.0299941 0.0237297 0.0180963 0.0132054 0.00914293 0.00595176 0.00360997
 0.00835406 0.0134656 0.0200801 0.0280988 0.0372747 0.0470914 0.0566879 0.0650105 0.0711449 0.0745858 0.0752768 0.0734853 0.0696606 0.064328 0.0580048 0.0511354 0.0440672 0.0370636 0.0303329 0.0240496 0.0183665 0.0134145 0.00929366 0.00605351 0.00367401
 0.00835223 0.0134555 0.020052 0.0280394 0.0371719 0.0469398 0.0564957 0.0648002 0.0709487 0.0744344 0.0751866 0.0734514 0.069661 0.0643385 0.0580164 0.0511603 0.0441291 0.0371793 0.0304992 0.0242444 0.0185601 0.0135826 0.0094239 0.00614483 0.00373243
 0.00826259 0.013331 0.0199032 0.0278877 0.0370412 0.0468448 0.0564338 0.0647544 0.0708989 0.074371 0.0751166 0.0733933 0.0696328 0.0643477 0.0580581 0.051225 0.0442113 0.0372806 0.0306226 0.0243869 0.0187098 0.0137231 0.00954106 0.006232 0.00379052
 0.00804997 0.0130062 0.0194547 0.0273228 0.0363881 0.0461528 0.0557708 0.0641968 0.0705135 0.0741951 0.0751487 0.0736009 0.0699696 0.0647693 0.0585276 0.0517122 0.0446912 0.0377338 0.0310364 0.0247537 0.0190245 0.0139814 0.00974062 0.00637493 0.00388431
 0.00797671 0.012873 0.0192292 0.0269688 0.0358775 0.0454836 0.0549818 0.0633695 0.0697556 0.0736116 0.0748146 0.0735451 0.0701742 0.0651813 0.0590778 0.0523325 0.0453253 0.0383409 0.0315892 0.0252359 0.0194276 0.0143029 0.00998319 0.00654605 0.0039959
 0.00783596 0.0126604 0.018938 0.0265996 0.0354332 0.0449634 0.0543823 0.0626949 0.0690332 0.0729027 0.0742094 0.0731405 0.070043 0.0653485 0.0595144 0.0529686 0.0460732 0.0391167 0.0323267 0.0258907 0.0199754 0.0147356 0.0103047 0.00676941 0.00413969
 0.00780331 0.0125948 0.0188168 0.0263963 0.035126 0.044547 0.0538758 0.0621381 0.0684724 0.0723758 0.0737432 0.0727604 0.0697837 0.0652526 0.059617 0.0532775 0.0465593 0.03972 0.032974 0.0265142 0.0205252 0.0151836 0.0106434 0.0070066 0.00429291
 0.00847319 0.0135438 0.0199851 0.0276373 0.0362444 0.0453624 0.0542762 0.0620984 0.0680399 0.0716411 0.0728131 0.0717384 0.0687604 0.0643036 0.0588049 0.0526508 0.0461457 0.0395182 0.0329521 0.0266186 0.020696 0.0153694 0.0108093 0.00713551 0.00438214
 0.00910778 0.0145612 0.0214801 0.0296631 0.0387718 0.0482339 0.0571825 0.0646203 0.0697633 0.0722963 0.0723589 0.0703475 0.066729 0.0619482 0.056394 0.0503813 0.0441458 0.0378585 0.0316549 0.0256656 0.0200393 0.0149455 0.0105533 0.00699128 0.00430659
 0.00908414 0.0145983 0.0216773 0.0301632 0.0397293 0.0497566 0.0592701 0.0671255 0.072395 0.0746705 0.0740884 0.0711475 0.0664999 0.0607961 0.0545789 0.0482241 0.0419415 0.0358262 0.0299256 0.0242933 0.0190198 0.0142362 0.010092 0.00671151 0.00414892
 0.00903645 0.0145191 0.0215608 0.0300186 0.039598 0.0497294 0.0594869 0.0677412 0.0735125 0.076267 0.075978 0.0730124 0.0679819 0.0616121 0.0546074 0.0475283 0.0407259 0.0343552 0.0284438 0.0229762 0.0179598 0.0134543 0.00956043 0.00637806 0.00395618
 0.00881558 0.0141866 0.0211095 0.0294597 0.0389583 0.0490492 0.058825 0.0671853 0.0731834 0.076302 0.0764863 0.0740139 0.0693644 0.0631389 0.0559854 0.048508 0.0411834 0.0343164 0.0280477 0.022405 0.0173741 0.0129572 0.0091934 0.00613715 0.00381417
 0.00864399 0.013912 0.0207059 0.0289093 0.0382598 0.0482274 0.0579381 0.0663232 0.0724534 0.0758101 0.076322 0.0742399 0.0700005 0.064139 0.0572219 0.049787 0.0422969 0.0351108 0.028471 0.0225072 0.017267 0.0127604 0.00899566 0.00598347 0.003714
 0.00862171 0.0138667 0.0206201 0.0287601 0.0380221 0.0478819 0.0574804 0.0657711 0.0718502 0.0752214 0.0758283 0.073924 0.0699325 0.064359 0.0577235 0.0505054 0.0431144 0.035885 0.0290801 0.0228893 0.0174318 0.0127693 0.00892526 0.00589508 0.00364124
 0.00858511 0.0138068 0.0205288 0.028628 0.0378387 0.0476367 0.0571655 0.0653853 0.0714043 0.0747423 0.0753604 0.073526 0.0696689 0.0642871 0.057878 0.0508846 0.0436717 0.0365339 0.0297149 0.0234175 0.0178019 0.0129804 0.00901404 0.0059116 0.00362756
 0.00851793 0.0137056 0.0203914 0.0284569 0.03764 0.0474167 0.0569292 0.0651359 0.0711441 0.0744747 0.0750931 0.0732749 0.0694609 0.0641588 0.0578686 0.0510232 0.0439632 0.0369498 0.0301954 0.0238882 0.0181977 0.0132657 0.00918812 0.00599896 0.00366115
 0.00846804 0.0136367 0.0203101 0.0283773 0.0375789 0.0473878 0.0569363 0.0651708 0.0711878 0.0745019 0.0750785 0.0732013 0.0693263 0.0639811 0.057684 0.0508781 0.0438997 0.0369906 0.0303342 0.0240909 0.018416 0.0134559 0.00932558 0.00608118 0.00370081
 0.00849859 0.0136733 0.0203419 0.028388 0.0375539 0.0473232 0.0568455 0.0650806 0.0711263 0.0744842 0.0750985 0.0732347 0.0693427 0.063958 0.0576168 0.050783 0.0438076 0.0369351 0.0303374 0.024154 0.0185203 0.0135719 0.00942696 0.00615378 0.00374381
 0.00855636 0.0137667 0.0204802 0.0285764 0.0377888 0.0475872 0.0571058 0.0652958 0.0712603 0.0745207 0.0750458 0.0731169 0.0691847 0.063775 0.0574147 0.0505662 0.0435876 0.036732 0.0301741 0.0240463 0.0184693 0.013565 0.00944422 0.0061772 0.00376263
 0.00848894 0.0136662 0.0203466 0.0284168 0.0376175 0.0474232 0.0569698 0.0652058 0.071226 0.07454 0.0751064 0.0732027 0.0692826 0.0638772 0.0575161 0.0506606 0.0436689 0.0367976 0.0302276 0.0240956 0.0185212 0.0136208 0.00949923 0.00622466 0.00379789
 0.008588 0.0138047 0.0205134 0.0285881 0.0377642 0.0475228 0.0570151 0.0652058 0.0711988 0.0745025 0.0750672 0.0731609 0.0692318 0.0638112 0.0574337 0.0505663 0.04357 0.0367021 0.0301423 0.0240264 0.0184723 0.0135929 0.00948914 0.0062261 0.00380425
 0.00871987 0.014 0.0207709 0.0288915 0.038083 0.047817 0.0572417 0.0653275 0.0711955 0.0743801 0.0748582 0.0729122 0.0689872 0.0635981 0.0572595 0.0504254 0.0434531 0.036602 0.0300567 0.0239559 0.0184187 0.0135567 0.00946877 0.00621766 0.00380296
 0.00874667 0.0140637 0.0209027 0.0291293 0.0384574 0.0483311 0.0578554 0.0659585 0.0717402 0.0747463 0.0749924 0.0728116 0.0686935 0.063179 0.0567868 0.0499569 0.0430251 0.0362313 0.0297474 0.0237066 0.0182258 0.0134154 0.00937203 0.0061567 0.00376802
 0.00878669 0.0141379 0.0210322 0.0293421 0.038785 0.0488003 0.0584758 0.0667089 0.0725601 0.0755373 0.0756352 0.0731972 0.068757 0.0629195 0.0562646 0.0492694 0.0422758 0.0355052 0.0291006 0.023167 0.0178007 0.0130988 0.00915039 0.00601189 0.00368054
 0.00854669 0.013762 0.0204954 0.0286366 0.0379288 0.0478472 0.0575219 0.0658869 0.0720118 0.0753731 0.0758959 0.0738368 0.0696545 0.0639157 0.0572086 0.0500572 0.0428656 0.0359082 0.0293572 0.0233236 0.017895 0.0131563 0.00918608 0.00603425 0.00369438
 0.00848001 0.0136319 0.0202598 0.0282443 0.0373338 0.047031 0.0565157 0.0647796 0.0709392 0.0744905 0.075344 0.073709 0.0699716 0.0646175 0.0581681 0.0511166 0.0438798 0.0367779 0.03004 0.0238237 0.0182428 0.0133888 0.00933635 0.00612786 0.00375001
 0.00866531 0.0139031 0.0206101 0.0286417 0.0377223 0.0473369 0.0566581 0.0646873 0.070574 0.0738702 0.0745521 0.0728804 0.0692565 0.0641373 0.0579812 0.0512066 0.0441694 0.0371627 0.0304244 0.0241457 0.018479 0.0135446 0.0094308 0.00618142 0.00377882
 0.00870584 0.0139917 0.0207835 0.028943 0.0381833 0.0479536 0.0573711 0.0653827 0.071111 0.0741243 0.0744547 0.072441 0.0685606 0.0633229 0.0571992 0.0505783 0.0437563 0.03696 0.0303792 0.0241873 0.0185475 0.0136045 0.00946974 0.00620157 0.00378711
 0.00863468 0.0138981 0.0206851 0.0288747 0.0381935 0.048094 0.0576816 0.0658738 0.071747 0.0748164 0.0750741 0.0728539 0.0686742 0.0631195 0.0567424 0.0499874 0.0431624 0.0364637 0.0300273 0.0239752 0.0184392 0.0135573 0.00945081 0.00619262 0.0037811
 0.00843391 0.0135761 0.0202112 0.0282299 0.0373828 0.0471613 0.0567208 0.0650225 0.0711561 0.0746037 0.0752826 0.0734336 0.0694965 0.0640189 0.0575696 0.0506518 0.0436465 0.0368055 0.0302849 0.0241944 0.018639 0.0137348 0.00959557 0.00629832 0.00384976
 0.00844704 0.0135851 0.0202008 0.028176 0.0372554 0.0469324 0.0563753 0.0645695 0.0706378 0.0740954 0.0748801 0.0732254 0.0695313 0.0642835 0.0579919 0.051129 0.0440855 0.037153 0.0305337 0.0243679 0.0187671 0.0138376 0.00967989 0.00636381 0.0038957
 0.00853576 0.013727 0.0204088 0.0284567 0.0376029 0.0473214 0.0567561 0.0648731 0.0707928 0.0740533 0.0746368 0.0728282 0.0690662 0.063847 0.0576574 0.0509245 0.0439922 0.0371258 0.0305285 0.0243598 0.018752 0.0138223 0.00967077 0.00636208 0.00389863
 0.00865908 0.0139085 0.0206472 0.0287396 0.0379118 0.0476382 0.0570663 0.065162 0.0710381 0.0742215 0.0746884 0.072733 0.0688213 0.0634856 0.057242 0.0505255 0.0436627 0.0368866 0.0303706 0.0242591 0.0186857 0.0137765 0.00963952 0.0063427 0.0038884
 0.00878042 0.0141035 0.0209352 0.0291335 0.0384116 0.0482232 0.0576902 0.0657579 0.0715344 0.0745614 0.0748408 0.0726916 0.0685968 0.0631016 0.0567365 0.0499519 0.0430828 0.0363567 0.0299277 0.0239155 0.0184342 0.0136004 0.00952137 0.00626735 0.00384349
 0.00900394 0.0144696 0.02149 0.0299184 0.0394506 0.049504 0.0591461 0.0672632 0.0729223 0.0756595 0.0755108 0.0728581 0.0682585 0.0623243 0.0556319 0.0486523 0.0417193 0.0350433 0.028751 0.0229288 0.0176573 0.0130251 0.00912082 0.00600611 0.00368483
 0.00872521 0.0140329 0.0208668 0.0291025 0.0384699 0.0484331 0.0581124 0.0664316 0.0724547 0.0756612 0.0759911 0.0737258 0.0693523 0.063462 0.0566579 0.0494677 0.0422906 0.0353906 0.0289266 0.0229938 0.0176646 0.0130108 0.00910413 0.00599404 0.00367797
 0.00883748 0.0141879 0.0210482 0.0292757 0.0385889 0.0484543 0.0580094 0.0662074 0.0721471 0.0753395 0.07574 0.0736186 0.0694219 0.063686 0.0569665 0.0497716 0.0425135 0.0354928 0.0289098 0.0228909 0.0175201 0.0128647 0.00898178 0.00590513 0.00362073
 0.00877953 0.0141324 0.0210339 0.029357 0.0388142 0.0488354 0.0584997 0.0667076 0.0725401 0.0755371 0.0757171 0.0734175 0.0691293 0.063395 0.0567414 0.0496301 0.0424316 0.0354269 0.0288227 0.0227682 0.0173713 0.012712 0.00884727 0.0058018 0.00355073
#obs surv len freq
 nan nan nan nan nan nan nan nan nan nan nan nan nan nan nan nan nan nan nan nan nan nan nan nan nan
 0.00448279 0.00734316 0.0111721 0.0159874 0.0216873 0.0279622 0.0342761 0.0400075 0.0446877 0.0481526 0.0505119 0.0520093 0.052903 0.0534168 0.0537321 0.0539879 0.054267 0.0545602 0.0546992 0.0542912 0.0527292 0.049361 0.0438103 0.0362896 0.0276724
 0.00461704 0.00756309 0.0115058 0.0164611 0.0223186 0.0287506 0.0351926 0.0409928 0.0456598 0.0490235 0.0512042 0.0524677 0.0530998 0.0533515 0.0534276 0.0534817 0.0536032 0.0537817 0.0538453 0.053399 0.0518377 0.0485137 0.0430522 0.0356591 0.0271905
 0.00477591 0.00782419 0.011904 0.0170308 0.0230869 0.0297264 0.0363551 0.0422857 0.046997 0.0503026 0.0523221 0.0533334 0.0536442 0.0535345 0.0532413 0.0529485 0.0527688 0.052706 0.052595 0.0520446 0.0504547 0.0471827 0.0418532 0.0346581 0.0264241
 0.00497182 0.00814222 0.012382 0.0177041 0.0239825 0.0308529 0.037692 0.043778 0.0485608 0.0518378 0.0537247 0.0545048 0.0544968 0.0539982 0.0532706 0.0525285 0.0519175 0.0514725 0.0510552 0.0502963 0.0486135 0.045376 0.0402066 0.0332741 0.0253604
 0.00518497 0.00849289 0.0129173 0.0184701 0.0250148 0.0321621 0.0392491 0.0455107 0.0503649 0.0535981 0.0553328 0.0558666 0.0555319 0.0546376 0.0534573 0.0522226 0.0511044 0.0501714 0.0493257 0.0482416 0.0463773 0.0431305 0.0381284 0.0315103 0.0239966
 0.0053995 0.00884605 0.0134573 0.0192453 0.0260652 0.0335054 0.0408651 0.0473347 0.052295 0.0555132 0.0571116 0.0574004 0.0567303 0.0554285 0.0537835 0.0520394 0.0503821 0.048905 0.0475499 0.0460457 0.0439112 0.0405939 0.035739 0.0294571 0.0223958
 0.00564593 0.00924674 0.0140607 0.020097 0.0272002 0.0349354 0.0425649 0.0492365 0.0542967 0.0574961 0.0589581 0.0590038 0.057999 0.0562869 0.0541711 0.0519085 0.0496978 0.0476512 0.0457448 0.0437621 0.0412927 0.0378509 0.0331156 0.0271759 0.0206013
 0.0058827 0.00963491 0.0146508 0.0209383 0.0283307 0.0363671 0.0442689 0.0511385 0.0562887 0.0594579 0.0607765 0.060582 0.0592567 0.0571568 0.0545956 0.0518378 0.0490901 0.0464801 0.0440139 0.041528 0.0386858 0.035077 0.0304266 0.0248108 0.0187238
 0.00614158 0.0100593 0.0152959 0.0218574 0.0295644 0.0379263 0.046118 0.0531895 0.0584142 0.0615171 0.0626394 0.0621441 0.0604424 0.0579152 0.0548917 0.0516439 0.0483805 0.0452345 0.0422324 0.0392567 0.0360416 0.0322559 0.0276776 0.0223787 0.0167818
 0.0063725 0.0104408 0.0158817 0.0227013 0.0307106 0.0393922 0.0478768 0.0551635 0.0604853 0.0635481 0.0644972 0.0637142 0.0616368 0.0586736 0.0551781 0.0514386 0.0476719 0.0440159 0.0405116 0.0370774 0.0335094 0.0295499 0.0250313 0.0200267 0.0148945
 0.00661113 0.0108295 0.0164682 0.023531 0.0318185 0.0407899 0.0495385 0.0570197 0.0624306 0.0654595 0.0662524 0.0652048 0.0627747 0.0593944 0.0554405 0.051221 0.0469664 0.0428252 0.0388531 0.0349995 0.0311125 0.0269985 0.022539 0.0178096 0.013112
 0.00684276 0.0112104 0.0170489 0.0243606 0.0329333 0.0421974 0.0512016 0.0588531 0.0643152 0.0672674 0.0678688 0.0665385 0.0637585 0.0599811 0.0555999 0.0509361 0.0462315 0.0416455 0.0372502 0.0330238 0.0288603 0.0246209 0.0202286 0.0157601 0.0114658
 0.00707881 0.0115965 0.0176345 0.0251924 0.034046 0.0435982 0.0528543 0.0606724 0.0661785 0.0690382 0.0694215 0.0677742 0.0646115 0.0604172 0.0556089 0.0505229 0.0454082 0.0404291 0.0356686 0.0311283 0.0267412 0.0224146 0.0181054 0.0138891 0.00996941
 0.00730805 0.0119743 0.0182119 0.0260192 0.0351589 0.0450036 0.0545114 0.0624889 0.068024 0.0707713 0.0709144 0.0689278 0.0653612 0.0607321 0.0554871 0.0499835 0.0444818 0.0391521 0.0340835 0.0292929 0.0247418 0.020373 0.0161687 0.0122001 0.0086285
 0.00745296 0.0122159 0.0185873 0.0265675 0.0359152 0.045987 0.0557122 0.0638613 0.0694894 0.0722296 0.0722582 0.0700562 0.0661904 0.0612035 0.055571 0.0496767 0.0438029 0.038135 0.0327749 0.0277552 0.0230594 0.0186562 0.0145444 0.0107877 0.00751022
 0.00754611 0.0123658 0.0188108 0.0268811 0.0363346 0.0465255 0.0563762 0.0646467 0.0703777 0.0731863 0.0732328 0.0709837 0.0669967 0.0618145 0.0559227 0.0497246 0.0435269 0.0375404 0.0318916 0.0266371 0.021785 0.0173259 0.0132702 0.00967272 0.00662451
 0.00759426 0.0124407 0.0189174 0.0270229 0.0365142 0.0467459 0.0566423 0.064965 0.0707561 0.0736322 0.0737477 0.0715565 0.0675975 0.0623926 0.0564121 0.0500553 0.0436384 0.0373945 0.0314803 0.0259864 0.0209538 0.0163999 0.0123482 0.00884682 0.00595901
 0.00764641 0.0125176 0.0190184 0.0271426 0.0366441 0.0468778 0.0567713 0.0650914 0.0708869 0.0737801 0.0739297 0.071789 0.0678884 0.0627338 0.0567738 0.0503873 0.0438787 0.0374833 0.0313761 0.0256788 0.0204696 0.0157993 0.0117117 0.00825426 0.00546987
 0.00772636 0.012637 0.0191782 0.0273358 0.0368566 0.0470912 0.0569653 0.0652477 0.0709929 0.0738349 0.073946 0.0717907 0.0679039 0.062786 0.0568714 0.0505184 0.04401 0.0375672 0.0313635 0.0255365 0.0201934 0.0154183 0.0112802 0.00783486 0.00511352
 0.00777273 0.0127149 0.0192994 0.0275106 0.0370899 0.0473754 0.0572768 0.0655484 0.0712406 0.0739965 0.0740083 0.0717627 0.0678123 0.0626662 0.056757 0.0504311 0.0439529 0.0375227 0.0313 0.0254204 0.0200047 0.0151611 0.0109825 0.0075377 0.00485511
 0.00781277 0.0127705 0.0193662 0.0275803 0.0371543 0.0474326 0.0573334 0.0656168 0.07133 0.074105 0.0741207 0.0718573 0.0678709 0.0626834 0.0567412 0.0503993 0.0439205 0.0374949 0.031268 0.0253659 0.0199101 0.0150205 0.0108072 0.00735205 0.00468611
 0.00784168 0.0128162 0.0194318 0.0276663 0.0372571 0.0475426 0.0574364 0.0656971 0.0713782 0.0741226 0.0741195 0.0718515 0.0678688 0.0626836 0.0567367 0.0503844 0.043895 0.0374618 0.0312283 0.0253151 0.0198405 0.0149271 0.0106935 0.0072307 0.00457344
 0.007867 0.0128545 0.0194842 0.0277321 0.0373339 0.0476271 0.0575239 0.065781 0.0714498 0.0741728 0.0741421 0.0718467 0.0678435 0.062648 0.0566993 0.050349 0.0438608 0.0374262 0.0311884 0.0252682 0.0197833 0.014858 0.0106145 0.00714842 0.00449735
 0.00788372 0.0128777 0.0195117 0.0277596 0.037356 0.0476398 0.0575261 0.0657754 0.0714412 0.0741664 0.0741414 0.0718522 0.0678533 0.0626595 0.0567112 0.0503608 0.043872 0.037435 0.0311919 0.0252628 0.0197662 0.0148281 0.0105738 0.00710212 0.00445216
 0.0078964 0.0128978 0.019541 0.0277985 0.0374031 0.0476908 0.0575739 0.0658111 0.0714577 0.0741614 0.0741187 0.0718198 0.0678202 0.062632 0.0566916 0.0503485 0.0438649 0.0374306 0.0311873 0.0252549 0.0197525 0.0148072 0.0105465 0.00707141 0.00442225
 0.00790679 0.0129107 0.0195531 0.0278048 0.0373985 0.0476728 0.0575444 0.0657759 0.0714237 0.0741337 0.0740992 0.0718084 0.0678163 0.0626361 0.0567043 0.0503696 0.0438924 0.0374609 0.0312163 0.0252786 0.0197678 0.0148127 0.0105429 0.00706109 0.00440885
 0.00788079 0.0128709 0.0194977 0.0277335 0.0373124 0.047574 0.0574363 0.0656647 0.0713186 0.0740464 0.0740418 0.0717894 0.0678383 0.062695 0.0567915 0.0504745 0.0440049 0.0375722 0.0313191 0.0253673 0.0198385 0.0148638 0.0105753 0.00707809 0.00441508
 0.00787282 0.0128501 0.0194522 0.0276485 0.0371753 0.0473816 0.0572003 0.065411 0.0710805 0.0738546 0.0739168 0.07174 0.0678635 0.0627865 0.056936 0.0506553 0.0442042 0.0377731 0.0315076 0.0255328 0.0199744 0.0149677 0.0106484 0.00712488 0.00444179
 0.00786353 0.0128353 0.01943 0.027616 0.0371273 0.0473101 0.0570961 0.0652676 0.0709002 0.0736521 0.0737186 0.0715773 0.0677623 0.0627609 0.0569857 0.0507687 0.0443627 0.0379558 0.0316944 0.0257072 0.0201245 0.0150871 0.0107359 0.00718347 0.00447738
 0.00784304 0.0128011 0.0193772 0.0275399 0.0370251 0.0471829 0.0569497 0.0651117 0.0707451 0.073506 0.0735875 0.0714682 0.0676857 0.0627296 0.0570107 0.0508537 0.0445014 0.038133 0.0318899 0.0259005 0.0202986 0.0152308 0.0108447 0.00725889 0.00452495
 0.00781509 0.0127529 0.0192996 0.0274233 0.0368621 0.0469728 0.056702 0.0648469 0.0704906 0.0732892 0.0734289 0.0713781 0.0676649 0.0627728 0.0571111 0.0510042 0.0446943 0.0383573 0.0321302 0.0261384 0.020516 0.0154139 0.0109864 0.00735928 0.00458979
 0.00777889 0.0126933 0.0192087 0.0272931 0.0366865 0.0467499 0.0564375 0.0645557 0.0701959 0.0730193 0.0732122 0.0712374 0.0676136 0.0628127 0.0572332 0.0511932 0.0449319 0.0386253 0.0324105 0.0264128 0.0207671 0.0156275 0.0111542 0.00748021 0.00466929
 0.00775522 0.0126529 0.0191441 0.0271963 0.0365504 0.0465712 0.0562194 0.0643089 0.0699373 0.0727692 0.0729919 0.071067 0.0675104 0.0627884 0.0572917 0.051329 0.0451317 0.0388699 0.0326784 0.0266823 0.0210187 0.0158452 0.0113282 0.00760786 0.0047547
 0.00772781 0.0126093 0.0190802 0.0271088 0.0364366 0.0464299 0.0560519 0.0641201 0.069736 0.0725676 0.0728043 0.0709093 0.0673973 0.0627327 0.0573022 0.0514087 0.0452762 0.0390675 0.0329111 0.0269286 0.0212569 0.0160569 0.011501 0.00773688 0.00484243
 0.00931572 0.0148318 0.0217621 0.0298656 0.0387874 0.0479753 0.0566151 0.0637728 0.0687142 0.0711505 0.071226 0.0693283 0.0659066 0.0613827 0.0561193 0.0504058 0.0444564 0.0384256 0.0324334 0.0265939 0.0210387 0.0159266 0.0114312 0.00770459 0.00483042
 0.00930217 0.015103 0.0226871 0.0319017 0.0422804 0.0528913 0.0623699 0.069327 0.0729429 0.0732866 0.071113 0.0673603 0.0627553 0.0577089 0.0524102 0.0469501 0.0413946 0.0358106 0.0302724 0.0248691 0.0197157 0.0149578 0.0107591 0.00726647 0.00456433
 0.0089601 0.0145657 0.0219352 0.0309864 0.0413769 0.052334 0.062612 0.0707787 0.0757255 0.0770501 0.0750794 0.0706193 0.0646423 0.0580353 0.0514324 0.0451564 0.0392748 0.0337234 0.0284222 0.0233423 0.0185263 0.0140808 0.010149 0.00686862 0.00432298
 0.00877493 0.0142548 0.0214497 0.0302787 0.0404191 0.0511516 0.0613262 0.0696335 0.0750664 0.077228 0.0762943 0.0727746 0.0673138 0.060609 0.0533515 0.0461322 0.0393437 0.0331477 0.0275289 0.0223998 0.0176972 0.0134327 0.00968701 0.00656526 0.00413929
 0.00870489 0.0141341 0.0212546 0.0299801 0.039986 0.0505589 0.0605684 0.068742 0.074129 0.0764014 0.075793 0.0728166 0.0680254 0.0619322 0.055022 0.0477651 0.04059 0.0338277 0.027668 0.0221636 0.0172879 0.0130096 0.00933825 0.00631773 0.00398328
 0.00869128 0.0141083 0.0212083 0.0299013 0.0398593 0.0503668 0.0602934 0.0683706 0.0736589 0.0758532 0.0752247 0.0723321 0.0677622 0.0620185 0.0555114 0.048587 0.041556 0.0347044 0.0282763 0.0224431 0.0172931 0.0128548 0.00913449 0.00613689 0.00385366
 0.00867413 0.0140814 0.0211694 0.0298484 0.0397899 0.0502771 0.0601778 0.0682216 0.0734676 0.0756126 0.0749357 0.0720128 0.067458 0.0618018 0.0554652 0.0487677 0.0419557 0.0352384 0.0288122 0.0228598 0.01753 0.0129238 0.00909411 0.00605283 0.00377199
 0.00868114 0.014089 0.0211739 0.029844 0.0397705 0.0502384 0.0601188 0.0681442 0.073374 0.0755023 0.0748051 0.0718581 0.0672824 0.0616239 0.055322 0.0487078 0.0420182 0.0354288 0.0290907 0.0231544 0.0177699 0.0130699 0.00914848 0.00604558 0.00373858
 0.00867376 0.014082 0.0211722 0.0298544 0.0397984 0.0502839 0.0601742 0.0681948 0.0734033 0.0754979 0.0747614 0.0717764 0.0671681 0.0614865 0.0551775 0.0485809 0.0419388 0.0354212 0.0291595 0.0232779 0.0179084 0.0131844 0.00921788 0.00607104 0.00373542
 0.00863447 0.0140223 0.0210907 0.0297535 0.0396854 0.0501706 0.0600756 0.0681262 0.0733751 0.0755105 0.0748046 0.0718326 0.0672197 0.0615215 0.0551924 0.0485817 0.0419397 0.0354396 0.0292086 0.0233589 0.0180081 0.0132814 0.00929354 0.00611733 0.00375587
 0.00860936 0.0139793 0.0210222 0.0296521 0.0395467 0.0499973 0.0598808 0.0679333 0.0732123 0.075403 0.0747667 0.0718643 0.0673071 0.0616422 0.0553236 0.0487062 0.0420502 0.0355382 0.0293027 0.0234547 0.0181053 0.0133729 0.00936967 0.00617163 0.00378821
 0.00863277 0.0140133 0.0210654 0.0296997 0.0395903 0.0500263 0.0598839 0.0679015 0.073143 0.0753027 0.0746515 0.0717552 0.0672231 0.0615941 0.0553108 0.04872 0.042079 0.0355734 0.0293408 0.0234959 0.01815 0.0134189 0.00941196 0.00620535 0.003811
 0.00863152 0.0140132 0.0210688 0.0297095 0.0396087 0.0500526 0.0599131 0.0679247 0.0731495 0.0752843 0.0746054 0.0716866 0.0671444 0.0615208 0.0552567 0.0486926 0.042078 0.0355928 0.0293728 0.0235341 0.0181902 0.0134579 0.00944693 0.00623364 0.0038312
 0.00861444 0.0139896 0.021041 0.0296825 0.0395891 0.0500464 0.059924 0.0679523 0.0731889 0.0753265 0.0746396 0.0717028 0.0671373 0.0614923 0.0552153 0.0486502 0.0420455 0.0355763 0.0293729 0.0235474 0.0182117 0.0134827 0.0094709 0.00625399 0.00384643
 0.00862186 0.0139985 0.0210488 0.0296854 0.0395838 0.0500328 0.0599062 0.067938 0.0731861 0.0753394 0.0746661 0.071735 0.0671645 0.0615052 0.0552097 0.0486282 0.0420145 0.0355455 0.0293499 0.0235358 0.0182111 0.0134899 0.00948204 0.00626553 0.00385611
 0.00862186 0.0139985 0.0210488 0.0296854 0.0395838 0.0500328 0.0599062 0.067938 0.0731861 0.0753394 0.0746661 0.071735 0.0671645 0.0615052 0.0552097 0.0486282 0.0420145 0.0355455 0.0293499 0.0235358 0.0182111 0.0134899 0.00948204 0.00626553 0.00385611
 0.00874574 0.0141946 0.0213329 0.0300656 0.0400553 0.050572 0.0604671 0.0684564 0.0735945 0.0755858 0.0747278 0.0716202 0.0669036 0.0611391 0.0547803 0.0481734 0.0415665 0.0351301 0.0289862 0.0232354 0.0179774 0.0133194 0.00936583 0.0061919 0.00381298
 0.00850331 0.0138281 0.0208343 0.0294496 0.0393602 0.0498568 0.0598073 0.0679343 0.0732813 0.075522 0.0749099 0.0720044 0.0674219 0.061719 0.0553598 0.0487083 0.0420312 0.0355153 0.0292939 0.0234742 0.0181584 0.0134532 0.00946145 0.00625715 0.00385484
 0.00842609 0.013675 0.020555 0.028986 0.0386674 0.0489337 0.0587201 0.0668145 0.0722936 0.0748151 0.0745773 0.0720674 0.0678367 0.0623975 0.0561949 0.0495965 0.0428886 0.036285 0.0299459 0.0239999 0.0185635 0.0137517 0.00967099 0.00639628 0.00394141
 0.00851412 0.0138121 0.0207471 0.0292265 0.0389293 0.0491631 0.0588393 0.066742 0.0719788 0.0742723 0.0738939 0.071378 0.0672756 0.0620547 0.0560961 0.0497095 0.0431468 0.0366137 0.0302819 0.0243009 0.0188087 0.0139368 0.0098016 0.00648267 0.00399484
 0.00853074 0.0138513 0.0208282 0.0293736 0.0391631 0.049488 0.0592305 0.0671404 0.0723001 0.074428 0.0738219 0.0710692 0.0667845 0.061485 0.0555651 0.0493087 0.0429168 0.0365434 0.0303269 0.0244072 0.0189311 0.0140466 0.00988648 0.00654134 0.00403175
 0.00855554 0.013894 0.0208973 0.0294801 0.0393197 0.0497066 0.0595174 0.0674899 0.0726867 0.0748035 0.074119 0.0712174 0.0667338 0.0612293 0.0551504 0.04882 0.0424485 0.0361672 0.0300736 0.0242688 0.0188766 0.0140403 0.00990028 0.00655867 0.00404556
 0.00841458 0.0136742 0.0205853 0.0290731 0.0388299 0.0491664 0.0589821 0.0670336 0.072387 0.0747184 0.0742658 0.0715638 0.0672053 0.0617313 0.0555985 0.0491658 0.0426889 0.0363337 0.0302082 0.0244015 0.0190156 0.0141768 0.0100199 0.00665134 0.00410912
 0.0084368 0.0136931 0.020582 0.0290196 0.0386971 0.0489359 0.0586582 0.066647 0.0719899 0.074373 0.0740303 0.0714786 0.0672819 0.0619465 0.0559005 0.0494901 0.0429811 0.0365655 0.0303803 0.0245318 0.0191237 0.014273 0.0101046 0.00672022 0.0041593
 0.00853345 0.0138541 0.0208291 0.0293695 0.0391505 0.0494643 0.0591966 0.067103 0.0722715 0.0744226 0.0738473 0.0711167 0.0668265 0.0614846 0.0554945 0.049167 0.0427358 0.0363766 0.0302267 0.0244035 0.0190207 0.0141987 0.0100587 0.00669715 0.00415087
 0.00850744 0.013822 0.0208006 0.0293621 0.0391871 0.0495679 0.0593818 0.067367 0.0725868 0.0747372 0.074096 0.0712436 0.0668067 0.0613341 0.0552619 0.0489111 0.0425031 0.03619 0.0300876 0.0243024 0.0189478 0.0141476 0.0100258 0.00667904 0.00414312
 0.00860715 0.0139743 0.0210114 0.0296307 0.0395067 0.0499276 0.0597669 0.0677587 0.0729621 0.0750685 0.0743511 0.0713875 0.0668087 0.0611784 0.0549583 0.0484976 0.0420363 0.0357277 0.0296736 0.0239598 0.0186817 0.0139522 0.0098905 0.00659155 0.004091
 0.00876022 0.0142273 0.0213981 0.0301803 0.0402322 0.0508097 0.060743 0.0687271 0.0738062 0.0756897 0.0746925 0.0714382 0.0665912 0.0607328 0.0543321 0.0477433 0.0412127 0.0348974 0.0288959 0.0232811 0.0181283 0.0135303 0.00958984 0.00639202 0.00396842
 0.0084708 0.0137829 0.020781 0.0293993 0.0393292 0.0498641 0.0598699 0.0680607 0.0734651 0.0757373 0.0751145 0.0721498 0.0674685 0.0616488 0.0551819 0.0484567 0.0417559 0.0352699 0.0291223 0.0233997 0.0181791 0.0135457 0.00959093 0.0063896 0.00396651
 0.00848895 0.013778 0.0207108 0.0292058 0.0389571 0.0492888 0.0591215 0.0672296 0.0726818 0.0751373 0.0748014 0.0721702 0.0678035 0.0622234 0.0558886 0.0491839 0.042413 0.0358012 0.0295089 0.0236527 0.0183273 0.013623 0.00962666 0.00640438 0.00397221
 0.00856752 0.0139043 0.0208956 0.0294502 0.039243 0.0495701 0.0593235 0.0672662 0.0724912 0.0747173 0.0742239 0.0715607 0.0672959 0.0619136 0.0558076 0.0492993 0.0426516 0.0360797 0.0297605 0.0238401 0.0184431 0.0136798 0.00964534 0.00640403 0.00396568
#pred catch len freq
