SBPRF35
7.78865
Curr Bio
613014
B35
707776
F35
0.212955
FOFL
0.166048
OFL
73433.1
Bzero
2.22533e+006
#pred survey bio
 4.99389e+006 4.70159e+006 4.42011e+006 4.08876e+006 3.74183e+006 3.35622e+006 2.9834e+006 2.6497e+006 2.35141e+006 2.07764e+006 1.84414e+006 1.61843e+006 1.43073e+006 1.27009e+006 1.13427e+006 1.01969e+006 934548 880164 813366 774794 751191 723022 699335 684572 676986 657767 645696 648079 642439 645115 636760 631415 626933 616329 602251 581023 568282 555722 550407 556850 562016 568237 576219 579878 574005 582042 589335 597311 605036 614862 620749 619526 646874 619154 1.97851e+007 1.16206e+007 1.16979e+007 1.22854e+007 1.31545e+007 1.40794e+007 1.49238e+007 1.56292e+007 1.6186e+007 1.66093e+007 1.69235e+007 1.7153e+007 1.73191e+007 1.74389e+007 1.75252e+007 1.75876e+007 1.76328e+007 1.76658e+007 1.769e+007 1.77079e+007 1.77211e+007 1.77311e+007 1.77385e+007 1.77441e+007 1.77484e+007 1.77516e+007 1.77541e+007 1.7756e+007 1.77574e+007 1.77585e+007 1.77594e+007 1.776e+007 1.77605e+007 1.77609e+007 1.77612e+007 1.77614e+007 1.77616e+007 1.77618e+007 1.77619e+007 1.77619e+007 1.7762e+007 1.77621e+007 1.77621e+007 1.77621e+007 1.77621e+007 1.77622e+007 1.77622e+007 1.77622e+007 1.77622e+007 1.77622e+007 1.77622e+007 1.77622e+007 1.77622e+007 1.77622e+007 1.77622e+007 1.77622e+007 1.77622e+007 1.77622e+007 1.77622e+007 1.77622e+007 1.77622e+007 1.77622e+007 1.77622e+007 1.77622e+007 1.77622e+007 1.77622e+007 1.77622e+007 1.77622e+007 1.77622e+007 1.77622e+007 1.77622e+007 1.77622e+007 1.77622e+007 1.77622e+007 1.77622e+007 1.77622e+007 1.77622e+007 1.77622e+007 1.77622e+007 1.77622e+007 1.77622e+007 1.77622e+007 1.77622e+007 1.77622e+007 1.77622e+007 1.77622e+007 1.77622e+007 1.77622e+007 1.77622e+007 1.77622e+007 1.77622e+007 1.77622e+007 1.77622e+007 1.77622e+007 1.77622e+007 1.77622e+007 1.77622e+007 1.77622e+007 1.77622e+007 1.77622e+007 0 0 0 0 0 0 0 0 0 0 0 0 0 0 0 0 0 0 0 0 0 0 0 0 0
#obs survey bio
 4.14754e+006 3.73661e+006 4.02538e+006 3.25368e+006 2.37853e+006 2.61597e+006 3.03944e+006 3.05249e+006 1.64449e+006 1.60301e+006 1.4596e+006 1.41391e+006 786767 1.3502e+006 681490 1.03962e+006 931873 749589 863398 708551 703701 559465 679577 655440 462694 710234 557649 635390 477530 584225 609722 517592 564977 615047 640263 747540 722852 456821 581726 431844 530115 606538 681814 396222 747947 544303 598508 391444 487061 601730 409491 720690 946667 649712
#pred catch bio
 98201.5 95447.8 156640 195508 261818 284415 282474 281785 288065 276263 288795 270238 256996 241102 225090 199926 172607 180208 152103 136140 136582 129155 118850 111156 119031 110564 96980.6 102808 94747.1 102407 97474.7 94456 96931.3 96108.1 97802.3 88761.3 91390.6 90166.2 84462.3 87959.2 87791.2 86005.9 89007.5 96329.5 84435 85692.3 86378.9 88323.1 88149.7 92496.7 98275.1 73523.1 116235 130340 73433.1 89770.6 88878.7 91992.7 97960.1 104594 110623 115553 119324 122079 124024 125363 126268 126870 127265 127523 127689 127796 127865 127909 127936 127954 127965 127972 127976 127979 127981 127982 127982 127983 127983 127983 127983 127984 127984 127984 127984 127984 127984 127984 127984 127984 127984 127984 127984 127984 127984 127984 127984 127984 127984 127984 127984 127984 127984 127984 127984 127984 127984 127984 127984 127984 127984 127984 127984 127984 127984 127984 127984 127984 127984 127984 127984 127984 127984 127984 127984 127984 127984 127984 127984 127984 127984 127984 127984 127984 127984 127984 127984 127984 127984 127984 127984 127984 127984 127984 127984 127984 127984 127984 0 0 0 0 0 0 0 0 0 0 0 0 0 0 0 0 0 0 0 0 0 0 0 0 0
#obs catch bio
 0 95123.7 157322 196236 264404 288030 285762 285451 293484 281768 296218 276970 266406 249040 232202 205673 176005 185003 155132 138289 138880 131059 120075 112210 121134 111782 97892 103917 95855.5 103760 98509 95238.6 97906.9 97119.8 98783.9 89056.4 91404.1 90497.5 84974 88831.8 88517.7 86536 89057 96867.6 84655.1 85886 86417.2 88945.9 88719.9 93018.8 99728.5 73386.6 116735 130535
#pred cpue bio
 4.91499e+006 4.6284e+006 4.35159e+006 4.02257e+006 3.67728e+006 3.29388e+006 2.92336e+006 2.59162e+006 2.2949e+006 2.02258e+006 1.79044e+006 1.56661e+006 1.3805e+006 1.2217e+006 1.08808e+006 975604 892311 839430 774849 737880 715468 688603 666033 651961 644710 626299 614928 617499 612179 615002 607322 602624 598714 588924 576029 556130 543297 529317 522572 528338 533509 539888 548074 551863 546116 553900 560933 568368 575502 584887 590611 589670 616952 591235 1.89034e+007 1.11036e+007 1.10616e+007 1.15194e+007 1.23429e+007 1.32571e+007 1.40994e+007 1.48044e+007 1.53611e+007 1.57845e+007 1.60986e+007 1.63281e+007 1.64942e+007 1.6614e+007 1.67003e+007 1.67627e+007 1.68079e+007 1.68409e+007 1.68651e+007 1.6883e+007 1.68963e+007 1.69062e+007 1.69136e+007 1.69192e+007 1.69235e+007 1.69267e+007 1.69292e+007 1.69311e+007 1.69325e+007 1.69336e+007 1.69345e+007 1.69351e+007 1.69356e+007 1.6936e+007 1.69363e+007 1.69366e+007 1.69367e+007 1.69369e+007 1.6937e+007 1.69371e+007 1.69371e+007 1.69372e+007 1.69372e+007 1.69372e+007 1.69373e+007 1.69373e+007 1.69373e+007 1.69373e+007 1.69373e+007 1.69373e+007 1.69373e+007 1.69373e+007 1.69373e+007 1.69373e+007 1.69373e+007 1.69373e+007 1.69373e+007 1.69373e+007 1.69373e+007 1.69373e+007 1.69373e+007 1.69373e+007 1.69373e+007 1.69373e+007 1.69373e+007 1.69373e+007 1.69373e+007 1.69373e+007 1.69373e+007 1.69373e+007 1.69373e+007 1.69373e+007 1.69373e+007 1.69373e+007 1.69373e+007 1.69373e+007 1.69373e+007 1.69373e+007 1.69373e+007 1.69373e+007 1.69373e+007 1.69373e+007 1.69373e+007 1.69373e+007 1.69373e+007 1.69373e+007 1.69373e+007 1.69373e+007 1.69373e+007 1.69373e+007 1.69373e+007 1.69373e+007 1.69373e+007 1.69373e+007 1.69373e+007 1.69373e+007 1.69373e+007 1.69373e+007 1.69373e+007 1.69373e+007 0 0 0 0 0 0 0 0 0 0 0 0 0 0 0 0 0 0 0 0 0 0 0 0 0
#obs cpue bio
 5.03843e+006 4.48064e+006 2.70788e+006 3.42647e+006 3.56382e+006 2.66531e+006 3.05558e+006 1.82911e+006 1.85059e+006 1.81946e+006 1.54604e+006 1.36032e+006 816692 1.00425e+006 1.35426e+006 700113 887512 639294 599228 717262 631910 779467 720458 548514 529838 700684 527889 617524 490858 650498 582410 736270 542386 476764 550664 561426 598706 465388 331894 491024 557964 509054 712029 605545 389997 641037 617763 465595 643728 612474 481367 817735 556330 650274
#pred surv len freq
 0.00549051 0.00882119 0.0131007 0.01825 0.0241105 0.0303811 0.0365818 0.0421565 0.0466807 0.0500102 0.0522617 0.0536813 0.0545219 0.0549783 0.0551647 0.0551136 0.0547896 0.0541078 0.052935 0.0510643 0.0481999 0.0440205 0.0383567 0.0314057 0.0238157
 0.00573643 0.00911251 0.0133443 0.018307 0.0238521 0.029766 0.0357063 0.0412326 0.0459426 0.0496035 0.0521829 0.0538011 0.0546677 0.0550247 0.0550881 0.0549926 0.0547588 0.0542878 0.0533683 0.051689 0.048875 0.0445908 0.0387211 0.0315504 0.0237983
 0.00606563 0.00962889 0.0140788 0.0192556 0.024955 0.0308904 0.0366547 0.041794 0.0459821 0.0491371 0.0513796 0.0528963 0.0538447 0.0543461 0.0545149 0.0544618 0.054254 0.0538548 0.0530745 0.0515645 0.0488817 0.0446405 0.0387264 0.0314701 0.0236478
 0.00632936 0.0100603 0.0147329 0.0201844 0.0261946 0.032438 0.0384398 0.0436599 0.0476958 0.0504393 0.0520631 0.0528814 0.0532072 0.0532748 0.0532226 0.053108 0.0529242 0.0525905 0.0519096 0.0505331 0.0480012 0.0438994 0.0380954 0.0309263 0.0231888
 0.00658051 0.01046 0.0153199 0.0209933 0.0272539 0.0337663 0.0400337 0.0454787 0.0496463 0.0523674 0.0537611 0.0541213 0.0537997 0.0531328 0.0523925 0.0517468 0.0512355 0.0507614 0.0500798 0.0487968 0.04642 0.0425113 0.0369199 0.0299705 0.0224505
 0.00688159 0.010937 0.0160149 0.0219379 0.0284658 0.0352429 0.0417455 0.0473667 0.0516275 0.0543429 0.0556168 0.0557203 0.0549809 0.0537312 0.0522843 0.0508971 0.0497208 0.0487489 0.0477791 0.0464109 0.0441173 0.0404189 0.0351254 0.0285234 0.0213618
 0.00725286 0.0115149 0.0168372 0.0230242 0.0298172 0.0368412 0.0435495 0.049309 0.0536197 0.0562875 0.057418 0.0572865 0.0562171 0.0545305 0.0525303 0.0504873 0.0486052 0.0469656 0.0454623 0.0437679 0.041385 0.0378209 0.0328399 0.0266633 0.0199671
 0.00766182 0.0121528 0.017747 0.0242278 0.0313123 0.0385985 0.0455077 0.0513749 0.0556804 0.0582307 0.0591495 0.0587343 0.0573242 0.0552411 0.0527782 0.0501947 0.0476995 0.0454121 0.0433023 0.0411381 0.0385062 0.0349558 0.0302362 0.024502 0.0183319
 0.0080603 0.0127813 0.0186567 0.0254529 0.0328638 0.0404554 0.0476066 0.0536077 0.0579081 0.0603098 0.060957 0.0601816 0.0583565 0.0558271 0.0528945 0.0498116 0.046777 0.0439149 0.0412326 0.0385735 0.0356185 0.0319933 0.0274701 0.0221569 0.0165322
 0.00843253 0.0133731 0.0195224 0.0266344 0.0343833 0.0423044 0.0497326 0.0559087 0.0602428 0.0625215 0.0628988 0.061735 0.05944 0.0563968 0.0529357 0.0493239 0.0457604 0.0423672 0.039166 0.0360469 0.0327683 0.0290367 0.0246675 0.0197445 0.0146566
 0.00875391 0.0138832 0.0202675 0.0276507 0.0356925 0.0439058 0.0515927 0.0579545 0.0623664 0.0645941 0.064788 0.0633182 0.0606154 0.0570908 0.0531057 0.0489549 0.0448557 0.0409417 0.0372496 0.0337034 0.0301197 0.0262737 0.0220251 0.0174461 0.0128509
 0.00918503 0.0145524 0.0212158 0.0288957 0.0372273 0.0456982 0.0535812 0.0600467 0.0644468 0.0665404 0.0664877 0.0646778 0.0615625 0.0575735 0.0530919 0.0484313 0.0438259 0.0394247 0.0352841 0.0313596 0.0275167 0.0235867 0.0194674 0.0152218 0.0110988
 0.00942846 0.014961 0.0218537 0.0298276 0.0385018 0.047323 0.0555005 0.0621397 0.066552 0.0684947 0.0681587 0.0659754 0.0624347 0.0579946 0.053052 0.0479302 0.0428712 0.0380342 0.0334931 0.0292335 0.0251648 0.0211664 0.0171673 0.0132213 0.0095203
 0.00961773 0.0152658 0.0223087 0.0304671 0.0393586 0.0484221 0.0568483 0.0637088 0.0682717 0.0702515 0.0698107 0.0673789 0.0634722 0.0585932 0.0531847 0.0476033 0.0421087 0.0368686 0.031967 0.0274111 0.0231446 0.0190861 0.0151896 0.0115002 0.00816072
 0.00989771 0.0156917 0.0228954 0.0312111 0.0402419 0.0494204 0.0579352 0.0648566 0.0694492 0.071422 0.070927 0.0683793 0.064281 0.059131 0.0533846 0.0474251 0.0415435 0.0359348 0.0307057 0.0258858 0.0214467 0.0173362 0.0135266 0.0100535 0.00701789
 0.0100418 0.0159395 0.0232919 0.0318024 0.0410605 0.050464 0.0591511 0.0661455 0.0706922 0.0725171 0.071814 0.0690398 0.0647197 0.0593526 0.053381 0.0471759 0.0410271 0.0351424 0.0296516 0.0246133 0.0200303 0.0158784 0.0121438 0.00885303 0.00607119
 0.0101682 0.0161286 0.0235483 0.0321246 0.0414484 0.0509268 0.0597076 0.0668123 0.0714648 0.0733553 0.0726442 0.0697762 0.065291 0.0597186 0.0535298 0.0471093 0.040747 0.0346481 0.0289476 0.0237229 0.0190046 0.0147961 0.0110998 0.00793656 0.00534316
 0.0100937 0.0160296 0.0234398 0.0320336 0.0414062 0.050958 0.0598231 0.0670123 0.071748 0.0737257 0.0731062 0.0703199 0.0658809 0.060295 0.0540243 0.0474624 0.0409185 0.0346173 0.0287112 0.0232957 0.0184241 0.0141232 0.0104114 0.00730848 0.00483115
 0.0101766 0.0161545 0.0236099 0.0322471 0.0416588 0.051246 0.0601437 0.0673597 0.0721087 0.0740771 0.0734229 0.0705829 0.066083 0.0604377 0.0541076 0.0474773 0.0408469 0.0344389 0.0284133 0.0228802 0.0179123 0.0135564 0.00984455 0.00679723 0.00441683
 0.0102424 0.0162398 0.0236988 0.0323123 0.0416709 0.0511873 0.0600198 0.0672016 0.071964 0.0739947 0.0734373 0.0707051 0.0662998 0.0607183 0.0544131 0.0477681 0.041086 0.0345939 0.0284594 0.022806 0.0177251 0.0132842 0.00953036 0.0064887 0.0041528
 0.010198 0.0161771 0.023621 0.0322258 0.0415808 0.0510913 0.0599068 0.0670581 0.0717864 0.0738007 0.0732669 0.0706086 0.0663182 0.0608668 0.0546758 0.0481043 0.0414425 0.0349177 0.0287069 0.0229494 0.0177569 0.0132179 0.00939685 0.00632695 0.0039983
 0.010232 0.0162245 0.023678 0.0322847 0.0416328 0.0511303 0.0599309 0.067067 0.071777 0.0737647 0.0731961 0.0705042 0.0661982 0.0607635 0.0546231 0.0481218 0.0415266 0.0350424 0.0288343 0.0230432 0.0177932 0.0131915 0.00932049 0.00622449 0.00389494
 0.0103468 0.0163874 0.023879 0.0324993 0.0418278 0.0512748 0.0600057 0.0670683 0.0717139 0.0736539 0.0730555 0.0703488 0.066039 0.0606106 0.0544898 0.048024 0.0414764 0.0350409 0.0288677 0.0230871 0.0178226 0.0131905 0.00928735 0.00616942 0.00383347
 0.0104424 0.0165293 0.0240667 0.0327214 0.0420627 0.0514939 0.0601771 0.0671625 0.0717122 0.0735555 0.0728796 0.0701285 0.0658102 0.0604015 0.0543169 0.0478945 0.0413921 0.0349999 0.0288629 0.0231051 0.0178461 0.013204 0.00928299 0.00614846 0.00380358
 0.010305 0.0163416 0.0238499 0.0325165 0.0419178 0.0514442 0.0602292 0.0672923 0.0718759 0.073708 0.0729888 0.0701828 0.0658169 0.0603802 0.0542905 0.0478812 0.0414021 0.0350348 0.028918 0.0231711 0.0179113 0.0132574 0.00931748 0.00616339 0.00380368
 0.0103092 0.0163402 0.0238339 0.0324765 0.0418512 0.0513639 0.0601663 0.0672868 0.071957 0.0738749 0.0732057 0.0703923 0.0659655 0.0604389 0.0542614 0.0477899 0.0412832 0.0349187 0.0288239 0.0231056 0.0178714 0.0132349 0.00930369 0.00615222 0.00379277
 0.0104003 0.0164622 0.0239691 0.0325916 0.0419062 0.0513268 0.0600273 0.0670655 0.0716988 0.0736389 0.0730459 0.0703391 0.0660147 0.0605558 0.0543979 0.0479059 0.0413595 0.0349574 0.0288388 0.0231115 0.0178773 0.0132431 0.00931225 0.00615848 0.00379551
 0.0103685 0.0164142 0.0239031 0.032506 0.0417971 0.0511857 0.0598421 0.0668263 0.0714089 0.0733227 0.0727506 0.070123 0.0659274 0.0606185 0.0545955 0.0481936 0.041681 0.0352647 0.0291029 0.023323 0.0180392 0.0133628 0.00939724 0.00621535 0.00383054
 0.0103276 0.0163609 0.0238468 0.0324632 0.0417854 0.0512156 0.0599091 0.0669091 0.0714745 0.0733374 0.0726929 0.0699942 0.0657545 0.0604467 0.0544711 0.0481458 0.0417125 0.0353547 0.0292205 0.0234405 0.0181396 0.01344 0.0094522 0.00625187 0.00385304
 0.0101285 0.0160644 0.023452 0.0319893 0.0412698 0.0507067 0.0594601 0.0665701 0.0712822 0.0733047 0.0728033 0.0702082 0.066025 0.0607363 0.0547617 0.0484372 0.0420111 0.0356614 0.0295251 0.0237247 0.0183851 0.0136354 0.0095955 0.00634874 0.00391333
 0.0100659 0.0159611 0.0232945 0.0317662 0.0409764 0.0503522 0.0590721 0.0661935 0.0709694 0.0731001 0.0727309 0.0702658 0.0661878 0.0609668 0.0550224 0.0487008 0.0422649 0.0359036 0.0297563 0.0239418 0.0185799 0.0137986 0.00972127 0.00643728 0.00397007
 0.0100302 0.0158987 0.0231927 0.03161 0.0407521 0.0500523 0.058702 0.0657754 0.0705422 0.072714 0.0724378 0.0701073 0.0661843 0.0611118 0.0552855 0.0490383 0.042633 0.036268 0.0300955 0.0242441 0.0188384 0.0140091 0.00988216 0.00655124 0.00404407
 0.00987355 0.0156722 0.0229032 0.0312805 0.0404131 0.0497291 0.0584056 0.0655036 0.0702884 0.0724788 0.0722353 0.0699646 0.0661329 0.0611765 0.0554737 0.0493358 0.0430073 0.0366781 0.0305021 0.024617 0.0191589 0.014268 0.0100783 0.00668956 0.00413403
 0.00960218 0.015274 0.0223844 0.0306771 0.0397829 0.0491371 0.0579106 0.0651477 0.070091 0.072433 0.0723119 0.0701247 0.0663447 0.0614255 0.0557621 0.0496714 0.0433908 0.0370964 0.03093 0.0250244 0.0195194 0.0145647 0.0103051 0.00685008 0.0042386
 0.00951614 0.0151167 0.0221178 0.0302605 0.0391899 0.0483783 0.0570496 0.0642959 0.0693763 0.071958 0.0721233 0.0702079 0.0666416 0.0618624 0.0562741 0.0502145 0.0439412 0.0376406 0.0314551 0.0255127 0.0199508 0.0149223 0.0105808 0.00704636 0.00436696
 0.0103562 0.0162956 0.0235448 0.0317308 0.0404375 0.0491652 0.0572422 0.0638934 0.0684906 0.070769 0.0708308 0.0689898 0.065622 0.0610971 0.0557582 0.0499064 0.0437892 0.0376002 0.0314929 0.0256029 0.02007 0.0150484 0.0106956 0.0071384 0.00443253
 0.0112797 0.0177044 0.0254843 0.0341593 0.0432114 0.0520348 0.0598639 0.0658803 0.0695123 0.0706635 0.0696659 0.0670327 0.0632382 0.0586365 0.0534782 0.0479486 0.0421974 0.0363564 0.030552 0.0249139 0.019585 0.0147239 0.0104913 0.0070186 0.00436757
 0.0113996 0.0179912 0.0260827 0.0352515 0.0449608 0.054498 0.062913 0.0691863 0.0726077 0.0730631 0.0709939 0.0671156 0.0621371 0.0566133 0.0509078 0.0452124 0.0395983 0.0340818 0.0286812 0.0234509 0.018492 0.0139447 0.00996456 0.00668364 0.00416899
 0.0110962 0.0175662 0.025576 0.0347612 0.0446386 0.0545282 0.0634761 0.0704052 0.0744833 0.0754247 0.0735017 0.0693364 0.063672 0.0572208 0.0505664 0.0441014 0.038015 0.0323393 0.0270295 0.0220419 0.0173856 0.0131355 0.00941085 0.00632956 0.00395841
 0.0108465 0.0171664 0.0249895 0.0339689 0.0436566 0.0534309 0.0624127 0.0695917 0.074158 0.0757733 0.0745814 0.0710305 0.0657003 0.0592097 0.0521603 0.0450698 0.0383093 0.0320767 0.0264215 0.0213083 0.0166926 0.0125739 0.0090057 0.00606489 0.00380063
 0.0106668 0.0168916 0.0246072 0.0334764 0.0430581 0.0527355 0.0616401 0.0687869 0.0734069 0.0752068 0.0743551 0.0712764 0.0664659 0.0604145 0.0535981 0.0464671 0.0394172 0.0327521 0.0266587 0.0212116 0.0164131 0.0122479 0.00872093 0.00585676 0.00366811
 0.0105113 0.01665 0.024265 0.0330287 0.042511 0.0521073 0.0609622 0.0681019 0.0727638 0.074658 0.0739583 0.0710993 0.06658 0.0608698 0.0543856 0.0474936 0.040517 0.0337388 0.0273914 0.0216392 0.016574 0.0122328 0.00862576 0.00575057 0.00358485
 0.0105422 0.0166703 0.0242406 0.0329103 0.0422485 0.0516713 0.060362 0.0673888 0.0720173 0.0739626 0.0733862 0.0707043 0.0664015 0.0609371 0.0547139 0.0480681 0.0412764 0.0345754 0.0281768 0.022267 0.0169939 0.0124576 0.00870942 0.00575648 0.00356201
 0.010597 0.0167579 0.0243676 0.0330759 0.0424379 0.0518492 0.0604723 0.0673669 0.0718141 0.0735701 0.0728474 0.0701023 0.0658339 0.0604916 0.0544532 0.0480237 0.0414441 0.0349122 0.0286064 0.0226989 0.017352 0.0127027 0.00884361 0.00580936 0.00356991
 0.0106213 0.0168094 0.0244667 0.0332481 0.0427055 0.0522182 0.0609206 0.0678387 0.0722276 0.0738363 0.0728957 0.0699038 0.0654145 0.0599272 0.0538483 0.0474824 0.0410436 0.0346869 0.0285449 0.0227537 0.0174603 0.0128092 0.00891695 0.00584381 0.00357624
 0.0106663 0.016855 0.0244863 0.0332048 0.0425677 0.0519821 0.0606237 0.0675534 0.0720322 0.0737792 0.072973 0.070063 0.0655809 0.0600378 0.053877 0.0474461 0.0409888 0.0346644 0.0285866 0.0228611 0.0176084 0.0129617 0.00904372 0.00593094 0.00362575
 0.0108066 0.0170608 0.0247531 0.0335097 0.042871 0.052233 0.0607706 0.0675585 0.0718875 0.0735168 0.0726579 0.0697677 0.0653538 0.0598863 0.0537755 0.0473603 0.0408999 0.0345779 0.028523 0.0228384 0.0176294 0.013013 0.00910437 0.00598331 0.00366162
 0.0108326 0.0171148 0.0248551 0.0336828 0.043132 0.0525792 0.0611691 0.0679469 0.0721903 0.07367 0.0726322 0.0695785 0.0650539 0.0595437 0.0534475 0.047078 0.0406689 0.0343916 0.0283763 0.0227318 0.0175644 0.0129857 0.00910365 0.00599551 0.00367572
 0.0107422 0.0169904 0.0247101 0.0335462 0.0430427 0.0525756 0.0612778 0.0681732 0.0725123 0.0740389 0.072981 0.0698401 0.0651828 0.0595311 0.0533209 0.0468855 0.0404587 0.0341978 0.0282159 0.0226103 0.0174811 0.0129362 0.00908081 0.0059899 0.00367839
 0.0106605 0.0168607 0.0245224 0.0332966 0.0427388 0.0522419 0.0609586 0.0679271 0.0723969 0.0740899 0.0731965 0.0701783 0.0655748 0.0599029 0.0536159 0.0470787 0.0405568 0.0342278 0.0282096 0.022593 0.0174674 0.0129318 0.009085 0.00599923 0.00368886
 0.0104502 0.016561 0.0241489 0.0328891 0.0423485 0.051912 0.0607107 0.0677629 0.0723113 0.0740844 0.0732824 0.0703669 0.0658627 0.0602631 0.0540016 0.0474379 0.0408502 0.0344392 0.0283454 0.0226728 0.0175133 0.0129606 0.00910613 0.0060163 0.00370242
 0.0102276 0.0162271 0.0237002 0.0323445 0.0417491 0.051316 0.0601859 0.0673751 0.0721077 0.0740794 0.0734548 0.0706732 0.0662562 0.0607062 0.0544654 0.0478952 0.0412722 0.0348 0.0286296 0.0228798 0.0176546 0.0130531 0.00916566 0.00605452 0.00372673
 0.00957509 0.0152456 0.0223721 0.0307101 0.0399 0.0493807 0.0583185 0.0657459 0.0708846 0.073397 0.0733827 0.071199 0.0672915 0.0621113 0.0560817 0.049574 0.0428913 0.0362698 0.029893 0.02391 0.0184514 0.013637 0.00957042 0.00631884 0.0038884
 0.00927214 0.0147913 0.0217599 0.02996 0.0390536 0.0484916 0.0574449 0.0649465 0.0702147 0.072904 0.0731026 0.0711559 0.0674956 0.0625548 0.0567331 0.0503772 0.0437735 0.0371545 0.0307133 0.0246178 0.0190214 0.0140659 0.00987155 0.00651595 0.00400834
#obs surv len freq
 nan nan nan nan nan nan nan nan nan nan nan nan nan nan nan nan nan nan nan nan nan nan nan nan nan
 0.00448381 0.00734483 0.0111746 0.0159909 0.0216919 0.0279678 0.0342823 0.040014 0.0446937 0.0481576 0.0505154 0.052011 0.0529031 0.0534153 0.0537294 0.0539842 0.0542627 0.0545554 0.0546941 0.054286 0.052724 0.0493562 0.043806 0.036286 0.0276697
 0.00461993 0.00756686 0.0115098 0.0164641 0.0223194 0.0287484 0.0351876 0.0409859 0.0456526 0.0490173 0.0511999 0.0524656 0.0530995 0.0533526 0.0534294 0.0534839 0.0536054 0.0537838 0.0538473 0.0534008 0.0518395 0.0485153 0.0430536 0.0356602 0.0271914
 0.00477489 0.00782295 0.0119029 0.0170302 0.0230869 0.0297266 0.0363544 0.0422825 0.0469903 0.0502925 0.0523102 0.053322 0.0536354 0.0535298 0.0532407 0.0529514 0.0527742 0.0527129 0.0526027 0.0520526 0.0504626 0.0471901 0.0418598 0.0346635 0.0264283
 0.00496633 0.00813499 0.0123743 0.0176981 0.0239807 0.0308575 0.0377033 0.0437947 0.0485798 0.0518553 0.0537374 0.0545106 0.0544957 0.053992 0.0532618 0.0525194 0.0519096 0.0514664 0.0510505 0.0502926 0.0486104 0.0453732 0.0402042 0.0332722 0.0253589
 0.00517676 0.00847908 0.0128959 0.0184393 0.0249742 0.0321136 0.0391977 0.0454639 0.0503303 0.0535806 0.0553331 0.055881 0.0555548 0.0546636 0.053483 0.0522469 0.0511277 0.0501949 0.0493501 0.0482669 0.0464027 0.0431549 0.0381503 0.0315285 0.0240106
 0.00541004 0.00886007 0.0134726 0.0192576 0.0260694 0.0334969 0.0408418 0.0472978 0.0522491 0.0554655 0.05707 0.0573714 0.0567169 0.0554296 0.0537952 0.0520569 0.0504017 0.0489248 0.0475696 0.0460654 0.0439307 0.0406127 0.035756 0.0294714 0.0224068
 0.00563956 0.00923884 0.0140531 0.0200924 0.0272007 0.0349405 0.0425704 0.0492356 0.0542828 0.0574663 0.0589152 0.0589556 0.0579555 0.0562565 0.054158 0.0519125 0.0497152 0.0476773 0.0457753 0.0437941 0.0413245 0.0378809 0.0331426 0.0271983 0.0206185
 0.00589831 0.00965791 0.0146812 0.0209748 0.0283717 0.0364113 0.0443159 0.0511871 0.0563352 0.0594958 0.0607975 0.0605792 0.0592287 0.0571087 0.0545371 0.0517794 0.0490395 0.0464403 0.0439842 0.0415061 0.0386691 0.0350639 0.0304162 0.0248029 0.0187181
 0.00613616 0.0100528 0.0152903 0.0218554 0.0295691 0.0379389 0.0461373 0.0532124 0.0584374 0.0615384 0.0626578 0.0621583 0.0604499 0.0579128 0.0548781 0.051621 0.0483535 0.045209 0.0422129 0.0392446 0.036036 0.0322546 0.0276788 0.0223808 0.0167838
 0.00635571 0.0104144 0.0158438 0.0226513 0.0306501 0.0393256 0.0478116 0.0551091 0.0604498 0.0635363 0.0645085 0.0637441 0.0616784 0.0587198 0.0552229 0.0514778 0.0477038 0.0440417 0.0405342 0.0370999 0.0335332 0.0295745 0.025055 0.0200473 0.0149108
 0.00659748 0.0108062 0.016431 0.0234757 0.031742 0.0406924 0.0494251 0.0569011 0.062321 0.0653735 0.0662013 0.0651935 0.0628015 0.0594518 0.0555181 0.0513078 0.0470535 0.042907 0.0389276 0.0350668 0.0311736 0.0270535 0.0225871 0.0178492 0.0131421
 0.00683503 0.0111966 0.0170261 0.0243248 0.0328807 0.0421253 0.0511098 0.0587451 0.0641986 0.0671534 0.0677706 0.0664687 0.0637264 0.0599904 0.0556476 0.0510135 0.0463272 0.0417482 0.0373513 0.033118 0.0289449 0.0246947 0.0202907 0.0158096 0.0115027
 0.0070468 0.0115463 0.0175624 0.0250962 0.0339257 0.0434564 0.0526969 0.0605092 0.0660211 0.0688992 0.0693119 0.067703 0.0645851 0.0604387 0.0556774 0.0506327 0.0455489 0.0405881 0.0358329 0.0312869 0.0268859 0.0225404 0.0182094 0.0139702 0.0100284
 0.00726384 0.0118995 0.0180943 0.0258468 0.0349242 0.0447091 0.0541742 0.0621402 0.0677022 0.0705118 0.0707409 0.0688503 0.0653774 0.0608316 0.0556557 0.0502051 0.0447399 0.0394299 0.0343647 0.0295627 0.0249877 0.0205859 0.0163431 0.0123343 0.00872457
 0.00743048 0.0121767 0.018523 0.0264682 0.0357709 0.0457908 0.0554642 0.0635714 0.0691785 0.0719273 0.071998 0.0698683 0.0660953 0.0612083 0.0556692 0.0498526 0.0440359 0.0384034 0.033058 0.0280343 0.0233186 0.018883 0.0147308 0.0109309 0.00761211
 0.00749439 0.0122852 0.0186958 0.0267289 0.0361449 0.0463009 0.056123 0.0643754 0.0701027 0.0729253 0.0730051 0.0708094 0.0668945 0.0617981 0.0559975 0.0498854 0.0437587 0.0378217 0.0321983 0.0269457 0.022075 0.0175812 0.0134804 0.0098338 0.00673858
 0.00757448 0.0124038 0.0188535 0.0269205 0.0363638 0.0465453 0.0564001 0.0647004 0.0704938 0.0733948 0.0735511 0.0714101 0.0675067 0.0623627 0.0564478 0.0501589 0.043807 0.0376175 0.0317402 0.0262615 0.0212218 0.0166416 0.0125503 0.00900278 0.00606967
 0.00765379 0.0125281 0.019031 0.027154 0.0366481 0.0468649 0.0567299 0.065011 0.0707624 0.0736167 0.0737425 0.0715995 0.0677185 0.0626011 0.0566904 0.0503604 0.0439112 0.0375728 0.0315138 0.0258496 0.0206543 0.0159782 0.0118685 0.00837916 0.00556022
 0.00771425 0.0126228 0.0191667 0.0273342 0.0368723 0.047127 0.0570165 0.0653011 0.0710302 0.0738377 0.0739027 0.0717001 0.0677764 0.062641 0.056732 0.0504059 0.04394 0.0375476 0.0313944 0.0256101 0.0202958 0.0155322 0.0113893 0.00792697 0.00518279
 0.00777507 0.0127149 0.0192927 0.0274922 0.0370564 0.047329 0.0572268 0.0655087 0.0712233 0.0740046 0.0740331 0.0717872 0.067819 0.0626453 0.0567102 0.0503708 0.0438966 0.0374871 0.031296 0.0254506 0.0200634 0.0152367 0.0110615 0.00760838 0.00491047
 0.00780153 0.0127578 0.019357 0.0275816 0.0371721 0.0474675 0.0573789 0.065661 0.0713618 0.0741194 0.0741204 0.071848 0.0678562 0.0626614 0.0567073 0.0503514 0.043863 0.0374383 0.0312248 0.0253456 0.0199156 0.0150474 0.0108464 0.00739349 0.00472197
 0.00783897 0.0128112 0.0194237 0.0276548 0.0372438 0.0475319 0.0574352 0.0657123 0.0714123 0.074171 0.0741715 0.0718946 0.0678945 0.062689 0.0567233 0.0503554 0.0438545 0.0374154 0.0311838 0.0252809 0.0198226 0.0149267 0.0107069 0.00725118 0.00459442
 0.00787119 0.0128616 0.0194954 0.0277483 0.0373553 0.0476528 0.0575514 0.0658079 0.0714744 0.0741954 0.0741637 0.071867 0.0678596 0.0626547 0.0566923 0.0503263 0.0438243 0.0373804 0.03114 0.0252243 0.01975 0.0148385 0.0106082 0.00715175 0.00450538
 0.00787501 0.0128668 0.0195015 0.0277546 0.0373614 0.0476592 0.0575597 0.0658195 0.0714896 0.0742123 0.0741792 0.0718792 0.0678691 0.0626648 0.0567062 0.0503452 0.0438458 0.0373997 0.0311511 0.0252218 0.0197304 0.0148017 0.0105582 0.00709577 0.00445199
 0.00787506 0.0128631 0.019489 0.0277267 0.037312 0.0475861 0.0574674 0.0657194 0.0713973 0.0741429 0.0741432 0.0718799 0.0679034 0.062725 0.0567836 0.0504316 0.0439341 0.0374833 0.0312237 0.0252774 0.0197651 0.0148145 0.0105519 0.0070767 0.0044276
 0.00787896 0.0128641 0.0194807 0.0276997 0.0372562 0.0474943 0.0573395 0.0655639 0.0712305 0.0739863 0.0740187 0.0718053 0.0678884 0.0627691 0.0568771 0.0505591 0.0440785 0.0376292 0.0313584 0.0253917 0.0198531 0.0148742 0.0105856 0.00708985 0.00442759
 0.00786877 0.0128482 0.0194575 0.0276674 0.0372123 0.0474353 0.0572608 0.0654624 0.0711071 0.0738486 0.0738814 0.0716878 0.0678101 0.0627441 0.0569102 0.0506449 0.0442035 0.0377755 0.0315078 0.0255289 0.0199674 0.0149602 0.0106432 0.00712326 0.00444338
 0.00786458 0.0128372 0.0194334 0.0276225 0.0371395 0.0473322 0.0571322 0.0653196 0.0709644 0.0737182 0.0737715 0.0716038 0.0677568 0.0627275 0.056936 0.0507155 0.0443151 0.0379173 0.0316641 0.0256826 0.020104 0.0150702 0.0107232 0.00717531 0.00447334
 0.00784965 0.0128128 0.0193962 0.0275689 0.037066 0.0472357 0.0570122 0.0651794 0.0708127 0.0735683 0.0736397 0.0715044 0.0676997 0.0627166 0.0569704 0.0507917 0.0444277 0.0380583 0.031822 0.0258432 0.0202528 0.0151958 0.0108194 0.00724186 0.00451466
 0.00785525 0.0128167 0.0193927 0.0275494 0.0370216 0.0471609 0.0569074 0.0650515 0.0706727 0.0734284 0.0735111 0.0713974 0.0676232 0.0626779 0.0569736 0.0508369 0.044511 0.0381723 0.0319566 0.0259861 0.0203909 0.0153173 0.0109165 0.00731209 0.00456037
 0.00782419 0.0127709 0.0193322 0.0274767 0.0369398 0.0470717 0.0568101 0.0649448 0.0705574 0.07331 0.0733999 0.0713059 0.0675627 0.0626558 0.0569929 0.0508965 0.0446065 0.0382966 0.0321 0.026137 0.0205368 0.015447 0.011022 0.00739012 0.0046126
 0.00778328 0.0127042 0.019232 0.027337 0.0367593 0.046857 0.0565778 0.0647192 0.0703639 0.0731673 0.0733153 0.0712774 0.0675836 0.0627193 0.0570937 0.0510299 0.0447668 0.0384765 0.03229 0.0263263 0.0207139 0.0156015 0.0111468 0.00748267 0.00467509
 0.00775132 0.0126468 0.0191357 0.0271866 0.0365423 0.0465702 0.0562337 0.0643475 0.0700063 0.0728674 0.0731083 0.0711826 0.0676022 0.0628376 0.0572891 0.0512777 0.045045 0.0387666 0.0325771 0.026597 0.0209566 0.0158068 0.0113091 0.00760153 0.00475493
 0.00773018 0.012612 0.0190821 0.0271082 0.0364318 0.0464202 0.0560388 0.0641078 0.0697312 0.0725783 0.0728368 0.0709645 0.0674689 0.0628069 0.0573619 0.0514395 0.0452717 0.0390314 0.032855 0.026867 0.0212022 0.0160162 0.0114756 0.00772409 0.00483776
 0.00932022 0.0148394 0.0217739 0.0298827 0.0388097 0.0480013 0.0566418 0.0637955 0.068729 0.0711565 0.071226 0.069328 0.0659123 0.0613973 0.0561401 0.0504249 0.0444642 0.0384153 0.0324043 0.026552 0.0209932 0.0158862 0.011401 0.00768533 0.00482011
 0.00928883 0.0150826 0.0226589 0.0318661 0.0422394 0.0528483 0.0623296 0.0692947 0.0729229 0.073281 0.0711213 0.0673803 0.0627849 0.0577467 0.0524549 0.0469988 0.041442 0.03585 0.0302984 0.0248802 0.0197143 0.0149493 0.010749 0.00725833 0.00455932
 0.00895112 0.0145499 0.0219094 0.0309473 0.0413223 0.0522646 0.0625327 0.0706985 0.0756555 0.0770003 0.0750561 0.0706236 0.0646715 0.058084 0.0514945 0.0452257 0.0393457 0.0337903 0.0284799 0.0233869 0.0185567 0.0140986 0.0101579 0.00687241 0.00432448
 0.00878184 0.0142671 0.02147 0.0303091 0.0404603 0.0512005 0.0613755 0.0696727 0.0750854 0.0772215 0.0762641 0.0727284 0.0672623 0.0605618 0.0533149 0.0461084 0.0393318 0.0331445 0.0275305 0.0224022 0.0176979 0.0134307 0.00968288 0.00656048 0.00413514
 0.00873298 0.0141777 0.0213163 0.0300607 0.0400844 0.0506717 0.0606887 0.0688594 0.0742296 0.0764712 0.0758205 0.0727965 0.0679613 0.0618353 0.054908 0.0476497 0.0404848 0.033739 0.027597 0.0221084 0.0172454 0.0129771 0.00931363 0.00629981 0.00397106
 0.00869374 0.014116 0.0212267 0.0299374 0.0399196 0.050454 0.0604037 0.0684939 0.0737805 0.0759584 0.075301 0.0723707 0.0677592 0.0619746 0.0554333 0.048486 0.0414459 0.034598 0.0281824 0.0223659 0.0172331 0.0128099 0.00910223 0.00611463 0.00383913
 0.00868072 0.0140913 0.0211831 0.0298664 0.0398136 0.0503094 0.0602227 0.0682828 0.0735454 0.0757022 0.0750264 0.072091 0.0675105 0.0618199 0.0554459 0.0487149 0.0418781 0.0351479 0.0287208 0.0227769 0.0174612 0.0128708 0.0090558 0.00602682 0.00375544
 0.00867222 0.0140778 0.021163 0.0298378 0.0397736 0.050254 0.0601472 0.0681832 0.0734208 0.0755547 0.0748617 0.0719166 0.0673378 0.0616684 0.0553474 0.0487081 0.0419924 0.0353813 0.0290298 0.0230898 0.01771 0.0130201 0.0091108 0.00601943 0.00372187
 0.0086788 0.0140884 0.0211785 0.0298588 0.0397996 0.0502827 0.0601737 0.0682002 0.0734189 0.0755252 0.0747985 0.0718186 0.0672105 0.0615242 0.0552059 0.0485956 0.0419365 0.0354009 0.0291238 0.0232327 0.0178608 0.0131408 0.00918257 0.00604533 0.0037185
 0.00866493 0.0140681 0.0211525 0.0298291 0.0397696 0.0502561 0.0601538 0.0681888 0.0734158 0.0755275 0.0748005 0.0718131 0.0671907 0.061487 0.0551545 0.0485403 0.0418938 0.0353883 0.0291523 0.0233 0.0179506 0.0132299 0.00925143 0.00608616 0.00373499
 0.00863915 0.0140292 0.0210994 0.0297634 0.0396951 0.0501787 0.0600812 0.0681292 0.0733768 0.0755134 0.0748109 0.0718426 0.0672304 0.061527 0.0551868 0.0485619 0.0419082 0.0354042 0.0291797 0.0233445 0.0180099 0.013294 0.00930822 0.00612729 0.00375886
 0.00864046 0.0140275 0.0210902 0.0297403 0.0396525 0.0501147 0.0599999 0.068041 0.0732952 0.0754509 0.0747756 0.0718366 0.0672502 0.0615651 0.0552339 0.0486095 0.0419511 0.0354418 0.0292154 0.0233828 0.0180528 0.0133393 0.0093505 0.00616105 0.00378156
 0.00864096 0.0140273 0.0210877 0.029733 0.0396368 0.0500865 0.0599554 0.067979 0.0732185 0.0753675 0.0746977 0.0717772 0.0672191 0.0615657 0.0552627 0.0486581 0.0420094 0.0355016 0.0292721 0.0234352 0.0181012 0.0133835 0.00938898 0.0061917 0.00380321
 0.00861843 0.0139949 0.0210469 0.0296876 0.0395917 0.0500456 0.0599202 0.067948 0.0731885 0.0753358 0.0746637 0.0717442 0.0671933 0.0615545 0.0552716 0.0486884 0.0420575 0.0355607 0.0293347 0.0234954 0.0181556 0.0134303 0.00942731 0.0062211 0.00382388
 0.00860675 0.0139754 0.0210167 0.0296446 0.0395355 0.0499792 0.0598508 0.0678853 0.0731418 0.0753097 0.0746567 0.0717503 0.0672059 0.0615701 0.0552907 0.048714 0.0420923 0.035605 0.0293856 0.0235484 0.018206 0.0134746 0.00946341 0.00624844 0.00384293
 0.00860675 0.0139754 0.0210167 0.0296446 0.0395355 0.0499792 0.0598508 0.0678853 0.0731418 0.0753097 0.0746567 0.0717503 0.0672059 0.0615701 0.0552907 0.048714 0.0420923 0.035605 0.0293856 0.0235484 0.018206 0.0134746 0.00946341 0.00624844 0.00384293
 0.0086415 0.0140295 0.0210934 0.0297441 0.0396545 0.0501094 0.0599789 0.0679948 0.073217 0.0753407 0.0746419 0.0716951 0.06712 0.0614639 0.0551745 0.0485977 0.0419853 0.0355146 0.0293162 0.0235005 0.0181767 0.0134595 0.00945769 0.00624798 0.00384472
 0.00843666 0.0137106 0.0206409 0.0291534 0.0389401 0.0493106 0.0591625 0.0672497 0.0726366 0.0749981 0.0745715 0.0718874 0.0675305 0.0620281 0.0558231 0.0492681 0.0426289 0.0360989 0.0298232 0.023923 0.0185148 0.0137179 0.00964487 0.00637528 0.00392524
 0.00873264 0.014155 0.0212398 0.0298838 0.0397518 0.0501315 0.0599059 0.0678253 0.0729675 0.0750426 0.0743356 0.0714231 0.0669176 0.0613519 0.0551554 0.0486578 0.0421014 0.0356616 0.0294728 0.0236513 0.0183119 0.0135733 0.00954745 0.00631383 0.00388928
#pred catch len freq
 0.00441562 0.00699642 0.0102242 0.0140274 0.0183621 0.0231893 0.0284045 0.0338038 0.039124 0.0441082 0.0485496 0.0523095 0.0553258 0.0576038 0.0591856 0.0601135 0.0604074 0.0600527 0.0589782 0.0570149 0.0538766 0.0492323 0.0429094 0.0351377 0.0266473
 0.00461834 0.00724351 0.0104479 0.014125 0.0182376 0.0228114 0.0278434 0.033214 0.0386722 0.0438896 0.0485426 0.0523962 0.0553605 0.0574903 0.0589256 0.0598072 0.0602081 0.0600943 0.0593076 0.0575638 0.0544899 0.0497406 0.0432043 0.0352076 0.0265584
 0.00492288 0.00771265 0.0110993 0.0149416 0.0191536 0.0237048 0.0285485 0.0335669 0.0385829 0.0433977 0.0478098 0.0516258 0.054695 0.0569582 0.0584692 0.0593615 0.0597671 0.0597201 0.0590815 0.0575216 0.0545883 0.0498788 0.0432818 0.0351762 0.0264342
 0.0051861 0.00813267 0.0117176 0.0157929 0.0202601 0.0250622 0.0301035 0.0351956 0.0400893 0.04455 0.0484116 0.0515934 0.0540926 0.0559613 0.057278 0.0581238 0.0585599 0.0585809 0.0580451 0.056624 0.0538447 0.0492696 0.0427664 0.0347224 0.0260365
 0.00546336 0.00856499 0.012336 0.0166199 0.0213131 0.0263562 0.0316444 0.036963 0.0420132 0.0464914 0.0501623 0.0529093 0.0547603 0.0558724 0.0564683 0.0567522 0.0568396 0.0567107 0.0561746 0.0548536 0.0522388 0.0478656 0.0415804 0.0337576 0.0252887
 0.00577567 0.00905111 0.0130285 0.017538 0.0224645 0.0277394 0.0332467 0.0387563 0.0439493 0.0484963 0.0521271 0.0546804 0.0561431 0.0566621 0.0565065 0.0559838 0.0553386 0.0546573 0.0537983 0.0523777 0.0498471 0.0456939 0.03972 0.0322582 0.0241602
 0.00614588 0.00962036 0.0138259 0.0185728 0.0237309 0.0292232 0.0349256 0.0405949 0.0458939 0.0504748 0.0540509 0.0564449 0.057625 0.0577175 0.0569803 0.055741 0.0543095 0.0528763 0.0514123 0.0496166 0.0469737 0.0429541 0.0373075 0.0302945 0.0226876
 0.00656155 0.0102602 0.0147227 0.0197357 0.0251489 0.0308701 0.0367607 0.04256 0.0479142 0.0524648 0.0559218 0.0581094 0.0589962 0.0587039 0.0574806 0.0556465 0.0535237 0.0513522 0.0491922 0.046853 0.0439135 0.0398903 0.0345149 0.027973 0.0209302
 0.00698952 0.0109235 0.0156613 0.0209677 0.0266717 0.0326615 0.0387756 0.044725 0.0501285 0.0546109 0.0578814 0.0597767 0.0602861 0.0595509 0.0578299 0.0554421 0.0527054 0.0498711 0.0470471 0.04413 0.0408062 0.0366782 0.0315029 0.0254134 0.0189633
 0.00738847 0.0115459 0.0165504 0.0221497 0.0281558 0.0344394 0.0408145 0.0469589 0.0524557 0.0569012 0.0599914 0.0615684 0.0616445 0.0603949 0.0581119 0.0551366 0.0517951 0.048343 0.0449096 0.0414481 0.0377338 0.0334615 0.0284365 0.0227649 0.0168999
 0.00778241 0.0121568 0.0174163 0.02329 0.0295741 0.0361259 0.0427423 0.0490757 0.0546784 0.0591178 0.0620698 0.0633702 0.0630414 0.0612842 0.0584259 0.054842 0.0508844 0.0468264 0.0428181 0.0388535 0.0347762 0.0303594 0.0254598 0.0201702 0.0148587
 0.00824936 0.0128722 0.0184126 0.0245716 0.0311228 0.0379088 0.0447135 0.0511718 0.0568153 0.061193 0.0639704 0.0649824 0.0642598 0.0620211 0.0586181 0.0544535 0.0499053 0.0452707 0.0407265 0.0363058 0.0319092 0.0273749 0.0226034 0.0176774 0.0128904
 0.0085538 0.0133621 0.0191405 0.0255829 0.0324473 0.0395475 0.0466245 0.0532655 0.0589652 0.0632594 0.0658219 0.0665093 0.0653775 0.0626693 0.0587576 0.0540633 0.0489809 0.0438253 0.0387982 0.0339699 0.0292926 0.0246606 0.0200103 0.0154141 0.0111004
 0.0087955 0.0137409 0.0196864 0.0263202 0.0333976 0.0407306 0.0480511 0.0549214 0.060795 0.0651587 0.0676469 0.0681028 0.0666013 0.0634279 0.0590038 0.0537886 0.0482005 0.0425688 0.0371112 0.0319253 0.0270052 0.0222912 0.017749 0.0134411 0.00953907
 0.00911466 0.0142222 0.0203419 0.0271392 0.0343546 0.0417982 0.0492073 0.0561495 0.0620768 0.066465 0.068929 0.0692863 0.0675905 0.0641205 0.0593126 0.0536592 0.0476166 0.0415485 0.0356999 0.0301966 0.0250657 0.0202824 0.0158336 0.0117712 0.00821797
 0.00926938 0.0144793 0.0207384 0.0277109 0.0351266 0.0427706 0.0503441 0.0573793 0.0633101 0.0676192 0.0699454 0.0701314 0.0682434 0.0645573 0.0594989 0.0535536 0.0471836 0.0407725 0.0345961 0.028816 0.0234967 0.0186464 0.0142688 0.0104051 0.00713657
 0.00936575 0.0146239 0.0209358 0.0279633 0.035441 0.0431661 0.0508516 0.0580279 0.0641056 0.0685264 0.0708886 0.0710155 0.0689825 0.0650943 0.0598054 0.0536163 0.0469919 0.040317 0.0338778 0.0278607 0.0223649 0.017432 0.0130851 0.0093589 0.00630169
 0.00936797 0.0146374 0.020974 0.0280436 0.0355798 0.0433722 0.0511229 0.0583562 0.064486 0.0689631 0.0713887 0.0715729 0.0695645 0.0656424 0.0602511 0.0538999 0.0470732 0.0401752 0.0335101 0.0272843 0.0216225 0.016594 0.0122404 0.00859508 0.00568256
 0.00939349 0.0146766 0.0210295 0.0281189 0.0356812 0.0435104 0.0513118 0.0586066 0.0647982 0.069323 0.0717712 0.0719519 0.0699202 0.0659605 0.0605145 0.0540831 0.0471439 0.040103 0.0332767 0.0268914 0.0210964 0.0159851 0.0116156 0.0080228 0.0052141
 0.00941533 0.0146984 0.0210375 0.028093 0.0356019 0.04337 0.0511231 0.0584053 0.0646349 0.0692484 0.071821 0.072136 0.0702216 0.0663415 0.0609278 0.0544796 0.0474774 0.0403329 0.0333722 0.026838 0.0209027 0.0156843 0.0112596 0.00766872 0.00490891
 0.00939077 0.0146645 0.0209965 0.0280481 0.0355535 0.0433104 0.0510368 0.0582757 0.0644572 0.0690414 0.0716284 0.0720138 0.0702172 0.0664755 0.0611864 0.054821 0.0478443 0.0406664 0.0336228 0.0269734 0.0209137 0.0155861 0.0110877 0.00746805 0.00472029
 0.00941275 0.0146944 0.0210311 0.0280817 0.0355797 0.0433258 0.0510412 0.0582692 0.0644359 0.068996 0.0715498 0.071904 0.0700966 0.0663799 0.0611528 0.0548699 0.0479691 0.0408355 0.0337912 0.0270984 0.0209674 0.015563 0.0110033 0.00735089 0.00460063
 0.00949308 0.0148067 0.0211662 0.0282191 0.0356933 0.0433928 0.0510498 0.0582216 0.0643453 0.0688804 0.0714255 0.0717815 0.0699813 0.0662772 0.0610729 0.0548275 0.0479762 0.0408916 0.0338793 0.0271897 0.0210329 0.0155847 0.0109802 0.00729651 0.00453466
 0.00956034 0.0149057 0.0212954 0.0283689 0.0358466 0.0435274 0.051142 0.0582511 0.0643009 0.0687656 0.0712593 0.0715929 0.0697998 0.0661245 0.0609604 0.0547588 0.0479512 0.0409072 0.0339269 0.0272539 0.0210939 0.0156254 0.0109924 0.00728323 0.00450642
 0.00947715 0.0147965 0.0211787 0.0282769 0.035815 0.0435792 0.0512749 0.0584355 0.0644908 0.0689153 0.0713377 0.0715916 0.0697318 0.0660172 0.0608449 0.0546608 0.0478861 0.0408798 0.0339333 0.0272838 0.0211333 0.0156603 0.0110133 0.00728768 0.00449836
 0.00945493 0.0147576 0.0211165 0.0281876 0.0357033 0.0434642 0.0511909 0.0584228 0.0645768 0.0690965 0.0715758 0.0718266 0.0699075 0.0661019 0.0608389 0.0545893 0.0477844 0.0407796 0.0338547 0.0272334 0.0211074 0.0156496 0.0110082 0.00728186 0.00449001
