SBPRF35
7.78865
Curr Bio
637005
B35
702462
F35
0.229011
FOFL
0.209327
OFL
101560
Bzero
2.22533e+006
#pred survey bio
 4.32684e+006 4.07523e+006 3.83814e+006 3.54616e+006 3.26645e+006 2.95944e+006 2.64927e+006 2.34135e+006 2.07723e+006 1.81581e+006 1.60701e+006 1.40869e+006 1.24315e+006 1.10909e+006 996682 896966 810915 763228 725815 683029 654521 641354 629514 604137 594333 590991 580884 584576 585104 583058 577260 577142 574408 573278 565484 554404 544574 533434 534391 543963 545320 549083 544286 544079 554137 555491 559354 566125 574407 579227 578922 584886 596346 634875 2.24993e+007 1.37535e+007 1.40748e+007 1.45538e+007 1.5101e+007 1.56233e+007 1.60739e+007 1.64389e+007 1.67227e+007 1.69377e+007 1.70979e+007 1.72163e+007 1.73033e+007 1.73674e+007 1.74146e+007 1.74496e+007 1.74756e+007 1.7495e+007 1.75096e+007 1.75207e+007 1.7529e+007 1.75354e+007 1.75403e+007 1.7544e+007 1.75468e+007 1.7549e+007 1.75507e+007 1.7552e+007 1.7553e+007 1.75538e+007 1.75543e+007 1.75548e+007 1.75552e+007 1.75554e+007 1.75556e+007 1.75558e+007 1.75559e+007 1.7556e+007 1.75561e+007 1.75562e+007 1.75562e+007 1.75563e+007 1.75563e+007 1.75563e+007 1.75563e+007 1.75563e+007 1.75563e+007 1.75563e+007 1.75564e+007 1.75564e+007 1.75564e+007 1.75564e+007 1.75564e+007 1.75564e+007 1.75564e+007 1.75564e+007 1.75564e+007 1.75564e+007 1.75564e+007 1.75564e+007 1.75564e+007 1.75564e+007 1.75564e+007 1.75564e+007 1.75564e+007 1.75564e+007 1.75564e+007 1.75564e+007 1.75564e+007 1.75564e+007 1.75564e+007 1.75564e+007 1.75564e+007 1.75564e+007 1.75564e+007 1.75564e+007 1.75564e+007 1.75564e+007 1.75564e+007 1.75564e+007 1.75564e+007 1.75564e+007 1.75564e+007 1.75564e+007 1.75564e+007 1.75564e+007 1.75564e+007 1.75564e+007 1.75564e+007 1.75564e+007 1.75564e+007 1.75564e+007 1.75564e+007 1.75564e+007 1.75564e+007 1.75564e+007 1.75564e+007 1.75564e+007 1.75564e+007 1.75564e+007 0 0 0 0 0 0 0 0 0 0 0 0 0 0 0 0 0 0 0 0 0 0 0 0 0
#obs survey bio
 2.82243e+006 3.67184e+006 3.09057e+006 3.09396e+006 2.55353e+006 2.61633e+006 2.15189e+006 1.74061e+006 2.1924e+006 1.53472e+006 1.29927e+006 967520 1.16685e+006 814907 599248 988388 727690 1.01731e+006 599175 499646 732944 662102 932048 897892 417270 530478 419201 547948 626032 488561 565534 430454 719480 519331 483894 838413 458734 543275 717791 626374 596241 576097 499164 705994 421449 559794 658150 677716 493229 518269 600348 481443 816022 603190
#pred catch bio
 90963 92874.9 166602 183723 240100 275710 304681 292078 311817 282390 287064 269006 248759 233622 222543 207061 170058 157421 157011 140078 123687 119499 127108 111353 105585 111177 99524.2 101884 102439 103537 96671.2 96446.2 92196.3 94498.9 93361.2 90413.5 94053.9 88214.4 84063.1 92102.4 90136.2 96953.8 92221.5 83477.3 91520.3 90137.8 88840.6 89337.8 94469.8 101030 98515.2 97728.1 80122.4 109534 101560 111583 113128 115797 119325 122808 125763 128066 129764 130968 131795 132352 132720 132960 133114 133213 133276 133316 133340 133356 133366 133372 133376 133378 133379 133380 133381 133381 133381 133381 133382 133382 133382 133382 133382 133382 133382 133382 133382 133382 133382 133382 133382 133382 133382 133382 133382 133382 133382 133382 133382 133382 133382 133382 133382 133382 133382 133382 133382 133382 133382 133382 133382 133382 133382 133382 133382 133382 133382 133382 133382 133382 133382 133382 133382 133382 133382 133382 133382 133382 133382 133382 133382 133382 133382 133382 133382 133382 133382 133382 133382 133382 133382 133382 133382 133382 133382 133382 133382 133382 0 0 0 0 0 0 0 0 0 0 0 0 0 0 0 0 0 0 0 0 0 0 0 0 0
#obs catch bio
 0 92578.2 167733 184224 242424 279371 310676 297695 319201 288348 294082 276034 256956 240885 230601 212577 172686 159595 159330 141618 124502 120578 127499 110998 106285 112064 100397 102929 103194 103897 97244.4 97070.3 92266.1 94778.6 93579.1 89877.1 93713.1 87777.9 83543.1 91407.7 89257.2 96346 91824.9 82573.1 90951 89549.8 88172.9 88652.8 94058.5 100776 98315.7 98152.6 79638.8 109777
#pred cpue bio
 4.24542e+006 3.99657e+006 3.76159e+006 3.47085e+006 3.19239e+006 2.88687e+006 2.5785e+006 2.27293e+006 2.01106e+006 1.75245e+006 1.54588e+006 1.34978e+006 1.18602e+006 1.05384e+006 943600 846647 763756 718112 682636 642098 615164 602955 592220 568367 558924 555435 545538 549077 549952 548589 543471 543841 541908 541584 534871 524984 515217 502665 502092 511173 512845 516689 512198 512187 521977 523092 526575 532875 540480 544590 543671 548646 558810 595226 2.10998e+007 1.29123e+007 1.31935e+007 1.36106e+007 1.41327e+007 1.46489e+007 1.50983e+007 1.5463e+007 1.57468e+007 1.59618e+007 1.61221e+007 1.62404e+007 1.63275e+007 1.63915e+007 1.64387e+007 1.64737e+007 1.64997e+007 1.65191e+007 1.65338e+007 1.65448e+007 1.65532e+007 1.65595e+007 1.65644e+007 1.65681e+007 1.6571e+007 1.65731e+007 1.65748e+007 1.65761e+007 1.65771e+007 1.65779e+007 1.65785e+007 1.65789e+007 1.65793e+007 1.65796e+007 1.65798e+007 1.65799e+007 1.65801e+007 1.65802e+007 1.65802e+007 1.65803e+007 1.65803e+007 1.65804e+007 1.65804e+007 1.65804e+007 1.65804e+007 1.65805e+007 1.65805e+007 1.65805e+007 1.65805e+007 1.65805e+007 1.65805e+007 1.65805e+007 1.65805e+007 1.65805e+007 1.65805e+007 1.65805e+007 1.65805e+007 1.65805e+007 1.65805e+007 1.65805e+007 1.65805e+007 1.65805e+007 1.65805e+007 1.65805e+007 1.65805e+007 1.65805e+007 1.65805e+007 1.65805e+007 1.65805e+007 1.65805e+007 1.65805e+007 1.65805e+007 1.65805e+007 1.65805e+007 1.65805e+007 1.65805e+007 1.65805e+007 1.65805e+007 1.65805e+007 1.65805e+007 1.65805e+007 1.65805e+007 1.65805e+007 1.65805e+007 1.65805e+007 1.65805e+007 1.65805e+007 1.65805e+007 1.65805e+007 1.65805e+007 1.65805e+007 1.65805e+007 1.65805e+007 1.65805e+007 1.65805e+007 1.65805e+007 1.65805e+007 1.65805e+007 1.65805e+007 1.65805e+007 0 0 0 0 0 0 0 0 0 0 0 0 0 0 0 0 0 0 0 0 0 0 0 0 0
#obs cpue bio
 4.79856e+006 3.51114e+006 3.1976e+006 3.46057e+006 2.14699e+006 2.12361e+006 1.90712e+006 2.31937e+006 1.63803e+006 1.62244e+006 1.5025e+006 1.28296e+006 566697 1.10009e+006 820182 906559 907548 471819 714375 826058 572571 431537 652439 499552 364105 601986 502858 505707 559320 843016 387895 683105 601241 524132 635865 661454 600840 560344 425395 610705 572497 462687 520037 691315 596898 560849 539378 492400 520517 580154 490952 451452 634295 506091
#pred surv len freq
 0.00467486 0.00754853 0.0112899 0.0158744 0.0212172 0.027109 0.0331713 0.0389257 0.043957 0.0480432 0.0511675 0.053448 0.0550591 0.0561724 0.0569099 0.0573132 0.0573415 0.0568891 0.0557968 0.0538405 0.0507289 0.0461728 0.0400576 0.0326462 0.0246454
 0.00501084 0.00801182 0.011839 0.0164332 0.0217134 0.0275259 0.033573 0.0394266 0.0446434 0.0488934 0.0520262 0.0540773 0.0552383 0.0557942 0.0560265 0.0561185 0.0561004 0.0558435 0.0550832 0.0534546 0.0505527 0.0460492 0.0398726 0.0323705 0.0243216
 0.00515849 0.00828769 0.0123144 0.0171809 0.0227724 0.0288588 0.0350467 0.0408471 0.0458367 0.049781 0.0526344 0.0544692 0.0554271 0.0557101 0.0555655 0.055232 0.0548572 0.0544195 0.0536878 0.0522425 0.0495748 0.0452672 0.039216 0.0317929 0.0238197
 0.00540267 0.00866232 0.0128413 0.0178773 0.0236623 0.0299793 0.0364365 0.0425095 0.0476966 0.0516698 0.0543264 0.0557577 0.056189 0.055915 0.0552348 0.0543989 0.0535664 0.0527585 0.0518037 0.0503154 0.0477642 0.0436722 0.0378743 0.0307065 0.0229793
 0.00563741 0.00904035 0.0134027 0.0186554 0.0246761 0.0312254 0.0378839 0.0441053 0.04938 0.0533791 0.0559874 0.0572632 0.0573948 0.0566678 0.0554169 0.0539582 0.0525207 0.0511851 0.0498318 0.048117 0.0455313 0.0415816 0.0360565 0.0292335 0.0218684
 0.00586931 0.00941853 0.0139749 0.0194689 0.025771 0.0326221 0.0395672 0.0460142 0.0514112 0.0554045 0.0578776 0.0589041 0.0586897 0.0575283 0.0557558 0.0536977 0.0516153 0.0496477 0.0477491 0.045648 0.0428888 0.0389968 0.0337359 0.0273204 0.0204231
 0.00611145 0.00980858 0.0145565 0.0202835 0.0268546 0.0339976 0.0412322 0.0479303 0.0534996 0.0575503 0.0599423 0.0607419 0.060167 0.0585371 0.0562163 0.0535523 0.0508259 0.0482068 0.0457023 0.0431164 0.0400715 0.0361457 0.0311053 0.0251096 0.018735
 0.00638074 0.0102411 0.0151982 0.021176 0.0280299 0.0354695 0.0429853 0.049912 0.0556228 0.0597037 0.0620014 0.0625792 0.0616598 0.0595763 0.0567134 0.0534432 0.0500717 0.0467978 0.0436724 0.0405643 0.0371755 0.0331538 0.0282905 0.0227049 0.0168766
 0.00662439 0.0106317 0.0157769 0.0219795 0.0290875 0.0367956 0.0445692 0.0517103 0.0575596 0.0616794 0.0639041 0.0642952 0.0630818 0.0606079 0.0572721 0.053461 0.0494979 0.0456067 0.0418784 0.0382428 0.0344804 0.0303131 0.0255699 0.0203449 0.01503
 0.00696522 0.0111684 0.0165528 0.023025 0.0304172 0.0384033 0.0464192 0.0537315 0.059649 0.0637151 0.0657623 0.0658642 0.0642709 0.0613508 0.057524 0.0531919 0.0486872 0.0442449 0.0399805 0.0358719 0.0317694 0.0274683 0.0228414 0.0179671 0.0131587
 0.00732504 0.01173 0.0173549 0.0240892 0.0317465 0.0399799 0.0481991 0.0556405 0.0615876 0.0655712 0.0674262 0.0672394 0.0652799 0.061938 0.0576543 0.0528465 0.047858 0.0429332 0.0382052 0.0336879 0.0292892 0.0248688 0.020342 0.0157795 0.011428
 0.00767813 0.0123005 0.0182061 0.0252757 0.033301 0.0418941 0.050405 0.0580063 0.0639371 0.06772 0.0692161 0.0685586 0.0660673 0.0621773 0.057362 0.0520579 0.0466143 0.0412755 0.0361788 0.0313579 0.02676 0.0222945 0.0179113 0.0136737 0.00977065
 0.0079119 0.0126873 0.018802 0.0261398 0.0344868 0.0434332 0.0522853 0.0601567 0.0662252 0.0699672 0.0712252 0.070148 0.0671036 0.0625943 0.0571608 0.0512894 0.045355 0.0396077 0.0341835 0.0291221 0.0243914 0.019931 0.0157117 0.0117866 0.00829424
 0.00812573 0.0130249 0.019293 0.0268092 0.0353565 0.0445207 0.0535978 0.0616797 0.0679118 0.0717311 0.072942 0.0716681 0.0682754 0.0632931 0.0573126 0.0508808 0.0444269 0.0382383 0.0324707 0.0271745 0.0223289 0.0178871 0.0138256 0.0101805 0.0070447
 0.00811775 0.0130527 0.0194098 0.0270893 0.0358761 0.0453288 0.0546915 0.0630004 0.0693639 0.0732097 0.0743512 0.0729233 0.0692965 0.0640013 0.0576367 0.050772 0.0438726 0.0372683 0.031154 0.02561 0.0206362 0.0161967 0.0122657 0.0088566 0.00601898
 0.0081949 0.0131641 0.0195546 0.0272667 0.0360967 0.0456267 0.0551256 0.0636349 0.0702335 0.0742882 0.0755459 0.0740998 0.0703202 0.0647678 0.0580816 0.050863 0.0436011 0.036648 0.0302252 0.0244431 0.0193294 0.0148652 0.0110243 0.0077993 0.0051999
 0.00838216 0.0134475 0.0199413 0.0277469 0.036645 0.0462067 0.0556973 0.0641661 0.0707125 0.0747297 0.0759801 0.0745475 0.0707682 0.0651645 0.0583532 0.0509398 0.0434366 0.0362264 0.0295613 0.0235814 0.0183409 0.0138403 0.0100579 0.0069707 0.00455618
 0.00834802 0.013406 0.0199041 0.0277328 0.0366734 0.0462882 0.0558274 0.0643265 0.0708814 0.0748958 0.0761526 0.0747535 0.0710382 0.0655101 0.0587508 0.0513297 0.0437398 0.0363698 0.0295007 0.0233123 0.0178995 0.0132933 0.00948577 0.00644759 0.00413262
 0.00833171 0.0133727 0.0198428 0.0276321 0.0365281 0.0461077 0.0556398 0.0641727 0.0708007 0.0749101 0.0762602 0.0749371 0.071279 0.0657967 0.0590758 0.0516771 0.0440753 0.0366428 0.0296589 0.0233217 0.0177583 0.0130341 0.00916443 0.00612471 0.00385561
 0.00845212 0.0135514 0.0200792 0.0279124 0.0368267 0.0463919 0.0558751 0.0643304 0.0708657 0.0748868 0.0761713 0.0748139 0.07115 0.0656813 0.0589846 0.0516145 0.0440378 0.0366158 0.0296168 0.0232364 0.0176121 0.01283 0.00892624 0.00588728 0.00365053
 0.00852315 0.0136583 0.0202238 0.0280893 0.0370234 0.0465895 0.0560496 0.0644559 0.0709202 0.07486 0.0760698 0.0746618 0.0709815 0.0655303 0.0588745 0.051554 0.0440216 0.0366276 0.0296339 0.0232346 0.017573 0.0127476 0.00880988 0.00575728 0.00352936
 0.00838584 0.01346 0.0199714 0.0278049 0.0367379 0.0463315 0.055838 0.0642979 0.0708158 0.0748066 0.0760662 0.0747082 0.0710791 0.0656793 0.0590726 0.0517935 0.044288 0.0369003 0.0298882 0.0234467 0.0177252 0.0128336 0.00883622 0.00574117 0.00349204
 0.00837621 0.0134224 0.0198758 0.0276142 0.0364223 0.0458889 0.0553079 0.0637568 0.0703522 0.0744899 0.0759263 0.0747365 0.0712431 0.0659404 0.0593969 0.0521543 0.0446636 0.0372703 0.030232 0.0237442 0.0179606 0.0129993 0.00893557 0.00578724 0.00350306
 0.00871576 0.0139181 0.0205152 0.0283445 0.0371583 0.0465319 0.0557654 0.0639608 0.0702754 0.0741562 0.0754068 0.0741267 0.0706332 0.0653927 0.0589411 0.0517967 0.0443984 0.0370869 0.0301165 0.0236794 0.0179277 0.0129809 0.00891973 0.00576893 0.00348286
 0.0087924 0.0140606 0.0207602 0.0287296 0.0377041 0.0472175 0.0565123 0.0646413 0.0707502 0.0743238 0.0752395 0.0736761 0.0700052 0.0647087 0.0583031 0.0512674 0.044 0.036812 0.0299425 0.0235794 0.0178761 0.0129566 0.00890752 0.00575992 0.00347379
 0.00879057 0.014057 0.0207556 0.0287301 0.0377258 0.0472899 0.0566734 0.0649206 0.0711435 0.0747763 0.0756533 0.0739451 0.0700603 0.064546 0.0579798 0.0508722 0.0436169 0.036496 0.0297145 0.0234339 0.0177939 0.0129156 0.00888914 0.00575157 0.0034688
 0.0088258 0.0141163 0.0208484 0.028865 0.0379086 0.0475197 0.0569417 0.065214 0.0714491 0.0750834 0.0759469 0.0741957 0.0702212 0.0645674 0.0578333 0.0505697 0.0432104 0.0360576 0.0293095 0.0231032 0.0175504 0.0127514 0.00878617 0.00569072 0.00343442
 0.00860424 0.0137927 0.0204297 0.0283828 0.0374118 0.0470622 0.0565714 0.064968 0.0713521 0.075147 0.0761686 0.0745566 0.0706848 0.0650794 0.0583287 0.0509875 0.0435117 0.0362368 0.0293906 0.0231245 0.0175469 0.0127448 0.00878458 0.00569368 0.0034389
 0.00849239 0.013605 0.0201384 0.0279638 0.0368567 0.0463935 0.0558522 0.0642956 0.0708322 0.0748606 0.0761491 0.074789 0.0711192 0.0656489 0.0589619 0.051616 0.044077 0.0366988 0.0297339 0.023358 0.0176948 0.0128351 0.00883971 0.00572806 0.00346035
 0.00847474 0.0135688 0.020069 0.0278404 0.0366537 0.0460868 0.0554287 0.0637652 0.0702374 0.0742768 0.075671 0.0745036 0.0710777 0.065852 0.0593632 0.0521408 0.0446439 0.037237 0.0301944 0.0237172 0.0179526 0.013007 0.00894774 0.00579278 0.00349756
 0.00839197 0.0134543 0.0199328 0.0277023 0.0365344 0.0459952 0.0553533 0.0636753 0.0700965 0.0740617 0.0753882 0.0741941 0.0708077 0.0656904 0.0593568 0.0522974 0.044932 0.0375995 0.0305688 0.0240533 0.0182216 0.0132018 0.00907672 0.0058716 0.00354237
 0.00822756 0.0131997 0.0195749 0.0272409 0.0359866 0.0453981 0.0547631 0.0631587 0.0697119 0.0738393 0.0753216 0.0742513 0.070953 0.0659041 0.0596389 0.0526567 0.0453682 0.038092 0.0310779 0.0245321 0.0186309 0.0135205 0.00930313 0.00601878 0.00363006
 0.00814548 0.0130615 0.0193583 0.0269232 0.0355512 0.0448439 0.0541153 0.0624721 0.0690637 0.0733121 0.0749817 0.0741319 0.0710479 0.0661752 0.0600348 0.053131 0.0458877 0.0386328 0.0316162 0.0250391 0.0190767 0.0138822 0.00957209 0.00620121 0.00374267
 0.00794789 0.0127684 0.0189687 0.026452 0.0350214 0.0442766 0.0535238 0.0618676 0.0684669 0.0727629 0.0745391 0.0738607 0.0709982 0.066364 0.0604402 0.0537002 0.0465549 0.0393351 0.0323025 0.0256704 0.0196239 0.0143263 0.00990644 0.00643275 0.0038891
 0.00784982 0.0126043 0.0187146 0.0260865 0.0345349 0.0436822 0.0528645 0.0612091 0.0678781 0.0722934 0.0742103 0.0736746 0.0709539 0.0664672 0.0606977 0.0541074 0.0470863 0.0399463 0.0329395 0.0262816 0.020168 0.0147763 0.0102513 0.006676 0.004046
 0.00853723 0.0135605 0.0198544 0.0272283 0.0354493 0.0441723 0.0528339 0.060683 0.0669768 0.0711835 0.0730573 0.0726111 0.0700648 0.0657918 0.0602432 0.0538633 0.0470321 0.0400518 0.0331635 0.026575 0.0204811 0.0150677 0.0104933 0.006857 0.00416812
 0.00921169 0.0146222 0.0213777 0.0292323 0.0378638 0.0468032 0.0553538 0.0626823 0.0680832 0.0711982 0.0720282 0.0707984 0.0678293 0.0634742 0.0580912 0.0520165 0.045544 0.0389205 0.0323556 0.0260394 0.020158 0.0148958 0.0104176 0.00683421 0.00416883
 0.00914858 0.0146272 0.0215841 0.0298309 0.0390526 0.0487044 0.0579307 0.0657007 0.0711382 0.0738026 0.0737367 0.0713315 0.0671521 0.0617947 0.0557748 0.0494629 0.0430833 0.0367645 0.0306019 0.0247009 0.0191961 0.0142458 0.0100063 0.00659188 0.00403661
 0.00882941 0.0141431 0.0209289 0.0290441 0.0382376 0.0480384 0.0576528 0.066057 0.0722842 0.0757023 0.0761214 0.0737574 0.069141 0.0629912 0.0560494 0.0489201 0.0419869 0.0354259 0.0292844 0.023572 0.0183262 0.0136335 0.00960994 0.00635567 0.00390731
 0.00866551 0.0138618 0.0204794 0.0283749 0.0373148 0.0468764 0.0563453 0.0647904 0.0713164 0.0753017 0.0764789 0.0749008 0.070893 0.0650046 0.057918 0.0503168 0.042762 0.0356216 0.0290732 0.0231634 0.0178913 0.0132722 0.00935576 0.00619952 0.00382253
 0.00866539 0.0138567 0.0204603 0.028324 0.0372023 0.0466602 0.055979 0.064244 0.0706065 0.074518 0.0757853 0.074497 0.0709408 0.0655516 0.0588594 0.0514243 0.0437717 0.0363355 0.0294206 0.023197 0.0177325 0.0130456 0.00914733 0.00604703 0.00372822
 0.00858922 0.013747 0.0203211 0.028167 0.0370416 0.0465043 0.0558231 0.0640679 0.0703803 0.0742172 0.0754122 0.0741002 0.0706182 0.0654228 0.0590139 0.0518699 0.0444171 0.0370243 0.0299987 0.0235736 0.0179014 0.0130629 0.00908811 0.00597107 0.00366696
 0.00856847 0.0137166 0.0202821 0.0281239 0.0370027 0.0464805 0.0558254 0.0641015 0.0704374 0.0742722 0.075426 0.0740357 0.0704633 0.0652078 0.0588085 0.0517556 0.0444459 0.0371895 0.0302377 0.0238026 0.0180576 0.0131276 0.00908162 0.00592932 0.00362041
 0.00869947 0.0138909 0.0204734 0.0282846 0.0370789 0.0464344 0.0556538 0.0638387 0.0701411 0.0740012 0.0752196 0.0739042 0.070391 0.0651679 0.0587825 0.0517465 0.0444748 0.0372768 0.0303828 0.0239776 0.0182211 0.0132468 0.0091461 0.00594966 0.00361607
 0.00871963 0.0139275 0.0205331 0.0283703 0.0371814 0.0465249 0.0556837 0.063754 0.0699094 0.0736357 0.0747841 0.0734904 0.0700814 0.065006 0.0587663 0.0518438 0.0446461 0.037491 0.0306183 0.0242154 0.0184395 0.0134251 0.00927273 0.00602609 0.00365417
 0.00874544 0.0139763 0.0206194 0.0285118 0.0373949 0.046818 0.0560446 0.0641449 0.0702671 0.0738842 0.0748581 0.0733613 0.0697726 0.0645862 0.0583226 0.0514504 0.0443453 0.0372925 0.0305105 0.0241767 0.0184456 0.0134528 0.00930343 0.00604896 0.00366636
 0.00880313 0.0140563 0.020715 0.0286106 0.0374846 0.0468954 0.0561208 0.0642407 0.0704003 0.0740544 0.0750383 0.0735033 0.0698255 0.0645197 0.0581422 0.0511955 0.044072 0.0370514 0.0303315 0.0240661 0.0183924 0.0134381 0.00930829 0.00605946 0.00367502
 0.00890008 0.0141987 0.0209006 0.0288254 0.0377054 0.0470943 0.0562712 0.0643247 0.0704151 0.0740153 0.0749732 0.0734386 0.0697717 0.0644656 0.0580645 0.0510758 0.043911 0.0368696 0.0301585 0.0239267 0.0182974 0.0133844 0.00928446 0.00605253 0.00367508
 0.00895755 0.0142927 0.0210423 0.0290235 0.0379614 0.0473971 0.056593 0.0646228 0.0706431 0.0741375 0.0749774 0.0733392 0.0696013 0.0642609 0.0578519 0.0508663 0.0437048 0.0366663 0.0299644 0.0237543 0.0181589 0.0132854 0.00922194 0.00601778 0.00365805
 0.00902405 0.0143988 0.0211985 0.0292386 0.0382412 0.0477415 0.056992 0.0650519 0.0710622 0.0744957 0.0752228 0.0734329 0.0695301 0.0640415 0.0575247 0.0504807 0.043305 0.0362837 0.0296184 0.0234567 0.0179171 0.013102 0.00909377 0.00593593 0.00361051
 0.00921127 0.0146792 0.021576 0.0297015 0.0387664 0.0483011 0.0575574 0.0655939 0.0715488 0.0748914 0.0754909 0.0735405 0.0694551 0.0637811 0.0571001 0.0499358 0.0426971 0.0356708 0.0290483 0.0229614 0.0175132 0.0127931 0.00887339 0.00579031 0.00352207
 0.00932258 0.0148574 0.021838 0.0300587 0.0392194 0.0488336 0.0581322 0.0661568 0.0720414 0.0752677 0.0757262 0.0736299 0.0694038 0.0635971 0.0567931 0.0495223 0.0422048 0.0351386 0.02852 0.022477 0.0171015 0.0124685 0.00863612 0.00563024 0.00342289
 0.00939545 0.0149698 0.0219964 0.0302663 0.0394772 0.0491412 0.0584859 0.0665452 0.0724413 0.0756437 0.0760369 0.073838 0.0694864 0.0635491 0.0566241 0.0492506 0.0418534 0.0347349 0.0280958 0.0220662 0.0167345 0.0121662 0.00840739 0.00547154 0.0033223
 0.00890184 0.0142555 0.021085 0.0292367 0.0384426 0.0482142 0.0577519 0.0660562 0.0722246 0.0757101 0.0763801 0.0744278 0.0702641 0.0644329 0.0575241 0.0500857 0.0425647 0.0352914 0.0284934 0.022322 0.0168791 0.0122346 0.00843091 0.00547354 0.00331701
#obs surv len freq
 nan nan nan nan nan nan nan nan nan nan nan nan nan nan nan nan nan nan nan nan nan nan nan nan nan
 0.00448489 0.0073463 0.0111763 0.0159925 0.021693 0.0279682 0.0342819 0.0400128 0.0446922 0.0481559 0.0505139 0.0520098 0.0529022 0.0534147 0.0537292 0.0539842 0.0542628 0.0545556 0.0546944 0.0542863 0.0527243 0.0493565 0.0438062 0.0362862 0.0276699
 0.00461519 0.00756049 0.0115026 0.0164578 0.0223156 0.0287482 0.035191 0.0409918 0.0456592 0.049023 0.0512039 0.0524678 0.0531004 0.0533527 0.0534292 0.0534836 0.0536052 0.0537837 0.0538472 0.0534009 0.0518395 0.0485154 0.0430537 0.0356603 0.0271914
 0.00477337 0.0078194 0.0118957 0.0170173 0.0230673 0.0297006 0.0363248 0.0422542 0.0469682 0.0502799 0.0523073 0.053327 0.0536454 0.0535422 0.053254 0.052965 0.052788 0.0527268 0.0526168 0.0520668 0.0504765 0.0472032 0.0418714 0.0346732 0.0264356
 0.00496382 0.00813015 0.0123655 0.0176833 0.0239577 0.0308243 0.0376596 0.0437424 0.0485234 0.0518011 0.0536927 0.0544812 0.0544844 0.053998 0.0532819 0.0525494 0.0519456 0.0515058 0.0510918 0.0503344 0.0486515 0.0454119 0.0402387 0.0333008 0.0253808
 0.00518017 0.00848413 0.0129025 0.0184468 0.0249812 0.032118 0.0391968 0.0454546 0.0503103 0.0535493 0.0552928 0.0558369 0.0555136 0.0546319 0.053465 0.0522437 0.0511375 0.0502144 0.0493758 0.0482958 0.0464325 0.0431835 0.038176 0.03155 0.024027
 0.00540958 0.00886053 0.0134754 0.0192649 0.0260828 0.0335169 0.0408667 0.0473237 0.0522706 0.055477 0.0570676 0.0573537 0.0566862 0.0553911 0.0537558 0.0520234 0.0503787 0.0489139 0.0475694 0.046073 0.0439431 0.0406268 0.0357698 0.0294833 0.0224161
 0.00563787 0.00923547 0.014047 0.0200827 0.027187 0.034924 0.0425541 0.0492235 0.0542784 0.0574705 0.0589253 0.0589664 0.0579617 0.0562546 0.0541482 0.0518982 0.0497015 0.0476693 0.045776 0.0438037 0.041341 0.0379011 0.033163 0.0272165 0.0206329
 0.0058848 0.00963969 0.0146606 0.020956 0.0283594 0.0364085 0.0443223 0.0511998 0.0563504 0.0595108 0.0608114 0.0605921 0.05924 0.0571165 0.0545391 0.0517744 0.0490288 0.0464274 0.0439733 0.0415005 0.0386699 0.03507 0.0304254 0.0248126 0.0187265
 0.0061208 0.0100263 0.0152481 0.0217934 0.0294854 0.0378372 0.0460279 0.0531107 0.0583593 0.0614942 0.0626498 0.0621814 0.0604953 0.0579714 0.0549423 0.0516849 0.0484135 0.0452638 0.0422633 0.0392928 0.0360834 0.032301 0.0277221 0.0224183 0.0168134
 0.00637984 0.0104484 0.0158851 0.0226937 0.0306846 0.0393431 0.047805 0.0550757 0.0603931 0.0634655 0.0644366 0.0636839 0.0616383 0.0587019 0.0552235 0.0514906 0.0477224 0.0440614 0.0405528 0.0371171 0.0335497 0.029591 0.0250712 0.0200623 0.0149232
 0.00660649 0.0108247 0.0164658 0.0235342 0.0318289 0.0408054 0.0495517 0.0570198 0.0624081 0.0654114 0.0661849 0.0651313 0.0627109 0.0593522 0.0554253 0.0512303 0.0469929 0.0428605 0.0388911 0.035037 0.0311487 0.0270333 0.0225716 0.0178383 0.0131352
 0.00684789 0.0112158 0.0170519 0.0243574 0.032921 0.0421762 0.0511753 0.0588278 0.0642953 0.0672527 0.0678543 0.0665181 0.0637301 0.059949 0.0555725 0.0509218 0.0462345 0.0416647 0.0372808 0.0330603 0.0288982 0.0246573 0.0202615 0.015788 0.0114877
 0.00707476 0.011591 0.0176279 0.0251852 0.0340381 0.0435882 0.0528394 0.0606502 0.0661485 0.0690035 0.0693875 0.0677459 0.064591 0.0604037 0.055601 0.0505208 0.045414 0.0404451 0.0356951 0.0311631 0.0267802 0.0224536 0.018141 0.0139189 0.00999227
 0.00727516 0.0119228 0.0181385 0.0259225 0.035041 0.0448704 0.0543732 0.0623592 0.0679165 0.0706963 0.0708765 0.0689268 0.065393 0.0607908 0.0555656 0.0500745 0.0445792 0.0392516 0.0341825 0.0293893 0.0248329 0.0204555 0.0162393 0.0122565 0.00867016
 0.00741532 0.0121535 0.0184914 0.0264302 0.0357321 0.045761 0.055457 0.0636012 0.0692545 0.072048 0.0721494 0.0700276 0.0662377 0.0613142 0.0557279 0.0498621 0.044001 0.0383334 0.0329646 0.0279303 0.023216 0.018791 0.0146551 0.0108735 0.00757196
 0.00752234 0.0123255 0.018747 0.0267863 0.0362021 0.0463517 0.0561643 0.0644079 0.0701314 0.0729575 0.0730474 0.0708638 0.0669561 0.0618555 0.0560365 0.0498942 0.0437316 0.0377604 0.0321102 0.026842 0.0219679 0.0174816 0.013396 0.00976847 0.00669237
 0.00757572 0.0124104 0.0188713 0.0269569 0.0364245 0.0466301 0.0565002 0.0648 0.0705758 0.0734479 0.0735747 0.0714122 0.0674994 0.0623549 0.0564418 0.0501499 0.0437866 0.0375788 0.031681 0.0261856 0.0211373 0.0165582 0.0124763 0.00894371 0.006027
 0.0076504 0.0125229 0.0190241 0.0271467 0.0366435 0.0468685 0.0567488 0.065051 0.0708246 0.0736943 0.0738224 0.0716672 0.0677645 0.0626238 0.0566946 0.0503525 0.0438945 0.0375469 0.0314767 0.0258007 0.0205964 0.0159173 0.0118114 0.00833153 0.00552467
 0.00771315 0.0126207 0.0191632 0.0273286 0.0368643 0.047117 0.0570062 0.0652942 0.0710317 0.0738531 0.0739345 0.0717464 0.0678302 0.0626923 0.0567723 0.0504305 0.0439488 0.0375425 0.0313774 0.0255828 0.0202603 0.0154923 0.0113496 0.00789209 0.00515565
 0.0077596 0.0126901 0.0192562 0.0274422 0.0369927 0.0472537 0.057145 0.0654287 0.0711553 0.0739589 0.0740172 0.071805 0.0678695 0.0627219 0.0568023 0.0504656 0.0439831 0.0375577 0.0313473 0.0254824 0.020078 0.0152379 0.0110539 0.00759688 0.00489898
 0.00779087 0.0127374 0.0193205 0.0275218 0.0370828 0.0473474 0.0572342 0.0655055 0.0712146 0.0739996 0.074043 0.0718218 0.0678829 0.0627362 0.05682 0.0504879 0.0440075 0.0375761 0.0313447 0.0254412 0.0199851 0.0150931 0.0108729 0.00740644 0.00472675
 0.00782429 0.0127854 0.0193811 0.0275889 0.0371483 0.0474033 0.0572753 0.0655298 0.0712229 0.073995 0.0740302 0.0718066 0.0678713 0.0627331 0.0568279 0.0505063 0.0440331 0.0376021 0.0313609 0.0254351 0.0199463 0.0150181 0.010769 0.00728968 0.00461609
 0.00787219 0.0128604 0.0194881 0.0277294 0.0373182 0.0475918 0.0574635 0.0656938 0.0713396 0.0740492 0.0740198 0.0717415 0.0677688 0.0626122 0.0567052 0.0503937 0.0439367 0.0375222 0.0312929 0.0253709 0.0198772 0.014939 0.0106806 0.00719932 0.00453377
 0.00785065 0.012829 0.0194479 0.027684 0.0372738 0.0475558 0.0574431 0.0656941 0.0713617 0.0740896 0.0740701 0.0717922 0.0678127 0.0626462 0.0567309 0.0504148 0.0439569 0.0375429 0.0313122 0.025384 0.0198786 0.0149249 0.0106514 0.00716012 0.00449232
 0.00788983 0.0128822 0.0195087 0.0277405 0.0373125 0.0475675 0.0574278 0.0656609 0.0713246 0.074061 0.0740566 0.071793 0.0678217 0.062656 0.0567356 0.0504127 0.0439493 0.0375329 0.0313017 0.0253729 0.0198648 0.0149059 0.0106266 0.00713132 0.00446345
 0.00788613 0.0128789 0.0195084 0.0277457 0.0373237 0.0475802 0.0574322 0.0656451 0.0712813 0.0739936 0.07398 0.0717275 0.0677841 0.0626529 0.0567627 0.0504589 0.0440027 0.0375844 0.0313463 0.0254081 0.0198893 0.0149193 0.0106294 0.00712589 0.00445329
 0.00788301 0.012873 0.019498 0.0277295 0.0373015 0.047554 0.057406 0.0656235 0.0712658 0.0739816 0.0739659 0.0717077 0.0677608 0.0626339 0.0567574 0.0504724 0.0440338 0.0376266 0.0313913 0.0254491 0.0199218 0.0149413 0.0106413 0.00712939 0.00445129
 0.00788611 0.0128725 0.0194871 0.0276989 0.0372421 0.0474617 0.0572854 0.0654884 0.0711359 0.0738764 0.073899 0.0716835 0.0677751 0.062678 0.0568223 0.0505518 0.0441231 0.0377212 0.0314852 0.0255356 0.0199951 0.0149979 0.0106806 0.0071535 0.00446392
 0.00787143 0.0128493 0.0194532 0.027652 0.0371795 0.0473803 0.0571826 0.0653645 0.0709968 0.0737354 0.0737746 0.0715954 0.0677376 0.0626956 0.0568892 0.0506554 0.0442488 0.0378558 0.0316179 0.0256577 0.0201001 0.0150817 0.0107421 0.00719454 0.00448854
 0.00781763 0.0127632 0.0193268 0.0274797 0.0369605 0.0471216 0.0569009 0.0650846 0.0707471 0.0735397 0.073649 0.0715469 0.0677668 0.0627983 0.0570565 0.0508729 0.0444979 0.0381159 0.0318698 0.0258861 0.0202943 0.0152363 0.0108567 0.00727307 0.00453781
 0.00781555 0.0127514 0.0192934 0.0274089 0.0368366 0.0469357 0.0566572 0.0648022 0.0704556 0.0732725 0.0734355 0.0714078 0.067712 0.0628281 0.0571634 0.0510438 0.0447156 0.0383607 0.032121 0.0261243 0.0205041 0.0154079 0.0109868 0.0073639 0.00459595
 0.00778685 0.0127061 0.0192273 0.0273179 0.0367163 0.0467811 0.0564645 0.0645718 0.0701964 0.073004 0.073186 0.071209 0.0675914 0.0628014 0.0572325 0.0511981 0.0449359 0.0386231 0.0324003 0.0263968 0.0207498 0.0156131 0.0111451 0.00747625 0.00466894
 0.00776586 0.0126705 0.0191711 0.027235 0.0366021 0.0466351 0.0562914 0.0643815 0.0700004 0.0728129 0.0730087 0.0710555 0.0674745 0.0627371 0.0572349 0.0512746 0.0450831 0.038827 0.0326394 0.0266461 0.020986 0.0158179 0.0113077 0.00759446 0.00474724
 0.00774111 0.0126305 0.0191115 0.0271517 0.0364921 0.0464976 0.0561295 0.0642027 0.0698166 0.0726376 0.0728551 0.0709334 0.067391 0.0626967 0.0572423 0.0513341 0.0451966 0.0389908 0.0328417 0.0268684 0.0212065 0.0160165 0.0114706 0.00771596 0.00482945
 0.00931908 0.0148388 0.0217756 0.0298893 0.0388244 0.0480272 0.0566808 0.0638478 0.0687919 0.0712235 0.0712876 0.0693723 0.0659283 0.061379 0.0560899 0.0503538 0.0443885 0.0383499 0.0323579 0.0265248 0.0209798 0.0158794 0.0113958 0.00767987 0.00481466
 0.00928601 0.0150801 0.0226589 0.031872 0.0422549 0.052876 0.0623698 0.0693453 0.0729801 0.07334 0.071177 0.0674272 0.0628167 0.0577575 0.0524406 0.0469597 0.041384 0.0357835 0.0302346 0.0248272 0.0196754 0.014923 0.0107318 0.00724688 0.00455153
 0.00896491 0.0145706 0.0219373 0.0309818 0.0413624 0.052309 0.0625806 0.070749 0.0757069 0.0770497 0.0750995 0.0706568 0.0646906 0.0580859 0.0514773 0.0451891 0.0392918 0.0337241 0.028409 0.0233197 0.0184995 0.0140545 0.0101267 0.00685174 0.00431152
 0.008786 0.0142753 0.0214851 0.0303342 0.0404976 0.0512502 0.0614341 0.069734 0.0751422 0.0772682 0.076298 0.0727494 0.0672713 0.0605591 0.0533001 0.0460809 0.0392917 0.0330936 0.0274726 0.022343 0.0176432 0.0133851 0.00964832 0.0065366 0.00412
 0.00873143 0.0141768 0.0213181 0.0300682 0.0401012 0.0507006 0.0607309 0.0689132 0.0742905 0.0765323 0.0758743 0.0728366 0.0679839 0.06184 0.0548965 0.0476247 0.0404488 0.0336944 0.0275465 0.0220558 0.017195 0.0129329 0.00927853 0.00627445 0.00395445
 0.0087029 0.0141293 0.0212439 0.0299574 0.0399413 0.0504769 0.0604285 0.0685221 0.0738135 0.0759956 0.0753399 0.0724066 0.0677864 0.0619887 0.0554318 0.0484693 0.0414162 0.0345586 0.028137 0.0223182 0.0171869 0.0127687 0.00906848 0.00608949 0.00382217
 0.00867639 0.0140857 0.0211771 0.0298616 0.0398118 0.0503114 0.0602283 0.0682909 0.0735554 0.0757143 0.0750422 0.0721117 0.0675358 0.061847 0.0554703 0.0487318 0.0418844 0.0351426 0.0287053 0.022754 0.0174347 0.0128443 0.00903243 0.00600835 0.00374237
 0.00868228 0.0140917 0.0211794 0.0298541 0.0397871 0.0502628 0.0601515 0.0681849 0.0734222 0.0755573 0.0748656 0.0719214 0.0673431 0.0616742 0.0553533 0.0487127 0.0419938 0.0353771 0.0290192 0.0230733 0.0176897 0.0129987 0.00909117 0.00600339 0.00371019
 0.00866992 0.0140761 0.0211641 0.0298443 0.0397873 0.0502737 0.0601674 0.0681945 0.0734125 0.0755183 0.0747933 0.0718185 0.0672174 0.0615386 0.0552262 0.0486189 0.0419596 0.0354206 0.0291377 0.0232395 0.0178609 0.013136 0.00917514 0.00603758 0.00371197
 0.00866649 0.0140678 0.021147 0.0298142 0.0397416 0.0502147 0.0601031 0.068137 0.0733722 0.0754985 0.0747883 0.0718163 0.0672064 0.0615124 0.055187 0.0485774 0.0419326 0.0354254 0.0291846 0.0233251 0.0179676 0.0132393 0.0092551 0.00608625 0.00373349
 0.00865503 0.0140526 0.0211301 0.029799 0.0397312 0.0502092 0.0600994 0.0681297 0.0733574 0.0754767 0.074764 0.0717948 0.0671897 0.061498 0.0551706 0.0485571 0.0419121 0.0354136 0.0291915 0.0233558 0.0180186 0.0132992 0.00931022 0.00612701 0.00375749
 0.00864288 0.0140327 0.0211001 0.0297573 0.0396781 0.0501485 0.0600381 0.0680769 0.0733207 0.0754595 0.0747643 0.0718076 0.0672098 0.0615217 0.0551953 0.0485806 0.0419334 0.0354342 0.029215 0.0233865 0.0180576 0.0133433 0.00935286 0.00616181 0.00378126
 0.00862276 0.0139997 0.0210502 0.0296869 0.0395853 0.0500346 0.0599099 0.0679466 0.0732042 0.0753724 0.0747181 0.0718066 0.0672503 0.0615941 0.055287 0.04868 0.0420313 0.0355252 0.0292971 0.0234601 0.0181238 0.0134021 0.00940263 0.00620065 0.00380841
 0.00862475 0.0140032 0.0210558 0.0296946 0.039594 0.0500414 0.0599095 0.0679331 0.073173 0.0753235 0.0746573 0.0717439 0.0671974 0.0615598 0.0552753 0.048689 0.0420557 0.0355586 0.0293342 0.0234975 0.0181598 0.0134355 0.00943213 0.00622478 0.00382622
 0.00863003 0.0140123 0.0210703 0.0297163 0.0396241 0.0500795 0.0599529 0.067976 0.0732076 0.0753415 0.0746525 0.0717145 0.0671474 0.0614981 0.0552131 0.0486365 0.0420187 0.0355382 0.029328 0.0235016 0.0181703 0.0134493 0.0094466 0.00623797 0.00383679
 0.00863003 0.0140123 0.0210703 0.0297163 0.0396241 0.0500795 0.0599529 0.067976 0.0732076 0.0753415 0.0746525 0.0717145 0.0671474 0.0614981 0.0552131 0.0486365 0.0420187 0.0355382 0.029328 0.0235016 0.0181703 0.0134493 0.0094466 0.00623797 0.00383679
 0.00867533 0.014085 0.0211775 0.029863 0.039811 0.0503004 0.0601923 0.0682095 0.0734067 0.0754802 0.0747132 0.0716914 0.067046 0.0613337 0.0550076 0.0484139 0.0418016 0.0353435 0.0291658 0.023375 0.0180775 0.0133855 0.00940588 0.00621407 0.00382411
 0.00865101 0.0140515 0.0211384 0.0298261 0.0397872 0.0503006 0.0602248 0.068278 0.0735081 0.0756043 0.0748436 0.0718085 0.0671314 0.0613751 0.0550013 0.0483656 0.041724 0.0352525 0.0290761 0.0232974 0.0180172 0.0133431 0.00937897 0.00619872 0.00381635
 0.00848202 0.0137828 0.0207471 0.0292992 0.0391296 0.0495445 0.0594361 0.0675509 0.0729451 0.0752871 0.0748105 0.0720475 0.0675893 0.0619753 0.0556629 0.0490192 0.0423205 0.0357651 0.0294968 0.0236302 0.0182721 0.0135318 0.00951276 0.00628871 0.00387306
#pred catch len freq
 0.00346265 0.005532 0.00817924 0.0113966 0.0152039 0.0196222 0.0246097 0.0300234 0.0356387 0.0411943 0.0464337 0.0511414 0.0551705 0.0584487 0.0609526 0.0626717 0.0635838 0.0636404 0.0627463 0.0607251 0.0573059 0.0522009 0.0453051 0.0369297 0.0278816
 0.00373082 0.00590644 0.00863344 0.0118793 0.0156685 0.0200648 0.0250854 0.0306189 0.0364073 0.0420915 0.0472984 0.0517421 0.0552968 0.0580016 0.0599921 0.0614039 0.0622907 0.0625808 0.062065 0.0604111 0.0572213 0.052165 0.0451852 0.0366902 0.0275695
 0.00388588 0.00617632 0.00906819 0.0125253 0.0165457 0.0211405 0.0262649 0.0317734 0.0374303 0.0429456 0.048008 0.0523302 0.0557179 0.0581306 0.0596894 0.0606104 0.0610877 0.0611706 0.060685 0.0592337 0.0562995 0.0514485 0.044588 0.0361545 0.0270898
 0.00410831 0.00651728 0.00954741 0.0131592 0.0173581 0.0221698 0.0275528 0.0333299 0.0391924 0.0447608 0.0496684 0.0536426 0.056561 0.0584605 0.0595012 0.0599065 0.0598903 0.0595612 0.058821 0.0573138 0.0544982 0.0498703 0.0432664 0.0350846 0.0262579
 0.00434728 0.00689486 0.0100954 0.0139008 0.0183058 0.0233243 0.0289026 0.034854 0.0408633 0.046538 0.0514773 0.0553533 0.0579937 0.059425 0.0598505 0.0595711 0.0588809 0.0579577 0.0567641 0.054994 0.0521294 0.0476481 0.0413338 0.0335185 0.025076
 0.00459021 0.0072824 0.0106665 0.0146907 0.0193453 0.0246339 0.0304824 0.0366717 0.0428491 0.048591 0.0534795 0.0571837 0.0595316 0.0605468 0.0604296 0.0594942 0.0580784 0.0564335 0.0546111 0.0523904 0.0493139 0.0448796 0.0388418 0.0314616 0.023521
 0.00485263 0.0076971 0.0112704 0.0155155 0.0204187 0.0259788 0.0321091 0.0385659 0.0449596 0.0508239 0.0557022 0.0592396 0.061263 0.0618139 0.0611193 0.0595189 0.0573765 0.054984 0.0524593 0.049671 0.0462524 0.0417614 0.0359544 0.0290301 0.0216623
 0.00512013 0.00812017 0.0118867 0.0163569 0.0215112 0.0273411 0.0337459 0.0404582 0.0470575 0.0530437 0.0579284 0.0613314 0.063067 0.0631808 0.0619195 0.0596525 0.056778 0.0536281 0.0503764 0.0469695 0.0431342 0.0385078 0.0328755 0.0263908 0.0196184
 0.00540346 0.00856551 0.01253 0.0172258 0.0226258 0.0287138 0.0353747 0.0423183 0.0490945 0.0551727 0.0600392 0.0632976 0.0647571 0.0644685 0.0626913 0.0598132 0.0562561 0.0523854 0.048425 0.0443948 0.0401133 0.0353041 0.029796 0.0237133 0.0175204
 0.00573417 0.0090809 0.0132658 0.0182045 0.023859 0.0302032 0.0371078 0.044259 0.0511766 0.0573 0.0620925 0.065148 0.0662803 0.0655573 0.0632609 0.0597994 0.0556128 0.0510871 0.0464814 0.0418755 0.0371707 0.0321765 0.0267722 0.0210649 0.0154294
 0.00612992 0.00969184 0.014126 0.0193273 0.0252405 0.031826 0.0389394 0.0462458 0.05324 0.0593391 0.0639931 0.0667933 0.0675635 0.0663911 0.0635827 0.0595696 0.0548099 0.0497059 0.0445408 0.0394392 0.0343705 0.0292197 0.0239159 0.0185574 0.0134418
 0.00650809 0.0102909 0.0149989 0.020514 0.0267629 0.0336789 0.0410777 0.0485764 0.0556271 0.0616228 0.0660133 0.0684112 0.0686758 0.0669376 0.063543 0.0589538 0.0536454 0.0480291 0.0424 0.0369096 0.0315756 0.0263415 0.0211769 0.016172 0.0115577
 0.00677689 0.0107237 0.0156443 0.0214197 0.0279728 0.0352246 0.0429627 0.050757 0.0580004 0.0640281 0.0682509 0.0702765 0.0699991 0.0676134 0.0635392 0.0582992 0.0524062 0.0462877 0.040245 0.0344414 0.0289219 0.0236666 0.0186702 0.0140111 0.00986128
 0.00702692 0.0111131 0.0162006 0.022163 0.0289198 0.0363927 0.044366 0.0523946 0.0598392 0.0659893 0.0702053 0.0720558 0.0714225 0.0685229 0.0638316 0.057942 0.0514339 0.044783 0.0383185 0.0322199 0.0265476 0.0212989 0.0164758 0.0121369 0.00840005
 0.00708021 0.0112265 0.0164209 0.0225512 0.0295378 0.0372821 0.0455294 0.0537903 0.0613922 0.0676089 0.0717962 0.0735194 0.0726538 0.0694136 0.064283 0.0578845 0.0508444 0.0436923 0.0368059 0.0304027 0.0245685 0.0193141 0.014639 0.0105749 0.00718831
 0.00718773 0.0113857 0.016635 0.0228213 0.0298745 0.0377168 0.0461147 0.054582 0.0624169 0.0688346 0.0731278 0.0748215 0.0737885 0.0702693 0.0647835 0.0579847 0.0505252 0.0429624 0.0357089 0.0290204 0.0230171 0.0177311 0.0131618 0.00931594 0.00621255
 0.0073048 0.0115616 0.0168724 0.0231127 0.0302042 0.0380663 0.0464711 0.0549463 0.06281 0.0692945 0.0736908 0.0754949 0.0745298 0.0709886 0.0653687 0.0583337 0.0505687 0.0426723 0.0350982 0.0281406 0.0219546 0.0165969 0.012073 0.0083717 0.00547337
 0.00726644 0.0115119 0.0168209 0.0230755 0.0301989 0.038105 0.0465541 0.0550635 0.0629496 0.0694543 0.0738864 0.0757568 0.0748879 0.0714486 0.0658949 0.0588494 0.050976 0.0428823 0.0350571 0.0278434 0.0214448 0.0159552 0.0113969 0.00775086 0.0049694
 0.00728023 0.0115263 0.0168285 0.0230666 0.0301669 0.0380526 0.0464972 0.0550268 0.0629559 0.0695143 0.0739963 0.0759062 0.075071 0.0716693 0.0661582 0.0591457 0.05127 0.0431161 0.0351689 0.0277918 0.0212267 0.0156078 0.0109853 0.0073457 0.00462563
 0.00735851 0.0116409 0.0169768 0.0232368 0.0303393 0.0382043 0.0466072 0.0550818 0.0629554 0.0694721 0.0739365 0.075854 0.0750436 0.0716735 0.0661937 0.0592082 0.0513494 0.0431915 0.0352081 0.0277611 0.0211061 0.0154031 0.0107276 0.00707936 0.00439106
 0.00737661 0.0116673 0.0170107 0.0232748 0.0303758 0.0382315 0.0466163 0.0550646 0.0629066 0.0693931 0.0738387 0.0757581 0.074975 0.0716538 0.0662333 0.0593034 0.0514838 0.0433397 0.0353403 0.0278482 0.0211274 0.0153539 0.0106222 0.00694563 0.00425919
 0.00724172 0.0114715 0.0167597 0.0229885 0.0300823 0.0379576 0.0463803 0.0548747 0.0627653 0.0693021 0.0738008 0.075778 0.0750575 0.0718017 0.066445 0.05957 0.0517875 0.0436549 0.0356367 0.0280963 0.0213055 0.0154537 0.0106512 0.00692443 0.00421308
 0.0072705 0.0114969 0.0167591 0.0229303 0.0299369 0.0377137 0.0460561 0.0545166 0.0624309 0.0690394 0.0736351 0.0757115 0.075079 0.0718966 0.0666007 0.0597756 0.0520306 0.0439189 0.0358998 0.0283345 0.0214973 0.0155866 0.0107249 0.00695006 0.00420822
 0.00752717 0.011868 0.0172304 0.0234549 0.0304433 0.0381225 0.0462984 0.0545486 0.0622459 0.0686723 0.0731557 0.0752033 0.0746136 0.0715172 0.0663212 0.0595906 0.0519271 0.0438815 0.0359117 0.0283762 0.0215488 0.0156307 0.0107515 0.00695763 0.00420182
 0.00758694 0.0119787 0.0174201 0.0237526 0.030865 0.0386524 0.0468759 0.0550734 0.0626058 0.0687825 0.0729892 0.0747999 0.0740631 0.0709275 0.0657852 0.0591657 0.0516313 0.0437037 0.0358259 0.0283526 0.0215598 0.0156544 0.0107731 0.00697024 0.00420504
 0.0076235 0.0120341 0.0174979 0.0238584 0.0310115 0.0388621 0.0471757 0.0554789 0.0630979 0.0692934 0.0734132 0.0750295 0.0740344 0.0706476 0.0653263 0.0586326 0.0511219 0.0432823 0.0355165 0.0281488 0.0214384 0.0155884 0.0107394 0.00695264 0.00419445
