SBPRF35
10.9036
Curr Bio
560520
B35
735715
F35
0.182867
FOFL
0.139221
OFL
64703
Bzero
3.11533e+006
#pred survey bio
 4.0239e+006 3.84672e+006 3.68995e+006 3.48229e+006 3.2485e+006 2.96905e+006 2.69387e+006 2.39866e+006 2.13309e+006 1.89737e+006 1.67053e+006 1.47051e+006 1.2952e+006 1.14629e+006 1.00129e+006 886241 796177 734566 687709 652730 620907 590243 572731 560533 548462 533731 537106 539830 538382 540716 534709 541763 542955 551205 549625 533966 531246 518045 525729 532157 540179 547644 554034 548027 547713 551371 557507 556151 560303 556555 555203 583224 586546 581197 577122 559266 556071 548699 520787 507788 521522 575284 565547 534274 552769 561887 541482 550238 565646 2.00767e+007 1.20406e+007 1.24159e+007 1.34935e+007 1.50201e+007 1.66883e+007 1.82791e+007 1.96745e+007 2.08325e+007 2.17574e+007 2.2477e+007 2.30266e+007 2.34413e+007 2.37519e+007 2.39837e+007 2.41563e+007 2.42851e+007 2.43815e+007 2.44538e+007 2.45083e+007 2.45497e+007 2.45812e+007 2.46054e+007 2.4624e+007 2.46385e+007 2.46497e+007 2.46585e+007 2.46653e+007 2.46707e+007 2.4675e+007 2.46784e+007 2.4681e+007 2.46832e+007 2.46848e+007 2.46862e+007 2.46873e+007 2.46882e+007 2.46888e+007 2.46894e+007 2.46899e+007 2.46902e+007 2.46905e+007 2.46907e+007 2.46909e+007 2.46911e+007 2.46912e+007 2.46913e+007 2.46914e+007 2.46914e+007 2.46915e+007 2.46915e+007 2.46916e+007 2.46916e+007 2.46916e+007 2.46916e+007 2.46916e+007 2.46916e+007 2.46917e+007 2.46917e+007 2.46917e+007 2.46917e+007 2.46917e+007 2.46917e+007 2.46917e+007 2.46917e+007 2.46917e+007 2.46917e+007 2.46917e+007 2.46917e+007 2.46917e+007 2.46917e+007 2.46917e+007 2.46917e+007 2.46917e+007 2.46917e+007 2.46917e+007 2.46917e+007 2.46917e+007 2.46917e+007 2.46917e+007 2.46917e+007 2.46917e+007 2.46917e+007 2.46917e+007 2.46917e+007 2.46917e+007 2.46917e+007 2.46917e+007 2.46917e+007 2.46917e+007 2.46917e+007 2.46917e+007 2.46917e+007 2.46917e+007 2.46917e+007 2.46917e+007 2.46917e+007 2.46917e+007 2.46917e+007 2.46917e+007 0 0 0 0 0 0 0 0 0 0 0 0 0 0 0 0 0 0 0 0 0 0 0 0 0
#obs survey bio
 5.07864e+006 3.1266e+006 4.97128e+006 3.68898e+006 2.28234e+006 1.85574e+006 2.94599e+006 2.08166e+006 2.51304e+006 1.4044e+006 1.61039e+006 1.01608e+006 1.14918e+006 1.26244e+006 970070 682069 665675 726334 410323 620303 525348 476966 421102 413518 625558 426328 427984 525821 434642 529835 504812 501286 553049 587088 573806 535769 529269 603536 582337 550926 400456 702204 796129 701784 608469 810090 621954 702413 932314 496374 501572 656247 613332 633560 535469 518258 713847 588017 422960 477671 724514 738729 485886 556395 646749 597310 480248 483762 570543
#pred catch bio
 107040 96103.4 153788 193244 254060 271172 310785 303850 294209 300541 287757 273839 254863 251903 223829 199498 172133 156841 144351 139143 135091 121400 115379 113794 114042 97685.1 98067.4 100847 96709.7 102175 89529.7 93340.1 86156.4 92422.3 100712 87982.1 98542.2 83821.1 87485 87230.9 87951.7 88291.6 97075.3 90239.2 85855.7 83527.4 89762.4 84962.7 91677.9 89881.8 66779.1 89548.8 97153.1 96358.3 108056 95622.9 99066.9 114648 100414 78374.1 47048.4 100859 116127 73508.7 82491.8 106012 79967.7 74122 77940 64703 83124.4 84245.6 90129.3 99983.8 111149 121787 130994 138482 144312 148707 151940 154275 155936 157105 157919 158483 158871 159136 159317 159441 159524 159581 159619 159645 159662 159674 159682 159687 159691 159693 159695 159696 159696 159697 159697 159697 159697 159698 159698 159698 159698 159698 159698 159698 159698 159698 159698 159698 159698 159698 159698 159698 159698 159698 159698 159698 159698 159698 159698 159698 159698 159698 159698 159698 159698 159698 159698 159698 159698 159698 159698 159698 159698 159698 159698 159698 159698 159698 159698 159698 159698 159698 159698 159698 159698 159698 159698 159698 159698 159698 159698 159698 159698 159698 159698 159698 159698 159698 159698 0 0 0 0 0 0 0 0 0 0 0 0 0 0 0 0 0 0 0 0 0 0 0 0 0
#obs catch bio
 0 95665.9 153979 193463 255598 272559 312903 307309 296082 304435 290693 278654 260550 256023 227399 202393 174624 158469 146300 141050 137095 123110 117002 115957 115782 98922.2 99436.3 102231 97842.4 103750 90372.6 94076.4 86862.4 93092.2 101427 87913.9 98777.9 83466.2 87222.4 86654 87678 87582.4 96275.6 89254.3 84665.2 82457 88631.6 83980.1 90144.3 88955.5 65975.7 88841 96653.9 95494.1 107540 95099.9 98229.4 113765 99720.9 78413.7 46490.4 100353 115742 72846.9 81838 105743 79570.7 73949.3 77952.1
#pred cpue bio
 3.96309e+006 3.78875e+006 3.63417e+006 3.42737e+006 3.19408e+006 2.9157e+006 2.64164e+006 2.34792e+006 2.08381e+006 1.84953e+006 1.62434e+006 1.42586e+006 1.25217e+006 1.10521e+006 962724 849785 761522 701369 655753 621687 590850 561244 544363 532570 520989 506922 510341 513169 512001 514529 509105 516406 517914 526318 525480 510941 507961 493813 500359 506629 514747 522337 528967 523575 523596 527294 533293 531951 536005 532314 530754 557886 561151 555771 551528 533873 530540 523514 496516 483630 496947 549902 541128 510409 528019 537244 517743 526295 541820 1.9282e+007 1.15804e+007 1.17815e+007 1.26551e+007 1.4103e+007 1.57507e+007 1.7337e+007 1.87316e+007 1.98894e+007 2.08143e+007 2.15338e+007 2.20834e+007 2.24982e+007 2.28088e+007 2.30405e+007 2.32132e+007 2.3342e+007 2.34383e+007 2.35106e+007 2.35652e+007 2.36065e+007 2.36381e+007 2.36622e+007 2.36809e+007 2.36953e+007 2.37066e+007 2.37153e+007 2.37222e+007 2.37276e+007 2.37318e+007 2.37352e+007 2.37379e+007 2.374e+007 2.37417e+007 2.3743e+007 2.37441e+007 2.3745e+007 2.37457e+007 2.37463e+007 2.37467e+007 2.37471e+007 2.37473e+007 2.37476e+007 2.37478e+007 2.37479e+007 2.3748e+007 2.37481e+007 2.37482e+007 2.37483e+007 2.37483e+007 2.37484e+007 2.37484e+007 2.37484e+007 2.37484e+007 2.37485e+007 2.37485e+007 2.37485e+007 2.37485e+007 2.37485e+007 2.37485e+007 2.37485e+007 2.37485e+007 2.37485e+007 2.37485e+007 2.37485e+007 2.37485e+007 2.37485e+007 2.37485e+007 2.37485e+007 2.37485e+007 2.37485e+007 2.37485e+007 2.37485e+007 2.37485e+007 2.37485e+007 2.37485e+007 2.37485e+007 2.37485e+007 2.37485e+007 2.37485e+007 2.37485e+007 2.37485e+007 2.37485e+007 2.37485e+007 2.37485e+007 2.37485e+007 2.37485e+007 2.37485e+007 2.37485e+007 2.37485e+007 2.37485e+007 2.37485e+007 2.37485e+007 2.37485e+007 2.37485e+007 2.37485e+007 2.37485e+007 2.37485e+007 2.37485e+007 2.37485e+007 0 0 0 0 0 0 0 0 0 0 0 0 0 0 0 0 0 0 0 0 0 0 0 0 0
#obs cpue bio
 4.66464e+006 4.01758e+006 2.83264e+006 1.81128e+006 2.86491e+006 4.05256e+006 2.65593e+006 1.38645e+006 2.61343e+006 1.4602e+006 1.82282e+006 1.06903e+006 794422 1.34062e+006 768206 960083 672641 743935 723980 539307 554474 515709 581386 417727 498993 451781 504588 469090 528030 408085 504861 661942 354099 539850 558000 655666 544519 555083 495480 687046 572621 636270 472231 560035 765707 396942 614590 421351 654116 495655 591741 540356 421750 684884 549288 559446 577191 579015 640718 372113 475807 677296 556137 541540 571524 469635 550976 529861 496371
#pred surv len freq
 0.00537911 0.0086312 0.0127982 0.0177974 0.0234741 0.0295426 0.0355494 0.0409669 0.0453892 0.048671 0.0509093 0.052319 0.0531216 0.0534949 0.0535673 0.0534307 0.0531574 0.0528008 0.0523472 0.0516177 0.0501862 0.0474352 0.0428226 0.0362589 0.0283319
 0.00560862 0.00890871 0.0130439 0.0178905 0.0233008 0.0290638 0.0348445 0.0402166 0.0447973 0.0483726 0.050921 0.0525583 0.0534718 0.0538716 0.0539497 0.0538486 0.0536486 0.0533628 0.0529098 0.0520549 0.0503669 0.0472885 0.0423781 0.0356364 0.0276857
 0.00587409 0.00932938 0.01365 0.0186851 0.0242398 0.0300382 0.0356851 0.0407381 0.0448777 0.0480217 0.0502858 0.0518518 0.052872 0.053459 0.0537138 0.0537404 0.0536257 0.0533959 0.0529593 0.0520503 0.0502189 0.0469315 0.0418151 0.0349476 0.0269938
 0.0060992 0.009697 0.0142066 0.0194751 0.0252957 0.0313617 0.0372226 0.0423629 0.0463948 0.0492075 0.0509564 0.0519313 0.0524238 0.0526535 0.0527519 0.0527775 0.0527391 0.0525952 0.0522118 0.0513024 0.0494131 0.0460326 0.0408363 0.0339582 0.0260937
 0.0063107 0.0100365 0.0147105 0.0201777 0.0262263 0.0325391 0.0386439 0.0439905 0.0481454 0.0509468 0.0525048 0.0530911 0.0530296 0.0526289 0.0521402 0.0517232 0.0514265 0.0511815 0.0507886 0.0498967 0.0480172 0.0446422 0.0394799 0.0327022 0.0250201
 0.00659865 0.0104891 0.0153634 0.0210551 0.0273398 0.0338848 0.0401976 0.0457046 0.049951 0.052758 0.0542186 0.0545828 0.0541531 0.053237 0.0521246 0.0510564 0.0501795 0.0494999 0.0488419 0.0478311 0.0459386 0.0426306 0.0376132 0.0310645 0.0236859
 0.00689169 0.0109543 0.0160427 0.0219804 0.0285279 0.03533 0.0418634 0.0475216 0.051827 0.0545954 0.0559273 0.0560807 0.0553564 0.0540497 0.052441 0.0507833 0.0492713 0.0479875 0.0468354 0.0454948 0.0434561 0.0401785 0.0353488 0.0291163 0.0221382
 0.00720597 0.0114576 0.0167862 0.0230067 0.0298639 0.0369755 0.0437776 0.0496183 0.0539848 0.0566801 0.0578147 0.0576702 0.0565722 0.0548327 0.0527358 0.0505311 0.0484189 0.0465124 0.0447764 0.0429691 0.040652 0.0373261 0.0326792 0.0268205 0.020332
 0.00754304 0.0119853 0.0175433 0.0240186 0.0311418 0.0385144 0.0455505 0.0515691 0.0560278 0.0587076 0.059709 0.059317 0.0578716 0.0557052 0.0531214 0.0503826 0.047696 0.0451888 0.0428622 0.0405399 0.0378658 0.0344128 0.0298989 0.0244032 0.0184244
 0.00787014 0.0125031 0.0182964 0.0250389 0.0324429 0.0400843 0.0473431 0.0535038 0.0580015 0.0606141 0.061454 0.0608205 0.0590633 0.0565201 0.0534991 0.0502688 0.0470453 0.0439705 0.0410757 0.0382391 0.0351829 0.0315601 0.0271354 0.0219733 0.0164936
 0.00825382 0.0131055 0.0191634 0.0261994 0.0339048 0.0418286 0.0493152 0.0556099 0.0601176 0.0626069 0.0632036 0.0622351 0.0600827 0.0571094 0.0536373 0.0499374 0.0462228 0.0426367 0.0392284 0.0359206 0.0325065 0.028718 0.0243741 0.0195345 0.0145477
 0.00857505 0.0136221 0.01993 0.0272621 0.0352919 0.0435358 0.0512911 0.0577521 0.0622869 0.0646539 0.0649937 0.0636636 0.0610788 0.0576346 0.0536789 0.049498 0.0453091 0.0412547 0.0373917 0.0336725 0.0299466 0.0260162 0.0217523 0.0172156 0.0126928
 0.00876071 0.013937 0.0204288 0.0280049 0.0363329 0.0449045 0.0529721 0.0596747 0.064333 0.0666776 0.0668455 0.06521 0.0622166 0.0582983 0.0538399 0.0491569 0.0444838 0.0399718 0.0356861 0.0316005 0.0276061 0.0235597 0.0193748 0.0151137 0.0110099
 0.0089603 0.0142484 0.0208747 0.0286022 0.0370959 0.0458468 0.0541033 0.0609909 0.0658046 0.0682415 0.0684049 0.0666455 0.0634052 0.0591335 0.0542463 0.0490955 0.0439485 0.038982 0.0342821 0.0298472 0.0256032 0.0214488 0.0173286 0.0133026 0.00955768
 0.00927481 0.0147393 0.0215747 0.0295261 0.0382368 0.0471726 0.0555536 0.062482 0.0672451 0.0695534 0.0695343 0.0675582 0.0640723 0.0595206 0.0543135 0.0488063 0.0432811 0.0379366 0.0328858 0.0281579 0.023715 0.0194917 0.015456 0.0116613 0.00825091
 0.00953406 0.0151484 0.0221669 0.0303236 0.0392457 0.0483763 0.0569053 0.0639022 0.0686323 0.0708035 0.0705627 0.0683124 0.0645328 0.0596905 0.0542035 0.048422 0.04262 0.0369955 0.0316741 0.026712 0.0221073 0.0178304 0.0138711 0.0102763 0.00715123
 0.00969175 0.015404 0.0225502 0.0308619 0.0399584 0.049267 0.0579524 0.065055 0.0698153 0.0719296 0.0715465 0.0690826 0.0650403 0.059913 0.0541425 0.0480945 0.0420467 0.0361948 0.0306648 0.0255242 0.0207954 0.0164784 0.0125822 0.00915051 0.00625797
 0.00986135 0.0156517 0.0228722 0.0312396 0.0403687 0.0496955 0.0584022 0.0655429 0.0703589 0.0725305 0.0721815 0.0697042 0.065587 0.0603231 0.0543669 0.0481036 0.0418308 0.0357598 0.0300284 0.0247168 0.0198652 0.015494 0.0116272 0.00830604 0.00558212
 0.0100203 0.0158961 0.023213 0.0316746 0.0408807 0.0502516 0.0589564 0.0660455 0.0707717 0.0728422 0.0724099 0.0698822 0.06574 0.0604525 0.0544482 0.0480971 0.0416979 0.0354748 0.029585 0.0241299 0.0191708 0.0147477 0.0108963 0.00765592 0.00505968
 0.0100325 0.0159299 0.0232894 0.031821 0.041123 0.050602 0.0594027 0.0665482 0.0712732 0.0732835 0.0727485 0.0701028 0.0658549 0.0604895 0.0544331 0.0480394 0.0415869 0.0352873 0.0292994 0.0237395 0.018691 0.0142155 0.0103633 0.0071746 0.00466888
 0.0100824 0.0160025 0.0233838 0.0319336 0.0412521 0.0507532 0.0595902 0.0667887 0.0715738 0.0736307 0.0731056 0.0704207 0.0660896 0.0606174 0.0544557 0.0479748 0.0414549 0.0350987 0.0290539 0.0234339 0.0183302 0.0138197 0.00996605 0.00681368 0.00437408
 0.0102154 0.0162005 0.0236477 0.0322513 0.0416009 0.0511051 0.0599175 0.067069 0.0717951 0.0737932 0.0732189 0.0704945 0.066125 0.0606055 0.0543837 0.0478361 0.0412534 0.0348459 0.0287625 0.0231137 0.0179909 0.0134751 0.00963657 0.00652258 0.00413993
 0.0103199 0.016353 0.0238445 0.0324778 0.0418343 0.0513218 0.0600979 0.0672007 0.0718736 0.0738226 0.0732115 0.0704683 0.0660972 0.0605856 0.054369 0.0478133 0.0412054 0.0347594 0.0286323 0.0229429 0.0177889 0.0132564 0.00941938 0.00632585 0.00397875
 0.0102679 0.0162902 0.0237894 0.0324589 0.0418805 0.0514473 0.0602916 0.0674279 0.0720892 0.0739895 0.0733128 0.0705082 0.0660944 0.0605622 0.0543423 0.04779 0.0411817 0.0347243 0.028574 0.0228545 0.0176713 0.0131185 0.00927542 0.00619143 0.0038665
 0.0102381 0.0162408 0.0237148 0.0323568 0.0417567 0.0513202 0.0601928 0.0673934 0.0721443 0.0741336 0.0735167 0.0707265 0.0662849 0.0607016 0.0544287 0.0478351 0.0411994 0.0347227 0.0285543 0.022814 0.0176087 0.0130375 0.00918491 0.00610295 0.00379032
 0.0103677 0.0164245 0.0239407 0.0325963 0.0419716 0.0514753 0.0602679 0.0673892 0.0720805 0.0740423 0.0734303 0.0706659 0.0662525 0.0606832 0.054404 0.0477896 0.0411299 0.0346352 0.0284569 0.022713 0.0175075 0.0129386 0.00909205 0.00602123 0.00372428
 0.0102828 0.0162994 0.0237759 0.0323991 0.0417522 0.0512414 0.0600227 0.0671349 0.0718267 0.0738117 0.0732586 0.0705917 0.0663026 0.06086 0.0546828 0.0481264 0.0414763 0.0349519 0.0287202 0.0229139 0.0176475 0.0130253 0.00913662 0.00603652 0.00372272
 0.010194 0.0161629 0.0235861 0.0321571 0.041467 0.0509302 0.0597092 0.0668462 0.0715866 0.0736353 0.0731514 0.0705551 0.0663402 0.0609782 0.0548844 0.0484023 0.0418019 0.0352921 0.0290394 0.0231853 0.0178574 0.0131729 0.00922989 0.00608827 0.00374674
 0.0101497 0.0160938 0.0234874 0.0320263 0.0413045 0.0507397 0.0594989 0.0666297 0.0713815 0.0734599 0.0730207 0.0704782 0.0663201 0.0610149 0.0549773 0.04855 0.0419986 0.0355235 0.0292834 0.0234165 0.0180545 0.0133241 0.00933393 0.00615201 0.00378102
 0.00994766 0.015798 0.0231027 0.0315784 0.0408325 0.0502841 0.0590924 0.0662948 0.0711329 0.0733074 0.0729698 0.0705294 0.0664675 0.0612462 0.0552757 0.0488966 0.0423743 0.0359095 0.0296599 0.023763 0.0183525 0.0135611 0.00950684 0.00626683 0.00384995
 0.00992813 0.0157519 0.023008 0.0314092 0.0405692 0.0499279 0.0586746 0.0658722 0.0707692 0.0730498 0.0728361 0.0705106 0.0665412 0.0613898 0.0554721 0.0491338 0.0426418 0.0361954 0.0299498 0.0240406 0.0186013 0.0137678 0.00966452 0.00637637 0.00391876
 0.00987917 0.0156627 0.0228557 0.0311659 0.0402079 0.0494328 0.0580534 0.0651642 0.0700444 0.0723979 0.0723466 0.07025 0.0665358 0.0616216 0.0558899 0.0496723 0.0432387 0.0368003 0.0305249 0.0245587 0.0190435 0.0141234 0.00993153 0.00656184 0.00403687
 0.00976283 0.0154997 0.0226578 0.0309569 0.0400131 0.049263 0.057895 0.0649833 0.0698053 0.0720855 0.0719815 0.0698866 0.0662458 0.0614692 0.0559108 0.0498649 0.0435693 0.0372176 0.0309755 0.0249969 0.0194359 0.0144492 0.0101822 0.00673974 0.00415249
 0.00940446 0.0149665 0.0219486 0.0301066 0.039087 0.0483437 0.0570689 0.0643269 0.0693697 0.0718839 0.071988 0.070053 0.0665262 0.0618389 0.0563666 0.0504109 0.0441995 0.0379063 0.03168 0.0256682 0.0200311 0.0149397 0.0105571 0.00700426 0.00432388
 0.00924509 0.014702 0.0215424 0.0295267 0.038319 0.0474091 0.0560382 0.0633152 0.0685095 0.071286 0.0717096 0.0700886 0.0668216 0.0623183 0.0569599 0.0510693 0.0448955 0.0386221 0.0323944 0.0263511 0.0206472 0.0154586 0.0109617 0.00729456 0.0045145
 0.010045 0.0158226 0.022895 0.0309133 0.039484 0.0481256 0.0561814 0.0628881 0.0676212 0.070107 0.0704275 0.0688707 0.0657883 0.0615293 0.0564198 0.0507472 0.0447487 0.0386117 0.0324882 0.0265189 0.0208566 0.0156758 0.0111577 0.00745086 0.00462546
 0.0106489 0.0167715 0.0242528 0.0326939 0.0416212 0.0504437 0.0583876 0.0646179 0.0685441 0.0700481 0.0694334 0.0671819 0.0637397 0.0594399 0.0545203 0.0491605 0.0435076 0.0376934 0.0318453 0.0260982 0.0206068 0.0155488 0.0111099 0.00744633 0.00463842
 0.0106152 0.0168148 0.0244987 0.0333173 0.0427981 0.0522721 0.0608125 0.0674025 0.0713051 0.0723451 0.0708825 0.0675576 0.0630336 0.0578516 0.0523817 0.0468289 0.0412756 0.0357455 0.0302618 0.0248847 0.0197263 0.0149451 0.0107212 0.00721324 0.00450929
 0.0102116 0.0162075 0.0236832 0.0323411 0.0417728 0.0513763 0.0602769 0.0674607 0.0721096 0.0738791 0.0729219 0.0697193 0.0648956 0.0590901 0.0528635 0.0466231 0.0405925 0.0348409 0.0293536 0.0241101 0.0191407 0.0145452 0.010473 0.00707328 0.00443822
 0.0100688 0.0159603 0.0232846 0.0317434 0.0409453 0.0503342 0.0591084 0.0663362 0.0712579 0.0735307 0.0732337 0.0707059 0.0663993 0.0608138 0.0544632 0.0478229 0.0412667 0.0350264 0.0291979 0.0237914 0.0188032 0.0142707 0.0102866 0.00696474 0.00438385
 0.00993279 0.0157534 0.0229981 0.0313736 0.0404881 0.0497799 0.0584453 0.0655664 0.070422 0.0727276 0.0726167 0.0704463 0.0666233 0.0615391 0.0555712 0.049089 0.0424399 0.0359192 0.0297401 0.0240252 0.0188336 0.0142076 0.0102069 0.00690465 0.00434998
 0.00976313 0.0154968 0.0226478 0.0309367 0.0399834 0.0492329 0.0578833 0.0650136 0.0698964 0.0722427 0.0721931 0.0701282 0.0664848 0.0616653 0.0560161 0.0498315 0.043371 0.0368749 0.0305644 0.0246258 0.0192005 0.0143916 0.0102791 0.00692446 0.00435268
 0.00960075 0.0152451 0.0222927 0.0304746 0.0394237 0.0485996 0.0572159 0.0643646 0.0693212 0.0717852 0.0718767 0.0699573 0.0664582 0.0617915 0.0563162 0.050324 0.0440445 0.037669 0.0313779 0.0253516 0.0197655 0.0147761 0.0105091 0.00704692 0.00441208
 0.00963629 0.0152876 0.0223279 0.0304794 0.0393708 0.0484665 0.0569934 0.0640606 0.0689583 0.0713959 0.0714961 0.0696176 0.0661856 0.0616067 0.0562386 0.0503733 0.0442338 0.0379919 0.0317972 0.0258037 0.0201806 0.0151041 0.0107332 0.00717987 0.00448092
 0.00972216 0.0154047 0.0224621 0.030602 0.0394443 0.0484557 0.0568751 0.0638295 0.0686279 0.070996 0.0710682 0.0692078 0.0658359 0.0613492 0.056093 0.0503486 0.0443314 0.0382039 0.032102 0.0261629 0.0205444 0.0154249 0.0109807 0.0073472 0.00458038
 0.00974702 0.0154455 0.0225231 0.0306844 0.0395431 0.0485548 0.0569466 0.0638381 0.0685425 0.0708028 0.0707785 0.0688566 0.0654719 0.0610219 0.0558429 0.0502022 0.0443001 0.0382853 0.0322806 0.0264102 0.0208222 0.0156925 0.0112058 0.0075133 0.00468819
 0.00973831 0.0154312 0.0225016 0.030655 0.0395069 0.0485156 0.0569096 0.0638069 0.0685144 0.070766 0.0707152 0.0687517 0.0653231 0.0608448 0.0556674 0.0500635 0.0442283 0.0382976 0.0323779 0.0265774 0.0210316 0.0159107 0.011402 0.00766789 0.00479526
 0.00972203 0.015416 0.0224994 0.0306827 0.0395807 0.0486425 0.0570816 0.0640007 0.0686986 0.0709105 0.070797 0.0687568 0.0652458 0.0606893 0.0554506 0.0498153 0.0439867 0.0380999 0.0322505 0.0265295 0.0210541 0.0159808 0.011492 0.00775393 0.00486303
 0.00975569 0.0154522 0.0225206 0.0306642 0.0395007 0.0484963 0.0568905 0.0638084 0.0685537 0.0708453 0.0708163 0.068839 0.0653559 0.0607923 0.0555216 0.0498447 0.0439811 0.0380783 0.0322367 0.0265426 0.0211012 0.0160558 0.0115796 0.00783717 0.00492999
 0.00991258 0.0156891 0.0228421 0.0310587 0.0399397 0.0489359 0.0572766 0.0640865 0.0686854 0.070823 0.0706655 0.0686057 0.0650855 0.0605138 0.0552451 0.0495694 0.0437065 0.0378115 0.0319928 0.0263396 0.0209524 0.0159638 0.011536 0.00782661 0.00493637
 0.0099537 0.0157653 0.0229734 0.0312678 0.0402444 0.0493373 0.0577493 0.0645774 0.069124 0.0711412 0.0708171 0.0685789 0.0649028 0.0602208 0.0548927 0.049199 0.0433444 0.0374723 0.0316866 0.0260767 0.0207422 0.015811 0.0114376 0.00777216 0.00491172
 0.00973388 0.0154227 0.0224873 0.0306347 0.0394846 0.0485026 0.0569247 0.0638713 0.0686413 0.0709498 0.0709265 0.068942 0.0654383 0.0608424 0.0555303 0.0498066 0.0438964 0.0379559 0.0320967 0.0264134 0.0210103 0.0160187 0.011594 0.00788563 0.00498989
 0.00983019 0.0155608 0.0226599 0.0308209 0.0396527 0.0486166 0.0569539 0.0637988 0.0684725 0.0707159 0.0706776 0.0687305 0.0652998 0.0607844 0.0555357 0.0498468 0.0439453 0.0379978 0.0321262 0.0264315 0.021021 0.0160263 0.0116016 0.00789432 0.00499912
 0.00991466 0.0157042 0.0228857 0.0311507 0.0400965 0.0491598 0.0575471 0.0643612 0.0689121 0.0709576 0.070688 0.0685261 0.0649373 0.0603386 0.0550756 0.0494191 0.0435711 0.0376794 0.0318581 0.0262082 0.0208398 0.0158858 0.0114995 0.00782602 0.00495769
 0.00995568 0.0157706 0.0229858 0.0312943 0.040295 0.0494253 0.0578873 0.0647711 0.0693647 0.0714006 0.0710515 0.0687424 0.0649642 0.0601754 0.0547614 0.0490164 0.0431433 0.0372742 0.031502 0.025911 0.0206017 0.015703 0.0113665 0.00773558 0.00490105
 0.0100698 0.0159558 0.0232635 0.031682 0.0408015 0.0500423 0.0585839 0.0654948 0.070051 0.0719872 0.0714864 0.068986 0.0649894 0.0599712 0.0543413 0.0484228 0.0424423 0.0365409 0.0308034 0.0252946 0.0200924 0.015307 0.011077 0.00753781 0.00477575
 0.00984457 0.015637 0.0228721 0.0312699 0.0404398 0.0498015 0.0585152 0.0656208 0.0703649 0.0724557 0.072056 0.0695902 0.0655585 0.0604417 0.054665 0.0485743 0.0424246 0.0363847 0.0305582 0.0250145 0.0198229 0.0150777 0.0109005 0.00741366 0.00469588
 0.00985015 0.0156192 0.0227978 0.0310981 0.0401399 0.0493785 0.0580262 0.0651674 0.0700599 0.0723808 0.0722336 0.0699823 0.0660862 0.0610127 0.0551939 0.0489964 0.0427025 0.0365105 0.0305515 0.024914 0.0196745 0.0149219 0.0107648 0.00731077 0.00462649
 0.0102288 0.0161855 0.0235558 0.0320123 0.0411371 0.0503572 0.0588708 0.0657693 0.0703466 0.0723425 0.0719285 0.0695117 0.0655533 0.0604876 0.0547025 0.0485308 0.0422409 0.0360358 0.0300618 0.0244251 0.019214 0.0145193 0.0104414 0.00707337 0.00446803
 0.0101714 0.016139 0.023571 0.0321612 0.0414892 0.0509427 0.0596519 0.0666377 0.0711543 0.0729497 0.0722472 0.0695268 0.0653164 0.0600894 0.054237 0.0480659 0.041807 0.0356338 0.0296808 0.0240587 0.0188679 0.0142088 0.010183 0.00687681 0.00433251
 0.0097986 0.0155658 0.0227737 0.0311513 0.0403225 0.0497267 0.0585415 0.0658099 0.0707567 0.0730452 0.0727872 0.0703736 0.0663006 0.0610682 0.0551253 0.0488333 0.0424548 0.0361705 0.0301099 0.0243803 0.0190866 0.0143387 0.0102465 0.00689883 0.00433384
 0.00939683 0.014899 0.0217481 0.0296799 0.0383554 0.0472945 0.055795 0.0630258 0.0682914 0.0712495 0.0719159 0.0705235 0.0673945 0.0628881 0.0573812 0.0512396 0.0447857 0.0382788 0.0319175 0.0258574 0.0202351 0.0151836 0.0108302 0.00727494 0.00455849
 0.00983752 0.015549 0.0225981 0.0306646 0.0393544 0.0481451 0.0563141 0.0630466 0.0677169 0.070105 0.0703695 0.0688501 0.065894 0.0617936 0.0567986 0.0511408 0.0450484 0.0387466 0.0324503 0.0263573 0.0206488 0.0154932 0.0110411 0.00740527 0.00463117
 0.0100912 0.0159951 0.0233272 0.0317699 0.0408942 0.0500898 0.0585034 0.0651914 0.0694602 0.0711225 0.070466 0.0680156 0.0643038 0.0597553 0.0546621 0.0492035 0.0434898 0.0376147 0.0316942 0.02588 0.0203532 0.0153059 0.0109169 0.00732038 0.00457361
 0.00961763 0.0152893 0.0223897 0.0306575 0.0397223 0.049023 0.0577335 0.0648952 0.0697372 0.0719366 0.0716321 0.0692534 0.0653393 0.0604186 0.0549349 0.0491982 0.0433784 0.0375487 0.0317524 0.026062 0.0206073 0.0155684 0.0111407 0.00748452 0.00467935
 0.00952652 0.0151089 0.0220608 0.0301117 0.0389078 0.0479423 0.0564759 0.0636394 0.0687137 0.0713598 0.0716282 0.0698126 0.0663135 0.0615708 0.0560238 0.0500606 0.0439708 0.0379291 0.0320222 0.0263053 0.0208599 0.0158221 0.0113683 0.00766347 0.00480278
 0.00979414 0.0155158 0.0226169 0.0307974 0.0396666 0.0486787 0.0570633 0.0639474 0.0686556 0.0709399 0.0709568 0.0690708 0.0656792 0.0611471 0.0558071 0.0499646 0.0438874 0.0377891 0.0318205 0.0260844 0.0206712 0.0156956 0.011304 0.00764278 0.0048038
 0.00936025 0.0149029 0.021866 0.030005 0.0389581 0.0481626 0.0567925 0.0639053 0.0687702 0.0711154 0.0711125 0.0691732 0.0657562 0.0612697 0.0560466 0.0503476 0.0443786 0.0383117 0.0322975 0.0264719 0.0209645 0.0159128 0.0114661 0.00776324 0.00488939
 0.00864881 0.0138278 0.0204041 0.0282004 0.0369236 0.0460711 0.0548619 0.0623684 0.067821 0.0708494 0.0714947 0.0700591 0.0669545 0.062612 0.0574261 0.0517165 0.0457158 0.0395903 0.0334737 0.0274965 0.0218039 0.0165597 0.0119365 0.0080863 0.00509791
#obs surv len freq
 nan nan nan nan nan nan nan nan nan nan nan nan nan nan nan nan nan nan nan nan nan nan nan nan nan
 0.00448449 0.0073458 0.0111758 0.0159922 0.0216931 0.0279689 0.0342831 0.0400145 0.0446939 0.0481576 0.0505152 0.0520107 0.0529027 0.0534148 0.0537289 0.0539836 0.054262 0.0545547 0.0546934 0.0542853 0.0527234 0.0493555 0.0438054 0.0362855 0.0276693
 0.0046144 0.00755905 0.0115002 0.016454 0.0223102 0.0287413 0.0351832 0.0409839 0.0456524 0.0490183 0.0512015 0.0524677 0.0531021 0.0533557 0.053433 0.053488 0.0536098 0.0537885 0.0538521 0.0534057 0.0518442 0.0485198 0.0430576 0.0356635 0.0271939
 0.00478527 0.00783677 0.0119182 0.0170433 0.0230942 0.0297257 0.036346 0.0422699 0.0469778 0.0502833 0.0523053 0.0533207 0.053636 0.0535306 0.053241 0.0529511 0.0527733 0.0527116 0.0526012 0.052051 0.050461 0.0471886 0.0418585 0.0346624 0.0264274
 0.00496136 0.0081293 0.0123699 0.0176978 0.0239868 0.0308693 0.0377171 0.0438043 0.0485798 0.0518439 0.0537176 0.0544884 0.054477 0.0539801 0.0532572 0.0525205 0.0519144 0.0514732 0.0510584 0.0503009 0.0486187 0.0453811 0.0402113 0.0332781 0.0253634
 0.00518164 0.00848462 0.0129 0.0184391 0.0249673 0.0321 0.0391808 0.0454487 0.0503211 0.0535779 0.0553338 0.0558807 0.0555508 0.0546567 0.0534761 0.052243 0.0511285 0.0502001 0.0493586 0.0482773 0.0464139 0.0431657 0.0381601 0.0315367 0.0240169
 0.00541707 0.00887271 0.0134936 0.0192897 0.0261136 0.0335512 0.0409002 0.0473515 0.0522901 0.0554892 0.0570768 0.0573643 0.0566994 0.055404 0.0537631 0.0520207 0.0503641 0.0488885 0.0475362 0.0460354 0.043904 0.0405891 0.0357359 0.029455 0.0223945
 0.00565861 0.00926924 0.0140978 0.020154 0.0272809 0.035039 0.0426842 0.0493578 0.0544024 0.0575703 0.0589912 0.0589952 0.0579566 0.0562226 0.0540965 0.0518315 0.0496224 0.0475788 0.0456759 0.0436975 0.0412336 0.0377984 0.033071 0.0271401 0.0205745
 0.00589429 0.00965612 0.0146872 0.0209967 0.0284178 0.036487 0.0444206 0.0513139 0.0564728 0.0596308 0.0609172 0.0606724 0.0592868 0.0571267 0.0545148 0.0517212 0.0489534 0.0463356 0.0438697 0.0413894 0.0385563 0.0349603 0.0303262 0.0247297 0.0186631
 0.00613903 0.010055 0.0152894 0.0218489 0.0295561 0.0379231 0.0461277 0.0532217 0.0584767 0.0616115 0.0627591 0.0622738 0.0605618 0.0580047 0.0549379 0.0516429 0.0483377 0.045161 0.0421412 0.0391591 0.0359461 0.0321683 0.0276023 0.0223182 0.0167367
 0.00639584 0.0104761 0.0159296 0.0227606 0.030778 0.0394634 0.0479471 0.0552291 0.0605445 0.0636025 0.0645507 0.0637698 0.0616934 0.058724 0.0552108 0.0514418 0.0476384 0.0439459 0.0404123 0.0369604 0.0333871 0.0294334 0.0249289 0.0199436 0.0148325
 0.00661502 0.0108385 0.0164864 0.0235635 0.0318695 0.0408601 0.0496233 0.0571094 0.0625137 0.0655271 0.066301 0.0652367 0.0627958 0.0594096 0.055451 0.0512224 0.0469511 0.0427862 0.0387883 0.0349125 0.0310123 0.0268964 0.0224453 0.0177316 0.0130531
 0.006854 0.0112283 0.0170755 0.0243978 0.0329831 0.0422619 0.0512815 0.058947 0.0644175 0.0673688 0.0679575 0.0666039 0.0637946 0.0599883 0.0555833 0.0509019 0.0461832 0.0415833 0.0371729 0.0329317 0.0287577 0.0245159 0.0201307 0.0156772 0.0114024
 0.00707736 0.0115962 0.0176377 0.0252025 0.0340668 0.0436322 0.0529018 0.060732 0.0662468 0.0691117 0.0694959 0.0678438 0.0646695 0.0604572 0.0556265 0.0505173 0.0453815 0.0403846 0.0356092 0.0310565 0.0266606 0.0223308 0.0180257 0.0138202 0.00991572
 0.00728906 0.0119415 0.0181596 0.0259418 0.0350538 0.0448748 0.0543713 0.0623575 0.0679235 0.0707196 0.0709193 0.0689867 0.0654629 0.0608606 0.055625 0.0501151 0.0445958 0.0392418 0.0341468 0.029331 0.0247578 0.020372 0.0161569 0.0121836 0.00861228
 0.00743581 0.0121874 0.018543 0.0265029 0.035826 0.0458712 0.0555719 0.0637048 0.0693315 0.0720901 0.0721581 0.0700124 0.0662108 0.0612845 0.0556989 0.0498319 0.043965 0.0382867 0.0329045 0.027857 0.0231328 0.0187041 0.0145721 0.0108013 0.00751532
 0.00751489 0.0123167 0.0187398 0.0267859 0.0362148 0.0463829 0.0562165 0.0644789 0.0702137 0.0730395 0.0731166 0.070911 0.066978 0.0618556 0.056022 0.049872 0.0437052 0.0377294 0.0320723 0.0267955 0.0219132 0.0174221 0.0133372 0.00971594 0.00665025
 0.00761127 0.0124634 0.0189424 0.0270438 0.0365231 0.0467357 0.056609 0.0649083 0.0706788 0.0735389 0.0736451 0.0714533 0.0675044 0.0623218 0.0563749 0.0500585 0.0436819 0.0374704 0.0315751 0.0260847 0.0210428 0.0164717 0.0124003 0.00888098 0.00597923
 0.00768423 0.012581 0.0191167 0.0272836 0.0368304 0.0471013 0.0570101 0.0653116 0.0710516 0.0738609 0.0739149 0.0716849 0.0677153 0.0625191 0.0565469 0.0501745 0.0436997 0.0373486 0.0312862 0.0256263 0.020443 0.0157873 0.0117058 0.00825014 0.00546601
 0.00774284 0.0126684 0.0192342 0.027428 0.0369966 0.0472849 0.0572085 0.0655225 0.0712694 0.0740757 0.0741144 0.0718597 0.0678632 0.0626446 0.0566545 0.0502604 0.0437459 0.0373255 0.0311623 0.0253823 0.0200833 0.0153438 0.0112316 0.00780371 0.00509379
 0.00778148 0.0127304 0.0193253 0.027552 0.037153 0.0474671 0.0574026 0.0657104 0.0714342 0.0742081 0.0742147 0.0719346 0.0679203 0.0626894 0.0566894 0.050284 0.0437516 0.037299 0.0310836 0.0252329 0.0198567 0.0150532 0.0109091 0.00749055 0.00482634
 0.00782489 0.0127926 0.0194038 0.0276397 0.0372411 0.047549 0.0574767 0.0657787 0.0714999 0.0742718 0.0742742 0.0719872 0.0679651 0.0627275 0.0567228 0.0503128 0.0437718 0.0373016 0.0310554 0.0251601 0.0197312 0.0148793 0.010705 0.00728388 0.00464396
 0.00785391 0.0128358 0.019461 0.0277075 0.0373125 0.0476146 0.0575265 0.0658047 0.0714997 0.0742509 0.074245 0.0719638 0.0679581 0.0627409 0.0567539 0.0503551 0.0438166 0.0373387 0.0310734 0.0251473 0.01968 0.0147898 0.0105876 0.00715657 0.00452624
 0.0078986 0.0129039 0.0195547 0.0278253 0.0374487 0.0477596 0.0576666 0.0659238 0.0715817 0.0742845 0.0742278 0.0719036 0.0678708 0.0626451 0.0566657 0.0502837 0.0437637 0.0372992 0.0310382 0.0251061 0.0196243 0.0147164 0.0105003 0.00706513 0.00444243
 0.00792323 0.0129431 0.019612 0.0279027 0.0375463 0.0478739 0.0577896 0.0660433 0.0716835 0.0743557 0.0742597 0.0718938 0.0678231 0.0625693 0.056575 0.0501919 0.0436813 0.037231 0.0309825 0.0250569 0.0195744 0.0146609 0.010439 0.00700264 0.00438539
 0.00789977 0.0129069 0.0195616 0.0278386 0.0374719 0.0477956 0.0577172 0.0659884 0.0716565 0.0743624 0.074299 0.0719574 0.0678993 0.062646 0.0566438 0.0502492 0.0437277 0.037269 0.0310136 0.0250803 0.0195873 0.0146609 0.0104264 0.0069809 0.00436013
 0.00790782 0.0129087 0.0195436 0.0277826 0.0373605 0.0476221 0.0574922 0.0657407 0.0714251 0.0741848 0.0742005 0.0719471 0.06797 0.0627788 0.0568142 0.0504332 0.0439064 0.0374303 0.0311512 0.0251917 0.0196717 0.0147188 0.0104604 0.00699559 0.00436197
 0.00790805 0.0129116 0.0195517 0.0277977 0.0373801 0.0476362 0.0574829 0.0656877 0.071316 0.0740249 0.0740153 0.0717744 0.0678456 0.0627247 0.0568331 0.0505116 0.0440221 0.0375605 0.0312776 0.0253021 0.0197599 0.0147831 0.0105021 0.00701879 0.00437193
 0.00789849 0.0128924 0.0195166 0.0277397 0.0372947 0.0475249 0.0573551 0.0655576 0.0711967 0.0739224 0.0739286 0.0717013 0.0677904 0.0626989 0.0568505 0.0505799 0.0441374 0.037708 0.0314371 0.0254544 0.0198908 0.0148854 0.0105748 0.00706539 0.00439846
 0.00787067 0.0128469 0.0194475 0.0276413 0.0371626 0.0473582 0.057159 0.0653453 0.0709882 0.073741 0.0737949 0.0716277 0.0677787 0.0627432 0.0569421 0.0507113 0.0443019 0.0378968 0.0316372 0.0256495 0.0200653 0.0150282 0.0106815 0.00713789 0.00444303
 0.00784549 0.0128029 0.0193759 0.0275324 0.0370086 0.0471572 0.0569187 0.0650832 0.0707289 0.0735106 0.0736163 0.0715179 0.0677465 0.0627889 0.0570576 0.0508825 0.0445123 0.03813 0.0318773 0.0258809 0.0202737 0.0152022 0.0108152 0.0072318 0.00450297
 0.00784382 0.0127981 0.0193645 0.0275091 0.0369666 0.0470891 0.0568184 0.0649483 0.0705628 0.0733243 0.0734277 0.0713487 0.0676181 0.0627176 0.0570517 0.0509413 0.0446271 0.0382864 0.032058 0.0260683 0.0204513 0.0153568 0.0109385 0.00732146 0.00456212
 0.0078156 0.012755 0.019305 0.0274332 0.036876 0.0469862 0.056706 0.0648292 0.0704403 0.0732018 0.0733101 0.0712428 0.0675338 0.0626664 0.0570442 0.0509842 0.0447207 0.0384235 0.0322254 0.026249 0.0206278 0.0155142 0.0110667 0.00741662 0.00462622
 0.00780261 0.0127291 0.0192574 0.0273537 0.0367565 0.0468256 0.0565139 0.0646256 0.0702492 0.0730436 0.0731962 0.0711755 0.067509 0.0626791 0.0570913 0.0510651 0.0448352 0.0385692 0.0323952 0.0264309 0.0208069 0.015676 0.0112005 0.00751749 0.0046952
 0.0077492 0.0126487 0.019148 0.0272172 0.0365965 0.046646 0.0563185 0.06442 0.070044 0.0728557 0.073046 0.0710812 0.0674815 0.0627184 0.0571888 0.0512077 0.0450103 0.0387661 0.0326042 0.0266417 0.0210076 0.0158547 0.0113477 0.00762866 0.00477169
 0.00933454 0.0148601 0.0218008 0.0299154 0.0388497 0.0480543 0.0567176 0.0639057 0.0688801 0.0713439 0.0714317 0.0695235 0.0660661 0.0614839 0.0561462 0.050352 0.0443271 0.0382365 0.0322085 0.0263598 0.0208195 0.0157393 0.0112844 0.00759881 0.00476052
 0.00931654 0.0151264 0.022722 0.0319501 0.0423431 0.0529668 0.0624545 0.0694159 0.0730327 0.0733771 0.0712061 0.0674569 0.0628509 0.0577924 0.0524658 0.0469624 0.0413538 0.0357162 0.0301341 0.0247049 0.0195465 0.0148028 0.0106312 0.00717102 0.00449975
 0.00897583 0.0145903 0.0219702 0.0310327 0.0414346 0.0524018 0.0626872 0.0708571 0.0758017 0.0771192 0.0751383 0.0706675 0.0646815 0.0580668 0.0514542 0.0451622 0.0392561 0.0336732 0.0283392 0.0232328 0.0184033 0.0139597 0.0100433 0.00678609 0.0042652
 0.00882747 0.0143348 0.0215599 0.0304175 0.0405808 0.0513265 0.0615015 0.069794 0.0751967 0.0773161 0.0763345 0.0727681 0.067268 0.0605345 0.053259 0.0460297 0.0392348 0.0330319 0.0274049 0.0222687 0.0175647 0.0133076 0.0095788 0.00648031 0.00407915
 0.00875282 0.0142101 0.021365 0.0301285 0.0401718 0.0507749 0.0607992 0.0689651 0.0743191 0.0765372 0.0758621 0.0728167 0.0679637 0.0618216 0.0548783 0.0476036 0.0404229 0.0336627 0.027509 0.0220125 0.0171473 0.0128838 0.00923224 0.00623513 0.0039246
 0.00870312 0.0141299 0.0212452 0.0299601 0.0399463 0.0504851 0.0604405 0.0685375 0.0738303 0.0760109 0.0753509 0.0724125 0.067789 0.0619912 0.0554367 0.0484765 0.0414233 0.0345621 0.028134 0.0223075 0.0171689 0.0127456 0.00904353 0.00606621 0.00380318
 0.00867658 0.0140846 0.0211731 0.0298525 0.0397957 0.0502881 0.0602 0.0682621 0.0735319 0.0757008 0.0750408 0.0721217 0.0675543 0.0618706 0.0554964 0.0487587 0.0419105 0.0351658 0.0287232 0.0227646 0.0174371 0.0128396 0.00902282 0.00599689 0.00373166
 0.00867363 0.0140798 0.0211656 0.0298407 0.0397762 0.0502554 0.0601466 0.0681798 0.0734146 0.0755469 0.0748546 0.0719136 0.0673421 0.0616813 0.0553677 0.0487323 0.0420156 0.0353986 0.029038 0.0230874 0.0176978 0.0130009 0.0090886 0.00599807 0.00370418
 0.00866793 0.0140709 0.0211527 0.0298234 0.0397546 0.0502297 0.0601167 0.0681451 0.0733725 0.0754933 0.0747844 0.0718234 0.0672329 0.0615621 0.0552559 0.0486532 0.0419965 0.0354575 0.0291717 0.0232681 0.0178825 0.0131502 0.00918275 0.00604026 0.00371171
 0.00865237 0.014048 0.0211227 0.0297879 0.0397164 0.0501918 0.0600816 0.0681144 0.073347 0.075472 0.074765 0.0718015 0.0672039 0.0615231 0.055209 0.0486077 0.0419676 0.0354621 0.0292201 0.0233568 0.0179935 0.0132584 0.00926751 0.00609314 0.00373652
 0.00865377 0.0140479 0.0211182 0.0297755 0.0396927 0.050156 0.0600368 0.0680671 0.0733045 0.0754401 0.0747453 0.0717919 0.0671996 0.0615185 0.0552003 0.0485946 0.041955 0.035459 0.029236 0.0233964 0.0180528 0.0133258 0.00932905 0.006139 0.00376424
 0.00864462 0.014036 0.0211059 0.0297659 0.0396888 0.0501584 0.0600423 0.06807 0.0732996 0.0754253 0.0747231 0.0717675 0.0671777 0.0615015 0.0551876 0.0485842 0.0419463 0.0354539 0.0292389 0.0234115 0.018081 0.013363 0.00936775 0.00617191 0.00378734
 0.00863793 0.0140238 0.0210853 0.0297342 0.0396448 0.0501044 0.0599848 0.0680182 0.0732622 0.0754066 0.0747217 0.0717783 0.0671955 0.0615225 0.0552102 0.0486076 0.0419699 0.0354774 0.0292631 0.023438 0.018111 0.0133955 0.00939968 0.00619951 0.00380796
 0.00862844 0.0140107 0.0210696 0.029718 0.0396301 0.0500914 0.059972 0.0680031 0.073243 0.0753849 0.0747014 0.0717642 0.0671902 0.0615259 0.05522 0.0486212 0.0419851 0.0354935 0.0292801 0.0234564 0.0181311 0.013417 0.00942101 0.00621855 0.00382291
 0.00860796 0.01398 0.0210285 0.0296683 0.0395756 0.0500375 0.0599244 0.0679671 0.073222 0.075379 0.0747081 0.0717796 0.0672115 0.0615516 0.0552493 0.0486532 0.0420185 0.0355265 0.0293114 0.0234856 0.0181579 0.0134413 0.00944243 0.00623627 0.00383637
 0.00860796 0.01398 0.0210285 0.0296683 0.0395756 0.0500375 0.0599244 0.0679671 0.073222 0.075379 0.0747081 0.0717796 0.0672115 0.0615516 0.0552493 0.0486532 0.0420185 0.0355265 0.0293114 0.0234856 0.0181579 0.0134413 0.00944243 0.00623627 0.00383637
 0.00838224 0.0136187 0.0204972 0.0289445 0.0386597 0.0489667 0.0587831 0.0668815 0.0723334 0.0748057 0.0745145 0.0719656 0.0677224 0.0622996 0.0561361 0.0495876 0.0429273 0.0363584 0.0300352 0.0240869 0.0186351 0.013802 0.00970069 0.00641019 0.00394558
 0.00846783 0.0137322 0.0206195 0.0290391 0.0386787 0.0488637 0.0585271 0.0664677 0.07179 0.0741938 0.0739187 0.0714764 0.0674121 0.0622043 0.0562495 0.0498687 0.0433161 0.0367926 0.0304626 0.0244709 0.0189554 0.0140517 0.00988288 0.0065343 0.00402409
 0.00861222 0.0139775 0.0210051 0.0295996 0.0394259 0.0497628 0.0594808 0.0673259 0.0723895 0.0744123 0.073716 0.070903 0.0665876 0.0612778 0.0553592 0.0491128 0.042741 0.0363984 0.0302193 0.0243365 0.0188905 0.014026 0.00987659 0.00653593 0.00402787
 0.0084941 0.0138042 0.0207811 0.0293467 0.0391837 0.0495846 0.0594238 0.0674336 0.072669 0.0748175 0.0741532 0.0712613 0.0667824 0.0612826 0.0552102 0.0488862 0.0425185 0.0362383 0.0301442 0.0243377 0.0189416 0.014098 0.00994712 0.00659286 0.00406773
 0.00874504 0.0141866 0.0213082 0.030012 0.0399611 0.0504312 0.0602832 0.0682406 0.0733589 0.0753364 0.0744619 0.0713326 0.0665985 0.0608407 0.0545349 0.0480381 0.0415887 0.0353273 0.0293364 0.0236832 0.0184532 0.0137597 0.00972842 0.00646039 0.00399258
 0.00863351 0.0140409 0.0211547 0.0298963 0.0399354 0.0505334 0.0605206 0.0685884 0.0737724 0.0757688 0.074875 0.0716972 0.0668876 0.0610246 0.0545846 0.0479374 0.0413466 0.0349825 0.028948 0.023312 0.0181432 0.01353 0.00957578 0.00636873 0.00394253
 0.00856198 0.0139109 0.0209365 0.0295618 0.0394744 0.049974 0.0599403 0.0681009 0.0734905 0.0757602 0.0751386 0.0721714 0.0674797 0.0616407 0.0551473 0.048391 0.0416594 0.0351493 0.0289895 0.023268 0.0180592 0.0134433 0.00950762 0.00632473 0.00391864
 0.00878392 0.014251 0.0214074 0.0301546 0.0401536 0.0506754 0.0605758 0.0685764 0.0737363 0.0757603 0.0749375 0.0718506 0.0671196 0.0612917 0.0548226 0.0480787 0.04134 0.0348096 0.0286305 0.0229059 0.0177198 0.0131523 0.00928151 0.00616622 0.00381864
 0.00875099 0.0142253 0.0214195 0.0302484 0.0403725 0.0510408 0.0610687 0.0691336 0.0742661 0.0761706 0.0751647 0.0718778 0.0669772 0.0610403 0.0545267 0.0477835 0.0410635 0.034549 0.0283766 0.0226554 0.0174797 0.012937 0.00910487 0.00603537 0.00373168
 0.00855545 0.013904 0.0209334 0.0295699 0.0395033 0.0500347 0.0600427 0.0682513 0.073689 0.0759985 0.0754012 0.0724376 0.0677295 0.0618579 0.0553181 0.0484998 0.0416853 0.03507 0.0287938 0.0229684 0.0176951 0.0130701 0.00917713 0.00606902 0.00374465
 0.00818205 0.0132956 0.0200175 0.0282845 0.0378176 0.0479794 0.0577393 0.0659186 0.0716111 0.0744629 0.0746267 0.072521 0.0686243 0.0633941 0.0572547 0.0505882 0.0437206 0.0369133 0.0303683 0.024245 0.0186773 0.0137841 0.00966483 0.00638016 0.00392906
 0.00851018 0.0137746 0.0206339 0.0289813 0.0384982 0.0485204 0.0580094 0.0658036 0.071049 0.0734784 0.0733475 0.0711572 0.0674123 0.0625271 0.0568292 0.05059 0.0440492 0.0374301 0.0309427 0.0247814 0.019122 0.0141188 0.00989522 0.00652539 0.00401274
