SBPRF35
7.78865
Curr Bio
528085
B35
680060
F35
0.224062
FOFL
0.180738
OFL
77025.7
Bzero
2.22533e+06
#pred survey bio
 4.91502e+06 4.55589e+06 4.23687e+06 3.89903e+06 3.55091e+06 3.15279e+06 2.81838e+06 2.49181e+06 2.19269e+06 1.9514e+06 1.71005e+06 1.52154e+06 1.32934e+06 1.17651e+06 1.05084e+06 941447 875754 809600 742490 714734 697273 662089 645014 627750 619091 608989 596426 592073 584717 586973 585780 583289 575060 569653 557395 541812 536734 523478 520589 526938 533756 539139 540176 540704 543824 549543 555454 553101 556832 554449 555988 568710 589196 610750 615454 604765 585419 587714 584802 566503 563269 561807 571124 529756 1.94812e+07 1.21056e+07 1.26336e+07 1.33742e+07 1.41881e+07 1.49499e+07 1.55985e+07 1.6118e+07 1.65176e+07 1.68168e+07 1.70369e+07 1.71973e+07 1.73137e+07 1.73981e+07 1.74594e+07 1.75042e+07 1.7537e+07 1.75613e+07 1.75793e+07 1.75928e+07 1.76029e+07 1.76105e+07 1.76163e+07 1.76207e+07 1.76241e+07 1.76266e+07 1.76286e+07 1.76301e+07 1.76313e+07 1.76322e+07 1.76329e+07 1.76334e+07 1.76338e+07 1.76341e+07 1.76344e+07 1.76346e+07 1.76347e+07 1.76348e+07 1.76349e+07 1.7635e+07 1.7635e+07 1.76351e+07 1.76351e+07 1.76351e+07 1.76351e+07 1.76352e+07 1.76352e+07 1.76352e+07 1.76352e+07 1.76352e+07 1.76352e+07 1.76352e+07 1.76352e+07 1.76352e+07 1.76352e+07 1.76352e+07 1.76352e+07 1.76352e+07 1.76352e+07 1.76352e+07 1.76352e+07 1.76352e+07 1.76352e+07 1.76352e+07 1.76352e+07 1.76352e+07 1.76352e+07 1.76352e+07 1.76352e+07 1.76352e+07 1.76352e+07 1.76352e+07 1.76352e+07 1.76352e+07 1.76352e+07 1.76352e+07 1.76352e+07 1.76352e+07 1.76352e+07 1.76352e+07 1.76352e+07 1.76352e+07 1.76352e+07 1.76352e+07 1.76352e+07 1.76352e+07 1.76352e+07 1.76352e+07 1.76352e+07 1.76352e+07 1.76352e+07 1.76352e+07 1.76352e+07 1.76352e+07 1.76352e+07 1.76352e+07 1.76352e+07 1.76352e+07 1.76352e+07 1.76352e+07 0 0 0 0 0 0 0 0 0 0 0 0 0 0 0 0 0 0 0 0 0 0 0 0 0
#obs survey bio
 4.73133e+06 6.72898e+06 3.34416e+06 4.15869e+06 2.63285e+06 3.20356e+06 2.45415e+06 1.63355e+06 1.70419e+06 1.38983e+06 1.38061e+06 1.2514e+06 1.27279e+06 1.0466e+06 514258 900232 797585 567830 1.17266e+06 993783 819248 655589 478926 477861 724335 574249 533668 885949 612406 664726 637055 512954 537319 781693 509885 623234 549439 484315 472780 483696 574092 567914 529792 555040 575080 448652 765461 589327 595433 495929 582337 656217 570687 706487 631761 459556 491699 802686 587845 461106 636885 703918 408984 411116
#pred catch bio
 106755 99244.7 150537 196207 281592 263142 293225 302925 280634 304822 275581 289937 261050 240336 227534 189909 188397 184236 145290 132608 144034 125988 124358 115523 114910 114279 104294 103949 93943.5 95422.8 94570.5 96963.8 91709.6 94295.5 93989.8 84746.4 95146.2 90157.5 84298 84537.8 86084.8 89975.9 90292.6 87791.1 85229 84576.9 90917.8 86193.5 93127.6 92049.7 85012.2 80460.8 80657.2 94728.5 107049 114283 96803.7 101649 113685 100608 99613.1 92000.9 136123 81255.6 77025.7 96544.8 99754 104551 110328 115816 120406 123964 126582 128437 129716 130578 131149 131523 131765 131920 132019 132082 132121 132146 132162 132172 132178 132182 132184 132186 132186 132187 132187 132188 132188 132188 132188 132188 132188 132188 132188 132188 132188 132188 132188 132188 132188 132188 132188 132188 132188 132188 132188 132188 132188 132188 132188 132188 132188 132188 132188 132188 132188 132188 132188 132188 132188 132188 132188 132188 132188 132188 132188 132188 132188 132188 132188 132188 132188 132188 132188 132188 132188 132188 132188 132188 132188 132188 132188 132188 132188 132188 132188 132188 132188 132188 132188 132188 132188 132188 132188 132188 132188 132188 0 0 0 0 0 0 0 0 0 0 0 0 0 0 0 0 0 0 0 0 0 0 0 0 0
#obs catch bio
 0 98834.1 150848 196354 283791 264311 295836 307410 285005 313001 283019 299388 268113 245782 234194 193852 192182 189151 146972 133499 144683 127035 125807 116672 116117 115595 105357 104117 94138.6 95810.1 94840.5 97436.9 91880.5 94170.6 94047.3 84670.8 95273.2 90472.8 84053.5 84074.4 85329 89613 90037.7 87627.8 84853.6 84237.4 89923.9 85179.5 92415.9 92027 85111.4 80597.1 80676.9 94659.8 106520 114382 96556.4 101071 113567 100126 99308.1 90747.4 136491 80923.2
#pred cpue bio
 4.83881e+06 4.48354e+06 4.16681e+06 3.83013e+06 3.48391e+06 3.08804e+06 2.75505e+06 2.42986e+06 2.13195e+06 1.89156e+06 1.65194e+06 1.46522e+06 1.27594e+06 1.12581e+06 1.00232e+06 894853 830599 766599 702226 676331 660181 626260 609705 593103 584929 575582 564007 560537 553990 556428 555594 553657 546208 541582 530341 515580 509915 495291 491495 497902 504934 510223 511162 511710 514913 520692 526704 524510 527737 524715 525547 537605 557635 578949 583828 573254 553835 555681 553079 535446 532059 530518 539148 497995 1.8311e+07 1.13946e+07 1.18591e+07 1.25191e+07 1.3305e+07 1.40608e+07 1.47083e+07 1.52277e+07 1.56272e+07 1.59264e+07 1.61465e+07 1.63069e+07 1.64233e+07 1.65077e+07 1.6569e+07 1.66138e+07 1.66466e+07 1.66709e+07 1.66889e+07 1.67024e+07 1.67125e+07 1.67201e+07 1.67259e+07 1.67303e+07 1.67337e+07 1.67363e+07 1.67382e+07 1.67397e+07 1.67409e+07 1.67418e+07 1.67425e+07 1.6743e+07 1.67434e+07 1.67437e+07 1.6744e+07 1.67442e+07 1.67443e+07 1.67444e+07 1.67445e+07 1.67446e+07 1.67447e+07 1.67447e+07 1.67447e+07 1.67447e+07 1.67448e+07 1.67448e+07 1.67448e+07 1.67448e+07 1.67448e+07 1.67448e+07 1.67448e+07 1.67448e+07 1.67448e+07 1.67448e+07 1.67448e+07 1.67448e+07 1.67448e+07 1.67448e+07 1.67448e+07 1.67448e+07 1.67448e+07 1.67448e+07 1.67448e+07 1.67448e+07 1.67448e+07 1.67448e+07 1.67448e+07 1.67448e+07 1.67448e+07 1.67448e+07 1.67448e+07 1.67448e+07 1.67448e+07 1.67448e+07 1.67448e+07 1.67448e+07 1.67448e+07 1.67448e+07 1.67448e+07 1.67448e+07 1.67448e+07 1.67448e+07 1.67448e+07 1.67448e+07 1.67448e+07 1.67448e+07 1.67448e+07 1.67448e+07 1.67448e+07 1.67448e+07 1.67448e+07 1.67448e+07 1.67448e+07 1.67448e+07 1.67448e+07 1.67448e+07 1.67448e+07 1.67448e+07 1.67448e+07 1.67448e+07 0 0 0 0 0 0 0 0 0 0 0 0 0 0 0 0 0 0 0 0 0 0 0 0 0
#obs cpue bio
 4.15542e+06 4.27918e+06 2.72671e+06 3.35466e+06 3.06907e+06 2.38259e+06 2.44841e+06 1.97138e+06 1.7469e+06 1.3176e+06 1.17825e+06 1.33954e+06 1.18306e+06 1.1944e+06 1.09561e+06 823307 821033 635140 580082 538681 741439 365540 620053 667800 430707 512968 509285 714870 425251 436282 516600 551038 636920 545202 520777 417891 535654 411844 844657 729466 670062 372301 502343 479260 631249 638642 830551 550536 431646 346677 423773 422310 598461 629744 813839 558788 691438 588839 471942 771968 486702 797161 448884 539453
#pred surv len freq
 0.00442134 0.00719051 0.0108496 0.0154021 0.0207706 0.0267237 0.0328394 0.0385977 0.0435636 0.0475216 0.0504749 0.0525565 0.0539439 0.054808 0.0552876 0.05548 0.055447 0.0552169 0.0547471 0.0538421 0.0520866 0.0489083 0.0438374 0.0368612 0.0286223
 0.00479586 0.00770865 0.0114657 0.016028 0.0213142 0.0271416 0.0331679 0.0389314 0.0439905 0.0480551 0.0510301 0.0529887 0.054123 0.054685 0.0549158 0.0549867 0.0549719 0.0548463 0.054474 0.0535731 0.0516956 0.0483114 0.0430444 0.0359738 0.0277815
 0.00493026 0.00797748 0.0119565 0.0168354 0.0224958 0.028663 0.0348731 0.0405779 0.0453442 0.0489873 0.0515483 0.0531828 0.0540769 0.0544257 0.0544302 0.0542751 0.0540833 0.0538655 0.0534743 0.0525759 0.0506717 0.0472242 0.0419018 0.0348471 0.0267764
 0.00511673 0.00826269 0.0123579 0.017372 0.0232016 0.0295951 0.0360988 0.0421307 0.0471675 0.0509075 0.0533097 0.0545377 0.0548736 0.0546388 0.0541246 0.0535469 0.0530252 0.0525634 0.0520106 0.0510225 0.0490811 0.0456378 0.0403719 0.0334495 0.0255961
 0.00535354 0.00864136 0.0129151 0.0181354 0.0241836 0.0307867 0.0374677 0.0436306 0.0487533 0.0525392 0.054933 0.0560523 0.056125 0.0554528 0.054369 0.0531762 0.052083 0.0511515 0.0502538 0.0490459 0.047003 0.0435717 0.0384304 0.0317404 0.0242053
 0.0056859 0.0091711 0.013693 0.0192022 0.0255636 0.0324767 0.0394231 0.0457592 0.0509258 0.0546156 0.0567914 0.0576027 0.057301 0.0561905 0.0545929 0.0528108 0.0510846 0.0495378 0.048112 0.0465198 0.0442716 0.0408297 0.0358695 0.029525 0.0224442
 0.00601823 0.00969784 0.0144612 0.0202484 0.0269101 0.0341242 0.0413406 0.0478763 0.0531355 0.0567879 0.0587906 0.0593042 0.0586043 0.0570225 0.0549012 0.0525519 0.0502211 0.0480532 0.046038 0.0439578 0.0413964 0.03787 0.0330693 0.0270963 0.0205227
 0.00637024 0.0102647 0.0153043 0.021421 0.0284475 0.0360282 0.0435631 0.0503138 0.0556429 0.0592044 0.0609651 0.0611095 0.0599418 0.057822 0.0551176 0.0521587 0.0492037 0.0464104 0.043797 0.0412013 0.038284 0.0346355 0.0299848 0.0244101 0.0183981
 0.00672508 0.0108338 0.016147 0.0225895 0.0299795 0.0379347 0.0458114 0.0528168 0.0582631 0.0617725 0.0633052 0.0630628 0.0613837 0.0586698 0.055328 0.051717 0.0481126 0.0446857 0.0414768 0.0383682 0.0350902 0.0313087 0.0267996 0.0216262 0.0161919
 0.00696225 0.0112273 0.0167543 0.0234706 0.0311868 0.0394961 0.0477121 0.0549901 0.0605971 0.0641277 0.065532 0.0650154 0.0629304 0.0597032 0.0557717 0.0515281 0.0472774 0.0432158 0.0394124 0.0357927 0.0321492 0.0282173 0.0238184 0.0190055 0.014106
 0.00720213 0.0116232 0.0173621 0.0243483 0.0323861 0.0410464 0.049602 0.0571555 0.0629238 0.0664668 0.067722 0.0669033 0.0643881 0.0606366 0.0561218 0.0512656 0.0463968 0.041733 0.0373703 0.0332749 0.0292968 0.0252343 0.0209501 0.0164875 0.0121028
 0.00732884 0.011839 0.0177063 0.0248671 0.033127 0.0420475 0.0508787 0.0586902 0.0646619 0.0683203 0.0695766 0.0686291 0.0658541 0.0617258 0.0567429 0.0513581 0.0459305 0.0407064 0.0358134 0.0312596 0.0269492 0.0227371 0.0185227 0.0143411 0.0103864
 0.00756501 0.0122154 0.0182593 0.0256271 0.0341148 0.0432686 0.0523138 0.0602895 0.0663474 0.0699953 0.0711388 0.069981 0.0669108 0.0624193 0.0570231 0.0511919 0.0453008 0.0396141 0.0342836 0.0293529 0.0247739 0.020452 0.0163188 0.0124019 0.00884073
 0.0078987 0.0127249 0.0189652 0.0265278 0.0351907 0.0444876 0.0536346 0.0616599 0.0677058 0.0712754 0.0722758 0.070917 0.0675969 0.0628161 0.0571008 0.0509289 0.0446836 0.0386394 0.0329658 0.0277354 0.0229416 0.0185333 0.0144712 0.0107774 0.00754627
 0.00814349 0.0131293 0.0195837 0.0274097 0.0363635 0.0459345 0.0552767 0.0633614 0.0693051 0.0726302 0.0732958 0.0715698 0.0678926 0.0627852 0.056776 0.0503362 0.0438397 0.0375556 0.0316568 0.0262333 0.0213081 0.0168655 0.0128902 0.0094011 0.00645658
 0.00830054 0.0133937 0.0199994 0.0280258 0.037226 0.0470715 0.0566786 0.0649652 0.0709921 0.0742404 0.0746582 0.0725414 0.0683913 0.0628027 0.0563651 0.0495805 0.0428236 0.0363465 0.0303043 0.0247807 0.0198085 0.0153913 0.011529 0.00823725 0.00554628
 0.00828395 0.0133737 0.0199839 0.0280312 0.0372799 0.0472129 0.0569554 0.0654249 0.071665 0.0751201 0.0756879 0.073615 0.0693738 0.0635639 0.0568124 0.0496773 0.0425858 0.035824 0.0295604 0.0238804 0.0188181 0.0143827 0.0105781 0.00741332 0.00489598
 0.00817723 0.0132342 0.0198368 0.0279213 0.0372593 0.0473234 0.057214 0.0658224 0.0721771 0.0757202 0.0763517 0.0743144 0.0700659 0.0641861 0.05729 0.0499421 0.0425961 0.0355756 0.0290844 0.0232327 0.0180676 0.0136025 0.00983876 0.00677348 0.00439259
 0.00825312 0.0133328 0.0199415 0.0280067 0.0373058 0.0473348 0.0572269 0.0658961 0.0723658 0.0760445 0.0767878 0.0748071 0.0705532 0.064616 0.0576237 0.0501476 0.0426457 0.0354511 0.0287864 0.0227861 0.0175194 0.0130134 0.00927123 0.0062794 0.00400378
 0.00833748 0.0134337 0.0200257 0.0280188 0.0371813 0.0470232 0.0567162 0.0652289 0.0716394 0.0753932 0.0763497 0.0746824 0.0707718 0.0651306 0.05833 0.0509191 0.0433652 0.0360301 0.0291731 0.0229668 0.0175155 0.0128727 0.00905437 0.00604499 0.00379565
 0.00844529 0.0135935 0.0202349 0.0282594 0.0374161 0.047197 0.0567617 0.0650819 0.0712646 0.0748107 0.0756456 0.0739931 0.0702433 0.064871 0.0583755 0.0512285 0.0438407 0.0365531 0.0296383 0.0233048 0.0177008 0.0129188 0.00900058 0.00593966 0.00368104
 0.00858632 0.0138301 0.020603 0.0287921 0.0381308 0.0480756 0.0577343 0.0660257 0.0720263 0.0752461 0.0756634 0.0735846 0.0694899 0.063923 0.0574079 0.0503888 0.043211 0.03614 0.029392 0.0231528 0.0175798 0.0127929 0.00886263 0.00580143 0.00355938
 0.00861286 0.0138669 0.0206483 0.0288449 0.0381968 0.0481734 0.057895 0.0662806 0.0723849 0.0756766 0.0760884 0.073903 0.0696145 0.0638168 0.0571009 0.0499657 0.0427755 0.0357754 0.0291359 0.0229968 0.017488 0.0127273 0.00879969 0.00573553 0.00349626
 0.00862423 0.0138901 0.0206913 0.0289166 0.0383036 0.0483146 0.0580619 0.0664608 0.0725704 0.075868 0.0762896 0.0741065 0.0697903 0.0639175 0.0570824 0.0498128 0.0425145 0.0354634 0.0288353 0.0227499 0.0173076 0.0126026 0.00871178 0.00566941 0.00344474
 0.00851561 0.0137291 0.0204787 0.0286648 0.0380348 0.0480575 0.0578468 0.0663154 0.0725155 0.0759134 0.0764333 0.074336 0.0700839 0.0642431 0.0573985 0.0500755 0.0426915 0.0355466 0.0288427 0.0227139 0.0172587 0.0125588 0.00867806 0.00564366 0.00342417
 0.00841977 0.0135792 0.0202649 0.028384 0.0376936 0.0476755 0.0574584 0.0659673 0.0722568 0.0757828 0.0764483 0.0744909 0.0703543 0.0645933 0.0577876 0.0504615 0.0430361 0.0358217 0.0290364 0.0228324 0.0173205 0.0125852 0.008686 0.0056432 0.00342025
 0.00831279 0.0134176 0.0200445 0.0281089 0.0373745 0.0473275 0.0571001 0.0656221 0.071954 0.0755551 0.0763268 0.0744968 0.0704927 0.0648504 0.058133 0.0508546 0.0434338 0.0361857 0.0293392 0.0230614 0.0174777 0.0126834 0.00874181 0.00567201 0.00343347
 0.0083431 0.0134312 0.0200003 0.0279495 0.0370449 0.0468024 0.0564059 0.0648377 0.0711883 0.0749144 0.0758887 0.0743008 0.0705427 0.0651223 0.0585818 0.0514217 0.0440546 0.0367985 0.0298937 0.0235244 0.0178353 0.012939 0.00891105 0.0057757 0.00349212
 0.00843178 0.0135677 0.0201885 0.0281804 0.0372902 0.0470096 0.0565023 0.064749 0.0708701 0.0743816 0.0752218 0.0736217 0.0699731 0.064747 0.0584332 0.0514844 0.0442811 0.0371263 0.0302594 0.0238748 0.0181342 0.0131693 0.00907223 0.00587848 0.00355184
 0.00831735 0.0134051 0.0199872 0.0279644 0.0370907 0.0468531 0.0563987 0.0646858 0.0708143 0.0742907 0.0750627 0.0733907 0.0697057 0.0645093 0.0582969 0.0514984 0.0444549 0.0374306 0.0306406 0.0242728 0.0184986 0.013468 0.00929358 0.00602724 0.0036426
 0.0082202 0.013251 0.0197642 0.0276674 0.0367276 0.0464499 0.0560015 0.0643527 0.0705965 0.0742107 0.0751029 0.0735022 0.0698323 0.0646151 0.0583807 0.0515893 0.0445914 0.0376374 0.0309153 0.024588 0.0188144 0.0137478 0.00951473 0.00618407 0.00374262
 0.00811139 0.0130837 0.01953 0.0273647 0.0363611 0.0460308 0.0555498 0.0639005 0.0701885 0.0738983 0.0749307 0.0734921 0.0699735 0.0648671 0.058691 0.051915 0.0449124 0.0379544 0.0312355 0.0249106 0.0191257 0.0140265 0.00974198 0.00635133 0.00385333
 0.00801445 0.012936 0.0193262 0.0271068 0.0360577 0.0456958 0.0552012 0.0635595 0.0698778 0.0736401 0.0747459 0.0733991 0.0699858 0.0649874 0.0589065 0.0521983 0.0452309 0.038281 0.0315539 0.0252126 0.0194044 0.0142723 0.00994441 0.00650416 0.00395776
 0.00789871 0.0127521 0.0190579 0.0267436 0.0355989 0.0451554 0.0546126 0.0629739 0.0693552 0.0732348 0.0744948 0.0733175 0.0700702 0.0652209 0.0592631 0.0526452 0.0457307 0.0387955 0.0320496 0.0256648 0.0197972 0.0145972 0.0101984 0.00668949 0.00408231
 0.00797799 0.0128532 0.0191584 0.026805 0.0355758 0.045012 0.0543364 0.0625819 0.0688888 0.0727494 0.0740481 0.0729596 0.069836 0.0651269 0.0593073 0.0528113 0.0459921 0.0391195 0.032402 0.0260137 0.0201171 0.0148704 0.0104158 0.00684999 0.00419136
 0.00870082 0.0138884 0.020456 0.0282256 0.0369251 0.0460993 0.0550247 0.0628085 0.0686607 0.0721285 0.0731356 0.0718785 0.0687108 0.064064 0.0583828 0.052067 0.045439 0.0387456 0.0321798 0.0259081 0.0200918 0.0148926 0.0104594 0.00689662 0.00423069
 0.00921012 0.0147116 0.0216775 0.0298978 0.0390311 0.0485086 0.0574714 0.0649274 0.0700901 0.0726344 0.0726865 0.0706326 0.0669367 0.0620475 0.0563629 0.0502102 0.0438411 0.0374451 0.0311745 0.0251697 0.0195777 0.0145552 0.0102522 0.00677881 0.00416938
 0.008994 0.0144918 0.0215905 0.0301537 0.0398598 0.0500694 0.0597662 0.0677604 0.0730938 0.0753505 0.0746783 0.0715962 0.0667773 0.0608906 0.0544942 0.0479759 0.0415557 0.0353376 0.0293769 0.0237326 0.0184945 0.0137849 0.00973693 0.00645637 0.00398191
 0.00869616 0.0140161 0.0209005 0.029248 0.0388042 0.0490292 0.0590096 0.0676025 0.0737792 0.076925 0.0769266 0.0740922 0.069026 0.0624908 0.0552491 0.0479153 0.0408781 0.0343138 0.02826 0.0227048 0.0176537 0.0131592 0.00930883 0.00618623 0.00382485
 0.00861915 0.0138597 0.0206073 0.0287457 0.0380251 0.0479451 0.0576712 0.0661662 0.0725001 0.0761078 0.0768338 0.07484 0.0705137 0.064413 0.0571972 0.0495218 0.041931 0.034791 0.0282852 0.0224628 0.0173153 0.0128392 0.00906141 0.00602058 0.00372655
 0.00867179 0.0139289 0.0206784 0.0287876 0.0379887 0.0477673 0.0572865 0.0655286 0.071616 0.0750662 0.0758151 0.0740811 0.0702325 0.0647183 0.0580311 0.0506719 0.0431133 0.0357596 0.0289115 0.0227499 0.0173546 0.0127477 0.00893346 0.00590955 0.00365029
 0.00864605 0.0139034 0.0206691 0.0288162 0.0380724 0.0479033 0.0574404 0.065634 0.0715909 0.0748427 0.0753728 0.0734725 0.0695847 0.0642014 0.0577969 0.0507882 0.0435301 0.0363325 0.029469 0.0231658 0.017585 0.012821 0.00891229 0.00585328 0.00359598
 0.00860339 0.0138425 0.0205941 0.028739 0.0380127 0.0478857 0.0574879 0.0657578 0.0717776 0.0750463 0.0755215 0.0734939 0.0694407 0.0639158 0.0574557 0.0505068 0.0434016 0.0363841 0.0296544 0.0233969 0.0177796 0.0129371 0.00895209 0.00584434 0.00356845
 0.00853902 0.0137453 0.0204621 0.0285765 0.0378304 0.0477011 0.0573245 0.0656433 0.0717386 0.0750983 0.0756584 0.0736823 0.0696271 0.0640456 0.0574995 0.0504771 0.0433469 0.0363621 0.0296992 0.0235024 0.0179098 0.0130513 0.00902648 0.00587805 0.00357467
 0.00850388 0.0136817 0.0203549 0.0284091 0.0375907 0.0473898 0.0569622 0.0652713 0.07141 0.074865 0.0755573 0.0737262 0.0698005 0.064308 0.0577966 0.0507591 0.043586 0.0365578 0.0298688 0.0236624 0.0180629 0.0131868 0.0091312 0.00594648 0.00361146
 0.00840851 0.0135391 0.0201628 0.0281719 0.0373159 0.0470838 0.0566294 0.0649185 0.0710542 0.0745383 0.0753042 0.0735921 0.0698165 0.0644784 0.0580954 0.0511381 0.0439905 0.0369429 0.0302088 0.0239497 0.0182991 0.0133747 0.00927235 0.00604357 0.0036711
 0.00845573 0.0135882 0.0201863 0.0281292 0.0371666 0.0468066 0.0562368 0.0644555 0.0705819 0.0741128 0.0749648 0.073362 0.0697097 0.0645034 0.0582514 0.0514086 0.0443417 0.0373308 0.0305904 0.0242927 0.0185859 0.0136 0.0094385 0.00615761 0.00374286
 0.00870779 0.0139633 0.0206843 0.0287219 0.0377987 0.0474026 0.0567112 0.0647281 0.0705987 0.0738659 0.0744976 0.0727554 0.0690563 0.0638841 0.0577243 0.0510069 0.0440751 0.0371884 0.0305458 0.0243127 0.018639 0.0136621 0.00949504 0.00620166 0.00377309
 0.0088595 0.014207 0.0210442 0.0292141 0.0384225 0.0481294 0.0574758 0.065432 0.0711305 0.074132 0.0744505 0.0724069 0.0684713 0.0631605 0.0569665 0.0503033 0.0434849 0.0367383 0.0302347 0.0241204 0.0185353 0.0136164 0.00948176 0.00620311 0.00377895
 0.00893293 0.0143406 0.0212713 0.0295743 0.0389516 0.0488432 0.0583532 0.0664067 0.0720963 0.0749613 0.0750206 0.0726275 0.0683077 0.0626433 0.0561839 0.0493767 0.042538 0.0358711 0.0295096 0.0235608 0.0181343 0.0133485 0.00931467 0.00610575 0.00372601
 0.00886589 0.0142514 0.0211751 0.0295012 0.0389439 0.048947 0.0586085 0.0668353 0.0726907 0.0756757 0.0757704 0.0733021 0.0687957 0.0628625 0.0561042 0.0490274 0.0419971 0.0352404 0.0288865 0.0230168 0.0177063 0.0130416 0.00911287 0.00598368 0.00365799
 0.00869379 0.0139848 0.0208002 0.0290182 0.0383723 0.0483305 0.0580179 0.0663631 0.0724327 0.075704 0.0761081 0.0739112 0.0695826 0.0636993 0.0568604 0.049603 0.0423455 0.0353726 0.0288568 0.022897 0.017561 0.0129133 0.00901965 0.00592566 0.00362657
 0.00851401 0.0136976 0.0203781 0.0284412 0.0376345 0.0474499 0.0570464 0.0653899 0.0715749 0.0750843 0.0758285 0.0740285 0.0700914 0.0645286 0.0578862 0.050677 0.0433312 0.0361765 0.0294425 0.0232798 0.0177874 0.0130372 0.00908528 0.00596154 0.00364756
 0.00839311 0.0135 0.0200785 0.0280155 0.0370641 0.0467301 0.0561959 0.0644574 0.0706377 0.0742402 0.0751819 0.0736736 0.0700928 0.0649031 0.0585926 0.0516197 0.0443797 0.0371972 0.0303302 0.0239775 0.0182875 0.0133676 0.0092892 0.00608077 0.00371436
 0.00853749 0.0137051 0.0203313 0.0282826 0.0372972 0.046877 0.0562111 0.0643092 0.0703133 0.0737517 0.0745712 0.0730122 0.0694739 0.064423 0.0583274 0.0516027 0.0445909 0.0375693 0.0307716 0.0244016 0.0186359 0.0136184 0.00944969 0.00617328 0.00376311
 0.00873785 0.0140291 0.0208135 0.0289466 0.0381433 0.0478649 0.0572486 0.0652586 0.0710222 0.0740958 0.0744891 0.0725185 0.0686508 0.0633993 0.0572511 0.0506116 0.0437854 0.0369948 0.0304175 0.0242176 0.0185577 0.0135908 0.00943835 0.00616383 0.00375319
 0.00877973 0.0141284 0.0210206 0.0293279 0.038764 0.0487618 0.0584023 0.0665799 0.0723607 0.0752678 0.0753167 0.0728703 0.0684738 0.0627323 0.0562133 0.0493711 0.0425174 0.0358438 0.029473 0.0235083 0.0180642 0.0132676 0.00923543 0.00603995 0.00367953
 0.00857446 0.0138153 0.0205911 0.0287963 0.0381746 0.0481932 0.0579641 0.066394 0.0725237 0.075808 0.0761691 0.0738862 0.0694637 0.0635221 0.0566928 0.0495171 0.0423864 0.0355414 0.029113 0.0231792 0.0178126 0.0131012 0.00913821 0.00598849 0.00365396
 0.00862268 0.0138609 0.0205996 0.0287175 0.0379584 0.0478151 0.0574478 0.0658182 0.0720068 0.0754765 0.0761196 0.074153 0.0700018 0.0642168 0.0573936 0.0500863 0.0427411 0.0356708 0.0290666 0.0230355 0.0176453 0.0129583 0.00903794 0.00592818 0.00362202
 0.00882981 0.0141862 0.0210647 0.0293264 0.0386871 0.0486015 0.0581895 0.06639 0.0723 0.0754438 0.0757991 0.0736541 0.0694598 0.06374 0.057029 0.0498158 0.0425081 0.0354179 0.0287668 0.0227004 0.0173119 0.0126663 0.00881214 0.00577305 0.00352668
 0.00878587 0.0141354 0.021027 0.029334 0.0387772 0.0488022 0.0585052 0.0667922 0.0727278 0.0758165 0.0760397 0.0737175 0.0693525 0.0635177 0.0567701 0.0495857 0.0423334 0.0352864 0.0286471 0.0225676 0.0171621 0.0125138 0.00867703 0.00566916 0.00345693
 0.00906847 0.0145219 0.0214755 0.0297645 0.0390998 0.0489589 0.0585 0.0666881 0.0726119 0.0757546 0.0760468 0.0737586 0.0693687 0.0634604 0.0566248 0.0493744 0.042097 0.0350609 0.0284493 0.0223964 0.0170101 0.0123779 0.00856066 0.00557774 0.00339265
 0.00922466 0.0147771 0.0218574 0.0302877 0.0397488 0.0496706 0.0591607 0.0671599 0.0727871 0.0756082 0.075651 0.0732446 0.0688618 0.0630319 0.0562842 0.0490957 0.0418515 0.0348351 0.0282436 0.0222156 0.0168563 0.0122504 0.00845836 0.00549986 0.00333782
 0.00944392 0.0151817 0.022553 0.0313957 0.0413685 0.0518212 0.0617276 0.0698811 0.0752978 0.0775307 0.0766954 0.0732844 0.0679587 0.0614011 0.0542176 0.046877 0.0396997 0.0328887 0.0265738 0.0208475 0.015785 0.011451 0.00789271 0.00512293 0.00310323
#obs surv len freq
 nan nan nan nan nan nan nan nan nan nan nan nan nan nan nan nan nan nan nan nan nan nan nan nan nan
 0.0044912 0.00735538 0.0111878 0.0160053 0.0217057 0.0279793 0.0342906 0.0400189 0.0446957 0.0481573 0.0505133 0.0520076 0.0528986 0.0534099 0.0537234 0.0539777 0.0542558 0.0545482 0.0546868 0.0542786 0.0527168 0.0493494 0.0437999 0.036281 0.0276659
 0.00460957 0.00755324 0.0114951 0.0164522 0.0223143 0.0287523 0.0351995 0.041002 0.0456679 0.0490281 0.0512049 0.0524658 0.053097 0.0533494 0.0534268 0.0534822 0.0536046 0.0537836 0.0538475 0.0534013 0.05184 0.0485159 0.0430542 0.0356607 0.0271918
 0.00477403 0.00781988 0.0118954 0.0170158 0.0230645 0.0296977 0.0363243 0.0422589 0.0469798 0.0502975 0.0523276 0.0533454 0.0536582 0.0535478 0.0532532 0.0529596 0.0527798 0.0527173 0.0526067 0.0520566 0.0504665 0.0471938 0.0418631 0.0346663 0.0264303
 0.00496071 0.00812589 0.0123606 0.0176784 0.0239536 0.0308214 0.0376577 0.0437411 0.048523 0.0518029 0.0536982 0.0544912 0.0544978 0.0540122 0.0532937 0.0525567 0.051948 0.051504 0.0510873 0.0503285 0.0486451 0.0454057 0.0402331 0.0332961 0.0253772
 0.00518022 0.00848406 0.0129021 0.018446 0.0249802 0.0321171 0.0391969 0.0454566 0.0503146 0.0535558 0.0553007 0.0558455 0.0555226 0.0546411 0.0534736 0.0522503 0.0511406 0.0502131 0.0493703 0.048287 0.0464219 0.0431724 0.0381657 0.0315413 0.0240203
 0.00541535 0.00886836 0.0134844 0.0192731 0.0260881 0.0335176 0.0408623 0.0473153 0.0522602 0.0554671 0.0570604 0.0573505 0.0566872 0.0553956 0.0537627 0.0520314 0.050386 0.0489191 0.0475714 0.0460717 0.0439389 0.040621 0.0357635 0.0294775 0.0224115
 0.00563955 0.00923988 0.0140566 0.0201002 0.0272148 0.0349616 0.0425978 0.0492666 0.0543133 0.0574918 0.0589317 0.0589602 0.0579471 0.0562362 0.054129 0.0518798 0.049684 0.0476518 0.0457574 0.0437836 0.0413193 0.0378789 0.033142 0.0271984 0.0206187
 0.00588395 0.00963713 0.0146547 0.0209452 0.0283429 0.0363879 0.0443017 0.051185 0.0563462 0.0595183 0.0608277 0.0606116 0.0592576 0.0571295 0.0545476 0.0517801 0.0490334 0.0464317 0.0439773 0.0415034 0.038671 0.0350693 0.0304232 0.0248098 0.0187238
 0.00612442 0.0100312 0.0152534 0.0217974 0.0294859 0.0378319 0.0460151 0.0530905 0.0583341 0.061469 0.0626301 0.0621715 0.0604963 0.0579809 0.0549562 0.0516995 0.0484268 0.0452754 0.0422734 0.0393013 0.0360903 0.032306 0.0277253 0.02242 0.0168141
 0.00636288 0.0104241 0.0158543 0.0226592 0.0306502 0.0393115 0.0477773 0.0550513 0.0603704 0.0634439 0.0644174 0.0636701 0.0616338 0.0587095 0.0552435 0.0515204 0.047758 0.0440989 0.0405894 0.037151 0.03358 0.029617 0.0250925 0.0200787 0.0149349
 0.00660872 0.0108263 0.0164644 0.0235269 0.0318135 0.040782 0.0495238 0.0569932 0.0623883 0.0654009 0.0661821 0.0651322 0.062712 0.0593527 0.0554267 0.0512353 0.047003 0.0428753 0.0389089 0.0350556 0.0311663 0.0270486 0.022584 0.0178476 0.0131416
 0.00683129 0.0111931 0.0170255 0.0243317 0.0329008 0.0421638 0.0511694 0.0588243 0.0642901 0.0672444 0.0678449 0.0665113 0.0637285 0.0599528 0.0555805 0.0509327 0.0462479 0.0416807 0.0372993 0.0330803 0.0289181 0.0246756 0.0202769 0.0158 0.0114963
 0.00705004 0.0115499 0.0175648 0.0250956 0.033921 0.0434489 0.0526915 0.0605132 0.0660418 0.0689401 0.0693703 0.067769 0.0646446 0.060478 0.055688 0.0506141 0.0455086 0.0405375 0.0357828 0.0312444 0.0268535 0.0225173 0.0181936 0.0139598 0.0100218
 0.00727862 0.0119234 0.0181301 0.0258961 0.0349868 0.0447817 0.0542498 0.0622098 0.0677577 0.0705493 0.070762 0.0688595 0.0653786 0.0608251 0.0556378 0.0501712 0.0446883 0.0393637 0.0342911 0.0294902 0.0249231 0.020533 0.0163027 0.0123053 0.00870507
 0.00745639 0.0122169 0.01858 0.0265431 0.0358628 0.0458969 0.0555786 0.0636857 0.0692814 0.0720075 0.0720467 0.0698821 0.0660765 0.0611632 0.0556055 0.0497762 0.0439502 0.0383108 0.0329618 0.0279395 0.0232311 0.0188078 0.0146709 0.0108865 0.00758172
 0.0075146 0.0123185 0.0187466 0.026801 0.0362407 0.0464187 0.0562565 0.0645131 0.0702308 0.0730305 0.0730776 0.0708437 0.0668894 0.0617567 0.055926 0.049792 0.0436518 0.0377085 0.0320845 0.0268364 0.0219748 0.0174945 0.0134102 0.00978105 0.00670206
 0.00757378 0.0124057 0.018862 0.0269414 0.0364035 0.0466081 0.0564868 0.0648067 0.0706109 0.0735109 0.0736536 0.0714878 0.0675518 0.0623715 0.0564212 0.0501017 0.0437265 0.0375222 0.0316383 0.0261604 0.0211276 0.0165592 0.0124829 0.00895165 0.00603399
 0.00765671 0.0125327 0.0190378 0.0271639 0.0366629 0.0468876 0.0567644 0.0650612 0.0708299 0.0736992 0.0738329 0.071687 0.0677912 0.0626488 0.0567068 0.0503442 0.0438655 0.0375043 0.031431 0.0257614 0.0205685 0.0159012 0.0118046 0.00833025 0.00552587
 0.0077092 0.012613 0.0191491 0.0273055 0.03683 0.0470716 0.0569531 0.0652394 0.0709829 0.0738173 0.0739169 0.0717501 0.0678558 0.062737 0.056829 0.0504891 0.0439992 0.0375786 0.0313988 0.0255937 0.0202663 0.0154976 0.0113559 0.00789896 0.00516196
 0.00779419 0.0127455 0.0193378 0.0275532 0.0371322 0.0474144 0.0573117 0.06558 0.0712689 0.0740183 0.0740172 0.0717515 0.0677763 0.0626061 0.0566794 0.0503468 0.0438738 0.0374594 0.0312593 0.025405 0.0200125 0.0151858 0.0110158 0.00757146 0.00488359
 0.00780987 0.0127731 0.0193831 0.0276231 0.0372328 0.0475487 0.0574772 0.0657674 0.0714629 0.0742006 0.0741694 0.0718587 0.0678306 0.0626082 0.0566391 0.0502797 0.0437949 0.0373755 0.031166 0.0252888 0.0198605 0.0149958 0.0108013 0.0073572 0.0046955
 0.00784637 0.0128245 0.0194459 0.0276899 0.0372953 0.0476025 0.0575244 0.065816 0.0715225 0.0742766 0.0742594 0.0719529 0.0679147 0.0626686 0.0566669 0.0502735 0.0437597 0.0373187 0.0310926 0.0251987 0.0197503 0.014865 0.0106563 0.00721215 0.00456659
 0.00788175 0.0128793 0.0195231 0.0277889 0.0374115 0.0477255 0.0576395 0.0659071 0.0715781 0.0742952 0.0742509 0.0719328 0.0678962 0.0626565 0.0566576 0.0502586 0.0437317 0.0372742 0.0310314 0.0251223 0.0196605 0.014764 0.0105496 0.00710828 0.00447534
 0.00787142 0.0128606 0.0194916 0.0277404 0.0373432 0.0476394 0.0575433 0.0658134 0.0715006 0.0742445 0.0742325 0.0719481 0.0679445 0.0627353 0.056761 0.0503762 0.0438496 0.0373783 0.0311109 0.0251713 0.0196779 0.0147534 0.0105178 0.00706483 0.00443018
 0.00789308 0.0128888 0.0195208 0.0277608 0.0373432 0.0476094 0.0574797 0.0657203 0.0713895 0.0741316 0.0741347 0.0718798 0.0679143 0.0627456 0.0568081 0.0504523 0.0439434 0.0374767 0.0312007 0.0252419 0.0197231 0.0147725 0.0105151 0.00704765 0.00440692
 0.00788691 0.0128793 0.0195074 0.0277423 0.0373175 0.0475725 0.0574262 0.0656456 0.0712927 0.0740189 0.0740197 0.0717805 0.0678483 0.0627247 0.0568359 0.0505238 0.0440472 0.0375979 0.0313234 0.0253519 0.0198103 0.0148322 0.0105484 0.00706022 0.00440633
 0.00790363 0.0129019 0.019533 0.0277654 0.0373317 0.0475727 0.0574102 0.0656138 0.0712465 0.0739591 0.0739476 0.0716998 0.0677667 0.0626543 0.0567894 0.0505105 0.0440696 0.0376507 0.0313956 0.0254298 0.0198814 0.0148879 0.0105853 0.00707995 0.00441355
 0.00788366 0.0128714 0.0194905 0.0277109 0.0372655 0.0474958 0.0573244 0.0655223 0.071155 0.0738755 0.07388 0.0716543 0.0677465 0.062659 0.0568179 0.0505618 0.0441428 0.037743 0.0315007 0.0255383 0.0199824 0.0149722 0.0106481 0.00712114 0.00443699
 0.00787239 0.0128503 0.019454 0.0276526 0.0371807 0.0473842 0.0571926 0.0653833 0.0710246 0.0737675 0.0738034 0.0716129 0.0677399 0.0626848 0.056872 0.0506395 0.044239 0.0378525 0.0316177 0.0256556 0.0200918 0.015066 0.0107212 0.0071724 0.00446902
 0.00784605 0.0128051 0.0193816 0.0275439 0.0370286 0.0471873 0.0569584 0.0651301 0.0707785 0.0735572 0.0736533 0.0715387 0.0677459 0.0627643 0.0570106 0.0508194 0.0444426 0.0380645 0.0318256 0.025849 0.0202624 0.0152075 0.0108304 0.00724987 0.00451905
 0.00785068 0.0128074 0.0193751 0.027519 0.036974 0.0470937 0.056822 0.0649544 0.0705751 0.0733444 0.0734543 0.0713773 0.0676424 0.062731 0.0570494 0.0509218 0.044593 0.0382441 0.0320159 0.0260342 0.0204299 0.0153488 0.010941 0.00732966 0.00457163
 0.00779534 0.0127246 0.0192639 0.0273826 0.0368183 0.0469244 0.0566437 0.064771 0.070392 0.0731702 0.0733013 0.0712604 0.0675762 0.0627272 0.0571133 0.051051 0.0447767 0.0384651 0.0322535 0.0262679 0.0206424 0.0155282 0.0110813 0.00743086 0.00463853
 0.00778546 0.0127011 0.0192153 0.027295 0.0366803 0.0467346 0.0564148 0.0645288 0.0701663 0.0729843 0.0731662 0.0711765 0.0675398 0.062736 0.0571682 0.0511534 0.044925 0.0386517 0.0324647 0.0264857 0.0208487 0.0157077 0.0112249 0.00753628 0.00470916
 0.00775638 0.0126563 0.019152 0.027211 0.0365731 0.0466003 0.0562498 0.0643332 0.0699485 0.0727633 0.0729685 0.0710284 0.0674587 0.0627269 0.0572256 0.0512669 0.0450835 0.0388442 0.0326788 0.0267067 0.0210602 0.0158949 0.0113772 0.00764963 0.00478604
 0.00933915 0.0148703 0.0218208 0.0299496 0.0389006 0.0481189 0.0567858 0.0639617 0.0689081 0.0713338 0.0713838 0.0694477 0.0659781 0.0613998 0.0560785 0.0503073 0.0443062 0.0382358 0.0322213 0.0263794 0.0208401 0.0157575 0.0112987 0.00760935 0.00476785
 0.00932739 0.0151435 0.022747 0.0319843 0.042388 0.0530233 0.0625224 0.0694919 0.0731093 0.0734423 0.0712463 0.0674614 0.0628164 0.057725 0.0523788 0.0468715 0.0412725 0.0356524 0.0300899 0.0246778 0.0195321 0.0147963 0.010629 0.00717083 0.00450034
 0.0089637 0.0145744 0.0219533 0.0310199 0.0414315 0.0524131 0.0627145 0.0708989 0.0758541 0.077177 0.0751953 0.0707162 0.0647138 0.0580759 0.0514381 0.0451248 0.0392061 0.0336213 0.028294 0.023199 0.0183814 0.0139474 0.0100375 0.00678394 0.00426479
 0.00879923 0.0142907 0.0214973 0.0303361 0.0404837 0.0512214 0.0614009 0.0697135 0.0751509 0.0773139 0.0763758 0.0728444 0.0673651 0.0606367 0.0533524 0.0461049 0.0392882 0.0330658 0.027425 0.0222814 0.0175747 0.0133171 0.00958776 0.00648806 0.00408505
 0.00872946 0.0141735 0.0213127 0.0300593 0.0400861 0.0506755 0.0606922 0.0688601 0.0742286 0.0764741 0.0758369 0.0728345 0.0680221 0.0619114 0.0549853 0.0477127 0.0405215 0.0337436 0.0275702 0.0220566 0.0171786 0.0129063 0.00924871 0.00624708 0.00393286
 0.00871587 0.0141469 0.0212636 0.0299751 0.0399518 0.050476 0.0604144 0.068495 0.0737754 0.0759496 0.0752909 0.0723622 0.0677565 0.0619818 0.0554512 0.0485106 0.0414686 0.0346096 0.0281762 0.0223405 0.0171923 0.0127613 0.00905385 0.00607302 0.00380769
 0.00868755 0.0141044 0.0212061 0.0299031 0.0398657 0.0503743 0.0602921 0.0683442 0.0735869 0.0757169 0.0750152 0.0720609 0.0674714 0.061781 0.0554137 0.0486922 0.0418639 0.0351377 0.0287086 0.0227577 0.0174336 0.012837 0.00902051 0.005995 0.00373039
 0.00869679 0.0141136 0.0212095 0.0298921 0.0398321 0.0503137 0.0602067 0.0682415 0.0734749 0.0755989 0.074888 0.0719187 0.0673139 0.061623 0.0552891 0.0486466 0.0419353 0.035332 0.028988 0.0230528 0.0176751 0.0129862 0.00907905 0.0059919 0.00370034
 0.00867565 0.0140868 0.0211827 0.029874 0.0398306 0.0503305 0.0602342 0.0682647 0.0734778 0.0755715 0.0748294 0.0718341 0.0672111 0.0615101 0.0551782 0.0485571 0.0418922 0.035356 0.0290823 0.0231959 0.0178286 0.0131124 0.00915763 0.00602437 0.0037022
 0.0086721 0.0140784 0.0211656 0.0298446 0.0397874 0.0502777 0.0601821 0.0682266 0.0734636 0.0755813 0.0748523 0.0718541 0.0672141 0.06149 0.0551381 0.0485081 0.0418507 0.0353396 0.0291031 0.0232542 0.0179106 0.0131964 0.00922442 0.00606529 0.00371977
 0.00865241 0.0140487 0.0211251 0.0297936 0.0397271 0.0502093 0.0601077 0.0681503 0.0733929 0.0755266 0.0748238 0.0718564 0.0672434 0.0615354 0.0551861 0.0485494 0.0418838 0.0353706 0.0291409 0.0233049 0.0179731 0.0132623 0.00928277 0.00610807 0.00374528
 0.0086545 0.0140494 0.0211211 0.0297805 0.0397008 0.0501681 0.0600534 0.0680884 0.0733305 0.0754702 0.0747788 0.0718269 0.0672324 0.0615434 0.0552102 0.0485836 0.0419215 0.0354078 0.0291779 0.0233441 0.018016 0.0133069 0.00932425 0.00614139 0.00376796
 0.00863666 0.0140254 0.0210942 0.029756 0.0396843 0.0501618 0.0600547 0.0680902 0.0733252 0.0754537 0.0747522 0.0717956 0.0672038 0.0615238 0.0552034 0.0485901 0.0419391 0.0354328 0.029207 0.0233755 0.0180485 0.0133393 0.00935423 0.00616634 0.00378614
 0.00865134 0.0140443 0.0211136 0.0297702 0.0396879 0.0501532 0.0600376 0.0680723 0.0733137 0.0754506 0.0747534 0.0717941 0.0671941 0.0615053 0.05518 0.0485679 0.0419231 0.0354256 0.0292085 0.0233842 0.0180622 0.0133559 0.00937128 0.00618165 0.00379814
 0.00864652 0.0140395 0.0211117 0.0297751 0.0397021 0.0501757 0.0600627 0.0680916 0.07332 0.0754425 0.074735 0.0717725 0.0671745 0.0614891 0.055166 0.0485549 0.0419115 0.0354173 0.0292053 0.0233867 0.0180698 0.0133667 0.0093833 0.0061929 0.00380725
 0.00864652 0.0140395 0.0211117 0.0297751 0.0397021 0.0501757 0.0600627 0.0680916 0.07332 0.0754425 0.074735 0.0717725 0.0671745 0.0614891 0.055166 0.0485549 0.0419115 0.0354173 0.0292053 0.0233867 0.0180698 0.0133667 0.0093833 0.0061929 0.00380725
 0.00853422 0.0138637 0.0208608 0.0294452 0.0393008 0.0497255 0.0596029 0.0676743 0.0729984 0.075256 0.0746998 0.0718805 0.0674002 0.0617984 0.0555228 0.0489261 0.0422701 0.0357442 0.0294896 0.0236238 0.0182598 0.0135126 0.00948975 0.0062661 0.00385419
 0.00845128 0.0137215 0.0206338 0.0291074 0.0388341 0.0491327 0.0589182 0.0669643 0.0723495 0.0747528 0.0744047 0.0718219 0.067571 0.0621621 0.0560245 0.0495045 0.0428682 0.0363156 0.0300019 0.0240582 0.0186093 0.0137792 0.00968176 0.00639587 0.00393584
 0.00844029 0.0136979 0.020587 0.0290218 0.0386906 0.0489119 0.0586065 0.0665613 0.0718744 0.0742478 0.0739312 0.0714479 0.0673541 0.0621341 0.0561842 0.0498204 0.0432894 0.0367849 0.0304673 0.0244806 0.0189646 0.0140578 0.00988567 0.00653473 0.00402343
 0.00849707 0.0137906 0.0207262 0.0292147 0.0389354 0.0491914 0.0588836 0.0667815 0.0719787 0.0741919 0.073702 0.071072 0.0668921 0.0616651 0.0557844 0.0495434 0.0431553 0.0367814 0.0305596 0.0246258 0.0191238 0.0142033 0.0100026 0.00661926 0.00407879
 0.00863294 0.0140116 0.021058 0.0296785 0.0395404 0.0499238 0.0596964 0.0675933 0.0726863 0.074692 0.073916 0.0709631 0.0664747 0.0610024 0.0549749 0.0486989 0.0423751 0.0361329 0.0300709 0.0242902 0.0189132 0.0140822 0.00993874 0.00658834 0.00406514
 0.00880333 0.0142974 0.0215033 0.0303263 0.0404194 0.0510286 0.06097 0.0689247 0.0739295 0.0756976 0.0745622 0.0711752 0.0662333 0.0603439 0.0539853 0.0474999 0.041103 0.034914 0.0290004 0.023421 0.0182567 0.0136189 0.00963244 0.00639852 0.00395512
 0.00861952 0.0140254 0.021146 0.0299102 0.0399953 0.0506676 0.0607555 0.0689366 0.0742193 0.0762643 0.0753397 0.0720439 0.0670507 0.0609821 0.0543617 0.0475917 0.0409462 0.0345861 0.0285946 0.0230208 0.0179183 0.0133663 0.00946334 0.00629616 0.00389876
 0.00863419 0.0140192 0.0210829 0.0297426 0.0396823 0.0502014 0.0601823 0.0683561 0.0737592 0.0760399 0.0754177 0.0724225 0.0676609 0.061707 0.0550677 0.0481638 0.0413153 0.0347405 0.0285724 0.0228882 0.0177441 0.0132022 0.00933636 0.00621176 0.00384959
 0.00885994 0.0143763 0.0215982 0.0304245 0.0405076 0.0511026 0.0610442 0.0690366 0.0741353 0.0760585 0.0751195 0.0719228 0.0670978 0.0611879 0.0546389 0.0478122 0.0409939 0.0344024 0.028196 0.0224848 0.0173481 0.0128523 0.0090595 0.00601536 0.00372456
 0.00876143 0.0142457 0.0214569 0.0303127 0.0404753 0.051193 0.0612761 0.0693929 0.0745613 0.0764734 0.0754399 0.0720926 0.0671104 0.0610852 0.0544873 0.047668 0.0408799 0.0343076 0.0280939 0.0223562 0.0171932 0.0126885 0.00890974 0.00589657 0.0036422
 0.00879675 0.0142845 0.0214826 0.030303 0.0404139 0.0510856 0.0611591 0.0693257 0.0746014 0.0766466 0.0757228 0.0724193 0.0673995 0.0612733 0.0545518 0.0476272 0.0407748 0.0341768 0.0279589 0.0222219 0.0170587 0.0125571 0.00879001 0.00579827 0.00357062
 0.00881691 0.01432 0.0215399 0.0303862 0.04052 0.0511996 0.0612547 0.0693748 0.0745912 0.0765919 0.0756633 0.0723983 0.0674382 0.0613584 0.0546443 0.0476863 0.0407779 0.0341254 0.0278699 0.0221146 0.0169475 0.0124509 0.00869564 0.00572094 0.00351322
 0.00917271 0.0148789 0.0223423 0.0314501 0.0418306 0.0526957 0.0628183 0.0708372 0.0757633 0.0773136 0.0758484 0.0720551 0.0666591 0.0602851 0.0534247 0.046441 0.0395881 0.0330385 0.0269125 0.0213018 0.0162856 0.0119369 0.00831734 0.00545902 0.00334412
#pred catch len freq
 0.00328718 0.00528112 0.00786549 0.0110536 0.0148769 0.0193517 0.0244158 0.0298979 0.0355423 0.0410583 0.0461644 0.0506285 0.0543028 0.0571371 0.0591628 0.0604655 0.0611602 0.0613586 0.0610967 0.0602256 0.0583302 0.0548017 0.0491325 0.0413183 0.0320848
 0.00358201 0.00569278 0.00836341 0.0115763 0.0153609 0.019771 0.0248023 0.0303227 0.0360622 0.0416627 0.0467596 0.051074 0.0544789 0.0570051 0.0587852 0.059978 0.0607096 0.0610328 0.0608825 0.060015 0.0579796 0.0542142 0.048316 0.0403841 0.031189
 0.00371576 0.00593887 0.00878189 0.012228 0.0162787 0.0209242 0.0260806 0.031563 0.0371151 0.042455 0.0473059 0.0514273 0.0546652 0.0569967 0.0585334 0.0594701 0.0599988 0.0602156 0.0600414 0.0591717 0.057096 0.0532413 0.0472529 0.0393017 0.0302009
 0.00389968 0.00622075 0.00917959 0.0127608 0.0169797 0.0218484 0.0272916 0.0330912 0.0389047 0.0443394 0.0490419 0.0527803 0.055491 0.0572673 0.0583008 0.0588133 0.0589967 0.0589485 0.0585934 0.0576189 0.0554934 0.0516298 0.0456844 0.0378555 0.0289691
 0.00414828 0.00661091 0.00974057 0.0135107 0.0179243 0.0229819 0.0285993 0.0345555 0.0405106 0.0460648 0.0508289 0.0545042 0.0569603 0.0582714 0.0586818 0.0585144 0.0580627 0.05749 0.0567473 0.0555228 0.0532772 0.0494171 0.0435978 0.0360126 0.0274647
