SBPRF35
7.17851
Curr Bio
563595
B35
487283
F35
0.220779
FOFL
0.220779
OFL
91876.7
Bzero
2.051e+06
#pred survey bio
 2.9435e+06 3.15539e+06 3.38439e+06 3.43844e+06 3.07737e+06 2.79617e+06 2.49663e+06 2.20088e+06 1.88051e+06 1.53305e+06 1.34021e+06 1.20015e+06 1.06944e+06 990951 902684 823698 731663 647318 622584 616890 604127 556787 541006 531605 517742 506930 512284 524646 527009 528938 551905 592725 613144 574381 502785 454963 446996 466429 510222 548627 570522 561572 562785 567982 542512 532992 536042 514743 504803 526995 552223 589136 598166 607714 620136 650854 705967 729120 701892 633035 606349 616868 610136 571042 1.25371e+07 1.12283e+07 1.13635e+07 1.19338e+07 1.27085e+07 1.34995e+07 1.42025e+07 1.47775e+07 1.52235e+07 1.55577e+07 1.58024e+07 1.59792e+07 1.61061e+07 1.61968e+07 1.62617e+07 1.63084e+07 1.63421e+07 1.63666e+07 1.63845e+07 1.63976e+07 1.64074e+07 1.64146e+07 1.642e+07 1.64241e+07 1.64271e+07 1.64294e+07 1.64312e+07 1.64325e+07 1.64335e+07 1.64343e+07 1.64348e+07 1.64353e+07 1.64356e+07 1.64359e+07 1.64361e+07 1.64362e+07 1.64363e+07 1.64364e+07 1.64365e+07 1.64366e+07 1.64366e+07 1.64366e+07 1.64367e+07 1.64367e+07 1.64367e+07 1.64367e+07 1.64367e+07 1.64367e+07 1.64367e+07 1.64367e+07 1.64367e+07 1.64367e+07 1.64367e+07 1.64367e+07 1.64367e+07 1.64367e+07 1.64367e+07 1.64367e+07 1.64367e+07 1.64367e+07 1.64367e+07 1.64367e+07 1.64367e+07 1.64367e+07 1.64367e+07 1.64367e+07 1.64367e+07 1.64367e+07 1.64367e+07 1.64367e+07 1.64367e+07 1.64367e+07 1.64367e+07 1.64367e+07 1.64367e+07 1.64367e+07 1.64367e+07 1.64367e+07 1.64367e+07 1.64367e+07 1.64367e+07 1.64367e+07 1.64367e+07 1.64367e+07 1.64367e+07 1.64367e+07 1.64367e+07 1.64367e+07 1.64367e+07 1.64367e+07 1.64367e+07 1.64367e+07 1.64367e+07 1.64367e+07 1.64367e+07 1.64367e+07 1.64367e+07 1.64367e+07 1.64367e+07 1.64367e+07 0 0 0 0 0 0 0 0 0 0 0 0 0 0 0 0 0 0 0 0 0 0 0 0 0
#obs survey bio
 2.89885e+06 3.05602e+06 3.7048e+06 4.23263e+06 2.975e+06 3.24816e+06 2.26414e+06 2.34339e+06 1.91144e+06 1.40173e+06 1.41756e+06 1.45516e+06 1.17498e+06 844872 667448 1.00046e+06 658792 638818 550696 667883 651821 566919 439834 519193 408097 535331 533401 584922 652300 509434 410501 559423 715017 797856 365564 418987 436532 450165 380791 755761 656286 527993 462190 560797 477713 467365 605808 415465 496434 524512 589800 686442 548357 666824 521528 598826 591153 847339 760331 721279 545300 845068 581366 522445
#pred catch bio
 88300.4 94561.1 156330 212677 212003 280304 285677 286475 302154 299002 282676 279416 242974 253952 236428 220082 205351 156695 140045 129107 133015 122792 120173 114800 103891 100943 104181 103083 98193 102622 95601 102018 104131 98315.4 93115 84892.2 85922.1 80126.3 88368.8 80384.4 84289.6 88500.3 93351.8 94847.7 96278.9 94795 96508.1 92775.5 85398.5 89113.3 79107.3 96732.7 99047.5 93471.6 92928.1 74145.9 106471 102971 132643 92551.7 73819.2 62764.5 103860 87328.3 91876.7 89391.5 88983.4 92408.8 97954.7 103721 108774 112798 115806 117957 119445 120450 121115 121550 121830 122009 122123 122194 122239 122268 122285 122296 122303 122307 122310 122311 122312 122313 122313 122314 122314 122314 122314 122314 122314 122314 122314 122314 122314 122314 122314 122314 122314 122314 122314 122314 122314 122314 122314 122314 122314 122314 122314 122314 122314 122314 122314 122314 122314 122314 122314 122314 122314 122314 122314 122314 122314 122314 122314 122314 122314 122314 122314 122314 122314 122314 122314 122314 122314 122314 122314 122314 122314 122314 122314 122314 122314 122314 122314 122314 122314 122314 122314 122314 122314 122314 122314 122314 122314 122314 0 0 0 0 0 0 0 0 0 0 0 0 0 0 0 0 0 0 0 0 0 0 0 0 0
#obs catch bio
 0 94308.3 156566 212761 211553 280904 285758 286259 301458 300108 283125 279621 242912 254667 237158 219402 205501 156823 140395 128985 132581 122992 120414 114835 103641 100944 104514 103025 97854.4 103012 95714.8 102172 103982 98122.1 93122.9 84908 86232.1 80176.7 88624.1 80210.6 84145.6 88519.1 93515.6 94666.1 96355.8 94945.6 96407.1 92760.5 85457.3 89283.6 78922.6 96783.1 99140.4 93365.2 93174.2 73795.6 106908 102553 133212 92449.4 73857.4 62382.9 104442 87244.3
#pred cpue bio
 2.91158e+06 3.12159e+06 3.34656e+06 3.39824e+06 3.03979e+06 2.75956e+06 2.46115e+06 2.16701e+06 1.84912e+06 1.50501e+06 1.3131e+06 1.17364e+06 1.04359e+06 965045 877105 798731 708200 625310 600842 595086 582713 536765 521284 512140 498819 488411 493544 505522 507931 509863 531957 571587 591593 554473 485633 439294 430540 447643 489003 525858 547386 539086 540267 545329 521011 511758 514738 494396 484710 506036 530371 566335 575150 584060 595878 625317 678763 700824 674451 607084 581245 592054 586843 548925 1.20407e+07 1.07649e+07 1.0789e+07 1.1281e+07 1.20384e+07 1.28268e+07 1.35294e+07 1.41044e+07 1.45504e+07 1.48845e+07 1.51293e+07 1.53061e+07 1.54329e+07 1.55236e+07 1.55886e+07 1.56353e+07 1.5669e+07 1.56934e+07 1.57113e+07 1.57245e+07 1.57342e+07 1.57414e+07 1.57469e+07 1.57509e+07 1.5754e+07 1.57563e+07 1.5758e+07 1.57593e+07 1.57603e+07 1.57611e+07 1.57617e+07 1.57621e+07 1.57625e+07 1.57627e+07 1.57629e+07 1.57631e+07 1.57632e+07 1.57633e+07 1.57634e+07 1.57634e+07 1.57635e+07 1.57635e+07 1.57635e+07 1.57635e+07 1.57635e+07 1.57636e+07 1.57636e+07 1.57636e+07 1.57636e+07 1.57636e+07 1.57636e+07 1.57636e+07 1.57636e+07 1.57636e+07 1.57636e+07 1.57636e+07 1.57636e+07 1.57636e+07 1.57636e+07 1.57636e+07 1.57636e+07 1.57636e+07 1.57636e+07 1.57636e+07 1.57636e+07 1.57636e+07 1.57636e+07 1.57636e+07 1.57636e+07 1.57636e+07 1.57636e+07 1.57636e+07 1.57636e+07 1.57636e+07 1.57636e+07 1.57636e+07 1.57636e+07 1.57636e+07 1.57636e+07 1.57636e+07 1.57636e+07 1.57636e+07 1.57636e+07 1.57636e+07 1.57636e+07 1.57636e+07 1.57636e+07 1.57636e+07 1.57636e+07 1.57636e+07 1.57636e+07 1.57636e+07 1.57636e+07 1.57636e+07 1.57636e+07 1.57636e+07 1.57636e+07 1.57636e+07 1.57636e+07 1.57636e+07 0 0 0 0 0 0 0 0 0 0 0 0 0 0 0 0 0 0 0 0 0 0 0 0 0
#obs cpue bio
 3.278e+06 2.25995e+06 3.63097e+06 4.70237e+06 2.3098e+06 2.29323e+06 2.67981e+06 2.14917e+06 2.32589e+06 1.06788e+06 1.29831e+06 1.08358e+06 871178 1.06556e+06 1.07568e+06 888973 726855 543718 612259 628770 709995 381341 625085 575558 722018 405382 391993 564328 489957 357498 693930 622773 645513 425080 619197 439856 369621 463900 640584 462112 523122 503247 580280 723476 506258 513762 575737 589339 415723 526588 515072 524620 573826 589374 602548 763400 684265 791611 557122 542334 564748 548402 528875 615734
#pred surv len freq
 0.00422448 0.00697531 0.0107148 0.0154922 0.0212224 0.0275895 0.0340338 0.0399091 0.0447336 0.0483445 0.0508582 0.0525173 0.0535592 0.0541633 0.0544497 0.0545005 0.054382 0.0541466 0.0537816 0.0531056 0.0516828 0.04888 0.0441423 0.0373817 0.0292095
 0.00461544 0.00749313 0.0112798 0.0159661 0.0214572 0.0274991 0.0336432 0.0393446 0.0441566 0.0478727 0.0505248 0.052288 0.0533855 0.0540315 0.0543977 0.0545953 0.0546745 0.0546262 0.054356 0.0536204 0.0519787 0.0488616 0.0438208 0.0368651 0.028646
 0.00459976 0.00756816 0.0115688 0.0166198 0.0225845 0.0290753 0.0354577 0.0410459 0.0453906 0.0484357 0.0504311 0.0517172 0.052564 0.0531372 0.0535349 0.0538219 0.0540303 0.0541312 0.0539874 0.0532999 0.0515959 0.0483287 0.0431233 0.0360732 0.0278775
 0.00470235 0.00770111 0.011715 0.0167649 0.0227479 0.0293401 0.0359659 0.041934 0.0466883 0.0499929 0.0519438 0.0528528 0.0531096 0.0530724 0.0529979 0.053015 0.0531354 0.0532692 0.0532095 0.0525949 0.0509102 0.047604 0.0423389 0.0352667 0.0271274
 0.00499353 0.00815276 0.0123513 0.0175868 0.0237272 0.0304196 0.0370701 0.0429977 0.0476892 0.0509597 0.0529148 0.0538058 0.0539212 0.0535548 0.0529939 0.0524816 0.0521582 0.0520085 0.0518249 0.0511946 0.0495429 0.046285 0.0410866 0.0341242 0.0261551
 0.00513028 0.00840906 0.0127983 0.0183074 0.0247911 0.031845 0.0387926 0.0448681 0.0495128 0.05256 0.0541884 0.0547353 0.0545391 0.0538815 0.0529971 0.0520881 0.051311 0.0507205 0.0501893 0.0493506 0.0476305 0.0444208 0.0393654 0.0326261 0.0249417
 0.00532665 0.00872947 0.0132852 0.0190073 0.0257532 0.0331134 0.040389 0.0467685 0.051628 0.0547319 0.0562129 0.0564108 0.0557197 0.0545049 0.0530686 0.0516384 0.0503634 0.0492942 0.0483297 0.0471554 0.04525 0.042033 0.0371445 0.0307143 0.0234274
 0.00551394 0.00904202 0.0137705 0.0197146 0.0267241 0.0343679 0.0419127 0.0485119 0.0535171 0.0566806 0.058124 0.0581679 0.0571856 0.055539 0.0535584 0.0515224 0.0496327 0.0479788 0.0464913 0.044895 0.0427186 0.0394282 0.0346811 0.0285801 0.0217415
 0.00567772 0.0093205 0.0142126 0.0203748 0.027652 0.0355916 0.043422 0.0502507 0.055393 0.0585848 0.0599511 0.0598248 0.058588 0.0566016 0.0541895 0.0516321 0.0491505 0.0468747 0.0447903 0.0426861 0.0401581 0.0367306 0.0320885 0.0263119 0.0199425
 0.00591344 0.00970992 0.0148104 0.0212361 0.0288224 0.0370899 0.0452222 0.0522751 0.0575213 0.0606774 0.0618732 0.0614641 0.0598625 0.0574565 0.0545856 0.0515311 0.0485099 0.045658 0.0429921 0.0403622 0.0374464 0.0338474 0.0292947 0.0238527 0.0179853
 0.00608317 0.0100169 0.0153294 0.0220556 0.0300233 0.0387132 0.0472389 0.0545776 0.0599444 0.063036 0.0639973 0.0632195 0.061157 0.0582381 0.0548333 0.0512405 0.0476792 0.0442835 0.0410807 0.0379609 0.0346729 0.0309013 0.026431 0.0213219 0.0159643
 0.00630831 0.0103709 0.0158425 0.0227546 0.0309356 0.0398679 0.0486596 0.0562655 0.0618586 0.0650812 0.0660294 0.0650692 0.0626643 0.0592809 0.0553391 0.0511807 0.0470531 0.0431046 0.0393764 0.0357883 0.0321439 0.0281971 0.0237851 0.0189687 0.0140745
 0.00661474 0.010867 0.0165835 0.0237859 0.032279 0.0415045 0.0505171 0.0582258 0.0637881 0.0668677 0.0675995 0.0663778 0.06367 0.0599306 0.0555714 0.0509417 0.0463102 0.0418518 0.0376373 0.0336234 0.0296652 0.0255761 0.0212377 0.0167107 0.0122633
 0.00674363 0.0110946 0.0169595 0.0243686 0.0331225 0.0426383 0.0519255 0.0598394 0.0654941 0.0685351 0.0691078 0.0676381 0.0646301 0.0605649 0.0558624 0.0508656 0.0458351 0.0409502 0.0363039 0.0318944 0.0276327 0.0233907 0.0190911 0.0147941 0.0107176
 0.00691789 0.0113887 0.0174225 0.0250535 0.0340762 0.0438841 0.0534446 0.0615615 0.0673039 0.0702916 0.0706686 0.068882 0.0654752 0.0609769 0.0558486 0.0504557 0.0450605 0.0398319 0.0348588 0.0301556 0.025673 0.0213339 0.0170993 0.0130314 0.00930397
 0.00703884 0.0115932 0.0177455 0.025534 0.0347514 0.0447783 0.0545572 0.0628592 0.0687217 0.0717402 0.0720447 0.070079 0.0663962 0.0615476 0.0560278 0.0502374 0.0444655 0.0388953 0.0336216 0.028668 0.0240077 0.0195967 0.0154236 0.0115513 0.00811781
 0.00720784 0.0118597 0.0181316 0.0260557 0.0354174 0.0455876 0.0554952 0.0638949 0.069809 0.0728234 0.0730636 0.0709725 0.0671041 0.0620142 0.0562073 0.0501005 0.0440041 0.0381233 0.032573 0.0273957 0.0225858 0.0181229 0.0140117 0.0103112 0.00712798
 0.00750556 0.0123239 0.0187924 0.026925 0.0364844 0.0468138 0.0568109 0.0652035 0.0710052 0.073818 0.0738018 0.0714368 0.067303 0.0619661 0.0559284 0.0495999 0.0432869 0.0371977 0.0314585 0.0261306 0.0212313 0.0167615 0.0127381 0.00921302 0.00626366
 0.00762857 0.0125025 0.0190221 0.0271897 0.0367635 0.0470929 0.0570891 0.0654936 0.071326 0.074184 0.0742152 0.0718831 0.0677519 0.0623757 0.0562511 0.0497892 0.0433028 0.0370129 0.0310644 0.0255434 0.0204946 0.0159445 0.0119242 0.00848208 0.00567285
 0.00768727 0.0125901 0.0191386 0.027328 0.0369092 0.0472258 0.0571879 0.0655437 0.0713294 0.0741661 0.0742204 0.0719593 0.0679293 0.0626521 0.0565902 0.0501308 0.0435788 0.0371627 0.0310473 0.0253464 0.0201368 0.0154745 0.0114096 0.0079928 0.00526283
 0.00769479 0.0125978 0.0191419 0.0273199 0.0368818 0.0471736 0.0571097 0.0654437 0.0712168 0.0740553 0.0741321 0.0719202 0.0679687 0.0627919 0.0568328 0.0504517 0.0439279 0.0374759 0.0312635 0.0254243 0.0200662 0.015278 0.0111353 0.00769831 0.004998
 0.00779598 0.0127591 0.0193776 0.0276384 0.0372803 0.0476322 0.0575874 0.0658816 0.0715516 0.0742372 0.0741399 0.0717666 0.0676954 0.0624582 0.0565009 0.0501695 0.043717 0.0373269 0.0311432 0.025292 0.019892 0.0150551 0.010881 0.00744442 0.00477626
 0.00775272 0.0127101 0.0193431 0.0276504 0.0373741 0.0478321 0.0578944 0.0662689 0.0719698 0.0746264 0.0744434 0.0719431 0.0677279 0.0623577 0.0563026 0.0499224 0.0434681 0.037107 0.0309597 0.0251324 0.0197355 0.0148873 0.0107021 0.00726813 0.00462101
 0.00775376 0.0127011 0.0193115 0.0275824 0.0372637 0.0476926 0.0577636 0.0662014 0.0720149 0.0748038 0.0747305 0.0722822 0.0680479 0.0625989 0.0564335 0.0499437 0.0434056 0.0369968 0.0308333 0.025007 0.0196144 0.0147669 0.0105811 0.00715149 0.00451802
 0.00788526 0.0128832 0.0195264 0.0277923 0.0374197 0.0477509 0.0577018 0.0660275 0.0717684 0.0745466 0.0745295 0.0721868 0.0680717 0.0627155 0.0565904 0.0500859 0.043496 0.0370246 0.0308085 0.0249483 0.0195384 0.014684 0.0104973 0.00707221 0.00444884
 0.0079297 0.0129567 0.0196377 0.0279455 0.0376079 0.047949 0.0578649 0.0661006 0.0717082 0.0743452 0.0742253 0.0718538 0.0677918 0.0625479 0.0565523 0.0501529 0.0436191 0.0371535 0.0309085 0.0250059 0.0195562 0.0146723 0.0104679 0.00703504 0.00441193
 0.0078535 0.0128518 0.019515 0.0278279 0.0375243 0.0479242 0.0579095 0.0662048 0.071842 0.0744657 0.0742909 0.0718416 0.0677095 0.0624327 0.0564542 0.0501116 0.0436473 0.0372356 0.0310133 0.0251026 0.019626 0.0147103 0.0104791 0.00702885 0.00439766
 0.0078455 0.012828 0.0194605 0.0277258 0.0373642 0.0477139 0.057681 0.0660088 0.0717287 0.0744619 0.074387 0.0719962 0.06787 0.0625587 0.0565327 0.0501565 0.0436855 0.0372887 0.0310867 0.0251864 0.0197038 0.0147694 0.0105151 0.00704478 0.00440036
 0.00792474 0.0129353 0.0195817 0.0278325 0.0374203 0.0476862 0.0575516 0.0657833 0.0714386 0.0741596 0.0741317 0.071835 0.0678208 0.062606 0.0566391 0.0502829 0.0438071 0.0373985 0.0311878 0.0252816 0.0197906 0.0148418 0.010568 0.00707789 0.0044174
 0.00793307 0.0129534 0.0196162 0.0278892 0.0374985 0.0477724 0.0576166 0.0657887 0.0713521 0.0739726 0.0738691 0.0715496 0.0675747 0.0624478 0.0565883 0.050328 0.0439168 0.0375382 0.0313312 0.025414 0.019905 0.0149347 0.0106379 0.00712555 0.00444622
 0.00794466 0.012974 0.0196506 0.0279433 0.0375784 0.047882 0.0577536 0.0659404 0.0714935 0.0740695 0.0738878 0.0714713 0.0674069 0.0622254 0.0563612 0.0501416 0.0437966 0.0374858 0.0313311 0.0254449 0.0199485 0.0149782 0.0106746 0.00715252 0.00446363
 0.00785616 0.012829 0.0194315 0.0276361 0.0371794 0.0474067 0.0572429 0.0654582 0.0711112 0.0738437 0.0738421 0.0715907 0.067647 0.062532 0.0566893 0.0504664 0.0441114 0.0377914 0.0316257 0.0257199 0.0201914 0.0151785 0.0108273 0.00725974 0.0045325
 0.00773878 0.0126527 0.0191926 0.0273397 0.0368361 0.0470286 0.0568427 0.0650528 0.0707267 0.0735177 0.0736177 0.0715047 0.0677161 0.0627448 0.0570103 0.0508492 0.0445134 0.0381831 0.0319902 0.0260475 0.0204747 0.0154111 0.0110063 0.00738708 0.00461555
 0.00758867 0.0124261 0.0188849 0.0269595 0.0364044 0.0465755 0.0564036 0.064663 0.0704149 0.0733001 0.0734982 0.0714808 0.0677867 0.0629113 0.0572705 0.0511896 0.0449083 0.0385993 0.0323963 0.0264192 0.0207961 0.0156738 0.0112079 0.00753099 0.00471014
 0.00770412 0.012568 0.0190147 0.0270158 0.0363229 0.0463188 0.0559842 0.0641434 0.0698839 0.0728389 0.0731572 0.0712748 0.0677054 0.0629356 0.0573832 0.0513781 0.0451598 0.0388963 0.032715 0.0267334 0.0210826 0.015916 0.0113978 0.00766854 0.00480165
 0.00847053 0.0136828 0.0204462 0.0286426 0.0379578 0.0477556 0.0570421 0.0646971 0.0698826 0.0723169 0.0722266 0.0700953 0.0664402 0.061714 0.0562863 0.050445 0.0444022 0.0383098 0.0322848 0.026437 0.0208925 0.0158037 0.0113377 0.00764012 0.0047904
 0.00910721 0.0147099 0.0219681 0.0307265 0.0405916 0.0507967 0.0601876 0.0675188 0.0719381 0.0732916 0.07203 0.0688632 0.0644586 0.0593166 0.0537724 0.0480365 0.042237 0.0364564 0.0307633 0.0252369 0.0199851 0.015149 0.0108898 0.00735184 0.00461715
 0.00910845 0.0148031 0.0222768 0.0314219 0.0418482 0.0527191 0.06274 0.0704925 0.074978 0.0759705 0.0739474 0.0697422 0.064212 0.0580588 0.0517707 0.0456249 0.0397297 0.0340929 0.0286924 0.0235278 0.0186488 0.0141591 0.0101975 0.00689765 0.0043397
 0.00887795 0.0144403 0.021761 0.0307624 0.0411074 0.0520339 0.0623218 0.0705838 0.0757626 0.077475 0.0759903 0.071969 0.0662035 0.0594633 0.052402 0.0454918 0.038998 0.033006 0.0274907 0.0223948 0.0176929 0.0134213 0.00967163 0.0065505 0.00412788
 0.00879421 0.0142927 0.021518 0.0303892 0.0405773 0.0513475 0.0615295 0.0697999 0.0751585 0.0772449 0.0762901 0.0728465 0.0675538 0.0610388 0.0538863 0.0466061 0.0395888 0.0330754 0.0271631 0.021849 0.0170956 0.0128877 0.00925695 0.00626276 0.00394747
 0.00874402 0.0141894 0.0213225 0.0300524 0.0400523 0.0506103 0.0605986 0.068746 0.0740998 0.0763315 0.0756827 0.0726874 0.0679271 0.0619296 0.0551608 0.0480353 0.0409159 0.0340988 0.0277934 0.0221142 0.0171002 0.0127562 0.0090894 0.0061173 0.00384478
 0.00873267 0.0141753 0.0213073 0.0300352 0.0400231 0.0505427 0.0604498 0.0684673 0.0736595 0.07574 0.0750069 0.0720446 0.0674587 0.0617602 0.0553551 0.0485675 0.0416695 0.0349033 0.028485 0.0225915 0.0173459 0.0128199 0.00904803 0.00603914 0.00377183
 0.00862704 0.0140331 0.0211479 0.0298944 0.0399425 0.0505518 0.0605498 0.0686246 0.0738126 0.0758168 0.0749489 0.0718318 0.0671254 0.0613927 0.0550657 0.0484529 0.0417704 0.0351865 0.0288597 0.0229503 0.0176102 0.0129629 0.00908935 0.00602042 0.00373215
 0.00853258 0.0138877 0.0209459 0.0296405 0.0396553 0.0502667 0.0603167 0.0684965 0.073825 0.0759664 0.0751871 0.0720792 0.0673043 0.0614611 0.0550352 0.0483813 0.0417322 0.0352354 0.0290035 0.023152 0.0178122 0.0131181 0.0091793 0.00605407 0.00373176
 0.00857838 0.0139423 0.0209916 0.0296493 0.0395978 0.050126 0.0600997 0.0682378 0.0735776 0.0757855 0.0751105 0.0721132 0.0674205 0.0616075 0.0551599 0.0484564 0.0417642 0.0352562 0.0290468 0.0232317 0.0179168 0.0132214 0.00925839 0.00610023 0.00375014
 0.00850824 0.0138626 0.0209335 0.0296576 0.0397133 0.0503594 0.0604152 0.0685596 0.0738212 0.0758949 0.0750799 0.0719819 0.0672461 0.0614375 0.0550153 0.0483344 0.0416538 0.0351534 0.0289592 0.0231712 0.0178886 0.0132192 0.00926862 0.00611058 0.00375471
 0.00841897 0.013719 0.0207228 0.029376 0.0393746 0.0500033 0.0601071 0.0683737 0.0738094 0.0760587 0.0753659 0.0723073 0.0675381 0.06166 0.0551691 0.0484396 0.0417301 0.0352124 0.0290067 0.0232118 0.0179265 0.013256 0.00930241 0.00613768 0.00377287
 0.00856146 0.0139119 0.020941 0.0295719 0.0394906 0.049994 0.059959 0.0681138 0.0734982 0.0757708 0.0751655 0.0722257 0.0675653 0.0617538 0.055279 0.0485287 0.0417849 0.0352373 0.0290135 0.0232119 0.0179269 0.0132598 0.00930943 0.00614579 0.0037798
 0.0086216 0.0140227 0.0211293 0.0298631 0.0398935 0.0504819 0.0604601 0.068524 0.0737184 0.07575 0.0749237 0.0718425 0.0671419 0.0613723 0.0549793 0.04831 0.0416241 0.0351098 0.0289047 0.023118 0.0178499 0.0132018 0.00926977 0.00612138 0.0037662
 0.00857913 0.013953 0.021025 0.0297217 0.0397235 0.050308 0.0603218 0.0684632 0.0737574 0.0758745 0.075085 0.0719823 0.0672233 0.0613957 0.0549738 0.0483103 0.04165 0.0351606 0.0289671 0.0231778 0.0178986 0.0132377 0.00929487 0.00613835 0.00377727
 0.00856251 0.0139235 0.0209758 0.0296449 0.0396118 0.0501585 0.0601412 0.0682709 0.0735847 0.0757572 0.07505 0.0720345 0.0673414 0.0615426 0.0551151 0.0484289 0.0417473 0.0352466 0.029049 0.0232555 0.0179676 0.0132935 0.009336 0.00616627 0.00379484
 0.008436 0.0137176 0.0206665 0.0292126 0.0390485 0.0494779 0.0593869 0.067516 0.0729189 0.0752662 0.0747962 0.0720457 0.0676069 0.0620164 0.0557262 0.0490983 0.0424061 0.035848 0.0295691 0.0236867 0.0183108 0.0135543 0.0095232 0.00629194 0.00387308
 0.00860602 0.0139617 0.0209729 0.0295471 0.0393603 0.0497115 0.0594941 0.0674651 0.0727013 0.0749013 0.0743323 0.0715518 0.0671577 0.0616736 0.0555239 0.0490376 0.0424602 0.0359753 0.0297284 0.0238464 0.0184521 0.0136685 0.00960875 0.00635128 0.003911
 0.00867741 0.0140935 0.0211981 0.0298996 0.0398592 0.0503393 0.0601825 0.0681022 0.0731634 0.0750947 0.0742236 0.071173 0.0665899 0.0610198 0.0548833 0.0484853 0.0420372 0.0356881 0.0295574 0.0237599 0.0184181 0.0136623 0.00961418 0.00635959 0.00391827
 0.00875018 0.0141907 0.0213071 0.0300007 0.0399366 0.0503963 0.0602465 0.0682129 0.073346 0.0753357 0.0744664 0.0713408 0.0666212 0.0608956 0.0546327 0.0481694 0.0417236 0.0354284 0.0293766 0.0236569 0.0183754 0.0136568 0.00962597 0.00637555 0.00393188
 0.00881548 0.0142908 0.0214453 0.030173 0.0401298 0.050587 0.0604056 0.0683148 0.0733821 0.0753215 0.0744337 0.0713173 0.06661 0.0608734 0.0545668 0.0480415 0.041543 0.0352269 0.0291913 0.0235145 0.0182844 0.0136102 0.00960956 0.00637496 0.00393694
 0.00869656 0.0140974 0.0211556 0.02977 0.0396095 0.0499678 0.059735 0.067666 0.0728378 0.0749529 0.0742851 0.071401 0.0669084 0.0613419 0.0551395 0.0486434 0.0421074 0.0357119 0.0295841 0.0238237 0.0185264 0.013799 0.00975343 0.00647917 0.00400696
 0.00876905 0.0142211 0.0213506 0.0300534 0.039985 0.0504131 0.0601945 0.0680588 0.0730825 0.0749975 0.0741264 0.0710831 0.0665038 0.0609272 0.0547739 0.0483571 0.0419014 0.0355679 0.0294798 0.0237432 0.0184637 0.0137538 0.00972543 0.00646533 0.00400239
 0.00885607 0.0143473 0.0215133 0.0302426 0.0401889 0.0506254 0.0604162 0.0682915 0.0733163 0.075203 0.0742594 0.0711016 0.0663896 0.0606962 0.0544709 0.0480374 0.0416113 0.0353325 0.0293029 0.023616 0.018374 0.0136919 0.00968482 0.00644105 0.00398971
 0.00906973 0.0147172 0.0221077 0.0311291 0.0414068 0.0521484 0.0621257 0.0699865 0.0747644 0.0762092 0.074715 0.0709938 0.0657804 0.0596935 0.0532053 0.0466454 0.0402194 0.0340425 0.0281819 0.0226953 0.0176561 0.01316 0.00931187 0.00619548 0.00383932
 0.00890348 0.0144603 0.0217501 0.0306811 0.0409093 0.0516802 0.0617997 0.0699235 0.075047 0.0768366 0.0755894 0.07195 0.0666432 0.060331 0.0535553 0.0467142 0.040063 0.0337419 0.02782 0.0223394 0.0173489 0.0129202 0.00914016 0.00608202 0.00377019
 0.00859619 0.0139759 0.0210512 0.0297484 0.0397515 0.0503483 0.0604003 0.068619 0.0740323 0.0762924 0.0756286 0.0725789 0.0677531 0.0617277 0.0550158 0.048047 0.0411486 0.0345421 0.0283597 0.0226769 0.0175488 0.0130355 0.00920692 0.00612136 0.00379348
 0.00851431 0.0137967 0.020698 0.0291258 0.0387747 0.0489866 0.0587152 0.0667714 0.0722509 0.0748203 0.0746714 0.0722686 0.0681264 0.0627175 0.0564615 0.0497292 0.0428419 0.0360663 0.0296105 0.0236268 0.0182251 0.0134926 0.00950235 0.00630436 0.00390152
 0.0088135 0.0142857 0.021432 0.0301389 0.0400504 0.0504235 0.0601109 0.0678533 0.0727596 0.0746094 0.0737701 0.0708716 0.0665233 0.0612001 0.0552457 0.0489135 0.0424078 0.0359142 0.0296132 0.0236773 0.0182614 0.013496 0.00948082 0.00627371 0.00387385
#obs surv len freq
 nan nan nan nan nan nan nan nan nan nan nan nan nan nan nan nan nan nan nan nan nan nan nan nan nan
 0.00448328 0.0073439 0.0111731 0.0159887 0.0216888 0.0279638 0.0342777 0.0400091 0.0446891 0.0481537 0.0505126 0.0520095 0.0529029 0.0534163 0.0537313 0.0539869 0.0542659 0.0545589 0.0546978 0.0542898 0.0527278 0.0493597 0.0438092 0.0362887 0.0276717
 0.00461565 0.007561 0.011503 0.0164576 0.0223147 0.0287463 0.0351884 0.0409889 0.0456565 0.049021 0.0512027 0.0524673 0.0531004 0.0533531 0.0534298 0.0534845 0.0536064 0.053785 0.0538487 0.0534025 0.0518411 0.0485169 0.0430551 0.0356614 0.0271923
 0.00477422 0.00782112 0.0118989 0.0170227 0.0230753 0.0297112 0.0363372 0.0422668 0.0469792 0.0502878 0.0523117 0.053328 0.0536436 0.0535382 0.0532485 0.0529584 0.0527807 0.0527192 0.0526089 0.0520589 0.0504688 0.047196 0.0418651 0.0346679 0.0264316
 0.00496903 0.00813832 0.0123773 0.0176991 0.0239776 0.0308483 0.0376871 0.0437719 0.0485527 0.0518276 0.0537135 0.0544942 0.0544885 0.0539935 0.05327 0.0525317 0.051924 0.0514816 0.051066 0.0503081 0.0486255 0.0453875 0.040217 0.0332828 0.0253671
 0.00518174 0.00848804 0.0129108 0.0184623 0.0250063 0.0321539 0.0392422 0.045506 0.0503626 0.0535975 0.0553327 0.0558656 0.0555295 0.0546343 0.0534543 0.0522214 0.0511058 0.0501758 0.0493327 0.0482505 0.0463872 0.0431405 0.0381376 0.0315181 0.0240026
 0.00542294 0.00888091 0.0135037 0.0193012 0.0261271 0.0335689 0.040926 0.0473894 0.05234 0.0555457 0.0571296 0.0574028 0.0567173 0.0554014 0.0537448 0.0519928 0.0503312 0.048853 0.047499 0.0459973 0.0438661 0.0405531 0.0357036 0.0294282 0.022374
 0.00564488 0.00924725 0.0140654 0.0201093 0.0272231 0.0349692 0.0426064 0.0492796 0.0543344 0.0575236 0.058974 0.0590094 0.0579967 0.0562784 0.054157 0.0518892 0.0496739 0.0476243 0.0457167 0.0437346 0.0412672 0.0378283 0.0330966 0.0271607 0.02059
 0.00589259 0.00965066 0.0146741 0.0209705 0.0283735 0.0364216 0.0443355 0.0512152 0.0563702 0.059536 0.0608416 0.0606255 0.0592742 0.0571484 0.0545652 0.0517906 0.0490315 0.0464143 0.0439444 0.0414582 0.0386186 0.0350154 0.0303732 0.0247676 0.0186914
 0.00613681 0.0100541 0.0152927 0.02186 0.0295772 0.0379525 0.0461583 0.0532423 0.0584761 0.0615839 0.0627064 0.0622055 0.0604918 0.0579463 0.0549007 0.0516302 0.0483469 0.0451856 0.0421737 0.0391933 0.0359781 0.0321962 0.0276253 0.0223362 0.0167499
 0.00637075 0.0104354 0.0158689 0.0226769 0.0306716 0.0393399 0.0478181 0.0551103 0.0604503 0.0635406 0.0645199 0.0637632 0.0617033 0.0587469 0.0552475 0.0514954 0.0477107 0.0440353 0.0405136 0.0370663 0.0334902 0.0295275 0.0250095 0.020008 0.0148802
 0.00662474 0.0108502 0.0164965 0.0235656 0.0318562 0.0408252 0.0495642 0.0570294 0.0624211 0.065434 0.0662198 0.0651764 0.0627595 0.0593956 0.0554551 0.0512415 0.0469842 0.0428335 0.0388486 0.0349824 0.0310861 0.0269676 0.0225084 0.0177829 0.0130912
 0.00684699 0.0112189 0.0170647 0.0243871 0.0329732 0.0422509 0.0512645 0.0589171 0.0643692 0.0673014 0.0678773 0.0665225 0.0637253 0.0599413 0.0555634 0.0509083 0.046212 0.0416299 0.037233 0.0330014 0.0288319 0.0245887 0.0201964 0.0157315 0.0114432
 0.00706138 0.011571 0.0176014 0.0251546 0.0340083 0.0435667 0.0528353 0.0606712 0.0661969 0.0690738 0.069467 0.0678199 0.0646488 0.0604417 0.0556219 0.0505291 0.0454124 0.040434 0.0356737 0.0311312 0.0267395 0.0224079 0.0180953 0.0138778 0.00995921
 0.00725856 0.0118928 0.0180881 0.0258443 0.0349298 0.0447278 0.0542106 0.062198 0.0677831 0.0706142 0.0708592 0.0689737 0.065491 0.0609196 0.0557047 0.0502082 0.0446984 0.0393521 0.0342628 0.0294495 0.024874 0.02048 0.016251 0.0122597 0.00866889
 0.00742028 0.0121581 0.0184915 0.0264194 0.0357021 0.0457042 0.0553689 0.063483 0.0691152 0.0719046 0.0720242 0.0699425 0.066208 0.061343 0.055806 0.0499723 0.0441238 0.0384527 0.0330698 0.0280162 0.0232812 0.0188369 0.0146847 0.0108906 0.00758068
 0.007534 0.0123455 0.0187786 0.0268322 0.0362623 0.0464214 0.0562322 0.0644576 0.070146 0.0729262 0.0729705 0.0707541 0.066835 0.0617471 0.0559597 0.0498574 0.0437321 0.0377873 0.0321499 0.0268827 0.0220019 0.0175058 0.0134106 0.00977542 0.0066945
 0.00758065 0.0124193 0.0188866 0.0269814 0.0364613 0.046681 0.0565647 0.0648734 0.0706485 0.0735066 0.0736049 0.0714034 0.0674497 0.0622729 0.0563447 0.0500576 0.0437147 0.0375344 0.0316622 0.0261845 0.0211447 0.0165669 0.0124824 0.00894635 0.00602705
 0.00764786 0.0125174 0.0190135 0.0271286 0.0366167 0.0468346 0.056713 0.0650221 0.0708114 0.0737022 0.0738504 0.0717071 0.0678039 0.0626509 0.0567032 0.0503441 0.0438775 0.0375318 0.0314709 0.0258062 0.0206103 0.0159343 0.011827 0.00834308 0.00553188
 0.00772541 0.0126398 0.0191903 0.0273637 0.0369056 0.0471607 0.0570466 0.0653248 0.071048 0.0738545 0.0739247 0.0717312 0.0678139 0.0626758 0.0567526 0.0504043 0.0439153 0.0375052 0.0313422 0.0255551 0.0202425 0.0154833 0.0113466 0.00789185 0.00515611
 0.0077713 0.0127112 0.0192917 0.0274976 0.0370719 0.0473564 0.0572644 0.0655515 0.0712642 0.0740378 0.0740559 0.0718012 0.0678286 0.062654 0.0567184 0.0503747 0.0438912 0.0374692 0.0312659 0.0254121 0.0200216 0.0151962 0.0110256 0.00757904 0.00488842
 0.00783355 0.0128042 0.0194164 0.0276495 0.0372423 0.0475351 0.0574412 0.0657173 0.0714115 0.0741599 0.074147 0.0718561 0.0678437 0.0626301 0.0566624 0.0502987 0.0438068 0.0373802 0.0311656 0.0252862 0.0198584 0.0149954 0.0108024 0.00735895 0.00469704
 0.00786466 0.0128546 0.0194915 0.0277532 0.0373749 0.0476908 0.0576074 0.0658759 0.0715443 0.0742554 0.0742028 0.0718774 0.0678384 0.0626041 0.0566191 0.0502403 0.043736 0.0372997 0.0310754 0.0251828 0.0197365 0.0148542 0.0106489 0.00720764 0.00456411
 0.00786545 0.0128563 0.019495 0.0277601 0.0373878 0.0477133 0.0576432 0.0659275 0.0716109 0.0743316 0.0742801 0.0719469 0.0678935 0.0626426 0.0566413 0.0502475 0.0437291 0.0372788 0.0310397 0.025131 0.0196677 0.0147693 0.0105533 0.00711088 0.00447716
 0.00786309 0.0128472 0.0194719 0.0277137 0.0373104 0.0476037 0.0575106 0.0657914 0.071496 0.0742605 0.074266 0.0719908 0.0679856 0.062766 0.0567776 0.0503809 0.043848 0.0373758 0.0311105 0.0251733 0.0196813 0.0147568 0.0105206 0.00706681 0.0044315
 0.00788746 0.0128787 0.019504 0.0277346 0.0373056 0.04756 0.0574212 0.0656588 0.0713338 0.0740911 0.0741172 0.0718885 0.067947 0.0627946 0.0568635 0.0505047 0.0439876 0.0375114 0.0312277 0.0252633 0.0197405 0.0147864 0.0105256 0.00705505 0.00441172
 0.00788235 0.012872 0.0194964 0.0277268 0.0372964 0.0475448 0.0573913 0.0656037 0.071246 0.0739716 0.0739782 0.0717521 0.067839 0.0627369 0.0568675 0.0505685 0.0440971 0.0376457 0.0313648 0.0253854 0.0198363 0.0148518 0.0105626 0.00707003 0.00441265
 0.00788988 0.0128798 0.0195004 0.0277208 0.0372747 0.0475047 0.0573353 0.0655382 0.0711774 0.0739028 0.0739085 0.0716804 0.0677687 0.0626779 0.0568337 0.050572 0.0441425 0.0377275 0.0314689 0.0254942 0.0199339 0.0149281 0.0106142 0.00709948 0.00442586
 0.00787632 0.0128588 0.0194705 0.027681 0.0372237 0.0474416 0.0572593 0.0654508 0.0710834 0.0738109 0.0738288 0.0716213 0.0677342 0.062668 0.0568472 0.0506089 0.0442038 0.0378126 0.0315726 0.0256061 0.0200411 0.0150192 0.0106828 0.00714492 0.00445203
 0.00785934 0.0128276 0.0194173 0.0275971 0.0371027 0.0472833 0.0570734 0.0652557 0.0709019 0.0736632 0.0737283 0.0715736 0.0677384 0.0627189 0.0569367 0.0507275 0.0443426 0.0379637 0.0317287 0.025759 0.0201819 0.0151391 0.0107761 0.00721052 0.00449334
 0.00785842 0.0128244 0.0194089 0.0275791 0.0370691 0.0472275 0.05699 0.065143 0.0707644 0.0735129 0.0735832 0.0714531 0.0676585 0.062688 0.056955 0.0507891 0.0444377 0.0380815 0.0318585 0.0258908 0.0203062 0.0152478 0.0108634 0.00727425 0.0045353
 0.00782637 0.0127728 0.0193323 0.0274731 0.036932 0.0470618 0.0568036 0.0649492 0.0705791 0.0733513 0.0734573 0.0713719 0.0676279 0.0627116 0.0570321 0.050914 0.0446 0.0382674 0.0320532 0.0260804 0.0204788 0.0153945 0.0109792 0.00735851 0.00459124
 0.0078029 0.0127347 0.019275 0.0273925 0.0368252 0.0469286 0.056648 0.06478 0.070409 0.0731945 0.0733273 0.0712791 0.0675794 0.0627107 0.0570792 0.0510063 0.0447314 0.0384281 0.0322304 0.0262599 0.020647 0.0155405 0.0110963 0.00744477 0.00464929
 0.00775712 0.0126607 0.0191647 0.0272394 0.0366263 0.0466876 0.0563775 0.0645017 0.0701496 0.0729796 0.073176 0.071202 0.0675784 0.0627809 0.0572112 0.0511881 0.0449497 0.0386689 0.0324792 0.0265017 0.0208678 0.015729 0.0112458 0.00755422 0.00472271
 0.00773546 0.0126187 0.0190893 0.0271147 0.0364383 0.0464307 0.0560609 0.0641503 0.0697995 0.0726694 0.0729383 0.0710585 0.0675381 0.0628411 0.0573595 0.0514064 0.0452168 0.0389635 0.0327809 0.026792 0.0211307 0.0159521 0.0114223 0.00768321 0.00480924
 0.00933019 0.0148539 0.0217926 0.0299037 0.0388303 0.0480186 0.0566535 0.0638018 0.0687335 0.0711654 0.0712462 0.0693628 0.0659583 0.0614449 0.0561772 0.050442 0.0444576 0.0383872 0.0323608 0.0265 0.0209393 0.0158356 0.0113575 0.00765127 0.00479583
 0.00931252 0.0151206 0.0227149 0.0319424 0.0423359 0.0529605 0.0624479 0.0694049 0.0730103 0.0733346 0.0711377 0.0673645 0.0627465 0.057696 0.0523984 0.0469383 0.0413763 0.0357777 0.0302206 0.0248005 0.0196381 0.0148815 0.0106932 0.00721608 0.00453002
 0.00897413 0.0145861 0.0219617 0.0310173 0.0414104 0.0523689 0.0626484 0.0708173 0.0757662 0.0770905 0.075115 0.0706446 0.0646539 0.0580332 0.0514198 0.0451373 0.0392515 0.0336952 0.0283866 0.0232978 0.0184747 0.0140271 0.0100996 0.00682851 0.00429416
 0.00879298 0.0142838 0.0214928 0.0303377 0.0404938 0.0512386 0.061418 0.0697198 0.0751367 0.0772752 0.0763163 0.0727734 0.0672935 0.0605735 0.0533046 0.0460775 0.0392848 0.0330872 0.0274683 0.0223396 0.0176385 0.0133776 0.00963856 0.0065263 0.00411103
 0.00872425 0.0141658 0.0213025 0.0300476 0.0400751 0.0506686 0.0606929 0.0688707 0.0742476 0.0764954 0.0758513 0.0728334 0.068002 0.0618751 0.054941 0.0476702 0.0404898 0.0337286 0.0275741 0.0220773 0.0172109 0.0129432 0.00928364 0.00627567 0.00395346
 0.00868308 0.0140982 0.0211992 0.0298982 0.0398683 0.0503932 0.0603401 0.068437 0.0737404 0.0759421 0.075311 0.0724047 0.0678118 0.0620391 0.0555022 0.0485518 0.0415019 0.0346394 0.0282075 0.0223759 0.0172314 0.012801 0.00909024 0.0061028 0.0038294
 0.00869423 0.0141097 0.0212041 0.0298855 0.039825 0.0503078 0.0602051 0.0682497 0.0735014 0.0756545 0.0749837 0.0720611 0.0674984 0.0618263 0.0554679 0.0487467 0.0419133 0.03518 0.0287452 0.0227912 0.0174658 0.012868 0.00904877 0.00601857 0.00374806
 0.00868219 0.0140944 0.0211884 0.0298735 0.0398195 0.0503066 0.060199 0.068224 0.0734406 0.075548 0.0748294 0.0718663 0.0672807 0.0616156 0.0553067 0.0486827 0.041981 0.0353795 0.0290324 0.0230922 0.0177094 0.013016 0.00910432 0.00601221 0.00371543
 0.00867763 0.014087 0.0211778 0.0298598 0.0398041 0.0502925 0.0601902 0.0682231 0.0734459 0.0755509 0.0748164 0.0718233 0.0672001 0.0615015 0.0551774 0.0485687 0.0419166 0.03539 0.0291205 0.0232337 0.0178626 0.0131414 0.00918115 0.0060425 0.00371527
 0.00864235 0.0140346 0.0211079 0.0297756 0.0397114 0.0501985 0.0601029 0.0681506 0.0733957 0.0755284 0.0748218 0.0718503 0.0672365 0.0615337 0.0551963 0.048575 0.0419224 0.0354133 0.0291755 0.0233216 0.0179695 0.0132448 0.00926163 0.00609209 0.00373777
 0.00865027 0.0140427 0.0211115 0.029768 0.0396861 0.0501529 0.0600405 0.0680808 0.0733303 0.0754777 0.0747911 0.07184 0.0672424 0.061549 0.0552132 0.048588 0.0419309 0.0354226 0.0291945 0.023357 0.0180205 0.0133027 0.00931474 0.0061315 0.00376111
 0.00864505 0.0140367 0.0211068 0.0297671 0.0396905 0.0501606 0.0600454 0.0680748 0.0733074 0.0754375 0.0747407 0.0717905 0.0672041 0.0615274 0.0552078 0.0485942 0.0419433 0.0354382 0.0292137 0.023382 0.0180525 0.0133395 0.00935092 0.00616144 0.00378174
 0.00864448 0.0140339 0.0210995 0.0297527 0.039667 0.0501291 0.0600101 0.0680417 0.0732814 0.0754199 0.0747288 0.0717804 0.0671944 0.0615197 0.055206 0.0486009 0.0419587 0.0354602 0.02924 0.0234109 0.0180833 0.0133707 0.00938023 0.00618603 0.00379975
 0.00863033 0.0140129 0.0210715 0.0297185 0.0396281 0.0500867 0.0599653 0.067996 0.0732378 0.075383 0.0747037 0.0717705 0.0671996 0.0615375 0.0552326 0.0486333 0.0419952 0.0354995 0.0292807 0.0234514 0.0181219 0.0134059 0.00941051 0.00621019 0.00381724
 0.00860846 0.0139777 0.0210195 0.0296472 0.0395375 0.0499804 0.0598515 0.0678869 0.0731461 0.0753192 0.0746728 0.0717727 0.0672317 0.0615939 0.0553065 0.0487177 0.0420832 0.0355859 0.0293615 0.0235243 0.0181851 0.0134585 0.00945213 0.00624112 0.00383853
 0.00860846 0.0139777 0.0210195 0.0296472 0.0395375 0.0499804 0.0598515 0.0678869 0.0731461 0.0753192 0.0746728 0.0717727 0.0672317 0.0615939 0.0553065 0.0487177 0.0420832 0.0355859 0.0293615 0.0235243 0.0181851 0.0134585 0.00945213 0.00624112 0.00383853
 0.00845131 0.0137317 0.0206675 0.0291824 0.038967 0.04933 0.0591695 0.0672417 0.0726139 0.0749653 0.0745364 0.0718589 0.0675153 0.0620288 0.0558374 0.04929 0.0426509 0.0361143 0.0298283 0.0239174 0.0185011 0.0137002 0.00962702 0.00636001 0.00391379
 0.00855114 0.0138714 0.0208356 0.0293525 0.0391034 0.0493977 0.0591435 0.0671126 0.0723897 0.0746707 0.0742096 0.0715455 0.0672584 0.0618595 0.0557682 0.0493147 0.0427486 0.0362576 0.0299901 0.0240758 0.0186413 0.0138146 0.00971365 0.00642088 0.00395334
 0.00865559 0.0140506 0.0211204 0.0297711 0.0396674 0.0500836 0.0598809 0.0677912 0.0728899 0.0749025 0.0741408 0.0712062 0.0667238 0.0612241 0.0551222 0.0487272 0.0422608 0.035883 0.0297214 0.0238943 0.0185252 0.0137439 0.00967285 0.00639873 0.00394219
 0.00852901 0.0138621 0.0208704 0.0294763 0.0393614 0.0498148 0.0597052 0.0677577 0.0730209 0.0751772 0.0744955 0.0715559 0.0669948 0.0613793 0.0551673 0.0486984 0.042204 0.0358359 0.0297042 0.0239095 0.0185635 0.013792 0.00971923 0.00643643 0.00396897
 0.00861966 0.0139885 0.0210224 0.0296316 0.0394937 0.0499049 0.0597508 0.0677753 0.0730386 0.0752224 0.0745808 0.0716698 0.0671034 0.0614389 0.0551439 0.048583 0.0420162 0.0356142 0.0294891 0.0237304 0.0184329 0.0137079 0.00967115 0.00641218 0.00395832
 0.00844743 0.0137294 0.020671 0.0291964 0.0389939 0.0493663 0.0592038 0.0672579 0.0725986 0.0749143 0.0744556 0.0717595 0.067406 0.0619129 0.0557165 0.0491715 0.0425521 0.0360585 0.0298346 0.0239905 0.0186278 0.0138545 0.00978025 0.00649022 0.00401054
 0.00864816 0.0140258 0.0210613 0.0296585 0.0394901 0.049852 0.0596339 0.0675889 0.0727911 0.0749398 0.0743072 0.0714599 0.0670067 0.0614802 0.0553099 0.0488261 0.0422733 0.0358324 0.0296435 0.0238246 0.0184869 0.0137426 0.00969941 0.00643778 0.00398015
 0.00862439 0.0140166 0.0211001 0.0297904 0.039755 0.0502603 0.0601499 0.0681342 0.0732705 0.0752738 0.0744539 0.071418 0.066805 0.0611653 0.0549359 0.0484445 0.0419236 0.0355358 0.0294032 0.0236339 0.018337 0.0136275 0.00961532 0.0063809 0.00394518
 0.00895026 0.0145233 0.0218194 0.0307358 0.0409182 0.0516067 0.0616099 0.0695976 0.0745923 0.0762969 0.0750426 0.0714919 0.0663598 0.0602733 0.053725 0.0470661 0.0405204 0.0342199 0.0282474 0.0226732 0.0175777 0.0130567 0.00920922 0.00610964 0.00377677
 0.00867705 0.0141259 0.0213095 0.0301579 0.0403426 0.0511149 0.0612812 0.0694991 0.0747683 0.076755 0.0757406 0.0723349 0.0672175 0.0610127 0.054248 0.0473337 0.0405546 0.0340841 0.0280188 0.0224191 0.0173436 0.0128656 0.00906725 0.00601262 0.00371572
 0.0085292 0.0138513 0.0208373 0.0294124 0.0392759 0.0497511 0.0597475 0.0680153 0.0735886 0.0760877 0.0756878 0.0728763 0.0682318 0.0623175 0.055644 0.0486446 0.0416582 0.0349264 0.0286068 0.0227989 0.0175742 0.0129998 0.00914335 0.00605509 0.00373892
 0.00840678 0.0136439 0.0205077 0.0289164 0.0385669 0.0487925 0.0585336 0.0665954 0.072083 0.0746841 0.0746074 0.0723159 0.0683011 0.0630035 0.0568162 0.050099 0.0431765 0.0363279 0.0297789 0.0237008 0.0182206 0.0134361 0.00942284 0.00622544 0.00383742
 0.00875736 0.014189 0.0212781 0.0299141 0.039753 0.0500745 0.0597584 0.0675633 0.0725922 0.0745955 0.0739016 0.0711122 0.066829 0.0615334 0.0555784 0.0492226 0.0426717 0.0361145 0.0297386 0.0237273 0.0182474 0.0134382 0.00940293 0.00619642 0.00381044
#pred catch len freq
 0.0031076 0.00507877 0.00772705 0.0111164 0.0152943 0.0202362 0.025787 0.0316624 0.0375127 0.042997 0.0478321 0.0518251 0.0548964 0.0570767 0.0584757 0.0592441 0.0595469 0.0595319 0.0592576 0.0585745 0.0570328 0.0539512 0.0487262 0.041265 0.0322443
 0.00340425 0.00547527 0.0081677 0.0115026 0.0155196 0.0202374 0.0255788 0.0313291 0.0371602 0.0426971 0.0475963 0.0516225 0.0546973 0.0568915 0.0583641 0.0592896 0.0598092 0.0600006 0.0598311 0.0590829 0.0573012 0.0538761 0.0483221 0.0406533 0.0315901
 0.0034228 0.00557096 0.00842529 0.0120215 0.0163649 0.0213767 0.0268491 0.0324735 0.0379315 0.0429673 0.0474001 0.0511093 0.0540388 0.0562134 0.0577372 0.0587585 0.0594136 0.0597639 0.0597296 0.059029 0.0571685 0.0535592 0.0477945 0.0399821 0.0308987
 0.00353227 0.00572377 0.00861665 0.0122519 0.0166649 0.0218286 0.0275757 0.0335772 0.0394032 0.0446288 0.0489382 0.0522021 0.0544948 0.0560354 0.0570812 0.0578372 0.0584145 0.0588099 0.0588716 0.058252 0.0564125 0.0527596 0.0469282 0.0390907 0.0300693
 0.00377643 0.0060994 0.00914025 0.0129199 0.0174516 0.022691 0.0284669 0.034471 0.0403158 0.0456123 0.0500289 0.053349 0.0555303 0.0567277 0.0572435 0.0574178 0.0575076 0.0575928 0.0575196 0.0568821 0.055074 0.0514632 0.0456871 0.0379465 0.0290852
