SBPRF35
7.78865
Curr Bio
544657
B35
662354
F35
0.211067
FOFL
0.16562
OFL
69017.6
Bzero
2.22533e+006
#pred survey bio
 3.72948e+006 3.38688e+006 3.04169e+006 2.69191e+006 2.37699e+006 2.06043e+006 1.8186e+006 1.58602e+006 1.38669e+006 1.24592e+006 1.09704e+006 976329 883936 828074 781865 741530 710800 679020 654068 635422 612806 608989 600190 592477 586530 585655 587697 596524 594139 595305 595487 586605 582576 571883 565495 563219 567817 562381 562777 567341 578544 572149 564960 564540 559372 549179 1.85815e+007 1.07769e+007 1.07695e+007 1.13882e+007 1.23669e+007 1.34316e+007 1.44138e+007 1.52387e+007 1.58915e+007 1.63884e+007 1.67568e+007 1.70256e+007 1.72196e+007 1.73591e+007 1.74593e+007 1.75313e+007 1.75833e+007 1.76211e+007 1.76487e+007 1.76689e+007 1.76839e+007 1.76951e+007 1.77034e+007 1.77097e+007 1.77145e+007 1.77181e+007 1.77208e+007 1.77229e+007 1.77245e+007 1.77257e+007 1.77266e+007 1.77273e+007 1.77279e+007 1.77283e+007 1.77287e+007 1.77289e+007 1.77291e+007 1.77293e+007 1.77294e+007 1.77295e+007 1.77295e+007 1.77296e+007 1.77296e+007 1.77297e+007 1.77297e+007 1.77297e+007 1.77297e+007 1.77297e+007 1.77298e+007 1.77298e+007 1.77298e+007 1.77298e+007 1.77298e+007 1.77298e+007 1.77298e+007 1.77298e+007 1.77298e+007 1.77298e+007 1.77298e+007 1.77298e+007 1.77298e+007 1.77298e+007 1.77298e+007 1.77298e+007 1.77298e+007 1.77298e+007 1.77298e+007 1.77298e+007 1.77298e+007 1.77298e+007 1.77298e+007 1.77298e+007 1.77298e+007 1.77298e+007 1.77298e+007 1.77298e+007 1.77298e+007 1.77298e+007 1.77298e+007 1.77298e+007 1.77298e+007 1.77298e+007 1.77298e+007 1.77298e+007 1.77298e+007 1.77298e+007 1.77298e+007 1.77298e+007 1.77298e+007 1.77298e+007 1.77298e+007 1.77298e+007 1.77298e+007 1.77298e+007 1.77298e+007 1.77298e+007 1.77298e+007 1.77298e+007 1.77298e+007 1.77298e+007 0 0 0 0 0 0 0 0 0 0 0 0 0 0 0 0 0 0 0 0 0 0 0 0 0
#obs survey bio
 2.67988e+006 3.4828e+006 1.68731e+006 2.20586e+006 1.84668e+006 1.82706e+006 1.24064e+006 1.23407e+006 935232 990015 1.12697e+006 621824 667020 659017 642543 684066 902070 536518 492776 525274 574566 627660 392941 424486 441464 541990 559676 341602 638894 513725 527450 622748 641451 730300 655107 503320 707907 483117 434651 466781 570213 461319 419646 536899 702875 607599
#pred catch bio
 241989 265981 295417 291306 318751 274282 284692 270177 230238 244938 224299 201832 171191 161417 152316 139057 135228 126012 118388 119408 101368 103682 101024 98325.4 93531.8 91184.7 86055.7 95305.3 90495.9 88332.4 92105.7 85969.4 92869.4 91286.3 89124.2 84214.9 92958.2 88269 85935.8 81892.8 96941.2 96211.8 88691.6 90129.1 89966 90035.3 69017.6 82943.5 81403.5 84598.1 91337.2 99046.2 106148 112001 116503 119806 122146 123763 124857 125588 126069 126383 126587 126718 126802 126855 126889 126911 126925 126933 126939 126942 126944 126946 126947 126947 126947 126948 126948 126948 126948 126948 126948 126948 126948 126948 126948 126948 126948 126948 126948 126948 126948 126948 126948 126948 126948 126948 126948 126948 126948 126948 126948 126948 126948 126948 126948 126948 126948 126948 126948 126948 126948 126948 126948 126948 126948 126948 126948 126948 126948 126948 126948 126948 126948 126948 126948 126948 126948 126948 126948 126948 126948 126948 126948 126948 126948 126948 126948 126948 126948 126948 126948 126948 126948 126948 0 0 0 0 0 0 0 0 0 0 0 0 0 0 0 0 0 0 0 0 0 0 0 0 0
#obs catch bio
 224223 266586 297617 293812 324150 278404 290641 276266 235995 252639 230958 208520 176743 166776 156589 141940 136686 128113 120588 122040 103351 105030 102618 99761 94912.2 92589 87237.3 97577.9 92250 89850.1 93538.7 86846 93583.8 91413.5 88929.2 84212.3 93152.9 88447.5 86288.3 82498.2 97872.2 97220.2 89443 90758.2 90154.4 90056
#pred cpue bio
 3.66251e+006 3.32382e+006 2.98303e+006 2.63585e+006 2.32254e+006 2.00835e+006 1.76832e+006 1.5378e+006 1.34025e+006 1.20058e+006 1.05371e+006 934837 843927 789187 744678 706365 677430 647092 622951 604888 583136 579830 571701 564390 558683 557817 559747 568273 566169 567913 569013 561241 557209 545738 538762 536459 541001 535781 536027 540148 550847 544790 538129 538197 533853 525034 1.78103e+007 1.03425e+007 1.02102e+007 1.06703e+007 1.15867e+007 1.26352e+007 1.36139e+007 1.44381e+007 1.50908e+007 1.55876e+007 1.59561e+007 1.62248e+007 1.64189e+007 1.65583e+007 1.66585e+007 1.67305e+007 1.67825e+007 1.68203e+007 1.68479e+007 1.68681e+007 1.68831e+007 1.68943e+007 1.69026e+007 1.69089e+007 1.69137e+007 1.69173e+007 1.692e+007 1.69221e+007 1.69237e+007 1.69249e+007 1.69259e+007 1.69266e+007 1.69271e+007 1.69276e+007 1.69279e+007 1.69281e+007 1.69283e+007 1.69285e+007 1.69286e+007 1.69287e+007 1.69288e+007 1.69288e+007 1.69289e+007 1.69289e+007 1.69289e+007 1.69289e+007 1.6929e+007 1.6929e+007 1.6929e+007 1.6929e+007 1.6929e+007 1.6929e+007 1.6929e+007 1.6929e+007 1.6929e+007 1.6929e+007 1.6929e+007 1.6929e+007 1.6929e+007 1.6929e+007 1.6929e+007 1.6929e+007 1.6929e+007 1.6929e+007 1.6929e+007 1.6929e+007 1.6929e+007 1.6929e+007 1.6929e+007 1.6929e+007 1.6929e+007 1.6929e+007 1.6929e+007 1.6929e+007 1.6929e+007 1.6929e+007 1.6929e+007 1.6929e+007 1.6929e+007 1.6929e+007 1.6929e+007 1.6929e+007 1.6929e+007 1.6929e+007 1.6929e+007 1.6929e+007 1.6929e+007 1.6929e+007 1.6929e+007 1.6929e+007 1.6929e+007 1.6929e+007 1.6929e+007 1.6929e+007 1.6929e+007 1.6929e+007 1.6929e+007 1.6929e+007 1.6929e+007 1.6929e+007 0 0 0 0 0 0 0 0 0 0 0 0 0 0 0 0 0 0 0 0 0 0 0 0 0
#obs cpue bio
 2.73691e+006 2.68974e+006 2.94056e+006 2.17316e+006 1.7766e+006 1.52188e+006 1.83404e+006 1.45473e+006 883203 1.09785e+006 727303 761910 563794 617600 810977 758390 858266 414427 511875 510786 362986 852767 538121 674186 534353 452291 433741 454668 458931 566285 694450 549842 693380 633921 628432 441573 435139 539773 560025 368708 594841 522893 633013 625761 598738 576915
#pred surv len freq
 0.00615524 0.00986871 0.0146152 0.0202866 0.0266857 0.0334579 0.0400519 0.0458336 0.0503201 0.0533485 0.0550574 0.0557413 0.0557126 0.0552276 0.0544606 0.0534999 0.0523604 0.0510016 0.0493285 0.0471661 0.0442429 0.0402476 0.0349946 0.028628 0.0217073
 0.00640369 0.0101864 0.0149411 0.0205299 0.0267746 0.033404 0.0399838 0.0459612 0.0508336 0.0543081 0.0563441 0.0570998 0.0568566 0.0559482 0.0546856 0.0532902 0.0518573 0.0503531 0.0486278 0.0464291 0.0434328 0.0393312 0.0339916 0.0276207 0.0208056
 0.00695584 0.0110232 0.0160816 0.0219375 0.0283522 0.0350008 0.0414183 0.0470697 0.0515362 0.0546538 0.0564899 0.0572179 0.0570274 0.0561138 0.0546942 0.0529927 0.0511875 0.0493466 0.0473821 0.0450458 0.0419851 0.0378704 0.0325749 0.0263261 0.0197165
 0.00734749 0.0116738 0.0170838 0.0233783 0.0302847 0.0374013 0.044149 0.0498737 0.0540867 0.0566455 0.0577317 0.0576848 0.0568433 0.0554712 0.0537551 0.0518285 0.0497889 0.0476828 0.0454591 0.0429268 0.0397753 0.0356927 0.0305531 0.0245718 0.0183107
 0.00766568 0.0121809 0.017831 0.0244145 0.0316563 0.0391471 0.0462806 0.0523472 0.0567748 0.0593285 0.0601234 0.059497 0.0578682 0.0556417 0.053147 0.0506024 0.0481104 0.0456722 0.043193 0.0404744 0.0372336 0.0331953 0.0282515 0.0226023 0.016761
 0.00809196 0.0128456 0.0187791 0.0256703 0.0332228 0.0410054 0.0483876 0.0546349 0.0591553 0.0616976 0.0623554 0.0614337 0.0593224 0.0564295 0.053142 0.049779 0.0465481 0.043519 0.0406177 0.0376409 0.0343032 0.0303384 0.0256428 0.0203934 0.015044
 0.0084735 0.0134407 0.0196281 0.0267943 0.0346219 0.0426564 0.0502397 0.0566099 0.0611577 0.0636326 0.0641412 0.0629987 0.0605892 0.0572995 0.0534975 0.0495102 0.0455933 0.0418956 0.0384264 0.0350465 0.0315081 0.0275591 0.0230865 0.0182277 0.0133657
 0.00891595 0.014135 0.0206257 0.0281249 0.0362871 0.0446212 0.052424 0.058888 0.0633768 0.0656436 0.0658275 0.0642891 0.0614512 0.0577209 0.0534632 0.0489891 0.0445445 0.040295 0.0363014 0.0324982 0.0287115 0.0247379 0.0204714 0.0160078 0.0116492
 0.00932972 0.0147869 0.0215679 0.0293919 0.0378892 0.0465358 0.054584 0.0611773 0.0656418 0.0677196 0.067567 0.0655831 0.0622392 0.0579877 0.0532253 0.0482735 0.0433721 0.0386789 0.0342655 0.0301079 0.0260952 0.0220838 0.0179936 0.0138932 0.0100099
 0.00953348 0.0151214 0.0220778 0.0301215 0.038875 0.0477939 0.0560957 0.0628821 0.0674426 0.0694972 0.0691968 0.0669482 0.0632424 0.0585611 0.053335 0.0479166 0.0425666 0.0374537 0.0326605 0.0281864 0.0239621 0.0198913 0.015921 0.0121054 0.00861234
 0.00987957 0.0156594 0.022842 0.0311281 0.0401219 0.0492589 0.0577324 0.0646161 0.0691756 0.0711189 0.0705999 0.068041 0.0639554 0.0588511 0.0531855 0.0473349 0.041579 0.0361007 0.0309953 0.0262803 0.0219142 0.0178327 0.0140017 0.0104624 0.00733304
 0.0102032 0.0161649 0.0235637 0.0320833 0.0413066 0.0506444 0.0592598 0.0661978 0.0707068 0.0724973 0.0717416 0.0688862 0.0644658 0.0590051 0.0529751 0.0467654 0.040669 0.0348823 0.0295154 0.0246048 0.0201328 0.0160585 0.0123596 0.00906364 0.00624697
 0.0103043 0.0163485 0.0238752 0.0325758 0.0420276 0.0516146 0.0604547 0.0675425 0.0720915 0.073803 0.0728644 0.0697504 0.0650268 0.0592443 0.0528927 0.0463734 0.039987 0.0339374 0.0283461 0.0232661 0.0187008 0.0146287 0.0110356 0.00793634 0.00537212
 0.0101445 0.0161197 0.0235904 0.0322728 0.0417662 0.0514681 0.0604973 0.0678345 0.0726607 0.074629 0.0738749 0.0708348 0.0660624 0.0601229 0.0535365 0.0467381 0.0400568 0.0337192 0.0278659 0.0225698 0.0178545 0.0137168 0.0101498 0.00715845 0.00475593
 0.00999908 0.0158944 0.0232736 0.0318649 0.0412844 0.0509511 0.0600085 0.0674585 0.0724875 0.0747307 0.0742817 0.0715223 0.0669537 0.0611048 0.0544847 0.0475417 0.0406359 0.0340316 0.0279058 0.0223633 0.0174551 0.0131982 0.00959442 0.00664209 0.00433202
 0.00996154 0.0158237 0.0231497 0.0316639 0.0409854 0.050547 0.0595173 0.0669271 0.071988 0.0743471 0.0740935 0.0715863 0.0672881 0.0616799 0.0552247 0.0483404 0.0413799 0.034625 0.0282877 0.0225152 0.0173987 0.0129865 0.00929741 0.00632918 0.00405667
 0.010121 0.016038 0.0233886 0.0318698 0.0410877 0.0504854 0.0592632 0.066493 0.0714233 0.0737278 0.0735096 0.0711281 0.0670308 0.0616677 0.0554583 0.0487734 0.0419283 0.0351865 0.0287672 0.0228468 0.0175583 0.0129906 0.00919171 0.00617035 0.00389461
 0.01033 0.0163589 0.0238337 0.0324314 0.0417316 0.0511475 0.0598504 0.0668977 0.0715527 0.073538 0.0730255 0.0704387 0.0662619 0.0609477 0.0548887 0.0484097 0.0417729 0.0351951 0.0288661 0.0229581 0.0176233 0.0129833 0.00911897 0.0060598 0.0037784
 0.0103994 0.0164777 0.0240232 0.032714 0.0421242 0.0516507 0.0604372 0.0675081 0.0720999 0.0739261 0.0731743 0.0703088 0.0658709 0.0603685 0.0542299 0.047784 0.0412658 0.0348456 0.0286649 0.0228615 0.0175761 0.0129414 0.00906069 0.00598571 0.0037013
 0.0103558 0.0164187 0.0239573 0.0326591 0.0421056 0.0516966 0.0605724 0.0677463 0.0724353 0.0743263 0.0735803 0.0706453 0.0660667 0.0603815 0.0540633 0.0474865 0.0409139 0.0345155 0.0284074 0.022691 0.0174764 0.0128824 0.00901618 0.00594224 0.00365782
 0.0103001 0.0163406 0.0238632 0.0325634 0.042029 0.0516603 0.0605946 0.0678394 0.0726049 0.0745688 0.0738793 0.0709681 0.0663663 0.0606047 0.0541667 0.0474526 0.0407595 0.0342864 0.0281602 0.0224721 0.0173089 0.0127664 0.00893845 0.00588818 0.00361789
 0.0102862 0.0162919 0.0237431 0.0323264 0.0416374 0.0511089 0.0599291 0.0671544 0.0720181 0.0741844 0.0737588 0.0711197 0.0667496 0.061145 0.0547725 0.0480358 0.041254 0.0346601 0.0284158 0.0226351 0.0174111 0.0128326 0.00898225 0.00591554 0.00363221
 0.0103604 0.016403 0.0238907 0.0324983 0.0418063 0.0512316 0.0599517 0.0670285 0.0717243 0.073752 0.0732669 0.0706733 0.0664422 0.0610269 0.0548395 0.0482392 0.0415235 0.0349287 0.0286381 0.0227936 0.0175107 0.0128891 0.00901226 0.00593055 0.00363884
 0.0104082 0.0164778 0.0239976 0.0326393 0.0419786 0.0514254 0.0601465 0.0671915 0.0718134 0.0737267 0.0731052 0.070387 0.0660814 0.0606677 0.0545565 0.0480785 0.0414894 0.0349898 0.0287464 0.0229057 0.0176003 0.0129487 0.00904594 0.00594691 0.00364548
 0.0104946 0.0166024 0.024156 0.0328179 0.0421589 0.0515911 0.0602881 0.0673055 0.0718967 0.0737711 0.073095 0.0703042 0.0659167 0.0604314 0.0542827 0.0478161 0.0412839 0.0348656 0.0287004 0.0229144 0.0176343 0.0129848 0.00907278 0.00596249 0.00365265
 0.0105207 0.0166448 0.024219 0.032904 0.0422668 0.0517132 0.06041 0.067409 0.0719664 0.0738 0.0730855 0.0702631 0.0658482 0.0603353 0.0541593 0.0476736 0.0411414 0.0347468 0.028623 0.0228821 0.017637 0.013006 0.00909752 0.00598226 0.00366513
 0.010544 0.0166768 0.0242566 0.0329414 0.0422979 0.051735 0.0604245 0.0674214 0.0719814 0.073818 0.0731021 0.0702718 0.0658441 0.0603161 0.0541245 0.0476243 0.0410817 0.0346855 0.0285716 0.0228499 0.0176269 0.0130133 0.00911363 0.00599913 0.00367819
 0.0102913 0.0163171 0.0238098 0.0324576 0.0418429 0.0513668 0.0601753 0.0672954 0.0719651 0.0738935 0.0732542 0.0704871 0.066107 0.0606069 0.0544215 0.0479072 0.0413355 0.0349024 0.0287512 0.0229966 0.0177464 0.0131098 0.00918909 0.0060546 0.00371559
 0.0100082 0.0158968 0.0232533 0.0317966 0.041136 0.0506904 0.0596114 0.0669176 0.0718211 0.0739898 0.0735532 0.0709219 0.0666057 0.0611125 0.0548982 0.0483371 0.0417106 0.0352203 0.0290127 0.0232059 0.0179098 0.013234 0.00928048 0.00611874 0.00375774
 0.00971246 0.0154374 0.0226034 0.0309502 0.0401145 0.0495488 0.0584434 0.06585 0.0709915 0.0735116 0.0734847 0.0712524 0.0672637 0.0619895 0.0558786 0.0493215 0.0426285 0.0360302 0.0296962 0.02376 0.0183412 0.0135557 0.00950887 0.00627187 0.00385378
 0.00956323 0.0151876 0.0222149 0.0303844 0.0393431 0.0485696 0.0572967 0.0646248 0.0698148 0.0725253 0.0728165 0.0709904 0.0674377 0.0625647 0.0567645 0.0503952 0.0437634 0.0371202 0.0306683 0.024575 0.0189876 0.0140412 0.00985328 0.00650135 0.00399633
 0.010219 0.0160985 0.0232975 0.0314617 0.0401897 0.0489876 0.0571801 0.0639812 0.0687451 0.0711867 0.0713884 0.0696492 0.0663348 0.0618055 0.0563922 0.0503873 0.0440436 0.0375829 0.0312062 0.0251013 0.0194458 0.014405 0.0101196 0.00668175 0.0041093
 0.0107528 0.0169371 0.0244972 0.0330338 0.0420737 0.0510249 0.0591067 0.0654678 0.0694918 0.0710311 0.0703671 0.0679764 0.06432 0.0597587 0.0545579 0.0489151 0.0429876 0.0369181 0.0308564 0.024969 0.0194394 0.0144545 0.0101815 0.00673464 0.00414669
 0.0106423 0.0168556 0.0245555 0.0333942 0.0429055 0.0524308 0.0610539 0.0677604 0.0718009 0.0729721 0.0715982 0.0682903 0.0636992 0.0583727 0.0527015 0.0469157 0.0411202 0.0353576 0.0296703 0.0241408 0.0189037 0.0141309 0.00999726 0.00663502 0.00409525
 0.0104902 0.0166158 0.024215 0.0329637 0.0424381 0.052039 0.060907 0.0680441 0.072639 0.0743448 0.0733079 0.0700053 0.0650612 0.0591182 0.0527414 0.0463432 0.0401541 0.0342528 0.0286384 0.0233072 0.0183064 0.0137459 0.00977176 0.00651409 0.00403545
 0.010478 0.0165794 0.0241297 0.0327965 0.0421574 0.0516323 0.0604016 0.0675212 0.0722319 0.0742108 0.0735744 0.0707058 0.0660951 0.0602654 0.053736 0.0469739 0.0403379 0.0340468 0.0281918 0.0227882 0.017842 0.0133984 0.00954714 0.00638673 0.00397158
 0.010416 0.0164862 0.0240026 0.0326351 0.0419601 0.0513923 0.0601075 0.0671662 0.071829 0.0738088 0.0732616 0.0705919 0.0662696 0.0607485 0.0544509 0.0477623 0.0410198 0.0344925 0.0283662 0.022745 0.0176803 0.013212 0.00939398 0.00628561 0.00391586
 0.0105803 0.016722 0.0242994 0.032963 0.0422774 0.0516584 0.0602916 0.0672483 0.0717965 0.0736555 0.0729955 0.0702469 0.0659108 0.0604591 0.0543005 0.0477715 0.0411451 0.0346459 0.0284596 0.0227323 0.0175703 0.0130503 0.00923209 0.00615709 0.00383067
 0.0107155 0.0169279 0.0245821 0.0333161 0.0426802 0.0520758 0.0606763 0.0675475 0.0719639 0.0736648 0.0728474 0.0699669 0.0655423 0.0600571 0.0539245 0.0474738 0.0409533 0.034551 0.028421 0.0226998 0.0175104 0.0129585 0.00912617 0.00606015 0.00375753
 0.0106396 0.016834 0.0244949 0.0332761 0.0427315 0.0522472 0.0609652 0.0679162 0.0723501 0.0740007 0.0730771 0.0700593 0.0654948 0.0598933 0.0536871 0.0472137 0.040717 0.0343683 0.0282975 0.0226199 0.0174496 0.0128987 0.00906255 0.00599875 0.00370681
 0.0103953 0.016471 0.0240142 0.0327054 0.0421238 0.0516732 0.0605038 0.0676406 0.0723098 0.0742022 0.0734777 0.0705783 0.0660398 0.0603875 0.0540863 0.047509 0.0409258 0.0345193 0.0284162 0.0227194 0.017531 0.0129573 0.00909608 0.00601106 0.00370593
 0.0102789 0.0162976 0.023783 0.0324269 0.0418184 0.0513677 0.0602294 0.0674312 0.072199 0.0742163 0.0736263 0.0708465 0.0663877 0.0607589 0.0544241 0.0477722 0.0410991 0.0346122 0.0284526 0.0227251 0.0175243 0.0129469 0.00908426 0.00599825 0.00369326
 0.0101489 0.0161007 0.0235138 0.0320911 0.0414324 0.0509572 0.0598275 0.0670768 0.0719313 0.0740685 0.073619 0.0709839 0.066656 0.0611269 0.0548463 0.0481969 0.0414804 0.0349203 0.0286791 0.0228787 0.0176222 0.0130064 0.00911851 0.00601619 0.00370101
 0.00990818 0.0157359 0.0230149 0.0314681 0.0407136 0.050186 0.0590597 0.0663775 0.0713682 0.0737 0.073483 0.0710917 0.0669926 0.0616543 0.0555095 0.0489303 0.0422167 0.0356007 0.0292618 0.023344 0.0179706 0.013252 0.0092819 0.00611829 0.00376042
 0.00941872 0.0150202 0.0220863 0.030391 0.0395858 0.0491088 0.0581149 0.065621 0.070835 0.0734111 0.0734478 0.0713073 0.0674423 0.0623073 0.0563206 0.0498421 0.0431638 0.0365174 0.030091 0.0240453 0.0185253 0.0136622 0.00956511 0.00630051 0.00386918
 0.00878174 0.0140577 0.0207769 0.0287709 0.0377478 0.0471919 0.0562924 0.0640794 0.069739 0.0728624 0.0734615 0.0718216 0.0683518 0.0634976 0.0576887 0.0512995 0.0446321 0.0379244 0.031372 0.0251494 0.0194217 0.0143447 0.01005 0.00662049 0.00406432
#obs surv len freq
 0.0049718 0.00814423 0.0123886 0.0177184 0.0240066 0.0308862 0.0377294 0.0438113 0.0485809 0.0518386 0.0537056 0.0544705 0.0544552 0.0539578 0.0532374 0.0525056 0.0519048 0.0514682 0.0510566 0.0503012 0.0486201 0.045383 0.0402132 0.0332798 0.0253648
 0.0051919 0.00850288 0.0129302 0.0184853 0.0250321 0.0321823 0.0392742 0.0455422 0.0504021 0.0536361 0.0553639 0.0558824 0.0555278 0.0546145 0.0534211 0.0521815 0.0510655 0.0501389 0.0493008 0.0482233 0.0463638 0.0431203 0.0381205 0.0315043 0.0239923
 0.00541866 0.00887683 0.0135028 0.0193076 0.0261447 0.0335994 0.0409677 0.0474371 0.0523879 0.0555891 0.057166 0.0574307 0.0567346 0.0554055 0.0537341 0.0519679 0.0502958 0.0488124 0.0474579 0.045959 0.0438321 0.0405239 0.0356794 0.029409 0.0223597
 0.00566268 0.00927353 0.0141002 0.0201514 0.027271 0.0350224 0.0426657 0.0493456 0.0544061 0.0575965 0.0590406 0.0590615 0.0580281 0.0562859 0.0541403 0.0518503 0.0496163 0.0475527 0.0456368 0.0436523 0.0411878 0.0377558 0.0330341 0.0271102 0.0205523
 0.00588849 0.00964865 0.0146794 0.0209905 0.0284148 0.0364868 0.0444207 0.0513109 0.0564649 0.0596208 0.0609118 0.0606799 0.0593117 0.0571673 0.054563 0.0517659 0.0489846 0.0463481 0.0438638 0.0413694 0.0385283 0.0349301 0.0302982 0.0247065 0.0186455
 0.00612927 0.0100391 0.0152657 0.0218162 0.0295147 0.0378755 0.0460789 0.053178 0.0584435 0.0615919 0.0627529 0.06228 0.0605805 0.0580365 0.0549827 0.0516972 0.0483944 0.0452117 0.0421794 0.0391825 0.0359563 0.0321694 0.0275986 0.0223131 0.0167322
 0.0063789 0.0104482 0.0158872 0.0227003 0.0306978 0.0393639 0.0478332 0.0551105 0.0604339 0.0635131 0.0644924 0.063748 0.0617077 0.0587701 0.0552825 0.051532 0.0477397 0.0440502 0.0405115 0.0370482 0.0334598 0.0294904 0.0249719 0.0199746 0.014854
 0.00662432 0.0108522 0.0165043 0.0235839 0.0318893 0.040875 0.0496277 0.0570982 0.0624837 0.0654788 0.0662397 0.0651716 0.0627373 0.0593669 0.0554293 0.0512229 0.046971 0.04282 0.0388292 0.0349537 0.0310483 0.0269242 0.0224646 0.0177437 0.0130601
 0.00683293 0.0111942 0.0170247 0.0243271 0.0328915 0.0421514 0.0511584 0.0588213 0.064301 0.0672717 0.0678867 0.0665625 0.0637834 0.0600068 0.0556302 0.0509749 0.0462781 0.0416939 0.0372914 0.0330499 0.0288677 0.0246117 0.0202085 0.0157362 0.0114439
 0.00706027 0.0115667 0.0175903 0.0251312 0.0339668 0.0435025 0.0527473 0.060564 0.0660816 0.0689662 0.0693844 0.0677755 0.0646477 0.06048 0.0556886 0.0506118 0.0455009 0.0405215 0.0357554 0.0312035 0.0267997 0.0224544 0.0181283 0.0138994 0.00997212
 0.00725339 0.0118852 0.0180778 0.0258312 0.0349132 0.0447054 0.054179 0.0621527 0.0677217 0.0705381 0.0707754 0.0688943 0.0654304 0.0608892 0.0557098 0.0502463 0.0447608 0.0394282 0.0343425 0.029525 0.0249401 0.0205338 0.0162916 0.012288 0.00868695
 0.00742275 0.0121618 0.0184967 0.0264258 0.0357096 0.0457122 0.0553763 0.0634877 0.0691136 0.0718922 0.0719971 0.0698998 0.0661535 0.0612856 0.0557572 0.0499421 0.0441174 0.038469 0.0331028 0.0280578 0.0233236 0.0188745 0.0147145 0.0109119 0.00759448
 0.00753943 0.0123539 0.0187904 0.0268474 0.0362806 0.0464417 0.056253 0.0644767 0.070161 0.0729342 0.072969 0.0707407 0.0668086 0.0617089 0.055914 0.0498119 0.0436951 0.037765 0.0321445 0.0268917 0.02202 0.0175269 0.01343 0.00979059 0.00670485
 0.0076044 0.0124574 0.0189428 0.0270583 0.0365593 0.0467965 0.0566893 0.0649942 0.0707507 0.0735771 0.0736355 0.0713921 0.0673996 0.062191 0.0562403 0.0499415 0.0435982 0.0374278 0.0315732 0.0261167 0.0210974 0.0165364 0.012464 0.00893546 0.00602062
 0.00766346 0.0125467 0.0190646 0.0272111 0.0367384 0.0469974 0.0569091 0.0652331 0.0710124 0.0738677 0.07396 0.0717496 0.0677777 0.062563 0.0565671 0.0501767 0.0436965 0.0373533 0.0313081 0.025668 0.0205006 0.0158526 0.0117697 0.00830512 0.00550806
 0.00772308 0.0126369 0.0191877 0.027364 0.0369134 0.0471831 0.057092 0.0654007 0.0711564 0.0739887 0.0740687 0.0718629 0.0679118 0.0627244 0.0567464 0.0503478 0.0438206 0.037388 0.0312188 0.0254391 0.0201434 0.0154056 0.0112902 0.00785396 0.00513247
 0.00775624 0.0126874 0.0192574 0.027452 0.0370159 0.0472937 0.0572023 0.0655009 0.0712383 0.0740485 0.0741094 0.0718948 0.0679492 0.0627815 0.0568306 0.0504543 0.0439297 0.0374683 0.031235 0.0253641 0.0199692 0.0151488 0.0109882 0.00755267 0.00487166
 0.007807 0.012763 0.0193581 0.0275734 0.0371497 0.0474296 0.0573299 0.0656102 0.0713209 0.0740988 0.0741265 0.0718831 0.0679184 0.0627449 0.0568018 0.0504423 0.0439346 0.0374781 0.0312282 0.0253167 0.0198655 0.0149894 0.0107916 0.00734872 0.00468953
 0.00784489 0.0128209 0.0194381 0.0276743 0.0372667 0.0475543 0.0574505 0.0657135 0.0713953 0.0741378 0.0741302 0.0718577 0.0678736 0.0626909 0.0567483 0.0503974 0.0439025 0.0374568 0.0312079 0.0252828 0.019804 0.0148947 0.0106705 0.0072179 0.00456853
 0.0078717 0.0128622 0.0194961 0.027749 0.0373561 0.0476541 0.0575536 0.0658106 0.071476 0.074193 0.0741548 0.0718514 0.0678407 0.0626393 0.0566875 0.0503362 0.0438476 0.0374109 0.0311687 0.025243 0.0197547 0.0148301 0.0105915 0.00713257 0.00448836
 0.00789356 0.0128941 0.0195371 0.0277962 0.0374053 0.0477012 0.0575961 0.0658475 0.0715072 0.0742183 0.074173 0.0718608 0.0678398 0.0626275 0.0566659 0.050308 0.0438168 0.0373811 0.0311409 0.0252153 0.0197228 0.0147903 0.0105434 0.00707997 0.0044379
 0.0079005 0.0129045 0.0195511 0.027813 0.0374231 0.0477174 0.0576078 0.0658521 0.071504 0.0742093 0.0741627 0.0718542 0.0678397 0.062634 0.0566764 0.0503189 0.0438255 0.0373861 0.0311419 0.0252117 0.0197133 0.0147735 0.0105194 0.00705126 0.00440874
 0.0079061 0.0129097 0.0195518 0.0278033 0.0373973 0.0476727 0.0575466 0.065782 0.0714355 0.0741523 0.0741246 0.0718386 0.0678476 0.0626634 0.0567229 0.0503763 0.0438867 0.0374446 0.0311927 0.0252516 0.0197406 0.0147879 0.0105221 0.00704524 0.00439787
 0.00788508 0.0128745 0.0194968 0.0277229 0.0372871 0.0475318 0.0573802 0.0656024 0.071261 0.074004 0.0740216 0.0717943 0.0678664 0.0627407 0.0568468 0.0505308 0.0440547 0.0376109 0.0313449 0.0253813 0.0198434 0.0148627 0.0105713 0.00707338 0.00441097
 0.00788136 0.0128649 0.0194758 0.027683 0.0372206 0.0474337 0.0572507 0.0654481 0.0710944 0.0738411 0.0738798 0.0716902 0.0678133 0.0627457 0.0569094 0.0506423 0.0442006 0.0377736 0.0315073 0.0255292 0.0199672 0.0149582 0.0106385 0.00711607 0.00443504
 0.00788555 0.0128687 0.0194759 0.027674 0.0371957 0.0473864 0.0571764 0.0653464 0.070969 0.0737009 0.073738 0.0715625 0.0677155 0.0626909 0.0569053 0.0506899 0.0442935 0.0378991 0.0316491 0.0256707 0.0200945 0.0150621 0.0107157 0.00716807 0.00446655
 0.00785034 0.0128138 0.0193976 0.0275706 0.0370677 0.047237 0.0570122 0.0651769 0.0708062 0.073557 0.0736235 0.0714855 0.0676816 0.0627035 0.0569652 0.050795 0.0444377 0.0380721 0.0318369 0.0258572 0.0202644 0.0152043 0.0108246 0.00724418 0.00451482
 0.00781063 0.0127487 0.0192989 0.027431 0.0368838 0.0470121 0.0567594 0.0649185 0.0705689 0.073365 0.0734931 0.0714235 0.0676869 0.06277 0.0570845 0.0509577 0.0446339 0.0382906 0.0320647 0.0260797 0.0204674 0.015376 0.0109585 0.00733981 0.00457701
 0.00779525 0.0127186 0.0192442 0.0273397 0.0367443 0.0468187 0.0565165 0.0646428 0.0702866 0.0731064 0.0732866 0.0712899 0.0676368 0.0628031 0.0571917 0.0511246 0.0448438 0.0385267 0.0323107 0.0263199 0.0206872 0.0155637 0.0111068 0.00744739 0.00464823
 0.00776365 0.0126687 0.0191716 0.0272406 0.0366154 0.0466574 0.0563224 0.0644196 0.0700444 0.0728627 0.0730646 0.0711151 0.0675315 0.062781 0.0572553 0.0512655 0.0450456 0.0387685 0.0325709 0.0265779 0.0209253 0.0157682 0.0112695 0.0075666 0.00472804
 0.00775011 0.012645 0.0191329 0.0271814 0.0365312 0.0465463 0.0561868 0.0642657 0.0698806 0.0726971 0.0729051 0.0709708 0.0674144 0.0627059 0.057236 0.0513104 0.045154 0.0389305 0.0327691 0.0267915 0.0211336 0.015954 0.0114215 0.00768038 0.00480562
 0.00934695 0.0148804 0.0218312 0.0299566 0.0388995 0.0481054 0.0567574 0.0639187 0.0688534 0.0712724 0.0713214 0.0693893 0.0659278 0.0613616 0.0560569 0.0503068 0.0443289 0.0382797 0.0322801 0.0264442 0.0209024 0.0158112 0.0113408 0.00763936 0.00478739
 0.00932237 0.0151381 0.0227437 0.0319868 0.0423992 0.0530436 0.0625476 0.0695144 0.0731203 0.0734357 0.0712207 0.0674205 0.0627669 0.0576745 0.0523343 0.0468387 0.0412555 0.0356531 0.0301071 0.0247074 0.0195678 0.0148318 0.0106597 0.00719418 0.00451623
 0.00896674 0.014577 0.0219531 0.0310138 0.0414173 0.0523912 0.0626893 0.070877 0.0758414 0.0771751 0.0752007 0.0707223 0.0647144 0.0580687 0.0514247 0.0451098 0.0391951 0.0336185 0.0283017 0.0232166 0.0184058 0.0139742 0.0100624 0.00680415 0.00427923
 0.00878378 0.0142681 0.0214678 0.0303012 0.0404456 0.0511817 0.0613606 0.0696736 0.0751141 0.0772845 0.0763592 0.0728441 0.0673805 0.0606633 0.053384 0.0461362 0.0393173 0.0330932 0.0274528 0.0223108 0.0176054 0.0133472 0.00961467 0.00650972 0.00410067
 0.00873581 0.0141799 0.0213153 0.0300524 0.0400644 0.050637 0.0606397 0.0688011 0.0741724 0.0764284 0.0758058 0.0728192 0.068022 0.0619249 0.0550097 0.0477441 0.0405559 0.0337777 0.0276027 0.0220872 0.0172074 0.0129329 0.00927189 0.00626578 0.00394654
 0.00871547 0.0141477 0.0212675 0.0299838 0.0399657 0.0504928 0.0604282 0.0684981 0.0737618 0.0759185 0.0752475 0.0723157 0.0677162 0.0619539 0.0554379 0.0485109 0.0414796 0.0346273 0.0281974 0.0223626 0.0172138 0.0127811 0.00907117 0.0060871 0.00381816
 0.00868331 0.0140991 0.0212013 0.0299012 0.03987 0.0503872 0.0603145 0.0683739 0.0736186 0.0757432 0.0750285 0.0720567 0.0674502 0.0617481 0.0553774 0.0486601 0.0418407 0.0351248 0.0287048 0.0227606 0.0174405 0.0128458 0.00902959 0.0060031 0.00373681
 0.00868388 0.0140941 0.0211828 0.0298591 0.0397951 0.0502765 0.0601745 0.0682201 0.0734689 0.07561 0.0749137 0.0719525 0.0673477 0.06165 0.0553062 0.048655 0.0419389 0.035335 0.0289934 0.0230613 0.0176859 0.0129977 0.00908988 0.00600095 0.00370717
 0.00866902 0.0140734 0.0211578 0.0298322 0.0397676 0.0502462 0.0601349 0.0681627 0.0733889 0.07551 0.0748042 0.0718469 0.0672562 0.0615775 0.0552556 0.0486339 0.0419616 0.0354154 0.0291319 0.0232373 0.017863 0.0131404 0.00917954 0.00604053 0.00371326
 0.00866688 0.0140693 0.0211506 0.0298209 0.0397521 0.0502278 0.0601159 0.0681454 0.0733728 0.0754909 0.0747755 0.0718038 0.0671992 0.0615124 0.0551924 0.0485836 0.041935 0.0354223 0.0291774 0.0233168 0.017961 0.0132354 0.00925343 0.00608572 0.00373326
 0.00864544 0.0140374 0.021108 0.0297694 0.0396948 0.0501685 0.0600586 0.0680942 0.0733319 0.0754638 0.0747635 0.0718047 0.0672079 0.0615231 0.0552014 0.0485915 0.041947 0.0354453 0.0292174 0.0233752 0.0180324 0.013309 0.00931715 0.00613185 0.00376063
 0.00861536 0.0139876 0.021032 0.0296616 0.0395529 0.0499972 0.0598714 0.0679124 0.0731796 0.0753607 0.07472 0.0718203 0.0672735 0.0616245 0.0553229 0.0487194 0.0420718 0.0355632 0.0293284 0.0234805 0.0181314 0.0133981 0.00939127 0.00618717 0.00379689
 0.00863041 0.0140116 0.0210668 0.0297074 0.0396071 0.0500526 0.0599165 0.0679338 0.0731667 0.0753113 0.0746417 0.0717282 0.0671846 0.0615516 0.0552723 0.0486911 0.0420622 0.0355676 0.0293434 0.0235041 0.0181615 0.0134316 0.00942393 0.0062149 0.00381722
 0.00860825 0.01398 0.0210276 0.0296652 0.0395685 0.0500238 0.0599016 0.0679329 0.0731759 0.0753233 0.0746486 0.0717248 0.0671705 0.0615324 0.055256 0.0486849 0.0420694 0.0355877 0.0293733 0.0235399 0.0181996 0.0134689 0.00945744 0.00624227 0.00383726
 0.00861062 0.0139798 0.0210199 0.029644 0.0395286 0.0499651 0.0598309 0.0678633 0.0731218 0.0752945 0.0746466 0.0717431 0.0671987 0.0615607 0.0552796 0.0487039 0.0420875 0.0356089 0.0293996 0.0235708 0.0182329 0.0135015 0.00948664 0.00626607 0.00385478
#pred catch len freq
 0.00577017 0.00904137 0.0130094 0.0174965 0.0223726 0.0275496 0.0328972 0.0381928 0.0431629 0.0475626 0.0512225 0.0540574 0.0560603 0.0572884 0.0578326 0.0577823 0.0572041 0.0561286 0.0545263 0.0522664 0.049093 0.0446905 0.0388708 0.0318042 0.0241175
 0.00605394 0.00942198 0.0134392 0.0178974 0.0226793 0.0277654 0.0331235 0.0385983 0.0438967 0.0486598 0.0525621 0.0553986 0.0571371 0.0579076 0.0579316 0.0574294 0.0565483 0.0553253 0.0536731 0.0513778 0.0481279 0.0436132 0.0377051 0.0306432 0.0230841
 0.0066487 0.0103108 0.0146273 0.0193276 0.024236 0.0292942 0.0344624 0.0396216 0.0445655 0.0490485 0.0528261 0.0556853 0.0574901 0.0582339 0.0580548 0.0571896 0.0558817 0.0542785 0.0523574 0.0499064 0.046581 0.0420459 0.0361792 0.0292439 0.0219035
 0.00709038 0.0110171 0.0156671 0.0207533 0.0260685 0.0314994 0.0369256 0.0421399 0.0468761 0.0508946 0.0540361 0.0562251 0.0574576 0.0577899 0.0573303 0.0562286 0.0546535 0.0527404 0.0505139 0.0478265 0.0443788 0.0398529 0.0341266 0.0274505 0.0204575
 0.00750922 0.0116649 0.016584 0.0219646 0.0275928 0.0333552 0.0391218 0.044647 0.0495898 0.0536149 0.056484 0.058106 0.0585486 0.0580081 0.0567405 0.0549863 0.0529229 0.0506414 0.0481238 0.0452188 0.0416596 0.0371692 0.0316454 0.025322 0.0187794
 0.00796992 0.0123703 0.0175661 0.0232284 0.0291239 0.0351308 0.0411165 0.0468299 0.0519169 0.0560151 0.0588411 0.0602446 0.0602444 0.059033 0.0569294 0.05429 0.0514135 0.0484721 0.0454749 0.0422675 0.0385813 0.0341499 0.028876 0.0229691 0.0169455
 0.00845803 0.0131144 0.0185948 0.0245384 0.0306868 0.0369042 0.0430492 0.048862 0.0539801 0.0580376 0.0607508 0.0619642 0.0616778 0.0600549 0.0573933 0.0540609 0.0504147 0.0467188 0.0430781 0.0394114 0.0354928 0.0310717 0.0260405 0.0205642 0.0150805
 0.00899334 0.0139349 0.0197373 0.0260057 0.0324514 0.0389151 0.0452335 0.051123 0.056202 0.0601 0.0625466 0.0634116 0.0627213 0.0606545 0.0575072 0.0536349 0.0493901 0.0450618 0.0408165 0.0366585 0.0324455 0.0279816 0.0231667 0.0181196 0.0131874
 0.00944721 0.0146355 0.0207233 0.0272911 0.0340281 0.0407559 0.0472888 0.0533139 0.0584177 0.0622067 0.0644044 0.0648961 0.0637411 0.0611599 0.0574835 0.0530853 0.0483185 0.0434713 0.0387287 0.0341451 0.0296511 0.0251189 0.0204772 0.0158149 0.0113958
 0.00979521 0.0151767 0.0214932 0.0283088 0.0352972 0.042265 0.0490069 0.0551841 0.0603553 0.0641039 0.0661406 0.0663501 0.0648058 0.0617554 0.0575666 0.0526476 0.0473764 0.0420551 0.0368823 0.0319403 0.0272074 0.0226095 0.0181067 0.0137711 0.00979872
 0.0102229 0.0158281 0.0223926 0.0294528 0.0366611 0.043813 0.050695 0.0569558 0.0621361 0.0658018 0.0676531 0.0675754 0.065655 0.0621633 0.057497 0.0520942 0.0463588 0.0406132 0.0350735 0.029845 0.0249387 0.0203172 0.0159621 0.0119309 0.00836349
 0.0106067 0.0164151 0.0232076 0.0304953 0.0379091 0.0452282 0.0522257 0.0585358 0.0636871 0.0672406 0.0688995 0.0685581 0.0663143 0.0624533 0.0573892 0.0515795 0.0454484 0.039338 0.0334847 0.0280175 0.0229752 0.0183481 0.014131 0.0103661 0.00714587
 0.0106898 0.0165665 0.0234661 0.0309082 0.0385221 0.0460701 0.0532919 0.0597809 0.0650311 0.0685836 0.0701395 0.0696038 0.067094 0.0629182 0.0575121 0.0513515 0.0448762 0.0384434 0.0323076 0.02662 0.0214456 0.0167977 0.0126807 0.00912281 0.00617639
 0.0105301 0.0163397 0.0231877 0.030619 0.0382852 0.0459601 0.0533823 0.0601294 0.0656632 0.0694782 0.071225 0.0707695 0.0682142 0.0638778 0.0582232 0.0517595 0.0449571 0.0381995 0.031765 0.0258287 0.0204808 0.0157557 0.0116672 0.00823189 0.0054702
 0.0103691 0.0160949 0.0228522 0.0302007 0.0378084 0.0454669 0.0529333 0.059801 0.0655374 0.0696234 0.0716737 0.0715031 0.0691598 0.0649211 0.059233 0.0526148 0.0455679 0.0385161 0.0317784 0.0255669 0.0200033 0.0151459 0.0110189 0.00763142 0.00497836
 0.0102945 0.015972 0.0226641 0.0299313 0.0374461 0.0450121 0.0524059 0.0592462 0.0650236 0.069234 0.0714918 0.0715918 0.0695431 0.0655702 0.0600669 0.0535159 0.0464088 0.0391877 0.0322104 0.0257371 0.0199359 0.0149011 0.0106766 0.00727122 0.00466154
 0.0104691 0.0162095 0.0229351 0.0301776 0.0375946 0.0449977 0.0521933 0.0588397 0.0644657 0.0685974 0.0708686 0.0710809 0.0692319 0.0655156 0.0602784 0.0539495 0.0469752 0.0397748 0.0327117 0.026078 0.0200881 0.0148827 0.0105388 0.00707771 0.00446838
 0.0106803 0.0165286 0.0233683 0.0307089 0.0381839 0.0455808 0.0526864 0.0591514 0.0645202 0.0683611 0.0703674 0.0703973 0.0684844 0.0648284 0.059753 0.0536426 0.0468885 0.0398586 0.0328839 0.0262513 0.0201971 0.0148996 0.0104729 0.00696257 0.00434233
 0.0107475 0.0166411 0.0235436 0.0309653 0.0385355 0.0460298 0.053213 0.0597071 0.0650292 0.0687329 0.0705197 0.070283 0.0681124 0.0642668 0.0591106 0.0530361 0.0464078 0.0395446 0.0327246 0.0261972 0.0201863 0.0148831 0.0104281 0.00689197 0.00426269
 0.0107313 0.0166229 0.0235318 0.0309751 0.0385876 0.0461471 0.0534152 0.0600038 0.0654112 0.0691651 0.0709408 0.0706151 0.0682823 0.0642318 0.058877 0.0526599 0.0459758 0.0391428 0.0324105 0.0259866 0.0200603 0.0148068 0.0103708 0.00683793 0.00421015
 0.0105909 0.0164198 0.0232736 0.0306862 0.0383052 0.0459123 0.0532657 0.0599693 0.065511 0.0694034 0.0713007 0.0710548 0.0687376 0.0646286 0.0591515 0.0527791 0.0459488 0.0390149 0.0322426 0.0258303 0.0199425 0.014729 0.0103206 0.0068016 0.00418012
 0.0105841 0.0163861 0.0231819 0.0304971 0.0379843 0.0454513 0.0526984 0.0593719 0.0649832 0.0690394 0.0711638 0.0711644 0.0690679 0.065116 0.0597095 0.0533189 0.046401 0.0393456 0.0324551 0.0259531 0.0200104 0.0147686 0.0103455 0.0068163 0.00418628
 0.0106521 0.0164863 0.0233115 0.0306415 0.0381149 0.0455259 0.0526674 0.0591937 0.0646453 0.0685766 0.0706577 0.0707201 0.0687779 0.0650294 0.0598197 0.0535727 0.0467221 0.0396609 0.0327147 0.026138 0.0201268 0.0148352 0.0103811 0.00683427 0.00419435
 0.0106968 0.0165551 0.0234082 0.0307664 0.0382645 0.0456907 0.0528294 0.0593236 0.0647042 0.0685255 0.0704741 0.0704157 0.0684047 0.0646667 0.0595458 0.0534356 0.0467239 0.0397647 0.0328658 0.0262875 0.0202455 0.0149149 0.0104276 0.00685819 0.0042051
 0.0107675 0.0166562 0.0235348 0.030906 0.0384012 0.0458121 0.0529307 0.059406 0.0647686 0.068565 0.0704712 0.0703478 0.0682572 0.0644469 0.0592876 0.0531905 0.0465406 0.0396689 0.0328528 0.0263298 0.0203095 0.0149748 0.0104713 0.00688452 0.00421849
 0.010783 0.0166818 0.0235739 0.0309608 0.0384715 0.0458929 0.0530123 0.0594762 0.0648175 0.0685889 0.0704725 0.0703295 0.0682178 0.0643799 0.0591893 0.0530676 0.0464137 0.0395644 0.0327909 0.0263148 0.02033 0.0150121 0.0105089 0.00691327 0.00423653
 0.0107747 0.0166674 0.0235507 0.030927 0.0384272 0.0458423 0.0529639 0.0594407 0.0648035 0.0685987 0.0705015 0.0703691 0.0682589 0.0644148 0.0592117 0.0530737 0.0464042 0.0395467 0.0327767 0.0263146 0.0203471 0.015042 0.0105426 0.00694273 0.00425773
 0.0105505 0.0163506 0.0231618 0.030514 0.0380511 0.0455544 0.0527883 0.0593732 0.0648237 0.0686848 0.0706385 0.0705477 0.0684698 0.0646453 0.0594457 0.0532952 0.0466011 0.0397131 0.0329135 0.0264268 0.0204408 0.0151206 0.0106067 0.0069916 0.00429161
 0.0102175 0.0158605 0.022521 0.0297656 0.0372677 0.0448224 0.0521922 0.0589815 0.0646761 0.0687824 0.0709434 0.0709962 0.0689939 0.0651891 0.0599715 0.0537803 0.0470323 0.0400835 0.033221 0.0266744 0.0206346 0.0152682 0.0107152 0.00706772 0.00434156
 0.00987451 0.015338 0.0218011 0.0288578 0.0362093 0.0436765 0.0510472 0.0579477 0.0638719 0.0683097 0.0708613 0.0713047 0.0696345 0.0660625 0.0609645 0.0547908 0.0479844 0.0409303 0.0339398 0.0272594 0.0210914 0.0156096 0.010958 0.00723079 0.00444404
 0.00971898 0.0150847 0.021419 0.0283176 0.0354894 0.0427733 0.0499875 0.0567973 0.0627343 0.0673131 0.0701356 0.0709542 0.0697116 0.066553 0.0617903 0.055832 0.0491102 0.042027 0.0349267 0.0280916 0.0217538 0.0161082 0.0113123 0.00746721 0.00459111
 0.010374 0.0159956 0.0225037 0.0294004 0.0363455 0.0432033 0.0498806 0.0561538 0.0616474 0.0659345 0.0686451 0.0695354 0.0685294 0.0657281 0.0613787 0.0558174 0.0494144 0.0425362 0.0355227 0.0286771 0.0222649 0.0165147 0.0116103 0.00766921 0.00471767
 0.0110037 0.0169599 0.0238377 0.0310801 0.0382741 0.0452034 0.0516998 0.0575006 0.0622656 0.0656897 0.067575 0.0678363 0.0664893 0.0636465 0.0595039 0.0543109 0.048342 0.0418779 0.0351995 0.0285838 0.0223009 0.0166028 0.0117029 0.00774412 0.0047693
 0.0109258 0.0169164 0.0239266 0.0314451 0.0390678 0.0465254 0.0535339 0.0596829 0.0645 0.0676087 0.068831 0.0681986 0.0659134 0.0622845 0.0576481 0.0522984 0.0464625 0.0403181 0.0340319 0.0277894 0.0218072 0.0163214 0.0115549 0.00767177 0.00473616
 0.0107684 0.016675 0.0235967 0.0310484 0.0386674 0.0462372 0.0535206 0.0601151 0.0654844 0.0691121 0.0706473 0.0699883 0.0673084 0.0630106 0.0576112 0.0515991 0.0453388 0.0390504 0.0328545 0.0268415 0.02113 0.0158864 0.0113015 0.00753674 0.00466996
 0.0107186 0.0165859 0.0234472 0.030814 0.0383271 0.0457873 0.0529932 0.0595935 0.065104 0.0690343 0.0710039 0.070812 0.0684867 0.0643001 0.058718 0.0522897 0.0455226 0.0387941 0.0323283 0.0262368 0.0205913 0.0154841 0.0110416 0.00738952 0.00459617
 0.0106968 0.0165526 0.0233997 0.0307478 0.0382328 0.0456478 0.0527858 0.0593003 0.0647301 0.0686268 0.070658 0.0706521 0.0686193 0.0647574 0.0594232 0.0530729 0.046187 0.0391976 0.0324345 0.026109 0.0203435 0.0152232 0.0108324 0.00725111 0.00451838
 0.0108488 0.0167694 0.0236697 0.0310411 0.038509 0.0458688 0.0529246 0.0593412 0.0646638 0.068449 0.070377 0.0703026 0.0682692 0.0644945 0.0593205 0.0531488 0.0463883 0.0394219 0.0325805 0.0261244 0.0202395 0.0150537 0.0106576 0.00711087 0.00442511
 0.0109816 0.0169689 0.0239389 0.0313696 0.0388737 0.046236 0.0532534 0.059589 0.0647948 0.0684428 0.0702333 0.0700405 0.0679247 0.064118 0.0589717 0.0528826 0.0462343 0.0393691 0.0325822 0.0261235 0.0201984 0.0149683 0.0105497 0.00700848 0.00434656
 0.0108762 0.0168297 0.0237887 0.0312497 0.038832 0.0463086 0.0534487 0.0598819 0.0651341 0.0687665 0.0704846 0.0701808 0.067941 0.064024 0.0588033 0.0526878 0.0460595 0.0392443 0.0325122 0.0260898 0.0201737 0.0149328 0.0104998 0.00695312 0.00429755
 0.0106967 0.0165661 0.0234458 0.0308535 0.0384272 0.0459509 0.0531951 0.0597807 0.0652119 0.0690164 0.070863 0.0706171 0.068359 0.0643639 0.0590355 0.0528157 0.0461105 0.0392549 0.0325126 0.0260946 0.0201821 0.0149369 0.0104938 0.00693771 0.00427822
 0.0105713 0.016381 0.0232022 0.0305656 0.0381189 0.0456509 0.0529335 0.0595879 0.0651177 0.0690451 0.0710244 0.0708982 0.0687204 0.0647478 0.0593821 0.0530813 0.0462789 0.0393368 0.0325349 0.0260861 0.0201632 0.0149168 0.0104745 0.0069192 0.0042613
 0.0103869 0.0161058 0.0228342 0.0301198 0.0376244 0.0451445 0.0524553 0.0591786 0.0648164 0.0688847 0.0710268 0.0710691 0.0690462 0.0651937 0.0598954 0.0536008 0.0467492 0.0397217 0.0328227 0.0262859 0.0202942 0.0149991 0.0105238 0.0069464 0.00427427
 0.0101286 0.0157191 0.0223142 0.0294842 0.0369091 0.0443951 0.0517213 0.0585125 0.0642717 0.0685117 0.0708644 0.0711378 0.0693435 0.0656927 0.0605468 0.054339 0.0475025 0.0404246 0.0334277 0.0267693 0.0206553 0.0152526 0.0106914 0.00705046 0.00433438
