SBPRF35
7.78865
Curr Bio
537985
B35
704453
F35
0.211283
FOFL
0.144861
OFL
57041.3
Bzero
2.22533e+006
#pred survey bio
 4.80412e+006 4.53485e+006 4.27176e+006 3.95974e+006 3.6197e+006 3.25839e+006 2.91984e+006 2.57895e+006 2.25895e+006 1.99063e+006 1.741e+006 1.5763e+006 1.39464e+006 1.23989e+006 1.08829e+006 968584 871401 805575 756182 716727 685492 656551 624772 617010 615400 615938 607289 602474 600202 605134 602366 596387 597567 593198 584921 575779 566759 561200 567261 576357 574841 588933 590168 586000 596063 598886 603205 606182 615211 608767 609308 579556 543896 1.74796e+007 1.04477e+007 1.0737e+007 1.15294e+007 1.25767e+007 1.36483e+007 1.46081e+007 1.54009e+007 1.6022e+007 1.64917e+007 1.68388e+007 1.70914e+007 1.72737e+007 1.74047e+007 1.74988e+007 1.75666e+007 1.76157e+007 1.76513e+007 1.76774e+007 1.76967e+007 1.77109e+007 1.77215e+007 1.77295e+007 1.77354e+007 1.774e+007 1.77434e+007 1.7746e+007 1.7748e+007 1.77496e+007 1.77507e+007 1.77516e+007 1.77523e+007 1.77528e+007 1.77533e+007 1.77536e+007 1.77538e+007 1.7754e+007 1.77542e+007 1.77543e+007 1.77544e+007 1.77544e+007 1.77545e+007 1.77545e+007 1.77545e+007 1.77546e+007 1.77546e+007 1.77546e+007 1.77546e+007 1.77546e+007 1.77546e+007 1.77546e+007 1.77546e+007 1.77546e+007 1.77546e+007 1.77546e+007 1.77546e+007 1.77546e+007 1.77546e+007 1.77546e+007 1.77547e+007 1.77547e+007 1.77547e+007 1.77547e+007 1.77547e+007 1.77547e+007 1.77547e+007 1.77547e+007 1.77547e+007 1.77547e+007 1.77547e+007 1.77547e+007 1.77547e+007 1.77547e+007 1.77547e+007 1.77547e+007 1.77547e+007 1.77547e+007 1.77547e+007 1.77547e+007 1.77547e+007 1.77547e+007 1.77547e+007 1.77547e+007 1.77547e+007 1.77547e+007 1.77547e+007 1.77547e+007 1.77547e+007 1.77547e+007 1.77547e+007 1.77547e+007 1.77547e+007 1.77547e+007 1.77547e+007 1.77547e+007 1.77547e+007 1.77547e+007 1.77547e+007 1.77547e+007 1.77547e+007 0 0 0 0 0 0 0 0 0 0 0 0 0 0 0 0 0 0 0 0 0 0 0 0 0
#obs survey bio
 3.73868e+006 3.89347e+006 4.0605e+006 3.81248e+006 2.53884e+006 2.68338e+006 2.7593e+006 2.45567e+006 1.60569e+006 1.40701e+006 1.36954e+006 1.42586e+006 1.179e+006 822203 973185 682982 864627 586148 689418 500474 681763 567037 764256 568328 519033 401157 458035 685907 444276 460305 459141 619882 518470 580283 706371 563694 640177 584191 651590 541893 465574 597566 763447 591410 421188 622014 584297 715362 528704 609393 608441 758127 546445
#pred catch bio
 96606.3 95414.1 154310 203556 253255 265938 301355 313822 294979 300965 242861 269360 252133 251667 223640 202652 173983 158237 147315 137207 131783 130435 107869 102300 100885 108607 104375 101059 94617.6 100671 101644 93145.8 94674.2 93666.9 90057.9 88625.8 88548.5 82975.4 83178.1 92687.5 79891.2 91079.9 95334.8 83909.9 90859.4 89794.7 91079.6 86303.2 98786.5 91433.5 114521 115594 117615 57041.3 80074.7 80953.5 85701.3 93072.5 100849 107762 113350 117595 120684 122860 124356 125366 126037 126479 126767 126953 127073 127150 127199 127230 127250 127262 127270 127275 127278 127280 127281 127282 127283 127283 127283 127283 127283 127283 127283 127283 127283 127283 127283 127283 127283 127283 127283 127283 127283 127283 127283 127283 127283 127283 127283 127283 127283 127283 127283 127283 127283 127283 127283 127283 127283 127283 127283 127283 127283 127283 127283 127283 127283 127283 127283 127283 127283 127283 127283 127283 127283 127283 127283 127283 127283 127283 127283 127283 127283 127283 127283 127283 127283 127283 127283 127283 127283 127283 127283 127283 127283 127283 127283 0 0 0 0 0 0 0 0 0 0 0 0 0 0 0 0 0 0 0 0 0 0 0 0 0
#obs catch bio
 0 95133.2 154958 204685 256144 268747 306837 320257 301741 311257 249611 278892 260231 260574 229711 208484 177460 162037 150880 140370 134346 133282 109296 103903 102380 111088 106827 102586 96084.7 102665 104148 94691.4 96339 95003.2 90800.1 89236.9 89233.2 83468.3 83384.2 93001.1 79804.4 91290.9 95444.9 83935.1 91481 90172 91307.3 86479.2 99365.9 91540.3 114775 115429 117725
#pred cpue bio
 4.72898e+006 4.4652e+006 4.20626e+006 3.89608e+006 3.55753e+006 3.19798e+006 2.86099e+006 2.52202e+006 2.20399e+006 1.93719e+006 1.68944e+006 1.52594e+006 1.34668e+006 1.19434e+006 1.04559e+006 928295 833268 768955 720855 682760 652850 625187 594680 587267 585658 586008 577537 573126 571240 576083 573489 568125 569973 566542 559462 551335 542038 535033 539877 548776 547692 561519 562765 558665 568264 570949 575233 578160 586965 580923 581808 553171 518753 1.66696e+007 9.97083e+006 1.01399e+007 1.07972e+007 1.17964e+007 1.28565e+007 1.38139e+007 1.46062e+007 1.52272e+007 1.5697e+007 1.6044e+007 1.62966e+007 1.64789e+007 1.66099e+007 1.67041e+007 1.67719e+007 1.68209e+007 1.68566e+007 1.68827e+007 1.69019e+007 1.69161e+007 1.69267e+007 1.69347e+007 1.69407e+007 1.69452e+007 1.69487e+007 1.69513e+007 1.69533e+007 1.69548e+007 1.6956e+007 1.69569e+007 1.69575e+007 1.69581e+007 1.69585e+007 1.69588e+007 1.69591e+007 1.69592e+007 1.69594e+007 1.69595e+007 1.69596e+007 1.69597e+007 1.69597e+007 1.69598e+007 1.69598e+007 1.69598e+007 1.69598e+007 1.69598e+007 1.69599e+007 1.69599e+007 1.69599e+007 1.69599e+007 1.69599e+007 1.69599e+007 1.69599e+007 1.69599e+007 1.69599e+007 1.69599e+007 1.69599e+007 1.69599e+007 1.69599e+007 1.69599e+007 1.69599e+007 1.69599e+007 1.69599e+007 1.69599e+007 1.69599e+007 1.69599e+007 1.69599e+007 1.69599e+007 1.69599e+007 1.69599e+007 1.69599e+007 1.69599e+007 1.69599e+007 1.69599e+007 1.69599e+007 1.69599e+007 1.69599e+007 1.69599e+007 1.69599e+007 1.69599e+007 1.69599e+007 1.69599e+007 1.69599e+007 1.69599e+007 1.69599e+007 1.69599e+007 1.69599e+007 1.69599e+007 1.69599e+007 1.69599e+007 1.69599e+007 1.69599e+007 1.69599e+007 1.69599e+007 1.69599e+007 1.69599e+007 1.69599e+007 1.69599e+007 1.69599e+007 0 0 0 0 0 0 0 0 0 0 0 0 0 0 0 0 0 0 0 0 0 0 0 0 0
#obs cpue bio
 2.9898e+006 3.74836e+006 2.5264e+006 2.68191e+006 2.47235e+006 3.67425e+006 1.58718e+006 2.22719e+006 1.74768e+006 1.19097e+006 1.26169e+006 1.35822e+006 1.2267e+006 1.26151e+006 1.14411e+006 825209 855585 570082 538780 699807 601105 525687 467953 416114 551790 463284 465895 690311 483155 495940 399805 588013 519038 600539 605247 558707 429391 481375 577868 665688 673164 516408 499046 452284 529736 590526 695639 406996 631141 577793 734628 489284 488600
#pred surv len freq
 0.00478044 0.00781792 0.0118706 0.0169499 0.0229443 0.0295283 0.0361407 0.0421302 0.0470039 0.0505907 0.0530119 0.0545338 0.0554314 0.0559162 0.0561103 0.056042 0.0556614 0.0548643 0.0535026 0.051372 0.0482052 0.0437337 0.0378491 0.0307921 0.0232172
 0.00504943 0.00814187 0.0121541 0.0170483 0.0227202 0.0289313 0.0352592 0.0411711 0.0462005 0.0500915 0.0528203 0.0545285 0.055447 0.0558341 0.0559138 0.0558196 0.0555611 0.0550206 0.0539682 0.0520856 0.0490145 0.0444631 0.0383731 0.0310761 0.0233071
 0.00533537 0.00861216 0.0128628 0.0180252 0.0239367 0.0302653 0.0364906 0.0420359 0.0464993 0.0497891 0.0520634 0.0535599 0.0544763 0.0549551 0.0551154 0.0550607 0.0548436 0.054407 0.0535406 0.0518836 0.0490003 0.0445381 0.0384321 0.0310585 0.023213
 0.00557401 0.00900517 0.0134649 0.0188931 0.0251188 0.0317808 0.0382973 0.0440023 0.0483998 0.0513426 0.0530134 0.0537668 0.0539683 0.0539017 0.0537391 0.0535503 0.0533203 0.0529459 0.0522032 0.0507235 0.0480448 0.0437739 0.0378179 0.0305539 0.0227983
 0.0058347 0.00942231 0.0140813 0.0197468 0.0262405 0.0331865 0.039978 0.0459119 0.0504452 0.0533775 0.0548393 0.0551541 0.0547075 0.0538703 0.0529482 0.0521379 0.0514953 0.0509212 0.0501545 0.0487803 0.0462947 0.042268 0.0365753 0.0295709 0.0220578
 0.00614795 0.00992136 0.0148134 0.0207493 0.0275348 0.0347692 0.0418116 0.0479228 0.0525342 0.0554348 0.0567501 0.0567915 0.0559235 0.0545059 0.0528707 0.0512915 0.0499346 0.0488043 0.0477009 0.0462182 0.0438233 0.0400386 0.0346872 0.0280719 0.0209482
 0.00642967 0.0103793 0.0155024 0.0217198 0.028823 0.0363817 0.0437096 0.0500186 0.0547051 0.0575488 0.0586879 0.0584529 0.0572187 0.0553405 0.0531405 0.0508981 0.0488222 0.0469992 0.0453299 0.0434926 0.0409956 0.0373526 0.0323365 0.0261747 0.0195402
 0.00677227 0.0109236 0.0162983 0.0228068 0.0302247 0.0380973 0.0457019 0.0522075 0.0569732 0.0597593 0.0607054 0.0601593 0.05852 0.0561637 0.0534233 0.0505797 0.0478487 0.0453492 0.043051 0.0407264 0.0379719 0.0343484 0.0296144 0.0239254 0.0178486
 0.00716936 0.0115534 0.0172166 0.024054 0.0318183 0.0400207 0.047893 0.0545565 0.0593391 0.0619963 0.0626858 0.0617825 0.0597107 0.0568654 0.0535917 0.0501767 0.04684 0.0437152 0.0408119 0.0379759 0.034896 0.031209 0.0266955 0.0214608 0.0159654
 0.00746062 0.0120337 0.0179513 0.0251071 0.0332374 0.0418156 0.0500142 0.0568904 0.0617269 0.0642686 0.0646937 0.063414 0.0608911 0.0575497 0.053753 0.0497954 0.0458986 0.0422025 0.0387421 0.035418 0.0319992 0.0282027 0.0238492 0.0190157 0.0140693
 0.00776605 0.0125235 0.0186767 0.0261131 0.0345572 0.0434596 0.0519557 0.0590553 0.0639959 0.0664921 0.0667142 0.0650887 0.0621099 0.0582444 0.0538943 0.0493807 0.044937 0.0407086 0.0367442 0.0329817 0.0292531 0.0253464 0.0211263 0.0166549 0.0122205
 0.00787852 0.0127162 0.0189858 0.0265799 0.0352223 0.0443516 0.0530799 0.0603884 0.0654892 0.0680779 0.0683102 0.0665987 0.0634275 0.0592623 0.0545183 0.0495416 0.0445954 0.0398538 0.0353953 0.0311969 0.0271442 0.0230841 0.0189205 0.0147081 0.0106733
 0.00809301 0.0130612 0.0194981 0.0272914 0.0361537 0.0455034 0.0544228 0.0618601 0.0670027 0.0695395 0.0696358 0.0677223 0.0642998 0.0598441 0.0547734 0.0494341 0.0440934 0.0389378 0.0340706 0.0295069 0.0251834 0.0210004 0.0168972 0.0129231 0.00925178
 0.00825959 0.0133359 0.0199183 0.0278939 0.0369664 0.0465333 0.0556435 0.0632083 0.0683886 0.0708648 0.070812 0.0686815 0.0649974 0.0602557 0.0548879 0.0492447 0.0435918 0.0381154 0.0329283 0.0280724 0.0235271 0.0192404 0.0151847 0.0114076 0.00804056
 0.00852374 0.0137515 0.0205181 0.028699 0.0379829 0.047747 0.0570127 0.0646603 0.0698259 0.0721809 0.0719092 0.0694854 0.0654649 0.0603757 0.0546755 0.0487293 0.0428052 0.037084 0.0316755 0.0266304 0.021953 0.0176255 0.0136466 0.0100637 0.00697403
 0.00872958 0.014082 0.0210072 0.0293741 0.0388579 0.0488128 0.058228 0.0659514 0.0710986 0.0733398 0.0728739 0.0701971 0.0658864 0.0604898 0.0544837 0.0482504 0.0420698 0.0361282 0.0305373 0.0253524 0.0205909 0.0162552 0.0123595 0.00894925 0.00609438
 0.0089677 0.0144486 0.0215211 0.0300398 0.0396669 0.049745 0.0592508 0.0670171 0.0721453 0.0742982 0.0736768 0.0707887 0.0662285 0.0605638 0.0542894 0.0478024 0.0413939 0.0352581 0.0295126 0.0242195 0.0194057 0.0150849 0.0112783 0.00802506 0.00537173
 0.00907541 0.0146254 0.0217896 0.0304204 0.0401717 0.0503698 0.0599687 0.0677807 0.0728982 0.0749897 0.0742705 0.0712607 0.0665601 0.0607363 0.054285 0.0476093 0.0410109 0.0346972 0.0287995 0.0233926 0.0185159 0.014193 0.0104488 0.00731458 0.00481618
 0.00906403 0.01462 0.0218062 0.0304832 0.040309 0.0506053 0.0603133 0.0682269 0.0734199 0.0755471 0.0748174 0.0717534 0.0669634 0.0610257 0.054444 0.0476258 0.0408769 0.0344118 0.0283727 0.0228494 0.0178964 0.0135491 0.00983678 0.0067839 0.00439845
 0.00906761 0.0146196 0.0217952 0.0304544 0.0402602 0.0505465 0.0602703 0.0682374 0.0735211 0.0757599 0.0751367 0.0721481 0.0673862 0.0614253 0.0547756 0.047856 0.0409842 0.0343853 0.0282133 0.022571 0.0175277 0.0131319 0.0094191 0.0064097 0.00409781
 0.00907318 0.0146257 0.0217987 0.0304497 0.0402399 0.0505034 0.0602012 0.0681472 0.0734272 0.0756916 0.0751293 0.0722301 0.0675665 0.061687 0.0550799 0.0481534 0.0412271 0.0345377 0.0282554 0.0225009 0.0173612 0.0128996 0.00916011 0.00616262 0.00389135
 0.00911612 0.0146881 0.0218785 0.0305399 0.0403296 0.0505801 0.0602531 0.0681652 0.0734061 0.0756338 0.075047 0.0721461 0.0675089 0.0616805 0.0551348 0.0482598 0.041357 0.0346541 0.028324 0.0225004 0.0172882 0.0127682 0.00899654 0.00599664 0.00374724
 0.00932002 0.0149876 0.0222695 0.0309966 0.0408103 0.0510379 0.0606445 0.0684542 0.0735673 0.0756547 0.0749311 0.0719135 0.0671945 0.0613278 0.0547877 0.0479528 0.0411073 0.0344588 0.0281654 0.0223555 0.0171397 0.0126109 0.0088376 0.00584968 0.00362527
 0.00942595 0.015142 0.022468 0.0312223 0.0410361 0.0512326 0.0607793 0.0685089 0.0735348 0.0755443 0.0747665 0.0717256 0.0670117 0.0611697 0.0546646 0.0478685 0.0410607 0.0344436 0.0281692 0.0223619 0.0171332 0.012583 0.00878954 0.00579069 0.00356721
 0.0095015 0.0152577 0.0226284 0.0314248 0.0412701 0.0514784 0.0610083 0.0686871 0.073631 0.0755398 0.0746628 0.071544 0.0667863 0.060937 0.0544542 0.0476986 0.0409375 0.0343643 0.0281241 0.0223377 0.017116 0.0125623 0.00876076 0.00575577 0.00353178
 0.00943505 0.0151734 0.022545 0.0313738 0.041286 0.0515837 0.0612013 0.0689398 0.0738974 0.075771 0.0748199 0.0716067 0.0667552 0.0608309 0.0543031 0.0475348 0.0407877 0.0342441 0.028038 0.022281 0.0170792 0.0125353 0.00873663 0.00573186 0.00350903
 0.00929201 0.0149725 0.0223022 0.0311262 0.0410848 0.0514803 0.0612333 0.0691203 0.0742109 0.0761732 0.0752456 0.0719851 0.0670288 0.0609704 0.0543116 0.0474413 0.0406336 0.0340705 0.0278755 0.0221463 0.0169765 0.0124608 0.00868335 0.00569352 0.00348144
 0.00929691 0.0149512 0.0222184 0.0309342 0.0407488 0.0510018 0.060669 0.0685764 0.0738086 0.076004 0.075339 0.0723043 0.0674903 0.0614755 0.0547755 0.0478107 0.0408917 0.034229 0.0279612 0.0221878 0.0169954 0.0124694 0.00868704 0.00569406 0.00347973
 0.00940131 0.0150995 0.0223999 0.0311206 0.0408955 0.0510556 0.060581 0.0683192 0.0733955 0.0754986 0.0748448 0.0719308 0.0673125 0.0615072 0.0549717 0.0480936 0.0411836 0.0344764 0.0281421 0.0223049 0.0170642 0.0125071 0.00870668 0.00570368 0.0034838
 0.00929673 0.0149599 0.022245 0.030985 0.0408156 0.0510497 0.0606345 0.0683857 0.0734139 0.0754215 0.0746615 0.0716767 0.0670584 0.0613319 0.05493 0.048196 0.0413967 0.0347422 0.0284037 0.0225245 0.0172275 0.0126175 0.00877573 0.0057441 0.00350594
 0.00908491 0.0146526 0.0218527 0.0305447 0.0403849 0.0506936 0.0604105 0.0683293 0.0735269 0.0756653 0.0749649 0.0719599 0.0672647 0.0614491 0.0549894 0.0482492 0.0414864 0.0348826 0.0285799 0.0227067 0.017388 0.0127411 0.00886047 0.00579659 0.0035356
 0.00893376 0.014409 0.0214923 0.0300522 0.0397643 0.0499807 0.0596803 0.067688 0.0730846 0.0754986 0.07509 0.072328 0.0677826 0.0620137 0.0555205 0.0487079 0.0418722 0.0352154 0.0288783 0.0229761 0.0176217 0.0129294 0.00899916 0.00588933 0.00359185
 0.00873479 0.0140976 0.0210463 0.0294593 0.0390255 0.049114 0.0587287 0.0667246 0.0722093 0.0748237 0.0747152 0.0723137 0.0681294 0.0626594 0.0563582 0.0496184 0.0427565 0.0360118 0.0295611 0.023542 0.0180762 0.0132795 0.00925382 0.0060617 0.00369917
 0.00847671 0.013709 0.0205189 0.0288057 0.0382744 0.048303 0.0578986 0.0659195 0.0714772 0.0742164 0.0742864 0.0721149 0.0682006 0.0630154 0.0569748 0.0504305 0.0436711 0.0369322 0.0304095 0.0242706 0.0186656 0.0137306 0.00957957 0.00628181 0.00383695
 0.00848698 0.0136826 0.0204014 0.0285249 0.0377644 0.0475398 0.0569263 0.0648474 0.0704454 0.0733493 0.0736627 0.0717652 0.0681251 0.0632015 0.0574033 0.0510693 0.0444673 0.0378121 0.0312908 0.0250799 0.019352 0.0142709 0.00997506 0.00655057 0.00400572
 0.00923029 0.014732 0.0216838 0.0298656 0.0389273 0.0482987 0.0571303 0.0644531 0.0695166 0.0720354 0.0721636 0.0702871 0.0668372 0.0622097 0.0567487 0.0507436 0.0444301 0.0380023 0.0316338 0.0254964 0.0197707 0.0146396 0.0102658 0.00675809 0.00414024
 0.00986681 0.0157498 0.0231739 0.0318747 0.0414168 0.0510985 0.0599165 0.0667917 0.0709825 0.072359 0.0713233 0.0684989 0.06446 0.0596259 0.0542738 0.0485856 0.0426904 0.0366986 0.0307275 0.0249171 0.0194355 0.0144683 0.0101922 0.00673468 0.004138
 0.00974263 0.0156593 0.023244 0.0322925 0.042381 0.0527375 0.0622099 0.0695341 0.0738099 0.074828 0.073019 0.0691437 0.0639871 0.0581901 0.0521904 0.0462267 0.0403854 0.0346749 0.0290979 0.0237004 0.0185884 0.0139174 0.00985739 0.00654468 0.00403746
 0.00935811 0.0150778 0.0224577 0.0313433 0.0413752 0.0518523 0.0616813 0.0696072 0.0746508 0.0764301 0.0751599 0.0714298 0.0659744 0.0595261 0.0527148 0.0459937 0.0396092 0.0336334 0.0280409 0.0227941 0.0179053 0.0134566 0.00957692 0.00639033 0.0039607
 0.00919367 0.0147908 0.0219915 0.0306401 0.0403982 0.0506207 0.0603015 0.0682803 0.0736407 0.0759958 0.0754723 0.0725014 0.0676323 0.0614484 0.054528 0.0473917 0.0404424 0.033927 0.0279452 0.0225008 0.0175755 0.0131853 0.00939528 0.00628838 0.00391286
 0.00928952 0.0149214 0.0221392 0.030766 0.0404451 0.0505223 0.0599983 0.0677426 0.0728948 0.0751439 0.0746874 0.0719862 0.0675489 0.0618479 0.0553172 0.0483613 0.041347 0.0345784 0.0282705 0.0225424 0.0174417 0.0129902 0.00921769 0.00616194 0.00383805
 0.00921107 0.014807 0.0219905 0.0305908 0.0402514 0.0503105 0.0597555 0.0674448 0.0725175 0.0746796 0.0741647 0.0714806 0.0671752 0.0617273 0.0555279 0.0488943 0.0420968 0.0353795 0.0289635 0.0230316 0.0177152 0.0130983 0.00923173 0.00614054 0.00381409
 0.0092409 0.0148515 0.0220502 0.0306639 0.0403349 0.0504004 0.0598457 0.067523 0.0725613 0.0746562 0.0740399 0.0712359 0.066827 0.0613369 0.055189 0.0486997 0.0420965 0.0355562 0.0292408 0.0233128 0.0179275 0.0132156 0.00926961 0.00613296 0.00379153
 0.00937245 0.0150472 0.0223107 0.0309772 0.0406787 0.0507472 0.0601669 0.0677911 0.0727519 0.0747493 0.0740202 0.0710936 0.0665612 0.0609629 0.0547466 0.0482523 0.0417156 0.0352945 0.0291112 0.0232857 0.0179511 0.0132435 0.00927798 0.00612103 0.00377001
 0.00926545 0.0148993 0.0221359 0.030804 0.040541 0.0506707 0.0601589 0.0678403 0.072837 0.0748502 0.0741234 0.0711905 0.0666425 0.061017 0.0547634 0.0482324 0.0416755 0.0352623 0.0291125 0.0233296 0.0180256 0.0133247 0.00934449 0.00616322 0.00379019
 0.00920314 0.0148026 0.0220002 0.0306313 0.0403432 0.0504718 0.0599939 0.0677472 0.0728427 0.0749571 0.0743064 0.0714068 0.0668491 0.0611828 0.054874 0.0482874 0.0416852 0.0352451 0.0290901 0.02332 0.0180363 0.0133514 0.009376 0.00618949 0.00380675
 0.00922466 0.0148217 0.0219999 0.0305868 0.0402298 0.0502766 0.0597271 0.067444 0.072556 0.0747419 0.0742031 0.0714294 0.066982 0.0613881 0.0551053 0.0485047 0.0418641 0.0353786 0.0291847 0.0233888 0.0180916 0.0133998 0.00941815 0.00622304 0.00383004
 0.00919727 0.0147898 0.021974 0.0305814 0.0402551 0.0503289 0.059783 0.0674672 0.0725139 0.0746251 0.0740336 0.0712526 0.0668469 0.0613269 0.0551235 0.0485835 0.0419725 0.0354878 0.0292769 0.0234588 0.0181428 0.0134381 0.00944795 0.006246 0.00384649
 0.00902562 0.014535 0.0216366 0.0301801 0.0398248 0.0499139 0.0594292 0.0672133 0.0723813 0.074611 0.0741136 0.0713939 0.0670245 0.0615324 0.0553596 0.0488521 0.0422651 0.0357844 0.0295539 0.0236974 0.018334 0.013582 0.00955057 0.00631533 0.00389053
 0.00894936 0.014419 0.0214774 0.0299813 0.0395974 0.0496769 0.0592082 0.0670377 0.0722775 0.0745931 0.0741772 0.0715167 0.0671749 0.0616819 0.0554935 0.048971 0.0423785 0.0359009 0.0296742 0.0238147 0.0184388 0.0136675 0.00961444 0.0063594 0.0039187
 0.00888013 0.0143005 0.0212891 0.0297027 0.039216 0.0491982 0.0586653 0.06649 0.0717984 0.0742506 0.0740158 0.0715484 0.0673795 0.0620157 0.0559022 0.0494039 0.0427985 0.0362867 0.0300162 0.0241087 0.0186822 0.0138589 0.00975575 0.00645636 0.00398012
 0.00886509 0.0143083 0.0213582 0.0298826 0.0395471 0.0496837 0.0592515 0.0670735 0.0722606 0.0745023 0.074027 0.0713489 0.0670373 0.0616073 0.0554904 0.0490283 0.0424773 0.036024 0.0298096 0.0239534 0.0185717 0.0137854 0.00971022 0.00643018 0.00396613
 0.00855334 0.0138745 0.0208419 0.0293712 0.0391564 0.0495239 0.0593922 0.0675222 0.0729569 0.0753281 0.0748338 0.0719982 0.0674403 0.0617454 0.0554076 0.0488023 0.0421874 0.0357308 0.0295493 0.0237417 0.0184115 0.0136719 0.00963517 0.00638401 0.00393983
#obs surv len freq
 nan nan nan nan nan nan nan nan nan nan nan nan nan nan nan nan nan nan nan nan nan nan nan nan nan
 0.00448659 0.00734893 0.01118 0.0159974 0.0216989 0.0279748 0.034289 0.0400198 0.0446984 0.0481608 0.0505171 0.0520112 0.0529018 0.0534128 0.0537259 0.0539799 0.0542578 0.0545501 0.0546886 0.0542804 0.0527185 0.049351 0.0438013 0.0362822 0.0276668
 0.00461474 0.00755986 0.0115019 0.016457 0.022315 0.0287478 0.0351911 0.0409923 0.0456601 0.0490244 0.0512057 0.0524697 0.0531023 0.0533543 0.0534303 0.0534841 0.0536052 0.0537832 0.0538463 0.0533998 0.0518383 0.0485142 0.0430526 0.0356593 0.0271907
 0.00477804 0.00782678 0.0119064 0.0170317 0.0230854 0.029722 0.0363483 0.0422781 0.0469904 0.0502983 0.0523205 0.0533341 0.0536464 0.0535376 0.0532447 0.0529518 0.0527718 0.0527085 0.052597 0.0520461 0.0504558 0.0471835 0.0418538 0.0346585 0.0264244
 0.00497004 0.00814008 0.0123801 0.0177033 0.0239834 0.0308554 0.0376949 0.0437795 0.0485593 0.0518329 0.0537177 0.0544977 0.0544914 0.0539957 0.0532707 0.0525307 0.0519208 0.0514763 0.051059 0.0502998 0.0486166 0.0453786 0.0402087 0.0332758 0.0253617
 0.00518706 0.00849626 0.0129224 0.0184773 0.0250246 0.032175 0.0392651 0.0455293 0.0503845 0.053616 0.0553461 0.0558731 0.0555311 0.0546307 0.0534464 0.05221 0.0510914 0.0501586 0.0493131 0.0482291 0.046365 0.0431188 0.0381178 0.0315014 0.0239898
 0.00540935 0.00885988 0.0134741 0.0192629 0.0260808 0.0335169 0.0408719 0.047338 0.0522967 0.0555152 0.0571149 0.0574043 0.0567332 0.0554285 0.0537795 0.0520316 0.0503713 0.0488927 0.0475372 0.0460331 0.043899 0.0405825 0.0357288 0.0294485 0.0223892
 0.00564604 0.00924827 0.0140653 0.0201068 0.0272165 0.0349576 0.0425898 0.0492589 0.0543118 0.0575014 0.0589546 0.058995 0.057989 0.0562782 0.0541639 0.0519019 0.0496905 0.0476427 0.0457351 0.0437518 0.0412824 0.0378412 0.033107 0.0271687 0.0205958
 0.00588343 0.00963849 0.0146607 0.0209591 0.0283673 0.0364224 0.0443422 0.0512242 0.0563771 0.0595374 0.0608365 0.0606154 0.0592619 0.0571374 0.0545581 0.051789 0.0490353 0.0464226 0.0439554 0.0414702 0.0386301 0.0350254 0.0303813 0.0247736 0.0186956
 0.00614075 0.0100571 0.0152915 0.0218497 0.029554 0.0379159 0.0461132 0.0531975 0.0584408 0.0615636 0.0627011 0.0622107 0.060502 0.0579577 0.0549122 0.0516426 0.0483618 0.0452037 0.0421947 0.039216 0.0360009 0.0322174 0.0276436 0.0223507 0.0167605
 0.0063747 0.0104422 0.0158796 0.022692 0.0306901 0.0393582 0.0478303 0.05511 0.0604337 0.0635095 0.0644813 0.0637261 0.0616749 0.0587295 0.0552399 0.0514946 0.0477144 0.0440423 0.0405236 0.0370788 0.0335042 0.0295415 0.0250223 0.0200185 0.014888
 0.00660716 0.0108246 0.0164635 0.023528 0.031818 0.040791 0.0495374 0.0570114 0.0624109 0.0654283 0.0662151 0.0651707 0.0627539 0.0593935 0.0554602 0.0512555 0.0470065 0.0428618 0.0388804 0.0350158 0.0311192 0.0269986 0.0225357 0.0178051 0.0131078
 0.00683604 0.0111983 0.0170289 0.0243299 0.0328905 0.0421439 0.0511422 0.0587952 0.0642658 0.0672307 0.0678452 0.0665262 0.0637565 0.0599907 0.0556236 0.0509751 0.0462832 0.0417039 0.037308 0.0330749 0.0289012 0.0246513 0.0202498 0.0157742 0.0114748
 0.00706335 0.0115719 0.0175984 0.0251428 0.033982 0.0435199 0.0527643 0.0605765 0.0660851 0.0689577 0.0693631 0.0677439 0.0646107 0.0604432 0.055657 0.0505882 0.045486 0.0405147 0.0357564 0.0312122 0.0268157 0.0224764 0.0181534 0.0139241 0.00999319
 0.00725511 0.0118902 0.0180895 0.0258538 0.0349505 0.044759 0.0542459 0.0622258 0.0677906 0.070592 0.070806 0.0688972 0.065406 0.0608426 0.0556488 0.0501798 0.0446968 0.039372 0.0342971 0.0294914 0.0249181 0.0205222 0.0162882 0.0122899 0.00869133
 0.00742523 0.0121676 0.0185087 0.0264481 0.0357465 0.045767 0.0554496 0.0635762 0.0692099 0.0719857 0.0720753 0.0699515 0.0661708 0.0612665 0.0557056 0.0498667 0.0440292 0.0383788 0.0330193 0.0279864 0.023267 0.0188328 0.0146862 0.0108945 0.00758481
 0.00754051 0.012353 0.0187842 0.026832 0.0362532 0.0464034 0.0562102 0.0644407 0.0701442 0.0729452 0.0730089 0.0708027 0.0668802 0.0617754 0.0559636 0.049838 0.0436975 0.0377488 0.0321174 0.0268616 0.0219928 0.017506 0.0134162 0.00978289 0.00670144
 0.00759882 0.012449 0.0189311 0.027043 0.0365395 0.0467709 0.056656 0.0649529 0.0707043 0.0735331 0.0736047 0.0713844 0.0674199 0.0622363 0.0563006 0.0500036 0.0436505 0.0374639 0.0315923 0.0261226 0.0210958 0.0165322 0.0124603 0.00893365 0.00602046
 0.0076624 0.0125424 0.0190537 0.027189 0.0367013 0.046944 0.0568424 0.06516 0.0709415 0.0738067 0.073915 0.0717249 0.0677767 0.0625877 0.0566159 0.0502435 0.0437712 0.0374251 0.0313687 0.0257136 0.0205318 0.0158727 0.0117824 0.00831343 0.00551372
 0.00772594 0.0126416 0.0191948 0.0273733 0.0369237 0.047191 0.0570926 0.0653884 0.0711279 0.0739447 0.0740149 0.0718082 0.0678653 0.0626937 0.056736 0.0503583 0.0438487 0.0374272 0.0312612 0.0254777 0.0201739 0.0154271 0.011304 0.0078624 0.00513751
 0.0077602 0.0126945 0.0192691 0.0274701 0.0370416 0.047327 0.0572407 0.0655393 0.0712695 0.0740649 0.0741054 0.0718689 0.0679054 0.0627279 0.0567772 0.0504102 0.0439006 0.0374553 0.0312352 0.0253724 0.0199801 0.0151586 0.0109951 0.00755686 0.00487389
 0.00781342 0.0127742 0.0193764 0.0276012 0.0371892 0.0474814 0.0573919 0.0656775 0.0713862 0.0741536 0.0741626 0.0718942 0.0679018 0.0627022 0.0567394 0.0503703 0.0438636 0.0374168 0.0311812 0.0252845 0.0198453 0.0149775 0.0107846 0.00734438 0.00468673
 0.00785386 0.0128338 0.0194545 0.027693 0.0372864 0.0475747 0.0574726 0.0657391 0.0714258 0.0741726 0.074166 0.0718887 0.0678932 0.0626936 0.0567318 0.0503633 0.0438565 0.0374066 0.0311612 0.0252446 0.0197761 0.0148764 0.0106593 0.00721142 0.00456486
 0.00785811 0.0128425 0.0194707 0.0277198 0.0373258 0.0476251 0.057528 0.06579 0.0714626 0.0741898 0.0741647 0.0718757 0.0678775 0.0626831 0.0567305 0.0503713 0.0438703 0.0374208 0.031169 0.0252384 0.0197493 0.0148263 0.0105897 0.00713228 0.00448875
 0.00787383 0.0128613 0.0194869 0.0277248 0.0373114 0.0475881 0.0574735 0.0657303 0.0714116 0.0741573 0.0741534 0.0718824 0.0678971 0.062712 0.0567671 0.0504147 0.0439185 0.0374697 0.0312125 0.0252697 0.0197624 0.0148185 0.010563 0.00709338 0.00444663
 0.0078903 0.0128865 0.0195212 0.0277665 0.0373558 0.047627 0.0574963 0.0657268 0.0713772 0.0740965 0.0740792 0.0718116 0.0678436 0.0626824 0.056761 0.0504276 0.0439446 0.0375031 0.0312471 0.0252993 0.0197815 0.0148235 0.0105542 0.00707426 0.00442309
 0.00789461 0.0128899 0.0195198 0.0277548 0.0373285 0.0475817 0.057435 0.0656556 0.0713039 0.0740276 0.0740195 0.0717654 0.0678159 0.0626783 0.0567834 0.050475 0.0440114 0.0375806 0.031326 0.025371 0.0198395 0.014864 0.0105766 0.00708161 0.00442046
 0.00788276 0.0128719 0.0194949 0.0277227 0.0372888 0.0475335 0.0573769 0.0655874 0.071228 0.07395 0.0739492 0.0717115 0.0677854 0.0626748 0.0568074 0.0505245 0.0440818 0.0376652 0.0314163 0.0254579 0.0199148 0.0149225 0.0106165 0.00710457 0.00443068
 0.00786526 0.0128399 0.0194406 0.0276376 0.0371666 0.0473748 0.0571923 0.0653963 0.0710536 0.0738125 0.0738607 0.0716761 0.0678009 0.0627356 0.0569059 0.0506519 0.0442286 0.0378214 0.0315715 0.0256024 0.0200402 0.0150229 0.01069 0.00715317 0.00445919
 0.00785972 0.0128285 0.0194188 0.0275991 0.0371043 0.0472824 0.0570672 0.0652419 0.0708807 0.0736388 0.0737078 0.0715641 0.0677436 0.0627376 0.056963 0.050754 0.0443627 0.0379738 0.0317293 0.0257535 0.0201747 0.0151339 0.0107742 0.0072113 0.00449545
 0.00785576 0.0128182 0.0193961 0.0275561 0.037033 0.047178 0.0569303 0.0650799 0.0707057 0.0734656 0.0735518 0.0714403 0.0676655 0.0627147 0.0569989 0.0508447 0.0444975 0.0381377 0.0319056 0.0259267 0.0203317 0.0152654 0.0108758 0.00728326 0.0045418
 0.00782228 0.012768 0.0193284 0.0274722 0.0369355 0.0470687 0.0568101 0.0649495 0.0705682 0.0733277 0.073424 0.0713353 0.0675957 0.0626898 0.0570243 0.0509208 0.044619 0.0382939 0.0320817 0.0261062 0.0204993 0.0154093 0.0109893 0.00736519 0.00459568
 0.00779667 0.0127234 0.019256 0.0273633 0.0367844 0.0468779 0.0565928 0.0647281 0.0703679 0.0731683 0.0733153 0.0712779 0.0675857 0.0627232 0.0570986 0.0510339 0.0447672 0.0384703 0.0322753 0.026303 0.0206845 0.0155703 0.011118 0.00745941 0.00465853
 0.00775854 0.0126613 0.0191624 0.027231 0.0366083 0.0466569 0.0563334 0.0644465 0.0700888 0.0729214 0.0731287 0.0711717 0.0675674 0.0627877 0.0572321 0.0512194 0.0449883 0.0387125 0.0325252 0.026547 0.020909 0.0157634 0.0112721 0.00757259 0.00473447
 0.00774364 0.0126336 0.0191145 0.0271537 0.0364929 0.0464986 0.0561344 0.0642168 0.0698452 0.0726843 0.0729196 0.0710112 0.0674726 0.0627695 0.0572919 0.0513492 0.045173 0.0389334 0.0327632 0.0267845 0.0211303 0.0159559 0.0114274 0.00768798 0.00481283
 0.00932419 0.0148455 0.0217825 0.0298939 0.0388242 0.04802 0.0566664 0.0638282 0.068772 0.0712098 0.0712871 0.0693903 0.0659657 0.0614317 0.0561486 0.0504061 0.0444226 0.0383588 0.0323415 0.0264899 0.0209365 0.0158375 0.0113617 0.00765577 0.00479953
 0.00930105 0.0151033 0.0226913 0.0319133 0.0423032 0.0529273 0.0624183 0.0693839 0.0730027 0.0733436 0.0711631 0.067402 0.0627886 0.0577339 0.0524257 0.0469525 0.0413794 0.0357745 0.0302161 0.0247981 0.019639 0.0148853 0.0106984 0.00722123 0.00453422
 0.00897203 0.0145834 0.0219586 0.0310148 0.0414093 0.0523696 0.062651 0.0708214 0.0757713 0.0770966 0.0751226 0.0706544 0.0646658 0.0580457 0.05143 0.0451422 0.0392492 0.0336861 0.0283734 0.023284 0.0184632 0.0140192 0.0100954 0.00682687 0.00429397
 0.0087833 0.0142695 0.0214739 0.0303154 0.0404702 0.051216 0.0613991 0.0697068 0.0751312 0.0772777 0.0763262 0.0727892 0.0673135 0.0605959 0.0533275 0.0460987 0.0393021 0.033099 0.0274744 0.0223412 0.0176376 0.0133761 0.0096376 0.00652619 0.00411149
 0.00873362 0.014178 0.0213154 0.0300575 0.040078 0.0506621 0.0606775 0.0688498 0.0742262 0.076478 0.0758405 0.0728298 0.0680045 0.061882 0.0549505 0.0476807 0.0404997 0.0337366 0.0275791 0.0220793 0.0172105 0.0129415 0.00928183 0.00627437 0.00395279
 0.00867825 0.0140895 0.0211845 0.0298749 0.0398339 0.0503464 0.0602815 0.0683705 0.0736729 0.0758824 0.0752682 0.0723855 0.067819 0.0620705 0.0555517 0.0486115 0.041564 0.0346979 0.0282583 0.0224172 0.017263 0.0128238 0.00910584 0.00611297 0.00383571
 0.00869442 0.0141093 0.0212022 0.0298805 0.0398149 0.0502907 0.0601796 0.0682153 0.0734589 0.0756068 0.0749358 0.0720195 0.0674697 0.0618159 0.0554777 0.0487747 0.0419543 0.0352272 0.0287923 0.0228333 0.0175001 0.0128939 0.009067 0.00603053 0.00375539
 0.00870118 0.0141237 0.0212294 0.0299261 0.0398815 0.0503736 0.0602641 0.0682783 0.0734749 0.0755555 0.0748076 0.0718179 0.0672132 0.0615396 0.055233 0.0486203 0.041935 0.0353507 0.029018 0.0230878 0.0177105 0.0130191 0.00910745 0.00601456 0.00371691
 0.00864327 0.0140397 0.0211223 0.029806 0.0397638 0.0502754 0.0601999 0.0682563 0.0734941 0.0756038 0.0748643 0.0718589 0.0672197 0.0615052 0.055169 0.0485541 0.0419024 0.0353811 0.0291189 0.0232387 0.0178718 0.0131517 0.00919035 0.0060495 0.00371993
 0.00864161 0.0140268 0.0210848 0.0297271 0.0396302 0.0500866 0.0599748 0.0680313 0.0733117 0.0754966 0.0748439 0.0719138 0.0673219 0.0616225 0.0552756 0.0486394 0.0419722 0.035452 0.0292073 0.0233493 0.0179943 0.0132662 0.00927888 0.00610479 0.00374623
 0.00863636 0.0140222 0.0210841 0.0297337 0.0396438 0.0500994 0.0599709 0.0679922 0.0732267 0.0753723 0.0747049 0.0717929 0.0672453 0.0615992 0.0552968 0.0486864 0.0420283 0.0355094 0.0292672 0.0234158 0.0180672 0.013339 0.00934186 0.00615062 0.0037736
 0.00865294 0.0140454 0.0211126 0.0297642 0.0396731 0.0501257 0.0599942 0.068012 0.0732384 0.075367 0.0746725 0.0717298 0.0671594 0.0615082 0.0552201 0.0486366 0.0420072 0.0355116 0.0292855 0.023445 0.0181039 0.013379 0.00937975 0.00618136 0.0037946
 0.00863121 0.014016 0.0210789 0.0297329 0.0396512 0.0501176 0.0599995 0.0680259 0.0732549 0.0753811 0.0746812 0.0717307 0.0671503 0.0614886 0.0551936 0.0486107 0.0419905 0.0355095 0.0292988 0.0234706 0.0181368 0.0134142 0.00941272 0.00620849 0.00381412
 0.00862139 0.0139994 0.0210532 0.0296963 0.0396044 0.0500649 0.0599496 0.0679896 0.0732411 0.0753923 0.0747122 0.0717713 0.0671895 0.0615183 0.0552105 0.0486161 0.0419892 0.035508 0.0293025 0.0234823 0.0181557 0.0134374 0.00943618 0.00622894 0.00382962
 0.0086067 0.0139753 0.0210165 0.0296441 0.0395349 0.0499787 0.0598512 0.0678885 0.0731502 0.0753258 0.0746811 0.0717802 0.0672347 0.061589 0.0552929 0.0486978 0.0420624 0.03557 0.0293547 0.0235275 0.0181961 0.0134735 0.00946714 0.00625362 0.00384752
 0.0086067 0.0139753 0.0210165 0.0296441 0.0395349 0.0499787 0.0598512 0.0678885 0.0731502 0.0753258 0.0746811 0.0717802 0.0672347 0.061589 0.0552929 0.0486978 0.0420624 0.03557 0.0293547 0.0235275 0.0181961 0.0134735 0.00946714 0.00625362 0.00384752
 0.00884247 0.014346 0.0215491 0.0303503 0.0404027 0.050964 0.0608711 0.068828 0.0738861 0.0757598 0.0747669 0.0715305 0.0667094 0.0608742 0.0544784 0.0478618 0.0412638 0.0348481 0.0287326 0.0230156 0.0177953 0.0131766 0.00926057 0.00611958 0.00376698
 0.00900053 0.0146228 0.0220006 0.031036 0.0413662 0.0522041 0.0623173 0.0703387 0.075276 0.0768465 0.0754137 0.0716719 0.0663563 0.0601021 0.0534058 0.0466237 0.0399866 0.0336333 0.0276497 0.0221038 0.0170686 0.0126293 0.00887314 0.00586351 0.0036101
#pred catch len freq
 0.00468102 0.00739076 0.0107485 0.0146583 0.0190581 0.0239029 0.0290915 0.0344277 0.039658 0.0445381 0.0488756 0.0525453 0.0554935 0.0577257 0.0592755 0.0601679 0.0603985 0.0599272 0.0586659 0.0564506 0.0530307 0.0481393 0.0416734 0.0339079 0.0255681
 0.00497392 0.00776499 0.0111274 0.0149182 0.0190755 0.0236213 0.028566 0.0338099 0.0391221 0.0441921 0.0487122 0.0524594 0.0553492 0.0574347 0.0588467 0.0597112 0.0600803 0.059896 0.05898 0.0570446 0.0537412 0.0487782 0.0421085 0.0341056 0.0255808
 0.00529129 0.00826387 0.0118392 0.0158419 0.0201572 0.0247373 0.0295286 0.0344156 0.0392346 0.0438145 0.0479899 0.0516012 0.0545185 0.0566867 0.0581497 0.0590221 0.0594121 0.0593276 0.0586078 0.0569144 0.0538111 0.0489377 0.0422397 0.0341399 0.0255175
 0.00558154 0.00872132 0.0125028 0.016743 0.0213178 0.0261615 0.0311803 0.0361891 0.0409402 0.0452027 0.0488231 0.0517447 0.0539953 0.0556559 0.0568217 0.0575737 0.057956 0.0579362 0.0573449 0.055837 0.0529459 0.0482655 0.0417092 0.0337018 0.0251487
 0.00590929 0.00922768 0.0132174 0.017681 0.0224849 0.0275597 0.032806 0.0380205 0.0429167 0.0472034 0.0506575 0.0531725 0.0547848 0.0556619 0.0560415 0.0561433 0.0560912 0.0558606 0.0552445 0.0538492 0.0511627 0.0467381 0.0404539 0.0327106 0.0244012
 0.00628437 0.0098061 0.0140306 0.0187404 0.0237858 0.0290862 0.0345318 0.0399061 0.0449066 0.0492235 0.0526082 0.0549179 0.0561493 0.05645 0.0560864 0.0553666 0.0545409 0.0537032 0.0527167 0.0511983 0.0486035 0.0444318 0.0385037 0.0311644 0.0232574
 0.00665502 0.0103834 0.0148532 0.0198301 0.0251479 0.0307094 0.0363843 0.0419303 0.0470204 0.0513292 0.0546021 0.0566946 0.0575974 0.0574453 0.0564928 0.0550582 0.0534441 0.0518401 0.0502241 0.0483079 0.0455925 0.0415669 0.0359953 0.0291402 0.0217553
 0.00709549 0.0110602 0.0158003 0.0210571 0.0266459 0.0324582 0.0383519 0.0440654 0.0492458 0.0535416 0.0566817 0.0585184 0.0590518 0.0584303 0.0569179 0.0548372 0.0525035 0.0501476 0.047828 0.0453632 0.0423524 0.0383364 0.0330632 0.0267154 0.0199313
 0.00757991 0.0118047 0.0168417 0.0224038 0.0282823 0.034351 0.040451 0.0463008 0.0515267 0.0557629 0.058732 0.0602876 0.0604373 0.0593414 0.0572777 0.0545808 0.0515772 0.0485198 0.0455164 0.0424694 0.0390815 0.0349774 0.0299292 0.0240641 0.0179034
 0.00798579 0.0124412 0.0177567 0.0236284 0.0298279 0.0362055 0.0425703 0.0486026 0.0538947 0.0580619 0.0608266 0.0620572 0.0617837 0.0601906 0.0575759 0.054287 0.0506585 0.0469561 0.0433196 0.0397154 0.0359366 0.0316974 0.0268143 0.0213836 0.0158225
 0.00831914 0.0129607 0.0184985 0.0246165 0.0310768 0.0377223 0.0443483 0.0506091 0.0560589 0.0602719 0.0629388 0.0639168 0.0632502 0.0611575 0.0579772 0.0540899 0.049851 0.0455402 0.0413193 0.0372003 0.033049 0.0286594 0.0238975 0.0188433 0.0138275
 0.00855858 0.0133361 0.0190386 0.0253414 0.0319988 0.0388455 0.0456661 0.0520996 0.0576833 0.0619731 0.0646404 0.0655218 0.0646451 0.0622242 0.0586097 0.0542092 0.0494109 0.0445268 0.0397527 0.0351454 0.0306319 0.0260733 0.02138 0.0166234 0.0120644
 0.00885332 0.0137918 0.0196817 0.0261828 0.0330359 0.040064 0.0470386 0.0535818 0.0592136 0.0634787 0.0660458 0.0667562 0.0656446 0.0629308 0.058968 0.0541665 0.0489225 0.0435657 0.0383224 0.0332941 0.0284661 0.0237603 0.0191269 0.0146317 0.0104762
 0.00913567 0.0142308 0.0203053 0.027005 0.0340559 0.0412661 0.0483885 0.0550237 0.0606725 0.0648697 0.0672862 0.0677754 0.0663903 0.0633696 0.059081 0.0539411 0.0483462 0.042627 0.0370219 0.0316632 0.0265846 0.0217622 0.0171834 0.0129124 0.00910228
 0.00947058 0.0147425 0.0210153 0.0279136 0.0351468 0.0425123 0.0497528 0.0564544 0.0620999 0.0662085 0.0684456 0.0686729 0.0669654 0.0635918 0.0589487 0.0534725 0.0475667 0.0415605 0.035692 0.0301056 0.0248644 0.0199835 0.0154805 0.0114192 0.0079144
 0.00974088 0.0151607 0.0216053 0.028684 0.0360914 0.0436105 0.0509679 0.0577321 0.0633709 0.0673964 0.069475 0.0694763 0.0674882 0.0637974 0.0588232 0.0530248 0.0468234 0.0405579 0.0344713 0.0287146 0.023367 0.0184665 0.0140488 0.0101753 0.0069303
 0.010001 0.0155533 0.0221408 0.0293549 0.036878 0.0444901 0.0519188 0.0587293 0.0643788 0.0683648 0.070342 0.0701769 0.0679651 0.06401 0.0587513 0.0526685 0.0462002 0.0396991 0.0334187 0.0275202 0.022095 0.0171946 0.0128633 0.00915573 0.00612952
 0.0101255 0.0157504 0.0224273 0.0297423 0.0373706 0.0450822 0.0525917 0.0594522 0.0651145 0.0690762 0.0709958 0.0707414 0.0684067 0.0642927 0.0588419 0.0525439 0.0458526 0.0391387 0.0326729 0.0266328 0.0211243 0.0162113 0.0119421 0.00836273 0.00550724
 0.010113 0.0157423 0.0224382 0.0297952 0.0374933 0.0453001 0.0529202 0.0598905 0.0656437 0.0696613 0.0715915 0.0713004 0.068887 0.0646609 0.059072 0.0526152 0.0457508 0.038859 0.0322251 0.0260447 0.0204421 0.0154949 0.0112568 0.0077659 0.00503604
 0.0101075 0.0157295 0.022413 0.0297534 0.037436 0.0452397 0.0528832 0.0599141 0.0657639 0.0698992 0.0719428 0.0717349 0.0693561 0.0651099 0.0594508 0.0528844 0.0458832 0.03884 0.0320537 0.0257358 0.0200281 0.0150235 0.0107831 0.00734053 0.00469378
 0.0101158 0.0157398 0.0224222 0.0297557 0.0374235 0.0452047 0.0528218 0.0598309 0.0656764 0.0698382 0.0719453 0.0718312 0.0695561 0.065396 0.0597815 0.0532061 0.0461438 0.0389995 0.0320897 0.025646 0.0198302 0.0147522 0.0104827 0.00705502 0.00445571
 0.0101901 0.0158478 0.0225609 0.0299133 0.0375822 0.0453447 0.0529255 0.0598846 0.0656729 0.0697792 0.0718448 0.071716 0.0694605 0.0653508 0.0598019 0.0532841 0.0462505 0.0390948 0.0321358 0.025619 0.0197259 0.0145863 0.0102846 0.0068577 0.00428615
 0.0103376 0.0160601 0.0228293 0.0302122 0.0378761 0.0455996 0.053118 0.0600042 0.0657176 0.0697518 0.0717511 0.0715665 0.0692733 0.0651515 0.059619 0.0531405 0.0461545 0.0390367 0.0320926 0.0255644 0.019642 0.0144699 0.0101473 0.00671913 0.00416494
 0.0104365 0.0162021 0.0230078 0.030408 0.0380609 0.045744 0.0531983 0.060008 0.0656464 0.0696208 0.0715856 0.071395 0.0691192 0.0650294 0.0595354 0.0530965 0.0461475 0.039059 0.03213 0.0255982 0.0196549 0.0144529 0.0101026 0.00665829 0.00410251
 0.0105193 0.0163264 0.0231751 0.0306115 0.038286 0.0459694 0.0533983 0.0601547 0.0657157 0.0695989 0.0714751 0.071215 0.0689009 0.0648069 0.0593369 0.0529398 0.0460388 0.0389948 0.0320998 0.0255873 0.019648 0.0144384 0.0100761 0.00662243 0.00406439
 0.0104899 0.016296 0.0231611 0.0306402 0.0383843 0.0461521 0.0536578 0.0604592 0.0660166 0.069845 0.0716263 0.0712508 0.0688239 0.0646402 0.0591169 0.0527057 0.0458231 0.0388174 0.0319669 0.0254942 0.0195837 0.0143911 0.0100368 0.00658733 0.00403355
 0.0103093 0.0160412 0.0228504 0.0303175 0.0381103 0.0459877 0.0536471 0.0606189 0.0663317 0.0702698 0.0720917 0.0716808 0.0691543 0.0648351 0.0591742 0.0526517 0.0456995 0.0386668 0.0318221 0.0253736 0.0194923 0.014325 0.00998926 0.00655223 0.00400733
 0.0102969 0.015999 0.0227483 0.0301189 0.037788 0.0455458 0.0531363 0.0601319 0.0659752 0.0701267 0.0721921 0.0719944 0.0696054 0.0653292 0.0596267 0.0530077 0.0459407 0.0388055 0.0318872 0.0253958 0.0194949 0.0143212 0.00998401 0.00654665 0.00400157
