SBPRF35
7.78865
Curr Bio
623514
B35
708135
F35
0.22901
FOFL
0.201791
OFL
95181.9
Bzero
2.22533e+006
#pred survey bio
 4.55241e+006 4.26188e+006 3.99775e+006 3.69942e+006 3.38128e+006 3.04548e+006 2.73275e+006 2.41587e+006 2.11696e+006 1.86694e+006 1.63285e+006 1.48173e+006 1.31082e+006 1.16482e+006 1.01999e+006 905703 812927 750765 704562 667775 638723 611413 580807 574086 573325 574558 566476 562138 560092 565317 562865 557324 559001 555140 547436 538827 529974 524454 530797 540122 538675 553138 554890 551652 563517 569058 577378 586179 603777 609525 627433 622047 621681 2.19105e+007 1.36994e+007 1.4276e+007 1.48733e+007 1.5435e+007 1.59196e+007 1.63142e+007 1.66235e+007 1.68598e+007 1.70374e+007 1.71697e+007 1.72678e+007 1.73404e+007 1.73944e+007 1.74346e+007 1.74647e+007 1.74873e+007 1.75044e+007 1.75173e+007 1.75271e+007 1.75346e+007 1.75403e+007 1.75447e+007 1.75481e+007 1.75507e+007 1.75527e+007 1.75542e+007 1.75554e+007 1.75563e+007 1.7557e+007 1.75576e+007 1.7558e+007 1.75583e+007 1.75586e+007 1.75588e+007 1.75589e+007 1.7559e+007 1.75591e+007 1.75592e+007 1.75593e+007 1.75593e+007 1.75593e+007 1.75594e+007 1.75594e+007 1.75594e+007 1.75594e+007 1.75594e+007 1.75594e+007 1.75594e+007 1.75594e+007 1.75594e+007 1.75594e+007 1.75594e+007 1.75594e+007 1.75594e+007 1.75594e+007 1.75594e+007 1.75594e+007 1.75594e+007 1.75594e+007 1.75594e+007 1.75594e+007 1.75594e+007 1.75594e+007 1.75594e+007 1.75594e+007 1.75594e+007 1.75594e+007 1.75594e+007 1.75594e+007 1.75594e+007 1.75594e+007 1.75594e+007 1.75594e+007 1.75594e+007 1.75594e+007 1.75594e+007 1.75594e+007 1.75594e+007 1.75594e+007 1.75594e+007 1.75594e+007 1.75594e+007 1.75594e+007 1.75594e+007 1.75594e+007 1.75594e+007 1.75594e+007 1.75594e+007 1.75594e+007 1.75594e+007 1.75594e+007 1.75594e+007 1.75594e+007 1.75594e+007 1.75594e+007 1.75594e+007 1.75594e+007 1.75594e+007 1.75594e+007 0 0 0 0 0 0 0 0 0 0 0 0 0 0 0 0 0 0 0 0 0 0 0 0 0
#obs survey bio
 3.73868e+006 3.89347e+006 4.0605e+006 3.81248e+006 2.53884e+006 2.68338e+006 2.7593e+006 2.45567e+006 1.60569e+006 1.40701e+006 1.36954e+006 1.42586e+006 1.179e+006 822203 973185 682982 864627 586148 689418 500474 681763 567037 764256 568328 519033 401157 458035 685907 444276 460305 459141 619882 518470 580283 706371 563694 640177 584191 651590 541893 465574 597566 763447 591410 421188 622014 584297 715362 528704 609393 608441 758127 546445
#pred catch bio
 98413 95440.4 154378 203764 253712 266685 302565 315525 296798 303132 244532 271748 254524 254308 226033 204778 175775 159786 148743 138528 133097 131775 108863 103210 101798 109638 105328 102028 95462.8 101617 102582 93975.4 95538 94539.4 90906 89462.6 89383.4 83716.1 83940.9 93635.8 80591.6 91963.1 96293.6 84632 91660.5 90560.4 91844.1 86940.3 99541.3 91993.7 115203 116007 117717 95181.9 110623 114483 118391 122104 125247 127699 129509 130795 131683 132281 132677 132936 133103 133210 133278 133321 133348 133365 133376 133383 133387 133389 133391 133392 133392 133393 133393 133393 133393 133393 133393 133393 133393 133393 133393 133393 133393 133393 133393 133393 133393 133393 133393 133393 133393 133393 133393 133393 133393 133393 133393 133393 133393 133393 133393 133393 133393 133393 133393 133393 133393 133393 133393 133393 133393 133393 133393 133393 133393 133393 133393 133393 133393 133393 133393 133393 133393 133393 133393 133393 133393 133393 133393 133393 133393 133393 133393 133393 133393 133393 133393 133393 133393 133393 133393 133393 133393 133393 133393 0 0 0 0 0 0 0 0 0 0 0 0 0 0 0 0 0 0 0 0 0 0 0 0 0
#obs catch bio
 0 95133.2 154958 204685 256144 268747 306837 320257 301741 311257 249611 278892 260231 260574 229711 208484 177460 162037 150880 140370 134346 133282 109296 103903 102380 111088 106827 102586 96084.7 102665 104148 94691.4 96339 95003.2 90800.1 89236.9 89233.2 83468.3 83384.2 93001.1 79804.4 91290.9 95444.9 83935.1 91481 90172 91307.3 86479.2 99365.9 91540.3 114775 115429 117725
#pred cpue bio
 4.46914e+006 4.18156e+006 3.9195e+006 3.62237e+006 3.30622e+006 2.97261e+006 2.66178e+006 2.34725e+006 2.05076e+006 1.80259e+006 1.57073e+006 1.4211e+006 1.25311e+006 1.11009e+006 968775 857500 767388 707092 662457 627326 599900 574180 545141 538890 538163 539184 531319 527478 525902 531006 528739 523890 526342 523572 517244 509835 500846 493737 498575 507599 506582 520665 522356 519058 530172 535269 543149 551318 567828 572911 589670 583403 581105 2.04365e+007 1.27932e+007 1.33441e+007 1.39113e+007 1.44612e+007 1.49429e+007 1.5337e+007 1.56462e+007 1.58824e+007 1.606e+007 1.61923e+007 1.62904e+007 1.63631e+007 1.64171e+007 1.64573e+007 1.64873e+007 1.65099e+007 1.6527e+007 1.65399e+007 1.65497e+007 1.65572e+007 1.6563e+007 1.65674e+007 1.65707e+007 1.65733e+007 1.65753e+007 1.65769e+007 1.6578e+007 1.6579e+007 1.65797e+007 1.65802e+007 1.65806e+007 1.6581e+007 1.65812e+007 1.65814e+007 1.65816e+007 1.65817e+007 1.65818e+007 1.65818e+007 1.65819e+007 1.65819e+007 1.6582e+007 1.6582e+007 1.6582e+007 1.6582e+007 1.6582e+007 1.6582e+007 1.65821e+007 1.65821e+007 1.65821e+007 1.65821e+007 1.65821e+007 1.65821e+007 1.65821e+007 1.65821e+007 1.65821e+007 1.65821e+007 1.65821e+007 1.65821e+007 1.65821e+007 1.65821e+007 1.65821e+007 1.65821e+007 1.65821e+007 1.65821e+007 1.65821e+007 1.65821e+007 1.65821e+007 1.65821e+007 1.65821e+007 1.65821e+007 1.65821e+007 1.65821e+007 1.65821e+007 1.65821e+007 1.65821e+007 1.65821e+007 1.65821e+007 1.65821e+007 1.65821e+007 1.65821e+007 1.65821e+007 1.65821e+007 1.65821e+007 1.65821e+007 1.65821e+007 1.65821e+007 1.65821e+007 1.65821e+007 1.65821e+007 1.65821e+007 1.65821e+007 1.65821e+007 1.65821e+007 1.65821e+007 1.65821e+007 1.65821e+007 1.65821e+007 1.65821e+007 1.65821e+007 0 0 0 0 0 0 0 0 0 0 0 0 0 0 0 0 0 0 0 0 0 0 0 0 0
#obs cpue bio
 2.9898e+006 3.74836e+006 2.5264e+006 2.68191e+006 2.47235e+006 3.67425e+006 1.58718e+006 2.22719e+006 1.74768e+006 1.19097e+006 1.26169e+006 1.35822e+006 1.2267e+006 1.26151e+006 1.14411e+006 825209 855585 570082 538780 699807 601105 525687 467953 416114 551790 463284 465895 690311 483155 495940 399805 588013 519038 600539 605247 558707 429391 481375 577868 665688 673164 516408 499046 452284 529736 590526 695639 406996 631141 577793 734628 489284 488600
#pred surv len freq
 0.00461181 0.00744873 0.0111446 0.0156771 0.0209642 0.0268005 0.0328131 0.0385291 0.0435364 0.0476115 0.0507312 0.0530038 0.0545946 0.0556717 0.0563645 0.056738 0.0567902 0.0564623 0.0556314 0.0540754 0.0514508 0.0473642 0.0415789 0.0342705 0.0261356
 0.00496083 0.00793537 0.0117325 0.0162948 0.0215416 0.0273171 0.0333218 0.0391282 0.0442977 0.0485082 0.0516168 0.0536607 0.0548267 0.0553893 0.055622 0.0557112 0.0557078 0.055521 0.054928 0.0535853 0.0510634 0.0469564 0.0410849 0.0337083 0.0255804
 0.00508354 0.00817756 0.0121701 0.0170099 0.0225853 0.0286635 0.0348449 0.0406334 0.0456021 0.0495176 0.0523396 0.0541481 0.0550914 0.0553733 0.0552386 0.0549229 0.054578 0.0542011 0.0535908 0.052352 0.04997 0.0459764 0.040183 0.0328823 0.0248644
 0.0052596 0.00844811 0.0125532 0.017525 0.0232651 0.029561 0.0360208 0.0421176 0.0473449 0.0513671 0.0540726 0.0555461 0.0560109 0.0557641 0.0551096 0.0543031 0.0535104 0.0527642 0.0519107 0.0505792 0.0482386 0.0443768 0.0387665 0.0316813 0.0239034
 0.00549125 0.00881618 0.0130907 0.0182558 0.0241997 0.0306923 0.0373235 0.0435548 0.0488792 0.0529619 0.0556745 0.0570587 0.0572883 0.0566406 0.0554493 0.0540364 0.0526417 0.0513603 0.0500883 0.0484932 0.0460629 0.0422781 0.0368814 0.0301032 0.0226778
 0.00576012 0.00924635 0.0137256 0.0191325 0.0253433 0.0321066 0.0389791 0.0453827 0.0507781 0.0548186 0.0573859 0.058543 0.0584782 0.0574656 0.0558245 0.053872 0.0518719 0.0499754 0.0481527 0.0461453 0.0434976 0.039716 0.0345304 0.0281211 0.0211474
 0.00599377 0.00962654 0.0142992 0.0199451 0.0264332 0.0334935 0.0406495 0.0472812 0.0528088 0.0568578 0.0593 0.0602065 0.0597884 0.058348 0.0562255 0.053746 0.051176 0.0486826 0.0462811 0.0437863 0.0408241 0.0369622 0.0319447 0.02591 0.0194301
 0.00631431 0.0101306 0.0150274 0.0209275 0.0276885 0.0350266 0.0424439 0.0492889 0.0549468 0.0590113 0.0613344 0.0619828 0.0611807 0.0592579 0.0565884 0.0535263 0.0503569 0.0472623 0.0442848 0.0412915 0.0379841 0.0340043 0.0291324 0.023479 0.0175284
 0.00667953 0.010711 0.015876 0.0220847 0.0291758 0.036836 0.0445269 0.0515529 0.0572664 0.0612498 0.0633625 0.0636872 0.0624657 0.0600455 0.0568204 0.0531661 0.0493892 0.0456932 0.042149 0.0386698 0.0350242 0.0309251 0.026195 0.0209268 0.0155215
 0.00694604 0.0111484 0.0165424 0.0230381 0.030464 0.0384802 0.046502 0.0537777 0.0596102 0.0635542 0.0654671 0.0654517 0.0637826 0.0608435 0.0570589 0.0528256 0.0484645 0.0441937 0.0401084 0.036165 0.0321938 0.0279743 0.0233705 0.0184621 0.0135748
 0.00722326 0.0115938 0.0172043 0.0239616 0.0316871 0.040025 0.0483608 0.0558993 0.061895 0.0658601 0.0676266 0.0672957 0.0651667 0.0616676 0.0572734 0.0524238 0.0474673 0.0426384 0.0380491 0.0336866 0.0294309 0.0251183 0.0206495 0.0160924 0.0117034
 0.00730754 0.0117395 0.0174407 0.0243244 0.032215 0.0407525 0.0493093 0.0570707 0.0632682 0.0673895 0.069239 0.0688895 0.0666168 0.0628404 0.0580474 0.0527082 0.0472126 0.0418371 0.0367337 0.0319319 0.0273602 0.0229037 0.0184932 0.0141865 0.0101823
 0.00749297 0.0120403 0.0178925 0.0249613 0.033064 0.041825 0.0505907 0.0585138 0.0647969 0.0689113 0.0706597 0.0701247 0.0675974 0.0635105 0.0583606 0.0526246 0.0467023 0.0408884 0.0353648 0.0302012 0.0253745 0.0208158 0.0164829 0.0124227 0.00878111
 0.00763438 0.0122739 0.0182515 0.0254802 0.0337736 0.0427428 0.0517097 0.0597953 0.0661723 0.0702904 0.0719448 0.0712239 0.0684364 0.0640395 0.0585529 0.0524696 0.0461971 0.0400361 0.0341811 0.0287287 0.023695 0.0190531 0.014786 0.0109337 0.00759799
 0.00789346 0.0126793 0.0188328 0.0262559 0.0347503 0.0439128 0.0530448 0.061241 0.0676466 0.0716918 0.0731658 0.0721677 0.0690316 0.06425 0.0583782 0.0519366 0.0453465 0.0389114 0.0328261 0.0271947 0.022053 0.0174004 0.0132383 0.00959996 0.00655091
 0.00809185 0.0129981 0.0193054 0.02691 0.0356018 0.0449571 0.0542477 0.0625372 0.0689487 0.0729068 0.0742089 0.0729694 0.0695397 0.0644314 0.0582217 0.0514542 0.0445704 0.0378872 0.031607 0.0258401 0.0206329 0.015998 0.0119446 0.00849754 0.00569226
 0.0083605 0.013406 0.0198665 0.0276203 0.0364445 0.045909 0.0552815 0.0636164 0.0700224 0.0739092 0.0750664 0.0736129 0.0699171 0.0645148 0.0580077 0.0509593 0.0438255 0.0369341 0.0304959 0.0246291 0.0193881 0.0147926 0.0108525 0.00758089 0.00498682
 0.00844602 0.0135556 0.0201099 0.0279891 0.0369611 0.0465733 0.0560603 0.0644474 0.0708328 0.0746382 0.0756768 0.0740865 0.0702417 0.0646749 0.0579852 0.0507405 0.0434089 0.0363338 0.0297419 0.0237662 0.0184733 0.0138906 0.0100279 0.00688628 0.00445199
 0.00844272 0.0135558 0.0201219 0.0280278 0.0370488 0.046738 0.05633 0.0648397 0.0713423 0.0752297 0.0762901 0.0746533 0.0707052 0.065 0.0581562 0.0507525 0.0432614 0.0360314 0.0292991 0.0232114 0.0178497 0.013252 0.00942999 0.00637546 0.00405559
 0.00843688 0.0135444 0.0201017 0.0279958 0.0370053 0.0466903 0.0562953 0.0648454 0.0714204 0.0754067 0.0765751 0.0750298 0.0711313 0.0654187 0.0585109 0.0509995 0.0433751 0.0360032 0.0291347 0.0229299 0.0174835 0.0128442 0.00902772 0.00602014 0.00377392
 0.00844091 0.0135462 0.0200957 0.0279735 0.0369577 0.0466108 0.0561848 0.0647145 0.0712911 0.0753101 0.0765458 0.0750963 0.0713051 0.0656867 0.0588354 0.0513277 0.043653 0.0361887 0.0292051 0.0228839 0.0173392 0.0126342 0.00879149 0.00579514 0.003587
 0.00848308 0.013608 0.0201756 0.028065 0.0370494 0.0466886 0.0562337 0.0647217 0.07125 0.0752242 0.0764315 0.0749813 0.0712219 0.0656624 0.0588818 0.0514353 0.0437929 0.0363216 0.029294 0.0229053 0.0172884 0.012525 0.0086497 0.00564941 0.00346023
 0.00871415 0.0139463 0.0206153 0.0285757 0.0375837 0.0471951 0.0566669 0.0650461 0.0714392 0.0752625 0.0763171 0.0747297 0.0708669 0.0652515 0.0584666 0.0510593 0.0434812 0.0360768 0.0291006 0.0227401 0.0171323 0.0123699 0.00849927 0.00551398 0.00334992
 0.00882188 0.0141054 0.0208236 0.0288177 0.0378313 0.0474109 0.0568109 0.0650846 0.071357 0.0750717 0.0760561 0.0744503 0.0706159 0.0650584 0.0583416 0.0509988 0.0434746 0.0361091 0.0291531 0.0227925 0.0171671 0.0123778 0.00848112 0.00547883 0.00330975
 0.00890459 0.0142301 0.0209928 0.0290258 0.0380646 0.0476482 0.0570241 0.0652411 0.0714254 0.075031 0.0759045 0.0742098 0.0703277 0.0647714 0.0580979 0.0508237 0.0433736 0.0360718 0.0291604 0.0228224 0.0171999 0.0123997 0.00848666 0.00546999 0.00329294
 0.00879653 0.0140877 0.0208395 0.0289033 0.0380195 0.0477127 0.0571998 0.0654964 0.071707 0.0752817 0.0760791 0.0742839 0.0703003 0.0646628 0.057943 0.050662 0.0432376 0.0359798 0.0291144 0.0228122 0.0172096 0.0124144 0.00849665 0.00547186 0.00328825
 0.00864606 0.0138697 0.0205626 0.0285971 0.0377324 0.0475035 0.0571262 0.0656001 0.0719968 0.0757217 0.0765918 0.0747712 0.0706756 0.0648764 0.0579916 0.0505796 0.0430778 0.035796 0.0289466 0.022681 0.0171186 0.0123562 0.0084605 0.00544865 0.00327234
 0.00870231 0.0139209 0.0205669 0.0284954 0.0374697 0.0470609 0.0565456 0.0649832 0.0714755 0.0754126 0.0765574 0.0750028 0.0711019 0.0653918 0.0584914 0.0509894 0.0433669 0.0359728 0.0290412 0.0227277 0.017143 0.0123723 0.00847292 0.00545768 0.00327769
 0.00880323 0.0140733 0.0207717 0.028738 0.0377147 0.0472503 0.0566056 0.064847 0.0711169 0.0748739 0.0759492 0.0744674 0.0707575 0.065289 0.0586034 0.0512368 0.0436575 0.0362354 0.0292407 0.0228608 0.0172244 0.01242 0.00850103 0.00547447 0.00328745
 0.00867962 0.0139033 0.020573 0.0285457 0.0375702 0.0471833 0.056618 0.064907 0.0711685 0.0748578 0.0758289 0.0742517 0.0705039 0.0650833 0.0585219 0.0513127 0.0438699 0.0365255 0.029542 0.0231239 0.0174266 0.0125611 0.0085924 0.00553013 0.00331943
 0.00845999 0.0135828 0.0201597 0.0280748 0.037099 0.0467793 0.0563457 0.0648134 0.0712682 0.0751214 0.0761856 0.07461 0.0707866 0.0652568 0.0586053 0.0513598 0.0439361 0.0366407 0.0297018 0.0233013 0.0175909 0.0126925 0.00868523 0.00558922 0.00335375
 0.00833421 0.0133747 0.019842 0.0276253 0.0365126 0.0460829 0.0556087 0.0641419 0.0707783 0.0749021 0.0762676 0.074957 0.07131 0.0658475 0.0591693 0.0518428 0.044329 0.0369635 0.02998 0.0235488 0.017807 0.0128694 0.00881762 0.00567898 0.0034088
 0.00812744 0.0130567 0.0193966 0.0270474 0.0358064 0.0452611 0.054697 0.0631898 0.0698669 0.0741413 0.0757755 0.0748258 0.0715722 0.0664601 0.0600261 0.0528103 0.0452862 0.0378291 0.0307165 0.02415 0.0182815 0.0132294 0.00907677 0.00585321 0.0035168
 0.00787519 0.0126752 0.0188756 0.0263969 0.0350533 0.044443 0.0538578 0.0623767 0.0691281 0.0735236 0.0753252 0.0745905 0.0715966 0.0667716 0.0606158 0.0536224 0.046227 0.0387918 0.0316103 0.0249165 0.0188965 0.0136944 0.00940804 0.00607429 0.00365378
 0.00791186 0.0126889 0.018813 0.0261834 0.034617 0.0437496 0.0529382 0.0613279 0.0680835 0.0726108 0.0746344 0.0741669 0.0714514 0.0668982 0.0609971 0.0542277 0.0470046 0.0396676 0.0324979 0.0257363 0.0195919 0.0142392 0.00980348 0.0063402 0.00381891
 0.00863835 0.013721 0.0200871 0.0275379 0.0358267 0.044589 0.0532416 0.0610247 0.0672088 0.0712963 0.0730814 0.0725996 0.0700645 0.0658196 0.0602802 0.0538666 0.046955 0.0398621 0.0328558 0.0261727 0.0200306 0.0146244 0.0101056 0.00655419 0.00395637
 0.00924559 0.0146921 0.0215096 0.0294581 0.0382115 0.0472818 0.0559391 0.0633142 0.0686769 0.0716674 0.0723109 0.070875 0.0677255 0.0632468 0.057802 0.0517085 0.0452307 0.0385929 0.0319991 0.0256507 0.0197525 0.0145037 0.0100724 0.00655986 0.00397305
 0.00909532 0.0145563 0.0215074 0.0297712 0.0390411 0.0487727 0.0581028 0.0659848 0.0715207 0.0742449 0.0741795 0.0717082 0.0674081 0.0619042 0.0557465 0.04933 0.0428853 0.0365314 0.0303481 0.0244318 0.0189186 0.0139741 0.00976033 0.00638958 0.00388712
 0.00873724 0.014006 0.0207467 0.0288261 0.0380016 0.0478087 0.057458 0.0659285 0.0722525 0.0757893 0.0763315 0.074071 0.0695148 0.0633684 0.0563758 0.0491598 0.0421285 0.0354781 0.0292652 0.0235 0.0182178 0.0135049 0.00947849 0.00623746 0.00381353
 0.00861491 0.013785 0.0203738 0.0282416 0.0371577 0.0467017 0.0561617 0.0646108 0.0711595 0.0751918 0.0764416 0.0749564 0.0710471 0.0652426 0.0582055 0.0506089 0.0430163 0.0358099 0.0291857 0.0232058 0.0178785 0.0132226 0.00928805 0.00612991 0.00376269
 0.00871723 0.0139331 0.0205602 0.0284402 0.0373218 0.046766 0.0560528 0.0642687 0.0705714 0.0744235 0.0756461 0.0743405 0.0708005 0.0654568 0.0588257 0.0514486 0.0438339 0.0364071 0.0294756 0.0232198 0.0177202 0.013006 0.00909319 0.00599112 0.00368003
 0.00863098 0.0138056 0.0203915 0.0282372 0.0370939 0.0465186 0.0557817 0.0639596 0.0702059 0.0739917 0.0751647 0.0738682 0.0704385 0.0653231 0.0590069 0.0519514 0.044567 0.0372116 0.0301891 0.0237382 0.018023 0.0131377 0.00912332 0.00597934 0.0036612
 0.0087021 0.0139083 0.0205225 0.0283858 0.0372462 0.0466622 0.0559079 0.0640604 0.0702663 0.0739858 0.0750602 0.0736416 0.0700962 0.0649153 0.0586212 0.0516834 0.0444784 0.0373006 0.0303927 0.0239664 0.0182022 0.013237 0.00915257 0.00596787 0.00363684
 0.00886814 0.0141594 0.0208646 0.0288102 0.0377297 0.0471699 0.056396 0.0644807 0.0705739 0.0741473 0.075058 0.0734728 0.0697704 0.0644569 0.0580752 0.0511163 0.0439662 0.0369044 0.0301363 0.0238309 0.0181423 0.0132068 0.0091244 0.00593501 0.00360429
 0.00876795 0.0140229 0.0207075 0.0286629 0.037628 0.0471402 0.0564446 0.0645922 0.07072 0.074299 0.0751938 0.0735801 0.0698417 0.0644863 0.0580594 0.0510599 0.0438861 0.0368275 0.0300888 0.0238252 0.0181716 0.0132518 0.00916531 0.00596134 0.00361581
 0.00878273 0.0140354 0.0207066 0.028635 0.0375655 0.0470521 0.0563607 0.0645551 0.0707649 0.0744338 0.0753922 0.073793 0.0700186 0.0645932 0.0580852 0.0510123 0.0437856 0.0367009 0.0299637 0.0237235 0.0181037 0.0132156 0.00915052 0.00595657 0.00361359
 0.00888061 0.0141736 0.0208752 0.0288097 0.0377122 0.0471363 0.0563584 0.0644618 0.0706006 0.0742407 0.075222 0.0736874 0.0699923 0.0646297 0.0581484 0.0510652 0.0438052 0.0366832 0.0299193 0.0236697 0.0180559 0.013182 0.00913172 0.00594821 0.00361053
 0.00895103 0.014288 0.0210459 0.0290445 0.0380087 0.0474748 0.0566977 0.0647448 0.0707703 0.0742615 0.0750954 0.0734515 0.0697065 0.0643519 0.0579155 0.0508864 0.0436685 0.0365698 0.029816 0.0235733 0.0179708 0.0131139 0.00908308 0.00591732 0.0035929
 0.00890582 0.0142227 0.0209633 0.0289541 0.0379257 0.0474173 0.0566825 0.0647812 0.0708545 0.0743736 0.075204 0.0735264 0.0697326 0.0643356 0.0578796 0.0508566 0.0436601 0.0365827 0.02984 0.0235966 0.0179867 0.0131217 0.00908579 0.00591794 0.00359316
 0.00900955 0.014377 0.021169 0.029203 0.0382035 0.0477086 0.0569734 0.0650591 0.0711055 0.07458 0.0753439 0.0735767 0.0696756 0.0641672 0.0576154 0.0505301 0.0433137 0.0362552 0.0295567 0.0233676 0.0178105 0.0129918 0.00899433 0.0058572 0.00355567
 0.00924314 0.0147069 0.0215732 0.0296292 0.0385837 0.0479824 0.0571083 0.0650571 0.0709961 0.0744071 0.0751517 0.0733978 0.0695235 0.0640368 0.0574897 0.0503926 0.0431579 0.0360877 0.0293919 0.0232202 0.0176898 0.0129003 0.0089295 0.00581421 0.00352912
 0.00970674 0.0154252 0.0225848 0.0309371 0.0401447 0.0496978 0.0588208 0.0665668 0.0721044 0.0749727 0.0751297 0.0728425 0.0685579 0.0628099 0.0561414 0.0490344 0.0418692 0.0349205 0.0283788 0.0223787 0.0170242 0.012402 0.00857851 0.00558316 0.00338791
 0.0094909 0.0151832 0.0224208 0.0310131 0.040634 0.050712 0.0603458 0.0684451 0.0740732 0.0767358 0.0764317 0.0735224 0.0685743 0.0622341 0.0551238 0.047757 0.0405024 0.0335969 0.0271869 0.0213678 0.0162136 0.0117885 0.00814247 0.00529398 0.0032102
#obs surv len freq
 nan nan nan nan nan nan nan nan nan nan nan nan nan nan nan nan nan nan nan nan nan nan nan nan nan
 0.00448659 0.00734893 0.01118 0.0159974 0.0216989 0.0279748 0.034289 0.0400198 0.0446984 0.0481608 0.0505171 0.0520112 0.0529018 0.0534128 0.0537259 0.0539799 0.0542578 0.0545501 0.0546886 0.0542804 0.0527185 0.049351 0.0438013 0.0362822 0.0276668
 0.00461474 0.00755986 0.0115019 0.016457 0.022315 0.0287478 0.0351911 0.0409923 0.0456601 0.0490244 0.0512057 0.0524697 0.0531023 0.0533543 0.0534303 0.0534841 0.0536052 0.0537832 0.0538463 0.0533998 0.0518383 0.0485142 0.0430526 0.0356593 0.0271907
 0.00477804 0.00782678 0.0119064 0.0170317 0.0230854 0.029722 0.0363483 0.0422781 0.0469904 0.0502983 0.0523205 0.0533341 0.0536464 0.0535376 0.0532447 0.0529518 0.0527718 0.0527085 0.052597 0.0520461 0.0504558 0.0471835 0.0418538 0.0346585 0.0264244
 0.00497004 0.00814008 0.0123801 0.0177033 0.0239834 0.0308554 0.0376949 0.0437795 0.0485593 0.0518329 0.0537177 0.0544977 0.0544914 0.0539957 0.0532707 0.0525307 0.0519208 0.0514763 0.051059 0.0502998 0.0486166 0.0453786 0.0402087 0.0332758 0.0253617
 0.00518706 0.00849626 0.0129224 0.0184773 0.0250246 0.032175 0.0392651 0.0455293 0.0503845 0.053616 0.0553461 0.0558731 0.0555311 0.0546307 0.0534464 0.05221 0.0510914 0.0501586 0.0493131 0.0482291 0.046365 0.0431188 0.0381178 0.0315014 0.0239898
 0.00540935 0.00885988 0.0134741 0.0192629 0.0260808 0.0335169 0.0408719 0.047338 0.0522967 0.0555152 0.0571149 0.0574043 0.0567332 0.0554285 0.0537795 0.0520316 0.0503713 0.0488927 0.0475372 0.0460331 0.043899 0.0405825 0.0357288 0.0294485 0.0223892
 0.00564604 0.00924827 0.0140653 0.0201068 0.0272165 0.0349576 0.0425898 0.0492589 0.0543118 0.0575014 0.0589546 0.058995 0.057989 0.0562782 0.0541639 0.0519019 0.0496905 0.0476427 0.0457351 0.0437518 0.0412824 0.0378412 0.033107 0.0271687 0.0205958
 0.00588343 0.00963849 0.0146607 0.0209591 0.0283673 0.0364224 0.0443422 0.0512242 0.0563771 0.0595374 0.0608365 0.0606154 0.0592619 0.0571374 0.0545581 0.051789 0.0490353 0.0464226 0.0439554 0.0414702 0.0386301 0.0350254 0.0303813 0.0247736 0.0186956
 0.00614075 0.0100571 0.0152915 0.0218497 0.029554 0.0379159 0.0461132 0.0531975 0.0584408 0.0615636 0.0627011 0.0622107 0.060502 0.0579577 0.0549122 0.0516426 0.0483618 0.0452037 0.0421947 0.039216 0.0360009 0.0322174 0.0276436 0.0223507 0.0167605
 0.0063747 0.0104422 0.0158796 0.022692 0.0306901 0.0393582 0.0478303 0.05511 0.0604337 0.0635095 0.0644813 0.0637261 0.0616749 0.0587295 0.0552399 0.0514946 0.0477144 0.0440423 0.0405236 0.0370788 0.0335042 0.0295415 0.0250223 0.0200185 0.014888
 0.00660716 0.0108246 0.0164635 0.023528 0.031818 0.040791 0.0495374 0.0570114 0.0624109 0.0654283 0.0662151 0.0651707 0.0627539 0.0593935 0.0554602 0.0512555 0.0470065 0.0428618 0.0388804 0.0350158 0.0311192 0.0269986 0.0225357 0.0178051 0.0131078
 0.00683604 0.0111983 0.0170289 0.0243299 0.0328905 0.0421439 0.0511422 0.0587952 0.0642658 0.0672307 0.0678452 0.0665262 0.0637565 0.0599907 0.0556236 0.0509751 0.0462832 0.0417039 0.037308 0.0330749 0.0289012 0.0246513 0.0202498 0.0157742 0.0114748
 0.00706335 0.0115719 0.0175984 0.0251428 0.033982 0.0435199 0.0527643 0.0605765 0.0660851 0.0689577 0.0693631 0.0677439 0.0646107 0.0604432 0.055657 0.0505882 0.045486 0.0405147 0.0357564 0.0312122 0.0268157 0.0224764 0.0181534 0.0139241 0.00999319
 0.00725511 0.0118902 0.0180895 0.0258538 0.0349505 0.044759 0.0542459 0.0622258 0.0677906 0.070592 0.070806 0.0688972 0.065406 0.0608426 0.0556488 0.0501798 0.0446968 0.039372 0.0342971 0.0294914 0.0249181 0.0205222 0.0162882 0.0122899 0.00869133
 0.00742523 0.0121676 0.0185087 0.0264481 0.0357465 0.045767 0.0554496 0.0635762 0.0692099 0.0719857 0.0720753 0.0699515 0.0661708 0.0612665 0.0557056 0.0498667 0.0440292 0.0383788 0.0330193 0.0279864 0.023267 0.0188328 0.0146862 0.0108945 0.00758481
 0.00754051 0.012353 0.0187842 0.026832 0.0362532 0.0464034 0.0562102 0.0644407 0.0701442 0.0729452 0.0730089 0.0708027 0.0668802 0.0617754 0.0559636 0.049838 0.0436975 0.0377488 0.0321174 0.0268616 0.0219928 0.017506 0.0134162 0.00978289 0.00670144
 0.00759882 0.012449 0.0189311 0.027043 0.0365395 0.0467709 0.056656 0.0649529 0.0707043 0.0735331 0.0736047 0.0713844 0.0674199 0.0622363 0.0563006 0.0500036 0.0436505 0.0374639 0.0315923 0.0261226 0.0210958 0.0165322 0.0124603 0.00893365 0.00602046
 0.0076624 0.0125424 0.0190537 0.027189 0.0367013 0.046944 0.0568424 0.06516 0.0709415 0.0738067 0.073915 0.0717249 0.0677767 0.0625877 0.0566159 0.0502435 0.0437712 0.0374251 0.0313687 0.0257136 0.0205318 0.0158727 0.0117824 0.00831343 0.00551372
 0.00772594 0.0126416 0.0191948 0.0273733 0.0369237 0.047191 0.0570926 0.0653884 0.0711279 0.0739447 0.0740149 0.0718082 0.0678653 0.0626937 0.056736 0.0503583 0.0438487 0.0374272 0.0312612 0.0254777 0.0201739 0.0154271 0.011304 0.0078624 0.00513751
 0.0077602 0.0126945 0.0192691 0.0274701 0.0370416 0.047327 0.0572407 0.0655393 0.0712695 0.0740649 0.0741054 0.0718689 0.0679054 0.0627279 0.0567772 0.0504102 0.0439006 0.0374553 0.0312352 0.0253724 0.0199801 0.0151586 0.0109951 0.00755686 0.00487389
 0.00781342 0.0127742 0.0193764 0.0276012 0.0371892 0.0474814 0.0573919 0.0656775 0.0713862 0.0741536 0.0741626 0.0718942 0.0679018 0.0627022 0.0567394 0.0503703 0.0438636 0.0374168 0.0311812 0.0252845 0.0198453 0.0149775 0.0107846 0.00734438 0.00468673
 0.00785386 0.0128338 0.0194545 0.027693 0.0372864 0.0475747 0.0574726 0.0657391 0.0714258 0.0741726 0.074166 0.0718887 0.0678932 0.0626936 0.0567318 0.0503633 0.0438565 0.0374066 0.0311612 0.0252446 0.0197761 0.0148764 0.0106593 0.00721142 0.00456486
 0.00785811 0.0128425 0.0194707 0.0277198 0.0373258 0.0476251 0.057528 0.06579 0.0714626 0.0741898 0.0741647 0.0718757 0.0678775 0.0626831 0.0567305 0.0503713 0.0438703 0.0374208 0.031169 0.0252384 0.0197493 0.0148263 0.0105897 0.00713228 0.00448875
 0.00787383 0.0128613 0.0194869 0.0277248 0.0373114 0.0475881 0.0574735 0.0657303 0.0714116 0.0741573 0.0741534 0.0718824 0.0678971 0.062712 0.0567671 0.0504147 0.0439185 0.0374697 0.0312125 0.0252697 0.0197624 0.0148185 0.010563 0.00709338 0.00444663
 0.0078903 0.0128865 0.0195212 0.0277665 0.0373558 0.047627 0.0574963 0.0657268 0.0713772 0.0740965 0.0740792 0.0718116 0.0678436 0.0626824 0.056761 0.0504276 0.0439446 0.0375031 0.0312471 0.0252993 0.0197815 0.0148235 0.0105542 0.00707426 0.00442309
 0.00789461 0.0128899 0.0195198 0.0277548 0.0373285 0.0475817 0.057435 0.0656556 0.0713039 0.0740276 0.0740195 0.0717654 0.0678159 0.0626783 0.0567834 0.050475 0.0440114 0.0375806 0.031326 0.025371 0.0198395 0.014864 0.0105766 0.00708161 0.00442046
 0.00788276 0.0128719 0.0194949 0.0277227 0.0372888 0.0475335 0.0573769 0.0655874 0.071228 0.07395 0.0739492 0.0717115 0.0677854 0.0626748 0.0568074 0.0505245 0.0440818 0.0376652 0.0314163 0.0254579 0.0199148 0.0149225 0.0106165 0.00710457 0.00443068
 0.00786526 0.0128399 0.0194406 0.0276376 0.0371666 0.0473748 0.0571923 0.0653963 0.0710536 0.0738125 0.0738607 0.0716761 0.0678009 0.0627356 0.0569059 0.0506519 0.0442286 0.0378214 0.0315715 0.0256024 0.0200402 0.0150229 0.01069 0.00715317 0.00445919
 0.00785972 0.0128285 0.0194188 0.0275991 0.0371043 0.0472824 0.0570672 0.0652419 0.0708807 0.0736388 0.0737078 0.0715641 0.0677436 0.0627376 0.056963 0.050754 0.0443627 0.0379738 0.0317293 0.0257535 0.0201747 0.0151339 0.0107742 0.0072113 0.00449545
 0.00785576 0.0128182 0.0193961 0.0275561 0.037033 0.047178 0.0569303 0.0650799 0.0707057 0.0734656 0.0735518 0.0714403 0.0676655 0.0627147 0.0569989 0.0508447 0.0444975 0.0381377 0.0319056 0.0259267 0.0203317 0.0152654 0.0108758 0.00728326 0.0045418
 0.00782228 0.012768 0.0193284 0.0274722 0.0369355 0.0470687 0.0568101 0.0649495 0.0705682 0.0733277 0.073424 0.0713353 0.0675957 0.0626898 0.0570243 0.0509208 0.044619 0.0382939 0.0320817 0.0261062 0.0204993 0.0154093 0.0109893 0.00736519 0.00459568
 0.00779667 0.0127234 0.019256 0.0273633 0.0367844 0.0468779 0.0565928 0.0647281 0.0703679 0.0731683 0.0733153 0.0712779 0.0675857 0.0627232 0.0570986 0.0510339 0.0447672 0.0384703 0.0322753 0.026303 0.0206845 0.0155703 0.011118 0.00745941 0.00465853
 0.00775854 0.0126613 0.0191624 0.027231 0.0366083 0.0466569 0.0563334 0.0644465 0.0700888 0.0729214 0.0731287 0.0711717 0.0675674 0.0627877 0.0572321 0.0512194 0.0449883 0.0387125 0.0325252 0.026547 0.020909 0.0157634 0.0112721 0.00757259 0.00473447
 0.00774364 0.0126336 0.0191145 0.0271537 0.0364929 0.0464986 0.0561344 0.0642168 0.0698452 0.0726843 0.0729196 0.0710112 0.0674726 0.0627695 0.0572919 0.0513492 0.045173 0.0389334 0.0327632 0.0267845 0.0211303 0.0159559 0.0114274 0.00768798 0.00481283
 0.00932419 0.0148455 0.0217825 0.0298939 0.0388242 0.04802 0.0566664 0.0638282 0.068772 0.0712098 0.0712871 0.0693903 0.0659657 0.0614317 0.0561486 0.0504061 0.0444226 0.0383588 0.0323415 0.0264899 0.0209365 0.0158375 0.0113617 0.00765577 0.00479953
 0.00930105 0.0151033 0.0226913 0.0319133 0.0423032 0.0529273 0.0624183 0.0693839 0.0730027 0.0733436 0.0711631 0.067402 0.0627886 0.0577339 0.0524257 0.0469525 0.0413794 0.0357745 0.0302161 0.0247981 0.019639 0.0148853 0.0106984 0.00722123 0.00453422
 0.00897203 0.0145834 0.0219586 0.0310148 0.0414093 0.0523696 0.062651 0.0708214 0.0757713 0.0770966 0.0751226 0.0706544 0.0646658 0.0580457 0.05143 0.0451422 0.0392492 0.0336861 0.0283734 0.023284 0.0184632 0.0140192 0.0100954 0.00682687 0.00429397
 0.0087833 0.0142695 0.0214739 0.0303154 0.0404702 0.051216 0.0613991 0.0697068 0.0751312 0.0772777 0.0763262 0.0727892 0.0673135 0.0605959 0.0533275 0.0460987 0.0393021 0.033099 0.0274744 0.0223412 0.0176376 0.0133761 0.0096376 0.00652619 0.00411149
 0.00873362 0.014178 0.0213154 0.0300575 0.040078 0.0506621 0.0606775 0.0688498 0.0742262 0.076478 0.0758405 0.0728298 0.0680045 0.061882 0.0549505 0.0476807 0.0404997 0.0337366 0.0275791 0.0220793 0.0172105 0.0129415 0.00928183 0.00627437 0.00395279
 0.00867825 0.0140895 0.0211845 0.0298749 0.0398339 0.0503464 0.0602815 0.0683705 0.0736729 0.0758824 0.0752682 0.0723855 0.067819 0.0620705 0.0555517 0.0486115 0.041564 0.0346979 0.0282583 0.0224172 0.017263 0.0128238 0.00910584 0.00611297 0.00383571
 0.00869442 0.0141093 0.0212022 0.0298805 0.0398149 0.0502907 0.0601796 0.0682153 0.0734589 0.0756068 0.0749358 0.0720195 0.0674697 0.0618159 0.0554777 0.0487747 0.0419543 0.0352272 0.0287923 0.0228333 0.0175001 0.0128939 0.009067 0.00603053 0.00375539
 0.00870118 0.0141237 0.0212294 0.0299261 0.0398815 0.0503736 0.0602641 0.0682783 0.0734749 0.0755555 0.0748076 0.0718179 0.0672132 0.0615396 0.055233 0.0486203 0.041935 0.0353507 0.029018 0.0230878 0.0177105 0.0130191 0.00910745 0.00601456 0.00371691
 0.00864327 0.0140397 0.0211223 0.029806 0.0397638 0.0502754 0.0601999 0.0682563 0.0734941 0.0756038 0.0748643 0.0718589 0.0672197 0.0615052 0.055169 0.0485541 0.0419024 0.0353811 0.0291189 0.0232387 0.0178718 0.0131517 0.00919035 0.0060495 0.00371993
 0.00864161 0.0140268 0.0210848 0.0297271 0.0396302 0.0500866 0.0599748 0.0680313 0.0733117 0.0754966 0.0748439 0.0719138 0.0673219 0.0616225 0.0552756 0.0486394 0.0419722 0.035452 0.0292073 0.0233493 0.0179943 0.0132662 0.00927888 0.00610479 0.00374623
 0.00863636 0.0140222 0.0210841 0.0297337 0.0396438 0.0500994 0.0599709 0.0679922 0.0732267 0.0753723 0.0747049 0.0717929 0.0672453 0.0615992 0.0552968 0.0486864 0.0420283 0.0355094 0.0292672 0.0234158 0.0180672 0.013339 0.00934186 0.00615062 0.0037736
 0.00865294 0.0140454 0.0211126 0.0297642 0.0396731 0.0501257 0.0599942 0.068012 0.0732384 0.075367 0.0746725 0.0717298 0.0671594 0.0615082 0.0552201 0.0486366 0.0420072 0.0355116 0.0292855 0.023445 0.0181039 0.013379 0.00937975 0.00618136 0.0037946
 0.00863121 0.014016 0.0210789 0.0297329 0.0396512 0.0501176 0.0599995 0.0680259 0.0732549 0.0753811 0.0746812 0.0717307 0.0671503 0.0614886 0.0551936 0.0486107 0.0419905 0.0355095 0.0292988 0.0234706 0.0181368 0.0134142 0.00941272 0.00620849 0.00381412
 0.00862139 0.0139994 0.0210532 0.0296963 0.0396044 0.0500649 0.0599496 0.0679896 0.0732411 0.0753923 0.0747122 0.0717713 0.0671895 0.0615183 0.0552105 0.0486161 0.0419892 0.035508 0.0293025 0.0234823 0.0181557 0.0134374 0.00943618 0.00622894 0.00382962
 0.0086067 0.0139753 0.0210165 0.0296441 0.0395349 0.0499787 0.0598512 0.0678885 0.0731502 0.0753258 0.0746811 0.0717802 0.0672347 0.061589 0.0552929 0.0486978 0.0420624 0.03557 0.0293547 0.0235275 0.0181961 0.0134735 0.00946714 0.00625362 0.00384752
 0.0086067 0.0139753 0.0210165 0.0296441 0.0395349 0.0499787 0.0598512 0.0678885 0.0731502 0.0753258 0.0746811 0.0717802 0.0672347 0.061589 0.0552929 0.0486978 0.0420624 0.03557 0.0293547 0.0235275 0.0181961 0.0134735 0.00946714 0.00625362 0.00384752
 0.00884247 0.014346 0.0215491 0.0303503 0.0404027 0.050964 0.0608711 0.068828 0.0738861 0.0757598 0.0747669 0.0715305 0.0667094 0.0608742 0.0544784 0.0478618 0.0412638 0.0348481 0.0287326 0.0230156 0.0177953 0.0131766 0.00926057 0.00611958 0.00376698
 0.00900053 0.0146228 0.0220006 0.031036 0.0413662 0.0522041 0.0623173 0.0703387 0.075276 0.0768465 0.0754137 0.0716719 0.0663563 0.0601021 0.0534058 0.0466237 0.0399866 0.0336333 0.0276497 0.0221038 0.0170686 0.0126293 0.00887314 0.00586351 0.0036101
#pred catch len freq
 0.00341511 0.0054558 0.00806642 0.01124 0.0149976 0.0193631 0.0242983 0.029665 0.0352414 0.0407657 0.0459767 0.0506508 0.054634 0.0578513 0.0602887 0.0619622 0.0628932 0.0630855 0.0624848 0.0609164 0.0580504 0.0534818 0.0469672 0.0387186 0.0295303
 0.00369246 0.0058465 0.00854721 0.0117626 0.0155166 0.0198714 0.0248434 0.0303228 0.0360568 0.0416936 0.0468665 0.0512916 0.054838 0.0575354 0.0595126 0.0609099 0.0618051 0.0621694 0.0618404 0.0605099 0.0577524 0.0531487 0.0465203 0.0381745 0.028972
 0.00382163 0.00608003 0.00893818 0.0123645 0.0163595 0.0209332 0.0260374 0.0315228 0.0371518 0.0426351 0.0476655 0.0519618 0.055335 0.0577465 0.0593146 0.0602527 0.0607608 0.0609102 0.0605608 0.0593434 0.0567341 0.0522412 0.0456755 0.0373834 0.0282703
 0.00400108 0.00635588 0.00932851 0.0128881 0.0170467 0.0218331 0.0272059 0.0329866 0.0388637 0.0444531 0.0493826 0.0533755 0.056309 0.0582229 0.0592815 0.0597129 0.0597373 0.0594757 0.05885 0.0575228 0.0549513 0.0505931 0.0442139 0.0361395 0.0272693
 0.004232 0.00671741 0.00984698 0.0135798 0.0179179 0.022882 0.0284253 0.0343681 0.0403992 0.0461245 0.0511353 0.0550924 0.0578111 0.0593098 0.0597892 0.0595546 0.0589101 0.0580482 0.0569486 0.0553184 0.0526368 0.0483529 0.0421976 0.0344486 0.0259535
 0.00448937 0.00712326 0.0104357 0.0143782 0.0189453 0.0241467 0.0299176 0.036052 0.0422106 0.0479797 0.0529439 0.0567654 0.0592568 0.0604216 0.0604414 0.05962 0.0582962 0.0567332 0.055 0.0528899 0.0499459 0.0456449 0.039702 0.0323391 0.0243216
 0.0047446 0.00752908 0.0110309 0.0151971 0.0200162 0.0254888 0.0315312 0.0379078 0.044243 0.0500872 0.0549992 0.0586322 0.0608089 0.0615543 0.0610704 0.0596714 0.0577038 0.0554551 0.0530507 0.0503707 0.0470523 0.0426417 0.0368698 0.0299109 0.0224326
 0.00507465 0.00804225 0.0117617 0.0161674 0.0212396 0.0269733 0.0332758 0.0398908 0.0464095 0.052343 0.0572138 0.0606525 0.0624812 0.0627459 0.0616828 0.0596404 0.0569919 0.0540479 0.0509699 0.0477016 0.0439685 0.0394014 0.0337725 0.0272247 0.0203268
 0.00543108 0.00860124 0.0125659 0.0172462 0.0226085 0.0286321 0.0352027 0.0420353 0.0486911 0.0546562 0.0594355 0.0626494 0.0641186 0.0638991 0.0622491 0.0595474 0.0561997 0.0525493 0.048797 0.0449436 0.0407928 0.0360576 0.0305585 0.0244186 0.0181135
 0.0057399 0.00909428 0.0132926 0.0182504 0.0239252 0.0302804 0.037172 0.0442735 0.0511002 0.0570999 0.0617559 0.0646883 0.0657362 0.0649864 0.0627296 0.0593728 0.0553451 0.051014 0.0466147 0.0422012 0.0376508 0.0327538 0.0273789 0.0216344 0.0159093
 0.00597993 0.0094769 0.0138567 0.0190334 0.0249646 0.0316111 0.0388166 0.0462257 0.053308 0.0594562 0.0641035 0.0668404 0.0675086 0.0662276 0.0633391 0.0593012 0.0545834 0.0495829 0.0445642 0.0396241 0.0347014 0.0296539 0.0243935 0.0190158 0.0138315
 0.00615604 0.00975835 0.0142725 0.019611 0.0257294 0.0325849 0.0400127 0.0476423 0.0549233 0.0612231 0.0659445 0.0686446 0.0691369 0.0675293 0.0641753 0.0595672 0.0542209 0.0485823 0.042963 0.0375098 0.0322193 0.0270071 0.0218211 0.0167448 0.0120203
 0.00637051 0.0100985 0.0147695 0.0202911 0.026613 0.033683 0.0413202 0.04913 0.0565348 0.0628788 0.0675508 0.0701047 0.0703591 0.0684307 0.0646818 0.0596148 0.0537616 0.0475949 0.0414648 0.0355687 0.0299612 0.024613 0.0195038 0.0147047 0.010396
 0.00658366 0.0104366 0.0152638 0.0209673 0.0274902 0.0347697 0.0426067 0.0505808 0.0580852 0.0644391 0.069017 0.0713726 0.0713394 0.0690592 0.0649206 0.0594457 0.0531776 0.0465975 0.0400724 0.0338318 0.0279774 0.0225292 0.017497 0.0129434 0.0089962
 0.00685107 0.0108509 0.0158505 0.0217399 0.0284526 0.0359186 0.0439278 0.0520401 0.0596213 0.0659619 0.0704155 0.0725318 0.0721606 0.0694772 0.0649103 0.0590174 0.0523637 0.0454399 0.0386184 0.0321413 0.0261355 0.0206531 0.0157257 0.0114085 0.00778663
 0.00706678 0.0111914 0.0163443 0.0224078 0.0293056 0.0369542 0.0451242 0.0533523 0.0609828 0.0672913 0.0716246 0.073533 0.0728745 0.069842 0.0648915 0.0586121 0.0515983 0.0443619 0.0372882 0.0306293 0.024526 0.0190469 0.0142333 0.0101302 0.00678748
 0.0073021 0.0115474 0.016832 0.0230237 0.030038 0.037792 0.0460591 0.0543719 0.0620584 0.0683702 0.0726318 0.0743832 0.073489 0.0701622 0.0648856 0.0582748 0.0509481 0.0434373 0.0361438 0.0293334 0.0231592 0.0176995 0.0129971 0.00908334 0.00597663
 0.00738479 0.0116883 0.0170555 0.0233551 0.0304968 0.0383824 0.0467625 0.0551486 0.0628593 0.0691499 0.0733541 0.0750164 0.0739977 0.0705048 0.0650205 0.0581713 0.0505948 0.0428458 0.035348 0.0283869 0.0221315 0.0166703 0.0120462 0.00827652 0.00535221
 0.00738512 0.0116937 0.0170741 0.0234015 0.0305933 0.0385576 0.0470466 0.0555623 0.063401 0.0697873 0.0740283 0.0756577 0.0745444 0.0709137 0.0652656 0.058237 0.0504717 0.0425331 0.0348597 0.0277559 0.02141 0.0159236 0.0113424 0.00767253 0.00488207
 0.00736982 0.0116687 0.0170368 0.0233507 0.0305317 0.0384951 0.0470031 0.0555679 0.063491 0.0699919 0.0743591 0.0760977 0.075047 0.0714137 0.0656964 0.0585451 0.0506241 0.0425167 0.0346788 0.0274321 0.0209813 0.0154419 0.0108647 0.00724916 0.00454573
 0.00737431 0.011672 0.017034 0.0233345 0.0304937 0.0384287 0.0469073 0.0554511 0.0633733 0.0699044 0.0743389 0.0761774 0.0752419 0.0717116 0.0660566 0.0589087 0.0509294 0.0427149 0.0347433 0.027361 0.0207958 0.0151805 0.0105743 0.00697431 0.00431819
 0.00743469 0.0117612 0.0171513 0.0234724 0.0306385 0.0385626 0.047011 0.0555065 0.063368 0.0698375 0.0742248 0.0760455 0.0751301 0.0716544 0.0660727 0.0589922 0.051051 0.0428314 0.0348127 0.027356 0.0207109 0.0150316 0.0103915 0.00679093 0.00416069
 0.00756528 0.0119483 0.0173862 0.0237313 0.0308896 0.0387771 0.047171 0.0556059 0.063407 0.0698171 0.0741459 0.075913 0.0749576 0.0714664 0.0658991 0.0588586 0.0509682 0.042791 0.0347909 0.027325 0.0206507 0.0149377 0.0102744 0.00666954 0.00405325
 0.00763972 0.0120567 0.0175249 0.0238864 0.0310373 0.0388877 0.0472144 0.0555601 0.063267 0.0696015 0.0738939 0.0756718 0.0747668 0.0713473 0.0658552 0.0588815 0.0510434 0.0429001 0.0349118 0.0274337 0.0207273 0.0149722 0.0102696 0.0066381 0.00401135
 0.00771033 0.0121626 0.0176673 0.0240597 0.031229 0.0390797 0.0473834 0.0556788 0.0633085 0.0695464 0.0737393 0.075437 0.0744909 0.0710787 0.0656362 0.0587373 0.0509785 0.0429018 0.0349577 0.0274985 0.0207883 0.0150141 0.0102868 0.0066341 0.00399501
 0.00765728 0.0120998 0.0176161 0.024053 0.0313019 0.0392532 0.0476513 0.0560053 0.0636376 0.0698184 0.0739058 0.0754716 0.074394 0.0708765 0.0653741 0.0584666 0.0507427 0.0427262 0.034847 0.0274412 0.0207654 0.0150065 0.0102813 0.00662496 0.00398244
 0.00750871 0.0118845 0.0173424 0.0237502 0.0310174 0.039045 0.0475767 0.0561064 0.0639247 0.0702579 0.0744223 0.0759673 0.0747799 0.071099 0.0654258 0.0583802 0.0505732 0.0425308 0.0346692 0.0273038 0.0206717 0.0149481 0.0102458 0.00660223 0.00396641
 0.00753648 0.0118992 0.0173094 0.023622 0.0307507 0.0386258 0.0470414 0.0555427 0.0634495 0.0699794 0.074404 0.0762078 0.0752145 0.0716236 0.0659323 0.0587897 0.0508528 0.04269 0.0347424 0.0273296 0.0206791 0.014952 0.0102503 0.00660642 0.00396885
