SBPRF35
7.78865
Curr Bio
491051
B35
694134
F35
0.21167
FOFL
0.146671
OFL
57438
Bzero
2.22533e+006
#pred survey bio
 4.79005e+006 4.51791e+006 4.25137e+006 3.93449e+006 3.59354e+006 3.26101e+006 2.91301e+006 2.63113e+006 2.33492e+006 2.0865e+006 1.86058e+006 1.62779e+006 1.43814e+006 1.27421e+006 1.11604e+006 1.00037e+006 895528 827968 769744 725278 692801 658401 639952 622180 611793 611497 602673 599327 607290 607661 613325 610278 598033 603121 593330 581519 567902 568508 567507 558783 560406 565631 574599 573466 573929 565932 566936 566533 559572 553968 543727 534669 496576 1.73824e+007 1.01316e+007 1.02285e+007 1.09605e+007 1.20447e+007 1.32015e+007 1.42584e+007 1.51407e+007 1.58359e+007 1.63632e+007 1.67531e+007 1.70367e+007 1.72411e+007 1.73877e+007 1.74927e+007 1.75681e+007 1.76225e+007 1.76619e+007 1.76906e+007 1.77117e+007 1.77273e+007 1.77389e+007 1.77475e+007 1.77541e+007 1.7759e+007 1.77627e+007 1.77655e+007 1.77677e+007 1.77694e+007 1.77706e+007 1.77716e+007 1.77723e+007 1.77729e+007 1.77733e+007 1.77737e+007 1.77739e+007 1.77742e+007 1.77743e+007 1.77744e+007 1.77745e+007 1.77746e+007 1.77747e+007 1.77747e+007 1.77747e+007 1.77748e+007 1.77748e+007 1.77748e+007 1.77748e+007 1.77748e+007 1.77748e+007 1.77748e+007 1.77748e+007 1.77748e+007 1.77748e+007 1.77748e+007 1.77748e+007 1.77748e+007 1.77748e+007 1.77748e+007 1.77748e+007 1.77748e+007 1.77748e+007 1.77748e+007 1.77749e+007 1.77749e+007 1.77749e+007 1.77749e+007 1.77749e+007 1.77749e+007 1.77749e+007 1.77749e+007 1.77749e+007 1.77749e+007 1.77749e+007 1.77749e+007 1.77749e+007 1.77749e+007 1.77749e+007 1.77749e+007 1.77749e+007 1.77749e+007 1.77749e+007 1.77749e+007 1.77749e+007 1.77749e+007 1.77749e+007 1.77749e+007 1.77749e+007 1.77749e+007 1.77749e+007 1.77749e+007 1.77749e+007 1.77749e+007 1.77749e+007 1.77749e+007 1.77749e+007 1.77749e+007 1.77749e+007 1.77749e+007 1.77749e+007 0 0 0 0 0 0 0 0 0 0 0 0 0 0 0 0 0 0 0 0 0 0 0 0 0
#obs survey bio
 3.83259e+006 4.26455e+006 2.21991e+006 3.02374e+006 3.39598e+006 3.49945e+006 2.37718e+006 2.41508e+006 1.48511e+006 1.40059e+006 1.56598e+006 1.52938e+006 1.46038e+006 832106 1.02082e+006 1.09707e+006 684216 654895 638041 642734 449822 453573 538642 654108 598566 795999 549641 369896 593576 533906 618910 524357 709347 481530 832192 780062 470497 835102 653748 466263 577969 539353 655646 473298 747287 595969 552645 571650 486274 546520 727732 389791 575232
#pred catch bio
 104475 102909 162194 206996 227943 274344 247150 290836 275361 277849 301271 275510 260821 259218 222896 211909 177164 166116 151017 137916 136780 121091 118341 109605 99318.6 105096 99885 91051.5 97435.3 91806.2 97077 101669 84341.3 93957.3 91767.8 91876.4 82825.4 88308.9 96778.2 88704.7 86028.4 83167.1 91451.4 89195.3 94959.4 86449.3 87428.9 92233.7 89688.1 91526.6 87915.8 107939 70098.2 57438 77902.4 77052.2 81057.9 88650 97124.4 104846 111171 116016 119559 122064 123791 124959 125737 126249 126583 126799 126938 127027 127084 127120 127143 127157 127167 127172 127176 127178 127180 127181 127181 127182 127182 127182 127182 127182 127182 127182 127182 127182 127182 127182 127182 127182 127182 127182 127182 127182 127182 127182 127182 127182 127182 127182 127182 127182 127182 127182 127182 127182 127182 127182 127182 127182 127182 127182 127182 127182 127182 127182 127182 127182 127182 127182 127182 127182 127182 127182 127182 127182 127182 127182 127182 127182 127182 127182 127182 127182 127182 127182 127182 127182 127182 127182 127182 127182 127182 127182 127182 127182 127182 0 0 0 0 0 0 0 0 0 0 0 0 0 0 0 0 0 0 0 0 0 0 0 0 0
#obs catch bio
 0 102616 163052 208522 229750 278061 250021 296747 281537 285049 311051 283582 269077 268945 229232 218565 181240 169815 154212 140406 140015 123532 121397 111703 100815 106376 101238 92579.4 99528.6 93235.2 98692.7 103266 85018.7 95322.4 92815.6 92483 83393.2 88659.2 97012.2 89089.3 86442.9 83357 91995.6 89666.4 95171.4 86459.1 87611.7 92799.6 90214.8 91951.5 87703.2 109140 69878.7
#pred cpue bio
 4.70792e+006 4.44193e+006 4.18032e+006 3.86578e+006 3.52661e+006 3.19579e+006 2.84962e+006 2.56871e+006 2.27411e+006 2.02708e+006 1.80288e+006 1.57269e+006 1.38538e+006 1.22395e+006 1.06883e+006 955606 853488 787935 731655 688780 657500 624293 606503 589662 580117 580224 571856 568417 575911 576538 582584 580294 569047 574504 565719 555030 541372 540295 538244 529678 531420 536717 545549 544583 545266 537792 538822 538406 531779 526651 517191 508917 472747 1.65943e+007 9.68777e+006 9.63718e+006 1.01926e+007 1.12099e+007 1.23495e+007 1.34028e+007 1.42843e+007 1.49794e+007 1.55066e+007 1.58965e+007 1.61802e+007 1.63845e+007 1.65311e+007 1.66361e+007 1.67116e+007 1.67659e+007 1.68053e+007 1.68341e+007 1.68552e+007 1.68707e+007 1.68823e+007 1.6891e+007 1.68975e+007 1.69024e+007 1.69062e+007 1.6909e+007 1.69112e+007 1.69128e+007 1.69141e+007 1.6915e+007 1.69158e+007 1.69164e+007 1.69168e+007 1.69171e+007 1.69174e+007 1.69176e+007 1.69178e+007 1.69179e+007 1.6918e+007 1.69181e+007 1.69181e+007 1.69182e+007 1.69182e+007 1.69182e+007 1.69182e+007 1.69183e+007 1.69183e+007 1.69183e+007 1.69183e+007 1.69183e+007 1.69183e+007 1.69183e+007 1.69183e+007 1.69183e+007 1.69183e+007 1.69183e+007 1.69183e+007 1.69183e+007 1.69183e+007 1.69183e+007 1.69183e+007 1.69183e+007 1.69183e+007 1.69183e+007 1.69183e+007 1.69183e+007 1.69183e+007 1.69183e+007 1.69183e+007 1.69183e+007 1.69183e+007 1.69183e+007 1.69183e+007 1.69183e+007 1.69183e+007 1.69183e+007 1.69183e+007 1.69183e+007 1.69183e+007 1.69183e+007 1.69183e+007 1.69183e+007 1.69183e+007 1.69183e+007 1.69183e+007 1.69183e+007 1.69183e+007 1.69183e+007 1.69183e+007 1.69183e+007 1.69183e+007 1.69183e+007 1.69183e+007 1.69183e+007 1.69183e+007 1.69183e+007 1.69183e+007 1.69183e+007 1.69183e+007 0 0 0 0 0 0 0 0 0 0 0 0 0 0 0 0 0 0 0 0 0 0 0 0 0
#obs cpue bio
 3.89982e+006 3.57021e+006 3.02428e+006 3.45908e+006 2.65613e+006 2.60119e+006 2.01464e+006 2.01313e+006 1.86802e+006 1.99133e+006 1.55861e+006 1.31566e+006 842108 1.11008e+006 1.04843e+006 577361 957275 795428 640263 637558 591473 650619 378184 577954 491556 553828 424361 434012 399221 631484 479898 703649 452320 505968 392251 592076 459790 492005 580348 441732 471089 593313 398549 560596 601188 500865 471592 398754 529781 593997 549371 433275 601732
#pred surv len freq
 0.00488091 0.00797841 0.0121061 0.0172704 0.0233503 0.0300059 0.0366577 0.042639 0.0474525 0.0509373 0.0532351 0.0546339 0.0554236 0.0558223 0.0559512 0.0558339 0.0554131 0.0545767 0.0531711 0.0509912 0.0477769 0.0432735 0.0373874 0.0303676 0.0228641
 0.00513141 0.00827009 0.0123373 0.0172907 0.0230199 0.0292786 0.0356357 0.0415507 0.0465542 0.0503941 0.0530546 0.0546863 0.0555272 0.0558392 0.0558491 0.0556916 0.055376 0.0547828 0.0536791 0.0517457 0.0486291 0.0440474 0.0379548 0.03069 0.0229844
 0.00544171 0.00877137 0.0130767 0.0182855 0.0242268 0.030564 0.036775 0.0422863 0.0467025 0.0499426 0.0521741 0.053639 0.0545315 0.054986 0.0551136 0.0550149 0.054744 0.0542478 0.0533201 0.0516044 0.048671 0.0441758 0.0380637 0.0307162 0.0229254
 0.00567486 0.00916184 0.013686 0.0191789 0.0254584 0.0321492 0.038656 0.0443064 0.0486114 0.0514461 0.0530216 0.0537135 0.0538919 0.0538289 0.0536774 0.0534893 0.0532402 0.0528259 0.0520284 0.0504888 0.047756 0.0434486 0.0374834 0.0302416 0.0225355
 0.00595011 0.00959649 0.0143179 0.0200393 0.0265721 0.0335328 0.0403083 0.0461929 0.0506469 0.0534812 0.054844 0.0550775 0.0545803 0.053726 0.0528127 0.0520214 0.0513913 0.0508111 0.0500163 0.0485974 0.0460632 0.0419986 0.0362915 0.0293017 0.0218291
 0.00626625 0.0100968 0.0150453 0.021024 0.027827 0.0350464 0.0420391 0.0480706 0.0525847 0.0553887 0.0566275 0.0566244 0.0557453 0.0543427 0.0527388 0.0511971 0.0498742 0.0487649 0.0476624 0.0461593 0.0437291 0.0399069 0.0345294 0.0279085 0.0208008
 0.00663803 0.0106889 0.0159129 0.0222092 0.0293498 0.0368923 0.0441459 0.0503271 0.0548482 0.057516 0.0585009 0.0581584 0.0568729 0.0549928 0.0528245 0.0506298 0.0486029 0.04682 0.0451748 0.0433432 0.0408367 0.0371785 0.0321532 0.0259974 0.019386
 0.00691912 0.011145 0.0165981 0.0231732 0.0306295 0.0384969 0.0460414 0.0524297 0.0570347 0.0596464 0.0604414 0.0597968 0.0581231 0.0557896 0.053111 0.0503477 0.0476975 0.0452673 0.0430186 0.0407208 0.0379711 0.0343365 0.0295848 0.0238811 0.0177988
 0.00724854 0.0116726 0.0173772 0.024249 0.0320309 0.040225 0.0480559 0.0546428 0.0593205 0.0618618 0.0624477 0.0614742 0.0593775 0.0565532 0.0533376 0.0500039 0.0467565 0.0437151 0.0408788 0.0380864 0.035024 0.031331 0.0267945 0.0215296 0.0160056
 0.00750987 0.012097 0.0180155 0.025148 0.0332255 0.0417245 0.0498298 0.0566161 0.0613837 0.063891 0.0643228 0.0630888 0.060641 0.0573915 0.0536921 0.0498302 0.0460231 0.0424066 0.0390107 0.0357294 0.0323261 0.0285158 0.0241227 0.0192328 0.0142251
 0.00774104 0.0124737 0.0185842 0.025953 0.0343012 0.0430826 0.0514457 0.0584232 0.0632813 0.0657626 0.0660542 0.0645796 0.0618096 0.0581737 0.0540387 0.0497025 0.0453914 0.041254 0.0373455 0.0336072 0.0298705 0.0259216 0.0216272 0.0170582 0.0125176
 0.00804842 0.0129651 0.019308 0.0269483 0.0355899 0.0446584 0.0532615 0.0603872 0.0652691 0.0676402 0.0677004 0.0658996 0.0627384 0.0586734 0.0540918 0.0493032 0.0445386 0.0399506 0.0356083 0.0314867 0.0274726 0.0234154 0.0192234 0.0149595 0.0108622
 0.00826955 0.0133278 0.0198596 0.0277344 0.0366448 0.0459899 0.0548365 0.0621267 0.0670602 0.0693577 0.0692283 0.0671434 0.0636293 0.0591684 0.0541698 0.0489602 0.0437807 0.0387909 0.0340713 0.0296221 0.0253727 0.0212231 0.0171176 0.0131147 0.00940009
 0.00845246 0.0136266 0.0203122 0.0283778 0.0375087 0.0470866 0.0561484 0.0636002 0.0686099 0.0708795 0.0706153 0.0682992 0.0644774 0.0596574 0.0542735 0.0486733 0.0431128 0.0377621 0.0327132 0.0279865 0.0235439 0.0193243 0.0152991 0.0115226 0.00813688
 0.00870869 0.0140331 0.0209051 0.0291833 0.0385382 0.0483289 0.0575615 0.0651093 0.0701166 0.0722795 0.0718147 0.069224 0.0650762 0.0599008 0.0541525 0.0481961 0.0423007 0.0366457 0.0313329 0.0263976 0.0218256 0.0175833 0.0136605 0.0101049 0.0070203
 0.00881286 0.0142123 0.0211928 0.0296166 0.0391493 0.0491324 0.0585419 0.0662178 0.0712793 0.0734137 0.0728425 0.0700798 0.0657084 0.0602716 0.0542376 0.047985 0.0417965 0.0358655 0.0303082 0.0251778 0.0204817 0.0162084 0.0123603 0.0089772 0.00613081
 0.00898859 0.0144834 0.0215743 0.0301147 0.039763 0.0498554 0.0593613 0.0671093 0.0722038 0.0743175 0.0736634 0.0707563 0.0661898 0.0605238 0.0542441 0.0477435 0.0413153 0.0351616 0.0294092 0.0241257 0.0193369 0.0150489 0.0112731 0.00804084 0.00539639
 0.00906787 0.0146065 0.0217489 0.030344 0.0400457 0.0501861 0.0597314 0.067509 0.0726252 0.0747563 0.0741158 0.0712113 0.0666224 0.0608946 0.0545063 0.0478538 0.0412427 0.0348926 0.0289498 0.0235025 0.0185973 0.0142585 0.0105062 0.00736581 0.00485939
 0.00917057 0.014765 0.0219712 0.0306314 0.0403919 0.050577 0.0601449 0.0679171 0.0729989 0.0750736 0.0743679 0.0714026 0.066764 0.0609946 0.0545616 0.0478473 0.0411486 0.0346858 0.0286164 0.0230475 0.0180482 0.0136623 0.00992091 0.00684651 0.00444416
 0.00928502 0.014936 0.0222007 0.0309111 0.0407059 0.0509062 0.06047 0.0682194 0.0732618 0.0752838 0.0745179 0.0714923 0.0668003 0.0609883 0.0545225 0.0477784 0.0410428 0.0345272 0.0283881 0.0227411 0.0176721 0.013244 0.00950096 0.00646725 0.00413693
 0.00936628 0.0150614 0.0223765 0.0311372 0.040975 0.0512026 0.0607699 0.0684943 0.073485 0.0754384 0.0746007 0.0715122 0.0667723 0.0609273 0.0544399 0.0476804 0.040929 0.0343909 0.0282182 0.0225283 0.0174157 0.0129568 0.00920798 0.00619801 0.00391546
 0.00947966 0.0152393 0.0226317 0.031476 0.041394 0.0516856 0.0612848 0.0689942 0.0739155 0.0757507 0.0747634 0.0715177 0.0666359 0.0606809 0.0541223 0.0473284 0.0405706 0.0340423 0.0278844 0.0222076 0.0171059 0.0126608 0.0089357 0.00596319 0.00372947
 0.00936275 0.0150774 0.0224404 0.0312881 0.0412517 0.0516269 0.0613314 0.0691467 0.0741563 0.0760492 0.0750823 0.0718187 0.0668863 0.0608589 0.0542207 0.0473531 0.0405358 0.0339643 0.0277765 0.0220785 0.0169616 0.012508 0.00878424 0.00582503 0.00361523
 0.00933361 0.0150178 0.0223298 0.0311049 0.0409842 0.0512882 0.0609682 0.0688321 0.0739656 0.0760309 0.0752405 0.0721159 0.0672604 0.0612458 0.054569 0.0476313 0.0407322 0.0340822 0.0278276 0.0220772 0.0169218 0.0124426 0.008706 0.00574615 0.00354593
 0.00937538 0.0150663 0.0223664 0.0310986 0.0408986 0.0510932 0.0606538 0.0684179 0.0735031 0.0755958 0.074915 0.0719643 0.0673085 0.0614729 0.0549182 0.0480311 0.0411184 0.0344108 0.0280779 0.0222471 0.0170208 0.0124861 0.00871089 0.0057288 0.00352002
 0.00940418 0.015102 0.0223988 0.0311093 0.0408633 0.0509866 0.060456 0.068121 0.0731169 0.0751525 0.0744696 0.0715869 0.0670678 0.0614154 0.0550524 0.0483248 0.04151 0.0348302 0.0284655 0.0225651 0.017255 0.0126403 0.00880007 0.00577178 0.0035348
 0.00961222 0.0154085 0.0228004 0.0315802 0.0413592 0.0514537 0.0608389 0.068368 0.0731865 0.0750223 0.0741454 0.0711071 0.0664991 0.0608407 0.0545514 0.0479542 0.0412903 0.034745 0.0284741 0.02262 0.0173175 0.0126881 0.00882616 0.00577949 0.00353144
 0.00964246 0.0154764 0.0229357 0.0318178 0.0417252 0.0519459 0.0614127 0.06894 0.0736575 0.0753088 0.0742026 0.0709348 0.0661347 0.0603467 0.054003 0.0474264 0.0408436 0.034414 0.0282624 0.0225065 0.0172688 0.0126723 0.00882139 0.00577517 0.00352518
 0.00937477 0.0150883 0.0224405 0.0312625 0.041183 0.0514996 0.0611368 0.0688845 0.0738344 0.0756836 0.0746987 0.0714546 0.0665894 0.0606807 0.0542035 0.0475168 0.0408679 0.0344184 0.0282805 0.0225517 0.017336 0.0127465 0.00888729 0.00582409 0.00355596
 0.00923918 0.0148646 0.0221003 0.0307841 0.0405644 0.050775 0.0603862 0.0682258 0.0733914 0.0755443 0.0748842 0.0719138 0.0672198 0.0613627 0.0548348 0.0480343 0.0412536 0.0346897 0.028472 0.0226968 0.0174562 0.0128493 0.0089717 0.00588739 0.00359827
 0.00905786 0.0145846 0.0217062 0.0302702 0.0399346 0.0500431 0.0595812 0.0673992 0.0726219 0.0749312 0.0745274 0.0718847 0.0675343 0.0619711 0.0556345 0.0489021 0.0420811 0.0354067 0.0290516 0.0231448 0.0177936 0.0130987 0.00915121 0.00601075 0.00367744
 0.00895389 0.0144195 0.0214653 0.0299434 0.0395188 0.0495458 0.059023 0.0668133 0.0720494 0.0744156 0.0741136 0.0716196 0.0674631 0.0621248 0.0560123 0.0494618 0.0427462 0.0360889 0.0296766 0.0236679 0.0182012 0.0133987 0.00936141 0.00615073 0.00376519
 0.00898067 0.0144507 0.0214893 0.0299408 0.0394669 0.0494252 0.0588242 0.0665396 0.0717156 0.0740451 0.0737349 0.0712656 0.0671712 0.0619345 0.0559586 0.0495634 0.0429945 0.0364456 0.0300836 0.0240662 0.0185468 0.0136703 0.00955754 0.006282 0.00384686
 0.00870676 0.0140478 0.0209612 0.029318 0.0387964 0.0487552 0.0581935 0.0659762 0.0712423 0.0736838 0.0735068 0.0711868 0.0672485 0.0621643 0.0563293 0.0500575 0.0435878 0.037104 0.0307622 0.0247136 0.0191164 0.0141313 0.00990036 0.00651622 0.00399376
 0.00859563 0.0138619 0.0206739 0.0289065 0.0382533 0.0481021 0.0574888 0.065306 0.0706935 0.0733138 0.073328 0.0711755 0.0673673 0.0623828 0.0566309 0.0504353 0.044036 0.0376097 0.0313009 0.0252504 0.0196125 0.0145531 0.0102287 0.00674924 0.0041442
 0.00933699 0.0148881 0.0218868 0.0301027 0.0391802 0.0485498 0.0573661 0.0646618 0.0696819 0.0721319 0.0721597 0.070155 0.0665662 0.0618159 0.0562769 0.0502593 0.0440049 0.037696 0.0314786 0.0254894 0.0198778 0.0148096 0.0104484 0.00691714 0.00425896
 0.0100414 0.0160064 0.0235084 0.0322626 0.0418169 0.051461 0.0601935 0.0669478 0.071005 0.0722628 0.071144 0.0682752 0.0642148 0.0593608 0.0539801 0.0482626 0.0423578 0.0363944 0.0304933 0.0247803 0.0193985 0.0145094 0.0102765 0.0068284 0.00421819
 0.00982188 0.0157776 0.0234011 0.0324782 0.042574 0.0529064 0.0623172 0.069545 0.0737061 0.0746194 0.0727463 0.0688653 0.063757 0.058037 0.0521111 0.0461952 0.0403719 0.034663 0.02909 0.0237101 0.0186279 0.0139872 0.00994548 0.00663355 0.00411239
 0.00956764 0.0153822 0.0228478 0.0317847 0.041815 0.0522317 0.0619474 0.069722 0.0745974 0.0762174 0.0748231 0.0710237 0.0655601 0.0591553 0.0524189 0.0457795 0.0394644 0.0335374 0.0279767 0.0227543 0.0178898 0.0134658 0.00960643 0.00643052 0.0040008
 0.0095207 0.0152967 0.0227021 0.0315536 0.0414772 0.0517849 0.0614271 0.0692166 0.0742475 0.0761877 0.0752449 0.0719248 0.06682 0.0605212 0.0535887 0.0465138 0.0396685 0.033274 0.0274127 0.0220808 0.0172579 0.0129593 0.00924768 0.00620231 0.00386951
 0.00945254 0.0151856 0.0225339 0.0313144 0.041155 0.0513736 0.0609328 0.0686646 0.0736886 0.0757018 0.0749371 0.0719051 0.0671647 0.0612273 0.0545486 0.0475357 0.0405419 0.0338491 0.0276484 0.0220387 0.0170541 0.0127083 0.00902604 0.00604198 0.00377008
 0.00946255 0.0151862 0.0225059 0.0312302 0.0409859 0.0511007 0.0605562 0.0682062 0.0731871 0.0752059 0.0745016 0.0715917 0.067039 0.0613447 0.0549283 0.0481355 0.0412558 0.0345365 0.028186 0.0223649 0.0171807 0.0126968 0.00895006 0.00595717 0.0037043
 0.00936339 0.0150449 0.0223291 0.0310341 0.0407882 0.0509095 0.060364 0.0679938 0.0729368 0.074916 0.0741936 0.0713073 0.066831 0.0612658 0.0550192 0.0484111 0.0416913 0.0350652 0.0287153 0.0228078 0.0174872 0.0128648 0.00901324 0.00596119 0.00368632
 0.00928425 0.0149294 0.0221803 0.0308651 0.0406198 0.0507658 0.0602659 0.0679517 0.0729445 0.0749486 0.0742148 0.0712852 0.0667553 0.0611564 0.0549204 0.0483744 0.0417537 0.0352322 0.0289567 0.02307 0.0177155 0.0130255 0.00910163 0.00599436 0.00368864
 0.00922084 0.0148247 0.0220206 0.0306392 0.0403248 0.0504139 0.0598898 0.0676013 0.0726741 0.0747981 0.0741955 0.0713769 0.0669166 0.061343 0.0551034 0.0485489 0.0419342 0.0354372 0.029192 0.0233214 0.017954 0.0132222 0.00924061 0.00607731 0.00372944
 0.00935791 0.0150186 0.0222585 0.0308892 0.0405434 0.0505587 0.0599312 0.0675301 0.0725024 0.0745571 0.0739275 0.0711244 0.0667092 0.061191 0.0549999 0.0484805 0.0418924 0.0354227 0.0292101 0.0233725 0.0180285 0.0133025 0.00930963 0.00612547 0.00375653
 0.00936039 0.0150324 0.0222958 0.0309642 0.0406636 0.0507153 0.0600934 0.0676505 0.0725349 0.0744775 0.0737454 0.0708793 0.0664547 0.0609746 0.0548499 0.0484026 0.0418759 0.0354508 0.029268 0.0234493 0.0181147 0.0133878 0.00938394 0.00618175 0.00379323
 0.00925396 0.014883 0.0221156 0.0307805 0.0405136 0.0506346 0.0601044 0.0677546 0.0727098 0.0746809 0.0739263 0.0709949 0.066486 0.0609324 0.0547667 0.0483167 0.0418161 0.0354297 0.029284 0.023493 0.0181742 0.0134517 0.0094426 0.00622879 0.00382618
 0.00916212 0.0147447 0.021929 0.0305537 0.0402661 0.0503963 0.0599136 0.0676512 0.0727236 0.074818 0.0741624 0.0712797 0.0667595 0.061145 0.0548946 0.0483654 0.041812 0.0354052 0.0292648 0.0234919 0.018192 0.013482 0.00947698 0.00625999 0.0038501
 0.00902176 0.0145317 0.021637 0.0301885 0.0398448 0.0499469 0.059474 0.067268 0.0724462 0.0746889 0.0742048 0.071489 0.0671015 0.0615635 0.0553262 0.0487572 0.0421338 0.0356523 0.0294501 0.0236338 0.0183057 0.0135754 0.00955216 0.00631709 0.00388994
 0.00895526 0.0144223 0.0214704 0.0299524 0.0395333 0.0495669 0.05905 0.0668416 0.0720683 0.0744074 0.0740551 0.0714885 0.0672485 0.0618372 0.0556887 0.04916 0.0425285 0.0360022 0.0297366 0.0238561 0.018473 0.0136997 0.00964321 0.00638172 0.00393331
 0.00858248 0.0138872 0.0207962 0.0292041 0.0387978 0.048921 0.0585372 0.06647 0.0718268 0.0742855 0.0740527 0.0716141 0.0675089 0.0622283 0.0561901 0.049735 0.0431304 0.0365826 0.030256 0.02429 0.0188142 0.0139538 0.00982316 0.00650261 0.00400978
 0.00826435 0.0134171 0.0201786 0.0284803 0.0380421 0.0482286 0.0580073 0.0661842 0.0718238 0.0745424 0.0744887 0.0721212 0.067995 0.0626455 0.0565372 0.0500367 0.0434127 0.0368571 0.0305182 0.0245269 0.0190129 0.0141084 0.00993496 0.00657809 0.00405739
#obs surv len freq
 nan nan nan nan nan nan nan nan nan nan nan nan nan nan nan nan nan nan nan nan nan nan nan nan nan
 0.00449169 0.00735621 0.0111891 0.0160072 0.0217082 0.0279825 0.0342943 0.0400227 0.0446993 0.0481602 0.0505154 0.0520087 0.0528987 0.0534091 0.0537218 0.0539756 0.0542533 0.0545455 0.0546838 0.0542756 0.0527139 0.0493466 0.0437975 0.036279 0.0276643
 0.00461525 0.0075617 0.0115064 0.016466 0.0223297 0.0287684 0.0352154 0.0410169 0.0456809 0.0490384 0.0512119 0.052469 0.0530964 0.0533451 0.0534193 0.0534721 0.0535926 0.0537703 0.0538333 0.0533867 0.0518255 0.0485022 0.043042 0.0356505 0.027184
 0.00477314 0.00781955 0.011897 0.017021 0.0230749 0.029714 0.0363455 0.0422823 0.0470022 0.0503163 0.0523412 0.0533535 0.0536612 0.0535463 0.0532478 0.0529507 0.052768 0.0527032 0.052591 0.0520399 0.0504496 0.0471777 0.0418486 0.0346542 0.0264211
 0.00497483 0.0081463 0.0123866 0.0177082 0.0239847 0.030852 0.0376876 0.0437709 0.0485531 0.0518322 0.0537242 0.0545105 0.0545076 0.0540113 0.0532825 0.0525366 0.0519208 0.0514715 0.0510509 0.0502899 0.0486061 0.0453683 0.0401995 0.0332681 0.0253558
 0.00518768 0.00849765 0.0129251 0.0184818 0.0250307 0.0321815 0.0392699 0.0455297 0.0503787 0.0536046 0.0553324 0.0558616 0.0555256 0.0546326 0.0534543 0.0522205 0.051101 0.050165 0.0493157 0.0482284 0.0463621 0.0431149 0.0381138 0.0314978 0.023987
 0.0054172 0.0088728 0.0134938 0.0192909 0.0261183 0.0335635 0.0409255 0.0473939 0.0523485 0.055556 0.0571394 0.0574105 0.0567229 0.0554063 0.0537508 0.0520006 0.0503399 0.0488604 0.0475031 0.0459968 0.0438614 0.0405455 0.0356949 0.02942 0.0223672
 0.00564252 0.00924332 0.0140594 0.0201009 0.0272124 0.0349573 0.0425955 0.0492722 0.0543331 0.0575296 0.0589862 0.0590252 0.0580128 0.0562923 0.0541676 0.051897 0.0496799 0.0476289 0.0457193 0.0437344 0.0412637 0.037822 0.0330887 0.0271527 0.0205832
 0.00588067 0.00963259 0.0146493 0.0209394 0.0283372 0.0363819 0.0442946 0.0511762 0.0563369 0.0595123 0.0608306 0.0606288 0.0592908 0.0571755 0.0545984 0.0518262 0.0490665 0.0464472 0.0439744 0.0414847 0.038641 0.0350334 0.0303867 0.0247771 0.0186977
 0.00611666 0.0100186 0.0152345 0.0217714 0.0294525 0.0377924 0.0459726 0.0530494 0.058299 0.0614434 0.0626165 0.0621717 0.0605118 0.0580127 0.0550025 0.0517557 0.0484849 0.0453272 0.0423124 0.0393247 0.0360989 0.0323034 0.0277159 0.0224082 0.0168031
 0.00636092 0.0104206 0.0158487 0.0226506 0.0306375 0.039294 0.0477547 0.0550243 0.0603409 0.0634148 0.0643922 0.0636521 0.0616259 0.0587135 0.0552604 0.0515494 0.0477959 0.0441403 0.0406277 0.0371808 0.0335984 0.0296243 0.0250914 0.0200729 0.0149279
 0.0066203 0.0108438 0.0164881 0.0235562 0.0318466 0.0408161 0.0495553 0.0570181 0.0624027 0.0654022 0.0661698 0.0651083 0.0626806 0.0593192 0.0553965 0.0512124 0.0469894 0.0428701 0.0389088 0.0350562 0.0311637 0.0270411 0.0225721 0.0178339 0.0131286
 0.00684114 0.0112085 0.0170475 0.0243606 0.0329361 0.0422036 0.0512107 0.0588627 0.0643207 0.0672631 0.0678495 0.0665013 0.0637056 0.0599205 0.0555435 0.050896 0.0462156 0.0416554 0.0372811 0.0330673 0.0289074 0.0246647 0.020265 0.0157877 0.011485
 0.00703614 0.0115291 0.017537 0.025062 0.0338841 0.0434121 0.0526583 0.0604872 0.066026 0.068936 0.0693773 0.0677849 0.0646659 0.060501 0.0557102 0.0506344 0.0455276 0.0405563 0.0358024 0.0312646 0.0268729 0.022534 0.0182063 0.013968 0.0100262
 0.00726253 0.0118965 0.0180882 0.0258357 0.0349061 0.0446828 0.0541405 0.0621025 0.067667 0.0704873 0.0707354 0.0688684 0.0654179 0.0608864 0.0557119 0.0502502 0.0447661 0.039437 0.0343583 0.0295507 0.0249764 0.0205781 0.0163388 0.0123321 0.00872334
 0.00743709 0.0121877 0.0185398 0.0264921 0.0358018 0.0458268 0.0555006 0.063602 0.0691968 0.0719297 0.0719856 0.0698468 0.0660727 0.0611914 0.0556608 0.0498503 0.0440339 0.0383961 0.033043 0.0280131 0.0232951 0.0188614 0.0147134 0.0109183 0.00760363
 0.00751119 0.0123123 0.0187362 0.0267849 0.0362177 0.0463888 0.056221 0.0644742 0.0701908 0.0729906 0.0730387 0.0708074 0.0668597 0.0617387 0.0559246 0.0498092 0.043686 0.0377549 0.0321368 0.0268888 0.0220231 0.0175359 0.0134434 0.0098059 0.00671923
 0.00758155 0.0124178 0.018879 0.0269632 0.0364289 0.0466348 0.0565108 0.0648235 0.0706162 0.0735022 0.0736308 0.0714529 0.0675086 0.0623249 0.0563774 0.0500666 0.0437046 0.0375151 0.0316446 0.0261761 0.0211481 0.0165802 0.0125014 0.00896624 0.00604435
 0.00767152 0.012556 0.0190716 0.0272091 0.0367192 0.0469527 0.0568336 0.0651272 0.0708845 0.0737341 0.0738429 0.0716702 0.0677499 0.0625885 0.0566354 0.0502702 0.043797 0.0374475 0.0313892 0.0257346 0.0205544 0.015896 0.0118044 0.00833218 0.00552813
 0.00772443 0.0126414 0.0191986 0.0273848 0.0369459 0.0472246 0.057134 0.0654292 0.0711571 0.0739524 0.0739962 0.0717663 0.0678107 0.0626398 0.0566938 0.0503325 0.0438376 0.0374259 0.0312651 0.0254845 0.0201828 0.0154377 0.0113153 0.007873 0.00514627
 0.00776991 0.0127082 0.0192862 0.0274889 0.0370608 0.0473463 0.0572618 0.0655643 0.071299 0.0740955 0.0741301 0.0718793 0.0678956 0.0626979 0.0567336 0.0503625 0.0438578 0.0374225 0.0312133 0.0253597 0.0199743 0.0151574 0.010997 0.00756029 0.0048776
 0.00782241 0.0127894 0.0194 0.0276351 0.037234 0.0475353 0.0574499 0.0657325 0.0714313 0.0741845 0.0741782 0.0718954 0.0678892 0.0626756 0.0566992 0.0503192 0.0438071 0.0373618 0.0311335 0.0252473 0.019819 0.0149606 0.0107749 0.0073396 0.00468492
 0.00784885 0.0128299 0.0194564 0.0277075 0.0373207 0.0476329 0.0575533 0.0658346 0.0715236 0.0742589 0.0742293 0.0719222 0.0678956 0.062668 0.0566836 0.0502991 0.0437829 0.0373304 0.031089 0.0251818 0.0197259 0.0148394 0.0106343 0.00719589 0.00455605
 0.00784944 0.0128266 0.0194438 0.0276786 0.0372695 0.0475581 0.0574615 0.0657398 0.0714438 0.0742102 0.0742214 0.0719561 0.0679649 0.0627621 0.0567909 0.0504091 0.0438866 0.0374199 0.0311566 0.0252205 0.019731 0.0148108 0.0105786 0.00712533 0.00448501
 0.0079009 0.0129034 0.0195461 0.0278009 0.0374009 0.0476836 0.0575637 0.0658026 0.0714566 0.0741726 0.0741443 0.0718583 0.0678665 0.0626784 0.0567293 0.0503695 0.0438641 0.0374073 0.031146 0.0252045 0.0197039 0.0147703 0.0105267 0.00706843 0.00443104
 0.00789824 0.0129015 0.0195478 0.0278098 0.0374199 0.0477129 0.0575989 0.0658352 0.0714766 0.0741721 0.074121 0.071817 0.0678172 0.0626336 0.0566998 0.0503609 0.0438759 0.0374335 0.0311777 0.0252325 0.0197208 0.0147722 0.0105143 0.00704591 0.00440478
 0.00790842 0.0129114 0.0195506 0.0277961 0.0373812 0.0476469 0.0575128 0.0657446 0.0713991 0.0741202 0.0740979 0.0718176 0.0678333 0.0626587 0.0567316 0.0504004 0.0439244 0.03749 0.0312379 0.0252895 0.0197675 0.0148039 0.0105298 0.00704793 0.00439832
 0.00790495 0.0129064 0.0195439 0.027787 0.0373672 0.0476231 0.0574727 0.0656828 0.0713161 0.074025 0.0740068 0.0717484 0.0677982 0.0626602 0.0567641 0.0504546 0.0439916 0.0375637 0.0313127 0.0253602 0.0198286 0.0148511 0.0105612 0.00706489 0.00440447
 0.00786839 0.012849 0.0194616 0.027678 0.0372334 0.0474704 0.057312 0.0655284 0.0711822 0.0739224 0.0739414 0.0717227 0.0678134 0.0627165 0.0568588 0.0505805 0.0441376 0.037717 0.0314617 0.0254954 0.0199436 0.0149418 0.0106269 0.00710771 0.00442912
 0.0078607 0.0128274 0.0194126 0.0275845 0.0370799 0.0472516 0.0570393 0.0652303 0.0708972 0.0736879 0.0737839 0.0716538 0.0678311 0.0628095 0.0570112 0.0507753 0.0443579 0.0379463 0.0316846 0.0256986 0.0201172 0.0150804 0.0107294 0.00717739 0.00447219
 0.00785118 0.0128123 0.0193899 0.0275508 0.0370294 0.047175 0.0569255 0.0650706 0.0706927 0.073454 0.0735505 0.071457 0.0677024 0.0627666 0.0570549 0.050893 0.0445292 0.0381488 0.0318968 0.0259021 0.0202978 0.0152288 0.0108422 0.00725612 0.00452231
 0.00782186 0.012767 0.0193264 0.0274688 0.0369307 0.0470633 0.0568055 0.0649471 0.0705683 0.0733294 0.0734264 0.0713388 0.0676027 0.0627036 0.0570464 0.0509485 0.0446463 0.0383137 0.0320892 0.0261001 0.0204821 0.0153859 0.0109648 0.0073438 0.00457943
 0.00780615 0.0127366 0.019272 0.0273797 0.0367982 0.0468863 0.0565944 0.0647234 0.0703586 0.0731569 0.073304 0.0712685 0.0675791 0.0627202 0.0571002 0.0510405 0.0447778 0.0384817 0.0322835 0.0263044 0.0206781 0.0155575 0.0111022 0.00744402 0.00464595
 0.00775333 0.012655 0.0191569 0.0272291 0.0366124 0.0466677 0.0563486 0.0644616 0.0700988 0.0729232 0.0731227 0.0711607 0.0675555 0.0627784 0.0572275 0.05122 0.0449937 0.038721 0.0325341 0.0265534 0.0209108 0.0157602 0.0112651 0.00756404 0.00472647
 0.00774715 0.0126356 0.0191108 0.0271389 0.0364624 0.0464519 0.0560765 0.0641581 0.0697967 0.0726538 0.0729089 0.0710172 0.0674905 0.0627947 0.0573219 0.0513825 0.0452083 0.0389691 0.0327971 0.026814 0.0211533 0.0159713 0.0114357 0.00769098 0.00481269
 0.00934341 0.0148763 0.0218277 0.0299549 0.038899 0.0481025 0.0567453 0.0638898 0.0688045 0.0712083 0.0712553 0.069338 0.0659043 0.0613699 0.0560914 0.050356 0.0443805 0.038325 0.0323156 0.0264705 0.0209219 0.0158262 0.0113524 0.00764799 0.00479333
 0.00930808 0.0151146 0.0227081 0.0319369 0.0423346 0.0529672 0.0624662 0.0694369 0.0730549 0.0733868 0.0711889 0.0674049 0.0627684 0.0576957 0.0523774 0.0469021 0.0413326 0.0357346 0.0301839 0.0247734 0.0196206 0.0148718 0.0106885 0.00721392 0.00452893
 0.00896445 0.014572 0.0219433 0.0309961 0.0413888 0.0523498 0.0626352 0.0708132 0.0757741 0.0771118 0.0751488 0.0706867 0.0646976 0.0580707 0.0514445 0.0451462 0.0392456 0.0336789 0.0283659 0.023278 0.0184591 0.0140168 0.0100938 0.00682571 0.00429297
 0.00882078 0.0143258 0.0215499 0.0304085 0.0405747 0.0513242 0.0615018 0.0697943 0.0751948 0.0773117 0.0763291 0.0727639 0.0672653 0.0605311 0.0532516 0.0460163 0.0392174 0.0330164 0.0273982 0.0222749 0.0175833 0.0133343 0.00960742 0.00650569 0.00409848
 0.00872117 0.0141653 0.0213099 0.0300702 0.0401196 0.0507377 0.0607822 0.0689691 0.0743407 0.0765701 0.0758993 0.0728525 0.0679941 0.0618453 0.0548951 0.0476137 0.0404271 0.0336632 0.0275091 0.0220163 0.0171571 0.0128991 0.00925044 0.00625278 0.00393905
 0.00868968 0.0141058 0.0212052 0.0298992 0.0398622 0.0503819 0.0603305 0.0684392 0.0737628 0.0759865 0.0753707 0.0724674 0.0678645 0.0620729 0.055514 0.0485433 0.0414775 0.0346044 0.0281668 0.0223339 0.0171918 0.0127668 0.00906314 0.00608329 0.00381667
 0.00868334 0.0140939 0.0211835 0.0298612 0.0397981 0.0502788 0.0601739 0.0682171 0.0734709 0.075633 0.0749797 0.0720803 0.0675404 0.0618837 0.0555293 0.0488009 0.041953 0.035203 0.0287531 0.0227877 0.0174554 0.0128548 0.00903606 0.00600819 0.00374068
 0.00869599 0.0141147 0.0212149 0.0299047 0.0398529 0.0503394 0.0602287 0.0682479 0.0734558 0.075552 0.0748216 0.0718488 0.0672587 0.061595 0.0552914 0.0486727 0.0419733 0.0353699 0.0290182 0.0230733 0.0176879 0.0129945 0.00908534 0.00599732 0.00370498
 0.00866809 0.0140742 0.0211631 0.0298464 0.0397952 0.0502903 0.0601946 0.0682321 0.0734564 0.0755606 0.074824 0.0718287 0.0672037 0.0615047 0.0551818 0.0485752 0.0419251 0.0353989 0.0291272 0.0232361 0.0178603 0.0131354 0.00917349 0.00603508 0.00370931
 0.00865762 0.014055 0.0211307 0.0297959 0.039724 0.0502006 0.0600958 0.0681393 0.0733858 0.0755234 0.0748219 0.0718527 0.067238 0.0615322 0.0551917 0.0485687 0.041916 0.0354078 0.0291709 0.023317 0.0179641 0.0132383 0.00925466 0.00608556 0.00373248
 0.0086613 0.0140609 0.021139 0.0298062 0.0397343 0.0502071 0.0600928 0.0681216 0.0733515 0.0754763 0.0747708 0.0718081 0.0672068 0.0615146 0.055182 0.04856 0.0419058 0.0354005 0.0291756 0.023341 0.0180072 0.0132915 0.00930543 0.00612404 0.00375555
 0.00862144 0.0140011 0.0210586 0.029708 0.0396246 0.0500942 0.0599861 0.0680299 0.0732821 0.0754333 0.0747549 0.0718181 0.0672405 0.0615694 0.0552535 0.0486415 0.0419898 0.0354813 0.0292512 0.0234128 0.0180763 0.0133565 0.00936201 0.00616794 0.00378506
 0.00862473 0.0140023 0.0210528 0.0296888 0.0395859 0.0500339 0.0599085 0.0679453 0.0732031 0.0753707 0.0747144 0.0718 0.0672419 0.0615865 0.0552832 0.0486813 0.0420369 0.0355326 0.0293039 0.0234646 0.0181259 0.0134025 0.00940225 0.00620014 0.003808
 0.00864264 0.0140305 0.0210934 0.0297419 0.0396488 0.0500996 0.0599659 0.0679814 0.0732074 0.0753402 0.0746549 0.0717238 0.0671627 0.0615151 0.0552255 0.0486394 0.0420105 0.0355201 0.029303 0.0234728 0.0181404 0.0134206 0.00942108 0.0062171 0.00382131
 0.00863238 0.0140163 0.0210766 0.0297256 0.0396369 0.0500959 0.0599722 0.0679967 0.0732276 0.0753584 0.0746641 0.0717196 0.0671453 0.0614892 0.0551985 0.048618 0.0419986 0.0355188 0.0293111 0.0234879 0.0181598 0.0134414 0.00944089 0.00623398 0.00383417
 0.00863238 0.0140163 0.0210766 0.0297256 0.0396369 0.0500959 0.0599722 0.0679967 0.0732276 0.0753584 0.0746641 0.0717196 0.0671453 0.0614892 0.0551985 0.048618 0.0419986 0.0355188 0.0293111 0.0234879 0.0181598 0.0134414 0.00944089 0.00623398 0.00383417
 0.00860256 0.0139704 0.0210125 0.0296437 0.0395407 0.0499924 0.059872 0.0679127 0.0731719 0.0753387 0.0746805 0.0717651 0.0672084 0.0615584 0.0552657 0.0486796 0.0420548 0.0355712 0.0293608 0.0235349 0.0182029 0.0134792 0.00947204 0.00625787 0.00385103
 0.00874764 0.0141967 0.0213343 0.0300651 0.0400519 0.0505659 0.06046 0.0684508 0.0735928 0.0755888 0.0747347 0.0716295 0.0669142 0.0611507 0.0547929 0.0481861 0.0415771 0.0351361 0.0289857 0.0232282 0.0179654 0.0133055 0.00935277 0.00618148 0.00380574
#pred catch len freq
 0.00485527 0.00764152 0.0110654 0.0150103 0.0194016 0.0241952 0.0293024 0.0345445 0.0396841 0.0444891 0.0487754 0.052421 0.05537 0.0576214 0.059199 0.0601177 0.0603635 0.0598884 0.0585997 0.0563351 0.0528535 0.0479041 0.0414021 0.033634 0.0253254
 0.00513569 0.00799414 0.0114096 0.0152187 0.019349 0.0238281 0.0286849 0.0338424 0.0390871 0.0441171 0.0486248 0.0523814 0.0552932 0.0574036 0.0588362 0.0597118 0.0600798 0.0598796 0.0589313 0.0569482 0.0535879 0.0485712 0.0418666 0.0338584 0.0253593
 0.00548433 0.00853403 0.0121649 0.0161753 0.0204373 0.0249118 0.0295721 0.0343359 0.0390667 0.0436073 0.0477931 0.0514537 0.0544405 0.0566777 0.0581924 0.0590904 0.0594788 0.0593696 0.0586073 0.0568591 0.0536961 0.0487686 0.0420345 0.0339258 0.0253228
 0.00577164 0.00899047 0.0128334 0.0170916 0.0216257 0.0263718 0.0312548 0.0361173 0.0407399 0.0449161 0.0485085 0.0514628 0.0537944 0.0555596 0.0568254 0.0576502 0.0580664 0.0580413 0.0574129 0.0558478 0.0528919 0.0481522 0.0415542 0.033531 0.0249886
 0.00610634 0.00950298 0.0135482 0.0180173 0.022763 0.0277238 0.0328261 0.0378981 0.0426784 0.0468903 0.0503164 0.0528503 0.0545237 0.0554933 0.0559792 0.05618 0.0562001 0.056003 0.0553795 0.0539435 0.0511971 0.0467097 0.0403751 0.0326037 0.0242907
 0.00651144 0.0101227 0.0144093 0.0191215 0.0240921 0.0292486 0.0345117 0.0397046 0.0445597 0.0487897 0.052154 0.0545041 0.0558211 0.0562328 0.0559868 0.0553764 0.0546399 0.0538615 0.052898 0.0513661 0.0487289 0.0445 0.0385161 0.0311355 0.0232076
 0.00693971 0.0107827 0.0153359 0.0203256 0.0255637 0.0309612 0.0364214 0.0417465 0.0466488 0.0508302 0.0540496 0.0561623 0.0571465 0.0571148 0.0562969 0.0549901 0.0534829 0.0519569 0.0503856 0.0484797 0.045744 0.0416768 0.0360561 0.0291578 0.0217443
 0.00733577 0.0113964 0.0162046 0.0214672 0.0269792 0.0326369 0.0383256 0.0438226 0.0488126 0.0529746 0.0560562 0.0579146 0.0585397 0.0580578 0.0567062 0.054783 0.0525857 0.0503348 0.0480836 0.0456494 0.0426335 0.0385827 0.0332558 0.026849 0.0200124
 0.00774736 0.0120319 0.0170997 0.0226368 0.0284208 0.0343356 0.0402523 0.0459265 0.0510158 0.0551735 0.0581291 0.0597343 0.0599868 0.0590315 0.0571276 0.054591 0.0517326 0.0487937 0.0458746 0.0428735 0.0394918 0.0353573 0.0302502 0.0243109 0.0180749
 0.00810724 0.0125906 0.0178928 0.0236827 0.0297233 0.0358852 0.0420234 0.0478719 0.0530643 0.0572328 0.060093 0.0614899 0.0614224 0.0600449 0.0576324 0.0545196 0.0510363 0.0474467 0.0438894 0.0403274 0.0365504 0.0322713 0.0273116 0.0217798 0.0161105
 0.0084785 0.0131647 0.0187027 0.0247428 0.0310312 0.0374254 0.0437648 0.0497628 0.0550298 0.0591793 0.0619172 0.0630882 0.0626995 0.0609189 0.058036 0.0543987 0.0503498 0.0461708 0.0420313 0.037949 0.0337912 0.029352 0.0245008 0.019329 0.0141855
 0.00888068 0.0137841 0.0195719 0.0258716 0.0324104 0.0390308 0.0455564 0.0516795 0.0569877 0.061077 0.0636462 0.0645451 0.0637962 0.0615891 0.0582355 0.0541008 0.0495388 0.0448413 0.0401978 0.0356669 0.0311798 0.0266021 0.0218507 0.0170083 0.0123513
 0.00919978 0.0142817 0.0202821 0.0268142 0.0335905 0.0404381 0.0471604 0.0534241 0.0587914 0.0628401 0.065262 0.0659114 0.0648249 0.0622136 0.0584137 0.0538123 0.0487795 0.0436193 0.0385375 0.0336234 0.0288578 0.0241643 0.0195005 0.0149444 0.010713
 0.00951061 0.0147621 0.0209595 0.0277001 0.0346831 0.0417245 0.0486146 0.0550009 0.0604227 0.0644377 0.0667259 0.0671422 0.065736 0.0627408 0.0585193 0.0534832 0.0480209 0.0424507 0.0369933 0.0317621 0.0267755 0.0220015 0.0174288 0.0131305 0.0092736
 0.00982209 0.0152408 0.0216292 0.0285666 0.0357369 0.0429452 0.0499707 0.0564459 0.0618931 0.0658555 0.0680059 0.0681997 0.0664965 0.0631475 0.0585386 0.053105 0.0472559 0.0413255 0.0355498 0.0300621 0.0249092 0.0200915 0.015619 0.0115573 0.00803063
 0.0100054 0.0155313 0.0220528 0.0291432 0.0364784 0.0438514 0.0510237 0.0576067 0.0631035 0.0670457 0.0691026 0.0691327 0.0672033 0.0635772 0.058655 0.052889 0.0467061 0.0404582 0.0343997 0.0286852 0.0233869 0.0185305 0.0141405 0.0102736 0.0070174
 0.010179 0.0157942 0.0224137 0.029601 0.037027 0.0444872 0.0517468 0.0584151 0.0639826 0.0679599 0.069995 0.0699337 0.0678437 0.0640002 0.0588219 0.0527796 0.0463163 0.0397988 0.0334978 0.0275874 0.0221627 0.0172707 0.0129466 0.00923795 0.00620098
 0.0102908 0.0159631 0.0226439 0.0298885 0.0373622 0.0448587 0.0521456 0.0588367 0.0644272 0.0684305 0.0704913 0.0704433 0.068336 0.0644278 0.059129 0.0529149 0.0462429 0.0395001 0.0329797 0.0268798 0.0213199 0.0163679 0.0120694 0.00846509 0.00558575
 0.0104034 0.0161329 0.0228751 0.0301763 0.037695 0.0452211 0.0525209 0.0592075 0.0647774 0.0687479 0.0707708 0.0706867 0.0685478 0.0646069 0.0592626 0.0529766 0.0461986 0.0393185 0.0326439 0.0263957 0.0207193 0.0157059 0.0114136 0.00787986 0.00511603
 0.0105228 0.0163086 0.0231056 0.0304487 0.0379895 0.0455182 0.0528057 0.0594711 0.0650138 0.068952 0.0709378 0.0708141 0.0686363 0.0646605 0.0592845 0.0529638 0.0461384 0.0391903 0.032427 0.0260803 0.0203156 0.0152462 0.0109459 0.00745397 0.00476919
 0.010651 0.0165008 0.0233642 0.0307646 0.0383434 0.0458844 0.0531561 0.0597779 0.0652544 0.0691132 0.0710184 0.0708233 0.0685889 0.0645722 0.0591683 0.0528279 0.0459842 0.0390116 0.0322122 0.0258191 0.0200074 0.0149056 0.0106012 0.0071389 0.00451088
 0.0107424 0.0166424 0.0235639 0.0310249 0.0386606 0.0462485 0.0535487 0.0601715 0.0656144 0.0694035 0.0712092 0.0708984 0.0685493 0.0644344 0.058959 0.0525754 0.0457115 0.0387322 0.0319298 0.0255319 0.0197142 0.0146119 0.010321 0.00689065 0.00431054
 0.0106087 0.0164565 0.023343 0.0308054 0.0384897 0.0461686 0.0535847 0.0603257 0.0658688 0.0697263 0.0715608 0.0712372 0.0688385 0.0646482 0.0590869 0.0526215 0.0456897 0.0386594 0.0318202 0.025395 0.019557 0.0144424 0.0101509 0.00673428 0.00418055
 0.0105406 0.0163429 0.0231685 0.0305583 0.0381699 0.0457974 0.05321 0.0600153 0.0656907 0.0697241 0.0717386 0.07156 0.0692468 0.065077 0.059481 0.0529441 0.0459245 0.0388068 0.0318912 0.0254044 0.01952 0.0143737 0.0100654 0.00664636 0.00410245
 0.0105334 0.01632 0.0231125 0.0304449 0.0379723 0.0454956 0.0528022 0.0595271 0.065178 0.0692663 0.0714203 0.0714461 0.0693605 0.0653917 0.0599309 0.0534479 0.0464087 0.0392207 0.0322103 0.0256258 0.0196544 0.0144389 0.0100816 0.00663326 0.00407678
 0.0105968 0.0164068 0.0232123 0.0305354 0.0380222 0.0454707 0.052673 0.0592761 0.0648074 0.0688046 0.0709248 0.0709953 0.0690359 0.0652535 0.0599982 0.0536934 0.0467698 0.0396224 0.0325872 0.0259356 0.0198803 0.0145842 0.0101616 0.00666781 0.00408457
 0.0108234 0.0167364 0.0236357 0.0310175 0.0385097 0.0459056 0.0530032 0.0594606 0.0648173 0.0686266 0.070567 0.0704937 0.0684541 0.0646735 0.0595016 0.0533393 0.0465793 0.0395762 0.0326389 0.0260315 0.0199771 0.0146573 0.0102041 0.00668479 0.00408561
 0.0108139 0.016741 0.0236787 0.0311311 0.0387225 0.0462257 0.0534053 0.0598862 0.0651908 0.068878 0.0706503 0.0703949 0.0681911 0.0642914 0.0590646 0.0529178 0.0462334 0.0393409 0.0325168 0.0259985 0.0199963 0.0146945 0.0102372 0.00670508 0.00409381
