SBPRF35
9.09119
Curr Bio
672234
B35
657843
F35
0.198966
FOFL
0.198966
OFL
104815
Bzero
2.59748e+006
#pred survey bio
 3.48963e+006 3.51291e+006 3.50707e+006 3.34347e+006 3.10871e+006 2.92331e+006 2.71827e+006 2.49666e+006 2.23709e+006 1.872e+006 1.47978e+006 1.22886e+006 1.08863e+006 984954 894374 796372 739360 700586 659143 629550 573076 531715 513268 511060 534306 555999 550258 545849 558033 578612 592982 608655 610126 581244 563061 591343 582711 579979 588678 572136 551298 533210 524558 533094 548257 580999 647954 699801 690356 691849 689938 681536 1.55613e+007 1.4651e+007 1.52548e+007 1.60316e+007 1.6859e+007 1.76389e+007 1.83172e+007 1.88755e+007 1.93179e+007 1.96594e+007 1.99184e+007 2.01127e+007 2.02576e+007 2.03654e+007 2.04457e+007 2.05055e+007 2.05503e+007 2.05839e+007 2.06093e+007 2.06286e+007 2.06433e+007 2.06546e+007 2.06632e+007 2.06699e+007 2.06751e+007 2.06791e+007 2.06822e+007 2.06846e+007 2.06865e+007 2.0688e+007 2.06892e+007 2.06901e+007 2.06908e+007 2.06914e+007 2.06918e+007 2.06921e+007 2.06924e+007 2.06926e+007 2.06928e+007 2.06929e+007 2.0693e+007 2.06931e+007 2.06932e+007 2.06932e+007 2.06933e+007 2.06933e+007 2.06933e+007 2.06934e+007 2.06934e+007 2.06934e+007 2.06934e+007 2.06934e+007 2.06934e+007 2.06934e+007 2.06934e+007 2.06934e+007 2.06934e+007 2.06934e+007 2.06934e+007 2.06934e+007 2.06934e+007 2.06934e+007 2.06934e+007 2.06934e+007 2.06934e+007 2.06934e+007 2.06934e+007 2.06934e+007 2.06934e+007 2.06934e+007 2.06934e+007 2.06934e+007 2.06934e+007 2.06934e+007 2.06934e+007 2.06934e+007 2.06934e+007 2.06934e+007 2.06934e+007 2.06934e+007 2.06934e+007 2.06934e+007 2.06934e+007 2.06934e+007 2.06934e+007 2.06934e+007 2.06934e+007 2.06934e+007 2.06934e+007 2.06934e+007 2.06934e+007 2.06934e+007 2.06934e+007 2.06934e+007 2.06934e+007 2.06934e+007 2.06934e+007 2.06934e+007 2.06934e+007 2.06934e+007 0 0 0 0 0 0 0 0 0 0 0 0 0 0 0 0 0 0 0 0 0 0 0 0 0
#obs survey bio
 3.32651e+006 3.05483e+006 4.1413e+006 3.60098e+006 3.10207e+006 3.0422e+006 2.42286e+006 2.20898e+006 1.46396e+006 1.98796e+006 1.09723e+006 1.17438e+006 1.23414e+006 844526 1.1949e+006 632709 821733 679331 740793 898454 632518 521513 565971 495216 532665 621656 631131 583182 421811 611654 457890 582175 563994 495397 546937 895273 536413 480677 570160 537727 651758 597854 510400 570301 549351 517820 667367 889336 587048 853580 628383 709217
#pred catch bio
 108551 109686 162781 214905 251891 251214 311613 307612 324504 312962 290619 263647 256249 247377 231930 205918 179721 170330 147300 136976 131820 125143 115626 101273 104739 112963 103604 94871.8 97888.2 95489.4 94403.6 100477 91154.7 100206 90568.6 88205.7 83214.6 80647.4 90755 78263.6 92176.9 92420.2 86866.2 88045 97421.6 95339.7 99447 89249.4 93572.3 91628.4 104087 101280 104815 107557 111070 115933 121347 126428 130749 134193 136814 138741 140119 141086 141753 142208 142515 142720 142856 142947 143006 143045 143071 143087 143098 143105 143110 143113 143115 143116 143117 143118 143118 143118 143118 143118 143118 143118 143119 143119 143119 143119 143119 143119 143119 143119 143119 143119 143119 143119 143119 143119 143119 143119 143119 143119 143119 143119 143119 143119 143119 143119 143119 143119 143119 143119 143119 143119 143119 143119 143119 143119 143119 143119 143119 143119 143119 143119 143119 143119 143119 143119 143119 143119 143119 143119 143119 143119 143119 143119 143119 143119 143119 143119 143119 143119 143119 143119 143119 143119 143119 143119 0 0 0 0 0 0 0 0 0 0 0 0 0 0 0 0 0 0 0 0 0 0 0 0 0
#obs catch bio
 0 109366 162836 214986 252378 250654 312425 307506 324437 312390 290676 264117 256908 248373 231059 206872 179675 170479 147471 136473 131777 125421 115736 101288 104885 112939 103498 94771.7 98093.3 95402.6 94357.8 100698 90803.2 100292 91018.9 88061.1 83185.6 80591.2 90914 77992.8 92321.2 92490.6 86857.1 87907.1 97557 95683.5 99674.1 88915.5 93657.1 91485.3 104213 101262
#pred cpue bio
 3.44984e+006 3.47309e+006 3.46571e+006 3.30201e+006 3.06806e+006 2.88226e+006 2.6773e+006 2.45578e+006 2.1974e+006 1.83582e+006 1.44847e+006 1.20009e+006 1.06065e+006 957457 867404 770528 713832 675508 634813 605955 551419 511270 493256 491017 513458 534483 529000 524793 536623 556519 570571 585815 587387 559907 542271 569548 560381 555839 563168 547274 527699 510383 502162 510471 525033 556123 620277 670268 661682 662948 661148 652649 1.48939e+007 1.40186e+007 1.45588e+007 1.52916e+007 1.61086e+007 1.68868e+007 1.75649e+007 1.81231e+007 1.85655e+007 1.8907e+007 1.9166e+007 1.93603e+007 1.95052e+007 1.9613e+007 1.96933e+007 1.97531e+007 1.97978e+007 1.98315e+007 1.98569e+007 1.98762e+007 1.98909e+007 1.99022e+007 1.99108e+007 1.99175e+007 1.99227e+007 1.99267e+007 1.99298e+007 1.99322e+007 1.99341e+007 1.99356e+007 1.99368e+007 1.99377e+007 1.99384e+007 1.99389e+007 1.99394e+007 1.99397e+007 1.994e+007 1.99402e+007 1.99404e+007 1.99405e+007 1.99406e+007 1.99407e+007 1.99408e+007 1.99408e+007 1.99409e+007 1.99409e+007 1.99409e+007 1.9941e+007 1.9941e+007 1.9941e+007 1.9941e+007 1.9941e+007 1.9941e+007 1.9941e+007 1.9941e+007 1.9941e+007 1.9941e+007 1.9941e+007 1.9941e+007 1.9941e+007 1.9941e+007 1.9941e+007 1.9941e+007 1.9941e+007 1.9941e+007 1.9941e+007 1.9941e+007 1.9941e+007 1.9941e+007 1.9941e+007 1.9941e+007 1.9941e+007 1.9941e+007 1.9941e+007 1.9941e+007 1.9941e+007 1.9941e+007 1.9941e+007 1.9941e+007 1.9941e+007 1.9941e+007 1.9941e+007 1.9941e+007 1.9941e+007 1.9941e+007 1.9941e+007 1.9941e+007 1.9941e+007 1.9941e+007 1.9941e+007 1.9941e+007 1.9941e+007 1.9941e+007 1.9941e+007 1.9941e+007 1.9941e+007 1.9941e+007 1.9941e+007 1.9941e+007 1.9941e+007 0 0 0 0 0 0 0 0 0 0 0 0 0 0 0 0 0 0 0 0 0 0 0 0 0
#obs cpue bio
 3.13456e+006 3.96535e+006 3.49939e+006 3.10053e+006 2.4247e+006 3.40892e+006 2.44876e+006 2.93363e+006 3.70568e+006 1.99375e+006 1.74452e+006 1.06835e+006 890181 993947 973398 628410 755853 694857 505180 583584 441545 450030 470289 465393 486380 584350 464411 471160 604160 629500 691039 556811 866352 592943 316008 667296 547586 630652 608150 651117 403121 454882 502797 534743 472713 435980 698142 769506 610053 584042 692276 635948
#pred surv len freq
 0.00418786 0.0069214 0.010644 0.015408 0.0211296 0.0274923 0.0339336 0.0398051 0.044624 0.0482281 0.0507343 0.0523841 0.0534129 0.0539975 0.0542586 0.0542844 0.0541551 0.0539425 0.0536535 0.0531159 0.0518812 0.0492785 0.0447001 0.0380133 0.0298142
 0.00453106 0.00737869 0.0111491 0.0158445 0.021373 0.0274698 0.033666 0.0393969 0.0442066 0.047893 0.0505016 0.0522206 0.0532808 0.0538969 0.0542371 0.0544113 0.0544744 0.0544304 0.0542029 0.0535622 0.0520646 0.0491148 0.0442202 0.0373469 0.0291267
 0.00457052 0.00752098 0.0114992 0.0165261 0.0224702 0.0289519 0.0353448 0.0409658 0.0453589 0.0484519 0.0504771 0.0517644 0.0525858 0.0531172 0.0534691 0.053715 0.0538934 0.0539834 0.0538589 0.0532325 0.0516329 0.0484964 0.043414 0.0364418 0.0282579
 0.00471298 0.00772444 0.0117602 0.0168415 0.0228602 0.0294806 0.0361125 0.0420563 0.0467611 0.0500088 0.0519144 0.0527984 0.0530439 0.0529952 0.052898 0.0528803 0.0529622 0.0530673 0.0530034 0.0524214 0.0508103 0.0476084 0.0424529 0.0354643 0.0273608
 0.0049247 0.00807029 0.0122811 0.0175697 0.0238064 0.0306208 0.0373853 0.043383 0.0480786 0.0512875 0.053136 0.0539055 0.0539113 0.0534614 0.0528423 0.0522868 0.0519264 0.0517448 0.0515435 0.0509229 0.0493177 0.0461402 0.0410387 0.0341639 0.0262513
 0.00512224 0.00840081 0.012796 0.0183228 0.0248425 0.0319563 0.0389883 0.0451643 0.0499056 0.053017 0.0546503 0.055131 0.0548083 0.0539926 0.0529507 0.0519084 0.0510304 0.0503701 0.0497975 0.0489483 0.0472543 0.0441077 0.0391419 0.0324984 0.0248941
 0.00530504 0.0086981 0.0132446 0.0189597 0.0257011 0.0330591 0.0403356 0.046725 0.0516134 0.0547742 0.0563379 0.0566258 0.0560014 0.0548019 0.0533196 0.051795 0.050404 0.0492248 0.0481758 0.0469529 0.0450378 0.0418472 0.0370107 0.0306417 0.0234077
 0.00550989 0.00904431 0.0137895 0.0197636 0.026813 0.0344954 0.0420616 0.0486523 0.0536194 0.0567307 0.0581327 0.0581667 0.0572104 0.0556101 0.053667 0.0516337 0.0497012 0.0479692 0.0463922 0.0447208 0.0425026 0.0392102 0.0344953 0.0284462 0.0216619
 0.0056853 0.0093351 0.0142387 0.0204176 0.0277159 0.0356776 0.043525 0.0503592 0.0554908 0.058656 0.0599858 0.0598246 0.0585675 0.0565837 0.0541945 0.0516654 0.049197 0.0469046 0.0447741 0.0426095 0.0400294 0.0365753 0.0319378 0.02619 0.0198599
 0.00586432 0.00964123 0.0147272 0.021149 0.0287428 0.0370242 0.0451685 0.0522252 0.0574683 0.0606218 0.0618242 0.0614348 0.0598633 0.057493 0.0546588 0.0516382 0.0486427 0.0458002 0.0431212 0.0404571 0.0374967 0.0338575 0.02928 0.0238309 0.0179687
 0.00614253 0.0100869 0.0153862 0.0220616 0.0299387 0.0385129 0.0469267 0.0541882 0.0595316 0.062656 0.0636949 0.0630222 0.0610753 0.058268 0.05496 0.0514431 0.0479342 0.0445665 0.0413676 0.0382285 0.0349032 0.0310849 0.0265683 0.0214198 0.016032
 0.00636804 0.0104804 0.016027 0.0230366 0.0313187 0.0403185 0.0490985 0.0565848 0.0619624 0.0649299 0.065658 0.0645704 0.0621469 0.058832 0.0550062 0.0509739 0.0469578 0.0430939 0.0394198 0.0358568 0.0322139 0.0282533 0.0238218 0.018988 0.0140824
 0.00652785 0.0107518 0.0164589 0.0236868 0.032248 0.0415761 0.0507025 0.0585027 0.0641011 0.0671406 0.0677585 0.0663785 0.0635158 0.0596711 0.0552809 0.0506896 0.0461396 0.0417746 0.0376401 0.03368 0.0297472 0.0256598 0.0213085 0.0167625 0.012297
 0.00670696 0.0110485 0.0169156 0.0243475 0.0331501 0.0427389 0.0521149 0.0601191 0.0658481 0.0689276 0.0694845 0.0679337 0.0647851 0.0605466 0.0556792 0.0505653 0.0454868 0.0406187 0.0360309 0.0316933 0.0274954 0.0232996 0.0190291 0.0147497 0.010685
 0.00692075 0.0113954 0.0174366 0.0250795 0.034119 0.043948 0.0535327 0.0616768 0.06745 0.0704719 0.0708812 0.0691124 0.0656921 0.061136 0.055908 0.050394 0.044888 0.0395871 0.0345921 0.0299103 0.0254733 0.021185 0.0169943 0.0129596 0.00925587
 0.00716907 0.0117934 0.0180244 0.0258894 0.0351683 0.0452276 0.054997 0.0632412 0.0690037 0.0719011 0.0720902 0.0700359 0.0662958 0.0614097 0.0558537 0.0500155 0.0441848 0.038559 0.0332513 0.0282974 0.0236699 0.0193143 0.0152046 0.0113927 0.0080101
 0.00730314 0.0120212 0.018385 0.0264245 0.0359118 0.0461905 0.056153 0.0645238 0.0703185 0.0731463 0.0731762 0.070895 0.0668844 0.0617064 0.0558546 0.0497274 0.0436185 0.0377258 0.0321674 0.0269957 0.0222126 0.0177981 0.0137499 0.0101162 0.006994
 0.00741888 0.012188 0.0185981 0.0266701 0.0361772 0.0464769 0.0564826 0.0649328 0.070839 0.0737856 0.0739057 0.0716541 0.0675958 0.0622938 0.056256 0.0499007 0.0435411 0.0373918 0.0315862 0.0261949 0.0212445 0.0167423 0.0127053 0.00918036 0.00623825
 0.00754466 0.0123904 0.0188972 0.0270782 0.0366914 0.0470708 0.0571036 0.0655137 0.0713225 0.0741487 0.0741667 0.0718551 0.0677729 0.0624547 0.0563761 0.0499358 0.0434448 0.0371295 0.0311431 0.0255803 0.0204944 0.0159179 0.0118849 0.00844231 0.00564033
 0.00754977 0.0123981 0.0189083 0.0270953 0.03672 0.0471211 0.0571888 0.0656451 0.0715026 0.0743682 0.0744087 0.0721048 0.0680252 0.0627114 0.0566342 0.050176 0.0436296 0.0372129 0.0310859 0.0253648 0.0201325 0.0154512 0.0113756 0.00795724 0.00523252
 0.00761146 0.0124853 0.0190153 0.0272085 0.0368223 0.0471983 0.0572356 0.0656675 0.0715153 0.0743898 0.0744545 0.0721824 0.0681334 0.0628427 0.0567791 0.0503222 0.0437592 0.037299 0.0310971 0.0252756 0.0199356 0.0151648 0.0110401 0.00762262 0.00494237
 0.0076343 0.012541 0.019132 0.0274197 0.0371534 0.0476482 0.0577638 0.0661985 0.0719626 0.0746867 0.0745751 0.0721429 0.0679767 0.0626199 0.0565332 0.0500821 0.0435371 0.0370923 0.0308916 0.0250524 0.0196817 0.0148812 0.0107445 0.00734311 0.00470584
 0.00773013 0.0126766 0.0193002 0.0276051 0.0373421 0.0478389 0.0579728 0.0664491 0.072265 0.0750197 0.0748865 0.0723686 0.0680698 0.0625688 0.0563621 0.0498349 0.043258 0.0368123 0.0306239 0.0247963 0.0194308 0.0146328 0.0105047 0.00712556 0.0045253
 0.00788303 0.012898 0.019582 0.0279204 0.0376499 0.0480953 0.058143 0.0665182 0.0722441 0.0749446 0.0748041 0.0723156 0.0680543 0.0625696 0.0563444 0.049772 0.0431436 0.0366576 0.0304468 0.0246113 0.0192457 0.014452 0.0103336 0.00697227 0.00439859
 0.00782128 0.0128099 0.0194714 0.0277965 0.0375217 0.0479649 0.0580023 0.0663542 0.0720511 0.0747364 0.0746178 0.0722015 0.0680562 0.0627038 0.0565912 0.0500831 0.0434615 0.0369356 0.0306593 0.0247525 0.0193221 0.0144759 0.0103196 0.00693594 0.00435459
 0.00776704 0.01272 0.0193339 0.0276019 0.0372682 0.0476642 0.0576823 0.0660535 0.0718058 0.0745671 0.0745263 0.0721801 0.0681007 0.0628187 0.0567834 0.0503485 0.0437777 0.0372655 0.0309632 0.0250009 0.0195017 0.0145883 0.0103767 0.00695412 0.00435039
 0.00788034 0.0128823 0.0195373 0.0278236 0.0374755 0.047823 0.0577659 0.066048 0.0717126 0.0744018 0.074314 0.0719486 0.0678747 0.0626183 0.0566255 0.0502471 0.0437398 0.0372859 0.0310239 0.0250767 0.0195694 0.014634 0.0103973 0.00695482 0.0043398
 0.00795932 0.0130003 0.0196945 0.0280112 0.0376747 0.0480067 0.0579015 0.0661037 0.0716671 0.0742537 0.0740854 0.0716789 0.0676072 0.0623883 0.0564538 0.050141 0.0436974 0.0372993 0.0310796 0.0251564 0.0196532 0.0147054 0.0104474 0.00698295 0.00435104
 0.00793306 0.0129609 0.0196413 0.0279454 0.0375988 0.0479229 0.057811 0.0660067 0.0715629 0.0741428 0.0739714 0.0715701 0.0675169 0.0623319 0.0564442 0.0501846 0.0437922 0.0374354 0.031242 0.0253274 0.019815 0.0148432 0.0105525 0.00705416 0.00439341
 0.0079184 0.012936 0.019602 0.0278879 0.0375209 0.0478265 0.0577028 0.0658973 0.0714636 0.0740608 0.0739081 0.0715224 0.0674814 0.0623089 0.0564389 0.0502051 0.0438452 0.0375227 0.0313581 0.0254606 0.0199501 0.0149655 0.0106516 0.0071258 0.00443935
 0.00795801 0.0129804 0.0196323 0.0278749 0.0374343 0.0476479 0.0574376 0.0655761 0.0711334 0.0737705 0.0736948 0.0714046 0.0674585 0.0623661 0.0565549 0.0503596 0.0440234 0.0377148 0.0315567 0.0256571 0.0201341 0.0151263 0.0107809 0.00722057 0.00450208
 0.00784606 0.0128274 0.0194541 0.0277008 0.0372941 0.0475547 0.0573766 0.0655114 0.0710287 0.0736123 0.0735028 0.0712223 0.0673329 0.0623281 0.0566114 0.0504968 0.0442168 0.0379389 0.0317902 0.0258839 0.0203418 0.0153049 0.010924 0.00732609 0.00457302
 0.00782441 0.0127813 0.0193667 0.0275545 0.0370812 0.047289 0.0570987 0.0652768 0.0708829 0.073567 0.0735314 0.0712795 0.067383 0.0623631 0.0566475 0.0505579 0.0443182 0.0380806 0.0319603 0.0260651 0.0205171 0.0154609 0.0110518 0.00742226 0.00463895
 0.00781557 0.0127561 0.0193082 0.0274395 0.0368849 0.0469944 0.0567075 0.0648172 0.0704094 0.0731501 0.0732376 0.071149 0.0674171 0.0625287 0.0568967 0.0508492 0.0446261 0.0383929 0.0322687 0.0263593 0.0207843 0.0156892 0.0112335 0.00755579 0.00472901
 0.00787074 0.0128555 0.0194741 0.0276937 0.0372376 0.0474293 0.0571718 0.0652279 0.0706772 0.0732125 0.0730825 0.0708178 0.0669859 0.0620789 0.0564905 0.0505189 0.0443789 0.0382225 0.0321645 0.0263099 0.0207767 0.0157089 0.0112662 0.00758999 0.00475758
 0.00844566 0.013652 0.0204193 0.0286385 0.0380047 0.0478865 0.0572857 0.0650634 0.0703479 0.0728177 0.0726714 0.0703945 0.066539 0.0616098 0.0560219 0.0500856 0.0440116 0.0379375 0.0319627 0.0261814 0.0207065 0.0156806 0.011264 0.00760065 0.0047716
 0.00925865 0.0148974 0.0221429 0.0308097 0.0404993 0.0504791 0.0596618 0.0668744 0.071311 0.0728187 0.0718039 0.0689055 0.0647194 0.0596998 0.0541752 0.0483839 0.0424968 0.0366326 0.0308788 0.0253173 0.0200485 0.0152046 0.0109391 0.00739302 0.00464836
 0.0091986 0.0149333 0.022439 0.0315892 0.0419709 0.0527266 0.0625528 0.0700499 0.0742751 0.0750863 0.073039 0.068997 0.0637793 0.0579969 0.0520374 0.0461094 0.0403042 0.0346546 0.0291821 0.0239253 0.0189577 0.0143921 0.010368 0.00701703 0.00441842
 0.00884224 0.014397 0.0217214 0.0307423 0.0411171 0.0520646 0.062337 0.0705233 0.0755626 0.0770972 0.0754485 0.071338 0.0656044 0.0590258 0.0522195 0.0455894 0.0393296 0.0334801 0.028008 0.0228782 0.0180991 0.0137368 0.00990121 0.00670771 0.00422872
 0.0087966 0.0142949 0.0215181 0.0303847 0.0405652 0.0513253 0.0614944 0.0697467 0.0750766 0.0771172 0.0760975 0.0725792 0.0672251 0.0606933 0.0535931 0.0464366 0.0395876 0.0332419 0.0274537 0.0221975 0.0174384 0.0131817 0.00948327 0.00642158 0.00404982
 0.00861207 0.0140183 0.0211438 0.0299182 0.0400161 0.0506991 0.0607938 0.0689875 0.0743126 0.0764573 0.0756973 0.0725969 0.0677534 0.0617004 0.0549095 0.0478037 0.0407499 0.0340344 0.0278414 0.022255 0.0172933 0.012957 0.00926439 0.00625021 0.00393453
 0.00852612 0.0138977 0.0209977 0.0297674 0.039887 0.0506124 0.060754 0.0689765 0.0742925 0.0763851 0.07555 0.0723973 0.067578 0.0616543 0.055073 0.0481814 0.0412565 0.0345314 0.0282018 0.0224163 0.0172705 0.0128162 0.00908239 0.00608382 0.00381053
 0.00856897 0.0139466 0.0210342 0.0297645 0.0398204 0.0504761 0.0605695 0.0687875 0.074145 0.0763029 0.0755237 0.0723935 0.0675657 0.0616303 0.0550694 0.0482456 0.0414158 0.0347669 0.0284528 0.0226122 0.017367 0.0128129 0.00901245 0.00599022 0.00372581
 0.00859155 0.0139782 0.0210714 0.0297981 0.0398345 0.0504497 0.0604811 0.0686246 0.0739146 0.0760375 0.0752731 0.0722057 0.0674671 0.0616197 0.0551288 0.0483578 0.0415729 0.0349626 0.0286696 0.0228179 0.0175265 0.0129057 0.00904147 0.00597614 0.00369375
 0.00865655 0.0140721 0.0211906 0.0299313 0.0399647 0.050558 0.0605499 0.0686387 0.0738622 0.0759135 0.0750847 0.0719761 0.0672324 0.0614184 0.0549891 0.0482913 0.0415757 0.035022 0.0287674 0.0229318 0.0176326 0.0129844 0.00908415 0.0059871 0.00368523
 0.00868892 0.0141391 0.0213165 0.030144 0.0402846 0.0509821 0.0610405 0.0691264 0.0742648 0.0761615 0.0751409 0.0718413 0.0669395 0.0610212 0.0545499 0.0478675 0.0412103 0.0347375 0.028567 0.022804 0.0175572 0.0129398 0.00905332 0.00596085 0.00366136
 0.00863146 0.0140433 0.0211699 0.0299387 0.040025 0.0506934 0.0607719 0.06894 0.0742126 0.0762608 0.075364 0.0721271 0.0672192 0.0612435 0.0546935 0.0479398 0.0412364 0.0347466 0.028581 0.0228321 0.0175973 0.0129828 0.00908992 0.0059856 0.00367413
 0.00868672 0.0141052 0.0212118 0.0299187 0.0398984 0.0504319 0.0603809 0.0684656 0.0737324 0.0758631 0.0751225 0.0720788 0.0673545 0.061512 0.055025 0.04827 0.0415242 0.0349786 0.028763 0.0229769 0.0177151 0.0130781 0.00916316 0.00603707 0.00370624
 0.00881371 0.0142766 0.0214038 0.0300846 0.0399774 0.0503669 0.0601358 0.0680381 0.0731588 0.0752163 0.0745007 0.0715843 0.0670661 0.0614626 0.0551941 0.0485952 0.0419264 0.0353868 0.0291304 0.0232824 0.0179558 0.0132599 0.00929441 0.00612638 0.00376246
 0.00875059 0.0142193 0.0213983 0.030194 0.0402557 0.0508214 0.0607026 0.068589 0.0735458 0.0753293 0.0743085 0.0711407 0.066484 0.0608726 0.0547046 0.0482672 0.0417672 0.035363 0.0291904 0.023378 0.0180538 0.0133435 0.00935816 0.00617105 0.00379128
 0.00882995 0.0143103 0.0214687 0.0301996 0.0401634 0.0506387 0.0604909 0.0684437 0.0735456 0.0754861 0.0745547 0.0713639 0.0665877 0.060822 0.0545347 0.0480541 0.0415873 0.0352624 0.0291762 0.0234285 0.0181365 0.0134303 0.00943196 0.00622553 0.00382717
 0.0088658 0.0143982 0.0216518 0.0305266 0.0406648 0.0512968 0.0612246 0.0691268 0.0740573 0.0757619 0.0746016 0.0712329 0.0663288 0.0604611 0.0540825 0.0475316 0.0410389 0.0347464 0.0287428 0.0231027 0.017916 0.0132943 0.00935474 0.00618453 0.00380662
#obs surv len freq
 nan nan nan nan nan nan nan nan nan nan nan nan nan nan nan nan nan nan nan nan nan nan nan nan nan
 0.00448496 0.00734662 0.0111771 0.0159943 0.0216961 0.0279727 0.0342876 0.0400192 0.0446985 0.0481614 0.0505179 0.0520122 0.0529029 0.0534139 0.053727 0.0539811 0.054259 0.0545514 0.0546899 0.0542816 0.0527198 0.0493521 0.0438024 0.036283 0.0276674
 0.00461657 0.00756219 0.0115042 0.0164585 0.0223148 0.0287457 0.0351872 0.0409877 0.045656 0.0490217 0.0512046 0.05247 0.0531034 0.0533557 0.0534316 0.0534853 0.0536061 0.053784 0.0538471 0.0534004 0.0518389 0.0485147 0.0430531 0.0356597 0.027191
 0.00477983 0.00783012 0.0119121 0.0170409 0.0230984 0.0297385 0.0363667 0.0422955 0.0470042 0.0503068 0.0523235 0.0533326 0.0536419 0.0535312 0.0532371 0.0529434 0.0527626 0.0526986 0.0525866 0.0520355 0.0504453 0.0471736 0.041845 0.0346512 0.0264188
 0.00496824 0.0081391 0.0123822 0.0177118 0.0240018 0.030886 0.0377374 0.0438305 0.0486133 0.051883 0.0537578 0.0545237 0.0545018 0.0539915 0.0532548 0.0525062 0.0518906 0.0514424 0.0510228 0.0502626 0.0485797 0.0453436 0.0401775 0.0332498 0.0253418
 0.00518568 0.00849265 0.0129146 0.0184634 0.0250034 0.032148 0.0392374 0.0455083 0.0503775 0.0536271 0.0553741 0.0559121 0.0555729 0.0546678 0.053474 0.0522263 0.0510973 0.0501564 0.0493054 0.048218 0.0463524 0.0431059 0.0381059 0.0314913 0.023982
 0.00541258 0.0088656 0.0134834 0.0192766 0.026099 0.0335379 0.0408924 0.0473539 0.0523057 0.0555181 0.0571157 0.0574081 0.0567428 0.0554429 0.0537944 0.0520417 0.0503728 0.0488841 0.0475194 0.0460086 0.0438709 0.0405537 0.0357021 0.0294259 0.0223718
 0.00564204 0.00924187 0.014056 0.0200943 0.0272013 0.0349409 0.0425737 0.0492457 0.054303 0.0574974 0.0589546 0.0589987 0.057997 0.0562918 0.0541835 0.0519257 0.0497147 0.047663 0.0457485 0.0437575 0.0412816 0.037836 0.0330999 0.0271615 0.0205898
 0.00588711 0.00964147 0.0146597 0.0209493 0.028344 0.036383 0.0442882 0.0511616 0.0563146 0.0594838 0.0607983 0.0605958 0.0592607 0.0571525 0.0545864 0.0518273 0.0490801 0.0464696 0.0440006 0.0415101 0.0386629 0.0350509 0.0304002 0.0247871 0.0187048
 0.00612735 0.0100375 0.0152656 0.0218185 0.0295182 0.0378751 0.0460654 0.0531404 0.0583745 0.0614919 0.0626323 0.0621551 0.0604686 0.0579514 0.0549327 0.051686 0.0484219 0.0452739 0.0422688 0.0392885 0.0360674 0.032275 0.0276906 0.0223869 0.0167865
 0.0063693 0.0104329 0.0158647 0.02267 0.0306602 0.0393213 0.0477892 0.0550682 0.0603941 0.0634727 0.064446 0.0636915 0.0616427 0.0587048 0.055229 0.0515021 0.0477414 0.0440863 0.0405791 0.0371395 0.0335641 0.0295958 0.0250678 0.0200538 0.0149134
 0.00662623 0.0108526 0.0165 0.0235705 0.0318621 0.0408314 0.0495691 0.0570302 0.0624142 0.0654158 0.066188 0.0651315 0.0627056 0.0593397 0.0554059 0.0512069 0.0469696 0.0428403 0.0388748 0.0350232 0.0311347 0.0270171 0.0225532 0.0178193 0.013118
 0.00683929 0.0112075 0.0170496 0.0243691 0.0329537 0.0422316 0.0512472 0.0589028 0.0643585 0.0672936 0.0678705 0.0665137 0.0637121 0.0599232 0.0555423 0.0508889 0.0462002 0.0416309 0.0372494 0.0330319 0.0288725 0.0246335 0.0202393 0.0157679 0.0114708
 0.00707261 0.0115859 0.0176176 0.025168 0.0340145 0.0435628 0.0528214 0.0606506 0.0661744 0.0690536 0.0694512 0.0678079 0.0646385 0.0604307 0.0556083 0.0505132 0.0453969 0.0404231 0.0356714 0.0311397 0.0267582 0.0224335 0.018123 0.0139033 0.00997958
 0.00725597 0.0118926 0.0180949 0.0258639 0.0349669 0.0447823 0.0542758 0.0622613 0.067831 0.0706378 0.0708571 0.0689508 0.0654552 0.0608776 0.0556608 0.0501646 0.0446567 0.0393144 0.0342318 0.0294277 0.0248626 0.020478 0.0162556 0.0122676 0.00867696
 0.00742712 0.0121702 0.0185117 0.0264512 0.0357496 0.0457708 0.0554556 0.0635865 0.0692262 0.0720085 0.0721043 0.0699851 0.0662069 0.0613012 0.0557336 0.049882 0.0440272 0.0383586 0.0329844 0.0279434 0.0232233 0.0187941 0.0146556 0.0108726 0.00757047
 0.00751351 0.0123128 0.0187307 0.0267676 0.0361822 0.0463311 0.0561425 0.0643834 0.0701033 0.0729259 0.0730147 0.0708341 0.0669346 0.061847 0.0560443 0.0499187 0.0437694 0.0378055 0.0321558 0.0268828 0.022001 0.0175063 0.0134134 0.00977988 0.00669938
 0.00759139 0.0124326 0.0188986 0.0269862 0.0364518 0.0466521 0.0565154 0.0648083 0.0705774 0.0734421 0.0735599 0.0713875 0.0674659 0.0623163 0.0564041 0.0501193 0.0437672 0.0375716 0.0316838 0.0261942 0.0211476 0.0165672 0.0124828 0.00894764 0.00602902
 0.00766449 0.0125479 0.0190655 0.0272096 0.0367309 0.0469777 0.0568696 0.0651668 0.0709173 0.0737502 0.073836 0.0716407 0.0677054 0.0625416 0.0565996 0.0502544 0.0438023 0.0374672 0.0314129 0.0257529 0.0205622 0.0158934 0.0117948 0.00831994 0.0055168
 0.00773117 0.0126488 0.0192033 0.0273822 0.0369325 0.0472004 0.0571043 0.0654033 0.0711439 0.0739555 0.0740122 0.0717863 0.0678251 0.0626438 0.0566887 0.0503247 0.0438343 0.0374313 0.0312782 0.0255006 0.0201964 0.0154452 0.0113165 0.00786981 0.00514133
 0.00777767 0.0127213 0.0193062 0.027517 0.0370962 0.0473852 0.0572973 0.0655884 0.0713058 0.0740851 0.074108 0.0718534 0.0678717 0.0626773 0.0567143 0.0503429 0.0438384 0.0374057 0.0312017 0.0253536 0.0199719 0.0151561 0.0109948 0.00755671 0.00487341
 0.00781563 0.0127777 0.0193814 0.0276079 0.0371977 0.0474916 0.0574036 0.06569 0.0713985 0.0741645 0.0741711 0.0718993 0.0679025 0.0626973 0.056728 0.0503526 0.0438418 0.0373951 0.0311638 0.025274 0.0198417 0.0149788 0.0107881 0.00734796 0.00468935
 0.00785032 0.0128303 0.0194533 0.0276973 0.0372997 0.0475985 0.0575058 0.0657778 0.0714641 0.0742051 0.0741888 0.0719001 0.0678933 0.0626835 0.0567131 0.050338 0.0438267 0.0373753 0.0311315 0.0252197 0.0197578 0.0148647 0.010653 0.00720852 0.00456373
 0.00786873 0.0128587 0.0194933 0.027749 0.0373615 0.0476673 0.0575763 0.0658431 0.0715173 0.0742409 0.0742055 0.0719 0.0678813 0.062666 0.0566953 0.0503228 0.0438142 0.0373625 0.0311133 0.0251891 0.019709 0.014796 0.0105688 0.00711908 0.00448107
 0.00786645 0.012852 0.0194776 0.027719 0.0373129 0.0475997 0.0574955 0.0657606 0.0714473 0.0741955 0.0741914 0.0719174 0.0679257 0.0627303 0.0567721 0.0504053 0.0438963 0.0374383 0.0311765 0.0252337 0.0197303 0.0147925 0.010544 0.00708076 0.00443903
 0.00787314 0.0128574 0.0194756 0.0277004 0.0372678 0.047521 0.0573831 0.0656229 0.0713002 0.0740593 0.0740863 0.071859 0.0679212 0.0627777 0.0568614 0.0505221 0.0440256 0.0375666 0.0312927 0.0253295 0.0198 0.0148342 0.0105602 0.00707773 0.00442517
 0.00789701 0.0128929 0.0195224 0.0277552 0.0373234 0.0475673 0.0574074 0.065613 0.0712483 0.0739662 0.0739636 0.0717267 0.0678025 0.062692 0.0568196 0.050525 0.0440652 0.0376301 0.0313658 0.0253994 0.0198573 0.0148738 0.0105813 0.00708355 0.00442118
 0.00788214 0.0128692 0.0194879 0.0277082 0.0372639 0.0474965 0.0573286 0.0655309 0.0711677 0.0738908 0.073896 0.0716698 0.0677611 0.0626731 0.0568305 0.0505701 0.0441431 0.0377331 0.0314815 0.0255138 0.0199582 0.0149532 0.0106365 0.00711667 0.00443751
 0.00786943 0.0128459 0.019448 0.0276451 0.0371722 0.0473756 0.0571849 0.065378 0.0710231 0.0737711 0.0738121 0.071626 0.0677559 0.0627019 0.0568886 0.0506538 0.0442492 0.0378569 0.0316153 0.025647 0.0200797 0.015054 0.0107119 0.00716713 0.00446731
 0.00786203 0.01283 0.019417 0.0275905 0.0370853 0.0472512 0.0570247 0.065192 0.0708288 0.0735899 0.0736656 0.0715308 0.0677209 0.0627268 0.0569655 0.0507708 0.0443936 0.038017 0.0317806 0.0258073 0.0202251 0.0151762 0.0108063 0.00723332 0.00450911
 0.00784931 0.0128094 0.0193861 0.0275463 0.0370247 0.0471707 0.0569215 0.0650658 0.0706832 0.0734344 0.0735149 0.0714031 0.0676334 0.0626922 0.0569882 0.0508469 0.0445125 0.0381643 0.0319414 0.0259677 0.0203733 0.015303 0.0109062 0.00730535 0.00455619
 0.00781655 0.0127596 0.0193174 0.0274595 0.0369227 0.047058 0.0568034 0.0649481 0.0705712 0.0733321 0.0734255 0.0713304 0.067583 0.0626716 0.0570051 0.0509056 0.0446117 0.0382965 0.0320942 0.0261266 0.0205241 0.0154347 0.0110119 0.00738285 0.00460791
 0.0077819 0.0127003 0.0192231 0.0273201 0.036732 0.0468191 0.0565325 0.0646735 0.0703262 0.0731451 0.0733124 0.0712931 0.0676134 0.0627569 0.0571331 0.0510669 0.044799 0.0385022 0.0323087 0.0263379 0.0207194 0.0156028 0.0111458 0.00748101 0.0046736
 0.00776469 0.0126687 0.0191687 0.0272325 0.0366007 0.0466374 0.0563018 0.0644057 0.0700442 0.0728793 0.0730951 0.0711505 0.0675602 0.0627932 0.057247 0.0512395 0.0450105 0.0387351 0.0325481 0.0265704 0.0209326 0.0157862 0.0112925 0.00758912 0.00474651
 0.00773255 0.0126178 0.0190944 0.027131 0.0364693 0.0464746 0.0561087 0.0641873 0.0698106 0.0726458 0.0728818 0.0709804 0.067455 0.0627685 0.0573078 0.0513787 0.0452113 0.0389755 0.0328053 0.026824 0.0211659 0.0159868 0.0114529 0.00770758 0.00482671
 0.0093059 0.0148188 0.0217483 0.0298551 0.0387852 0.0479857 0.0566406 0.0638129 0.0687665 0.0712113 0.0712911 0.069393 0.0659661 0.0614319 0.0561523 0.0504168 0.0444416 0.038385 0.032372 0.0265215 0.0209665 0.015864 0.0113836 0.00767264 0.00481149
 0.00927056 0.0150524 0.0226129 0.031801 0.0421546 0.0527474 0.0622225 0.0691962 0.0728499 0.0732469 0.0711317 0.0674326 0.0628683 0.0578466 0.0525561 0.0470893 0.041515 0.035904 0.0303356 0.0249043 0.0197293 0.0149582 0.0107538 0.00726062 0.00456019
 0.00895148 0.0145482 0.0219024 0.0309304 0.0412906 0.0522145 0.0624638 0.0706151 0.0755665 0.0769177 0.0749933 0.0705917 0.0646761 0.0581235 0.0515607 0.0453063 0.0394278 0.033864 0.0285395 0.0234313 0.0185876 0.0141188 0.0101704 0.00687972 0.00432844
 0.0087984 0.0142894 0.0214949 0.0303307 0.0404708 0.051193 0.0613457 0.0696203 0.0750141 0.0771383 0.076179 0.072653 0.0672077 0.0605362 0.0533211 0.0461432 0.0393867 0.0332085 0.0275932 0.0224565 0.0177403 0.013461 0.00970292 0.00657281 0.00414218
 0.00873272 0.0141786 0.0213198 0.0300683 0.0400965 0.0506861 0.0606999 0.0688596 0.074212 0.0764325 0.0757638 0.0727301 0.0678961 0.0617826 0.0548766 0.0476437 0.0405034 0.0337766 0.0276451 0.0221581 0.0172898 0.0130123 0.00933888 0.00631627 0.00398087
 0.00868374 0.0141015 0.0212081 0.0299164 0.0398992 0.0504375 0.0603939 0.068492 0.0737853 0.0759655 0.0753044 0.0723652 0.067743 0.0619507 0.0554085 0.0484685 0.0414418 0.0346096 0.0282075 0.0223993 0.0172682 0.0128414 0.00912699 0.00613195 0.00385
 0.00867554 0.0140813 0.0211654 0.0298377 0.0397717 0.050255 0.0601609 0.0682223 0.0734966 0.0756729 0.0750194 0.0721032 0.067535 0.0618489 0.0554739 0.0487401 0.0419025 0.0351745 0.0287517 0.0228116 0.017497 0.0129039 0.00908315 0.00604702 0.00376878
 0.00865792 0.0140564 0.0211341 0.0298019 0.0397317 0.0502069 0.0600956 0.0681283 0.0733659 0.0755056 0.0748254 0.0718999 0.0673437 0.0616953 0.0553892 0.0487575 0.0420433 0.0354302 0.0290759 0.023133 0.0177498 0.0130552 0.00913962 0.00604106 0.00373656
 0.00864102 0.0140288 0.0210927 0.0297444 0.0396582 0.0501207 0.0600038 0.0680395 0.0732858 0.0754342 0.0747572 0.0718276 0.0672652 0.0616167 0.0553264 0.0487327 0.0420785 0.0355376 0.0292478 0.0233398 0.0179494 0.013211 0.00923542 0.00608268 0.00374296
 0.00866251 0.0140601 0.0211329 0.02979 0.0397033 0.0501585 0.0600273 0.0680437 0.0732682 0.0753952 0.0746993 0.071754 0.0671781 0.0615195 0.0552254 0.0486401 0.0420113 0.0355122 0.0292724 0.0234085 0.0180426 0.0133033 0.00930652 0.00612483 0.00376018
 0.0086615 0.0140636 0.0211475 0.029824 0.0397637 0.0502464 0.0601347 0.0681537 0.0733601 0.0754516 0.0747109 0.0717207 0.0671069 0.0614209 0.0551108 0.0485214 0.0419015 0.0354247 0.0292183 0.0233918 0.0180576 0.0133366 0.00934265 0.00615266 0.00377594
 0.00862356 0.0140043 0.0210631 0.0297143 0.0396338 0.0501081 0.0600069 0.0680585 0.0733159 0.0754654 0.0747749 0.0718161 0.0672114 0.0615163 0.055187 0.0485763 0.0419391 0.0354529 0.029246 0.0234257 0.0180999 0.0133837 0.00938753 0.00618887 0.00380046
 0.00862167 0.0139989 0.0210507 0.0296903 0.0395933 0.0500487 0.0599303 0.0679721 0.0732325 0.0753999 0.0747405 0.0718191 0.067249 0.061577 0.0552556 0.0486394 0.0419891 0.035489 0.0292725 0.023449 0.0181245 0.0134107 0.00941486 0.00621287 0.00381844
 0.00860681 0.0139757 0.0210175 0.0296459 0.0395371 0.0499807 0.0598515 0.0678854 0.0731431 0.0753165 0.0746736 0.0717799 0.0672457 0.0616119 0.0553231 0.0487274 0.0420835 0.0355778 0.029349 0.0235119 0.0181758 0.013453 0.00944941 0.00623989 0.0038379
 0.00861951 0.0139933 0.0210383 0.0296663 0.0395526 0.0499868 0.0598452 0.0678653 0.0731094 0.0752702 0.0746176 0.0717195 0.0671888 0.0615675 0.0552991 0.0487271 0.0421043 0.0356128 0.0293898 0.0235516 0.0182108 0.0134821 0.0094729 0.00625809 0.00385114
 0.00861951 0.0139933 0.0210383 0.0296663 0.0395526 0.0499868 0.0598452 0.0678653 0.0731094 0.0752702 0.0746176 0.0717195 0.0671888 0.0615675 0.0552991 0.0487271 0.0421043 0.0356128 0.0293898 0.0235516 0.0182108 0.0134821 0.0094729 0.00625809 0.00385114
 0.00882535 0.0143204 0.0215146 0.0303078 0.0403543 0.0509117 0.0608171 0.0687742 0.0738346 0.0757135 0.0747288 0.0715038 0.0666982 0.0608819 0.0545073 0.0479113 0.0413296 0.0349222 0.0288054 0.0230794 0.0178459 0.0132135 0.00928585 0.00613612 0.00377736
#pred catch len freq
 0.00310969 0.00506997 0.0076913 0.0110313 0.0151369 0.019992 0.0254582 0.0312701 0.0370919 0.0425865 0.0474647 0.0515202 0.0546573 0.0568922 0.0583274 0.0591167 0.0594407 0.0594716 0.0592929 0.0587676 0.0574326 0.0545644 0.0494998 0.0420967 0.0330173
 0.00337582 0.00542852 0.00809608 0.0113991 0.0153773 0.0200511 0.0253476 0.0310586 0.0368638 0.0423951 0.047312 0.0513766 0.0545021 0.0567471 0.0582598 0.0592106 0.0597473 0.059965 0.0598545 0.0592153 0.0575904 0.0543402 0.0489297 0.041326 0.0322305
 0.00343385 0.00557184 0.00839593 0.0119351 0.0161975 0.0211213 0.0265247 0.0321225 0.0376038 0.0427011 0.0472104 0.0509895 0.0539707 0.0561776 0.0577182 0.0587457 0.0594036 0.0597643 0.059764 0.0591359 0.057389 0.0539152 0.0482694 0.0405191 0.03142
 0.00357891 0.00578497 0.00868108 0.0122983 0.016666 0.0217589 0.0274206 0.0333401 0.0391089 0.0443196 0.0486628 0.0519985 0.0543772 0.0559913 0.0570809 0.0578493 0.0584188 0.0588046 0.0588739 0.0582946 0.0565327 0.0529823 0.0472494 0.0394727 0.0304538
 0.00377879 0.00610411 0.00914894 0.0129345 0.0174739 0.0227209 0.0285012 0.0345019 0.0403325 0.0456038 0.0499897 0.0532834 0.0554513 0.0566499 0.0571743 0.0573533 0.0574365 0.0575076 0.0574262 0.0568032 0.0550429 0.0515087 0.0458181 0.0381442 0.0293102
 0.00395755 0.00639685 0.00959453 0.0135732 0.0183422 0.023841 0.029866 0.0360631 0.0420015 0.0472692 0.0515444 0.0546428 0.0565492 0.0574147 0.057514 0.0571742 0.0566909 0.0562313 0.0557357 0.0548544 0.0529866 0.0494706 0.0439055 0.036455 0.0279254
 0.00416327 0.00672336 0.0100728 0.0142312 0.0192055 0.0249312 0.0311935 0.0376161 0.0437347 0.0490985 0.0533512 0.0562915 0.0579105 0.0583847 0.0580164 0.0571512 0.0560999 0.0550609 0.0540306 0.0527279 0.0506077 0.0470348 0.0416033 0.0344455 0.0263139
 0.00436248 0.00705071 0.0105725 0.0149481 0.0201785 0.026182 0.032714 0.0393626 0.0456323 0.0510523 0.0552558 0.0580356 0.0593805 0.0594718 0.0586254 0.0572078 0.0555544 0.0538936 0.0522655 0.0504518 0.0479799 0.0442754 0.038956 0.0321262 0.0244647
 0.0045661 0.00737785 0.0110594 0.0156306 0.0210916 0.0273547 0.0341598 0.0410655 0.0475377 0.0530658 0.0572531 0.0598806 0.0609454 0.0606485 0.0593272 0.057365 0.055112 0.0528181 0.0505617 0.048186 0.0452984 0.0414018 0.0361568 0.0296512 0.022485
 0.00478012 0.00772793 0.0115909 0.016389 0.0221162 0.0286678 0.0357541 0.042897 0.0495289 0.0551159 0.0592484 0.0617029 0.0624792 0.0617896 0.0599894 0.0574813 0.0546328 0.0517122 0.0488286 0.0458796 0.0425522 0.0384343 0.0332425 0.0270575 0.0204019
 0.00509167 0.00821736 0.0122973 0.0173418 0.0233354 0.0301626 0.0375143 0.0448815 0.0516582 0.057275 0.0613006 0.0635103 0.0639225 0.0627795 0.0604653 0.0574029 0.0539712 0.0504487 0.0469666 0.0434691 0.0397171 0.0353839 0.0302469 0.024387 0.0182533
 0.00534216 0.00863554 0.0129469 0.0182889 0.024635 0.0318369 0.0395319 0.0471507 0.0540411 0.0596142 0.0634438 0.0653251 0.0653028 0.0636485 0.0607765 0.0571346 0.053118 0.0490156 0.0449745 0.0409748 0.0368406 0.0323226 0.0272571 0.0217276 0.0161147
 0.0055461 0.00896755 0.0134501 0.0190105 0.0256256 0.0331437 0.041183 0.0491337 0.0562836 0.0619787 0.0657435 0.0673587 0.0668962 0.0646837 0.0611963 0.056929 0.0523039 0.047623 0.0430463 0.0385819 0.0341047 0.0294298 0.0244432 0.0192299 0.0141075
 0.00576015 0.00931098 0.0139594 0.0197196 0.0265629 0.0343278 0.0426149 0.0507903 0.0581155 0.06391 0.0676709 0.0691528 0.0684116 0.0657795 0.0617616 0.0569 0.0516659 0.0464007 0.0412944 0.0363866 0.0315945 0.0267842 0.021879 0.01696 0.0122866
 0.00599605 0.00968538 0.0145066 0.0204672 0.0275297 0.0355185 0.0440126 0.0523506 0.0597682 0.065568 0.0692424 0.0705498 0.069553 0.0665904 0.0621725 0.0568515 0.0511176 0.0453421 0.0397532 0.0344348 0.0293535 0.0244227 0.0195954 0.0149444 0.0106738
 0.00623466 0.0100625 0.0150547 0.0212107 0.028483 0.0366814 0.0453629 0.0538382 0.0613158 0.0670806 0.0706212 0.0717062 0.0704192 0.0671219 0.0623438 0.0566462 0.0505227 0.0443507 0.0383769 0.0327205 0.0273961 0.0223651 0.0176101 0.0131963 0.00927863
 0.00633376 0.0102317 0.0153249 0.0216175 0.0290612 0.0374553 0.0463349 0.0549812 0.0625736 0.0683747 0.0718606 0.0727999 0.0712871 0.0677047 0.0626057 0.0565719 0.0501093 0.0436032 0.0373108 0.0313731 0.0258405 0.0207153 0.0160074 0.0117783 0.0081435
 0.00644837 0.0103982 0.0155405 0.0218715 0.0293445 0.0377726 0.0467107 0.0554531 0.063174 0.0691099 0.0726995 0.0736765 0.0721157 0.0683985 0.0630915 0.0567976 0.0500454 0.0432399 0.0366572 0.0304606 0.0247298 0.0194991 0.014801 0.0106958 0.00726843
 0.00652086 0.0105163 0.0157175 0.0221173 0.0296603 0.0381462 0.0471153 0.0558558 0.0635511 0.069461 0.0730472 0.0740489 0.0725227 0.0688167 0.0634674 0.0570631 0.0501372 0.0431132 0.0362934 0.029871 0.0239576 0.0186178 0.0139044 0.00987802 0.00659989
 0.00652093 0.0105166 0.0157193 0.0221238 0.0296788 0.0381887 0.0471972 0.05599 0.0637416 0.0696992 0.0733165 0.0743354 0.0728218 0.0691297 0.0637882 0.0573659 0.0503754 0.043231 0.036244 0.0296334 0.0235458 0.0180807 0.0133151 0.0093151 0.00612578
 0.00660709 0.0106416 0.0158791 0.022305 0.0298619 0.0383545 0.0473329 0.0560925 0.063817 0.0697604 0.0733775 0.0744064 0.0729068 0.0692278 0.0638955 0.0574745 0.0504683 0.0432796 0.0362126 0.0294924 0.0232863 0.0177232 0.0129061 0.00891217 0.00577883
 0.00664231 0.0107114 0.0160062 0.0225152 0.0301738 0.0387659 0.0478105 0.0565746 0.0642321 0.0700508 0.0735176 0.0744051 0.0727973 0.0690527 0.0636932 0.0572719 0.050277 0.0430957 0.03602 0.0292699 0.0230195 0.0174144 0.0125769 0.00859652 0.00550942
 0.00670329 0.0107961 0.0161087 0.0226253 0.030286 0.0388889 0.0479696 0.0568004 0.0645383 0.0704155 0.0738827 0.0746979 0.0729615 0.0690693 0.0635818 0.0570748 0.0500386 0.0428474 0.0357747 0.0290259 0.0227698 0.0171568 0.01232 0.00835802 0.00530834
 0.00676803 0.0108848 0.0162113 0.0227209 0.0303478 0.0388934 0.0479073 0.0566838 0.0644033 0.0703138 0.0738636 0.0747852 0.0731397 0.0692891 0.0637831 0.0572129 0.0500974 0.0428354 0.0357106 0.0289264 0.0226453 0.0170145 0.0121692 0.00821194 0.00518099
 0.00670519 0.0107941 0.016095 0.0225864 0.0302023 0.0387378 0.0477338 0.0564812 0.0641696 0.0700678 0.0736482 0.0746568 0.0731463 0.069448 0.064071 0.0575738 0.0504652 0.0431562 0.0359551 0.0290879 0.0227315 0.0170398 0.0121508 0.00816784 0.00512835
 0.00667707 0.0107458 0.0160182 0.0224735 0.0300495 0.0385499 0.0475253 0.056273 0.0639804 0.0699073 0.0735177 0.0745583 0.0730922 0.0694609 0.0641722 0.0577674 0.0507299 0.0434507 0.0362338 0.029316 0.0228924 0.0171343 0.012191 0.00817117 0.00511209
 0.0067418 0.0108356 0.0161246 0.0225778 0.0301274 0.0385781 0.0474893 0.0561712 0.0638241 0.0697175 0.073319 0.0743726 0.0729352 0.0693436 0.0641049 0.0577599 0.0507863 0.0435629 0.0363795 0.0294657 0.0230195 0.0172236 0.0122406 0.00818895 0.00511022
 0.00677327 0.0108813 0.0161826 0.0226411 0.0301837 0.0386108 0.04748 0.0561037 0.0636914 0.0695272 0.0730945 0.0741477 0.0727436 0.06921 0.0640406 0.057765 0.0508537 0.0436808 0.0365311 0.0296296 0.0231732 0.0173489 0.0123289 0.00824167 0.00513568
 0.00675038 0.010847 0.0161364 0.0225839 0.0301172 0.0385358 0.0473956 0.0560075 0.0635806 0.069401 0.0729571 0.0740099 0.0726228 0.0691262 0.0640108 0.0577982 0.0509483 0.0438259 0.0367095 0.0298205 0.0233555 0.0175051 0.0124484 0.00832263 0.00518376
 0.00671102 0.0107855 0.0160486 0.0224685 0.0299763 0.0383762 0.0472289 0.0558489 0.0634447 0.0692973 0.0728875 0.0739702 0.0726073 0.0691326 0.064042 0.0578606 0.0510474 0.0439619 0.036875 0.0300012 0.0235335 0.0176635 0.0125753 0.00841384 0.00524213
 0.00672706 0.0107973 0.0160402 0.0224165 0.0298569 0.0381753 0.0469515 0.0555213 0.0631087 0.0689985 0.0726636 0.0738431 0.0725802 0.0691929 0.0641689 0.0580328 0.0512486 0.0441811 0.0371033 0.0302284 0.0237472 0.0178506 0.0127261 0.00852449 0.00531542
