SBPRF35
9.43317
Curr Bio
585782
B35
733911
F35
0.196895
FOFL
0.159935
OFL
77017
Bzero
2.69519e+06
#pred survey bio
 4.17543e+06 3.98931e+06 3.80943e+06 3.57658e+06 3.28211e+06 2.99507e+06 2.72062e+06 2.42422e+06 2.18822e+06 1.94391e+06 1.72735e+06 1.53773e+06 1.35591e+06 1.19114e+06 1.06045e+06 931878 843478 766191 723313 683271 645859 632443 613638 600594 584086 570262 578536 574321 572452 564388 560395 555289 554023 558976 539607 532460 526856 526640 524860 541433 559934 560163 568640 571389 579943 577203 579156 580133 581272 590045 592232 567334 580767 600950 605233 555497 509178 514881 522606 568151 591540 2.13013e+07 1.30388e+07 1.35118e+07 1.43956e+07 1.55002e+07 1.66294e+07 1.76578e+07 1.85281e+07 1.92289e+07 1.97745e+07 2.01895e+07 2.05004e+07 2.07312e+07 2.09017e+07 2.10273e+07 2.11201e+07 2.11888e+07 2.12399e+07 2.1278e+07 2.13067e+07 2.13283e+07 2.13448e+07 2.13574e+07 2.1367e+07 2.13744e+07 2.13802e+07 2.13847e+07 2.13881e+07 2.13908e+07 2.13929e+07 2.13946e+07 2.13959e+07 2.13969e+07 2.13977e+07 2.13984e+07 2.13989e+07 2.13993e+07 2.13996e+07 2.13998e+07 2.14e+07 2.14002e+07 2.14003e+07 2.14004e+07 2.14005e+07 2.14005e+07 2.14006e+07 2.14006e+07 2.14007e+07 2.14007e+07 2.14007e+07 2.14007e+07 2.14007e+07 2.14007e+07 2.14007e+07 2.14007e+07 2.14007e+07 2.14008e+07 2.14008e+07 2.14008e+07 2.14008e+07 2.14008e+07 2.14008e+07 2.14008e+07 2.14008e+07 2.14008e+07 2.14008e+07 2.14008e+07 2.14008e+07 2.14008e+07 2.14008e+07 2.14008e+07 2.14008e+07 2.14008e+07 2.14008e+07 2.14008e+07 2.14008e+07 2.14008e+07 2.14008e+07 2.14008e+07 2.14008e+07 2.14008e+07 2.14008e+07 2.14008e+07 2.14008e+07 2.14008e+07 2.14008e+07 2.14008e+07 2.14008e+07 2.14008e+07 2.14008e+07 2.14008e+07 2.14008e+07 2.14008e+07 2.14008e+07 2.14008e+07 2.14008e+07 2.14008e+07 2.14008e+07 2.14008e+07 2.14008e+07 0 0 0 0 0 0 0 0 0 0 0 0 0 0 0 0 0 0 0 0 0 0 0 0 0
#obs survey bio
 3.42642e+06 5.27097e+06 3.64009e+06 3.0682e+06 2.60621e+06 3.08512e+06 2.5542e+06 1.94724e+06 1.45263e+06 1.55802e+06 1.45568e+06 1.40493e+06 1.56710e+06 1.21771e+06 1.14012e+06 588714 553085 553697 902531 673564 652185 766174 594918 468960 518888 541243 676906 541042 494911 554515 597428 541393 454753 614071 699986 613953 858602 459699 424628 368209 675351 653812 869281 754780 488485 513091 534747 655197 540048 484829 558809 558769 550341 912143 673654 573356 688820 491125 489735 498027 600713
#pred catch bio
 92592.1 91864.6 151581 226002 242553 256307 301765 271124 299442 291167 279219 279893 268748 240320 237735 201639 190107 157688 151421 144309 120411 122458 115276 116148 112252 93639 104283 101425 105130 99556.8 98148.3 92582.1 85411.4 102737 88602 86736.1 85613.7 91847 80600.7 81852.6 97012.5 88060.7 90890.9 84777.7 93806.2 89558.1 90703.8 90971.3 85362.1 92139.4 115332 83988.5 80855.4 95362.7 139310 133309 89271.6 89459.6 60997.2 82671.9 88005.2 77017 94854.3 97113.4 102283 109637 117362 124349 130145 134683 138093 140579 142348 143585 144438 145019 145412 145676 145852 145968 146046 146097 146130 146152 146167 146176 146182 146186 146189 146191 146192 146192 146193 146193 146193 146194 146194 146194 146194 146194 146194 146194 146194 146194 146194 146194 146194 146194 146194 146194 146194 146194 146194 146194 146194 146194 146194 146194 146194 146194 146194 146194 146194 146194 146194 146194 146194 146194 146194 146194 146194 146194 146194 146194 146194 146194 146194 146194 146194 146194 146194 146194 146194 146194 146194 146194 146194 146194 146194 146194 146194 146194 146194 146194 146194 146194 146194 146194 146194 146194 146194 0 0 0 0 0 0 0 0 0 0 0 0 0 0 0 0 0 0 0 0 0 0 0 0 0
#obs catch bio
 0 91565.7 152015 227171 243968 258175 306160 274275 305775 297512 285198 286140 273274 244681 241077 204096 194963 160832 154079 146371 121281 123438 115996 117574 112836 94518.3 105419 102473 106468 100521 99007.3 93189.4 85760.6 103650 88804.8 86854.2 85329.6 91900.6 80654.1 82196.6 97251.7 87849.5 90029.5 83485.3 93020.7 88534.3 89991.6 90226.9 84680.3 91173.5 114907 83528.2 80577.5 94665.5 138438 132452 88286.2 89210 60475.5 82650.6 88023.2
#pred cpue bio
 4.11086e+06 3.92798e+06 3.75026e+06 3.51833e+06 3.22502e+06 2.93882e+06 2.6652e+06 2.37016e+06 2.13495e+06 1.89207e+06 1.67722e+06 1.48952e+06 1.31005e+06 1.14764e+06 1.01901e+06 892765 805782 730219 688820 650617 614888 602207 584187 571667 555787 542306 550253 546307 544711 537227 533820 529395 528646 533947 515801 509393 503348 501449 498351 514060 532420 533397 542398 545625 554064 551317 553096 553928 554947 563374 565275 540618 553225 572896 577291 528662 483006 488196 495778 540066 563045 2.03095e+07 1.24493e+07 1.28122e+07 1.35682e+07 1.46276e+07 1.57461e+07 1.67725e+07 1.76423e+07 1.83431e+07 1.88886e+07 1.93036e+07 1.96146e+07 1.98453e+07 2.00158e+07 2.01415e+07 2.02343e+07 2.03029e+07 2.0354e+07 2.03922e+07 2.04208e+07 2.04425e+07 2.04589e+07 2.04715e+07 2.04812e+07 2.04886e+07 2.04943e+07 2.04988e+07 2.05023e+07 2.0505e+07 2.05071e+07 2.05087e+07 2.051e+07 2.05111e+07 2.05119e+07 2.05125e+07 2.0513e+07 2.05134e+07 2.05137e+07 2.0514e+07 2.05142e+07 2.05143e+07 2.05144e+07 2.05145e+07 2.05146e+07 2.05147e+07 2.05147e+07 2.05148e+07 2.05148e+07 2.05148e+07 2.05148e+07 2.05149e+07 2.05149e+07 2.05149e+07 2.05149e+07 2.05149e+07 2.05149e+07 2.05149e+07 2.05149e+07 2.05149e+07 2.05149e+07 2.05149e+07 2.05149e+07 2.05149e+07 2.05149e+07 2.05149e+07 2.05149e+07 2.05149e+07 2.05149e+07 2.05149e+07 2.05149e+07 2.05149e+07 2.05149e+07 2.05149e+07 2.05149e+07 2.05149e+07 2.05149e+07 2.05149e+07 2.05149e+07 2.05149e+07 2.05149e+07 2.05149e+07 2.05149e+07 2.05149e+07 2.05149e+07 2.05149e+07 2.05149e+07 2.05149e+07 2.05149e+07 2.05149e+07 2.05149e+07 2.05149e+07 2.05149e+07 2.05149e+07 2.05149e+07 2.05149e+07 2.05149e+07 2.05149e+07 2.05149e+07 2.05149e+07 2.05149e+07 0 0 0 0 0 0 0 0 0 0 0 0 0 0 0 0 0 0 0 0 0 0 0 0 0
#obs cpue bio
 3.63274e+06 2.46348e+06 2.57932e+06 4.53816e+06 2.35427e+06 2.02868e+06 1.93183e+06 2.24515e+06 1.73252e+06 1.80214e+06 1.64781e+06 1.41791e+06 1.38228e+06 738235 1.17364e+06 1.09326e+06 501837 769987 526704 674989 620702 487352 550794 455833 916442 264292 496358 454863 504290 519429 487358 548201 575536 479769 448333 491719 439379 502808 491225 528520 668346 546838 805397 740336 483939 858037 528764 595699 607045 911642 512016 492945 540110 537373 611464 567174 467888 465516 554836 516814 481343
#pred surv len freq
 0.00456741 0.00748305 0.0113882 0.0163041 0.0221321 0.0285631 0.0350562 0.0409797 0.0458509 0.0494935 0.0520104 0.0536445 0.054651 0.0552324 0.0555171 0.0555587 0.0553503 0.0548385 0.0539124 0.0523602 0.0498401 0.0459464 0.0404155 0.0333865 0.0255178
 0.00483143 0.00781513 0.0117131 0.0165045 0.0220953 0.0282478 0.0345341 0.0404156 0.0454237 0.0493044 0.0520373 0.0537673 0.0547266 0.055172 0.055327 0.0553321 0.0552185 0.0549049 0.0541986 0.0527906 0.0502749 0.0462482 0.040512 0.0332929 0.0253119
 0.00500572 0.00812619 0.0122246 0.0172718 0.0231283 0.0294677 0.0357585 0.0414038 0.0459765 0.0493594 0.0516909 0.0532033 0.0541059 0.0545641 0.0547216 0.0547028 0.054579 0.0543154 0.0537251 0.0524546 0.0500346 0.0460247 0.0402403 0.0329597 0.0249554
 0.00521583 0.00845862 0.0127109 0.0179426 0.0240152 0.030598 0.0371351 0.0429726 0.0475997 0.0508234 0.0527631 0.0537185 0.05403 0.0539911 0.0538084 0.0535959 0.0533815 0.0530976 0.0525449 0.0513592 0.0490471 0.0451407 0.0394453 0.0322519 0.024353
 0.00549429 0.00890623 0.0133745 0.0188613 0.0252121 0.0320697 0.0388419 0.0448381 0.0495199 0.0526757 0.0544063 0.054993 0.0547775 0.0540995 0.053257 0.0524656 0.0518219 0.0512767 0.0506117 0.0494313 0.0472128 0.043465 0.0379759 0.0310241 0.0233881
 0.00575296 0.00932722 0.0140092 0.0197581 0.0264082 0.0335765 0.04063 0.0468306 0.0516022 0.0547158 0.056273 0.0565625 0.0559306 0.0547214 0.0532525 0.0517888 0.0505028 0.049425 0.0483933 0.0470321 0.0448092 0.041208 0.0359845 0.0293793 0.0221263
 0.00600381 0.00973301 0.0146167 0.0206111 0.0275413 0.0350046 0.0423352 0.0487552 0.0536527 0.0567757 0.0582182 0.058271 0.0572881 0.055622 0.0536003 0.0515063 0.0495505 0.047825 0.0462447 0.0445052 0.0421192 0.038579 0.0336136 0.0274074 0.0206202
 0.00633979 0.0102686 0.0154032 0.0216894 0.0289352 0.0367107 0.0443112 0.0509159 0.0558803 0.058941 0.060199 0.0599614 0.0585981 0.056473 0.0539211 0.0512323 0.0486319 0.0462463 0.0440506 0.0418208 0.0391495 0.0355805 0.030844 0.0250707 0.0188253
 0.00655838 0.0106336 0.0159701 0.0225158 0.0300689 0.0381709 0.0460705 0.0528952 0.0579627 0.0609967 0.0621072 0.0616209 0.0599265 0.0574012 0.0543865 0.0511745 0.0479956 0.0449945 0.0421898 0.0394295 0.0363941 0.0327026 0.028114 0.022722 0.0169983
 0.00678759 0.0110107 0.0165467 0.0233445 0.0311951 0.039618 0.0478233 0.0548896 0.0600897 0.0631191 0.0640816 0.0633177 0.0612438 0.0582696 0.0547628 0.0510299 0.0473047 0.0437373 0.0403692 0.0371015 0.0336944 0.0298485 0.0253686 0.0203291 0.0151168
 0.00700267 0.0113601 0.0170726 0.0240875 0.0321885 0.0408781 0.0493377 0.0566105 0.0619373 0.0649921 0.0658689 0.0649076 0.0625327 0.0591704 0.0552108 0.0509828 0.0467378 0.0426394 0.0387497 0.0350104 0.0312465 0.0272327 0.0228233 0.0180853 0.0133345
 0.00718886 0.0116663 0.0175401 0.024757 0.0330927 0.0420296 0.0507166 0.0581607 0.0635752 0.0666231 0.0674018 0.066261 0.0636349 0.0599572 0.0556256 0.0509782 0.0462779 0.0417042 0.0373429 0.0331745 0.0290816 0.0249032 0.0205397 0.0160566 0.0117108
 0.00744578 0.0120748 0.0181378 0.0255734 0.0341442 0.0433123 0.0521969 0.0597711 0.0652202 0.0681956 0.0688009 0.0674052 0.0644677 0.0604452 0.0557513 0.0507306 0.045647 0.040682 0.035934 0.0314137 0.0270527 0.022747 0.0184386 0.0141936 0.0102185
 0.00768229 0.0124637 0.0187307 0.0264185 0.0352745 0.0447269 0.053845 0.0615495 0.0669924 0.0698227 0.0701677 0.0684329 0.0651133 0.060696 0.0556156 0.0502287 0.0448014 0.039513 0.0344637 0.0296805 0.0251291 0.0207506 0.0165209 0.012507 0.00887332
 0.00791564 0.0128293 0.019256 0.0271226 0.0361677 0.0458096 0.055101 0.0629383 0.0684445 0.0712431 0.0714482 0.0694699 0.0658258 0.0610368 0.0555728 0.0498175 0.0440522 0.0384617 0.0331493 0.0281514 0.0234558 0.0190339 0.0148856 0.0110763 0.0077353
 0.00827851 0.013399 0.0200744 0.0282117 0.0375227 0.04739 0.0568244 0.0646846 0.0700774 0.07264 0.0725219 0.0701717 0.0661365 0.0609567 0.0551178 0.0490183 0.0429524 0.0371129 0.0316075 0.0264784 0.0217254 0.0173365 0.0133232 0.00974367 0.00669448
 0.00833488 0.0135254 0.0203284 0.0286667 0.0382477 0.0484195 0.0581312 0.0661741 0.0716096 0.0740657 0.0737155 0.0710491 0.0666561 0.0611115 0.0549234 0.0485031 0.0421527 0.0360718 0.030376 0.0251173 0.0203075 0.0159462 0.0120489 0.00866281 0.00585478
 0.00836452 0.0135775 0.0204164 0.0288123 0.038484 0.0487913 0.0586873 0.0669501 0.0726031 0.0752183 0.0749138 0.0721497 0.067525 0.0616563 0.0551061 0.0483327 0.0416679 0.0353257 0.0294285 0.0240338 0.0191609 0.0148156 0.0110132 0.00778754 0.0051781
 0.00825795 0.013411 0.0201796 0.0285029 0.0381126 0.0483869 0.0583029 0.0666627 0.0725031 0.0753861 0.0753914 0.0729174 0.0684958 0.0626934 0.0560589 0.0490748 0.042122 0.0354688 0.0292824 0.0236514 0.0186142 0.0141866 0.0103833 0.00722546 0.00472844
 0.0083004 0.0134583 0.0202107 0.0284854 0.0380119 0.0481814 0.0579973 0.066293 0.0721311 0.0750878 0.0752425 0.0729776 0.0687916 0.0632036 0.0567114 0.0497607 0.0427238 0.0358917 0.0294756 0.0236135 0.0183855 0.0138335 0.00998115 0.00684144 0.00440915
 0.00846077 0.0136958 0.0205234 0.0288525 0.0383945 0.0485269 0.0582474 0.0663945 0.0720524 0.0748347 0.0748646 0.0725592 0.0684281 0.0629737 0.0566539 0.049863 0.0429271 0.0361112 0.0296286 0.0236457 0.0182838 0.0136236 0.00971264 0.00656849 0.00417374
 0.00846751 0.0137065 0.0205388 0.0288717 0.0384137 0.0485377 0.058236 0.0663435 0.0719459 0.0746656 0.074642 0.0723115 0.0682009 0.0628202 0.0566194 0.0499689 0.0431595 0.0364212 0.0299463 0.023903 0.0184361 0.0136618 0.0096595 0.00646425 0.00405855
 0.00854078 0.0138176 0.0206909 0.0290619 0.0386333 0.0487728 0.0584677 0.0665477 0.0720944 0.0747309 0.0746036 0.0721635 0.0679579 0.0625182 0.0563103 0.0497074 0.0429861 0.0363483 0.0299547 0.023951 0.0184784 0.0136674 0.00962111 0.00639475 0.0039796
 0.00853467 0.0138147 0.0206993 0.0290928 0.0386974 0.0488749 0.0586023 0.0666992 0.0722414 0.0748519 0.0746809 0.0721849 0.0679168 0.0624168 0.0561624 0.0495391 0.0428303 0.0362341 0.0298952 0.0239387 0.0184905 0.0136782 0.00961416 0.00636793 0.00394138
 0.00870208 0.0140531 0.020996 0.029416 0.0390066 0.0491371 0.0588032 0.0668428 0.0723394 0.0749112 0.0746981 0.0721491 0.0678171 0.0622496 0.0559348 0.0492695 0.0425457 0.0359645 0.0296662 0.0237635 0.0183672 0.013594 0.00955337 0.00631927 0.00390046
 0.00878804 0.0142017 0.0212337 0.0297668 0.0394792 0.0497093 0.0594133 0.0673998 0.0727528 0.0751249 0.0747068 0.071989 0.0675409 0.0619033 0.0555495 0.0488652 0.0421397 0.0355761 0.029316 0.0234686 0.0181358 0.0134235 0.00943357 0.00623734 0.00384528
 0.00863923 0.0139745 0.0209211 0.0293768 0.0390385 0.0492641 0.0590254 0.0671343 0.0726567 0.0752079 0.0749377 0.0723111 0.067897 0.0622524 0.0558689 0.0491433 0.0423698 0.035755 0.0294462 0.0235582 0.0181954 0.0134629 0.00945895 0.00625228 0.00385229
 0.00860238 0.0139161 0.020836 0.0292617 0.0388932 0.0490934 0.0588422 0.0669608 0.0725224 0.0751424 0.0749601 0.0724214 0.0680736 0.06246 0.0560716 0.0493156 0.0425002 0.0358434 0.0294984 0.0235828 0.0182017 0.0134591 0.0094514 0.00624446 0.00384563
 0.00847776 0.0137323 0.0205942 0.0289753 0.0385836 0.0487841 0.0585539 0.0667109 0.072327 0.0750176 0.0749216 0.0724804 0.0682319 0.0627049 0.0563756 0.0496423 0.0428139 0.0361173 0.0297191 0.0237484 0.0183183 0.0135364 0.00949968 0.00627274 0.00386099
 0.00839657 0.0136048 0.0204116 0.0287346 0.0382909 0.0484573 0.058224 0.066417 0.072106 0.0748923 0.0748957 0.0725427 0.068366 0.0628961 0.0566117 0.0499092 0.0430925 0.0363857 0.0299569 0.0239425 0.0184647 0.0136388 0.00956618 0.0063129 0.00388344
 0.00829548 0.0134436 0.0201754 0.028413 0.0378812 0.0479699 0.0576872 0.0658783 0.0716252 0.0745288 0.0746942 0.0725229 0.0685203 0.0631948 0.0570131 0.0503696 0.0435723 0.0368512 0.0303809 0.0243049 0.0187547 0.0138553 0.00971665 0.00640991 0.00394128
 0.00826806 0.0133893 0.0200757 0.028245 0.0376235 0.0476115 0.0572368 0.0653667 0.071101 0.0740493 0.0743144 0.0722874 0.0684558 0.0633057 0.0572808 0.0507569 0.0440322 0.0373357 0.0308478 0.0247223 0.019102 0.0141243 0.00990993 0.00653822 0.00401964
 0.008195 0.0132765 0.0199165 0.0280354 0.0373611 0.0472942 0.0568639 0.0649438 0.0706453 0.0735927 0.0739022 0.0719705 0.0682794 0.0632987 0.0574487 0.0510813 0.0444745 0.0378454 0.031372 0.0252142 0.0195274 0.0144644 0.0101611 0.00670913 0.00412634
 0.0078806 0.0128114 0.0193023 0.0273043 0.0365674 0.0464992 0.0561239 0.0643042 0.0701393 0.0732405 0.0737121 0.0719428 0.0684116 0.0635875 0.0578872 0.0516533 0.04515 0.0385806 0.0321144 0.0259113 0.020136 0.0149574 0.0105306 0.00696431 0.00428796
 0.00797816 0.0129237 0.0193879 0.0273012 0.0364157 0.0461739 0.0556566 0.0637773 0.0696504 0.0728611 0.0734642 0.071806 0.0683501 0.0635762 0.0579235 0.0517511 0.0453256 0.0388383 0.0324397 0.0262728 0.0204947 0.0152776 0.0107889 0.00715274 0.00441233
 0.00866275 0.0138895 0.0205667 0.0285311 0.0374793 0.0468652 0.0558428 0.0634299 0.068844 0.0717486 0.0722373 0.0706462 0.0673846 0.0628592 0.0574471 0.0514764 0.0452106 0.0388499 0.0325508 0.0264549 0.0207141 0.0154997 0.0109848 0.00730575 0.00451869
 0.00932789 0.0149432 0.0220917 0.0305603 0.0399598 0.0496195 0.0585519 0.0656773 0.0702305 0.0720315 0.0714155 0.0689453 0.0651584 0.0604683 0.0551715 0.0494823 0.0435639 0.0375514 0.0315695 0.025748 0.0202344 0.0151972 0.0108101 0.0072145 0.00447624
 0.00931224 0.0150118 0.0223682 0.0312164 0.0411683 0.0514785 0.0610115 0.0685095 0.0730606 0.0744217 0.0729741 0.0694291 0.0645367 0.0589219 0.0530238 0.0470946 0.0412415 0.0354948 0.0298737 0.0244297 0.0192639 0.0145218 0.0103681 0.00694439 0.00432312
 0.00909248 0.0146963 0.0219772 0.0308119 0.0408595 0.0514157 0.0613648 0.0694232 0.0745867 0.0764578 0.0752468 0.0715486 0.0661104 0.0596771 0.052886 0.0461905 0.039833 0.033882 0.0283109 0.0230814 0.0182022 0.0137492 0.00984605 0.00661702 0.00413324
 0.00872825 0.0141291 0.0211731 0.0297649 0.0396031 0.0500375 0.0600188 0.0683246 0.0739766 0.0765381 0.0761077 0.0731162 0.0681415 0.0618138 0.0547577 0.0475243 0.0405252 0.0340002 0.0280341 0.0226164 0.0177168 0.0133425 0.00955297 0.00643018 0.00402659
 0.00837279 0.0135754 0.0203857 0.0287292 0.0383307 0.048573 0.0584497 0.066787 0.0726468 0.0756096 0.075755 0.0734537 0.0691816 0.0634394 0.0567292 0.0495328 0.0422797 0.0353106 0.0288517 0.0230154 0.0178349 0.0133177 0.00948384 0.00636782 0.00398646
 0.00825888 0.0133841 0.0200868 0.0282915 0.0377296 0.047802 0.0575315 0.0657769 0.0716274 0.0746796 0.075021 0.0730232 0.0691499 0.063863 0.0575929 0.0507295 0.0436235 0.0365887 0.0298917 0.0237349 0.0182481 0.0135026 0.0095352 0.00636123 0.00396611
 0.00821505 0.0132924 0.0199108 0.0279846 0.0372458 0.0471138 0.0566469 0.0647467 0.070537 0.0736334 0.0741252 0.072374 0.0688261 0.0639195 0.0580497 0.0515565 0.0447297 0.0378283 0.0310967 0.0247619 0.019018 0.0140103 0.00982994 0.00651236 0.00403528
 0.00836695 0.013506 0.0201689 0.0282457 0.0374494 0.0471929 0.0565416 0.0644167 0.0699735 0.0728677 0.0732301 0.0714545 0.0680002 0.0632974 0.0577155 0.051554 0.0450513 0.0384109 0.0318302 0.0255169 0.0196817 0.0145166 0.010167 0.00670878 0.00413574
 0.00835846 0.0135101 0.0202064 0.0283418 0.0376211 0.0474308 0.0567984 0.0646124 0.0700196 0.0726992 0.0728307 0.0708629 0.0673004 0.0625982 0.0571279 0.0511697 0.0449249 0.0385469 0.0321816 0.0259966 0.0201884 0.0149647 0.0105079 0.00693453 0.00426655
 0.00843154 0.013621 0.0203595 0.0285388 0.0378633 0.0477214 0.0571393 0.0649937 0.0704067 0.0730278 0.073017 0.0708314 0.0670153 0.0620839 0.0564667 0.0504788 0.0443227 0.0381218 0.0319711 0.0259832 0.0203134 0.015153 0.0106946 0.00708124 0.00436279
 0.00844487 0.0136449 0.0203992 0.0286 0.0379506 0.0478361 0.0572787 0.0651527 0.0705804 0.0732103 0.0731956 0.0709784 0.0670878 0.0620375 0.0562778 0.0501643 0.043941 0.0377542 0.0316916 0.0258327 0.0202894 0.0152192 0.0108016 0.00718706 0.00444414
 0.0084466 0.0136501 0.0204116 0.0286251 0.0379944 0.0479038 0.0573726 0.0652708 0.0707167 0.0733556 0.0733392 0.0711083 0.067189 0.0620895 0.0562577 0.0500559 0.0437483 0.0375078 0.0314419 0.0256307 0.0201663 0.0151769 0.0108182 0.00723168 0.00449129
 0.00849937 0.0137242 0.0205017 0.0287194 0.0380791 0.0479689 0.0574167 0.0653013 0.070745 0.0733916 0.0733869 0.0711647 0.0672453 0.0621329 0.0562727 0.0500271 0.0436659 0.0373743 0.0312765 0.0254646 0.020031 0.015091 0.0107817 0.0072307 0.00450738
 0.00853813 0.0137784 0.0205667 0.0287842 0.0381285 0.0479872 0.0573924 0.0652315 0.0706379 0.0732673 0.073273 0.0710881 0.0672231 0.062166 0.0563464 0.0501164 0.0437439 0.0374213 0.0312856 0.0254434 0.0199968 0.0150619 0.0107684 0.00723352 0.00451996
 0.00859765 0.0138778 0.0207201 0.0290039 0.0384187 0.0483365 0.0577682 0.0655826 0.0709078 0.0734116 0.0732743 0.0709595 0.0670013 0.0618973 0.0560724 0.0498639 0.0435222 0.037227 0.0311112 0.0252849 0.0198569 0.0149473 0.0106846 0.00718052 0.00449197
 0.00882611 0.0142445 0.0212621 0.0297493 0.0393768 0.0494847 0.0590389 0.0668614 0.0720501 0.0742736 0.0737459 0.0709882 0.0666006 0.0611406 0.0550724 0.0487454 0.0423961 0.0361746 0.0301808 0.0244989 0.0192209 0.0144571 0.0103285 0.00693989 0.00434266
 0.00861027 0.0139266 0.0208465 0.0292662 0.0388798 0.0490433 0.0587288 0.0667526 0.0721892 0.0746654 0.0743425 0.0716957 0.0673028 0.0617311 0.0554821 0.0489546 0.0424297 0.0360836 0.0300214 0.0243177 0.0190489 0.0143115 0.0102163 0.006861 0.00429247
 0.00845904 0.0136711 0.0204467 0.0286854 0.0381014 0.0480927 0.0576903 0.0657646 0.071413 0.0742384 0.0743387 0.0721078 0.0680497 0.0626816 0.0564887 0.0498879 0.0432034 0.0366637 0.0304184 0.0245677 0.0191953 0.0143919 0.0102581 0.00688188 0.00430271
 0.00853228 0.0137739 0.0205696 0.0288045 0.0381791 0.048083 0.0575487 0.0654637 0.0709608 0.0736906 0.0737937 0.0716803 0.0678321 0.062712 0.0567401 0.0502825 0.043643 0.037062 0.030723 0.0247647 0.0192998 0.0144326 0.0102635 0.00687301 0.00429145
 0.00888545 0.0143561 0.0214564 0.0300597 0.0398268 0.0500699 0.0597151 0.0675502 0.0726639 0.0747479 0.0740595 0.07116 0.0666678 0.0611317 0.05499 0.0485668 0.0420901 0.035724 0.0296 0.0238358 0.0185444 0.0138369 0.00981614 0.00655838 0.00408702
 0.0091072 0.0147235 0.0220231 0.0308818 0.0409534 0.0515243 0.0614702 0.0695079 0.0746505 0.0765317 0.075392 0.071834 0.0665752 0.0602977 0.0535657 0.0467819 0.0401868 0.0339005 0.0279822 0.0224802 0.0174594 0.013005 0.00920829 0.00613957 0.0038182
 0.00898097 0.0145065 0.0216784 0.0303788 0.0402881 0.0507462 0.0606994 0.0689221 0.0744359 0.0768143 0.0761815 0.0730075 0.0679098 0.0615382 0.0545028 0.0473087 0.0403127 0.0337215 0.0276286 0.0220693 0.0170707 0.0126791 0.00895778 0.00596092 0.00370018
 0.00904299 0.0145779 0.0217304 0.0303635 0.0401482 0.0504338 0.060198 0.0682655 0.0737157 0.0761712 0.0757743 0.0729629 0.0682703 0.0622363 0.0553779 0.0481643 0.0409851 0.0341281 0.0277755 0.0220239 0.0169202 0.0124977 0.00879246 0.00583251 0.00361164
 0.008707 0.014065 0.0210204 0.0294589 0.0390713 0.0492218 0.0589035 0.0669603 0.0724946 0.0751494 0.075077 0.072707 0.0685363 0.0630363 0.0566338 0.0497121 0.0426124 0.0356318 0.0290144 0.0229425 0.0175385 0.012879 0.00900986 0.00594808 0.0036691
 0.00835078 0.0135417 0.0203366 0.0286569 0.0382171 0.0483841 0.0581355 0.0662933 0.0719397 0.0747051 0.0747429 0.0724985 0.0684946 0.0632209 0.0570956 0.0504583 0.0435845 0.0367122 0.0300626 0.0238408 0.0182237 0.0133471 0.00929799 0.00610878 0.00375076
#obs surv len freq
 nan nan nan nan nan nan nan nan nan nan nan nan nan nan nan nan nan nan nan nan nan nan nan nan nan
 0.00448413 0.00734504 0.0111743 0.0159897 0.0216892 0.0279635 0.0342765 0.0400072 0.0446869 0.0481515 0.0505108 0.0520082 0.0529021 0.0534159 0.0537314 0.0539873 0.0542665 0.0545597 0.0546987 0.0542907 0.0527287 0.0493606 0.0438099 0.0362893 0.0276722
 0.00461302 0.00755725 0.0114983 0.0164524 0.0223095 0.0287416 0.0351841 0.0409848 0.0456523 0.0490168 0.0511988 0.0524642 0.0530987 0.0533531 0.0534316 0.0534878 0.0536108 0.0537903 0.0538546 0.0534086 0.0518472 0.0485227 0.0430603 0.0356657 0.0271956
 0.00478398 0.00783448 0.0119144 0.0170376 0.0230863 0.029716 0.0363355 0.04226 0.0469699 0.0502782 0.0523029 0.0533202 0.0536366 0.053532 0.0532432 0.0529543 0.0527778 0.0527175 0.0526082 0.0520589 0.0504692 0.0471966 0.0418657 0.0346685 0.026432
 0.00497146 0.00814401 0.0123889 0.0177195 0.0240089 0.0308894 0.0377332 0.043815 0.0485848 0.0518436 0.0537132 0.054481 0.0544677 0.0539694 0.0532454 0.0525081 0.0519018 0.0514609 0.0510468 0.0502902 0.048609 0.0453726 0.0402039 0.0332721 0.025359
 0.00517752 0.00848045 0.0128983 0.0184434 0.024981 0.0321243 0.0392133 0.0454839 0.0503522 0.0535995 0.0553437 0.0558798 0.0555421 0.0546433 0.0534605 0.0522268 0.0511124 0.0501845 0.0493437 0.0482634 0.0464011 0.0431544 0.0381505 0.031529 0.0240111
 0.00540528 0.00885251 0.0134615 0.0192428 0.0260509 0.0334757 0.0408199 0.0472783 0.0522354 0.05546 0.0570732 0.0573808 0.0567285 0.0554394 0.0538013 0.05206 0.0504043 0.0489296 0.047578 0.0460773 0.0439452 0.0406281 0.0357708 0.0294842 0.0224168
 0.00563237 0.00922769 0.0140373 0.0200718 0.0271755 0.0349114 0.0425388 0.0492037 0.0542534 0.0574428 0.0589004 0.0589513 0.0579616 0.0562709 0.0541772 0.0519332 0.0497353 0.0476968 0.0457952 0.0438156 0.0413475 0.0379044 0.0331647 0.0272175 0.0206336
 0.00588536 0.00963853 0.0146552 0.0209429 0.0283358 0.0363737 0.0442786 0.0511522 0.0563048 0.0594714 0.0607806 0.060571 0.0592299 0.0571196 0.0545566 0.0518055 0.0490695 0.0464719 0.0440162 0.041538 0.0387006 0.0350944 0.0304442 0.0248269 0.0187368
 0.00612764 0.010038 0.0152664 0.0218198 0.0295198 0.0378769 0.0460668 0.0531408 0.0583734 0.0614888 0.0626265 0.0621456 0.0604539 0.057931 0.054908 0.0516602 0.0483995 0.0452595 0.0422653 0.0392969 0.0360866 0.0323018 0.0277207 0.0224157 0.0168107
 0.0063677 0.0104312 0.015864 0.0226716 0.0306656 0.0393313 0.0478034 0.0550849 0.0604107 0.0634865 0.0644547 0.0636938 0.0616379 0.0586928 0.0552102 0.0514782 0.0477153 0.0440618 0.0405604 0.0371296 0.033564 0.0296044 0.025082 0.02007 0.0149283
 0.0066111 0.010831 0.0164729 0.023541 0.0318346 0.0408102 0.0495576 0.0570301 0.0624253 0.0654359 0.0662135 0.065158 0.062729 0.059357 0.0554155 0.0512087 0.0469651 0.0428321 0.0388665 0.035018 0.0311352 0.0270238 0.0225645 0.0178327 0.0131307
 0.0068555 0.0112282 0.0170706 0.0243834 0.0329544 0.0422152 0.0512163 0.058866 0.0643264 0.0672745 0.0678674 0.0665245 0.0637311 0.0599437 0.0555592 0.050899 0.0462028 0.041627 0.0372416 0.0330236 0.0288665 0.0246316 0.0202415 0.015773 0.0114769
 0.00707203 0.011588 0.0176261 0.0251869 0.0340461 0.0436045 0.0528645 0.0606825 0.0661843 0.0690384 0.0694172 0.0677674 0.0646033 0.0604073 0.055597 0.0505097 0.045396 0.040421 0.0356667 0.0311332 0.0267517 0.0224289 0.0181211 0.013904 0.00998185
 0.00728274 0.0119324 0.0181479 0.0259283 0.0350401 0.0448617 0.0543591 0.0623451 0.0679088 0.070699 0.0708903 0.0689484 0.0654174 0.060813 0.0555822 0.0500838 0.0445808 0.0392462 0.0341711 0.029374 0.0248158 0.020439 0.0162251 0.0122455 0.00866235
 0.0074178 0.0121598 0.0185047 0.0264541 0.0357689 0.0458095 0.055511 0.0636509 0.0692906 0.0720654 0.0721492 0.0700155 0.0662204 0.0612958 0.0557098 0.0498435 0.0439803 0.0383098 0.0329383 0.0279024 0.0231882 0.0187653 0.0146331 0.0108562 0.00755956
 0.00750355 0.0122957 0.0187039 0.026729 0.0361324 0.0462753 0.0560906 0.0643486 0.0700964 0.0729508 0.0730666 0.0709018 0.067005 0.0619093 0.0560917 0.0499482 0.0437819 0.0378044 0.032146 0.026869 0.0219865 0.0174934 0.013403 0.00977226 0.00669433
 0.00759198 0.0124332 0.0188988 0.0269849 0.0364475 0.0466426 0.0564991 0.0647853 0.0705507 0.0734184 0.0735472 0.0713918 0.0674881 0.0623516 0.0564437 0.0501544 0.0437918 0.0375834 0.0316842 0.0261866 0.0211359 0.0165547 0.0124718 0.00893912 0.00602314
 0.00765163 0.0125266 0.0190327 0.0271628 0.0366687 0.0469013 0.0567837 0.0650796 0.0708385 0.0736888 0.0737991 0.0716327 0.0677279 0.0625927 0.0566733 0.0503412 0.0438909 0.037548 0.0314796 0.0258034 0.0205978 0.0159171 0.01181 0.00832939 0.00552253
 0.00770665 0.0126091 0.0191438 0.0272993 0.0368242 0.0470683 0.0569551 0.0652492 0.0710007 0.0738394 0.0739364 0.0717585 0.0678473 0.062712 0.0567946 0.0504566 0.0439789 0.0375752 0.0314101 0.0256127 0.0202854 0.0155115 0.0113632 0.00790087 0.00516085
 0.00778083 0.0127235 0.0193043 0.0275058 0.0370699 0.0473391 0.0572294 0.0655006 0.0712042 0.0739786 0.074008 0.0717716 0.0678184 0.0626597 0.0567345 0.0503978 0.0439202 0.0375036 0.0313038 0.0254493 0.0200538 0.0152204 0.0110415 0.00758816 0.00489308
 0.00780781 0.0127677 0.0193712 0.0276004 0.0371952 0.0474936 0.0574054 0.0656839 0.0713766 0.0741224 0.0741103 0.0718271 0.0678303 0.0626374 0.0566906 0.0503439 0.0438627 0.0374411 0.0312264 0.0253432 0.0199081 0.0150354 0.0108318 0.00737855 0.00470891
 0.00782884 0.0127955 0.0194015 0.0276262 0.0372096 0.0474944 0.0573979 0.0656797 0.0713887 0.0741591 0.0741713 0.0719042 0.0679111 0.0627102 0.0567482 0.050384 0.0438863 0.0374486 0.0312153 0.0253075 0.0198417 0.0149378 0.0107109 0.00725035 0.0045912
 0.00787774 0.0128703 0.0195049 0.0277561 0.0373586 0.0476493 0.0575405 0.0657908 0.0714538 0.0741746 0.0741459 0.0718542 0.0678524 0.0626529 0.0566948 0.0503326 0.0438337 0.0373924 0.0311536 0.0252376 0.019761 0.0148457 0.0106114 0.00715171 0.0045035
 0.00787862 0.0128738 0.019514 0.0277748 0.0373904 0.0476956 0.057599 0.0658545 0.0715129 0.074219 0.074169 0.0718557 0.067838 0.0626319 0.0566757 0.0503196 0.043826 0.0373856 0.0311421 0.0252167 0.0197278 0.0148 0.0105563 0.00709342 0.00444941
 0.00788036 0.0128711 0.0194999 0.0277405 0.037329 0.0476066 0.0574921 0.0657482 0.0714283 0.074172 0.0741648 0.0718888 0.0678971 0.062705 0.0567542 0.0503983 0.0439019 0.0374554 0.0312016 0.0252611 0.0197537 0.0148066 0.0105464 0.00707264 0.00442452
 0.00790873 0.0129097 0.019544 0.0277801 0.0373507 0.0475974 0.0574432 0.0656587 0.0713071 0.0740372 0.0740402 0.0717967 0.0678514 0.0627077 0.0567968 0.0504672 0.0439833 0.0375383 0.0312776 0.0253244 0.0198002 0.0148348 0.0105577 0.00707115 0.00441571
 0.00789611 0.0128939 0.0195285 0.02777 0.0373499 0.047605 0.0574513 0.0656539 0.071276 0.0739737 0.0739494 0.0716949 0.0677607 0.062648 0.0567799 0.0504936 0.0440439 0.0376191 0.0313642 0.0254048 0.0198664 0.014883 0.0105878 0.007086 0.00442003
 0.00788306 0.0128683 0.0194824 0.0276949 0.0372405 0.0474643 0.0572932 0.0655009 0.0711508 0.0738899 0.0739077 0.0716869 0.0677766 0.0626831 0.0568353 0.0505727 0.044147 0.0377406 0.0314934 0.0255291 0.019975 0.0149689 0.010649 0.00712483 0.00444156
 0.00786526 0.0128391 0.0194376 0.0276299 0.0371507 0.0473462 0.0571468 0.0653322 0.0709738 0.0737255 0.073779 0.0716116 0.0677619 0.0627244 0.0569209 0.0506894 0.0442842 0.0378899 0.0316463 0.0256762 0.0201065 0.0150771 0.0107303 0.00718013 0.00447532
 0.00785118 0.012814 0.0193958 0.0275651 0.0370574 0.0472223 0.0569959 0.0651636 0.0708008 0.0735627 0.0736407 0.0715115 0.0677112 0.0627302 0.0569829 0.0507999 0.04443 0.0380558 0.0318182 0.0258418 0.0202553 0.0152015 0.0108261 0.00724765 0.00451843
 0.00781714 0.0127572 0.019308 0.0274381 0.0368853 0.0470051 0.0567426 0.064893 0.0705384 0.0733351 0.0734702 0.0714127 0.0676904 0.0627859 0.0571078 0.050982 0.0446534 0.0383024 0.0320692 0.0260797 0.0204664 0.0153763 0.0109605 0.00734296 0.00458027
 0.00779028 0.0127126 0.019239 0.0273377 0.0367478 0.0468279 0.0565289 0.0646532 0.0702897 0.0730991 0.0732697 0.0712681 0.0676165 0.0627901 0.0571889 0.0511311 0.0448559 0.0385399 0.0323214 0.0263268 0.020691 0.0155659 0.0111086 0.00744946 0.00465034
 0.00775254 0.01265 0.0191427 0.0271992 0.0365611 0.046593 0.0562547 0.0643583 0.0699988 0.0728382 0.0730611 0.0711284 0.0675562 0.0628133 0.0572937 0.051309 0.0450927 0.0388165 0.0326159 0.0266169 0.0209565 0.0157916 0.0112862 0.00757801 0.00473554
 0.00774124 0.012628 0.0191026 0.0271318 0.0364567 0.0464453 0.0560635 0.0641316 0.069752 0.0725916 0.0728371 0.0709478 0.0674359 0.0627647 0.0573212 0.0514105 0.0452597 0.0390344 0.0328655 0.0268761 0.0212036 0.0160083 0.0114611 0.00770727 0.00482266
 0.00933399 0.014861 0.0218048 0.0299234 0.0388592 0.0480567 0.0566979 0.0638462 0.0687683 0.0711801 0.0712323 0.0693172 0.0658854 0.0613565 0.0560896 0.0503712 0.0444149 0.038376 0.0323766 0.0265332 0.0209788 0.0158723 0.0113863 0.00767076 0.00480741
 0.00931334 0.0151225 0.0227189 0.0319499 0.0423485 0.0529798 0.0624746 0.0694384 0.073048 0.0733715 0.0711668 0.0673781 0.0627384 0.0576642 0.0523472 0.0468772 0.0413177 0.0357328 0.0301953 0.0247948 0.0196467 0.0148973 0.0107097 0.00722939 0.00453897
 0.00897299 0.0145875 0.0219693 0.0310367 0.0414465 0.0524239 0.0627198 0.0708977 0.0758455 0.0771588 0.0751648 0.0706711 0.0646546 0.0580076 0.0513698 0.0450681 0.0391716 0.0336153 0.0283166 0.0232444 0.0184395 0.0140075 0.0100909 0.00682574 0.00429388
 0.00878842 0.0142759 0.0214802 0.0303196 0.0404711 0.0512147 0.0613997 0.0697153 0.0751525 0.0773128 0.0763707 0.0728347 0.0673503 0.0606164 0.0533274 0.0460786 0.0392667 0.0330557 0.0274313 0.0223048 0.0176112 0.0133598 0.00962915 0.00652265 0.00411038
 0.0086936 0.0141186 0.0212365 0.0299628 0.0399739 0.050556 0.0605774 0.068764 0.0741636 0.0764478 0.0758492 0.0728787 0.0680878 0.0619875 0.0550624 0.0477845 0.0405857 0.0338012 0.0276246 0.0221106 0.0172329 0.0129588 0.00929574 0.0062853 0.00396074
 0.0086719 0.0140772 0.0211625 0.029839 0.0397814 0.0502781 0.0602033 0.0682924 0.0736062 0.0758359 0.0752463 0.0723891 0.0678463 0.0621184 0.0556149 0.0486824 0.0416338 0.034759 0.0283063 0.0224517 0.0172863 0.0128394 0.00911657 0.00612059 0.00384106
 0.00867572 0.0140809 0.021163 0.0298307 0.0397552 0.0502222 0.0601036 0.0681348 0.0733792 0.0755362 0.0748838 0.0719944 0.0674761 0.0618532 0.055541 0.048856 0.042044 0.0353158 0.0288718 0.0228988 0.0175502 0.0129298 0.0090915 0.00604657 0.00376546
 0.00867412 0.01408 0.0211644 0.0298364 0.0397665 0.0502369 0.0601154 0.068132 0.0733472 0.0754595 0.0747514 0.0718041 0.0672405 0.0616042 0.0553292 0.0487398 0.0420677 0.0354855 0.0291445 0.0231979 0.0177996 0.0130863 0.00915481 0.00604578 0.00373616
 0.00866415 0.0140653 0.0211454 0.0298147 0.0397448 0.0502188 0.0601039 0.0681289 0.0733505 0.0754627 0.0747431 0.071771 0.0671724 0.0615003 0.0552033 0.048621 0.0419932 0.0354855 0.0292265 0.0233396 0.0179587 0.0132206 0.00924078 0.00608352 0.0037411
 0.00866302 0.0140643 0.0211455 0.0298171 0.039751 0.0502298 0.0601199 0.0681488 0.0733723 0.0754834 0.0747582 0.0717744 0.0671567 0.0614592 0.0551356 0.0485346 0.041906 0.0354211 0.0292042 0.0233646 0.0180186 0.0132919 0.00930112 0.00612143 0.00375726
 0.00863686 0.0140243 0.0210901 0.0297471 0.0396695 0.0501427 0.0600356 0.0680773 0.0733234 0.0754638 0.0747695 0.0718122 0.0672121 0.0615203 0.0551907 0.0485756 0.0419319 0.0354387 0.029225 0.0233984 0.0180673 0.0133487 0.00935456 0.00616218 0.0037822
 0.0086383 0.0140232 0.0210822 0.0297267 0.0396313 0.0500843 0.05996 0.0679934 0.0732431 0.0753992 0.0747294 0.0718008 0.0672281 0.0615581 0.0552413 0.0486293 0.0419809 0.0354797 0.0292597 0.0234316 0.0181031 0.0133871 0.00939183 0.00619323 0.00380396
 0.00862917 0.0140119 0.0210714 0.0297201 0.039632 0.0500919 0.0599692 0.0679953 0.0732298 0.0753679 0.0746847 0.0717526 0.0671879 0.0615341 0.0552363 0.0486409 0.0420032 0.0355064 0.0292866 0.0234575 0.0181285 0.0134125 0.00941608 0.00621424 0.00381984
 0.00860013 0.0139669 0.021008 0.0296387 0.0395361 0.049989 0.0598706 0.0679137 0.0731757 0.0753449 0.0746894 0.0717773 0.067225 0.0615797 0.0552896 0.048702 0.0420705 0.0355764 0.0293546 0.0235195 0.0181823 0.0134573 0.00945203 0.00624155 0.00383906
 0.00860729 0.013974 0.0210105 0.0296296 0.0395082 0.0499382 0.0597985 0.0678285 0.0730899 0.0752719 0.0746394 0.0717544 0.0672276 0.061602 0.055325 0.0487453 0.0421188 0.0356276 0.0294065 0.0235695 0.0182276 0.013496 0.00948314 0.00626496 0.00385541
 0.00860729 0.013974 0.0210105 0.0296296 0.0395082 0.0499382 0.0597985 0.0678285 0.0730899 0.0752719 0.0746394 0.0717544 0.0672276 0.061602 0.055325 0.0487453 0.0421188 0.0356276 0.0294065 0.0235695 0.0182276 0.013496 0.00948314 0.00626496 0.00385541
 0.0088194 0.0143118 0.0215037 0.0302955 0.0403414 0.050899 0.0608044 0.0687615 0.0738227 0.0757041 0.0747246 0.0715073 0.0667093 0.0608983 0.0545248 0.0479261 0.0413399 0.0349288 0.0288105 0.0230846 0.0178518 0.0132194 0.00929108 0.00614007 0.00377999
 0.00859326 0.0139765 0.021061 0.0297727 0.0397896 0.0503858 0.0604044 0.0685426 0.073828 0.0759351 0.0751358 0.0720188 0.0672334 0.0613642 0.0548933 0.0481892 0.0415112 0.035032 0.0288694 0.0231183 0.0178726 0.0132342 0.00930256 0.00614912 0.00378674
 0.00857612 0.0139189 0.0209213 0.0294991 0.0393404 0.0497575 0.0596532 0.0677812 0.0731947 0.0755482 0.075057 0.0722407 0.0676898 0.0619567 0.0555203 0.0487699 0.0419981 0.0354101 0.029147 0.0233148 0.0180089 0.0133276 0.00936561 0.00619048 0.00381263
 0.00869053 0.0141012 0.0211854 0.0298474 0.0397532 0.0501836 0.0600101 0.0679743 0.0731547 0.0752681 0.0746041 0.0717308 0.0672398 0.0616414 0.0553555 0.0487236 0.0420167 0.0354446 0.0291675 0.0233122 0.0179884 0.0132995 0.00933874 0.00616966 0.00379885
 0.00910128 0.0147648 0.0221731 0.0312126 0.0415085 0.05227 0.0622706 0.0701572 0.0749606 0.0764278 0.0749531 0.0712514 0.066057 0.0599784 0.0534669 0.0468314 0.0402727 0.0339255 0.0278947 0.0222782 0.0171749 0.0126847 0.00889781 0.00587309 0.0036138
 0.00912441 0.014845 0.0223731 0.0316183 0.0422094 0.0533252 0.0636751 0.0718242 0.0767271 0.0780808 0.0762678 0.0720365 0.066199 0.0594724 0.0524181 0.0454234 0.0387141 0.0323983 0.0265241 0.0211279 0.0162616 0.0119962 0.00840639 0.00554356 0.00340819
 0.0088552 0.0144115 0.0217341 0.030754 0.0411441 0.0521534 0.062573 0.0710249 0.0764524 0.0784568 0.0772683 0.0734842 0.0678219 0.0609858 0.0536019 0.0461685 0.0390283 0.0323754 0.0262943 0.0208124 0.0159468 0.011729 0.00820321 0.00540237 0.00331805
 0.0088968 0.014439 0.0217009 0.0305914 0.0407789 0.0515384 0.0617185 0.070016 0.0754443 0.0776448 0.0768384 0.0735553 0.0683999 0.0619533 0.0547527 0.0472759 0.0399153 0.0329573 0.0265804 0.0208747 0.0158777 0.0116083 0.00808284 0.0053067 0.00325249
 0.00858404 0.0139478 0.0209937 0.0296449 0.039588 0.050123 0.0601341 0.0683622 0.0738634 0.0763085 0.0759243 0.0732152 0.0687228 0.0629314 0.0562667 0.0491131 0.0418213 0.0347026 0.0280129 0.0219398 0.016602 0.0120633 0.00834991 0.00545463 0.00333029
 0.00874996 0.0141714 0.0212441 0.0298623 0.0396968 0.0500536 0.059842 0.0678361 0.0731232 0.0754024 0.0749308 0.072246 0.0679156 0.0624245 0.0561589 0.0494252 0.0424808 0.0355635 0.0289056 0.0227246 0.0172023 0.0124684 0.00859301 0.00558532 0.00339362
#pred catch len freq
 0.00408365 0.00649253 0.00953257 0.0131572 0.0173439 0.0220682 0.0272358 0.0326504 0.0380506 0.043171 0.0477858 0.0517324 0.0549267 0.0573603 0.0590742 0.0601255 0.0605633 0.0604098 0.0596214 0.058028 0.0552957 0.0510031 0.0448749 0.0370746 0.0283382
 0.0043426 0.00683121 0.00989377 0.0134463 0.0174667 0.0219842 0.0269914 0.0323636 0.0378485 0.0431184 0.0478498 0.0518056 0.0548901 0.0571502 0.0587186 0.0597354 0.0602848 0.0603554 0.0598141 0.058384 0.0556621 0.0512311 0.044888 0.0368933 0.0280507
 0.00453191 0.00714674 0.0103768 0.0141236 0.0183257 0.0229472 0.0279115 0.0330626 0.0381925 0.0430854 0.0475367 0.0513626 0.0544308 0.0567031 0.0582499 0.0592142 0.0597336 0.0598487 0.0594295 0.0581466 0.0555238 0.0511006 0.0446892 0.0366079 0.027719
 0.00478628 0.00753905 0.0109309 0.0148559 0.0192512 0.0240812 0.0292543 0.0345681 0.0397372 0.0444708 0.0485424 0.051831 0.0543307 0.0561261 0.0573464 0.0581223 0.0585496 0.0586412 0.0582592 0.0570645 0.0545537 0.0502346 0.0439071 0.0359041 0.0271121
 0.00508854 0.00801045 0.0116037 0.0157486 0.020369 0.0254171 0.0307875 0.0362607 0.0415299 0.0462728 0.0502193 0.0532046 0.0552092 0.0563641 0.0569007 0.0570656 0.0570351 0.0568456 0.056341 0.0551484 0.0527316 0.0485713 0.0424477 0.0346812 0.0261464
 0.00537963 0.00846817 0.0122649 0.0166406 0.0215094 0.0268113 0.0324222 0.0380957 0.0434946 0.0482705 0.0521332 0.0549014 0.0565419 0.0571805 0.0570694 0.0565144 0.0557824 0.0550047 0.0540912 0.0526925 0.050261 0.0462475 0.0403955 0.0329845 0.0248428
 0.00569767 0.00896421 0.0129738 0.0175849 0.0227011 0.0282535 0.0341043 0.0399853 0.0455312 0.0503645 0.0541709 0.0567535 0.0580725 0.058255 0.0575624 0.056323 0.0548503 0.0533492 0.051819 0.0499918 0.0473703 0.0434145 0.037837 0.0308548 0.0232151
 0.00605587 0.00952045 0.0137637 0.0186277 0.0240024 0.0298073 0.0358902 0.0419618 0.0476321 0.0525001 0.0562341 0.0586266 0.0596343 0.0593876 0.0581547 0.0562767 0.054091 0.0518476 0.0496188 0.0472293 0.0442713 0.0402612 0.034912 0.028381 0.0213122
 0.00635448 0.00999385 0.0144545 0.01957 0.0252188 0.0313034 0.0376462 0.043926 0.0497223 0.0546142 0.058261 0.0604556 0.0611604 0.0605131 0.0587892 0.0563357 0.0535004 0.0505588 0.0476356 0.0446386 0.0412598 0.0371001 0.0319046 0.0257893 0.0192942
 0.00664217 0.0104482 0.015115 0.0204687 0.0263804 0.0327424 0.0393579 0.0458753 0.0518363 0.0567835 0.0603521 0.0623292 0.062691 0.0616013 0.0593627 0.0563407 0.0528924 0.0493049 0.0457337 0.0421494 0.0383352 0.0339845 0.0288938 0.0231577 0.0172214
 0.00691486 0.0108751 0.0157284 0.0212916 0.0274278 0.034022 0.0408657 0.0475876 0.0537034 0.0587275 0.0622695 0.0640986 0.0641861 0.062707 0.0599871 0.0564192 0.0523841 0.0481889 0.0440157 0.0398837 0.0356513 0.031096 0.0260708 0.0206622 0.0152357
 0.00718281 0.0112955 0.0163334 0.0221032 0.0284574 0.0352686 0.0423111 0.0491922 0.055406 0.0604514 0.0639288 0.0656042 0.065449 0.0636418 0.0605165 0.0564786 0.0519254 0.0471845 0.0424675 0.0378394 0.0332245 0.0284744 0.0234946 0.0183701 0.0133992
