SBPRF35
8.9696
Curr Bio
587358
B35
611011
F35
0.199392
FOFL
0.199392
OFL
100284
Bzero
2.56274e+06
#pred survey bio
 3.30135e+06 3.21873e+06 3.04079e+06 2.93192e+06 2.81248e+06 2.58293e+06 2.21401e+06 1.93756e+06 1.76863e+06 1.58287e+06 1.42818e+06 1.32929e+06 1.23896e+06 1.129e+06 1.04447e+06 921412 768491 694078 651512 620677 576334 554835 542777 553256 550729 553214 532155 493953 491330 498247 516811 538771 572706 600761 597818 563708 548456 538415 565449 580551 590670 601883 589429 543711 521775 515414 513053 540259 574830 575258 583087 568883 568260 641012 653691 622382 587426 595429 1.48087e+07 1.3725e+07 1.41313e+07 1.48655e+07 1.57622e+07 1.66672e+07 1.74851e+07 1.8173e+07 1.87244e+07 1.9152e+07 1.94764e+07 1.97188e+07 1.98986e+07 2.00312e+07 2.0129e+07 2.02011e+07 2.02546e+07 2.02944e+07 2.03241e+07 2.03465e+07 2.03634e+07 2.03762e+07 2.0386e+07 2.03935e+07 2.03992e+07 2.04037e+07 2.04071e+07 2.04098e+07 2.04119e+07 2.04135e+07 2.04147e+07 2.04157e+07 2.04165e+07 2.04171e+07 2.04176e+07 2.0418e+07 2.04182e+07 2.04185e+07 2.04187e+07 2.04188e+07 2.04189e+07 2.0419e+07 2.04191e+07 2.04191e+07 2.04192e+07 2.04192e+07 2.04192e+07 2.04193e+07 2.04193e+07 2.04193e+07 2.04193e+07 2.04193e+07 2.04193e+07 2.04193e+07 2.04193e+07 2.04193e+07 2.04193e+07 2.04193e+07 2.04193e+07 2.04193e+07 2.04193e+07 2.04193e+07 2.04193e+07 2.04193e+07 2.04193e+07 2.04193e+07 2.04193e+07 2.04193e+07 2.04193e+07 2.04193e+07 2.04193e+07 2.04193e+07 2.04193e+07 2.04193e+07 2.04193e+07 2.04193e+07 2.04193e+07 2.04193e+07 2.04193e+07 2.04193e+07 2.04193e+07 2.04193e+07 2.04193e+07 2.04193e+07 2.04193e+07 2.04193e+07 2.04193e+07 2.04193e+07 2.04193e+07 2.04193e+07 2.04193e+07 2.04193e+07 2.04193e+07 2.04193e+07 2.04193e+07 2.04193e+07 2.04193e+07 2.04193e+07 2.04193e+07 2.04193e+07 0 0 0 0 0 0 0 0 0 0 0 0 0 0 0 0 0 0 0 0 0 0 0 0 0
#obs survey bio
 2.98586e+06 3.71642e+06 3.34358e+06 1.99245e+06 3.24079e+06 3.502e+06 2.39866e+06 2.17614e+06 1.99413e+06 1.57807e+06 1.39724e+06 1.09981e+06 1.35313e+06 966279 1.09737e+06 1.53558e+06 631934 842794 718782 813504 521293 532281 523555 491617 471681 551149 621512 334498 630638 377370 510249 474961 466116 484298 567635 595546 425211 409969 687236 658931 655900 578310 632876 785153 447888 596305 492724 441354 509100 614277 677403 474851 562656 741210 537127 562431 656942 517314
#pred catch bio
 99686.7 97927.8 152467 207705 243238 280517 307020 301033 303389 313974 291830 290402 288166 255841 252143 219335 190797 159323 139342 129788 129154 126766 114622 119800 102050 106073 109806 107007 100223 98526.5 92688.9 91419.8 98376.9 93455 98037.5 93239.2 97665.3 85508.1 86717.8 89967.4 86606.6 84684.9 91749 85946.4 90838.7 88828.6 89470.3 93701 99318.8 87623.1 91740.9 108262 55187.1 87598.2 109769 102826 92102.4 48805.6 100284 101382 103169 107558 113532 119634 125077 129547 133017 135603 137471 138791 139705 140331 140753 141037 141225 141350 141432 141486 141521 141544 141559 141569 141575 141579 141582 141584 141585 141586 141586 141586 141587 141587 141587 141587 141587 141587 141587 141587 141587 141587 141587 141587 141587 141587 141587 141587 141587 141587 141587 141587 141587 141587 141587 141587 141587 141587 141587 141587 141587 141587 141587 141587 141587 141587 141587 141587 141587 141587 141587 141587 141587 141587 141587 141587 141587 141587 141587 141587 141587 141587 141587 141587 141587 141587 141587 141587 141587 141587 141587 141587 141587 141587 141587 141587 141587 141587 141587 141587 0 0 0 0 0 0 0 0 0 0 0 0 0 0 0 0 0 0 0 0 0 0 0 0 0
#obs catch bio
 0 97542.6 152669 208083 243209 280103 307241 301975 302685 314378 292359 291278 288094 256230 252538 218101 191726 159447 139400 129298 129393 126888 114769 120075 101862 105967 109495 107519 100134 98786.2 92530.2 91436.5 98696.2 93240.9 97959.6 93228.9 97785.3 85590.7 86628.6 90005.2 86633 84564.1 91729.9 85872.5 91000 88698.5 89618.9 93941.6 99289.6 87525.5 91477 109188 54769.3 87655.6 109929 102730 92664.1 48544.2
#pred cpue bio
 3.26567e+06 3.18408e+06 3.00694e+06 2.8975e+06 2.77763e+06 2.54889e+06 2.18261e+06 1.90744e+06 1.73858e+06 1.55357e+06 1.39902e+06 1.29961e+06 1.20887e+06 1.09912e+06 1.01464e+06 893119 743445 670192 628605 598689 555695 534567 522685 532852 530378 532938 512713 475809 473154 480022 498068 519408 552322 579622 577243 544299 528403 516745 541718 556344 566312 577379 565713 521794 500748 494575 492339 518451 551784 552223 559823 546172 544872 615696 628629 597844 563341 570847 1.42369e+07 1.32039e+07 1.35115e+07 1.41712e+07 1.50506e+07 1.59529e+07 1.67703e+07 1.74582e+07 1.80096e+07 1.84372e+07 1.87616e+07 1.9004e+07 1.91838e+07 1.93164e+07 1.94142e+07 1.94863e+07 1.95398e+07 1.95796e+07 1.96093e+07 1.96317e+07 1.96485e+07 1.96614e+07 1.96712e+07 1.96787e+07 1.96844e+07 1.96889e+07 1.96923e+07 1.9695e+07 1.96971e+07 1.96987e+07 1.96999e+07 1.97009e+07 1.97017e+07 1.97023e+07 1.97028e+07 1.97031e+07 1.97034e+07 1.97037e+07 1.97039e+07 1.9704e+07 1.97041e+07 1.97042e+07 1.97043e+07 1.97043e+07 1.97044e+07 1.97044e+07 1.97044e+07 1.97044e+07 1.97045e+07 1.97045e+07 1.97045e+07 1.97045e+07 1.97045e+07 1.97045e+07 1.97045e+07 1.97045e+07 1.97045e+07 1.97045e+07 1.97045e+07 1.97045e+07 1.97045e+07 1.97045e+07 1.97045e+07 1.97045e+07 1.97045e+07 1.97045e+07 1.97045e+07 1.97045e+07 1.97045e+07 1.97045e+07 1.97045e+07 1.97045e+07 1.97045e+07 1.97045e+07 1.97045e+07 1.97045e+07 1.97045e+07 1.97045e+07 1.97045e+07 1.97045e+07 1.97045e+07 1.97045e+07 1.97045e+07 1.97045e+07 1.97045e+07 1.97045e+07 1.97045e+07 1.97045e+07 1.97045e+07 1.97045e+07 1.97045e+07 1.97045e+07 1.97045e+07 1.97045e+07 1.97045e+07 1.97045e+07 1.97045e+07 1.97045e+07 1.97045e+07 1.97045e+07 0 0 0 0 0 0 0 0 0 0 0 0 0 0 0 0 0 0 0 0 0 0 0 0 0
#obs cpue bio
 3.80217e+06 3.82108e+06 2.13025e+06 3.77805e+06 2.75041e+06 2.41281e+06 1.71527e+06 1.20837e+06 2.38186e+06 1.30376e+06 1.23466e+06 1.44849e+06 1.3839e+06 1.03951e+06 1.03249e+06 787274 547943 618240 558369 605364 466534 591614 463823 639810 656478 567368 533270 438312 479768 511291 643407 499583 580748 961684 630432 449769 723824 549905 554969 465343 479209 655173 574661 339481 526067 513108 400953 562926 847315 457121 594009 474436 552888 653611 736915 720075 380499 780928
#pred surv len freq
 0.00423761 0.00698913 0.0107217 0.0154802 0.0211783 0.0275035 0.033904 0.0397423 0.0445431 0.0481456 0.0506635 0.0523326 0.0533826 0.0539857 0.0542596 0.0542916 0.0541624 0.0539466 0.053654 0.0531153 0.0518837 0.0492875 0.0447166 0.0380353 0.0298376
 0.00451117 0.00735284 0.0111219 0.0158233 0.0213649 0.0274772 0.0336839 0.0394138 0.0442103 0.0478764 0.0504661 0.0521752 0.0532374 0.0538656 0.0542232 0.0544144 0.0544902 0.0544532 0.0542281 0.0535878 0.0520912 0.0491437 0.0442518 0.0373795 0.0291571
 0.00460738 0.00755757 0.0115125 0.0164839 0.0223439 0.0287343 0.0350616 0.0406702 0.0451096 0.048288 0.0504054 0.0517654 0.052631 0.0531849 0.0535497 0.0538079 0.0540001 0.0541034 0.053989 0.0533681 0.051769 0.0486281 0.043536 0.0365486 0.0283445
 0.00471158 0.00772624 0.0117692 0.0168605 0.0228863 0.0295003 0.0361019 0.04199 0.0466271 0.0498199 0.0517074 0.0526175 0.0529211 0.0529392 0.0528987 0.0529207 0.0530285 0.0531515 0.0531013 0.0525293 0.0509234 0.0477206 0.0425577 0.0355556 0.0274343
 0.00485397 0.00796244 0.012133 0.0173858 0.0236 0.0304136 0.0372046 0.0432527 0.0480086 0.051267 0.0531388 0.0539061 0.0539009 0.0534508 0.0528518 0.0523328 0.0520135 0.0518682 0.0516941 0.0510911 0.0494939 0.0463141 0.0411996 0.0343022 0.0263605
 0.00500739 0.00821773 0.0125284 0.0179611 0.0243895 0.031434 0.0384423 0.0446594 0.0495096 0.0527783 0.0545815 0.0552074 0.0549821 0.054215 0.0531904 0.0521565 0.0512938 0.0506587 0.0501154 0.0492902 0.0476067 0.0444516 0.0394564 0.0327651 0.0251017
 0.00523625 0.00858822 0.0130832 0.0187395 0.0254203 0.032725 0.0399679 0.0463557 0.0512817 0.0545176 0.0561837 0.0565844 0.0560644 0.0549453 0.053512 0.0520089 0.0506243 0.0494501 0.0484121 0.0472045 0.0453014 0.0421106 0.0372565 0.030853 0.0235735
 0.00544231 0.00894588 0.0136628 0.0196187 0.0266655 0.0343613 0.0419537 0.0485769 0.0535754 0.0567109 0.0581274 0.0581689 0.0572193 0.0556302 0.0537034 0.0516873 0.0497687 0.0480466 0.0464783 0.0448172 0.04261 0.039325 0.0346093 0.0285492 0.0217457
 0.0056355 0.00926356 0.0141494 0.0203229 0.0276362 0.0356385 0.0435525 0.0504717 0.0556892 0.0589173 0.0602652 0.0600687 0.0587331 0.0566519 0.0541727 0.0515782 0.0490737 0.0467689 0.0446415 0.0424892 0.0399268 0.0364934 0.0318772 0.0261487 0.019834
 0.00588659 0.00966797 0.014751 0.0211602 0.0287357 0.0370056 0.0451618 0.052266 0.0575894 0.0608362 0.0621147 0.061756 0.060156 0.0577029 0.0547527 0.0516111 0.0485138 0.0456021 0.0428883 0.0402177 0.0372707 0.0336581 0.0291149 0.0237033 0.0178773
 0.00615188 0.0101118 0.0154413 0.0221651 0.0301064 0.0387503 0.0472227 0.0545168 0.059862 0.0629636 0.0639666 0.0632521 0.0612557 0.0583837 0.0549902 0.0513703 0.0477536 0.0442908 0.0410239 0.0378514 0.0345264 0.0307366 0.026269 0.0211812 0.0158567
 0.00636484 0.0104603 0.015971 0.022923 0.0311351 0.0400767 0.0488422 0.0563809 0.0618752 0.0649931 0.0658628 0.0648744 0.062496 0.0591777 0.0553116 0.0512116 0.0471084 0.0431482 0.0393827 0.0357474 0.0320606 0.0280861 0.0236656 0.0188586 0.0139862
 0.00660741 0.0108527 0.0165577 0.0237438 0.0322171 0.0414227 0.0504202 0.0581211 0.0636817 0.0667618 0.0674942 0.0662776 0.0635885 0.0598892 0.055591 0.0510311 0.0464591 0.0420337 0.0378189 0.0337765 0.0297744 0.0256402 0.0212658 0.0167159 0.0122578
 0.00692312 0.011356 0.0172964 0.0247539 0.0335153 0.0429944 0.0522074 0.060021 0.0655625 0.0684906 0.0689622 0.0674119 0.0643491 0.0602582 0.055561 0.0505984 0.0456224 0.0407975 0.0362009 0.0318211 0.0275687 0.0233241 0.0190203 0.0147252 0.0106583
 0.00706813 0.0116101 0.0177122 0.0253906 0.0344235 0.044194 0.0536672 0.0616546 0.0672461 0.0700919 0.0703668 0.0685353 0.0651385 0.0606871 0.0556216 0.0502929 0.0449571 0.0397811 0.0348509 0.0301767 0.0257065 0.0213652 0.0171197 0.0130393 0.00930286
 0.0072407 0.0118939 0.0181459 0.0260141 0.035272 0.045287 0.0549941 0.0631649 0.0688482 0.071665 0.07178 0.0696706 0.0659109 0.0610546 0.055582 0.0498709 0.0441883 0.0387018 0.0334979 0.0285971 0.023972 0.0195804 0.0154149 0.0115435 0.00810935
 0.00745651 0.0122295 0.0186231 0.0266439 0.0360551 0.0462134 0.056042 0.0642983 0.0700184 0.072814 0.0728431 0.0705789 0.0665947 0.0614525 0.0556523 0.0495987 0.0435851 0.0377986 0.0323388 0.027238 0.0224861 0.0180626 0.0139755 0.0102884 0.00711257
 0.00751378 0.0123516 0.0188589 0.0270532 0.0366898 0.0470904 0.0571223 0.0654895 0.0712023 0.0738848 0.0737328 0.0712582 0.0670565 0.0616933 0.0556621 0.0493636 0.0430963 0.0370616 0.0313784 0.0261001 0.021238 0.0167903 0.0127748 0.00924724 0.00629001
 0.0076188 0.0124804 0.0189788 0.0271167 0.0366589 0.0469689 0.0569739 0.0654232 0.0713267 0.0742565 0.0743317 0.0720011 0.0678351 0.0624083 0.056239 0.0497514 0.0432608 0.0369841 0.0310591 0.0255641 0.0205371 0.0159997 0.0119815 0.0085326 0.00571162
 0.0076887 0.0125882 0.0191276 0.0272987 0.03685 0.0471262 0.0570432 0.065361 0.0711314 0.0739885 0.0741012 0.0719232 0.0679761 0.0627578 0.0567197 0.0502548 0.0436832 0.037248 0.0311216 0.0254183 0.0202102 0.0155477 0.0114777 0.00805037 0.00530652
 0.00775247 0.012688 0.0192701 0.0274869 0.0370811 0.0473884 0.0573124 0.0655988 0.0712907 0.0740287 0.0740094 0.0717299 0.0677525 0.0625892 0.0566678 0.0503289 0.0438388 0.0374091 0.0312122 0.0253873 0.0200446 0.0152715 0.0111405 0.00770997 0.00501095
 0.00774813 0.0127044 0.0193375 0.0276456 0.0373686 0.04782 0.0578651 0.0662098 0.0718724 0.0744926 0.0742875 0.0717894 0.0676026 0.0622804 0.0562792 0.049943 0.0435129 0.0371576 0.0310101 0.0251914 0.0198196 0.0150069 0.0108527 0.00743078 0.0047717
 0.00780402 0.0127803 0.0194258 0.0277347 0.0374521 0.0479079 0.0579875 0.0664061 0.0721682 0.0748765 0.0747052 0.0721592 0.0678459 0.0623504 0.0561754 0.0497069 0.0432081 0.0368436 0.0307221 0.0249355 0.0195834 0.0147771 0.0106277 0.0072217 0.00459458
 0.00778344 0.0127427 0.0193611 0.0276305 0.0372961 0.0476933 0.057721 0.066115 0.071902 0.0746992 0.0746754 0.0723049 0.0681475 0.0627434 0.0565751 0.0500413 0.0434403 0.0369743 0.0307744 0.0249353 0.0195478 0.0147146 0.0105452 0.0071297 0.00450646
 0.00793031 0.0129541 0.0196282 0.0279262 0.037581 0.0479259 0.0578669 0.0661525 0.0718252 0.0745212 0.0744306 0.072045 0.067928 0.0626041 0.0565245 0.0500553 0.0434766 0.036994 0.0307568 0.0248798 0.0194651 0.0146181 0.0104461 0.00703708 0.00442749
 0.00785686 0.0128477 0.0194914 0.0277677 0.0374102 0.0477469 0.0576753 0.0659401 0.0715903 0.0742773 0.0742079 0.071883 0.0678632 0.0626594 0.0567022 0.0503349 0.0438188 0.0373494 0.0310795 0.0251387 0.0196485 0.0147307 0.0105023 0.00705473 0.00442321
 0.00779635 0.0127589 0.0193757 0.0276338 0.0372729 0.0476235 0.0575811 0.0658834 0.0715674 0.074272 0.0741979 0.0718516 0.0678111 0.0626066 0.0566797 0.0503697 0.0439207 0.0375069 0.0312648 0.0253189 0.0197974 0.0148354 0.0105635 0.00708185 0.00442884
 0.00781873 0.0127969 0.0194361 0.0277234 0.0373972 0.0477837 0.0577712 0.0660889 0.0717662 0.0744376 0.0743029 0.0718735 0.0677381 0.0624446 0.0564542 0.0501207 0.0436907 0.0373273 0.031147 0.0252551 0.0197688 0.0148223 0.0105527 0.00706852 0.00441374
 0.00775032 0.0127076 0.0193421 0.0276534 0.0373843 0.0478528 0.0579286 0.0663193 0.0720386 0.0747144 0.0745482 0.0720571 0.0678385 0.062451 0.0563696 0.0499632 0.0434911 0.0371215 0.0309657 0.0251155 0.0196729 0.0147613 0.0105145 0.007043 0.00439543
 0.00780863 0.0127603 0.0193458 0.0275482 0.0371172 0.0474111 0.0573629 0.065737 0.0715663 0.0744493 0.0745258 0.0722503 0.0681787 0.0628573 0.0567706 0.0503102 0.0437615 0.0373159 0.0310999 0.0252102 0.0197445 0.0148184 0.0105591 0.00707508 0.00441564
 0.00788444 0.0128763 0.0195043 0.0277387 0.0373104 0.0475559 0.0573922 0.0655898 0.0712204 0.0739474 0.0739726 0.071774 0.0678801 0.0627733 0.0568727 0.0505298 0.0440237 0.037564 0.0313042 0.0253645 0.0198559 0.0148975 0.0106148 0.00711307 0.00443986
 0.00792316 0.0129253 0.0195526 0.0277682 0.0373014 0.047494 0.0572728 0.0654149 0.0709921 0.0736661 0.073645 0.071428 0.0675691 0.0625637 0.0568158 0.0506377 0.0442648 0.037879 0.0316313 0.0256581 0.0200936 0.0150756 0.0107401 0.0071961 0.00449145
 0.00782089 0.0127795 0.0193703 0.027567 0.0371022 0.0473106 0.0571059 0.0652545 0.0708273 0.0734938 0.0734726 0.0712693 0.0674416 0.0624877 0.0568151 0.0507337 0.0444649 0.0381676 0.031971 0.0260025 0.0204025 0.0153252 0.0109241 0.00732083 0.0045694
 0.00773953 0.0126484 0.0191765 0.027303 0.0367715 0.046934 0.0567231 0.0649166 0.0705794 0.0733572 0.0734386 0.0713085 0.0675217 0.062589 0.0569349 0.050883 0.0446582 0.0384121 0.0322591 0.0263109 0.0206998 0.0155833 0.0111261 0.00746401 0.00466149
 0.00778093 0.0126821 0.0191658 0.0271944 0.0365108 0.046491 0.0561135 0.0642062 0.0698688 0.0727523 0.0730216 0.071119 0.0675528 0.0627983 0.0572648 0.0512805 0.0450868 0.0388514 0.0326962 0.0267319 0.0210861 0.0159149 0.0113888 0.00765424 0.0047867
 0.00850043 0.0137174 0.0204723 0.0286394 0.0379026 0.0476323 0.0568492 0.06445 0.0696094 0.0720516 0.0720024 0.0699398 0.0663709 0.0617349 0.0563873 0.0506051 0.0445966 0.0385164 0.0324865 0.0266209 0.0210487 0.0159258 0.0114241 0.0076949 0.00482113
 0.00915574 0.0147676 0.0220153 0.030731 0.0405162 0.0506118 0.059884 0.0671133 0.0714717 0.0728212 0.0716166 0.0685599 0.0643003 0.0593142 0.0539136 0.0482914 0.042566 0.0368188 0.0311231 0.0255666 0.0202663 0.0153724 0.0110542 0.00746304 0.00468575
 0.00924888 0.0150046 0.0225295 0.0316962 0.0420994 0.0528963 0.0627966 0.0703959 0.0747186 0.0755689 0.0734544 0.0692292 0.0637535 0.057714 0.0515725 0.0455768 0.039811 0.034268 0.0289201 0.0237699 0.0188752 0.0143502 0.0103445 0.00700066 0.00440534
 0.00893751 0.0145416 0.02192 0.0309921 0.0414095 0.0523878 0.0626786 0.0708726 0.0759107 0.0774341 0.0757546 0.0715764 0.0657228 0.0589735 0.0519735 0.0451734 0.0388103 0.0329432 0.0275272 0.0224953 0.0178215 0.0135492 0.00978026 0.00663187 0.00418225
 0.00883612 0.0143462 0.0215723 0.0304276 0.0405845 0.0513193 0.061478 0.0697483 0.0751268 0.0772353 0.0762839 0.0728142 0.0674729 0.0609078 0.0537273 0.0464558 0.0394838 0.0330391 0.0271998 0.0219446 0.0172249 0.0130236 0.00937803 0.00635714 0.00401273
 0.00879249 0.0142792 0.0214764 0.0302932 0.0403921 0.0510357 0.0610628 0.0691764 0.0744221 0.0764971 0.0756816 0.0725408 0.0676695 0.0615947 0.0547792 0.0476387 0.0405394 0.0337762 0.0275488 0.0219553 0.017018 0.0127305 0.00909662 0.0061377 0.00386571
 0.00876189 0.0142209 0.0213734 0.0301262 0.0401455 0.0507056 0.0606614 0.0687277 0.0739526 0.0760295 0.0752437 0.0721828 0.0674717 0.0616484 0.055141 0.048286 0.0413588 0.0345997 0.0282195 0.0223846 0.0172049 0.0127386 0.00901137 0.00602962 0.00377485
 0.00869226 0.0141171 0.0212341 0.0299545 0.039946 0.0504802 0.0604086 0.0684457 0.0736452 0.0757099 0.074934 0.0719108 0.0672705 0.0615581 0.0552054 0.0485364 0.0417896 0.0351531 0.0287964 0.0228819 0.0175554 0.0129304 0.00907837 0.006024 0.00374209
 0.0086797 0.0141073 0.0212385 0.0299898 0.040028 0.0506159 0.0605875 0.0686384 0.0738079 0.0757964 0.074909 0.071762 0.0670145 0.0612387 0.054885 0.0482815 0.0416519 0.0351518 0.0289093 0.0230538 0.0177227 0.013048 0.0091328 0.0060286 0.00372104
 0.00860737 0.0140016 0.0211022 0.0298348 0.0398749 0.0504899 0.0605146 0.0686385 0.0738878 0.0759431 0.0750888 0.0719288 0.0671249 0.0612678 0.0548366 0.0481863 0.0415561 0.0350985 0.0289214 0.0231254 0.0178254 0.0131469 0.00920344 0.00606459 0.00373023
 0.00858701 0.0139745 0.0210727 0.0298113 0.0398679 0.0505095 0.0605674 0.0687268 0.0740082 0.0760867 0.0752403 0.0720667 0.067224 0.0613051 0.054799 0.0480784 0.0414014 0.034933 0.0287808 0.023032 0.017781 0.0131373 0.0092088 0.00607006 0.00372996
 0.00862309 0.0140187 0.0211131 0.0298293 0.0398453 0.0504385 0.0604582 0.0686059 0.0739097 0.0760385 0.0752553 0.0721399 0.0673357 0.0614277 0.0549037 0.048143 0.0414169 0.0349062 0.0287307 0.0229809 0.017745 0.0131207 0.00920667 0.00607388 0.00373341
 0.00854087 0.0139089 0.020991 0.0297212 0.0397781 0.0504251 0.0604881 0.0686501 0.0739373 0.0760352 0.0752307 0.0721198 0.0673458 0.0614791 0.0549892 0.0482422 0.0415064 0.0349698 0.0287643 0.0229914 0.0177441 0.0131186 0.00920773 0.0060777 0.00373758
 0.00854789 0.0139005 0.0209437 0.0296058 0.0395732 0.0501345 0.060151 0.0683321 0.0737043 0.0759247 0.0752402 0.0722181 0.067496 0.0616555 0.0551792 0.0484383 0.0416989 0.0351454 0.0289111 0.0231038 0.017824 0.0131728 0.00924403 0.00610183 0.00375316
 0.00869059 0.0141098 0.0212148 0.029916 0.0398828 0.050394 0.0603103 0.068354 0.0735785 0.0756768 0.0749258 0.0719021 0.0672285 0.0614588 0.0550513 0.0483654 0.0416652 0.0351373 0.0289167 0.0231135 0.0178319 0.0131768 0.00924496 0.00610148 0.00375272
 0.0086449 0.0140488 0.021147 0.0298559 0.0398447 0.0503829 0.0603155 0.068351 0.073539 0.075583 0.0747813 0.0717335 0.0670763 0.061362 0.0550325 0.0484247 0.0417845 0.0352898 0.0290765 0.0232611 0.0179555 0.0132718 0.00931235 0.00614573 0.00377966
 0.00876823 0.0142204 0.0213527 0.0300661 0.0400253 0.0505098 0.0603852 0.0683769 0.0735373 0.0755585 0.0747232 0.0716256 0.0669122 0.0611554 0.0548149 0.048232 0.0416431 0.0352083 0.0290473 0.0232674 0.0179794 0.0132998 0.0093366 0.00616337 0.00379092
 0.00886989 0.0144177 0.021705 0.0306388 0.0408621 0.0515957 0.061621 0.0695907 0.0745356 0.0761909 0.074924 0.0714141 0.0663646 0.0603713 0.0538966 0.0472744 0.0407268 0.0343934 0.0283684 0.022734 0.017582 0.0130179 0.00914622 0.00604146 0.00371748
 0.00843401 0.0137158 0.0206684 0.0292269 0.039093 0.0495807 0.0595816 0.067827 0.0733414 0.0757514 0.0752571 0.0723842 0.067751 0.0619453 0.0554728 0.0487299 0.041998 0.035462 0.0292435 0.0234358 0.0181315 0.0134336 0.00944588 0.00624433 0.00384492
 0.00867112 0.0140287 0.0210033 0.0294838 0.0391475 0.0493235 0.0589601 0.0668726 0.0721733 0.0745571 0.0742469 0.0717318 0.0675413 0.0621553 0.0559943 0.0494192 0.0427238 0.0361336 0.029815 0.0238956 0.0184869 0.0136989 0.00963595 0.00637346 0.00392687
 0.00895544 0.0145109 0.0217589 0.0305768 0.0405923 0.0510384 0.060738 0.0684074 0.0731493 0.0747637 0.0736586 0.0705108 0.0659685 0.0605295 0.0545458 0.0482665 0.0418804 0.0355468 0.0294116 0.0236132 0.0182851 0.0135552 0.00953746 0.00631019 0.0038894
 0.00891049 0.0144817 0.0217979 0.0307649 0.0410233 0.0517883 0.061829 0.0697781 0.074643 0.0761468 0.0746724 0.0709498 0.0657532 0.0597367 0.0533757 0.0469648 0.0406559 0.0345234 0.028626 0.0230433 0.0178856 0.0132816 0.00935511 0.00619373 0.0038194
 0.00869315 0.0141491 0.0213395 0.0301941 0.0403862 0.0511698 0.0613521 0.0695837 0.0748485 0.076792 0.0756836 0.0721436 0.0668879 0.0605916 0.0538241 0.0470067 0.0403975 0.0341171 0.0282076 0.0226954 0.017635 0.0131188 0.00925686 0.0061375 0.00378869
#obs surv len freq
 nan nan nan nan nan nan nan nan nan nan nan nan nan nan nan nan nan nan nan nan nan nan nan nan nan
 0.00448271 0.00734309 0.0111721 0.0159875 0.0216876 0.0279628 0.0342768 0.0400084 0.0446887 0.0481535 0.0505126 0.0520097 0.0529032 0.0534167 0.0537319 0.0539875 0.0542665 0.0545596 0.0546986 0.0542906 0.0527286 0.0493604 0.0438098 0.0362892 0.0276721
 0.00461081 0.00755378 0.0114933 0.0164459 0.0223017 0.028733 0.0351757 0.0409777 0.0456476 0.049015 0.0511998 0.0524674 0.0531032 0.0533581 0.0534366 0.0534926 0.0536154 0.0537946 0.0538587 0.0534126 0.051851 0.0485263 0.0430634 0.0356683 0.0271976
 0.00477514 0.00782094 0.0118956 0.0170136 0.0230578 0.0296843 0.0363023 0.0422279 0.0469416 0.0502564 0.0522895 0.0533161 0.0536414 0.0535443 0.0532612 0.0529762 0.0528019 0.0527428 0.0526341 0.0520847 0.0504943 0.0472201 0.0418866 0.0346858 0.0264453
 0.00496138 0.00812745 0.0123637 0.0176839 0.0239617 0.0308315 0.0376676 0.0437472 0.0485215 0.0517909 0.0536755 0.0544607 0.0544648 0.0539827 0.0532726 0.0525462 0.0519479 0.0515123 0.0511011 0.0503455 0.0486634 0.0454237 0.0402494 0.0333098 0.0253877
 0.00517939 0.0084823 0.0128988 0.0184405 0.024972 0.0321068 0.0391856 0.0454461 0.0503062 0.053549 0.0552937 0.0558359 0.055509 0.0546242 0.0534567 0.0522377 0.051136 0.050218 0.0493841 0.0483076 0.0464463 0.0431977 0.0381893 0.0315613 0.0240357
 0.00539938 0.0088454 0.0134553 0.0192405 0.0260556 0.033488 0.0408373 0.0472951 0.0522446 0.0554561 0.0570542 0.0573489 0.0566891 0.0553994 0.0537673 0.0520369 0.0503945 0.0489329 0.0475925 0.0460999 0.0439724 0.0406564 0.0357973 0.0295067 0.0224342
 0.0056453 0.00924516 0.0140572 0.0200905 0.0271893 0.0349189 0.0425421 0.0492071 0.0542606 0.0574539 0.0589112 0.058955 0.0579529 0.0562485 0.0541445 0.0518967 0.049702 0.0476719 0.0457812 0.0438121 0.0413522 0.0379142 0.0331764 0.0272286 0.0206426
 0.00589505 0.00965546 0.0146825 0.0209836 0.0283908 0.0364401 0.0443491 0.0512162 0.0563525 0.059498 0.0607868 0.0605611 0.0592081 0.0570877 0.0545152 0.0517558 0.0490149 0.0464177 0.0439674 0.0414981 0.0386707 0.0350735 0.0304304 0.024818 0.0187313
 0.00613513 0.0100503 0.0152853 0.0218472 0.0295578 0.037927 0.0461293 0.0532133 0.0584497 0.0615599 0.0626823 0.0621783 0.0604606 0.0579134 0.0548706 0.0516083 0.0483381 0.0451933 0.0421991 0.0392355 0.0360334 0.0322586 0.0276876 0.0223918 0.0167943
 0.00636356 0.0104266 0.0158609 0.0226734 0.0306761 0.0393534 0.0478384 0.0551321 0.0604676 0.0635492 0.064518 0.0637509 0.0616817 0.0587171 0.0552118 0.0514578 0.0476765 0.0440103 0.0405022 0.0370706 0.0335092 0.0295572 0.0250443 0.0200421 0.014909
 0.00662568 0.0108492 0.0164904 0.0235508 0.0318301 0.0407887 0.0495228 0.0569919 0.0623961 0.0654256 0.0662262 0.0651914 0.0627759 0.0594078 0.0554606 0.0512406 0.0469795 0.0428291 0.0388493 0.0349919 0.0311057 0.0269958 0.022541 0.0178151 0.0131187
 0.00682893 0.011192 0.0170286 0.0243427 0.032922 0.0421938 0.0512021 0.0588508 0.0643032 0.0672431 0.0678359 0.0665053 0.0637344 0.0599729 0.0556093 0.0509599 0.0462631 0.0416778 0.0372785 0.0330465 0.0288784 0.0246365 0.0202431 0.0157736 0.0114776
 0.00705822 0.0115637 0.0175865 0.0251279 0.0339666 0.0435097 0.0527667 0.0605984 0.0661282 0.0690157 0.0694233 0.0677923 0.0646388 0.0604505 0.0556488 0.0505708 0.0454635 0.0404889 0.0357283 0.0311837 0.0267896 0.0224555 0.018139 0.0139159 0.00998972
 0.00726958 0.011911 0.0181157 0.0258827 0.0349784 0.0447824 0.054263 0.0622374 0.0678 0.0706037 0.0708232 0.0689193 0.065428 0.0608572 0.0556502 0.0501662 0.0446705 0.0393375 0.0342587 0.0294529 0.0248824 0.0204916 0.0162643 0.0122732 0.00868087
 0.00745048 0.0122086 0.0185699 0.0265328 0.0358548 0.0458942 0.0555843 0.063702 0.0693096 0.0720469 0.0720945 0.0699336 0.0661255 0.0612034 0.0556317 0.0497854 0.0439427 0.0382893 0.0329303 0.0279019 0.0231909 0.0187681 0.0146345 0.0108561 0.00755862
 0.00753321 0.0123471 0.0187863 0.026852 0.0363014 0.0464865 0.0563274 0.0645822 0.0702927 0.0730805 0.0731126 0.0708624 0.0668922 0.0617443 0.0558995 0.0497525 0.0436009 0.0376484 0.0320184 0.0267681 0.0219085 0.0174338 0.0133582 0.0097395 0.00667151
 0.00757873 0.0124156 0.0188801 0.0269715 0.0364488 0.0466693 0.0565604 0.0648855 0.0706856 0.0735733 0.0736983 0.0715127 0.0675577 0.0623602 0.0563954 0.0500639 0.0436788 0.0374668 0.0315777 0.0260976 0.0210662 0.0165028 0.0124344 0.00891306 0.00600575
 0.0076304 0.0124899 0.0189739 0.0270757 0.0365508 0.0467579 0.056631 0.0649435 0.070748 0.0736669 0.0738538 0.0717541 0.0678912 0.0627661 0.0568273 0.0504568 0.0439627 0.0375819 0.0314878 0.0257986 0.0205892 0.0159096 0.011805 0.00832668 0.00552118
 0.00773366 0.0126479 0.0191927 0.0273523 0.0368721 0.0471001 0.0569608 0.0652227 0.0709433 0.0737621 0.0738581 0.0717003 0.0678241 0.0627266 0.0568366 0.050508 0.0440216 0.0375979 0.031411 0.0255973 0.020262 0.0154877 0.0113433 0.00788645 0.00515146
 0.00778724 0.0127372 0.0193304 0.0275502 0.0371365 0.0474259 0.0573261 0.0655893 0.0712649 0.0739964 0.0739791 0.0717053 0.0677335 0.0625774 0.0566712 0.0503594 0.0439021 0.0374954 0.031295 0.0254345 0.020033 0.0151973 0.0110201 0.00757125 0.00488134
 0.00782683 0.0127978 0.0194152 0.0276606 0.0372734 0.0475907 0.0575199 0.0658099 0.0715024 0.0742311 0.0741829 0.0718488 0.0677959 0.0625543 0.0565767 0.0502205 0.0437475 0.0373431 0.0311466 0.025278 0.0198535 0.0149896 0.0107947 0.00735058 0.00468961
 0.0078414 0.012817 0.0194357 0.027677 0.0372801 0.047585 0.0575051 0.0657964 0.0715053 0.0742655 0.0742575 0.0719609 0.0679296 0.062685 0.0566804 0.0502824 0.0437659 0.0373256 0.0311024 0.0252113 0.0197637 0.0148766 0.0106646 0.00721696 0.00456868
 0.00786366 0.0128491 0.0194762 0.0277215 0.0373215 0.0476153 0.057517 0.0657858 0.0714737 0.0742214 0.0742164 0.0719396 0.0679406 0.0627305 0.0567502 0.0503584 0.0438294 0.0373637 0.0311103 0.0251898 0.0197163 0.0148081 0.0105822 0.00713042 0.00448902
 0.00787826 0.0128701 0.0195028 0.0277508 0.037349 0.0476357 0.0575254 0.0657779 0.0714476 0.0741787 0.0741629 0.0718861 0.0679003 0.0627152 0.0567659 0.0504023 0.0438901 0.0374256 0.0311587 0.0252152 0.0197156 0.0147838 0.0105407 0.00708084 0.00444037
 0.00790145 0.0129046 0.0195486 0.0278055 0.037408 0.0476929 0.0575739 0.0658109 0.0714592 0.0741658 0.0741263 0.0718308 0.0678352 0.0626517 0.0567152 0.0503725 0.0438832 0.0374367 0.0311777 0.025231 0.0197198 0.0147732 0.0105173 0.00705001 0.00440877
 0.00791862 0.0129287 0.0195779 0.0278356 0.0374336 0.0477091 0.0575777 0.0658019 0.071439 0.0741373 0.0740925 0.0717949 0.0678 0.0626204 0.0566915 0.0503602 0.0438851 0.0374525 0.0312033 0.0252592 0.0197427 0.0147854 0.0105174 0.00704078 0.00439481
 0.00789883 0.0128993 0.0195385 0.0277876 0.0373792 0.0476505 0.0575166 0.0657403 0.0713801 0.0740858 0.0740545 0.0717755 0.0678023 0.0626439 0.056733 0.0504152 0.0439493 0.037522 0.031274 0.0253259 0.0198001 0.0148289 0.0105454 0.00705472 0.00439864
 0.0078725 0.0128522 0.0194602 0.0276673 0.0372094 0.0474334 0.0572683 0.0654891 0.0711595 0.0739242 0.0739683 0.0717675 0.0678647 0.0627632 0.0568933 0.0506003 0.0441441 0.0377139 0.0314528 0.0254841 0.0199322 0.0149319 0.0106192 0.00710249 0.00442602
 0.00785125 0.0128157 0.0194016 0.0275782 0.0370819 0.0472619 0.0570534 0.0652407 0.0708979 0.0736782 0.0737698 0.0716439 0.0678322 0.0628226 0.0570316 0.0507961 0.0443731 0.0379532 0.0316835 0.0256921 0.0201082 0.0150712 0.0107216 0.00717169 0.00446851
 0.00785718 0.0128213 0.0194023 0.027567 0.03705 0.0472014 0.0569589 0.0651112 0.0707371 0.0734955 0.0735805 0.071469 0.0676953 0.0627448 0.0570256 0.050862 0.0444993 0.03812 0.0318684 0.0258743 0.0202717 0.0152062 0.0108241 0.00724302 0.00451372
 0.00783013 0.0127778 0.0193378 0.0274775 0.036933 0.047057 0.0567913 0.0649289 0.0705522 0.0733211 0.0734292 0.0713517 0.0676212 0.0627219 0.0570598 0.0509555 0.0446477 0.0383113 0.032084 0.0260929 0.0204735 0.0153767 0.0109564 0.0073369 0.00457449
 0.00781012 0.0127436 0.0192834 0.0273965 0.0368204 0.0469119 0.0566188 0.0647406 0.0703639 0.073149 0.0732865 0.0712477 0.0675614 0.0627091 0.0570953 0.051039 0.0447765 0.0384787 0.0322781 0.0262972 0.0206698 0.0155491 0.0110944 0.00743766 0.00464128
 0.00777022 0.0126786 0.0191854 0.0272586 0.0366383 0.0466867 0.05636 0.0644666 0.0700992 0.0729195 0.073114 0.0711464 0.0675364 0.0627574 0.0572082 0.0512049 0.0449831 0.0387135 0.032528 0.0265472 0.0209042 0.0157534 0.0112587 0.00755869 0.00472246
 0.00772454 0.0126044 0.019074 0.0271023 0.0364323 0.0464322 0.0560668 0.0641541 0.0697938 0.0726496 0.0729048 0.0710165 0.067496 0.0628073 0.0573405 0.0514055 0.0452339 0.0389954 0.0328221 0.0268358 0.0211705 0.0159836 0.0114437 0.00769548 0.00481492
 0.00934178 0.01487 0.021812 0.029924 0.0388492 0.0480352 0.0566692 0.0638189 0.0687526 0.0711834 0.0712567 0.0693589 0.0659364 0.0614071 0.0561307 0.0503961 0.0444207 0.038364 0.032352 0.0265027 0.0209487 0.0158467 0.0113669 0.00765734 0.00479879
 0.00930344 0.0151077 0.0226989 0.0319249 0.0423187 0.0529449 0.0624342 0.069393 0.0730006 0.0733289 0.0711381 0.0673716 0.0627583 0.0577084 0.0524076 0.0469428 0.0413779 0.0357801 0.0302269 0.0248118 0.0196531 0.0148975 0.0107073 0.00722665 0.00453678
 0.00898346 0.0146016 0.0219852 0.0310509 0.041455 0.0524238 0.0627102 0.0708797 0.0758211 0.0771302 0.0751341 0.0706418 0.0646313 0.0579954 0.0513719 0.0450838 0.0391966 0.0336427 0.0283403 0.0232605 0.0184477 0.0140095 0.0100893 0.00682296 0.00429129
 0.00880639 0.0143052 0.0215241 0.0303804 0.0405486 0.0513045 0.061492 0.0697965 0.0752089 0.0773349 0.0763565 0.0727892 0.0672832 0.0605389 0.0532505 0.0460104 0.0392116 0.0330141 0.0274005 0.0222811 0.0175916 0.0133427 0.0096147 0.00651122 0.00410221
 0.00873023 0.0141763 0.0213199 0.0300745 0.0401137 0.0507196 0.0607548 0.068939 0.0743163 0.0765578 0.0759012 0.0728658 0.0680135 0.0618644 0.054909 0.0476205 0.0404278 0.0336607 0.0275065 0.0220156 0.0171587 0.0129024 0.00925419 0.00625615 0.00394158
 0.00869136 0.0141097 0.0212129 0.0299123 0.0398811 0.0504043 0.0603511 0.0684512 0.073761 0.0759706 0.0753456 0.0724411 0.0678442 0.0620618 0.0555109 0.0485445 0.0414792 0.0346046 0.0281654 0.0223321 0.0171908 0.012767 0.00906432 0.00608487 0.00381813
 0.00868736 0.014101 0.0211953 0.0298794 0.0398244 0.050314 0.0602169 0.068264 0.0735152 0.0756669 0.0749964 0.0720765 0.0675178 0.0618485 0.055489 0.048762 0.0419189 0.0351743 0.0287293 0.0227684 0.0174403 0.0128438 0.00902865 0.00600371 0.00373826
 0.00868914 0.0141047 0.0212021 0.0298904 0.0398392 0.050329 0.0602245 0.0682525 0.0734706 0.0755763 0.0748518 0.0718795 0.0672836 0.0616098 0.0552948 0.0486667 0.0419618 0.0353567 0.0290059 0.023063 0.0176797 0.0129885 0.00908128 0.00599484 0.00370365
 0.00867906 0.0140903 0.0211844 0.0298715 0.0398223 0.0503175 0.0602202 0.0682551 0.0734761 0.0755766 0.074836 0.0718361 0.0672054 0.0614991 0.0551677 0.0485527 0.041896 0.0353663 0.0290949 0.0232072 0.0178366 0.0131173 0.00916068 0.00602668 0.00370423
 0.00867104 0.0140778 0.0211665 0.0298483 0.0397946 0.0502876 0.0601921 0.0682333 0.0734646 0.0755769 0.074845 0.0718463 0.0672069 0.0614828 0.0551302 0.0485001 0.0418445 0.0353371 0.0291045 0.0232583 0.0179153 0.0132004 0.00922736 0.0060673 0.00372122
 0.00865494 0.0140534 0.0211331 0.0298065 0.0397463 0.0502356 0.0601401 0.0681859 0.0734272 0.075554 0.0748396 0.0718581 0.0672318 0.0615133 0.0551575 0.0485181 0.0418531 0.0353429 0.0291182 0.0232878 0.0179612 0.0132545 0.0092779 0.00610516 0.00374367
 0.00864429 0.0140346 0.0211024 0.0297599 0.0396811 0.0501526 0.0600452 0.0680897 0.0733422 0.0754914 0.0748065 0.0718564 0.0672587 0.0615626 0.0552206 0.0485855 0.0419172 0.0354 0.0291692 0.0233364 0.0180102 0.0133032 0.00932215 0.00614037 0.00376755
 0.00864376 0.0140335 0.0211 0.0297548 0.0396714 0.0501355 0.0600175 0.0680494 0.0732898 0.0754314 0.0747469 0.0718067 0.0672272 0.0615534 0.0552332 0.0486155 0.0419577 0.0354445 0.0292132 0.0233781 0.0180493 0.0133396 0.00935454 0.00616675 0.00378657
 0.00864408 0.0140342 0.0211014 0.0297572 0.0396749 0.0501395 0.0600205 0.0680487 0.0732822 0.0754142 0.0747189 0.0717701 0.0671871 0.0615171 0.0552075 0.0486046 0.041962 0.0354612 0.0292377 0.0234063 0.018078 0.0133667 0.00937852 0.00618637 0.00380108
 0.00863308 0.0140187 0.0210824 0.0297373 0.0396573 0.050127 0.0600148 0.0680496 0.0732878 0.0754216 0.0747247 0.0717711 0.0671817 0.061506 0.0551939 0.0485931 0.041957 0.035465 0.0292502 0.023425 0.0180999 0.0133887 0.00939839 0.00620264 0.00381316
 0.00863308 0.0140187 0.0210824 0.0297373 0.0396573 0.050127 0.0600148 0.0680496 0.0732878 0.0754216 0.0747247 0.0717711 0.0671817 0.061506 0.0551939 0.0485931 0.041957 0.035465 0.0292502 0.023425 0.0180999 0.0133887 0.00939839 0.00620264 0.00381316
 0.0086329 0.014019 0.0210842 0.0297419 0.0396663 0.0501417 0.0600357 0.068076 0.0733174 0.0754504 0.074748 0.0717843 0.0671814 0.0614914 0.0551671 0.0485586 0.0419207 0.0354327 0.0292259 0.0234104 0.0180941 0.0133896 0.00940299 0.00620853 0.00381862
 0.00879695 0.0142771 0.0214553 0.0302346 0.0402739 0.0508356 0.0607614 0.0687565 0.0738686 0.0758025 0.0748629 0.0716618 0.0668531 0.0610093 0.0545909 0.0479457 0.0413198 0.0348802 0.0287456 0.0230145 0.0177849 0.0131613 0.00924462 0.00610588 0.0037569
 0.00834722 0.0135848 0.020489 0.0289991 0.0388178 0.049257 0.059208 0.0674116 0.0729131 0.0753647 0.0749824 0.0722842 0.0678554 0.0622385 0.0559 0.0492178 0.0424768 0.0358811 0.0295772 0.023681 0.0183 0.0135436 0.00951475 0.00628593 0.00386895
 0.00851733 0.0137993 0.0206973 0.0291165 0.0387489 0.0489338 0.0586228 0.0666261 0.072041 0.0745399 0.0743267 0.0718833 0.0677456 0.0624039 0.0562821 0.0497338 0.0430421 0.0364265 0.0300581 0.0240767 0.0186076 0.0137707 0.00967409 0.00639151 0.00393448
 0.008839 0.0143376 0.0215287 0.0303027 0.0402999 0.0507632 0.0605218 0.0682919 0.0731659 0.074921 0.0739351 0.0708573 0.0663232 0.0608381 0.0547767 0.0484148 0.0419596 0.0355757 0.029406 0.0235839 0.0182404 0.0135035 0.00948729 0.00626812 0.00385856
 0.00877379 0.0142691 0.0214976 0.0303763 0.0405621 0.0512914 0.0613562 0.0694053 0.0744453 0.0761737 0.0749308 0.0713993 0.0663175 0.0603246 0.0539043 0.0473778 0.0409323 0.0346732 0.0286776 0.0230305 0.0178377 0.0132206 0.00929562 0.00614419 0.00378313
 0.00868534 0.0141157 0.0212521 0.0300171 0.0400899 0.05075 0.0608455 0.0690674 0.0744204 0.0765415 0.0756651 0.0723628 0.067303 0.0611263 0.0543868 0.0475134 0.0407895 0.0343703 0.0283304 0.0227178 0.0175947 0.0130502 0.00918478 0.00607627 0.00374376
#pred catch len freq
 0.0031183 0.00508881 0.0077285 0.0110971 0.0152406 0.0201378 0.025641 0.0314751 0.0372975 0.0427704 0.0476085 0.0516129 0.0546949 0.0568773 0.0582661 0.0590169 0.0593104 0.0593187 0.0591255 0.0585945 0.057264 0.0544101 0.0493685 0.0419935 0.0329431
 0.00332727 0.00536947 0.00804358 0.0113803 0.0154208 0.0201742 0.0255455 0.0313041 0.0371167 0.042616 0.0474738 0.0514686 0.0545277 0.0567187 0.0581924 0.0591171 0.0596367 0.0598425 0.0597238 0.0590808 0.0574585 0.0542187 0.0488258 0.0412446 0.0321725
 0.00343323 0.00556975 0.00839158 0.0119291 0.0161943 0.0211309 0.0265618 0.032201 0.0377275 0.0428573 0.0473705 0.0511202 0.0540473 0.0561929 0.0576817 0.0586754 0.0593168 0.0596725 0.0596727 0.0590472 0.057305 0.0538394 0.0482057 0.0404702 0.0313862
 0.00355049 0.00575681 0.00867069 0.0123296 0.0167587 0.0219147 0.0276153 0.0335303 0.0392515 0.0443926 0.0486716 0.051966 0.0543261 0.0559327 0.0570155 0.0577752 0.0583374 0.0587208 0.0587933 0.0582208 0.0564676 0.0529268 0.0472047 0.0394394 0.0304314
 0.00369346 0.00598806 0.00901681 0.0128156 0.0174058 0.0227371 0.0286183 0.0347109 0.0405968 0.0458673 0.0501945 0.0533908 0.0554557 0.0565764 0.0570623 0.0572369 0.0573351 0.0574267 0.0573645 0.0567575 0.0550104 0.051487 0.0458052 0.0381381 0.0293087
 0.00386063 0.00625814 0.00942104 0.0133842 0.018165 0.0237035 0.0297902 0.0360616 0.0420759 0.0474085 0.0517234 0.0548252 0.0566968 0.0575016 0.0575367 0.057151 0.0566507 0.0562 0.0557278 0.0548726 0.0530257 0.0495224 0.0439613 0.0365073 0.0279691
 0.00410389 0.00664406 0.00998498 0.0141553 0.0191644 0.0249399 0.031252 0.0377095 0.043841 0.0491991 0.0534364 0.0563591 0.0579599 0.0584121 0.0580154 0.0571185 0.0560411 0.0549901 0.0539652 0.052681 0.0505842 0.0470322 0.0416147 0.0344635 0.0263324
 0.00431393 0.00699575 0.0105337 0.0149605 0.0202789 0.0263923 0.033028 0.0397422 0.0460184 0.0513827 0.0554832 0.0581386 0.0593652 0.0593638 0.0584569 0.0570062 0.0553378 0.0536733 0.0520509 0.0502524 0.0478047 0.04413 0.038842 0.0320421 0.0244066
 0.00451931 0.00732615 0.0110271 0.0156566 0.0212206 0.0276221 0.0345761 0.0416081 0.0481518 0.0536741 0.0577721 0.0602398 0.0611045 0.0606061 0.0591162 0.0570368 0.0547189 0.052401 0.0501475 0.0477916 0.0449364 0.0410831 0.0358902 0.0294418 0.0223322
 0.0047948 0.00776126 0.011659 0.0165139 0.0223218 0.0289734 0.0361661 0.0434046 0.0501022 0.0557084 0.0598017 0.0621545 0.0627734 0.06189 0.059888 0.0571997 0.0542147 0.05121 0.0482909 0.045345 0.0420491 0.037984 0.0328607 0.0267542 0.0201787
 0.00505033 0.00817954 0.0122941 0.0174187 0.0235387 0.0305186 0.0380134 0.0454775 0.0522844 0.0578664 0.0618092 0.0639069 0.0641896 0.0629039 0.0604367 0.0572185 0.0536419 0.0500017 0.0464416 0.0429107 0.0391678 0.0348791 0.0298132 0.0240402 0.0179974
 0.00528101 0.00854894 0.0128415 0.0181823 0.0245547 0.0318166 0.0396045 0.0473388 0.0543461 0.0600105 0.0638833 0.0657515 0.0656688 0.0639249 0.0609494 0.0571979 0.0530688 0.048857 0.0447204 0.0406523 0.0364856 0.0319729 0.0269444 0.0214727 0.0159252
 0.00554474 0.00896714 0.013452 0.019015 0.0256295 0.0331387 0.0411572 0.0490787 0.0562044 0.0618992 0.0657003 0.0673855 0.0670066 0.0648646 0.0614141 0.0571421 0.0524742 0.0477231 0.0430632 0.0385191 0.0339806 0.0292725 0.024282 0.019088 0.0139976
 0.00582986 0.00941737 0.0141055 0.0199003 0.0267628 0.034519 0.0427579 0.0508409 0.058039 0.0636978 0.0673521 0.0687907 0.0680847 0.0655556 0.0616752 0.0569443 0.0518007 0.0465708 0.041449 0.0364927 0.0316413 0.0267796 0.0218418 0.0169107 0.0122406
 0.00602026 0.0097327 0.014591 0.0206021 0.0277192 0.0357464 0.0442355 0.0525041 0.0597871 0.065412 0.0689144 0.0700985 0.0690599 0.0661471 0.0618566 0.0567062 0.0511429 0.0454999 0.0399838 0.0346783 0.0295657 0.0245823 0.019701 0.0150065 0.0107067
 0.0061955 0.0100158 0.0150151 0.0212009 0.0285252 0.0367851 0.0455141 0.0539976 0.0614285 0.0670927 0.0704977 0.0714448 0.0700542 0.0667186 0.061981 0.0563943 0.0504239 0.0444087 0.0385599 0.0329751 0.0276659 0.0226071 0.017801 0.0133315 0.00936575
 0.00641781 0.0103587 0.0154976 0.0218308 0.0293021 0.0377033 0.0465632 0.0551581 0.0626673 0.068359 0.0717219 0.0725405 0.0709276 0.0672838 0.0621764 0.056193 0.0498329 0.0434607 0.0373041 0.0314757 0.0260081 0.0209009 0.0161749 0.0119086 0.008233
 0.00643285 0.0104097 0.0156232 0.0220828 0.029732 0.0383422 0.0474042 0.0561543 0.0637456 0.0694423 0.072744 0.0734492 0.0716778 0.0678303 0.0624733 0.0561997 0.0495245 0.042836 0.0363891 0.0303237 0.0246984 0.0195352 0.0148665 0.0107624 0.00732095
