SBPRF35
9.66554
Curr Bio
573538
B35
708655
F35
0.189591
FOFL
0.15851
OFL
76372.8
Bzero
2.76158e+006
#pred survey bio
 3.48341e+006 3.10441e+006 2.76951e+006 2.48466e+006 2.24289e+006 1.98256e+006 1.74204e+006 1.51729e+006 1.34108e+006 1.1858e+006 1.03126e+006 892869 822780 764946 724307 673801 637525 627877 602042 587408 571281 566105 555705 561571 561468 562646 572619 577223 567916 554142 549248 536933 518732 509115 505472 512669 527454 532492 543682 553854 566486 570518 576675 579620 581383 583906 585257 578732 629028 643090 613362 593656 580984 579307 2.11221e+007 1.26864e+007 1.29768e+007 1.38119e+007 1.49778e+007 1.62337e+007 1.74141e+007 1.84344e+007 1.9269e+007 1.99263e+007 2.04309e+007 2.08116e+007 2.10955e+007 2.13058e+007 2.14612e+007 2.15759e+007 2.16608e+007 2.17239e+007 2.17709e+007 2.18061e+007 2.18327e+007 2.18528e+007 2.18681e+007 2.18798e+007 2.18888e+007 2.18958e+007 2.19012e+007 2.19054e+007 2.19086e+007 2.19112e+007 2.19132e+007 2.19148e+007 2.1916e+007 2.1917e+007 2.19178e+007 2.19184e+007 2.19188e+007 2.19192e+007 2.19195e+007 2.19198e+007 2.192e+007 2.19201e+007 2.19202e+007 2.19203e+007 2.19204e+007 2.19205e+007 2.19205e+007 2.19205e+007 2.19206e+007 2.19206e+007 2.19206e+007 2.19206e+007 2.19206e+007 2.19207e+007 2.19207e+007 2.19207e+007 2.19207e+007 2.19207e+007 2.19207e+007 2.19207e+007 2.19207e+007 2.19207e+007 2.19207e+007 2.19207e+007 2.19207e+007 2.19207e+007 2.19207e+007 2.19207e+007 2.19207e+007 2.19207e+007 2.19207e+007 2.19207e+007 2.19207e+007 2.19207e+007 2.19207e+007 2.19207e+007 2.19207e+007 2.19207e+007 2.19207e+007 2.19207e+007 2.19207e+007 2.19207e+007 2.19207e+007 2.19207e+007 2.19207e+007 2.19207e+007 2.19207e+007 2.19207e+007 2.19207e+007 2.19207e+007 2.19207e+007 2.19207e+007 2.19207e+007 2.19207e+007 2.19207e+007 2.19207e+007 2.19207e+007 2.19207e+007 2.19207e+007 2.19207e+007 0 0 0 0 0 0 0 0 0 0 0 0 0 0 0 0 0 0 0 0 0 0 0 0 0
#obs survey bio
 3.21546e+006 2.74029e+006 3.24035e+006 1.59362e+006 1.87856e+006 1.64204e+006 1.26988e+006 1.42097e+006 992419 732218 1.09965e+006 732299 775266 628658 497013 876602 584669 627762 432016 557783 337902 450779 424488 516640 572543 502280 704138 650426 612935 386072 583724 614080 625502 488823 531956 459569 599021 508024 496400 589084 828447 625796 586145 441594 695968 668477 511152 574321 818694 789826 616074 485950 515700 619973
#pred catch bio
 320018 300370 276016 259376 297803 298912 299366 266299 254201 255509 239332 178300 167041 151218 156695 140071 114599 125997 114251 113857 103587 107493 93928.2 99254.4 97692.2 90028.1 93806.3 102912 102582 90763.3 92709.5 94887.4 88708.8 87191 81537.7 78162.6 88065.3 83777.1 85436.4 83698.4 90664.5 88490.4 91330.1 92573.5 92257.8 93826.5 100876 55015.9 87346.1 122373 111662 105226 95371.2 71482.2 76372.8 90030.4 90884.6 95439.9 102974 111396 119298 126020 131390 135493 138528 140718 142269 143351 144097 144608 144954 145187 145344 145448 145518 145565 145596 145616 145629 145638 145644 145648 145651 145652 145653 145654 145655 145655 145655 145655 145655 145655 145655 145655 145655 145655 145655 145656 145656 145656 145656 145656 145656 145656 145656 145656 145656 145656 145656 145656 145656 145656 145656 145656 145656 145656 145656 145656 145656 145656 145656 145656 145656 145656 145656 145656 145656 145656 145656 145656 145656 145656 145656 145656 145656 145656 145656 145656 145656 145656 145656 145656 145656 145656 145656 145656 145656 145656 145656 145656 145656 145656 145656 145656 0 0 0 0 0 0 0 0 0 0 0 0 0 0 0 0 0 0 0 0 0 0 0 0 0
#obs catch bio
 246512 300743 275801 259785 301366 303377 306531 272146 259520 263408 245384 181175 169632 153490 161102 142556 115879 127676 115737 115830 105060 109420 95478.9 101150 99420.4 91240.3 95300.3 104470 104153 91668.9 93505.7 95202.2 88407 87198.6 81608.7 78360.1 88529.8 83941.7 85958.9 83832.3 90555.1 88063.4 90953 92599.5 92017.7 93475.6 101519 54634.5 87311.6 122749 111146 104867 95514.2 71308.4
#pred cpue bio
 3.42764e+006 3.05236e+006 2.72095e+006 2.43751e+006 2.19592e+006 1.93655e+006 1.6974e+006 1.47455e+006 1.30009e+006 1.14663e+006 994552 858860 789996 733231 693386 644434 609623 600576 575598 561356 545721 540683 530507 536129 536137 537489 547419 552327 543901 531191 527227 516026 498152 487525 482791 489329 503681 508713 519659 529658 542179 546362 552443 555234 556853 559260 560440 553903 602983 617271 588449 568874 556166 554730 2.02882e+007 1.22155e+007 1.23886e+007 1.30739e+007 1.41807e+007 1.54209e+007 1.65978e+007 1.76174e+007 1.84518e+007 1.91091e+007 1.96137e+007 1.99943e+007 2.02782e+007 2.04886e+007 2.0644e+007 2.07587e+007 2.08436e+007 2.09067e+007 2.09537e+007 2.09889e+007 2.10154e+007 2.10356e+007 2.10509e+007 2.10626e+007 2.10716e+007 2.10786e+007 2.1084e+007 2.10882e+007 2.10914e+007 2.1094e+007 2.1096e+007 2.10976e+007 2.10988e+007 2.10998e+007 2.11005e+007 2.11011e+007 2.11016e+007 2.1102e+007 2.11023e+007 2.11025e+007 2.11027e+007 2.11029e+007 2.1103e+007 2.11031e+007 2.11032e+007 2.11032e+007 2.11033e+007 2.11033e+007 2.11034e+007 2.11034e+007 2.11034e+007 2.11034e+007 2.11034e+007 2.11034e+007 2.11034e+007 2.11034e+007 2.11035e+007 2.11035e+007 2.11035e+007 2.11035e+007 2.11035e+007 2.11035e+007 2.11035e+007 2.11035e+007 2.11035e+007 2.11035e+007 2.11035e+007 2.11035e+007 2.11035e+007 2.11035e+007 2.11035e+007 2.11035e+007 2.11035e+007 2.11035e+007 2.11035e+007 2.11035e+007 2.11035e+007 2.11035e+007 2.11035e+007 2.11035e+007 2.11035e+007 2.11035e+007 2.11035e+007 2.11035e+007 2.11035e+007 2.11035e+007 2.11035e+007 2.11035e+007 2.11035e+007 2.11035e+007 2.11035e+007 2.11035e+007 2.11035e+007 2.11035e+007 2.11035e+007 2.11035e+007 2.11035e+007 2.11035e+007 2.11035e+007 2.11035e+007 0 0 0 0 0 0 0 0 0 0 0 0 0 0 0 0 0 0 0 0 0 0 0 0 0
#obs cpue bio
 2.28024e+006 3.02543e+006 2.82418e+006 2.24759e+006 1.16819e+006 1.55072e+006 1.1274e+006 1.19904e+006 1.53932e+006 898262 1.01846e+006 854633 769802 640432 429404 603657 564738 602031 546600 393910 727192 505998 411600 452771 433192 524204 314669 505197 414116 734485 534650 663068 631946 415189 406284 413944 424756 564364 407289 627524 537763 642860 564489 519754 590698 544007 444521 540666 604872 452881 825489 706410 498009 548286
#pred surv len freq
 0.0054678 0.00886547 0.0133168 0.0187841 0.0251116 0.0319401 0.0386784 0.0446451 0.0493226 0.0525295 0.0543934 0.0551981 0.055245 0.0547866 0.0540118 0.0530504 0.051987 0.0508651 0.049657 0.0481946 0.0461166 0.042926 0.0382151 0.0319673 0.0247248
 0.00573159 0.009225 0.0137351 0.0191979 0.0254675 0.0322417 0.03901 0.0451446 0.050109 0.0536256 0.0556948 0.0565089 0.0563557 0.0555506 0.0543805 0.0530608 0.0517154 0.0503735 0.0489583 0.0472565 0.0449034 0.0414562 0.0365943 0.0303704 0.0233324
 0.00628337 0.0100615 0.0148771 0.0206137 0.0270704 0.0338979 0.0405585 0.046435 0.051055 0.0542439 0.0560926 0.0568143 0.0566359 0.0557727 0.0544412 0.0528528 0.0511802 0.0495102 0.0477968 0.0458291 0.043244 0.0396263 0.0347083 0.0285877 0.0218112
 0.00672966 0.0107882 0.0159698 0.0221441 0.0290712 0.036327 0.0432686 0.049175 0.0535205 0.0561622 0.0573041 0.0573101 0.0565339 0.0552462 0.0536351 0.0518342 0.0499429 0.0480166 0.0460225 0.0437872 0.0409921 0.0372691 0.032394 0.0264859 0.0200698
 0.00701061 0.011254 0.0166892 0.0231909 0.0305138 0.0382081 0.0455765 0.05182 0.0563259 0.0588794 0.0596522 0.059036 0.0574768 0.0553762 0.0530438 0.050678 0.0483721 0.0461308 0.0438713 0.0414052 0.0384402 0.0346594 0.0298855 0.0242527 0.0182515
 0.00733163 0.0117686 0.0174511 0.0242481 0.0319041 0.0399499 0.0476567 0.0541839 0.0588757 0.0614773 0.0621234 0.0611764 0.0590741 0.0562505 0.0530941 0.0499086 0.0468814 0.0440672 0.0413872 0.0386363 0.0355176 0.0317331 0.0271313 0.0218467 0.0163251
 0.00759459 0.0122013 0.0181121 0.0251949 0.0331819 0.0415743 0.0495969 0.0563595 0.0611717 0.0637683 0.0642901 0.0631045 0.0606436 0.05733 0.0535532 0.0496484 0.0458673 0.0423458 0.0390769 0.0359034 0.0325553 0.0287496 0.0243372 0.0194293 0.0144101
 0.00788914 0.0126705 0.018801 0.0261409 0.0344109 0.0430926 0.0513803 0.0583455 0.0632623 0.0658441 0.0662283 0.0647942 0.0619918 0.0582578 0.0539869 0.0495159 0.0451093 0.0409408 0.0370661 0.033403 0.0297495 0.0258674 0.0216177 0.0170775 0.0125565
 0.00817353 0.0131165 0.0194419 0.0269977 0.0354902 0.044384 0.0528521 0.0599428 0.0649126 0.0674681 0.0677487 0.0661387 0.0630924 0.0590498 0.054408 0.0495054 0.0446112 0.039915 0.0355103 0.0313774 0.0273896 0.0233739 0.0192201 0.0149822 0.0108979
 0.0083051 0.0133561 0.019849 0.0276411 0.0364286 0.0456383 0.0543816 0.0616439 0.0666449 0.0690933 0.0691618 0.0672771 0.0639269 0.059568 0.054599 0.0493508 0.0440832 0.0389842 0.0341644 0.0296458 0.0253646 0.0212132 0.0171208 0.0131322 0.00942595
 0.00850295 0.013672 0.0203154 0.0282881 0.0372835 0.0467206 0.055692 0.0631503 0.0682717 0.0707234 0.0706539 0.068496 0.0647743 0.0599994 0.0546183 0.0489887 0.0433724 0.0379468 0.0328167 0.0280185 0.0235275 0.0192863 0.0152613 0.0114963 0.00812385
 0.00891636 0.0142967 0.0211674 0.0293513 0.0385163 0.0480674 0.0570922 0.0645417 0.0695941 0.0719209 0.071675 0.0692892 0.0652869 0.0601843 0.0544475 0.048462 0.0425155 0.0367998 0.0314239 0.0264305 0.0218131 0.0175436 0.0136124 0.0100622 0.00698955
 0.00908799 0.0145683 0.021561 0.0298801 0.0391787 0.0488417 0.0579339 0.0653898 0.0703882 0.0726215 0.0722716 0.0697904 0.0656991 0.0604932 0.0546144 0.0484363 0.0422535 0.0362796 0.0306522 0.025442 0.0206697 0.0163323 0.0124365 0.00902177 0.00615627
 0.00922691 0.0147897 0.021886 0.0303247 0.0397506 0.0495347 0.0587211 0.0662215 0.0711978 0.0733396 0.0728425 0.0701854 0.0659187 0.0605579 0.0545472 0.0482466 0.0419324 0.035808 0.0300165 0.0246497 0.0197575 0.0153655 0.0114975 0.00819103 0.00549117
 0.0090641 0.0145744 0.0216534 0.0301387 0.0396876 0.0496564 0.0590518 0.0667416 0.0718536 0.0740604 0.0735563 0.0708288 0.0664436 0.0609362 0.0547709 0.0483214 0.0418667 0.0356052 0.0296762 0.0241765 0.0191732 0.0147148 0.0108429 0.00759754 0.00500789
 0.00906466 0.0145643 0.0216203 0.0300712 0.0395864 0.0495475 0.0589916 0.0668029 0.0720955 0.074497 0.0741433 0.0714782 0.0670555 0.0614296 0.0550995 0.0484727 0.0418517 0.0354444 0.0293908 0.023787 0.0187044 0.0142021 0.0103319 0.00713577 0.00463203
 0.00923831 0.0148019 0.0218949 0.0303288 0.0397603 0.0495827 0.0588677 0.0665463 0.0717751 0.0742068 0.0739747 0.0714895 0.067251 0.0617593 0.0554799 0.048818 0.0420977 0.0355587 0.0293682 0.0236411 0.018461 0.0138958 0.0100035 0.00682599 0.00437269
 0.00925642 0.01483 0.0219329 0.0303712 0.039792 0.0495758 0.0587839 0.0663491 0.0714504 0.0737824 0.0735253 0.0711188 0.0670567 0.0617965 0.0557414 0.0492392 0.0425826 0.0360121 0.0297203 0.0238577 0.0185413 0.0138637 0.00989709 0.00668691 0.00423636
 0.00940117 0.0150556 0.0222538 0.0307921 0.0403043 0.0501532 0.0593779 0.0668879 0.0718498 0.0739654 0.0734474 0.0707878 0.0665376 0.0611953 0.0551716 0.0487849 0.0422752 0.035831 0.0296138 0.0237708 0.0184368 0.0137296 0.00974286 0.00653258 0.0041017
 0.009402 0.0150658 0.0222857 0.030863 0.0404327 0.0503523 0.0596483 0.0672141 0.0721991 0.0742918 0.0736981 0.070914 0.0665096 0.0610159 0.0548809 0.048449 0.0419623 0.0355863 0.0294473 0.0236627 0.0183554 0.0136496 0.00965485 0.00644124 0.00401802
 0.00952952 0.0152473 0.0225114 0.0311095 0.0406712 0.0505623 0.0598263 0.0673723 0.0723545 0.0744523 0.0738537 0.0710375 0.0665648 0.0609715 0.0547241 0.0481938 0.0416474 0.0352618 0.0291559 0.0234267 0.0181746 0.0135111 0.00954431 0.00635061 0.00394542
 0.00956528 0.0153056 0.0225983 0.031228 0.0408177 0.0507225 0.0599759 0.0674835 0.0724092 0.0744533 0.0738247 0.0710099 0.066559 0.0609853 0.0547351 0.0481741 0.04158 0.0351494 0.0290179 0.0232872 0.0180516 0.0134114 0.00946633 0.00628998 0.00389888
 0.00964507 0.01543 0.0227757 0.0314619 0.041106 0.0510552 0.0603325 0.0678319 0.0727087 0.0746635 0.0739173 0.0709789 0.0664225 0.0607772 0.0544907 0.0479177 0.0413221 0.034893 0.0287673 0.023052 0.0178441 0.0132409 0.00933551 0.0061957 0.00383471
 0.00950283 0.0152212 0.0225037 0.0311457 0.0407767 0.0507494 0.060086 0.0676751 0.0726624 0.0747338 0.0740923 0.0712298 0.0667115 0.0610681 0.0547574 0.0481462 0.041507 0.0350328 0.0288625 0.0231066 0.0178658 0.0132403 0.00932325 0.00617973 0.00381976
 0.00943728 0.0151155 0.0223469 0.0309309 0.040505 0.0504354 0.0597608 0.0673834 0.0724511 0.0746377 0.0741241 0.0713782 0.0669474 0.0613539 0.0550557 0.0484265 0.0417493 0.0352272 0.0290073 0.0232052 0.0179254 0.01327 0.00933307 0.00617855 0.00381416
 0.0093973 0.0150486 0.0222429 0.030779 0.0402964 0.0501677 0.0594426 0.0670376 0.0721142 0.0743539 0.0739361 0.0713167 0.0670224 0.0615518 0.0553436 0.0487616 0.0420894 0.0355392 0.0292702 0.0234104 0.0180738 0.0133691 0.0093935 0.00621174 0.00383021
 0.00915964 0.0146974 0.0217797 0.0302278 0.0396967 0.0495624 0.0588693 0.0665275 0.0716946 0.0740512 0.0737748 0.0713165 0.0671928 0.0618868 0.0558182 0.049333 0.0427042 0.036143 0.029818 0.0238724 0.0184372 0.0136359 0.00957585 0.00632737 0.00389785
 0.0089089 0.0143135 0.0212473 0.0295525 0.0389067 0.048709 0.058025 0.0657767 0.0711163 0.0736975 0.07366 0.0714225 0.0674855 0.0623307 0.0563814 0.049984 0.0434059 0.0368516 0.0304877 0.0244634 0.0189234 0.0140078 0.0098398 0.00650056 0.00400248
 0.0087469 0.0140636 0.0208966 0.0290986 0.0383588 0.0480886 0.0573676 0.0651324 0.0705444 0.073256 0.0733927 0.0713498 0.0676027 0.0626133 0.0567951 0.0504928 0.0439757 0.0374483 0.0310756 0.0250067 0.0193914 0.0143817 0.0101154 0.00668714 0.00411809
 0.00857059 0.0137949 0.0205259 0.0286293 0.0378065 0.0474787 0.0567343 0.0645172 0.069993 0.0728122 0.0730926 0.0712176 0.0676486 0.0628325 0.0571678 0.0509871 0.0445522 0.0380657 0.0316929 0.0255861 0.0199007 0.0147985 0.0104309 0.0069066 0.00425757
 0.00842174 0.0135442 0.0201341 0.0280586 0.0370342 0.0465155 0.0556388 0.063394 0.0689694 0.0720038 0.072577 0.0710259 0.067772 0.063235 0.0577975 0.0517836 0.0454514 0.0390039 0.0326108 0.0264321 0.0206348 0.0153955 0.0108828 0.00722283 0.00446058
 0.00906342 0.0144324 0.0211832 0.0290896 0.0378214 0.0468637 0.0554496 0.0626886 0.0678669 0.0706781 0.0712141 0.0697907 0.066785 0.0625617 0.0574503 0.0517337 0.0456441 0.0393719 0.0330838 0.0269436 0.0211276 0.0158268 0.0112277 0.00747442 0.00462757
 0.00990532 0.0157306 0.0229964 0.0314013 0.0405168 0.0497126 0.0581091 0.0647535 0.0689769 0.0706415 0.0700768 0.0678087 0.0643245 0.059985 0.0550386 0.0496603 0.043984 0.0381271 0.0322107 0.0263752 0.0207898 0.0156487 0.0111492 0.00745013 0.00462731
 0.0100088 0.0159839 0.0235325 0.0323898 0.0421124 0.0519753 0.0609313 0.0678396 0.0718955 0.072932 0.0713684 0.0679147 0.0632832 0.0580357 0.052542 0.0469945 0.041459 0.0359422 0.0304547 0.0250522 0.0198515 0.0150223 0.0107566 0.00722011 0.00450199
 0.00982956 0.0157309 0.0232293 0.0320995 0.0419428 0.0520723 0.061456 0.06892 0.0735597 0.0750488 0.0736392 0.0699386 0.0646772 0.0585567 0.0521552 0.0458638 0.0398719 0.0342102 0.0288316 0.0236936 0.0188153 0.0142946 0.0102838 0.00693567 0.0043438
 0.00968365 0.0154896 0.0228612 0.0315806 0.0412718 0.0512924 0.060673 0.0683019 0.0733045 0.0753261 0.0745217 0.0713517 0.0663931 0.060248 0.0534944 0.0466296 0.0400121 0.0338347 0.0281464 0.0229155 0.0181078 0.0137426 0.00990346 0.00670102 0.00421333
 0.00950361 0.0152122 0.0224715 0.0310733 0.0406501 0.0505682 0.0598725 0.0674772 0.0725442 0.0747559 0.0742853 0.0715703 0.0671124 0.0613966 0.0548819 0.0479966 0.041116 0.0345305 0.0284219 0.0228684 0.0178841 0.0134745 0.0096738 0.00654075 0.00411818
 0.00952043 0.0152248 0.0224633 0.0310198 0.0405245 0.0503513 0.05956 0.0670812 0.072091 0.0742836 0.0738478 0.0712412 0.0669784 0.0615312 0.0553066 0.0486519 0.0418673 0.0352136 0.0289073 0.0231066 0.0179087 0.0133683 0.00952351 0.00640542 0.00402232
 0.00940863 0.0150635 0.0222577 0.0307855 0.0402807 0.0501099 0.0593201 0.0668319 0.0718216 0.0739954 0.0735596 0.070989 0.0668101 0.0614993 0.0554549 0.0489959 0.0423757 0.0358055 0.0294753 0.0235566 0.0181945 0.0135 0.00954816 0.00637783 0.00398294
 0.00927984 0.0148655 0.0219818 0.0304341 0.0398688 0.0496665 0.0588859 0.0664523 0.0715335 0.0738141 0.0734763 0.0709806 0.0668573 0.0615994 0.0556239 0.0492568 0.04274 0.0362565 0.0299641 0.0240161 0.0185655 0.0137532 0.00969015 0.00643899 0.00399876
 0.00917814 0.0146994 0.0217314 0.0300821 0.0394071 0.0491042 0.0582571 0.0658163 0.070964 0.0733808 0.0732258 0.0709263 0.0669807 0.0618628 0.0559864 0.049688 0.0432217 0.0367744 0.0304953 0.0245244 0.019009 0.0140996 0.00992897 0.00658265 0.00407333
 0.00923846 0.0147797 0.0218186 0.0301512 0.0394255 0.0490401 0.058089 0.0655394 0.0705943 0.0729547 0.0727956 0.0705498 0.0667069 0.0617198 0.0559778 0.0497984 0.0434263 0.0370473 0.0308105 0.0248536 0.0193209 0.0143651 0.0101299 0.00671635 0.00415087
 0.00928837 0.0148557 0.0219224 0.0302788 0.0395647 0.0491698 0.058179 0.0655554 0.0705071 0.072752 0.0724903 0.0701797 0.0663264 0.0613859 0.0557364 0.0496744 0.0434221 0.0371467 0.0309863 0.0250735 0.0195519 0.0145779 0.0103034 0.00684147 0.00423027
 0.00928601 0.0148623 0.0219515 0.0303482 0.0396909 0.0493586 0.0584174 0.0658101 0.0707308 0.0728954 0.0725156 0.0700711 0.0660956 0.0610702 0.0553901 0.0493547 0.0431745 0.0369961 0.0309343 0.0251032 0.0196354 0.0146847 0.0104075 0.00692618 0.00428943
 0.00928088 0.0148543 0.0219407 0.0303369 0.0396855 0.0493704 0.0584622 0.0659023 0.0708747 0.0730773 0.0727023 0.0702179 0.0661614 0.0610329 0.0552547 0.049152 0.0429506 0.036797 0.0307928 0.0250318 0.0196269 0.0147193 0.0104617 0.00698065 0.00433279
 0.00935769 0.0149605 0.0220662 0.0304607 0.0397825 0.0494213 0.0584622 0.0658636 0.0708216 0.073037 0.0726941 0.0702449 0.0662082 0.0610708 0.055254 0.0490958 0.0428427 0.0366604 0.0306592 0.0249284 0.0195675 0.0147019 0.0104737 0.00700609 0.00435908
 0.00936621 0.0149869 0.0221278 0.0305781 0.0399698 0.0496745 0.0587509 0.0661365 0.0710251 0.0731376 0.0726901 0.0701626 0.0660845 0.0609349 0.055118 0.0489564 0.0426921 0.0364969 0.0304926 0.0247762 0.0194464 0.0146203 0.0104293 0.00698901 0.00435744
 0.00931605 0.0149263 0.0220757 0.0305664 0.0400362 0.0498494 0.0590445 0.0665303 0.0714722 0.0735711 0.0730399 0.0703748 0.0661371 0.0608416 0.0549169 0.0486923 0.0424018 0.0362051 0.0302156 0.0245275 0.0192381 0.0144604 0.0103187 0.00692111 0.00432089
 0.00886252 0.0142116 0.0210462 0.0291982 0.0383525 0.0479403 0.0570795 0.0647441 0.0701134 0.0728317 0.0730002 0.0709899 0.067265 0.0622935 0.0565066 0.0502693 0.0438635 0.0374924 0.031302 0.0254086 0.0199245 0.0149731 0.0106844 0.00716858 0.00447841
 0.0089262 0.0142782 0.0210769 0.0291306 0.0381128 0.047466 0.0563451 0.0637792 0.0690085 0.071728 0.0720634 0.0703699 0.0670545 0.0625024 0.0570656 0.0510589 0.0447528 0.0383708 0.0320941 0.0260744 0.0204521 0.015369 0.0109657 0.0073574 0.00459738
 0.0092431 0.0147847 0.0218186 0.0301318 0.0393569 0.0488723 0.0577552 0.0649738 0.0697626 0.0718851 0.0715914 0.0693719 0.0657319 0.0610905 0.0557675 0.0500017 0.0439767 0.0378478 0.031762 0.0258683 0.0203217 0.0152832 0.010908 0.00731941 0.00457403
 0.00937088 0.0149974 0.0221485 0.0306137 0.0400217 0.0497352 0.0587978 0.0661286 0.070907 0.0728544 0.0722129 0.0695147 0.065354 0.0602597 0.0546425 0.0487799 0.0428336 0.0368952 0.0310382 0.0253556 0.0199754 0.0150557 0.0107614 0.0072273 0.00451862
 0.00909394 0.0146192 0.0217133 0.0302098 0.0397602 0.0497144 0.059073 0.0666999 0.0717248 0.0738303 0.0732281 0.0704295 0.0660284 0.0605878 0.0545876 0.0483902 0.0422261 0.0362133 0.0304045 0.0248427 0.0196033 0.0148082 0.0106074 0.00713642 0.0044674
 0.00833073 0.0134886 0.0202206 0.028442 0.0378754 0.0479142 0.0575734 0.0657014 0.0713758 0.074187 0.0742324 0.07192 0.0677805 0.062364 0.0561842 0.0496718 0.0431437 0.0367991 0.0307436 0.0250329 0.019722 0.0148987 0.0106843 0.00719954 0.00451409
#obs surv len freq
 0.00496618 0.0081368 0.0123807 0.0177128 0.0240071 0.030897 0.0377545 0.0438529 0.0486387 0.0519088 0.0537808 0.0545412 0.0545121 0.0539937 0.0532494 0.0524947 0.0518749 0.0514245 0.0510041 0.0502441 0.0485622 0.0453276 0.0401636 0.0332385 0.0253332
 0.00518066 0.00848441 0.0129022 0.0184461 0.0249814 0.0321228 0.0392123 0.0454877 0.050366 0.0536272 0.0553861 0.0559332 0.0555988 0.0546939 0.0534966 0.0522433 0.0511085 0.0501626 0.0493082 0.048219 0.0463526 0.0431061 0.0381062 0.0314918 0.0239824
 0.00541525 0.00886936 0.0134879 0.0192812 0.0261025 0.0335389 0.0408901 0.047348 0.0522972 0.0555092 0.0571094 0.0574071 0.0567482 0.0554538 0.0538079 0.0520543 0.0503817 0.0488877 0.047518 0.0460032 0.0438632 0.0405454 0.0356943 0.0294194 0.0223668
 0.00564759 0.00925203 0.0140732 0.0201214 0.0272402 0.0349913 0.0426321 0.0493053 0.0543555 0.0575358 0.0589753 0.059002 0.0579864 0.0562721 0.054159 0.0518989 0.0496859 0.0476315 0.0457136 0.0437194 0.0412418 0.0377969 0.0330642 0.0271317 0.0205669
 0.00589023 0.00964787 0.0146718 0.0209705 0.0283777 0.0364319 0.0443525 0.0512383 0.0563975 0.0595642 0.0608663 0.0606429 0.0592822 0.0571481 0.0545601 0.0517851 0.0490279 0.0464117 0.0439393 0.041447 0.0385998 0.0349904 0.0303456 0.0247414 0.0186698
 0.00613543 0.0100493 0.0152811 0.0218372 0.0295397 0.0378999 0.0460953 0.0531781 0.0584218 0.0615485 0.0626944 0.0622158 0.060519 0.0579836 0.0549421 0.0516719 0.0483875 0.0452246 0.0422099 0.0392247 0.0360026 0.0322128 0.0276346 0.02234 0.0167505
 0.00638702 0.010462 0.015909 0.0227325 0.0307422 0.0394205 0.0478991 0.0551784 0.0604938 0.0635535 0.0645045 0.063728 0.0616589 0.0587015 0.0552053 0.0514573 0.0476757 0.0440023 0.0404817 0.0370349 0.0334587 0.0294959 0.0249791 0.0199806 0.0148577
 0.00661316 0.0108352 0.0164811 0.0235554 0.0318576 0.0408438 0.0496023 0.057084 0.0624847 0.0654957 0.0662685 0.0652042 0.0627646 0.0593817 0.0554297 0.0512119 0.0469553 0.0428071 0.0388247 0.0349601 0.0310645 0.0269463 0.022488 0.0177644 0.0130759
 0.00685931 0.0112359 0.0170849 0.0244078 0.0329921 0.042268 0.0512833 0.0589433 0.0644076 0.0673526 0.0679356 0.0665773 0.0637649 0.0599575 0.0555541 0.0508773 0.0461669 0.0415785 0.0371812 0.0329522 0.0287869 0.0245484 0.0201613 0.0157025 0.0114208
 0.00707818 0.0115965 0.0176364 0.025198 0.0340572 0.0436163 0.0528796 0.0607048 0.0662172 0.0690825 0.0694697 0.0678225 0.064654 0.0604472 0.0556216 0.0505172 0.0453866 0.0403961 0.0356283 0.0310834 0.0266935 0.0223664 0.0180598 0.0138492 0.0099377
 0.00727154 0.0119153 0.0181243 0.0258983 0.0350044 0.0448218 0.0543173 0.0623051 0.0678759 0.0706799 0.070891 0.0689723 0.0654634 0.0608751 0.0556513 0.0501501 0.0446365 0.0392862 0.0341938 0.0293798 0.0248073 0.0204199 0.0162003 0.0122197 0.0086396
 0.00744687 0.0122018 0.0185583 0.0265147 0.0358297 0.0458637 0.0555534 0.0636784 0.0693017 0.0720605 0.0721306 0.0699874 0.0661889 0.0612668 0.0556871 0.0498273 0.043968 0.0382968 0.0329207 0.027878 0.0231571 0.0187299 0.014597 0.0108231 0.00753238
 0.00753401 0.0123472 0.0187843 0.0268456 0.0362882 0.0464646 0.0562965 0.0645444 0.0702529 0.0730461 0.0730916 0.0708612 0.066913 0.0617845 0.0559519 0.0498079 0.0436504 0.0376859 0.0320405 0.0267748 0.0219021 0.0174186 0.0133387 0.00972004 0.00665494
 0.00759959 0.0124478 0.0189252 0.0270293 0.0365169 0.0467425 0.0566309 0.0649436 0.0707219 0.0735818 0.073679 0.0714716 0.0675048 0.0623065 0.0563491 0.0500283 0.0436528 0.0374461 0.0315575 0.0260744 0.0210393 0.0164733 0.0124053 0.00888724 0.00598519
 0.00766355 0.0125461 0.0190623 0.0272051 0.0367263 0.0469764 0.0568772 0.0651905 0.070963 0.0738197 0.073925 0.0717389 0.0677984 0.0626148 0.0566417 0.0502603 0.0437736 0.0374112 0.0313395 0.0256724 0.020483 0.0158217 0.0117344 0.00827259 0.00548246
 0.00771638 0.0126259 0.0191711 0.0273405 0.0368822 0.047144 0.0570464 0.0653507 0.0711055 0.0739407 0.0740284 0.0718361 0.0679048 0.0627423 0.0567909 0.0504147 0.0439001 0.0374672 0.0312855 0.0254855 0.0201673 0.0154105 0.0112828 0.00784111 0.00511953
 0.0077617 0.0126946 0.0192649 0.0274575 0.0370165 0.0472867 0.0571864 0.0654763 0.0712065 0.0740119 0.0740711 0.0718584 0.0679192 0.0627625 0.0568273 0.0504692 0.0439618 0.0375121 0.031282 0.0254054 0.0199985 0.0151641 0.0109917 0.00754882 0.00486496
 0.0078041 0.0127601 0.0193569 0.0275761 0.0371583 0.0474442 0.0573474 0.0656255 0.0713281 0.074094 0.0741091 0.0718557 0.0678858 0.0627127 0.0567755 0.0504266 0.0439321 0.0374887 0.0312485 0.025341 0.0198875 0.0150049 0.0107994 0.00735018 0.00468734
 0.00784411 0.0128177 0.0194301 0.0276583 0.0372408 0.0475191 0.0574105 0.065676 0.0713673 0.0741231 0.074128 0.0718636 0.0678827 0.0627001 0.0567572 0.0504078 0.0439168 0.0374766 0.0312332 0.0253111 0.0198314 0.0149176 0.0106867 0.00722737 0.00457277
 0.00786728 0.0128549 0.0194846 0.0277319 0.0373318 0.0476212 0.0575117 0.0657612 0.0714234 0.0741442 0.0741175 0.0718317 0.0678407 0.0626565 0.0567167 0.050372 0.043886 0.0374501 0.0312077 0.0252808 0.0197895 0.0148596 0.0106141 0.00714786 0.0044974
 0.00786585 0.0128512 0.0194767 0.0277178 0.0373106 0.0475944 0.057484 0.0657392 0.0714126 0.0741461 0.07413 0.0718504 0.0678626 0.0626808 0.056744 0.0504027 0.043919 0.0374826 0.0312356 0.0252994 0.0197941 0.0148475 0.0105864 0.00710982 0.0044568
 0.00789377 0.0128884 0.0195174 0.0277518 0.0373256 0.0475811 0.0574402 0.0656708 0.0713321 0.0740688 0.0740688 0.0718136 0.067852 0.062693 0.056773 0.0504423 0.0439639 0.0375283 0.0312778 0.0253337 0.0198166 0.0148559 0.0105809 0.00709406 0.00443614
 0.00789359 0.012891 0.0195262 0.0277703 0.0373553 0.0476178 0.0574731 0.0656851 0.0713153 0.0740175 0.0739918 0.0717287 0.0677784 0.0626449 0.0567557 0.0504529 0.043995 0.0375707 0.0313234 0.0253755 0.0198496 0.014877 0.0105898 0.00709277 0.0044286
 0.00790349 0.0129029 0.0195366 0.0277742 0.0373483 0.0475991 0.0574469 0.0656585 0.071294 0.0740016 0.0739763 0.0717072 0.0677494 0.0626135 0.0567311 0.0504439 0.0440053 0.0375982 0.0313616 0.0254168 0.0198868 0.0149056 0.0106078 0.00710107 0.00442983
 0.00788489 0.0128732 0.019493 0.0277142 0.0372701 0.0475029 0.0573356 0.0655396 0.0711795 0.0739063 0.0739136 0.0716849 0.0677667 0.0626629 0.0568028 0.0505293 0.0440989 0.0376963 0.0314601 0.0255099 0.0199687 0.0149714 0.0106557 0.0071321 0.00444729
 0.00786754 0.0128421 0.019441 0.0276335 0.0371547 0.047352 0.0571568 0.0653487 0.0709972 0.0737532 0.0738059 0.0716325 0.0677733 0.0627251 0.0569109 0.0506697 0.0442569 0.0378586 0.0316162 0.0256522 0.0200912 0.0150703 0.0107296 0.00718256 0.00447846
 0.00783012 0.0127806 0.0193473 0.0274999 0.0369756 0.0471273 0.0568947 0.0650673 0.0707225 0.0735143 0.0736295 0.0715382 0.0677696 0.0628097 0.0570714 0.0508866 0.0445075 0.0381205 0.0318697 0.0258821 0.0202873 0.0152274 0.0108471 0.00726385 0.00453003
 0.00784056 0.0127919 0.0193538 0.0274921 0.0369425 0.047059 0.0567857 0.0649186 0.0705418 0.0733156 0.0734318 0.0713633 0.0676393 0.062741 0.057073 0.0509573 0.044636 0.0382888 0.0320569 0.0260683 0.0204564 0.0153688 0.0109561 0.00734116 0.00458016
 0.0078122 0.01275 0.0192982 0.0274248 0.0368658 0.0469738 0.0566904 0.0648102 0.0704186 0.0731802 0.0732925 0.0712333 0.0675345 0.0626767 0.0570612 0.0510037 0.0447388 0.0384377 0.0322354 0.0262564 0.0206352 0.0155236 0.0110786 0.00742973 0.00463855
 0.00776634 0.012675 0.0191849 0.0272659 0.0366592 0.0467263 0.0564206 0.064546 0.0701898 0.073009 0.0731881 0.0711929 0.0675496 0.062739 0.0571656 0.0511475 0.0449191 0.0386483 0.032465 0.0264895 0.0208545 0.015714 0.0112306 0.00754077 0.0047125
 0.00771779 0.0125935 0.0190577 0.0270802 0.0364056 0.0464043 0.0560443 0.0641454 0.0698067 0.0726876 0.072965 0.0710892 0.0675676 0.0628647 0.0573754 0.0514156 0.0452228 0.0389695 0.0327883 0.0267997 0.0211365 0.0159548 0.0114216 0.00768047 0.0048059
 0.00932677 0.0148458 0.0217761 0.0298744 0.0387851 0.0479583 0.0565845 0.0637354 0.068682 0.071138 0.071246 0.0693869 0.0659996 0.061495 0.0562284 0.0504887 0.0444974 0.0384198 0.0323875 0.0265218 0.0209565 0.0158481 0.0113654 0.0076553 0.00479727
 0.00929463 0.0150935 0.0226774 0.0318947 0.0422786 0.0528945 0.0623744 0.0693269 0.0729334 0.0732677 0.0710911 0.0673468 0.0627616 0.0577414 0.0524663 0.0470182 0.0414582 0.0358542 0.0302874 0.0248559 0.0196819 0.0149145 0.0107164 0.00723108 0.00453884
 0.00897396 0.0145852 0.0219591 0.031012 0.0414011 0.0523548 0.0626295 0.0707939 0.0757386 0.0770591 0.0750809 0.070611 0.0646258 0.0580168 0.0514194 0.0451536 0.0392813 0.0337328 0.0284258 0.0233338 0.0185049 0.0140504 0.0101163 0.00683942 0.00430068
 0.00879843 0.0142922 0.0215044 0.0303524 0.0405108 0.0512559 0.0614332 0.0697297 0.0751384 0.0772669 0.0762978 0.0727461 0.0672604 0.0605392 0.0532741 0.0460557 0.0392746 0.0330888 0.0274789 0.0223552 0.017655 0.0133922 0.0096498 0.00653404 0.0041158
 0.00871384 0.0141504 0.0212821 0.0300235 0.0400492 0.0506433 0.0606707 0.0688535 0.0742366 0.0764909 0.0758521 0.072838 0.0680082 0.0618816 0.0549475 0.0476778 0.0405001 0.033743 0.0275928 0.0220991 0.0172333 0.0129635 0.0093001 0.00628761 0.00396123
 0.00868972 0.0141049 0.021202 0.029891 0.0398455 0.0503524 0.0602842 0.0683744 0.073682 0.0758975 0.0752855 0.0723991 0.0678228 0.0620618 0.0555313 0.0485833 0.0415333 0.03467 0.0282371 0.0224044 0.017258 0.0128245 0.00910931 0.00611694 0.00383889
 0.00868257 0.0140942 0.021187 0.0298701 0.0398143 0.0503017 0.0601997 0.0682383 0.0734787 0.0756201 0.0749436 0.0720248 0.0674747 0.0618198 0.0554784 0.0487701 0.0419441 0.0352136 0.0287784 0.0228222 0.0174935 0.0128916 0.00906779 0.00603273 0.0037577
 0.00866635 0.0140698 0.0211538 0.0298291 0.0397675 0.0502518 0.0601483 0.0681845 0.0734171 0.0755407 0.0748339 0.0718767 0.0672933 0.0616305 0.0553263 0.0487092 0.0420146 0.0354179 0.029072 0.0231299 0.0177428 0.0130438 0.00912604 0.00602805 0.00372609
 0.00867399 0.0140783 0.0211595 0.0298266 0.0397511 0.0502186 0.0600999 0.068127 0.0733579 0.0754847 0.0747805 0.0718195 0.0672239 0.061545 0.0552325 0.0486291 0.0419789 0.0354519 0.0291798 0.0232881 0.0179099 0.01318 0.00921066 0.00606351 0.0037291
 0.00866064 0.0140623 0.0211455 0.0298216 0.0397614 0.0502457 0.0601378 0.0681637 0.0733804 0.0754846 0.0747568 0.0717767 0.0671676 0.061479 0.05516 0.0485563 0.041918 0.0354192 0.0291883 0.0233385 0.0179878 0.0132622 0.00927656 0.00610362 0.00374583
 0.00864259 0.0140326 0.0211008 0.0297596 0.0396834 0.050158 0.0600529 0.068097 0.0733445 0.0754835 0.0747841 0.0718192 0.0672115 0.0615152 0.0551846 0.0485704 0.0419266 0.0354304 0.029211 0.0233782 0.0180429 0.0133236 0.00933227 0.00614488 0.00377038
 0.00862379 0.014003 0.0210581 0.0297023 0.039611 0.0500716 0.0599563 0.0679978 0.073254 0.0754149 0.0747487 0.0718222 0.0672499 0.0615784 0.0552588 0.0486437 0.0419923 0.0354876 0.0292633 0.0234299 0.0180963 0.0133768 0.00938033 0.00618285 0.00379604
 0.008611 0.0139819 0.0210258 0.0296561 0.0395492 0.0499945 0.0598673 0.0679033 0.0731625 0.0753355 0.0746897 0.0717907 0.0672503 0.0616107 0.0553183 0.0487211 0.0420767 0.0355701 0.0293388 0.0234973 0.0181563 0.0134296 0.00942505 0.00621781 0.00382054
 0.0086443 0.0140321 0.0210938 0.0297395 0.0396422 0.0500883 0.0599506 0.0679638 0.0731893 0.0753225 0.0746378 0.0717077 0.0671492 0.0615065 0.055224 0.0486455 0.042023 0.0355366 0.0293212 0.0234913 0.0181585 0.0134373 0.0094358 0.00622903 0.00383011
 0.00862801 0.0140118 0.0210745 0.0297295 0.0396501 0.0501192 0.0600028 0.0680285 0.0732535 0.0753728 0.074665 0.0717078 0.067124 0.0614623 0.0551704 0.0485925 0.0419786 0.0355055 0.0293042 0.0234864 0.018162 0.013446 0.00944645 0.00623943 0.00383874
 0.00862801 0.0140118 0.0210745 0.0297295 0.0396501 0.0501192 0.0600028 0.0680285 0.0732535 0.0753728 0.074665 0.0717078 0.067124 0.0614623 0.0551704 0.0485925 0.0419786 0.0355055 0.0293042 0.0234864 0.018162 0.013446 0.00944645 0.00623943 0.00383874
 0.00868393 0.0140991 0.021199 0.0298938 0.0398532 0.0503551 0.060259 0.0682852 0.0734847 0.0755511 0.0747665 0.0717181 0.0670416 0.0612994 0.0549492 0.0483406 0.0417231 0.0352683 0.0291001 0.023322 0.018038 0.0133581 0.00938839 0.00620386 0.00381872
 0.00825674 0.0134298 0.020242 0.0286319 0.0383105 0.0486117 0.0584602 0.0666314 0.0721918 0.0747928 0.0746282 0.0721813 0.0680004 0.0625971 0.0564179 0.0498328 0.0431296 0.0365214 0.030167 0.0241946 0.0187231 0.0138724 0.00975458 0.00644902 0.00397161
 0.008435 0.0136638 0.0204898 0.0288179 0.0383423 0.0484109 0.0579912 0.0659156 0.0713049 0.0738504 0.0737633 0.0715183 0.0676281 0.0625482 0.0566653 0.0503026 0.0437262 0.0371533 0.0307637 0.0247127 0.0191436 0.0141936 0.00998555 0.00660469 0.00406925
 0.00876387 0.014215 0.0213436 0.0300408 0.0399509 0.050325 0.060005 0.0677211 0.0725771 0.0743564 0.0734393 0.0704758 0.0660993 0.0608065 0.0549536 0.0487901 0.0424953 0.0362132 0.0300777 0.0242267 0.018806 0.0139636 0.00983343 0.00650851 0.00401205
 0.00866154 0.0140875 0.0212264 0.0299987 0.04007 0.0506921 0.0606785 0.0686997 0.0737738 0.0755964 0.0744929 0.0711279 0.0662244 0.0604119 0.0541676 0.0478051 0.0414995 0.0353405 0.0293916 0.0237317 0.018472 0.0137495 0.00970178 0.0064307 0.00396817
 0.00885238 0.0143712 0.0216051 0.030461 0.0405988 0.0512774 0.0613242 0.0694185 0.0745714 0.0764488 0.0753293 0.0718294 0.0666485 0.0604388 0.0537494 0.0469916 0.0404245 0.0341756 0.0282924 0.0228009 0.0177513 0.0132323 0.00935491 0.00621252 0.00383967
 0.00870776 0.0141659 0.0213513 0.0301879 0.0403446 0.0510763 0.0611993 0.0693852 0.074648 0.0766624 0.075707 0.072374 0.0673149 0.0611275 0.05433 0.0473487 0.0405023 0.0339968 0.0279416 0.0223854 0.0173611 0.0129195 0.00913349 0.00607141 0.00375775
#pred catch len freq
 0.00571035 0.00894065 0.0128511 0.017262 0.0220444 0.0271155 0.0323551 0.0375523 0.0424413 0.0467773 0.0503824 0.0531572 0.0550817 0.0562092 0.0566464 0.0565274 0.055992 0.0551589 0.054069 0.0525972 0.0503904 0.0469326 0.041794 0.0349659 0.0270456
 0.00602709 0.00938177 0.0133833 0.0178209 0.0225697 0.0275973 0.0328586 0.0381945 0.0433251 0.0479204 0.0516879 0.054444 0.056155 0.0569308 0.05697 0.056489 0.0556658 0.0546039 0.0532933 0.0515621 0.0490554 0.0453175 0.0400147 0.0332136 0.0255183
 0.00664842 0.0103061 0.0146118 0.019291 0.0241645 0.0291705 0.034266 0.0393289 0.0441513 0.0484921 0.052122 0.0548525 0.0565743 0.0572968 0.0571561 0.0563751 0.0551899 0.0537669 0.0521281 0.050103 0.0473375 0.0434053 0.03803 0.0313282 0.0239037
 0.0071681 0.01112 0.0157776 0.0208383 0.0260849 0.031405 0.0366897 0.0417493 0.0463361 0.0502258 0.0532693 0.0553967 0.0566062 0.0569563 0.056557 0.055559 0.0541315 0.0524169 0.0504573 0.0481243 0.0451114 0.0410414 0.0356842 0.0291805 0.0221131
 0.00757844 0.0117642 0.0167071 0.0220922 0.0276916 0.033379 0.039017 0.0443631 0.0490957 0.0529141 0.0556208 0.0571555 0.0575967 0.057131 0.0559939 0.0544064 0.052536 0.0504758 0.0482185 0.0456229 0.0424129 0.0382672 0.0330073 0.0267902 0.0201625
 0.00801515 0.012438 0.0176558 0.0233328 0.0292263 0.0352029 0.0411179 0.0467116 0.0516315 0.0555317 0.0581601 0.0594053 0.0593211 0.05812 0.0561197 0.0536574 0.0510066 0.0483194 0.0455963 0.0426804 0.0392917 0.0351304 0.0300464 0.024198 0.0180835
 0.00839862 0.0130374 0.0185141 0.0244764 0.0306648 0.036928 0.0430988 0.048892 0.0539321 0.0578584 0.0604085 0.0614571 0.0610367 0.0593395 0.0566834 0.0534423 0.0499647 0.0464955 0.0431178 0.0397291 0.0360798 0.031887 0.0270035 0.0215617 0.015993
 0.00877208 0.0136129 0.0193229 0.0255311 0.0319643 0.0384631 0.044851 0.050825 0.0559838 0.0599402 0.062413 0.0632703 0.062548 0.0604443 0.0572792 0.0534305 0.0492651 0.0450751 0.0410171 0.0370745 0.0330739 0.0287827 0.0240642 0.019014 0.0139817
 0.00916688 0.0142131 0.0201497 0.0265796 0.0332102 0.0398739 0.0463916 0.0524561 0.0576584 0.0616021 0.0639964 0.0647016 0.063748 0.0613318 0.0577746 0.0534572 0.0487538 0.0439763 0.0393258 0.0348561 0.0304789 0.0260341 0.0214174 0.0166987 0.0121478
 0.00942396 0.0146292 0.0207719 0.027449 0.0343523 0.0412847 0.0480245 0.0542208 0.0594368 0.0632754 0.0654682 0.0659061 0.0646458 0.0618981 0.0579874 0.0532891 0.0481699 0.0429426 0.037828 0.0329273 0.0282224 0.0236259 0.0190773 0.0146365 0.0105069
 0.00973685 0.0151087 0.0214413 0.0283158 0.0354149 0.042539 0.0494614 0.0558127 0.061122 0.0649505 0.0670003 0.0671611 0.0655208 0.0623414 0.0579959 0.0528874 0.0473868 0.0417974 0.0363361 0.0311222 0.0261816 0.0214835 0.0170087 0.012816 0.00905757
 0.010132 0.0156962 0.0222246 0.0292652 0.0364804 0.0436708 0.0506248 0.0569888 0.0622976 0.0661047 0.0680924 0.0681251 0.0662718 0.0627941 0.0580868 0.0525901 0.0467108 0.0407748 0.0350099 0.029546 0.0244321 0.0196714 0.0152721 0.0112923 0.00784515
 0.0103576 0.0160416 0.0227038 0.0298758 0.037204 0.0444755 0.0514681 0.0578237 0.0630833 0.0668177 0.0687289 0.0686909 0.0667632 0.0631832 0.0583216 0.0526082 0.0464601 0.0402299 0.0341775 0.028465 0.0231721 0.0183303 0.0139664 0.0101347 0.0069168
 0.0105141 0.0162841 0.0230472 0.0303268 0.0377616 0.0451308 0.0522014 0.0586012 0.0638569 0.0675317 0.0693325 0.0691511 0.0670703 0.0633455 0.0583498 0.052501 0.0461992 0.0397889 0.0335394 0.0276379 0.0221981 0.0172836 0.012941 0.00922244 0.00618367
 0.0103932 0.0161308 0.0228963 0.0302383 0.0378046 0.0453595 0.0526334 0.0592116 0.0645879 0.0683101 0.0700846 0.0698124 0.0675931 0.0637031 0.0585366 0.0525252 0.0460714 0.0395135 0.033116 0.0270717 0.0215132 0.01653 0.0121883 0.00854317 0.00563221
 0.0103689 0.0160863 0.0228226 0.0301303 0.0376708 0.0452316 0.0525694 0.0592823 0.0648495 0.0687751 0.0707092 0.0705096 0.0682621 0.0642584 0.0589252 0.0527277 0.0460931 0.039372 0.0328311 0.0266645 0.021011 0.0159726 0.0116276 0.00803354 0.00521578
 0.0104728 0.0162199 0.0229584 0.0302206 0.0376608 0.0450817 0.0522764 0.0588898 0.0644423 0.0684583 0.0705781 0.070618 0.0686018 0.0647619 0.0594898 0.05325 0.0464958 0.0396142 0.0329042 0.0265823 0.0208023 0.0156775 0.011294 0.00770947 0.00493963
 0.0105654 0.0163567 0.0231371 0.0304252 0.0378602 0.0452307 0.0523219 0.0587841 0.0641641 0.0680329 0.0700832 0.0701665 0.068305 0.0646897 0.0596469 0.053578 0.0468993 0.0399949 0.0331888 0.026734 0.02082 0.0155864 0.0111345 0.00752579 0.00476877
 0.0107026 0.0165668 0.0234284 0.030796 0.0382978 0.0457109 0.0528064 0.0592184 0.0644815 0.0681679 0.0699936 0.0698544 0.0678274 0.064146 0.0591466 0.0532025 0.0466755 0.0398959 0.0331555 0.0267056 0.0207559 0.0154753 0.0109891 0.00737096 0.00462904
 0.0107227 0.0166042 0.023494 0.0309032 0.0384606 0.0459386 0.0530986 0.0595605 0.0648429 0.0685036 0.0702492 0.0699781 0.067786 0.0639417 0.0588222 0.0528298 0.0463295 0.0396263 0.0329728 0.0265873 0.0206667 0.0153868 0.0108909 0.0072686 0.00453504
 0.0108322 0.0167579 0.0236808 0.0310998 0.0386401 0.0460848 0.0532146 0.0596671 0.0649655 0.068656 0.0704231 0.0701424 0.0678964 0.063957 0.0587208 0.0526205 0.0460501 0.039329 0.0327035 0.02637 0.0205012 0.0152592 0.0107866 0.00717988 0.00446152
 0.0109067 0.0168714 0.0238369 0.0312943 0.0388599 0.0463073 0.0534109 0.059809 0.065037 0.0686625 0.0703899 0.0701016 0.0678688 0.0639402 0.0586928 0.0525542 0.0459307 0.0391626 0.0325135 0.0261845 0.0203404 0.0151303 0.0106869 0.00710366 0.00440414
 0.0109285 0.0169081 0.0238943 0.0313792 0.0389785 0.0464633 0.0536015 0.0600217 0.0652485 0.0688427 0.0705116 0.0701506 0.0678496 0.0638715 0.0585956 0.0524407 0.045802 0.0390159 0.0323511 0.0260168 0.0201824 0.0149946 0.0105794 0.00702391 0.00434822
 0.0107866 0.0167024 0.0236317 0.0310829 0.0386831 0.0462054 0.0534118 0.0599216 0.0652486 0.0689421 0.0706958 0.070393 0.0681171 0.064133 0.0588293 0.0526359 0.045955 0.0391261 0.0324191 0.0260465 0.0201821 0.0149754 0.0105524 0.00699716 0.00432592
 0.0106965 0.0165633 0.0234363 0.0308313 0.0383842 0.0458789 0.0530887 0.0596412 0.0650513 0.0688577 0.0707361 0.0705492 0.0683631 0.064433 0.0591453 0.0529353 0.0462156 0.0393362 0.0325758 0.0261531 0.0202459 0.0150065 0.0105618 0.00699467 0.00431888
 0.0105947 0.0164069 0.0232179 0.0305499 0.0380449 0.0454926 0.0526736 0.0592254 0.0646728 0.0685613 0.0705641 0.0705307 0.068505 0.0647166 0.0595309 0.0533725 0.0466548 0.0397381 0.0329157 0.0264204 0.0204416 0.0151395 0.0106449 0.00704205 0.00434311
