SBPRF35
12.7214
Curr Bio
851337
B35
882178
F35
0.17109
FOFL
0.166327
OFL
117221
Bzero
3.63469e+006
#pred survey bio
 3.70648e+006 3.58248e+006 3.4682e+006 3.29772e+006 3.10116e+006 2.85181e+006 2.5712e+006 2.33899e+006 2.1098e+006 1.88229e+006 1.68099e+006 1.44828e+006 1.28801e+006 1.1121e+006 958997 844163 757225 705297 664984 636900 605285 574827 553126 545439 538014 536097 537840 536616 530276 537551 545662 555177 560432 568809 577467 599242 611464 614600 625846 639958 653859 669609 676704 689495 706325 708971 713308 713640 713460 709246 717623 743853 762737 784752 807175 818008 822338 819073 831469 822558 809585 810925 826156 832085 858099 3.02951e+007 1.82012e+007 1.85246e+007 1.9361e+007 2.05266e+007 2.1813e+007 2.30643e+007 2.41886e+007 2.51462e+007 2.5932e+007 2.65604e+007 2.70538e+007 2.74366e+007 2.77312e+007 2.7957e+007 2.81296e+007 2.82617e+007 2.8363e+007 2.84408e+007 2.85009e+007 2.85474e+007 2.85835e+007 2.86118e+007 2.8634e+007 2.86516e+007 2.86654e+007 2.86764e+007 2.86852e+007 2.86922e+007 2.86978e+007 2.87023e+007 2.8706e+007 2.87089e+007 2.87113e+007 2.87132e+007 2.87148e+007 2.87161e+007 2.87171e+007 2.8718e+007 2.87187e+007 2.87192e+007 2.87197e+007 2.87201e+007 2.87204e+007 2.87206e+007 2.87208e+007 2.8721e+007 2.87211e+007 2.87212e+007 2.87213e+007 2.87214e+007 2.87215e+007 2.87215e+007 2.87216e+007 2.87216e+007 2.87216e+007 2.87216e+007 2.87217e+007 2.87217e+007 2.87217e+007 2.87217e+007 2.87217e+007 2.87217e+007 2.87217e+007 2.87217e+007 2.87217e+007 2.87217e+007 2.87217e+007 2.87217e+007 2.87217e+007 2.87217e+007 2.87217e+007 2.87217e+007 2.87217e+007 2.87217e+007 2.87217e+007 2.87217e+007 2.87217e+007 2.87217e+007 2.87217e+007 2.87217e+007 2.87217e+007 2.87217e+007 2.87217e+007 2.87217e+007 2.87217e+007 2.87217e+007 2.87217e+007 2.87217e+007 2.87217e+007 2.87217e+007 2.87217e+007 2.87217e+007 2.87217e+007 2.87217e+007 2.87217e+007 2.87217e+007 2.87217e+007 2.87217e+007 2.87217e+007 0 0 0 0 0 0 0 0 0 0 0 0 0 0 0 0 0 0 0 0 0 0 0 0 0
#obs survey bio
 3.3318e+006 5.00464e+006 3.30945e+006 3.614e+006 3.49429e+006 2.07136e+006 2.54008e+006 1.83185e+006 2.17249e+006 1.57711e+006 2.91495e+006 1.66944e+006 1.4569e+006 1.4403e+006 746298 793866 748945 457612 691954 835969 498588 510022 523469 748138 523335 741064 462769 671998 490539 672499 551028 333596 481338 491558 603664 774683 638108 559005 787952 637569 422739 483403 841168 870718 909834 581513 615423 818730 674406 608048 550351 684975 838017 914285 832783 838254 952413 899384 743150 691198 755119 919849 782054 979044 1.09278e+006
#pred catch bio
 99225.7 98047.2 160605 197485 261247 307001 280320 294038 306865 294522 329607 269785 286438 265782 230670 204135 171395 158655 144598 143127 137545 126293 111729 109632 103716 99880.3 101557 104637 92655.7 92743.6 92994.2 98005.9 96187.1 96815.4 87347.7 97093.9 105390 99184.6 98020.2 99812.3 100222 108723 104168 101288 113350 111274 113957 113550 116389 105985 92887.9 101434 99939 100229 110078 115017 120547 106636 124840 127862 116057 105605 114372 97628.6 113786 117221 120190 121112 125483 132505 140426 148091 154876 160535 165058 168560 171207 173172 174608 175647 176392 176922 177296 177560 177745 177875 177965 178028 178071 178102 178123 178137 178147 178154 178159 178162 178165 178166 178167 178168 178168 178169 178169 178169 178169 178169 178169 178169 178170 178170 178170 178170 178170 178170 178170 178170 178170 178170 178170 178170 178170 178170 178170 178170 178170 178170 178170 178170 178170 178170 178170 178170 178170 178170 178170 178170 178170 178170 178170 178170 178170 178170 178170 178170 178170 178170 178170 178170 178170 178170 178170 178170 178170 178170 178170 178170 178170 178170 178170 178170 178170 178170 178170 178170 178170 0 0 0 0 0 0 0 0 0 0 0 0 0 0 0 0 0 0 0 0 0 0 0 0 0
#obs catch bio
 0 97648.1 160922 197292 261089 307586 279988 294765 307677 295966 330230 268478 287514 267372 233303 207214 173554 160991 145944 143168 137563 127263 112274 109496 103733 99928.9 101410 104485 92366 92355.4 92510.4 98629.5 96518.5 96990.3 87383.2 97070.8 105689 99506.1 98132.3 99709.6 100528 109607 104290 101030 113032 111087 113788 112910 115884 105624 92399.3 101437 100007 100045 110007 114848 120492 106093 124253 127532 115823 105420 114910 97266.9 113905
#pred cpue bio
 3.66409e+006 3.54152e+006 3.42713e+006 3.25651e+006 3.06032e+006 2.81153e+006 2.53166e+006 2.29986e+006 2.07126e+006 1.84462e+006 1.64444e+006 1.41363e+006 1.25429e+006 1.07984e+006 928282 814690 729057 678229 639046 612119 581701 552090 531074 523922 516900 515115 517012 516002 509931 517081 524949 533996 539009 547322 555815 577127 589128 592151 603120 616965 630441 645683 652755 665556 682253 684964 689324 689821 689746 685554 693611 719210 737814 759695 782049 792877 797180 794055 806327 797459 784408 785479 800475 806578 832395 2.93992e+007 1.76631e+007 1.78617e+007 1.85873e+007 1.97234e+007 2.10044e+007 2.22549e+007 2.33791e+007 2.43367e+007 2.51225e+007 2.57508e+007 2.62443e+007 2.6627e+007 2.69217e+007 2.71474e+007 2.73201e+007 2.74522e+007 2.75535e+007 2.76313e+007 2.76913e+007 2.77378e+007 2.7774e+007 2.78023e+007 2.78245e+007 2.7842e+007 2.78559e+007 2.78669e+007 2.78757e+007 2.78827e+007 2.78883e+007 2.78928e+007 2.78964e+007 2.78994e+007 2.79018e+007 2.79037e+007 2.79053e+007 2.79065e+007 2.79076e+007 2.79084e+007 2.79091e+007 2.79097e+007 2.79101e+007 2.79105e+007 2.79108e+007 2.79111e+007 2.79113e+007 2.79114e+007 2.79116e+007 2.79117e+007 2.79118e+007 2.79119e+007 2.79119e+007 2.7912e+007 2.7912e+007 2.79121e+007 2.79121e+007 2.79121e+007 2.79121e+007 2.79121e+007 2.79121e+007 2.79122e+007 2.79122e+007 2.79122e+007 2.79122e+007 2.79122e+007 2.79122e+007 2.79122e+007 2.79122e+007 2.79122e+007 2.79122e+007 2.79122e+007 2.79122e+007 2.79122e+007 2.79122e+007 2.79122e+007 2.79122e+007 2.79122e+007 2.79122e+007 2.79122e+007 2.79122e+007 2.79122e+007 2.79122e+007 2.79122e+007 2.79122e+007 2.79122e+007 2.79122e+007 2.79122e+007 2.79122e+007 2.79122e+007 2.79122e+007 2.79122e+007 2.79122e+007 2.79122e+007 2.79122e+007 2.79122e+007 2.79122e+007 2.79122e+007 2.79122e+007 2.79122e+007 2.79122e+007 0 0 0 0 0 0 0 0 0 0 0 0 0 0 0 0 0 0 0 0 0 0 0 0 0
#obs cpue bio
 4.76723e+006 3.26866e+006 3.31721e+006 3.10519e+006 3.1837e+006 3.0568e+006 2.61337e+006 2.18182e+006 2.0992e+006 1.49507e+006 1.56737e+006 1.47641e+006 767244 682552 757540 605782 606079 782796 655255 773297 707453 378015 548795 587125 473234 356437 704870 460305 565654 503766 581300 392207 689974 745956 471335 542975 470468 532087 553966 758840 630135 637589 800827 675776 658506 712697 842728 869847 765392 775418 1.00153e+006 594269 579023 807685 752666 820981 721412 874669 1.16573e+006 821269 784222 614719 599058 1.05503e+006 561762
#pred surv len freq
 0.00421079 0.00694133 0.0106426 0.0153593 0.0210091 0.0272896 0.033662 0.0394998 0.0443296 0.0479813 0.0505534 0.052269 0.0533522 0.053977 0.0542671 0.0543157 0.0542083 0.0540227 0.0537705 0.0532812 0.0521021 0.0495508 0.045004 0.0383169 0.0300837
 0.0045122 0.00734347 0.0110884 0.0157488 0.0212371 0.0272982 0.0334763 0.0392163 0.0440618 0.0477992 0.0504569 0.0522101 0.0532856 0.0539031 0.0542394 0.054412 0.0544809 0.0544533 0.0542545 0.0536546 0.0522061 0.0493041 0.0444429 0.0375776 0.0293371
 0.00458526 0.00752158 0.0114588 0.0164101 0.0222513 0.0286301 0.0349604 0.0405918 0.0450732 0.0483049 0.0504729 0.0518671 0.0527412 0.0532767 0.0536032 0.0538155 0.0539676 0.0540473 0.0539315 0.0533313 0.0517694 0.0486719 0.0436172 0.0366512 0.0284486
 0.00471548 0.00772008 0.0117384 0.0167879 0.0227614 0.0293316 0.0359227 0.0418513 0.0465769 0.0498813 0.0518681 0.0528378 0.053152 0.0531388 0.05304 0.0529918 0.0530307 0.0530976 0.0530128 0.0524322 0.0508424 0.0476724 0.0425474 0.0355766 0.0274728
 0.00488644 0.0079989 0.0121584 0.0173777 0.0235372 0.0302883 0.0370317 0.04307 0.0478651 0.0512057 0.0531819 0.0540481 0.0541117 0.0536862 0.0530669 0.0524926 0.052099 0.0518776 0.0516405 0.0509984 0.04939 0.0462235 0.0411375 0.0342717 0.0263551
 0.00510055 0.00835121 0.0126963 0.0181477 0.0245748 0.0316022 0.0385878 0.0447862 0.0496255 0.0528889 0.054688 0.0553078 0.0550729 0.0542903 0.053239 0.0521616 0.051237 0.0505272 0.0499091 0.0490246 0.04731 0.0441581 0.039197 0.0325598 0.0249562
 0.00538109 0.00880467 0.0133742 0.0190968 0.0258294 0.0331709 0.0404384 0.0468381 0.0517565 0.0549552 0.0565473 0.0568398 0.0561904 0.0549393 0.0533867 0.0517821 0.0503097 0.0490546 0.0479409 0.0466707 0.0447319 0.0415459 0.0367413 0.0304243 0.02325
 0.00560657 0.0091756 0.0139407 0.0199089 0.0269277 0.0345726 0.0421222 0.0487386 0.0537733 0.0569703 0.058441 0.0584989 0.0575126 0.0558376 0.0537929 0.051648 0.0496059 0.0477735 0.0461107 0.0443744 0.0421192 0.0388233 0.0341393 0.0281488 0.0214375
 0.00583333 0.00954926 0.0145126 0.0207308 0.0280423 0.0359985 0.0438379 0.0506758 0.0558259 0.0590143 0.060354 0.0601719 0.0588537 0.0567701 0.0542532 0.0515829 0.0489743 0.0465539 0.0443154 0.0420705 0.039446 0.035991 0.0313983 0.0257342 0.01951
 0.0060226 0.00987295 0.0150295 0.021506 0.0291338 0.0374357 0.0456006 0.0526865 0.0579626 0.0611354 0.0623229 0.061872 0.0601934 0.057682 0.0546878 0.0515017 0.0483451 0.0453545 0.0425489 0.0397895 0.0367759 0.0331354 0.0286115 0.0232634 0.0175302
 0.00618277 0.0101387 0.0154406 0.0221062 0.0299664 0.0385339 0.0469739 0.05431 0.0597726 0.0630336 0.064188 0.0635752 0.0616157 0.0587266 0.0552846 0.0516029 0.047918 0.0443786 0.0410252 0.0377615 0.0343536 0.0305049 0.0260134 0.0209385 0.0156547
 0.00660904 0.0108046 0.0163921 0.0233673 0.0315352 0.0403782 0.0490248 0.0564621 0.0618976 0.0650033 0.0658935 0.0649348 0.0625719 0.0592405 0.0553313 0.0511675 0.0469922 0.0429604 0.0391271 0.03543 0.0316934 0.0276917 0.0232766 0.01851 0.0137048
 0.00681752 0.0111664 0.0169775 0.0242516 0.0327774 0.0419893 0.0509426 0.0585515 0.0639836 0.0669196 0.0675182 0.0661983 0.063444 0.05971 0.0553912 0.050809 0.0462046 0.0417366 0.0374746 0.0333883 0.0293548 0.0252108 0.020856 0.016356 0.0119705
 0.00711128 0.0116475 0.0177086 0.0252949 0.0341841 0.0437803 0.053085 0.0609428 0.066455 0.0692608 0.0695173 0.0676844 0.0643184 0.0599548 0.0550514 0.049959 0.0449169 0.0400671 0.0354676 0.0310978 0.0268694 0.0226692 0.0184363 0.0142375 0.0102829
 0.00744337 0.0121802 0.0184969 0.0263849 0.0356041 0.0455281 0.0551129 0.0631529 0.0687094 0.0714026 0.0713903 0.0691471 0.0652568 0.0602974 0.0547811 0.0491131 0.0435715 0.0383135 0.0333964 0.0287988 0.0244463 0.020253 0.0161806 0.0122909 0.0087479
 0.00759747 0.0124533 0.018949 0.0270845 0.0366116 0.046869 0.0567556 0.0650037 0.0706321 0.0732512 0.0730345 0.0704829 0.066204 0.0607952 0.05479 0.0486213 0.0426011 0.0369202 0.0316624 0.0268254 0.0223512 0.0181692 0.0142484 0.0106356 0.00745109
 0.0077098 0.0126318 0.0192121 0.0274519 0.0371067 0.0475201 0.0575901 0.0660346 0.0718421 0.0745814 0.0743871 0.0717383 0.0672453 0.0615281 0.0551501 0.0485736 0.0421378 0.0360617 0.0304593 0.0253591 0.0207303 0.0165216 0.0127053 0.00930956 0.00641246
 0.00771231 0.0126364 0.0192204 0.0274669 0.0371348 0.0475731 0.0576884 0.0662094 0.0721337 0.0750296 0.0750149 0.0725335 0.0681494 0.0624416 0.0559535 0.0491538 0.0424101 0.0359819 0.0300283 0.024622 0.0197714 0.0154529 0.0116482 0.00837089 0.00566272
 0.00763591 0.0125281 0.0190868 0.0273244 0.0370049 0.0474761 0.0576382 0.0662143 0.0722015 0.0751736 0.0752554 0.0728921 0.0686363 0.0630403 0.0566113 0.049786 0.0429174 0.0362752 0.0300518 0.0243676 0.0192808 0.0148078 0.0109509 0.00771846 0.00512476
 0.00761589 0.0124765 0.0189757 0.0271203 0.0366825 0.0470373 0.057125 0.0657046 0.071786 0.0749265 0.0752159 0.073064 0.0690002 0.0635643 0.0572528 0.050487 0.0436021 0.0368579 0.0304549 0.0245431 0.0192257 0.0145655 0.0105967 0.0073364 0.00478336
 0.00775391 0.0126796 0.0192401 0.0274241 0.0369865 0.0472893 0.0572693 0.0656961 0.0716077 0.0746036 0.0748147 0.0726721 0.0686985 0.0634048 0.0572511 0.0506253 0.0438365 0.0371258 0.0306863 0.0246767 0.0192268 0.0144367 0.0103754 0.0070782 0.00454116
 0.00780037 0.0127735 0.0194134 0.0277132 0.037417 0.0478549 0.0579158 0.0663243 0.0720997 0.0748612 0.0747922 0.07239 0.0682331 0.0628617 0.0567333 0.0502068 0.0435486 0.0369581 0.0305976 0.0246129 0.019141 0.0143045 0.0102004 0.00688527 0.00436126
 0.00779848 0.0127654 0.0193939 0.0276794 0.0373752 0.0478274 0.057941 0.066443 0.0723318 0.0751844 0.0751402 0.0726751 0.0683835 0.0628515 0.0565892 0.0499914 0.0433309 0.0367862 0.0304861 0.0245464 0.0190891 0.0142402 0.0101127 0.00678084 0.00425681
 0.00782583 0.0127852 0.0193785 0.0275891 0.0371704 0.0474882 0.0574848 0.0659306 0.071855 0.0748409 0.0750018 0.0727633 0.068661 0.063238 0.0569944 0.0503488 0.0436142 0.0370034 0.0306583 0.0246883 0.0192018 0.0143167 0.0101484 0.00678029 0.00423298
 0.00788903 0.0128821 0.0195119 0.0277526 0.0373444 0.0476372 0.0575597 0.0658812 0.0716525 0.0744988 0.0745826 0.0723605 0.0683647 0.0631004 0.0570145 0.0504819 0.043799 0.0371888 0.0308167 0.0248124 0.0192934 0.0143783 0.010182 0.00678979 0.00422557
 0.00782943 0.0128001 0.0194159 0.0276597 0.0372749 0.0476058 0.0575673 0.0659117 0.0716753 0.0744796 0.0744974 0.0722099 0.0681798 0.0629344 0.0569208 0.0504908 0.0439063 0.0373622 0.0310136 0.0249974 0.0194457 0.0144908 0.0102559 0.00683148 0.00424375
 0.00779647 0.0127349 0.0192975 0.0274655 0.0369905 0.0472389 0.0571563 0.0655195 0.0713691 0.0743033 0.0744565 0.072275 0.0683066 0.0630869 0.0570853 0.0506739 0.0441206 0.0376106 0.0312829 0.0252626 0.0196812 0.0146793 0.0103922 0.00691987 0.00429465
 0.00776666 0.0126932 0.0192462 0.0274079 0.0369266 0.0471603 0.0570464 0.0653616 0.0711596 0.0740627 0.0742261 0.0721009 0.0682188 0.0630889 0.0571594 0.0507962 0.0442736 0.0377858 0.0314742 0.0254598 0.0198689 0.0148416 0.0105183 0.00700755 0.00434886
 0.00787383 0.0128443 0.0194312 0.0276036 0.0371043 0.0472964 0.0571291 0.0653892 0.071133 0.0739791 0.0740823 0.0719019 0.067985 0.0628529 0.0569546 0.0506446 0.0441821 0.03775 0.0314844 0.0255043 0.0199342 0.0149133 0.0105839 0.0070589 0.00438367
 0.00789833 0.012878 0.0194698 0.0276372 0.0371174 0.0472701 0.0570457 0.0652397 0.0709237 0.0737351 0.0738412 0.0717009 0.0678484 0.0627878 0.0569558 0.0507021 0.0442856 0.0378884 0.0316454 0.025674 0.0200985 0.01506 0.0107041 0.00714862 0.00444419
 0.00800827 0.0130349 0.0196652 0.0278488 0.0373142 0.0474212 0.0571279 0.0652395 0.070837 0.073567 0.073607 0.0714275 0.0675707 0.0625409 0.0567659 0.0505818 0.0442341 0.0378964 0.031699 0.0257576 0.0201966 0.0151581 0.0107908 0.00721717 0.00449266
 0.00792014 0.0129296 0.0195755 0.0278244 0.0374034 0.0476444 0.0574583 0.065607 0.0711546 0.0737643 0.0736527 0.0713308 0.0673686 0.0622818 0.0564968 0.0503409 0.0440462 0.0377721 0.0316362 0.0257455 0.02022 0.0152009 0.0108391 0.00726076 0.00452629
 0.00782405 0.0127803 0.0193661 0.02756 0.0371074 0.047363 0.0572573 0.0655539 0.0712886 0.0740705 0.0740594 0.0717366 0.0676841 0.0624607 0.0565424 0.0502908 0.0439503 0.0376738 0.0315633 0.025709 0.0202173 0.0152219 0.0108715 0.00729408 0.00455395
 0.00783965 0.0127814 0.0193237 0.027434 0.0368595 0.0469776 0.0567589 0.0650119 0.0708026 0.0737409 0.0739546 0.0718692 0.0680066 0.0628848 0.0569731 0.050659 0.0442278 0.0378682 0.0317004 0.025815 0.0203091 0.0153053 0.0109449 0.00735387 0.00459802
 0.00784566 0.0127956 0.0193514 0.0274778 0.0369128 0.0470171 0.0567446 0.0648989 0.0705648 0.073394 0.0735619 0.0715227 0.0677907 0.0628422 0.0570913 0.0508824 0.0444869 0.0381077 0.0318935 0.0259601 0.0204173 0.0153888 0.0110109 0.00740517 0.00463551
 0.00774188 0.0126303 0.0191099 0.0271519 0.0365052 0.0465467 0.0562479 0.0644237 0.0701558 0.0730788 0.0733492 0.0714134 0.0677918 0.0629695 0.0573569 0.051277 0.0449725 0.0386269 0.0323882 0.0263894 0.0207632 0.0156517 0.0112012 0.00753639 0.00472089
 0.00771766 0.012591 0.0190507 0.0270675 0.03639 0.0463956 0.056059 0.0642008 0.0699107 0.0728304 0.0731193 0.0712214 0.0676526 0.0628954 0.0573604 0.0513695 0.045156 0.0388863 0.0326915 0.0266967 0.0210399 0.0158773 0.0113701 0.00765361 0.00479656
 0.00773933 0.0126284 0.0191105 0.027156 0.03651 0.0465421 0.0562155 0.0643403 0.0700011 0.0728443 0.0730427 0.0710586 0.0674249 0.0626359 0.0571067 0.0511568 0.0450114 0.0388234 0.0327071 0.0267716 0.0211464 0.0159882 0.0114663 0.00772641 0.00484585
 0.00769589 0.0125588 0.0190085 0.0270179 0.0363381 0.0463472 0.0560184 0.0641685 0.0698802 0.0727878 0.0730468 0.0711043 0.0674879 0.0626966 0.0571576 0.0512032 0.045067 0.0389028 0.0328182 0.0269117 0.0213018 0.01614 0.0115977 0.00782767 0.00491563
 0.00774443 0.0126154 0.0190526 0.0270174 0.0362584 0.0461665 0.0557406 0.0638254 0.0695237 0.072474 0.0728205 0.0709891 0.0674826 0.0627797 0.0572974 0.05137 0.0452413 0.0390774 0.0329933 0.0270881 0.0214755 0.0163019 0.0117367 0.00793618 0.00499192
 0.00774684 0.0126299 0.0190922 0.0270962 0.0363823 0.0463217 0.0558884 0.0639111 0.0694986 0.0723206 0.0725633 0.0706851 0.0671975 0.0625638 0.0571727 0.0513316 0.0452688 0.0391472 0.0330874 0.0271949 0.0215872 0.0164108 0.0118347 0.00801633 0.00505087
 0.00756609 0.0123714 0.0187694 0.0267461 0.0360571 0.0460741 0.0557554 0.0639043 0.0696002 0.072487 0.0727389 0.0708226 0.0672763 0.0625955 0.0571901 0.0513689 0.0453458 0.0392651 0.0332341 0.0273538 0.0217432 0.0165525 0.0119545 0.00810991 0.00511783
 0.00749721 0.0122493 0.0185693 0.0264447 0.0356458 0.0455749 0.0552309 0.0634474 0.0693041 0.0724078 0.072873 0.0711114 0.0676343 0.0629451 0.0574859 0.0516029 0.0455357 0.0394355 0.0334017 0.0275224 0.0219067 0.0167011 0.0120795 0.00820679 0.00518655
 0.00746366 0.0121852 0.0184545 0.0262534 0.0353508 0.0451576 0.0546934 0.0628231 0.0686606 0.0718383 0.0724741 0.0709532 0.0677351 0.0632654 0.0579462 0.0521163 0.0460357 0.0398875 0.0337969 0.0278639 0.0221983 0.0169432 0.0122711 0.00834875 0.00528374
 0.00738851 0.0120692 0.0182909 0.0260381 0.0350811 0.0448302 0.0543049 0.0623744 0.068164 0.0713243 0.071995 0.0705775 0.0675315 0.06328 0.0581837 0.0525362 0.0465673 0.0404545 0.034339 0.028345 0.0226031 0.0172686 0.0125202 0.00852839 0.00540432
 0.0073768 0.0120535 0.0182731 0.0260217 0.0350694 0.0448231 0.0542961 0.0623495 0.0681013 0.0712005 0.0717945 0.0703044 0.0672175 0.062981 0.0579642 0.0524458 0.046622 0.0406335 0.0345967 0.0286305 0.0228754 0.0175027 0.0127055 0.00866448 0.00549674
 0.00731598 0.0119619 0.0181492 0.0258696 0.0348986 0.0446473 0.0541314 0.0622116 0.0680011 0.0711389 0.0717601 0.0702771 0.0671779 0.0629227 0.057901 0.0524087 0.046646 0.0407399 0.0347826 0.0288701 0.0231317 0.0177413 0.0129037 0.00881337 0.0055985
 0.00732746 0.0119699 0.0181419 0.0258307 0.0348125 0.044508 0.0539485 0.0620097 0.067812 0.0709902 0.071666 0.0702354 0.0671735 0.0629355 0.0579154 0.0524219 0.0466695 0.0407934 0.0348816 0.0290157 0.0233087 0.0179249 0.0130695 0.00894559 0.00569254
 0.00737252 0.0120365 0.0182292 0.0259314 0.0349127 0.0445879 0.0539852 0.0619836 0.0677143 0.0708297 0.071469 0.0700369 0.0670038 0.0628102 0.0578344 0.0523756 0.0466494 0.0407976 0.0349147 0.0290821 0.0234054 0.0180395 0.0131846 0.0090454 0.0057682
 0.00747137 0.0121878 0.0184389 0.0261975 0.0352242 0.0449241 0.0543157 0.0622692 0.0679135 0.0709087 0.0714122 0.0698531 0.0667239 0.0624782 0.0574941 0.0520606 0.0463785 0.0405789 0.0347506 0.0289727 0.0233476 0.0180249 0.0131998 0.00907492 0.0057992
 0.00751356 0.0122505 0.0185221 0.0262972 0.0353338 0.045036 0.0544225 0.0623641 0.0679897 0.0709588 0.0714282 0.0698274 0.0666525 0.0623641 0.0573491 0.0519031 0.0462289 0.0404535 0.034659 0.0289179 0.0233275 0.018033 0.0132264 0.00910924 0.00583198
 0.00736023 0.0120229 0.0182199 0.0259347 0.0349359 0.0446322 0.0540423 0.0620364 0.067742 0.070815 0.0714035 0.0699227 0.0668522 0.0626383 0.057662 0.0522224 0.0465327 0.0407317 0.03491 0.0291431 0.0235276 0.0182065 0.0133705 0.00922184 0.00591341
 0.00723561 0.0118266 0.0179374 0.0255598 0.0344755 0.0441111 0.0535057 0.0615441 0.0673542 0.0705745 0.0713257 0.069998 0.0670559 0.06294 0.0580299 0.0526248 0.0469401 0.0411203 0.0352639 0.0294543 0.0237932 0.0184263 0.013545 0.00935295 0.00600526
 0.00712705 0.0116481 0.0176658 0.0251738 0.0339622 0.0434755 0.05278 0.0607897 0.0666527 0.0700098 0.0709648 0.0698769 0.067175 0.063269 0.058518 0.0532139 0.0475741 0.0417512 0.0358546 0.0299795 0.0242385 0.0187861 0.0138211 0.00955252 0.00613981
 0.00707369 0.0115533 0.0175078 0.024927 0.0336024 0.0429887 0.052172 0.0600915 0.0659188 0.0693106 0.0703762 0.0694679 0.0669955 0.0633391 0.0588243 0.0537129 0.0482035 0.0424431 0.0365465 0.0306218 0.0247971 0.0192429 0.0141718 0.00980416 0.00630744
 0.00706724 0.0115456 0.0175005 0.0249205 0.0335916 0.0429592 0.052098 0.0599408 0.0656643 0.0689448 0.0699202 0.0689725 0.0665309 0.0629787 0.0586267 0.0537074 0.0483845 0.0427739 0.0369714 0.03108 0.0252357 0.0196243 0.014476 0.0100274 0.006458
 0.00702565 0.0114895 0.0174375 0.0248648 0.0335604 0.0429649 0.0521419 0.0600083 0.065726 0.0689616 0.0698548 0.0688031 0.0662638 0.0626522 0.058303 0.0534549 0.0482564 0.0427928 0.0371252 0.0313297 0.0255298 0.0199141 0.0147263 0.0102207 0.00659248
 0.00706387 0.0115402 0.0174931 0.0249132 0.0335902 0.0429735 0.0521392 0.0600137 0.0657562 0.0690181 0.0699173 0.0688349 0.0662265 0.062524 0.0580912 0.0531977 0.0480107 0.0426143 0.0370493 0.031361 0.0256448 0.0200738 0.0148914 0.010363 0.00669872
 0.0070708 0.0115425 0.0174798 0.0248676 0.0334937 0.0428122 0.0519111 0.0597345 0.0654599 0.0687508 0.069725 0.0687468 0.0662428 0.0626159 0.0582151 0.053316 0.0481089 0.0427037 0.0371544 0.0315019 0.0258242 0.0202754 0.0150888 0.0105321 0.00682618
 0.00716984 0.011704 0.0177224 0.025205 0.0339269 0.0433195 0.0524423 0.060215 0.0658099 0.0689113 0.0696776 0.0685174 0.0658881 0.0622003 0.0577897 0.05291 0.047734 0.0423667 0.0368664 0.0312779 0.0256749 0.0201989 0.0150697 0.0105476 0.00685479
 0.00724971 0.0118371 0.0179286 0.0255047 0.0343361 0.0438421 0.0530606 0.0608841 0.0664601 0.0694595 0.0700446 0.068648 0.0657665 0.0618545 0.0572812 0.0523133 0.0471167 0.0417786 0.0363406 0.0308355 0.0253281 0.01995 0.0149097 0.0104577 0.00681218
 0.00719724 0.0117633 0.0178395 0.0254154 0.0342693 0.0438247 0.0531194 0.0610404 0.0667228 0.0698172 0.0704611 0.0690646 0.0661143 0.0620733 0.0573382 0.0522115 0.0468908 0.0414802 0.036022 0.0305388 0.0250807 0.0197647 0.0147865 0.0103864 0.00677778
 0.0070417 0.0115214 0.017497 0.0249696 0.0337332 0.0432313 0.0525246 0.0605196 0.0663571 0.0696725 0.070569 0.0694125 0.0666474 0.0627067 0.0579768 0.0527732 0.047325 0.0417744 0.0361955 0.0306276 0.0251224 0.0197876 0.0148062 0.010408 0.00679973
 0.00704731 0.0115105 0.017444 0.0248394 0.0334915 0.0428608 0.0520388 0.0599664 0.0658092 0.06921 0.0702621 0.0693084 0.0667614 0.0630183 0.0584323 0.053297 0.047838 0.0422145 0.0365302 0.0308558 0.0252647 0.0198725 0.0148583 0.0104432 0.00682545
 0.00692048 0.0113168 0.017175 0.0244923 0.0330665 0.0423572 0.0514571 0.0593165 0.0651214 0.0685427 0.0696962 0.0689307 0.0666407 0.0631852 0.0588696 0.0539439 0.0486051 0.0430048 0.0372609 0.0314732 0.0257481 0.020228 0.0151067 0.0106092 0.00693165
#obs surv len freq
 nan nan nan nan nan nan nan nan nan nan nan nan nan nan nan nan nan nan nan nan nan nan nan nan nan
 0.00448499 0.00734651 0.0111767 0.0159932 0.0216941 0.0279696 0.0342837 0.0400148 0.0446941 0.0481575 0.050515 0.0520105 0.0529024 0.0534144 0.0537285 0.0539832 0.0542616 0.0545542 0.0546929 0.0542848 0.0527229 0.0493551 0.043805 0.0362852 0.0276691
 0.00461677 0.00756293 0.0115061 0.0164622 0.022321 0.0287545 0.0351978 0.0409987 0.0456658 0.0490288 0.0512084 0.0524705 0.0531012 0.0533517 0.0534265 0.0534796 0.0536001 0.0537779 0.0538409 0.0533944 0.051833 0.0485092 0.0430482 0.0356557 0.027188
 0.00477909 0.00782846 0.0119089 0.0170352 0.0230898 0.0297272 0.0363541 0.0422839 0.0469956 0.0503025 0.0523234 0.0533357 0.0536467 0.0535366 0.0532425 0.0529486 0.0527678 0.0527039 0.0525921 0.0520411 0.0504509 0.0471789 0.0418498 0.0346552 0.0264219
 0.00497269 0.00814483 0.012388 0.0177156 0.0240009 0.0308784 0.0377223 0.043809 0.0485879 0.0518574 0.0537358 0.0545081 0.054494 0.0539911 0.0532602 0.0525154 0.0519021 0.0514552 0.0510363 0.0502764 0.0485934 0.0453567 0.0401892 0.0332596 0.0253493
 0.00518376 0.00849093 0.0129145 0.0184667 0.0250116 0.0321607 0.0392519 0.0455199 0.0503815 0.0536206 0.0553578 0.0558896 0.0555492 0.0546476 0.0534602 0.0522197 0.051097 0.0501607 0.0493125 0.0482268 0.0463617 0.0431151 0.0381143 0.0314984 0.0239874
 0.00541182 0.00886414 0.0134809 0.0192729 0.0260944 0.0335337 0.0408908 0.0473569 0.052314 0.0555297 0.0571266 0.0574137 0.0567406 0.0554335 0.053781 0.0520285 0.0503631 0.0488793 0.0475194 0.0460122 0.0438766 0.0405603 0.0357085 0.0294314 0.0223761
 0.00564664 0.00924861 0.0140647 0.0201043 0.0272116 0.0349503 0.0425813 0.0492512 0.0543068 0.0575006 0.0589583 0.0590025 0.0579994 0.0562903 0.0541765 0.0519137 0.0496998 0.0476483 0.0457363 0.0437489 0.0412765 0.0378334 0.0330989 0.0271613 0.0205899
 0.00588119 0.00963317 0.0146496 0.0209388 0.0283345 0.0363757 0.0442833 0.0511582 0.0563118 0.0594812 0.0607964 0.0605957 0.0592635 0.057158 0.0545934 0.0518339 0.049085 0.0464728 0.0440031 0.0415134 0.0386679 0.0350574 0.0304074 0.024794 0.0187105
 0.00612231 0.0100291 0.0152528 0.0218005 0.0294949 0.0378479 0.0460371 0.053115 0.0583558 0.0614821 0.0626312 0.062161 0.0604792 0.0579649 0.0549481 0.0517024 0.0484382 0.0452894 0.0422831 0.0393018 0.0360803 0.0322876 0.0277026 0.0223975 0.016795
 0.0063689 0.0104304 0.0158578 0.0226552 0.0306343 0.0392825 0.0477386 0.0550105 0.0603362 0.0634224 0.0644097 0.0636732 0.0616427 0.0587207 0.0552565 0.051537 0.0477799 0.0441256 0.0406175 0.0371758 0.0335978 0.0296263 0.0250944 0.0200758 0.0149302
 0.00658931 0.0107975 0.016426 0.02348 0.0317596 0.0407219 0.0494573 0.0569208 0.0623131 0.0653301 0.0661256 0.0650995 0.0627082 0.0593769 0.0554732 0.0512967 0.0470731 0.0429495 0.0389833 0.0351265 0.0312296 0.0271013 0.0226244 0.0178763 0.0131604
 0.00682543 0.0111818 0.0170054 0.0242991 0.032853 0.042101 0.0510961 0.058748 0.0642188 0.0671837 0.0677976 0.0664784 0.0637115 0.0599542 0.0556021 0.0509737 0.0463048 0.0417481 0.0373715 0.0331519 0.0289845 0.0247329 0.020323 0.0158341 0.0115195
 0.0070708 0.0115836 0.0176152 0.0251651 0.034009 0.0435502 0.0527947 0.0606028 0.0661027 0.0689621 0.0693515 0.067715 0.0645657 0.060386 0.0555943 0.0505284 0.0454377 0.0404844 0.0357468 0.0312221 0.0268405 0.0225096 0.0181884 0.0139554 0.0100178
 0.00729738 0.0119563 0.0181839 0.0259781 0.035103 0.0449329 0.054429 0.0624005 0.067937 0.0706927 0.0708494 0.0688801 0.0653325 0.0607229 0.0554968 0.0500112 0.0445271 0.0392147 0.0341622 0.0293842 0.024839 0.0204678 0.0162533 0.0122689 0.00867936
 0.00745002 0.0122115 0.0185813 0.0265597 0.0359049 0.0459729 0.0556919 0.0638326 0.069451 0.0721822 0.0722053 0.070003 0.0661424 0.0611656 0.0555465 0.0496678 0.0438106 0.0381594 0.0328151 0.0278087 0.0231219 0.0187214 0.0146055 0.0108394 0.00754946
 0.00751976 0.0123242 0.0187504 0.0268002 0.036234 0.0464092 0.0562529 0.0645281 0.0702762 0.0731118 0.0731898 0.0709717 0.0670121 0.0618524 0.0559781 0.0497935 0.0436059 0.037627 0.0319834 0.0267315 0.0218785 0.0174139 0.0133478 0.00973603 0.00667172
 0.0076 0.012448 0.0189245 0.0270267 0.0365108 0.0467317 0.0566148 0.0649241 0.0707043 0.073574 0.0736894 0.0715042 0.0675563 0.0623656 0.0564003 0.0500582 0.043655 0.0374234 0.0315196 0.0260337 0.0210059 0.0164527 0.0123974 0.00888853 0.00599105
 0.00769163 0.0125876 0.0191169 0.0272696 0.0367953 0.0470433 0.0569353 0.0652337 0.0709868 0.0738223 0.0739088 0.0717101 0.0677653 0.0625844 0.0566164 0.050237 0.0437462 0.0373748 0.0312939 0.0256221 0.0204353 0.0157829 0.0117077 0.00825732 0.00547564
 0.00772832 0.0126491 0.0192126 0.0274082 0.0369817 0.0472742 0.0571963 0.0655005 0.0712321 0.074025 0.0740609 0.0718182 0.0678461 0.0626571 0.0566932 0.0503155 0.0438055 0.0373788 0.0312029 0.0254089 0.0200989 0.0153535 0.0112394 0.00781153 0.00510165
 0.00776272 0.0126951 0.019264 0.0274546 0.037013 0.0472874 0.0571993 0.0655099 0.0712653 0.0740917 0.0741587 0.0719361 0.0679715 0.0627821 0.0568154 0.0504335 0.0439123 0.0374571 0.0312269 0.0253532 0.0199512 0.0151236 0.0109595 0.00752575 0.00485019
 0.00781927 0.0127832 0.0193885 0.0276156 0.0372033 0.0474911 0.057392 0.0656644 0.0713603 0.0741216 0.0741353 0.0718821 0.0679098 0.0627274 0.0567733 0.0504034 0.0438893 0.0374322 0.0311858 0.0252791 0.0198313 0.0149574 0.010762 0.00732304 0.0046694
 0.00785177 0.0128336 0.0194598 0.0277088 0.0373174 0.0476224 0.0575333 0.0658036 0.0714819 0.074209 0.0741767 0.0718751 0.0678631 0.0626578 0.0566989 0.0503374 0.0438366 0.0373892 0.031143 0.0252237 0.0197525 0.0148514 0.0106351 0.00719012 0.00454811
 0.00788267 0.0128778 0.0195154 0.0277702 0.0373777 0.0476758 0.0575775 0.0658402 0.071514 0.074239 0.0742039 0.0718956 0.0678717 0.0626513 0.0566788 0.0503092 0.0438071 0.0373623 0.0311172 0.025193 0.0197092 0.0147911 0.0105599 0.00710832 0.00447097
 0.00788467 0.0128817 0.0195221 0.0277806 0.0373912 0.0476901 0.057588 0.065842 0.0715048 0.0742214 0.0741853 0.0718849 0.0678748 0.0626683 0.0567049 0.050338 0.0438335 0.0373838 0.031132 0.0251987 0.0197026 0.0147698 0.010525 0.00706494 0.0044267
 0.00789736 0.0128966 0.0195343 0.0277823 0.0373749 0.0476519 0.0575308 0.0657747 0.0714389 0.0741664 0.0741472 0.0718661 0.0678761 0.0626895 0.0567442 0.0503907 0.043893 0.0374427 0.0311839 0.0252387 0.0197278 0.0147789 0.0105192 0.00704853 0.00440537
 0.00790494 0.0129079 0.0195489 0.0277985 0.0373888 0.0476574 0.0575208 0.0657429 0.0713835 0.074093 0.0740675 0.0717949 0.067826 0.0626674 0.0567508 0.0504219 0.0439418 0.0375007 0.0312426 0.0252909 0.0197678 0.0148043 0.0105303 0.0070482 0.00439811
 0.00788698 0.0128791 0.0195065 0.0277406 0.0373149 0.04757 0.057425 0.0656465 0.0712947 0.0740183 0.0740114 0.0717606 0.0678166 0.0626858 0.056798 0.0504958 0.0440361 0.0376064 0.0313494 0.025389 0.01985 0.0148663 0.0105717 0.00707175 0.00440858
 0.00787899 0.0128611 0.0194705 0.0276765 0.0372141 0.0474294 0.0572517 0.0654575 0.0711132 0.073867 0.0739069 0.0717107 0.0678207 0.0627381 0.0568897 0.0506176 0.0441784 0.0377588 0.0315014 0.0255301 0.0199715 0.0149627 0.0106414 0.00711716 0.00443482
 0.00788154 0.0128635 0.0194706 0.0276702 0.0371952 0.0473904 0.0571852 0.0653589 0.0709843 0.0737182 0.0737567 0.0715809 0.0677306 0.062699 0.0569035 0.050678 0.0442745 0.0378781 0.0316308 0.0256577 0.0200869 0.0150585 0.010714 0.00716706 0.00446564
 0.00783879 0.0127945 0.0193678 0.0275278 0.0370112 0.0471691 0.0569394 0.0651091 0.070754 0.0735285 0.0736222 0.0715096 0.0677258 0.0627601 0.0570262 0.0508531 0.0444879 0.0381124 0.0318681 0.0258814 0.0202838 0.0152198 0.0108366 0.00725267 0.00452023
 0.00782378 0.0127667 0.0193196 0.0274503 0.0368958 0.0470116 0.0567428 0.0648858 0.0705235 0.0733137 0.0734446 0.071386 0.0676662 0.0627675 0.0570978 0.0509814 0.0446619 0.0383177 0.0320876 0.0260976 0.0204808 0.015386 0.0109658 0.007345 0.00458043
 0.00780243 0.0127309 0.0192638 0.0273682 0.0367819 0.0468626 0.05656 0.0646764 0.0703011 0.0730963 0.0732527 0.0712394 0.0675803 0.0627513 0.0571524 0.0511008 0.0448342 0.0385273 0.0323167 0.0263275 0.0206941 0.015569 0.0111106 0.00745004 0.00464998
 0.00776986 0.0126785 0.019186 0.0272604 0.0366412 0.0466898 0.0563608 0.0644618 0.0700857 0.0728962 0.0730827 0.0711125 0.067507 0.0627391 0.0572047 0.0512156 0.0450037 0.0387381 0.0325516 0.0265672 0.0209199 0.0157656 0.0112683 0.00756604 0.00472779
 0.00772751 0.0126095 0.0190822 0.0271146 0.0364496 0.0464544 0.0560928 0.064181 0.0698173 0.0726648 0.0729074 0.0710046 0.0674707 0.0627733 0.0573049 0.0513748 0.0452123 0.0389836 0.0328181 0.0268363 0.021173 0.0159865 0.0114463 0.00769781 0.00481683
 0.00768011 0.0125325 0.0189664 0.0269518 0.0362348 0.0461887 0.0557864 0.0638545 0.0694988 0.0723843 0.0726913 0.0708714 0.0674291 0.0628225 0.0574362 0.0515747 0.0454649 0.0392716 0.0331233 0.0271397 0.021456 0.0162329 0.0116452 0.00784558 0.00491718
 0.00767817 0.0125243 0.0189445 0.0269059 0.0361536 0.0460638 0.0556156 0.0636436 0.069261 0.0721384 0.0724592 0.0706752 0.0672886 0.0627522 0.057443 0.0516571 0.0456137 0.0394722 0.0333574 0.0273874 0.0216971 0.0164497 0.0118248 0.00798188 0.00501146
 0.00766498 0.0125061 0.0189228 0.0268831 0.0361308 0.0460382 0.0555792 0.0635848 0.0691695 0.0720105 0.072301 0.0705022 0.0671224 0.0626154 0.0573548 0.0516302 0.0456523 0.0395715 0.0335049 0.0275653 0.021885 0.0166281 0.0119784 0.00810199 0.00509648
 0.00763094 0.0124573 0.0188615 0.026816 0.0360673 0.0459875 0.0555475 0.0635727 0.069171 0.0720138 0.0722916 0.0704685 0.067061 0.062534 0.0572702 0.0515631 0.0456211 0.039587 0.0335683 0.0276679 0.0220115 0.0167602 0.0120998 0.00820124 0.00516913
 0.00761697 0.0124306 0.0188148 0.0267411 0.0359594 0.0458496 0.0553937 0.0634263 0.0690572 0.0719497 0.0722797 0.0704972 0.0671102 0.0625842 0.0573101 0.0515925 0.0456492 0.039627 0.0336304 0.0277548 0.0221176 0.0168736 0.0122068 0.008291 0.00523623
 0.00759558 0.0123976 0.0187678 0.0266786 0.0358797 0.0457509 0.055275 0.0632903 0.068913 0.0718138 0.0721731 0.0704375 0.0671053 0.0626284 0.0573877 0.0516856 0.0457449 0.0397209 0.0337249 0.0278539 0.0222219 0.0169785 0.0123042 0.00837299 0.0052982
 0.00758545 0.0123826 0.0187479 0.0266547 0.0358529 0.0457221 0.0552436 0.0632543 0.0688691 0.0717593 0.0721082 0.0703682 0.0670425 0.0625849 0.0573721 0.051699 0.0457817 0.039773 0.0337857 0.0279203 0.0222923 0.0170503 0.0123726 0.00843258 0.00534485
 0.00757789 0.0123685 0.0187237 0.0266163 0.0357975 0.04565 0.0551601 0.0631686 0.0687914 0.0716972 0.0720643 0.0703403 0.0670276 0.0625814 0.0573817 0.051725 0.0458257 0.0398334 0.0338579 0.0279985 0.0223711 0.0171254 0.01244 0.00848878 0.00538783
 0.00754104 0.0123148 0.0186543 0.0265358 0.0357123 0.0455655 0.055079 0.063092 0.0687207 0.071636 0.0720184 0.0703154 0.0670263 0.0626027 0.0574222 0.0517806 0.0458935 0.0399111 0.0339429 0.028087 0.0224581 0.0172059 0.0125098 0.00854503 0.00542959
 0.00754124 0.0123093 0.0186355 0.0264943 0.0356402 0.0454619 0.0549532 0.0629616 0.0686056 0.0715503 0.071967 0.0702957 0.0670324 0.0626295 0.057466 0.0518387 0.0459632 0.0399895 0.0340267 0.0281726 0.0225414 0.0172825 0.0125757 0.0085977 0.00546828
 0.00751542 0.0122724 0.018589 0.0264417 0.0355846 0.0454033 0.0548873 0.0628828 0.0685122 0.071449 0.071872 0.0702237 0.0669957 0.0626319 0.0575036 0.0519034 0.0460463 0.0400835 0.0341255 0.0282708 0.0226344 0.0173657 0.0126457 0.00865242 0.00550771
 0.00750767 0.0122572 0.0185617 0.0263971 0.0355197 0.0453196 0.0547925 0.0627886 0.0684293 0.0713827 0.0718217 0.0701865 0.0669714 0.0626241 0.0575175 0.0519419 0.0461079 0.0401627 0.034215 0.0283634 0.0227233 0.0174457 0.0127129 0.00870477 0.00554523
 0.00751287 0.0122663 0.0185764 0.0264184 0.0355469 0.0453486 0.0548158 0.0627973 0.0684168 0.0713477 0.0717687 0.0701235 0.0669061 0.0625629 0.0574658 0.0519048 0.0460897 0.0401654 0.034237 0.0284001 0.0227683 0.0174925 0.0127559 0.00874036 0.00557183
 0.0075048 0.0122556 0.0185648 0.0264092 0.035544 0.0453555 0.0548337 0.0628239 0.0684463 0.071372 0.0717799 0.0701166 0.0668808 0.0625239 0.0574206 0.0518615 0.0460554 0.0401451 0.0342331 0.0284117 0.0227918 0.0175224 0.0127867 0.00876759 0.00559304
 0.0075047 0.0122545 0.0185614 0.0264022 0.0355329 0.0453415 0.0548204 0.0628166 0.0684496 0.0713872 0.0718038 0.0701419 0.0668992 0.0625291 0.0574107 0.0518396 0.0460281 0.0401198 0.0342161 0.0284061 0.0227977 0.0175368 0.0128053 0.00878621 0.00560865
 0.0075047 0.0122545 0.0185614 0.0264022 0.0355329 0.0453415 0.0548204 0.0628166 0.0684496 0.0713872 0.0718038 0.0701419 0.0668992 0.0625291 0.0574107 0.0518396 0.0460281 0.0401198 0.0342161 0.0284061 0.0227977 0.0175368 0.0128053 0.00878621 0.00560865
 0.00733887 0.0119951 0.018191 0.025914 0.0349345 0.0446598 0.0541053 0.0621387 0.0678884 0.0710119 0.0716565 0.0702291 0.0671942 0.0629815 0.0579595 0.0524265 0.0466061 0.0406572 0.0346946 0.0288175 0.0231391 0.017809 0.0130118 0.00893342 0.00570625
 0.00735152 0.0119909 0.0181392 0.0257717 0.0346589 0.0442274 0.0535279 0.0614673 0.0672011 0.0703947 0.0711842 0.0699535 0.0671387 0.0631395 0.0582981 0.0528938 0.0471428 0.0412081 0.0352163 0.0292812 0.0235294 0.0181207 0.013247 0.00910016 0.00581612
 0.00725474 0.011847 0.0179463 0.0255326 0.0343753 0.0438925 0.0531259 0.0609825 0.0666356 0.0697823 0.0705924 0.0694684 0.0668397 0.0630768 0.0584815 0.0532938 0.0477019 0.041855 0.035881 0.0299056 0.0240734 0.018563 0.013583 0.0093378 0.00597175
 0.00719532 0.0117409 0.0177702 0.0252621 0.0339939 0.0434035 0.0525594 0.0603897 0.0660703 0.0692826 0.0701749 0.0691407 0.066617 0.0629887 0.0585622 0.0535635 0.0481518 0.0424445 0.0365471 0.0305787 0.0246925 0.019086 0.0139902 0.00962991 0.00616435
 0.00722849 0.011794 0.0178472 0.0253622 0.0341075 0.043508 0.0526196 0.0603657 0.0659325 0.0690252 0.0698191 0.0687262 0.0661895 0.0625928 0.0582409 0.0533574 0.0480919 0.0425411 0.036782 0.0309082 0.02506 0.0194377 0.0142879 0.00985586 0.00631895
 0.00720958 0.0117729 0.017833 0.0253695 0.0341515 0.0435979 0.0527509 0.0605172 0.066068 0.0691021 0.0698009 0.0685948 0.0659524 0.062282 0.0579047 0.0530495 0.0478614 0.0424231 0.0367902 0.0310303 0.0252611 0.0196719 0.0145119 0.0100405 0.00645271
 0.00720063 0.0117573 0.0178085 0.0253349 0.0341097 0.0435579 0.0527287 0.0605308 0.066129 0.0692058 0.0699228 0.0686955 0.0659917 0.0622349 0.0577715 0.0528571 0.0476547 0.0422512 0.0366916 0.0310224 0.0253363 0.0198027 0.0146626 0.0101798 0.00656191
 0.00717125 0.011714 0.0177515 0.0252671 0.0340355 0.043482 0.0526561 0.0604678 0.0660853 0.0691933 0.0699507 0.0687635 0.0660849 0.0623256 0.0578293 0.0528632 0.0476109 0.0421806 0.0366284 0.0309972 0.0253638 0.0198777 0.0147649 0.0102848 0.00665069
 0.00720663 0.0117694 0.0178306 0.0253718 0.0341649 0.0436315 0.0528161 0.0606242 0.0662208 0.0692921 0.070003 0.0687682 0.066048 0.062255 0.0577297 0.0527344 0.047453 0.0420013 0.0364461 0.0308371 0.0252479 0.0198154 0.0147505 0.0103018 0.00668064
 0.00723904 0.0118263 0.0179237 0.0255136 0.0343645 0.043889 0.0531174 0.0609411 0.0665169 0.0695321 0.0701607 0.0688306 0.0660155 0.0621384 0.0575466 0.0525039 0.0471926 0.0417268 0.0361741 0.0305867 0.0250383 0.0196597 0.0146511 0.01025 0.00666128
 0.00717059 0.011721 0.0177772 0.025328 0.0341508 0.0436681 0.0529202 0.0608032 0.066469 0.0695883 0.0703127 0.0690498 0.0662631 0.0623772 0.0577486 0.0526539 0.0472871 0.0417707 0.0361783 0.0305655 0.0250075 0.0196331 0.0146368 0.0102493 0.00666996
 0.00709174 0.0115903 0.0175768 0.0250417 0.0337701 0.0432012 0.0523988 0.0602831 0.06602 0.0692766 0.0701839 0.069118 0.0665091 0.0627557 0.0582005 0.053121 0.0477229 0.0421465 0.0364824 0.0307998 0.0251818 0.0197608 0.0147303 0.0103177 0.00671919
 0.00706052 0.0115291 0.0174652 0.0248542 0.033482 0.0427982 0.0518877 0.0596964 0.0654131 0.0687193 0.0697473 0.0688617 0.0664684 0.062933 0.0585647 0.0536152 0.0482791 0.0427007 0.0369868 0.0312265 0.025522 0.0200187 0.0149173 0.0104476 0.00680507
 0.00694589 0.0113487 0.0172045 0.0245029 0.0330344 0.0422555 0.0512613 0.0590117 0.0647116 0.068056 0.069186 0.0684659 0.0662913 0.0630056 0.0588874 0.0541546 0.0489732 0.0434718 0.0377566 0.0319315 0.0261209 0.0204938 0.0152704 0.0106935 0.00696494
#pred catch len freq
 0.00313674 0.00510471 0.0077263 0.0110534 0.01513 0.0199422 0.0253581 0.0311214 0.0369046 0.0423766 0.0472507 0.0513202 0.0544851 0.0567561 0.0582299 0.0590569 0.0594178 0.0594884 0.0593571 0.0588896 0.0576196 0.0548119 0.0497876 0.0423915 0.0332834
 0.00337169 0.0054218 0.00808589 0.0113843 0.0153565 0.0200226 0.0253092 0.0310083 0.0368001 0.0423174 0.0472216 0.0512766 0.0543973 0.0566435 0.0581638 0.0591285 0.0596857 0.059932 0.05986 0.0592705 0.0577032 0.0545091 0.0491399 0.0415509 0.0324396
 0.00345998 0.00560095 0.00841577 0.0119279 0.0161471 0.021023 0.0263918 0.0319837 0.0374915 0.0426369 0.0471964 0.0510101 0.0540019 0.0561976 0.0577144 0.0587172 0.0593589 0.0597184 0.0597348 0.0591408 0.0574408 0.0540172 0.0484124 0.0406823 0.0315781
