SBPRF35
7.78865
Curr Bio
550938
B35
678996
F35
0.213716
FOFL
0.168768
OFL
71932.4
Bzero
2.22533e+06
#pred survey bio
 4.5551e+06 4.30816e+06 4.07033e+06 3.79354e+06 3.45071e+06 3.09909e+06 2.77837e+06 2.48339e+06 2.21672e+06 1.96466e+06 1.72782e+06 1.55261e+06 1.37963e+06 1.21764e+06 1.10207e+06 966550 856965 794147 740487 701007 670958 648502 627441 621439 615029 619952 618808 623520 621618 622520 613016 611459 607378 595285 582348 569253 558237 551396 552069 557106 561262 564980 569013 586127 599448 614967 609961 600790 590149 602577 598682 557848 523683 509662 528547 542497 547093 544996 567473 582739 591683 579830 557310 550304 554902 557500 539569 541125 556538 1.91974e+07 1.15654e+07 1.18253e+07 1.24907e+07 1.33685e+07 1.42669e+07 1.50724e+07 1.57386e+07 1.62615e+07 1.66579e+07 1.69515e+07 1.71659e+07 1.73212e+07 1.74332e+07 1.75141e+07 1.75727e+07 1.76152e+07 1.76463e+07 1.76692e+07 1.76861e+07 1.76987e+07 1.77081e+07 1.77152e+07 1.77205e+07 1.77246e+07 1.77277e+07 1.773e+07 1.77318e+07 1.77332e+07 1.77343e+07 1.77351e+07 1.77357e+07 1.77362e+07 1.77365e+07 1.77368e+07 1.77371e+07 1.77372e+07 1.77374e+07 1.77375e+07 1.77375e+07 1.77376e+07 1.77377e+07 1.77377e+07 1.77377e+07 1.77377e+07 1.77378e+07 1.77378e+07 1.77378e+07 1.77378e+07 1.77378e+07 1.77378e+07 1.77378e+07 1.77378e+07 1.77378e+07 1.77378e+07 1.77378e+07 1.77378e+07 1.77378e+07 1.77378e+07 1.77378e+07 1.77378e+07 1.77378e+07 1.77378e+07 1.77378e+07 1.77378e+07 1.77378e+07 1.77378e+07 1.77378e+07 1.77378e+07 1.77378e+07 1.77378e+07 1.77378e+07 1.77378e+07 1.77378e+07 1.77378e+07 1.77378e+07 1.77378e+07 1.77378e+07 1.77378e+07 1.77378e+07 1.77378e+07 1.77378e+07 1.77378e+07 1.77378e+07 1.77378e+07 1.77378e+07 1.77378e+07 1.77378e+07 1.77378e+07 1.77378e+07 1.77378e+07 1.77378e+07 1.77378e+07 1.77378e+07 1.77378e+07 1.77378e+07 1.77378e+07 1.77378e+07 1.77378e+07 1.77378e+07 0 0 0 0 0 0 0 0 0 0 0 0 0 0 0 0 0 0 0 0 0 0 0 0 0
#obs survey bio
 4.47621e+06 3.17086e+06 3.31482e+06 4.01579e+06 3.68696e+06 2.36279e+06 1.68454e+06 1.99274e+06 1.67357e+06 1.66728e+06 1.262e+06 1.02678e+06 1.41213e+06 959510 1.02284e+06 640398 779880 624366 759145 644433 456170 660986 483568 499229 461986 387314 453292 686226 654480 692316 795063 457351 577765 508321 360449 563750 510711 614788 570808 499461 544248 509852 632581 523112 487938 804430 671194 652494 591260 648750 720118 623262 380634 490258 641417 494810 421145 533001 586194 570450 655676 508683 650907 617452 796973 464882 515096 531431 509298
#pred catch bio
 100234 94787.6 141928 223278 260055 264292 273536 278558 291750 298720 259348 267913 264387 227403 244725 219416 176595 166004 150566 139481 130724 127399 113323 112983 103220 108137 102341 105734 100118 104905 94701.5 94390.4 98227.7 95322.9 92312.1 90153.7 89969.1 87941.5 87144.9 89270.5 89984.9 89537.4 78945.4 83320.7 82678.2 99666.1 101083 100027 79873.1 93825 123820 117180 100986 75274.6 80750.1 88856.5 94715 75180.3 82176.5 87304.4 103925 111770 98629.4 90103.3 93280.1 111066 94943.6 83316.1 99511.1 71932.4 89306.7 90037 93823.9 99852.7 106266 111981 116602 120110 122659 124453 125684 126513 127064 127425 127660 127812 127909 127971 128011 128036 128052 128062 128068 128072 128075 128076 128077 128078 128078 128079 128079 128079 128079 128079 128079 128079 128079 128079 128079 128079 128079 128079 128079 128079 128079 128079 128079 128079 128079 128079 128079 128079 128079 128079 128079 128079 128079 128079 128079 128079 128079 128079 128079 128079 128079 128079 128079 128079 128079 128079 128079 128079 128079 128079 128079 128079 128079 128079 128079 128079 128079 128079 128079 128079 128079 128079 128079 128079 128079 128079 128079 128079 128079 128079 128079 128079 128079 128079 128079 0 0 0 0 0 0 0 0 0 0 0 0 0 0 0 0 0 0 0 0 0 0 0 0 0
#obs catch bio
 0 94608.6 142449 225393 262466 267745 278547 284678 300991 309199 267449 277600 273997 234378 253879 226240 181302 170630 154464 142826 133806 130826 115726 115744 105301 110589 104678 107907 101624 106359 95115.1 95285.3 99417.9 96157.9 93124.3 90913 90868.9 88473.6 87417.3 89593.6 90531.2 90041.9 79085.6 83463.2 82902.5 100150 101340 100075 79405.9 93656.6 123806 117220 101334 75386.4 80852.9 89128.6 95513.9 75435.5 82584.6 87580.2 104112 112119 98693.4 90101.6 93009.2 111681 95210.6 83242.3 99651.6
#pred cpue bio
 4.47773e+06 4.23588e+06 4.0021e+06 3.72725e+06 3.38641e+06 3.0366e+06 2.71707e+06 2.42308e+06 2.15743e+06 1.90699e+06 1.67247e+06 1.49901e+06 1.32831e+06 1.16885e+06 1.05513e+06 922614 815750 754655 702780 664845 635998 614331 594082 588375 582248 587096 586109 591054 589996 591797 583476 582507 578861 567632 555745 543456 532079 523793 523345 528108 532327 536146 540261 556955 569776 584738 580149 571715 561742 573842 569988 530029 496091 481799 500097 514135 518750 516458 538169 553332 562332 550835 528643 521422 525634 527955 510257 511577 527148 1.82312e+07 1.10049e+07 1.11658e+07 1.17092e+07 1.25415e+07 1.34287e+07 1.42319e+07 1.48976e+07 1.54204e+07 1.58168e+07 1.61104e+07 1.63248e+07 1.64801e+07 1.65922e+07 1.6673e+07 1.67316e+07 1.67741e+07 1.68052e+07 1.68281e+07 1.6845e+07 1.68576e+07 1.6867e+07 1.68741e+07 1.68794e+07 1.68835e+07 1.68866e+07 1.68889e+07 1.68907e+07 1.68921e+07 1.68932e+07 1.6894e+07 1.68946e+07 1.68951e+07 1.68955e+07 1.68958e+07 1.6896e+07 1.68961e+07 1.68963e+07 1.68964e+07 1.68965e+07 1.68965e+07 1.68966e+07 1.68966e+07 1.68966e+07 1.68967e+07 1.68967e+07 1.68967e+07 1.68967e+07 1.68967e+07 1.68967e+07 1.68967e+07 1.68967e+07 1.68967e+07 1.68967e+07 1.68967e+07 1.68967e+07 1.68967e+07 1.68967e+07 1.68967e+07 1.68967e+07 1.68967e+07 1.68967e+07 1.68967e+07 1.68967e+07 1.68967e+07 1.68967e+07 1.68967e+07 1.68967e+07 1.68967e+07 1.68967e+07 1.68967e+07 1.68967e+07 1.68967e+07 1.68967e+07 1.68967e+07 1.68967e+07 1.68967e+07 1.68967e+07 1.68967e+07 1.68967e+07 1.68967e+07 1.68967e+07 1.68967e+07 1.68967e+07 1.68967e+07 1.68967e+07 1.68967e+07 1.68967e+07 1.68967e+07 1.68967e+07 1.68967e+07 1.68967e+07 1.68967e+07 1.68967e+07 1.68967e+07 1.68967e+07 1.68967e+07 1.68967e+07 1.68967e+07 1.68967e+07 0 0 0 0 0 0 0 0 0 0 0 0 0 0 0 0 0 0 0 0 0 0 0 0 0
#obs cpue bio
 3.7868e+06 2.01133e+06 2.50648e+06 3.01374e+06 3.32565e+06 1.82607e+06 2.37583e+06 1.88652e+06 1.14694e+06 1.75617e+06 1.45905e+06 1.56663e+06 1.03333e+06 993084 814414 1.17919e+06 544146 648090 472404 531232 623973 359161 597899 460962 571833 685070 459117 541493 545670 576857 666975 462346 472151 710716 764283 490738 468660 558934 583739 550243 418458 603141 502294 717725 506946 481401 562098 682794 700801 439660 525964 419222 559706 387902 503906 486905 493016 447297 545772 573441 643087 590931 464062 454352 455800 444846 507083 567567 666241
#pred surv len freq
 0.00503157 0.0081744 0.0123119 0.0174259 0.0233919 0.0298969 0.036411 0.0423163 0.0471391 0.0507089 0.0531369 0.0546782 0.0556013 0.0561147 0.0563353 0.0562788 0.0558742 0.0549925 0.0534687 0.0511021 0.04766 0.0429352 0.0368867 0.0297997 0.0223278
 0.0052988 0.00850096 0.0126096 0.0175608 0.0232385 0.0294141 0.0356899 0.0415566 0.0465565 0.0504259 0.0531254 0.0547862 0.0556406 0.0559577 0.055974 0.055827 0.0555168 0.0549039 0.0537342 0.0516787 0.0483964 0.0436427 0.0374201 0.0301056 0.0224391
 0.00556187 0.00893334 0.0132606 0.0184571 0.0243534 0.030636 0.0368188 0.0423562 0.0468531 0.0501976 0.0525127 0.0540056 0.0548625 0.0552349 0.055264 0.0550764 0.0547365 0.0541838 0.0531925 0.051388 0.0483385 0.0437209 0.0375168 0.0301414 0.0223973
 0.00577363 0.00928094 0.0137913 0.0192201 0.0253916 0.0319685 0.0384132 0.0441012 0.0485528 0.0516036 0.0533962 0.0542411 0.0544726 0.0543633 0.054094 0.0537557 0.0533574 0.0528131 0.0519046 0.050262 0.0474265 0.0430232 0.0369904 0.0297325 0.0220706
 0.00610689 0.00980064 0.0145333 0.0202061 0.0266301 0.0334547 0.0401243 0.0459872 0.0505256 0.0535298 0.0550966 0.0555099 0.0551232 0.0542882 0.0533045 0.0523738 0.0515658 0.0508006 0.0498357 0.0482721 0.045622 0.0414751 0.0357294 0.0287546 0.0213499
 0.00649264 0.0104119 0.015423 0.0214113 0.028164 0.0352963 0.0422086 0.0482067 0.0527488 0.0556261 0.0569495 0.0570095 0.056152 0.0547222 0.0530409 0.0513739 0.0498851 0.0485847 0.0472877 0.0456106 0.043048 0.0391515 0.0337679 0.0272091 0.0202182
 0.00686248 0.0110015 0.0162888 0.0225983 0.0296983 0.0371731 0.0443777 0.0505666 0.0551574 0.0579262 0.0589947 0.0586796 0.0573524 0.0553734 0.0530694 0.0507175 0.0485185 0.0465508 0.0447157 0.0427065 0.0400601 0.0363251 0.0313023 0.0252276 0.0187562
 0.00721331 0.0115625 0.017116 0.0237384 0.031181 0.0389996 0.0465066 0.0529073 0.0575797 0.0602803 0.061133 0.0604712 0.0586899 0.0561729 0.0532664 0.0502622 0.0473789 0.0447311 0.0422837 0.039814 0.0369383 0.0332481 0.0285297 0.0229469 0.0170489
 0.00746074 0.0119742 0.0177532 0.0246642 0.0324482 0.0406307 0.0484739 0.0551258 0.0599194 0.0625917 0.0632702 0.0623056 0.0601143 0.0571011 0.0536312 0.0500125 0.04648 0.0431742 0.0401067 0.0371273 0.033937 0.0301943 0.0257003 0.0205666 0.0152368
 0.00769608 0.0123554 0.0183254 0.0254714 0.0335288 0.0420078 0.0501424 0.0570414 0.0619969 0.0647132 0.0652996 0.0641057 0.0615623 0.0580988 0.0541065 0.0499153 0.0457774 0.0418541 0.038193 0.0347036 0.0311657 0.0273107 0.0229721 0.0182281 0.0134284
 0.00802215 0.0128654 0.0190558 0.0264439 0.0347485 0.0434613 0.0517932 0.0588277 0.063837 0.0665162 0.0669751 0.0655669 0.0627272 0.0588913 0.0544603 0.0497774 0.0451105 0.0406405 0.0364464 0.0324885 0.0286162 0.0246315 0.0204074 0.0160025 0.0116872
 0.00822542 0.0131975 0.0195583 0.0271551 0.0356948 0.0446441 0.0531772 0.0603406 0.0653841 0.0680037 0.0683271 0.0667292 0.0636585 0.059553 0.0548088 0.0497638 0.0446864 0.0397688 0.0351171 0.0307384 0.0265464 0.0224095 0.0182422 0.014095 0.0101749
 0.00847199 0.0135921 0.0201405 0.0279578 0.0367383 0.0459268 0.054664 0.0619571 0.0670232 0.0695443 0.0696567 0.0677629 0.0643488 0.059887 0.0547957 0.0494166 0.0440095 0.0387565 0.0337671 0.0290747 0.0246422 0.0203955 0.0162898 0.0123745 0.00880661
 0.00876904 0.0140617 0.0208223 0.028879 0.0379087 0.0473307 0.0562514 0.0636408 0.068689 0.0710697 0.070931 0.0687004 0.064896 0.0600254 0.0545388 0.0488005 0.0430774 0.037547 0.0323121 0.0274118 0.0228345 0.0185449 0.0145295 0.0108384 0.0075901
 0.00884495 0.0142045 0.0210731 0.0292882 0.0385243 0.0481802 0.0573245 0.0648843 0.0700164 0.07238 0.0721257 0.0696936 0.0656196 0.060432 0.0546046 0.0485258 0.0424831 0.036668 0.0311911 0.0260998 0.021398 0.0170731 0.0131296 0.00961594 0.00661983
 0.00909178 0.014593 0.0216344 0.0300441 0.0394849 0.0493395 0.0586529 0.0663211 0.0714705 0.0737401 0.073278 0.070541 0.0660974 0.0605152 0.0543043 0.0478792 0.0415424 0.0354911 0.0298385 0.024635 0.0198919 0.0156065 0.0117895 0.00848015 0.0057375
 0.00932275 0.0149561 0.0221576 0.0307441 0.0403639 0.0503806 0.0598153 0.0675403 0.0726671 0.0748334 0.0741966 0.0712263 0.0665036 0.0606113 0.0540789 0.0473443 0.0407319 0.0344559 0.0286395 0.0233395 0.0185721 0.0143387 0.0106482 0.00752648 0.0050056
 0.00938448 0.0150522 0.022295 0.0309284 0.0406008 0.0506774 0.0601804 0.0679803 0.0731819 0.0754117 0.0748131 0.0718418 0.0670676 0.0610671 0.0543712 0.0474282 0.0405825 0.0340738 0.0280517 0.0225958 0.0177384 0.0134894 0.00985599 0.00685047 0.0044804
 0.00943114 0.0151293 0.0224128 0.0310966 0.0408254 0.0509574 0.0605051 0.0683312 0.0735389 0.0757602 0.0751468 0.0721592 0.0673637 0.0613269 0.0545675 0.0475259 0.040547 0.0338815 0.0276991 0.0221039 0.0171513 0.0128666 0.00926037 0.00633503 0.00407717
 0.00955879 0.0153082 0.0226296 0.0313224 0.0410261 0.0511084 0.0606027 0.0683921 0.0735897 0.0758242 0.0752365 0.0722762 0.0675026 0.0614776 0.0547142 0.0476452 0.0406091 0.0338559 0.0275642 0.0218561 0.0168098 0.0124704 0.00885873 0.00597388 0.00378755
 0.00968717 0.0155046 0.0229008 0.0316628 0.0414149 0.0515087 0.0609642 0.0686614 0.0737271 0.0758213 0.0751203 0.0720978 0.0673155 0.0613197 0.0546002 0.0475687 0.0405489 0.0337837 0.0274525 0.0216871 0.0165821 0.0122011 0.00857814 0.00571527 0.0035761
 0.00968574 0.015516 0.0229431 0.0317602 0.0415901 0.0517713 0.0613004 0.0690314 0.0740739 0.0760871 0.0752645 0.0721088 0.0672131 0.0611459 0.0544026 0.047384 0.0403934 0.0336531 0.0273295 0.021552 0.0164229 0.0120193 0.00838778 0.00553669 0.00342722
 0.00981693 0.0156991 0.0231637 0.0319889 0.0417943 0.0519319 0.0614227 0.0691401 0.0741958 0.0762304 0.0754103 0.0722191 0.06725 0.06109 0.0542615 0.0471863 0.0401745 0.0334408 0.0271363 0.0213765 0.0162579 0.0118598 0.00823619 0.00540095 0.00331614
 0.00981338 0.0156992 0.0231737 0.0320148 0.0418372 0.0519821 0.0614591 0.0691393 0.0741473 0.0761484 0.075331 0.0721819 0.0672756 0.0611697 0.0543649 0.0472801 0.0402377 0.0334688 0.0271346 0.0213527 0.016217 0.0118052 0.00817273 0.0053359 0.00325759
 0.00984932 0.0157493 0.0232342 0.0320781 0.0418949 0.0520297 0.0614972 0.0691707 0.0741712 0.076158 0.0753173 0.0721429 0.0672215 0.0611193 0.0543342 0.0472727 0.0402445 0.0334756 0.0271304 0.0213333 0.0161837 0.0117621 0.00812492 0.00528882 0.00321624
 0.00979319 0.0156626 0.023112 0.031919 0.0417013 0.0518083 0.0612604 0.068938 0.0739681 0.0760111 0.0752475 0.0721586 0.0673171 0.0612786 0.054537 0.0474995 0.040477 0.0336962 0.0273235 0.0214874 0.0162944 0.0118318 0.008161 0.00530133 0.00321511
 0.00961981 0.0154184 0.0228141 0.0316063 0.0414225 0.0516032 0.0611456 0.0689046 0.0739916 0.0760659 0.0753171 0.0722387 0.0674121 0.0613948 0.0546774 0.047661 0.0406511 0.0338712 0.0274867 0.0216277 0.0164042 0.0119088 0.00820812 0.00532524 0.00322383
 0.00935102 0.0150053 0.022239 0.030875 0.0405692 0.0506938 0.0602756 0.068186 0.0735243 0.0759058 0.0754595 0.072627 0.0679649 0.062034 0.0553429 0.0483127 0.0412631 0.0344254 0.0279696 0.02203 0.0167218 0.012144 0.00836994 0.0054275 0.00328252
 0.00918258 0.0147361 0.0218435 0.0303345 0.0398783 0.0498699 0.0593679 0.0672779 0.0727225 0.0753176 0.0751657 0.0726614 0.068307 0.0626179 0.0560789 0.0491112 0.0420514 0.035154 0.0286088 0.0225646 0.0171469 0.0124633 0.00859436 0.00557369 0.00336997
 0.00901698 0.0144739 0.0214619 0.0298171 0.0392188 0.0490767 0.0584712 0.0663337 0.0718098 0.0745287 0.0745917 0.0723768 0.0683538 0.0629939 0.0567354 0.0499631 0.0429978 0.0360995 0.0294794 0.0233134 0.017752 0.0129228 0.00892085 0.00578942 0.00350149
 0.00913284 0.0146217 0.0216093 0.0299082 0.0391882 0.0488724 0.0580744 0.0657644 0.0711193 0.073785 0.0738695 0.071751 0.0678945 0.0627572 0.056751 0.0502242 0.0434598 0.03669 0.0301162 0.0239227 0.0182813 0.0133448 0.00923094 0.00599926 0.00363183
 0.00912046 0.0146124 0.021613 0.0299351 0.0392382 0.0489234 0.0580779 0.0656573 0.0708502 0.0733423 0.0732936 0.0711237 0.0673136 0.0623108 0.056501 0.0501993 0.0436532 0.0370623 0.0306033 0.0244506 0.0187822 0.0137707 0.00955883 0.00622874 0.00377793
 0.00891275 0.0143172 0.0212479 0.0295447 0.0388834 0.0486614 0.0579428 0.0656492 0.0709336 0.0734558 0.0733685 0.07111 0.0672008 0.0621337 0.0563257 0.0500976 0.043678 0.0372324 0.030901 0.0248301 0.0191853 0.0141434 0.00986476 0.00645362 0.00392654
 0.00880022 0.0141326 0.0209694 0.0291575 0.0383902 0.0480952 0.0573731 0.0651708 0.0706362 0.0733873 0.0735136 0.0713969 0.067533 0.062429 0.0565449 0.0502501 0.0438069 0.0373875 0.0311144 0.025104 0.0194946 0.0144497 0.0101323 0.00666094 0.00406965
 0.00888596 0.0142375 0.0210633 0.0291897 0.0383026 0.0478434 0.0569477 0.0646079 0.0700139 0.0728075 0.0730755 0.0711671 0.0675246 0.0626004 0.0568212 0.050557 0.0440982 0.0376528 0.0313674 0.0253608 0.0197584 0.0147073 0.0103624 0.0068457 0.00420202
 0.00961334 0.0152744 0.0223524 0.0305815 0.0395913 0.0488296 0.0574926 0.0646559 0.0695882 0.0719951 0.0720093 0.0700037 0.0664139 0.0616544 0.0560931 0.0500424 0.0437558 0.0374333 0.031234 0.0252941 0.0197482 0.0147419 0.0104241 0.00691483 0.0042628
 0.0102321 0.0162563 0.0237771 0.0324847 0.0419319 0.0514534 0.0601152 0.0669 0.0710838 0.0725022 0.0714942 0.0686311 0.0644702 0.0594526 0.0539007 0.0480439 0.0420481 0.0360423 0.0301419 0.0244655 0.0191448 0.0143265 0.0101588 0.0067605 0.00418251
 0.0100901 0.0161358 0.0238001 0.0328327 0.0427982 0.0529637 0.0622527 0.0694735 0.0737562 0.074867 0.0731748 0.0693746 0.0642092 0.0583112 0.052142 0.0459829 0.0399682 0.0341451 0.0285371 0.0231876 0.0181804 0.0136372 0.00969518 0.00647 0.00401474
 0.00982412 0.0157264 0.023234 0.0321328 0.042042 0.0522976 0.0618861 0.0696327 0.0745986 0.0763892 0.0751725 0.0714862 0.0660293 0.0595209 0.0525966 0.0457291 0.0391938 0.0330957 0.0274374 0.0221953 0.0173766 0.0130408 0.00928666 0.00621149 0.00386427
 0.00970868 0.0155281 0.0229169 0.0316596 0.0413876 0.0514702 0.0609509 0.0687239 0.0739068 0.0761194 0.0754774 0.0723975 0.0674199 0.0611253 0.0540935 0.0468493 0.0398028 0.0332131 0.027195 0.0217662 0.0169117 0.012637 0.00898427 0.00601059 0.00374442
 0.00961618 0.0153889 0.0227265 0.0314176 0.0410923 0.0511139 0.0605209 0.0682144 0.073339 0.07556 0.0750411 0.0722224 0.0676166 0.061721 0.0550001 0.0478816 0.0407436 0.033894 0.0275496 0.0218317 0.0167886 0.0124352 0.00878559 0.00585629 0.00364292
 0.00957265 0.0153149 0.0226099 0.0312465 0.0408591 0.0508206 0.0601812 0.0678506 0.072974 0.0752117 0.0747274 0.0719743 0.0674878 0.0617774 0.0552881 0.0483913 0.0413939 0.0345555 0.0280956 0.0221874 0.0169497 0.0124515 0.0087257 0.00577702 0.00357629
 0.00962464 0.0153814 0.0226764 0.0312875 0.0408443 0.0507248 0.0599937 0.0675798 0.0726445 0.0748575 0.0743839 0.0716731 0.0672568 0.061645 0.0552838 0.0485367 0.0416849 0.0349493 0.0285172 0.022556 0.0172109 0.0125938 0.0087736 0.00577037 0.00354993
 0.00966636 0.0154306 0.0227154 0.0312877 0.0407718 0.0505516 0.0597089 0.0671945 0.0721913 0.0743843 0.0739452 0.0713196 0.0670264 0.0615579 0.0553438 0.0487354 0.0420043 0.0353584 0.0289696 0.0229947 0.0175828 0.0128669 0.00894503 0.00586018 0.00358735
 0.00959025 0.015335 0.0226223 0.0312309 0.0407831 0.0506408 0.0598499 0.0673299 0.0722544 0.0743282 0.0737612 0.0710391 0.0667064 0.0612613 0.0551233 0.0486245 0.0420144 0.0354803 0.0291761 0.0232454 0.0178329 0.013079 0.00909908 0.00595544 0.00363674
 0.00930589 0.0149181 0.0220808 0.0306057 0.0401419 0.0500633 0.0594119 0.067087 0.0722273 0.0744925 0.074053 0.071377 0.0670227 0.0615236 0.0553374 0.0488199 0.0422242 0.0357257 0.0294585 0.0235477 0.018127 0.013336 0.00929911 0.00609331 0.00372039
 0.00918641 0.0147309 0.0218137 0.030256 0.0397216 0.0496046 0.0589691 0.0667303 0.0720238 0.0744827 0.0742326 0.0716966 0.0674048 0.0618899 0.0556343 0.0490311 0.0423674 0.035836 0.0295688 0.0236751 0.0182695 0.0134785 0.00942393 0.00618861 0.00378375
 0.00921358 0.0147566 0.0218182 0.0302098 0.039593 0.0493735 0.0586392 0.0663341 0.0716181 0.0741352 0.074005 0.0716271 0.0674959 0.0621076 0.05592 0.0493237 0.042624 0.0360413 0.0297308 0.0238114 0.0183935 0.0135936 0.00952507 0.00626913 0.00384059
 0.00943315 0.0150721 0.0222152 0.0306454 0.0400044 0.0496931 0.0588105 0.0663222 0.0714167 0.073771 0.0735359 0.0711314 0.0670524 0.0617736 0.0557177 0.0492395 0.0426211 0.036079 0.02978 0.0238592 0.0184389 0.0136385 0.00956888 0.00630841 0.00387163
 0.00937372 0.0149932 0.0221277 0.0305673 0.0399512 0.0496654 0.0587868 0.0662643 0.071287 0.0735532 0.0732468 0.0708178 0.066776 0.061592 0.0556677 0.049328 0.0428254 0.0363562 0.0300815 0.0241452 0.018685 0.0138354 0.00971732 0.00641397 0.00394183
 0.00946714 0.0151332 0.0223168 0.0308014 0.0402221 0.0499641 0.0591022 0.0665777 0.0715658 0.0737499 0.0733101 0.0707122 0.0665013 0.0611894 0.0552085 0.0488899 0.0424685 0.0361088 0.0299406 0.0240868 0.0186788 0.0138551 0.00974546 0.0064408 0.00396317
 0.00995734 0.015885 0.0233621 0.0321344 0.0417956 0.0516889 0.0608478 0.0681811 0.0728574 0.0745888 0.0736127 0.0704612 0.0657395 0.0600082 0.0537358 0.0472748 0.0408596 0.0346309 0.0286769 0.0230738 0.0179132 0.0133082 0.0093762 0.00620634 0.00382423
 0.0101596 0.0162382 0.023937 0.0330058 0.0430187 0.0532636 0.0626886 0.0701162 0.0746627 0.076045 0.0745537 0.0708002 0.0654693 0.0591888 0.0524771 0.0457188 0.0391625 0.0329441 0.0271277 0.0217505 0.0168584 0.0125223 0.00882919 0.00585142 0.0036105
 0.00998077 0.0159891 0.023642 0.0327221 0.0428308 0.0532688 0.0629761 0.0707419 0.0756242 0.0772626 0.0758753 0.0720325 0.0664286 0.059746 0.0525819 0.045399 0.0385062 0.0320746 0.0261771 0.0208359 0.0160646 0.011894 0.00837331 0.00554777 0.00342492
 0.00969748 0.0155201 0.0229249 0.0317061 0.0415033 0.0516899 0.0613042 0.0692238 0.0745377 0.0768339 0.0762063 0.0730707 0.0679857 0.0615538 0.0543629 0.0469305 0.0396593 0.0328204 0.0265664 0.0209644 0.0160373 0.0117991 0.00826936 0.00546389 0.00336865
 0.00977542 0.0156023 0.0229647 0.031628 0.0412178 0.0511211 0.060422 0.0680684 0.0732302 0.0755653 0.0752023 0.0725342 0.0680329 0.0621729 0.0554161 0.0481994 0.0409142 0.0338832 0.0273454 0.0214536 0.0162906 0.0118947 0.00828031 0.00544212 0.00334268
 0.0098855 0.015784 0.0232398 0.0320087 0.0416922 0.0516361 0.0608751 0.0683234 0.0731601 0.0751076 0.0743982 0.0715301 0.0670403 0.0614012 0.0550049 0.0481778 0.0412026 0.034336 0.0278109 0.0218242 0.0165234 0.0120015 0.00830195 0.0054221 0.00331216
 0.00983054 0.0157285 0.0232188 0.0320763 0.0419066 0.0520354 0.061453 0.0690163 0.0738518 0.0756534 0.074663 0.0714328 0.0665889 0.0606998 0.0542226 0.0474888 0.0407255 0.0341008 0.027768 0.0218842 0.016603 0.0120519 0.00831197 0.00540403 0.00328411
 0.00956353 0.015308 0.022615 0.0312802 0.0409431 0.0509776 0.0604268 0.0681834 0.0733645 0.0755977 0.0750221 0.072092 0.0673809 0.0614678 0.0548718 0.0480049 0.041154 0.0345026 0.0281781 0.0222962 0.0169815 0.0123598 0.00853121 0.00554009 0.00335749
 0.00948666 0.0151725 0.0223914 0.0309344 0.0404448 0.0503139 0.0596191 0.0672973 0.0725074 0.0749002 0.0746053 0.0720299 0.0676723 0.0620344 0.0555873 0.0487432 0.0418301 0.0350863 0.0286778 0.0227294 0.0173549 0.012667 0.00876363 0.00569812 0.00345283
 0.00952814 0.0152278 0.0224513 0.0309792 0.0404457 0.0502367 0.0594303 0.0669734 0.0720465 0.0743335 0.074002 0.0714871 0.0672903 0.0618833 0.0556821 0.0490401 0.0422488 0.0355433 0.0291128 0.0231125 0.0176769 0.0129268 0.00896178 0.0058377 0.00354182
 0.00970991 0.0155148 0.0228656 0.0315311 0.0411258 0.051007 0.0602172 0.0676717 0.0725396 0.0745247 0.0738441 0.0709989 0.0665537 0.0610233 0.0548335 0.0483119 0.0416991 0.0351769 0.0288977 0.023004 0.0176349 0.0129225 0.00897582 0.00585722 0.00355918
 0.00990989 0.0158356 0.0233396 0.0321835 0.0419668 0.0520205 0.0613494 0.0688264 0.0735891 0.0753326 0.0742933 0.0710172 0.0661316 0.0602199 0.0537661 0.0471294 0.0405467 0.0341639 0.0280817 0.0223939 0.0172073 0.0126398 0.00879941 0.0057538 0.00350255
 0.0099402 0.0158867 0.0234209 0.0323074 0.0421496 0.0522813 0.0617058 0.0692873 0.0741444 0.0759445 0.0748941 0.0715181 0.0664424 0.0602746 0.0535447 0.0466669 0.0399245 0.0334853 0.0274422 0.0218583 0.0168023 0.0123602 0.00862203 0.0056499 0.00344631
 0.00997021 0.0159192 0.0234403 0.0322916 0.0420785 0.0521501 0.0615358 0.0691259 0.0740525 0.075977 0.0750793 0.0718448 0.0668583 0.0606973 0.0538851 0.0468566 0.0399369 0.0333416 0.0271989 0.0215832 0.0165514 0.0121648 0.00848876 0.00556925 0.00340269
 0.0100114 0.0159875 0.0235444 0.0324367 0.0422615 0.0523537 0.0617271 0.0692647 0.0741091 0.0759485 0.0749963 0.0717584 0.0668159 0.0607196 0.0539562 0.0469322 0.039966 0.0332901 0.0270633 0.0213897 0.0163407 0.0119745 0.00834104 0.00546897 0.0033425
 0.0100334 0.0160541 0.0237004 0.0327396 0.0427624 0.0530698 0.0626173 0.0702266 0.0750022 0.0766343 0.0753767 0.0718003 0.0665531 0.0602348 0.0533497 0.0462902 0.0393421 0.0327058 0.0265232 0.0208976 0.0159077 0.0116154 0.00806588 0.00527661 0.00322074
 0.00960565 0.0154282 0.0228902 0.0318101 0.0418213 0.0522461 0.0620387 0.0699955 0.0751705 0.0771818 0.0762074 0.0727661 0.0674987 0.0610421 0.0539608 0.0467042 0.0395924 0.0328348 0.0265662 0.0208802 0.0158505 0.0115382 0.00798724 0.00521016 0.00317274
 0.00891584 0.0143765 0.0214409 0.0299868 0.0397113 0.0500005 0.059869 0.0681555 0.0739108 0.0766863 0.0765394 0.0738512 0.0691491 0.0630092 0.0559963 0.0486092 0.0412431 0.0341804 0.0276094 0.0216528 0.0163961 0.0119032 0.00821652 0.00534455 0.00324598
#obs surv len freq
 nan nan nan nan nan nan nan nan nan nan nan nan nan nan nan nan nan nan nan nan nan nan nan nan nan
 0.00448481 0.00734612 0.0111759 0.0159918 0.0216919 0.0279666 0.0342799 0.0400106 0.04469 0.0481541 0.0505125 0.052009 0.052902 0.0534151 0.0537299 0.0539852 0.0542641 0.0545571 0.0546959 0.0542879 0.0527259 0.049358 0.0438076 0.0362874 0.0276707
 0.00461272 0.00755751 0.0115 0.0164569 0.022318 0.0287547 0.0352014 0.0410045 0.0456723 0.0490345 0.0512125 0.0524729 0.0531021 0.0533516 0.0534259 0.0534788 0.0535994 0.0537772 0.0538404 0.0533939 0.0518326 0.0485089 0.0430479 0.0356555 0.0271878
 0.00478365 0.00783453 0.0119156 0.0170411 0.0230937 0.0297286 0.0363541 0.0422847 0.0469992 0.0503097 0.0523331 0.0533455 0.0536542 0.0535403 0.0532421 0.0529448 0.0527616 0.0526962 0.0525835 0.0520323 0.0504422 0.0471707 0.0418424 0.0346491 0.0264172
 0.0049749 0.00814802 0.012392 0.0177198 0.0240043 0.0308793 0.0377192 0.0438009 0.0485752 0.0518423 0.0537217 0.0544984 0.0544905 0.0539933 0.0532661 0.0525226 0.0519089 0.0514609 0.0510409 0.0502802 0.0485967 0.0453596 0.0401917 0.0332617 0.0253509
 0.00518836 0.00849852 0.0129261 0.0184831 0.0250331 0.0321867 0.0392801 0.045547 0.0504032 0.0536334 0.0553599 0.0558819 0.0555348 0.0546303 0.0534432 0.0522046 0.0510836 0.050148 0.0492998 0.0482135 0.0463481 0.043102 0.0381024 0.0314885 0.0239799
 0.00540667 0.00885595 0.013469 0.019257 0.0260749 0.0335118 0.0408689 0.047338 0.0523007 0.0555234 0.0571266 0.057418 0.0567469 0.0554403 0.0537883 0.0520371 0.0503737 0.0488922 0.047534 0.0460273 0.0438913 0.0405737 0.0357201 0.0294409 0.0223832
 0.00565539 0.00926101 0.0140799 0.0201205 0.027226 0.0349606 0.042586 0.0492502 0.0543014 0.0574925 0.0589495 0.0589945 0.0579926 0.0562844 0.0541707 0.0519075 0.0496936 0.0476428 0.045732 0.0437459 0.0412744 0.0378319 0.0330976 0.0271602 0.020589
 0.00588993 0.00965019 0.0146802 0.0209889 0.0284085 0.0364733 0.044397 0.0512743 0.0564139 0.0595556 0.060836 0.0606006 0.0592392 0.0571121 0.0545333 0.0517657 0.0490129 0.0463998 0.0439315 0.0414447 0.0386037 0.0349992 0.030357 0.0247529 0.0186795
 0.00612955 0.0100405 0.0152695 0.021824 0.0295275 0.0378929 0.0460982 0.0531943 0.0584507 0.0615842 0.0627269 0.0622355 0.0605214 0.0579707 0.0549204 0.0516487 0.0483675 0.0452095 0.0422 0.0392199 0.0360027 0.0322173 0.027642 0.0223484 0.0167582
 0.00636067 0.01042 0.0158475 0.0226492 0.0306371 0.0392976 0.0477676 0.0550527 0.0603905 0.0634872 0.0644827 0.0637491 0.0617134 0.0587756 0.0552866 0.0515379 0.0477531 0.0440768 0.0405545 0.0371064 0.0335282 0.0295615 0.025038 0.0200302 0.0148961
 0.00658665 0.0107908 0.0164119 0.0234546 0.0317205 0.0406705 0.0494007 0.0568705 0.0622815 0.065326 0.0661519 0.0651527 0.0627807 0.0594584 0.0555522 0.0513625 0.0471178 0.0429699 0.0389811 0.0351072 0.0312002 0.0270684 0.0225932 0.0178499 0.0131403
 0.00684803 0.0112151 0.0170489 0.0243495 0.0329043 0.0421458 0.0511266 0.0587584 0.0642075 0.0671551 0.0677612 0.066446 0.0636922 0.0599516 0.0556136 0.050992 0.0463207 0.0417538 0.0373624 0.033128 0.0289495 0.0246928 0.0202836 0.0158001 0.0114933
 0.00707671 0.0115933 0.0176296 0.0251849 0.0340339 0.0435779 0.0528208 0.0606214 0.0661075 0.0689499 0.0693231 0.0676768 0.0645271 0.0603568 0.0555812 0.0505324 0.0454544 0.0405057 0.0357646 0.0312307 0.0268382 0.0224985 0.0181724 0.0139387 0.0100036
 0.00728979 0.011947 0.0181754 0.0259747 0.0351092 0.044952 0.0544609 0.0624414 0.0679799 0.0707293 0.0708725 0.0688853 0.0653201 0.0606975 0.0554666 0.0499843 0.044509 0.0392061 0.0341597 0.0293827 0.0248345 0.0204587 0.0162407 0.0122553 0.00866726
 0.00744294 0.0121989 0.0185606 0.0265285 0.0358627 0.0459224 0.0556407 0.0637911 0.0694291 0.0721853 0.0722314 0.0700437 0.0661872 0.0612052 0.0555764 0.0496882 0.0438252 0.0381723 0.0328284 0.0278222 0.0231335 0.0187291 0.0146087 0.010839 0.00754717
 0.00751559 0.0123171 0.0187392 0.0267834 0.0362098 0.0463764 0.0562111 0.0644795 0.070226 0.0730679 0.0731609 0.0709644 0.0670275 0.0618859 0.0560215 0.0498382 0.0436462 0.0376609 0.0320115 0.026755 0.0218979 0.017429 0.0133583 0.00974219 0.00667463
 0.00757873 0.0124144 0.0188759 0.0269615 0.0364292 0.0466362 0.0565112 0.0648206 0.0706109 0.0735002 0.0736426 0.0714893 0.0675752 0.0624165 0.0564773 0.0501521 0.043755 0.03752 0.0316065 0.0261077 0.0210664 0.0165001 0.0124326 0.0089131 0.00600689
 0.00766085 0.0125383 0.0190445 0.0271708 0.0366691 0.046893 0.0567698 0.0650672 0.0708363 0.0737041 0.0738346 0.0716858 0.0677909 0.0626553 0.0567243 0.0503713 0.0438948 0.0375254 0.0314357 0.0257475 0.02054 0.0158657 0.0117696 0.00830085 0.00550417
 0.00769989 0.0126009 0.0191364 0.0272959 0.0368274 0.0470781 0.0569681 0.0652595 0.0710036 0.0738349 0.0739297 0.0717578 0.0678593 0.0627385 0.0568311 0.0504946 0.0440086 0.0375891 0.0314056 0.0255921 0.0202547 0.0154782 0.0113333 0.00787772 0.00514505
 0.00776646 0.0126998 0.0192683 0.0274554 0.0370052 0.0472639 0.0571522 0.0654328 0.0711561 0.073956 0.0740108 0.0717957 0.0678594 0.0627141 0.0567998 0.0504699 0.0439926 0.0375684 0.031354 0.0254817 0.0200691 0.0152231 0.011037 0.00758139 0.00488699
 0.0078191 0.012782 0.0193851 0.0276081 0.0371898 0.0474696 0.0573613 0.065623 0.0713071 0.0740551 0.0740559 0.0717937 0.0678209 0.0626506 0.0567223 0.0503886 0.0439147 0.0374941 0.0312744 0.0253812 0.0199336 0.015049 0.0108364 0.00737805 0.00470646
 0.00783163 0.0128014 0.0194126 0.0276445 0.0372356 0.0475252 0.0574263 0.0656958 0.0713834 0.0741286 0.0741196 0.071842 0.0678513 0.0626643 0.0567226 0.0503795 0.0438994 0.0374734 0.0312451 0.0253361 0.0198648 0.0149532 0.0107192 0.00725326 0.00459118
 0.00788024 0.0128728 0.019506 0.027754 0.0373519 0.0476385 0.0575283 0.0657806 0.0714478 0.0741716 0.0741414 0.0718435 0.0678339 0.0626297 0.0566736 0.0503201 0.0438341 0.0374057 0.0311762 0.0252642 0.0197864 0.0148662 0.0106256 0.00716002 0.00450753
 0.0078853 0.0128851 0.0195315 0.0277998 0.0374231 0.047734 0.0576386 0.0658891 0.0715367 0.0742291 0.0741651 0.0718393 0.0678114 0.0625969 0.0566353 0.0502781 0.0437888 0.0373576 0.0311253 0.0252102 0.0197284 0.0148038 0.0105604 0.00709631 0.00445081
 0.00789276 0.012891 0.0195295 0.0277816 0.0373823 0.0476715 0.0575652 0.0658232 0.0714967 0.0742247 0.0741943 0.0718912 0.0678728 0.0626582 0.0566912 0.0503267 0.0438289 0.0373879 0.0311444 0.025217 0.0197227 0.0147865 0.0105342 0.00706538 0.00442022
 0.00790721 0.0129109 0.0195523 0.0278018 0.0373919 0.0476614 0.057528 0.0657568 0.071407 0.0741267 0.0741084 0.0718361 0.0678584 0.0626825 0.0567437 0.0503937 0.0438984 0.0374514 0.0311967 0.0252552 0.0197457 0.0147952 0.0105309 0.00705421 0.00440566
 0.00789767 0.0128958 0.0195305 0.0277721 0.0373534 0.0476131 0.0574692 0.0656873 0.0713281 0.0740425 0.0740268 0.0717688 0.0678184 0.0626803 0.0567824 0.0504676 0.0439951 0.0375559 0.0312958 0.0253396 0.0198105 0.0148393 0.0105565 0.00706548 0.00440762
 0.00787431 0.0128561 0.0194676 0.0276795 0.0372271 0.0474548 0.0572889 0.0655028 0.0711603 0.0739097 0.0739402 0.0717321 0.0678304 0.0627375 0.0568803 0.0505999 0.0441524 0.0377252 0.0314626 0.0254903 0.0199355 0.0149343 0.0106222 0.00710619 0.00442985
 0.00785626 0.012822 0.0194078 0.0275822 0.0370817 0.0472571 0.0570454 0.0652323 0.0708914 0.073674 0.0737654 0.0716369 0.0678212 0.0628093 0.0570199 0.0507898 0.0443742 0.0379608 0.0316949 0.0257039 0.0201182 0.015079 0.0107276 0.00717644 0.00447229
 0.00785158 0.0128119 0.0193875 0.0275451 0.0370196 0.0471619 0.0569114 0.0650592 0.0706864 0.0734529 0.073552 0.0714584 0.0677024 0.0627662 0.0570566 0.0508987 0.044539 0.0381608 0.0319085 0.0259115 0.0203039 0.015232 0.0108434 0.00725656 0.00452266
 0.00782192 0.0127672 0.0193269 0.0274695 0.0369313 0.0470629 0.0568028 0.0649411 0.0705591 0.0733184 0.073416 0.0713311 0.0675985 0.0627025 0.0570475 0.0509515 0.0446514 0.0383209 0.0320976 0.0261085 0.0204891 0.0153909 0.0109679 0.00734544 0.00458031
 0.00780357 0.0127337 0.0192698 0.02738 0.0368028 0.0468962 0.0566091 0.0647405 0.0703748 0.0731685 0.0733089 0.0712662 0.067571 0.0627087 0.0570876 0.0510288 0.0447681 0.0384746 0.032279 0.0263021 0.0206772 0.0155572 0.011102 0.00744378 0.00464568
 0.00777491 0.0126854 0.019194 0.0272681 0.0366476 0.0466948 0.0563664 0.0644717 0.0701042 0.0729257 0.073122 0.0711552 0.0675432 0.0627589 0.057202 0.0511913 0.0449647 0.0386943 0.0325113 0.0265352 0.0208971 0.0157504 0.0112583 0.00755958 0.00472368
 0.00774669 0.0126404 0.0191278 0.0271768 0.0365284 0.0465462 0.0561897 0.0642721 0.0698916 0.0727146 0.0729309 0.0710042 0.067451 0.0627376 0.0572544 0.0513101 0.0451357 0.0389003 0.0327355 0.0267618 0.0211115 0.0159398 0.0114133 0.00767602 0.00480337
 0.0093131 0.0148311 0.0217678 0.0298842 0.0388257 0.0480384 0.056704 0.0638835 0.0688388 0.0712789 0.0713478 0.0694333 0.0659858 0.0614284 0.0561255 0.0503696 0.0443793 0.0383145 0.0323004 0.0264542 0.020907 0.015814 0.0113433 0.00764186 0.00478951
 0.00932161 0.0151318 0.0227253 0.0319479 0.0423331 0.0529496 0.0624345 0.0693992 0.0730232 0.0733725 0.0711986 0.0674376 0.0628157 0.0577451 0.0524171 0.0469248 0.0413371 0.0357241 0.0301641 0.0247497 0.0195974 0.0148519 0.0106731 0.00720309 0.004522
 0.00897584 0.0145922 0.0219766 0.0310463 0.0414571 0.0524321 0.0627205 0.0708862 0.0758202 0.077124 0.0751304 0.0706493 0.0646545 0.0580313 0.0514115 0.0451164 0.0392144 0.0336431 0.0283255 0.023236 0.0184195 0.0139827 0.0100671 0.00680667 0.00428059
 0.00879073 0.0142794 0.0214849 0.0303255 0.0404781 0.0512226 0.0614079 0.0697224 0.0751561 0.07731 0.0763599 0.0728171 0.0673308 0.060602 0.0533244 0.0460885 0.0392858 0.0330769 0.0274471 0.0223107 0.0176069 0.0133483 0.0096148 0.00650922 0.0041
 0.00873762 0.0141854 0.0213279 0.030077 0.0401051 0.0506955 0.0607134 0.068883 0.0742521 0.0764953 0.0758503 0.0728345 0.0680055 0.0618789 0.054942 0.0476663 0.0404798 0.0337123 0.0275518 0.0220504 0.0171819 0.0129154 0.00925986 0.00625761 0.00394121
 0.00869713 0.0141188 0.0212258 0.0299289 0.0398997 0.0504218 0.0603623 0.06845 0.0737429 0.0759344 0.0752956 0.072386 0.0677944 0.0620262 0.0554945 0.0485478 0.0414985 0.0346339 0.028198 0.0223623 0.0172147 0.0127834 0.00907385 0.00608941 0.00381975
 0.00868425 0.0140969 0.021191 0.0298764 0.0398242 0.0503176 0.0602244 0.0682738 0.0735239 0.0756702 0.0749906 0.0720599 0.0674922 0.0618189 0.0554625 0.048745 0.0419146 0.0351826 0.0287467 0.0227898 0.017461 0.0128606 0.00904036 0.0060107 0.00374181
 0.00867773 0.0140862 0.0211746 0.0298525 0.0397909 0.0502728 0.0601659 0.0681992 0.0734308 0.0755554 0.0748508 0.071895 0.0673096 0.06164 0.0553256 0.0486972 0.041993 0.03539 0.0290413 0.0230987 0.0177129 0.0130164 0.00910232 0.00600909 0.00371228
 0.00868116 0.0140913 0.0211813 0.0298602 0.0397985 0.0502785 0.0601668 0.068192 0.0734112 0.0755193 0.0747945 0.0718156 0.067207 0.0615198 0.0552016 0.0485936 0.0419392 0.035409 0.0291359 0.0232455 0.017871 0.0131464 0.00918337 0.00604275 0.00371451
 0.00866156 0.0140617 0.021141 0.0298102 0.0397414 0.050218 0.0601078 0.0681393 0.0733694 0.0754905 0.0747779 0.0718073 0.0672011 0.0615104 0.0551864 0.0485765 0.0419314 0.0354255 0.0291877 0.023332 0.0179774 0.01325 0.00926453 0.00609324 0.00373786
 0.0086633 0.0140645 0.0211453 0.0298163 0.0397493 0.0502274 0.0601174 0.0681476 0.0733741 0.0754898 0.0747702 0.0717918 0.0671773 0.0614785 0.0551472 0.0485328 0.041889 0.0353932 0.029175 0.0233442 0.0180119 0.0132967 0.0093103 0.00612817 0.00375868
 0.00864461 0.0140391 0.0211163 0.0297896 0.0397318 0.0502242 0.0601301 0.068173 0.0734063 0.0755221 0.0747972 0.0718094 0.0671838 0.0614735 0.0551317 0.048509 0.0418607 0.035366 0.0291553 0.0233376 0.0180202 0.0133167 0.00933535 0.00615118 0.00377529
 0.00863565 0.0140222 0.0210868 0.0297429 0.0396657 0.0501419 0.0600418 0.0680946 0.0733538 0.0755054 0.0748162 0.0718559 0.0672449 0.0615371 0.0551888 0.048555 0.0418947 0.03539 0.0291735 0.0233545 0.0180392 0.0133386 0.00935823 0.00617179 0.00379106
 0.00863183 0.0140129 0.0210673 0.0297065 0.0396057 0.0500545 0.0599286 0.0679644 0.0732224 0.0753921 0.0747398 0.0718286 0.0672691 0.0616047 0.0552848 0.0486623 0.0419992 0.0354829 0.0292515 0.0234181 0.018091 0.013381 0.00939246 0.00619827 0.00380998
 0.00861381 0.0139883 0.0210385 0.0296782 0.0395821 0.0500364 0.0599119 0.0679409 0.0731839 0.0753361 0.0746716 0.071761 0.0672179 0.0615827 0.0552971 0.0487054 0.042063 0.0355551 0.0293216 0.0234799 0.0181421 0.0134215 0.00942368 0.00622138 0.0038261
 0.00861381 0.0139883 0.0210385 0.0296782 0.0395821 0.0500364 0.0599119 0.0679409 0.0731839 0.0753361 0.0746716 0.071761 0.0672179 0.0615827 0.0552971 0.0487054 0.042063 0.0355551 0.0293216 0.0234799 0.0181421 0.0134215 0.00942368 0.00622138 0.0038261
 0.00899714 0.0145907 0.0219038 0.0308259 0.0409957 0.0516492 0.0615964 0.0695168 0.0744517 0.0761278 0.0748938 0.071413 0.0663813 0.0603936 0.0539122 0.0472708 0.0406935 0.0343266 0.028274 0.0226259 0.0174763 0.0129273 0.0090768 0.00599322 0.00368673
 0.00911114 0.0148121 0.0223021 0.0314841 0.0419851 0.0529917 0.0632313 0.0712948 0.0761637 0.0775551 0.0758568 0.0718033 0.066174 0.059645 0.0527429 0.045839 0.039163 0.0328394 0.0269334 0.0214923 0.0165724 0.0122471 0.00859524 0.00567435 0.00349069
 0.0089522 0.0145649 0.0219553 0.0310462 0.0414964 0.0525339 0.0629264 0.0712791 0.076539 0.0783362 0.0769481 0.0730201 0.0673006 0.0604981 0.0532163 0.0459168 0.0389064 0.0323558 0.0263421 0.0208965 0.0160436 0.0118222 0.00828246 0.00546251 0.00335877
 0.00877405 0.0142586 0.0214657 0.0303182 0.0404962 0.0512801 0.0615169 0.0698942 0.075409 0.0776815 0.0769148 0.0736341 0.0684555 0.0619837 0.0547783 0.0473267 0.0400144 0.0331103 0.0267745 0.0210865 0.0160826 0.0117873 0.00822528 0.00541024 0.00332105
 0.00870206 0.0141222 0.0212239 0.029919 0.0398867 0.050425 0.0604204 0.068616 0.0740685 0.0764469 0.0759771 0.0731655 0.0685617 0.0626649 0.0559202 0.0487292 0.0414503 0.0343881 0.0277808 0.0217939 0.0165284 0.0120398 0.00835409 0.00546962 0.00334593
 0.00886681 0.0143743 0.0215713 0.0303516 0.0403698 0.0508947 0.0607836 0.0687645 0.0739084 0.0759378 0.0751607 0.0721687 0.0675688 0.0618663 0.0554547 0.048643 0.0416882 0.0348231 0.0282667 0.0222158 0.0168288 0.0122158 0.00843567 0.00549499 0.00334585
 0.00884527 0.0143622 0.0215948 0.0304474 0.040573 0.0512202 0.0612091 0.0692254 0.0743093 0.0761762 0.075156 0.0718887 0.0670472 0.0612017 0.0547869 0.0481099 0.0413801 0.0347557 0.0283856 0.0224294 0.0170495 0.0123885 0.00854369 0.00554874 0.00336554
 0.00869544 0.0141205 0.0212374 0.0299611 0.0399673 0.0505399 0.0605402 0.0686807 0.0739924 0.076139 0.0753744 0.0722729 0.0674798 0.0615853 0.0550779 0.048325 0.0415748 0.0349873 0.0286803 0.0227712 0.0173935 0.0126874 0.00876896 0.00569674 0.00345069
 0.00865786 0.0140494 0.0211118 0.0297548 0.0396553 0.050109 0.0600016 0.0680781 0.0734004 0.0756496 0.0750724 0.0722081 0.0676469 0.0619255 0.0555036 0.0487561 0.0419669 0.0353357 0.0290029 0.0230829 0.017692 0.0129545 0.00898472 0.00585146 0.00354858
 0.00875761 0.0142043 0.0213299 0.0300344 0.0399803 0.050445 0.0602945 0.0682625 0.0734191 0.075477 0.0747306 0.0717637 0.0671891 0.0615344 0.0552244 0.048592 0.0418923 0.0353188 0.0290224 0.0231302 0.0177625 0.0130395 0.00907026 0.00592415 0.00360115
 0.00884349 0.0143549 0.0215755 0.0304069 0.0405015 0.0511094 0.0610557 0.0690316 0.0740817 0.0759228 0.0748832 0.0716009 0.0667477 0.0608989 0.0545028 0.047885 0.0412702 0.0348144 0.0286389 0.0228555 0.0175794 0.0129294 0.00901342 0.0059012 0.00359579
 0.00899029 0.014596 0.0219426 0.0309299 0.041201 0.0519847 0.0620719 0.0701137 0.0751211 0.0767952 0.0754721 0.071821 0.0665642 0.060338 0.053647 0.0468547 0.0401946 0.0338031 0.0277653 0.0221533 0.017051 0.0125569 0.00876851 0.00575199 0.00351212
