SBPRF35
8.96048
Curr Bio
542985
B35
738416
F35
0.198525
FOFL
0.159173
OFL
76270.5
Bzero
2.56014e+006
#pred survey bio
 4.44928e+006 4.23403e+006 4.02064e+006 3.76406e+006 3.47376e+006 3.15955e+006 2.85738e+006 2.51965e+006 2.25031e+006 1.98892e+006 1.76908e+006 1.58188e+006 1.37032e+006 1.1854e+006 1.0503e+006 957012 859719 784268 731695 684471 666823 642726 634812 623861 616098 604332 607633 604721 594230 589669 591163 586275 586623 575575 568794 553436 545884 538106 539112 535592 543476 553198 559856 566490 571904 578435 574586 574064 575400 581079 595109 586717 547774 2.11313e+007 1.2501e+007 1.26051e+007 1.32762e+007 1.42958e+007 1.54139e+007 1.6465e+007 1.73677e+007 1.80993e+007 1.86696e+007 1.91025e+007 1.94255e+007 1.96639e+007 1.98388e+007 1.99668e+007 2.00606e+007 2.01294e+007 2.01802e+007 2.02178e+007 2.02458e+007 2.02668e+007 2.02827e+007 2.02947e+007 2.03038e+007 2.03108e+007 2.03162e+007 2.03203e+007 2.03235e+007 2.0326e+007 2.03279e+007 2.03294e+007 2.03306e+007 2.03315e+007 2.03322e+007 2.03328e+007 2.03332e+007 2.03336e+007 2.03338e+007 2.03341e+007 2.03342e+007 2.03344e+007 2.03345e+007 2.03345e+007 2.03346e+007 2.03347e+007 2.03347e+007 2.03347e+007 2.03348e+007 2.03348e+007 2.03348e+007 2.03348e+007 2.03348e+007 2.03348e+007 2.03348e+007 2.03348e+007 2.03348e+007 2.03348e+007 2.03348e+007 2.03348e+007 2.03348e+007 2.03348e+007 2.03348e+007 2.03348e+007 2.03348e+007 2.03348e+007 2.03348e+007 2.03348e+007 2.03348e+007 2.03348e+007 2.03348e+007 2.03348e+007 2.03348e+007 2.03348e+007 2.03348e+007 2.03348e+007 2.03348e+007 2.03348e+007 2.03348e+007 2.03348e+007 2.03348e+007 2.03348e+007 2.03348e+007 2.03348e+007 2.03348e+007 2.03348e+007 2.03348e+007 2.03348e+007 2.03348e+007 2.03348e+007 2.03348e+007 2.03348e+007 2.03348e+007 2.03348e+007 2.03348e+007 2.03348e+007 2.03348e+007 2.03348e+007 2.03348e+007 2.03348e+007 2.03348e+007 0 0 0 0 0 0 0 0 0 0 0 0 0 0 0 0 0 0 0 0 0 0 0 0 0
#obs survey bio
 3.61266e+006 3.35282e+006 3.79115e+006 2.90716e+006 4.20754e+006 2.54289e+006 3.00543e+006 1.66402e+006 2.3274e+006 1.25882e+006 1.8276e+006 1.36394e+006 969831 990955 752710 676738 614902 676395 780074 639840 506188 656338 430217 758525 500878 473107 492247 614206 562733 588753 440709 542738 601850 590509 610279 621598 523787 864566 546612 339936 361739 633604 488686 559385 597032 673003 339196 523337 657546 490049 833725 479391 506386
#pred catch bio
 109138 108606 155535 201885 245088 258865 317469 280418 294922 276420 263154 296413 280130 241336 208594 212399 190007 165289 155376 126861 130453 115596 117518 113813 115993 102262 105852 109215 101212 93988.3 97563.5 91281.1 98336.9 91157.9 94626.4 86307.5 88658.9 84990.6 91860.9 84462.7 84875 88698.6 89531.4 90989.4 90065.5 98371.7 95141 93601.4 89998.8 82997.3 100747 122470 39160.4 76270.5 91910.9 91339.9 94773.5 101462 109163 116402 122518 127349 130992 133647 135535 136850 137753 138365 138777 139052 139234 139354 139433 139484 139518 139540 139554 139564 139570 139574 139576 139578 139579 139580 139580 139580 139581 139581 139581 139581 139581 139581 139581 139581 139581 139581 139581 139581 139581 139581 139581 139581 139581 139581 139581 139581 139581 139581 139581 139581 139581 139581 139581 139581 139581 139581 139581 139581 139581 139581 139581 139581 139581 139581 139581 139581 139581 139581 139581 139581 139581 139581 139581 139581 139581 139581 139581 139581 139581 139581 139581 139581 139581 139581 139581 139581 139581 139581 139581 139581 139581 139581 139581 0 0 0 0 0 0 0 0 0 0 0 0 0 0 0 0 0 0 0 0 0 0 0 0 0
#obs catch bio
 0 108438 156020 202924 246850 260631 321868 284373 299737 280501 266590 304046 287101 248037 214606 220111 197119 169367 158421 128024 132957 117140 120109 115516 118347 104262 108011 110805 102359 94868.5 98465.9 92062 99530.7 91869 95397.5 86657.1 88866.4 84658 91772.1 84746.4 85279.4 88942.5 89942.4 91419.2 90256.8 98355.6 95444.4 93744.2 90478.8 83107 100386 123877 38809.1
#pred cpue bio
 4.37952e+006 4.16836e+006 3.95897e+006 3.70452e+006 3.41556e+006 3.10294e+006 2.80223e+006 2.46653e+006 2.19871e+006 1.93918e+006 1.7207e+006 1.53459e+006 1.32523e+006 1.14254e+006 1.00898e+006 916734 821459 748370 698002 652708 635695 612253 604471 593862 586448 575129 578577 576361 566821 562865 564691 560225 560895 550704 544835 530550 522891 514008 513874 510032 517540 526974 533458 539884 545214 551737 548108 547545 548807 554438 568389 560639 523266 2.02627e+007 1.20126e+007 1.20006e+007 1.25181e+007 1.34763e+007 1.45781e+007 1.56256e+007 1.65276e+007 1.72591e+007 1.78293e+007 1.82622e+007 1.85853e+007 1.88237e+007 1.89986e+007 1.91266e+007 1.92203e+007 1.92892e+007 1.93399e+007 1.93775e+007 1.94056e+007 1.94266e+007 1.94424e+007 1.94544e+007 1.94636e+007 1.94706e+007 1.94759e+007 1.94801e+007 1.94833e+007 1.94858e+007 1.94877e+007 1.94892e+007 1.94903e+007 1.94913e+007 1.9492e+007 1.94925e+007 1.9493e+007 1.94933e+007 1.94936e+007 1.94938e+007 1.9494e+007 1.94941e+007 1.94942e+007 1.94943e+007 1.94944e+007 1.94944e+007 1.94945e+007 1.94945e+007 1.94945e+007 1.94945e+007 1.94945e+007 1.94946e+007 1.94946e+007 1.94946e+007 1.94946e+007 1.94946e+007 1.94946e+007 1.94946e+007 1.94946e+007 1.94946e+007 1.94946e+007 1.94946e+007 1.94946e+007 1.94946e+007 1.94946e+007 1.94946e+007 1.94946e+007 1.94946e+007 1.94946e+007 1.94946e+007 1.94946e+007 1.94946e+007 1.94946e+007 1.94946e+007 1.94946e+007 1.94946e+007 1.94946e+007 1.94946e+007 1.94946e+007 1.94946e+007 1.94946e+007 1.94946e+007 1.94946e+007 1.94946e+007 1.94946e+007 1.94946e+007 1.94946e+007 1.94946e+007 1.94946e+007 1.94946e+007 1.94946e+007 1.94946e+007 1.94946e+007 1.94946e+007 1.94946e+007 1.94946e+007 1.94946e+007 1.94946e+007 1.94946e+007 1.94946e+007 1.94946e+007 0 0 0 0 0 0 0 0 0 0 0 0 0 0 0 0 0 0 0 0 0 0 0 0 0
#obs cpue bio
 3.57102e+006 3.14479e+006 3.22777e+006 3.21905e+006 2.5935e+006 3.00427e+006 2.17316e+006 1.86824e+006 2.2326e+006 2.76234e+006 1.51435e+006 879449 1.49676e+006 718500 740737 741284 597819 975954 697726 768085 432739 537112 421994 560456 438200 411509 574574 745118 550743 491041 772145 458897 451646 536391 526429 499926 681301 477740 474842 475123 664468 544139 484532 518954 565524 643385 641034 675241 337494 696081 740218 475286 669845
#pred surv len freq
 0.00545263 0.00874862 0.0129721 0.0180413 0.0238036 0.0299763 0.0361065 0.0416626 0.0462295 0.0496522 0.0520229 0.0535629 0.0545086 0.0550497 0.055303 0.0553069 0.0550312 0.0543943 0.053263 0.0514269 0.048584 0.0444056 0.0387173 0.0317172 0.0240611
 0.00558362 0.00888164 0.01303 0.0179172 0.0234071 0.0292953 0.0352462 0.0408215 0.0456148 0.049381 0.0520706 0.0537888 0.0547364 0.055155 0.0552655 0.055209 0.0550121 0.0545789 0.0536979 0.0520534 0.0492627 0.0449818 0.0390892 0.0318696 0.0240507
 0.00591511 0.00938098 0.0137023 0.0187262 0.0242683 0.0300779 0.0357925 0.0409923 0.0453523 0.0487533 0.0512561 0.0529942 0.0540985 0.054692 0.0549077 0.0548783 0.0546881 0.0543093 0.0535541 0.0520686 0.0493998 0.0451508 0.0391992 0.0318758 0.0239661
 0.00615221 0.00977614 0.0143132 0.0196076 0.0254527 0.0315472 0.0374497 0.0426548 0.0467818 0.0497199 0.0516138 0.0527325 0.0533412 0.0536375 0.0537435 0.053722 0.0535855 0.0532753 0.052609 0.0512419 0.048707 0.0445779 0.038713 0.0314495 0.0235953
 0.00640388 0.010173 0.0148898 0.0203933 0.0264731 0.032822 0.0389804 0.0444043 0.0486523 0.0515435 0.0531684 0.053791 0.0537394 0.0533317 0.0528219 0.0523619 0.0519835 0.0515923 0.0509545 0.0496858 0.0472961 0.0433418 0.0376664 0.0305965 0.0229333
 0.00672124 0.0106692 0.0155999 0.021338 0.0276575 0.034234 0.0405889 0.046158 0.050483 0.0533682 0.0548833 0.0552605 0.0547988 0.0538167 0.0526209 0.0514623 0.0504829 0.0496658 0.0488016 0.0474869 0.0451936 0.0414408 0.0360393 0.0292842 0.0219444
 0.00701332 0.0111354 0.0162856 0.0222792 0.0288749 0.0357233 0.0423101 0.0480339 0.052411 0.0552415 0.0566063 0.0567495 0.0559685 0.0545664 0.0528377 0.0510485 0.049398 0.0479591 0.0466136 0.0450194 0.0426664 0.0390538 0.0339479 0.0275854 0.020671
 0.00736619 0.0116954 0.0171031 0.0233932 0.030307 0.0374688 0.0443263 0.0502332 0.0546689 0.0574159 0.0585611 0.0583711 0.0571716 0.0552877 0.0530223 0.0506412 0.0483522 0.0462652 0.044333 0.0423016 0.0397351 0.036166 0.0313408 0.0254297 0.0190434
 0.00767832 0.012184 0.0178044 0.024331 0.0314926 0.0388997 0.045981 0.0520652 0.0566052 0.0593622 0.0604102 0.0600119 0.0584983 0.0562078 0.0534592 0.0505329 0.0476498 0.0449428 0.0424115 0.0398766 0.036989 0.0333476 0.0287131 0.023206 0.0173395
 0.00811755 0.0128619 0.0187572 0.0255686 0.0329992 0.0406361 0.0478839 0.0540486 0.0585696 0.0612101 0.062058 0.0613922 0.0595536 0.0568835 0.0537011 0.0502874 0.0468688 0.0435941 0.0404985 0.0374656 0.0342298 0.0304686 0.0259798 0.0208539 0.0155124
 0.0084966 0.0134631 0.0196334 0.0267569 0.0345121 0.0424497 0.0499262 0.0561995 0.0606811 0.0631382 0.0636906 0.0626597 0.0604225 0.0573412 0.053739 0.0498901 0.046011 0.0422493 0.0386603 0.0351766 0.0316082 0.0277118 0.0233331 0.0185486 0.0137013
 0.00873275 0.0138528 0.0202308 0.0276167 0.0356794 0.0439429 0.0517181 0.058208 0.0627763 0.0651649 0.0654956 0.0641155 0.0614432 0.0578862 0.0538047 0.0494911 0.0451627 0.0409605 0.0369426 0.0330699 0.0292091 0.0251861 0.0208951 0.0164089 0.0120062
 0.00913727 0.0144841 0.0211326 0.0288139 0.0371771 0.0457236 0.0537346 0.0603762 0.0649767 0.0672545 0.0673259 0.0655519 0.0623823 0.0582686 0.0536188 0.0487654 0.0439483 0.0393146 0.0349225 0.0307444 0.0266804 0.0226047 0.0184492 0.0142833 0.0103291
 0.009599 0.0152015 0.0221499 0.0301495 0.0388201 0.0476319 0.0558302 0.0625459 0.0670858 0.0691689 0.0689307 0.0667581 0.0631252 0.0585057 0.0533319 0.0479636 0.0426676 0.0376122 0.0328713 0.0284335 0.0242233 0.0201461 0.0161553 0.0123105 0.00878219
 0.00993213 0.0157274 0.0229118 0.0311763 0.0401212 0.0491883 0.0575859 0.0644054 0.0689259 0.0708612 0.0703636 0.0678484 0.0638187 0.0587726 0.0531602 0.0473558 0.0416411 0.0362022 0.0311346 0.0264518 0.0221065 0.0180299 0.0141882 0.0106256 0.00746531
 0.00992153 0.0157478 0.0230124 0.0314274 0.0405978 0.0499443 0.0586295 0.0656906 0.0703622 0.0723349 0.0717583 0.0690592 0.0647614 0.0593869 0.05341 0.0472258 0.0411339 0.0353373 0.0299517 0.0250166 0.0205136 0.0163999 0.0126521 0.00930007 0.00642506
 0.00983656 0.0156443 0.0229225 0.0314073 0.0407192 0.0502772 0.059223 0.0665571 0.0714694 0.0736051 0.0730779 0.0702989 0.0658011 0.0601364 0.0538171 0.0472731 0.0408291 0.0347061 0.0290352 0.0238743 0.0192278 0.0150737 0.0113975 0.00821583 0.00557429
 0.00983605 0.0156276 0.0228704 0.0312983 0.0405436 0.0500551 0.0590152 0.0664584 0.0715795 0.0739917 0.0737479 0.0711923 0.0668064 0.0611194 0.0546513 0.0478614 0.0411147 0.0346717 0.0286979 0.0232804 0.0184489 0.0142012 0.0105306 0.00744359 0.0049565
 0.00993976 0.0157658 0.0230216 0.0314215 0.0405877 0.0499758 0.0587936 0.0661141 0.0711752 0.0736249 0.0735296 0.0712139 0.0671064 0.0616658 0.0553484 0.0485793 0.0417247 0.0350761 0.0288457 0.0231697 0.0181209 0.0137283 0.00999985 0.00693719 0.0045341
 0.0102803 0.0162621 0.0236605 0.0321501 0.041323 0.0506234 0.0592665 0.0663454 0.0711305 0.0733145 0.0730154 0.0706025 0.0665241 0.0612225 0.0551042 0.0485277 0.0418001 0.0351818 0.0288887 0.0230892 0.0179017 0.0133983 0.00961482 0.00655944 0.00421297
 0.0103444 0.0163724 0.0238361 0.0324079 0.0416678 0.0510358 0.0596949 0.0667125 0.0713551 0.0733402 0.0728318 0.0702488 0.0660784 0.0607802 0.0547533 0.0483245 0.0417534 0.0352514 0.0290027 0.0231722 0.0179023 0.0133033 0.00944652 0.00635991 0.00402415
 0.0105031 0.016611 0.0241597 0.0328098 0.0421335 0.0515478 0.060233 0.0672477 0.0718424 0.0737177 0.0730326 0.0702228 0.0658143 0.0603169 0.0541716 0.0477234 0.041219 0.0348328 0.0287031 0.0229591 0.01773 0.0131365 0.0092728 0.00618788 0.00387148
 0.0104566 0.0165507 0.0240971 0.032765 0.0421293 0.0516015 0.0603502 0.0674226 0.0720619 0.0739659 0.073289 0.0704581 0.0659907 0.060398 0.054139 0.0475886 0.0410215 0.0346232 0.0285213 0.0228204 0.0176261 0.0130485 0.00918616 0.00609982 0.0037888
 0.0104479 0.0165362 0.0240753 0.0327361 0.0420976 0.0515775 0.0603506 0.0674659 0.0721613 0.0741217 0.0734865 0.0706716 0.0661894 0.0605517 0.0542231 0.0475896 0.0409431 0.0344868 0.0283589 0.0226619 0.017489 0.0129362 0.00909407 0.00602282 0.00372528
 0.0104715 0.0165659 0.024104 0.032752 0.0420879 0.0515339 0.0602745 0.0673707 0.0720701 0.0740613 0.073479 0.0707271 0.0663019 0.0607 0.0543765 0.047717 0.0410214 0.0345075 0.0283288 0.0225986 0.0174122 0.0128609 0.00902778 0.00596788 0.00368176
 0.0103896 0.0164605 0.0239957 0.0326751 0.0420778 0.05161 0.060427 0.0675626 0.072253 0.0741967 0.0735526 0.0707489 0.0662959 0.0606897 0.0543747 0.0477225 0.0410232 0.0344924 0.0282892 0.0225361 0.017336 0.0127829 0.0089577 0.00591099 0.00363929
 0.0101093 0.0160361 0.0234172 0.0319593 0.0412701 0.0507813 0.0596683 0.066971 0.071908 0.0741354 0.0737587 0.0711639 0.0668446 0.0613043 0.055005 0.0483337 0.041589 0.0349909 0.0287038 0.0228588 0.0175695 0.0129389 0.00905339 0.00596418 0.00366543
 0.00999532 0.0158453 0.0231211 0.0315304 0.0406917 0.0500612 0.0588513 0.0661403 0.0711712 0.0735982 0.0734968 0.0712046 0.0671633 0.0618364 0.0556671 0.0490455 0.0422863 0.0356291 0.029255 0.0233082 0.0179139 0.0131854 0.009217 0.00606424 0.00372137
 0.0100144 0.0158664 0.0231331 0.031514 0.0406201 0.0499048 0.0585847 0.0657525 0.0706763 0.0730418 0.0729536 0.0707621 0.0668974 0.0617885 0.0558335 0.0493827 0.0427289 0.0361091 0.0297161 0.023712 0.0182401 0.0134291 0.0093851 0.0061707 0.00378292
 0.0100095 0.0158535 0.0231046 0.0314587 0.0405255 0.0497593 0.0583805 0.065487 0.0703526 0.0726707 0.0725575 0.0703785 0.0665779 0.0615883 0.0557954 0.0495214 0.0430239 0.0365115 0.0301637 0.0241464 0.0186184 0.0137288 0.00960209 0.00631444 0.00386981
 0.00998071 0.0158032 0.0230224 0.0313331 0.0403461 0.0495216 0.0580896 0.0651585 0.0700092 0.072337 0.072255 0.0701248 0.0663888 0.0614817 0.0557912 0.0496365 0.0432627 0.0368578 0.0305801 0.0245828 0.0190258 0.0140713 0.00986279 0.00649457 0.00398278
 0.00988564 0.0156722 0.0228681 0.0311802 0.0402221 0.0494431 0.0580528 0.0651402 0.0699783 0.0722693 0.0721424 0.0699763 0.0662252 0.0613288 0.0556762 0.0495846 0.0432936 0.0369796 0.0307841 0.0248428 0.0193047 0.0143317 0.0100779 0.00665298 0.00408717
 0.00964014 0.0153047 0.0223752 0.0305828 0.0395639 0.0487838 0.0574602 0.0646795 0.0696976 0.0721849 0.0722342 0.0701979 0.0665233 0.061661 0.0560188 0.0499313 0.0436484 0.0373485 0.0311674 0.0252306 0.0196766 0.0146634 0.0103492 0.00685446 0.00422235
 0.00944388 0.0150074 0.0219687 0.0300757 0.0389802 0.0481609 0.0568466 0.0641326 0.0692763 0.0719367 0.0721827 0.0703355 0.0668138 0.0620517 0.0564561 0.0503746 0.0440759 0.0377544 0.0315535 0.025597 0.020017 0.0149649 0.0105983 0.00704341 0.00435238
 0.00935678 0.0148508 0.0217067 0.0296686 0.0383979 0.0474022 0.0559546 0.0631953 0.0684074 0.0712465 0.0717523 0.0702035 0.0669753 0.0624643 0.0570521 0.0510759 0.0448104 0.0384672 0.0322107 0.026181 0.0205191 0.0153802 0.0109244 0.00728271 0.00451423
 0.0101366 0.0159461 0.0230347 0.0310408 0.0395686 0.0481494 0.0561499 0.0628284 0.0675683 0.0700877 0.0704508 0.0689299 0.0658674 0.0616094 0.0564812 0.0507706 0.0447199 0.0385275 0.0323611 0.0263739 0.0207214 0.0155699 0.0110876 0.00741161 0.00460705
 0.0108427 0.0170411 0.0245759 0.0330242 0.0419054 0.050646 0.058506 0.0646813 0.0685908 0.0701012 0.0694899 0.0672193 0.0637325 0.059374 0.0543965 0.0489887 0.0433002 0.0374615 0.0316008 0.0258567 0.0203865 0.015366 0.0109734 0.00735513 0.004584
 0.0108468 0.0171357 0.0248797 0.033699 0.0431105 0.0524647 0.0608766 0.0673714 0.0712332 0.0722802 0.0708466 0.0675453 0.0630224 0.057816 0.0523046 0.0467053 0.0411113 0.035552 0.0300532 0.0246756 0.0195315 0.0147777 0.0105901 0.00712038 0.00445027
 0.0106629 0.0168609 0.0245175 0.0332851 0.0427252 0.0522386 0.0609785 0.0679655 0.0724071 0.0739731 0.0728246 0.069451 0.0644846 0.0585707 0.0522717 0.0459925 0.0399529 0.0342181 0.0287703 0.0235861 0.0186917 0.0141814 0.0101971 0.00687955 0.00431347
 0.01065 0.0168315 0.024458 0.0331792 0.0425607 0.0520196 0.0607401 0.0677825 0.0723894 0.0742394 0.0734544 0.0704312 0.0656799 0.0597459 0.0531666 0.0464175 0.0398546 0.0336846 0.0279793 0.0227301 0.0179189 0.0135705 0.00976425 0.00660136 0.00415033
 0.0105468 0.016675 0.024243 0.0329074 0.0422391 0.0516581 0.0603526 0.0673924 0.0720375 0.0739887 0.0733865 0.0706258 0.0661802 0.0605217 0.054099 0.0473244 0.040553 0.034059 0.0280188 0.0225163 0.017577 0.0132156 0.00946926 0.00639234 0.00402062
 0.0104945 0.0165876 0.0241075 0.0327117 0.0419754 0.0513288 0.0599743 0.0669953 0.0716596 0.073669 0.0731626 0.0705365 0.0662652 0.0608102 0.054588 0.0479593 0.0412285 0.0346493 0.028425 0.0227026 0.0175756 0.0130999 0.00931622 0.00625526 0.00392221
 0.0104764 0.0165609 0.0240716 0.0326661 0.041918 0.0512533 0.0598708 0.0668535 0.0714752 0.0734499 0.0729307 0.0703253 0.0661142 0.0607585 0.0546653 0.0481735 0.0415541 0.0350263 0.028775 0.0229583 0.0177066 0.0131192 0.00926506 0.00617916 0.00385303
 0.010371 0.0164102 0.0238833 0.0324603 0.0417217 0.0510908 0.0597553 0.0667842 0.0714398 0.0734304 0.0729107 0.0702969 0.0660826 0.0607424 0.0546916 0.0482672 0.0417263 0.0352644 0.0290424 0.0232064 0.0178937 0.0132274 0.00930272 0.00617141 0.00382674
 0.0102825 0.0162721 0.0236873 0.0322052 0.0414163 0.0507569 0.0594279 0.0665065 0.0712511 0.0733518 0.0729378 0.0704035 0.066234 0.0609101 0.0548628 0.0484447 0.0419209 0.0354831 0.0292792 0.0234403 0.0180973 0.0133789 0.00939584 0.00621524 0.00383876
 0.0102694 0.0162404 0.0236205 0.0320821 0.0412168 0.0504717 0.0590675 0.0661043 0.0708576 0.0730229 0.0727201 0.0703222 0.066288 0.0610746 0.0551006 0.0487199 0.0422084 0.0357694 0.0295565 0.0236994 0.0183247 0.0135611 0.00952564 0.0062955 0.00388063
 0.0103604 0.0163799 0.0238135 0.0323244 0.0414923 0.0507507 0.0593075 0.0662568 0.0708824 0.0729043 0.0724754 0.0699979 0.0659435 0.0607632 0.0548562 0.0485535 0.0421139 0.0357331 0.0295635 0.0237359 0.0183772 0.0136162 0.00957221 0.00632768 0.00389835
 0.0103476 0.0163689 0.023815 0.0323542 0.0415667 0.0508794 0.0594859 0.0664634 0.0710814 0.0730536 0.072539 0.0699574 0.0658054 0.060558 0.0546274 0.0483435 0.0419517 0.0356297 0.029515 0.02373 0.0183984 0.0136499 0.00960658 0.00635528 0.00391651
 0.0102619 0.0162434 0.0236524 0.0321677 0.0413786 0.0507168 0.0593766 0.0664301 0.0711354 0.0731887 0.0727292 0.0701625 0.0659829 0.0606776 0.0546803 0.0483425 0.041923 0.0356006 0.029504 0.0237429 0.0184309 0.0136922 0.00964864 0.00639001 0.00394099
 0.0101169 0.0160225 0.023348 0.0317844 0.0409341 0.0502412 0.0589124 0.066029 0.0708501 0.0730604 0.0727756 0.0703717 0.0663164 0.06108 0.0550943 0.0487234 0.0422468 0.0358642 0.0297174 0.0239192 0.018579 0.0138152 0.00974627 0.00646204 0.00398947
 0.00991633 0.0157105 0.0229057 0.0312057 0.0402286 0.0494386 0.0580653 0.0652127 0.0701521 0.0725635 0.07254 0.0704233 0.0666425 0.0616326 0.0557999 0.049498 0.0430132 0.036565 0.0303207 0.0244149 0.0189714 0.0141146 0.00996504 0.00661312 0.00408669
 0.00966034 0.0153507 0.0224676 0.0307455 0.0398142 0.0491196 0.0578524 0.0650783 0.0700522 0.0724652 0.0724392 0.070345 0.0666271 0.0617166 0.0560004 0.0498055 0.0433946 0.0369752 0.0307163 0.0247645 0.019259 0.0143374 0.0101281 0.00672567 0.0041593
 0.00933506 0.0148936 0.0219137 0.0301762 0.0393386 0.0488415 0.0578377 0.0653356 0.0705299 0.0730622 0.0730303 0.0708172 0.0669138 0.0618147 0.0559603 0.0497013 0.0432923 0.0369135 0.0307036 0.0247894 0.0193032 0.0143853 0.0101703 0.00675837 0.00418223
#obs surv len freq
 nan nan nan nan nan nan nan nan nan nan nan nan nan nan nan nan nan nan nan nan nan nan nan nan nan
 0.00448653 0.00734901 0.0111804 0.0159984 0.0217008 0.0279778 0.0342928 0.0400242 0.0447028 0.0481647 0.05052 0.0520129 0.0529024 0.0534123 0.0537245 0.0539779 0.0542553 0.0545473 0.0546856 0.0542773 0.0527154 0.0493481 0.0437987 0.03628 0.0276651
 0.00461566 0.00756087 0.0115025 0.0164566 0.0223128 0.0287438 0.0351855 0.0409862 0.0456549 0.0490209 0.0512043 0.0524703 0.0531042 0.0533569 0.0534331 0.0534868 0.0536076 0.0537854 0.0538484 0.0534016 0.05184 0.0485157 0.043054 0.0356605 0.0271916
 0.00477981 0.00782926 0.0119093 0.0170347 0.0230875 0.0297223 0.0363461 0.0422728 0.0469822 0.0502882 0.0523102 0.0533253 0.0536406 0.0535351 0.0532451 0.0529546 0.0527759 0.0527133 0.0526019 0.0520511 0.0504606 0.047188 0.0418577 0.0346618 0.0264269
 0.00497134 0.008143 0.0123859 0.0177135 0.0239993 0.0308771 0.0377207 0.043806 0.0485826 0.0518492 0.053725 0.054496 0.0544825 0.0539821 0.0532553 0.0525152 0.0519061 0.0514626 0.051046 0.0502873 0.0486045 0.0453673 0.0401987 0.0332675 0.0253553
 0.00518259 0.00848809 0.0129086 0.0184559 0.0249945 0.032137 0.039223 0.0454891 0.0503524 0.0535962 0.0553395 0.0558773 0.0555425 0.054646 0.0534637 0.0522287 0.0511116 0.0501806 0.0493367 0.0482538 0.0463897 0.0431422 0.0381387 0.0315187 0.024003
 0.00540824 0.00885943 0.0134758 0.0192684 0.0260915 0.0335321 0.0408888 0.047352 0.0523041 0.0555143 0.0571074 0.0573937 0.0567229 0.0554201 0.0537729 0.052026 0.0503663 0.0488881 0.0475333 0.0460302 0.0438972 0.0405814 0.0357282 0.0294483 0.0223891
 0.00564493 0.00924623 0.0140619 0.0201018 0.0272104 0.0349516 0.0425862 0.0492599 0.0543182 0.057512 0.058966 0.0590038 0.0579931 0.0562778 0.0541608 0.051898 0.049687 0.0476399 0.045733 0.0437505 0.0412819 0.0378413 0.0331076 0.0271695 0.0205965
 0.00589945 0.0096626 0.0146933 0.0209991 0.0284124 0.0364695 0.0443876 0.0512646 0.0564097 0.0595607 0.06085 0.060619 0.0592557 0.0571213 0.0545328 0.0517564 0.0489982 0.0463834 0.0439165 0.0414327 0.0385952 0.0349941 0.0303544 0.024752 0.0186794
 0.00614746 0.0100681 0.0153079 0.0218726 0.0295835 0.037951 0.046151 0.0532338 0.0584712 0.0615851 0.0627126 0.0622133 0.0604975 0.0579477 0.0548975 0.0516234 0.0483382 0.0451767 0.0421658 0.0391869 0.0359731 0.0321923 0.0276222 0.0223336 0.0167478
 0.00638014 0.0104536 0.0159013 0.0227294 0.0307481 0.0394383 0.0479291 0.0552183 0.0605389 0.0635985 0.0645441 0.0637575 0.0616749 0.0587022 0.0551916 0.0514319 0.0476429 0.0439663 0.0404462 0.0370029 0.0334324 0.0294765 0.0249665 0.0199737 0.0148547
 0.00661153 0.0108308 0.0164714 0.0235376 0.0318302 0.0408084 0.0495646 0.0570532 0.0624698 0.0655018 0.0662949 0.0652448 0.0628106 0.0594246 0.055463 0.0512325 0.0469633 0.0428049 0.038816 0.0349489 0.031054 0.0269388 0.022484 0.0177635 0.013077
 0.00683685 0.0112009 0.0170352 0.0243423 0.0329108 0.0421726 0.0511777 0.0588348 0.064307 0.0672728 0.0678889 0.0665716 0.0638007 0.0600278 0.0556462 0.0509775 0.0462637 0.0416648 0.0372544 0.0330131 0.0288376 0.0245911 0.0201971 0.0157316 0.0114431
 0.00706451 0.0115742 0.0176025 0.02515 0.0339937 0.0435378 0.0527896 0.0606095 0.0661244 0.0690003 0.0694054 0.0677828 0.0646441 0.0604699 0.0556752 0.0505951 0.0454786 0.0404914 0.035718 0.0311625 0.0267602 0.0224211 0.0181035 0.013883 0.00996246
 0.00727626 0.0119213 0.01813 0.0259013 0.0350011 0.0448088 0.0542921 0.0622667 0.0678254 0.0706207 0.0708281 0.0689123 0.0654133 0.0608416 0.0556394 0.0501619 0.04467 0.0393357 0.0342513 0.0294378 0.0248601 0.0204644 0.0162356 0.0122464 0.00865857
 0.00743083 0.0121791 0.0185304 0.0264846 0.0358011 0.0458391 0.0555327 0.0636591 0.0692803 0.0720346 0.0721001 0.0699546 0.066158 0.061243 0.0556754 0.0498315 0.0439897 0.0383347 0.0329705 0.0279336 0.0232122 0.0187792 0.0146375 0.0108539 0.00755413
 0.00751821 0.0123198 0.0187403 0.0267802 0.036199 0.0463547 0.0561761 0.0644294 0.0701599 0.0729863 0.0730676 0.0708682 0.0669424 0.0618283 0.0560048 0.0498679 0.0437172 0.037759 0.0321185 0.0268541 0.0219781 0.0174865 0.013395 0.00976313 0.00668531
 0.00759594 0.012441 0.0189133 0.0270095 0.0364856 0.0466964 0.0565677 0.0648642 0.070632 0.0734916 0.0736016 0.0714185 0.0674822 0.062314 0.056381 0.0500771 0.043712 0.0375113 0.0316259 0.0261435 0.0211057 0.0165336 0.0124561 0.00892678 0.00601335
 0.00768772 0.0125842 0.0191171 0.0272777 0.0368151 0.0470757 0.0569764 0.0652747 0.0710166 0.0738307 0.0738896 0.0716631 0.0676959 0.0625031 0.0565364 0.050172 0.0437068 0.0373659 0.0313132 0.0256616 0.0204839 0.01583 0.0117461 0.00828436 0.00549219
 0.00771186 0.0126231 0.0191751 0.0273587 0.0369222 0.0472101 0.0571364 0.0654554 0.0712102 0.0740287 0.0740849 0.0718516 0.0678771 0.0626776 0.0567017 0.0503164 0.0438068 0.0373888 0.0312265 0.0254459 0.0201444 0.0154001 0.0112805 0.00784313 0.00512295
 0.00777106 0.012709 0.0192854 0.0274849 0.0370525 0.0473341 0.0572484 0.0655549 0.0713001 0.0741127 0.0741657 0.0719305 0.0679543 0.0627531 0.0567742 0.0503821 0.0438556 0.0374029 0.0311829 0.0253244 0.0199384 0.0151234 0.0109666 0.00753491 0.00485808
 0.00781465 0.0127741 0.0193723 0.0275892 0.037165 0.0474422 0.0573379 0.0656137 0.0713222 0.0741022 0.0741365 0.0719013 0.0679416 0.0627658 0.0568122 0.0504376 0.0439157 0.0374506 0.0311988 0.0252906 0.0198444 0.0149729 0.0107786 0.00733831 0.00468151
 0.00784483 0.0128218 0.0194412 0.027681 0.0372782 0.0475706 0.0574696 0.0657319 0.0714092 0.0741449 0.0741312 0.0718558 0.0678725 0.0626931 0.056753 0.0504009 0.0439008 0.0374478 0.0311928 0.0252647 0.0197861 0.0148793 0.0106582 0.00720864 0.00456185
 0.00786444 0.0128496 0.0194758 0.0277188 0.0373151 0.047604 0.0574995 0.0657604 0.0714378 0.0741724 0.0741533 0.0718667 0.0678692 0.0626771 0.056731 0.050382 0.0438917 0.0374492 0.0311984 0.0252636 0.0197672 0.0148368 0.0105944 0.00713344 0.00448821
 0.00786718 0.0128519 0.0194752 0.0277116 0.0372971 0.047572 0.0574533 0.0657038 0.0713788 0.0741214 0.0741205 0.0718588 0.0678864 0.0627143 0.0567805 0.0504369 0.0439479 0.0375043 0.0312493 0.0253048 0.0197922 0.0148409 0.0105779 0.00710203 0.00445103
 0.00788977 0.0128838 0.0195139 0.0277517 0.037331 0.0475919 0.0574537 0.065682 0.0713358 0.0740625 0.0740541 0.0717957 0.0678371 0.0626861 0.0567753 0.0504518 0.0439769 0.0375408 0.031287 0.0253381 0.019816 0.0148515 0.0105747 0.00708772 0.00443099
 0.00786937 0.012852 0.0194685 0.0276915 0.0372558 0.0475028 0.0573533 0.0655756 0.0712311 0.0739689 0.0739817 0.071753 0.0678299 0.0627162 0.0568401 0.0505449 0.0440886 0.0376602 0.0314033 0.025442 0.0199008 0.0149134 0.0106136 0.00710701 0.00443637
 0.00788377 0.0128687 0.0194814 0.027691 0.0372316 0.0474486 0.0572698 0.0654709 0.0711179 0.07386 0.0738876 0.0716813 0.0677856 0.0627027 0.0568588 0.050594 0.0441633 0.0377522 0.0315026 0.0255382 0.019985 0.0149798 0.01066 0.00713509 0.00445024
 0.00786781 0.0128468 0.0194555 0.0276643 0.0372066 0.0474239 0.0572395 0.0654263 0.0710529 0.0737757 0.0737937 0.0715927 0.0677174 0.0626654 0.0568567 0.0506262 0.0442249 0.0378357 0.0315986 0.0256363 0.0200755 0.0150554 0.0107168 0.00717305 0.00447253
 0.00787939 0.0128568 0.0194549 0.0276404 0.0371478 0.0473264 0.0571114 0.0652862 0.0709219 0.0736692 0.0737172 0.0715445 0.0676941 0.0626656 0.0568818 0.0506775 0.0443012 0.0379322 0.0317073 0.0257476 0.0201798 0.0151446 0.0107863 0.00722203 0.00450347
 0.00786762 0.012842 0.0194399 0.0276289 0.0371414 0.0473212 0.0570967 0.0652486 0.0708527 0.0735711 0.0736051 0.071439 0.0676131 0.0626187 0.0568705 0.0506986 0.0443497 0.0380027 0.0317933 0.025841 0.0202717 0.0152268 0.010853 0.00727097 0.00453578
 0.00782622 0.0127739 0.0193367 0.0274841 0.0369537 0.0470987 0.056859 0.0650231 0.0706668 0.0734426 0.0735385 0.0714291 0.0676519 0.0626996 0.0569882 0.0508469 0.0445203 0.0381854 0.0319775 0.0260166 0.0204298 0.0153603 0.0109579 0.00734694 0.00458602
 0.00778883 0.0127115 0.0192399 0.0273434 0.036762 0.0468548 0.0565724 0.0647156 0.0703701 0.0731918 0.0733641 0.0713495 0.0676696 0.0628037 0.0571597 0.0510646 0.044765 0.0384404 0.0322283 0.0262507 0.0206366 0.0155324 0.0110918 0.00744339 0.00464985
 0.00776323 0.0126674 0.019169 0.0272362 0.03661 0.0466539 0.0563257 0.0644359 0.0700783 0.0729149 0.0731305 0.0711855 0.067595 0.0628268 0.0572759 0.0512577 0.0450115 0.038715 0.0325078 0.0265157 0.0208724 0.0157293 0.0112451 0.00755403 0.00472327
 0.00773727 0.012624 0.0191014 0.0271372 0.0364734 0.0464763 0.0561096 0.0641902 0.0698184 0.0726602 0.0729025 0.0710055 0.067482 0.0627952 0.0573321 0.0513983 0.0452227 0.0389749 0.0327903 0.0267955 0.0211282 0.0159461 0.0114155 0.00767776 0.00480573
 0.00931516 0.0148319 0.0217642 0.0298717 0.0387992 0.0479941 0.0566414 0.0638058 0.0687534 0.0711958 0.0712778 0.0693862 0.0659682 0.0614426 0.0561694 0.0504365 0.0444598 0.0383974 0.0323756 0.0265146 0.0209502 0.0158418 0.01136 0.00765163 0.00479547
 0.00929815 0.0150967 0.0226781 0.0318899 0.0422666 0.0528773 0.0623584 0.0693215 0.0729466 0.0733015 0.0711392 0.0673969 0.0628001 0.0577589 0.0524611 0.0469959 0.0414281 0.0358253 0.0302647 0.0248403 0.0196716 0.0149074 0.0107114 0.00722761 0.00453674
 0.00894702 0.0145442 0.0219023 0.0309399 0.0413157 0.0522599 0.0625307 0.0706994 0.0756594 0.0770072 0.0750663 0.0706376 0.0646894 0.0581051 0.051517 0.0452467 0.0393616 0.0337983 0.0284785 0.0233766 0.0185395 0.0140777 0.0101366 0.0068535 0.00430969
 0.00879855 0.01429 0.0214967 0.0303349 0.0404795 0.0512092 0.061373 0.0696616 0.0750702 0.0772065 0.076252 0.0727203 0.0672585 0.0605619 0.0533183 0.046114 0.0393378 0.0331485 0.0275303 0.0223966 0.0176872 0.0134165 0.00966756 0.00654632 0.00412372
 0.00872611 0.0141674 0.0213023 0.0300431 0.0400629 0.0506456 0.060657 0.0688217 0.0741878 0.0764298 0.0757868 0.0727777 0.0679615 0.0618547 0.0549429 0.0476942 0.0405327 0.0337849 0.0276367 0.0221394 0.0172668 0.0129894 0.00931887 0.00630041 0.00396939
 0.00868014 0.0140938 0.021193 0.0298901 0.039858 0.05038 0.0603226 0.0684138 0.0737104 0.0759054 0.0752694 0.072362 0.0677732 0.0620101 0.0554876 0.0485543 0.0415217 0.0346743 0.0282528 0.0224259 0.0172801 0.0128438 0.00912431 0.0061275 0.00384568
 0.00869723 0.0141145 0.0212112 0.0298951 0.039837 0.0503216 0.0602193 0.0682618 0.0735082 0.0756528 0.0749713 0.0720372 0.0674647 0.061787 0.0554288 0.0487141 0.0418922 0.0351731 0.0287522 0.0228091 0.0174898 0.0128933 0.00907144 0.00603636 0.00376045
 0.0086811 0.0140947 0.0211926 0.0298851 0.0398415 0.0503404 0.0602428 0.0682724 0.0734863 0.0755835 0.0748491 0.0718671 0.0672623 0.0615806 0.0552598 0.0486307 0.0419312 0.0353381 0.0290035 0.0230767 0.0177056 0.01302 0.00911216 0.00602054 0.00372228
 0.00866037 0.0140614 0.0211438 0.0298195 0.0397616 0.0502535 0.0601612 0.0682102 0.0734527 0.0755773 0.0748575 0.0718708 0.067245 0.0615367 0.0551991 0.0485768 0.0419145 0.0353825 0.0291129 0.0232297 0.0178638 0.013147 0.00918921 0.00605078 0.00372217
 0.0086719 0.014076 0.021158 0.0298275 0.0397565 0.05023 0.0601181 0.0681518 0.0733882 0.0755182 0.0748129 0.0718439 0.0672309 0.0615255 0.0551821 0.0485527 0.0418926 0.0353787 0.0291405 0.0232906 0.0179456 0.013229 0.00925303 0.00608861 0.00373717
 0.00866218 0.0140641 0.0211472 0.0298224 0.0397609 0.0502442 0.0601369 0.0681657 0.0733875 0.0754981 0.074776 0.0717989 0.0671881 0.0614916 0.0551583 0.0485365 0.0418818 0.0353752 0.0291496 0.0233164 0.0179867 0.0132772 0.00929757 0.00612132 0.00375588
 0.00865339 0.0140499 0.0211261 0.029794 0.0397265 0.0502076 0.0601047 0.0681448 0.0733823 0.0755073 0.0747928 0.0718146 0.0671966 0.0614919 0.0551538 0.0485316 0.0418799 0.0353783 0.0291594 0.0233345 0.0180129 0.0133085 0.00932863 0.00614693 0.00377327
 0.00863032 0.0140143 0.0210762 0.0297295 0.039649 0.0501207 0.0600143 0.0680598 0.0733131 0.0754636 0.0747809 0.0718347 0.0672425 0.0615538 0.0552211 0.048597 0.0419399 0.0354326 0.0292091 0.0233809 0.0180566 0.0133489 0.00936379 0.0061748 0.00379285
 0.00864066 0.0140275 0.0210895 0.029738 0.0396472 0.0501045 0.0599828 0.0680157 0.0732616 0.0754114 0.0747346 0.0718001 0.0672237 0.0615518 0.0552339 0.0486201 0.0419681 0.0354619 0.0292375 0.023408 0.0180826 0.0133734 0.00938586 0.00619306 0.0038064
 0.008621 0.0140004 0.0210575 0.0297061 0.0396205 0.0500858 0.0599704 0.0680042 0.0732454 0.0753877 0.0747056 0.0717716 0.0672028 0.0615442 0.055242 0.0486429 0.0420019 0.0355016 0.0292785 0.0234468 0.0181174 0.0134033 0.00941041 0.00621208 0.00382001
 0.008621 0.0140004 0.0210575 0.0297061 0.0396205 0.0500858 0.0599704 0.0680042 0.0732454 0.0753877 0.0747056 0.0717716 0.0672028 0.0615442 0.055242 0.0486429 0.0420019 0.0355016 0.0292785 0.0234468 0.0181174 0.0134033 0.00941041 0.00621208 0.00382001
 0.00860894 0.013979 0.0210222 0.0296527 0.0395473 0.049996 0.0598741 0.067916 0.0731794 0.0753519 0.0746992 0.0717877 0.0672332 0.0615832 0.0552874 0.0486943 0.0420587 0.0355617 0.0293385 0.0235032 0.018167 0.0134444 0.00944253 0.00623561 0.00383605
 0.00897054 0.0145493 0.0218449 0.0307483 0.0409003 0.0515391 0.0614784 0.0694016 0.0743533 0.0760606 0.0748686 0.0714327 0.0664396 0.0604773 0.0540063 0.0473637 0.0407797 0.0344051 0.0283455 0.0226906 0.0175331 0.0129745 0.00911336 0.00601945 0.00370407
#pred catch len freq
 0.00479623 0.00754879 0.0109315 0.0148291 0.0191678 0.0239041 0.0289502 0.0341304 0.0392113 0.0439657 0.0482128 0.0518326 0.0547694 0.0570231 0.0586234 0.0595984 0.0599564 0.0596742 0.0586745 0.056784 0.0537119 0.0491239 0.0428447 0.0351036 0.026632
 0.0049187 0.00768403 0.0110212 0.0147908 0.0189307 0.0234575 0.0283732 0.0335725 0.0388259 0.0438317 0.048295 0.0520036 0.0548779 0.0569705 0.0584105 0.059326 0.059779 0.0597279 0.0590097 0.0573359 0.0543291 0.0496391 0.0431496 0.0351853 0.0265548
 0.00524424 0.00816862 0.0116626 0.0155454 0.0197107 0.0241387 0.0288172 0.0336675 0.0385384 0.0432394 0.0475657 0.0513189 0.0543456 0.0565867 0.0580959 0.0590052 0.0594437 0.059442 0.058858 0.0573582 0.0544851 0.0498297 0.0432744 0.0351948 0.0264633
 0.00550272 0.00858354 0.0122764 0.0163913 0.0208019 0.025451 0.030269 0.03511 0.039773 0.0440663 0.0478508 0.051047 0.0536268 0.0556039 0.0570225 0.0579472 0.0584394 0.0585037 0.0580086 0.0566301 0.0538936 0.049355 0.0428743 0.034835 0.0261371
 0.00578816 0.00902443 0.0128994 0.0172125 0.0218331 0.0267043 0.0317499 0.0367967 0.0415876 0.0458567 0.0494002 0.0521218 0.0540499 0.0553186 0.0561099 0.0565844 0.0568272 0.0568085 0.0563442 0.0550696 0.0524847 0.0481259 0.0418364 0.0339885 0.0254775
 0.00612853 0.00954715 0.0136301 0.0181577 0.0229852 0.0280482 0.0332669 0.0384617 0.0433637 0.0476845 0.0511825 0.0537104 0.0552529 0.0559397 0.0560106 0.0557379 0.0553311 0.054849 0.0541364 0.0528082 0.0503223 0.046173 0.0401668 0.0326427 0.0244628
 0.00649232 0.0101113 0.014429 0.0192074 0.0242843 0.0295795 0.034995 0.0403303 0.0452984 0.0496012 0.0529946 0.0553275 0.0565703 0.0568301 0.0563332 0.0553719 0.0542237 0.0530504 0.0518005 0.0501581 0.0476006 0.0435994 0.0379113 0.0308105 0.0230893
 0.0068567 0.0106783 0.0152366 0.0202776 0.025625 0.0311853 0.0368422 0.0423682 0.0474449 0.0517474 0.0550171 0.0571036 0.0579895 0.0577958 0.0567558 0.0551654 0.0533178 0.0514231 0.0495137 0.047374 0.044564 0.0405903 0.035187 0.028555 0.0213854
 0.00723272 0.0112549 0.0160414 0.0213178 0.0268935 0.0326692 0.0385237 0.0442186 0.0494152 0.0537628 0.0569779 0.0588922 0.0594831 0.0588793 0.0573297 0.0551466 0.0526409 0.0500518 0.0474672 0.044757 0.0415791 0.0375145 0.0323128 0.0261199 0.0195183
 0.00771069 0.0119817 0.0170424 0.0225863 0.0283979 0.0343654 0.0403615 0.0461412 0.0513575 0.0556531 0.0587407 0.0604493 0.0607528 0.0597775 0.057773 0.0550571 0.0519519 0.0487193 0.0454907 0.0422086 0.0386252 0.0344093 0.0293516 0.0235649 0.0175305
 0.00814227 0.0126506 0.0179885 0.0238256 0.0299228 0.0361446 0.0423366 0.0482247 0.0534396 0.0576182 0.0604847 0.06189 0.0618311 0.0604505 0.0580046 0.054809 0.0511819 0.0473897 0.0435903 0.0397839 0.0358084 0.0314217 0.0264682 0.0210453 0.015547
 0.00852494 0.0132495 0.0188474 0.0249726 0.0313689 0.0378808 0.0443256 0.0503912 0.0556695 0.0597695 0.0624079 0.0634517 0.0629333 0.0610401 0.0580677 0.0543537 0.0502197 0.0459271 0.0416397 0.0373905 0.0330826 0.028552 0.0236983 0.0186144 0.0136214
 0.0090253 0.0140145 0.01991 0.0263357 0.0330122 0.039771 0.0464175 0.0526198 0.0579412 0.0619605 0.0643734 0.0650445 0.0640272 0.0615509 0.0579634 0.05365 0.0489623 0.0441734 0.0394509 0.0348433 0.0302924 0.0256898 0.0209774 0.0162445 0.0117488
 0.00953136 0.0147881 0.0209837 0.027709 0.0346573 0.0416415 0.0484513 0.0547375 0.0600462 0.0639451 0.066127 0.0664597 0.0650063 0.0620146 0.0578618 0.0529704 0.0477299 0.0424441 0.037303 0.0323767 0.0276361 0.0230085 0.0184606 0.0140709 0.0100393
 0.00988913 0.0153427 0.0217687 0.0287396 0.0359311 0.0431392 0.0501334 0.0565392 0.0618783 0.0657024 0.0677012 0.0677509 0.065931 0.0625093 0.0578842 0.0525004 0.0467716 0.0410287 0.0354911 0.0302606 0.0253416 0.0206918 0.0162924 0.0122051 0.00857625
 0.00998454 0.0155156 0.0220622 0.0292064 0.0366231 0.0440905 0.0513432 0.0579632 0.0634337 0.0672825 0.0691917 0.0690433 0.0669331 0.0631515 0.0581221 0.0523127 0.046158 0.0400092 0.0341101 0.0285929 0.0234959 0.0188063 0.0145177 0.0106748 0.00737594
 0.00990856 0.0154241 0.0219858 0.0291987 0.0367541 0.0444313 0.0519478 0.0588529 0.0645859 0.0686268 0.0706155 0.0704111 0.068112 0.0640347 0.0586402 0.0524339 0.0458804 0.0393543 0.0331206 0.027335 0.0220636 0.0173184 0.0131035 0.0094489 0.00641203
 0.0098732 0.0153589 0.0218755 0.0290307 0.0365291 0.0441779 0.0517309 0.0587671 0.06473 0.0690689 0.0713651 0.0714091 0.0692426 0.065153 0.0596039 0.0531293 0.0462372 0.0393471 0.0327646 0.0266806 0.0211917 0.0163338 0.0121207 0.0085708 0.00570819
 0.00998242 0.0155061 0.0220401 0.0291723 0.0365965 0.0441251 0.0515362 0.0584467 0.0643445 0.0687171 0.0711625 0.0714536 0.0695779 0.0657477 0.0603575 0.0539017 0.0468876 0.0397674 0.0328974 0.0265236 0.0207913 0.0157723 0.0114972 0.00797913 0.00521619
 0.0102422 0.01588 0.0225121 0.029694 0.0370966 0.0445279 0.0517779 0.0584861 0.0641695 0.0683517 0.0706709 0.0709353 0.0691471 0.0655001 0.0603377 0.0540859 0.0471914 0.0400754 0.0331019 0.026556 0.0206367 0.015466 0.011107 0.00758061 0.00486992
 0.010351 0.0160532 0.0227642 0.0300318 0.0375128 0.0449935 0.0522382 0.0588663 0.064393 0.0683648 0.0704627 0.0705438 0.0686518 0.0650028 0.0599361 0.0538454 0.0471247 0.0401397 0.033217 0.0266368 0.0206248 0.0153464 0.0109054 0.00734513 0.00464857
 0.0104681 0.0162285 0.0230011 0.0303256 0.0378556 0.0453785 0.0526594 0.0593103 0.0648278 0.0687346 0.0706975 0.0705826 0.0684695 0.0646263 0.0594398 0.0533268 0.046671 0.0398001 0.032992 0.0264882 0.0205013 0.0152097 0.0107442 0.00717272 0.00448867
 0.0104422 0.016198 0.0229764 0.0303234 0.0378943 0.0454717 0.0528108 0.0595142 0.0650726 0.0690053 0.0709729 0.0708303 0.0686471 0.0646935 0.0593767 0.053148 0.0464229 0.0395412 0.0327683 0.0263172 0.0203729 0.0151017 0.0106395 0.00706778 0.00439102
 0.010425 0.0161714 0.0229397 0.030279 0.0378488 0.0454379 0.0528065 0.0595585 0.0651786 0.0691735 0.0711888 0.0710679 0.0688739 0.0648754 0.0594843 0.0531635 0.0463479 0.0393988 0.0325941 0.0261452 0.0202234 0.0149787 0.0105378 0.00698186 0.00431945
 0.0104694 0.0162325 0.0230109 0.030347 0.0378975 0.0454539 0.052786 0.0595091 0.065119 0.0691281 0.0711806 0.07111 0.068964 0.0649955 0.0596054 0.0532551 0.0463872 0.0393778 0.0325217 0.0260416 0.020111 0.014874 0.0104488 0.00691011 0.00426401
 0.0103182 0.0160227 0.0227615 0.0300971 0.0376937 0.0453316 0.0527546 0.0595519 0.0652051 0.0692299 0.0712848 0.0712187 0.0690872 0.0651408 0.0597701 0.0534244 0.0465391 0.0394919 0.0325869 0.0260592 0.0200928 0.0148356 0.0104041 0.00686838 0.00422971
 0.0100369 0.0156014 0.022196 0.0294112 0.0369375 0.0445747 0.0520773 0.0590336 0.0649074 0.0691793 0.0714658 0.0715832 0.0695748 0.0656965 0.0603518 0.054 0.0470811 0.0399749 0.0329903 0.0263723 0.0203166 0.0149821 0.010491 0.00691419 0.00425026
 0.00992807 0.0154227 0.0219241 0.0290245 0.0364227 0.0439363 0.0513482 0.0582788 0.0642168 0.0686484 0.071172 0.0715651 0.0698228 0.0661593 0.0609543 0.0546654 0.0477452 0.0405908 0.033527 0.0268119 0.0206535 0.0152221 0.0106487 0.00700919 0.00430224
 0.0099044 0.0153807 0.0218534 0.0289105 0.0362463 0.043676 0.0509857 0.0578084 0.0636559 0.0680456 0.0706043 0.0711224 0.0695829 0.0661636 0.0611963 0.0550958 0.04829 0.0411731 0.0340827 0.0272971 0.0210451 0.0155147 0.0108508 0.00713738 0.00437654
