SBPRF35
9.03561
Curr Bio
538701
B35
619020
F35
0.198786
FOFL
0.175805
OFL
77425.1
Bzero
2.5816e+006
#pred survey bio
 3.4836e+006 3.39631e+006 3.35475e+006 3.24611e+006 3.08589e+006 2.79889e+006 2.50039e+006 2.18583e+006 2.02738e+006 1.80649e+006 1.55015e+006 1.29727e+006 1.0928e+006 917647 814589 769259 727227 710741 696531 642250 577623 542579 527919 527720 518133 517388 550607 581567 577941 565794 559210 541553 548990 559501 577410 585590 598320 586382 527181 482606 498169 526548 537987 559979 583600 592693 553170 552490 558896 598783 644832 599679 546235 1.95346e+007 1.20177e+007 1.26156e+007 1.36078e+007 1.47773e+007 1.59345e+007 1.69664e+007 1.78261e+007 1.85097e+007 1.90363e+007 1.94332e+007 1.97283e+007 1.99456e+007 2.01052e+007 2.02221e+007 2.03079e+007 2.03712e+007 2.0418e+007 2.04528e+007 2.04788e+007 2.04984e+007 2.05133e+007 2.05245e+007 2.05332e+007 2.05398e+007 2.05449e+007 2.05488e+007 2.05519e+007 2.05542e+007 2.05561e+007 2.05575e+007 2.05586e+007 2.05595e+007 2.05602e+007 2.05607e+007 2.05612e+007 2.05615e+007 2.05618e+007 2.0562e+007 2.05621e+007 2.05623e+007 2.05624e+007 2.05624e+007 2.05625e+007 2.05626e+007 2.05626e+007 2.05626e+007 2.05627e+007 2.05627e+007 2.05627e+007 2.05627e+007 2.05627e+007 2.05627e+007 2.05627e+007 2.05627e+007 2.05627e+007 2.05627e+007 2.05627e+007 2.05627e+007 2.05627e+007 2.05627e+007 2.05627e+007 2.05627e+007 2.05627e+007 2.05627e+007 2.05627e+007 2.05627e+007 2.05627e+007 2.05627e+007 2.05627e+007 2.05627e+007 2.05627e+007 2.05627e+007 2.05627e+007 2.05627e+007 2.05627e+007 2.05627e+007 2.05627e+007 2.05627e+007 2.05627e+007 2.05627e+007 2.05627e+007 2.05627e+007 2.05627e+007 2.05627e+007 2.05627e+007 2.05627e+007 2.05627e+007 2.05627e+007 2.05627e+007 2.05627e+007 2.05627e+007 2.05627e+007 2.05627e+007 2.05627e+007 2.05627e+007 2.05627e+007 2.05627e+007 2.05627e+007 2.05627e+007 0 0 0 0 0 0 0 0 0 0 0 0 0 0 0 0 0 0 0 0 0 0 0 0 0
#obs survey bio
 3.61266e+006 3.35282e+006 3.79115e+006 2.90716e+006 4.20754e+006 2.54289e+006 3.00543e+006 1.66402e+006 2.3274e+006 1.25882e+006 1.8276e+006 1.36394e+006 969831 990955 752710 676738 614902 676395 780074 639840 506188 656338 430217 758525 500878 473107 492247 614206 562733 588753 440709 542738 601850 590509 610279 621598 523787 864566 546612 339936 361739 633604 488686 559385 597032 673003 339196 523337 657546 490049 833725 479391 506386
#pred catch bio
 112805 108749 155937 202797 246754 261049 321348 283947 299495 280808 267594 302809 287394 247733 214178 218808 195314 169334 158570 128772 132423 117401 119480 115932 118217 104005 107683 110956 102471 94943.9 98522 92106.4 99296.7 91924.8 95293.4 86680.3 88819.5 84911.9 91750.1 84535.8 85143.9 89058.6 89889.5 91330.4 90318.4 98522 95288 93813.8 90220.3 83162.2 100723 122352 39144.5 77425.1 88358.8 91534 97899.7 105997 114054 121138 126907 131360 134667 137050 138731 139895 140690 141228 141589 141829 141988 142093 142162 142207 142236 142256 142268 142276 142282 142285 142287 142289 142290 142290 142291 142291 142291 142291 142291 142291 142291 142291 142291 142291 142291 142291 142291 142291 142291 142291 142291 142291 142291 142291 142291 142291 142291 142291 142291 142291 142291 142291 142291 142291 142291 142291 142291 142291 142291 142291 142291 142291 142291 142291 142291 142291 142291 142291 142291 142291 142291 142291 142291 142291 142291 142291 142291 142291 142291 142291 142291 142291 142291 142291 142291 142291 142291 142291 142291 142291 142291 142291 142291 0 0 0 0 0 0 0 0 0 0 0 0 0 0 0 0 0 0 0 0 0 0 0 0 0
#obs catch bio
 0 108438 156020 202924 246850 260631 321868 284373 299737 280501 266590 304046 287101 248037 214606 220111 197119 169367 158421 128024 132957 117140 120109 115516 118347 104262 108011 110805 102359 94868.5 98465.9 92062 99530.7 91869 95397.5 86657.1 88866.4 84658 91772.1 84746.4 85279.4 88942.5 89942.4 91419.2 90256.8 98355.6 95444.4 93744.2 90478.8 83107 100386 123877 38809.1
#pred cpue bio
 3.446e+006 3.35982e+006 3.31726e+006 3.20796e+006 3.04768e+006 2.76189e+006 2.46479e+006 2.15174e+006 1.99292e+006 1.77308e+006 1.51889e+006 1.26881e+006 1.06639e+006 893284 790973 745318 703077 686260 672179 619427 556935 522705 508511 508251 499068 498131 530214 560320 556989 545348 539145 522126 529407 539666 557309 565254 576457 563107 505579 462590 477557 505060 516230 537318 560061 569050 531152 530264 536308 574630 619238 576041 523676 1.8762e+007 1.15317e+007 1.20085e+007 1.29161e+007 1.4066e+007 1.52201e+007 1.62516e+007 1.71112e+007 1.77949e+007 1.83214e+007 1.87184e+007 1.90134e+007 1.92308e+007 1.93903e+007 1.95072e+007 1.95931e+007 1.96563e+007 1.97031e+007 1.97379e+007 1.9764e+007 1.97836e+007 1.97984e+007 1.98097e+007 1.98183e+007 1.98249e+007 1.983e+007 1.9834e+007 1.9837e+007 1.98394e+007 1.98412e+007 1.98426e+007 1.98438e+007 1.98447e+007 1.98453e+007 1.98459e+007 1.98463e+007 1.98466e+007 1.98469e+007 1.98471e+007 1.98473e+007 1.98474e+007 1.98475e+007 1.98476e+007 1.98477e+007 1.98477e+007 1.98477e+007 1.98478e+007 1.98478e+007 1.98478e+007 1.98478e+007 1.98478e+007 1.98478e+007 1.98479e+007 1.98479e+007 1.98479e+007 1.98479e+007 1.98479e+007 1.98479e+007 1.98479e+007 1.98479e+007 1.98479e+007 1.98479e+007 1.98479e+007 1.98479e+007 1.98479e+007 1.98479e+007 1.98479e+007 1.98479e+007 1.98479e+007 1.98479e+007 1.98479e+007 1.98479e+007 1.98479e+007 1.98479e+007 1.98479e+007 1.98479e+007 1.98479e+007 1.98479e+007 1.98479e+007 1.98479e+007 1.98479e+007 1.98479e+007 1.98479e+007 1.98479e+007 1.98479e+007 1.98479e+007 1.98479e+007 1.98479e+007 1.98479e+007 1.98479e+007 1.98479e+007 1.98479e+007 1.98479e+007 1.98479e+007 1.98479e+007 1.98479e+007 1.98479e+007 1.98479e+007 1.98479e+007 1.98479e+007 0 0 0 0 0 0 0 0 0 0 0 0 0 0 0 0 0 0 0 0 0 0 0 0 0
#obs cpue bio
 3.57102e+006 3.14479e+006 3.22777e+006 3.21905e+006 2.5935e+006 3.00427e+006 2.17316e+006 1.86824e+006 2.2326e+006 2.76234e+006 1.51435e+006 879449 1.49676e+006 718500 740737 741284 597819 975954 697726 768085 432739 537112 421994 560456 438200 411509 574574 745118 550743 491041 772145 458897 451646 536391 526429 499926 681301 477740 474842 475123 664468 544139 484532 518954 565524 643385 641034 675241 337494 696081 740218 475286 669845
#pred surv len freq
 0.00423863 0.00698845 0.0107165 0.015467 0.0211543 0.0274686 0.033862 0.0397004 0.0445091 0.0481245 0.0506556 0.052334 0.0533873 0.0539879 0.0542553 0.0542795 0.0541444 0.0539273 0.0536409 0.0531168 0.0519066 0.0493339 0.044782 0.0381097 0.0299091
 0.00456848 0.00742956 0.0112073 0.0158984 0.0214086 0.0274766 0.0336409 0.0393451 0.0441387 0.0478208 0.0504347 0.0521651 0.0532394 0.0538689 0.0542195 0.0543992 0.054463 0.0544174 0.0541904 0.0535567 0.052075 0.0491473 0.0442748 0.037416 0.0291981
 0.00463266 0.00760103 0.0115816 0.016585 0.0224788 0.0288957 0.0352309 0.0408212 0.045218 0.0483411 0.0504064 0.051729 0.0525741 0.0531187 0.0534776 0.0537279 0.0539092 0.0540011 0.053879 0.0532579 0.0516684 0.0485459 0.0434773 0.0365133 0.0283281
 0.00477002 0.00780349 0.0118536 0.0169331 0.0229288 0.0295072 0.0360862 0.0419783 0.0466439 0.0498731 0.0517832 0.0526906 0.0529691 0.0529528 0.0528809 0.0528797 0.0529712 0.053082 0.0530229 0.0524467 0.0508438 0.0476521 0.0425063 0.0355231 0.0274181
 0.00493067 0.00807244 0.0122708 0.0175356 0.0237385 0.0305164 0.0372531 0.0432402 0.0479442 0.0511741 0.0530477 0.053841 0.0538699 0.053445 0.0528536 0.0523263 0.0519906 0.0518281 0.0516402 0.051029 0.0494303 0.0462562 0.0411533 0.0342704 0.0263425
 0.00514215 0.00841333 0.0127791 0.0182462 0.0246784 0.0316952 0.0386503 0.0447971 0.0495676 0.0527559 0.0544883 0.0550644 0.054817 0.0540541 0.053049 0.0520356 0.0511841 0.0505486 0.0499976 0.049164 0.0474774 0.0443282 0.0393481 0.0326787 0.0250397
 0.00532141 0.00871693 0.0132582 0.0189555 0.0256637 0.0329747 0.0401976 0.0465371 0.0513907 0.0545415 0.0561243 0.0564573 0.0558937 0.0547577 0.0533314 0.0518514 0.0504952 0.0493448 0.0483206 0.0471179 0.0452158 0.0420281 0.0371824 0.0307926 0.0235294
 0.00561616 0.00919259 0.0139681 0.0199479 0.0269746 0.0346147 0.0421357 0.0486919 0.0536362 0.0567265 0.0580976 0.0580885 0.0570864 0.0554522 0.0534971 0.0514739 0.0495665 0.0478663 0.0463215 0.0446797 0.0424866 0.0392136 0.0345116 0.028469 0.0216854
 0.00578313 0.00948094 0.0144334 0.0206528 0.0279759 0.035943 0.0437761 0.0505785 0.0556645 0.0587748 0.060044 0.0598179 0.0584925 0.0564415 0.0539946 0.0514267 0.0489441 0.0466606 0.0445553 0.0424239 0.0398788 0.036458 0.0318505 0.0261286 0.0198197
 0.00606025 0.00991557 0.0150592 0.0214943 0.0290489 0.0372537 0.0453151 0.0523117 0.0575278 0.0606764 0.0618746 0.061464 0.0598493 0.0574193 0.0545202 0.0514411 0.0484028 0.0455389 0.0428606 0.0402159 0.0372868 0.0336849 0.0291455 0.0237322 0.0179009
 0.00623117 0.0102186 0.0155602 0.0222665 0.0301519 0.0387038 0.0470619 0.0542408 0.0594929 0.0625429 0.0635461 0.0628819 0.0609735 0.0582101 0.0549299 0.0514161 0.0478908 0.0444995 0.0412819 0.0381368 0.0348188 0.0310171 0.0265204 0.0213902 0.0160162
 0.00626863 0.010314 0.0157695 0.0226672 0.0308303 0.0397295 0.0484599 0.0559724 0.0614539 0.0645794 0.0654846 0.064565 0.0622886 0.0590981 0.0553715 0.0514074 0.0474227 0.0435553 0.0398528 0.0362494 0.0325638 0.0285607 0.0240851 0.0192033 0.0142468
 0.00642345 0.0105887 0.0162261 0.0233801 0.0318719 0.0411469 0.0502499 0.058068 0.0637294 0.0668691 0.0676065 0.0663459 0.0635887 0.0598315 0.0555129 0.0509802 0.046475 0.042136 0.038006 0.0340299 0.0300661 0.0259388 0.0215426 0.0169495 0.0124369
 0.00675857 0.0111128 0.0169777 0.0243842 0.0331408 0.0426787 0.0520217 0.0600272 0.0657896 0.0689134 0.069499 0.0679464 0.0647701 0.0604963 0.0556059 0.0504922 0.0454365 0.0406044 0.0360537 0.0317443 0.0275613 0.023368 0.0190914 0.0148014 0.0107246
 0.00706203 0.011605 0.0177142 0.0254115 0.0344813 0.0443123 0.0538721 0.0619679 0.0676745 0.0706167 0.0709378 0.0690758 0.0655608 0.0609153 0.0556136 0.0500533 0.0445354 0.0392558 0.0343055 0.0296786 0.0252954 0.021053 0.0168988 0.0128925 0.0092109
 0.00715678 0.0117775 0.0180087 0.0258814 0.0351792 0.0452708 0.0550849 0.0633804 0.0691903 0.072117 0.0723063 0.070219 0.066418 0.0614548 0.0558188 0.0499099 0.0440277 0.0383754 0.0330671 0.0281334 0.0235377 0.0192163 0.015137 0.0113486 0.00798293
 0.00730075 0.0120142 0.0183703 0.0264012 0.0358866 0.0461827 0.0561945 0.0646494 0.0705482 0.073469 0.0735462 0.071246 0.067153 0.061852 0.0558668 0.0496209 0.0434234 0.0374774 0.0319002 0.0267385 0.0219863 0.0176141 0.0136107 0.010018 0.00692937
 0.00747185 0.0122602 0.018682 0.026753 0.036248 0.0465362 0.0565478 0.0650342 0.0710053 0.0740275 0.0742058 0.0719695 0.0678707 0.062477 0.056315 0.0498284 0.0433542 0.0371228 0.0312743 0.0258775 0.0209518 0.0164941 0.0125106 0.00903903 0.00614339
 0.00757593 0.0124128 0.0188797 0.0269785 0.0364716 0.0467211 0.0566592 0.0650529 0.0709428 0.0739341 0.0741614 0.0720549 0.0681324 0.0629028 0.0568351 0.0503382 0.0437463 0.037314 0.0312202 0.0255763 0.0204417 0.0158461 0.0118152 0.008386 0.00560071
 0.00775534 0.0126814 0.0192403 0.0274163 0.0369555 0.0472075 0.0570963 0.0653863 0.071126 0.0739442 0.0740131 0.0718033 0.0678599 0.062692 0.0567373 0.0503538 0.0438255 0.0373778 0.0311905 0.025403 0.0201168 0.0154035 0.0113176 0.00790429 0.00519222
 0.00775783 0.0126932 0.0192714 0.0274792 0.0370595 0.0473513 0.0572635 0.0655473 0.0712481 0.074003 0.0740014 0.0717332 0.0677598 0.0626006 0.0566941 0.0503848 0.0439297 0.0375218 0.0313179 0.0254557 0.0200584 0.0152333 0.0110687 0.00762809 0.00493811
 0.00778339 0.0127529 0.0193945 0.0277026 0.037417 0.0478564 0.057894 0.0662415 0.0719157 0.0745476 0.0743443 0.071832 0.0676168 0.0622604 0.0562302 0.0498798 0.043453 0.0371133 0.0309817 0.0251685 0.0197883 0.0149591 0.0107906 0.00736422 0.00471209
 0.00776066 0.0127051 0.0193047 0.0275543 0.0372053 0.0476027 0.0576523 0.0660881 0.0719207 0.0747423 0.0747029 0.0722793 0.0680572 0.0626117 0.0564475 0.0499622 0.0434328 0.0370351 0.0308822 0.0250649 0.0196799 0.0148389 0.010657 0.00722651 0.00458548
 0.00772979 0.0126679 0.0192716 0.0275396 0.0372201 0.0476452 0.0577048 0.066126 0.0719301 0.0747347 0.0747128 0.072344 0.0681909 0.0627931 0.0566296 0.0500957 0.0434887 0.0370127 0.030802 0.0249529 0.019556 0.0147135 0.0105356 0.00711403 0.00448863
 0.00783957 0.0128099 0.0194192 0.0276488 0.0372455 0.0475629 0.0575281 0.0659002 0.0717115 0.0745652 0.0746106 0.07231 0.0682209 0.0628825 0.0567674 0.0502583 0.0436433 0.0371292 0.0308641 0.0249616 0.019524 0.0146566 0.0104675 0.00704559 0.00442769
 0.00795115 0.0129979 0.0197111 0.0280657 0.0377875 0.0481918 0.0581602 0.0664228 0.0720214 0.0746115 0.0744123 0.07194 0.0677703 0.0624286 0.0563593 0.0499174 0.0433691 0.0369075 0.0306757 0.0247915 0.0193655 0.0145111 0.0103403 0.0069415 0.00434868
 0.00787004 0.0128672 0.0195186 0.0278064 0.0374704 0.0478469 0.0578386 0.0661841 0.0719096 0.0746337 0.0745364 0.072115 0.0679542 0.0626043 0.0565316 0.0500976 0.0435616 0.0371044 0.0308611 0.0249481 0.0194817 0.0145846 0.010377 0.00695215 0.00434476
 0.00786396 0.0128417 0.0194515 0.027668 0.0372322 0.0474955 0.0573888 0.0656833 0.0714304 0.0742547 0.0743185 0.0720833 0.0680923 0.0628662 0.0568622 0.050452 0.0439117 0.0374351 0.0311616 0.0252078 0.0196912 0.0147396 0.0104802 0.00701282 0.00437533
 0.00796962 0.0129928 0.0196394 0.0278685 0.0374083 0.0476041 0.0573897 0.0655491 0.0711563 0.0738673 0.0738756 0.0716609 0.0677624 0.0626739 0.0568156 0.050527 0.044068 0.037632 0.0313671 0.0253998 0.0198555 0.0148682 0.0105714 0.00707046 0.00440722
 0.0079837 0.0130204 0.0196888 0.0279476 0.037519 0.0477357 0.0575145 0.0656259 0.0711433 0.0737381 0.0736325 0.0713373 0.0674152 0.0623672 0.0566023 0.0504345 0.0440937 0.0377493 0.031538 0.0255875 0.0200314 0.0150148 0.0106816 0.00714509 0.00445251
 0.00795314 0.0129684 0.0196071 0.0278294 0.0373629 0.0475507 0.0573215 0.0654529 0.0710135 0.0736585 0.0735905 0.0713097 0.0673833 0.0623294 0.0565758 0.0504463 0.0441661 0.0378884 0.0317308 0.0258072 0.0202484 0.0152047 0.0108307 0.00725067 0.00451991
 0.00796604 0.0129921 0.0196472 0.0278909 0.0374475 0.0476523 0.057425 0.0655374 0.07106 0.0736575 0.0735437 0.0712251 0.067269 0.0621918 0.0564237 0.0502953 0.0440383 0.0378055 0.0317049 0.0258355 0.0203148 0.0152874 0.0109101 0.0073146 0.00456443
 0.00784809 0.0128183 0.0194193 0.0276235 0.037165 0.047384 0.057199 0.0653764 0.0709775 0.0736547 0.0736097 0.0713412 0.0674145 0.0623481 0.0565767 0.0504367 0.0441669 0.0379269 0.0318275 0.0259647 0.0204487 0.015417 0.011024 0.00740429 0.00462741
 0.00781682 0.0127629 0.0193284 0.027486 0.0369757 0.0471505 0.0569462 0.0651429 0.0708038 0.0735682 0.073616 0.0714247 0.0675478 0.0625029 0.0567312 0.050578 0.0442907 0.0380352 0.0319259 0.0260594 0.0205425 0.015508 0.0111065 0.00747231 0.00467754
 0.00787967 0.0128305 0.0193666 0.0274428 0.0367961 0.0468003 0.0564332 0.064522 0.070164 0.0730081 0.0732182 0.0712376 0.0675776 0.062718 0.0570758 0.0509898 0.0447161 0.0384371 0.0322844 0.0263671 0.0207993 0.0157162 0.0112687 0.00759167 0.00475916
 0.00866433 0.0139505 0.0207618 0.0289538 0.0382023 0.0478863 0.0570468 0.0646007 0.0697322 0.0721614 0.0721014 0.0700172 0.0664085 0.0617133 0.0562916 0.0504288 0.0443442 0.0382054 0.0321467 0.0262888 0.0207585 0.0156996 0.0112675 0.00759902 0.00476941
 0.00930157 0.0149701 0.0222559 0.0309706 0.0407055 0.050709 0.0598706 0.0670002 0.0712944 0.0726287 0.0714571 0.0684681 0.0642877 0.0593674 0.0540003 0.0483729 0.0426095 0.0368059 0.0310539 0.0254571 0.0201414 0.0152564 0.0109631 0.00740195 0.0046507
 0.00909763 0.0147774 0.0222223 0.0313174 0.0416669 0.0524331 0.0623284 0.0699516 0.0743318 0.0752763 0.073292 0.0692246 0.0639182 0.0580373 0.0520197 0.0460949 0.04034 0.0347537 0.0293252 0.0240789 0.0190923 0.0144927 0.0104337 0.00705532 0.00443864
 0.00883675 0.014362 0.0216228 0.0305386 0.0407778 0.0515957 0.0617975 0.0700182 0.0752075 0.0769729 0.0755684 0.0716465 0.0660033 0.0594155 0.0525341 0.0458123 0.0394839 0.0336038 0.0281295 0.0230052 0.0182225 0.0138429 0.00998119 0.0067609 0.0042602
 0.00878163 0.0142775 0.0215041 0.0303816 0.0405781 0.0513515 0.0615213 0.0697571 0.0750595 0.0770777 0.0760573 0.0725651 0.0672522 0.0607545 0.0536625 0.0464843 0.0395969 0.0332166 0.0274121 0.0221595 0.0174151 0.0131732 0.0094837 0.00642478 0.00405234
 0.00866557 0.0140979 0.0212512 0.0300539 0.040184 0.05091 0.0610627 0.0693219 0.0746962 0.0768413 0.0760108 0.0727737 0.0677611 0.0615509 0.0546467 0.0474793 0.0404058 0.0336982 0.0275314 0.0219853 0.0170735 0.0127905 0.00914718 0.00617339 0.0038875
 0.00863995 0.014038 0.0211282 0.0298322 0.0398325 0.0504197 0.0604607 0.0686713 0.0740811 0.0763443 0.0756958 0.0726824 0.0679161 0.0619567 0.0552791 0.0482713 0.0412442 0.0344484 0.0280817 0.0222867 0.0171505 0.0127172 0.00900852 0.00603376 0.00377956
 0.00873598 0.0141734 0.0212922 0.0299981 0.0399604 0.050464 0.06038 0.0684402 0.0737011 0.0758518 0.0751595 0.0721883 0.0675471 0.0617736 0.0553102 0.0485073 0.0416371 0.0349168 0.0285296 0.0226325 0.0173535 0.0127853 0.008984 0.0059675 0.00371045
 0.00871287 0.0141548 0.021298 0.0300548 0.0400899 0.0506667 0.0606234 0.0686618 0.0738278 0.0758272 0.074966 0.0718546 0.0671392 0.0613759 0.0550024 0.0483441 0.0416357 0.0350535 0.0287487 0.022865 0.0175408 0.0128974 0.00902316 0.00595728 0.00367906
 0.00866442 0.0140758 0.0211804 0.0298953 0.0398954 0.05046 0.060443 0.0685515 0.0738165 0.0759102 0.0751019 0.0719827 0.067209 0.0613706 0.0549445 0.0482819 0.0416192 0.0351126 0.0288814 0.0230414 0.0177184 0.0130402 0.00911421 0.0060001 0.00368927
 0.00855259 0.0139058 0.0209465 0.0296002 0.0395495 0.0500805 0.0600552 0.0681901 0.0735248 0.0757319 0.075067 0.0720939 0.0674362 0.0616612 0.0552444 0.0485566 0.0418625 0.035338 0.0291048 0.0232662 0.0179322 0.0132233 0.00925146 0.00608833 0.00373681
 0.00870504 0.0141193 0.0212043 0.0298653 0.0397753 0.0502272 0.0601027 0.0681403 0.0733949 0.0755454 0.0748494 0.0718715 0.0672338 0.0614964 0.0551227 0.0484719 0.0418044 0.0353005 0.0290888 0.0232746 0.0179631 0.0132672 0.00929562 0.00612273 0.00375783
 0.0086964 0.0141361 0.0212842 0.0300555 0.0401124 0.0507094 0.0606718 0.0686912 0.0738123 0.0757488 0.0748193 0.0716454 0.0668808 0.0610892 0.054719 0.0481083 0.0414977 0.0350544 0.0289004 0.023139 0.017874 0.0132159 0.00927079 0.00611307 0.00375465
 0.00877414 0.0142345 0.0213831 0.0301257 0.0401315 0.0506822 0.0606392 0.0687145 0.0739377 0.0759742 0.0750881 0.0718732 0.066998 0.0610701 0.0545837 0.0479032 0.0412721 0.034845 0.0287272 0.0230085 0.0177843 0.0131603 0.00924064 0.00609923 0.00374949
 0.00876665 0.0142278 0.0213818 0.0301335 0.0401461 0.0506906 0.0606192 0.068647 0.0738246 0.0758475 0.0749993 0.0718654 0.0670785 0.0612061 0.0547228 0.0480027 0.0413161 0.0348429 0.0287004 0.0229772 0.0177606 0.0131481 0.00923818 0.00610251 0.00375465
 0.00854866 0.0138977 0.0209312 0.0295735 0.0395072 0.0500192 0.0599736 0.0680897 0.0734111 0.0756149 0.0749626 0.0720211 0.0674105 0.0616845 0.055301 0.0486196 0.0419096 0.0353655 0.0291292 0.0233114 0.0180122 0.0133327 0.00936944 0.00619191 0.00381197
 0.00875094 0.0141733 0.0212477 0.0298691 0.0397087 0.0500716 0.0598625 0.0678443 0.0730865 0.0752689 0.0746384 0.0717448 0.0671969 0.0615441 0.0552405 0.0486372 0.0419903 0.0354833 0.0292552 0.0234236 0.0181004 0.0133964 0.00941332 0.00622124 0.00383097
 0.00907777 0.0147224 0.0221008 0.031096 0.0413317 0.0520192 0.0619417 0.0697632 0.0745358 0.0760244 0.074628 0.0710476 0.0659904 0.0600377 0.0536269 0.0470677 0.0405672 0.0342622 0.0282534 0.0226321 0.0174966 0.0129531 0.00910287 0.00601635 0.00370507
#obs surv len freq
 nan nan nan nan nan nan nan nan nan nan nan nan nan nan nan nan nan nan nan nan nan nan nan nan nan
 0.00448653 0.00734901 0.0111804 0.0159984 0.0217008 0.0279778 0.0342928 0.0400242 0.0447028 0.0481647 0.05052 0.0520129 0.0529024 0.0534123 0.0537245 0.0539779 0.0542553 0.0545473 0.0546856 0.0542773 0.0527154 0.0493481 0.0437987 0.03628 0.0276651
 0.00461566 0.00756087 0.0115025 0.0164566 0.0223128 0.0287438 0.0351855 0.0409862 0.0456549 0.0490209 0.0512043 0.0524703 0.0531042 0.0533569 0.0534331 0.0534868 0.0536076 0.0537854 0.0538484 0.0534016 0.05184 0.0485157 0.043054 0.0356605 0.0271916
 0.00477981 0.00782926 0.0119093 0.0170347 0.0230875 0.0297223 0.0363461 0.0422728 0.0469822 0.0502882 0.0523102 0.0533253 0.0536406 0.0535351 0.0532451 0.0529546 0.0527759 0.0527133 0.0526019 0.0520511 0.0504606 0.047188 0.0418577 0.0346618 0.0264269
 0.00497134 0.008143 0.0123859 0.0177135 0.0239993 0.0308771 0.0377207 0.043806 0.0485826 0.0518492 0.053725 0.054496 0.0544825 0.0539821 0.0532553 0.0525152 0.0519061 0.0514626 0.051046 0.0502873 0.0486045 0.0453673 0.0401987 0.0332675 0.0253553
 0.00518259 0.00848809 0.0129086 0.0184559 0.0249945 0.032137 0.039223 0.0454891 0.0503524 0.0535962 0.0553395 0.0558773 0.0555425 0.054646 0.0534637 0.0522287 0.0511116 0.0501806 0.0493367 0.0482538 0.0463897 0.0431422 0.0381387 0.0315187 0.024003
 0.00540824 0.00885943 0.0134758 0.0192684 0.0260915 0.0335321 0.0408888 0.047352 0.0523041 0.0555143 0.0571074 0.0573937 0.0567229 0.0554201 0.0537729 0.052026 0.0503663 0.0488881 0.0475333 0.0460302 0.0438972 0.0405814 0.0357282 0.0294483 0.0223891
 0.00564493 0.00924623 0.0140619 0.0201018 0.0272104 0.0349516 0.0425862 0.0492599 0.0543182 0.057512 0.058966 0.0590038 0.0579931 0.0562778 0.0541608 0.051898 0.049687 0.0476399 0.045733 0.0437505 0.0412819 0.0378413 0.0331076 0.0271695 0.0205965
 0.00589945 0.0096626 0.0146933 0.0209991 0.0284124 0.0364695 0.0443876 0.0512646 0.0564097 0.0595607 0.06085 0.060619 0.0592557 0.0571213 0.0545328 0.0517564 0.0489982 0.0463834 0.0439165 0.0414327 0.0385952 0.0349941 0.0303544 0.024752 0.0186794
 0.00614746 0.0100681 0.0153079 0.0218726 0.0295835 0.037951 0.046151 0.0532338 0.0584712 0.0615851 0.0627126 0.0622133 0.0604975 0.0579477 0.0548975 0.0516234 0.0483382 0.0451767 0.0421658 0.0391869 0.0359731 0.0321923 0.0276222 0.0223336 0.0167478
 0.00638014 0.0104536 0.0159013 0.0227294 0.0307481 0.0394383 0.0479291 0.0552183 0.0605389 0.0635985 0.0645441 0.0637575 0.0616749 0.0587022 0.0551916 0.0514319 0.0476429 0.0439663 0.0404462 0.0370029 0.0334324 0.0294765 0.0249665 0.0199737 0.0148547
 0.00661153 0.0108308 0.0164714 0.0235376 0.0318302 0.0408084 0.0495646 0.0570532 0.0624698 0.0655018 0.0662949 0.0652448 0.0628106 0.0594246 0.055463 0.0512325 0.0469633 0.0428049 0.038816 0.0349489 0.031054 0.0269388 0.022484 0.0177635 0.013077
 0.00683685 0.0112009 0.0170352 0.0243423 0.0329108 0.0421726 0.0511777 0.0588348 0.064307 0.0672728 0.0678889 0.0665716 0.0638007 0.0600278 0.0556462 0.0509775 0.0462637 0.0416648 0.0372544 0.0330131 0.0288376 0.0245911 0.0201971 0.0157316 0.0114431
 0.00706451 0.0115742 0.0176025 0.02515 0.0339937 0.0435378 0.0527896 0.0606095 0.0661244 0.0690003 0.0694054 0.0677828 0.0646441 0.0604699 0.0556752 0.0505951 0.0454786 0.0404914 0.035718 0.0311625 0.0267602 0.0224211 0.0181035 0.013883 0.00996246
 0.00727626 0.0119213 0.01813 0.0259013 0.0350011 0.0448088 0.0542921 0.0622667 0.0678254 0.0706207 0.0708281 0.0689123 0.0654133 0.0608416 0.0556394 0.0501619 0.04467 0.0393357 0.0342513 0.0294378 0.0248601 0.0204644 0.0162356 0.0122464 0.00865857
 0.00743083 0.0121791 0.0185304 0.0264846 0.0358011 0.0458391 0.0555327 0.0636591 0.0692803 0.0720346 0.0721001 0.0699546 0.066158 0.061243 0.0556754 0.0498315 0.0439897 0.0383347 0.0329705 0.0279336 0.0232122 0.0187792 0.0146375 0.0108539 0.00755413
 0.00751821 0.0123198 0.0187403 0.0267802 0.036199 0.0463547 0.0561761 0.0644294 0.0701599 0.0729863 0.0730676 0.0708682 0.0669424 0.0618283 0.0560048 0.0498679 0.0437172 0.037759 0.0321185 0.0268541 0.0219781 0.0174865 0.013395 0.00976313 0.00668531
 0.00759594 0.012441 0.0189133 0.0270095 0.0364856 0.0466964 0.0565677 0.0648642 0.070632 0.0734916 0.0736016 0.0714185 0.0674822 0.062314 0.056381 0.0500771 0.043712 0.0375113 0.0316259 0.0261435 0.0211057 0.0165336 0.0124561 0.00892678 0.00601335
 0.00768772 0.0125842 0.0191171 0.0272777 0.0368151 0.0470757 0.0569764 0.0652747 0.0710166 0.0738307 0.0738896 0.0716631 0.0676959 0.0625031 0.0565364 0.050172 0.0437068 0.0373659 0.0313132 0.0256616 0.0204839 0.01583 0.0117461 0.00828436 0.00549219
 0.00771186 0.0126231 0.0191751 0.0273587 0.0369222 0.0472101 0.0571364 0.0654554 0.0712102 0.0740287 0.0740849 0.0718516 0.0678771 0.0626776 0.0567017 0.0503164 0.0438068 0.0373888 0.0312265 0.0254459 0.0201444 0.0154001 0.0112805 0.00784313 0.00512295
 0.00777106 0.012709 0.0192854 0.0274849 0.0370525 0.0473341 0.0572484 0.0655549 0.0713001 0.0741127 0.0741657 0.0719305 0.0679543 0.0627531 0.0567742 0.0503821 0.0438556 0.0374029 0.0311829 0.0253244 0.0199384 0.0151234 0.0109666 0.00753491 0.00485808
 0.00781465 0.0127741 0.0193723 0.0275892 0.037165 0.0474422 0.0573379 0.0656137 0.0713222 0.0741022 0.0741365 0.0719013 0.0679416 0.0627658 0.0568122 0.0504376 0.0439157 0.0374506 0.0311988 0.0252906 0.0198444 0.0149729 0.0107786 0.00733831 0.00468151
 0.00784483 0.0128218 0.0194412 0.027681 0.0372782 0.0475706 0.0574696 0.0657319 0.0714092 0.0741449 0.0741312 0.0718558 0.0678725 0.0626931 0.056753 0.0504009 0.0439008 0.0374478 0.0311928 0.0252647 0.0197861 0.0148793 0.0106582 0.00720864 0.00456185
 0.00786444 0.0128496 0.0194758 0.0277188 0.0373151 0.047604 0.0574995 0.0657604 0.0714378 0.0741724 0.0741533 0.0718667 0.0678692 0.0626771 0.056731 0.050382 0.0438917 0.0374492 0.0311984 0.0252636 0.0197672 0.0148368 0.0105944 0.00713344 0.00448821
 0.00786718 0.0128519 0.0194752 0.0277116 0.0372971 0.047572 0.0574533 0.0657038 0.0713788 0.0741214 0.0741205 0.0718588 0.0678864 0.0627143 0.0567805 0.0504369 0.0439479 0.0375043 0.0312493 0.0253048 0.0197922 0.0148409 0.0105779 0.00710203 0.00445103
 0.00788977 0.0128838 0.0195139 0.0277517 0.037331 0.0475919 0.0574537 0.065682 0.0713358 0.0740625 0.0740541 0.0717957 0.0678371 0.0626861 0.0567753 0.0504518 0.0439769 0.0375408 0.031287 0.0253381 0.019816 0.0148515 0.0105747 0.00708772 0.00443099
 0.00786937 0.012852 0.0194685 0.0276915 0.0372558 0.0475028 0.0573533 0.0655756 0.0712311 0.0739689 0.0739817 0.071753 0.0678299 0.0627162 0.0568401 0.0505449 0.0440886 0.0376602 0.0314033 0.025442 0.0199008 0.0149134 0.0106136 0.00710701 0.00443637
 0.00788377 0.0128687 0.0194814 0.027691 0.0372316 0.0474486 0.0572698 0.0654709 0.0711179 0.07386 0.0738876 0.0716813 0.0677856 0.0627027 0.0568588 0.050594 0.0441633 0.0377522 0.0315026 0.0255382 0.019985 0.0149798 0.01066 0.00713509 0.00445024
 0.00786781 0.0128468 0.0194555 0.0276643 0.0372066 0.0474239 0.0572395 0.0654263 0.0710529 0.0737757 0.0737937 0.0715927 0.0677174 0.0626654 0.0568567 0.0506262 0.0442249 0.0378357 0.0315986 0.0256363 0.0200755 0.0150554 0.0107168 0.00717305 0.00447253
 0.00787939 0.0128568 0.0194549 0.0276404 0.0371478 0.0473264 0.0571114 0.0652862 0.0709219 0.0736692 0.0737172 0.0715445 0.0676941 0.0626656 0.0568818 0.0506775 0.0443012 0.0379322 0.0317073 0.0257476 0.0201798 0.0151446 0.0107863 0.00722203 0.00450347
 0.00786762 0.012842 0.0194399 0.0276289 0.0371414 0.0473212 0.0570967 0.0652486 0.0708527 0.0735711 0.0736051 0.071439 0.0676131 0.0626187 0.0568705 0.0506986 0.0443497 0.0380027 0.0317933 0.025841 0.0202717 0.0152268 0.010853 0.00727097 0.00453578
 0.00782622 0.0127739 0.0193367 0.0274841 0.0369537 0.0470987 0.056859 0.0650231 0.0706668 0.0734426 0.0735385 0.0714291 0.0676519 0.0626996 0.0569882 0.0508469 0.0445203 0.0381854 0.0319775 0.0260166 0.0204298 0.0153603 0.0109579 0.00734694 0.00458602
 0.00778883 0.0127115 0.0192399 0.0273434 0.036762 0.0468548 0.0565724 0.0647156 0.0703701 0.0731918 0.0733641 0.0713495 0.0676696 0.0628037 0.0571597 0.0510646 0.044765 0.0384404 0.0322283 0.0262507 0.0206366 0.0155324 0.0110918 0.00744339 0.00464985
 0.00776323 0.0126674 0.019169 0.0272362 0.03661 0.0466539 0.0563257 0.0644359 0.0700783 0.0729149 0.0731305 0.0711855 0.067595 0.0628268 0.0572759 0.0512577 0.0450115 0.038715 0.0325078 0.0265157 0.0208724 0.0157293 0.0112451 0.00755403 0.00472327
 0.00773727 0.012624 0.0191014 0.0271372 0.0364734 0.0464763 0.0561096 0.0641902 0.0698184 0.0726602 0.0729025 0.0710055 0.067482 0.0627952 0.0573321 0.0513983 0.0452227 0.0389749 0.0327903 0.0267955 0.0211282 0.0159461 0.0114155 0.00767776 0.00480573
 0.00931516 0.0148319 0.0217642 0.0298717 0.0387992 0.0479941 0.0566414 0.0638058 0.0687534 0.0711958 0.0712778 0.0693862 0.0659682 0.0614426 0.0561694 0.0504365 0.0444598 0.0383974 0.0323756 0.0265146 0.0209502 0.0158418 0.01136 0.00765163 0.00479547
 0.00929815 0.0150967 0.0226781 0.0318899 0.0422666 0.0528773 0.0623584 0.0693215 0.0729466 0.0733015 0.0711392 0.0673969 0.0628001 0.0577589 0.0524611 0.0469959 0.0414281 0.0358253 0.0302647 0.0248403 0.0196716 0.0149074 0.0107114 0.00722761 0.00453674
 0.00894702 0.0145442 0.0219023 0.0309399 0.0413157 0.0522599 0.0625307 0.0706994 0.0756594 0.0770072 0.0750663 0.0706376 0.0646894 0.0581051 0.051517 0.0452467 0.0393616 0.0337983 0.0284785 0.0233766 0.0185395 0.0140777 0.0101366 0.0068535 0.00430969
 0.00879855 0.01429 0.0214967 0.0303349 0.0404795 0.0512092 0.061373 0.0696616 0.0750702 0.0772065 0.076252 0.0727203 0.0672585 0.0605619 0.0533183 0.046114 0.0393378 0.0331485 0.0275303 0.0223966 0.0176872 0.0134165 0.00966756 0.00654632 0.00412372
 0.00872611 0.0141674 0.0213023 0.0300431 0.0400629 0.0506456 0.060657 0.0688217 0.0741878 0.0764298 0.0757868 0.0727777 0.0679615 0.0618547 0.0549429 0.0476942 0.0405327 0.0337849 0.0276367 0.0221394 0.0172668 0.0129894 0.00931887 0.00630041 0.00396939
 0.00868014 0.0140938 0.021193 0.0298901 0.039858 0.05038 0.0603226 0.0684138 0.0737104 0.0759054 0.0752694 0.072362 0.0677732 0.0620101 0.0554876 0.0485543 0.0415217 0.0346743 0.0282528 0.0224259 0.0172801 0.0128438 0.00912431 0.0061275 0.00384568
 0.00869723 0.0141145 0.0212112 0.0298951 0.039837 0.0503216 0.0602193 0.0682618 0.0735082 0.0756528 0.0749713 0.0720372 0.0674647 0.061787 0.0554288 0.0487141 0.0418922 0.0351731 0.0287522 0.0228091 0.0174898 0.0128933 0.00907144 0.00603636 0.00376045
 0.0086811 0.0140947 0.0211926 0.0298851 0.0398415 0.0503404 0.0602428 0.0682724 0.0734863 0.0755835 0.0748491 0.0718671 0.0672623 0.0615806 0.0552598 0.0486307 0.0419312 0.0353381 0.0290035 0.0230767 0.0177056 0.01302 0.00911216 0.00602054 0.00372228
 0.00866037 0.0140614 0.0211438 0.0298195 0.0397616 0.0502535 0.0601612 0.0682102 0.0734527 0.0755773 0.0748575 0.0718708 0.067245 0.0615367 0.0551991 0.0485768 0.0419145 0.0353825 0.0291129 0.0232297 0.0178638 0.013147 0.00918921 0.00605078 0.00372217
 0.0086719 0.014076 0.021158 0.0298275 0.0397565 0.05023 0.0601181 0.0681518 0.0733882 0.0755182 0.0748129 0.0718439 0.0672309 0.0615255 0.0551821 0.0485527 0.0418926 0.0353787 0.0291405 0.0232906 0.0179456 0.013229 0.00925303 0.00608861 0.00373717
 0.00866218 0.0140641 0.0211472 0.0298224 0.0397609 0.0502442 0.0601369 0.0681657 0.0733875 0.0754981 0.074776 0.0717989 0.0671881 0.0614916 0.0551583 0.0485365 0.0418818 0.0353752 0.0291496 0.0233164 0.0179867 0.0132772 0.00929757 0.00612132 0.00375588
 0.00865339 0.0140499 0.0211261 0.029794 0.0397265 0.0502076 0.0601047 0.0681448 0.0733823 0.0755073 0.0747928 0.0718146 0.0671966 0.0614919 0.0551538 0.0485316 0.0418799 0.0353783 0.0291594 0.0233345 0.0180129 0.0133085 0.00932863 0.00614693 0.00377327
 0.00863032 0.0140143 0.0210762 0.0297295 0.039649 0.0501207 0.0600143 0.0680598 0.0733131 0.0754636 0.0747809 0.0718347 0.0672425 0.0615538 0.0552211 0.048597 0.0419399 0.0354326 0.0292091 0.0233809 0.0180566 0.0133489 0.00936379 0.0061748 0.00379285
 0.00864066 0.0140275 0.0210895 0.029738 0.0396472 0.0501045 0.0599828 0.0680157 0.0732616 0.0754114 0.0747346 0.0718001 0.0672237 0.0615518 0.0552339 0.0486201 0.0419681 0.0354619 0.0292375 0.023408 0.0180826 0.0133734 0.00938586 0.00619306 0.0038064
 0.008621 0.0140004 0.0210575 0.0297061 0.0396205 0.0500858 0.0599704 0.0680042 0.0732454 0.0753877 0.0747056 0.0717716 0.0672028 0.0615442 0.055242 0.0486429 0.0420019 0.0355016 0.0292785 0.0234468 0.0181174 0.0134033 0.00941041 0.00621208 0.00382001
 0.008621 0.0140004 0.0210575 0.0297061 0.0396205 0.0500858 0.0599704 0.0680042 0.0732454 0.0753877 0.0747056 0.0717716 0.0672028 0.0615442 0.055242 0.0486429 0.0420019 0.0355016 0.0292785 0.0234468 0.0181174 0.0134033 0.00941041 0.00621208 0.00382001
 0.00860894 0.013979 0.0210222 0.0296527 0.0395473 0.049996 0.0598741 0.067916 0.0731794 0.0753519 0.0746992 0.0717877 0.0672332 0.0615832 0.0552874 0.0486943 0.0420587 0.0355617 0.0293385 0.0235032 0.018167 0.0134444 0.00944253 0.00623561 0.00383605
 0.00897054 0.0145493 0.0218449 0.0307483 0.0409003 0.0515391 0.0614784 0.0694016 0.0743533 0.0760606 0.0748686 0.0714327 0.0664396 0.0604773 0.0540063 0.0473637 0.0407797 0.0344051 0.0283455 0.0226906 0.0175331 0.0129745 0.00911336 0.00601945 0.00370407
#pred catch len freq
 0.00310674 0.00507216 0.00770741 0.0110736 0.0152177 0.0201185 0.0256275 0.0314683 0.0372973 0.0427751 0.0476154 0.0516185 0.0546958 0.0568705 0.0582499 0.0589916 0.0592785 0.0592858 0.0590997 0.0585851 0.0572784 0.0544511 0.0494314 0.0420679 0.033016
 0.00335594 0.00540817 0.00808738 0.0114202 0.015447 0.0201805 0.025533 0.0312807 0.0370931 0.0426006 0.0474697 0.0514729 0.0545341 0.0567202 0.0581834 0.0590946 0.0596011 0.0597979 0.0596774 0.059042 0.0574364 0.0542187 0.0488477 0.0412819 0.0322153
 0.00343237 0.00557432 0.00840887 0.0119681 0.0162613 0.0212243 0.0266693 0.032302 0.0378019 0.0428944 0.0473731 0.0511 0.0540173 0.0561606 0.0576472 0.0586346 0.0592653 0.0596093 0.0596013 0.0589754 0.0572425 0.0537942 0.0481818 0.0404657 0.0313949
 0.00356801 0.00577786 0.00868949 0.0123383 0.0167524 0.0218967 0.0275995 0.0335361 0.0392928 0.0444677 0.0487629 0.052049 0.054382 0.0559556 0.0570103 0.0577502 0.0582986 0.0586711 0.0587349 0.0581581 0.0564076 0.0528775 0.0471714 0.0394232 0.0304288
 0.00372728 0.00603695 0.00907854 0.0128828 0.0174663 0.0227763 0.0286233 0.0346757 0.040528 0.045785 0.0501254 0.0533558 0.0554599 0.0566082 0.0571019 0.0572672 0.0573476 0.0574209 0.0573439 0.0567278 0.0549781 0.0514586 0.0457858 0.0381295 0.0293092
 0.00392553 0.00635223 0.00954136 0.0135204 0.0183018 0.0238247 0.0298816 0.0361125 0.042079 0.047362 0.0516344 0.0547111 0.0565817 0.0574075 0.0574745 0.0571173 0.0566323 0.0561824 0.0557017 0.054836 0.0529825 0.0494791 0.0439244 0.0364807 0.0279533
 0.00413849 0.00669859 0.0100634 0.0142587 0.0192894 0.025077 0.0313845 0.0378165 0.0439027 0.0492033 0.0533827 0.0562581 0.0578304 0.0582763 0.0578942 0.0570261 0.0559812 0.0549565 0.0539462 0.0526658 0.050567 0.0470129 0.0415965 0.0344495 0.0263241
 0.00439342 0.00710594 0.0106649 0.0150929 0.0203901 0.0264674 0.033066 0.0397544 0.0460188 0.0513778 0.0554685 0.0581032 0.059301 0.0592721 0.0583491 0.056899 0.0552467 0.053607 0.0520092 0.0502288 0.0477909 0.0441203 0.038834 0.0320359 0.0244027
 0.00457986 0.00741508 0.0111422 0.0157873 0.0213474 0.027719 0.0346155 0.0415692 0.0480305 0.0534892 0.0575609 0.0600438 0.0609525 0.0605062 0.0590603 0.0570122 0.0547171 0.0524195 0.0501863 0.0478485 0.0450054 0.0411558 0.0359586 0.0295 0.0223775
 0.00484304 0.00782477 0.0117271 0.0165676 0.022339 0.028937 0.0360697 0.0432527 0.0499059 0.0554812 0.0595599 0.0619195 0.0625723 0.0617492 0.059824 0.0572136 0.0542943 0.0513375 0.0484502 0.0455233 0.0422352 0.0381662 0.0330269 0.0268939 0.0202862
 0.00504073 0.00815744 0.0122482 0.0173328 0.0233938 0.0302973 0.0377065 0.0450902 0.0518404 0.0574063 0.061383 0.0635623 0.063961 0.0628073 0.0604722 0.0573743 0.0538988 0.0503354 0.046826 0.0433203 0.0395783 0.0352677 0.0301587 0.024326 0.0182148
 0.00521266 0.00844952 0.0127128 0.018031 0.0243876 0.0316338 0.0393957 0.0470867 0.054037 0.0596458 0.0634861 0.0653648 0.0653446 0.06371 0.0608736 0.0572697 0.0532773 0.0491779 0.0451226 0.0411018 0.0369484 0.0324166 0.0273404 0.0218 0.0161736
 0.00543328 0.0088157 0.0132793 0.0188574 0.025531 0.0331347 0.0412586 0.049265 0.0564271 0.0620936 0.0658043 0.0673586 0.0668452 0.0646041 0.0611168 0.0568761 0.0522929 0.0476536 0.0431058 0.038654 0.0341764 0.0294948 0.0244995 0.0192771 0.0141452
 0.00576003 0.00932267 0.0139992 0.0198105 0.0267294 0.0345862 0.0429629 0.0512009 0.0585375 0.0642776 0.0679196 0.0692388 0.0683247 0.0655459 0.0614334 0.0565376 0.0513209 0.0461058 0.0410613 0.0362107 0.0314638 0.0266865 0.0218061 0.0169073 0.0122508
 0.00602819 0.00975303 0.0146361 0.0206903 0.0278731 0.035989 0.0445848 0.0529669 0.0603529 0.0660476 0.0695611 0.0706764 0.0694807 0.0663358 0.0617734 0.0563613 0.0505955 0.0448405 0.0393083 0.0340636 0.0290572 0.0241935 0.0194231 0.0148195 0.010588
 0.00618253 0.0100103 0.015036 0.021276 0.0286849 0.0370523 0.045895 0.054479 0.0619812 0.0676783 0.0710737 0.0719657 0.0704712 0.0669814 0.0620458 0.0562364 0.0500504 0.0438633 0.0379151 0.0323131 0.0270583 0.0220998 0.0174117 0.0130551 0.00918365
 0.00628575 0.0101815 0.0153015 0.0216663 0.0292338 0.0377917 0.0468455 0.0556376 0.0633105 0.0691019 0.0724817 0.0732331 0.0714832 0.0676557 0.0623411 0.0561448 0.0495818 0.0430342 0.0367501 0.0308589 0.0253978 0.0203564 0.015733 0.0115812 0.00801092
 0.00637293 0.0103025 0.0154467 0.0218184 0.0293787 0.0379337 0.0470176 0.0558975 0.0637217 0.0697072 0.0732809 0.0741742 0.0724699 0.0685689 0.0630649 0.0565895 0.0496942 0.0427971 0.0361764 0.0299895 0.0243048 0.0191429 0.014523 0.0104941 0.00713265
 0.00645208 0.0104173 0.0155928 0.0219798 0.0295293 0.0380424 0.0470577 0.0558595 0.0636276 0.0696166 0.0732796 0.0743441 0.0728522 0.0691398 0.0637385 0.0572428 0.0502028 0.0430649 0.0361523 0.0296719 0.0237384 0.0184107 0.0137306 0.00974661 0.00650973
 0.00655298 0.0105668 0.0157902 0.0222143 0.0297812 0.0382872 0.047268 0.0560081 0.0636918 0.0695869 0.0731715 0.0742029 0.0727456 0.0691345 0.06387 0.0574944 0.0505063 0.0433232 0.0362733 0.0295979 0.023462 0.0179739 0.0132094 0.0092266 0.00606115
 0.00662452 0.0106811 0.0159577 0.0224406 0.0300636 0.0386092 0.0475973 0.0563 0.0639002 0.0696792 0.0731385 0.0740622 0.0725377 0.068915 0.0636957 0.0574058 0.0505101 0.0433856 0.0363312 0.0295843 0.0233341 0.0177297 0.0128856 0.00888128 0.00574968
 0.00661868 0.0106894 0.0160031 0.0225563 0.0302843 0.0389581 0.0480722 0.0568655 0.0644906 0.0702112 0.0735303 0.0742547 0.0725116 0.0686961 0.0633466 0.0570051 0.0501277 0.0430617 0.0360682 0.029355 0.0231024 0.0174731 0.012607 0.0086049 0.00550624
 0.00661659 0.0106761 0.0159669 0.0224847 0.0301742 0.0388266 0.0479623 0.056837 0.064597 0.0704719 0.0739158 0.0746927 0.0729122 0.0689832 0.0634815 0.0569938 0.0500103 0.0428908 0.035886 0.0291804 0.0229337 0.0173009 0.0124283 0.00842855 0.00534851
 0.00657613 0.0106224 0.0159071 0.0224304 0.0301349 0.0388025 0.0479424 0.0568078 0.0645575 0.0704443 0.07394 0.074804 0.0731165 0.0692467 0.0637436 0.0571948 0.0501155 0.0428994 0.0358216 0.0290738 0.0228083 0.0171691 0.0122969 0.00830436 0.00523997
 0.00669029 0.0107754 0.0160782 0.0225825 0.0302274 0.0388105 0.047869 0.0566813 0.0644146 0.0703136 0.0738363 0.0747356 0.0730929 0.069277 0.0638263 0.0573093 0.0502274 0.0429754 0.0358435 0.0290428 0.0227384 0.0170782 0.0122 0.0082127 0.00516143
 0.00671973 0.0108343 0.0161849 0.0227551 0.0304726 0.0391099 0.0481732 0.0569217 0.064531 0.0702821 0.0736791 0.074507 0.0728527 0.0690703 0.0636759 0.0572182 0.0501832 0.0429557 0.0358245 0.0290075 0.0226814 0.0170045 0.0121201 0.00813728 0.00509809
 0.0066315 0.0106953 0.015986 0.0224956 0.0301653 0.0387857 0.0478798 0.0567108 0.0644377 0.070307 0.073789 0.0746552 0.0730049 0.0692176 0.0638289 0.0573906 0.0503781 0.0431622 0.0360224 0.0291756 0.0228058 0.0170818 0.0121568 0.00814554 0.00509086
 0.00661584 0.0106584 0.0159091 0.0223541 0.0299351 0.0384536 0.0474554 0.0562327 0.0639699 0.0699245 0.0735555 0.0746021 0.0731224 0.0694631 0.0641486 0.0577395 0.0507281 0.0434977 0.0363312 0.029445 0.0230241 0.017243 0.0122633 0.00820699 0.00512067
 0.00667583 0.0107413 0.0160059 0.0224443 0.0299889 0.0384375 0.0473389 0.0559975 0.0636194 0.0694909 0.0730991 0.074199 0.072842 0.0693463 0.0641968 0.0579202 0.0509926 0.0437978 0.0366299 0.029717 0.0232534 0.0174214 0.0123898 0.00828771 0.00516626
