SBPRF35
12.7214
Curr Bio
911882
B35
867832
F35
0.172364
FOFL
0.172364
OFL
129134
Bzero
3.63469e+006
#pred survey bio
 2.9261e+006 2.67226e+006 2.43235e+006 2.20753e+006 1.97756e+006 1.75629e+006 1.57204e+006 1.38138e+006 1.19606e+006 1.04127e+006 925582 838400 763785 704988 651623 615499 582715 563838 553848 538592 534282 522834 523611 532297 531291 532579 532728 538639 549937 560569 573124 580026 594907 596875 610160 616886 626599 626432 634079 633330 643796 663176 673436 673751 672780 673290 675927 722527 752768 796232 830329 848396 879729 894332 908715 906573 900763 917546 2.12771e+007 1.97276e+007 2.023e+007 2.10657e+007 2.20952e+007 2.31695e+007 2.41836e+007 2.50791e+007 2.58343e+007 2.64509e+007 2.69429e+007 2.73295e+007 2.76301e+007 2.78623e+007 2.80412e+007 2.81787e+007 2.82847e+007 2.83665e+007 2.84298e+007 2.8479e+007 2.85174e+007 2.85475e+007 2.85711e+007 2.85898e+007 2.86046e+007 2.86164e+007 2.86259e+007 2.86334e+007 2.86394e+007 2.86443e+007 2.86482e+007 2.86514e+007 2.86539e+007 2.8656e+007 2.86577e+007 2.86591e+007 2.86602e+007 2.86611e+007 2.86619e+007 2.86625e+007 2.8663e+007 2.86634e+007 2.86637e+007 2.8664e+007 2.86642e+007 2.86644e+007 2.86646e+007 2.86647e+007 2.86648e+007 2.86649e+007 2.86649e+007 2.8665e+007 2.8665e+007 2.86651e+007 2.86651e+007 2.86651e+007 2.86651e+007 2.86652e+007 2.86652e+007 2.86652e+007 2.86652e+007 2.86652e+007 2.86652e+007 2.86652e+007 2.86652e+007 2.86652e+007 2.86652e+007 2.86652e+007 2.86652e+007 2.86652e+007 2.86652e+007 2.86652e+007 2.86652e+007 2.86652e+007 2.86652e+007 2.86652e+007 2.86652e+007 2.86652e+007 2.86652e+007 2.86652e+007 2.86652e+007 2.86652e+007 2.86652e+007 2.86652e+007 2.86652e+007 2.86652e+007 2.86652e+007 2.86652e+007 2.86652e+007 2.86652e+007 2.86652e+007 2.86652e+007 2.86652e+007 2.86652e+007 2.86652e+007 2.86652e+007 2.86652e+007 2.86652e+007 2.86652e+007 2.86652e+007 0 0 0 0 0 0 0 0 0 0 0 0 0 0 0 0 0 0 0 0 0 0 0 0 0
#obs survey bio
 2.53466e+006 2.67558e+006 3.24528e+006 2.60726e+006 2.21672e+006 1.64844e+006 1.2379e+006 1.19883e+006 1.12329e+006 726942 768428 951860 634274 753457 809627 475344 557904 493308 561221 367384 652596 566151 430867 497107 654533 385726 505583 380602 559032 632307 559102 803326 569156 738366 489159 601929 534756 822234 645004 669239 510026 612315 734594 703102 575297 670496 565546 811687 777306 784835 856717 820457 751923 872806 953607 816229 1.2448e+006 736566
#pred catch bio
 269745 272946 275322 294558 300210 278894 293533 293209 267208 232582 206849 193476 176143 167059 148223 142023 127254 117718 120395 109756 114110 102179 95601.4 103942 101841 102837 98286.3 94991.2 97115.8 96676.1 101653 94593.2 105102 95755 102615 101030 109654 103006 110269 101590 96475.2 106152 114521 114642 112714 110823 75745.8 92941.2 84232.9 95258.3 110967 101502 117862 119405 134432 137933 120411 131058 129134 130832 133233 137767 143869 150322 156354 161580 165874 169270 171878 173837 175283 176337 177096 177638 178023 178295 178485 178619 178712 178777 178822 178854 178875 178890 178901 178908 178913 178916 178918 178920 178921 178922 178922 178923 178923 178923 178923 178923 178923 178923 178923 178924 178924 178924 178924 178924 178924 178924 178924 178924 178924 178924 178924 178924 178924 178924 178924 178924 178924 178924 178924 178924 178924 178924 178924 178924 178924 178924 178924 178924 178924 178924 178924 178924 178924 178924 178924 178924 178924 178924 178924 178924 178924 178924 178924 178924 178924 178924 178924 178924 178924 178924 178924 178924 178924 178924 178924 178924 0 0 0 0 0 0 0 0 0 0 0 0 0 0 0 0 0 0 0 0 0 0 0 0 0
#obs catch bio
 233514 273991 276206 294004 299827 279331 296136 296006 270136 234802 209598 195400 176832 167535 147817 142894 128061 118031 120800 110411 115030 102064 95536.6 104135 101632 103383 98365.1 95289.3 97526.2 97238.4 102525 94526.2 105002 95166.3 102786 101399 109970 102918 110276 101299 96727.1 106738 114854 114390 112592 110987 75341.7 93154.3 84168.7 95349.7 111362 101516 118007 119425 134327 138036 119720 131129
#pred cpue bio
 2.88627e+006 2.63331e+006 2.39379e+006 2.16951e+006 1.94042e+006 1.71977e+006 1.53597e+006 1.34646e+006 1.1628e+006 1.00964e+006 895142 809056 735816 678297 626244 590996 559008 540773 531231 516387 512246 501390 502380 510888 509912 511132 511284 517059 527992 538323 550717 557812 572763 574840 587676 594037 603569 603523 611094 610350 620337 639048 649171 649786 649015 649548 652064 697757 727620 770314 803652 821240 851919 866136 880129 877882 871916 887968 2.05876e+007 1.90914e+007 1.9515e+007 2.02728e+007 2.12799e+007 2.23499e+007 2.33632e+007 2.42587e+007 2.50138e+007 2.56304e+007 2.61225e+007 2.6509e+007 2.68096e+007 2.70419e+007 2.72207e+007 2.73583e+007 2.74643e+007 2.7546e+007 2.76093e+007 2.76585e+007 2.76969e+007 2.7727e+007 2.77507e+007 2.77694e+007 2.77842e+007 2.7796e+007 2.78054e+007 2.78129e+007 2.7819e+007 2.78238e+007 2.78278e+007 2.78309e+007 2.78335e+007 2.78356e+007 2.78373e+007 2.78387e+007 2.78398e+007 2.78407e+007 2.78414e+007 2.78421e+007 2.78426e+007 2.7843e+007 2.78433e+007 2.78436e+007 2.78438e+007 2.7844e+007 2.78441e+007 2.78442e+007 2.78443e+007 2.78444e+007 2.78445e+007 2.78445e+007 2.78446e+007 2.78446e+007 2.78446e+007 2.78447e+007 2.78447e+007 2.78447e+007 2.78447e+007 2.78447e+007 2.78447e+007 2.78447e+007 2.78448e+007 2.78448e+007 2.78448e+007 2.78448e+007 2.78448e+007 2.78448e+007 2.78448e+007 2.78448e+007 2.78448e+007 2.78448e+007 2.78448e+007 2.78448e+007 2.78448e+007 2.78448e+007 2.78448e+007 2.78448e+007 2.78448e+007 2.78448e+007 2.78448e+007 2.78448e+007 2.78448e+007 2.78448e+007 2.78448e+007 2.78448e+007 2.78448e+007 2.78448e+007 2.78448e+007 2.78448e+007 2.78448e+007 2.78448e+007 2.78448e+007 2.78448e+007 2.78448e+007 2.78448e+007 2.78448e+007 2.78448e+007 2.78448e+007 2.78448e+007 0 0 0 0 0 0 0 0 0 0 0 0 0 0 0 0 0 0 0 0 0 0 0 0 0
#obs cpue bio
 1.89897e+006 1.7736e+006 1.8395e+006 3.50705e+006 1.6765e+006 1.2389e+006 1.2253e+006 1.43928e+006 992860 1.29209e+006 721563 767012 1.07613e+006 670264 639640 478467 495294 681328 531846 523060 391951 706832 555536 519563 506117 434449 674090 572070 474428 372473 469721 639144 759244 611383 457205 449008 843852 514721 658980 673994 445862 585103 739281 893936 702748 669087 811584 548569 627044 750770 733718 794190 1.19512e+006 817740 1.06299e+006 897711 945282 752510
#pred surv len freq
 0.00484715 0.00791969 0.0120121 0.017133 0.0231703 0.0297998 0.0364602 0.0424924 0.0473849 0.0509356 0.0532297 0.0545008 0.0550073 0.0549729 0.0545717 0.0539323 0.0531505 0.0522901 0.0513422 0.0501415 0.0482983 0.0452572 0.0405436 0.0341043 0.0265025
 0.00519767 0.00844481 0.0127227 0.0180195 0.0242178 0.0310062 0.0378378 0.0440452 0.0490696 0.0526359 0.0547653 0.0556777 0.055685 0.0551115 0.0542355 0.0532499 0.0522526 0.0512539 0.0501672 0.0487692 0.0466714 0.0433879 0.0385487 0.0321794 0.0248475
 0.00535911 0.00875166 0.0132632 0.0188945 0.0255069 0.0327221 0.0398947 0.0462714 0.0512651 0.0546359 0.0564673 0.0570196 0.056607 0.0555455 0.0541309 0.0526095 0.0511428 0.0497761 0.0484127 0.0467932 0.044508 0.0410952 0.036246 0.0300394 0.0230424
 0.00560888 0.00913186 0.013792 0.0195839 0.0263767 0.0338114 0.0412568 0.0479436 0.0532242 0.0567702 0.0585883 0.0589125 0.0580889 0.0564961 0.0544898 0.0523607 0.050307 0.0484102 0.0466032 0.0446428 0.0421276 0.038612 0.0338148 0.0278333 0.0212133
 0.00593869 0.00966261 0.0145785 0.0206682 0.0277745 0.0354968 0.0431543 0.0499407 0.055206 0.0586516 0.0603176 0.0604435 0.059349 0.05738 0.0548836 0.0521756 0.0495011 0.046995 0.0446406 0.0422393 0.0394308 0.0358048 0.0311029 0.0254174 0.0192469
 0.00624696 0.0101701 0.015354 0.0217789 0.029272 0.0373932 0.0453978 0.0524056 0.0577099 0.0609958 0.0623329 0.0620211 0.0604425 0.0579818 0.0549902 0.0517662 0.0485416 0.0454623 0.0425514 0.0396713 0.0365301 0.0327777 0.0281888 0.022843 0.0171746
 0.00643156 0.0104862 0.0158604 0.0225431 0.0303592 0.0388471 0.0472179 0.0545333 0.0600296 0.0633488 0.06454 0.0639088 0.061871 0.0588643 0.0552939 0.0514936 0.0477061 0.0440759 0.0406363 0.0372876 0.0338022 0.0298999 0.0253997 0.0203737 0.01519
 0.00663096 0.0108205 0.0163832 0.023313 0.0314309 0.0402549 0.048958 0.0565527 0.0622286 0.0655937 0.0666789 0.0657874 0.063348 0.0598273 0.0556716 0.0512589 0.0468682 0.0426673 0.0387073 0.0349163 0.0311143 0.0270804 0.0226761 0.0179687 0.013263
 0.00689105 0.0112424 0.0170168 0.0242052 0.032618 0.0417504 0.050738 0.0585485 0.0643329 0.0676775 0.0686093 0.0674411 0.0646187 0.0606302 0.0559464 0.0509718 0.0460124 0.0412631 0.0368036 0.0325974 0.0285103 0.0243716 0.0200768 0.0156853 0.0114413
 0.00722346 0.0117634 0.0177648 0.025204 0.033874 0.043249 0.0524369 0.060375 0.0661891 0.0694551 0.0702041 0.0687629 0.0655947 0.0612048 0.0560794 0.0506368 0.0451972 0.0399736 0.0350719 0.0304931 0.0261507 0.0219223 0.017733 0.0136325 0.00980816
 0.00739869 0.0120657 0.0182508 0.0259344 0.0348964 0.0445734 0.0540155 0.062102 0.0679259 0.071067 0.0715886 0.0698561 0.0663622 0.0616276 0.0561437 0.0503299 0.0445085 0.0389009 0.0336317 0.0287345 0.0241676 0.0198545 0.0157488 0.0118922 0.00842346
 0.00745802 0.0121721 0.0184312 0.0262246 0.0353391 0.0452105 0.0548757 0.0631854 0.0691918 0.0724311 0.0729338 0.0710578 0.0673161 0.0622674 0.0564407 0.0502799 0.0441168 0.0381761 0.0325908 0.0274158 0.0226443 0.0182394 0.0141807 0.0105061 0.00731474
 0.007566 0.0123388 0.0186663 0.0265332 0.0357244 0.0456763 0.0554278 0.0638296 0.0699291 0.07325 0.0738034 0.0719229 0.0681016 0.0628915 0.0568329 0.0503936 0.0439325 0.0376958 0.0318331 0.0264179 0.0214688 0.016978 0.0129459 0.00940799 0.00643268
 0.00760974 0.0124183 0.0188012 0.0267452 0.0360309 0.046081 0.0559144 0.0643642 0.0704734 0.0737766 0.0743023 0.0723958 0.0685469 0.0632905 0.0571464 0.0505701 0.0439223 0.0374651 0.0313721 0.0257446 0.0206306 0.0160495 0.0120191 0.0085733 0.00575638
 0.00779499 0.0126904 0.0191572 0.027166 0.0364886 0.0465516 0.0563839 0.0648258 0.0709177 0.0741849 0.074649 0.072658 0.068715 0.0633694 0.0571464 0.0504932 0.0437563 0.0371868 0.0309604 0.0251949 0.0199649 0.0153174 0.0112891 0.0079154 0.00522284
 0.00786305 0.0128092 0.0193495 0.0274532 0.036881 0.047035 0.0569134 0.0653345 0.0713406 0.0744842 0.0748244 0.0727365 0.0687289 0.063341 0.0570837 0.0503937 0.0436102 0.0369789 0.030674 0.0248196 0.0195065 0.0148039 0.0107673 0.00743749 0.00483031
 0.0078989 0.0128713 0.0194506 0.0276094 0.0371096 0.0473502 0.0573184 0.0658137 0.0718546 0.0749736 0.0752242 0.0729963 0.0688298 0.0632978 0.0569324 0.0501733 0.043348 0.0366865 0.0303504 0.0244598 0.0191114 0.0143876 0.0103572 0.00706719 0.00452788
 0.00794877 0.0129323 0.0195062 0.0276343 0.03708 0.0472585 0.0571847 0.0656841 0.071786 0.0750115 0.0753833 0.0732546 0.0691373 0.0635956 0.0571731 0.0503321 0.0434214 0.0366826 0.030279 0.0243283 0.018928 0.0141659 0.0101191 0.00683935 0.00433391
 0.00799736 0.0130017 0.0195918 0.0277228 0.0371495 0.0472819 0.0571354 0.065547 0.0715695 0.0747542 0.0751481 0.0731078 0.0691219 0.0637142 0.0573893 0.0505883 0.0436617 0.0368678 0.0303903 0.0243632 0.0188942 0.0140785 0.00999877 0.00670938 0.00421524
 0.00805038 0.0130944 0.0197422 0.0279489 0.0374609 0.0476691 0.0575613 0.0659484 0.0718726 0.0748984 0.0751083 0.0729041 0.0688127 0.0633751 0.0570857 0.0503559 0.0435014 0.0367566 0.0302978 0.0242657 0.0187807 0.0139503 0.00986544 0.00658399 0.00410942
 0.00787476 0.0128393 0.0194157 0.0275805 0.0370969 0.0473617 0.0573579 0.0658812 0.0719504 0.0751011 0.0753894 0.0732043 0.069081 0.0635854 0.0572417 0.0504801 0.0436176 0.0368751 0.0304127 0.0243614 0.0188428 0.0139734 0.00985468 0.00655165 0.00406948
 0.00797977 0.0129657 0.019526 0.0276171 0.0370037 0.0471153 0.0569896 0.0654737 0.071606 0.0749009 0.0753642 0.0733313 0.0693016 0.0638325 0.057463 0.0506504 0.0437374 0.0369592 0.030476 0.0244107 0.018877 0.0139889 0.00985113 0.00653382 0.00404515
 0.00805982 0.0130833 0.019677 0.0277828 0.0371477 0.0471845 0.0569236 0.0652261 0.0711728 0.0743398 0.0747872 0.0728661 0.0690414 0.0638032 0.0576252 0.0509283 0.0440541 0.0372603 0.030734 0.0246176 0.0190336 0.0140992 0.0099209 0.00657122 0.00406013
 0.00798918 0.0129844 0.0195575 0.0276586 0.037037 0.0470978 0.0568552 0.065152 0.0710581 0.0741546 0.0745253 0.0725586 0.0687539 0.0636135 0.0575908 0.0510621 0.0443228 0.0376028 0.0310877 0.0249364 0.0192932 0.0142932 0.0100541 0.00665446 0.00410662
 0.00804399 0.0130613 0.0196513 0.0277586 0.0371322 0.0471833 0.0569349 0.0652335 0.0711411 0.0742212 0.0745408 0.0724863 0.068577 0.0633512 0.0572965 0.0508032 0.0441523 0.0375401 0.0311174 0.0250226 0.019398 0.0143889 0.0101272 0.0067027 0.00413426
 0.00800336 0.0130108 0.0196032 0.027732 0.0371455 0.0472439 0.057033 0.0653455 0.0712418 0.0742948 0.0745836 0.072499 0.068556 0.0632889 0.0571906 0.0506672 0.044016 0.0374374 0.0310703 0.025032 0.0194472 0.0144543 0.0101888 0.00674986 0.00416484
 0.00804414 0.0130606 0.0196486 0.0277536 0.0371264 0.0471817 0.0569465 0.0652686 0.071207 0.0743158 0.0746499 0.0725836 0.0686299 0.0633314 0.0571925 0.0506297 0.0439502 0.0373623 0.0310075 0.0249973 0.0194445 0.0144759 0.0102215 0.00678167 0.00418908
 0.00810261 0.013143 0.0197483 0.0278541 0.0372033 0.0472081 0.0569004 0.0651418 0.0710123 0.074089 0.0744399 0.0724351 0.0685659 0.0633462 0.0572593 0.0507155 0.0440295 0.0374235 0.0310522 0.0250341 0.0194816 0.0145163 0.0102626 0.00681825 0.00421721
 0.00804423 0.0130633 0.019656 0.0277652 0.0371344 0.047167 0.0568792 0.0651189 0.0709626 0.0739974 0.0743122 0.0722979 0.0684569 0.0632988 0.0572884 0.0508132 0.0441707 0.0375787 0.0311985 0.02516 0.0195852 0.0146001 0.0103291 0.00686888 0.00425314
 0.00793561 0.0128996 0.0194347 0.0274948 0.0368351 0.046869 0.0566188 0.0649309 0.0708692 0.0739989 0.0743857 0.0724094 0.0685782 0.0634192 0.0574144 0.0509575 0.0443396 0.0377665 0.0313898 0.0253381 0.019738 0.0147226 0.0104217 0.00693509 0.00429751
 0.00773537 0.0125961 0.0190196 0.0269767 0.0362392 0.0462347 0.0559982 0.0643854 0.070461 0.073777 0.0743721 0.0725923 0.0689166 0.0638567 0.0578964 0.0514436 0.0448067 0.0382028 0.0317873 0.025688 0.020032 0.0149558 0.0105953 0.00705569 0.0043753
 0.00766938 0.0124751 0.0188133 0.0266517 0.0357711 0.0456247 0.0552863 0.0636491 0.0697963 0.0732714 0.0740839 0.072542 0.0690905 0.0642152 0.0583842 0.0520011 0.0453807 0.0387533 0.0322884 0.0261247 0.020396 0.0152441 0.0108104 0.00720534 0.00447167
 0.00764764 0.0124234 0.0187047 0.0264491 0.0354342 0.0451231 0.0546148 0.0628385 0.0689162 0.0724223 0.0733783 0.0720793 0.068932 0.0643705 0.0588132 0.0526295 0.0461209 0.0395226 0.0330212 0.0267761 0.0209411 0.0156741 0.011129 0.00742566 0.00461276
 0.00781774 0.0126762 0.0190392 0.0268447 0.0358501 0.045502 0.0548876 0.0629345 0.0687796 0.0720332 0.0727681 0.0713309 0.068162 0.0636986 0.0583314 0.0523814 0.0460982 0.0396778 0.0332876 0.0270882 0.0212465 0.0159392 0.0113377 0.00757588 0.00471168
 0.00781097 0.0126796 0.0190699 0.026925 0.0359983 0.0457189 0.0551468 0.0631827 0.0689501 0.0720657 0.0726275 0.0710186 0.0677174 0.0631931 0.0578522 0.0520101 0.0458889 0.0396442 0.0334044 0.0273042 0.0215038 0.0161887 0.0115477 0.00773338 0.00481799
 0.00771192 0.0125442 0.0189146 0.026783 0.0359134 0.0457327 0.0552851 0.0634449 0.0693047 0.0724521 0.0729669 0.0712335 0.0677559 0.0630462 0.0575583 0.0516424 0.0455329 0.0393713 0.0332531 0.0272749 0.0215671 0.0163019 0.0116712 0.00784048 0.00489707
 0.00763189 0.0124079 0.0187 0.0264716 0.035501 0.0452439 0.0547814 0.0630172 0.0690461 0.0724231 0.0731703 0.0716131 0.0682164 0.0634862 0.0579015 0.051858 0.045637 0.0394118 0.0332848 0.0273364 0.0216701 0.016434 0.0118083 0.00796033 0.00498753
 0.0076411 0.0124218 0.0187178 0.0264888 0.0355075 0.0452226 0.0547118 0.0628852 0.068857 0.0722097 0.0729877 0.0715163 0.0682343 0.0636062 0.0580753 0.0520253 0.0457526 0.0394629 0.0332892 0.027327 0.0216752 0.0164652 0.0118604 0.00801928 0.00503996
 0.00763396 0.0124027 0.0186754 0.0264091 0.0353777 0.0450378 0.0544792 0.062623 0.0685888 0.0719592 0.0727773 0.07137 0.0681777 0.0636581 0.0582355 0.0522676 0.0460315 0.0397312 0.0335159 0.0275043 0.0218126 0.0165767 0.0119549 0.00809831 0.00510158
 0.00780402 0.0126517 0.0189984 0.0267818 0.0357606 0.045385 0.0547471 0.0627762 0.068606 0.0718374 0.0725336 0.0710388 0.0678038 0.0632894 0.0579147 0.052023 0.0458712 0.0396427 0.033475 0.0274878 0.0218065 0.0165767 0.0119613 0.00811053 0.00511666
 0.00783159 0.0127069 0.0190995 0.0269483 0.0360043 0.0456973 0.0550911 0.063092 0.0688286 0.0719207 0.0724653 0.0708399 0.0675172 0.0629646 0.057597 0.051748 0.0456606 0.0395031 0.0333987 0.0274578 0.0218041 0.0165876 0.011977 0.00812708 0.00513182
 0.00762638 0.0124099 0.0187214 0.0265253 0.0355914 0.0453546 0.0548697 0.0630225 0.0689137 0.0721317 0.0727489 0.0711344 0.0677727 0.0631572 0.0577296 0.0518413 0.0457401 0.0395886 0.0334991 0.0275705 0.0219193 0.0166936 0.0120653 0.0081941 0.00517853
 0.00746763 0.0121599 0.0183623 0.0260514 0.0350167 0.0447207 0.0542493 0.0625098 0.068599 0.0720706 0.0729405 0.0715239 0.0682727 0.0636779 0.0582037 0.0522355 0.0460525 0.0398363 0.033704 0.0277487 0.022077 0.0168298 0.0121761 0.00827761 0.00523619
 0.00748238 0.0121657 0.0183372 0.0259638 0.0348334 0.0444209 0.0538379 0.0620242 0.0681048 0.0716473 0.072662 0.0714375 0.0683846 0.0639515 0.0585734 0.0526299 0.0464165 0.0401419 0.0339475 0.0279407 0.0222305 0.0169535 0.0122741 0.00835122 0.00528751
 0.00751533 0.012218 0.0184121 0.0260595 0.0349387 0.0445111 0.0538751 0.061966 0.0679217 0.0713415 0.0722756 0.0710438 0.0680643 0.0637651 0.0585426 0.0527347 0.046609 0.0403677 0.0341642 0.0281256 0.022378 0.0170672 0.0123596 0.00841344 0.00533035
 0.00756993 0.0122971 0.0185136 0.0261755 0.035058 0.0446226 0.0539685 0.0620296 0.0679389 0.0712912 0.0721402 0.070822 0.0677809 0.0634697 0.0582938 0.0525784 0.0465618 0.0404149 0.0342712 0.0282548 0.0225013 0.0171701 0.0124382 0.00846962 0.0053681
 0.00764699 0.0124125 0.0186683 0.0263629 0.0352641 0.0448282 0.0541518 0.0621688 0.0680165 0.071297 0.0720717 0.0706821 0.0675777 0.0632184 0.0580212 0.0523208 0.0463557 0.0402841 0.0342183 0.0282634 0.0225457 0.0172263 0.0124903 0.00851051 0.00539659
 0.00740408 0.0120338 0.0181295 0.0256548 0.0343974 0.0438383 0.0531041 0.0611576 0.0671509 0.0706777 0.0717678 0.0707164 0.0679241 0.0638123 0.0587778 0.0531567 0.0472055 0.0411043 0.0349822 0.028951 0.0231392 0.0177114 0.0128614 0.00877357 0.00556824
 0.00742439 0.0120392 0.0180869 0.0255169 0.0341152 0.0433815 0.0524783 0.060409 0.0663563 0.0699261 0.0711435 0.0702871 0.0677332 0.0638728 0.0590694 0.0536314 0.0477992 0.0417519 0.0356288 0.0295556 0.0236729 0.0181556 0.0132073 0.00902339 0.005734
 0.00736634 0.0119503 0.0179616 0.0253488 0.0338928 0.0430842 0.0520786 0.0598844 0.0657073 0.0691919 0.0704024 0.0696403 0.0672772 0.0636743 0.0591526 0.0539768 0.0483528 0.0424399 0.0363723 0.0302839 0.0243317 0.0187096 0.0136405 0.00933681 0.00594255
 0.00728742 0.0118367 0.0178179 0.0251884 0.0337336 0.0429404 0.051953 0.0597637 0.0655632 0.068989 0.0701146 0.0692684 0.0668604 0.0632849 0.0588741 0.0538766 0.0484603 0.0427406 0.036816 0.0308019 0.0248547 0.019182 0.0140275 0.00962566 0.00613891
 0.00728647 0.0118339 0.0178118 0.0251785 0.033722 0.0429336 0.0519613 0.059796 0.0656186 0.0690487 0.0701415 0.069218 0.0667004 0.0630149 0.0585343 0.0535381 0.0482019 0.0426202 0.0368529 0.0309746 0.0251137 0.0194694 0.0142941 0.00984141 0.00629368
 0.00723177 0.011744 0.0176752 0.0249848 0.0334656 0.0426189 0.0516078 0.0594394 0.0653047 0.0688218 0.0700294 0.0692217 0.0667921 0.0631485 0.0586659 0.0536464 0.048297 0.0427351 0.0370221 0.0312129 0.0254078 0.019784 0.0145883 0.0100839 0.00647095
 0.00721597 0.0117272 0.0176654 0.0249933 0.0335013 0.0426811 0.0516817 0.0594988 0.0653225 0.0687827 0.0699372 0.0690969 0.0666612 0.0630307 0.0585665 0.05356 0.0482191 0.0426719 0.0369917 0.0312348 0.0254893 0.0199137 0.01474 0.0102287 0.00658833
 0.00718983 0.0116858 0.017606 0.0249158 0.0334106 0.0425885 0.0516042 0.059454 0.0653201 0.0688171 0.0699888 0.069141 0.0666803 0.063022 0.0585386 0.0535256 0.0481881 0.0426516 0.0369896 0.03126 0.0255483 0.0200042 0.0148494 0.0103384 0.00668179
 0.00724828 0.0117776 0.0177377 0.0250902 0.0336251 0.0428336 0.0518624 0.0597017 0.0655325 0.0689739 0.0700767 0.0691528 0.0666131 0.0628783 0.0583287 0.053269 0.0479104 0.0423797 0.0367467 0.0310638 0.0254091 0.0199235 0.014819 0.0103428 0.00670334
 0.00740968 0.0120181 0.0180588 0.0254792 0.0340583 0.0432827 0.0522991 0.060098 0.0658609 0.069209 0.070199 0.0691524 0.0664912 0.0626458 0.0580043 0.0528768 0.0474788 0.0419398 0.0363297 0.0306968 0.0251115 0.0197037 0.0146738 0.0102592 0.0066633
 0.00732948 0.0119159 0.0179565 0.0254121 0.0340635 0.0433812 0.0524829 0.0603331 0.0661032 0.0694239 0.070371 0.0692812 0.0665806 0.0626953 0.0580079 0.0528283 0.0473779 0.0417953 0.0361592 0.0305228 0.0249554 0.0195808 0.0145899 0.010211 0.00664155
#obs surv len freq
 0.0049606 0.00812706 0.0123649 0.0176887 0.023973 0.0308525 0.037701 0.0437941 0.0485794 0.051854 0.0537351 0.0545082 0.0544942 0.0539924 0.0532645 0.0525241 0.0519156 0.0514729 0.0510571 0.0502989 0.0486163 0.0453786 0.0402089 0.0332761 0.0253619
 0.00517706 0.00847875 0.0128939 0.0184346 0.024966 0.0321023 0.0391853 0.0454534 0.0503244 0.0535803 0.0553373 0.0558874 0.055561 0.0546684 0.0534864 0.0522497 0.0511306 0.0501982 0.0493538 0.0482707 0.0464063 0.0431581 0.038153 0.0315307 0.0240122
 0.00539667 0.00884033 0.0134465 0.0192265 0.026035 0.0334609 0.0408054 0.0472624 0.0522167 0.0554389 0.0570526 0.0573655 0.056723 0.0554459 0.0538186 0.0520846 0.0504314 0.0489556 0.0476008 0.0460964 0.0439608 0.0406408 0.0357808 0.0294918 0.0224223
 0.0056441 0.00924454 0.0140587 0.0200958 0.0272001 0.0349349 0.0425609 0.0492244 0.0542722 0.0574575 0.0589079 0.058949 0.0579494 0.0562518 0.0541558 0.0519134 0.0497188 0.0476828 0.045782 0.0438014 0.0413318 0.037888 0.0331488 0.0272035 0.0206224
 0.00588951 0.00964585 0.0146671 0.0209608 0.0283601 0.0364031 0.0443098 0.0511807 0.0563262 0.0594837 0.060784 0.0605672 0.0592206 0.0571057 0.0545393 0.0517862 0.0490502 0.0464543 0.0440005 0.0415237 0.0386869 0.0350807 0.0304312 0.0248153 0.0187274
 0.00612555 0.0100362 0.0152667 0.0218248 0.0295326 0.0378998 0.0461001 0.0531824 0.0584186 0.0615317 0.0626609 0.0621673 0.0604613 0.0579251 0.0548915 0.0516364 0.0483715 0.0452298 0.0422359 0.039269 0.0360606 0.032278 0.0276996 0.022398 0.0167969
 0.00636541 0.0104266 0.0158557 0.0226581 0.0306465 0.039308 0.0477801 0.0550678 0.0604059 0.0634972 0.06448 0.0637286 0.061675 0.0587254 0.0552338 0.0514913 0.0477189 0.0440583 0.0405525 0.0371196 0.0335535 0.0295943 0.0250729 0.0200623 0.0149222
 0.00663654 0.0108691 0.0165242 0.0236034 0.0319036 0.04088 0.0496214 0.0570813 0.0624598 0.0654525 0.0662149 0.0651487 0.062713 0.0593361 0.0553894 0.0511761 0.0469252 0.0427859 0.0388161 0.0349664 0.0310852 0.0269781 0.0225251 0.0178009 0.013107
 0.00685537 0.0112328 0.0170862 0.0244182 0.0330155 0.0423044 0.0513273 0.0589844 0.0644339 0.0673555 0.0679132 0.0665348 0.0637117 0.0599036 0.0555066 0.0508395 0.0461395 0.0415612 0.0371743 0.0329565 0.0288022 0.0245729 0.020191 0.0157325 0.011447
 0.00705403 0.0115586 0.0175819 0.0251264 0.0339711 0.0435226 0.0527898 0.0606323 0.0661731 0.0690707 0.0694854 0.067855 0.0646923 0.0604843 0.055656 0.0505507 0.0454218 0.0404349 0.0356712 0.0311303 0.0267436 0.0224178 0.0181094 0.0138933 0.00997336
 0.00727462 0.0119174 0.0181222 0.0258873 0.0349793 0.0447796 0.0542588 0.0622362 0.0678064 0.0706211 0.0708523 0.0689581 0.0654717 0.0608991 0.0556827 0.0501825 0.0446674 0.039316 0.0342242 0.0294123 0.0248422 0.0204561 0.0162356 0.0122515 0.00866551
 0.00743366 0.0121821 0.0185316 0.0264814 0.0357901 0.0458178 0.0555001 0.0636172 0.0692338 0.0719909 0.0720677 0.0699416 0.0661684 0.0612751 0.0557213 0.0498801 0.0440304 0.0383616 0.0329835 0.0279371 0.023212 0.0187801 0.0146413 0.0108601 0.00756107
 0.00753418 0.0123462 0.0187807 0.0268374 0.0362736 0.046443 0.056269 0.0645131 0.07022 0.0730124 0.0730568 0.070826 0.0668806 0.06176 0.055941 0.0498139 0.0436727 0.0377204 0.0320819 0.0268183 0.0219443 0.0174573 0.0133727 0.0097481 0.00667649
 0.00761616 0.0124737 0.0189619 0.0270772 0.0365743 0.0468052 0.0566921 0.0649945 0.0707543 0.0735901 0.0736618 0.0714314 0.0674471 0.0622383 0.0562785 0.0499635 0.0436002 0.0374093 0.0315365 0.0260667 0.0210408 0.0164805 0.0124149 0.00889711 0.00599382
 0.0076712 0.0125586 0.0190814 0.0272323 0.0367625 0.0470213 0.0569285 0.0652437 0.0710116 0.0738567 0.0739445 0.0717373 0.0677754 0.0625735 0.0565876 0.0502007 0.0437158 0.0373614 0.0313017 0.0256476 0.02047 0.0158175 0.0117357 0.00827653 0.00548695
 0.00773176 0.0126525 0.0192137 0.0274043 0.0369708 0.047257 0.0571773 0.0654871 0.0712312 0.0740402 0.0740898 0.0718533 0.0678774 0.0626754 0.0566933 0.0502978 0.0437762 0.0373477 0.0311792 0.025398 0.0201005 0.0153631 0.0112515 0.00782209 0.00510888
 0.00776437 0.0127003 0.0192762 0.0274779 0.0370502 0.0473377 0.0572567 0.0655649 0.0713083 0.0741174 0.0741677 0.0719327 0.0679603 0.0627647 0.0567908 0.0504 0.04387 0.0374096 0.0311804 0.0253141 0.0199232 0.0151071 0.0109519 0.0075233 0.00484993
 0.0078108 0.012769 0.0193668 0.0275851 0.0371648 0.0474483 0.0573522 0.0656365 0.0713514 0.0741336 0.0741643 0.0719208 0.0679508 0.0627655 0.0568058 0.0504285 0.0439058 0.0374396 0.0311857 0.0252747 0.0198264 0.0149546 0.010762 0.00732503 0.004672
 0.00783646 0.0128092 0.0194241 0.0276602 0.0372554 0.0475482 0.057451 0.0657209 0.071409 0.0741571 0.0741547 0.0718867 0.0679056 0.0627229 0.056776 0.0504162 0.0439092 0.037451 0.0311919 0.0252603 0.019779 0.0148703 0.0106489 0.00720032 0.00455539
 0.00787889 0.0128711 0.0195043 0.027753 0.0373527 0.0476418 0.0575348 0.0657904 0.0714606 0.0741869 0.0741594 0.0718653 0.0678612 0.0626632 0.0567117 0.0503576 0.0438632 0.0374183 0.0311671 0.0252336 0.01974 0.0148132 0.0105752 0.0071187 0.0044778
 0.00791181 0.0129243 0.0195834 0.0278616 0.0374902 0.0478012 0.0577007 0.0659418 0.0715762 0.0742526 0.0741717 0.07183 0.0677891 0.0625663 0.0566014 0.0502445 0.0437565 0.0373244 0.0310879 0.0251661 0.0196782 0.0147516 0.0105117 0.00705585 0.00442101
 0.00788832 0.0128868 0.0195284 0.0277877 0.0373994 0.0477007 0.0576036 0.0658645 0.0715335 0.0742516 0.0742097 0.0718966 0.0678711 0.0626521 0.0566829 0.0503173 0.043819 0.0373767 0.0311304 0.0251984 0.0196986 0.0147584 0.0105052 0.0070393 0.00439963
 0.00788807 0.0128793 0.0195042 0.0277342 0.0373047 0.0475598 0.0574233 0.0656649 0.0713436 0.0741014 0.0741222 0.0718823 0.0679265 0.0627622 0.056827 0.0504747 0.0439732 0.0375167 0.0312503 0.0252954 0.0197719 0.0148084 0.0105341 0.00705126 0.00440024
 0.00788587 0.0128742 0.0194934 0.0277131 0.0372667 0.0474968 0.0573277 0.065533 0.0711797 0.0739208 0.07395 0.0717476 0.0678536 0.0627631 0.0568981 0.0505997 0.0441293 0.0376815 0.0314056 0.0254296 0.0198791 0.0148873 0.0105868 0.00708212 0.00441529
 0.00790505 0.0129028 0.0195315 0.0277585 0.0373151 0.0475416 0.0573605 0.0655436 0.0711579 0.0738594 0.0738489 0.0716166 0.0677123 0.0626363 0.0568087 0.0505611 0.0441419 0.0377344 0.0314818 0.0255119 0.0199542 0.0149476 0.0106296 0.0071089 0.00442965
 0.00786399 0.0128387 0.0194403 0.0276387 0.0371689 0.0473756 0.0571866 0.0653777 0.0710168 0.0737563 0.0737893 0.0715986 0.0677296 0.0626829 0.0568816 0.0506606 0.0442682 0.0378833 0.0316437 0.0256727 0.0201 0.0150679 0.0107199 0.00717044 0.00446748
 0.00784796 0.012808 0.0193857 0.0275495 0.0370361 0.0471973 0.0569717 0.0651467 0.0707971 0.0735744 0.073665 0.071541 0.0677375 0.0627473 0.0569897 0.0508 0.0444287 0.038057 0.0318227 0.0258476 0.02026 0.0152034 0.0108252 0.00724497 0.00451524
 0.00783535 0.0127846 0.0193449 0.027483 0.0369351 0.047055 0.0567872 0.0649271 0.0705585 0.073341 0.0734643 0.0713988 0.0676711 0.062762 0.0570788 0.0509476 0.0446157 0.0382648 0.0320353 0.0260518 0.0204445 0.0153595 0.0109476 0.00733317 0.00457313
 0.00778759 0.0127113 0.0192425 0.0273508 0.0367748 0.0468705 0.0565839 0.0647129 0.0703441 0.0731394 0.073291 0.0712703 0.0676031 0.062766 0.0571586 0.0510974 0.0448206 0.0385043 0.0322874 0.0262964 0.0206656 0.0155459 0.0110938 0.00743884 0.00464311
 0.00776865 0.0126739 0.0191746 0.0272382 0.036606 0.0466434 0.056311 0.0644203 0.0700643 0.0729013 0.0731128 0.0711596 0.0675607 0.0627905 0.0572479 0.0512479 0.0450241 0.038747 0.0325504 0.0265587 0.0209077 0.0157529 0.0112575 0.00755808 0.00472263
 0.00775684 0.0126551 0.0191466 0.0271977 0.0365479 0.0465601 0.0561938 0.0642635 0.06987 0.0726831 0.0728951 0.0709704 0.067424 0.0627206 0.0572487 0.0513157 0.0451506 0.0389205 0.0327555 0.026777 0.0211198 0.0159419 0.0114117 0.00767308 0.00480074
 0.00770533 0.0125745 0.0190313 0.0270454 0.0363603 0.0463442 0.0559622 0.0640326 0.0696566 0.0725 0.0727503 0.0708692 0.067372 0.0627241 0.0573127 0.0514402 0.0453297 0.0391422 0.0330039 0.0270333 0.021365 0.016159 0.0115889 0.00780572 0.00489123
 0.00770218 0.0125639 0.0190053 0.0269933 0.0362721 0.0462145 0.0557944 0.0638396 0.0694573 0.0723141 0.0725931 0.07075 0.0672948 0.0626903 0.0573236 0.0514975 0.0454334 0.0392887 0.0331838 0.0272323 0.0215657 0.0163442 0.0117451 0.00792582 0.00497501
 0.0076618 0.0125046 0.0189273 0.0269002 0.0361681 0.0461018 0.0556717 0.0637043 0.0693095 0.0721603 0.072447 0.0706285 0.0672131 0.0626574 0.0573416 0.0515636 0.0455425 0.0394342 0.0333574 0.0274225 0.021758 0.0165232 0.0118979 0.00804469 0.00505892
 0.00764386 0.0124731 0.0188761 0.0268231 0.0360617 0.0459688 0.0555226 0.063555 0.0691756 0.0720512 0.0723634 0.070567 0.0671711 0.0626372 0.0573488 0.051604 0.0456187 0.0395444 0.0334955 0.027579 0.0219205 0.0166781 0.012033 0.00815194 0.00513601
 0.00761742 0.0124346 0.0188262 0.0267647 0.0359979 0.0459008 0.0554492 0.063474 0.0690872 0.0719601 0.0722784 0.0704971 0.0671223 0.0626113 0.0573458 0.0516243 0.0456639 0.0396158 0.0335919 0.027695 0.0220468 0.0168031 0.0121454 0.00824351 0.00520329
 0.00760563 0.0124131 0.0187899 0.0267082 0.035918 0.0457992 0.0553342 0.0633589 0.0689854 0.0718804 0.0722227 0.0704629 0.0671063 0.062612 0.0573632 0.051659 0.0457165 0.0396864 0.0336796 0.0277967 0.0221564 0.016912 0.0122443 0.00832501 0.00526393
 0.00760798 0.0124165 0.0187941 0.026712 0.0359186 0.0457924 0.0553144 0.0633216 0.0689295 0.0718099 0.0721465 0.070391 0.0670467 0.0625687 0.0573373 0.0516503 0.045725 0.0397124 0.0337229 0.0278555 0.0222264 0.0169866 0.0123157 0.00838644 0.00531123
 0.00758259 0.0123804 0.0187492 0.0266634 0.0358729 0.0457552 0.0552881 0.0633046 0.0689173 0.0717971 0.072129 0.0703679 0.067021 0.062546 0.0573231 0.0516487 0.0457377 0.0397396 0.0337636 0.0279078 0.0222869 0.0170503 0.0123766 0.00843902 0.00535203
 0.00755229 0.0123298 0.0186712 0.0265518 0.0357258 0.0455785 0.0550982 0.063126 0.0687759 0.0717112 0.0721036 0.0703958 0.0670876 0.062636 0.0574252 0.0517561 0.0458474 0.0398501 0.0338735 0.028015 0.0223886 0.0171428 0.0124562 0.00850274 0.00539895
 0.00755602 0.0123339 0.0186733 0.0265478 0.03571 0.0455444 0.0550404 0.0630431 0.0686724 0.0715991 0.072 0.0703172 0.0670448 0.0626308 0.0574515 0.0518044 0.0459088 0.0399185 0.0339452 0.0280878 0.0224599 0.0172096 0.0125151 0.00855095 0.00543511
 0.00754058 0.0123136 0.0186514 0.0265299 0.0357016 0.0455479 0.0550524 0.0630545 0.0686719 0.0715775 0.0719547 0.0702542 0.0669766 0.062572 0.0574139 0.0517931 0.0459224 0.0399512 0.0339905 0.0281396 0.0225137 0.0172614 0.0125615 0.00858943 0.00546425
 0.00753074 0.0122965 0.018624 0.0264896 0.0356482 0.0454853 0.0549894 0.063003 0.0686413 0.0715703 0.0719646 0.0702699 0.0669876 0.0625743 0.0574109 0.0517929 0.0459325 0.0399756 0.0340283 0.0281867 0.0225646 0.017311 0.0126058 0.0086256 0.0054913
 0.00752635 0.012288 0.0186089 0.0264645 0.0356096 0.045431 0.0549204 0.062924 0.0685617 0.0715018 0.0719182 0.0702513 0.0669957 0.0626016 0.057448 0.0518328 0.0459732 0.0400184 0.0340753 0.0282379 0.0226177 0.0173621 0.0126509 0.00866213 0.00551824
 0.00750513 0.0122552 0.0185626 0.0264039 0.0355352 0.0453445 0.0548248 0.0628241 0.0684642 0.0714149 0.0718508 0.0702119 0.0669901 0.062631 0.0575075 0.0519135 0.0460647 0.0401124 0.0341665 0.0283238 0.0226963 0.0174313 0.0127086 0.00870688 0.0055502
 0.00749899 0.0122431 0.0185404 0.0263671 0.0354796 0.0452689 0.0547324 0.0627227 0.0683636 0.0713246 0.071778 0.0701614 0.0669653 0.062634 0.0575391 0.0519713 0.046143 0.0402032 0.0342614 0.0284157 0.0227802 0.017504 0.0127679 0.00875222 0.00558222
 0.00749899 0.0122431 0.0185404 0.0263671 0.0354796 0.0452689 0.0547324 0.0627227 0.0683636 0.0713246 0.071778 0.0701614 0.0669653 0.062634 0.0575391 0.0519713 0.046143 0.0402032 0.0342614 0.0284157 0.0227802 0.017504 0.0127679 0.00875222 0.00558222
 0.00723403 0.0118266 0.0179417 0.025571 0.0344943 0.0441344 0.0535281 0.0615636 0.0673808 0.0706335 0.0714515 0.0702172 0.0673694 0.0633166 0.0584123 0.0529467 0.0471428 0.0411656 0.0351415 0.0291836 0.0234193 0.0180094 0.0131454 0.00901645 0.00575403
 0.00723114 0.0117868 0.0178176 0.025298 0.0340086 0.043401 0.0525649 0.0604485 0.0662347 0.0695921 0.0706361 0.0697159 0.0672268 0.0635303 0.0589373 0.0537066 0.048046 0.0421214 0.0360717 0.0300293 0.024142 0.0185904 0.0135835 0.00932449 0.0059546
 0.00720054 0.011748 0.0177763 0.0252593 0.0339653 0.043322 0.0523928 0.0601151 0.0656936 0.0688518 0.0697734 0.0688586 0.066516 0.0630802 0.0588091 0.0539012 0.0485131 0.0427776 0.0368215 0.0307835 0.0248306 0.0191684 0.0140316 0.00964503 0.00616549
 0.00717453 0.0117074 0.0177194 0.0251869 0.0338827 0.043238 0.0523153 0.060042 0.0656035 0.0687021 0.0695166 0.0684707 0.0660223 0.0625595 0.0583704 0.0536448 0.0484964 0.0430006 0.0372337 0.0313047 0.0253761 0.0196684 0.0144423 0.00995027 0.00637138
 0.00716138 0.0116901 0.0177005 0.0251713 0.0338754 0.0432421 0.0523303 0.0600638 0.0656242 0.0687088 0.0694882 0.0683787 0.0658403 0.0622803 0.0580226 0.0532939 0.0482256 0.0428786 0.0372888 0.0315168 0.0256888 0.020013 0.0147598 0.0102048 0.00655201
 0.0071389 0.0116567 0.0176564 0.0251192 0.0338206 0.043192 0.0522931 0.0600465 0.0656305 0.068736 0.0695259 0.0684089 0.0658398 0.0622265 0.0579033 0.0531186 0.0480303 0.0427181 0.0372153 0.0315576 0.0258351 0.0202259 0.0149891 0.0104085 0.00670736
 0.00713568 0.0116534 0.0176549 0.0251225 0.0338321 0.0432141 0.0523262 0.0600892 0.0656794 0.068787 0.0695735 0.0684458 0.0658559 0.0622096 0.0578416 0.0530073 0.0478785 0.0425523 0.0370742 0.0314778 0.025835 0.020298 0.0151054 0.0105344 0.00681598
 0.00716601 0.0117039 0.0177329 0.0252349 0.0339832 0.0434024 0.0525416 0.0603127 0.0658869 0.0689548 0.0696839 0.0684894 0.0658314 0.0621207 0.0576948 0.0528104 0.0476427 0.0422961 0.0368245 0.0312659 0.0256862 0.0202219 0.0150923 0.0105618 0.00685884
 0.00715878 0.0116987 0.0177374 0.0252607 0.034043 0.0435057 0.0526909 0.0605006 0.0660974 0.0691661 0.069872 0.0686324 0.0659128 0.0621322 0.0576362 0.0526881 0.0474688 0.0420872 0.0366028 0.0310569 0.0255142 0.0201026 0.015028 0.0105416 0.00686519
 0.00719797 0.0117592 0.0178227 0.0253725 0.0341819 0.043672 0.0528834 0.0607156 0.0663259 0.0693929 0.0700767 0.0687924 0.0660077 0.0621483 0.0575687 0.0525418 0.0472567 0.0418289 0.0363224 0.0307813 0.0252691 0.0199075 0.0148912 0.0104591 0.0068243
 0.00719771 0.0117629 0.0178358 0.0254023 0.0342356 0.0437536 0.0529917 0.0608447 0.0664678 0.0695406 0.0702245 0.0689338 0.0661322 0.0622411 0.0576136 0.0525264 0.0471765 0.0416898 0.0361402 0.0305785 0.0250709 0.0197358 0.0147597 0.010371 0.00677341
#pred catch len freq
 0.00370904 0.00599409 0.00898969 0.0127201 0.0172026 0.0223971 0.0281394 0.0341318 0.0400062 0.0454031 0.050028 0.0536861 0.0563076 0.0579447 0.0587368 0.0588663 0.0585237 0.0578726 0.0569833 0.0557306 0.0537188 0.0503519 0.0451137 0.0379506 0.0294922
 0.00401602 0.00645491 0.00961585 0.0135072 0.0181452 0.0235047 0.0294369 0.0356346 0.0416799 0.0471346 0.0516334 0.0549615 0.0570988 0.0581992 0.0585107 0.0582853 0.0577184 0.0569189 0.0558745 0.0543976 0.0520943 0.0484445 0.0430472 0.0359366 0.0277493
 0.00418035 0.00674885 0.0101059 0.0142672 0.0192346 0.0249389 0.0311666 0.0375532 0.0436583 0.049058 0.0534096 0.0565003 0.0582896 0.0589202 0.0586705 0.0578649 0.0567798 0.0555688 0.0542108 0.0524784 0.0499523 0.0461373 0.0406988 0.0337317 0.0258753
 0.00443375 0.00713525 0.0106447 0.0149722 0.0201277 0.0260623 0.0325773 0.039292 0.0457053 0.0513033 0.0556639 0.0585438 0.0599293 0.0600202 0.0591514 0.0576929 0.0559636 0.0541624 0.0523059 0.0501868 0.0473959 0.0434558 0.0380625 0.0313316 0.0238802
 0.0047583 0.00764897 0.011391 0.0159802 0.0214058 0.027592 0.0343106 0.0411606 0.0476402 0.0532492 0.0575708 0.0603398 0.0614988 0.0612119 0.0598129 0.0577093 0.0552799 0.0527875 0.0503069 0.0476817 0.0445479 0.0404664 0.035158 0.0287332 0.0217583
 0.00505363 0.00812659 0.0121063 0.0169859 0.0227453 0.0292858 0.0363372 0.0434424 0.0500447 0.0556109 0.059726 0.062159 0.0628989 0.0621436 0.0602338 0.0575658 0.0545142 0.0513628 0.0482373 0.0450525 0.0415214 0.0372713 0.0320589 0.0259811 0.0195346
 0.00529121 0.00851509 0.012697 0.0178326 0.0238997 0.030787 0.038195 0.045621 0.0524534 0.0581061 0.0621258 0.0642707 0.0645542 0.0632271 0.0606898 0.0573816 0.0536931 0.0499116 0.0461775 0.0424509 0.0385182 0.034086 0.0289612 0.0232323 0.0173218
 0.00554259 0.00892131 0.0133054 0.0186898 0.0250485 0.0322578 0.0399933 0.0477141 0.0547641 0.0605139 0.0644762 0.0663902 0.0662723 0.0644 0.06122 0.0572247 0.0528498 0.048413 0.044078 0.039838 0.0355347 0.0309418 0.0259148 0.0205368 0.0151592
 0.00581911 0.0093617 0.0139524 0.0195811 0.0262139 0.0337147 0.041736 0.0497035 0.0569231 0.0627316 0.0666175 0.0683101 0.0678303 0.0654743 0.0617178 0.0570883 0.0520586 0.0469829 0.0420615 0.0373301 0.0326834 0.0279528 0.0230321 0.0179959 0.0131273
 0.00613421 0.00985165 0.0146495 0.0205038 0.027369 0.0350987 0.0433313 0.0514712 0.0587983 0.0646246 0.0684213 0.0699104 0.0691179 0.0663544 0.062116 0.0569524 0.0513603 0.0457209 0.0402692 0.0350866 0.0301232 0.0252661 0.0204429 0.0157174 0.0113088
 0.00631117 0.0101486 0.0151133 0.0211835 0.0283056 0.0363083 0.04479 0.0531109 0.0605189 0.0663153 0.0699794 0.0712493 0.0701673 0.0670573 0.0624262 0.0568334 0.0507867 0.044683 0.0387836 0.0332096 0.0279639 0.0229865 0.0182381 0.0137736 0.0097566
 0.00639731 0.0102931 0.0153412 0.0215265 0.028802 0.0369991 0.0457084 0.0542656 0.0618782 0.0677987 0.0714663 0.0726045 0.0712714 0.0678282 0.0628212 0.0568371 0.0503968 0.0439038 0.0376316 0.0317281 0.0262378 0.0211467 0.0164458 0.0121858 0.00848477
 0.00650232 0.0104545 0.0155679 0.0218234 0.0291735 0.0374536 0.0462596 0.0549302 0.0626675 0.068708 0.0724634 0.0736246 0.0722229 0.0686095 0.0633433 0.0570397 0.0502518 0.0434099 0.0368085 0.030618 0.0249132 0.0197145 0.0150372 0.0109293 0.00747339
 0.00656628 0.010562 0.0157357 0.0220684 0.0295082 0.0378795 0.0467633 0.0554854 0.0632448 0.0692862 0.0730342 0.0741861 0.0727654 0.0691042 0.0637394 0.0572743 0.0502663 0.0431646 0.0362921 0.0298516 0.0239522 0.0186458 0.013968 0.00996494 0.00669124
 0.00671344 0.0107773 0.0160164 0.0223993 0.0298696 0.0382584 0.0471584 0.0559023 0.0636839 0.0697329 0.0734598 0.0745591 0.0730646 0.0693222 0.0638748 0.0573186 0.050197 0.0429504 0.0359065 0.0292892 0.0232393 0.0178415 0.0131539 0.00922441 0.00608703
 0.00679112 0.010907 0.0162165 0.0226854 0.0302467 0.0387123 0.0476513 0.0563802 0.0640955 0.0700495 0.0736815 0.0747051 0.0731557 0.0693693 0.0638779 0.0572704 0.0500849 0.0427571 0.035613 0.0288842 0.0227304 0.0172625 0.0125597 0.00867708 0.00563582
 0.00679514 0.0109197 0.0162482 0.0227523 0.0303705 0.038916 0.0479523 0.0567794 0.0645684 0.0705444 0.0741318 0.0750508 0.0733646 0.0694431 0.0638418 0.0571551 0.0499119 0.0425335 0.0353349 0.0285455 0.0223332 0.0168248 0.0121159 0.00826867 0.00529809
 0.00681144 0.0109327 0.0162436 0.022711 0.0302771 0.038771 0.0477808 0.0566303 0.0645002 0.0706033 0.0743326 0.0753691 0.0737445 0.0698175 0.0641548 0.0573757 0.0500332 0.0425623 0.0352809 0.0284164 0.0221383 0.0165803 0.011848 0.00800931 0.00507572
