SBPRF35
12.7214
Curr Bio
714304
B35
902481
F35
0.172911
FOFL
0.143397
OFL
89244.2
Bzero
3.63469e+006
#pred survey bio
 3.45169e+006 3.32396e+006 3.21993e+006 3.07759e+006 2.87614e+006 2.66228e+006 2.44192e+006 2.21783e+006 1.98656e+006 1.7801e+006 1.58786e+006 1.39343e+006 1.24318e+006 1.10137e+006 967629 855252 772925 713174 672733 628743 598111 576197 566921 544531 537019 533973 533421 536643 538373 536495 543737 547348 548275 566025 577964 582671 599680 615842 625865 628517 630678 638736 643290 647897 656626 661208 665728 683286 693335 708127 719248 2.66369e+007 1.64956e+007 1.72288e+007 1.83992e+007 1.98256e+007 2.13057e+007 2.26962e+007 2.39185e+007 2.49439e+007 2.57762e+007 2.64362e+007 2.69512e+007 2.73486e+007 2.76531e+007 2.78857e+007 2.80631e+007 2.81984e+007 2.8302e+007 2.83814e+007 2.84426e+007 2.849e+007 2.85268e+007 2.85556e+007 2.85782e+007 2.8596e+007 2.86101e+007 2.86212e+007 2.86301e+007 2.86372e+007 2.86429e+007 2.86475e+007 2.86512e+007 2.86542e+007 2.86567e+007 2.86586e+007 2.86602e+007 2.86615e+007 2.86626e+007 2.86634e+007 2.86641e+007 2.86647e+007 2.86652e+007 2.86656e+007 2.86659e+007 2.86661e+007 2.86663e+007 2.86665e+007 2.86666e+007 2.86668e+007 2.86669e+007 2.86669e+007 2.8667e+007 2.8667e+007 2.86671e+007 2.86671e+007 2.86672e+007 2.86672e+007 2.86672e+007 2.86672e+007 2.86672e+007 2.86672e+007 2.86672e+007 2.86672e+007 2.86673e+007 2.86673e+007 2.86673e+007 2.86673e+007 2.86673e+007 2.86673e+007 2.86673e+007 2.86673e+007 2.86673e+007 2.86673e+007 2.86673e+007 2.86673e+007 2.86673e+007 2.86673e+007 2.86673e+007 2.86673e+007 2.86673e+007 2.86673e+007 2.86673e+007 2.86673e+007 2.86673e+007 2.86673e+007 2.86673e+007 2.86673e+007 2.86673e+007 2.86673e+007 2.86673e+007 2.86673e+007 2.86673e+007 2.86673e+007 2.86673e+007 2.86673e+007 2.86673e+007 2.86673e+007 2.86673e+007 2.86673e+007 2.86673e+007 0 0 0 0 0 0 0 0 0 0 0 0 0 0 0 0 0 0 0 0 0 0 0 0 0
#obs survey bio
 4.52994e+006 3.46792e+006 2.95457e+006 2.58129e+006 2.48608e+006 2.69595e+006 1.80906e+006 1.73372e+006 1.54347e+006 1.6878e+006 1.52962e+006 1.1368e+006 1.03058e+006 1.14587e+006 818291 805119 797679 726573 629898 650552 493016 707904 508578 468579 367962 694498 516904 647819 547575 465218 517986 578322 631982 583944 577247 735892 556553 788823 679778 523786 680622 694674 499233 577361 575618 475068 673970 668682 1.06026e+006 675870 576624
#pred catch bio
 108108 95566.8 143078 211628 239673 263299 284251 306943 298345 296574 306025 271753 267092 259428 237741 207592 183371 161828 159522 143572 133225 120803 129947 115305 110248 106890 102853 103318 105159 96591.1 99281 101004 87113.5 92977.6 99079.6 88884.1 90694.5 96488.5 102915 103777 99709.6 104080 105811 104687 110772 112749 103173 110193 106362 110655 87182.4 89244.2 109409 113253 119939 128803 138130 146823 154341 160511 165385 169126 171934 174006 175514 176600 177376 177926 178313 178586 178776 178909 179002 179066 179111 179141 179163 179177 179188 179195 179199 179203 179205 179206 179208 179208 179209 179209 179209 179210 179210 179210 179210 179210 179210 179210 179210 179210 179210 179210 179210 179210 179210 179210 179210 179210 179210 179210 179210 179210 179210 179210 179210 179210 179210 179210 179210 179210 179210 179210 179210 179210 179210 179210 179210 179210 179210 179210 179210 179210 179210 179210 179210 179210 179210 179210 179210 179210 179210 179210 179210 179210 179210 179210 179210 179210 179210 179210 179210 179210 179210 0 0 0 0 0 0 0 0 0 0 0 0 0 0 0 0 0 0 0 0 0 0 0 0 0
#obs catch bio
 0 95181.3 143096 212161 240205 264031 285677 309482 301102 299094 309636 274222 270782 263547 241730 211146 185838 162882 159601 143140 134040 120813 131000 116077 111492 106957 103129 103405 105430 96586 99011.1 100918 86865.2 92715.2 99095 88378.2 90473.1 96048.7 101921 103317 99341.6 103432 105698 104605 111110 113902 103928 110837 105849 110409 86986.4
#pred cpue bio
 3.40907e+006 3.28242e+006 3.17808e+006 3.0352e+006 2.83399e+006 2.62025e+006 2.40006e+006 2.17631e+006 1.94572e+006 1.74002e+006 1.54872e+006 1.35563e+006 1.20634e+006 1.06578e+006 933677 822975 742256 684187 645246 602679 572807 551412 542423 520670 513480 510837 510611 513969 515898 514312 521620 525308 526298 543763 555580 560370 577119 592991 602929 605454 607331 615090 619315 623412 631523 635608 639863 657274 667541 682170 692760 2.56782e+007 1.59158e+007 1.65345e+007 1.75862e+007 1.89772e+007 2.04502e+007 2.18395e+007 2.30616e+007 2.4087e+007 2.49193e+007 2.55793e+007 2.60943e+007 2.64917e+007 2.67963e+007 2.70288e+007 2.72062e+007 2.73415e+007 2.74451e+007 2.75245e+007 2.75857e+007 2.76331e+007 2.76699e+007 2.76987e+007 2.77213e+007 2.77391e+007 2.77532e+007 2.77643e+007 2.77732e+007 2.77803e+007 2.77861e+007 2.77906e+007 2.77943e+007 2.77973e+007 2.77998e+007 2.78017e+007 2.78033e+007 2.78046e+007 2.78057e+007 2.78065e+007 2.78072e+007 2.78078e+007 2.78083e+007 2.78087e+007 2.7809e+007 2.78092e+007 2.78094e+007 2.78096e+007 2.78098e+007 2.78099e+007 2.781e+007 2.781e+007 2.78101e+007 2.78102e+007 2.78102e+007 2.78102e+007 2.78103e+007 2.78103e+007 2.78103e+007 2.78103e+007 2.78103e+007 2.78103e+007 2.78103e+007 2.78104e+007 2.78104e+007 2.78104e+007 2.78104e+007 2.78104e+007 2.78104e+007 2.78104e+007 2.78104e+007 2.78104e+007 2.78104e+007 2.78104e+007 2.78104e+007 2.78104e+007 2.78104e+007 2.78104e+007 2.78104e+007 2.78104e+007 2.78104e+007 2.78104e+007 2.78104e+007 2.78104e+007 2.78104e+007 2.78104e+007 2.78104e+007 2.78104e+007 2.78104e+007 2.78104e+007 2.78104e+007 2.78104e+007 2.78104e+007 2.78104e+007 2.78104e+007 2.78104e+007 2.78104e+007 2.78104e+007 2.78104e+007 2.78104e+007 2.78104e+007 0 0 0 0 0 0 0 0 0 0 0 0 0 0 0 0 0 0 0 0 0 0 0 0 0
#obs cpue bio
 4.08939e+006 2.5323e+006 3.28442e+006 3.28944e+006 2.55443e+006 2.40154e+006 2.44988e+006 2.20108e+006 1.96865e+006 1.82741e+006 1.34855e+006 1.49838e+006 1.02701e+006 811584 854361 644984 683168 779210 989910 679091 408632 549663 425120 506934 497053 713199 431001 477282 470254 621861 720264 488522 450455 616187 500178 645660 521753 600287 948011 523915 528164 786711 548252 651295 553767 485762 562922 834528 952413 743649 623842
#pred surv len freq
 0.00429855 0.00704242 0.0107196 0.0153564 0.0208726 0.0269975 0.0332452 0.0390375 0.043919 0.0476997 0.0504338 0.0523005 0.053498 0.0541945 0.0545203 0.0545785 0.0544621 0.0542528 0.0539646 0.0534299 0.0522007 0.0496013 0.0450151 0.0383022 0.0300573
 0.00464075 0.00751175 0.0112681 0.0158932 0.0212992 0.0272579 0.0333573 0.0390802 0.0439798 0.0478176 0.050579 0.0524016 0.0534965 0.0540895 0.0543754 0.0544889 0.0545007 0.0544204 0.0541716 0.053523 0.0520294 0.0490927 0.044216 0.0373595 0.0291501
 0.00472145 0.00770204 0.0116569 0.0165815 0.0223537 0.028651 0.0349334 0.0405887 0.0451706 0.048545 0.0508431 0.0523063 0.0531673 0.0536164 0.0538104 0.0538748 0.0538874 0.0538484 0.0536375 0.052964 0.0513508 0.0482282 0.0431806 0.0362564 0.0281242
 0.00486611 0.0079197 0.0119576 0.016978 0.0228766 0.0293594 0.0359037 0.0418701 0.0467256 0.050215 0.052379 0.053459 0.0537836 0.0536807 0.0534151 0.0531572 0.0529772 0.0528421 0.0525889 0.0518818 0.0502118 0.0470122 0.0419103 0.0350122 0.0270172
 0.00508468 0.00827517 0.0124912 0.0177243 0.023853 0.0305554 0.0372762 0.0433547 0.0482591 0.0517478 0.0538587 0.0547969 0.0548406 0.0542988 0.0534812 0.0526514 0.051975 0.0514733 0.0509859 0.0501466 0.0484122 0.0452033 0.0401619 0.0334178 0.0256747
 0.00531309 0.00864678 0.0130515 0.0185166 0.0249117 0.0318927 0.0388671 0.0451293 0.0501099 0.0535526 0.055507 0.0562037 0.05594 0.0550247 0.0537552 0.0523982 0.0511565 0.0501176 0.0491874 0.0480398 0.0461436 0.0429167 0.0379971 0.0315052 0.0241163
 0.00555312 0.00903731 0.0136402 0.019349 0.026024 0.0332993 0.0405471 0.0470192 0.0521092 0.0555389 0.0573538 0.057795 0.0571809 0.0558437 0.0540989 0.0522212 0.050422 0.0488129 0.0473481 0.0457651 0.0435922 0.0402862 0.035494 0.0293119 0.0223568
 0.00578127 0.00941453 0.0142198 0.0201855 0.0271629 0.0347612 0.0423107 0.0490142 0.0542253 0.0576458 0.0593205 0.0595026 0.0585287 0.0567519 0.0545075 0.0520869 0.0497144 0.0475188 0.0454865 0.0434105 0.0408903 0.037448 0.0327629 0.0269112 0.0204383
 0.00603727 0.00983164 0.01485 0.0210792 0.0283617 0.0362845 0.0441401 0.0510843 0.0564281 0.0598469 0.0613787 0.0612869 0.0599293 0.0576856 0.0549166 0.0519334 0.0489742 0.0461822 0.0435706 0.0409812 0.0380842 0.0344763 0.029883 0.024369 0.0184052
 0.00627925 0.0102257 0.0154448 0.0219215 0.029489 0.0377127 0.0458498 0.0530143 0.0584818 0.061908 0.0633263 0.0630057 0.0613161 0.0586529 0.0553959 0.0518747 0.0483445 0.0449666 0.0417813 0.0386769 0.0353916 0.0315974 0.0270708 0.0218717 0.0164006
 0.00650784 0.0106025 0.0160216 0.0227502 0.0306116 0.0391457 0.0475678 0.0549439 0.060512 0.063911 0.0651789 0.0646021 0.0625712 0.0595013 0.0557874 0.0517703 0.0477142 0.0437927 0.0400698 0.0364775 0.0328193 0.0288404 0.0243696 0.019466 0.0144649
 0.00683977 0.0111311 0.0167967 0.0238118 0.0319835 0.0408256 0.0495143 0.0570695 0.0626899 0.0659949 0.0670269 0.0660958 0.0636276 0.0600744 0.0558614 0.0513462 0.0467983 0.0423925 0.0382031 0.0341933 0.0302222 0.0261021 0.0217117 0.0171112 0.0125759
 0.00705332 0.011489 0.0173549 0.0246279 0.0331039 0.0422651 0.0512378 0.0589875 0.0646749 0.0679085 0.0687429 0.0675112 0.064664 0.060678 0.0560018 0.0510142 0.0459997 0.0411434 0.036532 0.0321533 0.0279103 0.0236703 0.0193539 0.0150227 0.0108996
 0.00723678 0.0117984 0.0178418 0.0253489 0.0341101 0.0435851 0.0528574 0.0608388 0.0666404 0.0698402 0.0704876 0.0689348 0.0656696 0.0612123 0.0560504 0.0505898 0.0451293 0.0398614 0.034881 0.0301949 0.0257397 0.0214249 0.0172028 0.0131327 0.00939102
 0.00745377 0.0121515 0.0183743 0.0261024 0.0351182 0.0448621 0.0543846 0.0625564 0.0684505 0.0716191 0.0721022 0.0702598 0.0666024 0.061686 0.056039 0.0501042 0.0442069 0.0385539 0.0332491 0.0283122 0.0237027 0.0193593 0.0152549 0.0114416 0.00805288
 0.00757994 0.012373 0.0187379 0.0266615 0.035921 0.0459324 0.0557042 0.0640597 0.0700362 0.0731716 0.0735105 0.0714277 0.0674522 0.0621601 0.0561034 0.0497507 0.0434529 0.0374393 0.0318327 0.0266703 0.0219318 0.0175761 0.0135869 0.0100047 0.00692329
 0.00759166 0.0124016 0.0188003 0.026784 0.0361388 0.0462856 0.05623 0.0647812 0.0709492 0.074236 0.0746503 0.0725427 0.0684373 0.0629226 0.0565733 0.0498842 0.0432328 0.036875 0.0309597 0.0255509 0.0206532 0.0162457 0.0123195 0.00890211 0.00605221
 0.00760109 0.0124087 0.0187969 0.0267603 0.0360898 0.0462206 0.0561796 0.0647958 0.0710883 0.0745495 0.0751601 0.0732301 0.0692412 0.0637504 0.0573192 0.0504496 0.043543 0.0368884 0.030672 0.0249949 0.0198957 0.0153793 0.0114474 0.00811795 0.00542014
 0.00765588 0.0124779 0.018864 0.0267969 0.036063 0.046105 0.0559701 0.064515 0.0707868 0.0742986 0.0750375 0.0733002 0.0695342 0.064248 0.057954 0.0511199 0.0441363 0.0373074 0.0308545 0.0249239 0.0196004 0.0149263 0.0109238 0.00760949 0.00499089
 0.00788874 0.0128287 0.0193387 0.0273783 0.0367103 0.0467569 0.0565495 0.0649403 0.0709911 0.074253 0.0747664 0.0728784 0.0690655 0.0638332 0.0576612 0.0509661 0.0440874 0.0372942 0.0308001 0.0247708 0.0193283 0.0145559 0.0105057 0.00720399 0.00464737
 0.00798649 0.0129963 0.0196052 0.0277722 0.0372475 0.0474247 0.0572943 0.0656698 0.0715952 0.0746355 0.0748728 0.072709 0.0686727 0.0633057 0.0570998 0.0504567 0.0436789 0.0369894 0.030564 0.0245525 0.0190866 0.0142762 0.0102027 0.00691023 0.00439572
 0.00807161 0.0131218 0.0197716 0.0279749 0.0374827 0.0476954 0.0576111 0.0660421 0.0720153 0.0750664 0.0752498 0.0729585 0.0687394 0.063175 0.0568037 0.050061 0.0432584 0.0366023 0.0302362 0.0242787 0.0188442 0.0140451 0.00997732 0.00670027 0.00421709
 0.00802422 0.0130561 0.0196932 0.0278951 0.0374146 0.0476487 0.05759 0.0660491 0.0720581 0.0751601 0.0754091 0.0731826 0.0690011 0.063425 0.0569894 0.0501503 0.043251 0.0365245 0.0301229 0.0241558 0.0187223 0.0139239 0.009856 0.00658328 0.00411347
 0.00809828 0.0131722 0.01986 0.028118 0.0376946 0.0479806 0.0579596 0.0664302 0.072414 0.0754505 0.0756012 0.0732611 0.0689711 0.0633047 0.056799 0.0499041 0.0429598 0.0362021 0.0297899 0.023836 0.018435 0.0136794 0.00965635 0.00642637 0.00399595
 0.00800236 0.01303 0.0196719 0.0278944 0.0374544 0.0477481 0.0577619 0.0662951 0.0723658 0.0755046 0.0757576 0.0735017 0.0692632 0.0636097 0.0570813 0.0501373 0.043128 0.0363 0.0298218 0.0238147 0.0183782 0.0136051 0.00957902 0.00635592 0.00393801
 0.00798994 0.0129892 0.0195738 0.0277026 0.0371383 0.0473025 0.0572209 0.0657309 0.0718694 0.0751574 0.0756098 0.0735646 0.0695132 0.0639987 0.0575491 0.0506233 0.0435809 0.0366838 0.0301184 0.024022 0.0185063 0.0136713 0.00960283 0.00635492 0.00392579
 0.00798571 0.0129804 0.0195556 0.0276651 0.0370647 0.047168 0.0569978 0.0654006 0.0714392 0.0746716 0.0751458 0.0732108 0.0693394 0.0640335 0.0577748 0.0509871 0.0440145 0.0371217 0.0305101 0.0243378 0.018737 0.0138233 0.00969184 0.00639976 0.00394369
 0.00791426 0.0128721 0.019407 0.0274786 0.0368468 0.0469274 0.0567429 0.0651375 0.0711706 0.0743994 0.0748779 0.0729691 0.0691621 0.0639659 0.0578514 0.0512147 0.0443664 0.0375462 0.0309469 0.0247349 0.0190612 0.0140626 0.00985183 0.00649625 0.00399575
 0.00785632 0.0127786 0.019268 0.0272868 0.0366003 0.0466337 0.0564214 0.0648174 0.0708833 0.0741683 0.0747119 0.0728647 0.0691125 0.063971 0.0579218 0.0513658 0.044606 0.0378633 0.0313105 0.0251021 0.0193914 0.0143287 0.0100447 0.00662208 0.00406956
 0.0078572 0.0127742 0.0192507 0.0272453 0.0365221 0.0465094 0.0562486 0.0646036 0.0706455 0.0739299 0.0744973 0.072694 0.0689968 0.0639133 0.0579211 0.0514225 0.0447224 0.0380395 0.0315369 0.0253572 0.0196454 0.0145532 0.0102212 0.00674583 0.00414696
 0.00783034 0.012722 0.0191566 0.0270888 0.0362847 0.0461824 0.0558416 0.0641466 0.0701838 0.0735145 0.0741743 0.0724964 0.0689398 0.0639927 0.0581172 0.0517066 0.0450651 0.0384154 0.0319248 0.0257366 0.0199951 0.0148533 0.010458 0.00691592 0.00425738
 0.00781522 0.0127012 0.0191314 0.0270605 0.0362511 0.0461341 0.0557609 0.0640127 0.0699826 0.0732491 0.0738695 0.0721938 0.068686 0.0638264 0.0580596 0.0517594 0.0452139 0.0386358 0.0321893 0.0260181 0.0202689 0.015098 0.0106585 0.00706548 0.00435821
 0.00784084 0.0127362 0.0191719 0.0270994 0.0362803 0.0461481 0.055758 0.0639924 0.0699414 0.0731775 0.0737558 0.0720324 0.0684862 0.0636144 0.0578719 0.0516303 0.0451648 0.0386705 0.0322954 0.0261732 0.0204463 0.015273 0.0108116 0.00718548 0.00444257
 0.00774313 0.0125781 0.0189359 0.0267711 0.035853 0.0456296 0.0551773 0.0634009 0.0694052 0.072762 0.0735086 0.0719713 0.0685978 0.0638629 0.0582142 0.0520297 0.0455959 0.0391168 0.0327424 0.0266036 0.0208404 0.0156122 0.0110833 0.00738622 0.00457826
 0.00762533 0.0124037 0.0187045 0.0264921 0.0355409 0.045297 0.0548316 0.063047 0.069052 0.0724292 0.0732273 0.0717784 0.0685246 0.063924 0.058403 0.0523215 0.0459579 0.0395165 0.0331527 0.027002 0.0212074 0.0159307 0.0113412 0.00757902 0.00471019
 0.00768403 0.0124727 0.0187606 0.0264996 0.0354642 0.045118 0.054562 0.0627249 0.0687247 0.0721325 0.0729769 0.0715759 0.068371 0.0638287 0.058381 0.0523845 0.0461054 0.0397347 0.0334181 0.0272879 0.0214882 0.0161849 0.0115536 0.00774191 0.00482412
 0.00763114 0.0123936 0.0186528 0.0263615 0.0352906 0.0448963 0.0542743 0.0623585 0.0682879 0.0716644 0.0725416 0.0712413 0.0681847 0.0638049 0.0585057 0.0526291 0.0464388 0.0401271 0.0338405 0.0277108 0.0218837 0.0165298 0.0118329 0.00795072 0.00496728
 0.00751949 0.0122263 0.0184276 0.0260866 0.0349825 0.0445759 0.0539619 0.0620694 0.0680285 0.0714325 0.0723333 0.0710615 0.0680531 0.0637519 0.0585582 0.0527979 0.0467142 0.0404836 0.0342446 0.0281277 0.0222809 0.0168807 0.0121196 0.00816643 0.00511577
 0.00758225 0.0123007 0.0184893 0.0260977 0.0349043 0.0443875 0.0536738 0.0617228 0.0676785 0.0711258 0.0720927 0.070886 0.0679299 0.0636717 0.0585245 0.0528246 0.0468159 0.0406644 0.0344931 0.0284193 0.0225842 0.0171654 0.0123624 0.00835472 0.00524836
 0.00764621 0.0124129 0.0186711 0.0263673 0.035265 0.0448128 0.054101 0.0620646 0.0678541 0.071094 0.0718672 0.0705231 0.0674998 0.0632337 0.0581181 0.0524748 0.0465406 0.0404772 0.0343994 0.0284121 0.022644 0.0172647 0.0124733 0.00845573 0.00532732
 0.00764393 0.0124179 0.0186955 0.0264299 0.0353887 0.0450183 0.0543973 0.0624384 0.068263 0.0714696 0.0721319 0.0706166 0.0674021 0.0629712 0.0577491 0.0520667 0.0461515 0.0401475 0.0341522 0.0282544 0.0225685 0.0172531 0.0125014 0.00850013 0.00537101
 0.00771224 0.012505 0.0187832 0.0264892 0.0353911 0.0449526 0.0542818 0.0623191 0.0681957 0.0714951 0.0722559 0.0708049 0.0675941 0.0631044 0.0577844 0.0520007 0.0460121 0.0399785 0.0339954 0.0281386 0.0225051 0.0172378 0.01252 0.0085353 0.00540797
 0.00780463 0.0126543 0.0190044 0.0267901 0.0357649 0.0453699 0.054688 0.0626466 0.0683884 0.0715337 0.0721661 0.0706409 0.0674078 0.0629214 0.0575999 0.051795 0.0457715 0.0397087 0.0337205 0.0278892 0.0223057 0.017099 0.0124378 0.0084961 0.0053954
 0.00787507 0.0127682 0.0191747 0.0270288 0.0360802 0.0457618 0.0551419 0.0631277 0.0688426 0.0718969 0.0723818 0.0706796 0.0672779 0.062663 0.0572655 0.051428 0.0453972 0.0393391 0.0333655 0.0275638 0.0220279 0.0168824 0.0122858 0.0084012 0.00534339
 0.00789307 0.0128008 0.0192302 0.0271174 0.0362129 0.0459469 0.0553822 0.0634178 0.0691671 0.0722302 0.0726884 0.0709183 0.0674108 0.0626679 0.057144 0.0512044 0.0451079 0.0390199 0.0330451 0.0272635 0.0217643 0.0166679 0.0121261 0.00829386 0.00527893
 0.00781564 0.0127011 0.0191284 0.0270487 0.0362177 0.0460565 0.0556056 0.0637385 0.0695506 0.0726342 0.0730719 0.0712453 0.0676511 0.0627983 0.0571519 0.0510916 0.0448928 0.038734 0.0327252 0.0269445 0.0214741 0.0164249 0.0119393 0.00816276 0.00519567
 0.00768214 0.012499 0.0188538 0.0267124 0.0358478 0.0456984 0.0553189 0.0635863 0.0695802 0.0728585 0.0734613 0.0717365 0.068168 0.0632721 0.0575325 0.0513513 0.0450247 0.0387496 0.0326501 0.0268122 0.0213183 0.016274 0.0118121 0.00806761 0.00513217
 0.00750169 0.0122079 0.0184213 0.0261155 0.035081 0.0447872 0.0543311 0.0626317 0.0687916 0.0723588 0.0733304 0.071991 0.0687587 0.0640996 0.0584742 0.05229 0.0458698 0.0394471 0.0331815 0.0271867 0.0215627 0.0164216 0.0118947 0.00811075 0.00515351
 0.00756321 0.0122738 0.0184569 0.0260665 0.0348861 0.0443997 0.0537406 0.0618737 0.0679445 0.0715303 0.072638 0.0715395 0.0686172 0.0642833 0.0589403 0.0529496 0.0466133 0.0401714 0.0338117 0.0276842 0.0219222 0.0166605 0.0120413 0.0081942 0.00519773
 0.00768937 0.0124592 0.0186974 0.0263394 0.0351489 0.0445926 0.0537934 0.061721 0.0675486 0.0709038 0.0718537 0.0707181 0.0678961 0.0637804 0.0587238 0.0530251 0.0469279 0.0406348 0.0343238 0.0281615 0.0223129 0.0169469 0.0122313 0.00830887 0.00526106
 0.0076282 0.0123981 0.0186748 0.0264108 0.0353671 0.0449775 0.0543083 0.0622708 0.0680046 0.0711447 0.0718039 0.0703714 0.067318 0.0630897 0.0580589 0.0525049 0.0466209 0.0405473 0.0344095 0.028347 0.0225257 0.0171354 0.0123714 0.00839903 0.005312
#obs surv len freq
 nan nan nan nan nan nan nan nan nan nan nan nan nan nan nan nan nan nan nan nan nan nan nan nan nan
 0.00448413 0.00734536 0.0111754 0.0159921 0.0216935 0.0279699 0.0342848 0.0400165 0.0446961 0.0481596 0.0505168 0.0520118 0.0529032 0.0534148 0.0537284 0.0539828 0.0542611 0.0545536 0.0546922 0.054284 0.0527221 0.0493543 0.0438043 0.0362846 0.0276686
 0.00461649 0.00756152 0.0115022 0.0164542 0.0223074 0.0287348 0.0351733 0.0409721 0.0456407 0.0490084 0.0511947 0.0524642 0.0531016 0.0533575 0.0534365 0.0534926 0.0536151 0.0537942 0.053858 0.0534117 0.0518501 0.0485253 0.0430625 0.0356676 0.027197
 0.00477721 0.0078263 0.0119072 0.0170349 0.0230916 0.0297307 0.0363573 0.042284 0.0469902 0.0502911 0.0523075 0.0533186 0.0536318 0.0535263 0.0532377 0.0529491 0.0527724 0.0527116 0.0526016 0.0520517 0.0504618 0.0471894 0.0418592 0.034663 0.0264278
 0.0049736 0.00814593 0.0123891 0.0177163 0.0240014 0.0308789 0.0377238 0.0438123 0.048593 0.0518627 0.0537389 0.0545066 0.0544874 0.0539807 0.0532487 0.0525056 0.0518956 0.0514526 0.0510371 0.0502796 0.048598 0.0453617 0.040194 0.0332638 0.0253526
 0.00517892 0.00848373 0.0129049 0.018455 0.0249984 0.0321467 0.0392377 0.0455063 0.0503698 0.053612 0.0553533 0.0558892 0.0555517 0.0546512 0.0534637 0.0522231 0.0511013 0.0501673 0.0493223 0.0482395 0.0463765 0.0431306 0.0381288 0.0315108 0.0239971
 0.00541272 0.00886394 0.0134776 0.0192637 0.026077 0.0335069 0.0408562 0.0473185 0.0522768 0.0554984 0.0571042 0.0574015 0.0567382 0.0554394 0.0537931 0.0520445 0.0503816 0.0488998 0.0475419 0.0460367 0.0439027 0.0405866 0.035733 0.0294525 0.0223925
 0.0056452 0.00924826 0.0140677 0.0201134 0.0272289 0.0349753 0.0426098 0.0492765 0.0543221 0.0575019 0.0589459 0.0589807 0.0579738 0.0562659 0.0541562 0.0518984 0.0496892 0.0476416 0.0457328 0.0437481 0.0412781 0.0378369 0.0331034 0.027166 0.020594
 0.00587354 0.00962273 0.0146377 0.0209283 0.0283294 0.0363801 0.0443001 0.0511882 0.056352 0.0595251 0.0608355 0.0606221 0.059273 0.0571514 0.0545752 0.0518099 0.0490602 0.0464501 0.0439839 0.0414979 0.0386559 0.0350485 0.0304012 0.0247899 0.018708
 0.00613802 0.010051 0.0152791 0.0218276 0.0295187 0.0378662 0.0460508 0.0531281 0.058373 0.0615064 0.0626617 0.0621926 0.0605044 0.0579768 0.054943 0.0516809 0.0484047 0.0452494 0.0422418 0.0392628 0.0360455 0.032258 0.0276787 0.0223791 0.0167819
 0.00638423 0.0104586 0.0159056 0.02273 0.0307408 0.0394185 0.0478926 0.0551631 0.0604666 0.0635152 0.0644599 0.0636843 0.0616225 0.0586762 0.0551923 0.0514558 0.0476845 0.0440203 0.0405079 0.0370678 0.0334967 0.0295363 0.0250185 0.0200158 0.0148861
 0.00660217 0.010816 0.0164499 0.0235084 0.0317926 0.0407619 0.0495096 0.0569903 0.0624007 0.065429 0.0662224 0.0651785 0.0627577 0.0593925 0.0554571 0.0512545 0.0470108 0.0428726 0.0388971 0.0350364 0.0311416 0.0270207 0.0225556 0.0178216 0.0131203
 0.00683571 0.0111979 0.0170283 0.024329 0.0328889 0.0421406 0.0511362 0.058786 0.0642542 0.067219 0.0678361 0.0665215 0.0637557 0.0599915 0.0556233 0.0509729 0.0462805 0.0417031 0.037311 0.0330822 0.028912 0.0246638 0.0202622 0.0157851 0.0114832
 0.00707346 0.0115874 0.0176199 0.0251703 0.0340144 0.0435555 0.0528002 0.060609 0.06611 0.0689716 0.0693644 0.0677332 0.0645906 0.0604172 0.055628 0.0505581 0.0454561 0.0404866 0.0357317 0.0311924 0.0268013 0.0224671 0.0181481 0.0139214 0.00999204
 0.00727817 0.0119265 0.0181418 0.0259233 0.0350366 0.0448581 0.054351 0.0623268 0.067876 0.070652 0.0708343 0.0688924 0.0653709 0.0607832 0.055573 0.0500954 0.0446107 0.0392892 0.0342213 0.0294249 0.0248624 0.0204776 0.0162542 0.0122655 0.00867483
 0.00745603 0.0122186 0.0185868 0.0265596 0.035895 0.04595 0.0556562 0.0637872 0.0694012 0.0721345 0.0721654 0.0699756 0.0661308 0.0611714 0.0555692 0.0497046 0.0438563 0.0382077 0.0328593 0.0278437 0.0231452 0.0187333 0.0146089 0.0108377 0.00754582
 0.00753809 0.0123539 0.0187946 0.0268609 0.0363104 0.0464964 0.0563406 0.0646024 0.0703234 0.0731232 0.0731646 0.0709171 0.0669396 0.0617745 0.0559057 0.0497334 0.043561 0.0375963 0.0319633 0.0267173 0.0218659 0.0174007 0.0133339 0.00972254 0.00666022
 0.00760139 0.0124517 0.018933 0.0270431 0.0365386 0.0467733 0.0566702 0.0649894 0.0707718 0.0736335 0.07373 0.0715182 0.0675413 0.0623258 0.0563446 0.0499973 0.0435983 0.0373765 0.0314842 0.0260082 0.0209873 0.016438 0.0123848 0.00887758 0.00598206
 0.0076813 0.0125746 0.0191046 0.0272636 0.0368021 0.0470681 0.0569801 0.0652964 0.0710615 0.0739008 0.0739812 0.0717665 0.0677975 0.0625878 0.0565915 0.0501898 0.0436862 0.0373121 0.0312363 0.025574 0.0203976 0.0157543 0.0116863 0.0082415 0.00546428
 0.00773691 0.0126588 0.0192194 0.0274067 0.0369674 0.0472469 0.0571623 0.0654716 0.0712206 0.0740391 0.0741004 0.0718753 0.0679086 0.062712 0.0567307 0.0503307 0.043799 0.0373559 0.0311712 0.0253756 0.020069 0.0153293 0.0112212 0.00779857 0.00509279
 0.00779721 0.0127514 0.0193485 0.0275717 0.0371625 0.0474609 0.057379 0.0656713 0.0713846 0.0741547 0.074165 0.0718964 0.0679007 0.0626926 0.0567146 0.0503248 0.0437979 0.0373403 0.0311128 0.0252479 0.0198601 0.01505 0.010904 0.00748665 0.00482453
 0.00782277 0.0127917 0.0194067 0.0276498 0.0372605 0.047576 0.0575049 0.0657985 0.0715017 0.0742513 0.0742343 0.0719365 0.067915 0.0626887 0.0567021 0.0503121 0.0437879 0.0373276 0.031083 0.0251827 0.0197458 0.0148863 0.010707 0.00728369 0.00464342
 0.0078635 0.0128522 0.0194871 0.0277465 0.0373674 0.0476864 0.0576129 0.0658987 0.0715895 0.0743222 0.0742842 0.0719626 0.0679167 0.0626682 0.0566646 0.0502647 0.0437369 0.0372757 0.0310268 0.0251138 0.0196549 0.0147701 0.0105719 0.00714461 0.00451791
 0.00787569 0.0128694 0.019508 0.0277682 0.0373857 0.0476973 0.0576139 0.0658903 0.0715753 0.0743086 0.0742789 0.0719715 0.0679414 0.0627055 0.0567081 0.0503074 0.0437737 0.0373028 0.031041 0.0251106 0.01963 0.0147218 0.0105042 0.00706735 0.00444334
 0.00790219 0.0129068 0.0195537 0.027816 0.0374272 0.0477249 0.0576222 0.0658779 0.0715446 0.0742652 0.0742309 0.0719283 0.0679114 0.0626942 0.0567162 0.050331 0.0438057 0.0373353 0.0310668 0.0251239 0.0196268 0.0147008 0.010468 0.00702222 0.00439756
 0.0079048 0.0129118 0.0195625 0.0278296 0.0374454 0.0477446 0.0576375 0.0658814 0.0715301 0.0742316 0.074183 0.0718758 0.0678658 0.0626649 0.0567086 0.0503453 0.0438375 0.0373772 0.0311098 0.0251597 0.0196493 0.0147073 0.0104595 0.0070031 0.00437404
 0.007884 0.012875 0.0195021 0.0277378 0.0373175 0.0475832 0.0574557 0.0657006 0.071375 0.0741213 0.0741268 0.0718733 0.0679104 0.0627479 0.0568215 0.0504799 0.0439849 0.0375273 0.0312524 0.0252849 0.0197498 0.0147794 0.010504 0.00702495 0.00438032
 0.00788416 0.0128694 0.0194826 0.0276931 0.0372353 0.0474554 0.0572823 0.0654928 0.0711541 0.0739148 0.0739625 0.0717725 0.0678835 0.062793 0.0569267 0.0506284 0.0441592 0.0377111 0.0314313 0.0254469 0.0198858 0.0148841 0.010577 0.00706999 0.00440421
 0.0078929 0.0128823 0.0194993 0.0277111 0.0372496 0.0474572 0.0572603 0.0654355 0.0710543 0.073775 0.0737969 0.071605 0.0677414 0.0626992 0.0568938 0.0506566 0.0442384 0.0378252 0.0315624 0.0255785 0.0200045 0.0149813 0.010649 0.00711781 0.00443228
 0.00787461 0.0128547 0.0194618 0.0276646 0.0371962 0.0473998 0.0572015 0.0653769 0.0709952 0.073713 0.0737292 0.0715316 0.0676684 0.0626383 0.0568599 0.0506618 0.0442874 0.0379136 0.0316779 0.0257051 0.0201266 0.0150868 0.0107311 0.0071754 0.0044685
 0.00786247 0.0128304 0.0194172 0.0275902 0.0370847 0.0472508 0.0570253 0.0651937 0.0708296 0.0735854 0.0736502 0.0715007 0.0676771 0.0626766 0.0569205 0.0507425 0.0443889 0.0380357 0.0318165 0.0258509 0.0202673 0.0152106 0.0108301 0.00724714 0.00451538
 0.0078492 0.0128088 0.0193843 0.0275426 0.0370182 0.0471611 0.0569093 0.0650522 0.0706704 0.0734238 0.073507 0.0713962 0.0676247 0.0626791 0.0569712 0.0508299 0.0445018 0.0381656 0.0319564 0.0259937 0.0204043 0.0153327 0.0109301 0.00732158 0.0045655
 0.00780587 0.0127386 0.0192795 0.0273969 0.0368293 0.0469331 0.0566551 0.0647928 0.0704302 0.0732249 0.0733653 0.0713212 0.0676205 0.062745 0.057101 0.0510113 0.0447183 0.0383993 0.0321913 0.0262165 0.0206046 0.0155026 0.0110648 0.00742036 0.00463182
 0.00777443 0.0126857 0.0191964 0.0272747 0.036661 0.0467171 0.0563989 0.0645137 0.0701534 0.0729782 0.0731734 0.0712017 0.067582 0.0627877 0.0572179 0.0511903 0.0449434 0.0386519 0.032452 0.0264676 0.0208312 0.0156943 0.0112161 0.007531 0.00470615
 0.00773952 0.012629 0.0191112 0.0271548 0.0365015 0.0465169 0.0561623 0.0642523 0.0698852 0.0727254 0.0729595 0.0710478 0.0675041 0.0627936 0.0573068 0.0513529 0.0451641 0.038911 0.032728 0.0267393 0.0210801 0.0159067 0.0113845 0.00765431 0.00478906
 0.00769252 0.012552 0.0189946 0.0269897 0.0362827 0.046246 0.0558511 0.0639229 0.0695657 0.0724445 0.0727401 0.070906 0.0674488 0.0628279 0.0574277 0.0515515 0.0454255 0.0392153 0.033052 0.0270592 0.0213742 0.0161583 0.0115841 0.00780052 0.00488726
 0.00770818 0.0125704 0.0190088 0.0269883 0.0362519 0.0461733 0.0557295 0.0637532 0.0693571 0.0722127 0.0725062 0.0706929 0.0672778 0.0627163 0.0573866 0.051585 0.04553 0.03938 0.0332596 0.027288 0.0216015 0.016364 0.0117542 0.00792897 0.00497555
 0.00766152 0.0125061 0.0189331 0.026913 0.0361893 0.0461293 0.0556987 0.0637202 0.0693035 0.0721264 0.0723871 0.0705527 0.0671369 0.0625969 0.0573086 0.0515621 0.0455686 0.0394778 0.0334064 0.0274667 0.0217915 0.0165447 0.0119093 0.00804941 0.00506013
 0.00764076 0.01247 0.0188753 0.026828 0.0360764 0.0459965 0.0555641 0.0636072 0.069231 0.0720986 0.0723908 0.0705655 0.0671388 0.0625811 0.0572824 0.0515424 0.0455735 0.0395202 0.0334898 0.0275848 0.0219302 0.0166864 0.0120376 0.00815325 0.00513538
 0.00762821 0.0124484 0.0188403 0.0267746 0.0359995 0.0458927 0.0554346 0.06346 0.0690819 0.0719686 0.0722996 0.0705238 0.0671442 0.0626194 0.0573363 0.0516004 0.0456339 0.0395892 0.0335749 0.0276889 0.0220488 0.0168087 0.0121509 0.00824715 0.00520496
 0.00759595 0.0124011 0.0187786 0.0267019 0.0359205 0.0458112 0.0553517 0.063375 0.0689937 0.0718792 0.0722161 0.0704574 0.0671068 0.0626182 0.0573707 0.0516624 0.045713 0.0396774 0.0336694 0.0277894 0.022154 0.0169137 0.0122479 0.00832852 0.00526637
 0.00757291 0.0123617 0.0187162 0.0266102 0.0357963 0.0456583 0.0551824 0.0632087 0.0688509 0.0717742 0.0721535 0.0704338 0.0671161 0.0626564 0.0574355 0.0517518 0.0458224 0.0398001 0.0337977 0.0279173 0.0222765 0.0170265 0.0123463 0.00840848 0.0053258
 0.00756631 0.0123499 0.0186959 0.0265776 0.0357466 0.0455869 0.0550871 0.0630914 0.0687195 0.0716421 0.0720369 0.0703475 0.067069 0.0626496 0.0574651 0.0518114 0.0459056 0.0399005 0.0339088 0.028032 0.0223882 0.0171292 0.0124349 0.00847965 0.00537837
 0.00757069 0.012358 0.01871 0.0265995 0.035777 0.0456231 0.0551223 0.0631149 0.0687196 0.0716106 0.0719725 0.0702576 0.0669674 0.0625529 0.0573876 0.0517618 0.0458866 0.0399098 0.0339415 0.0280816 0.0224474 0.0171907 0.0124925 0.00852837 0.00541572
 0.00754765 0.0123233 0.0186631 0.0265421 0.0357132 0.0455591 0.0550651 0.0630712 0.0686934 0.071601 0.0719739 0.0702616 0.0669674 0.0625473 0.0573804 0.0517606 0.0458987 0.0399396 0.0339887 0.0281422 0.0225152 0.0172585 0.012554 0.00857909 0.00545372
 0.00753945 0.0123094 0.018641 0.0265096 0.0356691 0.0455045 0.0550044 0.0630118 0.0686441 0.0715688 0.0719617 0.070267 0.0669841 0.0625676 0.0573986 0.0517751 0.0459126 0.0399581 0.0340163 0.0281804 0.0225616 0.0173084 0.0126016 0.00861984 0.00548497
 0.00753026 0.012296 0.0186236 0.0264892 0.0356467 0.0454804 0.0549781 0.0629824 0.0686117 0.0715359 0.0719325 0.0702468 0.0669761 0.0625717 0.0574118 0.051793 0.0459319 0.0399782 0.0340389 0.0282076 0.0225941 0.0173443 0.0126373 0.00865147 0.00550995
 0.00750318 0.0122531 0.0185614 0.0264058 0.0355429 0.045361 0.0548523 0.0628633 0.0685126 0.0714671 0.071899 0.0702482 0.0670088 0.0626303 0.0574899 0.0518834 0.0460273 0.0400723 0.0341275 0.0282887 0.0226669 0.0174081 0.0126912 0.00869429 0.00554139
 0.00748485 0.0122237 0.0185179 0.0263457 0.0354648 0.0452655 0.0547433 0.0627481 0.0684017 0.0713722 0.0718306 0.0702132 0.0670097 0.0626652 0.0575531 0.0519676 0.0461242 0.040174 0.0342272 0.0283813 0.0227492 0.0174782 0.0127481 0.00873798 0.00557262
 0.00750433 0.0122489 0.0185441 0.0263642 0.0354657 0.0452409 0.0546904 0.0626704 0.0683071 0.0712709 0.0717333 0.0701299 0.0669487 0.0626323 0.0575505 0.0519936 0.0461736 0.0402396 0.0343012 0.0284563 0.0228194 0.0175396 0.0127984 0.00877653 0.00560001
 0.00750433 0.0122489 0.0185441 0.0263642 0.0354657 0.0452409 0.0546904 0.0626704 0.0683071 0.0712709 0.0717333 0.0701299 0.0669487 0.0626323 0.0575505 0.0519936 0.0461736 0.0402396 0.0343012 0.0284563 0.0228194 0.0175396 0.0127984 0.00877653 0.00560001
#pred catch len freq
 0.00317999 0.00515282 0.00775776 0.0110347 0.0150245 0.019725 0.025029 0.0307087 0.0364587 0.0419567 0.0469116 0.0511017 0.0544067 0.056816 0.0584084 0.0593232 0.0597364 0.0598249 0.0596815 0.0591789 0.0578591 0.0549957 0.0499178 0.0424762 0.0333337
 0.00344131 0.0055137 0.00818507 0.0114643 0.0153875 0.019984 0.0251999 0.0308486 0.036624 0.0421608 0.0471121 0.0512286 0.0544118 0.0567112 0.0582697 0.0592556 0.0598173 0.0600519 0.0599532 0.059324 0.0577097 0.0544699 0.0490659 0.0414598 0.0323501
 0.003533 0.00569872 0.00852492 0.012025 0.016208 0.021036 0.0263678 0.031955 0.0374991 0.0427134 0.0473528 0.0512321 0.0542554 0.0564403 0.0579083 0.0588369 0.0593941 0.0596702 0.0596103 0.0589494 0.0571944 0.0537336 0.0481164 0.0404032 0.0313416
 0.00369061 0.00593838 0.00886019 0.0124717 0.0167976 0.0218248 0.027424 0.0333161 0.0391158 0.0444205 0.0489019 0.0523808 0.0548589 0.0564887 0.0574957 0.0580991 0.0584594 0.0586354 0.0585297 0.0578299 0.0560084 0.0524561 0.0467699 0.0390742 0.0301524
 0.00389575 0.00626579 0.00934098 0.0131295 0.0176442 0.0228564 0.0286216 0.0346537 0.0405704 0.0459684 0.0504917 0.0538992 0.0561272 0.0573088 0.0577258 0.0577079 0.0575251 0.0572985 0.0569343 0.0560858 0.0541865 0.0506118 0.0449736 0.0374237 0.0287532
 0.00411722 0.00661969 0.00986344 0.0138534 0.018597 0.0240543 0.0300589 0.0362918 0.0423366 0.047766 0.0522183 0.05546 0.0574326 0.0582609 0.0582132 0.057627 0.0568209 0.0559957 0.0551347 0.0539374 0.0518491 0.0482402 0.0427167 0.0354208 0.0271143
 0.00435709 0.0070026 0.0104279 0.0146339 0.0196226 0.0253434 0.0316103 0.0380748 0.0442857 0.0497828 0.0541806 0.0572367 0.058901 0.0593182 0.0587766 0.0576275 0.056204 0.0547395 0.0532751 0.0515828 0.0491743 0.0454618 0.0400604 0.0330851 0.0252355
 0.00460195 0.00739687 0.0110153 0.0154561 0.0207147 0.0267275 0.033283 0.039998 0.0463843 0.0519503 0.05629 0.0591527 0.0604934 0.0604736 0.0594049 0.0576616 0.0555976 0.0534701 0.0513604 0.0491046 0.0462941 0.0424136 0.0371136 0.030487 0.0231547
 0.00485716 0.00780516 0.0116192 0.0162949 0.0218235 0.0281308 0.0349848 0.041969 0.0485547 0.0542117 0.0585051 0.0611724 0.0621752 0.0616972 0.0600781 0.0577191 0.0549963 0.0521899 0.0494155 0.0465666 0.0433148 0.039228 0.0340079 0.027735 0.0209481
 0.00511387 0.0082146 0.012222 0.0171272 0.0229151 0.0295006 0.0366313 0.0438613 0.0506284 0.0563716 0.0606322 0.0631337 0.0638366 0.0629363 0.0607945 0.0578381 0.0544678 0.0509893 0.0475528 0.0441063 0.0403994 0.0360847 0.0309214 0.024985 0.0187358
 0.00538663 0.00865091 0.0128663 0.0180189 0.0240843 0.0309611 0.0383691 0.0458264 0.0527351 0.0585082 0.0626745 0.0649585 0.0653319 0.0640076 0.061366 0.0578509 0.0538785 0.0497724 0.0457129 0.0416994 0.0375559 0.0330188 0.0279062 0.0222931 0.0165663
 0.00570328 0.00914937 0.0135875 0.018994 0.0253343 0.032494 0.0401711 0.0478505 0.0548948 0.0606817 0.0647189 0.0667306 0.0667095 0.0649033 0.0617283 0.0576545 0.0531125 0.0484351 0.0438195 0.039304 0.0347771 0.0300518 0.0250029 0.0197071 0.0144844
 0.00596128 0.00956655 0.0142117 0.0198692 0.0264947 0.0339521 0.041905 0.0497971 0.0569546 0.0627327 0.066632 0.0683816 0.0679888 0.0657249 0.0620361 0.0574221 0.0523369 0.0471296 0.0420147 0.0370605 0.0322067 0.0273291 0.0223512 0.0173512 0.0125897
 0.00620041 0.00995357 0.0147921 0.0206877 0.0275903 0.0353485 0.043596 0.0517324 0.0590358 0.0648215 0.0685698 0.0700153 0.0691954 0.0664257 0.0621968 0.057043 0.0514395 0.045748 0.040196 0.0348752 0.0297648 0.0247898 0.0199101 0.0152014 0.0108709
 0.00644507 0.0103431 0.0153643 0.0214756 0.0286207 0.0366371 0.0451375 0.0534897 0.0609335 0.0667476 0.0703856 0.0715732 0.0703616 0.0671019 0.0623325 0.0566346 0.0505189 0.0443686 0.0384251 0.0327974 0.0274922 0.0224685 0.0177101 0.013285 0.00935081
 0.00657062 0.0105575 0.0157068 0.0219912 0.0293534 0.0376172 0.0463679 0.054937 0.0625292 0.0683958 0.0719738 0.0729831 0.0714805 0.0678346 0.0626129 0.0564321 0.0498398 0.0432515 0.0369347 0.0310217 0.025544 0.0204848 0.0158405 0.0116659 0.00807341
 0.00657572 0.0105748 0.0157516 0.0220888 0.0295402 0.0379388 0.0468717 0.05566 0.0634813 0.0695458 0.0732463 0.0742684 0.0726556 0.0687842 0.0632441 0.0566818 0.0496777 0.0426814 0.0359944 0.0297822 0.024107 0.018976 0.014395 0.0104036 0.00707357
 0.00655634 0.01054 0.0156941 0.0220032 0.029428 0.0378168 0.0467775 0.0556515 0.0636254 0.0698998 0.0738367 0.0750759 0.0736112 0.0697799 0.064154 0.0573871 0.0500866 0.0427417 0.0356984 0.0291668 0.0232499 0.0179855 0.0133923 0.00949892 0.00634271
 0.00663122 0.0106417 0.0158095 0.0221062 0.0294852 0.0377977 0.0466671 0.0554587 0.0633886 0.0696842 0.0737231 0.0751393 0.0738946 0.0702746 0.0647951 0.0580672 0.050683 0.0431455 0.0358388 0.0290241 0.0228573 0.0174197 0.0127534 0.00888566 0.00582842
 0.00682391 0.01093 0.0161961 0.0225736 0.0299973 0.0383036 0.0471059 0.0557683 0.0635191 0.0696162 0.0734802 0.0747882 0.0735288 0.0699858 0.0646437 0.0580619 0.0507785 0.0432596 0.0358822 0.0289312 0.0226066 0.0170375 0.0123015 0.00843707 0.00544336
 0.0069068 0.0110705 0.0164172 0.022898 0.0304387 0.0388548 0.047729 0.0563935 0.0640577 0.0699831 0.0736178 0.0746832 0.073217 0.0695439 0.0641675 0.0576371 0.0504537 0.0430345 0.035715 0.0287634 0.0223916 0.0167608 0.011983 0.00811762 0.00516425
 0.00695206 0.0111365 0.016504 0.0230049 0.0305695 0.0390238 0.0479597 0.0567081 0.0644582 0.0704361 0.0740539 0.0750167 0.0733773 0.069503 0.0639493 0.0573057 0.0500865 0.042693 0.0354263 0.0285202 0.0221682 0.0165351 0.0117508 0.00789281 0.00496814
 0.00696529 0.0111614 0.0165471 0.0230725 0.0306649 0.0391435 0.0480934 0.0568446 0.0645944 0.0705811 0.0742221 0.0752113 0.0735766 0.0696628 0.0640226 0.0572672 0.049945 0.0424847 0.0351946 0.0282958 0.0219625 0.0163461 0.011575 0.00773303 0.00483234
 0.00698785 0.0111987 0.0166047 0.0231574 0.0307853 0.0393071 0.0483046 0.0570985 0.0648735 0.0708564 0.0744609 0.0753882 0.0736806 0.0696942 0.0639845 0.0571601 0.0497705 0.0422527 0.0349268 0.0280199 0.0217026 0.0161167 0.0113814 0.00757591 0.00471121
 0.00688075 0.0110397 0.0163939 0.0229058 0.0305131 0.0390407 0.0480735 0.0569336 0.0648035 0.0709008 0.074623 0.0756508 0.0740088 0.0700444 0.0643149 0.0574382 0.0499756 0.0423764 0.0349727 0.0280022 0.0216417 0.0160336 0.0112935 0.00749503 0.00464426
 0.00684732 0.0109716 0.016267 0.0226917 0.0301888 0.0386037 0.0475531 0.0563914 0.0643189 0.0705499 0.0744592 0.0756946 0.0742468 0.0704348 0.0647979 0.0579486 0.0504557 0.0427844 0.0352865 0.0282185 0.0217713 0.016096 0.0113106 0.00748662 0.00462537
 0.00681843 0.0109254 0.0161973 0.0225893 0.0300391 0.0383854 0.0472431 0.055977 0.063814 0.0700057 0.0739592 0.0753321 0.0740939 0.070519 0.065097 0.0584021 0.0509855 0.0433152 0.03576 0.0286003 0.0220507 0.0162808 0.0114195 0.00754212 0.00464812
 0.00674986 0.0108217 0.0160557 0.0224121 0.0298321 0.0381548 0.0469931 0.0557079 0.0635232 0.0696926 0.0736336 0.0750235 0.073852 0.0704017 0.0651482 0.0586323 0.051365 0.0437842 0.0362482 0.0290466 0.0224159 0.0165503 0.0115993 0.00765006 0.00470592
 0.00670105 0.0107435 0.0159404 0.0222539 0.0296289 0.0379107 0.0467202 0.0554254 0.0632525 0.0694506 0.0734292 0.0748584 0.0737286 0.070331 0.0651518 0.0587345 0.0515784 0.0440979 0.0366263 0.0294387 0.0227735 0.0168406 0.0118101 0.00778752 0.00478625
 0.00665767 0.0106732 0.0158349 0.0221057 0.0294324 0.0376651 0.0464323 0.0551115 0.0629379 0.0691647 0.0731992 0.0747033 0.0736553 0.0703362 0.065228 0.0588768 0.051786 0.0443681 0.0369465 0.0297828 0.0231067 0.0171302 0.0120358 0.00794505 0.00488465
 0.00663419 0.0106284 0.0157552 0.0219737 0.029231 0.0373832 0.0460713 0.0546897 0.0624891 0.0687338 0.0728339 0.0744452 0.0735313 0.070353 0.0653735 0.059126 0.0521101 0.0447406 0.0373439 0.0301814 0.0234811 0.0174558 0.0122951 0.00813241 0.00500673
 0.00662405 0.0106144 0.0157379 0.0219528 0.0292021 0.0373347 0.0459841 0.0545416 0.0622654 0.0684377 0.0724915 0.0741011 0.0732368 0.0701523 0.0652929 0.0591704 0.0522653 0.0449806 0.0376377 0.030498 0.0237915 0.017735 0.0125248 0.00830424 0.0051228
 0.0065791 0.0105433 0.0156351 0.021816 0.0290339 0.0371446 0.0457879 0.0543572 0.0621051 0.0683021 0.0723707 0.0739839 0.0731224 0.0700558 0.0652405 0.0591878 0.0523671 0.045164 0.0378847 0.0307806 0.0240791 0.0179998 0.0127468 0.00847323 0.00523924
