SBPRF35
7.13522
Curr Bio
636792
B35
495982
F35
0.221235
FOFL
0.221235
OFL
119116
Bzero
2.03863e+006
#pred survey bio
 3.44279e+006 3.37729e+006 3.32611e+006 3.24929e+006 3.08044e+006 2.65283e+006 2.36304e+006 2.13262e+006 1.95579e+006 1.78692e+006 1.60411e+006 1.3463e+006 1.17601e+006 1.03504e+006 911148 833099 760975 669938 628645 612627 583096 547568 516465 525978 553601 546877 536000 531950 501064 471070 466356 488307 519737 559840 598121 569241 545429 554287 558656 534657 524909 514411 518151 536888 568920 612122 653691 631886 565356 557297 571354 616618 667101 650534 662887 635683 601406 604617 622325 587464 530362 517351 570750 644747 1.61875e+007 1.42739e+007 1.39597e+007 1.40056e+007 1.42749e+007 1.46322e+007 1.49899e+007 1.5304e+007 1.556e+007 1.57592e+007 1.59097e+007 1.60215e+007 1.61037e+007 1.61638e+007 1.62077e+007 1.62399e+007 1.62636e+007 1.6281e+007 1.6294e+007 1.63036e+007 1.63108e+007 1.63162e+007 1.63203e+007 1.63233e+007 1.63256e+007 1.63274e+007 1.63287e+007 1.63298e+007 1.63305e+007 1.63311e+007 1.63316e+007 1.63319e+007 1.63322e+007 1.63324e+007 1.63325e+007 1.63326e+007 1.63327e+007 1.63328e+007 1.63329e+007 1.63329e+007 1.63329e+007 1.6333e+007 1.6333e+007 1.6333e+007 1.6333e+007 1.6333e+007 1.6333e+007 1.6333e+007 1.6333e+007 1.6333e+007 1.6333e+007 1.6333e+007 1.6333e+007 1.6333e+007 1.6333e+007 1.6333e+007 1.6333e+007 1.6333e+007 1.6333e+007 1.6333e+007 1.6333e+007 1.6333e+007 1.6333e+007 1.6333e+007 1.6333e+007 1.6333e+007 1.6333e+007 1.6333e+007 1.6333e+007 1.6333e+007 1.6333e+007 1.6333e+007 1.6333e+007 1.6333e+007 1.6333e+007 1.6333e+007 1.6333e+007 1.6333e+007 1.6333e+007 1.6333e+007 1.6333e+007 1.6333e+007 1.6333e+007 1.6333e+007 1.6333e+007 1.6333e+007 1.6333e+007 1.6333e+007 1.6333e+007 1.6333e+007 1.6333e+007 1.6333e+007 1.6333e+007 1.6333e+007 1.6333e+007 1.6333e+007 1.6333e+007 1.6333e+007 1.6333e+007 1.6333e+007 0 0 0 0 0 0 0 0 0 0 0 0 0 0 0 0 0 0 0 0 0 0 0 0 0
#obs survey bio
 3.46287e+006 3.32281e+006 4.40353e+006 2.99651e+006 4.37072e+006 1.98018e+006 2.19307e+006 1.71392e+006 2.5848e+006 1.63683e+006 1.56168e+006 1.41739e+006 1.03685e+006 956630 922365 1.19595e+006 874510 575227 476463 684638 551298 735899 377225 472542 739009 457097 513775 524234 509606 469463 382274 472395 397912 407788 591161 488719 465929 561159 491067 413314 541780 468363 457006 520582 740205 589462 809000 675929 430724 651458 556189 949072 582367 727598 516075 547994 597003 710104 630687 577146 566063 444816 532197 761815
#pred catch bio
 101177 98701.6 138642 188358 253503 262364 302739 309413 296468 289964 299032 258700 249201 247606 229907 222518 216797 160014 142669 134354 131819 123472 110915 106157 114846 110075 100027 107664 109338 96993.4 96641.8 95804.1 98527 96344.6 97601.3 93970.5 92397.8 88292 90938.6 87828.5 82712.8 85114 88334.3 85412.6 86647.2 92214.4 92302.1 94443.7 84444 87929.2 88052.4 65320.4 129420 94143.3 112126 110706 93247.4 80909.8 98305.6 111304 95044.3 62109.1 69265.1 93337.1 119116 114387 110365 109404 110672 112790 114979 116876 118369 119473 120255 120791 121150 121387 121541 121640 121703 121742 121767 121783 121793 121799 121803 121805 121806 121807 121808 121808 121808 121809 121809 121809 121809 121809 121809 121809 121809 121809 121809 121809 121809 121809 121809 121809 121809 121809 121809 121809 121809 121809 121809 121809 121809 121809 121809 121809 121809 121809 121809 121809 121809 121809 121809 121809 121809 121809 121809 121809 121809 121809 121809 121809 121809 121809 121809 121809 121809 121809 121809 121809 121809 121809 121809 121809 121809 121809 121809 121809 121809 121809 121809 121809 121809 121809 121809 121809 121809 121809 121809 121809 0 0 0 0 0 0 0 0 0 0 0 0 0 0 0 0 0 0 0 0 0 0 0 0 0
#obs catch bio
 0 98428.1 138683 188389 253584 262195 303155 310063 296528 290062 298622 258670 249132 247438 230623 223232 217135 159573 143117 134080 131814 123176 111191 106600 114660 110070 99960.7 107516 109409 96780.2 97095.3 95774.6 98851.1 96658.8 97276 93875.2 92676.8 88256.2 90842.5 87909.6 82589.7 85123.6 88469 85390.8 86656.4 92437.2 92127.1 94358.6 84427.2 87967.9 88554.2 64747.6 130499 93791.2 112194 110750 93302.9 80740.8 98222.5 111410 95306.8 61909 69214.8 93476.1
#pred cpue bio
 3.40672e+006 3.34212e+006 3.29005e+006 3.21223e+006 3.04352e+006 2.61894e+006 2.33031e+006 2.10032e+006 1.92341e+006 1.75472e+006 1.57267e+006 1.31738e+006 1.14841e+006 1.0086e+006 885760 808123 736979 647765 607310 591477 562780 528208 497944 506911 533699 527376 516868 513115 483389 454366 449830 471069 501596 540499 577935 550250 525974 532618 536148 513195 503945 494091 497729 515668 546480 588088 628175 607557 543568 535612 549051 592787 642582 625941 637388 610711 577174 579934 597376 564102 508609 495710 547877 620119 1.55902e+007 1.37622e+007 1.33786e+007 1.33642e+007 1.36201e+007 1.39753e+007 1.43327e+007 1.46468e+007 1.49028e+007 1.5102e+007 1.52525e+007 1.53643e+007 1.54464e+007 1.55066e+007 1.55505e+007 1.55827e+007 1.56064e+007 1.56238e+007 1.56368e+007 1.56464e+007 1.56536e+007 1.5659e+007 1.5663e+007 1.56661e+007 1.56684e+007 1.56702e+007 1.56715e+007 1.56725e+007 1.56733e+007 1.56739e+007 1.56744e+007 1.56747e+007 1.5675e+007 1.56752e+007 1.56753e+007 1.56754e+007 1.56755e+007 1.56756e+007 1.56756e+007 1.56757e+007 1.56757e+007 1.56757e+007 1.56758e+007 1.56758e+007 1.56758e+007 1.56758e+007 1.56758e+007 1.56758e+007 1.56758e+007 1.56758e+007 1.56758e+007 1.56758e+007 1.56758e+007 1.56758e+007 1.56758e+007 1.56758e+007 1.56758e+007 1.56758e+007 1.56758e+007 1.56758e+007 1.56758e+007 1.56758e+007 1.56758e+007 1.56758e+007 1.56758e+007 1.56758e+007 1.56758e+007 1.56758e+007 1.56758e+007 1.56758e+007 1.56758e+007 1.56758e+007 1.56758e+007 1.56758e+007 1.56758e+007 1.56758e+007 1.56758e+007 1.56758e+007 1.56758e+007 1.56758e+007 1.56758e+007 1.56758e+007 1.56758e+007 1.56758e+007 1.56758e+007 1.56758e+007 1.56758e+007 1.56758e+007 1.56758e+007 1.56758e+007 1.56758e+007 1.56758e+007 1.56758e+007 1.56758e+007 1.56758e+007 1.56758e+007 1.56758e+007 1.56758e+007 1.56758e+007 1.56758e+007 0 0 0 0 0 0 0 0 0 0 0 0 0 0 0 0 0 0 0 0 0 0 0 0 0
#obs cpue bio
 3.08474e+006 3.4687e+006 2.35951e+006 3.23444e+006 3.07176e+006 2.82391e+006 2.40873e+006 2.27787e+006 1.59229e+006 1.82186e+006 2.1182e+006 1.02836e+006 1.35928e+006 1.17454e+006 677917 543868 748327 801992 591929 704926 560966 465804 486163 445893 640714 568386 501846 619875 447745 495644 362010 627618 512248 638461 1.03355e+006 555112 460466 613794 707599 564759 556136 508666 520671 558363 402373 506807 689980 620216 590688 480994 399676 602059 591400 583686 872477 722163 516190 492481 688781 581281 429474 564939 563982 565387
#pred surv len freq
 0.00422563 0.00696809 0.0106875 0.0154289 0.0211083 0.0274182 0.0338126 0.0396591 0.0444826 0.048117 0.0506675 0.0523625 0.0534278 0.0540358 0.0543071 0.0543323 0.0541958 0.0539743 0.0536797 0.0531433 0.0519173 0.0493278 0.0447617 0.0380807 0.0298783
 0.00456508 0.0074218 0.0111916 0.0158705 0.0213649 0.0274167 0.033569 0.0392699 0.044071 0.0477702 0.0504069 0.0521617 0.0532582 0.0539061 0.0542703 0.0544589 0.0545274 0.0544821 0.0542508 0.0536079 0.0521127 0.0491691 0.0442811 0.0374103 0.0291858
 0.00463657 0.00760623 0.0115871 0.0165891 0.0224787 0.0288883 0.0352135 0.0407922 0.0451778 0.0482932 0.0503567 0.051685 0.0525428 0.0531049 0.0534831 0.0537512 0.0539465 0.0540471 0.0539276 0.0533027 0.051704 0.0485687 0.0434865 0.0365114 0.0283194
 0.00475077 0.00777551 0.0118177 0.0168921 0.0228871 0.0294687 0.0360537 0.0419521 0.0466222 0.0498526 0.0517608 0.0526653 0.0529435 0.0529327 0.0528734 0.0528903 0.0530019 0.0531307 0.0530838 0.0525121 0.0509059 0.0477043 0.0425448 0.0355474 0.0274306
 0.00486638 0.00797601 0.012141 0.0173773 0.0235622 0.0303366 0.0370861 0.0431021 0.0478471 0.0511231 0.0530388 0.0538639 0.0539126 0.0534992 0.0529168 0.0524011 0.0520815 0.051938 0.0517678 0.0511682 0.0495715 0.0463885 0.0412673 0.0343601 0.0264067
 0.00512934 0.00838684 0.0127293 0.018162 0.0245519 0.0315275 0.038456 0.0446022 0.0494016 0.0526412 0.0544332 0.0550631 0.0548552 0.0541158 0.0531222 0.052115 0.0512703 0.0506453 0.0501075 0.0492864 0.0476063 0.044454 0.0394606 0.0327702 0.0251069
 0.00529921 0.00869093 0.0132371 0.0189518 0.0256883 0.0330296 0.0402711 0.046607 0.051434 0.0545454 0.0560915 0.0564021 0.0558332 0.0547042 0.0532894 0.0518203 0.0504733 0.0493316 0.0483176 0.0471262 0.0452343 0.0420529 0.0372084 0.030815 0.0235457
 0.00552992 0.00906484 0.0137997 0.01975 0.0267677 0.0344257 0.041993 0.0486184 0.0536406 0.0567981 0.0582087 0.0582063 0.0571866 0.0555268 0.0535521 0.0515208 0.0496153 0.0479226 0.0463873 0.0447546 0.0425683 0.0392973 0.0345907 0.0285369 0.0217379
 0.00576789 0.00945653 0.0143979 0.020606 0.0279213 0.0358895 0.0437387 0.0505758 0.0557117 0.0588764 0.0601883 0.0599786 0.0586367 0.0565414 0.0540364 0.0514137 0.0488916 0.0465878 0.0444784 0.0423534 0.0398195 0.0364113 0.0318155 0.0261035 0.0198024
 0.0059999 0.0098317 0.0149593 0.0213939 0.0289672 0.0372065 0.0453094 0.0523455 0.0575944 0.0607694 0.0619892 0.0615949 0.0599868 0.057548 0.0546216 0.0515004 0.0484146 0.0455091 0.0428029 0.0401458 0.0372174 0.033624 0.0290967 0.0236958 0.0178756
 0.00618898 0.0101508 0.015461 0.0221335 0.0299902 0.0385296 0.0469028 0.0541302 0.0594582 0.0625934 0.0636698 0.0630522 0.0611612 0.058392 0.0550906 0.0515452 0.0479809 0.0445479 0.0412922 0.0381186 0.0347848 0.0309789 0.026486 0.0213635 0.0159976
 0.00650658 0.0106564 0.0162022 0.0231484 0.0313019 0.0401359 0.0487643 0.0561622 0.0615366 0.0645748 0.0654162 0.064453 0.0621464 0.0589319 0.0551833 0.0511978 0.0471929 0.0433071 0.0395899 0.0359787 0.0322963 0.0283105 0.0238662 0.0190258 0.0141147
 0.00669481 0.0109819 0.0167273 0.023941 0.0324182 0.0415945 0.0505238 0.0581186 0.0635467 0.0664902 0.0671105 0.0658308 0.0631405 0.0594999 0.0553052 0.0508721 0.0464285 0.0421154 0.0379856 0.0339968 0.0300182 0.0258814 0.0214841 0.0168976 0.0123964
 0.00688762 0.0113002 0.0172165 0.024649 0.0333889 0.0428552 0.0520684 0.0598948 0.065454 0.0683918 0.0688554 0.0672801 0.0641895 0.0600888 0.0554156 0.0505145 0.0456278 0.0409017 0.0363946 0.0320801 0.0278617 0.0236186 0.0192888 0.0149485 0.0108278
 0.00705967 0.0116017 0.0177097 0.0254037 0.0344648 0.0442752 0.0537952 0.0618271 0.0674473 0.0702919 0.0705251 0.0686108 0.0651028 0.0605359 0.0553787 0.0500043 0.0446772 0.039557 0.0347107 0.0301257 0.0257303 0.0214382 0.0172142 0.0131325 0.00938033
 0.00704107 0.01161 0.0177949 0.0256401 0.0349371 0.0450539 0.0549104 0.0632524 0.0690992 0.0720422 0.0722223 0.0701052 0.0662697 0.06129 0.0556767 0.0498393 0.0440694 0.0385467 0.0333549 0.0284996 0.0239321 0.0195915 0.0154589 0.0116001 0.00816249
 0.00708284 0.0116736 0.0178853 0.0257659 0.0351181 0.045328 0.055333 0.0638832 0.0699766 0.0731566 0.0735031 0.07143 0.0674921 0.0622724 0.0563153 0.0500743 0.0438839 0.0379591 0.0324119 0.0272728 0.022518 0.0181081 0.0140346 0.0103518 0.00716949
 0.00746277 0.0122398 0.018641 0.0266784 0.0361263 0.0463579 0.0563123 0.0647534 0.0707039 0.0737389 0.0739646 0.0718025 0.0677894 0.0624755 0.0563754 0.0499312 0.0434877 0.0372864 0.0314733 0.0261134 0.0212151 0.0167637 0.0127604 0.00924732 0.00629935
 0.00760362 0.0124589 0.0189503 0.0270781 0.0365995 0.0468667 0.0567999 0.0651563 0.0709752 0.0738729 0.0740048 0.071824 0.0678648 0.0626407 0.0566126 0.0501748 0.0436473 0.0372765 0.031239 0.0256455 0.0205518 0.015982 0.011957 0.0085146 0.00570304
 0.00763468 0.0125119 0.0190348 0.0272041 0.036775 0.0470932 0.0570672 0.0654405 0.0712422 0.0740876 0.0741446 0.0718908 0.0678877 0.0626651 0.0566777 0.0502906 0.0437842 0.0373736 0.0312281 0.025479 0.0202223 0.0155257 0.0114417 0.008016 0.00528152
 0.00768028 0.0125757 0.0191122 0.0272854 0.0368501 0.0471575 0.0571253 0.0655047 0.071325 0.0741933 0.0742653 0.0720093 0.0679872 0.0627397 0.056736 0.0503484 0.0438497 0.0374348 0.0312519 0.0254257 0.0200664 0.0152718 0.0111248 0.00768822 0.00499132
 0.00774584 0.0126857 0.0192826 0.0275302 0.037174 0.0475475 0.0575461 0.065903 0.0716461 0.0743998 0.0743471 0.0719806 0.0678741 0.0625693 0.0565319 0.0501317 0.0436377 0.0372372 0.0310653 0.0252342 0.0198519 0.0150264 0.0108592 0.00742792 0.00476478
 0.0079395 0.0129663 0.0196421 0.0279409 0.0375981 0.047952 0.0579118 0.0662224 0.0719129 0.0745999 0.0744589 0.0719842 0.0677632 0.0623562 0.0562439 0.0498019 0.0432971 0.0369084 0.03076 0.0249533 0.0195891 0.0147759 0.0106221 0.00721369 0.00458609
 0.00788338 0.0129064 0.019608 0.0279745 0.037737 0.048206 0.0582492 0.0665776 0.0722158 0.0748072 0.074567 0.0720173 0.0677494 0.0623107 0.0561686 0.0496945 0.04316 0.0367501 0.0305914 0.0247829 0.0194213 0.0146128 0.0104672 0.00707335 0.0044683
 0.00776542 0.0127103 0.0193081 0.0275527 0.0371967 0.0475878 0.0576364 0.0660804 0.0719326 0.074785 0.0747857 0.0724081 0.0682302 0.0628143 0.056651 0.0501291 0.0435301 0.0370466 0.0308124 0.0249331 0.0195094 0.0146498 0.0104657 0.00704744 0.00443187
 0.00787059 0.0128522 0.019467 0.0276899 0.0372625 0.047537 0.0574452 0.0657588 0.0715276 0.0743723 0.0744494 0.0722126 0.068199 0.0629269 0.0568582 0.050376 0.0437726 0.0372565 0.0309758 0.0250459 0.0195748 0.0146756 0.0104625 0.00702667 0.00440428
 0.0078833 0.0128867 0.0195423 0.027827 0.0374719 0.0478034 0.0577186 0.0659631 0.0715884 0.0742509 0.0741633 0.0718313 0.0678163 0.0626253 0.0566828 0.0503277 0.0438194 0.037354 0.0310839 0.0251379 0.0196379 0.0147083 0.0104702 0.00701809 0.00438817
 0.00773598 0.0126632 0.0192375 0.0274507 0.0370511 0.0473811 0.0573491 0.0656992 0.0714626 0.0742596 0.0742677 0.0719777 0.0679648 0.0627678 0.0568387 0.0505235 0.0440674 0.0376429 0.0313849 0.0254179 0.0198715 0.0148836 0.0105882 0.00708856 0.00442474
 0.00769185 0.0125956 0.0191437 0.0273315 0.0369113 0.0472303 0.0572017 0.0655746 0.0713814 0.0742369 0.0743052 0.0720595 0.0680622 0.0628515 0.0568937 0.0505557 0.044098 0.0376938 0.0314651 0.0255201 0.0199783 0.0149773 0.0106583 0.00713348 0.004449
 0.00778973 0.0127414 0.019338 0.0275654 0.0371684 0.0474897 0.0574411 0.0657719 0.0715176 0.0742996 0.0742913 0.0719756 0.0679208 0.0626663 0.0566771 0.0503209 0.0438617 0.0374762 0.0312852 0.0253882 0.0198932 0.0149286 0.0106325 0.00711937 0.00444009
 0.00778011 0.0127286 0.0193237 0.0275524 0.0371587 0.047483 0.0574342 0.0657604 0.0714992 0.0742771 0.0742722 0.0719684 0.0679297 0.0626889 0.0567055 0.0503452 0.043875 0.0374779 0.0312806 0.0253852 0.0198975 0.0149408 0.0106488 0.00713503 0.00445183
 0.00777058 0.0127091 0.0192876 0.027492 0.0370685 0.0473642 0.0572971 0.0656232 0.0713822 0.0741959 0.0742342 0.0719731 0.0679724 0.0627624 0.0568008 0.0504515 0.0439807 0.0375734 0.0313608 0.0254501 0.0199499 0.0149837 0.0106837 0.00716204 0.00447093
 0.00778882 0.0127221 0.0192765 0.0274295 0.036927 0.0471277 0.0569724 0.0652425 0.0709965 0.073861 0.0739968 0.0718611 0.0679906 0.0628955 0.0570198 0.0507219 0.0442698 0.0378542 0.0316142 0.0256653 0.0201233 0.015117 0.0107815 0.00722993 0.00451503
 0.00769797 0.0125933 0.0191164 0.0272536 0.036751 0.0469573 0.0567974 0.0650433 0.0707584 0.0735905 0.0737264 0.0716403 0.0678675 0.0628993 0.0571528 0.0509618 0.0445795 0.0381926 0.0319452 0.0259626 0.0203717 0.0153114 0.0109242 0.00732792 0.00457765
 0.0077118 0.012579 0.0190293 0.0270348 0.03635 0.0463619 0.0560554 0.0642552 0.0700431 0.0730413 0.0733871 0.0715096 0.0679214 0.0631112 0.0574992 0.0514179 0.0451124 0.0387611 0.0325049 0.0264743 0.0208075 0.0156575 0.0111803 0.00750409 0.00468971
 0.00857802 0.0138051 0.020535 0.0286254 0.0377633 0.047351 0.0564616 0.0640404 0.0692819 0.0718896 0.0720408 0.0701596 0.0667152 0.0621331 0.0567755 0.0509356 0.0448388 0.0386546 0.03252 0.0265647 0.0209316 0.0157832 0.0112876 0.00758462 0.00474386
 0.00922215 0.0148718 0.0221633 0.0309214 0.0407347 0.0508279 0.0600523 0.067186 0.0714196 0.0726532 0.0713822 0.0683308 0.0641393 0.0592515 0.0539408 0.048373 0.0426576 0.0368819 0.0311345 0.0255208 0.0201739 0.0152547 0.0109351 0.00736124 0.00461052
 0.00907359 0.0147483 0.0221982 0.031317 0.0417165 0.0525614 0.0625569 0.0702825 0.0747357 0.0756904 0.0736339 0.0694215 0.0639356 0.0578907 0.0517633 0.0457954 0.040052 0.034508 0.0291295 0.0239256 0.0189688 0.0143886 0.0103444 0.00698098 0.00438123
 0.00880307 0.0143187 0.0215794 0.0305119 0.040789 0.051665 0.061939 0.0702363 0.0754955 0.0773106 0.07592 0.071962 0.0662283 0.0595075 0.0524792 0.0456308 0.0392216 0.0333137 0.0278541 0.0227683 0.0180309 0.0136931 0.00986662 0.00667567 0.00419978
 0.0087615 0.0142297 0.0214057 0.0302063 0.0403078 0.0509922 0.0611143 0.0693747 0.0747839 0.0769725 0.0761469 0.0728299 0.0676374 0.0611866 0.0540683 0.0468087 0.0398143 0.0333319 0.0274509 0.0221533 0.0173895 0.0131433 0.00945593 0.0064011 0.00403336
 0.00868746 0.014124 0.0212721 0.0300528 0.0401383 0.0507963 0.0608649 0.0690398 0.0743536 0.0764881 0.0757138 0.0725978 0.0677461 0.0616969 0.0549145 0.0478063 0.0407271 0.0339663 0.0277251 0.0221073 0.0171405 0.0128219 0.00915878 0.00617512 0.00388501
 0.00869322 0.0141122 0.0212166 0.0299198 0.039899 0.0504444 0.0604267 0.0685681 0.0739057 0.076104 0.0754126 0.0723946 0.0676738 0.0618077 0.0552523 0.0483645 0.0414254 0.0346685 0.0282936 0.0224592 0.0172724 0.0127931 0.0090505 0.00605424 0.00378808
 0.00870544 0.01414 0.0212714 0.0300119 0.0400292 0.050594 0.0605539 0.0686189 0.073836 0.075902 0.0751052 0.0720359 0.0673264 0.0615302 0.0550941 0.0483593 0.0415768 0.0349381 0.0286058 0.0227299 0.0174437 0.0128533 0.00902706 0.00599065 0.00372086
 0.00877932 0.0142465 0.0214069 0.0301661 0.0401895 0.0507508 0.0607033 0.0687563 0.0739482 0.0759626 0.0750819 0.071907 0.0670961 0.0612333 0.0547865 0.0481007 0.0414124 0.0348845 0.028646 0.0228201 0.0175334 0.0129068 0.00903478 0.00596486 0.00368202
 0.00880236 0.0142789 0.0214459 0.0302052 0.0402192 0.0507612 0.0606872 0.0687133 0.0738862 0.0758959 0.0750248 0.0718649 0.0670622 0.0611941 0.0547338 0.0480408 0.0413655 0.0348735 0.0286821 0.0228955 0.0176247 0.0129871 0.00908695 0.00598656 0.00368206
 0.00877008 0.01423 0.021379 0.0301211 0.0401206 0.0506519 0.0605716 0.0685968 0.0737759 0.0758015 0.0749573 0.0718347 0.0670747 0.061246 0.0548133 0.0481331 0.0414602 0.0349685 0.0287811 0.0230004 0.0177303 0.013082 0.00916028 0.00603358 0.00370585
 0.00865565 0.0140631 0.0211636 0.0298734 0.0398649 0.0504134 0.0603703 0.0684453 0.0736799 0.0757611 0.0749685 0.0718918 0.0671713 0.0613761 0.0549699 0.0483068 0.04164 0.0351444 0.0289463 0.0231511 0.0178637 0.0131944 0.00924764 0.00609447 0.00374289
 0.00865031 0.0140332 0.0210807 0.029702 0.0395761 0.0500041 0.059877 0.0679397 0.0732462 0.0754658 0.0748414 0.0719246 0.0673316 0.0616235 0.0552679 0.0486268 0.0419609 0.0354502 0.0292254 0.0233957 0.0180691 0.0133586 0.00937123 0.00618058 0.00379749
 0.00882124 0.01429 0.0214259 0.0301188 0.0400269 0.0504321 0.0602131 0.0681167 0.0732206 0.0752381 0.0744598 0.0714679 0.0668799 0.061234 0.0549666 0.0484147 0.0418255 0.0353749 0.0291941 0.0233944 0.0180859 0.013384 0.00939767 0.00620319 0.00381397
 0.0087344 0.014189 0.0213471 0.0301179 0.04016 0.0507276 0.0606485 0.0686172 0.0736819 0.0755616 0.0745844 0.0713853 0.0666306 0.0608885 0.0545999 0.0480854 0.0415652 0.0351911 0.029078 0.0233305 0.0180581 0.0133784 0.00940343 0.0062128 0.00382299
 0.00867122 0.0140863 0.0211954 0.0299155 0.0399217 0.050493 0.0604816 0.0685895 0.07384 0.0758969 0.075026 0.0718246 0.0669655 0.0610616 0.0546115 0.0479801 0.0414049 0.0350294 0.0289479 0.0232431 0.0180096 0.0133581 0.00940001 0.00621717 0.00382931
 0.00849758 0.0138268 0.0208471 0.0294906 0.0394442 0.0499942 0.0599985 0.0681683 0.0735367 0.0757694 0.0751152 0.0721317 0.0674414 0.0616177 0.0551506 0.0484298 0.0417366 0.0352541 0.0290972 0.023349 0.0180934 0.0134285 0.00945833 0.00626223 0.003861
 0.00840858 0.0136269 0.0204479 0.0287857 0.0383476 0.0484953 0.0582042 0.0662976 0.0718639 0.0745419 0.0744907 0.0721564 0.0680616 0.0627055 0.0565341 0.0499264 0.043187 0.0365474 0.0301788 0.0242108 0.0187542 0.0139176 0.00980553 0.00649604 0.00400838
 0.00884564 0.014331 0.021487 0.0301958 0.0400988 0.0504532 0.060115 0.0678289 0.0727064 0.0745277 0.0736577 0.0707235 0.066336 0.0609788 0.0550123 0.0487075 0.0422755 0.0358911 0.0297075 0.023865 0.0184958 0.0137266 0.0096707 0.0064075 0.00395511
 0.00875325 0.0142111 0.021365 0.0301207 0.0401369 0.0506728 0.0605613 0.0684963 0.0735167 0.0753303 0.0742669 0.0709858 0.0661944 0.0604963 0.0543398 0.048016 0.0416945 0.0354788 0.0294579 0.023736 0.0184392 0.0137054 0.0096639 0.00640581 0.00395522
 0.00888854 0.0144117 0.021632 0.0304453 0.0405073 0.0510829 0.0610165 0.0690085 0.0740899 0.0759418 0.0748531 0.0714445 0.0664112 0.060389 0.0538982 0.0473143 0.0408645 0.0346602 0.0287531 0.0231909 0.0180514 0.0134461 0.00949849 0.00630453 0.0038961
 0.00909347 0.0147283 0.0220764 0.0310178 0.0411891 0.0518342 0.0617773 0.0697081 0.0746654 0.0763572 0.075105 0.0715475 0.066374 0.0601993 0.0535308 0.0467576 0.040146 0.0338511 0.0279476 0.0224742 0.0174749 0.0130223 0.0092107 0.00612272 0.00378896
 0.00895879 0.0145469 0.0218727 0.0308383 0.0410894 0.0518591 0.0619435 0.0699997 0.0750428 0.0767725 0.0755158 0.071924 0.0666972 0.0604531 0.0536943 0.046805 0.0400581 0.0336308 0.0276288 0.0221128 0.0171299 0.0127361 0.00900037 0.00598407 0.00370617
 0.0087304 0.0141786 0.0213278 0.0300945 0.0401553 0.0507929 0.0608632 0.0690677 0.0744216 0.0765703 0.0757521 0.0725333 0.0675619 0.061443 0.0546932 0.0477219 0.0408287 0.0342187 0.0280274 0.0223445 0.0172376 0.0127684 0.00899802 0.00597242 0.00369645
 0.00885332 0.014349 0.0215285 0.0302874 0.0402877 0.0508109 0.0607276 0.0687691 0.0739905 0.0760778 0.0752956 0.0722073 0.0674269 0.0615075 0.0549174 0.0480374 0.041162 0.0345089 0.0282364 0.0224606 0.0172723 0.0127483 0.00895274 0.00592515 0.0036595
 0.00902606 0.0146509 0.022018 0.0310213 0.0412949 0.0520572 0.0620911 0.0700507 0.0749668 0.0765751 0.0752464 0.0716649 0.0665355 0.060449 0.0538567 0.0470862 0.0403683 0.0338702 0.0277234 0.0220404 0.0169224 0.0124593 0.00872384 0.00575607 0.00354528
 0.00893915 0.0145316 0.0218816 0.0309026 0.0412468 0.0521429 0.0623686 0.0705501 0.0756651 0.0773816 0.0760162 0.0722421 0.0668097 0.0603936 0.0535306 0.0465995 0.0398359 0.0333758 0.0273069 0.0217065 0.0166587 0.0122517 0.00856301 0.00563684 0.00346304
 0.00865544 0.0140508 0.0211266 0.0298025 0.0397695 0.0503385 0.0604023 0.0686928 0.0742292 0.0766254 0.0760612 0.0730398 0.0681671 0.0620425 0.0552101 0.0481214 0.0411089 0.0343892 0.0280931 0.0223069 0.0171067 0.0125723 0.00877841 0.0057705 0.00353877
 0.00832263 0.0135476 0.0204373 0.0289312 0.0387303 0.0491452 0.0590711 0.0672634 0.0727932 0.0753402 0.0751289 0.0726504 0.068428 0.0629305 0.0565744 0.0497352 0.042743 0.035872 0.0293335 0.0232829 0.0178381 0.0130958 0.00913418 0.0059976 0.00367329
#obs surv len freq
 nan nan nan nan nan nan nan nan nan nan nan nan nan nan nan nan nan nan nan nan nan nan nan nan nan
 0.00448124 0.00734108 0.0111698 0.0159854 0.0216862 0.0279625 0.0342777 0.0400103 0.0446911 0.048156 0.0505148 0.0520115 0.0529045 0.0534174 0.0537322 0.0539874 0.0542662 0.0545592 0.054698 0.05429 0.0527279 0.0493599 0.0438092 0.0362887 0.0276718
 0.00461226 0.00755522 0.0114938 0.0164442 0.0222964 0.0287238 0.0351632 0.040964 0.0456351 0.0490056 0.0511945 0.0524661 0.053105 0.053362 0.0534418 0.0534985 0.0536216 0.0538011 0.0538652 0.053419 0.0518573 0.0485321 0.0430686 0.0356726 0.0272009
 0.00477983 0.00782907 0.0119086 0.0170329 0.023084 0.0297164 0.0363372 0.0422608 0.0469677 0.0502724 0.0522949 0.0533125 0.0536315 0.0535306 0.0532452 0.0529587 0.0527834 0.0527235 0.0526141 0.0520645 0.0504744 0.0472014 0.0418698 0.0346719 0.0264346
 0.00497203 0.00814445 0.0123887 0.0177183 0.0240064 0.0308863 0.0377311 0.0438157 0.0485892 0.051851 0.0537211 0.0544869 0.0544699 0.0539683 0.0532425 0.0525049 0.0518993 0.0514592 0.0510455 0.050289 0.0486077 0.0453711 0.0402025 0.0332709 0.025358
 0.0051866 0.00849453 0.0129181 0.0184691 0.0250118 0.0321585 0.0392481 0.0455163 0.0503793 0.0536198 0.0553566 0.0558854 0.0555404 0.0546343 0.0534446 0.0522053 0.0510869 0.0501569 0.0493154 0.0482352 0.0463738 0.0431288 0.0381277 0.0315101 0.0239966
 0.00541108 0.00886415 0.013483 0.019279 0.0261059 0.0335506 0.0409111 0.0473771 0.0523305 0.0555402 0.0571306 0.057412 0.0567339 0.0554221 0.0537653 0.0520096 0.0503433 0.0488614 0.0475058 0.046004 0.0438734 0.0405609 0.0357112 0.0294349 0.0223792
 0.00566034 0.00926927 0.0140929 0.0201396 0.027253 0.0349968 0.0426316 0.0493034 0.0543578 0.0575457 0.0589921 0.0590208 0.058 0.0562738 0.0541456 0.0518718 0.0496509 0.0475961 0.0456846 0.0437006 0.0412337 0.0377972 0.0330696 0.0271389 0.0205737
 0.00589875 0.00966314 0.0146971 0.0210089 0.0284306 0.0364966 0.0444216 0.0513012 0.0564441 0.0595894 0.0608717 0.0606344 0.0592658 0.0571266 0.0545327 0.0517497 0.0489837 0.0463612 0.0438875 0.0413993 0.0385604 0.0349607 0.0303251 0.0247282 0.0186617
 0.00612566 0.0100362 0.0152667 0.0218255 0.0295359 0.0379094 0.0461216 0.0532212 0.0584775 0.0616087 0.062749 0.0622565 0.0605419 0.0579894 0.0549342 0.0516539 0.0483614 0.0451919 0.0421729 0.0391869 0.0359679 0.0321843 0.0276135 0.0223259 0.016742
 0.00637873 0.0104478 0.0158863 0.0226993 0.0306981 0.0393684 0.0478461 0.0551352 0.060471 0.0635584 0.0645371 0.0637813 0.0617216 0.0587619 0.055255 0.0514923 0.0476963 0.0440107 0.0404809 0.0370283 0.0334498 0.0294876 0.0249732 0.0199776 0.014857
 0.00661572 0.0108367 0.0164782 0.0235434 0.0318314 0.0407998 0.0495405 0.0570094 0.0624069 0.0654272 0.0662216 0.0651878 0.0627809 0.0594258 0.055491 0.0512782 0.0470167 0.0428578 0.0388631 0.0349876 0.0310838 0.0269605 0.0224991 0.0177736 0.0130834
 0.0068547 0.0112286 0.0170741 0.0243924 0.0329706 0.042238 0.0512422 0.058889 0.0643407 0.0672774 0.067861 0.0665152 0.0637269 0.0599514 0.0555806 0.0509306 0.0462363 0.0416526 0.0372507 0.0330121 0.0288355 0.0245867 0.0201909 0.0157249 0.0114371
 0.00707502 0.0115936 0.017636 0.0252033 0.0340713 0.0436401 0.0529105 0.0607363 0.0662405 0.0690891 0.0694543 0.0677856 0.0646019 0.0603912 0.0555739 0.0504869 0.0453771 0.0404046 0.035648 0.031107 0.0267155 0.022384 0.0180726 0.0138581 0.00994358
 0.00727602 0.011922 0.0181334 0.02591 0.0350191 0.0448407 0.054342 0.0623367 0.0679131 0.0707181 0.0709224 0.0689882 0.0654577 0.0608472 0.0556068 0.050099 0.0445893 0.0392504 0.0341719 0.0293697 0.0248046 0.0204204 0.0162014 0.0122203 0.00863971
 0.00740834 0.0121419 0.0184733 0.0264036 0.035695 0.0457121 0.0553969 0.0635336 0.069187 0.0719918 0.0721163 0.0700264 0.0662705 0.0613748 0.0558045 0.0499415 0.0440727 0.0383914 0.0330071 0.0279576 0.0232294 0.0187929 0.0146487 0.0108625 0.00756009
 0.00752903 0.0123345 0.018757 0.0267948 0.0362058 0.0463474 0.0561497 0.064382 0.0700949 0.072913 0.073 0.0708211 0.0669266 0.0618461 0.0560495 0.0499264 0.0437751 0.037806 0.0321501 0.0268717 0.021986 0.0174892 0.0133956 0.00976312 0.00668521
 0.00757861 0.0124147 0.0188772 0.0269639 0.0364316 0.0466352 0.0565008 0.0647932 0.0705593 0.0734215 0.07354 0.0713735 0.0674625 0.0623262 0.0564269 0.0501519 0.0438048 0.0376086 0.0317157 0.0262183 0.0211632 0.0165753 0.0124851 0.00894627 0.00602595
 0.00764446 0.0125139 0.0190118 0.0271312 0.0366256 0.0468492 0.0567293 0.0650326 0.070808 0.0736794 0.073809 0.0716545 0.0677529 0.0626148 0.0566909 0.0503571 0.0439093 0.0375718 0.0315086 0.025835 0.020628 0.0159425 0.0118289 0.0083418 0.00552962
 0.00773403 0.0126514 0.0192032 0.0273754 0.0369137 0.0471643 0.0570474 0.0653257 0.0710509 0.0738581 0.0739246 0.071722 0.067793 0.062646 0.0567213 0.0503805 0.0439051 0.037509 0.0313556 0.0255717 0.0202567 0.0154925 0.0113506 0.00789242 0.005155
 0.00776935 0.012711 0.0192968 0.0275123 0.0370998 0.0473978 0.0573145 0.0656015 0.071305 0.0740631 0.0740639 0.0717935 0.0678077 0.0626225 0.0566792 0.0503324 0.0438516 0.0374374 0.0312446 0.0254003 0.0200162 0.0151936 0.0110234 0.00757656 0.00488582
 0.00782277 0.0127898 0.0194007 0.0276368 0.0372387 0.0475462 0.057471 0.065766 0.0714744 0.0742281 0.0742089 0.0719011 0.0678653 0.0626273 0.0566387 0.0502604 0.043761 0.0373341 0.0311247 0.0252538 0.0198349 0.0149795 0.0107918 0.00735179 0.00469214
 0.00784599 0.0128238 0.0194446 0.0276871 0.0372894 0.0475907 0.0575039 0.0657856 0.0714848 0.0742389 0.0742322 0.0719452 0.0679296 0.0627018 0.0567089 0.0503135 0.04379 0.0373366 0.0310997 0.0251991 0.0197485 0.0148636 0.0106562 0.00721295 0.00456754
 0.00788359 0.0128797 0.0195189 0.0277759 0.0373856 0.047685 0.0575863 0.0658464 0.071517 0.0742406 0.0742085 0.0719075 0.0678919 0.0626752 0.0566975 0.0503134 0.0437922 0.0373313 0.031079 0.0251583 0.0196859 0.0147815 0.0105616 0.00711647 0.00448073
 0.00789274 0.0128947 0.0195415 0.0278076 0.0374262 0.0477322 0.0576348 0.0658889 0.0715458 0.074251 0.0742002 0.0718848 0.0678627 0.0626487 0.0566813 0.050311 0.0438015 0.0373455 0.031089 0.0251557 0.0196656 0.0147432 0.0105097 0.007059 0.00442643
 0.00788857 0.0128844 0.0195199 0.0277683 0.0373645 0.0476484 0.0575363 0.0657898 0.0714623 0.0741956 0.0741783 0.0718948 0.0678988 0.0627044 0.0567509 0.0503904 0.0438865 0.0374306 0.0311668 0.0252184 0.0197073 0.0147616 0.0105074 0.00704232 0.00440343
 0.00790604 0.0129071 0.0195432 0.0277839 0.0373621 0.0476187 0.0574744 0.0656975 0.0713491 0.074077 0.0740727 0.0718188 0.0678624 0.0627092 0.0567913 0.0504569 0.0439687 0.0375188 0.0312525 0.0252938 0.019766 0.0148003 0.0105264 0.00704577 0.00439735
 0.00789303 0.0128894 0.0195226 0.0277636 0.0373444 0.0476026 0.0574548 0.065666 0.0712981 0.0740048 0.0739859 0.0717314 0.0677916 0.0626695 0.0567904 0.0504939 0.044036 0.0376049 0.031345 0.0253816 0.0198406 0.0148566 0.0105632 0.00706544 0.00440467
 0.00790297 0.0128984 0.0195232 0.0277455 0.0372982 0.0475254 0.0573533 0.0655553 0.0711955 0.073922 0.0739261 0.0716916 0.0677681 0.0626623 0.0568033 0.0505311 0.0440985 0.0376883 0.0314405 0.0254783 0.0199282 0.0149279 0.0106149 0.0070985 0.00442282
 0.00786646 0.0128414 0.0194416 0.0276365 0.0371603 0.0473588 0.0571616 0.0653478 0.0709889 0.0737392 0.0737913 0.0716232 0.0677728 0.0627341 0.0569277 0.0506915 0.0442799 0.0378788 0.0316293 0.025655 0.0200834 0.0150544 0.0107099 0.00716338 0.00446285
 0.00785564 0.01282 0.0194028 0.0275717 0.0370623 0.0472248 0.0569964 0.0651635 0.0708018 0.0735657 0.073646 0.0715186 0.0677194 0.0627387 0.056991 0.0508064 0.0444335 0.038055 0.0318124 0.0258313 0.0202415 0.0151863 0.0108114 0.00723504 0.00450875
 0.00783557 0.0127886 0.0193574 0.0275102 0.0369826 0.0471249 0.0568751 0.0650223 0.0706464 0.0734073 0.0734993 0.0713995 0.0676416 0.0627115 0.0570182 0.0508862 0.0445585 0.0382129 0.0319878 0.0260079 0.0204049 0.0153257 0.010921 0.00731394 0.00456051
 0.00778527 0.0127067 0.0192344 0.0273385 0.0367591 0.0468552 0.0565761 0.0647209 0.0703738 0.0731902 0.0733546 0.0713336 0.0676528 0.0627938 0.0571628 0.0510827 0.0447941 0.0384728 0.0322554 0.0262661 0.0206381 0.0155219 0.0110742 0.0074241 0.00463302
 0.00777856 0.0126894 0.0191966 0.0272668 0.0366401 0.0466805 0.0563473 0.0644523 0.0700899 0.0729213 0.0731301 0.0711763 0.0675762 0.0628004 0.0572465 0.0512313 0.0449928 0.0387051 0.0325038 0.0265127 0.0208662 0.0157182 0.0112302 0.00753821 0.00470927
 0.00774656 0.0126409 0.0191298 0.0271813 0.0365355 0.0465549 0.0561972 0.0642748 0.0698872 0.0727035 0.0729167 0.0709926 0.067447 0.0627442 0.0572712 0.0513334 0.0451598 0.038919 0.0327439 0.0267583 0.021098 0.0159207 0.0113935 0.00765909 0.00479098
 0.00934061 0.0148711 0.0218191 0.0299429 0.0388861 0.048095 0.0567527 0.0639214 0.0688637 0.0712887 0.0713408 0.0694099 0.0659493 0.0613846 0.0560812 0.0503298 0.0443462 0.0382871 0.0322757 0.0264295 0.020881 0.0157877 0.0113191 0.0076218 0.00477479
 0.00930222 0.0151042 0.0226911 0.0319108 0.0422976 0.0529195 0.0624113 0.0693827 0.0730123 0.0733674 0.0712003 0.0674472 0.0628329 0.0577685 0.0524444 0.0469543 0.0413674 0.0357538 0.030191 0.0247716 0.0196126 0.01486 0.0106755 0.00720189 0.00451936
 0.00899621 0.0146186 0.0220041 0.0310669 0.0414624 0.0524176 0.0626885 0.0708451 0.0757805 0.0770936 0.075112 0.0706415 0.0646541 0.0580356 0.0514189 0.0451263 0.0392261 0.0336559 0.0283383 0.0232474 0.0184281 0.0139879 0.010069 0.00680617 0.0042789
 0.00879175 0.0142854 0.0215015 0.0303593 0.0405331 0.0512965 0.0614893 0.0697934 0.0751998 0.0773174 0.0763336 0.0727685 0.0672736 0.0605468 0.0532765 0.0460496 0.0392554 0.0330538 0.0274299 0.022298 0.0175974 0.0133408 0.00960858 0.00650402 0.00409585
 0.00872936 0.0141717 0.0213072 0.0300486 0.0400709 0.0506608 0.060687 0.068874 0.0742659 0.0765289 0.0758935 0.0728745 0.0680328 0.0618914 0.0549435 0.0476628 0.0404761 0.0337107 0.0275526 0.022053 0.017185 0.0129182 0.00926177 0.00625849 0.0039413
 0.00870996 0.0141392 0.0212557 0.029969 0.0399493 0.0504777 0.0604191 0.0685011 0.0737826 0.0759604 0.0753082 0.0723863 0.0677825 0.0620011 0.0554563 0.0484991 0.0414449 0.0345815 0.0281518 0.0223246 0.0171859 0.0127623 0.009059 0.00607937 0.00381325
 0.00867971 0.0140901 0.0211821 0.029866 0.0398137 0.0503092 0.0602204 0.0682762 0.0735338 0.075687 0.0750119 0.0720831 0.0675145 0.061838 0.0554759 0.0487506 0.041912 0.0351729 0.0287327 0.0227749 0.0174478 0.0128502 0.00903288 0.0060057 0.00373863
 0.00868413 0.0140962 0.021189 0.0298715 0.0398143 0.0502996 0.0601943 0.0682268 0.073455 0.0755744 0.0748635 0.0719009 0.0673087 0.0616329 0.0553125 0.0486789 0.0419702 0.035364 0.0290137 0.0230717 0.0176887 0.0129966 0.00908757 0.00599897 0.00370588
 0.00867841 0.0140899 0.0211848 0.0298736 0.0398265 0.0503231 0.0602258 0.0682584 0.0734755 0.0755724 0.07483 0.0718311 0.0672033 0.0615 0.0551698 0.0485539 0.0418952 0.0353637 0.0290918 0.0232049 0.0178357 0.0131178 0.00916175 0.00602772 0.00370491
 0.00865723 0.0140543 0.0211295 0.029794 0.0397214 0.0501977 0.060093 0.0681372 0.0733851 0.0755248 0.0748256 0.0718591 0.0672473 0.0615439 0.0552042 0.0485793 0.041922 0.0354076 0.0291651 0.0233078 0.0179542 0.0132298 0.00924842 0.00608153 0.00373012
 0.00866242 0.0140623 0.0211406 0.0298075 0.0397347 0.0502062 0.0600906 0.0681181 0.0733474 0.0754725 0.0747682 0.0718075 0.0672085 0.061519 0.0551885 0.0485677 0.041913 0.0354054 0.029177 0.023339 0.0180028 0.0132863 0.00930074 0.00612053 0.00375328
 0.00864471 0.0140375 0.0211104 0.0297761 0.0397074 0.0501874 0.0600817 0.0681174 0.0733502 0.0754731 0.0747623 0.0717945 0.0671916 0.0615031 0.0551784 0.0485651 0.0419173 0.0354158 0.0291942 0.0233644 0.0180365 0.0133252 0.00933876 0.00615188 0.00377487
 0.00862683 0.0140086 0.0210678 0.029718 0.0396346 0.0501044 0.0599979 0.0680451 0.0733009 0.0754534 0.0747713 0.0718248 0.0672332 0.0615478 0.0552216 0.0486058 0.0419564 0.0354544 0.029233 0.0234038 0.0180762 0.0133639 0.00937391 0.00618065 0.0037956
 0.0086344 0.0140171 0.0210733 0.0297147 0.0396159 0.0500657 0.059939 0.0679712 0.0732221 0.0753818 0.0747182 0.0717972 0.0672326 0.0615695 0.055258 0.0486488 0.0420004 0.0354967 0.0292729 0.0234415 0.0181119 0.0133969 0.00940294 0.00620425 0.00381293
 0.00863187 0.0140149 0.0210733 0.0297191 0.0396257 0.050079 0.05995 0.0679716 0.0732045 0.0753441 0.074665 0.0717392 0.0671818 0.0615357 0.0552452 0.0486554 0.0420211 0.0355252 0.0293042 0.0234727 0.0181413 0.0134236 0.00942603 0.00622293 0.00382675
 0.00863187 0.0140149 0.0210733 0.0297191 0.0396257 0.050079 0.05995 0.0679716 0.0732045 0.0753441 0.074665 0.0717392 0.0671818 0.0615357 0.0552452 0.0486554 0.0420211 0.0355252 0.0293042 0.0234727 0.0181413 0.0134236 0.00942603 0.00622293 0.00382675
 0.00854265 0.013875 0.0208732 0.0294552 0.0393036 0.049716 0.0595769 0.0676295 0.0729359 0.0751801 0.0746184 0.0718038 0.067339 0.0617613 0.0555149 0.0489471 0.0423149 0.0358043 0.0295557 0.0236881 0.0183168 0.0135594 0.00952566 0.00629168 0.00387101
 0.00827436 0.0134432 0.0202336 0.0285756 0.0381772 0.0483799 0.0581259 0.0662128 0.0717278 0.0743361 0.0742362 0.0719062 0.0678791 0.0626433 0.0566193 0.0501546 0.0435231 0.0369356 0.0305581 0.0245326 0.0189935 0.0140735 0.00989404 0.00653897 0.00402536
 0.00877509 0.0142061 0.0212827 0.0298886 0.03968 0.0499449 0.059578 0.0673517 0.072374 0.0743873 0.0737027 0.0709053 0.0665934 0.0612652 0.0553063 0.0490072 0.0425846 0.036206 0.0300126 0.0241373 0.0187152 0.0138839 0.00976979 0.00646163 0.00398018
 0.00866108 0.0140913 0.0212385 0.0300207 0.0400944 0.0506967 0.0606289 0.0685642 0.0735478 0.0753189 0.0742412 0.0709848 0.0662391 0.0605771 0.0544269 0.0480823 0.0417306 0.0354925 0.029463 0.0237415 0.0184457 0.013709 0.00966151 0.00639777 0.00394457
 0.00870981 0.0141441 0.0212739 0.0300144 0.0400413 0.050636 0.0606516 0.0687854 0.0740478 0.0760848 0.0751481 0.0718359 0.0668405 0.060808 0.0542716 0.0476178 0.0410857 0.0348006 0.0288272 0.02322 0.0180552 0.0134384 0.00948629 0.00629142 0.00388412
 0.00880708 0.0143066 0.0215238 0.0303681 0.0404979 0.051166 0.0611955 0.0692725 0.0744297 0.0763619 0.075363 0.0720325 0.0670198 0.0609145 0.0542232 0.0473563 0.0406124 0.0341778 0.0281506 0.0225822 0.0175194 0.0130306 0.00920241 0.00610947 0.00377651
 0.00881181 0.0143167 0.0215443 0.0304075 0.0405688 0.0512833 0.0613722 0.0695112 0.074716 0.0766649 0.0756474 0.0722747 0.0672145 0.0610646 0.054321 0.0473746 0.0405177 0.0339553 0.0278209 0.0221967 0.0171395 0.0127052 0.00895561 0.00594179 0.0036737
 0.00864467 0.0140532 0.0211644 0.0299023 0.0399468 0.0505787 0.0606503 0.0688644 0.074245 0.07645 0.0757244 0.0726264 0.0677806 0.0617625 0.0550654 0.0480894 0.0411401 0.0344399 0.0281469 0.0223725 0.0171991 0.0126943 0.00891566 0.00590026 0.00364273
 0.00876822 0.0142258 0.0213714 0.0301103 0.0401114 0.0506567 0.0606129 0.068705 0.073982 0.0761255 0.0753969 0.0723575 0.0676188 0.0617292 0.0551507 0.0482578 0.0413429 0.0346286 0.0282839 0.0224396 0.0171996 0.0126479 0.00884892 0.00583561 0.00359275
 0.0090085 0.0146182 0.0219615 0.030932 0.0411672 0.0518951 0.0619126 0.0698877 0.0748579 0.0765536 0.0753287 0.0718444 0.066784 0.0607255 0.0541195 0.0473024 0.0405184 0.033947 0.0277298 0.0219877 0.0168283 0.0123455 0.00861108 0.00565995 0.00347347
 0.00885418 0.0143995 0.0216939 0.0306554 0.0409417 0.0517883 0.0619837 0.0701683 0.0753348 0.0771593 0.0759527 0.0723649 0.06711 0.0608253 0.0540234 0.04708 0.0402464 0.0336842 0.0275057 0.0218071 0.0166831 0.0122263 0.00851299 0.00558234 0.00341664
 0.00845997 0.0137538 0.0207188 0.0292903 0.0391745 0.0496953 0.0597575 0.0681031 0.0737564 0.0763263 0.0759767 0.0731867 0.0685337 0.0625884 0.0558715 0.0488218 0.0417739 0.0349608 0.0285383 0.0226192 0.0173002 0.0126734 0.00881728 0.00577438 0.00352791
 0.00850966 0.0137888 0.020685 0.0291045 0.03874 0.0489327 0.058639 0.066679 0.0721638 0.0747756 0.0747116 0.0724233 0.0683966 0.0630723 0.0568488 0.0500913 0.0431271 0.0362344 0.0296358 0.0235043 0.0179762 0.0131635 0.00915276 0.00598904 0.00365489
#pred catch len freq
 0.00309811 0.00506349 0.00770427 0.0110845 0.0152519 0.0201824 0.0257217 0.0315863 0.0374271 0.0429023 0.0477268 0.0517041 0.0547507 0.0568946 0.058247 0.0589669 0.059237 0.0592301 0.0590299 0.0584997 0.0571768 0.0543359 0.0493103 0.0419518 0.032916
 0.00335426 0.00540851 0.00809355 0.0114376 0.0154811 0.0202348 0.0256066 0.0313682 0.0371857 0.0426884 0.0475441 0.0515282 0.0545681 0.0567334 0.0581787 0.0590757 0.059571 0.0597581 0.0596275 0.0589804 0.0573616 0.0541323 0.0487549 0.0411912 0.0321359
 0.00343398 0.00558125 0.00842703 0.0120049 0.0163233 0.0213129 0.026778 0.032417 0.0379061 0.0429733 0.0474189 0.0511129 0.0540034 0.0561286 0.0576056 0.0585896 0.0592199 0.0595635 0.0595529 0.058921 0.0571795 0.0537226 0.048105 0.0403904 0.0313285
 0.00355178 0.0057593 0.00867593 0.0123412 0.0167837 0.021964 0.027701 0.0336596 0.0394186 0.0445747 0.0488342 0.0520764 0.0543674 0.0559095 0.0569473 0.0576842 0.058239 0.0586213 0.0586931 0.0581195 0.0563673 0.0528324 0.047122 0.0393731 0.0303832
 0.00368592 0.00598072 0.00901434 0.012824 0.0174294 0.0227749 0.0286629 0.0347519 0.0406277 0.0458902 0.0502175 0.0534198 0.0554877 0.0566007 0.0570678 0.0572204 0.0573017 0.0573855 0.0573224 0.0567179 0.0549739 0.0514543 0.0457775 0.0381167 0.0292941
