SBPRF35
10.5862
Curr Bio
561636
B35
746026
F35
0.184468
FOFL
0.146183
OFL
71077
Bzero
3.02464e+006
#pred survey bio
 4.14869e+006 3.97085e+006 3.79652e+006 3.58265e+006 3.32377e+006 3.01437e+006 2.72997e+006 2.44881e+006 2.17152e+006 1.91264e+006 1.67063e+006 1.49605e+006 1.30415e+006 1.16522e+006 1.03002e+006 916139 814591 746449 705503 658464 630833 611318 591595 581788 569822 567645 565382 550260 547630 545980 542901 552680 549318 548249 543027 531547 528557 522055 523406 530161 531096 538739 550335 555002 557750 564799 562062 574794 583702 587224 589875 571980 576104 570818 547853 519571 491010 503753 487318 510338 542581 577175 587140 566548 2.11219e+007 1.27822e+007 1.31962e+007 1.42031e+007 1.5576e+007 1.70504e+007 1.8442e+007 1.96539e+007 2.06539e+007 2.14493e+007 2.20658e+007 2.25355e+007 2.2889e+007 2.31534e+007 2.33504e+007 2.3497e+007 2.36064e+007 2.36881e+007 2.37495e+007 2.37958e+007 2.38309e+007 2.38576e+007 2.38782e+007 2.3894e+007 2.39062e+007 2.39157e+007 2.39231e+007 2.39289e+007 2.39335e+007 2.39371e+007 2.39399e+007 2.39422e+007 2.3944e+007 2.39454e+007 2.39465e+007 2.39474e+007 2.39481e+007 2.39487e+007 2.39492e+007 2.39495e+007 2.39498e+007 2.39501e+007 2.39503e+007 2.39504e+007 2.39505e+007 2.39506e+007 2.39507e+007 2.39508e+007 2.39508e+007 2.39509e+007 2.39509e+007 2.39509e+007 2.39509e+007 2.3951e+007 2.3951e+007 2.3951e+007 2.3951e+007 2.3951e+007 2.3951e+007 2.3951e+007 2.3951e+007 2.3951e+007 2.3951e+007 2.3951e+007 2.3951e+007 2.3951e+007 2.3951e+007 2.3951e+007 2.3951e+007 2.3951e+007 2.3951e+007 2.3951e+007 2.3951e+007 2.3951e+007 2.3951e+007 2.3951e+007 2.3951e+007 2.3951e+007 2.3951e+007 2.3951e+007 2.3951e+007 2.3951e+007 2.3951e+007 2.3951e+007 2.3951e+007 2.3951e+007 2.3951e+007 2.3951e+007 2.3951e+007 2.3951e+007 2.3951e+007 2.3951e+007 2.3951e+007 2.3951e+007 2.3951e+007 2.3951e+007 2.3951e+007 2.3951e+007 2.3951e+007 2.3951e+007 0 0 0 0 0 0 0 0 0 0 0 0 0 0 0 0 0 0 0 0 0 0 0 0 0
#obs survey bio
 3.03823e+006 4.56761e+006 2.76839e+006 3.58242e+006 3.59798e+006 3.04937e+006 2.69219e+006 2.58018e+006 1.75914e+006 1.86638e+006 1.88677e+006 1.37448e+006 911850 759278 727481 736028 658532 866015 566445 698317 466866 638944 588428 648924 621677 439812 401880 629591 412634 709662 617672 484989 513845 708598 763764 470920 740889 563972 639795 399460 551209 810060 427297 745759 425282 549119 505243 824471 521442 595041 487984 594978 664681 801180 562893 391146 527458 562181 533482 443249 521048 693549 487666 688774
#pred catch bio
 102837 105458 151817 208379 274292 273288 292085 308891 310121 309551 260732 284467 243236 243074 224298 211081 178680 152119 153602 133724 125022 123551 113664 114168 104943 104443 113378 100580 98339 98006 86473.8 97058.2 93228 93747.4 95307.3 86417.7 91084.2 87303.8 85035.1 90700.6 84838 81649 87740.8 89282.3 86084.1 95158.9 83164.9 87864.6 93320.3 94747.9 111903 92769.1 100175 112641 113923 111313 75674.8 100167 67297.9 62391 62964.6 85237.2 110267 60284.5 71077 88771.6 90428.9 96011.1 104836 114648 123894 131830 138238 143195 146909 149627 151578 152960 153926 154597 155059 155375 155590 155736 155835 155902 155947 155977 155997 156011 156020 156026 156030 156033 156035 156036 156037 156037 156038 156038 156038 156038 156038 156038 156038 156038 156038 156038 156038 156038 156038 156038 156038 156038 156038 156038 156038 156038 156038 156038 156038 156038 156038 156038 156038 156038 156038 156038 156038 156038 156038 156038 156038 156038 156038 156038 156038 156038 156038 156038 156038 156038 156038 156038 156038 156038 156038 156038 156038 156038 156038 156038 156038 156038 156038 156038 156038 156038 156038 156038 156038 156038 156038 156038 0 0 0 0 0 0 0 0 0 0 0 0 0 0 0 0 0 0 0 0 0 0 0 0 0
#obs catch bio
 0 105138 151850 208819 275709 274398 294159 311562 312635 313379 262489 288219 246219 248225 228788 214828 181741 153604 155463 134454 126308 125083 114905 115545 105890 105911 115455 101267 99277.7 98875.8 86575.5 98195.5 94430 94329.4 95824.9 86659.1 90897.8 86775.1 84471.6 90422.1 84383.7 80722.3 87081.8 88409.4 85114.4 94315.5 82763.4 87221.8 92601.8 93907.5 111522 92218 99591.2 111725 112564 110301 74384.1 99197.3 66581.5 62071.8 62629.6 84785 111042 59990.4
#pred cpue bio
 4.08762e+006 3.91274e+006 3.74095e+006 3.52809e+006 3.27006e+006 2.9621e+006 2.67893e+006 2.39916e+006 2.12354e+006 1.86639e+006 1.6263e+006 1.45298e+006 1.26303e+006 1.12532e+006 991882 879929 780493 714048 674442 628965 602133 583083 563930 554503 543019 540978 538913 524577 522367 521051 518366 528021 524911 524357 520089 509612 506467 499005 499421 505902 507131 514918 526401 530977 533663 540413 537498 549710 558374 561741 564188 546644 550637 545837 523858 496386 468500 480903 465073 487341 518781 552727 562468 542297 2.0263e+007 1.22858e+007 1.25673e+007 1.34028e+007 1.47068e+007 1.61629e+007 1.75504e+007 1.87613e+007 1.97612e+007 2.05566e+007 2.11731e+007 2.16427e+007 2.19963e+007 2.22607e+007 2.24576e+007 2.26043e+007 2.27136e+007 2.27954e+007 2.28567e+007 2.2903e+007 2.29381e+007 2.29649e+007 2.29854e+007 2.30012e+007 2.30135e+007 2.3023e+007 2.30304e+007 2.30362e+007 2.30408e+007 2.30444e+007 2.30472e+007 2.30494e+007 2.30512e+007 2.30526e+007 2.30538e+007 2.30547e+007 2.30554e+007 2.3056e+007 2.30564e+007 2.30568e+007 2.30571e+007 2.30573e+007 2.30575e+007 2.30577e+007 2.30578e+007 2.30579e+007 2.3058e+007 2.3058e+007 2.30581e+007 2.30581e+007 2.30582e+007 2.30582e+007 2.30582e+007 2.30582e+007 2.30582e+007 2.30582e+007 2.30583e+007 2.30583e+007 2.30583e+007 2.30583e+007 2.30583e+007 2.30583e+007 2.30583e+007 2.30583e+007 2.30583e+007 2.30583e+007 2.30583e+007 2.30583e+007 2.30583e+007 2.30583e+007 2.30583e+007 2.30583e+007 2.30583e+007 2.30583e+007 2.30583e+007 2.30583e+007 2.30583e+007 2.30583e+007 2.30583e+007 2.30583e+007 2.30583e+007 2.30583e+007 2.30583e+007 2.30583e+007 2.30583e+007 2.30583e+007 2.30583e+007 2.30583e+007 2.30583e+007 2.30583e+007 2.30583e+007 2.30583e+007 2.30583e+007 2.30583e+007 2.30583e+007 2.30583e+007 2.30583e+007 2.30583e+007 2.30583e+007 2.30583e+007 0 0 0 0 0 0 0 0 0 0 0 0 0 0 0 0 0 0 0 0 0 0 0 0 0
#obs cpue bio
 4.20261e+006 5.78141e+006 4.07403e+006 2.14873e+006 2.67888e+006 2.29014e+006 2.03752e+006 2.04243e+006 2.59921e+006 1.4134e+006 1.44394e+006 1.29112e+006 1.25516e+006 961641 1.11936e+006 1.05233e+006 695102 667101 740458 669591 514649 442761 460825 428522 451321 405201 581072 652030 510522 397694 577341 317182 377507 608998 394150 556103 619830 638345 454259 610288 594489 638692 594576 548458 850638 615498 396452 583276 724134 607374 608721 527154 569551 519736 714297 755096 746795 473412 434602 449830 501537 567548 408369 491977
#pred surv len freq
 0.00490127 0.00793547 0.0119024 0.0167719 0.0224247 0.0285796 0.0347624 0.0404138 0.0450965 0.0486387 0.0511169 0.0527349 0.0537137 0.0542385 0.0544436 0.0544174 0.0542148 0.0538594 0.053306 0.0523589 0.0506078 0.0474908 0.0425473 0.0357629 0.0277605
 0.00510454 0.00817546 0.012101 0.0168131 0.0222006 0.0280557 0.0340196 0.0396306 0.0444722 0.0483027 0.0510799 0.0529086 0.0539766 0.0545043 0.0546959 0.0546996 0.0545876 0.0543485 0.0538673 0.0528811 0.0509564 0.0475721 0.0423552 0.0353795 0.0273118
 0.00535784 0.0085809 0.0126924 0.0175994 0.0231433 0.0290489 0.0348912 0.0401879 0.0445831 0.0479682 0.0504411 0.0521752 0.0533245 0.0540119 0.0543528 0.0544616 0.0544253 0.0542554 0.0538313 0.0528562 0.0508644 0.0473398 0.0419602 0.0348688 0.0267782
 0.00554452 0.00889284 0.013178 0.0183096 0.0241206 0.0303056 0.0363828 0.0417923 0.0461051 0.0491786 0.0511457 0.0522863 0.0528949 0.0532049 0.0533653 0.0534496 0.0534721 0.0533839 0.05303 0.0520949 0.0501034 0.0465462 0.0411319 0.0340471 0.0260339
 0.0057521 0.0092253 0.0136704 0.018995 0.0250285 0.0314572 0.0377809 0.0434071 0.0478607 0.0509438 0.0527378 0.0534985 0.0535486 0.0532103 0.0527555 0.0523641 0.0520972 0.0518865 0.0515188 0.0506194 0.0486766 0.0451753 0.0398417 0.0328867 0.0250619
 0.00604169 0.00968343 0.0143366 0.0198982 0.026184 0.032861 0.0394035 0.0451917 0.049729 0.0528044 0.054488 0.0550166 0.054691 0.0538276 0.0527328 0.0516656 0.0507884 0.0501141 0.0494625 0.0484434 0.0465082 0.0431114 0.037966 0.0312761 0.0237749
 0.00630131 0.0101014 0.014958 0.0207627 0.0273185 0.0342697 0.0410558 0.0470192 0.0516356 0.0546852 0.056245 0.0565618 0.0559375 0.0546791 0.0530827 0.0514174 0.0498907 0.0485931 0.0474289 0.0460698 0.0439923 0.0406441 0.0357125 0.0293626 0.0222753
 0.00657489 0.0105387 0.0156028 0.021652 0.0284782 0.0357057 0.0427435 0.0488972 0.05361 0.0566441 0.0580752 0.0581611 0.0572196 0.05557 0.053512 0.0513134 0.0491888 0.047262 0.0455016 0.043663 0.0412984 0.0378991 0.033151 0.0271726 0.0205653
 0.00688973 0.0110388 0.0163338 0.0226494 0.0297618 0.0372722 0.0445562 0.0508819 0.0556633 0.0586501 0.0599218 0.0597496 0.0584678 0.0564107 0.0538892 0.051176 0.0484892 0.0459652 0.043611 0.0412507 0.0385239 0.0349973 0.0303868 0.0247783 0.0186855
 0.00718683 0.0115183 0.017049 0.0236472 0.0310741 0.0389017 0.046462 0.0529753 0.0578195 0.0607329 0.0618058 0.0613328 0.0596736 0.057184 0.0541896 0.0509701 0.0477461 0.0446603 0.0417434 0.0388728 0.0357677 0.032078 0.0275684 0.0223092 0.0167314
 0.00755326 0.0120932 0.017876 0.0247549 0.0324739 0.0405839 0.0483876 0.0550692 0.0599734 0.0628181 0.0636912 0.0629016 0.0608345 0.0578762 0.0543796 0.0506418 0.0468909 0.0432739 0.0398363 0.0364946 0.0330352 0.0291863 0.0247666 0.0198408 0.0147671
 0.00781794 0.0125151 0.0184954 0.0256037 0.0335703 0.0419244 0.049939 0.0567667 0.0617301 0.0645406 0.0652912 0.0642987 0.061954 0.0586489 0.0547456 0.0505552 0.0463209 0.042206 0.0382779 0.0344905 0.0306886 0.0266686 0.0222992 0.0176458 0.0130057
 0.00821854 0.0131467 0.0194087 0.0268316 0.0351207 0.0437707 0.0520095 0.0589421 0.0638601 0.0664726 0.0668996 0.0654999 0.0627072 0.0589448 0.0545917 0.0499626 0.045298 0.0407602 0.0364269 0.0322811 0.0282172 0.0240915 0.0198172 0.0154599 0.011261
 0.0084037 0.0134603 0.0199041 0.0275659 0.0361429 0.0451018 0.0536228 0.0607568 0.0657525 0.068301 0.0685283 0.066817 0.0636333 0.0594365 0.0546371 0.0495717 0.044491 0.0395603 0.0348632 0.0304021 0.0261099 0.0218909 0.017695 0.0135879 0.00976385
 0.00859157 0.0137673 0.0203698 0.0282304 0.0370414 0.0462551 0.0550236 0.0623598 0.0674725 0.0700215 0.070117 0.0681454 0.0645956 0.0599636 0.0547011 0.0491805 0.0436763 0.0383663 0.0333415 0.0286171 0.024151 0.0198809 0.0157816 0.0119152 0.008434
 0.00876412 0.0140427 0.0207752 0.0287889 0.03777 0.0471598 0.0560941 0.063565 0.068762 0.0713295 0.0713675 0.069255 0.0654793 0.0605434 0.0549181 0.0490035 0.0431049 0.0374276 0.0320846 0.0271114 0.0224881 0.0181759 0.0141643 0.0105069 0.00731809
 0.00889276 0.014259 0.0211136 0.0292849 0.0384514 0.0480339 0.0571361 0.0647163 0.0699425 0.072457 0.0723729 0.0700871 0.0661006 0.0609229 0.0550275 0.0488192 0.0426141 0.0366354 0.0310195 0.0258282 0.0210682 0.0167232 0.0127927 0.00931916 0.00638185
 0.0089654 0.0143651 0.0212524 0.0294524 0.0386465 0.0482672 0.0574323 0.0651073 0.0704513 0.0730818 0.0730805 0.0708196 0.0667898 0.0615044 0.0554469 0.049033 0.0425898 0.0363544 0.030484 0.0250678 0.020143 0.0157196 0.0118102 0.008449 0.00568644
 0.00900335 0.0144145 0.0213042 0.0294902 0.0386517 0.0482269 0.0573485 0.0650024 0.0703681 0.0730758 0.0732043 0.0711041 0.067229 0.0620521 0.0560278 0.0495607 0.0429847 0.0365561 0.0304594 0.0248164 0.0196989 0.015148 0.0111943 0.00787106 0.00520735
 0.00924263 0.0147712 0.0217797 0.0300621 0.0392767 0.0488482 0.0579033 0.0654305 0.0706233 0.0731402 0.0730979 0.0708818 0.0669634 0.0618094 0.0558453 0.0494377 0.0428863 0.0364299 0.0302553 0.0245041 0.0192788 0.014652 0.0106768 0.00739149 0.00481193
 0.00937797 0.0149819 0.0220787 0.0304524 0.0397485 0.0493751 0.0584403 0.0659177 0.070998 0.0733539 0.073131 0.0707483 0.0667066 0.0614892 0.0555223 0.0491555 0.0426598 0.0362436 0.0300733 0.0242884 0.0190074 0.0143287 0.0103295 0.00706001 0.00453184
 0.00937616 0.0149926 0.0221199 0.0305493 0.0399265 0.0496492 0.0588054 0.0663446 0.071438 0.0737496 0.0734289 0.0709107 0.0667203 0.0613683 0.0553041 0.0488885 0.0423885 0.0359943 0.0298492 0.024075 0.0187863 0.0140914 0.0100839 0.00682653 0.00433273
 0.00942366 0.0150606 0.0222059 0.0306478 0.0400334 0.0497683 0.0589502 0.0665333 0.0716818 0.0740409 0.0737364 0.0711864 0.066914 0.0614449 0.0552535 0.0487278 0.0421533 0.0357253 0.0295786 0.0238192 0.0185479 0.013868 0.00987643 0.00664194 0.0041806
 0.00941029 0.0150395 0.0221754 0.030606 0.0399792 0.0497014 0.0588739 0.0664575 0.0716253 0.0740292 0.073794 0.0713241 0.0671198 0.0616834 0.0554778 0.0488963 0.0422435 0.0357376 0.0295296 0.0237307 0.0184382 0.0137495 0.00975814 0.00653224 0.00408739
 0.00949458 0.0151601 0.0223263 0.0307711 0.0401363 0.0498295 0.0589586 0.066493 0.0716135 0.0739788 0.07372 0.0712468 0.0670603 0.0616557 0.0554818 0.0489165 0.0422563 0.0357224 0.029477 0.0236445 0.0183305 0.0136344 0.00964769 0.00643526 0.00400928
 0.00942965 0.0150703 0.0222197 0.0306638 0.0400461 0.0497669 0.0589214 0.0664682 0.0715863 0.0739423 0.0736802 0.0712194 0.0670635 0.0617027 0.0555758 0.0490491 0.0424086 0.0358698 0.029597 0.0237232 0.0183656 0.0136334 0.00962315 0.00640006 0.00397373
 0.00922766 0.0147761 0.0218412 0.0302321 0.039609 0.0493768 0.0586229 0.0662906 0.0715389 0.0740138 0.0738421 0.0714369 0.0673071 0.0619555 0.0558326 0.0493092 0.0426684 0.0361192 0.0298209 0.0239067 0.0184998 0.0137184 0.0096668 0.00641486 0.00397229
 0.00928919 0.0148481 0.0218989 0.0302386 0.0395295 0.0491986 0.0583699 0.0660191 0.0713159 0.0738887 0.073829 0.071515 0.0674363 0.0620959 0.0559585 0.0494125 0.0427537 0.0361941 0.0298895 0.0239671 0.0185468 0.0137479 0.00967904 0.00641395 0.00396425
 0.00925606 0.0147969 0.0218256 0.0301378 0.0393917 0.0490087 0.0581112 0.0656843 0.0709216 0.0734833 0.0734848 0.0713034 0.0673998 0.0622327 0.0562279 0.049756 0.0431167 0.0365384 0.030194 0.0242222 0.0187493 0.0138985 0.00978215 0.00647774 0.00399919
 0.00917281 0.0146725 0.0216587 0.0299346 0.0391638 0.0487695 0.0578721 0.0654522 0.0706983 0.0732686 0.0732836 0.0711339 0.0672939 0.062226 0.0563424 0.0499871 0.0434333 0.0368951 0.0305465 0.0245379 0.0190101 0.0140984 0.00992408 0.00657037 0.00405417
 0.00930972 0.0148527 0.0218522 0.0300888 0.0392198 0.0486874 0.05765 0.0651271 0.0703287 0.0729099 0.0729716 0.0708827 0.0671058 0.062104 0.056295 0.0500245 0.0435571 0.0370913 0.0307865 0.0247873 0.0192385 0.0142864 0.0100644 0.00666566 0.00411289
 0.00914692 0.014629 0.0215892 0.0298265 0.0389988 0.0485238 0.0575217 0.0649845 0.0701262 0.0726379 0.0726673 0.0706123 0.0669327 0.0620634 0.0563899 0.0502355 0.0438561 0.0374485 0.0311709 0.025167 0.0195836 0.0145743 0.0102844 0.00681917 0.00421039
 0.00889435 0.0142627 0.0211218 0.0293024 0.0384864 0.0480993 0.0572499 0.0649009 0.0702235 0.0728637 0.0729397 0.0708526 0.0670976 0.062158 0.0564533 0.0503142 0.0439818 0.0376305 0.031399 0.0254193 0.0198338 0.0147985 0.0104661 0.00695229 0.00429843
 0.00860725 0.0138152 0.0204866 0.0284737 0.0374885 0.0469955 0.0561472 0.0639395 0.0695449 0.0725666 0.0730467 0.0713047 0.0677801 0.0629432 0.0572401 0.0510475 0.0446478 0.0382371 0.0319555 0.0259255 0.0202798 0.0151714 0.0107572 0.00716198 0.00443655
 0.00854939 0.0136956 0.0202599 0.0280833 0.0368823 0.0461508 0.0550943 0.0627702 0.0683993 0.0716026 0.0724029 0.0710677 0.0679637 0.0634873 0.0580324 0.0519599 0.045572 0.0391027 0.0327293 0.0265963 0.0208448 0.015629 0.0111084 0.0074135 0.00460249
 0.00921421 0.0146311 0.0213971 0.0292615 0.0378879 0.046783 0.055223 0.0623624 0.0675132 0.0703683 0.0709979 0.0696878 0.0667866 0.0626368 0.0575556 0.0518274 0.0457009 0.0393915 0.0330878 0.026961 0.0211787 0.0159133 0.0113349 0.00758137 0.00471698
 0.00977027 0.0155066 0.0226538 0.0309168 0.0398867 0.048969 0.0573291 0.0640477 0.0684571 0.0703819 0.0700921 0.0680606 0.0647465 0.0605073 0.0556011 0.0502146 0.0444931 0.0385677 0.0325761 0.0266736 0.0210368 0.0158578 0.0113258 0.00759323 0.0047347
 0.00973721 0.0155398 0.0228638 0.0314585 0.0409168 0.0505769 0.0594703 0.0665174 0.0709192 0.0724449 0.0714066 0.068411 0.0641078 0.0590461 0.0536168 0.0480466 0.0424322 0.0368038 0.031189 0.0256569 0.0203345 0.0153975 0.0110394 0.00742486 0.00464209
 0.00943684 0.0150952 0.0222823 0.0307916 0.0402676 0.0500979 0.0593462 0.0669222 0.0719473 0.0740433 0.0733498 0.0703467 0.0656627 0.0599448 0.0537618 0.0475279 0.041472 0.0356661 0.0300979 0.0247507 0.0196626 0.0149448 0.0107593 0.00726486 0.00455764
 0.00922497 0.0147507 0.021766 0.0300742 0.0393443 0.0490107 0.0582037 0.0659012 0.0712651 0.0739006 0.0738613 0.0714864 0.0672477 0.0616754 0.0553111 0.0486459 0.042057 0.0357721 0.0298816 0.0243937 0.0193072 0.0146677 0.0105784 0.00716382 0.00450925
 0.00913792 0.0146109 0.0215578 0.0297811 0.0389493 0.048499 0.0575711 0.0651686 0.0704939 0.0731997 0.0733767 0.0713637 0.0675785 0.0624468 0.0563893 0.0498117 0.043081 0.0364954 0.0302602 0.0244874 0.0192294 0.0145282 0.0104494 0.00707421 0.00445885
 0.0091825 0.0146523 0.0215627 0.0297001 0.0387303 0.0481073 0.0570069 0.0644692 0.0697227 0.0724322 0.0726935 0.0708524 0.0673294 0.0625334 0.0568343 0.0505586 0.0439957 0.0374061 0.031018 0.0250145 0.0195295 0.0146601 0.010486 0.00707252 0.00444987
 0.0091584 0.0146215 0.0215301 0.0296702 0.0386993 0.0480546 0.0568926 0.0642454 0.0693557 0.0719246 0.0720933 0.0702434 0.0668112 0.0621999 0.0567552 0.0507614 0.0444511 0.0380274 0.0316838 0.0256093 0.0199809 0.0149526 0.0106478 0.00714902 0.00448123
 0.00913018 0.0145847 0.0214916 0.0296427 0.0386981 0.0480917 0.0569688 0.0643441 0.0694405 0.0719456 0.0720026 0.0700168 0.0664655 0.0617955 0.0563812 0.0505069 0.0443762 0.0381421 0.0319455 0.0259406 0.0203009 0.0152057 0.0108154 0.00724239 0.0045249
 0.0092515 0.0147514 0.0216868 0.0298333 0.038846 0.0481711 0.0569786 0.0643064 0.0693862 0.0718952 0.0719532 0.0699432 0.0663347 0.0615887 0.0561101 0.0502167 0.0441303 0.0379963 0.031924 0.0260275 0.0204505 0.0153655 0.0109471 0.00733109 0.00457458
 0.00929037 0.0148198 0.0217976 0.0299973 0.0390642 0.0484254 0.0572288 0.0644998 0.069478 0.0718696 0.0718294 0.0697611 0.0661314 0.061382 0.0559003 0.0500022 0.0439223 0.0378211 0.0318108 0.0259914 0.0204832 0.0154397 0.0110309 0.00740125 0.00462192
 0.00931167 0.0148665 0.0218903 0.0301624 0.0393272 0.0487995 0.0577025 0.0650311 0.0699987 0.0722998 0.0720989 0.0698298 0.0659998 0.0610865 0.0554961 0.0495448 0.0434578 0.0373865 0.0314367 0.0256999 0.0202825 0.0153211 0.0109732 0.0073797 0.00461689
 0.00921539 0.0147131 0.021667 0.0298641 0.0389631 0.0484003 0.0573236 0.0647443 0.0698712 0.0723676 0.0723502 0.0702074 0.0664223 0.0614766 0.0558023 0.0497494 0.0435708 0.0374336 0.0314477 0.0257009 0.020291 0.0153441 0.0110075 0.00741708 0.00464921
 0.00922611 0.0147205 0.0216592 0.0298232 0.038869 0.048238 0.0570919 0.0644616 0.0695768 0.072116 0.0721967 0.0701899 0.0665456 0.0617084 0.0560852 0.0500227 0.0437909 0.0375836 0.0315345 0.0257449 0.0203144 0.0153626 0.0110283 0.00743979 0.00467029
 0.00924524 0.0147567 0.0217221 0.0299222 0.0390075 0.0484063 0.0572627 0.0645943 0.0696311 0.0720695 0.0720569 0.0699941 0.0663467 0.0615542 0.0560008 0.0500036 0.0438108 0.0376104 0.0315458 0.0257345 0.0202892 0.0153346 0.0110066 0.0074277 0.00466631
 0.00920768 0.0147068 0.0216679 0.0298792 0.0389955 0.0484433 0.0573579 0.064743 0.0698121 0.0722476 0.0721921 0.070055 0.0663239 0.0614649 0.0558803 0.0498889 0.0437252 0.0375573 0.0315144 0.0257108 0.020265 0.0153093 0.0109839 0.00741113 0.00465661
 0.00924223 0.0147754 0.021794 0.0300909 0.0393181 0.0488863 0.0579046 0.0653476 0.0704085 0.0727638 0.0725643 0.0702373 0.066295 0.0612324 0.0554815 0.0493833 0.04318 0.0370313 0.0310465 0.0253188 0.0199513 0.0150685 0.0108079 0.00729039 0.00458008
 0.00899552 0.0144053 0.0212963 0.0294869 0.038654 0.0482294 0.0573365 0.064953 0.0702563 0.0728854 0.0729403 0.0708014 0.0669529 0.0618872 0.0560557 0.0498322 0.0434944 0.0372297 0.031161 0.0253811 0.0199845 0.0150863 0.0108173 0.00729498 0.00458213
 0.00892538 0.0142822 0.0210952 0.029182 0.0382284 0.0476892 0.0567225 0.0643407 0.0697401 0.0725537 0.0728509 0.0709673 0.0673406 0.0624267 0.0566586 0.0504139 0.0439924 0.0376132 0.0314294 0.0255541 0.020089 0.0151468 0.0108515 0.00731396 0.0045924
 0.00911719 0.0145666 0.0214707 0.0296251 0.0386953 0.0481213 0.0570553 0.0645155 0.0697213 0.0723441 0.0724975 0.0705483 0.0669399 0.0621066 0.0564439 0.0502921 0.0439274 0.0375647 0.0313691 0.0254723 0.0199925 0.0150497 0.0107668 0.00724893 0.00454801
 0.00926015 0.0148061 0.0218424 0.0301613 0.0394112 0.0489966 0.0580192 0.0654498 0.070486 0.0728176 0.0726117 0.0703053 0.0664063 0.0613899 0.0556607 0.0495381 0.0432598 0.0370017 0.0309026 0.0250857 0.0196727 0.0147908 0.0105669 0.00710485 0.0044525
 0.00940399 0.0150304 0.0221632 0.0305896 0.0399539 0.0496558 0.0587862 0.0662948 0.0713481 0.073604 0.0732114 0.0706168 0.0663698 0.061009 0.0550021 0.0487097 0.0423774 0.0361596 0.0301592 0.0244645 0.0191745 0.0144058 0.010282 0.00690555 0.00432261
 0.0092457 0.0147702 0.0217685 0.0300343 0.0392315 0.0487969 0.0578724 0.0654548 0.0707303 0.0733325 0.0733447 0.0711273 0.0671514 0.0619111 0.0558763 0.0494502 0.0429398 0.0365526 0.0304203 0.0246354 0.0192865 0.014478 0.0103259 0.0069295 0.00433374
 0.00956103 0.0152363 0.0223813 0.0307545 0.0399888 0.049502 0.0584316 0.0657879 0.0707921 0.0731319 0.072949 0.0706412 0.066678 0.0615153 0.0555685 0.049198 0.0426965 0.0362865 0.0301275 0.0243353 0.0190068 0.014241 0.0101423 0.0067987 0.00424792
 0.00934321 0.0149194 0.0219732 0.0302853 0.0395011 0.0490351 0.0580099 0.0654198 0.0704779 0.0728754 0.0727657 0.0705599 0.0667344 0.0617368 0.0559574 0.0497207 0.0432887 0.0368713 0.0306402 0.0247396 0.0192971 0.0144334 0.0102612 0.0068677 0.00428548
 0.00913689 0.0145838 0.0214704 0.029587 0.0386025 0.0479723 0.0568708 0.0643339 0.0695826 0.0722737 0.0725 0.0706154 0.0670637 0.062286 0.0566787 0.050569 0.0442118 0.0378056 0.0315173 0.025501 0.0199078 0.0148866 0.010573 0.00706687 0.00440357
 0.00910848 0.0145137 0.02132 0.0293044 0.0381335 0.0472805 0.0559586 0.0632558 0.068443 0.071209 0.0716492 0.0700876 0.0669128 0.0625045 0.0572104 0.0513331 0.0451216 0.038778 0.0324749 0.0263758 0.0206486 0.0154665 0.0109916 0.00734503 0.00457337
 0.00899309 0.0143797 0.0212144 0.0292955 0.038282 0.0475984 0.0563812 0.0636503 0.068657 0.0711337 0.0712647 0.0694677 0.0661936 0.0618355 0.0567102 0.0510649 0.0450915 0.0389482 0.0327832 0.0267521 0.0210285 0.0158011 0.011254 0.00752948 0.00469006
 0.00860592 0.0138498 0.020603 0.028727 0.0379156 0.0475773 0.056782 0.0644525 0.0697392 0.0722962 0.0722759 0.0701292 0.0664015 0.0616094 0.056175 0.0503958 0.0444518 0.0384471 0.032463 0.0266005 0.021001 0.0158447 0.0113231 0.00759492 0.0047387
#obs surv len freq
 nan nan nan nan nan nan nan nan nan nan nan nan nan nan nan nan nan nan nan nan nan nan nan nan nan
 0.00448368 0.0073449 0.0111752 0.0159926 0.0216951 0.0279729 0.034289 0.0400215 0.0447012 0.0481641 0.0505203 0.052014 0.0529041 0.0534145 0.0537271 0.0539807 0.0542584 0.0545505 0.0546889 0.0542807 0.0527187 0.0493512 0.0438015 0.0362823 0.0276669
 0.00461539 0.00756001 0.0115005 0.0164527 0.0223067 0.0287354 0.0351757 0.0409766 0.0456471 0.0490162 0.0512028 0.0524715 0.0531072 0.0533609 0.0534376 0.0534915 0.0536123 0.0537901 0.0538531 0.0534064 0.0518446 0.0485201 0.0430578 0.0356637 0.027194
 0.00477616 0.00782432 0.0119037 0.0170294 0.0230836 0.0297203 0.0363455 0.0422725 0.0469812 0.050286 0.0523073 0.0533228 0.0536394 0.0535358 0.0532474 0.0529578 0.0527797 0.0527172 0.0526058 0.0520549 0.0504643 0.0471914 0.0418608 0.0346643 0.0264288
 0.00496453 0.00813237 0.0123709 0.0176939 0.0239758 0.0308514 0.0376954 0.0437844 0.048567 0.0518409 0.0537235 0.0544996 0.0544897 0.0539917 0.0532669 0.0525285 0.051921 0.0514786 0.0510625 0.0503039 0.0486207 0.0453824 0.0402121 0.0332785 0.0253637
 0.00518106 0.00848592 0.0129059 0.0184529 0.0249915 0.0321341 0.0392203 0.0454865 0.0503501 0.0535946 0.0553391 0.0558784 0.0555448 0.0546488 0.0534663 0.0522308 0.0511133 0.0501821 0.0493384 0.0482556 0.0463915 0.043144 0.0381402 0.03152 0.0240039
 0.00541816 0.00887336 0.0134927 0.0192861 0.0261071 0.0335434 0.040895 0.0473536 0.0523023 0.0555106 0.0571025 0.0573883 0.0567172 0.0554142 0.053767 0.0520199 0.0503599 0.0488813 0.0475264 0.0460233 0.0438905 0.0405752 0.0357228 0.0294438 0.0223857
 0.00566416 0.00927667 0.014106 0.0201606 0.027283 0.0350341 0.0426712 0.0493376 0.0543787 0.0575487 0.0589772 0.0589922 0.0579641 0.0562372 0.0541133 0.051847 0.0496344 0.0475871 0.0456808 0.0436995 0.0412332 0.0377964 0.0330681 0.027137 0.0205719
 0.00590479 0.00967339 0.0147134 0.0210334 0.0284653 0.036543 0.0444793 0.051367 0.0565116 0.0596495 0.060915 0.0606537 0.0592587 0.057096 0.0544857 0.0516949 0.0489286 0.0463105 0.0438431 0.0413611 0.0385271 0.0349317 0.0302999 0.0247074 0.0186457
 0.00615622 0.0100827 0.0153306 0.0219061 0.0296307 0.0380145 0.0462322 0.0533314 0.0585808 0.0616979 0.062817 0.0622967 0.0605492 0.0579617 0.0548736 0.0515669 0.0482576 0.0450812 0.0420632 0.0390835 0.0358738 0.0321012 0.027543 0.0222691 0.0166993
 0.00637274 0.0104426 0.0158868 0.0227124 0.0307306 0.0394237 0.0479218 0.0552234 0.0605614 0.0636418 0.0646076 0.0638363 0.061759 0.0587793 0.0552496 0.0514628 0.0476443 0.0439412 0.0404014 0.0369463 0.0333714 0.0294174 0.0249138 0.0199303 0.014822
 0.00661004 0.010828 0.0164665 0.0235298 0.031819 0.0407942 0.0495492 0.0570399 0.0624629 0.0655057 0.0663132 0.0652792 0.0628598 0.0594835 0.0555232 0.0512839 0.046997 0.0428157 0.0388038 0.0349181 0.0310116 0.0268922 0.0224396 0.0177259 0.0130481
 0.00683883 0.0112024 0.0170343 0.0243361 0.0328965 0.0421483 0.051144 0.0587947 0.0642661 0.0672376 0.0678656 0.0665653 0.0638144 0.0600612 0.0556955 0.0510353 0.0463206 0.0417116 0.0372847 0.0330248 0.0288329 0.0245754 0.0201765 0.0157112 0.0114262
 0.00706733 0.0115794 0.0176116 0.0251641 0.034013 0.0435606 0.0528116 0.0606247 0.0661273 0.0689885 0.069381 0.0677517 0.0646145 0.0604491 0.0556679 0.050602 0.0454961 0.040513 0.0357365 0.0311722 0.0267589 0.0224102 0.0180869 0.0138651 0.00994682
 0.00727169 0.011912 0.0181129 0.0258726 0.0349585 0.044753 0.0542281 0.062203 0.0677712 0.0705821 0.0708071 0.068907 0.065421 0.0608606 0.0556693 0.0502026 0.0447201 0.0393916 0.0343075 0.0294882 0.0249 0.0204921 0.0162521 0.0122543 0.00866133
 0.00745316 0.0122129 0.0185761 0.0265406 0.035863 0.0459 0.0555839 0.0636919 0.0692885 0.0720169 0.0720609 0.0699021 0.0661006 0.0611879 0.055627 0.0497928 0.0439623 0.0383186 0.0329639 0.0279329 0.0232133 0.018779 0.0146347 0.0108489 0.00754841
 0.00754274 0.0123623 0.0188086 0.0268823 0.0363398 0.0465316 0.0563757 0.0646278 0.0703284 0.0730997 0.073111 0.0708401 0.0668533 0.0616963 0.0558502 0.0497087 0.043567 0.0376263 0.0320067 0.0267634 0.0219061 0.0174299 0.0133511 0.0097298 0.00666114
 0.00758458 0.0124249 0.0188939 0.0269906 0.0364736 0.0466998 0.0565956 0.0649233 0.0707227 0.0736054 0.0737208 0.0715214 0.0675502 0.0623371 0.0563602 0.0500224 0.0436375 0.037431 0.0315504 0.0260786 0.0210535 0.0164934 0.0124261 0.00890497 0.00599808
 0.00766729 0.0125493 0.0190618 0.0271965 0.0367054 0.0469413 0.0568304 0.065139 0.0709165 0.0737878 0.0739143 0.0717508 0.0678285 0.0626545 0.0566809 0.0502909 0.0437922 0.0374196 0.0313431 0.0256766 0.0204913 0.015834 0.0117487 0.00828603 0.0054931
 0.00774069 0.0126666 0.0192341 0.0274306 0.0370007 0.0472853 0.0571959 0.0654868 0.0712059 0.0739902 0.0740238 0.0717859 0.0678237 0.0626457 0.05669 0.0503157 0.0438056 0.0373786 0.031205 0.0254161 0.0201118 0.0153699 0.0112558 0.00782491 0.00511063
 0.00777967 0.0127265 0.0193178 0.0275394 0.0371345 0.0474434 0.0573763 0.0656841 0.0714088 0.0741813 0.0741829 0.0718972 0.0678825 0.062661 0.0566803 0.0502987 0.0437866 0.0373456 0.0311324 0.0252772 0.0198941 0.0150839 0.010934 0.00751042 0.00484132
 0.0078407 0.0128163 0.0194355 0.0276781 0.037283 0.04759 0.0575117 0.0658029 0.0715093 0.074265 0.0742516 0.0719504 0.0679169 0.0626725 0.0566675 0.0502652 0.0437385 0.037285 0.0310535 0.0251678 0.0197434 0.0148922 0.0107169 0.00729392 0.00465185
 0.00784378 0.0128237 0.0194509 0.0277053 0.0373243 0.0476437 0.0575706 0.0658565 0.071549 0.0742881 0.0742643 0.0719635 0.06794 0.0627091 0.0567136 0.0503122 0.0437771 0.0373077 0.0310536 0.0251387 0.0196799 0.0147947 0.0105945 0.00716337 0.00453186
 0.00787332 0.012863 0.0194942 0.0277428 0.0373456 0.0476431 0.0575508 0.0658274 0.071522 0.0742711 0.0742588 0.0719678 0.0679526 0.0627303 0.0567446 0.0503519 0.0438206 0.0373472 0.0310799 0.0251437 0.0196583 0.0147463 0.010525 0.00708408 0.00445574
 0.00787249 0.0128628 0.0194955 0.0277458 0.037349 0.047642 0.0575376 0.0657944 0.0714669 0.0742006 0.0741879 0.0719135 0.0679278 0.0627394 0.0567842 0.050414 0.0438955 0.0374244 0.0311492 0.0251956 0.0196862 0.0147479 0.0105039 0.00704822 0.00441529
 0.00790337 0.0129051 0.0195445 0.0277927 0.0373834 0.0476564 0.0575299 0.0657678 0.0714262 0.0741496 0.0741291 0.071851 0.0678686 0.0626932 0.0567596 0.050415 0.04392 0.0374653 0.0311963 0.0252387 0.0197168 0.0147614 0.0105004 0.00703216 0.00439332
 0.00792762 0.012943 0.0195985 0.0278628 0.0374657 0.0477421 0.0576054 0.0658172 0.0714373 0.0741187 0.0740626 0.0717622 0.0677725 0.0626029 0.0566846 0.0503615 0.0438907 0.0374586 0.0312068 0.0252579 0.019736 0.0147739 0.0105031 0.00702617 0.00438217
 0.00792564 0.0129409 0.0195974 0.0278646 0.0374726 0.0477561 0.0576267 0.0658437 0.0714636 0.0741374 0.0740662 0.0717469 0.0677399 0.0625595 0.0566399 0.0503246 0.0438679 0.0374525 0.0312156 0.025277 0.0197586 0.0147937 0.0105161 0.00703145 0.0043814
 0.007886 0.0128774 0.0195041 0.0277375 0.0373123 0.0475697 0.0574303 0.0656606 0.0713192 0.0740515 0.0740473 0.0717904 0.0678315 0.0626811 0.0567752 0.0504622 0.0440017 0.0375797 0.0313345 0.0253848 0.0198518 0.014869 0.0105717 0.00706814 0.00440262
 0.00786938 0.0128424 0.0194368 0.027621 0.0371317 0.04732 0.0571233 0.0653261 0.0709991 0.0737891 0.073877 0.0717305 0.0678825 0.0628272 0.0569896 0.0507147 0.0442651 0.0378336 0.0315659 0.0255862 0.0200194 0.0150012 0.0106694 0.00713485 0.00444411
 0.00786514 0.0128352 0.0194247 0.0276003 0.0370957 0.0472583 0.0570232 0.0651771 0.0707999 0.0735533 0.0736341 0.0715188 0.0677382 0.0627733 0.0570306 0.0508373 0.0444447 0.0380417 0.0317773 0.025782 0.0201878 0.0151365 0.0107708 0.00720523 0.00448889
 0.00783134 0.0127828 0.0193507 0.0275041 0.036979 0.0471254 0.0568804 0.0650315 0.0706568 0.0734156 0.0735034 0.0714005 0.0676442 0.0627214 0.0570384 0.0509142 0.0445868 0.0382326 0.0319927 0.0259971 0.0203823 0.0152979 0.0108941 0.00729196 0.00454481
 0.00780901 0.0127413 0.0192791 0.02739 0.0368128 0.0469065 0.0566215 0.0647586 0.0704023 0.073208 0.07336 0.0713251 0.0676308 0.0627614 0.0571255 0.0510461 0.0447617 0.0384443 0.0322278 0.0262365 0.0206056 0.0154887 0.0110435 0.00739902 0.00461482
 0.00777943 0.0126921 0.0192027 0.0272783 0.0366581 0.0467042 0.0563734 0.0644756 0.0701059 0.0729279 0.0731288 0.0711704 0.0675687 0.0627927 0.0572389 0.0512238 0.0449855 0.0386981 0.0324965 0.0265039 0.0208546 0.0157039 0.0112149 0.00752393 0.00469781
 0.00774728 0.0126409 0.0191279 0.0271759 0.0365256 0.0465412 0.0561824 0.0642631 0.0698818 0.0727055 0.0729245 0.0710033 0.0674582 0.0627547 0.0572809 0.0513426 0.0451683 0.0389264 0.0327495 0.0267612 0.0210978 0.0159171 0.0113875 0.00765213 0.00478452
 0.00935188 0.0148861 0.0218355 0.0299563 0.0388913 0.0480878 0.0567317 0.0638889 0.068825 0.0712508 0.0713106 0.0693918 0.0659447 0.0613916 0.0560963 0.0503493 0.044367 0.038307 0.0322934 0.0264436 0.020891 0.0157934 0.011321 0.00762111 0.00477282
 0.00933408 0.0151547 0.0227642 0.0320083 0.0424176 0.0530544 0.0625473 0.0695011 0.0730947 0.0734015 0.0711838 0.0673878 0.0627445 0.0576659 0.05234 0.0468563 0.0412799 0.0356783 0.0301275 0.0247193 0.0195706 0.0148271 0.0106505 0.00718379 0.00450698
 0.00898856 0.0146122 0.0220054 0.0310855 0.0415082 0.0524966 0.062799 0.0709761 0.0759143 0.0772101 0.0751937 0.0706776 0.0646427 0.057983 0.0513376 0.0450303 0.0391278 0.0335641 0.028258 0.0231804 0.0183744 0.0139465 0.0100385 0.00678479 0.00426482
 0.00878865 0.0142781 0.0214869 0.0303343 0.0404972 0.0512544 0.0614524 0.0697772 0.0752176 0.0773738 0.0764208 0.0728688 0.0673656 0.0606133 0.053309 0.0460489 0.0392293 0.0330129 0.0273841 0.0222545 0.0175601 0.0133112 0.00958658 0.00648861 0.00408574
 0.00872759 0.0141697 0.0213059 0.0300486 0.0400722 0.0506619 0.060685 0.0688668 0.0742544 0.0765189 0.0758939 0.0728925 0.0680694 0.0619394 0.0549904 0.0476963 0.0404893 0.0337035 0.0275303 0.0220231 0.0171544 0.0128912 0.00924059 0.00624333 0.00393133
 0.00870393 0.0141275 0.0212345 0.0299344 0.0398985 0.0504114 0.0603427 0.0684244 0.0737167 0.0759142 0.0752872 0.0723928 0.0678161 0.062059 0.0555318 0.0485819 0.0415231 0.0346453 0.0281963 0.0223505 0.0171975 0.0127651 0.00905762 0.00607675 0.00381085
 0.00869147 0.0141091 0.0212101 0.0299037 0.0398599 0.0503592 0.0602661 0.0683078 0.0735429 0.0756704 0.0749735 0.072032 0.0674616 0.061793 0.0554448 0.0487351 0.0419092 0.0351771 0.0287377 0.0227761 0.0174438 0.0128423 0.00902361 0.00599723 0.00373217
 0.00869017 0.0141055 0.0212019 0.0298884 0.0398351 0.0503243 0.0602223 0.0682563 0.0734822 0.075594 0.0748701 0.0718913 0.0672838 0.061598 0.0552753 0.0486467 0.0419475 0.0353512 0.0290083 0.0230698 0.0176868 0.0129931 0.00908268 0.00599376 0.00370141
 0.00867051 0.0140783 0.0211698 0.0298561 0.0398083 0.0503063 0.0602124 0.0682504 0.0734745 0.075579 0.0748434 0.0718483 0.0672205 0.0615132 0.0551775 0.048557 0.0418965 0.0353662 0.0290968 0.0232117 0.0178426 0.013123 0.00916463 0.00602854 0.0037045
 0.0086729 0.0140783 0.0211628 0.0298365 0.0397716 0.0502528 0.060149 0.068189 0.0734273 0.0755527 0.0748365 0.0718528 0.0672252 0.061509 0.0551599 0.0485292 0.0418704 0.0353586 0.0291221 0.023273 0.0179279 0.0132108 0.00923513 0.00607243 0.00372408
 0.0086487 0.0140445 0.0211219 0.0297936 0.0397321 0.0502193 0.0601199 0.0681597 0.0733948 0.0755185 0.074807 0.0718355 0.0672241 0.0615218 0.0551798 0.0485494 0.041888 0.035377 0.0291486 0.0233133 0.0179816 0.0132703 0.00928935 0.0061129 0.00374842
 0.00864121 0.0140282 0.0210904 0.0297394 0.0396503 0.0501117 0.0599974 0.0680406 0.0732977 0.075456 0.0747819 0.0718431 0.067257 0.061573 0.0552434 0.0486194 0.0419588 0.0354449 0.0292127 0.0233752 0.0180422 0.0133279 0.00934005 0.00615244 0.00377505
 0.00864208 0.0140312 0.0210974 0.0297521 0.0396682 0.0501304 0.0600085 0.0680339 0.0732668 0.0754023 0.0747152 0.0717775 0.0672046 0.0615403 0.0552308 0.0486237 0.0419755 0.0354696 0.0292422 0.0234074 0.0180759 0.0133615 0.00937104 0.00617814 0.00379378
 0.00862389 0.0140015 0.0210528 0.0296902 0.0395891 0.0500383 0.0599118 0.0679443 0.0731948 0.0753535 0.0746898 0.0717723 0.0672167 0.061569 0.0552759 0.0486838 0.0420467 0.0355463 0.0293189 0.0234795 0.0181403 0.0134164 0.00941542 0.00621171 0.00381711
 0.00863031 0.0140131 0.0210721 0.0297195 0.0396291 0.0500862 0.0599606 0.0679842 0.0732163 0.0753516 0.0746647 0.071729 0.0671623 0.0615105 0.0552202 0.0486368 0.0420127 0.0355273 0.0293139 0.0234856 0.0181536 0.013433 0.00943227 0.0062265 0.00382856
 0.00863031 0.0140131 0.0210721 0.0297195 0.0396291 0.0500862 0.0599606 0.0679842 0.0732163 0.0753516 0.0746647 0.071729 0.0671623 0.0615105 0.0552202 0.0486368 0.0420127 0.0355273 0.0293139 0.0234856 0.0181536 0.013433 0.00943227 0.0062265 0.00382856
 0.00874592 0.0141956 0.0213358 0.030072 0.0400674 0.0505916 0.0604953 0.0684925 0.0736347 0.0756244 0.0747584 0.0716386 0.0669099 0.0611371 0.0547751 0.0481681 0.0415603 0.0351196 0.0289676 0.0232071 0.0179415 0.0132805 0.00932912 0.00616142 0.00379053
 0.00860866 0.0139926 0.0210686 0.0297574 0.0397355 0.0502813 0.0602482 0.0683469 0.0736169 0.0757399 0.0749875 0.0719401 0.0672329 0.0614353 0.0550178 0.0483437 0.0416739 0.0351858 0.0290036 0.0232273 0.0179552 0.0132922 0.00933993 0.00617095 0.00379811
 0.00862993 0.014009 0.0210605 0.0296979 0.0396004 0.0500638 0.0599698 0.0680557 0.073373 0.0755941 0.0749655 0.0720378 0.0674218 0.061673 0.0552604 0.0485562 0.0418361 0.0352938 0.0290656 0.0232573 0.0179671 0.0132962 0.00934189 0.00617292 0.00380029
 0.00881102 0.0142971 0.0214796 0.0302592 0.0402918 0.0508389 0.0607433 0.068716 0.0738146 0.0757546 0.0748463 0.0716962 0.0669418 0.0611346 0.0547203 0.0480447 0.041365 0.0348662 0.0286842 0.0229271 0.0176938 0.013083 0.00918668 0.00606841 0.00373562
 0.00893345 0.0145114 0.0218293 0.030791 0.0410411 0.0518069 0.0618769 0.0699031 0.0749033 0.0765897 0.0753093 0.0717339 0.0665758 0.0604491 0.0538336 0.0470762 0.04041 0.0339872 0.0279145 0.0222807 0.0171735 0.0126841 0.00889826 0.00587371 0.00361405
 0.00897673 0.0145869 0.0219537 0.0309862 0.0413333 0.0522225 0.0624338 0.0705993 0.0757047 0.0774241 0.0760718 0.0723078 0.0668642 0.0604043 0.0534706 0.0464652 0.0396519 0.0331845 0.0271498 0.0216077 0.0166189 0.0122543 0.00858559 0.00566148 0.0034807
 0.00866687 0.0140986 0.0212508 0.0300538 0.0401909 0.0509392 0.0611387 0.0694714 0.0749359 0.0771637 0.0763782 0.0731292 0.0680532 0.0617599 0.0547921 0.0476 0.0405214 0.0337826 0.0275195 0.0218121 0.016718 0.0122939 0.00859555 0.00565928 0.00347529
 0.00890275 0.0144311 0.0216555 0.0304726 0.0405435 0.0511459 0.0611428 0.0692553 0.0745281 0.0766387 0.0758439 0.0727001 0.0678152 0.0617411 0.0549546 0.0478578 0.0407761 0.0339593 0.027587 0.0217808 0.0166232 0.0121754 0.00848397 0.00557093 0.00341413
 0.00858958 0.0139676 0.0210417 0.0297361 0.0397286 0.050297 0.0602952 0.068439 0.0737794 0.0760105 0.0754052 0.0725238 0.0679571 0.0622188 0.0557336 0.0488519 0.0418643 0.0350142 0.0285061 0.0225066 0.0171463 0.0125217 0.00869593 0.0056916 0.0034783
 0.00844491 0.0136978 0.0205755 0.0289959 0.0386611 0.0489149 0.0587055 0.0668307 0.0723681 0.0749681 0.0748177 0.0723954 0.0682451 0.0628663 0.0566811 0.0500298 0.0431825 0.0363637 0.0297742 0.0236014 0.0180149 0.0131558 0.00912261 0.00595665 0.00363044
 0.00834289 0.0135321 0.0203239 0.0286315 0.0381502 0.0482202 0.0577984 0.0657147 0.0711028 0.0736784 0.0736743 0.071568 0.0678515 0.0629446 0.0571951 0.0508951 0.0442915 0.0375997 0.0310206 0.024752 0.0189898 0.0139133 0.00966177 0.00630792 0.00383974
 0.00849285 0.0137648 0.0206518 0.0290541 0.0386486 0.0487496 0.0582836 0.0660533 0.0711848 0.0734196 0.0730531 0.0706473 0.0667721 0.061888 0.056331 0.0503365 0.0440751 0.037693 0.0313433 0.0252027 0.0194698 0.0143459 0.0100031 0.00654688 0.00398913
 0.00870495 0.0141247 0.0212189 0.0298859 0.0397793 0.0501597 0.0598745 0.0676475 0.0725592 0.0743603 0.0734057 0.0703495 0.065865 0.0605087 0.0546858 0.0486559 0.0425625 0.0364829 0.0304858 0.0246734 0.0191968 0.0142415 0.00998906 0.00656789 0.00401477
#pred catch len freq
 0.00451653 0.00711997 0.010334 0.0140608 0.0182421 0.022845 0.0277912 0.032913 0.0379806 0.0427599 0.0470517 0.0507102 0.0536547 0.0558735 0.0574104 0.0583459 0.0587808 0.0588079 0.0584474 0.0575433 0.0556873 0.0522895 0.0468603 0.0393935 0.0305805
 0.00472162 0.00737639 0.0105811 0.0142042 0.0181905 0.0225633 0.0273344 0.032413 0.0375859 0.0425643 0.0470572 0.050843 0.05382 0.0560116 0.0575258 0.0584966 0.0590356 0.0591945 0.0589163 0.0579722 0.0559303 0.0522473 0.0465313 0.038873 0.0300105
 0.00498679 0.00778755 0.0111573 0.0149353 0.0190239 0.0233952 0.0280185 0.0327997 0.0375866 0.0422041 0.0464725 0.0502163 0.0532925 0.0556347 0.0572764 0.0583308 0.0589322 0.0591556 0.0589346 0.0579997 0.0558813 0.0520402 0.0461398 0.0383471 0.0294513
 0.00521116 0.00814563 0.0116848 0.0156633 0.0199745 0.0245699 0.0293786 0.0342454 0.0389524 0.0432863 0.0470915 0.0502875 0.0528639 0.0548613 0.0563457 0.0573899 0.0580573 0.0583654 0.0582151 0.0573175 0.0551914 0.051303 0.0453482 0.0375421 0.0287082
 0.00547556 0.00855553 0.0122664 0.016433 0.0209431 0.0257467 0.0307677 0.0358316 0.0406799 0.0450406 0.0486957 0.0515277 0.0535472 0.0548836 0.0557327 0.0562819 0.0566473 0.0568277 0.0566634 0.0558026 0.0537248 0.0498896 0.0440118 0.0363335 0.0276903
