SBPRF35
12.7214
Curr Bio
848303
B35
883939
F35
0.169546
FOFL
0.162375
OFL
112994
Bzero
3.63469e+006
#pred survey bio
 3.61126e+006 3.4795e+006 3.36626e+006 3.20531e+006 3.01858e+006 2.78907e+006 2.53882e+006 2.30732e+006 2.09155e+006 1.85956e+006 1.64971e+006 1.49112e+006 1.30479e+006 1.14918e+006 999510 871364 786458 718627 673938 632998 599759 595962 594046 587172 573589 563167 567759 563157 560658 556644 558309 564023 571174 569426 584673 590723 606230 625072 634694 634595 634262 643726 648459 657017 671607 666961 670308 674491 683933 688772 696270 746677 801708 833675 845234 848791 840532 850266 854038 2.98791e+007 1.76049e+007 1.76192e+007 1.82998e+007 1.94562e+007 2.08287e+007 2.22126e+007 2.34819e+007 2.45766e+007 2.54822e+007 2.62099e+007 2.67829e+007 2.72279e+007 2.75704e+007 2.78325e+007 2.80326e+007 2.81853e+007 2.8302e+007 2.83913e+007 2.846e+007 2.8513e+007 2.8554e+007 2.8586e+007 2.8611e+007 2.86307e+007 2.86462e+007 2.86585e+007 2.86682e+007 2.8676e+007 2.86822e+007 2.86872e+007 2.86912e+007 2.86944e+007 2.86971e+007 2.86992e+007 2.87009e+007 2.87023e+007 2.87034e+007 2.87043e+007 2.87051e+007 2.87057e+007 2.87062e+007 2.87066e+007 2.8707e+007 2.87072e+007 2.87075e+007 2.87076e+007 2.87078e+007 2.87079e+007 2.8708e+007 2.87081e+007 2.87082e+007 2.87082e+007 2.87083e+007 2.87083e+007 2.87083e+007 2.87084e+007 2.87084e+007 2.87084e+007 2.87084e+007 2.87084e+007 2.87084e+007 2.87084e+007 2.87084e+007 2.87084e+007 2.87084e+007 2.87084e+007 2.87084e+007 2.87085e+007 2.87085e+007 2.87085e+007 2.87085e+007 2.87085e+007 2.87085e+007 2.87085e+007 2.87085e+007 2.87085e+007 2.87085e+007 2.87085e+007 2.87085e+007 2.87085e+007 2.87085e+007 2.87085e+007 2.87085e+007 2.87085e+007 2.87085e+007 2.87085e+007 2.87085e+007 2.87085e+007 2.87085e+007 2.87085e+007 2.87085e+007 2.87085e+007 2.87085e+007 2.87085e+007 2.87085e+007 2.87085e+007 2.87085e+007 2.87085e+007 2.87085e+007 0 0 0 0 0 0 0 0 0 0 0 0 0 0 0 0 0 0 0 0 0 0 0 0 0
#obs survey bio
 4.39155e+006 3.7125e+006 3.50363e+006 3.17695e+006 2.81703e+006 4.12417e+006 2.68776e+006 2.67806e+006 1.79955e+006 1.5156e+006 1.36309e+006 1.11783e+006 1.24276e+006 1.16794e+006 779024 922800 814965 503600 640140 492555 626036 438651 387582 747777 586676 692923 616015 500143 481013 547319 635770 744740 449026 529823 543735 579405 639280 580121 536335 523160 550992 825192 640712 496054 579310 658959 649844 466718 837830 822430 653899 838126 983272 1.09166e+006 662024 548474 1.13442e+006 766530 1.35653e+006
#pred catch bio
 106551 96822 150206 186466 240912 276947 277416 280000 309710 301894 265589 296106 270498 263929 241380 200202 182916 161082 155631 146031 119507 117536 119882 122037 115814 101362 108270 105418 105649 99896.8 96188.6 95207.7 102649 88701.9 97798 91209.7 90414.1 99750.9 108212 107670 98893.5 102973 100048 95864.1 112546 105574 105541 102228 107399 106227 72314.8 71597.4 92088.4 108601 114708 124295 107930 110787 108927 112994 115330 114103 117056 123788 132208 140734 148470 155025 160322 164457 167603 169950 171675 172926 173826 174468 174924 175245 175471 175629 175740 175817 175871 175908 175934 175952 175965 175973 175979 175983 175986 175988 175990 175990 175991 175992 175992 175992 175992 175992 175992 175992 175992 175992 175993 175993 175993 175993 175993 175993 175993 175993 175993 175993 175993 175993 175993 175993 175993 175993 175993 175993 175993 175993 175993 175993 175993 175993 175993 175993 175993 175993 175993 175993 175993 175993 175993 175993 175993 175993 175993 175993 175993 175993 175993 175993 175993 175993 175993 175993 175993 175993 175993 175993 175993 175993 175993 175993 175993 0 0 0 0 0 0 0 0 0 0 0 0 0 0 0 0 0 0 0 0 0 0 0 0 0
#obs catch bio
 0 96372.3 150256 186451 241478 277543 278450 280955 311588 305016 267374 300152 273139 266578 244526 201736 183860 163529 158184 149254 120956 119590 122164 123002 116282 101369 108539 105855 106287 100445 96232 95310.2 103239 88733.5 98086.7 91769.4 90783.4 100313 108996 108754 99188.9 103061 100309 96167.8 112887 105708 105899 102678 107659 106983 72432.6 71744 92446.4 108803 114841 125139 108150 111370 108910
#pred cpue bio
 3.56198e+006 3.43208e+006 3.32003e+006 3.1593e+006 2.97262e+006 2.74356e+006 2.49399e+006 2.26301e+006 2.04776e+006 1.81679e+006 1.60809e+006 1.45037e+006 1.26593e+006 1.11219e+006 964751 838721 755226 688481 644501 604539 572287 568713 567101 560985 548456 538731 543374 538973 536608 532865 534703 540407 547422 545764 560625 566420 581404 599751 609149 609124 609011 618480 623186 631486 645725 641221 644420 648369 657439 662047 669254 718682 773250 805305 816852 820065 811758 821595 826375 2.89712e+007 1.70877e+007 1.69629e+007 1.74728e+007 1.85631e+007 1.99183e+007 2.12985e+007 2.2567e+007 2.36616e+007 2.45672e+007 2.52948e+007 2.58679e+007 2.63129e+007 2.66554e+007 2.69175e+007 2.71176e+007 2.72703e+007 2.7387e+007 2.74763e+007 2.7545e+007 2.7598e+007 2.7639e+007 2.7671e+007 2.7696e+007 2.77157e+007 2.77312e+007 2.77435e+007 2.77532e+007 2.7761e+007 2.77672e+007 2.77722e+007 2.77762e+007 2.77794e+007 2.7782e+007 2.77842e+007 2.77859e+007 2.77873e+007 2.77884e+007 2.77893e+007 2.77901e+007 2.77907e+007 2.77912e+007 2.77916e+007 2.77919e+007 2.77922e+007 2.77924e+007 2.77926e+007 2.77928e+007 2.77929e+007 2.7793e+007 2.77931e+007 2.77931e+007 2.77932e+007 2.77932e+007 2.77933e+007 2.77933e+007 2.77933e+007 2.77934e+007 2.77934e+007 2.77934e+007 2.77934e+007 2.77934e+007 2.77934e+007 2.77934e+007 2.77934e+007 2.77934e+007 2.77934e+007 2.77934e+007 2.77934e+007 2.77934e+007 2.77934e+007 2.77934e+007 2.77934e+007 2.77934e+007 2.77934e+007 2.77934e+007 2.77934e+007 2.77934e+007 2.77934e+007 2.77934e+007 2.77934e+007 2.77934e+007 2.77934e+007 2.77934e+007 2.77934e+007 2.77934e+007 2.77934e+007 2.77934e+007 2.77934e+007 2.77934e+007 2.77934e+007 2.77934e+007 2.77934e+007 2.77934e+007 2.77934e+007 2.77934e+007 2.77934e+007 2.77934e+007 2.77934e+007 2.77934e+007 0 0 0 0 0 0 0 0 0 0 0 0 0 0 0 0 0 0 0 0 0 0 0 0 0
#obs cpue bio
 6.14487e+006 3.59041e+006 3.50437e+006 1.98059e+006 2.56606e+006 2.00137e+006 1.64371e+006 1.85576e+006 2.19516e+006 1.44465e+006 1.82791e+006 1.50438e+006 1.30197e+006 1.04168e+006 926731 800064 785922 437268 538169 447497 556199 457193 636326 777252 619269 465344 480830 481118 533990 487988 639634 367941 563058 623088 609259 350557 577537 584987 625498 525925 945899 631051 506971 640168 988955 604710 565071 737857 668066 426498 549310 605782 725834 782542 989062 868670 648714 738313 865695
#pred surv len freq
 0.00488621 0.00790856 0.0118568 0.0166981 0.0223105 0.0284115 0.0345273 0.0401026 0.0447064 0.0481735 0.0505828 0.0521333 0.0530346 0.0534606 0.0535465 0.0534059 0.0531491 0.0528803 0.0526339 0.0522514 0.0512718 0.0489802 0.0447016 0.0382378 0.0301486
 0.0051197 0.00819695 0.0121264 0.0168349 0.0222044 0.0280189 0.0339128 0.0394246 0.0441481 0.0478611 0.0505427 0.0523092 0.0533439 0.0538485 0.0540069 0.0539618 0.0538103 0.053601 0.0532981 0.0526988 0.0513605 0.0486551 0.0440296 0.0373832 0.0293025
 0.00532547 0.00853799 0.0126448 0.0175557 0.023109 0.0290177 0.034841 0.0400832 0.0443876 0.0476589 0.0500184 0.0516623 0.0527577 0.0534258 0.0537681 0.0538838 0.0538586 0.0537313 0.0534364 0.0527347 0.0511758 0.04818 0.0432881 0.0364933 0.0284244
 0.00552829 0.00886574 0.0131357 0.018247 0.024032 0.0301853 0.0362255 0.0415935 0.045861 0.048886 0.0508035 0.0518974 0.0524685 0.0527561 0.052912 0.0530087 0.0530607 0.0530308 0.0527937 0.0520719 0.0504067 0.0472515 0.0422175 0.0353735 0.0273875
 0.00573136 0.00919324 0.0136242 0.0189303 0.024937 0.0313249 0.0375888 0.0431384 0.0475098 0.0505237 0.052279 0.053038 0.0531174 0.052825 0.0524201 0.0520775 0.051863 0.0517224 0.0514659 0.050744 0.049055 0.0458567 0.0408052 0.0340235 0.0262057
 0.00598758 0.00960146 0.0142235 0.0197525 0.0260027 0.0326368 0.0391232 0.0448411 0.049301 0.0523077 0.0539507 0.0544819 0.0542062 0.0534314 0.0524463 0.0514927 0.050724 0.0501578 0.0496301 0.0487703 0.0470371 0.0438642 0.0389131 0.0323245 0.0247923
 0.00629652 0.0100918 0.0149395 0.020728 0.027256 0.0341627 0.0408841 0.0467634 0.051284 0.054241 0.0557295 0.0560122 0.0554003 0.0542008 0.0527022 0.0511606 0.0497705 0.0486148 0.0475991 0.0464024 0.0445032 0.0413334 0.0365437 0.0302555 0.0231246
 0.00659709 0.0105715 0.015645 0.0216973 0.0285124 0.0357057 0.0426783 0.0487339 0.0533256 0.0562362 0.0575666 0.0575949 0.0566484 0.0550441 0.0530742 0.0509958 0.0490141 0.0472446 0.0456508 0.0439842 0.0417901 0.0385431 0.0339012 0.0279542 0.0212908
 0.00686699 0.0110072 0.0162951 0.0226055 0.0297105 0.0372013 0.0444422 0.0506945 0.0553773 0.058258 0.0594408 0.0592186 0.0579368 0.0559297 0.0535001 0.0509105 0.0483698 0.0460073 0.043824 0.0416361 0.0390705 0.0356737 0.0311375 0.0255283 0.0193577
 0.00715963 0.0114811 0.0170049 0.0236012 0.0310284 0.0388496 0.0463852 0.0528468 0.0576135 0.0604357 0.0614234 0.0608903 0.0592095 0.0567417 0.0538111 0.0506918 0.0475971 0.0446622 0.0419097 0.0392058 0.036254 0.032683 0.0282354 0.022967 0.017312
 0.00747362 0.0119776 0.0177271 0.024582 0.0322875 0.0403883 0.048177 0.0548301 0.0596937 0.0624958 0.0633382 0.0625411 0.0604941 0.0575821 0.0541546 0.0505066 0.046865 0.0433752 0.0400783 0.0368808 0.0335527 0.0298002 0.0254209 0.0204689 0.0153085
 0.00762819 0.0122404 0.018144 0.0252029 0.0331562 0.0415265 0.0495694 0.0564213 0.0613992 0.0642206 0.0649912 0.0640373 0.0617526 0.0585246 0.0547087 0.050611 0.0464741 0.0424626 0.0386445 0.0349682 0.0312651 0.0273117 0.0229577 0.0182595 0.0135224
 0.00787522 0.0126416 0.0187471 0.0260529 0.0342872 0.0429485 0.0512536 0.0582919 0.0633404 0.0660974 0.0666728 0.0654178 0.0627603 0.0591206 0.0548766 0.0503431 0.0457627 0.0413013 0.0370394 0.0329585 0.0289445 0.0248384 0.0205383 0.0161039 0.011786
 0.00810599 0.0130084 0.0192844 0.0267886 0.0352404 0.0441241 0.0526344 0.0598324 0.0649675 0.0677173 0.068182 0.0667139 0.0637539 0.0597454 0.055094 0.0501392 0.0451391 0.0402675 0.0356144 0.0311837 0.0269035 0.022668 0.0184168 0.0142133 0.0102618
 0.00837844 0.0134461 0.0199325 0.0276838 0.0364021 0.0455417 0.0542552 0.0615617 0.0666844 0.0693012 0.0695335 0.0677622 0.0644536 0.0600697 0.0550304 0.0496881 0.0443118 0.0390847 0.0341074 0.0294025 0.0249296 0.020623 0.0164534 0.0124843 0.00887872
 0.00871324 0.0139657 0.020669 0.0286517 0.0375976 0.046942 0.055814 0.0632041 0.0683106 0.0707981 0.0707932 0.0686986 0.0650124 0.0602307 0.0548008 0.0490916 0.0433794 0.0378503 0.0326104 0.0276962 0.0230915 0.0187605 0.0146955 0.0109558 0.00766709
 0.00901996 0.0144327 0.0213127 0.0294669 0.0385602 0.0480156 0.0569537 0.0643589 0.0694265 0.0718238 0.0716826 0.0694095 0.0655043 0.0604664 0.0547523 0.0487456 0.0427397 0.036936 0.0314546 0.0263483 0.0216224 0.0172645 0.0132816 0.00972699 0.00669417
 0.00920372 0.0147382 0.0217834 0.0301427 0.0394643 0.0491352 0.0582262 0.0656757 0.07066 0.0728641 0.0724638 0.0699125 0.0657413 0.0604596 0.0545194 0.0482961 0.0420788 0.0360726 0.0304092 0.0251586 0.0203473 0.0159832 0.0120841 0.00869593 0.00588414
 0.00922868 0.0147864 0.0218715 0.0302949 0.0397111 0.0495092 0.0587529 0.066361 0.0714786 0.0737548 0.0733379 0.0706756 0.0663182 0.0608094 0.0546343 0.048188 0.041765 0.0355699 0.0297365 0.0243452 0.0194399 0.0150464 0.0111932 0.00792054 0.00527102
 0.00927392 0.0148587 0.0219784 0.0304435 0.0399087 0.0497628 0.0590689 0.0667446 0.0719314 0.0742703 0.0738959 0.0712374 0.0668285 0.0612076 0.05487 0.0482326 0.041614 0.0352367 0.0292454 0.0237287 0.0187406 0.0143187 0.0104979 0.00731393 0.00479086
 0.0094162 0.0150641 0.0222397 0.0307381 0.0402059 0.0500357 0.0593037 0.0669429 0.072106 0.0744392 0.0740755 0.0714363 0.0670426 0.0614162 0.0550381 0.0483193 0.0415842 0.0350708 0.0289434 0.0233094 0.0182388 0.0137807 0.00997536 0.00685366 0.00442447
 0.00932364 0.0149247 0.0220501 0.0305018 0.0399308 0.0497322 0.0589847 0.0666276 0.0718251 0.0742351 0.0739954 0.0715191 0.0673036 0.0618386 0.0555726 0.0488947 0.0421228 0.0355048 0.0292277 0.0234286 0.0182067 0.0136341 0.00976405 0.00662788 0.00422361
 0.00905327 0.01453 0.0215397 0.0299132 0.0393203 0.0491582 0.0584935 0.0662485 0.0715724 0.0741132 0.0740046 0.07166 0.0675783 0.0622458 0.0560987 0.0495059 0.0427647 0.0361118 0.029738 0.0237996 0.0184239 0.0137127 0.00974033 0.00654699 0.00412631
 0.00891635 0.0143011 0.0211861 0.0294068 0.0386523 0.0483555 0.0576304 0.0654368 0.0709298 0.0737242 0.0738967 0.0718078 0.067928 0.0627411 0.0566948 0.0501675 0.0434569 0.0367923 0.0303581 0.0243138 0.0188029 0.0139516 0.00985851 0.00657944 0.00411113
 0.00900442 0.0144147 0.021301 0.0294793 0.0386269 0.0481816 0.0572793 0.0649163 0.0702893 0.0730493 0.0732907 0.0713639 0.0677032 0.0627449 0.0568971 0.0505181 0.0439017 0.0372805 0.0308423 0.0247506 0.0191576 0.0142057 0.0100137 0.00665454 0.00413352
 0.00913007 0.0146014 0.021548 0.0297701 0.0389285 0.048446 0.0574481 0.0649301 0.0701044 0.0726574 0.0727314 0.070721 0.0670834 0.0622475 0.0565873 0.0504148 0.0439825 0.0374964 0.0311346 0.0250627 0.0194433 0.0144339 0.010172 0.00674769 0.00417748
 0.00911374 0.0145759 0.0215114 0.0297211 0.0388663 0.0483694 0.0573548 0.0648148 0.0699584 0.0724699 0.072495 0.0704412 0.0667856 0.0619771 0.0563993 0.0503553 0.0440721 0.0377231 0.0314585 0.0254293 0.0197987 0.0147374 0.0104018 0.00690182 0.00426821
 0.00911385 0.0145841 0.021538 0.0297798 0.0389687 0.0485184 0.0575384 0.0650061 0.0701215 0.0725685 0.0725013 0.0703403 0.0665797 0.0616883 0.056069 0.0500384 0.0438233 0.0375806 0.031433 0.0255026 0.0199332 0.0148906 0.01054 0.00700642 0.00433602
 0.00904725 0.0144858 0.0214094 0.0296302 0.0388153 0.0483836 0.0574464 0.0649775 0.0701659 0.072679 0.0726522 0.070494 0.0666977 0.0617433 0.0560536 0.0499672 0.0437288 0.0375022 0.0314026 0.0255336 0.0200173 0.0150041 0.0106554 0.00710301 0.00440476
 0.0090213 0.0144406 0.0213363 0.0295206 0.0386646 0.0481962 0.0572398 0.0647816 0.070016 0.0726047 0.0726677 0.0705924 0.0668528 0.0619176 0.05621 0.050081 0.0437943 0.037533 0.031423 0.0255665 0.0200741 0.0150816 0.0107402 0.00718003 0.00446405
 0.0090547 0.0144763 0.0213556 0.0294949 0.0385628 0.0479976 0.0569454 0.0644182 0.069631 0.072255 0.0724063 0.0704569 0.0668572 0.0620488 0.0564324 0.0503475 0.0440612 0.0377713 0.0316227 0.0257324 0.0202163 0.015207 0.0108492 0.00726914 0.00453027
 0.00905683 0.0144797 0.0213598 0.0294965 0.038553 0.0479602 0.0568577 0.0642579 0.0693882 0.0719428 0.0720643 0.0701427 0.0666284 0.0619456 0.0564661 0.0504998 0.0442931 0.0380372 0.0318844 0.0259662 0.0204133 0.0153672 0.0109757 0.00736497 0.00459831
 0.00899324 0.0143874 0.0212413 0.0293615 0.0384154 0.047833 0.0567483 0.0641651 0.0693024 0.0718494 0.0719511 0.0700089 0.0664909 0.0618361 0.05642 0.0505415 0.0444254 0.0382408 0.032126 0.0262115 0.020636 0.015553 0.0111204 0.00747074 0.00467059
 0.00907853 0.0145077 0.0213886 0.0295176 0.0385579 0.0479443 0.0568219 0.0642049 0.069315 0.0718362 0.0719047 0.0699165 0.0663442 0.0616404 0.0561983 0.0503291 0.0442581 0.0381413 0.0320978 0.0262404 0.020699 0.0156275 0.0111904 0.00752765 0.00471207
 0.00908666 0.0145104 0.0213733 0.0294654 0.0384482 0.0477626 0.0565675 0.0638956 0.0689862 0.071534 0.0716737 0.0697873 0.0663237 0.0617123 0.0563329 0.0504981 0.0444438 0.0383383 0.0323048 0.0264528 0.0209059 0.0158145 0.0113452 0.00764448 0.00479227
 0.00909752 0.014539 0.0214352 0.0295786 0.0386244 0.0479954 0.0568249 0.0641243 0.0691287 0.0715507 0.071559 0.0695697 0.0660528 0.0614398 0.0560968 0.0503166 0.0443191 0.0382646 0.0322753 0.0264607 0.0209426 0.0158687 0.0114043 0.00769776 0.00483359
 0.00903407 0.0144375 0.021287 0.0293802 0.0383824 0.0477311 0.0565747 0.0639313 0.0690264 0.0715469 0.0716314 0.0696787 0.066162 0.0615317 0.0561748 0.0503957 0.0444134 0.0383799 0.0324085 0.0266036 0.0210851 0.0160009 0.0115178 0.00778724 0.00489777
 0.0089426 0.0142962 0.0210878 0.0291209 0.0380663 0.0473683 0.0561845 0.0635447 0.0686852 0.0712965 0.0715084 0.0696978 0.0663097 0.0617721 0.0564645 0.0506988 0.0447096 0.0386618 0.0326743 0.0268506 0.021308 0.016193 0.0116737 0.00790497 0.00497955
 0.00884012 0.0141491 0.0209025 0.0289149 0.0378624 0.0471853 0.0560302 0.0634156 0.0685725 0.0711946 0.0714213 0.0696395 0.0662987 0.0618218 0.0565757 0.0508589 0.0448985 0.0388603 0.0328692 0.0270344 0.0214756 0.0163397 0.0117951 0.00799844 0.00504573
 0.00873822 0.0139999 0.0207092 0.0286925 0.0376357 0.0469831 0.0558794 0.0633351 0.0685671 0.0712521 0.0715152 0.0697395 0.0663833 0.0618861 0.0566298 0.0509185 0.0449749 0.0389559 0.0329788 0.0271494 0.0215878 0.0164422 0.0118826 0.00806772 0.00509601
 0.00874224 0.0139892 0.0206621 0.0285809 0.0374354 0.0466891 0.0555169 0.0629581 0.0682418 0.0710342 0.0714315 0.069783 0.0665218 0.0620777 0.0568381 0.0511218 0.0451664 0.039137 0.0331518 0.0273135 0.0217386 0.0165739 0.0119907 0.00815024 0.0051541
 0.00875543 0.0139985 0.020653 0.02853 0.0373144 0.0464718 0.0551893 0.0625276 0.0677437 0.07053 0.0709979 0.0694911 0.066415 0.0621588 0.0570731 0.051456 0.0455447 0.0395171 0.0335077 0.0276314 0.0220115 0.0167982 0.0121655 0.00827784 0.00524046
 0.00880151 0.0140706 0.0207551 0.0286614 0.0374661 0.0466235 0.055308 0.0625718 0.0676751 0.0703291 0.0706766 0.0690954 0.0660142 0.061825 0.0568587 0.05138 0.0455925 0.0396529 0.0336904 0.0278265 0.0221954 0.0169573 0.0122934 0.00837338 0.00530632
 0.00876463 0.0140198 0.0206958 0.0286047 0.0374259 0.0466115 0.0553282 0.0626174 0.0677272 0.0703602 0.0706579 0.0690077 0.0658589 0.0616286 0.0566661 0.0512393 0.0455369 0.0396903 0.0338043 0.0279864 0.0223689 0.0171191 0.0124282 0.0084753 0.00537664
 0.00867852 0.0138851 0.0205037 0.0283527 0.0371207 0.0462718 0.0549867 0.0623161 0.0675077 0.0702492 0.0706575 0.0690953 0.0659971 0.0617811 0.0568116 0.0513771 0.045682 0.0398608 0.0340083 0.0282164 0.0226051 0.0173379 0.0126113 0.0086142 0.00547216
 0.00875874 0.0140057 0.0206665 0.0285515 0.0373412 0.0464935 0.0551844 0.062465 0.0675887 0.0702553 0.0705952 0.0689803 0.0658458 0.0616048 0.0566168 0.0511709 0.0454778 0.0396782 0.0338678 0.0281304 0.0225729 0.0173469 0.0126433 0.00865243 0.00550566
 0.00880388 0.0140724 0.0207544 0.0286556 0.0374533 0.0466039 0.0552834 0.0625433 0.0676378 0.0702687 0.0705707 0.068921 0.06576 0.0615029 0.0565078 0.0510606 0.0453703 0.0395794 0.0337863 0.0280753 0.0225491 0.0173519 0.0126678 0.00868457 0.00553575
 0.00882927 0.0141141 0.0208176 0.0287445 0.0375692 0.0467425 0.0554336 0.0626875 0.0677569 0.0703469 0.0705994 0.0688998 0.0656947 0.0614032 0.0563853 0.0509269 0.0452356 0.0394524 0.0336748 0.0279863 0.0224874 0.0173182 0.0126574 0.00868946 0.00554727
 0.00880324 0.0140753 0.020766 0.0286832 0.0375045 0.0466833 0.0553903 0.06267 0.0677709 0.0703914 0.0706663 0.0689758 0.065766 0.0614593 0.0564211 0.0509422 0.0452339 0.0394393 0.033657 0.0279703 0.0224783 0.0173185 0.0126666 0.00870416 0.00556311
 0.00881724 0.0140961 0.0207936 0.0287165 0.0375414 0.0467216 0.0554283 0.062707 0.0678069 0.0704268 0.0707006 0.0690066 0.0657889 0.0614685 0.0564116 0.050912 0.045185 0.0393774 0.0335899 0.0279062 0.0224243 0.0172789 0.0126421 0.00869247 0.00556009
 0.0087107 0.0139459 0.0206101 0.0285235 0.0373694 0.0465964 0.0553626 0.0626988 0.067845 0.0704979 0.070794 0.0691151 0.0659068 0.0615894 0.0565277 0.0510148 0.0452679 0.0394373 0.0336279 0.0279273 0.0224348 0.0172847 0.0126472 0.0086984 0.00556654
 0.00829609 0.0133021 0.0197 0.02734 0.0359439 0.0450074 0.0537401 0.0612135 0.0666745 0.0697809 0.0705963 0.0694226 0.0666425 0.0626413 0.0577734 0.0523394 0.0465745 0.0406525 0.0347032 0.0288362 0.0231695 0.0178515 0.0130623 0.00898491 0.00575129
 0.00806997 0.0129198 0.0190987 0.0264551 0.0347274 0.0434558 0.0519208 0.0592727 0.0648164 0.0682251 0.0695307 0.0689669 0.0668295 0.0634176 0.0590178 0.0538928 0.0482717 0.0423464 0.0362792 0.0302169 0.0243132 0.0187469 0.0137228 0.00944123 0.00604448
 0.00810963 0.0129641 0.0191253 0.026424 0.0345819 0.0431303 0.0513541 0.058427 0.0637 0.0669109 0.0681582 0.0677202 0.0658947 0.0629354 0.0590493 0.0544102 0.0491728 0.0434865 0.0375058 0.0313983 0.0253547 0.0195958 0.0143647 0.00989094 0.00633541
 0.00825832 0.0131946 0.0194498 0.0268413 0.0350721 0.0436479 0.0518235 0.0587465 0.0637599 0.0666243 0.0674942 0.0667268 0.0647003 0.0617246 0.0580179 0.0537129 0.048885 0.0435922 0.0379154 0.0319844 0.0259903 0.0201821 0.0148434 0.0102427 0.00656966
 0.00820618 0.0131472 0.0194468 0.0269414 0.0353354 0.0441084 0.0524649 0.0594941 0.0644937 0.0672056 0.0677958 0.0666614 0.0642452 0.0609361 0.0570275 0.0526986 0.0480232 0.0430085 0.0376539 0.032008 0.0262084 0.020489 0.015151 0.0104975 0.00675229
 0.00803993 0.0129098 0.0191529 0.0266311 0.0350712 0.0439644 0.0525117 0.0597803 0.0650248 0.0679271 0.0685922 0.0673787 0.0647321 0.0610895 0.0568246 0.0522053 0.0473743 0.0423647 0.0371509 0.0317181 0.0261301 0.020566 0.0153062 0.0106641 0.00688989
 0.00759289 0.012238 0.0182459 0.0255206 0.033828 0.0426904 0.0513326 0.0588358 0.0644487 0.0678156 0.0689717 0.0681883 0.065831 0.0622895 0.05794 0.0531038 0.0480092 0.0427751 0.0374294 0.0319624 0.0264014 0.0208739 0.0156214 0.0109455 0.0071087
 0.00710439 0.0114827 0.0171836 0.0241455 0.0321755 0.040843 0.0494248 0.0570484 0.0629819 0.0668477 0.0686204 0.0684887 0.0667308 0.0636579 0.0595894 0.0548274 0.0496271 0.0441738 0.0385762 0.032887 0.027158 0.0215058 0.0161457 0.0113611 0.00741318
#obs surv len freq
 nan nan nan nan nan nan nan nan nan nan nan nan nan nan nan nan nan nan nan nan nan nan nan nan nan
 0.00448679 0.00734895 0.0111795 0.0159958 0.0216957 0.0279699 0.0342824 0.0400122 0.0446909 0.0481542 0.0505121 0.0520082 0.0529008 0.0534136 0.0537282 0.0539833 0.0542621 0.0545549 0.0546938 0.0542857 0.0527238 0.049356 0.0438058 0.0362859 0.0276696
 0.00461485 0.00756045 0.0115035 0.0164603 0.0223204 0.0287554 0.0351997 0.0410005 0.0456663 0.0490274 0.0512052 0.0524665 0.0530974 0.0533488 0.053425 0.0534795 0.0536013 0.0537799 0.0538435 0.0533973 0.0518361 0.0485122 0.0430509 0.0356579 0.0271897
 0.00477184 0.00781731 0.0118933 0.0170153 0.0230665 0.029702 0.0363293 0.0422621 0.0469791 0.0502924 0.0523195 0.0533368 0.0536514 0.053544 0.0532523 0.0529608 0.0527822 0.0527203 0.05261 0.05206 0.0504698 0.047197 0.0418659 0.0346687 0.0264322
 0.00496404 0.00813027 0.0123653 0.0176824 0.023956 0.0308219 0.0376574 0.0437415 0.0485251 0.0518064 0.0537014 0.0544922 0.0544958 0.0540076 0.0532881 0.0525515 0.0519441 0.0515015 0.0510856 0.0503274 0.0486442 0.045405 0.0402325 0.0332957 0.0253769
 0.00517413 0.00847623 0.0128941 0.0184403 0.0249791 0.032122 0.0392068 0.0454687 0.0503259 0.0535642 0.055306 0.0558484 0.0555237 0.0546404 0.0534711 0.0522465 0.0511362 0.0502089 0.0493668 0.0482844 0.04642 0.0431711 0.0381647 0.0315405 0.0240197
 0.00541195 0.00886212 0.0134738 0.0192569 0.0260659 0.033491 0.0408353 0.0472933 0.0522481 0.0554668 0.0570702 0.0573665 0.056705 0.0554124 0.053777 0.0520429 0.0503953 0.0489268 0.0475785 0.0460786 0.0439458 0.0406278 0.0357697 0.0294829 0.0224156
 0.00567155 0.00928792 0.0141213 0.0201794 0.0273033 0.0350525 0.0426832 0.049339 0.0543668 0.0575239 0.058943 0.0589536 0.057926 0.056203 0.0540855 0.0518276 0.049625 0.0475883 0.0456917 0.0437178 0.0412558 0.0378202 0.0330906 0.0271562 0.0205868
 0.00589954 0.00966528 0.014702 0.0210186 0.0284475 0.0365226 0.0444572 0.0513438 0.0564877 0.0596249 0.0608896 0.0606282 0.0592349 0.0570767 0.0544736 0.0516921 0.0489363 0.046329 0.0438717 0.041398 0.0385694 0.0349753 0.0303409 0.0247424 0.0186729
 0.00614602 0.0100667 0.0153077 0.0218757 0.0295931 0.0379711 0.0461854 0.0532851 0.0585389 0.0616638 0.0627922 0.0622811 0.0605415 0.0579608 0.054879 0.0515791 0.0482777 0.04511 0.0421011 0.0391293 0.0359248 0.0321537 0.0275924 0.0223115 0.0167324
 0.00638193 0.0104552 0.0159014 0.0227262 0.0307402 0.0394261 0.0479154 0.0552085 0.0605398 0.0636157 0.0645798 0.0638088 0.0617337 0.058757 0.0552313 0.0514492 0.0476365 0.0439407 0.0404092 0.0369623 0.0333946 0.0294449 0.0249422 0.0199562 0.014843
 0.00661937 0.0108427 0.0164876 0.0235575 0.0318522 0.0408298 0.0495822 0.057064 0.0624726 0.0654983 0.0662898 0.0652444 0.0628191 0.0594423 0.0554854 0.0512516 0.0469714 0.0427978 0.0387942 0.0349168 0.031018 0.0269045 0.0224551 0.0177415 0.0130617
 0.00682566 0.0111867 0.0170209 0.0243329 0.032912 0.0421877 0.0512061 0.0588714 0.0643444 0.0673039 0.0679092 0.066581 0.0638026 0.0600274 0.0556475 0.0509814 0.0462675 0.041664 0.0372453 0.032995 0.0288128 0.0245639 0.0201718 0.0157109 0.011428
 0.00705539 0.011556 0.0175696 0.0250961 0.0339149 0.0434368 0.0526775 0.0605046 0.0660459 0.0689609 0.0694073 0.0678188 0.0647025 0.0605396 0.0557487 0.0506684 0.0455489 0.0405559 0.0357737 0.0312068 0.0267926 0.0224429 0.0181172 0.0138914 0.00996765
 0.00725766 0.0118927 0.0180899 0.0258485 0.0349348 0.0447278 0.0541957 0.0621574 0.0677106 0.0705139 0.0707463 0.0688702 0.0654182 0.0608904 0.0557213 0.0502631 0.044778 0.0394411 0.0343479 0.0295215 0.0249289 0.020518 0.0162752 0.0122741 0.00867696
 0.00741887 0.0121545 0.0184841 0.0264061 0.0356816 0.045677 0.0553371 0.0634495 0.0690809 0.0718673 0.0719803 0.0698909 0.0661536 0.0612967 0.0557807 0.0499768 0.0441592 0.0385122 0.0331419 0.0280888 0.0233451 0.0188872 0.0147206 0.0109142 0.00759506
 0.00752417 0.0123303 0.0187571 0.026804 0.0362273 0.04638 0.0561854 0.0644077 0.0700967 0.0728816 0.0729342 0.0707274 0.0668173 0.0617372 0.0559585 0.0498685 0.0437596 0.0378326 0.03221 0.0269503 0.0220682 0.0175635 0.0134557 0.00980748 0.00671525
 0.00758581 0.0124258 0.0188929 0.026985 0.0364593 0.0466713 0.0565468 0.0648484 0.0706187 0.0734743 0.0735721 0.0713721 0.0674217 0.0622498 0.0563279 0.0500487 0.0437159 0.0375476 0.0316879 0.0262203 0.0211858 0.0166073 0.0125171 0.0089727 0.0060449
 0.00765874 0.012537 0.0190464 0.0271793 0.0366877 0.0469239 0.0568119 0.0651162 0.0708848 0.0737424 0.0738522 0.0716727 0.0677411 0.0625698 0.0566142 0.0502564 0.0437985 0.0374668 0.0314232 0.0257762 0.0205957 0.0159309 0.0118297 0.0083479 0.00553627
 0.00773368 0.0126556 0.0192181 0.0274096 0.0369751 0.047257 0.0571678 0.0654623 0.0711871 0.0739766 0.0740118 0.0717697 0.0677987 0.0626109 0.0566499 0.0502797 0.0437847 0.0373818 0.0312354 0.0254698 0.0201797 0.0154408 0.01132 0.00787647 0.00514776
 0.00777561 0.0127179 0.0193013 0.0275109 0.0370905 0.0473833 0.0573037 0.0656069 0.0713376 0.0741259 0.0741497 0.0718869 0.0678908 0.0626807 0.0567041 0.0503226 0.0438112 0.0373751 0.0311713 0.0253276 0.0199534 0.0151461 0.0109919 0.00755833 0.00487669
 0.00780383 0.0127591 0.0193546 0.0275721 0.0371533 0.0474405 0.05735 0.0656406 0.0713615 0.0741475 0.0741784 0.07193 0.0679504 0.0627528 0.0567818 0.0503978 0.0438756 0.0374176 0.0311772 0.0252817 0.0198469 0.0149838 0.0107938 0.00735412 0.00469501
 0.00784038 0.0128123 0.0194231 0.0276502 0.0372321 0.0475103 0.057402 0.0656689 0.0713641 0.0741275 0.0741444 0.0718943 0.0679258 0.0627483 0.0567999 0.0504343 0.0439209 0.0374589 0.0312005 0.0252736 0.0197985 0.0148949 0.0106752 0.00722462 0.00457498
 0.00785109 0.012828 0.0194433 0.027673 0.037254 0.0475267 0.0574079 0.0656599 0.0713384 0.0740873 0.0740964 0.0718486 0.0678931 0.0627377 0.0568161 0.0504766 0.0439827 0.0375288 0.0312642 0.0253169 0.0198108 0.0148727 0.0106239 0.00715662 0.00450524
 0.00785726 0.0128374 0.019456 0.0276886 0.0372714 0.0475439 0.0574221 0.0656678 0.0713366 0.0740736 0.0740705 0.0718137 0.0678552 0.062705 0.0567968 0.0504763 0.0440028 0.0375651 0.0313075 0.0253554 0.0198338 0.0148738 0.0106035 0.00712135 0.00446486
 0.0078763 0.0128597 0.0194739 0.0276902 0.0372443 0.0474813 0.0573274 0.0655544 0.0712233 0.073978 0.0740041 0.0717801 0.0678522 0.0627276 0.0568397 0.0505356 0.044075 0.037646 0.0313908 0.0254327 0.0198962 0.0149151 0.0106221 0.00712112 0.00445308
 0.00789369 0.0128889 0.019519 0.0277536 0.0373243 0.0475691 0.0574059 0.0656023 0.0712233 0.073925 0.0739086 0.0716635 0.0677381 0.0626335 0.0567744 0.0504999 0.0440654 0.0376571 0.0314161 0.0254649 0.0199277 0.0149393 0.0106353 0.00712345 0.00444774
 0.00786109 0.0128385 0.0194484 0.0276634 0.0372187 0.0474566 0.0572987 0.0655135 0.0711621 0.0738932 0.0739005 0.0716707 0.0677553 0.0626611 0.0568163 0.0505597 0.044143 0.0377479 0.0315128 0.0255591 0.0200116 0.0150069 0.0106839 0.00715367 0.00446322
 0.00786278 0.012834 0.0194284 0.0276155 0.0371313 0.0473253 0.0571308 0.0653289 0.070988 0.0737554 0.0738162 0.0716443 0.0677802 0.0627244 0.0569047 0.0506636 0.0442563 0.0378666 0.0316322 0.0256731 0.0201135 0.0150912 0.0107474 0.00719671 0.00448902
 0.00784811 0.01281 0.0193916 0.0275616 0.0370553 0.0472215 0.0569952 0.0651622 0.0707989 0.0735628 0.0736459 0.0715233 0.0677274 0.0627453 0.0569909 0.0507974 0.044418 0.0380387 0.0318017 0.0258304 0.0202513 0.0152044 0.0108338 0.00725708 0.00452726
 0.00782478 0.0127713 0.0193322 0.0274764 0.036941 0.0470785 0.0568292 0.0649835 0.0706204 0.0733969 0.0735041 0.0714166 0.0676674 0.0627424 0.0570503 0.0509157 0.0445824 0.0382307 0.0320016 0.026021 0.0204202 0.0153438 0.0109406 0.00733269 0.00457618
 0.00783711 0.0127866 0.0193461 0.0274818 0.0369289 0.0470412 0.0567622 0.0648876 0.070501 0.0732632 0.0733673 0.0712886 0.0675599 0.0626662 0.0570149 0.0509272 0.0446415 0.0383308 0.0321297 0.0261607 0.0205555 0.0154625 0.0110355 0.00740186 0.00462208
 0.00778966 0.0127144 0.0192468 0.0273561 0.0367804 0.0468751 0.0565854 0.0647085 0.0703307 0.0731138 0.0732508 0.0712147 0.0675343 0.0626901 0.0570858 0.0510403 0.0447905 0.0385075 0.032323 0.0263569 0.02074 0.0156226 0.0111633 0.00749525 0.00468432
 0.00773711 0.0126281 0.0191157 0.027171 0.0365374 0.0465805 0.056259 0.0643825 0.0700415 0.072892 0.0731143 0.0711675 0.0675704 0.0627982 0.0572527 0.0512523 0.0450339 0.038769 0.0325891 0.026614 0.0209744 0.015823 0.0113224 0.00761165 0.0047622
 0.00772645 0.0126044 0.0190682 0.0270854 0.0363994 0.0463811 0.0560002 0.0640798 0.0697228 0.0725922 0.0728681 0.0710022 0.067501 0.0628257 0.0573665 0.0514347 0.0452648 0.0390284 0.0328587 0.0268769 0.0212157 0.0160304 0.0114882 0.00773403 0.00484487
 0.00769582 0.0125567 0.019 0.026994 0.0362819 0.046234 0.0558203 0.0638664 0.0694811 0.0723366 0.0726218 0.0707942 0.0673595 0.0627712 0.0574067 0.0515637 0.0454657 0.0392783 0.0331326 0.0271514 0.021471 0.0162514 0.0116659 0.00786567 0.00493424
 0.00766743 0.0125128 0.0189381 0.0269133 0.0361838 0.0461212 0.0556968 0.0637365 0.0693479 0.0722012 0.0724851 0.0706604 0.067239 0.0626809 0.0573656 0.0515866 0.0455572 0.0394312 0.0333298 0.0273705 0.0216889 0.0164485 0.0118289 0.0079891 0.00501937
 0.00764952 0.0124814 0.018887 0.0268359 0.0360752 0.0459816 0.0555338 0.0635645 0.0691845 0.0720613 0.0723766 0.0705838 0.0671906 0.0626576 0.0573688 0.0516224 0.0456334 0.0395513 0.0334897 0.0275572 0.0218835 0.0166316 0.011985 0.00810977 0.00510391
 0.00763838 0.0124645 0.0188634 0.0268048 0.0360353 0.0459304 0.0554676 0.0634807 0.0690834 0.0719488 0.0722633 0.0704819 0.0671103 0.0626043 0.0573439 0.0516261 0.045667 0.039617 0.0335875 0.027682 0.0220242 0.0167729 0.012112 0.00821221 0.00517804
 0.00760482 0.0124157 0.0188009 0.0267337 0.0359628 0.0458634 0.0554106 0.0634344 0.0690453 0.0719142 0.0722277 0.0704437 0.0670715 0.0625709 0.057323 0.0516239 0.0456874 0.0396622 0.0336575 0.0277739 0.0221311 0.0168841 0.0122158 0.00829877 0.00524259
 0.00759343 0.0123927 0.0187582 0.0266625 0.0358568 0.0457243 0.0552508 0.063276 0.0689125 0.0718247 0.0721867 0.0704446 0.0671015 0.0626172 0.0573775 0.051684 0.0457547 0.0397393 0.0337463 0.0278736 0.0222375 0.0169901 0.0123127 0.00837947 0.00530309
 0.00757532 0.0123663 0.0187237 0.026621 0.0358087 0.0456673 0.0551804 0.0631879 0.0688076 0.0717121 0.072083 0.0703676 0.0670633 0.0626197 0.0574137 0.0517431 0.0458274 0.0398201 0.0338331 0.0279651 0.0223313 0.0170817 0.0123961 0.00844901 0.00535569
 0.00756624 0.0123503 0.0186977 0.0265818 0.0357546 0.0455996 0.0551038 0.0631093 0.0687332 0.0716449 0.0720233 0.0703162 0.067024 0.0625991 0.0574181 0.0517745 0.0458822 0.0398919 0.0339149 0.0280515 0.0224178 0.0171639 0.0124696 0.00850982 0.00540164
 0.00754287 0.0123166 0.0186546 0.0265326 0.0357035 0.0455494 0.0550554 0.0630618 0.0686859 0.0715991 0.0719816 0.0702818 0.0669993 0.062586 0.0574188 0.0517914 0.0459172 0.0399441 0.0339809 0.0281258 0.0224944 0.0172372 0.0125347 0.00856328 0.00544182
 0.0075387 0.0123065 0.0186337 0.0264952 0.0356451 0.0454707 0.0549635 0.0629692 0.0686062 0.0715412 0.0719478 0.0702687 0.0670016 0.0625994 0.0574411 0.0518227 0.0459583 0.0399958 0.0340424 0.0281944 0.0225655 0.0173055 0.0125953 0.0086127 0.00547867
 0.00752001 0.0122787 0.0185964 0.0264489 0.0355909 0.0454083 0.054892 0.0628886 0.0685197 0.0714566 0.0718766 0.0702216 0.0669847 0.0626124 0.0574788 0.0518779 0.0460248 0.0400696 0.0341206 0.0282743 0.0226438 0.0173781 0.0126581 0.00866301 0.00551556
 0.00752686 0.0122876 0.0186057 0.026456 0.0355927 0.0454031 0.0548793 0.0628691 0.0684937 0.0714236 0.0718358 0.0701742 0.0669355 0.0625689 0.0574479 0.0518641 0.0460288 0.040089 0.0341521 0.0283142 0.0226883 0.0174232 0.0126998 0.00869806 0.00554225
 0.00751349 0.0122707 0.0185892 0.026446 0.0355951 0.0454206 0.0549091 0.0629033 0.0685225 0.0714391 0.0718344 0.0701563 0.0669042 0.062529 0.0574059 0.0518267 0.0460018 0.0400759 0.0341535 0.0283282 0.0227112 0.0174507 0.0127279 0.0087231 0.00556211
 0.00748331 0.0122218 0.0185164 0.026346 0.035469 0.0452761 0.0547621 0.0627749 0.0684329 0.0714001 0.0718454 0.0702065 0.0669785 0.0626134 0.057491 0.0519081 0.0460788 0.0401497 0.0342253 0.028398 0.0227776 0.0175109 0.0127791 0.00876354 0.00559144
 0.00749142 0.0122304 0.0185207 0.0263384 0.0354408 0.0452207 0.0546781 0.0626681 0.0683162 0.0712908 0.0717609 0.0701594 0.0669724 0.0626433 0.0575456 0.0519752 0.0461491 0.0402181 0.03429 0.0284586 0.0228337 0.0175614 0.0128222 0.00879783 0.0056165
 0.00749142 0.0122304 0.0185207 0.0263384 0.0354408 0.0452207 0.0546781 0.0626681 0.0683162 0.0712908 0.0717609 0.0701594 0.0669724 0.0626433 0.0575456 0.0519752 0.0461491 0.0402181 0.03429 0.0284586 0.0228337 0.0175614 0.0128222 0.00879783 0.0056165
 0.00716795 0.0117187 0.017779 0.0253427 0.0341958 0.0437729 0.0531271 0.0611627 0.0670276 0.0703722 0.071312 0.0702094 0.0674842 0.0635296 0.0586908 0.0532574 0.0474583 0.0414675 0.0354197 0.029433 0.0236366 0.0181916 0.0132905 0.00912445 0.00582831
 0.00707389 0.011533 0.0174395 0.0247736 0.0333279 0.0425765 0.051641 0.0595023 0.0653648 0.0688974 0.070195 0.0695721 0.0673845 0.0639569 0.0595727 0.0544758 0.048873 0.0429404 0.0368335 0.0307017 0.0247079 0.0190438 0.0139274 0.00956919 0.00611633
 0.00709489 0.0115648 0.0174799 0.0248103 0.0333307 0.0424909 0.0513912 0.0590106 0.0645864 0.0678549 0.0689923 0.0683761 0.0663809 0.0633015 0.059355 0.054705 0.0494856 0.0438225 0.0378505 0.0317269 0.0256419 0.0198243 0.0145291 0.00999719 0.00639651
 0.0071388 0.0116444 0.0176141 0.0250196 0.0336289 0.0428721 0.0518168 0.0594043 0.064843 0.067865 0.0686779 0.0677248 0.0654657 0.0622703 0.0583919 0.0539765 0.0490949 0.0437886 0.0381165 0.0321888 0.0261839 0.0203485 0.0149714 0.0103304 0.00662269
 0.00718034 0.0117228 0.0177523 0.0252458 0.0339703 0.0433433 0.0524084 0.0600748 0.0655191 0.0684489 0.0690609 0.0678092 0.0651928 0.0616482 0.0575077 0.052981 0.0481613 0.0430607 0.0376701 0.0320207 0.0262303 0.020519 0.0151817 0.0105221 0.00676817
 0.00714058 0.0116696 0.0176944 0.0252011 0.0339645 0.0434064 0.0525683 0.0603508 0.0659128 0.0689352 0.0695834 0.0682833 0.0655212 0.0617459 0.0573319 0.0525532 0.0475688 0.0424322 0.0371324 0.0316571 0.0260608 0.020508 0.0152654 0.0106384 0.00687462
 0.00701291 0.0114614 0.0173818 0.024766 0.0334046 0.0427474 0.0518732 0.059716 0.0654474 0.06873 0.0696822 0.0686695 0.0661199 0.0624418 0.0579974 0.0530841 0.0479137 0.0426049 0.0371979 0.0316973 0.0261372 0.0206407 0.0154368 0.0108134 0.00702257
 0.00700094 0.0114316 0.0173173 0.0246435 0.0331984 0.0424378 0.0514566 0.0592134 0.0649075 0.0682256 0.0692981 0.0684811 0.0661696 0.0627213 0.058446 0.0536053 0.0484075 0.0430008 0.0374747 0.0318794 0.0262708 0.0207651 0.0155675 0.0109437 0.00713664
#pred catch len freq
 0.00428139 0.00677303 0.0098775 0.0135199 0.0176573 0.0222596 0.0272407 0.0324203 0.037554 0.0423914 0.0467147 0.0503602 0.0532342 0.0553232 0.0566876 0.0574499 0.0577819 0.0578699 0.0578229 0.0575241 0.056507 0.0540096 0.0493035 0.0421788 0.0332575
 0.00449593 0.00704689 0.0101543 0.0137093 0.0176694 0.0220552 0.0268641 0.0319882 0.0372025 0.0422132 0.0467272 0.0505202 0.0534839 0.055633 0.0570705 0.0579403 0.0583925 0.0585494 0.0584423 0.0579065 0.0564967 0.0535487 0.0484697 0.0411575 0.0322625
 0.00471149 0.00738999 0.0106515 0.0143655 0.0184513 0.0228754 0.0275835 0.0324529 0.0373089 0.0419655 0.046243 0.0499738 0.0530256 0.0553394 0.0569494 0.0579681 0.0585401 0.0587763 0.0586725 0.0580207 0.0563651 0.0530928 0.0477136 0.0402284 0.0313352
 0.00493345 0.00773859 0.0111551 0.015047 0.0193278 0.0239529 0.0288408 0.0338172 0.0386414 0.0430774 0.0469506 0.0501724 0.0527384 0.0547049 0.0561555 0.0571759 0.0578395 0.0581819 0.0581378 0.0574588 0.055679 0.0522201 0.0466677 0.0391066 0.0302792
 0.00517483 0.00811579 0.0116956 0.0157696 0.0202442 0.0250689 0.0301525 0.0353025 0.0402471 0.0447063 0.0484552 0.0513686 0.0534496 0.0548245 0.0556929 0.0562535 0.0566378 0.0568652 0.0568016 0.0561208 0.0543098 0.0507946 0.0452097 0.0377001 0.0290388
 0.00546924 0.00857261 0.0123437 0.0166243 0.02131 0.0263416 0.0316178 0.0369303 0.0419879 0.0464885 0.0501827 0.0529176 0.054671 0.0555627 0.0558245 0.0557313 0.0555151 0.0552779 0.0549164 0.0540819 0.0522171 0.0487204 0.0432316 0.0359158 0.0275481
 0.00580202 0.00908869 0.013075 0.0175872 0.022507 0.027764 0.0332433 0.0387179 0.0438757 0.0483967 0.0520184 0.0545786 0.0560462 0.0565327 0.0562688 0.055549 0.0546562 0.0537698 0.0528671 0.0516555 0.0495987 0.0460917 0.040761 0.0337511 0.0257976
 0.00613709 0.00960992 0.0138168 0.0185691 0.0237351 0.0292325 0.0349305 0.0405806 0.0458464 0.0503876 0.0539294 0.0563051 0.0574854 0.0575853 0.0568385 0.0555443 0.0540029 0.0524348 0.0508855 0.0491447 0.0467504 0.0431437 0.0379581 0.0313033 0.0238429
 0.00648293 0.0101493 0.014587 0.0195926 0.0250203 0.0307741 0.0367044 0.0425377 0.047911 0.0524625 0.0559055 0.058072 0.0589396 0.0586353 0.0574043 0.0555542 0.0533933 0.0511616 0.0489493 0.0466202 0.0438034 0.0400203 0.0349416 0.028651 0.0217268
 0.00683058 0.0106945 0.0153716 0.0206454 0.0263566 0.0323933 0.0385832 0.0446219 0.0501135 0.0546701 0.0579915 0.0599102 0.060417 0.0596604 0.0579081 0.0554846 0.0527087 0.0498325 0.0469745 0.0440567 0.0407947 0.0368011 0.031803 0.0258727 0.0195036
 0.00716336 0.0112102 0.0161023 0.0216087 0.0275597 0.0338365 0.0402573 0.046499 0.0521374 0.0567529 0.060018 0.06175 0.0619412 0.0607575 0.0584931 0.0554987 0.0521139 0.0486084 0.0451266 0.0416384 0.0379356 0.0337172 0.0287723 0.0231711 0.0173307
 0.00744116 0.0116492 0.01674 0.0224731 0.0286665 0.035185 0.0418244 0.0482355 0.053973 0.0586051 0.0617996 0.0633714 0.06331 0.0617812 0.0590856 0.0555876 0.0516455 0.0475518 0.0434816 0.039453 0.0353274 0.0308837 0.0259697 0.0206587 0.0153003
 0.0077417 0.0121215 0.0174215 0.0233909 0.0298367 0.03661 0.0434845 0.0500802 0.055917 0.060536 0.0635933 0.0649115 0.0645033 0.0625635 0.0594161 0.0554389 0.0509954 0.0463848 0.0418006 0.0373006 0.0328087 0.028177 0.0233081 0.0182791 0.0133791
 0.00806853 0.012625 0.0181285 0.0243113 0.0309672 0.0379387 0.0449901 0.0517259 0.0576442 0.0622626 0.0652185 0.0663262 0.0656048 0.0632704 0.0596768 0.0552303 0.0503138 0.0452373 0.0402067 0.0353067 0.0305095 0.0257279 0.0209117 0.016142 0.0116554
 0.00841317 0.0131613 0.0188912 0.0253173 0.0322145 0.0394051 0.0466293 0.0534651 0.0593903 0.0639147 0.0666813 0.0675169 0.0664562 0.0637318 0.0597158 0.0548333 0.0494849 0.0439951 0.0385848 0.0333613 0.0283334 0.0234596 0.0187249 0.014211 0.0101078
 0.00874928 0.0136754 0.019606 0.026236 0.0333259 0.0406903 0.0480615 0.0550027 0.0609683 0.065444 0.0680576 0.0686379 0.0672389 0.0641237 0.0596952 0.0544028 0.0486621 0.0428081 0.0370735 0.0315846 0.0263799 0.0214525 0.0168124 0.012537 0.00877466
