SBPRF35
12.7214
Curr Bio
908012
B35
900058
F35
0.17144
FOFL
0.17144
OFL
129039
Bzero
3.63469e+006
#pred survey bio
 3.70022e+006 3.5755e+006 3.461e+006 3.29066e+006 3.0945e+006 2.84567e+006 2.56564e+006 2.33402e+006 2.10538e+006 1.87838e+006 1.67754e+006 1.4452e+006 1.28526e+006 1.10963e+006 956747 842108 755335 703548 663348 635352 603797 573383 551726 544074 536671 534770 536527 535309 528968 536240 544342 553847 559096 567469 576118 597894 610115 613260 624528 638678 652641 668496 675753 688777 705935 709040 714024 715250 716295 713761 724444 753840 777028 804768 834681 855174 871805 883983 915218 2.13488e+007 1.97139e+007 2.0151e+007 2.09496e+007 2.19678e+007 2.30498e+007 2.40825e+007 2.50009e+007 2.5779e+007 2.64162e+007 2.69258e+007 2.73267e+007 2.76386e+007 2.78797e+007 2.80652e+007 2.82079e+007 2.83178e+007 2.84024e+007 2.84679e+007 2.85187e+007 2.85584e+007 2.85894e+007 2.86137e+007 2.8633e+007 2.86482e+007 2.86603e+007 2.86699e+007 2.86777e+007 2.86838e+007 2.86888e+007 2.86928e+007 2.86961e+007 2.86987e+007 2.87008e+007 2.87025e+007 2.8704e+007 2.87051e+007 2.8706e+007 2.87068e+007 2.87074e+007 2.87079e+007 2.87083e+007 2.87087e+007 2.87089e+007 2.87092e+007 2.87094e+007 2.87095e+007 2.87096e+007 2.87097e+007 2.87098e+007 2.87099e+007 2.87099e+007 2.871e+007 2.871e+007 2.87101e+007 2.87101e+007 2.87101e+007 2.87101e+007 2.87101e+007 2.87101e+007 2.87101e+007 2.87102e+007 2.87102e+007 2.87102e+007 2.87102e+007 2.87102e+007 2.87102e+007 2.87102e+007 2.87102e+007 2.87102e+007 2.87102e+007 2.87102e+007 2.87102e+007 2.87102e+007 2.87102e+007 2.87102e+007 2.87102e+007 2.87102e+007 2.87102e+007 2.87102e+007 2.87102e+007 2.87102e+007 2.87102e+007 2.87102e+007 2.87102e+007 2.87102e+007 2.87102e+007 2.87102e+007 2.87102e+007 2.87102e+007 2.87102e+007 2.87102e+007 2.87102e+007 2.87102e+007 2.87102e+007 2.87102e+007 2.87102e+007 2.87102e+007 2.87102e+007 2.87102e+007 0 0 0 0 0 0 0 0 0 0 0 0 0 0 0 0 0 0 0 0 0 0 0 0 0
#obs survey bio
 3.3318e+006 5.00464e+006 3.30945e+006 3.614e+006 3.49429e+006 2.07136e+006 2.54008e+006 1.83185e+006 2.17249e+006 1.57711e+006 2.91495e+006 1.66944e+006 1.4569e+006 1.4403e+006 746298 793866 748945 457612 691954 835969 498588 510022 523469 748138 523335 741064 462769 671998 490539 672499 551028 333596 481338 491558 603664 774683 638108 559005 787952 637569 422739 483403 841168 870718 909834 581513 615423 818730 674406 608048 550351 684975 838017 914285 832783 838254 952413 899384 743150
#pred catch bio
 99298.1 98048.5 160609 197494 261270 307041 280363 294092 306936 294594 329715 269869 286539 265877 230748 204202 171448 158705 144644 143177 137594 126334 111763 109668 103748 99910.9 101590 104672 92683.7 92772.2 93023.3 98035.5 96216.1 96845.3 87371.8 97123.6 105424 99213.7 98048.4 99841.4 100249 108753 104195 101312 113377 111296 113975 113559 116388 105972 92864.9 101392 99877.4 100133 109918 114776 120192 106252 124126 129039 130214 132089 136330 142336 148823 154962 160325 164759 168280 170994 173039 174552 175657 176454 177025 177430 177716 177918 178059 178158 178227 178275 178308 178331 178347 178358 178366 178371 178374 178377 178379 178380 178381 178381 178382 178382 178382 178382 178382 178382 178382 178382 178382 178382 178382 178382 178382 178382 178382 178382 178382 178382 178382 178382 178382 178382 178382 178382 178382 178382 178382 178382 178382 178382 178382 178382 178382 178382 178382 178382 178382 178382 178382 178382 178382 178382 178382 178382 178382 178382 178382 178382 178382 178382 178382 178382 178382 178382 178382 178382 178382 178382 178382 178382 178382 178382 178382 178382 178382 0 0 0 0 0 0 0 0 0 0 0 0 0 0 0 0 0 0 0 0 0 0 0 0 0
#obs catch bio
 0 97648.1 160922 197292 261089 307586 279988 294765 307677 295966 330230 268478 287514 267372 233303 207214 173554 160991 145944 143168 137563 127263 112274 109496 103733 99928.9 101410 104485 92366 92355.4 92510.4 98629.5 96518.5 96990.3 87383.2 97070.8 105689 99506.1 98132.3 99709.6 100528 109607 104290 101030 113032 111087 113788 112910 115884 105624 92399.3 101437 100007 100045 110007 114848 120492 106093 124253
#pred cpue bio
 3.65756e+006 3.5342e+006 3.41958e+006 3.2491e+006 3.05332e+006 2.80506e+006 2.52578e+006 2.29457e+006 2.06654e+006 1.84042e+006 1.64071e+006 1.41029e+006 1.25129e+006 1.07713e+006 925820 812438 726979 676296 637236 610405 580056 550499 529531 522417 515421 513655 515566 514565 508495 515643 523502 532536 537541 545845 554330 575637 587635 590664 601651 615528 629058 644393 651613 664631 681635 684778 689746 691087 692170 689564 699793 728372 751048 778375 807880 827952 844048 855777 886290 2.06779e+007 1.90977e+007 1.94444e+007 2.0161e+007 2.11568e+007 2.22347e+007 2.32668e+007 2.41851e+007 2.49632e+007 2.56004e+007 2.611e+007 2.65109e+007 2.68228e+007 2.70638e+007 2.72494e+007 2.73921e+007 2.75019e+007 2.75866e+007 2.76521e+007 2.77029e+007 2.77425e+007 2.77736e+007 2.77979e+007 2.78171e+007 2.78324e+007 2.78445e+007 2.78541e+007 2.78618e+007 2.7868e+007 2.7873e+007 2.7877e+007 2.78803e+007 2.78829e+007 2.7885e+007 2.78867e+007 2.78881e+007 2.78893e+007 2.78902e+007 2.7891e+007 2.78916e+007 2.78921e+007 2.78925e+007 2.78929e+007 2.78931e+007 2.78934e+007 2.78935e+007 2.78937e+007 2.78938e+007 2.78939e+007 2.7894e+007 2.78941e+007 2.78941e+007 2.78942e+007 2.78942e+007 2.78942e+007 2.78943e+007 2.78943e+007 2.78943e+007 2.78943e+007 2.78943e+007 2.78943e+007 2.78943e+007 2.78944e+007 2.78944e+007 2.78944e+007 2.78944e+007 2.78944e+007 2.78944e+007 2.78944e+007 2.78944e+007 2.78944e+007 2.78944e+007 2.78944e+007 2.78944e+007 2.78944e+007 2.78944e+007 2.78944e+007 2.78944e+007 2.78944e+007 2.78944e+007 2.78944e+007 2.78944e+007 2.78944e+007 2.78944e+007 2.78944e+007 2.78944e+007 2.78944e+007 2.78944e+007 2.78944e+007 2.78944e+007 2.78944e+007 2.78944e+007 2.78944e+007 2.78944e+007 2.78944e+007 2.78944e+007 2.78944e+007 2.78944e+007 2.78944e+007 2.78944e+007 0 0 0 0 0 0 0 0 0 0 0 0 0 0 0 0 0 0 0 0 0 0 0 0 0
#obs cpue bio
 4.76723e+006 3.26866e+006 3.31721e+006 3.10519e+006 3.1837e+006 3.0568e+006 2.61337e+006 2.18182e+006 2.0992e+006 1.49507e+006 1.56737e+006 1.47641e+006 767244 682552 757540 605782 606079 782796 655255 773297 707453 378015 548795 587125 473234 356437 704870 460305 565654 503766 581300 392207 689974 745956 471335 542975 470468 532087 553966 758840 630135 637589 800827 675776 658506 712697 842728 869847 765392 775418 1.00153e+006 594269 579023 807685 752666 820981 721412 874669 1.16573e+006
#pred surv len freq
 0.00421225 0.00693651 0.0106224 0.0153119 0.0209239 0.0271635 0.0335036 0.0393285 0.0441689 0.0478504 0.050462 0.0522167 0.0533324 0.0539818 0.0542899 0.0543524 0.054258 0.0540868 0.0538525 0.0533849 0.0522288 0.0496965 0.0451584 0.0384653 0.0302116
 0.00451204 0.0073382 0.0110715 0.0157123 0.0211743 0.0272086 0.033368 0.0391049 0.0439646 0.0477281 0.0504147 0.0521916 0.0532823 0.0539074 0.0542473 0.054423 0.0544975 0.0544794 0.0542949 0.0537139 0.0522865 0.0494034 0.0445534 0.0376877 0.0294345
 0.0045818 0.00751036 0.0114321 0.016359 0.0221694 0.0285196 0.034835 0.0404741 0.044987 0.0482643 0.050478 0.051905 0.0527936 0.0533275 0.053643 0.0538421 0.0539848 0.054062 0.0539519 0.0533645 0.0518199 0.0487398 0.0436972 0.0367341 0.0285241
 0.00471093 0.00770677 0.011708 0.0167305 0.0226702 0.0292083 0.0357818 0.0417181 0.0464789 0.0498378 0.0518833 0.0529011 0.053243 0.0532357 0.0531253 0.0530556 0.0530716 0.0531206 0.0530271 0.0524482 0.050868 0.0477115 0.0425983 0.035633 0.0275266
 0.00488138 0.0079845 0.0121258 0.0173166 0.0234398 0.0301561 0.0368793 0.0429231 0.0477526 0.0511492 0.0531886 0.0541108 0.0542132 0.0538058 0.053185 0.0525939 0.0521749 0.0519268 0.0516683 0.0510142 0.0494041 0.0462435 0.0411659 0.0343062 0.0263903
 0.00509489 0.00833561 0.0126617 0.0180831 0.0244723 0.0314634 0.0384278 0.0446317 0.0495061 0.0528265 0.05469 0.0553675 0.0551745 0.0544152 0.0533695 0.0522828 0.0513377 0.0506015 0.0499565 0.0490504 0.0473232 0.0441677 0.0392092 0.0325762 0.024975
 0.00537522 0.00878837 0.0133378 0.0190289 0.0257217 0.0330252 0.0402707 0.0466766 0.0516324 0.0548912 0.0565505 0.0569022 0.0562953 0.0550677 0.0535219 0.0519108 0.050422 0.0491434 0.0480031 0.0467075 0.0447492 0.0415517 0.0367434 0.0304275 0.0232556
 0.00560024 0.00915831 0.0139024 0.0198378 0.0268152 0.0344205 0.0419473 0.0485702 0.0536439 0.0569036 0.0584444 0.058564 0.0576216 0.0559705 0.0539327 0.0517818 0.0497244 0.0478704 0.0461823 0.0444202 0.0421423 0.0388301 0.0341372 0.0281443 0.0214343
 0.00582685 0.0095314 0.0144729 0.0206568 0.0279251 0.0358402 0.043656 0.0505011 0.0556924 0.0589465 0.0603594 0.0602412 0.0589679 0.0569083 0.0543974 0.0517203 0.0490962 0.0466545 0.0443914 0.042121 0.0394729 0.0359992 0.0313946 0.0257253 0.0195011
 0.00601441 0.00985236 0.0149859 0.0214267 0.0290102 0.0372705 0.0454122 0.052507 0.057827 0.0610689 0.0623327 0.0619479 0.0603152 0.0578273 0.0548377 0.0516431 0.0484695 0.0454569 0.0426265 0.0398418 0.0368045 0.0331444 0.0286071 0.0232523 0.017518
 0.00617562 0.010119 0.0153968 0.0220247 0.0298376 0.0383602 0.0467751 0.0541205 0.0596299 0.0629647 0.0642002 0.0636573 0.0617456 0.0588802 0.0554418 0.0517497 0.0480458 0.0444829 0.041104 0.0378146 0.0343829 0.0305144 0.0260089 0.0209266 0.0156411
 0.00660211 0.0107853 0.0163489 0.0232865 0.0314074 0.0402056 0.0488273 0.056274 0.0617565 0.0649365 0.0659087 0.0650207 0.062706 0.059398 0.055491 0.0513149 0.0471184 0.0430613 0.0392015 0.0354785 0.0317187 0.0276979 0.0232694 0.0184958 0.0136891
 0.0068094 0.011145 0.0169308 0.0241656 0.0326426 0.0418088 0.0507376 0.0583582 0.0638412 0.0668557 0.0675395 0.066292 0.0635859 0.0598742 0.0555562 0.05096 0.0463329 0.0418383 0.0375487 0.0334361 0.0293792 0.0252166 0.0208487 0.0163419 0.011955
 0.00710415 0.0116269 0.0176619 0.0252072 0.0340451 0.0435932 0.0528725 0.0607434 0.0663104 0.0691999 0.0695465 0.0677889 0.0644712 0.0601278 0.0552217 0.0501116 0.0450439 0.0401655 0.0355375 0.0311412 0.0268902 0.0226723 0.0184274 0.0142227 0.0102671
 0.00743605 0.0121593 0.0184497 0.0262965 0.0354643 0.0453402 0.0548999 0.0629538 0.0685663 0.0713449 0.0714245 0.0692579 0.0654165 0.0604764 0.0549553 0.0492667 0.0436964 0.0384075 0.0334606 0.0288365 0.0244621 0.0202524 0.0161695 0.0122749 0.00873179
 0.00758998 0.0124317 0.0189002 0.0269931 0.036467 0.0466751 0.0565366 0.0648003 0.0704882 0.0731966 0.073075 0.0706018 0.0663717 0.0609809 0.054969 0.0487776 0.0427267 0.0370129 0.031724 0.02686 0.0223641 0.0181665 0.0142362 0.0106195 0.00743537
 0.0077038 0.0126122 0.0191655 0.0273622 0.0369629 0.0473257 0.0573693 0.0658289 0.0716961 0.0745259 0.0744282 0.0718592 0.067416 0.0617168 0.0553313 0.0487307 0.0422628 0.0361527 0.0305184 0.0253909 0.0207408 0.0165171 0.0126922 0.00929329 0.00639708
 0.00770518 0.0126155 0.0191726 0.027377 0.036992 0.0473811 0.0574709 0.0660067 0.0719893 0.0749737 0.0750541 0.0726517 0.0683177 0.0626289 0.0561344 0.0493114 0.0425357 0.0360732 0.0300873 0.0246534 0.0197815 0.0154482 0.0116353 0.00835517 0.00564807
 0.00762788 0.0125056 0.0190366 0.0272308 0.0368575 0.0472788 0.0574157 0.066008 0.0720558 0.0751187 0.0752972 0.0730136 0.0688075 0.0632297 0.0567939 0.0499452 0.0430446 0.0363682 0.0301125 0.0244006 0.0192923 0.0148046 0.0109394 0.00770406 0.0051113
 0.0076098 0.0124568 0.0189287 0.0270299 0.0365375 0.0468408 0.056901 0.0654946 0.0716348 0.0748653 0.0752519 0.0731812 0.0691691 0.0637533 0.0574361 0.0506474 0.0437308 0.0369524 0.0305172 0.0245778 0.0192389 0.0145638 0.0105867 0.00732336 0.00477105
 0.00774761 0.01266 0.0191941 0.0273364 0.0368461 0.0470994 0.0570529 0.0654928 0.0714606 0.0745428 0.0748473 0.0727833 0.0688604 0.0635872 0.057429 0.0507819 0.0439626 0.0372188 0.0307477 0.024711 0.0192402 0.0144357 0.0103662 0.00706613 0.00452975
 0.00779364 0.0127529 0.0193658 0.0276229 0.0372731 0.0476612 0.0576965 0.0661204 0.071955 0.0748055 0.0748312 0.0725067 0.0683981 0.0630445 0.0569096 0.0503607 0.0436722 0.0370492 0.0306579 0.0246469 0.0191546 0.0143041 0.0101922 0.00687422 0.00435079
 0.00779139 0.0127443 0.0193455 0.027588 0.0372299 0.047632 0.0577196 0.0662371 0.0721855 0.0751282 0.0751801 0.0727943 0.068552 0.0630376 0.0567678 0.0501463 0.0434541 0.0368762 0.0305453 0.0245797 0.0191025 0.0142401 0.0101051 0.0067705 0.00424703
 0.00782057 0.0127667 0.0193332 0.0275008 0.0370276 0.0472939 0.0572626 0.0657215 0.0717035 0.0747781 0.0750351 0.0728771 0.0688262 0.0634235 0.0571745 0.0505064 0.0437406 0.0370961 0.0307195 0.0247229 0.0192162 0.0143174 0.0101415 0.00677069 0.00422385
 0.00788213 0.0128617 0.0194649 0.0276638 0.0372032 0.0474467 0.0573428 0.0656774 0.0715044 0.0744364 0.074613 0.0724691 0.068524 0.0632807 0.0571912 0.0506382 0.0439258 0.037283 0.0308797 0.0248487 0.0193091 0.0143801 0.010176 0.00678088 0.00421698
 0.00782346 0.0127805 0.0193691 0.0275695 0.0371301 0.0474096 0.0573438 0.065702 0.0715239 0.0744169 0.0745298 0.0723212 0.0683413 0.0631158 0.0570978 0.0506475 0.0440341 0.0374582 0.0310792 0.0250365 0.019464 0.0144946 0.0102515 0.00682368 0.00423592
 0.00778936 0.012714 0.0192499 0.0273756 0.0368476 0.0470461 0.0569365 0.0653124 0.0712177 0.074238 0.0744847 0.0723821 0.0684649 0.0632665 0.0572616 0.0508304 0.0442485 0.0377072 0.0313494 0.0253029 0.0197009 0.0146845 0.0103888 0.0069129 0.00428738
 0.00776053 0.0126734 0.0191993 0.0273179 0.0367821 0.0469645 0.0568228 0.0651509 0.0710058 0.0739963 0.0742542 0.072208 0.0683771 0.0632685 0.057336 0.0509535 0.0444028 0.0378839 0.0315423 0.0255018 0.0198902 0.0148482 0.0105162 0.00700149 0.00434223
 0.00786706 0.0128239 0.0193841 0.0275144 0.0369621 0.0471042 0.0569098 0.0651824 0.0709816 0.0739133 0.0741093 0.072007 0.0681407 0.0630299 0.0571286 0.0507995 0.0443093 0.0378467 0.0315517 0.0255459 0.0199554 0.0149202 0.0105821 0.00705318 0.00437732
 0.00789259 0.0128589 0.0194238 0.0275483 0.0369741 0.0470752 0.0568226 0.0650287 0.0707687 0.0736666 0.0738665 0.0718051 0.0680039 0.0629651 0.0571308 0.0508586 0.0444148 0.0379873 0.0317149 0.0257177 0.0201217 0.0150685 0.0107035 0.00714382 0.00443847
 0.00800323 0.013017 0.0196211 0.0277627 0.0371746 0.0472305 0.0569086 0.0650308 0.070682 0.073496 0.0736281 0.0715267 0.0677213 0.0627142 0.056938 0.0507365 0.0443625 0.0379953 0.0317691 0.0258022 0.0202207 0.0151675 0.0107911 0.00721298 0.00448736
 0.00791308 0.0129088 0.0195278 0.0277344 0.0372604 0.0474514 0.0572383 0.0653994 0.0710021 0.0736966 0.0736768 0.071432 0.0675199 0.0624547 0.0566681 0.0504949 0.0441745 0.0378715 0.0317072 0.0257915 0.0202456 0.0152117 0.0108404 0.0072574 0.00452157
 0.00781794 0.0127605 0.019319 0.0274695 0.036962 0.0471658 0.0570321 0.0653416 0.0711334 0.0740028 0.0740861 0.071842 0.0678398 0.062637 0.0567155 0.0504454 0.0440783 0.0377725 0.0316339 0.0257548 0.020243 0.0152331 0.0108733 0.00729112 0.00454952
 0.00783405 0.0127627 0.0192787 0.0273468 0.0367189 0.0467859 0.0565387 0.0648024 0.0706468 0.0736694 0.0739756 0.0719689 0.0681581 0.0630589 0.0571457 0.0508137 0.0443558 0.0379666 0.0317704 0.0258602 0.0203344 0.0153162 0.0109466 0.0073509 0.00459364
 0.00783961 0.0127763 0.0193057 0.0273901 0.0367719 0.0468258 0.0565255 0.0646911 0.070411 0.073324 0.0735832 0.0716211 0.0679399 0.0630139 0.0572621 0.0510364 0.0446152 0.038207 0.0319645 0.026006 0.0204431 0.0154 0.0110128 0.00740242 0.00463129
 0.00773609 0.0126112 0.0190644 0.0270642 0.036364 0.0463545 0.0560273 0.064214 0.0699998 0.0730067 0.0733687 0.0715104 0.0679399 0.0631405 0.0575274 0.0514314 0.045102 0.038728 0.0324614 0.0264375 0.0207908 0.0156643 0.0112042 0.00753427 0.00471705
 0.00771237 0.0125728 0.0190065 0.0269816 0.036251 0.046206 0.0558408 0.0639928 0.0697553 0.0727576 0.073137 0.0713161 0.0677983 0.063064 0.0575289 0.0515222 0.0452842 0.0389867 0.0327644 0.0267449 0.021068 0.0158904 0.0113735 0.00765176 0.00479287
 0.00773338 0.0126093 0.0190654 0.0270695 0.036371 0.0463534 0.0559994 0.0641354 0.0698494 0.0727753 0.0730635 0.0711551 0.067571 0.0628036 0.0572733 0.051307 0.0451371 0.0389214 0.032778 0.0268184 0.0211735 0.0160007 0.0114693 0.00772443 0.00484212
 0.00769116 0.0125413 0.018965 0.0269325 0.0361993 0.0461574 0.0558001 0.063961 0.0697262 0.0727175 0.0730674 0.0712017 0.0676354 0.0628658 0.0573253 0.051354 0.0451927 0.0390005 0.0328887 0.0269581 0.0213285 0.0161523 0.0116006 0.00782568 0.00491192
 0.00774187 0.0126013 0.0190138 0.026938 0.0361266 0.0459839 0.0555284 0.0636217 0.0693703 0.0724008 0.0728359 0.0710802 0.0676241 0.062944 0.0574616 0.0515183 0.0453652 0.0391735 0.0330624 0.0271331 0.0215011 0.0163132 0.011739 0.0079337 0.0049879
 0.00774455 0.0126164 0.0190549 0.0270195 0.0362547 0.046145 0.0556834 0.0637148 0.0693517 0.0722517 0.0725799 0.0707742 0.0673345 0.0627222 0.0573308 0.0514746 0.0453883 0.03924 0.0331538 0.0272378 0.021611 0.0164208 0.011836 0.00801314 0.00504639
 0.00756422 0.0123585 0.0187327 0.0266699 0.03593 0.045898 0.0555517 0.0637106 0.0694573 0.0724233 0.0727608 0.070916 0.0674156 0.0627537 0.0573457 0.0515079 0.0454609 0.0393537 0.033297 0.0273939 0.0217649 0.0165608 0.0119545 0.00810583 0.00511276
 0.00749798 0.0122404 0.0185378 0.0263749 0.0355256 0.0454057 0.0550333 0.0632584 0.0691644 0.0723459 0.0728958 0.071205 0.0677731 0.0631018 0.0576386 0.0517374 0.0456449 0.0395175 0.0334581 0.0275566 0.0219235 0.0167056 0.0120767 0.00820077 0.00518022
 0.00746684 0.0121802 0.018429 0.0261917 0.0352409 0.0450002 0.0545078 0.0626443 0.0685276 0.0717786 0.0724949 0.071042 0.0678677 0.0634156 0.0580928 0.0522449 0.046139 0.0399634 0.0338469 0.027892 0.0222096 0.0169432 0.0122648 0.00834024 0.0052758
 0.00739607 0.0120707 0.0182741 0.025987 0.0349831 0.0446851 0.0541312 0.0622063 0.0680393 0.0712697 0.0720169 0.0706633 0.0676576 0.0634215 0.0583205 0.0526551 0.0466614 0.0405219 0.0343812 0.028366 0.022608 0.0172631 0.0125096 0.00851678 0.0053943
 0.00738925 0.0120626 0.0182671 0.0259849 0.0349887 0.0446975 0.0541425 0.0622001 0.067992 0.0711562 0.071821 0.070389 0.0673371 0.0631116 0.0580869 0.0525486 0.0466995 0.0406849 0.0346243 0.0286386 0.0228694 0.0174884 0.0126882 0.00864805 0.00548354
 0.00733474 0.0119806 0.0181565 0.0258495 0.0348375 0.0445432 0.0539999 0.0620833 0.06791 0.0711083 0.0717945 0.0703631 0.0672926 0.0630429 0.0580088 0.0524935 0.0467037 0.0407712 0.034791 0.0288608 0.0231109 0.017715 0.0128772 0.00879043 0.00558101
 0.00735625 0.0120038 0.0181698 0.025836 0.0347804 0.0444345 0.0538469 0.0619081 0.0677423 0.0709739 0.0717069 0.0703203 0.0672801 0.0630414 0.058004 0.0524838 0.0467022 0.0407988 0.0348646 0.0289831 0.0232677 0.017882 0.0130303 0.00891364 0.00566912
 0.00741443 0.0120904 0.0182846 0.0259715 0.0349211 0.044558 0.053927 0.061921 0.0676752 0.070833 0.0715172 0.0701173 0.0670958 0.0628938 0.0578949 0.0524058 0.0466482 0.0407687 0.0348646 0.0290189 0.0233376 0.0179746 0.0131284 0.00900127 0.00573675
 0.00753037 0.0122676 0.0185298 0.0262819 0.0352837 0.0449493 0.0543125 0.0622571 0.0679158 0.0709404 0.0714735 0.0699309 0.0667989 0.062533 0.0575172 0.0520477 0.0463316 0.0405041 0.0346565 0.0288692 0.0232446 0.0179311 0.0131213 0.00901478 0.00575716
 0.00759362 0.0123624 0.0186573 0.0264378 0.035459 0.0451326 0.0544911 0.0624181 0.0680461 0.0710275 0.0715068 0.0699026 0.0667069 0.0623831 0.0573249 0.0518353 0.046123 0.040319 0.0345076 0.028762 0.0231789 0.0179016 0.0131188 0.00902813 0.00577603
 0.00746274 0.0121697 0.0184045 0.0261396 0.0351391 0.0448168 0.0542031 0.0621784 0.0678733 0.0709381 0.0715113 0.0700009 0.0668851 0.0626153 0.0575799 0.0520857 0.0463519 0.0405207 0.0346844 0.0289188 0.023319 0.0180254 0.0132244 0.00911299 0.005839
 0.00736223 0.0120108 0.0181749 0.0258337 0.0347626 0.0443913 0.0537681 0.0617858 0.0675743 0.070767 0.0714775 0.0700918 0.067076 0.0628781 0.0578873 0.0524115 0.0466725 0.0408182 0.0349484 0.029146 0.0235106 0.0181836 0.0133509 0.00920934 0.00590765
 0.00728214 0.0118762 0.0179647 0.0255269 0.0343444 0.0438626 0.0531546 0.0611406 0.0669698 0.070279 0.0711672 0.0699922 0.0671872 0.0631713 0.0583149 0.05292 0.0472113 0.0413459 0.0354346 0.0295717 0.0238666 0.0184684 0.013568 0.00936598 0.00601343
 0.00726248 0.0118332 0.0178792 0.0253733 0.0340959 0.0435001 0.0526761 0.0605672 0.0663453 0.069665 0.0706336 0.0696058 0.0669983 0.0632023 0.0585555 0.0533309 0.0477356 0.0419218 0.0360069 0.030098 0.0243197 0.0188353 0.0138475 0.00956535 0.00614583
 0.00729048 0.0118786 0.0179461 0.0254623 0.0341996 0.0435988 0.0527363 0.0605466 0.0662061 0.06939 0.070238 0.0691377 0.0665283 0.062806 0.0582945 0.0532384 0.0478108 0.0421337 0.0363065 0.0304324 0.0246436 0.0191174 0.014072 0.0097296 0.00625631
 0.0072812 0.0118722 0.0179526 0.025496 0.0342754 0.0437246 0.0529061 0.0607369 0.0663776 0.0694953 0.070234 0.0690001 0.0662634 0.0624533 0.0579186 0.0529103 0.0475871 0.0420417 0.0363402 0.0305602 0.0248219 0.0193049 0.0142386 0.00985996 0.00634756
 0.00731164 0.0119154 0.0180065 0.0255563 0.0343388 0.0437929 0.0529874 0.060842 0.0665114 0.0696476 0.0703762 0.0690912 0.0662635 0.0623405 0.0577006 0.0526256 0.0472934 0.0417969 0.0361834 0.0305018 0.0248458 0.0193797 0.0143315 0.00994606 0.0064142
 0.00717996 0.0117192 0.0177446 0.0252391 0.0339854 0.0434265 0.0526331 0.0605275 0.0662683 0.0695083 0.070365 0.0692124 0.0664943 0.0626342 0.0580019 0.0528906 0.0475049 0.0419654 0.0363352 0.0306611 0.0250215 0.0195634 0.0145047 0.0100913 0.00652214
#obs surv len freq
 nan nan nan nan nan nan nan nan nan nan nan nan nan nan nan nan nan nan nan nan nan nan nan nan nan
 0.00448499 0.00734651 0.0111767 0.0159932 0.0216941 0.0279696 0.0342837 0.0400148 0.0446941 0.0481575 0.050515 0.0520105 0.0529024 0.0534144 0.0537285 0.0539832 0.0542616 0.0545542 0.0546929 0.0542848 0.0527229 0.0493551 0.043805 0.0362852 0.0276691
 0.00461677 0.00756293 0.0115061 0.0164622 0.022321 0.0287545 0.0351978 0.0409987 0.0456658 0.0490288 0.0512084 0.0524705 0.0531012 0.0533517 0.0534265 0.0534796 0.0536001 0.0537779 0.0538409 0.0533944 0.051833 0.0485092 0.0430482 0.0356557 0.027188
 0.00477909 0.00782846 0.0119089 0.0170352 0.0230898 0.0297272 0.0363541 0.0422839 0.0469956 0.0503025 0.0523234 0.0533357 0.0536467 0.0535366 0.0532425 0.0529486 0.0527678 0.0527039 0.0525921 0.0520411 0.0504509 0.0471789 0.0418498 0.0346552 0.0264219
 0.00497269 0.00814483 0.012388 0.0177156 0.0240009 0.0308784 0.0377223 0.043809 0.0485879 0.0518574 0.0537358 0.0545081 0.054494 0.0539911 0.0532602 0.0525154 0.0519021 0.0514552 0.0510363 0.0502764 0.0485934 0.0453567 0.0401892 0.0332596 0.0253493
 0.00518376 0.00849093 0.0129145 0.0184667 0.0250116 0.0321607 0.0392519 0.0455199 0.0503815 0.0536206 0.0553578 0.0558896 0.0555492 0.0546476 0.0534602 0.0522197 0.051097 0.0501607 0.0493125 0.0482268 0.0463617 0.0431151 0.0381143 0.0314984 0.0239874
 0.00541182 0.00886414 0.0134809 0.0192729 0.0260944 0.0335337 0.0408908 0.0473569 0.052314 0.0555297 0.0571266 0.0574137 0.0567406 0.0554335 0.053781 0.0520285 0.0503631 0.0488793 0.0475194 0.0460122 0.0438766 0.0405603 0.0357085 0.0294314 0.0223761
 0.00564664 0.00924861 0.0140647 0.0201043 0.0272116 0.0349503 0.0425813 0.0492512 0.0543068 0.0575006 0.0589583 0.0590025 0.0579994 0.0562903 0.0541765 0.0519137 0.0496998 0.0476483 0.0457363 0.0437489 0.0412765 0.0378334 0.0330989 0.0271613 0.0205899
 0.00588119 0.00963317 0.0146496 0.0209388 0.0283345 0.0363757 0.0442833 0.0511582 0.0563118 0.0594812 0.0607964 0.0605957 0.0592635 0.057158 0.0545934 0.0518339 0.049085 0.0464728 0.0440031 0.0415134 0.0386679 0.0350574 0.0304074 0.024794 0.0187105
 0.00612231 0.0100291 0.0152528 0.0218005 0.0294949 0.0378479 0.0460371 0.053115 0.0583558 0.0614821 0.0626312 0.062161 0.0604792 0.0579649 0.0549481 0.0517024 0.0484382 0.0452894 0.0422831 0.0393018 0.0360803 0.0322876 0.0277026 0.0223975 0.016795
 0.0063689 0.0104304 0.0158578 0.0226552 0.0306343 0.0392825 0.0477386 0.0550105 0.0603362 0.0634224 0.0644097 0.0636732 0.0616427 0.0587207 0.0552565 0.051537 0.0477799 0.0441256 0.0406175 0.0371758 0.0335978 0.0296263 0.0250944 0.0200758 0.0149302
 0.00658931 0.0107975 0.016426 0.02348 0.0317596 0.0407219 0.0494573 0.0569208 0.0623131 0.0653301 0.0661256 0.0650995 0.0627082 0.0593769 0.0554732 0.0512967 0.0470731 0.0429495 0.0389833 0.0351265 0.0312296 0.0271013 0.0226244 0.0178763 0.0131604
 0.00682543 0.0111818 0.0170054 0.0242991 0.032853 0.042101 0.0510961 0.058748 0.0642188 0.0671837 0.0677976 0.0664784 0.0637115 0.0599542 0.0556021 0.0509737 0.0463048 0.0417481 0.0373715 0.0331519 0.0289845 0.0247329 0.020323 0.0158341 0.0115195
 0.0070708 0.0115836 0.0176152 0.0251651 0.034009 0.0435502 0.0527947 0.0606028 0.0661027 0.0689621 0.0693515 0.067715 0.0645657 0.060386 0.0555943 0.0505284 0.0454377 0.0404844 0.0357468 0.0312221 0.0268405 0.0225096 0.0181884 0.0139554 0.0100178
 0.00729738 0.0119563 0.0181839 0.0259781 0.035103 0.0449329 0.054429 0.0624005 0.067937 0.0706927 0.0708494 0.0688801 0.0653325 0.0607229 0.0554968 0.0500112 0.0445271 0.0392147 0.0341622 0.0293842 0.024839 0.0204678 0.0162533 0.0122689 0.00867936
 0.00745002 0.0122115 0.0185813 0.0265597 0.0359049 0.0459729 0.0556919 0.0638326 0.069451 0.0721822 0.0722053 0.070003 0.0661424 0.0611656 0.0555465 0.0496678 0.0438106 0.0381594 0.0328151 0.0278087 0.0231219 0.0187214 0.0146055 0.0108394 0.00754946
 0.00751976 0.0123242 0.0187504 0.0268002 0.036234 0.0464092 0.0562529 0.0645281 0.0702762 0.0731118 0.0731898 0.0709717 0.0670121 0.0618524 0.0559781 0.0497935 0.0436059 0.037627 0.0319834 0.0267315 0.0218785 0.0174139 0.0133478 0.00973603 0.00667172
 0.0076 0.012448 0.0189245 0.0270267 0.0365108 0.0467317 0.0566148 0.0649241 0.0707043 0.073574 0.0736894 0.0715042 0.0675563 0.0623656 0.0564003 0.0500582 0.043655 0.0374234 0.0315196 0.0260337 0.0210059 0.0164527 0.0123974 0.00888853 0.00599105
 0.00769163 0.0125876 0.0191169 0.0272696 0.0367953 0.0470433 0.0569353 0.0652337 0.0709868 0.0738223 0.0739088 0.0717101 0.0677653 0.0625844 0.0566164 0.050237 0.0437462 0.0373748 0.0312939 0.0256221 0.0204353 0.0157829 0.0117077 0.00825732 0.00547564
 0.00772832 0.0126491 0.0192126 0.0274082 0.0369817 0.0472742 0.0571963 0.0655005 0.0712321 0.074025 0.0740609 0.0718182 0.0678461 0.0626571 0.0566932 0.0503155 0.0438055 0.0373788 0.0312029 0.0254089 0.0200989 0.0153535 0.0112394 0.00781153 0.00510165
 0.00776272 0.0126951 0.019264 0.0274546 0.037013 0.0472874 0.0571993 0.0655099 0.0712653 0.0740917 0.0741587 0.0719361 0.0679715 0.0627821 0.0568154 0.0504335 0.0439123 0.0374571 0.0312269 0.0253532 0.0199512 0.0151236 0.0109595 0.00752575 0.00485019
 0.00781927 0.0127832 0.0193885 0.0276156 0.0372033 0.0474911 0.057392 0.0656644 0.0713603 0.0741216 0.0741353 0.0718821 0.0679098 0.0627274 0.0567733 0.0504034 0.0438893 0.0374322 0.0311858 0.0252791 0.0198313 0.0149574 0.010762 0.00732304 0.0046694
 0.00785177 0.0128336 0.0194598 0.0277088 0.0373174 0.0476224 0.0575333 0.0658036 0.0714819 0.074209 0.0741767 0.0718751 0.0678631 0.0626578 0.0566989 0.0503374 0.0438366 0.0373892 0.031143 0.0252237 0.0197525 0.0148514 0.0106351 0.00719012 0.00454811
 0.00788267 0.0128778 0.0195154 0.0277702 0.0373777 0.0476758 0.0575775 0.0658402 0.071514 0.074239 0.0742039 0.0718956 0.0678717 0.0626513 0.0566788 0.0503092 0.0438071 0.0373623 0.0311172 0.025193 0.0197092 0.0147911 0.0105599 0.00710832 0.00447097
 0.00788467 0.0128817 0.0195221 0.0277806 0.0373912 0.0476901 0.057588 0.065842 0.0715048 0.0742214 0.0741853 0.0718849 0.0678748 0.0626683 0.0567049 0.050338 0.0438335 0.0373838 0.031132 0.0251987 0.0197026 0.0147698 0.010525 0.00706494 0.0044267
 0.00789736 0.0128966 0.0195343 0.0277823 0.0373749 0.0476519 0.0575308 0.0657747 0.0714389 0.0741664 0.0741472 0.0718661 0.0678761 0.0626895 0.0567442 0.0503907 0.043893 0.0374427 0.0311839 0.0252387 0.0197278 0.0147789 0.0105192 0.00704853 0.00440537
 0.00790494 0.0129079 0.0195489 0.0277985 0.0373888 0.0476574 0.0575208 0.0657429 0.0713835 0.074093 0.0740675 0.0717949 0.067826 0.0626674 0.0567508 0.0504219 0.0439418 0.0375007 0.0312426 0.0252909 0.0197678 0.0148043 0.0105303 0.0070482 0.00439811
 0.00788698 0.0128791 0.0195065 0.0277406 0.0373149 0.04757 0.057425 0.0656465 0.0712947 0.0740183 0.0740114 0.0717606 0.0678166 0.0626858 0.056798 0.0504958 0.0440361 0.0376064 0.0313494 0.025389 0.01985 0.0148663 0.0105717 0.00707175 0.00440858
 0.00787899 0.0128611 0.0194705 0.0276765 0.0372141 0.0474294 0.0572517 0.0654575 0.0711132 0.073867 0.0739069 0.0717107 0.0678207 0.0627381 0.0568897 0.0506176 0.0441784 0.0377588 0.0315014 0.0255301 0.0199715 0.0149627 0.0106414 0.00711716 0.00443482
 0.00788154 0.0128635 0.0194706 0.0276702 0.0371952 0.0473904 0.0571852 0.0653589 0.0709843 0.0737182 0.0737567 0.0715809 0.0677306 0.062699 0.0569035 0.050678 0.0442745 0.0378781 0.0316308 0.0256577 0.0200869 0.0150585 0.010714 0.00716706 0.00446564
 0.00783879 0.0127945 0.0193678 0.0275278 0.0370112 0.0471691 0.0569394 0.0651091 0.070754 0.0735285 0.0736222 0.0715096 0.0677258 0.0627601 0.0570262 0.0508531 0.0444879 0.0381124 0.0318681 0.0258814 0.0202838 0.0152198 0.0108366 0.00725267 0.00452023
 0.00782378 0.0127667 0.0193196 0.0274503 0.0368958 0.0470116 0.0567428 0.0648858 0.0705235 0.0733137 0.0734446 0.071386 0.0676662 0.0627675 0.0570978 0.0509814 0.0446619 0.0383177 0.0320876 0.0260976 0.0204808 0.015386 0.0109658 0.007345 0.00458043
 0.00780243 0.0127309 0.0192638 0.0273682 0.0367819 0.0468626 0.05656 0.0646764 0.0703011 0.0730963 0.0732527 0.0712394 0.0675803 0.0627513 0.0571524 0.0511008 0.0448342 0.0385273 0.0323167 0.0263275 0.0206941 0.015569 0.0111106 0.00745004 0.00464998
 0.00776986 0.0126785 0.019186 0.0272604 0.0366412 0.0466898 0.0563608 0.0644618 0.0700857 0.0728962 0.0730827 0.0711125 0.067507 0.0627391 0.0572047 0.0512156 0.0450037 0.0387381 0.0325516 0.0265672 0.0209199 0.0157656 0.0112683 0.00756604 0.00472779
 0.00772751 0.0126095 0.0190822 0.0271146 0.0364496 0.0464544 0.0560928 0.064181 0.0698173 0.0726648 0.0729074 0.0710046 0.0674707 0.0627733 0.0573049 0.0513748 0.0452123 0.0389836 0.0328181 0.0268363 0.021173 0.0159865 0.0114463 0.00769781 0.00481683
 0.00768011 0.0125325 0.0189664 0.0269518 0.0362348 0.0461887 0.0557864 0.0638545 0.0694988 0.0723843 0.0726913 0.0708714 0.0674291 0.0628225 0.0574362 0.0515747 0.0454649 0.0392716 0.0331233 0.0271397 0.021456 0.0162329 0.0116452 0.00784558 0.00491718
 0.00767817 0.0125243 0.0189445 0.0269059 0.0361536 0.0460638 0.0556156 0.0636436 0.069261 0.0721384 0.0724592 0.0706752 0.0672886 0.0627522 0.057443 0.0516571 0.0456137 0.0394722 0.0333574 0.0273874 0.0216971 0.0164497 0.0118248 0.00798188 0.00501146
 0.00766498 0.0125061 0.0189228 0.0268831 0.0361308 0.0460382 0.0555792 0.0635848 0.0691695 0.0720105 0.072301 0.0705022 0.0671224 0.0626154 0.0573548 0.0516302 0.0456523 0.0395715 0.0335049 0.0275653 0.021885 0.0166281 0.0119784 0.00810199 0.00509648
 0.00763094 0.0124573 0.0188615 0.026816 0.0360673 0.0459875 0.0555475 0.0635727 0.069171 0.0720138 0.0722916 0.0704685 0.067061 0.062534 0.0572702 0.0515631 0.0456211 0.039587 0.0335683 0.0276679 0.0220115 0.0167602 0.0120998 0.00820124 0.00516913
 0.00761697 0.0124306 0.0188148 0.0267411 0.0359594 0.0458496 0.0553937 0.0634263 0.0690572 0.0719497 0.0722797 0.0704972 0.0671102 0.0625842 0.0573101 0.0515925 0.0456492 0.039627 0.0336304 0.0277548 0.0221176 0.0168736 0.0122068 0.008291 0.00523623
 0.00759558 0.0123976 0.0187678 0.0266786 0.0358797 0.0457509 0.055275 0.0632903 0.068913 0.0718138 0.0721731 0.0704375 0.0671053 0.0626284 0.0573877 0.0516856 0.0457449 0.0397209 0.0337249 0.0278539 0.0222219 0.0169785 0.0123042 0.00837299 0.0052982
 0.00758545 0.0123826 0.0187479 0.0266547 0.0358529 0.0457221 0.0552436 0.0632543 0.0688691 0.0717593 0.0721082 0.0703682 0.0670425 0.0625849 0.0573721 0.051699 0.0457817 0.039773 0.0337857 0.0279203 0.0222923 0.0170503 0.0123726 0.00843258 0.00534485
 0.00757789 0.0123685 0.0187237 0.0266163 0.0357975 0.04565 0.0551601 0.0631686 0.0687914 0.0716972 0.0720643 0.0703403 0.0670276 0.0625814 0.0573817 0.051725 0.0458257 0.0398334 0.0338579 0.0279985 0.0223711 0.0171254 0.01244 0.00848878 0.00538783
 0.00754104 0.0123148 0.0186543 0.0265358 0.0357123 0.0455655 0.055079 0.063092 0.0687207 0.071636 0.0720184 0.0703154 0.0670263 0.0626027 0.0574222 0.0517806 0.0458935 0.0399111 0.0339429 0.028087 0.0224581 0.0172059 0.0125098 0.00854503 0.00542959
 0.00754124 0.0123093 0.0186355 0.0264943 0.0356402 0.0454619 0.0549532 0.0629616 0.0686056 0.0715503 0.071967 0.0702957 0.0670324 0.0626295 0.057466 0.0518387 0.0459632 0.0399895 0.0340267 0.0281726 0.0225414 0.0172825 0.0125757 0.0085977 0.00546828
 0.00751542 0.0122724 0.018589 0.0264417 0.0355846 0.0454033 0.0548873 0.0628828 0.0685122 0.071449 0.071872 0.0702237 0.0669957 0.0626319 0.0575036 0.0519034 0.0460463 0.0400835 0.0341255 0.0282708 0.0226344 0.0173657 0.0126457 0.00865242 0.00550771
 0.00750767 0.0122572 0.0185617 0.0263971 0.0355197 0.0453196 0.0547925 0.0627886 0.0684293 0.0713827 0.0718217 0.0701865 0.0669714 0.0626241 0.0575175 0.0519419 0.0461079 0.0401627 0.034215 0.0283634 0.0227233 0.0174457 0.0127129 0.00870477 0.00554523
 0.00751287 0.0122663 0.0185764 0.0264184 0.0355469 0.0453486 0.0548158 0.0627973 0.0684168 0.0713477 0.0717687 0.0701235 0.0669061 0.0625629 0.0574658 0.0519048 0.0460897 0.0401654 0.034237 0.0284001 0.0227683 0.0174925 0.0127559 0.00874036 0.00557183
 0.0075048 0.0122556 0.0185648 0.0264092 0.035544 0.0453555 0.0548337 0.0628239 0.0684463 0.071372 0.0717799 0.0701166 0.0668808 0.0625239 0.0574206 0.0518615 0.0460554 0.0401451 0.0342331 0.0284117 0.0227918 0.0175224 0.0127867 0.00876759 0.00559304
 0.0075047 0.0122545 0.0185614 0.0264022 0.0355329 0.0453415 0.0548204 0.0628166 0.0684496 0.0713872 0.0718038 0.0701419 0.0668992 0.0625291 0.0574107 0.0518396 0.0460281 0.0401198 0.0342161 0.0284061 0.0227977 0.0175368 0.0128053 0.00878621 0.00560865
 0.0075047 0.0122545 0.0185614 0.0264022 0.0355329 0.0453415 0.0548204 0.0628166 0.0684496 0.0713872 0.0718038 0.0701419 0.0668992 0.0625291 0.0574107 0.0518396 0.0460281 0.0401198 0.0342161 0.0284061 0.0227977 0.0175368 0.0128053 0.00878621 0.00560865
 0.00733887 0.0119951 0.018191 0.025914 0.0349345 0.0446598 0.0541053 0.0621387 0.0678884 0.0710119 0.0716565 0.0702291 0.0671942 0.0629815 0.0579595 0.0524265 0.0466061 0.0406572 0.0346946 0.0288175 0.0231391 0.017809 0.0130118 0.00893342 0.00570625
 0.00735152 0.0119909 0.0181392 0.0257717 0.0346589 0.0442274 0.0535279 0.0614673 0.0672011 0.0703947 0.0711842 0.0699535 0.0671387 0.0631395 0.0582981 0.0528938 0.0471428 0.0412081 0.0352163 0.0292812 0.0235294 0.0181207 0.013247 0.00910016 0.00581612
 0.00725474 0.011847 0.0179463 0.0255326 0.0343753 0.0438925 0.0531259 0.0609825 0.0666356 0.0697823 0.0705924 0.0694684 0.0668397 0.0630768 0.0584815 0.0532938 0.0477019 0.041855 0.035881 0.0299056 0.0240734 0.018563 0.013583 0.0093378 0.00597175
 0.00719532 0.0117409 0.0177702 0.0252621 0.0339939 0.0434035 0.0525594 0.0603897 0.0660703 0.0692826 0.0701749 0.0691407 0.066617 0.0629887 0.0585622 0.0535635 0.0481518 0.0424445 0.0365471 0.0305787 0.0246925 0.019086 0.0139902 0.00962991 0.00616435
 0.00722849 0.011794 0.0178472 0.0253622 0.0341075 0.043508 0.0526196 0.0603657 0.0659325 0.0690252 0.0698191 0.0687262 0.0661895 0.0625928 0.0582409 0.0533574 0.0480919 0.0425411 0.036782 0.0309082 0.02506 0.0194377 0.0142879 0.00985586 0.00631895
 0.00720958 0.0117729 0.017833 0.0253695 0.0341515 0.0435979 0.0527509 0.0605172 0.066068 0.0691021 0.0698009 0.0685948 0.0659524 0.062282 0.0579047 0.0530495 0.0478614 0.0424231 0.0367902 0.0310303 0.0252611 0.0196719 0.0145119 0.0100405 0.00645271
 0.00720063 0.0117573 0.0178085 0.0253349 0.0341097 0.0435579 0.0527287 0.0605308 0.066129 0.0692058 0.0699228 0.0686955 0.0659917 0.0622349 0.0577715 0.0528571 0.0476547 0.0422512 0.0366916 0.0310224 0.0253363 0.0198027 0.0146626 0.0101798 0.00656191
 0.00717125 0.011714 0.0177515 0.0252671 0.0340355 0.043482 0.0526561 0.0604678 0.0660853 0.0691933 0.0699507 0.0687635 0.0660849 0.0623256 0.0578293 0.0528632 0.0476109 0.0421806 0.0366284 0.0309972 0.0253638 0.0198777 0.0147649 0.0102848 0.00665069
#pred catch len freq
 0.00313009 0.00509118 0.00770094 0.01101 0.0150624 0.0198469 0.0252366 0.0309807 0.0367561 0.0422334 0.047125 0.0512209 0.0544172 0.0567204 0.0582242 0.0590778 0.0594623 0.0595556 0.0594484 0.0590074 0.057764 0.0549778 0.0499629 0.0425596 0.033428
 0.00336319 0.00540697 0.00806172 0.0113475 0.0153043 0.0199539 0.025226 0.0309156 0.036705 0.0422272 0.0471423 0.0512122 0.0543495 0.0566128 0.0581497 0.0591304 0.0597038 0.0599676 0.059916 0.0593496 0.0578065 0.0546332 0.0492753 0.0416838 0.0325561
 0.00344889 0.00558167 0.00838466 0.0118814 0.0160832 0.0209434 0.0263032 0.0318969 0.0374183 0.0425858 0.0471699 0.0510047 0.0540102 0.0562116 0.0577286 0.0587296 0.0593711 0.0597352 0.0597624 0.0591852 0.0575054 0.0541012 0.0485092 0.0407811 0.0316672
 0.00357797 0.00577941 0.00866495 0.0122627 0.0166006 0.021655 0.0272761 0.0331645 0.0389256 0.0441632 0.0485684 0.0519876 0.0544457 0.0561097 0.0572063 0.0579439 0.0584637 0.0588046 0.0588524 0.0582835 0.0565605 0.0530644 0.0473826 0.0396368 0.0306201
 0.00375636 0.00606308 0.00907956 0.012827 0.0173232 0.0225328 0.0282958 0.0343102 0.0401862 0.045525 0.049986 0.0533504 0.0555774 0.0568177 0.0573594 0.0575256 0.0575679 0.0575825 0.0574489 0.0567962 0.055037 0.0515296 0.0458766 0.0382337 0.0294121
 0.00397672 0.00641664 0.00960367 0.0135552 0.0182814 0.0237311 0.0297175 0.0359041 0.0418703 0.0472018 0.0515622 0.0547464 0.0567191 0.0576192 0.0577184 0.0573478 0.05681 0.0562822 0.0557173 0.0547812 0.0528855 0.0493727 0.0438349 0.0364212 0.0279233
 0.00422275 0.00680897 0.0101813 0.0143533 0.0193296 0.0250486 0.031303 0.0377238 0.0438506 0.0492317 0.053506 0.0564641 0.0580889 0.0585493 0.0581428 0.0572153 0.0560825 0.0549517 0.053831 0.0524535 0.050288 0.0467084 0.0413085 0.0342095 0.0261468
 0.00445227 0.00717772 0.0107293 0.015118 0.020343 0.0263315 0.0328551 0.0395152 0.0458192 0.0512859 0.0555304 0.0583281 0.0596585 0.0597017 0.0587786 0.0572632 0.0554985 0.0537212 0.0519813 0.0500733 0.0475392 0.0438165 0.0385261 0.0317644 0.0241918
 0.00469444 0.00756645 0.0113063 0.0159221 0.0214072 0.0276764 0.0344782 0.0413812 0.0478576 0.0533966 0.0575941 0.0602186 0.0612535 0.0608906 0.0594667 0.0573731 0.0549732 0.0525302 0.0501357 0.0476463 0.0446842 0.0407655 0.0355563 0.0291372 0.022088
 0.00489202 0.0078933 0.0118098 0.016653 0.0224134 0.028991 0.0361041 0.0432808 0.0499513 0.0555713 0.0597176 0.0621547 0.062876 0.0620933 0.0601658 0.0575034 0.0544842 0.0513894 0.0483429 0.0452591 0.041842 0.0376944 0.0325393 0.0264501 0.0199277
 0.00512837 0.00826888 0.0123607 0.0174117 0.0234093 0.030247 0.0376289 0.0450564 0.0519232 0.0576465 0.0617714 0.0640467 0.0644702 0.0632752 0.0608493 0.0576287 0.0540098 0.0502902 0.0466196 0.0429611 0.0390945 0.034709 0.029589 0.0238087 0.0177957
 0.00549911 0.00884358 0.0131744 0.0184814 0.0247355 0.0318165 0.0394115 0.0469999 0.0539515 0.0596638 0.0636698 0.0657153 0.0658044 0.0641848 0.0612653 0.0575037 0.053315 0.0490129 0.0447698 0.0405903 0.0363208 0.0317296 0.0266613 0.0211935 0.0156863
 0.00578965 0.00931827 0.0138926 0.0194977 0.0260874 0.033505 0.041384 0.0491471 0.0561278 0.0617195 0.0654795 0.0671883 0.066881 0.0648263 0.0614445 0.0571988 0.0525088 0.0476957 0.0429507 0.038316 0.0336977 0.0289356 0.0239282 0.0187573 0.0137224
 0.00612324 0.00985053 0.0146768 0.0205816 0.0275102 0.0352882 0.0435135 0.0515531 0.0586738 0.0642112 0.0676962 0.0689294 0.0680095 0.0652898 0.061264 0.0564364 0.0512331 0.0459637 0.0408108 0.0358302 0.0309688 0.0261232 0.0212366 0.0163923 0.0118338
 0.00645496 0.0103749 0.0154394 0.0216181 0.0288443 0.0369272 0.0454383 0.0537081 0.0609626 0.0664995 0.0698205 0.0707132 0.0692882 0.0659415 0.0612339 0.0557414 0.0499444 0.0441786 0.0386311 0.0333598 0.0283286 0.0234652 0.0187389 0.0142269 0.0101208
 0.00662204 0.010659 0.0158905 0.0222922 0.0297935 0.0381826 0.0469926 0.0555067 0.0629088 0.0684701 0.0716821 0.0723332 0.0705436 0.0667269 0.0614727 0.0553976 0.0490298 0.0427506 0.036783 0.0312098 0.0260147 0.0211433 0.0165732 0.0123642 0.00865735
