SBPRF35
12.7214
Curr Bio
876254
B35
874294
F35
0.169905
FOFL
0.169905
OFL
121837
Bzero
3.63469e+006
#pred survey bio
 3.4909e+006 3.38813e+006 3.29472e+006 3.13263e+006 2.93744e+006 2.73571e+006 2.50384e+006 2.27223e+006 2.04976e+006 1.85494e+006 1.66761e+006 1.50032e+006 1.33986e+006 1.17124e+006 1.00542e+006 882313 783664 723127 685350 645469 617215 590168 575146 558896 552807 543393 543082 536033 535443 540072 547550 550207 557586 567474 568529 580007 590361 606510 614723 626039 635280 643138 649404 658139 667287 678583 682691 688600 696701 698389 705487 755907 800180 801204 790251 803254 799658 827788 856308 877272 881139 2.02702e+007 1.81341e+007 1.80847e+007 1.86961e+007 1.97841e+007 2.10908e+007 2.24153e+007 2.36337e+007 2.46865e+007 2.55586e+007 2.62602e+007 2.68131e+007 2.72429e+007 2.75739e+007 2.78275e+007 2.80212e+007 2.81692e+007 2.82823e+007 2.8369e+007 2.84357e+007 2.84872e+007 2.85272e+007 2.85583e+007 2.85827e+007 2.86019e+007 2.8617e+007 2.8629e+007 2.86385e+007 2.86461e+007 2.86522e+007 2.86571e+007 2.8661e+007 2.86641e+007 2.86667e+007 2.86688e+007 2.86705e+007 2.86718e+007 2.8673e+007 2.86739e+007 2.86746e+007 2.86752e+007 2.86757e+007 2.86761e+007 2.86764e+007 2.86767e+007 2.86769e+007 2.86771e+007 2.86772e+007 2.86774e+007 2.86775e+007 2.86775e+007 2.86776e+007 2.86777e+007 2.86777e+007 2.86777e+007 2.86778e+007 2.86778e+007 2.86778e+007 2.86778e+007 2.86778e+007 2.86778e+007 2.86779e+007 2.86779e+007 2.86779e+007 2.86779e+007 2.86779e+007 2.86779e+007 2.86779e+007 2.86779e+007 2.86779e+007 2.86779e+007 2.86779e+007 2.86779e+007 2.86779e+007 2.86779e+007 2.86779e+007 2.86779e+007 2.86779e+007 2.86779e+007 2.86779e+007 2.86779e+007 2.86779e+007 2.86779e+007 2.86779e+007 2.86779e+007 2.86779e+007 2.86779e+007 2.86779e+007 2.86779e+007 2.86779e+007 2.86779e+007 2.86779e+007 2.86779e+007 2.86779e+007 2.86779e+007 2.86779e+007 2.86779e+007 2.86779e+007 2.86779e+007 2.86779e+007 0 0 0 0 0 0 0 0 0 0 0 0 0 0 0 0 0 0 0 0 0 0 0 0 0
#obs survey bio
 3.71378e+006 4.00437e+006 1.83568e+006 2.94354e+006 2.44799e+006 3.34447e+006 2.49247e+006 2.97432e+006 1.97351e+006 1.67877e+006 2.0122e+006 1.07069e+006 1.10726e+006 1.56262e+006 657039 841906 974500 638340 788741 636813 607984 411091 587902 568752 677187 445839 486450 304753 507012 533554 753741 463002 444137 473087 678569 574717 490473 633502 633286 555474 673949 764176 538775 637263 631398 728771 831835 790707 806787 577337 719453 1.07955e+006 894092 573789 881968 677935 715395 672870 1.00862e+006 950491 833375
#pred catch bio
 103103 97910.1 167568 208395 227377 269041 283142 288772 276912 281762 273174 273679 282991 277874 236046 210150 173113 150831 149646 136296 132107 119316 118176 107667 109016 100253 105309 99656.7 96066.2 94602.6 99026.8 95305.1 93840.3 101255 92333 94137.8 90556 98583.4 97161.9 100447 102740 104901 103671 104003 102722 109269 108022 106746 112512 107762 71840.9 78229.7 114311 123463 104011 120048 94331.4 95724.1 101956 113555 110735 121837 119179 117563 120114 126415 134406 142541 149945 156229 161312 165284 168306 170561 172218 173420 174285 174902 175339 175648 175865 176017 176123 176197 176248 176284 176309 176326 176338 176346 176352 176356 176359 176361 176362 176363 176363 176364 176364 176364 176365 176365 176365 176365 176365 176365 176365 176365 176365 176365 176365 176365 176365 176365 176365 176365 176365 176365 176365 176365 176365 176365 176365 176365 176365 176365 176365 176365 176365 176365 176365 176365 176365 176365 176365 176365 176365 176365 176365 176365 176365 176365 176365 176365 176365 176365 176365 176365 176365 176365 176365 176365 176365 176365 176365 176365 176365 176365 176365 176365 176365 0 0 0 0 0 0 0 0 0 0 0 0 0 0 0 0 0 0 0 0 0 0 0 0 0
#obs catch bio
 0 97419.9 168210 209059 228708 270939 285049 289690 278122 283440 274724 276059 287114 279397 238493 211857 173427 151525 149933 137069 132427 120025 118656 108010 109028 100412 105196 99942.7 96468.4 95397.8 99338.4 95769.6 94360.6 102254 92355.8 94457.9 90904.2 99077.1 97344.4 101022 103515 105284 104441 104922 102948 109635 108399 107126 113220 108766 71869.5 77957.6 114009 123714 103577 120689 94599.7 96079.4 102415 114051 110706
#pred cpue bio
 3.44345e+006 3.34227e+006 3.24993e+006 3.08811e+006 2.89313e+006 2.69179e+006 2.46081e+006 2.23016e+006 2.00855e+006 1.81432e+006 1.62775e+006 1.46129e+006 1.302e+006 1.13548e+006 972254 851160 754381 695119 658256 619459 592083 565869 551343 535688 529956 520925 520714 513847 513097 517444 524786 527528 534769 544481 545713 557046 567122 582813 590795 601709 610577 618239 624351 632846 641900 653063 657088 662826 670729 672428 679541 729497 773816 775072 763714 775805 772069 799740 828162 849439 854303 1.96873e+007 1.7625e+007 1.74456e+007 1.7898e+007 1.89254e+007 2.02168e+007 2.15381e+007 2.27558e+007 2.38085e+007 2.46806e+007 2.53821e+007 2.59351e+007 2.63649e+007 2.66959e+007 2.69494e+007 2.71432e+007 2.72911e+007 2.74042e+007 2.74909e+007 2.75576e+007 2.76091e+007 2.76491e+007 2.76802e+007 2.77046e+007 2.77238e+007 2.7739e+007 2.77509e+007 2.77605e+007 2.7768e+007 2.77741e+007 2.7779e+007 2.77829e+007 2.77861e+007 2.77887e+007 2.77907e+007 2.77924e+007 2.77938e+007 2.77949e+007 2.77958e+007 2.77966e+007 2.77972e+007 2.77976e+007 2.7798e+007 2.77984e+007 2.77986e+007 2.77989e+007 2.7799e+007 2.77992e+007 2.77993e+007 2.77994e+007 2.77995e+007 2.77996e+007 2.77996e+007 2.77996e+007 2.77997e+007 2.77997e+007 2.77997e+007 2.77998e+007 2.77998e+007 2.77998e+007 2.77998e+007 2.77998e+007 2.77998e+007 2.77998e+007 2.77998e+007 2.77998e+007 2.77998e+007 2.77998e+007 2.77998e+007 2.77998e+007 2.77998e+007 2.77998e+007 2.77998e+007 2.77998e+007 2.77998e+007 2.77998e+007 2.77998e+007 2.77998e+007 2.77998e+007 2.77998e+007 2.77998e+007 2.77998e+007 2.77998e+007 2.77998e+007 2.77998e+007 2.77998e+007 2.77998e+007 2.77998e+007 2.77998e+007 2.77998e+007 2.77998e+007 2.77998e+007 2.77998e+007 2.77998e+007 2.77998e+007 2.77998e+007 2.77998e+007 2.77998e+007 2.77998e+007 2.77998e+007 0 0 0 0 0 0 0 0 0 0 0 0 0 0 0 0 0 0 0 0 0 0 0 0 0
#obs cpue bio
 3.33061e+006 3.4098e+006 2.88614e+006 2.96518e+006 1.62974e+006 2.69627e+006 2.41828e+006 2.57057e+006 1.61374e+006 1.81896e+006 1.24486e+006 1.54875e+006 1.06759e+006 1.38135e+006 931622 927269 734261 593696 709363 439006 732343 555222 617965 472247 574363 496793 782150 629035 459415 337012 569216 479479 554472 508774 731190 461498 539334 558205 635423 480139 450376 671209 485564 525057 1.0177e+006 583197 481305 515757 484390 664350 646409 1.01348e+006 956870 686931 851632 603838 595221 991520 619159 919003 1.30015e+006
#pred surv len freq
 0.00526417 0.00844555 0.0125224 0.017418 0.0229907 0.0289764 0.0349489 0.0404031 0.044938 0.0483921 0.0508317 0.0524423 0.0534272 0.0539585 0.0541639 0.0541314 0.0539213 0.053567 0.0530335 0.0521319 0.0504504 0.0474164 0.0425516 0.0358245 0.027849
 0.00551125 0.00875063 0.0128076 0.0175633 0.0228813 0.0285696 0.0343175 0.0397182 0.0443926 0.0481107 0.0508229 0.0526191 0.0536728 0.0541933 0.0543775 0.0543708 0.0542468 0.0540001 0.0535246 0.0525661 0.0506946 0.0473835 0.0422461 0.0353397 0.0273192
 0.00572036 0.00909506 0.0133273 0.0182795 0.0237712 0.0295403 0.0352033 0.0403242 0.0445779 0.0478644 0.0502742 0.0519677 0.0530881 0.0537513 0.0540693 0.0541556 0.0540982 0.053912 0.0534828 0.0525213 0.0505669 0.047102 0.0417947 0.0347736 0.0267384
 0.00592856 0.00943201 0.0138329 0.0189928 0.0247248 0.0307471 0.0366336 0.041882 0.0460941 0.049123 0.0510753 0.0522029 0.0527836 0.0530486 0.0531533 0.05318 0.0531505 0.0530214 0.0526427 0.0517045 0.049736 0.0462279 0.0408822 0.0338727 0.0259276
 0.006129 0.00975532 0.0143155 0.019669 0.0256237 0.0318853 0.0380059 0.0434517 0.047786 0.050819 0.0526153 0.0534017 0.0534727 0.0531312 0.0526432 0.0521942 0.0518583 0.0515811 0.0511621 0.0502355 0.0482955 0.0448278 0.0395531 0.0326705 0.0249173
 0.00632295 0.0100652 0.0147725 0.0203008 0.0264519 0.0329219 0.0392463 0.04487 0.0493347 0.0524304 0.0542007 0.0548466 0.0546374 0.0538668 0.0528276 0.0517742 0.0508736 0.0501516 0.0494447 0.0483786 0.0464159 0.0430147 0.0378845 0.0312205 0.0237458
 0.00658749 0.0104814 0.0153736 0.0211093 0.0274782 0.0341603 0.0406705 0.0464306 0.0509641 0.0540536 0.0557435 0.056236 0.055794 0.0546972 0.0532262 0.0516423 0.0501521 0.0488513 0.0476555 0.0462518 0.0441306 0.0407488 0.0357955 0.0294321 0.022334
 0.00691254 0.0109897 0.016101 0.0220767 0.0286889 0.0355977 0.0422929 0.0481691 0.05273 0.0557528 0.0572913 0.0575635 0.0568457 0.055422 0.0535663 0.0515292 0.0495172 0.0476524 0.0459091 0.0440531 0.0416493 0.0382009 0.0334009 0.0273717 0.020716
 0.00726742 0.0115482 0.0169074 0.0231597 0.0300571 0.0372333 0.0441429 0.0501437 0.054713 0.0576226 0.0589408 0.0589116 0.057838 0.0560239 0.0537523 0.0512705 0.0487766 0.046394 0.0441249 0.041796 0.0390553 0.0354806 0.0307995 0.0251088 0.0189319
 0.00756239 0.0120205 0.0176049 0.0241224 0.031311 0.0387789 0.0459436 0.0521196 0.0567491 0.0595882 0.0607102 0.0603791 0.0589254 0.0566818 0.0539539 0.0510016 0.0480245 0.0451457 0.0423801 0.0395959 0.0365114 0.0327829 0.0281874 0.022812 0.0171075
 0.00787367 0.0125128 0.0183206 0.0250937 0.032556 0.0402964 0.0477032 0.0540555 0.0587626 0.0615598 0.0625151 0.0619016 0.0600696 0.0573791 0.0541643 0.0507086 0.0472263 0.0438483 0.0406023 0.0373878 0.0339797 0.0301037 0.0255875 0.0205163 0.0152756
 0.00812023 0.0129124 0.01892 0.0259354 0.0336709 0.0416915 0.0493489 0.055881 0.0606659 0.0634258 0.0642325 0.0633708 0.0612057 0.0581128 0.0544443 0.0505028 0.0465212 0.0426479 0.0389308 0.0353022 0.0315873 0.0275717 0.0231273 0.0183384 0.0135324
 0.00819836 0.0130705 0.0192155 0.0264426 0.0344643 0.0428199 0.0508101 0.0576121 0.0625538 0.065332 0.0660178 0.0649135 0.0624108 0.0589136 0.0547989 0.050388 0.0459273 0.0415792 0.0374116 0.0333893 0.029385 0.025238 0.0208584 0.0163283 0.0119212
 0.00840947 0.0133991 0.019685 0.0270706 0.0352675 0.0438166 0.0520161 0.0590269 0.0641436 0.0670182 0.0676806 0.0664122 0.0636122 0.0597168 0.0551452 0.0502564 0.0453223 0.0405212 0.0359368 0.0315594 0.0273016 0.0230486 0.0187428 0.0144618 0.0104292
 0.0087569 0.0139421 0.0204607 0.0280966 0.0365374 0.0452951 0.0536358 0.0606939 0.0657554 0.068486 0.068941 0.0674204 0.0643284 0.060098 0.0551503 0.0498567 0.0445103 0.0393122 0.0343691 0.0296978 0.0252453 0.0209342 0.0167316 0.0127072 0.00903769
 0.00894988 0.0142574 0.020938 0.0287734 0.0374405 0.0464283 0.0549666 0.0621488 0.0672303 0.0698684 0.0701329 0.0683537 0.0649667 0.0604278 0.0551669 0.0495547 0.0438827 0.0383583 0.0331064 0.0281732 0.0235422 0.0191718 0.0150499 0.0112385 0.00787262
 0.00919895 0.014634 0.0214532 0.029422 0.0382077 0.0472986 0.0559267 0.063182 0.0683064 0.0709361 0.0711218 0.0691855 0.0655723 0.0607605 0.0552069 0.0493023 0.0433479 0.0375546 0.0320536 0.0269084 0.0221307 0.0177102 0.0136544 0.0100196 0.00690613
 0.00932461 0.0148277 0.0217246 0.0297724 0.0386294 0.047776 0.056439 0.0637077 0.068831 0.0714567 0.0716431 0.0697065 0.0660723 0.0611955 0.0555187 0.0494348 0.0432603 0.037227 0.031488 0.02613 0.0211916 0.0166893 0.0126483 0.0091218 0.00618387
 0.00934245 0.0148572 0.0217702 0.0298388 0.0387218 0.047899 0.0565953 0.0638977 0.0690533 0.0717101 0.0719285 0.070027 0.0664281 0.0615756 0.0558937 0.0497564 0.0434704 0.0372726 0.0313356 0.0257755 0.0206644 0.0160493 0.0119749 0.00849578 0.00566646
 0.00939789 0.0149468 0.0219037 0.0300242 0.0389629 0.0481919 0.0569257 0.0642413 0.0693804 0.0719939 0.072152 0.0701864 0.0665322 0.0616407 0.0559342 0.0497756 0.0434543 0.0371922 0.031158 0.0254793 0.0202528 0.0155548 0.0114526 0.00800672 0.00525963
 0.00947608 0.0150561 0.0220358 0.0301618 0.0390862 0.0482886 0.0569979 0.064304 0.0694526 0.0720881 0.0722685 0.0703148 0.0666581 0.0617525 0.0560261 0.049845 0.043496 0.0371936 0.0310992 0.0253412 0.0200284 0.0152578 0.0111173 0.00767771 0.00497656
 0.00956412 0.0151946 0.0222345 0.0304237 0.0394037 0.0486404 0.0573475 0.0646068 0.0696692 0.0721994 0.0722811 0.0702545 0.0665557 0.0616318 0.0559 0.0497178 0.0433667 0.0370567 0.0309451 0.0251584 0.0198094 0.0150064 0.0108508 0.00742276 0.00475892
 0.0095355 0.0151536 0.0221837 0.0303701 0.0393585 0.0486169 0.0573582 0.0646588 0.0697607 0.0723176 0.0724065 0.0703688 0.0666489 0.0617047 0.0559592 0.0497689 0.0434098 0.0370857 0.0309501 0.0251289 0.019739 0.0148969 0.010714 0.00727811 0.00462698
 0.00957268 0.0152049 0.0222441 0.0304298 0.0394064 0.0486459 0.0573691 0.0646608 0.069767 0.0723394 0.0724476 0.0704235 0.0667055 0.0617504 0.0559866 0.0497772 0.0434026 0.0370665 0.0309188 0.0250819 0.0196721 0.0148095 0.0106122 0.00717331 0.0045321
 0.00958902 0.0152212 0.0222496 0.0304082 0.0393398 0.0485223 0.057189 0.0644403 0.0695356 0.0721337 0.072303 0.070365 0.0667412 0.0618696 0.0561639 0.049982 0.043607 0.0372504 0.0310698 0.0251933 0.0197412 0.014838 0.0106068 0.00714534 0.00449457
 0.00963687 0.0152963 0.0223568 0.0305478 0.0395051 0.0486963 0.0573447 0.0645442 0.0695589 0.0720639 0.072151 0.0701631 0.0665317 0.0616914 0.0560413 0.0499204 0.0435961 0.0372712 0.0311024 0.0252218 0.0197559 0.0148353 0.0105882 0.00711658 0.00446288
 0.00967988 0.0153504 0.0224095 0.0305791 0.0394944 0.0486328 0.0572337 0.0644059 0.0694178 0.0719378 0.0720458 0.0700772 0.0664642 0.0616475 0.0560315 0.0499535 0.0436728 0.0373819 0.0312293 0.0253453 0.01986 0.0149108 0.0106341 0.00713758 0.00446716
 0.00984995 0.0156057 0.022753 0.0309967 0.0399553 0.049093 0.057641 0.064708 0.0695744 0.0719324 0.0718902 0.0698048 0.0661172 0.0612663 0.0556504 0.0496005 0.0433695 0.0371405 0.0310515 0.0252226 0.0197782 0.0148555 0.0105941 0.00710667 0.00444289
 0.00988098 0.015664 0.0228548 0.0311603 0.040195 0.0494091 0.0580125 0.0650917 0.069914 0.0721744 0.0719984 0.0697687 0.0659521 0.061006 0.0553362 0.0492725 0.0430598 0.0368715 0.0308352 0.0250608 0.0196647 0.0147795 0.010544 0.00707342 0.00442042
 0.00974187 0.0154647 0.0226054 0.0308896 0.039945 0.0492251 0.0579322 0.065137 0.0700854 0.0724479 0.0723283 0.070098 0.0662283 0.0611951 0.0554293 0.0492829 0.0430141 0.0367992 0.0307605 0.0249992 0.019622 0.0147542 0.010531 0.00706703 0.00441683
 0.00965516 0.0153191 0.0223795 0.030565 0.0395157 0.0487102 0.057384 0.0646364 0.0697212 0.0722879 0.0723978 0.0703737 0.0666488 0.061682 0.0559087 0.0497016 0.0433469 0.0370457 0.030936 0.0251239 0.0197129 0.0148223 0.0105818 0.00710322 0.00444055
 0.00970606 0.0153869 0.0224529 0.0306217 0.0395257 0.0486426 0.0572168 0.0643663 0.0693711 0.0719088 0.072059 0.0701437 0.0665715 0.0617616 0.0561111 0.0499698 0.0436228 0.0372871 0.0311234 0.0252572 0.0198029 0.014882 0.0106216 0.00712969 0.00445754
 0.00963507 0.0152881 0.0223342 0.0304991 0.0394161 0.0485539 0.0571408 0.0642804 0.0692493 0.0717367 0.0718456 0.0699236 0.0663958 0.06168 0.0561526 0.0501314 0.0438715 0.0375739 0.0314015 0.0254949 0.0199874 0.0150149 0.0107118 0.00718792 0.00449316
 0.00946388 0.0150324 0.0219924 0.0300867 0.038964 0.0481033 0.0567367 0.0639636 0.0690468 0.0716525 0.0718609 0.070007 0.0665213 0.0618387 0.0563527 0.0503867 0.0441854 0.0379312 0.0317712 0.0258412 0.0202823 0.0152446 0.0108766 0.00729736 0.00456056
 0.00953404 0.0151174 0.0220671 0.0301114 0.0388974 0.0479214 0.0564484 0.0636118 0.0686932 0.0713553 0.0716565 0.069903 0.066502 0.0618785 0.0564304 0.0504932 0.0443227 0.0381025 0.0319715 0.0260544 0.0204861 0.0154193 0.0110114 0.00739126 0.00461995
 0.00957239 0.015169 0.0221235 0.0301546 0.0389003 0.0478519 0.0562767 0.0633217 0.0682944 0.0708907 0.071196 0.0695244 0.0662645 0.0618049 0.0565067 0.0506824 0.044583 0.0383997 0.0322808 0.0263564 0.020763 0.0156555 0.0111968 0.00752421 0.00470655
 0.00956808 0.0151688 0.0221352 0.0301878 0.0389616 0.0479374 0.0563671 0.0633825 0.0682851 0.0707798 0.070976 0.0692196 0.0659274 0.0615008 0.0562914 0.0505857 0.0446041 0.0385152 0.0324575 0.0265618 0.0209697 0.0158427 0.0113509 0.00763934 0.00478436
 0.00949361 0.0150545 0.0219764 0.0299868 0.0387286 0.0476918 0.0561353 0.0631933 0.0681594 0.0707206 0.0709661 0.0692302 0.0659336 0.061496 0.0562907 0.050617 0.0446927 0.0386707 0.03267 0.026807 0.0212185 0.0160694 0.011538 0.00777978 0.00487998
 0.00956502 0.0151536 0.0220942 0.0301039 0.0388206 0.0477375 0.0561248 0.0631304 0.0680591 0.0706031 0.0708491 0.0691224 0.0658334 0.0613953 0.0561843 0.0505105 0.0446033 0.0386196 0.0326716 0.0268617 0.0213125 0.0161811 0.0116465 0.00787022 0.0049462
 0.00954392 0.0151306 0.0220795 0.0301118 0.038863 0.0478149 0.0562209 0.0632156 0.0681027 0.0705876 0.0707776 0.0690152 0.0657163 0.061288 0.0560953 0.0504399 0.0445501 0.038587 0.0326664 0.0268889 0.02137 0.0162585 0.0117289 0.00794405 0.00500327
 0.00943662 0.0149778 0.0218905 0.0299103 0.0386823 0.047689 0.0561744 0.0632568 0.0682206 0.0707533 0.070952 0.0691613 0.065812 0.0613309 0.0560987 0.0504226 0.0445285 0.0385724 0.0326661 0.0269072 0.0214077 0.0163113 0.0117883 0.00800023 0.00504899
 0.00944854 0.0149802 0.0218637 0.0298286 0.0385247 0.0474536 0.0558888 0.0629752 0.0680052 0.0706505 0.0709751 0.0692888 0.0659994 0.0615302 0.0562737 0.0505571 0.0446238 0.03864 0.0327198 0.0269579 0.0214611 0.016368 0.0118448 0.00805125 0.00509003
 0.00943362 0.0149645 0.0218545 0.0298346 0.0385492 0.0474871 0.0559073 0.062948 0.0679131 0.0705012 0.0708049 0.0691469 0.0659244 0.0615332 0.0563379 0.0506511 0.0447182 0.038718 0.0327785 0.0270029 0.0214999 0.0164055 0.0118817 0.00808544 0.00511854
 0.00930445 0.0147768 0.0216139 0.0295619 0.0382764 0.0472484 0.0557301 0.0628462 0.0678837 0.0705255 0.0708574 0.0692085 0.0659921 0.0616186 0.0564558 0.050806 0.0448996 0.0389058 0.0329532 0.0271527 0.0216221 0.0165024 0.0119571 0.00814234 0.00515936
 0.00929882 0.0147491 0.0215392 0.0294089 0.0380193 0.046884 0.05529 0.0623946 0.0674967 0.0702645 0.0707492 0.0692425 0.066133 0.0618261 0.0566988 0.0510671 0.0451695 0.0391757 0.033211 0.0273852 0.021819 0.0166595 0.0120755 0.00822682 0.00521606
 0.00928095 0.0147225 0.0215023 0.0293583 0.0379462 0.0467715 0.0551157 0.0621405 0.0671646 0.0698871 0.0703866 0.0689629 0.0659868 0.0618287 0.0568321 0.0512931 0.0454478 0.0394732 0.0335035 0.0276551 0.0220534 0.0168507 0.0122214 0.00833056 0.00528459
 0.00929113 0.0147407 0.0215328 0.0294056 0.038013 0.046856 0.0552072 0.0622178 0.0671982 0.0698472 0.0702559 0.0687489 0.0657248 0.0615722 0.0566325 0.0511822 0.0454303 0.0395324 0.0336126 0.0277872 0.0221868 0.0169701 0.0123185 0.00840262 0.00533354
 0.00927908 0.0147221 0.021507 0.0293733 0.037977 0.0468216 0.0551816 0.0622081 0.067207 0.0698684 0.0702739 0.0687427 0.0656782 0.0614839 0.0565206 0.051078 0.0453651 0.0395242 0.0336612 0.0278774 0.0222968 0.0170797 0.0124132 0.00847568 0.00538426
 0.00920413 0.0146123 0.0213641 0.0292068 0.0378017 0.046653 0.0550334 0.0620912 0.0671301 0.069838 0.0702914 0.0688018 0.0657641 0.061577 0.0566043 0.0511463 0.0454246 0.0395895 0.0337449 0.0279828 0.0224164 0.0171995 0.0125195 0.00855959 0.00544355
 0.00912835 0.0145011 0.0212193 0.0290383 0.0376258 0.0464883 0.054897 0.0619958 0.067083 0.0698393 0.070335 0.0688771 0.0658592 0.06168 0.0567043 0.0512351 0.0454991 0.0396533 0.0338065 0.0280502 0.0224923 0.0172799 0.012596 0.00862411 0.00549171
 0.00887639 0.0141297 0.0207318 0.0284638 0.0370123 0.0458909 0.0543675 0.0615781 0.0668103 0.0697309 0.0703926 0.0690845 0.0661858 0.0620874 0.057153 0.0516898 0.0459327 0.0400482 0.0341546 0.0283505 0.0227469 0.0174906 0.0127635 0.00874953 0.00557858
 0.0085165 0.0135432 0.0198499 0.0272315 0.0354108 0.043968 0.0522609 0.0595081 0.0650329 0.0684699 0.0697846 0.0691589 0.066878 0.0632693 0.058666 0.0533733 0.0476447 0.0416778 0.0356251 0.0296171 0.0237904 0.0183109 0.0133752 0.00917849 0.00585853
 0.00862496 0.0136544 0.0198951 0.0271016 0.0349788 0.0431296 0.0509768 0.0578308 0.0631095 0.0665217 0.0680665 0.0679055 0.0662503 0.0633201 0.0593381 0.0545272 0.0491007 0.0432557 0.0371726 0.0310229 0.0249863 0.0192675 0.0140936 0.0096827 0.00618692
 0.00895596 0.014176 0.0206438 0.0280851 0.0361568 0.0443923 0.0521368 0.058647 0.0633525 0.0660566 0.0669128 0.0662421 0.0643641 0.0615234 0.0578872 0.0535684 0.0486572 0.0432507 0.0374734 0.0314864 0.0254919 0.0197317 0.0144718 0.00996158 0.0063743
 0.00910238 0.0144337 0.0210679 0.0287386 0.0370941 0.0456322 0.0536316 0.0602637 0.0648787 0.067236 0.0675052 0.066094 0.0634655 0.0600245 0.056059 0.0517223 0.0470559 0.0420487 0.0367034 0.0310874 0.0253558 0.0197474 0.0145521 0.0100518 0.00644818
 0.00893988 0.0141995 0.0207738 0.028422 0.0368181 0.0454786 0.0536888 0.060607 0.0655402 0.0681731 0.068585 0.0671111 0.0641961 0.0603004 0.0558306 0.0510784 0.0461888 0.0411801 0.0360078 0.0306473 0.0251621 0.0197327 0.0146333 0.0101607 0.00654456
 0.00888351 0.0141123 0.0206517 0.0282668 0.0366403 0.0453014 0.0535516 0.0605642 0.0656528 0.0684908 0.0691222 0.0678244 0.0649763 0.0609901 0.0562701 0.0511645 0.0459189 0.0406539 0.0353847 0.0300808 0.0247482 0.0194937 0.014536 0.01015 0.00657077
 0.00862221 0.0137103 0.0200897 0.0275444 0.0357772 0.0443394 0.0525574 0.05963 0.0648882 0.0680058 0.0690049 0.0681194 0.0656658 0.0619849 0.0574187 0.0522867 0.0468577 0.0413242 0.0357918 0.0302995 0.0248748 0.019601 0.0146535 0.0102725 0.00668017
 0.00834565 0.0132846 0.0194941 0.0267759 0.0348514 0.04329 0.0514379 0.0585154 0.0638706 0.0671839 0.0684716 0.0679486 0.0659002 0.0626213 0.0583957 0.0534857 0.0481232 0.0425032 0.0367769 0.0310526 0.0254191 0.0199903 0.014939 0.0104863 0.00683691
 0.00794672 0.0126888 0.0186952 0.0258022 0.0337563 0.0421365 0.0502875 0.0574262 0.0628998 0.0663881 0.0679057 0.0676638 0.06594 0.063013 0.0591377 0.0545328 0.0493819 0.0438436 0.0380625 0.0321754 0.0263237 0.0206731 0.01543 0.0108263 0.00706309
 0.00750589 0.012019 0.0177757 0.0246483 0.0324182 0.0406932 0.0488405 0.0560893 0.0617798 0.0655626 0.0674099 0.0674975 0.066087 0.0634583 0.0598711 0.0555375 0.0506162 0.0452294 0.0394899 0.0335255 0.0274983 0.0216166 0.0161336 0.0113156 0.00738117
#obs surv len freq
 nan nan nan nan nan nan nan nan nan nan nan nan nan nan nan nan nan nan nan nan nan nan nan nan nan
 0.00448271 0.00734309 0.0111721 0.0159876 0.0216877 0.0279629 0.034277 0.0400087 0.0446889 0.0481537 0.0505127 0.0520098 0.0529032 0.0534167 0.0537318 0.0539874 0.0542664 0.0545595 0.0546984 0.0542904 0.0527284 0.0493603 0.0438096 0.0362891 0.027672
 0.00461142 0.00755448 0.0114938 0.0164458 0.0223005 0.0287305 0.0351719 0.0409731 0.0456429 0.0490108 0.0511966 0.0524654 0.0531025 0.0533584 0.0534378 0.0534944 0.0536176 0.0537972 0.0538615 0.0534154 0.0518538 0.0485289 0.0430658 0.0356703 0.0271991
 0.00477739 0.00782513 0.0119028 0.0170251 0.0230744 0.0297059 0.0363274 0.0422535 0.0469644 0.0502736 0.0522996 0.0533189 0.053638 0.0535361 0.0532496 0.0529623 0.0527867 0.0527267 0.0526175 0.052068 0.050478 0.0472048 0.0418729 0.0346745 0.0264366
 0.00496995 0.00814 0.0123801 0.0177032 0.0239828 0.0308535 0.0376904 0.0437711 0.048546 0.0518148 0.0536963 0.0544755 0.0544714 0.0539805 0.0532622 0.0525293 0.0519262 0.0514875 0.0510746 0.0503184 0.0486365 0.0453983 0.0402268 0.0332911 0.0253734
 0.00517827 0.00848273 0.0129035 0.018453 0.0249956 0.0321425 0.0392311 0.0454959 0.0503539 0.0535895 0.0553245 0.0558565 0.0555197 0.0546253 0.0534482 0.0522199 0.05111 0.0501855 0.0493471 0.0482682 0.0464065 0.0431598 0.0381554 0.0315331 0.0240142
 0.00541409 0.0088662 0.013481 0.0192686 0.0260834 0.0335148 0.0408647 0.0473264 0.0522823 0.0554993 0.0570985 0.0573878 0.0567168 0.0554126 0.0537653 0.0520207 0.0503657 0.0488939 0.0475455 0.0460479 0.0439186 0.0406043 0.0357502 0.0294674 0.0224041
 0.0056468 0.00924988 0.0140683 0.0201117 0.0272234 0.0349655 0.0425964 0.0492614 0.0543077 0.05749 0.0589371 0.0589742 0.0579677 0.0562585 0.0541472 0.051889 0.0496821 0.04764 0.0457388 0.043762 0.0412981 0.0378603 0.0331268 0.0271868 0.0206104
 0.00588649 0.00964263 0.0146654 0.0209635 0.0283706 0.0364242 0.0443427 0.051224 0.0563765 0.0595356 0.0608321 0.0606071 0.0592495 0.057122 0.0545418 0.051774 0.0490237 0.0464156 0.0439541 0.0414748 0.0386402 0.0350395 0.030397 0.0247888 0.0187083
 0.00612942 0.0100398 0.0152673 0.0218186 0.0295167 0.0378737 0.0460681 0.0531525 0.0583998 0.0615305 0.0626792 0.0622015 0.0605047 0.05797 0.0549311 0.051666 0.0483883 0.0452333 0.0422276 0.0392524 0.0360399 0.0322572 0.0276815 0.0223839 0.0167869
 0.00636386 0.0104262 0.0158585 0.022667 0.0306631 0.0393311 0.0478049 0.0550872 0.0604141 0.0634932 0.0644685 0.0637173 0.0616708 0.0587309 0.0552468 0.0515067 0.0477307 0.0440621 0.0405465 0.0371046 0.0335324 0.0295708 0.0250506 0.0200436 0.0149083
 0.00662111 0.010845 0.0164899 0.0235587 0.0318505 0.0408228 0.0495668 0.0570371 0.0624316 0.0654422 0.0662198 0.0651646 0.0627366 0.0593667 0.0554271 0.0512202 0.0469725 0.0428316 0.0388555 0.0349967 0.0311061 0.0269909 0.0225323 0.0178048 0.0131091
 0.00684265 0.0112115 0.017053 0.0243699 0.0329499 0.0422224 0.0512335 0.0588879 0.0643468 0.0672893 0.0678761 0.0665293 0.0637351 0.0599495 0.0555679 0.0509101 0.0462145 0.0416363 0.0372454 0.0330199 0.0288552 0.0246147 0.0202223 0.0157547 0.011462
 0.00705932 0.0115659 0.0175904 0.0251341 0.033975 0.043519 0.0527749 0.0606035 0.0661301 0.0690168 0.0694273 0.0678019 0.0646527 0.0604638 0.0556559 0.0505684 0.0454529 0.040474 0.0357133 0.0311711 0.0267797 0.0224471 0.0181313 0.0139085 0.00998316
 0.00728987 0.0119403 0.0181531 0.0259249 0.035021 0.0448213 0.0542955 0.062262 0.0678157 0.0706101 0.0708203 0.0689085 0.0654118 0.0608381 0.0556298 0.0501441 0.0446457 0.0393099 0.0342298 0.0294248 0.0248571 0.0204701 0.0162467 0.0122592 0.00867027
 0.00744724 0.0122063 0.0185717 0.0265428 0.0358767 0.0459282 0.0556261 0.0637436 0.0693424 0.0720654 0.0720979 0.0699251 0.0661101 0.0611854 0.0556138 0.0497687 0.0439269 0.0382737 0.0329141 0.0278854 0.0231748 0.0187535 0.0146223 0.0108464 0.00755139
 0.0075244 0.0123313 0.0187605 0.026813 0.0362483 0.0464227 0.0562614 0.0645259 0.0702573 0.0730716 0.0731282 0.0708952 0.0669335 0.0617877 0.0559414 0.0497917 0.0436366 0.03768 0.0320451 0.0267895 0.0219246 0.0174453 0.0133659 0.00974444 0.00667445
 0.00759126 0.0124348 0.0189067 0.0270047 0.036486 0.0467058 0.0565899 0.0649019 0.0706856 0.0735579 0.0736734 0.0714855 0.0675336 0.0623413 0.0563807 0.0500515 0.0436675 0.0374562 0.0315678 0.0260884 0.0210577 0.016495 0.0124276 0.00890756 0.00600161
 0.00765516 0.0125309 0.0190369 0.0271655 0.0366698 0.046903 0.0567912 0.0651006 0.0708801 0.0737543 0.0738851 0.0717288 0.0678183 0.0626607 0.0567056 0.0503321 0.0438442 0.0374747 0.0313943 0.0257195 0.0205244 0.0158582 0.011766 0.00829852 0.00550209
 0.00770464 0.0126088 0.0191489 0.0273143 0.036853 0.0471118 0.0570097 0.0653076 0.0710555 0.0738867 0.0739766 0.0717948 0.0678818 0.0627424 0.0568143 0.0504573 0.0439549 0.0375263 0.0313425 0.0255365 0.0202111 0.0154471 0.0113126 0.00786446 0.00513671
 0.00778211 0.0127255 0.0193071 0.02751 0.0370771 0.0473519 0.0572513 0.0655343 0.0712498 0.0740323 0.0740628 0.0718201 0.0678559 0.0626846 0.0567474 0.0503983 0.0439067 0.0374744 0.0312595 0.025394 0.0199944 0.0151644 0.0109944 0.00755271 0.00486892
 0.00782089 0.012788 0.0193999 0.0276377 0.0372401 0.0475441 0.0574582 0.0657351 0.0714227 0.0741613 0.0741408 0.0718487 0.0678418 0.0626375 0.0566787 0.0503202 0.0438283 0.0373972 0.0311746 0.0252859 0.0198492 0.0149799 0.0107842 0.00734174 0.00468319
 0.0078527 0.0128353 0.0194629 0.0277144 0.0373274 0.0476393 0.0575601 0.0658422 0.0715315 0.0742645 0.0742287 0.0719117 0.0678738 0.0626376 0.056651 0.050272 0.0437674 0.0373291 0.0310997 0.0251994 0.0197445 0.0148544 0.0106437 0.00720002 0.00455662
 0.00788567 0.0128821 0.0195209 0.0277766 0.0373843 0.0476826 0.0575851 0.06585 0.071528 0.074259 0.0742303 0.0719258 0.0679 0.0626698 0.0566807 0.0502918 0.0437734 0.0373202 0.0310762 0.0251605 0.0196888 0.0147821 0.010559 0.00711169 0.00447549
 0.0079107 0.0129215 0.0195774 0.0278508 0.0374735 0.0477793 0.0576768 0.0659216 0.0715666 0.0742595 0.0741979 0.0718742 0.0678453 0.0626246 0.0566498 0.0502731 0.0437604 0.037306 0.0310553 0.0251298 0.0196469 0.0147295 0.0104992 0.00705047 0.00441969
 0.00790229 0.0129089 0.0195606 0.0278308 0.0374525 0.0477605 0.0576637 0.0659169 0.0715708 0.07427 0.0742103 0.0718848 0.0678533 0.0626331 0.0566638 0.0502957 0.0437907 0.0373391 0.0310844 0.0251486 0.0196515 0.0147195 0.010477 0.0070214 0.00438965
 0.00790092 0.0129015 0.0195401 0.0277883 0.0373801 0.0476563 0.0575354 0.0657814 0.0714498 0.0741829 0.0741685 0.0718894 0.0678975 0.0627056 0.0567534 0.0503935 0.0438905 0.0374356 0.031172 0.0252217 0.0197058 0.0147533 0.010492 0.00702216 0.00438219
 0.00789311 0.0128876 0.0195167 0.0277508 0.0373233 0.047575 0.057427 0.065648 0.0713007 0.0740347 0.0740428 0.071807 0.0678718 0.0627389 0.056837 0.0505121 0.0440272 0.0375753 0.0313033 0.0253361 0.0197978 0.0148205 0.0105354 0.00704585 0.00439194
 0.00789169 0.0128824 0.0195036 0.0277241 0.0372772 0.0475057 0.0573344 0.0655362 0.0711767 0.0739079 0.0739235 0.0717074 0.0678049 0.0627159 0.0568638 0.0505863 0.0441383 0.037708 0.0314411 0.025465 0.0199077 0.014906 0.0105957 0.00708381 0.00441281
 0.00788087 0.0128644 0.0194754 0.0276827 0.0372195 0.0474297 0.05724 0.0654265 0.0710581 0.073789 0.0738146 0.0716186 0.0677449 0.0626918 0.0568799 0.0506437 0.0442333 0.0378314 0.0315794 0.0256032 0.0200326 0.0150086 0.0106723 0.00713544 0.00444406
 0.00784284 0.0128026 0.0193828 0.0275533 0.0370509 0.0472252 0.0570115 0.0651934 0.0708439 0.0736154 0.0736968 0.0715634 0.0677523 0.0627566 0.0569943 0.0507983 0.0444181 0.0380351 0.0317891 0.0258051 0.0202136 0.0151587 0.0107868 0.00721536 0.00449471
 0.00784246 0.0127945 0.0193568 0.0274956 0.0369474 0.0470677 0.0568029 0.0649492 0.0705892 0.0733789 0.0735046 0.0714346 0.0676967 0.0627747 0.057079 0.0509377 0.0445975 0.0382393 0.0320031 0.026014 0.0204038 0.0153196 0.0109125 0.00730524 0.00455324
 0.0077957 0.0127236 0.0192594 0.0273719 0.0367987 0.0468948 0.0566059 0.0647303 0.0703559 0.0731472 0.0732975 0.0712783 0.0676129 0.0627756 0.0571644 0.0510968 0.0448121 0.0384882 0.0322647 0.0262687 0.0206349 0.015515 0.0110656 0.00741571 0.00462608
 0.00778114 0.0126934 0.0192021 0.0272742 0.0366496 0.0466925 0.0563617 0.0644676 0.0701025 0.0729257 0.0731217 0.0711542 0.0675447 0.0627683 0.0572228 0.0512213 0.0449959 0.0387166 0.0325176 0.0265242 0.020873 0.0157201 0.0112287 0.00753492 0.00470569
 0.00775749 0.0126576 0.0191528 0.0272103 0.0365693 0.0465915 0.0562341 0.064309 0.0699153 0.0727227 0.0729242 0.0709861 0.067426 0.0627102 0.0572291 0.0512902 0.0451222 0.0388908 0.0327252 0.0267464 0.0210898 0.0159137 0.011387 0.00765311 0.00478602
 0.00771529 0.0125908 0.019056 0.0270804 0.0364072 0.0464032 0.0560314 0.0641078 0.0697312 0.0725663 0.0728006 0.0708976 0.0673754 0.0627029 0.0572705 0.0513831 0.0452643 0.0390745 0.0329384 0.0269732 0.021312 0.0161142 0.0115529 0.00777853 0.00487223
 0.0076862 0.0125403 0.0189742 0.0269568 0.0362338 0.0461793 0.0557678 0.0638269 0.0694628 0.0723396 0.0726368 0.0708062 0.0673554 0.0627466 0.0573682 0.0515263 0.0454459 0.0392871 0.0331722 0.0272148 0.0215457 0.0163243 0.0117273 0.00791128 0.00496418
 0.00769549 0.0125546 0.0189939 0.0269803 0.0362562 0.0461917 0.0557571 0.0637796 0.0693698 0.072202 0.0724682 0.0706294 0.067195 0.0626228 0.0572926 0.0515024 0.0454717 0.0393572 0.0332785 0.0273466 0.0216895 0.0164654 0.0118523 0.00801129 0.0050363
 0.00764619 0.0124812 0.0188959 0.0268622 0.0361262 0.0460595 0.0556324 0.0636697 0.0692782 0.072128 0.0724081 0.07058 0.0671572 0.0626025 0.0572988 0.0515428 0.0455494 0.0394699 0.0334192 0.0275047 0.0218523 0.0166195 0.0119862 0.00811736 0.00511254
 0.00763377 0.0124572 0.0188534 0.0267931 0.036025 0.0459273 0.0554799 0.0635158 0.0691442 0.0720299 0.0723511 0.070559 0.0671617 0.0626225 0.0573297 0.0515859 0.0456096 0.0395518 0.0335234 0.0276266 0.0219828 0.0167471 0.0120999 0.00820944 0.00517994
 0.0076095 0.012421 0.0188045 0.0267323 0.035953 0.0458436 0.0553827 0.0634046 0.0690229 0.0719088 0.0722458 0.0704849 0.0671281 0.0626296 0.0573702 0.0516502 0.0456904 0.0396455 0.0336286 0.0277412 0.0221017 0.0168625 0.0122031 0.00829354 0.00524202
 0.0075919 0.0123923 0.0187614 0.0266723 0.0358753 0.0457506 0.0552806 0.0633018 0.0689276 0.0718261 0.0721779 0.0704331 0.0670956 0.0626211 0.0573893 0.051697 0.045761 0.0397338 0.0337286 0.0278477 0.0222094 0.0169653 0.0122945 0.00836826 0.00529754
 0.00757316 0.0123625 0.0187178 0.0266127 0.0357988 0.0456579 0.055175 0.0631899 0.0688185 0.07173 0.0721031 0.0703847 0.0670748 0.0626269 0.0574198 0.0517504 0.0458351 0.039825 0.0338318 0.0279568 0.0223177 0.0170663 0.0123825 0.00843912 0.00534977
 0.00757233 0.012361 0.0187152 0.0266083 0.0357914 0.0456458 0.055156 0.0631616 0.0687794 0.0716801 0.072045 0.0703236 0.0670174 0.0625798 0.0573883 0.0517381 0.0458433 0.0398533 0.033878 0.0280164 0.0223849 0.0171345 0.0124452 0.00849165 0.00538959
 0.0075429 0.0123167 0.018655 0.0265339 0.0357066 0.045556 0.0550674 0.0630809 0.0687124 0.0716307 0.0720145 0.070311 0.0670206 0.0625969 0.0574186 0.0517811 0.0458989 0.0399208 0.0339552 0.0280997 0.0224695 0.0172147 0.0125157 0.00854864 0.00543166
 0.00752097 0.0122789 0.0185947 0.0264444 0.0355838 0.045402 0.0548933 0.0629056 0.0685581 0.0715162 0.0719505 0.0702985 0.0670533 0.0626648 0.0575109 0.0518888 0.0460155 0.0400415 0.0340763 0.0282178 0.0225802 0.0173135 0.0125988 0.00861349 0.00547823
 0.00750444 0.0122531 0.0185574 0.0263937 0.0355177 0.0453185 0.0547908 0.0627853 0.0684261 0.0713846 0.0718351 0.0702157 0.0670144 0.0626732 0.0575622 0.0519734 0.0461218 0.0401594 0.0341976 0.028336 0.0226901 0.0174107 0.0126797 0.00867616 0.00552298
 0.00751049 0.0122608 0.0185653 0.0263987 0.0355165 0.0453077 0.054768 0.0627491 0.0683754 0.0713191 0.0717568 0.0701302 0.066932 0.0626063 0.0575219 0.0519657 0.0461464 0.0402102 0.0342662 0.0284134 0.0227686 0.0174837 0.0127424 0.00872588 0.00555908
 0.00751547 0.0122702 0.0185815 0.0264244 0.0355528 0.0453531 0.0548167 0.0627918 0.068402 0.0713214 0.0717311 0.0700776 0.0668582 0.062521 0.0574369 0.0518934 0.0460964 0.0401875 0.0342697 0.0284378 0.0228059 0.0175261 0.0127832 0.00876049 0.00558536
 0.00749067 0.0122324 0.0185294 0.0263591 0.0354781 0.0452755 0.0547449 0.0627353 0.0683681 0.0713125 0.0717433 0.0701029 0.0668873 0.062547 0.0574575 0.0519107 0.0461158 0.0402146 0.034308 0.028487 0.0228621 0.0175831 0.012835 0.00880294 0.00561668
 0.00749067 0.0122324 0.0185294 0.0263591 0.0354781 0.0452755 0.0547449 0.0627353 0.0683681 0.0713125 0.0717433 0.0701029 0.0668873 0.062547 0.0574575 0.0519107 0.0461158 0.0402146 0.034308 0.028487 0.0228621 0.0175831 0.012835 0.00880294 0.00561668
 0.00713587 0.0116667 0.0177016 0.0252363 0.0340609 0.0436173 0.0529669 0.0610201 0.0669245 0.0703218 0.0713142 0.0702526 0.0675512 0.0636055 0.0587682 0.0533362 0.0475426 0.0415604 0.0355197 0.0295339 0.0237298 0.0182695 0.0133489 0.00916363 0.00585169
 0.00709499 0.0115626 0.0174753 0.0248096 0.033356 0.042588 0.0516293 0.0594649 0.0653054 0.0688253 0.0701233 0.0695128 0.0673443 0.0639356 0.059565 0.0544763 0.0488795 0.042954 0.0368561 0.0307333 0.024745 0.0190808 0.013959 0.00959246 0.00613116
 0.00730378 0.0119 0.0179745 0.0254869 0.0341913 0.0435032 0.0524786 0.0600567 0.065459 0.0684412 0.0692283 0.0682565 0.0659513 0.0626383 0.0585452 0.0538301 0.0486129 0.0430027 0.0371192 0.0311057 0.02514 0.0194398 0.0142507 0.00980778 0.00627619
 0.0073894 0.0120658 0.0182726 0.0259809 0.0349385 0.0445254 0.0537324 0.0614189 0.0667386 0.0694172 0.0697048 0.0681203 0.0652114 0.0614304 0.0570927 0.0523772 0.0473581 0.0420575 0.0365031 0.0307702 0.0250043 0.0194223 0.0142878 0.00985897 0.00632104
 0.00721917 0.0118072 0.0179205 0.0255511 0.0344739 0.0440998 0.0534462 0.0613788 0.0670193 0.0700191 0.0705314 0.0689945 0.0659305 0.0618364 0.0571278 0.0520985 0.0469053 0.041593 0.0361518 0.0305878 0.0249798 0.0195041 0.0144158 0.00998617 0.00642214
 0.00723731 0.0118152 0.0178934 0.0254546 0.0342761 0.0437901 0.0530518 0.0609695 0.0666945 0.06988 0.0706466 0.0693687 0.0664915 0.0624492 0.057639 0.0523936 0.0469514 0.0414435 0.0359127 0.0303652 0.0248395 0.0194599 0.0144431 0.0100475 0.00648618
 0.00710172 0.0116066 0.0176007 0.025073 0.0338054 0.0432328 0.0524168 0.0602812 0.0660034 0.0692671 0.0702133 0.0692125 0.0666697 0.0629498 0.0583735 0.0532213 0.0477285 0.0420721 0.0363659 0.0306761 0.0250657 0.0196481 0.014613 0.0101967 0.0066052
 0.00699251 0.0114187 0.0173 0.0246247 0.0331855 0.0424442 0.0515012 0.0593162 0.0650835 0.0684799 0.0696271 0.0688776 0.0666249 0.0632185 0.0589466 0.0540415 0.0486913 0.0430526 0.0372569 0.031417 0.0256461 0.0200895 0.0149446 0.0104413 0.00677799
 0.00699824 0.0114193 0.0172836 0.0245712 0.0330674 0.0422306 0.0511647 0.0588432 0.0644851 0.0677978 0.0689301 0.068249 0.0661456 0.0629537 0.0589366 0.054294 0.0491739 0.0436938 0.0379617 0.0320935 0.0262302 0.0205539 0.0152914 0.0106875 0.00694416
 0.00698192 0.0114002 0.0172677 0.0245667 0.0330794 0.0422536 0.0511775 0.0588101 0.0643645 0.0675573 0.0685618 0.0677782 0.0656303 0.0624732 0.0585734 0.0541136 0.0492087 0.0439338 0.0383567 0.0325683 0.0267074 0.0209745 0.015625 0.0109296 0.00710652
#pred catch len freq
 0.00421402 0.00668543 0.00978675 0.0134571 0.0176613 0.0223662 0.0274726 0.0327823 0.0380353 0.0429722 0.0473749 0.0510875 0.0540308 0.056204 0.0576677 0.0585211 0.0588822 0.0588592 0.0584832 0.0576021 0.0558006 0.0524705 0.0470979 0.039656 0.030829
 0.00441485 0.00693779 0.0100331 0.0136076 0.0176296 0.0221204 0.0270675 0.0323455 0.037708 0.04284 0.0474329 0.0512588 0.0542208 0.0563567 0.0577921 0.0586778 0.0591391 0.0592389 0.0589297 0.057988 0.0559796 0.0523487 0.0466836 0.0390558 0.0301933
 0.00462746 0.00727697 0.0105258 0.0142591 0.0184061 0.0229327 0.0277742 0.0327915 0.0377924 0.0425739 0.0469413 0.0507157 0.053763 0.0560339 0.0575822 0.0585397 0.0590538 0.0592089 0.0589451 0.0579966 0.0558935 0.0520886 0.0462298 0.0384675 0.0295801
 0.00484271 0.0076181 0.0110246 0.0149436 0.019299 0.0240439 0.0290818 0.0342169 0.0391873 0.043739 0.0476849 0.0509302 0.0534709 0.0553713 0.0567278 0.0576403 0.058191 0.0584072 0.0581945 0.057266 0.0551392 0.0512742 0.0453549 0.0375824 0.0287684
 0.00504646 0.00794052 0.0114947 0.0155866 0.0201366 0.0250934 0.0303503 0.0356904 0.0408155 0.0454209 0.0492621 0.0522038 0.0542498 0.0555373 0.0562821 0.0566985 0.0569281 0.0569896 0.056735 0.0558172 0.0537149 0.0498818 0.0440222 0.0363655 0.0277367
 0.00526598 0.00828393 0.0119877 0.0162476 0.0209785 0.0261249 0.0315734 0.0370949 0.0423729 0.0470782 0.050935 0.0537695 0.0555494 0.0563969 0.0565561 0.0563186 0.0559313 0.055504 0.0549314 0.0538577 0.0517262 0.0479597 0.0422494 0.0348212 0.0264856
 0.00554017 0.00870923 0.0125907 0.0170421 0.0219677 0.027304 0.0329278 0.0385969 0.0439795 0.048733 0.0525696 0.0553028 0.0568828 0.0574116 0.0571195 0.0563083 0.0552727 0.0542034 0.0530858 0.0516328 0.0493186 0.0455631 0.0400343 0.0329209 0.0249826
 0.00587269 0.00922264 0.0133137 0.0179859 0.0231287 0.028667 0.0344655 0.0402653 0.0457173 0.0504658 0.0542177 0.0567873 0.058128 0.0583412 0.0576503 0.0563489 0.054736 0.0530362 0.051303 0.0493385 0.0466998 0.0428569 0.0374816 0.0307192 0.0232507
 0.00622625 0.00977193 0.0140937 0.0190144 0.0244073 0.0301817 0.0361827 0.0421275 0.0476429 0.0523573 0.0559734 0.0583125 0.0593426 0.0591811 0.0580622 0.0562807 0.0541325 0.051849 0.0495185 0.0470135 0.0439834 0.0399812 0.0347158 0.028305 0.021343
 0.00655329 0.0102848 0.0148315 0.0200039 0.0256621 0.0316997 0.0379397 0.0440689 0.0496829 0.0543855 0.0578679 0.0599548 0.060631 0.0600394 0.0584395 0.056144 0.0534552 0.0506089 0.0477115 0.0446838 0.0412547 0.0370647 0.0318783 0.0258025 0.0193513
 0.00688882 0.010807 0.0155754 0.0209905 0.0269002 0.0331874 0.0396597 0.04598 0.0517138 0.0564355 0.0598149 0.0616694 0.0619924 0.0609505 0.0588346 0.0559866 0.0527303 0.049315 0.0458653 0.0423393 0.0385306 0.034158 0.0290427 0.02329 0.017342
