SBPRF35
12.7214
Curr Bio
927244
B35
874480
F35
0.170104
FOFL
0.170104
OFL
125060
Bzero
3.63469e+006
#pred survey bio
 3.69515e+006 3.54783e+006 3.41191e+006 3.25455e+006 3.05891e+006 2.79461e+006 2.55191e+006 2.3146e+006 2.08308e+006 1.86595e+006 1.65825e+006 1.47139e+006 1.29426e+006 1.15379e+006 1.0037e+006 897584 798168 733490 702473 666915 638535 605699 582799 568949 558875 547191 554042 548939 553319 551019 555800 564245 570793 585320 598290 623446 647331 658677 661068 655081 658839 667975 677754 682773 679503 679808 684596 678514 668147 665233 678453 731967 751657 780797 815527 854271 882026 900328 922587 935669 932197 2.07623e+007 1.84894e+007 1.83769e+007 1.8939e+007 1.99834e+007 2.12512e+007 2.25422e+007 2.37324e+007 2.47624e+007 2.56163e+007 2.63037e+007 2.68459e+007 2.72674e+007 2.75923e+007 2.78412e+007 2.80315e+007 2.81769e+007 2.82881e+007 2.83734e+007 2.84391e+007 2.84898e+007 2.85292e+007 2.85599e+007 2.85839e+007 2.86028e+007 2.86178e+007 2.86296e+007 2.8639e+007 2.86465e+007 2.86525e+007 2.86573e+007 2.86612e+007 2.86643e+007 2.86669e+007 2.86689e+007 2.86706e+007 2.8672e+007 2.86731e+007 2.8674e+007 2.86747e+007 2.86753e+007 2.86758e+007 2.86762e+007 2.86765e+007 2.86768e+007 2.8677e+007 2.86772e+007 2.86773e+007 2.86774e+007 2.86775e+007 2.86776e+007 2.86777e+007 2.86777e+007 2.86778e+007 2.86778e+007 2.86778e+007 2.86778e+007 2.86779e+007 2.86779e+007 2.86779e+007 2.86779e+007 2.86779e+007 2.86779e+007 2.86779e+007 2.86779e+007 2.86779e+007 2.86779e+007 2.86779e+007 2.86779e+007 2.86779e+007 2.86779e+007 2.86779e+007 2.86779e+007 2.86779e+007 2.86779e+007 2.86779e+007 2.8678e+007 2.8678e+007 2.8678e+007 2.8678e+007 2.8678e+007 2.8678e+007 2.8678e+007 2.8678e+007 2.8678e+007 2.8678e+007 2.8678e+007 2.8678e+007 2.8678e+007 2.8678e+007 2.8678e+007 2.8678e+007 2.8678e+007 2.8678e+007 2.8678e+007 2.8678e+007 2.8678e+007 2.8678e+007 2.8678e+007 2.8678e+007 0 0 0 0 0 0 0 0 0 0 0 0 0 0 0 0 0 0 0 0 0 0 0 0 0
#obs survey bio
 3.31653e+006 4.35949e+006 4.6494e+006 2.29191e+006 2.85359e+006 2.76695e+006 1.92932e+006 1.52992e+006 1.96713e+006 1.25978e+006 2.26806e+006 1.16197e+006 1.36788e+006 1.31364e+006 887526 774418 695736 412923 626186 536171 726959 555839 817866 436372 417745 616961 327899 835068 495073 428471 543092 490799 441731 681595 698471 636861 619989 669392 741429 718162 499870 727169 854476 676473 708583 709370 685485 605912 877733 410110 742530 735586 711671 604996 750782 936055 760071 933691 998757 1.20467e+006 1.31553e+006
#pred catch bio
 109772 108087 138112 186207 265071 262836 275980 288030 289987 293492 283857 280999 251461 260170 220504 213085 180936 151092 153350 143984 143716 131546 121685 117419 117898 102070 111520 101859 106319 99740.5 96806 98619.7 92492.5 94727.6 85374.9 87456.3 98182.8 104971 110738 101742 97914.1 98371.1 102885 109640 106123 102471 111754 114612 107780 95018.6 63855.4 95300.4 88175 85521.2 84623.4 96077.7 105136 101952 109095 120090 135952 125060 121730 119674 121924 127961 135703 143618 150838 156974 161941 165824 168779 170985 172605 173781 174627 175230 175657 175959 176171 176320 176423 176496 176546 176581 176606 176622 176634 176642 176647 176651 176654 176656 176657 176658 176658 176659 176659 176659 176660 176660 176660 176660 176660 176660 176660 176660 176660 176660 176660 176660 176660 176660 176660 176660 176660 176660 176660 176660 176660 176660 176660 176660 176660 176660 176660 176660 176660 176660 176660 176660 176660 176660 176660 176660 176660 176660 176660 176660 176660 176660 176660 176660 176660 176660 176660 176660 176660 176660 176660 176660 176660 176660 176660 176660 176660 176660 176660 176660 176660 0 0 0 0 0 0 0 0 0 0 0 0 0 0 0 0 0 0 0 0 0 0 0 0 0
#obs catch bio
 0 107790 137768 185792 265326 262204 275700 289035 291207 295203 283664 283583 251604 260890 220657 213856 182139 152821 155197 145646 144711 131836 122158 118170 119410 102870 113794 102147 106603 100227 97230.5 99186.6 92823 95297.9 85670 87490 97891.9 104565 110396 101007 97838.1 98385.5 102589 109460 105722 102131 111668 114730 107505 95439.7 63428.1 95672.1 88317.1 85808.1 84832 96458.8 105923 102436 109622 120594 136108
#pred cpue bio
 3.64925e+006 3.50366e+006 3.36898e+006 3.21186e+006 3.0164e+006 2.75283e+006 2.51067e+006 2.27381e+006 2.04293e+006 1.82675e+006 1.62025e+006 1.43456e+006 1.25893e+006 1.11985e+006 971593 866592 768472 704702 674234 639694 612339 580649 558431 544906 534976 523527 530288 525726 530484 528424 533086 541428 547952 562201 574994 599862 623604 634971 637452 631702 635310 644096 653673 658701 655588 655893 660538 654559 644420 641493 654282 706799 726460 755097 789031 827002 854292 872346 894452 907806 905364 2.01881e+007 1.79843e+007 1.77414e+007 1.81508e+007 1.91396e+007 2.0394e+007 2.16822e+007 2.28719e+007 2.39018e+007 2.47557e+007 2.54431e+007 2.59852e+007 2.64068e+007 2.67317e+007 2.69806e+007 2.71709e+007 2.73163e+007 2.74275e+007 2.75128e+007 2.75785e+007 2.76292e+007 2.76685e+007 2.76992e+007 2.77233e+007 2.77422e+007 2.77572e+007 2.7769e+007 2.77784e+007 2.77859e+007 2.77919e+007 2.77967e+007 2.78006e+007 2.78037e+007 2.78063e+007 2.78083e+007 2.781e+007 2.78113e+007 2.78124e+007 2.78133e+007 2.78141e+007 2.78147e+007 2.78152e+007 2.78156e+007 2.78159e+007 2.78161e+007 2.78164e+007 2.78165e+007 2.78167e+007 2.78168e+007 2.78169e+007 2.7817e+007 2.7817e+007 2.78171e+007 2.78171e+007 2.78172e+007 2.78172e+007 2.78172e+007 2.78173e+007 2.78173e+007 2.78173e+007 2.78173e+007 2.78173e+007 2.78173e+007 2.78173e+007 2.78173e+007 2.78173e+007 2.78173e+007 2.78173e+007 2.78173e+007 2.78173e+007 2.78173e+007 2.78173e+007 2.78173e+007 2.78173e+007 2.78173e+007 2.78173e+007 2.78173e+007 2.78173e+007 2.78173e+007 2.78173e+007 2.78173e+007 2.78173e+007 2.78173e+007 2.78173e+007 2.78173e+007 2.78173e+007 2.78173e+007 2.78173e+007 2.78173e+007 2.78173e+007 2.78173e+007 2.78173e+007 2.78173e+007 2.78173e+007 2.78173e+007 2.78173e+007 2.78173e+007 2.78173e+007 2.78173e+007 2.78173e+007 0 0 0 0 0 0 0 0 0 0 0 0 0 0 0 0 0 0 0 0 0 0 0 0 0
#obs cpue bio
 3.0291e+006 4.54081e+006 3.56265e+006 3.50372e+006 2.81759e+006 2.86997e+006 2.88965e+006 2.08789e+006 1.9304e+006 2.37564e+006 1.87466e+006 925302 1.75024e+006 991550 1.03646e+006 919916 648780 691607 724996 641921 670590 728296 330990 549887 461074 413901 421159 761980 643407 500322 513445 561728 684408 422847 463743 776249 986093 686161 602572 810620 506202 551242 703607 659768 748242 587438 605128 648707 659994 640312 836738 605185 614802 756417 793829 725390 681522 848396 833100 749677 1.01419e+006
#pred surv len freq
 0.00500365 0.00804743 0.0119703 0.0167127 0.0221473 0.0280202 0.0339127 0.0393267 0.0438649 0.047361 0.049867 0.0515467 0.0525805 0.0531249 0.0533102 0.053256 0.0530891 0.0529369 0.0528568 0.0526987 0.0519826 0.0499419 0.0458333 0.0394042 0.0312041
 0.0052077 0.00830074 0.0122105 0.0168431 0.0220762 0.027714 0.0334315 0.0388089 0.0434652 0.047179 0.0499125 0.0517606 0.0528898 0.0534918 0.0537456 0.0537942 0.0537409 0.0536479 0.0534964 0.0530933 0.0519841 0.0495005 0.0450305 0.0384232 0.0302518
 0.00541699 0.00863922 0.0127108 0.0175192 0.0229032 0.028609 0.0342525 0.0393917 0.0436913 0.047038 0.0495109 0.051266 0.0524505 0.0531864 0.053588 0.0537681 0.0538234 0.0538019 0.0536465 0.0531214 0.0517644 0.0489618 0.0442048 0.0374426 0.0292914
 0.00561527 0.00895661 0.0131802 0.0181701 0.0237575 0.0296709 0.0354908 0.0407217 0.0449706 0.0480892 0.0501741 0.0514598 0.0522062 0.0526314 0.0528869 0.0530593 0.0531844 0.0532448 0.0531287 0.0525614 0.0510707 0.048077 0.0431472 0.0363128 0.0282324
 0.00580079 0.00925954 0.0136389 0.018822 0.0246333 0.0307847 0.0368285 0.0422332 0.0465687 0.0496537 0.0515581 0.0525067 0.0527835 0.0526736 0.0524242 0.0522079 0.052099 0.0520596 0.0519168 0.0513293 0.0497869 0.0467189 0.0417419 0.0349472 0.0270231
 0.00610732 0.00973965 0.0143283 0.0197443 0.025799 0.0321896 0.038448 0.0440158 0.0484356 0.0515029 0.0532714 0.0539544 0.0538325 0.0532047 0.0523592 0.0515383 0.0508959 0.0504523 0.0500494 0.0493206 0.0477184 0.0446555 0.0397621 0.0331537 0.0255211
 0.00643335 0.0102524 0.0150678 0.0207368 0.0270535 0.0336935 0.0401609 0.0458686 0.0503387 0.0533614 0.0549945 0.0554556 0.0550219 0.0539848 0.0526323 0.051227 0.0499705 0.0489501 0.0480723 0.0470123 0.0452377 0.0421602 0.0374052 0.0310766 0.0238323
 0.00670515 0.0106954 0.0157367 0.0216824 0.0283132 0.035275 0.0420261 0.0479291 0.0524699 0.0554282 0.0568756 0.0570552 0.0562669 0.0548145 0.0529864 0.0510428 0.0491942 0.0475607 0.0461067 0.0445781 0.042506 0.0393436 0.0347261 0.0287304 0.0219516
 0.00695514 0.0110985 0.0163384 0.0225258 0.0294345 0.0366947 0.0437359 0.0498809 0.0545741 0.0575626 0.0589019 0.0588381 0.0576917 0.0557954 0.0534639 0.0509728 0.0485397 0.0462972 0.0442439 0.0421872 0.0397378 0.0364197 0.0319032 0.0262442 0.0199625
 0.00723014 0.0115333 0.0169704 0.0233839 0.0305367 0.0380442 0.045315 0.051646 0.0564574 0.0594786 0.0607543 0.0605238 0.0591056 0.0568379 0.0540496 0.0510345 0.0480289 0.0451853 0.0425329 0.0399324 0.03707 0.0335505 0.029094 0.0237478 0.017957
 0.00754976 0.0120384 0.0177035 0.0243749 0.031798 0.039564 0.0470491 0.0535167 0.058364 0.0613172 0.0624339 0.0619717 0.0602626 0.0576502 0.0544624 0.0509916 0.047477 0.0440834 0.0408686 0.0377449 0.0344735 0.0307414 0.0263262 0.0212745 0.0159628
 0.00778408 0.0124258 0.0182983 0.025231 0.0329576 0.0410392 0.0488042 0.0554624 0.0603719 0.0632467 0.0641587 0.0633963 0.0613258 0.0583188 0.0547184 0.050819 0.0468528 0.0429808 0.039273 0.0356815 0.0320352 0.0281008 0.023716 0.0189332 0.0140687
 0.00806159 0.0128643 0.0189359 0.0260977 0.034074 0.0424121 0.0504175 0.057267 0.0622811 0.0651423 0.0659064 0.0648664 0.0624146 0.0589623 0.0548928 0.0505276 0.0461088 0.0417951 0.037658 0.0336707 0.0297118 0.0256148 0.0212723 0.0167457 0.0122992
 0.00831486 0.013262 0.0195084 0.0268648 0.0350428 0.0435748 0.0517472 0.0587164 0.0637874 0.0666348 0.0673116 0.0661081 0.0634137 0.0596426 0.0551921 0.050407 0.0455546 0.0408138 0.0362727 0.031927 0.0276934 0.0234561 0.0191504 0.0148444 0.010759
 0.00874456 0.0139314 0.0204609 0.0281191 0.0365887 0.0453675 0.0537016 0.0607086 0.0656724 0.0682763 0.0686081 0.067004 0.0638935 0.0597153 0.0548753 0.0497178 0.0445077 0.0394265 0.0345726 0.0299633 0.0255495 0.0212565 0.0170509 0.0130015 0.00928659
 0.00898898 0.0143278 0.0210554 0.028953 0.0376892 0.0467339 0.0552909 0.0624306 0.0674018 0.0698765 0.0699564 0.0680087 0.0645017 0.0599117 0.0546738 0.0491483 0.043604 0.0382206 0.0330988 0.0282695 0.0237106 0.0193808 0.0152708 0.0114467 0.00804943
 0.00925457 0.0147491 0.02167 0.02979 0.0387646 0.0480441 0.0568021 0.0640727 0.0690709 0.0714482 0.0713047 0.0690247 0.065109 0.0600752 0.0543999 0.0484755 0.0425885 0.0369235 0.0315803 0.026593 0.0219527 0.0176377 0.013653 0.0100576 0.00695853
 0.00937204 0.0149368 0.0219472 0.0301741 0.0392711 0.048684 0.0575781 0.0649744 0.0700716 0.0725037 0.0723528 0.0699878 0.0659014 0.060616 0.0546274 0.0483585 0.0421298 0.0361551 0.0305551 0.0253791 0.0206311 0.0163019 0.0124016 0.00897898 0.0061103
 0.00927931 0.0148003 0.0217692 0.0299685 0.039063 0.048508 0.0574761 0.064992 0.070252 0.0728775 0.0729268 0.0707363 0.0667634 0.0615012 0.0554299 0.0489766 0.0424857 0.0362086 0.0303078 0.0248707 0.0199317 0.0155012 0.0115958 0.00825385 0.00552462
 0.00924627 0.014753 0.0217101 0.0299045 0.0390043 0.0484661 0.0574624 0.065018 0.07033 0.0730212 0.07315 0.071049 0.0671653 0.0619734 0.0559304 0.0494422 0.042843 0.0363915 0.0302755 0.0246197 0.0194974 0.0149502 0.0110097 0.00770959 0.00507714
 0.00924596 0.0147452 0.0216855 0.0298511 0.0389123 0.0483344 0.0573035 0.0648576 0.0702005 0.0729525 0.0731636 0.0711562 0.0673682 0.0622655 0.056293 0.0498409 0.043227 0.0367005 0.0304543 0.0246344 0.019348 0.0146715 0.0106612 0.00735618 0.0047709
 0.00944149 0.0150304 0.0220533 0.0302722 0.0393409 0.0487199 0.057601 0.0650354 0.0702445 0.0728695 0.0729808 0.0709152 0.0671156 0.0620418 0.0561261 0.0497406 0.0431828 0.0366832 0.0304231 0.0245503 0.0191888 0.0144413 0.0103883 0.00708161 0.00453188
 0.00958201 0.0152483 0.0223603 0.0306688 0.0398125 0.0492335 0.0581041 0.0654623 0.0705316 0.0729752 0.0728988 0.070675 0.0667706 0.0616538 0.0557501 0.0494155 0.0429268 0.0364923 0.0302756 0.0244157 0.0190401 0.0142662 0.0101933 0.00688695 0.00436076
 0.00971636 0.0154466 0.0226216 0.03098 0.0401532 0.0495826 0.058444 0.0657762 0.0707991 0.0731695 0.0729909 0.0706441 0.0666146 0.0613936 0.0554256 0.0490737 0.0426083 0.0362218 0.0300578 0.0242392 0.018886 0.0141189 0.0100475 0.00674847 0.00424049
 0.0097099 0.0154539 0.0226646 0.0310876 0.0403511 0.0498785 0.0588175 0.0661812 0.071179 0.0734764 0.0731964 0.070738 0.0665977 0.0612735 0.0552172 0.0488019 0.0423062 0.0359231 0.0297882 0.0240101 0.0186961 0.0139599 0.00991181 0.00663322 0.00414699
 0.0097394 0.0154962 0.022719 0.031153 0.0404302 0.0499823 0.0589645 0.0663896 0.071453 0.0737955 0.0735162 0.0710041 0.0667647 0.0613179 0.0551397 0.0486221 0.0420548 0.0356355 0.0294977 0.0237427 0.0184663 0.0137718 0.00976288 0.00651858 0.00406215
 0.00942062 0.0150288 0.0221103 0.0304432 0.0396823 0.0492651 0.0583403 0.0659118 0.0711683 0.073741 0.0737091 0.0714296 0.0673708 0.0620241 0.0558574 0.0492764 0.0425988 0.0360529 0.0297962 0.023943 0.0185925 0.0138451 0.00979971 0.00653151 0.00406111
 0.00936312 0.0149173 0.0219111 0.0301195 0.0392093 0.0486514 0.0576415 0.0652239 0.0705992 0.0733751 0.0735865 0.0715462 0.0676924 0.0625 0.0564272 0.0498753 0.043166 0.0365421 0.0301826 0.0242241 0.0187814 0.013962 0.00986553 0.00656386 0.00407354
 0.00945674 0.0150298 0.022006 0.0301358 0.0390748 0.0483062 0.0570633 0.0644433 0.0697002 0.0724816 0.0728346 0.0710511 0.0675194 0.0626513 0.0568501 0.0504829 0.0438609 0.0372355 0.0308072 0.0247395 0.0191741 0.0142395 0.0100473 0.00667402 0.00413475
 0.00951562 0.0151362 0.0221831 0.0304036 0.0394355 0.0487259 0.0574623 0.0647086 0.0697232 0.0722038 0.0722789 0.0703185 0.0667558 0.0620005 0.0564124 0.0502948 0.0438983 0.0374339 0.0310879 0.0250324 0.0194309 0.0144369 0.0101827 0.00675746 0.00418094
 0.00944921 0.0150372 0.022052 0.0302506 0.0392817 0.0486017 0.0574008 0.0647319 0.0698248 0.0723392 0.0723756 0.0703079 0.0666099 0.0617504 0.0561371 0.0500855 0.0438207 0.0375059 0.0312814 0.0252925 0.0196996 0.0146711 0.0103611 0.00687814 0.00425399
 0.00939427 0.0149443 0.0219065 0.0300383 0.0389949 0.0482477 0.0570085 0.064352 0.0695187 0.0721592 0.0723442 0.0704067 0.0667859 0.0619402 0.0562967 0.0502093 0.0439367 0.0376529 0.0314826 0.0255422 0.0199686 0.0149228 0.0105678 0.00702819 0.00435093
 0.00941738 0.0149715 0.0219277 0.0300364 0.0389486 0.048137 0.056822 0.0640928 0.0692079 0.0718359 0.0720584 0.0702059 0.0666982 0.0619638 0.0564021 0.0503567 0.0440959 0.0378144 0.0316526 0.0257281 0.0201668 0.0151174 0.0107388 0.00716126 0.00444253
 0.00929532 0.0147924 0.0216935 0.0297604 0.03865 0.0478331 0.0565226 0.0638012 0.0689271 0.0715748 0.0718365 0.0700513 0.066641 0.0620246 0.0565827 0.0506361 0.0444378 0.0381797 0.0320116 0.0260637 0.0204698 0.0153804 0.0109543 0.00732466 0.00455522
 0.00915944 0.0145839 0.0214038 0.0293917 0.038217 0.0473628 0.0560534 0.0633773 0.0685878 0.0713439 0.0717171 0.0700323 0.0667085 0.0621708 0.0568062 0.0509345 0.0447998 0.0385824 0.0324253 0.0264596 0.0208255 0.0156819 0.0111946 0.00750319 0.00467736
 0.00898197 0.0142991 0.0209828 0.0288133 0.0374747 0.0464758 0.0550755 0.0623971 0.0677138 0.0706784 0.0713318 0.0699538 0.0669191 0.0626206 0.0574304 0.0516694 0.0455903 0.0393828 0.0331958 0.0271654 0.0214389 0.0161849 0.0115818 0.00778092 0.00486158
 0.00889048 0.0141466 0.0207461 0.0284673 0.036997 0.045854 0.0543174 0.0615379 0.0668174 0.0698313 0.0706295 0.069483 0.0667382 0.0627466 0.0578367 0.0522963 0.0463618 0.0402225 0.0340365 0.0279529 0.0221327 0.0167591 0.0120259 0.00810004 0.00507303
 0.00884155 0.0140776 0.0206607 0.0283726 0.036897 0.0457417 0.0541706 0.0613232 0.0665035 0.0694067 0.0701151 0.0689346 0.0662359 0.0623746 0.0576606 0.0523457 0.046625 0.0406537 0.0345708 0.0285221 0.0226772 0.0172352 0.0124084 0.00838232 0.00526371
 0.00880485 0.0140254 0.0205963 0.0283044 0.0368372 0.0457023 0.0541581 0.061333 0.0665162 0.0693884 0.0700264 0.0687472 0.0659499 0.0620271 0.0573186 0.0520852 0.0465056 0.0407005 0.0347696 0.0288284 0.0230329 0.017585 0.0127116 0.00861772 0.00542832
 0.00897117 0.0142611 0.020887 0.0286157 0.0371252 0.0459306 0.05431 0.061413 0.0665393 0.0693661 0.0699571 0.0686154 0.0657358 0.0617212 0.056936 0.0516694 0.0461192 0.040405 0.0346043 0.0287984 0.0231119 0.0177285 0.0128739 0.00876406 0.00554082
 0.00902127 0.0143458 0.021019 0.0288046 0.0373704 0.0462131 0.0545898 0.0616372 0.0666619 0.0693681 0.0698529 0.0684406 0.0655255 0.0614941 0.0566945 0.0514133 0.04586 0.0401701 0.0344283 0.0287067 0.0231084 0.0177943 0.0129767 0.00887192 0.00563162
 0.00891536 0.0141962 0.0208364 0.0286148 0.0372089 0.0461151 0.0545789 0.061718 0.0668169 0.0695609 0.0700392 0.0685833 0.0656066 0.0615165 0.0566728 0.051363 0.0457935 0.0401 0.034371 0.0286804 0.0231248 0.0178521 0.0130614 0.00896278 0.00571102
 0.00883584 0.014067 0.0206434 0.0283485 0.0368712 0.0457264 0.0541831 0.061377 0.0665933 0.0694959 0.0701367 0.0688096 0.065905 0.0618285 0.0569551 0.0515944 0.0459719 0.0402347 0.0344769 0.0287731 0.023217 0.0179495 0.0131612 0.00905615 0.00578861
 0.00879114 0.0139987 0.0205481 0.0282245 0.0367169 0.0455395 0.0539626 0.0611282 0.0663351 0.0692623 0.0699709 0.0687488 0.0659645 0.061994 0.0571885 0.0518493 0.04621 0.0404353 0.0346364 0.0288998 0.0233227 0.0180435 0.0132469 0.00913196 0.00585055
 0.00884405 0.014075 0.0206447 0.0283322 0.0368221 0.045628 0.0540215 0.0611466 0.0663038 0.0691765 0.0698345 0.0685792 0.0657914 0.0618505 0.0570984 0.0518175 0.0462233 0.0404715 0.0346761 0.0289333 0.0233498 0.0180686 0.0132736 0.00916026 0.00587764
 0.00888036 0.0141299 0.0207195 0.0284245 0.0369255 0.0457323 0.0541131 0.0612109 0.0663279 0.0691528 0.0697624 0.0684658 0.0656502 0.0617007 0.0569619 0.0517139 0.0461631 0.0404529 0.0346876 0.0289601 0.0233809 0.0180985 0.013301 0.00918502 0.00589906
 0.00883417 0.0140651 0.0206408 0.0283428 0.0368546 0.0456839 0.0540927 0.0612161 0.0663505 0.0691818 0.0697874 0.0684792 0.0656488 0.0616863 0.0569414 0.0516977 0.0461619 0.0404737 0.0347304 0.0290185 0.0234449 0.0181592 0.0133529 0.009226 0.00592932
 0.0088176 0.014046 0.0206268 0.0283462 0.0368897 0.0457621 0.0542174 0.0613804 0.0665367 0.0693647 0.0699393 0.0685756 0.0656748 0.0616402 0.0568342 0.0515499 0.0459981 0.0403168 0.0345974 0.0289177 0.0233764 0.0181177 0.0133309 0.00921648 0.00592687
 0.00893574 0.0142141 0.0208358 0.0285737 0.0371081 0.0459502 0.0543691 0.0615035 0.0666446 0.0694649 0.0700272 0.0686352 0.0656857 0.0615859 0.056709 0.0513615 0.045766 0.0400672 0.0343566 0.0287063 0.0232063 0.0179915 0.0132445 0.00916199 0.00589535
 0.009038 0.0143689 0.0210466 0.0288336 0.0373991 0.046244 0.0546305 0.0616976 0.0667483 0.0694764 0.0699669 0.0685351 0.065573 0.0614717 0.0565887 0.0512234 0.0456021 0.03988 0.0341588 0.0285158 0.0230395 0.0178587 0.0131481 0.00909821 0.00585694
 0.00893362 0.0142193 0.0208589 0.0286274 0.0372012 0.0460794 0.0545149 0.0616347 0.0667315 0.0694948 0.0700108 0.068601 0.0656637 0.0615917 0.0567366 0.0513878 0.0457637 0.040019 0.0342629 0.0285835 0.0230781 0.0178788 0.0131589 0.00910519 0.00586237
 0.0085903 0.0136789 0.0200809 0.0275927 0.0359231 0.0446164 0.05298 0.0601872 0.0655455 0.0687134 0.0697111 0.0687834 0.0662665 0.0625169 0.0578739 0.0526309 0.0470187 0.0412089 0.0353302 0.0294922 0.0238134 0.018444 0.0135705 0.00938758 0.00604352
 0.00868144 0.0137937 0.0201907 0.0276469 0.0358581 0.044374 0.0525263 0.0595273 0.0647294 0.0678321 0.0688816 0.0681234 0.0658657 0.0624166 0.0580627 0.0530559 0.0476039 0.0418728 0.0359988 0.0301075 0.0243373 0.0188592 0.0138773 0.00959872 0.00617846
 0.00868681 0.0138062 0.0202148 0.0276842 0.0359004 0.044396 0.0524826 0.0593614 0.0643935 0.0673128 0.0682158 0.0673972 0.0651944 0.0619134 0.0578088 0.0530809 0.047884 0.0423435 0.0365756 0.0307065 0.0248908 0.0193236 0.0142342 0.00985072 0.00634182
 0.00857789 0.0136464 0.0200066 0.0274422 0.0356479 0.0441583 0.0522794 0.0591989 0.06426 0.0671783 0.0680424 0.0671584 0.0648955 0.0616003 0.0575568 0.0529686 0.0479635 0.0426217 0.0370135 0.0312345 0.0254314 0.0198118 0.01463 0.010141 0.00653494
 0.00845565 0.0134537 0.0197289 0.0270723 0.0351908 0.0436355 0.0517323 0.058685 0.0638391 0.0668927 0.0679022 0.0671393 0.0649527 0.061691 0.0576627 0.0531039 0.0481651 0.0429254 0.0374302 0.0317398 0.0259721 0.0203258 0.0150666 0.010474 0.00676342
 0.0083494 0.0132956 0.0195178 0.0268151 0.0348989 0.0433197 0.0514003 0.0583453 0.0635062 0.0665914 0.0676634 0.0669898 0.0649031 0.0617314 0.0577691 0.0532542 0.0483524 0.0431599 0.0377274 0.0321023 0.0263794 0.0207378 0.0154387 0.0107733 0.00697809
 0.00822016 0.0131041 0.0192642 0.0265126 0.0345702 0.042991 0.0510959 0.0580831 0.0632957 0.0664332 0.0675525 0.0669219 0.0648794 0.0617576 0.0578498 0.0533879 0.0485335 0.0433835 0.0379924 0.0324073 0.0267145 0.0210798 0.0157562 0.0110382 0.0071752
 0.00801316 0.0127887 0.0188298 0.0259653 0.0339331 0.0423028 0.0504089 0.0574591 0.0627952 0.0661012 0.0674075 0.0669546 0.0650607 0.0620517 0.058224 0.0538173 0.0489995 0.0438719 0.0384911 0.0329043 0.0271953 0.0215252 0.0161444 0.0113508 0.00740449
 0.00762671 0.0122195 0.0180827 0.0250833 0.0329847 0.0413619 0.0495397 0.0567124 0.062212 0.0657143 0.0672393 0.0670114 0.0653296 0.0625013 0.0588106 0.0544939 0.0497238 0.04461 0.0392169 0.0335963 0.0278334 0.0220895 0.0166169 0.01172 0.00767003
 0.0072344 0.0116162 0.0172413 0.0240073 0.0317135 0.0399724 0.0481454 0.0554503 0.0612137 0.0650719 0.0669845 0.0671212 0.0657487 0.0631647 0.059656 0.0554633 0.0507625 0.0456676 0.0402485 0.0345638 0.0287047 0.022839 0.017227 0.0121847 0.00799733
#obs surv len freq
 nan nan nan nan nan nan nan nan nan nan nan nan nan nan nan nan nan nan nan nan nan nan nan nan nan
 0.00448202 0.0073422 0.0111712 0.0159869 0.0216876 0.0279637 0.0342786 0.0400109 0.0446913 0.048156 0.0505146 0.0520111 0.052904 0.0534168 0.0537315 0.0539867 0.0542655 0.0545584 0.0546972 0.0542892 0.0527272 0.0493591 0.0438086 0.0362882 0.0276714
 0.00461989 0.00756626 0.0115079 0.0164601 0.0223124 0.0287381 0.0351747 0.040972 0.0456395 0.0490068 0.0511928 0.0524622 0.0530994 0.0533552 0.0534342 0.0534903 0.053613 0.0537922 0.0538562 0.05341 0.0518485 0.0485239 0.0430613 0.0356666 0.0271963
 0.00477489 0.00782302 0.0119031 0.0170304 0.023087 0.0297259 0.0363519 0.0422772 0.0469817 0.0502812 0.0522976 0.0533102 0.0536263 0.0535243 0.0532392 0.0529535 0.052779 0.0527197 0.0526108 0.0520615 0.0504717 0.0471989 0.0418677 0.0346701 0.0264333
 0.00496199 0.00812826 0.0123648 0.0176857 0.0239657 0.0308404 0.0376852 0.0437767 0.048563 0.0518403 0.0537245 0.0545002 0.0544883 0.0539886 0.0532632 0.0525261 0.0519214 0.0514824 0.0510698 0.0503138 0.0486323 0.0453944 0.0402233 0.0332882 0.0253712
 0.00517324 0.00847295 0.0128859 0.0184242 0.024953 0.0320861 0.0391653 0.0454292 0.0502968 0.0535515 0.0553106 0.0558661 0.0555474 0.0546631 0.0534889 0.0522588 0.0511456 0.0502183 0.0493783 0.0482985 0.0464359 0.0431873 0.0381798 0.0315533 0.0240296
 0.00540819 0.00885726 0.0134686 0.0192524 0.0260626 0.0334878 0.0408294 0.0472813 0.0522283 0.0554413 0.0570447 0.0573477 0.0566975 0.0554165 0.0537892 0.0520581 0.0504098 0.0489393 0.0475899 0.0460902 0.0439584 0.0406409 0.0357824 0.029494 0.0224244
 0.00564318 0.00924466 0.0140617 0.0201043 0.027216 0.0349587 0.0425901 0.0492544 0.0542976 0.0574741 0.0589135 0.0589439 0.0579352 0.0562308 0.0541308 0.0518874 0.0496948 0.047663 0.0457675 0.0437924 0.0413275 0.0378872 0.0331502 0.0272059 0.0206249
 0.00588379 0.00963622 0.0146521 0.0209395 0.0283326 0.0363715 0.0442788 0.051156 0.0563129 0.0594838 0.0607953 0.0605849 0.0592392 0.0571214 0.0545503 0.0517931 0.0490549 0.046459 0.0440073 0.0415338 0.0387003 0.0350964 0.0304473 0.02483 0.0187395
 0.00612129 0.0100272 0.0152494 0.0217947 0.0294857 0.0378342 0.0460185 0.0530922 0.0583309 0.0614586 0.0626124 0.0621484 0.0604712 0.057958 0.0549392 0.051691 0.0484275 0.0452847 0.0422892 0.0393212 0.0361117 0.0323269 0.0277441 0.0224358 0.0168262
 0.00639024 0.0104669 0.0159158 0.022741 0.0307517 0.0394296 0.0479052 0.0551783 0.0604834 0.0635296 0.0644654 0.0636753 0.0615973 0.0586381 0.0551481 0.051413 0.0476492 0.0439962 0.0404968 0.0370698 0.0335101 0.0295578 0.0250438 0.0200405 0.0149069
 0.00661814 0.0108426 0.0164906 0.0235665 0.0318694 0.0408551 0.049612 0.0570911 0.0624878 0.0654928 0.0662573 0.0651827 0.0627319 0.0593394 0.0553818 0.0511646 0.0469156 0.042781 0.0388162 0.0349703 0.0310917 0.0269859 0.0225333 0.0178087 0.0131136
 0.00682627 0.011186 0.0170171 0.0243237 0.0328959 0.0421657 0.0511821 0.0588513 0.0643331 0.0673023 0.067913 0.0665818 0.0637921 0.0600004 0.0556053 0.0509316 0.0462223 0.041636 0.0372432 0.0330208 0.0288618 0.0246265 0.0202371 0.0157697 0.0114749
 0.00704985 0.0115485 0.0175607 0.0250871 0.0339069 0.0434295 0.0526696 0.0604939 0.0660317 0.0689448 0.0693929 0.067809 0.0646972 0.0605354 0.0557407 0.0506536 0.0455291 0.0405374 0.0357648 0.0312141 0.0268177 0.0224821 0.0181631 0.0139359 0.0100047
 0.0073011 0.0119593 0.0181825 0.0259669 0.0350753 0.0448832 0.0543553 0.0623067 0.0678334 0.0705954 0.070777 0.0688483 0.0653492 0.0607856 0.0555932 0.0501229 0.0446349 0.0393034 0.0342233 0.0294172 0.0248494 0.020464 0.0162432 0.0122583 0.00867105
 0.00744828 0.0122098 0.0185804 0.0265605 0.0359072 0.0459741 0.0556869 0.0638143 0.0694135 0.0721245 0.0721333 0.0699294 0.0660835 0.0611357 0.0555532 0.049709 0.0438756 0.038233 0.0328826 0.0278603 0.0231543 0.018737 0.0146097 0.0108378 0.00754622
 0.00752814 0.0123376 0.0187703 0.0268277 0.0362696 0.0464524 0.056301 0.0645759 0.070316 0.0731344 0.0731873 0.0709408 0.0669565 0.0617828 0.0559097 0.0497401 0.0435752 0.0376185 0.03199 0.0267434 0.0218877 0.0174166 0.0133444 0.00972924 0.00666446
 0.00757699 0.0124123 0.0188742 0.0269616 0.0364331 0.0466463 0.0565299 0.0648501 0.0706517 0.0735497 0.0736944 0.0715333 0.0675999 0.062414 0.0564476 0.0501035 0.0437011 0.0374733 0.0315737 0.0260885 0.0210559 0.0164934 0.0124267 0.00890725 0.00600172
 0.00765325 0.0125261 0.0190263 0.0271458 0.0366376 0.0468568 0.056733 0.0650358 0.0708171 0.0737027 0.0738535 0.0717229 0.0678396 0.0627056 0.056766 0.0503975 0.0439045 0.0375233 0.031429 0.0257419 0.0205379 0.0158663 0.0117711 0.00830196 0.00550447
 0.00773806 0.0126558 0.0192058 0.0273729 0.0369022 0.0471412 0.0570124 0.0652818 0.0710043 0.0738175 0.0738998 0.0717221 0.0678235 0.0627056 0.0568012 0.050465 0.0439764 0.0375533 0.0313677 0.0255559 0.0202237 0.0154542 0.011316 0.00786604 0.00513747
 0.00777046 0.0127142 0.0193037 0.0275251 0.0371195 0.0474228 0.0573401 0.0656206 0.0713105 0.0740517 0.0740376 0.0717598 0.0677771 0.0626049 0.0566804 0.0503517 0.0438817 0.0374672 0.0312634 0.0254026 0.0200028 0.0151705 0.0109979 0.00755423 0.00486943
 0.00782556 0.0127915 0.0193981 0.027626 0.0372162 0.0475118 0.0574288 0.0657235 0.0714394 0.0742051 0.074198 0.0718993 0.0678696 0.0626373 0.0566564 0.050288 0.0437983 0.0373768 0.0311656 0.0252858 0.0198539 0.0149858 0.0107891 0.00734496 0.00468498
 0.00786397 0.0128528 0.0194874 0.0277453 0.0373618 0.047672 0.0575841 0.0658517 0.0715253 0.0742477 0.0742109 0.0719008 0.0678713 0.0626379 0.0566459 0.0502566 0.0437431 0.0373016 0.0310753 0.0251819 0.0197343 0.0148497 0.0106421 0.0071997 0.0045566
 0.00788549 0.0128853 0.019532 0.0278015 0.0374286 0.0477481 0.0576673 0.0659379 0.071607 0.0743151 0.0742555 0.07192 0.0678699 0.0626253 0.0566296 0.0502385 0.0437193 0.0372667 0.0310258 0.0251168 0.0196541 0.014757 0.0105423 0.0071014 0.00446948
 0.00789736 0.0129021 0.0195526 0.0278234 0.0374486 0.0477634 0.0576774 0.0659443 0.0716133 0.0743252 0.0742717 0.071942 0.0678949 0.0626498 0.0566514 0.0502565 0.0437325 0.0372725 0.0310206 0.025097 0.0196187 0.0147074 0.0104834 0.00704029 0.00441367
 0.00789429 0.0128944 0.0195362 0.0277931 0.0373995 0.0476936 0.0575899 0.0658481 0.0715211 0.0742513 0.074228 0.0719357 0.067927 0.0627148 0.0567394 0.0503556 0.0438314 0.0373621 0.031094 0.0251495 0.019648 0.0147145 0.0104725 0.00701811 0.00438765
 0.00788346 0.0128748 0.0195031 0.0277406 0.0373224 0.0475893 0.0574608 0.0657027 0.0713732 0.0741179 0.0741262 0.0718796 0.0679247 0.0627668 0.0568384 0.0504882 0.0439812 0.0375125 0.0312311 0.0252634 0.0197333 0.0147704 0.0105023 0.00702816 0.00438563
 0.0078887 0.0128764 0.0194926 0.0277063 0.0372519 0.047475 0.0573041 0.0655152 0.0711744 0.07393 0.0739704 0.0717727 0.0678778 0.0627844 0.0569173 0.0506183 0.0441465 0.0376942 0.0314102 0.0254241 0.0198648 0.014868 0.0105671 0.00706578 0.00440375
 0.00788554 0.0128728 0.0194896 0.0277045 0.0372496 0.0474663 0.0572787 0.0654609 0.071083 0.0738028 0.0738204 0.0716217 0.0677502 0.0627003 0.0568886 0.0506472 0.0442261 0.0378108 0.0315461 0.0255611 0.0199876 0.0149668 0.0106384 0.00711147 0.00442941
 0.00787603 0.0128553 0.0194597 0.0276575 0.0371826 0.0473805 0.0571804 0.0653601 0.070989 0.0737202 0.0737487 0.0715586 0.0676966 0.0626627 0.0568774 0.0506717 0.0442905 0.0379112 0.0316716 0.0256964 0.0201168 0.0150774 0.0107234 0.00717013 0.00446553
 0.00785505 0.0128202 0.0194049 0.0275775 0.0370731 0.0472407 0.0570157 0.0651828 0.0708169 0.0735729 0.073642 0.0715011 0.067688 0.0626965 0.0569452 0.050767 0.0444095 0.0380504 0.0318251 0.0258544 0.0202671 0.0152084 0.0108273 0.00724465 0.00451372
 0.00782304 0.0127665 0.0193214 0.0274559 0.0369076 0.0470313 0.0567712 0.0649217 0.0705644 0.0733555 0.0734823 0.0714146 0.0676806 0.0627646 0.0570767 0.0509453 0.044617 0.0382722 0.0320485 0.0260686 0.0204618 0.0153743 0.0109585 0.0073399 0.0045766
 0.00779513 0.0127191 0.0192462 0.0273441 0.0367516 0.0468282 0.0565261 0.0646492 0.0702869 0.0730995 0.0732738 0.0712751 0.0676242 0.0627956 0.0571899 0.0511265 0.0448467 0.0385286 0.0323112 0.0263201 0.0206882 0.0155656 0.0111092 0.00744962 0.00464972
 0.00779404 0.0127151 0.019236 0.0273224 0.0367118 0.0467633 0.0564304 0.0645198 0.0701259 0.0729152 0.0730813 0.0710944 0.0674774 0.0627023 0.057163 0.0511697 0.044954 0.0386857 0.0324989 0.0265179 0.0208775 0.0157322 0.0112441 0.00754993 0.00471783
 0.00773543 0.0126246 0.0191088 0.0271575 0.0365126 0.0465375 0.0561901 0.0642813 0.0699066 0.0727306 0.0729423 0.0710071 0.0674448 0.0627262 0.0572443 0.0513074 0.0451427 0.0389148 0.0327523 0.0267759 0.0211205 0.0159439 0.0114143 0.00767572 0.00480284
 0.00768126 0.0125361 0.0189752 0.0269699 0.0362666 0.0462384 0.0558557 0.0639415 0.0695969 0.0724828 0.0727769 0.0709314 0.0674552 0.0628126 0.0573947 0.05151 0.0453867 0.0391886 0.0330421 0.0270651 0.0213912 0.01618 0.011605 0.00781727 0.00489892
 0.00766978 0.012511 0.0189254 0.026881 0.0361243 0.0460337 0.055591 0.0636326 0.0692714 0.0721744 0.0725192 0.0707512 0.0673681 0.0628216 0.0574915 0.0516795 0.0456108 0.0394494 0.033322 0.0273466 0.0216569 0.0164141 0.0117962 0.00796089 0.00499745
 0.0076685 0.0125112 0.0189293 0.0268904 0.0361378 0.0460436 0.0555821 0.0635852 0.0691692 0.0720127 0.0723099 0.0705213 0.067152 0.0626515 0.0573902 0.0516563 0.0456626 0.0395638 0.0334816 0.0275317 0.0218476 0.0165925 0.0119485 0.00807938 0.00508107
 0.00763974 0.0124686 0.0188731 0.026824 0.0360673 0.0459767 0.0555257 0.0635429 0.0691382 0.0719837 0.0722693 0.0704584 0.0670658 0.0625539 0.0573026 0.051602 0.0456586 0.039616 0.0335841 0.0276701 0.022003 0.0167459 0.012084 0.00818744 0.00515879
 0.00761354 0.0124264 0.0188107 0.0267384 0.0359588 0.0458501 0.0553921 0.0634184 0.0690397 0.0719227 0.0722476 0.0704667 0.0670889 0.0625774 0.0573197 0.0516167 0.0456829 0.0396632 0.0336622 0.0277775 0.0221296 0.0168765 0.0122038 0.00828551 0.00523079
 0.00758412 0.0123813 0.0187478 0.0266575 0.0358611 0.0457385 0.055271 0.0632949 0.0689237 0.0718263 0.0721821 0.0704396 0.0671004 0.06262 0.0573813 0.0516859 0.0457541 0.0397377 0.0337452 0.0278729 0.0222358 0.0169861 0.0123061 0.00837141 0.00529528
 0.00759416 0.0123922 0.0187544 0.0266518 0.0358349 0.0456867 0.0551948 0.0632014 0.0688234 0.0717297 0.0720978 0.0703742 0.0670586 0.0626044 0.0573914 0.0517175 0.0458008 0.0397942 0.033809 0.0279437 0.0223128 0.0170658 0.0123824 0.00843751 0.00534654
 0.00755948 0.0123442 0.0186972 0.0265935 0.0357842 0.0456479 0.0551647 0.063171 0.0687836 0.0716767 0.072036 0.0703139 0.0670116 0.0625798 0.0573931 0.051745 0.0458502 0.0398594 0.033884 0.0280235 0.0223937 0.0171439 0.0124535 0.00849736 0.00539248
 0.00753649 0.0123049 0.0186352 0.0265034 0.0356647 0.0455056 0.0550157 0.0630376 0.0686861 0.0716246 0.0720256 0.0703327 0.0670465 0.0626235 0.0574448 0.0518071 0.0459244 0.039945 0.0339773 0.0281196 0.022487 0.0172297 0.0125279 0.00855749 0.00543725
 0.007533 0.0122966 0.0186176 0.0264703 0.0356092 0.0454223 0.0549039 0.0629033 0.0685428 0.0714917 0.0719228 0.0702737 0.0670349 0.0626528 0.0575034 0.0518838 0.0460118 0.040039 0.0340751 0.0282179 0.0225815 0.0173157 0.0126012 0.00861573 0.00547986
 0.00751951 0.0122761 0.0185894 0.0264342 0.0355649 0.0453687 0.0548387 0.0628244 0.0684499 0.0713886 0.0718187 0.0701826 0.0669714 0.0626279 0.0575203 0.0519378 0.046093 0.0401365 0.0341796 0.0283223 0.0226802 0.017404 0.0126755 0.00867386 0.00552178
 0.00750186 0.0122483 0.0185491 0.0263802 0.0354977 0.0452907 0.0547547 0.0627406 0.068372 0.0713199 0.0717603 0.0701344 0.0669356 0.0626093 0.0575254 0.0519713 0.0461551 0.040222 0.0342798 0.0284274 0.0227817 0.017495 0.0127514 0.00873262 0.00556368
 0.00751487 0.0122695 0.0185809 0.0264243 0.0355539 0.045356 0.0548223 0.0628002 0.0684129 0.0713336 0.0717425 0.0700858 0.0668613 0.0625179 0.0574284 0.0518812 0.0460834 0.0401759 0.0342612 0.0284327 0.0228037 0.0175258 0.0127839 0.00876162 0.00558641
 0.00750038 0.0122499 0.0185589 0.026405 0.0355436 0.0453603 0.0548437 0.0628375 0.0684605 0.0713832 0.0717846 0.0701118 0.0668655 0.0624991 0.0573902 0.0518314 0.0460318 0.0401327 0.0342335 0.0284234 0.022811 0.0175445 0.0128075 0.00878467 0.00560537
 0.00747337 0.012205 0.0184899 0.0263069 0.0354152 0.0452075 0.0546817 0.0626892 0.0683504 0.0713289 0.0717913 0.0701718 0.066962 0.0626124 0.0575032 0.051933 0.0461179 0.0402048 0.0342965 0.0284818 0.022867 0.0175975 0.0128549 0.00882352 0.00563431
 0.00747337 0.012205 0.0184899 0.0263069 0.0354152 0.0452075 0.0546817 0.0626892 0.0683504 0.0713289 0.0717913 0.0701718 0.066962 0.0626124 0.0575032 0.051933 0.0461179 0.0402048 0.0342965 0.0284818 0.022867 0.0175975 0.0128549 0.00882352 0.00563431
 0.00713747 0.0116672 0.0176985 0.025226 0.0340397 0.0435828 0.0529199 0.0609654 0.0668705 0.0702789 0.071292 0.0702565 0.0675806 0.0636529 0.0588218 0.053384 0.0475765 0.0415786 0.0355259 0.029535 0.0237321 0.0182763 0.0133601 0.00917689 0.00586417
 0.00717078 0.0116837 0.0176527 0.0250504 0.0336594 0.0429408 0.0520029 0.0598173 0.0655904 0.0690056 0.0701806 0.069451 0.0671846 0.0637077 0.0592987 0.0541955 0.0486006 0.0426882 0.036612 0.0305187 0.0245665 0.0189423 0.0138597 0.00952737 0.00609238
 0.00713359 0.011638 0.0176087 0.0250191 0.0336398 0.0429048 0.0518886 0.0595428 0.0650869 0.0682562 0.0692426 0.0684497 0.0662814 0.063056 0.0590051 0.0542957 0.0490571 0.0434066 0.0374709 0.0313993 0.0253752 0.0196205 0.0143836 0.00990068 0.00633734
 0.00704279 0.011496 0.0174068 0.0247563 0.0333261 0.042563 0.0515506 0.0592378 0.0648229 0.0680084 0.068962 0.0680938 0.0658496 0.0626075 0.0586442 0.054133 0.0491659 0.0437965 0.0380861 0.0321414 0.0261351 0.0203075 0.0149419 0.010312 0.00661276
 0.00696009 0.0113606 0.0172018 0.0244666 0.0329436 0.0420935 0.0510207 0.058695 0.0643262 0.0676097 0.0686874 0.0679333 0.0657655 0.0625592 0.0586171 0.0541535 0.0492906 0.0440797 0.0385463 0.0327458 0.0268095 0.020964 0.0155079 0.010748 0.00691429
 0.00693637 0.0113193 0.017134 0.0243613 0.0327888 0.0418789 0.0507415 0.0583563 0.0639457 0.0672178 0.0683227 0.0676326 0.0655523 0.062436 0.0585706 0.0541698 0.0493717 0.0442461 0.0388224 0.0331365 0.0272862 0.0214695 0.0159774 0.0111327 0.00719355
 0.00691653 0.0112926 0.0171036 0.0243324 0.0327654 0.0418591 0.050715 0.0583051 0.0638497 0.0670631 0.0681088 0.0673757 0.0652819 0.0621863 0.0583701 0.0540363 0.0493139 0.0442708 0.0389377 0.033346 0.027578 0.0218106 0.0163212 0.0114344 0.00742568
 0.00682205 0.0111461 0.016897 0.0240649 0.032445 0.0415048 0.050356 0.0579769 0.0635844 0.0668786 0.0680034 0.0673331 0.0652817 0.0622154 0.058427 0.0541283 0.0494515 0.0444625 0.0391875 0.0336515 0.027927 0.0221788 0.0166748 0.0117401 0.00766164
 0.00679068 0.011092 0.01681 0.0239341 0.032262 0.0412682 0.0500763 0.0576769 0.0632953 0.0666321 0.0678231 0.0672284 0.0652477 0.062237 0.0584875 0.0542172 0.0495672 0.0446111 0.0393769 0.033885 0.0281983 0.0224701 0.0169601 0.011992 0.0078607
 0.00680448 0.0111121 0.0168355 0.0239614 0.0322839 0.0412741 0.0500527 0.0576111 0.06318 0.0664708 0.0676313 0.0670307 0.0650696 0.0620974 0.0583949 0.0541706 0.0495626 0.0446461 0.0394527 0.0340034 0.0283566 0.022657 0.017156 0.0121742 0.00801073
#pred catch len freq
 0.0039388 0.00626868 0.00921634 0.0127411 0.0168231 0.021437 0.0264862 0.0317733 0.0370364 0.0420083 0.0464556 0.0502025 0.0531497 0.0552856 0.0566793 0.0574686 0.0578465 0.058025 0.0581359 0.0580688 0.0573327 0.055106 0.0505824 0.0434908 0.0344415
 0.0041041 0.00647779 0.00942385 0.0128757 0.0168167 0.0212655 0.0261945 0.0314636 0.0368206 0.0419538 0.0465619 0.0504202 0.0534266 0.0556059 0.0570713 0.0579768 0.0584838 0.0587301 0.0587637 0.0584273 0.0572591 0.0545471 0.0496311 0.0423524 0.0333466
 0.00429319 0.00677731 0.00985524 0.0134414 0.0174861 0.0219632 0.026804 0.0318586 0.0369202 0.0417692 0.0461974 0.0500218 0.0531143 0.0554352 0.0570442 0.0580755 0.0586893 0.0590072 0.0590332 0.05856 0.0571157 0.0540465 0.048805 0.0413426 0.0323437
 0.00449404 0.00709333 0.0103127 0.0140609 0.0182824 0.0229389 0.0279355 0.0330767 0.0381 0.0427471 0.0468194 0.050206 0.0528882 0.0549219 0.0564042 0.0574433 0.0581383 0.0585452 0.0586113 0.0580878 0.0564903 0.0532013 0.0477552 0.0401944 0.0312515
 0.00471171 0.00743831 0.0108162 0.0147487 0.0191735 0.0240427 0.0292446 0.0345581 0.0396866 0.0443314 0.0482545 0.0513224 0.0535339 0.0550149 0.0559667 0.0565938 0.05704 0.0573408 0.057378 0.0568305 0.0551719 0.0517938 0.046285 0.0387541 0.0299679
 0.00499943 0.00788453 0.0114492 0.0155846 0.0202196 0.0253006 0.0307079 0.0362039 0.0414666 0.046166 0.0500312 0.0528996 0.0547531 0.0557255 0.056063 0.0560497 0.0559215 0.0557834 0.0555358 0.0548305 0.053099 0.0497125 0.0442737 0.0369188 0.0284204
 0.00532188 0.0083853 0.0121601 0.0165222 0.0213868 0.0266886 0.032294 0.0379486 0.0433127 0.0480415 0.0518511 0.0545647 0.0561481 0.0567215 0.0565315 0.0558891 0.0550884 0.0543126 0.0535369 0.0524603 0.0505299 0.0471143 0.0418094 0.0347388 0.0266418
 0.00561013 0.00884427 0.0128336 0.0174469 0.0225879 0.0281734 0.0340419 0.0399035 0.0453863 0.0501254 0.0538317 0.0563344 0.0576085 0.0577808 0.0570993 0.0558767 0.0544229 0.0529633 0.0515413 0.0499357 0.0476642 0.0441399 0.0389682 0.0322432 0.0246367
 0.00588103 0.00927225 0.0134565 0.0182964 0.0236908 0.0295494 0.0356951 0.0418105 0.0474854 0.052315 0.0559792 0.0582941 0.0592439 0.0589793 0.0577748 0.0559619 0.0538627 0.0517215 0.0496236 0.0474194 0.0447154 0.0410034 0.035927 0.0295575 0.0224837
 0.00618511 0.00974518 0.0141297 0.0191888 0.0248114 0.0308997 0.0372674 0.0435813 0.0494101 0.0543247 0.0579808 0.0601733 0.0608739 0.0602343 0.0585438 0.0561566 0.0534189 0.0506005 0.0478241 0.0450012 0.0418241 0.0378744 0.0328522 0.0268184 0.0202799
 0.00652618 0.0102759 0.014885 0.0201876 0.0260571 0.0323807 0.0389536 0.0454209 0.0513308 0.0562421 0.0598072 0.061823 0.0622635 0.0612816 0.0591668 0.0562762 0.0529642 0.0495191 0.0460987 0.0426745 0.0390234 0.0348196 0.029827 0.0241066 0.0180888
