SBPRF35
12.7214
Curr Bio
624016
B35
886282
F35
0.173199
FOFL
0.117404
OFL
60020.6
Bzero
3.63469e+006
#pred survey bio
 3.42386e+006 3.31618e+006 3.22488e+006 3.09495e+006 2.92264e+006 2.72914e+006 2.48222e+006 2.25458e+006 2.0436e+006 1.84496e+006 1.64752e+006 1.44586e+006 1.26316e+006 1.11061e+006 959820 855908 772106 699219 649659 602096 578751 553106 528064 520603 511057 504142 500785 508225 505163 510762 520222 519087 538368 548227 566097 582275 588391 594489 597650 611505 613367 615809 622649 633994 627918 630926 627563 628018 627791 627649 2.16512e+007 1.35626e+007 1.44426e+007 1.58961e+007 1.76828e+007 1.95386e+007 2.12803e+007 2.28077e+007 2.40855e+007 2.51194e+007 2.59363e+007 2.6571e+007 2.70586e+007 2.74306e+007 2.77133e+007 2.79277e+007 2.80905e+007 2.82143e+007 2.83088e+007 2.83812e+007 2.8437e+007 2.84801e+007 2.85136e+007 2.85398e+007 2.85604e+007 2.85766e+007 2.85895e+007 2.85997e+007 2.86078e+007 2.86143e+007 2.86195e+007 2.86237e+007 2.86271e+007 2.86298e+007 2.8632e+007 2.86338e+007 2.86353e+007 2.86365e+007 2.86375e+007 2.86383e+007 2.86389e+007 2.86394e+007 2.86399e+007 2.86402e+007 2.86405e+007 2.86407e+007 2.86409e+007 2.86411e+007 2.86412e+007 2.86413e+007 2.86414e+007 2.86415e+007 2.86415e+007 2.86416e+007 2.86416e+007 2.86416e+007 2.86417e+007 2.86417e+007 2.86417e+007 2.86417e+007 2.86417e+007 2.86417e+007 2.86417e+007 2.86418e+007 2.86418e+007 2.86418e+007 2.86418e+007 2.86418e+007 2.86418e+007 2.86418e+007 2.86418e+007 2.86418e+007 2.86418e+007 2.86418e+007 2.86418e+007 2.86418e+007 2.86418e+007 2.86418e+007 2.86418e+007 2.86418e+007 2.86418e+007 2.86418e+007 2.86418e+007 2.86418e+007 2.86418e+007 2.86418e+007 2.86418e+007 2.86418e+007 2.86418e+007 2.86418e+007 2.86418e+007 2.86418e+007 2.86418e+007 2.86418e+007 2.86418e+007 2.86418e+007 2.86418e+007 2.86418e+007 2.86418e+007 2.86418e+007 0 0 0 0 0 0 0 0 0 0 0 0 0 0 0 0 0 0 0 0 0 0 0 0 0
#obs survey bio
 4.00084e+006 2.2975e+006 3.55459e+006 3.44178e+006 2.45639e+006 3.19201e+006 2.74558e+006 1.79893e+006 2.17327e+006 2.30756e+006 1.42845e+006 1.16152e+006 1.10911e+006 1.16975e+006 1.02552e+006 975698 717624 521235 649332 484647 568562 519682 471282 418408 388301 382183 389917 638978 481700 485595 435003 433713 593163 466730 774364 600497 547675 707761 467779 533870 506713 842181 431114 445426 654253 607305 805919 927321 536947 614969
#pred catch bio
 99238 91631.2 138048 189879 224449 289254 287737 288220 291064 301293 313077 300407 274562 270520 225595 204204 189969 164846 157986 133222 131892 127782 110639 111465 108619 105335 96450.9 105309 98168.9 96106.7 105529 88882.3 97649.9 91113.6 92665.2 100544 99598.8 101552 93215.1 104778 104979 101981 99387.5 114434 105804 110342 106116 106432 106868 114569 60020.6 89964.5 94732 103283 114676 126672 137849 147509 155432 161686 166484 170083 172737 174668 176059 177051 177754 178250 178598 178842 179011 179129 179211 179268 179308 179335 179354 179367 179375 179382 179386 179389 179391 179392 179393 179394 179394 179394 179395 179395 179395 179395 179395 179395 179395 179395 179395 179395 179395 179395 179395 179395 179395 179395 179395 179395 179395 179395 179395 179395 179395 179395 179395 179395 179395 179395 179395 179395 179395 179395 179395 179395 179395 179395 179395 179395 179395 179395 179395 179395 179395 179395 179395 179395 179395 179395 179395 179395 179395 179395 179395 179395 179395 179395 179395 179395 179395 179395 179395 179395 0 0 0 0 0 0 0 0 0 0 0 0 0 0 0 0 0 0 0 0 0 0 0 0 0
#obs catch bio
 0 91345.8 138201 190319 225026 291042 288282 289386 292696 301982 314671 303977 277584 273198 227551 204838 191134 166100 158299 133729 132300 128325 110811 111725 109145 106369 97169.8 105710 98634.9 96586.7 106926 89508.6 98292.7 91570.1 92611.1 100294 99328.6 100892 92788.5 104586 105334 101785 99387.5 115078 105922 110350 105897 105739 106780 114642
#pred cpue bio
 3.38148e+006 3.27467e+006 3.183e+006 3.05248e+006 2.88022e+006 2.68683e+006 2.44065e+006 2.21355e+006 2.00293e+006 1.80486e+006 1.60833e+006 1.40794e+006 1.22686e+006 1.07612e+006 927494 825206 742933 671605 623433 577266 554687 529901 505635 498425 489055 482181 478886 486295 483397 488760 497903 496858 515910 525823 543620 559857 566125 572278 575379 588729 590293 592602 599295 610340 604489 607689 604605 605178 604843 604413 2.08416e+007 1.30646e+007 1.3803e+007 1.51079e+007 1.68496e+007 1.86964e+007 2.04365e+007 2.19637e+007 2.32415e+007 2.42754e+007 2.50922e+007 2.5727e+007 2.62146e+007 2.65866e+007 2.68692e+007 2.70837e+007 2.72464e+007 2.73703e+007 2.74648e+007 2.75372e+007 2.75929e+007 2.76361e+007 2.76696e+007 2.76958e+007 2.77164e+007 2.77326e+007 2.77455e+007 2.77556e+007 2.77638e+007 2.77703e+007 2.77755e+007 2.77797e+007 2.77831e+007 2.77858e+007 2.7788e+007 2.77898e+007 2.77913e+007 2.77925e+007 2.77934e+007 2.77942e+007 2.77949e+007 2.77954e+007 2.77958e+007 2.77962e+007 2.77965e+007 2.77967e+007 2.77969e+007 2.77971e+007 2.77972e+007 2.77973e+007 2.77974e+007 2.77975e+007 2.77975e+007 2.77976e+007 2.77976e+007 2.77976e+007 2.77977e+007 2.77977e+007 2.77977e+007 2.77977e+007 2.77977e+007 2.77977e+007 2.77977e+007 2.77977e+007 2.77977e+007 2.77977e+007 2.77978e+007 2.77978e+007 2.77978e+007 2.77978e+007 2.77978e+007 2.77978e+007 2.77978e+007 2.77978e+007 2.77978e+007 2.77978e+007 2.77978e+007 2.77978e+007 2.77978e+007 2.77978e+007 2.77978e+007 2.77978e+007 2.77978e+007 2.77978e+007 2.77978e+007 2.77978e+007 2.77978e+007 2.77978e+007 2.77978e+007 2.77978e+007 2.77978e+007 2.77978e+007 2.77978e+007 2.77978e+007 2.77978e+007 2.77978e+007 2.77978e+007 2.77978e+007 2.77978e+007 2.77978e+007 0 0 0 0 0 0 0 0 0 0 0 0 0 0 0 0 0 0 0 0 0 0 0 0 0
#obs cpue bio
 3.06341e+006 3.04735e+006 3.33506e+006 2.382e+006 2.4254e+006 2.2671e+006 2.8675e+006 2.1482e+006 1.56561e+006 1.92922e+006 1.55057e+006 1.03525e+006 1.21355e+006 1.10545e+006 717231 907908 663623 689351 861646 535853 603220 522241 550039 616353 512578 427416 530044 545304 394642 441295 384840 524904 576197 535979 609000 702601 605432 745726 580730 665554 454942 641054 667860 699003 638140 761910 527456 626919 453355 602104
#pred surv len freq
 0.004363 0.00712631 0.010808 0.0154241 0.0208936 0.0269587 0.0331556 0.0389278 0.0438296 0.0476664 0.0504792 0.0524345 0.0537243 0.0545161 0.0549384 0.0550839 0.0550225 0.0548014 0.0543994 0.0536314 0.0520696 0.0491036 0.0442108 0.0373333 0.0290982
 0.0046983 0.00758638 0.0113462 0.0159524 0.0213171 0.0272247 0.0332842 0.0389975 0.0439241 0.047817 0.0506441 0.0525282 0.0536751 0.0543149 0.0546502 0.0548184 0.0548793 0.0548159 0.0545158 0.0537192 0.0519823 0.0487514 0.0436075 0.0365888 0.028361
 0.00477044 0.00776168 0.0117107 0.0166046 0.0223229 0.0285592 0.0347995 0.040454 0.0450831 0.0485392 0.0509281 0.0524675 0.0533783 0.0538533 0.0540609 0.0541385 0.0541672 0.0541349 0.0538948 0.0531274 0.0513443 0.0479996 0.0427351 0.0356654 0.0274995
 0.00491641 0.00797944 0.0120078 0.01699 0.0228231 0.0292307 0.0357187 0.0416742 0.0465742 0.0501525 0.0524238 0.0536023 0.0539981 0.0539339 0.0536801 0.0534184 0.0532285 0.0530781 0.0527917 0.0520132 0.0502204 0.0468562 0.0415863 0.0345674 0.0265348
 0.00508992 0.0082667 0.0124481 0.0176191 0.0236625 0.0302748 0.0369303 0.0429961 0.0479523 0.0515478 0.0537958 0.0548728 0.0550349 0.0545793 0.0538133 0.0530052 0.052328 0.0518084 0.0512844 0.0503807 0.0485457 0.0452044 0.0400225 0.0331666 0.0253704
 0.00523523 0.00851172 0.0128339 0.0181917 0.024465 0.0313344 0.0382415 0.0445106 0.0495826 0.0531857 0.0553359 0.056229 0.0561378 0.0553592 0.0541883 0.052894 0.051683 0.0506463 0.0496905 0.048487 0.046501 0.0431537 0.0380997 0.0314867 0.0240156
 0.00551349 0.00895002 0.0134683 0.0190489 0.0255617 0.0326738 0.0398068 0.0462572 0.0514354 0.0550438 0.0570833 0.0577495 0.05733 0.0561458 0.054514 0.0527153 0.0509656 0.0493786 0.0479067 0.0462846 0.0440383 0.0406282 0.0357147 0.0294157 0.0223702
 0.00579675 0.00940743 0.0141504 0.0199994 0.0268076 0.0342121 0.0415917 0.0481997 0.0534202 0.0569544 0.0588202 0.0592319 0.0584893 0.0569187 0.0548418 0.0525466 0.0502605 0.0481161 0.0461013 0.0440075 0.0414323 0.0379005 0.0331025 0.0271331 0.020558
 0.0060207 0.00978064 0.0147294 0.0208431 0.0279668 0.0357104 0.0434056 0.0502496 0.0555794 0.0590732 0.060753 0.0608588 0.0597248 0.0577098 0.0551558 0.0523582 0.049545 0.0468545 0.0442986 0.0417185 0.0387844 0.0350958 0.0303878 0.0247429 0.0186534
 0.00625661 0.0101605 0.0152954 0.0216353 0.0290197 0.0370453 0.0450192 0.0521024 0.0575924 0.0611324 0.062722 0.0625964 0.0611052 0.0586381 0.055574 0.0522385 0.048877 0.0456376 0.0425482 0.0394883 0.0361916 0.0323313 0.0276935 0.0223561 0.0167428
 0.00649817 0.0105584 0.0159037 0.0225069 0.0301954 0.0385368 0.046793 0.0540769 0.0596516 0.0631504 0.0645819 0.0641963 0.0623569 0.0594662 0.0559185 0.0520591 0.0481538 0.0443706 0.0407608 0.0372407 0.0336008 0.0295813 0.0250167 0.0199837 0.0148414
 0.00670505 0.0109124 0.0164693 0.023356 0.0313921 0.0401139 0.0487264 0.0562748 0.0619661 0.0654061 0.0666086 0.0658549 0.0635523 0.0601473 0.056067 0.0516748 0.0472444 0.0429504 0.0388598 0.0349218 0.0309796 0.0268346 0.0223652 0.017645 0.0129722
 0.00690025 0.0112334 0.0169608 0.0240658 0.0323667 0.0413877 0.0503071 0.0581284 0.0640101 0.0675128 0.0686193 0.0676036 0.0648937 0.0609791 0.0563392 0.051382 0.0464096 0.0416111 0.0370652 0.032745 0.0285347 0.0242864 0.0199151 0.01549 0.0112526
 0.00708168 0.011528 0.0174039 0.0246913 0.0332024 0.0424476 0.0515825 0.0595839 0.0655868 0.0691356 0.0702016 0.0690488 0.0660976 0.061839 0.0567687 0.0513252 0.0458471 0.0405582 0.0355676 0.0308791 0.0264148 0.0220673 0.0177785 0.0136102 0.00975265
 0.00734451 0.0119533 0.0180398 0.0255795 0.0343685 0.0438865 0.053244 0.0613702 0.0673684 0.0707799 0.0715992 0.0701262 0.0668151 0.0621794 0.0567241 0.0508896 0.0450179 0.0393436 0.0339979 0.0290165 0.0243606 0.019961 0.0157816 0.0118736 0.008379
 0.00751715 0.0122268 0.0184389 0.0261247 0.0350753 0.0447626 0.0542833 0.0625454 0.0686276 0.0720485 0.072789 0.0711484 0.0675947 0.0626644 0.0568866 0.0507191 0.0445138 0.0385126 0.0328596 0.0276153 0.022776 0.0183083 0.0141975 0.0104868 0.00727775
 0.00762001 0.0124024 0.0187182 0.0265407 0.0356545 0.045513 0.0551842 0.063547 0.0696628 0.0730497 0.0736992 0.0719218 0.0681923 0.0630509 0.0570323 0.0506041 0.0441291 0.037861 0.0319574 0.0264985 0.0215074 0.0169802 0.0129204 0.00936622 0.00638668
 0.00767806 0.0125054 0.0188899 0.0268101 0.0360514 0.0460589 0.0558822 0.0643743 0.0705697 0.0739667 0.0745497 0.0726368 0.0687218 0.063368 0.0571283 0.0504798 0.0437891 0.0373124 0.0312144 0.0255893 0.0204817 0.0159103 0.0118938 0.00846637 0.00567157
 0.00774932 0.012601 0.0189975 0.0269093 0.0361238 0.0461031 0.0559231 0.0644597 0.0707531 0.0742841 0.0750023 0.073188 0.0693071 0.0639127 0.0575647 0.0507578 0.0438788 0.0372018 0.0309074 0.0251064 0.0198627 0.0152152 0.0111954 0.00783561 0.0051601
 0.00789992 0.0128356 0.0193297 0.0273402 0.0366371 0.0466612 0.0564674 0.0649229 0.0710814 0.0744604 0.0750533 0.0731685 0.0692709 0.063888 0.057546 0.0507144 0.0437715 0.0369975 0.0305882 0.024674 0.0193399 0.0146438 0.0106293 0.00732834 0.00475067
 0.00789409 0.0128272 0.0193196 0.0273308 0.0366332 0.0466693 0.0564949 0.0649742 0.071155 0.0745486 0.0751472 0.0732656 0.0693796 0.0640224 0.057714 0.0509059 0.0439557 0.0371322 0.0306338 0.0246075 0.0191626 0.0143813 0.0103242 0.00702792 0.00449328
 0.00795971 0.0129255 0.0194519 0.0274926 0.0368152 0.0468598 0.0566811 0.0651438 0.0712966 0.0746529 0.0752079 0.0732808 0.069353 0.0639653 0.0576433 0.0508386 0.0438998 0.0370806 0.0305669 0.0245025 0.0190063 0.014178 0.0100951 0.00680303 0.00429971
 0.00812177 0.0131676 0.0197761 0.0278856 0.0372511 0.0473048 0.0570984 0.0654969 0.071554 0.0747936 0.0752257 0.0731845 0.0691626 0.0637071 0.0573458 0.0505294 0.0436018 0.0368076 0.0303206 0.0242752 0.0187871 0.0139614 0.00988573 0.00661314 0.00414267
 0.00819978 0.0132811 0.0199219 0.0280511 0.0374167 0.0474487 0.0572016 0.0655474 0.0715501 0.0747451 0.0751513 0.0731055 0.069095 0.0636568 0.05731 0.0505006 0.0435731 0.0367745 0.03028 0.0242235 0.0187206 0.0138792 0.00979208 0.00651767 0.00405674
 0.00828132 0.013414 0.0201213 0.0283285 0.0377735 0.0478691 0.0576473 0.0659612 0.0718699 0.0749234 0.0751698 0.0729774 0.0688576 0.0633565 0.0569895 0.0501906 0.0432907 0.0365256 0.030064 0.0240366 0.0185581 0.013737 0.00966866 0.00641382 0.00397439
 0.00827547 0.0134152 0.020143 0.0283908 0.0378984 0.0480732 0.0579333 0.0663124 0.0722502 0.0752823 0.0754533 0.0731418 0.0688814 0.0632466 0.0567763 0.0499167 0.0429974 0.0362438 0.0298115 0.0238198 0.0183768 0.013588 0.0095484 0.00631967 0.00390419
 0.00823427 0.0133505 0.020051 0.028272 0.0377609 0.0479354 0.0578249 0.0662693 0.0723029 0.0754426 0.0757054 0.0734442 0.0691787 0.0634868 0.0569258 0.0499674 0.0429638 0.0361537 0.0296941 0.023698 0.0182643 0.013491 0.0094686 0.00625687 0.00385737
 0.00819413 0.013271 0.0199059 0.02803 0.0373964 0.0474441 0.0572372 0.065653 0.0717501 0.0750463 0.0755345 0.0735258 0.0694917 0.0639686 0.0574909 0.0505308 0.0434616 0.0365526 0.0299889 0.0239018 0.0183969 0.0135718 0.00951345 0.00627808 0.00386443
 0.00831379 0.0134518 0.0201506 0.0283279 0.0377203 0.0477501 0.0574688 0.0657519 0.0716762 0.0747977 0.075156 0.0730972 0.0691014 0.0636839 0.0573391 0.0504983 0.0435074 0.0366285 0.0300576 0.0239443 0.0184111 0.0135652 0.00949605 0.00625804 0.00384667
 0.00831369 0.0134572 0.0201686 0.0283677 0.0377898 0.0478501 0.057588 0.0658655 0.0717507 0.0748004 0.0750672 0.0729215 0.0688703 0.0634485 0.0571532 0.0503984 0.0435011 0.0366957 0.0301627 0.0240525 0.0184992 0.0136247 0.00952946 0.00627293 0.00385092
 0.00816959 0.0132472 0.0198984 0.0280593 0.0374774 0.0475714 0.057376 0.065743 0.0717261 0.074865 0.0751959 0.0730787 0.0690224 0.0635764 0.0572579 0.0504975 0.0436159 0.0368382 0.0303285 0.0242237 0.0186547 0.0137491 0.00961751 0.00632826 0.00388183
 0.00814588 0.0132046 0.0198278 0.0279525 0.0373325 0.0473993 0.0572033 0.0656074 0.0716627 0.0748907 0.0753014 0.0732324 0.0691832 0.0637085 0.057342 0.0505344 0.0436227 0.0368382 0.0303406 0.0242549 0.0187001 0.0137977 0.00965929 0.00635815 0.00389992
 0.00799277 0.0129548 0.019451 0.0274225 0.0366356 0.0465471 0.0562454 0.0646342 0.0707931 0.0742463 0.074976 0.0732675 0.0695583 0.0643488 0.0581415 0.0513857 0.0444408 0.0375718 0.0309683 0.0247743 0.0191164 0.0141183 0.00989306 0.00651711 0.00399942
 0.00788718 0.0127957 0.0192339 0.0271487 0.0363081 0.0461655 0.0558053 0.0641341 0.0702461 0.0736904 0.0744755 0.0729012 0.0693974 0.0644324 0.0584624 0.0518921 0.045054 0.0382103 0.0315673 0.0252941 0.0195404 0.0144453 0.0101312 0.00667948 0.00410196
 0.00773733 0.0125527 0.0188705 0.0266438 0.0356546 0.0453813 0.0549401 0.0632651 0.0694589 0.0730562 0.074038 0.0726799 0.0693993 0.0646597 0.0589089 0.0525325 0.0458376 0.0390648 0.0324137 0.0260644 0.0201896 0.0149545 0.0105033 0.00693244 0.00426104
 0.00766822 0.0124319 0.0186728 0.02634 0.0352175 0.044796 0.0542158 0.0624421 0.0686063 0.0722604 0.0733851 0.0722383 0.0692079 0.0647266 0.0592176 0.0530505 0.0465198 0.0398537 0.0332415 0.026861 0.0208952 0.0155305 0.0109367 0.0072326 0.00445194
 0.00763794 0.01239 0.0186221 0.0262843 0.035156 0.0447169 0.0540929 0.0622407 0.0682973 0.0718374 0.0728752 0.0717005 0.0687187 0.0643605 0.0590292 0.0530649 0.0467318 0.0402317 0.0337341 0.0274055 0.0214281 0.0159999 0.0113111 0.0075035 0.00462976
 0.00770432 0.012474 0.0187053 0.0263363 0.0351451 0.044624 0.0539218 0.0620138 0.0680412 0.0715672 0.0725901 0.0713942 0.0683963 0.064049 0.0587746 0.0529173 0.0467276 0.0403814 0.0340186 0.0277816 0.0218401 0.016393 0.0116444 0.00775646 0.00480216
 0.00783918 0.0126793 0.0189866 0.0266852 0.0355362 0.0450144 0.0542539 0.0622269 0.0680892 0.0714356 0.0723 0.0709903 0.0679283 0.06356 0.0583016 0.0524978 0.0464001 0.0401779 0.0339534 0.0278439 0.0219958 0.0165956 0.0118486 0.00792998 0.00493016
 0.00782367 0.0126646 0.0189835 0.0267095 0.0356036 0.045132 0.0544132 0.0624014 0.06824 0.0715224 0.0722941 0.0708836 0.0677351 0.0633105 0.0580321 0.0522428 0.0461894 0.0400364 0.0338979 0.0278779 0.0221057 0.0167528 0.0120182 0.00808215 0.00504758
 0.00775897 0.0125845 0.0189096 0.0266783 0.0356569 0.0453025 0.0547099 0.0628026 0.0686967 0.0719676 0.0726565 0.0711029 0.0677763 0.0631722 0.0577459 0.0518626 0.0457773 0.0396494 0.0335796 0.0276535 0.0219801 0.0167122 0.0120361 0.00812885 0.00509885
 0.00776835 0.0125834 0.0188796 0.0265972 0.0355114 0.0451035 0.0545017 0.0626545 0.0686763 0.0721098 0.0729452 0.0714755 0.0681469 0.0634613 0.0579026 0.0518752 0.0456697 0.0394685 0.033379 0.0274785 0.0218583 0.0166505 0.0120245 0.00814837 0.00513013
 0.0077872 0.0126091 0.018908 0.0266184 0.0355089 0.0450562 0.0543898 0.0624708 0.068439 0.0718671 0.0727642 0.0714158 0.0682318 0.063665 0.0581621 0.0521176 0.0458414 0.0395506 0.0333853 0.027442 0.0218137 0.0166215 0.0120193 0.0081623 0.00515307
 0.00761137 0.0123596 0.0185997 0.0262871 0.0352003 0.0448077 0.0542162 0.0623621 0.0683703 0.0718154 0.0727232 0.0714016 0.0682769 0.0637997 0.0583943 0.0524232 0.046172 0.039854 0.0336265 0.027612 0.0219249 0.0166949 0.0120728 0.00820555 0.00518852
 0.00757473 0.0122964 0.0184997 0.0261435 0.035017 0.0446068 0.0540399 0.0622607 0.0683792 0.0719335 0.0729088 0.0715923 0.068421 0.0638797 0.0584276 0.0524434 0.0462049 0.0399045 0.0336823 0.027657 0.0219508 0.0167043 0.0120741 0.00820619 0.0051917
 0.00753872 0.0122295 0.0183835 0.0259559 0.0347379 0.0442282 0.0535762 0.0617552 0.0679002 0.0715594 0.0727053 0.0715896 0.0686032 0.0641933 0.0588058 0.0528314 0.0465715 0.0402379 0.0339777 0.0279091 0.0221544 0.0168579 0.0121825 0.00827833 0.00523752
 0.00754709 0.0122441 0.0184062 0.0259863 0.0347699 0.0442465 0.053556 0.0616681 0.0677269 0.0713038 0.0724012 0.0712944 0.0683786 0.0640827 0.0588195 0.0529477 0.0467516 0.0404426 0.0341785 0.0280891 0.0223049 0.0169756 0.0122682 0.00833633 0.00527413
 0.00767358 0.0124172 0.018607 0.0261778 0.0349084 0.0442987 0.0535115 0.061539 0.067536 0.0710717 0.0721417 0.0710207 0.0681121 0.0638552 0.058665 0.0528884 0.046788 0.0405542 0.0343331 0.028255 0.0224582 0.0171027 0.0123644 0.00840325 0.00531696
 0.00776345 0.0125685 0.0188418 0.0265136 0.0353461 0.0448091 0.054029 0.0619724 0.0677986 0.0711134 0.0719655 0.0706736 0.0676612 0.0633666 0.058194 0.0524776 0.0464658 0.0403319 0.0342041 0.0281988 0.022449 0.017117 0.0123856 0.00842251 0.00533101
 0.00766689 0.0124451 0.0187188 0.0264386 0.0353764 0.0449915 0.0543796 0.062465 0.0683651 0.0716579 0.0723882 0.0708994 0.0676616 0.0631646 0.0578505 0.0520682 0.0460594 0.0399786 0.0339305 0.0280097 0.0223329 0.0170546 0.0123569 0.00841169 0.00532816
#obs surv len freq
 nan nan nan nan nan nan nan nan nan nan nan nan nan nan nan nan nan nan nan nan nan nan nan nan nan
 0.0044791 0.00733798 0.0111658 0.0159809 0.0216816 0.0279582 0.0342742 0.0400076 0.0446893 0.048155 0.0505146 0.052012 0.0529056 0.0534191 0.0537343 0.0539899 0.054269 0.0545621 0.054701 0.054293 0.0527309 0.0493627 0.0438117 0.0362908 0.0276734
 0.0046133 0.00755639 0.0114947 0.016444 0.0222945 0.0287199 0.0351579 0.0409581 0.04563 0.0490021 0.0511929 0.052466 0.0531061 0.0533637 0.0534438 0.0535006 0.0536237 0.0538033 0.0538674 0.0534213 0.0518595 0.0485342 0.0430705 0.0356742 0.0272021
 0.00478026 0.00782943 0.0119085 0.0170317 0.0230808 0.0297105 0.0363281 0.0422485 0.0469531 0.0502571 0.052281 0.0533019 0.0536255 0.0535294 0.0532482 0.0529649 0.0527918 0.0527333 0.0526247 0.0520754 0.0504853 0.0472116 0.041879 0.0346795 0.0264405
 0.00496429 0.00813221 0.0123709 0.0176943 0.023976 0.03085 0.0376902 0.0437727 0.0485471 0.0518129 0.05369 0.0544652 0.0544594 0.0539695 0.0532551 0.0525276 0.05193 0.0514957 0.0510858 0.0503311 0.0486497 0.045411 0.0402381 0.0333005 0.0253806
 0.00518093 0.00848627 0.0129074 0.0184566 0.0249984 0.0321448 0.0392341 0.0455015 0.0503631 0.0536017 0.055337 0.0558655 0.0555223 0.0546205 0.0534374 0.0522062 0.0510965 0.0501745 0.0493393 0.0482633 0.0464037 0.0431582 0.0381545 0.0315325 0.0240138
 0.00540569 0.00885324 0.0134628 0.019245 0.0260546 0.0334815 0.0408284 0.0472895 0.0522483 0.0554725 0.0570825 0.0573844 0.0567252 0.0554294 0.0537864 0.052043 0.0503879 0.0489164 0.0475694 0.0460737 0.0439456 0.0406311 0.0357749 0.0294883 0.0224202
 0.00564752 0.00925008 0.0140669 0.020107 0.0272138 0.03495 0.0425754 0.0492364 0.054281 0.0574641 0.0589145 0.058957 0.0579578 0.0562569 0.0541534 0.0519012 0.0496982 0.0476579 0.0457577 0.0437818 0.0413185 0.0378807 0.0331459 0.0272032 0.0206233
 0.00589958 0.00966147 0.0146892 0.0209897 0.0283954 0.0364436 0.0443532 0.0512236 0.0563645 0.0595134 0.0608025 0.0605742 0.0592175 0.0570945 0.0545212 0.0517613 0.0490184 0.0464163 0.043959 0.0414824 0.0386494 0.0350495 0.030407 0.0247977 0.0187156
 0.00613465 0.0100505 0.0152872 0.0218522 0.0295668 0.0379398 0.0461441 0.0532272 0.0584606 0.0615674 0.0626874 0.0621828 0.0604651 0.0579178 0.0548743 0.0516109 0.0483391 0.0451918 0.0421938 0.0392253 0.0360183 0.0322402 0.0276684 0.0223742 0.0167802
 0.00636268 0.0104262 0.0158623 0.0226785 0.0306871 0.039372 0.0478651 0.0551652 0.0605038 0.0635837 0.0645462 0.0637696 0.0616899 0.0587161 0.0552038 0.0514451 0.0476606 0.0439919 0.0404815 0.0370474 0.0334836 0.0295303 0.0250182 0.0200188 0.0148905
 0.00661835 0.0108394 0.0164797 0.0235421 0.0318269 0.0407943 0.0495393 0.0570194 0.0624328 0.065468 0.0662696 0.0652304 0.0628058 0.0594256 0.0554655 0.051234 0.0469642 0.0428078 0.0388241 0.0349643 0.0310768 0.0269668 0.0225137 0.0177913 0.0130998
 0.00683471 0.0111996 0.0170368 0.0243496 0.0329259 0.0421947 0.0512024 0.0588547 0.0643148 0.0672646 0.0678663 0.0665404 0.0637685 0.0600004 0.055626 0.0509639 0.0462547 0.0416594 0.0372528 0.0330165 0.0288466 0.0246052 0.0202143 0.015749 0.0114584
 0.00707183 0.0115834 0.0176116 0.025156 0.033994 0.043532 0.0527803 0.0606014 0.0661213 0.0690026 0.0694095 0.0677836 0.0646382 0.0604575 0.0556596 0.0505803 0.0454673 0.0404847 0.0357159 0.0311648 0.0267667 0.0224313 0.0181161 0.013896 0.00997412
 0.00727564 0.0119222 0.0181347 0.0259123 0.0350202 0.0448352 0.0543213 0.0622924 0.0678417 0.0706251 0.0708224 0.0689003 0.0653982 0.0608247 0.0556207 0.0501419 0.0446501 0.039318 0.0342376 0.0294289 0.0248561 0.0204649 0.0162394 0.0122519 0.00866438
 0.00742577 0.0121686 0.0185105 0.0264512 0.0357515 0.0457747 0.0554606 0.0635905 0.0692267 0.0720035 0.0720927 0.0699674 0.0661851 0.0612793 0.0557164 0.0498738 0.0440305 0.0383725 0.033005 0.027965 0.0232409 0.0188053 0.0146605 0.0108731 0.00756904
 0.0075222 0.0123257 0.018748 0.0267886 0.0362058 0.046356 0.0561674 0.0644069 0.0701232 0.0729398 0.0730198 0.0708285 0.0669176 0.0618203 0.0560116 0.0498851 0.0437401 0.037784 0.0321432 0.0268773 0.0219993 0.0175054 0.0134115 0.00977681 0.00669589
 0.00759984 0.0124489 0.0189279 0.027034 0.0365224 0.0467452 0.0566244 0.0649202 0.0706766 0.0735151 0.0735984 0.0713897 0.0674347 0.062258 0.0563267 0.0500314 0.0436777 0.0374879 0.0316112 0.026135 0.0211016 0.0165324 0.0124568 0.00892854 0.00601547
 0.00765992 0.0125405 0.0190545 0.0271953 0.0367152 0.0469651 0.0568669 0.0651815 0.0709538 0.0738067 0.0739039 0.0717073 0.0677582 0.0625724 0.0566059 0.0502389 0.0437707 0.037427 0.0313708 0.0257144 0.0205302 0.0158687 0.0117768 0.00830728 0.00550821
 0.00770751 0.0126145 0.0191595 0.0273325 0.0368821 0.0471544 0.0570668 0.0653778 0.0711337 0.0739645 0.0740427 0.0718373 0.0678909 0.0627143 0.0567527 0.0503734 0.0438638 0.0374425 0.0312759 0.0254904 0.0201835 0.0154331 0.0113068 0.00786281 0.00513664
 0.00776596 0.0127001 0.0192709 0.0274625 0.03702 0.0472896 0.0571915 0.0654874 0.0712262 0.0740392 0.0741013 0.071884 0.0679332 0.0627606 0.0568087 0.0504371 0.0439226 0.0374734 0.0312505 0.0253853 0.0199905 0.015166 0.0109997 0.00755912 0.00487456
 0.00782212 0.0127869 0.0193926 0.027619 0.0372048 0.0474897 0.0573872 0.0656555 0.0713464 0.0741011 0.0741076 0.0718485 0.0678742 0.0626957 0.0567509 0.050393 0.0438907 0.0374434 0.0312047 0.0253041 0.0198609 0.0149891 0.0107927 0.00734944 0.0046895
 0.0078568 0.0128414 0.019471 0.0277233 0.0373347 0.0476411 0.0575509 0.0658173 0.0714886 0.0742069 0.0741649 0.0718542 0.0678345 0.0626244 0.0566648 0.050307 0.0438139 0.0373764 0.0311403 0.02523 0.0197657 0.0148687 0.0106538 0.00720743 0.00456208
 0.00788492 0.012882 0.0195227 0.0277821 0.0373951 0.0476989 0.057605 0.0658691 0.0715402 0.0742583 0.0742131 0.0718928 0.067857 0.0626263 0.0566466 0.0502739 0.0437731 0.0373337 0.0310968 0.0251818 0.0197066 0.0147952 0.0105678 0.00711759 0.0044794
 0.0078956 0.0128994 0.0195486 0.0278175 0.0374394 0.0477487 0.0576541 0.0659101 0.0715676 0.0742714 0.0742163 0.0718931 0.0678592 0.062631 0.0566505 0.0502728 0.0437645 0.0373174 0.0310737 0.0251521 0.019669 0.0147484 0.0105134 0.00706027 0.00442593
 0.00790559 0.0129095 0.0195528 0.0278071 0.0374062 0.0476896 0.0575742 0.0658222 0.0714876 0.0742126 0.0741861 0.0718929 0.0678868 0.0626818 0.056718 0.0503487 0.0438399 0.0373846 0.0311272 0.0251887 0.0196878 0.0147502 0.0105009 0.00703831 0.00440061
 0.00786847 0.0128541 0.0194783 0.0277153 0.0373002 0.0475719 0.0574467 0.0656881 0.0713543 0.0740934 0.0740984 0.0718527 0.067903 0.0627536 0.0568354 0.0504963 0.0440004 0.037542 0.0312688 0.0253058 0.0197761 0.0148093 0.0105343 0.00705183 0.0044014
 0.00789263 0.012882 0.0194997 0.0277145 0.0372613 0.0474864 0.0573191 0.0655347 0.0711971 0.0739515 0.073984 0.0717724 0.0678612 0.0627538 0.0568788 0.0505791 0.0441132 0.037671 0.0313988 0.0254238 0.0198728 0.0148807 0.0105809 0.00707776 0.00441268
 0.0078898 0.01288 0.0195007 0.0277204 0.0372706 0.0474917 0.0573065 0.0654884 0.0711072 0.0738219 0.0738332 0.071627 0.0677462 0.0626852 0.0568624 0.0506123 0.0441877 0.0377746 0.031517 0.0255418 0.0199781 0.0149651 0.0106415 0.00711643 0.00443418
 0.00786026 0.0128315 0.0194275 0.0276179 0.0371382 0.0473353 0.0571391 0.0653279 0.0709702 0.0737174 0.0737618 0.0715851 0.0677322 0.0627021 0.0569152 0.0507037 0.0443146 0.0379279 0.0316834 0.0257062 0.0201269 0.0150883 0.0107344 0.00717994 0.00447326
 0.00784922 0.0128112 0.0193926 0.0275619 0.037055 0.0472213 0.0569967 0.0651663 0.0708053 0.0735677 0.0736441 0.0715102 0.0677028 0.0627151 0.056965 0.0507853 0.0444241 0.0380604 0.0318308 0.0258574 0.0202693 0.0152111 0.0108309 0.00724879 0.00451757
 0.00784361 0.0127965 0.0193602 0.0275005 0.0369536 0.047074 0.0568067 0.0649474 0.0705786 0.0733577 0.0734733 0.071396 0.0676551 0.062735 0.0570458 0.0509147 0.0445878 0.0382447 0.0320232 0.026046 0.0204429 0.0153599 0.0109488 0.00733422 0.00457387
 0.00781986 0.0127613 0.019313 0.0274422 0.0368844 0.046992 0.0567072 0.0648253 0.0704327 0.0731946 0.0733083 0.0712502 0.0675497 0.0626858 0.0570595 0.0509887 0.0447117 0.0384037 0.0322008 0.0262266 0.0206125 0.0155077 0.0110676 0.0074219 0.00463279
 0.0077766 0.0126907 0.0192069 0.0272942 0.0366926 0.0467626 0.0564565 0.0645777 0.0702138 0.0730231 0.0731925 0.0711899 0.0675419 0.0627285 0.0571522 0.0511298 0.0448954 0.0386189 0.0324323 0.0264571 0.0208261 0.0156915 0.0112143 0.00752964 0.0047052
 0.00773907 0.0126276 0.019108 0.027149 0.0364932 0.0465078 0.0561564 0.0642547 0.0699 0.0727532 0.0729958 0.071084 0.0675303 0.0628032 0.0572983 0.051331 0.0451364 0.0388852 0.0327088 0.0267279 0.0210751 0.0159055 0.0113849 0.0076551 0.00478967
 0.00771523 0.0125887 0.0190492 0.0270651 0.036379 0.0463594 0.0559724 0.0640388 0.0696624 0.0725113 0.0727727 0.070905 0.0674179 0.0627711 0.057349 0.0514562 0.0453207 0.0391099 0.0329549 0.0269766 0.0213092 0.0161106 0.0115512 0.00777916 0.00487427
 0.00768499 0.0125389 0.0189731 0.0269565 0.0362338 0.0461779 0.0557613 0.0638111 0.0694344 0.0722992 0.0725902 0.0707635 0.0673279 0.0627424 0.0573886 0.0515653 0.0454927 0.0393306 0.0332049 0.0272348 0.0215552 0.0163276 0.0117281 0.00791182 0.00496517
 0.00765536 0.012492 0.0189049 0.0268637 0.0361145 0.0460322 0.0555923 0.0636257 0.0692434 0.0721157 0.0724277 0.0706342 0.067241 0.0627045 0.0574045 0.0516371 0.0456192 0.0395053 0.0334151 0.0274627 0.0217808 0.0165325 0.0118987 0.00804175 0.0050553
 0.0076549 0.0124887 0.0188952 0.0268427 0.0360771 0.0459744 0.0555131 0.0635273 0.0691304 0.0719937 0.0723031 0.0705142 0.0671344 0.0626209 0.0573534 0.0516266 0.0456542 0.0395863 0.0335367 0.0276133 0.0219444 0.0166914 0.0120379 0.00815183 0.00513389
 0.00762118 0.0124406 0.0188351 0.0267764 0.0360118 0.0459151 0.0554603 0.0634773 0.0690781 0.0719358 0.0722398 0.0704492 0.0670732 0.0625702 0.0573198 0.051617 0.0456747 0.0396405 0.0336241 0.0277279 0.022075 0.0168237 0.0121579 0.00824964 0.00520541
 0.00761115 0.0124226 0.0188052 0.0267311 0.0359497 0.0458396 0.0553806 0.063406 0.0690261 0.0719072 0.0722297 0.0704473 0.0670695 0.06256 0.057305 0.0516043 0.045673 0.039658 0.0336658 0.0277939 0.0221595 0.0169166 0.0122477 0.00832639 0.00526375
 0.00759554 0.0123994 0.0187741 0.0266928 0.0359052 0.0457893 0.0553244 0.0633449 0.0689637 0.0718503 0.0721866 0.0704237 0.067066 0.0625713 0.0573239 0.0516255 0.0456958 0.0396859 0.0337039 0.0278454 0.0222238 0.0169883 0.0123188 0.00838895 0.00531258
 0.00757534 0.0123665 0.0187248 0.0266242 0.0358165 0.0456834 0.055209 0.0632314 0.0688642 0.0717745 0.0721398 0.0704073 0.0670788 0.0626101 0.057383 0.0516979 0.0457743 0.0397657 0.0337832 0.0279245 0.0223028 0.0170653 0.0123897 0.00844907 0.00535879
 0.0075547 0.0123336 0.0186765 0.026558 0.0357311 0.0455795 0.0550904 0.0631056 0.0687421 0.0716685 0.0720612 0.0703641 0.0670742 0.0626423 0.0574465 0.0517847 0.0458756 0.039873 0.03389 0.0280266 0.0223973 0.0171503 0.0124628 0.00850829 0.00540306
 0.00754421 0.0123148 0.018645 0.0265089 0.0356601 0.0454852 0.0549757 0.0629785 0.0686138 0.0715507 0.0719648 0.0702977 0.0670435 0.0626497 0.0574909 0.0518609 0.0459755 0.0399871 0.0340089 0.0281421 0.0225036 0.0172432 0.0125399 0.00856846 0.00544667
 0.00753793 0.0123055 0.0186324 0.0264928 0.0356398 0.0454586 0.0549395 0.0629288 0.0685488 0.0714723 0.0718792 0.0702146 0.0669736 0.0626027 0.0574731 0.0518746 0.0460189 0.0400545 0.034092 0.028232 0.0225918 0.0173232 0.0126073 0.00862119 0.00548476
 0.00750597 0.0122587 0.0185715 0.026422 0.0355656 0.0453878 0.0548775 0.0628786 0.0685103 0.0714433 0.071856 0.0701943 0.0669562 0.0625915 0.0574736 0.0518926 0.0460578 0.0401141 0.0341682 0.0283178 0.0226789 0.0174039 0.0126759 0.00867474 0.00552307
 0.00750017 0.0122454 0.0185447 0.0263748 0.0354926 0.0452897 0.0547631 0.062764 0.0684136 0.0713775 0.0718252 0.0701936 0.0669759 0.0626222 0.05751 0.0519338 0.046106 0.0401722 0.0342369 0.0283944 0.0227581 0.0174789 0.012741 0.00872618 0.00556009
 0.0075145 0.0122681 0.0185773 0.026417 0.0355415 0.0453382 0.0548005 0.0627783 0.0683968 0.0713298 0.0717557 0.0701166 0.0669046 0.062564 0.0574664 0.0519033 0.0460873 0.0401653 0.0342428 0.028413 0.0227872 0.017514 0.0127764 0.00875733 0.00558423
 0.00751155 0.0122657 0.0185782 0.0264251 0.035561 0.0453712 0.0548456 0.0628293 0.0684435 0.0713607 0.0717619 0.070095 0.0668594 0.0625051 0.0574054 0.0518494 0.0460456 0.0401375 0.0342289 0.0284122 0.0227974 0.0175321 0.0127981 0.00877851 0.00560182
#pred catch len freq
 0.00318763 0.00516441 0.00777376 0.0110553 0.0150502 0.0197569 0.0250696 0.0307617 0.0365291 0.0420514 0.04704 0.0512768 0.0546454 0.0571367 0.0588248 0.0598328 0.0603072 0.0603841 0.0601164 0.0593568 0.0576701 0.0544031 0.0489891 0.0413709 0.0322459
 0.00344049 0.00551373 0.00818784 0.0114729 0.0154063 0.020018 0.025254 0.0309264 0.0367268 0.0422873 0.0472593 0.0513941 0.0545979 0.0569271 0.0585303 0.0595739 0.0601905 0.0604453 0.0602913 0.0594995 0.0576171 0.0540536 0.0483572 0.0405764 0.0314528
 0.00352487 0.00568683 0.00850984 0.0120091 0.016196 0.0210355 0.0263889 0.0320084 0.0375928 0.0428496 0.0475257 0.0514299 0.0544651 0.0566535 0.0581254 0.0590659 0.0596417 0.0599272 0.0598367 0.059073 0.0571313 0.0534269 0.0475739 0.0397061 0.0306158
 0.00367262 0.00591026 0.00882032 0.0124202 0.0167374 0.0217629 0.0273721 0.0332899 0.0391315 0.0444906 0.0490307 0.0525623 0.0550787 0.0567285 0.0577393 0.0583371 0.0586885 0.0588501 0.0587097 0.0579323 0.0559759 0.0522433 0.0463741 0.0385494 0.0295922
 0.00383968 0.00618064 0.00922417 0.012983 0.0174745 0.0226739 0.0284408 0.0344929 0.0404506 0.0459099 0.0505101 0.0540015 0.0563091 0.0575558 0.0580161 0.0580185 0.0578357 0.0575916 0.0571889 0.0562709 0.0542625 0.0505448 0.0447573 0.0370927 0.0283743
 0.00401169 0.00646023 0.00964618 0.0135832 0.0182865 0.0237218 0.0297268 0.0359859 0.0420835 0.04759 0.0521376 0.0554847 0.0575636 0.0584901 0.058524 0.0579964 0.0572223 0.0564012 0.0555149 0.0542595 0.0520779 0.0483463 0.0426907 0.0352831 0.0269119
 0.00426458 0.0068557 0.0102139 0.0143449 0.0192585 0.0249165 0.031148 0.0376185 0.0438825 0.0494746 0.053995 0.0571843 0.0589785 0.0595139 0.0590735 0.058005 0.0566385 0.0552035 0.0537367 0.0520067 0.0495236 0.0457058 0.0401848 0.0330997 0.0251725
 0.00453109 0.00728015 0.0108367 0.0151995 0.020367 0.026284 0.032754 0.0394133 0.0457918 0.0514095 0.0558602 0.0588809 0.0604047 0.0605688 0.0596649 0.0580554 0.0560902 0.0540257 0.0519418 0.0496719 0.0468061 0.0428333 0.0374173 0.030672 0.02324
 0.00476034 0.00765321 0.0114001 0.016 0.0214468 0.02767 0.0344437 0.041362 0.0479103 0.0535733 0.0579281 0.0607163 0.0618927 0.0616228 0.0602211 0.0580636 0.0555075 0.0528218 0.0501178 0.0472872 0.0440019 0.0398339 0.0344968 0.0280908 0.021178
 0.00501551 0.00805729 0.0119901 0.0168083 0.0225023 0.0289958 0.036049 0.0432291 0.0499828 0.0557513 0.0600743 0.0626735 0.063509 0.062775 0.0608259 0.058074 0.0549001 0.0515885 0.0482723 0.044888 0.0411803 0.0368045 0.0315313 0.0254564 0.0190654
 0.00529614 0.00850703 0.0126555 0.0177301 0.0237101 0.0304998 0.0378289 0.0452281 0.052112 0.0579015 0.0621269 0.0645078 0.0650072 0.0638299 0.0613507 0.0580089 0.0542138 0.0502763 0.0463585 0.0424402 0.038331 0.0337618 0.0285583 0.0228148 0.0169447
 0.00553673 0.00890334 0.0132627 0.0186059 0.0249069 0.03205 0.0397254 0.0474102 0.0544648 0.06027 0.0643402 0.0664058 0.0664627 0.0647575 0.061703 0.0577645 0.0533673 0.048836 0.0443546 0.0399433 0.0354722 0.0307418 0.0256276 0.0202209 0.0148666
 0.0057491 0.00924544 0.013774 0.0193268 0.0258789 0.0333108 0.0412974 0.0492834 0.0565809 0.0625156 0.0665536 0.0684012 0.0680639 0.0658296 0.0621677 0.0575968 0.0525792 0.0474611 0.0424448 0.03758 0.0327853 0.0279195 0.0229001 0.0178137 0.0129413
 0.00599106 0.00962776 0.0143297 0.0200819 0.0268513 0.034508 0.0427114 0.0508854 0.05832 0.0643201 0.0683323 0.0700439 0.0694469 0.0668292 0.0626796 0.0575526 0.0519539 0.0462708 0.040741 0.0354505 0.0303612 0.025379 0.0204522 0.0156589 0.0112213
 0.00622238 0.00999912 0.0148804 0.0208467 0.0278561 0.0357611 0.0441925 0.0525389 0.0600576 0.0660338 0.069912 0.0713915 0.0704838 0.067496 0.0629312 0.0573548 0.0512859 0.0451324 0.0391631 0.0335039 0.0281634 0.0230915 0.0182622 0.0137418 0.00969792
 0.00640016 0.010278 0.0152825 0.0213897 0.0285545 0.036627 0.0452308 0.0537383 0.061381 0.0674145 0.0712577 0.0725988 0.0714564 0.0681596 0.0632385 0.0572811 0.0508209 0.0442782 0.0379399 0.0319623 0.0263958 0.0212322 0.0164702 0.0121674 0.00844459
 0.00652569 0.0104839 0.0155959 0.021837 0.0291565 0.0373912 0.0461441 0.0547651 0.0624693 0.0685055 0.0722926 0.0735196 0.0722056 0.0686828 0.0634897 0.0572287 0.0504497 0.0435889 0.0369505 0.0307145 0.024963 0.019722 0.0150118 0.0108841 0.00742225
 0.00656005 0.0105485 0.0157104 0.0220282 0.0294561 0.0378297 0.0467413 0.0555203 0.0633546 0.0694646 0.0732488 0.0743911 0.0729217 0.0691929 0.0637636 0.0572503 0.0502118 0.0430924 0.0362083 0.0297588 0.0238522 0.018542 0.0138662 0.00987211 0.00661381
 0.00664617 0.010669 0.0158569 0.0221837 0.029604 0.0379669 0.0468867 0.0557124 0.0636371 0.0698668 0.07377 0.0749957 0.0735464 0.0697625 0.0642079 0.0575158 0.0502657 0.042921 0.0358155 0.0291676 0.0231084 0.0177146 0.0130394 0.00912788 0.00601164
 0.00672558 0.0107935 0.0160345 0.0224159 0.0298829 0.0382721 0.047187 0.055974 0.0638386 0.0700122 0.0738901 0.0751323 0.0737289 0.0699902 0.0644477 0.0577138 0.0503654 0.0428784 0.0356082 0.0287981 0.0226051 0.0171293 0.0124383 0.00857724 0.00556079
 0.00673987 0.0108157 0.0160663 0.0224589 0.0299392 0.0383442 0.0472765 0.0560789 0.063951 0.0701205 0.073985 0.0752154 0.0738156 0.0701024 0.0645984 0.0578939 0.0505408 0.0430006 0.0356314 0.0286956 0.0223783 0.0168075 0.0120707 0.00821842 0.00525492
 0.00680991 0.0109206 0.0162075 0.0226318 0.0301342 0.0385496 0.0474799 0.0562681 0.0641143 0.0702473 0.0740666 0.075247 0.0737993 0.0700493 0.0645275 0.0578248 0.050483 0.0429463 0.0355577 0.0285763 0.022198 0.0165715 0.0118041 0.00795626 0.00502908
 0.0068985 0.0110514 0.0163799 0.0228367 0.0303569 0.0387744 0.0476932 0.0564589 0.0642734 0.0703665 0.0741389 0.0752679 0.0737683 0.069971 0.0644123 0.0576877 0.0503392 0.0428056 0.0354198 0.0284318 0.0220361 0.0163886 0.0116091 0.00776758 0.00486633
 0.00698181 0.0111734 0.0165379 0.0230188 0.0305434 0.0389428 0.0478229 0.0565357 0.064293 0.0703363 0.0740761 0.0751935 0.0736986 0.0699131 0.0643646 0.0576439 0.0502939 0.0427553 0.0353618 0.0283625 0.0219513 0.016287 0.0114955 0.00765301 0.00476388
 0.00705621 0.0112932 0.0167153 0.0232621 0.0308534 0.0393065 0.0482102 0.056901 0.064585 0.0705129 0.0741172 0.0751051 0.0735086 0.0696607 0.064088 0.057372 0.050043 0.0425313 0.0351643 0.0281878 0.0217948 0.0161455 0.0113684 0.00754293 0.00467454
 0.00704588 0.011286 0.0167227 0.0233022 0.0309476 0.0394739 0.0484596 0.0572243 0.064954 0.070881 0.0744281 0.0753079 0.0735733 0.0695869 0.0639025 0.0571169 0.0497612 0.0422557 0.0349142 0.0279707 0.0216109 0.0159919 0.0112422 0.00744225 0.00459818
 0.00696227 0.0111581 0.0165464 0.0230817 0.0306984 0.039224 0.0482494 0.0571008 0.0649582 0.0710319 0.0747121 0.0756787 0.0739649 0.0699333 0.0641564 0.0572603 0.0498038 0.0422247 0.0348408 0.0278805 0.0215201 0.0159086 0.0111701 0.00738276 0.00455196
 0.00695862 0.0111375 0.0164882 0.0229582 0.0304821 0.0389004 0.0478294 0.0566263 0.0644975 0.0706649 0.0745102 0.0756841 0.0741762 0.070305 0.0646131 0.0577211 0.0502055 0.0425345 0.0350548 0.0280135 0.0215937 0.0159428 0.0111801 0.00737948 0.00454286
 0.00702988 0.0112441 0.0166302 0.0231259 0.0306542 0.0390438 0.0479027 0.0565889 0.0643254 0.0703668 0.0741333 0.075304 0.073873 0.0701359 0.064595 0.057829 0.0503872 0.0427324 0.0352251 0.0281351 0.0216656 0.0159758 0.0111882 0.00737477 0.00453358
 0.0070142 0.0112248 0.0166126 0.0231184 0.0306655 0.0390781 0.0479547 0.0566416 0.064352 0.0703381 0.0740297 0.0751275 0.0736532 0.0699238 0.0644453 0.0577784 0.0504405 0.0428638 0.0353923 0.0282972 0.021796 0.0160655 0.0112413 0.00740132 0.00454412
 0.00692596 0.0110985 0.0164545 0.022946 0.0305033 0.0389508 0.0478801 0.0566272 0.0643933 0.070419 0.0741244 0.0752069 0.0736946 0.0699213 0.0644141 0.0577489 0.050444 0.0429174 0.035492 0.0284219 0.0219196 0.016168 0.0113141 0.00744616 0.00456804
 0.00681598 0.010927 0.0162114 0.0226303 0.0301273 0.0385439 0.0474898 0.0563121 0.0642075 0.0703926 0.0742521 0.0754504 0.0739976 0.0702283 0.0646856 0.0579698 0.0506212 0.0430696 0.0356364 0.028565 0.022056 0.0162868 0.0114066 0.00750985 0.00460683
 0.00669469 0.0107293 0.0159127 0.022208 0.0295657 0.0378437 0.0466794 0.0554545 0.0633973 0.0697404 0.0738582 0.075377 0.0742486 0.0707484 0.0653798 0.0587333 0.0513681 0.0437463 0.0362198 0.0290516 0.0224498 0.0165932 0.0116321 0.00766428 0.00470391
 0.00655546 0.0105189 0.0156248 0.0218443 0.0291318 0.0373433 0.0461137 0.054829 0.0627336 0.0690857 0.0732864 0.0749756 0.0740952 0.070884 0.0657927 0.0593613 0.0521181 0.0445223 0.0369456 0.0296805 0.0229623 0.0169883 0.0119195 0.00786016 0.00482753
 0.00640676 0.0102813 0.0152759 0.0213679 0.0285234 0.0366164 0.0453051 0.0539965 0.0619441 0.0684009 0.0727543 0.0746325 0.0739716 0.071005 0.0661684 0.0599734 0.052913 0.0454179 0.0378499 0.0305131 0.023669 0.0175451 0.0123277 0.00813823 0.00500269
