SBPRF35
12.7214
Curr Bio
899996
B35
893529
F35
0.173019
FOFL
0.173019
OFL
127913
Bzero
3.63469e+006
#pred survey bio
 3.54882e+006 3.40523e+006 3.28617e+006 3.12459e+006 2.94053e+006 2.71586e+006 2.47154e+006 2.24641e+006 2.03694e+006 1.81063e+006 1.60598e+006 1.45228e+006 1.26994e+006 1.11773e+006 970693 844600 761405 694890 651458 611431 578860 575777 574580 568259 554863 544488 549226 544667 542214 538184 539805 545442 552513 550541 565635 571446 586875 605713 615293 615093 614649 624022 628632 637207 651949 647301 650804 655286 665232 670720 679259 731639 789517 825197 841591 851632 852052 873497 893375 916187 919298 910000 901296 896725 897019 917585 905089 905913 2.10297e+007 1.93507e+007 1.97357e+007 2.0532e+007 2.15847e+007 2.27188e+007 2.38076e+007 2.47783e+007 2.56014e+007 2.62752e+007 2.68135e+007 2.72363e+007 2.75647e+007 2.7818e+007 2.80126e+007 2.81619e+007 2.82766e+007 2.83649e+007 2.8433e+007 2.84858e+007 2.85268e+007 2.85589e+007 2.85841e+007 2.8604e+007 2.86197e+007 2.86322e+007 2.86421e+007 2.86501e+007 2.86564e+007 2.86615e+007 2.86657e+007 2.8669e+007 2.86717e+007 2.86739e+007 2.86757e+007 2.86771e+007 2.86783e+007 2.86792e+007 2.868e+007 2.86806e+007 2.86812e+007 2.86816e+007 2.86819e+007 2.86822e+007 2.86825e+007 2.86826e+007 2.86828e+007 2.86829e+007 2.8683e+007 2.86831e+007 2.86832e+007 2.86832e+007 2.86833e+007 2.86833e+007 2.86834e+007 2.86834e+007 2.86834e+007 2.86834e+007 2.86834e+007 2.86834e+007 2.86835e+007 2.86835e+007 2.86835e+007 2.86835e+007 2.86835e+007 2.86835e+007 2.86835e+007 2.86835e+007 2.86835e+007 2.86835e+007 2.86835e+007 2.86835e+007 2.86835e+007 2.86835e+007 2.86835e+007 2.86835e+007 2.86835e+007 2.86835e+007 2.86835e+007 2.86835e+007 2.86835e+007 2.86835e+007 2.86835e+007 2.86835e+007 2.86835e+007 2.86835e+007 2.86835e+007 2.86835e+007 2.86835e+007 2.86835e+007 2.86835e+007 2.86835e+007 2.86835e+007 2.86835e+007 2.86835e+007 2.86835e+007 2.86835e+007 2.86835e+007 2.86835e+007 2.86835e+007 0 0 0 0 0 0 0 0 0 0 0 0 0 0 0 0 0 0 0 0 0 0 0 0 0
#obs survey bio
 4.39155e+006 3.7125e+006 3.50363e+006 3.17695e+006 2.81703e+006 4.12417e+006 2.68776e+006 2.67806e+006 1.79955e+006 1.5156e+006 1.36309e+006 1.11783e+006 1.24276e+006 1.16794e+006 779024 922800 814965 503600 640140 492555 626036 438651 387582 747777 586676 692923 616015 500143 481013 547319 635770 744740 449026 529823 543735 579405 639280 580121 536335 523160 550992 825192 640712 496054 579310 658959 649844 466718 837830 822430 653899 838126 983272 1.09166e+006 662024 548474 1.13442e+006 766530 1.35653e+006 1.02865e+006 848060 893092 979167 897461 1.2091e+006 1.03163e+006 799274 1.03269e+006
#pred catch bio
 107827 96835.6 150233 186533 241082 277268 277820 280520 310475 302718 266343 297147 271497 264998 242358 200984 183668 161661 156233 146587 119941 117962 120343 122583 116328 101767 108731 105848 106081 100289 96575.4 95583 103076 89029.1 98195.5 91538 90741.8 100143 108664 108102 99275.6 103396 100434 96207.2 113025 105989 105945 102596 107808 106608 72486 71758.2 92337.9 108918 115019 124601 108108 110920 109084 126151 136277 135244 131827 128318 112205 141419 130071 124285 127913 128620 130105 134249 140503 147404 153990 159765 164548 168350 171280 173487 175118 176308 177167 177780 178215 178523 178739 178890 178995 179068 179119 179155 179179 179196 179208 179216 179221 179225 179228 179230 179231 179232 179232 179233 179233 179233 179233 179233 179233 179234 179234 179234 179234 179234 179234 179234 179234 179234 179234 179234 179234 179234 179234 179234 179234 179234 179234 179234 179234 179234 179234 179234 179234 179234 179234 179234 179234 179234 179234 179234 179234 179234 179234 179234 179234 179234 179234 179234 179234 179234 179234 179234 179234 179234 179234 179234 179234 179234 179234 179234 179234 179234 179234 179234 179234 179234 179234 179234 0 0 0 0 0 0 0 0 0 0 0 0 0 0 0 0 0 0 0 0 0 0 0 0 0
#obs catch bio
 0 96372.3 150256 186451 241478 277543 278450 280955 311588 305016 267374 300152 273139 266578 244526 201736 183860 163529 158184 149254 120956 119590 122164 123002 116282 101369 108539 105855 106287 100445 96232 95310.2 103239 88733.5 98086.7 91769.4 90783.4 100313 108996 108754 99188.9 103061 100309 96167.8 112887 105708 105899 102678 107659 106983 72432.6 71744 92446.4 108803 114841 125139 108150 111370 108910 126002 136487 135053 131577 128713 111816 141564 130406 124234
#pred cpue bio
 3.50469e+006 3.36237e+006 3.24311e+006 3.08105e+006 2.8971e+006 2.67277e+006 2.42894e+006 2.20416e+006 1.99506e+006 1.7696e+006 1.56595e+006 1.41301e+006 1.23238e+006 1.08197e+006 937036 812965 731149 665636 622893 583853 552267 549417 548528 543029 530713 520994 525775 521400 519091 515349 517174 522799 529745 527874 542628 548155 563079 581460 590825 590697 590503 599910 604459 612752 627183 622653 625982 630203 639771 644992 653158 704567 761939 797493 813534 822804 822688 843712 863576 886292 889347 880007 871286 866599 866756 886987 874639 875202 2.03214e+007 1.87038e+007 1.89908e+007 1.96852e+007 2.07071e+007 2.1835e+007 2.29227e+007 2.38933e+007 2.47163e+007 2.53901e+007 2.59284e+007 2.63512e+007 2.66796e+007 2.69329e+007 2.71275e+007 2.72769e+007 2.73915e+007 2.74798e+007 2.75479e+007 2.76007e+007 2.76417e+007 2.76738e+007 2.7699e+007 2.77189e+007 2.77346e+007 2.77471e+007 2.7757e+007 2.7765e+007 2.77713e+007 2.77764e+007 2.77806e+007 2.77839e+007 2.77866e+007 2.77888e+007 2.77906e+007 2.7792e+007 2.77932e+007 2.77941e+007 2.77949e+007 2.77956e+007 2.77961e+007 2.77965e+007 2.77968e+007 2.77971e+007 2.77974e+007 2.77976e+007 2.77977e+007 2.77978e+007 2.77979e+007 2.7798e+007 2.77981e+007 2.77982e+007 2.77982e+007 2.77982e+007 2.77983e+007 2.77983e+007 2.77983e+007 2.77983e+007 2.77983e+007 2.77984e+007 2.77984e+007 2.77984e+007 2.77984e+007 2.77984e+007 2.77984e+007 2.77984e+007 2.77984e+007 2.77984e+007 2.77984e+007 2.77984e+007 2.77984e+007 2.77984e+007 2.77984e+007 2.77984e+007 2.77984e+007 2.77984e+007 2.77984e+007 2.77984e+007 2.77984e+007 2.77984e+007 2.77984e+007 2.77984e+007 2.77984e+007 2.77984e+007 2.77984e+007 2.77984e+007 2.77984e+007 2.77984e+007 2.77984e+007 2.77984e+007 2.77984e+007 2.77984e+007 2.77984e+007 2.77984e+007 2.77984e+007 2.77984e+007 2.77984e+007 2.77984e+007 2.77984e+007 2.77984e+007 0 0 0 0 0 0 0 0 0 0 0 0 0 0 0 0 0 0 0 0 0 0 0 0 0
#obs cpue bio
 6.14487e+006 3.59041e+006 3.50437e+006 1.98059e+006 2.56606e+006 2.00137e+006 1.64371e+006 1.85576e+006 2.19516e+006 1.44465e+006 1.82791e+006 1.50438e+006 1.30197e+006 1.04168e+006 926731 800064 785922 437268 538169 447497 556199 457193 636326 777252 619269 465344 480830 481118 533990 487988 639634 367941 563058 623088 609259 350557 577537 584987 625498 525925 945899 631051 506971 640168 988955 604710 565071 737857 668066 426498 549310 605782 725834 782542 989062 868670 648714 738313 865695 899790 758118 1.12643e+006 847435 585819 855461 823599 665297 984786
#pred surv len freq
 0.00421898 0.00692763 0.0105734 0.0151901 0.0207001 0.0268278 0.0330772 0.0388608 0.0437192 0.0474644 0.050155 0.0519724 0.0531131 0.0537427 0.0539945 0.0539869 0.0538449 0.053696 0.0535998 0.0534096 0.0526474 0.0505458 0.0463596 0.0398375 0.0315355
 0.00455691 0.00738942 0.0111093 0.0157072 0.0210975 0.0270474 0.0331366 0.0388413 0.0437146 0.0475252 0.050267 0.0520821 0.0531781 0.0537709 0.0540455 0.0541368 0.0541323 0.0540784 0.0539455 0.0535364 0.0523985 0.049868 0.0453388 0.0386662 0.03043
 0.00464758 0.00759519 0.0115198 0.0164233 0.0221842 0.0284735 0.0347408 0.040366 0.0449038 0.0482308 0.0504933 0.0519444 0.0528195 0.0533012 0.053533 0.0536293 0.0536685 0.0536695 0.0535472 0.0530456 0.0516953 0.0488862 0.0441194 0.0373535 0.0292093
 0.00479333 0.00781749 0.0118327 0.0168447 0.0227494 0.0292433 0.0357882 0.0417315 0.0465374 0.0499617 0.0520634 0.053102 0.0534167 0.0533354 0.053115 0.0529142 0.0527954 0.0527291 0.0525698 0.0520058 0.0505387 0.0475787 0.0426944 0.0359222 0.0279194
 0.00496617 0.00810114 0.0122634 0.0174547 0.0235587 0.03025 0.0369646 0.0430342 0.047925 0.0514001 0.0535058 0.0544547 0.0545293 0.054039 0.0532901 0.0525415 0.0519541 0.0515491 0.051173 0.0504705 0.0489023 0.0458717 0.0409786 0.0343029 0.0265195
 0.00518285 0.00845394 0.0127957 0.018208 0.0245653 0.0315207 0.0384748 0.0447168 0.0496795 0.0531153 0.0550836 0.0558206 0.0556228 0.0547924 0.0536195 0.0523652 0.0512306 0.0503047 0.049497 0.0484853 0.046735 0.0436465 0.0388253 0.0323574 0.0249013
 0.00544666 0.00888044 0.0134333 0.019101 0.0257462 0.0329982 0.0402203 0.0466581 0.0517077 0.0551025 0.0569033 0.0573633 0.0568045 0.0555544 0.053918 0.0521604 0.0504862 0.0490053 0.0476728 0.0462267 0.0441885 0.0409976 0.0362747 0.0300916 0.0230581
 0.00569966 0.00929254 0.0140553 0.019981 0.0269216 0.034482 0.0419864 0.0486352 0.0537881 0.0571608 0.0588147 0.0590153 0.0581023 0.0564232 0.0543028 0.052021 0.0497934 0.0477437 0.0458561 0.0439203 0.0415267 0.0381806 0.0335393 0.0276625 0.0210957
 0.00592714 0.00966733 0.0146289 0.0208054 0.0280403 0.0359149 0.0437137 0.0505903 0.0558654 0.0592346 0.0607582 0.0607133 0.0594578 0.0573587 0.0547587 0.0519526 0.049168 0.0465429 0.0440876 0.0416395 0.0388582 0.0353234 0.0307421 0.0251689 0.0190822
 0.00618169 0.0100882 0.0152755 0.021738 0.0293084 0.0375388 0.0456647 0.0527829 0.0581681 0.0614943 0.0628253 0.0624599 0.060786 0.0582015 0.0550754 0.0517196 0.0483713 0.0451767 0.0421653 0.0392153 0.0360529 0.0323343 0.0278213 0.0225684 0.0169861
 0.00645371 0.0105264 0.0159282 0.0226496 0.0305137 0.0390528 0.0474692 0.0548173 0.0603312 0.0636565 0.0648462 0.064205 0.0621407 0.0590808 0.0554258 0.0515143 0.0476014 0.0438461 0.0402956 0.0368643 0.0333374 0.0294425 0.0249947 0.0200503 0.0149561
 0.00657127 0.0107364 0.0162794 0.0231996 0.0313171 0.0401423 0.0488379 0.0564139 0.0620714 0.0654415 0.0665769 0.0657858 0.0634786 0.0600866 0.0560198 0.0516331 0.0472028 0.0429117 0.0388362 0.0349311 0.0310387 0.0269513 0.0225321 0.0178398 0.0131649
 0.00678007 0.0110836 0.0168169 0.023982 0.032392 0.0415337 0.0505275 0.05833 0.0640942 0.0674238 0.0683702 0.0672655 0.0645589 0.060722 0.0561942 0.0513442 0.046451 0.0416998 0.0371799 0.032878 0.028688 0.024462 0.0201077 0.0156848 0.0114301
 0.00696824 0.01139 0.0172795 0.0246382 0.033274 0.0426592 0.0518887 0.0598859 0.0657707 0.0691213 0.0699746 0.0686606 0.0656406 0.061412 0.0564473 0.0511464 0.0458093 0.0406327 0.0357165 0.0310693 0.0266242 0.0222823 0.0179885 0.0138033 0.00991664
 0.00720013 0.0117709 0.0178596 0.025465 0.0343808 0.0440484 0.0535158 0.0616571 0.0675593 0.0707952 0.0714203 0.0697938 0.0664053 0.0617754 0.0563959 0.0506828 0.0449504 0.0394067 0.0341637 0.0292483 0.0246228 0.0202248 0.0160262 0.0120843 0.00854693
 0.00749607 0.0122365 0.0185316 0.0263684 0.0355256 0.0454247 0.055085 0.0633454 0.0692606 0.0723851 0.0727763 0.070815 0.0670261 0.0619694 0.0561699 0.0500653 0.0439795 0.038125 0.032619 0.0275016 0.0227572 0.0183502 0.0142699 0.0105668 0.00735012
 0.00777823 0.012669 0.0191339 0.0271409 0.0364518 0.0464741 0.0562155 0.0645053 0.0703938 0.073438 0.0737008 0.0715663 0.0675593 0.0622413 0.0561466 0.0497299 0.0433356 0.0371955 0.0314431 0.0261355 0.0212775 0.0168539 0.0128655 0.00935387 0.00639494
 0.00793809 0.0129453 0.0195781 0.0278057 0.037373 0.0476453 0.0575692 0.0659172 0.0717155 0.0745418 0.0745119 0.0720665 0.0677686 0.062192 0.055865 0.0492306 0.0426267 0.0362874 0.0303584 0.0249146 0.0199822 0.0155644 0.0116708 0.00833321 0.00559844
 0.00795435 0.0129786 0.0196426 0.0279244 0.037578 0.0479756 0.0580616 0.0665908 0.0725537 0.075482 0.0754533 0.0728964 0.0683957 0.0625675 0.055982 0.0491079 0.0422898 0.03576 0.0296642 0.0240859 0.0190674 0.0146289 0.0107885 0.00757107 0.00499977
 0.00799312 0.0130422 0.0197396 0.0280637 0.0377684 0.0482246 0.058375 0.0669724 0.0730052 0.0759995 0.07602 0.073475 0.068928 0.0629863 0.0562298 0.0491523 0.0421275 0.0354092 0.029155 0.023456 0.0183622 0.0139033 0.0101019 0.006977 0.0045329
 0.00814826 0.0132656 0.0200227 0.0283808 0.0380853 0.0485117 0.0586171 0.0671716 0.0731755 0.0761597 0.0761871 0.0736591 0.0691268 0.0631809 0.0563857 0.0492276 0.0420854 0.0352297 0.0288396 0.0230262 0.0178553 0.0133668 0.00958652 0.0065273 0.00417781
 0.00806078 0.0131357 0.0198494 0.0281691 0.0378422 0.0482416 0.0583225 0.0668597 0.0728693 0.075904 0.0760416 0.07368 0.0693438 0.063583 0.0569213 0.0498176 0.0426436 0.0356818 0.0291379 0.0231553 0.0178309 0.0132278 0.00938388 0.00631096 0.00398607
 0.00779908 0.0127507 0.0193456 0.0275785 0.0372165 0.0476392 0.0577952 0.0664463 0.0725922 0.0757699 0.0760467 0.0738187 0.069615 0.0639871 0.057449 0.0504382 0.0433023 0.0363096 0.0296688 0.023544 0.0180626 0.0133183 0.00937046 0.00623927 0.0038967
 0.00767242 0.012531 0.0189925 0.027053 0.0364995 0.0467545 0.0568246 0.0655198 0.0718506 0.0753168 0.0759185 0.0739869 0.0700139 0.064546 0.0581109 0.0511614 0.0440498 0.037039 0.0303315 0.0240943 0.0184709 0.01358 0.00950609 0.00628482 0.00389113
 0.00776183 0.0126476 0.0191131 0.0271341 0.036484 0.046586 0.0564662 0.0649704 0.0711556 0.0745671 0.0752322 0.0734759 0.0697498 0.0645435 0.0583355 0.0515522 0.0445418 0.0375737 0.0308574 0.0245664 0.0188544 0.0138569 0.00967877 0.00637291 0.00392274
 0.00788414 0.0128322 0.0193625 0.0274367 0.0368105 0.0468887 0.0566809 0.0650263 0.0709957 0.0741725 0.0746394 0.0727747 0.0690606 0.0639814 0.0579785 0.0514251 0.0446201 0.0378019 0.0311693 0.0248996 0.0191592 0.0141011 0.00984968 0.00647556 0.00397356
 0.00786234 0.0127984 0.0193146 0.0273737 0.0367324 0.0467954 0.0565712 0.0648965 0.0708379 0.0739762 0.0743965 0.072489 0.0687564 0.0637047 0.0577866 0.0513675 0.04472 0.0380471 0.031517 0.0252914 0.0195377 0.0144234 0.0100936 0.00663957 0.00407084
 0.00786218 0.0128061 0.0193408 0.027432 0.036835 0.0469458 0.0567585 0.0650942 0.0710098 0.0740844 0.0744102 0.0723905 0.068546 0.0634044 0.05744 0.0510329 0.0444561 0.0378953 0.0314891 0.0253683 0.0196795 0.0145852 0.0102397 0.00675056 0.00414325
 0.00780194 0.012716 0.0192203 0.0272877 0.036681 0.0468029 0.0566517 0.0650473 0.0710371 0.0741829 0.0745566 0.0725468 0.0686712 0.0634678 0.0574311 0.050965 0.044362 0.0378158 0.0314582 0.0254006 0.0197669 0.0147032 0.0103598 0.00685124 0.00421509
 0.0077775 0.0126726 0.0191488 0.0271786 0.0365285 0.0466104 0.0564362 0.0648392 0.070873 0.0740947 0.0745609 0.0726389 0.068826 0.0636475 0.0575968 0.0510894 0.0444374 0.0378545 0.0314844 0.0254378 0.0198274 0.0147842 0.0104478 0.00693095 0.00427644
 0.00781897 0.0127184 0.0191778 0.0271581 0.0364227 0.0463952 0.056112 0.0644356 0.070443 0.0737021 0.0742652 0.0724827 0.0688254 0.0637886 0.0578408 0.0513847 0.0447353 0.0381222 0.0317092 0.0256236 0.0199843 0.0149199 0.0105639 0.00702467 0.00434552
 0.00781225 0.0127118 0.0191745 0.0271599 0.0364249 0.0463811 0.056052 0.064296 0.0702029 0.0733701 0.0738851 0.0721225 0.0685552 0.0636576 0.0578638 0.0515418 0.044983 0.0384094 0.0319929 0.0258769 0.0201967 0.0150911 0.0106976 0.00712485 0.004416
 0.00774887 0.0126171 0.0190478 0.027007 0.0362575 0.046214 0.0558996 0.0641673 0.0700966 0.0732735 0.0737809 0.0720016 0.068428 0.0635547 0.0578239 0.0515937 0.0451317 0.0386349 0.0322593 0.0261462 0.02044 0.0152928 0.0108533 0.00723753 0.00449222
 0.00783458 0.0127381 0.0191962 0.0271644 0.0364007 0.0463244 0.0559694 0.0641994 0.0700984 0.0732489 0.0737255 0.0719045 0.0682799 0.0633586 0.0576005 0.0513783 0.0449621 0.0385364 0.0322364 0.026184 0.0205134 0.0153773 0.0109314 0.00730019 0.00453729
 0.00784835 0.0127485 0.0191894 0.027119 0.0362927 0.0461347 0.0556933 0.0638529 0.0697188 0.0728885 0.0734395 0.0717345 0.0682407 0.0634353 0.057759 0.0515821 0.0451859 0.0387692 0.0324748 0.026423 0.0207421 0.0155813 0.0110987 0.00742543 0.0046226
 0.00786273 0.0127851 0.0192672 0.0272604 0.0365122 0.0464254 0.0560173 0.0641454 0.0699087 0.072925 0.0733117 0.0714739 0.0679072 0.063094 0.0574605 0.0513523 0.045029 0.0386771 0.0324364 0.0264277 0.0207788 0.015637 0.0111596 0.00748035 0.00466513
 0.0078066 0.0126921 0.0191257 0.0270627 0.0362617 0.0461433 0.0557448 0.0639341 0.0697998 0.0729294 0.0734035 0.0716049 0.0680321 0.0631905 0.0575326 0.0514198 0.0451117 0.038785 0.0325676 0.0265727 0.0209254 0.0157736 0.0112768 0.00757251 0.00473098
 0.00771696 0.0125529 0.0189283 0.0268029 0.0359405 0.045768 0.0553325 0.0635156 0.0694205 0.0726419 0.0732533 0.0716138 0.0681882 0.0634532 0.0578505 0.0517499 0.0454298 0.0390835 0.0328462 0.0268306 0.021158 0.0159738 0.011439 0.00769451 0.00481536
 0.00762315 0.0124173 0.0187553 0.0266072 0.0357416 0.0455832 0.0551703 0.0633752 0.0692955 0.0725277 0.0731535 0.0715423 0.068165 0.0634946 0.0579593 0.0519133 0.0456257 0.03929 0.0330483 0.0270202 0.0213302 0.0161244 0.0115635 0.00779029 0.00488305
 0.00752722 0.0122765 0.0185723 0.0263959 0.0355254 0.0453902 0.0550277 0.0633027 0.0692987 0.072594 0.0732548 0.0716453 0.0682459 0.0635481 0.0579976 0.0519555 0.0456864 0.0393733 0.0331492 0.0271294 0.0214386 0.0162244 0.0116495 0.00785868 0.00493285
 0.00753824 0.0122738 0.0185312 0.0262836 0.0353136 0.0450722 0.0546316 0.0628895 0.0689435 0.0723592 0.0731698 0.0717013 0.0684057 0.0637637 0.0582276 0.0521756 0.0458893 0.0395618 0.0333273 0.0272973 0.0215924 0.0163585 0.0117593 0.00794239 0.00499164
 0.00755609 0.0122906 0.0185328 0.0262463 0.0352064 0.044864 0.0543013 0.0624379 0.0684037 0.0717981 0.0726764 0.0713614 0.0682734 0.0638448 0.0584832 0.0525421 0.0463027 0.0399735 0.0337085 0.027634 0.0218785 0.0165916 0.0119397 0.00807329 0.00507978
 0.00760464 0.012368 0.0186454 0.0263959 0.0353863 0.0450538 0.0544645 0.0625259 0.0683681 0.0716102 0.0723429 0.0709301 0.0678219 0.0634575 0.0582239 0.052436 0.0463355 0.0401053 0.0338929 0.0278323 0.022065 0.0167521 0.012068 0.00816864 0.00514525
 0.00756179 0.0123093 0.0185775 0.0263324 0.0353441 0.0450473 0.0544994 0.0625947 0.0684497 0.0716725 0.0723511 0.070859 0.0676688 0.0632487 0.0580084 0.0522689 0.0462564 0.0401262 0.0339976 0.0279883 0.0222374 0.0169135 0.0122022 0.0082698 0.00521477
 0.00748313 0.0121816 0.0183868 0.0260688 0.0350076 0.0446551 0.0540894 0.062222 0.0681712 0.0715274 0.0723467 0.0709697 0.0678485 0.0634499 0.0582003 0.052445 0.0464308 0.0403186 0.0342189 0.0282329 0.0224857 0.017142 0.0123923 0.00841299 0.00531263
 0.00756418 0.0123059 0.0185591 0.0262864 0.0352586 0.044917 0.054331 0.0624082 0.0682735 0.0715341 0.0722666 0.0708258 0.0676659 0.0632461 0.057984 0.0522224 0.0462129 0.0401238 0.0340674 0.0281376 0.0224467 0.0171464 0.0124216 0.00844971 0.00534525
 0.00760652 0.0123694 0.0186446 0.0263911 0.0353765 0.0450405 0.0544506 0.0625128 0.0683505 0.0715714 0.0722565 0.0707685 0.0675704 0.0631268 0.0578551 0.0520939 0.0460908 0.0400137 0.0339768 0.028075 0.0224166 0.0171465 0.0124424 0.00847937 0.00537378
 0.00762995 0.0124087 0.0187057 0.0264795 0.0354948 0.0451855 0.0546115 0.0626718 0.0684871 0.0716681 0.0723026 0.0707608 0.0675121 0.0630261 0.057724 0.0519463 0.0459402 0.0398715 0.0338524 0.0279757 0.022347 0.0171066 0.0124275 0.00848111 0.00538325
 0.0076136 0.0123828 0.0186683 0.0264301 0.0354359 0.0451236 0.054557 0.0626374 0.0684833 0.0716987 0.0723624 0.0708375 0.0675905 0.0630927 0.05777 0.0519687 0.0459413 0.0398574 0.0338313 0.0279554 0.0223337 0.0171034 0.0124338 0.00849359 0.00539751
 0.00764902 0.0124354 0.0187383 0.0265141 0.0355275 0.0452148 0.05464 0.0627054 0.0685322 0.0717278 0.072374 0.0708347 0.0675751 0.0630643 0.0577266 0.0519088 0.0458663 0.039772 0.0337428 0.0278723 0.0222634 0.0170506 0.0123995 0.008475 0.00538999
 0.0075952 0.0123629 0.0186566 0.0264408 0.0354824 0.0452117 0.0546798 0.0627763 0.0686157 0.0718071 0.0724394 0.0708847 0.0676128 0.0630934 0.0577483 0.0519217 0.0458676 0.0397602 0.0337193 0.0278415 0.0222314 0.017023 0.0123796 0.00846343 0.00538505
 0.0072488 0.0118155 0.0178649 0.0253822 0.0341682 0.0437015 0.0530925 0.0612817 0.0673993 0.0710219 0.072167 0.071124 0.0682945 0.0641059 0.0589652 0.0532223 0.0471504 0.0409494 0.0347659 0.0287203 0.0229364 0.0175624 0.0127714 0.00873174 0.00555685
 0.00705439 0.01148 0.0173246 0.0245683 0.0330253 0.0422167 0.0513239 0.0593675 0.0655393 0.0694367 0.0710518 0.0706102 0.0684267 0.0648394 0.0601816 0.0547599 0.048838 0.042634 0.0363289 0.0300831 0.0240583 0.0184348 0.0134102 0.00916993 0.00583644
 0.00710465 0.0115419 0.0173785 0.0245767 0.0329332 0.0419582 0.0508341 0.0586012 0.0644946 0.0681756 0.0697051 0.0693582 0.0674584 0.0643037 0.0601507 0.0552156 0.0496842 0.0437272 0.037515 0.0312281 0.0250662 0.0192531 0.0140256 0.0095984 0.00611183
 0.0072759 0.011808 0.0177545 0.0250631 0.0335103 0.0425785 0.0514169 0.0590364 0.0646622 0.0679774 0.0691006 0.0683883 0.0662482 0.0630397 0.0590357 0.0544153 0.0492861 0.0437259 0.0378278 0.0317307 0.0256322 0.0197832 0.0144607 0.00991816 0.00632414
 0.0072792 0.0118453 0.0178688 0.0253121 0.0339483 0.0432297 0.0522512 0.0599627 0.0655438 0.0686629 0.0694557 0.0683251 0.0657475 0.0621635 0.0579225 0.0532516 0.0482585 0.0429716 0.0374021 0.031606 0.0257239 0.0199883 0.0146912 0.0101181 0.0064705
 0.00720224 0.0117404 0.0177505 0.0252126 0.0339166 0.0433251 0.0525304 0.0604618 0.0662557 0.0695199 0.0703308 0.0690568 0.066184 0.062208 0.057563 0.0525673 0.0473974 0.0421068 0.0366815 0.0311132 0.0254672 0.0199181 0.0147329 0.0102034 0.00655442
 0.00704315 0.0114828 0.0173669 0.024684 0.033244 0.0425441 0.0517231 0.0597523 0.0657845 0.0694022 0.0706153 0.0697031 0.0670666 0.0631495 0.0583861 0.0531474 0.0476976 0.0421775 0.0366282 0.0310467 0.0254615 0.0199931 0.014865 0.0103515 0.00668387
 0.00697989 0.0113695 0.0171767 0.024385 0.0328061 0.0419513 0.0509877 0.0589252 0.0649555 0.0686893 0.0701424 0.0695686 0.0673108 0.0637327 0.0591927 0.0540198 0.048487 0.0427913 0.0370496 0.03132 0.0256547 0.0201599 0.0150273 0.0105044 0.00681257
 0.00698623 0.0113662 0.0171459 0.0242993 0.0326325 0.041659 0.0505572 0.0583566 0.0642744 0.0679502 0.0694287 0.0689838 0.0669585 0.0636873 0.0594712 0.0545688 0.0491958 0.0435294 0.0377106 0.0318503 0.0260534 0.0204562 0.0152534 0.0106799 0.00694513
 0.007019 0.0114303 0.0172608 0.0244854 0.0329004 0.0419949 0.0509134 0.0586546 0.0644261 0.0678871 0.0691278 0.0684785 0.0663339 0.0630602 0.0589593 0.0542562 0.0491081 0.0436302 0.0379231 0.0320931 0.0262702 0.0206252 0.0153778 0.0107715 0.00701288
 0.00705683 0.0114963 0.017369 0.0246533 0.0331466 0.0423336 0.0513455 0.0591579 0.0649484 0.0683483 0.0694343 0.0685508 0.0661355 0.062617 0.0583563 0.0536119 0.0485362 0.0432043 0.0376615 0.0319676 0.0262311 0.0206273 0.0153932 0.0107886 0.0070288
 0.00712523 0.0115979 0.0175045 0.0248186 0.0333361 0.0425453 0.0515829 0.0594285 0.0652562 0.0686843 0.0697679 0.0688284 0.0662912 0.0625943 0.0581335 0.0532173 0.0480426 0.0427037 0.0372321 0.0316505 0.0260274 0.0205125 0.0153359 0.0107634 0.00701976
 0.00712917 0.0116136 0.017545 0.0248999 0.033472 0.0427388 0.051822 0.0596886 0.0655112 0.0689176 0.0699758 0.0690117 0.0664415 0.0626864 0.0581313 0.0530922 0.0477933 0.0423644 0.0368617 0.0313098 0.0257573 0.0203253 0.0152213 0.0107009 0.00698928
 0.00711594 0.0115907 0.0175088 0.0248487 0.033409 0.0426759 0.0517799 0.0596919 0.0655785 0.0690521 0.0701639 0.0692292 0.0666628 0.0628882 0.0582906 0.053185 0.0477998 0.0422794 0.0367026 0.031113 0.0255645 0.0201677 0.0151115 0.0106351 0.00695539
 0.00707843 0.0115195 0.017383 0.024644 0.0331048 0.0422675 0.0512891 0.0591701 0.0650979 0.0686887 0.0699773 0.0692479 0.0668781 0.0632593 0.0587569 0.05368 0.0482636 0.042668 0.0369937 0.0313081 0.0256834 0.0202375 0.0151555 0.0106671 0.00698047
 0.00717002 0.011672 0.0176172 0.0249764 0.0335377 0.0427766 0.0518164 0.0596317 0.0654085 0.0687929 0.0698701 0.0689744 0.066513 0.0628789 0.0584162 0.0534025 0.0480438 0.0424837 0.036821 0.0311331 0.0255069 0.0200715 0.0150147 0.010561 0.00690981
 0.0070868 0.0115582 0.0174865 0.024857 0.0334672 0.042791 0.0519388 0.0598619 0.0657184 0.0691288 0.0701657 0.0691714 0.0665826 0.0628312 0.0582917 0.0532516 0.0479053 0.0423736 0.0367352 0.0310583 0.0254325 0.0199957 0.0149431 0.0105012 0.00686625
#obs surv len freq
 nan nan nan nan nan nan nan nan nan nan nan nan nan nan nan nan nan nan nan nan nan nan nan nan nan
 0.00448679 0.00734895 0.0111795 0.0159958 0.0216957 0.0279699 0.0342824 0.0400122 0.0446909 0.0481542 0.0505121 0.0520082 0.0529008 0.0534136 0.0537282 0.0539833 0.0542621 0.0545549 0.0546938 0.0542857 0.0527238 0.049356 0.0438058 0.0362859 0.0276696
 0.00461485 0.00756045 0.0115035 0.0164603 0.0223204 0.0287554 0.0351997 0.0410005 0.0456663 0.0490274 0.0512052 0.0524665 0.0530974 0.0533488 0.053425 0.0534795 0.0536013 0.0537799 0.0538435 0.0533973 0.0518361 0.0485122 0.0430509 0.0356579 0.0271897
 0.00477184 0.00781731 0.0118933 0.0170153 0.0230665 0.029702 0.0363293 0.0422621 0.0469791 0.0502924 0.0523195 0.0533368 0.0536514 0.053544 0.0532523 0.0529608 0.0527822 0.0527203 0.05261 0.05206 0.0504698 0.047197 0.0418659 0.0346687 0.0264322
 0.00496404 0.00813027 0.0123653 0.0176824 0.023956 0.0308219 0.0376574 0.0437415 0.0485251 0.0518064 0.0537014 0.0544922 0.0544958 0.0540076 0.0532881 0.0525515 0.0519441 0.0515015 0.0510856 0.0503274 0.0486442 0.045405 0.0402325 0.0332957 0.0253769
 0.00517413 0.00847623 0.0128941 0.0184403 0.0249791 0.032122 0.0392068 0.0454687 0.0503259 0.0535642 0.055306 0.0558484 0.0555237 0.0546404 0.0534711 0.0522465 0.0511362 0.0502089 0.0493668 0.0482844 0.04642 0.0431711 0.0381647 0.0315405 0.0240197
 0.00541195 0.00886212 0.0134738 0.0192569 0.0260659 0.033491 0.0408353 0.0472933 0.0522481 0.0554668 0.0570702 0.0573665 0.056705 0.0554124 0.053777 0.0520429 0.0503953 0.0489268 0.0475785 0.0460786 0.0439458 0.0406278 0.0357697 0.0294829 0.0224156
 0.00567155 0.00928792 0.0141213 0.0201794 0.0273033 0.0350525 0.0426832 0.049339 0.0543668 0.0575239 0.058943 0.0589536 0.057926 0.056203 0.0540855 0.0518276 0.049625 0.0475883 0.0456917 0.0437178 0.0412558 0.0378202 0.0330906 0.0271562 0.0205868
 0.00589954 0.00966528 0.014702 0.0210186 0.0284475 0.0365226 0.0444572 0.0513438 0.0564877 0.0596249 0.0608896 0.0606282 0.0592349 0.0570767 0.0544736 0.0516921 0.0489363 0.046329 0.0438717 0.041398 0.0385694 0.0349753 0.0303409 0.0247424 0.0186729
 0.00614602 0.0100667 0.0153077 0.0218757 0.0295931 0.0379711 0.0461854 0.0532851 0.0585389 0.0616638 0.0627922 0.0622811 0.0605415 0.0579608 0.054879 0.0515791 0.0482777 0.04511 0.0421011 0.0391293 0.0359248 0.0321537 0.0275924 0.0223115 0.0167324
 0.00638193 0.0104552 0.0159014 0.0227262 0.0307402 0.0394261 0.0479154 0.0552085 0.0605398 0.0636157 0.0645798 0.0638088 0.0617337 0.058757 0.0552313 0.0514492 0.0476365 0.0439407 0.0404092 0.0369623 0.0333946 0.0294449 0.0249422 0.0199562 0.014843
 0.00661937 0.0108427 0.0164876 0.0235575 0.0318522 0.0408298 0.0495822 0.057064 0.0624726 0.0654983 0.0662898 0.0652444 0.0628191 0.0594423 0.0554854 0.0512516 0.0469714 0.0427978 0.0387942 0.0349168 0.031018 0.0269045 0.0224551 0.0177415 0.0130617
 0.00682566 0.0111867 0.0170209 0.0243329 0.032912 0.0421877 0.0512061 0.0588714 0.0643444 0.0673039 0.0679092 0.066581 0.0638026 0.0600274 0.0556475 0.0509814 0.0462675 0.041664 0.0372453 0.032995 0.0288128 0.0245639 0.0201718 0.0157109 0.011428
 0.00705539 0.011556 0.0175696 0.0250961 0.0339149 0.0434368 0.0526775 0.0605046 0.0660459 0.0689609 0.0694073 0.0678188 0.0647025 0.0605396 0.0557487 0.0506684 0.0455489 0.0405559 0.0357737 0.0312068 0.0267926 0.0224429 0.0181172 0.0138914 0.00996765
 0.00725766 0.0118927 0.0180899 0.0258485 0.0349348 0.0447278 0.0541957 0.0621574 0.0677106 0.0705139 0.0707463 0.0688702 0.0654182 0.0608904 0.0557213 0.0502631 0.044778 0.0394411 0.0343479 0.0295215 0.0249289 0.020518 0.0162752 0.0122741 0.00867696
 0.00741887 0.0121545 0.0184841 0.0264061 0.0356816 0.045677 0.0553371 0.0634495 0.0690809 0.0718673 0.0719803 0.0698909 0.0661536 0.0612967 0.0557807 0.0499768 0.0441592 0.0385122 0.0331419 0.0280888 0.0233451 0.0188872 0.0147206 0.0109142 0.00759506
 0.00752417 0.0123303 0.0187571 0.026804 0.0362273 0.04638 0.0561854 0.0644077 0.0700967 0.0728816 0.0729342 0.0707274 0.0668173 0.0617372 0.0559585 0.0498685 0.0437596 0.0378326 0.03221 0.0269503 0.0220682 0.0175635 0.0134557 0.00980748 0.00671525
 0.00758581 0.0124258 0.0188929 0.026985 0.0364593 0.0466713 0.0565468 0.0648484 0.0706187 0.0734743 0.0735721 0.0713721 0.0674217 0.0622498 0.0563279 0.0500487 0.0437159 0.0375476 0.0316879 0.0262203 0.0211858 0.0166073 0.0125171 0.0089727 0.0060449
 0.00765874 0.012537 0.0190464 0.0271793 0.0366877 0.0469239 0.0568119 0.0651162 0.0708848 0.0737424 0.0738522 0.0716727 0.0677411 0.0625698 0.0566142 0.0502564 0.0437985 0.0374668 0.0314232 0.0257762 0.0205957 0.0159309 0.0118297 0.0083479 0.00553627
 0.00773368 0.0126556 0.0192181 0.0274096 0.0369751 0.047257 0.0571678 0.0654623 0.0711871 0.0739766 0.0740118 0.0717697 0.0677987 0.0626109 0.0566499 0.0502797 0.0437847 0.0373818 0.0312354 0.0254698 0.0201797 0.0154408 0.01132 0.00787647 0.00514776
 0.00777561 0.0127179 0.0193013 0.0275109 0.0370905 0.0473833 0.0573037 0.0656069 0.0713376 0.0741259 0.0741497 0.0718869 0.0678908 0.0626807 0.0567041 0.0503226 0.0438112 0.0373751 0.0311713 0.0253276 0.0199534 0.0151461 0.0109919 0.00755833 0.00487669
 0.00780383 0.0127591 0.0193546 0.0275721 0.0371533 0.0474405 0.05735 0.0656406 0.0713615 0.0741475 0.0741784 0.07193 0.0679504 0.0627528 0.0567818 0.0503978 0.0438756 0.0374176 0.0311772 0.0252817 0.0198469 0.0149838 0.0107938 0.00735412 0.00469501
 0.00784038 0.0128123 0.0194231 0.0276502 0.0372321 0.0475103 0.057402 0.0656689 0.0713641 0.0741275 0.0741444 0.0718943 0.0679258 0.0627483 0.0567999 0.0504343 0.0439209 0.0374589 0.0312005 0.0252736 0.0197985 0.0148949 0.0106752 0.00722462 0.00457498
 0.00785109 0.012828 0.0194433 0.027673 0.037254 0.0475267 0.0574079 0.0656599 0.0713384 0.0740873 0.0740964 0.0718486 0.0678931 0.0627377 0.0568161 0.0504766 0.0439827 0.0375288 0.0312642 0.0253169 0.0198108 0.0148727 0.0106239 0.00715662 0.00450524
 0.00785726 0.0128374 0.019456 0.0276886 0.0372714 0.0475439 0.0574221 0.0656678 0.0713366 0.0740736 0.0740705 0.0718137 0.0678552 0.062705 0.0567968 0.0504763 0.0440028 0.0375651 0.0313075 0.0253554 0.0198338 0.0148738 0.0106035 0.00712135 0.00446486
 0.0078763 0.0128597 0.0194739 0.0276902 0.0372443 0.0474813 0.0573274 0.0655544 0.0712233 0.073978 0.0740041 0.0717801 0.0678522 0.0627276 0.0568397 0.0505356 0.044075 0.037646 0.0313908 0.0254327 0.0198962 0.0149151 0.0106221 0.00712112 0.00445308
 0.00789369 0.0128889 0.019519 0.0277536 0.0373243 0.0475691 0.0574059 0.0656023 0.0712233 0.073925 0.0739086 0.0716635 0.0677381 0.0626335 0.0567744 0.0504999 0.0440654 0.0376571 0.0314161 0.0254649 0.0199277 0.0149393 0.0106353 0.00712345 0.00444774
 0.00786109 0.0128385 0.0194484 0.0276634 0.0372187 0.0474566 0.0572987 0.0655135 0.0711621 0.0738932 0.0739005 0.0716707 0.0677553 0.0626611 0.0568163 0.0505597 0.044143 0.0377479 0.0315128 0.0255591 0.0200116 0.0150069 0.0106839 0.00715367 0.00446322
 0.00786278 0.012834 0.0194284 0.0276155 0.0371313 0.0473253 0.0571308 0.0653289 0.070988 0.0737554 0.0738162 0.0716443 0.0677802 0.0627244 0.0569047 0.0506636 0.0442563 0.0378666 0.0316322 0.0256731 0.0201135 0.0150912 0.0107474 0.00719671 0.00448902
 0.00784811 0.01281 0.0193916 0.0275616 0.0370553 0.0472215 0.0569952 0.0651622 0.0707989 0.0735628 0.0736459 0.0715233 0.0677274 0.0627453 0.0569909 0.0507974 0.044418 0.0380387 0.0318017 0.0258304 0.0202513 0.0152044 0.0108338 0.00725708 0.00452726
 0.00782478 0.0127713 0.0193322 0.0274764 0.036941 0.0470785 0.0568292 0.0649835 0.0706204 0.0733969 0.0735041 0.0714166 0.0676674 0.0627424 0.0570503 0.0509157 0.0445824 0.0382307 0.0320016 0.026021 0.0204202 0.0153438 0.0109406 0.00733269 0.00457618
 0.00783711 0.0127866 0.0193461 0.0274818 0.0369289 0.0470412 0.0567622 0.0648876 0.070501 0.0732632 0.0733673 0.0712886 0.0675599 0.0626662 0.0570149 0.0509272 0.0446415 0.0383308 0.0321297 0.0261607 0.0205555 0.0154625 0.0110355 0.00740186 0.00462208
 0.00778966 0.0127144 0.0192468 0.0273561 0.0367804 0.0468751 0.0565854 0.0647085 0.0703307 0.0731138 0.0732508 0.0712147 0.0675343 0.0626901 0.0570858 0.0510403 0.0447905 0.0385075 0.032323 0.0263569 0.02074 0.0156226 0.0111633 0.00749525 0.00468432
 0.00773711 0.0126281 0.0191157 0.027171 0.0365374 0.0465805 0.056259 0.0643825 0.0700415 0.072892 0.0731143 0.0711675 0.0675704 0.0627982 0.0572527 0.0512523 0.0450339 0.038769 0.0325891 0.026614 0.0209744 0.015823 0.0113224 0.00761165 0.0047622
 0.00772645 0.0126044 0.0190682 0.0270854 0.0363994 0.0463811 0.0560002 0.0640798 0.0697228 0.0725922 0.0728681 0.0710022 0.067501 0.0628257 0.0573665 0.0514347 0.0452648 0.0390284 0.0328587 0.0268769 0.0212157 0.0160304 0.0114882 0.00773403 0.00484487
 0.00769582 0.0125567 0.019 0.026994 0.0362819 0.046234 0.0558203 0.0638664 0.0694811 0.0723366 0.0726218 0.0707942 0.0673595 0.0627712 0.0574067 0.0515637 0.0454657 0.0392783 0.0331326 0.0271514 0.021471 0.0162514 0.0116659 0.00786567 0.00493424
 0.00766743 0.0125128 0.0189381 0.0269133 0.0361838 0.0461212 0.0556968 0.0637365 0.0693479 0.0722012 0.0724851 0.0706604 0.067239 0.0626809 0.0573656 0.0515866 0.0455572 0.0394312 0.0333298 0.0273705 0.0216889 0.0164485 0.0118289 0.0079891 0.00501937
 0.00764952 0.0124814 0.018887 0.0268359 0.0360752 0.0459816 0.0555338 0.0635645 0.0691845 0.0720613 0.0723766 0.0705838 0.0671906 0.0626576 0.0573688 0.0516224 0.0456334 0.0395513 0.0334897 0.0275572 0.0218835 0.0166316 0.011985 0.00810977 0.00510391
 0.00763838 0.0124645 0.0188634 0.0268048 0.0360353 0.0459304 0.0554676 0.0634807 0.0690834 0.0719488 0.0722633 0.0704819 0.0671103 0.0626043 0.0573439 0.0516261 0.045667 0.039617 0.0335875 0.027682 0.0220242 0.0167729 0.012112 0.00821221 0.00517804
 0.00760482 0.0124157 0.0188009 0.0267337 0.0359628 0.0458634 0.0554106 0.0634344 0.0690453 0.0719142 0.0722277 0.0704437 0.0670715 0.0625709 0.057323 0.0516239 0.0456874 0.0396622 0.0336575 0.0277739 0.0221311 0.0168841 0.0122158 0.00829877 0.00524259
 0.00759343 0.0123927 0.0187582 0.0266625 0.0358568 0.0457243 0.0552508 0.063276 0.0689125 0.0718247 0.0721867 0.0704446 0.0671015 0.0626172 0.0573775 0.051684 0.0457547 0.0397393 0.0337463 0.0278736 0.0222375 0.0169901 0.0123127 0.00837947 0.00530309
 0.00757532 0.0123663 0.0187237 0.026621 0.0358087 0.0456673 0.0551804 0.0631879 0.0688076 0.0717121 0.072083 0.0703676 0.0670633 0.0626197 0.0574137 0.0517431 0.0458274 0.0398201 0.0338331 0.0279651 0.0223313 0.0170817 0.0123961 0.00844901 0.00535569
 0.00756624 0.0123503 0.0186977 0.0265818 0.0357546 0.0455996 0.0551038 0.0631093 0.0687332 0.0716449 0.0720233 0.0703162 0.067024 0.0625991 0.0574181 0.0517745 0.0458822 0.0398919 0.0339149 0.0280515 0.0224178 0.0171639 0.0124696 0.00850982 0.00540164
 0.00754287 0.0123166 0.0186546 0.0265326 0.0357035 0.0455494 0.0550554 0.0630618 0.0686859 0.0715991 0.0719816 0.0702818 0.0669993 0.062586 0.0574188 0.0517914 0.0459172 0.0399441 0.0339809 0.0281258 0.0224944 0.0172372 0.0125347 0.00856328 0.00544182
 0.0075387 0.0123065 0.0186337 0.0264952 0.0356451 0.0454707 0.0549635 0.0629692 0.0686062 0.0715412 0.0719478 0.0702687 0.0670016 0.0625994 0.0574411 0.0518227 0.0459583 0.0399958 0.0340424 0.0281944 0.0225655 0.0173055 0.0125953 0.0086127 0.00547867
 0.00752001 0.0122787 0.0185964 0.0264489 0.0355909 0.0454083 0.054892 0.0628886 0.0685197 0.0714566 0.0718766 0.0702216 0.0669847 0.0626124 0.0574788 0.0518779 0.0460248 0.0400696 0.0341206 0.0282743 0.0226438 0.0173781 0.0126581 0.00866301 0.00551556
 0.00752686 0.0122876 0.0186057 0.026456 0.0355927 0.0454031 0.0548793 0.0628691 0.0684937 0.0714236 0.0718358 0.0701742 0.0669355 0.0625689 0.0574479 0.0518641 0.0460288 0.040089 0.0341521 0.0283142 0.0226883 0.0174232 0.0126998 0.00869806 0.00554225
 0.00751349 0.0122707 0.0185892 0.026446 0.0355951 0.0454206 0.0549091 0.0629033 0.0685225 0.0714391 0.0718344 0.0701563 0.0669042 0.062529 0.0574059 0.0518267 0.0460018 0.0400759 0.0341535 0.0283282 0.0227112 0.0174507 0.0127279 0.0087231 0.00556211
 0.00748331 0.0122218 0.0185164 0.026346 0.035469 0.0452761 0.0547621 0.0627749 0.0684329 0.0714001 0.0718454 0.0702065 0.0669785 0.0626134 0.057491 0.0519081 0.0460788 0.0401497 0.0342253 0.028398 0.0227776 0.0175109 0.0127791 0.00876354 0.00559144
 0.00749142 0.0122304 0.0185207 0.0263384 0.0354408 0.0452207 0.0546781 0.0626681 0.0683162 0.0712908 0.0717609 0.0701594 0.0669724 0.0626433 0.0575456 0.0519752 0.0461491 0.0402181 0.03429 0.0284586 0.0228337 0.0175614 0.0128222 0.00879783 0.0056165
 0.00749142 0.0122304 0.0185207 0.0263384 0.0354408 0.0452207 0.0546781 0.0626681 0.0683162 0.0712908 0.0717609 0.0701594 0.0669724 0.0626433 0.0575456 0.0519752 0.0461491 0.0402181 0.03429 0.0284586 0.0228337 0.0175614 0.0128222 0.00879783 0.0056165
 0.00716795 0.0117187 0.017779 0.0253427 0.0341958 0.0437729 0.0531271 0.0611627 0.0670276 0.0703722 0.071312 0.0702094 0.0674842 0.0635296 0.0586908 0.0532574 0.0474583 0.0414675 0.0354197 0.029433 0.0236366 0.0181916 0.0132905 0.00912445 0.00582831
 0.00707389 0.011533 0.0174395 0.0247736 0.0333279 0.0425765 0.051641 0.0595023 0.0653648 0.0688974 0.070195 0.0695721 0.0673845 0.0639569 0.0595727 0.0544758 0.048873 0.0429404 0.0368335 0.0307017 0.0247079 0.0190438 0.0139274 0.00956919 0.00611633
 0.00709489 0.0115648 0.0174799 0.0248103 0.0333307 0.0424909 0.0513912 0.0590106 0.0645864 0.0678549 0.0689923 0.0683761 0.0663809 0.0633015 0.059355 0.054705 0.0494856 0.0438225 0.0378505 0.0317269 0.0256419 0.0198243 0.0145291 0.00999719 0.00639651
 0.0071388 0.0116444 0.0176141 0.0250196 0.0336289 0.0428721 0.0518168 0.0594043 0.064843 0.067865 0.0686779 0.0677248 0.0654657 0.0622703 0.0583919 0.0539765 0.0490949 0.0437886 0.0381165 0.0321888 0.0261839 0.0203485 0.0149714 0.0103304 0.00662269
 0.00718034 0.0117228 0.0177523 0.0252458 0.0339703 0.0433433 0.0524084 0.0600748 0.0655191 0.0684489 0.0690609 0.0678092 0.0651928 0.0616482 0.0575077 0.052981 0.0481613 0.0430607 0.0376701 0.0320207 0.0262303 0.020519 0.0151817 0.0105221 0.00676817
 0.00714058 0.0116696 0.0176944 0.0252011 0.0339645 0.0434064 0.0525683 0.0603508 0.0659128 0.0689352 0.0695834 0.0682833 0.0655212 0.0617459 0.0573319 0.0525532 0.0475688 0.0424322 0.0371324 0.0316571 0.0260608 0.020508 0.0152654 0.0106384 0.00687462
 0.00701291 0.0114614 0.0173818 0.024766 0.0334046 0.0427474 0.0518732 0.059716 0.0654474 0.06873 0.0696822 0.0686695 0.0661199 0.0624418 0.0579974 0.0530841 0.0479137 0.0426049 0.0371979 0.0316973 0.0261372 0.0206407 0.0154368 0.0108134 0.00702257
 0.00700094 0.0114316 0.0173173 0.0246435 0.0331984 0.0424378 0.0514566 0.0592134 0.0649075 0.0682256 0.0692981 0.0684811 0.0661696 0.0627213 0.058446 0.0536053 0.0484075 0.0430008 0.0374747 0.0318794 0.0262708 0.0207651 0.0155675 0.0109437 0.00713664
 0.00694486 0.0113459 0.0171977 0.024488 0.0330048 0.0422017 0.0511708 0.0588719 0.0645125 0.0677956 0.0688729 0.0681198 0.0659393 0.0626771 0.0586103 0.053955 0.0488779 0.0435079 0.0379446 0.0322704 0.0265772 0.0210034 0.0157577 0.0110969 0.00725582
 0.0070425 0.0114946 0.0174025 0.0247459 0.0333045 0.042523 0.0514844 0.0591386 0.0646871 0.0678351 0.0687496 0.0678341 0.0655269 0.0622056 0.0581619 0.0536016 0.0486582 0.0434177 0.0379471 0.0323186 0.0266352 0.0210551 0.0158016 0.0111365 0.0072919
 0.00706982 0.0115552 0.0175226 0.0249575 0.0336345 0.0429773 0.0520352 0.0597246 0.0652277 0.0682519 0.0689837 0.0678543 0.065332 0.0618247 0.0576524 0.0530398 0.0481222 0.0429668 0.0376077 0.0320858 0.026485 0.0209613 0.0157449 0.0111051 0.007278
 0.00703867 0.0115049 0.0174493 0.0248622 0.0335283 0.0428859 0.0519987 0.0597864 0.065416 0.0685605 0.069366 0.0682356 0.0656338 0.0619894 0.057658 0.0529033 0.0478906 0.0427009 0.0373627 0.0318957 0.0263591 0.0208901 0.0157117 0.0110941 0.00727817
 0.0070483 0.011519 0.0174673 0.0248821 0.0335466 0.0428992 0.0520059 0.0597933 0.0654376 0.0686194 0.0694827 0.0684145 0.0658528 0.062202 0.0578092 0.0529516 0.0478244 0.0425414 0.0371531 0.0316832 0.026179 0.0207584 0.0156273 0.0110466 0.00725498
