SBPRF35
6.9537
Curr Bio
507629
B35
450014
F35
0.224405
FOFL
0.224405
OFL
90405.3
Bzero
1.98677e+006
#pred survey bio
 2.34778e+006 2.2478e+006 2.12559e+006 2.00034e+006 1.79782e+006 1.61526e+006 1.42558e+006 1.26409e+006 1.1352e+006 1.03834e+006 953830 879846 789725 681825 626581 606470 598146 601537 593186 561542 525587 482507 464918 470910 496667 520802 543889 520925 523953 519501 534575 523686 512767 513766 515257 533386 577643 609123 605306 567460 537033 523570 539605 576522 601698 623275 653389 631426 578377 566838 542784 524235 578315 649415 645147 566631 470666 462720 489907 513747 1.21518e+007 1.06071e+007 1.05174e+007 1.10141e+007 1.18148e+007 1.26757e+007 1.34568e+007 1.41011e+007 1.46015e+007 1.49754e+007 1.5248e+007 1.54435e+007 1.55827e+007 1.56814e+007 1.57515e+007 1.58014e+007 1.58371e+007 1.58629e+007 1.58815e+007 1.58951e+007 1.59051e+007 1.59125e+007 1.5918e+007 1.59221e+007 1.59252e+007 1.59275e+007 1.59292e+007 1.59305e+007 1.59315e+007 1.59323e+007 1.59329e+007 1.59333e+007 1.59336e+007 1.59339e+007 1.59341e+007 1.59342e+007 1.59343e+007 1.59344e+007 1.59345e+007 1.59345e+007 1.59346e+007 1.59346e+007 1.59346e+007 1.59346e+007 1.59346e+007 1.59346e+007 1.59347e+007 1.59347e+007 1.59347e+007 1.59347e+007 1.59347e+007 1.59347e+007 1.59347e+007 1.59347e+007 1.59347e+007 1.59347e+007 1.59347e+007 1.59347e+007 1.59347e+007 1.59347e+007 1.59347e+007 1.59347e+007 1.59347e+007 1.59347e+007 1.59347e+007 1.59347e+007 1.59347e+007 1.59347e+007 1.59347e+007 1.59347e+007 1.59347e+007 1.59347e+007 1.59347e+007 1.59347e+007 1.59347e+007 1.59347e+007 1.59347e+007 1.59347e+007 1.59347e+007 1.59347e+007 1.59347e+007 1.59347e+007 1.59347e+007 1.59347e+007 1.59347e+007 1.59347e+007 1.59347e+007 1.59347e+007 1.59347e+007 1.59347e+007 1.59347e+007 1.59347e+007 1.59347e+007 1.59347e+007 1.59347e+007 1.59347e+007 1.59347e+007 1.59347e+007 1.59347e+007 1.59347e+007 0 0 0 0 0 0 0 0 0 0 0 0 0 0 0 0 0 0 0 0 0 0 0 0 0
#obs survey bio
 2.15567e+006 2.08131e+006 2.21107e+006 2.59703e+006 1.57229e+006 1.83253e+006 1.99004e+006 1.04191e+006 1.53168e+006 867370 1.32964e+006 821765 1.0336e+006 528612 652965 565984 553981 577465 700993 520992 442361 658664 468679 390685 515616 590714 609158 446240 427830 471030 613096 466876 432337 547923 486425 370222 538754 767288 566302 615679 467493 540900 510730 511580 661430 570447 659588 675654 644270 557104 430021 465874 767420 628896 808298 656720 361834 535079 505740 452715
#pred catch bio
 261082 265085 267374 307100 309337 305322 282182 276669 253781 249070 216980 214045 192685 173608 147494 143029 137541 138214 119438 106885 112762 100439 101799 103554 108434 97429.8 101588 90812 96449.6 91456.3 96962.8 95175 78622 79517.3 88393.3 86306.8 84543.5 80663.5 85306.7 82465.8 85320.6 90049 89434.4 91587.8 89169.7 90345.9 84065.6 123731 97167 91392.2 104500 68289.2 59360 101361 107039 129366 70633.6 56996.1 72304.3 81728.2 90405.3 85817.4 83300.3 85966.4 91810.8 98286.2 104102 108783 112298 114812 116549 117718 118489 118990 119311 119515 119644 119724 119775 119806 119825 119837 119845 119849 119852 119854 119855 119855 119856 119856 119856 119856 119856 119856 119856 119856 119856 119856 119856 119856 119856 119856 119856 119856 119856 119856 119856 119856 119856 119856 119856 119856 119856 119856 119856 119856 119856 119856 119856 119856 119856 119856 119856 119856 119856 119856 119856 119856 119856 119856 119856 119856 119856 119856 119856 119856 119856 119856 119856 119856 119856 119856 119856 119856 119856 119856 119856 119856 119856 119856 119856 119856 119856 119856 119856 119856 119856 119856 119856 119856 0 0 0 0 0 0 0 0 0 0 0 0 0 0 0 0 0 0 0 0 0 0 0 0 0
#obs catch bio
 257426 264979 267276 306894 309740 305316 281730 277222 253671 250264 216580 214474 191708 174284 147421 143140 137872 138798 119114 106619 112814 100230 101888 104127 108951 97414 101287 90802.4 96426 91643.6 96894.6 95385.6 78479.9 79368 88531.1 86539.4 84555.9 80508.9 85271.2 82392.2 85272.6 90217.7 89617.3 91572 89072.4 90574.2 83578.5 124311 97154.3 91128.7 104956 68275.1 59078.3 101702 106639 130120 70497.1 56834.1 72414.7 81781
#pred cpue bio
 2.31895e+006 2.21853e+006 2.09518e+006 1.96916e+006 1.76735e+006 1.58521e+006 1.39647e+006 1.23585e+006 1.10735e+006 1.01068e+006 926282 852819 764040 658657 604417 584695 576393 579457 571277 540891 506277 464544 447581 453267 478112 501508 524147 502191 505258 501023 515839 505437 493765 493108 493677 510864 553500 584097 580841 544541 515313 502297 517594 553177 577481 598254 627226 606487 554409 542889 520261 502232 554510 624166 620348 544290 450720 443277 470607 494366 1.16995e+007 1.02104e+007 9.97962e+006 1.03664e+007 1.11423e+007 1.19994e+007 1.278e+007 1.34242e+007 1.39246e+007 1.42986e+007 1.45711e+007 1.47667e+007 1.49058e+007 1.50046e+007 1.50746e+007 1.51245e+007 1.51603e+007 1.5186e+007 1.52046e+007 1.52183e+007 1.52283e+007 1.52356e+007 1.52411e+007 1.52452e+007 1.52483e+007 1.52506e+007 1.52524e+007 1.52537e+007 1.52547e+007 1.52554e+007 1.5256e+007 1.52564e+007 1.52567e+007 1.5257e+007 1.52572e+007 1.52573e+007 1.52574e+007 1.52575e+007 1.52576e+007 1.52576e+007 1.52577e+007 1.52577e+007 1.52577e+007 1.52577e+007 1.52578e+007 1.52578e+007 1.52578e+007 1.52578e+007 1.52578e+007 1.52578e+007 1.52578e+007 1.52578e+007 1.52578e+007 1.52578e+007 1.52578e+007 1.52578e+007 1.52578e+007 1.52578e+007 1.52578e+007 1.52578e+007 1.52578e+007 1.52578e+007 1.52578e+007 1.52578e+007 1.52578e+007 1.52578e+007 1.52578e+007 1.52578e+007 1.52578e+007 1.52578e+007 1.52578e+007 1.52578e+007 1.52578e+007 1.52578e+007 1.52578e+007 1.52578e+007 1.52578e+007 1.52578e+007 1.52578e+007 1.52578e+007 1.52578e+007 1.52578e+007 1.52578e+007 1.52578e+007 1.52578e+007 1.52578e+007 1.52578e+007 1.52578e+007 1.52578e+007 1.52578e+007 1.52578e+007 1.52578e+007 1.52578e+007 1.52578e+007 1.52578e+007 1.52578e+007 1.52578e+007 1.52578e+007 1.52578e+007 1.52578e+007 0 0 0 0 0 0 0 0 0 0 0 0 0 0 0 0 0 0 0 0 0 0 0 0 0
#obs cpue bio
 2.91562e+006 2.73886e+006 1.78403e+006 1.90324e+006 1.61222e+006 1.57324e+006 1.06446e+006 1.26527e+006 881474 944218 841978 804008 846935 565280 646985 608523 535506 557420 664224 567184 598644 358938 392576 381626 479908 486933 687123 422540 728901 403516 600203 485769 642137 511085 457990 583138 704354 516803 641167 494056 605934 417989 480528 757200 546743 496662 933037 475603 450285 683863 588887 463851 458585 669226 615712 413745 555506 386618 437388 586323
#pred surv len freq
 0.00467016 0.00769029 0.0117728 0.0169544 0.0231257 0.0299276 0.0367371 0.0428376 0.0476927 0.0511173 0.0532372 0.054324 0.054654 0.0544521 0.0538919 0.0531154 0.0522536 0.0514217 0.0506607 0.0498252 0.0484888 0.0459947 0.0417301 0.0355245 0.0279004
 0.00511908 0.00834726 0.0126292 0.0179634 0.0242253 0.0310735 0.0379191 0.0440646 0.0489563 0.0523607 0.0543553 0.0551982 0.0552024 0.0546618 0.0538152 0.0528329 0.0518227 0.0508373 0.0498489 0.0486789 0.0469362 0.0440675 0.0395896 0.0334194 0.0260754
 0.00527123 0.00866813 0.013242 0.0190119 0.0258204 0.0332195 0.0404655 0.0467288 0.05142 0.0543829 0.0558303 0.0561326 0.0556485 0.054668 0.0534185 0.0520751 0.0507563 0.0495066 0.0482655 0.046821 0.0447869 0.0416731 0.0370952 0.0310463 0.0240459
 0.00541892 0.00889543 0.013567 0.019461 0.0264441 0.0341036 0.0417175 0.0484295 0.0535547 0.0567963 0.0582462 0.0582404 0.0572064 0.0555611 0.0536498 0.0517156 0.0498964 0.0482279 0.0466291 0.0448702 0.0425681 0.0392705 0.0346551 0.0287641 0.0221108
 0.00567252 0.00930885 0.0141895 0.0203344 0.027591 0.0355136 0.0433416 0.0501943 0.0553917 0.0586603 0.0600999 0.0600124 0.0587614 0.0567176 0.0542393 0.0516406 0.0491502 0.0468735 0.0447625 0.0425971 0.0400041 0.036559 0.0319779 0.0263238 0.0200828
 0.00589097 0.00967909 0.0147744 0.0212015 0.0287965 0.0370785 0.0452272 0.0522954 0.0575562 0.0607296 0.0619489 0.0615677 0.0599883 0.0575859 0.0546924 0.0515948 0.0485248 0.0456298 0.0429269 0.0402611 0.0373146 0.0337078 0.0291871 0.0238141 0.0180263
 0.00616303 0.0101155 0.0154214 0.0221008 0.0299813 0.0385643 0.0469988 0.0542955 0.059683 0.0628469 0.063906 0.0632254 0.0612433 0.058381 0.0550064 0.0514169 0.0478349 0.0444012 0.0411527 0.0379881 0.0346641 0.0308737 0.0264083 0.0213253 0.0160022
 0.00641505 0.0105289 0.0160498 0.0229947 0.0311766 0.0400651 0.0487628 0.0562326 0.0616742 0.0647702 0.0656547 0.0647105 0.062389 0.0591232 0.0552971 0.0512269 0.0471494 0.0432143 0.0394719 0.0358539 0.0321772 0.0282064 0.0237856 0.0189752 0.0140949
 0.00666188 0.0109389 0.0166826 0.0239107 0.0324231 0.0416558 0.0506565 0.0583268 0.0638201 0.0668048 0.0674325 0.0661243 0.0633746 0.059652 0.0553621 0.05083 0.0462943 0.0419069 0.0377287 0.0337198 0.0297465 0.0256356 0.0212791 0.0167418 0.0122907
 0.00689147 0.0113066 0.0172265 0.0246645 0.0334131 0.0428937 0.0521291 0.0599874 0.0655874 0.0685701 0.0690736 0.0675212 0.0644263 0.060289 0.0555499 0.0505627 0.0455824 0.040769 0.0361923 0.0318342 0.0276009 0.02337 0.0190733 0.0147786 0.0107067
 0.00713461 0.0117052 0.0178315 0.0255226 0.0345544 0.0443137 0.0537741 0.0617552 0.0673487 0.0701999 0.070473 0.0686226 0.0651845 0.0606727 0.0555386 0.0501487 0.0447718 0.0395812 0.0346608 0.0300133 0.0255778 0.0212718 0.0170576 0.0130021 0.00928352
 0.00722687 0.0118639 0.0180872 0.0259114 0.0351125 0.0450681 0.0547301 0.062888 0.0686023 0.0714937 0.0717146 0.0697216 0.0660645 0.0612771 0.0558295 0.0501026 0.0443774 0.03884 0.0335924 0.0286628 0.0240233 0.0196263 0.0154582 0.0115831 0.00814247
 0.00730211 0.0120029 0.0183271 0.0262969 0.0356852 0.04585 0.0557091 0.0640136 0.0697963 0.0726683 0.0727874 0.0706239 0.0667437 0.0616965 0.0559678 0.049951 0.0439364 0.0381176 0.0326077 0.0274535 0.0226547 0.018194 0.0140778 0.0103666 0.00716969
 0.00745063 0.0122268 0.0186329 0.0266825 0.0361464 0.046387 0.0563284 0.0647209 0.070584 0.0735052 0.0736182 0.071379 0.0673552 0.062111 0.0561518 0.049889 0.043626 0.0375661 0.0318328 0.0264883 0.0215542 0.0170377 0.0129613 0.00938212 0.00638263
 0.00754126 0.0123871 0.0188963 0.027084 0.036709 0.0471047 0.0571552 0.065578 0.0713854 0.0741882 0.0741577 0.0717788 0.0676261 0.0622544 0.0561557 0.0497354 0.0433001 0.0370627 0.0311596 0.0256694 0.0206336 0.0160793 0.012042 0.0085756 0.00574043
 0.00761774 0.0124824 0.0189883 0.0271398 0.0367012 0.0470329 0.057058 0.0655241 0.0714441 0.0743969 0.0745081 0.0722266 0.0681135 0.0627275 0.0565698 0.0500513 0.0434825 0.0370834 0.031004 0.0253434 0.0201672 0.0155248 0.0114658 0.00804393 0.00530288
 0.00768573 0.0125954 0.0191608 0.0273805 0.0370045 0.0473697 0.0573751 0.0657591 0.0715543 0.0743849 0.0744239 0.0721426 0.0680882 0.0627815 0.0566846 0.0501846 0.0435849 0.0371105 0.0309241 0.0251432 0.0198562 0.0151357 0.0110477 0.00764932 0.00497319
 0.00768124 0.0125918 0.0191627 0.027396 0.0370445 0.0474455 0.0574934 0.0659157 0.0717296 0.0745469 0.0745407 0.0721992 0.0680972 0.0627765 0.0567007 0.0502376 0.0436628 0.0371803 0.0309468 0.0250888 0.0197146 0.01492 0.0107902 0.00739012 0.00474736
 0.00778857 0.0127432 0.0193482 0.0275926 0.0372237 0.0475852 0.057587 0.0659725 0.0717674 0.0745802 0.0745725 0.0722203 0.0680932 0.0627396 0.0566367 0.0501635 0.0435955 0.0371244 0.0308907 0.0250122 0.0196004 0.0147652 0.0106082 0.00720514 0.00458375
 0.00788792 0.0128803 0.0195087 0.027746 0.0373299 0.0476062 0.0574995 0.0657767 0.0714901 0.0742714 0.0742932 0.0720249 0.0680117 0.0627697 0.0567508 0.0503243 0.0437703 0.0372904 0.0310318 0.0251148 0.0196537 0.0147658 0.0105638 0.00713316 0.00450504
 0.00781914 0.0127939 0.0194241 0.0276932 0.0373361 0.0476779 0.0576106 0.065874 0.0715162 0.0741929 0.074118 0.071799 0.0677995 0.0626284 0.0567113 0.0503855 0.0439066 0.0374651 0.0312097 0.0252686 0.019766 0.0148298 0.0105826 0.00711872 0.00447319
 0.00784951 0.012847 0.0195117 0.0278307 0.0375413 0.0479661 0.0579867 0.0663215 0.071989 0.0746168 0.074408 0.0718883 0.0676675 0.0623105 0.0562841 0.0499362 0.0435033 0.0371426 0.0309711 0.0250976 0.0196405 0.0147308 0.010499 0.00704661 0.00441335
 0.0078571 0.0128507 0.0195019 0.0277955 0.0374723 0.0478671 0.0578797 0.0662448 0.071985 0.074714 0.0746042 0.0721456 0.0679225 0.0624986 0.0563651 0.049909 0.0434005 0.0370104 0.0308481 0.0250029 0.0195748 0.0146852 0.0104636 0.00701564 0.00438583
 0.00780735 0.0127897 0.019446 0.0277696 0.0375 0.0479574 0.0580183 0.0663989 0.07212 0.0748119 0.0746709 0.0722017 0.0679849 0.0625655 0.0564157 0.0499166 0.0433502 0.0369083 0.0307173 0.0248706 0.0194607 0.0145967 0.010399 0.00696952 0.00435317
 0.00774333 0.012685 0.0192889 0.0275535 0.0372298 0.0476568 0.0577315 0.0661812 0.0720174 0.0748418 0.0748162 0.0724232 0.0682415 0.0628273 0.056664 0.0501366 0.0435276 0.0370323 0.0307869 0.0248961 0.0194585 0.0145822 0.0103822 0.00695477 0.00434147
 0.00780087 0.0127552 0.0193513 0.0275746 0.0371721 0.047494 0.0574626 0.0658361 0.0716519 0.0745221 0.0746005 0.0723448 0.068301 0.0629967 0.0569003 0.0503966 0.0437762 0.0372459 0.0309527 0.0250115 0.0195297 0.0146206 0.0103997 0.00696088 0.00434224
 0.00776118 0.0126836 0.0192301 0.0273814 0.0368837 0.0470933 0.0569479 0.0652293 0.0710022 0.0739029 0.0740979 0.0720386 0.0682424 0.0631931 0.0573135 0.0509559 0.0443996 0.0378597 0.0315032 0.0254683 0.0198832 0.0148767 0.0105735 0.00707131 0.00440756
 0.00786142 0.0128263 0.0194067 0.0275688 0.0370482 0.0471971 0.0569562 0.0651157 0.0707535 0.0735258 0.0736245 0.0715272 0.0677691 0.0628342 0.057124 0.0509536 0.044562 0.0381344 0.0318271 0.0257856 0.0201561 0.0150878 0.0107224 0.00716748 0.0044646
 0.00778185 0.0127175 0.0192801 0.0274455 0.0369502 0.0471344 0.0569186 0.0650746 0.0706751 0.0733864 0.0734209 0.071278 0.0675099 0.0626101 0.056981 0.0509277 0.0446682 0.0383602 0.0321347 0.0261243 0.0204776 0.0153581 0.0109265 0.00730702 0.00455124
 0.00772519 0.012632 0.0191647 0.0273065 0.0368021 0.0470003 0.0568257 0.0650461 0.0707173 0.0734801 0.073524 0.0713417 0.0675005 0.0625245 0.0568473 0.0507934 0.0445818 0.0383543 0.0322164 0.0262753 0.0206635 0.0155428 0.0110832 0.00742331 0.00462779
 0.00767089 0.012535 0.0190034 0.0270581 0.0364512 0.0465514 0.0563134 0.0645345 0.0702853 0.0731971 0.0734275 0.0714263 0.0677227 0.0628207 0.0571583 0.0510834 0.0448441 0.0386025 0.0324676 0.0265361 0.0209252 0.0157859 0.0112879 0.00757838 0.00473301
 0.00845383 0.0136369 0.020345 0.0284569 0.037671 0.0473838 0.0566449 0.0643668 0.0697104 0.0723538 0.0724629 0.0704687 0.0668638 0.0621073 0.0565947 0.0506466 0.0445043 0.0383385 0.0322719 0.0264076 0.0208599 0.0157717 0.0113061 0.00760955 0.00476322
 0.009276 0.0149403 0.0222329 0.0309711 0.0407472 0.0508034 0.0600172 0.0671872 0.0715046 0.0728453 0.0716655 0.068652 0.0644261 0.0594366 0.0539827 0.0482667 0.0424325 0.0365908 0.0308364 0.0252638 0.0199842 0.0151348 0.0108708 0.00733234 0.00459975
 0.00921613 0.0149458 0.022431 0.0315434 0.0418814 0.0526136 0.0624669 0.0700546 0.0744121 0.0753441 0.0733497 0.0692675 0.0639377 0.0580229 0.051961 0.0459843 0.040177 0.0345489 0.0290993 0.0238568 0.0188949 0.0143318 0.0103116 0.00696798 0.0043796
 0.00894749 0.0145448 0.021901 0.0309296 0.0412824 0.0521855 0.0624088 0.0705624 0.0755991 0.0771612 0.0755536 0.0714706 0.0657252 0.0590864 0.0521861 0.0454592 0.0391295 0.0332506 0.0277847 0.022682 0.0179365 0.0136065 0.00979979 0.0066319 0.0041753
 0.00887655 0.0144174 0.0216885 0.0306026 0.0408246 0.0516146 0.0617962 0.070038 0.0753315 0.0773127 0.0762196 0.0726255 0.0672014 0.0606068 0.0534475 0.0462332 0.0393328 0.0329524 0.0271549 0.0219161 0.0171943 0.0129847 0.00933399 0.00631526 0.00397891
 0.00883031 0.0143326 0.0215427 0.0303679 0.0404734 0.0511301 0.0611855 0.0693429 0.0746346 0.0767324 0.0758932 0.0726753 0.0676893 0.0614944 0.0545859 0.0473992 0.0403015 0.0335734 0.027394 0.0218439 0.0169371 0.0126675 0.00904464 0.00609506 0.00383307
 0.00882276 0.0143042 0.0214701 0.0302189 0.0402146 0.0507386 0.0606605 0.0687112 0.0739478 0.0760614 0.0753225 0.072297 0.0675901 0.0617317 0.0551588 0.0482298 0.0412438 0.0344558 0.0280768 0.0222629 0.0171107 0.012669 0.00896042 0.00599227 0.00374811
 0.00881571 0.014286 0.0214296 0.0301396 0.040076 0.0505202 0.0603474 0.0682999 0.073452 0.0755146 0.0747778 0.0718217 0.0672568 0.0616065 0.0552857 0.0486133 0.0418357 0.0351582 0.0287673 0.0228344 0.0175051 0.012887 0.00904483 0.00599968 0.00372517
 0.00879623 0.0142711 0.0214369 0.030193 0.0401953 0.0507066 0.0605728 0.0685086 0.0735758 0.0754969 0.074593 0.0714849 0.0668215 0.0611527 0.0549019 0.0483741 0.0417813 0.0352809 0.0290134 0.023124 0.0177627 0.013067 0.00913977 0.00602983 0.00371994
 0.00875383 0.0142095 0.021359 0.0301087 0.0401221 0.0506681 0.0605933 0.0686041 0.0737427 0.0757036 0.074784 0.0715983 0.0668137 0.0610177 0.0546758 0.0481227 0.0415761 0.0351732 0.0290178 0.0232168 0.0178967 0.0131947 0.00923156 0.00607924 0.00373696
 0.00869273 0.0141283 0.02127 0.0300346 0.0400896 0.0506979 0.0606929 0.0687662 0.07395 0.0759337 0.0750109 0.0717909 0.0669376 0.0610433 0.0545912 0.0479437 0.0413453 0.0349464 0.0288426 0.0231161 0.0178647 0.013206 0.00925761 0.00610065 0.00374709
 0.00865159 0.0140675 0.0211906 0.0299437 0.0400012 0.0506322 0.0606736 0.0688148 0.0740771 0.076132 0.0752542 0.072041 0.067154 0.0611922 0.0546512 0.0479093 0.0412296 0.0347799 0.0286652 0.0229641 0.0177583 0.0131464 0.00923207 0.00609301 0.00374533
 0.00867525 0.0140849 0.0211788 0.0298706 0.0398369 0.050366 0.0603273 0.0684429 0.0737519 0.0759205 0.0751972 0.0721432 0.067386 0.0615016 0.054978 0.0482009 0.0414523 0.0349231 0.0287397 0.0229935 0.017768 0.0131536 0.00924337 0.00610683 0.00375773
 0.00876538 0.0142137 0.0213384 0.0300392 0.0399808 0.0504453 0.060305 0.068296 0.0734831 0.0755657 0.0748217 0.0718232 0.0671834 0.0614436 0.0550513 0.0483624 0.0416474 0.0351051 0.028881 0.0230876 0.0178236 0.0131852 0.00926287 0.00612085 0.00376832
 0.00878102 0.0142415 0.0213839 0.030107 0.0400703 0.0505466 0.0603953 0.0683426 0.073453 0.0754392 0.074604 0.0715478 0.0669047 0.06122 0.0549263 0.0483502 0.0417312 0.035247 0.0290386 0.0232287 0.0179323 0.0132603 0.00931119 0.00615082 0.00378658
 0.00871627 0.0141483 0.0212664 0.0299774 0.0399467 0.0504475 0.0603348 0.0683257 0.0734735 0.0754793 0.0746389 0.0715548 0.0668744 0.0611626 0.0548689 0.0483251 0.0417607 0.0353338 0.029166 0.02337 0.0180628 0.0133648 0.00938591 0.00619946 0.00381587
 0.0088051 0.0142505 0.0213436 0.0299716 0.0398002 0.0501328 0.0598769 0.067801 0.0729822 0.0751089 0.074436 0.0715188 0.0669693 0.0613389 0.0550831 0.0485512 0.04199 0.0355663 0.0294002 0.0235968 0.0182679 0.0135351 0.00951452 0.00628781 0.00387113
 0.00898157 0.0145922 0.0219524 0.0309584 0.0412362 0.0519843 0.0619615 0.0698098 0.0745733 0.0760259 0.0745859 0.0709724 0.0659018 0.0599562 0.0535692 0.0470467 0.0405921 0.0343367 0.0283722 0.0227799 0.0176514 0.0130935 0.00921497 0.00609586 0.00375564
 0.00868201 0.0141516 0.0213813 0.0303109 0.0406134 0.0515255 0.0618206 0.0701106 0.0753508 0.0771838 0.0759062 0.0721871 0.0667907 0.0604153 0.0536186 0.0467883 0.0401545 0.0338344 0.0278878 0.0223627 0.017323 0.0128549 0.00905409 0.00599505 0.00369687
 0.00871393 0.0141411 0.0212536 0.0299674 0.0399697 0.0505672 0.0606468 0.0689323 0.074434 0.0767589 0.0760853 0.0729244 0.0679016 0.0616445 0.0547278 0.0476253 0.040676 0.0340836 0.02795 0.0223245 0.0172492 0.0127834 0.00900045 0.00596104 0.00367804
 0.00897402 0.0145539 0.0218499 0.0307533 0.0409065 0.0515529 0.0615158 0.0694925 0.0745412 0.0763917 0.0753702 0.0720855 0.0671611 0.0611323 0.0544478 0.0474868 0.040561 0.0339086 0.0276922 0.0220118 0.016931 0.0125035 0.00878307 0.0058099 0.00358328
 0.00861186 0.0140122 0.0211245 0.0298771 0.039947 0.0506015 0.0606727 0.068846 0.0741433 0.076243 0.0754293 0.0723036 0.0675168 0.0616369 0.0551158 0.0482969 0.0414411 0.0347559 0.0284145 0.0225593 0.017303 0.012733 0.00891394 0.00588053 0.00362018
 0.00838791 0.0136119 0.0204595 0.0288546 0.0385062 0.0487647 0.0585829 0.0667592 0.0723632 0.0750272 0.0749149 0.0724865 0.0682838 0.0628248 0.0565649 0.0498766 0.0430465 0.0362939 0.0297986 0.0237208 0.0182072 0.0133848 0.00934989 0.00615191 0.00377777
 0.00858043 0.0139148 0.0208912 0.0294108 0.0391438 0.0493877 0.0590445 0.0668952 0.0720562 0.0742702 0.0738323 0.0712928 0.0672036 0.06202 0.0561037 0.0497457 0.0431834 0.0366161 0.0302201 0.0241621 0.0186046 0.0136999 0.0095719 0.00629182 0.00385712
 0.00868356 0.0141079 0.0212274 0.0299512 0.0399369 0.0504376 0.0602808 0.0681645 0.0731463 0.0749635 0.0739714 0.0708345 0.0662379 0.0607431 0.0547527 0.0485267 0.0422239 0.0359554 0.0298296 0.0239762 0.0185484 0.0137086 0.00960085 0.00631774 0.00387295
 0.00892838 0.0145344 0.0219205 0.0310034 0.041422 0.05237 0.0625772 0.070632 0.0755087 0.076916 0.0752417 0.0712364 0.0657108 0.0593707 0.0527492 0.0461866 0.0398504 0.0337929 0.0280259 0.0225804 0.0175359 0.0130144 0.00914835 0.00603671 0.00370704
 0.00846386 0.0138149 0.0209105 0.0297109 0.0399165 0.0507988 0.0611673 0.0696573 0.0752148 0.0774277 0.076503 0.0730156 0.0676703 0.0611678 0.0541301 0.0470416 0.0402161 0.0338071 0.0278584 0.0223728 0.0173706 0.0129164 0.00910682 0.00602856 0.00371235
 0.00818538 0.0133212 0.0200953 0.0284602 0.0381485 0.0485227 0.0585351 0.0669707 0.0728705 0.075818 0.0759109 0.0735401 0.0692002 0.0634119 0.0566969 0.0495463 0.0423751 0.0354864 0.0290634 0.0231951 0.0179251 0.0132976 0.00937421 0.00621422 0.00383497
 0.00817232 0.0132935 0.0200371 0.0283408 0.0379147 0.0480963 0.0578254 0.0659092 0.0714618 0.0741837 0.0742928 0.0722468 0.0685107 0.0634783 0.0574907 0.0508725 0.0439459 0.0370199 0.0303633 0.0241804 0.0186108 0.0137485 0.00966226 0.00639556 0.0039467
#obs surv len freq
 0.00496728 0.00813593 0.0123746 0.017697 0.0239775 0.0308519 0.0376962 0.0437872 0.0485733 0.0518502 0.0537335 0.0545074 0.054493 0.0539901 0.0532613 0.0525208 0.0519129 0.0514711 0.0510562 0.0502988 0.0486166 0.0453791 0.0402094 0.0332765 0.0253622
 0.00518102 0.00848561 0.0129049 0.0184506 0.0249871 0.0321267 0.0392094 0.0454723 0.0503342 0.0535796 0.0553279 0.0558731 0.0555456 0.054654 0.0534736 0.0522382 0.0511202 0.0501889 0.0493455 0.0482635 0.0464001 0.0431528 0.0381486 0.0315272 0.0240095
 0.00541117 0.00886228 0.0134766 0.0192643 0.0260794 0.0335103 0.0408577 0.0473145 0.0522641 0.0554763 0.0570752 0.0573704 0.0567107 0.0554197 0.0537833 0.0520446 0.0503899 0.0489143 0.0475606 0.0460578 0.0439245 0.0406076 0.035752 0.0294682 0.0224045
 0.00564564 0.00924796 0.0140654 0.0201077 0.0272186 0.0349603 0.0425918 0.0492581 0.0543052 0.057487 0.0589319 0.0589659 0.0579578 0.0562504 0.0541445 0.0518937 0.0496933 0.0476543 0.0457528 0.043773 0.0413053 0.0378641 0.0331283 0.0271869 0.02061
 0.00588373 0.00963789 0.0146579 0.0209522 0.0283549 0.0364041 0.0443193 0.0511994 0.0563535 0.0595171 0.0608195 0.0606006 0.059248 0.0571245 0.0545479 0.0517844 0.0490391 0.0464357 0.0439773 0.0414984 0.0386617 0.0350575 0.0304111 0.024799 0.0187154
 0.00612804 0.0100377 0.0152646 0.0218153 0.0295127 0.0378686 0.0460612 0.0531431 0.0583876 0.0615161 0.062664 0.0621875 0.0604938 0.0579634 0.054929 0.0516682 0.0483948 0.0452439 0.0422418 0.0392687 0.0360566 0.0322725 0.0276941 0.0223933 0.0167933
 0.00638944 0.0104641 0.0159089 0.0227273 0.0307291 0.0393978 0.0478671 0.0551401 0.0604533 0.063515 0.0644707 0.0637003 0.0616372 0.0586852 0.0551945 0.0514527 0.0476789 0.044015 0.0405052 0.0370692 0.0335023 0.0295454 0.0250294 0.0200265 0.0148952
 0.00660778 0.0108281 0.0164731 0.0235481 0.0318522 0.04084 0.0495976 0.057075 0.0624681 0.0654706 0.0662372 0.0651711 0.0627344 0.0593578 0.0554134 0.0512036 0.0469549 0.0428151 0.0388416 0.0349861 0.0310986 0.0269861 0.0225292 0.0178027 0.0131076
 0.00684201 0.0112079 0.0170434 0.0243507 0.0329194 0.0421831 0.0511933 0.0588582 0.0643374 0.0673039 0.0679098 0.066572 0.0637761 0.0599816 0.0555884 0.0509202 0.0462167 0.041634 0.0372412 0.0330157 0.0288523 0.0246133 0.020222 0.0157551 0.0114625
 0.00705461 0.0115582 0.0175786 0.0251167 0.03395 0.0434845 0.0527298 0.0605491 0.0660719 0.0689642 0.0693915 0.067791 0.0646684 0.0605008 0.0557042 0.0506185 0.0454979 0.0405113 0.0357432 0.0311952 0.0267997 0.022464 0.0181454 0.0139198 0.00999152
 0.0072622 0.0118991 0.0180979 0.025858 0.0349465 0.0447439 0.0542197 0.0621917 0.0677543 0.0705606 0.070786 0.0688935 0.0654199 0.0608715 0.0556863 0.0502176 0.0447273 0.0393908 0.0343038 0.0294889 0.0249108 0.0205139 0.0162814 0.0122855 0.00868903
 0.00743426 0.0121803 0.018524 0.0264634 0.0357579 0.0457702 0.0554405 0.0635527 0.0691726 0.0719385 0.0720256 0.0699082 0.0661423 0.0612575 0.0557164 0.049893 0.0440636 0.0384134 0.0330481 0.0280068 0.0232793 0.0188393 0.0146895 0.0108964 0.00758626
 0.00750509 0.0123015 0.0187182 0.0267565 0.0361753 0.0463299 0.0561454 0.0643862 0.0700998 0.072911 0.0729857 0.0707928 0.0668866 0.0618007 0.0560087 0.0499007 0.0437728 0.0378293 0.0321952 0.0269306 0.0220494 0.0175495 0.0134479 0.00980505 0.00671624
 0.00759896 0.0124446 0.0189163 0.0270105 0.0364837 0.0466917 0.056562 0.0648593 0.0706274 0.0734836 0.0735841 0.0713873 0.0674383 0.0622643 0.0563362 0.050047 0.0437021 0.0375221 0.0316534 0.0261815 0.0211478 0.0165745 0.0124923 0.00895605 0.00603516
 0.00763518 0.0125038 0.0190056 0.0271359 0.0366479 0.046892 0.0567894 0.0651018 0.0708763 0.0737392 0.0738561 0.071687 0.0677677 0.0626082 0.0566603 0.050304 0.043841 0.0374992 0.031443 0.0257844 0.0205954 0.015926 0.0118239 0.0083433 0.00553357
 0.00770818 0.0126085 0.0191376 0.027283 0.0367944 0.0470257 0.0569062 0.0652049 0.0709731 0.0738366 0.0739598 0.0718029 0.0679025 0.0627661 0.0568368 0.05048 0.0439823 0.0375636 0.0313922 0.0255972 0.0202775 0.0155122 0.0113698 0.00790978 0.00516911
 0.00777512 0.0127128 0.0192855 0.027475 0.0370229 0.0472733 0.0571453 0.0654036 0.0711049 0.0738918 0.0739488 0.0717517 0.0678415 0.0627202 0.0568194 0.0504909 0.0440072 0.0375757 0.0313586 0.0254897 0.0200846 0.0152456 0.011063 0.00760604 0.00490681
 0.00780263 0.0127594 0.0193589 0.0275831 0.0371715 0.0474619 0.057364 0.0656317 0.0713142 0.0740533 0.0740417 0.0717694 0.0677946 0.0626319 0.0567177 0.0503984 0.0439339 0.0375164 0.0312956 0.0254007 0.0199528 0.0150693 0.0108572 0.00739737 0.00472233
 0.00784743 0.0128247 0.0194432 0.0276812 0.0372767 0.0475698 0.0574743 0.0657468 0.0714349 0.0741746 0.074151 0.0718497 0.0678307 0.0626177 0.0566589 0.0503105 0.0438351 0.0374196 0.0312031 0.0253051 0.0198436 0.0149408 0.0107139 0.00725315 0.00459373
 0.00786975 0.0128616 0.0194996 0.0277607 0.0373797 0.0476911 0.0576023 0.0658658 0.0715314 0.0742424 0.0741929 0.0718726 0.0678394 0.0626113 0.0566329 0.0502619 0.0437663 0.0373373 0.0311145 0.0252136 0.0197483 0.01484 0.0106094 0.00715146 0.00450399
 0.00788293 0.0128781 0.0195157 0.0277706 0.0373784 0.0476777 0.0575817 0.0658478 0.0715257 0.0742542 0.0742215 0.0719135 0.0678875 0.0626618 0.056681 0.0503019 0.0437925 0.037346 0.0311051 0.0251877 0.0197084 0.0147889 0.010551 0.00709147 0.00444904
 0.00789517 0.0128941 0.0195323 0.0277821 0.0373774 0.0476572 0.057538 0.0657824 0.0714467 0.0741755 0.0741591 0.0718811 0.0678913 0.0626998 0.0567443 0.0503784 0.0438697 0.0374134 0.0311556 0.0252177 0.0197178 0.0147803 0.0105291 0.00706237 0.00441898
 0.00788606 0.0128794 0.0195104 0.0277512 0.0373357 0.0476032 0.0574709 0.0657032 0.0713588 0.0740859 0.0740783 0.0718216 0.067865 0.0627141 0.0567993 0.0504663 0.0439774 0.0375256 0.0312584 0.0253013 0.0197772 0.0148153 0.0105433 0.00706185 0.00441042
 0.00787995 0.0128662 0.0194847 0.0277064 0.0372661 0.0475069 0.0573525 0.0655734 0.0712316 0.0739744 0.0739923 0.071767 0.0678454 0.0627316 0.0568543 0.0505558 0.0440936 0.0376566 0.03139 0.0254202 0.0198737 0.0148852 0.0105875 0.00708517 0.00441946
 0.00788656 0.0128727 0.0194862 0.0276956 0.0372343 0.047447 0.0572615 0.0654544 0.0710943 0.0738333 0.0738641 0.0716669 0.0677845 0.0627149 0.0568813 0.0506221 0.0441917 0.0377763 0.0315189 0.0255452 0.0199834 0.0149719 0.010649 0.00712364 0.00444032
 0.00788165 0.012865 0.0194752 0.0276801 0.0372125 0.0474156 0.057216 0.0653906 0.0710102 0.0737317 0.0737534 0.0715608 0.0676978 0.0626605 0.0568672 0.0506498 0.044257 0.0378705 0.0316305 0.0256613 0.0200918 0.0150632 0.0107182 0.0071707 0.00446872
 0.00785007 0.0128137 0.0193983 0.027573 0.0370738 0.0472492 0.0570332 0.0652085 0.0708477 0.0736039 0.0736685 0.07152 0.0676988 0.0627003 0.0569431 0.050759 0.0443947 0.038029 0.0317992 0.0258279 0.0202442 0.0151919 0.0108178 0.00724089 0.00451347
 0.00781466 0.0127547 0.0193069 0.0274409 0.036895 0.0470244 0.0567729 0.0649337 0.0705868 0.0733864 0.073518 0.0714497 0.0677101 0.0627848 0.0570864 0.050945 0.0446084 0.0382568 0.0320286 0.0260466 0.0204406 0.0153568 0.0109461 0.00733258 0.00457322
 0.00778971 0.0127114 0.0192366 0.0273339 0.0367428 0.0468231 0.0565268 0.0646574 0.0703033 0.0731235 0.0733035 0.0713069 0.0676541 0.0628195 0.0572047 0.0511308 0.0448409 0.0385144 0.0322913 0.0262974 0.0206656 0.0155459 0.0110939 0.00743919 0.00464359
 0.00777858 0.0126899 0.019198 0.0272694 0.0366433 0.046682 0.0563433 0.0644378 0.0700613 0.0728781 0.0730771 0.0711227 0.0675324 0.0627752 0.0572437 0.0512489 0.0450244 0.0387431 0.0325419 0.0265475 0.0208961 0.0157429 0.0112499 0.00755296 0.00471953
 0.00774286 0.0126365 0.0191261 0.0271805 0.0365401 0.0465664 0.0562153 0.0642964 0.069907 0.0727152 0.0729147 0.0709747 0.0674154 0.0627056 0.0572343 0.0513064 0.0451469 0.0389197 0.0327547 0.0267744 0.0211154 0.0159367 0.0114069 0.00766941 0.00479831
 0.00933703 0.0148627 0.0218019 0.0299122 0.0388386 0.0480311 0.0566788 0.0638486 0.0688047 0.0712528 0.0713308 0.0694219 0.0659756 0.0614171 0.0561148 0.0503633 0.0443808 0.0383244 0.0323159 0.0264704 0.0209198 0.0158213 0.0113459 0.00764141 0.00478797
 0.00931761 0.015129 0.0227276 0.0319601 0.0423582 0.0529859 0.0624738 0.0694291 0.0730329 0.0733582 0.0711658 0.0673969 0.0627774 0.0577152 0.0523966 0.0469127 0.0413321 0.0357254 0.0301707 0.0247596 0.0196078 0.0148603 0.0106785 0.00720571 0.00452275
 0.00897248 0.0145857 0.0219651 0.0310283 0.0414327 0.0524042 0.0626952 0.0708706 0.0758186 0.0771352 0.0751477 0.0706646 0.0646629 0.0580329 0.05141 0.0451162 0.039218 0.0336511 0.0283372 0.0232497 0.0184333 0.0139949 0.0100765 0.00681287 0.00428413
 0.00880431 0.0143014 0.0215177 0.0303706 0.0405351 0.051288 0.0614749 0.0697819 0.0751999 0.0773333 0.0763624 0.0728015 0.0673002 0.0605595 0.0532731 0.0460329 0.039231 0.0330274 0.027406 0.0222791 0.0175841 0.0133326 0.00960452 0.00650264 0.00409588
 0.00874861 0.0142036 0.021356 0.0301174 0.0401598 0.0507643 0.0607932 0.0689669 0.0743307 0.076558 0.0758887 0.072844 0.0679862 0.0618354 0.0548811 0.0475954 0.0404058 0.033641 0.0274879 0.0219969 0.0171399 0.0128844 0.00923845 0.00624364 0.00393264
 0.00869342 0.0141172 0.0212315 0.0299492 0.0399423 0.0504907 0.0604559 0.06856 0.0738563 0.0760372 0.0753752 0.0724334 0.0678052 0.062001 0.0554385 0.0484695 0.041408 0.0345408 0.0281103 0.0222856 0.017152 0.0127353 0.00903947 0.00606648 0.00380554
 0.00868025 0.0140892 0.0211774 0.0298552 0.0397957 0.0502861 0.0601988 0.0682657 0.0735434 0.0757206 0.075066 0.0721471 0.0675751 0.0618836 0.0555003 0.0487535 0.0418974 0.0351466 0.0287005 0.0227416 0.0174168 0.0128242 0.00901303 0.00599192 0.00372998
 0.00870914 0.0141328 0.0212363 0.0299257 0.0398692 0.0503481 0.0602298 0.0682453 0.0734563 0.0755626 0.0748463 0.0718858 0.0672999 0.0616291 0.0553084 0.0486684 0.0419497 0.0353335 0.0289764 0.0230323 0.0176515 0.0129648 0.00906275 0.00598133 0.00369449
 0.00868917 0.0141093 0.0212174 0.0299239 0.0398972 0.0504122 0.0603246 0.0683526 0.0735493 0.0756136 0.0748349 0.0718044 0.0671556 0.0614429 0.0551122 0.0484996 0.0418442 0.0353142 0.0290429 0.0231575 0.0177921 0.0130804 0.0091323 0.00600649 0.00369098
 0.00868031 0.0140916 0.0211852 0.029872 0.0398239 0.0503242 0.0602384 0.0682907 0.073531 0.0756444 0.0749019 0.0718812 0.0672132 0.0614617 0.0550887 0.0484475 0.0417885 0.035282 0.0290524 0.0232102 0.0178726 0.0131646 0.00919927 0.006047 0.00370776
 0.00866069 0.0140607 0.0211403 0.0298108 0.0397449 0.0502269 0.0601252 0.0681692 0.0734152 0.0755534 0.0748543 0.0718872 0.0672689 0.0615493 0.0551841 0.0485309 0.0418524 0.035332 0.0291009 0.0232677 0.0179406 0.0132355 0.00926167 0.0060926 0.00373487
 0.00863738 0.0140249 0.0210905 0.029747 0.0396685 0.0501406 0.0600329 0.0680756 0.0733257 0.0754744 0.0747934 0.071853 0.0672691 0.0615867 0.0552541 0.0486212 0.0419481 0.0354217 0.0291807 0.0233393 0.0180071 0.013297 0.00931497 0.00613381 0.00376243
 0.008653 0.014045 0.0211111 0.0297611 0.0396684 0.0501209 0.0599927 0.0680188 0.0732593 0.0754056 0.0747277 0.0717948 0.067223 0.061558 0.0552469 0.048637 0.0419835 0.0354698 0.0292338 0.0233918 0.0180562 0.0133412 0.00935293 0.00616386 0.0037837
 0.0086073 0.0139792 0.0210275 0.0296668 0.0395725 0.0500306 0.0599107 0.0679447 0.0731919 0.0753467 0.0746829 0.071771 0.0672251 0.0615874 0.0553016 0.0487126 0.0420743 0.0355692 0.0293345 0.023487 0.0181406 0.0134116 0.00940831 0.00620455 0.00381126
 0.00862861 0.0140073 0.0210581 0.0296925 0.039586 0.0500283 0.0598956 0.0679239 0.0731723 0.0753303 0.0746655 0.0717466 0.0671906 0.0615457 0.05526 0.0486797 0.0420561 0.035568 0.0293485 0.023512 0.0181712 0.0134428 0.00943614 0.00622686 0.00382738
 0.00862861 0.0140073 0.0210581 0.0296925 0.039586 0.0500283 0.0598956 0.0679239 0.0731723 0.0753303 0.0746655 0.0717466 0.0671906 0.0615457 0.05526 0.0486797 0.0420561 0.035568 0.0293485 0.023512 0.0181712 0.0134428 0.00943614 0.00622686 0.00382738
 0.00855742 0.0138996 0.0209108 0.0295082 0.0393718 0.0497949 0.0596569 0.0676979 0.0729807 0.0751953 0.0746049 0.0717674 0.0672867 0.0616994 0.0554491 0.0488832 0.0422589 0.0357604 0.0295249 0.0236682 0.0183041 0.0135504 0.00951814 0.00628515 0.00386569
 0.00901049 0.0146061 0.0219151 0.0308233 0.0409681 0.0515879 0.0614989 0.0693883 0.0743047 0.0759787 0.0747605 0.0713109 0.0663205 0.0603774 0.053938 0.0473319 0.0407821 0.0344346 0.0283927 0.0227456 0.0175874 0.0130218 0.00915008 0.00604497 0.00371992
 0.00876578 0.0142706 0.0215267 0.0304591 0.0407266 0.0515589 0.0617345 0.0698882 0.0750166 0.0768088 0.0755904 0.07202 0.0668123 0.0606011 0.0538969 0.0470756 0.0403862 0.0339783 0.027942 0.0223454 0.017261 0.0127749 0.00897656 0.00593181 0.00365174
 0.00862221 0.0140065 0.0210778 0.0297609 0.0397478 0.0503442 0.0604313 0.0687277 0.0742426 0.0765894 0.0759582 0.0728721 0.0679581 0.0618285 0.0550274 0.0479961 0.0410554 0.0344128 0.0281925 0.0224719 0.0173155 0.0127941 0.00898171 0.00593293 0.00365236
 0.00881788 0.0143013 0.0214741 0.0302355 0.0402458 0.0507795 0.0606987 0.0687336 0.0739503 0.0760537 0.0753204 0.0723066 0.0675991 0.0617189 0.0551167 0.0481801 0.0412285 0.0345064 0.0281868 0.0223862 0.0171874 0.0126603 0.00886718 0.00584821 0.00359698
 0.00855851 0.0139158 0.0209617 0.0296207 0.039573 0.050101 0.060064 0.0681804 0.0735001 0.0757136 0.0750955 0.0722162 0.0676819 0.0620166 0.0556427 0.0488952 0.0420434 0.0353115 0.0288894 0.022935 0.0175757 0.0129122 0.00901884 0.00593402 0.00364307
 0.00832695 0.0135174 0.0203255 0.0286777 0.0382844 0.0484971 0.0582712 0.0664111 0.0719969 0.0746737 0.0746167 0.0722899 0.0682268 0.0629249 0.056812 0.0502352 0.0434659 0.0367215 0.0301908 0.0240485 0.018457 0.0135575 0.00945675 0.00621 0.00380469
 0.00862796 0.0139722 0.0209413 0.0294265 0.039097 0.0492622 0.0588458 0.0666504 0.0718035 0.0740445 0.0736557 0.0711745 0.067145 0.062021 0.0561642 0.0498626 0.043347 0.0368083 0.0304175 0.0243419 0.0187503 0.0138045 0.00963745 0.00632666 0.00387185
 0.00882036 0.0143188 0.0215218 0.030326 0.0403729 0.0508971 0.0607096 0.0685014 0.0733417 0.0749977 0.0738597 0.0706157 0.065955 0.0604289 0.0544287 0.0482085 0.0419267 0.0356934 0.029612 0.0238047 0.018418 0.0136111 0.00952873 0.00626535 0.00383638
 0.00900361 0.0146255 0.022001 0.0310321 0.0413576 0.0521923 0.0623035 0.0703159 0.0752211 0.0767191 0.0751701 0.071291 0.0658653 0.0595826 0.0529727 0.0463839 0.0399987 0.0338873 0.0280748 0.0225984 0.0175365 0.0130067 0.00913759 0.00602553 0.00369702
 0.00854122 0.0139119 0.0210028 0.0297562 0.0398642 0.0506067 0.0608204 0.0691791 0.0746682 0.0769045 0.0761012 0.072811 0.0676921 0.0613913 0.0544896 0.0474558 0.0406139 0.0341424 0.0281129 0.0225497 0.0174845 0.012985 0.00914547 0.0060485 0.00372136
 0.00826591 0.0134189 0.0201809 0.0284849 0.0380562 0.0482698 0.058109 0.0663983 0.0722138 0.0751621 0.0753488 0.0731554 0.0690501 0.0635122 0.0570176 0.05002 0.0429168 0.0360168 0.0295255 0.0235611 0.0181921 0.0134788 0.00948934 0.00628266 0.00387286
 0.00835999 0.0135466 0.0203212 0.0285891 0.038044 0.0480335 0.0575328 0.0653969 0.0707852 0.0734309 0.0735673 0.0716477 0.0681138 0.0633229 0.0575757 0.0511598 0.0443713 0.0375082 0.0308436 0.0246005 0.0189431 0.0139886 0.00982175 0.00649332 0.00400203
#pred catch len freq
 0.00358648 0.00583117 0.00881175 0.0125734 0.0171419 0.0224649 0.028348 0.0344565 0.040391 0.0457738 0.0503044 0.0537932 0.0561837 0.05755 0.0580622 0.0579439 0.0574384 0.0567689 0.0560574 0.0551955 0.0537432 0.0509903 0.0462668 0.0393881 0.0309352
 0.0039667 0.00638934 0.00954354 0.0134444 0.0181081 0.0235002 0.0294558 0.0356536 0.0416707 0.0470756 0.0515151 0.0547838 0.0568615 0.0578934 0.0581185 0.0577906 0.0571294 0.0562924 0.0553277 0.0540918 0.0521831 0.0490051 0.0440296 0.0371688 0.0290013
 0.00412029 0.00668653 0.0100747 0.0143127 0.0193931 0.0252086 0.0314883 0.0378202 0.0437546 0.0489072 0.0530059 0.0559061 0.0576056 0.0582445 0.058067 0.0573531 0.0563496 0.0552135 0.0539596 0.0524073 0.0501581 0.0466821 0.0415581 0.0347828 0.0269403
 0.0043032 0.0069687 0.0104778 0.0148647 0.0201439 0.0262408 0.0329034 0.0396901 0.0460548 0.0514735 0.055556 0.0581261 0.059251 0.0591971 0.0583246 0.0569816 0.0554359 0.0538383 0.0521855 0.0502799 0.0477278 0.0440415 0.0388694 0.0322633 0.0248011
 0.00456069 0.00737952 0.0110808 0.0156893 0.0212045 0.0275319 0.0344002 0.0413591 0.0478702 0.0534188 0.0575963 0.0601642 0.0611075 0.0606425 0.0591515 0.0570699 0.0547725 0.0524907 0.0502592 0.0478911 0.0450036 0.041139 0.0359881 0.0296262 0.0226027
 0.00479619 0.00776574 0.0116692 0.0165317 0.0223455 0.0289938 0.0361653 0.0433589 0.0499925 0.0555322 0.059581 0.0619319 0.0625952 0.0617855 0.0598588 0.0572269 0.054276 0.051291 0.0483836 0.0454414 0.0421431 0.0380806 0.0329774 0.026908 0.0203687
 0.00506445 0.00819025 0.0122884 0.0173792 0.0234504 0.030379 0.0378374 0.0452934 0.0521205 0.0577368 0.0617101 0.0638253 0.0641178 0.0628478 0.0604121 0.0572391 0.0537104 0.0501092 0.0465738 0.0430543 0.0393141 0.0350261 0.0299641 0.024198 0.0181582
 0.00534317 0.00863608 0.0129461 0.0182866 0.0246332 0.0318423 0.039556 0.0472084 0.0541452 0.0597693 0.0636423 0.065547 0.0655202 0.0638326 0.0609034 0.057189 0.0530933 0.048914 0.0448067 0.0407607 0.0366073 0.0321004 0.0270731 0.0215991 0.0160444
 0.00558937 0.00903639 0.0135496 0.0191412 0.0257794 0.0333008 0.0413122 0.0492006 0.0562662 0.0618811 0.0655986 0.0672155 0.0667987 0.0646532 0.0612265 0.056993 0.0523675 0.0476567 0.0430334 0.0385211 0.0340083 0.0293189 0.0243402 0.0191514 0.0140601
 0.00584756 0.00944264 0.0141374 0.0199369 0.026803 0.0345646 0.0428141 0.0509128 0.0581262 0.0637897 0.0674279 0.0688265 0.0680642 0.0654777 0.061555 0.0568062 0.0516689 0.0464629 0.0413735 0.0364506 0.031629 0.0267907 0.0218688 0.0169459 0.0122772
 0.00605692 0.00978262 0.0146486 0.0206573 0.0277616 0.0357713 0.0442485 0.05252 0.0598235 0.0654801 0.0690119 0.0702081 0.0691541 0.0661981 0.0618469 0.0566352 0.0510262 0.0453623 0.0398499 0.0345657 0.0294828 0.0245294 0.0196734 0.0149972 0.0107084
 0.00619647 0.0100092 0.0149903 0.0211429 0.0284189 0.0366221 0.0452991 0.0537523 0.0611888 0.0669012 0.0703926 0.071448 0.0701634 0.0669063 0.0622039 0.0566085 0.0505985 0.0445329 0.0386405 0.0330277 0.0277062 0.0226449 0.0178393 0.0133684 0.0093978
 0.00628783 0.0101676 0.0152474 0.0215356 0.0289829 0.0373807 0.0462521 0.0548694 0.0624128 0.0681564 0.071595 0.072514 0.0710176 0.067489 0.0624748 0.0565458 0.0501954 0.0437946 0.0375871 0.0317026 0.0261852 0.0210389 0.0162825 0.0119912 0.0082936
