SBPRF35
10.1648
Curr Bio
662018
B35
728295
F35
0.185153
FOFL
0.160309
OFL
82325.3
Bzero
2.90422e+006
#pred survey bio
 3.19128e+006 2.90795e+006 2.65778e+006 2.39677e+006 2.15712e+006 1.9462e+006 1.74824e+006 1.54013e+006 1.37226e+006 1.22323e+006 1.08907e+006 946523 842066 775376 733109 681594 663775 643920 622508 597050 579555 570203 563595 562898 561906 556088 559187 554052 555422 555968 547612 529251 520042 511544 504596 504216 516054 516985 530360 532602 537514 540069 534030 541871 547744 557090 561455 633987 633214 579808 514668 527676 589040 619347 596428 598958 592036 631445 653554 667658 2.24234e+007 1.36732e+007 1.41364e+007 1.50521e+007 1.62248e+007 1.74502e+007 1.8589e+007 1.95709e+007 2.03757e+007 2.10125e+007 2.15044e+007 2.18782e+007 2.21592e+007 2.2369e+007 2.25254e+007 2.26418e+007 2.27286e+007 2.27936e+007 2.28424e+007 2.28793e+007 2.29073e+007 2.29286e+007 2.2945e+007 2.29575e+007 2.29673e+007 2.29749e+007 2.29808e+007 2.29854e+007 2.2989e+007 2.29918e+007 2.2994e+007 2.29958e+007 2.29972e+007 2.29983e+007 2.29992e+007 2.29999e+007 2.30004e+007 2.30009e+007 2.30012e+007 2.30015e+007 2.30017e+007 2.30019e+007 2.30021e+007 2.30022e+007 2.30023e+007 2.30023e+007 2.30024e+007 2.30024e+007 2.30025e+007 2.30025e+007 2.30025e+007 2.30025e+007 2.30026e+007 2.30026e+007 2.30026e+007 2.30026e+007 2.30026e+007 2.30026e+007 2.30026e+007 2.30026e+007 2.30026e+007 2.30026e+007 2.30026e+007 2.30026e+007 2.30026e+007 2.30026e+007 2.30026e+007 2.30026e+007 2.30026e+007 2.30026e+007 2.30026e+007 2.30026e+007 2.30026e+007 2.30026e+007 2.30026e+007 2.30026e+007 2.30026e+007 2.30026e+007 2.30026e+007 2.30026e+007 2.30026e+007 2.30026e+007 2.30026e+007 2.30026e+007 2.30026e+007 2.30026e+007 2.30026e+007 2.30026e+007 2.30026e+007 2.30026e+007 2.30026e+007 2.30026e+007 2.30026e+007 2.30026e+007 2.30026e+007 2.30026e+007 2.30026e+007 2.30026e+007 2.30026e+007 2.30026e+007 0 0 0 0 0 0 0 0 0 0 0 0 0 0 0 0 0 0 0 0 0 0 0 0 0
#obs survey bio
 3.02948e+006 2.03842e+006 1.91371e+006 2.14231e+006 2.18184e+006 2.45355e+006 1.38631e+006 1.96207e+006 1.20786e+006 809350 850364 643283 770367 500508 653025 636740 792678 812032 535840 541875 639453 486131 402815 673274 486785 567644 449510 539818 607871 507001 418915 655895 498465 493921 358577 623816 481237 591363 493509 528968 776493 529386 602658 587526 618542 272660 630737 767994 833680 857285 455104 486945 757706 554762 468764 390673 633626 382463 639976 502132
#pred catch bio
 285799 267254 292166 289239 278784 280388 299029 269721 257785 247294 253377 216490 180228 156013 159183 126126 125085 123812 124620 115428 106998 103795 98169.5 97731.2 100731 92467.7 98491.3 91272.1 89943.4 94348.7 98534.6 88382.2 89205 90868.6 87849.5 79511.9 89673.9 79901.2 89852.4 87342.2 89208.1 96183.3 84793.9 87785.2 86582.9 92140.9 37488.8 100046 140699 146877 80820.2 44465.7 73048.7 116959 95610.2 106048 70665.1 89023.8 96433.6 127606 82325.3 95340.5 97558.1 102773 110259 118282 125699 131984 137009 140864 143731 145814 147301 148346 149074 149575 149919 150153 150311 150418 150490 150539 150571 150593 150607 150617 150623 150627 150630 150632 150633 150634 150635 150635 150635 150636 150636 150636 150636 150636 150636 150636 150636 150636 150636 150636 150636 150636 150636 150636 150636 150636 150636 150636 150636 150636 150636 150636 150636 150636 150636 150636 150636 150636 150636 150636 150636 150636 150636 150636 150636 150636 150636 150636 150636 150636 150636 150636 150636 150636 150636 150636 150636 150636 150636 150636 150636 150636 150636 150636 150636 150636 150636 150636 150636 150636 150636 150636 150636 150636 0 0 0 0 0 0 0 0 0 0 0 0 0 0 0 0 0 0 0 0 0 0 0 0 0
#obs catch bio
 234005 268315 295595 293624 283469 285154 306232 273668 260897 252491 258955 221602 182861 158634 161825 127167 125399 124121 125640 116561 107558 104905 99120.9 98624.7 101656 93111.2 99819.6 92174.4 90473.7 95060.2 99331.5 88299.3 88995 90184.1 87804.3 79377.9 89668.4 79482.5 90059.9 87132.3 88580.2 95844 84396.2 87332.9 86426.7 93440.2 37004.4 100095 139128 145551 80453.6 44016.8 72629.9 116846 94756.8 106087 70263 89330.8 96250.4 127940
#pred cpue bio
 3.14046e+006 2.8598e+006 2.61159e+006 2.35154e+006 2.11271e+006 1.90277e+006 1.70605e+006 1.49988e+006 1.33367e+006 1.18606e+006 1.05337e+006 913137 810723 745585 704574 654826 637881 618772 597932 573124 556160 547122 540720 540146 539380 533870 536969 532170 533916 534971 527448 510156 501004 491668 483899 483167 494805 495908 508975 511236 516169 518727 512769 520286 525846 534692 538861 610143 610323 557964 493347 505357 565787 596399 573988 575530 568028 606150 627972 642193 2.15856e+007 1.31796e+007 1.35463e+007 1.43416e+007 1.54689e+007 1.66826e+007 1.78189e+007 1.88003e+007 1.9605e+007 2.02418e+007 2.07337e+007 2.11075e+007 2.13884e+007 2.15983e+007 2.17547e+007 2.18711e+007 2.19579e+007 2.20229e+007 2.20717e+007 2.21086e+007 2.21366e+007 2.21579e+007 2.21742e+007 2.21868e+007 2.21966e+007 2.22041e+007 2.221e+007 2.22146e+007 2.22182e+007 2.22211e+007 2.22233e+007 2.22251e+007 2.22265e+007 2.22276e+007 2.22285e+007 2.22292e+007 2.22297e+007 2.22302e+007 2.22305e+007 2.22308e+007 2.2231e+007 2.22312e+007 2.22313e+007 2.22314e+007 2.22315e+007 2.22316e+007 2.22317e+007 2.22317e+007 2.22318e+007 2.22318e+007 2.22318e+007 2.22318e+007 2.22318e+007 2.22318e+007 2.22319e+007 2.22319e+007 2.22319e+007 2.22319e+007 2.22319e+007 2.22319e+007 2.22319e+007 2.22319e+007 2.22319e+007 2.22319e+007 2.22319e+007 2.22319e+007 2.22319e+007 2.22319e+007 2.22319e+007 2.22319e+007 2.22319e+007 2.22319e+007 2.22319e+007 2.22319e+007 2.22319e+007 2.22319e+007 2.22319e+007 2.22319e+007 2.22319e+007 2.22319e+007 2.22319e+007 2.22319e+007 2.22319e+007 2.22319e+007 2.22319e+007 2.22319e+007 2.22319e+007 2.22319e+007 2.22319e+007 2.22319e+007 2.22319e+007 2.22319e+007 2.22319e+007 2.22319e+007 2.22319e+007 2.22319e+007 2.22319e+007 2.22319e+007 2.22319e+007 2.22319e+007 0 0 0 0 0 0 0 0 0 0 0 0 0 0 0 0 0 0 0 0 0 0 0 0 0
#obs cpue bio
 3.3443e+006 1.83808e+006 1.75261e+006 1.56889e+006 1.46603e+006 1.36084e+006 1.38511e+006 1.60918e+006 1.60604e+006 813803 1.24835e+006 806611 983624 690134 825844 683230 813367 463891 467725 466734 579760 394677 642089 409357 600109 444610 432932 510560 586908 500495 672622 652488 636071 821773 432468 369222 615893 531248 376466 676623 549186 490412 448046 597300 345712 542492 659642 927508 783746 423315 489164 548074 625954 574877 925417 699623 484588 712078 828507 838412
#pred surv len freq
 0.00488019 0.00804428 0.01233 0.0177815 0.024287 0.0314676 0.0386604 0.0450959 0.0501891 0.0537262 0.0558333 0.0568115 0.0569859 0.0566265 0.0559189 0.0549591 0.0537665 0.0523035 0.0504794 0.0481281 0.0449932 0.0407842 0.0353382 0.028818 0.0217915
 0.00522139 0.00851754 0.0128968 0.0183687 0.024825 0.0319411 0.0391347 0.0456908 0.0510053 0.0547686 0.0569808 0.0578547 0.0577108 0.0568963 0.0557171 0.0543801 0.052965 0.0514268 0.0496115 0.0472713 0.044097 0.0398037 0.0342853 0.0277709 0.0208588
 0.0055579 0.00907414 0.0137453 0.0195639 0.0263728 0.0337629 0.0410544 0.0474744 0.0524489 0.0557831 0.0576091 0.0582059 0.0578615 0.0568363 0.055372 0.053682 0.0519128 0.050095 0.048112 0.0457032 0.0425211 0.0382568 0.0328115 0.0264384 0.0197447
 0.00582548 0.00952283 0.014447 0.0205965 0.0278055 0.0356289 0.043316 0.0499979 0.0550082 0.0581006 0.0594282 0.0593635 0.0583248 0.0566781 0.0547036 0.0525929 0.0504557 0.0483139 0.0460741 0.043507 0.0402823 0.0360907 0.0308263 0.0247293 0.0183807
 0.00606709 0.00991603 0.0150409 0.0214408 0.0289461 0.0370976 0.0451169 0.0520928 0.0573078 0.0604615 0.0616575 0.0612413 0.0596457 0.0573032 0.0545924 0.0517963 0.049078 0.0464728 0.0438855 0.0410918 0.0377771 0.0336469 0.028594 0.0228335 0.0168967
 0.00628772 0.0102754 0.0155834 0.0222085 0.0299722 0.0383957 0.0466699 0.0538509 0.059197 0.0623963 0.063545 0.0629735 0.0610915 0.0583144 0.0550314 0.0515735 0.0481779 0.0449553 0.0418681 0.0387284 0.0352443 0.0311334 0.0262822 0.020872 0.0153719
 0.00644856 0.0105517 0.0160263 0.022875 0.030912 0.0396322 0.0481818 0.0555679 0.0610141 0.0641997 0.0652339 0.0644678 0.062324 0.0592164 0.0555219 0.0515649 0.0475983 0.043779 0.0401379 0.0365607 0.0328166 0.028658 0.0239719 0.0189002 0.0138393
 0.0067193 0.0109803 0.0166507 0.0237248 0.0320063 0.0409741 0.0497494 0.0573057 0.0628331 0.0659869 0.0668701 0.0658464 0.0633652 0.0598701 0.0557582 0.0513581 0.0469189 0.0426036 0.0384746 0.0344768 0.0304515 0.0262102 0.0216605 0.0169137 0.0122915
 0.00703775 0.0114793 0.0173665 0.0246774 0.0331955 0.0423749 0.051307 0.0589382 0.0644446 0.0674866 0.0681845 0.0669194 0.0641521 0.0603326 0.0558645 0.0510832 0.0462434 0.0415151 0.0369786 0.0326178 0.0283328 0.023995 0.0195449 0.0150776 0.0108508
 0.00724575 0.0118391 0.0179462 0.0255493 0.0344145 0.043947 0.0531636 0.0609358 0.066398 0.0692195 0.0695699 0.0678941 0.0647057 0.0604852 0.055645 0.0505152 0.0453403 0.0402839 0.0354324 0.0307951 0.0263159 0.0219169 0.0175709 0.0133654 0.00950544
 0.00735954 0.012041 0.0182829 0.0260786 0.035197 0.0450289 0.0545558 0.0625957 0.0682234 0.071058 0.0712442 0.0692385 0.0656019 0.0608822 0.0555553 0.0499905 0.0444436 0.0390712 0.0339511 0.0290977 0.024479 0.0200518 0.0158135 0.0118463 0.00831255
 0.00752878 0.0123235 0.0187217 0.0267191 0.036078 0.0461692 0.0559398 0.0641674 0.0698923 0.0727117 0.0727608 0.0704955 0.0664882 0.0613147 0.0554953 0.0494509 0.0434803 0.0377636 0.0323853 0.0273599 0.0226618 0.018261 0.0141646 0.0104438 0.00722289
 0.00767663 0.012552 0.0190447 0.0271445 0.0366108 0.0468146 0.0567024 0.0650461 0.0708729 0.0737612 0.0738249 0.0715009 0.0673487 0.0619415 0.0558099 0.0494 0.0430472 0.0369725 0.031295 0.0260545 0.0212414 0.0168349 0.0128416 0.00931569 0.00634567
 0.00770446 0.0126017 0.0191277 0.0272735 0.036797 0.0470633 0.0570111 0.0654077 0.0712831 0.0742238 0.0743488 0.072088 0.067979 0.0625643 0.0563486 0.0497674 0.0431673 0.0368001 0.0308275 0.0253332 0.020344 0.0158615 0.0118967 0.00848827 0.00569199
 0.00760309 0.0124501 0.0189248 0.027029 0.0365313 0.0468057 0.0567971 0.0652751 0.0712653 0.0743436 0.0746149 0.0724959 0.0685113 0.0631894 0.0570155 0.0504052 0.0436927 0.0371352 0.0309202 0.0251731 0.0199668 0.0153402 0.0113225 0.00794715 0.00524486
 0.00773189 0.0126286 0.0191365 0.0272405 0.0367023 0.0469063 0.0568202 0.0652381 0.0712007 0.0742855 0.0745898 0.0725196 0.0685916 0.0633275 0.0572043 0.0506243 0.043905 0.0372892 0.0309635 0.0250704 0.0197151 0.0149734 0.0109007 0.00753681 0.00489823
 0.00778948 0.0127044 0.0192165 0.027298 0.0367019 0.0468126 0.0566094 0.0649088 0.0707815 0.0738357 0.0741888 0.0722462 0.0685004 0.0634349 0.0574885 0.0510356 0.0443784 0.0377548 0.0313554 0.0253372 0.0198317 0.0149477 0.0107705 0.00735543 0.00471605
 0.00788025 0.0128474 0.0194221 0.0275685 0.037027 0.0471635 0.0569361 0.0651463 0.0708672 0.0737325 0.0739031 0.0718304 0.068039 0.0630189 0.0571892 0.050887 0.0443731 0.0378524 0.0314972 0.0254639 0.0198992 0.0149376 0.0106918 0.00723637 0.0045901
 0.00791368 0.0129125 0.0195394 0.0277627 0.0373192 0.0475593 0.0574147 0.0656568 0.0713364 0.0740811 0.0740658 0.0717741 0.0677738 0.0625983 0.0566961 0.0504096 0.0439795 0.0375739 0.0313265 0.0253667 0.0198329 0.0148688 0.0106062 0.00713822 0.00449371
 0.00795133 0.0129758 0.0196392 0.0279117 0.0375313 0.0478463 0.0577813 0.0660944 0.0718173 0.0745566 0.0744712 0.072041 0.0678491 0.0624616 0.0563693 0.0499526 0.0434723 0.0370923 0.0309214 0.0250553 0.0196043 0.0146989 0.0104726 0.00702835 0.00440435
 0.00802919 0.0130836 0.0197671 0.0280406 0.0376398 0.0479225 0.0578308 0.0661404 0.0718911 0.0746833 0.074656 0.0722633 0.0680651 0.0626167 0.0564171 0.0498725 0.0432776 0.0368248 0.0306338 0.024792 0.0193892 0.0145354 0.0103516 0.00693857 0.00433777
 0.00805484 0.0131266 0.0198331 0.0281329 0.0377553 0.0480479 0.0579426 0.0662116 0.0719052 0.0746463 0.0745979 0.0722246 0.0680756 0.0626794 0.0565059 0.0499455 0.0432978 0.036776 0.0305258 0.0246516 0.0192463 0.0144106 0.0102535 0.00686638 0.00428684
 0.00802913 0.0130914 0.0197928 0.0280962 0.0377335 0.0480515 0.0579769 0.0662736 0.0719828 0.0747213 0.0746536 0.0722546 0.0680881 0.0626923 0.0565348 0.0499919 0.0433471 0.0368062 0.0305206 0.0246092 0.0191782 0.0143342 0.0101834 0.00681032 0.00424641
 0.00796342 0.0129866 0.0196395 0.0278891 0.0374754 0.0477568 0.0576748 0.0660048 0.071789 0.0746321 0.0746766 0.0723751 0.0682777 0.0629213 0.0567802 0.0502389 0.043584 0.03702 0.0306974 0.024739 0.0192595 0.0143749 0.0101964 0.0068085 0.00423909
 0.00795337 0.0129619 0.0195871 0.0277919 0.037317 0.0475291 0.0573851 0.0656783 0.0714654 0.074357 0.0744904 0.0723037 0.0683266 0.0630755 0.0570106 0.0505114 0.0438677 0.0372906 0.0309367 0.0249347 0.0194059 0.0144736 0.0102554 0.00683901 0.0042522
 0.00799395 0.0130245 0.019674 0.0279009 0.0374387 0.0476457 0.0574701 0.0657025 0.0714063 0.0742097 0.074274 0.0720568 0.0680955 0.0628997 0.0569122 0.0504923 0.0439133 0.0373776 0.0310408 0.0250355 0.0194899 0.0145344 0.0102932 0.00685855 0.00425989
 0.00785392 0.0128222 0.0194167 0.0276118 0.037151 0.0473915 0.057272 0.0655688 0.0713326 0.074183 0.0742785 0.0720807 0.0681363 0.062965 0.0570148 0.0506416 0.0441087 0.0376062 0.0312814 0.0252646 0.0196883 0.0146908 0.0104054 0.00693159 0.00430281
 0.00771995 0.0126174 0.0191341 0.0272569 0.036744 0.0469681 0.0568812 0.065265 0.0711603 0.0741602 0.0743893 0.0722833 0.0683808 0.0632123 0.0572461 0.0508571 0.0443181 0.0378182 0.0314961 0.0254734 0.0198775 0.0148483 0.0105247 0.00701356 0.00435365
 0.00758681 0.0123971 0.0187966 0.0267756 0.0361062 0.046189 0.0560159 0.0644076 0.0704247 0.0736502 0.0741704 0.0723678 0.0687304 0.0637537 0.0578941 0.0515362 0.0449752 0.0384237 0.0320365 0.0259422 0.0202698 0.0151607 0.0107582 0.00717516 0.00445627
 0.00736319 0.012061 0.0183412 0.0262105 0.0354519 0.0454692 0.0552551 0.0636363 0.0696886 0.0730138 0.07371 0.0721537 0.0688049 0.064115 0.0584949 0.0522969 0.0458066 0.0392471 0.0327956 0.0266034 0.0208176 0.0155917 0.0110778 0.00739635 0.00459764
 0.0072557 0.011877 0.0180487 0.0257788 0.0348633 0.0447351 0.0544259 0.0627949 0.068926 0.072401 0.073285 0.0719289 0.068784 0.0643019 0.0588872 0.0528735 0.0465203 0.040031 0.0335779 0.0273233 0.021434 0.016085 0.0114466 0.0076528 0.00476233
 0.00783024 0.0126793 0.0190115 0.0267546 0.0356624 0.0451897 0.0544446 0.0623825 0.0681669 0.071425 0.0722317 0.070921 0.0679115 0.0636196 0.0584213 0.0526291 0.0464842 0.0401706 0.0338428 0.0276538 0.0217731 0.0163895 0.0116919 0.00783192 0.00488124
 0.00839152 0.0135697 0.0203014 0.0284704 0.0377533 0.0474926 0.0566719 0.064167 0.0691702 0.0714615 0.0713364 0.0693205 0.0659252 0.0615528 0.0564999 0.0509853 0.0451728 0.0391932 0.0331672 0.027227 0.0215327 0.016274 0.0116496 0.00782564 0.00488831
 0.00849877 0.0138095 0.0207822 0.0293303 0.0391212 0.0494252 0.0590929 0.0668434 0.0717439 0.0735305 0.0725576 0.0695029 0.0650806 0.059883 0.0543244 0.0486426 0.0429401 0.0372487 0.0315922 0.0260296 0.0206748 0.0156944 0.0112809 0.00760535 0.00476512
 0.00834158 0.0135969 0.0205466 0.0291417 0.0390854 0.0496703 0.0597442 0.067985 0.0733708 0.0755089 0.0746212 0.0713047 0.0662902 0.0602896 0.0538996 0.0475355 0.0414128 0.0355866 0.0300291 0.0247106 0.0196567 0.0149681 0.0107996 0.00730889 0.0045956
 0.00819133 0.013352 0.0201802 0.0286375 0.0384529 0.048964 0.0590775 0.0675222 0.0732908 0.0759459 0.0756075 0.0727369 0.0679381 0.0618506 0.0550861 0.0481626 0.0414485 0.0351425 0.0293013 0.0239031 0.0189235 0.0143904 0.0103943 0.00705221 0.00444795
 0.00808018 0.0131593 0.0198685 0.0281659 0.0377886 0.0481012 0.0580571 0.0664429 0.0723029 0.0752274 0.0753256 0.0730023 0.0687611 0.0631189 0.0565795 0.0496115 0.0426157 0.0358937 0.0296311 0.0239088 0.0187465 0.0141583 0.0101886 0.00690548 0.00435907
 0.00814827 0.0132563 0.0199875 0.0282871 0.037879 0.0481169 0.05795 0.0661729 0.0718564 0.074637 0.0746792 0.0724323 0.0684107 0.0630935 0.0569033 0.0502085 0.0433313 0.0365512 0.0300965 0.0241324 0.0187619 0.0140468 0.0100346 0.00676673 0.00425989
 0.00802064 0.0130716 0.0197515 0.0280187 0.0376034 0.0478544 0.0577075 0.0659419 0.0716189 0.074376 0.0743921 0.0721429 0.0681736 0.0629849 0.0569951 0.0505342 0.0438608 0.0371915 0.0307242 0.0246409 0.0190981 0.0142181 0.0100882 0.00675851 0.00423225
 0.00797012 0.0129914 0.0196353 0.0278648 0.0374175 0.0476529 0.0575169 0.0657918 0.0715285 0.0743417 0.074386 0.0721259 0.0681187 0.0628963 0.0569124 0.0505163 0.0439559 0.0374097 0.0310284 0.0249629 0.0193707 0.014403 0.010184 0.00678952 0.00422927
 0.00799728 0.0130167 0.0196388 0.0278172 0.037289 0.0474271 0.0572028 0.0654264 0.0711674 0.074042 0.074188 0.0720417 0.0681318 0.0629734 0.0570223 0.0506463 0.0441138 0.0376109 0.031276 0.0252372 0.0196345 0.0146198 0.0103345 0.00687623 0.00426925
 0.00802645 0.0130673 0.0197193 0.0279332 0.0374368 0.047587 0.0573365 0.065486 0.0711141 0.0738666 0.0739189 0.0717346 0.0678466 0.0627523 0.0568806 0.0505781 0.0441062 0.0376539 0.0313635 0.0253598 0.0197748 0.0147543 0.0104431 0.00694972 0.00431034
 0.00811801 0.0132109 0.0199255 0.0282079 0.0377797 0.0479882 0.0577724 0.0659156 0.0714815 0.0741104 0.0739894 0.0716111 0.0675472 0.0623301 0.0564059 0.0501164 0.0437033 0.0373332 0.0311306 0.025209 0.0196918 0.0147196 0.0104357 0.00695278 0.0043139
 0.00816159 0.0132682 0.0199873 0.0282587 0.0378037 0.0479786 0.0577378 0.0658785 0.0714686 0.0741391 0.0740572 0.0716949 0.0676125 0.0623465 0.056361 0.0500209 0.0435842 0.0372208 0.0310477 0.0251649 0.019684 0.0147374 0.0104656 0.00698288 0.00433724
 0.00823023 0.0133766 0.0201434 0.0284648 0.0380528 0.0482509 0.0580001 0.066091 0.0715982 0.0741733 0.0740083 0.0715909 0.0674809 0.0622016 0.0562033 0.0498457 0.0433928 0.0370252 0.0308667 0.0250164 0.0195774 0.0146718 0.0104323 0.00697027 0.00433495
 0.00809475 0.0131932 0.0199355 0.0282768 0.0379379 0.0482503 0.0581256 0.0663204 0.0718839 0.0744594 0.0742472 0.071755 0.0675659 0.0622207 0.0561763 0.0497891 0.0433166 0.0369359 0.0307723 0.0249275 0.0195043 0.0146205 0.0104026 0.00695697 0.00433141
 0.00784068 0.0128164 0.0194378 0.0276889 0.0373175 0.047674 0.0576781 0.0660785 0.0718956 0.0747238 0.0747098 0.0723237 0.0681423 0.0627298 0.0565803 0.0500836 0.0435171 0.0370644 0.0308492 0.02497 0.0195266 0.0146333 0.0104124 0.0069663 0.00434009
 0.00734837 0.011995 0.0181687 0.0258659 0.0348905 0.0447092 0.0544035 0.0628734 0.0692061 0.0729381 0.074053 0.0728158 0.0696216 0.064918 0.0591595 0.0527632 0.0460747 0.0393578 0.0328062 0.0265691 0.0207791 0.0155709 0.0110792 0.00741328 0.00462
 0.00773296 0.0125435 0.0188469 0.0265792 0.0354926 0.0450276 0.0542757 0.0621913 0.0679644 0.0712676 0.0722115 0.0711243 0.0683668 0.0642679 0.0591303 0.0532426 0.0468811 0.0403032 0.0337401 0.0273956 0.021453 0.016084 0.0114457 0.00765877 0.00477336
 0.00827618 0.0134431 0.0202229 0.0285305 0.038047 0.0480762 0.0575262 0.0651883 0.0701969 0.0723245 0.0719125 0.0695673 0.0658837 0.0613162 0.0561632 0.050603 0.0447498 0.0387085 0.0326097 0.0266183 0.0209243 0.0157254 0.0112055 0.00750286 0.0046776
 0.00850879 0.0138784 0.0209841 0.0297685 0.0399047 0.050628 0.0607132 0.0687815 0.073809 0.0754729 0.0741179 0.0704687 0.0653378 0.0594426 0.0533108 0.0472453 0.0413532 0.0356264 0.0300375 0.0246075 0.0194313 0.0146642 0.0104827 0.00703403 0.00439108
 0.00795756 0.0130295 0.019803 0.0282774 0.0382042 0.0489153 0.0592811 0.0679728 0.0739173 0.0766213 0.0761798 0.0730789 0.0679971 0.0616708 0.054787 0.0478822 0.0412813 0.0351064 0.0293465 0.0239527 0.0189187 0.014314 0.0102672 0.00691178 0.00432598
 0.00757631 0.0123426 0.018651 0.0264863 0.0356479 0.0456062 0.0554487 0.0640727 0.0705447 0.0743579 0.0754354 0.0739804 0.0703535 0.0650245 0.0585415 0.0514688 0.0443022 0.0373992 0.0309547 0.0250344 0.0196485 0.0148235 0.0106321 0.00716933 0.00449776
 0.00780956 0.0126605 0.0190088 0.0267849 0.0357362 0.0453011 0.0545743 0.0625199 0.0683444 0.0717352 0.0728019 0.0718402 0.0691475 0.0649807 0.0595991 0.0533114 0.0464823 0.039495 0.0326885 0.0263089 0.0205063 0.015371 0.0109754 0.00738501 0.00463206
 0.00831292 0.0134742 0.0202178 0.0284458 0.0378412 0.0477318 0.0570674 0.0646824 0.0697386 0.0720118 0.071826 0.0697568 0.0663565 0.0620245 0.0569985 0.05141 0.045368 0.0390273 0.0326097 0.0263725 0.020558 0.0153602 0.0109179 0.00731532 0.00457477
 0.00831331 0.013521 0.0203749 0.0288054 0.0385048 0.0487753 0.0585004 0.0664169 0.0715786 0.0736721 0.0729849 0.0701422 0.0658416 0.0606925 0.055134 0.0494086 0.0435987 0.037715 0.0317929 0.0259468 0.0203658 0.0152696 0.0108563 0.00726036 0.00452793
 0.00831359 0.0135283 0.0204014 0.0288746 0.0386558 0.0490646 0.058996 0.0671797 0.0726305 0.0749609 0.0743642 0.0713834 0.0666867 0.0609344 0.0546965 0.048386 0.0422283 0.0362892 0.0305539 0.0250181 0.0197496 0.0148945 0.0106355 0.00712808 0.00444631
 0.00795821 0.0129751 0.0196173 0.0278518 0.0374219 0.0476935 0.0576175 0.0659755 0.0718059 0.0746943 0.074752 0.072399 0.0681706 0.0626243 0.056296 0.0496534 0.0430486 0.0366934 0.0306762 0.0250175 0.0197411 0.0149242 0.0106969 0.00719549 0.00450029
 0.00774095 0.0126333 0.0191243 0.0271917 0.0365934 0.0467165 0.0565412 0.0648836 0.0708121 0.0739293 0.0743418 0.072439 0.0686957 0.063584 0.0575488 0.0509951 0.0442708 0.0376497 0.031321 0.025397 0.0199475 0.0150438 0.0107817 0.00726406 0.00455364
 0.00728771 0.011968 0.0182556 0.0261729 0.0355059 0.0456428 0.0555451 0.0640067 0.0700841 0.0733797 0.0740088 0.0723703 0.0689396 0.0641698 0.0584615 0.0521574 0.0455484 0.0388846 0.0323803 0.0262114 0.0205179 0.0154179 0.0110198 0.00741503 0.00464875
#obs surv len freq
 0.0049726 0.00814551 0.0123905 0.0177213 0.0240111 0.0308932 0.0377405 0.0438281 0.0486048 0.0518696 0.0537423 0.0545093 0.0544915 0.0539865 0.0532546 0.0525094 0.0518952 0.0514471 0.0510266 0.0502652 0.0485812 0.0453444 0.0401778 0.0332499 0.0253418
 0.00518082 0.00848601 0.0129069 0.018456 0.0249979 0.0321452 0.0392369 0.0455086 0.0503764 0.0536226 0.0553657 0.0559007 0.055561 0.0546583 0.0534693 0.0522275 0.0511038 0.0501668 0.0493176 0.0482306 0.0463642 0.0431165 0.0381147 0.0314984 0.0239872
 0.00540986 0.00886043 0.0134743 0.0192621 0.0260783 0.0335115 0.0408632 0.0473262 0.0522838 0.0555043 0.0571098 0.0574077 0.0567453 0.0554467 0.0537995 0.0520495 0.0503845 0.0489002 0.0475392 0.0460306 0.0438933 0.0405749 0.0357206 0.029441 0.0223831
 0.0056393 0.00923867 0.0140534 0.0200937 0.027204 0.0349467 0.0425808 0.0492513 0.0543043 0.0574936 0.0589472 0.0589899 0.0579887 0.0562847 0.0541775 0.0519206 0.049711 0.0476617 0.0457502 0.0437621 0.0412883 0.0378435 0.033107 0.0271676 0.0205943
 0.00588358 0.0096364 0.0146534 0.0209427 0.0283385 0.0363806 0.0442906 0.0511697 0.0563278 0.0594997 0.0608133 0.0606064 0.0592652 0.0571511 0.0545807 0.0518192 0.0490714 0.0464616 0.0439942 0.041506 0.0386611 0.035051 0.0304013 0.0247886 0.0187061
 0.0061347 0.0100478 0.015278 0.0218315 0.0295297 0.0378839 0.0460714 0.053145 0.0583795 0.061499 0.0626415 0.0621651 0.0604765 0.0579545 0.0549295 0.0516767 0.0484079 0.0452576 0.0422521 0.0392731 0.0360543 0.0322644 0.0276826 0.0223811 0.0167825
 0.00637761 0.0104475 0.0158888 0.0227064 0.0307108 0.0393847 0.0478599 0.0551375 0.0604525 0.0635131 0.064466 0.063693 0.0616295 0.0586806 0.0551964 0.0514629 0.047697 0.0440384 0.0405301 0.0370919 0.03352 0.0295569 0.0250354 0.0200284 0.0148948
 0.00661115 0.0108307 0.0164721 0.0235393 0.0318324 0.0408087 0.0495589 0.0570362 0.0624376 0.0654533 0.0662333 0.0651767 0.0627443 0.0593684 0.0554239 0.0512152 0.0469696 0.0428337 0.0388633 0.0350086 0.0311191 0.0270024 0.0225406 0.0178095 0.013111
 0.00684904 0.0112197 0.0170616 0.0243764 0.0329521 0.0422192 0.0512265 0.0588807 0.0643433 0.067292 0.0678847 0.0665412 0.0637462 0.0599562 0.055568 0.0509038 0.0462038 0.0416247 0.0372358 0.0330137 0.0288523 0.0246137 0.0202216 0.0157536 0.0114603
 0.00705341 0.011558 0.0175817 0.0251262 0.0339695 0.0435161 0.0527728 0.0605995 0.0661222 0.0690057 0.0694163 0.0677952 0.0646531 0.0604712 0.0556676 0.050581 0.0454634 0.0404816 0.0357187 0.0311758 0.0267846 0.0224523 0.0181361 0.0139124 0.00998567
 0.00727904 0.0119255 0.0181359 0.0259089 0.0350106 0.0448204 0.0543062 0.0622834 0.0678441 0.0706398 0.0708453 0.0689246 0.065418 0.0608367 0.0556239 0.0501367 0.0446382 0.0393022 0.034222 0.0294172 0.0248502 0.0204645 0.0162425 0.0122562 0.00866816
 0.00746311 0.0122281 0.0185975 0.0265686 0.0358981 0.045943 0.0556355 0.0637517 0.0693539 0.0720823 0.0721186 0.0699444 0.0661219 0.0611857 0.0556018 0.0497468 0.0438992 0.038244 0.0328852 0.0278589 0.0231517 0.0187343 0.0146071 0.0108351 0.00754352
 0.00751481 0.012319 0.0187477 0.0268033 0.036245 0.0464264 0.0562693 0.0645327 0.0702586 0.0730671 0.0731219 0.070893 0.0669392 0.0618008 0.0559581 0.0498069 0.0436468 0.0376843 0.0320445 0.0267859 0.0219197 0.0174403 0.0133616 0.00974112 0.0066721
 0.00759634 0.0124413 0.0189132 0.0270097 0.0364881 0.0467056 0.0565903 0.0649066 0.0706965 0.0735739 0.0736898 0.0714974 0.0675385 0.0623401 0.056376 0.0500456 0.0436609 0.0374484 0.0315583 0.0260774 0.0210462 0.0164842 0.0124185 0.0089005 0.00599664
 0.00765161 0.0125262 0.0190316 0.0271608 0.0366663 0.0469006 0.0567888 0.0650967 0.0708745 0.0737486 0.0738822 0.0717309 0.0678257 0.0626714 0.0567169 0.050342 0.0438519 0.03748 0.0313971 0.02572 0.0205228 0.0158554 0.0117627 0.00829548 0.00549972
 0.00772077 0.0126305 0.0191731 0.0273358 0.0368659 0.0471123 0.0569978 0.0652871 0.0710318 0.0738643 0.0739582 0.0717816 0.0678739 0.0627398 0.0568163 0.0504625 0.0439614 0.0375325 0.0313472 0.0255393 0.020212 0.0154466 0.0113112 0.00786275 0.00513517
 0.00779131 0.0127407 0.0193302 0.0275421 0.0371173 0.047396 0.0572917 0.0655617 0.0712566 0.0740164 0.0740285 0.0717765 0.0678124 0.062648 0.0567205 0.0503812 0.0438974 0.0374704 0.0312582 0.0253938 0.019994 0.0151635 0.010993 0.00755116 0.00486754
 0.00782725 0.0127986 0.0194162 0.0276614 0.0372725 0.0475855 0.057507 0.0657871 0.0714709 0.0741971 0.0741568 0.0718413 0.0678128 0.0625934 0.0566285 0.0502719 0.0437871 0.0373649 0.0311506 0.0252685 0.0198365 0.0149706 0.0107773 0.00733668 0.00467969
 0.00783621 0.0128104 0.0194292 0.0276731 0.0372813 0.0475929 0.057519 0.0658127 0.071519 0.0742717 0.0742539 0.0719492 0.0679155 0.0626762 0.0566819 0.0502946 0.0437839 0.0373423 0.0311119 0.0252112 0.0197554 0.0148636 0.0106507 0.0072048 0.00455954
 0.007884 0.0128793 0.0195165 0.0277701 0.0373757 0.0476721 0.0575738 0.0658397 0.071521 0.0742572 0.0742351 0.0719371 0.0679159 0.0626871 0.0566958 0.0503019 0.0437775 0.0373194 0.0310727 0.0251567 0.0196859 0.0147804 0.0105582 0.00711145 0.0044754
 0.00790472 0.0129133 0.0195679 0.0278416 0.0374666 0.0477759 0.0576771 0.0659243 0.0715701 0.0742627 0.074201 0.0718779 0.0678505 0.0626318 0.0566584 0.0502814 0.0437667 0.0373091 0.0310552 0.0251275 0.0196438 0.0147268 0.0104972 0.00704929 0.00441904
 0.00788007 0.0128753 0.0195146 0.0277738 0.0373878 0.0476932 0.0576008 0.0658656 0.0715376 0.0742584 0.0742201 0.0719125 0.0678941 0.0626819 0.0567163 0.0503482 0.0438402 0.0373831 0.0311211 0.0251775 0.0196731 0.0147349 0.0104876 0.00702837 0.004394
 0.00787419 0.0128573 0.0194723 0.0276916 0.0372524 0.047501 0.0573641 0.0656133 0.0713073 0.0740855 0.0741277 0.0719067 0.0679657 0.0628121 0.0568834 0.0505331 0.0440282 0.0375629 0.0312834 0.0253143 0.0197789 0.014808 0.0105307 0.00704789 0.00439816
 0.00788537 0.0128714 0.0194856 0.0276966 0.0372378 0.0474536 0.0572718 0.0654696 0.071117 0.0738678 0.0739146 0.0717345 0.0678636 0.0627934 0.0569437 0.0506545 0.044187 0.0377362 0.0314525 0.0254654 0.019903 0.014901 0.0105933 0.00708463 0.0044161
 0.00787924 0.0128624 0.0194735 0.0276813 0.0372187 0.0474283 0.0572355 0.0654155 0.071038 0.0737605 0.0737824 0.0715909 0.0677306 0.0626965 0.0569031 0.0506787 0.0442703 0.0378617 0.0315985 0.0256111 0.0200326 0.0150049 0.0106684 0.00713334 0.00444396
 0.00787401 0.0128497 0.019447 0.0276331 0.0371424 0.0473227 0.0571072 0.0652783 0.070908 0.0736498 0.073696 0.0715273 0.0676872 0.0626738 0.056907 0.0507173 0.0443488 0.0379778 0.031741 0.0257632 0.0201766 0.0151274 0.0107624 0.00719818 0.00448411
 0.00788124 0.0128609 0.0194625 0.0276519 0.0371611 0.0473348 0.057104 0.0652508 0.0708513 0.0735663 0.0735955 0.0714239 0.0675934 0.0625982 0.0568543 0.0506909 0.0443522 0.0380128 0.0318053 0.0258487 0.020271 0.0152172 0.0108375 0.00725382 0.00452072
 0.00780752 0.0127478 0.0193051 0.0274511 0.0369241 0.0470754 0.056842 0.0650101 0.0706552 0.073432 0.0735305 0.0714269 0.0676573 0.0627127 0.057008 0.0508722 0.0445503 0.0382187 0.0320112 0.0260468 0.0204525 0.0153736 0.0109624 0.0073452 0.00458143
 0.00779968 0.0127243 0.0192505 0.0273455 0.0367499 0.0468269 0.0565329 0.0646736 0.0703354 0.0731705 0.0733561 0.0713509 0.067676 0.0628123 0.0571699 0.0510772 0.0447806 0.0384589 0.0322486 0.0262707 0.0206537 0.0155445 0.0110981 0.00744493 0.00464843
 0.00777622 0.0126888 0.019201 0.0272803 0.0366648 0.046714 0.0563813 0.064475 0.0700917 0.0729003 0.0730935 0.0711368 0.0675446 0.0627814 0.0572377 0.0512269 0.0449877 0.0386979 0.0324968 0.0265098 0.0208698 0.0157279 0.0112435 0.00755172 0.00472046
 0.00774725 0.0126399 0.0191245 0.0271688 0.0365142 0.0465262 0.0561667 0.06425 0.0698735 0.0727013 0.072921 0.0709974 0.0674492 0.0627451 0.0572743 0.0513412 0.0451718 0.0389328 0.0327575 0.0267712 0.021111 0.0159343 0.0114074 0.00767193 0.00480144
 0.00930968 0.0148235 0.0217524 0.0298567 0.038782 0.0479766 0.0566265 0.0637974 0.0687547 0.0712086 0.0713005 0.0694141 0.0659947 0.0614619 0.0561785 0.0504364 0.044454 0.03839 0.0323694 0.0265111 0.0209491 0.0158424 0.0113611 0.00765256 0.0047959
 0.00931044 0.0151153 0.0227033 0.031921 0.0423018 0.0529137 0.0623928 0.0693505 0.0729676 0.0733133 0.0711424 0.0673932 0.0627909 0.0577447 0.0524414 0.0469704 0.0413978 0.0357926 0.0302328 0.0248121 0.019649 0.0148907 0.0106999 0.00722018 0.00453215
 0.00897381 0.0145866 0.021964 0.0310227 0.041419 0.052379 0.062656 0.0708174 0.0757553 0.0770691 0.0750883 0.0706208 0.0646398 0.0580317 0.0514288 0.0451513 0.039265 0.0337051 0.0283925 0.0233013 0.0184772 0.0140292 0.0101014 0.00682976 0.00429483
 0.00880027 0.0142956 0.0215104 0.0303622 0.0405259 0.0512777 0.0614621 0.0697643 0.0751754 0.077301 0.0763238 0.0727611 0.0672645 0.0605349 0.0532642 0.0460411 0.0392547 0.0330628 0.0274479 0.0223223 0.017624 0.0133661 0.00963006 0.00652048 0.00410733
 0.00871896 0.0141585 0.0212941 0.0300399 0.0400704 0.0506693 0.0607006 0.0688858 0.0742694 0.0765216 0.075878 0.0728561 0.0680162 0.0618785 0.0549342 0.0476564 0.0404731 0.0337125 0.0275603 0.0220662 0.017202 0.0129363 0.00927844 0.00627201 0.00395108
 0.00870614 0.0141328 0.0212459 0.0299555 0.0399331 0.0504616 0.0604075 0.0684987 0.0737916 0.0759785 0.0753294 0.0724035 0.0677912 0.0620008 0.0554496 0.0484895 0.0414356 0.0345747 0.0281489 0.0223263 0.0171917 0.0127709 0.00906849 0.00608802 0.00382003
 0.00868042 0.0140914 0.0211841 0.0298689 0.0398174 0.050313 0.0602236 0.0682784 0.0735352 0.0756889 0.0750157 0.072089 0.0675208 0.0618416 0.0554744 0.0487436 0.0419009 0.0351605 0.0287219 0.0227676 0.0174445 0.0128506 0.00903575 0.00600956 0.00374231
 0.00866564 0.0140688 0.0211527 0.0298283 0.0397675 0.0502534 0.0601528 0.0681939 0.0734337 0.0755664 0.0748693 0.0719197 0.0673384 0.0616701 0.055353 0.0487181 0.0420048 0.0353921 0.0290357 0.0230889 0.0177026 0.0130082 0.00909735 0.00600687 0.0037118
 0.00867472 0.0140791 0.02116 0.0298261 0.0397492 0.0502151 0.0600954 0.0681228 0.0733558 0.0754867 0.0747887 0.0718352 0.067247 0.0615733 0.0552616 0.0486534 0.0419933 0.0354536 0.0291691 0.023268 0.017885 0.0131548 0.00918857 0.00604628 0.00371706
 0.00868389 0.0140947 0.0211844 0.029861 0.0397941 0.0502653 0.0601417 0.068153 0.0733593 0.0754583 0.0747306 0.0717549 0.0671531 0.061473 0.0551617 0.0485631 0.0419257 0.0354235 0.0291863 0.0233293 0.0179732 0.013245 0.00925984 0.00608966 0.00373559
 0.00866754 0.0140758 0.0211702 0.0298628 0.0398237 0.0503301 0.0602398 0.0682719 0.0734787 0.0755562 0.0747886 0.0717629 0.0671113 0.0613902 0.0550519 0.0484424 0.0418103 0.0353285 0.0291233 0.0233034 0.01798 0.0132721 0.00929214 0.0061156 0.00375068
 0.00863971 0.0140289 0.0210971 0.0297581 0.0396872 0.0501714 0.0600802 0.0681415 0.073406 0.0755565 0.0748578 0.0718798 0.0672464 0.0615168 0.0551527 0.0485122 0.0418535 0.0353554 0.0291456 0.0233302 0.018015 0.0133129 0.00933241 0.00614889 0.00377363
 0.0086276 0.0140082 0.0210639 0.0297077 0.0396149 0.0500739 0.0599584 0.0680029 0.073266 0.0754372 0.0747823 0.0718642 0.0672931 0.0616131 0.055276 0.0486383 0.0419649 0.0354448 0.0292147 0.0233852 0.0180622 0.0133555 0.00936999 0.00617945 0.00379564
 0.0086313 0.014013 0.021069 0.0297109 0.0396131 0.0500631 0.0599342 0.0679612 0.073205 0.075359 0.074695 0.0717819 0.0672321 0.0615867 0.0552888 0.0486843 0.0420306 0.0355151 0.0292787 0.0234385 0.0181051 0.0133904 0.00939854 0.00620206 0.0038122
 0.00862048 0.0139991 0.0210545 0.0297004 0.039611 0.0500718 0.0599517 0.0679813 0.0732188 0.0753582 0.0746749 0.0717427 0.0671805 0.0615338 0.0552472 0.0486636 0.042034 0.0355386 0.0293139 0.0234766 0.0181402 0.0134198 0.00942198 0.00621989 0.00382499
 0.00862048 0.0139991 0.0210545 0.0297004 0.039611 0.0500718 0.0599517 0.0679813 0.0732188 0.0753582 0.0746749 0.0717427 0.0671805 0.0615338 0.0552472 0.0486636 0.042034 0.0355386 0.0293139 0.0234766 0.0181402 0.0134198 0.00942198 0.00621989 0.00382499
 0.00806257 0.0131153 0.0197722 0.0279798 0.0374675 0.0476021 0.057353 0.0655371 0.0712414 0.0741047 0.0742808 0.072201 0.0683651 0.0632472 0.0572704 0.0507951 0.0441119 0.0374476 0.0309819 0.0248669 0.0192445 0.0142524 0.0100144 0.00661498 0.00407011
 0.00847729 0.0137145 0.0205317 0.0288208 0.0382678 0.0482213 0.0576608 0.0654409 0.0707116 0.073195 0.0731269 0.0709907 0.0672867 0.0624396 0.0567957 0.0506399 0.0442106 0.0377121 0.0313264 0.0252234 0.0195671 0.0145167 0.0102129 0.00675228 0.00415745
 0.00899483 0.0145909 0.0219067 0.0308214 0.0409497 0.0514911 0.0612213 0.0688148 0.073361 0.0746868 0.073261 0.0698347 0.0651216 0.0596594 0.0538024 0.0477639 0.0416694 0.0356078 0.0296709 0.023974 0.0186582 0.0138796 0.00978507 0.0064794 0.00399393
 0.00926858 0.0150698 0.0226916 0.0320311 0.0426977 0.0538426 0.0641408 0.0721266 0.0767436 0.0777135 0.0754834 0.0708941 0.0648509 0.058132 0.0513041 0.0447017 0.0384592 0.0325857 0.0270512 0.0218511 0.0170355 0.0127048 0.00898017 0.00595988 0.00368034
 0.00860843 0.01405 0.0212645 0.0302104 0.0405818 0.0516349 0.0621547 0.0707453 0.0763217 0.0784487 0.0773208 0.0735176 0.0677711 0.060834 0.0533961 0.0460062 0.0390183 0.0325921 0.0267475 0.0214455 0.0166608 0.0124189 0.008789 0.00584482 0.00361703
 0.0081785 0.0132848 0.0199966 0.0282606 0.0378227 0.0480855 0.0580597 0.0665816 0.0727074 0.0759846 0.0764326 0.0743483 0.0701485 0.0643164 0.057389 0.0499191 0.0424086 0.0352411 0.0286489 0.022729 0.0175001 0.0129655 0.0091477 0.00607882 0.00376448
 0.00839461 0.0135883 0.020357 0.0285987 0.038006 0.047937 0.057389 0.0652452 0.0706906 0.0734707 0.0738073 0.0721127 0.0687643 0.0640515 0.0582319 0.0515976 0.0444993 0.0373191 0.0304105 0.0240427 0.0183812 0.0135101 0.00946667 0.00626084 0.0038671
 0.00883419 0.0143133 0.0214609 0.0301563 0.0400341 0.0503412 0.0599219 0.0675162 0.0722487 0.0739378 0.0730101 0.0701572 0.0660229 0.0610599 0.0555275 0.0495592 0.0432556 0.0367624 0.0302964 0.024117 0.018469 0.0135389 0.00943836 0.00620648 0.00381452
 0.00868242 0.0141222 0.0212792 0.030072 0.0401611 0.0507891 0.0607587 0.0687315 0.0737258 0.075449 0.074251 0.0708282 0.0659359 0.0602222 0.054154 0.0479978 0.041856 0.0357531 0.0297314 0.0239057 0.0184597 0.0135982 0.00949056 0.00622956 0.00381548
 0.00877227 0.0142416 0.0214125 0.0301958 0.0402611 0.0508827 0.0609071 0.0690276 0.0742554 0.0762394 0.0752326 0.0718301 0.0667258 0.0605827 0.0539675 0.0473003 0.0408278 0.0346453 0.0287656 0.0232019 0.0180246 0.0133657 0.00937768 0.00617362 0.00378326
 0.00841667 0.0136943 0.0206469 0.0292101 0.0390808 0.0495638 0.0595438 0.0677575 0.0732507 0.0756782 0.075251 0.072472 0.0679082 0.0621008 0.0555476 0.0486866 0.041864 0.0353106 0.0291477 0.0234287 0.0181976 0.0135304 0.00953343 0.0063032 0.00387538
 0.00850505 0.0137908 0.0207057 0.0291607 0.0388485 0.0491011 0.0588556 0.0669066 0.0723413 0.074831 0.0745849 0.0720911 0.0678861 0.0624551 0.0562183 0.0495391 0.0427284 0.0360422 0.0296748 0.0237605 0.0183926 0.0136522 0.00962291 0.00637506 0.00393035
 0.00851112 0.0138178 0.0207743 0.0292919 0.0390467 0.0493344 0.0590478 0.0669543 0.0721567 0.074387 0.0739373 0.0713636 0.0672298 0.0620025 0.0560481 0.0496572 0.04307 0.0364966 0.0301273 0.0241316 0.0186549 0.0138197 0.00972601 0.00644029 0.00397319
#pred catch len freq
 0.0057853 0.00906978 0.0130596 0.0175794 0.0225006 0.0277336 0.0331432 0.0384996 0.0435219 0.0479582 0.0516343 0.0544626 0.0564363 0.0576144 0.0580892 0.0579507 0.0572643 0.0560587 0.0543063 0.0518853 0.0485595 0.0440415 0.038171 0.031132 0.0235427
 0.00624677 0.00971848 0.0138527 0.018426 0.0233036 0.0284473 0.0338074 0.0392175 0.0443889 0.0489858 0.052717 0.0554097 0.0570492 0.0577649 0.0577644 0.057247 0.0563394 0.0550636 0.0533263 0.0509205 0.0475548 0.0429492 0.0370048 0.0299775 0.0225175
 0.00670503 0.010434 0.0148695 0.0197526 0.0248983 0.0302077 0.0355744 0.040811 0.0456714 0.0499167 0.0533525 0.0558386 0.057311 0.0578131 0.0574996 0.0565911 0.0552928 0.0537095 0.0517871 0.0493027 0.0459233 0.0413418 0.0354672 0.028582 0.0213469
 0.00707961 0.011025 0.0157276 0.0209178 0.0263982 0.0320485 0.0377207 0.0431608 0.0480457 0.0520822 0.0550798 0.056972 0.0578085 0.0577286 0.0569215 0.0555872 0.0539 0.0519639 0.049756 0.0470904 0.0436521 0.0391334 0.0334348 0.0268256 0.0199401
 0.00742341 0.0115573 0.0164815 0.0219127 0.0276451 0.0335562 0.039493 0.0451834 0.0502654 0.0543885 0.0572976 0.0588804 0.0591877 0.0584191 0.0568643 0.0548204 0.0525212 0.0500891 0.0475034 0.0445862 0.0410415 0.0365776 0.031094 0.0248333 0.0183779
 0.00775767 0.0120737 0.0172094 0.0228643 0.0288187 0.0349407 0.0410689 0.0469207 0.0521225 0.0563097 0.0592069 0.0606703 0.0607134 0.0595111 0.0573626 0.0546177 0.0515925 0.0484938 0.0453649 0.0420693 0.0383364 0.0338878 0.0286168 0.0227295 0.0167411
 0.00805031 0.012535 0.0178772 0.0237655 0.0299667 0.0363308 0.0426718 0.0486784 0.0539543 0.0581253 0.06092 0.0622037 0.0619934 0.0604564 0.0578771 0.054599 0.0509574 0.0472113 0.0434802 0.0397084 0.0356922 0.0311917 0.0261004 0.0205818 0.0150718
 0.00843139 0.013115 0.0186779 0.0247856 0.0311894 0.0377345 0.0442324 0.0503621 0.055706 0.0598641 0.0625457 0.0636129 0.0630971 0.0611883 0.0581889 0.0544478 0.0502994 0.0460131 0.0417461 0.0375097 0.0331794 0.0285802 0.0236281 0.0184534 0.0134115
 0.00890401 0.0138284 0.0196497 0.0259974 0.0325951 0.039275 0.0458458 0.0519863 0.0572796 0.0613285 0.0638457 0.0646946 0.0639065 0.0616733 0.0583043 0.0541581 0.0495776 0.0448419 0.0401298 0.0354957 0.0308802 0.0261737 0.0213281 0.0164565 0.0118442
 0.00923336 0.0143539 0.0204214 0.0270527 0.0339498 0.0409095 0.0476923 0.0539282 0.0591707 0.0630249 0.0652352 0.0657102 0.0645221 0.0618902 0.058135 0.0536143 0.0486657 0.0435655 0.0385016 0.0335575 0.0287223 0.0239413 0.0192021 0.0146093 0.0103912
 0.00950249 0.0147785 0.021038 0.027891 0.0350327 0.0422496 0.0492811 0.0557205 0.0610729 0.0648972 0.0669107 0.0670294 0.0653687 0.0622132 0.0579461 0.0529656 0.0476212 0.0421834 0.0368323 0.0316581 0.0266766 0.021871 0.017256 0.0129298 0.00907383
 0.0097283 0.0151355 0.0215573 0.0285975 0.0359435 0.0433721 0.0506064 0.0572168 0.0626813 0.0665316 0.0684604 0.068366 0.0663631 0.062759 0.0579838 0.0524934 0.0466877 0.0408673 0.0352227 0.0298472 0.0247647 0.0199742 0.0155011 0.011432 0.00790727
 0.00988723 0.0153749 0.0218837 0.0290088 0.0364359 0.0439486 0.0512806 0.058007 0.0635975 0.067561 0.0695588 0.0694575 0.067348 0.0635283 0.058437 0.0525579 0.0463342 0.040114 0.0341298 0.0285044 0.0232812 0.0184701 0.0140964 0.0102287 0.00696852
