SBPRF35
12.7214
Curr Bio
713586
B35
889147
F35
0.17286
FOFL
0.143151
OFL
87724
Bzero
3.63469e+006
#pred survey bio
 3.53648e+006 3.40031e+006 3.27814e+006 3.09904e+006 2.89083e+006 2.67821e+006 2.44268e+006 2.22106e+006 1.99164e+006 1.77986e+006 1.55988e+006 1.37717e+006 1.20501e+006 1.05209e+006 964405 848376 768335 699251 660721 632139 604214 567087 556948 537079 521088 513049 516462 523844 530463 529545 535502 541725 544951 555627 570428 594647 611623 615377 626194 642026 647800 655369 664674 672631 674695 682145 682070 687767 694739 688799 692626 718468 2.62076e+007 1.61499e+007 1.68262e+007 1.79901e+007 1.94466e+007 2.09764e+007 2.24233e+007 2.36998e+007 2.47731e+007 2.56454e+007 2.63375e+007 2.68775e+007 2.72941e+007 2.76132e+007 2.78567e+007 2.80422e+007 2.81836e+007 2.82916e+007 2.83744e+007 2.84381e+007 2.84873e+007 2.85256e+007 2.85554e+007 2.85788e+007 2.85972e+007 2.86118e+007 2.86233e+007 2.86325e+007 2.86398e+007 2.86457e+007 2.86504e+007 2.86543e+007 2.86573e+007 2.86598e+007 2.86619e+007 2.86635e+007 2.86648e+007 2.86659e+007 2.86668e+007 2.86675e+007 2.86681e+007 2.86686e+007 2.8669e+007 2.86693e+007 2.86696e+007 2.86698e+007 2.867e+007 2.86701e+007 2.86702e+007 2.86703e+007 2.86704e+007 2.86705e+007 2.86705e+007 2.86706e+007 2.86706e+007 2.86706e+007 2.86706e+007 2.86707e+007 2.86707e+007 2.86707e+007 2.86707e+007 2.86707e+007 2.86707e+007 2.86707e+007 2.86707e+007 2.86707e+007 2.86707e+007 2.86707e+007 2.86707e+007 2.86707e+007 2.86707e+007 2.86707e+007 2.86707e+007 2.86707e+007 2.86707e+007 2.86707e+007 2.86707e+007 2.86707e+007 2.86707e+007 2.86707e+007 2.86707e+007 2.86707e+007 2.86707e+007 2.86707e+007 2.86707e+007 2.86707e+007 2.86707e+007 2.86707e+007 2.86707e+007 2.86707e+007 2.86707e+007 2.86707e+007 2.86707e+007 2.86707e+007 2.86707e+007 2.86707e+007 2.86707e+007 2.86707e+007 2.86707e+007 2.86707e+007 0 0 0 0 0 0 0 0 0 0 0 0 0 0 0 0 0 0 0 0 0 0 0 0 0
#obs survey bio
 3.37977e+006 2.49818e+006 3.08481e+006 4.5905e+006 1.90577e+006 2.34165e+006 2.33631e+006 1.80092e+006 1.84323e+006 2.04186e+006 1.02302e+006 1.23461e+006 977937 950926 669337 790477 769040 652194 730845 585972 454597 592610 470840 425333 456871 525875 402704 613241 586559 517047 736695 514922 452215 629214 610394 614973 764740 596241 754924 612266 684351 418580 877538 692688 814587 599212 607871 737957 785572 869850 538500 684598
#pred catch bio
 105307 101978 166387 206896 226750 264843 269827 293949 293080 312813 288886 285645 271181 215460 238692 202715 188024 157378 145791 142428 146865 121581 128154 122275 113263 102600 99144.4 99314.8 104298 97106.5 96342.3 98819.9 93247.5 91539.7 86083.7 94264.5 106047 100496 97500.5 106887 105546 104454 105631 109730 104515 111336 107182 106907 117838 109662 93271.3 92553.4 87724 107150 110551 117147 126218 135899 144990 152888 159390 164536 168493 171466 173661 175261 176413 177236 177820 178232 178521 178724 178865 178964 179032 179079 179112 179135 179150 179161 179169 179174 179177 179180 179181 179182 179183 179184 179184 179184 179185 179185 179185 179185 179185 179185 179185 179185 179185 179185 179185 179185 179185 179185 179185 179185 179185 179185 179185 179185 179185 179185 179185 179185 179185 179185 179185 179185 179185 179185 179185 179185 179185 179185 179185 179185 179185 179185 179185 179185 179185 179185 179185 179185 179185 179185 179185 179185 179185 179185 179185 179185 179185 179185 179185 179185 179185 179185 179185 179185 179185 179185 0 0 0 0 0 0 0 0 0 0 0 0 0 0 0 0 0 0 0 0 0 0 0 0 0
#obs catch bio
 0 101581 166613 206542 226413 264814 268876 294511 293073 313185 291258 289096 275605 218371 243809 205606 189714 158152 146347 142533 148352 122244 129608 124115 114582 103273 100224 99807 104672 97123.5 95758.9 98586 93158.4 91557 86208.6 94456.8 105836 100595 97307.1 107173 105468 104554 105473 109696 103256 110750 107003 106831 117439 109091 92931.5 92514.7
#pred cpue bio
 3.49384e+006 3.35886e+006 3.23676e+006 3.05778e+006 2.8501e+006 2.63773e+006 2.40256e+006 2.18113e+006 1.95216e+006 1.74099e+006 1.52199e+006 1.34012e+006 1.16923e+006 1.01775e+006 930835 816731 738400 671037 633545 605790 578512 542211 532347 513076 497731 490220 493734 501164 508023 507526 513653 519860 522941 533238 547537 571148 587906 591649 602178 617644 623368 630863 640044 648088 650491 657827 657440 662806 669721 663997 667533 692522 2.52826e+007 1.55923e+007 1.61445e+007 1.71803e+007 1.85987e+007 2.0121e+007 2.15666e+007 2.28429e+007 2.39162e+007 2.47885e+007 2.54806e+007 2.60206e+007 2.64372e+007 2.67563e+007 2.69998e+007 2.71852e+007 2.73267e+007 2.74347e+007 2.75175e+007 2.75812e+007 2.76304e+007 2.76687e+007 2.76985e+007 2.77219e+007 2.77403e+007 2.77549e+007 2.77664e+007 2.77756e+007 2.77829e+007 2.77888e+007 2.77935e+007 2.77973e+007 2.78004e+007 2.78029e+007 2.78049e+007 2.78066e+007 2.78079e+007 2.7809e+007 2.78099e+007 2.78106e+007 2.78112e+007 2.78117e+007 2.78121e+007 2.78124e+007 2.78126e+007 2.78129e+007 2.7813e+007 2.78132e+007 2.78133e+007 2.78134e+007 2.78135e+007 2.78135e+007 2.78136e+007 2.78136e+007 2.78137e+007 2.78137e+007 2.78137e+007 2.78137e+007 2.78138e+007 2.78138e+007 2.78138e+007 2.78138e+007 2.78138e+007 2.78138e+007 2.78138e+007 2.78138e+007 2.78138e+007 2.78138e+007 2.78138e+007 2.78138e+007 2.78138e+007 2.78138e+007 2.78138e+007 2.78138e+007 2.78138e+007 2.78138e+007 2.78138e+007 2.78138e+007 2.78138e+007 2.78138e+007 2.78138e+007 2.78138e+007 2.78138e+007 2.78138e+007 2.78138e+007 2.78138e+007 2.78138e+007 2.78138e+007 2.78138e+007 2.78138e+007 2.78138e+007 2.78138e+007 2.78138e+007 2.78138e+007 2.78138e+007 2.78138e+007 2.78138e+007 2.78138e+007 2.78138e+007 2.78138e+007 0 0 0 0 0 0 0 0 0 0 0 0 0 0 0 0 0 0 0 0 0 0 0 0 0
#obs cpue bio
 2.59789e+006 4.78154e+006 4.27645e+006 3.0342e+006 3.03614e+006 3.00557e+006 3.19672e+006 1.65174e+006 2.2529e+006 1.55459e+006 1.1732e+006 1.13818e+006 1.04012e+006 756491 1.05435e+006 824506 888699 709440 570530 742632 485572 461359 470076 420193 542459 515141 409391 566026 523716 578034 620831 468482 546239 453935 396619 560135 734651 438270 602247 506841 725599 844980 601244 626032 1.43365e+006 520480 540438 558142 888163 641961 711342 580095
#pred surv len freq
 0.00423751 0.00694522 0.0105771 0.015161 0.0206196 0.0266868 0.0328829 0.0386371 0.0434998 0.0472823 0.0500365 0.0519357 0.053171 0.0539052 0.0542674 0.0543662 0.0543086 0.0541958 0.0540606 0.0537401 0.0527653 0.0504102 0.0459936 0.039325 0.0309898
 0.00451865 0.00732881 0.0110213 0.0155884 0.0209479 0.0268712 0.0329434 0.0386456 0.0435334 0.0473739 0.0501578 0.0520244 0.0531814 0.0538468 0.0542073 0.0543947 0.0544846 0.0545011 0.0543857 0.0539169 0.0526372 0.0499083 0.0451759 0.0383524 0.030053
 0.00456984 0.00746634 0.0113227 0.0161439 0.0218192 0.0280386 0.0342758 0.0399287 0.0445524 0.0480033 0.0503966 0.0519603 0.0529205 0.0534674 0.0537593 0.053923 0.0540388 0.0541133 0.0540367 0.0535252 0.0520927 0.0491374 0.0441961 0.037276 0.0290361
 0.00472671 0.00770043 0.0116413 0.0165535 0.0223403 0.0287184 0.0351793 0.0411001 0.0459604 0.0495092 0.05178 0.0529991 0.0534769 0.053526 0.0534032 0.0532783 0.0532269 0.053224 0.0531144 0.0525649 0.051056 0.047993 0.0429638 0.0360419 0.0279223
 0.00494996 0.00805978 0.0121737 0.0172867 0.023284 0.0298545 0.0364597 0.0424587 0.0473362 0.0508596 0.0530669 0.0541548 0.0543875 0.054056 0.0534519 0.0528258 0.0523382 0.0520132 0.0516963 0.0510228 0.049439 0.0463397 0.0413334 0.0345263 0.0266252
 0.00517031 0.00841979 0.012719 0.0180611 0.0243213 0.0311639 0.0380107 0.0441737 0.0491013 0.0525502 0.054576 0.055408 0.0553353 0.0546526 0.0536396 0.0525452 0.0515581 0.0507576 0.0500456 0.0490913 0.0473503 0.0442165 0.0393003 0.0327075 0.025125
 0.00545799 0.00888003 0.0133983 0.0189992 0.0255456 0.0326805 0.0397917 0.0461497 0.0511647 0.0545696 0.0564146 0.0569428 0.0564714 0.0553287 0.0538213 0.0522114 0.0506947 0.0493669 0.0481669 0.0468158 0.0448208 0.0416131 0.0368164 0.0305194 0.0233585
 0.00570502 0.00928925 0.0140281 0.0199084 0.0267811 0.0342584 0.0416793 0.0482603 0.0533721 0.0567334 0.0584018 0.0586372 0.0577757 0.056165 0.0541328 0.0519623 0.0498678 0.0479648 0.0462215 0.0444065 0.0420891 0.0387597 0.0340739 0.0281045 0.0214219
 0.00597163 0.00972425 0.0146866 0.0208446 0.0280408 0.0358647 0.043615 0.050457 0.0557132 0.0590706 0.0605776 0.0605061 0.0592191 0.0570974 0.0544989 0.0517295 0.0490204 0.0465045 0.0441782 0.0418572 0.0391771 0.0356975 0.0311169 0.0254968 0.0193345
 0.0062499 0.0101741 0.0153592 0.0217873 0.0292895 0.0374327 0.045479 0.0525508 0.0579337 0.0612932 0.0626718 0.0623453 0.0606881 0.0580986 0.054958 0.0515965 0.0482679 0.0451273 0.0422012 0.039353 0.036286 0.0326327 0.02814 0.0228619 0.0172224
 0.00656912 0.0106969 0.0161528 0.0229153 0.0307984 0.0393303 0.0477137 0.0550065 0.0604484 0.0636933 0.0648029 0.0640888 0.0619618 0.0588492 0.0551514 0.0512106 0.0472891 0.0435542 0.0400568 0.0367056 0.0332708 0.0294596 0.0250701 0.020151 0.0150532
 0.0068017 0.0110844 0.0167542 0.0237931 0.0320083 0.0409026 0.0496328 0.0571987 0.0627874 0.0660194 0.0669487 0.0659028 0.0633263 0.0596882 0.0554274 0.0509124 0.046419 0.0421231 0.038092 0.0342709 0.0304897 0.026525 0.022224 0.0176327 0.0130352
 0.00706845 0.0115172 0.0174044 0.0247096 0.0332294 0.0424438 0.0514715 0.0592658 0.0649715 0.0681825 0.0689446 0.0675936 0.0645957 0.0604524 0.0556395 0.0505589 0.0455109 0.040687 0.0361702 0.031934 0.0278561 0.023771 0.0195683 0.015291 0.0111628
 0.0073597 0.0119874 0.0181056 0.0256874 0.034514 0.0440358 0.0533275 0.061294 0.0670445 0.0701609 0.0706996 0.0690194 0.0656121 0.0610043 0.055695 0.0501078 0.0445618 0.0392659 0.0343219 0.0297313 0.0254118 0.0212452 0.0171539 0.0131752 0.00947807
 0.00734635 0.0119926 0.0181642 0.0258513 0.034843 0.0445813 0.0541164 0.0623198 0.0682684 0.0715183 0.0721073 0.0703822 0.066831 0.0619836 0.0563513 0.050376 0.0444002 0.0386597 0.0332881 0.0283238 0.0237282 0.0194257 0.015366 0.0115809 0.00819409
 0.0074743 0.0122108 0.018512 0.0263728 0.0355792 0.0455559 0.0553201 0.0637018 0.0697393 0.0729654 0.073415 0.0714523 0.0675956 0.0624093 0.0564307 0.0501152 0.0438085 0.037748 0.032076 0.0268533 0.0220756 0.0177045 0.0137141 0.0101311 0.00703926
 0.00756818 0.0123506 0.0187 0.0266072 0.0358602 0.0458942 0.0557399 0.0642342 0.0704073 0.0737664 0.0743104 0.0723697 0.0684438 0.0630981 0.0568883 0.0502959 0.0436919 0.0373327 0.0313772 0.0259063 0.0209428 0.0164786 0.0125081 0.00905509 0.00617285
 0.00774565 0.0126235 0.0190807 0.0270941 0.0364365 0.0465276 0.0563853 0.0648422 0.0709388 0.074207 0.0746727 0.0726795 0.0687181 0.0633291 0.057042 0.0503249 0.0435506 0.0369909 0.0308267 0.025164 0.0200538 0.0155144 0.0115577 0.00820585 0.00548818
 0.00781952 0.0127354 0.0192338 0.0272858 0.0366592 0.0467703 0.0566349 0.0650843 0.0711609 0.0744022 0.0748445 0.0728419 0.0688898 0.0635223 0.0572505 0.0505187 0.0436813 0.0370052 0.0306836 0.0248487 0.0195843 0.0149404 0.0109496 0.00763713 0.00501583
 0.00794895 0.012925 0.0194805 0.0275727 0.03696 0.047057 0.0568836 0.0652789 0.0712936 0.074474 0.0748647 0.072827 0.0688606 0.0634989 0.057247 0.0505356 0.0437014 0.0369954 0.0306046 0.0246702 0.0192986 0.0145687 0.0105373 0.00723868 0.00467711
 0.00799527 0.0130184 0.0196525 0.0278595 0.0373875 0.0476211 0.0575365 0.0659335 0.0718494 0.0748509 0.0750267 0.0727849 0.0686588 0.0631962 0.0569004 0.0501893 0.0433803 0.036703 0.0303264 0.0243839 0.0189875 0.0142326 0.0101949 0.00692002 0.00441055
 0.00815948 0.0132714 0.0200084 0.0283247 0.0379628 0.0483029 0.058312 0.06677 0.0726845 0.0755929 0.0755712 0.073045 0.0685945 0.0628285 0.0563015 0.049457 0.0426088 0.035962 0.0296537 0.0237897 0.0184663 0.0137766 0.00980203 0.00659514 0.00415916
 0.00811718 0.0132068 0.0199194 0.0282129 0.0378352 0.0481731 0.0582024 0.0667133 0.0727192 0.0757523 0.0758664 0.0734503 0.0690463 0.0632427 0.0566031 0.049606 0.042608 0.0358461 0.0294681 0.0235726 0.0182423 0.0135592 0.0096009 0.0064193 0.00401678
 0.00807781 0.013162 0.0198867 0.0282197 0.0379092 0.0483296 0.0584345 0.0669916 0.0730036 0.0760081 0.0760766 0.0736159 0.0691766 0.0633413 0.0566596 0.0495996 0.0425209 0.0356762 0.0292328 0.023302 0.0179674 0.0133042 0.00938063 0.00624115 0.00388246
 0.00808186 0.0131553 0.0198539 0.0281424 0.0377765 0.0481505 0.0582447 0.0668458 0.0729535 0.0760792 0.0762572 0.0738669 0.069451 0.0636016 0.0568825 0.0497709 0.0426295 0.035714 0.0291994 0.0232083 0.0178341 0.0131556 0.00923808 0.00611926 0.00378819
 0.00817024 0.0132716 0.0199778 0.0282364 0.0377946 0.0480534 0.0580163 0.0665029 0.0725472 0.0756846 0.0759542 0.0737158 0.0694734 0.0637759 0.0571574 0.0500853 0.0429301 0.0359633 0.0293769 0.0233092 0.0178672 0.0131389 0.00919307 0.00606526 0.00373875
 0.00808853 0.0131564 0.0198358 0.0280811 0.0376378 0.0478945 0.0578367 0.0662741 0.0722497 0.0753284 0.075587 0.0734119 0.0693078 0.0637965 0.0573674 0.0504452 0.043373 0.0364178 0.0297847 0.0236349 0.0180987 0.0132834 0.00926921 0.00609567 0.00374384
 0.00793633 0.0129191 0.0194987 0.0276414 0.0371088 0.0473095 0.0572485 0.0657461 0.071837 0.0750596 0.0754594 0.0734055 0.0694065 0.0639993 0.0576827 0.0508733 0.0438924 0.036983 0.0303389 0.0241259 0.0184929 0.01357 0.00945733 0.00620633 0.00380145
 0.00782679 0.012739 0.0192247 0.0272523 0.0365923 0.0466721 0.056525 0.0650012 0.071155 0.0745237 0.0751303 0.0733075 0.0695267 0.0643002 0.0581194 0.0514064 0.0444893 0.0376115 0.0309606 0.0246988 0.01898 0.0139493 0.00972642 0.00637944 0.00390195
 0.00782493 0.0127283 0.0191938 0.0271841 0.036466 0.0464678 0.05623 0.0646161 0.0706983 0.074034 0.0746626 0.072923 0.0692778 0.0642171 0.0582047 0.051639 0.0448349 0.0380306 0.0314134 0.0251458 0.019385 0.0142848 0.00997907 0.00655152 0.00400746
 0.00786505 0.0127722 0.0192204 0.0271604 0.0363552 0.0462427 0.0558845 0.0641687 0.0701868 0.0735061 0.0741681 0.0725091 0.0689862 0.0640791 0.0582355 0.0518336 0.045168 0.0384623 0.0318961 0.0256321 0.0198331 0.0146639 0.0102726 0.00675844 0.00413954
 0.00791368 0.0128471 0.0193237 0.0272874 0.0364909 0.0463586 0.0559399 0.0641194 0.0700009 0.0731797 0.0737323 0.0720224 0.0685177 0.0636917 0.057975 0.0517243 0.0452119 0.0386406 0.0321738 0.0259643 0.0201739 0.0149742 0.0105267 0.00694594 0.00426416
 0.0079779 0.0129476 0.0194674 0.0274774 0.0367246 0.0466253 0.0562177 0.0643732 0.0701851 0.0732477 0.0736495 0.0717801 0.0681403 0.0632334 0.0575062 0.0513137 0.0449106 0.0384736 0.0321384 0.0260357 0.0203136 0.0151411 0.0106862 0.0070763 0.00435737
 0.00801011 0.0129912 0.0195171 0.0275236 0.0367571 0.0466385 0.0562143 0.0643632 0.07018 0.0732522 0.0736561 0.0717696 0.0680899 0.0631284 0.0573506 0.0511323 0.0447421 0.0383563 0.032097 0.0260736 0.0204143 0.0152758 0.0108246 0.00719567 0.00444647
 0.00795777 0.0129175 0.0194271 0.0274277 0.0366672 0.046562 0.0561504 0.0643058 0.0701245 0.0732016 0.0736211 0.0717617 0.0681118 0.0631701 0.0573941 0.0511624 0.0447561 0.0383662 0.032122 0.0261292 0.0205038 0.0153887 0.0109426 0.00730085 0.00452774
 0.00776113 0.0126178 0.0190142 0.0269084 0.0360659 0.04592 0.055524 0.0637595 0.0697187 0.0729775 0.0735918 0.0719136 0.0684136 0.0635811 0.05787 0.0516594 0.0452367 0.0388052 0.0325093 0.0264662 0.0207958 0.0156386 0.0111489 0.00746082 0.00464189
 0.00771343 0.0125262 0.0188513 0.0266425 0.0356718 0.0453948 0.0548992 0.0631015 0.0691127 0.0725037 0.0733052 0.071835 0.0685324 0.0638648 0.0582738 0.052135 0.0457385 0.0392949 0.0329594 0.0268611 0.0211299 0.0159121 0.0113644 0.00762206 0.0047544
 0.00775499 0.0125953 0.0189564 0.0267875 0.0358494 0.0455791 0.0550443 0.0631514 0.0690229 0.0722639 0.0729486 0.0714281 0.0681509 0.063569 0.0580959 0.052078 0.0457836 0.0394122 0.0331171 0.0270319 0.0212944 0.0160584 0.0114863 0.00771716 0.00482329
 0.00774389 0.0125752 0.018923 0.0267371 0.0357815 0.0454987 0.0549619 0.0630772 0.0689589 0.0721987 0.0728624 0.0713064 0.0679981 0.0634122 0.0579743 0.0520262 0.0458178 0.0395265 0.0332889 0.0272318 0.0214947 0.0162385 0.0116345 0.00782958 0.0049019
 0.00762484 0.0123992 0.0186906 0.0264599 0.0354786 0.0451914 0.0546697 0.0628186 0.068752 0.0720603 0.0728023 0.0713219 0.068074 0.0635282 0.0581153 0.0521889 0.046008 0.0397496 0.0335417 0.0274995 0.0217556 0.0164717 0.0118254 0.00797277 0.00500021
 0.00761048 0.0123689 0.0186327 0.0263616 0.0353314 0.044998 0.0544492 0.0626021 0.0685721 0.071938 0.0727413 0.0713128 0.0681018 0.0635794 0.0581811 0.0522658 0.0460978 0.0398577 0.0336722 0.0276507 0.0219179 0.01663 0.0119647 0.00808322 0.00507912
 0.00758764 0.0123326 0.0185792 0.0262865 0.0352294 0.044863 0.0542766 0.0623937 0.068341 0.0717097 0.072549 0.0711859 0.0680564 0.0636131 0.0582776 0.0524038 0.0462588 0.04003 0.0338499 0.02783 0.0220934 0.016793 0.0121057 0.00819492 0.0051594
 0.00745383 0.0121374 0.018327 0.0259956 0.0349264 0.0445744 0.0540208 0.0621794 0.0681694 0.0715796 0.0724612 0.0711464 0.0680748 0.0636983 0.0584312 0.0526165 0.0465125 0.0403033 0.0341237 0.0280903 0.0223301 0.0169987 0.0122745 0.00832418 0.00525041
 0.00733009 0.0119388 0.0180343 0.0255968 0.0344242 0.0439939 0.0534147 0.0616209 0.067732 0.0713134 0.0723786 0.0712258 0.0682777 0.0639872 0.0587784 0.0530034 0.0469241 0.040723 0.0345331 0.028471 0.0226668 0.0172811 0.0124979 0.0084894 0.00536353
 0.00746887 0.0121192 0.018222 0.0257315 0.0344353 0.0438271 0.0530553 0.0611023 0.0671269 0.0707128 0.0718687 0.0708683 0.0680991 0.0639791 0.0589089 0.0532327 0.0472156 0.0410479 0.034868 0.0287958 0.0229639 0.0175364 0.012703 0.00864242 0.00546876
 0.00756475 0.0122756 0.0184553 0.0260486 0.0348222 0.0442365 0.0534035 0.061286 0.067061 0.0703706 0.0713007 0.0701861 0.0674334 0.0634368 0.0585479 0.05306 0.0472031 0.0411517 0.0350437 0.0290055 0.0231781 0.0177333 0.0128683 0.00876943 0.00555793
 0.00757356 0.01231 0.018544 0.0262307 0.0351362 0.0447027 0.0540052 0.0619599 0.0677023 0.0708558 0.0715215 0.0700861 0.0670307 0.0628195 0.0578432 0.0523909 0.0466546 0.0407588 0.0348007 0.028883 0.0231395 0.0177449 0.0129034 0.00880984 0.00559303
 0.00747087 0.0121569 0.0183411 0.0259923 0.0348923 0.0444985 0.0538964 0.0620006 0.0679245 0.0712475 0.0720174 0.0705801 0.06741 0.0630053 0.0578181 0.0522006 0.046383 0.0404921 0.0345984 0.0287676 0.0231025 0.0177619 0.0129473 0.0088593 0.00563543
 0.00741864 0.012064 0.0181876 0.0257573 0.0345627 0.0440813 0.0534289 0.0615509 0.0675778 0.071082 0.0720785 0.0708623 0.0678538 0.0635129 0.058285 0.0525507 0.046591 0.0405826 0.0346236 0.0287788 0.0231307 0.0178135 0.0130127 0.00892404 0.00568878
 0.00758577 0.0123068 0.0184983 0.0261074 0.0349072 0.0443686 0.0536116 0.061596 0.067477 0.0708588 0.0717871 0.0705733 0.0676298 0.0633846 0.058241 0.0525469 0.0465753 0.0405214 0.0345145 0.0286456 0.0230053 0.0177191 0.0129562 0.00889903 0.00568323
 0.00770161 0.0124897 0.018762 0.0264568 0.0353325 0.0448388 0.0540714 0.0619727 0.0676992 0.0708815 0.0716092 0.0702391 0.0672141 0.0629684 0.0578862 0.0522807 0.0463888 0.0403838 0.0343944 0.0285267 0.0228899 0.017619 0.0128818 0.0088524 0.00565928
 0.00747036 0.0121587 0.0183474 0.0260033 0.0349023 0.0444921 0.0538494 0.061889 0.0677411 0.0710157 0.0717921 0.0704297 0.0673872 0.0631213 0.0580353 0.0524477 0.0465861 0.0406054 0.0346193 0.0287303 0.0230553 0.0177422 0.0129683 0.0089115 0.00569884
#obs surv len freq
 nan nan nan nan nan nan nan nan nan nan nan nan nan nan nan nan nan nan nan nan nan nan nan nan nan
 0.00448543 0.00734711 0.0111774 0.0159939 0.0216946 0.0279699 0.0342837 0.0400145 0.0446936 0.048157 0.0505145 0.0520101 0.052902 0.0534142 0.0537283 0.053983 0.0542615 0.0545542 0.0546929 0.0542848 0.0527229 0.0493551 0.043805 0.0362852 0.0276691
 0.00461869 0.00756566 0.0115094 0.0164658 0.0223243 0.0287569 0.0351991 0.0409987 0.0456646 0.0490268 0.0512059 0.052468 0.0530989 0.0533497 0.053425 0.0534784 0.0535993 0.0537773 0.0538405 0.053394 0.0518327 0.048509 0.043048 0.0356555 0.0271878
 0.00477904 0.00782842 0.0119088 0.0170352 0.0230897 0.0297268 0.036353 0.0422816 0.0469919 0.0502975 0.0523177 0.0533301 0.0536421 0.0535335 0.0532412 0.0529491 0.0527698 0.0527071 0.0525961 0.0520456 0.0504555 0.0471834 0.0418538 0.0346585 0.0264244
 0.00495854 0.00812352 0.0123592 0.0176799 0.0239603 0.0308352 0.0376794 0.0437692 0.048554 0.0518316 0.0537194 0.0545014 0.0544967 0.0540024 0.0532789 0.0525405 0.0519322 0.0514891 0.0510729 0.0503144 0.0486312 0.0453926 0.0402213 0.0332863 0.0253697
 0.00518804 0.00849534 0.0129165 0.0184625 0.0249977 0.0321352 0.0392163 0.045479 0.0503412 0.0535861 0.055332 0.0558732 0.0555416 0.0546475 0.0534667 0.052232 0.0511146 0.0501829 0.0493385 0.0482551 0.0463909 0.0431434 0.0381399 0.0315198 0.0240039
 0.0054138 0.00886936 0.0134922 0.0192935 0.0261263 0.0335753 0.0409361 0.0473965 0.0523386 0.0555341 0.0571116 0.0573849 0.0567054 0.055398 0.0537491 0.0520019 0.0503423 0.0488641 0.0475092 0.0460062 0.0438737 0.0405595 0.0357089 0.0294323 0.022377
 0.00565201 0.0092572 0.0140775 0.0201226 0.0272369 0.0349845 0.0426257 0.0493053 0.0543666 0.0575582 0.0590036 0.0590269 0.0579989 0.056267 0.0541371 0.0518659 0.0496506 0.0476018 0.0456948 0.0437129 0.0412457 0.0378077 0.0330779 0.027145 0.0205779
 0.00589888 0.00966236 0.0146942 0.0210024 0.0284193 0.0364809 0.0444037 0.0512852 0.0564343 0.0595886 0.06088 0.0606487 0.0592811 0.0571383 0.0545385 0.05175 0.0489815 0.0463596 0.0438886 0.0414033 0.0385662 0.034967 0.0303305 0.0247323 0.0186645
 0.00613207 0.0100451 0.0152773 0.0218359 0.0295436 0.0379116 0.0461164 0.053208 0.0584579 0.0615861 0.0627282 0.0622419 0.0605357 0.0579909 0.0549403 0.0516609 0.048367 0.0451957 0.0421761 0.0391907 0.0359729 0.0321901 0.0276192 0.0223308 0.0167455
 0.00637005 0.0104335 0.0158647 0.0226685 0.0306569 0.0393166 0.0477853 0.055069 0.0604048 0.0634982 0.064489 0.0637506 0.0617117 0.0587737 0.0552864 0.0515386 0.0477514 0.044069 0.0405386 0.0370833 0.033501 0.029534 0.0250134 0.0200102 0.0148815
 0.00662194 0.0108474 0.0164952 0.0235683 0.0318647 0.0408397 0.0495822 0.0570457 0.0624299 0.0654308 0.0662042 0.0651523 0.062734 0.0593759 0.0554461 0.0512437 0.0469945 0.0428468 0.0388603 0.0349899 0.0310888 0.0269665 0.022505 0.0177788 0.0130875
 0.00684027 0.0112071 0.0170455 0.0243583 0.0329341 0.0422033 0.0512138 0.0588709 0.0643349 0.0672829 0.0678736 0.0665292 0.0637376 0.059957 0.0555825 0.0509325 0.0462423 0.041665 0.0372699 0.0330362 0.0288618 0.0246125 0.0202139 0.0157437 0.0114512
 0.00704373 0.0115417 0.0175562 0.0250894 0.0339204 0.0434563 0.0527076 0.060537 0.0660711 0.0689722 0.0694024 0.0677986 0.0646697 0.0604977 0.0557023 0.0506237 0.0455135 0.0405364 0.0357732 0.0312241 0.0268226 0.0224786 0.0181519 0.0139205 0.00998917
 0.00726151 0.0118967 0.0180922 0.0258469 0.0349281 0.0447179 0.0541883 0.0621596 0.0677273 0.0705439 0.0707819 0.0689004 0.0654334 0.0608864 0.0556994 0.0502287 0.0447388 0.0394053 0.0343222 0.0295095 0.0249303 0.0205293 0.0162913 0.0122903 0.00869028
 0.00741168 0.0121468 0.0184797 0.0264101 0.0356989 0.0457089 0.0553798 0.0634953 0.0691218 0.0718988 0.0720022 0.069905 0.0661603 0.0612942 0.0557661 0.0499489 0.0441206 0.0384683 0.0330998 0.0280545 0.0233218 0.0188751 0.0147172 0.0109159 0.00759863
 0.00751969 0.0123216 0.0187417 0.0267796 0.0361936 0.0463402 0.0561473 0.0643814 0.0700904 0.072898 0.0729689 0.0707718 0.0668626 0.061777 0.0559888 0.0498874 0.0437664 0.0378289 0.0321992 0.0269372 0.0220573 0.0175573 0.0134545 0.00980976 0.00671899
 0.00757609 0.0124086 0.0188644 0.0269408 0.0363958 0.0465875 0.0564462 0.0647404 0.0705175 0.0733958 0.0735299 0.0713729 0.0674635 0.0623229 0.0564184 0.0501429 0.0438031 0.0376217 0.0317468 0.0262653 0.0212199 0.0166338 0.0125383 0.00898959 0.00605779
 0.0076424 0.0125094 0.0190029 0.027115 0.036599 0.0468096 0.0566758 0.0649676 0.0707374 0.0736124 0.0737554 0.0716222 0.067744 0.062626 0.0567151 0.0503873 0.0439421 0.0376074 0.0315493 0.0258822 0.0206804 0.0159959 0.0118782 0.0083827 0.00556014
 0.00772228 0.0126332 0.0191775 0.0273417 0.036872 0.0471152 0.0569918 0.0652653 0.0709887 0.073798 0.0738719 0.0716828 0.0677732 0.0626486 0.056746 0.0504228 0.0439585 0.0375676 0.0314156 0.0256312 0.0203145 0.0155468 0.0113988 0.00793178 0.00518433
 0.00777158 0.0127116 0.0192921 0.0274975 0.03707 0.0473506 0.057252 0.0655299 0.0712324 0.0739972 0.0740101 0.0717546 0.0677853 0.0626177 0.0566925 0.0503632 0.0438971 0.0374931 0.0313054 0.0254616 0.0200745 0.0152463 0.0110686 0.00761268 0.00491243
 0.00780622 0.012764 0.0193637 0.0275874 0.0371761 0.0474704 0.0573832 0.0656696 0.0713759 0.0741367 0.0741352 0.0718542 0.0678502 0.0626443 0.0566841 0.0503281 0.0438443 0.0374261 0.031219 0.0253447 0.0199176 0.0150506 0.0108495 0.00739568 0.00472312
 0.00782397 0.0127899 0.0193974 0.0276264 0.0372168 0.0475093 0.0574179 0.0657003 0.0714056 0.0741705 0.0741784 0.0719091 0.0679146 0.0627106 0.0567425 0.0503703 0.0438657 0.0374248 0.0311933 0.0252913 0.0198333 0.0149368 0.0107153 0.00725742 0.00459849
 0.00786175 0.0128452 0.0194691 0.0277093 0.0373026 0.0475886 0.0574826 0.0657445 0.0714267 0.0741701 0.0741625 0.0718869 0.0678951 0.0626999 0.0567414 0.0503748 0.0438686 0.0374189 0.0311726 0.0252516 0.0197728 0.0148571 0.0106227 0.00716222 0.00451231
 0.00787841 0.0128699 0.0195014 0.0277471 0.0373416 0.0476233 0.0575069 0.0657532 0.0714172 0.0741439 0.0741256 0.0718486 0.067865 0.0626854 0.0567457 0.050396 0.0439005 0.0374525 0.0311984 0.0252619 0.0197631 0.0148272 0.0105772 0.00710923 0.00446081
 0.00788066 0.0128704 0.0194966 0.0277318 0.0373109 0.0475746 0.0574422 0.0656789 0.0713422 0.0740776 0.0740753 0.0718192 0.0678596 0.062705 0.0567895 0.0504605 0.0439793 0.0375368 0.0312779 0.0253271 0.0198071 0.0148476 0.0105765 0.00709382 0.00443867
 0.00788587 0.0128773 0.0195038 0.0277366 0.0373093 0.0475622 0.0574148 0.0656341 0.0712813 0.0740059 0.074002 0.0717553 0.0678145 0.062685 0.0567967 0.0504931 0.0440326 0.0376035 0.031349 0.0253931 0.01986 0.0148827 0.0105934 0.00709596 0.00443185
 0.00790007 0.0128967 0.0195263 0.0277577 0.0373234 0.0475643 0.0574017 0.0656051 0.0712378 0.0739506 0.0739393 0.0716909 0.0677561 0.0626404 0.0567722 0.0504921 0.0440547 0.0376445 0.0314019 0.0254491 0.0199109 0.0149223 0.0106189 0.00710836 0.00443476
 0.00786473 0.0128433 0.0194532 0.0276662 0.0372169 0.0474474 0.0572805 0.0654868 0.0711309 0.0738644 0.0738815 0.0716668 0.0677668 0.0626836 0.0568434 0.0505858 0.0441647 0.0377641 0.0315236 0.0255649 0.0200128 0.0150045 0.0106789 0.00714741 0.00445688
 0.00786769 0.0128402 0.0194345 0.0276189 0.0371292 0.047315 0.0571113 0.0653005 0.070953 0.0737174 0.0737801 0.071616 0.067765 0.0627254 0.0569214 0.0506917 0.0442899 0.0378998 0.031661 0.0256956 0.0201291 0.0151005 0.0107517 0.00719745 0.00448776
 0.00786533 0.0128355 0.0194252 0.0276012 0.037097 0.0472604 0.0570258 0.0651792 0.0707987 0.0735441 0.0736111 0.0714775 0.0676778 0.0626994 0.0569547 0.0507743 0.0444078 0.0380385 0.0318072 0.0258375 0.0202573 0.015208 0.0108348 0.00725632 0.00452558
 0.00782451 0.012773 0.0193386 0.0274909 0.0369665 0.0471154 0.0568738 0.0650286 0.0706572 0.0734179 0.0735053 0.0713985 0.0676341 0.0627004 0.0570067 0.0508769 0.0445528 0.0382119 0.0319923 0.0260185 0.020421 0.0153455 0.0109416 0.00733269 0.00457544
 0.00778577 0.0127063 0.0192316 0.0273315 0.0367469 0.0468385 0.0565578 0.0647061 0.0703671 0.0731937 0.0733668 0.0713494 0.0676666 0.0628013 0.057163 0.0510772 0.044786 0.0384655 0.0322514 0.0262668 0.0206437 0.0155317 0.0110861 0.00743609 0.00464327
 0.00777188 0.0126795 0.0191832 0.0272503 0.0366208 0.0466587 0.0563231 0.0644264 0.0700644 0.0728997 0.0731169 0.0711749 0.0675868 0.0628201 0.0572705 0.0512548 0.0450128 0.0387211 0.0325171 0.026525 0.0208788 0.0157312 0.0112432 0.00754994 0.00471882
 0.00775231 0.01265 0.0191429 0.0271988 0.0365572 0.0465798 0.0562234 0.0642992 0.0699058 0.0727129 0.0729148 0.0709801 0.0674269 0.0627208 0.057248 0.0513126 0.0451416 0.0389029 0.0327298 0.0267468 0.02109 0.0159164 0.0113927 0.00766063 0.0047936
 0.00769556 0.0125583 0.0190064 0.0270102 0.036315 0.0462918 0.0559094 0.0639888 0.0696306 0.0724971 0.0727697 0.0709053 0.0674172 0.0627717 0.0573584 0.0514818 0.0453652 0.0391696 0.0330216 0.0270415 0.0213657 0.0161554 0.0115841 0.00780162 0.0048886
 0.0076812 0.0125295 0.018953 0.0269193 0.036174 0.0460937 0.0556578 0.0637 0.0693316 0.0722198 0.0725437 0.0707518 0.0673455 0.0627802 0.0574385 0.0516229 0.0455571 0.0394016 0.0332804 0.0273098 0.0216239 0.0163851 0.0117721 0.00794267 0.00498501
 0.00766063 0.0125018 0.0189213 0.0268887 0.0361479 0.0460696 0.0556248 0.0636417 0.0692332 0.0720764 0.0723655 0.0705619 0.0671728 0.0626508 0.0573694 0.0516201 0.0456176 0.0395163 0.0334363 0.0274911 0.0218127 0.0165634 0.0119252 0.00806186 0.00506897
 0.00762679 0.0124466 0.0188385 0.0267739 0.0360013 0.0458989 0.055446 0.0634756 0.069098 0.0719798 0.0723023 0.0705206 0.0671445 0.0626355 0.0573759 0.05166 0.0456993 0.0396408 0.0335968 0.0276747 0.0220027 0.0167429 0.0120799 0.00818321 0.00515518
 0.0076188 0.0124333 0.0188179 0.0267434 0.0359577 0.0458391 0.0553683 0.0633815 0.0689935 0.0718753 0.0722096 0.0704479 0.0670939 0.0626043 0.0573609 0.0516619 0.0457232 0.0396931 0.0336803 0.0277855 0.0221305 0.0168734 0.0121991 0.00828079 0.0052269
 0.00761192 0.0124241 0.0188077 0.0267343 0.0359517 0.0458365 0.0553665 0.0633754 0.0689766 0.0718427 0.0721603 0.0703859 0.067027 0.0625411 0.0573083 0.0516245 0.0457043 0.0396961 0.033708 0.0278381 0.0222033 0.0169571 0.0122823 0.00835337 0.00528282
 0.00758568 0.0123842 0.0187528 0.0266654 0.0358726 0.0457533 0.0552875 0.0633092 0.0689302 0.0718184 0.0721553 0.0703934 0.0670401 0.0625553 0.0573231 0.0516424 0.0457288 0.0397308 0.0337553 0.0278986 0.0222748 0.0170341 0.012357 0.00841842 0.00533333
 0.00756693 0.0123531 0.0187049 0.026597 0.0357816 0.0456419 0.0551633 0.0631855 0.0688228 0.0717412 0.0721163 0.0703933 0.0670724 0.0626101 0.0573898 0.0517131 0.0457997 0.0398015 0.0338273 0.027973 0.0223512 0.0171097 0.012427 0.00847797 0.00537921
 0.00754218 0.0123139 0.018648 0.0265199 0.0356832 0.0455232 0.0550283 0.0630424 0.0686835 0.0716202 0.0720278 0.0703482 0.0670756 0.0626589 0.0574751 0.0518221 0.0459197 0.0399225 0.0339436 0.0280819 0.0224513 0.0171993 0.0125039 0.00853997 0.00542534
 0.0075276 0.0122894 0.0186099 0.0264641 0.035607 0.045426 0.0549135 0.0629169 0.068557 0.0715033 0.0719303 0.0702788 0.0670415 0.0626647 0.057521 0.0519033 0.0460267 0.0400438 0.0340681 0.0282012 0.0225598 0.0172936 0.012582 0.00860094 0.00546957
 0.00752316 0.0122822 0.0185989 0.0264482 0.0355844 0.0453946 0.0548708 0.0628613 0.0684886 0.0714246 0.071847 0.0701989 0.0669741 0.0626185 0.0575027 0.0519165 0.0460704 0.0401127 0.0341534 0.0282932 0.0226496 0.0173745 0.0126499 0.00865392 0.00550783
 0.00753484 0.0122986 0.0186186 0.0264683 0.035601 0.0454039 0.0548703 0.0628493 0.0684643 0.0713873 0.071797 0.070138 0.0669068 0.0625517 0.0574455 0.0518771 0.046055 0.0401231 0.034187 0.0283434 0.0227081 0.0174332 0.0127024 0.00869636 0.00553904
 0.0075012 0.0122511 0.0185605 0.0264066 0.0355446 0.0453594 0.0548398 0.0628303 0.0684519 0.0713775 0.0717876 0.0701289 0.0668986 0.0625457 0.0574434 0.051882 0.0460705 0.0401523 0.0342307 0.0283993 0.0227707 0.0174956 0.0127582 0.0087415 0.00557203
 0.00750004 0.0122454 0.0185451 0.0263757 0.0354943 0.0452915 0.0547639 0.0627615 0.0684047 0.0713592 0.0717955 0.0701527 0.0669267 0.0625699 0.0574607 0.051894 0.0460816 0.0401675 0.0342538 0.0284317 0.0228106 0.0175388 0.0127997 0.00877676 0.0055988
 0.00749435 0.0122378 0.0185365 0.0263672 0.0354858 0.0452807 0.054746 0.0627316 0.0683619 0.0713087 0.0717479 0.070119 0.0669131 0.0625749 0.0574779 0.051916 0.0461039 0.0401893 0.034277 0.0284583 0.0228413 0.0175721 0.0128323 0.00880534 0.00562109
 0.00749435 0.0122378 0.0185365 0.0263672 0.0354858 0.0452807 0.054746 0.0627316 0.0683619 0.0713087 0.0717479 0.070119 0.0669131 0.0625749 0.0574779 0.051916 0.0461039 0.0401893 0.034277 0.0284583 0.0228413 0.0175721 0.0128323 0.00880534 0.00562109
 0.00736702 0.0120353 0.0182413 0.0259686 0.0349855 0.0446993 0.0541271 0.0621388 0.0678651 0.0709664 0.0715932 0.0701565 0.0671235 0.0629236 0.0579218 0.0524102 0.0466072 0.0406692 0.0347114 0.028835 0.0231551 0.0178227 0.0130227 0.00894158 0.00571181
#pred catch len freq
 0.00312625 0.00506759 0.00763327 0.0108646 0.0148043 0.019453 0.0247077 0.0303458 0.0360669 0.0415514 0.046508 0.0507117 0.0540376 0.056471 0.0580901 0.0590404 0.0595126 0.0597046 0.0597289 0.0594631 0.0584259 0.0558359 0.0509509 0.0435659 0.0343326
 0.00334336 0.00536653 0.00798554 0.0112159 0.0150972 0.0196576 0.0248403 0.030457 0.0362046 0.0417248 0.0466778 0.0508182 0.054046 0.0564044 0.058029 0.0590846 0.0597251 0.0600624 0.0601093 0.059679 0.0583034 0.0552982 0.0500615 0.0425025 0.0333058
 0.00341658 0.00551829 0.00826998 0.0116921 0.0158009 0.0205665 0.0258549 0.0314237 0.0369758 0.0422199 0.0469039 0.0508378 0.0539249 0.0561842 0.0577378 0.0587618 0.0594244 0.0598215 0.0599086 0.059428 0.0578776 0.0546111 0.049126 0.0414363 0.0322775
 0.00356984 0.00574944 0.0085893 0.0121101 0.0163416 0.0212771 0.0267962 0.0326322 0.038412 0.0437412 0.0482917 0.0518756 0.0544811 0.056247 0.0573897 0.0581266 0.0586214 0.0589402 0.0589926 0.0584688 0.0568301 0.0534374 0.0478441 0.0401383 0.0310965
 0.00377163 0.00606922 0.00905441 0.0127388 0.0171396 0.0222343 0.0278889 0.0338316 0.0396961 0.0450923 0.0496725 0.0531958 0.0555898 0.0569713 0.0576023 0.0577964 0.0578155 0.0577818 0.0576063 0.0569439 0.0552165 0.0517718 0.0461851 0.0385812 0.0297529
 0.00399161 0.00642124 0.00957474 0.01346 0.0180872 0.0234202 0.0293 0.0354204 0.0413815 0.0467737 0.0512502 0.0545856 0.0567201 0.0577677 0.057978 0.0576676 0.0571365 0.0565737 0.055956 0.054977 0.0530674 0.0495719 0.0440667 0.0366765 0.0281746
 0.00425867 0.00684309 0.0101882 0.014295 0.0191671 0.0247587 0.0308936 0.0372368 0.0433522 0.0487936 0.0531873 0.0563003 0.0580877 0.0586935 0.0583976 0.0575361 0.0564233 0.0552724 0.0541057 0.0526761 0.0504716 0.0468762 0.0414792 0.0343869 0.0263193
 0.00451734 0.00726046 0.0108113 0.015168 0.0203257 0.0262215 0.0326494 0.0392367 0.045511 0.0509988 0.0553104 0.0582066 0.0596463 0.0597894 0.0589414 0.0574679 0.055711 0.0539114 0.0521283 0.0501691 0.0475909 0.0438429 0.0385489 0.0317977 0.0242376
 0.00478655 0.00769131 0.0114489 0.0160547 0.0214995 0.0277102 0.034458 0.0413337 0.0478186 0.0533953 0.0576424 0.0603102 0.0613698 0.0610092 0.0595673 0.0574402 0.0549955 0.0525004 0.0500503 0.0475083 0.0445061 0.0405698 0.0353702 0.0289841 0.0219796
 0.00509985 0.00818694 0.0121706 0.0170379 0.02277 0.0292806 0.0363192 0.0434457 0.0501069 0.0557532 0.0599386 0.062399 0.0631053 0.0622602 0.0602298 0.0574419 0.054295 0.0510857 0.0479467 0.0447967 0.0413444 0.037198 0.0320829 0.0260674 0.0196377
 0.00541894 0.00869932 0.0129308 0.0180948 0.024161 0.0310207 0.0383867 0.045772 0.0525794 0.05823 0.0622678 0.0644359 0.0647243 0.063361 0.0607373 0.0573033 0.0534766 0.0495759 0.0457672 0.0420232 0.0381292 0.0337774 0.0287506 0.0231114 0.0172653
 0.00569661 0.00914707 0.0135995 0.0190335 0.0254131 0.0326147 0.0403208 0.0479998 0.0550034 0.0607078 0.0646295 0.0665088 0.0663583 0.0644463 0.0612079 0.0571273 0.0526437 0.048091 0.043658 0.0393615 0.0350561 0.0305131 0.0255713 0.0202904 0.0150006
 0.00599942 0.00962766 0.0143024 0.0199965 0.0266655 0.0341723 0.0421758 0.0501093 0.0572832 0.0630353 0.0668542 0.0684696 0.0679051 0.06546 0.061612 0.0568888 0.051763 0.0465917 0.0415857 0.0367963 0.0321339 0.0274364 0.0225913 0.0176552 0.0128893
 0.00623055 0.0099995 0.014856 0.0207705 0.0276935 0.0354755 0.0437525 0.0519243 0.0592645 0.0650781 0.0688309 0.0702428 0.0693425 0.066449 0.0620704 0.0567688 0.0510507 0.0453033 0.0397668 0.0345291 0.029549 0.0247189 0.0199643 0.0153357 0.0110329
 0.00634504 0.0101942 0.0151656 0.0212348 0.0283519 0.0363569 0.0448636 0.0532429 0.0607402 0.0666383 0.0703882 0.0717009 0.0706023 0.067415 0.0626583 0.0569122 0.0507069 0.0444583 0.0384411 0.0327857 0.0275006 0.0225281 0.0178254 0.0134363 0.00950743
 0.00645498 0.0103802 0.0154603 0.0216767 0.0289813 0.0372072 0.0459483 0.0545431 0.0621981 0.06816 0.071857 0.0729985 0.0716297 0.0681049 0.062974 0.0568377 0.0502367 0.0435957 0.0372049 0.0312237 0.0257022 0.0206269 0.015983 0.011809 0.00820564
 0.00656371 0.010543 0.015681 0.0219543 0.0293165 0.037611 0.0464452 0.0551646 0.0629674 0.0690741 0.0728747 0.074042 0.0725985 0.0688974 0.0635065 0.0570549 0.0501117 0.0431241 0.0364026 0.0301307 0.024391 0.0192052 0.0145827 0.0105587 0.00719841
 0.00667815 0.0107184 0.0159248 0.0222655 0.0296861 0.0380234 0.0468815 0.0556078 0.0634096 0.0695212 0.0733428 0.0745426 0.0731223 0.0694048 0.0639328 0.0573265 0.0501645 0.0429169 0.0359235 0.0293998 0.0234624 0.0181648 0.0135371 0.0096129 0.00642976
 0.00673628 0.010806 0.0160441 0.0224144 0.0298592 0.0382146 0.0470845 0.0558167 0.0636195 0.0697306 0.0735564 0.0747726 0.0733826 0.069701 0.06425 0.057624 0.0503817 0.0429897 0.0358032 0.0290692 0.0229431 0.0175158 0.0128419 0.00895866 0.00588428
 0.00686977 0.0110022 0.0163004 0.0227147 0.030178 0.0385239 0.0473606 0.0560426 0.0637858 0.0698358 0.0736074 0.074784 0.0733748 0.0696956 0.0642626 0.0576558 0.0504138 0.0429842 0.0357149 0.0288628 0.0226101 0.0170814 0.0123594 0.00849199 0.00548741
 0.00697283 0.0111763 0.0165729 0.023111 0.0307108 0.0391789 0.0480862 0.0567541 0.0643867 0.0702471 0.0737895 0.0747423 0.0731502 0.0693478 0.0638547 0.0572402 0.0500224 0.0426243 0.0353721 0.0285124 0.0222332 0.0166779 0.011951 0.00811352 0.00517172
 0.00705107 0.0112982 0.0167483 0.0233502 0.0310278 0.0395932 0.0486168 0.0574039 0.0651237 0.0709946 0.0744374 0.0751795 0.0733044 0.069209 0.0634727 0.0567 0.0494134 0.0420158 0.0348029 0.0279939 0.0217612 0.0162471 0.0115644 0.00778241 0.00490837
 0.00705748 0.0113077 0.016761 0.0233657 0.0310467 0.0396188 0.0486583 0.0574798 0.0652606 0.0712192 0.0747603 0.0755784 0.0737191 0.0695579 0.0636832 0.0567368 0.0492873 0.0417713 0.0344942 0.0276656 0.0214409 0.015949 0.0112975 0.00755518 0.004728
 0.0070184 0.0112607 0.0167207 0.0233554 0.0310915 0.0397348 0.0488442 0.0577163 0.0655185 0.0714719 0.0749931 0.0757897 0.0739113 0.0697255 0.0638055 0.0567835 0.049234 0.0416139 0.0342528 0.0273757 0.0211395 0.0156653 0.0110499 0.00735323 0.00457471
 0.0069903 0.0112083 0.0166311 0.0232168 0.030901 0.0395087 0.0486221 0.0575534 0.0654654 0.071553 0.0751969 0.0760768 0.0742342 0.0700437 0.0640908 0.0570152 0.0493944 0.0416896 0.0342411 0.0272882 0.0210004 0.0155036 0.0108914 0.0072159 0.00446754
 0.00701578 0.0112321 0.0166336 0.0231678 0.030766 0.0392614 0.0482583 0.0571004 0.0649835 0.0711252 0.0749078 0.0759864 0.0743574 0.0703477 0.0645097 0.0574741 0.0498284 0.0420531 0.0345089 0.0274548 0.0210765 0.0155114 0.0108576 0.00716498 0.0044171
 0.00691632 0.0110883 0.0164491 0.0229538 0.0305338 0.039012 0.0479784 0.0567697 0.0645926 0.0706934 0.0744905 0.0756634 0.0742072 0.0704179 0.0647995 0.0579348 0.0503812 0.0426143 0.0350105 0.0278553 0.0213622 0.0156911 0.0109539 0.00720507 0.00442568
 0.00676551 0.0108555 0.016123 0.0225348 0.0300367 0.0384671 0.0474298 0.0562676 0.0641792 0.0703903 0.0742976 0.0755723 0.0742183 0.070547 0.0650674 0.0583472 0.0509143 0.0432146 0.03561 0.0283916 0.0217944 0.0160052 0.011159 0.00732458 0.00448686
 0.00667592 0.0107089 0.0159007 0.0222191 0.0296148 0.0379381 0.0468126 0.0556058 0.0635374 0.0698415 0.0739054 0.0753748 0.0742212 0.0707304 0.0654004 0.0587998 0.0514584 0.0438173 0.0362281 0.028975 0.0222979 0.0164004 0.01144 0.00750489 0.0045908
 0.00663331 0.0106377 0.0157895 0.0220543 0.0293818 0.0376239 0.0464107 0.055122 0.0629951 0.0692842 0.0733927 0.0749721 0.0739835 0.0706883 0.0655533 0.0591214 0.0519074 0.0443472 0.0367917 0.029526 0.0227939 0.0168096 0.0117475 0.00771406 0.00471904
 0.00665356 0.0106546 0.0157847 0.0220004 0.0292475 0.0373845 0.0460572 0.0546656 0.0624648 0.0687222 0.0728492 0.074501 0.073637 0.0705087 0.0655643 0.0593219 0.0522713 0.0448296 0.0373379 0.0300805 0.0233075 0.0172455 0.0120858 0.00795292 0.00487164
