SBPRF35
12.7214
Curr Bio
602682
B35
870071
F35
0.170925
FOFL
0.124211
OFL
66550.9
Bzero
3.63469e+06
#pred survey bio
 3.51749e+06 3.41577e+06 3.31253e+06 3.17724e+06 2.97517e+06 2.74499e+06 2.49431e+06 2.25676e+06 2.02743e+06 1.78529e+06 1.60166e+06 1.41975e+06 1.25135e+06 1.10692e+06 968259 869092 791457 731521 665133 643243 627682 608004 582938 566115 550617 549983 556458 557870 548316 544157 551730 553901 565530 570460 578680 587933 601078 613322 623873 641515 638826 648032 653388 656274 655403 650099 654654 650259 637033 621096 606811 2.26806e+07 1.3733e+07 1.42032e+07 1.53926e+07 1.70647e+07 1.89142e+07 2.07125e+07 2.2325e+07 2.36942e+07 2.48136e+07 2.57045e+07 2.64004e+07 2.69369e+07 2.73471e+07 2.76591e+07 2.78959e+07 2.80756e+07 2.82122e+07 2.83162e+07 2.83958e+07 2.84569e+07 2.85041e+07 2.85407e+07 2.85692e+07 2.85916e+07 2.86092e+07 2.8623e+07 2.8634e+07 2.86428e+07 2.86497e+07 2.86553e+07 2.86598e+07 2.86634e+07 2.86664e+07 2.86687e+07 2.86707e+07 2.86722e+07 2.86735e+07 2.86745e+07 2.86754e+07 2.8676e+07 2.86766e+07 2.86771e+07 2.86774e+07 2.86777e+07 2.8678e+07 2.86782e+07 2.86783e+07 2.86785e+07 2.86786e+07 2.86787e+07 2.86788e+07 2.86788e+07 2.86789e+07 2.86789e+07 2.86789e+07 2.8679e+07 2.8679e+07 2.8679e+07 2.8679e+07 2.8679e+07 2.8679e+07 2.86791e+07 2.86791e+07 2.86791e+07 2.86791e+07 2.86791e+07 2.86791e+07 2.86791e+07 2.86791e+07 2.86791e+07 2.86791e+07 2.86791e+07 2.86791e+07 2.86791e+07 2.86791e+07 2.86791e+07 2.86791e+07 2.86791e+07 2.86791e+07 2.86791e+07 2.86791e+07 2.86791e+07 2.86791e+07 2.86791e+07 2.86791e+07 2.86791e+07 2.86791e+07 2.86791e+07 2.86791e+07 2.86791e+07 2.86791e+07 2.86791e+07 2.86791e+07 2.86791e+07 2.86791e+07 2.86791e+07 2.86791e+07 2.86791e+07 2.86791e+07 0 0 0 0 0 0 0 0 0 0 0 0 0 0 0 0 0 0 0 0 0 0 0 0 0
#obs survey bio
 2.64509e+06 3.49882e+06 3.75574e+06 3.05498e+06 2.88733e+06 1.85458e+06 2.84610e+06 2.1775e+06 2.26208e+06 1.47414e+06 1.40315e+06 1.32424e+06 1.23216e+06 973844 1.16286e+06 681366 734054 690133 482649 464030 600669 788405 623911 602049 522391 857629 636738 544252 544306 448560 524686 564711 484919 501835 462641 679849 570304 755000 537632 646017 682828 593389 792316 833501 703800 798368 918172 687324 685770 448245 674855
#pred catch bio
 101406 105848 141344 211965 250344 283832 287115 293793 317089 273834 279716 272182 253090 248157 213149 194282 177947 180405 140148 134386 135789 136163 124865 120486 105930 99106.8 102532 110093 103822 93760.2 99055.3 92097.8 98696.7 96186.6 95635.4 92818.4 94355.7 96789.7 92409 110689 100920 105098 107505 110259 112805 103116 109162 114019 113389 108916 59566.1 66550.9 90383.4 92176.7 98568.1 108924 120728 132185 142337 150806 157577 162820 166785 169728 171881 173438 174554 175348 175910 176306 176584 176778 176913 177008 177073 177119 177150 177172 177187 177197 177205 177210 177213 177215 177217 177218 177219 177219 177220 177220 177220 177220 177220 177220 177220 177221 177221 177221 177221 177221 177221 177221 177221 177221 177221 177221 177221 177221 177221 177221 177221 177221 177221 177221 177221 177221 177221 177221 177221 177221 177221 177221 177221 177221 177221 177221 177221 177221 177221 177221 177221 177221 177221 177221 177221 177221 177221 177221 177221 177221 177221 177221 177221 177221 177221 177221 177221 177221 177221 177221 177221 0 0 0 0 0 0 0 0 0 0 0 0 0 0 0 0 0 0 0 0 0 0 0 0 0
#obs catch bio
 0 105690 141225 212663 250705 284989 288181 295380 319310 274523 280664 273721 253970 248713 212884 195572 179355 182557 141279 136555 138158 137770 125497 120919 106598 99295.6 102613 110259 103646 93620.8 99073.8 92220.2 99354.9 96548.1 96090.9 92954.3 94433.9 96767.3 92361.9 111378 100958 105506 107831 110701 113336 103115 109224 113741 112946 109466 59270.7
#pred cpue bio
 3.46954e+06 3.36935e+06 3.26714e+06 3.13197e+06 2.93039e+06 2.70086e+06 2.45099e+06 2.21429e+06 1.98608e+06 1.74561e+06 1.56312e+06 1.38255e+06 1.21566e+06 1.07271e+06 935630 837384 760544 701558 636648 615092 599925 581205 557451 541537 526655 526238 532882 534568 525464 521494 528836 530827 542068 546963 555144 564336 577307 589308 599510 616570 613892 622851 628053 630940 630287 625363 630135 626260 613704 598339 584746 2.19149e+07 1.32893e+07 1.35955e+07 1.45911e+07 1.61926e+07 1.80251e+07 1.98198e+07 2.14317e+07 2.28008e+07 2.39202e+07 2.48111e+07 2.5507e+07 2.60435e+07 2.64537e+07 2.67657e+07 2.70025e+07 2.71822e+07 2.73187e+07 2.74228e+07 2.75023e+07 2.75635e+07 2.76107e+07 2.76473e+07 2.76758e+07 2.76981e+07 2.77157e+07 2.77296e+07 2.77406e+07 2.77493e+07 2.77563e+07 2.77619e+07 2.77664e+07 2.777e+07 2.77729e+07 2.77753e+07 2.77772e+07 2.77788e+07 2.778e+07 2.77811e+07 2.77819e+07 2.77826e+07 2.77831e+07 2.77836e+07 2.7784e+07 2.77843e+07 2.77845e+07 2.77847e+07 2.77849e+07 2.7785e+07 2.77851e+07 2.77852e+07 2.77853e+07 2.77854e+07 2.77854e+07 2.77855e+07 2.77855e+07 2.77855e+07 2.77855e+07 2.77856e+07 2.77856e+07 2.77856e+07 2.77856e+07 2.77856e+07 2.77856e+07 2.77856e+07 2.77856e+07 2.77856e+07 2.77856e+07 2.77856e+07 2.77856e+07 2.77856e+07 2.77856e+07 2.77856e+07 2.77856e+07 2.77856e+07 2.77856e+07 2.77856e+07 2.77856e+07 2.77856e+07 2.77856e+07 2.77856e+07 2.77856e+07 2.77856e+07 2.77856e+07 2.77856e+07 2.77856e+07 2.77856e+07 2.77856e+07 2.77856e+07 2.77856e+07 2.77856e+07 2.77856e+07 2.77856e+07 2.77856e+07 2.77856e+07 2.77856e+07 2.77856e+07 2.77856e+07 2.77856e+07 2.77856e+07 0 0 0 0 0 0 0 0 0 0 0 0 0 0 0 0 0 0 0 0 0 0 0 0 0
#obs cpue bio
 3.26394e+06 3.58506e+06 3.29887e+06 2.38375e+06 3.33977e+06 3.03708e+06 1.98828e+06 1.83406e+06 1.8978e+06 2.21855e+06 1.86032e+06 1.21567e+06 1.2841e+06 1.38604e+06 861992 656484 651324 632556 686516 454742 487621 542007 622020 550615 387471 412829 509150 564349 634630 567902 574673 400421 460177 668300 613010 577571 640331 547911 579048 478443 675159 539018 524556 442499 566507 604491 471613 774322 660773 583890 583148
#pred surv len freq
 0.00496141 0.00800806 0.0119652 0.016789 0.0223564 0.0283982 0.0344648 0.0400247 0.0446597 0.0482035 0.050727 0.0524234 0.0535022 0.0541384 0.0544579 0.0545408 0.0544348 0.0541565 0.0536542 0.0527274 0.0509644 0.0478067 0.0428025 0.0359496 0.0278833
 0.00518876 0.00829094 0.012235 0.0169397 0.0222872 0.0280736 0.0339523 0.0394769 0.0442432 0.0480169 0.0507601 0.0525805 0.0536688 0.0542459 0.0545135 0.0546128 0.0546055 0.0544675 0.0540702 0.0531398 0.0512361 0.0478382 0.0425807 0.0355498 0.0274262
 0.00535717 0.00857871 0.0126874 0.0175901 0.0231297 0.0290324 0.0348751 0.040174 0.0445682 0.0479411 0.050385 0.0520746 0.0531744 0.0538239 0.0541543 0.0542894 0.0543151 0.0542315 0.0539005 0.0530058 0.0510663 0.0475583 0.0421621 0.0350315 0.0268935
 0.00550281 0.00881508 0.0130443 0.0181 0.0238252 0.0299379 0.0359871 0.0414357 0.0458538 0.0490697 0.0511722 0.052403 0.0530411 0.0533298 0.0534453 0.0534917 0.0535066 0.0534494 0.0531575 0.0522959 0.0503659 0.0468393 0.0414175 0.0342925 0.0262208
 0.00572274 0.00916412 0.0135542 0.0187956 0.0247226 0.0310401 0.037278 0.0428756 0.0473765 0.0505796 0.0525418 0.0534808 0.0536809 0.0534376 0.053017 0.052614 0.0523187 0.0520913 0.0517349 0.0508721 0.0489736 0.0455014 0.0401653 0.0331736 0.0252881
 0.00596994 0.00955994 0.0141387 0.0196024 0.0257731 0.0323351 0.038788 0.044538 0.0491034 0.0522725 0.0541016 0.0548075 0.0546688 0.053979 0.0530232 0.0520473 0.0512146 0.0505541 0.0499066 0.0488964 0.0469742 0.0435807 0.0384127 0.0316673 0.024085
 0.00623356 0.00998408 0.0147691 0.0204796 0.0269259 0.0337703 0.0404781 0.0464148 0.0510649 0.0541996 0.055876 0.0563225 0.0558316 0.0547073 0.0532424 0.0516975 0.0502688 0.04904 0.0479167 0.0465782 0.0445064 0.0411471 0.0361807 0.0297683 0.0225967
 0.00646202 0.010355 0.0153269 0.0212669 0.0279776 0.0351028 0.042077 0.0482277 0.053005 0.0561579 0.0577354 0.0579691 0.0571615 0.05563 0.0536812 0.0515884 0.0495666 0.0477325 0.0460461 0.0442554 0.0419089 0.0384952 0.0336986 0.0276404 0.0209321
 0.00667701 0.0107035 0.0158503 0.0220046 0.0289621 0.0363508 0.0435779 0.0499373 0.0548481 0.058039 0.0595501 0.0596125 0.058534 0.0566405 0.0542487 0.0516431 0.0490524 0.0466173 0.044341 0.0420374 0.0393336 0.0357861 0.0311068 0.0253876 0.0191583
 0.00702381 0.0112453 0.0166253 0.0230353 0.030254 0.0378902 0.0453271 0.0518303 0.0567949 0.0599374 0.061299 0.061121 0.0597247 0.0574489 0.0546197 0.051527 0.0484039 0.0454033 0.0425587 0.0397413 0.0366579 0.0329448 0.0283596 0.0229777 0.0172488
 0.00728932 0.0116698 0.0172504 0.0238946 0.0313664 0.0392508 0.0468977 0.0535384 0.0585457 0.061633 0.0628541 0.0624669 0.0608052 0.0582136 0.0550196 0.0515124 0.0479261 0.0444208 0.041054 0.0377464 0.0342788 0.0303683 0.0258267 0.0207256 0.0154456
 0.00754364 0.0120848 0.0178781 0.0247835 0.0325524 0.0407409 0.0486535 0.0554704 0.0605252 0.0635176 0.0645148 0.0638063 0.0617636 0.0587643 0.0551557 0.051232 0.0472205 0.043275 0.0394603 0.0357306 0.0319287 0.0278469 0.023353 0.0185223 0.0136758
 0.0078349 0.0125451 0.0185469 0.0256912 0.0337174 0.0421647 0.0503117 0.0573036 0.0624382 0.0653886 0.066211 0.0652032 0.0627634 0.0593081 0.0552248 0.0508369 0.0463845 0.0420209 0.0378113 0.033727 0.0296541 0.0254444 0.0210145 0.0164456 0.0120078
 0.00815078 0.0130411 0.0192608 0.0266463 0.0349193 0.0435965 0.0519281 0.0590298 0.0641789 0.0670428 0.0676845 0.0664129 0.0636377 0.0597891 0.0552741 0.0504404 0.0455515 0.0407785 0.0361997 0.0318047 0.0275114 0.0232147 0.0188665 0.01455 0.0104899
 0.00858612 0.0137198 0.0202273 0.0279212 0.0364948 0.0454311 0.05394 0.0610973 0.0661554 0.0687849 0.0690779 0.0673858 0.0641585 0.0598562 0.0549031 0.0496553 0.0443811 0.0392578 0.0343748 0.0297407 0.025302 0.0209874 0.0167725 0.0127345 0.00905433
 0.00885328 0.0141523 0.0208744 0.0288258 0.0376836 0.0468998 0.0556382 0.0629249 0.0679777 0.0704588 0.0704782 0.0684203 0.0647732 0.0600323 0.0546504 0.0490019 0.0433646 0.0379205 0.032766 0.0279245 0.0233667 0.0190484 0.0149617 0.0111748 0.00782767
 0.00894388 0.0143169 0.0211547 0.0292733 0.0383497 0.0478194 0.056812 0.0643092 0.0694867 0.0719782 0.071882 0.0695901 0.0656139 0.0604837 0.0546899 0.0486396 0.0426337 0.036868 0.0314489 0.0264116 0.0217443 0.0174219 0.0134461 0.00987384 0.00680841
 0.00899926 0.0144043 0.0212829 0.0294533 0.0385983 0.0481622 0.0572817 0.0649368 0.0702863 0.0729315 0.0729313 0.0706432 0.0665615 0.061221 0.0551351 0.0487454 0.0423886 0.0362924 0.0305881 0.0253318 0.0205298 0.016172 0.012265 0.00885263 0.00600557
 0.00934458 0.0149194 0.0219716 0.0302879 0.0395269 0.0491222 0.058212 0.0657854 0.0710165 0.0735262 0.0733919 0.0709797 0.0667779 0.0613053 0.0550604 0.0484791 0.0419064 0.0355891 0.0296834 0.0242709 0.0193812 0.0150199 0.0111974 0.00794414 0.00530065
 0.0093073 0.01488 0.0219509 0.0303159 0.0396324 0.0493183 0.0584856 0.0661017 0.0713362 0.0738263 0.073675 0.071267 0.0670903 0.0616447 0.0553996 0.0487661 0.0420785 0.0355915 0.0294863 0.0238788 0.0188339 0.0143844 0.010553 0.0073634 0.00483304
 0.00906981 0.0145367 0.0215149 0.02983 0.0391618 0.0489342 0.05825 0.0660541 0.0714859 0.0741497 0.0741231 0.0717819 0.0676247 0.06217 0.0559004 0.0492253 0.042467 0.0358695 0.0296154 0.0238391 0.0186351 0.0140672 0.0101785 0.00699533 0.00452036
 0.00893129 0.0143135 0.0211847 0.0293795 0.0385959 0.0482883 0.057596 0.0654929 0.0711208 0.0740522 0.0743091 0.0722106 0.0682179 0.0628409 0.0565759 0.0498548 0.0430175 0.0363157 0.0299344 0.024014 0.0186647 0.013973 0.0100023 0.00678781 0.00432616
 0.00902027 0.0144289 0.0213038 0.0294612 0.0385902 0.0481529 0.0573133 0.0650806 0.0706329 0.0735699 0.0739224 0.071994 0.0682084 0.0630281 0.0569103 0.0502679 0.0434425 0.0366992 0.0302391 0.024217 0.0187584 0.0139666 0.00992146 0.00666823 0.0042025
 0.00912684 0.0145849 0.0215048 0.0296885 0.0388103 0.0483215 0.0573814 0.0650045 0.0703892 0.0731708 0.0734219 0.0714792 0.0677758 0.0627548 0.056832 0.0503726 0.0436803 0.0370024 0.0305417 0.0244685 0.0189299 0.0140516 0.00993261 0.00663042 0.00414352
 0.0091616 0.0146483 0.0216122 0.0298556 0.0390468 0.0486203 0.057711 0.0653095 0.0706026 0.0732335 0.073303 0.0711881 0.0673631 0.0623005 0.0564227 0.0500762 0.0435277 0.036983 0.0306142 0.02458 0.0190337 0.0141193 0.00995636 0.00661861 0.0041123
 0.00908016 0.0145165 0.0214166 0.0295881 0.038711 0.0482389 0.0573283 0.0649842 0.0703881 0.0731562 0.073351 0.0713186 0.0675243 0.062455 0.0565613 0.0502155 0.0436943 0.0371945 0.030867 0.0248495 0.0192855 0.0143237 0.0100991 0.00670209 0.00415071
 0.00901246 0.0143996 0.0212283 0.0293042 0.038312 0.0477204 0.0567122 0.0643235 0.0697607 0.0726489 0.0730369 0.0712367 0.0676687 0.0627795 0.0569989 0.0507025 0.0441873 0.0376725 0.0313207 0.0252692 0.0196559 0.0146278 0.0103264 0.00685423 0.00424042
 0.00895301 0.0143129 0.0211152 0.0291692 0.038158 0.0475431 0.0564978 0.0640544 0.0694288 0.0722682 0.0726492 0.0709038 0.0674531 0.062723 0.0571087 0.0509521 0.0445302 0.0380597 0.0317131 0.0256398 0.0199859 0.0149035 0.0105392 0.00700367 0.00433452
 0.00904916 0.0144517 0.0212919 0.0293685 0.0383588 0.047725 0.0566447 0.0641527 0.0694618 0.0722153 0.0724924 0.0706409 0.0671087 0.0623481 0.0567662 0.0506954 0.0443867 0.0380272 0.0317681 0.0257498 0.02012 0.0150367 0.0106544 0.00709171 0.00439404
 0.00917362 0.0146335 0.0215265 0.0296375 0.0386328 0.047971 0.056833 0.064262 0.0694822 0.0721484 0.0723484 0.0704334 0.0668513 0.0620564 0.0564627 0.0504116 0.0441564 0.0378755 0.0317021 0.0257582 0.020179 0.0151193 0.0107381 0.007162 0.00444494
 0.00919286 0.0146625 0.0215658 0.0296845 0.0386819 0.0480123 0.0568539 0.0642494 0.0694276 0.0720529 0.0722241 0.0702991 0.0667253 0.0619502 0.0563799 0.0503523 0.0441229 0.0378739 0.0317384 0.025832 0.0202808 0.0152326 0.0108454 0.00725041 0.00450907
 0.00921098 0.0146976 0.0216285 0.0297873 0.0388343 0.048215 0.0570925 0.0644946 0.0696409 0.072197 0.0722736 0.0702468 0.066583 0.0617437 0.0561411 0.0501106 0.0439017 0.0376894 0.0316008 0.0257457 0.0202427 0.0152326 0.0108687 0.00728226 0.0045387
 0.00905011 0.0144602 0.0213167 0.029421 0.0384477 0.0478502 0.0567926 0.0642969 0.0695699 0.072257 0.0724454 0.0704929 0.0668591 0.0620114 0.0563762 0.0503054 0.0440602 0.0378219 0.0317182 0.0258558 0.0203487 0.0153331 0.0109587 0.00735657 0.00459417
 0.00899915 0.014373 0.0211784 0.0292176 0.0381727 0.0475126 0.0564235 0.0639465 0.0692951 0.0721034 0.0724334 0.0706139 0.0670807 0.0622893 0.0566667 0.0505746 0.0442899 0.0380084 0.0318679 0.0259787 0.0204534 0.015424 0.0110364 0.00741939 0.004641
 0.00894066 0.0142797 0.0210412 0.0290281 0.0379244 0.0472027 0.0560569 0.0635411 0.0688852 0.0717374 0.0721656 0.0704894 0.0671217 0.0624867 0.0569836 0.0509587 0.0446887 0.0383818 0.032193 0.0262481 0.0206694 0.0155929 0.0111647 0.00751292 0.0047052
 0.0089089 0.0142245 0.0209514 0.0288915 0.0377301 0.0469456 0.055742 0.0631844 0.0685112 0.0713764 0.0718506 0.0702554 0.0670013 0.0625034 0.057142 0.0512402 0.0450542 0.0387826 0.0325837 0.0265964 0.0209586 0.0158192 0.0113326 0.00763078 0.00478297
 0.00890507 0.0142089 0.0209106 0.0288066 0.0375815 0.0467197 0.0554378 0.0628169 0.068109 0.0709757 0.0714894 0.0699683 0.066817 0.0624421 0.0572136 0.0514409 0.0453642 0.0391668 0.0329979 0.026997 0.021312 0.0161064 0.011549 0.00778227 0.00488139
 0.00894238 0.0142616 0.0209743 0.0288706 0.0376288 0.0467297 0.0553895 0.0626933 0.0679029 0.0706948 0.0711578 0.0696233 0.0665011 0.062195 0.0570655 0.0514084 0.0454486 0.0393528 0.0332561 0.0272891 0.0215995 0.0163593 0.0117501 0.0079279 0.00497765
 0.00898742 0.0143315 0.0210729 0.0289979 0.0377797 0.0468921 0.0555432 0.0628112 0.0679555 0.070658 0.0710208 0.0693934 0.0662041 0.0618705 0.056759 0.0511618 0.0452918 0.0392983 0.0332973 0.0274032 0.0217545 0.0165222 0.0118954 0.00804154 0.00505673
 0.00882213 0.0140962 0.0207809 0.0286831 0.0374871 0.046663 0.0554025 0.0627628 0.067986 0.0707432 0.0711319 0.0695026 0.0662905 0.061925 0.0567872 0.051182 0.0453283 0.0393726 0.0334198 0.0275697 0.0219471 0.0167164 0.0120683 0.00817838 0.00515342
 0.008888 0.0141858 0.0208844 0.0287834 0.0375684 0.0467218 0.0554534 0.0628322 0.0680959 0.0708938 0.0712964 0.0696365 0.0663502 0.0618851 0.0566477 0.0509667 0.0450761 0.0391265 0.0332163 0.0274302 0.0218752 0.0167001 0.0120872 0.00821203 0.0051868
 0.00885183 0.0141323 0.0208133 0.028696 0.0374657 0.0466022 0.0553138 0.0626748 0.0679351 0.0707593 0.0712247 0.069654 0.0664576 0.0620539 0.0568329 0.0511263 0.0451874 0.0391906 0.033251 0.0274581 0.0219126 0.0167518 0.0121477 0.00827118 0.00523598
 0.00876662 0.0140111 0.0206631 0.0285343 0.0373156 0.046484 0.055238 0.0626392 0.0679277 0.0707654 0.0712349 0.0696701 0.0664913 0.0621183 0.0569314 0.0512475 0.0453098 0.0392943 0.0333275 0.0275118 0.0219545 0.0167916 0.012189 0.00831169 0.00527105
 0.00866928 0.0138631 0.0204601 0.0282814 0.037028 0.046187 0.0549651 0.0624267 0.0678051 0.0707447 0.0713063 0.0698072 0.066664 0.0623043 0.0571202 0.0514359 0.0454947 0.0394683 0.0334813 0.0276393 0.0220556 0.0168709 0.0122518 0.00836115 0.00530856
 0.00859239 0.0137445 0.0202936 0.0280662 0.0367691 0.0458961 0.0546618 0.0621387 0.0675651 0.070584 0.0712463 0.0698531 0.0668029 0.0625102 0.0573625 0.0516887 0.0457401 0.0396959 0.0336845 0.0278134 0.0221983 0.0169828 0.0123361 0.00842237 0.00535104
 0.00854732 0.0136743 0.0201937 0.0279344 0.0366059 0.0457052 0.0544509 0.06192 0.0673554 0.0704025 0.0711125 0.0697839 0.066809 0.0625924 0.0575106 0.0518832 0.0459579 0.0399156 0.0338901 0.0279946 0.0223498 0.0171031 0.0124267 0.00848689 0.00539436
 0.00839314 0.0134388 0.0198679 0.0275207 0.0361183 0.0451677 0.0538973 0.0613926 0.0669001 0.070061 0.0709151 0.0697453 0.0669282 0.0628546 0.0578901 0.0523459 0.0464651 0.0404287 0.0343752 0.028426 0.0227118 0.0173896 0.0126401 0.00863576 0.00549098
 0.00833689 0.0133451 0.0197232 0.0273117 0.0358362 0.0448137 0.0534872 0.060957 0.0664787 0.0696939 0.0706347 0.0695738 0.0668776 0.0629278 0.0580807 0.052638 0.0468338 0.040842 0.0347983 0.0288263 0.0230637 0.0176777 0.0128593 0.00879056 0.00559195
 0.00839055 0.0134218 0.0198182 0.0274126 0.0359233 0.044864 0.0534784 0.0608722 0.0663114 0.0694519 0.0703413 0.0692636 0.0665893 0.0626965 0.0579322 0.052586 0.0468785 0.0409708 0.0349876 0.0290466 0.0232853 0.0178765 0.0130205 0.00890935 0.00567162
 0.00825046 0.0132359 0.0196152 0.0272428 0.0358425 0.0449077 0.0536423 0.0611106 0.066555 0.0696342 0.0704193 0.0692268 0.0664564 0.0625061 0.0577306 0.0524159 0.0467707 0.0409395 0.0350301 0.0291461 0.0234169 0.0180143 0.013144 0.00900671 0.00574003
 0.00790772 0.0127262 0.0189389 0.0264374 0.0349802 0.0440846 0.0529641 0.0606736 0.0664203 0.0698041 0.0708325 0.0697789 0.0670386 0.063039 0.0581794 0.0527851 0.0470867 0.0412317 0.0353181 0.0294342 0.0236958 0.0182673 0.0133556 0.00916817 0.00585176
#obs surv len freq
 nan nan nan nan nan nan nan nan nan nan nan nan nan nan nan nan nan nan nan nan nan nan nan nan nan
 0.00448449 0.00734587 0.011176 0.0159927 0.021694 0.0279701 0.0342847 0.0400163 0.0446957 0.0481591 0.0505163 0.0520114 0.0529029 0.0534146 0.0537283 0.0539827 0.054261 0.0545535 0.0546922 0.054284 0.0527221 0.0493543 0.0438043 0.0362847 0.0276687
 0.00461335 0.00755748 0.0114981 0.0164514 0.0223073 0.0287384 0.0351805 0.0409818 0.0456512 0.049018 0.0512022 0.052469 0.0531039 0.0533576 0.0534349 0.0534897 0.0536114 0.0537899 0.0538534 0.053407 0.0518454 0.0485209 0.0430585 0.0356643 0.0271945
 0.00477556 0.00782274 0.0119003 0.0170231 0.0230738 0.0297074 0.0363311 0.0422592 0.0469712 0.0502808 0.0523065 0.053325 0.053643 0.0535397 0.0532515 0.0529623 0.052785 0.0527235 0.052613 0.0520627 0.0504723 0.0471992 0.0418678 0.0346701 0.0264333
 0.0049726 0.0081439 0.0123852 0.0177094 0.0239899 0.0308615 0.0376995 0.0437816 0.048558 0.0518277 0.0537089 0.0544864 0.0544793 0.0539845 0.0532621 0.0525253 0.0519187 0.0514771 0.0510618 0.0503039 0.0486214 0.0453835 0.0402132 0.0332797 0.0253647
 0.00517774 0.00848183 0.012902 0.0184509 0.0249926 0.0321385 0.0392262 0.0454906 0.0503491 0.0535865 0.0553245 0.0558601 0.0555268 0.0546347 0.0534581 0.0522287 0.0511165 0.0501892 0.049348 0.0482667 0.0464034 0.0431558 0.0381512 0.0315293 0.0240111
 0.00541622 0.00887039 0.0134886 0.0192813 0.0261024 0.0335403 0.0408952 0.0473585 0.0523119 0.0555229 0.0571138 0.0573946 0.0567163 0.0554068 0.0537557 0.0520084 0.0503509 0.0488763 0.0475251 0.0460251 0.0438942 0.04058 0.0357277 0.0294482 0.0223892
 0.00565229 0.00925872 0.0140815 0.0201302 0.0272481 0.0349969 0.0426344 0.0493047 0.0543535 0.0575342 0.0589749 0.0590011 0.057981 0.0562578 0.054134 0.0518661 0.0496524 0.0476054 0.0457009 0.0437218 0.041257 0.0378202 0.0330903 0.0271559 0.0205865
 0.00589374 0.00965377 0.014681 0.0209837 0.028395 0.0364525 0.0443742 0.0512579 0.0564117 0.0595709 0.0608656 0.0606365 0.0592717 0.057134 0.0545416 0.0517613 0.0489997 0.0463826 0.0439148 0.0414316 0.0385955 0.034996 0.0303573 0.0247552 0.0186823
 0.00611495 0.010019 0.0152412 0.02179 0.029489 0.0378506 0.0460519 0.0531443 0.0584003 0.06154 0.0626976 0.0622285 0.0605385 0.0580073 0.0549677 0.0516973 0.0484111 0.045246 0.0422306 0.0392473 0.0360293 0.0322436 0.0276672 0.0223708 0.0167762
 0.006368 0.0104293 0.0158568 0.0226552 0.0306365 0.0392888 0.0477512 0.0550315 0.0603673 0.0634638 0.0644599 0.0637282 0.0616972 0.0587678 0.0552893 0.0515502 0.0477708 0.0440954 0.0405709 0.0371197 0.0335393 0.0295717 0.0250479 0.0200394 0.014904
 0.00660956 0.0108273 0.0164652 0.0235262 0.0318094 0.0407714 0.0495036 0.0569619 0.0623483 0.0653594 0.06615 0.0651199 0.0627248 0.0593888 0.0554778 0.0512903 0.0470522 0.0429122 0.0389305 0.0350621 0.0311599 0.0270332 0.0225641 0.0178275 0.0131245
 0.00684175 0.0112081 0.0170445 0.0243528 0.0329212 0.0421806 0.05118 0.0588264 0.0642819 0.067225 0.0678159 0.0664774 0.0636973 0.0599324 0.0555759 0.0509439 0.0462696 0.0417049 0.0373188 0.0330904 0.0289176 0.0246661 0.0202621 0.0157837 0.0114816
 0.00709059 0.0116149 0.0176605 0.0252261 0.0340864 0.0436424 0.0528977 0.0607093 0.0662026 0.0690446 0.0694071 0.0677385 0.064557 0.0603501 0.055539 0.0504617 0.0453652 0.0404088 0.0356688 0.0311422 0.0267605 0.0224329 0.0181196 0.0138985 0.00997497
 0.00727894 0.0119298 0.0181506 0.0259417 0.0350688 0.0449067 0.0544158 0.0624041 0.0679592 0.0707328 0.0709039 0.0689424 0.0653942 0.060776 0.0555359 0.0500343 0.0445353 0.0392105 0.0341481 0.0293621 0.0248111 0.0204367 0.0162223 0.0122412 0.00865737
 0.00743723 0.0121872 0.0185386 0.0264912 0.0358057 0.0458448 0.0555466 0.0636906 0.069336 0.0721136 0.0721924 0.0700439 0.0662266 0.0612774 0.0556696 0.0497879 0.0439176 0.0382479 0.0328836 0.0278583 0.023155 0.018741 0.0146152 0.0108427 0.00754932
 0.00751268 0.0123139 0.0187369 0.0267833 0.0362122 0.0463789 0.0562086 0.064465 0.0701947 0.0730199 0.0731032 0.0709086 0.0669865 0.0618689 0.0560317 0.0498719 0.0436945 0.037713 0.032058 0.0267905 0.0219211 0.017442 0.0133644 0.00974453 0.00667525
 0.00761841 0.0124746 0.0189584 0.027065 0.0365493 0.0467662 0.0566418 0.0649398 0.0707045 0.0735542 0.0736472 0.0714423 0.067484 0.0622967 0.0563484 0.0500313 0.0436532 0.0374401 0.0315455 0.02606 0.0210271 0.0164666 0.0124045 0.0088907 0.00599049
 0.00765309 0.0125318 0.0190457 0.027189 0.0367133 0.0469674 0.0568704 0.0651818 0.0709485 0.0737982 0.0738992 0.0717143 0.0677816 0.0626109 0.0566524 0.0502835 0.043804 0.0374426 0.0313669 0.0256936 0.0204989 0.0158342 0.0117452 0.00828242 0.00549093
 0.0077261 0.0126382 0.0191831 0.0273479 0.036881 0.0471327 0.0570272 0.0653292 0.071087 0.0739277 0.0740194 0.0718279 0.067895 0.0627318 0.0567827 0.0504123 0.0439052 0.0374788 0.0313005 0.0255006 0.0201805 0.0154211 0.0112912 0.007848 0.00512509
 0.00775038 0.012679 0.0192466 0.027439 0.0370002 0.0472731 0.0571733 0.06546 0.0711849 0.0739861 0.0740462 0.0718402 0.0679116 0.062766 0.0568397 0.0504879 0.043985 0.0375385 0.0313099 0.0254328 0.0200232 0.0151847 0.0110078 0.00756069 0.00487328
 0.00781463 0.0127734 0.0193702 0.0275848 0.0371581 0.0474332 0.0573278 0.0656025 0.0713071 0.0740775 0.0740963 0.0718443 0.0678748 0.0627028 0.0567689 0.0504252 0.0439364 0.0374981 0.0312616 0.0253562 0.019903 0.0150191 0.0108112 0.0073592 0.0046937
 0.00784805 0.0128272 0.0194495 0.0276928 0.0372936 0.0475885 0.0574878 0.0657473 0.0714187 0.0741458 0.0741214 0.0718332 0.0678365 0.0626457 0.0567006 0.0503536 0.0438687 0.0374371 0.0312032 0.0252903 0.0198183 0.0149103 0.0106833 0.00722614 0.00457265
 0.00787491 0.0128699 0.019512 0.0277781 0.037403 0.0477209 0.0576379 0.0659044 0.0715674 0.0742685 0.0742029 0.071865 0.0678187 0.0625864 0.0566123 0.0502496 0.0437605 0.0373326 0.0311054 0.0251972 0.019725 0.0148128 0.0105821 0.00712741 0.00448519
 0.00788503 0.0128809 0.0195189 0.0277736 0.0373807 0.0476793 0.0575837 0.0658518 0.0715334 0.0742662 0.0742364 0.0719281 0.0678979 0.0626658 0.0566793 0.0502976 0.0437887 0.0373437 0.0311028 0.0251829 0.0196993 0.0147757 0.0105355 0.00707632 0.00443633
 0.00786646 0.012849 0.0194674 0.0276959 0.0372709 0.0475349 0.0574091 0.0656602 0.0713464 0.0741106 0.0741383 0.0719056 0.0679556 0.0627931 0.0568536 0.0504917 0.0439782 0.0375116 0.0312401 0.0252866 0.01977 0.0148163 0.010551 0.00707371 0.00442356
 0.00787882 0.0128619 0.0194737 0.0276841 0.0372282 0.0474518 0.0572832 0.065498 0.0711622 0.073924 0.0739714 0.0717807 0.0678914 0.0628001 0.0569309 0.0506258 0.0441469 0.03769 0.0314067 0.0254268 0.019877 0.0148894 0.0105943 0.00709399 0.00442877
 0.00789726 0.0128917 0.0195175 0.0277428 0.0372987 0.0475249 0.0573429 0.0655243 0.0711378 0.0738416 0.0738381 0.0716169 0.0677247 0.0626585 0.0568359 0.0505883 0.0441651 0.0377513 0.031492 0.0255168 0.0199564 0.0149498 0.0106338 0.00711543 0.00443738
 0.00789234 0.0128847 0.019509 0.0277343 0.0372926 0.0475239 0.0573487 0.0655365 0.0711513 0.0738475 0.0738254 0.0715779 0.0676597 0.0625778 0.056757 0.0505302 0.0441415 0.0377662 0.0315395 0.0255836 0.0200272 0.0150122 0.0106809 0.0071459 0.00445412
 0.00786488 0.0128378 0.0194348 0.027625 0.0371441 0.0473398 0.0571438 0.0653354 0.0709829 0.0737356 0.0737812 0.0715976 0.0677283 0.0626756 0.0568677 0.0506451 0.0442595 0.0378897 0.0316687 0.025714 0.0201504 0.0151187 0.0107641 0.00720439 0.00449079
 0.00785631 0.0128214 0.0194052 0.0275755 0.0370673 0.0472301 0.0570002 0.0651642 0.0707985 0.0735591 0.073637 0.0715065 0.067702 0.0627129 0.0569562 0.050767 0.0443981 0.0380332 0.0318104 0.0258495 0.0202746 0.0152261 0.01085 0.00726691 0.00453183
 0.00782604 0.0127719 0.0193303 0.0274695 0.0369263 0.0470542 0.0567954 0.0649429 0.070578 0.0733588 0.0734756 0.0714008 0.0676642 0.0627488 0.0570626 0.0509313 0.0446008 0.038253 0.0320287 0.0260523 0.0204528 0.015374 0.0109651 0.00735001 0.00458676
 0.00777748 0.0126947 0.0192175 0.027316 0.0367305 0.0468195 0.0565323 0.0646693 0.0703166 0.0731328 0.0733047 0.0712987 0.0676384 0.0628011 0.057189 0.0511218 0.0448397 0.03852 0.0323017 0.0263111 0.0206818 0.0155635 0.0111114 0.00745482 0.00465588
 0.00775182 0.012649 0.0191415 0.0271983 0.0365616 0.0465967 0.056264 0.0643755 0.0700249 0.0728719 0.0730984 0.0711636 0.0675831 0.0628274 0.0572929 0.0512941 0.0450668 0.0387839 0.0325815 0.0265851 0.0209308 0.0157736 0.0112757 0.00757336 0.0047344
 0.00774186 0.0126289 0.019104 0.0271335 0.0364589 0.0464479 0.0560669 0.0641364 0.0697594 0.0726029 0.0728531 0.0709681 0.0674584 0.0627853 0.0573356 0.0514153 0.0452534 0.0390184 0.032843 0.0268513 0.0211805 0.0159899 0.0114483 0.00769983 0.00481912
 0.00769219 0.0125535 0.0190002 0.0270021 0.0363026 0.0462704 0.0558718 0.0639283 0.0695451 0.0723926 0.0726607 0.0708104 0.0673524 0.0627458 0.0573712 0.0515268 0.0454332 0.0392514 0.0331089 0.0271273 0.0214439 0.0162215 0.0116357 0.00783885 0.00491319
 0.00768865 0.0125414 0.0189706 0.0269435 0.0362049 0.0461302 0.0556961 0.0637336 0.0693515 0.0722164 0.0725106 0.0706893 0.0672623 0.0626914 0.0573604 0.051568 0.0455305 0.0394019 0.0333015 0.027344 0.0216634 0.0164236 0.0118052 0.00796814 0.00500266
 0.00765484 0.012493 0.0189095 0.0268743 0.0361322 0.0460544 0.0556126 0.0636347 0.0692326 0.0720813 0.0723718 0.0705637 0.0671647 0.0626308 0.0573409 0.0515911 0.0455972 0.0395114 0.0334487 0.0275179 0.0218478 0.0166002 0.0119584 0.00808826 0.00508769
 0.00763518 0.0124598 0.0188576 0.0267993 0.0360329 0.0459352 0.0554846 0.0635129 0.0691301 0.072003 0.0723145 0.07052 0.0671299 0.0626063 0.0573332 0.0516077 0.0456439 0.0395907 0.0335589 0.0276526 0.0219957 0.016747 0.0120899 0.00819445 0.0051648
 0.00761942 0.0124366 0.0188268 0.026762 0.0359898 0.0458862 0.0554282 0.0634483 0.0690587 0.0719303 0.0722479 0.0704659 0.0670908 0.0625812 0.0573204 0.0516079 0.0456609 0.0396291 0.0336215 0.0277379 0.0220973 0.0168541 0.0121908 0.00827941 0.00522867
 0.0076071 0.0124157 0.0187942 0.0267146 0.0359261 0.045808 0.055341 0.0633608 0.0689796 0.0718659 0.0722006 0.0704354 0.0670761 0.0625814 0.0573343 0.0516344 0.0456993 0.0396798 0.0336857 0.0278154 0.0221848 0.0169453 0.012277 0.00835285 0.00528474
 0.00759393 0.0123958 0.0187667 0.0266794 0.0358837 0.0457584 0.0552846 0.0632985 0.0689144 0.0718028 0.0721457 0.0703943 0.0670521 0.0625751 0.0573442 0.0516583 0.0457352 0.0397264 0.0337422 0.0278807 0.0222566 0.0170192 0.0123471 0.0084132 0.00533152
 0.00756466 0.0123509 0.0187044 0.0266001 0.0357901 0.0456557 0.05518 0.0632004 0.0688311 0.0717401 0.0721066 0.0703792 0.0670598 0.0626037 0.0573913 0.0517205 0.0458087 0.0398075 0.0338275 0.0279676 0.0223422 0.0170999 0.012419 0.00847268 0.00537651
 0.00756989 0.0123549 0.0187023 0.0265848 0.0357547 0.0455966 0.0550995 0.0631072 0.0687371 0.071657 0.0720424 0.0703375 0.0670407 0.0626052 0.0574109 0.0517558 0.045857 0.0398659 0.033893 0.0280368 0.0224117 0.017166 0.012478 0.00852151 0.00541356
 0.00755096 0.0123308 0.0186779 0.0265678 0.0357521 0.0456099 0.0551223 0.0631264 0.0687391 0.0716342 0.0719972 0.0702797 0.066983 0.0625582 0.0573806 0.051744 0.0458627 0.0398867 0.0339259 0.0280783 0.0224578 0.0172128 0.0125214 0.00855839 0.00544205
 0.00753015 0.0122957 0.0186233 0.0264897 0.0356502 0.0454912 0.0550015 0.0630233 0.0686706 0.0716073 0.0720062 0.0703112 0.0670237 0.0626008 0.0574243 0.0517916 0.0459169 0.0399483 0.0339931 0.0281479 0.022526 0.0172756 0.0125756 0.00860178 0.005474
 0.00750366 0.012252 0.0185562 0.0263933 0.0355202 0.0453273 0.0548107 0.0628209 0.0684797 0.0714537 0.0719114 0.0702865 0.0670665 0.0626971 0.0575549 0.0519386 0.0460679 0.040096 0.0341335 0.0282778 0.0226422 0.0173749 0.0126558 0.00866246 0.00551649
 0.00749973 0.0122451 0.0185447 0.0263749 0.0354915 0.0452844 0.0547493 0.0627382 0.0683762 0.0713354 0.0717909 0.0701807 0.0669929 0.0626678 0.0575727 0.0519971 0.046155 0.0401983 0.0342402 0.0283811 0.0227368 0.0174571 0.0127231 0.00871385 0.00555274
 0.00750485 0.0122525 0.0185542 0.0263854 0.0355013 0.0452908 0.0547491 0.0627273 0.0683502 0.0712908 0.0717265 0.0701004 0.0669058 0.0625874 0.0575134 0.0519692 0.0461615 0.0402352 0.0342983 0.0284499 0.022807 0.0175217 0.0127778 0.00875638 0.00558311
 0.00749952 0.0122473 0.0185527 0.0263926 0.0355221 0.0453272 0.0547982 0.0627811 0.0683978 0.0713212 0.0717318 0.0700769 0.066855 0.0625159 0.0574326 0.0518928 0.0461023 0.0402012 0.0342909 0.0284648 0.0228363 0.0175571 0.0128122 0.00878552 0.00560501
 0.00749952 0.0122473 0.0185527 0.0263926 0.0355221 0.0453272 0.0547982 0.0627811 0.0683978 0.0713212 0.0717318 0.0700769 0.066855 0.0625159 0.0574326 0.0518928 0.0461023 0.0402012 0.0342909 0.0284648 0.0228363 0.0175571 0.0128122 0.00878552 0.00560501
#pred catch len freq
 0.00393601 0.00627098 0.00923303 0.0127867 0.016916 0.0215968 0.0267299 0.0321135 0.0374812 0.0425638 0.0471305 0.0510137 0.054126 0.0564625 0.0580813 0.0590767 0.0595571 0.059617 0.0592722 0.058359 0.056462 0.0529881 0.0474516 0.0398582 0.0309161
 0.00412536 0.00651237 0.00947689 0.0129546 0.0169331 0.0214364 0.0264414 0.0318078 0.0372756 0.0425197 0.0472246 0.0511594 0.0542297 0.0564784 0.058036 0.0590531 0.0596474 0.0598658 0.0596392 0.0587237 0.056674 0.0529396 0.0471313 0.0393528 0.0303615
 0.00428535 0.00677564 0.00987362 0.0135008 0.0176111 0.022176 0.0271188 0.0322797 0.0374429 0.042382 0.0468825 0.0507559 0.0538717 0.0561962 0.0578029 0.0588388 0.0594551 0.0597258 0.0595685 0.0586894 0.0565953 0.0527314 0.046758 0.0388537 0.029829
 0.00445626 0.00704565 0.0102676 0.0140421 0.0183228 0.0230759 0.0282033 0.0334984 0.0386796 0.0434646 0.0476325 0.0510593 0.0537269 0.0557038 0.0571063 0.05806 0.0586683 0.0589661 0.0588481 0.0580014 0.0559127 0.0520208 0.0460087 0.0380974 0.0291313
 0.00468375 0.00740058 0.010775 0.0147181 0.0191764 0.0241106 0.0294146 0.0348677 0.0401635 0.0449822 0.0490563 0.0522229 0.0544614 0.0558939 0.0567356 0.0572136 0.0574916 0.0576074 0.0574198 0.0565698 0.0545104 0.0506684 0.0447356 0.0369516 0.0281692
 0.00494443 0.00780964 0.011364 0.015509 0.020181 0.0253289 0.0308308 0.0364445 0.0418423 0.0466858 0.0506915 0.0536783 0.0556071 0.0565926 0.0568716 0.0567316 0.0564219 0.0560603 0.0555498 0.0545336 0.0524417 0.0486759 0.0429129 0.0353806 0.0269103
 0.005212 0.0082319 0.011977 0.0163409 0.0212515 0.0266464 0.032385 0.0381982 0.0437282 0.0486108 0.0525451 0.0553432 0.056966 0.0575325 0.0572872 0.0565375 0.0555747 0.0545827 0.0535403 0.0521534 0.0498858 0.0461433 0.0405829 0.0333937 0.0253497
 0.00545992 0.00862486 0.0125509 0.0171262 0.0222725 0.0279185 0.0339071 0.0399441 0.0456411 0.0506043 0.0545091 0.0571538 0.058497 0.0586654 0.0579169 0.056576 0.0549588 0.053291 0.0516153 0.0497164 0.0471322 0.0433158 0.0379276 0.0311125 0.0235626
 0.00572452 0.00904151 0.0131541 0.0179426 0.0233211 0.0292092 0.0354351 0.0416822 0.0475356 0.0525754 0.0564567 0.0589643 0.0600526 0.0598521 0.0586311 0.0567277 0.0544765 0.0521332 0.0497914 0.0473112 0.0443194 0.0403446 0.0350782 0.028632 0.0216077
 0.00604799 0.0095419 0.0138611 0.0188708 0.0244735 0.0305811 0.0370122 0.0434343 0.0494101 0.0544966 0.0583299 0.0606844 0.0615135 0.0609545 0.0592857 0.0568556 0.0540103 0.051025 0.0480322 0.0449588 0.0415216 0.0373382 0.0321504 0.0260524 0.019558
 0.00635827 0.0100267 0.0145546 0.0197934 0.0256311 0.0319638 0.0385907 0.0451568 0.0512058 0.0562844 0.0600271 0.0622107 0.0627917 0.0619101 0.0598475 0.0569555 0.0535849 0.0500229 0.0464314 0.0427942 0.0389125 0.0344952 0.0293452 0.0235523 0.0175532
 0.00665718 0.0105006 0.0152462 0.0207365 0.0268469 0.0334546 0.0403294 0.0470789 0.0532107 0.058249 0.0618248 0.0637302 0.0639498 0.0626544 0.0601486 0.0567936 0.0529387 0.0488686 0.0447569 0.0406277 0.036353 0.0317267 0.0266151 0.0211126 0.0155894
 0.00697794 0.0109992 0.0159556 0.0216763 0.0280263 0.0348743 0.0419765 0.0489162 0.0551675 0.0602189 0.0636751 0.065321 0.0651581 0.0633945 0.0603786 0.0565079 0.0521505 0.0475958 0.0430215 0.0384737 0.0338746 0.0290863 0.0240304 0.0188088 0.0137343
 0.00735879 0.0115864 0.0167806 0.0227489 0.0293372 0.0363984 0.0436726 0.0507247 0.0570109 0.0620074 0.0653125 0.0667095 0.0662038 0.0640162 0.0605193 0.0561417 0.051282 0.0462523 0.0412478 0.0363362 0.0314766 0.0265803 0.0216096 0.0166682 0.0120181
 0.00778635 0.0122457 0.0177068 0.0239524 0.0308052 0.0380975 0.0455467 0.0526906 0.0589611 0.0638219 0.0668761 0.0679264 0.0670054 0.0643619 0.0603919 0.0555421 0.0502259 0.0447704 0.0393887 0.0341734 0.0291175 0.0241715 0.0193246 0.014675 0.0104349
 0.00807791 0.0127076 0.0183796 0.0248671 0.0319789 0.0395267 0.0471973 0.0544914 0.0608073 0.0655886 0.0684362 0.0691673 0.067842 0.0647439 0.0603036 0.0549952 0.0492501 0.0434068 0.0376908 0.0322142 0.0269995 0.0220284 0.0173096 0.0129311 0.0090588
 0.00819026 0.0128999 0.0186882 0.0253349 0.0326504 0.0404372 0.0483586 0.0558799 0.0623587 0.0672018 0.0699842 0.0705162 0.0688725 0.0653692 0.0604787 0.0547149 0.0485402 0.0423138 0.0362766 0.0305573 0.0251997 0.0202084 0.0156039 0.0114609 0.00790359
 0.00832553 0.0131063 0.0189753 0.0257071 0.0331125 0.0410004 0.049042 0.0567027 0.0633263 0.0682908 0.071135 0.0716367 0.0698525 0.0661016 0.0608785 0.0547321 0.0481633 0.0415664 0.0352106 0.0292483 0.0237448 0.0187219 0.0142056 0.0102558 0.00695827
 0.00855327 0.0134438 0.0194225 0.026244 0.0337063 0.0416187 0.0496622 0.0573156 0.0639331 0.0688974 0.0717434 0.072235 0.0704077 0.066559 0.0611702 0.0547925 0.0479454 0.0410535 0.0344209 0.028234 0.0225869 0.0175217 0.0130693 0.00927462 0.0061892
 0.00851708 0.0134034 0.0193954 0.0262561 0.0337837 0.041775 0.0498908 0.0575926 0.064232 0.0692046 0.0720659 0.0725922 0.0708141 0.0670064 0.0616197 0.0551787 0.0481928 0.0410971 0.0342254 0.0278047 0.0219706 0.0167972 0.0123298 0.00860557 0.00564913
 0.00831322 0.0131105 0.019027 0.0258525 0.033404 0.0414829 0.0497388 0.0576117 0.0644244 0.0695442 0.0725062 0.0730828 0.071317 0.0675016 0.0620966 0.0556205 0.0485658 0.0413539 0.0343203 0.0277131 0.021703 0.0163999 0.0118728 0.00816209 0.00527509
 0.00819692 0.0129246 0.0187547 0.0254847 0.0329464 0.0409642 0.0492166 0.0571662 0.0641396 0.069481 0.0726817 0.0734673 0.0718471 0.0681035 0.0627057 0.0561904 0.0490639 0.0417526 0.0345922 0.027837 0.0216754 0.0162433 0.0116338 0.0078973 0.00503403
 0.00824472 0.0129804 0.0187977 0.0254801 0.032853 0.0407478 0.0488649 0.0566993 0.0636129 0.0689779 0.0722956 0.0732757 0.0718876 0.0683627 0.0631275 0.0566977 0.0495811 0.0422187 0.034964 0.0280879 0.0217961 0.0162448 0.0115463 0.00776253 0.0048929
 0.0083405 0.0131195 0.0189749 0.0256761 0.0330351 0.0408734 0.0488877 0.0565789 0.0633289 0.0685443 0.0717679 0.072743 0.07145 0.0681014 0.0630807 0.0568519 0.0498808 0.0425879 0.035328 0.0283893 0.0220022 0.0163485 0.0115626 0.00772075 0.00482563
 0.00831307 0.0130877 0.0189502 0.0256761 0.0330771 0.0409645 0.0490162 0.0567124 0.0634205 0.0685466 0.0716499 0.0725048 0.0711294 0.0677665 0.0628101 0.0567074 0.049887 0.0427261 0.0355477 0.0286286 0.0222082 0.0164906 0.0116349 0.00773667 0.00480771
 0.0081933 0.0129013 0.0186863 0.0253338 0.0326691 0.0405209 0.0485847 0.0563508 0.0631801 0.0684523 0.0716898 0.0726371 0.0713024 0.0679425 0.0629794 0.0568867 0.0501033 0.0429963 0.0358646 0.028962 0.0225173 0.0167408 0.0118096 0.00783954 0.00485589
 0.00813139 0.012796 0.0185192 0.0250843 0.0323192 0.040063 0.0480311 0.0557408 0.0625787 0.0679397 0.0713419 0.0725023 0.0713862 0.0682079 0.0633645 0.0573306 0.0505642 0.0434541 0.0363104 0.0293843 0.0228973 0.017057 0.0120477 0.00799901 0.00494939
 0.00811089 0.012767 0.0184824 0.02504 0.0322626 0.0399796 0.0478962 0.0555261 0.0622672 0.0675412 0.0708999 0.072087 0.0710735 0.0680536 0.063387 0.0575096 0.0508546 0.0438057 0.0366816 0.0297453 0.0232261 0.0173364 0.0122661 0.00815353 0.00504689
 0.00817856 0.0128636 0.0186031 0.0251725 0.0323911 0.0400901 0.047979 0.0555727 0.0622639 0.0674674 0.0707352 0.0718259 0.0707384 0.067696 0.0630719 0.0572923 0.0507623 0.0438332 0.0368004 0.0299178 0.0234169 0.0175174 0.0124186 0.00826824 0.00512376
 0.00824489 0.0129583 0.0187211 0.0252999 0.0325083 0.0401775 0.0480222 0.0555658 0.0622097 0.0673742 0.0706121 0.0716777 0.0705656 0.0675014 0.062869 0.0571079 0.0506293 0.0437766 0.0368264 0.0300122 0.0235524 0.0176639 0.0125518 0.00837401 0.0051979
 0.00828494 0.0130181 0.0188008 0.0253947 0.0326086 0.0402688 0.0480871 0.0555869 0.0621751 0.0672827 0.0704751 0.0715156 0.0704 0.0673475 0.0627346 0.0569973 0.050549 0.0437364 0.0368351 0.0300704 0.0236491 0.0177795 0.0126652 0.00846932 0.00526785
 0.00826503 0.0129948 0.0187825 0.0253948 0.0326413 0.0403437 0.0482026 0.0557286 0.0623179 0.0673974 0.0705365 0.0715098 0.0703283 0.0672252 0.0625847 0.0568433 0.0504102 0.0436274 0.0367655 0.0300445 0.0236638 0.0178241 0.0127243 0.00852794 0.00531583
 0.00813595 0.0128056 0.0185364 0.0251099 0.0323469 0.040074 0.0479908 0.0556011 0.0622903 0.0674691 0.0706894 0.0717117 0.0705425 0.0674208 0.0627438 0.0569632 0.0504991 0.0436985 0.036832 0.0301154 0.0237423 0.0179073 0.0128052 0.0085984 0.00537044
 0.00806499 0.0126909 0.018366 0.024875 0.0320467 0.0397212 0.0476155 0.0552495 0.0620143 0.0673123 0.0706736 0.071832 0.0707699 0.0677117 0.0630525 0.0572525 0.0507479 0.0439018 0.0369961 0.030251 0.0238587 0.0180093 0.0128929 0.0086698 0.00542393
