SBPRF35
12.7214
Curr Bio
882901
B35
888461
F35
0.168281
FOFL
0.162521
OFL
114624
Bzero
3.63469e+06
#pred survey bio
 3.80529e+06 3.68128e+06 3.57124e+06 3.39726e+06 3.16187e+06 2.92505e+06 2.67906e+06 2.44118e+06 2.17941e+06 1.93381e+06 1.72212e+06 1.52903e+06 1.35774e+06 1.20795e+06 1.06468e+06 930122 820012 744473 694766 652720 632838 607111 597425 589105 579374 572657 563740 568712 566662 576911 570785 571806 583597 590830 594855 599083 609768 623744 627372 634022 650234 659831 665444 667083 674740 679135 679269 686119 688481 699633 710690 771619 824396 878809 915562 930517 925900 910823 888544 3.02626e+07 1.78029e+07 1.77905e+07 1.84401e+07 1.95651e+07 2.09088e+07 2.22684e+07 2.35183e+07 2.45984e+07 2.54932e+07 2.62134e+07 2.67812e+07 2.72227e+07 2.75629e+07 2.78235e+07 2.80226e+07 2.81747e+07 2.82909e+07 2.838e+07 2.84485e+07 2.85014e+07 2.85423e+07 2.85743e+07 2.85992e+07 2.86189e+07 2.86343e+07 2.86466e+07 2.86563e+07 2.8664e+07 2.86702e+07 2.86752e+07 2.86792e+07 2.86824e+07 2.8685e+07 2.86871e+07 2.86889e+07 2.86903e+07 2.86914e+07 2.86923e+07 2.86931e+07 2.86937e+07 2.86942e+07 2.86946e+07 2.86949e+07 2.86952e+07 2.86954e+07 2.86956e+07 2.86957e+07 2.86959e+07 2.86959e+07 2.8696e+07 2.86961e+07 2.86962e+07 2.86962e+07 2.86962e+07 2.86963e+07 2.86963e+07 2.86963e+07 2.86963e+07 2.86963e+07 2.86963e+07 2.86964e+07 2.86964e+07 2.86964e+07 2.86964e+07 2.86964e+07 2.86964e+07 2.86964e+07 2.86964e+07 2.86964e+07 2.86964e+07 2.86964e+07 2.86964e+07 2.86964e+07 2.86964e+07 2.86964e+07 2.86964e+07 2.86964e+07 2.86964e+07 2.86964e+07 2.86964e+07 2.86964e+07 2.86964e+07 2.86964e+07 2.86964e+07 2.86964e+07 2.86964e+07 2.86964e+07 2.86964e+07 2.86964e+07 2.86964e+07 2.86964e+07 2.86964e+07 2.86964e+07 2.86964e+07 2.86964e+07 2.86964e+07 2.86964e+07 2.86964e+07 2.86964e+07 0 0 0 0 0 0 0 0 0 0 0 0 0 0 0 0 0 0 0 0 0 0 0 0 0
#obs survey bio
 4.45919e+06 3.45773e+06 3.85034e+06 2.86984e+06 4.54635e+06 2.47377e+06 2.78784e+06 2.33993e+06 2.31649e+06 2.09468e+06 1.29664e+06 1.43444e+06 1.40027e+06 1.38196e+06 721377 1.12276e+06 769957 621021 490941 602677 497886 579458 550242 598959 567766 574188 436896 612642 553930 547331 552159 472888 487120 758534 579342 526287 700189 798416 683813 447917 709059 827178 660371 542368 805646 549255 950291 518172 955283 587468 899049 627156 772672 845556 1.14448e+06 1.18739e+06 798818 1.01961e+06 1.00277e+06
#pred catch bio
 101133 93677.4 159196 225965 240673 264762 274452 313190 313855 296452 290315 277787 262179 256959 247215 222205 188827 164114 154786 133126 135149 118669 115501 114403 109532 109477 96831.2 102427 91929.3 105656 99011.4 90591.3 95347.2 98078.9 97776.2 92723.1 90948.8 100444 98528.4 92234.6 99829.8 104057 107451 102255 105244 108974 103783 108642 102614 104850 66319.3 77518.2 78076.5 93645.6 111239 126184 132843 134950 129333 114624 115922 114614 117384 123848 132006 140304 147855 154266 159455 163513 166605 168915 170614 171849 172738 173373 173824 174143 174367 174525 174635 174712 174766 174803 174829 174847 174860 174868 174874 174878 174881 174883 174884 174885 174886 174886 174887 174887 174887 174887 174887 174887 174887 174887 174887 174887 174887 174887 174887 174887 174888 174888 174888 174888 174888 174888 174888 174888 174888 174888 174888 174888 174888 174888 174888 174888 174888 174888 174888 174888 174888 174888 174888 174888 174888 174888 174888 174888 174888 174888 174888 174888 174888 174888 174888 174888 174888 174888 174888 174888 174888 174888 174888 174888 174888 174888 174888 174888 174888 0 0 0 0 0 0 0 0 0 0 0 0 0 0 0 0 0 0 0 0 0 0 0 0 0
#obs catch bio
 0 93254 159372 226553 240197 264290 273526 313292 314472 296412 292923 280270 263355 257793 248880 222886 189518 166046 157473 134721 136995 119511 116370 115198 109619 109288 97061.7 102691 91915.8 105760 99173.1 90610.3 96073.4 98138.3 98026.9 93015.4 91083.8 100749 98648.9 92598.1 100349 104740 108140 102868 105301 109493 103789 109361 102898 105808 66269.3 78087.2 78530.6 94141 111619 126425 133264 135160 129318
#pred cpue bio
 3.75396e+06 3.63174e+06 3.52345e+06 3.35049e+06 3.116e+06 2.87993e+06 2.63462e+06 2.39728e+06 2.13652e+06 1.89209e+06 1.68141e+06 1.48949e+06 1.31969e+06 1.17159e+06 1.03018e+06 897565 789243 714987 666231 625310 606214 581529 572396 564576 555427 549198 540664 545565 543678 553753 547855 548842 560280 567417 571528 575740 586171 599831 603389 609726 625284 634533 640093 641839 649442 653775 653847 660402 662526 673191 683734 743275 795502 849510 886088 901059 896584 881857 860773 2.93641e+07 1.72928e+07 1.71546e+07 1.76404e+07 1.86979e+07 2.00229e+07 2.13781e+07 2.26271e+07 2.37069e+07 2.46018e+07 2.53219e+07 2.58897e+07 2.63313e+07 2.66714e+07 2.6932e+07 2.71312e+07 2.72832e+07 2.73995e+07 2.74885e+07 2.7557e+07 2.76099e+07 2.76509e+07 2.76828e+07 2.77078e+07 2.77274e+07 2.77429e+07 2.77551e+07 2.77648e+07 2.77726e+07 2.77788e+07 2.77837e+07 2.77877e+07 2.7791e+07 2.77936e+07 2.77957e+07 2.77974e+07 2.77988e+07 2.77999e+07 2.78008e+07 2.78016e+07 2.78022e+07 2.78027e+07 2.78031e+07 2.78034e+07 2.78037e+07 2.78039e+07 2.78041e+07 2.78043e+07 2.78044e+07 2.78045e+07 2.78046e+07 2.78046e+07 2.78047e+07 2.78047e+07 2.78048e+07 2.78048e+07 2.78048e+07 2.78048e+07 2.78049e+07 2.78049e+07 2.78049e+07 2.78049e+07 2.78049e+07 2.78049e+07 2.78049e+07 2.78049e+07 2.78049e+07 2.78049e+07 2.78049e+07 2.78049e+07 2.78049e+07 2.78049e+07 2.78049e+07 2.78049e+07 2.78049e+07 2.78049e+07 2.78049e+07 2.78049e+07 2.78049e+07 2.78049e+07 2.78049e+07 2.78049e+07 2.78049e+07 2.78049e+07 2.78049e+07 2.78049e+07 2.78049e+07 2.78049e+07 2.78049e+07 2.78049e+07 2.78049e+07 2.78049e+07 2.78049e+07 2.78049e+07 2.78049e+07 2.78049e+07 2.78049e+07 2.78049e+07 2.78049e+07 2.78049e+07 0 0 0 0 0 0 0 0 0 0 0 0 0 0 0 0 0 0 0 0 0 0 0 0 0
#obs cpue bio
 3.08148e+06 3.14804e+06 3.55061e+06 3.33117e+06 3.27216e+06 3.56042e+06 2.64747e+06 1.91639e+06 1.61347e+06 1.94506e+06 1.05988e+06 1.4689e+06 1.57390e+06 1.09343e+06 1.20414e+06 843560 731547 451969 599112 609365 687881 658060 556308 536356 775516 709654 431149 590250 521256 690204 481342 649308 383953 743866 492437 557054 529053 468016 594165 554868 553158 413624 631435 653687 865614 576962 589969 538691 537299 608269 478125 634417 644139 1.17191e+06 925981 841388 885114 929754 870657
#pred surv len freq
 0.00508649 0.00819013 0.0121993 0.0170556 0.0226253 0.0286354 0.0346393 0.0401111 0.044639 0.0480626 0.0504552 0.0520081 0.0529254 0.0533782 0.0535004 0.0534013 0.053183 0.0529359 0.0526797 0.0522457 0.0511761 0.0487757 0.0444017 0.0378863 0.029803
 0.00518805 0.00828982 0.0122326 0.0169334 0.0222707 0.0280354 0.0338769 0.0393488 0.0440541 0.0477702 0.0504694 0.05226 0.0533201 0.0538502 0.0540358 0.0540215 0.0539025 0.0537197 0.0534245 0.0528015 0.0514036 0.0486127 0.0438995 0.0371904 0.0290887
 0.00538177 0.00858809 0.0126456 0.0174466 0.0228342 0.0285579 0.0342358 0.0394266 0.0437941 0.047221 0.0497785 0.0516126 0.0528599 0.0536342 0.054046 0.0542083 0.0542181 0.0541175 0.0538361 0.0531237 0.0515211 0.0484485 0.0434604 0.0365718 0.0284319
 0.00555199 0.00887121 0.0130828 0.0180779 0.0236861 0.0296234 0.0354531 0.0406695 0.0448881 0.0479865 0.0500904 0.0514492 0.0523145 0.0528773 0.0532566 0.0535138 0.0536707 0.0537042 0.0534985 0.052777 0.0510752 0.0478428 0.0426973 0.0357251 0.0276167
 0.00579417 0.00925159 0.0136317 0.018818 0.0246329 0.0307829 0.0368134 0.0421874 0.0464761 0.0495084 0.0513735 0.0523185 0.0526436 0.0526356 0.0525247 0.052453 0.0524605 0.0524804 0.0523225 0.0516406 0.0499356 0.0466662 0.0414955 0.0345637 0.0265895
 0.00608563 0.00970738 0.0142842 0.019686 0.0257199 0.0320757 0.0382786 0.0437711 0.0481081 0.0511079 0.0528481 0.0535576 0.0535196 0.053025 0.0523481 0.0517126 0.0512479 0.0509448 0.0506166 0.0498772 0.048178 0.0449532 0.0398741 0.0331038 0.0253686
 0.00639752 0.0102027 0.0150077 0.0206709 0.0269817 0.0336035 0.040025 0.0456511 0.0500117 0.0529221 0.0544745 0.0549154 0.0545355 0.0536218 0.0524451 0.0512462 0.0502022 0.0493739 0.048639 0.0476466 0.0458498 0.0426679 0.0377568 0.031264 0.0238872
 0.00666617 0.0106368 0.0156563 0.0215786 0.0281816 0.0351044 0.0417982 0.047623 0.0520712 0.0549397 0.0563228 0.0564844 0.0557375 0.0543885 0.0527191 0.0509757 0.0493495 0.0479362 0.0466712 0.0452701 0.0432406 0.0400295 0.035289 0.0291327 0.0221975
 0.00697621 0.0111318 0.016385 0.0225821 0.0294876 0.0367186 0.0436919 0.0497263 0.0542775 0.0571199 0.0583429 0.0582191 0.0570803 0.0552561 0.0530515 0.0507305 0.0484983 0.046471 0.0446229 0.0427314 0.0403778 0.0370697 0.0324819 0.026697 0.0202727
 0.0073527 0.0117195 0.0172248 0.0236975 0.0308842 0.0383823 0.0455843 0.0517799 0.0563998 0.0592039 0.0602785 0.0599008 0.0584111 0.0561507 0.0534386 0.0505545 0.04772 0.0450728 0.0426228 0.0402047 0.0374762 0.0340198 0.0295508 0.0241317 0.018238
 0.00764012 0.0121873 0.0179293 0.0246897 0.0321985 0.0400195 0.0474957 0.0538667 0.0585313 0.0612478 0.062124 0.0614648 0.0596307 0.0569723 0.0538104 0.0504248 0.0470418 0.0438135 0.0407814 0.0378361 0.0347128 0.0310743 0.0266864 0.0216018 0.0162189
 0.00785281 0.0125381 0.0184672 0.0254659 0.0332581 0.0413881 0.0491626 0.0557736 0.0605746 0.0632938 0.0640308 0.0631045 0.0609056 0.0578192 0.0541931 0.0503202 0.0464279 0.0426698 0.0391045 0.0356661 0.0321601 0.0283289 0.0239936 0.0192056 0.0142952
 0.00808248 0.0129001 0.0189918 0.0261766 0.0341715 0.0425123 0.0504921 0.0572824 0.0622124 0.0649859 0.0656826 0.0646089 0.0621549 0.0587192 0.054674 0.0503381 0.0459592 0.0417046 0.0376493 0.0337605 0.0299003 0.0258805 0.0215751 0.0170392 0.012546
 0.00835031 0.013319 0.0195914 0.0269733 0.0351661 0.0436876 0.0518098 0.058684 0.063629 0.0663512 0.066941 0.0657139 0.0630606 0.0593743 0.0550222 0.0503255 0.0455422 0.0408567 0.0363681 0.0320796 0.027905 0.0237158 0.0194322 0.0151143 0.0109869
 0.00862745 0.013764 0.0202502 0.0278822 0.0363429 0.0451175 0.0534328 0.0603948 0.0652951 0.0678438 0.0681629 0.0666113 0.0636191 0.0596035 0.0549374 0.0499339 0.0448385 0.0398285 0.0350109 0.0304159 0.0260029 0.0216973 0.0174604 0.013357 0.00956967
 0.00890341 0.0142066 0.0209049 0.0287874 0.0375222 0.046568 0.0551113 0.0622105 0.0671172 0.0695235 0.0695595 0.0676169 0.0641742 0.0597008 0.0546121 0.0492424 0.0438365 0.038558 0.0335019 0.0287026 0.0241451 0.0197942 0.0156437 0.0117618 0.00829553
 0.00921175 0.0146818 0.0215722 0.0296547 0.0385827 0.0478026 0.0564874 0.0636776 0.0686041 0.0709413 0.070809 0.0685996 0.0648063 0.0599274 0.0544171 0.0486489 0.0428957 0.0373331 0.0320555 0.0270963 0.0224493 0.0180984 0.0140549 0.0103857 0.00720658
 0.00937423 0.0149435 0.0219611 0.030194 0.0392847 0.0486618 0.0574738 0.0647383 0.069675 0.0719617 0.0717298 0.0693797 0.0654033 0.0602944 0.0545084 0.0484329 0.0423664 0.036513 0.0309917 0.0258533 0.021105 0.0167427 0.0127841 0.00928738 0.00633981
 0.00936421 0.0149398 0.0219796 0.0302593 0.0394272 0.0489104 0.0578478 0.0652415 0.0702927 0.0726617 0.0724673 0.0701041 0.0660642 0.0608436 0.0548995 0.0486219 0.0423179 0.0362096 0.0304424 0.0250962 0.0202053 0.0157842 0.011857 0.00847211 0.00569029
 0.00938919 0.014974 0.02202 0.0303016 0.0394697 0.0489601 0.0579237 0.0653715 0.0705051 0.0729733 0.0728753 0.0705841 0.0665754 0.0613367 0.0553236 0.0489292 0.0424665 0.0361688 0.030199 0.0246628 0.0196227 0.0151178 0.0111844 0.00786549 0.00519988
 0.00932442 0.0148692 0.0218634 0.0300836 0.0391864 0.0486181 0.0575459 0.0649995 0.0701954 0.0727873 0.0728649 0.0707781 0.0669693 0.0618911 0.055971 0.0495878 0.0430548 0.0366179 0.0304628 0.0247244 0.0194979 0.0148524 0.0108432 0.00751597 0.00489525
 0.00939901 0.0149754 0.0219948 0.0302233 0.0393098 0.0486988 0.0575618 0.0649377 0.0700565 0.0725894 0.0726439 0.0705829 0.0668505 0.0618856 0.0560897 0.0498093 0.0433305 0.0368845 0.0306592 0.0248076 0.0194535 0.0146969 0.0106173 0.00726974 0.00467248
 0.00937595 0.0149372 0.0219359 0.0301378 0.039192 0.048545 0.0573721 0.0647178 0.0698186 0.0723516 0.07243 0.0704202 0.0667674 0.0619068 0.0562293 0.0500635 0.0436726 0.0372671 0.0310236 0.0250989 0.019636 0.0147635 0.0105882 0.00718244 0.0045665
 0.00929129 0.0148137 0.0217761 0.0299525 0.0389968 0.0483541 0.0571939 0.0645547 0.0696697 0.0722168 0.0723129 0.0703294 0.0667166 0.0619126 0.0563077 0.0502245 0.0439133 0.0375673 0.0313463 0.0253987 0.0198725 0.0149137 0.010653 0.00718198 0.00453001
 0.00928756 0.0147969 0.0217317 0.0298624 0.0388462 0.0481408 0.0569351 0.0642844 0.0694265 0.0720297 0.0721924 0.0702704 0.0667074 0.0619447 0.0563802 0.0503425 0.0440819 0.0377836 0.0315947 0.0256516 0.0200975 0.0150849 0.0107595 0.00723011 0.0045375
 0.00935981 0.0148949 0.0218427 0.0299606 0.0388982 0.0481153 0.0568128 0.064065 0.0691312 0.0716975 0.071872 0.0700066 0.0665291 0.0618604 0.056382 0.0504154 0.0442113 0.0379571 0.0317987 0.0258675 0.0203024 0.0152566 0.0108839 0.00730557 0.00457322
 0.00943174 0.0150096 0.0220098 0.0301843 0.0391721 0.048417 0.057101 0.0642853 0.0692307 0.0716443 0.071668 0.0696882 0.0661544 0.0614904 0.0560647 0.050178 0.0440612 0.0378878 0.0317961 0.0259131 0.020375 0.015335 0.0109511 0.0073523 0.00459888
 0.00935429 0.0148918 0.0218484 0.0299836 0.0389449 0.0481843 0.0568899 0.0641225 0.0691336 0.0716127 0.0716838 0.0697247 0.0661906 0.0615216 0.0561019 0.0502395 0.0441615 0.0380309 0.0319742 0.0261099 0.0205707 0.0155109 0.0110935 0.00745546 0.00466502
 0.00939954 0.0149525 0.0219161 0.0300423 0.038976 0.0481736 0.0568341 0.0640311 0.0690255 0.0715089 0.0715996 0.0696644 0.0661477 0.061484 0.0560612 0.0501971 0.0441287 0.0380221 0.0319991 0.0261684 0.0206529 0.0156018 0.011178 0.0075232 0.00471224
 0.00931341 0.0148227 0.0217395 0.0298222 0.0387197 0.0478903 0.0565339 0.0637276 0.0687384 0.0712651 0.0714293 0.0695931 0.0661869 0.0616263 0.0562822 0.0504642 0.0444121 0.0383019 0.0322652 0.0264163 0.020878 0.0157973 0.0113374 0.00764289 0.0047939
 0.00938805 0.0149347 0.0218904 0.0300066 0.0389261 0.0481023 0.0567311 0.0638862 0.0688335 0.071276 0.0713464 0.069424 0.0659568 0.0613716 0.0560395 0.0502601 0.0442584 0.0381983 0.0322055 0.0263925 0.0208821 0.0158207 0.0113704 0.00767659 0.00482202
 0.00946003 0.0150373 0.022018 0.0301451 0.0390567 0.0482082 0.0568026 0.0639217 0.0688363 0.0712499 0.0712933 0.0693432 0.0658483 0.0612402 0.0558969 0.050123 0.0441438 0.0381175 0.0321617 0.0263817 0.0208963 0.0158504 0.0114063 0.00771123 0.00485036
 0.00929143 0.0147976 0.0217208 0.0298234 0.0387528 0.0479569 0.0566199 0.0638043 0.0687723 0.0712303 0.0713165 0.0694123 0.0659633 0.0613934 0.0560745 0.0503104 0.0443305 0.0382986 0.0323353 0.0265459 0.0210472 0.0159828 0.0115156 0.00779489 0.00490923
 0.00920694 0.0146581 0.0215085 0.0295253 0.0383687 0.0475096 0.0561592 0.0633986 0.0684862 0.0711004 0.0713406 0.0695579 0.0661874 0.0616594 0.0563577 0.0505956 0.0446073 0.0385594 0.0325747 0.0267604 0.0212342 0.0161399 0.011641 0.00788876 0.00497418
 0.00923744 0.0146936 0.0215352 0.0295203 0.0383041 0.0473609 0.0559156 0.063071 0.0681099 0.0707302 0.0710372 0.0693694 0.0661344 0.0617315 0.0565232 0.0508165 0.0448512 0.0388035 0.0328052 0.0269689 0.0214156 0.0162911 0.0117608 0.00797777 0.00503555
 0.00925949 0.0147289 0.0215866 0.0295875 0.0383809 0.0474322 0.0559564 0.0630507 0.068003 0.0705292 0.0707614 0.0690631 0.0658544 0.0615282 0.0564252 0.0508248 0.0449446 0.0389509 0.0329763 0.0271407 0.021573 0.0164255 0.0118682 0.00805791 0.00509086
 0.00922484 0.0146744 0.0215083 0.029484 0.0382544 0.0472896 0.0558089 0.0629107 0.0678786 0.0704202 0.0706601 0.0689621 0.0657558 0.0614483 0.0563891 0.0508551 0.0450502 0.0391222 0.0331899 0.0273678 0.0217882 0.0166112 0.0120158 0.00816618 0.00516403
 0.00916543 0.0145816 0.0213758 0.0293088 0.0380378 0.0470386 0.0555375 0.0626401 0.0676348 0.0702275 0.0705349 0.0689082 0.0657658 0.061509 0.0564902 0.0509932 0.0452269 0.0393378 0.0334363 0.0276279 0.0220397 0.0168335 0.0121955 0.00829917 0.00525396
 0.00928745 0.0147558 0.021593 0.0295445 0.0382583 0.0472106 0.0556373 0.0626569 0.0675695 0.0700903 0.0703431 0.0686839 0.0655317 0.0612853 0.0562918 0.0508307 0.0451086 0.0392698 0.0334206 0.0276592 0.0221052 0.0169157 0.0122773 0.00836832 0.00530513
 0.00937227 0.0148897 0.0217859 0.0297999 0.0385689 0.0475543 0.055975 0.0629378 0.067745 0.07013 0.0702444 0.0684702 0.0652418 0.0609606 0.055968 0.0505342 0.0448567 0.0390727 0.0332826 0.0275786 0.022074 0.0169206 0.0123027 0.00840017 0.00533379
 0.00924414 0.0147101 0.0215691 0.0295781 0.0383844 0.0474457 0.0559644 0.063025 0.0679077 0.0703309 0.0704406 0.0686249 0.0653342 0.0609896 0.0559488 0.0504899 0.0448099 0.0390405 0.0332745 0.0275973 0.0221158 0.0169772 0.0123636 0.00845569 0.00537771
 0.00911683 0.0145187 0.0213112 0.0292648 0.0380411 0.0471105 0.0556848 0.0628496 0.067873 0.070447 0.0706839 0.068944 0.0656667 0.0612819 0.0561694 0.0506333 0.0448904 0.0390821 0.0333008 0.027625 0.0221527 0.017023 0.0124129 0.00850156 0.00541492
 0.00905655 0.0144201 0.021162 0.0290549 0.0377664 0.0467784 0.05532 0.0624941 0.06758 0.0702668 0.0706502 0.0690628 0.0659136 0.0616085 0.0565179 0.0509533 0.0451516 0.0392771 0.0334401 0.0277263 0.0222323 0.0170908 0.012472 0.00855109 0.00545316
 0.00904409 0.0143987 0.0211275 0.0290014 0.0376864 0.046664 0.0551647 0.0622973 0.0673517 0.0700306 0.0704417 0.0689217 0.065871 0.0616755 0.0566801 0.0511755 0.0453908 0.0394966 0.0336191 0.0278614 0.0223308 0.0171636 0.0125274 0.00859368 0.00548476
 0.00906248 0.014416 0.0211305 0.0289704 0.0376008 0.0465108 0.0549453 0.0620285 0.0670595 0.0697436 0.0701864 0.0687222 0.0657501 0.0616517 0.0567617 0.051354 0.04564 0.0397789 0.0338965 0.0281058 0.0225288 0.0173142 0.0126367 0.00866982 0.00553543
 0.00907715 0.0144432 0.0211764 0.0290403 0.0376943 0.0466165 0.0550386 0.0620763 0.0670322 0.069628 0.0699922 0.0684789 0.0654972 0.0614285 0.0566002 0.051274 0.0456455 0.0398575 0.0340233 0.028251 0.0226672 0.01743 0.0127245 0.00873142 0.00557579
 0.00915456 0.0145571 0.0213261 0.0292181 0.0378885 0.0468154 0.0552321 0.0622531 0.0671757 0.0697145 0.0699966 0.0683847 0.0653066 0.0611658 0.0563055 0.0509921 0.0454135 0.0396964 0.0339352 0.028223 0.022678 0.0174588 0.0127562 0.00875785 0.00559467
 0.0091804 0.0145978 0.0213846 0.0292953 0.0379826 0.0469209 0.0553398 0.0623519 0.0672559 0.0697702 0.0700244 0.0683808 0.0652648 0.0610804 0.0561782 0.0508364 0.0452533 0.039558 0.0338381 0.0281733 0.0226692 0.0174763 0.0127847 0.008786 0.00561669
 0.0092482 0.0147013 0.0215275 0.0294767 0.0381964 0.0471569 0.0555833 0.0625843 0.0674556 0.0699168 0.0701029 0.0683844 0.0651947 0.0609439 0.0559864 0.0506038 0.0449988 0.0393048 0.0336099 0.0279885 0.0225357 0.0173911 0.0127371 0.00876319 0.00560761
 0.00928401 0.0147525 0.0215919 0.029548 0.0382668 0.0472205 0.0556385 0.0626337 0.0675041 0.0699676 0.070155 0.0684321 0.0652286 0.060954 0.0559649 0.0505476 0.0449108 0.0391948 0.0334925 0.0278798 0.0224484 0.017331 0.0127025 0.00874742 0.00560292
 0.00917956 0.0146118 0.0214334 0.0294057 0.0381796 0.047215 0.0557172 0.0627749 0.0676732 0.0701334 0.0702989 0.0685485 0.0653192 0.0610207 0.0560066 0.0505613 0.0448948 0.039151 0.0334285 0.0278073 0.0223799 0.0172759 0.0126648 0.00872584 0.00559295
 0.00871634 0.0138965 0.0204304 0.0281152 0.036646 0.0455336 0.0540355 0.0612774 0.0665433 0.069504 0.070219 0.0689816 0.0661686 0.0621622 0.0573145 0.0519225 0.0462167 0.0403651 0.0344909 0.0286969 0.0230941 0.0178249 0.013067 0.00900443 0.00577362
 0.00848555 0.0135163 0.0198496 0.0272853 0.0355341 0.0441423 0.0524244 0.059571 0.0649171 0.0681506 0.069307 0.0686197 0.0663845 0.0629023 0.0584628 0.0533312 0.0477363 0.0418662 0.0358753 0.0299005 0.0240846 0.0185966 0.0136346 0.00939642 0.00602589
 0.00832394 0.0132566 0.0194631 0.0267441 0.034812 0.0432199 0.0512979 0.0582657 0.0634978 0.0667259 0.0680222 0.0676353 0.0658429 0.062892 0.0589937 0.054332 0.0490736 0.0433777 0.0374034 0.0313168 0.0253027 0.0195738 0.0143661 0.00990604 0.00635468
 0.00825309 0.0131456 0.0193031 0.026527 0.0345287 0.0428576 0.0508399 0.0576935 0.0627975 0.0658992 0.0670995 0.0666871 0.0649799 0.0622481 0.0586928 0.0544502 0.0496128 0.0442626 0.0385035 0.0324827 0.026401 0.0205112 0.0150973 0.0104289 0.00669719
 0.0082819 0.0131886 0.0193603 0.0265949 0.0345995 0.0429183 0.0508713 0.0576687 0.0626831 0.0656592 0.066705 0.0661295 0.0642866 0.0614912 0.0579848 0.0539197 0.0493674 0.0443529 0.0389054 0.0331069 0.0271244 0.0212149 0.0156962 0.0108829 0.00700632
 0.00823522 0.0131388 0.0193328 0.0266278 0.0347312 0.0431691 0.0512277 0.0580812 0.0630782 0.0659585 0.0668412 0.0660568 0.0639872 0.0609827 0.0573262 0.0532101 0.0487289 0.0438992 0.0387068 0.033168 0.0273874 0.0215857 0.0160797 0.011211 0.00724842
 0.00782564 0.012559 0.018621 0.0258771 0.0340678 0.042714 0.0510621 0.0582291 0.0635064 0.066586 0.0675554 0.0667349 0.0645204 0.0612988 0.0574034 0.0530804 0.0484715 0.0436204 0.0385095 0.0331197 0.0275001 0.0218196 0.0163665 0.0114846 0.00746654
 0.00729607 0.0117508 0.017507 0.0244786 0.0324617 0.041035 0.0494974 0.0569939 0.0627927 0.0665019 0.0680865 0.0677506 0.0658197 0.062669 0.0586698 0.054136 0.0492848 0.0442257 0.038981 0.0335368 0.027916 0.0222451 0.0167773 0.0118428 0.00774382
#obs surv len freq
 nan nan nan nan nan nan nan nan nan nan nan nan nan nan nan nan nan nan nan nan nan nan nan nan nan
 0.00448031 0.00733968 0.0111679 0.015983 0.0216835 0.0279596 0.0342749 0.0400076 0.0446888 0.0481543 0.0505138 0.0520111 0.0529048 0.0534184 0.0537336 0.0539892 0.0542683 0.0545614 0.0547004 0.0542924 0.0527303 0.0493621 0.0438112 0.0362904 0.027673
 0.00461308 0.00755673 0.0114964 0.0164483 0.0223025 0.0287319 0.0351731 0.0409746 0.0456454 0.0490144 0.0512009 0.0524696 0.0531056 0.05336 0.0534377 0.0534928 0.0536148 0.0537936 0.0538574 0.0534111 0.0518495 0.0485247 0.043062 0.0356672 0.0271967
 0.00478778 0.00784061 0.0119234 0.0170499 0.0231017 0.0297334 0.0363529 0.042275 0.0469804 0.0502835 0.0523037 0.0533182 0.0536333 0.053528 0.0532383 0.052948 0.0527698 0.0527077 0.052597 0.0520467 0.0504567 0.0471846 0.0418549 0.0346594 0.0264251
 0.00497365 0.00814854 0.0123975 0.0177344 0.0240319 0.0309215 0.037773 0.0438593 0.0486284 0.0518812 0.0537404 0.0544957 0.05447 0.0539613 0.0532295 0.0524867 0.0518765 0.0514326 0.0510161 0.0502581 0.0485765 0.0453414 0.0401759 0.0332487 0.0253411
 0.00518915 0.00849851 0.0129239 0.0184773 0.0250235 0.0321753 0.039272 0.0455486 0.0504194 0.0536643 0.0554 0.0559214 0.0555645 0.0546445 0.0534417 0.0521911 0.0510639 0.0501272 0.0492807 0.0481973 0.0463348 0.0430911 0.0380936 0.0314815 0.0239747
 0.00540821 0.00885942 0.0134758 0.0192688 0.0260926 0.0335346 0.0408942 0.0473624 0.0523218 0.0555415 0.057144 0.057437 0.0567667 0.055457 0.0537963 0.0520325 0.0503563 0.0488649 0.0475013 0.0459935 0.0438593 0.0405452 0.0356959 0.0294216 0.0223688
 0.00564917 0.00925204 0.0140687 0.0201083 0.0272152 0.0349536 0.0425854 0.0492575 0.0543163 0.0575133 0.0589734 0.0590191 0.0580165 0.0563069 0.0541904 0.0519219 0.0496998 0.0476392 0.0457194 0.0437271 0.0412529 0.0378109 0.0330792 0.0271455 0.0205781
 0.00588615 0.00964221 0.0146649 0.0209626 0.0283685 0.0364196 0.0443339 0.0512102 0.056359 0.0595188 0.0608222 0.0606097 0.0592672 0.0571533 0.0545818 0.0518161 0.0490607 0.0464416 0.0439651 0.04147 0.0386218 0.0350124 0.0303668 0.0247604 0.0186851
 0.00612795 0.0100369 0.0152622 0.0218104 0.0295045 0.0378575 0.0460485 0.0531308 0.0583776 0.0615095 0.0626611 0.0621891 0.0605014 0.057979 0.0549536 0.0516998 0.0484283 0.0452727 0.0422598 0.0392729 0.0360475 0.0322537 0.0276708 0.0223704 0.0167742
 0.00638902 0.0104653 0.015914 0.0227394 0.0307507 0.0394293 0.0479057 0.0551802 0.0604884 0.0635401 0.0644836 0.0637016 0.0616297 0.0586726 0.0551808 0.051441 0.0476703 0.0440079 0.040496 0.0370543 0.0334799 0.0295165 0.0249976 0.0199962 0.01487
 0.00662504 0.0108537 0.0165074 0.0235899 0.0319 0.0408923 0.0496536 0.0571336 0.0625266 0.0655241 0.066279 0.0651949 0.0627367 0.0593393 0.0553784 0.0511582 0.0469053 0.0427651 0.0387928 0.0349379 0.0310501 0.0269375 0.0224827 0.0177614 0.0130743
 0.00681742 0.0111708 0.0169927 0.0242875 0.0328466 0.0421048 0.051115 0.0587868 0.0642813 0.067271 0.0679061 0.0665984 0.0638278 0.0600497 0.0556625 0.0509917 0.046281 0.0416893 0.0372877 0.0330538 0.0288819 0.0246343 0.0202351 0.0157618 0.0114649
 0.00703751 0.0115282 0.0175297 0.0250427 0.033847 0.0433536 0.0525799 0.0603964 0.0659355 0.0688615 0.0693335 0.0677816 0.0647052 0.0605764 0.0558081 0.050738 0.0456211 0.040629 0.0358494 0.031287 0.0268761 0.022525 0.0181916 0.0139527 0.0100132
 0.00728631 0.0119329 0.0181387 0.0258991 0.0349782 0.0447558 0.0542031 0.062142 0.067673 0.0704564 0.0706737 0.0687904 0.0653412 0.0608267 0.0556779 0.0502412 0.0447743 0.039451 0.0343676 0.0295491 0.0249628 0.0205557 0.0163126 0.0123072 0.00870295
 0.00743895 0.0121937 0.0185544 0.0265206 0.0358492 0.0458944 0.0555839 0.0636901 0.0692749 0.071983 0.0720036 0.0698269 0.0660209 0.0611206 0.0555867 0.0497864 0.0439873 0.0383666 0.0330246 0.0279985 0.0232789 0.0188415 0.0146914 0.010897 0.00758584
 0.00749767 0.0122916 0.0187076 0.0267496 0.0361789 0.0463525 0.0561957 0.0644686 0.0702104 0.0730346 0.0730983 0.0708688 0.066909 0.0617673 0.0559316 0.0498011 0.0436719 0.0377427 0.0321302 0.0268868 0.0220224 0.0175336 0.0134384 0.00979888 0.00671194
 0.00758666 0.0124228 0.0188806 0.0269565 0.0364091 0.0465996 0.0564627 0.0647703 0.0705691 0.0734723 0.0736257 0.0714736 0.0675492 0.0623744 0.0564239 0.050102 0.0437264 0.0375261 0.0316497 0.0261791 0.0211506 0.0165818 0.0125014 0.00896461 0.00604169
 0.007671 0.0125563 0.0190737 0.0272143 0.0367274 0.0469616 0.0568382 0.0651214 0.0708641 0.0737003 0.0738026 0.0716344 0.0677286 0.0625864 0.0566507 0.0502959 0.0438247 0.0374709 0.0314058 0.0257452 0.0205607 0.0158996 0.0118062 0.00833248 0.00552745
 0.00769963 0.012601 0.0191379 0.0273004 0.0368373 0.0470962 0.0569964 0.065298 0.0710486 0.0738783 0.0739616 0.0717702 0.067849 0.0627079 0.0567862 0.0504418 0.0439544 0.0375402 0.0313684 0.0255716 0.020252 0.0154898 0.0113526 0.00789821 0.00516215
 0.00775437 0.0126826 0.0192469 0.0274324 0.0369842 0.0472488 0.0571459 0.0654373 0.0711726 0.0739839 0.0740472 0.071835 0.0678939 0.0627371 0.056807 0.0504613 0.0439721 0.037542 0.0313286 0.025463 0.0200605 0.0152247 0.0110461 0.0075937 0.00489876
 0.00779551 0.0127462 0.019336 0.027547 0.0371201 0.0473972 0.0572939 0.0655696 0.0712755 0.0740504 0.0740787 0.0718399 0.067883 0.0627193 0.0567882 0.0504442 0.0439559 0.037521 0.0312903 0.0253911 0.0199421 0.015059 0.0108482 0.00739034 0.00471742
 0.00784422 0.012817 0.0194272 0.0276516 0.0372283 0.0474993 0.057383 0.0656416 0.0713285 0.0740831 0.0740909 0.0718332 0.0678619 0.0626902 0.0567576 0.0504168 0.0439328 0.0374989 0.0312617 0.0253454 0.01987 0.0149573 0.0107239 0.00725884 0.0045968
 0.00788923 0.0128907 0.0195382 0.0278065 0.0374279 0.0477344 0.0576317 0.0658724 0.0715088 0.0741899 0.0741172 0.0717875 0.0677617 0.0625555 0.0566068 0.0502646 0.0437893 0.0373689 0.0311447 0.0252365 0.0197627 0.0148473 0.0106122 0.00715188 0.00450351
 0.0078811 0.0128796 0.0195258 0.0277966 0.0374266 0.0477496 0.0576714 0.0659414 0.0716051 0.074303 0.0742295 0.07188 0.0678204 0.0625761 0.0565937 0.0502276 0.043739 0.0373137 0.031089 0.0251807 0.0197047 0.0147854 0.010547 0.00708744 0.00444568
 0.00787463 0.0128622 0.0194877 0.0277254 0.0373126 0.0475925 0.0574853 0.0657547 0.0714529 0.074216 0.0742237 0.0719529 0.0679533 0.0627411 0.0567634 0.0503814 0.0438664 0.0374123 0.0311607 0.0252285 0.0197311 0.0147926 0.0105384 0.00706823 0.00442216
 0.00786886 0.0128493 0.0194614 0.027677 0.0372321 0.0474711 0.0573198 0.0655509 0.0712285 0.0739996 0.0740504 0.0718547 0.0679488 0.0628296 0.0569251 0.0505855 0.0440809 0.0376118 0.03133 0.0253614 0.0198274 0.0148557 0.0105737 0.00708286 0.00442362
 0.00789115 0.0128802 0.0194977 0.0277117 0.0372553 0.047472 0.0572885 0.0654806 0.0711169 0.0738515 0.0738795 0.0716836 0.0678057 0.0627406 0.056906 0.0506361 0.0441859 0.0377469 0.03147 0.025487 0.0199274 0.0149269 0.0106186 0.00710681 0.00443336
 0.00787317 0.0128535 0.0194621 0.0276684 0.0372055 0.0474163 0.0572257 0.0654085 0.0710338 0.0737577 0.073779 0.071584 0.0677186 0.06268 0.056886 0.0506664 0.0442673 0.0378696 0.0316156 0.0256343 0.0200585 0.0150309 0.0106923 0.00715349 0.00445939
 0.0078688 0.0128426 0.0194389 0.0276257 0.0371378 0.0473225 0.0571124 0.0652883 0.0709212 0.0736636 0.0737077 0.0715342 0.0676871 0.0626658 0.0568918 0.0506978 0.0443295 0.037963 0.0317337 0.025764 0.0201842 0.0151392 0.0107755 0.00721056 0.00449424
 0.00783968 0.0127965 0.0193716 0.0275342 0.03702 0.0471788 0.0569466 0.0651097 0.0707445 0.0735074 0.0735901 0.0714685 0.0676777 0.0627081 0.0569757 0.0508123 0.0444656 0.0381146 0.0318947 0.0259261 0.0203369 0.0152717 0.0108805 0.0072858 0.00454278
 0.00782221 0.0127648 0.019318 0.0274499 0.0368981 0.0470175 0.0567528 0.0648987 0.0705368 0.0733236 0.0734471 0.0713781 0.0676466 0.0627375 0.0570607 0.0509428 0.0446284 0.038296 0.0320823 0.0261092 0.0205055 0.0154171 0.0109966 0.0073707 0.00459912
 0.00778875 0.0127095 0.0192333 0.0273281 0.0367331 0.0468081 0.0565049 0.0646275 0.0702654 0.0730786 0.0732543 0.0712572 0.0676085 0.0627831 0.0571823 0.051126 0.0448551 0.0385466 0.0323382 0.0263538 0.0207254 0.0156027 0.0111427 0.00747698 0.00466994
 0.0077677 0.0126746 0.0191792 0.0272494 0.0366249 0.0466674 0.0563328 0.0644301 0.0700536 0.0728677 0.073062 0.0711024 0.0675083 0.0627503 0.0572221 0.0512351 0.0450223 0.0387549 0.0325675 0.0265841 0.0209392 0.0157869 0.0112897 0.00758509 0.00474274
 0.00772124 0.0126006 0.0190709 0.0271018 0.0364365 0.0464417 0.0560801 0.0641675 0.069802 0.0726477 0.07289 0.0709892 0.0674604 0.0627704 0.0573101 0.051387 0.045229 0.0390022 0.0328367 0.0268545 0.021191 0.0160044 0.0114634 0.00771287 0.0048288
 0.00771015 0.0125769 0.0190249 0.0270213 0.03631 0.0462637 0.0558555 0.0639124 0.0695403 0.072405 0.0726881 0.0708437 0.0673799 0.062758 0.0573644 0.0515032 0.0453995 0.0392157 0.033078 0.027105 0.0214312 0.016217 0.0116367 0.00784242 0.00491714
 0.007667 0.0125125 0.0189383 0.0269144 0.0361854 0.0461225 0.0556964 0.063734 0.0693451 0.072203 0.072497 0.0706851 0.0672737 0.0627171 0.0573933 0.0515989 0.0455534 0.0394152 0.0333078 0.0273473 0.0216671 0.0164291 0.0118122 0.00797526 0.00500875
 0.00764904 0.0124804 0.0188849 0.0268323 0.0360697 0.0459746 0.0555259 0.0635569 0.0691782 0.0720572 0.072376 0.0705884 0.0672022 0.0626768 0.0573931 0.0516467 0.0456518 0.0395602 0.0334888 0.0275489 0.0218714 0.0166185 0.0119728 0.00809954 0.00509601
 0.00764596 0.0124763 0.0188802 0.0268269 0.036062 0.0459601 0.0554975 0.0635071 0.0691031 0.0719591 0.0722637 0.0704737 0.0670962 0.0625878 0.057328 0.0516124 0.0456551 0.0396048 0.0335732 0.0276649 0.0220053 0.0167541 0.0120954 0.00819882 0.00516826
 0.00763461 0.0124607 0.0188621 0.0268098 0.03605 0.0459563 0.0555024 0.0635173 0.0691112 0.0719562 0.0722417 0.0704289 0.0670313 0.062511 0.057251 0.0515473 0.0456123 0.0395923 0.0335945 0.0277182 0.0220828 0.0168437 0.0121835 0.0082748 0.00522612
 0.00759272 0.0123959 0.0187711 0.0266925 0.0359106 0.0458041 0.0553518 0.063386 0.0690162 0.071908 0.0722408 0.070466 0.0670916 0.0625802 0.0573195 0.0516122 0.0456763 0.039661 0.0336729 0.0278082 0.0221817 0.0169444 0.0122772 0.00835347 0.00528543
 0.00756072 0.012344 0.0186934 0.0265842 0.0357697 0.0456336 0.0551621 0.0631948 0.0688457 0.0717796 0.0721697 0.0704578 0.0671415 0.062675 0.0574417 0.0517454 0.0458091 0.039788 0.033794 0.0279247 0.0222937 0.0170494 0.0123702 0.00842969 0.00534236
 0.00756326 0.0123428 0.0186817 0.0265524 0.0357075 0.0455342 0.0550254 0.0630295 0.0686673 0.071608 0.0720251 0.0703577 0.0670972 0.0626892 0.0575083 0.0518511 0.0459377 0.0399249 0.0339288 0.0280518 0.0224101 0.0171529 0.0124584 0.0085003 0.00539449
 0.00754706 0.012321 0.0186569 0.0265286 0.035688 0.0455175 0.0550041 0.0629918 0.0686027 0.0715133 0.0719079 0.0702348 0.0669895 0.0626157 0.0574808 0.0518721 0.0460009 0.040018 0.0340377 0.0281641 0.0225168 0.0172481 0.0125385 0.00856346 0.00544061
 0.00754992 0.0123261 0.0186655 0.0265427 0.0357098 0.0455493 0.0550466 0.0630421 0.0686528 0.0715496 0.0719153 0.0702025 0.0669169 0.0625146 0.0573714 0.0517762 0.0459344 0.0399876 0.0340409 0.0281924 0.0225598 0.0172961 0.0125844 0.00860247 0.00547056
 0.00751437 0.012273 0.0185943 0.0264562 0.0356142 0.0454528 0.0549589 0.0629736 0.0686125 0.0715427 0.07194 0.0702497 0.0669725 0.0625646 0.0574078 0.0518 0.045954 0.0400134 0.0340799 0.0282453 0.0226219 0.0173599 0.0126425 0.00865011 0.00550583
 0.0075199 0.0122761 0.0185884 0.0264322 0.0355638 0.045373 0.0548558 0.0628617 0.0685106 0.0714675 0.0719014 0.0702491 0.0670035 0.062616 0.0574668 0.051856 0.0460022 0.0400549 0.0341196 0.0282881 0.0226691 0.0174092 0.0126892 0.00868983 0.00553601
 0.00751715 0.0122729 0.0185854 0.02643 0.0355607 0.0453646 0.0548342 0.0628188 0.0684427 0.0713798 0.0718082 0.0701688 0.0669521 0.0626008 0.0574854 0.0518988 0.0460572 0.0401125 0.034175 0.0283403 0.0227187 0.0174559 0.0127315 0.00872532 0.00556308
 0.00749352 0.012238 0.0185397 0.0263763 0.035504 0.0453104 0.0547872 0.0627812 0.0684136 0.0713552 0.0717832 0.0701418 0.0669268 0.0625854 0.0574886 0.0519251 0.0461048 0.0401746 0.034243 0.0284073 0.0227805 0.0175104 0.0127774 0.00876178 0.00558997
 0.00750158 0.0122473 0.0185467 0.0263758 0.0354911 0.0452831 0.0547484 0.0627382 0.068375 0.0713267 0.0717655 0.0701307 0.0669166 0.0625727 0.0574751 0.0519161 0.0461062 0.0401897 0.0342709 0.0284437 0.02282 0.0175485 0.012811 0.00878906 0.00561034
 0.00750158 0.0122473 0.0185467 0.0263758 0.0354911 0.0452831 0.0547484 0.0627382 0.068375 0.0713267 0.0717655 0.0701307 0.0669166 0.0625727 0.0574751 0.0519161 0.0461062 0.0401897 0.0342709 0.0284437 0.02282 0.0175485 0.012811 0.00878906 0.00561034
 0.00713033 0.0116621 0.0177024 0.0252488 0.0340908 0.0436658 0.0530291 0.0610855 0.0669814 0.0703622 0.0713363 0.0702597 0.0675488 0.0635977 0.0587564 0.0533194 0.0475187 0.0415279 0.035479 0.0294881 0.0236837 0.0182285 0.0133168 0.00914176 0.00583879
 0.00708906 0.0115511 0.0174548 0.0247771 0.0333105 0.0425332 0.0515747 0.0594235 0.0652884 0.0688372 0.0701597 0.0695638 0.0673993 0.0639873 0.0596102 0.0545138 0.0489084 0.0429729 0.0368641 0.0307308 0.0247345 0.0190663 0.0139447 0.00958103 0.00612364
 0.00705295 0.0115001 0.0173888 0.0246911 0.0331838 0.042318 0.0511967 0.0588038 0.0643828 0.0676757 0.0688611 0.0683124 0.0663951 0.0633905 0.0595041 0.0548927 0.0496895 0.044024 0.0380369 0.0318905 0.0257788 0.0199332 0.0146106 0.0100541 0.00643312
 0.00700718 0.011432 0.0172983 0.0245833 0.033067 0.0422002 0.0510781 0.0586672 0.0641872 0.0673619 0.0683752 0.067642 0.0655976 0.0625931 0.0588683 0.0545597 0.0497337 0.0444337 0.0387259 0.0327313 0.0266404 0.0207111 0.0152421 0.010519 0.00674439
 0.00706934 0.0115329 0.0174495 0.024794 0.033341 0.042531 0.0514444 0.0590316 0.0644991 0.0675627 0.0684046 0.0674481 0.0651538 0.0619207 0.0580498 0.0537301 0.0490434 0.0439999 0.0385955 0.0328729 0.0269664 0.0211148 0.0156322 0.0108387 0.00697365
 0.00712623 0.0116373 0.0176281 0.0250775 0.0337551 0.0430824 0.0521091 0.0597523 0.0651958 0.0681496 0.0688057 0.0676055 0.0650317 0.0615103 0.0573792 0.0528725 0.0481143 0.0431345 0.0379116 0.0324353 0.026773 0.021109 0.0157337 0.0109744 0.00709585
 0.00714929 0.0116826 0.0177117 0.0252211 0.0339835 0.043418 0.0525634 0.0603181 0.0658417 0.0688193 0.0694236 0.0680886 0.0653052 0.0615225 0.0571116 0.0523472 0.0473962 0.0423247 0.0371277 0.031781 0.0263091 0.0208413 0.0156232 0.0109621 0.00712727
 0.00712183 0.0116416 0.0176574 0.0251584 0.0339237 0.0433801 0.0525742 0.060409 0.0660405 0.0691388 0.0698514 0.068582 0.0657957 0.0619283 0.0573572 0.0523825 0.0472122 0.0419593 0.0366575 0.0313002 0.0259004 0.0205526 0.0154595 0.0108961 0.00711945
#pred catch len freq
 0.00465645 0.00732378 0.0105962 0.0143594 0.0185423 0.0231067 0.0279755 0.0329858 0.0379144 0.0425352 0.0466565 0.0501369 0.0528974 0.0549277 0.0562817 0.0570679 0.0574378 0.057554 0.0575033 0.0571561 0.0560508 0.0534522 0.0486719 0.0415349 0.0326749
 0.00475445 0.00743002 0.0106612 0.0143131 0.018323 0.0227017 0.0274465 0.0324561 0.0375181 0.0423581 0.0467061 0.0503588 0.053221 0.0553114 0.0567299 0.0576123 0.058096 0.0582866 0.0581958 0.0576437 0.056182 0.0531619 0.0480206 0.0406866 0.0318251
 0.00496913 0.00775374 0.0110972 0.0148368 0.0188763 0.0231933 0.0277655 0.0325049 0.0372593 0.0418476 0.0460841 0.0497922 0.052834 0.0551489 0.0567713 0.0578136 0.0584175 0.0586872 0.0586068 0.0579555 0.0562703 0.0529441 0.0475058 0.0399809 0.031084
 0.00517844 0.00808637 0.0115834 0.015499 0.0197228 0.0242075 0.0288909 0.0336346 0.0382433 0.0425265 0.0463418 0.0496066 0.0522929 0.0544164 0.0560212 0.0571693 0.0579281 0.0583363 0.0583319 0.0576652 0.0558669 0.0523597 0.0467406 0.0391129 0.0302373
 0.00544351 0.00849402 0.0121553 0.0162447 0.0206447 0.0253058 0.0301603 0.0350501 0.0397403 0.0439873 0.0476009 0.0504839 0.0526496 0.0542093 0.0553238 0.0561423 0.0567543 0.0571552 0.0572044 0.0565788 0.0547708 0.0512126 0.0455499 0.0379454 0.0291926
 0.0057704 0.00899451 0.0128518 0.0171399 0.0217264 0.026554 0.0315502 0.0365506 0.0413101 0.045568 0.0491081 0.0517988 0.0536244 0.0546961 0.0552227 0.0554448 0.0555525 0.0556065 0.0554721 0.0547828 0.0529767 0.0494582 0.0438816 0.0364354 0.0279232
 0.00611921 0.00953456 0.0136149 0.0181398 0.0229597 0.0280024 0.0331785 0.0383039 0.0431153 0.047342 0.0507652 0.053252 0.05478 0.0554491 0.0554648 0.0550899 0.0545724 0.054054 0.0534735 0.0525038 0.0505843 0.0471014 0.0416915 0.0345264 0.0263813
 0.00646342 0.0100712 0.014381 0.0191576 0.0242375 0.0295344 0.0349397 0.0402424 0.0451504 0.0493693 0.0526689 0.0549178 0.0561046 0.056343 0.0558483 0.0548919 0.0537408 0.0525792 0.0514128 0.0499892 0.0478079 0.0442847 0.0390516 0.0322432 0.024569
 0.00683508 0.0106479 0.0151989 0.0202362 0.0255821 0.031139 0.0367835 0.0422819 0.0473129 0.0515543 0.0547544 0.0567728 0.0576034 0.0573772 0.0563323 0.0547615 0.0529517 0.0511139 0.0493004 0.0473293 0.0447815 0.0411395 0.0360591 0.0296414 0.02251
 0.00726535 0.0113058 0.0161133 0.0214104 0.0270012 0.0327796 0.0386164 0.0442676 0.0493939 0.0536519 0.0567704 0.058595 0.0591142 0.0584637 0.0568958 0.0547228 0.052254 0.0497293 0.0472436 0.0446808 0.0417069 0.0378869 0.0329209 0.0268879 0.0203225
 0.00762457 0.0118695 0.0169242 0.0224958 0.0283708 0.0344214 0.0404906 0.0463038 0.0514983 0.0557212 0.0587049 0.0603035 0.0605122 0.0594706 0.0574332 0.054717 0.0516413 0.0484662 0.0453257 0.0421672 0.0387435 0.0347085 0.0298182 0.0241409 0.0181268
 0.00790481 0.0123125 0.0175688 0.0233741 0.0295072 0.0358293 0.0421636 0.0482037 0.0535486 0.0578104 0.0607006 0.0620727 0.0619413 0.060475 0.0579552 0.0547139 0.0510756 0.0473069 0.0435643 0.0398462 0.035985 0.0317234 0.0268791 0.0215192 0.0160187
 0.00819886 0.0127641 0.0182011 0.0241952 0.0305163 0.0370235 0.0435385 0.0497469 0.0552289 0.0595699 0.0624514 0.0637031 0.0633298 0.0615092 0.0585464 0.0548023 0.0506258 0.0463012 0.0420059 0.0377772 0.0335121 0.0290313 0.0242119 0.0191256 0.0140835
 0.00856092 0.0133161 0.0189639 0.0251657 0.0316714 0.0383284 0.0449513 0.0512196 0.0567099 0.0610076 0.0637967 0.0649058 0.0643335 0.0622484 0.058951 0.0548066 0.0501776 0.0453688 0.0405855 0.0359063 0.031286 0.0266129 0.0218158 0.016972 0.0123385
 0.00894183 0.013906 0.0197973 0.0262548 0.0330057 0.0398734 0.0466456 0.0529733 0.0584136 0.062551 0.0650884 0.0658862 0.064975 0.0625464 0.0589088 0.0544223 0.0494394 0.0442604 0.0391013 0.0340718 0.0291783 0.0243695 0.0196201 0.0150126 0.010757
 0.00928657 0.0144422 0.0205597 0.0272619 0.0342599 0.0413601 0.0483267 0.0547791 0.0602404 0.0642694 0.0665628 0.0669985 0.0656468 0.0627505 0.058664 0.0537749 0.0484398 0.0429486 0.0375079 0.0322343 0.0271643 0.0222909 0.0176256 0.0132553 0.00935005
