SBPRF35
12.7214
Curr Bio
936349
B35
896891
F35
0.17142
FOFL
0.17142
OFL
132208
Bzero
3.63469e+06
#pred survey bio
 3.74685e+06 3.6099e+06 3.49264e+06 3.31706e+06 3.08359e+06 2.85107e+06 2.61071e+06 2.37901e+06 2.12322e+06 1.88315e+06 1.6766e+06 1.48827e+06 1.32118e+06 1.17501e+06 1.03465e+06 902310 793825 719671 671287 630308 611401 586278 577152 569321 559927 553347 544399 549499 547469 557847 551579 552463 564256 571478 575339 579360 589904 603797 607212 613667 629869 639479 645123 646778 654553 659044 659320 666486 669327 681264 693543 756864 813032 872240 915340 938623 945056 944963 944051 2.1878e+07 2.01316e+07 2.05145e+07 2.12583e+07 2.22231e+07 2.32563e+07 2.42465e+07 2.51296e+07 2.58793e+07 2.64943e+07 2.69868e+07 2.73747e+07 2.76769e+07 2.79108e+07 2.8091e+07 2.82297e+07 2.83366e+07 2.84192e+07 2.8483e+07 2.85327e+07 2.85714e+07 2.86018e+07 2.86256e+07 2.86445e+07 2.86594e+07 2.86713e+07 2.86808e+07 2.86883e+07 2.86944e+07 2.86993e+07 2.87033e+07 2.87064e+07 2.8709e+07 2.87111e+07 2.87128e+07 2.87142e+07 2.87153e+07 2.87163e+07 2.8717e+07 2.87176e+07 2.87181e+07 2.87185e+07 2.87189e+07 2.87191e+07 2.87194e+07 2.87195e+07 2.87197e+07 2.87198e+07 2.87199e+07 2.872e+07 2.87201e+07 2.87201e+07 2.87202e+07 2.87202e+07 2.87202e+07 2.87202e+07 2.87203e+07 2.87203e+07 2.87203e+07 2.87203e+07 2.87203e+07 2.87203e+07 2.87203e+07 2.87203e+07 2.87203e+07 2.87203e+07 2.87203e+07 2.87203e+07 2.87203e+07 2.87203e+07 2.87203e+07 2.87203e+07 2.87203e+07 2.87204e+07 2.87204e+07 2.87204e+07 2.87204e+07 2.87204e+07 2.87204e+07 2.87204e+07 2.87204e+07 2.87204e+07 2.87204e+07 2.87204e+07 2.87204e+07 2.87204e+07 2.87204e+07 2.87204e+07 2.87204e+07 2.87204e+07 2.87204e+07 2.87204e+07 2.87204e+07 2.87204e+07 2.87204e+07 2.87204e+07 2.87204e+07 2.87204e+07 2.87204e+07 2.87204e+07 0 0 0 0 0 0 0 0 0 0 0 0 0 0 0 0 0 0 0 0 0 0 0 0 0
#obs survey bio
 4.45919e+06 3.45773e+06 3.85034e+06 2.86984e+06 4.54635e+06 2.47377e+06 2.78784e+06 2.33993e+06 2.31649e+06 2.09468e+06 1.29664e+06 1.43444e+06 1.40027e+06 1.38196e+06 721377 1.12276e+06 769957 621021 490941 602677 497886 579458 550242 598959 567766 574188 436896 612642 553930 547331 552159 472888 487120 758534 579342 526287 700189 798416 683813 447917 709059 827178 660371 542368 805646 549255 950291 518172 955283 587468 899049 627156 772672 845556 1.14448e+06 1.18739e+06 798818 1.01961e+06 1.00277e+06
#pred catch bio
 102148 93685.9 159212 226038 240828 265028 274827 313771 314546 297205 291082 278613 263063 257923 248178 223104 189550 164674 155326 133589 135674 119122 115951 114863 109991 109959 97189.7 102845 92270.3 106116 99409.7 90929.4 95698.4 98481.5 98167.3 93070 91285.7 100852 98922.4 92562.6 100212 104462 107883 102639 105669 109406 104181 109049 102978 105212 66461.1 77697.7 78244.5 93867.2 111512 126469 133077 135085 129369 132208 132943 134448 138315 143950 150095 155940 161059 165299 168670 171270 173231 174682 175742 176507 177055 177444 177719 177913 178048 178143 178209 178255 178287 178309 178325 178335 178343 178348 178351 178354 178355 178356 178357 178358 178358 178358 178359 178359 178359 178359 178359 178359 178359 178359 178359 178359 178359 178359 178359 178359 178359 178359 178359 178359 178359 178359 178359 178359 178359 178359 178359 178359 178359 178359 178359 178359 178359 178359 178359 178359 178359 178359 178359 178359 178359 178359 178359 178359 178359 178359 178359 178359 178359 178359 178359 178359 178359 178359 178359 178359 178359 178359 178359 178359 178359 178359 178359 178359 178359 0 0 0 0 0 0 0 0 0 0 0 0 0 0 0 0 0 0 0 0 0 0 0 0 0
#obs catch bio
 0 93254 159372 226553 240197 264290 273526 313292 314472 296412 292923 280270 263355 257793 248880 222886 189518 166046 157473 134721 136995 119511 116370 115198 109619 109288 97061.7 102691 91915.8 105760 99173.1 90610.3 96073.4 98138.3 98026.9 93015.4 91083.8 100749 98648.9 92598.1 100349 104740 108140 102868 105301 109493 103789 109361 102898 105808 66269.3 78087.2 78530.6 94141 111619 126425 133264 135160 129318
#pred cpue bio
 3.70369e+06 3.56814e+06 3.45081e+06 3.27528e+06 3.04261e+06 2.81063e+06 2.57063e+06 2.3392e+06 2.08414e+06 1.84501e+06 1.63917e+06 1.45175e+06 1.28599e+06 1.14131e+06 1.00255e+06 871926 765090 692100 644619 604736 586650 562525 553932 546569 537769 531695 523060 528108 526234 536489 530424 531283 542738 549929 553913 557905 568214 581831 585181 591304 606881 616182 621821 623579 631320 635724 635900 642759 645317 656766 668445 730528 786132 844768 887363 910160 916034 915388 914174 2.11885e+07 1.95004e+07 1.97946e+07 2.04581e+07 2.14011e+07 2.24303e+07 2.34199e+07 2.43029e+07 2.50526e+07 2.56676e+07 2.61601e+07 2.6548e+07 2.68502e+07 2.7084e+07 2.72643e+07 2.7403e+07 2.75099e+07 2.75924e+07 2.76563e+07 2.7706e+07 2.77447e+07 2.7775e+07 2.77989e+07 2.78177e+07 2.78327e+07 2.78446e+07 2.7854e+07 2.78616e+07 2.78677e+07 2.78726e+07 2.78765e+07 2.78797e+07 2.78823e+07 2.78844e+07 2.78861e+07 2.78875e+07 2.78886e+07 2.78895e+07 2.78903e+07 2.78909e+07 2.78914e+07 2.78918e+07 2.78921e+07 2.78924e+07 2.78926e+07 2.78928e+07 2.7893e+07 2.78931e+07 2.78932e+07 2.78933e+07 2.78933e+07 2.78934e+07 2.78934e+07 2.78935e+07 2.78935e+07 2.78935e+07 2.78935e+07 2.78935e+07 2.78936e+07 2.78936e+07 2.78936e+07 2.78936e+07 2.78936e+07 2.78936e+07 2.78936e+07 2.78936e+07 2.78936e+07 2.78936e+07 2.78936e+07 2.78936e+07 2.78936e+07 2.78936e+07 2.78936e+07 2.78936e+07 2.78936e+07 2.78936e+07 2.78936e+07 2.78936e+07 2.78936e+07 2.78936e+07 2.78936e+07 2.78936e+07 2.78936e+07 2.78936e+07 2.78936e+07 2.78936e+07 2.78936e+07 2.78936e+07 2.78936e+07 2.78936e+07 2.78936e+07 2.78936e+07 2.78936e+07 2.78936e+07 2.78936e+07 2.78936e+07 2.78936e+07 2.78936e+07 2.78936e+07 2.78936e+07 0 0 0 0 0 0 0 0 0 0 0 0 0 0 0 0 0 0 0 0 0 0 0 0 0
#obs cpue bio
 3.08148e+06 3.14804e+06 3.55061e+06 3.33117e+06 3.27216e+06 3.56042e+06 2.64747e+06 1.91639e+06 1.61347e+06 1.94506e+06 1.05988e+06 1.4689e+06 1.57390e+06 1.09343e+06 1.20414e+06 843560 731547 451969 599112 609365 687881 658060 556308 536356 775516 709654 431149 590250 521256 690204 481342 649308 383953 743866 492437 557054 529053 468016 594165 554868 553158 413624 631435 653687 865614 576962 589969 538691 537299 608269 478125 634417 644139 1.17191e+06 925981 841388 885114 929754 870657
#pred surv len freq
 0.00419074 0.00690617 0.010585 0.0152711 0.0208832 0.0271231 0.0334588 0.0392707 0.0440888 0.0477417 0.0503217 0.0520434 0.0531229 0.0537293 0.0539879 0.0540024 0.05388 0.0537286 0.0535903 0.0533095 0.0524155 0.0501691 0.0458667 0.0392937 0.03102
 0.00447396 0.00728793 0.0110167 0.0156656 0.0211474 0.0272046 0.0333764 0.0391039 0.0439305 0.0476464 0.0502851 0.0520248 0.0530916 0.0537002 0.0540224 0.0541754 0.0542293 0.054213 0.0540808 0.0536247 0.0523938 0.0497434 0.0451008 0.0383555 0.0301058
 0.00452005 0.00742163 0.0113201 0.0162339 0.0220451 0.0284072 0.0347388 0.0403907 0.0449073 0.0481783 0.0503782 0.0517896 0.0526661 0.0531939 0.0535076 0.0537057 0.0538478 0.0539339 0.0538608 0.0533592 0.0519558 0.0490515 0.0441728 0.0373093 0.0291048
 0.00462466 0.00757944 0.0115401 0.0165301 0.0224495 0.0289788 0.0355515 0.0414917 0.0462616 0.0496374 0.0517096 0.0527622 0.053143 0.0531727 0.0530935 0.0530481 0.0530835 0.0531545 0.0530979 0.0525854 0.0511077 0.0480769 0.0430791 0.0361788 0.0280623
 0.00482849 0.00790636 0.0120225 0.0171921 0.0232998 0.0300041 0.0367148 0.0427433 0.0475561 0.0509403 0.0529788 0.0539165 0.0540511 0.0536875 0.0531144 0.0525683 0.0521887 0.0519773 0.0517613 0.0511661 0.0496366 0.0465703 0.0415774 0.0347632 0.0268348
 0.00506473 0.00828646 0.012587 0.0179758 0.0243244 0.0312674 0.0381788 0.0443309 0.0491637 0.0524634 0.0543351 0.0550526 0.0549274 0.0542539 0.0533006 0.0523027 0.0514368 0.0507693 0.0501872 0.0493447 0.0476852 0.0445956 0.0396846 0.033061 0.0254205
 0.00531904 0.00870161 0.0132148 0.0188647 0.0255097 0.032755 0.0399296 0.0462558 0.0511366 0.0543456 0.056001 0.0564057 0.0559054 0.054822 0.0534363 0.051982 0.0506337 0.0494744 0.048433 0.0472191 0.0453259 0.0421711 0.0373716 0.0310198 0.0237666
 0.00553233 0.00905865 0.0137714 0.0196801 0.0266349 0.0342146 0.0417023 0.0482662 0.0532642 0.0564465 0.0579309 0.0580372 0.0571382 0.0555881 0.0536973 0.0517199 0.0498412 0.0481537 0.046609 0.0449613 0.0427648 0.0394948 0.0347979 0.0287509 0.0219436
 0.00578244 0.00947058 0.0144018 0.0205863 0.0278655 0.0357931 0.043609 0.0504284 0.0555632 0.058736 0.0600583 0.0598606 0.0585389 0.056478 0.054021 0.0514507 0.048974 0.0467007 0.0446052 0.0424822 0.039946 0.0365376 0.0319452 0.0262358 0.0199295
 0.00610312 0.00998073 0.0151493 0.0216097 0.0291894 0.0374201 0.0455088 0.0525325 0.0577694 0.060923 0.0621 0.0616366 0.0599404 0.0574123 0.054416 0.0512573 0.0481666 0.0452785 0.0425987 0.0399679 0.037064 0.0334969 0.0290003 0.0236334 0.0178449
 0.00633697 0.0103777 0.015777 0.022539 0.030477 0.0390814 0.0474959 0.0547318 0.0600275 0.0630857 0.0640417 0.0632674 0.0611962 0.0582408 0.054768 0.0510859 0.0474325 0.04396 0.0407064 0.0375638 0.0342796 0.0305369 0.0261185 0.0210781 0.0157943
 0.00650528 0.0106665 0.0162409 0.0232416 0.0314803 0.040428 0.0491869 0.0567121 0.0621858 0.0652705 0.0660871 0.0650222 0.0625463 0.0591177 0.05514 0.0509398 0.0467585 0.0427499 0.0389678 0.035345 0.0316942 0.0277721 0.0234134 0.0186706 0.0138575
 0.00669123 0.0109673 0.0166916 0.0238765 0.0323304 0.0415145 0.0505122 0.058252 0.0638866 0.0670502 0.0678404 0.0666285 0.0638834 0.0600791 0.0556486 0.0509522 0.0462584 0.0417388 0.0374645 0.0333994 0.0294084 0.0253123 0.0209939 0.0165078 0.0121117
 0.00689599 0.0112993 0.0171892 0.0245738 0.0332496 0.0426552 0.0518419 0.059706 0.0653816 0.0685042 0.0691854 0.06781 0.0648514 0.0607797 0.0560237 0.0509469 0.0458305 0.0408665 0.0361536 0.0316923 0.0273972 0.0231446 0.0188588 0.0145964 0.0105663
 0.00711244 0.0116596 0.0177462 0.02538 0.0343432 0.0440404 0.0534694 0.0614702 0.0671394 0.0701086 0.0705183 0.0687996 0.0654725 0.0610396 0.0559428 0.0505403 0.0451005 0.0398076 0.0347669 0.0300059 0.0254836 0.0211275 0.0168993 0.0128576 0.00916843
 0.00733541 0.0120291 0.0183154 0.0262024 0.0354615 0.0454676 0.0551698 0.0633498 0.0690558 0.0718966 0.0720197 0.0698913 0.0660839 0.0611592 0.0556079 0.0498152 0.0440518 0.0384877 0.0332145 0.0282612 0.0236097 0.0192237 0.0150943 0.0112814 0.00791491
 0.00761576 0.0124658 0.0189377 0.0270267 0.0364913 0.0466932 0.0565633 0.0648595 0.0706045 0.0733856 0.073339 0.0709321 0.0667546 0.0614004 0.0554034 0.0491919 0.0430677 0.0372145 0.0317238 0.0266217 0.0218958 0.0175256 0.0135163 0.00992369 0.00684629
 0.0077574 0.0127035 0.0193082 0.0275659 0.037224 0.0476178 0.0576415 0.0660193 0.0717598 0.0744606 0.0742807 0.071705 0.0673255 0.0617299 0.0554496 0.0489249 0.0424831 0.0363385 0.0306085 0.025337 0.020524 0.016158 0.0122472 0.00883615 0.00599402
 0.00774836 0.0126998 0.0193242 0.0276249 0.0373563 0.0478557 0.0580112 0.0665321 0.072405 0.0752029 0.0750655 0.072469 0.0680091 0.062282 0.0558265 0.049088 0.0424023 0.0360009 0.0300269 0.0245539 0.0196076 0.0151936 0.0113242 0.0080318 0.00535807
 0.00776966 0.0127291 0.0193592 0.0276621 0.0373952 0.0479038 0.0580869 0.0666633 0.0726204 0.0755211 0.0754853 0.0729658 0.0685387 0.0627896 0.0562563 0.0493901 0.0425366 0.0359405 0.0297638 0.0241047 0.0190162 0.0145266 0.0106582 0.00743656 0.00488055
 0.00770355 0.0126192 0.0191897 0.0274184 0.0370686 0.0474995 0.0576318 0.0662084 0.0722351 0.0752796 0.0754488 0.0731669 0.0689701 0.0634035 0.0569735 0.0501166 0.0431821 0.0364325 0.0300572 0.0241866 0.0189073 0.014276 0.0103324 0.00710247 0.00459005
 0.00778333 0.0127327 0.0193301 0.0275671 0.0371988 0.0475817 0.0576406 0.0661283 0.072066 0.0750414 0.0751826 0.072929 0.068819 0.0633818 0.0570935 0.0503545 0.0434831 0.0367269 0.0302791 0.0242912 0.0188808 0.0141365 0.0101216 0.0068705 0.00437984
 0.00776703 0.0127048 0.0192851 0.0274981 0.0370977 0.0474404 0.0574538 0.0658966 0.071799 0.0747598 0.0749173 0.0727171 0.0686977 0.063381 0.0572284 0.0506185 0.0438452 0.0371343 0.0306685 0.0246049 0.0190821 0.0142187 0.0101058 0.00679469 0.00428348
 0.00767939 0.0125771 0.01912 0.0273074 0.0368977 0.0472466 0.0572749 0.0657344 0.0716509 0.0746227 0.0747923 0.072612 0.0686282 0.0633681 0.0572931 0.0507743 0.0440898 0.0374457 0.0310066 0.0249212 0.0193341 0.0143826 0.0101821 0.00680391 0.00425478
 0.00766736 0.0125446 0.0190483 0.0271739 0.0366855 0.0469561 0.0569329 0.0653891 0.0713557 0.0744154 0.0746833 0.0725882 0.0686665 0.06345 0.0574121 0.0509341 0.0442965 0.0376979 0.031289 0.0252054 0.0195866 0.0145767 0.0103068 0.00686583 0.00427225
 0.00774407 0.0126475 0.0191621 0.0272688 0.0367225 0.0468986 0.0567583 0.0650985 0.070977 0.0740005 0.0742961 0.0722863 0.0684845 0.0633931 0.0574624 0.051065 0.0444843 0.0379249 0.0315397 0.025461 0.0198243 0.0147747 0.0104515 0.00695613 0.00431825
 0.00781414 0.0127646 0.0193423 0.0275241 0.0370524 0.047279 0.0571361 0.0653982 0.0711236 0.0739475 0.0740449 0.0718864 0.0680146 0.0629349 0.0570777 0.0507855 0.0443142 0.0378511 0.0315413 0.0255146 0.019906 0.0148619 0.0105265 0.0070094 0.00434896
 0.00774798 0.0126599 0.0191915 0.0273251 0.0368126 0.0470189 0.0568889 0.0652022 0.0710067 0.0739136 0.0740713 0.0719366 0.0680589 0.0629652 0.0571081 0.0508405 0.0444136 0.0380004 0.0317311 0.0257256 0.0201155 0.0150495 0.010678 0.00711907 0.00441955
 0.00778231 0.0127067 0.019245 0.0273738 0.0368419 0.0470161 0.0568479 0.0651267 0.0709101 0.0738147 0.073987 0.0718745 0.0680141 0.0629249 0.0570623 0.0507903 0.0443723 0.0379855 0.0317544 0.025787 0.0202038 0.0151474 0.010769 0.00719199 0.00447048
 0.00769654 0.0125737 0.0190569 0.0271276 0.0365401 0.046667 0.0564676 0.0647406 0.0705524 0.0735239 0.0737993 0.0718149 0.0680894 0.0631198 0.0573437 0.0511174 0.0447094 0.0383099 0.0320562 0.0260631 0.020451 0.0153601 0.0109411 0.00732052 0.0045578
 0.00776446 0.0126776 0.0192005 0.0273091 0.0367508 0.0468913 0.056682 0.0649152 0.0706553 0.0735299 0.0736989 0.0716198 0.0678312 0.0628417 0.0570866 0.0509093 0.0445607 0.0382172 0.0320099 0.0260529 0.0204676 0.0153942 0.0109828 0.00736075 0.00459045
 0.00785194 0.0128015 0.0193531 0.0274718 0.0368997 0.0470055 0.0567507 0.0649383 0.0706395 0.0734823 0.0736233 0.0715168 0.0677019 0.0626919 0.0569297 0.0507637 0.0444438 0.0381397 0.0319733 0.0260512 0.020491 0.015432 0.0110252 0.00740021 0.00462209
 0.00768792 0.0125717 0.0190746 0.0271816 0.0366413 0.04681 0.0566239 0.0648632 0.070592 0.0734493 0.0736091 0.0715366 0.0677678 0.0628043 0.057077 0.0509299 0.0446161 0.0383111 0.0321406 0.0262115 0.0206396 0.0155631 0.0111337 0.00748333 0.00468058
 0.00761332 0.0124398 0.0188591 0.0268582 0.0362019 0.0462793 0.0560672 0.0643737 0.0702575 0.0733161 0.0736674 0.0717353 0.0680459 0.063115 0.0573944 0.0512424 0.044917 0.0385946 0.0324013 0.026445 0.0208426 0.0157327 0.0112681 0.00758318 0.00474918
 0.00763944 0.0124702 0.0188816 0.0268511 0.0361369 0.0461278 0.0558112 0.064017 0.0698341 0.0728888 0.0733122 0.0715155 0.067989 0.0632068 0.0575932 0.0514999 0.0451946 0.0388679 0.0326566 0.0266747 0.0210415 0.0158978 0.0113981 0.00767915 0.00481486
 0.00767072 0.0125187 0.0189495 0.0269365 0.0362315 0.0462146 0.0558632 0.0640016 0.0697229 0.0726714 0.0730069 0.07117 0.0676679 0.0629703 0.0574762 0.0515043 0.0452954 0.0390282 0.0328419 0.0268593 0.0212097 0.0160407 0.0115119 0.00776368 0.00487294
 0.00764407 0.0124762 0.0188871 0.0268521 0.0361251 0.0460901 0.0557285 0.063866 0.069593 0.0725477 0.0728844 0.0710444 0.0675443 0.0628672 0.0574215 0.0515227 0.0453967 0.039202 0.0330621 0.0270945 0.0214323 0.0162323 0.0116636 0.00787455 0.0049476
 0.00757707 0.0123718 0.0187389 0.0266573 0.0358864 0.0458163 0.0554359 0.0635785 0.0693383 0.0723507 0.0727607 0.0709967 0.0675636 0.0629394 0.0575352 0.0516743 0.0455878 0.0394328 0.0333241 0.0273695 0.0216968 0.0164648 0.0118507 0.00801225 0.00504024
 0.00768819 0.0125293 0.0189328 0.0268637 0.0360731 0.0459536 0.0555051 0.0635737 0.0692642 0.0722181 0.072584 0.0707926 0.0673499 0.0627333 0.0573513 0.0515246 0.0454822 0.0393784 0.033323 0.0274159 0.0217767 0.0165595 0.0119422 0.00808841 0.00509592
 0.00777096 0.012663 0.0191307 0.0271333 0.03641 0.0463339 0.0558822 0.0638862 0.0694537 0.0722508 0.0724616 0.0705476 0.0670296 0.0623839 0.0570092 0.0512146 0.0452202 0.0391739 0.0331804 0.0273334 0.0217459 0.0165663 0.01197 0.0081224 0.0051262
 0.00766621 0.0125161 0.0189534 0.0269525 0.0362614 0.0462511 0.0558858 0.0639771 0.0696122 0.072441 0.0726408 0.0706795 0.0670953 0.0623858 0.0569656 0.0511503 0.0451578 0.0391293 0.0331623 0.027344 0.0217814 0.0166183 0.0120279 0.00817605 0.00516902
 0.00754744 0.0123371 0.0187116 0.0266579 0.035938 0.045936 0.0556259 0.0638208 0.0695957 0.0725727 0.0728946 0.071001 0.0674205 0.0626612 0.0571626 0.0512674 0.045213 0.0391492 0.0331711 0.0273581 0.0218079 0.0166564 0.0120717 0.00821823 0.00520391
 0.00749744 0.0122503 0.0185715 0.026448 0.0356485 0.0455734 0.0552203 0.0634256 0.0692757 0.072386 0.0728749 0.0711478 0.0676998 0.0630164 0.0575313 0.0515983 0.0454778 0.0393436 0.0333081 0.0274572 0.0218859 0.0167231 0.01213 0.00826721 0.00524173
 0.00748514 0.0122304 0.0185412 0.0264029 0.0355815 0.0454744 0.0550783 0.0632344 0.0690418 0.0721342 0.0726468 0.0709905 0.0676497 0.0630849 0.0577003 0.051828 0.0457216 0.0395638 0.0334849 0.0275885 0.0219806 0.0167927 0.0121831 0.00830816 0.00527225
 0.00750166 0.012243 0.018534 0.0263534 0.0354672 0.0452829 0.0548154 0.0629235 0.0687162 0.0718269 0.0723851 0.0707973 0.0675456 0.0630866 0.057814 0.0520418 0.0460054 0.0398761 0.0337858 0.0278498 0.0221899 0.0169505 0.0122968 0.00838687 0.00532432
 0.00751499 0.0122699 0.0185831 0.0264324 0.0355772 0.0454109 0.0549314 0.0629868 0.0686905 0.0716971 0.0721646 0.0705229 0.0672644 0.0628431 0.0576419 0.0519604 0.0460162 0.0399637 0.0339222 0.0280031 0.0223338 0.0170695 0.0123861 0.008449 0.00536475
 0.00759005 0.0123809 0.0187301 0.0266093 0.0357745 0.0456194 0.0551426 0.063189 0.0688637 0.0718115 0.0721876 0.0704328 0.0670625 0.0625576 0.05732 0.0516533 0.0457651 0.0397907 0.0338281 0.0279728 0.0223442 0.0170983 0.0124176 0.00847508 0.00538322
 0.00761443 0.0124208 0.01879 0.0266924 0.0358805 0.0457424 0.0552706 0.063307 0.0689583 0.0718755 0.0722188 0.070429 0.0670181 0.0624662 0.0571823 0.0514833 0.0455889 0.0396373 0.0337189 0.0279146 0.0223297 0.0171121 0.0124435 0.00850139 0.00540394
 0.0076748 0.012515 0.0189242 0.0268695 0.036099 0.0459954 0.0555439 0.0635784 0.0692003 0.0720602 0.0723247 0.0704457 0.0669468 0.062317 0.0569701 0.0512263 0.0453089 0.0393597 0.0334693 0.0277124 0.0221832 0.0170178 0.01239 0.00847478 0.00539256
 0.00773837 0.0126043 0.019033 0.0269835 0.0362011 0.0460728 0.0555939 0.0636085 0.0692237 0.0720883 0.0723619 0.0704869 0.0669801 0.0623279 0.0569468 0.0511635 0.0452096 0.0392351 0.033336 0.0275884 0.0220827 0.0169473 0.0123478 0.00845395 0.00538469
 0.00769499 0.0125564 0.0190015 0.0269991 0.0362923 0.0462497 0.0558369 0.0638722 0.0694549 0.0722489 0.0724409 0.0704974 0.0669452 0.0622668 0.0568686 0.0510688 0.0450964 0.0391046 0.0331955 0.02745 0.0219597 0.0168494 0.0122785 0.00841052 0.00536074
 0.00733625 0.0119844 0.0181654 0.0258695 0.0348793 0.0446233 0.0541403 0.0623066 0.0682318 0.0715274 0.0722861 0.0708775 0.0677603 0.0633866 0.0581604 0.0524137 0.0463975 0.0402911 0.0342238 0.0283013 0.0226347 0.017362 0.01265 0.00866562 0.00552502
 0.0071545 0.0116787 0.0176864 0.0251655 0.0339084 0.0433739 0.052653 0.0606868 0.0666412 0.0701564 0.0713135 0.0704303 0.0678849 0.0640422 0.0592359 0.0537601 0.0478615 0.0417391 0.0355551 0.0294517 0.0235737 0.0180868 0.013178 0.00902689 0.00575563
 0.00703862 0.0114834 0.017379 0.024709 0.0332664 0.0425202 0.0515844 0.0594334 0.0652716 0.0687771 0.0700615 0.0694563 0.0673263 0.0639897 0.0597076 0.0546938 0.0491302 0.0431834 0.0370178 0.0308048 0.024732 0.0190099 0.0138638 0.00950079 0.00605898
 0.00702226 0.0114539 0.0173279 0.0246237 0.0331284 0.042305 0.0512625 0.0589751 0.0646556 0.0680026 0.0691606 0.0685022 0.0664313 0.0632877 0.0593236 0.0547083 0.0495527 0.0439472 0.0380002 0.0318615 0.0257334 0.019865 0.0145287 0.00997383 0.00636695
 0.00711001 0.0115885 0.0175149 0.024861 0.0334047 0.042598 0.0515365 0.0591808 0.0647349 0.0678986 0.0688325 0.0679411 0.0656729 0.0624173 0.0584667 0.0540048 0.0491196 0.0438447 0.0382134 0.0323103 0.0263021 0.0204399 0.0150268 0.0103542 0.00662628
 0.007188 0.0117259 0.0177404 0.025205 0.0338891 0.0432205 0.0522583 0.0599251 0.0654013 0.0683856 0.0690579 0.0678547 0.0652634 0.0617178 0.057557 0.0530055 0.0481725 0.0430797 0.0377146 0.0320944 0.0263216 0.0206084 0.0152528 0.0105683 0.00679221
 0.00718008 0.0117307 0.0177812 0.0253164 0.0341105 0.0435848 0.0527779 0.0605821 0.0661439 0.0691319 0.0697073 0.0683059 0.0654353 0.0615683 0.057095 0.052293 0.0473164 0.0422112 0.0369586 0.0315371 0.0259911 0.020476 0.0152552 0.0106364 0.00687347
 0.00711987 0.0116434 0.0176707 0.0251965 0.034006 0.0435302 0.0528138 0.0607483 0.0664663 0.0696083 0.0702975 0.068933 0.0659995 0.0619692 0.0572571 0.0521862 0.0469666 0.0416956 0.0363851 0.0310136 0.0255937 0.0202324 0.0151471 0.0106195 0.00690051
#obs surv len freq
 nan nan nan nan nan nan nan nan nan nan nan nan nan nan nan nan nan nan nan nan nan nan nan nan nan
 0.00448031 0.00733968 0.0111679 0.015983 0.0216835 0.0279596 0.0342749 0.0400076 0.0446888 0.0481543 0.0505138 0.0520111 0.0529048 0.0534184 0.0537336 0.0539892 0.0542683 0.0545614 0.0547004 0.0542924 0.0527303 0.0493621 0.0438112 0.0362904 0.027673
 0.00461308 0.00755673 0.0114964 0.0164483 0.0223025 0.0287319 0.0351731 0.0409746 0.0456454 0.0490144 0.0512009 0.0524696 0.0531056 0.05336 0.0534377 0.0534928 0.0536148 0.0537936 0.0538574 0.0534111 0.0518495 0.0485247 0.043062 0.0356672 0.0271967
 0.00478778 0.00784061 0.0119234 0.0170499 0.0231017 0.0297334 0.0363529 0.042275 0.0469804 0.0502835 0.0523037 0.0533182 0.0536333 0.053528 0.0532383 0.052948 0.0527698 0.0527077 0.052597 0.0520467 0.0504567 0.0471846 0.0418549 0.0346594 0.0264251
 0.00497365 0.00814854 0.0123975 0.0177344 0.0240319 0.0309215 0.037773 0.0438593 0.0486284 0.0518812 0.0537404 0.0544957 0.05447 0.0539613 0.0532295 0.0524867 0.0518765 0.0514326 0.0510161 0.0502581 0.0485765 0.0453414 0.0401759 0.0332487 0.0253411
 0.00518915 0.00849851 0.0129239 0.0184773 0.0250235 0.0321753 0.039272 0.0455486 0.0504194 0.0536643 0.0554 0.0559214 0.0555645 0.0546445 0.0534417 0.0521911 0.0510639 0.0501272 0.0492807 0.0481973 0.0463348 0.0430911 0.0380936 0.0314815 0.0239747
 0.00540821 0.00885942 0.0134758 0.0192688 0.0260926 0.0335346 0.0408942 0.0473624 0.0523218 0.0555415 0.057144 0.057437 0.0567667 0.055457 0.0537963 0.0520325 0.0503563 0.0488649 0.0475013 0.0459935 0.0438593 0.0405452 0.0356959 0.0294216 0.0223688
 0.00564917 0.00925204 0.0140687 0.0201083 0.0272152 0.0349536 0.0425854 0.0492575 0.0543163 0.0575133 0.0589734 0.0590191 0.0580165 0.0563069 0.0541904 0.0519219 0.0496998 0.0476392 0.0457194 0.0437271 0.0412529 0.0378109 0.0330792 0.0271455 0.0205781
 0.00588615 0.00964221 0.0146649 0.0209626 0.0283685 0.0364196 0.0443339 0.0512102 0.056359 0.0595188 0.0608222 0.0606097 0.0592672 0.0571533 0.0545818 0.0518161 0.0490607 0.0464416 0.0439651 0.04147 0.0386218 0.0350124 0.0303668 0.0247604 0.0186851
 0.00612795 0.0100369 0.0152622 0.0218104 0.0295045 0.0378575 0.0460485 0.0531308 0.0583776 0.0615095 0.0626611 0.0621891 0.0605014 0.057979 0.0549536 0.0516998 0.0484283 0.0452727 0.0422598 0.0392729 0.0360475 0.0322537 0.0276708 0.0223704 0.0167742
 0.00638902 0.0104653 0.015914 0.0227394 0.0307507 0.0394293 0.0479057 0.0551802 0.0604884 0.0635401 0.0644836 0.0637016 0.0616297 0.0586726 0.0551808 0.051441 0.0476703 0.0440079 0.040496 0.0370543 0.0334799 0.0295165 0.0249976 0.0199962 0.01487
 0.00662504 0.0108537 0.0165074 0.0235899 0.0319 0.0408923 0.0496536 0.0571336 0.0625266 0.0655241 0.066279 0.0651949 0.0627367 0.0593393 0.0553784 0.0511582 0.0469053 0.0427651 0.0387928 0.0349379 0.0310501 0.0269375 0.0224827 0.0177614 0.0130743
 0.00681742 0.0111708 0.0169927 0.0242875 0.0328466 0.0421048 0.051115 0.0587868 0.0642813 0.067271 0.0679061 0.0665984 0.0638278 0.0600497 0.0556625 0.0509917 0.046281 0.0416893 0.0372877 0.0330538 0.0288819 0.0246343 0.0202351 0.0157618 0.0114649
 0.00703751 0.0115282 0.0175297 0.0250427 0.033847 0.0433536 0.0525799 0.0603964 0.0659355 0.0688615 0.0693335 0.0677816 0.0647052 0.0605764 0.0558081 0.050738 0.0456211 0.040629 0.0358494 0.031287 0.0268761 0.022525 0.0181916 0.0139527 0.0100132
 0.00728631 0.0119329 0.0181387 0.0258991 0.0349782 0.0447558 0.0542031 0.062142 0.067673 0.0704564 0.0706737 0.0687904 0.0653412 0.0608267 0.0556779 0.0502412 0.0447743 0.039451 0.0343676 0.0295491 0.0249628 0.0205557 0.0163126 0.0123072 0.00870295
 0.00743895 0.0121937 0.0185544 0.0265206 0.0358492 0.0458944 0.0555839 0.0636901 0.0692749 0.071983 0.0720036 0.0698269 0.0660209 0.0611206 0.0555867 0.0497864 0.0439873 0.0383666 0.0330246 0.0279985 0.0232789 0.0188415 0.0146914 0.010897 0.00758584
 0.00749767 0.0122916 0.0187076 0.0267496 0.0361789 0.0463525 0.0561957 0.0644686 0.0702104 0.0730346 0.0730983 0.0708688 0.066909 0.0617673 0.0559316 0.0498011 0.0436719 0.0377427 0.0321302 0.0268868 0.0220224 0.0175336 0.0134384 0.00979888 0.00671194
 0.00758666 0.0124228 0.0188806 0.0269565 0.0364091 0.0465996 0.0564627 0.0647703 0.0705691 0.0734723 0.0736257 0.0714736 0.0675492 0.0623744 0.0564239 0.050102 0.0437264 0.0375261 0.0316497 0.0261791 0.0211506 0.0165818 0.0125014 0.00896461 0.00604169
 0.007671 0.0125563 0.0190737 0.0272143 0.0367274 0.0469616 0.0568382 0.0651214 0.0708641 0.0737003 0.0738026 0.0716344 0.0677286 0.0625864 0.0566507 0.0502959 0.0438247 0.0374709 0.0314058 0.0257452 0.0205607 0.0158996 0.0118062 0.00833248 0.00552745
 0.00769963 0.012601 0.0191379 0.0273004 0.0368373 0.0470962 0.0569964 0.065298 0.0710486 0.0738783 0.0739616 0.0717702 0.067849 0.0627079 0.0567862 0.0504418 0.0439544 0.0375402 0.0313684 0.0255716 0.020252 0.0154898 0.0113526 0.00789821 0.00516215
 0.00775437 0.0126826 0.0192469 0.0274324 0.0369842 0.0472488 0.0571459 0.0654373 0.0711726 0.0739839 0.0740472 0.071835 0.0678939 0.0627371 0.056807 0.0504613 0.0439721 0.037542 0.0313286 0.025463 0.0200605 0.0152247 0.0110461 0.0075937 0.00489876
 0.00779551 0.0127462 0.019336 0.027547 0.0371201 0.0473972 0.0572939 0.0655696 0.0712755 0.0740504 0.0740787 0.0718399 0.067883 0.0627193 0.0567882 0.0504442 0.0439559 0.037521 0.0312903 0.0253911 0.0199421 0.015059 0.0108482 0.00739034 0.00471742
 0.00784422 0.012817 0.0194272 0.0276516 0.0372283 0.0474993 0.057383 0.0656416 0.0713285 0.0740831 0.0740909 0.0718332 0.0678619 0.0626902 0.0567576 0.0504168 0.0439328 0.0374989 0.0312617 0.0253454 0.01987 0.0149573 0.0107239 0.00725884 0.0045968
 0.00788923 0.0128907 0.0195382 0.0278065 0.0374279 0.0477344 0.0576317 0.0658724 0.0715088 0.0741899 0.0741172 0.0717875 0.0677617 0.0625555 0.0566068 0.0502646 0.0437893 0.0373689 0.0311447 0.0252365 0.0197627 0.0148473 0.0106122 0.00715188 0.00450351
 0.0078811 0.0128796 0.0195258 0.0277966 0.0374266 0.0477496 0.0576714 0.0659414 0.0716051 0.074303 0.0742295 0.07188 0.0678204 0.0625761 0.0565937 0.0502276 0.043739 0.0373137 0.031089 0.0251807 0.0197047 0.0147854 0.010547 0.00708744 0.00444568
 0.00787463 0.0128622 0.0194877 0.0277254 0.0373126 0.0475925 0.0574853 0.0657547 0.0714529 0.074216 0.0742237 0.0719529 0.0679533 0.0627411 0.0567634 0.0503814 0.0438664 0.0374123 0.0311607 0.0252285 0.0197311 0.0147926 0.0105384 0.00706823 0.00442216
 0.00786886 0.0128493 0.0194614 0.027677 0.0372321 0.0474711 0.0573198 0.0655509 0.0712285 0.0739996 0.0740504 0.0718547 0.0679488 0.0628296 0.0569251 0.0505855 0.0440809 0.0376118 0.03133 0.0253614 0.0198274 0.0148557 0.0105737 0.00708286 0.00442362
 0.00789115 0.0128802 0.0194977 0.0277117 0.0372553 0.047472 0.0572885 0.0654806 0.0711169 0.0738515 0.0738795 0.0716836 0.0678057 0.0627406 0.056906 0.0506361 0.0441859 0.0377469 0.03147 0.025487 0.0199274 0.0149269 0.0106186 0.00710681 0.00443336
 0.00787317 0.0128535 0.0194621 0.0276684 0.0372055 0.0474163 0.0572257 0.0654085 0.0710338 0.0737577 0.073779 0.071584 0.0677186 0.06268 0.056886 0.0506664 0.0442673 0.0378696 0.0316156 0.0256343 0.0200585 0.0150309 0.0106923 0.00715349 0.00445939
 0.0078688 0.0128426 0.0194389 0.0276257 0.0371378 0.0473225 0.0571124 0.0652883 0.0709212 0.0736636 0.0737077 0.0715342 0.0676871 0.0626658 0.0568918 0.0506978 0.0443295 0.037963 0.0317337 0.025764 0.0201842 0.0151392 0.0107755 0.00721056 0.00449424
 0.00783968 0.0127965 0.0193716 0.0275342 0.03702 0.0471788 0.0569466 0.0651097 0.0707445 0.0735074 0.0735901 0.0714685 0.0676777 0.0627081 0.0569757 0.0508123 0.0444656 0.0381146 0.0318947 0.0259261 0.0203369 0.0152717 0.0108805 0.0072858 0.00454278
 0.00782221 0.0127648 0.019318 0.0274499 0.0368981 0.0470175 0.0567528 0.0648987 0.0705368 0.0733236 0.0734471 0.0713781 0.0676466 0.0627375 0.0570607 0.0509428 0.0446284 0.038296 0.0320823 0.0261092 0.0205055 0.0154171 0.0109966 0.0073707 0.00459912
 0.00778875 0.0127095 0.0192333 0.0273281 0.0367331 0.0468081 0.0565049 0.0646275 0.0702654 0.0730786 0.0732543 0.0712572 0.0676085 0.0627831 0.0571823 0.051126 0.0448551 0.0385466 0.0323382 0.0263538 0.0207254 0.0156027 0.0111427 0.00747698 0.00466994
 0.0077677 0.0126746 0.0191792 0.0272494 0.0366249 0.0466674 0.0563328 0.0644301 0.0700536 0.0728677 0.073062 0.0711024 0.0675083 0.0627503 0.0572221 0.0512351 0.0450223 0.0387549 0.0325675 0.0265841 0.0209392 0.0157869 0.0112897 0.00758509 0.00474274
 0.00772124 0.0126006 0.0190709 0.0271018 0.0364365 0.0464417 0.0560801 0.0641675 0.069802 0.0726477 0.07289 0.0709892 0.0674604 0.0627704 0.0573101 0.051387 0.045229 0.0390022 0.0328367 0.0268545 0.021191 0.0160044 0.0114634 0.00771287 0.0048288
 0.00771015 0.0125769 0.0190249 0.0270213 0.03631 0.0462637 0.0558555 0.0639124 0.0695403 0.072405 0.0726881 0.0708437 0.0673799 0.062758 0.0573644 0.0515032 0.0453995 0.0392157 0.033078 0.027105 0.0214312 0.016217 0.0116367 0.00784242 0.00491714
 0.007667 0.0125125 0.0189383 0.0269144 0.0361854 0.0461225 0.0556964 0.063734 0.0693451 0.072203 0.072497 0.0706851 0.0672737 0.0627171 0.0573933 0.0515989 0.0455534 0.0394152 0.0333078 0.0273473 0.0216671 0.0164291 0.0118122 0.00797526 0.00500875
 0.00764904 0.0124804 0.0188849 0.0268323 0.0360697 0.0459746 0.0555259 0.0635569 0.0691782 0.0720572 0.072376 0.0705884 0.0672022 0.0626768 0.0573931 0.0516467 0.0456518 0.0395602 0.0334888 0.0275489 0.0218714 0.0166185 0.0119728 0.00809954 0.00509601
 0.00764596 0.0124763 0.0188802 0.0268269 0.036062 0.0459601 0.0554975 0.0635071 0.0691031 0.0719591 0.0722637 0.0704737 0.0670962 0.0625878 0.057328 0.0516124 0.0456551 0.0396048 0.0335732 0.0276649 0.0220053 0.0167541 0.0120954 0.00819882 0.00516826
 0.00763461 0.0124607 0.0188621 0.0268098 0.03605 0.0459563 0.0555024 0.0635173 0.0691112 0.0719562 0.0722417 0.0704289 0.0670313 0.062511 0.057251 0.0515473 0.0456123 0.0395923 0.0335945 0.0277182 0.0220828 0.0168437 0.0121835 0.0082748 0.00522612
 0.00759272 0.0123959 0.0187711 0.0266925 0.0359106 0.0458041 0.0553518 0.063386 0.0690162 0.071908 0.0722408 0.070466 0.0670916 0.0625802 0.0573195 0.0516122 0.0456763 0.039661 0.0336729 0.0278082 0.0221817 0.0169444 0.0122772 0.00835347 0.00528543
 0.00756072 0.012344 0.0186934 0.0265842 0.0357697 0.0456336 0.0551621 0.0631948 0.0688457 0.0717796 0.0721697 0.0704578 0.0671415 0.062675 0.0574417 0.0517454 0.0458091 0.039788 0.033794 0.0279247 0.0222937 0.0170494 0.0123702 0.00842969 0.00534236
 0.00756326 0.0123428 0.0186817 0.0265524 0.0357075 0.0455342 0.0550254 0.0630295 0.0686673 0.071608 0.0720251 0.0703577 0.0670972 0.0626892 0.0575083 0.0518511 0.0459377 0.0399249 0.0339288 0.0280518 0.0224101 0.0171529 0.0124584 0.0085003 0.00539449
 0.00754706 0.012321 0.0186569 0.0265286 0.035688 0.0455175 0.0550041 0.0629918 0.0686027 0.0715133 0.0719079 0.0702348 0.0669895 0.0626157 0.0574808 0.0518721 0.0460009 0.040018 0.0340377 0.0281641 0.0225168 0.0172481 0.0125385 0.00856346 0.00544061
 0.00754992 0.0123261 0.0186655 0.0265427 0.0357098 0.0455493 0.0550466 0.0630421 0.0686528 0.0715496 0.0719153 0.0702025 0.0669169 0.0625146 0.0573714 0.0517762 0.0459344 0.0399876 0.0340409 0.0281924 0.0225598 0.0172961 0.0125844 0.00860247 0.00547056
 0.00751437 0.012273 0.0185943 0.0264562 0.0356142 0.0454528 0.0549589 0.0629736 0.0686125 0.0715427 0.07194 0.0702497 0.0669725 0.0625646 0.0574078 0.0518 0.045954 0.0400134 0.0340799 0.0282453 0.0226219 0.0173599 0.0126425 0.00865011 0.00550583
 0.0075199 0.0122761 0.0185884 0.0264322 0.0355638 0.045373 0.0548558 0.0628617 0.0685106 0.0714675 0.0719014 0.0702491 0.0670035 0.062616 0.0574668 0.051856 0.0460022 0.0400549 0.0341196 0.0282881 0.0226691 0.0174092 0.0126892 0.00868983 0.00553601
 0.00751715 0.0122729 0.0185854 0.02643 0.0355607 0.0453646 0.0548342 0.0628188 0.0684427 0.0713798 0.0718082 0.0701688 0.0669521 0.0626008 0.0574854 0.0518988 0.0460572 0.0401125 0.034175 0.0283403 0.0227187 0.0174559 0.0127315 0.00872532 0.00556308
 0.00749352 0.012238 0.0185397 0.0263763 0.035504 0.0453104 0.0547872 0.0627812 0.0684136 0.0713552 0.0717832 0.0701418 0.0669268 0.0625854 0.0574886 0.0519251 0.0461048 0.0401746 0.034243 0.0284073 0.0227805 0.0175104 0.0127774 0.00876178 0.00558997
 0.00750158 0.0122473 0.0185467 0.0263758 0.0354911 0.0452831 0.0547484 0.0627382 0.068375 0.0713267 0.0717655 0.0701307 0.0669166 0.0625727 0.0574751 0.0519161 0.0461062 0.0401897 0.0342709 0.0284437 0.02282 0.0175485 0.012811 0.00878906 0.00561034
 0.00750158 0.0122473 0.0185467 0.0263758 0.0354911 0.0452831 0.0547484 0.0627382 0.068375 0.0713267 0.0717655 0.0701307 0.0669166 0.0625727 0.0574751 0.0519161 0.0461062 0.0401897 0.0342709 0.0284437 0.02282 0.0175485 0.012811 0.00878906 0.00561034
 0.00713033 0.0116621 0.0177024 0.0252488 0.0340908 0.0436658 0.0530291 0.0610855 0.0669814 0.0703622 0.0713363 0.0702597 0.0675488 0.0635977 0.0587564 0.0533194 0.0475187 0.0415279 0.035479 0.0294881 0.0236837 0.0182285 0.0133168 0.00914176 0.00583879
 0.00708906 0.0115511 0.0174548 0.0247771 0.0333105 0.0425332 0.0515747 0.0594235 0.0652884 0.0688372 0.0701597 0.0695638 0.0673993 0.0639873 0.0596102 0.0545138 0.0489084 0.0429729 0.0368641 0.0307308 0.0247345 0.0190663 0.0139447 0.00958103 0.00612364
 0.00705295 0.0115001 0.0173888 0.0246911 0.0331838 0.042318 0.0511967 0.0588038 0.0643828 0.0676757 0.0688611 0.0683124 0.0663951 0.0633905 0.0595041 0.0548927 0.0496895 0.044024 0.0380369 0.0318905 0.0257788 0.0199332 0.0146106 0.0100541 0.00643312
 0.00700718 0.011432 0.0172983 0.0245833 0.033067 0.0422002 0.0510781 0.0586672 0.0641872 0.0673619 0.0683752 0.067642 0.0655976 0.0625931 0.0588683 0.0545597 0.0497337 0.0444337 0.0387259 0.0327313 0.0266404 0.0207111 0.0152421 0.010519 0.00674439
 0.00706934 0.0115329 0.0174495 0.024794 0.033341 0.042531 0.0514444 0.0590316 0.0644991 0.0675627 0.0684046 0.0674481 0.0651538 0.0619207 0.0580498 0.0537301 0.0490434 0.0439999 0.0385955 0.0328729 0.0269664 0.0211148 0.0156322 0.0108387 0.00697365
 0.00712623 0.0116373 0.0176281 0.0250775 0.0337551 0.0430824 0.0521091 0.0597523 0.0651958 0.0681496 0.0688057 0.0676055 0.0650317 0.0615103 0.0573792 0.0528725 0.0481143 0.0431345 0.0379116 0.0324353 0.026773 0.021109 0.0157337 0.0109744 0.00709585
 0.00714929 0.0116826 0.0177117 0.0252211 0.0339835 0.043418 0.0525634 0.0603181 0.0658417 0.0688193 0.0694236 0.0680886 0.0653052 0.0615225 0.0571116 0.0523472 0.0473962 0.0423247 0.0371277 0.031781 0.0263091 0.0208413 0.0156232 0.0109621 0.00712727
 0.00712183 0.0116416 0.0176574 0.0251584 0.0339237 0.0433801 0.0525742 0.060409 0.0660405 0.0691388 0.0698514 0.068582 0.0657957 0.0619283 0.0573572 0.0523825 0.0472122 0.0419593 0.0366575 0.0313002 0.0259004 0.0205526 0.0154595 0.0108961 0.00711945
#pred catch len freq
 0.00312777 0.00508409 0.00768403 0.0109763 0.0150043 0.0197587 0.0251165 0.0308315 0.0365842 0.0420458 0.0469259 0.0510093 0.0541852 0.0564552 0.0579134 0.0587192 0.0590758 0.0591926 0.0591925 0.0589584 0.0580046 0.0555335 0.0507766 0.0435019 0.0343427
 0.00334755 0.00538319 0.00802866 0.0113042 0.0152488 0.0198824 0.0251326 0.0307943 0.0365532 0.042048 0.0469447 0.0510073 0.0541451 0.0564085 0.0579371 0.0588991 0.0594532 0.0597208 0.0597278 0.0592997 0.057973 0.0550549 0.049922 0.0424576 0.0333263
 0.00341462 0.00552787 0.00830735 0.0117784 0.0159548 0.0207925 0.0261358 0.0317209 0.0372412 0.0424124 0.047002 0.050843 0.0538561 0.0560669 0.057593 0.0585997 0.0592447 0.0596208 0.0596901 0.0592084 0.0576849 0.0544744 0.0490617 0.0414404 0.032328
 0.00353612 0.00571326 0.0085688 0.0121322 0.0164332 0.0214508 0.0270396 0.0329056 0.0386597 0.0439086 0.0483422 0.0518016 0.0543045 0.0560106 0.0571423 0.0579071 0.0584488 0.0588142 0.0589034 0.0584088 0.0568006 0.0534459 0.0478952 0.0402253 0.0312015
 0.00372101 0.00600508 0.0089912 0.0127006 0.0171525 0.0223149 0.0280338 0.0340143 0.0398731 0.0452152 0.0497011 0.0531097 0.0553951 0.0567009 0.0573068 0.05753 0.0576202 0.0576781 0.0575931 0.0570063 0.055336 0.0519315 0.0463689 0.0387712 0.0299293
 0.00394537 0.00636007 0.00950804 0.0134038 0.0180577 0.0234248 0.0293301 0.0354522 0.0413835 0.0467182 0.0511213 0.0543828 0.056458 0.0574735 0.0576888 0.0574253 0.0569806 0.0565322 0.0560388 0.0551738 0.0533522 0.0499094 0.0444183 0.0370064 0.0284546
 0.00418708 0.00674697 0.0100799 0.0141957 0.0190969 0.0247232 0.0308739 0.0371933 0.0432392 0.0485793 0.052868 0.0559017 0.0576561 0.0582827 0.0580571 0.0573053 0.05633 0.0553331 0.0543236 0.0530379 0.0509453 0.0474133 0.0420224 0.0348818 0.0267261
 0.00442555 0.00713281 0.0106583 0.0150107 0.0201869 0.0261118 0.0325571 0.0391281 0.0453409 0.0507282 0.0549231 0.0577185 0.0591053 0.0592645 0.0585062 0.0571843 0.0556194 0.0540288 0.0524502 0.0506713 0.0482296 0.0445554 0.0392617 0.0324408 0.0247604
 0.00468394 0.00754815 0.0112762 0.0158747 0.0213357 0.0275724 0.0343324 0.0411839 0.0475994 0.0530708 0.0572006 0.0597693 0.0607757 0.0604279 0.0590735 0.0571041 0.0548714 0.0526182 0.050412 0.0480879 0.0452506 0.0414032 0.0362044 0.0297354 0.0225884
 0.00499522 0.00803663 0.0119802 0.0168228 0.0225476 0.0290588 0.0360889 0.0431811 0.0497759 0.0553315 0.0594219 0.0618088 0.0624874 0.0616774 0.0597513 0.0571328 0.0542072 0.0512515 0.0483732 0.0454609 0.0421915 0.0381445 0.0330291 0.0269183 0.0203258
 0.00525062 0.0084549 0.0126156 0.0177285 0.0237664 0.0306083 0.0379455 0.0452752 0.052001 0.0575645 0.061541 0.0637013 0.0640504 0.0628161 0.0603792 0.0571747 0.0536048 0.0499732 0.0464278 0.0429177 0.0391984 0.0349321 0.0298827 0.0241175 0.0180724
 0.00544716 0.00877861 0.0131126 0.0184497 0.0247637 0.0319247 0.0395987 0.0472395 0.0541965 0.0598596 0.0637697 0.0656936 0.0656622 0.0639467 0.0609684 0.0571868 0.0530141 0.0487617 0.0445998 0.0405266 0.036373 0.0318851 0.0268858 0.0214412 0.0159144
 0.00565487 0.00910758 0.0135932 0.019109 0.025627 0.0330149 0.0409307 0.0488102 0.0559744 0.0617764 0.0657185 0.0675367 0.0672499 0.0651419 0.0616672 0.0573262 0.0525656 0.0477206 0.0429844 0.0383926 0.0338369 0.0291369 0.0241708 0.0190074 0.0139461
 0.00590327 0.00949978 0.0141621 0.0198783 0.0266087 0.0342052 0.0423049 0.0503209 0.0575573 0.063361 0.0672354 0.0689173 0.0684222 0.0660278 0.0621868 0.0574077 0.0521555 0.0467917 0.0415425 0.0364865 0.0315726 0.0266844 0.0217477 0.0168339 0.0121865
 0.00617172 0.00993065 0.0148003 0.020762 0.0277624 0.0356284 0.0439586 0.0521217 0.0593855 0.0650823 0.0687274 0.0700898 0.0692254 0.0664466 0.0622245 0.0570681 0.0514337 0.0456779 0.0400372 0.0346224 0.0294341 0.0244147 0.0195331 0.0148629 0.0105988
 0.00641817 0.0103281 0.0153935 0.0215928 0.0288646 0.0370178 0.0456177 0.053987 0.0613447 0.0669854 0.0704095 0.0714014 0.0700615 0.066764 0.0620392 0.0564336 0.0504134 0.0443253 0.0383943 0.0327352 0.0273763 0.0223021 0.0175158 0.0130926 0.00918606
