SBPRF35
12.7214
Curr Bio
850747
B35
866502
F35
0.173207
FOFL
0.173207
OFL
125063
Bzero
3.63469e+006
#pred survey bio
 3.12687e+006 2.84341e+006 2.60141e+006 2.35616e+006 2.1e+006 1.845e+006 1.61792e+006 1.41716e+006 1.25648e+006 1.13482e+006 1.00296e+006 877216 789470 729199 668917 626472 587675 560745 540906 528318 524174 523079 513618 517910 515584 529982 536746 542646 555499 562425 575724 592718 608839 610042 618523 625972 634613 643255 651421 650352 657965 659963 661090 665121 675708 687393 709575 787058 856808 2.05603e+007 1.9018e+007 1.9442e+007 2.02687e+007 2.1355e+007 2.25261e+007 2.3652e+007 2.46569e+007 2.55095e+007 2.62077e+007 2.67655e+007 2.72035e+007 2.75434e+007 2.78054e+007 2.80066e+007 2.81608e+007 2.8279e+007 2.83699e+007 2.844e+007 2.84942e+007 2.85364e+007 2.85693e+007 2.85951e+007 2.86154e+007 2.86315e+007 2.86443e+007 2.86544e+007 2.86625e+007 2.8669e+007 2.86742e+007 2.86785e+007 2.86818e+007 2.86846e+007 2.86868e+007 2.86886e+007 2.86901e+007 2.86913e+007 2.86923e+007 2.86931e+007 2.86937e+007 2.86942e+007 2.86947e+007 2.8695e+007 2.86953e+007 2.86956e+007 2.86957e+007 2.86959e+007 2.8696e+007 2.86961e+007 2.86962e+007 2.86963e+007 2.86964e+007 2.86964e+007 2.86964e+007 2.86965e+007 2.86965e+007 2.86965e+007 2.86965e+007 2.86966e+007 2.86966e+007 2.86966e+007 2.86966e+007 2.86966e+007 2.86966e+007 2.86966e+007 2.86966e+007 2.86966e+007 2.86966e+007 2.86966e+007 2.86966e+007 2.86966e+007 2.86966e+007 2.86966e+007 2.86966e+007 2.86966e+007 2.86966e+007 2.86966e+007 2.86966e+007 2.86966e+007 2.86966e+007 2.86966e+007 2.86966e+007 2.86966e+007 2.86966e+007 2.86966e+007 2.86966e+007 2.86966e+007 2.86966e+007 2.86966e+007 2.86966e+007 2.86966e+007 2.86966e+007 2.86966e+007 2.86966e+007 2.86966e+007 2.86966e+007 2.86966e+007 2.86966e+007 2.86966e+007 2.86966e+007 0 0 0 0 0 0 0 0 0 0 0 0 0 0 0 0 0 0 0 0 0 0 0 0 0
#obs survey bio
 2.936e+006 4.27248e+006 3.26884e+006 2.59208e+006 2.47069e+006 1.67299e+006 1.2569e+006 1.65192e+006 1.32231e+006 1.34418e+006 1.28305e+006 801851 977537 822139 635524 393695 955094 695915 443068 526950 388824 413127 463735 386626 404924 683744 679309 496400 606374 767965 495539 751063 670627 518287 733123 589362 854322 789173 584808 720608 541927 496375 617684 644218 672405 682155 643003 932342 1.1449e+006
#pred catch bio
 282914 265887 290030 318512 333066 320328 305527 274992 243097 251373 241959 204491 177207 173072 153404 145924 131610 122740 115070 107412 104732 111100 99197.5 105081 91672.6 98581.2 98702.7 92781.3 97901.3 92558.7 90229.2 91896.1 104724 98788.3 100758 100846 101707 102945 111606 105339 111690 113747 112795 109181 110341 104029 62256.6 74120.6 103118 125063 126458 128150 132439 138915 146081 152936 158957 163950 167924 170989 173299 175008 176254 177153 177796 178252 178574 178800 178959 179069 179146 179199 179236 179262 179280 179292 179300 179306 179310 179313 179315 179316 179317 179318 179318 179318 179319 179319 179319 179319 179319 179319 179319 179319 179319 179319 179319 179319 179319 179319 179319 179319 179319 179319 179319 179319 179319 179319 179319 179319 179319 179319 179319 179319 179319 179319 179319 179319 179319 179319 179319 179319 179319 179319 179319 179319 179319 179319 179319 179319 179319 179319 179319 179319 179319 179319 179319 179319 179319 179319 179319 179319 179319 179319 179319 179319 179319 179319 179319 0 0 0 0 0 0 0 0 0 0 0 0 0 0 0 0 0 0 0 0 0 0 0 0 0
#obs catch bio
 227208 265102 289522 318978 333400 321189 309086 277426 244934 252062 241869 204070 176746 172524 153576 147229 131024 122325 115358 107656 105313 111532 99492.4 105902 92411.4 99194.1 98886.2 92577.4 98117.8 92325.2 90104.5 91501.4 104361 98307.6 100533 100930 101670 102441 111394 105104 111926 114255 113175 109852 111139 105029 62210.3 74176.7 103331
#pred cpue bio
 3.0809e+006 2.79856e+006 2.55657e+006 2.31144e+006 2.05633e+006 1.80261e+006 1.57672e+006 1.37746e+006 1.21835e+006 1.09811e+006 968260 844619 758376 699400 640631 599337 561842 535926 516606 504201 500104 499118 489970 494139 491809 505929 512917 519034 531715 538644 551811 568509 584392 585614 593750 600850 609231 617760 625697 624401 631555 633227 634059 637709 647843 659132 680620 756624 825757 1.98482e+007 1.83712e+007 1.86869e+007 1.93999e+007 2.04515e+007 2.16155e+007 2.27402e+007 2.37449e+007 2.45975e+007 2.52957e+007 2.58535e+007 2.62915e+007 2.66315e+007 2.68935e+007 2.70946e+007 2.72488e+007 2.73671e+007 2.7458e+007 2.7528e+007 2.75823e+007 2.76244e+007 2.76573e+007 2.76831e+007 2.77035e+007 2.77195e+007 2.77323e+007 2.77425e+007 2.77506e+007 2.77571e+007 2.77623e+007 2.77665e+007 2.77699e+007 2.77726e+007 2.77748e+007 2.77767e+007 2.77781e+007 2.77793e+007 2.77803e+007 2.77811e+007 2.77817e+007 2.77823e+007 2.77827e+007 2.77831e+007 2.77833e+007 2.77836e+007 2.77838e+007 2.77839e+007 2.77841e+007 2.77842e+007 2.77843e+007 2.77843e+007 2.77844e+007 2.77844e+007 2.77845e+007 2.77845e+007 2.77845e+007 2.77845e+007 2.77846e+007 2.77846e+007 2.77846e+007 2.77846e+007 2.77846e+007 2.77846e+007 2.77846e+007 2.77846e+007 2.77846e+007 2.77846e+007 2.77846e+007 2.77846e+007 2.77846e+007 2.77846e+007 2.77846e+007 2.77846e+007 2.77846e+007 2.77846e+007 2.77846e+007 2.77846e+007 2.77846e+007 2.77846e+007 2.77846e+007 2.77846e+007 2.77846e+007 2.77846e+007 2.77846e+007 2.77846e+007 2.77846e+007 2.77846e+007 2.77846e+007 2.77846e+007 2.77846e+007 2.77846e+007 2.77846e+007 2.77846e+007 2.77846e+007 2.77846e+007 2.77846e+007 2.77846e+007 2.77846e+007 2.77846e+007 2.77846e+007 0 0 0 0 0 0 0 0 0 0 0 0 0 0 0 0 0 0 0 0 0 0 0 0 0
#obs cpue bio
 3.03282e+006 2.65049e+006 1.96892e+006 1.53968e+006 1.86483e+006 1.63558e+006 1.0346e+006 1.23311e+006 1.0142e+006 1.35553e+006 916026 972254 626029 719436 506084 609495 682928 430344 444002 478467 498015 752323 450085 539297 411815 484532 520595 688883 397108 533104 595638 574571 610341 716704 449198 495335 502739 728592 634338 516308 589891 666408 691412 463438 575613 596219 613708 905990 816017
#pred surv len freq
 0.0047568 0.00780007 0.0118814 0.0170222 0.0231107 0.0298055 0.0365147 0.0425506 0.0473885 0.050833 0.052988 0.054106 0.0544566 0.0542694 0.0537273 0.0529811 0.0521664 0.0514009 0.0507256 0.0499919 0.0487626 0.0463621 0.0421556 0.0359565 0.0282865
 0.00519575 0.00844416 0.0127257 0.0180279 0.0242304 0.0310152 0.0378276 0.0439951 0.0489604 0.0524563 0.0545138 0.0553584 0.0552994 0.054654 0.0536956 0.052625 0.051568 0.050583 0.0496384 0.0485463 0.0469012 0.0441313 0.0397328 0.033607 0.0262675
 0.00537676 0.008796 0.0133562 0.0190589 0.025752 0.0330256 0.0401942 0.046478 0.0512971 0.0544564 0.0560987 0.056528 0.0560666 0.0550065 0.0536075 0.0520909 0.0506182 0.0492644 0.0479816 0.0465549 0.0445833 0.0415551 0.0370621 0.0310782 0.024113
 0.00556871 0.00910127 0.0138084 0.0196988 0.0266361 0.0342275 0.0417868 0.048491 0.0536683 0.0570071 0.0585647 0.0586371 0.05762 0.0559147 0.0538695 0.0517492 0.049726 0.0478742 0.0461449 0.0443261 0.0420347 0.038804 0.0342884 0.0285052 0.0219474
 0.00582703 0.00952123 0.0144396 0.0205855 0.0278076 0.0356863 0.0435008 0.0504006 0.0557038 0.0591016 0.0606434 0.0605918 0.0592971 0.0571386 0.0544919 0.0516889 0.0489763 0.0464822 0.0441868 0.0418971 0.0392575 0.0358444 0.0313586 0.0258364 0.0197347
 0.00613216 0.0100172 0.0151856 0.0216363 0.0292024 0.0374311 0.0455507 0.0526535 0.0580168 0.0613238 0.0626488 0.0622934 0.0606373 0.0580645 0.0549363 0.051573 0.0482333 0.0450852 0.0421649 0.0393394 0.0363122 0.0327158 0.0282916 0.0230778 0.0174768
 0.00635452 0.0103967 0.0157903 0.0225408 0.0304722 0.0390971 0.047584 0.0549564 0.0604372 0.0636861 0.0647861 0.064071 0.0619645 0.0588929 0.0552451 0.0513476 0.047452 0.0437252 0.0402266 0.0368761 0.0334515 0.0296611 0.0252964 0.0203944 0.0152943
 0.00656959 0.0107478 0.0163229 0.023302 0.0315063 0.0404362 0.0492331 0.0568796 0.0625515 0.0658658 0.066877 0.065913 0.0634168 0.0598546 0.0556615 0.0512016 0.0467466 0.0424705 0.0384424 0.0346136 0.0308207 0.0268438 0.0225281 0.0179141 0.0132811
 0.00675828 0.011054 0.016783 0.0239502 0.0323697 0.0415264 0.0505379 0.0583603 0.0641491 0.0675099 0.0684907 0.0674109 0.0647034 0.0608294 0.0562326 0.0512999 0.0463329 0.0415347 0.0370029 0.032724 0.0285848 0.024425 0.0201361 0.0157625 0.0115315
 0.0068483 0.0112111 0.0170395 0.0243436 0.032935 0.0422848 0.0514851 0.0594631 0.0653527 0.0687517 0.0697113 0.0685577 0.065726 0.0616725 0.0568315 0.0515832 0.0462333 0.041003 0.0360223 0.031323 0.0268475 0.0224936 0.0181944 0.0139981 0.0100877
 0.00704031 0.0115225 0.0175067 0.0249999 0.0338045 0.0433713 0.0527609 0.0608636 0.0667828 0.0701038 0.0708863 0.0694825 0.0663617 0.0620117 0.056884 0.0513584 0.0457274 0.0401999 0.0349079 0.0299082 0.0251892 0.0207029 0.0164238 0.0124057 0.00879399
 0.007313 0.0119583 0.0181481 0.02588 0.0349392 0.0447483 0.054328 0.0625254 0.0684138 0.071572 0.0720767 0.0703133 0.0667913 0.0620389 0.0565412 0.0506969 0.0447997 0.0390457 0.0335532 0.0283787 0.023532 0.0190016 0.0147939 0.010969 0.00764201
 0.00743161 0.0121608 0.0184707 0.0263625 0.0356161 0.0456355 0.0554089 0.0637466 0.0696929 0.0728125 0.0731842 0.0712051 0.0674031 0.0623298 0.0564973 0.0503312 0.0441452 0.0381461 0.0324536 0.0271256 0.0221808 0.0176261 0.0134861 0.00982227 0.00672541
 0.00749057 0.0122506 0.018596 0.0265273 0.0358284 0.045911 0.0557719 0.0642231 0.0702973 0.0735352 0.0739848 0.0720165 0.0681442 0.0629207 0.0568726 0.0504488 0.0439901 0.0377287 0.0318054 0.0262935 0.0212258 0.0166222 0.0125157 0.008964 0.00603595
 0.00761873 0.0124553 0.0188965 0.0269364 0.0363476 0.0465244 0.0564431 0.0649002 0.0709278 0.0740826 0.0744359 0.0723746 0.0684138 0.0630946 0.0569297 0.0503604 0.0437316 0.037289 0.0311932 0.0255389 0.0203783 0.0157465 0.0116827 0.00823795 0.00546003
 0.00758868 0.0124247 0.0188843 0.0269721 0.036464 0.046746 0.0567753 0.0653248 0.0714077 0.0745722 0.0748933 0.0727702 0.0687333 0.0633344 0.0570875 0.0504268 0.0436888 0.0371173 0.0308816 0.0250946 0.0198313 0.0151465 0.0110901 0.00770942 0.00503509
 0.00768055 0.0125493 0.0190272 0.0271083 0.0365692 0.046813 0.0568237 0.0653953 0.0715425 0.074792 0.0751857 0.0730957 0.0690429 0.0635877 0.0572609 0.0505115 0.0436815 0.0370143 0.0306788 0.0247941 0.019449 0.0147151 0.0106541 0.00731409 0.0047138
 0.00787323 0.0128295 0.0193865 0.027514 0.0369697 0.0471496 0.0570441 0.0654682 0.0714691 0.0746116 0.0749657 0.0729074 0.0689335 0.0635653 0.0572993 0.0505679 0.0437149 0.0369945 0.0305882 0.0246273 0.0192136 0.0144324 0.0103562 0.00703574 0.00448264
 0.00800503 0.0130448 0.0197102 0.0279638 0.0375452 0.0478183 0.0577336 0.0660747 0.0718858 0.0747665 0.0748488 0.0725724 0.068475 0.0630834 0.0568681 0.05022 0.0434445 0.036773 0.030382 0.0244114 0.0189776 0.0141813 0.0101069 0.00680978 0.00429787
 0.00805869 0.0131325 0.0198435 0.0281552 0.0378067 0.0481585 0.0581505 0.0665479 0.0723709 0.0751975 0.0751521 0.0726903 0.0683883 0.0628206 0.0564946 0.0498118 0.0430614 0.0364438 0.0301063 0.0241726 0.018758 0.0139723 0.00991112 0.00663693 0.00415802
 0.00802057 0.0130766 0.0197712 0.0280728 0.0377259 0.0480951 0.0581243 0.0665798 0.0724786 0.0753874 0.0754107 0.0729815 0.0686596 0.0630201 0.0565902 0.0498028 0.0429746 0.0363168 0.0299703 0.0240427 0.0186362 0.0138557 0.00979944 0.00653485 0.00407228
 0.00799506 0.0130303 0.0196932 0.0279516 0.0375541 0.0478765 0.0578785 0.0663423 0.0722932 0.0752938 0.075434 0.0731247 0.068902 0.0633202 0.0568962 0.050067 0.0431668 0.0364309 0.0300188 0.0240457 0.0186113 0.0138147 0.00975003 0.00648366 0.00402558
 0.00809454 0.0131808 0.0198979 0.028204 0.0378371 0.048163 0.0581343 0.0665311 0.0723864 0.0752816 0.0753301 0.0729622 0.0687208 0.0631531 0.0567587 0.0499561 0.0430677 0.0363275 0.0299028 0.0239193 0.0184834 0.0136957 0.00964733 0.006401 0.00396358
 0.00808981 0.0131704 0.0198772 0.0281672 0.0377788 0.0480809 0.0580306 0.0664136 0.0722662 0.0751712 0.0752415 0.0729065 0.0687077 0.0631892 0.0568446 0.0500832 0.0432181 0.0364782 0.030032 0.0240132 0.0185389 0.0137182 0.0096471 0.00638852 0.00394721
 0.00806597 0.0131471 0.0198703 0.0281991 0.0378705 0.0482402 0.0582432 0.066644 0.0724691 0.0753071 0.0752891 0.0728659 0.0685971 0.0630372 0.0566823 0.0499366 0.043103 0.0363976 0.0299787 0.0239753 0.0185059 0.0136846 0.00961289 0.00635658 0.00392062
 0.00783364 0.012788 0.0193663 0.0275511 0.0371039 0.0474087 0.0574301 0.0659508 0.071992 0.0751071 0.0753742 0.0731945 0.0690982 0.0636351 0.0573132 0.0505557 0.0436823 0.0369203 0.0304341 0.0243554 0.0188065 0.0139071 0.00976521 0.00645202 0.00397483
 0.00777373 0.0126746 0.019167 0.0272283 0.0366264 0.0467703 0.0566651 0.0651368 0.0712349 0.0745141 0.0750267 0.07313 0.069306 0.064064 0.0578891 0.0512015 0.0443329 0.0375297 0.0309739 0.0248107 0.0191714 0.014183 0.00995993 0.00657906 0.0040507
 0.0078284 0.0127437 0.0192331 0.0272593 0.0365801 0.0466037 0.0563463 0.0646577 0.0706203 0.0738261 0.0743577 0.0725829 0.068967 0.0639787 0.0580525 0.0515654 0.0448246 0.0380732 0.0315057 0.0252868 0.0195671 0.0144898 0.0101814 0.006727 0.00414146
 0.00771004 0.0125762 0.0190261 0.0270346 0.0363612 0.0464012 0.0561487 0.0644344 0.0703378 0.0734683 0.0739411 0.0721588 0.0686092 0.0637628 0.0580327 0.0517573 0.0452016 0.0385764 0.0320622 0.0258286 0.0200441 0.0148744 0.0104668 0.00692184 0.00426345
 0.00770134 0.0125467 0.0189548 0.0268969 0.0361402 0.046102 0.0558059 0.0641026 0.0700666 0.0732773 0.0738122 0.0720534 0.0684985 0.0636496 0.0579524 0.0517594 0.0453236 0.0388251 0.0324104 0.0262265 0.0204368 0.0152182 0.0107374 0.00711447 0.00438777
 0.00768615 0.0125155 0.018895 0.0267906 0.0359661 0.045841 0.0554493 0.0636618 0.0695793 0.0728041 0.0734209 0.0717956 0.0683911 0.0636756 0.0580783 0.0519579 0.0455839 0.0391461 0.0327864 0.026636 0.0208448 0.0155865 0.0110378 0.00733562 0.00453464
 0.00759677 0.0123811 0.0187125 0.0265634 0.035701 0.0455443 0.0551248 0.0633122 0.0692108 0.0724324 0.0730747 0.0715149 0.0682184 0.0636406 0.0581874 0.0521933 0.045914 0.0395387 0.033214 0.0270741 0.0212673 0.015966 0.0113512 0.00757133 0.00469498
 0.00754658 0.0122933 0.01857 0.0263483 0.0354017 0.0451643 0.0546883 0.0628611 0.0687921 0.0720821 0.0728103 0.0713392 0.06813 0.0636431 0.0582885 0.0523972 0.0462142 0.039915 0.0336374 0.0275124 0.0216891 0.0163437 0.011664 0.00780898 0.00485913
 0.00765149 0.0124513 0.0187834 0.0266083 0.0356872 0.0454429 0.0549193 0.0630021 0.06881 0.0719643 0.072569 0.0710062 0.0677463 0.0632502 0.0579247 0.0520964 0.0460025 0.0398066 0.0336307 0.0275904 0.0218244 0.016505 0.0118227 0.00794419 0.00496066
 0.00765827 0.0124689 0.0188215 0.0266787 0.0357992 0.0455965 0.0550996 0.0631799 0.0689481 0.072029 0.0725401 0.0708822 0.067544 0.0629987 0.0576586 0.0518494 0.0458033 0.0396758 0.0335778 0.0276123 0.0219053 0.0166207 0.0119473 0.00805648 0.00504831
 0.00761736 0.012412 0.0187542 0.0266134 0.0357536 0.0455889 0.0551443 0.063282 0.0690995 0.0722067 0.0727095 0.0710059 0.0675932 0.0629627 0.0575474 0.0516896 0.0456295 0.0395216 0.0334688 0.027561 0.0219102 0.0166685 0.012018 0.00813053 0.00511154
 0.00753903 0.0122922 0.0185884 0.0264042 0.0355122 0.0453357 0.0549091 0.0631003 0.0690049 0.0722199 0.0728293 0.0712081 0.0678365 0.0632009 0.0577429 0.0518229 0.0457022 0.0395521 0.0334826 0.0275809 0.0219492 0.0167274 0.0120884 0.00820023 0.00517037
 0.00757987 0.0123355 0.0186116 0.0263735 0.035393 0.0451097 0.0545873 0.0627248 0.0686377 0.0719237 0.0726513 0.0711695 0.0679307 0.0633971 0.0579956 0.0520846 0.0459361 0.0397397 0.0336242 0.027689 0.022039 0.0168092 0.0121646 0.00826786 0.005225
 0.00761683 0.012398 0.0187083 0.0265091 0.0355614 0.0452865 0.0547283 0.062777 0.0685605 0.0717121 0.0723436 0.0708347 0.0676414 0.0632044 0.0579159 0.0521017 0.046015 0.0398425 0.0337231 0.0277714 0.0221045 0.0168632 0.0122118 0.00830934 0.00525942
 0.00769221 0.0125202 0.0188913 0.0267651 0.0358975 0.0456989 0.055195 0.0632531 0.0689811 0.0720046 0.0724484 0.0707263 0.0673412 0.0627749 0.0574388 0.0516505 0.0456346 0.0395462 0.0335015 0.0276073 0.0219835 0.0167763 0.0121537 0.00827509 0.00524269
 0.00770496 0.01254 0.0189199 0.0268047 0.0359522 0.0457754 0.0553024 0.0633998 0.0691689 0.0722219 0.0726663 0.0709027 0.0674329 0.0627549 0.057309 0.051442 0.0453946 0.039319 0.0333147 0.0274689 0.0218882 0.0167143 0.0121158 0.00825395 0.0052328
 0.00772513 0.0125782 0.0189871 0.0269136 0.0361129 0.0459898 0.0555601 0.0636788 0.0694419 0.0724648 0.0728619 0.071039 0.0674982 0.0627364 0.0571975 0.0512404 0.0451234 0.0390131 0.0330134 0.0272036 0.0216759 0.0165577 0.0120085 0.00818574 0.00519278
 0.00778262 0.0126635 0.0191007 0.027052 0.036271 0.0461646 0.0557516 0.0638873 0.069663 0.0726852 0.0730609 0.071193 0.0675878 0.0627494 0.0571292 0.0510927 0.0449058 0.0387446 0.0327219 0.0269202 0.021427 0.016359 0.0118638 0.00808918 0.00513383
 0.00778062 0.0126692 0.0191251 0.0271096 0.0363744 0.0463174 0.0559436 0.0640968 0.0698656 0.0728633 0.0732072 0.0713072 0.067669 0.062792 0.057124 0.0510314 0.0447857 0.0385716 0.0325114 0.0266947 0.021211 0.0161731 0.0117193 0.00798767 0.00506932
 0.00775585 0.0126257 0.019055 0.0270058 0.0362362 0.0461554 0.0557829 0.0639717 0.0698082 0.0728907 0.073316 0.0714775 0.0678738 0.0630054 0.0573233 0.0511973 0.0449029 0.0386311 0.0325134 0.0266495 0.0211364 0.0160889 0.0116421 0.00792716 0.0050279
 0.00779608 0.0126785 0.0191106 0.0270469 0.0362414 0.0461072 0.0556742 0.0638116 0.0696211 0.0727121 0.0731829 0.0714178 0.0678976 0.063103 0.0574704 0.0513635 0.0450592 0.0387555 0.0325932 0.0266825 0.0211303 0.0160575 0.0116008 0.00788813 0.00499775
 0.00768321 0.0125164 0.018906 0.0268177 0.0360098 0.0458891 0.0554728 0.0636195 0.0694316 0.0725298 0.0730291 0.0713249 0.0678971 0.0632118 0.0576836 0.0516547 0.0453892 0.0390827 0.0328833 0.0269144 0.0212972 0.0161651 0.0116621 0.00791851 0.00501046
 0.00725125 0.0118289 0.0179021 0.0254605 0.0343041 0.0439038 0.053357 0.0615917 0.0677338 0.0713639 0.0725085 0.0714627 0.0686252 0.0644124 0.059216 0.0533743 0.0471595 0.0407849 0.0344237 0.0282301 0.0223575 0.0169696 0.0122347 0.00829888 0.00524506
 0.0069673 0.0113681 0.0172102 0.024488 0.0330171 0.0423015 0.0514926 0.0595844 0.0657617 0.0696366 0.0712277 0.0707815 0.0686179 0.0650627 0.0604271 0.0549954 0.0490166 0.0427074 0.0362634 0.029873 0.0237309 0.0180436 0.0130182 0.00882971 0.0055774
#obs surv len freq
 0.0049669 0.00813558 0.0123743 0.017696 0.0239737 0.0308411 0.0376724 0.043745 0.0485112 0.0517734 0.0536534 0.0544377 0.0544446 0.0539678 0.0532639 0.0525434 0.0519497 0.0515174 0.0511084 0.050354 0.0486722 0.0454322 0.0402571 0.0333162 0.0253926
 0.00517445 0.00847697 0.0128957 0.0184434 0.0249848 0.0321312 0.0392199 0.0454849 0.0503419 0.0535748 0.0553053 0.0558325 0.0554933 0.0546009 0.0534309 0.0522135 0.0511157 0.0502022 0.0493722 0.0482986 0.0464393 0.043192 0.0381847 0.0315577 0.024033
 0.00539361 0.00883465 0.0134369 0.0192118 0.0260155 0.0334389 0.0407859 0.0472511 0.0522172 0.0554498 0.0570669 0.0573734 0.0567168 0.055424 0.0537862 0.0520514 0.0504074 0.048947 0.0476095 0.0461199 0.0439943 0.0406785 0.0358178 0.0295241 0.0224476
 0.00563621 0.00923151 0.0140386 0.0200669 0.0271608 0.034885 0.0425021 0.0491613 0.0542121 0.0574089 0.0588775 0.0589392 0.057957 0.0562693 0.0541753 0.0519309 0.0497356 0.0477039 0.0458125 0.0438438 0.0413845 0.0379459 0.0332057 0.0272535 0.0206619
 0.0058883 0.00964459 0.0146664 0.0209614 0.0283624 0.0364063 0.0443117 0.0511778 0.0563154 0.0594638 0.0607569 0.0605377 0.0591942 0.0570864 0.0545278 0.0517806 0.049048 0.0464548 0.0440055 0.0415358 0.0387074 0.0351082 0.0304619 0.0248446 0.018752
 0.00615601 0.010081 0.0153254 0.0218939 0.0296069 0.0379735 0.0461685 0.0532412 0.0584636 0.0615586 0.0626659 0.0621488 0.0604212 0.0578688 0.0548262 0.051569 0.0483067 0.0451703 0.0421832 0.0392246 0.0360258 0.0322534 0.0276843 0.0223899 0.0167934
 0.0063928 0.0104736 0.0159303 0.0227684 0.0307967 0.0394946 0.0479886 0.0552746 0.060584 0.0636249 0.0645462 0.0637328 0.0616244 0.0586309 0.0551077 0.0513461 0.0475658 0.0439066 0.0404088 0.0369885 0.0334381 0.0294969 0.0249948 0.0200033 0.0148807
 0.0066153 0.0108392 0.016488 0.023567 0.0318767 0.0408737 0.0496461 0.0571436 0.0625586 0.0655777 0.0663481 0.0652686 0.0628018 0.0593838 0.0553951 0.0511457 0.0468682 0.042713 0.038737 0.0348891 0.0310153 0.0269191 0.0224786 0.0177669 0.0130839
 0.00684431 0.0112115 0.0170485 0.0243573 0.0329273 0.0421919 0.0512032 0.0588705 0.0643555 0.0673325 0.0679532 0.0666302 0.0638429 0.0600452 0.055635 0.0509389 0.0462037 0.0415928 0.0371811 0.0329479 0.0287868 0.0245569 0.0201779 0.0157235 0.0114417
 0.00706886 0.0115818 0.017615 0.0251688 0.0340194 0.0435697 0.052825 0.0606447 0.0661568 0.0690295 0.0694331 0.0678106 0.064671 0.0604914 0.0556849 0.0505872 0.0454507 0.0404459 0.0356616 0.0311037 0.0267072 0.0223792 0.0180746 0.0138657 0.0099537
 0.00728101 0.0119286 0.0181403 0.0259146 0.0350178 0.0448291 0.0543162 0.0622942 0.067855 0.0706499 0.0708545 0.0689341 0.0654302 0.0608536 0.0556459 0.0501605 0.0446579 0.0393111 0.0342152 0.0293944 0.0248156 0.0204248 0.0162047 0.0122252 0.00864586
 0.00745233 0.0122126 0.0185778 0.0265466 0.0358764 0.0459241 0.0556214 0.0637435 0.0693519 0.0720866 0.0721285 0.0699593 0.0661412 0.061209 0.0556286 0.0497761 0.0439284 0.0382692 0.0329021 0.0278643 0.0231455 0.0187195 0.0145885 0.0108172 0.00752932
 0.00751301 0.0123153 0.0187407 0.0267916 0.0362278 0.0464045 0.0562454 0.0645113 0.0702442 0.0730622 0.0731268 0.0709057 0.0669568 0.0618209 0.0559792 0.0498284 0.043668 0.0377038 0.03206 0.026795 0.0219212 0.0174348 0.0133516 0.00972972 0.00666198
 0.00757818 0.012412 0.0188698 0.0269496 0.0364105 0.0466122 0.0564866 0.0648022 0.0706038 0.073505 0.073654 0.0714988 0.067575 0.0624049 0.0564595 0.050138 0.0437538 0.0375355 0.0316353 0.0261415 0.0210959 0.0165196 0.0124413 0.00891368 0.0060034
 0.00767563 0.0125611 0.0190764 0.0272113 0.0367161 0.0469424 0.0568155 0.0651028 0.070857 0.0737087 0.0738252 0.0716659 0.0677631 0.0626203 0.0566828 0.0503259 0.043851 0.0374896 0.0314119 0.0257354 0.0205357 0.0158641 0.0117671 0.00829644 0.00549872
 0.00772732 0.0126451 0.0192023 0.0273869 0.0369443 0.0472172 0.0571192 0.0654066 0.0711276 0.0739191 0.0739637 0.0717403 0.0677968 0.0626422 0.0567139 0.0503682 0.0438831 0.0374729 0.0313048 0.0255104 0.0201923 0.0154325 0.0113004 0.00785428 0.00512862
 0.00778864 0.0127377 0.0193285 0.0275449 0.0371293 0.0474234 0.05734 0.0656335 0.0713485 0.074117 0.0741206 0.0718414 0.067837 0.0626293 0.0566658 0.0503042 0.0438134 0.0373919 0.0311926 0.0253433 0.0199574 0.0151379 0.0109754 0.00753904 0.00485933
 0.00782219 0.0127902 0.0194036 0.0276438 0.0372504 0.047561 0.057485 0.0657746 0.0714759 0.0742252 0.0742086 0.0719099 0.0678854 0.0626546 0.0566659 0.0502805 0.0437702 0.0373314 0.0311112 0.0252316 0.0198066 0.0149488 0.0107625 0.00732713 0.00467368
 0.00786483 0.0128551 0.0194929 0.0277567 0.0373828 0.0477066 0.0576352 0.065919 0.0716029 0.074325 0.074275 0.0719422 0.067887 0.0626314 0.0566233 0.0502224 0.0436987 0.0372478 0.0310148 0.0251198 0.0196765 0.0148011 0.010605 0.00717383 0.00454002
 0.0078977 0.0129048 0.0195607 0.0278409 0.0374793 0.0478095 0.0577375 0.0660133 0.0716827 0.0743861 0.0743158 0.0719632 0.0678902 0.0626189 0.0565973 0.0501847 0.0436507 0.0371898 0.0309463 0.0250393 0.0195835 0.0146971 0.0104954 0.00706779 0.00444749
 0.00789106 0.0128937 0.0195435 0.0278162 0.0374464 0.0477693 0.0576933 0.0659709 0.0716496 0.0743696 0.0743212 0.0719927 0.0679418 0.0626871 0.0566738 0.0502607 0.043718 0.0372419 0.0309787 0.0250495 0.0195709 0.014664 0.0104476 0.0070134 0.00439542
 0.0078959 0.0128944 0.0195313 0.0277792 0.0373732 0.0476549 0.0575434 0.0658029 0.0714877 0.074238 0.0742385 0.0719684 0.0679762 0.0627727 0.0567975 0.0504061 0.0438684 0.0373826 0.031098 0.0251402 0.01963 0.014693 0.0104517 0.00700084 0.00437506
 0.00789726 0.0128956 0.0195308 0.0277738 0.0373574 0.0476207 0.0574823 0.0657083 0.0713603 0.0740889 0.0740888 0.071844 0.0678996 0.0627567 0.0568422 0.0505009 0.043996 0.0375234 0.0312339 0.0252571 0.0197196 0.0147526 0.0104841 0.00701238 0.00437373
 0.00788473 0.0128741 0.0194966 0.0277229 0.0372871 0.047531 0.0573764 0.0655928 0.0712427 0.0739758 0.073986 0.0717583 0.0678406 0.0627355 0.0568678 0.0505756 0.0441133 0.0376687 0.0313888 0.0254036 0.0198435 0.0148466 0.0105472 0.00704903 0.00439121
 0.00790725 0.0129024 0.0195237 0.0277372 0.0372753 0.0474831 0.0572903 0.0654752 0.0711068 0.0738374 0.0738591 0.0716533 0.067764 0.0626915 0.0568597 0.0506058 0.0441811 0.0377686 0.0315097 0.0255304 0.0199614 0.0149441 0.010619 0.00709582 0.00441782
 0.00787717 0.0128596 0.0194703 0.027678 0.0372148 0.0474222 0.0572246 0.0653969 0.0710106 0.0737256 0.0737432 0.0715504 0.0676909 0.062659 0.0568712 0.0506588 0.0442699 0.0378854 0.0316444 0.0256709 0.0200946 0.0150587 0.0107081 0.00715804 0.00445661
 0.00786421 0.0128337 0.0194231 0.0276 0.0370998 0.0472722 0.0570527 0.0652254 0.0708621 0.0736145 0.0736725 0.0715149 0.0676841 0.0626784 0.0569181 0.0507349 0.0443743 0.0380134 0.0317876 0.0258186 0.0202352 0.0151817 0.0108064 0.00722924 0.00450308
 0.00781892 0.0127632 0.0193224 0.0274663 0.0369322 0.0470723 0.0568262 0.0649844 0.0706266 0.0734101 0.0735245 0.0714412 0.0676901 0.0627565 0.0570526 0.0509086 0.0445726 0.0382244 0.032001 0.0260241 0.0204223 0.0153414 0.0109328 0.00732123 0.00456403
 0.00781112 0.0127431 0.0192788 0.0273848 0.0367999 0.0468839 0.0565894 0.0647196 0.0703614 0.0731717 0.0733351 0.0713163 0.0676392 0.0627826 0.0571511 0.0510673 0.044774 0.0384497 0.0322328 0.0262473 0.0206249 0.0155139 0.0110697 0.00742145 0.00463116
 0.00777314 0.0126868 0.0192036 0.0272925 0.0366921 0.0467595 0.0564441 0.0645491 0.0701668 0.0729641 0.0731354 0.0711507 0.0675311 0.0627471 0.0571928 0.0511806 0.0449457 0.0386612 0.0324636 0.0264777 0.0208377 0.0156969 0.0112156 0.00752879 0.00470352
 0.00774639 0.0126387 0.0191232 0.0271684 0.0365165 0.0465345 0.0561851 0.0642824 0.0699212 0.0727613 0.0729855 0.071055 0.0674889 0.0627601 0.0572642 0.0513113 0.0451304 0.0388877 0.0327139 0.0267313 0.0210752 0.0159026 0.0113804 0.00765034 0.00478559
 0.00771604 0.0125878 0.0190438 0.0270515 0.036354 0.0463219 0.0559251 0.0639883 0.069617 0.0724781 0.0727553 0.0709023 0.0674258 0.0627854 0.0573678 0.0514799 0.0453503 0.0391448 0.0329919 0.0270115 0.0213383 0.0161321 0.0115653 0.00778738 0.00487846
 0.00770006 0.0125621 0.0190053 0.0269969 0.0362798 0.0462244 0.0558012 0.0638365 0.0694394 0.0722823 0.0725552 0.0707182 0.0672806 0.062699 0.0573522 0.0515368 0.0454724 0.0393185 0.0332003 0.0272359 0.0215594 0.0163323 0.0117317 0.00791377 0.00496583
 0.0076617 0.0125031 0.018923 0.0268911 0.0361531 0.0460814 0.0556489 0.0636829 0.0692924 0.0721478 0.0724369 0.0706189 0.067205 0.062655 0.0573498 0.0515846 0.0455737 0.0394692 0.0333888 0.0274452 0.0217704 0.0165269 0.0118958 0.00804013 0.0050542
 0.00764122 0.0124702 0.0188742 0.0268239 0.0360664 0.0459772 0.0555325 0.0635629 0.0691783 0.0720474 0.0723542 0.0705542 0.0671569 0.0626234 0.0573377 0.0515982 0.0456201 0.0395529 0.0335084 0.027592 0.02193 0.0166827 0.0120331 0.00814937 0.00513262
 0.00761681 0.012431 0.0188162 0.026744 0.0359632 0.045852 0.0553908 0.0634149 0.0690369 0.0719258 0.0722626 0.0704982 0.0671366 0.062635 0.0573757 0.0516583 0.0457006 0.0396542 0.0336303 0.0277309 0.0220775 0.0168267 0.0121613 0.00825274 0.00520782
 0.00760882 0.0124171 0.0187935 0.0267091 0.0359129 0.0457843 0.0553062 0.0633166 0.068931 0.0718203 0.0721665 0.07042 0.067083 0.0626099 0.0573796 0.051689 0.0457548 0.0397287 0.0337224 0.0278371 0.022192 0.0169408 0.0122655 0.00833896 0.00527208
 0.00758683 0.0123844 0.0187499 0.0266563 0.0358533 0.0457203 0.0552392 0.0632472 0.0688601 0.0717498 0.0720998 0.0703619 0.0670393 0.0625857 0.0573786 0.0517126 0.0458019 0.0397965 0.0338068 0.0279334 0.022294 0.0170414 0.0123569 0.00841489 0.00532915
 0.00757912 0.012371 0.0187284 0.0266241 0.0358091 0.0456653 0.0551775 0.0631852 0.0688042 0.0717037 0.0720634 0.0703329 0.0670157 0.0625677 0.0573691 0.0517156 0.0458212 0.0398337 0.033861 0.0280012 0.0223701 0.0171191 0.0124294 0.00847623 0.00537605
 0.00753091 0.0122968 0.0186245 0.0264903 0.0356486 0.0454849 0.0549883 0.0630025 0.0686454 0.0715856 0.0719979 0.070324 0.0670591 0.0626531 0.0574835 0.0518472 0.0459615 0.0399772 0.0340041 0.0281403 0.022501 0.0172367 0.012529 0.00855473 0.00543297
 0.00755036 0.0123226 0.0186525 0.026513 0.0356572 0.0454722 0.0549514 0.0629433 0.0685697 0.0715004 0.071911 0.0702438 0.0669935 0.0626083 0.0574629 0.0518506 0.0459857 0.0400181 0.0340575 0.0282022 0.022567 0.0173021 0.0125887 0.00860472 0.00547096
 0.00752942 0.0122963 0.0186268 0.0264972 0.0356599 0.045496 0.0549895 0.0629806 0.0685894 0.0714915 0.0718724 0.0701833 0.0669238 0.0625424 0.057411 0.0518189 0.0459764 0.0400299 0.0340868 0.0282442 0.0226163 0.0173533 0.0126367 0.00864555 0.00550238
 0.00753012 0.0122922 0.0186118 0.0264638 0.0356035 0.0454194 0.0549053 0.0629079 0.0685452 0.0714817 0.0718897 0.0702118 0.0669484 0.0625559 0.0574148 0.0518203 0.0459833 0.0400478 0.0341173 0.0282853 0.022664 0.0174024 0.0126824 0.00868404 0.00553171
 0.00748875 0.0122345 0.0185421 0.0263912 0.0355376 0.0453657 0.0548621 0.0628689 0.0685057 0.0714442 0.0718631 0.0702059 0.0669668 0.0625937 0.0574625 0.0518692 0.0460298 0.0400927 0.0341635 0.0283344 0.0227151 0.0174526 0.0127279 0.00872181 0.00556015
 0.00747579 0.0122042 0.0184802 0.0262812 0.0353676 0.0451377 0.0545979 0.0626065 0.0682865 0.071298 0.0718004 0.0702202 0.0670437 0.062717 0.0576168 0.05204 0.0462035 0.040259 0.0343158 0.02847 0.022833 0.0175519 0.0128079 0.00878239 0.0056027
 0.00748681 0.0122237 0.0185116 0.026326 0.0354223 0.0451903 0.0546279 0.0625912 0.0682118 0.0711683 0.0716392 0.0700616 0.0669174 0.0626398 0.0575908 0.0520571 0.0462515 0.0403251 0.0343896 0.0285437 0.0229015 0.0176122 0.0128581 0.00882159 0.00563104
 0.00748681 0.0122237 0.0185116 0.026326 0.0354223 0.0451903 0.0546279 0.0625912 0.0682118 0.0711683 0.0716392 0.0700616 0.0669174 0.0626398 0.0575908 0.0520571 0.0462515 0.0403251 0.0343896 0.0285437 0.0229015 0.0176122 0.0128581 0.00882159 0.00563104
 0.00708956 0.0115942 0.0175975 0.0250978 0.0338882 0.0434141 0.0527418 0.0607865 0.0666994 0.0701244 0.0711642 0.0701683 0.0675475 0.0636888 0.0589321 0.0535605 0.047798 0.0418161 0.0357515 0.0297282 0.0238829 0.0183846 0.0134322 0.00922151 0.00588992
 0.00703845 0.0114667 0.0173241 0.0245873 0.033052 0.0422042 0.0511865 0.0590024 0.0648722 0.0684681 0.0698762 0.0693937 0.0673571 0.0640739 0.0598146 0.0548152 0.0492778 0.0433766 0.0372673 0.0311035 0.0250551 0.0193239 0.0141376 0.00971545 0.00621023
#pred catch len freq
 0.00371141 0.00598117 0.00893899 0.0125996 0.0169776 0.0220421 0.0276483 0.0335221 0.039313 0.044668 0.0492858 0.0529552 0.0555855 0.0572129 0.0579756 0.0580781 0.0577595 0.0572506 0.0566846 0.0559595 0.0546279 0.0519578 0.047251 0.0403053 0.0317085
 0.00408895 0.00653618 0.00966928 0.0134761 0.0179673 0.0231361 0.0288727 0.0349141 0.0408744 0.0463251 0.0508878 0.0543198 0.0565665 0.0577501 0.0581009 0.0578759 0.0573051 0.0565579 0.0556909 0.0545609 0.0527563 0.0496594 0.0447172 0.0378255 0.0295656
 0.00428526 0.00688715 0.0102529 0.014376 0.0192436 0.0247877 0.0308133 0.0369888 0.0429144 0.0482051 0.0525436 0.0557167 0.0576552 0.0584547 0.0583475 0.0576331 0.0565951 0.0554286 0.0541743 0.0526585 0.0504723 0.0470627 0.0419814 0.0352058 0.0273163
 0.00450731 0.00723527 0.0107585 0.0150746 0.0201856 0.0260432 0.0324567 0.0390564 0.0453524 0.0508429 0.0551205 0.0579588 0.0593557 0.0595096 0.0587373 0.0573816 0.0557413 0.0540176 0.0522566 0.0502917 0.0477355 0.0440849 0.0389618 0.0323928 0.0249414
 0.00478928 0.00768197 0.0114093 0.0159593 0.0213222 0.0274359 0.0340944 0.0409165 0.0474063 0.0530506 0.0574093 0.0601952 0.0613433 0.0610264 0.0595971 0.0574799 0.055062 0.0526088 0.050201 0.0476946 0.0447332 0.0408623 0.0357554 0.0294614 0.0225044
 0.00510609 0.0081852 0.0121458 0.0169679 0.0226305 0.0290532 0.0360003 0.0430513 0.0496727 0.0553299 0.0595825 0.062158 0.0630032 0.0622882 0.0603512 0.0576112 0.054478 0.0512701 0.0481371 0.0450053 0.0415851 0.0374844 0.0324222 0.0264496 0.020031
 0.00535756 0.00859743 0.0127737 0.0178678 0.023853 0.0306296 0.0379248 0.0452682 0.0520754 0.0577732 0.0619029 0.0641986 0.0646361 0.0634248 0.0609353 0.0576003 0.0538301 0.049949 0.0461382 0.0423875 0.0384933 0.0341493 0.0291308 0.0234881 0.017615
 0.00558154 0.00895532 0.0133031 0.018606 0.0248382 0.0318984 0.0395021 0.0471504 0.0542137 0.0600641 0.0641938 0.0663097 0.0663926 0.064687 0.0616141 0.0576524 0.0532409 0.0487186 0.0442834 0.0399644 0.0356268 0.0310472 0.0260623 0.0207267 0.015367
 0.00576584 0.00924908 0.0137354 0.0192033 0.0256238 0.0328906 0.0407097 0.0485672 0.055815 0.0618029 0.0659969 0.068074 0.0679894 0.0659764 0.0624667 0.0579692 0.0529629 0.0478257 0.0427922 0.0379348 0.0331777 0.0283667 0.0233922 0.0183136 0.0133985
 0.00592889 0.009512 0.0141276 0.0197519 0.0263505 0.0338059 0.0418054 0.0498133 0.0571624 0.0631928 0.0673688 0.0693694 0.0691484 0.066932 0.0631413 0.0582788 0.0528288 0.0471909 0.0416373 0.036293 0.031147 0.0261123 0.0211278 0.0162571 0.0117164
 0.00617304 0.00989659 0.0146841 0.0205032 0.0273092 0.0349704 0.0431527 0.0512913 0.0586899 0.064669 0.0686903 0.0704494 0.0699308 0.0673937 0.0632807 0.0580968 0.0523153 0.0463241 0.0404003 0.0346986 0.0292618 0.0240659 0.0190977 0.0144275 0.0102278
 0.00642403 0.0102924 0.0152576 0.0212786 0.0283 0.0361755 0.0445483 0.0528238 0.0602745 0.0661974 0.0700452 0.0715223 0.0706406 0.0676996 0.0631842 0.0576302 0.0515214 0.045239 0.0390497 0.0331116 0.0274941 0.0222163 0.0173025 0.0128311 0.00893993
 0.00652605 0.0104644 0.0155286 0.0216816 0.028868 0.0369329 0.045501 0.053951 0.0615262 0.0674976 0.0712988 0.0726264 0.0714981 0.0682345 0.0633531 0.0574264 0.0509685 0.044379 0.0379312 0.0317877 0.0260302 0.0207002 0.0158438 0.0115415 0.00790318
 0.00662365 0.0106126 0.0157337 0.0219464 0.0291963 0.0373353 0.045996 0.0545586 0.0622559 0.0683358 0.0722025 0.0735259 0.0723082 0.0688694 0.0637407 0.0575187 0.0507478 0.0438566 0.0371431 0.0307884 0.0248906 0.0195069 0.0146933 0.0105255 0.00708801
 0.00672983 0.0107806 0.0159776 0.0222752 0.0296118 0.0378297 0.04655 0.0551446 0.0628457 0.0689086 0.0727471 0.0740334 0.0727617 0.0692373 0.0639789 0.0575805 0.0505958 0.0434739 0.0365382 0.0299966 0.0239712 0.0185373 0.0137587 0.00970367 0.00643207
 0.00671758 0.0107745 0.0159943 0.0223397 0.0297524 0.0380687 0.0468948 0.0555828 0.0633468 0.0694316 0.0732503 0.0744843 0.073141 0.0695358 0.0641882 0.0576847 0.0505707 0.0432944 0.0361905 0.0294891 0.0233393 0.0178401 0.0130677 0.00908593 0.00593467
 0.00677991 0.0108569 0.0160846 0.0224187 0.0298038 0.038093 0.0469169 0.0556464 0.0634952 0.0696854 0.0735961 0.0748795 0.0735315 0.0698741 0.0644434 0.0578408 0.0506187 0.0432255 0.0359973 0.029173 0.022919 0.0173547 0.0125705 0.0086315 0.00556341
 0.00694647 0.0110976 0.0163898 0.0227573 0.0301283 0.0383509 0.047065 0.0556632 0.0633917 0.0695074 0.0734125 0.0747577 0.0735103 0.069951 0.0645811 0.0579875 0.0507264 0.0432597 0.0359382 0.0290149 0.0226717 0.017044 0.0122354 0.00831418 0.00529772
 0.00706003 0.0112803 0.0166598 0.0231259 0.0305924 0.0388839 0.0476109 0.056142 0.06372 0.0696271 0.0733141 0.0744848 0.0731437 0.0695783 0.0642669 0.0577563 0.0505648 0.0431318 0.035805 0.0288482 0.0224614 0.0167986 0.0119773 0.00807175 0.00509488
 0.00708993 0.0113307 0.01674 0.0232479 0.0307715 0.0391357 0.0479451 0.0565525 0.0641741 0.0700637 0.0736553 0.0746619 0.0731248 0.0693828 0.0639562 0.0574064 0.0502361 0.0428524 0.0355716 0.0286408 0.02226 0.0165947 0.0117763 0.00788767 0.00494214
 0.00704494 0.0112647 0.0166542 0.0231496 0.0306736 0.0390565 0.0479068 0.0565793 0.0642873 0.0702721 0.0739457 0.0749943 0.0734394 0.069619 0.0640756 0.0574064 0.0501464 0.0427156 0.0354231 0.0284978 0.0221243 0.0164629 0.0116485 0.0077696 0.00484226
 0.00705405 0.0112726 0.0166535 0.0231295 0.0306237 0.0389722 0.0477941 0.0564565 0.0641821 0.0702152 0.0739626 0.0750966 0.0736181 0.0698428 0.0642987 0.0575841 0.0502505 0.0427429 0.0353899 0.028428 0.0220377 0.0163718 0.0115598 0.00768882 0.00477436
 0.00709406 0.0113321 0.0167323 0.0232229 0.0307222 0.0390626 0.0478614 0.0564871 0.0641686 0.0701613 0.0738845 0.0750193 0.0735667 0.0698329 0.0643295 0.0576379 0.0503011 0.0427665 0.035375 0.0283772 0.0219632 0.016288 0.0114784 0.00761766 0.00471748
 0.00711597 0.0113625 0.0167684 0.0232583 0.0307481 0.0390702 0.0478438 0.0564408 0.0640943 0.0700646 0.0737766 0.0749168 0.073489 0.0697975 0.0643461 0.057704 0.0504008 0.0428756 0.0354694 0.0284408 0.0219916 0.0162869 0.0114585 0.00758976 0.00468993
 0.00702605 0.011237 0.0166176 0.0231045 0.0306192 0.0389889 0.0478192 0.0564665 0.0641527 0.0701349 0.0738411 0.0749651 0.0735202 0.0698192 0.0643711 0.0577443 0.0504621 0.0429541 0.035553 0.0285148 0.0220449 0.0163156 0.0114662 0.0075838 0.00467809
 0.00682443 0.0109283 0.0161899 0.0225628 0.0299878 0.038312 0.0471601 0.0559003 0.0637508 0.0699451 0.0738744 0.0751964 0.0739003 0.0702919 0.0648858 0.0582631 0.0509593 0.0434126 0.0359597 0.028859 0.0223192 0.0165188 0.0116041 0.00766876 0.00472494
 0.00675223 0.0108015 0.015982 0.0222442 0.0295338 0.037716 0.0464462 0.0551287 0.0630104 0.0693351 0.0734808 0.075071 0.074049 0.0706758 0.065436 0.0589014 0.0516164 0.0440372 0.0365191 0.0293345 0.0227024 0.0168094 0.0118095 0.00780253 0.00480452
 0.00676063 0.0108023 0.0159583 0.0221686 0.0293717 0.0374317 0.0460142 0.0545449 0.0623036 0.0685718 0.0727592 0.0745007 0.0737219 0.0706398 0.0656837 0.0593767 0.0522352 0.0447112 0.037174 0.0299187 0.0231871 0.0171848 0.0120803 0.00798341 0.00491551
 0.00666299 0.0106643 0.0157875 0.0219823 0.0291868 0.0372522 0.0458229 0.0543074 0.0619836 0.0681529 0.0722607 0.0739811 0.0732673 0.0703407 0.0656075 0.0595468 0.0526252 0.045255 0.0377878 0.0305231 0.0237228 0.0176185 0.0124029 0.00820401 0.00505374
 0.00662002 0.0105869 0.0156587 0.0217854 0.0289141 0.0369151 0.0454559 0.053959 0.0616952 0.0679374 0.0720979 0.0738354 0.073116 0.070195 0.0655114 0.0595568 0.0527819 0.0455632 0.0382132 0.0310055 0.0241969 0.0180325 0.0127283 0.00843541 0.005203
 0.0065795 0.0105188 0.0155511 0.0216236 0.0286811 0.0365955 0.0450429 0.0534652 0.0611595 0.0674231 0.0716764 0.0735605 0.0730053 0.0702294 0.0656554 0.0597826 0.0530801 0.0459347 0.0386517 0.0314856 0.0246766 0.0184663 0.0130825 0.00869631 0.00537634
 0.00648942 0.0103836 0.015368 0.021396 0.0284151 0.0362953 0.0447087 0.053095 0.0607558 0.0670005 0.0712675 0.0732139 0.0727736 0.0701516 0.065743 0.0600183 0.0534298 0.0463621 0.0391258 0.0319779 0.0251562 0.0189002 0.0134426 0.00896819 0.00556174
 0.00648167 0.0103632 0.0153231 0.0213111 0.0282757 0.0360941 0.0444501 0.0527944 0.0604337 0.0666752 0.0709529 0.0729235 0.0725269 0.0699765 0.0656696 0.0600678 0.053605 0.0466464 0.0394883 0.0323819 0.0255644 0.0192785 0.0137639 0.00921664 0.0057356
 0.00655238 0.0104683 0.0154624 0.0214758 0.0284485 0.0362503 0.0445607 0.0528312 0.0603765 0.0665188 0.070709 0.0726168 0.0721885 0.0696392 0.0653667 0.0598317 0.0534628 0.0466128 0.0395605 0.03254 0.0257764 0.0195084 0.0139795 0.00939528 0.00586735
 0.00656332 0.0104905 0.0155034 0.0215446 0.0285517 0.0363873 0.0447192 0.0529863 0.0604956 0.0665703 0.0706715 0.0724858 0.0719775 0.069376 0.065087 0.0595721 0.0532557 0.0464822 0.039518 0.032582 0.0258847 0.0196549 0.0141337 0.00953268 0.00597389
 0.00652298 0.0104339 0.0154356 0.0214772 0.0285017 0.0363733 0.0447566 0.0530822 0.0606439 0.0667489 0.0708448 0.0726137 0.0720281 0.0693361 0.064966 0.0593982 0.0530669 0.0463161 0.0394035 0.0325335 0.0259003 0.0197188 0.0142228 0.00962395 0.00605101
 0.00644754 0.0103196 0.0152794 0.0212833 0.0282819 0.0361468 0.0445497 0.0529256 0.0605667 0.06677 0.0709645 0.0728102 0.0722622 0.0695618 0.0651444 0.0595092 0.0531132 0.0463189 0.0393925 0.032535 0.0259291 0.0197754 0.0142966 0.00970002 0.00611659
