    unsorted:	 9016.287572 9573.043064 10079.03454 8579.863158 8325.142475 10517.44362 10958.09386 7719.917585 11428.44174 11888.17377 12310.75717 7203.273731 7045.119426 6497.806081 6368.380125 6027.915434 5641.153705 4931.968625 4625.625315 4215.436279 3624.930284 3504.741160 2812.713167 2152.186144 1540.285939 994.5295995 536.9969181 196.7635045 20022.26786 20372.59608 30559.21098 30500.62692 30790.78340 30992.97563 31298.74110 31644.35978 32132.16643 29495.29571 32665.68831 28343.42478 33327.96537 34070.86130 34981.57721 35970.27713 37165.72028 38457.98219 39959.68559 41643.26010 43539.89492 45657.71901 47988.42374 50646.92960 53428.23189 56589.62680 59581.79636 63111.67515 66164.84917 70317.44869 74543.83327 79681.46619 84792.16278 90495.29141 96390.20056 102629.1455 108870.3008 115119.5656 121393.8191 126980.0168 132247.8432 135423.3914 137490.5149 137689.0088 140228.2167 141813.3290 143577.2696 144088.7490 147422.0359 147307.9279 818620.1384 819088.1155 819328.5026 818203.7590 817351.9145 816477.4161 820488.2018 816126.8241 820896.9329 821727.1224 815391.3513 814811.8003 814194.8540 813742.7053 822609.4858 823346.0306 812815.1587 811372.9510 811124.9361 825464.5916 827967.7749 828304.8535 829589.2528 830443.0553 831616.5702 808352.7508 833517.5488 834189.3177 836683.1288 802518.0160 800484.3130 840930.1401 847095.1586 851620.9844 789740.8647 862744.3763 776717.8330 870986.6835 881223.1131 200555.8607 893802.4426 910144.6755 285178.0097 394543.5834 394743.5188 374682.2560 923882.9543 590933.9927 947101.6577 987228.2909 1004955.606 1077615.163 19189720.76
      sorted:	 196.7635045 536.9969181 994.5295995 1540.285939 2152.186144 2812.713167 3504.741160 3624.930284 4215.436279 4625.625315 4931.968625 5641.153705 6027.915434 6368.380125 6497.806081 7045.119426 7203.273731 7719.917585 8325.142475 8579.863158 9016.287572 9573.043064 10079.03454 10517.44362 10958.09386 11428.44174 11888.17377 12310.75717 20022.26786 20372.59608 28343.42478 29495.29571 30500.62692 30559.21098 30790.78340 30992.97563 31298.74110 31644.35978 32132.16643 32665.68831 33327.96537 34070.86130 34981.57721 35970.27713 37165.72028 38457.98219 39959.68559 41643.26010 43539.89492 45657.71901 47988.42374 50646.92960 53428.23189 56589.62680 59581.79636 63111.67515 66164.84917 70317.44869 74543.83327 79681.46619 84792.16278 90495.29141 96390.20056 102629.1455 108870.3008 115119.5656 121393.8191 126980.0168 132247.8432 135423.3914 137490.5149 137689.0088 140228.2167 141813.3290 143577.2696 144088.7490 147307.9279 147422.0359 200555.8607 285178.0097 374682.2560 394543.5834 394743.5188 590933.9927 776717.8330 789740.8647 800484.3130 802518.0160 808352.7508 811124.9361 811372.9510 812815.1587 813742.7053 814194.8540 814811.8003 815391.3513 816126.8241 816477.4161 817351.9145 818203.7590 818620.1384 819088.1155 819328.5026 820488.2018 820896.9329 821727.1224 822609.4858 823346.0306 825464.5916 827967.7749 828304.8535 829589.2528 830443.0553 831616.5702 833517.5488 834189.3177 836683.1288 840930.1401 847095.1586 851620.9844 862744.3763 870986.6835 881223.1131 893802.4426 910144.6755 923882.9543 947101.6577 987228.2909 1004955.606 1077615.163 19189720.76
