    unsorted:	 3.045425283 0.001311125066 -0.0001554922868 -1.772212570 114.8056707 174.1778158 219.5847679 306.3645922 340.6779894 378.5932974 418.8717127 425.6296245 499.5318056 595.9831176 671.5013719 691.5888869 754.6888439 793.2409223 816.2686891 936.4806755 964.8149039 1046.324307 1158.990887 1278.660673 1439.127014 1847.118315 2185.310345 2717.056925 3080.990078 3149.752712 3656.845488 3946.179987 4393.335861 5461.482254 6423.840906 6737.239670 8160.489103 10718.56564 13694.06936 15875.57597 19075.07055 24486.69862 26778.57455 31642.25710 38700.30485 51253.37216 56755.30425 66181.36270 93003.55422 103889.9221 128653.4396 164607.6504 189108.8027 233680.4427 276536.9519 318372.6560 394208.3176 372344.5096 385776.3854 418893.4413 457418.1672 495593.7324 518128.5954 645513.5350 19890864.14 19886889.23 19872767.31 19867108.74 19905778.37 19914117.71 19932456.88 19946407.48 19951192.86 19968299.21 19844598.84 19973466.73 19830195.65 19813744.34 19992058.53 20000892.77 19789477.11 19774152.52 19755195.78 20016182.85 19719799.31 19725970.71 19713665.10 20029767.17 19689619.74 19677521.89 20081804.90 19576450.61 19564670.49 19553482.89 19540943.02 19504293.62 20151806.95 19460893.42 19437617.57 19390733.98 20270994.20 19171261.51 20426213.13 19129629.05 19100449.09 20720578.68 20873209.27 18584013.00 21317917.99 1580180.799 22096644.73 24646579.78 356111462.8 445151189.3
      sorted:	 -1.772212570 -0.0001554922868 0.001311125066 3.045425283 114.8056707 174.1778158 219.5847679 306.3645922 340.6779894 378.5932974 418.8717127 425.6296245 499.5318056 595.9831176 671.5013719 691.5888869 754.6888439 793.2409223 816.2686891 936.4806755 964.8149039 1046.324307 1158.990887 1278.660673 1439.127014 1847.118315 2185.310345 2717.056925 3080.990078 3149.752712 3656.845488 3946.179987 4393.335861 5461.482254 6423.840906 6737.239670 8160.489103 10718.56564 13694.06936 15875.57597 19075.07055 24486.69862 26778.57455 31642.25710 38700.30485 51253.37216 56755.30425 66181.36270 93003.55422 103889.9221 128653.4396 164607.6504 189108.8027 233680.4427 276536.9519 318372.6560 372344.5096 385776.3854 394208.3176 418893.4413 457418.1672 495593.7324 518128.5954 645513.5350 1580180.799 18584013.00 19100449.09 19129629.05 19171261.51 19390733.98 19437617.57 19460893.42 19504293.62 19540943.02 19553482.89 19564670.49 19576450.61 19677521.89 19689619.74 19713665.10 19719799.31 19725970.71 19755195.78 19774152.52 19789477.11 19813744.34 19830195.65 19844598.84 19867108.74 19872767.31 19886889.23 19890864.14 19905778.37 19914117.71 19932456.88 19946407.48 19951192.86 19968299.21 19973466.73 19992058.53 20000892.77 20016182.85 20029767.17 20081804.90 20151806.95 20270994.20 20426213.13 20720578.68 20873209.27 21317917.99 22096644.73 24646579.78 356111462.8 445151189.3
