    unsorted:	 10721.40665 10800.55865 11036.24996 10389.11744 10034.55003 9643.571419 9198.676682 8693.909618 8447.340204 8129.209608 7521.432624 6877.615585 6220.797512 6178.216991 6393.986319 5694.089528 5475.796402 4815.430778 4125.445232 4178.004951 3477.095343 2847.983461 12404.47013 13127.13626 2507.940284 2257.798532 1719.904780 1715.293961 1236.982363 1248.429253 829.8337071 493.8679535 239.1910896 311.2931261 72.89326495 4.696274815 17538.25696 17450.80788 17697.36260 16880.71222 16650.89957 18209.65810 15383.43134 18744.90720 18923.41451 19243.73848 19471.34564 20944.54026 21098.78915 20338.73145 21288.13562 21637.89905 21938.28440 22400.09468 22504.13095 23347.82878 23415.58771 23725.16876 24391.49876 24427.12937 24760.64318 25235.85561 25740.51628 26166.69070 26591.91801 26653.17952 27276.42343 27431.90055 28819.73518 29292.05972 33255.68384 37808.56327 44328.98999 50311.84802 55374.85676 62072.04370 816626.4063 816953.3084 817642.1483 820802.7646 820252.9805 822534.8505 822880.4876 823801.5527 824904.9959 826172.7768 814973.3837 812719.7282 812596.0884 811548.1978 810402.6567 809959.7969 809538.9871 828261.3901 830199.8967 830805.5249 831667.5117 832058.9309 807558.9847 834483.5835 836789.7552 804049.1190 803329.6626 838507.1643 839717.8066 842138.3394 846689.5349 848168.9035 850865.8321 794072.6713 855933.7210 857584.3217 864151.9540 869357.1128 877433.8732 882786.2484 903868.0936 908857.6725 96234.71869 180117.4563 963920.0041 394329.1382 509636.0593 391807.4381 1024280.949 1074192.130 1840719.809 16352596.25 88139813.88 1.098745030e-006 1.843618121e-006
      sorted:	 1.098745030e-006 1.843618121e-006 4.696274815 72.89326495 239.1910896 311.2931261 493.8679535 829.8337071 1236.982363 1248.429253 1715.293961 1719.904780 2257.798532 2507.940284 2847.983461 3477.095343 4125.445232 4178.004951 4815.430778 5475.796402 5694.089528 6178.216991 6220.797512 6393.986319 6877.615585 7521.432624 8129.209608 8447.340204 8693.909618 9198.676682 9643.571419 10034.55003 10389.11744 10721.40665 10800.55865 11036.24996 12404.47013 13127.13626 15383.43134 16650.89957 16880.71222 17450.80788 17538.25696 17697.36260 18209.65810 18744.90720 18923.41451 19243.73848 19471.34564 20338.73145 20944.54026 21098.78915 21288.13562 21637.89905 21938.28440 22400.09468 22504.13095 23347.82878 23415.58771 23725.16876 24391.49876 24427.12937 24760.64318 25235.85561 25740.51628 26166.69070 26591.91801 26653.17952 27276.42343 27431.90055 28819.73518 29292.05972 33255.68384 37808.56327 44328.98999 50311.84802 55374.85676 62072.04370 96234.71869 180117.4563 391807.4381 394329.1382 509636.0593 794072.6713 803329.6626 804049.1190 807558.9847 809538.9871 809959.7969 810402.6567 811548.1978 812596.0884 812719.7282 814973.3837 816626.4063 816953.3084 817642.1483 820252.9805 820802.7646 822534.8505 822880.4876 823801.5527 824904.9959 826172.7768 828261.3901 830199.8967 830805.5249 831667.5117 832058.9309 834483.5835 836789.7552 838507.1643 839717.8066 842138.3394 846689.5349 848168.9035 850865.8321 855933.7210 857584.3217 864151.9540 869357.1128 877433.8732 882786.2484 903868.0936 908857.6725 963920.0041 1024280.949 1074192.130 1840719.809 16352596.25 88139813.88
