SBPRF35
12.7214
Curr Bio
891642
B35
898463
F35
0.172836
FOFL
0.172836
OFL
130074
Bzero
3.63469e+006
#pred survey bio
 3.4371e+006 3.32285e+006 3.2233e+006 3.06019e+006 2.86716e+006 2.66976e+006 2.44327e+006 2.21731e+006 2.00027e+006 1.81063e+006 1.62804e+006 1.4651e+006 1.30856e+006 1.14313e+006 979546 858388 761211 701951 665353 626330 598832 572302 557781 541865 536090 526842 526702 519607 518985 523659 531216 533802 541143 551022 551940 563304 573593 589826 598134 609701 619440 628070 635462 645980 657683 672551 681631 694526 712326 727142 751771 825126 897660 2.14041e+007 1.98576e+007 2.0319e+007 2.11111e+007 2.21096e+007 2.31667e+007 2.41739e+007 2.5069e+007 2.5827e+007 2.64476e+007 2.69439e+007 2.73342e+007 2.76379e+007 2.78726e+007 2.80534e+007 2.81924e+007 2.82995e+007 2.83821e+007 2.8446e+007 2.84956e+007 2.85343e+007 2.85647e+007 2.85885e+007 2.86074e+007 2.86223e+007 2.86342e+007 2.86436e+007 2.86512e+007 2.86573e+007 2.86622e+007 2.86661e+007 2.86693e+007 2.86719e+007 2.8674e+007 2.86757e+007 2.86771e+007 2.86782e+007 2.86792e+007 2.86799e+007 2.86805e+007 2.8681e+007 2.86814e+007 2.86818e+007 2.8682e+007 2.86823e+007 2.86824e+007 2.86826e+007 2.86827e+007 2.86828e+007 2.86829e+007 2.8683e+007 2.8683e+007 2.86831e+007 2.86831e+007 2.86831e+007 2.86832e+007 2.86832e+007 2.86832e+007 2.86832e+007 2.86832e+007 2.86832e+007 2.86832e+007 2.86832e+007 2.86832e+007 2.86833e+007 2.86833e+007 2.86833e+007 2.86833e+007 2.86833e+007 2.86833e+007 2.86833e+007 2.86833e+007 2.86833e+007 2.86833e+007 2.86833e+007 2.86833e+007 2.86833e+007 2.86833e+007 2.86833e+007 2.86833e+007 2.86833e+007 2.86833e+007 2.86833e+007 2.86833e+007 2.86833e+007 2.86833e+007 2.86833e+007 2.86833e+007 2.86833e+007 2.86833e+007 2.86833e+007 2.86833e+007 2.86833e+007 2.86833e+007 2.86833e+007 2.86833e+007 2.86833e+007 2.86833e+007 2.86833e+007 2.86833e+007 0 0 0 0 0 0 0 0 0 0 0 0 0 0 0 0 0 0 0 0 0 0 0 0 0
#obs survey bio
 3.71378e+006 4.00437e+006 1.83568e+006 2.94354e+006 2.44799e+006 3.34447e+006 2.49247e+006 2.97432e+006 1.97351e+006 1.67877e+006 2.0122e+006 1.07069e+006 1.10726e+006 1.56262e+006 657039 841906 974500 638340 788741 636813 607984 411091 587902 568752 677187 445839 486450 304753 507012 533554 753741 463002 444137 473087 678569 574717 490473 633502 633286 555474 673949 764176 538775 637263 631398 728771 831835 790707 806787 577337 719453 1.07955e+006 894092
#pred catch bio
 104109 97920.5 167583 208455 227482 269283 283512 289296 277479 282450 273918 274504 283940 278980 236889 210921 173732 151332 150205 136771 132604 119726 118615 108047 109438 100608 105725 100018 96404.2 94921.3 99404.6 95647.5 94168.8 101629 92667.8 94475.1 90859.4 98939.6 97508.4 100798 103093 105272 104008 104324 103027 109579 108280 106943 112655 107805 71805.4 78079.1 113728 130074 131901 133954 138113 143989 150336 156339 161578 165907 169341 171987 173977 175449 176522 177295 177848 178241 178518 178712 178848 178943 179010 179056 179087 179110 179125 179135 179143 179148 179151 179153 179155 179156 179157 179158 179158 179158 179158 179158 179159 179159 179159 179159 179159 179159 179159 179159 179159 179159 179159 179159 179159 179159 179159 179159 179159 179159 179159 179159 179159 179159 179159 179159 179159 179159 179159 179159 179159 179159 179159 179159 179159 179159 179159 179159 179159 179159 179159 179159 179159 179159 179159 179159 179159 179159 179159 179159 179159 179159 179159 179159 179159 179159 179159 179159 179159 179159 179159 179159 179159 0 0 0 0 0 0 0 0 0 0 0 0 0 0 0 0 0 0 0 0 0 0 0 0 0
#obs catch bio
 0 97419.9 168210 209059 228708 270939 285049 289690 278122 283440 274724 276059 287114 279397 238493 211857 173427 151525 149933 137069 132427 120025 118656 108010 109028 100412 105196 99942.7 96468.4 95397.8 99338.4 95769.6 94360.6 102254 92355.8 94457.9 90904.2 99077.1 97344.4 101022 103515 105284 104441 104922 102948 109635 108399 107126 113220 108766 71869.5 77957.6 114009
#pred cpue bio
 3.39336e+006 3.28033e+006 3.18044e+006 3.01689e+006 2.82413e+006 2.62707e+006 2.40135e+006 2.17623e+006 1.95989e+006 1.7707e+006 1.58873e+006 1.4265e+006 1.27102e+006 1.10767e+006 946644 827455 732151 674171 638497 600547 573948 548245 534230 518918 513525 504653 504640 497729 496926 501304 508774 511472 518667 528387 529515 540745 550726 566497 574567 585693 595002 603410 610559 620700 632188 646712 655370 667657 684692 698808 722586 794647 866457 2.06848e+007 1.91997e+007 1.95726e+007 2.02742e+007 2.12459e+007 2.22976e+007 2.3304e+007 2.4199e+007 2.4957e+007 2.55776e+007 2.60738e+007 2.64641e+007 2.67678e+007 2.70026e+007 2.71833e+007 2.73224e+007 2.74294e+007 2.7512e+007 2.75759e+007 2.76256e+007 2.76643e+007 2.76946e+007 2.77184e+007 2.77373e+007 2.77522e+007 2.77641e+007 2.77736e+007 2.77812e+007 2.77872e+007 2.77921e+007 2.77961e+007 2.77993e+007 2.78019e+007 2.7804e+007 2.78057e+007 2.7807e+007 2.78082e+007 2.78091e+007 2.78098e+007 2.78105e+007 2.7811e+007 2.78114e+007 2.78117e+007 2.7812e+007 2.78122e+007 2.78124e+007 2.78125e+007 2.78126e+007 2.78127e+007 2.78128e+007 2.78129e+007 2.7813e+007 2.7813e+007 2.7813e+007 2.78131e+007 2.78131e+007 2.78131e+007 2.78131e+007 2.78131e+007 2.78131e+007 2.78132e+007 2.78132e+007 2.78132e+007 2.78132e+007 2.78132e+007 2.78132e+007 2.78132e+007 2.78132e+007 2.78132e+007 2.78132e+007 2.78132e+007 2.78132e+007 2.78132e+007 2.78132e+007 2.78132e+007 2.78132e+007 2.78132e+007 2.78132e+007 2.78132e+007 2.78132e+007 2.78132e+007 2.78132e+007 2.78132e+007 2.78132e+007 2.78132e+007 2.78132e+007 2.78132e+007 2.78132e+007 2.78132e+007 2.78132e+007 2.78132e+007 2.78132e+007 2.78132e+007 2.78132e+007 2.78132e+007 2.78132e+007 2.78132e+007 2.78132e+007 2.78132e+007 2.78132e+007 0 0 0 0 0 0 0 0 0 0 0 0 0 0 0 0 0 0 0 0 0 0 0 0 0
#obs cpue bio
 3.33061e+006 3.4098e+006 2.88614e+006 2.96518e+006 1.62974e+006 2.69627e+006 2.41828e+006 2.57057e+006 1.61374e+006 1.81896e+006 1.24486e+006 1.54875e+006 1.06759e+006 1.38135e+006 931622 927269 734261 593696 709363 439006 732343 555222 617965 472247 574363 496793 782150 629035 459415 337012 569216 479479 554472 508774 731190 461498 539334 558205 635423 480139 450376 671209 485564 525057 1.0177e+006 583197 481305 515757 484390 664350 646409 1.01348e+006 956870
#pred surv len freq
 0.00427029 0.00701538 0.0107135 0.0154002 0.020996 0.0272177 0.0335566 0.0394117 0.0443153 0.0480806 0.0507767 0.0526018 0.053769 0.054455 0.0547891 0.0548631 0.0547471 0.0544915 0.0540794 0.0533284 0.0518092 0.048904 0.044078 0.0372606 0.0290697
 0.00463077 0.00750424 0.0112729 0.0159244 0.0213718 0.0273814 0.0335313 0.039294 0.0442164 0.0480607 0.050817 0.0526298 0.0537162 0.0543065 0.0545981 0.0547233 0.0547413 0.0546399 0.0543147 0.0535139 0.051797 0.0486066 0.0435135 0.036543 0.0283511
 0.00470347 0.00769113 0.0116732 0.0166523 0.0225028 0.028884 0.0352287 0.0409015 0.0454514 0.0487611 0.0509896 0.0524022 0.0532411 0.053693 0.0539045 0.0539908 0.054019 0.0539745 0.0537175 0.0529397 0.0511624 0.0478427 0.0426179 0.0355921 0.0274636
 0.00484801 0.00791017 0.0119796 0.017064 0.0230588 0.0296546 0.0363007 0.0423278 0.047184 0.0506142 0.0526764 0.0536387 0.0538569 0.0536771 0.0533704 0.0531011 0.0529247 0.0527888 0.0525095 0.0517342 0.0499502 0.0466094 0.0413795 0.0344113 0.0264299
 0.0050129 0.00818444 0.0124024 0.0176724 0.0238772 0.0306832 0.0375113 0.0436751 0.0486259 0.0521184 0.0541963 0.0550746 0.0550423 0.0544207 0.0535319 0.0526496 0.0519411 0.0514194 0.0509072 0.0500199 0.0482058 0.0448947 0.0397569 0.0329566 0.0252198
 0.00516025 0.00842905 0.0127807 0.0182236 0.0246373 0.0316748 0.0387298 0.045081 0.050148 0.0536699 0.0556938 0.0564469 0.0562206 0.0553185 0.0540378 0.0526514 0.0513721 0.0502947 0.0493241 0.0481259 0.0461599 0.0428452 0.0378357 0.0312765 0.0238624
 0.00536772 0.00876393 0.0132807 0.0189232 0.0255633 0.0328377 0.0401144 0.0466404 0.0518077 0.0553385 0.0572759 0.0578536 0.057376 0.0561586 0.0545018 0.0526728 0.0508845 0.0492567 0.047752 0.0461122 0.0438649 0.0404686 0.0355793 0.0293102 0.0222954
 0.00563249 0.00918702 0.0139038 0.0197804 0.0266755 0.0342035 0.0417006 0.0483786 0.0536034 0.0570883 0.0588833 0.059237 0.0584696 0.0569091 0.0548636 0.0526017 0.0503346 0.0481891 0.0461574 0.0440413 0.0414477 0.0379057 0.0331051 0.0271371 0.0205642
 0.00592368 0.00965753 0.0146062 0.0207608 0.0279636 0.0357983 0.0435554 0.0503977 0.0556566 0.0590377 0.0606083 0.0606467 0.0595042 0.057533 0.0550551 0.052343 0.0496046 0.0469656 0.0444336 0.0418544 0.0389069 0.0351995 0.0304726 0.0248103 0.0187046
 0.00616523 0.0100555 0.0152153 0.0216354 0.0291479 0.0373091 0.0453641 0.0524227 0.057773 0.0610996 0.0624734 0.0621952 0.0606481 0.058219 0.0552591 0.0520587 0.0488315 0.0457033 0.0426909 0.0396716 0.0363846 0.032512 0.0278489 0.0224805 0.0168353
 0.00642025 0.01047 0.0158393 0.0225168 0.0303247 0.0387968 0.0471406 0.05442 0.0598813 0.0631837 0.0643917 0.0638164 0.061865 0.0589566 0.0554772 0.0517464 0.0479972 0.0443659 0.0408804 0.0374443 0.0338457 0.0298301 0.0252417 0.0201684 0.0149798
 0.00662 0.010805 0.0163627 0.0232845 0.0313845 0.0401703 0.0488056 0.056304 0.0618733 0.0651553 0.0662166 0.0653815 0.0630743 0.0597341 0.0557695 0.0515242 0.047254 0.043116 0.0391595 0.0353184 0.0314261 0.0272822 0.0227716 0.0179812 0.0132254
 0.00666162 0.0109127 0.0165993 0.023735 0.0321374 0.041287 0.0502914 0.0580959 0.0638513 0.0671682 0.0681103 0.0670194 0.0643497 0.0605737 0.0561303 0.0513861 0.0466145 0.0419884 0.0375784 0.0333502 0.0291814 0.0249206 0.0204867 0.0159621 0.0116083
 0.00682623 0.0111726 0.0169786 0.0242582 0.0328332 0.0421905 0.0514365 0.0594983 0.0654851 0.0689507 0.0699047 0.0686598 0.0656783 0.0614724 0.0565334 0.0512745 0.0460003 0.0409026 0.0360681 0.031487 0.0270739 0.0227194 0.0183702 0.0141015 0.0101241
 0.00711389 0.0116348 0.0176626 0.0252005 0.0340489 0.0436589 0.0530918 0.061235 0.0671834 0.0705071 0.071247 0.0697398 0.0664537 0.0618964 0.0565603 0.0508737 0.0451661 0.0396566 0.0344573 0.0295854 0.0249879 0.0205888 0.0163556 0.0123524 0.00874205
 0.00727283 0.011903 0.0180843 0.0258228 0.0349114 0.0447772 0.0544401 0.0627392 0.0687318 0.0719738 0.0725193 0.0707376 0.0671341 0.0622455 0.0565767 0.050556 0.0445109 0.0386671 0.0331561 0.0280253 0.0232578 0.0188112 0.0146705 0.010889 0.00758651
 0.00749431 0.0122413 0.0185543 0.0264269 0.0356447 0.0456327 0.0554091 0.0638048 0.069859 0.0731041 0.0735734 0.0716279 0.0677833 0.062602 0.0566198 0.0502891 0.0439495 0.0378307 0.0320703 0.026732 0.0218262 0.0173401 0.0132755 0.00967784 0.00663112
 0.00759834 0.0124073 0.0187973 0.0267571 0.036063 0.0461275 0.0559553 0.0643704 0.0704176 0.073646 0.0741037 0.0721512 0.0682846 0.0630392 0.0569328 0.0504183 0.0438519 0.0374871 0.0314857 0.025936 0.0208749 0.0163146 0.0122722 0.00878837 0.0059195
 0.0076135 0.0124314 0.018833 0.0268077 0.0361332 0.0462236 0.0560848 0.0645397 0.0706301 0.0739013 0.0743997 0.0724861 0.068655 0.0634329 0.0573204 0.0507514 0.0440716 0.0375391 0.0313366 0.0255832 0.0203502 0.0156799 0.0116078 0.0081738 0.00541395
 0.00765251 0.0124997 0.0189445 0.0269769 0.0363707 0.0465293 0.0564423 0.0649177 0.0709902 0.0742099 0.0746368 0.0726484 0.0687535 0.0634859 0.057345 0.0507533 0.044039 0.0374448 0.0311485 0.0252808 0.019937 0.0151886 0.0110927 0.0076945 0.0050174
 0.00771883 0.0125897 0.0190478 0.0270749 0.0364445 0.0465708 0.0564616 0.0649394 0.0710417 0.0743069 0.0747766 0.0728129 0.0689197 0.0636358 0.0574691 0.050848 0.0440999 0.0374609 0.0311019 0.025154 0.0197244 0.0149044 0.010771 0.00737893 0.00474633
 0.00779404 0.0127125 0.019232 0.0273296 0.0367676 0.0469414 0.0568375 0.0652656 0.071269 0.0744124 0.0747708 0.07273 0.0687984 0.0635037 0.0573385 0.0507205 0.0439716 0.0373251 0.0309493 0.0249739 0.0195103 0.0146603 0.0105137 0.007134 0.00453809
 0.00777115 0.0126781 0.0191862 0.027276 0.0367144 0.0469015 0.0568262 0.0652953 0.0713426 0.0745191 0.0748897 0.0728402 0.0688886 0.0635755 0.0574002 0.0507783 0.0440246 0.0373653 0.0309651 0.0249543 0.0194491 0.0145599 0.0103862 0.00699829 0.0044141
 0.00780087 0.0127196 0.0192362 0.0273273 0.0367584 0.0469319 0.0568422 0.0653027 0.0713514 0.0745389 0.0749251 0.0728879 0.0689385 0.0636158 0.0574239 0.0507851 0.0440187 0.0373501 0.0309399 0.0249147 0.0193902 0.0144809 0.0102926 0.00690125 0.00432595
 0.00781486 0.012731 0.0192324 0.0272897 0.0366675 0.0467755 0.056623 0.0650413 0.0710828 0.074305 0.0747644 0.0728265 0.0689837 0.0637546 0.0576278 0.0510198 0.0442532 0.0375622 0.0311162 0.0250479 0.0194778 0.0145246 0.0102996 0.00688298 0.00429575
 0.00784805 0.0127871 0.0193196 0.0274141 0.0368277 0.046957 0.0567957 0.0651643 0.0711188 0.074236 0.0746013 0.0726059 0.0687545 0.063561 0.057497 0.0509578 0.0442484 0.0375935 0.0311615 0.0250897 0.0195052 0.0145332 0.0102907 0.00686207 0.00427006
 0.00787718 0.0128185 0.0193381 0.027398 0.0367566 0.0468238 0.0566137 0.064964 0.0709346 0.0740909 0.0745008 0.0725431 0.0687217 0.0635582 0.0575312 0.0510359 0.0443698 0.0377469 0.0313277 0.0252476 0.0196379 0.0146316 0.0103538 0.00689556 0.00428284
 0.00803135 0.0130529 0.0196592 0.0277972 0.0372084 0.0472858 0.0570299 0.0652743 0.0710908 0.0740734 0.0743241 0.0722474 0.0683562 0.0631671 0.0571496 0.0506907 0.0440804 0.0375239 0.0311706 0.0251462 0.0195763 0.014594 0.0103283 0.00687564 0.0042663
 0.00807118 0.0131257 0.0197829 0.0279915 0.0374876 0.0476482 0.0574492 0.0656994 0.071457 0.0743205 0.0744139 0.0721729 0.0681402 0.0628527 0.0567865 0.0503237 0.0437434 0.0372383 0.0309463 0.0249828 0.0194653 0.0145225 0.0102835 0.00684716 0.00424766
 0.0079413 0.0129403 0.0195525 0.0277443 0.037265 0.0474944 0.0574006 0.0657763 0.0716571 0.074616 0.074755 0.0724993 0.0683983 0.0630106 0.0568402 0.0502928 0.0436601 0.0371356 0.0308497 0.024907 0.0194145 0.0144936 0.0102694 0.00684121 0.00424501
 0.00786475 0.0128042 0.0193283 0.0274038 0.0367939 0.0469105 0.0567656 0.0651897 0.0712285 0.0744278 0.0748351 0.072816 0.0688762 0.0635571 0.0573713 0.0507513 0.0440211 0.0374018 0.0310398 0.0250436 0.0195158 0.0145707 0.0103277 0.00688305 0.00427267
 0.00791309 0.0128695 0.0194007 0.0274625 0.0368086 0.0468468 0.0565949 0.0649012 0.0708418 0.0739984 0.0744447 0.0725474 0.0687832 0.0636453 0.0576001 0.0510539 0.0443308 0.0376716 0.0312491 0.0251934 0.0196185 0.0146404 0.0103753 0.00691531 0.00429369
 0.00785551 0.0127901 0.0193067 0.0273677 0.0367265 0.0467818 0.0565353 0.0648212 0.0707126 0.0738037 0.0741943 0.0722808 0.06856 0.0635249 0.0576182 0.0512088 0.0445857 0.0379714 0.0315415 0.0254434 0.0198122 0.0147797 0.01047 0.00697664 0.0043314
 0.00770042 0.0125557 0.0189878 0.0269739 0.0362825 0.0463249 0.0561116 0.0644771 0.0704822 0.0736967 0.0741933 0.0723529 0.0686763 0.0636749 0.0578115 0.0514615 0.0449033 0.0383383 0.0319243 0.0258032 0.0201186 0.015018 0.0106405 0.00708964 0.00440086
 0.00777115 0.0126394 0.0190567 0.0269849 0.0361914 0.0461077 0.055781 0.0640832 0.0700949 0.0733802 0.0739857 0.0722593 0.0686759 0.063737 0.057911 0.051588 0.0450593 0.0385281 0.0321433 0.0260349 0.0203393 0.0152067 0.0107857 0.00719063 0.00446465
 0.00780638 0.0126888 0.019115 0.0270373 0.0362122 0.0460614 0.0556286 0.0637967 0.0696754 0.0728711 0.0734678 0.0718262 0.0684005 0.0636481 0.0579922 0.0517954 0.0453435 0.0388497 0.0324749 0.0263561 0.0206322 0.0154555 0.0109803 0.00732975 0.00455502
 0.00780949 0.0126996 0.0191412 0.0270883 0.036294 0.0461699 0.0557441 0.0638831 0.0696882 0.0727724 0.0732434 0.071498 0.0680248 0.0632991 0.0577363 0.0516695 0.0453486 0.03896 0.0326531 0.0265659 0.020844 0.0156472 0.011138 0.0074474 0.00463442
 0.00773956 0.0125913 0.0189889 0.0268923 0.0360628 0.0459213 0.0555049 0.0636838 0.0695529 0.0727071 0.0732325 0.0715113 0.0680341 0.0632945 0.0577317 0.0516944 0.0454317 0.0391133 0.0328674 0.0268158 0.0210984 0.015879 0.0113291 0.00759042 0.00473154
 0.00781183 0.0126909 0.0191058 0.0270058 0.0361475 0.0459566 0.0554826 0.0636108 0.0694469 0.0725897 0.0731207 0.0714118 0.0679428 0.0632013 0.0576299 0.0515894 0.0453414 0.0390606 0.0328684 0.0268717 0.0211952 0.0159943 0.0114409 0.00768354 0.00479954
 0.00780445 0.0126899 0.0191235 0.0270574 0.0362434 0.0460922 0.055633 0.0637359 0.0695077 0.0725661 0.0730203 0.071264 0.0677826 0.0630545 0.0575072 0.0514903 0.0452635 0.0390062 0.0328443 0.0268833 0.0212407 0.0160632 0.0115177 0.00775388 0.00485457
 0.00771463 0.0125627 0.0189675 0.0268945 0.0361046 0.0460097 0.0556308 0.0638218 0.0696681 0.0727665 0.0732143 0.0714091 0.0678559 0.0630581 0.0574618 0.0514223 0.0451944 0.0389497 0.0328082 0.0268721 0.0212548 0.0160981 0.0115642 0.00780146 0.00489493
 0.00774328 0.0125871 0.0189648 0.0268332 0.0359575 0.0457722 0.0553333 0.0635258 0.0694449 0.0726689 0.0732561 0.0715631 0.0680688 0.0632736 0.0576396 0.0515464 0.0452702 0.0389937 0.0328382 0.0269014 0.0212904 0.0161408 0.0116104 0.00784527 0.00493132
 0.00775423 0.0126124 0.0190149 0.0269177 0.0360769 0.0459088 0.055449 0.0635736 0.0693923 0.0725193 0.0730523 0.0713679 0.0679345 0.0632195 0.0576509 0.0515897 0.0453141 0.0390213 0.0328484 0.0269024 0.0212919 0.0161486 0.0116253 0.00786421 0.00495005
 0.00765727 0.0124722 0.0188369 0.0267198 0.0358865 0.0457556 0.0553567 0.0635523 0.0694328 0.0725947 0.0731285 0.0714209 0.0679626 0.0632422 0.0576935 0.0516661 0.0454191 0.0391374 0.0329573 0.0269935 0.0213637 0.0162047 0.0116696 0.00789924 0.00497663
 0.00768545 0.012492 0.0188197 0.0266267 0.0356826 0.0454314 0.0549434 0.0631186 0.0690624 0.072354 0.0730445 0.0714776 0.0681167 0.0634463 0.0579138 0.0518874 0.0456378 0.039351 0.0331589 0.0271735 0.0215143 0.0163232 0.011758 0.007962 0.00501887
 0.00771032 0.0125316 0.0188758 0.0266954 0.0357493 0.0454671 0.0549075 0.0629728 0.0687923 0.0719871 0.0726486 0.0711366 0.0678971 0.0633736 0.0579722 0.0520372 0.0458368 0.0395668 0.0333706 0.0273676 0.0216819 0.016459 0.011861 0.00803485 0.00506691
 0.0077738 0.0126307 0.0190173 0.0268822 0.0359791 0.0457298 0.0551815 0.0632223 0.0689701 0.0720455 0.072557 0.0708982 0.0675541 0.0629948 0.0576278 0.0517748 0.0456714 0.0394868 0.033352 0.0273859 0.0217176 0.0164989 0.0118972 0.00806361 0.00508739
 0.00782559 0.0127095 0.0191258 0.0270194 0.036141 0.04591 0.0553717 0.0634112 0.0691423 0.0721807 0.072631 0.0708877 0.0674453 0.0627933 0.0573628 0.0514919 0.045417 0.0392925 0.0332274 0.0273222 0.021697 0.0165029 0.0119116 0.00807955 0.0051006
 0.00782159 0.0127076 0.0191314 0.02704 0.0361836 0.0459782 0.0554628 0.0635169 0.0692517 0.0722839 0.0727194 0.0709526 0.0674756 0.062777 0.057293 0.051374 0.0452706 0.0391457 0.0331059 0.0272402 0.0216549 0.0164911 0.0119173 0.0080919 0.00511283
 0.0078349 0.0127289 0.0191632 0.0270847 0.0362443 0.0460579 0.0555632 0.0636369 0.0693851 0.0724186 0.0728399 0.0710432 0.0675238 0.0627758 0.0572402 0.0512729 0.045131 0.0389847 0.0329451 0.0271 0.0215482 0.0164207 0.0118775 0.00807313 0.005106
 0.0076655 0.0124832 0.0188483 0.026727 0.0358819 0.04573 0.055301 0.063461 0.0693075 0.0724442 0.0729656 0.0712554 0.0677987 0.0630818 0.0575441 0.0515461 0.045355 0.039153 0.0330625 0.027179 0.0216032 0.0164628 0.0119124 0.00810219 0.00512851
 0.00732695 0.0119273 0.0180057 0.0255403 0.0343311 0.0438646 0.0532649 0.0614825 0.0676481 0.0713261 0.0725143 0.0714826 0.0686201 0.064352 0.0590927 0.0532071 0.0469879 0.0406545 0.0343698 0.0282645 0.0224658 0.0171188 0.0123877 0.0084276 0.00533696
 0.00708503 0.0115374 0.0174239 0.0247251 0.0332478 0.0424971 0.0516334 0.0596637 0.0657839 0.0696139 0.071174 0.0707062 0.0685213 0.0649364 0.0602611 0.054788 0.0487817 0.0424746 0.0360684 0.0297444 0.0236786 0.0180563 0.0130704 0.00889385 0.0056336
#obs surv len freq
 nan nan nan nan nan nan nan nan nan nan nan nan nan nan nan nan nan nan nan nan nan nan nan nan nan
 0.00448271 0.00734309 0.0111721 0.0159876 0.0216877 0.0279629 0.034277 0.0400087 0.0446889 0.0481537 0.0505127 0.0520098 0.0529032 0.0534167 0.0537318 0.0539874 0.0542664 0.0545595 0.0546984 0.0542904 0.0527284 0.0493603 0.0438096 0.0362891 0.027672
 0.00461142 0.00755448 0.0114938 0.0164458 0.0223005 0.0287305 0.0351719 0.0409731 0.0456429 0.0490108 0.0511966 0.0524654 0.0531025 0.0533584 0.0534378 0.0534944 0.0536176 0.0537972 0.0538615 0.0534154 0.0518538 0.0485289 0.0430658 0.0356703 0.0271991
 0.00477739 0.00782513 0.0119028 0.0170251 0.0230744 0.0297059 0.0363274 0.0422535 0.0469644 0.0502736 0.0522996 0.0533189 0.053638 0.0535361 0.0532496 0.0529623 0.0527867 0.0527267 0.0526175 0.052068 0.050478 0.0472048 0.0418729 0.0346745 0.0264366
 0.00496995 0.00814 0.0123801 0.0177032 0.0239828 0.0308535 0.0376904 0.0437711 0.048546 0.0518148 0.0536963 0.0544755 0.0544714 0.0539805 0.0532622 0.0525293 0.0519262 0.0514875 0.0510746 0.0503184 0.0486365 0.0453983 0.0402268 0.0332911 0.0253734
 0.00517827 0.00848273 0.0129035 0.018453 0.0249956 0.0321425 0.0392311 0.0454959 0.0503539 0.0535895 0.0553245 0.0558565 0.0555197 0.0546253 0.0534482 0.0522199 0.05111 0.0501855 0.0493471 0.0482682 0.0464065 0.0431598 0.0381554 0.0315331 0.0240142
 0.00541409 0.0088662 0.013481 0.0192686 0.0260834 0.0335148 0.0408647 0.0473264 0.0522823 0.0554993 0.0570985 0.0573878 0.0567168 0.0554126 0.0537653 0.0520207 0.0503657 0.0488939 0.0475455 0.0460479 0.0439186 0.0406043 0.0357502 0.0294674 0.0224041
 0.0056468 0.00924988 0.0140683 0.0201117 0.0272234 0.0349655 0.0425964 0.0492614 0.0543077 0.05749 0.0589371 0.0589742 0.0579677 0.0562585 0.0541472 0.051889 0.0496821 0.04764 0.0457388 0.043762 0.0412981 0.0378603 0.0331268 0.0271868 0.0206104
 0.00588649 0.00964263 0.0146654 0.0209635 0.0283706 0.0364242 0.0443427 0.051224 0.0563765 0.0595356 0.0608321 0.0606071 0.0592495 0.057122 0.0545418 0.051774 0.0490237 0.0464156 0.0439541 0.0414748 0.0386402 0.0350395 0.030397 0.0247888 0.0187083
 0.00612942 0.0100398 0.0152673 0.0218186 0.0295167 0.0378737 0.0460681 0.0531525 0.0583998 0.0615305 0.0626792 0.0622015 0.0605047 0.05797 0.0549311 0.051666 0.0483883 0.0452333 0.0422276 0.0392524 0.0360399 0.0322572 0.0276815 0.0223839 0.0167869
 0.00636386 0.0104262 0.0158585 0.022667 0.0306631 0.0393311 0.0478049 0.0550872 0.0604141 0.0634932 0.0644685 0.0637173 0.0616708 0.0587309 0.0552468 0.0515067 0.0477307 0.0440621 0.0405465 0.0371046 0.0335324 0.0295708 0.0250506 0.0200436 0.0149083
 0.00662111 0.010845 0.0164899 0.0235587 0.0318505 0.0408228 0.0495668 0.0570371 0.0624316 0.0654422 0.0662198 0.0651646 0.0627366 0.0593667 0.0554271 0.0512202 0.0469725 0.0428316 0.0388555 0.0349967 0.0311061 0.0269909 0.0225323 0.0178048 0.0131091
 0.00684265 0.0112115 0.017053 0.0243699 0.0329499 0.0422224 0.0512335 0.0588879 0.0643468 0.0672893 0.0678761 0.0665293 0.0637351 0.0599495 0.0555679 0.0509101 0.0462145 0.0416363 0.0372454 0.0330199 0.0288552 0.0246147 0.0202223 0.0157547 0.011462
 0.00705932 0.0115659 0.0175904 0.0251341 0.033975 0.043519 0.0527749 0.0606035 0.0661301 0.0690168 0.0694273 0.0678019 0.0646527 0.0604638 0.0556559 0.0505684 0.0454529 0.040474 0.0357133 0.0311711 0.0267797 0.0224471 0.0181313 0.0139085 0.00998316
 0.00728987 0.0119403 0.0181531 0.0259249 0.035021 0.0448213 0.0542955 0.062262 0.0678157 0.0706101 0.0708203 0.0689085 0.0654118 0.0608381 0.0556298 0.0501441 0.0446457 0.0393099 0.0342298 0.0294248 0.0248571 0.0204701 0.0162467 0.0122592 0.00867027
 0.00744724 0.0122063 0.0185717 0.0265428 0.0358767 0.0459282 0.0556261 0.0637436 0.0693424 0.0720654 0.0720979 0.0699251 0.0661101 0.0611854 0.0556138 0.0497687 0.0439269 0.0382737 0.0329141 0.0278854 0.0231748 0.0187535 0.0146223 0.0108464 0.00755139
 0.0075244 0.0123313 0.0187605 0.026813 0.0362483 0.0464227 0.0562614 0.0645259 0.0702573 0.0730716 0.0731282 0.0708952 0.0669335 0.0617877 0.0559414 0.0497917 0.0436366 0.03768 0.0320451 0.0267895 0.0219246 0.0174453 0.0133659 0.00974444 0.00667445
 0.00759126 0.0124348 0.0189067 0.0270047 0.036486 0.0467058 0.0565899 0.0649019 0.0706856 0.0735579 0.0736734 0.0714855 0.0675336 0.0623413 0.0563807 0.0500515 0.0436675 0.0374562 0.0315678 0.0260884 0.0210577 0.016495 0.0124276 0.00890756 0.00600161
 0.00765516 0.0125309 0.0190369 0.0271655 0.0366698 0.046903 0.0567912 0.0651006 0.0708801 0.0737543 0.0738851 0.0717288 0.0678183 0.0626607 0.0567056 0.0503321 0.0438442 0.0374747 0.0313943 0.0257195 0.0205244 0.0158582 0.011766 0.00829852 0.00550209
 0.00770464 0.0126088 0.0191489 0.0273143 0.036853 0.0471118 0.0570097 0.0653076 0.0710555 0.0738867 0.0739766 0.0717948 0.0678818 0.0627424 0.0568143 0.0504573 0.0439549 0.0375263 0.0313425 0.0255365 0.0202111 0.0154471 0.0113126 0.00786446 0.00513671
 0.00778211 0.0127255 0.0193071 0.02751 0.0370771 0.0473519 0.0572513 0.0655343 0.0712498 0.0740323 0.0740628 0.0718201 0.0678559 0.0626846 0.0567474 0.0503983 0.0439067 0.0374744 0.0312595 0.025394 0.0199944 0.0151644 0.0109944 0.00755271 0.00486892
 0.00782089 0.012788 0.0193999 0.0276377 0.0372401 0.0475441 0.0574582 0.0657351 0.0714227 0.0741613 0.0741408 0.0718487 0.0678418 0.0626375 0.0566787 0.0503202 0.0438283 0.0373972 0.0311746 0.0252859 0.0198492 0.0149799 0.0107842 0.00734174 0.00468319
 0.0078527 0.0128353 0.0194629 0.0277144 0.0373274 0.0476393 0.0575601 0.0658422 0.0715315 0.0742645 0.0742287 0.0719117 0.0678738 0.0626376 0.056651 0.050272 0.0437674 0.0373291 0.0310997 0.0251994 0.0197445 0.0148544 0.0106437 0.00720002 0.00455662
 0.00788567 0.0128821 0.0195209 0.0277766 0.0373843 0.0476826 0.0575851 0.06585 0.071528 0.074259 0.0742303 0.0719258 0.0679 0.0626698 0.0566807 0.0502918 0.0437734 0.0373202 0.0310762 0.0251605 0.0196888 0.0147821 0.010559 0.00711169 0.00447549
 0.0079107 0.0129215 0.0195774 0.0278508 0.0374735 0.0477793 0.0576768 0.0659216 0.0715666 0.0742595 0.0741979 0.0718742 0.0678453 0.0626246 0.0566498 0.0502731 0.0437604 0.037306 0.0310553 0.0251298 0.0196469 0.0147295 0.0104992 0.00705047 0.00441969
 0.00790229 0.0129089 0.0195606 0.0278308 0.0374525 0.0477605 0.0576637 0.0659169 0.0715708 0.07427 0.0742103 0.0718848 0.0678533 0.0626331 0.0566638 0.0502957 0.0437907 0.0373391 0.0310844 0.0251486 0.0196515 0.0147195 0.010477 0.0070214 0.00438965
 0.00790092 0.0129015 0.0195401 0.0277883 0.0373801 0.0476563 0.0575354 0.0657814 0.0714498 0.0741829 0.0741685 0.0718894 0.0678975 0.0627056 0.0567534 0.0503935 0.0438905 0.0374356 0.031172 0.0252217 0.0197058 0.0147533 0.010492 0.00702216 0.00438219
 0.00789311 0.0128876 0.0195167 0.0277508 0.0373233 0.047575 0.057427 0.065648 0.0713007 0.0740347 0.0740428 0.071807 0.0678718 0.0627389 0.056837 0.0505121 0.0440272 0.0375753 0.0313033 0.0253361 0.0197978 0.0148205 0.0105354 0.00704585 0.00439194
 0.00789169 0.0128824 0.0195036 0.0277241 0.0372772 0.0475057 0.0573344 0.0655362 0.0711767 0.0739079 0.0739235 0.0717074 0.0678049 0.0627159 0.0568638 0.0505863 0.0441383 0.037708 0.0314411 0.025465 0.0199077 0.014906 0.0105957 0.00708381 0.00441281
 0.00788087 0.0128644 0.0194754 0.0276827 0.0372195 0.0474297 0.05724 0.0654265 0.0710581 0.073789 0.0738146 0.0716186 0.0677449 0.0626918 0.0568799 0.0506437 0.0442333 0.0378314 0.0315794 0.0256032 0.0200326 0.0150086 0.0106723 0.00713544 0.00444406
 0.00784284 0.0128026 0.0193828 0.0275533 0.0370509 0.0472252 0.0570115 0.0651934 0.0708439 0.0736154 0.0736968 0.0715634 0.0677523 0.0627566 0.0569943 0.0507983 0.0444181 0.0380351 0.0317891 0.0258051 0.0202136 0.0151587 0.0107868 0.00721536 0.00449471
 0.00784246 0.0127945 0.0193568 0.0274956 0.0369474 0.0470677 0.0568029 0.0649492 0.0705892 0.0733789 0.0735046 0.0714346 0.0676967 0.0627747 0.057079 0.0509377 0.0445975 0.0382393 0.0320031 0.026014 0.0204038 0.0153196 0.0109125 0.00730524 0.00455324
 0.0077957 0.0127236 0.0192594 0.0273719 0.0367987 0.0468948 0.0566059 0.0647303 0.0703559 0.0731472 0.0732975 0.0712783 0.0676129 0.0627756 0.0571644 0.0510968 0.0448121 0.0384882 0.0322647 0.0262687 0.0206349 0.015515 0.0110656 0.00741571 0.00462608
 0.00778114 0.0126934 0.0192021 0.0272742 0.0366496 0.0466925 0.0563617 0.0644676 0.0701025 0.0729257 0.0731217 0.0711542 0.0675447 0.0627683 0.0572228 0.0512213 0.0449959 0.0387166 0.0325176 0.0265242 0.020873 0.0157201 0.0112287 0.00753492 0.00470569
 0.00775749 0.0126576 0.0191528 0.0272103 0.0365693 0.0465915 0.0562341 0.064309 0.0699153 0.0727227 0.0729242 0.0709861 0.067426 0.0627102 0.0572291 0.0512902 0.0451222 0.0388908 0.0327252 0.0267464 0.0210898 0.0159137 0.011387 0.00765311 0.00478602
 0.00771529 0.0125908 0.019056 0.0270804 0.0364072 0.0464032 0.0560314 0.0641078 0.0697312 0.0725663 0.0728006 0.0708976 0.0673754 0.0627029 0.0572705 0.0513831 0.0452643 0.0390745 0.0329384 0.0269732 0.021312 0.0161142 0.0115529 0.00777853 0.00487223
 0.0076862 0.0125403 0.0189742 0.0269568 0.0362338 0.0461793 0.0557678 0.0638269 0.0694628 0.0723396 0.0726368 0.0708062 0.0673554 0.0627466 0.0573682 0.0515263 0.0454459 0.0392871 0.0331722 0.0272148 0.0215457 0.0163243 0.0117273 0.00791128 0.00496418
 0.00769549 0.0125546 0.0189939 0.0269803 0.0362562 0.0461917 0.0557571 0.0637796 0.0693698 0.072202 0.0724682 0.0706294 0.067195 0.0626228 0.0572926 0.0515024 0.0454717 0.0393572 0.0332785 0.0273466 0.0216895 0.0164654 0.0118523 0.00801129 0.0050363
 0.00764619 0.0124812 0.0188959 0.0268622 0.0361262 0.0460595 0.0556324 0.0636697 0.0692782 0.072128 0.0724081 0.07058 0.0671572 0.0626025 0.0572988 0.0515428 0.0455494 0.0394699 0.0334192 0.0275047 0.0218523 0.0166195 0.0119862 0.00811736 0.00511254
 0.00763377 0.0124572 0.0188534 0.0267931 0.036025 0.0459273 0.0554799 0.0635158 0.0691442 0.0720299 0.0723511 0.070559 0.0671617 0.0626225 0.0573297 0.0515859 0.0456096 0.0395518 0.0335234 0.0276266 0.0219828 0.0167471 0.0120999 0.00820944 0.00517994
 0.0076095 0.012421 0.0188045 0.0267323 0.035953 0.0458436 0.0553827 0.0634046 0.0690229 0.0719088 0.0722458 0.0704849 0.0671281 0.0626296 0.0573702 0.0516502 0.0456904 0.0396455 0.0336286 0.0277412 0.0221017 0.0168625 0.0122031 0.00829354 0.00524202
 0.0075919 0.0123923 0.0187614 0.0266723 0.0358753 0.0457506 0.0552806 0.0633018 0.0689276 0.0718261 0.0721779 0.0704331 0.0670956 0.0626211 0.0573893 0.051697 0.045761 0.0397338 0.0337286 0.0278477 0.0222094 0.0169653 0.0122945 0.00836826 0.00529754
 0.00757316 0.0123625 0.0187178 0.0266127 0.0357988 0.0456579 0.055175 0.0631899 0.0688185 0.07173 0.0721031 0.0703847 0.0670748 0.0626269 0.0574198 0.0517504 0.0458351 0.039825 0.0338318 0.0279568 0.0223177 0.0170663 0.0123825 0.00843912 0.00534977
 0.00757233 0.012361 0.0187152 0.0266083 0.0357914 0.0456458 0.055156 0.0631616 0.0687794 0.0716801 0.072045 0.0703236 0.0670174 0.0625798 0.0573883 0.0517381 0.0458433 0.0398533 0.033878 0.0280164 0.0223849 0.0171345 0.0124452 0.00849165 0.00538959
 0.0075429 0.0123167 0.018655 0.0265339 0.0357066 0.045556 0.0550674 0.0630809 0.0687124 0.0716307 0.0720145 0.070311 0.0670206 0.0625969 0.0574186 0.0517811 0.0458989 0.0399208 0.0339552 0.0280997 0.0224695 0.0172147 0.0125157 0.00854864 0.00543166
 0.00752097 0.0122789 0.0185947 0.0264444 0.0355838 0.045402 0.0548933 0.0629056 0.0685581 0.0715162 0.0719505 0.0702985 0.0670533 0.0626648 0.0575109 0.0518888 0.0460155 0.0400415 0.0340763 0.0282178 0.0225802 0.0173135 0.0125988 0.00861349 0.00547823
 0.00750444 0.0122531 0.0185574 0.0263937 0.0355177 0.0453185 0.0547908 0.0627853 0.0684261 0.0713846 0.0718351 0.0702157 0.0670144 0.0626732 0.0575622 0.0519734 0.0461218 0.0401594 0.0341976 0.028336 0.0226901 0.0174107 0.0126797 0.00867616 0.00552298
 0.00751049 0.0122608 0.0185653 0.0263987 0.0355165 0.0453077 0.054768 0.0627491 0.0683754 0.0713191 0.0717568 0.0701302 0.066932 0.0626063 0.0575219 0.0519657 0.0461464 0.0402102 0.0342662 0.0284134 0.0227686 0.0174837 0.0127424 0.00872588 0.00555908
 0.00751547 0.0122702 0.0185815 0.0264244 0.0355528 0.0453531 0.0548167 0.0627918 0.068402 0.0713214 0.0717311 0.0700776 0.0668582 0.062521 0.0574369 0.0518934 0.0460964 0.0401875 0.0342697 0.0284378 0.0228059 0.0175261 0.0127832 0.00876049 0.00558536
 0.00749067 0.0122324 0.0185294 0.0263591 0.0354781 0.0452755 0.0547449 0.0627353 0.0683681 0.0713125 0.0717433 0.0701029 0.0668873 0.062547 0.0574575 0.0519107 0.0461158 0.0402146 0.034308 0.028487 0.0228621 0.0175831 0.012835 0.00880294 0.00561668
 0.00749067 0.0122324 0.0185294 0.0263591 0.0354781 0.0452755 0.0547449 0.0627353 0.0683681 0.0713125 0.0717433 0.0701029 0.0668873 0.062547 0.0574575 0.0519107 0.0461158 0.0402146 0.034308 0.028487 0.0228621 0.0175831 0.012835 0.00880294 0.00561668
 0.00713587 0.0116667 0.0177016 0.0252363 0.0340609 0.0436173 0.0529669 0.0610201 0.0669245 0.0703218 0.0713142 0.0702526 0.0675512 0.0636055 0.0587682 0.0533362 0.0475426 0.0415604 0.0355197 0.0295339 0.0237298 0.0182695 0.0133489 0.00916363 0.00585169
 0.00709499 0.0115626 0.0174753 0.0248096 0.033356 0.042588 0.0516293 0.0594649 0.0653054 0.0688253 0.0701233 0.0695128 0.0673443 0.0639356 0.059565 0.0544763 0.0488795 0.042954 0.0368561 0.0307333 0.024745 0.0190808 0.013959 0.00959246 0.00613116
#pred catch len freq
 0.00318638 0.00516579 0.00778226 0.0110774 0.0150933 0.0198268 0.0251682 0.0308858 0.0366707 0.0421984 0.0471776 0.0513894 0.0547184 0.0571581 0.0587874 0.0597359 0.0601582 0.0601993 0.0599198 0.0591768 0.0575325 0.0543241 0.0489701 0.0413986 0.0322988
 0.00346722 0.00555027 0.00823019 0.0115134 0.0154363 0.0200319 0.0252525 0.0309167 0.03672 0.0422937 0.0472849 0.0514386 0.0546538 0.0569816 0.0585675 0.0595792 0.060155 0.0603697 0.0601876 0.0593891 0.0575248 0.0539991 0.0483478 0.0406053 0.0315035
 0.00356248 0.00574634 0.00859555 0.0121218 0.0163301 0.0211771 0.0265151 0.0320927 0.037615 0.0428057 0.0474317 0.0513151 0.0543596 0.0565767 0.0580801 0.0590408 0.0596185 0.0598897 0.0597785 0.0590002 0.0570597 0.0533745 0.0475521 0.0397152 0.0306459
 0.00371142 0.00597389 0.00891701 0.0125576 0.0169204 0.0219901 0.0276315 0.0335567 0.0393707 0.0446638 0.0491082 0.052534 0.0549588 0.0565502 0.0575415 0.0581494 0.0585224 0.0587015 0.0585676 0.0577904 0.0558374 0.0521197 0.0462779 0.038487 0.029561
 0.00386906 0.00622937 0.00929947 0.0130926 0.0176255 0.0228707 0.0286821 0.0347689 0.040742 0.0461883 0.0507411 0.0541513 0.056354 0.0574905 0.0578571 0.0577978 0.0575886 0.0573443 0.0569537 0.0560508 0.0540587 0.0503626 0.0446054 0.0369781 0.0282979
 0.00403268 0.00649287 0.00969273 0.0136453 0.0183655 0.0238193 0.0298448 0.0361259 0.0422453 0.0477693 0.0523241 0.0556605 0.0577043 0.0585707 0.0585266 0.0579176 0.0570752 0.0562099 0.0553051 0.0540512 0.0518841 0.0481754 0.0425491 0.035175 0.0268375
 0.00424008 0.00682163 0.010173 0.0143027 0.019221 0.0248869 0.0311254 0.0375999 0.0438673 0.0494684 0.0540095 0.0572315 0.0590631 0.059627 0.0591937 0.058106 0.0566995 0.0552169 0.0537094 0.0519544 0.0494633 0.0456504 0.0401416 0.0330708 0.0251567
 0.00449959 0.00722996 0.0107632 0.0150993 0.020239 0.0261303 0.0325813 0.0392322 0.0456158 0.0512529 0.0557372 0.0588059 0.0603909 0.0606242 0.0597864 0.0582269 0.0562852 0.0542166 0.0521093 0.0498091 0.0469164 0.042924 0.0374942 0.0307372 0.023293
 0.00477705 0.00767082 0.0114085 0.0159825 0.0213833 0.0275421 0.034241 0.041087 0.0475801 0.0532188 0.0575889 0.0604332 0.0616996 0.0615406 0.0602554 0.0582046 0.0557322 0.0530989 0.0504144 0.0475763 0.0442661 0.0400648 0.0346909 0.0282469 0.0212962
 0.00503566 0.008086 0.0120248 0.0168409 0.0225176 0.028971 0.0359557 0.0430401 0.0496834 0.0553503 0.0596085 0.0622017 0.0630972 0.0624797 0.0606826 0.058092 0.055065 0.0518687 0.0486268 0.045275 0.0415634 0.0371561 0.0318331 0.0256988 0.0192461
 0.00530087 0.00850833 0.0126454 0.0176964 0.0236385 0.0303768 0.0376448 0.0449781 0.0517959 0.0575248 0.0617041 0.0640665 0.0645898 0.0634882 0.0611348 0.0579541 0.0543316 0.0505522 0.0467569 0.0429134 0.0388284 0.0342378 0.0289776 0.0231555 0.0171991
 0.0055373 0.00889085 0.0132186 0.0185029 0.0247143 0.0317423 0.0392923 0.0468635 0.0538385 0.0596156 0.0637167 0.0658684 0.0660538 0.0645043 0.0616203 0.0578586 0.0536366 0.0492675 0.0449202 0.0405992 0.0361633 0.0314105 0.0262234 0.0207088 0.0152323
 0.00566259 0.00911622 0.013599 0.019106 0.0256091 0.0329786 0.0408786 0.0487531 0.0559319 0.0617748 0.0657864 0.0676976 0.0675131 0.0654965 0.062082 0.0577555 0.0529578 0.048024 0.0431497 0.0383772 0.0336172 0.028724 0.0236192 0.0184048 0.0133853
 0.00589409 0.00947548 0.0141107 0.0197896 0.026485 0.0340739 0.0422223 0.0503582 0.0577708 0.0637611 0.067776 0.0695137 0.0689846 0.0664917 0.0625235 0.0576166 0.0522471 0.046773 0.0414104 0.0362311 0.0311891 0.0261874 0.0211799 0.0162602 0.0116745
 0.00616951 0.00991139 0.0147444 0.0206473 0.0275774 0.0353899 0.043724 0.0519826 0.059441 0.0654001 0.069312 0.0708723 0.0700812 0.0672339 0.0628269 0.0574235 0.0515377 0.0455652 0.0397555 0.0342139 0.0289324 0.0238534 0.0189543 0.014317 0.010133
 0.00634342 0.010196 0.0151769 0.0212655 0.0284141 0.0364634 0.0450243 0.0534619 0.0610138 0.0669565 0.0707374 0.0720691 0.0709804 0.0677938 0.0630219 0.0572331 0.0509459 0.0445692 0.0383788 0.0325175 0.0270203 0.0218685 0.01706 0.0126643 0.00882401
 0.0065124 0.0104532 0.0155333 0.0217247 0.0289792 0.037144 0.0458374 0.0544214 0.0621135 0.0681541 0.0719515 0.0731919 0.0719027 0.0684295 0.0633201 0.0571749 0.0505325 0.0438131 0.0373047 0.0311729 0.0254865 0.0202619 0.0155177 0.0113141 0.00775284
 0.00658031 0.0105619 0.0156936 0.021945 0.0292639 0.0374922 0.0462434 0.054879 0.0626224 0.0687225 0.0725884 0.0738902 0.0726242 0.0691034 0.063858 0.0574942 0.0505745 0.0435504 0.0367412 0.0303427 0.0244557 0.0191269 0.0143929 0.0103088 0.00694414
 0.00662472 0.0106302 0.0157894 0.0220701 0.0294192 0.0376788 0.0464623 0.0551299 0.062903 0.0690292 0.0729198 0.0742486 0.0730117 0.0695115 0.0642574 0.0578318 0.0507833 0.0435684 0.0365297 0.0298987 0.0238161 0.0183638 0.0135997 0.00957809 0.00634462
 0.00664505 0.0106681 0.0158554 0.0221767 0.0295778 0.0378947 0.0467307 0.055435 0.0632216 0.0693375 0.0731986 0.074488 0.0732113 0.0696783 0.0643981 0.0579434 0.0508459 0.0435465 0.0363845 0.0296059 0.0233807 0.0178254 0.0130233 0.00903532 0.00589223
 0.00671497 0.0107654 0.0159722 0.0222973 0.0296855 0.0379815 0.0468031 0.0555116 0.0633227 0.0694735 0.0733647 0.0746668 0.0733825 0.0698268 0.0645169 0.0580304 0.0508965 0.0435477 0.0363151 0.0294452 0.0231217 0.0174846 0.0126404 0.00866122 0.00557165
 0.00675399 0.0108307 0.0160729 0.0224404 0.0298712 0.038198 0.0470251 0.0557063 0.0634631 0.069551 0.0733921 0.0746692 0.0733822 0.0698334 0.0645276 0.0580356 0.0508856 0.0435098 0.0362381 0.0293169 0.0229356 0.0172471 0.0123737 0.00839765 0.00534242
 0.0067432 0.010815 0.0160533 0.0224205 0.0298581 0.038202 0.0470574 0.0557745 0.0635648 0.0696719 0.0735105 0.0747663 0.0734514 0.0698813 0.0645665 0.0580738 0.0509221 0.0435349 0.036238 0.0292786 0.0228517 0.01712 0.012217 0.00823354 0.00519371
 0.00673385 0.0107979 0.0160244 0.0223755 0.0297946 0.0381226 0.0469719 0.0556997 0.0635209 0.0696753 0.0735669 0.0748678 0.073579 0.0700129 0.0646855 0.0581727 0.0510003 0.0435931 0.0362735 0.0292853 0.0228244 0.0170585 0.0121294 0.00813442 0.00509944
 0.00675616 0.0108237 0.0160434 0.0223714 0.0297484 0.0380193 0.0468076 0.0554855 0.0632825 0.0694494 0.073393 0.074778 0.0735886 0.0701158 0.0648571 0.0583801 0.0512122 0.0437862 0.0364332 0.0294034 0.0228971 0.0170873 0.0121215 0.00810211 0.00505711
 0.00675175 0.0108211 0.0160475 0.0223873 0.029778 0.0380565 0.0468357 0.0554808 0.0632244 0.0693309 0.0732279 0.0745981 0.0734337 0.0700199 0.0648382 0.0584354 0.0513224 0.0439237 0.036571 0.0295211 0.0229828 0.0171374 0.0121393 0.0080964 0.00503864
 0.00680246 0.0108877 0.0161187 0.0224442 0.0298002 0.0380316 0.0467654 0.0553794 0.0631091 0.0692129 0.0731094 0.0744781 0.0733168 0.0699205 0.0647764 0.058428 0.0513739 0.0440239 0.0366985 0.0296514 0.0230956 0.0172207 0.0121906 0.00812042 0.00504408
 0.006924 0.011071 0.016367 0.0227483 0.0301377 0.0383685 0.0470598 0.0555883 0.0632004 0.0691757 0.0729571 0.074241 0.0730299 0.0696153 0.0644794 0.058162 0.0511577 0.0438682 0.0366028 0.0296042 0.0230794 0.0172184 0.0121903 0.00811675 0.00503689
 0.0069475 0.0111163 0.016448 0.0228813 0.0303367 0.0386368 0.0473824 0.0559301 0.0635116 0.0694046 0.0730643 0.0742106 0.0728731 0.0693648 0.0641782 0.0578519 0.0508718 0.0436285 0.0364198 0.0294775 0.0229999 0.0171725 0.0121646 0.00810129 0.00502614
