SBPRF35
9.6066
Curr Bio
666118
B35
714653
F35
0.193613
FOFL
0.181105
OFL
96682.8
Bzero
2.74474e+006
#pred survey bio
 3.37999e+006 3.12188e+006 2.82365e+006 2.51272e+006 2.24583e+006 1.99131e+006 1.78191e+006 1.57598e+006 1.3905e+006 1.217e+006 1.07505e+006 968584 855358 758222 717091 665233 641079 612588 596601 576421 577646 569646 579449 577547 577639 576162 561334 565954 567285 562905 554831 533734 519655 512377 518216 520408 524051 529378 532161 542050 534498 536871 548950 549811 559405 549765 554021 525897 523807 579475 670809 690838 665629 643619 604791 570351 655973 650071 670936 672587 2.36956e+007 1.45489e+007 1.50547e+007 1.58574e+007 1.68067e+007 1.77555e+007 1.86122e+007 1.93356e+007 1.99193e+007 2.03757e+007 2.07249e+007 2.09884e+007 2.11856e+007 2.13324e+007 2.14416e+007 2.1523e+007 2.15837e+007 2.16292e+007 2.16635e+007 2.16895e+007 2.17092e+007 2.17243e+007 2.1736e+007 2.17449e+007 2.17518e+007 2.17572e+007 2.17614e+007 2.17647e+007 2.17672e+007 2.17692e+007 2.17708e+007 2.17721e+007 2.17731e+007 2.17738e+007 2.17744e+007 2.17749e+007 2.17753e+007 2.17756e+007 2.17759e+007 2.1776e+007 2.17762e+007 2.17763e+007 2.17764e+007 2.17765e+007 2.17765e+007 2.17766e+007 2.17766e+007 2.17767e+007 2.17767e+007 2.17767e+007 2.17767e+007 2.17767e+007 2.17767e+007 2.17767e+007 2.17768e+007 2.17768e+007 2.17768e+007 2.17768e+007 2.17768e+007 2.17768e+007 2.17768e+007 2.17768e+007 2.17768e+007 2.17768e+007 2.17768e+007 2.17768e+007 2.17768e+007 2.17768e+007 2.17768e+007 2.17768e+007 2.17768e+007 2.17768e+007 2.17768e+007 2.17768e+007 2.17768e+007 2.17768e+007 2.17768e+007 2.17768e+007 2.17768e+007 2.17768e+007 2.17768e+007 2.17768e+007 2.17768e+007 2.17768e+007 2.17768e+007 2.17768e+007 2.17768e+007 2.17768e+007 2.17768e+007 2.17768e+007 2.17768e+007 2.17768e+007 2.17768e+007 2.17768e+007 2.17768e+007 2.17768e+007 2.17768e+007 2.17768e+007 2.17768e+007 2.17768e+007 0 0 0 0 0 0 0 0 0 0 0 0 0 0 0 0 0 0 0 0 0 0 0 0 0
#obs survey bio
 2.14277e+006 2.69381e+006 1.83628e+006 2.8711e+006 1.16239e+006 1.60427e+006 1.76632e+006 1.2204e+006 1.55054e+006 1.27718e+006 931156 715130 922173 576281 1.03642e+006 604193 530495 511998 510402 739373 526704 399903 538606 536876 420951 396099 601340 490468 546604 556044 925674 544062 448981 453701 528726 674289 615143 461588 505322 570088 358093 489121 685839 496343 966060 575994 506069 587639 371576 614514 665393 731572 742466 848920 467005 836544 691861 846778 715669 721223
#pred catch bio
 232887 284852 315809 296042 303881 279696 289253 279863 274323 248988 218943 222790 203847 151889 157864 131650 133256 120443 121639 101753 108497 93217 102987 100461 100732 109795 91054 91734.3 93385.4 92354.2 98667.2 90548.7 87378.8 80957.3 87312.2 87157.9 86076.7 88418.6 83025.7 98225.7 90757.3 84822.7 95688.5 88514.8 103395 90026.6 116164 94488.1 50657.6 27307.1 89418.9 125296 120686 134168 129840 33294.6 114126 91992.3 110733 109391 96682.8 104830 107478 112225 118377 124617 130185 134778 138369 141069 143041 144449 145436 146119 146587 146905 147119 147262 147358 147422 147464 147492 147510 147522 147530 147536 147539 147541 147543 147544 147544 147545 147545 147545 147545 147545 147545 147546 147546 147546 147546 147546 147546 147546 147546 147546 147546 147546 147546 147546 147546 147546 147546 147546 147546 147546 147546 147546 147546 147546 147546 147546 147546 147546 147546 147546 147546 147546 147546 147546 147546 147546 147546 147546 147546 147546 147546 147546 147546 147546 147546 147546 147546 147546 147546 147546 147546 147546 147546 147546 147546 147546 147546 147546 147546 147546 147546 147546 147546 147546 0 0 0 0 0 0 0 0 0 0 0 0 0 0 0 0 0 0 0 0 0 0 0 0 0
#obs catch bio
 247643 286190 318556 297719 308398 283574 293326 284677 277999 252762 222114 227219 207070 153413 159309 133053 135630 121844 123909 102549 109631 94087.2 104012 101389 101690 111392 91723.2 92673.9 93914.1 92560.7 98292.5 89968.6 87142.3 80764.8 87357.6 86808.5 85633.4 88055.9 82501.6 97758.1 90521.1 84975 96361.7 88763.9 103489 89223 115320 94154.3 50719.8 26948.5 90190.2 125692 120084 133002 130972 32586.6 115175 91410.7 110440 109373
#pred cpue bio
 3.32757e+006 3.07165e+006 2.77541e+006 2.46574e+006 2.19986e+006 1.94655e+006 1.73835e+006 1.53406e+006 1.35035e+006 1.17886e+006 1.03865e+006 933622 822620 727809 687840 637353 613733 586056 570641 551260 552771 545093 554671 552950 553223 552036 537939 542929 544878 541313 534245 514247 499893 491205 495833 497948 501837 507234 509958 519532 511966 513829 525281 526152 535810 526883 531264 503501 500667 554681 644692 665134 640268 618092 579498 545239 628759 623643 643714 644635 2.2714e+007 1.39589e+007 1.43861e+007 1.51077e+007 1.60313e+007 1.69747e+007 1.78303e+007 1.85536e+007 1.91373e+007 1.95936e+007 1.99429e+007 2.02064e+007 2.04035e+007 2.05504e+007 2.06596e+007 2.07409e+007 2.08017e+007 2.08472e+007 2.08815e+007 2.09075e+007 2.09272e+007 2.09423e+007 2.09539e+007 2.09629e+007 2.09698e+007 2.09752e+007 2.09794e+007 2.09827e+007 2.09852e+007 2.09872e+007 2.09888e+007 2.09901e+007 2.0991e+007 2.09918e+007 2.09924e+007 2.09929e+007 2.09933e+007 2.09936e+007 2.09938e+007 2.0994e+007 2.09942e+007 2.09943e+007 2.09944e+007 2.09945e+007 2.09945e+007 2.09946e+007 2.09946e+007 2.09946e+007 2.09947e+007 2.09947e+007 2.09947e+007 2.09947e+007 2.09947e+007 2.09947e+007 2.09947e+007 2.09947e+007 2.09947e+007 2.09947e+007 2.09948e+007 2.09948e+007 2.09948e+007 2.09948e+007 2.09948e+007 2.09948e+007 2.09948e+007 2.09948e+007 2.09948e+007 2.09948e+007 2.09948e+007 2.09948e+007 2.09948e+007 2.09948e+007 2.09948e+007 2.09948e+007 2.09948e+007 2.09948e+007 2.09948e+007 2.09948e+007 2.09948e+007 2.09948e+007 2.09948e+007 2.09948e+007 2.09948e+007 2.09948e+007 2.09948e+007 2.09948e+007 2.09948e+007 2.09948e+007 2.09948e+007 2.09948e+007 2.09948e+007 2.09948e+007 2.09948e+007 2.09948e+007 2.09948e+007 2.09948e+007 2.09948e+007 2.09948e+007 2.09948e+007 2.09948e+007 0 0 0 0 0 0 0 0 0 0 0 0 0 0 0 0 0 0 0 0 0 0 0 0 0
#obs cpue bio
 4.19289e+006 2.84e+006 2.845e+006 2.27087e+006 1.89011e+006 1.91434e+006 1.88429e+006 1.31802e+006 1.46182e+006 816157 901815 912216 788743 732376 582989 418322 461961 698742 408112 506965 575359 496038 651378 491452 622513 622315 490685 484600 758158 639974 586505 603068 493841 503671 447587 546301 488717 613999 582632 583110 608410 354383 346002 571092 489238 779257 770767 423535 386614 546908 590573 747327 804987 713754 461435 644461 404920 588557 647052 461865
#pred surv len freq
 0.00544304 0.00883229 0.0132804 0.0187547 0.0251036 0.0319693 0.03876 0.0447922 0.0495472 0.0528441 0.0548143 0.0557474 0.05595 0.055672 0.0550829 0.05427 0.0532518 0.051995 0.0504103 0.0483221 0.0454468 0.0414519 0.0361313 0.0296232 0.022504
 0.0057977 0.00931818 0.0138497 0.0193215 0.0255874 0.0323527 0.0391198 0.0452701 0.0502675 0.0538263 0.0559385 0.0567962 0.0566995 0.0559802 0.0549326 0.0537558 0.0525257 0.0511969 0.049615 0.0475238 0.0445909 0.0404945 0.0350888 0.0285792 0.0215715
 0.00610983 0.00984847 0.0146828 0.0205316 0.0271999 0.0342997 0.0412201 0.0472693 0.0519335 0.0550437 0.0567317 0.0572639 0.0569137 0.0559304 0.054549 0.0529796 0.0513673 0.0497411 0.0479796 0.0458101 0.0428624 0.0387931 0.0334677 0.0271173 0.0203541
 0.00646095 0.0104047 0.0154958 0.021647 0.028657 0.0361229 0.0433962 0.0497155 0.0544765 0.0574345 0.0587052 0.0586193 0.0575713 0.0559254 0.0539723 0.0519167 0.0498778 0.0478806 0.0458275 0.0434757 0.0404701 0.0364679 0.0313286 0.0252713 0.0188793
 0.00676012 0.0108882 0.0162178 0.0226559 0.0299864 0.0377796 0.0453479 0.0518886 0.056765 0.0597106 0.060821 0.0604074 0.0588606 0.0565779 0.0539213 0.0511773 0.048525 0.0460176 0.0435694 0.0409511 0.0378278 0.0338731 0.0289462 0.0232398 0.0172845
 0.00703043 0.0113297 0.0168866 0.0236058 0.0312601 0.0393922 0.0472706 0.0540412 0.0590267 0.0619425 0.062887 0.0621838 0.0602337 0.0574407 0.0541796 0.0507682 0.0474373 0.044301 0.0413293 0.0383374 0.0350241 0.0310839 0.0263742 0.0210527 0.0155812
 0.00726626 0.0117061 0.0174408 0.0243707 0.0322616 0.0406442 0.0487658 0.0557436 0.0608694 0.0638333 0.0647179 0.0638414 0.0616081 0.0584309 0.054695 0.0507319 0.0467961 0.0430425 0.0394996 0.0360503 0.032456 0.0284535 0.023907 0.0189374 0.0139307
 0.00750588 0.0120993 0.0180387 0.0252216 0.0333996 0.042073 0.0504434 0.0575815 0.0627501 0.0656377 0.0663463 0.0652187 0.062677 0.059142 0.0549999 0.0505815 0.0461452 0.0418636 0.0378035 0.0339085 0.0300116 0.0259101 0.0214924 0.0168514 0.0122976
 0.00775342 0.0124959 0.0186255 0.0260343 0.0344642 0.0433965 0.0520023 0.0593132 0.0645553 0.0673944 0.0679306 0.0665249 0.063631 0.0597031 0.0551516 0.0503161 0.0454532 0.0407348 0.0362436 0.0319636 0.0277896 0.0235814 0.0192623 0.01491 0.0107694
 0.00806184 0.0129854 0.0193396 0.0270048 0.0357045 0.0448928 0.0537036 0.0611294 0.0663692 0.0690826 0.0693828 0.0676542 0.0643772 0.0600332 0.0550582 0.0498103 0.0445552 0.0394663 0.034631 0.0300544 0.025673 0.0213971 0.0171838 0.0131033 0.00934642
 0.0083231 0.0134052 0.0199619 0.0278664 0.0368269 0.0462704 0.0552915 0.06284 0.0680838 0.0706746 0.0707397 0.0686906 0.0650388 0.0602943 0.054916 0.0492795 0.0436613 0.0382413 0.0331143 0.0283008 0.0237655 0.0194544 0.0153493 0.0115143 0.00809607
 0.00834239 0.0134679 0.0201145 0.0281724 0.0373526 0.0470614 0.0563508 0.0641193 0.0694934 0.0721026 0.0720719 0.0698254 0.0658955 0.0608183 0.0550797 0.049079 0.0431109 0.037369 0.0319601 0.0269212 0.02224 0.017888 0.0138634 0.0102232 0.00707711
 0.00845678 0.0136532 0.0203936 0.0285698 0.0378944 0.047772 0.0572445 0.0651888 0.0706986 0.0733669 0.0732896 0.0708808 0.0666874 0.0612784 0.0551785 0.0488206 0.0425222 0.0364902 0.0308411 0.0256228 0.0208388 0.0164779 0.0125471 0.00909307 0.00619297
 0.00871863 0.0140456 0.0209226 0.0292199 0.038635 0.0485678 0.0580637 0.0660061 0.071494 0.0741228 0.0739854 0.0714861 0.0671585 0.0615632 0.055229 0.048606 0.0420365 0.0357523 0.0298903 0.0245155 0.0196466 0.0152847 0.0114409 0.00814972 0.00545923
 0.0087835 0.0141373 0.0210349 0.029338 0.0387392 0.0486409 0.0580993 0.0660141 0.0715035 0.0741787 0.0741375 0.071771 0.0675807 0.0620843 0.0557728 0.0490774 0.0423469 0.0358411 0.0297362 0.0241371 0.0190962 0.0146378 0.0107813 0.00755309 0.0049772
 0.0090342 0.0145214 0.0215676 0.030014 0.03953 0.0494939 0.0589383 0.0667474 0.0720431 0.0744665 0.074165 0.0715819 0.0672542 0.0617063 0.0554066 0.0487458 0.042032 0.0355004 0.0293269 0.0236376 0.0185166 0.0140178 0.0101775 0.00702081 0.00455426
 0.00899146 0.0144744 0.0215385 0.0300368 0.0396412 0.0497172 0.0592718 0.0671598 0.0724814 0.0748708 0.0744839 0.0717843 0.0673355 0.0616877 0.0553252 0.0486383 0.0419182 0.0353757 0.0291684 0.0234201 0.01823 0.0136764 0.00981639 0.00668274 0.00427385
 0.00907408 0.0145913 0.0216833 0.030196 0.0398022 0.0498789 0.059449 0.0673767 0.0727543 0.0751915 0.0748147 0.0720689 0.0675208 0.0617433 0.0552525 0.048465 0.0416837 0.0351137 0.0288964 0.0231399 0.0179381 0.0133754 0.00952082 0.00641501 0.0040545
 0.0089899 0.0144752 0.0215462 0.0300594 0.0396901 0.0498068 0.0594184 0.0673797 0.0727861 0.07526 0.0749376 0.0722593 0.0677706 0.0620193 0.0555081 0.0486598 0.0417971 0.0351467 0.0288623 0.0230544 0.017814 0.0132245 0.00935787 0.00625757 0.00391912
 0.00905837 0.0145644 0.0216406 0.0301337 0.0397195 0.0497815 0.0593519 0.0673039 0.0727348 0.0752524 0.0749733 0.072326 0.0678559 0.0621154 0.0556074 0.0487493 0.0418596 0.0351672 0.0288349 0.0229827 0.0177088 0.0130995 0.00922731 0.00613532 0.00381628
 0.00909506 0.0146005 0.0216512 0.0300803 0.0395594 0.0494842 0.0589155 0.0667639 0.0721613 0.0747353 0.0745997 0.0721568 0.0679098 0.0623677 0.0560027 0.0492202 0.0423419 0.0356094 0.0292019 0.0232574 0.0178903 0.0131997 0.00926596 0.00613439 0.00379584
 0.00917575 0.0147342 0.0218547 0.0303649 0.0399209 0.0498913 0.0593047 0.067049 0.0722615 0.074608 0.0742624 0.0716824 0.0674007 0.0619208 0.0556815 0.0490439 0.0422915 0.0356437 0.029275 0.0233314 0.017942 0.0132209 0.00926023 0.00611166 0.00376712
 0.00905116 0.0145444 0.0215942 0.0300403 0.0395532 0.0495156 0.058966 0.0667925 0.072116 0.0745729 0.0743073 0.071765 0.0674907 0.0620152 0.055801 0.049215 0.0425269 0.0359328 0.0295875 0.0236301 0.0181954 0.0134119 0.0093873 0.00618514 0.00380277
 0.00900976 0.0144825 0.021511 0.0299387 0.0394384 0.0493943 0.0588461 0.0666842 0.0720313 0.0745233 0.0742979 0.0717894 0.067532 0.0620537 0.055827 0.0492349 0.0425596 0.0359965 0.029688 0.0237568 0.0183275 0.0135282 0.00947476 0.00624123 0.00383297
 0.00893375 0.0143657 0.0213483 0.0297307 0.0391923 0.0491243 0.0585731 0.0664341 0.0718311 0.0743946 0.0742527 0.071828 0.0676434 0.0622183 0.0560204 0.0494354 0.0427538 0.0361814 0.0298662 0.0239292 0.0184887 0.0136687 0.00958557 0.00631909 0.00388117
 0.00877255 0.0141289 0.021039 0.029368 0.0388065 0.0487476 0.0582331 0.0661518 0.0716226 0.0742721 0.0742236 0.0718933 0.0677966 0.0624448 0.0562991 0.0497419 0.0430645 0.0364779 0.0301374 0.0241697 0.0186957 0.0138394 0.00971797 0.00641364 0.00394232
 0.00874402 0.0140799 0.0209612 0.0292544 0.0386553 0.0485674 0.0580449 0.0659847 0.0715026 0.0742114 0.0742168 0.0719238 0.0678475 0.0625073 0.0563727 0.0498295 0.0431671 0.0365923 0.0302571 0.0242875 0.0188053 0.0139355 0.00979649 0.0064727 0.00398259
 0.00852482 0.0137404 0.0204823 0.0286312 0.0379001 0.0477122 0.0571456 0.065121 0.0707688 0.0736974 0.0739861 0.0719979 0.0682016 0.0630797 0.0570839 0.0506011 0.0439353 0.0373121 0.0308999 0.0248372 0.0192549 0.0142856 0.0100542 0.0066504 0.00409622
 0.00833629 0.0134437 0.0200546 0.0280594 0.0371846 0.0468723 0.0562249 0.0641879 0.0699086 0.0729969 0.0735194 0.071815 0.0683216 0.0634873 0.0577299 0.0514114 0.0448252 0.0382021 0.0317275 0.0255606 0.0198523 0.0147516 0.0103963 0.00688508 0.0042455
 0.00809506 0.0130804 0.0195612 0.0274467 0.0364777 0.0461032 0.0554286 0.0634029 0.0691789 0.0723717 0.073049 0.0715453 0.0682878 0.0637062 0.0581935 0.052084 0.0456461 0.039095 0.0326143 0.0263748 0.0205478 0.015306 0.0108081 0.00716923 0.00442664
 0.00804317 0.012969 0.0193453 0.0270722 0.0358999 0.0453133 0.0544727 0.0623793 0.0682085 0.0715605 0.0724631 0.07121 0.0682023 0.0638597 0.0585715 0.0526638 0.0463905 0.0399485 0.0335074 0.0272351 0.0213135 0.015936 0.0112871 0.0075049 0.00464269
 0.00890454 0.0141911 0.0208523 0.0286757 0.0373445 0.0463556 0.0549508 0.0622427 0.0675109 0.0704322 0.0710779 0.0697488 0.0668208 0.062668 0.0576319 0.0520006 0.046 0.0398048 0.0335642 0.0274308 0.0215804 0.0162135 0.0115315 0.00769379 0.00477269
 0.00968423 0.0154228 0.0226286 0.0310307 0.0402146 0.0495377 0.0580857 0.0648642 0.0691719 0.070857 0.0702531 0.0679052 0.0643286 0.0599132 0.05493 0.0495637 0.0439432 0.038169 0.0323388 0.0265708 0.0210199 0.0158778 0.011349 0.00760512 0.0047351
 0.00964724 0.0154713 0.0229024 0.0317256 0.0415308 0.0515934 0.0608342 0.0680582 0.0723967 0.0736222 0.0721129 0.0685733 0.0637508 0.0582696 0.0525636 0.0468705 0.041272 0.0357655 0.0303367 0.025011 0.0198792 0.0150949 0.0108461 0.00730398 0.0045676
 0.00920834 0.0148221 0.0220528 0.0307476 0.0405655 0.0508461 0.0605505 0.0684697 0.0736355 0.075634 0.0746234 0.0711427 0.0659032 0.0596407 0.0530018 0.046453 0.0402428 0.0344326 0.0289769 0.0238148 0.018939 0.0144237 0.0104078 0.00704169 0.00442387
 0.00903018 0.0145175 0.0215697 0.0300375 0.0396061 0.0496747 0.0592928 0.0673412 0.0729022 0.0755385 0.0753008 0.0725563 0.0678296 0.0617191 0.0548399 0.0477489 0.0408693 0.0344486 0.0285699 0.0232108 0.0183265 0.0139163 0.0100452 0.00681295 0.00429527
 0.00901918 0.0144814 0.0214802 0.0298526 0.039276 0.0491547 0.0585621 0.066425 0.071889 0.0745846 0.0746094 0.0723253 0.0681801 0.0626345 0.0561492 0.0491743 0.0421212 0.0353239 0.0290066 0.0232778 0.0181645 0.0136686 0.00981196 0.0066401 0.00418762
 0.00904929 0.0145223 0.0215255 0.0298878 0.0392777 0.0490908 0.058395 0.0661185 0.0714218 0.0739688 0.0739069 0.0716527 0.0676889 0.0624666 0.0563794 0.0497683 0.0429365 0.0361614 0.0296875 0.0237065 0.0183438 0.0136703 0.0097269 0.00653925 0.00410777
 0.00910264 0.0146052 0.0216423 0.0300387 0.0394559 0.0492806 0.0585692 0.0662385 0.0714429 0.0738508 0.0736286 0.0712267 0.067172 0.0619566 0.0559928 0.0495997 0.0430173 0.0364421 0.0300586 0.0240481 0.0185758 0.0137738 0.00973221 0.00649489 0.00405396
 0.00911788 0.014623 0.0216567 0.0300405 0.0394366 0.049237 0.0585062 0.0661672 0.0713739 0.0737858 0.0735567 0.0711286 0.067032 0.0617776 0.0558059 0.0494591 0.0429793 0.0365354 0.0302656 0.0243108 0.0188238 0.0139566 0.0098351 0.00653329 0.00405539
 0.00937702 0.0150152 0.0221915 0.0307046 0.040194 0.0500323 0.0592688 0.0668183 0.0718395 0.0740132 0.0735262 0.0708531 0.0665484 0.061137 0.0550692 0.0486955 0.0422612 0.0359269 0.0298054 0.0240012 0.0186348 0.0138439 0.00976023 0.00647494 0.00400747
 0.00937879 0.0150434 0.0222799 0.0308975 0.0405319 0.0505301 0.0598989 0.0675096 0.0724961 0.0745426 0.073862 0.0709648 0.0664389 0.0608341 0.0546168 0.0481477 0.0416777 0.0353671 0.0293195 0.0236198 0.0183633 0.0136656 0.00964831 0.00640431 0.00396136
 0.00915605 0.0147148 0.0218497 0.0303969 0.0400176 0.0500766 0.0595872 0.0674107 0.0726502 0.0749395 0.0744372 0.0716163 0.0670584 0.061337 0.0549576 0.0483202 0.0417067 0.0352958 0.0291974 0.0234907 0.0182563 0.0135921 0.00960501 0.00638119 0.00394885
 0.00901549 0.0145003 0.0215539 0.0300251 0.0395893 0.0496268 0.0591667 0.0670825 0.0724781 0.0749707 0.0746847 0.0720504 0.0676109 0.0619183 0.0554804 0.0487215 0.0419594 0.0354083 0.0292031 0.0234337 0.0181771 0.0135186 0.00955012 0.00634598 0.00392855
 0.00875833 0.0141057 0.0210049 0.0293237 0.0387585 0.0487112 0.0582335 0.0662201 0.071785 0.0745377 0.0745746 0.0722839 0.0681606 0.0627117 0.056413 0.049678 0.0428383 0.0361416 0.0297642 0.0238315 0.0184422 0.0136878 0.00965562 0.00641078 0.00396736
 0.0089118 0.0143079 0.0212217 0.0294945 0.0388129 0.0485959 0.0579347 0.0657682 0.0712426 0.0739799 0.0740741 0.0719027 0.0679452 0.0626862 0.0565719 0.0499834 0.0432275 0.0365436 0.0301194 0.0241056 0.0186289 0.0138009 0.00971723 0.00644157 0.00398191
 0.00909184 0.0145678 0.0215498 0.0298535 0.0391428 0.0488241 0.0579903 0.0655988 0.0708342 0.0733702 0.0733513 0.0711837 0.0673426 0.0622805 0.0563978 0.0500313 0.0434521 0.0368778 0.0304906 0.0244521 0.0189115 0.0140062 0.00985156 0.00652168 0.00402591
 0.00961377 0.0153763 0.0226887 0.0313277 0.0409072 0.0507732 0.0599505 0.067341 0.0721148 0.073995 0.0732302 0.0703548 0.065957 0.0605582 0.0545724 0.0483011 0.0419497 0.0356631 0.0295626 0.0237716 0.0184252 0.013664 0.00961475 0.00636273 0.00392456
 0.00956387 0.0153462 0.0227378 0.0315419 0.0413767 0.0515547 0.0610338 0.0686356 0.0734657 0.0752156 0.0741417 0.0708219 0.0659166 0.0600343 0.0536705 0.0471796 0.0407782 0.0345816 0.0286576 0.023073 0.0179199 0.0133165 0.00938511 0.00621639 0.00383521
 0.00889875 0.0143177 0.0212946 0.0296889 0.0391924 0.049207 0.0587826 0.0668019 0.0723537 0.0750161 0.0748653 0.0722985 0.0678568 0.062119 0.0556323 0.0488519 0.0421045 0.0355902 0.0294185 0.023657 0.0183764 0.0136712 0.00965002 0.00640126 0.0039536
 0.00839825 0.0134806 0.0199951 0.0278059 0.0366493 0.0460309 0.0551585 0.0630834 0.0690078 0.0725168 0.0735781 0.0723938 0.0692735 0.0645877 0.0587509 0.0521906 0.0453029 0.0384138 0.0317639 0.0255191 0.0198028 0.0147263 0.0103982 0.00690352 0.00426833
 0.008595 0.0137726 0.0203765 0.0282366 0.0370444 0.0462568 0.0550454 0.0624667 0.0677972 0.0707659 0.0715126 0.0703682 0.0676687 0.063691 0.0586719 0.0528443 0.0464616 0.0397984 0.0331308 0.0267108 0.0207523 0.0154326 0.010894 0.00723248 0.00447321
 0.00889393 0.0142701 0.0211432 0.0293353 0.0385036 0.048032 0.0569849 0.0643081 0.0692117 0.0714433 0.0712562 0.0691681 0.0657227 0.0613591 0.0563724 0.0509291 0.0451235 0.0390482 0.0328445 0.0267109 0.0208804 0.0155848 0.0110213 0.00732237 0.00453023
 0.00908142 0.0145697 0.0215861 0.0299521 0.039324 0.049079 0.058261 0.0657716 0.070754 0.0728798 0.0723467 0.0696727 0.0654805 0.0603589 0.0547767 0.0490325 0.0432576 0.0374772 0.0316992 0.0259865 0.0204841 0.0153987 0.0109474 0.00729826 0.00452438
 0.00932983 0.0149715 0.022186 0.0307873 0.040414 0.0504118 0.0597808 0.0673808 0.0723294 0.0742939 0.0734783 0.0704037 0.0656968 0.059972 0.0537664 0.0474855 0.0413705 0.0355106 0.0299003 0.0245207 0.0194078 0.014678 0.0105014 0.00703982 0.00438277
 0.00947078 0.0152074 0.0225539 0.0313263 0.0411575 0.0513746 0.0609452 0.0686885 0.0736872 0.0755891 0.0745967 0.0712436 0.066175 0.0600252 0.0533566 0.0466155 0.0401048 0.0339838 0.0282971 0.0230284 0.0181645 0.0137444 0.00986503 0.00664334 0.00415558
 0.00870658 0.0140006 0.0208109 0.0290026 0.0382884 0.0481121 0.0575825 0.0656398 0.0714027 0.0744326 0.0747426 0.0726386 0.0685673 0.0630382 0.0565757 0.0496689 0.0427234 0.0360323 0.0297709 0.024019 0.0188058 0.014162 0.0101474 0.00683961 0.00428961
 0.00918709 0.0146807 0.0216433 0.0298701 0.0390237 0.0485393 0.0575621 0.0651063 0.0703908 0.0730881 0.0733043 0.0713817 0.0677245 0.0627292 0.056777 0.0502341 0.0434429 0.036705 0.0302622 0.024285 0.0188808 0.0141203 0.0100632 0.00676161 0.00423682
 0.00924253 0.014805 0.0218885 0.0302922 0.0396514 0.0493331 0.0583896 0.0657598 0.070655 0.0728268 0.0725221 0.0702309 0.0664562 0.0616121 0.0560161 0.0499156 0.043523 0.0370451 0.0306922 0.0246659 0.0191405 0.0142537 0.0101057 0.00675765 0.00421943
 0.00895362 0.0144236 0.0214797 0.0299752 0.0395726 0.0496155 0.0590824 0.066808 0.0718982 0.0740281 0.0734266 0.0706415 0.0663026 0.0609785 0.0551082 0.0489804 0.0427596 0.0365478 0.0304465 0.0245886 0.0191359 0.0142549 0.010087 0.00672286 0.00418229
#obs surv len freq
 0.00497135 0.00814236 0.0123837 0.0177083 0.0239892 0.0308604 0.0376964 0.0437746 0.048546 0.0518116 0.0536913 0.0544706 0.0544683 0.0539793 0.0532622 0.0525296 0.0519261 0.0514865 0.0510728 0.0503159 0.0486337 0.0453954 0.0402241 0.0332887 0.0253716
 0.00518287 0.00849039 0.0129153 0.0184701 0.0250187 0.0321715 0.0392646 0.045531 0.0503866 0.0536157 0.0553411 0.0558623 0.0555155 0.0546134 0.0534313 0.0522002 0.0510886 0.0501629 0.0493235 0.0482439 0.0463823 0.0431367 0.0381347 0.0315158 0.024001
 0.00541106 0.00886234 0.0134772 0.0192665 0.026085 0.0335218 0.0408784 0.0473467 0.0523079 0.0555279 0.0571267 0.057412 0.0567339 0.0554209 0.0537646 0.0520126 0.0503523 0.048877 0.0475266 0.0460279 0.0438983 0.0405848 0.0357325 0.0294525 0.0223927
 0.00565704 0.00926515 0.0140888 0.0201368 0.0272521 0.0349968 0.0426299 0.0492968 0.0543444 0.0575266 0.0589712 0.0590026 0.0579872 0.0562664 0.0541422 0.0518712 0.0496534 0.0476028 0.045696 0.0437164 0.0412523 0.0378166 0.0330877 0.0271542 0.0205855
 0.00589309 0.00965416 0.0146841 0.0209917 0.0284096 0.0364736 0.0443992 0.0512822 0.0564302 0.0595803 0.0608658 0.0606298 0.059262 0.0571246 0.0545339 0.0517548 0.0489929 0.0463742 0.0439043 0.0414197 0.0385833 0.0349845 0.0303476 0.0247476 0.0186768
 0.00614723 0.0100663 0.0153027 0.0218619 0.0295659 0.0379272 0.0461247 0.0532109 0.0584578 0.0615845 0.0627243 0.0622334 0.0605209 0.0579701 0.0549163 0.0516377 0.0483481 0.0451824 0.0421678 0.0391862 0.0359711 0.0321902 0.0276209 0.0223332 0.0167481
 0.00637908 0.010451 0.0158958 0.0227189 0.0307302 0.0394113 0.0478922 0.0551733 0.0604901 0.0635531 0.0645096 0.0637401 0.0616768 0.0587214 0.0552227 0.0514687 0.0476802 0.0440009 0.0404765 0.0370285 0.0334539 0.0294945 0.0249815 0.0199858 0.014864
 0.00660958 0.0108289 0.0164708 0.0235399 0.0318368 0.0408189 0.0495764 0.0570616 0.0624699 0.0654904 0.0662724 0.0652155 0.0627812 0.059402 0.0554515 0.0512327 0.0469726 0.0428193 0.0388316 0.0349632 0.0310659 0.0269481 0.0224911 0.0177689 0.013081
 0.00684951 0.0112206 0.017063 0.0243787 0.0329557 0.042225 0.0512354 0.0588939 0.0643615 0.0673154 0.0679124 0.0665713 0.0637764 0.0599841 0.0555914 0.0509205 0.0462114 0.0416205 0.0372182 0.0329835 0.0288126 0.0245698 0.0201792 0.0157173 0.0114326
 0.00705412 0.0115584 0.017581 0.0251232 0.0339631 0.043506 0.0527601 0.0605864 0.0661119 0.0690013 0.0694201 0.067808 0.0646742 0.0604984 0.0556976 0.05061 0.0454878 0.040498 0.0357247 0.0311705 0.0267691 0.0224298 0.018111 0.0138888 0.00996661
 0.00727354 0.0119162 0.0181214 0.0258876 0.0349814 0.0447832 0.0542623 0.0622365 0.0677992 0.0706026 0.0708212 0.0689175 0.0654293 0.0608652 0.055666 0.0501871 0.0446908 0.0393514 0.034263 0.0294472 0.0248684 0.0204721 0.0162424 0.0122518 0.00866257
 0.00744919 0.0122046 0.0185604 0.0265142 0.0358237 0.0458491 0.055527 0.0636383 0.0692479 0.0719961 0.0720616 0.0699219 0.066135 0.0612316 0.0556746 0.0498385 0.0440006 0.0383462 0.0329805 0.0279415 0.0232182 0.0187841 0.0146416 0.0108572 0.00755659
 0.00753324 0.0123474 0.0187873 0.0268536 0.0363028 0.0464856 0.0563207 0.0645658 0.0702642 0.073041 0.0730674 0.0708193 0.0668593 0.0617274 0.0559007 0.0497703 0.0436312 0.0376859 0.0320573 0.0268034 0.0219365 0.0174532 0.0133694 0.0097445 0.00667263
 0.00758162 0.0124212 0.0188902 0.0269881 0.0364736 0.0467025 0.0565996 0.0649254 0.0707191 0.0735927 0.0736983 0.0714919 0.0675197 0.0623128 0.0563479 0.0500243 0.0436517 0.0374529 0.0315745 0.0261008 0.0210716 0.0165071 0.0124362 0.00891252 0.00600378
 0.00765359 0.0125283 0.0190329 0.0271602 0.0366635 0.0468973 0.0567888 0.0651047 0.0708937 0.0737779 0.0739157 0.0717596 0.0678408 0.0626684 0.0566968 0.0503108 0.0438178 0.0374507 0.0313773 0.0257106 0.0205217 0.015859 0.0117677 0.00829972 0.00550244
 0.00774289 0.0126665 0.0192272 0.0274109 0.0369627 0.0472267 0.0571203 0.0654038 0.0711283 0.0739298 0.0739883 0.0717771 0.0678385 0.0626778 0.0567325 0.0503632 0.0438548 0.0374279 0.0312531 0.0254615 0.0201525 0.015404 0.0112824 0.00784411 0.00512354
 0.00780544 0.0127665 0.0193743 0.0276122 0.0372197 0.0475328 0.0574571 0.0657413 0.0714299 0.0741615 0.0741274 0.0718186 0.0677962 0.0625797 0.0566116 0.0502449 0.0437471 0.0373185 0.0311155 0.0252686 0.0198915 0.0150851 0.010937 0.00751366 0.004844
 0.00781342 0.0127795 0.0193943 0.0276416 0.0372622 0.0475934 0.0575412 0.0658528 0.0715681 0.0743188 0.0742886 0.0719642 0.0679081 0.0626477 0.0566365 0.0502366 0.0437178 0.0372741 0.0310512 0.0251719 0.0197513 0.0149016 0.010726 0.00730156 0.0046575
 0.0078597 0.0128445 0.019473 0.0277235 0.0373343 0.0476455 0.0575708 0.065866 0.0715768 0.0743358 0.074323 0.0720177 0.0679741 0.0627136 0.0566887 0.0502656 0.0437205 0.0372519 0.0310058 0.0251022 0.0196546 0.0147787 0.0105853 0.00715869 0.00452977
 0.0078672 0.0128569 0.0194915 0.0277483 0.0373628 0.0476716 0.0575848 0.065858 0.0715423 0.0742805 0.0742632 0.0719746 0.0679652 0.0627451 0.0567537 0.0503484 0.0438026 0.0373182 0.0310465 0.0251124 0.0196332 0.0147286 0.010514 0.00707797 0.00445275
 0.00788802 0.0128849 0.0195231 0.0277767 0.0373807 0.0476738 0.0575708 0.065831 0.0715065 0.0742389 0.0742178 0.0719292 0.0679274 0.0627253 0.0567604 0.0503832 0.0438588 0.0373824 0.0311041 0.0251513 0.019647 0.0147167 0.0104814 0.00703369 0.00440674
 0.00789363 0.0128915 0.0195282 0.027776 0.0373685 0.0476447 0.0575212 0.0657612 0.0714219 0.0741496 0.0741366 0.0718678 0.0678934 0.062722 0.0567874 0.0504379 0.0439356 0.0374726 0.0311958 0.0252319 0.0197065 0.0147504 0.010491 0.00702537 0.00438912
 0.00792181 0.0129321 0.0195794 0.0278324 0.0374221 0.0476867 0.0575436 0.0657582 0.0713906 0.074091 0.0740564 0.0717762 0.0678036 0.0626466 0.0567359 0.050415 0.043941 0.0375015 0.0312397 0.0252806 0.0197496 0.0147809 0.010506 0.007027 0.00438226
 0.00788051 0.0128707 0.0194976 0.0277336 0.0373121 0.0475718 0.0574298 0.0656508 0.0712953 0.0740139 0.0740033 0.0717518 0.0678099 0.0626835 0.0568014 0.0505052 0.0440508 0.0376238 0.031366 0.0254011 0.019855 0.0148642 0.0105647 0.00706275 0.00440029
 0.007892 0.0128797 0.0194939 0.0277025 0.0372401 0.0474538 0.057274 0.0654783 0.0711322 0.0738822 0.0739149 0.0717083 0.067807 0.062715 0.0568616 0.0505892 0.0441534 0.0377391 0.0314867 0.0255188 0.0199613 0.0149522 0.0106306 0.0071069 0.00442623
 0.00787156 0.01285 0.0194551 0.0276557 0.0371848 0.0473858 0.0571857 0.0653623 0.0709883 0.073722 0.0737611 0.0715873 0.0677393 0.0627085 0.056912 0.0506845 0.0442791 0.0378818 0.0316345 0.0256613 0.0200897 0.0150595 0.0107131 0.00716461 0.00446259
 0.00783342 0.0127852 0.0193529 0.0275059 0.0369822 0.047135 0.056905 0.0650807 0.0707372 0.0735258 0.0736323 0.0715286 0.0677493 0.0627849 0.0570501 0.0508748 0.0445067 0.0381281 0.0318809 0.0258916 0.0202915 0.0152251 0.0108395 0.00725361 0.00451987
 0.00782918 0.0127752 0.0193318 0.027466 0.0369142 0.0470306 0.0567595 0.0648967 0.0705266 0.0733092 0.073435 0.0713747 0.0676556 0.0627585 0.05709 0.0509741 0.0446546 0.0383102 0.0320804 0.0260909 0.0204749 0.015381 0.0109617 0.00734161 0.00457773
 0.00780289 0.0127322 0.0192667 0.0273737 0.036791 0.0468757 0.0565765 0.0646945 0.0703178 0.0731085 0.0732583 0.0712377 0.0675726 0.0627401 0.0571401 0.0510892 0.0448238 0.0385181 0.0323085 0.0263202 0.0206877 0.0155637 0.0111063 0.00744671 0.00464751
 0.00779065 0.0127096 0.0192277 0.0273112 0.0366982 0.0467493 0.0564191 0.0645147 0.0701292 0.0729262 0.0730962 0.0711075 0.0674838 0.0627004 0.057155 0.0511603 0.044948 0.038686 0.0325055 0.0265281 0.0208883 0.0157412 0.0112503 0.00755358 0.00471971
 0.00773735 0.0126265 0.0191095 0.0271551 0.0365051 0.0465238 0.0561706 0.0642584 0.0698845 0.0727136 0.0729339 0.0710082 0.0674536 0.0627387 0.0572563 0.0513166 0.0451493 0.0389207 0.0327595 0.026785 0.0211307 0.0159535 0.0114221 0.00768116 0.00480616
 0.0093326 0.0148565 0.0217944 0.029904 0.0388301 0.048022 0.0566675 0.0638338 0.0687863 0.0712337 0.0713158 0.0694161 0.0659812 0.0614324 0.0561346 0.0503816 0.0443939 0.0383321 0.0323205 0.0264753 0.0209267 0.0158302 0.0113552 0.00764959 0.00479406
 0.00930277 0.0151052 0.0226923 0.0319118 0.0422971 0.0529146 0.0623983 0.0693579 0.0729744 0.0733191 0.0711487 0.0674019 0.0628024 0.0577571 0.0524513 0.0469747 0.0413951 0.0357841 0.0302217 0.0248022 0.0196426 0.0148884 0.0107005 0.00722201 0.00453393
 0.00895962 0.0145652 0.0219349 0.0309869 0.0413793 0.0523395 0.0626221 0.0707943 0.0757466 0.0770752 0.0751068 0.0706472 0.0646703 0.0580632 0.0514592 0.0451788 0.0392877 0.0337218 0.0284035 0.0233079 0.0184815 0.0140329 0.010105 0.00683313 0.00429757
 0.00879527 0.0142862 0.0214939 0.0303358 0.0404875 0.0512276 0.061404 0.0697059 0.0751256 0.0772681 0.0763126 0.0727717 0.0672932 0.0605755 0.0533104 0.0460876 0.0392976 0.0330999 0.0274781 0.0223455 0.0176413 0.0133786 0.00963917 0.006527 0.00411179
 0.00871634 0.0141519 0.0212799 0.0300132 0.0400266 0.0506059 0.0606194 0.0687935 0.0741765 0.0764406 0.0758204 0.0728299 0.068024 0.0619174 0.0549966 0.0477323 0.0405528 0.0337882 0.0276271 0.0221217 0.0172457 0.0129691 0.00930186 0.00628789 0.00396121
 0.00869534 0.0141144 0.0212165 0.0299115 0.0398712 0.0503803 0.0603085 0.0683875 0.0736777 0.0758735 0.0752457 0.0723519 0.0677787 0.0620293 0.0555149 0.0485826 0.0415443 0.0346868 0.0282542 0.0224179 0.0172663 0.012828 0.00910968 0.00611589 0.00383761
 0.00866821 0.0140714 0.0211537 0.0298255 0.039759 0.0502391 0.0601357 0.0681807 0.0734345 0.0755931 0.0749336 0.0720288 0.0674897 0.0618446 0.0555128 0.048814 0.0419957 0.0352691 0.0288326 0.0228703 0.0175322 0.01292 0.00908682 0.00604444 0.00376436
 0.00865894 0.0140539 0.0211232 0.029776 0.0396853 0.0501389 0.0600111 0.068038 0.0732811 0.0754342 0.0747705 0.0718613 0.0673227 0.0616958 0.0554162 0.0488133 0.0421241 0.0355258 0.0291727 0.0232185 0.017816 0.0131 0.00916609 0.00605441 0.00374208
 0.00864845 0.0140417 0.0211134 0.0297745 0.039697 0.0501636 0.0600414 0.0680602 0.0732803 0.0753995 0.0746983 0.071755 0.0671904 0.0615498 0.0552748 0.0487018 0.0420711 0.0355526 0.0292795 0.0233793 0.0179876 0.0132416 0.00925596 0.00609419 0.00374817
 0.00862557 0.0140067 0.0210651 0.0297144 0.0396293 0.0500962 0.0599845 0.0680239 0.0732698 0.0754121 0.074723 0.0717763 0.0671951 0.0615316 0.0552369 0.0486562 0.0420362 0.0355477 0.0293172 0.0234583 0.0180913 0.0133453 0.00933844 0.00614615 0.00377268
 0.00863191 0.0140132 0.0210678 0.0297075 0.0396071 0.0500557 0.0599282 0.0679598 0.0732097 0.0753676 0.0747008 0.0717761 0.0672092 0.0615488 0.0552468 0.0486545 0.0420268 0.0355411 0.0293256 0.0234889 0.0181424 0.0134063 0.00939565 0.00618947 0.00379907
 0.00864749 0.0140377 0.0211027 0.0297528 0.0396604 0.050111 0.0599762 0.0679896 0.0732129 0.0753419 0.0746521 0.0717158 0.0671494 0.061497 0.0552046 0.048619 0.041995 0.0355131 0.0293056 0.0234821 0.0181511 0.0134277 0.00942278 0.00621466 0.0038175
 0.00862775 0.0140102 0.0210701 0.0297204 0.0396349 0.0500982 0.0599787 0.0680058 0.0732373 0.0753668 0.0746699 0.0717224 0.0671449 0.0614857 0.0551921 0.0486096 0.0419901 0.0355125 0.0293088 0.02349 0.0181647 0.0134465 0.00944421 0.0062349 0.00383345
 0.00864462 0.0140341 0.0210995 0.0297522 0.0396657 0.0501263 0.060005 0.0680331 0.0732675 0.0753988 0.0746985 0.0717396 0.0671439 0.0614636 0.0551518 0.0485577 0.0419349 0.035461 0.0292657 0.0234577 0.0181439 0.0134363 0.00944229 0.00623799 0.0038383
 0.0086033 0.0139747 0.0210245 0.0296686 0.0395828 0.0500524 0.0599452 0.0679898 0.0732421 0.0753936 0.0747162 0.0717809 0.0672049 0.061536 0.0552248 0.0486227 0.0419872 0.0355005 0.0292951 0.0234806 0.0181631 0.0134535 0.00945769 0.00625117 0.00384864
 0.0086033 0.0139747 0.0210245 0.0296686 0.0395828 0.0500524 0.0599452 0.0679898 0.0732421 0.0753936 0.0747162 0.0717809 0.0672049 0.061536 0.0552248 0.0486227 0.0419872 0.0355005 0.0292951 0.0234806 0.0181631 0.0134535 0.00945769 0.00625117 0.00384864
 0.00889912 0.0144358 0.0216797 0.0305268 0.0406263 0.0512292 0.0611636 0.0691236 0.0741536 0.0759666 0.0748863 0.0715475 0.0666246 0.0607022 0.0542438 0.0475932 0.040988 0.0345868 0.0285006 0.0228218 0.017643 0.0130644 0.00918373 0.00607105 0.00373892
 0.00880952 0.0143282 0.0215884 0.0305075 0.0407417 0.0515256 0.06165 0.0697642 0.074876 0.0766794 0.0754975 0.0719799 0.0668286 0.0606641 0.0539868 0.0471698 0.0404659 0.034033 0.0279707 0.0223539 0.017258 0.0127683 0.00897135 0.00592955 0.0036519
 0.00829154 0.013492 0.0203478 0.0288057 0.0385853 0.0490269 0.0590528 0.0674186 0.0731514 0.0758496 0.0756575 0.0730349 0.0685457 0.062752 0.0561684 0.04923 0.0422712 0.0355268 0.0291525 0.0232555 0.0179237 0.013243 0.00929599 0.00614051 0.00378071
 0.0079381 0.0128775 0.019351 0.0272941 0.0364526 0.0462517 0.0557554 0.0638828 0.0697877 0.0731109 0.0739358 0.0725708 0.0693733 0.0646973 0.0589032 0.0523609 0.0454313 0.0384383 0.03165 0.0252745 0.0194722 0.0143722 0.0100771 0.00664987 0.00409139
 0.00833292 0.0134776 0.0201693 0.0282961 0.0375417 0.0472604 0.0564532 0.0640177 0.0691672 0.0716939 0.0718853 0.0702301 0.067169 0.0630105 0.0579627 0.052198 0.0459044 0.0393093 0.0326709 0.0262519 0.0202931 0.0149963 0.0105136 0.00693291 0.00426177
 0.00854659 0.01387 0.020839 0.0293516 0.0390608 0.0492307 0.0587211 0.0662829 0.0710403 0.0727987 0.0719678 0.0692359 0.0652673 0.0605546 0.0553925 0.0499155 0.0441705 0.0382009 0.0321082 0.0260707 0.0203211 0.0151025 0.0106226 0.00701492 0.00431339
 0.00866685 0.0140824 0.0211927 0.0299097 0.0398941 0.0504011 0.0602543 0.0681363 0.0730762 0.0747776 0.073578 0.0701638 0.0652925 0.0596316 0.0536798 0.0477337 0.0419021 0.0361756 0.0305228 0.0249704 0.0196377 0.014718 0.0104226 0.00691561 0.00426467
 0.00880726 0.0143139 0.0215476 0.0304209 0.0405909 0.0513005 0.0613533 0.0694076 0.0744681 0.0762127 0.0749444 0.0713078 0.0660287 0.0597848 0.0531495 0.0465496 0.0402375 0.0343005 0.0287182 0.0234458 0.0184889 0.0139363 0.00993629 0.00663547 0.00411345
 0.00893631 0.0145276 0.0218761 0.0308938 0.0412301 0.05211 0.0623097 0.0704596 0.0755469 0.0772485 0.0758774 0.0720849 0.0665912 0.060058 0.0530505 0.0460179 0.0392763 0.0330032 0.0272558 0.0220168 0.017257 0.0129889 0.00928092 0.00622445 0.00387812
 0.00808532 0.0131923 0.0199636 0.02837 0.0381495 0.0486483 0.0587848 0.0673047 0.0732207 0.0761095 0.0760851 0.0735708 0.0690975 0.0632113 0.0564404 0.0492667 0.0420949 0.0352284 0.0288592 0.0230799 0.0179202 0.0133949 0.00953687 0.00639367 0.0039914
 0.00865417 0.0139874 0.0209171 0.0293298 0.0389113 0.0490156 0.0586259 0.0665893 0.07203 0.0746265 0.074563 0.0722786 0.0682513 0.0629172 0.0566704 0.0498774 0.0428782 0.0359776 0.0294262 0.023406 0.0180304 0.0133639 0.0094463 0.00630183 0.0039248
 0.00860431 0.013985 0.0210515 0.0297123 0.0396213 0.0500276 0.0597651 0.0675606 0.0725239 0.0744512 0.0737266 0.0709819 0.0668066 0.0616386 0.0557835 0.0494707 0.0429035 0.0362902 0.0298487 0.0237902 0.0182949 0.0134969 0.00948187 0.00628696 0.00389612
 0.00883448 0.0143349 0.0215367 0.0303418 0.0404071 0.0509916 0.0609264 0.0688967 0.0739255 0.0757039 0.0745559 0.0711532 0.066233 0.0604299 0.0542065 0.0478442 0.0414867 0.0352158 0.0291204 0.0233278 0.0179956 0.0132813 0.00930978 0.00614831 0.00379246
#pred catch len freq
 0.00458257 0.00730595 0.010762 0.0149008 0.0196802 0.0250285 0.0307718 0.0366158 0.0422107 0.0472374 0.0514596 0.0547436 0.0570643 0.0584899 0.0591407 0.0591411 0.0585883 0.0575351 0.055963 0.0537376 0.0505839 0.0461566 0.0402399 0.0329945 0.0250661
 0.0049447 0.00781349 0.0113806 0.0155611 0.0203147 0.0256204 0.0313801 0.0373493 0.0431565 0.0483874 0.0526829 0.0558259 0.0577917 0.0587311 0.0588886 0.0585013 0.0577249 0.0565987 0.0550332 0.0528066 0.0495913 0.0450543 0.0390472 0.031806 0.024008
 0.00527717 0.00835561 0.012194 0.0166896 0.0217597 0.0273143 0.033178 0.0390629 0.0446255 0.0495444 0.0535591 0.0564877 0.058258 0.0589381 0.0587276 0.0578948 0.0566825 0.0552158 0.0534415 0.0511175 0.0478715 0.0433452 0.0374021 0.0303078 0.0227497
 0.00563018 0.00890649 0.012984 0.0177515 0.0231229 0.0290044 0.0351986 0.0413612 0.0470616 0.0518938 0.0555649 0.0579422 0.0590641 0.0591084 0.0583288 0.0569894 0.0553129 0.0534296 0.0513201 0.0487782 0.0454489 0.0409726 0.0352057 0.0284013 0.0212184
 0.00596374 0.00943204 0.0137447 0.0187789 0.0244362 0.0306081 0.0370776 0.043476 0.0493442 0.0542415 0.0578312 0.0599366 0.0605776 0.0599646 0.0584322 0.0563403 0.0539834 0.0515272 0.0489682 0.0461175 0.0426428 0.0382029 0.0326532 0.0262186 0.0195007
 0.00624768 0.00988478 0.0144108 0.0196977 0.0256387 0.032111 0.038873 0.0455209 0.0515591 0.0565174 0.0600393 0.061937 0.0622229 0.061106 0.0589354 0.0561116 0.052994 0.0498236 0.0466639 0.043378 0.0396719 0.035227 0.0298966 0.0238669 0.0176648
 0.00654132 0.010342 0.015063 0.0205652 0.0267336 0.0334397 0.0404323 0.0472896 0.053489 0.0585296 0.0620282 0.0637793 0.0637897 0.0622727 0.0595874 0.0561508 0.0523517 0.0484802 0.0446687 0.0408584 0.0368268 0.0323031 0.0271484 0.0215074 0.015822
 0.00682841 0.0107979 0.0157294 0.0214744 0.0279045 0.0348707 0.0420932 0.0491181 0.0553977 0.0604204 0.0638047 0.065352 0.065076 0.0631942 0.0600694 0.0561224 0.0517523 0.047273 0.0428636 0.0385355 0.0341478 0.0294985 0.0244758 0.0191929 0.0140072
 0.00714065 0.0112851 0.0164259 0.022402 0.0290734 0.0362793 0.0437216 0.0509181 0.0572881 0.062291 0.0655314 0.0668178 0.0661886 0.0638939 0.0603227 0.0559085 0.0510516 0.0460693 0.041161 0.0363859 0.031674 0.0268944 0.021975 0.017012 0.0122884
 0.00748279 0.0118176 0.0171836 0.0234034 0.0303202 0.0377559 0.0453911 0.0527175 0.0591293 0.0640691 0.0671359 0.0681432 0.0671461 0.0644209 0.0603878 0.0555072 0.0501956 0.0447767 0.0394592 0.0343283 0.0293623 0.0244882 0.0196725 0.0150033 0.0107024
 0.00775666 0.0122492 0.0178085 0.0242472 0.0313966 0.0390622 0.0469004 0.0543726 0.0608433 0.0657351 0.068641 0.0693831 0.0680359 0.0649026 0.0604318 0.0551097 0.0493721 0.0435563 0.0378835 0.0324591 0.0272951 0.0223596 0.0176476 0.0132405 0.00931051
 0.00787462 0.0124543 0.0181421 0.0247573 0.0321291 0.0400455 0.0481293 0.0558004 0.062386 0.067285 0.0700828 0.0706082 0.0689543 0.0654504 0.0605749 0.054841 0.0487062 0.0425243 0.036531 0.0308509 0.0255224 0.0205432 0.0159271 0.011747 0.00813268
 0.00803001 0.0126983 0.0184953 0.0252377 0.0327549 0.0408362 0.0491002 0.0569501 0.0636817 0.0686539 0.0714168 0.0717828 0.0698551 0.065995 0.060722 0.0545869 0.0480748 0.0415573 0.0352831 0.0293911 0.0239387 0.0189437 0.0144303 0.0104598 0.00712445
