SBPRF35
10.2042
Curr Bio
619246
B35
741573
F35
0.190495
FOFL
0.157913
OFL
78615.7
Bzero
2.91549e+06
#pred survey bio
 4.02901e+06 3.82881e+06 3.65429e+06 3.43552e+06 3.17781e+06 2.90445e+06 2.62539e+06 2.33879e+06 2.08865e+06 1.86263e+06 1.64637e+06 1.47251e+06 1.30907e+06 1.15632e+06 1.02276e+06 934732 829389 759436 698390 660588 639000 604654 608280 590696 584416 580688 583469 575934 570317 564694 557268 550739 545660 532669 524489 507209 495891 489808 500130 511736 514597 518496 525066 526116 533531 540221 555085 564620 570873 572781 569351 578189 570740 539508 537855 574989 560390 600041 596838 610250 569988 585123 602260 624675 2.192e+07 1.35206e+07 1.41072e+07 1.51111e+07 1.63432e+07 1.76013e+07 1.87532e+07 1.97357e+07 2.05344e+07 2.11623e+07 2.16447e+07 2.20097e+07 2.22832e+07 2.2487e+07 2.26385e+07 2.27512e+07 2.28352e+07 2.28981e+07 2.29454e+07 2.29812e+07 2.30084e+07 2.30291e+07 2.30451e+07 2.30574e+07 2.30669e+07 2.30743e+07 2.30801e+07 2.30847e+07 2.30882e+07 2.3091e+07 2.30932e+07 2.3095e+07 2.30964e+07 2.30975e+07 2.30984e+07 2.3099e+07 2.30996e+07 2.31e+07 2.31004e+07 2.31007e+07 2.31009e+07 2.31011e+07 2.31012e+07 2.31013e+07 2.31014e+07 2.31015e+07 2.31016e+07 2.31016e+07 2.31016e+07 2.31017e+07 2.31017e+07 2.31017e+07 2.31017e+07 2.31017e+07 2.31018e+07 2.31018e+07 2.31018e+07 2.31018e+07 2.31018e+07 2.31018e+07 2.31018e+07 2.31018e+07 2.31018e+07 2.31018e+07 2.31018e+07 2.31018e+07 2.31018e+07 2.31018e+07 2.31018e+07 2.31018e+07 2.31018e+07 2.31018e+07 2.31018e+07 2.31018e+07 2.31018e+07 2.31018e+07 2.31018e+07 2.31018e+07 2.31018e+07 2.31018e+07 2.31018e+07 2.31018e+07 2.31018e+07 2.31018e+07 2.31018e+07 2.31018e+07 2.31018e+07 2.31018e+07 2.31018e+07 2.31018e+07 2.31018e+07 2.31018e+07 2.31018e+07 2.31018e+07 2.31018e+07 2.31018e+07 2.31018e+07 2.31018e+07 2.31018e+07 2.31018e+07 0 0 0 0 0 0 0 0 0 0 0 0 0 0 0 0 0 0 0 0 0 0 0 0 0
#obs survey bio
 5.38149e+06 3.14571e+06 3.92344e+06 2.623e+06 3.75663e+06 2.8859e+06 2.50793e+06 1.73644e+06 1.75885e+06 1.43323e+06 1.10136e+06 996126 1.50941e+06 1.16025e+06 840347 1.13101e+06 976544 682072 547116 510375 550098 674522 549758 569929 475438 699369 569427 539766 570529 584488 497669 510784 523424 404256 501928 544924 531192 395977 522228 572306 638482 458558 578407 399790 421929 709392 390613 774876 606995 620155 517680 869025 514724 569637 551105 464424 708164 444106 766055 562535 572996 455970 583625 492001
#pred catch bio
 107511 94511.1 149617 203867 239530 267388 297523 286755 284520 291638 265862 264303 258134 242015 202505 215554 181613 171385 149387 134007 142160 108154 124418 112195 108008 100807 107355 103077 100775 100294 97771.3 94819.4 99383 92638.7 97190.2 90411.2 87951.9 78376.9 81127.7 90066.7 89597 87884.8 92982.9 88263.4 89595 83364.2 88511.7 91280.1 94449.3 97917.9 86583.6 99240.7 117305 91278.5 60494.5 105167 60215.4 98487.1 85408.2 131921 86913 89634 88138.7 105851 78615.7 95850.6 98903.3 104783 112853 121309 129003 135447 140550 144432 147300 149369 150837 151863 152573 153060 153392 153616 153767 153869 153937 153983 154013 154033 154047 154056 154061 154065 154068 154070 154071 154071 154072 154072 154072 154073 154073 154073 154073 154073 154073 154073 154073 154073 154073 154073 154073 154073 154073 154073 154073 154073 154073 154073 154073 154073 154073 154073 154073 154073 154073 154073 154073 154073 154073 154073 154073 154073 154073 154073 154073 154073 154073 154073 154073 154073 154073 154073 154073 154073 154073 154073 154073 154073 154073 154073 154073 154073 154073 154073 154073 154073 154073 154073 154073 154073 154073 154073 154073 154073 0 0 0 0 0 0 0 0 0 0 0 0 0 0 0 0 0 0 0 0 0 0 0 0 0
#obs catch bio
 0 94105.3 149850 204673 240812 268375 299096 289312 288046 296603 270518 270147 261897 245038 204782 218293 182193 172367 152023 136089 145026 109192 126449 113256 109014 101229 108191 103236 100989 100208 98020.1 95039.6 99586.5 93181.5 97769.4 90831.5 87798.1 78108.5 80990.9 89765.6 88963.3 87575.9 92553.6 88105.8 89791.1 82933.6 88367.6 90596.5 93723.4 97262.1 85745.4 97892.7 115784 90464.4 59509.4 105001 59373.3 98431 84145.6 131484 86190.7 89415.4 87875.8 105993
#pred cpue bio
 3.96775e+06 3.77036e+06 3.59755e+06 3.37939e+06 3.12258e+06 2.85042e+06 2.57263e+06 2.28725e+06 2.038e+06 1.81308e+06 1.59836e+06 1.42587e+06 1.26446e+06 1.11412e+06 982646 895878 792842 724483 664740 627779 606934 573890 577681 561054 555381 552184 555319 548504 543496 538391 531398 525244 520609 508311 500838 484600 473299 466038 474861 485904 488965 492890 499261 500223 507300 513858 528470 537885 544129 546172 543050 551958 545004 514440 512473 548680 534718 573149 569944 582628 542645 556313 572601 594575 2.08898e+07 1.29048e+07 1.3379e+07 1.42469e+07 1.54281e+07 1.66737e+07 1.78229e+07 1.8805e+07 1.96035e+07 2.02314e+07 2.07138e+07 2.10788e+07 2.13523e+07 2.15561e+07 2.17076e+07 2.18203e+07 2.19044e+07 2.19673e+07 2.20146e+07 2.20503e+07 2.20775e+07 2.20982e+07 2.21142e+07 2.21265e+07 2.2136e+07 2.21435e+07 2.21493e+07 2.21538e+07 2.21573e+07 2.21601e+07 2.21624e+07 2.21641e+07 2.21655e+07 2.21666e+07 2.21675e+07 2.21682e+07 2.21687e+07 2.21692e+07 2.21695e+07 2.21698e+07 2.217e+07 2.21702e+07 2.21704e+07 2.21705e+07 2.21706e+07 2.21706e+07 2.21707e+07 2.21707e+07 2.21708e+07 2.21708e+07 2.21708e+07 2.21708e+07 2.21709e+07 2.21709e+07 2.21709e+07 2.21709e+07 2.21709e+07 2.21709e+07 2.21709e+07 2.21709e+07 2.21709e+07 2.21709e+07 2.21709e+07 2.21709e+07 2.21709e+07 2.21709e+07 2.21709e+07 2.21709e+07 2.21709e+07 2.21709e+07 2.21709e+07 2.21709e+07 2.21709e+07 2.21709e+07 2.21709e+07 2.21709e+07 2.21709e+07 2.21709e+07 2.21709e+07 2.21709e+07 2.21709e+07 2.21709e+07 2.21709e+07 2.21709e+07 2.21709e+07 2.21709e+07 2.21709e+07 2.21709e+07 2.21709e+07 2.21709e+07 2.21709e+07 2.21709e+07 2.21709e+07 2.21709e+07 2.21709e+07 2.21709e+07 2.21709e+07 2.21709e+07 2.21709e+07 2.21709e+07 0 0 0 0 0 0 0 0 0 0 0 0 0 0 0 0 0 0 0 0 0 0 0 0 0
#obs cpue bio
 3.78399e+06 3.16236e+06 3.04805e+06 2.56481e+06 1.95894e+06 3.81495e+06 2.61052e+06 1.67825e+06 1.61637e+06 1.67372e+06 1.63059e+06 1.39707e+06 1.59408e+06 1.11897e+06 856877 792202 851084 692677 326294 627751 573620 443608 530893 608196 613223 528326 470056 795285 502456 653185 450914 527045 602868 415564 562903 418902 753170 600003 425073 563885 539330 438355 575334 511711 519786 653158 640883 674750 577598 570106 730098 614190 740860 480970 799650 514985 529056 586143 868492 483085 535331 619276 551406 682726
#pred surv len freq
 0.00457026 0.00745997 0.0113028 0.0161068 0.0217742 0.0280179 0.0343357 0.0401351 0.0449535 0.0486071 0.051169 0.0528444 0.0538568 0.054394 0.0545946 0.0545541 0.0543394 0.0539907 0.0534798 0.0526201 0.0509926 0.0480059 0.0431575 0.0363979 0.0283399
 0.00485157 0.00782565 0.0116877 0.0164044 0.0218783 0.0278831 0.0340153 0.0397651 0.0446857 0.0485309 0.0512743 0.0530436 0.0540472 0.0545175 0.0546631 0.0546322 0.0544973 0.0542529 0.053794 0.0528678 0.05104 0.0477717 0.0426582 0.0357411 0.0276715
 0.00502822 0.00813851 0.0121989 0.0171683 0.0229072 0.0291059 0.0352628 0.0408101 0.0453348 0.048715 0.0510721 0.0526218 0.0535624 0.0540524 0.0542299 0.054218 0.0541027 0.053892 0.0534649 0.0525274 0.0506139 0.0471979 0.0419344 0.0349383 0.0269023
 0.00519988 0.00841635 0.0126175 0.0177661 0.0237257 0.0301815 0.0366043 0.0423676 0.0469749 0.0502292 0.0522315 0.0532597 0.0536371 0.0536487 0.0535004 0.053311 0.0531211 0.0528903 0.0524626 0.0515183 0.0495762 0.0461157 0.0408255 0.0338654 0.0259535
 0.00538822 0.00872407 0.0130836 0.0184286 0.0246154 0.0313133 0.0379681 0.0439243 0.0486577 0.0519429 0.0538469 0.0546135 0.0545576 0.0540056 0.0532544 0.0525265 0.0519331 0.0514486 0.0508877 0.0498868 0.0479329 0.0444983 0.0392868 0.0324791 0.0247961
 0.00564468 0.00912856 0.0136699 0.0192218 0.0256304 0.0325513 0.0394107 0.0455287 0.0503586 0.0536594 0.0554887 0.0560802 0.0557345 0.0547673 0.0534855 0.0521571 0.0509692 0.0499753 0.0490419 0.047819 0.0457812 0.0423846 0.0373237 0.0307696 0.0234183
 0.00595922 0.00962925 0.0144032 0.0202228 0.0269159 0.0341097 0.0411924 0.0474455 0.0522991 0.0555126 0.0571617 0.0575012 0.0568422 0.055497 0.0537617 0.0519018 0.0501262 0.0485402 0.0470813 0.045467 0.0432177 0.0398074 0.0349226 0.028701 0.0217812
 0.00629076 0.0101662 0.0152074 0.0213493 0.0284017 0.035956 0.0433462 0.049794 0.0546857 0.0577686 0.0591382 0.0590882 0.0579719 0.0561333 0.0538826 0.0514838 0.0491407 0.0469697 0.0449492 0.0428647 0.0403138 0.0368296 0.0321165 0.0262782 0.0198739
 0.0065598 0.0106059 0.0158739 0.0222981 0.029679 0.0375836 0.0453037 0.0520088 0.0570367 0.0601038 0.0612964 0.0609202 0.0593573 0.0569904 0.0541676 0.0511794 0.0482418 0.0454796 0.0428924 0.0403151 0.0374185 0.033809 0.0292298 0.0237631 0.0178863
 0.00682073 0.0110263 0.0165005 0.0231736 0.0308373 0.0390398 0.0470426 0.0539771 0.059146 0.0622409 0.0633356 0.0627326 0.0608203 0.0579976 0.0546381 0.0510619 0.0475135 0.0441422 0.0409764 0.0378953 0.0346347 0.0308719 0.0263946 0.0212729 0.0159075
 0.0070916 0.0114662 0.0171615 0.0241037 0.0320707 0.0405829 0.0488596 0.0559861 0.061232 0.0642787 0.0652096 0.0643452 0.0620895 0.0588528 0.0550177 0.0509147 0.0468033 0.0428548 0.0391304 0.0355581 0.0319387 0.0280188 0.023631 0.0188368 0.0139655
 0.00721224 0.0116813 0.0175206 0.0246663 0.0328946 0.0417053 0.0502772 0.0576467 0.0630415 0.0661197 0.0669611 0.0658977 0.063353 0.0597578 0.0555112 0.0509537 0.046352 0.0418892 0.037652 0.0336137 0.0296391 0.0255427 0.0212028 0.0166767 0.0122318
 0.00739196 0.0119651 0.0179338 0.0252306 0.0336297 0.0426281 0.0513963 0.0589525 0.064497 0.067656 0.0684822 0.0672937 0.0645181 0.060606 0.0559822 0.0510097 0.0459696 0.0410558 0.0363715 0.0319237 0.0276307 0.0233683 0.0190591 0.0147606 0.0106875
 0.00770426 0.0124495 0.0186188 0.0261262 0.0347251 0.0438911 0.0527722 0.0603682 0.0658731 0.0689234 0.0695902 0.0682064 0.0652042 0.0610314 0.0561105 0.0508085 0.0454152 0.0401363 0.0350921 0.0303179 0.0257752 0.0213909 0.017126 0.01304 0.00930328
 0.00798436 0.0129051 0.0193032 0.0270849 0.0359814 0.0454266 0.0545103 0.0621753 0.0675859 0.0703905 0.0707071 0.0689289 0.0655387 0.0610131 0.0557809 0.0501987 0.0445412 0.0390041 0.0337099 0.0287122 0.0240072 0.0195637 0.0153741 0.0114995 0.0080731
 0.00800055 0.0129561 0.0194268 0.0273344 0.0364167 0.0460963 0.0554329 0.0633256 0.0688926 0.0717448 0.071981 0.0699999 0.0663147 0.0614473 0.0558705 0.0499698 0.0440288 0.0382386 0.0327167 0.0275225 0.022673 0.0181679 0.014024 0.0103044 0.0071138
 0.00828369 0.0133844 0.0200132 0.0280731 0.0372901 0.0470849 0.0565185 0.0644856 0.0700895 0.0729176 0.0730464 0.0708623 0.0668851 0.0616636 0.0557112 0.0494549 0.043209 0.0371777 0.0314779 0.0261654 0.0212604 0.0167736 0.0127325 0.00919601 0.00624321
 0.00852556 0.0137578 0.020537 0.0287487 0.0380987 0.0479868 0.0574552 0.065389 0.0708996 0.0736004 0.0735967 0.0712891 0.0671885 0.0618209 0.0556825 0.049202 0.0427143 0.0364531 0.0305617 0.025114 0.0201414 0.0156616 0.0117036 0.00831646 0.00555536
 0.0086588 0.0139886 0.0209092 0.0293082 0.0388787 0.048986 0.0586196 0.0666125 0.0720469 0.0745456 0.0742567 0.0716382 0.0672507 0.061647 0.0553231 0.0486903 0.0420644 0.0356714 0.0296624 0.0241286 0.0191198 0.0146665 0.0107995 0.00755683 0.00497033
 0.0086862 0.0140299 0.0209673 0.0293889 0.0389962 0.0491674 0.0589028 0.067033 0.0726169 0.0752349 0.0749913 0.0723195 0.0677874 0.0619822 0.0554417 0.0486084 0.0418101 0.0352713 0.0291393 0.0235087 0.0184403 0.0139768 0.0101546 0.00700464 0.00454021
 0.008623 0.0139344 0.0208371 0.0292271 0.0388113 0.0489739 0.0587231 0.0669003 0.0725747 0.075329 0.0752531 0.0727479 0.0683388 0.0625778 0.0559914 0.0490366 0.0420723 0.035355 0.0290556 0.0232836 0.0181108 0.013589 0.00975848 0.00664591 0.00425028
 0.00876544 0.0141447 0.0211142 0.0295555 0.0391652 0.0493234 0.05904 0.0671603 0.07276 0.0754325 0.0752829 0.0727273 0.0682986 0.0625423 0.0559656 0.0490032 0.0420008 0.0352164 0.028835 0.0229852 0.0177557 0.0132098 0.0093924 0.00632589 0.0039977
 0.00858037 0.0138639 0.0207289 0.0290715 0.0386014 0.0487092 0.0584149 0.0665745 0.0722723 0.075102 0.0751574 0.072832 0.0686298 0.0630675 0.056629 0.0497345 0.0427243 0.0358623 0.0293501 0.0233416 0.017954 0.013275 0.00936479 0.00624938 0.00390923
 0.00859416 0.0138806 0.0207435 0.0290761 0.0385871 0.0486698 0.0583484 0.066483 0.0721593 0.0749719 0.0750174 0.0726967 0.0685231 0.0630175 0.0566581 0.0498486 0.0429074 0.0360797 0.0295585 0.0235023 0.0180441 0.0132926 0.00932612 0.00617999 0.00383409
 0.00855925 0.0138199 0.020645 0.0289268 0.0383764 0.0483954 0.0580216 0.0661303 0.071818 0.0746813 0.0748101 0.072592 0.0685261 0.0631228 0.0568545 0.0501213 0.0432368 0.0364387 0.0299127 0.0238157 0.0182886 0.0134556 0.00941281 0.00620915 0.00382934
 0.00850639 0.0137367 0.0205247 0.0287642 0.0381684 0.0481411 0.0577249 0.0658023 0.0714792 0.0743608 0.0745423 0.0724099 0.068454 0.0631709 0.0570173 0.0503807 0.0435667 0.0368085 0.0302894 0.0241662 0.0185846 0.0136794 0.00956137 0.006293 0.00386705
 0.00836562 0.0135205 0.0202231 0.0283774 0.0377067 0.0476251 0.0571851 0.0652778 0.0710125 0.0739906 0.074297 0.0723063 0.0684979 0.0633584 0.0573348 0.0508046 0.0440652 0.0373437 0.0308219 0.024659 0.0190075 0.0140133 0.0098015 0.00644835 0.00395622
 0.00834684 0.0134829 0.0201537 0.0282605 0.0375283 0.0473798 0.0568817 0.0649394 0.0706707 0.0736766 0.0740357 0.0721146 0.068387 0.0633361 0.0574056 0.0509682 0.0443128 0.0376567 0.0311726 0.0250147 0.019336 0.0142896 0.0100121 0.00659293 0.00404484
 0.00833476 0.0134598 0.0201122 0.0281904 0.0374178 0.047218 0.0566626 0.0646658 0.0703571 0.0733494 0.073729 0.0718631 0.068218 0.0632649 0.0574356 0.0510934 0.0445211 0.0379307 0.0314891 0.0253458 0.019652 0.0145649 0.0102301 0.00674911 0.00414543
 0.00836567 0.0135 0.0201539 0.0282194 0.0374169 0.0471715 0.056561 0.0645078 0.0701486 0.0731028 0.0734628 0.0716012 0.067988 0.0630935 0.0573432 0.0510903 0.0446061 0.0380924 0.0317082 0.025597 0.0199079 0.0147997 0.0104247 0.0068945 0.00424305
 0.00835057 0.0134857 0.0201506 0.0282409 0.0374742 0.0472645 0.0566727 0.0646065 0.070199 0.0730789 0.0733571 0.0714257 0.0677688 0.0628634 0.0571355 0.0509333 0.0445189 0.0380822 0.0317695 0.0257137 0.0200567 0.0149554 0.0105659 0.00700735 0.00432306
 0.0082812 0.0133821 0.0200126 0.0280763 0.037299 0.0471014 0.0565471 0.0645406 0.0702027 0.0731432 0.0734548 0.0715214 0.0678334 0.0628849 0.0571211 0.0509039 0.0444997 0.0380942 0.0318235 0.0258082 0.0201797 0.0150888 0.010691 0.00711054 0.00439846
 0.00822144 0.0132839 0.0198634 0.0278658 0.0370234 0.0467698 0.0561864 0.0641945 0.0699222 0.0729721 0.0734154 0.0716081 0.0680155 0.0631186 0.0573646 0.0511294 0.0446979 0.0382706 0.0319895 0.0259724 0.0203429 0.0152441 0.0108282 0.00722104 0.00447867
 0.00808722 0.013097 0.0196395 0.027637 0.0368273 0.0466321 0.0561098 0.06416 0.069904 0.0729538 0.0733989 0.0716095 0.0680527 0.0631995 0.0574818 0.0512654 0.0448342 0.0383958 0.032102 0.0260768 0.0204436 0.0153414 0.0109177 0.00729667 0.00453625
 0.00797572 0.0129079 0.0193431 0.0272074 0.0362565 0.0459469 0.055381 0.0634914 0.0693997 0.0726808 0.0733679 0.0717839 0.0683753 0.063616 0.0579509 0.0517553 0.0453177 0.0388492 0.0325076 0.0264251 0.0207328 0.0155739 0.0110977 0.00742901 0.00462722
 0.00857793 0.0137513 0.0203603 0.0282484 0.0371274 0.0464761 0.0554755 0.0631589 0.0687327 0.0718211 0.0724664 0.0709655 0.0677165 0.0631404 0.057642 0.0515782 0.0452355 0.038831 0.0325295 0.0264691 0.0207863 0.0156287 0.0111484 0.00747219 0.0046608
 0.00926537 0.0148168 0.0218586 0.0301742 0.0393926 0.0488905 0.0577469 0.0649374 0.0697079 0.0718332 0.0715656 0.0693839 0.0657723 0.0611322 0.0557821 0.0499766 0.0439217 0.0377871 0.0317189 0.0258536 0.0203318 0.0153057 0.0109304 0.00733437 0.00458033
 0.00934622 0.0150267 0.0223178 0.0310368 0.0408004 0.0509001 0.0602638 0.0676971 0.0723235 0.073892 0.0727381 0.0695089 0.0648925 0.0594685 0.053656 0.0477132 0.0417746 0.0359081 0.0301686 0.0246315 0.0194064 0.014634 0.0104662 0.00703216 0.00439694
 0.00896746 0.0144741 0.0216096 0.0302479 0.0400633 0.050393 0.0601834 0.0682106 0.0735011 0.0756452 0.0748062 0.0715182 0.066471 0.0603635 0.053801 0.0472206 0.0408672 0.0348307 0.029118 0.0237271 0.0186951 0.0141136 0.0101094 0.00680288 0.0042596
 0.00873303 0.0140879 0.0210228 0.0294224 0.0389934 0.0491349 0.0588782 0.0670797 0.0728003 0.0755891 0.0754901 0.0728707 0.0682578 0.0622491 0.0554484 0.0483922 0.0414824 0.0349584 0.0289171 0.023372 0.0183215 0.0137984 0.00987883 0.00665177 0.00416961
 0.00876223 0.0141129 0.0210171 0.0293436 0.0387891 0.0487571 0.0583025 0.0663256 0.0719468 0.0747766 0.0748988 0.0726711 0.068547 0.0630006 0.0565065 0.0495207 0.0424483 0.0356102 0.0292212 0.0233944 0.0181763 0.0135947 0.00968967 0.0065095 0.00407753
 0.0087774 0.0141404 0.0210621 0.0294081 0.0388661 0.0488227 0.0583132 0.0662255 0.071688 0.0743459 0.0743402 0.0720887 0.0680829 0.0627882 0.0566173 0.0499288 0.0430361 0.0362156 0.0297034 0.0236823 0.0182771 0.0135665 0.00960256 0.00641634 0.00400487
 0.00877045 0.0141275 0.0210404 0.0293751 0.0388212 0.0487692 0.0582566 0.0661686 0.0716234 0.0742529 0.0741918 0.0718702 0.0678124 0.0625245 0.0564441 0.0499186 0.0432122 0.0365359 0.0300781 0.0240158 0.0185077 0.0136827 0.00963095 0.00639745 0.00397215
 0.00883092 0.0142192 0.0211656 0.0295307 0.0389987 0.0489548 0.0584331 0.0663164 0.0717242 0.0742914 0.0741566 0.0717537 0.0676132 0.0622553 0.0561396 0.0496335 0.0430041 0.0364404 0.030091 0.0240965 0.0186023 0.0137502 0.0096573 0.00639099 0.00395025
 0.00869282 0.0140253 0.0209305 0.0292867 0.0387869 0.0488097 0.0583707 0.0663321 0.071799 0.074402 0.0742818 0.0718761 0.0677184 0.0623317 0.0561821 0.0496483 0.0430107 0.0364646 0.0301513 0.0241928 0.0187159 0.0138549 0.00973382 0.00643446 0.00396765
 0.0086636 0.0139607 0.0208037 0.0290679 0.0384569 0.0483791 0.0578906 0.065886 0.0714743 0.0742559 0.0743219 0.072066 0.0679989 0.0626448 0.056484 0.0499146 0.0432346 0.0366527 0.0303166 0.0243459 0.0188584 0.0139802 0.00983275 0.00650242 0.00400738
 0.00857861 0.0138278 0.0206123 0.0288092 0.0381226 0.0479619 0.0573902 0.0653201 0.0708884 0.0737243 0.0739326 0.0718923 0.0680719 0.0629422 0.056942 0.0504529 0.0437818 0.0371602 0.0307604 0.0247195 0.0191637 0.0142207 0.0100123 0.00662665 0.00408553
 0.00849376 0.0137013 0.0204431 0.0286032 0.0378902 0.0477134 0.0571321 0.0650537 0.0706122 0.0734402 0.0736542 0.0716507 0.0679127 0.0629103 0.0570617 0.0507148 0.0441459 0.0375714 0.0311671 0.0250857 0.0194706 0.0144629 0.0101922 0.00675145 0.00416527
 0.0084329 0.0136045 0.020302 0.0284129 0.0376521 0.0474377 0.0568393 0.0647715 0.0703669 0.0732475 0.073515 0.0715565 0.0678571 0.0628988 0.0571117 0.0508456 0.044364 0.0378626 0.0314992 0.0254195 0.0197727 0.0147125 0.010382 0.0068845 0.00425097
 0.00836216 0.0135002 0.0201646 0.0282493 0.0374724 0.0472518 0.0566541 0.0645921 0.0701999 0.0731019 0.073401 0.0714814 0.0678226 0.0629023 0.0571516 0.0509253 0.0444907 0.0380401 0.0317206 0.0256655 0.0200168 0.01493 0.0105568 0.00701181 0.00433508
 0.00831329 0.0134252 0.0200607 0.0281177 0.0373194 0.0470885 0.0564957 0.0644549 0.0700963 0.0730359 0.0733678 0.0714714 0.067827 0.062917 0.0571778 0.0509679 0.0445567 0.038136 0.0318487 0.0258203 0.0201844 0.0150919 0.0106965 0.00711959 0.00440951
 0.00823286 0.0132869 0.0198396 0.0277884 0.0368651 0.0465139 0.0558374 0.063781 0.0694921 0.0725811 0.0731154 0.0714375 0.0679934 0.0632409 0.0576063 0.0514507 0.045054 0.0386211 0.0323049 0.0262366 0.0205514 0.0154006 0.0109407 0.00729853 0.00452969
 0.00841898 0.0135574 0.0201858 0.0281785 0.0372482 0.0468307 0.0560315 0.0638098 0.0693376 0.0722584 0.0726733 0.0709474 0.0675286 0.062858 0.0573338 0.0512906 0.0449905 0.0386311 0.0323663 0.0263304 0.0206617 0.0155133 0.0110436 0.00738289 0.0045916
 0.00865352 0.0139516 0.0207995 0.0290659 0.0384346 0.0482805 0.0576249 0.0653501 0.0705965 0.073043 0.0728796 0.0705799 0.0666846 0.0616912 0.0560126 0.0499637 0.0437663 0.037573 0.0314996 0.0256548 0.0201611 0.0151629 0.0108139 0.00724321 0.0045135
 0.00858107 0.0138425 0.0206543 0.0288988 0.0382793 0.048193 0.0576771 0.0656077 0.071085 0.0737184 0.073627 0.071247 0.0671361 0.0618543 0.0558931 0.0496301 0.0433162 0.0370999 0.0310716 0.0253085 0.0199063 0.0149917 0.0107093 0.00718584 0.00448588
 0.00831054 0.0133991 0.019983 0.0279531 0.0370405 0.0466965 0.0560357 0.0640124 0.0697714 0.0729052 0.0734517 0.0717241 0.0681532 0.0632095 0.0573589 0.0510171 0.0445114 0.0380685 0.0318319 0.0258997 0.0203654 0.0153448 0.010973 0.00737314 0.00461014
 0.00863975 0.0138917 0.0206419 0.0287453 0.0378956 0.0475128 0.0566914 0.0643878 0.0697837 0.0725452 0.0728005 0.0709316 0.0673857 0.0625908 0.0569346 0.0507575 0.0443458 0.0379286 0.0316805 0.0257347 0.0202053 0.0152099 0.0108742 0.00731007 0.00457497
 0.00837334 0.0134985 0.0201244 0.0281311 0.0372291 0.0468405 0.0560504 0.0638023 0.069268 0.0721107 0.0724636 0.0707215 0.0673451 0.0627641 0.057346 0.0513894 0.0451326 0.0387729 0.0324844 0.0264271 0.0207543 0.0156167 0.0111594 0.00749992 0.00469456
 0.0086201 0.0138548 0.020578 0.0286439 0.0377496 0.0473229 0.0564663 0.0641366 0.0695042 0.072219 0.0724036 0.0704614 0.0668869 0.0621582 0.0566838 0.0507751 0.0446481 0.0384534 0.0323156 0.0263641 0.0207469 0.0156284 0.0111718 0.00750807 0.00469926
 0.00873702 0.0140401 0.0208461 0.0289994 0.0381811 0.0477959 0.0569227 0.0645067 0.0697298 0.0722752 0.0723035 0.0702396 0.0665773 0.0617836 0.0562637 0.05034 0.0442424 0.0381228 0.0320882 0.0262398 0.0207018 0.0156294 0.0111908 0.00752838 0.0047144
 0.00918112 0.0147519 0.0218954 0.0304368 0.0400181 0.0499784 0.0593075 0.0668622 0.0717749 0.0737457 0.0730181 0.0701376 0.0657195 0.0603226 0.0543989 0.0482754 0.0421598 0.0361685 0.0303678 0.0248146 0.0195892 0.0148103 0.0106221 0.00715667 0.00448693
 0.00892932 0.0143938 0.0214543 0.0299742 0.0396261 0.0497625 0.0593644 0.0672573 0.0725194 0.0747784 0.0742041 0.0712939 0.0666623 0.0609169 0.05459 0.0480914 0.0416899 0.0355309 0.0296792 0.0241687 0.019046 0.0143946 0.0103303 0.00696793 0.00437411
 0.00871308 0.0140497 0.0209535 0.0293031 0.0388001 0.0488407 0.0584593 0.0665243 0.0721204 0.0748309 0.0747383 0.0722382 0.0678601 0.062168 0.055702 0.0489258 0.0421883 0.0357144 0.0296246 0.0239751 0.0188041 0.0141685 0.0101526 0.0068457 0.00429911
 0.00828597 0.0134142 0.020106 0.0282776 0.037657 0.0476502 0.0572927 0.065459 0.0712498 0.0742638 0.0745808 0.0725605 0.0686619 0.0633617 0.0571249 0.0503802 0.0434939 0.0367515 0.0303528 0.0244231 0.0190414 0.0142729 0.0101877 0.00685238 0.00429792
#obs surv len freq
 nan nan nan nan nan nan nan nan nan nan nan nan nan nan nan nan nan nan nan nan nan nan nan nan nan
 0.00447863 0.00733727 0.0111648 0.0159797 0.0216802 0.0279568 0.0342728 0.0400063 0.0446881 0.0481542 0.0505141 0.0520118 0.0529058 0.0534196 0.0537351 0.0539908 0.05427 0.0545632 0.0547022 0.0542942 0.0527321 0.0493638 0.0438127 0.0362916 0.027674
 0.0046181 0.00756312 0.0115028 0.0164523 0.0223017 0.0287247 0.0351599 0.0409576 0.0456276 0.0489988 0.0511892 0.0524624 0.0531027 0.0533606 0.053441 0.053498 0.0536214 0.053801 0.0538653 0.0534192 0.0518576 0.0485324 0.0430689 0.0356728 0.027201
 0.00478432 0.00783714 0.0119221 0.0170535 0.0231125 0.0297517 0.0363756 0.0422965 0.0469949 0.0502875 0.0522975 0.0533049 0.0536174 0.0535131 0.0532263 0.0529393 0.0527639 0.052704 0.0525946 0.0520452 0.0504557 0.0471839 0.0418544 0.0346591 0.0264249
 0.0049731 0.00814628 0.0123917 0.0177232 0.0240142 0.0308985 0.0377489 0.0438397 0.0486181 0.0518813 0.0537479 0.0545055 0.0544778 0.0539655 0.0532314 0.0524886 0.0518803 0.0514392 0.0510253 0.0502691 0.0485885 0.0453533 0.0401868 0.0332579 0.0253481
 0.00518045 0.00848643 0.0129094 0.0184623 0.0250097 0.0321634 0.039261 0.0455366 0.0504056 0.0536502 0.0553888 0.0559164 0.0555665 0.0546519 0.0534515 0.0522014 0.0510741 0.0501379 0.0492929 0.0482113 0.04635 0.0431065 0.0381079 0.0314937 0.0239842
 0.00541908 0.00887445 0.0134937 0.0192869 0.0261081 0.0335461 0.0409023 0.0473691 0.0523287 0.0555483 0.0571489 0.0574378 0.0567626 0.0554488 0.0537856 0.0520205 0.0503435 0.0488516 0.0474881 0.0459811 0.0438484 0.0405362 0.0356888 0.0294162 0.022365
 0.00565495 0.00926261 0.0140865 0.0201359 0.0272537 0.0350015 0.0426374 0.0493058 0.0543535 0.0575352 0.0589798 0.0590131 0.0580018 0.0562861 0.0541655 0.0518942 0.0496703 0.047609 0.0456894 0.043698 0.0412257 0.0377866 0.0330585 0.027129 0.0205659
 0.00588434 0.00964028 0.014664 0.0209648 0.0283764 0.036436 0.0443609 0.0512477 0.0564042 0.0595661 0.0608641 0.0606398 0.059282 0.0571529 0.054569 0.0517945 0.0490337 0.0464115 0.0439338 0.0414389 0.0385923 0.0349855 0.0303438 0.024742 0.0186715
 0.00614238 0.0100581 0.0152899 0.021843 0.0295399 0.0378938 0.0460852 0.0531682 0.0584164 0.0615495 0.0627001 0.0622229 0.0605248 0.0579874 0.0549447 0.0516744 0.0483896 0.045225 0.0422074 0.0392193 0.0359957 0.0322062 0.0276296 0.0223371 0.0167493
 0.00639609 0.0104765 0.0159302 0.0227609 0.0307768 0.0394582 0.0479345 0.0552054 0.0605075 0.0635531 0.064493 0.0637105 0.06164 0.0586835 0.0551886 0.0514415 0.0476604 0.0439872 0.0404665 0.0370191 0.0334427 0.0294808 0.024966 0.0199704 0.0148507
 0.00659913 0.0108144 0.0164535 0.0235225 0.0318222 0.0408094 0.0495723 0.0570612 0.0624706 0.0654897 0.0662689 0.0652094 0.0627739 0.0593954 0.055448 0.0512345 0.0469808 0.0428334 0.03885 0.0349831 0.0310844 0.026963 0.0225014 0.017775 0.0130838
 0.0068342 0.0111944 0.0170214 0.0243176 0.0328732 0.0421238 0.0511245 0.0587874 0.0642747 0.0672594 0.0678912 0.0665815 0.0638107 0.0600345 0.0556514 0.0509858 0.0462796 0.04169 0.0372875 0.0330502 0.0288742 0.0246235 0.0202231 0.0157505 0.0114558
 0.00705987 0.0115667 0.0175913 0.0251339 0.0339711 0.0435066 0.0527483 0.0605583 0.0660671 0.0689444 0.0693604 0.067756 0.064638 0.0604814 0.0556984 0.0506246 0.0455118 0.0405281 0.0357583 0.0312053 0.0268031 0.0224607 0.018137 0.0139088 0.00998053
 0.00725794 0.0118932 0.0180912 0.0258517 0.0349425 0.0447438 0.0542242 0.0622002 0.0677643 0.0705685 0.0707881 0.0688877 0.0654073 0.060856 0.0556734 0.0502116 0.04473 0.0394007 0.0343175 0.0295024 0.0249208 0.0205189 0.0162815 0.0122822 0.00868422
 0.00744983 0.0122055 0.0185616 0.0265157 0.0358258 0.0458521 0.0555317 0.0636449 0.0692555 0.0720019 0.0720619 0.0699132 0.0661159 0.0612042 0.0556442 0.0498116 0.0439828 0.0383401 0.0329856 0.0279552 0.0232368 0.018804 0.01466 0.0108723 0.00756772
 0.00753288 0.0123457 0.0187827 0.0268441 0.0362867 0.0464624 0.0562921 0.0645353 0.0702369 0.0730213 0.0730576 0.070819 0.0668654 0.061736 0.0559085 0.0497765 0.0436373 0.0376945 0.0320706 0.0268217 0.0219584 0.0174761 0.0133906 0.0097621 0.00668572
 0.00757012 0.0124021 0.0188606 0.0269455 0.036416 0.0466301 0.0565158 0.0648372 0.0706361 0.0735251 0.0736548 0.0714776 0.0675348 0.0623531 0.0564057 0.0500909 0.04372 0.0375184 0.0316354 0.0261567 0.0211222 0.0165516 0.0124735 0.00894168 0.00602477
 0.0076576 0.0125322 0.0190337 0.0271535 0.0366443 0.0468618 0.056736 0.0650373 0.0708173 0.0737006 0.0738464 0.0717067 0.067811 0.0626648 0.0567186 0.0503533 0.0438738 0.0375128 0.0314394 0.0257686 0.0205735 0.0159033 0.0118039 0.00832758 0.00552232
 0.0077158 0.0126276 0.019178 0.0273559 0.036907 0.0471742 0.0570716 0.0653567 0.0710803 0.0738809 0.0739416 0.0717387 0.0678154 0.0626757 0.0567541 0.0504075 0.0439173 0.0375018 0.0313309 0.0255364 0.0202197 0.0154607 0.0113275 0.00787779 0.00514693
 0.00775185 0.0126803 0.0192467 0.0274375 0.0369983 0.047275 0.0571852 0.0654872 0.0712265 0.0740326 0.0740816 0.0718498 0.0678896 0.0627188 0.0567815 0.0504336 0.0439441 0.0375143 0.0313011 0.0254362 0.0200352 0.0152019 0.0110264 0.00757788 0.00488696
 0.007827 0.0127933 0.0193994 0.0276246 0.037208 0.0474906 0.057388 0.0656594 0.0713557 0.0741148 0.0741208 0.0718537 0.0678652 0.0626706 0.0567143 0.0503542 0.0438599 0.0374273 0.0312044 0.0253158 0.0198786 0.0150075 0.0108083 0.00736116 0.00469742
 0.00786623 0.0128565 0.019493 0.0277529 0.0373712 0.047682 0.0575919 0.0658529 0.0715141 0.07422 0.0741662 0.0718453 0.0678168 0.0625976 0.0566288 0.0502638 0.0437681 0.0373346 0.0311083 0.0252103 0.0197572 0.014868 0.010657 0.0072116 0.00456564
 0.00787281 0.0128657 0.0195045 0.0277663 0.0373868 0.0477022 0.0576214 0.0658965 0.0715742 0.0742929 0.074243 0.0719145 0.0678688 0.0626285 0.0566401 0.0502599 0.0437533 0.0373111 0.0310752 0.0251648 0.0196962 0.014791 0.0105681 0.00711998 0.00448216
 0.00787603 0.0128677 0.0195013 0.0277526 0.0373573 0.0476547 0.0575587 0.0658279 0.0715132 0.0742541 0.0742369 0.0719444 0.0679298 0.0627089 0.0567261 0.0503399 0.04382 0.0373611 0.0311069 0.0251773 0.0196888 0.0147647 0.0105269 0.00707097 0.00443379
 0.00787791 0.0128655 0.0194886 0.0277199 0.0372952 0.0475572 0.0574276 0.0656738 0.071354 0.0741117 0.0741328 0.0718949 0.0679426 0.0627813 0.0568453 0.0504868 0.0439742 0.0375052 0.0312292 0.025271 0.0197518 0.0147983 0.0105359 0.00706274 0.00441668
 0.00790398 0.0129042 0.0195396 0.0277795 0.0373558 0.0476077 0.0574548 0.0656648 0.0713007 0.0740152 0.0740052 0.0717578 0.0678205 0.0626949 0.0568063 0.0504956 0.0440212 0.0375749 0.0313049 0.025339 0.0198033 0.0148302 0.0105494 0.00706237 0.00440841
 0.00787515 0.0128583 0.0194723 0.0276881 0.03724 0.0474711 0.0573054 0.0655146 0.071163 0.0739007 0.0739209 0.0717073 0.0678063 0.0627199 0.0568725 0.0506021 0.0441616 0.037737 0.0314723 0.0254953 0.0199355 0.0149308 0.0106179 0.00710316 0.00442887
 0.00787092 0.0128466 0.0194459 0.0276374 0.0371562 0.0473499 0.0571509 0.0653398 0.070987 0.0737435 0.0737986 0.0716295 0.0677763 0.0627361 0.0569309 0.0506976 0.0442881 0.037886 0.0316323 0.0256525 0.0200763 0.0150456 0.0107022 0.00715866 0.00446118
 0.00787824 0.0128584 0.0194633 0.02766 0.0371809 0.0473699 0.0571551 0.065316 0.0709264 0.0736459 0.0736744 0.0714971 0.067656 0.0626446 0.0568781 0.0506864 0.0443162 0.0379472 0.0317175 0.0257503 0.0201743 0.0151328 0.0107715 0.00720759 0.0044918
 0.00783794 0.0127956 0.0193739 0.027543 0.0370391 0.0472107 0.056991 0.0651622 0.0707971 0.0735502 0.0736144 0.07147 0.0676587 0.062676 0.056939 0.0507771 0.0444344 0.0380872 0.0318703 0.0259049 0.0203194 0.0152584 0.0108711 0.0072795 0.00453867
 0.00781941 0.0127616 0.019316 0.0274515 0.0369062 0.0470353 0.0567823 0.0649402 0.0705882 0.0733796 0.0735 0.071419 0.067668 0.062736 0.0570382 0.0509055 0.044584 0.0382511 0.0320412 0.0260738 0.0204765 0.0153947 0.0109803 0.00735958 0.00459206
 0.00779285 0.0127166 0.0192449 0.0273459 0.0367587 0.0468423 0.0565476 0.0646771 0.0703188 0.0731322 0.0733033 0.0712966 0.0676331 0.0627887 0.0571667 0.0510903 0.0448041 0.0384874 0.032278 0.0262984 0.0206785 0.0155657 0.0111155 0.00745837 0.00465814
 0.0077627 0.0126674 0.0191703 0.02724 0.036617 0.0466632 0.0563347 0.0644401 0.070073 0.0728966 0.0730988 0.0711437 0.0675495 0.0627858 0.0572466 0.0512448 0.0450158 0.0387339 0.0325366 0.0265489 0.020905 0.0157575 0.0112668 0.00756892 0.00473227
 0.00772516 0.0126053 0.0190751 0.0271035 0.0364335 0.0464333 0.0560677 0.0641544 0.0697926 0.0726459 0.072898 0.0710072 0.0674863 0.0628004 0.0573394 0.0514105 0.0452426 0.0390038 0.0328269 0.0268362 0.0211685 0.015982 0.0114442 0.00769836 0.004819
 0.00932593 0.0148462 0.0217799 0.0298848 0.0388051 0.0479894 0.0566253 0.0637807 0.0687238 0.0711667 0.0712531 0.0693676 0.0659554 0.061434 0.0561632 0.0504325 0.0444591 0.038402 0.0323867 0.0265318 0.0209712 0.0158635 0.0113793 0.00766671 0.00480586
 0.00930937 0.0151141 0.0227024 0.0319208 0.0423023 0.0529139 0.0623902 0.069342 0.0729506 0.0732875 0.07111 0.0673585 0.0627595 0.0577216 0.0524298 0.0469712 0.0414098 0.0358131 0.0302587 0.0248404 0.019677 0.0149161 0.0107211 0.00723644 0.00454349
 0.00895325 0.0145558 0.0219225 0.0309721 0.0413628 0.0523217 0.0626029 0.0707733 0.075724 0.0770518 0.0750838 0.0706262 0.0646527 0.0580507 0.0514537 0.0451827 0.0393026 0.0337477 0.0284379 0.0233463 0.0185189 0.0140654 0.0101305 0.00685133 0.00430952
 0.0087874 0.0142731 0.0214739 0.0303073 0.0404499 0.0511822 0.0613545 0.0696577 0.0750847 0.0772389 0.0762966 0.0727679 0.0672992 0.060589 0.0533294 0.0461115 0.0393263 0.0331335 0.027516 0.0223856 0.0176804 0.0134136 0.00966753 0.00654789 0.00412576
 0.00872257 0.0141623 0.021296 0.0300361 0.0400563 0.0506403 0.0606538 0.0688216 0.0741922 0.0764402 0.0758041 0.0728009 0.0679875 0.0618785 0.0549594 0.0477 0.0405276 0.0337714 0.0276192 0.0221218 0.017252 0.0129788 0.00931233 0.00629706 0.00396809
 0.00869166 0.0141089 0.0212094 0.0299034 0.0398634 0.0503745 0.0603066 0.0683911 0.0736865 0.0758857 0.0752577 0.0723599 0.0677804 0.0620244 0.0555052 0.0485709 0.0415335 0.0346792 0.0282512 0.0224198 0.0172723 0.0128367 0.00911907 0.00612435 0.00384417
 0.00867401 0.0140809 0.021168 0.0298455 0.0397851 0.0502706 0.0601705 0.0682155 0.0734654 0.0756168 0.0749476 0.0720318 0.0674811 0.0618248 0.0554835 0.0487784 0.0419579 0.0352331 0.028802 0.022847 0.0175167 0.0129114 0.00908326 0.00604395 0.00376526
 0.00865884 0.0140592 0.0211408 0.0298154 0.039755 0.0502418 0.0601413 0.0681802 0.0734149 0.0755403 0.0748355 0.0718801 0.0672974 0.0616339 0.055328 0.0487096 0.0420152 0.0354208 0.0290785 0.0231396 0.0177545 0.0130555 0.00913626 0.006036 0.00373166
 0.00867328 0.0140756 0.0211527 0.029813 0.0397288 0.0501877 0.0600636 0.0680911 0.0733287 0.0754667 0.0747752 0.0718255 0.0672382 0.0615641 0.0552534 0.0486496 0.0419977 0.0354689 0.0291957 0.0233033 0.0179245 0.0131933 0.00922201 0.0060723 0.00373527
 0.00864624 0.0140402 0.0211147 0.0297819 0.0397135 0.0501906 0.0600777 0.068102 0.0733226 0.0754373 0.0747268 0.0717688 0.067183 0.0615149 0.0552103 0.0486142 0.0419771 0.0354748 0.0292378 0.0233807 0.0180227 0.0132899 0.00929764 0.0061187 0.00375584
 0.0086241 0.0140024 0.0210552 0.0296956 0.0395999 0.0500572 0.0599416 0.067986 0.0732463 0.0754089 0.0747402 0.0718089 0.0672342 0.0615673 0.0552602 0.0486618 0.042025 0.0355275 0.0293003 0.0234554 0.018106 0.0133725 0.00936809 0.00616953 0.00378618
 0.00863519 0.0140171 0.021071 0.0297075 0.0396008 0.0500399 0.059901 0.0679217 0.0731648 0.0753231 0.0746655 0.0717578 0.0672111 0.0615684 0.0552769 0.0486859 0.0420521 0.0355573 0.029335 0.023497 0.0181542 0.0134232 0.00941498 0.00620689 0.00381147
 0.00863374 0.0140196 0.0210834 0.0297373 0.039654 0.0501165 0.0599917 0.0680088 0.0732276 0.0753457 0.074643 0.0716973 0.0671283 0.0614806 0.0551976 0.0486217 0.0420041 0.0355241 0.0293153 0.0234901 0.018159 0.0134369 0.00943317 0.00622481 0.00382569
 0.00862789 0.0140106 0.0210711 0.0297229 0.0396406 0.0501098 0.059999 0.0680366 0.073277 0.0754098 0.0747072 0.0717446 0.0671466 0.0614674 0.05516 0.048572 0.0419543 0.0354822 0.0292852 0.0234724 0.0181525 0.0134393 0.00944117 0.00623486 0.00383486
 0.00861068 0.0139825 0.0210286 0.0296633 0.0395631 0.0500171 0.0598991 0.0679427 0.0732051 0.0753741 0.0747153 0.0717939 0.067225 0.0615574 0.055245 0.0486416 0.042006 0.0355197 0.0293139 0.0234972 0.0181758 0.0134615 0.00946146 0.00625197 0.00384791
 0.00861068 0.0139825 0.0210286 0.0296633 0.0395631 0.0500171 0.0598991 0.0679427 0.0732051 0.0753741 0.0747153 0.0717939 0.067225 0.0615574 0.055245 0.0486416 0.042006 0.0355197 0.0293139 0.0234972 0.0181758 0.0134615 0.00946146 0.00625197 0.00384791
 0.00853927 0.0138685 0.0208615 0.0294359 0.0392747 0.0496773 0.0595312 0.0675829 0.0728966 0.0751569 0.0746167 0.0718237 0.0673742 0.0618014 0.0555488 0.0489681 0.0423231 0.0358054 0.0295572 0.0236958 0.0183324 0.0135808 0.00954858 0.00631233 0.00388708
 0.00863201 0.0140065 0.021045 0.0296549 0.0395098 0.0499019 0.0597147 0.0676955 0.0729159 0.0750758 0.0744478 0.0715969 0.0671284 0.0615733 0.055364 0.0488368 0.0422415 0.0357615 0.0295371 0.0236884 0.018331 0.0135824 0.00955178 0.00631623 0.00389088
 0.00887626 0.0144085 0.021656 0.0305175 0.0406387 0.051259 0.0611905 0.069116 0.0740821 0.0758198 0.0746782 0.0713145 0.0664121 0.0605508 0.0541784 0.0476187 0.0410913 0.0347422 0.0286787 0.0229965 0.0177964 0.0131877 0.00927554 0.00613462 0.00377983
 0.00869825 0.0141476 0.0213188 0.0301353 0.0402676 0.0509735 0.061072 0.0692326 0.0744618 0.0764283 0.0754169 0.0720465 0.0670068 0.0609231 0.0543071 0.0475389 0.0408706 0.0344547 0.0283848 0.0227351 0.0175853 0.0130298 0.00916532 0.0060628 0.00373637
 0.00832575 0.0135347 0.0203878 0.0288227 0.0385539 0.0489234 0.0588636 0.0671472 0.0728214 0.0755023 0.075342 0.0727948 0.068406 0.062716 0.0562238 0.0493587 0.0424561 0.0357519 0.0294008 0.0235072 0.018158 0.0134432 0.00945257 0.00625237 0.0038536
 0.00867147 0.0140433 0.0210497 0.0295839 0.039317 0.0495599 0.0592343 0.0671353 0.0723752 0.0746723 0.0742853 0.071731 0.0675429 0.06218 0.0560302 0.0494296 0.0426693 0.035994 0.0295994 0.0236368 0.0182262 0.0134707 0.00945937 0.00625144 0.00385122
 0.00833896 0.0135633 0.0204391 0.0288951 0.0386207 0.0489169 0.0586736 0.0666498 0.0719363 0.0742537 0.0738872 0.0713946 0.0673469 0.0622145 0.0563575 0.0500498 0.0435122 0.0369416 0.0305265 0.0244475 0.0188714 0.0139446 0.00978359 0.00645907 0.00397562
 0.00857 0.0138876 0.0208338 0.0293109 0.0390008 0.0492232 0.0589016 0.0668193 0.0720609 0.0743141 0.0738286 0.0711563 0.0669054 0.0616126 0.055699 0.0494617 0.0430952 0.0367351 0.0305051 0.0245452 0.0190159 0.0140827 0.00988956 0.00652893 0.00401652
 0.00846274 0.0137539 0.0207052 0.0292355 0.0390224 0.0493536 0.0591054 0.0670261 0.0722025 0.074359 0.0737902 0.0710688 0.0667916 0.0614728 0.0555272 0.0492704 0.0429233 0.036631 0.0304991 0.0246332 0.019164 0.0142465 0.0100336 0.00663615 0.00408603
 0.00898093 0.0145534 0.0218277 0.0306884 0.0407756 0.0513347 0.0611914 0.0690389 0.0739244 0.0755724 0.0743307 0.0708701 0.065902 0.0600356 0.0537356 0.0473217 0.0409895 0.0348481 0.0289631 0.0233962 0.0182332 0.013591 0.00960054 0.00636677 0.00392825
 0.00857989 0.0139811 0.0211152 0.0299187 0.0400654 0.050803 0.0609315 0.0691057 0.0743305 0.0762851 0.0752676 0.0719021 0.0668752 0.060809 0.0542202 0.0475004 0.0409105 0.0345991 0.0286402 0.0230799 0.0179741 0.0134085 0.00948887 0.00630736 0.00390079
 0.00852136 0.0138371 0.0208133 0.0293754 0.039224 0.0496847 0.0596692 0.0679263 0.0734837 0.0759532 0.0755062 0.072637 0.0679433 0.0620122 0.0553724 0.0484614 0.0416063 0.0350242 0.028843 0.0231352 0.0179555 0.0133695 0.00945752 0.0062913 0.0038966
 0.00854723 0.0138745 0.0208572 0.0294081 0.0392079 0.0495599 0.0593643 0.0673902 0.0727287 0.0750835 0.0747032 0.0720976 0.0678008 0.0622857 0.0559686 0.0492209 0.0423639 0.0356577 0.0292951 0.023409 0.0180927 0.0134229 0.00947128 0.00629236 0.00389659
#pred catch len freq
 0.00405021 0.00642636 0.00941078 0.0129502 0.0170207 0.0216062 0.0266294 0.0319151 0.0372175 0.0422766 0.0468585 0.0507827 0.0539427 0.0563138 0.0579412 0.0589184 0.0593686 0.0594132 0.0590988 0.058283 0.0565477 0.0532665 0.0478998 0.0404023 0.0314596
 0.0043173 0.00678267 0.00980613 0.0132978 0.0172315 0.0216373 0.0265154 0.0317551 0.0371222 0.0423069 0.0469972 0.0509541 0.0540653 0.0563508 0.0579212 0.0589178 0.0594641 0.0596288 0.0593746 0.0584868 0.0565315 0.0529422 0.0472879 0.039625 0.0306802
 0.00450731 0.00709827 0.0102879 0.0139728 0.0180906 0.0226109 0.0274682 0.0325201 0.0375692 0.0424057 0.0468276 0.0506518 0.0537429 0.0560535 0.0576401 0.0586354 0.0591869 0.0593793 0.0591547 0.0582499 0.0561937 0.0524311 0.0465964 0.0388273 0.0298984
 0.00471317 0.00742075 0.0107536 0.0146062 0.0189179 0.0236578 0.0287434 0.0339841 0.0391059 0.0438248 0.0479146 0.0512482 0.0538091 0.0556704 0.0569524 0.0577818 0.0582623 0.0584335 0.0582049 0.0572873 0.0551918 0.0513684 0.0454877 0.0377374 0.0289225
 0.00493318 0.00776719 0.011255 0.0152844 0.0197884 0.0247302 0.0300186 0.0354493 0.0407256 0.0455269 0.049575 0.05269 0.0548354 0.0561254 0.0567793 0.0570399 0.0570905 0.0569894 0.0566159 0.0556337 0.0535188 0.0497126 0.0439022 0.0362992 0.027714
