SBPRF35
12.7214
Curr Bio
787985
B35
887587
F35
0.169713
FOFL
0.151023
OFL
98933.8
Bzero
3.63469e+006
#pred survey bio
 3.57871e+006 3.48802e+006 3.39708e+006 3.2384e+006 3.04392e+006 2.83553e+006 2.60583e+006 2.37084e+006 2.12107e+006 1.90276e+006 1.68262e+006 1.49437e+006 1.32077e+006 1.17983e+006 1.0162e+006 873448 786979 721116 677610 649251 609549 582843 569620 565337 555816 556569 552170 565387 570480 579372 591258 604165 608170 614133 628970 638515 650809 666459 665850 674446 677767 687287 706410 708493 708601 708647 719604 725126 730225 740085 744845 755437 769960 783720 785189 793730 2.8e+007 1.65845e+007 1.67128e+007 1.75203e+007 1.88098e+007 2.03089e+007 2.18052e+007 2.3169e+007 2.43404e+007 2.53063e+007 2.60805e+007 2.66888e+007 2.71603e+007 2.75225e+007 2.77992e+007 2.80101e+007 2.81707e+007 2.82933e+007 2.8387e+007 2.84589e+007 2.85143e+007 2.85572e+007 2.85905e+007 2.86166e+007 2.86371e+007 2.86532e+007 2.86659e+007 2.86761e+007 2.86841e+007 2.86905e+007 2.86957e+007 2.86999e+007 2.87032e+007 2.87059e+007 2.87081e+007 2.87099e+007 2.87113e+007 2.87125e+007 2.87134e+007 2.87142e+007 2.87149e+007 2.87154e+007 2.87158e+007 2.87161e+007 2.87164e+007 2.87167e+007 2.87168e+007 2.8717e+007 2.87171e+007 2.87172e+007 2.87173e+007 2.87174e+007 2.87174e+007 2.87175e+007 2.87175e+007 2.87176e+007 2.87176e+007 2.87176e+007 2.87176e+007 2.87176e+007 2.87176e+007 2.87177e+007 2.87177e+007 2.87177e+007 2.87177e+007 2.87177e+007 2.87177e+007 2.87177e+007 2.87177e+007 2.87177e+007 2.87177e+007 2.87177e+007 2.87177e+007 2.87177e+007 2.87177e+007 2.87177e+007 2.87177e+007 2.87177e+007 2.87177e+007 2.87177e+007 2.87177e+007 2.87177e+007 2.87177e+007 2.87177e+007 2.87177e+007 2.87177e+007 2.87177e+007 2.87177e+007 2.87177e+007 2.87177e+007 2.87177e+007 2.87177e+007 2.87177e+007 2.87177e+007 2.87177e+007 2.87177e+007 2.87177e+007 2.87177e+007 2.87177e+007 2.87177e+007 0 0 0 0 0 0 0 0 0 0 0 0 0 0 0 0 0 0 0 0 0 0 0 0 0
#obs survey bio
 3.01979e+006 3.22876e+006 2.80594e+006 3.99099e+006 4.22915e+006 2.29927e+006 2.69741e+006 2.20243e+006 1.57548e+006 1.11205e+006 1.74321e+006 1.84024e+006 963026 943810 977042 766534 720323 498087 760521 668018 704202 640265 417329 600259 514677 432862 441801 495935 397252 826657 717254 568242 629821 684766 512485 647479 522046 846813 783066 848354 532042 537143 600093 573040 668610 873049 866664 899496 570634 622145 615785 836741 1.04405e+006 687398 909168 831488
#pred catch bio
 95421.1 96628.2 162556 203342 227515 261020 281201 310045 296013 309866 290191 282789 256870 276088 253321 200278 179467 157028 140944 146423 130771 116590 108246 112568 104247 109277 95532.3 103565 100330 97275.1 95704.5 102283 99789.7 92750.7 98526.1 97425.8 95998.5 110370 102567 107718 103475 97024 112467 113636 112860 103181 107834 108073 104360 109280 104608 101352 101697 111102 102443 99693 98933.8 108668 108149 111957 119619 128927 138234 146624 153704 159408 163853 167230 169746 171592 172932 173894 174581 175067 175410 175652 175821 175939 176021 176078 176118 176146 176165 176178 176188 176194 176198 176201 176203 176205 176206 176206 176207 176207 176207 176208 176208 176208 176208 176208 176208 176208 176208 176208 176208 176208 176208 176208 176208 176208 176208 176208 176208 176208 176208 176208 176208 176208 176208 176208 176208 176208 176208 176208 176208 176208 176208 176208 176208 176208 176208 176208 176208 176208 176208 176208 176208 176208 176208 176208 176208 176208 176208 176208 176208 176208 176208 176208 176208 176208 176208 176208 176208 176208 176208 176208 0 0 0 0 0 0 0 0 0 0 0 0 0 0 0 0 0 0 0 0 0 0 0 0 0
#obs catch bio
 0 96303.4 163134 203734 227648 261800 281625 311063 297148 313085 292855 285235 259158 279449 256278 202204 181491 159482 141686 147935 131267 116784 108467 113126 104837 110619 96260.5 104948 101647 97876.1 95801.3 102210 99415 92320.6 98540.9 97677.4 96218.1 110733 102501 107528 103853 97271.5 112993 114156 113204 103127 107676 107899 104222 109186 104670 101243 101554 111402 102446 99655.9
#pred cpue bio
 3.52797e+006 3.43905e+006 3.34965e+006 3.19164e+006 2.99757e+006 2.78961e+006 2.56048e+006 2.32617e+006 2.07735e+006 1.85979e+006 1.64088e+006 1.45401e+006 1.28206e+006 1.14256e+006 981332 840973 755960 691437 649146 621872 583600 557900 545110 540787 531295 531801 527369 540180 545279 554307 566455 579530 583717 589618 604009 613169 625086 640379 639871 648304 651435 660537 679178 681342 681625 681879 692771 698293 703316 712926 717540 728016 742587 756453 758234 767431 2.71312e+007 1.60859e+007 1.60621e+007 1.66935e+007 1.79166e+007 1.93989e+007 2.08915e+007 2.22546e+007 2.34259e+007 2.43918e+007 2.5166e+007 2.57743e+007 2.62458e+007 2.6608e+007 2.68847e+007 2.70956e+007 2.72562e+007 2.73788e+007 2.74725e+007 2.75444e+007 2.75998e+007 2.76427e+007 2.7676e+007 2.77021e+007 2.77225e+007 2.77387e+007 2.77514e+007 2.77615e+007 2.77696e+007 2.7776e+007 2.77812e+007 2.77853e+007 2.77887e+007 2.77914e+007 2.77936e+007 2.77954e+007 2.77968e+007 2.7798e+007 2.77989e+007 2.77997e+007 2.78003e+007 2.78009e+007 2.78013e+007 2.78016e+007 2.78019e+007 2.78021e+007 2.78023e+007 2.78025e+007 2.78026e+007 2.78027e+007 2.78028e+007 2.78029e+007 2.78029e+007 2.7803e+007 2.7803e+007 2.7803e+007 2.78031e+007 2.78031e+007 2.78031e+007 2.78031e+007 2.78031e+007 2.78031e+007 2.78031e+007 2.78031e+007 2.78032e+007 2.78032e+007 2.78032e+007 2.78032e+007 2.78032e+007 2.78032e+007 2.78032e+007 2.78032e+007 2.78032e+007 2.78032e+007 2.78032e+007 2.78032e+007 2.78032e+007 2.78032e+007 2.78032e+007 2.78032e+007 2.78032e+007 2.78032e+007 2.78032e+007 2.78032e+007 2.78032e+007 2.78032e+007 2.78032e+007 2.78032e+007 2.78032e+007 2.78032e+007 2.78032e+007 2.78032e+007 2.78032e+007 2.78032e+007 2.78032e+007 2.78032e+007 2.78032e+007 2.78032e+007 2.78032e+007 2.78032e+007 0 0 0 0 0 0 0 0 0 0 0 0 0 0 0 0 0 0 0 0 0 0 0 0 0
#obs cpue bio
 3.14376e+006 3.30879e+006 3.37426e+006 2.92414e+006 2.33141e+006 2.64964e+006 2.80024e+006 2.37791e+006 2.14137e+006 2.02882e+006 1.44188e+006 1.20974e+006 1.34638e+006 1.31885e+006 914954 766334 672713 599765 836118 473567 611451 529976 656486 447633 432372 459308 575891 435503 598744 553285 632287 782021 729404 549278 567038 461812 683922 582758 597966 650451 492371 732898 830411 747151 811532 635337 709723 583702 827584 924921 716296 766121 552986 697184 725125 801574
#pred surv len freq
 0.00544351 0.00872011 0.0129029 0.0179002 0.0235538 0.0295827 0.0355453 0.0409275 0.0453335 0.0486236 0.0508968 0.0523697 0.0532651 0.0537595 0.0539726 0.0539751 0.0538032 0.0534627 0.0528941 0.0518965 0.0500696 0.0468773 0.0418927 0.0351266 0.0272056
 0.00559981 0.00889094 0.013011 0.0178353 0.0232176 0.0289518 0.0347109 0.040076 0.0446682 0.0482727 0.0508649 0.0525587 0.0535435 0.0540339 0.0542245 0.0542516 0.0541738 0.0539647 0.053494 0.0524897 0.0505209 0.0470842 0.0418339 0.0348676 0.0268597
 0.00581024 0.00922259 0.0134846 0.0184472 0.023923 0.0296514 0.0352575 0.0403168 0.0445149 0.0477591 0.0501443 0.0518324 0.0529652 0.0536565 0.0540157 0.0541538 0.0541535 0.0540191 0.0536195 0.0526475 0.0506341 0.0470717 0.0416573 0.0345546 0.0264874
 0.00601253 0.00955194 0.0139812 0.0191481 0.0248531 0.0308065 0.0365831 0.0416931 0.045764 0.0486833 0.0505893 0.0517471 0.052425 0.0528269 0.0530789 0.0532424 0.0533294 0.0532921 0.0529744 0.0520564 0.0500588 0.0464748 0.0410248 0.0339119 0.0258909
 0.00625724 0.00993581 0.014534 0.0198913 0.0258 0.031961 0.0379327 0.0431972 0.0473429 0.0502118 0.051903 0.05267 0.0528166 0.0526335 0.052357 0.0521365 0.0520143 0.0519146 0.0516238 0.0507678 0.0488356 0.0453149 0.0399404 0.032937 0.0250712
 0.0065191 0.0103497 0.0151351 0.0207047 0.0268377 0.0332169 0.0393768 0.0447749 0.0489801 0.0518242 0.053397 0.0539369 0.0537307 0.0530688 0.0522237 0.0514198 0.0507892 0.0503234 0.0498291 0.0489102 0.0470165 0.043605 0.0383982 0.0316168 0.0240154
 0.00680716 0.0108063 0.0158006 0.0216097 0.0279984 0.0346284 0.0410047 0.0465512 0.0508109 0.0536053 0.0550287 0.0553296 0.0548002 0.0537286 0.0523867 0.0510151 0.0497919 0.0487788 0.0478545 0.0466702 0.0446894 0.0413561 0.0363656 0.0299033 0.0226787
 0.00712225 0.0113034 0.016521 0.0225828 0.0292386 0.0361297 0.0427323 0.0484371 0.0527596 0.055507 0.056775 0.0568232 0.055958 0.054479 0.052664 0.0507584 0.0489546 0.0473508 0.0458874 0.0442891 0.0420818 0.038741 0.0339536 0.0278585 0.0210918
 0.00749441 0.0118905 0.0173711 0.0237291 0.0306941 0.0378802 0.044727 0.0505856 0.0549414 0.0575923 0.0586439 0.0583762 0.0571178 0.0551869 0.0528734 0.050429 0.0480518 0.0458571 0.0438252 0.0417474 0.0392291 0.0358104 0.031199 0.0254962 0.0192508
 0.00777571 0.0123456 0.0180523 0.0246838 0.031957 0.0394598 0.046591 0.0526546 0.0570986 0.0597038 0.0605796 0.0600234 0.0583864 0.0560092 0.0532003 0.0502233 0.0472845 0.044511 0.0419121 0.0393342 0.0364601 0.032906 0.0284194 0.023079 0.0173494
 0.00805055 0.0127892 0.0187145 0.0256104 0.0331831 0.040998 0.0484179 0.0547021 0.0592588 0.0618444 0.0625631 0.0617232 0.0596979 0.0568557 0.0535317 0.05001 0.0465097 0.0431692 0.0400197 0.0369525 0.0337194 0.0300124 0.025627 0.0206302 0.0154094
 0.00832643 0.0132216 0.0193363 0.0264441 0.0342409 0.0422812 0.0499114 0.0563686 0.0610367 0.0636507 0.0643001 0.0632857 0.0609825 0.0577696 0.0540003 0.0499802 0.0459485 0.0420639 0.0383836 0.0348414 0.0312512 0.0273747 0.0230549 0.0183538 0.0135917
 0.00863125 0.013703 0.0200338 0.0273843 0.0354322 0.0437065 0.0515214 0.0580829 0.0627565 0.0652799 0.0657599 0.064517 0.0619377 0.0584042 0.0542688 0.0498377 0.0453567 0.0409985 0.036846 0.0328751 0.0289593 0.0249253 0.0206622 0.0162301 0.0118899
 0.00877053 0.0139436 0.0204223 0.0279729 0.0362673 0.0448106 0.0528755 0.0596199 0.0643727 0.0668575 0.0671901 0.0657153 0.0628485 0.0589958 0.0545226 0.0497373 0.044882 0.0401293 0.0355757 0.0312307 0.0270213 0.0228348 0.0186041 0.0143913 0.0104081
 0.00907244 0.0144213 0.0211173 0.0289161 0.0374754 0.0462786 0.0545663 0.0614562 0.0662398 0.0686178 0.0687053 0.0668692 0.0635652 0.0592475 0.0543244 0.0491294 0.0439095 0.0388291 0.033978 0.0293757 0.0249813 0.0207281 0.0165854 0.0126175 0.00899313
 0.00947226 0.0150374 0.0219814 0.0300357 0.0388345 0.0478401 0.0562709 0.0632215 0.0679649 0.0701954 0.0700339 0.0678615 0.0641544 0.059394 0.0540211 0.0484014 0.0428058 0.0374096 0.0323045 0.0275131 0.0230099 0.0187539 0.0147359 0.0110174 0.00772965
 0.00962987 0.015291 0.0223581 0.0305587 0.0395186 0.0486855 0.0572566 0.0643046 0.069088 0.0712977 0.0710585 0.0687552 0.0648637 0.0598638 0.0542004 0.0482539 0.042319 0.0365987 0.0312102 0.0261982 0.0215571 0.0172652 0.0133243 0.00978816 0.00675509
 0.00965481 0.0153435 0.0224597 0.0307382 0.039807 0.0491066 0.0578182 0.0649931 0.0698703 0.0721272 0.0718831 0.0695235 0.0655282 0.0603814 0.0545304 0.0483583 0.0421675 0.0361768 0.0305275 0.0252934 0.020498 0.0161427 0.0122402 0.00883478 0.00599548
 0.00966608 0.0153501 0.0224495 0.0306966 0.0397257 0.0489961 0.0577143 0.0649529 0.0699542 0.0723771 0.0723059 0.0700893 0.0661798 0.0610476 0.0551384 0.0488412 0.0424688 0.0362557 0.0303656 0.0249015 0.0199198 0.0154506 0.0115222 0.00817542 0.00545573
 0.00959365 0.015242 0.0223042 0.0305175 0.0395186 0.0487661 0.0574672 0.0647014 0.0697262 0.0722187 0.0722736 0.0702313 0.0665148 0.0615535 0.0557545 0.0494833 0.0430476 0.0366938 0.0306092 0.0249295 0.0197471 0.015126 0.0111169 0.00776446 0.00509894
 0.00970978 0.0154128 0.0225276 0.0307797 0.0397971 0.0490356 0.0577031 0.0648806 0.0698282 0.0722298 0.0721951 0.0700862 0.0663474 0.0614161 0.0556878 0.0494981 0.0431202 0.0367741 0.0306399 0.0248657 0.0195718 0.0148544 0.0107905 0.00743556 0.00481284
 0.00993508 0.0157344 0.0229287 0.0312157 0.0402078 0.0493648 0.0579151 0.0649655 0.0697966 0.0721039 0.0720007 0.0698492 0.0660934 0.061172 0.055481 0.0493509 0.0430399 0.0367465 0.0306311 0.0248344 0.0194863 0.014706 0.010595 0.00722513 0.00462086
 0.0101394 0.0160394 0.0233355 0.0317039 0.0407359 0.0498758 0.0583435 0.0652489 0.0698916 0.0720012 0.0717305 0.0694703 0.0656725 0.0607653 0.0551258 0.049067 0.0428331 0.03661 0.0305457 0.0247719 0.0194177 0.0146125 0.010475 0.00709234 0.00449531
 0.0101955 0.0161351 0.0234874 0.031928 0.0410418 0.050257 0.0587705 0.065669 0.0702393 0.0722169 0.0717778 0.0693467 0.0654089 0.0604154 0.0547497 0.0487156 0.0425393 0.0363864 0.0303872 0.0246611 0.0193319 0.0145322 0.0103903 0.00700435 0.0044127
 0.01032 0.0163242 0.0237477 0.0322577 0.0414331 0.0506989 0.0592481 0.0661597 0.0707082 0.0726159 0.0720526 0.0694496 0.0653146 0.0601318 0.0543178 0.0481989 0.0420055 0.0358913 0.0299647 0.024322 0.0190695 0.0143308 0.0102343 0.0068829 0.00432018
 0.0102904 0.0162871 0.023712 0.0322389 0.0414489 0.0507635 0.0593677 0.0663319 0.0709249 0.0728652 0.0723176 0.0697049 0.0655256 0.0602613 0.0543388 0.0481064 0.0418201 0.0356515 0.0297132 0.0240919 0.0188784 0.0141816 0.0101213 0.00679858 0.00425841
 0.0103298 0.0163462 0.0237919 0.0323382 0.0415659 0.0508976 0.0595204 0.0665045 0.0711149 0.0730638 0.0725101 0.0698734 0.0656523 0.0603295 0.0543344 0.0480205 0.0416542 0.0354214 0.0294473 0.0238236 0.0186358 0.0139817 0.00996878 0.00668936 0.00418449
 0.0101394 0.0160615 0.0234103 0.0318749 0.0410507 0.0503702 0.0590257 0.0660908 0.0708296 0.0729459 0.0725805 0.070128 0.0660604 0.0608397 0.0548845 0.0485496 0.0421133 0.035781 0.0296998 0.0239805 0.0187202 0.0140188 0.00997937 0.00668743 0.00417799
 0.00993874 0.0157649 0.0230192 0.0314106 0.0405493 0.0498733 0.0585729 0.0657162 0.0705608 0.0728031 0.0725746 0.0702606 0.0663232 0.0612133 0.0553377 0.0490402 0.0425949 0.0362112 0.0300495 0.0242383 0.0188919 0.0141215 0.010034 0.00671261 0.00418732
 0.00972829 0.0154357 0.0225493 0.0307921 0.0397942 0.0490191 0.0576869 0.0648897 0.0698907 0.0723665 0.0724112 0.0703693 0.0666722 0.0617538 0.0560135 0.049793 0.0433664 0.0369463 0.0307022 0.0247779 0.0193066 0.0144173 0.0102297 0.00683258 0.00425533
 0.00965608 0.0153012 0.0223157 0.0304156 0.039236 0.0482641 0.0567614 0.0638672 0.068881 0.0714922 0.0717809 0.0700562 0.0667025 0.0621061 0.0566291 0.0505914 0.0442605 0.0378542 0.0315541 0.0255215 0.0199109 0.0148739 0.0105496 0.00703969 0.00437889
 0.00961162 0.0152274 0.0222006 0.0302434 0.038986 0.0479116 0.0562831 0.063252 0.068144 0.0706847 0.0709902 0.0693901 0.066263 0.0619624 0.0568009 0.0510477 0.0449309 0.0386476 0.0323776 0.026295 0.0205769 0.015402 0.0109351 0.00729835 0.0045379
 0.00967089 0.0153127 0.0223077 0.0303602 0.0390929 0.0479848 0.0562956 0.0631753 0.0679502 0.0703543 0.0705236 0.0688192 0.0656548 0.061409 0.0563962 0.0508598 0.0449831 0.038914 0.0327947 0.0267827 0.021059 0.0158219 0.011263 0.00752941 0.00468516
 0.00978719 0.0154796 0.0225176 0.0305911 0.039314 0.0481648 0.0564103 0.063209 0.0678941 0.0702027 0.0702735 0.0684734 0.0652284 0.0609366 0.0559337 0.0504761 0.0447406 0.0388484 0.032902 0.0270216 0.0213668 0.0161351 0.0115344 0.00773541 0.00482386
 0.00977561 0.0154677 0.0225117 0.0305998 0.0393433 0.0482125 0.0564626 0.0632435 0.0678882 0.070143 0.0701593 0.0683134 0.0650341 0.0607198 0.0557096 0.0502692 0.0445856 0.0387813 0.0329453 0.0271721 0.0215942 0.0163933 0.0117777 0.00793296 0.00496433
 0.00973067 0.0154073 0.0224447 0.0305426 0.0393166 0.0482339 0.0565397 0.0633696 0.0680421 0.0702932 0.0702715 0.0683598 0.0650011 0.0606102 0.0555405 0.0500674 0.0443843 0.0386157 0.0328462 0.0271565 0.0216584 0.0165134 0.0119199 0.00806592 0.00506871
 0.00967587 0.0153197 0.0223164 0.0303699 0.0391031 0.0479949 0.0563043 0.0631767 0.067929 0.0702821 0.0703596 0.0685198 0.0651913 0.0607883 0.0556764 0.0501497 0.0444203 0.0386268 0.0328596 0.0271953 0.0217337 0.0166207 0.012042 0.0081819 0.00516283
 0.00953201 0.0151066 0.022034 0.0300312 0.0387299 0.0476113 0.0559329 0.06284 0.067653 0.0700963 0.0702916 0.0685851 0.0653843 0.06108 0.0560216 0.0505005 0.0447405 0.0388995 0.0330864 0.0273893 0.0219088 0.0167838 0.0121909 0.00830916 0.00526147
 0.00958057 0.0151719 0.0221073 0.0300967 0.0387697 0.0476131 0.055895 0.0627704 0.0675631 0.0699952 0.0701856 0.0684815 0.0652945 0.0610181 0.0559968 0.0505114 0.0447753 0.0389425 0.033127 0.0274255 0.0219454 0.0168261 0.0122398 0.00836002 0.00530746
 0.00963951 0.0152516 0.0221974 0.0301763 0.0388125 0.0475953 0.0558036 0.0626075 0.0673468 0.0697552 0.0699559 0.0682923 0.0651658 0.0609575 0.056002 0.0505732 0.0448792 0.0390713 0.0332629 0.0275548 0.0220607 0.0169255 0.0123237 0.00842866 0.00536055
 0.00969235 0.0153401 0.0223341 0.0303713 0.0390674 0.0478954 0.0561133 0.0628748 0.0675174 0.0697921 0.0698522 0.0680724 0.0648746 0.0606453 0.0557113 0.0503318 0.0446989 0.0389508 0.0331926 0.0275217 0.0220523 0.0169322 0.0123388 0.00844746 0.00537919
 0.00962479 0.0152443 0.0222167 0.0302488 0.0389639 0.0478365 0.056119 0.0629529 0.0676585 0.069968 0.0700224 0.0681963 0.0649268 0.0606243 0.0556375 0.0502367 0.0446126 0.0388929 0.0331695 0.0275292 0.0220805 0.0169703 0.0123782 0.00848247 0.00540702
 0.00945689 0.0149884 0.021864 0.0298052 0.0384506 0.0472901 0.055591 0.062505 0.0673512 0.0698443 0.0700935 0.0684376 0.0652859 0.0610382 0.0560511 0.0506157 0.0449456 0.0391839 0.0334279 0.0277608 0.0222853 0.0171445 0.0125178 0.00858669 0.00547887
 0.00938829 0.0148866 0.0217286 0.0296415 0.0382674 0.0470964 0.0553945 0.0623137 0.067177 0.0697049 0.0700101 0.0684287 0.0653586 0.061183 0.0562434 0.0508242 0.0451436 0.0393568 0.0335734 0.0278841 0.0223921 0.0172371 0.0125955 0.0086477 0.00552296
 0.00934141 0.0148124 0.0216212 0.0294976 0.0380881 0.046889 0.0551732 0.0620981 0.0669873 0.0695569 0.0699135 0.0683884 0.0653781 0.0612637 0.0563817 0.0510077 0.0453522 0.0395679 0.033769 0.0280542 0.0225341 0.0173523 0.012686 0.00871556 0.00557055
 0.00935138 0.0148197 0.0216156 0.0294641 0.0380108 0.0467573 0.0549875 0.0618721 0.0667451 0.0693267 0.0697215 0.068254 0.0653117 0.0612679 0.0564525 0.0511362 0.0455244 0.0397658 0.0339726 0.0282457 0.0227012 0.0174891 0.0127917 0.0087925 0.00562294
 0.00931663 0.014761 0.021523 0.0293268 0.0378186 0.0465046 0.0546773 0.061519 0.0663755 0.0689759 0.0694277 0.0680516 0.0652243 0.0613033 0.0566028 0.0513812 0.0458365 0.0401146 0.0343284 0.0285822 0.0229979 0.0177334 0.0129793 0.00892665 0.0057118
 0.00932213 0.0147688 0.0215322 0.0293345 0.037819 0.0464883 0.0546317 0.0614303 0.0662336 0.0687799 0.0691901 0.0677981 0.0649893 0.0611222 0.0565031 0.0513764 0.0459236 0.0402768 0.0345397 0.0288136 0.0232227 0.0179312 0.0131384 0.00904377 0.00579075
 0.00935947 0.0148213 0.0215962 0.0294012 0.0378772 0.0465277 0.0546452 0.0614142 0.066185 0.0686953 0.0690663 0.0676363 0.0647993 0.0609245 0.0563256 0.0512477 0.0458646 0.0402944 0.0346256 0.0289476 0.023379 0.0180851 0.0132716 0.00914688 0.00586258
 0.00932989 0.0147798 0.0215454 0.0293473 0.0378269 0.0464845 0.0546078 0.0613769 0.0661416 0.0686426 0.0690049 0.0675689 0.0647288 0.0608539 0.056261 0.0511999 0.0458481 0.0403219 0.034702 0.0290666 0.023524 0.0182349 0.0134069 0.00925526 0.00594007
 0.00923533 0.0146467 0.0213835 0.0291788 0.0376808 0.0463865 0.0545718 0.0614014 0.0662122 0.0687372 0.0691 0.0676452 0.0647751 0.0608682 0.0562491 0.0511733 0.0458217 0.0403115 0.0347201 0.0291181 0.0236045 0.0183317 0.0135041 0.00933934 0.00600376
 0.00907011 0.014394 0.0210341 0.0287377 0.0371692 0.0458428 0.0540497 0.060964 0.0659173 0.0686202 0.0691631 0.0678589 0.0650907 0.061234 0.0566227 0.0515275 0.0461444 0.0406021 0.0349842 0.0293615 0.0238287 0.0185329 0.0136752 0.00947424 0.00610077
 0.00897902 0.0142388 0.020788 0.0283734 0.0366674 0.0452049 0.0533096 0.0601905 0.0652022 0.0680574 0.0688254 0.0677823 0.0652687 0.0616226 0.057155 0.0521315 0.0467588 0.0411845 0.0355113 0.0298239 0.0242241 0.0188607 0.0139354 0.00966876 0.00623566
 0.00887822 0.0140855 0.0205759 0.0281008 0.0363336 0.0448066 0.0528417 0.0596533 0.0646132 0.0674596 0.0682863 0.0673804 0.0650716 0.0616662 0.0574329 0.0525987 0.0473469 0.041821 0.0361354 0.0303936 0.0247154 0.0192636 0.0142489 0.00989834 0.00639209
 0.00849005 0.0135344 0.0198943 0.0273682 0.0356529 0.0442654 0.0524809 0.0594595 0.0645347 0.0674336 0.0682649 0.0673475 0.0650478 0.0616986 0.0575737 0.0528812 0.0477707 0.0423521 0.0367189 0.0309714 0.0252405 0.0197062 0.0145964 0.0101523 0.00656389
 0.00789618 0.0126303 0.0186519 0.0258124 0.0338664 0.042386 0.0506933 0.0579692 0.0635198 0.0669897 0.0683768 0.0679072 0.0659066 0.0627237 0.0586797 0.0540297 0.0489481 0.0435433 0.037892 0.0320783 0.0262285 0.0205334 0.0152421 0.0106196 0.00687585
#obs surv len freq
 nan nan nan nan nan nan nan nan nan nan nan nan nan nan nan nan nan nan nan nan nan nan nan nan nan
 0.00448175 0.00734178 0.0111706 0.0159861 0.0216866 0.0279626 0.0342774 0.0400096 0.0446902 0.0481551 0.050514 0.0520109 0.052904 0.0534172 0.0537321 0.0539875 0.0542664 0.0545594 0.0546982 0.0542902 0.0527282 0.0493601 0.0438094 0.0362889 0.0276719
 0.00461777 0.00756309 0.0115037 0.0164549 0.0223065 0.0287319 0.0351687 0.0409664 0.0456347 0.0490031 0.0511905 0.0524613 0.0531 0.0533571 0.0534371 0.0534941 0.0536175 0.0537971 0.0538614 0.0534154 0.0518538 0.0485289 0.0430657 0.0356703 0.0271991
 0.00477583 0.00782497 0.0119068 0.0170369 0.023097 0.0297397 0.036369 0.0422962 0.0470004 0.0502973 0.0523095 0.0533168 0.0536275 0.0535208 0.0532318 0.0529433 0.0527671 0.0527067 0.0525972 0.0520477 0.0504582 0.0471862 0.0418564 0.0346608 0.0264261
 0.00496684 0.00813499 0.0123728 0.0176939 0.023973 0.0308462 0.03769 0.0437818 0.0485698 0.0518494 0.0537353 0.0545109 0.0544969 0.0539934 0.0532635 0.0525219 0.0519135 0.0514718 0.0510575 0.0503007 0.048619 0.0453818 0.0402121 0.0332788 0.0253641
 0.00517347 0.00847375 0.0128878 0.0184278 0.0249585 0.0320931 0.0391723 0.0454344 0.0502989 0.0535507 0.0553085 0.0558648 0.0555484 0.0546664 0.0534932 0.0522623 0.0511469 0.0502168 0.0493742 0.0482925 0.0464289 0.0431801 0.0381732 0.0315477 0.0240253
 0.00539415 0.00883609 0.0134399 0.0192171 0.0260227 0.0334461 0.0407896 0.0472467 0.0522017 0.0554243 0.0570374 0.0573496 0.0567079 0.0554345 0.0538137 0.0520875 0.0504418 0.0489718 0.047621 0.0461191 0.0439846 0.0406641 0.0358023 0.0295101 0.0224365
 0.00564255 0.00924062 0.0140502 0.0200801 0.0271744 0.0348981 0.0425143 0.049172 0.0542199 0.0574112 0.0588719 0.0589252 0.0579377 0.0562507 0.0541642 0.0519307 0.0497447 0.0477166 0.0458222 0.0438459 0.0413779 0.0379328 0.0331895 0.0272377 0.0206488
 0.00589347 0.00965251 0.0146773 0.0209752 0.0283781 0.0364226 0.0443266 0.0511892 0.0563219 0.0594648 0.0607526 0.0605286 0.0591811 0.0570706 0.054512 0.0517681 0.0490417 0.0464549 0.0440095 0.0415395 0.0387072 0.0351031 0.0304529 0.0248343 0.0187425
 0.00613071 0.010042 0.0152709 0.021824 0.0295235 0.0378807 0.0460726 0.0531502 0.0583861 0.0615017 0.0626341 0.062143 0.0604394 0.0579067 0.054879 0.0516321 0.0483769 0.0452453 0.0422605 0.039301 0.0360973 0.0323161 0.0277357 0.0224292 0.0168212
 0.00635778 0.0104177 0.0158484 0.0226568 0.0306549 0.0393268 0.0478051 0.0550913 0.0604198 0.0634968 0.0644655 0.063704 0.0616453 0.0586949 0.0552056 0.051468 0.0477025 0.0440506 0.0405542 0.0371301 0.033571 0.0296159 0.0250955 0.0200829 0.0149388
 0.00659603 0.0108045 0.0164297 0.0234758 0.0317445 0.0406977 0.0494326 0.0569086 0.062325 0.0653703 0.0661881 0.0651706 0.0627719 0.0594203 0.0554894 0.0512854 0.0470393 0.042902 0.0389324 0.0350813 0.0311963 0.0270815 0.0226164 0.0178762 0.0131642
 0.00682939 0.0111875 0.0170126 0.0243064 0.0328574 0.0420985 0.0510823 0.0587207 0.0641806 0.0671436 0.0677682 0.0664708 0.0637293 0.0599916 0.0556466 0.0510123 0.0463283 0.0417543 0.0373639 0.0331375 0.0289706 0.0247242 0.0203209 0.0158372 0.0115251
 0.0070333 0.0115259 0.0175346 0.0250616 0.0338857 0.0434131 0.0526527 0.0604672 0.0659848 0.0688724 0.0692975 0.0677021 0.0645965 0.060459 0.0557026 0.0506592 0.0455753 0.0406145 0.0358605 0.0313169 0.0269183 0.022574 0.0182419 0.0139989 0.0100514
 0.00727286 0.0119122 0.0181101 0.0258637 0.0349399 0.0447214 0.0541819 0.0621429 0.0677001 0.0705049 0.0707296 0.068835 0.0653597 0.0608135 0.0556389 0.0501906 0.044728 0.0394208 0.0343588 0.0295609 0.0249903 0.0205926 0.0163526 0.0123447 0.00873414
 0.0074368 0.0121877 0.0185409 0.0264951 0.0358076 0.0458359 0.0555129 0.0636167 0.0692128 0.0719453 0.0719981 0.0698525 0.0660677 0.0611732 0.0556309 0.0498145 0.0440005 0.0383723 0.0330322 0.0280144 0.0233047 0.0188749 0.0147275 0.0109309 0.00761394
 0.00753292 0.0123455 0.0187821 0.0268432 0.0362863 0.0464641 0.056298 0.0645467 0.0702517 0.0730338 0.0730599 0.0708051 0.0668342 0.0616925 0.0558613 0.0497344 0.0436064 0.0376782 0.03207 0.0268361 0.0219852 0.0175111 0.0134285 0.00979761 0.00671511
 0.0075965 0.0124441 0.0189221 0.0270287 0.0365207 0.0467519 0.0566456 0.0649616 0.0707403 0.0735968 0.0736861 0.0714658 0.0674815 0.0622639 0.0562902 0.0499618 0.043591 0.0374014 0.0315386 0.026084 0.0210735 0.0165239 0.0124617 0.00894004 0.00602822
 0.0076398 0.0125094 0.0190109 0.0271393 0.0366486 0.0468923 0.056795 0.0651204 0.0709146 0.0737994 0.0739335 0.0717713 0.0678456 0.0626665 0.0566885 0.0502969 0.0438 0.0374324 0.0313628 0.0257041 0.0205255 0.0158724 0.0117875 0.00832143 0.00552209
 0.00772699 0.0126384 0.019181 0.0273409 0.0368659 0.0471066 0.0569889 0.0652802 0.0710329 0.0738777 0.0739841 0.0718152 0.067907 0.062763 0.0568225 0.0504493 0.0439318 0.0374938 0.0313087 0.0255091 0.0201947 0.0154426 0.0113173 0.00787417 0.00514741
 0.00775812 0.0126908 0.0192627 0.0274589 0.0370222 0.0472944 0.0571897 0.0654666 0.0711775 0.0739632 0.0740102 0.0717978 0.0678717 0.0627366 0.0568245 0.0504855 0.04399 0.037545 0.0313149 0.0254366 0.0200284 0.0151934 0.0110201 0.00757476 0.00488655
 0.00781658 0.0127775 0.0193778 0.0275978 0.0371778 0.0474597 0.0573591 0.0656342 0.0713335 0.0740929 0.0740966 0.0718286 0.0678455 0.0626659 0.0567315 0.0503935 0.0439137 0.0374841 0.031254 0.0253527 0.0199024 0.0150214 0.0108162 0.007366 0.0047009
 0.00783518 0.0128091 0.0194277 0.0276706 0.0372753 0.0475786 0.0574892 0.0657609 0.0714429 0.0741767 0.0741532 0.07186 0.0678533 0.0626504 0.0566942 0.0503402 0.0438532 0.0374238 0.0311942 0.0252858 0.0198176 0.0149123 0.0106871 0.00723098 0.00457759
 0.00788264 0.0128766 0.0195115 0.0277619 0.0373634 0.0476556 0.0575535 0.0658157 0.0714922 0.0742215 0.0741904 0.0718846 0.0678614 0.0626407 0.0566679 0.0502996 0.043802 0.0373658 0.0311322 0.0252196 0.0197443 0.0148293 0.0105958 0.00713833 0.0044934
 0.00789304 0.0128954 0.0195427 0.027809 0.0374273 0.0477313 0.0576296 0.0658773 0.0715275 0.0742276 0.074175 0.0718606 0.0678404 0.0626275 0.056661 0.050294 0.0437929 0.0373501 0.0311086 0.0251875 0.0197032 0.0147795 0.0105394 0.00708012 0.00443966
 0.00790686 0.0129151 0.0195675 0.027837 0.0374566 0.0477615 0.057662 0.0659133 0.071566 0.0742634 0.0742007 0.0718704 0.0678339 0.0626099 0.0566394 0.0502738 0.0437753 0.0373334 0.0310897 0.0251639 0.0196736 0.014744 0.0104999 0.00703997 0.00440303
 0.00788804 0.0128839 0.0195195 0.0277683 0.0373648 0.0476482 0.0575345 0.0657854 0.0714553 0.0741875 0.0741712 0.0718904 0.067897 0.0627035 0.0567496 0.0503887 0.0438864 0.0374345 0.0311762 0.025232 0.0197213 0.0147716 0.0105103 0.00703784 0.00439398
 0.00790759 0.0129068 0.0195377 0.0277687 0.0373332 0.0475746 0.0574183 0.0656366 0.0712926 0.074033 0.0740463 0.0718115 0.0678729 0.0627341 0.0568262 0.0504969 0.04401 0.0375591 0.0312905 0.0253287 0.0197964 0.0148241 0.0105422 0.00705343 0.00439862
 0.00788248 0.0128692 0.0194866 0.0277043 0.0372553 0.0474811 0.0573053 0.0655011 0.0711366 0.0738676 0.0738912 0.0716907 0.0678076 0.0627365 0.0568963 0.0506238 0.0441751 0.0377412 0.0314699 0.0254899 0.0199297 0.0149255 0.0106126 0.00709751 0.00442302
 0.00785016 0.0128145 0.0194008 0.0275793 0.0370864 0.0472719 0.0570699 0.0652623 0.0709196 0.0736921 0.0737678 0.0716227 0.0677959 0.0627821 0.0569997 0.050781 0.0443756 0.0379678 0.0317019 0.0257075 0.0201175 0.0150747 0.0107215 0.00717021 0.00446704
 0.00785193 0.0128119 0.0193867 0.027543 0.0370163 0.0471589 0.0569118 0.0650665 0.0707028 0.0734772 0.0735794 0.0714814 0.0677144 0.0627645 0.0570437 0.0508805 0.0445216 0.038148 0.0319005 0.0259063 0.0202993 0.0152267 0.0108376 0.00725093 0.00451794
 0.00783882 0.0127931 0.0193628 0.0275151 0.0369845 0.0471202 0.0568592 0.0649912 0.0705979 0.0733435 0.0734268 0.0713287 0.0675837 0.0626756 0.0570091 0.0509038 0.0445987 0.0382688 0.0320508 0.0260694 0.0204581 0.0153669 0.0109498 0.00733226 0.0045712
 0.00779614 0.0127237 0.0192586 0.0273701 0.0367974 0.0468977 0.0566182 0.0647562 0.0703946 0.0731899 0.0733296 0.0712848 0.0675865 0.0627204 0.0570943 0.0510293 0.0447619 0.0384627 0.0322636 0.0262861 0.0206627 0.0155453 0.0110927 0.00743689 0.00464082
 0.00777823 0.01269 0.0191995 0.027274 0.0366536 0.0467014 0.0563751 0.0644843 0.0701219 0.0729478 0.0731456 0.0711763 0.0675585 0.0627662 0.0572011 0.0511828 0.0449499 0.0386748 0.032489 0.0265122 0.0208757 0.0157321 0.011244 0.00754922 0.00471674
 0.00773118 0.0126157 0.0190916 0.0271276 0.036466 0.0464728 0.0561105 0.0641955 0.0698277 0.0726732 0.0729185 0.0710224 0.067496 0.0628018 0.0573281 0.0513842 0.0452035 0.0389576 0.0327808 0.0267953 0.0211348 0.015955 0.0114227 0.00768137 0.0048062
 0.00770106 0.0125636 0.0190078 0.0270017 0.0362898 0.046245 0.0558402 0.0639017 0.0695353 0.072407 0.0726986 0.0708645 0.0674118 0.0627997 0.057411 0.0515473 0.0454331 0.0392332 0.0330783 0.0270913 0.021409 0.0161918 0.0116128 0.00782239 0.00490205
 0.00769286 0.01255 0.0189864 0.0269693 0.0362417 0.0461748 0.055741 0.0637686 0.0693688 0.0722148 0.0724967 0.0706735 0.067253 0.0626912 0.057366 0.0515723 0.0455273 0.0393875 0.0332762 0.0273113 0.0216285 0.0163914 0.0117788 0.00794854 0.00498942
 0.00767296 0.0125214 0.0189503 0.0269288 0.0362009 0.0461364 0.0557044 0.0637298 0.0693206 0.0721499 0.0724105 0.0705672 0.0671356 0.0625782 0.0572759 0.0515226 0.0455296 0.0394454 0.033384 0.0274551 0.0217892 0.0165491 0.0119171 0.00805778 0.00506719
 0.00764799 0.0124818 0.0188926 0.0268515 0.0361051 0.0460275 0.0555926 0.063628 0.0692408 0.072098 0.0723838 0.0705565 0.0671298 0.0625704 0.0572669 0.0515205 0.0455463 0.0394917 0.0334645 0.0275661 0.0219195 0.0166828 0.012039 0.00815707 0.0051396
 0.00762353 0.0124441 0.0188398 0.0267831 0.036022 0.0459324 0.0554897 0.0635243 0.0691452 0.0720205 0.0723325 0.0705349 0.0671354 0.0625955 0.0573025 0.0515606 0.0455908 0.0395451 0.0335329 0.0276523 0.0220202 0.016789 0.0121392 0.00824145 0.00520294
 0.00760846 0.0124189 0.0188007 0.0267265 0.0359459 0.0458374 0.0553811 0.0634111 0.0690386 0.0719308 0.0722674 0.0704987 0.0671292 0.0626172 0.0573471 0.051621 0.0456605 0.0396203 0.0336129 0.027738 0.0221108 0.0168805 0.0122248 0.00831407 0.00525834
 0.00757381 0.0123678 0.0187335 0.0266465 0.0358581 0.0457466 0.0552904 0.0633226 0.068955 0.0718562 0.0722077 0.0704602 0.0671168 0.062633 0.0573895 0.0516857 0.0457412 0.0397105 0.0337075 0.0278333 0.0222041 0.0169686 0.0123037 0.00837965 0.00530807
 0.00757763 0.0123654 0.0187144 0.0265969 0.0357657 0.0456078 0.0551155 0.0631342 0.0687805 0.0717182 0.0721176 0.070419 0.0671192 0.062672 0.0574588 0.0517792 0.0458524 0.0398324 0.0338329 0.0279557 0.0223183 0.0170705 0.0123898 0.00844799 0.00535818
 0.00757598 0.0123659 0.0187203 0.0266113 0.0357885 0.0456321 0.0551265 0.063114 0.0687164 0.071611 0.0719838 0.0702837 0.0670066 0.0625974 0.0574267 0.0517864 0.0458916 0.0398953 0.033911 0.0280412 0.0224038 0.0171499 0.0124585 0.00850312 0.00539887
 0.00754666 0.0123215 0.0186601 0.0265373 0.0357062 0.0455497 0.0550533 0.0630576 0.068679 0.0715875 0.0719644 0.0702601 0.066978 0.0625717 0.057416 0.0518008 0.0459348 0.0399642 0.0339982 0.0281374 0.0224999 0.0172382 0.0125337 0.0085621 0.00544143
 0.00752728 0.0122915 0.0186177 0.0264823 0.03564 0.0454758 0.0549781 0.0629892 0.068626 0.071556 0.0719551 0.0702676 0.0669933 0.0625866 0.057428 0.0518134 0.0459554 0.0399993 0.0340497 0.0282021 0.0225712 0.0173083 0.0125959 0.00861224 0.00547814
 0.00753085 0.0122932 0.0186126 0.0264638 0.0356014 0.045414 0.0548954 0.0628946 0.0685322 0.0714761 0.0718988 0.0702398 0.0669928 0.0626075 0.0574621 0.0518536 0.0459984 0.0400455 0.0341013 0.0282601 0.0226335 0.0173702 0.0126519 0.00865818 0.00551214
 0.00749447 0.0122399 0.0185431 0.0263818 0.035512 0.0453209 0.0548 0.0627969 0.068434 0.0713835 0.0718223 0.0701915 0.0669817 0.0626363 0.0575262 0.0519432 0.046102 0.0401535 0.0342076 0.0283611 0.0227269 0.0174535 0.0127222 0.00871332 0.00555183
 0.00751548 0.012268 0.0185745 0.0264096 0.035529 0.0453227 0.0547872 0.0627738 0.0684052 0.0713502 0.0717823 0.0701424 0.0669256 0.0625803 0.0574801 0.0519151 0.0460951 0.0401661 0.0342348 0.0283976 0.0227679 0.0174948 0.0127604 0.00874552 0.00557642
 0.0074782 0.012214 0.0185051 0.0263297 0.0354447 0.0452385 0.0547048 0.0626931 0.0683277 0.0712812 0.0717302 0.0701149 0.0669257 0.0626063 0.0575271 0.0519784 0.0461713 0.040252 0.0343266 0.0284901 0.0228556 0.0175728 0.0128251 0.00879544 0.00561191
 0.0074782 0.012214 0.0185051 0.0263297 0.0354447 0.0452385 0.0547048 0.0626931 0.0683277 0.0712812 0.0717302 0.0701149 0.0669257 0.0626063 0.0575271 0.0519784 0.0461713 0.040252 0.0343266 0.0284901 0.0228556 0.0175728 0.0128251 0.00879544 0.00561191
 0.00738515 0.0120609 0.0182724 0.0260014 0.0350151 0.0447217 0.0541406 0.0621441 0.0678635 0.0709585 0.0715788 0.0701356 0.0670978 0.062897 0.0578993 0.052396 0.0466028 0.0406722 0.034717 0.0288378 0.0231519 0.0178133 0.0130094 0.00892772 0.00569995
 0.00728927 0.0119003 0.0180223 0.0256364 0.0345162 0.044086 0.0533926 0.0613394 0.067083 0.0702927 0.0711084 0.0699147 0.0671437 0.0631898 0.0583902 0.0530207 0.0472953 0.0413742 0.0353824 0.0294341 0.0236587 0.018221 0.0133184 0.00914657 0.00584365
 0.00730462 0.0119168 0.0180307 0.0256205 0.0344538 0.0439525 0.053166 0.0610066 0.0666473 0.0697799 0.0705687 0.0694163 0.0667588 0.0629761 0.0583766 0.0532011 0.0476332 0.0418153 0.035868 0.0299121 0.0240901 0.0185817 0.0135984 0.00934789 0.00597711
 0.00730615 0.0119247 0.0180518 0.0256625 0.0345204 0.0440375 0.0532479 0.0610508 0.0666143 0.0696386 0.0703091 0.0690567 0.0663453 0.0625738 0.0580541 0.0530125 0.0476038 0.0419368 0.0361046 0.0302135 0.0244055 0.0188707 0.0138361 0.00952531 0.0060975
 0.00720888 0.0117742 0.0178403 0.0253903 0.034198 0.0436869 0.0529025 0.0607492 0.0663884 0.0695011 0.070248 0.0690427 0.0663479 0.0625782 0.0580685 0.0530643 0.0477254 0.0421488 0.0364044 0.0305744 0.0247859 0.0192273 0.0141364 0.00975351 0.00625434
#pred catch len freq
 0.00423754 0.0067205 0.00983356 0.0135135 0.0177229 0.0224275 0.0275272 0.0328244 0.0380612 0.0429821 0.047375 0.0510907 0.0540556 0.0562713 0.0577958 0.0587176 0.0591362 0.0591347 0.0587202 0.0577277 0.0557526 0.0522241 0.0466817 0.0391463 0.0303203
 0.00435976 0.00685791 0.00993079 0.013491 0.0175104 0.0220094 0.0269718 0.0322678 0.0376486 0.0427986 0.0474107 0.0512596 0.054252 0.0564292 0.0579191 0.0588702 0.059398 0.0595466 0.0592442 0.0582474 0.0561196 0.0523278 0.0465035 0.0387637 0.0298624
 0.00456311 0.00717221 0.0103683 0.0140391 0.0181194 0.0225861 0.0273892 0.0324031 0.0374414 0.042296 0.0467589 0.0506366 0.053784 0.0561476 0.0577822 0.0588219 0.0594137 0.0596336 0.0594047 0.0584415 0.0562626 0.0523296 0.0463209 0.038427 0.0294571
 0.00476572 0.00749477 0.0108417 0.0146887 0.0189604 0.0236135 0.0285598 0.0336192 0.0385496 0.0431169 0.0471448 0.0505343 0.0532622 0.0553653 0.056915 0.0579962 0.0586857 0.0590091 0.0588657 0.0579563 0.0557867 0.0518172 0.045751 0.0378225 0.0288779
 0.00500305 0.00786292 0.0113645 0.0153808 0.0198314 0.0246701 0.0298022 0.0350275 0.0400656 0.0446288 0.0484881 0.0515189 0.0537271 0.0552387 0.0562446 0.0569277 0.0574012 0.0576628 0.0575509 0.0567077 0.0546034 0.0506909 0.0446887 0.0368565 0.0280559
 0.00526956 0.00827784 0.0119555 0.0161639 0.0208116 0.025843 0.0311521 0.0365246 0.0416634 0.0462621 0.0500664 0.0529193 0.0547974 0.0558218 0.0562249 0.0562767 0.0561939 0.0560524 0.0557152 0.0548 0.0527324 0.0489303 0.0430974 0.0354897 0.0269585
 0.00556278 0.00873543 0.0126096 0.0170344 0.021907 0.0271603 0.0326727 0.038208 0.0434465 0.0480629 0.0517911 0.0544671 0.0560597 0.056682 0.0565652 0.0560016 0.0552645 0.054513 0.0536931 0.0524769 0.0503041 0.0465761 0.0409655 0.0336893 0.0255512
 0.00590187 0.00926184 0.0133568 0.0180201 0.0231356 0.0286245 0.0343504 0.0400559 0.0453964 0.0500245 0.0536599 0.0561338 0.0574184 0.0576335 0.0570173 0.0558703 0.0544867 0.053071 0.0516416 0.0499542 0.0475185 0.04377 0.0383708 0.0314864 0.0238397
 0.00626903 0.00983355 0.0141713 0.0190994 0.024486 0.0302372 0.0361971 0.0420825 0.0475214 0.0521446 0.0556605 0.0578988 0.0588397 0.0586164 0.0574818 0.055749 0.0537252 0.0516403 0.049562 0.0473229 0.0445218 0.0406657 0.0354386 0.0289644 0.0218707
 0.00659797 0.010352 0.0149221 0.0201147 0.0257853 0.0318239 0.0380502 0.0441484 0.0497128 0.0543487 0.0577506 0.0597481 0.0603325 0.0596559 0.0579915 0.05567 0.0530127 0.0502678 0.0475391 0.0447236 0.0415082 0.0374853 0.0323837 0.0263018 0.0197733
 0.00689333 0.010819 0.0156022 0.0210413 0.0269838 0.0333079 0.0398127 0.0461512 0.0518808 0.0565721 0.0598958 0.0616729 0.0619034 0.0607626 0.0585527 0.0556309 0.0523389 0.0489432 0.0455771 0.0421911 0.0385514 0.0343361 0.0293281 0.023613 0.0176385
 0.00720905 0.0113065 0.0162893 0.0219413 0.0280998 0.034638 0.0413491 0.0478732 0.0537456 0.0585096 0.0618089 0.0634443 0.0634081 0.0618822 0.0591882 0.0557088 0.051812 0.0477906 0.0438105 0.0398724 0.0358143 0.0313941 0.026449 0.0210592 0.0155962
 0.00752446 0.0117976 0.0169884 0.0228657 0.0292513 0.0360027 0.0428951 0.0495479 0.0554804 0.0602279 0.0634337 0.0649006 0.0646206 0.0627747 0.0596855 0.0557421 0.0513254 0.0467492 0.0422125 0.0377661 0.0333171 0.0286979 0.0237983 0.0186967 0.013698
 0.00779294 0.0122248 0.0176147 0.0237233 0.03036 0.0373625 0.0444753 0.0512822 0.0572708 0.061961 0.0649999 0.0662091 0.0656074 0.0634004 0.0599258 0.0555763 0.0507298 0.0457012 0.0407052 0.0358316 0.0310488 0.026259 0.0214022 0.0165588 0.0119768
 0.00815061 0.0127801 0.0184027 0.0247624 0.0316538 0.0389001 0.0462262 0.0531857 0.0592309 0.0638504 0.0666762 0.0675394 0.0664926 0.0637906 0.0598199 0.0550051 0.0497347 0.0443186 0.0389674 0.0337841 0.0287752 0.0238958 0.0191279 0.0145547 0.0103748
 0.00848838 0.0132989 0.0191281 0.0257013 0.0327984 0.0402336 0.0477226 0.0548044 0.06091 0.0655047 0.0682008 0.0688192 0.0674179 0.0642762 0.0598203 0.0545195 0.0487989 0.0429892 0.0373094 0.0318706 0.0266988 0.0217799 0.0171213 0.0128037 0.00898385
 0.00865079 0.0135562 0.0195032 0.0262125 0.0334576 0.0410445 0.0486764 0.0558773 0.0620643 0.0666922 0.0693647 0.0698933 0.0683265 0.0649383 0.0601606 0.054483 0.0483621 0.0421643 0.036141 0.0304305 0.0250834 0.0201084 0.0155262 0.0114084 0.00787417
 0.00865284 0.0135724 0.0195525 0.0263227 0.0336624 0.0413757 0.0491557 0.0565095 0.0628342 0.0675654 0.0702911 0.0708129 0.0691751 0.0656511 0.0606748 0.0547405 0.048317 0.0417928 0.0354507 0.0294651 0.023922 0.018858 0.0143064 0.0103289 0.00701032
 0.00863167 0.0135329 0.0194851 0.0262193 0.0335236 0.0412198 0.0490238 0.0564612 0.0629317 0.0678524 0.0707768 0.0714678 0.0699384 0.0664435 0.0614109 0.0553388 0.0487072 0.0419232 0.0352967 0.0290377 0.0232715 0.0180688 0.0134821 0.0095687 0.0063864
 0.00861721 0.0135112 0.019455 0.0261789 0.0334681 0.0411408 0.0489125 0.0563166 0.0627716 0.0677196 0.0707323 0.0715705 0.0702201 0.0668931 0.0619739 0.0559313 0.0492357 0.0423035 0.035469 0.0289775 0.0229954 0.0176322 0.0129659 0.00905848 0.00594959
 0.0086929 0.0136216 0.0195978 0.0263439 0.0336401 0.0413039 0.0490524 0.0564204 0.0628265 0.0677158 0.0706708 0.0714715 0.0701239 0.0668481 0.0620156 0.0560638 0.0494252 0.0424888 0.0355821 0.0289664 0.0228408 0.0173533 0.0126127 0.00869379 0.0056281
 0.00885677 0.0138532 0.0198816 0.0266437 0.0339087 0.0414996 0.0491528 0.0564256 0.0627537 0.0675887 0.0705122 0.0713 0.0699564 0.0667036 0.061916 0.0560272 0.0494552 0.0425654 0.0356641 0.0290054 0.0228006 0.0172249 0.0124167 0.00846993 0.00541782
