SBPRF35
7.78865
Curr Bio
558347
B35
717129
F35
0.212725
FOFL
0.165743
OFL
74237.1
Bzero
2.22533e+006
#pred survey bio
 4.62469e+006 4.39971e+006 4.1676e+006 3.88155e+006 3.55834e+006 3.2114e+006 2.90065e+006 2.58145e+006 2.28803e+006 1.99477e+006 1.78149e+006 1.55764e+006 1.39344e+006 1.22819e+006 1.07665e+006 966440 880258 796514 763353 722899 701489 687554 658720 643740 621094 613381 611244 613527 611297 601772 601172 582412 573774 573887 566153 560876 548791 539825 531643 542735 548827 561424 579889 595682 600063 607145 616021 619895 617742 631214 640774 628619 578604 571144 564253 2.00264e+007 1.20481e+007 1.22815e+007 1.2892e+007 1.36974e+007 1.45221e+007 1.52629e+007 1.58771e+007 1.63604e+007 1.67278e+007 1.70006e+007 1.72004e+007 1.73456e+007 1.74506e+007 1.75267e+007 1.75818e+007 1.7622e+007 1.76515e+007 1.76732e+007 1.76892e+007 1.77012e+007 1.77102e+007 1.7717e+007 1.77221e+007 1.7726e+007 1.77289e+007 1.77312e+007 1.77329e+007 1.77342e+007 1.77352e+007 1.7736e+007 1.77366e+007 1.77371e+007 1.77374e+007 1.77377e+007 1.77379e+007 1.77381e+007 1.77382e+007 1.77383e+007 1.77384e+007 1.77385e+007 1.77385e+007 1.77385e+007 1.77386e+007 1.77386e+007 1.77386e+007 1.77386e+007 1.77386e+007 1.77386e+007 1.77386e+007 1.77386e+007 1.77386e+007 1.77387e+007 1.77387e+007 1.77387e+007 1.77387e+007 1.77387e+007 1.77387e+007 1.77387e+007 1.77387e+007 1.77387e+007 1.77387e+007 1.77387e+007 1.77387e+007 1.77387e+007 1.77387e+007 1.77387e+007 1.77387e+007 1.77387e+007 1.77387e+007 1.77387e+007 1.77387e+007 1.77387e+007 1.77387e+007 1.77387e+007 1.77387e+007 1.77387e+007 1.77387e+007 1.77387e+007 1.77387e+007 1.77387e+007 1.77387e+007 1.77387e+007 1.77387e+007 1.77387e+007 1.77387e+007 1.77387e+007 1.77387e+007 1.77387e+007 1.77387e+007 1.77387e+007 1.77387e+007 1.77387e+007 1.77387e+007 1.77387e+007 1.77387e+007 1.77387e+007 1.77387e+007 1.77387e+007 1.77387e+007 0 0 0 0 0 0 0 0 0 0 0 0 0 0 0 0 0 0 0 0 0 0 0 0 0
#obs survey bio
 2.48463e+006 4.01371e+006 3.71951e+006 2.07955e+006 2.59626e+006 3.04796e+006 1.88803e+006 2.11831e+006 1.97258e+006 1.50799e+006 1.66253e+006 1.22851e+006 1.47758e+006 931013 795354 898623 714765 812671 732950 578937 841196 573500 528395 591064 449600 655344 485156 484587 493828 476517 590021 484648 620456 561994 678437 586302 421884 696590 599396 415502 536104 615121 514309 679576 554588 510757 571591 612853 592388 433950 775283 799766 612769 588884 773755
#pred catch bio
 87287.8 92654 153098 209097 260067 259006 297463 301904 325108 272863 296822 254869 263240 255942 222938 202740 197588 150903 153292 132986 123455 132894 118551 123080 109537 104647 100651 103590 107677 97791 110009 98023.6 88024.2 91757.5 86459.9 91162.9 90872.5 93294 79769.5 86313.1 82417.2 79187.4 82882.8 93031.5 91193.3 90450 95155.7 100232 87812.9 92488.2 110929 140820 103749 102868 88026.2 74237.1 93153 93696.3 97184.4 102690 108502 113674 117859 121041 123357 124988 126110 126866 127369 127699 127914 128053 128142 128199 128236 128259 128273 128283 128288 128292 128294 128296 128297 128297 128298 128298 128298 128298 128298 128298 128298 128298 128298 128298 128298 128298 128298 128298 128298 128298 128298 128298 128298 128298 128298 128298 128298 128298 128298 128298 128298 128298 128298 128298 128298 128298 128298 128298 128298 128298 128298 128298 128298 128298 128298 128298 128298 128298 128298 128298 128298 128298 128298 128298 128298 128298 128298 128298 128298 128298 128298 128298 128298 128298 128298 128298 128298 128298 128298 128298 128298 128298 128298 128298 128298 0 0 0 0 0 0 0 0 0 0 0 0 0 0 0 0 0 0 0 0 0 0 0 0 0
#obs catch bio
 0 92425.4 153777 210854 263877 262564 304586 309262 334771 279249 306513 261575 269990 264163 230630 210112 205070 154321 157381 135660 124787 134980 120275 125001 111424 106714 102292 105520 109752 99270.1 111838 99611.2 88919.4 93040.1 87344.1 92113.8 91744.8 93891.1 79601.9 86964.2 82820.3 79433.6 83306.6 93235.7 91450.3 90843.8 95421.4 100752 87883.2 92915.3 111124 142119 103740 103374 87912.7
#pred cpue bio
 4.55664e+006 4.33654e+006 4.10744e+006 3.82216e+006 3.49977e+006 3.15414e+006 2.84459e+006 2.52714e+006 2.23575e+006 1.94494e+006 1.73319e+006 1.51153e+006 1.34893e+006 1.18558e+006 1.03579e+006 926966 842529 761220 729450 690681 670429 657311 629404 614927 592885 585233 583228 585646 583785 574943 574862 557102 549183 549802 542872 538293 525996 515862 507114 517727 523611 535882 553847 569266 573561 580359 588951 592734 590630 603627 612830 600904 551922 544328 537999 1.91415e+007 1.15331e+007 1.1675e+007 1.21885e+007 1.29633e+007 1.37817e+007 1.45213e+007 1.51353e+007 1.56186e+007 1.59859e+007 1.62588e+007 1.64586e+007 1.66038e+007 1.67088e+007 1.67848e+007 1.684e+007 1.68802e+007 1.69097e+007 1.69313e+007 1.69474e+007 1.69594e+007 1.69684e+007 1.69752e+007 1.69803e+007 1.69842e+007 1.69871e+007 1.69894e+007 1.69911e+007 1.69924e+007 1.69934e+007 1.69942e+007 1.69948e+007 1.69953e+007 1.69956e+007 1.69959e+007 1.69961e+007 1.69963e+007 1.69964e+007 1.69965e+007 1.69966e+007 1.69966e+007 1.69967e+007 1.69967e+007 1.69967e+007 1.69968e+007 1.69968e+007 1.69968e+007 1.69968e+007 1.69968e+007 1.69968e+007 1.69968e+007 1.69968e+007 1.69968e+007 1.69968e+007 1.69968e+007 1.69968e+007 1.69968e+007 1.69968e+007 1.69968e+007 1.69968e+007 1.69968e+007 1.69968e+007 1.69968e+007 1.69968e+007 1.69968e+007 1.69968e+007 1.69968e+007 1.69968e+007 1.69968e+007 1.69968e+007 1.69968e+007 1.69968e+007 1.69968e+007 1.69968e+007 1.69968e+007 1.69968e+007 1.69968e+007 1.69968e+007 1.69968e+007 1.69968e+007 1.69968e+007 1.69968e+007 1.69968e+007 1.69968e+007 1.69968e+007 1.69968e+007 1.69968e+007 1.69968e+007 1.69968e+007 1.69968e+007 1.69968e+007 1.69968e+007 1.69968e+007 1.69968e+007 1.69968e+007 1.69968e+007 1.69968e+007 1.69968e+007 1.69968e+007 1.69968e+007 0 0 0 0 0 0 0 0 0 0 0 0 0 0 0 0 0 0 0 0 0 0 0 0 0
#obs cpue bio
 3.78029e+006 4.59214e+006 2.50673e+006 2.86032e+006 2.62426e+006 2.47107e+006 1.98753e+006 2.55411e+006 2.21903e+006 1.90489e+006 1.2645e+006 1.46764e+006 1.35445e+006 824130 669680 531074 737690 645788 550445 718476 755929 591760 518133 613423 453688 338179 659941 508440 603048 554789 617216 428841 547215 417146 429324 509094 613467 528996 637985 359495 550286 495219 493257 721737 513002 548910 721188 531226 650163 612676 671514 395477 569308 451068 518601
#pred surv len freq
 0.00504135 0.00818712 0.0123253 0.0174365 0.0233966 0.0298954 0.0364083 0.0423228 0.0471695 0.0507798 0.0532644 0.0548762 0.0558791 0.0564743 0.0567666 0.0567541 0.0563436 0.055384 0.0536977 0.051092 0.0473694 0.0423817 0.0361514 0.0290052 0.0215975
 0.00541377 0.00865474 0.0127801 0.0177079 0.0233163 0.0293898 0.0355595 0.0413471 0.0463151 0.050204 0.0529663 0.0547204 0.0556862 0.0561222 0.0562542 0.0562055 0.0559562 0.0553435 0.0540933 0.0518722 0.0483616 0.0433656 0.0369487 0.0295358 0.02188
 0.00572442 0.00917622 0.0135848 0.0188457 0.0247709 0.0310322 0.0371353 0.0425375 0.0468635 0.0500377 0.0522236 0.0536577 0.0545332 0.0549882 0.0551388 0.0550833 0.0548584 0.0543762 0.053387 0.0515037 0.0483048 0.0435044 0.0371384 0.0296705 0.0219235
 0.00598967 0.00960633 0.0142327 0.0197658 0.0260144 0.0326297 0.0390651 0.0446872 0.0490104 0.0518754 0.0534451 0.0540659 0.0541131 0.053893 0.0535995 0.0533124 0.0530102 0.0525663 0.0517237 0.0500863 0.0471921 0.04269 0.0365615 0.029254 0.0216102
 0.00624613 0.0100216 0.0148552 0.0206416 0.0271811 0.0341073 0.0408435 0.0467171 0.0511979 0.0540764 0.0554611 0.0556553 0.0550377 0.0539901 0.0528436 0.0518225 0.0510008 0.0502792 0.0493795 0.047865 0.0452255 0.0410546 0.0352766 0.0282942 0.0209265
 0.00655171 0.0105063 0.0155628 0.0216066 0.0284253 0.035634 0.0426289 0.0487054 0.0533055 0.0562003 0.0574839 0.0574398 0.0564207 0.0547923 0.0529057 0.0510599 0.0494457 0.0480848 0.0467827 0.045131 0.0425966 0.0387171 0.0333441 0.0268068 0.0198623
 0.00678841 0.0108934 0.0161496 0.0224403 0.0295426 0.0370464 0.0443099 0.0505868 0.0552896 0.058181 0.0593619 0.0591244 0.0578188 0.0557943 0.0533833 0.050885 0.048532 0.0464346 0.0445133 0.0424623 0.0398043 0.0360708 0.0310535 0.0249904 0.0185432
 0.00703094 0.0112874 0.0167427 0.0232782 0.0306615 0.0384621 0.0460028 0.0524947 0.0573123 0.0601976 0.0612503 0.060777 0.0591482 0.0567287 0.0538528 0.0508118 0.0478371 0.0450688 0.0425009 0.0399323 0.0369868 0.0332505 0.0285007 0.0228966 0.0169872
 0.00730715 0.0117239 0.0173771 0.0241387 0.0317652 0.0398102 0.0475735 0.0542377 0.0591507 0.0620366 0.0629884 0.062315 0.0603967 0.0576121 0.0543081 0.0507819 0.0472668 0.043913 0.0407531 0.0376617 0.0343604 0.030518 0.0259374 0.0207291 0.0153376
 0.00769568 0.012335 0.0182577 0.0253179 0.0332476 0.0415686 0.0495408 0.0563071 0.061192 0.063922 0.0646144 0.0636098 0.0613152 0.0581252 0.0543938 0.050418 0.0464272 0.0425731 0.0389083 0.0353586 0.0317261 0.0277628 0.0233166 0.0184746 0.0135919
 0.00792388 0.0127089 0.0188258 0.0261264 0.0343316 0.0429361 0.0511581 0.0580938 0.0630324 0.0656888 0.0661914 0.0649063 0.0622694 0.058701 0.0545718 0.0501853 0.0457702 0.0414777 0.0373723 0.0334166 0.0294757 0.0253737 0.0210067 0.0164539 0.012002
 0.00826941 0.0132538 0.0196148 0.0271905 0.0356835 0.0445634 0.0530127 0.0600861 0.0650378 0.0675657 0.0678043 0.0661452 0.0630626 0.0590185 0.0544188 0.0495882 0.0447607 0.0400831 0.0356199 0.031352 0.0271872 0.0230057 0.0187453 0.0144827 0.0104481
 0.008561 0.0137101 0.0202687 0.0280612 0.036775 0.0458613 0.0544798 0.0616598 0.0666354 0.0690953 0.0691749 0.0672728 0.063874 0.0594569 0.0544498 0.0492027 0.0439717 0.0389187 0.0341198 0.029573 0.0252166 0.0209703 0.0168019 0.0127851 0.00910419
 0.00894173 0.0143118 0.0211407 0.029235 0.0382543 0.047611 0.0564149 0.0636476 0.0685182 0.0707252 0.0704433 0.0681205 0.064284 0.059439 0.0540271 0.0484042 0.0428296 0.0374705 0.0324115 0.0276668 0.0231992 0.0189572 0.0149274 0.0111756 0.00784383
 0.00926631 0.0148398 0.0219351 0.0303514 0.039727 0.0494311 0.0585092 0.065874 0.0706861 0.0726356 0.0719289 0.0690724 0.0646606 0.059259 0.053352 0.0473154 0.0414099 0.0357943 0.0305466 0.0256835 0.0211813 0.0170069 0.0131568 0.00968436 0.00669247
 0.00932472 0.014961 0.0221669 0.0307574 0.0403748 0.0503716 0.0597542 0.0673824 0.0723638 0.0743475 0.0735178 0.0703836 0.0655672 0.0596834 0.053275 0.0467704 0.0404663 0.034538 0.0290667 0.0240688 0.0195236 0.0154038 0.011706 0.00846795 0.00575737
 0.00927718 0.0148998 0.0221068 0.0307274 0.0404182 0.0505416 0.0601063 0.0679621 0.073191 0.0754003 0.0747249 0.0716294 0.066712 0.0605908 0.0538385 0.0469315 0.0402194 0.0339243 0.02816 0.0229611 0.0183157 0.0141979 0.0105972 0.00753137 0.00503524
 0.00942055 0.0151083 0.0223753 0.0310372 0.0407445 0.0508658 0.0604254 0.0682906 0.0735548 0.0758254 0.0752251 0.0721954 0.0673045 0.0611423 0.0542649 0.0471511 0.0401736 0.0335922 0.0275633 0.0221588 0.0173918 0.0132474 0.00971017 0.00677787 0.00445393
 0.00934623 0.0149891 0.0221991 0.0307942 0.0404302 0.0504854 0.0600005 0.0678635 0.0731881 0.0755944 0.0752019 0.072429 0.0678024 0.0618604 0.0551113 0.0480043 0.0409098 0.0341125 0.0278139 0.0221389 0.0171481 0.0128582 0.00926385 0.00635261 0.00410236
 0.00938165 0.0150414 0.0222673 0.0308727 0.0405077 0.0505459 0.0600244 0.0678321 0.0730903 0.0754355 0.0750098 0.0722532 0.0677024 0.0618868 0.0552845 0.0483023 0.0412697 0.0344489 0.0280459 0.0222154 0.0170613 0.0126414 0.00897609 0.00605672 0.00384655
 0.00944649 0.0151201 0.0223371 0.030897 0.0404478 0.0503782 0.0597536 0.067492 0.0727312 0.0751065 0.0747476 0.0720804 0.0676334 0.0619327 0.055452 0.0485855 0.041641 0.0348566 0.0284237 0.0225015 0.0172187 0.0126687 0.0089037 0.0059314 0.00371303
 0.00949768 0.0151964 0.0224375 0.0310124 0.0405588 0.0504547 0.059759 0.0673929 0.0725127 0.0747849 0.0743706 0.0717135 0.0673386 0.0617524 0.0554044 0.0486677 0.0418335 0.0351247 0.0287201 0.0227738 0.0174233 0.0127834 0.00893298 0.00590028 0.00365375
 0.00959396 0.0153567 0.0226848 0.0313671 0.0410301 0.0510288 0.0603885 0.0679976 0.0729947 0.0750556 0.0743774 0.0714557 0.0668675 0.0611553 0.0547795 0.0480999 0.0413779 0.0348017 0.0285191 0.0226627 0.0173615 0.0127359 0.00887976 0.0058381 0.00359032
 0.00968813 0.0154859 0.0228363 0.0315175 0.0411563 0.0511223 0.060464 0.0680858 0.0731231 0.075226 0.0745579 0.0715913 0.0669047 0.0610669 0.0545765 0.0478258 0.0410907 0.0345524 0.0283368 0.0225504 0.0173026 0.0127057 0.0088575 0.00581328 0.00356223
 0.00986407 0.0157599 0.0232242 0.0320211 0.0417579 0.0517799 0.0611114 0.0686441 0.0735227 0.0754304 0.0745712 0.0714452 0.0666355 0.0606999 0.0541283 0.0473159 0.0405517 0.034028 0.0278698 0.02217 0.017017 0.0125049 0.0087219 0.00572293 0.00350206
 0.00979217 0.0156665 0.0231275 0.0319535 0.0417579 0.0518787 0.0613199 0.0689467 0.07388 0.0757894 0.0748798 0.0716657 0.0667519 0.0607157 0.054057 0.0471732 0.0403535 0.0337943 0.0276261 0.0219429 0.016827 0.0123611 0.00862173 0.00565725 0.00346054
 0.00976611 0.0156116 0.0230235 0.0317786 0.0415004 0.051552 0.0609714 0.0686504 0.0737119 0.0757975 0.0750644 0.0719824 0.0671312 0.0610886 0.0543726 0.0474049 0.040496 0.0338565 0.0276258 0.0219028 0.0167695 0.0123039 0.0085751 0.00562397 0.00343887
 0.00962533 0.0154072 0.0227603 0.0314743 0.0411776 0.0512275 0.060652 0.06834 0.0734255 0.0755705 0.0749474 0.07202 0.067339 0.0614411 0.0548115 0.0478604 0.0409087 0.0341901 0.0278688 0.0220624 0.0168638 0.0123535 0.00859813 0.00563322 0.00344186
 0.00949221 0.0152037 0.022479 0.0311195 0.040767 0.0507918 0.0602322 0.06798 0.0731609 0.0754184 0.0749063 0.0720807 0.067495 0.0616901 0.0551459 0.0482573 0.041329 0.0345891 0.0282099 0.0223263 0.0170496 0.0124732 0.00866908 0.00567212 0.00346166
 0.00942761 0.0151022 0.022333 0.0309249 0.0405241 0.050508 0.0599237 0.0676726 0.0728863 0.0752074 0.0747808 0.0720486 0.0675518 0.0618245 0.0553455 0.0485099 0.0416188 0.0348935 0.0285013 0.0225793 0.0172481 0.012614 0.00875952 0.00572493 0.00348978
 0.00928008 0.0148729 0.0220081 0.0304999 0.0400061 0.0499176 0.0592981 0.067064 0.0723555 0.0748113 0.0745611 0.0720244 0.0677179 0.0621546 0.0557995 0.049042 0.0421847 0.035454 0.0290231 0.0230353 0.0176204 0.0128961 0.00895681 0.00585176 0.00356455
 0.00926259 0.0148492 0.0219806 0.0304722 0.03998 0.0498893 0.0592557 0.0669907 0.0722361 0.074641 0.0743509 0.071801 0.067517 0.0620113 0.0557386 0.0490724 0.042299 0.0356319 0.029237 0.0232567 0.0178243 0.0130651 0.00908333 0.00593729 0.0036167
 0.00923301 0.0147897 0.0218711 0.0302894 0.0397066 0.0495256 0.0588286 0.0665502 0.0718402 0.0743363 0.0741601 0.0717236 0.0675397 0.062119 0.0559198 0.0493183 0.0425988 0.0359691 0.0295891 0.0235978 0.0181301 0.0133179 0.00927516 0.00607031 0.0037006
 0.00901998 0.0144742 0.0214526 0.029786 0.039147 0.0489388 0.0582385 0.0659798 0.0713204 0.0739102 0.073877 0.0716243 0.0676407 0.0624063 0.0563553 0.0498532 0.0431859 0.0365683 0.0301674 0.0241274 0.0185885 0.0136902 0.00955634 0.00626621 0.00382559
 0.00896184 0.0143671 0.0212696 0.0294982 0.0387346 0.0484065 0.0576249 0.0653522 0.0707533 0.0734611 0.0735747 0.0714743 0.0676391 0.062548 0.0566318 0.0502463 0.0436652 0.0370952 0.0307016 0.0246326 0.0190359 0.0140604 0.00984101 0.00646811 0.00395671
 0.00963815 0.0153047 0.0223811 0.0305995 0.0395957 0.0488324 0.0575248 0.06476 0.0697995 0.0723211 0.0724202 0.0704405 0.06681 0.0619577 0.0562772 0.0501021 0.0436952 0.0372575 0.0309511 0.0249247 0.0193302 0.0143256 0.0100575 0.00662871 0.00406478
 0.0102506 0.0162836 0.0238126 0.0325253 0.0419722 0.0514867 0.0601365 0.0669097 0.0710919 0.0725282 0.0715619 0.0687564 0.064651 0.0596658 0.0541094 0.0482104 0.0421435 0.0360503 0.0300589 0.0243002 0.0189192 0.0140735 0.00991512 0.00655568 0.00403139
 0.0100822 0.0161243 0.0237852 0.0328162 0.0427829 0.0529536 0.0622513 0.0694822 0.073773 0.0748874 0.0731958 0.0693993 0.0642478 0.0583763 0.0522387 0.0461023 0.0400881 0.0342377 0.0285786 0.0231666 0.0181007 0.0135162 0.00955849 0.00634229 0.00391272
 0.0100727 0.0160798 0.0236721 0.0326056 0.0424844 0.052653 0.062124 0.0697512 0.0746126 0.0763166 0.0750267 0.0712783 0.0657747 0.0592432 0.0523247 0.0454883 0.038997 0.0329394 0.0273063 0.0220713 0.0172477 0.0129064 0.00915542 0.00609565 0.00377326
 0.00995479 0.0158956 0.0234076 0.0322495 0.042028 0.0520944 0.0614825 0.0690902 0.0740559 0.0760377 0.0751947 0.0719757 0.0669305 0.0606301 0.0536358 0.0464545 0.0394814 0.0329636 0.0270059 0.0216198 0.0167905 0.0125294 0.00888714 0.00592667 0.00367795
 0.00990049 0.0158135 0.0232951 0.0321075 0.0418586 0.0518986 0.061258 0.0688337 0.0737709 0.0757474 0.0749552 0.0718746 0.0670596 0.0610363 0.0542769 0.047196 0.0401456 0.0334054 0.0271695 0.021545 0.0165743 0.0122739 0.0086631 0.0057642 0.0035765
 0.00989595 0.0157909 0.0232338 0.0319806 0.0416424 0.0515848 0.0608642 0.0684012 0.0733522 0.0753896 0.074691 0.0717265 0.0670501 0.061191 0.0546112 0.0476906 0.0407319 0.0339782 0.0276262 0.0218272 0.016685 0.0122624 0.00859291 0.00568531 0.00351478
 0.00976971 0.0156068 0.022995 0.0317012 0.0413402 0.0512719 0.0605423 0.068067 0.0730094 0.0750586 0.0744095 0.0715382 0.0669916 0.0612831 0.0548577 0.0480784 0.0412276 0.0345252 0.0281521 0.022264 0.0169926 0.0124397 0.00866947 0.00570216 0.00350649
 0.00969767 0.0154892 0.0228181 0.031455 0.0410233 0.050898 0.0601425 0.0676841 0.0726838 0.0748144 0.0742502 0.0714563 0.0669818 0.0613501 0.055013 0.0483303 0.0415711 0.034936 0.0285877 0.0226729 0.01733 0.0126816 0.00881781 0.00577796 0.0035371
 0.00975752 0.0155778 0.0229345 0.0315907 0.0411621 0.0510174 0.0602173 0.067692 0.0726121 0.0746658 0.0740426 0.0712156 0.066735 0.0611211 0.0548238 0.0482022 0.041521 0.0349698 0.028694 0.0228241 0.0174903 0.0128193 0.00891574 0.00583503 0.00356326
 0.00971754 0.015526 0.0228808 0.0315516 0.0411553 0.0510531 0.0602913 0.0677848 0.0726954 0.074712 0.0740342 0.0711503 0.0666242 0.0609858 0.0546882 0.0480891 0.0414491 0.0349511 0.0287304 0.0229056 0.0175965 0.0129265 0.00900475 0.005897 0.00359942
 0.0096639 0.0154408 0.0227573 0.0313874 0.0409558 0.0508352 0.0600838 0.0676231 0.0726095 0.0747137 0.0741112 0.071272 0.0667555 0.0611003 0.0547753 0.048153 0.0415034 0.0350107 0.0288063 0.023 0.0177028 0.013032 0.00909623 0.00596604 0.00364464
 0.00963624 0.0154008 0.0227058 0.0313276 0.0408914 0.0507681 0.0600139 0.0675505 0.0725387 0.0746553 0.074079 0.0712758 0.0667944 0.0611619 0.0548418 0.0482097 0.0415451 0.0350423 0.0288375 0.0230395 0.0177531 0.0130889 0.00915178 0.00601263 0.00367828
 0.00977083 0.0155927 0.0229449 0.0315877 0.041138 0.0509702 0.0601529 0.0676218 0.0725459 0.0746052 0.0739792 0.0711366 0.0666301 0.0609884 0.0546725 0.0480525 0.041403 0.0349169 0.0287321 0.0229581 0.0176986 0.0130599 0.00914231 0.00601477 0.0036848
 0.00971352 0.0155134 0.0228504 0.0314912 0.0410525 0.0509006 0.0600924 0.0675554 0.0724624 0.074507 0.0738843 0.0710699 0.0666113 0.0610237 0.0547546 0.0481658 0.0415299 0.0350424 0.0288463 0.0230567 0.0177811 0.0131276 0.00919672 0.00605651 0.00371458
 0.00963144 0.0153934 0.0226954 0.0313137 0.0408732 0.0507436 0.0599791 0.0674996 0.0724648 0.0745543 0.0739539 0.0711402 0.0666713 0.0610763 0.0548102 0.048234 0.0416131 0.0351359 0.0289415 0.0231455 0.0178583 0.0131911 0.00924645 0.00609349 0.00374037
 0.00968875 0.0154884 0.0228413 0.0315229 0.0411528 0.0510899 0.0603724 0.0679039 0.0728341 0.0748422 0.0741231 0.0711687 0.066556 0.0608342 0.0544761 0.0478531 0.0412306 0.0347873 0.0286476 0.0229131 0.0176847 0.0130685 0.00916506 0.00604324 0.0037119
 0.0100412 0.0160432 0.0236408 0.0325893 0.0424783 0.0526244 0.0620131 0.0694975 0.0742019 0.0758204 0.0745999 0.0711046 0.0659833 0.0598425 0.0531911 0.0464132 0.0397666 0.033407 0.0274274 0.0218959 0.0168833 0.0124722 0.00874754 0.00576977 0.00354555
 0.00969699 0.0155576 0.0230484 0.0319729 0.0419519 0.052301 0.0619753 0.0697807 0.0747899 0.0766471 0.075558 0.0720626 0.0668114 0.0604403 0.053507 0.0464504 0.0395744 0.0330617 0.0270115 0.0214805 0.0165173 0.0121808 0.00853545 0.00562807 0.00345867
 0.00922174 0.0148384 0.0220692 0.030764 0.0405933 0.0509201 0.0607383 0.0688712 0.0743673 0.0767976 0.0762633 0.0732036 0.0682047 0.0618861 0.0548317 0.0475345 0.040363 0.0335609 0.0272711 0.0215713 0.01651 0.0121311 0.00847879 0.00558169 0.00342718
#obs surv len freq
 nan nan nan nan nan nan nan nan nan nan nan nan nan nan nan nan nan nan nan nan nan nan nan nan nan
 0.00448048 0.00734018 0.011169 0.0159852 0.021687 0.0279646 0.0342812 0.0400146 0.0446957 0.0481602 0.0505182 0.0520137 0.0529055 0.0534174 0.0537312 0.0539858 0.0542642 0.0545568 0.0546954 0.0542872 0.0527252 0.0493573 0.0438069 0.0362868 0.0276703
 0.00461229 0.00755535 0.0114942 0.016445 0.022298 0.0287266 0.0351676 0.04097 0.0456427 0.0490142 0.051203 0.0524734 0.0531102 0.0533646 0.0534417 0.053496 0.0536172 0.0537953 0.0538586 0.0534119 0.0518501 0.0485253 0.0430624 0.0356675 0.0271969
 0.0047897 0.0078431 0.011926 0.0170517 0.0231016 0.0297307 0.0363472 0.0422669 0.0469711 0.0502745 0.0522965 0.0533138 0.0536322 0.0535298 0.0532421 0.0529529 0.0527748 0.0527123 0.052601 0.0520502 0.0504598 0.0471873 0.0418571 0.0346613 0.0264265
 0.0049739 0.00814945 0.0123997 0.0177387 0.0240389 0.0309308 0.0377833 0.0438683 0.0486339 0.0518818 0.0537361 0.0544881 0.0544612 0.0539533 0.0532235 0.052483 0.0518746 0.0514316 0.0510154 0.0502571 0.0485754 0.04534 0.0401745 0.0332474 0.02534
 0.00518046 0.00848591 0.0129078 0.0184592 0.0250056 0.0321601 0.0392615 0.045544 0.0504207 0.0536701 0.0554079 0.0559292 0.0555706 0.0546488 0.0534451 0.052195 0.0510692 0.0501341 0.0492889 0.0482062 0.0463436 0.0430992 0.0381006 0.0314872 0.023979
 0.0054177 0.00887215 0.0134901 0.0192815 0.0261005 0.033536 0.0408898 0.0473555 0.0523164 0.0555404 0.057148 0.0574441 0.056774 0.0554615 0.0537965 0.0520285 0.0503493 0.0488565 0.0474928 0.0459856 0.0438521 0.0405388 0.0356903 0.0294169 0.0223652
 0.00564749 0.00925239 0.0140746 0.0201244 0.0272452 0.0349976 0.0426382 0.0493099 0.0543586 0.0575393 0.0589826 0.0590155 0.0580052 0.0562916 0.0541726 0.0519014 0.0496764 0.0476132 0.0456918 0.0436993 0.0412261 0.0377863 0.0330577 0.0271278 0.0205647
 0.00590054 0.00966226 0.0146891 0.0209883 0.0283931 0.0364428 0.0443585 0.0512404 0.0563972 0.0595627 0.0608645 0.0606418 0.0592829 0.0571514 0.054565 0.0517887 0.0490267 0.0464034 0.0439246 0.0414286 0.0385813 0.0349747 0.0303337 0.0247333 0.0186646
 0.0061307 0.0100444 0.0152788 0.0218412 0.0295533 0.0379238 0.0461263 0.0532095 0.0584467 0.0615625 0.0626969 0.0622098 0.0605091 0.0579735 0.0549339 0.0516661 0.0483825 0.0452181 0.0422002 0.0392116 0.0359875 0.0321978 0.0276217 0.0223303 0.0167439
 0.00638066 0.0104511 0.0158916 0.0227073 0.0307095 0.0393832 0.0478633 0.055152 0.0604828 0.0635597 0.064524 0.063754 0.0616851 0.0587243 0.0552244 0.051474 0.0476912 0.0440166 0.040494 0.0370442 0.0334649 0.0294996 0.0249813 0.0199822 0.0148591
 0.00663024 0.0108614 0.0165173 0.023601 0.0319103 0.0408993 0.0496548 0.0571277 0.0625154 0.0655121 0.0662724 0.0651987 0.0627519 0.0593625 0.0554038 0.05118 0.0469191 0.0427689 0.0387864 0.034923 0.0310293 0.0269141 0.0224599 0.0177416 0.0130589
 0.00684837 0.0112196 0.0170634 0.0243821 0.0329643 0.0422403 0.051258 0.0589222 0.0643923 0.0673438 0.067934 0.0665832 0.0637785 0.0599782 0.0555797 0.0509049 0.0461932 0.0416013 0.0371995 0.0329662 0.0287971 0.0245555 0.0201661 0.0157055 0.0114226
 0.00704983 0.0115514 0.0175704 0.0251086 0.0339447 0.0434853 0.0527403 0.0605718 0.0661066 0.0690076 0.0694373 0.0678326 0.064701 0.0605228 0.0557164 0.0506225 0.0454944 0.0405001 0.0357238 0.0311677 0.0267655 0.0224257 0.0181068 0.0138846 0.00996269
 0.00727886 0.0119244 0.0181326 0.0259016 0.0349973 0.0447995 0.0542772 0.0622479 0.0678061 0.0706053 0.0708213 0.068917 0.0654295 0.0608659 0.0556658 0.0501841 0.044684 0.0393408 0.0342496 0.0294323 0.0248536 0.0204583 0.0162304 0.0122419 0.00865494
 0.0074368 0.0121884 0.0185435 0.0265016 0.035821 0.0458599 0.0555513 0.0636718 0.069284 0.0720282 0.0720852 0.0699357 0.0661401 0.0612305 0.0556697 0.0498313 0.0439916 0.0383352 0.0329675 0.0279272 0.0232036 0.0187702 0.0146293 0.0108472 0.00754909
 0.0075395 0.0123538 0.0187901 0.0268479 0.0362847 0.0464553 0.0562843 0.0645336 0.0702471 0.0730444 0.0730895 0.0708526 0.0668944 0.0617573 0.0559221 0.0497833 0.0436373 0.037687 0.0320547 0.0267981 0.0219296 0.0174455 0.013362 0.00973814 0.00666768
 0.00757008 0.0124038 0.0188665 0.026958 0.0364369 0.0466582 0.0565469 0.0648649 0.0706551 0.0735342 0.0736569 0.0714775 0.067536 0.0623557 0.0564078 0.0500902 0.0437148 0.0375081 0.0316198 0.0261362 0.021098 0.016526 0.0124491 0.00892077 0.00600874
 0.00767602 0.0125615 0.0190767 0.0272123 0.0367198 0.0469529 0.0568383 0.0651425 0.0709139 0.073776 0.07389 0.0717138 0.0677833 0.0626101 0.0566468 0.0502737 0.0437932 0.037435 0.0313664 0.0257016 0.0205133 0.0158509 0.0117604 0.00829364 0.00549782
 0.00774527 0.0126721 0.0192385 0.0274311 0.0369937 0.0472683 0.0571684 0.0654511 0.0711665 0.0739525 0.0739922 0.0717625 0.0678085 0.0626376 0.0566886 0.0503222 0.0438215 0.0374042 0.0312379 0.0254521 0.0201463 0.0153992 0.0112783 0.00784063 0.00512077
 0.00776604 0.0127053 0.0192879 0.0275001 0.037086 0.0473865 0.0573127 0.065617 0.071343 0.074123 0.0741389 0.0718727 0.0678804 0.0626806 0.056718 0.0503492 0.0438451 0.0374081 0.0311956 0.0253381 0.0199493 0.0151306 0.0109706 0.00753668 0.00485863
 0.00781829 0.0127798 0.0193806 0.0276013 0.037183 0.0474694 0.0573782 0.0656691 0.0713901 0.074173 0.0741953 0.0719329 0.0679369 0.0627258 0.056748 0.0503649 0.0438489 0.0373982 0.0311626 0.0252676 0.01983 0.0149634 0.0107717 0.00733321 0.00467781
 0.0078442 0.0128211 0.0194406 0.027681 0.0372795 0.0475738 0.0574758 0.0657429 0.0714271 0.0741717 0.0741667 0.0718956 0.0679087 0.0627157 0.0567551 0.0503821 0.0438671 0.0374088 0.031157 0.0252369 0.0197672 0.0148674 0.0106509 0.00720408 0.00455893
 0.00786064 0.0128442 0.0194689 0.0277112 0.0373079 0.0475982 0.0574963 0.0657605 0.071442 0.0741816 0.0741681 0.0718875 0.0678947 0.0627039 0.0567538 0.0503952 0.0438921 0.0374378 0.0311797 0.0252431 0.0197495 0.0148237 0.0105859 0.00712828 0.00448523
 0.00788885 0.0128843 0.0195186 0.0277643 0.0373558 0.0476326 0.0575113 0.0657545 0.0714178 0.0741456 0.0741282 0.0718505 0.0678649 0.0626833 0.0567434 0.0503959 0.0439037 0.0374575 0.0312014 0.0252587 0.0197513 0.0148078 0.0105535 0.0070856 0.00444086
 0.00790381 0.0129086 0.0195546 0.0278135 0.0374172 0.0477011 0.0575774 0.0658055 0.0714423 0.0741376 0.0740904 0.0717927 0.0678001 0.0626231 0.0566955 0.0503634 0.0438864 0.0374528 0.0312048 0.0252642 0.0197528 0.0148005 0.0105363 0.00706112 0.00441409
 0.00789686 0.0128965 0.0195353 0.027785 0.0373791 0.0476555 0.0575297 0.0657633 0.071412 0.074122 0.0740873 0.0717979 0.0678097 0.0626362 0.0567136 0.0503888 0.04392 0.0374931 0.0312482 0.0253056 0.0197868 0.0148233 0.0105466 0.00706067 0.00440676
 0.00787845 0.0128651 0.0194854 0.0277112 0.0372773 0.0475264 0.0573806 0.0656088 0.0712714 0.0740145 0.0740271 0.0717903 0.0678511 0.0627162 0.0568191 0.0505074 0.0440425 0.0376128 0.03136 0.0254048 0.0198694 0.0148863 0.0105896 0.0070858 0.00441846
 0.00788177 0.0128624 0.0194666 0.0276619 0.0371835 0.0473798 0.0571847 0.0653802 0.0710365 0.0738029 0.0738656 0.0716978 0.0678362 0.0627758 0.0569403 0.0506714 0.0442284 0.0378025 0.0315393 0.025564 0.0200022 0.01499 0.0106643 0.00713477 0.00444714
 0.00786995 0.0128458 0.0194457 0.0276375 0.0371542 0.0473401 0.0571244 0.0652879 0.0709057 0.0736389 0.0736868 0.071532 0.0677118 0.0627141 0.0569495 0.0507465 0.0443545 0.0379592 0.0317059 0.0257231 0.0201415 0.0151025 0.010748 0.00719181 0.00448235
 0.00784676 0.012808 0.0193892 0.0275591 0.0370535 0.0472211 0.0569958 0.0651611 0.0707909 0.0735403 0.0736034 0.0714618 0.0676572 0.062684 0.0569562 0.0507995 0.0444548 0.0380983 0.0318678 0.0258891 0.0202949 0.0152316 0.0108473 0.00726147 0.00452682
 0.0078328 0.0127829 0.0193468 0.0274928 0.0369572 0.0470929 0.0568407 0.0649915 0.0706245 0.0733959 0.0734951 0.0713961 0.0676333 0.0626968 0.0570009 0.0508739 0.0445587 0.0382296 0.0320196 0.0260495 0.0204492 0.0153667 0.010955 0.00733949 0.00457804
 0.00778052 0.0126995 0.0192244 0.0273253 0.0367426 0.0468348 0.0565513 0.064692 0.0703427 0.0731607 0.0733314 0.0713197 0.0676483 0.0627959 0.057168 0.051089 0.0448027 0.0384868 0.0322773 0.0262957 0.0206724 0.0155564 0.0111046 0.00744806 0.00464991
 0.0077773 0.0126878 0.0191951 0.027266 0.0366406 0.0466825 0.0563503 0.0644548 0.0700899 0.0729167 0.07312 0.0711616 0.0675591 0.0627838 0.0572324 0.0512207 0.044986 0.0387027 0.0325069 0.0265222 0.0208814 0.0157367 0.0112491 0.00755466 0.00472176
 0.0077292 0.0126121 0.0190856 0.0271181 0.036452 0.0464535 0.0560859 0.0641665 0.0697961 0.0726416 0.07289 0.0710005 0.0674841 0.0628026 0.0573428 0.0514114 0.0452388 0.038995 0.0328146 0.0268223 0.0211546 0.015969 0.0114328 0.00768899 0.00481188
 0.00933455 0.0148596 0.0217989 0.0299096 0.0388355 0.0480245 0.056663 0.0638179 0.068756 0.0711893 0.0712626 0.0693633 0.0659396 0.0614111 0.0561375 0.0504068 0.0444341 0.0383774 0.0323622 0.026508 0.0209491 0.0158441 0.0113634 0.00765458 0.00479726
 0.00931467 0.0151248 0.0227222 0.031954 0.0423525 0.0529815 0.0624711 0.0694274 0.0730295 0.0733494 0.0711479 0.0673694 0.0627442 0.0576841 0.0523764 0.0469089 0.041345 0.0357505 0.0302013 0.0247896 0.0196338 0.0148809 0.010694 0.00721683 0.00453034
 0.00895471 0.0145587 0.021928 0.030982 0.0413793 0.0523476 0.0626405 0.0708234 0.0757845 0.0771171 0.0751457 0.0706753 0.0646814 0.0580551 0.0514346 0.0451443 0.0392515 0.0336907 0.028381 0.0232938 0.0184735 0.0140283 0.0101021 0.00683094 0.00429595
 0.00878802 0.0142739 0.0214746 0.0303078 0.0404504 0.0511833 0.0613579 0.0696659 0.0751005 0.0772639 0.0763308 0.0728083 0.0673399 0.0606228 0.0533501 0.0461153 0.0393134 0.0331072 0.0274815 0.0223485 0.0176451 0.0133832 0.00964342 0.00653029 0.00411394
 0.00875026 0.0142036 0.021351 0.0301023 0.0401289 0.0507133 0.0607208 0.0688767 0.0742307 0.0764601 0.075806 0.0727882 0.0679645 0.0618486 0.0549243 0.0476597 0.0404815 0.03372 0.0275644 0.0220671 0.0172013 0.0129353 0.00927793 0.00627208 0.00395145
 0.00870532 0.0141361 0.021259 0.0299857 0.039986 0.050537 0.0604963 0.068584 0.0738541 0.0760036 0.0753125 0.0723512 0.0677179 0.0619232 0.0553813 0.048438 0.0414015 0.0345541 0.0281365 0.0223179 0.0171851 0.0127655 0.00906439 0.00608528 0.00381844
 0.00869281 0.0141103 0.0212104 0.0299033 0.039861 0.0503677 0.0602914 0.0683592 0.0736241 0.0757743 0.0750816 0.0721201 0.0675087 0.0617889 0.0553931 0.0486501 0.0418103 0.0350827 0.0286602 0.0227211 0.0174105 0.0128262 0.00901869 0.00599819 0.00373523
 0.008685 0.0140984 0.0211936 0.0298801 0.0398283 0.05032 0.0602212 0.06826 0.0734941 0.0756187 0.0749114 0.071948 0.0673472 0.0616536 0.0553085 0.0486491 0.0419203 0.0353041 0.0289545 0.0230211 0.0176503 0.0129702 0.0090712 0.00598982 0.00370135
 0.00866747 0.0140715 0.0211563 0.0298325 0.0397721 0.0502578 0.0601562 0.0681945 0.0734288 0.075552 0.0748404 0.071871 0.0672668 0.0615768 0.0552479 0.0486217 0.0419449 0.0353931 0.029104 0.0232061 0.0178323 0.0131139 0.00915942 0.00602708 0.00370532
 0.00865717 0.014055 0.021132 0.0297994 0.0397298 0.0502075 0.0601008 0.0681386 0.0733771 0.0755076 0.0748037 0.0718398 0.067237 0.0615462 0.0552181 0.0486 0.0419427 0.0354224 0.0291708 0.0233051 0.0179462 0.0132202 0.00924018 0.00607579 0.00372681
 0.00864624 0.0140367 0.0211034 0.0297576 0.0396731 0.0501363 0.0600189 0.068053 0.0732971 0.0754421 0.0747588 0.0718176 0.0672355 0.0615603 0.055242 0.0486298 0.0419786 0.0354682 0.0292313 0.0233811 0.0180322 0.013305 0.0093117 0.00612667 0.00375669
 0.00863367 0.0140189 0.0210813 0.0297335 0.0396492 0.0501138 0.0599964 0.0680279 0.0732668 0.0754063 0.0747205 0.0717818 0.0672077 0.0615442 0.0552385 0.0486376 0.041996 0.0354945 0.029267 0.0234266 0.0180855 0.0133605 0.00936231 0.0061664 0.00378321
 0.00863688 0.0140214 0.0210802 0.0297249 0.0396298 0.0500827 0.059957 0.0679864 0.0732298 0.0753776 0.0747 0.071767 0.0671964 0.061536 0.0552347 0.0486403 0.0420063 0.0355128 0.0292931 0.0234597 0.0181236 0.0134006 0.00939991 0.00619747 0.00380556
 0.00862786 0.0140088 0.0210649 0.0297086 0.039614 0.0500674 0.0599402 0.0679654 0.073203 0.0753468 0.0746696 0.0717426 0.0671815 0.0615313 0.055239 0.0486514 0.0420231 0.0355346 0.0293196 0.0234902 0.0181568 0.0134341 0.00943093 0.00622332 0.00382472
 0.00862341 0.0140028 0.0210582 0.0297029 0.0396115 0.0500701 0.0599491 0.0679794 0.0732191 0.07536 0.0746752 0.0717376 0.0671664 0.0615096 0.0552155 0.0486307 0.0420078 0.0355262 0.0293183 0.0234958 0.0181681 0.0134493 0.00944733 0.00623854 0.00383695
 0.00862341 0.0140028 0.0210582 0.0297029 0.0396115 0.0500701 0.0599491 0.0679794 0.0732191 0.07536 0.0746752 0.0717376 0.0671664 0.0615096 0.0552155 0.0486307 0.0420078 0.0355262 0.0293183 0.0234958 0.0181681 0.0134493 0.00944733 0.00623854 0.00383695
 0.00880582 0.0142881 0.0214655 0.0302391 0.0402665 0.0508116 0.0607184 0.0686958 0.0737945 0.0757218 0.0747835 0.071592 0.0668009 0.0609808 0.0545892 0.0479706 0.0413672 0.0349433 0.0288166 0.0230856 0.0178499 0.0132158 0.00928653 0.00613529 0.0037756
 0.00905193 0.0146998 0.0221039 0.031161 0.0415033 0.0523397 0.0624356 0.0704242 0.0753174 0.0768402 0.0753653 0.0715931 0.0662607 0.060001 0.0533069 0.0465315 0.0399044 0.0335631 0.0275925 0.0220591 0.0170346 0.0126041 0.00885481 0.0058506 0.00360146
 0.00892227 0.0145165 0.0218818 0.0309382 0.0413402 0.0523103 0.0626141 0.0708638 0.0760256 0.0777592 0.0763728 0.0725299 0.0669752 0.0603912 0.0533421 0.0462486 0.0393871 0.0329148 0.0269114 0.0214227 0.0164925 0.0121783 0.00854555 0.00564296 0.00347304
 0.00899113 0.014602 0.0219629 0.0309828 0.0413187 0.052216 0.0624781 0.0707537 0.0760252 0.0779367 0.076751 0.073072 0.0675903 0.0609587 0.053748 0.046419 0.0393061 0.0326218 0.0264816 0.0209411 0.0160322 0.011788 0.00824674 0.00543496 0.00334116
#pred catch len freq
 0.00416217 0.00664745 0.00981703 0.01364 0.0180966 0.0231432 0.0286445 0.0343539 0.0399676 0.0451997 0.0498289 0.0537174 0.0568156 0.0591426 0.0607396 0.0616207 0.0617482 0.061037 0.0593664 0.0565819 0.0525052 0.046997 0.0400964 0.0321734 0.0239576
 0.00448508 0.00706277 0.0102438 0.0139465 0.0181504 0.0228827 0.0281253 0.0337318 0.0394188 0.0448261 0.0496072 0.0535206 0.0564902 0.0585966 0.0600005 0.0608396 0.0611486 0.0608255 0.0596427 0.0572915 0.05346 0.0479574 0.0408691 0.0326726 0.0242048
 0.00478488 0.00754878 0.0109641 0.0149221 0.0193456 0.0241751 0.0293043 0.0345511 0.0396968 0.044536 0.0488875 0.0525895 0.0555221 0.0576519 0.0590497 0.0598507 0.0601635 0.0599703 0.0590664 0.0570791 0.0535794 0.0482746 0.0412185 0.032933 0.0243351
 0.00506626 0.00799443 0.0116161 0.0158198 0.0205257 0.0256632 0.0310878 0.0365396 0.0416936 0.0462548 0.0500308 0.0529594 0.055098 0.0565791 0.0575509 0.0581297 0.0583688 0.0582176 0.05747 0.0557451 0.0525682 0.0475725 0.0407506 0.0326087 0.0240893
 0.0053484 0.00843974 0.0122629 0.0166993 0.0216626 0.0270751 0.0327792 0.0384905 0.0438427 0.0484796 0.052132 0.0546728 0.0561502 0.0567745 0.0568442 0.056638 0.0563177 0.0558662 0.0550565 0.0534639 0.0505603 0.0459165 0.0394617 0.0316536 0.023412
 0.00565621 0.00891992 0.0129494 0.0176146 0.0228198 0.0284801 0.0344274 0.0403596 0.0458865 0.050623 0.0542653 0.0566439 0.0577624 0.0578055 0.0570941 0.0559935 0.0548018 0.0536414 0.052382 0.0506307 0.0478333 0.0434962 0.0374675 0.0301245 0.0223214
 0.00593662 0.00936405 0.0135968 0.0184965 0.0239573 0.0298793 0.0360729 0.0422092 0.0478738 0.0526653 0.0562705 0.0585106 0.0593732 0.0590193 0.0577488 0.0559312 0.0539159 0.0519287 0.049971 0.0477662 0.044822 0.0406374 0.0349925 0.028163 0.0208982
 0.00621179 0.0097992 0.0142304 0.0193598 0.0250739 0.0312618 0.0377143 0.0440737 0.0498921 0.054739 0.0582841 0.0603459 0.0609204 0.060178 0.0584199 0.0560095 0.0532999 0.0505553 0.0478632 0.0450672 0.0417883 0.0375864 0.0322249 0.0258911 0.0192098
 0.00654895 0.0103207 0.014967 0.0203263 0.026272 0.0326843 0.0393437 0.0458753 0.0518084 0.0566895 0.0601693 0.0620568 0.0623492 0.0612278 0.0590069 0.0560588 0.0527411 0.0493329 0.0459674 0.0425747 0.038887 0.0345574 0.029378 0.0234815 0.017375
 0.00692311 0.0109014 0.0157901 0.0214087 0.0276121 0.0342631 0.0411214 0.0477878 0.0537705 0.0586036 0.061937 0.0635866 0.0635604 0.0620515 0.0593852 0.0559408 0.0520806 0.0480919 0.0441355 0.0402024 0.0361161 0.0316232 0.0265661 0.0210519 0.015489
 0.00724215 0.0114035 0.0165157 0.0223857 0.028854 0.0357635 0.0428464 0.0496702 0.0557128 0.0604909 0.063654 0.0650318 0.064655 0.0627415 0.0596362 0.0557291 0.0513846 0.0468926 0.0424293 0.0380285 0.0335858 0.0289299 0.0239579 0.018768 0.0136909
 0.00759 0.0119443 0.0172848 0.0234031 0.0301255 0.0372818 0.0445855 0.0515758 0.0576966 0.0624344 0.0654223 0.0664943 0.0657066 0.0633165 0.0597101 0.055307 0.0504855 0.0455374 0.0406442 0.0358633 0.0311405 0.0263687 0.0214924 0.0166076 0.0119818
 0.00796955 0.0125263 0.0180963 0.024448 0.0313889 0.0387357 0.0461902 0.0532771 0.0594238 0.0641033 0.06694 0.0677653 0.0666408 0.0638402 0.0597756 0.0548979 0.0496128 0.0442315 0.0389497 0.0338453 0.0288992 0.0240498 0.0192758 0.0146699 0.0104471
 0.0084331 0.0132427 0.0191048 0.0257601 0.0329867 0.0405723 0.0481862 0.0553209 0.0613824 0.065844 0.0683523 0.0687726 0.0672012 0.0639398 0.0594206 0.054108 0.0484177 0.0426713 0.037077 0.0317321 0.026646 0.0217899 0.0171642 0.0128524 0.00902148
 0.00878285 0.0137988 0.0199186 0.0268715 0.0344178 0.042316 0.0501914 0.0574831 0.0635503 0.0678408 0.0700068 0.0699485 0.0678183 0.0639798 0.0589176 0.0531284 0.0470394 0.0409707 0.0351289 0.0296174 0.0244625 0.019657 0.015213 0.0112 0.00774055
 0.00887415 0.0139641 0.0202002 0.0273235 0.0350992 0.0432763 0.0514524 0.0590232 0.0652957 0.069668 0.0717551 0.0714447 0.0689081 0.0645577 0.058943 0.0526229 0.0460704 0.0396297 0.0335151 0.0278321 0.0226124 0.0178559 0.0135753 0.0098222 0.00667879
 0.00888768 0.0139939 0.0202613 0.02744 0.0353052 0.0436146 0.051969 0.0597565 0.0662614 0.0708429 0.0730676 0.0727781 0.0701181 0.0654995 0.0595002 0.0527297 0.0457192 0.0388658 0.0324214 0.0265138 0.0211848 0.0164367 0.0122738 0.00872489 0.00583382
 0.0089168 0.014032 0.0203026 0.0274764 0.035333 0.0436432 0.0520278 0.0598927 0.0665295 0.0712869 0.0737035 0.0735813 0.0710201 0.0663955 0.0602673 0.0532521 0.0459142 0.0387002 0.0319164 0.0257372 0.0202361 0.0154287 0.0113147 0.00789984 0.00519184
 0.00887517 0.0139633 0.0201972 0.0273241 0.0351248 0.0433759 0.0517098 0.0595519 0.0662167 0.0710735 0.0736679 0.0737865 0.0714889 0.0670944 0.0611065 0.054104 0.0466433 0.0391956 0.0321168 0.0256408 0.0198952 0.0149324 0.0107638 0.00738312 0.00476847
 0.00885296 0.0139293 0.0201494 0.0272614 0.0350453 0.0432762 0.0515848 0.0593973 0.0660339 0.070876 0.0734864 0.0736684 0.0714889 0.067256 0.0614408 0.054576 0.0471743 0.0396837 0.0324671 0.0257943 0.0198443 0.0147177 0.0104558 0.00705711 0.00448251
 0.00888532 0.013962 0.0201624 0.0272245 0.0349281 0.0430612 0.0512789 0.0590322 0.0656561 0.070532 0.073213 0.0734913 0.0714271 0.0673251 0.0616504 0.0549199 0.0476202 0.0401708 0.0329177 0.0261362 0.0200344 0.0147545 0.010375 0.00691342 0.00432839
 0.00899242 0.0141205 0.0203705 0.0274662 0.0351725 0.043265 0.0513923 0.0590107 0.0654764 0.070206 0.0727895 0.0730424 0.0710262 0.0670284 0.0614899 0.054904 0.0477363 0.0403856 0.0331798 0.026386 0.0202205 0.0148495 0.010382 0.00685919 0.00424814
 0.00905169 0.0142222 0.0205327 0.0277076 0.0355053 0.0436853 0.0518704 0.0594882 0.0658753 0.0704478 0.0728188 0.072846 0.0706396 0.0665261 0.0609629 0.0544341 0.0473775 0.0401568 0.0330674 0.0263535 0.0202227 0.0148486 0.010358 0.00681178 0.00418969
 0.00918559 0.014412 0.0207678 0.0279634 0.035754 0.0439102 0.052075 0.0596903 0.0660894 0.0706663 0.0730051 0.0729459 0.0706044 0.0663369 0.0606413 0.0540359 0.0469728 0.039806 0.0328046 0.026182 0.0201226 0.0147901 0.0103158 0.00677213 0.00415035
