SBPRF35
11.086
Curr Bio
687675
B35
818621
F35
0.181473
FOFL
0.159433
OFL
93394.5
Bzero
3.16743e+006
#pred survey bio
 3.96572e+006 3.78824e+006 3.63363e+006 3.43025e+006 3.20172e+006 2.92789e+006 2.6582e+006 2.36794e+006 2.10671e+006 1.87468e+006 1.65088e+006 1.45334e+006 1.28008e+006 1.13289e+006 989135 875048 785723 724728 678360 643822 612351 581927 564619 552601 540673 525973 529416 532216 530818 533218 527245 534394 535717 544243 543012 527749 525682 513360 522350 530616 541246 552393 563880 564742 573643 589652 612212 632457 664314 694715 2.5585e+007 1.57807e+007 1.63835e+007 1.73309e+007 1.84734e+007 1.96444e+007 2.07283e+007 2.16657e+007 2.24395e+007 2.30576e+007 2.35401e+007 2.3911e+007 2.41933e+007 2.44068e+007 2.45678e+007 2.46893e+007 2.4781e+007 2.48505e+007 2.49034e+007 2.49437e+007 2.49747e+007 2.49986e+007 2.50172e+007 2.50316e+007 2.50428e+007 2.50517e+007 2.50586e+007 2.50641e+007 2.50684e+007 2.50719e+007 2.50746e+007 2.50768e+007 2.50786e+007 2.508e+007 2.50811e+007 2.5082e+007 2.50827e+007 2.50833e+007 2.50838e+007 2.50841e+007 2.50844e+007 2.50847e+007 2.50849e+007 2.5085e+007 2.50852e+007 2.50853e+007 2.50854e+007 2.50854e+007 2.50855e+007 2.50855e+007 2.50856e+007 2.50856e+007 2.50856e+007 2.50856e+007 2.50856e+007 2.50856e+007 2.50857e+007 2.50857e+007 2.50857e+007 2.50857e+007 2.50857e+007 2.50857e+007 2.50857e+007 2.50857e+007 2.50857e+007 2.50857e+007 2.50857e+007 2.50857e+007 2.50857e+007 2.50857e+007 2.50857e+007 2.50857e+007 2.50857e+007 2.50857e+007 2.50857e+007 2.50857e+007 2.50857e+007 2.50857e+007 2.50857e+007 2.50857e+007 2.50857e+007 2.50857e+007 2.50857e+007 2.50857e+007 2.50857e+007 2.50857e+007 2.50857e+007 2.50857e+007 2.50857e+007 2.50857e+007 2.50857e+007 2.50857e+007 2.50857e+007 2.50857e+007 2.50857e+007 2.50857e+007 2.50857e+007 2.50857e+007 2.50857e+007 2.50857e+007 0 0 0 0 0 0 0 0 0 0 0 0 0 0 0 0 0 0 0 0 0 0 0 0 0
#obs survey bio
 5.07864e+006 3.1266e+006 4.97128e+006 3.68898e+006 2.28234e+006 1.85574e+006 2.94599e+006 2.08166e+006 2.51304e+006 1.4044e+006 1.61039e+006 1.01608e+006 1.14918e+006 1.26244e+006 970070 682069 665675 726334 410323 620303 525348 476966 421102 413518 625558 426328 427984 525821 434642 529835 504812 501286 553049 587088 573806 535769 529269 603536 582337 550926 400456 702204 796129 701784 608469 810090 621954 702413 932314 496374
#pred catch bio
 107686 96111.8 153808 193288 254166 271337 311068 304159 294575 300961 288203 274265 255259 252359 224217 199836 172403 157092 144571 139361 135308 121584 115553 113964 114230 97826.4 98213.9 101007 96860 102344 89664 93492 86283.1 92571.9 100892 88120.7 98709.2 83939 87603.1 87332.5 88031 88337.1 97075 90168.7 85698.2 83285.1 89335.2 84436 90744.4 89007.6 93394.5 108022 111161 116527 123656 131121 137981 143806 148491 152115 154837 156836 158279 159306 160028 160533 160883 161124 161290 161403 161480 161533 161568 161592 161609 161620 161627 161632 161636 161638 161639 161641 161641 161642 161642 161642 161642 161642 161642 161643 161643 161643 161643 161643 161643 161643 161643 161643 161643 161643 161643 161643 161643 161643 161643 161643 161643 161643 161643 161643 161643 161643 161643 161643 161643 161643 161643 161643 161643 161643 161643 161643 161643 161643 161643 161643 161643 161643 161643 161643 161643 161643 161643 161643 161643 161643 161643 161643 161643 161643 161643 161643 161643 161643 161643 161643 161643 161643 161643 161643 0 0 0 0 0 0 0 0 0 0 0 0 0 0 0 0 0 0 0 0 0 0 0 0 0
#obs catch bio
 0 95665.9 153979 193463 255598 272559 312903 307309 296082 304435 290693 278654 260550 256023 227399 202393 174624 158469 146300 141050 137095 123110 117002 115957 115782 98922.2 99436.3 102231 97842.4 103750 90372.6 94076.4 86862.4 93092.2 101427 87913.9 98777.9 83466.2 87222.4 86654 87678 87582.4 96275.6 89254.3 84665.2 82457 88631.6 83980.1 90144.3 88955.5
#pred cpue bio
 3.90974e+006 3.73485e+006 3.58162e+006 3.37858e+006 3.15051e+006 2.87766e+006 2.60896e+006 2.32005e+006 2.06016e+006 1.82944e+006 1.60716e+006 1.41103e+006 1.23927e+006 1.09391e+006 952541 840455 752838 693233 648048 614368 583840 554434 537731 526093 514639 500591 504075 506972 505846 508430 503019 510405 512014 520660 520129 505918 503526 490212 498024 506025 516573 527590 538984 540026 548705 564016 585493 604571 634968 664209 2.45011e+007 1.51367e+007 1.5644e+007 1.64805e+007 1.75829e+007 1.8744e+007 1.98258e+007 2.07629e+007 2.15366e+007 2.21547e+007 2.26372e+007 2.30081e+007 2.32904e+007 2.35039e+007 2.36649e+007 2.37864e+007 2.38781e+007 2.39476e+007 2.40005e+007 2.40408e+007 2.40718e+007 2.40957e+007 2.41142e+007 2.41287e+007 2.41399e+007 2.41488e+007 2.41557e+007 2.41612e+007 2.41655e+007 2.4169e+007 2.41717e+007 2.41739e+007 2.41757e+007 2.41771e+007 2.41782e+007 2.41791e+007 2.41798e+007 2.41804e+007 2.41809e+007 2.41812e+007 2.41815e+007 2.41818e+007 2.4182e+007 2.41821e+007 2.41823e+007 2.41824e+007 2.41824e+007 2.41825e+007 2.41826e+007 2.41826e+007 2.41826e+007 2.41827e+007 2.41827e+007 2.41827e+007 2.41827e+007 2.41827e+007 2.41827e+007 2.41828e+007 2.41828e+007 2.41828e+007 2.41828e+007 2.41828e+007 2.41828e+007 2.41828e+007 2.41828e+007 2.41828e+007 2.41828e+007 2.41828e+007 2.41828e+007 2.41828e+007 2.41828e+007 2.41828e+007 2.41828e+007 2.41828e+007 2.41828e+007 2.41828e+007 2.41828e+007 2.41828e+007 2.41828e+007 2.41828e+007 2.41828e+007 2.41828e+007 2.41828e+007 2.41828e+007 2.41828e+007 2.41828e+007 2.41828e+007 2.41828e+007 2.41828e+007 2.41828e+007 2.41828e+007 2.41828e+007 2.41828e+007 2.41828e+007 2.41828e+007 2.41828e+007 2.41828e+007 2.41828e+007 2.41828e+007 2.41828e+007 0 0 0 0 0 0 0 0 0 0 0 0 0 0 0 0 0 0 0 0 0 0 0 0 0
#obs cpue bio
 4.66464e+006 4.01758e+006 2.83264e+006 1.81128e+006 2.86491e+006 4.05256e+006 2.65593e+006 1.38645e+006 2.61343e+006 1.4602e+006 1.82282e+006 1.06903e+006 794422 1.34062e+006 768206 960083 672641 743935 723980 539307 554474 515709 581386 417727 498993 451781 504588 469090 528030 408085 504861 661942 354099 539850 558000 655666 544519 555083 495480 687046 572621 636270 472231 560035 765707 396942 614590 421351 654116 495655
#pred surv len freq
 0.00457229 0.00747099 0.0113327 0.0161675 0.0218731 0.0281508 0.0344818 0.0402599 0.0450202 0.0485888 0.0510554 0.052638 0.0535643 0.0540195 0.0541407 0.0540308 0.0537773 0.0534517 0.0530575 0.0524219 0.0511057 0.0484562 0.0438862 0.0372731 0.0292034
 0.00485604 0.00783471 0.0117037 0.0164279 0.0219051 0.0279001 0.0340007 0.0396936 0.0445393 0.0483093 0.0509968 0.0527411 0.0537475 0.0542333 0.0543898 0.0543562 0.0542132 0.0539807 0.0535892 0.0528125 0.0512143 0.0482132 0.0433322 0.0365435 0.0284662
 0.00503193 0.00814835 0.0122193 0.0172019 0.0229491 0.0291377 0.0352508 0.0407134 0.0451217 0.04838 0.0506439 0.0521546 0.0531166 0.0536746 0.0539406 0.0540125 0.0539641 0.0538105 0.053455 0.0526314 0.0508852 0.0476675 0.0425802 0.0356802 0.0276289
 0.00521318 0.00843992 0.0126552 0.0178189 0.0237866 0.0302301 0.0366051 0.0422763 0.0467541 0.0498653 0.0517449 0.0527012 0.0530743 0.0531476 0.0531098 0.0530548 0.053 0.0528928 0.052581 0.0517597 0.0499582 0.0466464 0.0414792 0.0345755 0.0266299
 0.00539777 0.0087415 0.0131119 0.0184674 0.0246564 0.031334 0.0379314 0.0437855 0.0483807 0.0515169 0.0532949 0.0539879 0.0539258 0.053435 0.052801 0.052229 0.0518107 0.0515033 0.0511109 0.0502672 0.048458 0.0451465 0.0400152 0.0332199 0.0254713
 0.00564347 0.00913542 0.0136948 0.0192746 0.0257125 0.0326447 0.0394731 0.0455009 0.0501848 0.0533111 0.0549777 0.0554555 0.0550664 0.0541296 0.052943 0.0517603 0.0507525 0.0499569 0.0492248 0.048192 0.0463193 0.0430471 0.0380516 0.0314898 0.0240582
 0.00589449 0.00954131 0.0143016 0.0201239 0.0268337 0.0340439 0.0411205 0.047327 0.052091 0.0551879 0.0567217 0.0569757 0.0562804 0.0549558 0.0532968 0.051563 0.0499539 0.0485636 0.0473145 0.0459053 0.0438335 0.0405488 0.0357163 0.0294645 0.022441
 0.00616645 0.00998544 0.0149737 0.0210771 0.0281083 0.0356506 0.0430242 0.0494403 0.0542864 0.0573229 0.0586631 0.0586141 0.0575337 0.0557633 0.0536091 0.0513329 0.0491393 0.0471436 0.0453169 0.0434281 0.0410486 0.0376806 0.033003 0.0271109 0.0205775
 0.00645895 0.0104506 0.0156555 0.0220117 0.0293207 0.0371481 0.0447859 0.0514094 0.056371 0.0594067 0.0606195 0.0603211 0.0588852 0.0566761 0.0540228 0.0512037 0.0484337 0.0458417 0.04343 0.0410256 0.0382779 0.0347634 0.0301981 0.0246551 0.0186276
 0.00674092 0.0109059 0.0163345 0.0229584 0.0305637 0.0386875 0.0465804 0.0533752 0.0583965 0.0613756 0.0624287 0.0618843 0.0601281 0.0575313 0.0544288 0.0511074 0.0477925 0.044629 0.0416484 0.0387293 0.0355956 0.0319022 0.0274148 0.0221963 0.0166647
 0.00707485 0.0114389 0.0171183 0.0240345 0.0319562 0.0403916 0.0485488 0.0555131 0.060572 0.0634442 0.0642588 0.0633743 0.0612109 0.0581688 0.0545998 0.050795 0.046978 0.0432958 0.0397974 0.0364048 0.0329105 0.0290476 0.0246357 0.0197353 0.0146951
 0.00735949 0.0119053 0.0178265 0.0250414 0.0333031 0.0420846 0.0505406 0.0576979 0.0628023 0.0655609 0.0661187 0.0648659 0.0622587 0.0587315 0.0546635 0.0503631 0.0460593 0.0418996 0.0379407 0.0341335 0.0303262 0.0263206 0.0219883 0.0173912 0.012817
 0.00752219 0.0121895 0.0182911 0.0257547 0.0343291 0.0434606 0.0522537 0.0596743 0.064916 0.0676564 0.0680374 0.0664674 0.063436 0.0594176 0.0548307 0.0500137 0.0452139 0.0405876 0.0362003 0.0320239 0.0279479 0.0238279 0.0195777 0.0152603 0.0111101
 0.007691 0.0124575 0.0186843 0.0262975 0.0350459 0.0443748 0.0533817 0.0610144 0.0664363 0.0692871 0.0696725 0.0679775 0.0646891 0.0603015 0.0552676 0.0499653 0.0446765 0.0395839 0.0347741 0.0302435 0.0259162 0.0216888 0.0175057 0.0134271 0.00964028
 0.00796537 0.0128927 0.0193179 0.0271552 0.0361338 0.0456715 0.0548316 0.0625315 0.067923 0.0706575 0.0708659 0.0689542 0.0654154 0.0607387 0.0553725 0.0496998 0.0440187 0.0385357 0.0333654 0.0285357 0.0240062 0.0197097 0.015613 0.0117688 0.00832023
 0.00819317 0.0132585 0.0198598 0.0279041 0.037107 0.0468613 0.0561943 0.0639847 0.0693576 0.0719611 0.0719467 0.069755 0.0659146 0.0609388 0.0552839 0.0493279 0.043361 0.0375893 0.0321409 0.0270715 0.0223773 0.018027 0.0140086 0.0103676 0.00720832
 0.00833307 0.0134899 0.0202154 0.028417 0.0378035 0.0477506 0.0572571 0.0651683 0.0705817 0.0731322 0.0729734 0.0705612 0.0664486 0.0611774 0.0552296 0.048999 0.0427799 0.0367756 0.0311143 0.0258633 0.0210438 0.0166539 0.0127009 0.00922658 0.00630372
 0.00848019 0.0137061 0.0204991 0.0287552 0.03818 0.0481575 0.057701 0.0656667 0.0711498 0.0737679 0.0736488 0.0712242 0.0670334 0.0616191 0.0554772 0.0490224 0.0425701 0.0363397 0.0304716 0.0250459 0.0201013 0.0156566 0.0117338 0.00837203 0.00562028
 0.00861897 0.013923 0.0208081 0.0291601 0.0386705 0.0487055 0.0582615 0.0661866 0.0715858 0.074104 0.0739004 0.0714237 0.0672065 0.0617669 0.0555741 0.0490277 0.0424439 0.0360563 0.0300251 0.0244523 0.0193981 0.0149008 0.0109939 0.00771434 0.00509214
 0.00862834 0.0139529 0.0208802 0.0293027 0.038911 0.0490576 0.0587137 0.0666995 0.0721007 0.0745601 0.0742526 0.071655 0.0673281 0.0618069 0.0555594 0.0489684 0.0423296 0.0358637 0.0297327 0.0240534 0.0189089 0.0143593 0.0104525 0.00722617 0.0046963
 0.00866907 0.0140121 0.0209572 0.0293954 0.03902 0.0491913 0.058889 0.0669353 0.0724053 0.0749194 0.0746283 0.0719946 0.0675842 0.0619535 0.0555965 0.0489139 0.0422041 0.0356784 0.029488 0.0237466 0.0185455 0.0139599 0.0100516 0.00686193 0.00439893
 0.008786 0.0141878 0.0211945 0.0296862 0.0393463 0.0495287 0.0592109 0.067218 0.072634 0.0750923 0.0747538 0.0720823 0.0676352 0.0619579 0.0555404 0.0487892 0.0420138 0.0354339 0.0292019 0.0234295 0.0182073 0.0136152 0.00972127 0.00656978 0.00416381
 0.00887828 0.0143233 0.0213711 0.0298921 0.0395628 0.0497348 0.0593879 0.0673522 0.0727184 0.0751288 0.0747534 0.0720629 0.0676148 0.0619466 0.0555356 0.0487771 0.0419761 0.0353563 0.0290787 0.0232634 0.018008 0.0133978 0.00950436 0.00637284 0.00400226
 0.00882897 0.0142647 0.0213221 0.0298815 0.0396192 0.0498717 0.059593 0.0675888 0.0729398 0.0752966 0.0748508 0.0720951 0.0676018 0.0619127 0.0554993 0.0487463 0.0419471 0.0353177 0.029018 0.0231731 0.0178887 0.0132582 0.00935878 0.00623705 0.00388898
 0.00879916 0.0142139 0.0212428 0.0297694 0.0394787 0.0497221 0.0594694 0.067533 0.0729825 0.07544 0.0750643 0.0723292 0.0678098 0.0620677 0.0555982 0.0488008 0.0419722 0.0353224 0.0290038 0.0231374 0.0178299 0.0131799 0.00927009 0.00614964 0.00381337
 0.00891887 0.0143836 0.0214518 0.0299909 0.0396768 0.049863 0.0595328 0.0675184 0.0729091 0.0753406 0.0749737 0.0722707 0.0677866 0.0620642 0.0555913 0.0487733 0.041919 0.0352486 0.0289178 0.0230456 0.017736 0.0130866 0.00918125 0.0060706 0.00374898
 0.00884232 0.014271 0.0213036 0.0298136 0.0394784 0.0496482 0.059301 0.0672685 0.0726481 0.0750915 0.0747754 0.0721674 0.0678108 0.0622226 0.0558604 0.0491079 0.042268 0.0355698 0.0291857 0.0232503 0.0178788 0.0131751 0.00922704 0.00608664 0.00374784
 0.00876194 0.0141455 0.0211248 0.0295793 0.0391944 0.04933 0.0589743 0.0669644 0.0723951 0.0749069 0.0746639 0.0721279 0.0678448 0.0623363 0.0560583 0.0493826 0.0425958 0.0359152 0.0295116 0.0235284 0.0180946 0.0133272 0.00932338 0.00614036 0.00377304
 0.00872552 0.014087 0.0210383 0.0294596 0.0390385 0.049139 0.0587554 0.0667321 0.07217 0.0747113 0.0745168 0.0720404 0.0678201 0.0623729 0.0561535 0.0495338 0.0427967 0.0361519 0.0297618 0.0237663 0.018298 0.0134837 0.00943143 0.00620683 0.003809
 0.00854836 0.0138261 0.0206958 0.0290553 0.0386037 0.0487074 0.058356 0.0663876 0.0718982 0.0745267 0.0744302 0.0720571 0.067938 0.0625817 0.0564366 0.049871 0.0431673 0.0365355 0.0301376 0.0241132 0.0185972 0.0137222 0.00960576 0.00632274 0.00387866
 0.00853443 0.013787 0.0206081 0.0288905 0.0383398 0.0483445 0.0579264 0.0659512 0.0715218 0.0742597 0.0742904 0.0720343 0.0680087 0.0627231 0.0566322 0.0501096 0.0434387 0.0368273 0.0304346 0.024398 0.0188525 0.0139344 0.00976774 0.00643536 0.00394947
 0.0084916 0.0137066 0.0204668 0.0286588 0.0379882 0.0478543 0.0573025 0.0652312 0.0707764 0.0735818 0.0737746 0.0717526 0.0679904 0.0629506 0.0570528 0.0506553 0.0440451 0.0374424 0.0310197 0.0249254 0.0193028 0.0142965 0.0100396 0.00662418 0.00406971
 0.00839983 0.0135786 0.0203121 0.0284963 0.0378365 0.0477181 0.0571643 0.0650561 0.0705293 0.0732493 0.0733798 0.0713532 0.0676624 0.0627627 0.0570439 0.0508254 0.0443603 0.0378502 0.031465 0.0253611 0.0196943 0.0146224 0.0102907 0.00680257 0.00418572
 0.008086 0.013108 0.019679 0.0277253 0.0369799 0.0468476 0.0563611 0.064398 0.0700732 0.0730153 0.0733475 0.0714778 0.0679003 0.0630905 0.0574601 0.0513359 0.0449604 0.0385149 0.0321513 0.0260193 0.0202804 0.0151067 0.0106615 0.00706453 0.00435559
 0.00795856 0.0128868 0.0193224 0.0271914 0.0362433 0.0459222 0.0553171 0.0633569 0.0691778 0.0723851 0.0730444 0.0714967 0.0681846 0.0635615 0.0580457 0.0519866 0.0456489 0.0392241 0.0328607 0.0266988 0.0208946 0.0156248 0.0110659 0.00735483 0.00454627
 0.00865601 0.0138667 0.0205106 0.0284186 0.037287 0.046579 0.055466 0.062985 0.0683684 0.0712864 0.0718325 0.070338 0.0672035 0.062822 0.0575536 0.0517102 0.0455442 0.0392509 0.0329865 0.0268934 0.0211257 0.0158589 0.0112744 0.00751982 0.00466279
 0.00917284 0.0146975 0.0217339 0.0300757 0.0393435 0.0488823 0.0577268 0.0648219 0.0694216 0.0713512 0.0709347 0.06871 0.0651832 0.0607375 0.0556465 0.0501118 0.0442923 0.0383244 0.032338 0.0264694 0.0208743 0.0157314 0.0112269 0.00751584 0.00467633
 0.00918943 0.0148103 0.0220619 0.0307813 0.0405892 0.0507585 0.0601813 0.0676289 0.0722095 0.0736837 0.0724211 0.0691108 0.064477 0.059118 0.0534489 0.0477033 0.0419772 0.0362972 0.0306851 0.025199 0.0199498 0.0150955 0.010816 0.00726837 0.00453857
 0.00885793 0.0143078 0.0213808 0.0299574 0.0397161 0.0499955 0.0597432 0.06774 0.0730219 0.0751888 0.0744089 0.0712121 0.0662779 0.0602954 0.0538653 0.0474239 0.0412123 0.035307 0.0296941 0.0243504 0.0193028 0.0146482 0.0105334 0.00710545 0.00445326
 0.00875895 0.0141236 0.0210622 0.0294497 0.0389795 0.0490368 0.0586457 0.0666719 0.0722101 0.0748613 0.0747195 0.072175 0.0677392 0.0619648 0.0554056 0.0485633 0.0418259 0.0354316 0.0294781 0.0239746 0.0189146 0.0143322 0.0103157 0.00697511 0.004385
 0.00867612 0.0139956 0.0208797 0.0292033 0.0386547 0.0486116 0.0580958 0.065989 0.0714282 0.0740769 0.0740885 0.0718739 0.0679 0.062611 0.0564246 0.0497364 0.0429077 0.0362386 0.0299422 0.024139 0.0188856 0.0142204 0.0101987 0.00688855 0.00433389
 0.00857343 0.0138372 0.0206579 0.0289168 0.0383095 0.0482194 0.0576718 0.0655481 0.0709812 0.0736327 0.073666 0.0715189 0.0676915 0.0626414 0.056756 0.050356 0.0437142 0.037075 0.0306578 0.0246451 0.0191739 0.0143419 0.0102239 0.0068753 0.00431501
 0.00848437 0.0136943 0.0204465 0.0286263 0.0379364 0.0477722 0.0571752 0.0650414 0.0705094 0.0732334 0.0733607 0.0713146 0.0675926 0.0626633 0.0569279 0.0507049 0.0442374 0.0377205 0.0313324 0.0252482 0.0196361 0.0146453 0.0103936 0.00695577 0.00434729
 0.00858485 0.0138348 0.0206152 0.0287965 0.0380724 0.0478393 0.0571491 0.0649133 0.0702858 0.0729344 0.0730153 0.0709556 0.0672521 0.0623714 0.056714 0.0505987 0.0442617 0.0378778 0.0315941 0.0255581 0.0199303 0.0148767 0.0105457 0.00703868 0.004384
 0.00874705 0.0140681 0.0209094 0.0291204 0.0383798 0.0480802 0.0572807 0.0649074 0.0701338 0.0726497 0.072632 0.0705218 0.0668185 0.0619818 0.0564007 0.050383 0.0441564 0.037886 0.0317039 0.02574 0.0201417 0.0150744 0.0107003 0.00714115 0.00444172
 0.00885905 0.0142425 0.0211562 0.0294398 0.0387582 0.048486 0.0576628 0.065202 0.0702809 0.0726124 0.0724101 0.0701507 0.0663567 0.061494 0.0559442 0.0500006 0.0438745 0.0377154 0.0316412 0.0257674 0.0202294 0.0151875 0.010808 0.0072246 0.004496
 0.00894019 0.0143648 0.0213223 0.0296464 0.0389972 0.0487465 0.057931 0.0654586 0.0704988 0.0727582 0.0724507 0.0700647 0.0661441 0.0611796 0.0555724 0.0496234 0.0435391 0.0374557 0.0314732 0.0256893 0.0202242 0.0152289 0.0108684 0.00728255 0.00453989
 0.00897236 0.0144266 0.0214322 0.0298255 0.039262 0.0490979 0.0583473 0.065896 0.0709027 0.0730782 0.0726506 0.0701246 0.0660584 0.0609564 0.0552349 0.0492103 0.0430997 0.0370404 0.0311225 0.0254262 0.020052 0.0151343 0.010829 0.00727466 0.00454517
 0.00884014 0.0142319 0.0211778 0.0295301 0.0389583 0.0488283 0.0581563 0.0658225 0.0709691 0.073281 0.0729582 0.0704846 0.0664127 0.0612547 0.0554444 0.0493194 0.0431182 0.0369946 0.031047 0.0253533 0.0200031 0.015116 0.0108357 0.00729482 0.00456786
 0.00837953 0.0135673 0.0203344 0.0285863 0.0380257 0.0480177 0.0575507 0.0654679 0.0708805 0.0734501 0.0733564 0.0710639 0.0671079 0.0619918 0.0561527 0.0499433 0.0436254 0.0373782 0.0313214 0.0255449 0.0201399 0.0152196 0.010918 0.0073599 0.00461635
#obs surv len freq
 nan nan nan nan nan nan nan nan nan nan nan nan nan nan nan nan nan nan nan nan nan nan nan nan nan
 0.00448449 0.0073458 0.0111758 0.0159922 0.0216931 0.0279689 0.0342831 0.0400145 0.0446939 0.0481576 0.0505152 0.0520107 0.0529027 0.0534148 0.0537289 0.0539836 0.054262 0.0545547 0.0546934 0.0542853 0.0527234 0.0493555 0.0438054 0.0362855 0.0276693
 0.0046144 0.00755905 0.0115002 0.016454 0.0223102 0.0287413 0.0351832 0.0409839 0.0456524 0.0490183 0.0512015 0.0524677 0.0531021 0.0533557 0.053433 0.053488 0.0536098 0.0537885 0.0538521 0.0534057 0.0518442 0.0485198 0.0430576 0.0356635 0.0271939
 0.00478527 0.00783677 0.0119182 0.0170433 0.0230942 0.0297257 0.036346 0.0422699 0.0469778 0.0502833 0.0523053 0.0533207 0.053636 0.0535306 0.053241 0.0529511 0.0527733 0.0527116 0.0526012 0.052051 0.050461 0.0471886 0.0418585 0.0346624 0.0264274
 0.00496136 0.0081293 0.0123699 0.0176978 0.0239868 0.0308693 0.0377171 0.0438043 0.0485798 0.0518439 0.0537176 0.0544884 0.054477 0.0539801 0.0532572 0.0525205 0.0519144 0.0514732 0.0510584 0.0503009 0.0486187 0.0453811 0.0402113 0.0332781 0.0253634
 0.00518164 0.00848462 0.0129 0.0184391 0.0249673 0.0321 0.0391808 0.0454487 0.0503211 0.0535779 0.0553338 0.0558807 0.0555508 0.0546567 0.0534761 0.052243 0.0511285 0.0502001 0.0493586 0.0482773 0.0464139 0.0431657 0.0381601 0.0315367 0.0240169
 0.00541707 0.00887271 0.0134936 0.0192897 0.0261136 0.0335512 0.0409002 0.0473515 0.0522901 0.0554892 0.0570768 0.0573643 0.0566994 0.055404 0.0537631 0.0520207 0.0503641 0.0488885 0.0475362 0.0460354 0.043904 0.0405891 0.0357359 0.029455 0.0223945
 0.00565861 0.00926924 0.0140978 0.020154 0.0272809 0.035039 0.0426842 0.0493578 0.0544024 0.0575703 0.0589912 0.0589952 0.0579566 0.0562226 0.0540965 0.0518315 0.0496224 0.0475788 0.0456759 0.0436975 0.0412336 0.0377984 0.033071 0.0271401 0.0205745
 0.00589429 0.00965612 0.0146872 0.0209967 0.0284178 0.036487 0.0444206 0.0513139 0.0564728 0.0596308 0.0609172 0.0606724 0.0592868 0.0571267 0.0545148 0.0517212 0.0489534 0.0463356 0.0438697 0.0413894 0.0385563 0.0349603 0.0303262 0.0247297 0.0186631
 0.00613903 0.010055 0.0152894 0.0218489 0.0295561 0.0379231 0.0461277 0.0532217 0.0584767 0.0616115 0.0627591 0.0622738 0.0605618 0.0580047 0.0549379 0.0516429 0.0483377 0.045161 0.0421412 0.0391591 0.0359461 0.0321683 0.0276023 0.0223182 0.0167367
 0.00639584 0.0104761 0.0159296 0.0227606 0.030778 0.0394634 0.0479471 0.0552291 0.0605445 0.0636025 0.0645507 0.0637698 0.0616934 0.058724 0.0552108 0.0514418 0.0476384 0.0439459 0.0404123 0.0369604 0.0333871 0.0294334 0.0249289 0.0199436 0.0148325
 0.00661502 0.0108385 0.0164864 0.0235635 0.0318695 0.0408601 0.0496233 0.0571094 0.0625137 0.0655271 0.066301 0.0652367 0.0627958 0.0594096 0.055451 0.0512224 0.0469511 0.0427862 0.0387883 0.0349125 0.0310123 0.0268964 0.0224453 0.0177316 0.0130531
 0.006854 0.0112283 0.0170755 0.0243978 0.0329831 0.0422619 0.0512815 0.058947 0.0644175 0.0673688 0.0679575 0.0666039 0.0637946 0.0599883 0.0555833 0.0509019 0.0461832 0.0415833 0.0371729 0.0329317 0.0287577 0.0245159 0.0201307 0.0156772 0.0114024
 0.00707736 0.0115962 0.0176377 0.0252025 0.0340668 0.0436322 0.0529018 0.060732 0.0662468 0.0691117 0.0694959 0.0678438 0.0646695 0.0604572 0.0556265 0.0505173 0.0453815 0.0403846 0.0356092 0.0310565 0.0266606 0.0223308 0.0180257 0.0138202 0.00991572
 0.00728906 0.0119415 0.0181596 0.0259418 0.0350538 0.0448748 0.0543713 0.0623575 0.0679235 0.0707196 0.0709193 0.0689867 0.0654629 0.0608606 0.055625 0.0501151 0.0445958 0.0392418 0.0341468 0.029331 0.0247578 0.020372 0.0161569 0.0121836 0.00861228
 0.00743581 0.0121874 0.018543 0.0265029 0.035826 0.0458712 0.0555719 0.0637048 0.0693315 0.0720901 0.0721581 0.0700124 0.0662108 0.0612845 0.0556989 0.0498319 0.043965 0.0382867 0.0329045 0.027857 0.0231328 0.0187041 0.0145721 0.0108013 0.00751532
 0.00751489 0.0123167 0.0187398 0.0267859 0.0362148 0.0463829 0.0562165 0.0644789 0.0702137 0.0730395 0.0731166 0.070911 0.066978 0.0618556 0.056022 0.049872 0.0437052 0.0377294 0.0320723 0.0267955 0.0219132 0.0174221 0.0133372 0.00971594 0.00665025
 0.00761127 0.0124634 0.0189424 0.0270438 0.0365231 0.0467357 0.056609 0.0649083 0.0706788 0.0735389 0.0736451 0.0714533 0.0675044 0.0623218 0.0563749 0.0500585 0.0436819 0.0374704 0.0315751 0.0260847 0.0210428 0.0164717 0.0124003 0.00888098 0.00597923
 0.00768423 0.012581 0.0191167 0.0272836 0.0368304 0.0471013 0.0570101 0.0653116 0.0710516 0.0738609 0.0739149 0.0716849 0.0677153 0.0625191 0.0565469 0.0501745 0.0436997 0.0373486 0.0312862 0.0256263 0.020443 0.0157873 0.0117058 0.00825014 0.00546601
 0.00774284 0.0126684 0.0192342 0.027428 0.0369966 0.0472849 0.0572085 0.0655225 0.0712694 0.0740757 0.0741144 0.0718597 0.0678632 0.0626446 0.0566545 0.0502604 0.0437459 0.0373255 0.0311623 0.0253823 0.0200833 0.0153438 0.0112316 0.00780371 0.00509379
 0.00778148 0.0127304 0.0193253 0.027552 0.037153 0.0474671 0.0574026 0.0657104 0.0714342 0.0742081 0.0742147 0.0719346 0.0679203 0.0626894 0.0566894 0.050284 0.0437516 0.037299 0.0310836 0.0252329 0.0198567 0.0150532 0.0109091 0.00749055 0.00482634
 0.00782489 0.0127926 0.0194038 0.0276397 0.0372411 0.047549 0.0574767 0.0657787 0.0714999 0.0742718 0.0742742 0.0719872 0.0679651 0.0627275 0.0567228 0.0503128 0.0437718 0.0373016 0.0310554 0.0251601 0.0197312 0.0148793 0.010705 0.00728388 0.00464396
 0.00785391 0.0128358 0.019461 0.0277075 0.0373125 0.0476146 0.0575265 0.0658047 0.0714997 0.0742509 0.074245 0.0719638 0.0679581 0.0627409 0.0567539 0.0503551 0.0438166 0.0373387 0.0310734 0.0251473 0.01968 0.0147898 0.0105876 0.00715657 0.00452624
 0.0078986 0.0129039 0.0195547 0.0278253 0.0374487 0.0477596 0.0576666 0.0659238 0.0715817 0.0742845 0.0742278 0.0719036 0.0678708 0.0626451 0.0566657 0.0502837 0.0437637 0.0372992 0.0310382 0.0251061 0.0196243 0.0147164 0.0105003 0.00706513 0.00444243
 0.00792323 0.0129431 0.019612 0.0279027 0.0375463 0.0478739 0.0577896 0.0660433 0.0716835 0.0743557 0.0742597 0.0718938 0.0678231 0.0625693 0.056575 0.0501919 0.0436813 0.037231 0.0309825 0.0250569 0.0195744 0.0146609 0.010439 0.00700264 0.00438539
 0.00789977 0.0129069 0.0195616 0.0278386 0.0374719 0.0477956 0.0577172 0.0659884 0.0716565 0.0743624 0.074299 0.0719574 0.0678993 0.062646 0.0566438 0.0502492 0.0437277 0.037269 0.0310136 0.0250803 0.0195873 0.0146609 0.0104264 0.0069809 0.00436013
 0.00790782 0.0129087 0.0195436 0.0277826 0.0373605 0.0476221 0.0574922 0.0657407 0.0714251 0.0741848 0.0742005 0.0719471 0.06797 0.0627788 0.0568142 0.0504332 0.0439064 0.0374303 0.0311512 0.0251917 0.0196717 0.0147188 0.0104604 0.00699559 0.00436197
 0.00790805 0.0129116 0.0195517 0.0277977 0.0373801 0.0476362 0.0574829 0.0656877 0.071316 0.0740249 0.0740153 0.0717744 0.0678456 0.0627247 0.0568331 0.0505116 0.0440221 0.0375605 0.0312776 0.0253021 0.0197599 0.0147831 0.0105021 0.00701879 0.00437193
 0.00789849 0.0128924 0.0195166 0.0277397 0.0372947 0.0475249 0.0573551 0.0655576 0.0711967 0.0739224 0.0739286 0.0717013 0.0677904 0.0626989 0.0568505 0.0505799 0.0441374 0.037708 0.0314371 0.0254544 0.0198908 0.0148854 0.0105748 0.00706539 0.00439846
 0.00787067 0.0128469 0.0194475 0.0276413 0.0371626 0.0473582 0.057159 0.0653453 0.0709882 0.073741 0.0737949 0.0716277 0.0677787 0.0627432 0.0569421 0.0507113 0.0443019 0.0378968 0.0316372 0.0256495 0.0200653 0.0150282 0.0106815 0.00713789 0.00444303
 0.00784549 0.0128029 0.0193759 0.0275324 0.0370086 0.0471572 0.0569187 0.0650832 0.0707289 0.0735106 0.0736163 0.0715179 0.0677465 0.0627889 0.0570576 0.0508825 0.0445123 0.03813 0.0318773 0.0258809 0.0202737 0.0152022 0.0108152 0.0072318 0.00450297
 0.00784382 0.0127981 0.0193645 0.0275091 0.0369666 0.0470891 0.0568184 0.0649483 0.0705628 0.0733243 0.0734277 0.0713487 0.0676181 0.0627176 0.0570517 0.0509413 0.0446271 0.0382864 0.032058 0.0260683 0.0204513 0.0153568 0.0109385 0.00732146 0.00456212
 0.0078156 0.012755 0.019305 0.0274332 0.036876 0.0469862 0.056706 0.0648292 0.0704403 0.0732018 0.0733101 0.0712428 0.0675338 0.0626664 0.0570442 0.0509842 0.0447207 0.0384235 0.0322254 0.026249 0.0206278 0.0155142 0.0110667 0.00741662 0.00462622
 0.00780261 0.0127291 0.0192574 0.0273537 0.0367565 0.0468256 0.0565139 0.0646256 0.0702492 0.0730436 0.0731962 0.0711755 0.067509 0.0626791 0.0570913 0.0510651 0.0448352 0.0385692 0.0323952 0.0264309 0.0208069 0.015676 0.0112005 0.00751749 0.0046952
 0.0077492 0.0126487 0.019148 0.0272172 0.0365965 0.046646 0.0563185 0.06442 0.070044 0.0728557 0.073046 0.0710812 0.0674815 0.0627184 0.0571888 0.0512077 0.0450103 0.0387661 0.0326042 0.0266417 0.0210076 0.0158547 0.0113477 0.00762866 0.00477169
 0.00933454 0.0148601 0.0218008 0.0299154 0.0388497 0.0480543 0.0567176 0.0639057 0.0688801 0.0713439 0.0714317 0.0695235 0.0660661 0.0614839 0.0561462 0.050352 0.0443271 0.0382365 0.0322085 0.0263598 0.0208195 0.0157393 0.0112844 0.00759881 0.00476052
 0.00931654 0.0151264 0.022722 0.0319501 0.0423431 0.0529668 0.0624545 0.0694159 0.0730327 0.0733771 0.0712061 0.0674569 0.0628509 0.0577924 0.0524658 0.0469624 0.0413538 0.0357162 0.0301341 0.0247049 0.0195465 0.0148028 0.0106312 0.00717102 0.00449975
 0.00897583 0.0145903 0.0219702 0.0310327 0.0414346 0.0524018 0.0626872 0.0708571 0.0758017 0.0771192 0.0751383 0.0706675 0.0646815 0.0580668 0.0514542 0.0451622 0.0392561 0.0336732 0.0283392 0.0232328 0.0184033 0.0139597 0.0100433 0.00678609 0.0042652
 0.00882747 0.0143348 0.0215599 0.0304175 0.0405808 0.0513265 0.0615015 0.069794 0.0751967 0.0773161 0.0763345 0.0727681 0.067268 0.0605345 0.053259 0.0460297 0.0392348 0.0330319 0.0274049 0.0222687 0.0175647 0.0133076 0.0095788 0.00648031 0.00407915
 0.00875282 0.0142101 0.021365 0.0301285 0.0401718 0.0507749 0.0607992 0.0689651 0.0743191 0.0765372 0.0758621 0.0728167 0.0679637 0.0618216 0.0548783 0.0476036 0.0404229 0.0336627 0.027509 0.0220125 0.0171473 0.0128838 0.00923224 0.00623513 0.0039246
 0.00870312 0.0141299 0.0212452 0.0299601 0.0399463 0.0504851 0.0604405 0.0685375 0.0738303 0.0760109 0.0753509 0.0724125 0.067789 0.0619912 0.0554367 0.0484765 0.0414233 0.0345621 0.028134 0.0223075 0.0171689 0.0127456 0.00904353 0.00606621 0.00380318
 0.00867658 0.0140846 0.0211731 0.0298525 0.0397957 0.0502881 0.0602 0.0682621 0.0735319 0.0757008 0.0750408 0.0721217 0.0675543 0.0618706 0.0554964 0.0487587 0.0419105 0.0351658 0.0287232 0.0227646 0.0174371 0.0128396 0.00902282 0.00599689 0.00373166
 0.00867363 0.0140798 0.0211656 0.0298407 0.0397762 0.0502554 0.0601466 0.0681798 0.0734146 0.0755469 0.0748546 0.0719136 0.0673421 0.0616813 0.0553677 0.0487323 0.0420156 0.0353986 0.029038 0.0230874 0.0176978 0.0130009 0.0090886 0.00599807 0.00370418
 0.00866793 0.0140709 0.0211527 0.0298234 0.0397546 0.0502297 0.0601167 0.0681451 0.0733725 0.0754933 0.0747844 0.0718234 0.0672329 0.0615621 0.0552559 0.0486532 0.0419965 0.0354575 0.0291717 0.0232681 0.0178825 0.0131502 0.00918275 0.00604026 0.00371171
 0.00865237 0.014048 0.0211227 0.0297879 0.0397164 0.0501918 0.0600816 0.0681144 0.073347 0.075472 0.074765 0.0718015 0.0672039 0.0615231 0.055209 0.0486077 0.0419676 0.0354621 0.0292201 0.0233568 0.0179935 0.0132584 0.00926751 0.00609314 0.00373652
 0.00865377 0.0140479 0.0211182 0.0297755 0.0396927 0.050156 0.0600368 0.0680671 0.0733045 0.0754401 0.0747453 0.0717919 0.0671996 0.0615185 0.0552003 0.0485946 0.041955 0.035459 0.029236 0.0233964 0.0180528 0.0133258 0.00932905 0.006139 0.00376424
 0.00864462 0.014036 0.0211059 0.0297659 0.0396888 0.0501584 0.0600423 0.06807 0.0732996 0.0754253 0.0747231 0.0717675 0.0671777 0.0615015 0.0551876 0.0485842 0.0419463 0.0354539 0.0292389 0.0234115 0.018081 0.013363 0.00936775 0.00617191 0.00378734
 0.00863793 0.0140238 0.0210853 0.0297342 0.0396448 0.0501044 0.0599848 0.0680182 0.0732622 0.0754066 0.0747217 0.0717783 0.0671955 0.0615225 0.0552102 0.0486076 0.0419699 0.0354774 0.0292631 0.023438 0.018111 0.0133955 0.00939968 0.00619951 0.00380796
 0.00862844 0.0140107 0.0210696 0.029718 0.0396301 0.0500914 0.059972 0.0680031 0.073243 0.0753849 0.0747014 0.0717642 0.0671902 0.0615259 0.05522 0.0486212 0.0419851 0.0354935 0.0292801 0.0234564 0.0181311 0.013417 0.00942101 0.00621855 0.00382291
 0.00860796 0.01398 0.0210285 0.0296683 0.0395756 0.0500375 0.0599244 0.0679671 0.073222 0.075379 0.0747081 0.0717796 0.0672115 0.0615516 0.0552493 0.0486532 0.0420185 0.0355265 0.0293114 0.0234856 0.0181579 0.0134413 0.00944243 0.00623627 0.00383637
#pred catch len freq
 0.00411088 0.00652313 0.0095527 0.0131437 0.0172674 0.0218998 0.0269531 0.0322403 0.0375074 0.0424917 0.0469627 0.050746 0.0537435 0.0559405 0.0573957 0.0582231 0.0585743 0.0586059 0.0583968 0.0578175 0.0564256 0.0535275 0.0484906 0.0411879 0.0322722
 0.00438436 0.00688427 0.00994486 0.0134702 0.0174279 0.0218425 0.0267094 0.0319151 0.0372263 0.0423387 0.0469489 0.0508248 0.0538569 0.0560633 0.0575516 0.0584655 0.0589427 0.0590801 0.0588761 0.0581427 0.0564425 0.0531619 0.0477912 0.0403081 0.0314001
 0.00457621 0.00720394 0.0104343 0.0141571 0.0183013 0.0228262 0.0276563 0.032643 0.0375923 0.042309 0.0466137 0.0503444 0.0533783 0.0556674 0.0572564 0.0582628 0.0588265 0.05904 0.0588696 0.0580802 0.0562113 0.052683 0.0470714 0.0394477 0.0305477
 0.00478552 0.00753076 0.0109043 0.0147933 0.0191284 0.0238692 0.0289234 0.0340931 0.0391047 0.0436855 0.0476308 0.0508397 0.0533192 0.0551554 0.0564667 0.0573653 0.0579348 0.0582017 0.0580771 0.0572854 0.0553481 0.0517044 0.0459875 0.0383374 0.0295286
 0.00501609 0.00789256 0.0114253 0.0154932 0.0200192 0.024956 0.0302022 0.0355473 0.0406968 0.0453433 0.0492311 0.0522069 0.0542571 0.055512 0.0561962 0.0565457 0.0567275 0.0567806 0.0565694 0.0557518 0.0538015 0.0501498 0.0444599 0.0369137 0.0283048
 0.00529506 0.00832652 0.0120432 0.0163123 0.021047 0.0261917 0.0316343 0.0371473 0.0424154 0.0471111 0.050959 0.0537842 0.0555496 0.0563696 0.0564817 0.0561786 0.0557201 0.0552381 0.0546519 0.0536227 0.0515957 0.0479758 0.0424185 0.0351074 0.0268233
 0.00560791 0.00881435 0.0127396 0.0172374 0.022208 0.0275836 0.0332354 0.0389149 0.0442848 0.049 0.0527751 0.0554294 0.0569213 0.0573599 0.0569788 0.0560804 0.0549607 0.0538185 0.0526556 0.0512039 0.0489495 0.0453063 0.0399169 0.0329335 0.0250844
 0.00592272 0.00931015 0.0134571 0.0182068 0.0234479 0.0290975 0.0350041 0.0408882 0.0463805 0.0511111 0.054782 0.0572136 0.0583754 0.0583906 0.0575047 0.0560271 0.0542653 0.0524485 0.0506365 0.048642 0.0460329 0.0422808 0.0370421 0.0304326 0.0230999
 0.00626419 0.00983836 0.0142036 0.019188 0.0246693 0.0305582 0.0366947 0.0427815 0.0484215 0.0532127 0.0568293 0.0590764 0.0599248 0.0595145 0.0581135 0.0560522 0.0536543 0.0511694 0.0486964 0.0461155 0.0430826 0.0391515 0.0340198 0.0277789 0.020989
 0.00662282 0.0103968 0.014999 0.0202405 0.0259824 0.032119 0.0384708 0.0447177 0.0504427 0.0552309 0.0587511 0.0608052 0.0613625 0.0605646 0.0586873 0.0560743 0.0530664 0.0499352 0.0468154 0.0436469 0.0401696 0.0360257 0.030968 0.0250767 0.0188285
 0.00702847 0.0110248 0.0158868 0.0214051 0.0274228 0.0338185 0.0403932 0.0468003 0.0525934 0.0573357 0.0606884 0.0624623 0.0626473 0.0614088 0.0590414 0.0558986 0.0523254 0.0486015 0.0448861 0.0411699 0.0372713 0.0329199 0.0279294 0.0223772 0.0166635
 0.0073897 0.0115931 0.0167073 0.0225094 0.0288259 0.0355144 0.0423463 0.0489384 0.05481 0.0595022 0.0626697 0.0641325 0.0639023 0.0621749 0.059277 0.0555863 0.051461 0.047187 0.0429366 0.0387358 0.0344667 0.0299369 0.0250184 0.0197912 0.0145869
 0.00761517 0.0119612 0.0172655 0.0233057 0.0299041 0.0369025 0.0440415 0.0508945 0.0569349 0.0616652 0.0647187 0.065914 0.0652831 0.0630578 0.0596069 0.0553454 0.0506577 0.0458453 0.0410948 0.0364593 0.031869 0.027193 0.0223514 0.0174255 0.0126876
 0.00788509 0.0123753 0.0178447 0.024059 0.0308347 0.0380159 0.0453454 0.0523887 0.0585946 0.0634281 0.0664814 0.0675433 0.0666372 0.0640114 0.0600692 0.0552679 0.050031 0.0446912 0.0394609 0.0344221 0.0295453 0.0247472 0.0199827 0.0153301 0.0110076
 0.00821301 0.012881 0.0185548 0.0249802 0.0319547 0.0393055 0.0467599 0.0538697 0.0600774 0.064851 0.0677899 0.0686851 0.0675538 0.0646353 0.0603307 0.0551089 0.0494173 0.0436199 0.0379637 0.0325683 0.027446 0.0225544 0.0178745 0.0134765 0.00952855
 0.00848514 0.0133047 0.0191581 0.025778 0.0329483 0.0404812 0.0480842 0.0552847 0.0615028 0.0661948 0.0689647 0.0696229 0.0682123 0.064994 0.0603794 0.0548363 0.0488091 0.0426667 0.0366752 0.030988 0.0256605 0.0206918 0.0160872 0.0119089 0.00828089
 0.00862416 0.013529 0.019493 0.026248 0.0335743 0.0412762 0.0490452 0.0563858 0.0626921 0.0673977 0.0700925 0.0705855 0.0689341 0.0654254 0.0604996 0.054647 0.0483217 0.0418951 0.0356379 0.02972 0.0242268 0.0191922 0.0146444 0.0106412 0.00727115
 0.00878549 0.0137648 0.0198001 0.0266101 0.0339719 0.0417 0.0495045 0.0569044 0.0632929 0.0680851 0.0708407 0.071339 0.0696183 0.0659631 0.0608272 0.0547236 0.0481311 0.0414413 0.0349403 0.0288143 0.02317 0.0180657 0.0135467 0.00966829 0.00649138
 0.00893157 0.0139882 0.0201094 0.0270018 0.0344298 0.0421963 0.0500032 0.0573691 0.0636992 0.0684306 0.0711446 0.0716276 0.0699042 0.0662316 0.0610373 0.0548217 0.0480683 0.0411862 0.0344859 0.0281792 0.0223982 0.0172239 0.0127152 0.00892483 0.00589205
 0.00895982 0.0140436 0.0202103 0.0271709 0.0346886 0.0425557 0.0504542 0.0578792 0.0642177 0.0689019 0.0715246 0.0718963 0.0700687 0.0663159 0.0610641 0.0547966 0.0479755 0.0409972 0.0341755 0.0277402 0.0218496 0.0166105 0.0120984 0.00836657 0.0054383
 0.00902491 0.0141391 0.0203357 0.027322 0.0348623 0.0427559 0.0506935 0.0581727 0.0645708 0.0692987 0.0719256 0.0722487 0.0703253 0.0664514 0.0610804 0.0547135 0.0478151 0.0407711 0.033883 0.0273776 0.021423 0.0161437 0.0116308 0.00794256 0.0050925
 0.00911602 0.014274 0.0205141 0.0275347 0.0350934 0.0429878 0.0509118 0.05837 0.0647485 0.0694659 0.0720924 0.0724175 0.0704831 0.0665724 0.0611365 0.0546868 0.0477032 0.0405835 0.0336328 0.0270766 0.0210834 0.0157836 0.0112764 0.0076232 0.00483226
 0.00920462 0.0144027 0.0206793 0.0277228 0.0352849 0.0431629 0.0510557 0.0584748 0.0648136 0.0694978 0.0721041 0.0724255 0.0705022 0.066608 0.0611804 0.0547193 0.0477013 0.0405297 0.0335201 0.0269083 0.0208713 0.0155455 0.0110348 0.00740145 0.00464905
 0.00915813 0.0143465 0.0206301 0.0277065 0.0353278 0.0432786 0.0512353 0.058688 0.0650202 0.0696635 0.0722119 0.0724777 0.0705147 0.0666014 0.061171 0.0547133 0.0476932 0.0405061 0.0334668 0.026817 0.0207431 0.015391 0.0108711 0.00724729 0.00451968
 0.00914363 0.0143206 0.0205879 0.0276455 0.0352523 0.0432044 0.05119 0.058703 0.0651154 0.0698339 0.0724257 0.0726889 0.0706832 0.0667076 0.0612179 0.0547172 0.0476717 0.0404692 0.0334155 0.0267475 0.0206531 0.015284 0.0107567 0.00713817 0.00442713
 0.00918849 0.0143782 0.0206462 0.0276838 0.0352469 0.0431383 0.0510627 0.0585344 0.0649431 0.0697025 0.0723723 0.0727287 0.0708032 0.0668727 0.0613865 0.0548576 0.0477693 0.0405246 0.0334353 0.0267385 0.02062 0.0152321 0.0106933 0.00707274 0.00436865
 0.00909904 0.0142471 0.0204748 0.0274807 0.0350228 0.0429 0.0508101 0.0582653 0.0646637 0.0694362 0.07216 0.0726182 0.070831 0.0670472 0.0616832 0.0552272 0.0481556 0.0408804 0.0337319 0.0269646 0.0207769 0.0153284 0.0107419 0.0070883 0.0043654
 0.00902194 0.0141289 0.0203105 0.0272713 0.034776 0.0426296 0.0505347 0.0580052 0.0644356 0.0692499 0.0720199 0.0725299 0.0708071 0.0671059 0.0618378 0.0554748 0.0484718 0.0412256 0.0340637 0.02725 0.0209985 0.0154835 0.0108387 0.00714072 0.00438851
 0.00895473 0.0140258 0.0201668 0.0270867 0.034554 0.0423774 0.0502635 0.0577315 0.0641804 0.0690357 0.0718657 0.0724471 0.0707986 0.0671694 0.06197 0.055672 0.048726 0.0415197 0.034371 0.0275402 0.0212458 0.0156735 0.01097 0.00722176 0.00443263
 0.00878792 0.0137827 0.0198527 0.0267239 0.0341747 0.0420119 0.0499324 0.0574451 0.0639442 0.0688562 0.0717531 0.072413 0.0708512 0.0673094 0.0621895 0.0559566 0.0490579 0.0418788 0.034735 0.0278846 0.021548 0.0159171 0.011149 0.00734096 0.00450407
 0.008698 0.0136341 0.0196259 0.0264028 0.0337542 0.0415076 0.0493862 0.0569202 0.0635073 0.0685566 0.0716096 0.0724167 0.0709782 0.0675337 0.0624886 0.0563115 0.0494503 0.0422893 0.0351424 0.0282673 0.0218854 0.0161942 0.0113587 0.00748603 0.00459509
 0.00865737 0.0135601 0.0194991 0.0261981 0.0334446 0.0410719 0.0488204 0.0562477 0.062785 0.0678695 0.0710538 0.0720734 0.0708899 0.0676949 0.062855 0.0568195 0.050036 0.0428988 0.0357337 0.0288085 0.0223532 0.0165739 0.0116459 0.00768652 0.0047232
 0.00851062 0.0133496 0.0192334 0.0258999 0.0331407 0.040778 0.0485313 0.0559404 0.0624343 0.0674686 0.0706278 0.0716796 0.0706024 0.0675795 0.0629467 0.0571118 0.0504864 0.043445 0.0363116 0.0293637 0.0228464 0.0169811 0.0119579 0.00790713 0.0048662
 0.00819353 0.0128803 0.0186137 0.0251642 0.0323483 0.0399996 0.0478346 0.0553797 0.0620413 0.0672457 0.0705516 0.0717158 0.0707263 0.067789 0.063258 0.057543 0.0510379 0.0440906 0.0370024 0.0300418 0.0234595 0.0174933 0.012353 0.00818787 0.00504902
 0.00809405 0.0127088 0.018339 0.0247542 0.0317818 0.0392818 0.0470107 0.0545344 0.0612792 0.0666619 0.0702048 0.0716168 0.0708444 0.0680725 0.0636572 0.0580246 0.0515855 0.0446924 0.0376381 0.030677 0.024052 0.0180043 0.0127583 0.00848225 0.005244
