SBPRF35
7.78865
Curr Bio
488089
B35
677413
F35
0.211016
FOFL
0.146787
OFL
56205.6
Bzero
2.22533e+006
#pred survey bio
 4.76901e+006 4.52378e+006 4.27748e+006 3.96528e+006 3.64203e+006 3.28405e+006 2.95761e+006 2.60379e+006 2.28705e+006 2.01913e+006 1.76183e+006 1.55767e+006 1.37076e+006 1.21908e+006 1.0866e+006 971272 878910 809483 759902 707137 681866 677835 670459 640955 630392 625411 628533 631196 628391 625893 626621 632617 628744 615520 605704 603405 590922 587173 579220 572955 578917 588794 596548 605232 603548 610434 611964 610435 613967 617696 614243 584651 583340 590869 574247 573161 567475 582161 606931 632678 617699 602172 569821 526843 492375 1.69847e+007 9.99924e+006 1.01493e+007 1.09067e+007 1.20042e+007 1.31649e+007 1.42209e+007 1.51006e+007 1.57931e+007 1.6318e+007 1.6706e+007 1.69884e+007 1.71918e+007 1.73378e+007 1.74424e+007 1.75175e+007 1.75716e+007 1.76109e+007 1.76395e+007 1.76606e+007 1.76761e+007 1.76876e+007 1.76963e+007 1.77028e+007 1.77077e+007 1.77114e+007 1.77142e+007 1.77164e+007 1.7718e+007 1.77193e+007 1.77202e+007 1.7721e+007 1.77215e+007 1.7722e+007 1.77223e+007 1.77226e+007 1.77228e+007 1.77229e+007 1.77231e+007 1.77232e+007 1.77232e+007 1.77233e+007 1.77233e+007 1.77234e+007 1.77234e+007 1.77234e+007 1.77234e+007 1.77234e+007 1.77234e+007 1.77234e+007 1.77235e+007 1.77235e+007 1.77235e+007 1.77235e+007 1.77235e+007 1.77235e+007 1.77235e+007 1.77235e+007 1.77235e+007 1.77235e+007 1.77235e+007 1.77235e+007 1.77235e+007 1.77235e+007 1.77235e+007 1.77235e+007 1.77235e+007 1.77235e+007 1.77235e+007 1.77235e+007 1.77235e+007 1.77235e+007 1.77235e+007 1.77235e+007 1.77235e+007 1.77235e+007 1.77235e+007 1.77235e+007 1.77235e+007 1.77235e+007 1.77235e+007 1.77235e+007 1.77235e+007 1.77235e+007 1.77235e+007 1.77235e+007 1.77235e+007 1.77235e+007 1.77235e+007 1.77235e+007 1.77235e+007 1.77235e+007 1.77235e+007 1.77235e+007 1.77235e+007 1.77235e+007 1.77235e+007 1.77235e+007 1.77235e+007 1.77235e+007 0 0 0 0 0 0 0 0 0 0 0 0 0 0 0 0 0 0 0 0 0 0 0 0 0
#obs survey bio
 3.57368e+006 3.97178e+006 3.11569e+006 2.49846e+006 2.67501e+006 3.06436e+006 2.24926e+006 3.31011e+006 1.6685e+006 1.98327e+006 1.13347e+006 1.15851e+006 777886 1.31608e+006 1.11935e+006 716485 496928 520866 464166 690651 699431 560626 886842 372937 461428 609784 672158 486607 519086 578318 482664 791350 570033 905928 661586 712957 565417 677398 671677 610774 496381 616628 490828 471765 644616 551744 590240 970584 464439 670209 448088 474239 660151 588944 470234 474299 465379 494689 699891 744565 787608 685629 746658 519996 499375
#pred catch bio
 97744.2 97816.6 166988 197800 257417 259920 315311 309680 289561 300028 268893 265950 243438 231747 219593 201082 181334 162819 161895 134702 114792 116209 132038 113672 107855 99686 98451.8 101347 99355.5 94941 88829 94597.6 98542.8 91344.2 81749.6 90074.5 86309 94467.9 94869.8 84475.6 80931.3 82831.7 82516.4 91413.1 84265.8 89268.7 92027.3 88063.8 88725.5 95414.4 117119 93412.6 87280.6 107637 94496.3 99050.8 83002.6 75903.8 75105.4 106625 103233 114318 119810 107984 79141.6 56205.6 76764.7 76518.7 80817.8 88498.5 96972.8 104661 110945 115754 119268 121753 123466 124624 125396 125905 126236 126451 126589 126678 126735 126770 126793 126808 126817 126823 126826 126829 126830 126831 126831 126832 126832 126832 126832 126832 126832 126832 126832 126832 126832 126832 126832 126832 126832 126832 126832 126832 126832 126832 126832 126832 126832 126832 126832 126832 126832 126832 126832 126832 126832 126832 126832 126832 126832 126832 126832 126832 126832 126832 126832 126832 126832 126832 126832 126832 126832 126832 126832 126832 126832 126832 126832 126832 126832 126832 126832 126832 126832 126832 126832 126832 126832 126832 126832 126832 126832 126832 126832 126832 126832 0 0 0 0 0 0 0 0 0 0 0 0 0 0 0 0 0 0 0 0 0 0 0 0 0
#obs catch bio
 0 97528.2 167978 198963 260708 263432 323508 316335 295914 307310 276174 273865 252022 238608 225926 207486 187499 168429 167830 138240 116903 118674 134964 115941 110324 101701 99904.2 102819 100983 96305.2 89903.6 95822.3 99809.6 91822.8 82011.1 90473.9 86726.3 95140.7 95575.5 84859.2 80844.1 82661.2 82618.9 91711.8 84243.8 89348.5 92306.1 87849.9 88934.2 95549.3 118267 93859.4 87396 108414 94813 99887.1 83563.5 76631.9 75439.7 107648 103386 114312 119681 108454 78967.6
#pred cpue bio
 4.6892e+006 4.44927e+006 4.20823e+006 3.89888e+006 3.57691e+006 3.22072e+006 2.89605e+006 2.54507e+006 2.23117e+006 1.96558e+006 1.71069e+006 1.50839e+006 1.32352e+006 1.17376e+006 1.04332e+006 929837 838972 770978 722907 672195 648184 644598 637733 609417 599211 594515 598019 601151 598749 596587 597652 603955 600890 588841 580055 578299 565518 560145 551227 545202 551587 561595 569161 577485 575830 582510 583921 582382 585741 589197 585696 556689 555003 562254 546193 544905 539167 553317 577664 603440 589724 574982 543564 501796 468907 1.62236e+007 9.57093e+006 9.59505e+006 1.01888e+007 1.12201e+007 1.23631e+007 1.34152e+007 1.42941e+007 1.49864e+007 1.55112e+007 1.58993e+007 1.61816e+007 1.63851e+007 1.6531e+007 1.66356e+007 1.67107e+007 1.67649e+007 1.68042e+007 1.68328e+007 1.68538e+007 1.68693e+007 1.68809e+007 1.68895e+007 1.6896e+007 1.69009e+007 1.69046e+007 1.69075e+007 1.69096e+007 1.69113e+007 1.69125e+007 1.69135e+007 1.69142e+007 1.69148e+007 1.69152e+007 1.69156e+007 1.69158e+007 1.6916e+007 1.69162e+007 1.69163e+007 1.69164e+007 1.69165e+007 1.69165e+007 1.69166e+007 1.69166e+007 1.69166e+007 1.69167e+007 1.69167e+007 1.69167e+007 1.69167e+007 1.69167e+007 1.69167e+007 1.69167e+007 1.69167e+007 1.69167e+007 1.69167e+007 1.69167e+007 1.69167e+007 1.69167e+007 1.69167e+007 1.69167e+007 1.69167e+007 1.69167e+007 1.69167e+007 1.69167e+007 1.69167e+007 1.69167e+007 1.69167e+007 1.69167e+007 1.69167e+007 1.69167e+007 1.69167e+007 1.69167e+007 1.69167e+007 1.69167e+007 1.69167e+007 1.69167e+007 1.69167e+007 1.69167e+007 1.69167e+007 1.69167e+007 1.69167e+007 1.69167e+007 1.69167e+007 1.69167e+007 1.69167e+007 1.69167e+007 1.69167e+007 1.69167e+007 1.69167e+007 1.69167e+007 1.69167e+007 1.69167e+007 1.69167e+007 1.69167e+007 1.69167e+007 1.69167e+007 1.69167e+007 1.69167e+007 1.69167e+007 1.69167e+007 0 0 0 0 0 0 0 0 0 0 0 0 0 0 0 0 0 0 0 0 0 0 0 0 0
#obs cpue bio
 3.45934e+006 3.06699e+006 3.497e+006 2.83858e+006 3.23121e+006 1.78648e+006 1.74808e+006 2.77503e+006 2.118e+006 1.92739e+006 1.27022e+006 1.53547e+006 987859 1.16488e+006 769108 678714 772984 618674 793518 581666 565465 485819 502930 613773 477416 453167 656494 686405 477472 572736 639550 441845 625885 611772 475313 540050 440854 445867 436560 504111 1.02393e+006 631885 459955 744205 578640 641591 507693 543217 487206 550949 586776 599053 551000 509208 591194 522398 502670 399225 582244 602871 594545 622005 471416 382012 570741
#pred surv len freq
 0.00573086 0.00916914 0.0135462 0.0187597 0.0246415 0.0309019 0.0370863 0.0426619 0.0472134 0.0505888 0.0528892 0.0543489 0.0552172 0.0556903 0.0558779 0.0557921 0.0553592 0.0544473 0.0528897 0.0504879 0.0470176 0.0422859 0.0362659 0.0292492 0.021882
 0.00586898 0.00930206 0.0135832 0.0185764 0.0241334 0.0300566 0.0360281 0.0416255 0.0464442 0.0502273 0.0529083 0.0545813 0.0554486 0.0557632 0.0557582 0.0555753 0.0552207 0.0545601 0.053342 0.0512403 0.0479205 0.043148 0.0369369 0.0296697 0.0220811
 0.00631424 0.00996341 0.014456 0.0195991 0.025185 0.0309685 0.0366137 0.0417333 0.0460256 0.0493802 0.0518535 0.0535653 0.0546299 0.0551572 0.0552746 0.0551146 0.0547571 0.0541588 0.0531081 0.0512405 0.0481328 0.0434712 0.0372466 0.0298798 0.0221711
 0.00663032 0.010489 0.0152659 0.0207617 0.0267365 0.0328748 0.0387364 0.0438261 0.0477803 0.0505137 0.0522004 0.0531341 0.0535899 0.0537596 0.0537484 0.0535988 0.0533045 0.0527897 0.0518584 0.0501651 0.0472719 0.0428211 0.0367627 0.0295072 0.0218734
 0.00691167 0.0109337 0.0159143 0.0216504 0.0279005 0.0343444 0.040522 0.0458894 0.0500044 0.0526891 0.0540484 0.0543714 0.054018 0.0533331 0.0525842 0.0519184 0.0513473 0.0507502 0.0498717 0.0483244 0.0456451 0.0414509 0.0356621 0.0286618 0.0212533
 0.00722371 0.0114271 0.0166314 0.0226224 0.0291444 0.0358587 0.0422813 0.0478432 0.0520804 0.0547945 0.0560598 0.0561214 0.0552991 0.0539383 0.052374 0.0508781 0.0495984 0.0485081 0.0473811 0.045807 0.0432767 0.0393577 0.0339219 0.0273051 0.0202665
 0.0074261 0.0117608 0.0171427 0.0233585 0.0301453 0.0371444 0.0438379 0.049618 0.0539902 0.0567424 0.0579475 0.057849 0.0567521 0.0549771 0.0528425 0.0506414 0.0485959 0.0467926 0.0451184 0.0432369 0.0406567 0.0369149 0.0318219 0.0256383 0.0190482
 0.00775228 0.0122665 0.017859 0.0243015 0.0313185 0.0385411 0.0454385 0.0513829 0.0558561 0.0586243 0.0597477 0.0594675 0.0580933 0.0559482 0.0533463 0.0505751 0.047869 0.045366 0.0430446 0.0406765 0.0378565 0.0341537 0.0293479 0.023619 0.017548
 0.00815138 0.0128832 0.0187272 0.0254313 0.0326961 0.0401304 0.047181 0.0532002 0.05766 0.060332 0.0612916 0.0607937 0.0591529 0.056688 0.0537029 0.0504736 0.0472306 0.0441295 0.0412023 0.0383106 0.0351518 0.0313709 0.0267616 0.0214466 0.0159006
 0.00852313 0.0134668 0.0195665 0.0265522 0.0341019 0.0417944 0.0490393 0.055151 0.059578 0.0620938 0.0627994 0.0619856 0.0599994 0.0571772 0.0538237 0.0502011 0.0465223 0.0429364 0.0394987 0.0361325 0.0326264 0.0287133 0.0242297 0.0192699 0.0142172
 0.00894294 0.0141239 0.0205084 0.0278061 0.0356709 0.0436521 0.0511203 0.0573473 0.0617479 0.0640844 0.0644727 0.0632388 0.0607746 0.0574609 0.0536341 0.0495682 0.0454677 0.0414664 0.0376168 0.0338717 0.0300839 0.0260639 0.0216994 0.0170754 0.0125011
 0.00928952 0.0146681 0.0212919 0.0288556 0.0369952 0.0452372 0.052922 0.059286 0.0637142 0.0659536 0.0661207 0.0645555 0.0616741 0.0578892 0.0535723 0.0490279 0.044479 0.0400646 0.0358396 0.0317722 0.0277546 0.0236527 0.0193964 0.0150683 0.0109196
 0.00959283 0.0151534 0.0220074 0.0298403 0.0382707 0.0467961 0.0547153 0.0612201 0.0656636 0.0677835 0.0677093 0.065805 0.0625134 0.0582728 0.0534798 0.0484631 0.0434665 0.0386452 0.0340675 0.0297194 0.0255225 0.02138 0.0172496 0.0132077 0.00945509
 0.00987805 0.0155959 0.0226348 0.0306667 0.0392984 0.0480166 0.0561057 0.0627366 0.0672376 0.0693249 0.0691157 0.0669756 0.0633621 0.0587374 0.0535253 0.0480795 0.0426654 0.0374572 0.0325423 0.0279294 0.0235689 0.0193937 0.0153789 0.0115902 0.00818312
 0.0102597 0.0161785 0.0234409 0.0316918 0.0405135 0.0493741 0.0575432 0.0641801 0.068609 0.0705532 0.0701443 0.0677617 0.0638711 0.0589397 0.0533972 0.0476079 0.0418518 0.0363204 0.0311214 0.0262879 0.0217981 0.0176111 0.0137148 0.010162 0.00706624
 0.0105819 0.0166895 0.0241847 0.0326972 0.0417845 0.0508778 0.0591994 0.0658643 0.0701755 0.0718698 0.0711211 0.0683602 0.0640952 0.0588173 0.0529627 0.046892 0.0408792 0.035115 0.0297152 0.0247308 0.0201644 0.0159984 0.0122312 0.00890296 0.00609017
 0.010726 0.0169326 0.0245674 0.0332633 0.0425728 0.0519066 0.0604507 0.0672739 0.0716374 0.0732535 0.0722953 0.0692178 0.0645717 0.0588977 0.0526742 0.046286 0.0400132 0.0340413 0.0284811 0.023387 0.0187742 0.0146408 0.0109924 0.00785852 0.00528471
 0.0107263 0.0169462 0.0246131 0.0333705 0.0427784 0.0522491 0.0609607 0.0679652 0.0724974 0.0742368 0.0733236 0.0701885 0.0653766 0.059446 0.0529108 0.0461982 0.039625 0.0334002 0.0276449 0.0224181 0.0177399 0.013614 0.0100473 0.00705759 0.00466528
 0.0106476 0.0168289 0.0244575 0.0331867 0.0425873 0.0520829 0.0608616 0.0679815 0.0726747 0.0746047 0.0738825 0.070902 0.0661726 0.0602279 0.0535768 0.046663 0.0398364 0.0333459 0.0273488 0.0219304 0.017127 0.0129499 0.00940439 0.00649619 0.00422284
 0.0107589 0.0169869 0.0246528 0.0333961 0.0427808 0.0522347 0.0609598 0.0680321 0.0726992 0.0746348 0.073952 0.0710382 0.0663861 0.0605048 0.0538767 0.0469264 0.0400002 0.033361 0.0271941 0.0216171 0.0166952 0.0124577 0.00891438 0.00606182 0.00387797
 0.0109232 0.0172109 0.02491 0.0336347 0.0429374 0.0522573 0.060828 0.0677639 0.0723448 0.0742621 0.0736322 0.0708321 0.0663332 0.0606153 0.0541283 0.0472678 0.0403612 0.0336685 0.0273893 0.0216702 0.0166103 0.0122683 0.00867063 0.00581465 0.00366557
 0.0108442 0.0171027 0.0247831 0.0335073 0.0428252 0.05216 0.0607228 0.0676142 0.0721218 0.0739678 0.0733083 0.0705488 0.0661645 0.0606138 0.0543096 0.0476077 0.0408034 0.0341384 0.0278123 0.0219889 0.0167971 0.0123287 0.00863591 0.00572768 0.00356586
 0.010771 0.0169917 0.024632 0.0333215 0.0426188 0.0519549 0.0605449 0.0674848 0.0720475 0.0739344 0.0732868 0.0705138 0.0661133 0.060572 0.0543198 0.0477063 0.0410013 0.0344137 0.028118 0.0222704 0.0170107 0.0124545 0.00867996 0.005714 0.00352392
 0.0110255 0.0173641 0.0251151 0.033881 0.0432014 0.0525032 0.0610097 0.0678311 0.0722538 0.0739909 0.073193 0.0702762 0.0657464 0.060103 0.0537926 0.0471786 0.0405312 0.0340426 0.0278579 0.0221044 0.0169056 0.0123773 0.00860983 0.00564519 0.00346054
 0.0109505 0.0172727 0.0250327 0.0338471 0.0432557 0.0526648 0.0612624 0.0681262 0.0725301 0.0741992 0.0733112 0.0703072 0.0657054 0.0600059 0.0536523 0.0470094 0.0403533 0.0338804 0.0277322 0.0220233 0.0168623 0.0123557 0.00859421 0.00562682 0.00343876
 0.010756 0.0169818 0.0246438 0.0333803 0.0427527 0.0521851 0.0608755 0.0678975 0.0725012 0.0743706 0.0736392 0.0707205 0.0661317 0.0603925 0.0539724 0.0472571 0.0405355 0.0340109 0.0278277 0.0220985 0.0169256 0.0124086 0.00863399 0.00565152 0.00344983
 0.0106791 0.0168393 0.0243988 0.0329914 0.0421896 0.05145 0.0600215 0.0670287 0.0717501 0.0738604 0.0734482 0.0708623 0.0665576 0.0610114 0.0546801 0.0479629 0.0411772 0.0345575 0.0282718 0.0224472 0.0171917 0.012605 0.00877216 0.00574223 0.00350401
 0.0106961 0.0168553 0.0243996 0.0329527 0.0420778 0.0512284 0.0596597 0.0665172 0.0711144 0.0731693 0.072806 0.0703831 0.0663295 0.0610677 0.0549917 0.0484536 0.0417527 0.0351329 0.0287886 0.0228759 0.0175256 0.0128512 0.00894399 0.00585477 0.00357229
 0.0106234 0.0167602 0.0242984 0.0328723 0.0420446 0.0512519 0.0597205 0.0665671 0.0710929 0.0730279 0.0725315 0.070009 0.0659301 0.0607354 0.054805 0.0484505 0.041921 0.0354212 0.02913 0.0232106 0.0178142 0.0130766 0.00910572 0.00596201 0.00363787
 0.0105472 0.01664 0.0241258 0.0326457 0.0417737 0.0509615 0.0594502 0.0663615 0.0709831 0.0730141 0.0725793 0.0700659 0.0659532 0.0607152 0.0547697 0.0484493 0.0419978 0.0355922 0.0293781 0.0234959 0.0180927 0.0133149 0.00928798 0.00608799 0.00371696
 0.0104118 0.0164357 0.0238474 0.0322988 0.0413726 0.0505268 0.059008 0.0659457 0.0706349 0.0727762 0.0724829 0.0701175 0.0661294 0.0609709 0.0550579 0.048741 0.0422877 0.0358902 0.0296914 0.0238177 0.0184022 0.0135871 0.00950468 0.00624373 0.00381799
 0.0101231 0.0160049 0.0232712 0.0316004 0.0405965 0.0497279 0.0582441 0.0652728 0.0701045 0.0724298 0.0723473 0.0702014 0.0664212 0.0614381 0.0556501 0.0493987 0.0429566 0.0365312 0.0302829 0.0243485 0.0188633 0.0139693 0.00980168 0.00645676 0.00395752
 0.00991354 0.0156809 0.0228158 0.0310114 0.0398894 0.0489381 0.057428 0.0645034 0.0694581 0.0719687 0.072107 0.0701887 0.0666215 0.0618234 0.0561833 0.0500353 0.0436472 0.0372271 0.0309427 0.0249425 0.019373 0.0143851 0.0101214 0.00668584 0.00410859
 0.00982127 0.0155324 0.0225951 0.0307047 0.0394877 0.0484419 0.0568529 0.0638835 0.0688441 0.07142 0.071681 0.0699302 0.0665548 0.0619499 0.0564845 0.0504779 0.0441885 0.0378203 0.0315415 0.025506 0.0198702 0.0147966 0.0104399 0.00691486 0.0042604
 0.00994171 0.0156839 0.0227412 0.030784 0.0394304 0.0481959 0.0564059 0.0632692 0.0681304 0.0706892 0.0710129 0.0693922 0.0661964 0.061799 0.0565449 0.0507304 0.0445949 0.0383303 0.0321002 0.0260612 0.0203783 0.0152271 0.0107776 0.00715949 0.00442312
 0.0107542 0.0168333 0.024152 0.0322736 0.040755 0.049128 0.0568007 0.0630902 0.0674367 0.0696056 0.0696988 0.0680133 0.0649002 0.0606958 0.0556999 0.0501652 0.0442954 0.0382565 0.0321962 0.0262651 0.0206311 0.0154806 0.0109986 0.00733115 0.004543
 0.0115635 0.0180919 0.0259315 0.0345806 0.0435048 0.052121 0.0597158 0.0655255 0.0690093 0.0700729 0.0690345 0.0663982 0.0626423 0.0581331 0.0531266 0.0477962 0.0422609 0.0366124 0.0309422 0.0253625 0.02002 0.0150934 0.0107707 0.00720777 0.00448231
 0.0112989 0.017807 0.0257709 0.0347679 0.0442821 0.0536495 0.0619852 0.0683196 0.0719454 0.072695 0.0709258 0.067281 0.06244 0.0569733 0.0512858 0.0456098 0.0400374 0.0345801 0.0292334 0.024025 0.01904 0.0144205 0.0103385 0.00694908 0.00433881
 0.0108034 0.0170786 0.0248259 0.033692 0.0432339 0.0528489 0.0616831 0.0687419 0.0732097 0.0747311 0.0734497 0.069855 0.0646017 0.058375 0.0517844 0.0452771 0.0391005 0.0333281 0.0279308 0.022859 0.0181074 0.0137422 0.0098862 0.00667184 0.00418272
 0.0106121 0.0167511 0.0243057 0.0329255 0.042195 0.0515742 0.060303 0.0674828 0.0723526 0.0745341 0.0740594 0.0712405 0.0665393 0.0605012 0.053703 0.0466809 0.0398534 0.033476 0.0276458 0.0223551 0.0175675 0.0132808 0.00954872 0.00645449 0.00405791
 0.0106513 0.016774 0.0242634 0.0327434 0.0417879 0.0508737 0.0592894 0.0662096 0.0709565 0.0732259 0.0730898 0.0708393 0.0668405 0.0614815 0.055171 0.0483307 0.0413659 0.034621 0.0283388 0.0226476 0.0175891 0.013171 0.0094109 0.00634221 0.00398547
 0.0107481 0.0169131 0.0244364 0.0329243 0.0419315 0.0509177 0.059161 0.0658409 0.0703099 0.0723229 0.0720312 0.0698 0.066033 0.0610939 0.0552994 0.0489371 0.0422853 0.0356223 0.0292103 0.0232652 0.0179355 0.0133066 0.0094235 0.00630624 0.00394483
 0.0107616 0.0169454 0.0245033 0.0330446 0.042118 0.0511656 0.0594369 0.0660813 0.0704321 0.0722477 0.0717108 0.0692433 0.0653191 0.0603633 0.0547174 0.0486377 0.0423193 0.0359369 0.0296756 0.0237333 0.0182993 0.0135275 0.0095211 0.00632681 0.0039321
 0.0106583 0.0167983 0.0243211 0.0328506 0.0419465 0.0510531 0.0594126 0.0661577 0.0705973 0.0724608 0.0719061 0.0693478 0.0652795 0.0601728 0.0544281 0.0483469 0.0421316 0.0359189 0.0298274 0.0239942 0.0185826 0.0137623 0.00967582 0.0064071 0.00396247
 0.0107063 0.0168633 0.0243954 0.0329206 0.0419984 0.0510813 0.0594257 0.0661767 0.0706458 0.0725515 0.0720304 0.0694732 0.0653575 0.060157 0.0542957 0.0481147 0.0418555 0.0356728 0.0296705 0.0239461 0.0186207 0.0138409 0.00975257 0.00645946 0.00398819
 0.0107344 0.0168994 0.0244318 0.0329433 0.0419904 0.0510279 0.0593212 0.0660282 0.0704754 0.0723928 0.0719198 0.0694371 0.0654001 0.0602556 0.0544089 0.0482014 0.0418944 0.0356717 0.0296586 0.0239543 0.018663 0.0139097 0.00982778 0.00652236 0.00403027
 0.0106753 0.0168266 0.0243644 0.0329114 0.0420236 0.0511399 0.0594973 0.0662276 0.0706464 0.0724943 0.0719371 0.0693839 0.0653085 0.0601596 0.0543297 0.0481413 0.041843 0.035618 0.0296018 0.023904 0.0186317 0.0139026 0.00983986 0.00654289 0.00404949
 0.0107573 0.016936 0.024486 0.0330197 0.042094 0.0511641 0.0594917 0.0662264 0.0706809 0.0725722 0.0720361 0.0694645 0.0653365 0.0601229 0.05424 0.0480226 0.0417178 0.0355 0.0294967 0.0238153 0.018563 0.0138566 0.00981539 0.00653442 0.00404976
 0.0108167 0.0170257 0.0246076 0.0331671 0.0422527 0.0513109 0.0595987 0.0662698 0.0706524 0.0724868 0.071927 0.0693666 0.0652686 0.0600814 0.0542072 0.0479819 0.0416628 0.0354345 0.0294293 0.0237539 0.018513 0.0138207 0.00979357 0.00652414 0.00404698
 0.0107786 0.0169797 0.0245671 0.033154 0.0422901 0.0514125 0.0597595 0.0664642 0.0708414 0.0726311 0.0720013 0.0693673 0.0652128 0.0599962 0.0541165 0.0478977 0.0415861 0.0353617 0.0293588 0.0236878 0.0184556 0.0137756 0.00976211 0.006505 0.00403712
 0.010883 0.0171289 0.0247546 0.0333625 0.042499 0.0516079 0.0599405 0.0666386 0.071015 0.0727961 0.0721334 0.0694348 0.065191 0.0598801 0.0539228 0.047657 0.0413305 0.0351156 0.0291367 0.023497 0.0182991 0.0136542 0.00967414 0.00644623 0.00400131
 0.0111428 0.0175409 0.0253529 0.0341657 0.0434993 0.0527589 0.0611495 0.0677758 0.071943 0.0734081 0.0723781 0.0693171 0.0647555 0.0591918 0.0530555 0.0466878 0.0403351 0.0341615 0.0282759 0.0227624 0.0177051 0.0131999 0.00934702 0.00622621 0.00386423
 0.0109929 0.0173296 0.0250966 0.0339043 0.0432904 0.0526651 0.061223 0.068044 0.0723968 0.073997 0.0730177 0.0699105 0.0652194 0.0594755 0.0531456 0.0466021 0.0401118 0.0338492 0.0279249 0.022417 0.0173981 0.0129499 0.00915959 0.00609677 0.00378215
 0.0109291 0.017211 0.0248927 0.0335831 0.0428338 0.0520886 0.0605904 0.0674627 0.0719893 0.07386 0.0731891 0.0703581 0.065854 0.06018 0.0538086 0.0471422 0.0404897 0.0340647 0.0280057 0.0224041 0.0173336 0.0128682 0.00908326 0.00603697 0.0037412
 0.011191 0.0176041 0.0254211 0.0342234 0.0435338 0.0527725 0.0611682 0.0678477 0.0721242 0.0737422 0.0728765 0.069947 0.0654402 0.0598239 0.0535217 0.0468989 0.0402509 0.0338014 0.0277106 0.0220914 0.0170293 0.0125986 0.00886642 0.00587865 0.00363639
 0.0111842 0.0176095 0.0254592 0.0343221 0.0437196 0.0530565 0.0615333 0.0682458 0.0724867 0.0739999 0.0729825 0.0698939 0.0652621 0.0595823 0.0532795 0.0466957 0.0400936 0.0336715 0.0275832 0.021951 0.0168767 0.0124467 0.00873134 0.00577185 0.00356125
 0.011208 0.0176475 0.025516 0.0344034 0.0438343 0.0532164 0.0617509 0.0685271 0.0728212 0.0743543 0.0733025 0.0701188 0.0653461 0.059513 0.053082 0.0464208 0.0397952 0.0333881 0.0273308 0.0217297 0.0166816 0.0122767 0.00858961 0.0056621 0.00348387
 0.010906 0.017202 0.0249307 0.0337133 0.0430978 0.0525025 0.0611282 0.0680591 0.0725623 0.0743411 0.0735424 0.0705811 0.0659641 0.0601985 0.0537489 0.0470068 0.0402717 0.0337553 0.0276035 0.0219249 0.0168131 0.0123564 0.00862987 0.00567636 0.00348431
 0.0104903 0.0165674 0.0240543 0.032606 0.0418067 0.0511097 0.0597489 0.0668322 0.0716283 0.0738107 0.0734721 0.0709643 0.0667389 0.0612623 0.0549771 0.0482728 0.0414676 0.0348068 0.0284737 0.0226079 0.0173229 0.0127169 0.00886947 0.00582443 0.00356852
 0.0101852 0.0160842 0.0233519 0.0316581 0.0406098 0.0496954 0.058196 0.0652685 0.0702146 0.0727096 0.0728145 0.0708252 0.0671265 0.0621199 0.0561954 0.0497103 0.0429753 0.0362518 0.0297572 0.023673 0.0181522 0.0133235 0.00928542 0.00609045 0.00372613
 0.0103698 0.0163488 0.0236824 0.0320133 0.0409265 0.0498991 0.0582146 0.0650471 0.0697309 0.0719896 0.0719375 0.0699134 0.0663177 0.0615342 0.0559064 0.0497312 0.0432615 0.0367183 0.0303046 0.0242119 0.01862 0.0136892 0.00954562 0.00625959 0.00382658
 0.0104887 0.0165394 0.0239625 0.0323931 0.0414006 0.0504369 0.0587533 0.0654957 0.0699895 0.071978 0.0716222 0.0693215 0.0655341 0.0606832 0.0551225 0.049126 0.042898 0.036601 0.030387 0.0244189 0.0188738 0.0139295 0.00973837 0.00639504 0.00391124
 0.0105669 0.0166833 0.0242095 0.032787 0.0419785 0.0512099 0.0596875 0.0665055 0.0709487 0.0727449 0.0720704 0.0693685 0.0651617 0.0599457 0.054137 0.0480455 0.0418742 0.0357487 0.0297634 0.0240224 0.018661 0.01384 0.0097162 0.00640062 0.00392285
 0.0101915 0.0161818 0.0236568 0.0323216 0.0417672 0.0513884 0.0603087 0.0675213 0.072228 0.0741093 0.0733308 0.0703549 0.0657496 0.0600766 0.0538297 0.0473912 0.0410137 0.0348371 0.0289327 0.0233557 0.0181849 0.0135359 0.00954191 0.00631051 0.00388039
 0.00948352 0.0151256 0.0222488 0.0306357 0.0399523 0.0496529 0.0588957 0.0666697 0.0721131 0.0747806 0.074682 0.0721495 0.0676904 0.061885 0.0553043 0.0484341 0.0416284 0.0351042 0.0289725 0.0232877 0.018098 0.0134764 0.00951944 0.0063145 0.00389555
#obs surv len freq
 nan nan nan nan nan nan nan nan nan nan nan nan nan nan nan nan nan nan nan nan nan nan nan nan nan
 0.00448983 0.00735341 0.0111853 0.0160026 0.0217029 0.0279769 0.0342888 0.0400176 0.044695 0.048157 0.0505134 0.0520081 0.0528993 0.0534109 0.0537246 0.053979 0.0542573 0.0545498 0.0546884 0.0542803 0.0527184 0.0493509 0.0438013 0.0362822 0.0276667
 0.00461421 0.00756025 0.0115047 0.0164642 0.0223282 0.0287674 0.0352153 0.0410175 0.0456822 0.0490401 0.0512136 0.0524704 0.0530973 0.0533456 0.0534194 0.0534721 0.0535925 0.0537702 0.0538333 0.0533867 0.0518256 0.0485023 0.0430421 0.0356506 0.0271841
 0.00477618 0.00782349 0.011901 0.017024 0.0230755 0.0297113 0.0363397 0.0422747 0.0469944 0.0503098 0.052337 0.0533515 0.0536611 0.0535474 0.0532494 0.0529526 0.05277 0.0527053 0.0525931 0.0520421 0.0504518 0.0471798 0.0418505 0.0346558 0.0264223
 0.00496605 0.0081343 0.0123727 0.0176947 0.0239742 0.030846 0.0376855 0.0437706 0.048552 0.0518289 0.053719 0.0545051 0.0545042 0.054011 0.0532856 0.0525425 0.0519287 0.0514806 0.0510607 0.0503 0.048616 0.0453777 0.0402078 0.0332751 0.0253611
 0.00517824 0.00848185 0.0129007 0.0184469 0.024985 0.0321272 0.0392125 0.0454768 0.0503379 0.0535801 0.0553242 0.0558665 0.0555394 0.0546522 0.0534782 0.0522481 0.051132 0.0501987 0.0493511 0.0482645 0.0463977 0.0431484 0.0381436 0.0315225 0.0240059
 0.00541134 0.00886293 0.0134783 0.0192678 0.0260858 0.0335204 0.040872 0.0473325 0.0522847 0.055497 0.0570928 0.057382 0.0567145 0.0554163 0.0537753 0.0520351 0.050381 0.0489059 0.0475514 0.0460464 0.0439105 0.040592 0.0357363 0.0294544 0.0223935
 0.00564601 0.00924871 0.0140669 0.0201103 0.0272229 0.034967 0.0426014 0.0492709 0.0543213 0.0575056 0.0589516 0.0589845 0.0579726 0.0562592 0.0541461 0.0518886 0.0496834 0.0476416 0.0457384 0.0437575 0.0412886 0.0378466 0.0331112 0.0271717 0.0205978
 0.00589802 0.00965833 0.0146835 0.0209804 0.0283821 0.0364274 0.0443372 0.0512123 0.0563626 0.0595239 0.0608254 0.0606058 0.0592521 0.0571261 0.0545454 0.0517765 0.0490254 0.0464169 0.0439546 0.0414735 0.0386359 0.0350319 0.0303873 0.0247785 0.0186991
 0.00612121 0.0100285 0.0152541 0.0218055 0.0295051 0.0378637 0.0460574 0.0531373 0.0583776 0.0615021 0.0626489 0.0621763 0.0604905 0.0579695 0.0549433 0.0516875 0.0484151 0.0452621 0.0422561 0.0392789 0.0360629 0.0322758 0.0276952 0.022393 0.0167924
 0.00637245 0.0104371 0.0158695 0.0226745 0.0306635 0.039323 0.0477899 0.0550693 0.0603971 0.0634787 0.0644552 0.0637032 0.0616555 0.0587166 0.0552372 0.0515045 0.0477366 0.0440746 0.0405629 0.0371221 0.0335487 0.0295844 0.0250608 0.0200504 0.0149123
 0.00659357 0.0108021 0.0164287 0.0234778 0.0317499 0.0407045 0.0494356 0.0569015 0.0623035 0.0653355 0.0661468 0.0651327 0.0627467 0.0594135 0.0555021 0.0513144 0.0470786 0.0429437 0.0389688 0.0351065 0.0312081 0.0270813 0.022608 0.0178641 0.0131522
 0.00682416 0.0111789 0.0169995 0.0242881 0.0328344 0.0420725 0.0510565 0.0586986 0.0641644 0.0671323 0.0677588 0.0664606 0.0637188 0.0599845 0.0556482 0.0510264 0.0463553 0.0417906 0.0374035 0.0331738 0.0289985 0.0247417 0.0203288 0.0158384 0.0115228
 0.00703791 0.0115307 0.0175366 0.0250567 0.0338694 0.0433826 0.0526088 0.0604145 0.0659309 0.068825 0.0692626 0.067682 0.0645901 0.0604636 0.0557158 0.0506802 0.0456043 0.0406511 0.0359022 0.0313594 0.0269569 0.0226048 0.0182635 0.0140121 0.0100583
 0.00725917 0.0118921 0.0180836 0.0258318 0.0349036 0.0446812 0.0541369 0.0620921 0.067644 0.0704471 0.0706769 0.0687957 0.0653401 0.0608163 0.0556625 0.0502307 0.0447795 0.0394793 0.0344207 0.0296223 0.0250473 0.0206415 0.0163911 0.0123724 0.00875215
 0.00742802 0.0121734 0.0185194 0.0264651 0.035769 0.0457904 0.0554641 0.0635696 0.0691715 0.0719118 0.071972 0.0698328 0.0660545 0.0611688 0.0556383 0.0498355 0.0440346 0.038417 0.0330834 0.0280678 0.0233561 0.0189205 0.0147648 0.0109588 0.0076328
 0.00749793 0.0122911 0.0187051 0.0267424 0.0361635 0.0463244 0.0561505 0.0644043 0.0701293 0.0729449 0.0730132 0.0708025 0.0668714 0.0617611 0.0559519 0.0498387 0.0437183 0.0377928 0.032183 0.0269432 0.0220823 0.0175944 0.0134957 0.00984812 0.00675009
 0.0075949 0.0124377 0.0189054 0.0269947 0.0364625 0.0466665 0.0565359 0.0648373 0.0706153 0.0734855 0.0736003 0.0714132 0.0674654 0.0622831 0.05634 0.0500352 0.0436798 0.0374983 0.0316374 0.0261794 0.0211611 0.0165999 0.0125235 0.00898686 0.00606085
 0.00766445 0.0125478 0.019065 0.0272087 0.0367292 0.0469753 0.0568668 0.0651649 0.0709185 0.073757 0.0738502 0.0716613 0.0677276 0.0625576 0.0566012 0.0502375 0.043769 0.0374263 0.0313759 0.0257298 0.0205576 0.0159055 0.0118175 0.00834579 0.00553986
 0.00771852 0.0126319 0.0191847 0.0273663 0.0369243 0.0472034 0.0571187 0.0654258 0.0711696 0.0739799 0.0740327 0.0718026 0.0678381 0.0626534 0.0566934 0.0503214 0.0438209 0.0374086 0.0312511 0.025476 0.0201804 0.0154407 0.0113221 0.00788128 0.00515409
 0.00775262 0.0126816 0.0192487 0.0274405 0.0370026 0.0472811 0.0571943 0.0655016 0.0712496 0.0740676 0.0741292 0.0719058 0.0679443 0.0627592 0.0567968 0.0504194 0.0439041 0.0374579 0.0312403 0.0253813 0.019993 0.0151745 0.0110125 0.0075736 0.00488813
 0.00781335 0.0127706 0.0193644 0.0275744 0.0371413 0.0474094 0.0572986 0.0655727 0.0712844 0.074071 0.0741124 0.0718835 0.0679291 0.0627589 0.0568125 0.0504469 0.0439348 0.0374788 0.0312338 0.0253295 0.0198842 0.0150111 0.0108131 0.00736738 0.00470407
 0.00784779 0.0128288 0.0194554 0.0277061 0.0373168 0.0476213 0.0575265 0.0657849 0.0714475 0.0741611 0.0741234 0.0718269 0.0678285 0.0626403 0.0566977 0.0503487 0.0438565 0.0374147 0.0311722 0.0252561 0.0197874 0.0148874 0.01067 0.00722113 0.00457297
 0.00789129 0.0128932 0.019541 0.02781 0.0374347 0.0477503 0.0576653 0.0659313 0.0715945 0.074294 0.0742223 0.0718735 0.0678142 0.0625701 0.0565883 0.050222 0.0437311 0.0373014 0.0310721 0.0251629 0.0196927 0.0147858 0.0105627 0.00711573 0.00447968
 0.00789191 0.0128941 0.0195422 0.0278111 0.0374349 0.0477487 0.0576615 0.0659271 0.0715949 0.0743064 0.0742536 0.0719247 0.0678779 0.062633 0.0566368 0.0502486 0.0437367 0.0372916 0.0310529 0.0251367 0.0196584 0.0147417 0.0105098 0.00705888 0.00442597
 0.00788383 0.0128771 0.0195098 0.0277555 0.03735 0.0476338 0.0575246 0.0657844 0.0714671 0.074213 0.0742084 0.0719342 0.0679406 0.0627393 0.0567706 0.0503909 0.04387 0.0374044 0.0311401 0.0251978 0.0196951 0.0147565 0.0105063 0.00704274 0.00440403
 0.00787938 0.012865 0.0194824 0.0277028 0.0372614 0.0475028 0.0573524 0.0655825 0.0712559 0.074019 0.0740582 0.0718493 0.0679328 0.0628083 0.0569046 0.0505694 0.0440688 0.0376004 0.0313151 0.025341 0.0198022 0.0148285 0.0105481 0.00706158 0.00440792
 0.00788877 0.0128782 0.0194981 0.0277175 0.037269 0.0474949 0.057319 0.0655149 0.07115 0.0738792 0.0738991 0.0716936 0.0678061 0.0627323 0.0568912 0.0506182 0.0441678 0.0377301 0.031454 0.0254703 0.0199091 0.0149075 0.0105997 0.00709042 0.00442076
 0.00788635 0.0128722 0.0194852 0.0276935 0.03723 0.0474386 0.0572464 0.0654295 0.0710566 0.0737818 0.0738012 0.0716001 0.0677249 0.0626747 0.0568697 0.0506417 0.0442377 0.0378386 0.0315857 0.0256066 0.0200333 0.0150082 0.0106726 0.00713738 0.00444731
 0.00788015 0.0128632 0.0194737 0.0276798 0.0372141 0.0474194 0.0572211 0.0653949 0.0710104 0.0737243 0.0737353 0.0715309 0.0676581 0.0626169 0.0568284 0.0506248 0.0442518 0.0378856 0.031661 0.0256993 0.0201293 0.0150945 0.010741 0.00718518 0.00447682
 0.00784127 0.0127995 0.0193771 0.027544 0.0370369 0.0472063 0.0569883 0.0651671 0.0708154 0.0735844 0.073662 0.0715236 0.0677078 0.0627106 0.0569532 0.0507703 0.0444107 0.0380532 0.0318323 0.0258673 0.0202851 0.0152288 0.0108471 0.0072615 0.0045263
 0.00781846 0.0127592 0.0193106 0.0274412 0.0368891 0.04701 0.0567493 0.0649026 0.0705516 0.073352 0.0734891 0.0714298 0.0677003 0.0627838 0.0570916 0.0509539 0.04462 0.0382719 0.0320481 0.0260708 0.0204677 0.0153836 0.0109694 0.00735041 0.0045852
 0.00779453 0.0127197 0.0192499 0.0273534 0.0367686 0.0468533 0.0565571 0.0646814 0.0703148 0.0731187 0.0732829 0.0712747 0.0676166 0.0627828 0.0571732 0.0511063 0.0448237 0.0385041 0.0322876 0.0262998 0.0206733 0.0155568 0.0111057 0.00744964 0.00465145
 0.00777428 0.0126841 0.0191916 0.0272639 0.036641 0.0466852 0.0563532 0.0644543 0.070082 0.072899 0.073093 0.0711292 0.0675278 0.0627609 0.0572235 0.0512276 0.0450059 0.0387298 0.0325346 0.0265459 0.0208993 0.0157495 0.0112579 0.00756071 0.0047258
 0.00775041 0.0126458 0.0191349 0.027185 0.0365367 0.0465534 0.0561945 0.0642733 0.0698878 0.0727051 0.0729155 0.0709839 0.0674284 0.0627171 0.057241 0.0513074 0.0451439 0.0389155 0.0327519 0.0267744 0.0211185 0.0159422 0.0114136 0.00767598 0.00480376
 0.00932625 0.0148505 0.0217933 0.0299143 0.0388578 0.0480696 0.0567313 0.0639041 0.0688507 0.0712806 0.0713389 0.0694145 0.0659588 0.0613962 0.0560921 0.0503391 0.0443555 0.0382989 0.0322921 0.0264504 0.0209049 0.0158118 0.0113409 0.00763965 0.00478798
 0.00930543 0.0151091 0.0226978 0.0319193 0.042308 0.0529319 0.0624257 0.0693985 0.0730282 0.0733809 0.0712087 0.0674483 0.0628262 0.0577548 0.0524257 0.0469328 0.0413452 0.0357334 0.030175 0.0247616 0.0196089 0.0148616 0.0106803 0.00720786 0.00452487
 0.0089827 0.0145995 0.0219805 0.0310416 0.0414392 0.0523998 0.0626783 0.0708429 0.0757858 0.0771051 0.0751283 0.0706603 0.064673 0.0580521 0.0514314 0.045134 0.0392296 0.0336566 0.0283381 0.0232479 0.0184304 0.0139922 0.0100746 0.00681201 0.00428402
 0.00878006 0.0142668 0.0214746 0.0303234 0.0404892 0.0512476 0.0614412 0.0697536 0.0751749 0.0773115 0.0763464 0.0727961 0.0673102 0.0605865 0.0533147 0.0460832 0.039283 0.0330752 0.0274461 0.0223105 0.0176076 0.0133496 0.00961637 0.00651066 0.00410109
 0.00873769 0.0141818 0.0213162 0.0300516 0.0400627 0.0506377 0.0606491 0.0688256 0.0742145 0.0764833 0.0758612 0.0728599 0.0680365 0.0619104 0.0549726 0.0476959 0.0405085 0.0337391 0.0275759 0.0220711 0.0171989 0.0129289 0.00927006 0.00626486 0.00394599
 0.00869933 0.0141218 0.0212292 0.0299311 0.0398982 0.0504124 0.0603408 0.068414 0.0736942 0.0758805 0.0752474 0.0723539 0.0677836 0.0620355 0.0555182 0.048579 0.041532 0.0346663 0.0282277 0.0223881 0.0172362 0.0128003 0.00908645 0.00609824 0.0038255
 0.0086874 0.0141024 0.0212 0.0298899 0.0398428 0.0503404 0.0602484 0.0682938 0.073534 0.0756653 0.074969 0.072025 0.0674512 0.0617809 0.0554345 0.0487297 0.0419111 0.0351873 0.0287559 0.0228007 0.0174716 0.0128697 0.00904759 0.00601597 0.00374533
 0.00869068 0.0141071 0.0212058 0.0298957 0.0398469 0.0503403 0.0602407 0.0682741 0.0734963 0.0756021 0.0748711 0.071885 0.0672703 0.0615779 0.0552505 0.0486202 0.0419232 0.0353328 0.028998 0.023068 0.0176922 0.013003 0.00909409 0.00600426 0.00370961
 0.00867163 0.014079 0.0211687 0.0298518 0.0397995 0.0502932 0.0601971 0.0682364 0.0734654 0.0755766 0.0748474 0.0718563 0.0672295 0.0615206 0.0551815 0.0485573 0.0418941 0.035363 0.0290952 0.0232134 0.017848 0.0131312 0.00917407 0.00603742 0.00371165
 0.00865413 0.0140515 0.0211294 0.0297998 0.039736 0.0502219 0.0601243 0.0681704 0.0734143 0.0755457 0.0748369 0.0718619 0.0672433 0.061534 0.0551884 0.0485577 0.041896 0.0353803 0.0291402 0.0232884 0.0179417 0.0132236 0.00924664 0.00608209 0.00373144
 0.00867792 0.014086 0.0211735 0.0298497 0.0397856 0.0502645 0.0601543 0.0681839 0.0734098 0.0755244 0.0748023 0.0718186 0.0671952 0.0614836 0.0551367 0.0485057 0.0418467 0.03534 0.0291169 0.0232876 0.0179622 0.0132571 0.00928156 0.00610914 0.00374716
 0.00866579 0.0140721 0.0211631 0.0298506 0.0398054 0.0503061 0.0602132 0.0682484 0.0734657 0.0755599 0.0748123 0.0718046 0.0671634 0.0614413 0.0550899 0.0484587 0.0418026 0.0353018 0.0290884 0.0232725 0.0179616 0.0132683 0.00929876 0.00612596 0.00375947
 0.00863882 0.0140261 0.0210904 0.0297446 0.0396643 0.0501376 0.0600365 0.0680916 0.0733563 0.075515 0.0748325 0.0718766 0.0672672 0.0615582 0.0552066 0.0485673 0.0418994 0.035386 0.0291609 0.0233351 0.0180163 0.0133159 0.00933868 0.00615698 0.00378111
 0.00863793 0.0140235 0.021084 0.0297312 0.039639 0.0500947 0.0599716 0.0680041 0.0732528 0.0754096 0.0747444 0.0718232 0.0672573 0.0615894 0.0552676 0.0486437 0.0419789 0.0354603 0.0292263 0.023391 0.0180635 0.0133553 0.0093706 0.0061815 0.00379845
 0.0086191 0.0139962 0.0210491 0.0296913 0.0395977 0.0500546 0.059933 0.0679651 0.07321 0.0753613 0.0746921 0.0717736 0.0672208 0.0615766 0.0552843 0.0486885 0.0420438 0.0355347 0.0293002 0.0234578 0.0181201 0.0134009 0.00940577 0.00620724 0.00381606
 0.0086191 0.0139962 0.0210491 0.0296913 0.0395977 0.0500546 0.059933 0.0679651 0.07321 0.0753613 0.0746921 0.0717736 0.0672208 0.0615766 0.0552843 0.0486885 0.0420438 0.0355347 0.0293002 0.0234578 0.0181201 0.0134009 0.00940577 0.00620724 0.00381606
 0.00888911 0.0144201 0.0216573 0.0304968 0.0405879 0.051182 0.0611079 0.0690611 0.0740884 0.0759058 0.0748386 0.071522 0.0666282 0.0607378 0.0543092 0.0476805 0.0410848 0.0346785 0.0285744 0.0228701 0.017665 0.0130652 0.00917166 0.00605419 0.0037231
 0.00873753 0.0142127 0.0214181 0.0302747 0.0404459 0.0511783 0.0612775 0.0694061 0.0745765 0.0764757 0.0754102 0.0720115 0.0669666 0.0608869 0.0542689 0.047485 0.0407888 0.0343408 0.0282442 0.0225798 0.0174303 0.0128887 0.00904783 0.00597329 0.00367417
 0.00869527 0.0141184 0.0212319 0.0299521 0.0399595 0.0505462 0.0605819 0.0687819 0.0741686 0.0763843 0.0756547 0.0725294 0.0676419 0.0615902 0.0548922 0.0479616 0.0410986 0.0345017 0.0282959 0.0225666 0.017389 0.0128434 0.00901025 0.00594692 0.00365787
 0.00881301 0.0143047 0.0214999 0.0303024 0.0403716 0.0509701 0.0609403 0.0689905 0.0741721 0.0761894 0.0753348 0.0721923 0.0673799 0.0614429 0.0548409 0.0479519 0.0410736 0.0344263 0.0281651 0.022399 0.0172131 0.0126847 0.00888401 0.00585713 0.00360035
 0.00879214 0.0142819 0.0214865 0.0303165 0.0404336 0.051095 0.0611277 0.0692183 0.074397 0.0763575 0.0754013 0.0721436 0.0672432 0.0612749 0.054699 0.0478671 0.0410409 0.0344162 0.028146 0.0223536 0.017143 0.0126035 0.00880755 0.00579595 0.0035578
 0.00876577 0.0142328 0.0214019 0.0301842 0.0402484 0.0508676 0.0608904 0.0690193 0.0742845 0.0763583 0.0755081 0.0723184 0.0674357 0.0614456 0.0548337 0.0479748 0.041138 0.0345115 0.0282343 0.0224228 0.0171839 0.0126165 0.00880094 0.00578057 0.00354207
 0.00865825 0.0140614 0.0211509 0.0298419 0.0398111 0.050345 0.0603114 0.0684355 0.0737649 0.0759768 0.0753246 0.0723611 0.0676921 0.0618653 0.0553461 0.0485113 0.0416486 0.0349682 0.0286244 0.022741 0.0174286 0.012791 0.00891474 0.0058478 0.0035779
 0.00856344 0.0139037 0.0209075 0.029491 0.0393383 0.0497529 0.0596284 0.0677165 0.0730828 0.0754076 0.0749339 0.072195 0.0677707 0.0621785 0.0558527 0.0491457 0.0423357 0.0356392 0.0292292 0.0232503 0.0178315 0.0130898 0.00912111 0.00597957 0.00365512
 0.00846667 0.0137408 0.0206521 0.0291163 0.0388235 0.0490941 0.0588491 0.0668711 0.0722492 0.0746722 0.0743757 0.0718737 0.0677198 0.062402 0.0563248 0.0498138 0.0431272 0.0364734 0.0300306 0.0239606 0.018416 0.0135372 0.00943928 0.00618898 0.003782
 0.00862118 0.0139784 0.0209827 0.0295346 0.0393045 0.0495895 0.0592866 0.0671646 0.0723206 0.0744782 0.073927 0.0712349 0.0669919 0.0616965 0.0557375 0.049407 0.0429212 0.0364494 0.0301414 0.0241476 0.0186244 0.0137273 0.00958977 0.00629474 0.0038486
 0.0087361 0.0141823 0.0213191 0.03005 0.040031 0.0505204 0.0603562 0.0682474 0.0732566 0.075115 0.0741591 0.0710281 0.0663876 0.0607986 0.0546868 0.0483487 0.0419752 0.0356902 0.0295935 0.0237936 0.0184218 0.0136266 0.00954799 0.00628159 0.00384654
 0.00889391 0.0144434 0.0217206 0.0306292 0.0408178 0.0515233 0.0615466 0.0695492 0.0745485 0.0762466 0.0749776 0.0714097 0.066267 0.0601877 0.0536743 0.0470798 0.0406172 0.0343961 0.0284744 0.0229058 0.0177715 0.0131843 0.00926734 0.00611481 0.00375352
 0.00900899 0.0146386 0.0220293 0.0310871 0.0414545 0.0523496 0.0625424 0.0706586 0.075687 0.0773141 0.0758707 0.0720305 0.0665334 0.0600483 0.0531258 0.0461771 0.039469 0.0331429 0.027257 0.0218356 0.0169121 0.0125504 0.0088364 0.00584416 0.00359639
 0.00901246 0.0146517 0.022064 0.0311617 0.0415931 0.0525786 0.0628848 0.0711274 0.0762778 0.0779993 0.0765972 0.0727246 0.06711 0.0604245 0.0532368 0.0459926 0.0390051 0.0324639 0.0264622 0.0210345 0.0161969 0.0119771 0.00842079 0.00557053 0.00343238
#pred catch len freq
 0.00512775 0.00804851 0.0116107 0.0156731 0.020142 0.0249641 0.0300496 0.0352232 0.0402556 0.0449291 0.0490793 0.0526048 0.0554646 0.0576628 0.0592158 0.060118 0.0603253 0.059757 0.0582979 0.055788 0.0520237 0.0468213 0.0401701 0.0324038 0.0242441
 0.00525835 0.00818698 0.0116875 0.0155912 0.0198184 0.0243872 0.0293139 0.0345074 0.0397439 0.0447187 0.0491309 0.0527661 0.0555491 0.0575415 0.0588787 0.0596819 0.0599858 0.0597033 0.0586265 0.0564564 0.0528692 0.0476369 0.0407938 0.0327733 0.024393
