SBPRF35
7.78865
Curr Bio
552805
B35
666147
F35
0.224891
FOFL
0.198333
OFL
89524.9
Bzero
2.22533e+006
#pred survey bio
 4.55839e+006 4.25679e+006 3.98926e+006 3.68884e+006 3.3814e+006 3.05566e+006 2.75964e+006 2.42379e+006 2.13909e+006 1.88116e+006 1.65676e+006 1.48037e+006 1.32665e+006 1.19261e+006 1.03355e+006 920531 817866 756017 722995 688351 644881 626089 619634 605411 592202 579923 574181 575260 567150 569391 566139 561075 553891 541426 528190 515090 501062 498773 496720 503346 508086 498852 505459 518193 525133 534837 543449 552957 558155 564238 569941 573760 563035 556975 541464 540506 509858 477559 457703 459828 479296 484233 499271 522518 552212 2.06715e+007 1.26192e+007 1.29433e+007 1.35358e+007 1.42576e+007 1.49647e+007 1.55821e+007 1.60843e+007 1.64745e+007 1.67685e+007 1.69859e+007 1.71448e+007 1.72603e+007 1.73442e+007 1.74052e+007 1.74497e+007 1.74824e+007 1.75066e+007 1.75245e+007 1.7538e+007 1.7548e+007 1.75556e+007 1.75614e+007 1.75658e+007 1.75691e+007 1.75717e+007 1.75737e+007 1.75752e+007 1.75763e+007 1.75772e+007 1.75779e+007 1.75784e+007 1.75788e+007 1.75792e+007 1.75794e+007 1.75796e+007 1.75797e+007 1.75799e+007 1.75799e+007 1.758e+007 1.75801e+007 1.75801e+007 1.75801e+007 1.75802e+007 1.75802e+007 1.75802e+007 1.75802e+007 1.75802e+007 1.75802e+007 1.75802e+007 1.75802e+007 1.75802e+007 1.75802e+007 1.75802e+007 1.75802e+007 1.75802e+007 1.75802e+007 1.75802e+007 1.75802e+007 1.75802e+007 1.75802e+007 1.75802e+007 1.75802e+007 1.75802e+007 1.75802e+007 1.75802e+007 1.75802e+007 1.75802e+007 1.75802e+007 1.75802e+007 1.75802e+007 1.75802e+007 1.75802e+007 1.75802e+007 1.75802e+007 1.75802e+007 1.75802e+007 1.75802e+007 1.75802e+007 1.75802e+007 1.75802e+007 1.75802e+007 1.75802e+007 1.75802e+007 1.75802e+007 1.75802e+007 1.75802e+007 1.75802e+007 1.75802e+007 1.75802e+007 1.75802e+007 1.75802e+007 1.75802e+007 1.75802e+007 1.75802e+007 1.75802e+007 1.75802e+007 1.75802e+007 1.75802e+007 1.75802e+007 0 0 0 0 0 0 0 0 0 0 0 0 0 0 0 0 0 0 0 0 0 0 0 0 0
#obs survey bio
 5.19778e+006 3.45915e+006 2.67896e+006 3.57891e+006 2.77752e+006 2.84211e+006 1.97516e+006 2.41569e+006 1.50576e+006 1.67991e+006 1.46717e+006 1.05847e+006 975136 998212 921828 730803 957678 815710 661249 496070 614739 540046 485761 527835 488514 439237 599212 586287 632043 488344 605242 392338 547987 386296 564199 594709 422960 472676 797536 591403 508002 369538 606110 527591 405911 450106 404372 444784 755226 421693 776734 601256 617948 546289 567331 688257 462481 630028 435766 614244 525065 451412 587264 440133 603908
#pred catch bio
 119398 107204 163550 200051 249607 255441 322447 303785 303380 293006 265823 257393 247017 269932 227521 214900 176029 149177 148484 152394 127866 115171 118896 114461 110743 103250 96076.5 102439 92783.2 96960 97477 97662.2 99480.5 96436.9 92113 91096.6 84306.8 88490.3 83187.4 85518.7 97217 84024.5 79877 85706.3 84342.2 86223.3 86527.5 91214.9 91249.3 92150.8 93894 105725 101342 108527 94846.9 117721 116488 104775 86290.6 72646.2 85741 79045.1 76087.2 75602.6 72418 89524.9 101550 103024 106518 111505 116548 120897 124330 126886 128713 129979 130836 131406 131779 132021 132176 132275 132338 132378 132403 132419 132428 132435 132438 132441 132442 132443 132444 132444 132444 132444 132444 132445 132445 132445 132445 132445 132445 132445 132445 132445 132445 132445 132445 132445 132445 132445 132445 132445 132445 132445 132445 132445 132445 132445 132445 132445 132445 132445 132445 132445 132445 132445 132445 132445 132445 132445 132445 132445 132445 132445 132445 132445 132445 132445 132445 132445 132445 132445 132445 132445 132445 132445 132445 132445 132445 132445 132445 132445 132445 132445 132445 132445 132445 132445 132445 132445 132445 132445 132445 0 0 0 0 0 0 0 0 0 0 0 0 0 0 0 0 0 0 0 0 0 0 0 0 0
#obs catch bio
 0 106899 164427 201100 252357 257880 329567 308291 309240 299732 271670 264137 253752 278585 232194 219794 177980 150874 150191 155609 129190 116581 120416 115355 111177 104090 96461.6 102957 92893.7 97594 97913 98599.8 100363 97278.6 92765.5 90891.5 84523.5 89080.6 82923.7 84895.2 96947.8 83943.9 79833.4 85505.4 84403.1 86142.2 86382.1 91089.9 91111 92144.2 93447.7 105490 100826 108357 94007.5 116310 115268 103753 85902.9 71983.5 85345.6 78740 75904 75770.5 72354.2
#pred cpue bio
 4.48533e+006 4.18682e+006 3.92102e+006 3.62143e+006 3.31546e+006 2.99132e+006 2.69673e+006 2.36345e+006 2.08094e+006 1.82489e+006 1.60224e+006 1.42724e+006 1.27503e+006 1.14305e+006 987547 877333 777494 717472 685496 652025 610205 592412 586630 573499 561323 549732 544355 545716 538081 540299 537226 532502 525902 514391 502351 490466 476390 472376 469341 475958 480871 471891 478171 490545 497233 506526 514827 523925 528822 534649 540205 544023 533594 527546 512554 511980 482495 450905 431281 433344 452525 457367 471408 493132 521236 1.95492e+007 1.1951e+007 1.22139e+007 1.27194e+007 1.34099e+007 1.41102e+007 1.47263e+007 1.52283e+007 1.56184e+007 1.59124e+007 1.61298e+007 1.62887e+007 1.64042e+007 1.64881e+007 1.65491e+007 1.65937e+007 1.66264e+007 1.66505e+007 1.66685e+007 1.66819e+007 1.6692e+007 1.66996e+007 1.67053e+007 1.67097e+007 1.67131e+007 1.67156e+007 1.67176e+007 1.67191e+007 1.67202e+007 1.67211e+007 1.67218e+007 1.67224e+007 1.67228e+007 1.67231e+007 1.67233e+007 1.67235e+007 1.67237e+007 1.67238e+007 1.67239e+007 1.67239e+007 1.6724e+007 1.6724e+007 1.67241e+007 1.67241e+007 1.67241e+007 1.67241e+007 1.67241e+007 1.67241e+007 1.67241e+007 1.67241e+007 1.67242e+007 1.67242e+007 1.67242e+007 1.67242e+007 1.67242e+007 1.67242e+007 1.67242e+007 1.67242e+007 1.67242e+007 1.67242e+007 1.67242e+007 1.67242e+007 1.67242e+007 1.67242e+007 1.67242e+007 1.67242e+007 1.67242e+007 1.67242e+007 1.67242e+007 1.67242e+007 1.67242e+007 1.67242e+007 1.67242e+007 1.67242e+007 1.67242e+007 1.67242e+007 1.67242e+007 1.67242e+007 1.67242e+007 1.67242e+007 1.67242e+007 1.67242e+007 1.67242e+007 1.67242e+007 1.67242e+007 1.67242e+007 1.67242e+007 1.67242e+007 1.67242e+007 1.67242e+007 1.67242e+007 1.67242e+007 1.67242e+007 1.67242e+007 1.67242e+007 1.67242e+007 1.67242e+007 1.67242e+007 1.67242e+007 1.67242e+007 0 0 0 0 0 0 0 0 0 0 0 0 0 0 0 0 0 0 0 0 0 0 0 0 0
#obs cpue bio
 3.36851e+006 2.36647e+006 3.06309e+006 3.08072e+006 2.45045e+006 2.60266e+006 1.91945e+006 3.38072e+006 1.93002e+006 1.3169e+006 1.3455e+006 1.22286e+006 1.14677e+006 1.17123e+006 1.14636e+006 841735 830320 469626 673511 487268 762233 454010 694237 753414 816676 469485 578500 557274 504231 437070 534145 464215 525695 627998 457124 860159 350494 405768 536633 580404 433041 483945 382731 640553 474133 718523 717784 687611 394804 646160 567721 507126 557057 519185 690637 656559 530820 400166 371921 454660 411378 433471 376553 401641 568435
#pred surv len freq
 0.00463781 0.00749903 0.0112349 0.0158262 0.021189 0.0271083 0.0331956 0.0389631 0.0439918 0.0480623 0.0511624 0.0534118 0.0549813 0.0560372 0.0567001 0.0570214 0.056983 0.0565116 0.0554785 0.0536728 0.0507854 0.0464763 0.0405644 0.0332583 0.0252477
 0.00502896 0.00804683 0.0119007 0.0165307 0.0218489 0.0276867 0.0337284 0.0395341 0.0446647 0.0488117 0.0518544 0.0538496 0.0549932 0.0555562 0.0557985 0.0558874 0.0558528 0.0555846 0.0548488 0.0533069 0.0505573 0.0462429 0.0402391 0.0328417 0.0248049
 0.00516734 0.00831858 0.0123899 0.0173282 0.0230115 0.0291856 0.0354222 0.0412006 0.0460877 0.0498678 0.0525357 0.0542082 0.0550592 0.0553002 0.0551666 0.0548727 0.0545425 0.0541451 0.0534591 0.0520852 0.0495286 0.0453629 0.0394513 0.0321245 0.0241787
 0.0053676 0.00862512 0.0128213 0.0179032 0.0237624 0.0301668 0.0366974 0.042801 0.0479585 0.0518416 0.0543645 0.0556462 0.0559428 0.0555748 0.0548554 0.0540331 0.0532524 0.0525158 0.0516401 0.0502385 0.0477865 0.0438032 0.0381057 0.0310045 0.0232916
 0.00560685 0.00900647 0.0133803 0.0186661 0.0247406 0.0313516 0.0380588 0.0442963 0.0495455 0.0534824 0.0560061 0.0571898 0.0572338 0.0564337 0.0551342 0.0536602 0.0522443 0.0509638 0.0496898 0.0480687 0.0455824 0.0417287 0.0362823 0.0295049 0.0221423
 0.00585152 0.00940367 0.0139774 0.0195077 0.0258609 0.0327617 0.0397315 0.0461591 0.0514895 0.0553856 0.0577586 0.0587065 0.0584464 0.05727 0.0555046 0.0534686 0.0514223 0.0495072 0.0476788 0.0456626 0.0429939 0.039185 0.033985 0.0275958 0.0206863
 0.00601163 0.00967359 0.0144025 0.0201392 0.0267488 0.0339413 0.0412078 0.0478949 0.0534045 0.0573651 0.0596694 0.0604158 0.0598396 0.0582598 0.0560252 0.0534635 0.0508394 0.048315 0.0458977 0.0433929 0.0404197 0.0365467 0.0315277 0.025514 0.0190844
 0.00634866 0.0101971 0.0151467 0.0211237 0.0279817 0.0354217 0.0429215 0.0498051 0.055444 0.0594348 0.0616448 0.0621615 0.0612278 0.0591865 0.0564187 0.053281 0.0500579 0.0469284 0.0439302 0.0409255 0.0376124 0.033633 0.0287725 0.0231482 0.0172467
 0.00668579 0.0107333 0.0159308 0.022192 0.02935 0.0370752 0.044805 0.0518248 0.0574842 0.0613827 0.0634066 0.0636621 0.0624002 0.0599641 0.0567362 0.0530813 0.0492998 0.0455939 0.0420356 0.0385404 0.0348788 0.0307662 0.0260292 0.0207649 0.0153768
 0.00699947 0.0112397 0.0166866 0.0232482 0.0307432 0.0388126 0.0468467 0.0540742 0.0597964 0.0635896 0.0653483 0.0652128 0.0634816 0.0605416 0.0568027 0.0526377 0.0483442 0.0441243 0.0400673 0.0361315 0.0321538 0.027921 0.0233043 0.0183888 0.0135035
 0.00734555 0.0117837 0.0174719 0.0243057 0.0320905 0.0404499 0.0487481 0.0561771 0.061998 0.0657532 0.0673191 0.0668395 0.0646401 0.0611531 0.0568394 0.052112 0.0472892 0.0425786 0.0380755 0.0337613 0.0295203 0.0251984 0.0207077 0.0161258 0.0117164
 0.00758554 0.0121763 0.0180671 0.0251511 0.0332214 0.0418748 0.0504341 0.0580467 0.0639416 0.0676499 0.0690533 0.0683067 0.0657472 0.0618215 0.0570128 0.0517642 0.0464256 0.0412316 0.0362993 0.0316359 0.0271621 0.0227673 0.0183931 0.0141089 0.0101218
 0.00768279 0.012357 0.0183816 0.0256628 0.0339952 0.0429563 0.051828 0.0597041 0.0657625 0.0694999 0.0707865 0.0697889 0.0668728 0.0625205 0.0572478 0.0515226 0.0457141 0.0400755 0.0347463 0.0297625 0.0250803 0.0206251 0.0163596 0.0123412 0.00872603
 0.00770437 0.0124072 0.0184873 0.0258639 0.034342 0.0435024 0.0526175 0.0607572 0.0670609 0.0709778 0.0723323 0.0712614 0.0681286 0.0634411 0.0577555 0.0515824 0.0453257 0.0392639 0.0335584 0.0282699 0.0233857 0.0188613 0.0146754 0.0108729 0.00756493
 0.00797271 0.0128243 0.0190796 0.0266446 0.0353113 0.0446474 0.0539092 0.062147 0.0684815 0.0723487 0.0735678 0.0722775 0.0688498 0.0638085 0.0577335 0.0511628 0.0445264 0.0381244 0.0321356 0.0266385 0.0216413 0.0171195 0.0130607 0.00949511 0.00649235
 0.00810849 0.0130478 0.0194206 0.0271315 0.035964 0.0454671 0.0548701 0.0631959 0.0695491 0.0733663 0.0744788 0.0730389 0.069426 0.0641654 0.0578382 0.0509885 0.0440595 0.0373715 0.031127 0.0254302 0.0203138 0.015773 0.0118016 0.00841599 0.00565061
 0.00838267 0.0134637 0.019992 0.0278532 0.0368173 0.0464263 0.055904 0.064263 0.0705925 0.0743152 0.0752587 0.073588 0.0697089 0.0641768 0.0575946 0.0505152 0.0433808 0.0365092 0.0301071 0.0242918 0.0191149 0.0145893 0.0107153 0.00749768 0.0049419
 0.0085659 0.013743 0.0203771 0.0283395 0.0373858 0.0470463 0.0565371 0.064869 0.0711388 0.0747845 0.0756484 0.0738999 0.0699369 0.0643026 0.0575938 0.0503668 0.0430738 0.0360443 0.0294971 0.0235634 0.0183113 0.0137691 0.0099447 0.00683557 0.00442522
 0.0085968 0.0137947 0.0204573 0.0284556 0.0375426 0.0472432 0.056765 0.065112 0.0713793 0.0750102 0.0758575 0.0740998 0.0701367 0.0645026 0.0577784 0.0505053 0.0431288 0.0359835 0.0293034 0.0232408 0.0178862 0.0132865 0.00945942 0.00639955 0.00407455
 0.00851919 0.0136973 0.0203639 0.0284061 0.037582 0.0474042 0.0570531 0.0655008 0.0718186 0.0754414 0.0762291 0.0743789 0.0703136 0.064588 0.0577935 0.0504686 0.0430472 0.0358509 0.0291081 0.0229764 0.0175603 0.0129234 0.00909507 0.00607112 0.00380929
 0.00866787 0.0139072 0.0206224 0.0286861 0.0378551 0.0476586 0.0573031 0.065778 0.0721476 0.0758156 0.0766033 0.074685 0.070489 0.0646003 0.0576488 0.0502023 0.0427051 0.0354722 0.028717 0.0225841 0.0171736 0.0125528 0.00875684 0.00578336 0.00358492
 0.00865388 0.0138887 0.0206011 0.0286626 0.0378249 0.0476089 0.0572158 0.0656415 0.0719739 0.0756485 0.0765075 0.0747157 0.0706625 0.0648831 0.0579739 0.0505 0.0429274 0.0356006 0.0287552 0.0225467 0.0170787 0.0124201 0.00860768 0.00563895 0.00346217
 0.00848486 0.0136345 0.0202573 0.0282402 0.0373482 0.0471112 0.0567347 0.0652147 0.0716343 0.075421 0.0764104 0.0747647 0.0708692 0.0652469 0.0584695 0.051074 0.0435097 0.0361247 0.0291756 0.0228453 0.0172607 0.0125057 0.00862457 0.00561545 0.00342257
 0.0084709 0.013598 0.0201778 0.028092 0.0371098 0.0467778 0.0563282 0.0647821 0.0712343 0.0751053 0.07621 0.0746885 0.0709127 0.0654004 0.0587222 0.0514093 0.0438993 0.036528 0.029548 0.0231504 0.0174799 0.0126397 0.00868882 0.00563235 0.00341407
 0.00858772 0.0137605 0.0203706 0.0282807 0.0372471 0.0468153 0.05623 0.0645356 0.0708566 0.0746439 0.0757341 0.0742712 0.0706113 0.0652443 0.0587122 0.0515261 0.0441119 0.0367993 0.029838 0.0234211 0.0177024 0.0127996 0.00878725 0.00568174 0.00343146
 0.00860607 0.013804 0.0204596 0.028438 0.0374858 0.0471238 0.0565616 0.064815 0.0710031 0.0746029 0.075499 0.0738864 0.070155 0.0648026 0.0583551 0.0512931 0.0440102 0.0368106 0.0299285 0.0235521 0.0178382 0.0129148 0.00886933 0.00573061 0.0034547
 0.00857982 0.0137578 0.0203849 0.0283288 0.0373449 0.0469689 0.0564261 0.0647371 0.0710067 0.0746792 0.0756064 0.0739692 0.0701728 0.0647497 0.0582607 0.0512038 0.0439677 0.036836 0.0300187 0.0236855 0.0179859 0.0130506 0.00897657 0.00580404 0.00349823
 0.00856141 0.0137191 0.0203103 0.0281983 0.0371389 0.046677 0.0560568 0.0643236 0.0706041 0.0743529 0.0754117 0.0739322 0.0702802 0.0649569 0.0585135 0.0514618 0.0442142 0.0370729 0.0302523 0.0239156 0.0182027 0.0132398 0.00912656 0.00591094 0.00356623
 0.00867721 0.0138917 0.0205402 0.028473 0.0374331 0.0469552 0.0562767 0.0644429 0.0705914 0.0742003 0.0751424 0.0735961 0.0699378 0.0646588 0.0582865 0.0513071 0.044119 0.0370225 0.0302377 0.0239315 0.0182428 0.0132938 0.00918251 0.00595881 0.00360102
 0.00859445 0.0137784 0.0204087 0.0283468 0.0373394 0.0469122 0.0562845 0.0644824 0.0706325 0.0742143 0.0751129 0.0735242 0.0698417 0.0645674 0.0582286 0.0513013 0.044168 0.0371152 0.0303565 0.0240597 0.0183675 0.0134061 0.00927618 0.0060305 0.00365073
 0.00855364 0.0137134 0.0203143 0.0282224 0.0371926 0.0467622 0.0561616 0.0644201 0.0706529 0.0743144 0.0752617 0.0736749 0.069952 0.0646167 0.0582229 0.0512656 0.0441318 0.0371004 0.0303716 0.0241011 0.0184254 0.0134691 0.00933476 0.00607862 0.00368595
 0.0084094 0.0135073 0.0200564 0.0279395 0.0369197 0.0465303 0.0559889 0.0643131 0.0706134 0.0743454 0.0753655 0.0738452 0.0701676 0.0648442 0.0584284 0.0514277 0.0442481 0.0371835 0.0304387 0.0241651 0.0184907 0.0135333 0.00939266 0.00612571 0.00372031
 0.00826154 0.013278 0.0197336 0.0275234 0.0364275 0.0459993 0.0554771 0.0638895 0.0703401 0.0742572 0.0754608 0.0740921 0.0705193 0.0652525 0.0588499 0.0518267 0.0445994 0.0374749 0.0306713 0.0243481 0.018635 0.0136471 0.00948062 0.00619049 0.00376473
 0.00804273 0.0129552 0.0193088 0.0270194 0.0358808 0.0454496 0.0549601 0.0634384 0.0699891 0.0740423 0.0754121 0.0742225 0.0708162 0.0656783 0.0593519 0.0523503 0.0450986 0.0379183 0.0310427 0.0246448 0.0188631 0.013817 0.00960299 0.00627492 0.00381972
 0.00795687 0.0127989 0.0190446 0.0266075 0.0352947 0.0446978 0.0541008 0.0625741 0.0692384 0.0735034 0.0751388 0.0742227 0.0710645 0.0661296 0.05995 0.0530326 0.0458018 0.0385868 0.0316354 0.0251385 0.0192516 0.0141066 0.00980754 0.00641137 0.0039051
 0.00880581 0.0139819 0.020459 0.0280309 0.036443 0.0453214 0.0540686 0.0619039 0.068073 0.0720577 0.0736445 0.0728805 0.0700108 0.0654239 0.0595825 0.0529471 0.0459204 0.0388286 0.0319295 0.0254308 0.0195077 0.0143102 0.00995664 0.00651251 0.00396875
 0.00955577 0.0151809 0.0222132 0.0303913 0.0393553 0.048571 0.0572573 0.0645103 0.0696052 0.0722332 0.0724926 0.07071 0.0672756 0.0625686 0.05694 0.0507052 0.0441405 0.0374871 0.030959 0.0247513 0.0190448 0.0140033 0.0097594 0.00639104 0.00389803
 0.0092096 0.014776 0.0218977 0.030406 0.0399745 0.0500008 0.0595333 0.0674416 0.0727902 0.0751425 0.0746031 0.0716546 0.0669527 0.0611607 0.0548271 0.0483222 0.0418493 0.0355123 0.0293895 0.0235797 0.0182134 0.0134391 0.00939321 0.00616476 0.00376608
 0.00891195 0.0142965 0.0211952 0.0294748 0.0388815 0.0489224 0.0587616 0.0673228 0.0735927 0.0769118 0.0770891 0.0743672 0.0693261 0.062747 0.0554302 0.0480203 0.0409156 0.034285 0.0281572 0.0225227 0.017403 0.0128698 0.00902158 0.00593775 0.00363622
 0.0088637 0.0141836 0.0209609 0.0290437 0.0381784 0.0479073 0.0574721 0.0659056 0.0723046 0.0760727 0.0769858 0.0751338 0.0708599 0.0647169 0.057391 0.0495793 0.0418625 0.0346262 0.028055 0.0221917 0.0170225 0.0125454 0.00878999 0.00579273 0.00355467
 0.00887645 0.0142051 0.0209917 0.0290764 0.0381886 0.0478459 0.0572669 0.0654832 0.071631 0.0751993 0.0760695 0.0744088 0.070558 0.0649662 0.0581475 0.0506345 0.0429308 0.0354643 0.0285467 0.0223579 0.0169702 0.0123967 0.00863395 0.00567242 0.00347801
 0.0089855 0.0143809 0.021253 0.0294378 0.0386554 0.0484046 0.0578744 0.0660603 0.0720695 0.0753855 0.0759243 0.07393 0.0698427 0.0641916 0.0575062 0.0502531 0.0428189 0.0355251 0.0286418 0.0223821 0.0168899 0.0122412 0.00845765 0.00551973 0.00336884
 0.00893076 0.0142945 0.0211288 0.0292748 0.0384613 0.0481994 0.0576914 0.0659397 0.0720434 0.0754599 0.0760689 0.0740857 0.0699475 0.0642147 0.0574682 0.0502166 0.0428505 0.0356528 0.0288385 0.0225852 0.0170413 0.0123158 0.00846636 0.00549188 0.00333206
 0.00893615 0.0142851 0.0210816 0.0291579 0.0382435 0.0478653 0.0572547 0.0654477 0.0715682 0.07508 0.0758471 0.0740497 0.0700821 0.064469 0.0577789 0.0505346 0.0431557 0.0359476 0.0291272 0.0228579 0.0172749 0.012489 0.00857325 0.00554386 0.00334919
 0.00891693 0.0142694 0.0210848 0.0291995 0.0383359 0.0479999 0.0573944 0.0655354 0.0715505 0.074935 0.0755976 0.0737556 0.0698145 0.064282 0.0576932 0.0505396 0.0432243 0.0360528 0.0292503 0.0229859 0.0173954 0.0125894 0.00864463 0.00558543 0.00336755
 0.00888122 0.0142093 0.0209921 0.0290688 0.0381702 0.0478158 0.0572224 0.0654101 0.0714939 0.0749416 0.0756365 0.0737887 0.0698199 0.0642663 0.0576836 0.0505649 0.0432986 0.0361716 0.0293963 0.023139 0.0175381 0.012709 0.00873465 0.00564528 0.00340204
 0.00891391 0.014252 0.0210366 0.0291002 0.03817 0.0477676 0.0571193 0.0652595 0.071318 0.0747727 0.0755053 0.073712 0.0697949 0.0642754 0.0577084 0.0505975 0.0433427 0.036235 0.0294817 0.0232402 0.017643 0.0128048 0.00881198 0.00570052 0.00343676
 0.00886829 0.0141919 0.0209714 0.0290457 0.0381414 0.0477705 0.0571434 0.0652809 0.0713105 0.0747215 0.0754153 0.0736058 0.0697016 0.0642173 0.0576934 0.0506202 0.043392 0.0363015 0.0295599 0.0233259 0.0177305 0.0128866 0.00888084 0.0057523 0.00347131
 0.00884683 0.0141591 0.0209268 0.0289922 0.038087 0.0477287 0.0571312 0.0653123 0.0713879 0.0748292 0.0755225 0.0736793 0.0697211 0.0641842 0.0576267 0.0505452 0.0433292 0.0362612 0.0295441 0.0233315 0.0177519 0.0129167 0.00891267 0.00578018 0.00349216
 0.00878238 0.0140642 0.0208023 0.0288453 0.0379296 0.0475745 0.0569939 0.0652059 0.0713265 0.0748248 0.0755797 0.0737898 0.0698633 0.0643301 0.0577525 0.0506397 0.043395 0.0363092 0.0295853 0.023373 0.017795 0.0129595 0.00895142 0.0058118 0.00351522
 0.00871378 0.0139581 0.0206531 0.0286529 0.0377001 0.0473219 0.0567401 0.0649787 0.0711542 0.0747292 0.0755713 0.0738666 0.0700124 0.06453 0.0579766 0.0508617 0.0435945 0.0364762 0.0297196 0.0234798 0.0178806 0.0130282 0.00900534 0.00585197 0.00354298
 0.00872979 0.0139727 0.0206542 0.0286223 0.0376191 0.047179 0.0565381 0.0647372 0.0709047 0.0745072 0.0754077 0.0737819 0.0700137 0.0646108 0.0581195 0.0510425 0.043788 0.0366606 0.0298809 0.023612 0.0179843 0.0131069 0.00906337 0.00589306 0.00357042
 0.00882535 0.0141302 0.0208936 0.0289594 0.0380571 0.0476976 0.057087 0.0652407 0.0712815 0.074696 0.0753858 0.0735684 0.0696583 0.0641762 0.0576653 0.0506143 0.0434133 0.0363503 0.029634 0.023422 0.0178431 0.0130065 0.00899608 0.00585128 0.00354673
 0.00869946 0.01396 0.020702 0.028791 0.0379679 0.0477377 0.0572824 0.0655829 0.071727 0.0751744 0.0758158 0.0738784 0.0698062 0.0641591 0.0575149 0.0503818 0.043151 0.0360989 0.0294175 0.0232496 0.0177139 0.012915 0.00893503 0.0058132 0.00352482
 0.00865592 0.0138916 0.0206052 0.0286689 0.0378357 0.0476269 0.0572402 0.0656612 0.0719612 0.0755612 0.0763041 0.0743807 0.070226 0.0644221 0.0575891 0.050281 0.0429226 0.0358041 0.0291128 0.0229749 0.0174902 0.0127475 0.00881867 0.00573821 0.00348012
 0.00861821 0.0138135 0.0204574 0.0284156 0.0374461 0.0470928 0.056593 0.0649771 0.0713492 0.0751365 0.0761555 0.0745425 0.0706652 0.0650469 0.0582788 0.050923 0.0434423 0.0361754 0.0293489 0.0231098 0.0175607 0.0127824 0.00883605 0.00574746 0.00348546
 0.00894069 0.0143083 0.0211444 0.029287 0.0384604 0.0481717 0.0576224 0.0658211 0.0718819 0.0752822 0.0759162 0.0739956 0.069933 0.0642538 0.0575156 0.0502329 0.0428292 0.0356255 0.0288517 0.022667 0.0171828 0.0124798 0.00861178 0.00559468 0.00339023
 0.00917544 0.0146937 0.0217301 0.0301168 0.0395582 0.0495195 0.0591399 0.0673621 0.073256 0.0762984 0.0764294 0.073943 0.0693478 0.0632525 0.0562629 0.048896 0.0415402 0.034465 0.0278546 0.0218403 0.016521 0.0119725 0.00824411 0.00534588 0.00323472
 0.00915941 0.0146881 0.0217609 0.0302253 0.0397954 0.049935 0.0597657 0.0681966 0.0742514 0.0773558 0.0774099 0.074695 0.0697473 0.0632391 0.0558566 0.0481866 0.0406559 0.0335342 0.0269774 0.0210776 0.0158991 0.0114939 0.00789693 0.00511025 0.00308652
 0.00909723 0.0145633 0.0215319 0.0298463 0.0392372 0.0492137 0.0589645 0.0674599 0.0737481 0.0772233 0.0777056 0.0753761 0.0706827 0.0642492 0.0567656 0.0488694 0.0410633 0.0336884 0.0269459 0.02094 0.015723 0.0113241 0.00775668 0.00500686 0.00301759
 0.00910516 0.0145423 0.0214365 0.0296102 0.0387868 0.0484932 0.057965 0.0662419 0.0724465 0.0760317 0.0768369 0.0750047 0.070888 0.0649858 0.0578767 0.0501395 0.0422848 0.0347149 0.027713 0.0214547 0.0160345 0.0114943 0.00784004 0.00504262 0.00303023
 0.00940454 0.0149907 0.0220371 0.0303329 0.0395661 0.0492314 0.0585401 0.0665252 0.0723364 0.0754944 0.0759349 0.0738943 0.0697794 0.0640802 0.0573049 0.0499278 0.0423623 0.0349558 0.0279906 0.0216821 0.0161772 0.0115587 0.0078522 0.00502972 0.00301115
 0.00956653 0.0152443 0.0223997 0.0308109 0.0401503 0.0498904 0.059214 0.0671263 0.0727608 0.0756459 0.0757538 0.0733807 0.0690044 0.0631756 0.0564302 0.049223 0.0419058 0.0347477 0.0279683 0.0217572 0.0162733 0.0116319 0.00789057 0.0050407 0.00300776
 0.00951066 0.0151753 0.0223365 0.0307854 0.0401998 0.0500445 0.0594822 0.0674909 0.0731778 0.076051 0.0760727 0.0735443 0.068968 0.0629368 0.0560367 0.0487627 0.0414788 0.0344312 0.0277927 0.021705 0.0162983 0.0116853 0.00793927 0.00507184 0.00302235
 0.00906831 0.0145365 0.0215252 0.0298786 0.0393102 0.0492899 0.0589583 0.0672574 0.0732542 0.0764158 0.0766648 0.074271 0.0697214 0.0636175 0.0565764 0.0491385 0.0417133 0.0345764 0.0279044 0.0218194 0.016424 0.0118103 0.00804629 0.00515023 0.00307168
#obs surv len freq
 nan nan nan nan nan nan nan nan nan nan nan nan nan nan nan nan nan nan nan nan nan nan nan nan nan
 0.00448582 0.00734789 0.0111788 0.0159963 0.0216982 0.0279749 0.0342897 0.040021 0.0447 0.0481624 0.0505185 0.0520123 0.0529025 0.0534131 0.0537259 0.0539797 0.0542575 0.0545497 0.0546881 0.0542799 0.052718 0.0493505 0.0438009 0.0362818 0.0276665
 0.00461838 0.00756455 0.0115067 0.0164604 0.0223154 0.0287442 0.0351836 0.0409824 0.0456498 0.0490156 0.0511993 0.0524662 0.0531012 0.053355 0.0534323 0.0534869 0.0536084 0.0537867 0.05385 0.0534035 0.0518419 0.0485176 0.0430556 0.0356619 0.0271927
 0.00478389 0.00783666 0.0119218 0.0170541 0.0231151 0.0297577 0.0363865 0.0423135 0.0470177 0.0503141 0.0523242 0.0533278 0.0536332 0.0535204 0.0532255 0.0529319 0.0527514 0.0526878 0.0525761 0.0520254 0.0504356 0.0471646 0.041837 0.0346446 0.0264138
 0.00497187 0.00814434 0.0123889 0.0177195 0.0240099 0.030894 0.0377452 0.0438384 0.0486209 0.0518898 0.0537626 0.0545254 0.0545 0.0539864 0.0532474 0.0524977 0.051882 0.0514343 0.0510155 0.0502559 0.0485737 0.0453383 0.0401729 0.0332461 0.025339
 0.00519229 0.00850387 0.0129323 0.0184892 0.0250385 0.0321917 0.0392868 0.0455585 0.0504228 0.0536628 0.0553975 0.0559223 0.0555707 0.0546545 0.0534515 0.0521968 0.0510632 0.0501197 0.0492677 0.0481807 0.0463164 0.0430727 0.0380766 0.0314672 0.0239637
 0.00542107 0.00887981 0.0135056 0.0193091 0.0261439 0.0335959 0.0409623 0.0474318 0.0523853 0.0555916 0.0571756 0.0574484 0.0567604 0.0554377 0.0537687 0.0519993 0.0503179 0.0488208 0.0474514 0.045939 0.0438027 0.04049 0.0356458 0.0293795 0.0223365
 0.00565438 0.00926177 0.0140856 0.0201356 0.0272558 0.0350089 0.0426539 0.0493347 0.0543956 0.057587 0.0590343 0.0590615 0.0580371 0.0563052 0.054169 0.051885 0.0496518 0.0475832 0.0456576 0.0436609 0.0411849 0.0377445 0.0330186 0.0270944 0.0205387
 0.00589154 0.00965026 0.0146758 0.0209766 0.028386 0.0364417 0.0443629 0.0512484 0.0564074 0.059576 0.0608837 0.0606686 0.059316 0.0571856 0.0545939 0.0518074 0.0490333 0.0463992 0.0439118 0.0414095 0.0385581 0.0349494 0.0303088 0.0247112 0.0186469
 0.00613196 0.0100453 0.015278 0.0218373 0.0295457 0.0379135 0.0461166 0.0532049 0.0584508 0.0615761 0.0627182 0.0622355 0.0605362 0.0580002 0.0549584 0.0516856 0.0483943 0.0452201 0.042192 0.0391948 0.0359645 0.0321719 0.0275958 0.0223071 0.0167253
 0.0063854 0.0104581 0.015901 0.0227185 0.030721 0.0393931 0.0478693 0.0551526 0.0604782 0.0635523 0.0645175 0.0637521 0.0616896 0.0587347 0.0552385 0.0514886 0.0477032 0.0440232 0.0404932 0.0370355 0.0334493 0.0294797 0.02496 0.0199624 0.0148429
 0.00661491 0.010838 0.0164849 0.02356 0.031862 0.0408463 0.0496004 0.0570759 0.0624705 0.0654777 0.0662516 0.0651937 0.0627636 0.0593907 0.0554462 0.0512325 0.0469763 0.0428253 0.0388373 0.0349652 0.0310616 0.0269369 0.0224746 0.0177503 0.0130636
 0.00684586 0.0112136 0.0170509 0.0243593 0.032928 0.0421896 0.0511958 0.0588549 0.0643281 0.0672903 0.0678962 0.0665632 0.0637765 0.0599932 0.0556099 0.050948 0.0462457 0.0416585 0.0372564 0.0330183 0.0288411 0.02459 0.0201911 0.0157224 0.0114332
 0.00707242 0.0115873 0.0176227 0.0251787 0.034031 0.0435821 0.0528365 0.0606531 0.0661593 0.0690232 0.0694152 0.0677798 0.0646286 0.0604424 0.055638 0.0505528 0.0454371 0.040456 0.0356911 0.0311434 0.0267461 0.022409 0.0180916 0.0138712 0.00995168
 0.00727066 0.0119153 0.0181268 0.0259056 0.0350183 0.0448424 0.0543419 0.0623284 0.0678911 0.070681 0.070875 0.0689404 0.0654208 0.0608296 0.0556112 0.0501218 0.0446233 0.0392879 0.0342071 0.0294 0.0248294 0.0204398 0.0162158 0.0122303 0.00864594
 0.00745376 0.0122132 0.0185759 0.0265401 0.0358644 0.0459082 0.0556067 0.063737 0.0693594 0.0721094 0.0721624 0.0699955 0.0661705 0.0612245 0.055628 0.0497615 0.0439052 0.0382443 0.0328819 0.0278525 0.0231421 0.0187216 0.0145922 0.0108198 0.00752976
 0.00751741 0.0123213 0.0187476 0.0267979 0.0362309 0.0464019 0.0562352 0.0644935 0.0702215 0.0730401 0.0731119 0.0709028 0.0669666 0.0618393 0.0559992 0.0498434 0.0436748 0.037703 0.0320551 0.02679 0.021919 0.0174359 0.0133546 0.00973289 0.00666413
 0.00758568 0.0124242 0.018888 0.0269748 0.0364426 0.0466493 0.0565246 0.064835 0.0706251 0.0735107 0.0736436 0.0714761 0.0675467 0.0623772 0.0564365 0.0501198 0.0437384 0.0375203 0.0316194 0.0261258 0.0210821 0.0165092 0.0124344 0.00890951 0.00600096
 0.00766908 0.0125523 0.0190662 0.0272021 0.0367108 0.0469435 0.0568246 0.0651194 0.070879 0.0737319 0.0738452 0.0716788 0.0677671 0.0626164 0.0566741 0.050316 0.0438422 0.0374823 0.0314055 0.0257293 0.02053 0.0158591 0.0117634 0.00829411 0.00549743
 0.00774913 0.0126779 0.0192465 0.0274413 0.0370064 0.0472837 0.0571864 0.0654705 0.0711839 0.0739626 0.07399 0.0717457 0.0677798 0.0626041 0.056659 0.0503028 0.0438143 0.0374069 0.0312456 0.02546 0.0201512 0.0154003 0.0112765 0.00783757 0.00511776
 0.00776925 0.0127095 0.0192921 0.027503 0.037086 0.0473827 0.0573056 0.0656082 0.0713351 0.0741179 0.0741372 0.071873 0.06788 0.0626773 0.0567117 0.0503424 0.0438412 0.0374095 0.0312022 0.0253476 0.0199588 0.0151378 0.0109748 0.00753845 0.0048589
 0.00779776 0.0127498 0.0193416 0.0275558 0.0371349 0.0474223 0.0573352 0.0656322 0.0713612 0.0741544 0.0741892 0.0719406 0.0679581 0.0627577 0.0567861 0.050405 0.043888 0.0374351 0.0311969 0.0252989 0.0198573 0.0149855 0.010788 0.00734405 0.0046843
 0.0078345 0.0128037 0.0194117 0.0276368 0.0372177 0.0474962 0.0573893 0.0656589 0.071358 0.0741266 0.0741491 0.0719039 0.0679381 0.0627607 0.0568106 0.0504431 0.043929 0.037468 0.0312109 0.025284 0.0198066 0.0148988 0.0106744 0.00722025 0.00456914
 0.00786516 0.012851 0.019478 0.0277218 0.0373177 0.0476035 0.0574924 0.0657431 0.0714097 0.0741372 0.074119 0.0718427 0.0678619 0.062687 0.0567528 0.0504074 0.0439136 0.0374647 0.0312083 0.0252708 0.0197742 0.0148442 0.0106017 0.00713956 0.00449256
 0.00788059 0.0128718 0.0195015 0.027743 0.0373314 0.0476064 0.0574848 0.0657288 0.0713935 0.0741222 0.0741057 0.0718298 0.0678487 0.0626755 0.0567473 0.0504127 0.0439319 0.0374936 0.031241 0.0252976 0.0197864 0.014837 0.010576 0.00710161 0.00445131
 0.00787413 0.0128618 0.0194871 0.0277234 0.0373055 0.0475728 0.0574422 0.0656776 0.0713367 0.0740668 0.0740603 0.0718027 0.0678441 0.0626929 0.0567828 0.0504614 0.0439896 0.0375563 0.0313037 0.025354 0.0198298 0.0148625 0.010583 0.0070938 0.00443517
 0.0078935 0.0128874 0.0195149 0.0277461 0.0373148 0.0475626 0.0574113 0.0656295 0.0712781 0.0740046 0.0740009 0.0717513 0.0678059 0.0626721 0.0567817 0.0504792 0.044023 0.0376004 0.0313527 0.0254017 0.0198704 0.0148915 0.0105986 0.00709737 0.00443062
 0.00787494 0.0128584 0.0194732 0.0276903 0.0372435 0.0474753 0.0573088 0.0655155 0.0711602 0.0738947 0.0739125 0.0716966 0.0677921 0.0626999 0.0568462 0.050572 0.0441342 0.0377198 0.031471 0.0255106 0.0199631 0.0149637 0.0106491 0.00712818 0.0044462
 0.00789879 0.0128909 0.0195106 0.0277249 0.0372664 0.0474786 0.0572887 0.0654724 0.0710976 0.0738172 0.0738262 0.0716093 0.0677133 0.0626397 0.0568125 0.0505685 0.0441591 0.0377674 0.0315326 0.0255771 0.0200261 0.015017 0.0106892 0.00715466 0.00446122
 0.00787086 0.012848 0.0194507 0.0276475 0.037172 0.0473688 0.0571661 0.065342 0.0709679 0.0736997 0.0737333 0.0715514 0.0676962 0.062664 0.0568744 0.0506618 0.0442764 0.0378998 0.0316705 0.0257104 0.0201458 0.0151163 0.0107649 0.00720718 0.00449412
 0.0078378 0.012793 0.0193659 0.0275257 0.0370096 0.0471688 0.0569413 0.0651138 0.0707611 0.0735358 0.0736261 0.0715061 0.0677118 0.062735 0.0569929 0.0508175 0.0444574 0.0380936 0.0318649 0.0258938 0.0203082 0.0152508 0.0108681 0.00728003 0.00454101
 0.00780835 0.0127437 0.0192891 0.0274136 0.0368557 0.0469712 0.056706 0.0648559 0.0705038 0.0733063 0.0734499 0.0714021 0.0676888 0.0627914 0.0571184 0.0509966 0.0446725 0.0383271 0.0321001 0.0261159 0.0205053 0.0154144 0.0109943 0.00737002 0.00459973
 0.00780492 0.0127341 0.019267 0.0273704 0.0367821 0.0468604 0.0565561 0.064672 0.0702976 0.0730947 0.0732528 0.0712404 0.0675812 0.062751 0.0571497 0.051095 0.0448254 0.038517 0.0323077 0.0263227 0.0206955 0.0155764 0.011122 0.00746256 0.00466109
 0.00775039 0.0126503 0.0191501 0.0272196 0.0365999 0.0466516 0.0563284 0.0644363 0.070068 0.0728869 0.0730831 0.0711229 0.0675269 0.0627663 0.0572359 0.0512474 0.045033 0.0387635 0.0325728 0.0265853 0.0209366 0.0157818 0.0112838 0.00758 0.00473913
 0.00772008 0.012596 0.0190594 0.0270793 0.0364001 0.0463923 0.0560243 0.064116 0.0697661 0.0726344 0.0728998 0.071017 0.0674982 0.062811 0.0573485 0.0514207 0.0452575 0.0390255 0.0328549 0.0268675 0.0211991 0.0160082 0.0114643 0.00771222 0.00482774
 0.00930238 0.0148111 0.0217328 0.0298272 0.0387399 0.0479198 0.0565547 0.0637133 0.0686648 0.0711225 0.07123 0.0693689 0.0659802 0.0614771 0.0562175 0.0504914 0.0445183 0.0384598 0.0324424 0.0265842 0.0210186 0.0159035 0.0114105 0.00768897 0.0048203
 0.00928681 0.0150776 0.0226481 0.0318459 0.0422063 0.0528002 0.0622674 0.0692228 0.0728489 0.0732144 0.0710718 0.0673562 0.0627905 0.0577808 0.0525104 0.0470652 0.041509 0.0359107 0.0303498 0.0249217 0.0197466 0.0149729 0.0107646 0.00726739 0.00456372
 0.0089544 0.0145564 0.021921 0.030966 0.0413487 0.0522965 0.0625644 0.0707214 0.0756613 0.0769844 0.0750198 0.0705741 0.0646192 0.0580396 0.0514653 0.045214 0.039349 0.033803 0.0284962 0.0234026 0.0185696 0.0141079 0.0101638 0.00687555 0.00432567
 0.00878639 0.014272 0.0214731 0.0303073 0.0404507 0.051183 0.0613529 0.0696503 0.0750682 0.0772112 0.0762586 0.0727235 0.0672549 0.060552 0.053306 0.0461051 0.0393372 0.0331588 0.0275511 0.0224251 0.0177194 0.0134483 0.00969578 0.0065689 0.00414002
 0.0087506 0.014205 0.0213548 0.0301101 0.0401423 0.050733 0.0607458 0.0689035 0.0742536 0.076472 0.0758001 0.0727603 0.0679152 0.0617841 0.0548557 0.0476 0.0404415 0.0337051 0.0275738 0.0220949 0.0172391 0.012975 0.0093134 0.00630004 0.00397118
 0.00869503 0.0141205 0.0212377 0.0299593 0.0399565 0.0505073 0.0604705 0.0685665 0.0738482 0.0760101 0.0753287 0.0723713 0.0677346 0.0619308 0.0553778 0.0484263 0.041388 0.0345466 0.0281405 0.0223346 0.0172116 0.0127964 0.00909432 0.0061102 0.00383669
 0.00868066 0.0140917 0.0211848 0.0298708 0.039823 0.0503265 0.0602504 0.0683227 0.0735968 0.0757601 0.0750826 0.0721356 0.0675351 0.0618203 0.0554233 0.0486745 0.0418278 0.0350953 0.0286722 0.0227362 0.0174301 0.0128489 0.00904163 0.00601828 0.00375061
 0.00867114 0.0140759 0.02116 0.0298335 0.0397681 0.050248 0.0601427 0.068183 0.0734282 0.0755724 0.0748901 0.0719532 0.0673768 0.0617023 0.0553691 0.0487136 0.041982 0.0353588 0.0290011 0.0230606 0.0176845 0.0130003 0.0090971 0.00601081 0.00371693
 0.00865499 0.0140525 0.02113 0.0297989 0.0397318 0.0502115 0.0601051 0.0681405 0.0733752 0.0755033 0.0748025 0.0718493 0.0672648 0.0615955 0.0552849 0.0486719 0.0420018 0.0354504 0.0291569 0.0232521 0.0178707 0.0131453 0.00918451 0.00604631 0.00371916
 0.00865721 0.0140517 0.021121 0.0297748 0.0396865 0.0501437 0.0600201 0.06805 0.0732919 0.0754362 0.0747528 0.0718123 0.0672333 0.0615652 0.0552575 0.0486558 0.0420095 0.0354939 0.0292407 0.0233683 0.0179998 0.0132631 0.00927274 0.00609923 0.00374267
 0.00865232 0.0140486 0.0211247 0.0297919 0.0397216 0.0501955 0.060079 0.0681001 0.0733177 0.075429 0.0747142 0.0717511 0.0671604 0.0614889 0.0551831 0.0485882 0.0419556 0.0354619 0.0292378 0.0233955 0.0180499 0.0133225 0.0093268 0.00613849 0.00376516
 0.00863899 0.0140273 0.0210938 0.0297512 0.0396736 0.0501463 0.0600382 0.0680777 0.0733195 0.0754529 0.0747499 0.0717852 0.0671824 0.061495 0.0551757 0.0485732 0.0419398 0.0354522 0.0292402 0.0234135 0.0180823 0.0133634 0.0093677 0.00617205 0.00378791
 0.00863552 0.0140189 0.0210761 0.0297186 0.0396212 0.0500726 0.0599475 0.067981 0.073232 0.0753901 0.0747224 0.0717948 0.0672223 0.0615524 0.0552373 0.0486293 0.0419869 0.0354917 0.0292761 0.0234499 0.0181211 0.0134033 0.0094053 0.00620329 0.00381047
 0.00866233 0.0140603 0.0211341 0.0297927 0.0397072 0.0501621 0.060028 0.0680376 0.0732527 0.0753699 0.0746665 0.0717167 0.067138 0.061475 0.0551731 0.0485786 0.0419464 0.0354587 0.0292499 0.0234317 0.0181121 0.0134031 0.00941156 0.00621247 0.00381931
 0.00862672 0.0140123 0.0210801 0.0297445 0.039679 0.0501645 0.0600631 0.0680984 0.0733249 0.0754373 0.0747152 0.0717397 0.0671358 0.0614547 0.0551446 0.048551 0.0419248 0.0354444 0.0292419 0.0234287 0.0181133 0.0134081 0.00941909 0.00622095 0.00382704
 0.00862672 0.0140123 0.0210801 0.0297445 0.039679 0.0501645 0.0600631 0.0680984 0.0733249 0.0754373 0.0747152 0.0717397 0.0671358 0.0614547 0.0551446 0.048551 0.0419248 0.0354444 0.0292419 0.0234287 0.0181133 0.0134081 0.00941909 0.00622095 0.00382704
 0.00861469 0.013988 0.0210353 0.029671 0.0395723 0.0500301 0.0599196 0.0679742 0.073248 0.0754235 0.0747622 0.0718291 0.0672428 0.0615578 0.0552316 0.048619 0.0419771 0.035486 0.0292768 0.0234589 0.0181397 0.0134307 0.00943785 0.0062358 0.00383802
 0.00880031 0.0142806 0.021457 0.0302309 0.0402599 0.0508068 0.0607146 0.0686924 0.0737932 0.0757269 0.0748006 0.071624 0.0668449 0.0610277 0.0546277 0.0479915 0.0413674 0.0349259 0.0287882 0.0230538 0.0178209 0.0131934 0.00927179 0.0061273 0.00377237
 0.00878687 0.0142818 0.021501 0.030358 0.0405113 0.0512071 0.0612559 0.0693283 0.0744469 0.0763093 0.0752316 0.0718497 0.0668474 0.0608251 0.0542647 0.0475255 0.0408552 0.0344162 0.0283178 0.0226473 0.0174907 0.0129417 0.00909246 0.00600845 0.00369957
 0.00884469 0.0143645 0.0216059 0.0304793 0.0406464 0.0513648 0.0614581 0.0696024 0.0748078 0.0767429 0.0756883 0.0722557 0.0671276 0.0609273 0.0541733 0.0472621 0.0404677 0.0339633 0.0278555 0.0222198 0.0171269 0.0126549 0.00888279 0.00586674 0.0036114
 0.00878872 0.0142821 0.0214978 0.0303512 0.0405074 0.0512247 0.0613285 0.0694992 0.0747559 0.0767734 0.0758283 0.072512 0.0674744 0.0613075 0.0545157 0.0475057 0.0405811 0.0339497 0.0277451 0.0220548 0.0169479 0.012492 0.00875248 0.00577334 0.00355099
 0.00897072 0.0145577 0.0218741 0.0308199 0.0410451 0.0517957 0.061886 0.0699892 0.0751244 0.0769803 0.07586 0.0723862 0.067233 0.0609995 0.0541788 0.0471565 0.040219 0.0335704 0.0273528 0.0216669 0.0165895 0.0121865 0.00851395 0.00560333 0.00344069
 0.00920641 0.0149488 0.0224745 0.0316764 0.0421777 0.0531709 0.0633977 0.0714652 0.0763669 0.0778215 0.0762062 0.0722314 0.0666448 0.0600919 0.0530817 0.0459897 0.0390746 0.032507 0.0264018 0.0208438 0.0159027 0.0116399 0.00810409 0.00531737 0.00325689
 0.00904533 0.0147171 0.0221841 0.0313644 0.0419043 0.0530107 0.0634259 0.0717373 0.076895 0.0785566 0.0770398 0.0730237 0.0672674 0.0604639 0.0531851 0.0458603 0.0387788 0.0321175 0.0259803 0.0204347 0.0155349 0.0113306 0.00786149 0.00514124 0.00313964
 0.00897125 0.0145699 0.021916 0.0309224 0.0412532 0.0521657 0.0624757 0.070839 0.0762325 0.0782803 0.0772163 0.0736159 0.0681511 0.061469 0.0541453 0.0466543 0.0393491 0.0324654 0.0261457 0.020472 0.015496 0.0112565 0.00778055 0.00507042 0.00308637
 0.00877842 0.0142564 0.021444 0.0302564 0.0403674 0.0510569 0.0611813 0.0694504 0.0748959 0.0771781 0.0765297 0.0734775 0.0686014 0.0624378 0.0554691 0.0481239 0.0407674 0.0336911 0.0271103 0.0211709 0.0159654 0.0115494 0.00795007 0.00516069 0.00313009
 0.00891919 0.0144527 0.021678 0.030487 0.0405371 0.0511035 0.0610507 0.0691071 0.0743325 0.0764264 0.0756695 0.0726332 0.0679193 0.0620461 0.055435 0.0484295 0.0413174 0.0343503 0.0277499 0.0217031 0.0163546 0.0118024 0.00809642 0.00523568 0.0031635
 0.00887939 0.0144118 0.0216587 0.0305204 0.0406481 0.0512909 0.0612737 0.0692902 0.0743896 0.0762935 0.0753294 0.0721232 0.0673236 0.0614768 0.0550053 0.0482219 0.0413588 0.034604 0.0281324 0.0221172 0.0167222 0.012082 0.00828235 0.00534462 0.00321988
 0.00876803 0.0142314 0.0213908 0.0301549 0.0401926 0.0507808 0.0607746 0.0688834 0.0741415 0.0762243 0.0754024 0.072265 0.0674624 0.0615766 0.055078 0.0483147 0.0415255 0.034875 0.0284983 0.0225331 0.0171276 0.0124261 0.00853911 0.0055143 0.00331963
 0.00871423 0.0141388 0.0212418 0.02993 0.0398753 0.0503658 0.0602775 0.0683462 0.0736298 0.0758129 0.0751538 0.0722069 0.0675781 0.0618133 0.0553732 0.0486238 0.0418349 0.0351944 0.0288401 0.0228937 0.0174838 0.0127453 0.00879489 0.0056966 0.00343509
#pred catch len freq
 0.00340199 0.00546024 0.00812157 0.0113949 0.015308 0.0198745 0.0250294 0.0305979 0.0363226 0.0419158 0.0471047 0.0516703 0.0554773 0.0584771 0.0606796 0.0621133 0.0627981 0.0627272 0.0618373 0.059961 0.0568022 0.0520127 0.0454091 0.0372351 0.0282682
 0.00370288 0.00588469 0.00864449 0.0119626 0.0158663 0.0204057 0.0255693 0.0312123 0.0370495 0.0427094 0.0478217 0.0521141 0.0554797 0.0579758 0.0597534 0.0609611 0.0616705 0.0618359 0.06128 0.0596952 0.0566828 0.0518753 0.0451523 0.0368563 0.0278387
