SBPRF35
7.78865
Curr Bio
492086
B35
666910
F35
0.212612
FOFL
0.154365
OFL
60416
Bzero
2.22533e+006
#pred survey bio
 4.75516e+006 4.47544e+006 4.21189e+006 3.90208e+006 3.578e+006 3.23209e+006 2.91512e+006 2.55976e+006 2.25788e+006 1.98521e+006 1.74832e+006 1.56122e+006 1.39834e+006 1.25655e+006 1.09183e+006 974198 868089 803368 767729 731016 685960 665756 657939 642703 628790 616010 609693 610244 601803 603620 599929 594402 586657 573664 559850 546285 532180 529685 527369 533919 538890 530136 537000 549956 557242 567219 576146 585936 591356 597490 603041 606532 595380 588515 571878 569255 537014 502644 479751 477302 490311 486406 488706 493393 496012 1.73911e+007 1.01792e+007 1.0274e+007 1.09973e+007 1.20713e+007 1.32144e+007 1.42571e+007 1.51264e+007 1.58109e+007 1.63297e+007 1.67131e+007 1.69919e+007 1.71928e+007 1.73369e+007 1.74401e+007 1.75142e+007 1.75677e+007 1.76065e+007 1.76348e+007 1.76555e+007 1.76709e+007 1.76823e+007 1.76909e+007 1.76973e+007 1.77022e+007 1.77059e+007 1.77087e+007 1.77108e+007 1.77124e+007 1.77137e+007 1.77146e+007 1.77154e+007 1.77159e+007 1.77164e+007 1.77167e+007 1.7717e+007 1.77172e+007 1.77173e+007 1.77174e+007 1.77175e+007 1.77176e+007 1.77177e+007 1.77177e+007 1.77177e+007 1.77178e+007 1.77178e+007 1.77178e+007 1.77178e+007 1.77178e+007 1.77178e+007 1.77178e+007 1.77178e+007 1.77178e+007 1.77178e+007 1.77178e+007 1.77179e+007 1.77179e+007 1.77179e+007 1.77179e+007 1.77179e+007 1.77179e+007 1.77179e+007 1.77179e+007 1.77179e+007 1.77179e+007 1.77179e+007 1.77179e+007 1.77179e+007 1.77179e+007 1.77179e+007 1.77179e+007 1.77179e+007 1.77179e+007 1.77179e+007 1.77179e+007 1.77179e+007 1.77179e+007 1.77179e+007 1.77179e+007 1.77179e+007 1.77179e+007 1.77179e+007 1.77179e+007 1.77179e+007 1.77179e+007 1.77179e+007 1.77179e+007 1.77179e+007 1.77179e+007 1.77179e+007 1.77179e+007 1.77179e+007 1.77179e+007 1.77179e+007 1.77179e+007 1.77179e+007 1.77179e+007 1.77179e+007 1.77179e+007 1.77179e+007 0 0 0 0 0 0 0 0 0 0 0 0 0 0 0 0 0 0 0 0 0 0 0 0 0
#obs survey bio
 5.19778e+006 3.45915e+006 2.67896e+006 3.57891e+006 2.77752e+006 2.84211e+006 1.97516e+006 2.41569e+006 1.50576e+006 1.67991e+006 1.46717e+006 1.05847e+006 975136 998212 921828 730803 957678 815710 661249 496070 614739 540046 485761 527835 488514 439237 599212 586287 632043 488344 605242 392338 547987 386296 564199 594709 422960 472676 797536 591403 508002 369538 606110 527591 405911 450106 404372 444784 755226 421693 776734 601256 617948 546289 567331 688257 462481 630028 435766 614244 525065 451412 587264 440133 603908
#pred catch bio
 116781 107177 163509 199920 249294 254957 321477 302564 301904 291378 264236 255710 245280 267616 225616 213049 174579 148070 147309 151162 126888 114360 117992 113571 109861 102493 95389.9 101641 92108.4 96239.8 96730.7 96933.7 98706.5 95695.4 91416.8 90348.3 83688 87813.1 82539.9 84818.1 96345.6 83391.1 79309 85041.5 83723.5 85572.7 85877.6 90501 90546.4 91449 93153.7 104811 100503 107588 94108.7 116575 115392 103889 85707.5 72236 85223.3 78665.8 75814.5 75424.7 72380.5 60416 78758 78013.2 82046.8 89610.6 98013.5 105651 111896 116673 120164 122629 124327 125474 126238 126740 127067 127278 127414 127501 127556 127592 127614 127628 127637 127643 127646 127648 127650 127651 127651 127651 127652 127652 127652 127652 127652 127652 127652 127652 127652 127652 127652 127652 127652 127652 127652 127652 127652 127652 127652 127652 127652 127652 127652 127652 127652 127652 127652 127652 127652 127652 127652 127652 127652 127652 127652 127652 127652 127652 127652 127652 127652 127652 127652 127652 127652 127652 127652 127652 127652 127652 127652 127652 127652 127652 127652 127652 127652 127652 127652 127652 127652 127652 127652 127652 127652 127652 127652 127652 127652 0 0 0 0 0 0 0 0 0 0 0 0 0 0 0 0 0 0 0 0 0 0 0 0 0
#obs catch bio
 0 106899 164427 201100 252357 257880 329567 308291 309240 299732 271670 264137 253752 278585 232194 219794 177980 150874 150191 155609 129190 116581 120416 115355 111177 104090 96461.6 102957 92893.7 97594 97913 98599.8 100363 97278.6 92765.5 90891.5 84523.5 89080.6 82923.7 84895.2 96947.8 83943.9 79833.4 85505.4 84403.1 86142.2 86382.1 91089.9 91111 92144.2 93447.7 105490 100826 108357 94007.5 116310 115268 103753 85902.9 71983.5 85345.6 78740 75904 75770.5 72354.2
#pred cpue bio
 4.67856e+006 4.40406e+006 4.14488e+006 3.83719e+006 3.51442e+006 3.17011e+006 2.85462e+006 2.50177e+006 2.20202e+006 1.93126e+006 1.69612e+006 1.51042e+006 1.34907e+006 1.20924e+006 1.04788e+006 932847 829382 766374 731731 696115 652609 633329 626139 611902 598938 586819 580857 581645 573663 575471 571964 566777 559597 547513 534839 522416 508283 504181 500885 507344 512459 503983 510531 523114 530158 539742 548359 557768 562927 568848 574291 577825 567034 560248 544201 542005 510997 477462 455012 452821 465994 462695 465080 469840 473160 1.66416e+007 9.75564e+006 9.71987e+006 1.02781e+007 1.12893e+007 1.24168e+007 1.34561e+007 1.43248e+007 1.50091e+007 1.55279e+007 1.59113e+007 1.61902e+007 1.6391e+007 1.65351e+007 1.66383e+007 1.67125e+007 1.6766e+007 1.68047e+007 1.6833e+007 1.68538e+007 1.68691e+007 1.68806e+007 1.68891e+007 1.68955e+007 1.69004e+007 1.69041e+007 1.69069e+007 1.6909e+007 1.69107e+007 1.69119e+007 1.69129e+007 1.69136e+007 1.69142e+007 1.69146e+007 1.69149e+007 1.69152e+007 1.69154e+007 1.69156e+007 1.69157e+007 1.69158e+007 1.69158e+007 1.69159e+007 1.69159e+007 1.6916e+007 1.6916e+007 1.6916e+007 1.6916e+007 1.69161e+007 1.69161e+007 1.69161e+007 1.69161e+007 1.69161e+007 1.69161e+007 1.69161e+007 1.69161e+007 1.69161e+007 1.69161e+007 1.69161e+007 1.69161e+007 1.69161e+007 1.69161e+007 1.69161e+007 1.69161e+007 1.69161e+007 1.69161e+007 1.69161e+007 1.69161e+007 1.69161e+007 1.69161e+007 1.69161e+007 1.69161e+007 1.69161e+007 1.69161e+007 1.69161e+007 1.69161e+007 1.69161e+007 1.69161e+007 1.69161e+007 1.69161e+007 1.69161e+007 1.69161e+007 1.69161e+007 1.69161e+007 1.69161e+007 1.69161e+007 1.69161e+007 1.69161e+007 1.69161e+007 1.69161e+007 1.69161e+007 1.69161e+007 1.69161e+007 1.69161e+007 1.69161e+007 1.69161e+007 1.69161e+007 1.69161e+007 1.69161e+007 1.69161e+007 1.69161e+007 0 0 0 0 0 0 0 0 0 0 0 0 0 0 0 0 0 0 0 0 0 0 0 0 0
#obs cpue bio
 3.36851e+006 2.36647e+006 3.06309e+006 3.08072e+006 2.45045e+006 2.60266e+006 1.91945e+006 3.38072e+006 1.93002e+006 1.3169e+006 1.3455e+006 1.22286e+006 1.14677e+006 1.17123e+006 1.14636e+006 841735 830320 469626 673511 487268 762233 454010 694237 753414 816676 469485 578500 557274 504231 437070 534145 464215 525695 627998 457124 860159 350494 405768 536633 580404 433041 483945 382731 640553 474133 718523 717784 687611 394804 646160 567721 507126 557057 519185 690637 656559 530820 400166 371921 454660 411378 433471 376553 401641 568435
#pred surv len freq
 0.00529552 0.00853522 0.0127292 0.0178214 0.0236729 0.0299935 0.0363051 0.0420439 0.0467685 0.0503089 0.0527536 0.0543285 0.0552787 0.0558021 0.056017 0.0559517 0.0555552 0.0547207 0.0532992 0.0510908 0.0478416 0.0433037 0.0373896 0.030352 0.0228413
 0.00555046 0.00884529 0.0130085 0.0179399 0.0235097 0.0295106 0.0355936 0.0413018 0.0462091 0.0500542 0.0527784 0.0544857 0.0553849 0.0557308 0.0557553 0.0556014 0.0552837 0.054684 0.0535687 0.0516194 0.0484857 0.0438918 0.0377977 0.0305453 0.0228642
 0.00589182 0.00938094 0.0137712 0.0189275 0.0246644 0.0307019 0.0366257 0.0419643 0.0463646 0.0497123 0.0520961 0.053682 0.0546248 0.0550595 0.0551233 0.0549466 0.0546049 0.0540544 0.053089 0.051349 0.0484027 0.0439076 0.037811 0.0304954 0.0227488
 0.00616945 0.00983497 0.0144594 0.0199045 0.0259682 0.0323303 0.0385068 0.0439379 0.048193 0.0511306 0.0528913 0.0537672 0.0540656 0.0540322 0.0538271 0.0535309 0.0531541 0.0526217 0.0517324 0.0501332 0.0473725 0.0430668 0.0371304 0.02994 0.0222994
 0.00645095 0.0102803 0.0151083 0.0207902 0.0271169 0.0337575 0.0402071 0.0458682 0.0502568 0.0531691 0.0546913 0.0550948 0.0547258 0.0539313 0.0530036 0.0521327 0.0513777 0.0506544 0.0497253 0.0482028 0.0456081 0.0415299 0.0358527 0.0289268 0.0215374
 0.00676233 0.0107746 0.0158302 0.0217739 0.0283814 0.0352998 0.0419941 0.047835 0.0523141 0.0552136 0.0566069 0.0567448 0.0559496 0.0545629 0.052915 0.0512824 0.0498338 0.0485776 0.0473255 0.045693 0.0431754 0.0393225 0.0339735 0.0274299 0.020428
 0.00698636 0.0111426 0.0163913 0.0225771 0.0294668 0.0366848 0.0436587 0.0497158 0.0543134 0.0572181 0.0585048 0.0584312 0.0573201 0.0555047 0.0533075 0.0510183 0.0488567 0.0469179 0.0451115 0.0431309 0.040507 0.03678 0.0317424 0.0256254 0.019087
 0.00736912 0.0117368 0.0172343 0.0236881 0.030848 0.038323 0.0455209 0.0517425 0.0564166 0.0592884 0.060424 0.0600861 0.058612 0.0563505 0.0536329 0.0507526 0.0479403 0.0453288 0.0428993 0.0404383 0.0375612 0.0338519 0.029088 0.0234308 0.0174356
 0.00776728 0.0123605 0.0181286 0.024878 0.0323346 0.0400776 0.0474796 0.0538081 0.0584736 0.0612256 0.0621501 0.0615308 0.0597172 0.0570609 0.0538919 0.0505013 0.0471233 0.0439087 0.0408852 0.0379162 0.0347099 0.0309242 0.026357 0.0211208 0.015669
 0.00812897 0.0129391 0.0189816 0.0260514 0.0338531 0.0419302 0.0496042 0.0560876 0.0607528 0.0633423 0.0639669 0.0629523 0.0606916 0.0575682 0.0539258 0.0500532 0.0461749 0.0424394 0.0388956 0.0354621 0.0319291 0.0280354 0.0236201 0.018769 0.0138452
 0.00851272 0.0135386 0.0198393 0.0271928 0.0352859 0.0436417 0.051554 0.0581993 0.0629144 0.0654169 0.0658112 0.0644376 0.0617212 0.0580877 0.0539208 0.049535 0.0451624 0.0409498 0.0369518 0.0331182 0.029299 0.0253037 0.0210167 0.0165117 0.0120775
 0.00879302 0.013989 0.0205068 0.0281169 0.0364898 0.0451212 0.0532655 0.0600587 0.0648106 0.0672333 0.0674418 0.0657919 0.0627222 0.0586725 0.0540452 0.0491783 0.0443265 0.0396543 0.0352331 0.0310391 0.0269665 0.0228783 0.0186965 0.014488 0.0104811
 0.0089438 0.0142479 0.0209223 0.0287433 0.0373767 0.0462949 0.0547109 0.0617112 0.0665638 0.0689604 0.069018 0.067111 0.0637055 0.059268 0.0542231 0.0489247 0.0436404 0.0385488 0.0337406 0.0292207 0.0249228 0.0207532 0.0166625 0.0127106 0.00907462
 0.00899464 0.0143463 0.0211008 0.0290453 0.0378507 0.0469832 0.0556353 0.0628622 0.0678959 0.0703936 0.0704467 0.0684188 0.0647831 0.0600294 0.0546131 0.0489172 0.0432316 0.0377518 0.0325862 0.0277646 0.0232547 0.0189995 0.0149728 0.011227 0.00789557
 0.00929748 0.0148117 0.0217515 0.0298857 0.0388689 0.048154 0.0569207 0.0642093 0.069238 0.0716564 0.0715556 0.0693054 0.0653898 0.0603141 0.0545522 0.0485063 0.0424835 0.0366932 0.0312569 0.0262219 0.0215807 0.0173029 0.0133785 0.00985084 0.00681453
 0.0094574 0.0150711 0.0221399 0.0304284 0.0395799 0.0490267 0.0579201 0.0652736 0.0702922 0.072631 0.0723992 0.0699846 0.0658809 0.0605947 0.0545994 0.0483 0.0420126 0.035961 0.0302853 0.025055 0.0202876 0.0159762 0.012123 0.00876261 0.0059574
 0.00971945 0.0154701 0.0226907 0.0311281 0.0404113 0.0499632 0.0589266 0.0663035 0.0712858 0.0735205 0.0731192 0.0704857 0.066138 0.0606076 0.0543836 0.0478759 0.0413975 0.0351695 0.029336 0.0239794 0.0191372 0.0148226 0.0110484 0.00784184 0.00523822
 0.0099098 0.0157548 0.023073 0.0315949 0.0409371 0.0505184 0.0594836 0.06684 0.0717866 0.0739764 0.0735239 0.0708289 0.0664018 0.0607672 0.054414 0.0477587 0.041124 0.0347403 0.0287612 0.0232816 0.0183554 0.0140129 0.010277 0.0071704 0.00470811
 0.00996536 0.0158422 0.0231988 0.031762 0.0411437 0.0507557 0.0597363 0.0670891 0.0720162 0.074181 0.0737106 0.0710122 0.0665922 0.0609611 0.0545904 0.0478836 0.0411607 0.0346594 0.0285483 0.0229414 0.0179132 0.0135121 0.00977193 0.00671398 0.00433847
 0.0099002 0.015765 0.0231354 0.0317532 0.0412332 0.0509715 0.0600749 0.0675129 0.0724655 0.0745942 0.0740418 0.0712405 0.066722 0.0610129 0.0545882 0.0478423 0.0410803 0.0345278 0.0283501 0.0226692 0.0175748 0.0131327 0.00938897 0.00636655 0.00405594
 0.0100182 0.0159333 0.0233463 0.0319885 0.0414739 0.0512111 0.0603251 0.0677963 0.0727958 0.074958 0.0743949 0.0715227 0.0668813 0.0610264 0.0544661 0.047618 0.0407923 0.0342055 0.0280088 0.0223141 0.0172106 0.012771 0.0090492 0.00607109 0.00382164
 0.0100144 0.0159237 0.0233253 0.0319477 0.0414036 0.0511032 0.060179 0.0676255 0.0726322 0.074848 0.0743853 0.0716401 0.0671167 0.0613353 0.0547863 0.0478934 0.0409892 0.0343141 0.0280346 0.0222692 0.0171093 0.0126303 0.00888996 0.00591541 0.00368813
 0.00985153 0.0156826 0.0230064 0.0315668 0.0409874 0.0506813 0.0597787 0.0672703 0.0723442 0.0746501 0.0743022 0.0716948 0.067323 0.0616872 0.0552515 0.0484163 0.0415053 0.0347674 0.0283899 0.0225142 0.0172501 0.0126853 0.00888375 0.00587439 0.00363545
 0.00982754 0.0156339 0.0229161 0.0314155 0.0407604 0.0503793 0.0594244 0.0669057 0.0720176 0.0744001 0.0741486 0.0716419 0.0673681 0.0618273 0.0554816 0.0487227 0.0418599 0.0351305 0.0287196 0.0227784 0.0174337 0.0127906 0.00892612 0.00587516 0.00361544
 0.00993806 0.0157854 0.0230912 0.0315789 0.0408662 0.0503849 0.0593042 0.0666595 0.0716713 0.0740011 0.0737552 0.0713093 0.0671358 0.0617137 0.0554859 0.0488308 0.0420489 0.0353699 0.0289745 0.0230143 0.0176243 0.0129234 0.00900303 0.00590859 0.0036217
 0.00996615 0.01584 0.0231884 0.0317346 0.041087 0.0506561 0.0595825 0.0668798 0.0717678 0.0739335 0.0735262 0.0709632 0.0667419 0.0613428 0.0551924 0.0486435 0.0419712 0.0353862 0.0290566 0.0231291 0.0177412 0.0130201 0.00906914 0.00594485 0.00363581
 0.00993425 0.015789 0.0231142 0.031637 0.040973 0.0505423 0.0594941 0.0668419 0.0717916 0.0740056 0.07361 0.0710156 0.0667352 0.0612789 0.0550996 0.0485619 0.0419347 0.0354104 0.0291372 0.0232469 0.0178705 0.013138 0.00916101 0.00600638 0.00367092
 0.00991096 0.0157432 0.0230311 0.0314988 0.0407648 0.0502607 0.0591554 0.0664843 0.071468 0.0737691 0.0734967 0.0710325 0.0668591 0.0614675 0.0553104 0.0487681 0.0421297 0.0356006 0.0293298 0.0234411 0.0180565 0.0133017 0.00929132 0.00609912 0.00372951
 0.0100239 0.0159099 0.0232495 0.0317537 0.0410288 0.0504982 0.059328 0.0665577 0.0714221 0.0736065 0.0732464 0.0707419 0.0665782 0.0612323 0.055135 0.0486476 0.0420515 0.0355548 0.0293122 0.02345 0.0180878 0.0133466 0.0093387 0.00613983 0.00375894
 0.00994954 0.0158082 0.0231317 0.0316413 0.0409463 0.0504623 0.0593389 0.0665977 0.0714634 0.0736227 0.0732225 0.07068 0.0664958 0.0611559 0.0550893 0.0486468 0.0420956 0.0356331 0.0294102 0.0235552 0.0181909 0.0134407 0.00941838 0.00620154 0.00380205
 0.00988683 0.0157147 0.0230075 0.0314942 0.040792 0.0503233 0.0592408 0.0665633 0.0715031 0.073727 0.0733624 0.0708164 0.0665959 0.0612051 0.0550944 0.048629 0.0420789 0.0356341 0.0294347 0.0235994 0.0182466 0.013499 0.0094719 0.00624533 0.00383409
 0.00975352 0.0155208 0.0227582 0.0312093 0.0405011 0.0500571 0.0590252 0.0664174 0.0714401 0.073754 0.0734767 0.0710023 0.0668244 0.0614407 0.055306 0.0487995 0.0422077 0.0357326 0.0295171 0.0236758 0.0183203 0.0135678 0.0095316 0.00629272 0.00386815
 0.00957573 0.0152541 0.0223991 0.0307715 0.0400141 0.0495623 0.0585708 0.0660531 0.0712079 0.0736785 0.0735591 0.0712225 0.0671478 0.061826 0.0557116 0.0491888 0.0425547 0.0360247 0.0297543 0.0238657 0.0184717 0.0136876 0.00962385 0.00636018 0.00391407
 0.00935209 0.0149208 0.0219544 0.0302345 0.039421 0.0489584 0.0580049 0.0655733 0.0708585 0.0734935 0.0735551 0.0713949 0.067472 0.0622629 0.0562146 0.0497115 0.0430566 0.036476 0.0301381 0.0241772 0.018715 0.013871 0.00975704 0.0064524 0.00397413
 0.0092522 0.0147481 0.0216767 0.0298199 0.0388496 0.0482398 0.0571901 0.0647526 0.0701387 0.0729678 0.0732805 0.0713856 0.0677069 0.0626972 0.0567912 0.0503684 0.0437343 0.0371233 0.030717 0.0246652 0.0191041 0.0141651 0.00996747 0.00659439 0.00406382
 0.0101486 0.015994 0.0231602 0.0313034 0.0400344 0.0488716 0.0571477 0.0640739 0.0689848 0.0715587 0.0718361 0.0700862 0.0666718 0.0619792 0.0563844 0.0502259 0.0437882 0.0373013 0.0309543 0.0249114 0.0193259 0.0143455 0.0101021 0.00668729 0.00412316
 0.0110201 0.0173548 0.0250925 0.0338154 0.0430246 0.0520952 0.0602103 0.0664923 0.0703241 0.0715885 0.0706148 0.0679229 0.0639971 0.0592049 0.0538136 0.0480285 0.0420208 0.0359454 0.029952 0.0241923 0.0188234 0.0140037 0.00987739 0.00654602 0.00403941
 0.0106816 0.0169743 0.0248332 0.0339332 0.0437978 0.0537091 0.0626514 0.069507 0.0734648 0.0743258 0.0724773 0.0686218 0.063499 0.0577211 0.0517117 0.0457066 0.0398019 0.0340281 0.0284149 0.0230299 0.0179855 0.0134253 0.00949534 0.00630597 0.00389725
 0.0103068 0.0163942 0.024025 0.0329224 0.042685 0.0526914 0.0620146 0.0695618 0.074426 0.0761869 0.0749582 0.0712371 0.0657203 0.0591546 0.052208 0.0453663 0.038892 0.0328621 0.0272542 0.0220354 0.0172201 0.0128838 0.00913844 0.00608557 0.00376972
 0.0102613 0.0162764 0.0237679 0.0324398 0.0418991 0.051577 0.0606447 0.0681276 0.0732152 0.0755144 0.0750653 0.0721915 0.0673631 0.0611339 0.0540976 0.0468156 0.0397335 0.0331281 0.0271122 0.0216909 0.0168399 0.0125637 0.00891041 0.00594223 0.00368849
 0.0102724 0.0162963 0.0237974 0.0324716 0.0419072 0.0515087 0.0604236 0.0676803 0.0725164 0.074633 0.0741771 0.0715377 0.0671616 0.061482 0.0549187 0.0478838 0.040768 0.0339061 0.0275403 0.0218056 0.0167525 0.012394 0.00874256 0.00581527 0.00360796
 0.0103856 0.016475 0.0240562 0.0328187 0.0423406 0.052009 0.060946 0.0681494 0.0728338 0.074701 0.0739373 0.0710095 0.0664576 0.060781 0.0543974 0.0476404 0.0407823 0.034062 0.0276951 0.0218609 0.016686 0.0122439 0.00856843 0.00566358 0.00349923
 0.0103215 0.0163778 0.0239237 0.0326559 0.0421609 0.051835 0.0608074 0.0680768 0.0728462 0.0747923 0.0740706 0.0711274 0.0665086 0.0607503 0.0543212 0.04759 0.0408222 0.03421 0.0279121 0.0220764 0.0168402 0.0123147 0.00857085 0.00562984 0.00345819
 0.0103202 0.0163589 0.0238649 0.0325278 0.0419371 0.0515066 0.0603956 0.0676338 0.0724431 0.0744979 0.0739298 0.0711484 0.0666623 0.0609835 0.0545803 0.0478428 0.0410656 0.0344568 0.0281686 0.0223288 0.0170599 0.0124766 0.00866787 0.00567367 0.00346933
 0.0103142 0.0163595 0.0238833 0.0325767 0.0420222 0.0516163 0.0604966 0.0676792 0.0723934 0.0743426 0.0736972 0.0708941 0.0664456 0.0608433 0.0545251 0.0478571 0.0411256 0.0345439 0.0282726 0.0224417 0.0171703 0.0125702 0.0087341 0.00571092 0.00348416
 0.0102664 0.016286 0.0237814 0.0324491 0.0418783 0.0514733 0.0603765 0.067602 0.0723666 0.0743545 0.0737214 0.0709046 0.0664326 0.060819 0.0545147 0.0478826 0.0411948 0.03465 0.0284007 0.0225758 0.0172965 0.0126776 0.00881568 0.00576514 0.00351491
 0.0102929 0.0163178 0.0238086 0.0324558 0.0418474 0.0513942 0.0602514 0.0674484 0.0722118 0.0742268 0.0736394 0.0708709 0.0664353 0.0608402 0.0545414 0.0479131 0.0412361 0.0347098 0.0284805 0.0226695 0.0173931 0.0127657 0.00888701 0.00581618 0.0035469
 0.0102473 0.0162568 0.0237405 0.0323944 0.0418064 0.0513783 0.0602516 0.0674447 0.0721842 0.0741675 0.0735577 0.0707887 0.0663754 0.0608159 0.0545527 0.0479513 0.0412914 0.0347761 0.0285552 0.0227503 0.0174753 0.0128425 0.0089517 0.00586486 0.00357936
 0.0102063 0.0161973 0.0236645 0.0323099 0.0417263 0.0513184 0.0602267 0.0674634 0.0722438 0.0742517 0.073641 0.0708469 0.0663963 0.0608033 0.0545219 0.0479198 0.0412711 0.034772 0.0285671 0.0227756 0.0175098 0.012881 0.00898855 0.00589554 0.00360166
 0.0101423 0.0161005 0.0235328 0.032147 0.0415419 0.0511272 0.060048 0.0673195 0.0721562 0.0742348 0.0736963 0.0709608 0.0665437 0.0609567 0.0546605 0.0480345 0.0413638 0.0348498 0.028637 0.0228413 0.0175717 0.012937 0.00903606 0.00593262 0.0036279
 0.0100507 0.0159637 0.0233494 0.0319241 0.0412933 0.0508706 0.0598028 0.0671059 0.0719942 0.0741417 0.0736835 0.0710305 0.0666871 0.0611544 0.0548866 0.0482629 0.0415745 0.0350325 0.0287899 0.0229674 0.0176747 0.0130198 0.00910034 0.00597974 0.00365994
 0.010073 0.0159841 0.0233516 0.0318843 0.0411883 0.0506893 0.0595552 0.0668228 0.0717177 0.0739117 0.0735274 0.0709608 0.0667034 0.061247 0.0550386 0.0484526 0.0417786 0.0352303 0.028967 0.0231166 0.017795 0.0131131 0.00916986 0.00602902 0.00369268
 0.0101736 0.0161477 0.0235959 0.0322209 0.0416142 0.0511774 0.0600495 0.0672465 0.0719955 0.0739962 0.0734151 0.0706883 0.0663299 0.0608338 0.0546357 0.0480928 0.041478 0.0349916 0.0287845 0.0229813 0.0176977 0.013046 0.00912637 0.00600302 0.00367864
 0.0100244 0.0159457 0.0233674 0.0320168 0.0414975 0.0512017 0.0602381 0.0675831 0.0724269 0.0744457 0.0738019 0.0709491 0.0664353 0.0607931 0.0544876 0.0478882 0.0412629 0.0347976 0.028627 0.0228631 0.0176144 0.0129905 0.00909155 0.00598269 0.0036678
 0.00996603 0.015854 0.0232372 0.0318504 0.0413098 0.0510251 0.0601224 0.0675841 0.0725852 0.0747638 0.0742342 0.0714126 0.0668375 0.0610625 0.0545935 0.0478432 0.0411098 0.03459 0.028412 0.0226722 0.0174624 0.0128796 0.00901654 0.00593557 0.00364041
 0.00992046 0.0157656 0.0230784 0.0315887 0.040919 0.0505015 0.0594999 0.0669376 0.072018 0.0743811 0.074113 0.0715778 0.0672527 0.0616408 0.0552252 0.048429 0.0415867 0.0349378 0.0286444 0.0228189 0.0175534 0.0129375 0.00905463 0.00596094 0.00365683
 0.0102672 0.0162885 0.0237871 0.032459 0.0418918 0.0514872 0.0603859 0.0676045 0.072367 0.074367 0.0737629 0.0709829 0.0665353 0.0609133 0.0545601 0.0478512 0.0410861 0.0344928 0.0282407 0.0224565 0.0172423 0.0126877 0.00886941 0.00583493 0.00357843
 0.0104483 0.0165984 0.0242797 0.0331879 0.0428905 0.0527409 0.061808 0.069037 0.0736125 0.075241 0.0741432 0.0708373 0.0659225 0.0599599 0.0534226 0.046675 0.0399769 0.0335081 0.0273999 0.021759 0.0166811 0.0122544 0.00855319 0.00561964 0.00344319
 0.0103345 0.0164476 0.0241184 0.0330676 0.0428816 0.0529162 0.0622234 0.0697108 0.0745082 0.0762606 0.0751384 0.0716442 0.066408 0.0600609 0.0531593 0.0461351 0.0392802 0.0327691 0.0267034 0.0211535 0.0161861 0.0118711 0.00827283 0.00542762 0.00332137
 0.0101526 0.0161467 0.0236593 0.03242 0.0420417 0.0519307 0.0612047 0.0688277 0.0739445 0.0761548 0.0755347 0.0724748 0.0675137 0.0612397 0.0542243 0.0469611 0.0398232 0.033056 0.0268013 0.0211372 0.0161164 0.0117879 0.00819747 0.0053689 0.00328065
 0.0100286 0.0159277 0.0232976 0.0318607 0.0412365 0.0508604 0.0599044 0.0674011 0.0725582 0.0750115 0.0748289 0.0723421 0.0679884 0.0622383 0.0555668 0.0484238 0.0412023 0.0342141 0.0276831 0.0217548 0.0165196 0.0120361 0.00834253 0.00544951 0.00332298
 0.0101582 0.0161197 0.0235494 0.0321509 0.041522 0.0510767 0.0599716 0.0672399 0.0721177 0.0743001 0.0739324 0.0714134 0.0672082 0.0617592 0.055464 0.0486739 0.0416986 0.0348122 0.0282522 0.0222125 0.0168394 0.0122328 0.00844959 0.005501 0.00334462
 0.0100276 0.0159423 0.0233465 0.031963 0.0413952 0.0510418 0.0600262 0.0673431 0.0722012 0.0742901 0.073776 0.0711027 0.0667922 0.0613363 0.0551514 0.0485647 0.0418258 0.0351381 0.028689 0.0226608 0.0172236 0.0125174 0.00863524 0.00560882 0.00340081
 0.00949828 0.015173 0.0223596 0.0308419 0.0402669 0.050043 0.0592724 0.0669098 0.0721131 0.0745165 0.0742351 0.0716821 0.0673833 0.0618686 0.055611 0.0489862 0.0422629 0.0356277 0.0292284 0.02321 0.0177263 0.0129282 0.00893496 0.00580469 0.0035159
 0.0088055 0.0141226 0.0209238 0.0290554 0.0382288 0.0479113 0.057254 0.0652377 0.0710012 0.074101 0.0745344 0.0725952 0.0687276 0.0634354 0.0572174 0.0505079 0.0436416 0.0368545 0.0303143 0.02416 0.0185315 0.0135737 0.00941512 0.00613182 0.00371848
#obs surv len freq
 nan nan nan nan nan nan nan nan nan nan nan nan nan nan nan nan nan nan nan nan nan nan nan nan nan
 0.00448582 0.00734789 0.0111788 0.0159963 0.0216982 0.0279749 0.0342897 0.040021 0.0447 0.0481624 0.0505185 0.0520123 0.0529025 0.0534131 0.0537259 0.0539797 0.0542575 0.0545497 0.0546881 0.0542799 0.052718 0.0493505 0.0438009 0.0362818 0.0276665
 0.00461838 0.00756455 0.0115067 0.0164604 0.0223154 0.0287442 0.0351836 0.0409824 0.0456498 0.0490156 0.0511993 0.0524662 0.0531012 0.053355 0.0534323 0.0534869 0.0536084 0.0537867 0.05385 0.0534035 0.0518419 0.0485176 0.0430556 0.0356619 0.0271927
 0.00478389 0.00783666 0.0119218 0.0170541 0.0231151 0.0297577 0.0363865 0.0423135 0.0470177 0.0503141 0.0523242 0.0533278 0.0536332 0.0535204 0.0532255 0.0529319 0.0527514 0.0526878 0.0525761 0.0520254 0.0504356 0.0471646 0.041837 0.0346446 0.0264138
 0.00497187 0.00814434 0.0123889 0.0177195 0.0240099 0.030894 0.0377452 0.0438384 0.0486209 0.0518898 0.0537626 0.0545254 0.0545 0.0539864 0.0532474 0.0524977 0.051882 0.0514343 0.0510155 0.0502559 0.0485737 0.0453383 0.0401729 0.0332461 0.025339
 0.00519229 0.00850387 0.0129323 0.0184892 0.0250385 0.0321917 0.0392868 0.0455585 0.0504228 0.0536628 0.0553975 0.0559223 0.0555707 0.0546545 0.0534515 0.0521968 0.0510632 0.0501197 0.0492677 0.0481807 0.0463164 0.0430727 0.0380766 0.0314672 0.0239637
 0.00542107 0.00887981 0.0135056 0.0193091 0.0261439 0.0335959 0.0409623 0.0474318 0.0523853 0.0555916 0.0571756 0.0574484 0.0567604 0.0554377 0.0537687 0.0519993 0.0503179 0.0488208 0.0474514 0.045939 0.0438027 0.04049 0.0356458 0.0293795 0.0223365
 0.00565438 0.00926177 0.0140856 0.0201356 0.0272558 0.0350089 0.0426539 0.0493347 0.0543956 0.057587 0.0590343 0.0590615 0.0580371 0.0563052 0.054169 0.051885 0.0496518 0.0475832 0.0456576 0.0436609 0.0411849 0.0377445 0.0330186 0.0270944 0.0205387
 0.00589154 0.00965026 0.0146758 0.0209766 0.028386 0.0364417 0.0443629 0.0512484 0.0564074 0.059576 0.0608837 0.0606686 0.059316 0.0571856 0.0545939 0.0518074 0.0490333 0.0463992 0.0439118 0.0414095 0.0385581 0.0349494 0.0303088 0.0247112 0.0186469
 0.00613196 0.0100453 0.015278 0.0218373 0.0295457 0.0379135 0.0461166 0.0532049 0.0584508 0.0615761 0.0627182 0.0622355 0.0605362 0.0580002 0.0549584 0.0516856 0.0483943 0.0452201 0.042192 0.0391948 0.0359645 0.0321719 0.0275958 0.0223071 0.0167253
 0.0063854 0.0104581 0.015901 0.0227185 0.030721 0.0393931 0.0478693 0.0551526 0.0604782 0.0635523 0.0645175 0.0637521 0.0616896 0.0587347 0.0552385 0.0514886 0.0477032 0.0440232 0.0404932 0.0370355 0.0334493 0.0294797 0.02496 0.0199624 0.0148429
 0.00661491 0.010838 0.0164849 0.02356 0.031862 0.0408463 0.0496004 0.0570759 0.0624705 0.0654777 0.0662516 0.0651937 0.0627636 0.0593907 0.0554462 0.0512325 0.0469763 0.0428253 0.0388373 0.0349652 0.0310616 0.0269369 0.0224746 0.0177503 0.0130636
 0.00684586 0.0112136 0.0170509 0.0243593 0.032928 0.0421896 0.0511958 0.0588549 0.0643281 0.0672903 0.0678962 0.0665632 0.0637765 0.0599932 0.0556099 0.050948 0.0462457 0.0416585 0.0372564 0.0330183 0.0288411 0.02459 0.0201911 0.0157224 0.0114332
 0.00707242 0.0115873 0.0176227 0.0251787 0.034031 0.0435821 0.0528365 0.0606531 0.0661593 0.0690232 0.0694152 0.0677798 0.0646286 0.0604424 0.055638 0.0505528 0.0454371 0.040456 0.0356911 0.0311434 0.0267461 0.022409 0.0180916 0.0138712 0.00995168
 0.00727066 0.0119153 0.0181268 0.0259056 0.0350183 0.0448424 0.0543419 0.0623284 0.0678911 0.070681 0.070875 0.0689404 0.0654208 0.0608296 0.0556112 0.0501218 0.0446233 0.0392879 0.0342071 0.0294 0.0248294 0.0204398 0.0162158 0.0122303 0.00864594
 0.00745376 0.0122132 0.0185759 0.0265401 0.0358644 0.0459082 0.0556067 0.063737 0.0693594 0.0721094 0.0721624 0.0699955 0.0661705 0.0612245 0.055628 0.0497615 0.0439052 0.0382443 0.0328819 0.0278525 0.0231421 0.0187216 0.0145922 0.0108198 0.00752976
 0.00751741 0.0123213 0.0187476 0.0267979 0.0362309 0.0464019 0.0562352 0.0644935 0.0702215 0.0730401 0.0731119 0.0709028 0.0669666 0.0618393 0.0559992 0.0498434 0.0436748 0.037703 0.0320551 0.02679 0.021919 0.0174359 0.0133546 0.00973289 0.00666413
 0.00758568 0.0124242 0.018888 0.0269748 0.0364426 0.0466493 0.0565246 0.064835 0.0706251 0.0735107 0.0736436 0.0714761 0.0675467 0.0623772 0.0564365 0.0501198 0.0437384 0.0375203 0.0316194 0.0261258 0.0210821 0.0165092 0.0124344 0.00890951 0.00600096
 0.00766908 0.0125523 0.0190662 0.0272021 0.0367108 0.0469435 0.0568246 0.0651194 0.070879 0.0737319 0.0738452 0.0716788 0.0677671 0.0626164 0.0566741 0.050316 0.0438422 0.0374823 0.0314055 0.0257293 0.02053 0.0158591 0.0117634 0.00829411 0.00549743
 0.00774913 0.0126779 0.0192465 0.0274413 0.0370064 0.0472837 0.0571864 0.0654705 0.0711839 0.0739626 0.07399 0.0717457 0.0677798 0.0626041 0.056659 0.0503028 0.0438143 0.0374069 0.0312456 0.02546 0.0201512 0.0154003 0.0112765 0.00783757 0.00511776
 0.00776925 0.0127095 0.0192921 0.027503 0.037086 0.0473827 0.0573056 0.0656082 0.0713351 0.0741179 0.0741372 0.071873 0.06788 0.0626773 0.0567117 0.0503424 0.0438412 0.0374095 0.0312022 0.0253476 0.0199588 0.0151378 0.0109748 0.00753845 0.0048589
 0.00779776 0.0127498 0.0193416 0.0275558 0.0371349 0.0474223 0.0573352 0.0656322 0.0713612 0.0741544 0.0741892 0.0719406 0.0679581 0.0627577 0.0567861 0.050405 0.043888 0.0374351 0.0311969 0.0252989 0.0198573 0.0149855 0.010788 0.00734405 0.0046843
 0.0078345 0.0128037 0.0194117 0.0276368 0.0372177 0.0474962 0.0573893 0.0656589 0.071358 0.0741266 0.0741491 0.0719039 0.0679381 0.0627607 0.0568106 0.0504431 0.043929 0.037468 0.0312109 0.025284 0.0198066 0.0148988 0.0106744 0.00722025 0.00456914
 0.00786516 0.012851 0.019478 0.0277218 0.0373177 0.0476035 0.0574924 0.0657431 0.0714097 0.0741372 0.074119 0.0718427 0.0678619 0.062687 0.0567528 0.0504074 0.0439136 0.0374647 0.0312083 0.0252708 0.0197742 0.0148442 0.0106017 0.00713956 0.00449256
 0.00788059 0.0128718 0.0195015 0.027743 0.0373314 0.0476064 0.0574848 0.0657288 0.0713935 0.0741222 0.0741057 0.0718298 0.0678487 0.0626755 0.0567473 0.0504127 0.0439319 0.0374936 0.031241 0.0252976 0.0197864 0.014837 0.010576 0.00710161 0.00445131
 0.00787413 0.0128618 0.0194871 0.0277234 0.0373055 0.0475728 0.0574422 0.0656776 0.0713367 0.0740668 0.0740603 0.0718027 0.0678441 0.0626929 0.0567828 0.0504614 0.0439896 0.0375563 0.0313037 0.025354 0.0198298 0.0148625 0.010583 0.0070938 0.00443517
 0.0078935 0.0128874 0.0195149 0.0277461 0.0373148 0.0475626 0.0574113 0.0656295 0.0712781 0.0740046 0.0740009 0.0717513 0.0678059 0.0626721 0.0567817 0.0504792 0.044023 0.0376004 0.0313527 0.0254017 0.0198704 0.0148915 0.0105986 0.00709737 0.00443062
 0.00787494 0.0128584 0.0194732 0.0276903 0.0372435 0.0474753 0.0573088 0.0655155 0.0711602 0.0738947 0.0739125 0.0716966 0.0677921 0.0626999 0.0568462 0.050572 0.0441342 0.0377198 0.031471 0.0255106 0.0199631 0.0149637 0.0106491 0.00712818 0.0044462
 0.00789879 0.0128909 0.0195106 0.0277249 0.0372664 0.0474786 0.0572887 0.0654724 0.0710976 0.0738172 0.0738262 0.0716093 0.0677133 0.0626397 0.0568125 0.0505685 0.0441591 0.0377674 0.0315326 0.0255771 0.0200261 0.015017 0.0106892 0.00715466 0.00446122
 0.00787086 0.012848 0.0194507 0.0276475 0.037172 0.0473688 0.0571661 0.065342 0.0709679 0.0736997 0.0737333 0.0715514 0.0676962 0.062664 0.0568744 0.0506618 0.0442764 0.0378998 0.0316705 0.0257104 0.0201458 0.0151163 0.0107649 0.00720718 0.00449412
 0.0078378 0.012793 0.0193659 0.0275257 0.0370096 0.0471688 0.0569413 0.0651138 0.0707611 0.0735358 0.0736261 0.0715061 0.0677118 0.062735 0.0569929 0.0508175 0.0444574 0.0380936 0.0318649 0.0258938 0.0203082 0.0152508 0.0108681 0.00728003 0.00454101
 0.00780835 0.0127437 0.0192891 0.0274136 0.0368557 0.0469712 0.056706 0.0648559 0.0705038 0.0733063 0.0734499 0.0714021 0.0676888 0.0627914 0.0571184 0.0509966 0.0446725 0.0383271 0.0321001 0.0261159 0.0205053 0.0154144 0.0109943 0.00737002 0.00459973
 0.00780492 0.0127341 0.019267 0.0273704 0.0367821 0.0468604 0.0565561 0.064672 0.0702976 0.0730947 0.0732528 0.0712404 0.0675812 0.062751 0.0571497 0.051095 0.0448254 0.038517 0.0323077 0.0263227 0.0206955 0.0155764 0.011122 0.00746256 0.00466109
 0.00775039 0.0126503 0.0191501 0.0272196 0.0365999 0.0466516 0.0563284 0.0644363 0.070068 0.0728869 0.0730831 0.0711229 0.0675269 0.0627663 0.0572359 0.0512474 0.045033 0.0387635 0.0325728 0.0265853 0.0209366 0.0157818 0.0112838 0.00758 0.00473913
 0.00772008 0.012596 0.0190594 0.0270793 0.0364001 0.0463923 0.0560243 0.064116 0.0697661 0.0726344 0.0728998 0.071017 0.0674982 0.062811 0.0573485 0.0514207 0.0452575 0.0390255 0.0328549 0.0268675 0.0211991 0.0160082 0.0114643 0.00771222 0.00482774
 0.00930238 0.0148111 0.0217328 0.0298272 0.0387399 0.0479198 0.0565547 0.0637133 0.0686648 0.0711225 0.07123 0.0693689 0.0659802 0.0614771 0.0562175 0.0504914 0.0445183 0.0384598 0.0324424 0.0265842 0.0210186 0.0159035 0.0114105 0.00768897 0.0048203
 0.00928681 0.0150776 0.0226481 0.0318459 0.0422063 0.0528002 0.0622674 0.0692228 0.0728489 0.0732144 0.0710718 0.0673562 0.0627905 0.0577808 0.0525104 0.0470652 0.041509 0.0359107 0.0303498 0.0249217 0.0197466 0.0149729 0.0107646 0.00726739 0.00456372
 0.0089544 0.0145564 0.021921 0.030966 0.0413487 0.0522965 0.0625644 0.0707214 0.0756613 0.0769844 0.0750198 0.0705741 0.0646192 0.0580396 0.0514653 0.045214 0.039349 0.033803 0.0284962 0.0234026 0.0185696 0.0141079 0.0101638 0.00687555 0.00432567
 0.00878639 0.014272 0.0214731 0.0303073 0.0404507 0.051183 0.0613529 0.0696503 0.0750682 0.0772112 0.0762586 0.0727235 0.0672549 0.060552 0.053306 0.0461051 0.0393372 0.0331588 0.0275511 0.0224251 0.0177194 0.0134483 0.00969578 0.0065689 0.00414002
 0.0087506 0.014205 0.0213548 0.0301101 0.0401423 0.050733 0.0607458 0.0689035 0.0742536 0.076472 0.0758001 0.0727603 0.0679152 0.0617841 0.0548557 0.0476 0.0404415 0.0337051 0.0275738 0.0220949 0.0172391 0.012975 0.0093134 0.00630004 0.00397118
 0.00869503 0.0141205 0.0212377 0.0299593 0.0399565 0.0505073 0.0604705 0.0685665 0.0738482 0.0760101 0.0753287 0.0723713 0.0677346 0.0619308 0.0553778 0.0484263 0.041388 0.0345466 0.0281405 0.0223346 0.0172116 0.0127964 0.00909432 0.0061102 0.00383669
 0.00868066 0.0140917 0.0211848 0.0298708 0.039823 0.0503265 0.0602504 0.0683227 0.0735968 0.0757601 0.0750826 0.0721356 0.0675351 0.0618203 0.0554233 0.0486745 0.0418278 0.0350953 0.0286722 0.0227362 0.0174301 0.0128489 0.00904163 0.00601828 0.00375061
 0.00867114 0.0140759 0.02116 0.0298335 0.0397681 0.050248 0.0601427 0.068183 0.0734282 0.0755724 0.0748901 0.0719532 0.0673768 0.0617023 0.0553691 0.0487136 0.041982 0.0353588 0.0290011 0.0230606 0.0176845 0.0130003 0.0090971 0.00601081 0.00371693
 0.00865499 0.0140525 0.02113 0.0297989 0.0397318 0.0502115 0.0601051 0.0681405 0.0733752 0.0755033 0.0748025 0.0718493 0.0672648 0.0615955 0.0552849 0.0486719 0.0420018 0.0354504 0.0291569 0.0232521 0.0178707 0.0131453 0.00918451 0.00604631 0.00371916
 0.00865721 0.0140517 0.021121 0.0297748 0.0396865 0.0501437 0.0600201 0.06805 0.0732919 0.0754362 0.0747528 0.0718123 0.0672333 0.0615652 0.0552575 0.0486558 0.0420095 0.0354939 0.0292407 0.0233683 0.0179998 0.0132631 0.00927274 0.00609923 0.00374267
 0.00865232 0.0140486 0.0211247 0.0297919 0.0397216 0.0501955 0.060079 0.0681001 0.0733177 0.075429 0.0747142 0.0717511 0.0671604 0.0614889 0.0551831 0.0485882 0.0419556 0.0354619 0.0292378 0.0233955 0.0180499 0.0133225 0.0093268 0.00613849 0.00376516
 0.00863899 0.0140273 0.0210938 0.0297512 0.0396736 0.0501463 0.0600382 0.0680777 0.0733195 0.0754529 0.0747499 0.0717852 0.0671824 0.061495 0.0551757 0.0485732 0.0419398 0.0354522 0.0292402 0.0234135 0.0180823 0.0133634 0.0093677 0.00617205 0.00378791
 0.00863552 0.0140189 0.0210761 0.0297186 0.0396212 0.0500726 0.0599475 0.067981 0.073232 0.0753901 0.0747224 0.0717948 0.0672223 0.0615524 0.0552373 0.0486293 0.0419869 0.0354917 0.0292761 0.0234499 0.0181211 0.0134033 0.0094053 0.00620329 0.00381047
 0.00866233 0.0140603 0.0211341 0.0297927 0.0397072 0.0501621 0.060028 0.0680376 0.0732527 0.0753699 0.0746665 0.0717167 0.067138 0.061475 0.0551731 0.0485786 0.0419464 0.0354587 0.0292499 0.0234317 0.0181121 0.0134031 0.00941156 0.00621247 0.00381931
 0.00862672 0.0140123 0.0210801 0.0297445 0.039679 0.0501645 0.0600631 0.0680984 0.0733249 0.0754373 0.0747152 0.0717397 0.0671358 0.0614547 0.0551446 0.048551 0.0419248 0.0354444 0.0292419 0.0234287 0.0181133 0.0134081 0.00941909 0.00622095 0.00382704
 0.00862672 0.0140123 0.0210801 0.0297445 0.039679 0.0501645 0.0600631 0.0680984 0.0733249 0.0754373 0.0747152 0.0717397 0.0671358 0.0614547 0.0551446 0.048551 0.0419248 0.0354444 0.0292419 0.0234287 0.0181133 0.0134081 0.00941909 0.00622095 0.00382704
 0.00861469 0.013988 0.0210353 0.029671 0.0395723 0.0500301 0.0599196 0.0679742 0.073248 0.0754235 0.0747622 0.0718291 0.0672428 0.0615578 0.0552316 0.048619 0.0419771 0.035486 0.0292768 0.0234589 0.0181397 0.0134307 0.00943785 0.0062358 0.00383802
 0.00880031 0.0142806 0.021457 0.0302309 0.0402599 0.0508068 0.0607146 0.0686924 0.0737932 0.0757269 0.0748006 0.071624 0.0668449 0.0610277 0.0546277 0.0479915 0.0413674 0.0349259 0.0287882 0.0230538 0.0178209 0.0131934 0.00927179 0.0061273 0.00377237
 0.00878687 0.0142818 0.021501 0.030358 0.0405113 0.0512071 0.0612559 0.0693283 0.0744469 0.0763093 0.0752316 0.0718497 0.0668474 0.0608251 0.0542647 0.0475255 0.0408552 0.0344162 0.0283178 0.0226473 0.0174907 0.0129417 0.00909246 0.00600845 0.00369957
 0.00884469 0.0143645 0.0216059 0.0304793 0.0406464 0.0513648 0.0614581 0.0696024 0.0748078 0.0767429 0.0756883 0.0722557 0.0671276 0.0609273 0.0541733 0.0472621 0.0404677 0.0339633 0.0278555 0.0222198 0.0171269 0.0126549 0.00888279 0.00586674 0.0036114
 0.00878872 0.0142821 0.0214978 0.0303512 0.0405074 0.0512247 0.0613285 0.0694992 0.0747559 0.0767734 0.0758283 0.072512 0.0674744 0.0613075 0.0545157 0.0475057 0.0405811 0.0339497 0.0277451 0.0220548 0.0169479 0.012492 0.00875248 0.00577334 0.00355099
 0.00897072 0.0145577 0.0218741 0.0308199 0.0410451 0.0517957 0.061886 0.0699892 0.0751244 0.0769803 0.07586 0.0723862 0.067233 0.0609995 0.0541788 0.0471565 0.040219 0.0335704 0.0273528 0.0216669 0.0165895 0.0121865 0.00851395 0.00560333 0.00344069
 0.00920641 0.0149488 0.0224745 0.0316764 0.0421777 0.0531709 0.0633977 0.0714652 0.0763669 0.0778215 0.0762062 0.0722314 0.0666448 0.0600919 0.0530817 0.0459897 0.0390746 0.032507 0.0264018 0.0208438 0.0159027 0.0116399 0.00810409 0.00531737 0.00325689
 0.00904533 0.0147171 0.0221841 0.0313644 0.0419043 0.0530107 0.0634259 0.0717373 0.076895 0.0785566 0.0770398 0.0730237 0.0672674 0.0604639 0.0531851 0.0458603 0.0387788 0.0321175 0.0259803 0.0204347 0.0155349 0.0113306 0.00786149 0.00514124 0.00313964
 0.00897125 0.0145699 0.021916 0.0309224 0.0412532 0.0521657 0.0624757 0.070839 0.0762325 0.0782803 0.0772163 0.0736159 0.0681511 0.061469 0.0541453 0.0466543 0.0393491 0.0324654 0.0261457 0.020472 0.015496 0.0112565 0.00778055 0.00507042 0.00308637
 0.00877842 0.0142564 0.021444 0.0302564 0.0403674 0.0510569 0.0611813 0.0694504 0.0748959 0.0771781 0.0765297 0.0734775 0.0686014 0.0624378 0.0554691 0.0481239 0.0407674 0.0336911 0.0271103 0.0211709 0.0159654 0.0115494 0.00795007 0.00516069 0.00313009
 0.00891919 0.0144527 0.021678 0.030487 0.0405371 0.0511035 0.0610507 0.0691071 0.0743325 0.0764264 0.0756695 0.0726332 0.0679193 0.0620461 0.055435 0.0484295 0.0413174 0.0343503 0.0277499 0.0217031 0.0163546 0.0118024 0.00809642 0.00523568 0.0031635
 0.00887939 0.0144118 0.0216587 0.0305204 0.0406481 0.0512909 0.0612737 0.0692902 0.0743896 0.0762935 0.0753294 0.0721232 0.0673236 0.0614768 0.0550053 0.0482219 0.0413588 0.034604 0.0281324 0.0221172 0.0167222 0.012082 0.00828235 0.00534462 0.00321988
 0.00876803 0.0142314 0.0213908 0.0301549 0.0401926 0.0507808 0.0607746 0.0688834 0.0741415 0.0762243 0.0754024 0.072265 0.0674624 0.0615766 0.055078 0.0483147 0.0415255 0.034875 0.0284983 0.0225331 0.0171276 0.0124261 0.00853911 0.0055143 0.00331963
 0.00871423 0.0141388 0.0212418 0.02993 0.0398753 0.0503658 0.0602775 0.0683462 0.0736298 0.0758129 0.0751538 0.0722069 0.0675781 0.0618133 0.0553732 0.0486238 0.0418349 0.0351944 0.0288401 0.0228937 0.0174838 0.0127453 0.00879489 0.0056966 0.00343509
#pred catch len freq
 0.00474467 0.00748167 0.010862 0.014782 0.0191755 0.0239987 0.0291569 0.0344621 0.0396681 0.0445353 0.0488738 0.0525587 0.0555334 0.0577987 0.0593805 0.0602947 0.0605274 0.0600299 0.0587097 0.0564067 0.0528845 0.0478986 0.0413699 0.0335881 0.0252784
 0.00498568 0.00778614 0.0111632 0.0149751 0.0191606 0.0237402 0.0287208 0.0339978 0.0393346 0.0444162 0.0489323 0.0526601 0.0555184 0.0575652 0.0589369 0.059762 0.0600907 0.0598591 0.0588824 0.0568709 0.0534837 0.0484462 0.0417323 0.0337299 0.0252497
