SBPRF35
12.7214
Curr Bio
846268
B35
889825
F35
0.171044
FOFL
0.163378
OFL
114244
Bzero
3.63469e+06
#pred survey bio
 3.75229e+06 3.61595e+06 3.49886e+06 3.32313e+06 3.0893e+06 2.85632e+06 2.61546e+06 2.38326e+06 2.127e+06 1.88651e+06 1.67957e+06 1.4909e+06 1.32351e+06 1.17709e+06 1.03654e+06 904034 795417 721148 672662 631601 612629 587460 578297 570439 561028 554438 545484 550575 548542 558918 552656 553543 565338 572561 576429 580455 590999 604891 608306 614755 630936 640513 646107 647688 655356 659694 659748 666592 668972 680248 691584 753561 807876 864594 904389 923308 923957 916157 905094 899628 890113 864014 853666 3.00759e+07 1.82504e+07 1.87354e+07 1.9661e+07 2.08535e+07 2.21256e+07 2.33409e+07 2.4421e+07 2.53349e+07 2.60818e+07 2.66774e+07 2.71446e+07 2.75068e+07 2.77856e+07 2.79994e+07 2.8163e+07 2.82884e+07 2.83846e+07 2.84587e+07 2.85159e+07 2.85603e+07 2.85949e+07 2.8622e+07 2.86433e+07 2.86601e+07 2.86735e+07 2.8684e+07 2.86925e+07 2.86992e+07 2.87047e+07 2.8709e+07 2.87125e+07 2.87154e+07 2.87177e+07 2.87196e+07 2.87211e+07 2.87223e+07 2.87233e+07 2.87241e+07 2.87248e+07 2.87254e+07 2.87258e+07 2.87262e+07 2.87265e+07 2.87267e+07 2.87269e+07 2.87271e+07 2.87272e+07 2.87273e+07 2.87274e+07 2.87275e+07 2.87275e+07 2.87276e+07 2.87276e+07 2.87277e+07 2.87277e+07 2.87277e+07 2.87277e+07 2.87277e+07 2.87278e+07 2.87278e+07 2.87278e+07 2.87278e+07 2.87278e+07 2.87278e+07 2.87278e+07 2.87278e+07 2.87278e+07 2.87278e+07 2.87278e+07 2.87278e+07 2.87278e+07 2.87278e+07 2.87278e+07 2.87278e+07 2.87278e+07 2.87278e+07 2.87278e+07 2.87278e+07 2.87278e+07 2.87278e+07 2.87278e+07 2.87278e+07 2.87278e+07 2.87278e+07 2.87278e+07 2.87278e+07 2.87278e+07 2.87278e+07 2.87278e+07 2.87278e+07 2.87278e+07 2.87278e+07 2.87278e+07 2.87278e+07 2.87278e+07 2.87278e+07 2.87278e+07 2.87278e+07 2.87278e+07 0 0 0 0 0 0 0 0 0 0 0 0 0 0 0 0 0 0 0 0 0 0 0 0 0
#obs survey bio
 4.45919e+06 3.45773e+06 3.85034e+06 2.86984e+06 4.54635e+06 2.47377e+06 2.78784e+06 2.33993e+06 2.31649e+06 2.09468e+06 1.29664e+06 1.43444e+06 1.40027e+06 1.38196e+06 721377 1.12276e+06 769957 621021 490941 602677 497886 579458 550242 598959 567766 574188 436896 612642 553930 547331 552159 472888 487120 758534 579342 526287 700189 798416 683813 447917 709059 827178 660371 542368 805646 549255 950291 518172 955283 587468 899049 627156 772672 845556 1.14448e+06 1.18739e+06 798818 1.01961e+06 1.00277e+06 985372 938891 865911 821207
#pred catch bio
 102068 93684.8 159208 226027 240810 264999 274789 313714 314480 297135 291011 278539 262988 257842 248098 223031 189492 164628 155282 133553 135635 119089 115918 114831 109960 109926 97164.5 102816 92246.7 106085 99382 90905.8 95673.6 98453.9 98140.3 93045.9 91262.5 100824 98895.5 92539.8 100186 104435 107854 102614 105642 109380 104158 109027 102962 105200 66458.6 77697.7 78249 93884.4 111555 126554 133204 135278 129637 132378 145604 131759 119247 114244 120271 122374 127426 134636 142443 149843 156314 161666 165920 169200 171672 173503 174839 175804 176495 176986 177334 177578 177749 177869 177953 178011 178051 178079 178099 178112 178121 178128 178132 178135 178137 178139 178140 178140 178141 178141 178142 178142 178142 178142 178142 178142 178142 178142 178142 178142 178142 178142 178142 178142 178142 178142 178142 178142 178142 178142 178142 178142 178142 178142 178142 178142 178142 178142 178142 178142 178142 178142 178142 178142 178142 178142 178142 178142 178142 178142 178142 178142 178142 178142 178142 178142 178142 178142 178142 178142 178142 178142 178142 178142 178142 178142 178142 178142 178142 178142 178142 178142 178142 0 0 0 0 0 0 0 0 0 0 0 0 0 0 0 0 0 0 0 0 0 0 0 0 0
#obs catch bio
 0 93254 159372 226553 240197 264290 273526 313292 314472 296412 292923 280270 263355 257793 248880 222886 189518 166046 157473 134721 136995 119511 116370 115198 109619 109288 97061.7 102691 91915.8 105760 99173.1 90610.3 96073.4 98138.3 98026.9 93015.4 91083.8 100749 98648.9 92598.1 100349 104740 108140 102868 105301 109493 103789 109361 102898 105808 66269.3 78087.2 78530.6 94141 111619 126425 133264 135160 129318 131617 144947 131353 119151
#pred cpue bio
 3.70982e+06 3.57491e+06 3.45774e+06 3.28206e+06 3.04902e+06 2.81656e+06 2.57605e+06 2.3441e+06 2.08856e+06 1.84897e+06 1.64273e+06 1.45496e+06 1.28888e+06 1.14392e+06 1.00493e+06 874112 767116 693989 646392 606412 588250 564063 555424 548026 539199 533109 524461 529501 527621 537877 531813 532676 544137 551333 555322 559320 569632 583253 586604 592725 608293 617571 623165 624854 632495 636757 636726 643288 645417 656257 667060 727912 781776 838056 877514 896166 896560 888629 877748 872533 863242 837366 826797 2.91268e+07 1.76768e+07 1.80505e+07 1.88789e+07 2.00457e+07 2.13132e+07 2.25277e+07 2.36078e+07 2.45216e+07 2.52685e+07 2.58642e+07 2.63313e+07 2.66935e+07 2.69723e+07 2.71861e+07 2.73498e+07 2.74751e+07 2.75713e+07 2.76454e+07 2.77026e+07 2.7747e+07 2.77816e+07 2.78087e+07 2.783e+07 2.78469e+07 2.78602e+07 2.78708e+07 2.78792e+07 2.7886e+07 2.78914e+07 2.78957e+07 2.78993e+07 2.79021e+07 2.79044e+07 2.79063e+07 2.79078e+07 2.7909e+07 2.79101e+07 2.79109e+07 2.79115e+07 2.79121e+07 2.79125e+07 2.79129e+07 2.79132e+07 2.79134e+07 2.79136e+07 2.79138e+07 2.79139e+07 2.7914e+07 2.79141e+07 2.79142e+07 2.79143e+07 2.79143e+07 2.79144e+07 2.79144e+07 2.79144e+07 2.79144e+07 2.79145e+07 2.79145e+07 2.79145e+07 2.79145e+07 2.79145e+07 2.79145e+07 2.79145e+07 2.79145e+07 2.79145e+07 2.79145e+07 2.79145e+07 2.79145e+07 2.79145e+07 2.79145e+07 2.79145e+07 2.79145e+07 2.79145e+07 2.79145e+07 2.79145e+07 2.79145e+07 2.79145e+07 2.79145e+07 2.79145e+07 2.79145e+07 2.79145e+07 2.79145e+07 2.79145e+07 2.79145e+07 2.79145e+07 2.79145e+07 2.79145e+07 2.79145e+07 2.79145e+07 2.79145e+07 2.79145e+07 2.79145e+07 2.79145e+07 2.79145e+07 2.79145e+07 2.79145e+07 2.79145e+07 2.79145e+07 2.79145e+07 0 0 0 0 0 0 0 0 0 0 0 0 0 0 0 0 0 0 0 0 0 0 0 0 0
#obs cpue bio
 3.08148e+06 3.14804e+06 3.55061e+06 3.33117e+06 3.27216e+06 3.56042e+06 2.64747e+06 1.91639e+06 1.61347e+06 1.94506e+06 1.05988e+06 1.4689e+06 1.57390e+06 1.09343e+06 1.20414e+06 843560 731547 451969 599112 609365 687881 658060 556308 536356 775516 709654 431149 590250 521256 690204 481342 649308 383953 743866 492437 557054 529053 468016 594165 554868 553158 413624 631435 653687 865614 576962 589969 538691 537299 608269 478125 634417 644139 1.17191e+06 925981 841388 885114 929754 870657 1.11744e+06 895771 719028 675182
#pred surv len freq
 0.00418807 0.00690684 0.0105951 0.0152985 0.0209354 0.0272024 0.0335601 0.0393818 0.0441946 0.0478299 0.0503865 0.0520852 0.0531457 0.0537382 0.0539863 0.0539921 0.0538605 0.0536974 0.0535435 0.0532428 0.0523269 0.0500612 0.0457478 0.0391763 0.0309169
 0.00447398 0.00729108 0.011027 0.0156878 0.0211855 0.0272585 0.0334406 0.0391682 0.0439845 0.0476835 0.050305 0.0520326 0.0530942 0.0537029 0.0540275 0.0541822 0.0542345 0.0542121 0.0540684 0.0535958 0.0523453 0.0496762 0.0450206 0.0382721 0.0300299
 0.00452238 0.00742929 0.0113383 0.0162689 0.0221007 0.0284817 0.0348218 0.0404658 0.0449578 0.0481945 0.0503616 0.0517509 0.0526201 0.0531536 0.0534807 0.0536937 0.0538473 0.0539383 0.0538625 0.0533507 0.0519319 0.0490109 0.0441189 0.0372496 0.0290481
 0.00462803 0.00758888 0.0115612 0.0165695 0.0225117 0.0290623 0.035646 0.0415797 0.0463238 0.0496601 0.0516898 0.0527077 0.0530687 0.0530956 0.0530276 0.053002 0.0530592 0.0531479 0.0531011 0.052589 0.0511034 0.0480601 0.0430501 0.0361421 0.0280245
 0.00483215 0.00791656 0.0120452 0.0172345 0.023367 0.0300948 0.0368185 0.0428418 0.047629 0.0509726 0.0529656 0.0538631 0.05397 0.053594 0.0530235 0.0524921 0.0521347 0.0519472 0.0517513 0.0511681 0.0496411 0.0465696 0.0415679 0.0347459 0.0268137
 0.00506886 0.00829751 0.0126113 0.0180206 0.0243951 0.0313627 0.038288 0.0444353 0.0492427 0.0525015 0.054327 0.0550031 0.0548477 0.0541577 0.053201 0.0522113 0.0513627 0.050718 0.0501595 0.0493366 0.0476889 0.0446025 0.0396882 0.0330588 0.0254134
 0.00532376 0.00871383 0.0132411 0.0189129 0.0255851 0.0328562 0.0400453 0.0463661 0.0512197 0.0543857 0.0559931 0.0563555 0.0558246 0.0547242 0.0533338 0.0518848 0.05055 0.0494103 0.0483917 0.0471998 0.0453239 0.042179 0.037382 0.0310275 0.0237699
 0.00553793 0.00907242 0.0138003 0.0197322 0.0267158 0.0343226 0.0418253 0.0483831 0.0533519 0.0564885 0.0579221 0.0579839 0.0570534 0.0554862 0.053591 0.0516189 0.0497526 0.0480829 0.0465594 0.0449337 0.0427567 0.0395006 0.0348105 0.0287642 0.0219538
 0.00578801 0.00948471 0.0144319 0.0206411 0.0279511 0.0359075 0.0437392 0.050552 0.0556554 0.0587792 0.0600472 0.0598024 0.0584479 0.0563701 0.0539097 0.0513461 0.0488828 0.0466274 0.0445526 0.0424511 0.0399348 0.036542 0.031959 0.0262524 0.0199443
 0.0061088 0.00999519 0.0151802 0.0216659 0.0292772 0.0375376 0.0456426 0.0526593 0.0578638 0.0609666 0.0620873 0.061575 0.0598447 0.0572995 0.0543006 0.0511498 0.048074 0.0452047 0.0425459 0.0399366 0.0370527 0.0335015 0.0290153 0.0236524 0.0178628
 0.00634362 0.0103938 0.0158105 0.0225991 0.0305698 0.0392047 0.0476353 0.054863 0.0601239 0.0631284 0.0640256 0.0632006 0.0610947 0.0581224 0.0546478 0.0509749 0.0473376 0.0438851 0.0406532 0.0375323 0.034268 0.0305413 0.0261335 0.0210977 0.0158133
 0.00651202 0.0106832 0.0162759 0.0233046 0.0315779 0.0405579 0.0493336 0.0568496 0.0622859 0.0653132 0.0660674 0.0649491 0.0624375 0.0589924 0.0550143 0.0508251 0.0466617 0.0426744 0.0389149 0.035314 0.0316829 0.0277767 0.0234285 0.0186903 0.0138768
 0.0066985 0.0109848 0.0167278 0.0239414 0.0324305 0.0416472 0.0506619 0.0583922 0.0639885 0.0670932 0.0678192 0.0665521 0.0637701 0.0599488 0.0555185 0.0508345 0.0461602 0.0416634 0.0374127 0.0333699 0.0293986 0.0253178 0.0210095 0.0165277 0.012131
 0.00690301 0.0113167 0.017226 0.0246402 0.0333525 0.042792 0.0519962 0.0598503 0.0654859 0.0685473 0.069162 0.0677299 0.0647337 0.0606451 0.05589 0.0508266 0.0457308 0.040791 0.0361024 0.0316639 0.0273883 0.0231507 0.0188744 0.0146159 0.0105851
 0.00712043 0.0116785 0.017785 0.0254489 0.0344489 0.0441799 0.0536259 0.0616155 0.067243 0.0701493 0.0704909 0.0687147 0.0653499 0.0609011 0.0558066 0.050419 0.0450015 0.0397336 0.0347179 0.0299797 0.0254765 0.0211346 0.0169152 0.0128768 0.00918669
 0.00734216 0.0120467 0.0183535 0.0262719 0.0355698 0.0456118 0.0553319 0.0634997 0.0691612 0.0719351 0.0719868 0.069799 0.0659541 0.0610151 0.0554685 0.0496933 0.0439542 0.0384165 0.0331689 0.0282383 0.0236052 0.0192324 0.0151108 0.0113006 0.00793263
 0.00762219 0.0124827 0.0189746 0.0270943 0.0365971 0.0468342 0.0567219 0.0650063 0.0707074 0.0734224 0.0733048 0.0708385 0.0666233 0.0612552 0.0552639 0.0490714 0.042973 0.0371476 0.031683 0.0266033 0.021895 0.0175368 0.0135341 0.00994313 0.00686374
 0.00776399 0.0127208 0.0193458 0.0276348 0.0373315 0.0477607 0.0578017 0.0661665 0.0718616 0.0744949 0.0742432 0.0716082 0.0671919 0.0615832 0.0553095 0.0488045 0.0423892 0.0362729 0.0305693 0.0253203 0.0205246 0.01617 0.012265 0.00885508 0.00601066
 0.00775536 0.0127178 0.0193628 0.0276952 0.0374656 0.0480007 0.0581736 0.0666814 0.0725083 0.0752379 0.0750276 0.0723709 0.0678736 0.0621334 0.0556848 0.0489664 0.0423076 0.0359348 0.0299876 0.0245371 0.0196079 0.0152051 0.0113412 0.0080497 0.00537364
 0.00777642 0.0127468 0.0193976 0.0277325 0.0375051 0.0480499 0.0582509 0.0668143 0.0727253 0.0755573 0.0754481 0.0728679 0.0684029 0.0626403 0.0561137 0.0492677 0.0424413 0.0358741 0.0297242 0.0240876 0.019016 0.0145374 0.0106743 0.00745342 0.00489511
 0.00771007 0.0126365 0.0192274 0.0274877 0.0371771 0.0476443 0.0577952 0.0663601 0.0723425 0.0753199 0.0754167 0.0730739 0.0688382 0.0632564 0.0568313 0.0499932 0.0430849 0.0363638 0.0300152 0.0241674 0.0189052 0.014285 0.0103469 0.00711791 0.00460343
 0.00778936 0.0127493 0.0193667 0.0276351 0.0373058 0.0477247 0.057802 0.0662781 0.0721719 0.0750809 0.0751509 0.0728378 0.0686899 0.0632382 0.0569549 0.0502339 0.0433878 0.0366591 0.0302373 0.0242715 0.0188779 0.0141446 0.010135 0.00688491 0.00439232
 0.00777403 0.0127226 0.0193231 0.0275672 0.0372051 0.0475833 0.0576146 0.0660457 0.0719046 0.0747998 0.0748867 0.0726274 0.0685703 0.0632389 0.0570907 0.0504984 0.0437498 0.0370658 0.0306255 0.0245836 0.0190774 0.014225 0.0101177 0.00680775 0.00429491
 0.00768661 0.0125954 0.0191591 0.0273783 0.037008 0.047393 0.0574396 0.0658871 0.0717591 0.074664 0.0747617 0.0725216 0.0684995 0.0632246 0.0571541 0.0506528 0.0439928 0.0373754 0.0309617 0.024898 0.0193275 0.014387 0.0101923 0.00681561 0.00426517
 0.00767357 0.0125614 0.0190855 0.0272427 0.0367937 0.047101 0.057097 0.0655427 0.0714661 0.0744598 0.0746563 0.0725009 0.0685401 0.0633079 0.0572736 0.0508126 0.0441992 0.0376271 0.0312434 0.0251814 0.0195791 0.0145802 0.0103161 0.00687668 0.00428194
 0.0077497 0.0126633 0.0191976 0.0273349 0.0368271 0.0470392 0.0569182 0.0652485 0.0710858 0.0740457 0.0742721 0.0722036 0.0683633 0.0632556 0.0573275 0.0509459 0.0443883 0.0378547 0.0314942 0.0254367 0.0198164 0.0147776 0.0104602 0.00696645 0.00432749
 0.00782059 0.0127815 0.019379 0.0275915 0.0371578 0.0474196 0.0572947 0.0655458 0.071229 0.0739891 0.0740179 0.071802 0.0678935 0.0627991 0.0569454 0.050669 0.0442205 0.0377824 0.0314965 0.0254906 0.019898 0.0148646 0.0105348 0.00701931 0.00435783
 0.00775431 0.0126769 0.0192286 0.0273935 0.0369198 0.0471623 0.0570511 0.0653535 0.0711153 0.0739572 0.0740449 0.0718516 0.0679363 0.0628274 0.0569739 0.0507223 0.0443183 0.0379301 0.0316848 0.0257 0.0201059 0.0150508 0.0106852 0.00712817 0.00442786
 0.0077886 0.0127235 0.0192818 0.0274416 0.0369484 0.0471586 0.0570093 0.0652778 0.0710194 0.0738598 0.0739626 0.0717913 0.0678926 0.0627876 0.0569279 0.0506718 0.0442766 0.0379149 0.0317078 0.0257611 0.0201938 0.0151483 0.0107758 0.0072007 0.00447848
 0.00770315 0.012591 0.0190942 0.0271959 0.0366469 0.0468097 0.0566294 0.0648926 0.0706632 0.0735713 0.0737777 0.0717347 0.0679704 0.062984 0.0572094 0.0509976 0.0446114 0.0382366 0.0320069 0.0260347 0.020439 0.0153595 0.0109468 0.00732844 0.00456529
 0.00776986 0.0126932 0.0192359 0.0273756 0.0368564 0.0470334 0.0568437 0.065067 0.0707656 0.0735764 0.0736762 0.071539 0.0677126 0.0627072 0.0569545 0.050792 0.044465 0.0381456 0.0319617 0.0260251 0.0204559 0.0153935 0.0109883 0.00736855 0.00459783
 0.00785797 0.0128177 0.0193888 0.0275377 0.0370033 0.0471444 0.0569083 0.0650864 0.070747 0.0735277 0.0736011 0.0714375 0.0675852 0.0625595 0.0567997 0.0506483 0.0443499 0.0380697 0.0319262 0.0260242 0.0204796 0.0154315 0.0110308 0.00740796 0.00462941
 0.00769484 0.0125894 0.0191125 0.0272505 0.0367487 0.0469532 0.0567856 0.0650144 0.0707014 0.073495 0.0735861 0.0714557 0.0676494 0.06267 0.0569449 0.0508123 0.0445197 0.0382386 0.0320913 0.0261825 0.0206266 0.0155612 0.0111382 0.00749035 0.00468742
 0.00761942 0.0124563 0.0188957 0.026926 0.0363087 0.0464226 0.05623 0.0645269 0.0703694 0.0733643 0.0736464 0.0716557 0.0679278 0.0629804 0.0572616 0.051124 0.0448199 0.0385214 0.0323512 0.0264153 0.0208289 0.0157302 0.0112722 0.00758988 0.00475582
 0.00764522 0.0124861 0.0189169 0.0269168 0.0362406 0.0462674 0.0559704 0.0641675 0.0699451 0.0729382 0.0732942 0.0714397 0.0678746 0.0630752 0.0574624 0.0513826 0.0450981 0.038795 0.0326067 0.0266449 0.0210278 0.0158953 0.0114021 0.00768579 0.00482145
 0.00767646 0.0125346 0.0189847 0.027002 0.0363349 0.0463535 0.0560212 0.0641504 0.0698318 0.0727189 0.0729876 0.0710942 0.0675548 0.0628407 0.0573477 0.051389 0.0452002 0.038956 0.0327922 0.0268296 0.0211959 0.0160381 0.0115158 0.00777024 0.00487948
 0.00765039 0.0124928 0.0189233 0.0269185 0.0362293 0.0462296 0.0558867 0.0640148 0.0697019 0.072595 0.0728648 0.0709682 0.0674308 0.0627375 0.057293 0.0514075 0.0453016 0.0391296 0.033012 0.0270641 0.0214178 0.016229 0.011667 0.00788077 0.00495392
 0.00758311 0.0123882 0.0187749 0.026724 0.0359913 0.0459571 0.0555962 0.0637297 0.0694496 0.0724002 0.0727428 0.0709214 0.0674501 0.062809 0.0574055 0.0515576 0.0454912 0.0393588 0.0332725 0.0273378 0.0216811 0.0164606 0.0118533 0.00801793 0.00504622
 0.00769294 0.0125438 0.0189664 0.0269274 0.0361749 0.0460916 0.0556631 0.0637236 0.0693752 0.0722683 0.0725676 0.0707193 0.0672388 0.0626051 0.0572237 0.0514097 0.045387 0.0393057 0.0332725 0.027385 0.0217616 0.0165556 0.0119451 0.00809418 0.00510194
 0.00777571 0.0126772 0.0191636 0.0271958 0.0365097 0.0464688 0.0560365 0.0640323 0.0695616 0.0722992 0.072445 0.0704754 0.0669206 0.0622586 0.0568845 0.0511024 0.0451273 0.0391031 0.0331312 0.0273035 0.0217314 0.0165628 0.0119731 0.00812833 0.0051323
 0.00767139 0.012531 0.0189873 0.0270162 0.0363625 0.0463874 0.056041 0.0641234 0.0697193 0.0724877 0.0726221 0.0706055 0.0669853 0.0622601 0.0568411 0.0510386 0.0450654 0.0390587 0.0331132 0.0273139 0.0217667 0.0166146 0.0120308 0.00818184 0.00517502
 0.00755216 0.0123515 0.0187449 0.0267211 0.036039 0.0460725 0.0557817 0.0639678 0.0697031 0.0726192 0.072875 0.0709256 0.0673087 0.0625341 0.0570375 0.0511558 0.0451215 0.0390798 0.0331232 0.0273291 0.0217941 0.0166534 0.012075 0.00822429 0.00521009
 0.00750128 0.0122632 0.0186027 0.0265085 0.0357462 0.0457064 0.0553728 0.0635701 0.069382 0.0724327 0.0728564 0.0710739 0.0675896 0.0628906 0.0574072 0.0514879 0.0453877 0.039276 0.0332623 0.0274302 0.0218739 0.0167215 0.0121345 0.00827403 0.0052484
 0.00748806 0.0122419 0.0185703 0.0264606 0.0356758 0.0456035 0.0552267 0.0633749 0.0691449 0.0721789 0.0726277 0.0709175 0.0675414 0.0629616 0.057579 0.0517203 0.0456341 0.0394987 0.0334416 0.027564 0.0219708 0.016793 0.012189 0.00831603 0.00527959
 0.00750206 0.0122507 0.0185582 0.0264053 0.0355553 0.045406 0.0549586 0.0630601 0.0688169 0.0718709 0.072367 0.0707266 0.0674407 0.0629675 0.057697 0.0519385 0.0459218 0.0398147 0.0337457 0.0278281 0.0221827 0.0169529 0.0123044 0.00839598 0.0053325
 0.0075139 0.0122752 0.0186034 0.0264787 0.0356577 0.0455249 0.0550646 0.0631139 0.0687837 0.0717365 0.0721452 0.070454 0.0671637 0.0627297 0.0575317 0.0518641 0.0459396 0.0399088 0.0338878 0.0279865 0.0223308 0.0170753 0.0123963 0.00845994 0.00537414
 0.00758467 0.01238 0.0187426 0.0266468 0.0358461 0.0457249 0.055268 0.063309 0.0689502 0.0718451 0.0721641 0.0703623 0.0669634 0.0624489 0.057217 0.0515658 0.0456981 0.0397452 0.0338026 0.0279639 0.0223476 0.0171092 0.0124316 0.00848869 0.00539435
 0.00760573 0.0124145 0.0187945 0.0267188 0.0359379 0.0458315 0.0553792 0.0634118 0.0690335 0.0719028 0.0721941 0.0703615 0.0669249 0.0623655 0.0570889 0.0514068 0.0455335 0.0396036 0.0337047 0.0279158 0.0223417 0.0171299 0.0124627 0.00851866 0.00541746
 0.00765865 0.0124978 0.0189147 0.0268797 0.0361395 0.046068 0.055637 0.0636693 0.0692636 0.0720785 0.0722949 0.0703779 0.0668584 0.0622256 0.0568894 0.0511644 0.0452691 0.0393417 0.03347 0.0277272 0.0222068 0.017045 0.0124163 0.00849709 0.00540935
 0.00771433 0.0125748 0.0190058 0.0269706 0.0362137 0.0461144 0.0556559 0.063672 0.0692666 0.0720953 0.0723301 0.0704253 0.0669041 0.0622533 0.0568859 0.0511233 0.0451923 0.0392392 0.0333575 0.027622 0.0221225 0.0169876 0.0123841 0.00848331 0.00540609
 0.00766177 0.0125129 0.0189552 0.026962 0.0362765 0.0462601 0.0558667 0.0639046 0.0694708 0.0722357 0.0723981 0.070435 0.0668782 0.0622097 0.0568312 0.0510556 0.0451075 0.0391368 0.0332435 0.0275075 0.02202 0.0169064 0.0123275 0.00844889 0.00538806
 0.00729441 0.011927 0.0180982 0.0258036 0.0348264 0.04459 0.0541232 0.0622943 0.0682105 0.0714889 0.0722316 0.0708167 0.0677065 0.0633517 0.0581517 0.0524335 0.0464436 0.0403584 0.0343053 0.0283893 0.0227215 0.0174409 0.0127159 0.00871617 0.00556043
 0.00710143 0.0116038 0.0175945 0.0250674 0.0338161 0.0432952 0.0525871 0.0606255 0.0665752 0.0700818 0.0712352 0.0703601 0.0678367 0.0640264 0.0592576 0.0538185 0.047951 0.0418516 0.0356808 0.0295805 0.0236961 0.018195 0.0132667 0.00909384 0.00580194
 0.00696941 0.0113838 0.0172527 0.0245667 0.0331217 0.0423834 0.0514583 0.0593145 0.0651553 0.0686635 0.0699579 0.0693758 0.0672828 0.0639933 0.059762 0.0547959 0.0492715 0.043352 0.0372 0.030987 0.0249019 0.0191576 0.0139831 0.00958988 0.00612001
 0.0069309 0.0113204 0.0171548 0.0244219 0.0329137 0.0420913 0.0510577 0.0587818 0.0644755 0.0678409 0.0690277 0.0684119 0.0663966 0.0633173 0.0594192 0.0548646 0.0497581 0.0441862 0.0382547 0.0321133 0.025966 0.0200654 0.0146893 0.0100928 0.00644789
 0.00698615 0.0114058 0.0172746 0.0245757 0.033094 0.0422814 0.0512291 0.0588929 0.0644758 0.0676796 0.0686674 0.0678442 0.0656555 0.0624852 0.0586185 0.0542317 0.0494068 0.0441725 0.0385593 0.0326508 0.0266155 0.0207092 0.0152418 0.0105128 0.00673376
 0.00701805 0.0114736 0.0174051 0.0248014 0.0334427 0.0427596 0.0518084 0.0595087 0.0650389 0.0680966 0.0688599 0.0677612 0.0652816 0.0618478 0.0577916 0.0533308 0.048569 0.0435231 0.0381775 0.0325479 0.0267383 0.0209662 0.0155384 0.0107789 0.00693466
 0.00697587 0.011423 0.0173634 0.0247988 0.0335175 0.0429494 0.052138 0.0599793 0.06562 0.0687245 0.0694439 0.068201 0.0654907 0.0617748 0.0574354 0.0527441 0.0478509 0.0427986 0.0375654 0.0321287 0.026534 0.0209426 0.0156282 0.0109119 0.00706004
 0.00695383 0.0113851 0.0173037 0.024714 0.0334125 0.0428433 0.0520674 0.0599924 0.0657621 0.0690176 0.0698715 0.0687045 0.0659807 0.0621529 0.0576208 0.0526977 0.047588 0.0423866 0.0371041 0.0317183 0.0262441 0.0207947 0.0155994 0.0109555 0.00712925
 0.0069689 0.0113989 0.0173048 0.024685 0.033335 0.0427058 0.0518738 0.0597673 0.0655492 0.0688721 0.0698457 0.0688299 0.0662514 0.0625208 0.0580048 0.0530087 0.0477592 0.0423964 0.036982 0.0315298 0.0260616 0.0206695 0.0155479 0.0109633 0.00716807
 0.00704923 0.0115203 0.0174695 0.0248868 0.0335577 0.0429239 0.0520541 0.059875 0.0655589 0.0687806 0.0696785 0.068637 0.0660906 0.062435 0.0580039 0.0530648 0.0478186 0.0424055 0.0369122 0.0313897 0.0258894 0.0205109 0.0154346 0.0109033 0.00714995
 0.00722306 0.0117959 0.01787 0.0254257 0.0342327 0.0437082 0.0528896 0.060674 0.06622 0.0692133 0.0698283 0.0684991 0.0657095 0.0618904 0.0573865 0.0524495 0.047247 0.0418843 0.0364292 0.0309351 0.0254693 0.020146 0.0151465 0.0107011 0.00702572
 0.00722466 0.0118161 0.0179329 0.0255648 0.0344825 0.0440906 0.0534014 0.0612813 0.0668625 0.069816 0.0703151 0.0688065 0.0657999 0.0617613 0.0570719 0.0520091 0.0467476 0.0413804 0.0359529 0.0305001 0.0250822 0.0198148 0.014881 0.0105066 0.00689811
#obs surv len freq
 nan nan nan nan nan nan nan nan nan nan nan nan nan nan nan nan nan nan nan nan nan nan nan nan nan
 0.00448031 0.00733968 0.0111679 0.015983 0.0216835 0.0279596 0.0342749 0.0400076 0.0446888 0.0481543 0.0505138 0.0520111 0.0529048 0.0534184 0.0537336 0.0539892 0.0542683 0.0545614 0.0547004 0.0542924 0.0527303 0.0493621 0.0438112 0.0362904 0.027673
 0.00461308 0.00755673 0.0114964 0.0164483 0.0223025 0.0287319 0.0351731 0.0409746 0.0456454 0.0490144 0.0512009 0.0524696 0.0531056 0.05336 0.0534377 0.0534928 0.0536148 0.0537936 0.0538574 0.0534111 0.0518495 0.0485247 0.043062 0.0356672 0.0271967
 0.00478778 0.00784061 0.0119234 0.0170499 0.0231017 0.0297334 0.0363529 0.042275 0.0469804 0.0502835 0.0523037 0.0533182 0.0536333 0.053528 0.0532383 0.052948 0.0527698 0.0527077 0.052597 0.0520467 0.0504567 0.0471846 0.0418549 0.0346594 0.0264251
 0.00497365 0.00814854 0.0123975 0.0177344 0.0240319 0.0309215 0.037773 0.0438593 0.0486284 0.0518812 0.0537404 0.0544957 0.05447 0.0539613 0.0532295 0.0524867 0.0518765 0.0514326 0.0510161 0.0502581 0.0485765 0.0453414 0.0401759 0.0332487 0.0253411
 0.00518915 0.00849851 0.0129239 0.0184773 0.0250235 0.0321753 0.039272 0.0455486 0.0504194 0.0536643 0.0554 0.0559214 0.0555645 0.0546445 0.0534417 0.0521911 0.0510639 0.0501272 0.0492807 0.0481973 0.0463348 0.0430911 0.0380936 0.0314815 0.0239747
 0.00540821 0.00885942 0.0134758 0.0192688 0.0260926 0.0335346 0.0408942 0.0473624 0.0523218 0.0555415 0.057144 0.057437 0.0567667 0.055457 0.0537963 0.0520325 0.0503563 0.0488649 0.0475013 0.0459935 0.0438593 0.0405452 0.0356959 0.0294216 0.0223688
 0.00564917 0.00925204 0.0140687 0.0201083 0.0272152 0.0349536 0.0425854 0.0492575 0.0543163 0.0575133 0.0589734 0.0590191 0.0580165 0.0563069 0.0541904 0.0519219 0.0496998 0.0476392 0.0457194 0.0437271 0.0412529 0.0378109 0.0330792 0.0271455 0.0205781
 0.00588615 0.00964221 0.0146649 0.0209626 0.0283685 0.0364196 0.0443339 0.0512102 0.056359 0.0595188 0.0608222 0.0606097 0.0592672 0.0571533 0.0545818 0.0518161 0.0490607 0.0464416 0.0439651 0.04147 0.0386218 0.0350124 0.0303668 0.0247604 0.0186851
 0.00612795 0.0100369 0.0152622 0.0218104 0.0295045 0.0378575 0.0460485 0.0531308 0.0583776 0.0615095 0.0626611 0.0621891 0.0605014 0.057979 0.0549536 0.0516998 0.0484283 0.0452727 0.0422598 0.0392729 0.0360475 0.0322537 0.0276708 0.0223704 0.0167742
 0.00638902 0.0104653 0.015914 0.0227394 0.0307507 0.0394293 0.0479057 0.0551802 0.0604884 0.0635401 0.0644836 0.0637016 0.0616297 0.0586726 0.0551808 0.051441 0.0476703 0.0440079 0.040496 0.0370543 0.0334799 0.0295165 0.0249976 0.0199962 0.01487
 0.00662504 0.0108537 0.0165074 0.0235899 0.0319 0.0408923 0.0496536 0.0571336 0.0625266 0.0655241 0.066279 0.0651949 0.0627367 0.0593393 0.0553784 0.0511582 0.0469053 0.0427651 0.0387928 0.0349379 0.0310501 0.0269375 0.0224827 0.0177614 0.0130743
 0.00681742 0.0111708 0.0169927 0.0242875 0.0328466 0.0421048 0.051115 0.0587868 0.0642813 0.067271 0.0679061 0.0665984 0.0638278 0.0600497 0.0556625 0.0509917 0.046281 0.0416893 0.0372877 0.0330538 0.0288819 0.0246343 0.0202351 0.0157618 0.0114649
 0.00703751 0.0115282 0.0175297 0.0250427 0.033847 0.0433536 0.0525799 0.0603964 0.0659355 0.0688615 0.0693335 0.0677816 0.0647052 0.0605764 0.0558081 0.050738 0.0456211 0.040629 0.0358494 0.031287 0.0268761 0.022525 0.0181916 0.0139527 0.0100132
 0.00728631 0.0119329 0.0181387 0.0258991 0.0349782 0.0447558 0.0542031 0.062142 0.067673 0.0704564 0.0706737 0.0687904 0.0653412 0.0608267 0.0556779 0.0502412 0.0447743 0.039451 0.0343676 0.0295491 0.0249628 0.0205557 0.0163126 0.0123072 0.00870295
 0.00743895 0.0121937 0.0185544 0.0265206 0.0358492 0.0458944 0.0555839 0.0636901 0.0692749 0.071983 0.0720036 0.0698269 0.0660209 0.0611206 0.0555867 0.0497864 0.0439873 0.0383666 0.0330246 0.0279985 0.0232789 0.0188415 0.0146914 0.010897 0.00758584
 0.00749767 0.0122916 0.0187076 0.0267496 0.0361789 0.0463525 0.0561957 0.0644686 0.0702104 0.0730346 0.0730983 0.0708688 0.066909 0.0617673 0.0559316 0.0498011 0.0436719 0.0377427 0.0321302 0.0268868 0.0220224 0.0175336 0.0134384 0.00979888 0.00671194
 0.00758666 0.0124228 0.0188806 0.0269565 0.0364091 0.0465996 0.0564627 0.0647703 0.0705691 0.0734723 0.0736257 0.0714736 0.0675492 0.0623744 0.0564239 0.050102 0.0437264 0.0375261 0.0316497 0.0261791 0.0211506 0.0165818 0.0125014 0.00896461 0.00604169
 0.007671 0.0125563 0.0190737 0.0272143 0.0367274 0.0469616 0.0568382 0.0651214 0.0708641 0.0737003 0.0738026 0.0716344 0.0677286 0.0625864 0.0566507 0.0502959 0.0438247 0.0374709 0.0314058 0.0257452 0.0205607 0.0158996 0.0118062 0.00833248 0.00552745
 0.00769963 0.012601 0.0191379 0.0273004 0.0368373 0.0470962 0.0569964 0.065298 0.0710486 0.0738783 0.0739616 0.0717702 0.067849 0.0627079 0.0567862 0.0504418 0.0439544 0.0375402 0.0313684 0.0255716 0.020252 0.0154898 0.0113526 0.00789821 0.00516215
 0.00775437 0.0126826 0.0192469 0.0274324 0.0369842 0.0472488 0.0571459 0.0654373 0.0711726 0.0739839 0.0740472 0.071835 0.0678939 0.0627371 0.056807 0.0504613 0.0439721 0.037542 0.0313286 0.025463 0.0200605 0.0152247 0.0110461 0.0075937 0.00489876
 0.00779551 0.0127462 0.019336 0.027547 0.0371201 0.0473972 0.0572939 0.0655696 0.0712755 0.0740504 0.0740787 0.0718399 0.067883 0.0627193 0.0567882 0.0504442 0.0439559 0.037521 0.0312903 0.0253911 0.0199421 0.015059 0.0108482 0.00739034 0.00471742
 0.00784422 0.012817 0.0194272 0.0276516 0.0372283 0.0474993 0.057383 0.0656416 0.0713285 0.0740831 0.0740909 0.0718332 0.0678619 0.0626902 0.0567576 0.0504168 0.0439328 0.0374989 0.0312617 0.0253454 0.01987 0.0149573 0.0107239 0.00725884 0.0045968
 0.00788923 0.0128907 0.0195382 0.0278065 0.0374279 0.0477344 0.0576317 0.0658724 0.0715088 0.0741899 0.0741172 0.0717875 0.0677617 0.0625555 0.0566068 0.0502646 0.0437893 0.0373689 0.0311447 0.0252365 0.0197627 0.0148473 0.0106122 0.00715188 0.00450351
 0.0078811 0.0128796 0.0195258 0.0277966 0.0374266 0.0477496 0.0576714 0.0659414 0.0716051 0.074303 0.0742295 0.07188 0.0678204 0.0625761 0.0565937 0.0502276 0.043739 0.0373137 0.031089 0.0251807 0.0197047 0.0147854 0.010547 0.00708744 0.00444568
 0.00787463 0.0128622 0.0194877 0.0277254 0.0373126 0.0475925 0.0574853 0.0657547 0.0714529 0.074216 0.0742237 0.0719529 0.0679533 0.0627411 0.0567634 0.0503814 0.0438664 0.0374123 0.0311607 0.0252285 0.0197311 0.0147926 0.0105384 0.00706823 0.00442216
 0.00786886 0.0128493 0.0194614 0.027677 0.0372321 0.0474711 0.0573198 0.0655509 0.0712285 0.0739996 0.0740504 0.0718547 0.0679488 0.0628296 0.0569251 0.0505855 0.0440809 0.0376118 0.03133 0.0253614 0.0198274 0.0148557 0.0105737 0.00708286 0.00442362
 0.00789115 0.0128802 0.0194977 0.0277117 0.0372553 0.047472 0.0572885 0.0654806 0.0711169 0.0738515 0.0738795 0.0716836 0.0678057 0.0627406 0.056906 0.0506361 0.0441859 0.0377469 0.03147 0.025487 0.0199274 0.0149269 0.0106186 0.00710681 0.00443336
 0.00787317 0.0128535 0.0194621 0.0276684 0.0372055 0.0474163 0.0572257 0.0654085 0.0710338 0.0737577 0.073779 0.071584 0.0677186 0.06268 0.056886 0.0506664 0.0442673 0.0378696 0.0316156 0.0256343 0.0200585 0.0150309 0.0106923 0.00715349 0.00445939
 0.0078688 0.0128426 0.0194389 0.0276257 0.0371378 0.0473225 0.0571124 0.0652883 0.0709212 0.0736636 0.0737077 0.0715342 0.0676871 0.0626658 0.0568918 0.0506978 0.0443295 0.037963 0.0317337 0.025764 0.0201842 0.0151392 0.0107755 0.00721056 0.00449424
 0.00783968 0.0127965 0.0193716 0.0275342 0.03702 0.0471788 0.0569466 0.0651097 0.0707445 0.0735074 0.0735901 0.0714685 0.0676777 0.0627081 0.0569757 0.0508123 0.0444656 0.0381146 0.0318947 0.0259261 0.0203369 0.0152717 0.0108805 0.0072858 0.00454278
 0.00782221 0.0127648 0.019318 0.0274499 0.0368981 0.0470175 0.0567528 0.0648987 0.0705368 0.0733236 0.0734471 0.0713781 0.0676466 0.0627375 0.0570607 0.0509428 0.0446284 0.038296 0.0320823 0.0261092 0.0205055 0.0154171 0.0109966 0.0073707 0.00459912
 0.00778875 0.0127095 0.0192333 0.0273281 0.0367331 0.0468081 0.0565049 0.0646275 0.0702654 0.0730786 0.0732543 0.0712572 0.0676085 0.0627831 0.0571823 0.051126 0.0448551 0.0385466 0.0323382 0.0263538 0.0207254 0.0156027 0.0111427 0.00747698 0.00466994
 0.0077677 0.0126746 0.0191792 0.0272494 0.0366249 0.0466674 0.0563328 0.0644301 0.0700536 0.0728677 0.073062 0.0711024 0.0675083 0.0627503 0.0572221 0.0512351 0.0450223 0.0387549 0.0325675 0.0265841 0.0209392 0.0157869 0.0112897 0.00758509 0.00474274
 0.00772124 0.0126006 0.0190709 0.0271018 0.0364365 0.0464417 0.0560801 0.0641675 0.069802 0.0726477 0.07289 0.0709892 0.0674604 0.0627704 0.0573101 0.051387 0.045229 0.0390022 0.0328367 0.0268545 0.021191 0.0160044 0.0114634 0.00771287 0.0048288
 0.00771015 0.0125769 0.0190249 0.0270213 0.03631 0.0462637 0.0558555 0.0639124 0.0695403 0.072405 0.0726881 0.0708437 0.0673799 0.062758 0.0573644 0.0515032 0.0453995 0.0392157 0.033078 0.027105 0.0214312 0.016217 0.0116367 0.00784242 0.00491714
 0.007667 0.0125125 0.0189383 0.0269144 0.0361854 0.0461225 0.0556964 0.063734 0.0693451 0.072203 0.072497 0.0706851 0.0672737 0.0627171 0.0573933 0.0515989 0.0455534 0.0394152 0.0333078 0.0273473 0.0216671 0.0164291 0.0118122 0.00797526 0.00500875
 0.00764904 0.0124804 0.0188849 0.0268323 0.0360697 0.0459746 0.0555259 0.0635569 0.0691782 0.0720572 0.072376 0.0705884 0.0672022 0.0626768 0.0573931 0.0516467 0.0456518 0.0395602 0.0334888 0.0275489 0.0218714 0.0166185 0.0119728 0.00809954 0.00509601
 0.00764596 0.0124763 0.0188802 0.0268269 0.036062 0.0459601 0.0554975 0.0635071 0.0691031 0.0719591 0.0722637 0.0704737 0.0670962 0.0625878 0.057328 0.0516124 0.0456551 0.0396048 0.0335732 0.0276649 0.0220053 0.0167541 0.0120954 0.00819882 0.00516826
 0.00763461 0.0124607 0.0188621 0.0268098 0.03605 0.0459563 0.0555024 0.0635173 0.0691112 0.0719562 0.0722417 0.0704289 0.0670313 0.062511 0.057251 0.0515473 0.0456123 0.0395923 0.0335945 0.0277182 0.0220828 0.0168437 0.0121835 0.0082748 0.00522612
 0.00759272 0.0123959 0.0187711 0.0266925 0.0359106 0.0458041 0.0553518 0.063386 0.0690162 0.071908 0.0722408 0.070466 0.0670916 0.0625802 0.0573195 0.0516122 0.0456763 0.039661 0.0336729 0.0278082 0.0221817 0.0169444 0.0122772 0.00835347 0.00528543
 0.00756072 0.012344 0.0186934 0.0265842 0.0357697 0.0456336 0.0551621 0.0631948 0.0688457 0.0717796 0.0721697 0.0704578 0.0671415 0.062675 0.0574417 0.0517454 0.0458091 0.039788 0.033794 0.0279247 0.0222937 0.0170494 0.0123702 0.00842969 0.00534236
 0.00756326 0.0123428 0.0186817 0.0265524 0.0357075 0.0455342 0.0550254 0.0630295 0.0686673 0.071608 0.0720251 0.0703577 0.0670972 0.0626892 0.0575083 0.0518511 0.0459377 0.0399249 0.0339288 0.0280518 0.0224101 0.0171529 0.0124584 0.0085003 0.00539449
 0.00754706 0.012321 0.0186569 0.0265286 0.035688 0.0455175 0.0550041 0.0629918 0.0686027 0.0715133 0.0719079 0.0702348 0.0669895 0.0626157 0.0574808 0.0518721 0.0460009 0.040018 0.0340377 0.0281641 0.0225168 0.0172481 0.0125385 0.00856346 0.00544061
 0.00754992 0.0123261 0.0186655 0.0265427 0.0357098 0.0455493 0.0550466 0.0630421 0.0686528 0.0715496 0.0719153 0.0702025 0.0669169 0.0625146 0.0573714 0.0517762 0.0459344 0.0399876 0.0340409 0.0281924 0.0225598 0.0172961 0.0125844 0.00860247 0.00547056
 0.00751437 0.012273 0.0185943 0.0264562 0.0356142 0.0454528 0.0549589 0.0629736 0.0686125 0.0715427 0.07194 0.0702497 0.0669725 0.0625646 0.0574078 0.0518 0.045954 0.0400134 0.0340799 0.0282453 0.0226219 0.0173599 0.0126425 0.00865011 0.00550583
 0.0075199 0.0122761 0.0185884 0.0264322 0.0355638 0.045373 0.0548558 0.0628617 0.0685106 0.0714675 0.0719014 0.0702491 0.0670035 0.062616 0.0574668 0.051856 0.0460022 0.0400549 0.0341196 0.0282881 0.0226691 0.0174092 0.0126892 0.00868983 0.00553601
 0.00751715 0.0122729 0.0185854 0.02643 0.0355607 0.0453646 0.0548342 0.0628188 0.0684427 0.0713798 0.0718082 0.0701688 0.0669521 0.0626008 0.0574854 0.0518988 0.0460572 0.0401125 0.034175 0.0283403 0.0227187 0.0174559 0.0127315 0.00872532 0.00556308
 0.00749352 0.012238 0.0185397 0.0263763 0.035504 0.0453104 0.0547872 0.0627812 0.0684136 0.0713552 0.0717832 0.0701418 0.0669268 0.0625854 0.0574886 0.0519251 0.0461048 0.0401746 0.034243 0.0284073 0.0227805 0.0175104 0.0127774 0.00876178 0.00558997
 0.00750158 0.0122473 0.0185467 0.0263758 0.0354911 0.0452831 0.0547484 0.0627382 0.068375 0.0713267 0.0717655 0.0701307 0.0669166 0.0625727 0.0574751 0.0519161 0.0461062 0.0401897 0.0342709 0.0284437 0.02282 0.0175485 0.012811 0.00878906 0.00561034
 0.00750158 0.0122473 0.0185467 0.0263758 0.0354911 0.0452831 0.0547484 0.0627382 0.068375 0.0713267 0.0717655 0.0701307 0.0669166 0.0625727 0.0574751 0.0519161 0.0461062 0.0401897 0.0342709 0.0284437 0.02282 0.0175485 0.012811 0.00878906 0.00561034
 0.00713033 0.0116621 0.0177024 0.0252488 0.0340908 0.0436658 0.0530291 0.0610855 0.0669814 0.0703622 0.0713363 0.0702597 0.0675488 0.0635977 0.0587564 0.0533194 0.0475187 0.0415279 0.035479 0.0294881 0.0236837 0.0182285 0.0133168 0.00914176 0.00583879
 0.00708906 0.0115511 0.0174548 0.0247771 0.0333105 0.0425332 0.0515747 0.0594235 0.0652884 0.0688372 0.0701597 0.0695638 0.0673993 0.0639873 0.0596102 0.0545138 0.0489084 0.0429729 0.0368641 0.0307308 0.0247345 0.0190663 0.0139447 0.00958103 0.00612364
 0.00705295 0.0115001 0.0173888 0.0246911 0.0331838 0.042318 0.0511967 0.0588038 0.0643828 0.0676757 0.0688611 0.0683124 0.0663951 0.0633905 0.0595041 0.0548927 0.0496895 0.044024 0.0380369 0.0318905 0.0257788 0.0199332 0.0146106 0.0100541 0.00643312
 0.00700718 0.011432 0.0172983 0.0245833 0.033067 0.0422002 0.0510781 0.0586672 0.0641872 0.0673619 0.0683752 0.067642 0.0655976 0.0625931 0.0588683 0.0545597 0.0497337 0.0444337 0.0387259 0.0327313 0.0266404 0.0207111 0.0152421 0.010519 0.00674439
 0.00706934 0.0115329 0.0174495 0.024794 0.033341 0.042531 0.0514444 0.0590316 0.0644991 0.0675627 0.0684046 0.0674481 0.0651538 0.0619207 0.0580498 0.0537301 0.0490434 0.0439999 0.0385955 0.0328729 0.0269664 0.0211148 0.0156322 0.0108387 0.00697365
 0.00712623 0.0116373 0.0176281 0.0250775 0.0337551 0.0430824 0.0521091 0.0597523 0.0651958 0.0681496 0.0688057 0.0676055 0.0650317 0.0615103 0.0573792 0.0528725 0.0481143 0.0431345 0.0379116 0.0324353 0.026773 0.021109 0.0157337 0.0109744 0.00709585
 0.00714929 0.0116826 0.0177117 0.0252211 0.0339835 0.043418 0.0525634 0.0603181 0.0658417 0.0688193 0.0694236 0.0680886 0.0653052 0.0615225 0.0571116 0.0523472 0.0473962 0.0423247 0.0371277 0.031781 0.0263091 0.0208413 0.0156232 0.0109621 0.00712727
 0.00712183 0.0116416 0.0176574 0.0251584 0.0339237 0.0433801 0.0525742 0.060409 0.0660405 0.0691388 0.0698514 0.068582 0.0657957 0.0619283 0.0573572 0.0523825 0.0472122 0.0419593 0.0366575 0.0313002 0.0259004 0.0205526 0.0154595 0.0108961 0.00711945
 0.00712182 0.0116403 0.0176532 0.0251493 0.0339084 0.0433597 0.0525543 0.0604012 0.0660622 0.0692114 0.069994 0.0688036 0.066086 0.0622528 0.0576599 0.0525989 0.0472895 0.0418756 0.036432 0.0309882 0.0255736 0.0202731 0.0152613 0.0107813 0.00706815
 0.00713164 0.011657 0.0176795 0.0251877 0.0339597 0.0434217 0.052621 0.0604642 0.0661145 0.0692517 0.0700303 0.0688512 0.0661621 0.0623664 0.057803 0.0527435 0.0473932 0.0418977 0.0363518 0.0308159 0.0253473 0.020043 0.0150691 0.0106471 0.00699003
 0.00721103 0.0117796 0.0178519 0.0254109 0.0342287 0.0437247 0.0529384 0.0607688 0.0663753 0.0694402 0.0701282 0.0688559 0.0660871 0.0622376 0.0576494 0.0525851 0.047234 0.041726 0.0361505 0.0305773 0.0250824 0.0197789 0.0148373 0.0104693 0.00687142
 0.00722092 0.0118062 0.0179107 0.025522 0.0344102 0.0439835 0.0532628 0.061128 0.066727 0.0697428 0.0703495 0.0689776 0.0661058 0.0621629 0.0575012 0.0523891 0.0470133 0.0414947 0.0359128 0.0303325 0.0248338 0.0195389 0.014624 0.010299 0.0067509
#pred catch len freq
 0.00312656 0.00508653 0.00769589 0.0110056 0.0150598 0.0198458 0.025235 0.0309745 0.036739 0.0421977 0.047061 0.0511168 0.0542591 0.0564944 0.0579204 0.0586983 0.0590307 0.0591252 0.0591019 0.0588426 0.0578636 0.0553721 0.0506064 0.0433388 0.0342024
 0.00334819 0.00538728 0.00804041 0.0113293 0.0152931 0.0199492 0.0252209 0.0308982 0.0366632 0.0421538 0.0470374 0.0510809 0.0541968 0.0564383 0.0579467 0.0588908 0.0594284 0.0596794 0.0596677 0.0592184 0.0578695 0.0549323 0.0497893 0.0423278 0.0332127
 0.00341712 0.00553548 0.00832517 0.0118129 0.0160114 0.0208727 0.0262344 0.0318264 0.0373391 0.0424903 0.0470529 0.0508668 0.0538578 0.056054 0.0575724 0.058576 0.0592188 0.0595902 0.0596504 0.0591543 0.0576132 0.0543859 0.0489625 0.0413407 0.032239
 0.0035393 0.00572207 0.00858862 0.0121699 0.016495 0.0215387 0.0271486 0.0330236 0.0387697 0.0439935 0.0483903 0.0518089 0.054276 0.0559578 0.0570796 0.0578464 0.0583972 0.0587722 0.0588661 0.0583689 0.0567516 0.0533849 0.0478246 0.0401521 0.0311344
 0.0037244 0.00601445 0.00901231 0.0127408 0.0172184 0.0224087 0.0281506 0.0341413 0.0399926 0.045309 0.0497553 0.0531178 0.0553592 0.0566306 0.0572172 0.057437 0.057537 0.0576115 0.0575427 0.0569663 0.0552984 0.0518899 0.0463217 0.0387211 0.0298819
 0.00394903 0.00637001 0.00953022 0.0134458 0.0181265 0.0235227 0.0294521 0.0355852 0.0415094 0.0468184 0.0511812 0.0543952 0.0564233 0.0573996 0.0575889 0.057315 0.056875 0.0564422 0.0559695 0.0551236 0.0533148 0.0498774 0.0443868 0.0369742 0.0284238
 0.00419111 0.00675769 0.0101036 0.0142403 0.0191695 0.0248261 0.0310016 0.0373318 0.0433693 0.0486822 0.0529291 0.0559141 0.0576208 0.0582072 0.0579535 0.057188 0.0562133 0.0552288 0.0542394 0.0529761 0.0509028 0.0473839 0.0419999 0.034862 0.026708
 0.00443009 0.00714451 0.0106837 0.0150581 0.0202635 0.0262199 0.0326906 0.039272 0.045475 0.0508326 0.0549833 0.0577279 0.0590658 0.0591846 0.0583985 0.0570629 0.0554975 0.0539177 0.0523578 0.0506017 0.0481821 0.0445258 0.0392438 0.0324291 0.0247515
