SBPRF35
7.78865
Curr Bio
512608
B35
688642
F35
0.214504
FOFL
0.153431
OFL
60963.2
Bzero
2.22533e+006
#pred survey bio
 4.73511e+006 4.46329e+006 4.20769e+006 3.91298e+006 3.59555e+006 3.26896e+006 2.92547e+006 2.61358e+006 2.3309e+006 2.06952e+006 1.78582e+006 1.58954e+006 1.41938e+006 1.24214e+006 1.12235e+006 977547 890730 836592 781983 740064 704464 669805 656003 637402 615617 607384 607820 600765 602971 609366 618627 610193 607845 594948 579145 567102 556805 546120 551791 555588 552656 551894 554037 556511 548389 557933 574059 574881 580874 583058 587273 601081 613684 616400 604823 583213 578492 549204 560018 593697 586100 550331 526260 518346 1.77697e+007 1.06285e+007 1.08954e+007 1.16626e+007 1.26876e+007 1.37394e+007 1.46818e+007 1.54597e+007 1.60686e+007 1.65285e+007 1.68679e+007 1.71146e+007 1.72925e+007 1.74203e+007 1.75121e+007 1.75782e+007 1.76261e+007 1.76609e+007 1.76864e+007 1.77051e+007 1.77191e+007 1.77295e+007 1.77372e+007 1.77431e+007 1.77476e+007 1.7751e+007 1.77535e+007 1.77555e+007 1.7757e+007 1.77582e+007 1.7759e+007 1.77597e+007 1.77603e+007 1.77607e+007 1.7761e+007 1.77612e+007 1.77614e+007 1.77615e+007 1.77617e+007 1.77617e+007 1.77618e+007 1.77619e+007 1.77619e+007 1.77619e+007 1.7762e+007 1.7762e+007 1.7762e+007 1.7762e+007 1.7762e+007 1.7762e+007 1.7762e+007 1.7762e+007 1.7762e+007 1.7762e+007 1.7762e+007 1.7762e+007 1.7762e+007 1.7762e+007 1.7762e+007 1.7762e+007 1.7762e+007 1.7762e+007 1.7762e+007 1.7762e+007 1.7762e+007 1.7762e+007 1.7762e+007 1.7762e+007 1.7762e+007 1.7762e+007 1.7762e+007 1.7762e+007 1.7762e+007 1.7762e+007 1.7762e+007 1.7762e+007 1.7762e+007 1.7762e+007 1.7762e+007 1.7762e+007 1.7762e+007 1.7762e+007 1.7762e+007 1.7762e+007 1.7762e+007 1.7762e+007 1.7762e+007 1.7762e+007 1.7762e+007 1.7762e+007 1.7762e+007 1.7762e+007 1.7762e+007 1.7762e+007 1.7762e+007 1.7762e+007 1.7762e+007 1.7762e+007 1.7762e+007 1.7762e+007 0 0 0 0 0 0 0 0 0 0 0 0 0 0 0 0 0 0 0 0 0 0 0 0 0
#obs survey bio
 5.10464e+006 3.21078e+006 2.78775e+006 3.5237e+006 2.24338e+006 1.9826e+006 2.75168e+006 2.39255e+006 1.50557e+006 2.29695e+006 1.48421e+006 1.23245e+006 1.01588e+006 811121 1.05507e+006 936214 906948 1.03317e+006 731779 678046 457174 842589 504898 590787 496921 671411 524354 386131 543085 606144 640126 462294 481606 820152 600603 540175 469208 376401 561388 733616 723702 597782 480061 638903 468762 607846 474021 536517 571784 567532 661184 545700 748360 652318 560320 725729 555600 485526 646528 608215 455536 410196 574728 453714
#pred catch bio
 104504 96585.5 148944 194918 234347 283474 287596 290406 296130 336384 275142 264796 279077 233759 256280 204941 175443 172201 156485 146709 141805 120922 122196 121772 108037 99770.8 105841 98343 94857.5 91345.4 103486 95133.8 100595 98483.3 90966.3 88212.6 91491.5 82457.1 87041.5 92687.1 89583.4 86093 85456 94383 80546 77219.3 91760.1 88529.9 92900.1 92384 85786 87691 95381.2 105877 112902 98532.5 119107 85422.3 67077.1 100031 120228 107765 92203.7 91128.9 60963.2 82320.4 82937.3 87446 94705.1 102418 109281 114824 119028 122081 124226 125698 126688 127345 127776 128056 128236 128352 128426 128473 128503 128521 128533 128541 128546 128548 128550 128551 128552 128553 128553 128553 128553 128553 128553 128553 128553 128553 128553 128553 128553 128553 128553 128553 128553 128553 128553 128553 128553 128553 128553 128553 128553 128553 128553 128553 128553 128553 128553 128553 128553 128553 128553 128553 128553 128553 128553 128553 128553 128553 128553 128553 128553 128553 128553 128553 128553 128553 128553 128553 128553 128553 128553 128553 128553 128553 128553 128553 128553 128553 128553 128553 128553 128553 128553 128553 128553 128553 128553 128553 0 0 0 0 0 0 0 0 0 0 0 0 0 0 0 0 0 0 0 0 0 0 0 0 0
#obs catch bio
 0 96312.5 149574 196113 236822 288601 293077 296686 303053 346379 281766 272758 289357 241137 266510 211312 180544 176770 159877 149086 145127 122656 124512 123769 109608 100900 107122 100232 96703.1 92739.2 105020 95940.1 101978 99398.7 91596.9 88529.6 91956.9 82809.3 87718.9 92848.8 89639.7 85906.6 85264.4 94227.5 80708.4 77339.9 92262 88986.2 93334.4 92959.5 86275.5 88367 95794.4 106131 113527 98168.2 120104 86088.5 66975.4 100125 120405 107973 91949.8 91136.2
#pred cpue bio
 4.65572e+006 4.38947e+006 4.13743e+006 3.84387e+006 3.52742e+006 3.202e+006 2.86024e+006 2.55019e+006 2.26943e+006 2.01012e+006 1.72938e+006 1.53472e+006 1.36621e+006 1.19149e+006 1.07346e+006 931774 846910 794465 742183 702273 668189 634931 621975 604391 583622 575875 576441 569429 571356 577857 587597 580254 578565 566701 552285 541348 530800 518608 522726 526458 524282 524062 526372 528742 520591 529452 544836 545422 551033 552956 556793 570074 582559 585679 574626 553390 548389 519647 530113 563649 557244 522511 498808 491512 1.68831e+007 1.01125e+007 1.02511e+007 1.08724e+007 1.18465e+007 1.28865e+007 1.38265e+007 1.4604e+007 1.52128e+007 1.56727e+007 1.60121e+007 1.62589e+007 1.64368e+007 1.65646e+007 1.66564e+007 1.67225e+007 1.67703e+007 1.68051e+007 1.68306e+007 1.68494e+007 1.68633e+007 1.68737e+007 1.68815e+007 1.68874e+007 1.68918e+007 1.68952e+007 1.68978e+007 1.68997e+007 1.69012e+007 1.69024e+007 1.69033e+007 1.6904e+007 1.69045e+007 1.69049e+007 1.69052e+007 1.69054e+007 1.69056e+007 1.69058e+007 1.69059e+007 1.6906e+007 1.6906e+007 1.69061e+007 1.69061e+007 1.69062e+007 1.69062e+007 1.69062e+007 1.69062e+007 1.69062e+007 1.69062e+007 1.69062e+007 1.69063e+007 1.69063e+007 1.69063e+007 1.69063e+007 1.69063e+007 1.69063e+007 1.69063e+007 1.69063e+007 1.69063e+007 1.69063e+007 1.69063e+007 1.69063e+007 1.69063e+007 1.69063e+007 1.69063e+007 1.69063e+007 1.69063e+007 1.69063e+007 1.69063e+007 1.69063e+007 1.69063e+007 1.69063e+007 1.69063e+007 1.69063e+007 1.69063e+007 1.69063e+007 1.69063e+007 1.69063e+007 1.69063e+007 1.69063e+007 1.69063e+007 1.69063e+007 1.69063e+007 1.69063e+007 1.69063e+007 1.69063e+007 1.69063e+007 1.69063e+007 1.69063e+007 1.69063e+007 1.69063e+007 1.69063e+007 1.69063e+007 1.69063e+007 1.69063e+007 1.69063e+007 1.69063e+007 1.69063e+007 1.69063e+007 1.69063e+007 0 0 0 0 0 0 0 0 0 0 0 0 0 0 0 0 0 0 0 0 0 0 0 0 0
#obs cpue bio
 3.25827e+006 2.75114e+006 3.54876e+006 2.80765e+006 2.4778e+006 2.9387e+006 2.33035e+006 2.02201e+006 2.6693e+006 1.71197e+006 1.40013e+006 1.00393e+006 1.29856e+006 1.05318e+006 838207 654836 498533 594748 668410 786059 529046 510141 515537 644848 537489 469725 637394 340917 450388 531400 687567 800536 489033 491728 512663 672633 607232 597823 395773 661972 407272 597621 593162 549209 356294 444612 613200 457394 595962 463395 406950 484933 626366 648627 522252 630663 379140 351982 603420 815911 712022 605800 583392 509108
#pred surv len freq
 0.00477672 0.00781776 0.0118811 0.0169811 0.0230058 0.0296253 0.03627 0.0422801 0.0471579 0.050732 0.0531284 0.0546191 0.0554837 0.055937 0.0561018 0.0560062 0.0555997 0.0547777 0.0533932 0.051244 0.0480656 0.0435923 0.0377166 0.0306784 0.0231284
 0.00513268 0.00826884 0.0123296 0.0172713 0.0229846 0.0292267 0.0355716 0.0414827 0.0464905 0.0503387 0.0530063 0.0546409 0.0554811 0.0557921 0.0558035 0.0556513 0.055345 0.0547661 0.0536842 0.0517822 0.048705 0.0441637 0.0381016 0.0308482 0.0231317
 0.0054094 0.008743 0.013078 0.0183538 0.0243992 0.0308594 0.0371804 0.0427547 0.0471671 0.0503367 0.0524486 0.0537696 0.0545184 0.0548476 0.054879 0.0547165 0.0544118 0.0539072 0.0529926 0.0513092 0.048425 0.0439913 0.0379437 0.0306535 0.0229043
 0.00566162 0.00914973 0.0136869 0.0192141 0.0255587 0.0323515 0.0389943 0.0447978 0.0492404 0.0521551 0.0537173 0.0542913 0.0542669 0.0539591 0.0535679 0.0531805 0.0527887 0.0522898 0.051459 0.0499291 0.0472419 0.0430081 0.0371341 0.0299879 0.0223684
 0.00592885 0.00957958 0.0143256 0.0201025 0.0267268 0.0338095 0.0407232 0.0467435 0.0513131 0.0542268 0.0556158 0.0558048 0.0551807 0.0541205 0.0529455 0.0518754 0.0509908 0.0502117 0.0492895 0.0478172 0.0452972 0.0413033 0.0357076 0.0288504 0.0215102
 0.00617007 0.00997556 0.0149287 0.0209641 0.0278878 0.0352849 0.0424872 0.0487247 0.0534064 0.0563132 0.0575749 0.0575127 0.0564992 0.0548982 0.0530448 0.0512193 0.0496025 0.048221 0.0469003 0.0452584 0.0427807 0.0389996 0.0337354 0.0272729 0.0203373
 0.00643633 0.0104058 0.015572 0.021866 0.0290834 0.0367884 0.0442775 0.0507382 0.055542 0.058448 0.0595821 0.0592729 0.0579028 0.0558401 0.0534203 0.050933 0.0485955 0.0465075 0.0445903 0.0425508 0.0399267 0.036253 0.0313066 0.0252975 0.0188632
 0.00671282 0.0108475 0.0162225 0.0227617 0.0302486 0.0382269 0.0459632 0.0526105 0.0575123 0.0604138 0.0614401 0.0609251 0.0592572 0.0568087 0.0539163 0.0508708 0.0479013 0.0451435 0.0425883 0.0400363 0.037116 0.0334159 0.0287062 0.0231307 0.0172238
 0.00697659 0.0112742 0.0168606 0.0236542 0.0314248 0.039689 0.0476736 0.0544892 0.0594499 0.0622948 0.0631627 0.0624086 0.0604385 0.0576334 0.0543297 0.0508124 0.047308 0.0439651 0.0408174 0.0377415 0.0344611 0.0306443 0.0260891 0.020897 0.0155042
 0.00722843 0.0116833 0.0174758 0.024521 0.0325766 0.0411339 0.0493794 0.0563779 0.061407 0.0641906 0.0648749 0.0638385 0.0615169 0.0583179 0.0545943 0.0506348 0.0466599 0.042816 0.0391552 0.0356061 0.031973 0.0280074 0.0235539 0.0186947 0.0137825
 0.00767544 0.0123828 0.0184778 0.0258535 0.0342417 0.0431014 0.0515785 0.0586935 0.0636912 0.0662864 0.0666418 0.0651696 0.0623471 0.0586229 0.0543823 0.049932 0.0454942 0.0412087 0.0371284 0.0332077 0.0293071 0.0252485 0.0209252 0.0164119 0.0119904
 0.00794923 0.0128306 0.0191557 0.0268132 0.0355175 0.044692 0.0534299 0.060698 0.0657076 0.0681712 0.0682741 0.0664596 0.0632325 0.0590638 0.0543594 0.0494446 0.044557 0.0398468 0.0353776 0.0311256 0.0269919 0.0228504 0.0186328 0.0144103 0.0104085
 0.00815788 0.0131745 0.0196825 0.0275712 0.0365468 0.0460103 0.0550159 0.0624819 0.0675764 0.0699873 0.0698986 0.0677734 0.06415 0.0595372 0.0543736 0.0490076 0.0436911 0.0385838 0.033761 0.0292195 0.0248932 0.0206952 0.0165847 0.0126271 0.00899927
 0.00846222 0.0136606 0.0203977 0.0285531 0.037816 0.047559 0.0567954 0.0643986 0.0695023 0.0717818 0.0714305 0.068936 0.0648693 0.0597754 0.0541285 0.0483061 0.0425788 0.0371164 0.0320012 0.0272423 0.022796 0.0186026 0.0146384 0.0109581 0.00769363
 0.00855261 0.0138228 0.0206703 0.0289822 0.038446 0.0484172 0.0578773 0.0656616 0.0708727 0.0731684 0.0727377 0.0700721 0.0657517 0.0603361 0.0543198 0.048106 0.0419924 0.0361735 0.0307535 0.0257623 0.021178 0.0169615 0.0130989 0.00963199 0.00665357
 0.00885784 0.0143029 0.0213625 0.0299102 0.0396154 0.049809 0.0594395 0.0673057 0.0724815 0.074616 0.0739115 0.0708902 0.06617 0.0603467 0.053942 0.0473753 0.0409522 0.0348725 0.0292479 0.0241206 0.0194849 0.0153163 0.011605 0.00837684 0.0056876
 0.00890147 0.0143885 0.0215188 0.0301733 0.0400213 0.0503814 0.060178 0.0681824 0.0734468 0.0756084 0.0748654 0.0717388 0.0668485 0.0607976 0.0541229 0.0472647 0.0405512 0.034203 0.0283501 0.0230522 0.0183208 0.0141452 0.010518 0.00745139 0.0049697
 0.00879032 0.0142225 0.0212979 0.0299114 0.0397481 0.0501419 0.0600296 0.0681861 0.0736519 0.0760358 0.0754969 0.0725191 0.0676966 0.0616217 0.0548342 0.0477882 0.0408347 0.0342223 0.0281116 0.0225918 0.0177 0.0134432 0.00981958 0.00683035 0.00447444
 0.00883531 0.0142775 0.0213476 0.0299317 0.0397148 0.0500435 0.0598781 0.0680191 0.073524 0.0760026 0.0755999 0.0727741 0.0680884 0.0621066 0.0553473 0.0482559 0.0411876 0.0344076 0.0281022 0.0223915 0.0173435 0.0129889 0.00933727 0.00638468 0.0041105
 0.00896813 0.0144675 0.0215845 0.0301873 0.0399474 0.0502083 0.0599386 0.0679564 0.0733446 0.0757424 0.0753196 0.0725447 0.0679704 0.0621307 0.0555057 0.0485056 0.041463 0.0346386 0.0282313 0.0223873 0.0172067 0.0127501 0.00904595 0.00609386 0.0038615
 0.00899783 0.0145297 0.0217023 0.0303861 0.0402434 0.0505922 0.0603649 0.0683487 0.073619 0.0758386 0.0752239 0.0722938 0.0676368 0.0617976 0.0552417 0.048346 0.0414041 0.0346441 0.0282492 0.0223694 0.0171251 0.0126039 0.0088576 0.005897 0.00368699
 0.00906032 0.0146218 0.0218243 0.0305352 0.0404177 0.0507955 0.060606 0.0686323 0.0739323 0.0761425 0.0754591 0.0724018 0.0675868 0.0616021 0.054952 0.0480305 0.0411216 0.0344246 0.0280901 0.0222461 0.0170083 0.0124753 0.00871625 0.00575548 0.00356201
 0.00903037 0.0145684 0.0217357 0.0303983 0.040223 0.050544 0.0603159 0.0683418 0.0736935 0.0760075 0.0754613 0.072542 0.0678299 0.0618903 0.0552288 0.0482612 0.0412999 0.0345627 0.0282021 0.0223365 0.0170716 0.0125042 0.00871008 0.00572306 0.00351775
 0.00904393 0.0145903 0.0217675 0.0304398 0.0402697 0.0505851 0.060335 0.0683209 0.0736215 0.0758893 0.0753209 0.0724158 0.0677523 0.0618786 0.0552764 0.0483439 0.0413892 0.0346391 0.0282586 0.0223741 0.0170924 0.0125086 0.00869883 0.00569965 0.00348867
 0.00914283 0.0147357 0.0219578 0.0306634 0.040508 0.0508176 0.0605422 0.0684847 0.0737242 0.075915 0.0752608 0.0722742 0.06755 0.0616493 0.0550558 0.0481575 0.0412464 0.0345348 0.0281814 0.0223134 0.0170414 0.0124638 0.00865844 0.0056635 0.0034577
 0.00920254 0.0148193 0.0220584 0.0307656 0.0405915 0.0508636 0.0605395 0.0684329 0.0736337 0.075803 0.0751464 0.0721725 0.067469 0.0615906 0.0550188 0.0481423 0.041253 0.0345607 0.0282201 0.0223554 0.017078 0.0124896 0.00867214 0.00566692 0.00345446
 0.00933608 0.0150055 0.0222812 0.0309898 0.0407717 0.0509591 0.060527 0.0683121 0.0734246 0.0755397 0.0748691 0.07192 0.0672708 0.061462 0.0549597 0.0481416 0.0412948 0.0346289 0.0283007 0.0224367 0.0171507 0.0125475 0.00871268 0.00569144 0.00346667
 0.00936818 0.0150831 0.0224424 0.031279 0.0412204 0.0515591 0.0612134 0.0689711 0.0739291 0.0757956 0.0748455 0.0716503 0.0668305 0.0609389 0.0544305 0.0476601 0.0408895 0.0343082 0.0280596 0.0222634 0.0170309 0.0124674 0.00866046 0.00565794 0.00344551
 0.00915454 0.0147724 0.0220449 0.0308334 0.0407901 0.0512207 0.0610407 0.0690157 0.0741998 0.0762455 0.0753796 0.0721562 0.0672187 0.0611702 0.0545175 0.0476477 0.0408298 0.0342419 0.0280092 0.0222354 0.017022 0.0124702 0.00866793 0.00566536 0.00345072
 0.00890854 0.014387 0.0214945 0.0301102 0.0399128 0.0502451 0.0600653 0.0681735 0.0736296 0.0760498 0.0755894 0.0727196 0.0680188 0.0620632 0.055376 0.0483894 0.0414249 0.0347002 0.0283584 0.0225035 0.0172286 0.0126269 0.00878192 0.00574315 0.00349971
 0.00870133 0.0140544 0.0210024 0.0294321 0.0390378 0.0491899 0.0588872 0.0669747 0.0725462 0.0752265 0.0751475 0.0727281 0.0684753 0.0628914 0.0564441 0.0495458 0.0425364 0.0356779 0.0291631 0.0231341 0.0177044 0.0129734 0.00902397 0.00590336 0.00359883
 0.00872957 0.0140827 0.0210117 0.0293914 0.0389094 0.0489389 0.0584923 0.0664366 0.0718926 0.0745136 0.0744577 0.0721592 0.0681207 0.0628151 0.0566589 0.0500073 0.0431561 0.0363516 0.0298007 0.0236782 0.0181324 0.0132883 0.00924242 0.00604624 0.00368641
 0.00853751 0.0138088 0.0206695 0.029015 0.0385401 0.0486051 0.0581959 0.0661548 0.071594 0.0741795 0.0740964 0.0718094 0.0678432 0.062677 0.0567144 0.0502782 0.0436216 0.0369508 0.0304507 0.0242981 0.0186638 0.0137034 0.00954063 0.00624418 0.00380789
 0.00831371 0.0134709 0.0202112 0.0284523 0.0379122 0.0479712 0.0576278 0.0657222 0.0713422 0.0741103 0.0741661 0.0719505 0.0679985 0.0628258 0.0568759 0.0504946 0.0439301 0.0373615 0.0309386 0.0248123 0.0191471 0.0141112 0.00985141 0.00645916 0.00394323
 0.0083468 0.013482 0.0201504 0.0282511 0.0375066 0.0473362 0.0568047 0.0648193 0.0705042 0.0734704 0.0738052 0.0718797 0.0681684 0.0631554 0.0572872 0.0509374 0.0443877 0.037837 0.0314335 0.0253123 0.0196219 0.0145261 0.0101814 0.00669689 0.00409803
 0.00906319 0.0144925 0.0213834 0.0295369 0.0386167 0.0480533 0.056986 0.0644286 0.0696115 0.0722307 0.0724236 0.0705646 0.0670822 0.0623805 0.0568242 0.0507312 0.0443655 0.0379368 0.0316132 0.0255428 0.019876 0.0147751 0.0103992 0.00686656 0.00421581
 0.00978458 0.0156258 0.0230063 0.0316701 0.0411911 0.0508763 0.0597292 0.0666724 0.0709581 0.0724403 0.071499 0.0687379 0.0647188 0.0598596 0.0544465 0.0486786 0.042707 0.0366629 0.0306757 0.0248833 0.0194381 0.0145064 0.0102505 0.00679471 0.00418692
 0.00978728 0.0157355 0.0233644 0.0324686 0.0426176 0.053026 0.0625239 0.0698338 0.0740542 0.0749895 0.0730911 0.0691367 0.0639178 0.0580713 0.0520275 0.0460214 0.0401423 0.0344075 0.0288296 0.0234588 0.0183963 0.013785 0.00978018 0.00650842 0.00402544
 0.00926609 0.0149734 0.0223833 0.031364 0.0415585 0.0522373 0.0622532 0.0702942 0.0753457 0.0770246 0.0755744 0.0716278 0.0659619 0.0593388 0.0524017 0.0456026 0.039179 0.0331946 0.0276192 0.0224135 0.017586 0.013211 0.00940561 0.00628298 0.00390067
 0.00900854 0.0145385 0.0217035 0.0303803 0.0402507 0.0506667 0.0605943 0.0688279 0.0743977 0.0768669 0.0763292 0.0732131 0.0680995 0.0616279 0.0544352 0.0470846 0.0399968 0.0334158 0.0274277 0.0220208 0.0171627 0.0128564 0.00915401 0.00612675 0.00381467
 0.00897235 0.0144664 0.0215685 0.030143 0.039863 0.0500814 0.0597848 0.0678144 0.0732722 0.0758016 0.0755513 0.0729408 0.0684592 0.0625906 0.0558096 0.048577 0.0413133 0.0343589 0.0279422 0.0221762 0.0170926 0.0126931 0.00898879 0.0060019 0.00373675
 0.00903811 0.0145516 0.0216558 0.0302004 0.0398489 0.0499538 0.0595102 0.0673733 0.072665 0.0750583 0.0747446 0.0721929 0.0679259 0.062416 0.0560662 0.0492228 0.0421956 0.0352705 0.0287008 0.0226848 0.0173516 0.0127691 0.00896665 0.00594849 0.00368852
 0.00912126 0.0146747 0.0218175 0.0303887 0.0400403 0.0501145 0.059599 0.0673472 0.0724886 0.0747155 0.0742483 0.0715904 0.0672985 0.0618705 0.0557133 0.0491415 0.042398 0.0356888 0.0292114 0.0231586 0.0177026 0.0129747 0.00905426 0.00596547 0.0036763
 0.00921934 0.0148235 0.0220209 0.0306422 0.0403301 0.0504183 0.0598856 0.0675779 0.0726213 0.0747127 0.0740868 0.0712691 0.0668442 0.0613394 0.0551856 0.0487059 0.0421273 0.0356132 0.0293056 0.0233532 0.0179158 0.0131455 0.00915865 0.00601154 0.00368638
 0.00939074 0.0150937 0.0224107 0.0311623 0.0409756 0.0511622 0.0606731 0.0683289 0.0732439 0.0751237 0.0742297 0.0711234 0.0664256 0.0606967 0.054395 0.047863 0.0413316 0.0349477 0.0288168 0.0230418 0.0177447 0.0130614 0.00911531 0.00598174 0.00366082
 0.00936764 0.0150621 0.0223749 0.0311318 0.0409654 0.0511909 0.0607595 0.0684865 0.0734737 0.0754081 0.0745316 0.0713921 0.0666094 0.0607568 0.0543172 0.0476629 0.0410522 0.0346477 0.0285527 0.0228504 0.017634 0.013015 0.00910615 0.00598602 0.00366523
 0.00930589 0.0149633 0.02223 0.0309354 0.0407194 0.0509089 0.0604704 0.0682329 0.0733037 0.0753614 0.0746264 0.0716176 0.0669265 0.0611076 0.0546403 0.0479103 0.041202 0.0347079 0.0285532 0.0228282 0.0176176 0.0130165 0.00912267 0.00600793 0.00368408
 0.00932051 0.0149967 0.022297 0.0310533 0.0409003 0.0511499 0.0607471 0.0685029 0.0735207 0.0754938 0.0746678 0.0715853 0.0668492 0.0610101 0.0545334 0.0477909 0.0410604 0.0345392 0.0283647 0.0226387 0.0174494 0.0128855 0.00903332 0.00595435 0.00365553
 0.00933738 0.0150147 0.0223078 0.0310459 0.0408676 0.0510959 0.0606911 0.068473 0.0735405 0.0755684 0.0747806 0.0717071 0.0669536 0.0610836 0.0545759 0.0478073 0.0410539 0.0345093 0.0283114 0.0225671 0.0173706 0.0128126 0.00897602 0.00591574 0.00363309
 0.00938204 0.0150871 0.0224153 0.0311929 0.0410516 0.051304 0.0608988 0.0686502 0.0736623 0.0756256 0.0747813 0.0716687 0.066891 0.0610036 0.054479 0.0476938 0.040927 0.0343747 0.028175 0.0224347 0.0172485 0.0127076 0.00889317 0.00585678 0.00359557
 0.00934476 0.015039 0.0223663 0.0311602 0.0410556 0.0513607 0.0610128 0.0688113 0.0738473 0.0758046 0.0749268 0.071763 0.0669304 0.0609959 0.0544368 0.0476284 0.0408461 0.0342831 0.0280773 0.022336 0.0171547 0.0126246 0.00882558 0.0058067 0.00356215
 0.00913108 0.0147202 0.0219407 0.0306476 0.0404953 0.0508053 0.0605218 0.0684438 0.0736514 0.0758044 0.0751143 0.0721006 0.0673628 0.0614659 0.0548976 0.0480486 0.0412084 0.0345805 0.0283093 0.0225068 0.0172724 0.0126994 0.00886912 0.00582963 0.00357303
 0.00894143 0.0144215 0.0215106 0.0300759 0.0397904 0.0500023 0.0596875 0.0676723 0.0730446 0.0754458 0.0750464 0.072318 0.067819 0.0620887 0.0556064 0.0487696 0.0418841 0.0351738 0.0288018 0.0228948 0.0175621 0.0129038 0.00900449 0.00591336 0.00362113
 0.00900109 0.0144881 0.0215545 0.0300507 0.0396448 0.0496999 0.059225 0.0670861 0.0724046 0.0748383 0.0745566 0.0720122 0.0677326 0.0622204 0.0559209 0.0492084 0.0423808 0.0356682 0.0292489 0.0232683 0.0178524 0.0131144 0.00914691 0.00600282 0.00367309
 0.00917263 0.0147583 0.0219422 0.0305602 0.0402565 0.0503606 0.0598448 0.0675516 0.0726115 0.0747304 0.0741487 0.0713861 0.0670078 0.0615168 0.0553296 0.0487766 0.0421128 0.0355365 0.0292113 0.0232824 0.0178859 0.0131476 0.00917136 0.00601748 0.00368032
 0.00938686 0.0150977 0.0224357 0.0312265 0.0410978 0.0513528 0.0609269 0.068622 0.073538 0.0753762 0.0744063 0.0712075 0.066421 0.0606204 0.0542659 0.047693 0.0411268 0.0347172 0.028579 0.0228222 0.0175654 0.0129316 0.00902979 0.00592759 0.00362568
 0.00938774 0.0151098 0.0224744 0.0313143 0.0412606 0.0516138 0.0612982 0.069098 0.0740913 0.0759558 0.0749401 0.0716119 0.0666201 0.0605696 0.0539698 0.0472076 0.0405421 0.0341282 0.0280595 0.0224109 0.0172678 0.0127317 0.00890338 0.00585154 0.00358197
 0.00942187 0.0151941 0.0226535 0.031645 0.041795 0.052373 0.0622515 0.0701604 0.075144 0.0768777 0.0756338 0.0720147 0.0667026 0.0603313 0.0534376 0.0464365 0.0396138 0.0331416 0.0271126 0.0215815 0.0166001 0.012235 0.00856061 0.00563159 0.00345076
 0.00900445 0.0145564 0.021774 0.0305411 0.0405308 0.0510622 0.0610539 0.0692595 0.0747021 0.0769837 0.0762705 0.0730661 0.067993 0.0616734 0.054671 0.0474504 0.0403557 0.0336146 0.0273627 0.0216767 0.0166087 0.0122093 0.00853101 0.00561016 0.00343866
 0.00871961 0.0140619 0.0209751 0.0293406 0.0388634 0.048946 0.058632 0.066802 0.0725523 0.0754685 0.0756159 0.0733469 0.0691265 0.0634514 0.0568161 0.0496803 0.042437 0.0353945 0.0287749 0.0227266 0.0173471 0.0127051 0.00885096 0.0058088 0.00355651
 0.00898755 0.0144527 0.0214754 0.0298968 0.0393808 0.049297 0.0586766 0.0664226 0.0717024 0.0742159 0.0741505 0.0719362 0.0680345 0.0628563 0.0567647 0.0500916 0.0431466 0.0362155 0.0295512 0.0233627 0.0178108 0.0130109 0.0090359 0.00591288 0.00361181
 0.00921822 0.0148575 0.0221354 0.0308933 0.0407609 0.0510248 0.0605947 0.0682571 0.0731243 0.0749384 0.0740196 0.0709791 0.0664499 0.060954 0.0548739 0.0484717 0.0419317 0.035411 0.0290738 0.0230974 0.017658 0.0129078 0.00895524 0.00584836 0.00356406
 0.0089876 0.0145484 0.021795 0.0306147 0.0406678 0.0512396 0.0612004 0.0692635 0.0744446 0.0763857 0.0753362 0.0719025 0.0667962 0.0606823 0.054098 0.0474121 0.0408332 0.0344633 0.0283693 0.0226361 0.0173844 0.0127533 0.00886586 0.0057926 0.00352746
 0.00853612 0.0138517 0.0208208 0.029371 0.0392161 0.0497064 0.0597805 0.0681966 0.0739573 0.0766138 0.0762656 0.0733592 0.0684945 0.0623117 0.0554153 0.0483042 0.0413253 0.0346745 0.0284428 0.0226801 0.017448 0.0128381 0.00895234 0.00586301 0.00357503
#obs surv len freq
 nan nan nan nan nan nan nan nan nan nan nan nan nan nan nan nan nan nan nan nan nan nan nan nan nan
 0.00448481 0.00734623 0.0111763 0.0159927 0.0216935 0.0279691 0.0342831 0.0400142 0.0446936 0.0481572 0.0505148 0.0520104 0.0529024 0.0534146 0.0537288 0.0539835 0.054262 0.0545547 0.0546934 0.0542853 0.0527234 0.0493555 0.0438054 0.0362856 0.0276693
 0.004617 0.00756295 0.0115055 0.0164604 0.0223174 0.0287488 0.0351904 0.0409902 0.0456573 0.0490214 0.0512028 0.0524672 0.0531002 0.0533526 0.0534291 0.0534835 0.0536049 0.0537833 0.0538467 0.0534003 0.0518389 0.0485148 0.0430532 0.0356599 0.0271911
 0.00477973 0.00782953 0.0119105 0.0170374 0.0230924 0.0297297 0.0363558 0.0422838 0.046993 0.0502974 0.0523165 0.0533282 0.0536399 0.0535314 0.0532394 0.0529476 0.0527686 0.0527061 0.0525952 0.0520448 0.0504548 0.0471828 0.0418533 0.0346581 0.0264241
 0.00497493 0.00814833 0.0123931 0.0177223 0.0240094 0.0308883 0.0377331 0.0438197 0.0485972 0.0518639 0.0537384 0.0545063 0.0544882 0.0539825 0.0532503 0.0525057 0.0518934 0.051448 0.0510305 0.0502717 0.0485896 0.0453535 0.0401866 0.0332575 0.0253478
 0.0051861 0.00849464 0.0129199 0.018474 0.0250208 0.0321717 0.0392642 0.0455328 0.050394 0.0536315 0.055366 0.0558941 0.0555494 0.0546434 0.053452 0.0522088 0.0510847 0.0501484 0.0493012 0.0482166 0.0463529 0.0431076 0.038108 0.0314934 0.0239837
 0.00541613 0.00887067 0.0134899 0.0192842 0.0261077 0.0335485 0.0409063 0.0473724 0.0523286 0.0555425 0.0571367 0.0574205 0.0567435 0.0554319 0.0537749 0.0520181 0.0503493 0.0488633 0.0475026 0.0459957 0.0438613 0.0405467 0.035697 0.0294223 0.0223693
 0.00565328 0.0092608 0.0140855 0.0201372 0.0272593 0.0350129 0.0426553 0.0493295 0.0543805 0.0575613 0.0590003 0.0590238 0.0580007 0.0562739 0.0541458 0.0518717 0.0496497 0.0475927 0.0456778 0.0436899 0.0412193 0.0377807 0.0330528 0.0271237 0.0205615
 0.00588764 0.00964418 0.0146672 0.0209655 0.028373 0.0364282 0.0443505 0.0512384 0.0564002 0.05957 0.060876 0.0606567 0.0592992 0.0571658 0.0545745 0.0517924 0.0490262 0.046402 0.0439252 0.0414326 0.0385884 0.0349832 0.0303421 0.0247405 0.0186701
 0.0061373 0.0100529 0.0152876 0.021848 0.0295559 0.0379221 0.0461227 0.0532083 0.0584518 0.0615751 0.0627151 0.0622296 0.0605261 0.0579848 0.0549378 0.0516622 0.0483716 0.0452021 0.0421819 0.0391938 0.0359721 0.0321857 0.0276126 0.0223236 0.0167392
 0.00637075 0.0104367 0.0158732 0.0226859 0.0306863 0.0393589 0.0478374 0.0551242 0.0604543 0.0635341 0.0645067 0.0637497 0.0616955 0.0587473 0.0552551 0.0515066 0.0477213 0.0440418 0.040514 0.0370602 0.0334783 0.0295116 0.0249921 0.0199915 0.0148664
 0.00660318 0.0108161 0.0164472 0.0235 0.0317753 0.0407336 0.0494701 0.0569434 0.0623533 0.0653907 0.0662025 0.0651829 0.0627865 0.0594401 0.0555143 0.0513116 0.0470604 0.0429098 0.0389199 0.0350449 0.0311379 0.0270083 0.0225387 0.0178042 0.0131053
 0.00683344 0.0111972 0.0170328 0.0243431 0.0329163 0.0421816 0.0511855 0.0588338 0.0642895 0.0672341 0.06783 0.0665 0.0637284 0.0599678 0.055609 0.0509683 0.0462816 0.0417042 0.037307 0.0330703 0.0288922 0.0246383 0.0202346 0.0157591 0.0114618
 0.00705131 0.0115514 0.017566 0.0250961 0.0339204 0.0434477 0.0526907 0.0605138 0.0660442 0.068943 0.0693715 0.0677676 0.0646419 0.0604778 0.0556944 0.0506291 0.0455303 0.0405606 0.0358006 0.0312516 0.0268479 0.0225004 0.0181696 0.0139338 0.00999834
 0.00727767 0.0119206 0.0181235 0.0258834 0.0349656 0.0447511 0.0542113 0.0621675 0.0677175 0.0705171 0.0707422 0.0688537 0.0653859 0.0608429 0.0556639 0.0502039 0.044726 0.0394039 0.0343297 0.0295225 0.0249454 0.0205439 0.0163038 0.0122999 0.00869705
 0.00743255 0.0121819 0.0185342 0.0264891 0.0358044 0.0458377 0.0555211 0.0636315 0.0692325 0.0719669 0.0720188 0.069871 0.066085 0.0611912 0.0556502 0.049833 0.0440141 0.0383771 0.0330259 0.0279972 0.0232789 0.0188436 0.0146945 0.0108998 0.00758775
 0.00751751 0.0123192 0.0187404 0.0267819 0.0362032 0.0463617 0.0561849 0.0644373 0.0701626 0.0729786 0.0730452 0.0708297 0.0668912 0.061772 0.0559536 0.0498309 0.0436998 0.0377623 0.0321399 0.026889 0.0220209 0.0175314 0.0134369 0.00979819 0.00671169
 0.00760153 0.0124517 0.0189321 0.0270401 0.0365309 0.0467568 0.0566398 0.0649403 0.0707019 0.0735448 0.0736293 0.0714156 0.0674479 0.0622522 0.0563003 0.0499892 0.0436289 0.0374428 0.0315775 0.0261158 0.0210958 0.0165362 0.0124658 0.00893861 0.00602411
 0.00765884 0.0125383 0.0190506 0.027189 0.036706 0.0469533 0.0568539 0.0651698 0.0709464 0.0738066 0.0739128 0.0717248 0.0677813 0.0625958 0.0566232 0.0502454 0.0437657 0.0374136 0.0313551 0.025702 0.0205245 0.0158698 0.0117827 0.00831508 0.00551553
 0.00774519 0.0126728 0.0192413 0.0274382 0.0370081 0.0472935 0.0572073 0.0655046 0.0712316 0.0740219 0.074055 0.0718072 0.0678266 0.0626262 0.0566505 0.0502647 0.0437541 0.0373363 0.0311777 0.025405 0.0201143 0.0153815 0.0112716 0.00784084 0.00512412
 0.00776588 0.0127045 0.0192857 0.0274959 0.0370794 0.0473784 0.0573059 0.0656157 0.0713519 0.0741454 0.0741747 0.0719176 0.0679263 0.0627179 0.0567385 0.0503492 0.0438261 0.0373758 0.0311578 0.0253023 0.0199207 0.0151115 0.0109605 0.00753322 0.004859
 0.00782497 0.0127913 0.019399 0.0276284 0.0372198 0.0475146 0.0574279 0.0657171 0.0714301 0.0742012 0.0742112 0.0719389 0.0679361 0.0627197 0.0567355 0.0503437 0.0438171 0.0373566 0.0311148 0.0252192 0.0197868 0.0149292 0.0107479 0.00731872 0.00467024
 0.00785738 0.0128432 0.0194752 0.0277317 0.0373486 0.0476611 0.0575771 0.0658492 0.0715265 0.0742516 0.0742173 0.0719121 0.0678919 0.0626715 0.0566916 0.0503069 0.043786 0.0373257 0.0310753 0.0251603 0.0196997 0.0148123 0.0106098 0.0071762 0.0045419
 0.00789326 0.0128957 0.0195435 0.0278117 0.0374346 0.0477482 0.0576619 0.0659295 0.0715986 0.0743094 0.0742532 0.0719209 0.0678736 0.0626324 0.0566415 0.0502555 0.043739 0.0372836 0.0310338 0.0251122 0.019638 0.0147341 0.0105186 0.00708162 0.00445556
 0.00787393 0.0128679 0.0195082 0.0277717 0.0373936 0.047709 0.0576263 0.0658984 0.0715747 0.0742974 0.0742587 0.0719471 0.0679191 0.062691 0.0567055 0.0503183 0.0437967 0.0373337 0.0310734 0.0251372 0.0196442 0.0147197 0.0104862 0.00703808 0.00441008
 0.00789765 0.0128959 0.0195314 0.027776 0.0373648 0.0476403 0.0575229 0.0657775 0.0714586 0.0742055 0.0742024 0.0719294 0.0679374 0.0627393 0.0567757 0.0504013 0.0438831 0.0374154 0.031144 0.025192 0.01968 0.0147353 0.0104836 0.0070224 0.00438825
 0.00790124 0.012903 0.0195437 0.0277942 0.0373863 0.047657 0.0575214 0.0657435 0.0713841 0.0740961 0.0740771 0.0718146 0.0678564 0.0627048 0.0567882 0.0504519 0.0439585 0.0375017 0.0312288 0.025266 0.019737 0.0147727 0.0105023 0.00702634 0.00438298
 0.0078984 0.012893 0.0195189 0.0277453 0.0373059 0.047544 0.0573843 0.0655984 0.0712486 0.0739824 0.0739907 0.071757 0.0678298 0.062714 0.0568374 0.0505406 0.0440793 0.0376411 0.0313716 0.0253977 0.0198474 0.0148564 0.010559 0.00705962 0.00439907
 0.00788674 0.0128747 0.0194923 0.0277083 0.0372557 0.0474765 0.0572956 0.0654871 0.0711192 0.0738468 0.0738658 0.0716597 0.067772 0.0627005 0.0568675 0.0506102 0.0441819 0.0377676 0.0315097 0.0255339 0.0199691 0.014955 0.010631 0.00710674 0.00442624
 0.00786803 0.0128417 0.0194382 0.0276258 0.0371396 0.0473273 0.0571214 0.0653032 0.070944 0.0736962 0.0737512 0.0715876 0.0677462 0.0627227 0.0569364 0.050721 0.044326 0.0379339 0.0316853 0.0257053 0.0201239 0.0150838 0.010729 0.00717437 0.00446834
 0.00785371 0.0128177 0.0194005 0.0275701 0.0370613 0.047223 0.0569908 0.0651506 0.0707793 0.0735343 0.0736089 0.0714807 0.0676854 0.0627129 0.0569769 0.0508067 0.0444492 0.0380841 0.0318502 0.0258715 0.0202784 0.015216 0.0108328 0.00724861 0.00451639
 0.00783737 0.0127897 0.019356 0.0275038 0.0369689 0.0471032 0.0568472 0.0649918 0.0706172 0.0733818 0.0734779 0.0713813 0.0676265 0.0627004 0.057013 0.0508892 0.0445714 0.0382358 0.032019 0.0260436 0.0204405 0.015357 0.0109455 0.0073309 0.00457097
 0.00781157 0.0127469 0.0192899 0.0274083 0.0368395 0.0469397 0.0566554 0.0647848 0.0704129 0.0731994 0.0733341 0.0712876 0.0675886 0.0627188 0.0570845 0.0510076 0.044728 0.0384199 0.0322177 0.026243 0.0206268 0.0155187 0.011075 0.00742626 0.00463493
 0.00777993 0.0126947 0.01921 0.0272939 0.0366857 0.0467462 0.0564292 0.0645407 0.0701717 0.0729837 0.073164 0.0711784 0.0675483 0.0627486 0.0571792 0.0511572 0.0449197 0.0386393 0.0324497 0.0264725 0.0208394 0.0157024 0.0112223 0.00753492 0.00470824
 0.00775265 0.0126497 0.019141 0.0271947 0.0365515 0.0465754 0.056226 0.0643158 0.0699414 0.0727672 0.0729808 0.0710451 0.0674772 0.0627463 0.0572453 0.0512854 0.0450985 0.0388536 0.0326825 0.0267064 0.0210584 0.0158932 0.0113764 0.00764946 0.0047861
 0.00933074 0.0148554 0.0217963 0.029912 0.0388471 0.0480493 0.0567038 0.0638755 0.0688291 0.0712737 0.0713515 0.0694469 0.0660066 0.061451 0.0561441 0.0503791 0.0443773 0.0383008 0.0322769 0.026424 0.0208741 0.0157823 0.0113162 0.00762107 0.00477527
 0.00929846 0.0150982 0.0226821 0.0318982 0.0422808 0.0528982 0.0623856 0.0693536 0.0729821 0.0733397 0.0711799 0.0674392 0.062841 0.0577931 0.0524816 0.0469969 0.0414071 0.0357844 0.0302102 0.0247807 0.019615 0.0148593 0.0106742 0.00720116 0.00451932
 0.008975 0.014587 0.0219619 0.0310157 0.0414055 0.0523591 0.0626327 0.0707958 0.0757412 0.0770668 0.0750992 0.0706435 0.0646713 0.0580679 0.051465 0.0451828 0.0392876 0.0337157 0.0283907 0.0232889 0.0184582 0.0140081 0.010082 0.00681429 0.0042839
 0.00880029 0.0142953 0.021509 0.0303588 0.0405192 0.0512662 0.0614447 0.0697412 0.0751485 0.0772745 0.0763033 0.0727515 0.067269 0.0605531 0.0532928 0.0460751 0.0392882 0.0330909 0.0274672 0.0223316 0.0176245 0.0133605 0.00962174 0.00651215 0.0041006
 0.00873041 0.0141755 0.0213165 0.0300663 0.0400985 0.0506961 0.0607228 0.0689002 0.0742731 0.0765133 0.0758584 0.0728285 0.0679858 0.0618511 0.0549143 0.0476458 0.0404706 0.0337148 0.0275634 0.022067 0.0171991 0.01293 0.00927037 0.00626403 0.00394451
 0.00870796 0.0141371 0.0212546 0.0299711 0.0399574 0.0504945 0.0604461 0.0685374 0.0738237 0.0759984 0.075334 0.0723928 0.067768 0.0619698 0.0554162 0.048459 0.0414112 0.0345575 0.0281377 0.0223186 0.0171852 0.0127642 0.00906156 0.00608147 0.00381461
 0.00870499 0.0141291 0.0212368 0.0299365 0.0398984 0.0504042 0.0603198 0.0683721 0.0736175 0.07575 0.0750476 0.0720869 0.0674847 0.0617767 0.0553895 0.0486493 0.0418075 0.0350758 0.0286504 0.0227103 0.0174004 0.0128174 0.00901136 0.00599219 0.00373055
 0.00870358 0.0141272 0.0212342 0.0299329 0.0398921 0.0503917 0.0602951 0.0683279 0.0735465 0.075647 0.0749106 0.071919 0.067297 0.0615923 0.0552463 0.0485924 0.0418715 0.0352625 0.0289187 0.0229902 0.0176243 0.0129494 0.00905538 0.00597844 0.00369364
 0.00868346 0.0140982 0.0211974 0.0298918 0.0398514 0.050356 0.060267 0.0683073 0.0735298 0.0756283 0.0748824 0.0718742 0.0672318 0.06151 0.0551593 0.0485232 0.0418471 0.0353038 0.029027 0.0231425 0.0177816 0.0130751 0.0091311 0.00600756 0.00369274
 0.00866984 0.0140748 0.0211603 0.0298371 0.0397777 0.050266 0.0601695 0.0682156 0.0734579 0.0755854 0.0748693 0.0718838 0.0672524 0.0615297 0.0551716 0.0485299 0.0418587 0.0353346 0.0290879 0.0232328 0.0178872 0.0131749 0.00920728 0.00605337 0.00371254
 0.00862805 0.014012 0.0210753 0.029732 0.0396571 0.0501358 0.0600363 0.0680875 0.0733452 0.0754998 0.0748217 0.0718803 0.0672918 0.0616031 0.0552651 0.0486301 0.0419573 0.0354305 0.0291844 0.0233328 0.0179883 0.0132689 0.00928444 0.00610771 0.00374452
 0.0086349 0.0140164 0.0210697 0.0297061 0.0396009 0.0500452 0.0599167 0.0679532 0.0732145 0.0753888 0.0747408 0.0718342 0.0672811 0.0616259 0.0553168 0.0487031 0.0420426 0.0355204 0.0292742 0.0234203 0.0180715 0.0133444 0.00934773 0.0061551 0.00377548
 0.00864389 0.0140327 0.0210967 0.0297464 0.0396539 0.0501043 0.0599682 0.0679795 0.0732012 0.0753317 0.0746485 0.0717247 0.0671744 0.0615379 0.0552565 0.0486727 0.0420394 0.0355385 0.0293072 0.0234621 0.0181172 0.0133894 0.00938785 0.00618713 0.003798
 0.0086359 0.014022 0.021085 0.0297372 0.0396519 0.0501139 0.0599918 0.0680156 0.073243 0.0753676 0.0746656 0.0717142 0.0671358 0.06148 0.0551933 0.0486182 0.0420028 0.0355232 0.0293114 0.023481 0.0181449 0.0134204 0.00941728 0.0062117 0.0038161
 0.00863953 0.0140277 0.0210933 0.0297484 0.0396668 0.0501333 0.0600169 0.0680471 0.0732804 0.075408 0.0747031 0.0717401 0.0671418 0.061461 0.0551506 0.0485598 0.0419407 0.0354688 0.0292722 0.0234593 0.0181387 0.013425 0.00942768 0.00622343 0.00382625
 0.00863953 0.0140277 0.0210933 0.0297484 0.0396668 0.0501333 0.0600169 0.0680471 0.0732804 0.075408 0.0747031 0.0717401 0.0671418 0.061461 0.0551506 0.0485598 0.0419407 0.0354688 0.0292722 0.0234593 0.0181387 0.013425 0.00942768 0.00622343 0.00382625
 0.00858692 0.0139459 0.0209776 0.0295979 0.0394853 0.0499309 0.0598108 0.0678603 0.0731376 0.0753295 0.074699 0.0718078 0.0672671 0.061622 0.0553239 0.0487259 0.0420877 0.0355932 0.0293761 0.0235467 0.0182125 0.0134866 0.00947686 0.00626027 0.0038517
 0.00856223 0.0139012 0.0209022 0.0294798 0.0393153 0.0497083 0.059548 0.0675834 0.072881 0.0751272 0.0745768 0.0717788 0.0673305 0.0617645 0.0555228 0.0489541 0.0423196 0.0358089 0.0295642 0.023703 0.0183379 0.0135838 0.00954933 0.00631155 0.00388561
 0.00851677 0.0138298 0.0207993 0.0293414 0.0391392 0.0494945 0.0593008 0.0673137 0.0726077 0.0748763 0.0743782 0.07166 0.0673097 0.0618459 0.0556955 0.0491947 0.0425981 0.0360949 0.0298323 0.0239365 0.0185288 0.0137311 0.00965674 0.00638527 0.00393289
 0.00867962 0.0140836 0.0211594 0.0298117 0.0397071 0.0501267 0.0599396 0.0678814 0.0730217 0.0750715 0.0743256 0.0713746 0.0668448 0.0612771 0.0551011 0.048639 0.0421215 0.0357133 0.0295427 0.0237254 0.0183798 0.0136294 0.00959018 0.00634407 0.00390915
 0.00880413 0.0143011 0.0215132 0.0303472 0.040456 0.0510843 0.0610465 0.0690227 0.0740506 0.0758469 0.0747458 0.0713962 0.0664843 0.0606022 0.0542133 0.0476525 0.0411411 0.0348184 0.0287807 0.0231138 0.0179141 0.0132924 0.00935896 0.00619464 0.00381897
 0.00873011 0.0141916 0.0213707 0.0301867 0.0403085 0.0509973 0.0610781 0.069227 0.0744538 0.0764254 0.075421 0.0720522 0.0670036 0.0609001 0.0542591 0.0474701 0.0407942 0.0343876 0.0283406 0.0227189 0.0175935 0.0130531 0.00919333 0.00608806 0.0037553
 0.00894186 0.0145129 0.0218107 0.0307369 0.0409435 0.0516781 0.0617571 0.0698544 0.0749874 0.0768395 0.0757063 0.072206 0.0670171 0.0607556 0.0539393 0.0469748 0.040152 0.0336555 0.0275909 0.022021 0.0169985 0.0125863 0.0088555 0.00586244 0.0036165
 0.00870685 0.0141649 0.0213509 0.0301905 0.040355 0.0511022 0.061251 0.0694734 0.0747802 0.076841 0.0759301 0.0726381 0.0676144 0.0614483 0.0546412 0.0475995 0.0406328 0.0339609 0.0277294 0.0220316 0.0169333 0.0124929 0.00876668 0.00579391 0.00357103
 0.00848297 0.0137784 0.0207318 0.0292702 0.0390955 0.049535 0.0595048 0.0677644 0.0733585 0.0759162 0.0756158 0.0729386 0.0684456 0.0626723 0.0560962 0.0491233 0.0420817 0.0352264 0.0287494 0.0227924 0.0174603 0.012834 0.0089746 0.00591423 0.00363746
 0.00872641 0.0141379 0.0212014 0.029811 0.0396335 0.0499673 0.0597147 0.0676506 0.0728751 0.0751065 0.0746157 0.0719383 0.067627 0.0621555 0.055916 0.0492378 0.0424 0.0356406 0.0291625 0.0231375 0.0177079 0.0129867 0.00905429 0.00594805 0.00364782
 0.00900457 0.0146108 0.0219469 0.0309018 0.041105 0.0517734 0.0616946 0.0695361 0.0743518 0.0759079 0.074605 0.0711455 0.0662312 0.0604243 0.0541277 0.0476134 0.0410655 0.0346265 0.0284317 0.022622 0.0173407 0.0127186 0.00885685 0.00580623 0.00355192
 0.00895922 0.0145663 0.0219367 0.0309818 0.0413479 0.0522521 0.0624583 0.0705833 0.0756064 0.0772117 0.0757412 0.0718949 0.0664435 0.0600711 0.0533103 0.0465212 0.0399085 0.0335725 0.0275738 0.0219805 0.016888 0.0124094 0.00864887 0.00566851 0.00346369
 0.00878146 0.0142771 0.0215044 0.0303868 0.0405985 0.0514049 0.0616304 0.0699403 0.0753199 0.0773977 0.0764087 0.0729305 0.06764 0.0611919 0.0541638 0.0470163 0.0400661 0.0334934 0.0273826 0.0217775 0.0167267 0.0123021 0.00858486 0.00563182 0.00344222
#pred catch len freq
 0.00433427 0.00687569 0.0100645 0.0138384 0.0181619 0.0230027 0.0282608 0.0337341 0.0391566 0.0442634 0.0488354 0.0527218 0.0558499 0.0582169 0.0598557 0.0607962 0.0610415 0.0605591 0.0592678 0.057009 0.0535356 0.0485817 0.0420454 0.0342039 0.0257878
 0.0046849 0.00733617 0.0105591 0.0142395 0.0183386 0.0228902 0.0279059 0.0332802 0.0387689 0.0440402 0.0487599 0.0526807 0.0557033 0.0578767 0.0593368 0.0602181 0.0605812 0.060375 0.0594256 0.0574485 0.0540971 0.0490812 0.0423558 0.0342969 0.0257193
 0.00497246 0.00780339 0.0112538 0.0151851 0.0195054 0.0241669 0.029097 0.0341544 0.039153 0.0439041 0.0482284 0.0519544 0.0549442 0.0571417 0.0585967 0.0594346 0.0597755 0.059637 0.0588639 0.0571208 0.0539719 0.0490581 0.0423255 0.0341977 0.025554
 0.00526131 0.00825463 0.0119023 0.0160597 0.0206332 0.0255694 0.0307684 0.036023 0.0410494 0.0455702 0.0493872 0.0524151 0.0546789 0.0562787 0.0573385 0.0579656 0.0582234 0.0580909 0.0574046 0.0558222 0.0528781 0.0481662 0.0415988 0.0335976 0.0250624
