SBPRF35
7.78865
Curr Bio
570436
B35
688049
F35
0.226849
FOFL
0.194345
OFL
87641.4
Bzero
2.22533e+006
#pred survey bio
 4.54556e+006 4.25679e+006 4.00002e+006 3.71527e+006 3.4141e+006 3.10667e+006 2.78275e+006 2.48919e+006 2.22279e+006 1.97525e+006 1.70259e+006 1.51594e+006 1.35384e+006 1.183e+006 1.0688e+006 928036 844885 793955 741775 701763 667636 634298 621693 604020 582874 575202 576036 569197 571819 578688 588366 580152 578136 565662 550364 538833 528655 517899 523784 527810 524845 523962 525929 528188 519757 529226 545298 545941 551820 553850 558039 572098 585215 588619 577894 557479 554690 528111 543414 583523 584363 560137 553068 570240 2.07904e+007 1.28574e+007 1.3308e+007 1.39339e+007 1.46254e+007 1.52749e+007 1.58292e+007 1.62745e+007 1.6618e+007 1.68762e+007 1.7067e+007 1.72067e+007 1.73087e+007 1.7383e+007 1.74373e+007 1.74772e+007 1.75067e+007 1.75285e+007 1.75449e+007 1.75571e+007 1.75664e+007 1.75734e+007 1.75787e+007 1.75828e+007 1.75859e+007 1.75883e+007 1.75901e+007 1.75915e+007 1.75926e+007 1.75934e+007 1.7594e+007 1.75945e+007 1.75949e+007 1.75952e+007 1.75954e+007 1.75956e+007 1.75958e+007 1.75959e+007 1.75959e+007 1.7596e+007 1.75961e+007 1.75961e+007 1.75961e+007 1.75961e+007 1.75962e+007 1.75962e+007 1.75962e+007 1.75962e+007 1.75962e+007 1.75962e+007 1.75962e+007 1.75962e+007 1.75962e+007 1.75962e+007 1.75962e+007 1.75962e+007 1.75962e+007 1.75962e+007 1.75962e+007 1.75962e+007 1.75962e+007 1.75962e+007 1.75962e+007 1.75962e+007 1.75962e+007 1.75962e+007 1.75962e+007 1.75962e+007 1.75962e+007 1.75962e+007 1.75962e+007 1.75962e+007 1.75962e+007 1.75962e+007 1.75962e+007 1.75962e+007 1.75962e+007 1.75962e+007 1.75962e+007 1.75962e+007 1.75962e+007 1.75962e+007 1.75962e+007 1.75962e+007 1.75962e+007 1.75962e+007 1.75962e+007 1.75962e+007 1.75962e+007 1.75962e+007 1.75962e+007 1.75962e+007 1.75962e+007 1.75962e+007 1.75962e+007 1.75962e+007 1.75962e+007 1.75962e+007 1.75962e+007 1.75962e+007 0 0 0 0 0 0 0 0 0 0 0 0 0 0 0 0 0 0 0 0 0 0 0 0 0
#obs survey bio
 5.10464e+006 3.21078e+006 2.78775e+006 3.5237e+006 2.24338e+006 1.9826e+006 2.75168e+006 2.39255e+006 1.50557e+006 2.29695e+006 1.48421e+006 1.23245e+006 1.01588e+006 811121 1.05507e+006 936214 906948 1.03317e+006 731779 678046 457174 842589 504898 590787 496921 671411 524354 386131 543085 606144 640126 462294 481606 820152 600603 540175 469208 376401 561388 733616 723702 597782 480061 638903 468762 607846 474021 536517 571784 567532 661184 545700 748360 652318 560320 725729 555600 485526 646528 608215 455536 410196 574728 453714
#pred catch bio
 106498 96608.2 148989 195055 234627 284035 288384 291437 297457 338455 276768 266465 281155 235381 258425 206478 176665 173505 157653 147829 142851 121753 123057 122681 108777 100431 106612 98973.7 95451.6 91912.6 104238 95788.8 101311 99198.4 91593.1 88826.4 92159 83002.1 87640.4 93399.4 90244.9 86712.4 86061.6 95128.1 81066.5 77697 92426.5 89137.3 93572.2 93036.7 86339.9 88253.9 96053.2 106702 113810 99241.7 120082 85900.8 67367.1 100622 120965 108235 92401.1 91178 87641.4 103450 106068 109933 114684 119243 123068 126032 128212 129755 130816 131530 132002 132310 132509 132637 132718 132769 132801 132821 132834 132842 132847 132850 132852 132853 132854 132854 132854 132855 132855 132855 132855 132855 132855 132855 132855 132855 132855 132855 132855 132855 132855 132855 132855 132855 132855 132855 132855 132855 132855 132855 132855 132855 132855 132855 132855 132855 132855 132855 132855 132855 132855 132855 132855 132855 132855 132855 132855 132855 132855 132855 132855 132855 132855 132855 132855 132855 132855 132855 132855 132855 132855 132855 132855 132855 132855 132855 132855 132855 132855 132855 132855 132855 132855 132855 132855 132855 132855 132855 0 0 0 0 0 0 0 0 0 0 0 0 0 0 0 0 0 0 0 0 0 0 0 0 0
#obs catch bio
 0 96312.5 149574 196113 236822 288601 293077 296686 303053 346379 281766 272758 289357 241137 266510 211312 180544 176770 159877 149086 145127 122656 124512 123769 109608 100900 107122 100232 96703.1 92739.2 105020 95940.1 101978 99398.7 91596.9 88529.6 91956.9 82809.3 87718.9 92848.8 89639.7 85906.6 85264.4 94227.5 80708.4 77339.9 92262 88986.2 93334.4 92959.5 86275.5 88367 95794.4 106131 113527 98168.2 120104 86088.5 66975.4 100125 120405 107973 91949.8 91136.2
#pred cpue bio
 4.46446e+006 4.17889e+006 3.92393e+006 3.63971e+006 3.33975e+006 3.03362e+006 2.71155e+006 2.42002e+006 2.15574e+006 1.91053e+006 1.64113e+006 1.45626e+006 1.296e+006 1.12792e+006 1.01571e+006 878391 797386 748325 698710 660918 628475 596663 585004 568473 548457 541344 542350 535564 537857 544818 555007 547954 546629 535249 521417 511088 500811 488521 492676 496568 494411 494114 496282 498457 489998 498726 514000 514386 519844 521588 525332 538754 551659 555412 545188 525094 521837 495564 510048 549417 550872 526795 518496 533896 1.94853e+007 1.20731e+007 1.24726e+007 1.30245e+007 1.36878e+007 1.43307e+007 1.48838e+007 1.53289e+007 1.56724e+007 1.59305e+007 1.61214e+007 1.62611e+007 1.6363e+007 1.64373e+007 1.64917e+007 1.65316e+007 1.6561e+007 1.65829e+007 1.65992e+007 1.66115e+007 1.66207e+007 1.66277e+007 1.6633e+007 1.66371e+007 1.66402e+007 1.66426e+007 1.66444e+007 1.66458e+007 1.66469e+007 1.66477e+007 1.66484e+007 1.66489e+007 1.66493e+007 1.66496e+007 1.66498e+007 1.665e+007 1.66501e+007 1.66502e+007 1.66503e+007 1.66504e+007 1.66504e+007 1.66504e+007 1.66505e+007 1.66505e+007 1.66505e+007 1.66505e+007 1.66505e+007 1.66505e+007 1.66505e+007 1.66506e+007 1.66506e+007 1.66506e+007 1.66506e+007 1.66506e+007 1.66506e+007 1.66506e+007 1.66506e+007 1.66506e+007 1.66506e+007 1.66506e+007 1.66506e+007 1.66506e+007 1.66506e+007 1.66506e+007 1.66506e+007 1.66506e+007 1.66506e+007 1.66506e+007 1.66506e+007 1.66506e+007 1.66506e+007 1.66506e+007 1.66506e+007 1.66506e+007 1.66506e+007 1.66506e+007 1.66506e+007 1.66506e+007 1.66506e+007 1.66506e+007 1.66506e+007 1.66506e+007 1.66506e+007 1.66506e+007 1.66506e+007 1.66506e+007 1.66506e+007 1.66506e+007 1.66506e+007 1.66506e+007 1.66506e+007 1.66506e+007 1.66506e+007 1.66506e+007 1.66506e+007 1.66506e+007 1.66506e+007 1.66506e+007 1.66506e+007 1.66506e+007 0 0 0 0 0 0 0 0 0 0 0 0 0 0 0 0 0 0 0 0 0 0 0 0 0
#obs cpue bio
 3.25827e+006 2.75114e+006 3.54876e+006 2.80765e+006 2.4778e+006 2.9387e+006 2.33035e+006 2.02201e+006 2.6693e+006 1.71197e+006 1.40013e+006 1.00393e+006 1.29856e+006 1.05318e+006 838207 654836 498533 594748 668410 786059 529046 510141 515537 644848 537489 469725 637394 340917 450388 531400 687567 800536 489033 491728 512663 672633 607232 597823 395773 661972 407272 597621 593162 549209 356294 444612 613200 457394 595962 463395 406950 484933 626366 648627 522252 630663 379140 351982 603420 815911 712022 605800 583392 509108
#pred surv len freq
 0.00462894 0.00749552 0.0112494 0.0158765 0.021292 0.0272719 0.0334117 0.0392069 0.0442284 0.0482562 0.0512862 0.0534498 0.0549295 0.0559011 0.0564935 0.0567644 0.0567017 0.0562366 0.055242 0.0535036 0.050702 0.0464807 0.0406403 0.0333763 0.0253747
 0.00503148 0.00805528 0.0119215 0.0165726 0.0219208 0.0277947 0.0338719 0.039705 0.044848 0.0489885 0.0520045 0.0539542 0.0550371 0.0555296 0.0556991 0.0557215 0.055636 0.0553416 0.0546109 0.0531069 0.0504216 0.046184 0.0402512 0.0329036 0.0248884
 0.00518727 0.00835548 0.0124532 0.0174279 0.0231539 0.0293681 0.0356298 0.0414086 0.04627 0.0500071 0.052627 0.0542561 0.055069 0.0552723 0.0550957 0.0547519 0.0543704 0.0539307 0.0532232 0.0518575 0.0493393 0.0452337 0.0393883 0.0321173 0.0242064
 0.00539889 0.0086799 0.0129105 0.0180381 0.0239503 0.0304053 0.0369697 0.0430774 0.0482034 0.0520253 0.0544718 0.0556786 0.0559133 0.0554999 0.0547468 0.0538942 0.0530805 0.0523094 0.0514058 0.0499944 0.0475585 0.0436165 0.0379757 0.0309317 0.0232639
 0.00563815 0.00906472 0.013481 0.0188269 0.0249752 0.0316613 0.0384259 0.0446843 0.0499086 0.0537783 0.0562065 0.0572845 0.0572285 0.0563444 0.0549803 0.0534587 0.0520062 0.0506948 0.0493956 0.0477608 0.0452809 0.0414581 0.0360637 0.0293482 0.0220443
 0.00584355 0.00940353 0.0140007 0.0195763 0.0259968 0.0329775 0.0400222 0.0465006 0.0518452 0.0557163 0.0580314 0.0588993 0.0585486 0.0572813 0.0554327 0.0533263 0.0512233 0.0492642 0.0474034 0.045368 0.0426979 0.0389094 0.0337507 0.0274166 0.0205641
 0.00608317 0.00978882 0.0145739 0.0203772 0.0270597 0.0343238 0.0416491 0.0483696 0.0538781 0.0577998 0.0600304 0.0606756 0.05998 0.0582725 0.0559126 0.0532366 0.0505159 0.0479158 0.0454454 0.0429115 0.0399362 0.036091 0.0311289 0.0251937 0.0188506
 0.00633723 0.0101932 0.015167 0.0211912 0.0281173 0.0356332 0.0431959 0.0501118 0.0557473 0.0597087 0.0618796 0.0623585 0.0613883 0.0593036 0.0564774 0.0532643 0.0499547 0.0467384 0.0436645 0.0406049 0.0372645 0.0332888 0.0284613 0.0228922 0.0170562
 0.00656071 0.010558 0.0157189 0.0219744 0.0291664 0.0369608 0.0447794 0.0518881 0.0576215 0.0615723 0.0636276 0.0638987 0.0626424 0.0602032 0.0569601 0.0532719 0.0494356 0.0456568 0.0420178 0.038448 0.0347307 0.0305893 0.0258516 0.0206094 0.0152566
 0.00680754 0.0109518 0.0162987 0.0227739 0.0302118 0.0382639 0.0463275 0.0536346 0.0594838 0.0634395 0.0653761 0.0654106 0.0638215 0.0609832 0.0573011 0.0531492 0.0488291 0.04455 0.0404113 0.0363843 0.0323196 0.0280153 0.0233483 0.0184032 0.0135042
 0.00724238 0.0116341 0.0172796 0.0240848 0.0318595 0.040224 0.0485348 0.055979 0.0618202 0.0656099 0.0672336 0.0668361 0.0647332 0.0613402 0.0571004 0.0524155 0.0476 0.0428646 0.0383114 0.0339322 0.0296231 0.0252419 0.0207086 0.0161036 0.0116874
 0.00748962 0.0120392 0.0178951 0.0249612 0.0330351 0.0417091 0.0502951 0.0579298 0.0638379 0.067555 0.0689724 0.0682551 0.0657444 0.061884 0.0571461 0.0519595 0.046661 0.0414781 0.0365278 0.0318235 0.0272964 0.0228478 0.0184291 0.014115 0.0101128
 0.00769342 0.0123708 0.0183959 0.0256725 0.0339934 0.0429366 0.0517858 0.0596378 0.0656746 0.0693967 0.0706778 0.0696866 0.0667896 0.0624688 0.0572374 0.0515583 0.0457929 0.0401856 0.034869 0.0298771 0.0251705 0.0206826 0.0163857 0.0123441 0.00871637
 0.0079649 0.0128105 0.0190544 0.0265959 0.0352142 0.0444599 0.0535739 0.0616036 0.0676902 0.0713142 0.0723512 0.0709897 0.0676277 0.0627871 0.0570236 0.0508379 0.0446192 0.0386283 0.0330084 0.0278057 0.0229987 0.0185413 0.0144155 0.0106694 0.00741474
 0.00805234 0.0129605 0.0192959 0.0269638 0.0357462 0.0451881 0.0545146 0.0627473 0.0689959 0.0727093 0.0737373 0.0722536 0.0686572 0.0634863 0.0573252 0.0507101 0.0440658 0.0376855 0.0317393 0.0262964 0.0213559 0.016888 0.0128779 0.00935574 0.00639154
 0.00836711 0.0134562 0.0200119 0.0279257 0.0369613 0.0466385 0.0561481 0.0644738 0.0706953 0.0742509 0.0750017 0.0731487 0.069127 0.063512 0.0569199 0.0499105 0.0429239 0.0362637 0.0301095 0.0245416 0.019572 0.0151798 0.0113484 0.00808687 0.00542563
 0.00839532 0.0135191 0.0201385 0.0281547 0.0373335 0.0471841 0.0568743 0.0653589 0.0716924 0.0752961 0.0760214 0.0740662 0.0698676 0.0640107 0.0571294 0.0498064 0.0425076 0.0355607 0.0291673 0.0234275 0.01837 0.0139844 0.0102522 0.00716428 0.00471746
 0.00828678 0.013353 0.0199097 0.0278704 0.0370171 0.0468791 0.0566436 0.0652761 0.0718231 0.0756753 0.0766391 0.074867 0.0707636 0.0648992 0.0579098 0.0503939 0.0428427 0.0356162 0.0289505 0.0229785 0.017756 0.01329 0.00956475 0.00655751 0.00423744
 0.00833891 0.0134202 0.0199785 0.0279177 0.0370176 0.0468163 0.0565208 0.0651208 0.0716827 0.0756061 0.0766913 0.0750696 0.0711135 0.0653586 0.058413 0.0508621 0.0432005 0.0358062 0.0289438 0.0227796 0.0174015 0.0128406 0.00909101 0.0061233 0.00388583
 0.00848589 0.0136311 0.0202429 0.0282055 0.0372841 0.0470132 0.0566071 0.0650732 0.0715032 0.0753274 0.0763738 0.0747886 0.0709377 0.0653289 0.05853 0.0510867 0.0434662 0.0360388 0.0290811 0.0227868 0.0172779 0.0126162 0.00881511 0.00584788 0.00365079
 0.00849498 0.0136662 0.0203315 0.0283811 0.0375716 0.0474089 0.0570654 0.0655108 0.0718254 0.0754628 0.0763005 0.0745394 0.0705863 0.0649639 0.0582279 0.0508913 0.0433802 0.0360289 0.029095 0.0227742 0.0172078 0.0124852 0.00864341 0.00566716 0.00349033
 0.00857838 0.0137835 0.0204762 0.0285399 0.0377345 0.0475794 0.0572638 0.0657615 0.0721337 0.0757959 0.0765897 0.0747067 0.0705806 0.0647855 0.0579272 0.0505442 0.0430566 0.0357693 0.0289042 0.0226306 0.0170823 0.0123572 0.00850875 0.00553521 0.00337509
 0.00852529 0.0137009 0.0203582 0.0283821 0.0375332 0.0473331 0.0569774 0.0654547 0.0718468 0.0755855 0.0765109 0.0747875 0.0708047 0.0650971 0.0582566 0.0508386 0.0432948 0.0359563 0.0290534 0.0227494 0.0171685 0.0124056 0.00851967 0.00551736 0.00334247
 0.00855434 0.0137405 0.0204033 0.0284234 0.0375586 0.0473315 0.0569413 0.0653808 0.0717363 0.0754458 0.0763589 0.0746503 0.0707138 0.065075 0.0583056 0.0509385 0.0434147 0.0360693 0.0291453 0.022817 0.0172133 0.0124292 0.00852386 0.00550642 0.0033231
 0.00864293 0.0138753 0.0205884 0.0286549 0.0378242 0.0476101 0.0572044 0.065595 0.0718699 0.0754768 0.0762815 0.0744773 0.0704736 0.064806 0.0580465 0.0507188 0.0432475 0.0359518 0.029065 0.0227602 0.0171696 0.0123927 0.00849163 0.00547761 0.00329825
 0.00872082 0.013981 0.0207092 0.028766 0.0378965 0.0476217 0.0571491 0.0654844 0.0717267 0.0753257 0.076142 0.074361 0.0703856 0.0647474 0.0580177 0.0507199 0.0432775 0.0360058 0.0291338 0.022832 0.0172334 0.0124414 0.00852327 0.00549417 0.00330405
 0.00886966 0.014192 0.0209685 0.0290388 0.0381335 0.0477723 0.0571745 0.0653676 0.0714774 0.0749807 0.0757582 0.0740005 0.0700986 0.0645605 0.0579323 0.0507199 0.0433391 0.0361053 0.0292508 0.0229496 0.0173389 0.0125265 0.0085848 0.00553368 0.00332621
 0.00887959 0.0142403 0.0210981 0.0293033 0.0385757 0.0483938 0.0579142 0.0661063 0.0720738 0.0753196 0.0757878 0.0737413 0.069626 0.0639751 0.0573297 0.0501711 0.0428835 0.0357544 0.0289973 0.0227769 0.0172275 0.0124581 0.00854426 0.00551004 0.00331236
 0.00866859 0.0139276 0.0206868 0.0288233 0.0380845 0.047971 0.0576488 0.0660741 0.072307 0.0757831 0.0763804 0.0743299 0.0700959 0.0642678 0.0574507 0.0501698 0.0428224 0.0356847 0.0289479 0.022756 0.01723 0.0124739 0.00856387 0.00552723 0.00332455
 0.00841254 0.0135298 0.0201239 0.0280905 0.037201 0.0469873 0.0566524 0.0651869 0.0716644 0.0754991 0.0765097 0.0748461 0.0708961 0.0652043 0.0583782 0.050985 0.0434808 0.0361906 0.0293308 0.0230483 0.0174551 0.0126453 0.00868932 0.00561341 0.00337916
 0.00822818 0.0132281 0.0196669 0.0274438 0.0363438 0.0459268 0.0554398 0.0639226 0.0704877 0.0745627 0.0759489 0.0747486 0.071279 0.0660056 0.0594692 0.0522042 0.0446766 0.037255 0.0302112 0.0237378 0.0179731 0.0130204 0.00894987 0.00578508 0.003485
 0.00825966 0.0132671 0.0197019 0.0274525 0.036294 0.0457808 0.0551615 0.0634886 0.0699004 0.0738619 0.0752149 0.0740909 0.0708107 0.0658123 0.0595822 0.052591 0.0452523 0.0379111 0.0308486 0.0242895 0.0184098 0.013342 0.00917243 0.00593017 0.00357365
 0.00804664 0.0129626 0.0193201 0.0270313 0.035881 0.0454129 0.054849 0.0632141 0.0696321 0.0735729 0.0749 0.0737747 0.0705462 0.0656676 0.0596197 0.0528438 0.0457083 0.0385137 0.0315134 0.0249307 0.0189632 0.0137757 0.00948401 0.00613649 0.00369979
 0.00783931 0.0126452 0.0188814 0.0264794 0.0352477 0.0447546 0.0542428 0.0627422 0.0693549 0.0735032 0.0749959 0.0739606 0.0707503 0.065854 0.0597984 0.0530558 0.0459972 0.0388988 0.0319778 0.0254279 0.0194365 0.0141786 0.00979265 0.00635041 0.00383439
 0.00787811 0.0126692 0.018846 0.0263213 0.0349044 0.0441945 0.0534914 0.0618873 0.0685256 0.0728314 0.0745773 0.0738294 0.0708764 0.0661631 0.0602063 0.0535001 0.0464505 0.0393599 0.0324503 0.0259027 0.019888 0.0145748 0.0101092 0.00657916 0.00398354
 0.00858438 0.0136672 0.0200674 0.0276014 0.0360198 0.0449297 0.0536999 0.0615236 0.0676478 0.0715846 0.0731638 0.0724643 0.0697363 0.0653473 0.0597267 0.053303 0.0464557 0.0394936 0.0326605 0.0261551 0.0201554 0.0148307 0.01033 0.00675007 0.00410176
 0.00930657 0.0147984 0.0216811 0.0297131 0.0385569 0.0477007 0.0563837 0.0637121 0.0689531 0.0717705 0.0722285 0.0706308 0.0673636 0.0628148 0.0573422 0.0512577 0.0448238 0.0382644 0.0317784 0.0255525 0.0197684 0.0146028 0.0102114 0.00669879 0.00408595
 0.00927528 0.0148569 0.0219706 0.0304307 0.0399014 0.0497852 0.0591521 0.066905 0.0721449 0.0744652 0.0739825 0.0711675 0.0666452 0.0610431 0.0548846 0.0485303 0.0421834 0.0359469 0.029893 0.0241111 0.0187263 0.0138901 0.00975287 0.00642334 0.00393278
 0.00875872 0.0140925 0.0209689 0.0292729 0.0387467 0.0488622 0.058731 0.0672373 0.0733705 0.0765209 0.0765705 0.0738196 0.0688649 0.0624612 0.0553592 0.0481562 0.0412199 0.034708 0.0286494 0.0230378 0.0178982 0.0133079 0.00937646 0.00619912 0.00381004
 0.00851569 0.013682 0.0203265 0.0283398 0.0374974 0.0473439 0.0570969 0.0657478 0.0723446 0.0762472 0.077208 0.0753265 0.0709867 0.0647932 0.0574684 0.0497141 0.0420898 0.0349495 0.0284517 0.0226245 0.0174507 0.0129326 0.00911008 0.00603368 0.00371885
 0.00848314 0.0136192 0.0202111 0.0281382 0.0371644 0.0468296 0.0563633 0.064796 0.0712459 0.0751603 0.0763609 0.0749545 0.071244 0.0656779 0.0588043 0.0512062 0.0434296 0.0359212 0.0289869 0.0227879 0.0173782 0.0127618 0.00893655 0.00590217 0.00363651
 0.00855642 0.0137156 0.0203131 0.0282136 0.0371711 0.0467255 0.0561147 0.0643824 0.0706638 0.0744328 0.0755524 0.0741814 0.0706627 0.065442 0.0590015 0.0518086 0.0442923 0.0368349 0.0297609 0.0233154 0.0176529 0.0128477 0.0089193 0.00585052 0.00358859
 0.00862848 0.0138242 0.0204595 0.0283896 0.0373573 0.0468898 0.0562137 0.0643681 0.0704961 0.074093 0.0750541 0.0735735 0.0700274 0.0648857 0.0586349 0.0517133 0.0444848 0.0372518 0.0302798 0.0238048 0.0180223 0.0130703 0.00901998 0.00587619 0.00358146
 0.0087467 0.013999 0.02069 0.0286632 0.0376526 0.0471807 0.0564729 0.0645662 0.0706011 0.0740734 0.074886 0.0732514 0.0695733 0.0643531 0.0581033 0.0512724 0.0442085 0.0371722 0.0303735 0.0240035 0.0182436 0.0132512 0.00913442 0.00593047 0.00359729
 0.00890736 0.0142582 0.0210752 0.0291946 0.0383342 0.0479895 0.0573494 0.0654176 0.071319 0.0745605 0.0750772 0.0731231 0.0691426 0.0636725 0.0572551 0.0503593 0.0433383 0.0364354 0.0298225 0.0236427 0.0180372 0.0131447 0.00907882 0.00589519 0.00356997
 0.00889288 0.0142341 0.0210391 0.0291475 0.0382843 0.0479558 0.0573614 0.065507 0.0715052 0.0748354 0.0754013 0.0734348 0.0693768 0.0637808 0.0572181 0.0501912 0.0430819 0.0361505 0.0295671 0.0234557 0.0179286 0.0131001 0.00907172 0.0059019 0.00357678
 0.00881914 0.0141203 0.0208792 0.0289402 0.0380335 0.047672 0.057064 0.065227 0.0712844 0.0747189 0.0754243 0.0736069 0.0696733 0.0641461 0.0575829 0.0504946 0.0432905 0.0362639 0.0296112 0.0234664 0.0179355 0.0131172 0.00909838 0.00593029 0.00359975
 0.00883098 0.0141485 0.0209378 0.0290461 0.038201 0.0479033 0.0573424 0.0655169 0.0715402 0.0749008 0.075511 0.0736016 0.0695984 0.0640305 0.0574479 0.0503474 0.0431273 0.0360809 0.0294142 0.0232717 0.0177638 0.0129836 0.00900723 0.00587564 0.00357073
 0.00885875 0.0141812 0.0209649 0.029053 0.0381757 0.0478467 0.0572729 0.0654661 0.0715381 0.0749599 0.0756196 0.0737304 0.0697158 0.0641157 0.0574953 0.0503611 0.0431137 0.0360436 0.0293558 0.023198 0.017685 0.0129116 0.00895078 0.00583763 0.00354868
 0.0089099 0.0142649 0.0210906 0.0292269 0.0383959 0.048098 0.0575255 0.0656819 0.0716848 0.0750244 0.0756113 0.0736721 0.0696288 0.0640108 0.0573739 0.0502226 0.0429606 0.0358826 0.0291952 0.0230458 0.0175485 0.0127971 0.00886234 0.00577558 0.00350955
 0.00888786 0.0142384 0.0210683 0.0292233 0.0384286 0.0481818 0.057666 0.065871 0.0718997 0.0752321 0.0757778 0.0737733 0.069658 0.0639778 0.0572968 0.0501188 0.0428419 0.0357564 0.0290671 0.0229218 0.017435 0.0127 0.00878545 0.00571993 0.00347308
 0.00866478 0.0139079 0.0206315 0.0287042 0.0378701 0.0476367 0.0571899 0.0655162 0.0717085 0.0752275 0.0759561 0.0741031 0.0700884 0.064452 0.0577655 0.0505472 0.0432106 0.0360574 0.0292999 0.0230913 0.01755 0.0127718 0.0088262 0.00574072 0.00348254
 0.00849373 0.0136341 0.0202292 0.0281567 0.0371789 0.0468322 0.056339 0.0647171 0.0710699 0.0748386 0.0758634 0.0743033 0.070536 0.0650751 0.0584823 0.0512809 0.0439002 0.0366626 0.0298005 0.0234831 0.0178401 0.0129742 0.00895878 0.00582172 0.00352848
 0.00855304 0.0137051 0.0202884 0.0281649 0.0370892 0.0466057 0.0559599 0.064203 0.0704725 0.0742361 0.0753451 0.0739489 0.0703955 0.0651571 0.0587556 0.0516869 0.0443707 0.0371352 0.0302288 0.0238398 0.0181157 0.0131723 0.00909121 0.0059038 0.00357545
 0.008727 0.0139784 0.0206797 0.0286791 0.0377093 0.047284 0.0566141 0.0647259 0.0707593 0.0742198 0.0750218 0.0733806 0.0696898 0.0644338 0.0581152 0.0511903 0.044034 0.0369393 0.0301356 0.0238088 0.0181142 0.0131798 0.00909779 0.0059068 0.00357561
 0.00898478 0.014379 0.0212478 0.0294246 0.0386244 0.0483392 0.0577511 0.0658517 0.0717509 0.0749427 0.0753602 0.0732696 0.0691383 0.0635271 0.0569933 0.0500094 0.0429279 0.0359948 0.0293874 0.0232508 0.0177174 0.0129084 0.00891873 0.00579333 0.00350724
 0.00902313 0.0144484 0.0213655 0.0296114 0.0389004 0.0487168 0.0582282 0.0664082 0.0723492 0.0755306 0.0758738 0.0736384 0.0692972 0.0634351 0.0566516 0.0494684 0.0422747 0.0353268 0.0287853 0.0227613 0.0173529 0.0126562 0.00875493 0.00569276 0.00344879
 0.00912058 0.014627 0.021671 0.0300971 0.0396124 0.0496714 0.0593906 0.0676869 0.0736119 0.0766333 0.0766913 0.0740845 0.0693334 0.0630696 0.0559332 0.0484786 0.0411185 0.0341206 0.0276389 0.0217603 0.0165458 0.0120536 0.00833725 0.00542387 0.00328822
 0.00877822 0.0141002 0.0209369 0.0291634 0.0385264 0.0485258 0.0583243 0.066868 0.0731969 0.0767178 0.0772746 0.0750693 0.0705558 0.0643444 0.0570956 0.0494128 0.0417708 0.0344966 0.02779 0.0217606 0.0164691 0.0119564 0.0082523 0.00536312 0.00325065
 0.00857888 0.0137383 0.0203247 0.0282021 0.0371372 0.0466984 0.0561593 0.0645869 0.0711047 0.0751308 0.0764423 0.0751149 0.0714503 0.0659189 0.0590882 0.0515355 0.043774 0.0362109 0.0291383 0.0227449 0.0171424 0.0123921 0.00852155 0.00552289 0.00334158
 0.00898678 0.0143399 0.0211107 0.0291113 0.0380568 0.0474754 0.0566223 0.0645814 0.0705438 0.074045 0.0749961 0.0735721 0.0700953 0.064971 0.0586441 0.0515597 0.044133 0.0367323 0.0296679 0.0231827 0.0174501 0.0125786 0.00861907 0.00556647 0.0033579
 0.00946189 0.0151027 0.0222368 0.030652 0.0400146 0.0497694 0.0590606 0.0668656 0.0723245 0.0750119 0.0749696 0.0725575 0.0682838 0.0626865 0.056253 0.0493746 0.0423455 0.0353968 0.0287333 0.0225482 0.0170153 0.0122714 0.00839826 0.00541117 0.00325507
 0.00959129 0.0153267 0.0226006 0.0312106 0.040825 0.0508742 0.0604639 0.0685083 0.0740686 0.076645 0.0762375 0.0732246 0.0682053 0.0618622 0.0548352 0.0476219 0.0405422 0.0337734 0.0274192 0.0215706 0.0163318 0.011812 0.00809677 0.00521777 0.00313548
 0.00917592 0.0147296 0.021849 0.0303852 0.0400451 0.0502706 0.0601529 0.0685765 0.0745606 0.0775481 0.0774652 0.074613 0.069537 0.0629177 0.0554576 0.0477659 0.0402817 0.0332628 0.0268303 0.0210353 0.0159167 0.0115258 0.00791548 0.00510916 0.00307274
#obs surv len freq
 nan nan nan nan nan nan nan nan nan nan nan nan nan nan nan nan nan nan nan nan nan nan nan nan nan
 0.00448481 0.00734623 0.0111763 0.0159927 0.0216935 0.0279691 0.0342831 0.0400142 0.0446936 0.0481572 0.0505148 0.0520104 0.0529024 0.0534146 0.0537288 0.0539835 0.054262 0.0545547 0.0546934 0.0542853 0.0527234 0.0493555 0.0438054 0.0362856 0.0276693
 0.004617 0.00756295 0.0115055 0.0164604 0.0223174 0.0287488 0.0351904 0.0409902 0.0456573 0.0490214 0.0512028 0.0524672 0.0531002 0.0533526 0.0534291 0.0534835 0.0536049 0.0537833 0.0538467 0.0534003 0.0518389 0.0485148 0.0430532 0.0356599 0.0271911
 0.00477973 0.00782953 0.0119105 0.0170374 0.0230924 0.0297297 0.0363558 0.0422838 0.046993 0.0502974 0.0523165 0.0533282 0.0536399 0.0535314 0.0532394 0.0529476 0.0527686 0.0527061 0.0525952 0.0520448 0.0504548 0.0471828 0.0418533 0.0346581 0.0264241
 0.00497493 0.00814833 0.0123931 0.0177223 0.0240094 0.0308883 0.0377331 0.0438197 0.0485972 0.0518639 0.0537384 0.0545063 0.0544882 0.0539825 0.0532503 0.0525057 0.0518934 0.051448 0.0510305 0.0502717 0.0485896 0.0453535 0.0401866 0.0332575 0.0253478
 0.0051861 0.00849464 0.0129199 0.018474 0.0250208 0.0321717 0.0392642 0.0455328 0.050394 0.0536315 0.055366 0.0558941 0.0555494 0.0546434 0.053452 0.0522088 0.0510847 0.0501484 0.0493012 0.0482166 0.0463529 0.0431076 0.038108 0.0314934 0.0239837
 0.00541613 0.00887067 0.0134899 0.0192842 0.0261077 0.0335485 0.0409063 0.0473724 0.0523286 0.0555425 0.0571367 0.0574205 0.0567435 0.0554319 0.0537749 0.0520181 0.0503493 0.0488633 0.0475026 0.0459957 0.0438613 0.0405467 0.035697 0.0294223 0.0223693
 0.00565328 0.0092608 0.0140855 0.0201372 0.0272593 0.0350129 0.0426553 0.0493295 0.0543805 0.0575613 0.0590003 0.0590238 0.0580007 0.0562739 0.0541458 0.0518717 0.0496497 0.0475927 0.0456778 0.0436899 0.0412193 0.0377807 0.0330528 0.0271237 0.0205615
 0.00588764 0.00964418 0.0146672 0.0209655 0.028373 0.0364282 0.0443505 0.0512384 0.0564002 0.05957 0.060876 0.0606567 0.0592992 0.0571658 0.0545745 0.0517924 0.0490262 0.046402 0.0439252 0.0414326 0.0385884 0.0349832 0.0303421 0.0247405 0.0186701
 0.0061373 0.0100529 0.0152876 0.021848 0.0295559 0.0379221 0.0461227 0.0532083 0.0584518 0.0615751 0.0627151 0.0622296 0.0605261 0.0579848 0.0549378 0.0516622 0.0483716 0.0452021 0.0421819 0.0391938 0.0359721 0.0321857 0.0276126 0.0223236 0.0167392
 0.00637075 0.0104367 0.0158732 0.0226859 0.0306863 0.0393589 0.0478374 0.0551242 0.0604543 0.0635341 0.0645067 0.0637497 0.0616955 0.0587473 0.0552551 0.0515066 0.0477213 0.0440418 0.040514 0.0370602 0.0334783 0.0295116 0.0249921 0.0199915 0.0148664
 0.00660318 0.0108161 0.0164472 0.0235 0.0317753 0.0407336 0.0494701 0.0569434 0.0623533 0.0653907 0.0662025 0.0651829 0.0627865 0.0594401 0.0555143 0.0513116 0.0470604 0.0429098 0.0389199 0.0350449 0.0311379 0.0270083 0.0225387 0.0178042 0.0131053
 0.00683344 0.0111972 0.0170328 0.0243431 0.0329163 0.0421816 0.0511855 0.0588338 0.0642895 0.0672341 0.06783 0.0665 0.0637284 0.0599678 0.055609 0.0509683 0.0462816 0.0417042 0.037307 0.0330703 0.0288922 0.0246383 0.0202346 0.0157591 0.0114618
 0.00705131 0.0115514 0.017566 0.0250961 0.0339204 0.0434477 0.0526907 0.0605138 0.0660442 0.068943 0.0693715 0.0677676 0.0646419 0.0604778 0.0556944 0.0506291 0.0455303 0.0405606 0.0358006 0.0312516 0.0268479 0.0225004 0.0181696 0.0139338 0.00999834
 0.00727767 0.0119206 0.0181235 0.0258834 0.0349656 0.0447511 0.0542113 0.0621675 0.0677175 0.0705171 0.0707422 0.0688537 0.0653859 0.0608429 0.0556639 0.0502039 0.044726 0.0394039 0.0343297 0.0295225 0.0249454 0.0205439 0.0163038 0.0122999 0.00869705
 0.00743255 0.0121819 0.0185342 0.0264891 0.0358044 0.0458377 0.0555211 0.0636315 0.0692325 0.0719669 0.0720188 0.069871 0.066085 0.0611912 0.0556502 0.049833 0.0440141 0.0383771 0.0330259 0.0279972 0.0232789 0.0188436 0.0146945 0.0108998 0.00758775
 0.00751751 0.0123192 0.0187404 0.0267819 0.0362032 0.0463617 0.0561849 0.0644373 0.0701626 0.0729786 0.0730452 0.0708297 0.0668912 0.061772 0.0559536 0.0498309 0.0436998 0.0377623 0.0321399 0.026889 0.0220209 0.0175314 0.0134369 0.00979819 0.00671169
 0.00760153 0.0124517 0.0189321 0.0270401 0.0365309 0.0467568 0.0566398 0.0649403 0.0707019 0.0735448 0.0736293 0.0714156 0.0674479 0.0622522 0.0563003 0.0499892 0.0436289 0.0374428 0.0315775 0.0261158 0.0210958 0.0165362 0.0124658 0.00893861 0.00602411
 0.00765884 0.0125383 0.0190506 0.027189 0.036706 0.0469533 0.0568539 0.0651698 0.0709464 0.0738066 0.0739128 0.0717248 0.0677813 0.0625958 0.0566232 0.0502454 0.0437657 0.0374136 0.0313551 0.025702 0.0205245 0.0158698 0.0117827 0.00831508 0.00551553
 0.00774519 0.0126728 0.0192413 0.0274382 0.0370081 0.0472935 0.0572073 0.0655046 0.0712316 0.0740219 0.074055 0.0718072 0.0678266 0.0626262 0.0566505 0.0502647 0.0437541 0.0373363 0.0311777 0.025405 0.0201143 0.0153815 0.0112716 0.00784084 0.00512412
 0.00776588 0.0127045 0.0192857 0.0274959 0.0370794 0.0473784 0.0573059 0.0656157 0.0713519 0.0741454 0.0741747 0.0719176 0.0679263 0.0627179 0.0567385 0.0503492 0.0438261 0.0373758 0.0311578 0.0253023 0.0199207 0.0151115 0.0109605 0.00753322 0.004859
 0.00782497 0.0127913 0.019399 0.0276284 0.0372198 0.0475146 0.0574279 0.0657171 0.0714301 0.0742012 0.0742112 0.0719389 0.0679361 0.0627197 0.0567355 0.0503437 0.0438171 0.0373566 0.0311148 0.0252192 0.0197868 0.0149292 0.0107479 0.00731872 0.00467024
 0.00785738 0.0128432 0.0194752 0.0277317 0.0373486 0.0476611 0.0575771 0.0658492 0.0715265 0.0742516 0.0742173 0.0719121 0.0678919 0.0626715 0.0566916 0.0503069 0.043786 0.0373257 0.0310753 0.0251603 0.0196997 0.0148123 0.0106098 0.0071762 0.0045419
 0.00789326 0.0128957 0.0195435 0.0278117 0.0374346 0.0477482 0.0576619 0.0659295 0.0715986 0.0743094 0.0742532 0.0719209 0.0678736 0.0626324 0.0566415 0.0502555 0.043739 0.0372836 0.0310338 0.0251122 0.019638 0.0147341 0.0105186 0.00708162 0.00445556
 0.00787393 0.0128679 0.0195082 0.0277717 0.0373936 0.047709 0.0576263 0.0658984 0.0715747 0.0742974 0.0742587 0.0719471 0.0679191 0.062691 0.0567055 0.0503183 0.0437967 0.0373337 0.0310734 0.0251372 0.0196442 0.0147197 0.0104862 0.00703808 0.00441008
 0.00789765 0.0128959 0.0195314 0.027776 0.0373648 0.0476403 0.0575229 0.0657775 0.0714586 0.0742055 0.0742024 0.0719294 0.0679374 0.0627393 0.0567757 0.0504013 0.0438831 0.0374154 0.031144 0.025192 0.01968 0.0147353 0.0104836 0.0070224 0.00438825
 0.00790124 0.012903 0.0195437 0.0277942 0.0373863 0.047657 0.0575214 0.0657435 0.0713841 0.0740961 0.0740771 0.0718146 0.0678564 0.0627048 0.0567882 0.0504519 0.0439585 0.0375017 0.0312288 0.025266 0.019737 0.0147727 0.0105023 0.00702634 0.00438298
 0.0078984 0.012893 0.0195189 0.0277453 0.0373059 0.047544 0.0573843 0.0655984 0.0712486 0.0739824 0.0739907 0.071757 0.0678298 0.062714 0.0568374 0.0505406 0.0440793 0.0376411 0.0313716 0.0253977 0.0198474 0.0148564 0.010559 0.00705962 0.00439907
 0.00788674 0.0128747 0.0194923 0.0277083 0.0372557 0.0474765 0.0572956 0.0654871 0.0711192 0.0738468 0.0738658 0.0716597 0.067772 0.0627005 0.0568675 0.0506102 0.0441819 0.0377676 0.0315097 0.0255339 0.0199691 0.014955 0.010631 0.00710674 0.00442624
 0.00786803 0.0128417 0.0194382 0.0276258 0.0371396 0.0473273 0.0571214 0.0653032 0.070944 0.0736962 0.0737512 0.0715876 0.0677462 0.0627227 0.0569364 0.050721 0.044326 0.0379339 0.0316853 0.0257053 0.0201239 0.0150838 0.010729 0.00717437 0.00446834
 0.00785371 0.0128177 0.0194005 0.0275701 0.0370613 0.047223 0.0569908 0.0651506 0.0707793 0.0735343 0.0736089 0.0714807 0.0676854 0.0627129 0.0569769 0.0508067 0.0444492 0.0380841 0.0318502 0.0258715 0.0202784 0.015216 0.0108328 0.00724861 0.00451639
 0.00783737 0.0127897 0.019356 0.0275038 0.0369689 0.0471032 0.0568472 0.0649918 0.0706172 0.0733818 0.0734779 0.0713813 0.0676265 0.0627004 0.057013 0.0508892 0.0445714 0.0382358 0.032019 0.0260436 0.0204405 0.015357 0.0109455 0.0073309 0.00457097
 0.00781157 0.0127469 0.0192899 0.0274083 0.0368395 0.0469397 0.0566554 0.0647848 0.0704129 0.0731994 0.0733341 0.0712876 0.0675886 0.0627188 0.0570845 0.0510076 0.044728 0.0384199 0.0322177 0.026243 0.0206268 0.0155187 0.011075 0.00742626 0.00463493
 0.00777993 0.0126947 0.01921 0.0272939 0.0366857 0.0467462 0.0564292 0.0645407 0.0701717 0.0729837 0.073164 0.0711784 0.0675483 0.0627486 0.0571792 0.0511572 0.0449197 0.0386393 0.0324497 0.0264725 0.0208394 0.0157024 0.0112223 0.00753492 0.00470824
 0.00775265 0.0126497 0.019141 0.0271947 0.0365515 0.0465754 0.056226 0.0643158 0.0699414 0.0727672 0.0729808 0.0710451 0.0674772 0.0627463 0.0572453 0.0512854 0.0450985 0.0388536 0.0326825 0.0267064 0.0210584 0.0158932 0.0113764 0.00764946 0.0047861
 0.00933074 0.0148554 0.0217963 0.029912 0.0388471 0.0480493 0.0567038 0.0638755 0.0688291 0.0712737 0.0713515 0.0694469 0.0660066 0.061451 0.0561441 0.0503791 0.0443773 0.0383008 0.0322769 0.026424 0.0208741 0.0157823 0.0113162 0.00762107 0.00477527
 0.00929846 0.0150982 0.0226821 0.0318982 0.0422808 0.0528982 0.0623856 0.0693536 0.0729821 0.0733397 0.0711799 0.0674392 0.062841 0.0577931 0.0524816 0.0469969 0.0414071 0.0357844 0.0302102 0.0247807 0.019615 0.0148593 0.0106742 0.00720116 0.00451932
 0.008975 0.014587 0.0219619 0.0310157 0.0414055 0.0523591 0.0626327 0.0707958 0.0757412 0.0770668 0.0750992 0.0706435 0.0646713 0.0580679 0.051465 0.0451828 0.0392876 0.0337157 0.0283907 0.0232889 0.0184582 0.0140081 0.010082 0.00681429 0.0042839
 0.00880029 0.0142953 0.021509 0.0303588 0.0405192 0.0512662 0.0614447 0.0697412 0.0751485 0.0772745 0.0763033 0.0727515 0.067269 0.0605531 0.0532928 0.0460751 0.0392882 0.0330909 0.0274672 0.0223316 0.0176245 0.0133605 0.00962174 0.00651215 0.0041006
 0.00873041 0.0141755 0.0213165 0.0300663 0.0400985 0.0506961 0.0607228 0.0689002 0.0742731 0.0765133 0.0758584 0.0728285 0.0679858 0.0618511 0.0549143 0.0476458 0.0404706 0.0337148 0.0275634 0.022067 0.0171991 0.01293 0.00927037 0.00626403 0.00394451
 0.00870796 0.0141371 0.0212546 0.0299711 0.0399574 0.0504945 0.0604461 0.0685374 0.0738237 0.0759984 0.075334 0.0723928 0.067768 0.0619698 0.0554162 0.048459 0.0414112 0.0345575 0.0281377 0.0223186 0.0171852 0.0127642 0.00906156 0.00608147 0.00381461
 0.00870499 0.0141291 0.0212368 0.0299365 0.0398984 0.0504042 0.0603198 0.0683721 0.0736175 0.07575 0.0750476 0.0720869 0.0674847 0.0617767 0.0553895 0.0486493 0.0418075 0.0350758 0.0286504 0.0227103 0.0174004 0.0128174 0.00901136 0.00599219 0.00373055
 0.00870358 0.0141272 0.0212342 0.0299329 0.0398921 0.0503917 0.0602951 0.0683279 0.0735465 0.075647 0.0749106 0.071919 0.067297 0.0615923 0.0552463 0.0485924 0.0418715 0.0352625 0.0289187 0.0229902 0.0176243 0.0129494 0.00905538 0.00597844 0.00369364
 0.00868346 0.0140982 0.0211974 0.0298918 0.0398514 0.050356 0.060267 0.0683073 0.0735298 0.0756283 0.0748824 0.0718742 0.0672318 0.06151 0.0551593 0.0485232 0.0418471 0.0353038 0.029027 0.0231425 0.0177816 0.0130751 0.0091311 0.00600756 0.00369274
 0.00866984 0.0140748 0.0211603 0.0298371 0.0397777 0.050266 0.0601695 0.0682156 0.0734579 0.0755854 0.0748693 0.0718838 0.0672524 0.0615297 0.0551716 0.0485299 0.0418587 0.0353346 0.0290879 0.0232328 0.0178872 0.0131749 0.00920728 0.00605337 0.00371254
 0.00862805 0.014012 0.0210753 0.029732 0.0396571 0.0501358 0.0600363 0.0680875 0.0733452 0.0754998 0.0748217 0.0718803 0.0672918 0.0616031 0.0552651 0.0486301 0.0419573 0.0354305 0.0291844 0.0233328 0.0179883 0.0132689 0.00928444 0.00610771 0.00374452
 0.0086349 0.0140164 0.0210697 0.0297061 0.0396009 0.0500452 0.0599167 0.0679532 0.0732145 0.0753888 0.0747408 0.0718342 0.0672811 0.0616259 0.0553168 0.0487031 0.0420426 0.0355204 0.0292742 0.0234203 0.0180715 0.0133444 0.00934773 0.0061551 0.00377548
 0.00864389 0.0140327 0.0210967 0.0297464 0.0396539 0.0501043 0.0599682 0.0679795 0.0732012 0.0753317 0.0746485 0.0717247 0.0671744 0.0615379 0.0552565 0.0486727 0.0420394 0.0355385 0.0293072 0.0234621 0.0181172 0.0133894 0.00938785 0.00618713 0.003798
 0.0086359 0.014022 0.021085 0.0297372 0.0396519 0.0501139 0.0599918 0.0680156 0.073243 0.0753676 0.0746656 0.0717142 0.0671358 0.06148 0.0551933 0.0486182 0.0420028 0.0355232 0.0293114 0.023481 0.0181449 0.0134204 0.00941728 0.0062117 0.0038161
 0.00863953 0.0140277 0.0210933 0.0297484 0.0396668 0.0501333 0.0600169 0.0680471 0.0732804 0.075408 0.0747031 0.0717401 0.0671418 0.061461 0.0551506 0.0485598 0.0419407 0.0354688 0.0292722 0.0234593 0.0181387 0.013425 0.00942768 0.00622343 0.00382625
 0.00863953 0.0140277 0.0210933 0.0297484 0.0396668 0.0501333 0.0600169 0.0680471 0.0732804 0.075408 0.0747031 0.0717401 0.0671418 0.061461 0.0551506 0.0485598 0.0419407 0.0354688 0.0292722 0.0234593 0.0181387 0.013425 0.00942768 0.00622343 0.00382625
 0.00858692 0.0139459 0.0209776 0.0295979 0.0394853 0.0499309 0.0598108 0.0678603 0.0731376 0.0753295 0.074699 0.0718078 0.0672671 0.061622 0.0553239 0.0487259 0.0420877 0.0355932 0.0293761 0.0235467 0.0182125 0.0134866 0.00947686 0.00626027 0.0038517
 0.00856223 0.0139012 0.0209022 0.0294798 0.0393153 0.0497083 0.059548 0.0675834 0.072881 0.0751272 0.0745768 0.0717788 0.0673305 0.0617645 0.0555228 0.0489541 0.0423196 0.0358089 0.0295642 0.023703 0.0183379 0.0135838 0.00954933 0.00631155 0.00388561
 0.00851677 0.0138298 0.0207993 0.0293414 0.0391392 0.0494945 0.0593008 0.0673137 0.0726077 0.0748763 0.0743782 0.07166 0.0673097 0.0618459 0.0556955 0.0491947 0.0425981 0.0360949 0.0298323 0.0239365 0.0185288 0.0137311 0.00965674 0.00638527 0.00393289
 0.00867962 0.0140836 0.0211594 0.0298117 0.0397071 0.0501267 0.0599396 0.0678814 0.0730217 0.0750715 0.0743256 0.0713746 0.0668448 0.0612771 0.0551011 0.048639 0.0421215 0.0357133 0.0295427 0.0237254 0.0183798 0.0136294 0.00959018 0.00634407 0.00390915
 0.00880413 0.0143011 0.0215132 0.0303472 0.040456 0.0510843 0.0610465 0.0690227 0.0740506 0.0758469 0.0747458 0.0713962 0.0664843 0.0606022 0.0542133 0.0476525 0.0411411 0.0348184 0.0287807 0.0231138 0.0179141 0.0132924 0.00935896 0.00619464 0.00381897
 0.00873011 0.0141916 0.0213707 0.0301867 0.0403085 0.0509973 0.0610781 0.069227 0.0744538 0.0764254 0.075421 0.0720522 0.0670036 0.0609001 0.0542591 0.0474701 0.0407942 0.0343876 0.0283406 0.0227189 0.0175935 0.0130531 0.00919333 0.00608806 0.0037553
 0.00894186 0.0145129 0.0218107 0.0307369 0.0409435 0.0516781 0.0617571 0.0698544 0.0749874 0.0768395 0.0757063 0.072206 0.0670171 0.0607556 0.0539393 0.0469748 0.040152 0.0336555 0.0275909 0.022021 0.0169985 0.0125863 0.0088555 0.00586244 0.0036165
 0.00870685 0.0141649 0.0213509 0.0301905 0.040355 0.0511022 0.061251 0.0694734 0.0747802 0.076841 0.0759301 0.0726381 0.0676144 0.0614483 0.0546412 0.0475995 0.0406328 0.0339609 0.0277294 0.0220316 0.0169333 0.0124929 0.00876668 0.00579391 0.00357103
 0.00848297 0.0137784 0.0207318 0.0292702 0.0390955 0.049535 0.0595048 0.0677644 0.0733585 0.0759162 0.0756158 0.0729386 0.0684456 0.0626723 0.0560962 0.0491233 0.0420817 0.0352264 0.0287494 0.0227924 0.0174603 0.012834 0.0089746 0.00591423 0.00363746
 0.00872641 0.0141379 0.0212014 0.029811 0.0396335 0.0499673 0.0597147 0.0676506 0.0728751 0.0751065 0.0746157 0.0719383 0.067627 0.0621555 0.055916 0.0492378 0.0424 0.0356406 0.0291625 0.0231375 0.0177079 0.0129867 0.00905429 0.00594805 0.00364782
 0.00900457 0.0146108 0.0219469 0.0309018 0.041105 0.0517734 0.0616946 0.0695361 0.0743518 0.0759079 0.074605 0.0711455 0.0662312 0.0604243 0.0541277 0.0476134 0.0410655 0.0346265 0.0284317 0.022622 0.0173407 0.0127186 0.00885685 0.00580623 0.00355192
 0.00895922 0.0145663 0.0219367 0.0309818 0.0413479 0.0522521 0.0624583 0.0705833 0.0756064 0.0772117 0.0757412 0.0718949 0.0664435 0.0600711 0.0533103 0.0465212 0.0399085 0.0335725 0.0275738 0.0219805 0.016888 0.0124094 0.00864887 0.00566851 0.00346369
 0.00878146 0.0142771 0.0215044 0.0303868 0.0405985 0.0514049 0.0616304 0.0699403 0.0753199 0.0773977 0.0764087 0.0729305 0.06764 0.0611919 0.0541638 0.0470163 0.0400661 0.0334934 0.0273826 0.0217775 0.0167267 0.0123021 0.00858486 0.00563182 0.00344222
#pred catch len freq
 0.00344941 0.00551974 0.00817824 0.011423 0.0152767 0.0197576 0.0248147 0.0302918 0.035949 0.0415103 0.0467076 0.0513181 0.0551959 0.0582788 0.0605643 0.0620749 0.0628313 0.0628326 0.0620216 0.0602318 0.0571585 0.0524366 0.0458634 0.0376717 0.0286424
 0.00376735 0.00596583 0.00872266 0.0120044 0.0158331 0.0202676 0.0253176 0.0308642 0.0366439 0.0422958 0.0474487 0.0518188 0.0552809 0.057873 0.0597314 0.0609998 0.0617537 0.0619582 0.0614471 0.0599184 0.0569692 0.0522176 0.0455248 0.0372203 0.0281556
 0.00392206 0.00624302 0.00918247 0.0127061 0.016807 0.0214816 0.0266623 0.0321811 0.0377901 0.043204 0.0481305 0.0523083 0.0555652 0.0578721 0.0593482 0.0601999 0.0606154 0.0606529 0.0601647 0.0587853 0.0560114 0.0513868 0.0447611 0.0365039 0.0275145
 0.00413115 0.00656366 0.00963446 0.0133089 0.0175925 0.0225017 0.0279761 0.0338134 0.0396803 0.0451824 0.0499539 0.0537421 0.0564596 0.0581809 0.0590918 0.0594215 0.0593736 0.0590437 0.0583322 0.0568949 0.054203 0.0497462 0.0433274 0.0352962 0.0265483
