SBPRF35
7.64376
Curr Bio
522543
B35
496964
F35
0.21522
FOFL
0.198063
OFL
71142.3
Bzero
2.18393e+006
#pred survey bio
 3.38e+006 2.97145e+006 2.56991e+006 2.0225e+006 1.71001e+006 1.51671e+006 1.36304e+006 1.23396e+006 1.13201e+006 1.02744e+006 927732 807669 735156 662124 626486 607635 586744 576330 528290 502237 484349 477107 466412 482348 493837 503116 519359 539771 545759 558060 587903 606421 578715 505751 474128 472386 497206 514982 539906 588130 632269 627557 592441 569238 583085 578964 561430 569337 647119 676983 661286 603645 529936 1.63205e+007 9.91568e+006 1.04246e+007 1.13683e+007 1.24868e+007 1.35736e+007 1.45182e+007 1.52827e+007 1.58731e+007 1.63146e+007 1.66381e+007 1.6872e+007 1.70399e+007 1.71602e+007 1.72464e+007 1.73084e+007 1.73531e+007 1.73857e+007 1.74095e+007 1.7427e+007 1.744e+007 1.74497e+007 1.74569e+007 1.74624e+007 1.74665e+007 1.74697e+007 1.7472e+007 1.74739e+007 1.74752e+007 1.74763e+007 1.74771e+007 1.74777e+007 1.74782e+007 1.74786e+007 1.74789e+007 1.74791e+007 1.74793e+007 1.74794e+007 1.74795e+007 1.74796e+007 1.74796e+007 1.74797e+007 1.74797e+007 1.74797e+007 1.74798e+007 1.74798e+007 1.74798e+007 1.74798e+007 1.74798e+007 1.74798e+007 1.74798e+007 1.74798e+007 1.74798e+007 1.74798e+007 1.74798e+007 1.74798e+007 1.74798e+007 1.74798e+007 1.74798e+007 1.74798e+007 1.74798e+007 1.74798e+007 1.74798e+007 1.74798e+007 1.74798e+007 1.74798e+007 1.74798e+007 1.74798e+007 1.74798e+007 1.74798e+007 1.74798e+007 1.74798e+007 1.74798e+007 1.74798e+007 1.74798e+007 1.74798e+007 1.74798e+007 1.74798e+007 1.74798e+007 1.74798e+007 1.74798e+007 1.74798e+007 1.74798e+007 1.74798e+007 1.74798e+007 1.74798e+007 1.74798e+007 1.74798e+007 1.74798e+007 1.74798e+007 1.74798e+007 1.74798e+007 1.74798e+007 1.74798e+007 1.74798e+007 1.74798e+007 1.74798e+007 1.74798e+007 1.74798e+007 1.74798e+007 0 0 0 0 0 0 0 0 0 0 0 0 0 0 0 0 0 0 0 0 0 0 0 0 0
#obs survey bio
 3.21546e+006 2.74029e+006 3.24035e+006 1.59362e+006 1.87856e+006 1.64204e+006 1.26988e+006 1.42097e+006 992419 732218 1.09965e+006 732299 775266 628658 497013 876602 584669 627762 432016 557783 337902 450779 424488 516640 572543 502280 704138 650426 612935 386072 583724 614080 625502 488823 531956 459569 599021 508024 496400 589084 828447 625796 586145 441594 695968 668477 511152 574321 818694 789826 616074 485950 515700
#pred catch bio
 336605 300707 276399 260236 300232 303184 305043 272050 260253 261820 245228 181602 170009 153785 159501 142518 116182 127835 115802 115552 105180 109359 95431.9 101011 99390 91427.1 95233 104512 103985 91679.5 93393.5 95210.4 88652.1 87096.2 81584.7 78338.4 88395.5 84085.2 85722.2 83859.2 90598.1 88223.3 90996.1 92334 92090 93674.5 100803 55023.7 87327.9 122210 111341 104923 95482.7 71142.3 77019.7 79598.8 85975.3 94227.6 102293 109191 114632 118694 121607 123635 125015 125937 126545 126942 127198 127363 127468 127535 127577 127604 127621 127631 127638 127642 127645 127646 127647 127648 127648 127649 127649 127649 127649 127649 127649 127649 127649 127649 127649 127649 127649 127649 127649 127649 127649 127649 127649 127649 127649 127649 127649 127649 127649 127649 127649 127649 127649 127649 127649 127649 127649 127649 127649 127649 127649 127649 127649 127649 127649 127649 127649 127649 127649 127649 127649 127649 127649 127649 127649 127649 127649 127649 127649 127649 127649 127649 127649 127649 127649 127649 127649 127649 127649 127649 127649 127649 127649 127649 127649 0 0 0 0 0 0 0 0 0 0 0 0 0 0 0 0 0 0 0 0 0 0 0 0 0
#obs catch bio
 246512 300743 275801 259785 301366 303377 306531 272146 259520 263408 245384 181175 169632 153490 161102 142556 115879 127676 115737 115830 105060 109420 95478.9 101150 99420.4 91240.3 95300.3 104470 104153 91668.9 93505.7 95202.2 88407 87198.6 81608.7 78360.1 88529.8 83941.7 85958.9 83832.3 90555.1 88063.4 90953 92599.5 92017.7 93475.6 101519 54634.5 87311.6 122749 111146 104867 95514.2
#pred cpue bio
 3.33659e+006 2.93083e+006 2.53171e+006 1.98985e+006 1.67979e+006 1.48715e+006 1.33399e+006 1.20511e+006 1.10328e+006 999115 899916 781523 710156 638578 603454 584731 564535 554688 508235 483013 465731 458840 448394 463778 474897 483921 499712 519549 525432 537349 566449 584539 556782 484915 453447 451704 475796 493007 516979 563173 605742 601469 567917 545546 558705 554930 538094 545221 620959 650446 634640 578580 507333 1.55942e+007 9.44711e+006 9.82239e+006 1.06743e+007 1.17716e+007 1.28551e+007 1.37991e+007 1.45636e+007 1.5154e+007 1.55955e+007 1.5919e+007 1.61529e+007 1.63209e+007 1.64411e+007 1.65273e+007 1.65893e+007 1.6634e+007 1.66666e+007 1.66904e+007 1.67079e+007 1.67209e+007 1.67306e+007 1.67378e+007 1.67433e+007 1.67474e+007 1.67506e+007 1.6753e+007 1.67548e+007 1.67562e+007 1.67572e+007 1.6758e+007 1.67587e+007 1.67591e+007 1.67595e+007 1.67598e+007 1.676e+007 1.67602e+007 1.67603e+007 1.67604e+007 1.67605e+007 1.67606e+007 1.67606e+007 1.67606e+007 1.67607e+007 1.67607e+007 1.67607e+007 1.67607e+007 1.67607e+007 1.67607e+007 1.67607e+007 1.67607e+007 1.67607e+007 1.67607e+007 1.67608e+007 1.67608e+007 1.67608e+007 1.67608e+007 1.67608e+007 1.67608e+007 1.67608e+007 1.67608e+007 1.67608e+007 1.67608e+007 1.67608e+007 1.67608e+007 1.67608e+007 1.67608e+007 1.67608e+007 1.67608e+007 1.67608e+007 1.67608e+007 1.67608e+007 1.67608e+007 1.67608e+007 1.67608e+007 1.67608e+007 1.67608e+007 1.67608e+007 1.67608e+007 1.67608e+007 1.67608e+007 1.67608e+007 1.67608e+007 1.67608e+007 1.67608e+007 1.67608e+007 1.67608e+007 1.67608e+007 1.67608e+007 1.67608e+007 1.67608e+007 1.67608e+007 1.67608e+007 1.67608e+007 1.67608e+007 1.67608e+007 1.67608e+007 1.67608e+007 1.67608e+007 1.67608e+007 0 0 0 0 0 0 0 0 0 0 0 0 0 0 0 0 0 0 0 0 0 0 0 0 0
#obs cpue bio
 2.28024e+006 3.02543e+006 2.82418e+006 2.24759e+006 1.16819e+006 1.55072e+006 1.1274e+006 1.19904e+006 1.53932e+006 898262 1.01846e+006 854633 769802 640432 429404 603657 564738 602031 546600 393910 727192 505998 411600 452771 433192 524204 314669 505197 414116 734485 534650 663068 631946 415189 406284 413944 424756 564364 407289 627524 537763 642860 564489 519754 590698 544007 444521 540666 604872 452881 825489 706410 498009
#pred surv len freq
 0.00475189 0.00781997 0.0119613 0.0172076 0.0234412 0.0302905 0.0371179 0.0431951 0.047984 0.0513104 0.053319 0.0543004 0.054543 0.0542758 0.0536706 0.0528659 0.0519888 0.0511521 0.0503957 0.0495738 0.0482597 0.0457957 0.0415671 0.0354 0.0278125
 0.00512874 0.00837905 0.0127059 0.0181135 0.0244729 0.0314238 0.0383474 0.0445188 0.0493726 0.0526849 0.0545571 0.0552738 0.0551658 0.054535 0.0536206 0.0525901 0.0515479 0.0505442 0.04955 0.0483861 0.0466614 0.0438222 0.0393831 0.0332573 0.0259579
 0.00529835 0.00870306 0.0132784 0.0190404 0.0258337 0.0332193 0.0404656 0.0467515 0.051485 0.0544961 0.0559786 0.0562893 0.0557841 0.05476 0.0534559 0.0520577 0.0506911 0.0494049 0.0481402 0.0466858 0.0446547 0.0415551 0.0369988 0.0309747 0.0239979
 0.00558462 0.0091373 0.0138786 0.0198152 0.0267963 0.0344011 0.041911 0.0484859 0.05347 0.0566019 0.0580013 0.0580098 0.0570349 0.0554593 0.0535982 0.0516817 0.0498511 0.0481552 0.0465269 0.0447466 0.0424361 0.0391439 0.0345454 0.028678 0.0220497
 0.0056813 0.00934807 0.0142919 0.0205389 0.0279234 0.0359619 0.0438407 0.0506367 0.0556655 0.0586968 0.0599024 0.0596511 0.0583405 0.0563334 0.0539499 0.0514574 0.0490493 0.0468167 0.0447165 0.0425433 0.0399391 0.036489 0.0319123 0.02627 0.0200439
 0.0058374 0.009612 0.0147114 0.0211739 0.028844 0.0372372 0.045516 0.0527027 0.0580335 0.0611957 0.0623098 0.0617482 0.0599618 0.057384 0.0543887 0.0512709 0.0482394 0.0454051 0.0427551 0.0401218 0.0371906 0.0335924 0.0290825 0.0237263 0.0179596
 0.00605394 0.00996476 0.0152439 0.0219278 0.029853 0.0385175 0.0470573 0.0544672 0.0599618 0.0632131 0.0643233 0.0636382 0.0615839 0.0585898 0.055055 0.0513205 0.0476424 0.0441714 0.0409305 0.0377941 0.0345006 0.0307358 0.0262922 0.0212311 0.0159309
 0.00633384 0.0104199 0.0159283 0.0228902 0.0311255 0.0400989 0.048898 0.0564674 0.0619914 0.065144 0.0660552 0.0651049 0.0627402 0.0593906 0.0554428 0.0512278 0.0470085 0.0429623 0.039156 0.0355213 0.0318621 0.0279282 0.0235529 0.0187911 0.0139587
 0.00660293 0.0108457 0.016548 0.0237317 0.0322041 0.0414119 0.0504161 0.0581294 0.0637085 0.0668131 0.0675756 0.0663929 0.0637364 0.0600574 0.0557535 0.0511529 0.0465091 0.0419985 0.0377089 0.0336202 0.0296059 0.0254873 0.0211453 0.0166336 0.012211
 0.00676913 0.0111403 0.0170353 0.0244829 0.0332771 0.0428215 0.0521096 0.0599868 0.0655721 0.0685307 0.069033 0.0675227 0.0645085 0.060465 0.0558006 0.0508442 0.0458426 0.0409638 0.0362983 0.0318523 0.0275518 0.0232832 0.0189768 0.014692 0.0106396
 0.00695965 0.0114572 0.0175265 0.0252003 0.0342689 0.0441173 0.0537011 0.0618123 0.0675139 0.0704293 0.0707153 0.0688375 0.0653569 0.0608133 0.0556706 0.0502885 0.0449174 0.0397132 0.0347544 0.0300519 0.0255607 0.021213 0.0169787 0.0129235 0.00921844
 0.00736381 0.0120717 0.0183727 0.0262715 0.0355366 0.0455406 0.0552319 0.0633942 0.0690806 0.0719044 0.072014 0.0698702 0.0660381 0.0610771 0.0554864 0.0496677 0.0439056 0.0383734 0.0331523 0.0282543 0.0236461 0.0192843 0.0151607 0.0113408 0.00796105
 0.00747077 0.0122561 0.0186679 0.0267107 0.0361403 0.046301 0.056104 0.0643059 0.0699598 0.0727091 0.0727406 0.0705338 0.0666391 0.061579 0.0558191 0.0497521 0.0436832 0.0378239 0.032296 0.027145 0.0223643 0.0179316 0.0138515 0.010183 0.0070319
 0.00759758 0.012458 0.0189644 0.0271186 0.0366722 0.0469615 0.0568822 0.065168 0.0708474 0.0735473 0.0734571 0.0710795 0.0670001 0.0617686 0.0558559 0.049638 0.0433983 0.0373394 0.0315965 0.0262455 0.0213166 0.0168184 0.0127715 0.00922902 0.00626856
 0.00750199 0.0123421 0.0188626 0.0270871 0.0367731 0.0472395 0.0573452 0.0657844 0.0715595 0.0742901 0.0741706 0.0717129 0.0675127 0.062133 0.0560599 0.0496819 0.0432847 0.0370664 0.0311595 0.0256496 0.0205902 0.0160184 0.0119744 0.00851206 0.00568827
 0.00755234 0.0124092 0.0189389 0.0271624 0.0368459 0.0473285 0.0574939 0.0660467 0.0719723 0.0748465 0.0748138 0.0723543 0.0680635 0.0625302 0.0562752 0.0497153 0.0431517 0.0367862 0.0307494 0.0251272 0.0199814 0.0153646 0.0113309 0.00793617 0.00522304
 0.00773963 0.0126653 0.0192346 0.0274395 0.0370331 0.0473683 0.0573674 0.0657857 0.0716536 0.0745714 0.0746768 0.0724113 0.0683117 0.0629106 0.0566972 0.050089 0.0434119 0.0368995 0.0307092 0.024946 0.0196856 0.0149931 0.0109322 0.0075597 0.00490788
 0.00764724 0.0125381 0.0190834 0.0272827 0.036884 0.0472192 0.0571842 0.0655223 0.0712837 0.0741197 0.0742273 0.0720832 0.0682128 0.0630931 0.0571377 0.0507004 0.0440766 0.0375071 0.0311815 0.025246 0.0198142 0.0149792 0.0108218 0.00740377 0.00475055
 0.00773085 0.0126665 0.019263 0.0275163 0.0371712 0.0475563 0.0575591 0.0659052 0.0716207 0.0743383 0.0742596 0.0718999 0.0678476 0.0626379 0.0567072 0.0503836 0.0439054 0.0374542 0.0311854 0.0252435 0.0197642 0.0148716 0.0106719 0.00723996 0.00460068
 0.00764353 0.0125525 0.019143 0.0274258 0.0371501 0.0476331 0.057738 0.0661656 0.0719258 0.0746459 0.0745274 0.072087 0.0679207 0.0625849 0.0565491 0.0501733 0.0437057 0.0373099 0.0311057 0.0252057 0.0197335 0.0148216 0.0105956 0.0071474 0.00450905
 0.00770689 0.0126313 0.0192185 0.0274707 0.0371416 0.047571 0.0576544 0.0661161 0.0719632 0.0747923 0.0747612 0.0723529 0.0681526 0.0627293 0.0565797 0.0500955 0.0435522 0.0371266 0.0309335 0.025066 0.0196258 0.0147334 0.010515 0.00707064 0.00443987
 0.00772355 0.0126552 0.0192473 0.0274966 0.0371502 0.0475409 0.0575633 0.0659522 0.0717399 0.0745541 0.0745737 0.072275 0.0682087 0.0628975 0.0568042 0.0503136 0.0437198 0.037229 0.0309808 0.0250788 0.0196216 0.0147207 0.0104956 0.0070456 0.0044122
 0.00786322 0.0128671 0.0195375 0.0278591 0.0375668 0.0479816 0.0579867 0.066307 0.0719729 0.0746245 0.0744693 0.0720214 0.0678637 0.0625303 0.05647 0.0500369 0.0434954 0.0370376 0.0308059 0.0249153 0.0194736 0.0145945 0.0103944 0.00696862 0.00435642
 0.00779258 0.0127633 0.0194019 0.0277003 0.0373982 0.0478181 0.0578416 0.0661917 0.0718963 0.0745917 0.0744794 0.0720675 0.0679357 0.0626207 0.0565773 0.0501627 0.0436377 0.0371865 0.0309454 0.0250306 0.0195569 0.0146465 0.0104216 0.00697889 0.00435694
 0.00782118 0.0127958 0.0194255 0.027696 0.037348 0.0477148 0.0576959 0.0660302 0.071751 0.0744874 0.0744259 0.0720603 0.0679625 0.0626688 0.0566377 0.0502316 0.0437144 0.0372698 0.031031 0.0251105 0.019623 0.0146941 0.0104504 0.00699284 0.00436124
 0.00791919 0.0129333 0.0195912 0.027864 0.0374824 0.0477798 0.057666 0.0658979 0.0715307 0.0742139 0.0741467 0.0718223 0.0677979 0.0625877 0.0566306 0.0502785 0.0437943 0.037366 0.0311313 0.0252058 0.019706 0.0147595 0.0104967 0.0070216 0.00437664
 0.00784319 0.0128259 0.0194588 0.0277203 0.0373417 0.0476477 0.0575339 0.0657472 0.0713454 0.0739942 0.0739158 0.0716207 0.0676695 0.0625636 0.0567194 0.050465 0.0440476 0.03765 0.031414 0.0254635 0.0199241 0.0149315 0.0106224 0.00710617 0.00442858
 0.00774496 0.0126739 0.0192455 0.0274465 0.0370194 0.0473018 0.0572004 0.0654662 0.0711472 0.0738876 0.0738863 0.0716429 0.0677241 0.0626482 0.0568451 0.0506445 0.0442829 0.0379279 0.0317099 0.0257499 0.020178 0.0151386 0.0107781 0.00721368 0.00449647
 0.00777546 0.0127121 0.0192817 0.027465 0.0370026 0.0472372 0.0570876 0.065318 0.0709863 0.0737384 0.0737663 0.0715577 0.0676684 0.0626124 0.0568244 0.0506435 0.0443125 0.0379967 0.031817 0.0258833 0.0203191 0.0152689 0.010885 0.00729219 0.0045483
 0.00782054 0.0127784 0.0193678 0.0275634 0.0370995 0.0473139 0.0571233 0.0652947 0.0708956 0.0735871 0.0735774 0.0713629 0.0674974 0.0624833 0.0567417 0.0506029 0.0443079 0.0380247 0.0318752 0.0259665 0.0204171 0.0153683 0.0109731 0.00736126 0.0045963
 0.00782118 0.0127602 0.0193057 0.0274238 0.0368514 0.0469444 0.0566503 0.0647678 0.0703818 0.0731521 0.0732694 0.071207 0.0674971 0.062625 0.0569988 0.0509409 0.0446903 0.0384188 0.0322557 0.0263161 0.0207239 0.0156241 0.0111736 0.00750705 0.00469362
 0.00847395 0.013677 0.0204173 0.0285731 0.0378342 0.0475785 0.0568334 0.0644968 0.0697359 0.0722576 0.0722668 0.0702254 0.0666355 0.061943 0.0565166 0.0506472 0.0445539 0.0383998 0.0323147 0.0264188 0.0208437 0.0157419 0.0112764 0.00758794 0.00475105
 0.00911833 0.0147085 0.0219296 0.0306148 0.040367 0.05043 0.0596761 0.0668963 0.0712751 0.0726839 0.0715769 0.0686411 0.0644988 0.0595981 0.0542324 0.0485926 0.0428093 0.0369825 0.0312048 0.0255787 0.02023 0.0153118 0.0109896 0.00740793 0.00464564
 0.00914074 0.0148355 0.0222876 0.0313753 0.0417001 0.0524285 0.0622821 0.0698709 0.0742315 0.0751747 0.0732056 0.0691656 0.0638921 0.058043 0.0520499 0.0461395 0.0403888 0.0347996 0.0293641 0.0241085 0.0191112 0.0145004 0.0104315 0.00704634 0.004427
 0.00885479 0.0144367 0.0218153 0.0309232 0.0414102 0.0524699 0.0628181 0.0710139 0.0759895 0.0774064 0.0756159 0.0713618 0.0654915 0.0587871 0.0518766 0.0451817 0.0389102 0.0330998 0.0276988 0.022647 0.0179337 0.0136185 0.00981427 0.00664306 0.00418204
 0.00873856 0.0142178 0.0214353 0.0303226 0.0405605 0.0514165 0.0617111 0.0700967 0.0755368 0.0776309 0.0765861 0.072964 0.06745 0.0607373 0.0534679 0.0461773 0.0392426 0.0328642 0.0270915 0.0218848 0.0171908 0.0129981 0.00935351 0.00633319 0.00399192
 0.00859651 0.0139981 0.0211237 0.0299077 0.04003 0.0507565 0.0609158 0.0691925 0.0746088 0.0768345 0.0761211 0.0730113 0.0680927 0.0619071 0.0549508 0.0476794 0.0404895 0.0336866 0.0274607 0.0218898 0.0169775 0.0127071 0.00908158 0.00612567 0.00385527
 0.00873241 0.0141792 0.0213226 0.0300747 0.0401067 0.0506961 0.0606985 0.0688264 0.07412 0.0762611 0.0755201 0.0724707 0.0677294 0.0618334 0.0552211 0.0482486 0.0412166 0.0343869 0.0279802 0.0221583 0.0170163 0.0125958 0.00891066 0.00596233 0.00373198
 0.00880792 0.0142968 0.0214879 0.0302839 0.0403406 0.0509161 0.0608476 0.0688415 0.0739552 0.0759089 0.07502 0.0718995 0.0671823 0.0614066 0.0549946 0.0482655 0.0414624 0.0347846 0.0284137 0.0225175 0.0172379 0.0126769 0.00889207 0.00589745 0.00366242
 0.00879508 0.014283 0.0214802 0.0302932 0.0403787 0.0509896 0.0609519 0.0689566 0.0740468 0.0759355 0.0749465 0.0717127 0.0669014 0.0610832 0.0547 0.0480704 0.0414132 0.0348858 0.0286244 0.0227676 0.0174571 0.0128224 0.00895801 0.00590515 0.0036415
 0.00871332 0.0141504 0.0212824 0.0300205 0.0400315 0.050586 0.0605318 0.068577 0.0737658 0.0757918 0.0749444 0.0718224 0.0670742 0.061273 0.0548824 0.0482486 0.0416093 0.0351221 0.0289048 0.0230703 0.0177436 0.0130556 0.00911877 0.00599694 0.00368279
 0.00871802 0.0141512 0.0212706 0.0299829 0.039953 0.0504538 0.0603417 0.0683375 0.0735001 0.0755348 0.074735 0.0716918 0.0670347 0.061315 0.0549811 0.048378 0.0417541 0.0352807 0.0290811 0.0232621 0.0179372 0.0132295 0.0092547 0.00608774 0.00373369
 0.00870882 0.0141406 0.0212623 0.0299815 0.0399608 0.0504672 0.0603481 0.0683184 0.0734375 0.0754207 0.0745776 0.0715152 0.0668716 0.0611953 0.0549218 0.04838 0.0418067 0.0353693 0.0291938 0.0233898 0.0180698 0.0133548 0.00936006 0.00616532 0.00378299
 0.0086943 0.0141301 0.0212704 0.0300292 0.0400691 0.050647 0.0605912 0.0685948 0.0737016 0.0756227 0.0746773 0.0714924 0.0667324 0.0609699 0.0546549 0.0481172 0.0415822 0.0352011 0.029085 0.0233339 0.0180551 0.0133672 0.00938538 0.00619192 0.00380386
 0.0085856 0.0139771 0.0210847 0.0298385 0.0399115 0.0505611 0.0606058 0.0687214 0.0739304 0.0759222 0.0749983 0.0717787 0.0669352 0.0610619 0.0546369 0.0480146 0.0414345 0.0350479 0.0289555 0.0232427 0.0180035 0.0133475 0.0093863 0.00620231 0.00381569
 0.00862114 0.014005 0.0210735 0.0297451 0.0396992 0.0502233 0.0601837 0.068299 0.073606 0.0757712 0.0750467 0.0719991 0.0672632 0.0614202 0.054959 0.0482597 0.0415919 0.0351315 0.0289918 0.0232582 0.0180164 0.0133656 0.0094089 0.00622531 0.00383506
 0.00871441 0.0141523 0.0212846 0.0300197 0.0400198 0.0505491 0.0604518 0.0684405 0.0735751 0.0755718 0.0747368 0.0716672 0.0669886 0.0612429 0.054873 0.0482289 0.0415749 0.0351005 0.0289393 0.0231926 0.0179522 0.0133143 0.00937499 0.00620704 0.00382748
 0.00873143 0.0142046 0.0214077 0.0302596 0.0404172 0.051117 0.0611549 0.0691917 0.0742532 0.0760563 0.0749446 0.0715777 0.0666471 0.0607405 0.0543118 0.047689 0.0410983 0.034696 0.0285994 0.0229084 0.0177199 0.0131336 0.0092443 0.00612045 0.00377541
 0.00834846 0.0135785 0.020465 0.0289455 0.0387263 0.0491312 0.059067 0.0672848 0.0728269 0.0753292 0.0749862 0.0723035 0.0678689 0.0622398 0.0558985 0.0492295 0.0425134 0.0359442 0.0296597 0.0237729 0.0183927 0.0136308 0.00959183 0.00634912 0.00391626
 0.00846646 0.0137301 0.0206162 0.0290334 0.038668 0.0488446 0.058497 0.0664295 0.0717559 0.0741846 0.0739561 0.0715692 0.0675472 0.0623483 0.0563629 0.0499235 0.0433063 0.0367321 0.0303756 0.024381 0.0188795 0.0139979 0.00985168 0.00652098 0.00402196
 0.00867595 0.0140981 0.0212158 0.029935 0.0399057 0.0503694 0.0601457 0.0679379 0.0728295 0.0745975 0.07363 0.0705953 0.0661474 0.060797 0.0549041 0.0487141 0.0424014 0.0361082 0.0299702 0.0241266 0.0187218 0.0138999 0.00979064 0.00648333 0.00399948
 0.00875245 0.0142232 0.021408 0.0302189 0.0403145 0.0509424 0.0609146 0.0689004 0.0739187 0.0756683 0.0744819 0.071034 0.0660597 0.0601992 0.0539351 0.0475792 0.0412984 0.0351718 0.0292551 0.0236238 0.0183893 0.0136892 0.00966104 0.00640585 0.00395484
 0.00905554 0.0146685 0.02199 0.0309026 0.0410462 0.0516696 0.0616016 0.0695338 0.0745013 0.0762033 0.074952 0.0713851 0.0662042 0.0600464 0.0534386 0.0467717 0.0402897 0.0341114 0.0282793 0.0228193 0.017784 0.0132675 0.00938571 0.00623637 0.00385646
#obs surv len freq
 0.00496618 0.0081368 0.0123807 0.0177128 0.0240071 0.030897 0.0377545 0.0438529 0.0486387 0.0519088 0.0537808 0.0545412 0.0545121 0.0539937 0.0532494 0.0524947 0.0518749 0.0514245 0.0510041 0.0502441 0.0485622 0.0453276 0.0401636 0.0332385 0.0253332
 0.00518066 0.00848441 0.0129022 0.0184461 0.0249814 0.0321228 0.0392123 0.0454877 0.050366 0.0536272 0.0553861 0.0559332 0.0555988 0.0546939 0.0534966 0.0522433 0.0511085 0.0501626 0.0493082 0.048219 0.0463526 0.0431061 0.0381062 0.0314918 0.0239824
 0.00541525 0.00886936 0.0134879 0.0192812 0.0261025 0.0335389 0.0408901 0.047348 0.0522972 0.0555092 0.0571094 0.0574071 0.0567482 0.0554538 0.0538079 0.0520543 0.0503817 0.0488877 0.047518 0.0460032 0.0438632 0.0405454 0.0356943 0.0294194 0.0223668
 0.00564759 0.00925203 0.0140732 0.0201214 0.0272402 0.0349913 0.0426321 0.0493053 0.0543555 0.0575358 0.0589753 0.059002 0.0579864 0.0562721 0.054159 0.0518989 0.0496859 0.0476315 0.0457136 0.0437194 0.0412418 0.0377969 0.0330642 0.0271317 0.0205669
 0.00589023 0.00964787 0.0146718 0.0209705 0.0283777 0.0364319 0.0443525 0.0512383 0.0563975 0.0595642 0.0608663 0.0606429 0.0592822 0.0571481 0.0545601 0.0517851 0.0490279 0.0464117 0.0439393 0.041447 0.0385998 0.0349904 0.0303456 0.0247414 0.0186698
 0.00613543 0.0100493 0.0152811 0.0218372 0.0295397 0.0378999 0.0460953 0.0531781 0.0584218 0.0615485 0.0626944 0.0622158 0.060519 0.0579836 0.0549421 0.0516719 0.0483875 0.0452246 0.0422099 0.0392247 0.0360026 0.0322128 0.0276346 0.02234 0.0167505
 0.00638702 0.010462 0.015909 0.0227325 0.0307422 0.0394205 0.0478991 0.0551784 0.0604938 0.0635535 0.0645045 0.063728 0.0616589 0.0587015 0.0552053 0.0514573 0.0476757 0.0440023 0.0404817 0.0370349 0.0334587 0.0294959 0.0249791 0.0199806 0.0148577
 0.00661316 0.0108352 0.0164811 0.0235554 0.0318576 0.0408438 0.0496023 0.057084 0.0624847 0.0654957 0.0662685 0.0652042 0.0627646 0.0593817 0.0554297 0.0512119 0.0469553 0.0428071 0.0388247 0.0349601 0.0310645 0.0269463 0.022488 0.0177644 0.0130759
 0.00685931 0.0112359 0.0170849 0.0244078 0.0329921 0.042268 0.0512833 0.0589433 0.0644076 0.0673526 0.0679356 0.0665773 0.0637649 0.0599575 0.0555541 0.0508773 0.0461669 0.0415785 0.0371812 0.0329522 0.0287869 0.0245484 0.0201613 0.0157025 0.0114208
 0.00707818 0.0115965 0.0176364 0.025198 0.0340572 0.0436163 0.0528796 0.0607048 0.0662172 0.0690825 0.0694697 0.0678225 0.064654 0.0604472 0.0556216 0.0505172 0.0453866 0.0403961 0.0356283 0.0310834 0.0266935 0.0223664 0.0180598 0.0138492 0.0099377
 0.00727154 0.0119153 0.0181243 0.0258983 0.0350044 0.0448218 0.0543173 0.0623051 0.0678759 0.0706799 0.070891 0.0689723 0.0654634 0.0608751 0.0556513 0.0501501 0.0446365 0.0392862 0.0341938 0.0293798 0.0248073 0.0204199 0.0162003 0.0122197 0.0086396
 0.00744687 0.0122018 0.0185583 0.0265147 0.0358297 0.0458637 0.0555534 0.0636784 0.0693017 0.0720605 0.0721306 0.0699874 0.0661889 0.0612668 0.0556871 0.0498273 0.043968 0.0382968 0.0329207 0.027878 0.0231571 0.0187299 0.014597 0.0108231 0.00753238
 0.00753401 0.0123472 0.0187843 0.0268456 0.0362882 0.0464646 0.0562965 0.0645444 0.0702529 0.0730461 0.0730916 0.0708612 0.066913 0.0617845 0.0559519 0.0498079 0.0436504 0.0376859 0.0320405 0.0267748 0.0219021 0.0174186 0.0133387 0.00972004 0.00665494
 0.00759959 0.0124478 0.0189252 0.0270293 0.0365169 0.0467425 0.0566309 0.0649436 0.0707219 0.0735818 0.073679 0.0714716 0.0675048 0.0623065 0.0563491 0.0500283 0.0436528 0.0374461 0.0315575 0.0260744 0.0210393 0.0164733 0.0124053 0.00888724 0.00598519
 0.00766355 0.0125461 0.0190623 0.0272051 0.0367263 0.0469764 0.0568772 0.0651905 0.070963 0.0738197 0.073925 0.0717389 0.0677984 0.0626148 0.0566417 0.0502603 0.0437736 0.0374112 0.0313395 0.0256724 0.020483 0.0158217 0.0117344 0.00827259 0.00548246
 0.00771638 0.0126259 0.0191711 0.0273405 0.0368822 0.047144 0.0570464 0.0653507 0.0711055 0.0739407 0.0740284 0.0718361 0.0679048 0.0627423 0.0567909 0.0504147 0.0439001 0.0374672 0.0312855 0.0254855 0.0201673 0.0154105 0.0112828 0.00784111 0.00511953
 0.0077617 0.0126946 0.0192649 0.0274575 0.0370165 0.0472867 0.0571864 0.0654763 0.0712065 0.0740119 0.0740711 0.0718584 0.0679192 0.0627625 0.0568273 0.0504692 0.0439618 0.0375121 0.031282 0.0254054 0.0199985 0.0151641 0.0109917 0.00754882 0.00486496
 0.0078041 0.0127601 0.0193569 0.0275761 0.0371583 0.0474442 0.0573474 0.0656255 0.0713281 0.074094 0.0741091 0.0718557 0.0678858 0.0627127 0.0567755 0.0504266 0.0439321 0.0374887 0.0312485 0.025341 0.0198875 0.0150049 0.0107994 0.00735018 0.00468734
 0.00784411 0.0128177 0.0194301 0.0276583 0.0372408 0.0475191 0.0574105 0.065676 0.0713673 0.0741231 0.074128 0.0718636 0.0678827 0.0627001 0.0567572 0.0504078 0.0439168 0.0374766 0.0312332 0.0253111 0.0198314 0.0149176 0.0106867 0.00722737 0.00457277
 0.00786728 0.0128549 0.0194846 0.0277319 0.0373318 0.0476212 0.0575117 0.0657612 0.0714234 0.0741442 0.0741175 0.0718317 0.0678407 0.0626565 0.0567167 0.050372 0.043886 0.0374501 0.0312077 0.0252808 0.0197895 0.0148596 0.0106141 0.00714786 0.0044974
 0.00786585 0.0128512 0.0194767 0.0277178 0.0373106 0.0475944 0.057484 0.0657392 0.0714126 0.0741461 0.07413 0.0718504 0.0678626 0.0626808 0.056744 0.0504027 0.043919 0.0374826 0.0312356 0.0252994 0.0197941 0.0148475 0.0105864 0.00710982 0.0044568
 0.00789377 0.0128884 0.0195174 0.0277518 0.0373256 0.0475811 0.0574402 0.0656708 0.0713321 0.0740688 0.0740688 0.0718136 0.067852 0.062693 0.056773 0.0504423 0.0439639 0.0375283 0.0312778 0.0253337 0.0198166 0.0148559 0.0105809 0.00709406 0.00443614
 0.00789359 0.012891 0.0195262 0.0277703 0.0373553 0.0476178 0.0574731 0.0656851 0.0713153 0.0740175 0.0739918 0.0717287 0.0677784 0.0626449 0.0567557 0.0504529 0.043995 0.0375707 0.0313234 0.0253755 0.0198496 0.014877 0.0105898 0.00709277 0.0044286
 0.00790349 0.0129029 0.0195366 0.0277742 0.0373483 0.0475991 0.0574469 0.0656585 0.071294 0.0740016 0.0739763 0.0717072 0.0677494 0.0626135 0.0567311 0.0504439 0.0440053 0.0375982 0.0313616 0.0254168 0.0198868 0.0149056 0.0106078 0.00710107 0.00442983
 0.00788489 0.0128732 0.019493 0.0277142 0.0372701 0.0475029 0.0573356 0.0655396 0.0711795 0.0739063 0.0739136 0.0716849 0.0677667 0.0626629 0.0568028 0.0505293 0.0440989 0.0376963 0.0314601 0.0255099 0.0199687 0.0149714 0.0106557 0.0071321 0.00444729
 0.00786754 0.0128421 0.019441 0.0276335 0.0371547 0.047352 0.0571568 0.0653487 0.0709972 0.0737532 0.0738059 0.0716325 0.0677733 0.0627251 0.0569109 0.0506697 0.0442569 0.0378586 0.0316162 0.0256522 0.0200912 0.0150703 0.0107296 0.00718256 0.00447846
 0.00783012 0.0127806 0.0193473 0.0274999 0.0369756 0.0471273 0.0568947 0.0650673 0.0707225 0.0735143 0.0736295 0.0715382 0.0677696 0.0628097 0.0570714 0.0508866 0.0445075 0.0381205 0.0318697 0.0258821 0.0202873 0.0152274 0.0108471 0.00726385 0.00453003
 0.00784056 0.0127919 0.0193538 0.0274921 0.0369425 0.047059 0.0567857 0.0649186 0.0705418 0.0733156 0.0734318 0.0713633 0.0676393 0.062741 0.057073 0.0509573 0.044636 0.0382888 0.0320569 0.0260683 0.0204564 0.0153688 0.0109561 0.00734116 0.00458016
 0.0078122 0.01275 0.0192982 0.0274248 0.0368658 0.0469738 0.0566904 0.0648102 0.0704186 0.0731802 0.0732925 0.0712333 0.0675345 0.0626767 0.0570612 0.0510037 0.0447388 0.0384377 0.0322354 0.0262564 0.0206352 0.0155236 0.0110786 0.00742973 0.00463855
 0.00776634 0.012675 0.0191849 0.0272659 0.0366592 0.0467263 0.0564206 0.064546 0.0701898 0.073009 0.0731881 0.0711929 0.0675496 0.062739 0.0571656 0.0511475 0.0449191 0.0386483 0.032465 0.0264895 0.0208545 0.015714 0.0112306 0.00754077 0.0047125
 0.00771779 0.0125935 0.0190577 0.0270802 0.0364056 0.0464043 0.0560443 0.0641454 0.0698067 0.0726876 0.072965 0.0710892 0.0675676 0.0628647 0.0573754 0.0514156 0.0452228 0.0389695 0.0327883 0.0267997 0.0211365 0.0159548 0.0114216 0.00768047 0.0048059
 0.00932677 0.0148458 0.0217761 0.0298744 0.0387851 0.0479583 0.0565845 0.0637354 0.068682 0.071138 0.071246 0.0693869 0.0659996 0.061495 0.0562284 0.0504887 0.0444974 0.0384198 0.0323875 0.0265218 0.0209565 0.0158481 0.0113654 0.0076553 0.00479727
 0.00929463 0.0150935 0.0226774 0.0318947 0.0422786 0.0528945 0.0623744 0.0693269 0.0729334 0.0732677 0.0710911 0.0673468 0.0627616 0.0577414 0.0524663 0.0470182 0.0414582 0.0358542 0.0302874 0.0248559 0.0196819 0.0149145 0.0107164 0.00723108 0.00453884
 0.00897396 0.0145852 0.0219591 0.031012 0.0414011 0.0523548 0.0626295 0.0707939 0.0757386 0.0770591 0.0750809 0.070611 0.0646258 0.0580168 0.0514194 0.0451536 0.0392813 0.0337328 0.0284258 0.0233338 0.0185049 0.0140504 0.0101163 0.00683942 0.00430068
 0.00879843 0.0142922 0.0215044 0.0303524 0.0405108 0.0512559 0.0614332 0.0697297 0.0751384 0.0772669 0.0762978 0.0727461 0.0672604 0.0605392 0.0532741 0.0460557 0.0392746 0.0330888 0.0274789 0.0223552 0.017655 0.0133922 0.0096498 0.00653404 0.0041158
 0.00871384 0.0141504 0.0212821 0.0300235 0.0400492 0.0506433 0.0606707 0.0688535 0.0742366 0.0764909 0.0758521 0.072838 0.0680082 0.0618816 0.0549475 0.0476778 0.0405001 0.033743 0.0275928 0.0220991 0.0172333 0.0129635 0.0093001 0.00628761 0.00396123
 0.00868972 0.0141049 0.021202 0.029891 0.0398455 0.0503524 0.0602842 0.0683744 0.073682 0.0758975 0.0752855 0.0723991 0.0678228 0.0620618 0.0555313 0.0485833 0.0415333 0.03467 0.0282371 0.0224044 0.017258 0.0128245 0.00910931 0.00611694 0.00383889
 0.00868257 0.0140942 0.021187 0.0298701 0.0398143 0.0503017 0.0601997 0.0682383 0.0734787 0.0756201 0.0749436 0.0720248 0.0674747 0.0618198 0.0554784 0.0487701 0.0419441 0.0352136 0.0287784 0.0228222 0.0174935 0.0128916 0.00906779 0.00603273 0.0037577
 0.00866635 0.0140698 0.0211538 0.0298291 0.0397675 0.0502518 0.0601483 0.0681845 0.0734171 0.0755407 0.0748339 0.0718767 0.0672933 0.0616305 0.0553263 0.0487092 0.0420146 0.0354179 0.029072 0.0231299 0.0177428 0.0130438 0.00912604 0.00602805 0.00372609
 0.00867399 0.0140783 0.0211595 0.0298266 0.0397511 0.0502186 0.0600999 0.068127 0.0733579 0.0754847 0.0747805 0.0718195 0.0672239 0.061545 0.0552325 0.0486291 0.0419789 0.0354519 0.0291798 0.0232881 0.0179099 0.01318 0.00921066 0.00606351 0.0037291
 0.00866064 0.0140623 0.0211455 0.0298216 0.0397614 0.0502457 0.0601378 0.0681637 0.0733804 0.0754846 0.0747568 0.0717767 0.0671676 0.061479 0.05516 0.0485563 0.041918 0.0354192 0.0291883 0.0233385 0.0179878 0.0132622 0.00927656 0.00610362 0.00374583
 0.00864259 0.0140326 0.0211008 0.0297596 0.0396834 0.050158 0.0600529 0.068097 0.0733445 0.0754835 0.0747841 0.0718192 0.0672115 0.0615152 0.0551846 0.0485704 0.0419266 0.0354304 0.029211 0.0233782 0.0180429 0.0133236 0.00933227 0.00614488 0.00377038
 0.00862379 0.014003 0.0210581 0.0297023 0.039611 0.0500716 0.0599563 0.0679978 0.073254 0.0754149 0.0747487 0.0718222 0.0672499 0.0615784 0.0552588 0.0486437 0.0419923 0.0354876 0.0292633 0.0234299 0.0180963 0.0133768 0.00938033 0.00618285 0.00379604
 0.008611 0.0139819 0.0210258 0.0296561 0.0395492 0.0499945 0.0598673 0.0679033 0.0731625 0.0753355 0.0746897 0.0717907 0.0672503 0.0616107 0.0553183 0.0487211 0.0420767 0.0355701 0.0293388 0.0234973 0.0181563 0.0134296 0.00942505 0.00621781 0.00382054
 0.0086443 0.0140321 0.0210938 0.0297395 0.0396422 0.0500883 0.0599506 0.0679638 0.0731893 0.0753225 0.0746378 0.0717077 0.0671492 0.0615065 0.055224 0.0486455 0.042023 0.0355366 0.0293212 0.0234913 0.0181585 0.0134373 0.0094358 0.00622903 0.00383011
 0.00862801 0.0140118 0.0210745 0.0297295 0.0396501 0.0501192 0.0600028 0.0680285 0.0732535 0.0753728 0.074665 0.0717078 0.067124 0.0614623 0.0551704 0.0485925 0.0419786 0.0355055 0.0293042 0.0234864 0.018162 0.013446 0.00944645 0.00623943 0.00383874
 0.00862801 0.0140118 0.0210745 0.0297295 0.0396501 0.0501192 0.0600028 0.0680285 0.0732535 0.0753728 0.074665 0.0717078 0.067124 0.0614623 0.0551704 0.0485925 0.0419786 0.0355055 0.0293042 0.0234864 0.018162 0.013446 0.00944645 0.00623943 0.00383874
 0.00868393 0.0140991 0.021199 0.0298938 0.0398532 0.0503551 0.060259 0.0682852 0.0734847 0.0755511 0.0747665 0.0717181 0.0670416 0.0612994 0.0549492 0.0483406 0.0417231 0.0352683 0.0291001 0.023322 0.018038 0.0133581 0.00938839 0.00620386 0.00381872
 0.00825674 0.0134298 0.020242 0.0286319 0.0383105 0.0486117 0.0584602 0.0666314 0.0721918 0.0747928 0.0746282 0.0721813 0.0680004 0.0625971 0.0564179 0.0498328 0.0431296 0.0365214 0.030167 0.0241946 0.0187231 0.0138724 0.00975458 0.00644902 0.00397161
 0.008435 0.0136638 0.0204898 0.0288179 0.0383423 0.0484109 0.0579912 0.0659156 0.0713049 0.0738504 0.0737633 0.0715183 0.0676281 0.0625482 0.0566653 0.0503026 0.0437262 0.0371533 0.0307637 0.0247127 0.0191436 0.0141936 0.00998555 0.00660469 0.00406925
 0.00876387 0.014215 0.0213436 0.0300408 0.0399509 0.050325 0.060005 0.0677211 0.0725771 0.0743564 0.0734393 0.0704758 0.0660993 0.0608065 0.0549536 0.0487901 0.0424953 0.0362132 0.0300777 0.0242267 0.018806 0.0139636 0.00983343 0.00650851 0.00401205
 0.00866154 0.0140875 0.0212264 0.0299987 0.04007 0.0506921 0.0606785 0.0686997 0.0737738 0.0755964 0.0744929 0.0711279 0.0662244 0.0604119 0.0541676 0.0478051 0.0414995 0.0353405 0.0293916 0.0237317 0.018472 0.0137495 0.00970178 0.0064307 0.00396817
 0.00885238 0.0143712 0.0216051 0.030461 0.0405988 0.0512774 0.0613242 0.0694185 0.0745714 0.0764488 0.0753293 0.0718294 0.0666485 0.0604388 0.0537494 0.0469916 0.0404245 0.0341756 0.0282924 0.0228009 0.0177513 0.0132323 0.00935491 0.00621252 0.00383967
#pred catch len freq
 0.00366002 0.00593589 0.00894177 0.0127137 0.0172719 0.0225657 0.0284073 0.0344711 0.0403653 0.0457171 0.0502277 0.053707 0.056096 0.0574649 0.0579811 0.0578664 0.0573645 0.0567006 0.0559989 0.0551525 0.0537206 0.0509902 0.0462866 0.0394209 0.0309721
 0.00397743 0.00640708 0.00957065 0.0134828 0.0181585 0.0235609 0.029522 0.0357181 0.0417262 0.047117 0.0515405 0.0547937 0.056857 0.0578748 0.0580855 0.0577431 0.057069 0.0562229 0.0552555 0.0540248 0.0521291 0.0489694 0.0440135 0.037169 0.0290115
 0.00414529 0.0067084 0.0100741 0.0142631 0.0192718 0.0250112 0.0312393 0.0375687 0.0435566 0.0488029 0.0530063 0.055994 0.0577478 0.0584061 0.0582204 0.057482 0.0564476 0.0552823 0.0540065 0.0524421 0.0501904 0.0467187 0.0416008 0.034829 0.0269844
 0.00442755 0.00713688 0.0106673 0.0150313 0.0202316 0.0261994 0.0327072 0.0393491 0.0456165 0.0510139 0.0551601 0.0578625 0.0591512 0.0592481 0.0584814 0.0571884 0.0556463 0.0540245 0.0523385 0.0504033 0.0478304 0.0441318 0.0389517 0.0323374 0.0248638
 0.00460441 0.00745229 0.0111917 0.015843 0.0213945 0.0277325 0.0345641 0.0414262 0.0477894 0.0531734 0.0572185 0.0597287 0.0607063 0.0603521 0.0590096 0.0570689 0.0548726 0.0526411 0.050418 0.0480341 0.045123 0.0412369 0.036069 0.0296932 0.0226563
 0.00479938 0.00776949 0.0116736 0.01654 0.0223673 0.0290477 0.036275 0.0435405 0.0502368 0.0557943 0.05979 0.0620201 0.0625325 0.061595 0.0596048 0.0569825 0.0540915 0.0511806 0.0483317 0.0454209 0.0421315 0.0380669 0.0329606 0.0268915 0.0203559
 0.00504903 0.00816591 0.0122537 0.0173347 0.0234011 0.0303363 0.0378216 0.0453322 0.0522414 0.0579548 0.0620125 0.064165 0.0644228 0.0630466 0.0604641 0.0571515 0.0535294 0.049894 0.04637 0.0428823 0.039174 0.0349107 0.0298678 0.0241198 0.0180989
 0.00530658 0.00857834 0.0128634 0.0181788 0.0245071 0.031714 0.0394529 0.0471649 0.0541942 0.0599314 0.0639169 0.0659087 0.0659207 0.0642085 0.06119 0.0573395 0.0530947 0.0487897 0.0446035 0.0405281 0.0363816 0.0319012 0.0269077 0.021469 0.0159483
 0.00558477 0.0090126 0.0134847 0.0190074 0.0255537 0.0329803 0.0409263 0.0488105 0.0559493 0.0617079 0.065612 0.0674206 0.0671632 0.0651161 0.0617115 0.0574253 0.0526901 0.0478434 0.0430914 0.0384829 0.0339157 0.0292087 0.0242369 0.0190669 0.0139977
 0.0058109 0.00938779 0.0140628 0.0198418 0.0266847 0.0344163 0.0426264 0.0506816 0.0578636 0.0635314 0.0672287 0.0687432 0.0681336 0.0657003 0.0618938 0.0571981 0.0520441 0.0467639 0.0415691 0.0365392 0.0316327 0.0267426 0.0218003 0.0168793 0.0122239
 0.00603476 0.00974881 0.0146026 0.0206021 0.027705 0.0357263 0.0442307 0.0525411 0.0598828 0.0655609 0.0690883 0.07026 0.0691805 0.0662183 0.0618869 0.0567092 0.0511259 0.0454603 0.0399139 0.0345739 0.029433 0.0244371 0.019563 0.0148917 0.0106228
 0.00632095 0.0101817 0.0151956 0.0213515 0.0285994 0.0367583 0.0454022 0.0538556 0.0613283 0.067092 0.0706159 0.0716567 0.0703027 0.0669388 0.0621244 0.0564414 0.0503821 0.0442994 0.0384056 0.0327935 0.0274716 0.0224146 0.0176255 0.0131858 0.00925659
 0.00644881 0.0103921 0.0155158 0.0218055 0.0291995 0.0374961 0.0462433 0.0547479 0.0622227 0.0679625 0.0714621 0.0724831 0.0710892 0.0676237 0.0626127 0.0566342 0.0502084 0.043735 0.0374741 0.0315579 0.026026 0.0208778 0.016131 0.01186 0.00819038
 0.00657147 0.0105853 0.0157963 0.0221873 0.0296954 0.0381156 0.0469867 0.0555965 0.0631315 0.068863 0.0722784 0.0731557 0.0715906 0.0679538 0.0627777 0.056624 0.0499911 0.0432727 0.036747 0.0305836 0.0248654 0.0196284 0.014909 0.0107748 0.00731886
 0.00654408 0.0105678 0.0158197 0.0222969 0.0299387 0.0385248 0.0475633 0.0563087 0.0639248 0.0696749 0.0730487 0.0738299 0.0721231 0.0683141 0.0629532 0.0566166 0.0498055 0.0429072 0.0361969 0.0298546 0.0239905 0.0186733 0.0139625 0.00992649 0.00663383
 0.00654558 0.0105634 0.015803 0.0222647 0.0299007 0.0385134 0.0476349 0.0565288 0.0643385 0.0702788 0.0737828 0.0745964 0.0728195 0.0688614 0.0633083 0.0567676 0.0497603 0.0426812 0.0358062 0.0293184 0.0233392 0.0179562 0.0132456 0.00927836 0.00610673
 0.00661943 0.0106519 0.015878 0.0222807 0.0298078 0.0382791 0.0472658 0.0560805 0.0639084 0.0699828 0.0737202 0.0748154 0.0732976 0.0695117 0.0640099 0.0574044 0.0502482 0.0429762 0.0358983 0.0292214 0.0230848 0.017592 0.0128306 0.00887367 0.00576128
 0.00660346 0.0106374 0.0158745 0.0222971 0.0298412 0.0383024 0.0472251 0.0559122 0.0635746 0.0695054 0.0731919 0.0743739 0.0730738 0.0695782 0.0643557 0.0579441 0.0508579 0.0435358 0.0363209 0.0294653 0.0231501 0.0175106 0.012654 0.00865845 0.00555594
 0.00667258 0.0107432 0.0160226 0.0224904 0.0300817 0.0385911 0.0475564 0.0562628 0.0638937 0.0697186 0.0732253 0.0741924 0.07271 0.0691294 0.0639444 0.057665 0.0507417 0.0435471 0.0363866 0.0295116 0.0231301 0.0174137 0.0124994 0.0084809 0.00538957
 0.00662133 0.0106808 0.015967 0.0224707 0.0301293 0.0387271 0.0477821 0.0565583 0.0642249 0.0700448 0.0735023 0.0743744 0.0727584 0.0690303 0.0637234 0.057385 0.0504773 0.0433514 0.0362706 0.0294489 0.0230795 0.0173441 0.0124021 0.00836709 0.00527883
 0.00664261 0.0106996 0.0159677 0.0224342 0.030044 0.0386032 0.0476581 0.0564921 0.0642686 0.070218 0.0737805 0.0746978 0.0730547 0.0692381 0.063809 0.0573495 0.0503533 0.0431886 0.0361143 0.0293229 0.0229833 0.0172634 0.0123239 0.00828808 0.00520467
 0.00668771 0.010766 0.0160535 0.0225291 0.0301282 0.0386481 0.0476333 0.0563784 0.0640745 0.0699876 0.073583 0.0745981 0.0730822 0.0693733 0.0639959 0.0575242 0.0504718 0.0432385 0.0361098 0.0292889 0.0229398 0.0172194 0.0122805 0.00824483 0.00516352
 0.00674878 0.010858 0.0161785 0.0226843 0.0303062 0.038838 0.0478191 0.0565375 0.0641787 0.07001 0.073511 0.0744452 0.0728883 0.0691893 0.0638602 0.0574462 0.0504331 0.0432101 0.0360701 0.0292318 0.0228719 0.0171508 0.0122184 0.00819255 0.00512189
 0.00669652 0.0107819 0.0160802 0.0225707 0.0301877 0.0387246 0.0477187 0.0564558 0.0641199 0.0699772 0.0735041 0.0744602 0.07292 0.0692356 0.063925 0.0575356 0.0505476 0.0433392 0.0361953 0.0293358 0.0229451 0.0171935 0.0122372 0.00819579 0.00511697
 0.00670053 0.0107793 0.0160601 0.0225191 0.0300924 0.0385837 0.0475453 0.0562763 0.0639648 0.0698699 0.073454 0.0744633 0.0729641 0.0693071 0.0640135 0.0576354 0.0506564 0.0434545 0.0363111 0.0294424 0.0230329 0.0172569 0.0122765 0.00821582 0.0051243
 0.00673642 0.0108242 0.0161024 0.0225382 0.0300632 0.0384836 0.0473631 0.0560187 0.0636583 0.0695575 0.0731854 0.0742813 0.0728917 0.0693428 0.0641359 0.057814 0.0508624 0.0436656 0.0365122 0.0296224 0.0231839 0.0173741 0.0123595 0.0082688 0.00515436
 0.00666916 0.0107286 0.0159831 0.0224058 0.0299281 0.0383479 0.0472163 0.0558422 0.0634377 0.069296 0.0729103 0.0740384 0.0727306 0.0692995 0.0642211 0.058012 0.0511389 0.0439799 0.0368274 0.0299112 0.0234292 0.0175679 0.0125013 0.00836427 0.00521297
 0.00660574 0.0106308 0.0158465 0.0222315 0.0297244 0.0381306 0.0470071 0.0556626 0.0633005 0.0691988 0.0728377 0.0739738 0.0726707 0.0692596 0.0642283 0.0580901 0.0512952 0.0442014 0.0370863 0.0301753 0.0236706 0.0177685 0.0126538 0.00847019 0.00528001
