SBPRF35
7.78865
Curr Bio
488108
B35
669193
F35
0.2109
FOFL
0.146019
OFL
55150.7
Bzero
2.22533e+006
#pred survey bio
 4.5852e+006 4.35738e+006 4.1234e+006 3.81855e+006 3.51704e+006 3.1839e+006 2.84684e+006 2.51367e+006 2.22707e+006 1.94672e+006 1.72201e+006 1.51085e+006 1.33457e+006 1.19134e+006 1.07146e+006 965722 875215 823788 783354 738343 707936 692994 679647 653450 642906 638747 628014 630945 630844 628387 622317 621726 618490 616797 608299 596530 586562 575544 576321 585669 587090 590915 586148 585767 595488 596328 599256 604548 610558 611937 606465 604527 603908 624576 610186 599402 598543 573575 538925 526571 525703 525689 539816 537356 509542 488382 490330 493377 1.67418e+007 9.7213e+006 9.8142e+006 1.05803e+007 1.17214e+007 1.29423e+007 1.40594e+007 1.49926e+007 1.57281e+007 1.6286e+007 1.66984e+007 1.69982e+007 1.72141e+007 1.73688e+007 1.74795e+007 1.75589e+007 1.7616e+007 1.76574e+007 1.76875e+007 1.77096e+007 1.77259e+007 1.7738e+007 1.7747e+007 1.77538e+007 1.77589e+007 1.77628e+007 1.77658e+007 1.7768e+007 1.77697e+007 1.7771e+007 1.7772e+007 1.77728e+007 1.77734e+007 1.77738e+007 1.77742e+007 1.77745e+007 1.77747e+007 1.77748e+007 1.7775e+007 1.77751e+007 1.77751e+007 1.77752e+007 1.77753e+007 1.77753e+007 1.77753e+007 1.77753e+007 1.77754e+007 1.77754e+007 1.77754e+007 1.77754e+007 1.77754e+007 1.77754e+007 1.77754e+007 1.77754e+007 1.77754e+007 1.77754e+007 1.77754e+007 1.77754e+007 1.77754e+007 1.77754e+007 1.77754e+007 1.77754e+007 1.77754e+007 1.77754e+007 1.77754e+007 1.77754e+007 1.77754e+007 1.77754e+007 1.77754e+007 1.77754e+007 1.77754e+007 1.77754e+007 1.77754e+007 1.77754e+007 1.77754e+007 1.77754e+007 1.77754e+007 1.77754e+007 1.77754e+007 1.77754e+007 1.77754e+007 1.77754e+007 1.77754e+007 1.77754e+007 1.77754e+007 1.77754e+007 1.77754e+007 1.77754e+007 1.77754e+007 1.77754e+007 1.77754e+007 1.77754e+007 1.77754e+007 1.77754e+007 1.77754e+007 1.77754e+007 1.77754e+007 1.77754e+007 1.77754e+007 1.77754e+007 0 0 0 0 0 0 0 0 0 0 0 0 0 0 0 0 0 0 0 0 0 0 0 0 0
#obs survey bio
 2.82243e+006 3.67184e+006 3.09057e+006 3.09396e+006 2.55353e+006 2.61633e+006 2.15189e+006 1.74061e+006 2.1924e+006 1.53472e+006 1.29927e+006 967520 1.16685e+006 814907 599248 988388 727690 1.01731e+006 599175 499646 732944 662102 932048 897892 417270 530478 419201 547948 626032 488561 565534 430454 719480 519331 483894 838413 458734 543275 717791 626374 596241 576097 499164 705994 421449 559794 658150 677716 493229 518269 600348 481443 816022 603190 655469 676819 928781 617903 507071 424458 498644 547146 625045 534426 516779 437665 584532 535086
#pred catch bio
 89471.1 92852.1 166522 183539 239660 274917 303431 290592 309702 280282 284508 266446 246395 231242 220229 204731 168265 155778 155290 138611 122463 118343 125689 110189 104589 110041 98612.8 100918 101434 102467 95755.4 95524.5 91314.2 93575.5 92447.2 89497.6 93067.9 87331.5 83252.8 91121 89199.3 95905.6 91292.2 82683.6 90599.3 89254.7 87986 88488.5 93563.9 100037 97612.8 96909.7 79617 108739 104335 94900.9 112823 117966 98123.6 88686.9 87183 73973 86089.9 104564 96216.4 74912.3 71042 80327 55150.7 74598.1 73686 77892.4 85897.5 94861.1 103045 109758 114905 118673 121340 123180 124425 125255 125802 126159 126390 126539 126635 126695 126734 126759 126774 126784 126790 126794 126797 126798 126799 126800 126800 126801 126801 126801 126801 126801 126801 126801 126801 126801 126801 126801 126801 126801 126801 126801 126801 126801 126801 126801 126801 126801 126801 126801 126801 126801 126801 126801 126801 126801 126801 126801 126801 126801 126801 126801 126801 126801 126801 126801 126801 126801 126801 126801 126801 126801 126801 126801 126801 126801 126801 126801 126801 126801 126801 126801 126801 126801 126801 126801 126801 126801 126801 126801 126801 126801 126801 126801 126801 126801 0 0 0 0 0 0 0 0 0 0 0 0 0 0 0 0 0 0 0 0 0 0 0 0 0
#obs catch bio
 0 92578.2 167733 184224 242424 279371 310676 297695 319201 288348 294082 276034 256956 240885 230601 212577 172686 159595 159330 141618 124502 120578 127499 110998 106285 112064 100397 102929 103194 103897 97244.4 97070.3 92266.1 94778.6 93579.1 89877.1 93713.1 87777.9 83543.1 91407.7 89257.2 96346 91824.9 82573.1 90951 89549.8 88172.9 88652.8 94058.5 100776 98315.7 98152.6 79638.8 109777 105245 95241.3 112929 118147 98360.4 88961.3 87730.3 74063.8 86035.5 104644 96622.4 75131.2 71157.2 80422.1
#pred cpue bio
 4.50405e+006 4.28212e+006 4.05313e+006 3.75072e+006 3.45026e+006 3.11849e+006 2.78316e+006 2.45215e+006 2.16755e+006 1.88973e+006 1.66699e+006 1.45783e+006 1.28318e+006 1.14163e+006 1.02364e+006 920294 832547 782907 744170 701139 672131 658043 645634 620766 610546 606239 595696 598487 598678 596820 591378 591252 588742 587794 580324 569644 559601 547244 546665 555570 557295 561222 556765 556581 566083 566782 569466 574479 580104 581176 575655 573575 572953 593225 579509 568979 568362 544659 511052 498611 497697 498240 512686 510910 484090 463512 465763 469964 1.60008e+007 9.30777e+006 9.24511e+006 9.82285e+006 1.08911e+007 1.20928e+007 1.32057e+007 1.4138e+007 1.48734e+007 1.54312e+007 1.58436e+007 1.61434e+007 1.63593e+007 1.6514e+007 1.66247e+007 1.67041e+007 1.67612e+007 1.68026e+007 1.68327e+007 1.68548e+007 1.68711e+007 1.68832e+007 1.68922e+007 1.6899e+007 1.69042e+007 1.6908e+007 1.6911e+007 1.69132e+007 1.69149e+007 1.69162e+007 1.69172e+007 1.6918e+007 1.69186e+007 1.69191e+007 1.69194e+007 1.69197e+007 1.69199e+007 1.69201e+007 1.69202e+007 1.69203e+007 1.69204e+007 1.69204e+007 1.69205e+007 1.69205e+007 1.69205e+007 1.69206e+007 1.69206e+007 1.69206e+007 1.69206e+007 1.69206e+007 1.69206e+007 1.69206e+007 1.69206e+007 1.69206e+007 1.69206e+007 1.69206e+007 1.69206e+007 1.69206e+007 1.69206e+007 1.69206e+007 1.69206e+007 1.69206e+007 1.69206e+007 1.69206e+007 1.69206e+007 1.69206e+007 1.69206e+007 1.69206e+007 1.69206e+007 1.69206e+007 1.69206e+007 1.69206e+007 1.69206e+007 1.69206e+007 1.69206e+007 1.69206e+007 1.69206e+007 1.69206e+007 1.69206e+007 1.69206e+007 1.69206e+007 1.69206e+007 1.69206e+007 1.69206e+007 1.69206e+007 1.69206e+007 1.69206e+007 1.69206e+007 1.69206e+007 1.69206e+007 1.69206e+007 1.69206e+007 1.69206e+007 1.69206e+007 1.69206e+007 1.69206e+007 1.69206e+007 1.69206e+007 1.69206e+007 1.69206e+007 0 0 0 0 0 0 0 0 0 0 0 0 0 0 0 0 0 0 0 0 0 0 0 0 0
#obs cpue bio
 4.79856e+006 3.51114e+006 3.1976e+006 3.46057e+006 2.14699e+006 2.12361e+006 1.90712e+006 2.31937e+006 1.63803e+006 1.62244e+006 1.5025e+006 1.28296e+006 566697 1.10009e+006 820182 906559 907548 471819 714375 826058 572571 431537 652439 499552 364105 601986 502858 505707 559320 843016 387895 683105 601241 524132 635865 661454 600840 560344 425395 610705 572497 462687 520037 691315 596898 560849 539378 492400 520517 580154 490952 451452 634295 506091 430013 543105 556113 500710 423559 549745 438442 483573 617724 547519 354045 419816 421466 565901
#pred surv len freq
 0.00480883 0.00789029 0.0120271 0.0172414 0.0234173 0.0302018 0.0369884 0.0430816 0.0479664 0.0514808 0.0537792 0.0551671 0.0559487 0.0563484 0.0564814 0.0563516 0.0558702 0.0548906 0.0532359 0.0507078 0.0470945 0.0422262 0.036102 0.029031 0.0216613
 0.00501799 0.00811806 0.0121685 0.0171461 0.0229491 0.0293229 0.0358136 0.0418544 0.046956 0.0508581 0.0535475 0.0551832 0.0560143 0.0563133 0.056312 0.0561397 0.055787 0.0551039 0.0538274 0.0516285 0.0481808 0.0432706 0.036938 0.0295872 0.0219616
 0.00534662 0.00864009 0.0129224 0.0181357 0.0241161 0.0305234 0.0368228 0.0424255 0.0469249 0.0502345 0.0525206 0.054025 0.0549425 0.0554085 0.0555365 0.0554271 0.0551269 0.0545654 0.0535127 0.0515969 0.0483999 0.0436259 0.0372914 0.0298409 0.0220876
 0.00564915 0.00913718 0.0136799 0.0192163 0.0255632 0.0323318 0.0389048 0.0445903 0.0488936 0.0517006 0.0532424 0.0539115 0.0540846 0.0540293 0.0538889 0.053705 0.0534422 0.0529837 0.0520958 0.0504084 0.0474769 0.0429541 0.0368126 0.0294868 0.021811
 0.00591901 0.00957297 0.0143315 0.0201315 0.0267825 0.0338782 0.0407674 0.0467072 0.0511405 0.0538883 0.0551292 0.0552413 0.0546497 0.0537395 0.052805 0.0520131 0.0513839 0.0507859 0.0499369 0.0484173 0.0457409 0.0415191 0.0356836 0.0286371 0.0211984
 0.00619796 0.0100259 0.0150123 0.0210902 0.0280564 0.0354786 0.042666 0.0488321 0.0533854 0.0561271 0.0572211 0.0570248 0.0559418 0.0543573 0.0526145 0.0509821 0.0496068 0.0484626 0.0473189 0.0457515 0.0432323 0.0393148 0.0338688 0.0272382 0.0201925
 0.00647886 0.010481 0.0156946 0.0220487 0.0293282 0.0370754 0.0445597 0.050949 0.0556159 0.0583449 0.0593011 0.0588483 0.0573899 0.0553023 0.0529237 0.0505435 0.0483719 0.0464851 0.0447637 0.0428664 0.0402953 0.0365795 0.0315234 0.0253844 0.018845
 0.00678962 0.0109801 0.0164343 0.0230741 0.0306695 0.038736 0.0465033 0.0530945 0.0578478 0.0605345 0.0613258 0.0606013 0.0587791 0.0562422 0.0533263 0.0503183 0.0474426 0.0448246 0.0424333 0.0400348 0.0372211 0.0335591 0.0288237 0.0231867 0.0172174
 0.00706042 0.0114187 0.0170914 0.0239957 0.0318888 0.0402599 0.0482987 0.0550842 0.0599215 0.0625702 0.0632091 0.0622354 0.060084 0.0571496 0.0537715 0.0502339 0.0467613 0.0434983 0.040467 0.0375229 0.0343606 0.0306236 0.0261007 0.0209034 0.0154893
 0.00742849 0.0119987 0.0179303 0.0251251 0.0333203 0.0419783 0.0502526 0.0571825 0.0620432 0.064585 0.0649985 0.0637049 0.0611668 0.0578016 0.0539621 0.0499349 0.0459405 0.0421256 0.0385382 0.0350948 0.03158 0.0277234 0.0233547 0.0185528 0.0136771
 0.00779347 0.0125753 0.0187662 0.0262521 0.0347475 0.043683 0.0521708 0.0592093 0.064049 0.0664414 0.0666001 0.0649768 0.0620608 0.058288 0.0540221 0.0495542 0.045104 0.0408187 0.036761 0.032889 0.0290569 0.0250723 0.020813 0.016345 0.0119501
 0.00817745 0.0131911 0.019676 0.0275052 0.036367 0.0456478 0.0543988 0.0615561 0.066332 0.0684803 0.0682524 0.0661551 0.0627304 0.0584537 0.053711 0.0487995 0.043934 0.0392538 0.0348233 0.0306241 0.0265599 0.0225002 0.0183671 0.0142215 0.0102822
 0.00842879 0.0136111 0.0203292 0.0284574 0.0376711 0.0473196 0.056394 0.0637617 0.0685827 0.0705902 0.0700499 0.0675072 0.0635555 0.0587238 0.0534438 0.0480423 0.0427454 0.0376905 0.0329389 0.0284815 0.0242516 0.0201609 0.0161633 0.0123153 0.00878442
 0.00865794 0.013974 0.0208583 0.0291802 0.0386084 0.0484832 0.0577781 0.0653334 0.0702745 0.0723014 0.0716546 0.0688709 0.0645565 0.0592729 0.0534971 0.0476018 0.0418495 0.0363998 0.0313253 0.0266276 0.0222576 0.0181518 0.0142811 0.010693 0.00751117
 0.00871288 0.0140939 0.0210947 0.0295977 0.0392676 0.0494138 0.0589581 0.0666887 0.0717013 0.0736968 0.0729348 0.0699705 0.0654168 0.0598353 0.0537072 0.0474224 0.0412718 0.0354478 0.0300531 0.0251143 0.0206047 0.0164788 0.0127148 0.00934596 0.00645602
 0.00874882 0.0141576 0.0212024 0.0297728 0.0395421 0.0498258 0.0595437 0.0674678 0.0726616 0.074784 0.0740583 0.071024 0.0663034 0.0604831 0.0540703 0.0474739 0.0409992 0.0348557 0.0291695 0.0239957 0.019336 0.0151666 0.0114725 0.00827206 0.00561307
 0.00892626 0.0144173 0.0215399 0.0301671 0.0399629 0.0502473 0.059955 0.067876 0.0730866 0.0752472 0.0745689 0.0715674 0.0668373 0.0609454 0.0543944 0.0476034 0.0408968 0.0345059 0.0285804 0.0232016 0.018399 0.0141717 0.0105144 0.00743542 0.00495261
 0.00889948 0.0143894 0.0215261 0.0301882 0.0400372 0.0503786 0.0601268 0.0680579 0.0732523 0.0753937 0.074722 0.0717685 0.0671189 0.0613084 0.0548007 0.0479858 0.0411786 0.0346226 0.0284946 0.0229111 0.0179373 0.0136019 0.00991561 0.00688315 0.00450102
 0.00888224 0.0143557 0.0214662 0.0300929 0.0399042 0.0502201 0.0599717 0.067945 0.0732151 0.0754454 0.0748538 0.0719611 0.0673578 0.0615894 0.0551209 0.0483286 0.0415063 0.0348816 0.0286325 0.0228957 0.0177685 0.0133132 0.00956382 0.00653062 0.00419757
 0.0089776 0.0144974 0.0216539 0.0303157 0.0401417 0.0504453 0.0601564 0.068066 0.0732616 0.0754241 0.0747863 0.071875 0.0672765 0.0615279 0.0550871 0.0483245 0.0415251 0.0349039 0.0286281 0.0228332 0.0176299 0.0131038 0.00931127 0.0062743 0.00397341
 0.00903538 0.0145833 0.0217679 0.0304519 0.0402887 0.0505883 0.0602787 0.068151 0.0732961 0.0754025 0.0747147 0.0717711 0.0671654 0.0614342 0.0550281 0.0483062 0.0415421 0.034941 0.028663 0.0228412 0.0175918 0.0130139 0.00918095 0.00612723 0.00383545
 0.00894723 0.0144544 0.0216007 0.030258 0.0400856 0.0503939 0.0601075 0.0680127 0.0731971 0.0753467 0.0747042 0.0718061 0.0672445 0.061555 0.0551867 0.0484964 0.0417536 0.0351583 0.0288658 0.023008 0.0177054 0.0130669 0.00917901 0.00608729 0.00377905
 0.00890948 0.014385 0.0214824 0.0300726 0.0398216 0.0500567 0.0597264 0.0676377 0.072884 0.0751388 0.0746201 0.0718401 0.0673755 0.0617573 0.055437 0.0487758 0.0420459 0.035448 0.0291364 0.0232424 0.0178887 0.0131911 0.0092461 0.00610881 0.00377204
 0.00920334 0.0148075 0.0220148 0.0306599 0.0403847 0.0505151 0.0600179 0.0677303 0.0727781 0.0748647 0.0742304 0.0713965 0.066934 0.0613578 0.0551008 0.0485099 0.0418486 0.0353125 0.029052 0.0231949 0.0178624 0.0131719 0.00922484 0.00608299 0.0037442
 0.0093273 0.0150141 0.0223325 0.0311103 0.0409689 0.0511962 0.0607123 0.0683198 0.0731458 0.0749387 0.0740094 0.0709447 0.0663516 0.0607451 0.0545339 0.0480322 0.0414749 0.0350381 0.0288619 0.0230701 0.0177834 0.0131215 0.00918996 0.00605577 0.00372156
 0.00929591 0.0149795 0.0223114 0.031131 0.041066 0.0514005 0.0610379 0.0687523 0.0736363 0.0754079 0.0743661 0.071115 0.0663053 0.0605064 0.0541684 0.0476198 0.0410839 0.0347107 0.0286135 0.0228964 0.0176698 0.0130504 0.00914586 0.00602745 0.00370232
 0.00934158 0.0150458 0.0223975 0.031233 0.0411813 0.0515331 0.0612007 0.068963 0.0739069 0.0757323 0.0747112 0.0714233 0.06651 0.0605547 0.0540425 0.0473441 0.040715 0.0343158 0.0282489 0.0225958 0.0174435 0.0128924 0.00904203 0.00596236 0.00366304
 0.00914887 0.0147683 0.022046 0.0308403 0.0407928 0.0511921 0.0609384 0.068798 0.0738522 0.0757998 0.0749092 0.0717458 0.0669269 0.0610103 0.0544687 0.0476819 0.0409337 0.0344195 0.0282679 0.0225692 0.0174041 0.0128586 0.00901987 0.00595022 0.00365707
 0.00901661 0.0145542 0.0217275 0.030403 0.0402398 0.0505554 0.0602846 0.068219 0.0734392 0.075614 0.0749656 0.0720182 0.0673648 0.0615545 0.0550582 0.0482567 0.0414412 0.0348242 0.028559 0.0227589 0.0175182 0.0129244 0.00905812 0.00597334 0.00367127
 0.00899007 0.0145002 0.0216261 0.0302282 0.0399658 0.0501667 0.0597874 0.0676486 0.0728587 0.075104 0.0746054 0.0718653 0.0674397 0.0618375 0.0554975 0.0487844 0.0419877 0.0353304 0.0289842 0.0230853 0.0177485 0.0130755 0.00915152 0.00602857 0.00370273
 0.00891071 0.0143894 0.021492 0.030087 0.0398335 0.0500479 0.059668 0.0675006 0.0726553 0.0748377 0.0742996 0.0715716 0.0672222 0.0617506 0.0555678 0.0490023 0.0423134 0.0357077 0.0293569 0.0234106 0.0180038 0.0132575 0.0092704 0.00610035 0.00374311
 0.00875131 0.0141432 0.0211469 0.0296442 0.0393105 0.0494811 0.0591113 0.0670158 0.0722946 0.0746257 0.0742279 0.071611 0.0673446 0.0619442 0.0558369 0.0493547 0.0427438 0.0361907 0.029851 0.0238704 0.0183935 0.0135589 0.0094837 0.00623871 0.00382551
 0.00864098 0.0139644 0.0208797 0.029272 0.0388264 0.0488951 0.0584583 0.0663563 0.0717042 0.0741767 0.07397 0.0715597 0.0674813 0.0622289 0.0562253 0.0498112 0.0432444 0.0367159 0.0303771 0.0243676 0.0188308 0.0139134 0.00974701 0.00641729 0.00393589
 0.00845886 0.0136881 0.0205003 0.0287939 0.0382641 0.0482702 0.0577977 0.0656947 0.0710862 0.0736546 0.0735975 0.0713812 0.0675207 0.0624817 0.0566593 0.050376 0.0438851 0.0373828 0.0310296 0.024972 0.0193592 0.0143456 0.0100746 0.00664535 0.0040808
 0.008377 0.0135483 0.0202786 0.0284664 0.0378159 0.047706 0.0571507 0.0650233 0.0704586 0.0731298 0.0732137 0.0711574 0.067465 0.0625964 0.0569393 0.050803 0.044425 0.0379902 0.0316553 0.0255704 0.0198934 0.0147903 0.0104177 0.00688913 0.00423908
 0.00903136 0.0144574 0.0213602 0.0295468 0.0386771 0.0481635 0.0571178 0.0645282 0.0696163 0.0720927 0.0721298 0.0701451 0.0666047 0.0619326 0.0564881 0.0505604 0.0443719 0.0380944 0.0318741 0.0258552 0.020197 0.0150735 0.0106543 0.00706727 0.0043601
 0.0097291 0.0155498 0.0229167 0.0315785 0.0411059 0.0507928 0.0596261 0.0665194 0.0707331 0.0721456 0.0711642 0.0684081 0.0644379 0.0596598 0.0543486 0.0486952 0.0428424 0.0369082 0.0310056 0.0252594 0.0198182 0.014854 0.010541 0.00701732 0.00434297
 0.00969697 0.0156089 0.0232096 0.032301 0.0424493 0.0528527 0.0623198 0.0695617 0.0736895 0.0745431 0.0726159 0.068711 0.0636157 0.0579379 0.0520707 0.0462203 0.0404629 0.0348135 0.029286 0.0239308 0.0188493 0.0141877 0.0101107 0.00675766 0.00419737
 0.00935901 0.0151054 0.0225449 0.03153 0.041689 0.0522836 0.0621662 0.0700371 0.0749086 0.0764365 0.0749043 0.0709705 0.0654128 0.0589692 0.0522448 0.0456527 0.0394022 0.0335423 0.0280406 0.0228615 0.0180203 0.0135991 0.00972569 0.00652542 0.00406844
 0.00917574 0.014791 0.0220441 0.0307898 0.0406823 0.0510432 0.0608159 0.0687945 0.074046 0.0762058 0.0754493 0.0722608 0.067229 0.0609574 0.054026 0.0469432 0.0400897 0.033687 0.0278133 0.022459 0.0176003 0.0132524 0.00948198 0.00637546 0.00398678
 0.00917301 0.0147767 0.0220025 0.0306946 0.0404966 0.0507249 0.0603295 0.0681325 0.0732543 0.0753999 0.0748049 0.0719675 0.0674191 0.0616401 0.0550655 0.0480995 0.0411077 0.0343888 0.0281469 0.022487 0.0174448 0.0130341 0.00928248 0.00622998 0.00389699
 0.00910997 0.0146862 0.0218877 0.0305642 0.0403597 0.0505825 0.060169 0.0679281 0.0729765 0.0750332 0.0743687 0.0715301 0.0670917 0.0615425 0.0552735 0.0486003 0.0417924 0.0350935 0.0287211 0.0228496 0.0175985 0.0130398 0.00921628 0.00615056 0.00383426
 0.00908574 0.0146516 0.0218449 0.0305191 0.0403207 0.050559 0.0601669 0.0679455 0.072999 0.0750333 0.0743122 0.0713927 0.0668783 0.0612992 0.0550784 0.0485316 0.0418887 0.0353304 0.0290215 0.0231226 0.0177816 0.0131189 0.00921676 0.00611208 0.00378932
 0.00916671 0.0147549 0.0219488 0.0305873 0.0403149 0.0504562 0.0599739 0.0676987 0.0727499 0.0748268 0.0741705 0.0713106 0.0668323 0.061265 0.0550487 0.048523 0.0419317 0.0354467 0.0292043 0.0233352 0.0179757 0.0132589 0.00929325 0.00613834 0.0037875
 0.00920312 0.0148079 0.0220158 0.0306584 0.0403715 0.0504715 0.0599173 0.067546 0.0724972 0.0745008 0.0738255 0.0710103 0.0666259 0.0611709 0.0550555 0.0486051 0.0420662 0.0356202 0.0294074 0.0235527 0.0181839 0.0134328 0.00941752 0.0062128 0.00382373
 0.00921109 0.0148351 0.0220822 0.0307891 0.040587 0.0507742 0.0602798 0.067911 0.0727913 0.0746573 0.0738072 0.0708216 0.0663104 0.0607951 0.0546861 0.0482908 0.0418306 0.0354669 0.0293282 0.0235327 0.0182039 0.0134716 0.00945664 0.0062412 0.00383889
 0.00923336 0.0148626 0.0221085 0.0308061 0.040591 0.050773 0.0602952 0.067971 0.0729136 0.0748335 0.0739987 0.0709732 0.0663735 0.0607492 0.054546 0.0480966 0.0416301 0.0352983 0.0292115 0.0234705 0.0181861 0.013482 0.00947887 0.00626313 0.00385447
 0.00928777 0.0149407 0.0222065 0.0309127 0.0406897 0.0508461 0.0603299 0.0679644 0.0728761 0.0747872 0.0739688 0.0709745 0.0664005 0.0607777 0.0545461 0.0480505 0.0415409 0.0351871 0.0291052 0.0233895 0.0181382 0.0134636 0.00947972 0.00627234 0.00386435
 0.00931238 0.0149836 0.0222758 0.0310161 0.0408302 0.0510174 0.0605129 0.0681295 0.0729924 0.0748346 0.0739461 0.0708995 0.0663004 0.0606759 0.0544526 0.0479616 0.0414472 0.0350839 0.0289979 0.0232904 0.0180592 0.0134102 0.00945001 0.00625946 0.00386075
 0.00929867 0.0149735 0.0222831 0.031061 0.0409339 0.0511934 0.0607583 0.0684219 0.0732937 0.0750998 0.0741345 0.0709849 0.0662782 0.0605622 0.054277 0.0477552 0.041234 0.0348783 0.0288078 0.0231224 0.0179197 0.0133036 0.00937612 0.00621355 0.00383527
 0.00935863 0.0150634 0.0224049 0.031213 0.0411133 0.0513991 0.0609914 0.0686824 0.0735738 0.0753791 0.0743801 0.0711582 0.0663463 0.0605092 0.0541094 0.0474993 0.0409267 0.0345564 0.028501 0.0228503 0.0176936 0.0131278 0.00924922 0.00612928 0.00378421
 0.00928276 0.0149637 0.0222982 0.0311286 0.0410841 0.0514477 0.0611205 0.0688747 0.0738027 0.0756198 0.0746152 0.0713744 0.066528 0.0606366 0.0541634 0.0474702 0.0408198 0.0343914 0.0283055 0.0226519 0.0175139 0.0129799 0.0091379 0.00605273 0.0037363
 0.00920398 0.0148387 0.0221172 0.0308889 0.0407954 0.0511373 0.0608346 0.06867 0.0737276 0.0756958 0.0748284 0.0716835 0.0668811 0.0609858 0.0544717 0.047712 0.0409814 0.0344718 0.028316 0.0226131 0.0174491 0.0129096 0.00907607 0.00600583 0.00370496
 0.00910011 0.0146558 0.0218173 0.0304315 0.0401513 0.0503093 0.0598752 0.0676833 0.0728496 0.0750594 0.0745287 0.0717554 0.0672956 0.0616629 0.0553042 0.0485913 0.0418169 0.0352014 0.028908 0.023062 0.0177685 0.0131236 0.00921137 0.00608677 0.00375073
 0.00921916 0.0148514 0.0221125 0.0308408 0.0406676 0.0508894 0.060433 0.0681045 0.0730295 0.0749459 0.0741473 0.0711996 0.0666899 0.0611192 0.0548911 0.0483261 0.0416763 0.0351418 0.0288857 0.0230458 0.0177438 0.0130893 0.0091735 0.0060524 0.0037243
 0.00908689 0.014678 0.0219289 0.0307029 0.040642 0.0510292 0.060754 0.0685735 0.073567 0.0754453 0.0745038 0.0713426 0.0666072 0.0608598 0.0545429 0.0479801 0.041396 0.0349503 0.0287727 0.0229846 0.017708 0.0130618 0.00914805 0.0060291 0.00370529
 0.00892575 0.0144151 0.021535 0.0301594 0.0399559 0.0502507 0.0599846 0.0679507 0.073222 0.0754516 0.0748453 0.071921 0.0672828 0.0615035 0.055075 0.0483815 0.0416924 0.0351832 0.0289739 0.0231663 0.0178667 0.0131894 0.00924023 0.00608856 0.00373946
 0.00922406 0.0148415 0.0220669 0.0307352 0.0404881 0.0506505 0.0601874 0.0679323 0.0730064 0.0751062 0.0744619 0.0715847 0.0670401 0.0613493 0.0549659 0.048267 0.0415434 0.0350019 0.0287844 0.022996 0.0177324 0.0130939 0.00917711 0.0060486 0.00371485
 0.00956662 0.0153892 0.0228693 0.0318202 0.0418421 0.0521949 0.0617654 0.0693274 0.0739975 0.0755407 0.0743056 0.0709233 0.0660368 0.0601834 0.0537828 0.0471548 0.040539 0.034114 0.0280148 0.0223493 0.0172137 0.0127016 0.00889952 0.0058655 0.00360261
 0.00944032 0.015234 0.0227296 0.0317709 0.0419717 0.0525753 0.0624213 0.0702174 0.0750152 0.076533 0.0751086 0.0714057 0.0661385 0.0599298 0.0532671 0.0464977 0.0398485 0.0334624 0.0274392 0.0218635 0.0168207 0.0123993 0.00868086 0.00571842 0.00351126
 0.0091367 0.01477 0.0220901 0.0309711 0.0410649 0.0516572 0.0616272 0.0697016 0.0749082 0.0768914 0.0758836 0.0724517 0.0672588 0.0609387 0.0540405 0.0469944 0.0400982 0.0335335 0.0274049 0.0217811 0.0167265 0.0123128 0.00861111 0.00566776 0.00347801
 0.00899669 0.0145266 0.0216961 0.030378 0.0402399 0.0506096 0.0604309 0.0684979 0.0738812 0.0762215 0.0756979 0.0727882 0.0680536 0.062043 0.0552625 0.0481531 0.041068 0.0342625 0.027904 0.022097 0.0169142 0.0124189 0.0086685 0.00569746 0.00349263
 0.0088908 0.0143389 0.0213845 0.0298926 0.0395337 0.0496565 0.0592463 0.0671525 0.0725001 0.0749699 0.0747535 0.0723047 0.068122 0.0626613 0.0563304 0.0494963 0.0424862 0.0355815 0.0290115 0.0229507 0.0175268 0.0128326 0.00893334 0.00585836 0.003585
 0.00898171 0.0144725 0.0215573 0.0300866 0.0397143 0.0497723 0.059233 0.0669448 0.0720525 0.0742812 0.0738843 0.0713759 0.0672907 0.0620803 0.0561028 0.0496444 0.0429464 0.0362303 0.0297092 0.0235839 0.0180313 0.0131934 0.00916832 0.00599925 0.00366331
 0.00912891 0.0147277 0.0219684 0.0307013 0.0405606 0.0508313 0.0604165 0.0680968 0.0729813 0.0748111 0.0739046 0.0708707 0.0663436 0.0608551 0.0548041 0.0484665 0.0420252 0.0356166 0.0293733 0.0234468 0.0180042 0.0132077 0.00918609 0.00600791 0.00366375
 0.00896506 0.0145086 0.0217277 0.0305042 0.0404913 0.0509695 0.0608117 0.0687486 0.0738299 0.0757394 0.0747565 0.0714862 0.0666037 0.0607195 0.0543249 0.0477701 0.0412704 0.0349443 0.028869 0.0231291 0.0178404 0.0131433 0.00917081 0.00600929 0.00366691
 0.00833588 0.0135615 0.0204472 0.0289356 0.0387407 0.049194 0.0592076 0.0675287 0.073182 0.0757724 0.0754599 0.0727257 0.0681574 0.0623392 0.0558003 0.0489751 0.0421766 0.0356 0.0293563 0.0235212 0.0181777 0.0134338 0.00940646 0.00618309 0.00378177
 0.00770765 0.0125718 0.0190209 0.0270363 0.0363915 0.0465029 0.0563866 0.0648833 0.0710545 0.0744583 0.0751326 0.0734012 0.0697011 0.0645041 0.0582836 0.051482 0.0444772 0.0375617 0.0309421 0.0247601 0.0191256 0.0141446 0.00992238 0.00653844 0.00400945
#obs surv len freq
 nan nan nan nan nan nan nan nan nan nan nan nan nan nan nan nan nan nan nan nan nan nan nan nan nan
 0.00448489 0.0073463 0.0111763 0.0159925 0.021693 0.0279682 0.0342819 0.0400128 0.0446922 0.0481559 0.0505139 0.0520098 0.0529022 0.0534147 0.0537292 0.0539842 0.0542628 0.0545556 0.0546944 0.0542863 0.0527243 0.0493565 0.0438062 0.0362862 0.0276699
 0.00461519 0.00756049 0.0115026 0.0164578 0.0223156 0.0287482 0.035191 0.0409918 0.0456592 0.049023 0.0512039 0.0524678 0.0531004 0.0533527 0.0534292 0.0534836 0.0536052 0.0537837 0.0538472 0.0534009 0.0518395 0.0485154 0.0430537 0.0356603 0.0271914
 0.00477337 0.0078194 0.0118957 0.0170173 0.0230673 0.0297006 0.0363248 0.0422542 0.0469682 0.0502799 0.0523073 0.053327 0.0536454 0.0535422 0.053254 0.052965 0.052788 0.0527268 0.0526168 0.0520668 0.0504765 0.0472032 0.0418714 0.0346732 0.0264356
 0.00496382 0.00813015 0.0123655 0.0176833 0.0239577 0.0308243 0.0376596 0.0437424 0.0485234 0.0518011 0.0536927 0.0544812 0.0544844 0.053998 0.0532819 0.0525494 0.0519456 0.0515058 0.0510918 0.0503344 0.0486515 0.0454119 0.0402387 0.0333008 0.0253808
 0.00518017 0.00848413 0.0129025 0.0184468 0.0249812 0.032118 0.0391968 0.0454546 0.0503103 0.0535493 0.0552928 0.0558369 0.0555136 0.0546319 0.053465 0.0522437 0.0511375 0.0502144 0.0493758 0.0482958 0.0464325 0.0431835 0.038176 0.03155 0.024027
 0.00540958 0.00886053 0.0134754 0.0192649 0.0260828 0.0335169 0.0408667 0.0473237 0.0522706 0.055477 0.0570676 0.0573537 0.0566862 0.0553911 0.0537558 0.0520234 0.0503787 0.0489139 0.0475694 0.046073 0.0439431 0.0406268 0.0357698 0.0294833 0.0224161
 0.00563787 0.00923547 0.014047 0.0200827 0.027187 0.034924 0.0425541 0.0492235 0.0542784 0.0574705 0.0589253 0.0589664 0.0579617 0.0562546 0.0541482 0.0518982 0.0497015 0.0476693 0.045776 0.0438037 0.041341 0.0379011 0.033163 0.0272165 0.0206329
 0.0058848 0.00963969 0.0146606 0.020956 0.0283594 0.0364085 0.0443223 0.0511998 0.0563504 0.0595108 0.0608114 0.0605921 0.05924 0.0571165 0.0545391 0.0517744 0.0490288 0.0464274 0.0439733 0.0415005 0.0386699 0.03507 0.0304254 0.0248126 0.0187265
 0.0061208 0.0100263 0.0152481 0.0217934 0.0294854 0.0378372 0.0460279 0.0531107 0.0583593 0.0614942 0.0626498 0.0621814 0.0604953 0.0579714 0.0549423 0.0516849 0.0484135 0.0452638 0.0422633 0.0392928 0.0360834 0.032301 0.0277221 0.0224183 0.0168134
 0.00637984 0.0104484 0.0158851 0.0226937 0.0306846 0.0393431 0.047805 0.0550757 0.0603931 0.0634655 0.0644366 0.0636839 0.0616383 0.0587019 0.0552235 0.0514906 0.0477224 0.0440614 0.0405528 0.0371171 0.0335497 0.029591 0.0250712 0.0200623 0.0149232
 0.00660649 0.0108247 0.0164658 0.0235342 0.0318289 0.0408054 0.0495517 0.0570198 0.0624081 0.0654114 0.0661849 0.0651313 0.0627109 0.0593522 0.0554253 0.0512303 0.0469929 0.0428605 0.0388911 0.035037 0.0311487 0.0270333 0.0225716 0.0178383 0.0131352
 0.00684789 0.0112158 0.0170519 0.0243574 0.032921 0.0421762 0.0511753 0.0588278 0.0642953 0.0672527 0.0678543 0.0665181 0.0637301 0.059949 0.0555725 0.0509218 0.0462345 0.0416647 0.0372808 0.0330603 0.0288982 0.0246573 0.0202615 0.015788 0.0114877
 0.00707476 0.011591 0.0176279 0.0251852 0.0340381 0.0435882 0.0528394 0.0606502 0.0661485 0.0690035 0.0693875 0.0677459 0.064591 0.0604037 0.055601 0.0505208 0.045414 0.0404451 0.0356951 0.0311631 0.0267802 0.0224536 0.018141 0.0139189 0.00999227
 0.00727516 0.0119228 0.0181385 0.0259225 0.035041 0.0448704 0.0543732 0.0623592 0.0679165 0.0706963 0.0708765 0.0689268 0.065393 0.0607908 0.0555656 0.0500745 0.0445792 0.0392516 0.0341825 0.0293893 0.0248329 0.0204555 0.0162393 0.0122565 0.00867016
 0.00741532 0.0121535 0.0184914 0.0264302 0.0357321 0.045761 0.055457 0.0636012 0.0692545 0.072048 0.0721494 0.0700276 0.0662377 0.0613142 0.0557279 0.0498621 0.044001 0.0383334 0.0329646 0.0279303 0.023216 0.018791 0.0146551 0.0108735 0.00757196
 0.00752234 0.0123255 0.018747 0.0267863 0.0362021 0.0463517 0.0561643 0.0644079 0.0701314 0.0729575 0.0730474 0.0708638 0.0669561 0.0618555 0.0560365 0.0498942 0.0437316 0.0377604 0.0321102 0.026842 0.0219679 0.0174816 0.013396 0.00976847 0.00669237
 0.00757572 0.0124104 0.0188713 0.0269569 0.0364245 0.0466301 0.0565002 0.0648 0.0705758 0.0734479 0.0735747 0.0714122 0.0674994 0.0623549 0.0564418 0.0501499 0.0437866 0.0375788 0.031681 0.0261856 0.0211373 0.0165582 0.0124763 0.00894371 0.006027
 0.0076504 0.0125229 0.0190241 0.0271467 0.0366435 0.0468685 0.0567488 0.065051 0.0708246 0.0736943 0.0738224 0.0716672 0.0677645 0.0626238 0.0566946 0.0503525 0.0438945 0.0375469 0.0314767 0.0258007 0.0205964 0.0159173 0.0118114 0.00833153 0.00552467
 0.00771315 0.0126207 0.0191632 0.0273286 0.0368643 0.047117 0.0570062 0.0652942 0.0710317 0.0738531 0.0739345 0.0717464 0.0678302 0.0626923 0.0567723 0.0504305 0.0439488 0.0375425 0.0313774 0.0255828 0.0202603 0.0154923 0.0113496 0.00789209 0.00515565
 0.0077596 0.0126901 0.0192562 0.0274422 0.0369927 0.0472537 0.057145 0.0654287 0.0711553 0.0739589 0.0740172 0.071805 0.0678695 0.0627219 0.0568023 0.0504656 0.0439831 0.0375577 0.0313473 0.0254824 0.020078 0.0152379 0.0110539 0.00759688 0.00489898
 0.00779087 0.0127374 0.0193205 0.0275218 0.0370828 0.0473474 0.0572342 0.0655055 0.0712146 0.0739996 0.074043 0.0718218 0.0678829 0.0627362 0.05682 0.0504879 0.0440075 0.0375761 0.0313447 0.0254412 0.0199851 0.0150931 0.0108729 0.00740644 0.00472675
 0.00782429 0.0127854 0.0193811 0.0275889 0.0371483 0.0474033 0.0572753 0.0655298 0.0712229 0.073995 0.0740302 0.0718066 0.0678713 0.0627331 0.0568279 0.0505063 0.0440331 0.0376021 0.0313609 0.0254351 0.0199463 0.0150181 0.010769 0.00728968 0.00461609
 0.00787219 0.0128604 0.0194881 0.0277294 0.0373182 0.0475918 0.0574635 0.0656938 0.0713396 0.0740492 0.0740198 0.0717415 0.0677688 0.0626122 0.0567052 0.0503937 0.0439367 0.0375222 0.0312929 0.0253709 0.0198772 0.014939 0.0106806 0.00719932 0.00453377
 0.00785065 0.012829 0.0194479 0.027684 0.0372738 0.0475558 0.0574431 0.0656941 0.0713617 0.0740896 0.0740701 0.0717922 0.0678127 0.0626462 0.0567309 0.0504148 0.0439569 0.0375429 0.0313122 0.025384 0.0198786 0.0149249 0.0106514 0.00716012 0.00449232
 0.00788983 0.0128822 0.0195087 0.0277405 0.0373125 0.0475675 0.0574278 0.0656609 0.0713246 0.074061 0.0740566 0.071793 0.0678217 0.062656 0.0567356 0.0504127 0.0439493 0.0375329 0.0313017 0.0253729 0.0198648 0.0149059 0.0106266 0.00713132 0.00446345
 0.00788613 0.0128789 0.0195084 0.0277457 0.0373237 0.0475802 0.0574322 0.0656451 0.0712813 0.0739936 0.07398 0.0717275 0.0677841 0.0626529 0.0567627 0.0504589 0.0440027 0.0375844 0.0313463 0.0254081 0.0198893 0.0149193 0.0106294 0.00712589 0.00445329
 0.00788301 0.012873 0.019498 0.0277295 0.0373015 0.047554 0.057406 0.0656235 0.0712658 0.0739816 0.0739659 0.0717077 0.0677608 0.0626339 0.0567574 0.0504724 0.0440338 0.0376266 0.0313913 0.0254491 0.0199218 0.0149413 0.0106413 0.00712939 0.00445129
 0.00788611 0.0128725 0.0194871 0.0276989 0.0372421 0.0474617 0.0572854 0.0654884 0.0711359 0.0738764 0.073899 0.0716835 0.0677751 0.062678 0.0568223 0.0505518 0.0441231 0.0377212 0.0314852 0.0255356 0.0199951 0.0149979 0.0106806 0.0071535 0.00446392
 0.00787143 0.0128493 0.0194532 0.027652 0.0371795 0.0473803 0.0571826 0.0653645 0.0709968 0.0737354 0.0737746 0.0715954 0.0677376 0.0626956 0.0568892 0.0506554 0.0442488 0.0378558 0.0316179 0.0256577 0.0201001 0.0150817 0.0107421 0.00719454 0.00448854
 0.00781763 0.0127632 0.0193268 0.0274797 0.0369605 0.0471216 0.0569009 0.0650846 0.0707471 0.0735397 0.073649 0.0715469 0.0677668 0.0627983 0.0570565 0.0508729 0.0444979 0.0381159 0.0318698 0.0258861 0.0202943 0.0152363 0.0108567 0.00727307 0.00453781
 0.00781555 0.0127514 0.0192934 0.0274089 0.0368366 0.0469357 0.0566572 0.0648022 0.0704556 0.0732725 0.0734355 0.0714078 0.067712 0.0628281 0.0571634 0.0510438 0.0447156 0.0383607 0.032121 0.0261243 0.0205041 0.0154079 0.0109868 0.0073639 0.00459595
 0.00778685 0.0127061 0.0192273 0.0273179 0.0367163 0.0467811 0.0564645 0.0645718 0.0701964 0.073004 0.073186 0.071209 0.0675914 0.0628014 0.0572325 0.0511981 0.0449359 0.0386231 0.0324003 0.0263968 0.0207498 0.0156131 0.0111451 0.00747625 0.00466894
 0.00776586 0.0126705 0.0191711 0.027235 0.0366021 0.0466351 0.0562914 0.0643815 0.0700004 0.0728129 0.0730087 0.0710555 0.0674745 0.0627371 0.0572349 0.0512746 0.0450831 0.038827 0.0326394 0.0266461 0.020986 0.0158179 0.0113077 0.00759446 0.00474724
 0.00774111 0.0126305 0.0191115 0.0271517 0.0364921 0.0464976 0.0561295 0.0642027 0.0698166 0.0726376 0.0728551 0.0709334 0.067391 0.0626967 0.0572423 0.0513341 0.0451966 0.0389908 0.0328417 0.0268684 0.0212065 0.0160165 0.0114706 0.00771596 0.00482945
 0.00931908 0.0148388 0.0217756 0.0298893 0.0388244 0.0480272 0.0566808 0.0638478 0.0687919 0.0712235 0.0712876 0.0693723 0.0659283 0.061379 0.0560899 0.0503538 0.0443885 0.0383499 0.0323579 0.0265248 0.0209798 0.0158794 0.0113958 0.00767987 0.00481466
 0.00928601 0.0150801 0.0226589 0.031872 0.0422549 0.052876 0.0623698 0.0693453 0.0729801 0.07334 0.071177 0.0674272 0.0628167 0.0577575 0.0524406 0.0469597 0.041384 0.0357835 0.0302346 0.0248272 0.0196754 0.014923 0.0107318 0.00724688 0.00455153
 0.00896491 0.0145706 0.0219373 0.0309818 0.0413624 0.052309 0.0625806 0.070749 0.0757069 0.0770497 0.0750995 0.0706568 0.0646906 0.0580859 0.0514773 0.0451891 0.0392918 0.0337241 0.028409 0.0233197 0.0184995 0.0140545 0.0101267 0.00685174 0.00431152
 0.008786 0.0142753 0.0214851 0.0303342 0.0404976 0.0512502 0.0614341 0.069734 0.0751422 0.0772682 0.076298 0.0727494 0.0672713 0.0605591 0.0533001 0.0460809 0.0392917 0.0330936 0.0274726 0.022343 0.0176432 0.0133851 0.00964832 0.0065366 0.00412
 0.00873143 0.0141768 0.0213181 0.0300682 0.0401012 0.0507006 0.0607309 0.0689132 0.0742905 0.0765323 0.0758743 0.0728366 0.0679839 0.06184 0.0548965 0.0476247 0.0404488 0.0336944 0.0275465 0.0220558 0.017195 0.0129329 0.00927853 0.00627445 0.00395445
 0.0087029 0.0141293 0.0212439 0.0299574 0.0399413 0.0504769 0.0604285 0.0685221 0.0738135 0.0759956 0.0753399 0.0724066 0.0677864 0.0619887 0.0554318 0.0484693 0.0414162 0.0345586 0.028137 0.0223182 0.0171869 0.0127687 0.00906848 0.00608949 0.00382217
 0.00867639 0.0140857 0.0211771 0.0298616 0.0398118 0.0503114 0.0602283 0.0682909 0.0735554 0.0757143 0.0750422 0.0721117 0.0675358 0.061847 0.0554703 0.0487318 0.0418844 0.0351426 0.0287053 0.022754 0.0174347 0.0128443 0.00903243 0.00600835 0.00374237
 0.00868228 0.0140917 0.0211794 0.0298541 0.0397871 0.0502628 0.0601515 0.0681849 0.0734222 0.0755573 0.0748656 0.0719214 0.0673431 0.0616742 0.0553533 0.0487127 0.0419938 0.0353771 0.0290192 0.0230733 0.0176897 0.0129987 0.00909117 0.00600339 0.00371019
 0.00866992 0.0140761 0.0211641 0.0298443 0.0397873 0.0502737 0.0601674 0.0681945 0.0734125 0.0755183 0.0747933 0.0718185 0.0672174 0.0615386 0.0552262 0.0486189 0.0419596 0.0354206 0.0291377 0.0232395 0.0178609 0.013136 0.00917514 0.00603758 0.00371197
 0.00866649 0.0140678 0.021147 0.0298142 0.0397416 0.0502147 0.0601031 0.068137 0.0733722 0.0754985 0.0747883 0.0718163 0.0672064 0.0615124 0.055187 0.0485774 0.0419326 0.0354254 0.0291846 0.0233251 0.0179676 0.0132393 0.0092551 0.00608625 0.00373349
 0.00865503 0.0140526 0.0211301 0.029799 0.0397312 0.0502092 0.0600994 0.0681297 0.0733574 0.0754767 0.074764 0.0717948 0.0671897 0.061498 0.0551706 0.0485571 0.0419121 0.0354136 0.0291915 0.0233558 0.0180186 0.0132992 0.00931022 0.00612701 0.00375749
 0.00864288 0.0140327 0.0211001 0.0297573 0.0396781 0.0501485 0.0600381 0.0680769 0.0733207 0.0754595 0.0747643 0.0718076 0.0672098 0.0615217 0.0551953 0.0485806 0.0419334 0.0354342 0.029215 0.0233865 0.0180576 0.0133433 0.00935286 0.00616181 0.00378126
 0.00862276 0.0139997 0.0210502 0.0296869 0.0395853 0.0500346 0.0599099 0.0679466 0.0732042 0.0753724 0.0747181 0.0718066 0.0672503 0.0615941 0.055287 0.04868 0.0420313 0.0355252 0.0292971 0.0234601 0.0181238 0.0134021 0.00940263 0.00620065 0.00380841
 0.00862475 0.0140032 0.0210558 0.0296946 0.039594 0.0500414 0.0599095 0.0679331 0.073173 0.0753235 0.0746573 0.0717439 0.0671974 0.0615598 0.0552753 0.048689 0.0420557 0.0355586 0.0293342 0.0234975 0.0181598 0.0134355 0.00943213 0.00622478 0.00382622
 0.00863003 0.0140123 0.0210703 0.0297163 0.0396241 0.0500795 0.0599529 0.067976 0.0732076 0.0753415 0.0746525 0.0717145 0.0671474 0.0614981 0.0552131 0.0486365 0.0420187 0.0355382 0.029328 0.0235016 0.0181703 0.0134493 0.0094466 0.00623797 0.00383679
 0.00863003 0.0140123 0.0210703 0.0297163 0.0396241 0.0500795 0.0599529 0.067976 0.0732076 0.0753415 0.0746525 0.0717145 0.0671474 0.0614981 0.0552131 0.0486365 0.0420187 0.0355382 0.029328 0.0235016 0.0181703 0.0134493 0.0094466 0.00623797 0.00383679
 0.00867533 0.014085 0.0211775 0.029863 0.039811 0.0503004 0.0601923 0.0682095 0.0734067 0.0754802 0.0747132 0.0716914 0.067046 0.0613337 0.0550076 0.0484139 0.0418016 0.0353435 0.0291658 0.023375 0.0180775 0.0133855 0.00940588 0.00621407 0.00382411
 0.00865101 0.0140515 0.0211384 0.0298261 0.0397872 0.0503006 0.0602248 0.068278 0.0735081 0.0756043 0.0748436 0.0718085 0.0671314 0.0613751 0.0550013 0.0483656 0.041724 0.0352525 0.0290761 0.0232974 0.0180172 0.0133431 0.00937897 0.00619872 0.00381635
 0.00848202 0.0137828 0.0207471 0.0292992 0.0391296 0.0495445 0.0594361 0.0675509 0.0729451 0.0752871 0.0748105 0.0720475 0.0675893 0.0619753 0.0556629 0.0490192 0.0423205 0.0357651 0.0294968 0.0236302 0.0182721 0.0135318 0.00951276 0.00628871 0.00387306
 0.00876388 0.0142073 0.0213212 0.0300023 0.0399131 0.0503361 0.0601466 0.0680868 0.07323 0.0752854 0.0745408 0.0715752 0.0670029 0.0613588 0.0550772 0.0484965 0.0418696 0.0353823 0.0291751 0.0233644 0.0180596 0.0133699 0.00939704 0.00621187 0.00382607
 0.00876454 0.0142426 0.021436 0.0302547 0.0403541 0.0509793 0.0609448 0.0689329 0.073986 0.075826 0.0747889 0.0715168 0.0666803 0.0608509 0.0544749 0.0478806 0.0412972 0.0348839 0.02876 0.02303 0.0177985 0.0131737 0.00925705 0.00611822 0.00376806
 0.00865757 0.0140716 0.0211873 0.0299263 0.0399663 0.0505846 0.0606282 0.0687921 0.0740931 0.0761885 0.0753366 0.0721265 0.0672241 0.0612405 0.0546812 0.0479264 0.0412338 0.0347658 0.0286291 0.0229107 0.0177007 0.0130991 0.0092032 0.00608176 0.00374512
 0.00875676 0.0142127 0.0213616 0.0301115 0.0401306 0.0506967 0.0606684 0.0687621 0.0740199 0.07612 0.0753239 0.0721984 0.0673689 0.0614075 0.0548046 0.0479562 0.0411555 0.0346 0.0284162 0.0226918 0.0175056 0.0129427 0.00908837 0.00600393 0.00369643
 0.00902724 0.0146495 0.0220102 0.0310029 0.0412646 0.0520202 0.0620615 0.0700495 0.0750146 0.0766817 0.0754027 0.071841 0.0666877 0.0605342 0.0538494 0.0469901 0.040216 0.0337092 0.0275959 0.0219672 0.0168996 0.0124672 0.00874072 0.00576827 0.00354902
 0.00899113 0.0146202 0.0220212 0.0311061 0.0415188 0.0524723 0.0627248 0.0708897 0.0759479 0.0775866 0.0761458 0.0723104 0.0668249 0.0603477 0.0534048 0.0463801 0.0395297 0.0330143 0.026937 0.0213737 0.016392 0.0120585 0.00843385 0.00555525 0.00341325
 0.00880972 0.0143216 0.0215689 0.0304742 0.040711 0.0515436 0.0617949 0.0701276 0.0755244 0.077613 0.0766295 0.0731526 0.0678565 0.0613858 0.0543033 0.0470586 0.0399739 0.0332557 0.0270273 0.0213651 0.0163284 0.0119732 0.0083502 0.00548655 0.0033642
 0.0087409 0.0141897 0.0213336 0.030086 0.040124 0.0507373 0.0607966 0.069025 0.0744596 0.0767558 0.0761376 0.0731264 0.0683055 0.0622219 0.0553671 0.0481703 0.0409833 0.0340732 0.0276261 0.0217649 0.0165714 0.0121064 0.00841423 0.00551189 0.00337098
 0.00867892 0.0140841 0.0211648 0.0298303 0.0397554 0.050233 0.0601457 0.0682387 0.07358 0.0758619 0.0753413 0.0725556 0.0680733 0.0623901 0.0559205 0.0490154 0.0419759 0.035062 0.028494 0.0224492 0.0170623 0.0124292 0.00860978 0.0056212 0.00342731
 0.00873064 0.01416 0.0212629 0.0299409 0.0398605 0.0503062 0.0601529 0.068142 0.073346 0.0754739 0.0748131 0.0719409 0.0674628 0.0618938 0.0556375 0.0490001 0.042218 0.0354906 0.0290053 0.0229434 0.0174715 0.0127268 0.00880223 0.0057327 0.00348537
