SBPRF35
7.78865
Curr Bio
446568
B35
678399
F35
0.212647
FOFL
0.138638
OFL
50186.3
Bzero
2.22533e+006
#pred survey bio
 4.63585e+006 4.41407e+006 4.18408e+006 3.89864e+006 3.5752e+006 3.22744e+006 2.91551e+006 2.595e+006 2.3003e+006 2.00594e+006 1.79164e+006 1.56691e+006 1.40193e+006 1.23611e+006 1.0841e+006 973446 886842 802798 769332 728635 707003 692899 663957 648881 626216 618446 616207 618370 616013 606375 605665 586869 578202 578303 570563 565269 553195 544196 535981 547024 553047 565511 583718 599119 602964 609234 616926 619143 614686 624928 630090 612093 554511 537435 519558 517622 480731 463132 487635 486248 493648 483793 452804 451303 1.60432e+007 9.51626e+006 9.75849e+006 1.06129e+007 1.17935e+007 1.30212e+007 1.41283e+007 1.50451e+007 1.57637e+007 1.63066e+007 1.67067e+007 1.69972e+007 1.7206e+007 1.73555e+007 1.74625e+007 1.75393e+007 1.75945e+007 1.76346e+007 1.76637e+007 1.76851e+007 1.7701e+007 1.77127e+007 1.77215e+007 1.77281e+007 1.77331e+007 1.77369e+007 1.77398e+007 1.77419e+007 1.77436e+007 1.77449e+007 1.77459e+007 1.77466e+007 1.77472e+007 1.77477e+007 1.7748e+007 1.77483e+007 1.77485e+007 1.77487e+007 1.77488e+007 1.77489e+007 1.77489e+007 1.7749e+007 1.7749e+007 1.77491e+007 1.77491e+007 1.77491e+007 1.77491e+007 1.77492e+007 1.77492e+007 1.77492e+007 1.77492e+007 1.77492e+007 1.77492e+007 1.77492e+007 1.77492e+007 1.77492e+007 1.77492e+007 1.77492e+007 1.77492e+007 1.77492e+007 1.77492e+007 1.77492e+007 1.77492e+007 1.77492e+007 1.77492e+007 1.77492e+007 1.77492e+007 1.77492e+007 1.77492e+007 1.77492e+007 1.77492e+007 1.77492e+007 1.77492e+007 1.77492e+007 1.77492e+007 1.77492e+007 1.77492e+007 1.77492e+007 1.77492e+007 1.77492e+007 1.77492e+007 1.77492e+007 1.77492e+007 1.77492e+007 1.77492e+007 1.77492e+007 1.77492e+007 1.77492e+007 1.77492e+007 1.77492e+007 1.77492e+007 1.77492e+007 1.77492e+007 1.77492e+007 1.77492e+007 1.77492e+007 1.77492e+007 1.77492e+007 1.77492e+007 1.77492e+007 0 0 0 0 0 0 0 0 0 0 0 0 0 0 0 0 0 0 0 0 0 0 0 0 0
#obs survey bio
 2.48463e+006 4.01371e+006 3.71951e+006 2.07955e+006 2.59626e+006 3.04796e+006 1.88803e+006 2.11831e+006 1.97258e+006 1.50799e+006 1.66253e+006 1.22851e+006 1.47758e+006 931013 795354 898623 714765 812671 732950 578937 841196 573500 528395 591064 449600 655344 485156 484587 493828 476517 590021 484648 620456 561994 678437 586302 421884 696590 599396 415502 536104 615121 514309 679576 554588 510757 571591 612853 592388 433950 775283 799766 612769 588884 773755 642843 289869 477041 630090 502560 748159 541481 425260 592703
#pred catch bio
 87198.8 92653.4 153101 209102 260070 259002 297449 301871 325046 272800 296729 254780 263121 255821 222838 202646 197481 150824 153202 132911 123379 132806 118481 123001 109475 104590 100594 103529 107609 97734.1 109934 97965.4 87973.6 91702.8 86408.7 91103.9 90813.2 93226.3 79715.7 86257.2 82366.4 79140.9 82835.5 92973 91142.8 90406.9 95116.2 100202 87804.1 92497.7 110994 141017 103965 103218 88645.7 116321 98152.5 62997.6 83722.9 74632.1 87878.5 103137 75700.7 65452.1 50186.3 73375.1 73751.9 78785.8 87204.9 96293.2 104450 111073 116117 119791 122381 124162 125363 126162 126687 127029 127250 127392 127483 127541 127577 127601 127615 127625 127630 127634 127636 127638 127639 127639 127640 127640 127640 127640 127640 127640 127640 127640 127640 127640 127640 127640 127640 127640 127640 127640 127640 127640 127640 127640 127640 127640 127640 127640 127640 127640 127640 127640 127640 127640 127640 127640 127640 127640 127640 127640 127640 127640 127640 127640 127640 127640 127640 127640 127640 127640 127640 127640 127640 127640 127640 127640 127640 127640 127640 127640 127640 127640 127640 127640 127640 127640 127640 127640 127640 127640 127640 127640 127640 127640 0 0 0 0 0 0 0 0 0 0 0 0 0 0 0 0 0 0 0 0 0 0 0 0 0
#obs catch bio
 0 92425.4 153777 210854 263877 262564 304586 309262 334771 279249 306513 261575 269990 264163 230630 210112 205070 154321 157381 135660 124787 134980 120275 125001 111424 106714 102292 105520 109752 99270.1 111838 99611.2 88919.4 93040.1 87344.1 92113.8 91744.8 93891.1 79601.9 86964.2 82820.3 79433.6 83306.6 93235.7 91450.3 90843.8 95421.4 100752 87883.2 92915.3 111124 142119 103740 103374 87912.7 116109 98859.9 62617.4 83901 74353.6 87464.5 103238 75747.2 65374.1
#pred cpue bio
 4.55587e+006 4.33957e+006 4.11392e+006 3.8301e+006 3.50771e+006 3.16156e+006 2.85113e+006 2.53273e+006 2.24044e+006 1.94899e+006 1.73654e+006 1.51443e+006 1.35133e+006 1.18776e+006 1.03789e+006 928837 844164 762841 730900 692114 671772 658593 630753 616236 594279 586599 584486 586781 584822 575944 575783 558120 550244 550886 544040 539548 527402 517207 508282 518711 524500 536596 554262 569255 573057 579092 586544 588780 584565 594512 599572 582240 526372 509665 492537 490886 455099 437804 461886 461460 469018 459505 429473 428413 1.52814e+007 9.08497e+006 9.18371e+006 9.86223e+006 1.0977e+007 1.21883e+007 1.32919e+007 1.42081e+007 1.49266e+007 1.54694e+007 1.58696e+007 1.616e+007 1.63688e+007 1.65183e+007 1.66253e+007 1.67021e+007 1.67573e+007 1.67974e+007 1.68265e+007 1.68479e+007 1.68638e+007 1.68755e+007 1.68843e+007 1.68909e+007 1.68959e+007 1.68997e+007 1.69026e+007 1.69048e+007 1.69064e+007 1.69077e+007 1.69087e+007 1.69095e+007 1.691e+007 1.69105e+007 1.69108e+007 1.69111e+007 1.69113e+007 1.69115e+007 1.69116e+007 1.69117e+007 1.69118e+007 1.69118e+007 1.69119e+007 1.69119e+007 1.69119e+007 1.69119e+007 1.6912e+007 1.6912e+007 1.6912e+007 1.6912e+007 1.6912e+007 1.6912e+007 1.6912e+007 1.6912e+007 1.6912e+007 1.6912e+007 1.6912e+007 1.6912e+007 1.6912e+007 1.6912e+007 1.6912e+007 1.6912e+007 1.6912e+007 1.6912e+007 1.6912e+007 1.6912e+007 1.6912e+007 1.6912e+007 1.6912e+007 1.6912e+007 1.6912e+007 1.6912e+007 1.6912e+007 1.6912e+007 1.6912e+007 1.6912e+007 1.6912e+007 1.6912e+007 1.6912e+007 1.6912e+007 1.6912e+007 1.6912e+007 1.6912e+007 1.6912e+007 1.6912e+007 1.6912e+007 1.6912e+007 1.6912e+007 1.6912e+007 1.6912e+007 1.6912e+007 1.6912e+007 1.6912e+007 1.6912e+007 1.6912e+007 1.6912e+007 1.6912e+007 1.6912e+007 1.6912e+007 1.6912e+007 0 0 0 0 0 0 0 0 0 0 0 0 0 0 0 0 0 0 0 0 0 0 0 0 0
#obs cpue bio
 3.78029e+006 4.59214e+006 2.50673e+006 2.86032e+006 2.62426e+006 2.47107e+006 1.98753e+006 2.55411e+006 2.21903e+006 1.90489e+006 1.2645e+006 1.46764e+006 1.35445e+006 824130 669680 531074 737690 645788 550445 718476 755929 591760 518133 613423 453688 338179 659941 508440 603048 554789 617216 428841 547215 417146 429324 509094 613467 528996 637985 359495 550286 495219 493257 721737 513002 548910 721188 531226 650163 612676 671514 395477 569308 451068 518601 380978 411406 619334 359250 488402 399485 357217 351149 383004
#pred surv len freq
 0.0049175 0.0080262 0.0121574 0.0173133 0.0233758 0.0300165 0.0366733 0.0426938 0.0475843 0.0511745 0.0535907 0.0551077 0.0560091 0.0565099 0.0567226 0.0566487 0.0561947 0.0552072 0.053505 0.0508924 0.0471705 0.0421913 0.0359781 0.0288576 0.0214817
 0.00519611 0.00835674 0.0124348 0.0173803 0.0230852 0.029318 0.0356703 0.0416192 0.0466965 0.0506334 0.0533891 0.0550959 0.0559878 0.0563359 0.0563764 0.0562415 0.0559182 0.0552475 0.0539563 0.0517103 0.0481889 0.0431949 0.0367913 0.0294012 0.0217744
 0.00553327 0.00890159 0.0132389 0.0184641 0.0244042 0.0307314 0.0369396 0.0424686 0.0469265 0.0502227 0.0525078 0.0540084 0.0549117 0.0553557 0.0554619 0.0553385 0.0550344 0.0544737 0.0534161 0.05148 0.0482456 0.0434262 0.0370554 0.0295937 0.0218603
 0.00580051 0.00934375 0.0139194 0.0194479 0.0257445 0.0324427 0.0389625 0.044642 0.04899 0.0518661 0.0534612 0.0541376 0.0542651 0.0541267 0.0538902 0.0536196 0.053292 0.0527918 0.0518783 0.0501714 0.0472197 0.0426776 0.0365267 0.0292118 0.0215709
 0.00604643 0.00974415 0.0145244 0.0203081 0.0269055 0.0339347 0.040784 0.0467436 0.0512624 0.054134 0.0554896 0.0556622 0.0550537 0.0540524 0.0529766 0.0520259 0.0512494 0.0505343 0.0496038 0.0480346 0.0453336 0.0411085 0.0352915 0.0282865 0.0209099
 0.00634164 0.0102133 0.0152111 0.0212475 0.0281214 0.0354331 0.0425458 0.0487197 0.0533762 0.0562864 0.057558 0.0574929 0.0564599 0.0548364 0.0529784 0.0511805 0.0496198 0.0482994 0.0470106 0.0453408 0.0427648 0.038834 0.0334136 0.0268406 0.0198741
 0.00657558 0.0105965 0.015793 0.0220758 0.0292325 0.0368383 0.0442173 0.0505885 0.0553459 0.0582546 0.0594313 0.0591849 0.0578759 0.0558573 0.0534622 0.0509898 0.0486707 0.0466085 0.0447129 0.0426679 0.0399928 0.0362238 0.0311632 0.0250596 0.0185814
 0.00681583 0.0109875 0.0163827 0.0229104 0.0303491 0.0382523 0.0459084 0.052493 0.0573624 0.0602625 0.0613107 0.0608319 0.0592067 0.0568009 0.0539449 0.0509262 0.0479749 0.0452296 0.0426811 0.0401224 0.0371715 0.0334133 0.0286296 0.0229876 0.0170445
 0.00708625 0.0114163 0.0170087 0.0237639 0.0314491 0.0396013 0.0474839 0.0542426 0.0592065 0.0621045 0.0630489 0.0623685 0.0604547 0.0576866 0.0544059 0.0509038 0.0474097 0.0440732 0.0409259 0.0378407 0.0345359 0.0306779 0.0260706 0.0208294 0.0154054
 0.00746047 0.0120068 0.0178633 0.024914 0.032903 0.0413352 0.0494332 0.0563018 0.0612458 0.0639959 0.064688 0.0636823 0.061396 0.0582245 0.0545163 0.0505624 0.0465888 0.042746 0.0390869 0.0355375 0.0318984 0.0279199 0.02345 0.0185783 0.013665
 0.00768596 0.012377 0.018427 0.0257183 0.0339832 0.0426997 0.0510475 0.0580845 0.0630805 0.0657557 0.0662585 0.0649748 0.0623507 0.0588058 0.0547042 0.0503422 0.0459444 0.041661 0.0375574 0.0335974 0.0296463 0.0255276 0.0211374 0.0165568 0.012076
 0.0080261 0.0129137 0.0192049 0.0267684 0.0353189 0.0443092 0.0528839 0.0600596 0.0650716 0.0676233 0.0678689 0.0662194 0.0631575 0.0591431 0.0545745 0.049769 0.0449565 0.0402837 0.0358168 0.0315389 0.0273588 0.0231575 0.0188727 0.0145828 0.0105204
 0.00831271 0.0133644 0.0198544 0.0276393 0.0364177 0.0456219 0.0543703 0.0616516 0.0666808 0.0691543 0.0692315 0.0673334 0.0639551 0.0595716 0.0546014 0.0493848 0.0441721 0.0391247 0.0343204 0.0297606 0.0253856 0.0211169 0.0169231 0.0128793 0.00917202
 0.00868386 0.0139519 0.0207079 0.0287913 0.0378744 0.0473512 0.0562905 0.0636328 0.0685665 0.0707963 0.0705185 0.0682028 0.0643864 0.0595726 0.0541947 0.0485995 0.0430408 0.0376845 0.0326173 0.0278561 0.0233666 0.0190996 0.0150429 0.011264 0.00790688
 0.00899351 0.0144585 0.0214752 0.0298774 0.0393168 0.0491436 0.0583612 0.0658402 0.0707213 0.0727015 0.0720094 0.0691719 0.0647909 0.0594275 0.0535559 0.0475437 0.041648 0.0360282 0.0307655 0.0258801 0.0213514 0.0171484 0.0132693 0.00976894 0.00675187
 0.00906049 0.0145909 0.021719 0.0302929 0.0399676 0.0500778 0.0595903 0.0673252 0.0723719 0.0743868 0.0735763 0.0704687 0.0656929 0.0598574 0.053493 0.0470181 0.0407249 0.03479 0.0292993 0.024274 0.0196975 0.0155455 0.0118164 0.00854937 0.00581361
 0.00901831 0.0145388 0.021673 0.030283 0.0400368 0.0502769 0.0599695 0.0679238 0.0732041 0.0754291 0.07476 0.0716843 0.0668076 0.0607402 0.0540401 0.047171 0.0404763 0.0341783 0.0283953 0.0231679 0.0184891 0.014337 0.0107036 0.00760837 0.0050875
 0.00914764 0.0147269 0.0219157 0.0305641 0.0403355 0.050579 0.0602762 0.0682518 0.0735793 0.0758747 0.075285 0.0722742 0.0674195 0.0613056 0.0544761 0.0473979 0.040437 0.0338526 0.0278046 0.0223701 0.0175678 0.0133869 0.00981527 0.0068527 0.00450386
 0.00907792 0.0146147 0.021749 0.0303328 0.0400345 0.0502126 0.0598645 0.0678357 0.0732201 0.0756463 0.0752588 0.0724994 0.0679045 0.0620078 0.055306 0.0482364 0.0411622 0.0343662 0.0280523 0.0223498 0.0173246 0.012998 0.00936855 0.00642638 0.00415094
 0.00911413 0.0146678 0.0218175 0.0304104 0.0401094 0.0502689 0.0598837 0.0678007 0.0731214 0.0754902 0.075073 0.0723318 0.0678125 0.0620401 0.0554818 0.0485336 0.0415191 0.0346988 0.028281 0.022424 0.0172364 0.0127803 0.0090799 0.00612946 0.00389404
 0.00917392 0.0147407 0.021883 0.0304352 0.0400578 0.0501185 0.0596371 0.0674868 0.0727845 0.0751749 0.0748142 0.0721534 0.0677319 0.0620717 0.0556348 0.0488037 0.0418792 0.0350974 0.0286518 0.022705 0.0173904 0.0128054 0.00900601 0.006003 0.00375958
 0.00922244 0.0148131 0.0219783 0.0305451 0.0401643 0.0501936 0.0596466 0.067399 0.0725844 0.0748759 0.0744593 0.0718027 0.0674442 0.0618889 0.0555776 0.0488727 0.0420581 0.0353536 0.0289387 0.0229706 0.0175904 0.0129171 0.00903336 0.00597062 0.00369943
 0.00932258 0.0149778 0.0222288 0.030899 0.0406284 0.0507527 0.0602548 0.0679802 0.0730469 0.0751366 0.0744688 0.0715598 0.0669959 0.0613165 0.0549734 0.0483183 0.0416083 0.0350307 0.0287346 0.0228552 0.0175246 0.0128664 0.00897783 0.00590687 0.00363497
 0.00941188 0.0151022 0.0223785 0.0310549 0.0407705 0.0508729 0.0603632 0.0680994 0.0731955 0.0753116 0.074639 0.071676 0.0670119 0.0612106 0.0547588 0.0480373 0.0413164 0.0347768 0.0285469 0.0227371 0.0174601 0.0128315 0.00895209 0.00587965 0.00360536
 0.00956967 0.0153494 0.0227317 0.0315186 0.0413319 0.0514962 0.0609886 0.0686527 0.0736087 0.0755452 0.0746902 0.0715681 0.0667749 0.0608675 0.054327 0.0475389 0.0407859 0.0342586 0.0280842 0.0223588 0.0171749 0.01263 0.00881543 0.0057883 0.00354443
 0.00950528 0.0152656 0.0226445 0.0314568 0.0413302 0.0515834 0.0611761 0.0689286 0.0739394 0.0758836 0.0749882 0.0717891 0.0669005 0.0608971 0.0542702 0.0474088 0.0405979 0.034033 0.0278466 0.0221364 0.0169882 0.0124882 0.00871626 0.005723 0.00350297
 0.00947644 0.015208 0.0225397 0.0312854 0.0410823 0.051272 0.0608452 0.0686466 0.0737771 0.0758862 0.0751578 0.072086 0.0672613 0.0612568 0.0545793 0.0476398 0.040743 0.034099 0.0278503 0.0220995 0.0169332 0.0124327 0.00867062 0.00569021 0.00348149
 0.00934448 0.0150156 0.0222903 0.0309942 0.0407695 0.0509536 0.060529 0.0683389 0.0734946 0.0756639 0.0750432 0.0721205 0.0674589 0.0615937 0.0550009 0.0480801 0.0411448 0.0344264 0.0280905 0.0222585 0.0170276 0.0124828 0.00869399 0.00569964 0.00348453
 0.00921549 0.0148183 0.0220175 0.03065 0.0403705 0.050529 0.0601182 0.0679845 0.0732314 0.0755099 0.0749986 0.0721774 0.0676108 0.0618375 0.055328 0.0484678 0.0415554 0.0348167 0.0284251 0.0225183 0.0172112 0.0126014 0.00876449 0.00573833 0.00350421
 0.00915807 0.0147264 0.021882 0.0304643 0.0401327 0.0502448 0.0598043 0.067669 0.0729492 0.0752938 0.0748712 0.072146 0.0676699 0.0619744 0.0555293 0.0487204 0.0418432 0.0351175 0.0287123 0.0227674 0.0174068 0.0127404 0.00885391 0.00579062 0.00353208
 0.00901441 0.0145042 0.0215692 0.030058 0.0396406 0.0496864 0.0592126 0.0670903 0.072438 0.0749036 0.0746435 0.0721032 0.0678115 0.0622788 0.0559594 0.0492318 0.042392 0.0356642 0.029223 0.0232148 0.0177727 0.013018 0.00904827 0.00591573 0.0036059
 0.00899959 0.0144827 0.0215413 0.0300245 0.0396014 0.0496382 0.059148 0.066999 0.0723112 0.0747392 0.0744507 0.071903 0.0676332 0.0621531 0.0559094 0.0492671 0.0425068 0.0358398 0.0294333 0.0234322 0.0179728 0.0131839 0.00917259 0.00599982 0.00365722
 0.00896579 0.0144187 0.021429 0.0298437 0.0393368 0.0492902 0.0587397 0.066575 0.0719244 0.0744342 0.0742523 0.0718153 0.067647 0.062255 0.0560875 0.0495109 0.0428042 0.036174 0.029782 0.0237698 0.0182755 0.0134342 0.00936261 0.00613165 0.00374041
 0.00875421 0.0141049 0.0210122 0.0293414 0.038778 0.0487048 0.058154 0.0660136 0.0714182 0.0740235 0.0739817 0.0717211 0.0677443 0.0625318 0.0565098 0.0500335 0.0433817 0.0367667 0.030356 0.0242966 0.018732 0.0138052 0.0096429 0.00632701 0.0038651
 0.00870161 0.0140042 0.0208342 0.0290537 0.0383574 0.0481546 0.0575147 0.0653578 0.0708274 0.0735612 0.0736791 0.0715823 0.0677606 0.0626924 0.0568019 0.0504374 0.0438679 0.0372979 0.0308935 0.0248047 0.019182 0.0141775 0.00992911 0.00652997 0.00399691
 0.00934712 0.0148999 0.0218972 0.030109 0.0391849 0.048566 0.0574189 0.0647823 0.0698938 0.0724381 0.0725365 0.0705578 0.066942 0.0621162 0.0564646 0.0503119 0.0439154 0.0374752 0.0311551 0.0251062 0.0194836 0.0144483 0.0101497 0.00669338 0.00410675
 0.0099376 0.0158465 0.0232867 0.0319863 0.041512 0.0511767 0.0599994 0.0669182 0.0711915 0.0726673 0.0717111 0.06891 0.0648171 0.0598536 0.0543216 0.0484414 0.0423823 0.036284 0.0302758 0.0244917 0.0190799 0.0142013 0.0100108 0.00662254 0.00407468
 0.00979887 0.0157286 0.0233089 0.032327 0.0423629 0.0526651 0.0621125 0.0694671 0.0738333 0.0749807 0.073302 0.0695194 0.0643924 0.0585529 0.0524462 0.0463317 0.0403262 0.0344708 0.028795 0.0233574 0.0182605 0.0136431 0.00965328 0.00640846 0.00395552
 0.00977105 0.0156613 0.0231743 0.0321051 0.0420716 0.0523936 0.0620313 0.0697865 0.074713 0.0764298 0.0751308 0.0713803 0.0658944 0.0593962 0.0525144 0.0457063 0.0392284 0.0331687 0.02752 0.02226 0.0174058 0.0130318 0.00924904 0.00616094 0.00381545
 0.00965831 0.0154823 0.0229117 0.031744 0.041601 0.0518138 0.0613688 0.0691149 0.0741637 0.0761757 0.0753325 0.0721078 0.0670671 0.0607846 0.0538158 0.0466582 0.0396998 0.0331836 0.0272143 0.0218061 0.0169479 0.0126548 0.00898093 0.00599215 0.00372029
 0.00959982 0.0153944 0.0227924 0.0315948 0.0414244 0.0516099 0.061134 0.0688448 0.0738631 0.0758725 0.0750887 0.0720147 0.0672153 0.061215 0.054479 0.047415 0.0403715 0.0336273 0.0273772 0.0217301 0.0167309 0.0123991 0.00875703 0.00582992 0.00361904
 0.00958374 0.0153552 0.0227099 0.0314442 0.0411849 0.0512764 0.0607263 0.0684051 0.0734431 0.0755173 0.074829 0.0718725 0.0672142 0.0613823 0.0548302 0.047929 0.0409766 0.0342157 0.0278454 0.0220201 0.0168469 0.0123912 0.00868942 0.00575284 0.00355852
 0.00946677 0.0151829 0.022483 0.0311727 0.0408823 0.0509526 0.0603839 0.0680454 0.0730753 0.0751665 0.0745346 0.0716777 0.0671539 0.0614759 0.0550813 0.0483248 0.0414833 0.0347753 0.0283836 0.0224675 0.0171626 0.0125742 0.00876985 0.0057722 0.00355178
 0.00938741 0.0150559 0.0222966 0.0309196 0.0405639 0.0505832 0.0599924 0.0676698 0.0727517 0.074917 0.0743644 0.071583 0.0671333 0.0615366 0.0552351 0.0485795 0.0418329 0.0351945 0.0288287 0.0228858 0.0175082 0.0128226 0.00892274 0.00585095 0.00358417
 0.00943088 0.0151192 0.0223778 0.0310105 0.040651 0.0506489 0.0600186 0.0676421 0.0726633 0.0747723 0.0741778 0.0713742 0.0669225 0.061343 0.055079 0.0484814 0.04181 0.0352528 0.0289568 0.0230556 0.0176837 0.0129721 0.00902914 0.00591364 0.00361377
 0.00938439 0.0150568 0.0223078 0.0309483 0.0406133 0.050646 0.0600481 0.0676883 0.0727036 0.0747856 0.0741521 0.0713094 0.0668291 0.0612378 0.0549803 0.0484071 0.0417754 0.0352679 0.0290228 0.0231622 0.0178105 0.0130952 0.00912973 0.00598343 0.00365479
 0.00931337 0.0149465 0.0221522 0.0307478 0.0403768 0.0503934 0.0598098 0.0674999 0.0725946 0.0747678 0.0742147 0.0714244 0.0669639 0.0613675 0.0550938 0.0485058 0.0418686 0.0353668 0.0291351 0.0232884 0.0179429 0.013221 0.00923606 0.00606259 0.00370637
 0.00926488 0.0148742 0.0220554 0.0306298 0.0402436 0.0502519 0.0596673 0.0673655 0.0724807 0.0746894 0.074185 0.071449 0.0670366 0.0614712 0.0552075 0.0486131 0.0419626 0.0354498 0.0292145 0.0233704 0.0180286 0.0133056 0.00931187 0.00612299 0.00374871
 0.00936086 0.0150089 0.022219 0.0307999 0.0403921 0.0503554 0.0597147 0.0673588 0.0724303 0.0746072 0.0740821 0.0713354 0.0669225 0.0613657 0.0551162 0.0485369 0.0418994 0.0353982 0.0291753 0.0233463 0.0180214 0.0133135 0.00932952 0.00614365 0.00376692
 0.00927752 0.0148897 0.0220689 0.0306322 0.0402223 0.0501933 0.05956 0.067205 0.0722741 0.0744575 0.0739602 0.0712673 0.0669267 0.0614462 0.0552619 0.0487268 0.0421096 0.0356075 0.0293684 0.0235149 0.0181626 0.0134278 0.0094184 0.00620914 0.00381181
 0.00916127 0.0147181 0.0218438 0.030368 0.0399441 0.0499312 0.0593429 0.0670548 0.0721997 0.0744521 0.074005 0.0713413 0.0670169 0.0615514 0.0553879 0.0488781 0.0422832 0.0357929 0.0295518 0.0236835 0.0183078 0.0135456 0.00950867 0.00627423 0.00385557
 0.00918804 0.014765 0.0219204 0.0304848 0.0401097 0.0501474 0.0596011 0.067334 0.0724695 0.0746782 0.0741552 0.0713915 0.0669567 0.0613881 0.0551467 0.0485965 0.0420007 0.0355409 0.0293477 0.0235313 0.0182023 0.0134777 0.0094684 0.0062527 0.00384558
 0.00950762 0.0152714 0.0226562 0.0314756 0.0413533 0.0515999 0.0611649 0.068861 0.0737865 0.0756272 0.0746292 0.0713523 0.0664335 0.0604631 0.0539361 0.04723 0.0406034 0.0342183 0.0281763 0.0225551 0.0174349 0.0129087 0.0090719 0.00599431 0.00368921
 0.009399 0.0151173 0.0224676 0.0312815 0.0411982 0.0515371 0.0612465 0.0691252 0.0742432 0.0762454 0.0753354 0.0720434 0.0670025 0.0608266 0.054053 0.047107 0.0402873 0.03378 0.0276922 0.0220907 0.0170352 0.0125954 0.00884646 0.00584519 0.0035986
 0.00949648 0.0152412 0.0225912 0.031362 0.0411928 0.0514269 0.0610546 0.0689159 0.0741009 0.076243 0.0755074 0.0723741 0.0674308 0.0612641 0.0544092 0.047314 0.0403166 0.0336452 0.0274391 0.02178 0.0167242 0.0123253 0.00863772 0.00569995 0.00350718
 0.00955698 0.0153232 0.0226832 0.0314392 0.0412199 0.0513651 0.0608727 0.0686048 0.073687 0.0757936 0.0751197 0.0721459 0.0674242 0.0614811 0.0547911 0.0477642 0.0407351 0.0339592 0.0276185 0.0218354 0.0166919 0.0122489 0.00855323 0.00562879 0.00345698
 0.00980779 0.0157404 0.0233248 0.0323554 0.0424298 0.0528259 0.0624572 0.0701091 0.0748782 0.0764798 0.0752092 0.0716692 0.0665143 0.0603243 0.0535696 0.0466113 0.0397172 0.0330862 0.0268714 0.0211931 0.0161453 0.0118 0.00820597 0.0053802 0.00329423
 0.00959199 0.0154453 0.0229859 0.0320463 0.042249 0.052871 0.0627953 0.0707534 0.075774 0.0775049 0.0761951 0.0724443 0.0669563 0.0603962 0.0533228 0.0461544 0.0391694 0.0325399 0.0263773 0.0207675 0.0157876 0.0115067 0.00797548 0.00521053 0.00317943
 0.00914476 0.0147157 0.0218897 0.0305218 0.0402916 0.0505771 0.0603918 0.0685773 0.0741898 0.0767903 0.0764522 0.0735767 0.0687146 0.0624633 0.0554027 0.048035 0.0407439 0.033789 0.0273322 0.0214755 0.0162939 0.0118508 0.00819418 0.0053386 0.00324784
 0.00936559 0.0150038 0.0221896 0.0307305 0.040278 0.0502196 0.0596207 0.0674088 0.0727423 0.0752764 0.0751366 0.0727059 0.0684383 0.0627876 0.0561973 0.049091 0.0418492 0.0347865 0.0281413 0.0220804 0.0167174 0.0121301 0.00836671 0.00543727 0.00329924
 0.00934075 0.0149915 0.0222189 0.030835 0.0404727 0.0504717 0.0598335 0.0674392 0.0724543 0.074608 0.0741458 0.0715678 0.0673935 0.0620619 0.0559274 0.0492862 0.042404 0.0355334 0.0289145 0.0227618 0.0172503 0.0125083 0.00861318 0.00558531 0.00338101
 0.00932187 0.0149806 0.0222403 0.0309259 0.0406764 0.0508224 0.0603368 0.0680535 0.073082 0.0751062 0.074363 0.0714003 0.0668381 0.0612324 0.0550192 0.0485033 0.0418853 0.0353153 0.0289419 0.0229326 0.0174651 0.0127003 0.00875376 0.00567379 0.00342979
 0.00919685 0.0148349 0.0221271 0.0309298 0.0408908 0.0513127 0.0611096 0.0690469 0.0741801 0.0761645 0.0752312 0.0719423 0.0669555 0.0608946 0.0542856 0.0475182 0.0408375 0.0343779 0.0282215 0.0224532 0.0171873 0.0125583 0.00868742 0.00564282 0.00341355
 0.00850053 0.0137856 0.0207069 0.0291899 0.038953 0.0493613 0.0593754 0.0677759 0.0735781 0.0763336 0.0761302 0.0733963 0.068708 0.0626767 0.0558783 0.0487934 0.0417706 0.0350268 0.0286826 0.0228137 0.0174967 0.012828 0.00890884 0.00580726 0.00352238
#obs surv len freq
 nan nan nan nan nan nan nan nan nan nan nan nan nan nan nan nan nan nan nan nan nan nan nan nan nan
 0.00448048 0.00734018 0.011169 0.0159852 0.021687 0.0279646 0.0342812 0.0400146 0.0446957 0.0481602 0.0505182 0.0520137 0.0529055 0.0534174 0.0537312 0.0539858 0.0542642 0.0545568 0.0546954 0.0542872 0.0527252 0.0493573 0.0438069 0.0362868 0.0276703
 0.00461229 0.00755535 0.0114942 0.016445 0.022298 0.0287266 0.0351676 0.04097 0.0456427 0.0490142 0.051203 0.0524734 0.0531102 0.0533646 0.0534417 0.053496 0.0536172 0.0537953 0.0538586 0.0534119 0.0518501 0.0485253 0.0430624 0.0356675 0.0271969
 0.0047897 0.0078431 0.011926 0.0170517 0.0231016 0.0297307 0.0363472 0.0422669 0.0469711 0.0502745 0.0522965 0.0533138 0.0536322 0.0535298 0.0532421 0.0529529 0.0527748 0.0527123 0.052601 0.0520502 0.0504598 0.0471873 0.0418571 0.0346613 0.0264265
 0.0049739 0.00814945 0.0123997 0.0177387 0.0240389 0.0309308 0.0377833 0.0438683 0.0486339 0.0518818 0.0537361 0.0544881 0.0544612 0.0539533 0.0532235 0.052483 0.0518746 0.0514316 0.0510154 0.0502571 0.0485754 0.04534 0.0401745 0.0332474 0.02534
 0.00518046 0.00848591 0.0129078 0.0184592 0.0250056 0.0321601 0.0392615 0.045544 0.0504207 0.0536701 0.0554079 0.0559292 0.0555706 0.0546488 0.0534451 0.052195 0.0510692 0.0501341 0.0492889 0.0482062 0.0463436 0.0430992 0.0381006 0.0314872 0.023979
 0.0054177 0.00887215 0.0134901 0.0192815 0.0261005 0.033536 0.0408898 0.0473555 0.0523164 0.0555404 0.057148 0.0574441 0.056774 0.0554615 0.0537965 0.0520285 0.0503493 0.0488565 0.0474928 0.0459856 0.0438521 0.0405388 0.0356903 0.0294169 0.0223652
 0.00564749 0.00925239 0.0140746 0.0201244 0.0272452 0.0349976 0.0426382 0.0493099 0.0543586 0.0575393 0.0589826 0.0590155 0.0580052 0.0562916 0.0541726 0.0519014 0.0496764 0.0476132 0.0456918 0.0436993 0.0412261 0.0377863 0.0330577 0.0271278 0.0205647
 0.00590054 0.00966226 0.0146891 0.0209883 0.0283931 0.0364428 0.0443585 0.0512404 0.0563972 0.0595627 0.0608645 0.0606418 0.0592829 0.0571514 0.054565 0.0517887 0.0490267 0.0464034 0.0439246 0.0414286 0.0385813 0.0349747 0.0303337 0.0247333 0.0186646
 0.0061307 0.0100444 0.0152788 0.0218412 0.0295533 0.0379238 0.0461263 0.0532095 0.0584467 0.0615625 0.0626969 0.0622098 0.0605091 0.0579735 0.0549339 0.0516661 0.0483825 0.0452181 0.0422002 0.0392116 0.0359875 0.0321978 0.0276217 0.0223303 0.0167439
 0.00638066 0.0104511 0.0158916 0.0227073 0.0307095 0.0393832 0.0478633 0.055152 0.0604828 0.0635597 0.064524 0.063754 0.0616851 0.0587243 0.0552244 0.051474 0.0476912 0.0440166 0.040494 0.0370442 0.0334649 0.0294996 0.0249813 0.0199822 0.0148591
 0.00663024 0.0108614 0.0165173 0.023601 0.0319103 0.0408993 0.0496548 0.0571277 0.0625154 0.0655121 0.0662724 0.0651987 0.0627519 0.0593625 0.0554038 0.05118 0.0469191 0.0427689 0.0387864 0.034923 0.0310293 0.0269141 0.0224599 0.0177416 0.0130589
 0.00684837 0.0112196 0.0170634 0.0243821 0.0329643 0.0422403 0.051258 0.0589222 0.0643923 0.0673438 0.067934 0.0665832 0.0637785 0.0599782 0.0555797 0.0509049 0.0461932 0.0416013 0.0371995 0.0329662 0.0287971 0.0245555 0.0201661 0.0157055 0.0114226
 0.00704983 0.0115514 0.0175704 0.0251086 0.0339447 0.0434853 0.0527403 0.0605718 0.0661066 0.0690076 0.0694373 0.0678326 0.064701 0.0605228 0.0557164 0.0506225 0.0454944 0.0405001 0.0357238 0.0311677 0.0267655 0.0224257 0.0181068 0.0138846 0.00996269
 0.00727886 0.0119244 0.0181326 0.0259016 0.0349973 0.0447995 0.0542772 0.0622479 0.0678061 0.0706053 0.0708213 0.068917 0.0654295 0.0608659 0.0556658 0.0501841 0.044684 0.0393408 0.0342496 0.0294323 0.0248536 0.0204583 0.0162304 0.0122419 0.00865494
 0.0074368 0.0121884 0.0185435 0.0265016 0.035821 0.0458599 0.0555513 0.0636718 0.069284 0.0720282 0.0720852 0.0699357 0.0661401 0.0612305 0.0556697 0.0498313 0.0439916 0.0383352 0.0329675 0.0279272 0.0232036 0.0187702 0.0146293 0.0108472 0.00754909
 0.0075395 0.0123538 0.0187901 0.0268479 0.0362847 0.0464553 0.0562843 0.0645336 0.0702471 0.0730444 0.0730895 0.0708526 0.0668944 0.0617573 0.0559221 0.0497833 0.0436373 0.037687 0.0320547 0.0267981 0.0219296 0.0174455 0.013362 0.00973814 0.00666768
 0.00757008 0.0124038 0.0188665 0.026958 0.0364369 0.0466582 0.0565469 0.0648649 0.0706551 0.0735342 0.0736569 0.0714775 0.067536 0.0623557 0.0564078 0.0500902 0.0437148 0.0375081 0.0316198 0.0261362 0.021098 0.016526 0.0124491 0.00892077 0.00600874
 0.00767602 0.0125615 0.0190767 0.0272123 0.0367198 0.0469529 0.0568383 0.0651425 0.0709139 0.073776 0.07389 0.0717138 0.0677833 0.0626101 0.0566468 0.0502737 0.0437932 0.037435 0.0313664 0.0257016 0.0205133 0.0158509 0.0117604 0.00829364 0.00549782
 0.00774527 0.0126721 0.0192385 0.0274311 0.0369937 0.0472683 0.0571684 0.0654511 0.0711665 0.0739525 0.0739922 0.0717625 0.0678085 0.0626376 0.0566886 0.0503222 0.0438215 0.0374042 0.0312379 0.0254521 0.0201463 0.0153992 0.0112783 0.00784063 0.00512077
 0.00776604 0.0127053 0.0192879 0.0275001 0.037086 0.0473865 0.0573127 0.065617 0.071343 0.074123 0.0741389 0.0718727 0.0678804 0.0626806 0.056718 0.0503492 0.0438451 0.0374081 0.0311956 0.0253381 0.0199493 0.0151306 0.0109706 0.00753668 0.00485863
 0.00781829 0.0127798 0.0193806 0.0276013 0.037183 0.0474694 0.0573782 0.0656691 0.0713901 0.074173 0.0741953 0.0719329 0.0679369 0.0627258 0.056748 0.0503649 0.0438489 0.0373982 0.0311626 0.0252676 0.01983 0.0149634 0.0107717 0.00733321 0.00467781
 0.0078442 0.0128211 0.0194406 0.027681 0.0372795 0.0475738 0.0574758 0.0657429 0.0714271 0.0741717 0.0741667 0.0718956 0.0679087 0.0627157 0.0567551 0.0503821 0.0438671 0.0374088 0.031157 0.0252369 0.0197672 0.0148674 0.0106509 0.00720408 0.00455893
 0.00786064 0.0128442 0.0194689 0.0277112 0.0373079 0.0475982 0.0574963 0.0657605 0.071442 0.0741816 0.0741681 0.0718875 0.0678947 0.0627039 0.0567538 0.0503952 0.0438921 0.0374378 0.0311797 0.0252431 0.0197495 0.0148237 0.0105859 0.00712828 0.00448523
 0.00788885 0.0128843 0.0195186 0.0277643 0.0373558 0.0476326 0.0575113 0.0657545 0.0714178 0.0741456 0.0741282 0.0718505 0.0678649 0.0626833 0.0567434 0.0503959 0.0439037 0.0374575 0.0312014 0.0252587 0.0197513 0.0148078 0.0105535 0.0070856 0.00444086
 0.00790381 0.0129086 0.0195546 0.0278135 0.0374172 0.0477011 0.0575774 0.0658055 0.0714423 0.0741376 0.0740904 0.0717927 0.0678001 0.0626231 0.0566955 0.0503634 0.0438864 0.0374528 0.0312048 0.0252642 0.0197528 0.0148005 0.0105363 0.00706112 0.00441409
 0.00789686 0.0128965 0.0195353 0.027785 0.0373791 0.0476555 0.0575297 0.0657633 0.071412 0.074122 0.0740873 0.0717979 0.0678097 0.0626362 0.0567136 0.0503888 0.04392 0.0374931 0.0312482 0.0253056 0.0197868 0.0148233 0.0105466 0.00706067 0.00440676
 0.00787845 0.0128651 0.0194854 0.0277112 0.0372773 0.0475264 0.0573806 0.0656088 0.0712714 0.0740145 0.0740271 0.0717903 0.0678511 0.0627162 0.0568191 0.0505074 0.0440425 0.0376128 0.03136 0.0254048 0.0198694 0.0148863 0.0105896 0.0070858 0.00441846
 0.00788177 0.0128624 0.0194666 0.0276619 0.0371835 0.0473798 0.0571847 0.0653802 0.0710365 0.0738029 0.0738656 0.0716978 0.0678362 0.0627758 0.0569403 0.0506714 0.0442284 0.0378025 0.0315393 0.025564 0.0200022 0.01499 0.0106643 0.00713477 0.00444714
 0.00786995 0.0128458 0.0194457 0.0276375 0.0371542 0.0473401 0.0571244 0.0652879 0.0709057 0.0736389 0.0736868 0.071532 0.0677118 0.0627141 0.0569495 0.0507465 0.0443545 0.0379592 0.0317059 0.0257231 0.0201415 0.0151025 0.010748 0.00719181 0.00448235
 0.00784676 0.012808 0.0193892 0.0275591 0.0370535 0.0472211 0.0569958 0.0651611 0.0707909 0.0735403 0.0736034 0.0714618 0.0676572 0.062684 0.0569562 0.0507995 0.0444548 0.0380983 0.0318678 0.0258891 0.0202949 0.0152316 0.0108473 0.00726147 0.00452682
 0.0078328 0.0127829 0.0193468 0.0274928 0.0369572 0.0470929 0.0568407 0.0649915 0.0706245 0.0733959 0.0734951 0.0713961 0.0676333 0.0626968 0.0570009 0.0508739 0.0445587 0.0382296 0.0320196 0.0260495 0.0204492 0.0153667 0.010955 0.00733949 0.00457804
 0.00778052 0.0126995 0.0192244 0.0273253 0.0367426 0.0468348 0.0565513 0.064692 0.0703427 0.0731607 0.0733314 0.0713197 0.0676483 0.0627959 0.057168 0.051089 0.0448027 0.0384868 0.0322773 0.0262957 0.0206724 0.0155564 0.0111046 0.00744806 0.00464991
 0.0077773 0.0126878 0.0191951 0.027266 0.0366406 0.0466825 0.0563503 0.0644548 0.0700899 0.0729167 0.07312 0.0711616 0.0675591 0.0627838 0.0572324 0.0512207 0.044986 0.0387027 0.0325069 0.0265222 0.0208814 0.0157367 0.0112491 0.00755466 0.00472176
 0.0077292 0.0126121 0.0190856 0.0271181 0.036452 0.0464535 0.0560859 0.0641665 0.0697961 0.0726416 0.07289 0.0710005 0.0674841 0.0628026 0.0573428 0.0514114 0.0452388 0.038995 0.0328146 0.0268223 0.0211546 0.015969 0.0114328 0.00768899 0.00481188
 0.00933455 0.0148596 0.0217989 0.0299096 0.0388355 0.0480245 0.056663 0.0638179 0.068756 0.0711893 0.0712626 0.0693633 0.0659396 0.0614111 0.0561375 0.0504068 0.0444341 0.0383774 0.0323622 0.026508 0.0209491 0.0158441 0.0113634 0.00765458 0.00479726
 0.00931467 0.0151248 0.0227222 0.031954 0.0423525 0.0529815 0.0624711 0.0694274 0.0730295 0.0733494 0.0711479 0.0673694 0.0627442 0.0576841 0.0523764 0.0469089 0.041345 0.0357505 0.0302013 0.0247896 0.0196338 0.0148809 0.010694 0.00721683 0.00453034
 0.00895471 0.0145587 0.021928 0.030982 0.0413793 0.0523476 0.0626405 0.0708234 0.0757845 0.0771171 0.0751457 0.0706753 0.0646814 0.0580551 0.0514346 0.0451443 0.0392515 0.0336907 0.028381 0.0232938 0.0184735 0.0140283 0.0101021 0.00683094 0.00429595
 0.00878802 0.0142739 0.0214746 0.0303078 0.0404504 0.0511833 0.0613579 0.0696659 0.0751005 0.0772639 0.0763308 0.0728083 0.0673399 0.0606228 0.0533501 0.0461153 0.0393134 0.0331072 0.0274815 0.0223485 0.0176451 0.0133832 0.00964342 0.00653029 0.00411394
 0.00875026 0.0142036 0.021351 0.0301023 0.0401289 0.0507133 0.0607208 0.0688767 0.0742307 0.0764601 0.075806 0.0727882 0.0679645 0.0618486 0.0549243 0.0476597 0.0404815 0.03372 0.0275644 0.0220671 0.0172013 0.0129353 0.00927793 0.00627208 0.00395145
 0.00870532 0.0141361 0.021259 0.0299857 0.039986 0.050537 0.0604963 0.068584 0.0738541 0.0760036 0.0753125 0.0723512 0.0677179 0.0619232 0.0553813 0.048438 0.0414015 0.0345541 0.0281365 0.0223179 0.0171851 0.0127655 0.00906439 0.00608528 0.00381844
 0.00869281 0.0141103 0.0212104 0.0299033 0.039861 0.0503677 0.0602914 0.0683592 0.0736241 0.0757743 0.0750816 0.0721201 0.0675087 0.0617889 0.0553931 0.0486501 0.0418103 0.0350827 0.0286602 0.0227211 0.0174105 0.0128262 0.00901869 0.00599819 0.00373523
 0.008685 0.0140984 0.0211936 0.0298801 0.0398283 0.05032 0.0602212 0.06826 0.0734941 0.0756187 0.0749114 0.071948 0.0673472 0.0616536 0.0553085 0.0486491 0.0419203 0.0353041 0.0289545 0.0230211 0.0176503 0.0129702 0.0090712 0.00598982 0.00370135
 0.00866747 0.0140715 0.0211563 0.0298325 0.0397721 0.0502578 0.0601562 0.0681945 0.0734288 0.075552 0.0748404 0.071871 0.0672668 0.0615768 0.0552479 0.0486217 0.0419449 0.0353931 0.029104 0.0232061 0.0178323 0.0131139 0.00915942 0.00602708 0.00370532
 0.00865717 0.014055 0.021132 0.0297994 0.0397298 0.0502075 0.0601008 0.0681386 0.0733771 0.0755076 0.0748037 0.0718398 0.067237 0.0615462 0.0552181 0.0486 0.0419427 0.0354224 0.0291708 0.0233051 0.0179462 0.0132202 0.00924018 0.00607579 0.00372681
 0.00864624 0.0140367 0.0211034 0.0297576 0.0396731 0.0501363 0.0600189 0.068053 0.0732971 0.0754421 0.0747588 0.0718176 0.0672355 0.0615603 0.055242 0.0486298 0.0419786 0.0354682 0.0292313 0.0233811 0.0180322 0.013305 0.0093117 0.00612667 0.00375669
 0.00863367 0.0140189 0.0210813 0.0297335 0.0396492 0.0501138 0.0599964 0.0680279 0.0732668 0.0754063 0.0747205 0.0717818 0.0672077 0.0615442 0.0552385 0.0486376 0.041996 0.0354945 0.029267 0.0234266 0.0180855 0.0133605 0.00936231 0.0061664 0.00378321
 0.00863688 0.0140214 0.0210802 0.0297249 0.0396298 0.0500827 0.059957 0.0679864 0.0732298 0.0753776 0.0747 0.071767 0.0671964 0.061536 0.0552347 0.0486403 0.0420063 0.0355128 0.0292931 0.0234597 0.0181236 0.0134006 0.00939991 0.00619747 0.00380556
 0.00862786 0.0140088 0.0210649 0.0297086 0.039614 0.0500674 0.0599402 0.0679654 0.073203 0.0753468 0.0746696 0.0717426 0.0671815 0.0615313 0.055239 0.0486514 0.0420231 0.0355346 0.0293196 0.0234902 0.0181568 0.0134341 0.00943093 0.00622332 0.00382472
 0.00862341 0.0140028 0.0210582 0.0297029 0.0396115 0.0500701 0.0599491 0.0679794 0.0732191 0.07536 0.0746752 0.0717376 0.0671664 0.0615096 0.0552155 0.0486307 0.0420078 0.0355262 0.0293183 0.0234958 0.0181681 0.0134493 0.00944733 0.00623854 0.00383695
 0.00862341 0.0140028 0.0210582 0.0297029 0.0396115 0.0500701 0.0599491 0.0679794 0.0732191 0.07536 0.0746752 0.0717376 0.0671664 0.0615096 0.0552155 0.0486307 0.0420078 0.0355262 0.0293183 0.0234958 0.0181681 0.0134493 0.00944733 0.00623854 0.00383695
 0.00880582 0.0142881 0.0214655 0.0302391 0.0402665 0.0508116 0.0607184 0.0686958 0.0737945 0.0757218 0.0747835 0.071592 0.0668009 0.0609808 0.0545892 0.0479706 0.0413672 0.0349433 0.0288166 0.0230856 0.0178499 0.0132158 0.00928653 0.00613529 0.0037756
 0.00905193 0.0146998 0.0221039 0.031161 0.0415033 0.0523397 0.0624356 0.0704242 0.0753174 0.0768402 0.0753653 0.0715931 0.0662607 0.060001 0.0533069 0.0465315 0.0399044 0.0335631 0.0275925 0.0220591 0.0170346 0.0126041 0.00885481 0.0058506 0.00360146
 0.00892227 0.0145165 0.0218818 0.0309382 0.0413402 0.0523103 0.0626141 0.0708638 0.0760256 0.0777592 0.0763728 0.0725299 0.0669752 0.0603912 0.0533421 0.0462486 0.0393871 0.0329148 0.0269114 0.0214227 0.0164925 0.0121783 0.00854555 0.00564296 0.00347304
 0.00899113 0.014602 0.0219629 0.0309828 0.0413187 0.052216 0.0624781 0.0707537 0.0760252 0.0779367 0.076751 0.073072 0.0675903 0.0609587 0.053748 0.046419 0.0393061 0.0326218 0.0264816 0.0209411 0.0160322 0.011788 0.00824674 0.00543496 0.00334116
 0.00896932 0.0145731 0.0219301 0.0309499 0.0412847 0.0521704 0.0624016 0.0706289 0.0758547 0.0777565 0.0766277 0.0730777 0.067768 0.0612973 0.05418 0.046845 0.0396313 0.032788 0.0264812 0.0208095 0.0158274 0.0115675 0.00805216 0.00528656 0.0032412
 0.00929035 0.0150698 0.0226292 0.0318545 0.0423692 0.0533744 0.0636254 0.0717381 0.0767026 0.078222 0.0766518 0.0726836 0.0670537 0.0604028 0.0532423 0.0459592 0.0388363 0.0320784 0.0258355 0.0202153 0.0152908 0.0111071 0.00768529 0.00501888 0.00306373
 0.00919661 0.0149569 0.022532 0.0318299 0.0424802 0.053666 0.0641027 0.0723602 0.0773926 0.078886 0.0771985 0.0730406 0.0671816 0.0603044 0.0529615 0.0455656 0.0384 0.0316496 0.0254372 0.0198521 0.0149631 0.0108199 0.00744757 0.00483744 0.00293798
 0.00872164 0.0141888 0.0213906 0.0302622 0.040494 0.0513701 0.0617306 0.0702444 0.075879 0.078223 0.0774595 0.0741176 0.06884 0.062264 0.0549666 0.0474284 0.0400131 0.0329731 0.0264749 0.0206294 0.0155145 0.0111852 0.00767021 0.00496039 0.00299872
 0.00894068 0.0144721 0.0216801 0.0304529 0.0404553 0.050986 0.0609431 0.0690839 0.0744733 0.076781 0.0762272 0.0733128 0.068587 0.0625596 0.0556929 0.0484042 0.041055 0.0339404 0.0272863 0.0212564 0.0159643 0.0114843 0.00785266 0.00506095 0.00304774
 0.00898069 0.0145704 0.0218845 0.0308143 0.0409974 0.0516659 0.061629 0.0695759 0.074573 0.0763776 0.0753549 0.0721463 0.0673816 0.0615625 0.0550681 0.0481954 0.0411968 0.0343043 0.0277352 0.0216844 0.0163119 0.0117332 0.00801179 0.00515165 0.0030933
 0.00901349 0.0146241 0.0219681 0.0309421 0.0411916 0.0519552 0.0620376 0.0701005 0.0751566 0.0769011 0.0756638 0.0721119 0.0669662 0.0608484 0.0542289 0.0474257 0.040639 0.0340091 0.0276681 0.0217636 0.0164513 0.0118705 0.00811635 0.00521783 0.00312877
 0.00909409 0.0147579 0.0221736 0.0312363 0.0415841 0.0524413 0.0625932 0.0706854 0.075723 0.0774005 0.0760454 0.0723174 0.0669342 0.0605391 0.0536565 0.0466732 0.0398379 0.0332921 0.0271226 0.0214116 0.0162615 0.0117879 0.00808966 0.00521272 0.00312853
 0.00889156 0.0144476 0.021744 0.030694 0.040958 0.0517849 0.0619836 0.0702137 0.0754738 0.0774265 0.0763494 0.072849 0.0676018 0.0612299 0.054263 0.0471215 0.0401087 0.0334204 0.0271738 0.0214477 0.0163165 0.0118645 0.0081722 0.00528415 0.00317992
#pred catch len freq
 0.00475514 0.00750143 0.0108971 0.0148403 0.0192663 0.0241308 0.0293371 0.0346946 0.039955 0.0448792 0.0492793 0.053034 0.0560889 0.0584418 0.060105 0.0610666 0.061271 0.0606241 0.0590027 0.0562549 0.0522074 0.0467274 0.0398594 0.0319759 0.0238048
 0.00505596 0.00788221 0.0112747 0.0150826 0.0192431 0.0237863 0.0287367 0.0340075 0.0393713 0.0445111 0.0491069 0.0529248 0.0558764 0.0580164 0.0594767 0.0603726 0.0607274 0.060437 0.0592772 0.0569448 0.0531337 0.0476578 0.0406055 0.0324543 0.0240372
 0.00542406 0.00845421 0.0120787 0.0161074 0.0204189 0.0249715 0.0297285 0.0345941 0.0394193 0.0440379 0.0482785 0.0519667 0.0549544 0.0571723 0.0586579 0.0595238 0.0598707 0.0596853 0.0587744 0.0567778 0.0532768 0.0479851 0.0409582 0.0327155 0.024168
 0.00574741 0.00896537 0.0128226 0.01712 0.0217232 0.0265661 0.0315624 0.0365381 0.0412559 0.0454938 0.0491047 0.0520329 0.0543009 0.0559784 0.0571476 0.0578777 0.0582027 0.0580775 0.0573154 0.0555595 0.0523552 0.0473484 0.0405366 0.0324234 0.023944
 0.00606195 0.00945673 0.013527 0.0180638 0.0229262 0.0280437 0.0333193 0.0385511 0.0434504 0.047722 0.0511404 0.0536003 0.0551438 0.0559452 0.0562462 0.0562648 0.0561165 0.0557634 0.0549834 0.0533748 0.0504373 0.0457653 0.0393012 0.0315049 0.0232905
