SBPRF35
7.78865
Curr Bio
575924
B35
644395
F35
0.223866
FOFL
0.195813
OFL
84846.6
Bzero
2.22533e+006
#pred survey bio
 3.59646e+006 3.22617e+006 2.87551e+006 2.53293e+006 2.23117e+006 1.93016e+006 1.70401e+006 1.48546e+006 1.29821e+006 1.16806e+006 1.02737e+006 913048 825839 774544 732029 694468 665769 635303 611633 594209 572616 569870 561661 554389 548713 548063 550319 559485 557472 559113 559822 551366 547684 537176 531015 528967 534011 529058 530370 536616 550652 548133 546618 554447 560871 567765 575140 540560 554352 548944 571243 564762 549473 542025 520345 512874 549546 576662 562712 576264 1.98743e+007 1.23798e+007 1.29347e+007 1.36579e+007 1.44263e+007 1.51334e+007 1.57298e+007 1.62052e+007 1.65702e+007 1.68434e+007 1.70448e+007 1.71918e+007 1.72988e+007 1.73767e+007 1.74335e+007 1.74751e+007 1.75058e+007 1.75285e+007 1.75455e+007 1.75582e+007 1.75677e+007 1.7575e+007 1.75804e+007 1.75846e+007 1.75878e+007 1.75903e+007 1.75922e+007 1.75936e+007 1.75947e+007 1.75956e+007 1.75962e+007 1.75967e+007 1.75971e+007 1.75974e+007 1.75976e+007 1.75978e+007 1.7598e+007 1.75981e+007 1.75982e+007 1.75982e+007 1.75983e+007 1.75983e+007 1.75983e+007 1.75984e+007 1.75984e+007 1.75984e+007 1.75984e+007 1.75984e+007 1.75984e+007 1.75984e+007 1.75984e+007 1.75984e+007 1.75984e+007 1.75984e+007 1.75984e+007 1.75985e+007 1.75985e+007 1.75985e+007 1.75985e+007 1.75985e+007 1.75985e+007 1.75985e+007 1.75985e+007 1.75985e+007 1.75985e+007 1.75985e+007 1.75985e+007 1.75985e+007 1.75985e+007 1.75985e+007 1.75985e+007 1.75985e+007 1.75985e+007 1.75985e+007 1.75985e+007 1.75985e+007 1.75985e+007 1.75985e+007 1.75985e+007 1.75985e+007 1.75985e+007 1.75985e+007 1.75985e+007 1.75985e+007 1.75985e+007 1.75985e+007 1.75985e+007 1.75985e+007 1.75985e+007 1.75985e+007 1.75985e+007 1.75985e+007 1.75985e+007 1.75985e+007 1.75985e+007 1.75985e+007 1.75985e+007 1.75985e+007 1.75985e+007 1.75985e+007 0 0 0 0 0 0 0 0 0 0 0 0 0 0 0 0 0 0 0 0 0 0 0 0 0
#obs survey bio
 2.67988e+006 3.4828e+006 1.68731e+006 2.20586e+006 1.84668e+006 1.82706e+006 1.24064e+006 1.23407e+006 935232 990015 1.12697e+006 621824 667020 659017 642543 684066 902070 536518 492776 525274 574566 627660 392941 424486 441464 541990 559676 341602 638894 513725 527450 622748 641451 730300 655107 503320 707907 483117 434651 466781 570213 461319 419646 536899 702875 607599 525776 622238 500148 738725 571776 571366 641374 507940 407360 536497 687066 541198 497013 596670
#pred catch bio
 248953 266101 295588 291679 319493 275129 285967 271698 231545 246742 226096 203464 172492 162701 153610 140252 136511 127105 119369 120439 102127 104570 101862 99145.1 94282.7 91907.7 86706.8 96067.3 91204.3 89023.5 92882.6 86662.5 93703.5 92127.6 89950.5 84927.4 93811.8 89023.8 86633.2 82488.8 97760.8 96980.5 89311.6 90720.1 90486.3 90693.6 125331 83992.5 100449 76785.1 100866 107489 101106 113842 102911 68815.5 79631.2 114659 93887.7 115828 84846.6 98920.2 102421 107178 112591 117606 121744 124925 127253 128897 130027 130786 131289 131618 131830 131966 132053 132108 132143 132165 132179 132187 132192 132196 132198 132199 132200 132200 132201 132201 132201 132201 132201 132201 132201 132201 132201 132201 132201 132201 132201 132201 132201 132201 132201 132201 132201 132201 132201 132201 132201 132201 132201 132201 132201 132201 132201 132201 132201 132201 132201 132201 132201 132201 132201 132201 132201 132201 132201 132201 132201 132201 132201 132201 132201 132201 132201 132201 132201 132201 132201 132201 132201 132201 132201 132201 132201 132201 132201 132201 132201 132201 132201 132201 132201 132201 132201 132201 132201 132201 0 0 0 0 0 0 0 0 0 0 0 0 0 0 0 0 0 0 0 0 0 0 0 0 0
#obs catch bio
 224223 266586 297617 293812 324150 278404 290641 276266 235995 252639 230958 208520 176743 166776 156589 141940 136686 128113 120588 122040 103351 105030 102618 99761 94912.2 92589 87237.3 97577.9 92250 89850.1 93538.7 86846 93583.8 91413.5 88929.2 84212.3 93152.9 88447.5 86288.3 82498.2 97872.2 97220.2 89443 90758.2 90154.4 90056 126233 83479.7 100941 76334.7 100454 107145 100192 113217 103136 68578.4 79260.5 114863 93103.3 116026
#pred cpue bio
 3.53456e+006 3.16626e+006 2.8171e+006 2.47568e+006 2.17569e+006 1.87701e+006 1.65262e+006 1.43611e+006 1.25056e+006 1.12151e+006 982923 870507 784806 734704 694038 658660 631895 602895 580005 563195 542498 540356 532881 526020 520608 519973 522108 530952 529219 531489 533162 525811 522076 510717 503986 501924 506868 502059 503092 508666 521949 519459 518014 525715 532119 538862 545901 512136 525411 520443 542494 536332 521149 513418 491803 483977 519484 546250 532491 544427 1.87413e+007 1.16841e+007 1.21862e+007 1.28461e+007 1.3593e+007 1.42954e+007 1.4891e+007 1.53663e+007 1.57312e+007 1.60045e+007 1.62058e+007 1.63529e+007 1.64599e+007 1.65378e+007 1.65946e+007 1.66362e+007 1.66669e+007 1.66896e+007 1.67065e+007 1.67192e+007 1.67288e+007 1.6736e+007 1.67415e+007 1.67457e+007 1.67489e+007 1.67513e+007 1.67532e+007 1.67546e+007 1.67557e+007 1.67566e+007 1.67573e+007 1.67578e+007 1.67582e+007 1.67585e+007 1.67587e+007 1.67589e+007 1.6759e+007 1.67591e+007 1.67592e+007 1.67593e+007 1.67593e+007 1.67594e+007 1.67594e+007 1.67594e+007 1.67594e+007 1.67595e+007 1.67595e+007 1.67595e+007 1.67595e+007 1.67595e+007 1.67595e+007 1.67595e+007 1.67595e+007 1.67595e+007 1.67595e+007 1.67595e+007 1.67595e+007 1.67595e+007 1.67595e+007 1.67595e+007 1.67595e+007 1.67595e+007 1.67595e+007 1.67595e+007 1.67595e+007 1.67595e+007 1.67595e+007 1.67595e+007 1.67595e+007 1.67595e+007 1.67595e+007 1.67595e+007 1.67595e+007 1.67595e+007 1.67595e+007 1.67595e+007 1.67595e+007 1.67595e+007 1.67595e+007 1.67595e+007 1.67595e+007 1.67595e+007 1.67595e+007 1.67595e+007 1.67595e+007 1.67595e+007 1.67595e+007 1.67595e+007 1.67595e+007 1.67595e+007 1.67595e+007 1.67595e+007 1.67595e+007 1.67595e+007 1.67595e+007 1.67595e+007 1.67595e+007 1.67595e+007 1.67595e+007 1.67595e+007 0 0 0 0 0 0 0 0 0 0 0 0 0 0 0 0 0 0 0 0 0 0 0 0 0
#obs cpue bio
 2.73691e+006 2.68974e+006 2.94056e+006 2.17316e+006 1.7766e+006 1.52188e+006 1.83404e+006 1.45473e+006 883203 1.09785e+006 727303 761910 563794 617600 810977 758390 858266 414427 511875 510786 362986 852767 538121 674186 534353 452291 433741 454668 458931 566285 694450 549842 693380 633921 628432 441573 435139 539773 560025 368708 594841 522893 633013 625761 598738 576915 377929 585162 445718 521712 725007 498231 638530 542324 428365 440238 587417 534523 812910 358895
#pred surv len freq
 0.00514763 0.00831959 0.0124532 0.0175144 0.0233865 0.0297967 0.0362731 0.0422396 0.0472162 0.0509699 0.0535187 0.0550354 0.0557491 0.0558836 0.0556191 0.055072 0.0542955 0.0532881 0.0519805 0.0501917 0.047598 0.0437957 0.0385026 0.0318164 0.0243366
 0.00562802 0.00901938 0.0133618 0.0185858 0.0245732 0.0310919 0.037726 0.0439194 0.049138 0.0530287 0.0554807 0.0566026 0.0566652 0.0560231 0.0550189 0.0538981 0.0527682 0.0516006 0.0502431 0.0484248 0.0457745 0.0419087 0.0366148 0.0300566 0.0228478
 0.00587338 0.00946555 0.0141152 0.0197604 0.026248 0.0332553 0.0402432 0.0465596 0.0516579 0.055259 0.0573501 0.0580857 0.0577075 0.0565152 0.0548409 0.0529956 0.0511982 0.0495154 0.0478301 0.0458466 0.0431488 0.0393302 0.0341897 0.027911 0.0210974
 0.00615566 0.00990785 0.0147556 0.0206382 0.0274137 0.0347743 0.0421782 0.0489267 0.0543765 0.0581301 0.0600913 0.0604121 0.0594091 0.0574821 0.0550357 0.0524156 0.0498676 0.0475052 0.0452725 0.0429232 0.0400618 0.0362798 0.031363 0.02547 0.0191541
 0.00641296 0.0103263 0.015385 0.021524 0.0285883 0.0362461 0.0439241 0.0508972 0.0565103 0.0603627 0.0623415 0.0625567 0.0612736 0.0588668 0.0557645 0.0523755 0.0490219 0.0458879 0.0429831 0.0401239 0.0369685 0.0331406 0.0284245 0.0229377 0.0171566
 0.00675199 0.0108658 0.0161762 0.022609 0.029995 0.037979 0.0459509 0.0531394 0.0588486 0.0626578 0.0644611 0.0643933 0.0627439 0.0598956 0.0562682 0.0522627 0.0482144 0.0443523 0.0407565 0.0373278 0.0338065 0.0298762 0.0253381 0.0202706 0.0150591
 0.00704864 0.0113342 0.0168561 0.0235298 0.0311739 0.0394164 0.0476226 0.0549915 0.060799 0.0646055 0.0662979 0.0660148 0.0640589 0.06083 0.0567614 0.052258 0.0476545 0.04319 0.0389826 0.0350036 0.0310829 0.0269847 0.0225488 0.0178287 0.0131256
 0.00742836 0.0119365 0.017734 0.0247218 0.0326962 0.0412516 0.0497076 0.0572145 0.0630145 0.066662 0.0680644 0.0673958 0.0649965 0.0612977 0.0567536 0.0517767 0.0466985 0.0417535 0.0370695 0.0326569 0.0284145 0.0241834 0.0198526 0.0154664 0.0112529
 0.00776093 0.012474 0.0185369 0.0258441 0.0341742 0.0430872 0.0518495 0.0595495 0.0653797 0.0688727 0.0699477 0.0688167 0.0658728 0.0616032 0.0565071 0.0510235 0.0454892 0.0401315 0.0350741 0.0303424 0.025877 0.0215757 0.01737 0.0133012 0.00953937
 0.00789559 0.0127038 0.0189043 0.0263985 0.0349655 0.0441531 0.0531992 0.0611517 0.0671584 0.0707131 0.0717085 0.0703493 0.0670439 0.0623157 0.056712 0.0507188 0.0447077 0.0389248 0.0335028 0.0284789 0.0238188 0.0194556 0.0153484 0.0115344 0.00813717
 0.0081956 0.0131738 0.0195794 0.0273013 0.0361052 0.0455228 0.0547691 0.0628625 0.0689208 0.0724159 0.0732313 0.0715771 0.0678807 0.0626956 0.0566055 0.0501334 0.043682 0.03752 0.0317944 0.0265547 0.0217823 0.0174297 0.013468 0.00992299 0.00687583
 0.00848486 0.013632 0.0202458 0.028203 0.0372511 0.0468947 0.0563134 0.0644899 0.0705197 0.0738738 0.0744533 0.0724926 0.0684419 0.0628733 0.0563878 0.0495265 0.0427116 0.036231 0.0302502 0.024836 0.0199864 0.0156682 0.0118558 0.00855855 0.00581868
 0.0085738 0.0137989 0.0205381 0.0286785 0.0379641 0.0478738 0.0575409 0.0658942 0.0719875 0.0752748 0.0756662 0.0734239 0.0690339 0.0631032 0.05626 0.0490622 0.0419423 0.0351967 0.0290019 0.0234396 0.0185247 0.0142365 0.0105508 0.00746042 0.00497304
 0.00841834 0.0135723 0.0202483 0.0283563 0.0376637 0.0476682 0.0575124 0.0661184 0.0725097 0.0760874 0.0766998 0.0745599 0.0701345 0.0640431 0.0569482 0.0494481 0.0420116 0.0349632 0.0285017 0.0227285 0.0176764 0.0133378 0.00969071 0.00671425 0.00438739
 0.00828119 0.0133562 0.0199372 0.027944 0.0371599 0.0471062 0.0569556 0.0656576 0.0722472 0.0761107 0.0770542 0.0752304 0.0710451 0.0650725 0.0579579 0.0503124 0.0426399 0.0353095 0.0285631 0.022538 0.0172944 0.0128421 0.00916391 0.00622873 0.00399202
 0.00824303 0.0132838 0.0198092 0.0277344 0.0368446 0.0466746 0.0564217 0.0650666 0.0716731 0.0756449 0.0767881 0.0752348 0.0713494 0.0656518 0.0587329 0.0511669 0.043448 0.0359647 0.0289985 0.0227343 0.0172762 0.0126658 0.00890082 0.00594748 0.00374388
 0.00841453 0.0135143 0.020066 0.0279551 0.0369518 0.0466007 0.0561324 0.0645715 0.0710238 0.074925 0.0761 0.0746839 0.0710251 0.0656075 0.0589717 0.0516378 0.044057 0.0365977 0.02955 0.0231321 0.0174934 0.0127191 0.00883685 0.00582332 0.00360922
 0.00859007 0.0137958 0.0204789 0.028511 0.0376349 0.0473528 0.0568467 0.0651089 0.0712544 0.0747769 0.0755899 0.0739119 0.0701405 0.0647652 0.058295 0.0511956 0.0438562 0.0365909 0.0296565 0.0232656 0.017588 0.0127438 0.00879503 0.00574019 0.00351536
 0.00865298 0.0139015 0.0206451 0.0287574 0.0379806 0.0478085 0.0574036 0.0657274 0.0718582 0.0752615 0.0758479 0.0738697 0.0697904 0.0641744 0.0575848 0.0505007 0.0432832 0.0361926 0.0294284 0.0231622 0.0175491 0.0127191 0.00875776 0.00568681 0.00345597
 0.00861186 0.0138457 0.0205821 0.0287032 0.0379572 0.0478407 0.0575141 0.0659314 0.0721572 0.0756358 0.0762507 0.0742302 0.0700305 0.0642352 0.0574523 0.0502145 0.0429216 0.0358414 0.0291496 0.0229778 0.0174457 0.0126656 0.00872433 0.00565648 0.00342478
 0.00855132 0.013761 0.0204805 0.0286012 0.0378779 0.0478081 0.0575476 0.066043 0.0723493 0.0759001 0.0765665 0.0745637 0.0703363 0.0644627 0.0575585 0.0501792 0.0427584 0.0355952 0.02888 0.0227369 0.0172615 0.0125405 0.00864484 0.0056056 0.00339021
 0.00855342 0.0137293 0.0203698 0.0283523 0.0374391 0.0471658 0.0567503 0.0652003 0.0716032 0.075381 0.0763574 0.074684 0.0707454 0.0650763 0.0582696 0.0508822 0.0433711 0.0360734 0.0292197 0.0229622 0.0174072 0.0126362 0.00870887 0.00564711 0.00341447
 0.00860245 0.0138107 0.0204922 0.0285166 0.0376281 0.0473349 0.0568284 0.0651103 0.071299 0.074882 0.0757553 0.0741135 0.0703326 0.0648947 0.0583225 0.0511147 0.0436988 0.0364134 0.0295129 0.0231822 0.0175549 0.0127277 0.00876284 0.00567797 0.00343134
 0.00865561 0.013889 0.0205953 0.0286403 0.0377664 0.0474822 0.0569773 0.0652443 0.071386 0.0748769 0.0756179 0.0738348 0.069953 0.0644962 0.0579976 0.0509278 0.0436641 0.0364986 0.0296617 0.0233406 0.017688 0.0128227 0.00882264 0.00571203 0.00344916
 0.00873681 0.0140087 0.0207522 0.0288247 0.0379618 0.0476697 0.0571391 0.065367 0.0714604 0.0748969 0.0755772 0.0737249 0.0697679 0.0642431 0.0577061 0.0506465 0.0434435 0.0363694 0.0296238 0.0233686 0.017747 0.012884 0.00887068 0.00574328 0.00346671
 0.00877072 0.0140617 0.0208276 0.028923 0.0380794 0.0477974 0.0572621 0.0654669 0.0715211 0.0749099 0.075544 0.0736541 0.0696686 0.0641212 0.0575655 0.0504959 0.0432998 0.0362549 0.0295558 0.0233505 0.0177677 0.0129241 0.00891267 0.00577673 0.00348875
 0.00880656 0.0141125 0.0208904 0.0289906 0.0381429 0.0478498 0.0573005 0.0654922 0.0715349 0.0749121 0.0755324 0.0736266 0.069625 0.0640636 0.0574976 0.0504216 0.0432247 0.0361869 0.0295049 0.0233242 0.0177668 0.0129423 0.00893952 0.00580279 0.00350868
 0.00855473 0.0137546 0.020447 0.0285122 0.037695 0.0474887 0.0570554 0.0653634 0.0715059 0.0749652 0.0756555 0.0738118 0.0698626 0.0643379 0.0577879 0.0507069 0.0434879 0.036418 0.029701 0.0234879 0.0179023 0.0130528 0.00902639 0.00586687 0.00355204
 0.00832292 0.0134017 0.0199631 0.0279105 0.037016 0.0468003 0.0564479 0.0649322 0.0713227 0.0750497 0.0759674 0.0742694 0.0703776 0.0648434 0.0582478 0.0511087 0.0438313 0.0367064 0.0299387 0.0236799 0.0180543 0.0131704 0.00911439 0.00592963 0.00359387
 0.00806094 0.0129921 0.0193778 0.0271377 0.0360652 0.0457106 0.0552958 0.0638322 0.0704126 0.0744594 0.0757842 0.0745121 0.0709913 0.0657185 0.0592534 0.0521272 0.0447787 0.0375358 0.0306322 0.0242372 0.0184854 0.0134901 0.00934047 0.00608071 0.00368836
 0.00794096 0.0127828 0.019037 0.0266186 0.0353291 0.044746 0.0541373 0.0625673 0.0691707 0.073388 0.075021 0.0741595 0.0710958 0.0662588 0.0601436 0.0532378 0.0459685 0.0386832 0.0316527 0.0250872 0.0191536 0.0139875 0.00969019 0.00631186 0.0038309
 0.0085098 0.0135766 0.0199877 0.0275766 0.0360993 0.0451491 0.0540642 0.0620018 0.0681817 0.0721071 0.0736171 0.0728139 0.0699736 0.065481 0.0597663 0.0532452 0.0462844 0.0391956 0.0322451 0.0256636 0.019652 0.0143801 0.00997516 0.00650329 0.00394984
 0.00893306 0.0142604 0.0210004 0.0289563 0.0378193 0.0470789 0.0559518 0.0635117 0.068994 0.0720348 0.0726758 0.0712055 0.0680054 0.0634693 0.0579656 0.0518145 0.0452829 0.0385982 0.0319703 0.0256065 0.0197134 0.014485 0.0100782 0.00658415 0.00400463
 0.00883709 0.0141911 0.0210575 0.0292885 0.0385879 0.0483943 0.0578091 0.0657543 0.0713241 0.0740718 0.0740498 0.0716625 0.0674852 0.0621204 0.0560873 0.0497559 0.043345 0.0369762 0.0307423 0.0247575 0.0191739 0.0141678 0.00990446 0.00649477 0.00396118
 0.00875905 0.014053 0.0208356 0.0289721 0.0382044 0.048037 0.0576429 0.0659784 0.0720887 0.0753864 0.0757374 0.0733949 0.0688895 0.0629073 0.0561432 0.0491617 0.0423228 0.0357955 0.0296323 0.0238571 0.0185271 0.0137506 0.00966064 0.00636472 0.00389747
 0.0087469 0.0140267 0.0207827 0.028874 0.0380381 0.0477832 0.0573018 0.0655901 0.071749 0.075237 0.0759202 0.0739795 0.0698138 0.0639748 0.0570907 0.0497651 0.0424822 0.0355571 0.029144 0.0232924 0.0180205 0.0133694 0.00941246 0.00622274 0.00382551
 0.0086958 0.0139462 0.0206662 0.0287159 0.0378343 0.0475303 0.0569991 0.0652433 0.0713768 0.0748809 0.0756497 0.073885 0.0699772 0.0644244 0.0577669 0.0505248 0.043151 0.0360012 0.0293203 0.0232485 0.017854 0.0131755 0.00925163 0.00611552 0.00376576
 0.00887978 0.0142128 0.0210069 0.0291012 0.0382209 0.0478732 0.0572609 0.0653968 0.0714039 0.0747729 0.0754134 0.0735517 0.0696065 0.0640945 0.0575479 0.0504464 0.0431841 0.0360714 0.0293472 0.0231868 0.0177092 0.0129895 0.00907289 0.00597572 0.00367349
 0.00905152 0.0144754 0.0213695 0.0295576 0.0387465 0.0484245 0.0577769 0.065808 0.0716484 0.0748151 0.0752544 0.0732256 0.0691687 0.0636099 0.0570815 0.0500526 0.0428934 0.0358802 0.0292219 0.0230831 0.0175959 0.0128608 0.00894299 0.00586406 0.00359177
 0.00899866 0.0144199 0.0213419 0.0296036 0.0389134 0.0487393 0.0582279 0.0663408 0.0721795 0.0752558 0.0755347 0.0733098 0.06906 0.0633455 0.0567203 0.0496598 0.0425257 0.0355739 0.0289874 0.0229087 0.0174599 0.0127455 0.00884167 0.00577902 0.00352734
 0.00882478 0.0141541 0.0209757 0.0291468 0.0383987 0.0482249 0.0577945 0.0660765 0.0721516 0.0754821 0.0759704 0.0738615 0.0696198 0.0638255 0.0570739 0.0498834 0.0426462 0.0356299 0.0290127 0.0229231 0.017469 0.0127471 0.0088339 0.0057639 0.00350981
 0.00880579 0.0141267 0.0209405 0.0291063 0.0383563 0.0481839 0.0577596 0.0660561 0.0721611 0.0755417 0.0760964 0.0740536 0.0698528 0.0640534 0.0572457 0.0499638 0.0426278 0.0355327 0.0288716 0.0227728 0.0173334 0.012637 0.00875022 0.00570319 0.00346781
 0.00879903 0.0141136 0.0209173 0.0290688 0.0383015 0.0481128 0.0576783 0.0659758 0.0720955 0.0755042 0.0760987 0.0741046 0.0699553 0.0641995 0.0574138 0.050122 0.0427446 0.0355893 0.0288682 0.0227253 0.0172644 0.0125661 0.00868928 0.00565669 0.00343541
 0.00871997 0.0139889 0.0207369 0.0288265 0.0379967 0.0477536 0.0572844 0.0655797 0.0717396 0.0752332 0.0759502 0.0741011 0.0700998 0.0644746 0.0577854 0.0505443 0.0431681 0.03597 0.0291762 0.0229498 0.0174117 0.0126529 0.00873503 0.00567785 0.00344351
 0.00875362 0.0140261 0.0207606 0.0288099 0.0379106 0.047577 0.057015 0.0652372 0.0713606 0.0748632 0.0756347 0.0738793 0.0699993 0.0645072 0.0579441 0.0508041 0.0434905 0.0363105 0.0294938 0.0232151 0.0176111 0.0127883 0.00881802 0.00572378 0.00346636
 0.00880096 0.0140979 0.0208579 0.0289271 0.0380331 0.04768 0.0570651 0.0651997 0.0712129 0.0746069 0.0753009 0.073521 0.069676 0.064269 0.0578208 0.0508022 0.0435945 0.0364891 0.0297079 0.0234272 0.0177935 0.0129269 0.00891193 0.00578065 0.00349718
 0.00866608 0.0139136 0.0206449 0.0287259 0.0378916 0.0476341 0.0571221 0.0653342 0.0713762 0.0747442 0.0753692 0.0735019 0.0695807 0.0641328 0.0576906 0.0507198 0.0435849 0.0365546 0.0298315 0.0235806 0.0179474 0.013059 0.00901127 0.00584678 0.00353632
 0.00893417 0.0143254 0.0212207 0.0294704 0.0387957 0.0486763 0.0582638 0.0665096 0.0724852 0.0756582 0.0759538 0.0736523 0.0692556 0.0633724 0.0566076 0.049468 0.0423192 0.0353988 0.0288608 0.022822 0.0173907 0.0126728 0.00875692 0.00568756 0.00344196
 0.00863604 0.0138809 0.0206272 0.0287539 0.0380067 0.0478813 0.0575404 0.0659435 0.0721633 0.0756502 0.0762866 0.0742884 0.0700921 0.0642661 0.0574191 0.0501041 0.0427523 0.0356573 0.0290014 0.0229005 0.0174447 0.012719 0.00879801 0.00572097 0.00346575
 0.00867765 0.0139207 0.0206367 0.0286929 0.0378379 0.0475916 0.0571556 0.0655266 0.0717936 0.0753979 0.0761951 0.0743704 0.0703321 0.0646226 0.0578288 0.0504939 0.0430599 0.0358508 0.0290859 0.0229075 0.0174134 0.0126804 0.00876795 0.00570309 0.00345724
 0.00861068 0.0137974 0.0204238 0.0283485 0.037319 0.0468696 0.0562345 0.0644585 0.0706827 0.0743879 0.0754407 0.0739978 0.0704033 0.0651183 0.0586569 0.0515177 0.0441333 0.0368498 0.0299296 0.0235636 0.0178897 0.0130074 0.00898262 0.00583827 0.0035384
 0.00877674 0.0140608 0.0208054 0.0288563 0.0379381 0.0475504 0.0568864 0.0649592 0.0709091 0.0742594 0.0749538 0.0732353 0.0695117 0.0642634 0.0579742 0.0510778 0.043934 0.0368341 0.0300176 0.0236835 0.0179956 0.0130814 0.00902615 0.00586074 0.00354909
 0.00898297 0.0143857 0.0212749 0.0294869 0.038733 0.0484924 0.0579277 0.0660138 0.0718554 0.0749575 0.0752769 0.0731066 0.0689345 0.0633293 0.0568408 0.0499229 0.0429048 0.0360144 0.0294231 0.0232816 0.0177342 0.0129123 0.00891568 0.00578877 0.00350389
 0.00910421 0.0145762 0.0215497 0.0298562 0.0392017 0.0490582 0.0585781 0.0667214 0.0725758 0.0756289 0.0758224 0.0734433 0.0689903 0.063067 0.0562792 0.0491407 0.0420221 0.0351566 0.0286849 0.0227086 0.0173258 0.0126402 0.00874308 0.00568344 0.0034421
 0.00930187 0.0148961 0.0220273 0.0305208 0.0400669 0.0501094 0.0597607 0.067941 0.0737137 0.0765683 0.0764712 0.0737441 0.0689204 0.0626341 0.05552 0.0481225 0.0408417 0.0339303 0.0275278 0.0217103 0.0165343 0.0120604 0.00834882 0.0054336 0.00329446
 0.00923942 0.014819 0.0219576 0.030497 0.0401379 0.0503212 0.0601432 0.0684971 0.0744139 0.0773518 0.0772533 0.0744306 0.0694259 0.0628971 0.0555117 0.047849 0.0403427 0.033274 0.026801 0.0210012 0.0159139 0.0115695 0.00799555 0.00520149 0.00315482
 0.00890492 0.014275 0.0211425 0.0293645 0.0386798 0.0485979 0.0583058 0.0667793 0.0730827 0.0766326 0.0772659 0.0751606 0.0707371 0.064573 0.0573093 0.0495506 0.0417922 0.0343931 0.0275841 0.0214962 0.0161956 0.0117138 0.00806307 0.00523157 0.00316853
 0.00900344 0.0143843 0.0212111 0.0293085 0.0383994 0.0480087 0.0573729 0.0655424 0.0716638 0.0752233 0.0760923 0.0744295 0.0705774 0.0649974 0.0582132 0.0507483 0.0430736 0.0355775 0.0285553 0.0222109 0.0166703 0.0119996 0.00821987 0.00531088 0.00320619
 0.00959384 0.0152885 0.0224636 0.0308913 0.0402319 0.0499411 0.0591869 0.0669742 0.0724614 0.0752242 0.0752839 0.0729619 0.0687212 0.0630651 0.0564746 0.0493691 0.0420962 0.0349453 0.0281624 0.0219527 0.0164747 0.0118337 0.00807812 0.00519823 0.00312587
 0.00930107 0.014924 0.0221202 0.0307217 0.0404041 0.0505669 0.0602613 0.0683587 0.0739199 0.0764895 0.0761277 0.0732483 0.0684364 0.0623165 0.0554563 0.0483006 0.0411579 0.0342357 0.0276924 0.0216729 0.0163152 0.0117361 0.0080085 0.00514377 0.0030844
#obs surv len freq
 0.0049718 0.00814423 0.0123886 0.0177184 0.0240066 0.0308862 0.0377294 0.0438113 0.0485809 0.0518386 0.0537056 0.0544705 0.0544552 0.0539578 0.0532374 0.0525056 0.0519048 0.0514682 0.0510566 0.0503012 0.0486201 0.045383 0.0402132 0.0332798 0.0253648
 0.0051919 0.00850288 0.0129302 0.0184853 0.0250321 0.0321823 0.0392742 0.0455422 0.0504021 0.0536361 0.0553639 0.0558824 0.0555278 0.0546145 0.0534211 0.0521815 0.0510655 0.0501389 0.0493008 0.0482233 0.0463638 0.0431203 0.0381205 0.0315043 0.0239923
 0.00541866 0.00887683 0.0135028 0.0193076 0.0261447 0.0335994 0.0409677 0.0474371 0.0523879 0.0555891 0.057166 0.0574307 0.0567346 0.0554055 0.0537341 0.0519679 0.0502958 0.0488124 0.0474579 0.045959 0.0438321 0.0405239 0.0356794 0.029409 0.0223597
 0.00566268 0.00927353 0.0141002 0.0201514 0.027271 0.0350224 0.0426657 0.0493456 0.0544061 0.0575965 0.0590406 0.0590615 0.0580281 0.0562859 0.0541403 0.0518503 0.0496163 0.0475527 0.0456368 0.0436523 0.0411878 0.0377558 0.0330341 0.0271102 0.0205523
 0.00588849 0.00964865 0.0146794 0.0209905 0.0284148 0.0364868 0.0444207 0.0513109 0.0564649 0.0596208 0.0609118 0.0606799 0.0593117 0.0571673 0.054563 0.0517659 0.0489846 0.0463481 0.0438638 0.0413694 0.0385283 0.0349301 0.0302982 0.0247065 0.0186455
 0.00612927 0.0100391 0.0152657 0.0218162 0.0295147 0.0378755 0.0460789 0.053178 0.0584435 0.0615919 0.0627529 0.06228 0.0605805 0.0580365 0.0549827 0.0516972 0.0483944 0.0452117 0.0421794 0.0391825 0.0359563 0.0321694 0.0275986 0.0223131 0.0167322
 0.0063789 0.0104482 0.0158872 0.0227003 0.0306978 0.0393639 0.0478332 0.0551105 0.0604339 0.0635131 0.0644924 0.063748 0.0617077 0.0587701 0.0552825 0.051532 0.0477397 0.0440502 0.0405115 0.0370482 0.0334598 0.0294904 0.0249719 0.0199746 0.014854
 0.00662432 0.0108522 0.0165043 0.0235839 0.0318893 0.040875 0.0496277 0.0570982 0.0624837 0.0654788 0.0662397 0.0651716 0.0627373 0.0593669 0.0554293 0.0512229 0.046971 0.04282 0.0388292 0.0349537 0.0310483 0.0269242 0.0224646 0.0177437 0.0130601
 0.00683293 0.0111942 0.0170247 0.0243271 0.0328915 0.0421514 0.0511584 0.0588213 0.064301 0.0672717 0.0678867 0.0665625 0.0637834 0.0600068 0.0556302 0.0509749 0.0462781 0.0416939 0.0372914 0.0330499 0.0288677 0.0246117 0.0202085 0.0157362 0.0114439
 0.00706027 0.0115667 0.0175903 0.0251312 0.0339668 0.0435025 0.0527473 0.060564 0.0660816 0.0689662 0.0693844 0.0677755 0.0646477 0.06048 0.0556886 0.0506118 0.0455009 0.0405215 0.0357554 0.0312035 0.0267997 0.0224544 0.0181283 0.0138994 0.00997212
 0.00725339 0.0118852 0.0180778 0.0258312 0.0349132 0.0447054 0.054179 0.0621527 0.0677217 0.0705381 0.0707754 0.0688943 0.0654304 0.0608892 0.0557098 0.0502463 0.0447608 0.0394282 0.0343425 0.029525 0.0249401 0.0205338 0.0162916 0.012288 0.00868695
 0.00742275 0.0121618 0.0184967 0.0264258 0.0357096 0.0457122 0.0553763 0.0634877 0.0691136 0.0718922 0.0719971 0.0698998 0.0661535 0.0612856 0.0557572 0.0499421 0.0441174 0.038469 0.0331028 0.0280578 0.0233236 0.0188745 0.0147145 0.0109119 0.00759448
 0.00753943 0.0123539 0.0187904 0.0268474 0.0362806 0.0464417 0.056253 0.0644767 0.070161 0.0729342 0.072969 0.0707407 0.0668086 0.0617089 0.055914 0.0498119 0.0436951 0.037765 0.0321445 0.0268917 0.02202 0.0175269 0.01343 0.00979059 0.00670485
 0.0076044 0.0124574 0.0189428 0.0270583 0.0365593 0.0467965 0.0566893 0.0649942 0.0707507 0.0735771 0.0736355 0.0713921 0.0673996 0.062191 0.0562403 0.0499415 0.0435982 0.0374278 0.0315732 0.0261167 0.0210974 0.0165364 0.012464 0.00893546 0.00602062
 0.00766346 0.0125467 0.0190646 0.0272111 0.0367384 0.0469974 0.0569091 0.0652331 0.0710124 0.0738677 0.07396 0.0717496 0.0677777 0.062563 0.0565671 0.0501767 0.0436965 0.0373533 0.0313081 0.025668 0.0205006 0.0158526 0.0117697 0.00830512 0.00550806
 0.00772308 0.0126369 0.0191877 0.027364 0.0369134 0.0471831 0.057092 0.0654007 0.0711564 0.0739887 0.0740687 0.0718629 0.0679118 0.0627244 0.0567464 0.0503478 0.0438206 0.037388 0.0312188 0.0254391 0.0201434 0.0154056 0.0112902 0.00785396 0.00513247
 0.00775624 0.0126874 0.0192574 0.027452 0.0370159 0.0472937 0.0572023 0.0655009 0.0712383 0.0740485 0.0741094 0.0718948 0.0679492 0.0627815 0.0568306 0.0504543 0.0439297 0.0374683 0.031235 0.0253641 0.0199692 0.0151488 0.0109882 0.00755267 0.00487166
 0.007807 0.012763 0.0193581 0.0275734 0.0371497 0.0474296 0.0573299 0.0656102 0.0713209 0.0740988 0.0741265 0.0718831 0.0679184 0.0627449 0.0568018 0.0504423 0.0439346 0.0374781 0.0312282 0.0253167 0.0198655 0.0149894 0.0107916 0.00734872 0.00468953
 0.00784489 0.0128209 0.0194381 0.0276743 0.0372667 0.0475543 0.0574505 0.0657135 0.0713953 0.0741378 0.0741302 0.0718577 0.0678736 0.0626909 0.0567483 0.0503974 0.0439025 0.0374568 0.0312079 0.0252828 0.019804 0.0148947 0.0106705 0.0072179 0.00456853
 0.0078717 0.0128622 0.0194961 0.027749 0.0373561 0.0476541 0.0575536 0.0658106 0.071476 0.074193 0.0741548 0.0718514 0.0678407 0.0626393 0.0566875 0.0503362 0.0438476 0.0374109 0.0311687 0.025243 0.0197547 0.0148301 0.0105915 0.00713257 0.00448836
 0.00789356 0.0128941 0.0195371 0.0277962 0.0374053 0.0477012 0.0575961 0.0658475 0.0715072 0.0742183 0.074173 0.0718608 0.0678398 0.0626275 0.0566659 0.050308 0.0438168 0.0373811 0.0311409 0.0252153 0.0197228 0.0147903 0.0105434 0.00707997 0.0044379
 0.0079005 0.0129045 0.0195511 0.027813 0.0374231 0.0477174 0.0576078 0.0658521 0.071504 0.0742093 0.0741627 0.0718542 0.0678397 0.062634 0.0566764 0.0503189 0.0438255 0.0373861 0.0311419 0.0252117 0.0197133 0.0147735 0.0105194 0.00705126 0.00440874
 0.0079061 0.0129097 0.0195518 0.0278033 0.0373973 0.0476727 0.0575466 0.065782 0.0714355 0.0741523 0.0741246 0.0718386 0.0678476 0.0626634 0.0567229 0.0503763 0.0438867 0.0374446 0.0311927 0.0252516 0.0197406 0.0147879 0.0105221 0.00704524 0.00439787
 0.00788508 0.0128745 0.0194968 0.0277229 0.0372871 0.0475318 0.0573802 0.0656024 0.071261 0.074004 0.0740216 0.0717943 0.0678664 0.0627407 0.0568468 0.0505308 0.0440547 0.0376109 0.0313449 0.0253813 0.0198434 0.0148627 0.0105713 0.00707338 0.00441097
 0.00788136 0.0128649 0.0194758 0.027683 0.0372206 0.0474337 0.0572507 0.0654481 0.0710944 0.0738411 0.0738798 0.0716902 0.0678133 0.0627457 0.0569094 0.0506423 0.0442006 0.0377736 0.0315073 0.0255292 0.0199672 0.0149582 0.0106385 0.00711607 0.00443504
 0.00788555 0.0128687 0.0194759 0.027674 0.0371957 0.0473864 0.0571764 0.0653464 0.070969 0.0737009 0.073738 0.0715625 0.0677155 0.0626909 0.0569053 0.0506899 0.0442935 0.0378991 0.0316491 0.0256707 0.0200945 0.0150621 0.0107157 0.00716807 0.00446655
 0.00785034 0.0128138 0.0193976 0.0275706 0.0370677 0.047237 0.0570122 0.0651769 0.0708062 0.073557 0.0736235 0.0714855 0.0676816 0.0627035 0.0569652 0.050795 0.0444377 0.0380721 0.0318369 0.0258572 0.0202644 0.0152043 0.0108246 0.00724418 0.00451482
 0.00781063 0.0127487 0.0192989 0.027431 0.0368838 0.0470121 0.0567594 0.0649185 0.0705689 0.073365 0.0734931 0.0714235 0.0676869 0.06277 0.0570845 0.0509577 0.0446339 0.0382906 0.0320647 0.0260797 0.0204674 0.015376 0.0109585 0.00733981 0.00457701
 0.00779525 0.0127186 0.0192442 0.0273397 0.0367443 0.0468187 0.0565165 0.0646428 0.0702866 0.0731064 0.0732866 0.0712899 0.0676368 0.0628031 0.0571917 0.0511246 0.0448438 0.0385267 0.0323107 0.0263199 0.0206872 0.0155637 0.0111068 0.00744739 0.00464823
 0.00776365 0.0126687 0.0191716 0.0272406 0.0366154 0.0466574 0.0563224 0.0644196 0.0700444 0.0728627 0.0730646 0.0711151 0.0675315 0.062781 0.0572553 0.0512655 0.0450456 0.0387685 0.0325709 0.0265779 0.0209253 0.0157682 0.0112695 0.0075666 0.00472804
 0.00775011 0.012645 0.0191329 0.0271814 0.0365312 0.0465463 0.0561868 0.0642657 0.0698806 0.0726971 0.0729051 0.0709708 0.0674144 0.0627059 0.057236 0.0513104 0.045154 0.0389305 0.0327691 0.0267915 0.0211336 0.015954 0.0114215 0.00768038 0.00480562
 0.00934695 0.0148804 0.0218312 0.0299566 0.0388995 0.0481054 0.0567574 0.0639187 0.0688534 0.0712724 0.0713214 0.0693893 0.0659278 0.0613616 0.0560569 0.0503068 0.0443289 0.0382797 0.0322801 0.0264442 0.0209024 0.0158112 0.0113408 0.00763936 0.00478739
 0.00932237 0.0151381 0.0227437 0.0319868 0.0423992 0.0530436 0.0625476 0.0695144 0.0731203 0.0734357 0.0712207 0.0674205 0.0627669 0.0576745 0.0523343 0.0468387 0.0412555 0.0356531 0.0301071 0.0247074 0.0195678 0.0148318 0.0106597 0.00719418 0.00451623
 0.00896674 0.014577 0.0219531 0.0310138 0.0414173 0.0523912 0.0626893 0.070877 0.0758414 0.0771751 0.0752007 0.0707223 0.0647144 0.0580687 0.0514247 0.0451098 0.0391951 0.0336185 0.0283017 0.0232166 0.0184058 0.0139742 0.0100624 0.00680415 0.00427923
 0.00878378 0.0142681 0.0214678 0.0303012 0.0404456 0.0511817 0.0613606 0.0696736 0.0751141 0.0772845 0.0763592 0.0728441 0.0673805 0.0606633 0.053384 0.0461362 0.0393173 0.0330932 0.0274528 0.0223108 0.0176054 0.0133472 0.00961467 0.00650972 0.00410067
 0.00873581 0.0141799 0.0213153 0.0300524 0.0400644 0.050637 0.0606397 0.0688011 0.0741724 0.0764284 0.0758058 0.0728192 0.068022 0.0619249 0.0550097 0.0477441 0.0405559 0.0337777 0.0276027 0.0220872 0.0172074 0.0129329 0.00927189 0.00626578 0.00394654
 0.00871547 0.0141477 0.0212675 0.0299838 0.0399657 0.0504928 0.0604282 0.0684981 0.0737618 0.0759185 0.0752475 0.0723157 0.0677162 0.0619539 0.0554379 0.0485109 0.0414796 0.0346273 0.0281974 0.0223626 0.0172138 0.0127811 0.00907117 0.0060871 0.00381816
 0.00868331 0.0140991 0.0212013 0.0299012 0.03987 0.0503872 0.0603145 0.0683739 0.0736186 0.0757432 0.0750285 0.0720567 0.0674502 0.0617481 0.0553774 0.0486601 0.0418407 0.0351248 0.0287048 0.0227606 0.0174405 0.0128458 0.00902959 0.0060031 0.00373681
 0.00868388 0.0140941 0.0211828 0.0298591 0.0397951 0.0502765 0.0601745 0.0682201 0.0734689 0.07561 0.0749137 0.0719525 0.0673477 0.06165 0.0553062 0.048655 0.0419389 0.035335 0.0289934 0.0230613 0.0176859 0.0129977 0.00908988 0.00600095 0.00370717
 0.00866902 0.0140734 0.0211578 0.0298322 0.0397676 0.0502462 0.0601349 0.0681627 0.0733889 0.07551 0.0748042 0.0718469 0.0672562 0.0615775 0.0552556 0.0486339 0.0419616 0.0354154 0.0291319 0.0232373 0.017863 0.0131404 0.00917954 0.00604053 0.00371326
 0.00866688 0.0140693 0.0211506 0.0298209 0.0397521 0.0502278 0.0601159 0.0681454 0.0733728 0.0754909 0.0747755 0.0718038 0.0671992 0.0615124 0.0551924 0.0485836 0.041935 0.0354223 0.0291774 0.0233168 0.017961 0.0132354 0.00925343 0.00608572 0.00373326
 0.00864544 0.0140374 0.021108 0.0297694 0.0396948 0.0501685 0.0600586 0.0680942 0.0733319 0.0754638 0.0747635 0.0718047 0.0672079 0.0615231 0.0552014 0.0485915 0.041947 0.0354453 0.0292174 0.0233752 0.0180324 0.013309 0.00931715 0.00613185 0.00376063
 0.00861536 0.0139876 0.021032 0.0296616 0.0395529 0.0499972 0.0598714 0.0679124 0.0731796 0.0753607 0.07472 0.0718203 0.0672735 0.0616245 0.0553229 0.0487194 0.0420718 0.0355632 0.0293284 0.0234805 0.0181314 0.0133981 0.00939127 0.00618717 0.00379689
 0.00863041 0.0140116 0.0210668 0.0297074 0.0396071 0.0500526 0.0599165 0.0679338 0.0731667 0.0753113 0.0746417 0.0717282 0.0671846 0.0615516 0.0552723 0.0486911 0.0420622 0.0355676 0.0293434 0.0235041 0.0181615 0.0134316 0.00942393 0.0062149 0.00381722
 0.00860825 0.01398 0.0210276 0.0296652 0.0395685 0.0500238 0.0599016 0.0679329 0.0731759 0.0753233 0.0746486 0.0717248 0.0671705 0.0615324 0.055256 0.0486849 0.0420694 0.0355877 0.0293733 0.0235399 0.0181996 0.0134689 0.00945744 0.00624227 0.00383726
 0.00861062 0.0139798 0.0210199 0.029644 0.0395286 0.0499651 0.0598309 0.0678633 0.0731218 0.0752945 0.0746466 0.0717431 0.0671987 0.0615607 0.0552796 0.0487039 0.0420875 0.0356089 0.0293996 0.0235708 0.0182329 0.0135015 0.00948664 0.00626607 0.00385478
 0.00861062 0.0139798 0.0210199 0.029644 0.0395286 0.0499651 0.0598309 0.0678633 0.0731218 0.0752945 0.0746466 0.0717431 0.0671987 0.0615607 0.0552796 0.0487039 0.0420875 0.0356089 0.0293996 0.0235708 0.0182329 0.0135015 0.00948664 0.00626607 0.00385478
 0.00883595 0.0143377 0.0215407 0.0303443 0.0404017 0.0509684 0.0608789 0.0688348 0.0738873 0.0757528 0.0747516 0.0715085 0.0666839 0.0608484 0.0544563 0.0478477 0.0412612 0.0348581 0.028753 0.0230418 0.0178222 0.0132 0.00927847 0.00613177 0.00377442
 0.00856958 0.01394 0.0210098 0.0297069 0.039712 0.0503019 0.060323 0.0684746 0.0737843 0.0759232 0.0751574 0.0720693 0.067303 0.0614411 0.0549667 0.0482515 0.0415597 0.0350678 0.028896 0.0231393 0.0178902 0.0132489 0.00931425 0.00615749 0.00379201
 0.00865423 0.0140415 0.021097 0.0297314 0.0396249 0.0500794 0.0599855 0.0680867 0.0734342 0.0756909 0.0750892 0.0721669 0.0675292 0.0617353 0.0552649 0.0485034 0.0417382 0.0351697 0.0289352 0.0231372 0.0178678 0.0132219 0.00929127 0.0061416 0.0037827
 0.00853929 0.0138736 0.0208778 0.0294706 0.039332 0.0497544 0.0596174 0.0676651 0.0729695 0.0752301 0.0747117 0.0719592 0.0675498 0.0619903 0.0557065 0.04905 0.0423026 0.0356832 0.0293586 0.0234599 0.0180987 0.013379 0.00939373 0.00620581 0.00382116
 0.00871285 0.0141324 0.0212239 0.0298902 0.0397988 0.0502344 0.0600708 0.0680445 0.0732202 0.0752993 0.0745673 0.0716101 0.0670533 0.0614386 0.0551945 0.0486432 0.0420212 0.0355084 0.0292534 0.0233897 0.0180424 0.0133291 0.00935089 0.00617245 0.00379812
 0.00888949 0.0144317 0.021694 0.030576 0.0407231 0.0513726 0.0613327 0.0692814 0.0742602 0.0759963 0.0748364 0.0714373 0.0664863 0.0605708 0.0541476 0.0475461 0.0409855 0.0346086 0.0285205 0.0228198 0.0176134 0.013015 0.00912867 0.00602275 0.0037037
 0.00882998 0.0143556 0.0216194 0.0305373 0.040768 0.0515526 0.0616889 0.0698281 0.0749696 0.0767911 0.0756004 0.0720437 0.0668339 0.0606118 0.0538965 0.0470693 0.0403787 0.0339701 0.0279291 0.0223224 0.0172258 0.0127309 0.00893126 0.00589261 0.00362291
 0.00899423 0.0146011 0.0219495 0.030942 0.041229 0.0520506 0.0622094 0.0703606 0.0755036 0.0773094 0.076072 0.0724207 0.0670568 0.0606243 0.0536661 0.0466032 0.0397272 0.0332145 0.0271603 0.0216183 0.0166369 0.0122769 0.00860665 0.00567689 0.00348982
 0.00892497 0.0145102 0.0218523 0.0308652 0.0412018 0.0520929 0.062323 0.070532 0.0757155 0.0775528 0.0763485 0.0727325 0.0673912 0.0609448 0.0539175 0.04673 0.039696 0.0330284 0.0268579 0.0212595 0.0162822 0.0119708 0.0083709 0.00551288 0.00338608
 0.00864301 0.0140514 0.0211651 0.0299124 0.0399811 0.0506627 0.060818 0.0691493 0.0746654 0.0769948 0.0763484 0.0732583 0.0683395 0.0621753 0.0552788 0.0480784 0.0409109 0.0340276 0.0276068 0.0217695 0.0165969 0.0121468 0.00846045 0.00555478 0.00340443
 0.00867077 0.0140613 0.021114 0.0297363 0.0396091 0.0500419 0.0599403 0.0680681 0.0734952 0.0758938 0.075485 0.0727709 0.0683007 0.0625751 0.0560334 0.0490567 0.0419679 0.035033 0.0284665 0.0224353 0.0170652 0.0124462 0.00863498 0.0056479 0.00345024
 0.00895167 0.0145106 0.0217716 0.0306216 0.0407018 0.0512599 0.0611283 0.0690178 0.0740018 0.0758289 0.0748484 0.071693 0.0669978 0.0612804 0.0549332 0.0482521 0.0414697 0.0347846 0.0283793 0.0224238 0.0170688 0.0124364 0.00860808 0.00561296 0.00341759
 0.00890411 0.0144685 0.021774 0.0307277 0.040977 0.0517503 0.0618349 0.0698803 0.0749007 0.0766065 0.0753468 0.0718008 0.0666899 0.060631 0.054092 0.0473927 0.0407337 0.0342464 0.0280428 0.0222444 0.0169857 0.012398 0.00858372 0.00559099 0.00339731
#pred catch len freq
 0.0038868 0.0062283 0.00924087 0.0129175 0.0172636 0.0222592 0.0277884 0.0336126 0.039413 0.0448591 0.0496617 0.0536125 0.0566119 0.0586699 0.0598731 0.0603397 0.0601851 0.0594939 0.0582751 0.0563964 0.0535435 0.0492936 0.0433472 0.0358238 0.0274033
 0.0043028 0.00683897 0.0100439 0.0138839 0.0183661 0.0235068 0.0292356 0.035324 0.0413946 0.0469976 0.0517175 0.0552821 0.0576303 0.0589009 0.0593451 0.0592168 0.0586927 0.0578319 0.0565569 0.054638 0.0517087 0.0473685 0.0413956 0.0339851 0.0258354
 0.00455896 0.00728062 0.0107516 0.0149392 0.0198237 0.0253593 0.0313936 0.0376361 0.0437035 0.049192 0.0537343 0.0570551 0.059036 0.0597578 0.0594783 0.0585435 0.0572669 0.0558209 0.0541683 0.0520508 0.0490492 0.0447351 0.0388988 0.0317592 0.0240074
 0.0048369 0.00771437 0.0113767 0.0157922 0.0209543 0.0268359 0.0332875 0.0399777 0.0464293 0.0521187 0.0565894 0.059554 0.0609559 0.0609632 0.0598965 0.0581356 0.0560303 0.0538165 0.0515357 0.0489904 0.0457858 0.04149 0.0358777 0.0291401 0.0219154
 0.00512747 0.00817634 0.012053 0.0167173 0.0221517 0.028315 0.0350415 0.041986 0.0486618 0.0545304 0.0590971 0.0620092 0.0631435 0.0626391 0.0608468 0.0582219 0.0552028 0.052108 0.0490553 0.04592 0.0423697 0.0380089 0.0326104 0.0263194 0.0196872
 0.00543478 0.00866151 0.0127582 0.0176772 0.0233934 0.0298552 0.0368766 0.0440796 0.0509388 0.056883 0.0614018 0.0641431 0.0649885 0.0640731 0.0617362 0.058429 0.0546151 0.0506731 0.0468089 0.042998 0.0390024 0.0344944 0.0292653 0.023416 0.0173971
 0.0057668 0.00917923 0.0134976 0.0186609 0.0246324 0.0313498 0.0386123 0.0460198 0.053019 0.0590117 0.063467 0.0660237 0.0665682 0.0652509 0.062426 0.0585521 0.0540957 0.0494511 0.0448708 0.0404135 0.0359453 0.0312315 0.0261075 0.0206462 0.015201
 0.00615892 0.00979362 0.0143799 0.0198403 0.0261193 0.0331325 0.0406488 0.048231 0.0552919 0.0612134 0.0654626 0.0676929 0.0678166 0.0660142 0.0626668 0.0582492 0.0532322 0.0480119 0.0428571 0.0378745 0.0330106 0.0281196 0.0230936 0.0179948 0.0130937
 0.00646792 0.0102879 0.0151099 0.0208507 0.0274446 0.0347877 0.0426147 0.0504409 0.057629 0.0635212 0.0675671 0.0694299 0.0690584 0.0666855 0.062745 0.05775 0.0521889 0.0464597 0.0408347 0.0354431 0.0302821 0.0252723 0.0203555 0.0155908 0.0111825
 0.00670045 0.0106614 0.0156651 0.0216264 0.0284756 0.0360982 0.0442071 0.0522827 0.059645 0.0655937 0.0695458 0.0711514 0.0703714 0.0674764 0.0629536 0.0573701 0.0512552 0.0450304 0.0389795 0.0332467 0.0278588 0.0227781 0.0179783 0.0135139 0.00953473
 0.0070193 0.0111564 0.0163681 0.0225553 0.0296368 0.0374888 0.0458104 0.054059 0.0615236 0.0674715 0.071295 0.0726344 0.0714607 0.0680733 0.0630019 0.0568603 0.0502201 0.0435342 0.0371078 0.0311016 0.0255626 0.0204763 0.0158307 0.0116667 0.00808509
 0.00731327 0.0116171 0.0170296 0.0234389 0.0307489 0.0388179 0.0473212 0.0556893 0.0631871 0.0690691 0.0727256 0.0738035 0.0722859 0.0684901 0.0629692 0.0563651 0.0492798 0.0421952 0.0354422 0.0292049 0.0235513 0.0184838 0.0139944 0.0101053 0.00687119
 0.00737448 0.0117365 0.0172468 0.0238055 0.0313191 0.0396322 0.0483884 0.0569754 0.064616 0.0705336 0.0741048 0.0749816 0.0731688 0.0690146 0.0631037 0.0561046 0.0486401 0.0412115 0.0341699 0.0277217 0.0219572 0.0168948 0.0125288 0.0088619 0.00590816
