SBPRF35
9.97094
Curr Bio
640617
B35
737525
F35
0.190045
FOFL
0.15419
OFL
75427.3
Bzero
2.84884e+006
#pred survey bio
 4.011e+006 3.85054e+006 3.68996e+006 3.46895e+006 3.21544e+006 2.96252e+006 2.671e+006 2.40644e+006 2.13928e+006 1.89605e+006 1.68531e+006 1.4882e+006 1.32535e+006 1.17816e+006 1.05676e+006 948355 863723 802143 745925 721415 687288 656157 637270 623259 597038 593168 588430 576000 572709 571858 573197 569300 559809 557660 549307 535616 527707 526515 526726 538056 548809 553247 551084 558985 570106 577024 579470 588803 574866 574979 576062 590752 584016 527282 524098 553478 529873 528491 543089 557827 605490 589212 584273 566669 585180 595446 641458 645938 2.13638e+007 1.3076e+007 1.35975e+007 1.45738e+007 1.58004e+007 1.70624e+007 1.82212e+007 1.92104e+007 2.0014e+007 2.06451e+007 2.11292e+007 2.14946e+007 2.17678e+007 2.19708e+007 2.21214e+007 2.22331e+007 2.23161e+007 2.23781e+007 2.24245e+007 2.24595e+007 2.2486e+007 2.25062e+007 2.25217e+007 2.25336e+007 2.25427e+007 2.25499e+007 2.25554e+007 2.25598e+007 2.25632e+007 2.25658e+007 2.25679e+007 2.25696e+007 2.25709e+007 2.25719e+007 2.25727e+007 2.25734e+007 2.25739e+007 2.25743e+007 2.25746e+007 2.25749e+007 2.25751e+007 2.25753e+007 2.25754e+007 2.25755e+007 2.25756e+007 2.25756e+007 2.25757e+007 2.25757e+007 2.25758e+007 2.25758e+007 2.25758e+007 2.25758e+007 2.25759e+007 2.25759e+007 2.25759e+007 2.25759e+007 2.25759e+007 2.25759e+007 2.25759e+007 2.25759e+007 2.25759e+007 2.25759e+007 2.25759e+007 2.25759e+007 2.25759e+007 2.25759e+007 2.25759e+007 2.25759e+007 2.25759e+007 2.25759e+007 2.25759e+007 2.25759e+007 2.25759e+007 2.25759e+007 2.25759e+007 2.25759e+007 2.25759e+007 2.25759e+007 2.25759e+007 2.25759e+007 2.25759e+007 2.25759e+007 2.25759e+007 2.25759e+007 2.25759e+007 2.25759e+007 2.25759e+007 2.25759e+007 2.25759e+007 2.25759e+007 2.25759e+007 2.25759e+007 2.25759e+007 2.25759e+007 2.25759e+007 2.25759e+007 2.25759e+007 2.25759e+007 2.25759e+007 2.25759e+007 0 0 0 0 0 0 0 0 0 0 0 0 0 0 0 0 0 0 0 0 0 0 0 0 0
#obs survey bio
 3.08634e+006 2.53109e+006 3.85684e+006 2.53558e+006 2.36706e+006 3.29821e+006 2.51293e+006 2.65862e+006 2.32041e+006 1.55468e+006 1.33549e+006 1.04376e+006 1.21451e+006 1.37888e+006 1.07785e+006 685641 906437 544057 604775 695492 608828 587908 617959 652166 561553 413406 545049 378635 596171 501450 620938 519994 549604 601702 684901 663365 895336 475520 508381 430729 421696 802970 668676 775951 468484 851146 730076 589184 424106 486746 642719 729340 534052 591573 741480 658657 478831 635476 492216 681832 509969 611028 469911 570546 422007 726206 740236 518125
#pred catch bio
 97556.4 99085.6 162368 206887 225260 281512 278505 301163 298174 285457 286533 265397 256461 234910 222473 199704 177350 169750 140089 145533 139135 125120 117981 125235 104265 104253 109505 100512 97632.6 95000.6 98061 100564 92115.7 94745.9 95860.5 89488.7 86164.4 88896 82862.9 85740.9 91839 96815 87864.1 85404.8 88946.8 92183.4 86280.1 105705 93407.4 93122.6 82362.1 100475 140234 93378.4 68356.2 113237 93058.4 80424.9 81492.5 56135.2 111282 101283 112665 83878.4 93317.4 65897.7 102244 132485 75427.3 92991.7 95570.3 101389 109499 118004 125749 132238 137376 141282 144163 146239 147710 148736 149445 149930 150260 150482 150632 150733 150800 150845 150874 150894 150907 150916 150922 150926 150928 150930 150931 150931 150932 150932 150932 150933 150933 150933 150933 150933 150933 150933 150933 150933 150933 150933 150933 150933 150933 150933 150933 150933 150933 150933 150933 150933 150933 150933 150933 150933 150933 150933 150933 150933 150933 150933 150933 150933 150933 150933 150933 150933 150933 150933 150933 150933 150933 150933 150933 150933 150933 150933 150933 150933 150933 150933 150933 150933 150933 150933 150933 150933 150933 150933 150933 150933 150933 150933 150933 150933 0 0 0 0 0 0 0 0 0 0 0 0 0 0 0 0 0 0 0 0 0 0 0 0 0
#obs catch bio
 0 98806.8 162830 208086 226739 284902 281299 304924 301433 289455 293189 272351 263952 240023 225545 202669 178652 172053 141496 147082 140641 126291 118384 125684 104595 104976 110225 101510 98182.4 95510.4 98781.7 101155 92621.8 95379 96393.9 89796.3 85944.8 88694.7 82412.7 85657.4 91733.7 96409.6 87420.7 84983 88619 91396.6 85124.4 104886 92764 92829.7 81939.2 99433.6 139539 92770.1 67503.7 112989 92688.5 80142.3 81822.6 55531.3 111535 100522 112519 83340.4 93627.2 65453.6 101922 132791
#pred cpue bio
 3.95706e+006 3.79942e+006 3.6407e+006 3.42027e+006 3.16727e+006 2.91503e+006 2.62479e+006 2.36134e+006 2.09546e+006 1.8533e+006 1.64339e+006 1.44745e+006 1.28595e+006 1.14064e+006 1.02118e+006 914551 831391 771089 716197 692450 659455 629411 611407 598122 572706 568963 564433 552405 549331 548688 550207 546752 537846 536107 528503 515633 507502 505087 504363 515201 525824 530407 528527 536354 547330 554275 556836 565951 552220 552173 553152 567632 561209 505484 501865 530630 507904 506459 520691 535238 581941 565966 560601 542904 560700 570759 615905 620696 2.05258e+007 1.2568e+007 1.29769e+007 1.38373e+007 1.50255e+007 1.62791e+007 1.74362e+007 1.84251e+007 1.92287e+007 1.98598e+007 2.03439e+007 2.07093e+007 2.09825e+007 2.11855e+007 2.13361e+007 2.14478e+007 2.15308e+007 2.15928e+007 2.16392e+007 2.16742e+007 2.17007e+007 2.17209e+007 2.17364e+007 2.17483e+007 2.17575e+007 2.17646e+007 2.17701e+007 2.17745e+007 2.17779e+007 2.17805e+007 2.17826e+007 2.17843e+007 2.17856e+007 2.17866e+007 2.17874e+007 2.17881e+007 2.17886e+007 2.1789e+007 2.17893e+007 2.17896e+007 2.17898e+007 2.179e+007 2.17901e+007 2.17902e+007 2.17903e+007 2.17904e+007 2.17904e+007 2.17904e+007 2.17905e+007 2.17905e+007 2.17905e+007 2.17905e+007 2.17906e+007 2.17906e+007 2.17906e+007 2.17906e+007 2.17906e+007 2.17906e+007 2.17906e+007 2.17906e+007 2.17906e+007 2.17906e+007 2.17906e+007 2.17906e+007 2.17906e+007 2.17906e+007 2.17906e+007 2.17906e+007 2.17906e+007 2.17906e+007 2.17906e+007 2.17906e+007 2.17906e+007 2.17906e+007 2.17906e+007 2.17906e+007 2.17906e+007 2.17906e+007 2.17906e+007 2.17906e+007 2.17906e+007 2.17906e+007 2.17906e+007 2.17906e+007 2.17906e+007 2.17906e+007 2.17906e+007 2.17906e+007 2.17906e+007 2.17906e+007 2.17906e+007 2.17906e+007 2.17906e+007 2.17906e+007 2.17906e+007 2.17906e+007 2.17906e+007 2.17906e+007 2.17906e+007 2.17906e+007 0 0 0 0 0 0 0 0 0 0 0 0 0 0 0 0 0 0 0 0 0 0 0 0 0
#obs cpue bio
 3.57568e+006 4.6038e+006 3.825e+006 2.06806e+006 2.56683e+006 2.3486e+006 2.55208e+006 2.02089e+006 2.03904e+006 1.44441e+006 972659 1.17215e+006 944483 1.08388e+006 1.3758e+006 931172 986813 743528 692117 724301 625534 603948 806873 651860 458036 607036 643667 505867 659035 556279 418958 656706 439237 456294 447008 426603 471882 619911 643109 480228 731035 522066 459960 420138 666792 659491 660226 503328 655617 602888 491813 807288 595881 458314 490629 406386 499068 414637 424979 729992 634596 721316 631738 589185 583841 530281 727439 570679
#pred surv len freq
 0.00527654 0.00847987 0.0126005 0.0175691 0.023245 0.0293547 0.0354534 0.041016 0.0456297 0.049134 0.0516088 0.0532593 0.0543071 0.0549319 0.0552492 0.0553063 0.0550923 0.0545509 0.0535701 0.051943 0.0493413 0.0453823 0.0398268 0.0328287 0.0250431
 0.00556371 0.00883909 0.012947 0.0177703 0.023172 0.0289555 0.0348001 0.0402864 0.045024 0.0487765 0.0514963 0.0532831 0.0543273 0.0548565 0.055078 0.0551252 0.055027 0.0547019 0.0539577 0.0524895 0.0499028 0.0458136 0.0400457 0.0328408 0.0249199
 0.0058242 0.00926549 0.0135863 0.0186473 0.0242607 0.0301496 0.0359095 0.0410844 0.0453402 0.0485819 0.0509162 0.0525223 0.0535595 0.0541567 0.0544347 0.0545062 0.0544383 0.0541958 0.0535934 0.0522829 0.0498051 0.0457367 0.0399136 0.0326294 0.0246596
 0.00606608 0.00965591 0.0141701 0.0194677 0.0253533 0.0315279 0.0375397 0.0428592 0.0470703 0.0500243 0.0518428 0.0528019 0.0532061 0.0533094 0.053283 0.0532137 0.0531121 0.0529022 0.0523827 0.0511931 0.0488505 0.0449038 0.0391778 0.0319797 0.0241069
 0.00629735 0.0100283 0.0147245 0.0202421 0.0263788 0.032821 0.0390917 0.0446264 0.0489666 0.0519178 0.0535563 0.0541304 0.05396 0.0533736 0.0526592 0.0520168 0.0515222 0.0511046 0.0505299 0.0493951 0.0471811 0.0434094 0.0378871 0.0309106 0.0232692
 0.00651736 0.0103794 0.0152417 0.0209556 0.0273119 0.0339853 0.04048 0.0462073 0.0506847 0.053696 0.055296 0.0557065 0.0552202 0.0541541 0.0528219 0.0514953 0.0503511 0.0494132 0.0485036 0.0472285 0.0450443 0.0414349 0.0361685 0.0295052 0.0221974
 0.00682927 0.01087 0.0159496 0.0219066 0.0285162 0.0354332 0.0421359 0.0480071 0.0525433 0.0555216 0.0570012 0.0572097 0.0564378 0.05499 0.0531671 0.051246 0.0494431 0.0478584 0.0464061 0.0447706 0.0424493 0.0389246 0.0339278 0.0276585 0.0207971
 0.00712996 0.0113468 0.0166448 0.0228521 0.0297284 0.036906 0.0438316 0.0498532 0.0544412 0.0573646 0.0586912 0.0586661 0.0575955 0.0557902 0.053546 0.0511293 0.0487572 0.0465587 0.044514 0.042398 0.0397941 0.0362351 0.0314479 0.0255745 0.0192036
 0.0075302 0.0119706 0.017534 0.0240288 0.0311934 0.0386363 0.0457749 0.0519242 0.0565277 0.0593434 0.0604469 0.0601048 0.0586499 0.0564172 0.0537163 0.0508141 0.0479211 0.0451687 0.0425676 0.0399599 0.0370195 0.0333585 0.0287345 0.023252 0.0174055
 0.00793954 0.0126168 0.0184702 0.0252904 0.0327914 0.0405476 0.0479315 0.0542118 0.0588015 0.0614549 0.0622688 0.0615422 0.0596407 0.0569264 0.0537279 0.0503219 0.0469193 0.043651 0.0405422 0.0374794 0.0342109 0.0304298 0.0259412 0.0208316 0.0155112
 0.00823765 0.0131025 0.019203 0.0263264 0.0341721 0.0422823 0.0499791 0.0564727 0.0611295 0.0636838 0.064241 0.0631292 0.0607532 0.0575151 0.0537767 0.0498357 0.0459122 0.0421403 0.0385551 0.0350747 0.0315051 0.0276088 0.0232388 0.0184736 0.0136513
 0.00850325 0.0135318 0.0198454 0.0272284 0.035371 0.0437956 0.0517891 0.0585167 0.0632999 0.0658408 0.066231 0.0648046 0.0619916 0.0582322 0.0539315 0.0494242 0.0449555 0.0406739 0.0366278 0.0327601 0.0289216 0.0249298 0.0206773 0.0162361 0.0118809
 0.00862645 0.0137466 0.0201961 0.0277669 0.0361481 0.0448453 0.053113 0.0600764 0.0650216 0.0676268 0.0679705 0.0663818 0.0632922 0.0591534 0.0543928 0.049376 0.0443819 0.0395902 0.0350787 0.0308228 0.0267147 0.0226168 0.0184513 0.014282 0.0103277
 0.00880126 0.01402 0.0205888 0.0282945 0.0368229 0.0456776 0.0541078 0.0612259 0.0662978 0.0689777 0.0693222 0.0676469 0.0643795 0.0599772 0.0548784 0.0494642 0.0440335 0.0387924 0.0338513 0.0292263 0.0248547 0.0206428 0.0165383 0.0125953 0.00898282
 0.00906557 0.0144207 0.0211378 0.0289841 0.0376292 0.0465677 0.0550451 0.0621741 0.0672242 0.0698575 0.0701382 0.0683825 0.0650101 0.0604647 0.0551723 0.0495085 0.0437762 0.0381967 0.0329079 0.0279648 0.023353 0.0190239 0.0149526 0.0111876 0.00785506
 0.00926809 0.0147533 0.0216432 0.0296992 0.0385729 0.0477228 0.0563452 0.063507 0.0684593 0.0708827 0.0708888 0.0688477 0.065218 0.0604578 0.0549852 0.0491545 0.0432458 0.0374674 0.0319612 0.0268066 0.0220285 0.0176216 0.0135901 0.00998231 0.00689111
 0.00942154 0.0149925 0.0219851 0.0301562 0.0391547 0.0484366 0.0571907 0.0644659 0.0694837 0.0718934 0.0717868 0.0695386 0.0656393 0.060593 0.0548585 0.0488098 0.0427232 0.0367897 0.0311367 0.0258441 0.0209566 0.0164998 0.0125035 0.0090203 0.00611996
 0.00951339 0.0151359 0.0221902 0.0304288 0.0394964 0.0488451 0.0576602 0.0649877 0.0700475 0.0724859 0.0723865 0.0701089 0.0661277 0.0609412 0.05502 0.0487635 0.0424748 0.0363615 0.0305555 0.0251377 0.0201591 0.0156603 0.0116863 0.00829257 0.00553312
 0.00961851 0.0153017 0.02243 0.0307509 0.0399016 0.0493243 0.0581916 0.0655377 0.0705774 0.0729619 0.072787 0.0704252 0.0663568 0.0610775 0.05505 0.048669 0.0422415 0.0359869 0.0300518 0.0245298 0.019483 0.0149614 0.0110173 0.00770435 0.00506267
 0.00955911 0.0152073 0.0222927 0.0305677 0.0396782 0.0490794 0.0579596 0.0653646 0.07051 0.0730331 0.073006 0.0707757 0.0668032 0.0615727 0.0555422 0.0491065 0.0425775 0.0361858 0.0300952 0.0244205 0.019245 0.014636 0.0106556 0.00735718 0.00476927
 0.00956399 0.015221 0.0223235 0.0306249 0.0397679 0.0491988 0.0580938 0.0654911 0.0706085 0.0730967 0.0730453 0.070813 0.0668611 0.0616631 0.0556612 0.0492352 0.042687 0.0362441 0.0300759 0.0243102 0.0190484 0.0143765 0.0103691 0.00708253 0.00453737
 0.00955993 0.0152157 0.0223182 0.0306229 0.0397746 0.0492219 0.0581413 0.0655675 0.0707107 0.0732122 0.0731559 0.0709034 0.0669262 0.0617102 0.0557035 0.049282 0.0427361 0.0362813 0.0300801 0.0242628 0.0189419 0.0142191 0.0101828 0.00689542 0.00437435
 0.00958696 0.0152412 0.022323 0.0305794 0.0396561 0.0490165 0.0578633 0.0652579 0.0704259 0.0730053 0.0730608 0.0709274 0.0670533 0.0619103 0.0559443 0.0495367 0.0429846 0.0365063 0.0302648 0.0243915 0.0190051 0.0142184 0.0101322 0.0068173 0.00429171
 0.00963693 0.0153119 0.0224091 0.0306665 0.0397213 0.0490319 0.0578017 0.0651019 0.0701777 0.0726937 0.0727386 0.0706564 0.066884 0.0618664 0.056019 0.0497008 0.0431996 0.0367354 0.0304773 0.0245648 0.0191254 0.014282 0.0101461 0.0067968 0.00425495
 0.00983086 0.0156076 0.0228165 0.0311792 0.0403155 0.049666 0.0584165 0.0656244 0.0705326 0.0728225 0.0726176 0.0703072 0.0663692 0.0612721 0.0554307 0.0491825 0.0427834 0.0364235 0.0302527 0.0244025 0.0190017 0.0141798 0.0100567 0.00671857 0.00419013
 0.00979728 0.0155593 0.0227559 0.0311137 0.0402564 0.0496269 0.0584104 0.0656598 0.0706097 0.0729296 0.0727311 0.0703977 0.0664116 0.0612572 0.0553696 0.0491021 0.0427139 0.0363861 0.0302521 0.0244292 0.019039 0.014212 0.0100749 0.00672176 0.00418275
 0.0097711 0.0155188 0.0226992 0.031041 0.0401711 0.049536 0.0583251 0.0655948 0.0705797 0.0729446 0.072792 0.0704936 0.0665219 0.0613572 0.0554398 0.0491353 0.0427175 0.0363766 0.0302463 0.0244361 0.0190574 0.0142345 0.0100934 0.00673192 0.00418484
 0.00978505 0.0155454 0.0227459 0.0311162 0.0402807 0.0496788 0.0584899 0.0657611 0.070724 0.0730483 0.0728466 0.0705008 0.0664893 0.0612928 0.055349 0.0490218 0.0425866 0.0362381 0.0301135 0.0243216 0.0189687 0.0141719 0.010052 0.00670504 0.00416703
 0.00975635 0.0154946 0.0226626 0.0309905 0.0401081 0.0494671 0.0582626 0.0655545 0.0705757 0.0729839 0.0728718 0.0706024 0.0666435 0.0614736 0.0555337 0.0491927 0.0427317 0.0363513 0.0301954 0.0243777 0.0190068 0.0141987 0.0100712 0.00671835 0.00417523
 0.00970816 0.0154204 0.0225584 0.0308543 0.0399396 0.0492669 0.0580343 0.0653081 0.0703316 0.0727722 0.0727267 0.0705518 0.0666983 0.0616241 0.0557535 0.0494477 0.0429894 0.0365873 0.0303951 0.0245361 0.0191258 0.0142842 0.0101301 0.00675697 0.00419897
 0.00952853 0.0151577 0.0222177 0.0304592 0.0395257 0.0488703 0.057683 0.0650191 0.0701134 0.0726294 0.0726631 0.070573 0.0668101 0.0618281 0.0560414 0.0497986 0.0433722 0.0369677 0.0307435 0.0248327 0.019362 0.0144608 0.0102543 0.00683886 0.00424933
 0.00946318 0.0150455 0.022039 0.0301956 0.0391683 0.0484308 0.0571999 0.064553 0.0697288 0.0723726 0.0725498 0.0705908 0.0669335 0.0620324 0.0563088 0.0501157 0.0437241 0.0373338 0.0310991 0.0251539 0.0196315 0.0146707 0.010406 0.00694061 0.00431239
 0.00942577 0.0149918 0.0219703 0.0301151 0.0390765 0.0483213 0.0570591 0.0643669 0.069495 0.0721095 0.0722952 0.0703885 0.0668166 0.0620134 0.0563811 0.0502626 0.0439259 0.0375711 0.0313515 0.0254006 0.0198533 0.0148539 0.0105448 0.00703681 0.00437336
 0.00916914 0.014614 0.0214756 0.029534 0.0384589 0.0477227 0.0565286 0.0639409 0.069194 0.0719386 0.0722475 0.0704531 0.0669845 0.0622787 0.0567358 0.0506908 0.0444032 0.0380675 0.0318369 0.0258481 0.0202415 0.0151693 0.0107832 0.00720323 0.00447998
 0.00909608 0.0144801 0.0212478 0.0291771 0.0379497 0.0470694 0.0557841 0.0631979 0.068558 0.071493 0.0720299 0.070454 0.0671644 0.0625904 0.0571391 0.0511564 0.0449083 0.03859 0.032352 0.0263295 0.0206656 0.0155191 0.0110514 0.00739323 0.00460343
 0.00982025 0.0154961 0.022477 0.0304423 0.0390206 0.0477396 0.0559379 0.062834 0.067773 0.0704423 0.0708862 0.0693707 0.0662492 0.0618941 0.0566634 0.0508732 0.0447795 0.0385788 0.0324252 0.0264565 0.0208174 0.0156702 0.0111831 0.00749536 0.00467431
 0.0105229 0.0165843 0.0240058 0.0324053 0.0413276 0.0501983 0.0582528 0.0646508 0.0687748 0.0704602 0.0699612 0.0677293 0.0642116 0.0597702 0.0546835 0.0491672 0.0433924 0.0375008 0.03162 0.0258792 0.0204224 0.0154147 0.0110281 0.00740787 0.00462866
 0.010468 0.0165886 0.0241844 0.0329205 0.0423432 0.0518059 0.060403 0.0671282 0.0712327 0.0725043 0.0712517 0.0680698 0.0635987 0.0583826 0.0528146 0.047131 0.0414445 0.035801 0.0302366 0.0248149 0.0196439 0.014873 0.0106713 0.00718678 0.00450074
 0.0102589 0.0162802 0.0237853 0.0324754 0.0419422 0.051585 0.0605292 0.0677555 0.0724345 0.074207 0.0732155 0.0699408 0.0650178 0.0591018 0.0527676 0.0464315 0.0403229 0.0345156 0.0290002 0.0237596 0.0188224 0.0142814 0.0102745 0.00693859 0.00435649
 0.0100529 0.0159525 0.0233071 0.0318299 0.0411351 0.0506599 0.0595824 0.0669396 0.0719375 0.0742051 0.0738091 0.0711004 0.0665649 0.0607471 0.0541992 0.047417 0.0407762 0.0344994 0.0286721 0.0232972 0.0183658 0.013909 0.0100097 0.00677063 0.00426023
 0.00985278 0.0156498 0.0228929 0.0313089 0.0405215 0.0499721 0.0588437 0.0661875 0.0712354 0.0736492 0.07352 0.0711922 0.0670991 0.0616896 0.0554068 0.0486713 0.0418553 0.0352542 0.0290661 0.0233942 0.0182803 0.0137525 0.00985789 0.00665726 0.00418936
 0.00977429 0.0155214 0.0226988 0.0310353 0.040161 0.0495291 0.0583383 0.0656533 0.0707128 0.0731785 0.0731423 0.0709566 0.067065 0.0619108 0.0559009 0.0493907 0.0426851 0.0360461 0.029693 0.0237946 0.0184674 0.0137892 0.0098182 0.00659772 0.00413954
 0.00984138 0.0156143 0.0228081 0.0311405 0.0402336 0.0495395 0.0582632 0.0654808 0.0704456 0.0728347 0.0727538 0.0705665 0.066724 0.0616736 0.0558175 0.04949 0.0429566 0.0364322 0.0301043 0.0241438 0.0187021 0.0139045 0.00984476 0.0065777 0.00410675
 0.00978858 0.0155352 0.022701 0.0310072 0.0400774 0.0493623 0.0580642 0.0652587 0.0702018 0.0725772 0.0724988 0.0703367 0.0665457 0.0615735 0.0558198 0.0496127 0.0432033 0.0367833 0.0305143 0.0245504 0.0190472 0.0141543 0.00999701 0.00665366 0.00413571
 0.00966327 0.0153458 0.0224431 0.030687 0.0397107 0.0489723 0.0576785 0.0649064 0.0699086 0.07236 0.0723632 0.0702794 0.0665602 0.0616557 0.0559705 0.0498357 0.0435005 0.0371477 0.0309238 0.0249679 0.0194293 0.0144651 0.0102198 0.00679356 0.00421217
 0.00960494 0.0152505 0.0222992 0.0304846 0.039445 0.0486483 0.0573151 0.0645353 0.0695683 0.0720852 0.0721765 0.070188 0.0665587 0.061732 0.0561118 0.0500331 0.0437491 0.0374424 0.0312538 0.0253125 0.0197596 0.0147515 0.0104422 0.00694686 0.00430547
 0.00971985 0.0154088 0.0224846 0.0306629 0.0395728 0.0486867 0.057242 0.0643513 0.0692941 0.0717558 0.0718333 0.069871 0.0662992 0.0615485 0.0560101 0.0500096 0.043796 0.0375509 0.0314128 0.0255065 0.0199673 0.0149489 0.0106087 0.00707114 0.00438719
 0.00966468 0.0153385 0.0224131 0.0306121 0.0395617 0.0487178 0.057293 0.0643801 0.0692574 0.0716306 0.0716283 0.0696228 0.0660569 0.0613559 0.055895 0.0499815 0.0438496 0.037672 0.0315834 0.025707 0.0201769 0.015147 0.0107778 0.00720083 0.00447606
 0.00981464 0.0155694 0.0227368 0.0310315 0.0400712 0.0493022 0.0579244 0.0650118 0.0698223 0.0720488 0.0718253 0.0695534 0.0657229 0.0608093 0.055222 0.0492769 0.0431932 0.0371161 0.0311514 0.0253995 0.0199788 0.0150348 0.010725 0.00718315 0.00447495
 0.00980557 0.015559 0.0227297 0.0310355 0.0400969 0.0493615 0.0580284 0.0651689 0.0700347 0.0723071 0.0721038 0.069809 0.0659034 0.0608701 0.0551445 0.049077 0.042916 0.0368184 0.0308832 0.0251916 0.0198406 0.0149588 0.0106943 0.00717926 0.00448267
 0.00970365 0.0154137 0.0225489 0.0308401 0.0399156 0.0492226 0.0579526 0.0651672 0.0701101 0.0724567 0.0723185 0.0700709 0.0661838 0.0611306 0.0553443 0.0491858 0.0429255 0.0367457 0.0307637 0.0250644 0.0197353 0.0148888 0.0106586 0.00716803 0.00448459
 0.0095787 0.0152055 0.0222281 0.0303814 0.0393093 0.0484902 0.0571573 0.0644091 0.0695016 0.0720897 0.0722398 0.0702761 0.0666267 0.0617389 0.0560346 0.0498767 0.0435504 0.0372631 0.031161 0.0253535 0.0199408 0.015036 0.0107659 0.00724627 0.00453949
 0.00973134 0.0154323 0.0225279 0.0307346 0.0396776 0.04882 0.0573876 0.0644849 0.0693928 0.0718079 0.0718408 0.0698433 0.0662426 0.0614594 0.0558779 0.0498266 0.0435695 0.037309 0.0312004 0.02537 0.0199347 0.0150174 0.0107463 0.00723235 0.0045327
 0.0102683 0.0162791 0.0237501 0.0323658 0.0417011 0.0511469 0.0598385 0.0667978 0.0712708 0.0729935 0.0721844 0.0693368 0.06501 0.0597147 0.053866 0.0477693 0.0416299 0.0355827 0.0297271 0.0241543 0.018965 0.0142747 0.0102066 0.00686515 0.00430152
 0.0100593 0.0159844 0.0233928 0.0320033 0.0414197 0.0510449 0.0600053 0.0672891 0.0720826 0.0740446 0.0733203 0.070365 0.0657558 0.060073 0.0538267 0.047406 0.0410628 0.0349353 0.0290954 0.0235962 0.0185052 0.0139173 0.00994415 0.00668454 0.00418639
 0.0096901 0.0153915 0.0225185 0.0308108 0.0399144 0.0493031 0.0581934 0.0656535 0.070897 0.0735303 0.0735765 0.0713373 0.0672546 0.0618309 0.0555734 0.0489355 0.0422691 0.0358083 0.0296878 0.0239828 0.0187535 0.0140759 0.0100442 0.00674568 0.00422195
 0.0100361 0.0159066 0.0232023 0.0316226 0.0407734 0.0500964 0.0587921 0.0659404 0.0708066 0.0730852 0.0728946 0.0705956 0.0666225 0.0614078 0.055362 0.0488601 0.0422247 0.0357115 0.0295057 0.023731 0.0184748 0.0138142 0.00982891 0.00658758 0.00411727
 0.0100091 0.0158862 0.0232137 0.0317014 0.0409524 0.0503859 0.0591641 0.0663257 0.0711117 0.0732234 0.0728192 0.0703229 0.066231 0.0610115 0.055065 0.0487156 0.0422194 0.0357835 0.0295822 0.0237627 0.0184488 0.0137465 0.0097461 0.00651189 0.00406004
 0.00986759 0.015658 0.0228766 0.0312429 0.0403806 0.0497415 0.0585247 0.0657928 0.0707779 0.0731344 0.0729553 0.070612 0.0665868 0.0613722 0.0554127 0.0490659 0.0425928 0.0361799 0.0299742 0.0241094 0.0187179 0.013928 0.00985141 0.00656367 0.00408088
 0.00990308 0.0156898 0.022876 0.0311664 0.0401802 0.0493832 0.0580071 0.0651575 0.0701062 0.0725305 0.0725187 0.0704075 0.0666251 0.0616115 0.0557825 0.0494978 0.043041 0.0366206 0.030392 0.0244865 0.0190342 0.014169 0.0100159 0.00666347 0.00413446
 0.00966613 0.0153195 0.0223464 0.0304628 0.0393015 0.0483445 0.0568467 0.0639428 0.0689332 0.071515 0.0717796 0.0700447 0.0666955 0.0621113 0.0566435 0.0506047 0.0442619 0.0378373 0.0315171 0.0254651 0.0198374 0.0147885 0.0104613 0.00695911 0.00431435
 0.01006 0.0159218 0.0231796 0.0315155 0.0405237 0.0496448 0.0580921 0.0649692 0.0695758 0.071652 0.0713721 0.0691534 0.0654676 0.0607418 0.0553249 0.0494813 0.0434058 0.0372512 0.0311574 0.0252699 0.0197474 0.0147569 0.0104562 0.00696218 0.00431729
 0.0101019 0.016019 0.0233788 0.0318763 0.0411006 0.0504609 0.0591137 0.0660986 0.0706668 0.0725419 0.0719176 0.0692624 0.0651209 0.0600005 0.054318 0.048373 0.0423523 0.036364 0.0304866 0.0248107 0.0194608 0.0145926 0.0103687 0.00691801 0.00429547
 0.0102375 0.0162303 0.0236813 0.0322826 0.0416234 0.0511142 0.0599074 0.0670252 0.071684 0.0735622 0.0728134 0.0698909 0.065362 0.0597933 0.0536815 0.0474037 0.0411987 0.0351872 0.0294209 0.0239382 0.0188072 0.0141403 0.0100772 0.00674191 0.00419538
 0.0100154 0.0158909 0.0232126 0.0316916 0.0409394 0.0503912 0.0592259 0.0664884 0.0714018 0.0736221 0.0732485 0.0706576 0.0663403 0.060814 0.0545733 0.048043 0.0415409 0.0352674 0.0293262 0.0237678 0.0186384 0.014014 0.0100013 0.00670551 0.00418236
 0.00995353 0.0157872 0.0230509 0.0314556 0.0406172 0.0499823 0.058749 0.0659856 0.0709359 0.0732683 0.0730807 0.0707305 0.0666697 0.0613624 0.05525 0.048726 0.0421144 0.0356585 0.029523 0.0238106 0.0185923 0.013939 0.00993527 0.00666219 0.00415996
 0.0095423 0.0151579 0.0221777 0.0303427 0.0392991 0.0485216 0.0572374 0.0645419 0.0696955 0.0723623 0.0726125 0.0707594 0.0672017 0.062347 0.0565831 0.050261 0.0436853 0.0371118 0.0307494 0.0247618 0.0192777 0.0144045 0.0102379 0.00685261 0.00427582
 0.00923202 0.0147147 0.021623 0.0297325 0.0387043 0.0479981 0.0568039 0.0641795 0.0693679 0.0720427 0.0723043 0.0705014 0.0670587 0.0623881 0.0568559 0.0507695 0.0443813 0.0379053 0.0315347 0.0254495 0.0198167 0.0147865 0.010486 0.00700235 0.00436108
#obs surv len freq
 nan nan nan nan nan nan nan nan nan nan nan nan nan nan nan nan nan nan nan nan nan nan nan nan nan
 0.00448842 0.00735125 0.0111823 0.0159987 0.0216983 0.0279718 0.0342834 0.0400125 0.0446904 0.0481534 0.0505111 0.0520071 0.0528997 0.0534125 0.0537271 0.0539823 0.0542611 0.0545539 0.0546927 0.0542847 0.0527228 0.0493551 0.043805 0.0362852 0.0276691
 0.00461657 0.00756323 0.0115076 0.0164659 0.0223275 0.0287636 0.0352082 0.0410081 0.0456719 0.0490303 0.0512054 0.0524645 0.0530939 0.0533446 0.0534205 0.0534749 0.0535966 0.0537753 0.053839 0.0533928 0.0518318 0.0485082 0.0430473 0.035655 0.0271874
 0.00477932 0.00782894 0.0119098 0.017037 0.0230931 0.0297327 0.0363625 0.0422954 0.0470096 0.0503171 0.0523361 0.0533439 0.0536493 0.0535337 0.0532355 0.0529395 0.052758 0.0526945 0.0525832 0.0520329 0.0504434 0.0471721 0.0418438 0.0346503 0.0264182
 0.00496948 0.00813982 0.0123809 0.0177063 0.0239897 0.0308659 0.0377097 0.043798 0.0485805 0.0518552 0.0537394 0.0545166 0.0545054 0.0540027 0.0532701 0.0525226 0.0519069 0.0514585 0.0510392 0.0502795 0.0485968 0.0453602 0.0401926 0.0332625 0.0253516
 0.00518142 0.00848682 0.0129078 0.0184563 0.0249969 0.0321415 0.0392292 0.0454957 0.0503585 0.0536017 0.0553454 0.0558852 0.055553 0.0546584 0.0534757 0.0522372 0.0511144 0.0501769 0.0493274 0.0482406 0.0463748 0.0431274 0.0381254 0.0315077 0.0239946
 0.00540281 0.00885077 0.0134631 0.0192513 0.0260703 0.0335079 0.040864 0.0473297 0.0522872 0.0555048 0.0571057 0.0573993 0.0567349 0.0554376 0.0537946 0.0520498 0.0503895 0.0489083 0.0475488 0.0460408 0.0439037 0.0405852 0.0357304 0.0294496 0.02239
 0.00565082 0.00925459 0.0140722 0.0201127 0.02722 0.0349582 0.0425885 0.0492577 0.0543121 0.0575035 0.058957 0.058996 0.0579879 0.0562758 0.054162 0.0519017 0.049692 0.0476447 0.0457358 0.0437501 0.0412782 0.0378351 0.0331003 0.0271624 0.0205907
 0.00588737 0.00964396 0.0146671 0.0209651 0.0283711 0.0364219 0.0443356 0.051211 0.0563584 0.0595162 0.0608164 0.0605999 0.0592528 0.0571347 0.0545607 0.0517956 0.049045 0.0464343 0.0439678 0.0414818 0.0386398 0.0350327 0.0303863 0.0247768 0.0186975
 0.00612768 0.0100376 0.0152653 0.0218179 0.029518 0.0378777 0.0460741 0.0531587 0.0584038 0.0615301 0.0626735 0.0621919 0.0604945 0.0579631 0.0549302 0.0516715 0.0483986 0.0452454 0.0422385 0.0392594 0.0360417 0.0322538 0.0276741 0.0223748 0.0167781
 0.0063612 0.0104207 0.0158481 0.0226493 0.0306364 0.0392956 0.0477636 0.0550456 0.0603783 0.0634678 0.0644551 0.0637148 0.0616768 0.0587433 0.0552648 0.05153 0.0477591 0.0440941 0.0405796 0.0371357 0.033559 0.0295913 0.0250647 0.0200523 0.0149128
 0.00661685 0.0108369 0.0164754 0.0235347 0.031814 0.0407718 0.0495021 0.0569626 0.0623544 0.0653713 0.0661642 0.0651308 0.0627277 0.0593811 0.0554606 0.0512674 0.0470286 0.0428925 0.0389178 0.0350571 0.0311614 0.0270385 0.0225705 0.0178332 0.0131286
 0.00683582 0.0112023 0.0170426 0.0243601 0.0329423 0.0422168 0.0512272 0.0588763 0.0643252 0.0672559 0.067833 0.0664827 0.0636932 0.05992 0.0555554 0.0509158 0.0462361 0.0416698 0.0372861 0.0330633 0.0288975 0.0246525 0.0202535 0.0157784 0.0114783
 0.00708082 0.0115977 0.0176325 0.0251845 0.0340306 0.0435766 0.0528314 0.0606555 0.066173 0.0690443 0.0694331 0.0677818 0.0646074 0.0603997 0.0555829 0.0504976 0.0453926 0.0404284 0.0356828 0.0311531 0.0267705 0.0224431 0.0181297 0.0139077 0.0099824
 0.00728834 0.011944 0.0181697 0.0259646 0.0350926 0.0449274 0.0544284 0.0624045 0.0679466 0.070711 0.0708801 0.068924 0.0653854 0.0607761 0.0555408 0.0500392 0.0445368 0.0392074 0.0341409 0.0293527 0.0248014 0.0204286 0.0162165 0.0122377 0.00865549
 0.00743826 0.0121905 0.0185466 0.0265067 0.0358312 0.0458806 0.0555898 0.0637346 0.0693724 0.0721351 0.0721955 0.0700299 0.0662012 0.0612481 0.0556423 0.0497653 0.0438993 0.0382318 0.0328679 0.0278426 0.0231398 0.0187275 0.0146043 0.0108347 0.00754408
 0.00753216 0.0123434 0.0187775 0.0268346 0.0362728 0.0464471 0.0562817 0.0645395 0.0702648 0.0730781 0.0731413 0.0709201 0.0669689 0.0618251 0.0559692 0.0498002 0.0436222 0.0376455 0.0319978 0.026738 0.0218764 0.017405 0.0133353 0.00972293 0.00666042
 0.0075738 0.0124049 0.018859 0.0269342 0.0363898 0.0465858 0.056455 0.0647673 0.0705691 0.0734755 0.0736357 0.0714969 0.0675923 0.0624394 0.0565049 0.0501848 0.0437931 0.0375618 0.0316481 0.0261444 0.0210947 0.0165189 0.0124434 0.00891831 0.00600896
 0.00765368 0.0125285 0.0190327 0.0271585 0.0366576 0.046882 0.0567571 0.06505 0.0708133 0.0736769 0.0738079 0.0716654 0.0677807 0.0626563 0.0567349 0.0503892 0.0439179 0.0375522 0.0314643 0.0257752 0.0205641 0.0158841 0.0117818 0.00830793 0.00550767
 0.00772285 0.0126357 0.0191841 0.0273557 0.0368969 0.0471538 0.0570448 0.0653305 0.0710608 0.0738698 0.0739361 0.071734 0.0678092 0.0626704 0.0567553 0.0504202 0.0439421 0.0375339 0.0313624 0.0255599 0.0202316 0.0154616 0.0113212 0.00786871 0.00513849
 0.00778743 0.0127349 0.0193226 0.0275337 0.0371098 0.0473924 0.0572954 0.0655754 0.0712805 0.0740465 0.0740573 0.0717951 0.0678141 0.0626315 0.0566906 0.0503466 0.0438677 0.0374522 0.0312532 0.0253993 0.0200052 0.0151756 0.0110031 0.00755816 0.0048718
 0.00781435 0.0127774 0.019384 0.0276159 0.0372129 0.0475139 0.0574294 0.0657133 0.0714125 0.0741642 0.0741545 0.0718679 0.0678603 0.0626509 0.0566853 0.0503216 0.0438282 0.0374 0.0311831 0.0253004 0.0198674 0.0149984 0.0108 0.00735342 0.00469076
 0.00785127 0.0128307 0.0194518 0.0276925 0.0372908 0.0475864 0.0574936 0.0657695 0.0714631 0.0742114 0.0741988 0.0719083 0.0678946 0.062676 0.0566985 0.0503209 0.0438131 0.03737 0.0311365 0.0252332 0.0197756 0.014882 0.0106664 0.00721703 0.0045681
 0.00787236 0.0128646 0.019502 0.0277609 0.0373761 0.0476831 0.0575906 0.0658531 0.0715213 0.0742391 0.0741999 0.0718928 0.0678734 0.0626564 0.0566825 0.0503065 0.0437962 0.0373462 0.031102 0.0251847 0.0197108 0.0148015 0.0105752 0.00712426 0.00448433
 0.00787416 0.0128638 0.0194941 0.0277402 0.0373383 0.0476282 0.0575252 0.065789 0.071471 0.0742112 0.0741968 0.071912 0.0679109 0.0627087 0.0567463 0.0503774 0.0438678 0.0374111 0.0311527 0.0252153 0.0197182 0.0147861 0.0105416 0.00708046 0.00443941
 0.00788735 0.0128819 0.0195151 0.0277594 0.037349 0.0476234 0.0574995 0.0657406 0.0714039 0.0741351 0.0741254 0.0718588 0.0678849 0.0627122 0.056776 0.0504265 0.0439282 0.0374743 0.0312104 0.0252603 0.0197454 0.0147941 0.0105328 0.00706038 0.00441494
 0.00788385 0.0128736 0.0194976 0.0277273 0.0372971 0.0475487 0.0574034 0.0656296 0.071288 0.074026 0.0740349 0.0717975 0.067861 0.0627297 0.0568335 0.0505169 0.0440404 0.0375951 0.0313273 0.0253625 0.0198257 0.0148492 0.0105639 0.0070724 0.00441464
 0.00789433 0.012889 0.0195174 0.0277495 0.0373176 0.0475618 0.0574024 0.0656079 0.0712417 0.0739563 0.0739484 0.0717056 0.0677772 0.0626666 0.0568001 0.0505172 0.0440722 0.0376512 0.0313969 0.0254341 0.0198892 0.014898 0.0105958 0.00708911 0.00442037
 0.00792041 0.012926 0.0195632 0.0277984 0.0373622 0.0475951 0.0574194 0.0656063 0.0712207 0.0739161 0.0738906 0.0716337 0.0676976 0.0625886 0.0567341 0.0504721 0.0440536 0.0376592 0.0314266 0.0254768 0.0199351 0.0149388 0.0106266 0.00710852 0.00443026
 0.00784667 0.0128163 0.0194171 0.027622 0.0371667 0.0473933 0.0572242 0.0654303 0.0710769 0.0738163 0.0738438 0.0716433 0.0677601 0.0626946 0.0568714 0.0506291 0.0442208 0.0378295 0.0315933 0.0256327 0.0200727 0.0150521 0.0107123 0.0071676 0.00446691
 0.00784787 0.0128039 0.0193726 0.0275216 0.0369895 0.0471343 0.0569025 0.0650876 0.0707643 0.0735773 0.0737024 0.071603 0.0678102 0.0628176 0.0570477 0.0508397 0.0444485 0.0380594 0.0318134 0.0258337 0.0202472 0.0151948 0.0108211 0.00724406 0.00451591
 0.00781731 0.0127582 0.0193105 0.0274419 0.0368887 0.0470036 0.0567294 0.0648624 0.0704907 0.0732793 0.0734225 0.071389 0.0676984 0.0628221 0.0571593 0.0510338 0.0446944 0.0383281 0.0320809 0.0260817 0.0204632 0.0153714 0.010956 0.0073394 0.00457778
 0.00780551 0.0127343 0.0192659 0.0273671 0.0367758 0.0468513 0.0565454 0.0646611 0.0702868 0.0730833 0.0732403 0.0712286 0.0675754 0.0627575 0.0571721 0.0511306 0.0448661 0.0385526 0.0323303 0.0263293 0.0206881 0.01556 0.0111023 0.00744408 0.00464648
 0.00776646 0.0126734 0.0191791 0.0272515 0.0366301 0.0466759 0.0563433 0.0644405 0.0700616 0.0728718 0.0730616 0.0710977 0.0675008 0.0627427 0.0572185 0.0512392 0.0450346 0.0387715 0.0325817 0.0265897 0.0209336 0.0157719 0.01127 0.00756575 0.00472712
 0.0077329 0.012618 0.0190943 0.0271305 0.036469 0.0464764 0.0561154 0.0642012 0.0698316 0.0726698 0.0729016 0.0709882 0.0674466 0.062746 0.0572791 0.0513544 0.0451994 0.0389781 0.0328178 0.026838 0.021174 0.0159855 0.0114437 0.0076946 0.00481402
 0.00932501 0.0148456 0.0217805 0.0298882 0.0388131 0.0480036 0.0566464 0.0638082 0.0687555 0.071199 0.0712811 0.069386 0.0659599 0.0614226 0.0561374 0.0503974 0.0444217 0.0383695 0.0323637 0.0265191 0.0209664 0.0158624 0.0113788 0.00766521 0.00480349
 0.00932545 0.0151392 0.0227384 0.0319684 0.0423609 0.0529813 0.0624623 0.0694129 0.0730136 0.0733362 0.0711402 0.0673678 0.0627472 0.0576886 0.0523786 0.0469061 0.0413371 0.03574 0.0301921 0.0247851 0.0196348 0.014886 0.0107006 0.00722273 0.00453448
 0.00897988 0.014598 0.0219837 0.0310544 0.0414659 0.0524419 0.0627322 0.0709 0.0758344 0.077134 0.0751302 0.0706343 0.0646243 0.0579906 0.0513685 0.0450797 0.0391898 0.0336331 0.0283294 0.0232504 0.01844 0.0140048 0.0100871 0.00682222 0.00429123
 0.00879041 0.014281 0.0214913 0.0303402 0.0405042 0.0512607 0.0614551 0.0697724 0.0752015 0.0773443 0.0763788 0.0728187 0.0673148 0.0605696 0.0532791 0.0460366 0.0392345 0.0330331 0.0274151 0.0222918 0.0175993 0.0133486 0.00961931 0.00651481 0.00410481
 0.00872233 0.0141628 0.0212984 0.0300426 0.0400701 0.0506653 0.060694 0.0688795 0.0742672 0.0765272 0.0758937 0.0728812 0.0680471 0.0619092 0.0549581 0.0476684 0.0404712 0.033698 0.0275373 0.02204 0.0171772 0.0129161 0.00926398 0.0062629 0.00394601
 0.0087045 0.0141291 0.0212384 0.029942 0.0399115 0.050431 0.060369 0.0684559 0.0737502 0.0759452 0.0753104 0.0724032 0.0678106 0.0620372 0.0554966 0.0485391 0.0414797 0.0346081 0.0281697 0.022336 0.0171937 0.0127689 0.00906559 0.0060857 0.0038187
 0.00868788 0.0141023 0.0211981 0.0298846 0.0398325 0.0503246 0.0602284 0.0682735 0.0735194 0.0756631 0.0749837 0.0720566 0.0674945 0.0618266 0.0554729 0.048754 0.0419189 0.0351804 0.0287386 0.0227783 0.0174492 0.0128508 0.00903371 0.0060071 0.00374038
 0.00868397 0.0140977 0.0211942 0.0298833 0.0398351 0.0503299 0.0602313 0.0682646 0.073486 0.0755918 0.074864 0.0718852 0.0672816 0.0616007 0.0552814 0.048653 0.041951 0.0353507 0.0290048 0.0230654 0.0176839 0.0129928 0.00908493 0.00599749 0.00370537
 0.00867441 0.0140818 0.02117 0.0298492 0.039791 0.0502783 0.0601774 0.0682154 0.0734469 0.0755634 0.0748398 0.0718542 0.0672324 0.0615291 0.055196 0.048577 0.0419164 0.0353839 0.0291109 0.0232221 0.0178501 0.0131289 0.00916979 0.00603319 0.00370847
 0.00865339 0.0140488 0.0211226 0.0297861 0.0397123 0.0501864 0.0600777 0.0681163 0.0733591 0.075497 0.0748019 0.0718453 0.0672464 0.061555 0.0552233 0.0486018 0.0419444 0.0354283 0.0291836 0.023324 0.0179679 0.0132407 0.00925663 0.00608723 0.00373379
 0.00864639 0.014037 0.0211038 0.0297582 0.0396736 0.0501361 0.0600171 0.068049 0.0732903 0.075433 0.074749 0.0718088 0.0672294 0.061557 0.0552405 0.0486287 0.0419774 0.0354678 0.0292333 0.0233869 0.0180414 0.0133159 0.00932214 0.00613501 0.00376238
 0.00862685 0.0140079 0.021065 0.0297112 0.0396209 0.0500804 0.0599606 0.0679935 0.0732379 0.0753862 0.0747108 0.0717826 0.067218 0.0615622 0.055262 0.0486641 0.042023 0.0355202 0.0292906 0.0234482 0.018105 0.0133778 0.00937677 0.00617748 0.00379087
 0.0086182 0.0139934 0.0210427 0.0296792 0.0395785 0.0500289 0.0599042 0.0679381 0.0731897 0.0753493 0.0746863 0.0717693 0.0672142 0.0615671 0.0552757 0.0486871 0.0420551 0.0355601 0.0293364 0.0234976 0.0181555 0.0134264 0.00941983 0.00621192 0.00381526
 0.00862491 0.0140026 0.0210531 0.0296884 0.0395834 0.0500263 0.0598916 0.0679151 0.0731576 0.0753117 0.0746477 0.0717342 0.0671858 0.0615468 0.0552639 0.0486839 0.0420604 0.0355738 0.0293578 0.0235251 0.0181869 0.0134587 0.00944976 0.00623688 0.00383377
 0.00859979 0.0139664 0.0210074 0.0296373 0.0395324 0.0499802 0.059853 0.0678839 0.0731327 0.0752921 0.0746338 0.0717274 0.0671879 0.061559 0.055286 0.0487143 0.0420971 0.0356146 0.0294008 0.0235686 0.018229 0.0134973 0.00948297 0.00626325 0.00385285
 0.00859979 0.0139664 0.0210074 0.0296373 0.0395324 0.0499802 0.059853 0.0678839 0.0731327 0.0752921 0.0746338 0.0717274 0.0671879 0.061559 0.055286 0.0487143 0.0420971 0.0356146 0.0294008 0.0235686 0.018229 0.0134973 0.00948297 0.00626325 0.00385285
 0.00855959 0.0138986 0.0209014 0.0294837 0.0393269 0.0497296 0.0595787 0.0676198 0.0729164 0.0751527 0.0745845 0.0717642 0.0672951 0.0617161 0.0554728 0.0489135 0.0422951 0.0358013 0.0295693 0.0237148 0.0183509 0.0135946 0.00955675 0.00631588 0.00388776
 0.00861457 0.0139832 0.0210191 0.0296323 0.0394972 0.0499037 0.0597309 0.0677216 0.0729452 0.0751014 0.0744646 0.0716017 0.0671199 0.0615529 0.0553363 0.0488091 0.0422217 0.0357546 0.0295438 0.0237049 0.0183516 0.0136015 0.00956643 0.00632565 0.00389598
 0.00906113 0.0146923 0.0220513 0.0310227 0.0412366 0.0519164 0.061857 0.0697274 0.0745694 0.0761247 0.074767 0.0711841 0.0660888 0.0600811 0.0536191 0.047026 0.0405138 0.0342165 0.0282277 0.02263 0.0175137 0.0129804 0.00913139 0.00603994 0.0037215
 0.00878597 0.0143088 0.0215943 0.0305702 0.0408957 0.0517947 0.0620341 0.0702329 0.0753714 0.0771277 0.075825 0.0721319 0.0667836 0.0604393 0.0536321 0.0467512 0.0400471 0.0336614 0.0276712 0.0221316 0.0171043 0.0126686 0.00891024 0.00589419 0.00363264
 0.00851129 0.0138337 0.020833 0.0294431 0.039369 0.0499335 0.0600371 0.0684115 0.0740649 0.0765891 0.0761384 0.0731969 0.0683644 0.0622451 0.0553952 0.0482813 0.0412513 0.034534 0.0282626 0.0225138 0.0173452 0.0128195 0.00900487 0.00595304 0.0036682
 0.00879238 0.0142471 0.0213694 0.0300536 0.0399638 0.0503906 0.0602242 0.0682249 0.0734796 0.0756957 0.075134 0.0723205 0.0678054 0.0620752 0.0555582 0.048637 0.041644 0.0348476 0.0284458 0.0225725 0.0173179 0.0127514 0.00893089 0.00589217 0.00362614
 0.00867611 0.0141004 0.0212255 0.0299653 0.0399836 0.0505401 0.0604698 0.0684772 0.0736211 0.0756277 0.0748224 0.0718199 0.0672473 0.0616207 0.0553334 0.0486842 0.0419137 0.0352328 0.0288336 0.0228855 0.0175279 0.012869 0.00898428 0.00591002 0.00362863
 0.00854495 0.0138741 0.0208647 0.0294361 0.0392776 0.0496994 0.0595985 0.067721 0.0731142 0.0754341 0.0749099 0.0720864 0.0675814 0.0619579 0.0556748 0.0490721 0.0423853 0.0357845 0.0294171 0.0234323 0.0179814 0.0132034 0.00920546 0.00604235 0.00370091
 0.00859589 0.0139446 0.0209463 0.0295083 0.0393079 0.0496476 0.0594274 0.0674132 0.0726899 0.0749571 0.0744708 0.0717662 0.0674169 0.0619341 0.0557478 0.0492042 0.0425631 0.0360111 0.0296904 0.0237308 0.0182689 0.0134459 0.0093846 0.00615886 0.00376802
 0.00833981 0.0135508 0.0203963 0.0288021 0.0384656 0.0487094 0.058453 0.0664774 0.071872 0.0743275 0.0740825 0.0716531 0.0675924 0.0623842 0.0564263 0.0500374 0.0434677 0.0369147 0.0305408 0.0244932 0.0189189 0.0139671 0.00977236 0.00642342 0.00393226
 0.00876928 0.014203 0.02129 0.0299186 0.0397467 0.0500604 0.0597461 0.0675628 0.0726024 0.0745939 0.0738445 0.0709507 0.0665356 0.0611262 0.0551282 0.0488344 0.0424473 0.0361127 0.0299526 0.0240908 0.0186642 0.0138198 0.00969563 0.00638746 0.00391671
 0.00870482 0.014154 0.0213175 0.0301093 0.0401848 0.050785 0.0607179 0.0686615 0.0736609 0.0754477 0.0743728 0.0710949 0.0662992 0.0605664 0.0543421 0.0479406 0.0415622 0.0353278 0.0293214 0.0236275 0.0183532 0.0136296 0.00959026 0.00633509 0.0038935
 0.00880903 0.0143049 0.0215135 0.0303453 0.0404643 0.0511325 0.061179 0.0692823 0.07445 0.0763457 0.075251 0.0717909 0.0666727 0.0605442 0.0539352 0.0472311 0.0406737 0.034392 0.0284498 0.0228939 0.0177893 0.0132314 0.00933121 0.00617958 0.00380732
