SBPRF35
7.78865
Curr Bio
449143
B35
683308
F35
0.212325
FOFL
0.131456
OFL
45900
Bzero
2.22533e+006
#pred survey bio
 4.75921e+006 4.47692e+006 4.21105e+006 3.90006e+006 3.57528e+006 3.22905e+006 2.91211e+006 2.55689e+006 2.25521e+006 1.98277e+006 1.74611e+006 1.55928e+006 1.39669e+006 1.25517e+006 1.09055e+006 972981 866854 802137 766564 729910 684835 664645 656890 641683 627767 614973 608661 609234 600795 602655 598998 593487 585739 572692 558770 545067 530941 528576 526317 532867 537826 528991 535806 548732 555966 565887 574714 584354 589562 595392 600509 603379 591328 583221 564794 559725 523975 484744 454603 1.54366e+007 9.33002e+006 9.73314e+006 1.06816e+007 1.19e+007 1.31318e+007 1.42272e+007 1.51274e+007 1.58297e+007 1.63587e+007 1.67481e+007 1.70304e+007 1.72334e+007 1.73787e+007 1.74827e+007 1.75574e+007 1.76112e+007 1.76502e+007 1.76787e+007 1.76996e+007 1.7715e+007 1.77265e+007 1.77351e+007 1.77415e+007 1.77464e+007 1.77501e+007 1.77529e+007 1.77551e+007 1.77567e+007 1.7758e+007 1.77589e+007 1.77597e+007 1.77603e+007 1.77607e+007 1.7761e+007 1.77613e+007 1.77615e+007 1.77617e+007 1.77618e+007 1.77619e+007 1.77619e+007 1.7762e+007 1.7762e+007 1.77621e+007 1.77621e+007 1.77621e+007 1.77621e+007 1.77622e+007 1.77622e+007 1.77622e+007 1.77622e+007 1.77622e+007 1.77622e+007 1.77622e+007 1.77622e+007 1.77622e+007 1.77622e+007 1.77622e+007 1.77622e+007 1.77622e+007 1.77622e+007 1.77622e+007 1.77622e+007 1.77622e+007 1.77622e+007 1.77622e+007 1.77622e+007 1.77622e+007 1.77622e+007 1.77622e+007 1.77622e+007 1.77622e+007 1.77622e+007 1.77622e+007 1.77622e+007 1.77622e+007 1.77622e+007 1.77622e+007 1.77622e+007 1.77622e+007 1.77622e+007 1.77622e+007 1.77622e+007 1.77622e+007 1.77622e+007 1.77622e+007 1.77622e+007 1.77622e+007 1.77622e+007 1.77622e+007 1.77622e+007 1.77622e+007 1.77622e+007 1.77622e+007 1.77622e+007 1.77622e+007 1.77622e+007 1.77622e+007 1.77622e+007 1.77622e+007 0 0 0 0 0 0 0 0 0 0 0 0 0 0 0 0 0 0 0 0 0 0 0 0 0
#obs survey bio
 5.19778e+006 3.45915e+006 2.67896e+006 3.57891e+006 2.77752e+006 2.84211e+006 1.97516e+006 2.41569e+006 1.50576e+006 1.67991e+006 1.46717e+006 1.05847e+006 975136 998212 921828 730803 957678 815710 661249 496070 614739 540046 485761 527835 488514 439237 599212 586287 632043 488344 605242 392338 547987 386296 564199 594709 422960 472676 797536 591403 508002 369538 606110 527591 405911 450106 404372 444784 755226 421693 776734 601256 617948 546289 567331 688257 462481 630028 435766
#pred catch bio
 116794 107175 163500 199906 249269 254930 321432 302528 301869 291347 264214 255694 245271 267617 225626 213062 174595 148082 147324 151177 126904 114374 118010 113590 109881 102509 95405.4 101659 92124.1 96255.6 96747.5 96949.3 98724.1 95713.3 91434.6 90369.3 83703.4 87830.9 82560.2 84840.7 96371.8 83409 79325.3 85061.8 83741.8 85593 85898.4 90524.7 90570.8 91475.1 93185.7 104855 100551 107653 94178.9 116726 115585 104113 85999.8 45900 71749.9 73437.5 79390 88194.1 97322.5 105371 111845 116749 120307 122809 124526 125683 126452 126957 127285 127498 127634 127721 127777 127812 127835 127849 127858 127863 127867 127869 127870 127871 127872 127872 127872 127873 127873 127873 127873 127873 127873 127873 127873 127873 127873 127873 127873 127873 127873 127873 127873 127873 127873 127873 127873 127873 127873 127873 127873 127873 127873 127873 127873 127873 127873 127873 127873 127873 127873 127873 127873 127873 127873 127873 127873 127873 127873 127873 127873 127873 127873 127873 127873 127873 127873 127873 127873 127873 127873 127873 127873 127873 127873 127873 127873 127873 127873 127873 127873 127873 127873 127873 127873 0 0 0 0 0 0 0 0 0 0 0 0 0 0 0 0 0 0 0 0 0 0 0 0 0
#obs catch bio
 0 106899 164427 201100 252357 257880 329567 308291 309240 299732 271670 264137 253752 278585 232194 219794 177980 150874 150191 155609 129190 116581 120416 115355 111177 104090 96461.6 102957 92893.7 97594 97913 98599.8 100363 97278.6 92765.5 90891.5 84523.5 89080.6 82923.7 84895.2 96947.8 83943.9 79833.4 85505.4 84403.1 86142.2 86382.1 91089.9 91111 92144.2 93447.7 105490 100826 108357 94007.5 116310 115268 103753 85902.9
#pred cpue bio
 4.68498e+006 4.40828e+006 4.14611e+006 3.8366e+006 3.51304e+006 3.16833e+006 2.85276e+006 2.49994e+006 2.20028e+006 1.92962e+006 1.69461e+006 1.5091e+006 1.34797e+006 1.20836e+006 1.04705e+006 932038 828514 765488 730895 695314 651786 632523 625397 611196 598235 586082 580117 580938 572948 574791 571318 566154 558981 546860 534100 521543 507258 503179 500009 506560 511670 503093 509591 522163 529158 538694 547231 556505 561461 567114 572165 575134 563482 555538 537836 533394 499086 460985 431976 1.46924e+007 8.89484e+006 9.15592e+006 9.95187e+006 1.11189e+007 1.23391e+007 1.34323e+007 1.43321e+007 1.50343e+007 1.55633e+007 1.59526e+007 1.6235e+007 1.64379e+007 1.65833e+007 1.66873e+007 1.6762e+007 1.68158e+007 1.68548e+007 1.68832e+007 1.69041e+007 1.69196e+007 1.69311e+007 1.69397e+007 1.69461e+007 1.6951e+007 1.69547e+007 1.69575e+007 1.69597e+007 1.69613e+007 1.69626e+007 1.69635e+007 1.69643e+007 1.69648e+007 1.69653e+007 1.69656e+007 1.69659e+007 1.69661e+007 1.69662e+007 1.69664e+007 1.69664e+007 1.69665e+007 1.69666e+007 1.69666e+007 1.69667e+007 1.69667e+007 1.69667e+007 1.69667e+007 1.69667e+007 1.69667e+007 1.69667e+007 1.69667e+007 1.69668e+007 1.69668e+007 1.69668e+007 1.69668e+007 1.69668e+007 1.69668e+007 1.69668e+007 1.69668e+007 1.69668e+007 1.69668e+007 1.69668e+007 1.69668e+007 1.69668e+007 1.69668e+007 1.69668e+007 1.69668e+007 1.69668e+007 1.69668e+007 1.69668e+007 1.69668e+007 1.69668e+007 1.69668e+007 1.69668e+007 1.69668e+007 1.69668e+007 1.69668e+007 1.69668e+007 1.69668e+007 1.69668e+007 1.69668e+007 1.69668e+007 1.69668e+007 1.69668e+007 1.69668e+007 1.69668e+007 1.69668e+007 1.69668e+007 1.69668e+007 1.69668e+007 1.69668e+007 1.69668e+007 1.69668e+007 1.69668e+007 1.69668e+007 1.69668e+007 1.69668e+007 1.69668e+007 1.69668e+007 1.69668e+007 0 0 0 0 0 0 0 0 0 0 0 0 0 0 0 0 0 0 0 0 0 0 0 0 0
#obs cpue bio
 3.36851e+006 2.36647e+006 3.06309e+006 3.08072e+006 2.45045e+006 2.60266e+006 1.91945e+006 3.38072e+006 1.93002e+006 1.3169e+006 1.3455e+006 1.22286e+006 1.14677e+006 1.17123e+006 1.14636e+006 841735 830320 469626 673511 487268 762233 454010 694237 753414 816676 469485 578500 557274 504231 437070 534145 464215 525695 627998 457124 860159 350494 405768 536633 580404 433041 483945 382731 640553 474133 718523 717784 687611 394804 646160 567721 507126 557057 519185 690637 656559 530820 400166 371921
#pred surv len freq
 0.00487351 0.00795709 0.0120575 0.0171779 0.0232005 0.0297972 0.0364069 0.0423797 0.0472259 0.0507784 0.0531639 0.0546534 0.0555236 0.0559853 0.0561565 0.0560598 0.0556381 0.0547815 0.05334 0.0511145 0.047852 0.0433054 0.0373867 0.0303476 0.0228372
 0.00520503 0.00837219 0.0124586 0.0174119 0.0231175 0.0293343 0.0356432 0.0415166 0.0464931 0.0503218 0.0529843 0.0546274 0.0554865 0.0558216 0.0558562 0.0557205 0.0554179 0.0548241 0.0537046 0.051743 0.0485923 0.0439798 0.0378674 0.0305982 0.0229021
 0.00548651 0.00884628 0.0131929 0.0184539 0.0244543 0.0308485 0.0371012 0.0426249 0.047016 0.0501941 0.0523366 0.0537009 0.0544977 0.0548748 0.0549503 0.0548245 0.0545442 0.0540462 0.0531152 0.0513908 0.0484458 0.0439438 0.0378377 0.0305132 0.0227598
 0.00573571 0.0092509 0.0138032 0.0193214 0.0256264 0.0323521 0.0389128 0.0446362 0.0490176 0.0519026 0.0534723 0.0540885 0.0541316 0.0539033 0.053591 0.0532728 0.0529346 0.052469 0.0516469 0.0500986 0.0473679 0.0430748 0.0371401 0.0299468 0.0223029
 0.00600168 0.0096757 0.014429 0.0201844 0.0267532 0.0337535 0.0405748 0.0465124 0.0510234 0.0539092 0.0553018 0.0555248 0.054962 0.0539852 0.052907 0.0519358 0.0511404 0.0504309 0.0495508 0.0480883 0.0455456 0.0415026 0.0358441 0.0289255 0.0215377
 0.00629209 0.0101429 0.0151229 0.021148 0.0280145 0.0353139 0.0423973 0.048519 0.0531078 0.0559561 0.0571974 0.0571507 0.056184 0.0546551 0.0528925 0.0511693 0.049657 0.0483708 0.0471243 0.0455256 0.0430548 0.0392466 0.0339313 0.0274084 0.0204175
 0.00649648 0.0104847 0.015655 0.0219265 0.0290878 0.0367055 0.0440883 0.0504414 0.0551545 0.0580022 0.0591209 0.0588422 0.0575434 0.0555825 0.0532828 0.0509231 0.0487124 0.0467421 0.0449237 0.0429526 0.0403567 0.0366674 0.0316669 0.0255796 0.0190613
 0.00684926 0.0110375 0.0164495 0.0229899 0.0304326 0.0383262 0.0459546 0.0524907 0.0572921 0.0601108 0.0610753 0.0605237 0.0588505 0.0564329 0.0536076 0.0506597 0.0478076 0.0451738 0.0427348 0.0402768 0.0374158 0.0337332 0.0290008 0.0233731 0.0174013
 0.00722083 0.0116252 0.0173027 0.0241422 0.0318941 0.0400747 0.0479264 0.0545829 0.0593806 0.0620769 0.0628237 0.0619835 0.0599646 0.0571474 0.0538671 0.0504077 0.0469917 0.0437594 0.0407308 0.037766 0.0345726 0.0308075 0.0262663 0.0210569 0.0156284
 0.00755684 0.0121701 0.0181196 0.0252868 0.0334017 0.0419406 0.0500871 0.0569122 0.0617102 0.0642336 0.0646639 0.063412 0.0609334 0.0576417 0.0538855 0.049945 0.0460316 0.0422823 0.0387378 0.0353118 0.0317925 0.0279182 0.0235264 0.0187001 0.0137993
 0.0079131 0.0127323 0.0189349 0.0263894 0.0348096 0.0436489 0.0520569 0.0590623 0.0639194 0.0663546 0.0665454 0.0649205 0.0619719 0.0581585 0.0538705 0.0494139 0.0450072 0.0407842 0.0367896 0.0329672 0.0291641 0.0251887 0.0209242 0.0164426 0.0120302
 0.00817497 0.0131583 0.0195759 0.0272915 0.0360035 0.045135 0.0537914 0.0609558 0.0658528 0.0682043 0.0682011 0.0662901 0.0629788 0.0587408 0.0539859 0.049044 0.0441566 0.0394751 0.0350602 0.0308811 0.0268278 0.0227615 0.018603 0.0144179 0.0104326
 0.00831521 0.013404 0.0199785 0.0279103 0.0368933 0.0463251 0.0552655 0.0626436 0.0676408 0.069959 0.0697937 0.0676143 0.0639575 0.0593252 0.0541486 0.0487733 0.0434532 0.0383534 0.0335539 0.0290521 0.0247768 0.020632 0.0165666 0.0126391 0.00902504
 0.00835392 0.0134859 0.0201383 0.0281953 0.0373567 0.0470128 0.0562004 0.0638143 0.0689976 0.0714169 0.0712431 0.0689358 0.0650411 0.0600856 0.0545328 0.0487573 0.0430352 0.0375479 0.0323927 0.0275911 0.0231062 0.0188777 0.0148776 0.0111567 0.00784718
 0.00863543 0.0139215 0.020753 0.0289989 0.0383438 0.0481639 0.0574802 0.065169 0.0703569 0.0727017 0.0723741 0.0698413 0.065662 0.0603797 0.0544777 0.0483506 0.0422912 0.0364944 0.0310697 0.026056 0.0214403 0.0171894 0.013291 0.00978711 0.00677115
 0.00878105 0.0141618 0.0211205 0.0295237 0.0390451 0.049038 0.0584908 0.0662495 0.0714264 0.0736869 0.0732227 0.0705216 0.0661524 0.0606596 0.0545244 0.048144 0.0418202 0.0357626 0.0300994 0.0248916 0.0201509 0.0158669 0.0120399 0.00870289 0.00591724
 0.00902913 0.0145416 0.0216488 0.0302014 0.0398599 0.049967 0.0595002 0.067291 0.0724364 0.0745926 0.0739552 0.0710296 0.0664113 0.0606711 0.0543067 0.047719 0.0412061 0.0349738 0.0291542 0.0238209 0.019006 0.014719 0.0109706 0.00778667 0.0052016
 0.00920603 0.0148084 0.0220114 0.0306513 0.0403768 0.050524 0.060069 0.0678452 0.0729554 0.0750632 0.0743694 0.0713778 0.0666768 0.0608302 0.054335 0.047599 0.0409296 0.0345422 0.028578 0.023123 0.0182251 0.013911 0.0102013 0.00711738 0.00467334
 0.00925609 0.014888 0.0221274 0.030808 0.0405738 0.0507548 0.0603194 0.0680969 0.0731921 0.0752783 0.0745681 0.0715723 0.0668762 0.0610302 0.0545146 0.0477245 0.0409649 0.0344587 0.0283622 0.0227803 0.0177813 0.0134096 0.00969638 0.00666155 0.00430445
 0.00919216 0.0148129 0.0220673 0.0308041 0.0406699 0.0509781 0.0606654 0.0685266 0.0736446 0.0756916 0.0748969 0.0717971 0.0670022 0.0610784 0.0545088 0.0476794 0.0408804 0.0343228 0.0281599 0.0225045 0.0174401 0.0130284 0.00931251 0.00631389 0.00402208
 0.00930758 0.014977 0.0222721 0.0310313 0.0409007 0.051207 0.0609056 0.0688024 0.073971 0.0760554 0.0752529 0.0720835 0.0671663 0.0610969 0.054392 0.0474608 0.0405985 0.0340065 0.027824 0.022154 0.0170797 0.0126697 0.00897525 0.0060204 0.00378925
 0.00930506 0.01497 0.0222556 0.0309974 0.0408398 0.0511099 0.0607697 0.0686384 0.0738088 0.0759412 0.0752354 0.0721921 0.0673939 0.0613999 0.0547082 0.0477333 0.0407929 0.0341128 0.0278478 0.0221074 0.016977 0.0125281 0.00881539 0.00586445 0.00365571
 0.00915114 0.0147409 0.0219502 0.0306287 0.0404315 0.0506901 0.0603663 0.0682775 0.0735154 0.0757402 0.0751512 0.0722465 0.0675994 0.0617498 0.0551701 0.0482521 0.0413046 0.0345616 0.0281986 0.0223482 0.0171143 0.0125802 0.0088072 0.00582216 0.00360231
 0.00912302 0.0146856 0.0218503 0.0304646 0.0401888 0.0503704 0.0599941 0.0678976 0.0731789 0.0754873 0.0750023 0.0722046 0.0676593 0.0619059 0.0554154 0.0485716 0.0416697 0.0349328 0.0285344 0.0226169 0.017301 0.0126876 0.00885096 0.00582384 0.0035829
 0.00922741 0.0148275 0.0220119 0.0306103 0.0402731 0.0503519 0.0598494 0.0676291 0.0728156 0.075079 0.0746084 0.0718799 0.0674421 0.0618123 0.0554419 0.0487016 0.0418785 0.035189 0.0288026 0.0228628 0.0174989 0.0128255 0.00893131 0.00585947 0.00359049
 0.00925968 0.0148891 0.0221195 0.0307804 0.0405119 0.0506426 0.0601451 0.06786 0.0729123 0.0750006 0.0743602 0.0715111 0.0670269 0.061425 0.0551381 0.0485095 0.0417998 0.0352062 0.0288862 0.0229789 0.0176166 0.0129226 0.00899752 0.0058957 0.00360455
 0.00922795 0.0148386 0.0220468 0.0306858 0.040403 0.0505365 0.0600667 0.0678335 0.072947 0.0750805 0.0744467 0.0715603 0.0670118 0.0613496 0.0550336 0.0484181 0.0417563 0.0352263 0.0289647 0.0230957 0.0177454 0.01304 0.00908895 0.00595685 0.00363937
 0.00920377 0.0147907 0.021959 0.0305393 0.0401821 0.0502386 0.0597108 0.0674618 0.0726165 0.0748462 0.0743438 0.0715925 0.0671518 0.0615517 0.0552537 0.0486296 0.0419541 0.0354181 0.0291586 0.0232913 0.0179327 0.0132049 0.00922004 0.00605004 0.00369819
 0.00931142 0.0149501 0.0221692 0.0307864 0.0404403 0.050473 0.0598824 0.0675351 0.0725697 0.074682 0.0740922 0.0713025 0.0668744 0.0613225 0.0550853 0.0485157 0.0418811 0.0353759 0.0291436 0.0233022 0.0179656 0.0132512 0.00926851 0.00609152 0.00372809
 0.00924239 0.0148562 0.0220614 0.0306854 0.0403694 0.0504475 0.059901 0.0675792 0.072611 0.0746941 0.0740611 0.0712317 0.0667833 0.0612388 0.0550342 0.048511 0.041922 0.035451 0.0292382 0.023404 0.0180656 0.0133428 0.00934639 0.00615204 0.00377047
 0.00918163 0.0147653 0.02194 0.0305405 0.0402161 0.0503081 0.0598017 0.0675434 0.07265 0.0747987 0.0742015 0.0713683 0.0668824 0.0612861 0.0550372 0.0484917 0.0419046 0.0354521 0.0292629 0.0234483 0.0181212 0.0134008 0.00939954 0.00619552 0.0038023
 0.00906185 0.0145899 0.0217121 0.0302759 0.0399398 0.0500475 0.0595821 0.0673864 0.0725727 0.0748118 0.0743047 0.0715459 0.0671049 0.061517 0.0552446 0.0486583 0.0420301 0.0355479 0.0293434 0.0235234 0.0181939 0.0134688 0.00945862 0.00624243 0.00383603
 0.00888957 0.0143311 0.0213631 0.0298495 0.0394638 0.0495617 0.0591333 0.0670233 0.0723371 0.0747291 0.0743778 0.0717565 0.0674199 0.0618957 0.0556454 0.0490441 0.0423745 0.0358381 0.0295792 0.0237123 0.0183448 0.0135882 0.00955056 0.00630964 0.00388175
 0.00868784 0.0140269 0.0209501 0.0293392 0.0388844 0.0489537 0.0585471 0.0665144 0.071959 0.0745225 0.0743611 0.0719233 0.067742 0.0623315 0.0561474 0.0495659 0.0428759 0.0362895 0.0299636 0.0240246 0.0185888 0.0137724 0.00968433 0.00640226 0.00394205
 0.00859171 0.0138596 0.0206794 0.0289323 0.0383198 0.048239 0.0577312 0.065686 0.0712255 0.0739797 0.07407 0.071902 0.0679713 0.0627663 0.0567284 0.0502287 0.0435595 0.036942 0.0305469 0.0245163 0.018981 0.0140689 0.00989652 0.00654544 0.00403247
 0.00942271 0.0150124 0.0220472 0.0302906 0.0393881 0.0487797 0.057634 0.0649915 0.0700905 0.0726154 0.0726864 0.0706702 0.0670045 0.0621138 0.056383 0.050143 0.0436646 0.0371648 0.0308221 0.0247933 0.019227 0.0142673 0.0100439 0.00664683 0.00409707
 0.0102356 0.0162962 0.0238969 0.0327365 0.0423516 0.052029 0.0607694 0.0675078 0.0715247 0.0727157 0.0715032 0.0685172 0.0643224 0.0593241 0.053795 0.0479297 0.0418842 0.0357988 0.0298125 0.0240692 0.0187211 0.0139234 0.00981794 0.00650486 0.00401296
 0.0099258 0.015958 0.0236932 0.03292 0.0431955 0.053713 0.0632748 0.0705765 0.0747046 0.0754734 0.0733644 0.0691931 0.0637826 0.0577857 0.0516321 0.0455461 0.0396072 0.0338297 0.0282314 0.022871 0.0178554 0.0133244 0.00942155 0.00625542 0.00386507
 0.00957264 0.0154064 0.0229156 0.031934 0.0420933 0.0526872 0.0626132 0.0705982 0.0756353 0.0773149 0.0758395 0.0718136 0.0660146 0.0592297 0.0521354 0.0452082 0.0386956 0.0326596 0.0270654 0.0218712 0.0170854 0.0127793 0.00906208 0.00603335 0.00373655
 0.00952526 0.0152839 0.0226485 0.0314333 0.0412791 0.0515347 0.0611993 0.0691213 0.0743909 0.0766239 0.0759454 0.0727824 0.0676833 0.0612413 0.0540589 0.0466895 0.0395648 0.0329479 0.0269403 0.0215391 0.0167139 0.0124653 0.00883811 0.00589262 0.00365692
 0.00952975 0.0152946 0.0226671 0.0314538 0.0412772 0.0514582 0.0609716 0.0686672 0.0736841 0.0757333 0.0750487 0.0721235 0.0674821 0.0615957 0.0548913 0.047772 0.0406145 0.0337401 0.0273805 0.0216632 0.0166334 0.0123002 0.00867325 0.00576749 0.00357744
 0.00965087 0.0154844 0.0229391 0.0318144 0.0417216 0.0519653 0.0614954 0.0691327 0.0739936 0.0757901 0.0747951 0.0715798 0.0667627 0.0608813 0.0543605 0.047524 0.0406289 0.0338996 0.0275408 0.0217243 0.0165721 0.0121542 0.00850195 0.0056176 0.00346978
 0.00958493 0.0153865 0.0228097 0.0316617 0.0415617 0.0518202 0.0613906 0.0690913 0.074027 0.0758879 0.0749208 0.0716801 0.0667912 0.0608276 0.0542633 0.0474557 0.0406545 0.0340371 0.0277506 0.0219354 0.0167237 0.0122235 0.00850349 0.00558333 0.0034284
 0.00958056 0.0153612 0.0227389 0.031514 0.04131 0.0514585 0.0609465 0.0686259 0.0736186 0.0756066 0.0748069 0.0717331 0.0669739 0.0610823 0.0545359 0.0477161 0.040902 0.0342864 0.0280092 0.0221899 0.0169454 0.0123873 0.00860214 0.00562834 0.00344031
 0.00957773 0.0153666 0.022764 0.031571 0.0414034 0.0515746 0.0610492 0.0686665 0.0735574 0.0754364 0.0745606 0.071471 0.0667567 0.060947 0.0544873 0.0477355 0.0409642 0.0343734 0.0281118 0.0223013 0.0170548 0.0124804 0.00866826 0.00566568 0.00345528
 0.0095275 0.0152897 0.022658 0.0314389 0.0412557 0.0514289 0.060928 0.0685892 0.0735306 0.0754475 0.0745828 0.0714787 0.0667417 0.0609233 0.0544806 0.047767 0.04104 0.0344848 0.0282434 0.0224372 0.0171818 0.0125881 0.00875006 0.00572013 0.00348624
 0.00954999 0.0153149 0.0226749 0.0314311 0.0412059 0.0513277 0.0607806 0.0684168 0.0733641 0.0753168 0.0745059 0.0714557 0.0667579 0.0609585 0.0545212 0.0478112 0.0410946 0.0345571 0.028334 0.0225395 0.0172846 0.0126805 0.00882422 0.00577296 0.00351933
 0.00951295 0.0152659 0.0226213 0.0313845 0.041177 0.0513184 0.0607797 0.0684039 0.0733208 0.0752382 0.074405 0.071358 0.0666879 0.0609295 0.0545321 0.0478516 0.0411536 0.0346276 0.0284131 0.0226242 0.0173701 0.0127596 0.00889042 0.00582255 0.00355231
 0.00946247 0.0151939 0.0225319 0.0312894 0.041093 0.0512634 0.0607676 0.0684395 0.073396 0.0753323 0.0744907 0.0714118 0.0667004 0.0609081 0.0544946 0.0478167 0.0411331 0.0346256 0.0284283 0.0226532 0.017408 0.0128009 0.00892928 0.00585455 0.00357539
 0.00940541 0.0151045 0.0224045 0.0311225 0.0408917 0.051042 0.0605504 0.0682583 0.0732822 0.0753058 0.0745522 0.071542 0.0668675 0.0610794 0.0546475 0.0479427 0.0412354 0.0347126 0.0285071 0.0227273 0.0174771 0.0128627 0.00898113 0.00589457 0.00360345
 0.00930843 0.0149608 0.022214 0.030894 0.0406404 0.050785 0.0603044 0.0680396 0.0731084 0.0751957 0.0745221 0.0715999 0.067008 0.0612831 0.0548852 0.0481845 0.0414589 0.0349063 0.0286695 0.0228615 0.0175871 0.0129513 0.00904974 0.00594472 0.00363743
 0.00931873 0.0149621 0.0221882 0.0308167 0.0404897 0.0505537 0.0600091 0.067719 0.0728108 0.0749626 0.0743779 0.0715517 0.0670507 0.0614043 0.0550673 0.0484052 0.0416934 0.0351324 0.0288714 0.0230314 0.0177238 0.0130571 0.00912836 0.00600019 0.00367408
 0.00939645 0.0150937 0.0223939 0.0311133 0.0408803 0.0510154 0.0604864 0.0681325 0.073082 0.0750427 0.0742645 0.0712835 0.066688 0.0610082 0.0546862 0.0480703 0.0414192 0.0349201 0.0287138 0.0229182 0.0176451 0.0130046 0.00909551 0.00598147 0.00366463
 0.00923955 0.0148787 0.022145 0.0308799 0.040725 0.0509936 0.0606266 0.0684252 0.0734806 0.0754744 0.0746486 0.0715541 0.0668123 0.0609926 0.0545673 0.0478972 0.0412365 0.0347578 0.0285858 0.0228262 0.0175837 0.0129665 0.00907356 0.00596998 0.0036594
 0.00915908 0.0147535 0.0219692 0.0306565 0.0404719 0.0507477 0.060443 0.0683663 0.0735933 0.0757663 0.0750763 0.0720336 0.0672475 0.061307 0.0547253 0.047907 0.0411377 0.0346017 0.0284178 0.0226763 0.0174658 0.0128822 0.00901821 0.00593635 0.00364055
 0.00905804 0.0145826 0.0217006 0.0302633 0.0399376 0.050081 0.059691 0.0676166 0.0729591 0.0753585 0.0749717 0.0722521 0.0677442 0.0619852 0.0554657 0.0486026 0.0417192 0.0350449 0.0287337 0.0228932 0.0176136 0.0129838 0.00908804 0.00598327 0.00367054
 0.00931959 0.0149805 0.0222466 0.0309441 0.0407117 0.0508784 0.0604168 0.0681644 0.0732387 0.075327 0.0746533 0.0717302 0.0671311 0.0613831 0.0549379 0.0481655 0.0413557 0.0347273 0.0284432 0.0226271 0.0173804 0.0127939 0.0089462 0.00588665 0.00361062
 0.00925263 0.0149382 0.0223035 0.0312052 0.0412774 0.0517926 0.0616249 0.0695102 0.0745059 0.0763055 0.0751976 0.0717899 0.0667505 0.0606762 0.0540496 0.0472315 0.0404734 0.0339478 0.0277815 0.0220797 0.0169395 0.0124523 0.00869588 0.00571572 0.0035031
 0.00888447 0.0143945 0.021592 0.0303808 0.0404427 0.0510872 0.0612044 0.0695103 0.0749933 0.0772355 0.0764084 0.0730484 0.0678305 0.0614283 0.0544318 0.0472941 0.0403169 0.0336784 0.0274811 0.0217976 0.0166985 0.0122594 0.00855067 0.00561371 0.00343703
#obs surv len freq
 nan nan nan nan nan nan nan nan nan nan nan nan nan nan nan nan nan nan nan nan nan nan nan nan nan
 0.00448582 0.00734789 0.0111788 0.0159963 0.0216982 0.0279749 0.0342897 0.040021 0.0447 0.0481624 0.0505185 0.0520123 0.0529025 0.0534131 0.0537259 0.0539797 0.0542575 0.0545497 0.0546881 0.0542799 0.052718 0.0493505 0.0438009 0.0362818 0.0276665
 0.00461838 0.00756455 0.0115067 0.0164604 0.0223154 0.0287442 0.0351836 0.0409824 0.0456498 0.0490156 0.0511993 0.0524662 0.0531012 0.053355 0.0534323 0.0534869 0.0536084 0.0537867 0.05385 0.0534035 0.0518419 0.0485176 0.0430556 0.0356619 0.0271927
 0.00478389 0.00783666 0.0119218 0.0170541 0.0231151 0.0297577 0.0363865 0.0423135 0.0470177 0.0503141 0.0523242 0.0533278 0.0536332 0.0535204 0.0532255 0.0529319 0.0527514 0.0526878 0.0525761 0.0520254 0.0504356 0.0471646 0.041837 0.0346446 0.0264138
 0.00497187 0.00814434 0.0123889 0.0177195 0.0240099 0.030894 0.0377452 0.0438384 0.0486209 0.0518898 0.0537626 0.0545254 0.0545 0.0539864 0.0532474 0.0524977 0.051882 0.0514343 0.0510155 0.0502559 0.0485737 0.0453383 0.0401729 0.0332461 0.025339
 0.00519229 0.00850387 0.0129323 0.0184892 0.0250385 0.0321917 0.0392868 0.0455585 0.0504228 0.0536628 0.0553975 0.0559223 0.0555707 0.0546545 0.0534515 0.0521968 0.0510632 0.0501197 0.0492677 0.0481807 0.0463164 0.0430727 0.0380766 0.0314672 0.0239637
 0.00542107 0.00887981 0.0135056 0.0193091 0.0261439 0.0335959 0.0409623 0.0474318 0.0523853 0.0555916 0.0571756 0.0574484 0.0567604 0.0554377 0.0537687 0.0519993 0.0503179 0.0488208 0.0474514 0.045939 0.0438027 0.04049 0.0356458 0.0293795 0.0223365
 0.00565438 0.00926177 0.0140856 0.0201356 0.0272558 0.0350089 0.0426539 0.0493347 0.0543956 0.057587 0.0590343 0.0590615 0.0580371 0.0563052 0.054169 0.051885 0.0496518 0.0475832 0.0456576 0.0436609 0.0411849 0.0377445 0.0330186 0.0270944 0.0205387
 0.00589154 0.00965026 0.0146758 0.0209766 0.028386 0.0364417 0.0443629 0.0512484 0.0564074 0.059576 0.0608837 0.0606686 0.059316 0.0571856 0.0545939 0.0518074 0.0490333 0.0463992 0.0439118 0.0414095 0.0385581 0.0349494 0.0303088 0.0247112 0.0186469
 0.00613196 0.0100453 0.015278 0.0218373 0.0295457 0.0379135 0.0461166 0.0532049 0.0584508 0.0615761 0.0627182 0.0622355 0.0605362 0.0580002 0.0549584 0.0516856 0.0483943 0.0452201 0.042192 0.0391948 0.0359645 0.0321719 0.0275958 0.0223071 0.0167253
 0.0063854 0.0104581 0.015901 0.0227185 0.030721 0.0393931 0.0478693 0.0551526 0.0604782 0.0635523 0.0645175 0.0637521 0.0616896 0.0587347 0.0552385 0.0514886 0.0477032 0.0440232 0.0404932 0.0370355 0.0334493 0.0294797 0.02496 0.0199624 0.0148429
 0.00661491 0.010838 0.0164849 0.02356 0.031862 0.0408463 0.0496004 0.0570759 0.0624705 0.0654777 0.0662516 0.0651937 0.0627636 0.0593907 0.0554462 0.0512325 0.0469763 0.0428253 0.0388373 0.0349652 0.0310616 0.0269369 0.0224746 0.0177503 0.0130636
 0.00684586 0.0112136 0.0170509 0.0243593 0.032928 0.0421896 0.0511958 0.0588549 0.0643281 0.0672903 0.0678962 0.0665632 0.0637765 0.0599932 0.0556099 0.050948 0.0462457 0.0416585 0.0372564 0.0330183 0.0288411 0.02459 0.0201911 0.0157224 0.0114332
 0.00707242 0.0115873 0.0176227 0.0251787 0.034031 0.0435821 0.0528365 0.0606531 0.0661593 0.0690232 0.0694152 0.0677798 0.0646286 0.0604424 0.055638 0.0505528 0.0454371 0.040456 0.0356911 0.0311434 0.0267461 0.022409 0.0180916 0.0138712 0.00995168
 0.00727066 0.0119153 0.0181268 0.0259056 0.0350183 0.0448424 0.0543419 0.0623284 0.0678911 0.070681 0.070875 0.0689404 0.0654208 0.0608296 0.0556112 0.0501218 0.0446233 0.0392879 0.0342071 0.0294 0.0248294 0.0204398 0.0162158 0.0122303 0.00864594
 0.00745376 0.0122132 0.0185759 0.0265401 0.0358644 0.0459082 0.0556067 0.063737 0.0693594 0.0721094 0.0721624 0.0699955 0.0661705 0.0612245 0.055628 0.0497615 0.0439052 0.0382443 0.0328819 0.0278525 0.0231421 0.0187216 0.0145922 0.0108198 0.00752976
 0.00751741 0.0123213 0.0187476 0.0267979 0.0362309 0.0464019 0.0562352 0.0644935 0.0702215 0.0730401 0.0731119 0.0709028 0.0669666 0.0618393 0.0559992 0.0498434 0.0436748 0.037703 0.0320551 0.02679 0.021919 0.0174359 0.0133546 0.00973289 0.00666413
 0.00758568 0.0124242 0.018888 0.0269748 0.0364426 0.0466493 0.0565246 0.064835 0.0706251 0.0735107 0.0736436 0.0714761 0.0675467 0.0623772 0.0564365 0.0501198 0.0437384 0.0375203 0.0316194 0.0261258 0.0210821 0.0165092 0.0124344 0.00890951 0.00600096
 0.00766908 0.0125523 0.0190662 0.0272021 0.0367108 0.0469435 0.0568246 0.0651194 0.070879 0.0737319 0.0738452 0.0716788 0.0677671 0.0626164 0.0566741 0.050316 0.0438422 0.0374823 0.0314055 0.0257293 0.02053 0.0158591 0.0117634 0.00829411 0.00549743
 0.00774913 0.0126779 0.0192465 0.0274413 0.0370064 0.0472837 0.0571864 0.0654705 0.0711839 0.0739626 0.07399 0.0717457 0.0677798 0.0626041 0.056659 0.0503028 0.0438143 0.0374069 0.0312456 0.02546 0.0201512 0.0154003 0.0112765 0.00783757 0.00511776
 0.00776925 0.0127095 0.0192921 0.027503 0.037086 0.0473827 0.0573056 0.0656082 0.0713351 0.0741179 0.0741372 0.071873 0.06788 0.0626773 0.0567117 0.0503424 0.0438412 0.0374095 0.0312022 0.0253476 0.0199588 0.0151378 0.0109748 0.00753845 0.0048589
 0.00779776 0.0127498 0.0193416 0.0275558 0.0371349 0.0474223 0.0573352 0.0656322 0.0713612 0.0741544 0.0741892 0.0719406 0.0679581 0.0627577 0.0567861 0.050405 0.043888 0.0374351 0.0311969 0.0252989 0.0198573 0.0149855 0.010788 0.00734405 0.0046843
 0.0078345 0.0128037 0.0194117 0.0276368 0.0372177 0.0474962 0.0573893 0.0656589 0.071358 0.0741266 0.0741491 0.0719039 0.0679381 0.0627607 0.0568106 0.0504431 0.043929 0.037468 0.0312109 0.025284 0.0198066 0.0148988 0.0106744 0.00722025 0.00456914
 0.00786516 0.012851 0.019478 0.0277218 0.0373177 0.0476035 0.0574924 0.0657431 0.0714097 0.0741372 0.074119 0.0718427 0.0678619 0.062687 0.0567528 0.0504074 0.0439136 0.0374647 0.0312083 0.0252708 0.0197742 0.0148442 0.0106017 0.00713956 0.00449256
 0.00788059 0.0128718 0.0195015 0.027743 0.0373314 0.0476064 0.0574848 0.0657288 0.0713935 0.0741222 0.0741057 0.0718298 0.0678487 0.0626755 0.0567473 0.0504127 0.0439319 0.0374936 0.031241 0.0252976 0.0197864 0.014837 0.010576 0.00710161 0.00445131
 0.00787413 0.0128618 0.0194871 0.0277234 0.0373055 0.0475728 0.0574422 0.0656776 0.0713367 0.0740668 0.0740603 0.0718027 0.0678441 0.0626929 0.0567828 0.0504614 0.0439896 0.0375563 0.0313037 0.025354 0.0198298 0.0148625 0.010583 0.0070938 0.00443517
 0.0078935 0.0128874 0.0195149 0.0277461 0.0373148 0.0475626 0.0574113 0.0656295 0.0712781 0.0740046 0.0740009 0.0717513 0.0678059 0.0626721 0.0567817 0.0504792 0.044023 0.0376004 0.0313527 0.0254017 0.0198704 0.0148915 0.0105986 0.00709737 0.00443062
 0.00787494 0.0128584 0.0194732 0.0276903 0.0372435 0.0474753 0.0573088 0.0655155 0.0711602 0.0738947 0.0739125 0.0716966 0.0677921 0.0626999 0.0568462 0.050572 0.0441342 0.0377198 0.031471 0.0255106 0.0199631 0.0149637 0.0106491 0.00712818 0.0044462
 0.00789879 0.0128909 0.0195106 0.0277249 0.0372664 0.0474786 0.0572887 0.0654724 0.0710976 0.0738172 0.0738262 0.0716093 0.0677133 0.0626397 0.0568125 0.0505685 0.0441591 0.0377674 0.0315326 0.0255771 0.0200261 0.015017 0.0106892 0.00715466 0.00446122
 0.00787086 0.012848 0.0194507 0.0276475 0.037172 0.0473688 0.0571661 0.065342 0.0709679 0.0736997 0.0737333 0.0715514 0.0676962 0.062664 0.0568744 0.0506618 0.0442764 0.0378998 0.0316705 0.0257104 0.0201458 0.0151163 0.0107649 0.00720718 0.00449412
 0.0078378 0.012793 0.0193659 0.0275257 0.0370096 0.0471688 0.0569413 0.0651138 0.0707611 0.0735358 0.0736261 0.0715061 0.0677118 0.062735 0.0569929 0.0508175 0.0444574 0.0380936 0.0318649 0.0258938 0.0203082 0.0152508 0.0108681 0.00728003 0.00454101
 0.00780835 0.0127437 0.0192891 0.0274136 0.0368557 0.0469712 0.056706 0.0648559 0.0705038 0.0733063 0.0734499 0.0714021 0.0676888 0.0627914 0.0571184 0.0509966 0.0446725 0.0383271 0.0321001 0.0261159 0.0205053 0.0154144 0.0109943 0.00737002 0.00459973
 0.00780492 0.0127341 0.019267 0.0273704 0.0367821 0.0468604 0.0565561 0.064672 0.0702976 0.0730947 0.0732528 0.0712404 0.0675812 0.062751 0.0571497 0.051095 0.0448254 0.038517 0.0323077 0.0263227 0.0206955 0.0155764 0.011122 0.00746256 0.00466109
 0.00775039 0.0126503 0.0191501 0.0272196 0.0365999 0.0466516 0.0563284 0.0644363 0.070068 0.0728869 0.0730831 0.0711229 0.0675269 0.0627663 0.0572359 0.0512474 0.045033 0.0387635 0.0325728 0.0265853 0.0209366 0.0157818 0.0112838 0.00758 0.00473913
 0.00772008 0.012596 0.0190594 0.0270793 0.0364001 0.0463923 0.0560243 0.064116 0.0697661 0.0726344 0.0728998 0.071017 0.0674982 0.062811 0.0573485 0.0514207 0.0452575 0.0390255 0.0328549 0.0268675 0.0211991 0.0160082 0.0114643 0.00771222 0.00482774
 0.00930238 0.0148111 0.0217328 0.0298272 0.0387399 0.0479198 0.0565547 0.0637133 0.0686648 0.0711225 0.07123 0.0693689 0.0659802 0.0614771 0.0562175 0.0504914 0.0445183 0.0384598 0.0324424 0.0265842 0.0210186 0.0159035 0.0114105 0.00768897 0.0048203
 0.00928681 0.0150776 0.0226481 0.0318459 0.0422063 0.0528002 0.0622674 0.0692228 0.0728489 0.0732144 0.0710718 0.0673562 0.0627905 0.0577808 0.0525104 0.0470652 0.041509 0.0359107 0.0303498 0.0249217 0.0197466 0.0149729 0.0107646 0.00726739 0.00456372
 0.0089544 0.0145564 0.021921 0.030966 0.0413487 0.0522965 0.0625644 0.0707214 0.0756613 0.0769844 0.0750198 0.0705741 0.0646192 0.0580396 0.0514653 0.045214 0.039349 0.033803 0.0284962 0.0234026 0.0185696 0.0141079 0.0101638 0.00687555 0.00432567
 0.00878639 0.014272 0.0214731 0.0303073 0.0404507 0.051183 0.0613529 0.0696503 0.0750682 0.0772112 0.0762586 0.0727235 0.0672549 0.060552 0.053306 0.0461051 0.0393372 0.0331588 0.0275511 0.0224251 0.0177194 0.0134483 0.00969578 0.0065689 0.00414002
 0.0087506 0.014205 0.0213548 0.0301101 0.0401423 0.050733 0.0607458 0.0689035 0.0742536 0.076472 0.0758001 0.0727603 0.0679152 0.0617841 0.0548557 0.0476 0.0404415 0.0337051 0.0275738 0.0220949 0.0172391 0.012975 0.0093134 0.00630004 0.00397118
 0.00869503 0.0141205 0.0212377 0.0299593 0.0399565 0.0505073 0.0604705 0.0685665 0.0738482 0.0760101 0.0753287 0.0723713 0.0677346 0.0619308 0.0553778 0.0484263 0.041388 0.0345466 0.0281405 0.0223346 0.0172116 0.0127964 0.00909432 0.0061102 0.00383669
 0.00868066 0.0140917 0.0211848 0.0298708 0.039823 0.0503265 0.0602504 0.0683227 0.0735968 0.0757601 0.0750826 0.0721356 0.0675351 0.0618203 0.0554233 0.0486745 0.0418278 0.0350953 0.0286722 0.0227362 0.0174301 0.0128489 0.00904163 0.00601828 0.00375061
 0.00867114 0.0140759 0.02116 0.0298335 0.0397681 0.050248 0.0601427 0.068183 0.0734282 0.0755724 0.0748901 0.0719532 0.0673768 0.0617023 0.0553691 0.0487136 0.041982 0.0353588 0.0290011 0.0230606 0.0176845 0.0130003 0.0090971 0.00601081 0.00371693
 0.00865499 0.0140525 0.02113 0.0297989 0.0397318 0.0502115 0.0601051 0.0681405 0.0733752 0.0755033 0.0748025 0.0718493 0.0672648 0.0615955 0.0552849 0.0486719 0.0420018 0.0354504 0.0291569 0.0232521 0.0178707 0.0131453 0.00918451 0.00604631 0.00371916
 0.00865721 0.0140517 0.021121 0.0297748 0.0396865 0.0501437 0.0600201 0.06805 0.0732919 0.0754362 0.0747528 0.0718123 0.0672333 0.0615652 0.0552575 0.0486558 0.0420095 0.0354939 0.0292407 0.0233683 0.0179998 0.0132631 0.00927274 0.00609923 0.00374267
 0.00865232 0.0140486 0.0211247 0.0297919 0.0397216 0.0501955 0.060079 0.0681001 0.0733177 0.075429 0.0747142 0.0717511 0.0671604 0.0614889 0.0551831 0.0485882 0.0419556 0.0354619 0.0292378 0.0233955 0.0180499 0.0133225 0.0093268 0.00613849 0.00376516
 0.00863899 0.0140273 0.0210938 0.0297512 0.0396736 0.0501463 0.0600382 0.0680777 0.0733195 0.0754529 0.0747499 0.0717852 0.0671824 0.061495 0.0551757 0.0485732 0.0419398 0.0354522 0.0292402 0.0234135 0.0180823 0.0133634 0.0093677 0.00617205 0.00378791
 0.00863552 0.0140189 0.0210761 0.0297186 0.0396212 0.0500726 0.0599475 0.067981 0.073232 0.0753901 0.0747224 0.0717948 0.0672223 0.0615524 0.0552373 0.0486293 0.0419869 0.0354917 0.0292761 0.0234499 0.0181211 0.0134033 0.0094053 0.00620329 0.00381047
 0.00866233 0.0140603 0.0211341 0.0297927 0.0397072 0.0501621 0.060028 0.0680376 0.0732527 0.0753699 0.0746665 0.0717167 0.067138 0.061475 0.0551731 0.0485786 0.0419464 0.0354587 0.0292499 0.0234317 0.0181121 0.0134031 0.00941156 0.00621247 0.00381931
 0.00862672 0.0140123 0.0210801 0.0297445 0.039679 0.0501645 0.0600631 0.0680984 0.0733249 0.0754373 0.0747152 0.0717397 0.0671358 0.0614547 0.0551446 0.048551 0.0419248 0.0354444 0.0292419 0.0234287 0.0181133 0.0134081 0.00941909 0.00622095 0.00382704
 0.00862672 0.0140123 0.0210801 0.0297445 0.039679 0.0501645 0.0600631 0.0680984 0.0733249 0.0754373 0.0747152 0.0717397 0.0671358 0.0614547 0.0551446 0.048551 0.0419248 0.0354444 0.0292419 0.0234287 0.0181133 0.0134081 0.00941909 0.00622095 0.00382704
 0.00861469 0.013988 0.0210353 0.029671 0.0395723 0.0500301 0.0599196 0.0679742 0.073248 0.0754235 0.0747622 0.0718291 0.0672428 0.0615578 0.0552316 0.048619 0.0419771 0.035486 0.0292768 0.0234589 0.0181397 0.0134307 0.00943785 0.0062358 0.00383802
 0.00880031 0.0142806 0.021457 0.0302309 0.0402599 0.0508068 0.0607146 0.0686924 0.0737932 0.0757269 0.0748006 0.071624 0.0668449 0.0610277 0.0546277 0.0479915 0.0413674 0.0349259 0.0287882 0.0230538 0.0178209 0.0131934 0.00927179 0.0061273 0.00377237
 0.00878687 0.0142818 0.021501 0.030358 0.0405113 0.0512071 0.0612559 0.0693283 0.0744469 0.0763093 0.0752316 0.0718497 0.0668474 0.0608251 0.0542647 0.0475255 0.0408552 0.0344162 0.0283178 0.0226473 0.0174907 0.0129417 0.00909246 0.00600845 0.00369957
 0.00884469 0.0143645 0.0216059 0.0304793 0.0406464 0.0513648 0.0614581 0.0696024 0.0748078 0.0767429 0.0756883 0.0722557 0.0671276 0.0609273 0.0541733 0.0472621 0.0404677 0.0339633 0.0278555 0.0222198 0.0171269 0.0126549 0.00888279 0.00586674 0.0036114
 0.00878872 0.0142821 0.0214978 0.0303512 0.0405074 0.0512247 0.0613285 0.0694992 0.0747559 0.0767734 0.0758283 0.072512 0.0674744 0.0613075 0.0545157 0.0475057 0.0405811 0.0339497 0.0277451 0.0220548 0.0169479 0.012492 0.00875248 0.00577334 0.00355099
 0.00897072 0.0145577 0.0218741 0.0308199 0.0410451 0.0517957 0.061886 0.0699892 0.0751244 0.0769803 0.07586 0.0723862 0.067233 0.0609995 0.0541788 0.0471565 0.040219 0.0335704 0.0273528 0.0216669 0.0165895 0.0121865 0.00851395 0.00560333 0.00344069
 0.00920641 0.0149488 0.0224745 0.0316764 0.0421777 0.0531709 0.0633977 0.0714652 0.0763669 0.0778215 0.0762062 0.0722314 0.0666448 0.0600919 0.0530817 0.0459897 0.0390746 0.032507 0.0264018 0.0208438 0.0159027 0.0116399 0.00810409 0.00531737 0.00325689
 0.00904533 0.0147171 0.0221841 0.0313644 0.0419043 0.0530107 0.0634259 0.0717373 0.076895 0.0785566 0.0770398 0.0730237 0.0672674 0.0604639 0.0531851 0.0458603 0.0387788 0.0321175 0.0259803 0.0204347 0.0155349 0.0113306 0.00786149 0.00514124 0.00313964
#pred catch len freq
 0.00442773 0.00702481 0.0102834 0.0141378 0.0185465 0.0234672 0.0287862 0.0342869 0.0396937 0.0447409 0.0492181 0.052988 0.0559934 0.0582441 0.0597808 0.0606343 0.0608025 0.0602448 0.0588731 0.056529 0.0529757 0.047967 0.0414214 0.0336265 0.0253061
 0.00475171 0.0074455 0.0107248 0.014474 0.0186499 0.0232766 0.0283515 0.0337542 0.039231 0.0444496 0.0490844 0.0529018 0.0558168 0.0578906 0.0592659 0.0600781 0.060383 0.060121 0.0591106 0.057065 0.0536451 0.0485774 0.0418362 0.0338088 0.0253065
 0.00504607 0.00791869 0.0114192 0.0154051 0.01978 0.0244902 0.029455 0.0345244 0.0395058 0.0442095 0.0484611 0.0520996 0.0550001 0.0571178 0.0585095 0.0593012 0.0596076 0.0594372 0.0586263 0.0568349 0.0536322 0.0486724 0.0419191 0.0338082 0.0252189
 0.00532589 0.00835861 0.0120562 0.016271 0.0209024 0.025886 0.0311081 0.0363504 0.0413264 0.045768 0.0494934 0.0524341 0.0546266 0.0561758 0.0572052 0.0578186 0.0580726 0.0579374 0.0572407 0.0556346 0.0526551 0.0479062 0.0413154 0.0333171 0.0248141
 0.0056385 0.00884335 0.0127436 0.017178 0.0220366 0.0272502 0.0326987 0.0381482 0.04328 0.0477723 0.0513743 0.0539582 0.055552 0.0563315 0.0565568 0.0564767 0.0562418 0.0558445 0.0550848 0.0535702 0.0507905 0.0463052 0.0400012 0.0322836 0.0240393
 0.00596204 0.00934842 0.0134657 0.0181391 0.0232456 0.0287032 0.0343755 0.0400083 0.0452618 0.0497955 0.0533376 0.0557312 0.0569687 0.0572027 0.0567115 0.0558206 0.0548007 0.0537663 0.0525983 0.0509269 0.0482168 0.0439755 0.0380291 0.0307219 0.022887
 0.00625453 0.00981131 0.0141399 0.0190572 0.0244298 0.0301609 0.0360914 0.0419362 0.0473249 0.0518938 0.0553594 0.0575603 0.0584858 0.0582815 0.0572183 0.0556308 0.0538356 0.0520362 0.0502259 0.0481338 0.0452783 0.0411623 0.0355582 0.0287262 0.0214072
 0.00665249 0.0104212 0.0149906 0.0201562 0.0257702 0.0317302 0.0378724 0.0438981 0.0494117 0.0540186 0.0574084 0.059406 0.0600024 0.0593552 0.0577483 0.0555258 0.0530205 0.0504762 0.0479635 0.0453158 0.0421501 0.0380248 0.0326996 0.0263575 0.0196243
 0.00709479 0.011102 0.0159444 0.0213914 0.0272715 0.033464 0.0397875 0.0459259 0.0514704 0.0560216 0.0592705 0.0610435 0.0613306 0.0602874 0.0581985 0.0554126 0.0522732 0.0490491 0.0458632 0.0426336 0.0390808 0.0348477 0.02972 0.0238289 0.017687
 0.00750384 0.0117422 0.0168624 0.0226155 0.0288098 0.0353001 0.0418724 0.0481715 0.0537545 0.058205 0.06122 0.0626497 0.0625164 0.0610044 0.0584148 0.0550988 0.0513952 0.0475765 0.043793 0.0400261 0.0360878 0.0317123 0.0267326 0.0212519 0.0156833
 0.00791598 0.0123769 0.0177535 0.0237759 0.0302367 0.0369806 0.0437817 0.0502617 0.0559438 0.0603756 0.0632277 0.0643466 0.0637761 0.061742 0.0585909 0.0547073 0.0504446 0.0460778 0.0417677 0.0375324 0.0332523 0.0287413 0.023884 0.0187717 0.0137353
 0.00825426 0.0129063 0.0185126 0.0247883 0.0315095 0.0385026 0.0455178 0.0521505 0.0579007 0.0623022 0.0650198 0.0658978 0.0649824 0.0625105 0.0588523 0.0544242 0.049611 0.0447126 0.0399111 0.0352557 0.0306765 0.0260479 0.0212974 0.0165092 0.0119468
 0.00846178 0.013244 0.0190223 0.0255111 0.0324807 0.0397412 0.0470138 0.0538549 0.0597267 0.0641357 0.0667368 0.0673811 0.0661336 0.063256 0.0591418 0.0542282 0.0489189 0.0435342 0.0382816 0.0332448 0.0283993 0.0236688 0.0190132 0.0145086 0.0103609
 0.00864234 0.0135333 0.0194508 0.0261078 0.0332713 0.0407444 0.0482324 0.0552668 0.061278 0.0657412 0.0682871 0.0687572 0.0672252 0.0639773 0.0594391 0.0540777 0.0483199 0.0425036 0.0368556 0.0314874 0.0264136 0.0215991 0.01703 0.0127735 0.00898534
 0.00894717 0.0139966 0.0200893 0.0269185 0.0342383 0.041847 0.0494486 0.0565689 0.0626251 0.0670747 0.0695316 0.0698275 0.0680375 0.0644611 0.0595466 0.053788 0.0476366 0.0414506 0.0354751 0.029844 0.0246009 0.0197421 0.0152722 0.0112487 0.00778323
