SBPRF35
7.78865
Curr Bio
509029
B35
683915
F35
0.225929
FOFL
0.173548
OFL
70811.4
Bzero
2.22533e+006
#pred survey bio
 4.53872e+006 4.23594e+006 3.96886e+006 3.66973e+006 3.3641e+006 3.04032e+006 2.74621e+006 2.41211e+006 2.12892e+006 1.87225e+006 1.6489e+006 1.47339e+006 1.32041e+006 1.187e+006 1.02844e+006 915836 813499 751908 719099 684628 641312 622645 616295 602163 589029 576807 571118 572237 564159 566421 563198 558173 551047 538656 525517 512516 498515 496193 494131 500765 505506 496274 502898 515660 522650 532444 541206 550949 556508 563138 569658 574672 565682 562139 550285 554564 531502 510403 507122 1.85866e+007 1.16996e+007 1.23149e+007 1.31199e+007 1.39855e+007 1.4785e+007 1.54594e+007 1.5996e+007 1.64067e+007 1.67129e+007 1.69375e+007 1.71007e+007 1.72188e+007 1.73043e+007 1.73664e+007 1.74116e+007 1.74448e+007 1.74693e+007 1.74874e+007 1.7501e+007 1.75112e+007 1.75189e+007 1.75248e+007 1.75292e+007 1.75326e+007 1.75352e+007 1.75372e+007 1.75387e+007 1.75399e+007 1.75408e+007 1.75415e+007 1.7542e+007 1.75424e+007 1.75427e+007 1.7543e+007 1.75432e+007 1.75433e+007 1.75434e+007 1.75435e+007 1.75436e+007 1.75436e+007 1.75437e+007 1.75437e+007 1.75437e+007 1.75438e+007 1.75438e+007 1.75438e+007 1.75438e+007 1.75438e+007 1.75438e+007 1.75438e+007 1.75438e+007 1.75438e+007 1.75438e+007 1.75438e+007 1.75438e+007 1.75438e+007 1.75438e+007 1.75438e+007 1.75438e+007 1.75438e+007 1.75438e+007 1.75438e+007 1.75438e+007 1.75438e+007 1.75438e+007 1.75438e+007 1.75438e+007 1.75438e+007 1.75438e+007 1.75438e+007 1.75438e+007 1.75438e+007 1.75438e+007 1.75438e+007 1.75438e+007 1.75438e+007 1.75438e+007 1.75438e+007 1.75438e+007 1.75438e+007 1.75438e+007 1.75438e+007 1.75438e+007 1.75438e+007 1.75438e+007 1.75438e+007 1.75438e+007 1.75438e+007 1.75438e+007 1.75438e+007 1.75438e+007 1.75438e+007 1.75438e+007 1.75438e+007 1.75438e+007 1.75438e+007 1.75438e+007 1.75438e+007 1.75438e+007 0 0 0 0 0 0 0 0 0 0 0 0 0 0 0 0 0 0 0 0 0 0 0 0 0
#obs survey bio
 5.19778e+006 3.45915e+006 2.67896e+006 3.57891e+006 2.77752e+006 2.84211e+006 1.97516e+006 2.41569e+006 1.50576e+006 1.67991e+006 1.46717e+006 1.05847e+006 975136 998212 921828 730803 957678 815710 661249 496070 614739 540046 485761 527835 488514 439237 599212 586287 632043 488344 605242 392338 547987 386296 564199 594709 422960 472676 797536 591403 508002 369538 606110 527591 405911 450106 404372 444784 755226 421693 776734 601256 617948 546289 567331 688257 462481 630028 435766
#pred catch bio
 119651 107207 163556 200068 249644 255495 322552 303911 303530 293168 265979 257555 247181 270147 227694 215067 176157 149275 148587 152503 127951 115242 118973 114537 110818 103314 96134.7 102507 92840.2 97021.2 97540.4 97724.3 99546.3 96499.4 92171.5 91158.8 84358.6 88546.5 83240.2 85575.6 97288.4 84076.4 79923.4 85760 84392 86274.6 86577.5 91267.9 91299 92196.6 93934.7 105765 101362 108525 94807.2 117573 116244 104429 86055.9 70811.4 94120.8 98165.6 103570 109823 115666 120504 124227 126952 128876 130196 131084 131670 132053 132300 132458 132559 132622 132663 132688 132703 132713 132719 132723 132726 132727 132728 132729 132729 132729 132729 132729 132729 132729 132729 132729 132730 132730 132730 132730 132730 132730 132730 132730 132730 132730 132730 132730 132730 132730 132730 132730 132730 132730 132730 132730 132730 132730 132730 132730 132730 132730 132730 132730 132730 132730 132730 132730 132730 132730 132730 132730 132730 132730 132730 132730 132730 132730 132730 132730 132730 132730 132730 132730 132730 132730 132730 132730 132730 132730 132730 132730 132730 132730 132730 132730 132730 132730 132730 132730 0 0 0 0 0 0 0 0 0 0 0 0 0 0 0 0 0 0 0 0 0 0 0 0 0
#obs catch bio
 0 106899 164427 201100 252357 257880 329567 308291 309240 299732 271670 264137 253752 278585 232194 219794 177980 150874 150191 155609 129190 116581 120416 115355 111177 104090 96461.6 102957 92893.7 97594 97913 98599.8 100363 97278.6 92765.5 90891.5 84523.5 89080.6 82923.7 84895.2 96947.8 83943.9 79833.4 85505.4 84403.1 86142.2 86382.1 91089.9 91111 92144.2 93447.7 105490 100826 108357 94007.5 116310 115268 103753 85902.9
#pred cpue bio
 4.46638e+006 4.16641e+006 3.90095e+006 3.60267e+006 3.29851e+006 2.97634e+006 2.68367e+006 2.35213e+006 2.07113e+006 1.81636e+006 1.59476e+006 1.42064e+006 1.26917e+006 1.1378e+006 982789 872979 773460 713688 681918 648615 606937 589261 583576 570526 558415 546880 541554 542953 535347 537589 534541 529848 523295 511844 499882 488083 474069 470070 467021 473626 478534 469557 475854 488253 494987 504362 512798 522111 527339 533663 539963 544872 536033 532290 520644 524869 502342 480919 476402 1.7469e+007 1.10222e+007 1.15809e+007 1.23071e+007 1.31436e+007 1.39364e+007 1.46096e+007 1.5146e+007 1.55567e+007 1.58629e+007 1.60875e+007 1.62507e+007 1.63688e+007 1.64543e+007 1.65164e+007 1.65616e+007 1.65948e+007 1.66193e+007 1.66374e+007 1.6651e+007 1.66612e+007 1.66689e+007 1.66748e+007 1.66792e+007 1.66826e+007 1.66852e+007 1.66872e+007 1.66887e+007 1.66899e+007 1.66908e+007 1.66915e+007 1.6692e+007 1.66924e+007 1.66927e+007 1.6693e+007 1.66932e+007 1.66933e+007 1.66934e+007 1.66935e+007 1.66936e+007 1.66936e+007 1.66937e+007 1.66937e+007 1.66937e+007 1.66938e+007 1.66938e+007 1.66938e+007 1.66938e+007 1.66938e+007 1.66938e+007 1.66938e+007 1.66938e+007 1.66938e+007 1.66938e+007 1.66938e+007 1.66938e+007 1.66938e+007 1.66938e+007 1.66938e+007 1.66938e+007 1.66938e+007 1.66938e+007 1.66938e+007 1.66938e+007 1.66938e+007 1.66938e+007 1.66938e+007 1.66938e+007 1.66938e+007 1.66938e+007 1.66938e+007 1.66938e+007 1.66938e+007 1.66938e+007 1.66938e+007 1.66938e+007 1.66938e+007 1.66938e+007 1.66938e+007 1.66938e+007 1.66938e+007 1.66938e+007 1.66938e+007 1.66938e+007 1.66938e+007 1.66938e+007 1.66938e+007 1.66938e+007 1.66938e+007 1.66938e+007 1.66938e+007 1.66938e+007 1.66938e+007 1.66938e+007 1.66938e+007 1.66938e+007 1.66938e+007 1.66938e+007 1.66938e+007 1.66938e+007 0 0 0 0 0 0 0 0 0 0 0 0 0 0 0 0 0 0 0 0 0 0 0 0 0
#obs cpue bio
 3.36851e+006 2.36647e+006 3.06309e+006 3.08072e+006 2.45045e+006 2.60266e+006 1.91945e+006 3.38072e+006 1.93002e+006 1.3169e+006 1.3455e+006 1.22286e+006 1.14677e+006 1.17123e+006 1.14636e+006 841735 830320 469626 673511 487268 762233 454010 694237 753414 816676 469485 578500 557274 504231 437070 534145 464215 525695 627998 457124 860159 350494 405768 536633 580404 433041 483945 382731 640553 474133 718523 717784 687611 394804 646160 567721 507126 557057 519185 690637 656559 530820 400166 371921
#pred surv len freq
 0.00467355 0.00753424 0.0112462 0.0157792 0.0210492 0.0268575 0.0328444 0.0385511 0.0435743 0.0476909 0.0508713 0.0532141 0.0548738 0.0560078 0.056735 0.0571094 0.0571177 0.0566918 0.0557058 0.0539481 0.0511034 0.0468216 0.0409114 0.0335768 0.0255117
 0.00505823 0.00807617 0.0119118 0.0164969 0.0217444 0.0274997 0.0334707 0.0392404 0.0443792 0.0485722 0.0516803 0.0537419 0.0549404 0.0555437 0.0558148 0.0559269 0.0559162 0.0556771 0.0549779 0.0534784 0.0507708 0.0464884 0.0404964 0.0330854 0.0250118
 0.00519166 0.00833714 0.0123803 0.0172596 0.0228569 0.0289384 0.0351076 0.0408723 0.0458082 0.0496841 0.052463 0.0542308 0.0551428 0.0554083 0.0552721 0.054963 0.0546188 0.0542182 0.0535441 0.0521962 0.0496729 0.0455375 0.0396424 0.0323117 0.0243417
 0.00539214 0.00864333 0.0128097 0.0178292 0.0235964 0.0298994 0.0363523 0.0424337 0.0476384 0.0516276 0.0542863 0.0556989 0.0560937 0.0557774 0.0550646 0.0542161 0.0533946 0.0526202 0.0517223 0.0503184 0.0478805 0.0439181 0.0382367 0.0311381 0.0234119
 0.00563132 0.00902377 0.0133658 0.0185859 0.0245638 0.0310681 0.0376927 0.0439041 0.0491986 0.0532423 0.0559067 0.0572326 0.0573938 0.0566703 0.0554017 0.0539172 0.0524618 0.0511292 0.0498073 0.0481544 0.0456563 0.0418056 0.0363676 0.0295939 0.0222253
 0.00587444 0.00941786 0.0139572 0.019418 0.0256701 0.0324599 0.0393445 0.045746 0.0511244 0.0551317 0.05765 0.0587444 0.0586068 0.0575154 0.0557935 0.0537621 0.0516884 0.049725 0.0478411 0.0457756 0.0430729 0.0392471 0.0340422 0.0276522 0.0207392
 0.00603431 0.00968631 0.0143782 0.020041 0.0265436 0.0336192 0.0407963 0.047457 0.0530184 0.0570973 0.0595549 0.0604547 0.0600059 0.0585144 0.0563271 0.0537758 0.0511319 0.048566 0.0460951 0.0435353 0.0405157 0.0366105 0.0315734 0.0255512 0.0191166
 0.00637435 0.0102135 0.0151255 0.0210263 0.0277732 0.0350913 0.0424971 0.0493521 0.0550436 0.0591563 0.0615252 0.0622011 0.0613991 0.0594484 0.0567286 0.0536016 0.0503602 0.0471919 0.0441426 0.0410828 0.0377188 0.0336991 0.0288117 0.0231723 0.0172634
 0.00671225 0.01075 0.0159087 0.0220912 0.0291345 0.036734 0.0443677 0.0513588 0.0570737 0.0610988 0.0632868 0.0637059 0.0625787 0.0602344 0.0570544 0.0534094 0.049609 0.0458646 0.0422562 0.0387065 0.0349927 0.0308363 0.0260672 0.0207833 0.0153852
 0.00702847 0.0112589 0.0166653 0.0231444 0.0305192 0.0384571 0.0463914 0.053591 0.0593741 0.0633022 0.0652334 0.0652676 0.0636736 0.0608248 0.057131 0.0529727 0.0486575 0.0443975 0.0402902 0.0363005 0.0322708 0.0279933 0.0233424 0.0184048 0.0135077
 0.0073782 0.0118076 0.0174552 0.0242047 0.0318657 0.0400892 0.0482838 0.0556835 0.0615669 0.0654616 0.0672059 0.0669014 0.0648425 0.0614473 0.0571765 0.0524518 0.0476032 0.0428496 0.0382946 0.0339265 0.0296345 0.0252686 0.0207439 0.0161395 0.0117178
 0.00761903 0.0122008 0.0180501 0.0250479 0.0329916 0.0415065 0.049961 0.0575452 0.0635059 0.0673585 0.0689452 0.0683775 0.0659605 0.0621265 0.0573589 0.05211 0.046742 0.0415016 0.0365153 0.0317972 0.0272728 0.0228349 0.0184277 0.0141214 0.010122
 0.00771432 0.012378 0.0183589 0.0255511 0.033754 0.0425747 0.0513419 0.0591929 0.0653232 0.0692124 0.0706893 0.0698753 0.0671031 0.0628411 0.057606 0.0518762 0.0460341 0.0403454 0.0349598 0.02992 0.0251873 0.0206899 0.0163924 0.0123528 0.00872584
 0.00773736 0.0124297 0.018465 0.0257502 0.0340953 0.0431113 0.0521193 0.0602339 0.0666128 0.0706875 0.0722393 0.0713581 0.0683732 0.0637767 0.0581266 0.0519449 0.0456499 0.0395339 0.0337689 0.0284231 0.0234881 0.0189223 0.0147057 0.0108831 0.00756419
 0.00800712 0.0128487 0.0190598 0.0265337 0.0350674 0.0442589 0.0534134 0.0616263 0.0680369 0.0720634 0.0734816 0.0723824 0.0691031 0.0641516 0.0581092 0.0515257 0.0448465 0.0383863 0.0323356 0.0267805 0.0217333 0.0171722 0.0130851 0.00950162 0.00648965
 0.00814478 0.0130742 0.0194021 0.0270197 0.0357161 0.0450716 0.0543659 0.0626682 0.0691015 0.0730834 0.0743999 0.0731541 0.06969 0.0645181 0.0582212 0.0513557 0.0443807 0.0376315 0.0313228 0.0255667 0.0204003 0.0158209 0.0118227 0.00842061 0.00564713
 0.00842348 0.0134965 0.0199811 0.0277493 0.0365762 0.0460354 0.055402 0.0637356 0.0701446 0.0740324 0.0751812 0.0737058 0.069976 0.0645315 0.0579777 0.0508799 0.0436971 0.0367626 0.0302952 0.0244204 0.0191944 0.0146316 0.0107325 0.00750004 0.00493739
 0.00861015 0.0137807 0.0203722 0.0282419 0.0371503 0.0466597 0.0560375 0.0643423 0.0706902 0.0745001 0.0755686 0.0740151 0.0702015 0.0646553 0.0579752 0.05073 0.0433883 0.0362953 0.0296822 0.0236887 0.0183877 0.013809 0.00996028 0.00683718 0.0044206
 0.00863909 0.0138297 0.0204492 0.0283551 0.0373051 0.0468559 0.0562662 0.0645871 0.0709327 0.0747272 0.0757782 0.0742145 0.0704 0.064854 0.0581592 0.0508688 0.0434445 0.0362362 0.0294903 0.0233677 0.0179637 0.0133273 0.00947578 0.00640195 0.0040707
 0.008561 0.0137311 0.0203533 0.028301 0.0373376 0.0470083 0.0565454 0.0649689 0.0713689 0.0751602 0.0761556 0.0745014 0.0705846 0.0649453 0.0581779 0.050834 0.0433638 0.0361042 0.0292957 0.0231042 0.0176388 0.0129653 0.00911257 0.00607459 0.00380638
 0.00871276 0.0139455 0.0206179 0.0285881 0.0376182 0.0472695 0.0568008 0.0652495 0.0716993 0.0755341 0.0765288 0.0748064 0.0707589 0.0649561 0.0580303 0.050563 0.0430154 0.0357186 0.0288981 0.0227065 0.0172483 0.0125923 0.0087731 0.00578641 0.00358206
 0.00869721 0.0139249 0.0205941 0.0285624 0.0375865 0.0472193 0.0567135 0.0651129 0.0715246 0.0753649 0.07643 0.0748344 0.0709309 0.0652393 0.0583578 0.0508643 0.0432416 0.0358502 0.0289385 0.0226705 0.0171543 0.0124603 0.0086247 0.00564276 0.00346
 0.00852558 0.0136669 0.0202454 0.0281342 0.0371037 0.0467157 0.0562273 0.064682 0.0711817 0.0751348 0.0763308 0.0748817 0.0711369 0.0656038 0.0588563 0.0514434 0.0438306 0.0363817 0.029366 0.022975 0.0173408 0.0125493 0.00864391 0.00562088 0.0034215
 0.00851409 0.013634 0.0201704 0.0279911 0.0368701 0.046386 0.0558224 0.0642485 0.0707783 0.0748137 0.0761238 0.074799 0.0711746 0.0657528 0.0591059 0.051777 0.04422 0.0367861 0.0297403 0.0232824 0.0175622 0.0126851 0.00870958 0.0056388 0.00341372
 0.00863173 0.0137981 0.0203661 0.0281846 0.0370142 0.0464319 0.0557329 0.064009 0.0704041 0.0743511 0.0756424 0.0743731 0.0708636 0.0655878 0.0590887 0.0518887 0.0444295 0.037056 0.0300302 0.0235539 0.017786 0.0128463 0.00880911 0.00568906 0.00343172
 0.00864816 0.0138386 0.0204509 0.0283362 0.0372464 0.0467341 0.0560599 0.0642866 0.0705524 0.074315 0.0754137 0.073994 0.0704108 0.0651472 0.0587311 0.0516548 0.0443276 0.0370679 0.0301222 0.0236869 0.017924 0.0129635 0.00889296 0.00573927 0.00345589
 0.00862227 0.0137926 0.020376 0.0282261 0.0371033 0.0465753 0.0559191 0.064203 0.0705507 0.0743877 0.0755197 0.0740778 0.0704312 0.0650975 0.0586396 0.0515679 0.0442869 0.0370951 0.0302143 0.0238225 0.0180739 0.0131014 0.00900189 0.00581398 0.00350031
 0.00860507 0.0137559 0.0203043 0.0280992 0.0369013 0.0462871 0.0555517 0.0637881 0.0701429 0.0740526 0.0753144 0.0740308 0.0705314 0.0653013 0.0588927 0.0518286 0.0445373 0.0373361 0.0304518 0.024056 0.0182936 0.0132929 0.0091537 0.00592219 0.00356918
 0.00872156 0.0139297 0.0205359 0.0283763 0.0371988 0.0465694 0.0557764 0.0639123 0.0701342 0.0739021 0.0750444 0.0736909 0.0701827 0.064996 0.0586589 0.051669 0.0444392 0.0372846 0.0304372 0.0240724 0.0183345 0.0133478 0.00921047 0.00597073 0.00360447
 0.00863791 0.0138149 0.0204021 0.0282471 0.0371012 0.0465221 0.05578 0.0639487 0.0701738 0.0739164 0.0750165 0.0736209 0.0700881 0.0649052 0.0586011 0.0516633 0.044489 0.0373791 0.0305588 0.0242038 0.0184623 0.0134627 0.00930611 0.0060438 0.00365506
 0.00859783 0.013751 0.0203093 0.0281248 0.036957 0.0463747 0.0556595 0.0638881 0.0701951 0.0740165 0.0751647 0.0737707 0.0701973 0.0649531 0.0585934 0.051625 0.04445 0.0373618 0.0305719 0.0242443 0.0185199 0.0135259 0.00936513 0.00609236 0.00369062
 0.00845008 0.0135401 0.020046 0.0278368 0.0366805 0.0461415 0.0554881 0.0637842 0.0701596 0.0740515 0.075272 0.0739439 0.0704154 0.0651826 0.0588003 0.0517879 0.0445665 0.0374444 0.0306383 0.0243076 0.0185848 0.01359 0.00942313 0.00613964 0.00372517
 0.00830327 0.0133121 0.0197244 0.0274215 0.0361881 0.0456096 0.0549746 0.0633591 0.0698856 0.0739638 0.0753687 0.0741928 0.070769 0.0655923 0.0592226 0.0521871 0.0449173 0.037735 0.0308697 0.0244891 0.0187278 0.0137028 0.0095104 0.00620401 0.00376938
 0.0080787 0.0129818 0.0192917 0.0269112 0.035639 0.0450622 0.0544638 0.0629156 0.0695409 0.0737524 0.0753211 0.0743232 0.0710663 0.0660194 0.0597267 0.0527127 0.045418 0.0381789 0.0312409 0.0247851 0.0189549 0.0138717 0.00963191 0.00628783 0.00382398
 0.00799514 0.0128284 0.0190305 0.0265014 0.0350534 0.044309 0.053602 0.062049 0.0687892 0.0732139 0.075049 0.0743244 0.0713146 0.0664703 0.0603243 0.0533948 0.0461214 0.0388476 0.0318334 0.0252782 0.0193424 0.0141602 0.00983541 0.00642342 0.00390876
 0.00885389 0.0140263 0.0204649 0.0279492 0.0362281 0.0449579 0.05359 0.0613898 0.0676233 0.0717568 0.0735356 0.0729598 0.0702396 0.0657463 0.0599424 0.0532984 0.0462316 0.0390831 0.0321227 0.0255667 0.0195954 0.0143613 0.00998259 0.00652318 0.00397148
 0.0096052 0.0152258 0.022217 0.0303027 0.0391273 0.0481888 0.0567578 0.0639784 0.0691455 0.0719313 0.0723894 0.0707979 0.0675122 0.0628971 0.057305 0.0510619 0.0444583 0.0377491 0.0311601 0.0248947 0.019139 0.0140596 0.00978919 0.00640432 0.00390241
 0.00925403 0.0148121 0.0218871 0.0302959 0.0397179 0.0495849 0.0590001 0.0668833 0.0723173 0.0748435 0.0745167 0.071767 0.067215 0.0615112 0.0552088 0.0486911 0.0421769 0.0357835 0.0295998 0.0237321 0.018316 0.0135025 0.00942845 0.0061819 0.00377295
 0.00895908 0.0143368 0.0211907 0.0293725 0.0386337 0.0485151 0.0582348 0.066767 0.0731182 0.0766086 0.0769988 0.0744783 0.0695903 0.0631006 0.0558132 0.048387 0.0412373 0.034548 0.028359 0.0226681 0.0175007 0.0129301 0.00905517 0.00595412 0.00364279
 0.0089114 0.0142259 0.0209612 0.0289507 0.0379451 0.0475185 0.0569644 0.0653642 0.0718353 0.075764 0.0768815 0.0752278 0.0711089 0.0650606 0.0577696 0.0499448 0.0421836 0.0348875 0.0282537 0.022333 0.0171161 0.0126025 0.00882132 0.00580771 0.00356047
 0.00892548 0.0142493 0.0209944 0.028986 0.0379582 0.0474606 0.0567638 0.0649477 0.0711683 0.0748959 0.075967 0.0744996 0.0707993 0.0653 0.0585172 0.0509942 0.0432495 0.0357256 0.0287461 0.0224998 0.0170637 0.0124532 0.00866468 0.00568692 0.00348351
 0.00903216 0.0144219 0.0212519 0.029344 0.038423 0.0480198 0.0573751 0.0655323 0.0716177 0.0750952 0.0758351 0.0740318 0.0700902 0.0645257 0.0578705 0.050604 0.0431278 0.0357776 0.0288346 0.0225193 0.0169804 0.0122957 0.00848702 0.00553335 0.00337382
 0.00898061 0.0143394 0.0211313 0.0291826 0.0382268 0.0478082 0.0571824 0.065401 0.0715828 0.0751651 0.0759803 0.0741924 0.0702027 0.0645569 0.0578393 0.0505717 0.0431609 0.0359049 0.02903 0.0227213 0.017131 0.0123701 0.00849572 0.00550558 0.00333712
 0.00898778 0.0143334 0.0210898 0.0290745 0.0380209 0.0474876 0.0567578 0.0649159 0.0711064 0.0747757 0.0757433 0.0741401 0.070324 0.0648032 0.0581469 0.05089 0.0434677 0.0362012 0.0293194 0.0229938 0.0173641 0.0125427 0.0086023 0.00555741 0.0033542
 0.00896851 0.0143176 0.021093 0.0291163 0.0381142 0.0476244 0.0569016 0.0650099 0.0710966 0.074638 0.0754983 0.073846 0.0700518 0.0646088 0.0580537 0.0508891 0.0435328 0.0363048 0.0294419 0.0231215 0.0174843 0.0126427 0.00867326 0.0055987 0.00337242
 0.0089369 0.0142633 0.0210075 0.0289935 0.037956 0.0474465 0.0567342 0.0648876 0.0710417 0.0746458 0.0755378 0.0738784 0.0700547 0.0645881 0.0580371 0.0509064 0.0435996 0.0364174 0.0295834 0.0232716 0.0176249 0.0127609 0.00876229 0.00565788 0.00340648
 0.00897334 0.014312 0.0210608 0.0290365 0.0379699 0.0474139 0.0566461 0.0647491 0.0708731 0.0744784 0.075403 0.0737948 0.0700209 0.0645878 0.0580521 0.050929 0.0436337 0.0364714 0.0296606 0.0233662 0.0177249 0.0128532 0.00883728 0.00571161 0.0034403
 0.00893116 0.014257 0.0210024 0.0289904 0.0379509 0.0474273 0.0566812 0.0647816 0.0708759 0.0744352 0.0753173 0.0736882 0.0699227 0.0645214 0.0580268 0.0509407 0.0436723 0.036528 0.02973 0.0234445 0.0178065 0.0129305 0.00890307 0.0057614 0.00347364
 0.00892006 0.0142393 0.0209773 0.0289592 0.0379194 0.0474067 0.0566868 0.0648266 0.070962 0.0745469 0.075424 0.0737568 0.0699331 0.0644753 0.057944 0.0508479 0.0435912 0.0364704 0.0296987 0.023437 0.0178174 0.0129528 0.00892933 0.00578562 0.00349227
 0.00886343 0.0141568 0.0208709 0.0288368 0.0377925 0.0472871 0.0565849 0.0647516 0.0709238 0.0745545 0.0754813 0.0738573 0.0700581 0.0645994 0.0580456 0.0509172 0.043632 0.0364946 0.0297185 0.02346 0.0178457 0.0129842 0.00895994 0.00581183 0.003512
 0.00881205 0.0140759 0.0207546 0.0286826 0.0376035 0.0470743 0.0563675 0.0645557 0.0707758 0.0744744 0.0754777 0.0739272 0.0701891 0.0647721 0.0582366 0.0511034 0.043796 0.0366282 0.0298229 0.0235413 0.0179105 0.013037 0.00900235 0.00584427 0.00353495
 0.00885168 0.0141263 0.0208043 0.0287124 0.0375909 0.0470022 0.0562323 0.0643694 0.0705639 0.0742691 0.0753102 0.073821 0.0701551 0.0648081 0.0583288 0.0512309 0.0439366 0.0367629 0.0299397 0.0236356 0.0179835 0.0130922 0.00904349 0.005874 0.00355533
 0.00898344 0.0143372 0.0211141 0.0291329 0.038119 0.0476107 0.056864 0.064943 0.0709928 0.0744876 0.075293 0.073587 0.0697569 0.0643134 0.0578033 0.0507265 0.043486 0.0363812 0.029629 0.0233915 0.0177985 0.0129584 0.00895232 0.00581627 0.00352178
 0.00890252 0.0142346 0.0210135 0.0290757 0.0381545 0.0477793 0.0571808 0.0653883 0.0715131 0.0750059 0.075726 0.0738655 0.0698442 0.0642138 0.0575563 0.0503907 0.0431207 0.0360327 0.0293255 0.0231449 0.0176095 0.0128212 0.00885845 0.00575622 0.00348624
 0.00892621 0.0142663 0.0210503 0.029115 0.0382002 0.0478489 0.0573066 0.0656074 0.0718482 0.0754448 0.0762145 0.0743191 0.0701746 0.0643573 0.0574925 0.0501443 0.0427483 0.035603 0.0289004 0.0227679 0.0173031 0.0125906 0.00869682 0.00565094 0.00342277
 0.00900549 0.0143616 0.0211319 0.0291349 0.0381063 0.0476074 0.0569231 0.0651347 0.0713767 0.0750789 0.0760416 0.0743818 0.0704548 0.0647817 0.0579586 0.0505562 0.043045 0.0357686 0.0289551 0.02275 0.0172509 0.012532 0.00864716 0.0056153 0.00340026
 0.00955386 0.015187 0.0222482 0.0305037 0.0396385 0.0491727 0.0583615 0.0662761 0.0720743 0.0752503 0.0756968 0.0736188 0.0694243 0.0636388 0.056823 0.0494953 0.0420819 0.0349032 0.0281855 0.0220817 0.0166948 0.0120957 0.00832809 0.0053996 0.00326625
 0.00997143 0.0158545 0.0232287 0.0318401 0.0413348 0.05117 0.0605172 0.0683675 0.0738378 0.0764457 0.0761684 0.0733296 0.0684569 0.0621661 0.0550609 0.0476516 0.0403174 0.0333175 0.0268245 0.0209565 0.0157992 0.0114142 0.00783796 0.00507008 0.00306128
 0.00964049 0.0154224 0.0227757 0.0315103 0.0413023 0.0515797 0.0614302 0.0697345 0.075507 0.0781948 0.0777488 0.0745164 0.0690971 0.062211 0.0545696 0.046764 0.0392088 0.0321527 0.0257279 0.0200035 0.0150226 0.0108175 0.0074063 0.00477815 0.0028783
#obs surv len freq
 nan nan nan nan nan nan nan nan nan nan nan nan nan nan nan nan nan nan nan nan nan nan nan nan nan
 0.00448582 0.00734789 0.0111788 0.0159963 0.0216982 0.0279749 0.0342897 0.040021 0.0447 0.0481624 0.0505185 0.0520123 0.0529025 0.0534131 0.0537259 0.0539797 0.0542575 0.0545497 0.0546881 0.0542799 0.052718 0.0493505 0.0438009 0.0362818 0.0276665
 0.00461838 0.00756455 0.0115067 0.0164604 0.0223154 0.0287442 0.0351836 0.0409824 0.0456498 0.0490156 0.0511993 0.0524662 0.0531012 0.053355 0.0534323 0.0534869 0.0536084 0.0537867 0.05385 0.0534035 0.0518419 0.0485176 0.0430556 0.0356619 0.0271927
 0.00478389 0.00783666 0.0119218 0.0170541 0.0231151 0.0297577 0.0363865 0.0423135 0.0470177 0.0503141 0.0523242 0.0533278 0.0536332 0.0535204 0.0532255 0.0529319 0.0527514 0.0526878 0.0525761 0.0520254 0.0504356 0.0471646 0.041837 0.0346446 0.0264138
 0.00497187 0.00814434 0.0123889 0.0177195 0.0240099 0.030894 0.0377452 0.0438384 0.0486209 0.0518898 0.0537626 0.0545254 0.0545 0.0539864 0.0532474 0.0524977 0.051882 0.0514343 0.0510155 0.0502559 0.0485737 0.0453383 0.0401729 0.0332461 0.025339
 0.00519229 0.00850387 0.0129323 0.0184892 0.0250385 0.0321917 0.0392868 0.0455585 0.0504228 0.0536628 0.0553975 0.0559223 0.0555707 0.0546545 0.0534515 0.0521968 0.0510632 0.0501197 0.0492677 0.0481807 0.0463164 0.0430727 0.0380766 0.0314672 0.0239637
 0.00542107 0.00887981 0.0135056 0.0193091 0.0261439 0.0335959 0.0409623 0.0474318 0.0523853 0.0555916 0.0571756 0.0574484 0.0567604 0.0554377 0.0537687 0.0519993 0.0503179 0.0488208 0.0474514 0.045939 0.0438027 0.04049 0.0356458 0.0293795 0.0223365
 0.00565438 0.00926177 0.0140856 0.0201356 0.0272558 0.0350089 0.0426539 0.0493347 0.0543956 0.057587 0.0590343 0.0590615 0.0580371 0.0563052 0.054169 0.051885 0.0496518 0.0475832 0.0456576 0.0436609 0.0411849 0.0377445 0.0330186 0.0270944 0.0205387
 0.00589154 0.00965026 0.0146758 0.0209766 0.028386 0.0364417 0.0443629 0.0512484 0.0564074 0.059576 0.0608837 0.0606686 0.059316 0.0571856 0.0545939 0.0518074 0.0490333 0.0463992 0.0439118 0.0414095 0.0385581 0.0349494 0.0303088 0.0247112 0.0186469
 0.00613196 0.0100453 0.015278 0.0218373 0.0295457 0.0379135 0.0461166 0.0532049 0.0584508 0.0615761 0.0627182 0.0622355 0.0605362 0.0580002 0.0549584 0.0516856 0.0483943 0.0452201 0.042192 0.0391948 0.0359645 0.0321719 0.0275958 0.0223071 0.0167253
 0.0063854 0.0104581 0.015901 0.0227185 0.030721 0.0393931 0.0478693 0.0551526 0.0604782 0.0635523 0.0645175 0.0637521 0.0616896 0.0587347 0.0552385 0.0514886 0.0477032 0.0440232 0.0404932 0.0370355 0.0334493 0.0294797 0.02496 0.0199624 0.0148429
 0.00661491 0.010838 0.0164849 0.02356 0.031862 0.0408463 0.0496004 0.0570759 0.0624705 0.0654777 0.0662516 0.0651937 0.0627636 0.0593907 0.0554462 0.0512325 0.0469763 0.0428253 0.0388373 0.0349652 0.0310616 0.0269369 0.0224746 0.0177503 0.0130636
 0.00684586 0.0112136 0.0170509 0.0243593 0.032928 0.0421896 0.0511958 0.0588549 0.0643281 0.0672903 0.0678962 0.0665632 0.0637765 0.0599932 0.0556099 0.050948 0.0462457 0.0416585 0.0372564 0.0330183 0.0288411 0.02459 0.0201911 0.0157224 0.0114332
 0.00707242 0.0115873 0.0176227 0.0251787 0.034031 0.0435821 0.0528365 0.0606531 0.0661593 0.0690232 0.0694152 0.0677798 0.0646286 0.0604424 0.055638 0.0505528 0.0454371 0.040456 0.0356911 0.0311434 0.0267461 0.022409 0.0180916 0.0138712 0.00995168
 0.00727066 0.0119153 0.0181268 0.0259056 0.0350183 0.0448424 0.0543419 0.0623284 0.0678911 0.070681 0.070875 0.0689404 0.0654208 0.0608296 0.0556112 0.0501218 0.0446233 0.0392879 0.0342071 0.0294 0.0248294 0.0204398 0.0162158 0.0122303 0.00864594
 0.00745376 0.0122132 0.0185759 0.0265401 0.0358644 0.0459082 0.0556067 0.063737 0.0693594 0.0721094 0.0721624 0.0699955 0.0661705 0.0612245 0.055628 0.0497615 0.0439052 0.0382443 0.0328819 0.0278525 0.0231421 0.0187216 0.0145922 0.0108198 0.00752976
 0.00751741 0.0123213 0.0187476 0.0267979 0.0362309 0.0464019 0.0562352 0.0644935 0.0702215 0.0730401 0.0731119 0.0709028 0.0669666 0.0618393 0.0559992 0.0498434 0.0436748 0.037703 0.0320551 0.02679 0.021919 0.0174359 0.0133546 0.00973289 0.00666413
 0.00758568 0.0124242 0.018888 0.0269748 0.0364426 0.0466493 0.0565246 0.064835 0.0706251 0.0735107 0.0736436 0.0714761 0.0675467 0.0623772 0.0564365 0.0501198 0.0437384 0.0375203 0.0316194 0.0261258 0.0210821 0.0165092 0.0124344 0.00890951 0.00600096
 0.00766908 0.0125523 0.0190662 0.0272021 0.0367108 0.0469435 0.0568246 0.0651194 0.070879 0.0737319 0.0738452 0.0716788 0.0677671 0.0626164 0.0566741 0.050316 0.0438422 0.0374823 0.0314055 0.0257293 0.02053 0.0158591 0.0117634 0.00829411 0.00549743
 0.00774913 0.0126779 0.0192465 0.0274413 0.0370064 0.0472837 0.0571864 0.0654705 0.0711839 0.0739626 0.07399 0.0717457 0.0677798 0.0626041 0.056659 0.0503028 0.0438143 0.0374069 0.0312456 0.02546 0.0201512 0.0154003 0.0112765 0.00783757 0.00511776
 0.00776925 0.0127095 0.0192921 0.027503 0.037086 0.0473827 0.0573056 0.0656082 0.0713351 0.0741179 0.0741372 0.071873 0.06788 0.0626773 0.0567117 0.0503424 0.0438412 0.0374095 0.0312022 0.0253476 0.0199588 0.0151378 0.0109748 0.00753845 0.0048589
 0.00779776 0.0127498 0.0193416 0.0275558 0.0371349 0.0474223 0.0573352 0.0656322 0.0713612 0.0741544 0.0741892 0.0719406 0.0679581 0.0627577 0.0567861 0.050405 0.043888 0.0374351 0.0311969 0.0252989 0.0198573 0.0149855 0.010788 0.00734405 0.0046843
 0.0078345 0.0128037 0.0194117 0.0276368 0.0372177 0.0474962 0.0573893 0.0656589 0.071358 0.0741266 0.0741491 0.0719039 0.0679381 0.0627607 0.0568106 0.0504431 0.043929 0.037468 0.0312109 0.025284 0.0198066 0.0148988 0.0106744 0.00722025 0.00456914
 0.00786516 0.012851 0.019478 0.0277218 0.0373177 0.0476035 0.0574924 0.0657431 0.0714097 0.0741372 0.074119 0.0718427 0.0678619 0.062687 0.0567528 0.0504074 0.0439136 0.0374647 0.0312083 0.0252708 0.0197742 0.0148442 0.0106017 0.00713956 0.00449256
 0.00788059 0.0128718 0.0195015 0.027743 0.0373314 0.0476064 0.0574848 0.0657288 0.0713935 0.0741222 0.0741057 0.0718298 0.0678487 0.0626755 0.0567473 0.0504127 0.0439319 0.0374936 0.031241 0.0252976 0.0197864 0.014837 0.010576 0.00710161 0.00445131
 0.00787413 0.0128618 0.0194871 0.0277234 0.0373055 0.0475728 0.0574422 0.0656776 0.0713367 0.0740668 0.0740603 0.0718027 0.0678441 0.0626929 0.0567828 0.0504614 0.0439896 0.0375563 0.0313037 0.025354 0.0198298 0.0148625 0.010583 0.0070938 0.00443517
 0.0078935 0.0128874 0.0195149 0.0277461 0.0373148 0.0475626 0.0574113 0.0656295 0.0712781 0.0740046 0.0740009 0.0717513 0.0678059 0.0626721 0.0567817 0.0504792 0.044023 0.0376004 0.0313527 0.0254017 0.0198704 0.0148915 0.0105986 0.00709737 0.00443062
 0.00787494 0.0128584 0.0194732 0.0276903 0.0372435 0.0474753 0.0573088 0.0655155 0.0711602 0.0738947 0.0739125 0.0716966 0.0677921 0.0626999 0.0568462 0.050572 0.0441342 0.0377198 0.031471 0.0255106 0.0199631 0.0149637 0.0106491 0.00712818 0.0044462
 0.00789879 0.0128909 0.0195106 0.0277249 0.0372664 0.0474786 0.0572887 0.0654724 0.0710976 0.0738172 0.0738262 0.0716093 0.0677133 0.0626397 0.0568125 0.0505685 0.0441591 0.0377674 0.0315326 0.0255771 0.0200261 0.015017 0.0106892 0.00715466 0.00446122
 0.00787086 0.012848 0.0194507 0.0276475 0.037172 0.0473688 0.0571661 0.065342 0.0709679 0.0736997 0.0737333 0.0715514 0.0676962 0.062664 0.0568744 0.0506618 0.0442764 0.0378998 0.0316705 0.0257104 0.0201458 0.0151163 0.0107649 0.00720718 0.00449412
 0.0078378 0.012793 0.0193659 0.0275257 0.0370096 0.0471688 0.0569413 0.0651138 0.0707611 0.0735358 0.0736261 0.0715061 0.0677118 0.062735 0.0569929 0.0508175 0.0444574 0.0380936 0.0318649 0.0258938 0.0203082 0.0152508 0.0108681 0.00728003 0.00454101
 0.00780835 0.0127437 0.0192891 0.0274136 0.0368557 0.0469712 0.056706 0.0648559 0.0705038 0.0733063 0.0734499 0.0714021 0.0676888 0.0627914 0.0571184 0.0509966 0.0446725 0.0383271 0.0321001 0.0261159 0.0205053 0.0154144 0.0109943 0.00737002 0.00459973
 0.00780492 0.0127341 0.019267 0.0273704 0.0367821 0.0468604 0.0565561 0.064672 0.0702976 0.0730947 0.0732528 0.0712404 0.0675812 0.062751 0.0571497 0.051095 0.0448254 0.038517 0.0323077 0.0263227 0.0206955 0.0155764 0.011122 0.00746256 0.00466109
 0.00775039 0.0126503 0.0191501 0.0272196 0.0365999 0.0466516 0.0563284 0.0644363 0.070068 0.0728869 0.0730831 0.0711229 0.0675269 0.0627663 0.0572359 0.0512474 0.045033 0.0387635 0.0325728 0.0265853 0.0209366 0.0157818 0.0112838 0.00758 0.00473913
 0.00772008 0.012596 0.0190594 0.0270793 0.0364001 0.0463923 0.0560243 0.064116 0.0697661 0.0726344 0.0728998 0.071017 0.0674982 0.062811 0.0573485 0.0514207 0.0452575 0.0390255 0.0328549 0.0268675 0.0211991 0.0160082 0.0114643 0.00771222 0.00482774
 0.00930238 0.0148111 0.0217328 0.0298272 0.0387399 0.0479198 0.0565547 0.0637133 0.0686648 0.0711225 0.07123 0.0693689 0.0659802 0.0614771 0.0562175 0.0504914 0.0445183 0.0384598 0.0324424 0.0265842 0.0210186 0.0159035 0.0114105 0.00768897 0.0048203
 0.00928681 0.0150776 0.0226481 0.0318459 0.0422063 0.0528002 0.0622674 0.0692228 0.0728489 0.0732144 0.0710718 0.0673562 0.0627905 0.0577808 0.0525104 0.0470652 0.041509 0.0359107 0.0303498 0.0249217 0.0197466 0.0149729 0.0107646 0.00726739 0.00456372
 0.0089544 0.0145564 0.021921 0.030966 0.0413487 0.0522965 0.0625644 0.0707214 0.0756613 0.0769844 0.0750198 0.0705741 0.0646192 0.0580396 0.0514653 0.045214 0.039349 0.033803 0.0284962 0.0234026 0.0185696 0.0141079 0.0101638 0.00687555 0.00432567
 0.00878639 0.014272 0.0214731 0.0303073 0.0404507 0.051183 0.0613529 0.0696503 0.0750682 0.0772112 0.0762586 0.0727235 0.0672549 0.060552 0.053306 0.0461051 0.0393372 0.0331588 0.0275511 0.0224251 0.0177194 0.0134483 0.00969578 0.0065689 0.00414002
 0.0087506 0.014205 0.0213548 0.0301101 0.0401423 0.050733 0.0607458 0.0689035 0.0742536 0.076472 0.0758001 0.0727603 0.0679152 0.0617841 0.0548557 0.0476 0.0404415 0.0337051 0.0275738 0.0220949 0.0172391 0.012975 0.0093134 0.00630004 0.00397118
 0.00869503 0.0141205 0.0212377 0.0299593 0.0399565 0.0505073 0.0604705 0.0685665 0.0738482 0.0760101 0.0753287 0.0723713 0.0677346 0.0619308 0.0553778 0.0484263 0.041388 0.0345466 0.0281405 0.0223346 0.0172116 0.0127964 0.00909432 0.0061102 0.00383669
 0.00868066 0.0140917 0.0211848 0.0298708 0.039823 0.0503265 0.0602504 0.0683227 0.0735968 0.0757601 0.0750826 0.0721356 0.0675351 0.0618203 0.0554233 0.0486745 0.0418278 0.0350953 0.0286722 0.0227362 0.0174301 0.0128489 0.00904163 0.00601828 0.00375061
 0.00867114 0.0140759 0.02116 0.0298335 0.0397681 0.050248 0.0601427 0.068183 0.0734282 0.0755724 0.0748901 0.0719532 0.0673768 0.0617023 0.0553691 0.0487136 0.041982 0.0353588 0.0290011 0.0230606 0.0176845 0.0130003 0.0090971 0.00601081 0.00371693
 0.00865499 0.0140525 0.02113 0.0297989 0.0397318 0.0502115 0.0601051 0.0681405 0.0733752 0.0755033 0.0748025 0.0718493 0.0672648 0.0615955 0.0552849 0.0486719 0.0420018 0.0354504 0.0291569 0.0232521 0.0178707 0.0131453 0.00918451 0.00604631 0.00371916
 0.00865721 0.0140517 0.021121 0.0297748 0.0396865 0.0501437 0.0600201 0.06805 0.0732919 0.0754362 0.0747528 0.0718123 0.0672333 0.0615652 0.0552575 0.0486558 0.0420095 0.0354939 0.0292407 0.0233683 0.0179998 0.0132631 0.00927274 0.00609923 0.00374267
 0.00865232 0.0140486 0.0211247 0.0297919 0.0397216 0.0501955 0.060079 0.0681001 0.0733177 0.075429 0.0747142 0.0717511 0.0671604 0.0614889 0.0551831 0.0485882 0.0419556 0.0354619 0.0292378 0.0233955 0.0180499 0.0133225 0.0093268 0.00613849 0.00376516
 0.00863899 0.0140273 0.0210938 0.0297512 0.0396736 0.0501463 0.0600382 0.0680777 0.0733195 0.0754529 0.0747499 0.0717852 0.0671824 0.061495 0.0551757 0.0485732 0.0419398 0.0354522 0.0292402 0.0234135 0.0180823 0.0133634 0.0093677 0.00617205 0.00378791
 0.00863552 0.0140189 0.0210761 0.0297186 0.0396212 0.0500726 0.0599475 0.067981 0.073232 0.0753901 0.0747224 0.0717948 0.0672223 0.0615524 0.0552373 0.0486293 0.0419869 0.0354917 0.0292761 0.0234499 0.0181211 0.0134033 0.0094053 0.00620329 0.00381047
 0.00866233 0.0140603 0.0211341 0.0297927 0.0397072 0.0501621 0.060028 0.0680376 0.0732527 0.0753699 0.0746665 0.0717167 0.067138 0.061475 0.0551731 0.0485786 0.0419464 0.0354587 0.0292499 0.0234317 0.0181121 0.0134031 0.00941156 0.00621247 0.00381931
 0.00862672 0.0140123 0.0210801 0.0297445 0.039679 0.0501645 0.0600631 0.0680984 0.0733249 0.0754373 0.0747152 0.0717397 0.0671358 0.0614547 0.0551446 0.048551 0.0419248 0.0354444 0.0292419 0.0234287 0.0181133 0.0134081 0.00941909 0.00622095 0.00382704
 0.00862672 0.0140123 0.0210801 0.0297445 0.039679 0.0501645 0.0600631 0.0680984 0.0733249 0.0754373 0.0747152 0.0717397 0.0671358 0.0614547 0.0551446 0.048551 0.0419248 0.0354444 0.0292419 0.0234287 0.0181133 0.0134081 0.00941909 0.00622095 0.00382704
 0.00861469 0.013988 0.0210353 0.029671 0.0395723 0.0500301 0.0599196 0.0679742 0.073248 0.0754235 0.0747622 0.0718291 0.0672428 0.0615578 0.0552316 0.048619 0.0419771 0.035486 0.0292768 0.0234589 0.0181397 0.0134307 0.00943785 0.0062358 0.00383802
 0.00880031 0.0142806 0.021457 0.0302309 0.0402599 0.0508068 0.0607146 0.0686924 0.0737932 0.0757269 0.0748006 0.071624 0.0668449 0.0610277 0.0546277 0.0479915 0.0413674 0.0349259 0.0287882 0.0230538 0.0178209 0.0131934 0.00927179 0.0061273 0.00377237
 0.00878687 0.0142818 0.021501 0.030358 0.0405113 0.0512071 0.0612559 0.0693283 0.0744469 0.0763093 0.0752316 0.0718497 0.0668474 0.0608251 0.0542647 0.0475255 0.0408552 0.0344162 0.0283178 0.0226473 0.0174907 0.0129417 0.00909246 0.00600845 0.00369957
 0.00884469 0.0143645 0.0216059 0.0304793 0.0406464 0.0513648 0.0614581 0.0696024 0.0748078 0.0767429 0.0756883 0.0722557 0.0671276 0.0609273 0.0541733 0.0472621 0.0404677 0.0339633 0.0278555 0.0222198 0.0171269 0.0126549 0.00888279 0.00586674 0.0036114
 0.00878872 0.0142821 0.0214978 0.0303512 0.0405074 0.0512247 0.0613285 0.0694992 0.0747559 0.0767734 0.0758283 0.072512 0.0674744 0.0613075 0.0545157 0.0475057 0.0405811 0.0339497 0.0277451 0.0220548 0.0169479 0.012492 0.00875248 0.00577334 0.00355099
 0.00897072 0.0145577 0.0218741 0.0308199 0.0410451 0.0517957 0.061886 0.0699892 0.0751244 0.0769803 0.07586 0.0723862 0.067233 0.0609995 0.0541788 0.0471565 0.040219 0.0335704 0.0273528 0.0216669 0.0165895 0.0121865 0.00851395 0.00560333 0.00344069
 0.00920641 0.0149488 0.0224745 0.0316764 0.0421777 0.0531709 0.0633977 0.0714652 0.0763669 0.0778215 0.0762062 0.0722314 0.0666448 0.0600919 0.0530817 0.0459897 0.0390746 0.032507 0.0264018 0.0208438 0.0159027 0.0116399 0.00810409 0.00531737 0.00325689
 0.00904533 0.0147171 0.0221841 0.0313644 0.0419043 0.0530107 0.0634259 0.0717373 0.076895 0.0785566 0.0770398 0.0730237 0.0672674 0.0604639 0.0531851 0.0458603 0.0387788 0.0321175 0.0259803 0.0204347 0.0155349 0.0113306 0.00786149 0.00514124 0.00313964
#pred catch len freq
 0.00339554 0.00544557 0.00809161 0.0113401 0.0152179 0.0197414 0.0248509 0.0303794 0.0360767 0.0416603 0.0468594 0.051454 0.0553046 0.058357 0.0606158 0.0621062 0.0628476 0.0628343 0.0620042 0.0601883 0.0570839 0.0523326 0.0457399 0.0375446 0.0285282
 0.00368834 0.00586092 0.00860843 0.0119112 0.0157969 0.0203168 0.0254616 0.0310887 0.0369155 0.0425716 0.047687 0.051989 0.0553695 0.057885 0.0596859 0.0609213 0.0616638 0.0618693 0.0613612 0.0598297 0.0568698 0.052104 0.045401 0.0370972 0.0280463
 0.00382555 0.00610998 0.00902723 0.0125591 0.0167093 0.0214735 0.026772 0.0324151 0.0381293 0.0436036 0.0485288 0.0526417 0.0557862 0.057962 0.0593185 0.0600835 0.0604519 0.0604759 0.0599942 0.0586271 0.0558624 0.0512426 0.0446216 0.0363748 0.0274041
 0.00401429 0.00639962 0.00943622 0.0131065 0.0174268 0.0224134 0.0279956 0.0339544 0.0399382 0.0455336 0.0503574 0.054144 0.0568032 0.0584203 0.0592036 0.0594102 0.0592663 0.058879 0.0581458 0.0567113 0.0540332 0.0495924 0.0431895 0.035176 0.0264495
 0.00424539 0.00676327 0.00996102 0.0138115 0.0183201 0.0234929 0.0292503 0.0353707 0.0415042 0.0472313 0.0521355 0.0558882 0.0583326 0.0595253 0.0597072 0.0592149 0.0583682 0.0573577 0.0561479 0.0544294 0.0516758 0.0473483 0.0412017 0.0335322 0.0251845
 0.00447117 0.00712489 0.0104964 0.0145554 0.019302 0.0247299 0.0307371 0.0370698 0.0433447 0.0491201 0.053974 0.0575832 0.0597929 0.0606473 0.0603667 0.0592825 0.0577467 0.056023 0.0541723 0.051978 0.0489794 0.04466 0.0387498 0.0314807 0.0236121
 0.00467833 0.00745973 0.0109983 0.0152641 0.0202554 0.0259581 0.0322513 0.0388494 0.0453296 0.0512098 0.0560371 0.0594762 0.0613818 0.0618223 0.0610414 0.0593824 0.0572049 0.054796 0.0522742 0.0495127 0.0461471 0.0417295 0.0360004 0.0291382 0.0218018
 0.00499018 0.00794181 0.0116797 0.0161613 0.021378 0.0273151 0.0338488 0.0406794 0.0473547 0.0533518 0.0581761 0.0614627 0.0630591 0.0630504 0.0617131 0.0594262 0.0565778 0.0534803 0.0502898 0.0469443 0.0431685 0.0385982 0.0330124 0.0265552 0.0197852
 0.00532429 0.00846692 0.0124368 0.0171778 0.0226657 0.0288665 0.0356316 0.0426348 0.0494026 0.0554023 0.0601363 0.0632366 0.0645445 0.0641408 0.0623067 0.0594375 0.0559469 0.0521798 0.0483351 0.0444124 0.0402179 0.0354704 0.0299965 0.0239204 0.017709
 0.00564543 0.00897695 0.0131833 0.0182009 0.0239948 0.030514 0.0375799 0.0448232 0.0517234 0.0577108 0.0622733 0.065055 0.0659308 0.0650217 0.0626401 0.059197 0.0551117 0.0507377 0.0462998 0.0418493 0.0372686 0.0323573 0.0269929 0.0212874 0.0156246
 0.00597737 0.00949493 0.0139245 0.019191 0.0252511 0.0320468 0.0393865 0.0468742 0.0539496 0.0599964 0.0644631 0.066975 0.0674188 0.0659563 0.0629555 0.0588778 0.0541748 0.0492153 0.0442376 0.039324 0.0344127 0.0293708 0.0241228 0.0187725 0.0136308
 0.00624135 0.00991757 0.0145491 0.0200555 0.0263836 0.0334582 0.0410607 0.0487615 0.0559691 0.0620448 0.0664226 0.068719 0.0688193 0.0668961 0.0633443 0.0586652 0.0533535 0.0478152 0.0423193 0.0369804 0.0317803 0.026636 0.021506 0.0164843 0.011817
 0.00637972 0.0101543 0.0149286 0.0206304 0.0272087 0.034577 0.0424878 0.0504684 0.0578785 0.0640363 0.0683493 0.0704303 0.0701828 0.0678116 0.0637465 0.0585203 0.0526556 0.0465858 0.0406109 0.0348823 0.0294245 0.0241967 0.0191813 0.0144582 0.0102143
 0.00652608 0.0103909 0.0152842 0.0211357 0.027897 0.035481 0.0436316 0.0518539 0.0594718 0.0657591 0.070081 0.0720239 0.0714906 0.0687121 0.0641614 0.0584164 0.0520372 0.0454854 0.0390855 0.0330176 0.0273416 0.0220513 0.0171472 0.0126936 0.00882372
 0.00676627 0.010763 0.0158112 0.0218301 0.0287631 0.0365181 0.044832 0.0531967 0.0609158 0.0672395 0.0715101 0.0732978 0.0725009 0.069362 0.0643807 0.0581713 0.0513315 0.0443557 0.037595 0.0312542 0.0254195 0.0201087 0.0153323 0.0111369 0.00760766
