SBPRF35
7.473
Curr Bio
506182
B35
531061
F35
0.217884
FOFL
0.211172
OFL
84463.4
Bzero
2.13514e+06
#pred survey bio
 3.53166e+06 3.45033e+06 3.34572e+06 3.18917e+06 2.78932e+06 2.49446e+06 2.24964e+06 1.99933e+06 1.81799e+06 1.67447e+06 1.55642e+06 1.44549e+06 1.3075e+06 1.12429e+06 989105 813400 708386 661729 659965 655066 633504 615317 580395 554889 541972 501494 516769 518403 526983 534016 541820 542826 545066 564570 563949 566858 556119 513911 494157 529758 604010 667203 734961 706329 611153 600845 591803 603393 605966 612657 586009 556211 587112 640744 658364 606993 551109 526739 513514 1.82912e+07 1.10347e+07 1.13661e+07 1.20821e+07 1.29702e+07 1.38513e+07 1.46257e+07 1.52569e+07 1.57465e+07 1.61139e+07 1.63836e+07 1.65792e+07 1.67198e+07 1.68208e+07 1.68933e+07 1.69455e+07 1.69834e+07 1.70109e+07 1.70311e+07 1.7046e+07 1.7057e+07 1.70653e+07 1.70715e+07 1.70761e+07 1.70796e+07 1.70823e+07 1.70843e+07 1.70859e+07 1.7087e+07 1.70879e+07 1.70886e+07 1.70892e+07 1.70896e+07 1.70899e+07 1.70901e+07 1.70903e+07 1.70904e+07 1.70905e+07 1.70906e+07 1.70907e+07 1.70907e+07 1.70908e+07 1.70908e+07 1.70908e+07 1.70908e+07 1.70909e+07 1.70909e+07 1.70909e+07 1.70909e+07 1.70909e+07 1.70909e+07 1.70909e+07 1.70909e+07 1.70909e+07 1.70909e+07 1.70909e+07 1.70909e+07 1.70909e+07 1.70909e+07 1.70909e+07 1.70909e+07 1.70909e+07 1.70909e+07 1.70909e+07 1.70909e+07 1.70909e+07 1.70909e+07 1.70909e+07 1.70909e+07 1.70909e+07 1.70909e+07 1.70909e+07 1.70909e+07 1.70909e+07 1.70909e+07 1.70909e+07 1.70909e+07 1.70909e+07 1.70909e+07 1.70909e+07 1.70909e+07 1.70909e+07 1.70909e+07 1.70909e+07 1.70909e+07 1.70909e+07 1.70909e+07 1.70909e+07 1.70909e+07 1.70909e+07 1.70909e+07 1.70909e+07 1.70909e+07 1.70909e+07 1.70909e+07 1.70909e+07 1.70909e+07 1.70909e+07 1.70909e+07 1.70909e+07 0 0 0 0 0 0 0 0 0 0 0 0 0 0 0 0 0 0 0 0 0 0 0 0 0
#obs survey bio
 3.42642e+06 5.27097e+06 3.64009e+06 3.0682e+06 2.60621e+06 3.08512e+06 2.5542e+06 1.94724e+06 1.45263e+06 1.55802e+06 1.45568e+06 1.40493e+06 1.56710e+06 1.21771e+06 1.14012e+06 588714 553085 553697 902531 673564 652185 766174 594918 468960 518888 541243 676906 541042 494911 554515 597428 541393 454753 614071 699986 613953 858602 459699 424628 368209 675351 653812 869281 754780 488485 513091 534747 655197 540048 484829 558809 558769 550341 912143 673654 573356 688820 491125 489735
#pred catch bio
 94258.6 91943.5 151881 226894 243866 258361 305480 274926 304861 297076 285045 285770 273922 244267 241655 204752 193178 160235 153859 146320 121597 123501 116152 117076 113222 94358.1 105366 102498 106283 100545 99008.1 93244 85896.5 103304 88873.1 86836.9 85553.8 91786.5 80656.9 81979.7 97035 87819.9 90137.4 83774.2 92652 88628.3 89873.8 90210 84737.2 91435.3 114407 83612.6 80580.7 94924.5 138150 132051 88615.3 88859.7 60661.5 84463.4 86792 87987.7 92523.6 98922.3 105354 110924 115345 118653 121026 122675 123795 124541 125032 125350 125555 125687 125770 125823 125856 125877 125890 125898 125903 125906 125908 125910 125910 125911 125911 125911 125911 125911 125911 125911 125911 125911 125912 125912 125912 125912 125912 125912 125912 125912 125912 125912 125912 125912 125912 125912 125912 125912 125912 125912 125912 125912 125912 125912 125912 125912 125912 125912 125912 125912 125912 125912 125912 125912 125912 125912 125912 125912 125912 125912 125912 125912 125912 125912 125912 125912 125912 125912 125912 125912 125912 125912 125912 125912 125912 125912 125912 125912 125912 125912 125912 125912 125912 125912 125912 0 0 0 0 0 0 0 0 0 0 0 0 0 0 0 0 0 0 0 0 0 0 0 0 0
#obs catch bio
 0 91565.7 152015 227171 243968 258175 306160 274275 305775 297512 285198 286140 273274 244681 241077 204096 194963 160832 154079 146371 121281 123438 115996 117574 112836 94518.3 105419 102473 106468 100521 99007.3 93189.4 85760.6 103650 88804.8 86854.2 85329.6 91900.6 80654.1 82196.6 97251.7 87849.5 90029.5 83485.3 93020.7 88534.3 89991.6 90226.9 84680.3 91173.5 114907 83528.2 80577.5 94665.5 138438 132452 88286.2 89210 60475.5
#pred cpue bio
 3.49161e+06 3.41131e+06 3.30659e+06 3.14999e+06 2.75324e+06 2.4598e+06 2.21595e+06 1.96673e+06 1.78576e+06 1.64184e+06 1.52323e+06 1.41192e+06 1.27441e+06 1.09329e+06 959656 787310 684082 637706 635568 630645 609577 591998 558220 533580 521062 482020 496774 498418 506794 513594 521288 522444 524773 543813 543320 546280 534821 492578 472416 506341 577786 638581 703929 676912 585871 575569 567011 578167 580729 587370 561843 532427 561924 613785 630953 580328 525295 502169 489954 1.7489e+07 1.0547e+07 1.07627e+07 1.13924e+07 1.22605e+07 1.31383e+07 1.39123e+07 1.45435e+07 1.5033e+07 1.54004e+07 1.56702e+07 1.58657e+07 1.60064e+07 1.61073e+07 1.61798e+07 1.62321e+07 1.62699e+07 1.62974e+07 1.63176e+07 1.63325e+07 1.63436e+07 1.63518e+07 1.6358e+07 1.63627e+07 1.63662e+07 1.63688e+07 1.63709e+07 1.63724e+07 1.63736e+07 1.63745e+07 1.63752e+07 1.63757e+07 1.63761e+07 1.63764e+07 1.63766e+07 1.63768e+07 1.6377e+07 1.63771e+07 1.63772e+07 1.63772e+07 1.63773e+07 1.63773e+07 1.63773e+07 1.63774e+07 1.63774e+07 1.63774e+07 1.63774e+07 1.63774e+07 1.63774e+07 1.63774e+07 1.63774e+07 1.63774e+07 1.63774e+07 1.63774e+07 1.63774e+07 1.63774e+07 1.63774e+07 1.63774e+07 1.63774e+07 1.63774e+07 1.63774e+07 1.63774e+07 1.63774e+07 1.63774e+07 1.63774e+07 1.63774e+07 1.63774e+07 1.63774e+07 1.63774e+07 1.63774e+07 1.63774e+07 1.63774e+07 1.63774e+07 1.63774e+07 1.63774e+07 1.63774e+07 1.63774e+07 1.63774e+07 1.63774e+07 1.63774e+07 1.63774e+07 1.63774e+07 1.63774e+07 1.63774e+07 1.63774e+07 1.63774e+07 1.63774e+07 1.63774e+07 1.63774e+07 1.63774e+07 1.63774e+07 1.63774e+07 1.63774e+07 1.63774e+07 1.63774e+07 1.63774e+07 1.63774e+07 1.63774e+07 1.63774e+07 1.63774e+07 0 0 0 0 0 0 0 0 0 0 0 0 0 0 0 0 0 0 0 0 0 0 0 0 0
#obs cpue bio
 3.63274e+06 2.46348e+06 2.57932e+06 4.53816e+06 2.35427e+06 2.02868e+06 1.93183e+06 2.24515e+06 1.73252e+06 1.80214e+06 1.64781e+06 1.41791e+06 1.38228e+06 738235 1.17364e+06 1.09326e+06 501837 769987 526704 674989 620702 487352 550794 455833 916442 264292 496358 454863 504290 519429 487358 548201 575536 479769 448333 491719 439379 502808 491225 528520 668346 546838 805397 740336 483939 858037 528764 595699 607045 911642 512016 492945 540110 537373 611464 567174 467888 465516 554836
#pred surv len freq
 0.00422141 0.00696843 0.0107008 0.0154664 0.0211793 0.0275239 0.0339422 0.0397904 0.0445897 0.0481794 0.0506766 0.0523227 0.0533523 0.0539417 0.0542105 0.0542457 0.0541264 0.0539243 0.0536466 0.0531216 0.0519005 0.0493108 0.0447421 0.0380591 0.0298572
 0.00450986 0.0073514 0.0111212 0.0158253 0.0213727 0.0274952 0.0337165 0.0394641 0.0442769 0.0479521 0.0505382 0.0522293 0.0532624 0.0538571 0.0541848 0.0543554 0.0544222 0.0543872 0.0541717 0.0535448 0.0520619 0.049126 0.0442425 0.0373754 0.0291558
 0.00456463 0.00750134 0.0114522 0.016436 0.0223267 0.0287603 0.0351318 0.0407739 0.0452302 0.0484097 0.0505166 0.0518586 0.0526997 0.053223 0.0535532 0.0537771 0.0539413 0.054027 0.053907 0.0532905 0.0517024 0.048575 0.0434962 0.0365202 0.0283253
 0.0046329 0.00760856 0.0116119 0.0166717 0.0226828 0.0293063 0.0359456 0.0418984 0.0466177 0.049894 0.0518485 0.0527976 0.0531102 0.0531136 0.0530435 0.0530288 0.0530995 0.0531906 0.053118 0.0525346 0.0509269 0.0477279 0.04257 0.0355709 0.0274494
 0.0048696 0.00797756 0.0121372 0.017364 0.023538 0.0303062 0.037062 0.0431005 0.0478809 0.051195 0.0531404 0.0539809 0.0540312 0.0536086 0.0530077 0.0524631 0.0521046 0.0519167 0.0517049 0.0510746 0.0494628 0.0462795 0.0411692 0.0342794 0.0263455
 0.00502863 0.00826211 0.0126121 0.0181019 0.0245982 0.0317036 0.0387415 0.0449386 0.049719 0.0528894 0.0545976 0.0551581 0.0549055 0.0541396 0.0531256 0.0520944 0.0512177 0.0505531 0.0499729 0.0491141 0.0474096 0.0442515 0.0392717 0.03261 0.0249834
 0.00518857 0.00852465 0.0130141 0.018685 0.0254075 0.0327803 0.0401091 0.0465831 0.0515737 0.0548321 0.0564685 0.0567951 0.0561799 0.0549725 0.0534766 0.051938 0.050534 0.0493424 0.0482813 0.047047 0.0451215 0.0419213 0.0370755 0.0306966 0.0234517
 0.00546537 0.00897143 0.0136802 0.0196133 0.0266258 0.0342897 0.0418721 0.0485245 0.0535938 0.0568255 0.058334 0.0584324 0.0574867 0.0558502 0.0538441 0.0517423 0.0497507 0.047975 0.0463682 0.0446781 0.0424496 0.039154 0.0344425 0.0284019 0.0216287
 0.00567757 0.00932353 0.0142232 0.0203993 0.0276971 0.0356622 0.0435195 0.0503729 0.055535 0.0587416 0.0601185 0.0599994 0.058766 0.0567765 0.0543492 0.0517567 0.0492141 0.0468516 0.0446655 0.0424642 0.0398658 0.0364104 0.031786 0.0260622 0.019762
 0.00592626 0.00973643 0.0148606 0.0213223 0.0289556 0.0372744 0.0454514 0.0525312 0.05778 0.0609154 0.0620741 0.0616208 0.0599753 0.0575303 0.0546247 0.0515351 0.0484706 0.045561 0.0428228 0.0401157 0.0371351 0.0335023 0.0289569 0.0235603 0.0177615
 0.00619285 0.0101637 0.0154929 0.0221991 0.0301066 0.0387112 0.0471559 0.0544472 0.0598146 0.0629494 0.0639772 0.063267 0.0612574 0.0583694 0.0549733 0.0513701 0.0477814 0.0443421 0.0410813 0.0378947 0.0345424 0.0307236 0.0262346 0.0211375 0.0158145
 0.00641833 0.0105361 0.0160635 0.0230177 0.0312101 0.0401065 0.0488048 0.0562657 0.0616903 0.0647681 0.0656413 0.064698 0.0623886 0.0591401 0.0553288 0.0512663 0.0471886 0.0432466 0.039491 0.0358534 0.0321513 0.0281523 0.0237054 0.0188768 0.0139904
 0.00665 0.0109166 0.0166435 0.0238467 0.0323267 0.0415226 0.0504886 0.0581344 0.0636209 0.0666214 0.0672881 0.0660387 0.0633597 0.0597094 0.0554829 0.0509974 0.0464875 0.0421054 0.0379153 0.0338814 0.0298741 0.025724 0.021328 0.0167562 0.0122803
 0.00688302 0.0113004 0.0172301 0.0246871 0.0334598 0.0429585 0.0521913 0.0600165 0.0655557 0.0684669 0.0689119 0.0673334 0.0642515 0.0601603 0.055486 0.0505664 0.0456434 0.040869 0.0363102 0.0319506 0.0277007 0.023444 0.0191185 0.0147979 0.010707
 0.00693021 0.0114121 0.0174631 0.0251166 0.034162 0.0439827 0.0535344 0.0616136 0.0672935 0.070209 0.0705233 0.0686967 0.0652759 0.060785 0.0556814 0.0503298 0.0449922 0.0398322 0.0349264 0.0302741 0.0258153 0.0214719 0.0172128 0.013112 0.00935383
 0.00720124 0.0118288 0.0180476 0.0258786 0.0351044 0.0451068 0.0548371 0.0630752 0.068862 0.0717926 0.071998 0.0699299 0.0661546 0.0612376 0.0556823 0.0498916 0.0441507 0.0386358 0.0334309 0.0285472 0.0239451 0.0195732 0.0154194 0.0115522 0.00811719
 0.00727568 0.0119872 0.0183529 0.0264069 0.0359198 0.0462267 0.0562074 0.0645768 0.0703507 0.0731476 0.0731467 0.0708389 0.0668027 0.061597 0.0557201 0.0495832 0.0434932 0.0376515 0.0321655 0.027067 0.0223376 0.0179462 0.0138913 0.0102314 0.007076
 0.0074277 0.0122189 0.0186756 0.0268281 0.0364514 0.0468909 0.0570333 0.0655811 0.071511 0.0743858 0.0743397 0.0718537 0.0675375 0.0620011 0.0557869 0.0493288 0.0429396 0.0368237 0.0310984 0.0258137 0.020974 0.0165677 0.0126018 0.00912272 0.0062069
 0.00746818 0.0122686 0.018721 0.0268473 0.0364219 0.046803 0.0569031 0.0654579 0.0714724 0.0745182 0.0747066 0.0724641 0.0683313 0.062863 0.0565816 0.0499392 0.0432889 0.0368783 0.0308622 0.0253218 0.0202894 0.0157761 0.0117992 0.00839711 0.00561956
 0.00760648 0.0124656 0.0189651 0.0271079 0.0366549 0.0469626 0.0569537 0.0653846 0.0712892 0.0742726 0.074476 0.072338 0.0683813 0.0631128 0.0569925 0.05042 0.0437259 0.03717 0.0309444 0.0251778 0.0199474 0.0152988 0.0112673 0.00788977 0.00519531
 0.0078055 0.0127667 0.0193747 0.0276129 0.0372212 0.0475357 0.0574629 0.0657528 0.0714519 0.0742009 0.0741917 0.0719125 0.0679166 0.0627117 0.0567275 0.0503117 0.0437388 0.0372291 0.0309649 0.0250956 0.0197389 0.0149832 0.0108947 0.00752 0.00487791
 0.00777991 0.0127354 0.0193462 0.0276007 0.0372384 0.0475882 0.0575432 0.0658403 0.0715187 0.0742215 0.0741524 0.0718175 0.0677895 0.0625919 0.0566602 0.0503318 0.0438549 0.0374152 0.0311665 0.0252504 0.0198008 0.0149391 0.0107653 0.00734707 0.00470507
 0.00780584 0.0127771 0.0194087 0.0276888 0.0373574 0.0477422 0.0577327 0.0660579 0.0717456 0.0744271 0.0742997 0.0718737 0.0677389 0.0624441 0.0564497 0.0501077 0.043664 0.0372849 0.0310957 0.0252127 0.0197602 0.0148685 0.010659 0.00721919 0.00457882
 0.0077528 0.0127051 0.0193266 0.027614 0.0373109 0.0477416 0.0577864 0.0661639 0.071894 0.0746036 0.0744861 0.0720476 0.0678749 0.0625199 0.0564548 0.0500498 0.0435675 0.0371808 0.0310076 0.0251477 0.019709 0.0148157 0.0105941 0.00714338 0.00450203
 0.00777685 0.0127366 0.0193606 0.0276431 0.0373297 0.0477526 0.0578024 0.0662041 0.0719744 0.0747271 0.0746392 0.0722047 0.0680078 0.0626052 0.0564788 0.05001 0.0434735 0.0370522 0.0308681 0.0250166 0.0195959 0.0147202 0.0105114 0.00707009 0.00443883
 0.00794519 0.0129816 0.0196755 0.0280021 0.0376934 0.0480786 0.0580559 0.0663641 0.0720371 0.0747051 0.0745568 0.0720888 0.0678773 0.0624667 0.0563282 0.0498402 0.043281 0.0368417 0.0306518 0.0248103 0.019413 0.0145678 0.0103903 0.00697726 0.00437025
 0.0077614 0.0127252 0.0193672 0.0276848 0.0374173 0.0478783 0.0579353 0.0662994 0.0719968 0.0746727 0.074541 0.0721164 0.0679753 0.062645 0.0565735 0.0501204 0.0435581 0.0370837 0.0308407 0.0249427 0.019496 0.0146132 0.01041 0.00698079 0.00436505
 0.00779452 0.0127522 0.0193607 0.0276096 0.0372474 0.0476194 0.0576358 0.0660374 0.0718438 0.0746575 0.0746385 0.0722688 0.0681285 0.0627736 0.056681 0.0502222 0.0436637 0.0371899 0.0309361 0.0250161 0.0195427 0.0146355 0.0104145 0.00697514 0.00435537
 0.00776445 0.0127136 0.0193199 0.0275738 0.0372174 0.0475813 0.0575612 0.0658972 0.0716308 0.0744021 0.0744019 0.0721143 0.0680901 0.0628444 0.0568262 0.0504026 0.0438512 0.037369 0.0310977 0.0251531 0.0196496 0.0147107 0.0104612 0.00700008 0.00436608
 0.00778078 0.0127337 0.0193387 0.0275844 0.0372144 0.0475648 0.0575374 0.0658726 0.0716044 0.0743618 0.0743325 0.0720119 0.0679714 0.0627412 0.056768 0.050402 0.043901 0.0374506 0.0311912 0.025243 0.0197259 0.0147686 0.0105001 0.00702266 0.00437699
 0.00776814 0.0127067 0.0192863 0.0274926 0.0370699 0.0473616 0.0572826 0.0655896 0.0713285 0.0741314 0.0741771 0.071944 0.0679859 0.0628227 0.0569007 0.0505744 0.044104 0.0376724 0.0314158 0.0254529 0.0199067 0.0149118 0.0106041 0.00709169 0.00441856
 0.00781715 0.0127704 0.0193524 0.0275389 0.0370692 0.0472903 0.0571292 0.0653586 0.0710407 0.07382 0.0738825 0.0717057 0.0678335 0.0627694 0.0569418 0.0506928 0.0442771 0.037878 0.0316338 0.0256649 0.0200969 0.015069 0.0107232 0.00717405 0.00447028
 0.00785648 0.0128255 0.019418 0.0276027 0.0371125 0.0472911 0.0570662 0.0652167 0.0708175 0.0735306 0.0735597 0.0713939 0.0675783 0.0626055 0.0568865 0.0507435 0.0444156 0.0380771 0.0318638 0.0258988 0.0203128 0.0152518 0.0108652 0.0072749 0.00453547
 0.00764357 0.0125182 0.0190273 0.0271628 0.0366704 0.0468892 0.0567295 0.0649507 0.0706154 0.0733836 0.0734641 0.0713538 0.0676037 0.0627083 0.0570746 0.0510159 0.0447598 0.0384696 0.0322743 0.0262958 0.0206691 0.0155484 0.0110938 0.00743718 0.00464096
 0.00780143 0.012726 0.0192517 0.0273473 0.0367569 0.0468485 0.0565804 0.0647526 0.0704351 0.073259 0.0733889 0.0712908 0.067515 0.0625798 0.0569215 0.0508722 0.0446601 0.0384352 0.0323076 0.0263827 0.0207864 0.0156718 0.0112041 0.00752377 0.00470137
 0.00853769 0.0137693 0.0205353 0.0287071 0.0379709 0.0477061 0.0569456 0.0645944 0.0698236 0.0723389 0.0723377 0.0702716 0.0666355 0.0618786 0.0563845 0.0504649 0.044354 0.0382161 0.0321694 0.0263176 0.0207792 0.015702 0.0112507 0.00757037 0.00473877
 0.00908323 0.0146696 0.0219041 0.0306289 0.0404477 0.0505927 0.0599145 0.0671815 0.0715649 0.0729372 0.0717644 0.0687491 0.0645259 0.0595491 0.0541154 0.0484193 0.0425979 0.0367573 0.0309916 0.0253974 0.02009 0.0152118 0.0109225 0.00736487 0.00461911
 0.00907879 0.0147419 0.0221614 0.0312244 0.0415441 0.0522995 0.0622213 0.0699176 0.074406 0.0754635 0.0735602 0.0695185 0.0641815 0.0582306 0.0521267 0.0461178 0.0402923 0.0346556 0.0292 0.0239483 0.0189724 0.0143919 0.0103541 0.00699553 0.004396
 0.00896669 0.0145929 0.0220033 0.0311167 0.0415785 0.0525922 0.0628941 0.0710637 0.0760431 0.077488 0.0757319 0.071497 0.0656143 0.0588614 0.0518749 0.045094 0.038745 0.0328795 0.0274523 0.0224027 0.0177146 0.0134391 0.00967973 0.00655055 0.00412374
 0.0088292 0.0143558 0.0216248 0.030559 0.0408294 0.0516937 0.0619648 0.0702937 0.0756527 0.0776609 0.0765469 0.0728861 0.0673625 0.0606546 0.0533864 0.0460815 0.0391171 0.0327029 0.0269011 0.0216823 0.0169964 0.0128294 0.00922061 0.00623811 0.00393015
 0.00871513 0.0141673 0.0213348 0.0301392 0.0402545 0.0509522 0.0610733 0.069313 0.0746957 0.0768854 0.0761285 0.0729694 0.0680056 0.0617901 0.0548224 0.047552 0.0403646 0.0335581 0.0273229 0.0217434 0.0168308 0.0125724 0.00896941 0.00604148 0.00379839
 0.008837 0.0143305 0.0215152 0.0302907 0.0403194 0.0508778 0.0608275 0.0688911 0.0741214 0.0762108 0.0754366 0.0723726 0.0676295 0.0617378 0.0551314 0.0481653 0.0411388 0.0343121 0.0279041 0.0220776 0.0169318 0.0125127 0.0088363 0.00590268 0.00368932
 0.00876442 0.0142246 0.0213769 0.0301251 0.0401296 0.0506574 0.0605585 0.0685516 0.0736998 0.075721 0.0749225 0.0719026 0.0672834 0.0615914 0.0552394 0.0485414 0.0417401 0.0350397 0.028629 0.022684 0.0173547 0.0127497 0.00893117 0.0059145 0.00366751
 0.00876914 0.0142176 0.0213402 0.0300353 0.0399663 0.0504149 0.0602528 0.0682155 0.0733676 0.075413 0.0746417 0.0716454 0.0670573 0.0614249 0.0551778 0.0486293 0.041999 0.0354501 0.0291294 0.0231889 0.017785 0.0130598 0.00911736 0.00600395 0.00369786
 0.00880448 0.0142722 0.0214158 0.0301286 0.0400663 0.0505011 0.0602965 0.0681873 0.073249 0.0752059 0.0743687 0.0713406 0.0667536 0.0611497 0.0549563 0.048489 0.0419666 0.0355395 0.0293287 0.0234579 0.0180672 0.0133034 0.00929316 0.00610945 0.00374918
 0.00864116 0.0140746 0.0212425 0.0300723 0.0402236 0.0509271 0.0609679 0.0689987 0.0740461 0.0758367 0.0747279 0.0713902 0.0665199 0.0607041 0.0543906 0.0478951 0.0414222 0.0351007 0.0290242 0.0232861 0.0180006 0.013301 0.00931556 0.0061311 0.00376036
 0.00868074 0.0140899 0.0211803 0.0298665 0.0398301 0.0503675 0.0603538 0.0685059 0.0738417 0.0759978 0.0752036 0.0720299 0.0671452 0.0611789 0.0546568 0.047968 0.0413626 0.0349829 0.0289111 0.0232158 0.0179831 0.0133245 0.00935835 0.00617347 0.00379145
 0.00862038 0.0140224 0.0211314 0.0298692 0.0399036 0.0504937 0.06047 0.0685312 0.0737279 0.0757719 0.0749635 0.0718905 0.0671706 0.0613492 0.0548884 0.0481668 0.0414707 0.0349943 0.0288583 0.0231432 0.0179248 0.0132948 0.00935438 0.00618383 0.00380509
 0.00864028 0.0140344 0.0211142 0.0297966 0.0397583 0.0502841 0.0602359 0.068329 0.0736002 0.0757236 0.0749664 0.0719133 0.0672074 0.0614206 0.055015 0.0483427 0.0416612 0.035157 0.0289678 0.0232002 0.0179479 0.0133049 0.00936425 0.00619657 0.00381832
 0.00856575 0.0139266 0.0209755 0.0296347 0.0395805 0.0500907 0.0600202 0.0680862 0.073341 0.0754806 0.0747849 0.071831 0.0672378 0.0615523 0.0552243 0.0486041 0.0419492 0.0354436 0.029225 0.0234083 0.0181011 0.0134102 0.00943443 0.0062431 0.0038489
 0.00862406 0.0140081 0.0210742 0.0297376 0.0396724 0.0501604 0.0600636 0.068103 0.0733285 0.0754306 0.0746889 0.0716904 0.0670705 0.0613884 0.0550939 0.0485262 0.0419274 0.0354683 0.0292785 0.0234709 0.0181576 0.0134529 0.0094629 0.00626083 0.0038598
 0.00886299 0.014402 0.0216737 0.0305847 0.040781 0.0514914 0.0615074 0.0694878 0.0744612 0.0761515 0.0749136 0.0714201 0.0663774 0.0603893 0.0539239 0.0473152 0.040781 0.034457 0.0284363 0.0228026 0.0176492 0.0130818 0.00920411 0.00609012 0.00375462
 0.00873694 0.0142046 0.0213939 0.0302249 0.0403664 0.051077 0.0611773 0.0693372 0.0745615 0.0765144 0.0754776 0.0720695 0.0669835 0.0608525 0.0541965 0.0474028 0.0407272 0.0343211 0.0282733 0.0226508 0.0175274 0.0129937 0.00914494 0.00605276 0.00373239
 0.00861639 0.0140019 0.0210773 0.0297641 0.0397431 0.0503017 0.0603045 0.068469 0.0738314 0.0760547 0.0753804 0.0723569 0.0675978 0.061673 0.0550774 0.0482164 0.0413938 0.0348164 0.0286149 0.0228763 0.0176748 0.0130914 0.00921051 0.00609609 0.00375967
 0.00874612 0.0141823 0.0212914 0.0299737 0.0398954 0.0503422 0.0601913 0.0681844 0.0733906 0.075511 0.074821 0.0718857 0.0673061 0.0616088 0.0552293 0.0485195 0.0417578 0.0351588 0.0288853 0.0230606 0.0177857 0.0131518 0.00924145 0.00611184 0.00376797
 0.00908468 0.0147535 0.0221837 0.0312673 0.0416252 0.0524496 0.0624891 0.0703707 0.0751227 0.0765096 0.0749526 0.0711887 0.0659604 0.0598712 0.0533622 0.0467329 0.0401786 0.0338334 0.0278054 0.0221957 0.0171053 0.0126326 0.00886407 0.00585476 0.00360595
 0.00914879 0.0148972 0.0224743 0.0317948 0.0424845 0.0537061 0.0641407 0.0723211 0.0771785 0.0784058 0.0764053 0.0719646 0.065942 0.059091 0.0519875 0.045009 0.0383566 0.0321121 0.0263053 0.0209653 0.0161435 0.0119135 0.00835183 0.00551052 0.00339026
 0.00894202 0.0145453 0.0219217 0.0309966 0.0414374 0.052487 0.0629294 0.0713775 0.0767663 0.0786924 0.0773879 0.0734614 0.0676507 0.0606867 0.0532191 0.0457591 0.0386456 0.0320558 0.0260519 0.0206427 0.0158354 0.0116596 0.00816222 0.00537968 0.00330659
 0.00892474 0.0145026 0.0218286 0.0308166 0.0411266 0.0520064 0.0622644 0.0705613 0.0758978 0.0779332 0.0769272 0.0734508 0.0681371 0.0615802 0.0543195 0.0468294 0.0394964 0.0325971 0.0262965 0.02067 0.0157427 0.0115268 0.00803775 0.00528392 0.00324212
#obs surv len freq
 nan nan nan nan nan nan nan nan nan nan nan nan nan nan nan nan nan nan nan nan nan nan nan nan nan
 0.00448413 0.00734504 0.0111743 0.0159897 0.0216892 0.0279635 0.0342765 0.0400072 0.0446869 0.0481515 0.0505108 0.0520082 0.0529021 0.0534159 0.0537314 0.0539873 0.0542665 0.0545597 0.0546987 0.0542907 0.0527287 0.0493606 0.0438099 0.0362893 0.0276722
 0.00461302 0.00755725 0.0114983 0.0164524 0.0223095 0.0287416 0.0351841 0.0409848 0.0456523 0.0490168 0.0511988 0.0524642 0.0530987 0.0533531 0.0534316 0.0534878 0.0536108 0.0537903 0.0538546 0.0534086 0.0518472 0.0485227 0.0430603 0.0356657 0.0271956
 0.00478398 0.00783448 0.0119144 0.0170376 0.0230863 0.029716 0.0363355 0.04226 0.0469699 0.0502782 0.0523029 0.0533202 0.0536366 0.053532 0.0532432 0.0529543 0.0527778 0.0527175 0.0526082 0.0520589 0.0504692 0.0471966 0.0418657 0.0346685 0.026432
 0.00497146 0.00814401 0.0123889 0.0177195 0.0240089 0.0308894 0.0377332 0.043815 0.0485848 0.0518436 0.0537132 0.054481 0.0544677 0.0539694 0.0532454 0.0525081 0.0519018 0.0514609 0.0510468 0.0502902 0.048609 0.0453726 0.0402039 0.0332721 0.025359
 0.00517752 0.00848045 0.0128983 0.0184434 0.024981 0.0321243 0.0392133 0.0454839 0.0503522 0.0535995 0.0553437 0.0558798 0.0555421 0.0546433 0.0534605 0.0522268 0.0511124 0.0501845 0.0493437 0.0482634 0.0464011 0.0431544 0.0381505 0.031529 0.0240111
 0.00540528 0.00885251 0.0134615 0.0192428 0.0260509 0.0334757 0.0408199 0.0472783 0.0522354 0.05546 0.0570732 0.0573808 0.0567285 0.0554394 0.0538013 0.05206 0.0504043 0.0489296 0.047578 0.0460773 0.0439452 0.0406281 0.0357708 0.0294842 0.0224168
 0.00563237 0.00922769 0.0140373 0.0200718 0.0271755 0.0349114 0.0425388 0.0492037 0.0542534 0.0574428 0.0589004 0.0589513 0.0579616 0.0562709 0.0541772 0.0519332 0.0497353 0.0476968 0.0457952 0.0438156 0.0413475 0.0379044 0.0331647 0.0272175 0.0206336
 0.00588536 0.00963853 0.0146552 0.0209429 0.0283358 0.0363737 0.0442786 0.0511522 0.0563048 0.0594714 0.0607806 0.060571 0.0592299 0.0571196 0.0545566 0.0518055 0.0490695 0.0464719 0.0440162 0.041538 0.0387006 0.0350944 0.0304442 0.0248269 0.0187368
 0.00612764 0.010038 0.0152664 0.0218198 0.0295198 0.0378769 0.0460668 0.0531408 0.0583734 0.0614888 0.0626265 0.0621456 0.0604539 0.057931 0.054908 0.0516602 0.0483995 0.0452595 0.0422653 0.0392969 0.0360866 0.0323018 0.0277207 0.0224157 0.0168107
 0.0063677 0.0104312 0.015864 0.0226716 0.0306656 0.0393313 0.0478034 0.0550849 0.0604107 0.0634865 0.0644547 0.0636938 0.0616379 0.0586928 0.0552102 0.0514782 0.0477153 0.0440618 0.0405604 0.0371296 0.033564 0.0296044 0.025082 0.02007 0.0149283
 0.0066111 0.010831 0.0164729 0.023541 0.0318346 0.0408102 0.0495576 0.0570301 0.0624253 0.0654359 0.0662135 0.065158 0.062729 0.059357 0.0554155 0.0512087 0.0469651 0.0428321 0.0388665 0.035018 0.0311352 0.0270238 0.0225645 0.0178327 0.0131307
 0.0068555 0.0112282 0.0170706 0.0243834 0.0329544 0.0422152 0.0512163 0.058866 0.0643264 0.0672745 0.0678674 0.0665245 0.0637311 0.0599437 0.0555592 0.050899 0.0462028 0.041627 0.0372416 0.0330236 0.0288665 0.0246316 0.0202415 0.015773 0.0114769
 0.00707203 0.011588 0.0176261 0.0251869 0.0340461 0.0436045 0.0528645 0.0606825 0.0661843 0.0690384 0.0694172 0.0677674 0.0646033 0.0604073 0.055597 0.0505097 0.045396 0.040421 0.0356667 0.0311332 0.0267517 0.0224289 0.0181211 0.013904 0.00998185
 0.00728274 0.0119324 0.0181479 0.0259283 0.0350401 0.0448617 0.0543591 0.0623451 0.0679088 0.070699 0.0708903 0.0689484 0.0654174 0.060813 0.0555822 0.0500838 0.0445808 0.0392462 0.0341711 0.029374 0.0248158 0.020439 0.0162251 0.0122455 0.00866235
 0.0074178 0.0121598 0.0185047 0.0264541 0.0357689 0.0458095 0.055511 0.0636509 0.0692906 0.0720654 0.0721492 0.0700155 0.0662204 0.0612958 0.0557098 0.0498435 0.0439803 0.0383098 0.0329383 0.0279024 0.0231882 0.0187653 0.0146331 0.0108562 0.00755956
 0.00750355 0.0122957 0.0187039 0.026729 0.0361324 0.0462753 0.0560906 0.0643486 0.0700964 0.0729508 0.0730666 0.0709018 0.067005 0.0619093 0.0560917 0.0499482 0.0437819 0.0378044 0.032146 0.026869 0.0219865 0.0174934 0.013403 0.00977226 0.00669433
 0.00759198 0.0124332 0.0188988 0.0269849 0.0364475 0.0466426 0.0564991 0.0647853 0.0705507 0.0734184 0.0735472 0.0713918 0.0674881 0.0623516 0.0564437 0.0501544 0.0437918 0.0375834 0.0316842 0.0261866 0.0211359 0.0165547 0.0124718 0.00893912 0.00602314
 0.00765163 0.0125266 0.0190327 0.0271628 0.0366687 0.0469013 0.0567837 0.0650796 0.0708385 0.0736888 0.0737991 0.0716327 0.0677279 0.0625927 0.0566733 0.0503412 0.0438909 0.037548 0.0314796 0.0258034 0.0205978 0.0159171 0.01181 0.00832939 0.00552253
 0.00770665 0.0126091 0.0191438 0.0272993 0.0368242 0.0470683 0.0569551 0.0652492 0.0710007 0.0738394 0.0739364 0.0717585 0.0678473 0.062712 0.0567946 0.0504566 0.0439789 0.0375752 0.0314101 0.0256127 0.0202854 0.0155115 0.0113632 0.00790087 0.00516085
 0.00778083 0.0127235 0.0193043 0.0275058 0.0370699 0.0473391 0.0572294 0.0655006 0.0712042 0.0739786 0.074008 0.0717716 0.0678184 0.0626597 0.0567345 0.0503978 0.0439202 0.0375036 0.0313038 0.0254493 0.0200538 0.0152204 0.0110415 0.00758816 0.00489308
 0.00780781 0.0127677 0.0193712 0.0276004 0.0371952 0.0474936 0.0574054 0.0656839 0.0713766 0.0741224 0.0741103 0.0718271 0.0678303 0.0626374 0.0566906 0.0503439 0.0438627 0.0374411 0.0312264 0.0253432 0.0199081 0.0150354 0.0108318 0.00737855 0.00470891
 0.00782884 0.0127955 0.0194015 0.0276262 0.0372096 0.0474944 0.0573979 0.0656797 0.0713887 0.0741591 0.0741713 0.0719042 0.0679111 0.0627102 0.0567482 0.050384 0.0438863 0.0374486 0.0312153 0.0253075 0.0198417 0.0149378 0.0107109 0.00725035 0.0045912
 0.00787774 0.0128703 0.0195049 0.0277561 0.0373586 0.0476493 0.0575405 0.0657908 0.0714538 0.0741746 0.0741459 0.0718542 0.0678524 0.0626529 0.0566948 0.0503326 0.0438337 0.0373924 0.0311536 0.0252376 0.019761 0.0148457 0.0106114 0.00715171 0.0045035
 0.00787862 0.0128738 0.019514 0.0277748 0.0373904 0.0476956 0.057599 0.0658545 0.0715129 0.074219 0.074169 0.0718557 0.067838 0.0626319 0.0566757 0.0503196 0.043826 0.0373856 0.0311421 0.0252167 0.0197278 0.0148 0.0105563 0.00709342 0.00444941
 0.00788036 0.0128711 0.0194999 0.0277405 0.037329 0.0476066 0.0574921 0.0657482 0.0714283 0.074172 0.0741648 0.0718888 0.0678971 0.062705 0.0567542 0.0503983 0.0439019 0.0374554 0.0312016 0.0252611 0.0197537 0.0148066 0.0105464 0.00707264 0.00442452
 0.00790873 0.0129097 0.019544 0.0277801 0.0373507 0.0475974 0.0574432 0.0656587 0.0713071 0.0740372 0.0740402 0.0717967 0.0678514 0.0627077 0.0567968 0.0504672 0.0439833 0.0375383 0.0312776 0.0253244 0.0198002 0.0148348 0.0105577 0.00707115 0.00441571
 0.00789611 0.0128939 0.0195285 0.02777 0.0373499 0.047605 0.0574513 0.0656539 0.071276 0.0739737 0.0739494 0.0716949 0.0677607 0.062648 0.0567799 0.0504936 0.0440439 0.0376191 0.0313642 0.0254048 0.0198664 0.014883 0.0105878 0.007086 0.00442003
 0.00788306 0.0128683 0.0194824 0.0276949 0.0372405 0.0474643 0.0572932 0.0655009 0.0711508 0.0738899 0.0739077 0.0716869 0.0677766 0.0626831 0.0568353 0.0505727 0.044147 0.0377406 0.0314934 0.0255291 0.019975 0.0149689 0.010649 0.00712483 0.00444156
 0.00786526 0.0128391 0.0194376 0.0276299 0.0371507 0.0473462 0.0571468 0.0653322 0.0709738 0.0737255 0.073779 0.0716116 0.0677619 0.0627244 0.0569209 0.0506894 0.0442842 0.0378899 0.0316463 0.0256762 0.0201065 0.0150771 0.0107303 0.00718013 0.00447532
 0.00785118 0.012814 0.0193958 0.0275651 0.0370574 0.0472223 0.0569959 0.0651636 0.0708008 0.0735627 0.0736407 0.0715115 0.0677112 0.0627302 0.0569829 0.0507999 0.04443 0.0380558 0.0318182 0.0258418 0.0202553 0.0152015 0.0108261 0.00724765 0.00451843
 0.00781714 0.0127572 0.019308 0.0274381 0.0368853 0.0470051 0.0567426 0.064893 0.0705384 0.0733351 0.0734702 0.0714127 0.0676904 0.0627859 0.0571078 0.050982 0.0446534 0.0383024 0.0320692 0.0260797 0.0204664 0.0153763 0.0109605 0.00734296 0.00458027
 0.00779028 0.0127126 0.019239 0.0273377 0.0367478 0.0468279 0.0565289 0.0646532 0.0702897 0.0730991 0.0732697 0.0712681 0.0676165 0.0627901 0.0571889 0.0511311 0.0448559 0.0385399 0.0323214 0.0263268 0.020691 0.0155659 0.0111086 0.00744946 0.00465034
 0.00775254 0.01265 0.0191427 0.0271992 0.0365611 0.046593 0.0562547 0.0643583 0.0699988 0.0728382 0.0730611 0.0711284 0.0675562 0.0628133 0.0572937 0.051309 0.0450927 0.0388165 0.0326159 0.0266169 0.0209565 0.0157916 0.0112862 0.00757801 0.00473554
 0.00774124 0.012628 0.0191026 0.0271318 0.0364567 0.0464453 0.0560635 0.0641316 0.069752 0.0725916 0.0728371 0.0709478 0.0674359 0.0627647 0.0573212 0.0514105 0.0452597 0.0390344 0.0328655 0.0268761 0.0212036 0.0160083 0.0114611 0.00770727 0.00482266
 0.00933399 0.014861 0.0218048 0.0299234 0.0388592 0.0480567 0.0566979 0.0638462 0.0687683 0.0711801 0.0712323 0.0693172 0.0658854 0.0613565 0.0560896 0.0503712 0.0444149 0.038376 0.0323766 0.0265332 0.0209788 0.0158723 0.0113863 0.00767076 0.00480741
 0.00931334 0.0151225 0.0227189 0.0319499 0.0423485 0.0529798 0.0624746 0.0694384 0.073048 0.0733715 0.0711668 0.0673781 0.0627384 0.0576642 0.0523472 0.0468772 0.0413177 0.0357328 0.0301953 0.0247948 0.0196467 0.0148973 0.0107097 0.00722939 0.00453897
 0.00897299 0.0145875 0.0219693 0.0310367 0.0414465 0.0524239 0.0627198 0.0708977 0.0758455 0.0771588 0.0751648 0.0706711 0.0646546 0.0580076 0.0513698 0.0450681 0.0391716 0.0336153 0.0283166 0.0232444 0.0184395 0.0140075 0.0100909 0.00682574 0.00429388
 0.00878842 0.0142759 0.0214802 0.0303196 0.0404711 0.0512147 0.0613997 0.0697153 0.0751525 0.0773128 0.0763707 0.0728347 0.0673503 0.0606164 0.0533274 0.0460786 0.0392667 0.0330557 0.0274313 0.0223048 0.0176112 0.0133598 0.00962915 0.00652265 0.00411038
 0.0086936 0.0141186 0.0212365 0.0299628 0.0399739 0.050556 0.0605774 0.068764 0.0741636 0.0764478 0.0758492 0.0728787 0.0680878 0.0619875 0.0550624 0.0477845 0.0405857 0.0338012 0.0276246 0.0221106 0.0172329 0.0129588 0.00929574 0.0062853 0.00396074
 0.0086719 0.0140772 0.0211625 0.029839 0.0397814 0.0502781 0.0602033 0.0682924 0.0736062 0.0758359 0.0752463 0.0723891 0.0678463 0.0621184 0.0556149 0.0486824 0.0416338 0.034759 0.0283063 0.0224517 0.0172863 0.0128394 0.00911657 0.00612059 0.00384106
 0.00867572 0.0140809 0.021163 0.0298307 0.0397552 0.0502222 0.0601036 0.0681348 0.0733792 0.0755362 0.0748838 0.0719944 0.0674761 0.0618532 0.055541 0.048856 0.042044 0.0353158 0.0288718 0.0228988 0.0175502 0.0129298 0.0090915 0.00604657 0.00376546
 0.00867412 0.01408 0.0211644 0.0298364 0.0397665 0.0502369 0.0601154 0.068132 0.0733472 0.0754595 0.0747514 0.0718041 0.0672405 0.0616042 0.0553292 0.0487398 0.0420677 0.0354855 0.0291445 0.0231979 0.0177996 0.0130863 0.00915481 0.00604578 0.00373616
 0.00866415 0.0140653 0.0211454 0.0298147 0.0397448 0.0502188 0.0601039 0.0681289 0.0733505 0.0754627 0.0747431 0.071771 0.0671724 0.0615003 0.0552033 0.048621 0.0419932 0.0354855 0.0292265 0.0233396 0.0179587 0.0132206 0.00924078 0.00608352 0.0037411
 0.00866302 0.0140643 0.0211455 0.0298171 0.039751 0.0502298 0.0601199 0.0681488 0.0733723 0.0754834 0.0747582 0.0717744 0.0671567 0.0614592 0.0551356 0.0485346 0.041906 0.0354211 0.0292042 0.0233646 0.0180186 0.0132919 0.00930112 0.00612143 0.00375726
 0.00863686 0.0140243 0.0210901 0.0297471 0.0396695 0.0501427 0.0600356 0.0680773 0.0733234 0.0754638 0.0747695 0.0718122 0.0672121 0.0615203 0.0551907 0.0485756 0.0419319 0.0354387 0.029225 0.0233984 0.0180673 0.0133487 0.00935456 0.00616218 0.0037822
 0.0086383 0.0140232 0.0210822 0.0297267 0.0396313 0.0500843 0.05996 0.0679934 0.0732431 0.0753992 0.0747294 0.0718008 0.0672281 0.0615581 0.0552413 0.0486293 0.0419809 0.0354797 0.0292597 0.0234316 0.0181031 0.0133871 0.00939183 0.00619323 0.00380396
 0.00862917 0.0140119 0.0210714 0.0297201 0.039632 0.0500919 0.0599692 0.0679953 0.0732298 0.0753679 0.0746847 0.0717526 0.0671879 0.0615341 0.0552363 0.0486409 0.0420032 0.0355064 0.0292866 0.0234575 0.0181285 0.0134125 0.00941608 0.00621424 0.00381984
 0.00860013 0.0139669 0.021008 0.0296387 0.0395361 0.049989 0.0598706 0.0679137 0.0731757 0.0753449 0.0746894 0.0717773 0.067225 0.0615797 0.0552896 0.048702 0.0420705 0.0355764 0.0293546 0.0235195 0.0181823 0.0134573 0.00945203 0.00624155 0.00383906
 0.00860729 0.013974 0.0210105 0.0296296 0.0395082 0.0499382 0.0597985 0.0678285 0.0730899 0.0752719 0.0746394 0.0717544 0.0672276 0.061602 0.055325 0.0487453 0.0421188 0.0356276 0.0294065 0.0235695 0.0182276 0.013496 0.00948314 0.00626496 0.00385541
 0.00860729 0.013974 0.0210105 0.0296296 0.0395082 0.0499382 0.0597985 0.0678285 0.0730899 0.0752719 0.0746394 0.0717544 0.0672276 0.061602 0.055325 0.0487453 0.0421188 0.0356276 0.0294065 0.0235695 0.0182276 0.013496 0.00948314 0.00626496 0.00385541
 0.0088194 0.0143118 0.0215037 0.0302955 0.0403414 0.050899 0.0608044 0.0687615 0.0738227 0.0757041 0.0747246 0.0715073 0.0667093 0.0608983 0.0545248 0.0479261 0.0413399 0.0349288 0.0288105 0.0230846 0.0178518 0.0132194 0.00929108 0.00614007 0.00377999
 0.00859326 0.0139765 0.021061 0.0297727 0.0397896 0.0503858 0.0604044 0.0685426 0.073828 0.0759351 0.0751358 0.0720188 0.0672334 0.0613642 0.0548933 0.0481892 0.0415112 0.035032 0.0288694 0.0231183 0.0178726 0.0132342 0.00930256 0.00614912 0.00378674
 0.00857612 0.0139189 0.0209213 0.0294991 0.0393404 0.0497575 0.0596532 0.0677812 0.0731947 0.0755482 0.075057 0.0722407 0.0676898 0.0619567 0.0555203 0.0487699 0.0419981 0.0354101 0.029147 0.0233148 0.0180089 0.0133276 0.00936561 0.00619048 0.00381263
 0.00869053 0.0141012 0.0211854 0.0298474 0.0397532 0.0501836 0.0600101 0.0679743 0.0731547 0.0752681 0.0746041 0.0717308 0.0672398 0.0616414 0.0553555 0.0487236 0.0420167 0.0354446 0.0291675 0.0233122 0.0179884 0.0132995 0.00933874 0.00616966 0.00379885
 0.00910128 0.0147648 0.0221731 0.0312126 0.0415085 0.05227 0.0622706 0.0701572 0.0749606 0.0764278 0.0749531 0.0712514 0.066057 0.0599784 0.0534669 0.0468314 0.0402727 0.0339255 0.0278947 0.0222782 0.0171749 0.0126847 0.00889781 0.00587309 0.0036138
 0.00912441 0.014845 0.0223731 0.0316183 0.0422094 0.0533252 0.0636751 0.0718242 0.0767271 0.0780808 0.0762678 0.0720365 0.066199 0.0594724 0.0524181 0.0454234 0.0387141 0.0323983 0.0265241 0.0211279 0.0162616 0.0119962 0.00840639 0.00554356 0.00340819
 0.0088552 0.0144115 0.0217341 0.030754 0.0411441 0.0521534 0.062573 0.0710249 0.0764524 0.0784568 0.0772683 0.0734842 0.0678219 0.0609858 0.0536019 0.0461685 0.0390283 0.0323754 0.0262943 0.0208124 0.0159468 0.011729 0.00820321 0.00540237 0.00331805
 0.0088968 0.014439 0.0217009 0.0305914 0.0407789 0.0515384 0.0617185 0.070016 0.0754443 0.0776448 0.0768384 0.0735553 0.0683999 0.0619533 0.0547527 0.0472759 0.0399153 0.0329573 0.0265804 0.0208747 0.0158777 0.0116083 0.00808284 0.0053067 0.00325249
#pred catch len freq
 0.00313304 0.00510454 0.00773688 0.0110852 0.0151939 0.0200458 0.0255017 0.0312966 0.0370964 0.0425671 0.0474234 0.0514626 0.0545906 0.056824 0.0582634 0.0590607 0.0593947 0.0594368 0.0592705 0.0587591 0.0574396 0.0545864 0.0495338 0.0421367 0.0330566
 0.00335626 0.00540437 0.00807374 0.0113888 0.01539 0.0200933 0.0254172 0.0311446 0.0369496 0.0424638 0.0473516 0.0513821 0.0544755 0.056696 0.0581944 0.0591411 0.059682 0.0599096 0.0598124 0.0591886 0.0575802 0.0543457 0.0489481 0.0413523 0.0322586
 0.0034293 0.00556001 0.00837065 0.0118898 0.0161294 0.021036 0.0264388 0.0320593 0.037584 0.042732 0.0472819 0.0510785 0.0540518 0.0562329 0.0577416 0.0587419 0.0593832 0.0597392 0.0597442 0.0591279 0.0573959 0.0539365 0.0483018 0.0405567 0.0314565
 0.00352753 0.00571371 0.00859587 0.0122106 0.0165876 0.021695 0.0273666 0.0332861 0.0390493 0.0442609 0.0486226 0.0519952 0.0544177 0.056066 0.0571692 0.0579307 0.0584819 0.0588493 0.0589078 0.0583276 0.0565722 0.0530306 0.0473041 0.0395282 0.0305036
 0.00374642 0.00605169 0.00907133 0.0128294 0.0173449 0.0225803 0.0283698 0.0344033 0.0402826 0.045603 0.0500242 0.0533353 0.0555093 0.0567128 0.0572446 0.0574297 0.0575125 0.0575752 0.0574817 0.0568492 0.0550851 0.0515521 0.045864 0.0381901 0.0293515
 0.00391023 0.00633072 0.00951449 0.0134893 0.0182653 0.0237771 0.0298136 0.0360167 0.0419582 0.0472343 0.0515288 0.0546556 0.0565905 0.057476 0.0575838 0.057244 0.056756 0.0562892 0.0557847 0.0548944 0.0530194 0.0494999 0.0439339 0.0364828 0.027951
 0.00410429 0.00664027 0.00997197 0.014128 0.0191217 0.0248892 0.0312099 0.0376959 0.0438679 0.0492616 0.053514 0.0564276 0.0580062 0.0584399 0.0580391 0.0571505 0.0560819 0.055029 0.0539867 0.0526744 0.0505485 0.0469755 0.0415499 0.0344026 0.0262835
 0.00434994 0.00703132 0.0105458 0.0149163 0.0201482 0.0261657 0.0327302 0.0394314 0.045768 0.0512542 0.0555035 0.0582919 0.0596033 0.0596272 0.0586973 0.0571991 0.0554802 0.0537727 0.0521145 0.0502837 0.0478059 0.0441068 0.0388038 0.0319998 0.024369
 0.00459451 0.00742423 0.0111293 0.0157286 0.0212197 0.0275105 0.0343359 0.0412515 0.0477246 0.0532495 0.0574338 0.0600568 0.061107 0.0607753 0.0593946 0.0573534 0.055015 0.0526438 0.0503282 0.0479154 0.0450134 0.0411239 0.0359053 0.0294412 0.0223246
 0.0048421 0.00782566 0.0117325 0.0165806 0.022361 0.0289652 0.0360968 0.0432686 0.0499036 0.0554623 0.0595367 0.061912 0.0626007 0.0618252 0.0599441 0.057358 0.0544317 0.0514351 0.0484845 0.0454869 0.0421369 0.0380267 0.0328718 0.0267471 0.0201644
 0.00510102 0.00823477 0.012328 0.0173931 0.0234163 0.0302828 0.0376819 0.0451005 0.0519254 0.0575775 0.0616152 0.0638067 0.0641697 0.0629525 0.0605503 0.0573961 0.0538753 0.0502698 0.0467139 0.0431575 0.0393692 0.0350287 0.029915 0.0241043 0.0180346
 0.00534813 0.0086317 0.0129169 0.0182109 0.0244901 0.031621 0.0392649 0.0468766 0.0538166 0.0594915 0.0634552 0.0654742 0.0655657 0.0639813 0.0611269 0.0574544 0.0533716 0.0491832 0.045051 0.0409675 0.0367663 0.0322049 0.0271222 0.021599 0.0160084
 0.00560433 0.00904182 0.0135232 0.0190511 0.0255935 0.0330009 0.0409063 0.0487261 0.0557813 0.0614497 0.0652758 0.0670376 0.0667787 0.0647816 0.0614756 0.057325 0.0527422 0.0480388 0.0433954 0.0388434 0.0342775 0.0295271 0.0244853 0.0192381 0.0140997
 0.00584788 0.00943377 0.0141065 0.0198652 0.0266701 0.0343549 0.0425236 0.0505544 0.057729 0.0633957 0.0670843 0.0685766 0.0679383 0.0654874 0.0616924 0.0570479 0.0519824 0.0468129 0.0417273 0.0367813 0.0319167 0.0270232 0.0220414 0.0170616 0.0123452
 0.00598318 0.00967094 0.0144958 0.0204661 0.0275398 0.0355299 0.0440003 0.0522787 0.0596015 0.0652877 0.0688572 0.0700987 0.0690991 0.0662078 0.0619292 0.0567916 0.0512489 0.0456337 0.040146 0.0348606 0.0297531 0.0247578 0.0198508 0.0151228 0.0107887
 0.00625845 0.0100917 0.0150818 0.0212246 0.0284739 0.0366471 0.0453112 0.0537816 0.0612605 0.067017 0.0705247 0.0715512 0.0701964 0.0668514 0.0620727 0.0564343 0.0504213 0.0443848 0.0385373 0.0329688 0.0276803 0.0226368 0.0178366 0.0133644 0.00939095
