SBPRF35
7.78865
Curr Bio
626762
B35
712138
F35
0.226062
FOFL
0.20123
OFL
97441.6
Bzero
2.22533e+006
#pred survey bio
 4.51609e+006 4.24461e+006 3.99425e+006 3.71018e+006 3.40004e+006 3.08866e+006 2.78019e+006 2.47136e+006 2.19614e+006 1.94392e+006 1.71507e+006 1.54121e+006 1.34774e+006 1.1992e+006 1.05671e+006 938416 862774 770428 730482 673717 652506 616954 587224 579794 570265 558114 561302 564904 563513 573531 571920 568622 564805 564507 557009 541308 520464 506391 507426 507210 518706 525029 538858 551279 567269 567540 578891 583960 585960 606787 622131 623829 2.22111e+007 1.37025e+007 1.41357e+007 1.46669e+007 1.52193e+007 1.57232e+007 1.61476e+007 1.64871e+007 1.67496e+007 1.6948e+007 1.7096e+007 1.72056e+007 1.72865e+007 1.73463e+007 1.73906e+007 1.74235e+007 1.74481e+007 1.74666e+007 1.74805e+007 1.7491e+007 1.7499e+007 1.75051e+007 1.75098e+007 1.75134e+007 1.75161e+007 1.75182e+007 1.75198e+007 1.75211e+007 1.7522e+007 1.75228e+007 1.75234e+007 1.75238e+007 1.75241e+007 1.75244e+007 1.75246e+007 1.75248e+007 1.75249e+007 1.7525e+007 1.75251e+007 1.75251e+007 1.75252e+007 1.75252e+007 1.75252e+007 1.75252e+007 1.75253e+007 1.75253e+007 1.75253e+007 1.75253e+007 1.75253e+007 1.75253e+007 1.75253e+007 1.75253e+007 1.75253e+007 1.75253e+007 1.75253e+007 1.75253e+007 1.75253e+007 1.75253e+007 1.75253e+007 1.75253e+007 1.75253e+007 1.75253e+007 1.75253e+007 1.75253e+007 1.75253e+007 1.75253e+007 1.75253e+007 1.75253e+007 1.75253e+007 1.75253e+007 1.75253e+007 1.75253e+007 1.75253e+007 1.75253e+007 1.75253e+007 1.75253e+007 1.75253e+007 1.75253e+007 1.75253e+007 1.75253e+007 1.75253e+007 1.75253e+007 1.75253e+007 1.75253e+007 1.75253e+007 1.75253e+007 1.75253e+007 1.75253e+007 1.75253e+007 1.75253e+007 1.75253e+007 1.75253e+007 1.75253e+007 1.75253e+007 1.75253e+007 1.75253e+007 1.75253e+007 1.75253e+007 1.75253e+007 1.75253e+007 0 0 0 0 0 0 0 0 0 0 0 0 0 0 0 0 0 0 0 0 0 0 0 0 0
#obs survey bio
 3.63732e+006 2.40481e+006 2.84256e+006 3.7154e+006 3.66129e+006 2.664e+006 2.22298e+006 2.18983e+006 1.47993e+006 2.14885e+006 1.41466e+006 1.64279e+006 1.2463e+006 1.23136e+006 1.07034e+006 739371 734597 627967 499804 667698 638951 629409 386483 545982 478842 538330 508130 525593 658782 587833 807838 420938 734865 868210 623982 316053 571653 565619 635683 454299 309012 499990 482959 551320 570219 587094 342903 658187 436267 541512 732021 509546
#pred catch bio
 93448.2 91205.2 145839 197799 230779 262344 297007 297721 302160 299518 262944 288202 253600 250818 230076 192755 204621 156221 166894 132823 141481 132847 112406 113649 114865 101321 100388 102596 90553.3 97741.1 95691.8 92682 86428.3 89002 92365.6 95408.2 92076.8 83482.6 87812.9 80548.9 87622.4 83330.5 86037.5 83978.1 97428 88693.3 95752 99689.3 86128.8 94926 111095 107773 97441.6 110682 113256 116512 120114 123408 126102 128158 129656 130708 131428 131911 132229 132437 132570 132656 132710 132745 132766 132780 132788 132794 132797 132799 132800 132801 132802 132802 132802 132802 132802 132802 132802 132802 132802 132802 132802 132802 132802 132802 132802 132802 132802 132802 132802 132802 132802 132802 132802 132802 132802 132802 132802 132802 132802 132802 132802 132802 132802 132802 132802 132802 132802 132802 132802 132802 132802 132802 132802 132802 132802 132802 132802 132802 132802 132802 132802 132802 132802 132802 132802 132802 132802 132802 132802 132802 132802 132802 132802 132802 132802 132802 132802 132802 132802 132802 132802 132802 132802 132802 0 0 0 0 0 0 0 0 0 0 0 0 0 0 0 0 0 0 0 0 0 0 0 0 0
#obs catch bio
 0 90983.3 146513 198772 231905 264261 300992 303181 309694 307070 267814 293263 257637 255213 233850 194995 208233 157591 169579 133804 143206 133971 113616 115024 116556 102586 101897 104224 90906.6 98307.9 95801.7 92899 86160.2 88642.4 91682.4 95321.4 91911.3 82897.6 87199.5 79834.8 87667.8 83276.2 86071.6 83715 97072.5 87933.6 95517.6 99674.6 85710.5 94541 110996 107736
#pred cpue bio
 4.44572e+006 4.17668e+006 3.92795e+006 3.64497e+006 3.33657e+006 3.02648e+006 2.71886e+006 2.41112e+006 2.13727e+006 1.88714e+006 1.66098e+006 1.48943e+006 1.29886e+006 1.15245e+006 1.0124e+006 896298 822186 732346 693774 639034 618839 584797 556095 548800 539568 527845 531061 534966 534326 544788 543935 541443 538387 538757 532196 517360 496451 481249 481150 480634 491539 497339 510628 522746 538428 538797 549563 554086 555769 575578 589644 590094 2.09916e+007 1.29598e+007 1.33629e+007 1.38547e+007 1.43927e+007 1.48933e+007 1.53172e+007 1.56566e+007 1.5919e+007 1.61174e+007 1.62654e+007 1.6375e+007 1.64559e+007 1.65157e+007 1.656e+007 1.65929e+007 1.66175e+007 1.6636e+007 1.66499e+007 1.66604e+007 1.66684e+007 1.66746e+007 1.66792e+007 1.66828e+007 1.66855e+007 1.66876e+007 1.66892e+007 1.66905e+007 1.66915e+007 1.66922e+007 1.66928e+007 1.66932e+007 1.66936e+007 1.66938e+007 1.6694e+007 1.66942e+007 1.66943e+007 1.66944e+007 1.66945e+007 1.66945e+007 1.66946e+007 1.66946e+007 1.66946e+007 1.66947e+007 1.66947e+007 1.66947e+007 1.66947e+007 1.66947e+007 1.66947e+007 1.66947e+007 1.66947e+007 1.66947e+007 1.66947e+007 1.66947e+007 1.66947e+007 1.66947e+007 1.66947e+007 1.66947e+007 1.66947e+007 1.66947e+007 1.66947e+007 1.66947e+007 1.66947e+007 1.66947e+007 1.66947e+007 1.66947e+007 1.66947e+007 1.66947e+007 1.66947e+007 1.66947e+007 1.66947e+007 1.66947e+007 1.66947e+007 1.66947e+007 1.66947e+007 1.66947e+007 1.66947e+007 1.66947e+007 1.66947e+007 1.66947e+007 1.66947e+007 1.66947e+007 1.66947e+007 1.66947e+007 1.66947e+007 1.66947e+007 1.66947e+007 1.66947e+007 1.66947e+007 1.66947e+007 1.66947e+007 1.66947e+007 1.66947e+007 1.66947e+007 1.66947e+007 1.66947e+007 1.66947e+007 1.66947e+007 1.66947e+007 1.66947e+007 0 0 0 0 0 0 0 0 0 0 0 0 0 0 0 0 0 0 0 0 0 0 0 0 0
#obs cpue bio
 3.13589e+006 3.9438e+006 3.4307e+006 4.67267e+006 2.96501e+006 2.54383e+006 1.94202e+006 1.35455e+006 1.65832e+006 1.61288e+006 1.9903e+006 1.96654e+006 1.02189e+006 971027 868411 978284 800099 795248 788234 617674 518686 599629 497002 494754 485542 409285 409148 493991 727276 520137 503527 658337 605042 421461 665905 585582 511024 622894 482094 605006 479032 514045 574837 628009 734879 694469 661138 465240 893991 686434 449851 621671
#pred surv len freq
 0.0046733 0.00752527 0.0112171 0.0157148 0.020935 0.0266867 0.0326237 0.0383011 0.0433238 0.0474697 0.050704 0.0531186 0.0548625 0.0560893 0.0569128 0.0573786 0.0574599 0.0570715 0.0560718 0.0542422 0.0512763 0.0468505 0.0408093 0.033388 0.0252941
 0.00500446 0.00799012 0.0117851 0.0163233 0.0215218 0.0272328 0.0331732 0.0389341 0.0440907 0.0483261 0.0514952 0.0536293 0.0549074 0.0555954 0.0559561 0.0561601 0.0562356 0.0560632 0.0553928 0.05387 0.0510847 0.0466858 0.0405681 0.0330541 0.0249205
 0.00510304 0.00819251 0.0121625 0.016955 0.0224606 0.0284619 0.0345837 0.0403521 0.0453479 0.0493285 0.0522348 0.0541304 0.0551576 0.0555236 0.0554782 0.0552561 0.0549967 0.0546722 0.0540505 0.0527138 0.0501491 0.0459233 0.0399092 0.0324598 0.0243969
 0.00529427 0.00848004 0.0125568 0.0174633 0.0231017 0.0292782 0.0356339 0.0416756 0.0469156 0.0510144 0.0538393 0.0554472 0.056039 0.0559014 0.0553395 0.0546157 0.0538987 0.0532121 0.0523804 0.0510082 0.0485526 0.0445178 0.0387197 0.0314845 0.0236301
 0.00559418 0.00894767 0.0132224 0.0183397 0.024181 0.0305313 0.0370135 0.0431266 0.0483908 0.0524808 0.0552614 0.0567576 0.0571224 0.0566134 0.0555506 0.0542493 0.0529481 0.0517398 0.0505104 0.0489113 0.0464174 0.0425141 0.0369708 0.0300588 0.0225466
 0.00592077 0.0094666 0.0139811 0.0193741 0.0255094 0.0321439 0.0388596 0.0451102 0.0503827 0.0543462 0.0568895 0.058076 0.058089 0.0571917 0.0556883 0.0538793 0.0520136 0.05023 0.0484873 0.0465149 0.0438478 0.0399942 0.0347015 0.0281809 0.0211215
 0.00621365 0.00994167 0.0146947 0.0203798 0.0268498 0.0338361 0.0408778 0.047374 0.0527602 0.0566716 0.0589895 0.0597969 0.0593189 0.0578693 0.0557922 0.0534059 0.0509601 0.0485994 0.0463159 0.043904 0.0409768 0.037101 0.0320333 0.0259351 0.0194023
 0.00647895 0.0103744 0.0153499 0.021313 0.0281106 0.035456 0.0428525 0.04965 0.0552313 0.0591879 0.0613729 0.0618636 0.0609038 0.0588488 0.0560966 0.0530158 0.0498917 0.0468908 0.0440294 0.041146 0.0379192 0.0339804 0.0291137 0.0234453 0.0174776
 0.00665053 0.0106637 0.015806 0.0219919 0.0290683 0.0367354 0.0444675 0.0515732 0.0573918 0.0614758 0.0636485 0.0639678 0.062673 0.0601326 0.0567752 0.0530125 0.0491771 0.0454812 0.0419862 0.0385822 0.03501 0.0309609 0.026249 0.0209728 0.015547
 0.00681933 0.0109373 0.0162179 0.0225768 0.0298618 0.0377688 0.0457596 0.0531194 0.059156 0.0633874 0.0656051 0.0658436 0.0643314 0.0614382 0.0576058 0.0532682 0.0487903 0.0444264 0.0402911 0.0363386 0.0323814 0.0281754 0.0235669 0.0186313 0.013702
 0.00704823 0.011297 0.0167368 0.0232751 0.0307505 0.038849 0.0470181 0.0545258 0.0606638 0.0649382 0.0671332 0.0672768 0.0655907 0.0624388 0.0582593 0.0534884 0.0485017 0.0435781 0.0388744 0.0344076 0.0300663 0.0256781 0.0211295 0.0164811 0.0119935
 0.00724943 0.0116128 0.0171911 0.0238834 0.0315188 0.0397712 0.0480731 0.0556763 0.0618599 0.0661269 0.0682654 0.0683106 0.066488 0.0631591 0.0587535 0.0536959 0.0483542 0.0430119 0.0378515 0.0329413 0.0282411 0.0236521 0.0191087 0.0146687 0.0105353
 0.00756246 0.012113 0.017927 0.0248927 0.032819 0.0413468 0.0498616 0.0575643 0.0636994 0.0677646 0.0695747 0.0692127 0.066958 0.063218 0.0584483 0.0530755 0.0474494 0.0418299 0.0363881 0.0312078 0.0262939 0.0216072 0.0171281 0.0129192 0.00913814
 0.00777021 0.0124486 0.018429 0.0255976 0.033757 0.0425326 0.0512818 0.059166 0.0653875 0.0694101 0.0710336 0.070351 0.0676779 0.0634752 0.0582543 0.0524824 0.0465249 0.0406348 0.0349679 0.0296022 0.0245587 0.019832 0.0154347 0.0114345 0.00795556
 0.00805222 0.0128922 0.0190696 0.0264595 0.0348511 0.0438526 0.0527959 0.0608115 0.0670709 0.0710167 0.0724398 0.0714392 0.0683514 0.0636739 0.0579651 0.0517402 0.0454014 0.0392195 0.03335 0.0278631 0.0227775 0.0180963 0.0138414 0.0100757 0.00689336
 0.00828537 0.0132667 0.0196245 0.0272277 0.0358528 0.045085 0.0542228 0.0623589 0.068636 0.0724852 0.0737034 0.0724063 0.0689522 0.0638634 0.0577263 0.0510869 0.0443787 0.0378988 0.0318194 0.0262178 0.0211134 0.0165074 0.0124161 0.00888582 0.00597916
 0.00827045 0.0132627 0.0196569 0.0273358 0.0360835 0.0454813 0.0548107 0.0631388 0.0695787 0.0735339 0.0747792 0.073418 0.0698086 0.0644845 0.0580519 0.0510822 0.0440379 0.0372467 0.03091 0.0251286 0.0199369 0.0153404 0.0113484 0.00798689 0.00528692
 0.00849397 0.0136029 0.020127 0.0279352 0.036803 0.0463083 0.0557304 0.0641276 0.0705964 0.0745198 0.0756576 0.0741112 0.0702526 0.0646407 0.0579095 0.0506532 0.0433502 0.0363401 0.029836 0.0239517 0.0187329 0.0141903 0.0103266 0.00714792 0.00465498
 0.00845774 0.0135489 0.0200547 0.0278478 0.0367065 0.0462125 0.0556508 0.0640895 0.0706364 0.0746811 0.0759755 0.0745938 0.0708668 0.0653124 0.0585417 0.0511509 0.0436426 0.036392 0.02965 0.0235631 0.0182028 0.0135943 0.00974096 0.00663506 0.00425222
 0.00861748 0.0137941 0.0203963 0.0282854 0.0372277 0.046793 0.0562532 0.0646643 0.0711292 0.0750448 0.0761855 0.0746555 0.0708116 0.0651821 0.0583682 0.050943 0.043386 0.0360627 0.0292309 0.0230571 0.0176364 0.0130128 0.00919628 0.00617142 0.00389504
 0.0085542 0.0136957 0.0202569 0.0281036 0.0370084 0.0465491 0.0560076 0.064449 0.0709804 0.0749946 0.0762526 0.0748405 0.0710977 0.0655408 0.0587646 0.0513393 0.0437427 0.03634 0.0293958 0.0230929 0.0175496 0.0128334 0.00896898 0.00594242 0.00369925
 0.00878496 0.0140313 0.0206884 0.0285966 0.0375119 0.0470103 0.0563842 0.0647136 0.0711195 0.0750072 0.07615 0.074646 0.0708432 0.0652608 0.0584892 0.0510883 0.0435224 0.0361433 0.0292062 0.0228928 0.0173291 0.0125963 0.00873196 0.00572761 0.00352487
 0.00899768 0.0143638 0.0211618 0.0292163 0.0382602 0.0478395 0.0572136 0.0654397 0.0716411 0.0752563 0.0761115 0.0743554 0.070368 0.0646781 0.0578693 0.050486 0.0429732 0.0356638 0.0287966 0.0225424 0.0170247 0.0123288 0.00850003 0.00553543 0.00337684
 0.00897667 0.0143374 0.0211371 0.0292066 0.0382834 0.0479143 0.0573538 0.0656467 0.0718985 0.0755289 0.0763529 0.0745228 0.0704372 0.0646503 0.0577667 0.0503402 0.0428132 0.0355093 0.0286559 0.0224151 0.0169063 0.0122159 0.00839336 0.00543965 0.00329782
 0.00898704 0.0143525 0.0211571 0.0292314 0.0383147 0.0479571 0.0574171 0.0657417 0.0720334 0.075703 0.0765514 0.0747172 0.0705921 0.064735 0.057766 0.0502591 0.0426736 0.0353397 0.0284818 0.022253 0.0167634 0.0120933 0.00829024 0.00535574 0.00323326
 0.00902631 0.0144145 0.0212469 0.0293517 0.0384649 0.0481316 0.0576049 0.0659277 0.0722023 0.0758437 0.0766589 0.0747902 0.0706287 0.0647295 0.0577107 0.0501498 0.0425144 0.035145 0.0282727 0.0220505 0.016583 0.011943 0.00817176 0.00526699 0.00317038
 0.00883239 0.0141274 0.0208674 0.0288999 0.0379758 0.0476473 0.0571676 0.065577 0.0719726 0.0757601 0.0767324 0.0750147 0.0709805 0.0651699 0.0581916 0.0506211 0.0429337 0.0354846 0.0285229 0.0222175 0.0166828 0.0119944 0.00819202 0.00526953 0.00316471
 0.00859281 0.0137605 0.0203583 0.0282533 0.0372174 0.0468244 0.0563489 0.0648462 0.0714143 0.0754398 0.0766816 0.0752272 0.0714198 0.0657801 0.058907 0.0513742 0.0436619 0.0361373 0.029067 0.0226396 0.0169875 0.0121987 0.00831874 0.00534161 0.00320177
 0.00855657 0.0136799 0.0201979 0.0279683 0.0367674 0.0461942 0.0555657 0.0639841 0.0705789 0.0747425 0.0762134 0.0750415 0.0715263 0.0661484 0.0594771 0.0520704 0.0444061 0.0368596 0.0297131 0.0231754 0.0173998 0.012493 0.00851295 0.00545972 0.00326759
 0.00833876 0.013354 0.0197581 0.0274231 0.0361308 0.0454751 0.0547667 0.0631131 0.06967 0.0738697 0.0754858 0.0745764 0.0714124 0.0664167 0.0600936 0.0529487 0.0454329 0.0379198 0.0307093 0.0240388 0.0180938 0.0130108 0.00887105 0.00568849 0.00340204
 0.00823601 0.0131874 0.0195091 0.0270778 0.0356855 0.0449428 0.0541793 0.0625149 0.0691025 0.0733587 0.0750432 0.0742164 0.0711674 0.0663376 0.060229 0.0533185 0.0460117 0.0386411 0.0314842 0.0247806 0.0187367 0.0135192 0.00923891 0.00593208 0.00354937
 0.00816039 0.0130657 0.019328 0.0268244 0.0353493 0.0445184 0.0536723 0.0619474 0.0685143 0.0728023 0.0745716 0.0738704 0.0709691 0.0662948 0.0603445 0.0535946 0.0464437 0.0392053 0.0321325 0.0254468 0.0193536 0.0140363 0.00963196 0.00620326 0.00371907
 0.0080623 0.0129144 0.0191151 0.0265469 0.0350086 0.0441195 0.0532245 0.0614654 0.0680206 0.0723269 0.0741508 0.0735426 0.0707684 0.0662438 0.0604505 0.0538512 0.0468345 0.0397056 0.0327069 0.0260487 0.01993 0.0145392 0.0100304 0.0064891 0.00390428
 0.00786885 0.0126196 0.0187082 0.0260317 0.034402 0.043449 0.0525268 0.0607853 0.0674064 0.0718236 0.0737928 0.0733511 0.0707521 0.0664004 0.0607687 0.0543113 0.0474092 0.0403609 0.0334036 0.0267431 0.0205773 0.0150992 0.0104765 0.00681366 0.00411859
 0.00795879 0.0127228 0.0187847 0.0260192 0.0342346 0.0430856 0.0519735 0.0600985 0.0666737 0.0711351 0.0732191 0.0729349 0.0705113 0.0663357 0.0608701 0.0545617 0.0477861 0.0408361 0.0339425 0.0273055 0.0211206 0.0155841 0.0108741 0.0071112 0.00432051
 0.00863914 0.0137071 0.0200377 0.0274229 0.0356121 0.0442462 0.0527555 0.060397 0.0664558 0.0704461 0.0721745 0.0716925 0.0692315 0.065148 0.0598579 0.0537656 0.0472152 0.0404788 0.0337729 0.0272866 0.0212074 0.0157292 0.0110344 0.00725502 0.00443094
 0.00925475 0.0146874 0.0214679 0.0293497 0.0380122 0.046989 0.0555803 0.062938 0.0683277 0.0713597 0.0720217 0.0705621 0.0673593 0.0628367 0.0574027 0.0514045 0.0451093 0.0387152 0.0323798 0.0262504 0.0204865 0.0152652 0.0107622 0.00711219 0.00436577
 0.00924713 0.0147507 0.0217046 0.0299056 0.0390435 0.0486043 0.0577793 0.0655745 0.0711139 0.0739139 0.0739506 0.0715587 0.0672865 0.06176 0.0555578 0.0491161 0.0427011 0.0364455 0.0304147 0.024668 0.0192957 0.0144283 0.0102152 0.00678181 0.0041827
 0.00905784 0.0144572 0.0212957 0.0293976 0.0384978 0.0481422 0.0575804 0.0658393 0.0719903 0.0754137 0.0759049 0.0736436 0.069115 0.0630012 0.056032 0.0488314 0.0418238 0.0352256 0.029104 0.0234606 0.0183045 0.0136905 0.00971387 0.00647051 0.00400648
 0.00920727 0.0146509 0.0214962 0.0295397 0.0385071 0.0479683 0.0572291 0.06539 0.0715894 0.0752402 0.0761123 0.0742938 0.0701318 0.0641757 0.0570872 0.0495214 0.0420184 0.0349415 0.0284755 0.0226728 0.0175269 0.0130353 0.00922753 0.00614781 0.0038139
 0.00914171 0.0145717 0.0214246 0.0295045 0.0385273 0.0480306 0.0572785 0.0653475 0.0713956 0.0749035 0.0757284 0.0740189 0.0701174 0.0644952 0.0576933 0.0502582 0.0426845 0.0353724 0.0286021 0.0225307 0.017219 0.0126781 0.00890833 0.00590886 0.00365908
 0.00906754 0.0144646 0.0212901 0.0293606 0.0384039 0.0479651 0.0573049 0.0654805 0.0716141 0.075147 0.0759184 0.0740999 0.0700939 0.0644349 0.057688 0.0503657 0.0428909 0.0356 0.0287559 0.0225501 0.0171038 0.012477 0.00868627 0.0057167 0.00352015
 0.00895097 0.0142802 0.0210231 0.0290032 0.0379607 0.0474589 0.0567823 0.0650097 0.0712713 0.0749928 0.0759745 0.0743402 0.0704562 0.0648499 0.058109 0.0507784 0.0432974 0.0359928 0.0291047 0.0228143 0.017257 0.0125235 0.00865778 0.00565439 0.00345681
 0.00884656 0.0141203 0.0208003 0.0287164 0.0376137 0.0470597 0.0563446 0.0645572 0.0708416 0.0746363 0.0757463 0.0742838 0.0705876 0.0651493 0.0585276 0.0512567 0.0437841 0.0364519 0.0295112 0.0231471 0.0175003 0.0126738 0.0087282 0.00567021 0.0034453
 0.00876369 0.0139832 0.0205903 0.0284161 0.0372123 0.0465609 0.0557726 0.0639569 0.0702707 0.0741531 0.0754001 0.0741112 0.0706095 0.065368 0.0589219 0.0517826 0.0443818 0.0370593 0.030075 0.0236296 0.0178799 0.0129452 0.00890115 0.00576576 0.00348913
 0.00900299 0.0143288 0.0210288 0.028905 0.0376887 0.046957 0.0560313 0.0640401 0.0701632 0.073865 0.0749664 0.0735872 0.0700617 0.0648625 0.0585134 0.0515049 0.0442428 0.0370415 0.0301431 0.0237418 0.0179989 0.0130452 0.00897029 0.00580433 0.00350491
 0.00898556 0.0143254 0.0210676 0.0290224 0.0379128 0.0472861 0.056419 0.0644025 0.0704075 0.0739259 0.0748286 0.0732848 0.0696601 0.0644352 0.0581251 0.0512022 0.0440505 0.0369618 0.0301585 0.0238213 0.0181073 0.0131522 0.00905645 0.00586288 0.00353851
 0.0089474 0.0142735 0.0210103 0.0289782 0.037911 0.0473633 0.0566096 0.0647229 0.0708377 0.074401 0.0752504 0.0735545 0.0697166 0.0642769 0.0578049 0.0508026 0.0436536 0.0366281 0.0299183 0.0236763 0.0180394 0.0131344 0.00906332 0.00587637 0.00354951
 0.00918856 0.0146111 0.021418 0.0293992 0.0382764 0.0476208 0.0567467 0.0647696 0.0708492 0.0744286 0.0753169 0.0736419 0.0697736 0.0642427 0.0576397 0.0505067 0.0432677 0.0362154 0.0295397 0.023372 0.0178229 0.0129976 0.00898625 0.00583734 0.00353134
 0.00934194 0.0148418 0.0217282 0.029772 0.0386734 0.0479828 0.0570014 0.0648507 0.0707245 0.0741236 0.0749143 0.0732508 0.0694828 0.0640858 0.0575905 0.0505052 0.0432566 0.0361654 0.0294542 0.0232741 0.0177371 0.0129376 0.00895298 0.00582372 0.00352844
 0.00951738 0.0151176 0.0221249 0.0303 0.0393276 0.0487356 0.0577954 0.0655974 0.071317 0.0744625 0.0749394 0.0729645 0.0689522 0.0634201 0.0569014 0.0498717 0.0427114 0.0357061 0.0290659 0.0229471 0.0174707 0.0127342 0.00881043 0.00573307 0.00347635
 0.00936824 0.0149504 0.0220116 0.0303525 0.0396655 0.0494363 0.0588504 0.0669012 0.0726925 0.0757078 0.0758742 0.0734652 0.0689726 0.0629973 0.0561426 0.0489216 0.0417116 0.0347638 0.0282429 0.0222673 0.0169351 0.0123326 0.00852679 0.00554655 0.00336339
#obs surv len freq
 nan nan nan nan nan nan nan nan nan nan nan nan nan nan nan nan nan nan nan nan nan nan nan nan nan
 0.00448502 0.00734641 0.0111763 0.0159922 0.0216922 0.0279668 0.03428 0.0400107 0.04469 0.048154 0.0505124 0.0520089 0.0529019 0.0534149 0.0537298 0.0539851 0.054264 0.0545569 0.0546958 0.0542878 0.0527258 0.0493579 0.0438075 0.0362873 0.0276706
 0.00461939 0.00756621 0.0115092 0.0164638 0.0223195 0.0287487 0.0351876 0.040985 0.0456502 0.0490134 0.0511948 0.0524603 0.053095 0.0533495 0.0534281 0.0534843 0.0536071 0.0537865 0.0538506 0.0534046 0.0518433 0.0485191 0.043057 0.035663 0.0271936
 0.00477866 0.00782906 0.011912 0.017043 0.0231037 0.0297473 0.036378 0.0423072 0.0470136 0.0503116 0.0523228 0.0533269 0.0536327 0.0535206 0.0532269 0.052935 0.0527566 0.052695 0.0525849 0.0520353 0.050446 0.0471748 0.0418462 0.0346523 0.0264197
 0.00497434 0.00814584 0.0123866 0.0177094 0.0239883 0.0308595 0.0377 0.0437881 0.0485731 0.0518509 0.0537364 0.0545125 0.0544988 0.0539944 0.0532621 0.0525174 0.0519057 0.0514613 0.0510452 0.0502875 0.0486058 0.0453693 0.0402009 0.0332695 0.025357
 0.00518846 0.00849895 0.0129271 0.0184848 0.025035 0.0321876 0.0392783 0.0455408 0.050393 0.0536217 0.0553508 0.0558782 0.0555366 0.054635 0.0534471 0.0522056 0.0510821 0.050146 0.0492992 0.0482154 0.0463525 0.043108 0.0381088 0.0314944 0.0239846
 0.00541856 0.00887582 0.0134998 0.0193016 0.0261352 0.0335872 0.0409551 0.0474269 0.0523819 0.0555868 0.0571655 0.0574306 0.0567359 0.0554109 0.0537457 0.0519853 0.0503155 0.0488296 0.0474693 0.0459634 0.0438307 0.0405188 0.0356728 0.0294026 0.0223545
 0.0056448 0.00924699 0.0140649 0.0201088 0.0272235 0.0349724 0.0426156 0.0492979 0.0543638 0.0575633 0.0590199 0.0590554 0.0580363 0.0563067 0.0541718 0.0518904 0.0496627 0.0476024 0.045686 0.0436975 0.0412267 0.0377878 0.0330593 0.0271293 0.020566
 0.00590228 0.00966522 0.0146937 0.0209946 0.0284006 0.0364501 0.0443636 0.0512418 0.056395 0.0595599 0.0608658 0.0606505 0.0592985 0.057169 0.0545778 0.0517919 0.0490197 0.0463894 0.0439082 0.0414135 0.038569 0.0349651 0.0303264 0.0247278 0.0186606
 0.00613068 0.0100455 0.0152823 0.0218491 0.0295675 0.0379453 0.0461539 0.0532404 0.0584763 0.0615863 0.0627123 0.0622168 0.0605099 0.0579712 0.0549298 0.0516592 0.0483708 0.0452004 0.0421773 0.039186 0.0359622 0.0321752 0.0276029 0.0223155 0.0167332
 0.00637572 0.0104435 0.0158812 0.0226944 0.0306952 0.0393697 0.0478535 0.0551493 0.0604894 0.0635756 0.0645467 0.0637792 0.0617086 0.0587433 0.0552382 0.0514829 0.0476956 0.0440164 0.0404891 0.0370352 0.0334534 0.0294875 0.0249704 0.0199734 0.0148527
 0.00659548 0.0108052 0.0164335 0.0234849 0.0317604 0.04072 0.0494585 0.0569343 0.0623483 0.0653925 0.0662138 0.0652041 0.0628146 0.0594692 0.0555384 0.0513275 0.047068 0.0429112 0.0389174 0.0350402 0.0311318 0.0270014 0.0225316 0.0177978 0.0131002
 0.00681421 0.0111639 0.0169792 0.0242632 0.0328064 0.0420436 0.0510299 0.0586781 0.0641543 0.0671369 0.0677814 0.066502 0.0637764 0.0600522 0.0557173 0.0510874 0.0464004 0.041815 0.0374061 0.0331567 0.028966 0.0246998 0.020284 0.0157968 0.0114888
 0.00706448 0.0115707 0.0175908 0.0251236 0.0339454 0.0434628 0.0526873 0.0604849 0.0659872 0.0688626 0.0692798 0.0676807 0.0645748 0.0604399 0.0556878 0.0506496 0.0455696 0.0406094 0.035851 0.0312982 0.026888 0.022533 0.0181948 0.0139524 0.0100112
 0.00727912 0.011928 0.0181436 0.0259247 0.0350355 0.0448507 0.054332 0.0622909 0.0678201 0.070578 0.0707494 0.0688078 0.0652989 0.0607344 0.0555541 0.0501085 0.0446532 0.0393541 0.0342986 0.0295039 0.0249338 0.0205358 0.0162973 0.0122946 0.00869292
 0.00744149 0.0121944 0.0185497 0.0265067 0.0358248 0.0458641 0.0555599 0.063689 0.0693104 0.072058 0.0721065 0.0699351 0.0661091 0.0611699 0.0555901 0.0497495 0.0439249 0.0382962 0.0329608 0.0279491 0.023245 0.0188199 0.0146778 0.010888 0.00757953
 0.00754084 0.0123579 0.0187997 0.0268662 0.0363142 0.0464957 0.0563317 0.0645819 0.0702896 0.073077 0.0731102 0.0708602 0.0668862 0.0617296 0.0558734 0.0497175 0.0435642 0.0376195 0.0320043 0.0267709 0.0219247 0.0174572 0.0133821 0.00975951 0.0066857
 0.00760057 0.0124513 0.0189339 0.0270467 0.0365461 0.0467848 0.0566843 0.0650027 0.0707798 0.0736315 0.0737151 0.07149 0.0675026 0.0622817 0.0563015 0.0499614 0.0435746 0.0373682 0.0314923 0.0260307 0.0210195 0.016474 0.0124189 0.00890565 0.00600246
 0.00765977 0.0125409 0.0190565 0.0272003 0.0367251 0.0469821 0.0568929 0.0652184 0.0710029 0.0738684 0.0739763 0.071785 0.0678319 0.0626304 0.0566367 0.0502349 0.0437312 0.0373585 0.0312854 0.025626 0.0204508 0.0158054 0.0117315 0.00827789 0.00549074
 0.00771841 0.0126281 0.0191725 0.0273397 0.0368781 0.0471366 0.0570374 0.0653439 0.0711053 0.0739507 0.07405 0.0718673 0.0679404 0.0627757 0.0568151 0.0504247 0.0438941 0.0374469 0.0312559 0.0254535 0.0201396 0.0153915 0.0112733 0.00783923 0.00512198
 0.00776152 0.0126951 0.0192673 0.0274627 0.0370255 0.047299 0.0572001 0.0654882 0.0712143 0.074015 0.0740715 0.0718595 0.0679239 0.0627717 0.0568386 0.0504785 0.0439646 0.0375058 0.0312668 0.0253845 0.0199765 0.0151454 0.0109789 0.00754213 0.00486285
 0.00782108 0.0127838 0.0193854 0.0276054 0.0371836 0.047462 0.057357 0.0656284 0.071327 0.0740906 0.0741037 0.0718481 0.0678766 0.0627031 0.056767 0.0504196 0.0439256 0.0374805 0.0312367 0.0253257 0.0198703 0.0149885 0.0107863 0.00734143 0.00468262
 0.00786558 0.0128539 0.0194863 0.0277394 0.0373482 0.0476482 0.0575487 0.0658044 0.0714663 0.0741786 0.0741361 0.0718293 0.0678164 0.0626138 0.0566615 0.0503112 0.0438252 0.0373934 0.0311595 0.0252472 0.0197774 0.0148738 0.0106534 0.00720401 0.00455796
 0.00786001 0.0128478 0.0194826 0.027743 0.0373649 0.0476832 0.0576043 0.0658788 0.0715532 0.0742681 0.0742169 0.0718916 0.0678543 0.0626263 0.056652 0.0502858 0.043791 0.037356 0.0311211 0.0252053 0.0197264 0.0148094 0.0105763 0.0071213 0.00448023
 0.00789639 0.0128959 0.0195352 0.027787 0.0373868 0.0476752 0.0575698 0.0658318 0.0715124 0.0742489 0.0742257 0.0719247 0.0679011 0.062674 0.0566905 0.0503096 0.0437994 0.0373516 0.031107 0.025183 0.0196958 0.0147695 0.0105283 0.00706946 0.00443083
 0.00787533 0.0128657 0.0194964 0.0277418 0.0373362 0.0476171 0.057499 0.0657432 0.0714074 0.0741398 0.0741341 0.071874 0.0679064 0.062736 0.0567958 0.0504375 0.0439295 0.0374688 0.0312028 0.0252541 0.019742 0.0147927 0.010532 0.0070592 0.00441338
 0.00788225 0.01287 0.0194904 0.0277151 0.0372792 0.0475268 0.0573817 0.0656137 0.0712823 0.0740319 0.0740501 0.0718177 0.0678826 0.0627506 0.0568521 0.0505318 0.0440498 0.0375984 0.0313255 0.0253579 0.0198207 0.0148451 0.010561 0.00707027 0.00441301
 0.00791506 0.0129181 0.0195529 0.0277862 0.0373488 0.0475814 0.0574065 0.0655964 0.0712182 0.0739267 0.0739195 0.0716825 0.0677623 0.0626593 0.0567981 0.0505174 0.0440724 0.0376496 0.0313929 0.0254281 0.0198823 0.0148916 0.0105906 0.00708525 0.00441774
 0.00788503 0.0128752 0.0194992 0.0277271 0.0372913 0.0475303 0.0573631 0.0655575 0.071178 0.0738803 0.0738658 0.071626 0.0677123 0.0626271 0.056793 0.0505445 0.0441309 0.0377338 0.0314927 0.0255314 0.0199773 0.0149697 0.0106478 0.00712225 0.00443855
 0.00787107 0.0128485 0.0194519 0.027651 0.0371811 0.0473887 0.0572036 0.0654023 0.0710507 0.0737968 0.0738293 0.0716288 0.067742 0.0626738 0.0568525 0.0506171 0.0442185 0.0378358 0.031605 0.025646 0.0200848 0.0150614 0.0107187 0.0071715 0.00446908
 0.00785921 0.0128249 0.0194084 0.0275771 0.0370664 0.0472272 0.056998 0.0651669 0.0708104 0.0735825 0.0736707 0.0715465 0.0677419 0.0627471 0.0569806 0.0507792 0.0443973 0.0380194 0.0317849 0.0258151 0.0202358 0.015188 0.010817 0.00724138 0.00451415
 0.00782228 0.012767 0.0193253 0.0274657 0.036925 0.0470557 0.0567987 0.0649465 0.0705809 0.0733618 0.0734814 0.0714123 0.0676828 0.0627731 0.0570888 0.0509543 0.0446164 0.0382584 0.0320232 0.026037 0.0204307 0.0153491 0.0109413 0.00733016 0.00457222
 0.00778525 0.0127043 0.0192264 0.0273203 0.0367263 0.0468052 0.0565096 0.064643 0.0702926 0.0731156 0.0732964 0.0712994 0.0676474 0.0628175 0.0572114 0.0511475 0.044865 0.0385407 0.0323146 0.0263149 0.0206772 0.0155531 0.0110985 0.00744233 0.00464578
 0.00776348 0.0126681 0.0191702 0.0272379 0.0366115 0.0466531 0.0563193 0.0644199 0.0700499 0.0728735 0.0730789 0.0711298 0.0675432 0.0627883 0.057259 0.0512672 0.0450464 0.0387681 0.0325676 0.026571 0.0209152 0.0157569 0.0112594 0.007559 0.00472324
 0.00772902 0.0126107 0.0190816 0.02711 0.0364386 0.0464353 0.0560652 0.0641466 0.0697794 0.072628 0.0728771 0.0709861 0.0674679 0.0627878 0.0573346 0.0514145 0.0452551 0.0390227 0.0328486 0.0268561 0.0211827 0.0159889 0.0114446 0.00769481 0.00481415
 0.00932628 0.0148468 0.0217808 0.0298859 0.0388063 0.0479901 0.0566246 0.0637776 0.0687173 0.0711565 0.0712398 0.0693525 0.0659404 0.0614213 0.0561551 0.0504306 0.0444641 0.0384134 0.0324024 0.0265489 0.0209864 0.0158744 0.0113852 0.0076684 0.00480505
 0.00932567 0.0151394 0.0227383 0.0319677 0.042359 0.0529773 0.0624552 0.0694014 0.072997 0.0733144 0.0711141 0.06734 0.0627216 0.0576699 0.052371 0.0469118 0.0413551 0.0357669 0.0302224 0.0248137 0.019658 0.0149026 0.0107112 0.00722878 0.00453767
 0.00896539 0.0145761 0.021954 0.0310177 0.0414241 0.0523979 0.0626894 0.0708618 0.075804 0.0771133 0.0751197 0.070633 0.0646308 0.0580039 0.0513883 0.0451064 0.0392235 0.0336725 0.0283717 0.0232918 0.0184766 0.0140341 0.0101083 0.00683619 0.0042996
 0.00881332 0.0143143 0.0215339 0.0303886 0.040553 0.0513047 0.0614899 0.0697952 0.0752105 0.077339 0.0763597 0.0727877 0.0672748 0.0605246 0.0532335 0.0459946 0.0391997 0.0330075 0.0273992 0.0222842 0.0175976 0.01335 0.00962161 0.00651676 0.00410603
 0.00872928 0.0141749 0.021318 0.0300719 0.0401098 0.0507135 0.0607452 0.0689255 0.0742996 0.076541 0.0758878 0.0728588 0.0680132 0.0618691 0.0549159 0.0476277 0.0404347 0.0336679 0.027515 0.0220254 0.0171693 0.0129129 0.00926352 0.00626352 0.00394676
 0.00872148 0.0141569 0.0212804 0.0300014 0.03999 0.0505276 0.0604785 0.0685684 0.0738523 0.0760229 0.0753526 0.0724041 0.0677715 0.0619655 0.0554035 0.0484366 0.0413785 0.0345158 0.0280912 0.0222732 0.0171465 0.0127356 0.00904338 0.00607179 0.00381051
 0.00868674 0.0141035 0.0212057 0.0299042 0.0398699 0.0503837 0.060309 0.0683704 0.0736233 0.0757623 0.0750663 0.0721119 0.067515 0.0618099 0.055422 0.0486772 0.0418273 0.0350855 0.02865 0.0227024 0.0173888 0.0128061 0.00900285 0.00598724 0.0037285
 0.0086736 0.0140814 0.0211712 0.0298538 0.0398014 0.0502971 0.0602071 0.0682584 0.0735054 0.0756393 0.0749352 0.0719695 0.0673647 0.0616692 0.0553255 0.0486684 0.0419395 0.0353189 0.0289616 0.0230196 0.0176423 0.0129593 0.0090605 0.00598129 0.00369555
 0.00866786 0.0140702 0.0211508 0.0298196 0.0397491 0.0502242 0.060115 0.0681525 0.0733944 0.0755322 0.0748385 0.0718857 0.0672929 0.0616083 0.05528 0.0486522 0.0419728 0.0354174 0.0291231 0.0232187 0.017838 0.0131143 0.00915671 0.00602341 0.00370212
 0.0086678 0.0140692 0.0211475 0.0298118 0.0397339 0.0501983 0.0600758 0.0680984 0.0733261 0.0754536 0.0747558 0.0718062 0.067223 0.0615521 0.0552401 0.0486318 0.0419782 0.0354568 0.029201 0.023329 0.0179632 0.0132306 0.0092454 0.00607764 0.00372695
 0.00865446 0.0140504 0.0211244 0.0297873 0.0397111 0.0501795 0.0600605 0.0680842 0.0733088 0.0754296 0.0747234 0.0717664 0.0671792 0.0615096 0.0552043 0.0486078 0.0419709 0.0354707 0.0292391 0.0233903 0.01804 0.0133102 0.00931427 0.00612731 0.0037563
 0.00863741 0.0140248 0.0210899 0.0297453 0.039665 0.0501338 0.0600209 0.0680557 0.0732946 0.0754289 0.0747319 0.0717776 0.067187 0.0615108 0.0551996 0.0486012 0.0419679 0.0354771 0.0292592 0.0234255 0.0180875 0.0133633 0.0093643 0.00616732 0.00378332
 0.00862272 0.0140017 0.0210567 0.0297013 0.0396108 0.0500723 0.0599572 0.067997 0.073249 0.0754027 0.0747276 0.0717931 0.0672166 0.0615468 0.0552352 0.0486324 0.0419944 0.0355016 0.0292857 0.0234571 0.0181248 0.0134036 0.00940304 0.00619983 0.00380694
 0.00862056 0.0139966 0.0210461 0.029682 0.0395797 0.0500281 0.0599015 0.0679347 0.0731875 0.0753501 0.0746908 0.0717764 0.0672209 0.0615693 0.0552704 0.0486736 0.042036 0.0355405 0.0293216 0.0234914 0.0181588 0.013437 0.00943406 0.00622602 0.00382662
 0.00863 0.0140114 0.0210673 0.0297095 0.0396121 0.0500616 0.0599303 0.0679519 0.0731868 0.0753292 0.0746523 0.0717274 0.0671702 0.0615251 0.0552376 0.0486537 0.0420274 0.0355401 0.0293267 0.0235003 0.0181706 0.0134511 0.00944909 0.00624017 0.00383825
 0.00863 0.0140114 0.0210673 0.0297095 0.0396121 0.0500616 0.0599303 0.0679519 0.0731868 0.0753292 0.0746523 0.0717274 0.0671702 0.0615251 0.0552376 0.0486537 0.0420274 0.0355401 0.0293267 0.0235003 0.0181706 0.0134511 0.00944909 0.00624017 0.00383825
 0.00882193 0.0143178 0.0215163 0.030319 0.0403805 0.0509572 0.0608824 0.0688552 0.0739234 0.0757993 0.0748005 0.0715526 0.0667185 0.0608725 0.0544711 0.0478543 0.0412594 0.0348473 0.0287334 0.0230158 0.0177937 0.0131731 0.00925611 0.00611518 0.00376335
#pred catch len freq
 0.00336225 0.00539541 0.00802345 0.0112554 0.0151202 0.0196349 0.0247404 0.0302698 0.0359738 0.041571 0.0467926 0.0514211 0.0553196 0.0584351 0.0607694 0.0623387 0.0631463 0.0631661 0.0623168 0.0604208 0.0571849 0.0522798 0.0455513 0.0372725 0.0282385
 0.0036137 0.00575134 0.00846527 0.0117431 0.0156169 0.0201381 0.0252936 0.0309369 0.0367824 0.042459 0.0475979 0.0519287 0.0553473 0.0579136 0.05978 0.0610931 0.0619155 0.0621857 0.0617054 0.0601479 0.0571056 0.0522184 0.0453882 0.0369861 0.0278865
 0.0037204 0.00595044 0.00880867 0.0122855 0.0163928 0.0211328 0.0264304 0.0320982 0.0378606 0.0433992 0.0483948 0.052576 0.0557839 0.0580211 0.0594426 0.0602808 0.0607291 0.0608296 0.060403 0.0590495 0.0562446 0.0515354 0.0447986 0.0364411 0.0273908
 0.00390224 0.00622639 0.00919205 0.012788 0.0170371 0.0219621 0.0275001 0.0334422 0.0394454 0.0451004 0.0500204 0.0539289 0.0567208 0.0584675 0.0593695 0.0596831 0.0596373 0.0593388 0.0586768 0.0572801 0.0545906 0.0500842 0.0435733 0.0354356 0.026597
 0.00416763 0.00663846 0.0097759 0.0135539 0.0179805 0.0230664 0.0287412 0.0347955 0.0408933 0.0466266 0.0515865 0.0554449 0.0580371 0.0594043 0.0597687 0.0594504 0.0587588 0.0578791 0.0567707 0.055115 0.0523734 0.0479994 0.0417531 0.0339514 0.0254679
 0.00446915 0.00711386 0.0104647 0.0144853 0.019171 0.0245149 0.0304195 0.0366407 0.0428106 0.0485055 0.0533224 0.0569532 0.0592493 0.0602499 0.0601599 0.0592887 0.0579655 0.0564341 0.0547399 0.0526533 0.0497024 0.0453643 0.0393731 0.0319791 0.0239697
 0.00476395 0.00758515 0.0111607 0.0154497 0.0204401 0.0261102 0.0323343 0.0388258 0.0451672 0.0508903 0.0555651 0.0588837 0.0607269 0.0611804 0.0604917 0.0589933 0.0570215 0.0548337 0.052518 0.0499213 0.04666 0.0422762 0.0365135 0.0295667 0.0221206
 0.00502825 0.00801021 0.0117939 0.0163379 0.0216281 0.0276345 0.0342104 0.0410321 0.047632 0.0534876 0.0581216 0.0611986 0.0626023 0.0624532 0.0610552 0.0587994 0.056068 0.05315 0.0501669 0.0470189 0.0433981 0.0389194 0.0333571 0.0268668 0.0200296
 0.00522569 0.00833329 0.012286 0.0170461 0.0226008 0.0289149 0.0358241 0.0429744 0.0498575 0.0559052 0.0605953 0.0635562 0.0646526 0.0640103 0.0619635 0.0589526 0.0554172 0.0517031 0.0479877 0.044233 0.0402032 0.0355825 0.0301788 0.0241169 0.0178791
 0.0054191 0.00864145 0.0127402 0.0176767 0.0234393 0.029993 0.0371678 0.0445921 0.051728 0.0579688 0.0627515 0.0656698 0.0665668 0.0655628 0.0630019 0.0593493 0.0550831 0.0506008 0.0461439 0.0417506 0.0372685 0.032456 0.0271588 0.0214751 0.0157947
 0.00562392 0.00896236 0.0132019 0.0182979 0.024234 0.0309721 0.0383368 0.0459457 0.0532452 0.0596091 0.0644529 0.0673485 0.0681194 0.0668722 0.0639456 0.0598091 0.0549574 0.0498207 0.0446939 0.0396899 0.0347456 0.0297025 0.0244523 0.019077 0.0138839
 0.00588756 0.00937114 0.0137807 0.0190582 0.0251745 0.0320802 0.0395865 0.0472963 0.0546432 0.0609953 0.0657701 0.0685453 0.0691489 0.0676863 0.0644885 0.0600134 0.0547472 0.0491255 0.0434719 0.0379578 0.0326021 0.0273311 0.0220917 0.0169626 0.012184
 0.0061801 0.00983509 0.0144577 0.0199798 0.0263582 0.033521 0.0412461 0.0490957 0.056467 0.0627092 0.067245 0.0696803 0.0698865 0.0680143 0.0644266 0.0595904 0.0539804 0.0480126 0.0420036 0.0361462 0.0305132 0.0251001 0.0199072 0.0150192 0.0106247
 0.00643612 0.0102405 0.0150491 0.0207876 0.0274054 0.0348189 0.0427841 0.0508282 0.0583058 0.0645256 0.0688853 0.070993 0.0707528 0.0683721 0.0642763 0.0589812 0.0529826 0.0466924 0.0404119 0.0343292 0.0285362 0.0230685 0.0179633 0.0133113 0.00926252
 0.00672784 0.0106962 0.0157013 0.0216573 0.0285028 0.0361427 0.0443157 0.0525233 0.0600877 0.0662861 0.0704927 0.0723069 0.071646 0.0687539 0.0641109 0.0582916 0.0518401 0.0451937 0.0386575 0.0324131 0.0265515 0.0211181 0.0161621 0.0117684 0.00805254
 0.00691893 0.0110032 0.0161573 0.0222928 0.0293423 0.0371986 0.0455794 0.0539572 0.0616241 0.0678319 0.0719384 0.0735375 0.0725532 0.0692494 0.0641391 0.0578393 0.0509389 0.0439143 0.0370971 0.0306816 0.0247619 0.0193831 0.0145882 0.0104436 0.00702848
 0.00701234 0.0111608 0.0164059 0.0226632 0.0298654 0.0378986 0.0464634 0.0550082 0.0627976 0.0690593 0.0731334 0.0746062 0.073405 0.0698069 0.0643459 0.0576652 0.0503839 0.0430116 0.0359118 0.0293048 0.0233015 0.0179513 0.0132885 0.00935541 0.00619383
 0.00712256 0.0113294 0.0166418 0.0229722 0.0302562 0.038387 0.0470725 0.0557574 0.0636866 0.070053 0.0741594 0.0755664 0.0741974 0.0703471 0.0645784 0.0575661 0.0499574 0.0422867 0.0349404 0.028161 0.0220768 0.0167454 0.0121947 0.00844408 0.0055001
 0.00716733 0.011398 0.0167369 0.0230931 0.0303982 0.0385438 0.0472394 0.0559377 0.0638973 0.070325 0.0745255 0.0760409 0.0747578 0.0709303 0.0650953 0.0579265 0.0500934 0.0421656 0.0345682 0.0275792 0.021355 0.0159696 0.0114513 0.00780301 0.0050017
 0.00722323 0.0114852 0.0168616 0.0232594 0.0306082 0.0387974 0.047532 0.0562578 0.0642255 0.0706379 0.074804 0.076278 0.07496 0.0711076 0.065247 0.0580312 0.0501123 0.0420576 0.0343082 0.0271709 0.0208332 0.0153928 0.0108865 0.00730868 0.00461379
 0.00722325 0.0114832 0.016855 0.0232444 0.0305816 0.0387582 0.0474842 0.0562115 0.0641968 0.0706456 0.0748644 0.0764 0.075142 0.0713388 0.0655088 0.0582973 0.0503485 0.0422243 0.0343693 0.0271061 0.0206482 0.0151198 0.0105749 0.00700931 0.00436434
 0.00742526 0.0117774 0.0172339 0.023679 0.0310285 0.039173 0.0478314 0.056468 0.0643501 0.0706921 0.0748101 0.0762613 0.0749447 0.071113 0.0652823 0.058089 0.0501637 0.0420543 0.0341955 0.0269089 0.0204174 0.0148613 0.01031 0.00676547 0.0041645
 0.00755039 0.0119749 0.017519 0.0240584 0.0314954 0.0397013 0.048373 0.056958 0.0647228 0.0709007 0.0748394 0.0761278 0.0746859 0.070775 0.0649098 0.0577191 0.0498214 0.0417504 0.0339275 0.0266657 0.0201874 0.0146395 0.010101 0.00658082 0.00401548
 0.00754994 0.011979 0.0175347 0.024097 0.0315717 0.0398302 0.0485647 0.0572106 0.0650165 0.0711974 0.0750903 0.076289 0.0747342 0.0707143 0.0647663 0.0575288 0.0496173 0.0415549 0.0337502 0.0265062 0.0200403 0.0145006 0.00997086 0.00646474 0.00392017
 0.00757746 0.0120203 0.0175909 0.0241678 0.031657 0.0399323 0.0486887 0.0573632 0.0652018 0.0714107 0.0753142 0.0764931 0.0748817 0.0707741 0.064725 0.0573952 0.0494188 0.0413259 0.033521 0.026296 0.019857 0.014345 0.00984154 0.00636063 0.00384078
 0.00755468 0.0119881 0.0175514 0.0241265 0.0316217 0.0399116 0.0486905 0.0573945 0.0652683 0.0715161 0.0754576 0.076666 0.0750656 0.0709424 0.0648487 0.0574524 0.0494025 0.0412459 0.0333987 0.0261559 0.0197192 0.0142221 0.00973895 0.00627983 0.00378092
 0.00737236 0.0117175 0.0171925 0.0236967 0.0311519 0.0394388 0.0482527 0.0570287 0.0650093 0.0713934 0.0754903 0.0768569 0.0753982 0.0713809 0.0653426 0.057946 0.049846 0.0416056 0.0336619 0.0263285 0.0198187 0.0142695 0.00975372 0.00627685 0.00377057
 0.00716063 0.0113938 0.0167442 0.0231277 0.0304832 0.0387081 0.0475139 0.0563488 0.0644598 0.0710359 0.0753642 0.0769732 0.0757401 0.0719083 0.0659982 0.058663 0.050557 0.0422528 0.0342052 0.0267499 0.0201208 0.0144693 0.00987503 0.00634371 0.00380332
 0.00705555 0.0112135 0.016456 0.0226966 0.0298822 0.0379329 0.0465977 0.055367 0.0635193 0.0702533 0.07484 0.0767722 0.07588 0.0723596 0.0666937 0.0595135 0.0514681 0.0431388 0.034999 0.027409 0.0206288 0.0148325 0.0101152 0.00649017 0.00388522
 0.00688131 0.0109522 0.0161012 0.0222513 0.02935 0.037309 0.0458687 0.0545256 0.0625885 0.0693043 0.0739904 0.0761577 0.0756134 0.0724953 0.0672143 0.0603397 0.0524836 0.0442186 0.036033 0.0283164 0.0213637 0.0153832 0.0104967 0.00673381 0.00402813
 0.00677518 0.0107826 0.0158521 0.0219118 0.0289176 0.036794 0.0452947 0.0539243 0.0619886 0.068725 0.0734465 0.0756767 0.0752483 0.0723188 0.0672924 0.0607004 0.0530995 0.0450124 0.0369003 0.0291546 0.0220945 0.0159631 0.0109172 0.00701258 0.00419681
