SBPRF35
7.78865
Curr Bio
460936
B35
705411
F35
0.210905
FOFL
0.12706
OFL
44776.3
Bzero
2.22533e+006
#pred survey bio
 4.57844e+006 4.39297e+006 4.18975e+006 3.92334e+006 3.6143e+006 3.30192e+006 2.94944e+006 2.64305e+006 2.32787e+006 2.05862e+006 1.80103e+006 1.59823e+006 1.426e+006 1.24585e+006 1.09469e+006 986732 891558 827337 765399 721010 696798 672140 651338 650909 649449 643906 641372 636888 615985 617557 613526 618504 614008 609849 605817 588047 561769 557085 568542 575076 594217 608351 614094 616847 621005 623132 617353 613334 603363 600227 587450 519033 465833 1.55144e+007 9.17712e+006 9.43801e+006 1.03293e+007 1.15586e+007 1.28356e+007 1.39867e+007 1.494e+007 1.56873e+007 1.62519e+007 1.66682e+007 1.69704e+007 1.71876e+007 1.73431e+007 1.74543e+007 1.7534e+007 1.75914e+007 1.76329e+007 1.76631e+007 1.76853e+007 1.77016e+007 1.77138e+007 1.77228e+007 1.77297e+007 1.77348e+007 1.77387e+007 1.77416e+007 1.77439e+007 1.77456e+007 1.77469e+007 1.77479e+007 1.77487e+007 1.77493e+007 1.77498e+007 1.77501e+007 1.77504e+007 1.77506e+007 1.77508e+007 1.77509e+007 1.7751e+007 1.77511e+007 1.77511e+007 1.77512e+007 1.77512e+007 1.77512e+007 1.77513e+007 1.77513e+007 1.77513e+007 1.77513e+007 1.77513e+007 1.77513e+007 1.77513e+007 1.77513e+007 1.77513e+007 1.77513e+007 1.77513e+007 1.77513e+007 1.77513e+007 1.77513e+007 1.77513e+007 1.77513e+007 1.77513e+007 1.77513e+007 1.77513e+007 1.77513e+007 1.77513e+007 1.77513e+007 1.77513e+007 1.77513e+007 1.77513e+007 1.77513e+007 1.77513e+007 1.77513e+007 1.77513e+007 1.77513e+007 1.77513e+007 1.77513e+007 1.77513e+007 1.77513e+007 1.77513e+007 1.77513e+007 1.77513e+007 1.77513e+007 1.77513e+007 1.77513e+007 1.77513e+007 1.77513e+007 1.77513e+007 1.77513e+007 1.77513e+007 1.77513e+007 1.77513e+007 1.77513e+007 1.77513e+007 1.77513e+007 1.77513e+007 1.77513e+007 1.77513e+007 1.77513e+007 1.77513e+007 0 0 0 0 0 0 0 0 0 0 0 0 0 0 0 0 0 0 0 0 0 0 0 0 0
#obs survey bio
 2.76011e+006 3.01656e+006 2.79926e+006 1.75752e+006 2.45134e+006 2.32661e+006 3.04446e+006 2.34197e+006 2.24727e+006 1.28939e+006 1.84734e+006 1.18431e+006 1.45218e+006 801039 1.15288e+006 906304 762597 1.20494e+006 498648 788606 625130 527896 430482 601637 547928 389412 566014 552608 513804 540725 604679 405664 522671 725090 672789 600173 466630 608490 622166 527174 655253 624026 408691 702815 691379 741612 786717 520664 541618 610079 700559 480494 516910
#pred catch bio
 92469.7 97574.3 155921 208895 233877 296416 281885 315965 299007 308863 275690 259799 273390 251171 215178 203748 174798 169348 150952 131109 128773 123063 104848 105038 106966 102944 103424 115264 94433.7 97884.3 89103.9 95887.5 93557.3 90662 98949.5 104788 89788.7 81568.5 89073.7 80165 85003.5 91174 92039.3 89091.3 89240.3 94385.3 91533.5 95066.7 87479.1 93474.1 136491 117894 86531.4 44776.3 70287.4 70826.3 76174.8 84937.7 94361.4 102815 109681 114914 118729 121422 123276 124529 125363 125912 126270 126501 126651 126746 126807 126846 126871 126886 126896 126902 126906 126909 126910 126911 126912 126912 126912 126913 126913 126913 126913 126913 126913 126913 126913 126913 126913 126913 126913 126913 126913 126913 126913 126913 126913 126913 126913 126913 126913 126913 126913 126913 126913 126913 126913 126913 126913 126913 126913 126913 126913 126913 126913 126913 126913 126913 126913 126913 126913 126913 126913 126913 126913 126913 126913 126913 126913 126913 126913 126913 126913 126913 126913 126913 126913 126913 126913 126913 126913 126913 126913 126913 126913 126913 126913 0 0 0 0 0 0 0 0 0 0 0 0 0 0 0 0 0 0 0 0 0 0 0 0 0
#obs catch bio
 0 97486.1 156863 211336 236811 303273 286866 323433 305656 320042 283717 267937 282658 260393 221285 210620 179898 172639 154993 133688 131532 125292 106762 107000 108830 104442 104682 117858 95774.2 99364.7 90086.8 97316.9 95219.5 91558.2 100203 106150 90997.9 82568.8 89986 80616.4 85632.9 91622.4 92651.1 89082 89053.8 94163.8 91231.8 95481.1 87270.6 93014.4 136078 118043 86368.7
#pred cpue bio
 4.49681e+006 4.31678e+006 4.11889e+006 3.8549e+006 3.54714e+006 3.23643e+006 2.8866e+006 2.58245e+006 2.26969e+006 2.00228e+006 1.74706e+006 1.5464e+006 1.37631e+006 1.199e+006 1.05041e+006 944340 851319 789083 729227 686241 663018 639488 619453 619057 617922 612936 610718 606499 586426 588233 584661 589768 585662 582070 578856 562159 535953 529575 539521 545882 564788 578969 585026 588126 592579 594963 589532 585731 576261 573577 561582 495248 443761 1.48004e+007 8.76671e+006 8.88227e+006 9.60169e+006 1.07648e+007 1.20247e+007 1.31721e+007 1.41246e+007 1.48718e+007 1.54364e+007 1.58527e+007 1.61548e+007 1.6372e+007 1.65275e+007 1.66388e+007 1.67185e+007 1.67758e+007 1.68174e+007 1.68476e+007 1.68697e+007 1.68861e+007 1.68982e+007 1.69073e+007 1.69141e+007 1.69192e+007 1.69231e+007 1.69261e+007 1.69283e+007 1.693e+007 1.69314e+007 1.69324e+007 1.69331e+007 1.69337e+007 1.69342e+007 1.69346e+007 1.69348e+007 1.6935e+007 1.69352e+007 1.69353e+007 1.69354e+007 1.69355e+007 1.69356e+007 1.69356e+007 1.69356e+007 1.69357e+007 1.69357e+007 1.69357e+007 1.69357e+007 1.69357e+007 1.69357e+007 1.69357e+007 1.69357e+007 1.69358e+007 1.69358e+007 1.69358e+007 1.69358e+007 1.69358e+007 1.69358e+007 1.69358e+007 1.69358e+007 1.69358e+007 1.69358e+007 1.69358e+007 1.69358e+007 1.69358e+007 1.69358e+007 1.69358e+007 1.69358e+007 1.69358e+007 1.69358e+007 1.69358e+007 1.69358e+007 1.69358e+007 1.69358e+007 1.69358e+007 1.69358e+007 1.69358e+007 1.69358e+007 1.69358e+007 1.69358e+007 1.69358e+007 1.69358e+007 1.69358e+007 1.69358e+007 1.69358e+007 1.69358e+007 1.69358e+007 1.69358e+007 1.69358e+007 1.69358e+007 1.69358e+007 1.69358e+007 1.69358e+007 1.69358e+007 1.69358e+007 1.69358e+007 1.69358e+007 1.69358e+007 1.69358e+007 1.69358e+007 0 0 0 0 0 0 0 0 0 0 0 0 0 0 0 0 0 0 0 0 0 0 0 0 0
#obs cpue bio
 3.43958e+006 2.27409e+006 3.9617e+006 3.09699e+006 3.62544e+006 2.66174e+006 3.26755e+006 2.5085e+006 1.84085e+006 1.0453e+006 1.73909e+006 1.2296e+006 1.18775e+006 997186 876189 560165 657073 801161 452707 564653 525485 774112 489401 534675 664090 892666 653918 370327 573453 647010 506976 673666 395453 696486 418044 534035 390111 363602 680548 571021 445314 698758 692879 848420 634422 572943 475997 405067 956406 642183 596782 393362 425061
#pred surv len freq
 0.00588148 0.00942484 0.0139501 0.019356 0.0254632 0.0319525 0.038326 0.0440099 0.0485702 0.0518689 0.0540456 0.0553783 0.0561473 0.0565555 0.0566911 0.0565173 0.0558928 0.0546192 0.052495 0.0493526 0.0450812 0.0396649 0.0332556 0.0262457 0.0192547
 0.00602386 0.00955191 0.0139556 0.0190953 0.0248148 0.0309011 0.0370141 0.0427075 0.047561 0.0513165 0.0539206 0.0554884 0.0562451 0.056461 0.0563728 0.0561035 0.0556147 0.0547096 0.0530834 0.050404 0.0464094 0.0410133 0.0344013 0.0270715 0.0197598
 0.0064874 0.0102419 0.0148685 0.0201675 0.0259172 0.0318496 0.0376002 0.0427584 0.0470172 0.0502836 0.0526438 0.0542437 0.05521 0.0556523 0.0556912 0.0554458 0.0549711 0.0541835 0.0528265 0.0505161 0.0468689 0.0416821 0.0350941 0.0276398 0.0201396
 0.00676435 0.0107137 0.0156153 0.0212686 0.0274218 0.0337326 0.0397231 0.0448632 0.0487755 0.0513895 0.0529156 0.0536865 0.0540044 0.0540689 0.0539776 0.0537543 0.0533662 0.0527042 0.051538 0.049504 0.0461891 0.0413165 0.0349543 0.0276132 0.0201396
 0.00700347 0.0110961 0.0161822 0.0220622 0.0284868 0.0351115 0.0414382 0.0468858 0.0509917 0.0535839 0.0547927 0.0549407 0.0544161 0.0535818 0.0527109 0.0519437 0.0512731 0.0505491 0.0494852 0.0476754 0.0446714 0.0401504 0.0341244 0.027059 0.019784
 0.00722847 0.0114542 0.0167074 0.0227829 0.0294242 0.0362762 0.0428269 0.0484791 0.052753 0.055452 0.056664 0.0566498 0.0557402 0.054287 0.0526287 0.0510382 0.0496586 0.0484493 0.0471642 0.0453774 0.042587 0.0384027 0.0327657 0.0260782 0.019125
 0.00757277 0.0119887 0.0174652 0.0237792 0.0306561 0.0377235 0.0444495 0.0502169 0.054533 0.0571998 0.0583117 0.0581291 0.0569634 0.0551297 0.0529371 0.0506693 0.0485414 0.0466329 0.0448221 0.0427668 0.0399846 0.0360448 0.0308096 0.0245887 0.0180843
 0.00793736 0.0125549 0.018268 0.0248336 0.0319559 0.0392405 0.0461308 0.0519849 0.056295 0.0588651 0.0598063 0.0593995 0.0579679 0.0558208 0.0532433 0.0504931 0.0477824 0.0452359 0.0428267 0.0403286 0.0373505 0.0334913 0.0285723 0.0228115 0.0168037
 0.00837356 0.0132383 0.0192481 0.0261379 0.0335846 0.0411589 0.0482612 0.0542062 0.0584587 0.0608246 0.0614436 0.0606398 0.0587769 0.0561916 0.0531756 0.0499728 0.0467745 0.0437012 0.040763 0.0378154 0.0345682 0.0306949 0.0260264 0.020716 0.0152477
 0.00865726 0.0137027 0.0199527 0.0271396 0.0349258 0.0428492 0.0502578 0.0564069 0.060715 0.0629694 0.0633207 0.0621247 0.0597881 0.0566907 0.0531591 0.0494542 0.0457667 0.0422108 0.0388057 0.0354504 0.0319298 0.0279938 0.0235074 0.0185899 0.0136316
 0.00899698 0.0142332 0.0207117 0.0281513 0.0362015 0.0443866 0.0520347 0.0583711 0.0627788 0.0650126 0.0652026 0.0637028 0.060939 0.0573284 0.0532418 0.0489803 0.0447606 0.0407096 0.0368581 0.0331319 0.029366 0.0253692 0.0210417 0.016483 0.0120066
 0.00928914 0.0146904 0.0213669 0.0290235 0.037294 0.0456846 0.0535019 0.0599502 0.0643986 0.0665989 0.0666835 0.0650056 0.0619852 0.0580347 0.0535317 0.048798 0.0440811 0.0395413 0.0352418 0.0311455 0.027132 0.0230569 0.0188477 0.0145884 0.0105286
 0.00951484 0.015053 0.0219042 0.029767 0.0382623 0.0468733 0.054874 0.0614341 0.0658999 0.0680212 0.0679466 0.0660528 0.0627784 0.0585438 0.0537242 0.048637 0.0435319 0.0385844 0.0338882 0.0294491 0.025197 0.0210343 0.0169141 0.012907 0.00920738
 0.00986512 0.015599 0.0226822 0.0307951 0.0395378 0.0483695 0.0565339 0.0631671 0.0675898 0.069544 0.0691927 0.066944 0.0632765 0.0586473 0.0534563 0.0480279 0.0426055 0.0373567 0.0323781 0.0276975 0.0232846 0.0190848 0.0150767 0.0113218 0.0079663
 0.0102117 0.0161386 0.0234493 0.0318056 0.0407856 0.0498242 0.0581356 0.064826 0.069195 0.0709812 0.0703618 0.0677699 0.0637136 0.0586809 0.0531005 0.0473187 0.0415892 0.0360794 0.0308839 0.0260369 0.0215284 0.0173325 0.013447 0.00992645 0.00687806
 0.0103268 0.0163372 0.0237696 0.0322899 0.0414709 0.0507269 0.0592372 0.066069 0.070492 0.0722337 0.0714763 0.0686678 0.0643351 0.0589867 0.0530731 0.0469621 0.0409269 0.0351493 0.0297341 0.0247254 0.0201272 0.0159298 0.0121413 0.00880757 0.00600425
 0.0103434 0.0163811 0.0238679 0.0324805 0.0417968 0.0512244 0.059923 0.066931 0.071487 0.0732915 0.0725097 0.0695856 0.0650563 0.0594518 0.0532481 0.0468378 0.040515 0.0344787 0.028848 0.0236806 0.0189939 0.0147899 0.0110805 0.00790028 0.00529704
 0.0104786 0.01656 0.0240634 0.0326468 0.0418889 0.0512253 0.0598635 0.0668855 0.0715465 0.0735259 0.0729403 0.0701782 0.0657333 0.0601147 0.0538003 0.0472026 0.0406448 0.0343578 0.0284903 0.0231258 0.0183029 0.014038 0.0103471 0.0072548 0.00478473
 0.0106766 0.0168672 0.0244958 0.0332027 0.0425417 0.051919 0.0605144 0.0674006 0.0718561 0.073616 0.0728615 0.0700211 0.0655855 0.0600231 0.0537593 0.0471661 0.0405515 0.0341553 0.0281511 0.0226533 0.0177297 0.0134183 0.00974396 0.00672498 0.00436521
 0.0106966 0.0169113 0.0245838 0.0333602 0.042794 0.0522795 0.0609734 0.0679184 0.072367 0.0740439 0.0731433 0.0701303 0.065542 0.0598828 0.0535859 0.0470011 0.0403996 0.03399 0.0279357 0.0223628 0.0173643 0.0130044 0.00932495 0.00634594 0.00405887
 0.0106932 0.0168921 0.0245312 0.0332538 0.0426212 0.0520497 0.0607266 0.0677186 0.0722802 0.0741091 0.0733552 0.0704419 0.0658868 0.0602022 0.0538484 0.0472026 0.0405488 0.0340915 0.0279817 0.0223391 0.0172637 0.0128369 0.0091176 0.00613421 0.00387379
 0.0108611 0.0171323 0.0248308 0.0335777 0.0429186 0.0522679 0.0608256 0.0676823 0.0721229 0.0738753 0.0731079 0.0702421 0.0657704 0.0601703 0.0538736 0.0472485 0.040586 0.0341039 0.0279617 0.0222823 0.0171678 0.0127061 0.00896533 0.00598067 0.00373891
 0.0109825 0.0173235 0.0251056 0.0339407 0.0433597 0.052756 0.0613055 0.0680816 0.0723703 0.0739256 0.07296 0.0699399 0.065387 0.0597812 0.0535341 0.0469815 0.0403865 0.033951 0.0278324 0.022159 0.0170408 0.0125733 0.00883188 0.00585631 0.00363388
 0.0108103 0.0170746 0.0247892 0.0335874 0.0430152 0.0524696 0.061118 0.0680163 0.0724277 0.0740818 0.0731729 0.0701631 0.0655867 0.0599472 0.0536772 0.0471211 0.0405355 0.034108 0.0279835 0.0222859 0.0171294 0.0126188 0.00883937 0.00583769 0.00360327
 0.0107276 0.0169364 0.0245761 0.0332828 0.0426144 0.0519906 0.0606088 0.0675501 0.0720833 0.0739175 0.0732068 0.0703702 0.0659119 0.0603269 0.0540592 0.047475 0.0408515 0.0343871 0.0282273 0.0224913 0.0172902 0.0127314 0.00890618 0.00586786 0.00360947
 0.0107793 0.0170039 0.0246462 0.0333312 0.0426096 0.0519027 0.0604198 0.0672626 0.071725 0.0735399 0.0728748 0.0701436 0.0658262 0.0603826 0.0542254 0.0477055 0.0411024 0.0346277 0.0284413 0.0226716 0.0174337 0.0128369 0.00897546 0.00590651 0.00362607
 0.0107874 0.0170186 0.0246704 0.0333664 0.0426526 0.0519425 0.0604355 0.0672273 0.0716154 0.073348 0.0726169 0.0698602 0.0655716 0.0602074 0.0541602 0.047752 0.0412367 0.0348128 0.0286404 0.0228573 0.01759 0.012957 0.00905942 0.00595903 0.00365467
 0.0106599 0.0168416 0.02446 0.0331566 0.0424856 0.0518526 0.060436 0.0673055 0.0717381 0.0734725 0.072704 0.0698858 0.0655346 0.0601303 0.0540808 0.0477081 0.0412519 0.0348891 0.0287615 0.0229978 0.0177257 0.0130714 0.0091452 0.00601647 0.00368883
 0.0107155 0.0169203 0.0245578 0.0332644 0.0425955 0.0519641 0.0605589 0.0674543 0.0719193 0.0736731 0.0728885 0.0700072 0.0655525 0.0600286 0.0538742 0.0474375 0.0409691 0.0346396 0.0285722 0.0228741 0.0176569 0.0130398 0.00913401 0.00601395 0.00368867
 0.0106292 0.016781 0.0243502 0.0329767 0.0422231 0.0515166 0.0600664 0.0669692 0.0715093 0.0734053 0.0728102 0.0701295 0.0658455 0.0604301 0.0543109 0.0478483 0.0413205 0.0349261 0.0288056 0.0230692 0.0178228 0.0131781 0.00924291 0.00609283 0.00374043
 0.0106391 0.0167903 0.0243515 0.0329572 0.0421668 0.0514074 0.059893 0.0667302 0.0712177 0.0730914 0.072519 0.0699118 0.0657429 0.0604604 0.0544609 0.0480795 0.0415839 0.0351805 0.0290272 0.0232516 0.0179693 0.0132941 0.00933216 0.00615783 0.00378413
 0.0105547 0.0166617 0.0241738 0.0327317 0.0418995 0.0511079 0.0595735 0.0664056 0.0709053 0.0728101 0.0722896 0.0697569 0.0656856 0.0605189 0.0546415 0.048369 0.0419501 0.0355789 0.0294139 0.0235942 0.0182512 0.0135122 0.00949162 0.00626769 0.00385478
 0.0103535 0.0163781 0.0238271 0.0323662 0.0415712 0.0508625 0.0594297 0.066352 0.0709112 0.072841 0.0723198 0.0697756 0.0656979 0.0605424 0.0546996 0.048482 0.0421261 0.035809 0.0296748 0.0238561 0.0184876 0.0137067 0.00963862 0.00637032 0.00392096
 0.0101374 0.0160443 0.0233597 0.0317678 0.0408682 0.0501094 0.058708 0.0657576 0.0705279 0.072712 0.0724328 0.0700734 0.0661052 0.060994 0.0551552 0.0489264 0.042559 0.0362328 0.030085 0.0242397 0.0188269 0.0139866 0.00985231 0.0065205 0.0040178
 0.0100815 0.0159365 0.0231663 0.0314486 0.0403879 0.049456 0.0579102 0.0648903 0.0697004 0.0720418 0.0720154 0.0699577 0.0662835 0.0614093 0.0557242 0.0495665 0.0432072 0.0368506 0.0306522 0.0247443 0.0192591 0.0143384 0.0101207 0.00671024 0.00414103
 0.0109836 0.0172128 0.024734 0.0331074 0.0418719 0.0505203 0.0584033 0.0647801 0.0690555 0.0709964 0.0707366 0.0686186 0.0650364 0.0603624 0.054928 0.0490173 0.0428653 0.0366634 0.0305715 0.0247331 0.0192904 0.0143912 0.0101786 0.00676177 0.00418022
 0.0119417 0.018694 0.0268115 0.0357741 0.0450152 0.0539024 0.0616597 0.0674676 0.0707617 0.0714706 0.0699688 0.0668236 0.0625622 0.0575807 0.0521532 0.0464687 0.0406641 0.034851 0.0291362 0.0236356 0.0184815 0.0138202 0.00979611 0.00652087 0.00403888
 0.0116787 0.0184142 0.0266631 0.0359848 0.0458299 0.0554811 0.063985 0.0703108 0.0737266 0.0740916 0.0718285 0.0676536 0.0623025 0.056377 0.0502952 0.0442954 0.0384765 0.0328618 0.0274599 0.0223068 0.0174829 0.0131075 0.00931449 0.00621476 0.0038574
 0.0112012 0.0176858 0.0256652 0.0347558 0.0444852 0.0542247 0.0630979 0.0700937 0.0743945 0.0756624 0.0740736 0.0701514 0.0645747 0.0580413 0.0511668 0.0444036 0.0380085 0.0320693 0.0265751 0.0214926 0.0168228 0.0126218 0.0089856 0.0060086 0.00373778
 0.0110855 0.0174781 0.0253173 0.0342136 0.0437063 0.0532075 0.0619127 0.0688989 0.0734217 0.0751655 0.0742485 0.0710535 0.0660723 0.059839 0.0528992 0.0457599 0.0388261 0.0323566 0.0264651 0.021165 0.0164355 0.0122763 0.00872516 0.00583578 0.0036349
 0.0108182 0.0170783 0.0247786 0.0335484 0.0429362 0.052351 0.0609824 0.0679142 0.0724329 0.0742748 0.0736093 0.0708381 0.0664099 0.0607494 0.0542588 0.0473271 0.040321 0.0335577 0.0272716 0.0215999 0.0165995 0.0122878 0.00867724 0.00578194 0.00359573
 0.0106639 0.0168324 0.0244188 0.0330604 0.0423188 0.051623 0.0601853 0.067106 0.0716738 0.0736127 0.0730822 0.0704892 0.0663019 0.0609548 0.0548224 0.0482217 0.0414302 0.0347043 0.0282813 0.0223614 0.0170894 0.0125525 0.00879319 0.00581921 0.00360103
 0.0105596 0.0166753 0.0242047 0.0327914 0.0420002 0.0512584 0.0597762 0.0666564 0.0711961 0.073132 0.0726337 0.0701132 0.0660398 0.0608502 0.0549181 0.0485469 0.0419771 0.0354119 0.0290433 0.023061 0.0176416 0.0129277 0.00901181 0.00592757 0.00364597
 0.0104816 0.0165529 0.0240291 0.0325584 0.0417117 0.0509241 0.0594137 0.0662887 0.0708456 0.0728147 0.0723579 0.0698844 0.0658682 0.0607548 0.0549264 0.0486875 0.0422675 0.0358437 0.0295736 0.0236186 0.0181495 0.0133301 0.00928954 0.00609448 0.00373331
 0.0104659 0.0165169 0.0239558 0.0324261 0.0414999 0.050623 0.0590325 0.0658571 0.0704074 0.0724155 0.0720337 0.0696555 0.0657396 0.0607226 0.0549858 0.0488385 0.0425137 0.036184 0.0299918 0.0240781 0.0185991 0.01372 0.00958815 0.00629606 0.00385313
 0.0104479 0.0164908 0.0239215 0.0323831 0.0414449 0.0505464 0.0589187 0.0656895 0.0701772 0.0721308 0.0717216 0.0693554 0.0654911 0.0605546 0.0549124 0.0488616 0.0426291 0.0363842 0.0302638 0.0243989 0.0189351 0.0140332 0.00984716 0.00648552 0.0039754
 0.010483 0.0165447 0.0239966 0.0324794 0.0415592 0.050672 0.0590436 0.0657953 0.0702398 0.0721249 0.0716286 0.0691721 0.065235 0.0602608 0.0546247 0.0486209 0.0424644 0.0363099 0.0302797 0.024492 0.0190812 0.0142014 0.0100072 0.00661591 0.00406752
 0.0103598 0.0163731 0.0237912 0.0322717 0.0413886 0.0505713 0.0590276 0.0658576 0.0703584 0.0722697 0.0717688 0.0692801 0.065291 0.0602579 0.0545715 0.0485405 0.0423875 0.036265 0.0302854 0.0245523 0.0191859 0.0143302 0.0101369 0.00672739 0.00415059
 0.0102896 0.0162632 0.0236353 0.0320697 0.041151 0.0503221 0.0588043 0.0657041 0.0703102 0.072339 0.071937 0.0695049 0.0655215 0.0604511 0.054703 0.0486067 0.0424034 0.0362567 0.0302803 0.0245704 0.0192343 0.0144031 0.0102202 0.00680576 0.00421336
 0.0101674 0.0160743 0.0233694 0.0317246 0.0407332 0.0498487 0.0583056 0.0652251 0.0699069 0.0720681 0.0718415 0.0696 0.0657882 0.0608403 0.0551503 0.0490512 0.0428025 0.0365921 0.0305541 0.0247957 0.0194249 0.014567 0.0103585 0.00691609 0.00429423
 0.0101525 0.0160484 0.0233271 0.0316592 0.0406373 0.0497162 0.0581333 0.0650154 0.0696703 0.0718245 0.07162 0.0694347 0.0657103 0.0608669 0.0552768 0.0492518 0.0430391 0.0368278 0.0307646 0.0249719 0.0195689 0.0146848 0.0104548 0.00699241 0.00435102
 0.0102462 0.016253 0.0237282 0.0323594 0.0417192 0.051189 0.0598917 0.0668425 0.071293 0.0729955 0.0721846 0.0693584 0.0650662 0.0598008 0.0539638 0.0478571 0.041691 0.0356087 0.0297159 0.0241076 0.0188873 0.0141746 0.0100963 0.00675877 0.00421128
 0.00972441 0.0155174 0.0228336 0.0314388 0.0409601 0.0507866 0.0599979 0.067525 0.0725082 0.0745819 0.073889 0.0708976 0.0662064 0.0604187 0.0540625 0.0475386 0.0411053 0.0349046 0.0290104 0.0234755 0.0183662 0.0137747 0.00981051 0.00656971 0.00409643
#obs surv len freq
 nan nan nan nan nan nan nan nan nan nan nan nan nan nan nan nan nan nan nan nan nan nan nan nan nan
 0.00449014 0.007354 0.0111863 0.0160043 0.0217055 0.0279804 0.0342929 0.0400221 0.0446993 0.0481606 0.0505161 0.0520096 0.0528997 0.0534102 0.053723 0.0539768 0.0542545 0.0545467 0.0546851 0.0542769 0.0527151 0.0493478 0.0437985 0.0362798 0.027665
 0.00461668 0.00756389 0.0115095 0.0164699 0.0223346 0.0287741 0.0352221 0.0410243 0.0456887 0.0490461 0.0512185 0.0524738 0.0530989 0.0533451 0.0534169 0.0534678 0.0535869 0.0537636 0.0538259 0.0533791 0.051818 0.048495 0.0430355 0.0356452 0.0271799
 0.00478402 0.00783559 0.011918 0.0170459 0.0231018 0.0297408 0.0363703 0.0423039 0.0470198 0.0503293 0.0523494 0.0533568 0.0536598 0.0535402 0.053237 0.0529359 0.0527497 0.0526823 0.0525682 0.0520161 0.0504259 0.0471552 0.0418285 0.0346375 0.0264083
 0.00497019 0.00814139 0.012384 0.0177115 0.0239975 0.0308758 0.0377205 0.0438079 0.0485879 0.05186 0.0537425 0.0545196 0.0545095 0.0540078 0.0532748 0.0525253 0.0519062 0.0514538 0.0510307 0.050268 0.0485836 0.0453466 0.0401799 0.0332517 0.0253432
 0.00517692 0.00848064 0.0129006 0.0184497 0.0249926 0.0321413 0.0392341 0.0455056 0.0503721 0.0536169 0.0553599 0.0558973 0.0555622 0.0546651 0.0534806 0.0522407 0.051116 0.0501756 0.0493227 0.0482326 0.0463641 0.0431154 0.0381135 0.0314973 0.0239864
 0.00541047 0.00886117 0.0134751 0.0192627 0.0260787 0.0335123 0.0408652 0.0473303 0.0522901 0.0555119 0.0571169 0.0574126 0.0567473 0.0554467 0.0537991 0.0520498 0.0503854 0.0489006 0.0475378 0.0460266 0.043887 0.0405673 0.0357129 0.0294342 0.0223777
 0.00565411 0.00926028 0.0140813 0.0201259 0.0272372 0.0349778 0.0426073 0.0492716 0.0543182 0.0575015 0.0589496 0.0589876 0.057982 0.0562736 0.0541625 0.0519029 0.0496917 0.0476415 0.0457294 0.0437405 0.0412659 0.0378212 0.0330862 0.0271497 0.0205804
 0.00588758 0.00964514 0.0146705 0.0209723 0.0283839 0.0364415 0.0443619 0.0512418 0.0563899 0.0595434 0.0608352 0.060608 0.0592508 0.0571255 0.054548 0.0517821 0.0490316 0.0464204 0.0439525 0.0414645 0.0386206 0.0350127 0.0303668 0.0247596 0.0186837
 0.00614746 0.0100677 0.0153068 0.0218703 0.0295799 0.0379467 0.0461472 0.0532321 0.0584728 0.0615892 0.0627173 0.0622157 0.0604958 0.0579422 0.0548904 0.0516181 0.0483374 0.0451809 0.0421735 0.0391953 0.0359797 0.0321956 0.0276221 0.0223312 0.0167445
 0.0063758 0.0104461 0.0158892 0.0227112 0.0307226 0.0394055 0.0478905 0.0551775 0.0605009 0.0635685 0.0645257 0.0637523 0.0616816 0.0587176 0.0552122 0.0514553 0.0476682 0.0439935 0.0404752 0.0370323 0.0334603 0.0295009 0.0249858 0.0199876 0.0148638
 0.00661447 0.0108352 0.0164773 0.0235446 0.0318374 0.0408141 0.0495666 0.0570492 0.0624585 0.0654834 0.0662717 0.0652208 0.0627899 0.0594102 0.0554561 0.0512323 0.0469683 0.0428137 0.0388275 0.034962 0.0310677 0.0269514 0.0224944 0.0177712 0.0130819
 0.0068297 0.0111905 0.0170216 0.0243263 0.032894 0.0421563 0.0511629 0.0588218 0.0642957 0.0672625 0.067879 0.066562 0.0637924 0.0600225 0.0556458 0.0509833 0.0462757 0.041682 0.0372752 0.0330356 0.0288601 0.0246119 0.0202149 0.0157455 0.011453
 0.00706736 0.0115774 0.0176049 0.0251497 0.0339889 0.0435279 0.0527756 0.060594 0.0661104 0.0689897 0.0693985 0.0677783 0.0646404 0.060466 0.0556715 0.0505928 0.0454794 0.0404963 0.035727 0.0311748 0.0267743 0.0224353 0.0181163 0.0138933 0.00996999
 0.00729592 0.0119524 0.0181751 0.0259613 0.0350751 0.0448924 0.0543774 0.0623433 0.0678827 0.0706514 0.0708302 0.0688888 0.0653699 0.0607848 0.0555751 0.0500953 0.0446055 0.039277 0.0342008 0.0293964 0.0248277 0.02044 0.0162178 0.0122338 0.00865008
 0.0074311 0.0121804 0.0185339 0.0264921 0.0358148 0.0458606 0.0555625 0.0636961 0.0693211 0.0720739 0.072132 0.0699743 0.0661627 0.061233 0.0556532 0.0498012 0.0439553 0.0383 0.0329385 0.0279064 0.0231907 0.0187633 0.0146266 0.0108468 0.00754968
 0.00750736 0.0123031 0.0187169 0.0267504 0.0361643 0.0463181 0.0561423 0.064404 0.0701485 0.0729921 0.0730906 0.0709041 0.0669846 0.0618694 0.0560392 0.0498924 0.0437315 0.0377651 0.0321191 0.0268522 0.0219758 0.0174849 0.0133946 0.00976355 0.0066861
 0.00760449 0.0124507 0.0189202 0.0270077 0.0364689 0.0466614 0.056516 0.064803 0.0705717 0.0734431 0.0735728 0.071413 0.0674991 0.062348 0.0564245 0.0501223 0.0437525 0.0375437 0.0316496 0.0261598 0.0211167 0.0165413 0.0124618 0.00893104 0.00601652
 0.00769083 0.012591 0.0191302 0.0272997 0.0368467 0.0471138 0.0570129 0.0652987 0.0710183 0.073807 0.0738455 0.0716099 0.0676467 0.0624674 0.0565181 0.0501692 0.0437144 0.0373778 0.0313247 0.0256702 0.0204892 0.0158328 0.0117474 0.00828504 0.00549266
 0.00773359 0.0126565 0.019222 0.0274195 0.0369961 0.047295 0.0572283 0.0655472 0.0712913 0.0740869 0.0741088 0.0718353 0.0678233 0.0625967 0.0566085 0.050225 0.0437267 0.0373235 0.0311752 0.0254059 0.0201131 0.0153757 0.011262 0.00782985 0.00511409
 0.00776613 0.012705 0.0192867 0.0274979 0.0370834 0.0473862 0.0573199 0.0656388 0.0713863 0.0741907 0.0742265 0.0719671 0.067962 0.0627307 0.0567254 0.050315 0.043781 0.0373308 0.03112 0.0252735 0.019899 0.015094 0.0109454 0.00752016 0.00484842
 0.00782675 0.0127935 0.0194011 0.0276297 0.0372193 0.0475121 0.057424 0.0657138 0.0714302 0.0742077 0.0742267 0.0719634 0.0679668 0.0627503 0.0567585 0.0503531 0.0438114 0.0373389 0.0310913 0.0251956 0.0197665 0.014913 0.0107352 0.0073087 0.00466256
 0.00785167 0.0128344 0.0194628 0.0277154 0.0373287 0.0476382 0.0575523 0.0658243 0.0715043 0.0742353 0.0742104 0.0719174 0.0679105 0.0627018 0.0567291 0.0503451 0.0438184 0.0373481 0.0310869 0.0251634 0.0196977 0.0148081 0.0106053 0.00717208 0.00453847
 0.00786946 0.0128582 0.0194896 0.02774 0.0373458 0.0476462 0.0575542 0.0658267 0.0715126 0.0742504 0.0742275 0.0719302 0.0679156 0.0627016 0.0567303 0.0503549 0.0438394 0.0373763 0.0311125 0.0251741 0.0196834 0.0147654 0.010539 0.00709406 0.00446261
 0.00788541 0.0128804 0.0195157 0.027765 0.037363 0.0476484 0.0575367 0.0657888 0.0714593 0.0741919 0.0741764 0.0718969 0.0679047 0.0627115 0.056756 0.0503913 0.0438828 0.0374232 0.0311576 0.0252097 0.0197018 0.0147619 0.0105149 0.00705623 0.00442068
 0.0078826 0.0128753 0.019507 0.027751 0.0373415 0.0476172 0.0574942 0.0657348 0.0713957 0.0741236 0.0741116 0.0718457 0.0678769 0.0627132 0.0567877 0.0504477 0.0439555 0.0375028 0.0312352 0.0252773 0.0197527 0.0147922 0.0105245 0.00704946 0.00440468
 0.00787566 0.0128605 0.0194785 0.0277015 0.037265 0.0475121 0.0573659 0.0655957 0.0712622 0.0740109 0.0740306 0.0718021 0.0678723 0.0627466 0.0568559 0.0505451 0.0440735 0.0376309 0.031362 0.0253922 0.0198474 0.0148618 0.0105686 0.00707168 0.00441141
 0.00790427 0.0129011 0.0195282 0.0277533 0.0373083 0.0475354 0.0573592 0.065553 0.0711836 0.0739039 0.0739091 0.0716834 0.0677723 0.0626768 0.0568219 0.0505469 0.0441071 0.0376887 0.0314342 0.0254682 0.0199172 0.0149183 0.0106083 0.00709517 0.00442222
 0.0079029 0.0129003 0.0195295 0.0277581 0.0373172 0.047546 0.0573655 0.0655464 0.0711559 0.073851 0.0738336 0.0715946 0.0676842 0.0626037 0.0567751 0.0505327 0.0441257 0.0377352 0.0315001 0.025543 0.0199907 0.014982 0.0106571 0.00712805 0.00444136
 0.00788472 0.0128708 0.0194854 0.0276973 0.0372397 0.0474556 0.0572704 0.0654577 0.0710839 0.0738013 0.0738056 0.0715832 0.0676842 0.0626129 0.0567952 0.0505675 0.0441784 0.0378059 0.0315848 0.0256343 0.0200796 0.0150603 0.0107193 0.00717242 0.00446955
 0.0078428 0.0128025 0.0193827 0.0275534 0.0370516 0.0472272 0.0570158 0.0652011 0.0708554 0.0736296 0.0737103 0.0715712 0.0677485 0.0627372 0.0569596 0.0507539 0.0443732 0.0380001 0.031772 0.0258083 0.020234 0.0151894 0.0108198 0.00724419 0.00451625
 0.00782364 0.0127667 0.0193203 0.0274525 0.0369012 0.0470227 0.0567628 0.0649179 0.0705698 0.0733736 0.0735141 0.0714571 0.0677281 0.0628087 0.057109 0.0509593 0.0446101 0.0382466 0.0320108 0.0260274 0.0204249 0.0153468 0.0109413 0.00733125 0.00457345
 0.00780512 0.0127374 0.0192772 0.0273926 0.0368207 0.0469167 0.0566268 0.0647497 0.070373 0.0731605 0.0733054 0.071279 0.0676062 0.0627617 0.0571443 0.0510712 0.0447823 0.0384564 0.0322345 0.0262443 0.0206198 0.0155098 0.0110683 0.00742287 0.00463416
 0.00777509 0.0126862 0.0191961 0.0272728 0.0366565 0.0467091 0.0563868 0.0644969 0.0701307 0.0729487 0.0731375 0.0711627 0.0675466 0.0627642 0.0572133 0.0512067 0.044977 0.0386947 0.032495 0.0265037 0.0208573 0.0157109 0.0112257 0.00753645 0.00470941
 0.00773357 0.0126191 0.019096 0.0271329 0.0364722 0.0464803 0.0561201 0.064208 0.069843 0.0726892 0.0729317 0.0710291 0.0674945 0.0627934 0.0573173 0.051376 0.0452001 0.0389576 0.0327798 0.0267895 0.0211232 0.0159396 0.0114072 0.0076688 0.00479766
 0.00933116 0.0148538 0.0217897 0.0298961 0.0388174 0.0480027 0.0566403 0.0637985 0.0687452 0.0711913 0.0712794 0.0693929 0.0659769 0.0614488 0.0561691 0.0504282 0.0444447 0.0383793 0.0323581 0.0265001 0.0209389 0.0158325 0.0113518 0.00764424 0.00478919
 0.00931269 0.0151204 0.0227134 0.0319385 0.042328 0.0529472 0.0624286 0.0693809 0.0729853 0.0733143 0.0711278 0.0673681 0.0627622 0.0577183 0.0524208 0.0469563 0.0413888 0.0357864 0.0302277 0.0248071 0.0196438 0.0148853 0.0106946 0.00721529 0.00452808
 0.00896459 0.0145741 0.0219497 0.0310099 0.0414119 0.0523816 0.0626708 0.070844 0.07579 0.0771057 0.0751195 0.0706403 0.0646452 0.0580245 0.0514135 0.0451333 0.0392483 0.0336914 0.028382 0.023293 0.0184704 0.0140233 0.0100962 0.0068254 0.0042914
 0.00880774 0.0143049 0.0215192 0.0303671 0.0405236 0.0512674 0.0614464 0.0697494 0.0751678 0.0773052 0.0763398 0.0727843 0.067288 0.0605524 0.0532721 0.0460394 0.0392461 0.0330511 0.0274361 0.0223119 0.0176155 0.0133593 0.00962476 0.0065164 0.00410431
 0.00872737 0.0141707 0.0213096 0.0300569 0.0400858 0.0506794 0.0607017 0.0688757 0.0742487 0.0764944 0.0758513 0.0728369 0.0680087 0.0618824 0.0549451 0.0476689 0.0404828 0.0337177 0.0275614 0.0220648 0.0171997 0.0129338 0.00927628 0.00627024 0.00394969
 0.00870488 0.0141318 0.0212464 0.0299589 0.0399408 0.0504735 0.0604217 0.0685115 0.0737987 0.0759766 0.0753179 0.0723853 0.0677713 0.0619848 0.055441 0.0484888 0.0414403 0.0345815 0.0281549 0.0223301 0.0171934 0.0127711 0.00906802 0.00608733 0.00381937
 0.00868734 0.0141 0.0211923 0.0298732 0.0398146 0.0503019 0.060206 0.0682585 0.0735181 0.0756775 0.0750103 0.0720872 0.0675202 0.0618411 0.0554749 0.0487465 0.0419073 0.03517 0.0287327 0.0227776 0.0174525 0.0128562 0.00903924 0.0060115 0.00374328
 0.00870321 0.0141272 0.0212353 0.0299355 0.0398956 0.0503937 0.0602913 0.0683131 0.073517 0.0756033 0.0748581 0.0718666 0.0672542 0.0615666 0.0552409 0.0486065 0.0419009 0.0353012 0.0289602 0.0230292 0.0176573 0.0129752 0.00907413 0.00599133 0.00370202
 0.00869274 0.0141129 0.0212188 0.0299206 0.0398878 0.0503985 0.0603128 0.0683508 0.0735641 0.0756457 0.0748773 0.0718451 0.0671826 0.0614492 0.0550976 0.0484703 0.041809 0.0352818 0.029019 0.0231441 0.0177881 0.013083 0.00913829 0.0060131 0.00369657
 0.00866226 0.0140648 0.0211495 0.0298286 0.039775 0.0502721 0.0601856 0.0682405 0.0734886 0.0756174 0.0748972 0.0719023 0.0672572 0.0615195 0.0551485 0.0484995 0.041828 0.0353098 0.0290723 0.0232264 0.0178878 0.0131794 0.00921295 0.00605844 0.0037163
 0.00864044 0.014029 0.0210953 0.0297518 0.0396733 0.0501466 0.0600428 0.068093 0.0733537 0.075513 0.0748386 0.0718969 0.0673029 0.0616042 0.055254 0.0486075 0.0419269 0.0353977 0.0291547 0.0233099 0.0179733 0.0132608 0.00928126 0.0061072 0.00374508
 0.00864244 0.0140304 0.0210937 0.0297437 0.0396541 0.0501121 0.0599901 0.0680221 0.0732679 0.0754198 0.0747485 0.0718229 0.0672565 0.0615925 0.0552767 0.0486574 0.0419927 0.0354688 0.0292249 0.0233771 0.0180372 0.0133199 0.00933188 0.00614588 0.00377065
 0.00865171 0.0140461 0.0211182 0.029779 0.0397006 0.0501665 0.060045 0.0680663 0.0732894 0.0754097 0.074705 0.0717513 0.0671688 0.0615035 0.0552007 0.0486038 0.0419646 0.0354635 0.0292364 0.0233993 0.0180651 0.0133495 0.00935969 0.00616899 0.00378736
 0.00862541 0.0140077 0.0210686 0.0297222 0.039643 0.0501158 0.0600081 0.0680478 0.0732905 0.0754271 0.0747309 0.0717768 0.0671866 0.0615113 0.0552014 0.048604 0.041971 0.0354803 0.0292639 0.0234345 0.0181036 0.0133868 0.00939233 0.00619485 0.0038058
 0.00862136 0.013997 0.0210453 0.029679 0.0395744 0.0500219 0.0598978 0.0679377 0.0732001 0.0753717 0.0747171 0.0718007 0.0672371 0.0615748 0.0552663 0.0486636 0.042024 0.0355287 0.0293105 0.0234806 0.0181483 0.0134278 0.00942722 0.00622202 0.00382499
 0.00862136 0.013997 0.0210453 0.029679 0.0395744 0.0500219 0.0598978 0.0679377 0.0732001 0.0753717 0.0747171 0.0718007 0.0672371 0.0615748 0.0552663 0.0486636 0.042024 0.0355287 0.0293105 0.0234806 0.0181483 0.0134278 0.00942722 0.00622202 0.00382499
 0.00905199 0.0146783 0.0220318 0.0309986 0.0412111 0.0518954 0.0618504 0.0697475 0.0746285 0.0762299 0.0749157 0.071362 0.0662707 0.0602375 0.0537241 0.0470651 0.0404861 0.0341334 0.0281072 0.0224919 0.0173752 0.0128548 0.00902685 0.00596013 0.00366581
 0.00918593 0.0149364 0.0224936 0.031759 0.0423524 0.0534449 0.0637413 0.0718099 0.0766196 0.0778909 0.0760311 0.0718016 0.0660093 0.0593501 0.0523606 0.0454123 0.0387296 0.0324291 0.0265679 0.0211851 0.0163288 0.012065 0.0084672 0.00558986 0.00343861
#pred catch len freq
 0.00514318 0.00809075 0.0117067 0.0158605 0.0204628 0.0254532 0.0307241 0.0360773 0.041264 0.0460564 0.0502906 0.0538734 0.0567741 0.0589991 0.0605488 0.0613759 0.0613724 0.0603915 0.0582836 0.0549241 0.0502355 0.0442301 0.0370962 0.029282 0.0214841
 0.00527341 0.00822041 0.0117557 0.0157182 0.020035 0.0247267 0.0298054 0.0351681 0.0405722 0.0456908 0.0502043 0.0538896 0.0566774 0.0586438 0.0599347 0.0606611 0.0608182 0.0602568 0.0587131 0.0558819 0.0515187 0.0455586 0.0382266 0.0300868 0.0219625
 0.00572176 0.00888169 0.0126189 0.0167129 0.0210312 0.02555 0.0302708 0.0351341 0.040006 0.0447068 0.0490328 0.0527743 0.0557594 0.057912 0.0592773 0.0599794 0.0601214 0.0596752 0.0584245 0.0560012 0.0520237 0.0462965 0.0389918 0.0307146 0.0223818
 0.00602585 0.00937717 0.0133649 0.0177596 0.0224015 0.0272118 0.0321073 0.0369349 0.041497 0.0456222 0.0492049 0.0521996 0.0545983 0.0564138 0.0576711 0.0584031 0.0586306 0.0583086 0.0572543 0.0551222 0.0514947 0.0460916 0.0390064 0.0308191 0.0224795
 0.00629506 0.00979778 0.0139697 0.0185773 0.023463 0.0285525 0.033755 0.0388779 0.0436434 0.0477733 0.0510703 0.0534651 0.0550285 0.0559373 0.0563997 0.0565739 0.056512 0.0561297 0.0551876 0.0532968 0.0500014 0.0449694 0.0382321 0.0303208 0.0221705
 0.00658161 0.0102412 0.0145965 0.0194008 0.0244875 0.0297789 0.0351832 0.0405045 0.0454535 0.0497223 0.0530575 0.0553114 0.0564838 0.0567355 0.0563461 0.0556215 0.0547815 0.0538649 0.0526784 0.0508122 0.047751 0.0430878 0.0367749 0.0292735 0.02147
 0.00694285 0.0107936 0.015364 0.0203859 0.0256763 0.0311499 0.0367102 0.0421551 0.0471866 0.0514894 0.0548009 0.0569549 0.0579161 0.057798 0.0568468 0.0553841 0.0537152 0.0520174 0.0502397 0.0480665 0.0450039 0.0405986 0.034714 0.0277092 0.0203809
 0.00737561 0.0114534 0.0162763 0.0215475 0.0270614 0.0327191 0.0384152 0.0439377 0.0489795 0.0532214 0.0564045 0.0583699 0.0590839 0.058649 0.0572856 0.0552889 0.0529653 0.0505464 0.0480902 0.0454127 0.0421224 0.0377989 0.0322591 0.0257594 0.0189768
 0.00785165 0.0121854 0.0173006 0.0228718 0.0286674 0.0345674 0.0404444 0.0460617 0.0510904 0.055202 0.058145 0.0597817 0.060106 0.0592435 0.0574235 0.0549319 0.0520587 0.0490375 0.0459721 0.0427726 0.0391616 0.0348019 0.0295204 0.0235015 0.0172994
 0.00822245 0.0127691 0.0181443 0.0240087 0.0301144 0.0363193 0.0424643 0.0482721 0.0533747 0.0574172 0.060141 0.0614223 0.0612863 0.0598993 0.0575286 0.0544833 0.0510579 0.047484 0.0438797 0.0402069 0.0362738 0.0318295 0.0267397 0.0211503 0.0155106
 0.00859818 0.0133462 0.0189519 0.0250573 0.0314023 0.0378409 0.0442089 0.0502128 0.055453 0.0595344 0.0621615 0.0631909 0.0626541 0.0607493 0.057791 0.0541347 0.0501093 0.0459664 0.041842 0.0377315 0.0335016 0.0289686 0.0240381 0.0188344 0.0137208
 0.00894446 0.0138774 0.019693 0.0260128 0.0325603 0.0391791 0.0456978 0.0518148 0.0571214 0.0612131 0.0637832 0.0646721 0.0638942 0.0616383 0.0582266 0.0540409 0.0494486 0.0447422 0.0400976 0.0355538 0.0310297 0.0263952 0.0215872 0.0167129 0.0120632
 0.00929194 0.0144141 0.0204487 0.0269972 0.0337641 0.0405757 0.0472413 0.0534387 0.0587436 0.0627477 0.0651535 0.0658173 0.0647674 0.0621986 0.0584307 0.0538425 0.0488058 0.0436323 0.0385335 0.0335976 0.0288012 0.0240679 0.0193636 0.0147801 0.0105449
 0.00971226 0.0150567 0.0213407 0.028139 0.0351338 0.0421357 0.0489392 0.0552026 0.0604803 0.0643492 0.066512 0.066843 0.0654025 0.0624217 0.0582486 0.0532743 0.0478686 0.0423383 0.036902 0.0316755 0.0266813 0.0218924 0.0173044 0.0129984 0.00914727
 0.0100788 0.0156189 0.0221246 0.0291483 0.0363529 0.0435345 0.0504736 0.0568106 0.0620813 0.0658484 0.0678101 0.0678474 0.0660394 0.0626465 0.0580514 0.0526751 0.046906 0.041057 0.0353485 0.0299068 0.0247794 0.0199726 0.0155047 0.0114489 0.00793421
 0.0102563 0.0159052 0.0225514 0.0297443 0.0371393 0.0445179 0.0516367 0.0581073 0.0634397 0.067181 0.0690245 0.0688561 0.0667673 0.0630374 0.0580733 0.0523233 0.0462005 0.0400376 0.0340688 0.028433 0.0231947 0.0183796 0.0140175 0.0101719 0.00693551
 0.0102523 0.0159162 0.022602 0.0298717 0.0373891 0.044934 0.0522494 0.0589224 0.0644314 0.0682906 0.0701653 0.0699263 0.067667 0.0636839 0.0584108 0.0523249 0.0458669 0.0393933 0.0331591 0.0273218 0.0219634 0.0171237 0.0128377 0.00915646 0.00614042
 0.0104259 0.0161546 0.0228809 0.0301454 0.0376088 0.0450751 0.052331 0.0590059 0.0645963 0.0686011 0.0706441 0.0705452 0.0683543 0.0643436 0.0589445 0.0526516 0.0459347 0.0391842 0.0326882 0.0266337 0.0211269 0.016225 0.0119676 0.0083942 0.00553728
 0.010611 0.0164381 0.0232732 0.0306392 0.0381753 0.0456627 0.0528701 0.0594247 0.0648471 0.0686848 0.0706144 0.0704848 0.0683358 0.064397 0.0590477 0.0527439 0.0459432 0.0390486 0.0323776 0.0261532 0.0205158 0.0155475 0.0112985 0.00780098 0.00506471
 0.0105843 0.0164112 0.0232636 0.0306748 0.0382883 0.0458784 0.0531945 0.0598354 0.0652935 0.0690989 0.070933 0.070674 0.0684048 0.0643908 0.0590195 0.0527245 0.0459256 0.0389957 0.0322442 0.0259104 0.0201653 0.0151225 0.010852 0.00738819 0.00472654
 0.0105896 0.0164074 0.0232365 0.030607 0.0381687 0.0457144 0.0530194 0.0597035 0.0652605 0.0691977 0.071157 0.0709793 0.0687296 0.0646815 0.0592491 0.0528929 0.0460443 0.039069 0.0322617 0.0258544 0.0200264 0.0149112 0.010599 0.00713384 0.00450608
 0.0107554 0.0166438 0.0235299 0.0309215 0.0384533 0.0459171 0.0531022 0.0596535 0.0650957 0.0689655 0.0709218 0.0708011 0.0686419 0.0646811 0.0593044 0.052964 0.0461001 0.0390929 0.0322461 0.0257945 0.0199198 0.0147627 0.0104244 0.00695697 0.00435025
 0.0108048 0.0167256 0.0236546 0.0310972 0.0386801 0.0461811 0.053371 0.0598797 0.0652303 0.0689757 0.0708065 0.0705937 0.068399 0.0644611 0.0591469 0.0528786 0.0460705 0.0390897 0.0322411 0.0257679 0.0198623 0.0146751 0.0103163 0.00684354 0.00424746
 0.0106289 0.016472 0.0233338 0.0307414 0.0383368 0.0458999 0.0531913 0.0598219 0.0652915 0.0691299 0.0710113 0.0708041 0.0685842 0.0646144 0.0592826 0.0530182 0.046227 0.0392598 0.0324073 0.0259081 0.0199597 0.0147238 0.0103218 0.00681967 0.00421038
 0.0105483 0.0163404 0.0231358 0.0304654 0.0379811 0.045481 0.0527491 0.0594167 0.0649892 0.0689811 0.0710343 0.0709803 0.0688671 0.0649479 0.0596195 0.0533315 0.0465092 0.0395131 0.0326328 0.0261011 0.0201118 0.014829 0.0103815 0.00684279 0.00421016
 0.0105778 0.0163756 0.0231644 0.0304662 0.0379271 0.0453465 0.052519 0.0590949 0.0646043 0.0685859 0.0706954 0.0707595 0.0688005 0.0650348 0.059826 0.0536068 0.0468052 0.0397959 0.0328844 0.0263134 0.0202809 0.0149535 0.0104634 0.00688861 0.00422998
 0.0105897 0.0163951 0.0231933 0.0305041 0.0379691 0.0453801 0.052523 0.059043 0.0644739 0.0683697 0.0704107 0.0704488 0.0685219 0.0648437 0.0597564 0.0536614 0.046958 0.0400058 0.0331103 0.0265242 0.0204585 0.0150901 0.0105588 0.00694824 0.00426234
 0.0105319 0.0163205 0.0231166 0.0304506 0.0379668 0.0454475 0.0526587 0.0592222 0.0646543 0.0685033 0.0704577 0.07039 0.0683664 0.0646278 0.0595331 0.0534825 0.0468566 0.0399885 0.0331604 0.0266134 0.0205582 0.01518 0.0106283 0.00699503 0.00428978
