SBPRF35
7.78865
Curr Bio
671747
B35
723622
F35
0.231338
FOFL
0.207782
OFL
101234
Bzero
2.22533e+006
#pred survey bio
 4.37231e+006 4.12802e+006 3.89616e+006 3.62457e+006 3.32395e+006 3.00309e+006 2.7186e+006 2.42375e+006 2.15164e+006 1.8762e+006 1.67817e+006 1.46649e+006 1.31254e+006 1.15523e+006 1.01025e+006 905840 824449 744350 714334 676140 656578 644037 616225 602268 580412 573562 572172 575046 573306 564193 564077 545642 537580 538413 531532 527152 515446 506503 498340 509556 515721 528497 547335 563806 569298 578395 590523 599296 604494 629088 655416 667812 2.27324e+007 1.41617e+007 1.46987e+007 1.52304e+007 1.5715e+007 1.61259e+007 1.64578e+007 1.67172e+007 1.69159e+007 1.70661e+007 1.71788e+007 1.72631e+007 1.73263e+007 1.73736e+007 1.74093e+007 1.74361e+007 1.74565e+007 1.7472e+007 1.74838e+007 1.74929e+007 1.74998e+007 1.75051e+007 1.75092e+007 1.75124e+007 1.75148e+007 1.75167e+007 1.75181e+007 1.75192e+007 1.75201e+007 1.75207e+007 1.75213e+007 1.75217e+007 1.7522e+007 1.75222e+007 1.75224e+007 1.75225e+007 1.75226e+007 1.75227e+007 1.75228e+007 1.75228e+007 1.75229e+007 1.75229e+007 1.75229e+007 1.7523e+007 1.7523e+007 1.7523e+007 1.7523e+007 1.7523e+007 1.7523e+007 1.7523e+007 1.7523e+007 1.7523e+007 1.7523e+007 1.7523e+007 1.7523e+007 1.7523e+007 1.7523e+007 1.7523e+007 1.7523e+007 1.7523e+007 1.7523e+007 1.7523e+007 1.7523e+007 1.7523e+007 1.7523e+007 1.7523e+007 1.7523e+007 1.7523e+007 1.7523e+007 1.7523e+007 1.7523e+007 1.7523e+007 1.7523e+007 1.7523e+007 1.7523e+007 1.7523e+007 1.7523e+007 1.7523e+007 1.7523e+007 1.7523e+007 1.7523e+007 1.7523e+007 1.7523e+007 1.7523e+007 1.7523e+007 1.7523e+007 1.7523e+007 1.7523e+007 1.7523e+007 1.7523e+007 1.7523e+007 1.7523e+007 1.7523e+007 1.7523e+007 1.7523e+007 1.7523e+007 1.7523e+007 1.7523e+007 1.7523e+007 1.7523e+007 0 0 0 0 0 0 0 0 0 0 0 0 0 0 0 0 0 0 0 0 0 0 0 0 0
#obs survey bio
 2.48463e+006 4.01371e+006 3.71951e+006 2.07955e+006 2.59626e+006 3.04796e+006 1.88803e+006 2.11831e+006 1.97258e+006 1.50799e+006 1.66253e+006 1.22851e+006 1.47758e+006 931013 795354 898623 714765 812671 732950 578937 841196 573500 528395 591064 449600 655344 485156 484587 493828 476517 590021 484648 620456 561994 678437 586302 421884 696590 599396 415502 536104 615121 514309 679576 554588 510757 571591 612853 592388 433950 775283 799766
#pred catch bio
 88452.6 92677.1 153174 209312 260558 259709 298622 303459 327355 274778 299420 257090 265979 258724 225199 204753 199696 152298 154816 134220 124628 134275 119668 124340 110538 105566 101540 104533 108712 98658.8 111141 98923.1 88788.3 92589.7 87217.9 92021.4 91730.7 94234 80494.1 87114.4 83146.8 79853 83582.6 93910.9 92003.8 91209.5 95967.1 101075 88414.1 93078.3 111617 141828 101234 115142 118692 122101 125175 127692 129612 131007 131985 132653 133100 133393 133584 133707 133785 133834 133865 133885 133897 133905 133909 133912 133914 133915 133916 133916 133917 133917 133917 133917 133917 133917 133917 133917 133917 133917 133917 133917 133917 133917 133917 133917 133917 133917 133917 133917 133917 133917 133917 133917 133917 133917 133917 133917 133917 133917 133917 133917 133917 133917 133917 133917 133917 133917 133917 133917 133917 133917 133917 133917 133917 133917 133917 133917 133917 133917 133917 133917 133917 133917 133917 133917 133917 133917 133917 133917 133917 133917 133917 133917 133917 133917 133917 133917 133917 133917 133917 133917 133917 133917 0 0 0 0 0 0 0 0 0 0 0 0 0 0 0 0 0 0 0 0 0 0 0 0 0
#obs catch bio
 0 92425.4 153777 210854 263877 262564 304586 309262 334771 279249 306513 261575 269990 264163 230630 210112 205070 154321 157381 135660 124787 134980 120275 125001 111424 106714 102292 105520 109752 99270.1 111838 99611.2 88919.4 93040.1 87344.1 92113.8 91744.8 93891.1 79601.9 86964.2 82820.3 79433.6 83306.6 93235.7 91450.3 90843.8 95421.4 100752 87883.2 92915.3 111124 142119
#pred cpue bio
 4.28481e+006 4.04307e+006 3.81313e+006 3.54226e+006 3.24309e+006 2.92419e+006 2.64146e+006 2.34916e+006 2.08001e+006 1.80812e+006 1.61239e+006 1.4039e+006 1.25229e+006 1.09777e+006 955373 852951 773949 697127 668972 633112 615125 603731 577252 563994 543002 536275 535040 538072 536777 528536 529064 511963 504800 506250 500349 496894 485329 475173 466116 476532 482362 494619 512708 528545 533754 542225 553588 561706 566190 588972 612974 623255 2.11583e+007 1.31931e+007 1.37097e+007 1.4221e+007 1.46974e+007 1.51062e+007 1.54376e+007 1.56971e+007 1.58957e+007 1.60459e+007 1.61586e+007 1.62429e+007 1.63061e+007 1.63534e+007 1.6389e+007 1.64159e+007 1.64363e+007 1.64518e+007 1.64636e+007 1.64727e+007 1.64796e+007 1.64849e+007 1.6489e+007 1.64922e+007 1.64946e+007 1.64965e+007 1.64979e+007 1.6499e+007 1.64999e+007 1.65005e+007 1.65011e+007 1.65015e+007 1.65018e+007 1.6502e+007 1.65022e+007 1.65023e+007 1.65024e+007 1.65025e+007 1.65026e+007 1.65026e+007 1.65027e+007 1.65027e+007 1.65027e+007 1.65028e+007 1.65028e+007 1.65028e+007 1.65028e+007 1.65028e+007 1.65028e+007 1.65028e+007 1.65028e+007 1.65028e+007 1.65028e+007 1.65028e+007 1.65028e+007 1.65028e+007 1.65028e+007 1.65028e+007 1.65028e+007 1.65028e+007 1.65028e+007 1.65028e+007 1.65028e+007 1.65028e+007 1.65028e+007 1.65028e+007 1.65028e+007 1.65028e+007 1.65028e+007 1.65028e+007 1.65028e+007 1.65028e+007 1.65028e+007 1.65028e+007 1.65028e+007 1.65028e+007 1.65028e+007 1.65028e+007 1.65028e+007 1.65028e+007 1.65028e+007 1.65028e+007 1.65028e+007 1.65028e+007 1.65028e+007 1.65028e+007 1.65028e+007 1.65028e+007 1.65028e+007 1.65028e+007 1.65028e+007 1.65028e+007 1.65028e+007 1.65028e+007 1.65028e+007 1.65028e+007 1.65028e+007 1.65028e+007 1.65028e+007 1.65028e+007 0 0 0 0 0 0 0 0 0 0 0 0 0 0 0 0 0 0 0 0 0 0 0 0 0
#obs cpue bio
 3.78029e+006 4.59214e+006 2.50673e+006 2.86032e+006 2.62426e+006 2.47107e+006 1.98753e+006 2.55411e+006 2.21903e+006 1.90489e+006 1.2645e+006 1.46764e+006 1.35445e+006 824130 669680 531074 737690 645788 550445 718476 755929 591760 518133 613423 453688 338179 659941 508440 603048 554789 617216 428841 547215 417146 429324 509094 613467 528996 637985 359495 550286 495219 493257 721737 513002 548910 721188 531226 650163 612676 671514 395477
#pred surv len freq
 0.00472281 0.00760788 0.0113454 0.0159018 0.0211917 0.0270176 0.033022 0.0387468 0.0437866 0.0479149 0.0511014 0.0534493 0.0551233 0.0562915 0.0570751 0.0575142 0.0575628 0.0571068 0.0559789 0.0539529 0.0507459 0.0460877 0.0398891 0.0324326 0.0244309
 0.00509069 0.00811599 0.0119493 0.0165192 0.0217439 0.0274854 0.0334733 0.0393045 0.0445446 0.0488525 0.0520545 0.054163 0.0553579 0.0559242 0.0561518 0.0562329 0.0562021 0.0559277 0.0551374 0.0534592 0.0504889 0.0459106 0.0396723 0.0321397 0.0240984
 0.00525299 0.00841708 0.0124649 0.017326 0.0228825 0.0289152 0.0350526 0.0408275 0.0458274 0.0498136 0.0527233 0.0546083 0.055593 0.0558717 0.0556945 0.0553106 0.0548796 0.0543877 0.0536049 0.0521079 0.0493865 0.0450286 0.038943 0.0315138 0.0235668
 0.00544621 0.0087185 0.0128997 0.0179219 0.0236785 0.0299649 0.0364078 0.0424984 0.0477379 0.0517854 0.0545165 0.0560023 0.0564557 0.0561681 0.0554428 0.054538 0.0536236 0.0527311 0.0516965 0.0501375 0.0475272 0.0433919 0.0375732 0.0304135 0.0227228
 0.00566074 0.00906442 0.0134149 0.0186394 0.0246218 0.0311409 0.0378028 0.0440804 0.0494635 0.0535989 0.056334 0.0576926 0.0578447 0.0570763 0.0557359 0.0541583 0.0525898 0.0511249 0.049654 0.0478407 0.045182 0.0411906 0.0356597 0.0288671 0.0215619
 0.00591402 0.00946806 0.0140083 0.0194566 0.0256885 0.0324688 0.039379 0.0458596 0.0513682 0.0555305 0.0581876 0.059366 0.0592363 0.0580773 0.0562301 0.0540393 0.0517917 0.0496509 0.0475908 0.0453547 0.0424974 0.0385522 0.0332865 0.026911 0.0200867
 0.00609154 0.00976209 0.0144615 0.020114 0.0265909 0.0336411 0.0408176 0.0475245 0.0531866 0.0574069 0.0600161 0.0610399 0.0606545 0.0591464 0.0568613 0.0541463 0.0512979 0.0485119 0.0458254 0.0430695 0.0398875 0.0358712 0.0307922 0.0248062 0.0184772
 0.00629222 0.0100868 0.0149487 0.020802 0.027515 0.0348271 0.0422701 0.0492163 0.0550532 0.05935 0.0619145 0.0627656 0.0620895 0.0601938 0.0574467 0.0542113 0.0507937 0.0474047 0.0441181 0.0408318 0.0372773 0.0331247 0.0281779 0.0225569 0.0167321
 0.00654585 0.0104848 0.0155219 0.0215726 0.0284966 0.0360238 0.0436726 0.0507956 0.0567574 0.0611061 0.0636317 0.0643417 0.0634189 0.0611781 0.0580034 0.0542768 0.0503228 0.0463707 0.0425239 0.0387326 0.0348035 0.030485 0.0256257 0.0203278 0.01498
 0.00688355 0.0110205 0.0163035 0.0226353 0.0298571 0.037671 0.0455566 0.0528249 0.0588108 0.0630543 0.065359 0.0657563 0.064454 0.061787 0.0581535 0.0539449 0.0494924 0.0450351 0.0406966 0.0364684 0.0322205 0.0277716 0.0230162 0.0180468 0.01318
 0.00708182 0.0113431 0.0167902 0.0233252 0.030784 0.0388532 0.0469851 0.0544538 0.0605574 0.0648093 0.0670018 0.067173 0.0655516 0.0625007 0.0584455 0.0537957 0.0488921 0.043981 0.0392014 0.0345779 0.0300338 0.025449 0.0207605 0.0160569 0.011596
 0.00739861 0.0118431 0.0175155 0.024307 0.0320397 0.040381 0.0487543 0.0563962 0.0625674 0.0667547 0.0687409 0.0685741 0.0665114 0.0629572 0.0583805 0.053227 0.047858 0.0425277 0.0373802 0.0324557 0.0277113 0.0230714 0.0185049 0.0140952 0.0100469
 0.0076751 0.0122736 0.0181285 0.0251183 0.0330526 0.0415866 0.0501278 0.0578933 0.0641238 0.0682898 0.0701647 0.0697926 0.0674341 0.0635069 0.0585037 0.0529006 0.04709 0.0413515 0.0358495 0.0306452 0.025723 0.021038 0.0165801 0.0124235 0.00872719
 0.00802985 0.0128368 0.0189502 0.0262344 0.0344758 0.043295 0.0520521 0.0599154 0.0660928 0.0700526 0.0715936 0.0708006 0.0679763 0.0635731 0.0581085 0.052075 0.0458765 0.0398029 0.0340307 0.0286369 0.0236271 0.0189777 0.0146881 0.0108176 0.00748042
 0.00830612 0.0132924 0.0196481 0.027237 0.0358324 0.0450202 0.0541024 0.0621768 0.0683909 0.0721814 0.0733531 0.0720324 0.0685881 0.0635468 0.0574907 0.0509534 0.0443548 0.0379838 0.0320106 0.0265111 0.021497 0.0169538 0.0128811 0.00931832 0.0063372
 0.00834938 0.0133839 0.0198268 0.0275574 0.0363586 0.0458113 0.0551948 0.0635664 0.0700215 0.0739411 0.0750836 0.0735526 0.0697286 0.0641849 0.0575715 0.0504922 0.0434219 0.0366814 0.0304525 0.0248116 0.0197683 0.0153052 0.0114121 0.00810518 0.0054172
 0.0083224 0.0133496 0.0197947 0.0275478 0.0364039 0.0459563 0.0554926 0.0640693 0.0707646 0.0749237 0.076255 0.0748106 0.0709332 0.0651846 0.0582348 0.0507345 0.04322 0.0360717 0.0295169 0.0236585 0.0185159 0.0140683 0.0102908 0.00717218 0.00470816
 0.00846526 0.0135613 0.0200757 0.0278862 0.036781 0.0463553 0.0559051 0.064497 0.0712168 0.075412 0.0767854 0.0753741 0.0714981 0.0656935 0.0586117 0.0509011 0.0431169 0.0356767 0.0288531 0.0227903 0.0175356 0.0130777 0.00938272 0.00641425 0.00413309
 0.00839203 0.013443 0.0198989 0.0276387 0.0364544 0.0459499 0.055437 0.0640048 0.0707638 0.0750801 0.0766597 0.0755202 0.0719389 0.0663947 0.059483 0.0518143 0.0439352 0.0362859 0.0291866 0.0228402 0.0173472 0.0127323 0.0089725 0.00601962 0.00380702
 0.00843382 0.0135049 0.0199801 0.0277331 0.0365502 0.0460299 0.05548 0.0639893 0.0706746 0.0749175 0.0764473 0.075306 0.0717858 0.0663611 0.0596001 0.0520697 0.044272 0.0366194 0.0294321 0.0229406 0.0172894 0.0125458 0.00871385 0.00575006 0.00357338
 0.00851883 0.0136132 0.0200882 0.0278009 0.0365326 0.0458945 0.0552221 0.0636345 0.0702695 0.0745145 0.0760935 0.0750385 0.0716327 0.0663433 0.0597285 0.0523384 0.0446507 0.037052 0.0298473 0.0232713 0.0174935 0.0126177 0.00868108 0.00565758 0.0034652
 0.00854647 0.01366 0.02016 0.0278992 0.0366478 0.0459993 0.0552712 0.0635765 0.0700693 0.074175 0.075662 0.0745924 0.0712528 0.0660905 0.0596334 0.0524029 0.0448529 0.0373508 0.0301878 0.0235943 0.0177497 0.0127807 0.00875253 0.00566073 0.00343171
 0.00864121 0.0138139 0.0203913 0.0282241 0.0370761 0.0465268 0.0558704 0.0641901 0.0706134 0.0745547 0.075797 0.0744446 0.0708431 0.0654951 0.05896 0.0517581 0.0443151 0.0369579 0.0299378 0.0234565 0.0176805 0.0127396 0.00871359 0.00561545 0.00338392
 0.00876365 0.0139832 0.020592 0.0284258 0.0372449 0.0466426 0.0559389 0.0642399 0.0706791 0.0746549 0.07592 0.0745501 0.0708792 0.0654233 0.0587748 0.0514906 0.0440204 0.0366924 0.0297389 0.0233338 0.01762 0.012716 0.00870314 0.00560424 0.0033684
 0.0088885 0.0141905 0.0209098 0.0288764 0.037833 0.0473407 0.0566788 0.0649235 0.0712085 0.0749662 0.076001 0.0744299 0.0706027 0.0650289 0.0582893 0.0509388 0.0434362 0.0361208 0.0292265 0.0229146 0.0173062 0.012499 0.00856188 0.0055153 0.00331302
 0.00884111 0.0141219 0.0208235 0.0287849 0.0377589 0.0473147 0.0567338 0.0650831 0.071472 0.0753008 0.0763478 0.0747257 0.070803 0.0651187 0.0582774 0.0508441 0.0432795 0.0359236 0.0290136 0.022712 0.0171353 0.0123702 0.00847412 0.00546015 0.00328012
 0.00881526 0.0140724 0.0207359 0.028643 0.0375508 0.0470429 0.056423 0.0647811 0.0712399 0.0751945 0.0763984 0.074927 0.0711129 0.0654741 0.0586155 0.0511201 0.0434725 0.036034 0.0290555 0.0227068 0.0171051 0.0123335 0.00844236 0.00543746 0.00326587
 0.00867221 0.0138638 0.0204656 0.0283279 0.0372136 0.0467016 0.0560862 0.0644525 0.0709305 0.0749328 0.0762295 0.0748983 0.0712529 0.0657765 0.0590375 0.051596 0.0439353 0.0364334 0.0293662 0.0229268 0.0172481 0.0124195 0.00849074 0.00546336 0.00327919
 0.00854781 0.0136719 0.0201969 0.0279837 0.036808 0.0462629 0.0556555 0.0640766 0.0706489 0.0747652 0.0761743 0.0749428 0.0713868 0.0659969 0.0593419 0.05197 0.0443476 0.0368417 0.0297304 0.0232206 0.0174636 0.0125642 0.00858029 0.00551478 0.00330674
 0.00848461 0.0135738 0.0200582 0.0278018 0.0365845 0.0460039 0.0553736 0.0637923 0.0703898 0.0745611 0.076049 0.0749072 0.0714373 0.0661203 0.059523 0.0521963 0.044607 0.0371179 0.0300013 0.0234629 0.01766 0.0127081 0.00867568 0.00557219 0.00333824
 0.00834679 0.0133581 0.0197493 0.0273921 0.0360762 0.0454123 0.0547307 0.0631473 0.0698039 0.074097 0.075759 0.0748234 0.0715664 0.0664419 0.059995 0.0527649 0.0452175 0.0377222 0.0305613 0.0239506 0.0180577 0.0130101 0.00888778 0.00570928 0.00341947
 0.00834388 0.0133567 0.019753 0.0274048 0.0360992 0.0454407 0.0547507 0.0631386 0.0697458 0.0739772 0.0755808 0.0746074 0.0713462 0.0662557 0.059875 0.0527289 0.0452656 0.0378394 0.0307231 0.0241294 0.018229 0.013156 0.00899945 0.00578614 0.00346706
 0.00833568 0.0133295 0.019687 0.0272749 0.0358834 0.0451325 0.0543683 0.0627239 0.0693516 0.0736507 0.0753509 0.0744835 0.0713241 0.066326 0.0600275 0.0529532 0.0455485 0.0381623 0.031062 0.024458 0.0185232 0.0133988 0.00918339 0.00591359 0.00354744
 0.00811204 0.013002 0.01926 0.0267727 0.0353393 0.0445739 0.0538092 0.0621711 0.0688213 0.0731802 0.074997 0.0743046 0.0713572 0.0665728 0.060456 0.0535109 0.046178 0.0388115 0.0316876 0.0250258 0.0190087 0.0137877 0.00947337 0.00611332 0.00367364
 0.00806416 0.012907 0.0190871 0.0264876 0.0349184 0.0440228 0.0531736 0.0615289 0.0682546 0.072746 0.0747147 0.0741674 0.0713535 0.0666986 0.0607113 0.0538874 0.0466514 0.0393434 0.0322334 0.0255439 0.019466 0.0141632 0.0097592 0.00631392 0.0038026
 0.00869536 0.0137857 0.0201354 0.0275372 0.0357537 0.0444524 0.0530948 0.0609529 0.0672916 0.0715664 0.0735029 0.0730809 0.0704948 0.0661084 0.0603819 0.0537851 0.0467325 0.0395604 0.0325374 0.0258859 0.0198021 0.0144601 0.00999716 0.00648741 0.00391752
 0.00921024 0.0146223 0.0213839 0.0292551 0.0379225 0.046928 0.055582 0.0630479 0.0685999 0.0718444 0.0727442 0.0714991 0.0684256 0.0638929 0.0582855 0.0519684 0.0452631 0.0384417 0.0317351 0.0253475 0.0194683 0.0142723 0.00990423 0.00644925 0.00390653
 0.00910454 0.0145347 0.0214106 0.0295445 0.0386442 0.0482147 0.0574638 0.0654049 0.0711531 0.0741977 0.0744781 0.0722939 0.0681661 0.0626997 0.0564558 0.049862 0.0431941 0.0366196 0.0302592 0.0242327 0.0186781 0.0137466 0.00957697 0.00625955 0.00380474
 0.00912689 0.0145448 0.0213834 0.0294575 0.0385054 0.0480951 0.0575099 0.0658056 0.0720594 0.0756295 0.0762707 0.0741228 0.0696468 0.0635192 0.0564765 0.0491525 0.04198 0.0351865 0.0288596 0.0230322 0.0177483 0.0130866 0.00914465 0.0059978 0.00365848
 0.00899828 0.0143488 0.0211113 0.0291054 0.0380708 0.0475769 0.0569191 0.065189 0.0715223 0.0753333 0.0763863 0.0747491 0.0707372 0.0648676 0.0577835 0.050141 0.0424967 0.0352376 0.028574 0.0225848 0.0172896 0.0127074 0.00887561 0.00582962 0.00356471
 0.00897557 0.0143089 0.0210459 0.0290056 0.0379292 0.0473905 0.056691 0.0649276 0.0712414 0.0750579 0.0761631 0.0746518 0.0708476 0.0652337 0.0583742 0.050836 0.0431276 0.0356608 0.028729 0.0225058 0.0170703 0.0124489 0.00864915 0.00566576 0.0034628
 0.00897556 0.0142981 0.0210097 0.0289232 0.0377791 0.0471581 0.0563768 0.0645506 0.0708365 0.0746687 0.0758351 0.0744281 0.0707685 0.0653324 0.0586655 0.0512976 0.0436895 0.0362188 0.0291808 0.022791 0.0171884 0.0124457 0.008586 0.0055919 0.00340428
 0.00885794 0.0141258 0.0207845 0.0286571 0.0374876 0.0468518 0.0560575 0.0642148 0.070486 0.0743201 0.0755228 0.074197 0.0706624 0.0653831 0.0588859 0.0516776 0.0441931 0.0367838 0.0297297 0.0232525 0.0175199 0.0126442 0.00867963 0.00562112 0.00340401
 0.00883134 0.014073 0.0206885 0.0284985 0.0372527 0.0465425 0.055697 0.0638435 0.0701467 0.0740421 0.0753154 0.0740577 0.0705898 0.0653856 0.0589796 0.051876 0.0444949 0.0371659 0.0301484 0.0236538 0.0178561 0.0128888 0.00883244 0.00570149 0.00343832
 0.00891197 0.0141978 0.0208632 0.0287212 0.0375102 0.0468084 0.0559325 0.0640046 0.0701975 0.0739685 0.0751289 0.0737884 0.070274 0.0650583 0.0586731 0.0516215 0.0443192 0.0370839 0.0301558 0.0237264 0.0179586 0.0129874 0.00890615 0.00574499 0.00345766
 0.00892262 0.0142185 0.0209009 0.0287843 0.0376067 0.0469419 0.0560976 0.0641841 0.0703636 0.0740877 0.0751719 0.0737398 0.0701383 0.0648579 0.0584417 0.0513944 0.0441272 0.0369488 0.0300869 0.0237188 0.0179945 0.0130433 0.00896069 0.00578584 0.00348211
 0.00893443 0.0142321 0.0209112 0.0287845 0.0375915 0.0469117 0.0560619 0.0641592 0.0703654 0.0741235 0.0752349 0.07381 0.0701906 0.0648726 0.0584119 0.0513286 0.0440448 0.0368728 0.030036 0.023702 0.0180094 0.0130785 0.00900224 0.00582224 0.00350785
 0.00902166 0.0143615 0.0210824 0.0289881 0.0378101 0.0471237 0.0562449 0.064294 0.0704406 0.0741383 0.0751986 0.0737367 0.0700919 0.064753 0.058271 0.0511666 0.0438684 0.0366961 0.0298769 0.0235755 0.0179226 0.0130292 0.00898092 0.00581742 0.00350994
 0.00931575 0.0147926 0.0216437 0.0296418 0.0384971 0.0477797 0.0568133 0.0647309 0.0707144 0.0742314 0.0751099 0.0734838 0.0697085 0.0642818 0.0577549 0.0506418 0.0433626 0.0362302 0.0294676 0.0232353 0.0176582 0.012839 0.00885545 0.00574183 0.00346841
 0.00949582 0.0150665 0.0220194 0.0301102 0.0390299 0.0483296 0.0573176 0.0651214 0.0709357 0.0742588 0.0749582 0.0731979 0.0693444 0.0638887 0.0573665 0.0502771 0.0430304 0.0359342 0.02921 0.023019 0.0174857 0.0127105 0.00876751 0.00568716 0.00343779
 0.00959036 0.0152239 0.0222624 0.0304603 0.0395004 0.048915 0.057983 0.0658009 0.0715421 0.0747046 0.075178 0.0731663 0.0690804 0.0634476 0.0568211 0.0496977 0.042471 0.0354283 0.0287746 0.02266 0.0172027 0.012499 0.00861921 0.00559078 0.00338029
 0.00927841 0.0148158 0.0218314 0.0301362 0.0394344 0.0492228 0.0586956 0.0668489 0.0727781 0.0759447 0.0762447 0.0739209 0.0694454 0.0634158 0.0564498 0.0490871 0.0417357 0.0346716 0.0280723 0.0220574 0.0167189 0.0121342 0.00836156 0.00542125 0.00327719
#obs surv len freq
 nan nan nan nan nan nan nan nan nan nan nan nan nan nan nan nan nan nan nan nan nan nan nan nan nan
 0.00448048 0.00734018 0.011169 0.0159852 0.021687 0.0279646 0.0342812 0.0400146 0.0446957 0.0481602 0.0505182 0.0520137 0.0529055 0.0534174 0.0537312 0.0539858 0.0542642 0.0545568 0.0546954 0.0542872 0.0527252 0.0493573 0.0438069 0.0362868 0.0276703
 0.00461229 0.00755535 0.0114942 0.016445 0.022298 0.0287266 0.0351676 0.04097 0.0456427 0.0490142 0.051203 0.0524734 0.0531102 0.0533646 0.0534417 0.053496 0.0536172 0.0537953 0.0538586 0.0534119 0.0518501 0.0485253 0.0430624 0.0356675 0.0271969
 0.0047897 0.0078431 0.011926 0.0170517 0.0231016 0.0297307 0.0363472 0.0422669 0.0469711 0.0502745 0.0522965 0.0533138 0.0536322 0.0535298 0.0532421 0.0529529 0.0527748 0.0527123 0.052601 0.0520502 0.0504598 0.0471873 0.0418571 0.0346613 0.0264265
 0.0049739 0.00814945 0.0123997 0.0177387 0.0240389 0.0309308 0.0377833 0.0438683 0.0486339 0.0518818 0.0537361 0.0544881 0.0544612 0.0539533 0.0532235 0.052483 0.0518746 0.0514316 0.0510154 0.0502571 0.0485754 0.04534 0.0401745 0.0332474 0.02534
 0.00518046 0.00848591 0.0129078 0.0184592 0.0250056 0.0321601 0.0392615 0.045544 0.0504207 0.0536701 0.0554079 0.0559292 0.0555706 0.0546488 0.0534451 0.052195 0.0510692 0.0501341 0.0492889 0.0482062 0.0463436 0.0430992 0.0381006 0.0314872 0.023979
 0.0054177 0.00887215 0.0134901 0.0192815 0.0261005 0.033536 0.0408898 0.0473555 0.0523164 0.0555404 0.057148 0.0574441 0.056774 0.0554615 0.0537965 0.0520285 0.0503493 0.0488565 0.0474928 0.0459856 0.0438521 0.0405388 0.0356903 0.0294169 0.0223652
 0.00564749 0.00925239 0.0140746 0.0201244 0.0272452 0.0349976 0.0426382 0.0493099 0.0543586 0.0575393 0.0589826 0.0590155 0.0580052 0.0562916 0.0541726 0.0519014 0.0496764 0.0476132 0.0456918 0.0436993 0.0412261 0.0377863 0.0330577 0.0271278 0.0205647
 0.00590054 0.00966226 0.0146891 0.0209883 0.0283931 0.0364428 0.0443585 0.0512404 0.0563972 0.0595627 0.0608645 0.0606418 0.0592829 0.0571514 0.054565 0.0517887 0.0490267 0.0464034 0.0439246 0.0414286 0.0385813 0.0349747 0.0303337 0.0247333 0.0186646
 0.0061307 0.0100444 0.0152788 0.0218412 0.0295533 0.0379238 0.0461263 0.0532095 0.0584467 0.0615625 0.0626969 0.0622098 0.0605091 0.0579735 0.0549339 0.0516661 0.0483825 0.0452181 0.0422002 0.0392116 0.0359875 0.0321978 0.0276217 0.0223303 0.0167439
 0.00638066 0.0104511 0.0158916 0.0227073 0.0307095 0.0393832 0.0478633 0.055152 0.0604828 0.0635597 0.064524 0.063754 0.0616851 0.0587243 0.0552244 0.051474 0.0476912 0.0440166 0.040494 0.0370442 0.0334649 0.0294996 0.0249813 0.0199822 0.0148591
 0.00663024 0.0108614 0.0165173 0.023601 0.0319103 0.0408993 0.0496548 0.0571277 0.0625154 0.0655121 0.0662724 0.0651987 0.0627519 0.0593625 0.0554038 0.05118 0.0469191 0.0427689 0.0387864 0.034923 0.0310293 0.0269141 0.0224599 0.0177416 0.0130589
 0.00684837 0.0112196 0.0170634 0.0243821 0.0329643 0.0422403 0.051258 0.0589222 0.0643923 0.0673438 0.067934 0.0665832 0.0637785 0.0599782 0.0555797 0.0509049 0.0461932 0.0416013 0.0371995 0.0329662 0.0287971 0.0245555 0.0201661 0.0157055 0.0114226
 0.00704983 0.0115514 0.0175704 0.0251086 0.0339447 0.0434853 0.0527403 0.0605718 0.0661066 0.0690076 0.0694373 0.0678326 0.064701 0.0605228 0.0557164 0.0506225 0.0454944 0.0405001 0.0357238 0.0311677 0.0267655 0.0224257 0.0181068 0.0138846 0.00996269
 0.00727886 0.0119244 0.0181326 0.0259016 0.0349973 0.0447995 0.0542772 0.0622479 0.0678061 0.0706053 0.0708213 0.068917 0.0654295 0.0608659 0.0556658 0.0501841 0.044684 0.0393408 0.0342496 0.0294323 0.0248536 0.0204583 0.0162304 0.0122419 0.00865494
 0.0074368 0.0121884 0.0185435 0.0265016 0.035821 0.0458599 0.0555513 0.0636718 0.069284 0.0720282 0.0720852 0.0699357 0.0661401 0.0612305 0.0556697 0.0498313 0.0439916 0.0383352 0.0329675 0.0279272 0.0232036 0.0187702 0.0146293 0.0108472 0.00754909
 0.0075395 0.0123538 0.0187901 0.0268479 0.0362847 0.0464553 0.0562843 0.0645336 0.0702471 0.0730444 0.0730895 0.0708526 0.0668944 0.0617573 0.0559221 0.0497833 0.0436373 0.037687 0.0320547 0.0267981 0.0219296 0.0174455 0.013362 0.00973814 0.00666768
 0.00757008 0.0124038 0.0188665 0.026958 0.0364369 0.0466582 0.0565469 0.0648649 0.0706551 0.0735342 0.0736569 0.0714775 0.067536 0.0623557 0.0564078 0.0500902 0.0437148 0.0375081 0.0316198 0.0261362 0.021098 0.016526 0.0124491 0.00892077 0.00600874
 0.00767602 0.0125615 0.0190767 0.0272123 0.0367198 0.0469529 0.0568383 0.0651425 0.0709139 0.073776 0.07389 0.0717138 0.0677833 0.0626101 0.0566468 0.0502737 0.0437932 0.037435 0.0313664 0.0257016 0.0205133 0.0158509 0.0117604 0.00829364 0.00549782
 0.00774527 0.0126721 0.0192385 0.0274311 0.0369937 0.0472683 0.0571684 0.0654511 0.0711665 0.0739525 0.0739922 0.0717625 0.0678085 0.0626376 0.0566886 0.0503222 0.0438215 0.0374042 0.0312379 0.0254521 0.0201463 0.0153992 0.0112783 0.00784063 0.00512077
 0.00776604 0.0127053 0.0192879 0.0275001 0.037086 0.0473865 0.0573127 0.065617 0.071343 0.074123 0.0741389 0.0718727 0.0678804 0.0626806 0.056718 0.0503492 0.0438451 0.0374081 0.0311956 0.0253381 0.0199493 0.0151306 0.0109706 0.00753668 0.00485863
 0.00781829 0.0127798 0.0193806 0.0276013 0.037183 0.0474694 0.0573782 0.0656691 0.0713901 0.074173 0.0741953 0.0719329 0.0679369 0.0627258 0.056748 0.0503649 0.0438489 0.0373982 0.0311626 0.0252676 0.01983 0.0149634 0.0107717 0.00733321 0.00467781
 0.0078442 0.0128211 0.0194406 0.027681 0.0372795 0.0475738 0.0574758 0.0657429 0.0714271 0.0741717 0.0741667 0.0718956 0.0679087 0.0627157 0.0567551 0.0503821 0.0438671 0.0374088 0.031157 0.0252369 0.0197672 0.0148674 0.0106509 0.00720408 0.00455893
 0.00786064 0.0128442 0.0194689 0.0277112 0.0373079 0.0475982 0.0574963 0.0657605 0.071442 0.0741816 0.0741681 0.0718875 0.0678947 0.0627039 0.0567538 0.0503952 0.0438921 0.0374378 0.0311797 0.0252431 0.0197495 0.0148237 0.0105859 0.00712828 0.00448523
 0.00788885 0.0128843 0.0195186 0.0277643 0.0373558 0.0476326 0.0575113 0.0657545 0.0714178 0.0741456 0.0741282 0.0718505 0.0678649 0.0626833 0.0567434 0.0503959 0.0439037 0.0374575 0.0312014 0.0252587 0.0197513 0.0148078 0.0105535 0.0070856 0.00444086
 0.00790381 0.0129086 0.0195546 0.0278135 0.0374172 0.0477011 0.0575774 0.0658055 0.0714423 0.0741376 0.0740904 0.0717927 0.0678001 0.0626231 0.0566955 0.0503634 0.0438864 0.0374528 0.0312048 0.0252642 0.0197528 0.0148005 0.0105363 0.00706112 0.00441409
 0.00789686 0.0128965 0.0195353 0.027785 0.0373791 0.0476555 0.0575297 0.0657633 0.071412 0.074122 0.0740873 0.0717979 0.0678097 0.0626362 0.0567136 0.0503888 0.04392 0.0374931 0.0312482 0.0253056 0.0197868 0.0148233 0.0105466 0.00706067 0.00440676
 0.00787845 0.0128651 0.0194854 0.0277112 0.0372773 0.0475264 0.0573806 0.0656088 0.0712714 0.0740145 0.0740271 0.0717903 0.0678511 0.0627162 0.0568191 0.0505074 0.0440425 0.0376128 0.03136 0.0254048 0.0198694 0.0148863 0.0105896 0.0070858 0.00441846
 0.00788177 0.0128624 0.0194666 0.0276619 0.0371835 0.0473798 0.0571847 0.0653802 0.0710365 0.0738029 0.0738656 0.0716978 0.0678362 0.0627758 0.0569403 0.0506714 0.0442284 0.0378025 0.0315393 0.025564 0.0200022 0.01499 0.0106643 0.00713477 0.00444714
 0.00786995 0.0128458 0.0194457 0.0276375 0.0371542 0.0473401 0.0571244 0.0652879 0.0709057 0.0736389 0.0736868 0.071532 0.0677118 0.0627141 0.0569495 0.0507465 0.0443545 0.0379592 0.0317059 0.0257231 0.0201415 0.0151025 0.010748 0.00719181 0.00448235
 0.00784676 0.012808 0.0193892 0.0275591 0.0370535 0.0472211 0.0569958 0.0651611 0.0707909 0.0735403 0.0736034 0.0714618 0.0676572 0.062684 0.0569562 0.0507995 0.0444548 0.0380983 0.0318678 0.0258891 0.0202949 0.0152316 0.0108473 0.00726147 0.00452682
 0.0078328 0.0127829 0.0193468 0.0274928 0.0369572 0.0470929 0.0568407 0.0649915 0.0706245 0.0733959 0.0734951 0.0713961 0.0676333 0.0626968 0.0570009 0.0508739 0.0445587 0.0382296 0.0320196 0.0260495 0.0204492 0.0153667 0.010955 0.00733949 0.00457804
 0.00778052 0.0126995 0.0192244 0.0273253 0.0367426 0.0468348 0.0565513 0.064692 0.0703427 0.0731607 0.0733314 0.0713197 0.0676483 0.0627959 0.057168 0.051089 0.0448027 0.0384868 0.0322773 0.0262957 0.0206724 0.0155564 0.0111046 0.00744806 0.00464991
 0.0077773 0.0126878 0.0191951 0.027266 0.0366406 0.0466825 0.0563503 0.0644548 0.0700899 0.0729167 0.07312 0.0711616 0.0675591 0.0627838 0.0572324 0.0512207 0.044986 0.0387027 0.0325069 0.0265222 0.0208814 0.0157367 0.0112491 0.00755466 0.00472176
 0.0077292 0.0126121 0.0190856 0.0271181 0.036452 0.0464535 0.0560859 0.0641665 0.0697961 0.0726416 0.07289 0.0710005 0.0674841 0.0628026 0.0573428 0.0514114 0.0452388 0.038995 0.0328146 0.0268223 0.0211546 0.015969 0.0114328 0.00768899 0.00481188
 0.00933455 0.0148596 0.0217989 0.0299096 0.0388355 0.0480245 0.056663 0.0638179 0.068756 0.0711893 0.0712626 0.0693633 0.0659396 0.0614111 0.0561375 0.0504068 0.0444341 0.0383774 0.0323622 0.026508 0.0209491 0.0158441 0.0113634 0.00765458 0.00479726
 0.00931467 0.0151248 0.0227222 0.031954 0.0423525 0.0529815 0.0624711 0.0694274 0.0730295 0.0733494 0.0711479 0.0673694 0.0627442 0.0576841 0.0523764 0.0469089 0.041345 0.0357505 0.0302013 0.0247896 0.0196338 0.0148809 0.010694 0.00721683 0.00453034
 0.00895471 0.0145587 0.021928 0.030982 0.0413793 0.0523476 0.0626405 0.0708234 0.0757845 0.0771171 0.0751457 0.0706753 0.0646814 0.0580551 0.0514346 0.0451443 0.0392515 0.0336907 0.028381 0.0232938 0.0184735 0.0140283 0.0101021 0.00683094 0.00429595
 0.00878802 0.0142739 0.0214746 0.0303078 0.0404504 0.0511833 0.0613579 0.0696659 0.0751005 0.0772639 0.0763308 0.0728083 0.0673399 0.0606228 0.0533501 0.0461153 0.0393134 0.0331072 0.0274815 0.0223485 0.0176451 0.0133832 0.00964342 0.00653029 0.00411394
 0.00875026 0.0142036 0.021351 0.0301023 0.0401289 0.0507133 0.0607208 0.0688767 0.0742307 0.0764601 0.075806 0.0727882 0.0679645 0.0618486 0.0549243 0.0476597 0.0404815 0.03372 0.0275644 0.0220671 0.0172013 0.0129353 0.00927793 0.00627208 0.00395145
 0.00870532 0.0141361 0.021259 0.0299857 0.039986 0.050537 0.0604963 0.068584 0.0738541 0.0760036 0.0753125 0.0723512 0.0677179 0.0619232 0.0553813 0.048438 0.0414015 0.0345541 0.0281365 0.0223179 0.0171851 0.0127655 0.00906439 0.00608528 0.00381844
 0.00869281 0.0141103 0.0212104 0.0299033 0.039861 0.0503677 0.0602914 0.0683592 0.0736241 0.0757743 0.0750816 0.0721201 0.0675087 0.0617889 0.0553931 0.0486501 0.0418103 0.0350827 0.0286602 0.0227211 0.0174105 0.0128262 0.00901869 0.00599819 0.00373523
 0.008685 0.0140984 0.0211936 0.0298801 0.0398283 0.05032 0.0602212 0.06826 0.0734941 0.0756187 0.0749114 0.071948 0.0673472 0.0616536 0.0553085 0.0486491 0.0419203 0.0353041 0.0289545 0.0230211 0.0176503 0.0129702 0.0090712 0.00598982 0.00370135
 0.00866747 0.0140715 0.0211563 0.0298325 0.0397721 0.0502578 0.0601562 0.0681945 0.0734288 0.075552 0.0748404 0.071871 0.0672668 0.0615768 0.0552479 0.0486217 0.0419449 0.0353931 0.029104 0.0232061 0.0178323 0.0131139 0.00915942 0.00602708 0.00370532
 0.00865717 0.014055 0.021132 0.0297994 0.0397298 0.0502075 0.0601008 0.0681386 0.0733771 0.0755076 0.0748037 0.0718398 0.067237 0.0615462 0.0552181 0.0486 0.0419427 0.0354224 0.0291708 0.0233051 0.0179462 0.0132202 0.00924018 0.00607579 0.00372681
 0.00864624 0.0140367 0.0211034 0.0297576 0.0396731 0.0501363 0.0600189 0.068053 0.0732971 0.0754421 0.0747588 0.0718176 0.0672355 0.0615603 0.055242 0.0486298 0.0419786 0.0354682 0.0292313 0.0233811 0.0180322 0.013305 0.0093117 0.00612667 0.00375669
 0.00863367 0.0140189 0.0210813 0.0297335 0.0396492 0.0501138 0.0599964 0.0680279 0.0732668 0.0754063 0.0747205 0.0717818 0.0672077 0.0615442 0.0552385 0.0486376 0.041996 0.0354945 0.029267 0.0234266 0.0180855 0.0133605 0.00936231 0.0061664 0.00378321
 0.00863688 0.0140214 0.0210802 0.0297249 0.0396298 0.0500827 0.059957 0.0679864 0.0732298 0.0753776 0.0747 0.071767 0.0671964 0.061536 0.0552347 0.0486403 0.0420063 0.0355128 0.0292931 0.0234597 0.0181236 0.0134006 0.00939991 0.00619747 0.00380556
 0.00862786 0.0140088 0.0210649 0.0297086 0.039614 0.0500674 0.0599402 0.0679654 0.073203 0.0753468 0.0746696 0.0717426 0.0671815 0.0615313 0.055239 0.0486514 0.0420231 0.0355346 0.0293196 0.0234902 0.0181568 0.0134341 0.00943093 0.00622332 0.00382472
 0.00862341 0.0140028 0.0210582 0.0297029 0.0396115 0.0500701 0.0599491 0.0679794 0.0732191 0.07536 0.0746752 0.0717376 0.0671664 0.0615096 0.0552155 0.0486307 0.0420078 0.0355262 0.0293183 0.0234958 0.0181681 0.0134493 0.00944733 0.00623854 0.00383695
 0.00862341 0.0140028 0.0210582 0.0297029 0.0396115 0.0500701 0.0599491 0.0679794 0.0732191 0.07536 0.0746752 0.0717376 0.0671664 0.0615096 0.0552155 0.0486307 0.0420078 0.0355262 0.0293183 0.0234958 0.0181681 0.0134493 0.00944733 0.00623854 0.00383695
 0.00880582 0.0142881 0.0214655 0.0302391 0.0402665 0.0508116 0.0607184 0.0686958 0.0737945 0.0757218 0.0747835 0.071592 0.0668009 0.0609808 0.0545892 0.0479706 0.0413672 0.0349433 0.0288166 0.0230856 0.0178499 0.0132158 0.00928653 0.00613529 0.0037756
#pred catch len freq
 0.00349054 0.00556513 0.00820623 0.0113985 0.0151581 0.0195099 0.0244223 0.0297674 0.0353352 0.0408765 0.0461419 0.0509162 0.0550463 0.0584476 0.0610807 0.0629181 0.0639201 0.0640232 0.0631218 0.0610379 0.0575123 0.0522813 0.0452705 0.0368162 0.027736
 0.00378432 0.00597595 0.00870572 0.0119311 0.0156729 0.0200012 0.0249483 0.0304212 0.0361757 0.0418593 0.0470978 0.0515986 0.0552266 0.0580111 0.0600802 0.061563 0.0625065 0.06283 0.0623144 0.0606211 0.0573552 0.0522017 0.0451287 0.0365679 0.0274215
 0.0039464 0.00625835 0.00916117 0.0126086 0.0165938 0.0211317 0.0261899 0.0316396 0.0372614 0.0427758 0.0478733 0.0522583 0.0557203 0.058201 0.0598092 0.0607578 0.0612436 0.0613197 0.0608114 0.0593187 0.056324 0.0514014 0.0444744 0.0359976 0.0269226
 0.00414603 0.00656817 0.0096047 0.0132101 0.0173875 0.0221662 0.0275134 0.0332631 0.039116 0.0446981 0.0496427 0.0536712 0.05665 0.0586015 0.0596723 0.0600793 0.0600372 0.0596621 0.0588641 0.0572933 0.0544132 0.0497259 0.0430776 0.0348764 0.0260598
 0.00436864 0.00692024 0.0101169 0.0139064 0.0182849 0.0232748 0.0288362 0.0347965 0.0408466 0.0465901 0.0516122 0.0555671 0.0582648 0.0597199 0.060131 0.0598014 0.0590328 0.058014 0.0567192 0.0548535 0.051908 0.0473695 0.0410284 0.0332206 0.0248163
 0.00460738 0.00729609 0.0106613 0.0146452 0.0192396 0.0244616 0.0302607 0.0364435 0.0426738 0.048528 0.0535705 0.0574389 0.0599252 0.0610225 0.0609151 0.0599193 0.0583891 0.0565993 0.0546248 0.0522641 0.0490751 0.0445667 0.0384991 0.0311327 0.0232404
 0.00481655 0.00763167 0.0111594 0.0153398 0.0201612 0.0256327 0.0316876 0.0381077 0.044528 0.0504964 0.0555538 0.059322 0.0615862 0.0623397 0.0617685 0.060192 0.0579786 0.0554443 0.0527414 0.0497719 0.0461968 0.041592 0.0357226 0.0287854 0.0214437
 0.00503486 0.00797798 0.0116665 0.0160376 0.0210782 0.0267946 0.03311 0.0397845 0.0464196 0.0525246 0.0576053 0.0612615 0.0632755 0.0636528 0.062599 0.0604506 0.0575907 0.0543581 0.0509521 0.047356 0.0433339 0.0385527 0.0328145 0.0262759 0.0194933
 0.00532633 0.0084297 0.0123066 0.0168822 0.0221342 0.0280647 0.0345909 0.0414599 0.0482522 0.0544503 0.0595325 0.0630756 0.0648497 0.0648631 0.0633371 0.060631 0.057151 0.0532604 0.0491958 0.0450033 0.0405355 0.0355505 0.0299025 0.0237274 0.0174876
 0.00562746 0.00890286 0.0129892 0.0178006 0.0233034 0.0294857 0.0362443 0.0432998 0.0502054 0.0564225 0.0614178 0.0647658 0.0662415 0.0658636 0.0638676 0.0606285 0.0565691 0.0520734 0.0474092 0.0426754 0.0378006 0.0326253 0.0270572 0.0212223 0.0155015
 0.00589815 0.00933004 0.0136094 0.0186429 0.0243889 0.0308245 0.0378276 0.0450896 0.0521287 0.0583746 0.0632739 0.0663982 0.0675376 0.0667379 0.0642637 0.0605127 0.0559221 0.0508876 0.0456979 0.0404923 0.0352628 0.0299219 0.0244268 0.0188992 0.0136509
 0.00619576 0.00979545 0.0142772 0.0195375 0.0255262 0.0322125 0.03946 0.0469343 0.0541179 0.0604019 0.0652017 0.0680757 0.0688255 0.0675309 0.0645033 0.0601849 0.055045 0.0494973 0.0438444 0.03825 0.0327487 0.0273063 0.0219187 0.0167018 0.0119071
 0.0065364 0.0103197 0.0150123 0.0204924 0.0266955 0.0335815 0.0410047 0.0486162 0.0558783 0.0621607 0.0668598 0.0695215 0.0699457 0.0682256 0.0647005 0.0598505 0.0541837 0.0481464 0.0420669 0.0361346 0.0304167 0.0249159 0.0196523 0.0147317 0.0103507
 0.00694793 0.0109617 0.0159284 0.021706 0.0282074 0.0353666 0.0430047 0.0507346 0.0579865 0.0641153 0.0685243 0.0707836 0.0707267 0.0684829 0.0644243 0.0590582 0.0529144 0.0464577 0.040035 0.0338566 0.0280154 0.0225393 0.0174598 0.0128647 0.00889795
 0.00723505 0.0114255 0.0166221 0.02268 0.0295033 0.0370047 0.0449655 0.0529429 0.0603075 0.0663669 0.0705039 0.0723045 0.0716525 0.0687494 0.06404 0.0580866 0.0514492 0.0446036 0.0378991 0.0315509 0.0256628 0.0202746 0.0154187 0.0111595 0.00759118
 0.00731198 0.011564 0.0168578 0.0230607 0.0300865 0.0378482 0.046113 0.0544055 0.062046 0.0682804 0.0724327 0.074051 0.0730192 0.0695802 0.0642506 0.0576734 0.0504767 0.0431802 0.0361531 0.029616 0.0236733 0.0183627 0.0137059 0.00973949 0.00651128
 0.0073497 0.0116276 0.0169595 0.023218 0.0303248 0.0382024 0.0466253 0.0551172 0.0629836 0.069438 0.0737571 0.0754375 0.0743215 0.0706359 0.0649148 0.0578508 0.0501405 0.0423723 0.034969 0.0281832 0.0221316 0.0168484 0.0123378 0.00860383 0.00564964
 0.00737499 0.0116616 0.0169984 0.0232564 0.0303612 0.0382464 0.0467028 0.0552703 0.0632618 0.0698842 0.0743917 0.0762442 0.0752404 0.0715655 0.0657278 0.0584194 0.0503667 0.0422114 0.0344393 0.0273594 0.0211265 0.015789 0.0113415 0.00775829 0.00500083
 0.00733664 0.0115978 0.0168989 0.02311 0.030156 0.0379745 0.0463667 0.0548916 0.0628885 0.0695904 0.0742655 0.0763642 0.0756466 0.0722382 0.0665827 0.059324 0.0511719 0.0427887 0.0347115 0.0273161 0.0208197 0.0153132 0.0108044 0.00725347 0.00458899
 0.00731915 0.0115696 0.0168569 0.0230503 0.0300742 0.0378648 0.046223 0.0547096 0.0626698 0.069349 0.0740332 0.0761914 0.0755939 0.0723576 0.066894 0.0597978 0.0517295 0.0433222 0.0351166 0.0275242 0.0208166 0.0151372 0.0105267 0.00695111 0.00432141
 0.00736375 0.0116202 0.0168924 0.0230378 0.0299777 0.0376593 0.0459066 0.0543069 0.0622244 0.0689117 0.0736526 0.0759091 0.0754444 0.0723677 0.0670784 0.0601499 0.0522126 0.043868 0.0356381 0.0279399 0.0210757 0.0152332 0.0104933 0.00684338 0.00419309
 0.0074423 0.0117421 0.0170631 0.0232534 0.0302197 0.0378902 0.0460714 0.0543445 0.0620901 0.0685992 0.0732026 0.0753984 0.0749609 0.0719867 0.0668492 0.0600924 0.0523176 0.0440992 0.0359373 0.0282389 0.021315 0.0153789 0.0105442 0.00682408 0.00413851
 0.00749563 0.0118309 0.0172012 0.0234555 0.0304988 0.038252 0.046505 0.0548139 0.0625314 0.0689295 0.0733422 0.0752998 0.0746312 0.0714895 0.0662836 0.0595602 0.0518946 0.0438203 0.0357963 0.0281994 0.0213272 0.0153983 0.0105444 0.00679986 0.00409918
 0.00764644 0.0120457 0.017469 0.0237486 0.0307837 0.0385045 0.0467209 0.055007 0.0627197 0.069117 0.0735073 0.0753977 0.0746109 0.0713185 0.0659674 0.0591457 0.0514543 0.0434255 0.0354937 0.0280009 0.0212155 0.0153415 0.0105123 0.00677364 0.00407275
 0.00772205 0.0121739 0.0176701 0.0240409 0.0311743 0.0389785 0.0472357 0.0554992 0.0631254 0.0693946 0.0736472 0.0754127 0.0745175 0.0711235 0.065671 0.0587553 0.0509974 0.0429494 0.0350522 0.0276356 0.0209439 0.0151573 0.0103951 0.0067007 0.00402657
 0.00766371 0.012089 0.0175622 0.0239235 0.0310716 0.0389234 0.0472635 0.0556356 0.0633725 0.0697225 0.0739996 0.0757277 0.0747497 0.0712543 0.0657028 0.0586998 0.0508691 0.0427675 0.0348428 0.0274293 0.0207667 0.015023 0.0103038 0.00664359 0.00399255
 0.00761536 0.0120078 0.0174357 0.0237399 0.0308248 0.0386198 0.046929 0.0553172 0.0631307 0.0696145 0.0740597 0.0759523 0.0750962 0.0716551 0.0660885 0.0590189 0.051096 0.0429002 0.034896 0.0274265 0.0207336 0.0149814 0.0102674 0.00661744 0.0039761
 0.00749233 0.0118284 0.0172031 0.0234679 0.0305308 0.0383161 0.0466182 0.0549984 0.0628126 0.0693268 0.0738526 0.0758815 0.0751991 0.0719317 0.0664977 0.059492 0.0515604 0.0433003 0.0352034 0.0276387 0.0208658 0.015056 0.0103058 0.00663583 0.00398444
 0.00739681 0.0116818 0.0169993 0.023209 0.0302278 0.0379892 0.0462946 0.0547073 0.0625764 0.0691553 0.0737449 0.0758364 0.0752245 0.0720441 0.0667095 0.0597965 0.0519262 0.0436798 0.0355493 0.0279191 0.0210697 0.0151899 0.0103859 0.00667986 0.00400685
 0.00729122 0.0115204 0.0167753 0.0229229 0.0298869 0.0376067 0.0458909 0.0543112 0.0622244 0.0688856 0.0735878 0.0758057 0.0753151 0.0722378 0.0669843 0.0601323 0.0523031 0.0440734 0.0359294 0.0282556 0.021341 0.0153887 0.0105184 0.00676034 0.00405159
 0.00722019 0.0114078 0.0166111 0.0226988 0.0295978 0.0372518 0.0454774 0.0538575 0.0617622 0.0684578 0.0732435 0.0755903 0.0752597 0.0723503 0.0672477 0.0605111 0.0527535 0.0445513 0.0363955 0.0286771 0.021694 0.0156613 0.0107115 0.00688537 0.0041254
