SBPRF35
12.7214
Curr Bio
801013
B35
884987
F35
0.172029
FOFL
0.153124
OFL
99670
Bzero
3.63469e+006
#pred survey bio
 3.54243e+006 3.44492e+006 3.35042e+006 3.1913e+006 2.99839e+006 2.79289e+006 2.56677e+006 2.33557e+006 2.08944e+006 1.87457e+006 1.6575e+006 1.47202e+006 1.30082e+006 1.16202e+006 999951 858371 772993 708035 665321 637595 598277 571822 558787 554664 545222 546057 541669 554952 560054 568942 580789 593612 597439 603207 617902 627312 639520 655119 654371 662853 666026 675469 694580 696566 696551 696455 707318 712720 717711 727517 732277 743075 758160 773093 776792 790408 806925 2.79376e+007 1.67512e+007 1.70661e+007 1.79843e+007 1.93069e+007 2.07839e+007 2.22272e+007 2.35257e+007 2.46313e+007 2.55376e+007 2.62608e+007 2.68273e+007 2.72655e+007 2.76016e+007 2.78583e+007 2.80539e+007 2.8203e+007 2.83168e+007 2.8404e+007 2.84709e+007 2.85226e+007 2.85627e+007 2.8594e+007 2.86184e+007 2.86377e+007 2.86529e+007 2.86649e+007 2.86745e+007 2.86821e+007 2.86882e+007 2.86931e+007 2.8697e+007 2.87002e+007 2.87028e+007 2.87049e+007 2.87066e+007 2.8708e+007 2.87091e+007 2.871e+007 2.87108e+007 2.87114e+007 2.87119e+007 2.87123e+007 2.87126e+007 2.87129e+007 2.87131e+007 2.87133e+007 2.87134e+007 2.87135e+007 2.87136e+007 2.87137e+007 2.87138e+007 2.87138e+007 2.87139e+007 2.87139e+007 2.8714e+007 2.8714e+007 2.8714e+007 2.8714e+007 2.8714e+007 2.8714e+007 2.8714e+007 2.87141e+007 2.87141e+007 2.87141e+007 2.87141e+007 2.87141e+007 2.87141e+007 2.87141e+007 2.87141e+007 2.87141e+007 2.87141e+007 2.87141e+007 2.87141e+007 2.87141e+007 2.87141e+007 2.87141e+007 2.87141e+007 2.87141e+007 2.87141e+007 2.87141e+007 2.87141e+007 2.87141e+007 2.87141e+007 2.87141e+007 2.87141e+007 2.87141e+007 2.87141e+007 2.87141e+007 2.87141e+007 2.87141e+007 2.87141e+007 2.87141e+007 2.87141e+007 2.87141e+007 2.87141e+007 2.87141e+007 2.87141e+007 2.87141e+007 2.87141e+007 0 0 0 0 0 0 0 0 0 0 0 0 0 0 0 0 0 0 0 0 0 0 0 0 0
#obs survey bio
 3.01979e+006 3.22876e+006 2.80594e+006 3.99099e+006 4.22915e+006 2.29927e+006 2.69741e+006 2.20243e+006 1.57548e+006 1.11205e+006 1.74321e+006 1.84024e+006 963026 943810 977042 766534 720323 498087 760521 668018 704202 640265 417329 600259 514677 432862 441801 495935 397252 826657 717254 568242 629821 684766 512485 647479 522046 846813 783066 848354 532042 537143 600093 573040 668610 873049 866664 899496 570634 622145 615785 836741 1.04405e+006 687398 909168 831488 782135
#pred catch bio
 95869.4 96633.6 162570 203389 227609 261185 281455 310426 296421 310368 290707 283359 257393 276760 253955 200726 179871 157357 141264 146782 131090 116863 108491 112839 104481 109532 95735.1 103800 100552 97497.2 95926.8 102539 100035 92960.2 98752.1 97638.9 96202.8 110640 102802 107981 103703 97222.3 112733 113903 113126 103407 108084 108322 104590 109532 104834 101567 101913 111355 102666 100037 119346 99670 110718 111475 116153 124176 133443 142485 150516 157223 162587 166741 169880 172209 173912 175142 176023 176650 177093 177404 177623 177775 177882 177956 178007 178043 178067 178084 178096 178104 178110 178113 178116 178118 178119 178120 178121 178121 178121 178122 178122 178122 178122 178122 178122 178122 178122 178122 178122 178122 178122 178122 178122 178122 178122 178122 178122 178122 178122 178122 178122 178122 178122 178122 178122 178122 178122 178122 178122 178122 178122 178122 178122 178122 178122 178122 178122 178122 178122 178122 178122 178122 178122 178122 178122 178122 178122 178122 178122 178122 178122 178122 178122 178122 178122 178122 178122 178122 178122 178122 178122 0 0 0 0 0 0 0 0 0 0 0 0 0 0 0 0 0 0 0 0 0 0 0 0 0
#obs catch bio
 0 96303.4 163134 203734 227648 261800 281625 311063 297148 313085 292855 285235 259158 279449 256278 202204 181491 159482 141686 147935 131267 116784 108467 113126 104837 110619 96260.5 104948 101647 97876.1 95801.3 102210 99415 92320.6 98540.9 97677.4 96218.1 110733 102501 107528 103853 97271.5 112993 114156 113204 103127 107676 107899 104222 109186 104670 101243 101554 111402 102446 99655.9 119502
#pred cpue bio
 3.49186e+006 3.39591e+006 3.30222e+006 3.14337e+006 2.95091e+006 2.74582e+006 2.52022e+006 2.28966e+006 2.04444e+006 1.83029e+006 1.61443e+006 1.43034e+006 1.2608e+006 1.12347e+006 963872 824764 740898 677334 635903 609323 571499 546103 533520 529351 519932 520521 516104 528979 534097 543151 555296 568310 572329 578031 592260 601266 613086 628326 627687 636011 638976 647980 666609 668684 668861 668985 679788 685187 690096 699638 704222 714864 729918 744802 748518 761934 778525 2.69804e+007 1.61848e+007 1.63521e+007 1.71086e+007 1.83757e+007 1.98398e+007 2.12806e+007 2.25786e+007 2.36842e+007 2.45904e+007 2.53136e+007 2.58801e+007 2.63183e+007 2.66545e+007 2.69112e+007 2.71068e+007 2.72559e+007 2.73697e+007 2.74568e+007 2.75238e+007 2.75755e+007 2.76156e+007 2.76468e+007 2.76713e+007 2.76905e+007 2.77057e+007 2.77178e+007 2.77273e+007 2.77349e+007 2.7741e+007 2.7746e+007 2.77499e+007 2.77531e+007 2.77557e+007 2.77578e+007 2.77595e+007 2.77608e+007 2.7762e+007 2.77629e+007 2.77636e+007 2.77642e+007 2.77647e+007 2.77651e+007 2.77655e+007 2.77657e+007 2.7766e+007 2.77661e+007 2.77663e+007 2.77664e+007 2.77665e+007 2.77666e+007 2.77666e+007 2.77667e+007 2.77667e+007 2.77668e+007 2.77668e+007 2.77668e+007 2.77669e+007 2.77669e+007 2.77669e+007 2.77669e+007 2.77669e+007 2.77669e+007 2.77669e+007 2.77669e+007 2.77669e+007 2.77669e+007 2.77669e+007 2.77669e+007 2.77669e+007 2.77669e+007 2.77669e+007 2.77669e+007 2.77669e+007 2.77669e+007 2.77669e+007 2.77669e+007 2.77669e+007 2.77669e+007 2.77669e+007 2.77669e+007 2.77669e+007 2.77669e+007 2.77669e+007 2.77669e+007 2.77669e+007 2.77669e+007 2.77669e+007 2.77669e+007 2.77669e+007 2.77669e+007 2.77669e+007 2.77669e+007 2.77669e+007 2.77669e+007 2.77669e+007 2.77669e+007 2.77669e+007 2.77669e+007 2.77669e+007 0 0 0 0 0 0 0 0 0 0 0 0 0 0 0 0 0 0 0 0 0 0 0 0 0
#obs cpue bio
 3.14376e+006 3.30879e+006 3.37426e+006 2.92414e+006 2.33141e+006 2.64964e+006 2.80024e+006 2.37791e+006 2.14137e+006 2.02882e+006 1.44188e+006 1.20974e+006 1.34638e+006 1.31885e+006 914954 766334 672713 599765 836118 473567 611451 529976 656486 447633 432372 459308 575891 435503 598744 553285 632287 782021 729404 549278 567038 461812 683922 582758 597966 650451 492371 732898 830411 747151 811532 635337 709723 583702 827584 924921 716296 766121 552986 697184 725125 801574 659061
#pred surv len freq
 0.00496797 0.00803284 0.0120275 0.0169128 0.0225605 0.0286832 0.0348043 0.040368 0.0449485 0.0483927 0.0507976 0.0523825 0.0533732 0.0539483 0.05423 0.0542929 0.0541804 0.0539087 0.0534276 0.052538 0.0508262 0.047727 0.0427782 0.0359673 0.0279237
 0.00521545 0.00834408 0.0123319 0.0170999 0.0225241 0.0283833 0.0343066 0.0398261 0.0445313 0.0482006 0.0508216 0.052528 0.0535267 0.0540434 0.0542761 0.0543594 0.054349 0.0542182 0.0538392 0.0529399 0.0510803 0.0477352 0.0425305 0.0355428 0.0274463
 0.00533721 0.0085698 0.0127162 0.0176924 0.0233369 0.0293524 0.0352784 0.0405976 0.0449365 0.0481938 0.0504951 0.052049 0.0530419 0.05362 0.0539106 0.0540291 0.0540537 0.0539797 0.0536675 0.0528018 0.0509018 0.0474413 0.0420943 0.035006 0.0268971
 0.00550487 0.00883441 0.0131024 0.018225 0.0240433 0.0302593 0.036395 0.041886 0.046286 0.0494246 0.0514073 0.0524995 0.0530029 0.0531776 0.0532084 0.0532007 0.0531883 0.0531248 0.0528432 0.0520062 0.0501137 0.0466357 0.0412682 0.0341956 0.0261672
 0.00572987 0.0091901 0.0136188 0.0189235 0.0249336 0.0313362 0.0376352 0.0432474 0.0477103 0.0508358 0.0527038 0.0535509 0.0536693 0.0533536 0.0528679 0.0524085 0.0520697 0.051816 0.0514525 0.0506014 0.0487315 0.045301 0.0400141 0.0330714 0.0252277
 0.00596314 0.00956431 0.0141726 0.0196895 0.0259323 0.0325671 0.039067 0.0448154 0.0493261 0.0524046 0.054137 0.0547667 0.0545836 0.0538761 0.052915 0.051933 0.0510878 0.0504109 0.0497511 0.0487397 0.0468305 0.0434628 0.0383279 0.0316156 0.0240602
 0.00622126 0.00997799 0.0147845 0.020536 0.0270383 0.0339368 0.0406723 0.0465906 0.0511737 0.0542108 0.0557893 0.0561658 0.0556472 0.0545356 0.0531097 0.0516117 0.0502225 0.049018 0.0479055 0.0465711 0.0445041 0.0411537 0.0361987 0.0297961 0.0226289
 0.00650517 0.0104308 0.0154501 0.0214504 0.0282247 0.0353971 0.0423769 0.0484732 0.053137 0.0561409 0.0575715 0.0576946 0.056832 0.055302 0.0533985 0.0513761 0.0494302 0.0476622 0.0460241 0.0442637 0.0419342 0.0385302 0.0337392 0.027683 0.0209723
 0.00684476 0.0109722 0.016245 0.0225399 0.0296322 0.0371176 0.0443646 0.0506374 0.0553527 0.0582714 0.0594891 0.0592927 0.0580275 0.0560325 0.0536177 0.0510492 0.0485324 0.0461851 0.0439926 0.041759 0.0391097 0.0356056 0.0309643 0.0252807 0.0190842
 0.00709936 0.0113899 0.0168808 0.0234479 0.0308555 0.0386725 0.0462234 0.0527212 0.0575416 0.060426 0.0614726 0.0609856 0.0593337 0.0568805 0.053957 0.0508445 0.0477597 0.0448347 0.0420819 0.0393557 0.0363528 0.0327068 0.0281775 0.0228435 0.0171556
 0.00734941 0.011799 0.0175018 0.0243334 0.0320492 0.0401951 0.0480563 0.0547968 0.0597482 0.0626244 0.0635167 0.06274 0.060687 0.0577517 0.0542952 0.0506224 0.0469655 0.0434693 0.0401684 0.0369594 0.0336039 0.0298077 0.0253775 0.0203824 0.0151994
 0.0075997 0.0121953 0.0180796 0.0251213 0.0330677 0.0414532 0.0495439 0.0564784 0.0615601 0.0644792 0.0653098 0.0643588 0.0620204 0.0587013 0.0547832 0.0505954 0.0463937 0.0423452 0.0385117 0.034831 0.0311247 0.0271644 0.0228025 0.0181028 0.0133767
 0.00787389 0.0126342 0.0187269 0.0260117 0.03422 0.0428591 0.0511586 0.0582198 0.0633243 0.0661625 0.0668261 0.0656422 0.0630186 0.0593659 0.055067 0.0504539 0.0457905 0.04126 0.0369512 0.0328442 0.0288181 0.0247075 0.0204078 0.0159798 0.0116759
 0.00798663 0.0128368 0.0190678 0.0265484 0.0350067 0.0439262 0.0524932 0.0597584 0.0649629 0.0677796 0.0683064 0.0668935 0.0639777 0.0599959 0.0553464 0.0503659 0.0453165 0.0403831 0.035669 0.0311882 0.0268727 0.0226156 0.0183535 0.0141477 0.0102011
 0.00826341 0.0132788 0.0197187 0.0274451 0.0361739 0.0453678 0.0541791 0.0616145 0.0668734 0.0696007 0.0698899 0.0681116 0.0647446 0.0602781 0.0551579 0.0497499 0.0443233 0.0390554 0.0340428 0.0293086 0.0248155 0.0205004 0.0163344 0.0123788 0.00879318
 0.00864071 0.0138647 0.0205491 0.0285352 0.0375169 0.0469332 0.0559093 0.0634233 0.0686528 0.0712355 0.0712717 0.0691477 0.0653641 0.0604386 0.0548512 0.0490025 0.0431882 0.0375981 0.0323311 0.0274132 0.0228204 0.018513 0.0144813 0.0107819 0.00753621
 0.00878697 0.0141031 0.0209092 0.0290441 0.0381939 0.0477816 0.0569081 0.0645268 0.0697993 0.0723604 0.0723157 0.0700571 0.0660852 0.0609158 0.0550327 0.0488506 0.0426901 0.0367703 0.0312174 0.0260801 0.0213545 0.0170183 0.0130707 0.00955859 0.00656974
 0.00881108 0.0141546 0.0210098 0.0292231 0.0384833 0.0482063 0.057477 0.0652269 0.0705966 0.0732064 0.0731551 0.0708353 0.0667532 0.0614303 0.0553542 0.0489428 0.042524 0.0363326 0.0305192 0.0251621 0.0202863 0.0158924 0.0119885 0.00861122 0.00581783
 0.00882314 0.0141616 0.0209985 0.0291776 0.0383939 0.0480829 0.0573564 0.0651686 0.0706646 0.0734456 0.0735746 0.0714053 0.0674143 0.0621085 0.0559736 0.0494345 0.0428308 0.0364142 0.0303584 0.0247713 0.0197107 0.0152052 0.011278 0.00796078 0.00528705
 0.0087436 0.0140436 0.0208412 0.0289858 0.0381747 0.0478418 0.0570981 0.0649037 0.0704198 0.0732681 0.0735242 0.0715346 0.0677458 0.0626208 0.0566043 0.0500956 0.0434294 0.0368702 0.0306173 0.0248121 0.0195496 0.0148918 0.0108838 0.00756051 0.00493972
 0.00885498 0.0142066 0.021053 0.0292322 0.0384341 0.0480913 0.0573171 0.0650737 0.0705228 0.0732891 0.0734597 0.0714021 0.0675854 0.0624848 0.0565356 0.0501085 0.0435022 0.0369535 0.0306533 0.0247556 0.0193828 0.0146299 0.0105676 0.00724163 0.00466246
 0.00906849 0.0145123 0.0214359 0.0296512 0.0388323 0.0484136 0.0575258 0.065155 0.070484 0.0731524 0.0732544 0.0711584 0.0673315 0.0622469 0.0563387 0.0499723 0.0434327 0.0369365 0.0306552 0.0247354 0.019309 0.0144933 0.0103837 0.00704163 0.00447921
 0.00926134 0.0148019 0.0218257 0.0301244 0.0393513 0.0489234 0.0579598 0.0654461 0.0705831 0.0730461 0.0729722 0.0707623 0.0668939 0.0618291 0.0559809 0.0496939 0.043237 0.0368139 0.0305844 0.0246871 0.0192539 0.0144124 0.0102753 0.0069189 0.00436178
 0.00931067 0.0148885 0.0219673 0.0303391 0.039651 0.0493034 0.0583903 0.0658725 0.0709371 0.0732647 0.0730171 0.0706306 0.0666179 0.0614656 0.0555936 0.0493366 0.0429437 0.0365965 0.0304359 0.024588 0.0191801 0.0143435 0.0102007 0.0068396 0.00428608
 0.00942642 0.0150654 0.0222128 0.0306541 0.0400309 0.0497402 0.0588714 0.0663756 0.0714253 0.0736864 0.0733129 0.0707479 0.0665285 0.0611771 0.0551496 0.0488046 0.0423958 0.0360915 0.0300089 0.0242494 0.0189217 0.0141483 0.0100515 0.00672461 0.00419897
 0.0093973 0.0150285 0.0221765 0.0306327 0.0400412 0.0497957 0.0589783 0.066533 0.0716273 0.0739242 0.0735721 0.0710041 0.066746 0.061316 0.0551797 0.048719 0.0422148 0.0358546 0.0297603 0.0240235 0.0187363 0.0140056 0.00994519 0.00664625 0.00414201
 0.00944287 0.0150963 0.0222673 0.0307442 0.0401699 0.0499398 0.0591385 0.06671 0.0718184 0.0741203 0.0737585 0.0711636 0.0668618 0.061373 0.0551649 0.0486239 0.042041 0.035618 0.0294895 0.0237521 0.0184929 0.0138069 0.00979525 0.00654016 0.00407106
 0.00925932 0.0148212 0.0218971 0.0302918 0.0396624 0.0494137 0.0586364 0.0662794 0.0715083 0.0739735 0.0738013 0.0713968 0.0672581 0.0618814 0.0557215 0.0491647 0.0425139 0.035991 0.0297538 0.0239188 0.018585 0.0138502 0.00981078 0.00654213 0.00406748
 0.00907522 0.0145468 0.0215308 0.0298495 0.0391745 0.0489182 0.0581735 0.0658876 0.0712207 0.0738138 0.0737811 0.0715168 0.0675091 0.0622444 0.0561664 0.0496508 0.0429948 0.0364235 0.0301074 0.0241811 0.018761 0.0139565 0.00986838 0.00656964 0.00407858
 0.00888081 0.0142394 0.0210859 0.029254 0.0384338 0.0480647 0.0572725 0.0650324 0.0705136 0.0733394 0.0735859 0.0716042 0.0678485 0.062785 0.0568489 0.0504136 0.0437774 0.0371698 0.0307706 0.0247298 0.0191831 0.014258 0.0100681 0.00669235 0.00414834
 0.00880989 0.0141061 0.0208523 0.0288747 0.0378681 0.0472958 0.0563258 0.0639819 0.0694713 0.0724315 0.0729259 0.0712702 0.0678703 0.0631426 0.0574817 0.0512374 0.0447005 0.0381062 0.0316478 0.0254944 0.0198036 0.0147264 0.010396 0.00690456 0.00427493
 0.00876571 0.0140321 0.0207355 0.028698 0.0376091 0.0469285 0.0558262 0.0633395 0.068703 0.0715914 0.0721051 0.0705805 0.067417 0.0629972 0.0576644 0.0517153 0.0453999 0.0389317 0.0325024 0.026295 0.0204914 0.0152705 0.0107925 0.0071702 0.00443804
 0.00882652 0.0141196 0.0208454 0.0288178 0.0377188 0.0470035 0.0558389 0.0632604 0.0685032 0.0712509 0.0716241 0.0699919 0.0667901 0.062427 0.0572478 0.0515229 0.0454554 0.0392081 0.0329339 0.0267984 0.020988 0.0157023 0.0111292 0.0074071 0.00458884
 0.00893948 0.0142827 0.0210524 0.0290489 0.0379451 0.047194 0.0559675 0.0633079 0.0684564 0.0711014 0.0713683 0.069634 0.0663478 0.0619377 0.0567701 0.0511274 0.0452062 0.0391413 0.0330448 0.0270441 0.021304 0.0160234 0.0114069 0.00761764 0.00473042
 0.00892831 0.0142717 0.0210484 0.0290608 0.0379791 0.0472478 0.0560263 0.0633477 0.0684531 0.0710402 0.0712485 0.0694649 0.0661426 0.0617098 0.0565363 0.0509134 0.0450472 0.0390734 0.0330903 0.0271991 0.0215371 0.0162872 0.0116551 0.00781877 0.00487322
 0.00888851 0.0142186 0.0209903 0.0290132 0.0379617 0.0472776 0.0561111 0.0634814 0.068615 0.0711981 0.0713662 0.0695127 0.0661053 0.0615905 0.0563535 0.0506963 0.0448312 0.0388956 0.0329823 0.027178 0.0215984 0.0164065 0.0117975 0.00795228 0.00497813
 0.00883605 0.014134 0.0208652 0.0288428 0.0377486 0.0470364 0.0558711 0.0632825 0.0684963 0.0711836 0.0714543 0.0696762 0.0663011 0.0617745 0.0564935 0.05078 0.0448662 0.0389042 0.0329928 0.0272144 0.0216724 0.0165132 0.0119196 0.00806851 0.0050725
 0.00869632 0.0139261 0.0205878 0.0285069 0.0373736 0.0466448 0.0554854 0.0629271 0.0682 0.0709795 0.071373 0.0697353 0.0664957 0.0620744 0.0568513 0.051145 0.0451997 0.0391877 0.0332277 0.027414 0.0218512 0.0166788 0.0120702 0.00819677 0.0051717
 0.00874319 0.0139886 0.0206572 0.0285673 0.0374076 0.046641 0.0554437 0.0628567 0.0681131 0.0708845 0.0712742 0.0696378 0.0664096 0.0620137 0.0568264 0.0511557 0.0452348 0.0392315 0.0332691 0.0274509 0.0218882 0.0167212 0.0121189 0.00824748 0.00521755
 0.00880011 0.0140656 0.0207437 0.0286428 0.0374456 0.0466172 0.0553439 0.0626826 0.0678829 0.0706297 0.0710321 0.0694416 0.0662807 0.0619593 0.0568422 0.0512301 0.0453516 0.0393723 0.0334156 0.0275889 0.0220102 0.0168254 0.012206 0.00831806 0.0052717
 0.00885231 0.0141542 0.0208828 0.0288444 0.0377128 0.0469357 0.0556762 0.0629724 0.0680711 0.0706752 0.0709263 0.0692099 0.0659715 0.0616273 0.0565336 0.0509745 0.0451613 0.0392454 0.0333414 0.0275534 0.0220004 0.0168312 0.0122205 0.00833632 0.00528993
 0.00879055 0.0140664 0.0207748 0.0287314 0.0376173 0.0468825 0.0556858 0.063054 0.0682165 0.0708564 0.0711011 0.0693357 0.0660212 0.061599 0.0564489 0.0508675 0.0450642 0.0391788 0.0333121 0.0275568 0.0220258 0.0168675 0.0122585 0.00837034 0.00531703
 0.00862821 0.0138174 0.0204288 0.0282912 0.0371011 0.0463249 0.0551383 0.0625811 0.0678833 0.0707109 0.0711588 0.0695736 0.0663863 0.0620253 0.0568777 0.0512614 0.04541 0.0394804 0.0335789 0.0277951 0.0222358 0.0170453 0.0124006 0.00847597 0.00538955
 0.00856339 0.0137206 0.0202989 0.0281321 0.0369204 0.0461308 0.0549389 0.0623855 0.0677048 0.0705679 0.0710725 0.0695622 0.0664568 0.0621686 0.0570696 0.0514705 0.0456091 0.0396543 0.0337252 0.0279188 0.0223428 0.017138 0.0124782 0.00853684 0.00543345
 0.00852337 0.0136558 0.0202022 0.0279982 0.0367478 0.045925 0.0547138 0.0621619 0.0675052 0.0704105 0.0709685 0.0695173 0.0664739 0.0622485 0.0572078 0.0516543 0.0458182 0.039866 0.0339212 0.0280892 0.0224848 0.017253 0.0125684 0.00860431 0.00548067
 0.00853605 0.0136674 0.0202029 0.0279731 0.0366806 0.0458039 0.0545374 0.0619418 0.0672636 0.0701755 0.0707676 0.0693722 0.0663977 0.0622451 0.0572737 0.0517799 0.0459888 0.0400629 0.034124 0.0282799 0.0226511 0.0173889 0.0126732 0.00868043 0.0055324
 0.00850285 0.0136107 0.0201125 0.0278374 0.0364886 0.045549 0.0542222 0.0615807 0.0668835 0.0698126 0.0704618 0.0691598 0.0663038 0.0622787 0.0574271 0.052032 0.0463104 0.0404219 0.0344893 0.0286241 0.0229535 0.017637 0.0128631 0.00881575 0.00562175
 0.00850924 0.0136199 0.0201236 0.0278476 0.036492 0.0455362 0.0541799 0.0614947 0.066743 0.069616 0.0702211 0.0689007 0.0660616 0.0620901 0.0573212 0.0520233 0.0463965 0.0405855 0.0347034 0.0288588 0.0231812 0.0178369 0.0130233 0.00893343 0.00570084
 0.00854771 0.0136742 0.0201901 0.0279175 0.0365541 0.0455799 0.0541979 0.0614826 0.0666975 0.0695332 0.0700974 0.0687372 0.0658682 0.0618874 0.0571378 0.0518888 0.0463326 0.0405999 0.0347879 0.0289927 0.0233379 0.0179914 0.0131569 0.00903665 0.00577258
 0.00852856 0.0136477 0.0201585 0.0278851 0.0365248 0.0455544 0.0541725 0.0614504 0.0666522 0.0694723 0.0700237 0.0686556 0.0657834 0.0618038 0.0570618 0.0518312 0.0463076 0.0406201 0.0348583 0.029107 0.0234795 0.0181386 0.0132904 0.0091436 0.00584901
 0.00845692 0.0135483 0.0200404 0.0277677 0.0364325 0.0455078 0.0541809 0.0615088 0.0667433 0.0695728 0.0701099 0.0687099 0.0657977 0.06178 0.0570094 0.0517648 0.0462443 0.0405767 0.0348479 0.0291347 0.0235407 0.0182205 0.0133765 0.00922 0.00590769
 0.00833474 0.0133577 0.0197696 0.0274144 0.0360077 0.0450402 0.0537178 0.0611102 0.0664672 0.0694562 0.0701571 0.0688938 0.0660721 0.062096 0.0573279 0.0520618 0.0465108 0.0408147 0.0350647 0.0293371 0.0237309 0.0183947 0.0135272 0.00934041 0.00599515
 0.00828662 0.013267 0.0196106 0.0271566 0.0356248 0.0445237 0.0530899 0.060428 0.0658129 0.0689186 0.0698099 0.0687784 0.0661898 0.0624104 0.0577782 0.0525806 0.0470406 0.0413162 0.0355174 0.0297338 0.0240707 0.0186777 0.0137533 0.00951064 0.00611396
 0.00826192 0.013226 0.0195462 0.0270587 0.0354792 0.0443116 0.052792 0.0600324 0.0653271 0.0683781 0.0692786 0.0683362 0.0659103 0.0623391 0.0579198 0.052901 0.0474806 0.0418105 0.0360105 0.0301876 0.024464 0.0190018 0.014007 0.00969766 0.00624235
 0.00825435 0.013221 0.0195517 0.0270853 0.0355351 0.0443962 0.052889 0.0601095 0.0653421 0.068292 0.0690715 0.068019 0.0655286 0.061963 0.057623 0.0527373 0.0474679 0.0419309 0.0362219 0.0304414 0.0247187 0.0192294 0.014193 0.00983805 0.00634007
 0.00806102 0.0129361 0.0191781 0.0266464 0.0350704 0.0439518 0.0525092 0.0598291 0.0651803 0.0682465 0.0691169 0.0681154 0.0656376 0.0620643 0.057723 0.0528633 0.0476523 0.0421918 0.036553 0.0308136 0.0250921 0.0195672 0.0144708 0.0100466 0.00648319
 0.00768745 0.0123753 0.0184221 0.0257213 0.0340331 0.0428803 0.0514945 0.0589667 0.0645568 0.0679207 0.069105 0.0683876 0.0661287 0.062694 0.0584173 0.0535712 0.0483501 0.0428751 0.0372213 0.0314573 0.0256889 0.0200888 0.0148943 0.010363 0.0066993
#obs surv len freq
 nan nan nan nan nan nan nan nan nan nan nan nan nan nan nan nan nan nan nan nan nan nan nan nan nan
 0.00448175 0.00734178 0.0111706 0.0159861 0.0216866 0.0279626 0.0342774 0.0400096 0.0446902 0.0481551 0.050514 0.0520109 0.052904 0.0534172 0.0537321 0.0539875 0.0542664 0.0545594 0.0546982 0.0542902 0.0527282 0.0493601 0.0438094 0.0362889 0.0276719
 0.00461777 0.00756309 0.0115037 0.0164549 0.0223065 0.0287319 0.0351687 0.0409664 0.0456347 0.0490031 0.0511905 0.0524613 0.0531 0.0533571 0.0534371 0.0534941 0.0536175 0.0537971 0.0538614 0.0534154 0.0518538 0.0485289 0.0430657 0.0356703 0.0271991
 0.00477583 0.00782497 0.0119068 0.0170369 0.023097 0.0297397 0.036369 0.0422962 0.0470004 0.0502973 0.0523095 0.0533168 0.0536275 0.0535208 0.0532318 0.0529433 0.0527671 0.0527067 0.0525972 0.0520477 0.0504582 0.0471862 0.0418564 0.0346608 0.0264261
 0.00496684 0.00813499 0.0123728 0.0176939 0.023973 0.0308462 0.03769 0.0437818 0.0485698 0.0518494 0.0537353 0.0545109 0.0544969 0.0539934 0.0532635 0.0525219 0.0519135 0.0514718 0.0510575 0.0503007 0.048619 0.0453818 0.0402121 0.0332788 0.0253641
 0.00517347 0.00847375 0.0128878 0.0184278 0.0249585 0.0320931 0.0391723 0.0454344 0.0502989 0.0535507 0.0553085 0.0558648 0.0555484 0.0546664 0.0534932 0.0522623 0.0511469 0.0502168 0.0493742 0.0482925 0.0464289 0.0431801 0.0381732 0.0315477 0.0240253
 0.00539415 0.00883609 0.0134399 0.0192171 0.0260227 0.0334461 0.0407896 0.0472467 0.0522017 0.0554243 0.0570374 0.0573496 0.0567079 0.0554345 0.0538137 0.0520875 0.0504418 0.0489718 0.047621 0.0461191 0.0439846 0.0406641 0.0358023 0.0295101 0.0224365
 0.00564255 0.00924062 0.0140502 0.0200801 0.0271744 0.0348981 0.0425143 0.049172 0.0542199 0.0574112 0.0588719 0.0589252 0.0579377 0.0562507 0.0541642 0.0519307 0.0497447 0.0477166 0.0458222 0.0438459 0.0413779 0.0379328 0.0331895 0.0272377 0.0206488
 0.00589347 0.00965251 0.0146773 0.0209752 0.0283781 0.0364226 0.0443266 0.0511892 0.0563219 0.0594648 0.0607526 0.0605286 0.0591811 0.0570706 0.054512 0.0517681 0.0490417 0.0464549 0.0440095 0.0415395 0.0387072 0.0351031 0.0304529 0.0248343 0.0187425
 0.00613071 0.010042 0.0152709 0.021824 0.0295235 0.0378807 0.0460726 0.0531502 0.0583861 0.0615017 0.0626341 0.062143 0.0604394 0.0579067 0.054879 0.0516321 0.0483769 0.0452453 0.0422605 0.039301 0.0360973 0.0323161 0.0277357 0.0224292 0.0168212
 0.00635778 0.0104177 0.0158484 0.0226568 0.0306549 0.0393268 0.0478051 0.0550913 0.0604198 0.0634968 0.0644655 0.063704 0.0616453 0.0586949 0.0552056 0.051468 0.0477025 0.0440506 0.0405542 0.0371301 0.033571 0.0296159 0.0250955 0.0200829 0.0149388
 0.00659603 0.0108045 0.0164297 0.0234758 0.0317445 0.0406977 0.0494326 0.0569086 0.062325 0.0653703 0.0661881 0.0651706 0.0627719 0.0594203 0.0554894 0.0512854 0.0470393 0.042902 0.0389324 0.0350813 0.0311963 0.0270815 0.0226164 0.0178762 0.0131642
 0.00682939 0.0111875 0.0170126 0.0243064 0.0328574 0.0420985 0.0510823 0.0587207 0.0641806 0.0671436 0.0677682 0.0664708 0.0637293 0.0599916 0.0556466 0.0510123 0.0463283 0.0417543 0.0373639 0.0331375 0.0289706 0.0247242 0.0203209 0.0158372 0.0115251
 0.0070333 0.0115259 0.0175346 0.0250616 0.0338857 0.0434131 0.0526527 0.0604672 0.0659848 0.0688724 0.0692975 0.0677021 0.0645965 0.060459 0.0557026 0.0506592 0.0455753 0.0406145 0.0358605 0.0313169 0.0269183 0.022574 0.0182419 0.0139989 0.0100514
 0.00727286 0.0119122 0.0181101 0.0258637 0.0349399 0.0447214 0.0541819 0.0621429 0.0677001 0.0705049 0.0707296 0.068835 0.0653597 0.0608135 0.0556389 0.0501906 0.044728 0.0394208 0.0343588 0.0295609 0.0249903 0.0205926 0.0163526 0.0123447 0.00873414
 0.0074368 0.0121877 0.0185409 0.0264951 0.0358076 0.0458359 0.0555129 0.0636167 0.0692128 0.0719453 0.0719981 0.0698525 0.0660677 0.0611732 0.0556309 0.0498145 0.0440005 0.0383723 0.0330322 0.0280144 0.0233047 0.0188749 0.0147275 0.0109309 0.00761394
 0.00753292 0.0123455 0.0187821 0.0268432 0.0362863 0.0464641 0.056298 0.0645467 0.0702517 0.0730338 0.0730599 0.0708051 0.0668342 0.0616925 0.0558613 0.0497344 0.0436064 0.0376782 0.03207 0.0268361 0.0219852 0.0175111 0.0134285 0.00979761 0.00671511
 0.0075965 0.0124441 0.0189221 0.0270287 0.0365207 0.0467519 0.0566456 0.0649616 0.0707403 0.0735968 0.0736861 0.0714658 0.0674815 0.0622639 0.0562902 0.0499618 0.043591 0.0374014 0.0315386 0.026084 0.0210735 0.0165239 0.0124617 0.00894004 0.00602822
 0.0076398 0.0125094 0.0190109 0.0271393 0.0366486 0.0468923 0.056795 0.0651204 0.0709146 0.0737994 0.0739335 0.0717713 0.0678456 0.0626665 0.0566885 0.0502969 0.0438 0.0374324 0.0313628 0.0257041 0.0205255 0.0158724 0.0117875 0.00832143 0.00552209
 0.00772699 0.0126384 0.019181 0.0273409 0.0368659 0.0471066 0.0569889 0.0652802 0.0710329 0.0738777 0.0739841 0.0718152 0.067907 0.062763 0.0568225 0.0504493 0.0439318 0.0374938 0.0313087 0.0255091 0.0201947 0.0154426 0.0113173 0.00787417 0.00514741
 0.00775812 0.0126908 0.0192627 0.0274589 0.0370222 0.0472944 0.0571897 0.0654666 0.0711775 0.0739632 0.0740102 0.0717978 0.0678717 0.0627366 0.0568245 0.0504855 0.04399 0.037545 0.0313149 0.0254366 0.0200284 0.0151934 0.0110201 0.00757476 0.00488655
 0.00781658 0.0127775 0.0193778 0.0275978 0.0371778 0.0474597 0.0573591 0.0656342 0.0713335 0.0740929 0.0740966 0.0718286 0.0678455 0.0626659 0.0567315 0.0503935 0.0439137 0.0374841 0.031254 0.0253527 0.0199024 0.0150214 0.0108162 0.007366 0.0047009
 0.00783518 0.0128091 0.0194277 0.0276706 0.0372753 0.0475786 0.0574892 0.0657609 0.0714429 0.0741767 0.0741532 0.07186 0.0678533 0.0626504 0.0566942 0.0503402 0.0438532 0.0374238 0.0311942 0.0252858 0.0198176 0.0149123 0.0106871 0.00723098 0.00457759
 0.00788264 0.0128766 0.0195115 0.0277619 0.0373634 0.0476556 0.0575535 0.0658157 0.0714922 0.0742215 0.0741904 0.0718846 0.0678614 0.0626407 0.0566679 0.0502996 0.043802 0.0373658 0.0311322 0.0252196 0.0197443 0.0148293 0.0105958 0.00713833 0.0044934
 0.00789304 0.0128954 0.0195427 0.027809 0.0374273 0.0477313 0.0576296 0.0658773 0.0715275 0.0742276 0.074175 0.0718606 0.0678404 0.0626275 0.056661 0.050294 0.0437929 0.0373501 0.0311086 0.0251875 0.0197032 0.0147795 0.0105394 0.00708012 0.00443966
 0.00790686 0.0129151 0.0195675 0.027837 0.0374566 0.0477615 0.057662 0.0659133 0.071566 0.0742634 0.0742007 0.0718704 0.0678339 0.0626099 0.0566394 0.0502738 0.0437753 0.0373334 0.0310897 0.0251639 0.0196736 0.014744 0.0104999 0.00703997 0.00440303
 0.00788804 0.0128839 0.0195195 0.0277683 0.0373648 0.0476482 0.0575345 0.0657854 0.0714553 0.0741875 0.0741712 0.0718904 0.067897 0.0627035 0.0567496 0.0503887 0.0438864 0.0374345 0.0311762 0.025232 0.0197213 0.0147716 0.0105103 0.00703784 0.00439398
 0.00790759 0.0129068 0.0195377 0.0277687 0.0373332 0.0475746 0.0574183 0.0656366 0.0712926 0.074033 0.0740463 0.0718115 0.0678729 0.0627341 0.0568262 0.0504969 0.04401 0.0375591 0.0312905 0.0253287 0.0197964 0.0148241 0.0105422 0.00705343 0.00439862
 0.00788248 0.0128692 0.0194866 0.0277043 0.0372553 0.0474811 0.0573053 0.0655011 0.0711366 0.0738676 0.0738912 0.0716907 0.0678076 0.0627365 0.0568963 0.0506238 0.0441751 0.0377412 0.0314699 0.0254899 0.0199297 0.0149255 0.0106126 0.00709751 0.00442302
 0.00785016 0.0128145 0.0194008 0.0275793 0.0370864 0.0472719 0.0570699 0.0652623 0.0709196 0.0736921 0.0737678 0.0716227 0.0677959 0.0627821 0.0569997 0.050781 0.0443756 0.0379678 0.0317019 0.0257075 0.0201175 0.0150747 0.0107215 0.00717021 0.00446704
 0.00785193 0.0128119 0.0193867 0.027543 0.0370163 0.0471589 0.0569118 0.0650665 0.0707028 0.0734772 0.0735794 0.0714814 0.0677144 0.0627645 0.0570437 0.0508805 0.0445216 0.038148 0.0319005 0.0259063 0.0202993 0.0152267 0.0108376 0.00725093 0.00451794
 0.00783882 0.0127931 0.0193628 0.0275151 0.0369845 0.0471202 0.0568592 0.0649912 0.0705979 0.0733435 0.0734268 0.0713287 0.0675837 0.0626756 0.0570091 0.0509038 0.0445987 0.0382688 0.0320508 0.0260694 0.0204581 0.0153669 0.0109498 0.00733226 0.0045712
 0.00779614 0.0127237 0.0192586 0.0273701 0.0367974 0.0468977 0.0566182 0.0647562 0.0703946 0.0731899 0.0733296 0.0712848 0.0675865 0.0627204 0.0570943 0.0510293 0.0447619 0.0384627 0.0322636 0.0262861 0.0206627 0.0155453 0.0110927 0.00743689 0.00464082
 0.00777823 0.01269 0.0191995 0.027274 0.0366536 0.0467014 0.0563751 0.0644843 0.0701219 0.0729478 0.0731456 0.0711763 0.0675585 0.0627662 0.0572011 0.0511828 0.0449499 0.0386748 0.032489 0.0265122 0.0208757 0.0157321 0.011244 0.00754922 0.00471674
 0.00773118 0.0126157 0.0190916 0.0271276 0.036466 0.0464728 0.0561105 0.0641955 0.0698277 0.0726732 0.0729185 0.0710224 0.067496 0.0628018 0.0573281 0.0513842 0.0452035 0.0389576 0.0327808 0.0267953 0.0211348 0.015955 0.0114227 0.00768137 0.0048062
 0.00770106 0.0125636 0.0190078 0.0270017 0.0362898 0.046245 0.0558402 0.0639017 0.0695353 0.072407 0.0726986 0.0708645 0.0674118 0.0627997 0.057411 0.0515473 0.0454331 0.0392332 0.0330783 0.0270913 0.021409 0.0161918 0.0116128 0.00782239 0.00490205
 0.00769286 0.01255 0.0189864 0.0269693 0.0362417 0.0461748 0.055741 0.0637686 0.0693688 0.0722148 0.0724967 0.0706735 0.067253 0.0626912 0.057366 0.0515723 0.0455273 0.0393875 0.0332762 0.0273113 0.0216285 0.0163914 0.0117788 0.00794854 0.00498942
 0.00767296 0.0125214 0.0189503 0.0269288 0.0362009 0.0461364 0.0557044 0.0637298 0.0693206 0.0721499 0.0724105 0.0705672 0.0671356 0.0625782 0.0572759 0.0515226 0.0455296 0.0394454 0.033384 0.0274551 0.0217892 0.0165491 0.0119171 0.00805778 0.00506719
 0.00764799 0.0124818 0.0188926 0.0268515 0.0361051 0.0460275 0.0555926 0.063628 0.0692408 0.072098 0.0723838 0.0705565 0.0671298 0.0625704 0.0572669 0.0515205 0.0455463 0.0394917 0.0334645 0.0275661 0.0219195 0.0166828 0.012039 0.00815707 0.0051396
 0.00762353 0.0124441 0.0188398 0.0267831 0.036022 0.0459324 0.0554897 0.0635243 0.0691452 0.0720205 0.0723325 0.0705349 0.0671354 0.0625955 0.0573025 0.0515606 0.0455908 0.0395451 0.0335329 0.0276523 0.0220202 0.016789 0.0121392 0.00824145 0.00520294
 0.00760846 0.0124189 0.0188007 0.0267265 0.0359459 0.0458374 0.0553811 0.0634111 0.0690386 0.0719308 0.0722674 0.0704987 0.0671292 0.0626172 0.0573471 0.051621 0.0456605 0.0396203 0.0336129 0.027738 0.0221108 0.0168805 0.0122248 0.00831407 0.00525834
 0.00757381 0.0123678 0.0187335 0.0266465 0.0358581 0.0457466 0.0552904 0.0633226 0.068955 0.0718562 0.0722077 0.0704602 0.0671168 0.062633 0.0573895 0.0516857 0.0457412 0.0397105 0.0337075 0.0278333 0.0222041 0.0169686 0.0123037 0.00837965 0.00530807
 0.00757763 0.0123654 0.0187144 0.0265969 0.0357657 0.0456078 0.0551155 0.0631342 0.0687805 0.0717182 0.0721176 0.070419 0.0671192 0.062672 0.0574588 0.0517792 0.0458524 0.0398324 0.0338329 0.0279557 0.0223183 0.0170705 0.0123898 0.00844799 0.00535818
 0.00757598 0.0123659 0.0187203 0.0266113 0.0357885 0.0456321 0.0551265 0.063114 0.0687164 0.071611 0.0719838 0.0702837 0.0670066 0.0625974 0.0574267 0.0517864 0.0458916 0.0398953 0.033911 0.0280412 0.0224038 0.0171499 0.0124585 0.00850312 0.00539887
 0.00754666 0.0123215 0.0186601 0.0265373 0.0357062 0.0455497 0.0550533 0.0630576 0.068679 0.0715875 0.0719644 0.0702601 0.066978 0.0625717 0.057416 0.0518008 0.0459348 0.0399642 0.0339982 0.0281374 0.0224999 0.0172382 0.0125337 0.0085621 0.00544143
 0.00752728 0.0122915 0.0186177 0.0264823 0.03564 0.0454758 0.0549781 0.0629892 0.068626 0.071556 0.0719551 0.0702676 0.0669933 0.0625866 0.057428 0.0518134 0.0459554 0.0399993 0.0340497 0.0282021 0.0225712 0.0173083 0.0125959 0.00861224 0.00547814
 0.00753085 0.0122932 0.0186126 0.0264638 0.0356014 0.045414 0.0548954 0.0628946 0.0685322 0.0714761 0.0718988 0.0702398 0.0669928 0.0626075 0.0574621 0.0518536 0.0459984 0.0400455 0.0341013 0.0282601 0.0226335 0.0173702 0.0126519 0.00865818 0.00551214
 0.00749447 0.0122399 0.0185431 0.0263818 0.035512 0.0453209 0.0548 0.0627969 0.068434 0.0713835 0.0718223 0.0701915 0.0669817 0.0626363 0.0575262 0.0519432 0.046102 0.0401535 0.0342076 0.0283611 0.0227269 0.0174535 0.0127222 0.00871332 0.00555183
 0.00751548 0.012268 0.0185745 0.0264096 0.035529 0.0453227 0.0547872 0.0627738 0.0684052 0.0713502 0.0717823 0.0701424 0.0669256 0.0625803 0.0574801 0.0519151 0.0460951 0.0401661 0.0342348 0.0283976 0.0227679 0.0174948 0.0127604 0.00874552 0.00557642
 0.0074782 0.012214 0.0185051 0.0263297 0.0354447 0.0452385 0.0547048 0.0626931 0.0683277 0.0712812 0.0717302 0.0701149 0.0669257 0.0626063 0.0575271 0.0519784 0.0461713 0.040252 0.0343266 0.0284901 0.0228556 0.0175728 0.0128251 0.00879544 0.00561191
 0.0074782 0.012214 0.0185051 0.0263297 0.0354447 0.0452385 0.0547048 0.0626931 0.0683277 0.0712812 0.0717302 0.0701149 0.0669257 0.0626063 0.0575271 0.0519784 0.0461713 0.040252 0.0343266 0.0284901 0.0228556 0.0175728 0.0128251 0.00879544 0.00561191
 0.00738515 0.0120609 0.0182724 0.0260014 0.0350151 0.0447217 0.0541406 0.0621441 0.0678635 0.0709585 0.0715788 0.0701356 0.0670978 0.062897 0.0578993 0.052396 0.0466028 0.0406722 0.034717 0.0288378 0.0231519 0.0178133 0.0130094 0.00892772 0.00569995
 0.00728927 0.0119003 0.0180223 0.0256364 0.0345162 0.044086 0.0533926 0.0613394 0.067083 0.0702927 0.0711084 0.0699147 0.0671437 0.0631898 0.0583902 0.0530207 0.0472953 0.0413742 0.0353824 0.0294341 0.0236587 0.018221 0.0133184 0.00914657 0.00584365
 0.00730462 0.0119168 0.0180307 0.0256205 0.0344538 0.0439525 0.053166 0.0610066 0.0666473 0.0697799 0.0705687 0.0694163 0.0667588 0.0629761 0.0583766 0.0532011 0.0476332 0.0418153 0.035868 0.0299121 0.0240901 0.0185817 0.0135984 0.00934789 0.00597711
 0.00730615 0.0119247 0.0180518 0.0256625 0.0345204 0.0440375 0.0532479 0.0610508 0.0666143 0.0696386 0.0703091 0.0690567 0.0663453 0.0625738 0.0580541 0.0530125 0.0476038 0.0419368 0.0361046 0.0302135 0.0244055 0.0188707 0.0138361 0.00952531 0.0060975
 0.00720888 0.0117742 0.0178403 0.0253903 0.034198 0.0436869 0.0529025 0.0607492 0.0663884 0.0695011 0.070248 0.0690427 0.0663479 0.0625782 0.0580685 0.0530643 0.0477254 0.0421488 0.0364044 0.0305744 0.0247859 0.0192273 0.0141364 0.00975351 0.00625434
 0.00719315 0.0117416 0.0177786 0.0252844 0.0340344 0.0434609 0.0526244 0.0604455 0.0660963 0.0692579 0.0700799 0.0689574 0.0663342 0.0626127 0.0581286 0.0531398 0.0478227 0.0422849 0.0365938 0.0308168 0.0250626 0.0195074 0.0143881 0.00995516 0.00639862
#pred catch len freq
 0.00366957 0.00587568 0.00870899 0.01216 0.0162331 0.0209128 0.0260996 0.0315853 0.0370927 0.0423356 0.0470634 0.0510897 0.0543153 0.0567316 0.0584002 0.0594229 0.0599185 0.0599916 0.0596668 0.0587836 0.0569218 0.0534747 0.0479395 0.0403104 0.0312968
 0.00385766 0.00611622 0.00895376 0.0123325 0.01626 0.0207684 0.0258321 0.0313027 0.0369081 0.0423069 0.0471648 0.0512348 0.0544128 0.0567396 0.0583493 0.0593989 0.0600136 0.060248 0.0600395 0.0591473 0.0571228 0.0534054 0.047592 0.0397763 0.0307166
 0.00398666 0.00633824 0.00930512 0.0128401 0.0169187 0.0215162 0.0265455 0.0318305 0.0371388 0.0422284 0.04687 0.0508635 0.0540722 0.0564627 0.0581134 0.0591779 0.0598144 0.0601024 0.0599634 0.059105 0.0570305 0.0531764 0.0471923 0.039249 0.0301584
 0.00415218 0.00659696 0.00967819 0.0133479 0.017585 0.0223669 0.0275935 0.0330453 0.0384186 0.0434013 0.0477413 0.0512933 0.0540342 0.0560423 0.0574507 0.0584009 0.0590069 0.0593085 0.0592016 0.0583711 0.0562983 0.0524135 0.0463901 0.038443 0.0294185
 0.00436095 0.00692311 0.010145 0.0139701 0.0183698 0.0233155 0.0287004 0.034296 0.0397828 0.04482 0.0491116 0.0524651 0.0548378 0.0563446 0.0572087 0.0576759 0.0579304 0.0580265 0.0578303 0.0569823 0.054928 0.0510836 0.0451308 0.0373035 0.0284572
 0.0045915 0.00728665 0.0106719 0.0146832 0.0192833 0.0244321 0.0300061 0.0357548 0.0413376 0.0463981 0.0506299 0.0538289 0.0559368 0.0570562 0.0574191 0.0573169 0.0570104 0.0566336 0.0561042 0.0550727 0.0529671 0.0491805 0.0433789 0.0357852 0.0272344
 0.0048465 0.0076887 0.0112548 0.0154734 0.020299 0.0256816 0.0314802 0.037419 0.0431277 0.0482238 0.0523839 0.0553985 0.0572137 0.0579403 0.0578194 0.057157 0.0562459 0.0552753 0.0542323 0.0528309 0.0505377 0.0467553 0.0411347 0.0338623 0.025718
 0.00514378 0.00815479 0.0119255 0.0163738 0.0214443 0.0270754 0.0331096 0.0392461 0.0450862 0.0502208 0.0543073 0.0571275 0.0586302 0.0589387 0.0583113 0.0570724 0.0555362 0.0539258 0.0522822 0.0503906 0.0477898 0.0439326 0.0384786 0.0315748 0.0239217
 0.00546783 0.00866449 0.0126618 0.0173667 0.0227118 0.0286211 0.0349146 0.0412619 0.047232 0.0523894 0.0563758 0.0589692 0.0601257 0.0599844 0.0588231 0.0569857 0.0548057 0.0525316 0.0502473 0.0478038 0.044822 0.0408281 0.0355147 0.0289989 0.0218921
 0.00575918 0.00912895 0.0133449 0.0183078 0.0239411 0.030153 0.0367371 0.0433265 0.0494523 0.0546484 0.058539 0.0608993 0.0616959 0.0610887 0.0593799 0.0569354 0.0541077 0.0511669 0.0482318 0.0452131 0.0418132 0.0376411 0.0324371 0.0262997 0.0197522
 0.00602108 0.0095481 0.013965 0.0191694 0.0250796 0.031593 0.0384807 0.0453411 0.0516633 0.0569416 0.060771 0.0629152 0.0633501 0.0622611 0.059984 0.0569159 0.0534336 0.0498286 0.0462501 0.04266 0.0388363 0.0344703 0.0293555 0.0235803 0.0175852
 0.00630125 0.00998481 0.0145889 0.0200013 0.0261332 0.0328773 0.0399968 0.047073 0.0535689 0.0589466 0.0627703 0.0647803 0.0649436 0.0634543 0.0606706 0.0570199 0.0529098 0.0486612 0.0444581 0.040312 0.0360707 0.0315019 0.0264517 0.0210028 0.0155206
 0.00657785 0.0104207 0.0152199 0.020853 0.0272191 0.0341951 0.0415228 0.0487587 0.0553445 0.0607306 0.0644774 0.0663253 0.0662411 0.0644188 0.0612208 0.0570836 0.0524314 0.0476096 0.0428372 0.038177 0.0335446 0.0287802 0.0237797 0.0186229 0.0136081
 0.00681007 0.0107963 0.0157819 0.0216413 0.0282646 0.0355089 0.0430833 0.0505038 0.0571758 0.0625294 0.0661245 0.0677188 0.0673062 0.0651083 0.0615059 0.0569422 0.0518411 0.046551 0.0413082 0.0362153 0.0312491 0.0263179 0.0213657 0.0164723 0.0118782
 0.00713213 0.0113006 0.0165063 0.0226121 0.0294965 0.0370035 0.0448203 0.0524291 0.0591936 0.0645054 0.0679034 0.0691514 0.0682786 0.0655608 0.0614335 0.056378 0.0508315 0.0451391 0.0395332 0.034129 0.0289401 0.0239262 0.0190713 0.0144555 0.0102691
 0.0074405 0.0117779 0.0171811 0.0234982 0.0305957 0.0383083 0.0463117 0.0540693 0.06092 0.0662285 0.0695106 0.0705172 0.0692821 0.0661065 0.0614693 0.0559012 0.0498811 0.043778 0.0378342 0.0321729 0.0268256 0.0217805 0.0170443 0.0126927 0.0088726
 0.00758768 0.0120139 0.0175307 0.0239833 0.0312335 0.0391071 0.0472655 0.0551551 0.0620988 0.06745 0.0707151 0.0716353 0.0702338 0.0668062 0.061837 0.0558781 0.049442 0.0429366 0.0366393 0.030702 0.0251811 0.0200857 0.0154335 0.011289 0.00775985
 0.00758972 0.0120297 0.0175786 0.0240911 0.031435 0.0394354 0.0477449 0.0557933 0.0628826 0.0683446 0.0716675 0.072581 0.0711046 0.0675348 0.0623592 0.0561355 0.0493888 0.0425496 0.0359279 0.029713 0.0239971 0.018817 0.0142016 0.0102032 0.00689419
 0.00757014 0.0119918 0.0175119 0.0239861 0.0312907 0.0392694 0.0475991 0.0557295 0.0629667 0.068624 0.072154 0.0732458 0.0718848 0.0683473 0.0631143 0.0567484 0.0497874 0.0426818 0.0357703 0.0292787 0.0233387 0.0180213 0.0133735 0.00944231 0.00627176
 0.00754842 0.0119604 0.0174707 0.0239351 0.0312271 0.039185 0.0474828 0.0555772 0.0627937 0.0684733 0.0720905 0.0733338 0.0721613 0.0688028 0.0636928 0.0573618 0.0503375 0.0430811 0.0359571 0.0292285 0.0230695 0.01759 0.0128623 0.00893722 0.00583996
