SBPRF35
7.78865
Curr Bio
505885
B35
690129
F35
0.212197
FOFL
0.142392
OFL
53994.8
Bzero
2.22533e+006
#pred survey bio
 4.81025e+006 4.54168e+006 4.27871e+006 3.9661e+006 3.62519e+006 3.26287e+006 2.92329e+006 2.58148e+006 2.2607e+006 1.99174e+006 1.74164e+006 1.57657e+006 1.39465e+006 1.23974e+006 1.08803e+006 968288 871094 805267 755889 716457 685237 656298 624535 616800 615205 615742 607095 602293 600043 604980 602209 596247 597449 593096 584853 575738 566683 561116 567240 576424 575034 589265 590677 586802 597284 600691 605825 609943 620551 616296 619829 594264 565171 531764 520334 506945 511461 1.67846e+007 1.00565e+007 1.03664e+007 1.12032e+007 1.23102e+007 1.34419e+007 1.44544e+007 1.52899e+007 1.59437e+007 1.64376e+007 1.68019e+007 1.70667e+007 1.72574e+007 1.73943e+007 1.74925e+007 1.75631e+007 1.76141e+007 1.76511e+007 1.76781e+007 1.7698e+007 1.77127e+007 1.77237e+007 1.77319e+007 1.77381e+007 1.77428e+007 1.77463e+007 1.7749e+007 1.77511e+007 1.77527e+007 1.77539e+007 1.77548e+007 1.77555e+007 1.7756e+007 1.77565e+007 1.77568e+007 1.7757e+007 1.77572e+007 1.77574e+007 1.77575e+007 1.77576e+007 1.77577e+007 1.77577e+007 1.77578e+007 1.77578e+007 1.77578e+007 1.77578e+007 1.77579e+007 1.77579e+007 1.77579e+007 1.77579e+007 1.77579e+007 1.77579e+007 1.77579e+007 1.77579e+007 1.77579e+007 1.77579e+007 1.77579e+007 1.77579e+007 1.77579e+007 1.77579e+007 1.77579e+007 1.77579e+007 1.77579e+007 1.77579e+007 1.77579e+007 1.77579e+007 1.77579e+007 1.77579e+007 1.77579e+007 1.77579e+007 1.77579e+007 1.77579e+007 1.77579e+007 1.77579e+007 1.77579e+007 1.77579e+007 1.77579e+007 1.77579e+007 1.77579e+007 1.77579e+007 1.77579e+007 1.77579e+007 1.77579e+007 1.77579e+007 1.77579e+007 1.77579e+007 1.77579e+007 1.77579e+007 1.77579e+007 1.77579e+007 1.77579e+007 1.77579e+007 1.77579e+007 1.77579e+007 1.77579e+007 1.77579e+007 1.77579e+007 1.77579e+007 1.77579e+007 1.77579e+007 0 0 0 0 0 0 0 0 0 0 0 0 0 0 0 0 0 0 0 0 0 0 0 0 0
#obs survey bio
 3.73868e+006 3.89347e+006 4.0605e+006 3.81248e+006 2.53884e+006 2.68338e+006 2.7593e+006 2.45567e+006 1.60569e+006 1.40701e+006 1.36954e+006 1.42586e+006 1.179e+006 822203 973185 682982 864627 586148 689418 500474 681763 567037 764256 568328 519033 401157 458035 685907 444276 460305 459141 619882 518470 580283 706371 563694 640177 584191 651590 541893 465574 597566 763447 591410 421188 622014 584297 715362 528704 609393 608441 758127 546445 510035 509514 630784 516578
#pred catch bio
 96576.6 95414.8 154312 203558 253255 265933 301343 313799 294953 300932 242836 269322 252095 251627 223608 202625 173965 158223 147302 137196 131772 130424 107862 102294 100879 108599 104367 101051 94611 100663 101634 93137.2 94664.7 93656.6 90047.9 88616.9 88540 82968.1 83170.4 92677.1 79883.3 91068 95320.4 83898 90843.4 89774.7 91053.4 86273.7 98736.5 91375.4 114395 115420 117298 97279.5 97253.8 80009.1 105936 53994.8 77491.6 78448.4 83596.8 91529.9 99846.8 107222 113176 117697 120984 123298 124888 125960 126673 127141 127446 127643 127770 127851 127903 127935 127956 127969 127978 127983 127986 127988 127990 127990 127991 127991 127991 127991 127992 127992 127992 127992 127992 127992 127992 127992 127992 127992 127992 127992 127992 127992 127992 127992 127992 127992 127992 127992 127992 127992 127992 127992 127992 127992 127992 127992 127992 127992 127992 127992 127992 127992 127992 127992 127992 127992 127992 127992 127992 127992 127992 127992 127992 127992 127992 127992 127992 127992 127992 127992 127992 127992 127992 127992 127992 127992 127992 127992 127992 127992 127992 127992 127992 127992 127992 0 0 0 0 0 0 0 0 0 0 0 0 0 0 0 0 0 0 0 0 0 0 0 0 0
#obs catch bio
 0 95133.2 154958 204685 256144 268747 306837 320257 301741 311257 249611 278892 260231 260574 229711 208484 177460 162037 150880 140370 134346 133282 109296 103903 102380 111088 106827 102586 96084.7 102665 104148 94691.4 96339 95003.2 90800.1 89236.9 89233.2 83468.3 83384.2 93001.1 79804.4 91290.9 95444.9 83935.1 91481 90172 91307.3 86479.2 99365.9 91540.3 114775 115429 117725 97133.4 97435 79539.7 106202
#pred cpue bio
 4.73936e+006 4.47604e+006 4.21692e+006 3.90592e+006 3.56629e+006 3.20557e+006 2.86741e+006 2.52734e+006 2.20835e+006 1.94076e+006 1.69239e+006 1.52848e+006 1.34882e+006 1.19617e+006 1.04715e+006 929671 834514 770126 721988 683878 653940 626224 595651 588239 586638 586993 578521 574136 572248 577098 574507 569164 571042 567613 560528 552351 542913 535866 540883 549965 548976 562946 564345 560483 570495 573741 578796 582773 593073 589059 592742 567914 539302 506569 495586 483022 488153 1.60378e+007 9.61488e+006 9.79065e+006 1.04926e+007 1.15562e+007 1.26783e+007 1.36891e+007 1.45243e+007 1.51781e+007 1.5672e+007 1.60363e+007 1.63011e+007 1.64918e+007 1.66287e+007 1.67268e+007 1.67974e+007 1.68484e+007 1.68854e+007 1.69125e+007 1.69324e+007 1.69471e+007 1.69581e+007 1.69663e+007 1.69725e+007 1.69771e+007 1.69807e+007 1.69834e+007 1.69854e+007 1.6987e+007 1.69882e+007 1.69891e+007 1.69898e+007 1.69904e+007 1.69908e+007 1.69911e+007 1.69914e+007 1.69916e+007 1.69917e+007 1.69919e+007 1.69919e+007 1.6992e+007 1.69921e+007 1.69921e+007 1.69921e+007 1.69922e+007 1.69922e+007 1.69922e+007 1.69922e+007 1.69922e+007 1.69922e+007 1.69922e+007 1.69922e+007 1.69922e+007 1.69922e+007 1.69922e+007 1.69922e+007 1.69922e+007 1.69922e+007 1.69923e+007 1.69923e+007 1.69923e+007 1.69923e+007 1.69923e+007 1.69923e+007 1.69923e+007 1.69923e+007 1.69923e+007 1.69923e+007 1.69923e+007 1.69923e+007 1.69923e+007 1.69923e+007 1.69923e+007 1.69923e+007 1.69923e+007 1.69923e+007 1.69923e+007 1.69923e+007 1.69923e+007 1.69923e+007 1.69923e+007 1.69923e+007 1.69923e+007 1.69923e+007 1.69923e+007 1.69923e+007 1.69923e+007 1.69923e+007 1.69923e+007 1.69923e+007 1.69923e+007 1.69923e+007 1.69923e+007 1.69923e+007 1.69923e+007 1.69923e+007 1.69923e+007 1.69923e+007 1.69923e+007 1.69923e+007 0 0 0 0 0 0 0 0 0 0 0 0 0 0 0 0 0 0 0 0 0 0 0 0 0
#obs cpue bio
 2.9898e+006 3.74836e+006 2.5264e+006 2.68191e+006 2.47235e+006 3.67425e+006 1.58718e+006 2.22719e+006 1.74768e+006 1.19097e+006 1.26169e+006 1.35822e+006 1.2267e+006 1.26151e+006 1.14411e+006 825209 855585 570082 538780 699807 601105 525687 467953 416114 551790 463284 465895 690311 483155 495940 399805 588013 519038 600539 605247 558707 429391 481375 577868 665688 673164 516408 499046 452284 529736 590526 695639 406996 631141 577793 734628 489284 488600 602696 487861 497721 423132
#pred surv len freq
 0.00553191 0.00888391 0.0131868 0.018359 0.0242407 0.030531 0.0367514 0.042347 0.0468937 0.0502474 0.0525249 0.0539731 0.0548454 0.0553345 0.0555481 0.0555044 0.055147 0.0543681 0.0530187 0.0508965 0.0477404 0.04329 0.0374443 0.0304464 0.0229455
 0.00583292 0.00925148 0.0135206 0.0185054 0.0240527 0.0299531 0.0358744 0.0413866 0.0460931 0.0497604 0.0523522 0.0539853 0.0548681 0.0552432 0.0553256 0.055243 0.0550008 0.0544782 0.053443 0.051577 0.048526 0.0440044 0.0379603 0.0307272 0.0230347
 0.00617335 0.00979317 0.0143054 0.0195417 0.0252887 0.0312524 0.0370192 0.0421327 0.04627 0.0493601 0.0515378 0.0530019 0.053916 0.0544009 0.0545665 0.0545158 0.0543038 0.0538756 0.0530219 0.0513822 0.0485228 0.0440951 0.0380379 0.0307284 0.022957
 0.0064467 0.0102384 0.0149776 0.0204935 0.0265595 0.0328468 0.0388773 0.044106 0.0481241 0.0508189 0.0523646 0.0530847 0.0533078 0.0532847 0.0531645 0.0530059 0.0527934 0.0524294 0.0516964 0.0502313 0.0475764 0.0433419 0.037437 0.0302379 0.0225555
 0.00674122 0.0107028 0.0156511 0.021407 0.0277351 0.034295 0.0405883 0.0460356 0.0501794 0.0528484 0.0541616 0.0544151 0.053967 0.0531648 0.0522949 0.0515378 0.0509392 0.0503968 0.0496524 0.0482982 0.045838 0.0418483 0.0362074 0.0292679 0.0218267
 0.00710154 0.0112674 0.0164615 0.0224885 0.0290945 0.0359174 0.0424324 0.0480328 0.0522407 0.054874 0.0560418 0.0560215 0.0551457 0.0537519 0.0521588 0.0506307 0.0493265 0.0482446 0.047182 0.0457345 0.0433745 0.0396316 0.0343335 0.0277826 0.020729
 0.00741969 0.0117766 0.0172128 0.023524 0.0304391 0.0375679 0.0443448 0.0501194 0.0543834 0.0569483 0.0579362 0.0576418 0.0564046 0.0545539 0.0523962 0.050203 0.0481792 0.0464091 0.0447907 0.0430014 0.0405515 0.0369587 0.0319997 0.0259024 0.0193356
 0.00780936 0.0123865 0.0180877 0.0246915 0.0319086 0.0393268 0.0463513 0.0522959 0.0566196 0.0591152 0.0599046 0.0592979 0.0576576 0.0553331 0.0526402 0.0498506 0.0471757 0.0447332 0.0424918 0.0402236 0.0375257 0.0339608 0.0292895 0.0236669 0.0176567
 0.00826182 0.0130936 0.0190987 0.0260331 0.0335811 0.0412996 0.048556 0.054626 0.0589432 0.0612969 0.0618253 0.0608626 0.0587939 0.0559858 0.0527659 0.0494113 0.0461375 0.043076 0.0402361 0.0374634 0.0344473 0.0308258 0.0263799 0.021214 0.0157849
 0.00859132 0.0136269 0.0198964 0.0271488 0.0350501 0.0431213 0.050677 0.0569352 0.0612891 0.0635186 0.0637811 0.0624453 0.0599316 0.0566347 0.0528991 0.0490092 0.045182 0.0415556 0.0381646 0.0349096 0.03156 0.0278333 0.02355 0.0187855 0.0139035
 0.00893272 0.0141673 0.0206831 0.0282185 0.0364249 0.0448021 0.0526316 0.0590895 0.0635276 0.0656975 0.0657493 0.0640657 0.0610988 0.0572839 0.0530033 0.0485666 0.0442018 0.0400517 0.0361643 0.0324773 0.0288231 0.0249899 0.020842 0.0164396 0.0120677
 0.00906034 0.0143796 0.0210125 0.0287 0.0370924 0.0456802 0.0537267 0.0603844 0.0649814 0.0672492 0.0673194 0.0655578 0.0624047 0.0582945 0.0536235 0.0487276 0.0438647 0.0392061 0.0348294 0.0307107 0.0267355 0.0227505 0.0186588 0.0145131 0.0105371
 0.00929544 0.0147545 0.0215629 0.0294541 0.0380651 0.0468654 0.0550891 0.0618572 0.0664766 0.0686756 0.0685987 0.0666314 0.0632299 0.0588366 0.0538481 0.0485989 0.04335 0.0382854 0.0335068 0.0290286 0.024787 0.0206817 0.016651 0.0127425 0.00912749
 0.00948104 0.0150542 0.0220102 0.0300789 0.0388882 0.0478899 0.0562903 0.0631785 0.0678355 0.0699784 0.069757 0.0675745 0.0639109 0.0592309 0.0539468 0.0483978 0.0428429 0.037464 0.0323718 0.0276065 0.0231464 0.0189391 0.0149556 0.0112423 0.0079285
 0.00977919 0.0155176 0.022668 0.0309439 0.0399558 0.0491362 0.0576679 0.0646145 0.0692375 0.0712474 0.0708036 0.0683309 0.0643373 0.0593171 0.053707 0.047861 0.0420409 0.0364239 0.0311169 0.0261683 0.0215807 0.0173352 0.0134293 0.00990922 0.00687092
 0.0100096 0.0158817 0.0231959 0.0316559 0.0408573 0.0502118 0.0588753 0.0658835 0.0704796 0.0723729 0.0717357 0.0690127 0.0647327 0.0594098 0.0534993 0.0473717 0.0413003 0.0354677 0.0299825 0.0248978 0.0202291 0.015977 0.0121544 0.00880571 0.00600002
 0.0102836 0.0162981 0.0237689 0.0323803 0.0417129 0.0511689 0.0598971 0.0669248 0.0714858 0.0732832 0.0724903 0.0695607 0.0650384 0.0594551 0.0532836 0.0469089 0.0406154 0.0345937 0.0289585 0.0237693 0.019051 0.0148153 0.0110822 0.00788978 0.00528408
 0.010407 0.0164966 0.0240629 0.032786 0.0422367 0.0518021 0.0606108 0.0676724 0.0722141 0.0739455 0.0730545 0.0700061 0.0653486 0.0596124 0.0532703 0.0467122 0.0402332 0.034037 0.028252 0.0229509 0.0181707 0.0139334 0.0102622 0.0071875 0.00473496
 0.0103882 0.0164808 0.0240672 0.0328364 0.0423637 0.0520308 0.0609521 0.0681175 0.0727348 0.0745006 0.0735973 0.0704936 0.0657471 0.0598988 0.0534291 0.0467319 0.0401055 0.0337602 0.0278356 0.0224189 0.0175625 0.0133002 0.00965968 0.00666468 0.00432321
 0.0103942 0.0164832 0.0240585 0.032808 0.0423121 0.0519655 0.0608997 0.0681178 0.072827 0.0747068 0.0739125 0.0708858 0.0661677 0.0602964 0.0537591 0.0469616 0.0402141 0.0337372 0.0276815 0.0221473 0.0172014 0.0128906 0.0092489 0.00629626 0.00402698
 0.0104001 0.01649 0.0240629 0.0328045 0.042293 0.051923 0.0608298 0.0680246 0.0727276 0.0746315 0.0738977 0.0709615 0.0663438 0.0605559 0.0540626 0.0472591 0.0404579 0.0338915 0.0277266 0.0220812 0.0170397 0.0126634 0.00899483 0.0060534 0.00382378
 0.0104541 0.0165677 0.0241611 0.0329132 0.0423979 0.0520091 0.0608843 0.068039 0.0726986 0.074563 0.0738033 0.0708647 0.0662737 0.0605379 0.0541077 0.0473579 0.0405823 0.0340043 0.0277934 0.0220805 0.0169677 0.0125339 0.00883361 0.00588973 0.00368162
 0.0106918 0.0169153 0.0246116 0.0334338 0.0429377 0.0525124 0.0613022 0.0683348 0.072849 0.0745595 0.0736537 0.0705936 0.0659193 0.0601464 0.0537251 0.0470199 0.0403066 0.0337882 0.0276188 0.021924 0.0168114 0.0123718 0.00867206 0.00574163 0.00355934
 0.0108137 0.0170913 0.024835 0.0336828 0.0431797 0.0527128 0.0614325 0.068378 0.0728031 0.074438 0.073482 0.0704019 0.065734 0.0599853 0.0535973 0.0469289 0.040252 0.0337647 0.0276151 0.0219243 0.0168005 0.0123411 0.00862255 0.00568211 0.00350126
 0.0109013 0.0172236 0.0250146 0.0339037 0.043427 0.0529631 0.0616558 0.0685417 0.0728796 0.0744131 0.0733614 0.0702094 0.0655045 0.0597538 0.0533909 0.0467633 0.0401319 0.0336864 0.0275694 0.0218986 0.0167817 0.0123192 0.00859313 0.00564702 0.00346594
 0.0108235 0.0171234 0.024912 0.0338329 0.0434256 0.0530562 0.0618424 0.0687926 0.0731467 0.0746458 0.0735204 0.0702751 0.0654786 0.0596561 0.0532515 0.0466133 0.0399961 0.0335789 0.0274935 0.0218494 0.0167501 0.0122957 0.00857129 0.00562465 0.00344422
 0.0106523 0.0168837 0.0246234 0.03354 0.0431888 0.0529339 0.061874 0.0689881 0.073484 0.0750737 0.0739686 0.0706707 0.0657647 0.0598052 0.053269 0.0465297 0.0398534 0.0334174 0.0273427 0.0217249 0.0166555 0.012227 0.00852202 0.0055889 0.00341823
 0.0106692 0.0168787 0.0245585 0.0333661 0.0428663 0.0524617 0.0613091 0.0684391 0.0730753 0.0748991 0.0740581 0.0709862 0.0662209 0.0603026 0.0537231 0.0468887 0.040102 0.0335687 0.0274237 0.0217637 0.016673 0.0122351 0.00852542 0.00558927 0.00341642
 0.0107869 0.0170465 0.0247651 0.0335811 0.0430418 0.0525407 0.0612394 0.0681911 0.0726618 0.074385 0.0735496 0.0705959 0.0660261 0.0603181 0.0539037 0.0471563 0.0403793 0.0338028 0.0275933 0.0218721 0.0167356 0.0122686 0.0085424 0.00559727 0.00341955
 0.0106683 0.0168861 0.0245831 0.0334138 0.042929 0.0525049 0.0612704 0.0682457 0.072681 0.0743205 0.0733876 0.0703677 0.0657984 0.060167 0.0538828 0.0472756 0.0406053 0.0340778 0.0278613 0.022096 0.0169019 0.0123812 0.00861313 0.00563891 0.00344251
 0.0104214 0.0165308 0.024135 0.0329202 0.0424588 0.052131 0.0610506 0.0682095 0.0728207 0.0745901 0.073713 0.0706698 0.0660227 0.0603025 0.0539605 0.0473462 0.0407104 0.034231 0.0280475 0.0222856 0.0170677 0.0125084 0.00870037 0.00569307 0.00347322
 0.0102524 0.0162623 0.0237448 0.0323975 0.0418138 0.0514049 0.0603214 0.0675828 0.0724029 0.0744523 0.0738651 0.0710587 0.0665534 0.0608731 0.0544935 0.0478052 0.0410965 0.0345644 0.0283466 0.0225556 0.0173017 0.0126969 0.00883904 0.00578576 0.00352945
 0.0100258 0.0159124 0.0232527 0.0317582 0.0410366 0.050515 0.0593645 0.0666305 0.0715509 0.073808 0.0735242 0.0710779 0.0669305 0.0615434 0.0553489 0.0487268 0.0419867 0.0353635 0.0290304 0.0231218 0.0177562 0.0130468 0.00909353 0.00595797 0.00363665
 0.00973492 0.0154782 0.022671 0.0310499 0.0402409 0.0496777 0.05853 0.0658405 0.0708473 0.0732358 0.0731316 0.0709133 0.0670322 0.0619253 0.0559864 0.0495546 0.042912 0.0362902 0.0298819 0.0238515 0.0183458 0.0134977 0.00941901 0.00617786 0.00377428
 0.00973719 0.0154421 0.0225446 0.0307651 0.0397363 0.0489315 0.0575849 0.064801 0.069847 0.0723937 0.0725234 0.0705693 0.0669542 0.0621032 0.0564031 0.0501795 0.0436932 0.0371549 0.0307486 0.0246474 0.0190207 0.0140289 0.00980782 0.0064421 0.00394024
 0.0106109 0.0166716 0.0240397 0.0323162 0.0410662 0.0497834 0.0578005 0.0643535 0.0688293 0.070982 0.0709332 0.0690105 0.065593 0.0610415 0.0556801 0.0497873 0.0435931 0.0372876 0.0310408 0.025021 0.0194047 0.014371 0.0100793 0.00663666 0.0040667
 0.0113574 0.0178431 0.0257147 0.034514 0.0437133 0.0526802 0.0606093 0.0666449 0.0701973 0.0711823 0.0699682 0.0671134 0.0631304 0.058395 0.0531593 0.0475932 0.0418219 0.0359544 0.0301068 0.0244164 0.0190477 0.0141821 0.00999245 0.00660401 0.00405854
 0.0111762 0.0176753 0.0256964 0.0348495 0.0446208 0.054301 0.0629225 0.0694319 0.0730748 0.0736906 0.0716858 0.0677656 0.0626597 0.0569656 0.0510918 0.0452598 0.0395479 0.033962 0.0285046 0.0232211 0.0182157 0.0136409 0.00966348 0.00641725 0.00395966
 0.0107344 0.0170105 0.0248033 0.0337798 0.0434954 0.0533137 0.062324 0.0694767 0.0739311 0.0753452 0.0739022 0.0701339 0.064723 0.0583654 0.0516688 0.0450724 0.0388142 0.0329612 0.0274853 0.0223474 0.0175585 0.0131991 0.00939585 0.0062709 0.00388751
 0.0105595 0.0167097 0.0243223 0.033064 0.0425111 0.0520802 0.0609442 0.0681467 0.0729112 0.0748958 0.0742001 0.0711983 0.0663838 0.0602989 0.0534966 0.0464844 0.0396592 0.0332651 0.0273993 0.0220637 0.0172376 0.0129351 0.00921942 0.00617225 0.00384152
 0.0106694 0.0168614 0.0244982 0.0332243 0.0425962 0.052021 0.0606778 0.067639 0.0721837 0.0740464 0.0734 0.0706522 0.0662599 0.0606559 0.0542479 0.0474239 0.0405416 0.0339007 0.0277138 0.022098 0.0170993 0.0127375 0.00904051 0.00604509 0.00376624
 0.010585 0.0167375 0.0243358 0.033031 0.0423812 0.0517872 0.0604168 0.0673319 0.0718098 0.0735988 0.0729034 0.0701755 0.0659108 0.0605515 0.0544655 0.0479571 0.0412884 0.0346986 0.0284046 0.0225865 0.0173732 0.0128466 0.00905571 0.00602471 0.00374302
 0.0106289 0.0168032 0.0244241 0.0331389 0.0425026 0.0519137 0.0605369 0.0674281 0.0718569 0.0735649 0.0727586 0.0699069 0.0655395 0.0601402 0.0541075 0.0477438 0.0412695 0.0348573 0.0286661 0.022855 0.0175761 0.0129576 0.00908964 0.00601481 0.00371918
 0.0107806 0.0170283 0.0247225 0.0334959 0.0428919 0.0523038 0.060896 0.0677264 0.0720677 0.0736658 0.0727329 0.0697452 0.0652435 0.0597299 0.0536272 0.0472603 0.0408559 0.0345669 0.0285117 0.0228075 0.0175838 0.0129737 0.00909006 0.00599787 0.00369473
 0.0106638 0.0168658 0.0245286 0.0333001 0.0427309 0.0522066 0.0608738 0.0677716 0.0721616 0.0737881 0.0728668 0.0698762 0.0653562 0.0598077 0.0536581 0.0472456 0.0408144 0.0345293 0.0285059 0.0228439 0.0176516 0.0130496 0.00915272 0.00603756 0.00371346
 0.0105994 0.0167678 0.0243946 0.0331351 0.0425487 0.052031 0.0607361 0.0677037 0.0721844 0.0739013 0.073047 0.0700852 0.0655548 0.0599668 0.0537626 0.0472934 0.0408146 0.0345002 0.0284704 0.0228214 0.0176509 0.013067 0.00917731 0.00605914 0.00372711
 0.010649 0.016827 0.0244442 0.0331451 0.0424876 0.0518801 0.0605025 0.0674224 0.0719089 0.073687 0.0729341 0.0700877 0.0656588 0.0601378 0.0539581 0.0474762 0.0409615 0.0346045 0.0285385 0.0228667 0.017686 0.0130992 0.00920743 0.00608441 0.00374518
 0.010628 0.0168068 0.0244383 0.0331708 0.0425569 0.0519879 0.0606199 0.0675042 0.0719136 0.0735988 0.0727729 0.0699008 0.0654992 0.060042 0.0539357 0.047512 0.0410279 0.0346748 0.0285961 0.0229071 0.0177127 0.0131182 0.00922276 0.00609732 0.00375521
 0.0104598 0.0165579 0.0241104 0.0327842 0.0421478 0.051602 0.0603035 0.0672945 0.0718283 0.0736295 0.0728888 0.0700635 0.0656811 0.0602349 0.0541454 0.0477447 0.0412796 0.0349298 0.028834 0.0231111 0.017875 0.0132393 0.00930843 0.0061549 0.00379172
 0.0104014 0.0164714 0.0239959 0.0326479 0.0420014 0.05146 0.0601823 0.0672102 0.0717941 0.0736511 0.0729602 0.0701667 0.0657911 0.0603298 0.0542153 0.0477945 0.0413225 0.0349781 0.0288917 0.0231738 0.0179348 0.0132896 0.00934644 0.00618124 0.00380863
 0.0103887 0.0164354 0.0239143 0.0324928 0.0417489 0.0511052 0.0597498 0.0667541 0.0713837 0.07335 0.0728091 0.0701759 0.0659423 0.0605849 0.054528 0.0481224 0.0416359 0.0352614 0.0291398 0.0233859 0.0181102 0.0134279 0.00944879 0.00625155 0.00385317
 0.0106557 0.0168469 0.0244893 0.0332274 0.0426105 0.0520279 0.0606349 0.067483 0.0718472 0.0734829 0.0726111 0.0697069 0.0652966 0.05986 0.0538027 0.047448 0.0410391 0.0347524 0.02872 0.0230525 0.017857 0.0132453 0.00932457 0.00617218 0.00380583
 0.0107407 0.0170084 0.0247744 0.0336915 0.0433002 0.0529546 0.0617513 0.068678 0.0729654 0.0743629 0.0731257 0.0697928 0.0649656 0.0591897 0.0529107 0.0464598 0.0400608 0.0338577 0.0279502 0.0224233 0.0173675 0.0128837 0.00907234 0.00600732 0.00370559
 0.0107531 0.0170452 0.024862 0.0338685 0.0436121 0.0534432 0.0624397 0.0695554 0.0739764 0.0754058 0.0740649 0.070486 0.0653011 0.0591177 0.0524561 0.0457109 0.0391407 0.0328912 0.0270382 0.0216316 0.0167272 0.0123987 0.00872846 0.00577981 0.00356598
 0.010575 0.0167687 0.0244725 0.0333672 0.0430228 0.0528195 0.0618679 0.0691464 0.0738399 0.0756145 0.0746237 0.0713215 0.066276 0.060067 0.0532319 0.0462201 0.0393624 0.0328684 0.0268514 0.0213676 0.0164562 0.0121646 0.0085496 0.00565656 0.00348876
 0.0103672 0.0164603 0.0240625 0.032873 0.0424748 0.0522522 0.0613162 0.0686494 0.0734476 0.0753884 0.0746259 0.0715926 0.0668121 0.0608069 0.0540656 0.0470182 0.040014 0.0333114 0.027082 0.0214283 0.0164104 0.0120724 0.00845377 0.00557913 0.00343565
 0.00972339 0.0155007 0.0227818 0.0313274 0.0407707 0.0505237 0.0597064 0.0672969 0.0724729 0.0748775 0.0746178 0.0720788 0.0677431 0.062099 0.0556033 0.0486605 0.0416112 0.0347321 0.0282394 0.022293 0.0170048 0.0124506 0.00867823 0.00570457 0.00350218
#obs surv len freq
 nan nan nan nan nan nan nan nan nan nan nan nan nan nan nan nan nan nan nan nan nan nan nan nan nan
 0.00448659 0.00734893 0.01118 0.0159974 0.0216989 0.0279748 0.034289 0.0400198 0.0446984 0.0481608 0.0505171 0.0520112 0.0529018 0.0534128 0.0537259 0.0539799 0.0542578 0.0545501 0.0546886 0.0542804 0.0527185 0.049351 0.0438013 0.0362822 0.0276668
 0.00461474 0.00755986 0.0115019 0.016457 0.022315 0.0287478 0.0351911 0.0409923 0.0456601 0.0490244 0.0512057 0.0524697 0.0531023 0.0533543 0.0534303 0.0534841 0.0536052 0.0537832 0.0538463 0.0533998 0.0518383 0.0485142 0.0430526 0.0356593 0.0271907
 0.00477804 0.00782678 0.0119064 0.0170317 0.0230854 0.029722 0.0363483 0.0422781 0.0469904 0.0502983 0.0523205 0.0533341 0.0536464 0.0535376 0.0532447 0.0529518 0.0527718 0.0527085 0.052597 0.0520461 0.0504558 0.0471835 0.0418538 0.0346585 0.0264244
 0.00497004 0.00814008 0.0123801 0.0177033 0.0239834 0.0308554 0.0376949 0.0437795 0.0485593 0.0518329 0.0537177 0.0544977 0.0544914 0.0539957 0.0532707 0.0525307 0.0519208 0.0514763 0.051059 0.0502998 0.0486166 0.0453786 0.0402087 0.0332758 0.0253617
 0.00518706 0.00849626 0.0129224 0.0184773 0.0250246 0.032175 0.0392651 0.0455293 0.0503845 0.053616 0.0553461 0.0558731 0.0555311 0.0546307 0.0534464 0.05221 0.0510914 0.0501586 0.0493131 0.0482291 0.046365 0.0431188 0.0381178 0.0315014 0.0239898
 0.00540935 0.00885988 0.0134741 0.0192629 0.0260808 0.0335169 0.0408719 0.047338 0.0522967 0.0555152 0.0571149 0.0574043 0.0567332 0.0554285 0.0537795 0.0520316 0.0503713 0.0488927 0.0475372 0.0460331 0.043899 0.0405825 0.0357288 0.0294485 0.0223892
 0.00564604 0.00924827 0.0140653 0.0201068 0.0272165 0.0349576 0.0425898 0.0492589 0.0543118 0.0575014 0.0589546 0.058995 0.057989 0.0562782 0.0541639 0.0519019 0.0496905 0.0476427 0.0457351 0.0437518 0.0412824 0.0378412 0.033107 0.0271687 0.0205958
 0.00588343 0.00963849 0.0146607 0.0209591 0.0283673 0.0364224 0.0443422 0.0512242 0.0563771 0.0595374 0.0608365 0.0606154 0.0592619 0.0571374 0.0545581 0.051789 0.0490353 0.0464226 0.0439554 0.0414702 0.0386301 0.0350254 0.0303813 0.0247736 0.0186956
 0.00614075 0.0100571 0.0152915 0.0218497 0.029554 0.0379159 0.0461132 0.0531975 0.0584408 0.0615636 0.0627011 0.0622107 0.060502 0.0579577 0.0549122 0.0516426 0.0483618 0.0452037 0.0421947 0.039216 0.0360009 0.0322174 0.0276436 0.0223507 0.0167605
 0.0063747 0.0104422 0.0158796 0.022692 0.0306901 0.0393582 0.0478303 0.05511 0.0604337 0.0635095 0.0644813 0.0637261 0.0616749 0.0587295 0.0552399 0.0514946 0.0477144 0.0440423 0.0405236 0.0370788 0.0335042 0.0295415 0.0250223 0.0200185 0.014888
 0.00660716 0.0108246 0.0164635 0.023528 0.031818 0.040791 0.0495374 0.0570114 0.0624109 0.0654283 0.0662151 0.0651707 0.0627539 0.0593935 0.0554602 0.0512555 0.0470065 0.0428618 0.0388804 0.0350158 0.0311192 0.0269986 0.0225357 0.0178051 0.0131078
 0.00683604 0.0111983 0.0170289 0.0243299 0.0328905 0.0421439 0.0511422 0.0587952 0.0642658 0.0672307 0.0678452 0.0665262 0.0637565 0.0599907 0.0556236 0.0509751 0.0462832 0.0417039 0.037308 0.0330749 0.0289012 0.0246513 0.0202498 0.0157742 0.0114748
 0.00706335 0.0115719 0.0175984 0.0251428 0.033982 0.0435199 0.0527643 0.0605765 0.0660851 0.0689577 0.0693631 0.0677439 0.0646107 0.0604432 0.055657 0.0505882 0.045486 0.0405147 0.0357564 0.0312122 0.0268157 0.0224764 0.0181534 0.0139241 0.00999319
 0.00725511 0.0118902 0.0180895 0.0258538 0.0349505 0.044759 0.0542459 0.0622258 0.0677906 0.070592 0.070806 0.0688972 0.065406 0.0608426 0.0556488 0.0501798 0.0446968 0.039372 0.0342971 0.0294914 0.0249181 0.0205222 0.0162882 0.0122899 0.00869133
 0.00742523 0.0121676 0.0185087 0.0264481 0.0357465 0.045767 0.0554496 0.0635762 0.0692099 0.0719857 0.0720753 0.0699515 0.0661708 0.0612665 0.0557056 0.0498667 0.0440292 0.0383788 0.0330193 0.0279864 0.023267 0.0188328 0.0146862 0.0108945 0.00758481
 0.00754051 0.012353 0.0187842 0.026832 0.0362532 0.0464034 0.0562102 0.0644407 0.0701442 0.0729452 0.0730089 0.0708027 0.0668802 0.0617754 0.0559636 0.049838 0.0436975 0.0377488 0.0321174 0.0268616 0.0219928 0.017506 0.0134162 0.00978289 0.00670144
 0.00759882 0.012449 0.0189311 0.027043 0.0365395 0.0467709 0.056656 0.0649529 0.0707043 0.0735331 0.0736047 0.0713844 0.0674199 0.0622363 0.0563006 0.0500036 0.0436505 0.0374639 0.0315923 0.0261226 0.0210958 0.0165322 0.0124603 0.00893365 0.00602046
 0.0076624 0.0125424 0.0190537 0.027189 0.0367013 0.046944 0.0568424 0.06516 0.0709415 0.0738067 0.073915 0.0717249 0.0677767 0.0625877 0.0566159 0.0502435 0.0437712 0.0374251 0.0313687 0.0257136 0.0205318 0.0158727 0.0117824 0.00831343 0.00551372
 0.00772594 0.0126416 0.0191948 0.0273733 0.0369237 0.047191 0.0570926 0.0653884 0.0711279 0.0739447 0.0740149 0.0718082 0.0678653 0.0626937 0.056736 0.0503583 0.0438487 0.0374272 0.0312612 0.0254777 0.0201739 0.0154271 0.011304 0.0078624 0.00513751
 0.0077602 0.0126945 0.0192691 0.0274701 0.0370416 0.047327 0.0572407 0.0655393 0.0712695 0.0740649 0.0741054 0.0718689 0.0679054 0.0627279 0.0567772 0.0504102 0.0439006 0.0374553 0.0312352 0.0253724 0.0199801 0.0151586 0.0109951 0.00755686 0.00487389
 0.00781342 0.0127742 0.0193764 0.0276012 0.0371892 0.0474814 0.0573919 0.0656775 0.0713862 0.0741536 0.0741626 0.0718942 0.0679018 0.0627022 0.0567394 0.0503703 0.0438636 0.0374168 0.0311812 0.0252845 0.0198453 0.0149775 0.0107846 0.00734438 0.00468673
 0.00785386 0.0128338 0.0194545 0.027693 0.0372864 0.0475747 0.0574726 0.0657391 0.0714258 0.0741726 0.074166 0.0718887 0.0678932 0.0626936 0.0567318 0.0503633 0.0438565 0.0374066 0.0311612 0.0252446 0.0197761 0.0148764 0.0106593 0.00721142 0.00456486
 0.00785811 0.0128425 0.0194707 0.0277198 0.0373258 0.0476251 0.057528 0.06579 0.0714626 0.0741898 0.0741647 0.0718757 0.0678775 0.0626831 0.0567305 0.0503713 0.0438703 0.0374208 0.031169 0.0252384 0.0197493 0.0148263 0.0105897 0.00713228 0.00448875
 0.00787383 0.0128613 0.0194869 0.0277248 0.0373114 0.0475881 0.0574735 0.0657303 0.0714116 0.0741573 0.0741534 0.0718824 0.0678971 0.062712 0.0567671 0.0504147 0.0439185 0.0374697 0.0312125 0.0252697 0.0197624 0.0148185 0.010563 0.00709338 0.00444663
 0.0078903 0.0128865 0.0195212 0.0277665 0.0373558 0.047627 0.0574963 0.0657268 0.0713772 0.0740965 0.0740792 0.0718116 0.0678436 0.0626824 0.056761 0.0504276 0.0439446 0.0375031 0.0312471 0.0252993 0.0197815 0.0148235 0.0105542 0.00707426 0.00442309
 0.00789461 0.0128899 0.0195198 0.0277548 0.0373285 0.0475817 0.057435 0.0656556 0.0713039 0.0740276 0.0740195 0.0717654 0.0678159 0.0626783 0.0567834 0.050475 0.0440114 0.0375806 0.031326 0.025371 0.0198395 0.014864 0.0105766 0.00708161 0.00442046
 0.00788276 0.0128719 0.0194949 0.0277227 0.0372888 0.0475335 0.0573769 0.0655874 0.071228 0.07395 0.0739492 0.0717115 0.0677854 0.0626748 0.0568074 0.0505245 0.0440818 0.0376652 0.0314163 0.0254579 0.0199148 0.0149225 0.0106165 0.00710457 0.00443068
 0.00786526 0.0128399 0.0194406 0.0276376 0.0371666 0.0473748 0.0571923 0.0653963 0.0710536 0.0738125 0.0738607 0.0716761 0.0678009 0.0627356 0.0569059 0.0506519 0.0442286 0.0378214 0.0315715 0.0256024 0.0200402 0.0150229 0.01069 0.00715317 0.00445919
 0.00785972 0.0128285 0.0194188 0.0275991 0.0371043 0.0472824 0.0570672 0.0652419 0.0708807 0.0736388 0.0737078 0.0715641 0.0677436 0.0627376 0.056963 0.050754 0.0443627 0.0379738 0.0317293 0.0257535 0.0201747 0.0151339 0.0107742 0.0072113 0.00449545
 0.00785576 0.0128182 0.0193961 0.0275561 0.037033 0.047178 0.0569303 0.0650799 0.0707057 0.0734656 0.0735518 0.0714403 0.0676655 0.0627147 0.0569989 0.0508447 0.0444975 0.0381377 0.0319056 0.0259267 0.0203317 0.0152654 0.0108758 0.00728326 0.0045418
 0.00782228 0.012768 0.0193284 0.0274722 0.0369355 0.0470687 0.0568101 0.0649495 0.0705682 0.0733277 0.073424 0.0713353 0.0675957 0.0626898 0.0570243 0.0509208 0.044619 0.0382939 0.0320817 0.0261062 0.0204993 0.0154093 0.0109893 0.00736519 0.00459568
 0.00779667 0.0127234 0.019256 0.0273633 0.0367844 0.0468779 0.0565928 0.0647281 0.0703679 0.0731683 0.0733153 0.0712779 0.0675857 0.0627232 0.0570986 0.0510339 0.0447672 0.0384703 0.0322753 0.026303 0.0206845 0.0155703 0.011118 0.00745941 0.00465853
 0.00775854 0.0126613 0.0191624 0.027231 0.0366083 0.0466569 0.0563334 0.0644465 0.0700888 0.0729214 0.0731287 0.0711717 0.0675674 0.0627877 0.0572321 0.0512194 0.0449883 0.0387125 0.0325252 0.026547 0.020909 0.0157634 0.0112721 0.00757259 0.00473447
 0.00774364 0.0126336 0.0191145 0.0271537 0.0364929 0.0464986 0.0561344 0.0642168 0.0698452 0.0726843 0.0729196 0.0710112 0.0674726 0.0627695 0.0572919 0.0513492 0.045173 0.0389334 0.0327632 0.0267845 0.0211303 0.0159559 0.0114274 0.00768798 0.00481283
 0.00932419 0.0148455 0.0217825 0.0298939 0.0388242 0.04802 0.0566664 0.0638282 0.068772 0.0712098 0.0712871 0.0693903 0.0659657 0.0614317 0.0561486 0.0504061 0.0444226 0.0383588 0.0323415 0.0264899 0.0209365 0.0158375 0.0113617 0.00765577 0.00479953
 0.00930105 0.0151033 0.0226913 0.0319133 0.0423032 0.0529273 0.0624183 0.0693839 0.0730027 0.0733436 0.0711631 0.067402 0.0627886 0.0577339 0.0524257 0.0469525 0.0413794 0.0357745 0.0302161 0.0247981 0.019639 0.0148853 0.0106984 0.00722123 0.00453422
 0.00897203 0.0145834 0.0219586 0.0310148 0.0414093 0.0523696 0.062651 0.0708214 0.0757713 0.0770966 0.0751226 0.0706544 0.0646658 0.0580457 0.05143 0.0451422 0.0392492 0.0336861 0.0283734 0.023284 0.0184632 0.0140192 0.0100954 0.00682687 0.00429397
 0.0087833 0.0142695 0.0214739 0.0303154 0.0404702 0.051216 0.0613991 0.0697068 0.0751312 0.0772777 0.0763262 0.0727892 0.0673135 0.0605959 0.0533275 0.0460987 0.0393021 0.033099 0.0274744 0.0223412 0.0176376 0.0133761 0.0096376 0.00652619 0.00411149
 0.00873362 0.014178 0.0213154 0.0300575 0.040078 0.0506621 0.0606775 0.0688498 0.0742262 0.076478 0.0758405 0.0728298 0.0680045 0.061882 0.0549505 0.0476807 0.0404997 0.0337366 0.0275791 0.0220793 0.0172105 0.0129415 0.00928183 0.00627437 0.00395279
 0.00867825 0.0140895 0.0211845 0.0298749 0.0398339 0.0503464 0.0602815 0.0683705 0.0736729 0.0758824 0.0752682 0.0723855 0.067819 0.0620705 0.0555517 0.0486115 0.041564 0.0346979 0.0282583 0.0224172 0.017263 0.0128238 0.00910584 0.00611297 0.00383571
 0.00869442 0.0141093 0.0212022 0.0298805 0.0398149 0.0502907 0.0601796 0.0682153 0.0734589 0.0756068 0.0749358 0.0720195 0.0674697 0.0618159 0.0554777 0.0487747 0.0419543 0.0352272 0.0287923 0.0228333 0.0175001 0.0128939 0.009067 0.00603053 0.00375539
 0.00870118 0.0141237 0.0212294 0.0299261 0.0398815 0.0503736 0.0602641 0.0682783 0.0734749 0.0755555 0.0748076 0.0718179 0.0672132 0.0615396 0.055233 0.0486203 0.041935 0.0353507 0.029018 0.0230878 0.0177105 0.0130191 0.00910745 0.00601456 0.00371691
 0.00864327 0.0140397 0.0211223 0.029806 0.0397638 0.0502754 0.0601999 0.0682563 0.0734941 0.0756038 0.0748643 0.0718589 0.0672197 0.0615052 0.055169 0.0485541 0.0419024 0.0353811 0.0291189 0.0232387 0.0178718 0.0131517 0.00919035 0.0060495 0.00371993
 0.00864161 0.0140268 0.0210848 0.0297271 0.0396302 0.0500866 0.0599748 0.0680313 0.0733117 0.0754966 0.0748439 0.0719138 0.0673219 0.0616225 0.0552756 0.0486394 0.0419722 0.035452 0.0292073 0.0233493 0.0179943 0.0132662 0.00927888 0.00610479 0.00374623
 0.00863636 0.0140222 0.0210841 0.0297337 0.0396438 0.0500994 0.0599709 0.0679922 0.0732267 0.0753723 0.0747049 0.0717929 0.0672453 0.0615992 0.0552968 0.0486864 0.0420283 0.0355094 0.0292672 0.0234158 0.0180672 0.013339 0.00934186 0.00615062 0.0037736
 0.00865294 0.0140454 0.0211126 0.0297642 0.0396731 0.0501257 0.0599942 0.068012 0.0732384 0.075367 0.0746725 0.0717298 0.0671594 0.0615082 0.0552201 0.0486366 0.0420072 0.0355116 0.0292855 0.023445 0.0181039 0.013379 0.00937975 0.00618136 0.0037946
 0.00863121 0.014016 0.0210789 0.0297329 0.0396512 0.0501176 0.0599995 0.0680259 0.0732549 0.0753811 0.0746812 0.0717307 0.0671503 0.0614886 0.0551936 0.0486107 0.0419905 0.0355095 0.0292988 0.0234706 0.0181368 0.0134142 0.00941272 0.00620849 0.00381412
 0.00862139 0.0139994 0.0210532 0.0296963 0.0396044 0.0500649 0.0599496 0.0679896 0.0732411 0.0753923 0.0747122 0.0717713 0.0671895 0.0615183 0.0552105 0.0486161 0.0419892 0.035508 0.0293025 0.0234823 0.0181557 0.0134374 0.00943618 0.00622894 0.00382962
 0.0086067 0.0139753 0.0210165 0.0296441 0.0395349 0.0499787 0.0598512 0.0678885 0.0731502 0.0753258 0.0746811 0.0717802 0.0672347 0.061589 0.0552929 0.0486978 0.0420624 0.03557 0.0293547 0.0235275 0.0181961 0.0134735 0.00946714 0.00625362 0.00384752
 0.0086067 0.0139753 0.0210165 0.0296441 0.0395349 0.0499787 0.0598512 0.0678885 0.0731502 0.0753258 0.0746811 0.0717802 0.0672347 0.061589 0.0552929 0.0486978 0.0420624 0.03557 0.0293547 0.0235275 0.0181961 0.0134735 0.00946714 0.00625362 0.00384752
 0.00884247 0.014346 0.0215491 0.0303503 0.0404027 0.050964 0.0608711 0.068828 0.0738861 0.0757598 0.0747669 0.0715305 0.0667094 0.0608742 0.0544784 0.0478618 0.0412638 0.0348481 0.0287326 0.0230156 0.0177953 0.0131766 0.00926057 0.00611958 0.00376698
 0.00900053 0.0146228 0.0220006 0.031036 0.0413662 0.0522041 0.0623173 0.0703387 0.075276 0.0768465 0.0754137 0.0716719 0.0663563 0.0601021 0.0534058 0.0466237 0.0399866 0.0336333 0.0276497 0.0221038 0.0170686 0.0126293 0.00887314 0.00586351 0.0036101
 0.00906918 0.0147413 0.0221931 0.0313329 0.041802 0.0528102 0.0631104 0.0713055 0.0763615 0.0779499 0.0764003 0.0724001 0.0667137 0.0600355 0.0529332 0.0458249 0.0389795 0.0325449 0.026592 0.021159 0.0162846 0.0120226 0.00843544 0.00557018 0.00342846
 0.00892866 0.0145225 0.0218838 0.0309334 0.0413317 0.0523141 0.0626631 0.0710046 0.0763052 0.0782057 0.0769747 0.0732269 0.0676643 0.0609511 0.053668 0.0462836 0.0391369 0.0324405 0.0263068 0.0207861 0.0159042 0.0116893 0.00817563 0.00538737 0.00331174
 0.00899415 0.0146007 0.0219495 0.0309464 0.0412484 0.0521067 0.0623367 0.0706028 0.075903 0.0778918 0.0768306 0.0733052 0.0679712 0.0614383 0.0542408 0.0468268 0.0395491 0.0326639 0.0263383 0.0206681 0.0157018 0.0114658 0.0079765 0.00523478 0.00320867
 0.00898074 0.0145839 0.0219319 0.0309298 0.0412283 0.0520669 0.0622488 0.0704364 0.0756438 0.0775589 0.0764819 0.0730233 0.067836 0.061498 0.0544926 0.0472167 0.0399892 0.0330618 0.0266265 0.0208209 0.0157346 0.0114188 0.00789446 0.00515215 0.00314362
#pred catch len freq
 0.00425975 0.0067834 0.00997897 0.0138003 0.0182172 0.0231852 0.0285763 0.0341557 0.039632 0.0447293 0.0492327 0.0530064 0.0559998 0.0582328 0.0597572 0.0606134 0.0608056 0.060296 0.0589944 0.0567344 0.0532651 0.0483215 0.0418053 0.0339957 0.0256216
 0.00449361 0.00707307 0.010252 0.0139446 0.018126 0.0228187 0.0280022 0.0335312 0.0391291 0.0444467 0.0491487 0.0529995 0.0559207 0.0579857 0.0593512 0.0601645 0.0604897 0.0602704 0.0593235 0.0573549 0.0540111 0.049 0.0422785 0.0342259 0.0256586
 0.00479737 0.00754836 0.0109257 0.0148109 0.0191271 0.023831 0.0288439 0.0340112 0.0391286 0.0439866 0.0483873 0.0521492 0.0551376 0.05731 0.0587341 0.0595503 0.0598861 0.0597587 0.0590061 0.0572826 0.0541435 0.0492242 0.0424711 0.0343129 0.025636
 0.0050654 0.00797657 0.0115575 0.015685 0.0202722 0.025252 0.0304972 0.0357778 0.0408058 0.0453204 0.0491475 0.0522183 0.0545579 0.0562535 0.0574132 0.0581341 0.0584755 0.0584162 0.0577909 0.056252 0.053326 0.0486005 0.0419876 0.0339165 0.0253005
 0.00536225 0.00843899 0.012218 0.016566 0.0213903 0.0266207 0.0321215 0.0376376 0.0428333 0.0473785 0.0510258 0.0536609 0.0553299 0.0562202 0.0565902 0.0566735 0.056601 0.0563499 0.0557127 0.0542929 0.0515744 0.0471058 0.0407643 0.0329544 0.0245769
 0.0057067 0.00897345 0.0129759 0.0175648 0.0226334 0.028101 0.03382 0.0395199 0.044846 0.0494457 0.0530402 0.0554736 0.0567493 0.0570386 0.0566374 0.0558787 0.0550258 0.0541734 0.0531782 0.0516484 0.0490311 0.0448207 0.038837 0.0314297 0.0234512
 0.00604566 0.009506 0.0137438 0.0185968 0.0239441 0.0296874 0.035655 0.0415466 0.0469803 0.0515866 0.0550808 0.0573045 0.0582534 0.0580836 0.0570791 0.0555859 0.0539256 0.0522948 0.0506674 0.0487447 0.0460154 0.0419592 0.0363374 0.0294165 0.0219597
 0.00644819 0.0101289 0.0146243 0.019753 0.0253784 0.0313904 0.037602 0.0436886 0.0492373 0.0538491 0.0572207 0.059191 0.0597671 0.0591206 0.0575461 0.0553942 0.0529996 0.0506024 0.0482607 0.0457845 0.042761 0.0387193 0.0334015 0.0269924 0.0201387
 0.006892 0.0108159 0.0155948 0.0210242 0.0269466 0.0332336 0.0396775 0.0459286 0.0515488 0.0561215 0.0593352 0.0610296 0.0612196 0.060091 0.0579542 0.0551734 0.0520956 0.0489837 0.045946 0.0428786 0.0394733 0.0353436 0.0302542 0.0243324 0.0181062
 0.00726827 0.0114104 0.0164582 0.0221941 0.0284434 0.0350538 0.0417828 0.0482387 0.0539458 0.0584657 0.0614854 0.0628585 0.0626233 0.060991 0.0582937 0.0549096 0.0511949 0.0474257 0.0437433 0.0401088 0.0363058 0.0320384 0.0271158 0.0216327 0.0160117
 0.00756921 0.0118844 0.0171451 0.0231259 0.0296454 0.0365425 0.0435575 0.0502673 0.0561537 0.0607344 0.063663 0.0647825 0.0641472 0.0620047 0.0587297 0.0547355 0.0503989 0.0460102 0.0417328 0.0375741 0.0333916 0.0289704 0.0241695 0.019067 0.0139973
 0.00779432 0.0122386 0.0176573 0.0238182 0.0305336 0.0376358 0.0448546 0.0517518 0.05779 0.0624656 0.0654093 0.0664405 0.0655961 0.06312 0.0594014 0.0548825 0.0499748 0.0450014 0.0401602 0.0355038 0.0309518 0.0263572 0.0216243 0.0168224 0.0122146
 0.00805994 0.0126545 0.0182539 0.0246149 0.0315376 0.0388401 0.0462336 0.0532572 0.0593537 0.0640085 0.0668522 0.0677114 0.0666307 0.0638595 0.0597888 0.0548633 0.0495026 0.0440482 0.0387289 0.033643 0.0287693 0.0240227 0.019348 0.014809 0.0106086
 0.00832107 0.0130627 0.0188386 0.025394 0.0325168 0.0400112 0.0475694 0.0547063 0.0608413 0.0654451 0.0681463 0.0687828 0.0674202 0.0643313 0.059925 0.0546535 0.048936 0.0431137 0.0374267 0.0320041 0.026874 0.0220064 0.0173846 0.0130706 0.00921874
 0.0086278 0.0135353 0.0195017 0.0262554 0.033569 0.0412345 0.0489299 0.0561514 0.0622976 0.0668229 0.0693506 0.069727 0.0680394 0.0645907 0.0598205 0.0542028 0.0481657 0.0420495 0.0360936 0.0304385 0.0251415 0.0202122 0.0156646 0.011561 0.00801701
 0.00887594 0.013922 0.0200529 0.0269846 0.034477 0.0423075 0.0501362 0.0574385 0.0635948 0.0680491 0.0704246 0.070575 0.0686022 0.0648293 0.0597198 0.0537716 0.047431 0.0410486 0.0348686 0.0290385 0.0236315 0.0186803 0.0142173 0.0103025 0.00702064
 0.00911612 0.0142864 0.0205537 0.0276186 0.0352304 0.0431634 0.0510765 0.0584395 0.0646201 0.0690463 0.0713279 0.0713153 0.0691177 0.0650756 0.0596744 0.0534336 0.0468183 0.0401932 0.0338135 0.0278368 0.0223486 0.0173956 0.0130185 0.00927046 0.00620949
 0.00923388 0.0144739 0.0208284 0.0279937 0.0357123 0.0437481 0.0517464 0.0591643 0.0653621 0.0697681 0.0719958 0.0718967 0.0695778 0.0653768 0.0597816 0.0533219 0.0464786 0.0396351 0.0330649 0.0269421 0.0213676 0.0164002 0.0120851 0.00846637 0.00557815
 0.00921972 0.0144636 0.0208371 0.0280452 0.0358352 0.0439687 0.0520805 0.0596107 0.0659011 0.0703634 0.0726009 0.0724635 0.0700641 0.0657494 0.0600149 0.0533953 0.0463771 0.0393534 0.0326124 0.0263467 0.0206758 0.0156732 0.011389 0.00785992 0.0050992
 0.00921373 0.0144496 0.0208095 0.0279987 0.0357708 0.0438993 0.0520346 0.0596279 0.0660199 0.070606 0.0729621 0.0729108 0.0705465 0.0662101 0.0604029 0.053671 0.0465137 0.0393364 0.0324406 0.0260351 0.0202571 0.0151955 0.0109085 0.00742809 0.00475154
