SBPRF35
12.7214
Curr Bio
817235
B35
879828
F35
0.171507
FOFL
0.156414
OFL
103723
Bzero
3.63469e+006
#pred survey bio
 3.45243e+006 3.33996e+006 3.24088e+006 3.07732e+006 2.88325e+006 2.6845e+006 2.45655e+006 2.22916e+006 2.01079e+006 1.81994e+006 1.63627e+006 1.47238e+006 1.31502e+006 1.14892e+006 984806 863177 765611 706019 669135 629899 602223 575562 560922 544915 539063 529772 529608 522511 521873 526524 534059 536640 543967 553826 554712 566015 576202 592269 600328 611505 620657 628425 634568 643293 652466 663782 667898 673905 682239 684204 691785 743287 788958 791585 782843 799065 799691 833694 869892 900647 917697 937287 936535 924532 897640 864630 842456 823404 2.84347e+007 1.72915e+007 1.7826e+007 1.88453e+007 2.01554e+007 2.15486e+007 2.2876e+007 2.40531e+007 2.50467e+007 2.5857e+007 2.65019e+007 2.70064e+007 2.73968e+007 2.76965e+007 2.79258e+007 2.8101e+007 2.82348e+007 2.83373e+007 2.8416e+007 2.84767e+007 2.85237e+007 2.85603e+007 2.85888e+007 2.86112e+007 2.86289e+007 2.86429e+007 2.8654e+007 2.86628e+007 2.86699e+007 2.86755e+007 2.86801e+007 2.86838e+007 2.86867e+007 2.86891e+007 2.86911e+007 2.86927e+007 2.8694e+007 2.8695e+007 2.86959e+007 2.86966e+007 2.86971e+007 2.86976e+007 2.8698e+007 2.86983e+007 2.86985e+007 2.86987e+007 2.86989e+007 2.86991e+007 2.86992e+007 2.86993e+007 2.86993e+007 2.86994e+007 2.86995e+007 2.86995e+007 2.86995e+007 2.86996e+007 2.86996e+007 2.86996e+007 2.86996e+007 2.86996e+007 2.86996e+007 2.86996e+007 2.86996e+007 2.86997e+007 2.86997e+007 2.86997e+007 2.86997e+007 2.86997e+007 2.86997e+007 2.86997e+007 2.86997e+007 2.86997e+007 2.86997e+007 2.86997e+007 2.86997e+007 2.86997e+007 2.86997e+007 2.86997e+007 2.86997e+007 2.86997e+007 2.86997e+007 2.86997e+007 2.86997e+007 2.86997e+007 2.86997e+007 2.86997e+007 2.86997e+007 2.86997e+007 2.86997e+007 2.86997e+007 2.86997e+007 2.86997e+007 2.86997e+007 2.86997e+007 2.86997e+007 2.86997e+007 2.86997e+007 2.86997e+007 2.86997e+007 2.86997e+007 0 0 0 0 0 0 0 0 0 0 0 0 0 0 0 0 0 0 0 0 0 0 0 0 0
#obs survey bio
 3.71378e+006 4.00437e+006 1.83568e+006 2.94354e+006 2.44799e+006 3.34447e+006 2.49247e+006 2.97432e+006 1.97351e+006 1.67877e+006 2.0122e+006 1.07069e+006 1.10726e+006 1.56262e+006 657039 841906 974500 638340 788741 636813 607984 411091 587902 568752 677187 445839 486450 304753 507012 533554 753741 463002 444137 473087 678569 574717 490473 633502 633286 555474 673949 764176 538775 637263 631398 728771 831835 790707 806787 577337 719453 1.07955e+006 894092 573789 881968 677935 715395 672870 1.00862e+006 950491 833375 1.21634e+006 1.02137e+006 844187 973333 860599 857666 499778
#pred catch bio
 103860 97916 167570 208425 227437 269196 283390 289135 277309 282249 273706 274272 283678 278686 236662 210717 173572 151203 150065 136652 132482 119625 118509 107956 109340 100525 105629 99932.6 96324.2 94846.1 99318.4 95568.9 94093.6 101544 92593.7 94400 90791.9 98861.9 97434.7 100724 103022 105204 103952 104281 103006 109583 108320 107031 112818 108036 71963.5 78379.2 114612 123772 104214 120283 94454.2 95823.7 102033 113597 110828 127612 135747 146351 149069 138191 135245 128627 103723 114203 116639 122309 130346 139019 147218 154375 160286 164979 168593 171315 173329 174798 175859 176618 177157 177537 177805 177993 178124 178216 178279 178323 178354 178375 178390 178400 178407 178412 178415 178417 178419 178420 178421 178421 178422 178422 178422 178422 178422 178422 178422 178422 178422 178422 178422 178422 178422 178422 178422 178422 178422 178422 178422 178422 178422 178422 178422 178422 178422 178422 178422 178422 178422 178422 178422 178422 178422 178422 178422 178422 178422 178422 178422 178422 178422 178422 178422 178422 178422 178422 178422 178422 178422 178422 178422 178422 178422 178422 178422 178422 178422 178422 178422 178422 178422 178422 178422 178422 0 0 0 0 0 0 0 0 0 0 0 0 0 0 0 0 0 0 0 0 0 0 0 0 0
#obs catch bio
 0 97419.9 168210 209059 228708 270939 285049 289690 278122 283440 274724 276059 287114 279397 238493 211857 173427 151525 149933 137069 132427 120025 118656 108010 109028 100412 105196 99942.7 96468.4 95397.8 99338.4 95769.6 94360.6 102254 92355.8 94457.9 90904.2 99077.1 97344.4 101022 103515 105284 104441 104922 102948 109635 108399 107126 113220 108766 71869.5 77957.6 114009 123714 103577 120689 94599.7 96079.4 102415 114051 110706 127457 135422 145812 147908 137292 134593 128592
#pred cpue bio
 3.41173e+006 3.30059e+006 3.20113e+006 3.03716e+006 2.84333e+006 2.64486e+006 2.41761e+006 2.19098e+006 1.97324e+006 1.78278e+006 1.59967e+006 1.43643e+006 1.28004e+006 1.11587e+006 954126 834316 738493 680089 644069 605825 578988 553092 538924 523481 517985 509037 508989 502061 501250 505624 513089 515776 522967 532682 533776 544958 554860 570510 578368 589161 597950 605578 611572 620056 629190 640393 644401 650232 658371 660351 667936 719120 764852 767417 758020 773273 773588 806982 842834 873537 890685 910084 909356 897567 871197 838688 816650 797621 2.75319e+007 1.67423e+007 1.716e+007 1.80722e+007 1.93531e+007 2.07409e+007 2.20674e+007 2.32444e+007 2.4238e+007 2.50483e+007 2.56931e+007 2.61977e+007 2.6588e+007 2.68878e+007 2.71171e+007 2.72923e+007 2.74261e+007 2.75286e+007 2.76073e+007 2.7668e+007 2.7715e+007 2.77515e+007 2.77801e+007 2.78025e+007 2.78202e+007 2.78342e+007 2.78452e+007 2.78541e+007 2.78611e+007 2.78668e+007 2.78714e+007 2.7875e+007 2.7878e+007 2.78804e+007 2.78824e+007 2.78839e+007 2.78852e+007 2.78863e+007 2.78871e+007 2.78878e+007 2.78884e+007 2.78889e+007 2.78892e+007 2.78895e+007 2.78898e+007 2.789e+007 2.78902e+007 2.78903e+007 2.78904e+007 2.78905e+007 2.78906e+007 2.78907e+007 2.78907e+007 2.78908e+007 2.78908e+007 2.78908e+007 2.78908e+007 2.78909e+007 2.78909e+007 2.78909e+007 2.78909e+007 2.78909e+007 2.78909e+007 2.78909e+007 2.78909e+007 2.78909e+007 2.78909e+007 2.78909e+007 2.78909e+007 2.78909e+007 2.78909e+007 2.78909e+007 2.78909e+007 2.78909e+007 2.78909e+007 2.78909e+007 2.78909e+007 2.78909e+007 2.78909e+007 2.78909e+007 2.78909e+007 2.78909e+007 2.78909e+007 2.78909e+007 2.78909e+007 2.78909e+007 2.78909e+007 2.78909e+007 2.78909e+007 2.78909e+007 2.78909e+007 2.78909e+007 2.78909e+007 2.78909e+007 2.78909e+007 2.78909e+007 2.78909e+007 2.78909e+007 2.78909e+007 2.78909e+007 0 0 0 0 0 0 0 0 0 0 0 0 0 0 0 0 0 0 0 0 0 0 0 0 0
#obs cpue bio
 3.33061e+006 3.4098e+006 2.88614e+006 2.96518e+006 1.62974e+006 2.69627e+006 2.41828e+006 2.57057e+006 1.61374e+006 1.81896e+006 1.24486e+006 1.54875e+006 1.06759e+006 1.38135e+006 931622 927269 734261 593696 709363 439006 732343 555222 617965 472247 574363 496793 782150 629035 459415 337012 569216 479479 554472 508774 731190 461498 539334 558205 635423 480139 450376 671209 485564 525057 1.0177e+006 583197 481305 515757 484390 664350 646409 1.01348e+006 956870 686931 851632 603838 595221 991520 619159 919003 1.30015e+006 865874 893674 1.18508e+006 1.23052e+006 787975 794421 896568
#pred surv len freq
 0.0042642 0.00701607 0.0107337 0.0154569 0.0211051 0.0273852 0.033773 0.0396526 0.0445507 0.0482859 0.0509399 0.052723 0.0538555 0.0545147 0.0548268 0.0548786 0.0547352 0.0544425 0.0539806 0.0531682 0.0515831 0.048621 0.0437628 0.0369486 0.0287959
 0.00463333 0.007514 0.0112973 0.0159724 0.0214495 0.027487 0.0336521 0.0394092 0.0443058 0.0481142 0.0508394 0.0526366 0.0537257 0.0543317 0.0546423 0.0547806 0.0547992 0.0546818 0.0543223 0.0534709 0.0516938 0.0484458 0.0433122 0.0363289 0.028154
 0.00471217 0.00771302 0.0117194 0.0167352 0.0226293 0.0290475 0.0354042 0.0410504 0.045536 0.0487611 0.0509117 0.0522761 0.0531066 0.0535853 0.0538447 0.0539831 0.0540526 0.0540289 0.0537674 0.0529608 0.0511371 0.0477657 0.0424979 0.0354498 0.027324
 0.00486014 0.00793772 0.0120346 0.0171599 0.0232039 0.0298433 0.0365079 0.042512 0.0473006 0.0506322 0.05259 0.0534687 0.0536423 0.0534628 0.0531952 0.0529895 0.052883 0.0528059 0.0525614 0.0517913 0.0499858 0.046607 0.041337 0.0343398 0.026348
 0.0050289 0.00821849 0.0124675 0.017783 0.0240421 0.0308968 0.0377473 0.04389 0.0487724 0.052162 0.0541266 0.0549057 0.0548063 0.0541579 0.0532827 0.0524481 0.0518094 0.0513635 0.0509159 0.0500688 0.0482651 0.044939 0.0397722 0.032943 0.0251873
 0.00517883 0.00846777 0.0128537 0.0183463 0.0248196 0.0319108 0.0389919 0.0453231 0.0503199 0.0537348 0.0556399 0.056287 0.0559844 0.0550422 0.0537578 0.0524004 0.0511766 0.0501714 0.0492755 0.0481394 0.0462115 0.0429073 0.0378861 0.0313046 0.0238691
 0.00538794 0.00880574 0.013359 0.0190546 0.0257582 0.0330903 0.0403957 0.0469021 0.051997 0.0554167 0.0572301 0.0576972 0.0571391 0.0558772 0.0542102 0.052401 0.0506573 0.0490927 0.0476606 0.0460907 0.0438979 0.0405319 0.0356482 0.0293666 0.022332
 0.00565403 0.00923136 0.0139867 0.0199191 0.0268809 0.0344696 0.0419971 0.0486551 0.0538047 0.057174 0.0588403 0.0590794 0.058229 0.0566227 0.0545658 0.052321 0.0500936 0.048005 0.0460411 0.0439949 0.0414622 0.0379624 0.0331801 0.0272094 0.0206205
 0.0059465 0.00970439 0.0146936 0.0209068 0.0281797 0.0360778 0.0438665 0.0506872 0.0558667 0.0591264 0.0605624 0.0604821 0.0592549 0.0572384 0.0547508 0.0520572 0.0493582 0.0467737 0.0443061 0.0417943 0.0389088 0.0352484 0.0305474 0.0248894 0.0187721
 0.00619075 0.0101069 0.0153096 0.0217913 0.0293768 0.0376035 0.0456903 0.0527251 0.0579911 0.0611898 0.0624228 0.062021 0.060387 0.0579129 0.0549455 0.0517664 0.0485807 0.0455076 0.0425581 0.0396043 0.036378 0.0325537 0.0279199 0.0225601 0.0169069
 0.00644587 0.0105225 0.015937 0.0226799 0.0305655 0.0391076 0.0474853 0.0547389 0.0601098 0.0632755 0.0643338 0.0636285 0.0615872 0.0586346 0.0551511 0.0514464 0.047743 0.0441696 0.0407479 0.0373762 0.0338367 0.0298682 0.0253098 0.0202468 0.0150522
 0.00665016 0.0108643 0.0164694 0.0234584 0.0316372 0.040493 0.0491609 0.0566311 0.0621062 0.0652466 0.0661528 0.0651828 0.0627826 0.0593974 0.0554306 0.0512151 0.0469954 0.042919 0.0390284 0.0352518 0.0314173 0.0273189 0.0228372 0.0180573 0.0132962
 0.0066947 0.0109775 0.0167157 0.0239242 0.0324115 0.0416358 0.0506735 0.0584446 0.0640953 0.0672574 0.0680323 0.0667984 0.0640328 0.0602133 0.0557719 0.0510631 0.0463477 0.0417881 0.0374472 0.0332846 0.029173 0.0249562 0.0205498 0.0160351 0.0116763
 0.00685774 0.0112359 0.0170947 0.0244497 0.0331137 0.0425501 0.0518325 0.0598608 0.0657388 0.069042 0.0698194 0.0684232 0.0653408 0.0610911 0.0561582 0.0509417 0.0457311 0.0407062 0.0359447 0.0314305 0.0270737 0.0227607 0.0184362 0.0141751 0.0101915
 0.00714696 0.0117003 0.0177814 0.0253947 0.0343315 0.0440193 0.0534866 0.0615938 0.0674306 0.0705891 0.0711498 0.0694896 0.0661022 0.0615027 0.0561766 0.050538 0.0449005 0.0394696 0.0343471 0.0295433 0.0250005 0.0206399 0.0164275 0.0124287 0.00880995
 0.00730441 0.0119671 0.0182027 0.0260191 0.0351995 0.0451461 0.0548444 0.0631055 0.0689813 0.0720517 0.0724129 0.0704754 0.0667707 0.0618419 0.0561862 0.0502167 0.0442452 0.0384832 0.0330515 0.0279898 0.0232765 0.0188665 0.0147442 0.0109649 0.00765272
 0.0075248 0.0123037 0.0186701 0.0266197 0.0359283 0.0459965 0.0558082 0.0641664 0.0701047 0.073179 0.0734642 0.071363 0.0674178 0.0621976 0.0562306 0.0499537 0.0436899 0.0376545 0.0319738 0.0267041 0.021851 0.0173992 0.0133506 0.00975316 0.00669556
 0.00762795 0.0124683 0.0189114 0.0269478 0.0363444 0.0464893 0.056353 0.0647314 0.0706641 0.0737234 0.0739987 0.0718915 0.0679243 0.0626392 0.0565465 0.0500844 0.0435929 0.0373109 0.031389 0.0259076 0.0208984 0.0163715 0.0123442 0.00885998 0.00598022
 0.00764499 0.012495 0.01895 0.0270009 0.0364161 0.0465855 0.0564814 0.0648993 0.0708759 0.0739796 0.0742977 0.0722315 0.0683009 0.0630389 0.0569388 0.05042 0.0438125 0.0373607 0.0312362 0.0255502 0.0203685 0.0157313 0.0116742 0.00824011 0.00547008
 0.00768414 0.012564 0.0190634 0.027174 0.0366598 0.0468992 0.0568472 0.0652834 0.0712379 0.0742853 0.0745282 0.072386 0.068393 0.0630888 0.0569636 0.0504245 0.0437834 0.0372692 0.0310494 0.0252469 0.0199528 0.0152361 0.0111544 0.00775612 0.00506936
 0.00774842 0.012651 0.0191629 0.0272678 0.0367299 0.0469384 0.0568666 0.0653086 0.0712961 0.074391 0.0746767 0.0725573 0.0685632 0.0632399 0.0570874 0.0505187 0.0438442 0.0372854 0.0310025 0.025119 0.0197376 0.0149483 0.0108284 0.00743622 0.00479448
 0.00782414 0.0127743 0.019347 0.0275214 0.0370502 0.0473045 0.0572368 0.0656288 0.0715188 0.0744944 0.0746721 0.0724787 0.068448 0.0631143 0.0569627 0.0503958 0.0437194 0.0371523 0.0308516 0.0249395 0.0195229 0.0147023 0.0105684 0.00718808 0.00458321
 0.00780135 0.0127402 0.0193019 0.0274691 0.036999 0.047267 0.057228 0.0656605 0.0715935 0.0746016 0.0747915 0.0725899 0.0685402 0.0631888 0.0570269 0.0504552 0.0437726 0.0371913 0.0308652 0.0249171 0.0194586 0.0145984 0.0104372 0.00704897 0.00445629
 0.00783144 0.0127822 0.0193525 0.027521 0.0370435 0.0472979 0.0572445 0.0656684 0.0716027 0.0746217 0.0748268 0.0726371 0.0685896 0.0632292 0.0570515 0.0504636 0.0437684 0.0371775 0.0308406 0.0248771 0.0193984 0.0145174 0.0103413 0.00694954 0.004366
 0.00784621 0.0127947 0.01935 0.0274847 0.036954 0.047143 0.0570275 0.0654105 0.0713393 0.0743943 0.0746732 0.0725821 0.0686392 0.0633695 0.057254 0.0506946 0.043998 0.0373841 0.0310115 0.0250052 0.0194813 0.0145569 0.0103446 0.00692821 0.00433342
 0.00788033 0.0128523 0.0194395 0.0276122 0.0371181 0.047329 0.0572046 0.0655373 0.071378 0.0743268 0.0745109 0.0723621 0.0684105 0.0631763 0.0571231 0.0506315 0.0439908 0.0374121 0.0310529 0.0250429 0.0195046 0.0145617 0.0103324 0.00690458 0.00430563
 0.00790423 0.0128764 0.0194493 0.0275873 0.03704 0.0471923 0.0570236 0.0653429 0.0712037 0.0741944 0.0744239 0.0723119 0.0683879 0.0631804 0.0571607 0.0507099 0.04411 0.0375614 0.0312138 0.0251952 0.019632 0.0146555 0.0103918 0.00693515 0.0043163
 0.00805747 0.0131085 0.0197657 0.0279783 0.037479 0.0476373 0.0574205 0.0656348 0.0713462 0.0741705 0.074249 0.0720252 0.0680362 0.0628056 0.0567956 0.0503795 0.0438328 0.0373475 0.031063 0.0250975 0.0195721 0.0146182 0.0103658 0.00691445 0.00429896
 0.00810072 0.0131863 0.0198957 0.0281793 0.0377641 0.0480031 0.0578391 0.0660541 0.0717017 0.0744039 0.0743252 0.0719404 0.0678155 0.0624922 0.0564377 0.0500198 0.0435032 0.037068 0.0308427 0.0249361 0.0194615 0.0145461 0.0103198 0.00688473 0.00427923
 0.00797246 0.0130038 0.0196701 0.0279398 0.0375522 0.0478627 0.057805 0.066144 0.0719106 0.0747019 0.0746619 0.0722568 0.0680606 0.062637 0.0564806 0.0499813 0.0434151 0.0369624 0.0307441 0.0248583 0.0194086 0.0145149 0.0103037 0.00687695 0.00427519
 0.00789279 0.0128634 0.0194407 0.027594 0.0370773 0.0472779 0.0571734 0.0655657 0.0714945 0.0745285 0.0747562 0.0725839 0.0685432 0.0631822 0.0570059 0.0504319 0.0437682 0.0372221 0.0309294 0.0249915 0.0195074 0.0145901 0.0103603 0.0069175 0.0043019
 0.00794071 0.0129274 0.0195102 0.0276473 0.0370834 0.0472029 0.0569905 0.0652669 0.0711024 0.0741003 0.0743734 0.0723275 0.0684637 0.0632824 0.0572432 0.0507391 0.0440795 0.0374916 0.0311378 0.0251406 0.0196096 0.0146595 0.0104077 0.00694954 0.00432268
 0.00788546 0.0128513 0.0194203 0.0275568 0.0370051 0.04714 0.0569306 0.065184 0.0709682 0.0739001 0.0741188 0.0720596 0.0682427 0.0631665 0.0572664 0.0508977 0.0443356 0.0377902 0.0314273 0.0253871 0.0198001 0.0147963 0.0105005 0.00700964 0.00435961
 0.00772768 0.0126134 0.019098 0.0271609 0.0365614 0.0466868 0.0565135 0.0648481 0.0707457 0.0737989 0.0741207 0.0721319 0.0683574 0.0633147 0.0574583 0.0511496 0.0446523 0.0381556 0.0318077 0.0257439 0.0201034 0.0150318 0.010669 0.00712119 0.00442818
 0.00779545 0.0126923 0.0191596 0.0271617 0.0364575 0.0464552 0.056169 0.0644433 0.0703526 0.0734825 0.0739181 0.0720461 0.0683658 0.0633852 0.0575658 0.051284 0.0448161 0.0383529 0.0320335 0.025981 0.020328 0.0152231 0.0108157 0.00722309 0.00449248
 0.00782909 0.012739 0.0192134 0.0272075 0.0364694 0.0463981 0.0560052 0.0641468 0.0699269 0.0729726 0.0734052 0.0716226 0.0681023 0.063308 0.0576565 0.0514978 0.0451042 0.0386767 0.0323663 0.026303 0.0206214 0.0154722 0.0110105 0.00736229 0.00458288
 0.00783218 0.0127496 0.0192392 0.0272574 0.036549 0.0465028 0.0561151 0.0642258 0.0699312 0.0728654 0.0731745 0.0712917 0.0677284 0.0629648 0.0574087 0.0513804 0.0451167 0.0387925 0.0325482 0.0265152 0.0208347 0.0156649 0.0111688 0.00748034 0.00466251
 0.00775685 0.0126337 0.0190777 0.0270518 0.0363094 0.0462485 0.0558733 0.064027 0.0697983 0.0728036 0.0731671 0.0713082 0.0677408 0.0629636 0.0574082 0.0514102 0.0452048 0.0389503 0.0327661 0.0267676 0.0210908 0.0158978 0.0113606 0.00762387 0.00475997
 0.00782254 0.0127231 0.01918 0.0271465 0.0363718 0.0462595 0.0558275 0.0639342 0.0696793 0.0726813 0.0730581 0.0712178 0.0676625 0.0628854 0.0573225 0.0513216 0.0451308 0.0389132 0.0327812 0.0268355 0.0211972 0.0160204 0.0114776 0.0077204 0.0048301
 0.00781222 0.012717 0.0191897 0.0271861 0.0364511 0.046374 0.0559535 0.0640343 0.0697176 0.0726411 0.0729494 0.0710705 0.0675109 0.0627532 0.0572178 0.0512418 0.0450719 0.0388766 0.0327731 0.0268611 0.0212543 0.0160984 0.0115611 0.00779527 0.00488799
 0.0077126 0.0125758 0.0190162 0.0270039 0.0362932 0.0462742 0.055936 0.064106 0.0698642 0.0728283 0.0731322 0.0712089 0.0675839 0.062764 0.0571865 0.0511929 0.0450245 0.0388423 0.032758 0.0268684 0.021284 0.0161456 0.0116168 0.00784925 0.00493245
 0.00772594 0.012577 0.0189814 0.0269024 0.0361002 0.0459888 0.0555935 0.0637733 0.0696171 0.0727209 0.0731771 0.0713757 0.0678163 0.0630034 0.0573918 0.0513475 0.045133 0.0389195 0.0328199 0.0269266 0.0213442 0.0162079 0.0116777 0.00790336 0.00497549
 0.00772493 0.0125832 0.0190036 0.026949 0.0361717 0.0460693 0.0556491 0.0637635 0.0695163 0.0725389 0.0729601 0.0711866 0.0677042 0.0629831 0.0574437 0.0514348 0.0452215 0.0389906 0.0328711 0.0269647 0.0213775 0.0162415 0.0117121 0.007936 0.0050031
 0.00760527 0.0124095 0.0187817 0.0266992 0.0359249 0.0458591 0.0555023 0.0636923 0.069514 0.0725814 0.0730169 0.0712362 0.0677462 0.063036 0.0575293 0.0515622 0.0453812 0.0391611 0.0330312 0.0271018 0.0214887 0.0163295 0.0117808 0.00798829 0.00504096
 0.00760181 0.0123809 0.0186976 0.0265216 0.035623 0.0454303 0.0549874 0.0631709 0.0690794 0.0723057 0.0729271 0.0713127 0.0679402 0.0632951 0.0578158 0.0518574 0.0456777 0.0394524 0.0333064 0.027348 0.0216959 0.0164938 0.0119039 0.00807558 0.00509925
 0.00758814 0.0123616 0.0186723 0.026487 0.0355685 0.0453338 0.0548181 0.0629028 0.0687108 0.0718747 0.0725072 0.0709877 0.0677713 0.0632994 0.0579685 0.0521109 0.0459834 0.0397729 0.0336166 0.0276307 0.0219393 0.0166909 0.0120533 0.00818132 0.00516877
 0.00760297 0.012387 0.0187127 0.0265473 0.0356518 0.0454384 0.0549332 0.063005 0.0687659 0.0718461 0.0723717 0.0707511 0.0674738 0.0630039 0.0577364 0.0519794 0.0459573 0.0398316 0.0337289 0.0277665 0.0220753 0.0168118 0.012151 0.00825345 0.00521754
 0.00759714 0.0123778 0.0186997 0.0265308 0.0356338 0.0454229 0.0549262 0.0630124 0.0687893 0.0718786 0.0723961 0.0707446 0.067418 0.0628974 0.0575995 0.0518483 0.0458682 0.0398059 0.0337664 0.0278504 0.0221818 0.016919 0.0122439 0.00832492 0.00526702
 0.00752503 0.0122721 0.0185622 0.0263707 0.0354652 0.0452613 0.054785 0.0629026 0.0687199 0.0718559 0.0724214 0.0708106 0.0675088 0.0629916 0.0576791 0.0519071 0.0459146 0.0398568 0.0338373 0.0279459 0.0222945 0.0170342 0.0123469 0.00840654 0.00532469
 0.00748675 0.0122117 0.0184753 0.0262557 0.0353258 0.0451075 0.0546342 0.0627764 0.0686376 0.0718278 0.0724456 0.0708755 0.0675984 0.06309 0.0577728 0.0519868 0.0459772 0.039907 0.0338849 0.0280006 0.02236 0.0171068 0.0124179 0.00846741 0.0053705
 0.0072998 0.0119353 0.0181104 0.0258216 0.0348544 0.0446353 0.0541958 0.0624035 0.0683593 0.0716689 0.072422 0.0709889 0.0678333 0.0634163 0.0581526 0.0523822 0.0463578 0.0402531 0.0341881 0.0282608 0.0225803 0.0172898 0.0125645 0.00857814 0.0054478
 0.00699797 0.0114256 0.0173121 0.0246584 0.0332847 0.0426926 0.0520198 0.0602326 0.0664755 0.0703191 0.0717559 0.0710384 0.0685294 0.0646231 0.0597027 0.0541061 0.0481059 0.0419091 0.0356733 0.0295312 0.0236196 0.0181015 0.0131665 0.00899817 0.00572082
 0.00708196 0.0115024 0.0173151 0.024483 0.0328084 0.0418128 0.0506946 0.0585098 0.0645001 0.0683163 0.069991 0.0697588 0.067905 0.0647085 0.060435 0.0553358 0.0496419 0.0435616 0.037283 0.0309835 0.0248466 0.0190762 0.0138937 0.00950555 0.00604953
 0.00736709 0.0119655 0.0180052 0.0254285 0.0339909 0.0431353 0.051965 0.0594643 0.0648759 0.0679474 0.0688778 0.0680784 0.0659579 0.0628292 0.0589024 0.0543121 0.0491565 0.0435356 0.0375771 0.0314474 0.0253539 0.0195407 0.0142703 0.00978163 0.00623398
 0.00751809 0.0122324 0.0184463 0.0261116 0.0349756 0.0444454 0.0535548 0.0611979 0.0665312 0.0692514 0.0695695 0.0679846 0.0650571 0.0612723 0.0569737 0.0523436 0.0474322 0.0422251 0.0367204 0.0309834 0.0251709 0.0195231 0.014327 0.00985548 0.00629699
 0.00741316 0.0120806 0.0182555 0.0259085 0.0348086 0.044383 0.0536782 0.0615822 0.0672149 0.0702008 0.0706593 0.0690111 0.0657912 0.0615358 0.0567074 0.051633 0.0464746 0.041254 0.0359232 0.0304529 0.0249031 0.0194515 0.0143668 0.00993586 0.00637479
 0.00739615 0.0120543 0.0182191 0.025864 0.0347633 0.0443523 0.0536888 0.0616726 0.0674297 0.0705782 0.0712101 0.0696974 0.0665148 0.0621507 0.0570615 0.0516262 0.0461046 0.040622 0.0351931 0.0297848 0.0243998 0.0191396 0.0142144 0.00988651 0.00637593
 0.00720883 0.0117569 0.017786 0.0252794 0.034028 0.0434932 0.0527676 0.060786 0.0666965 0.0701154 0.0711075 0.0699957 0.0671909 0.0631118 0.0581561 0.0526769 0.0469585 0.041198 0.0355009 0.0299045 0.0244338 0.0191663 0.0142671 0.00996123 0.00645306
 0.00700664 0.0114396 0.0173301 0.0246709 0.0332658 0.0425933 0.0517694 0.059756 0.065725 0.0693056 0.0705605 0.0697943 0.0673833 0.0636958 0.0590685 0.053797 0.048131 0.0422733 0.0363766 0.0305485 0.0248754 0.019465 0.0144784 0.0101189 0.00657102
 0.00690382 0.0112636 0.0170492 0.0242517 0.0326818 0.0418385 0.0508699 0.058772 0.0647395 0.0684078 0.0698324 0.0693067 0.0671936 0.0638422 0.0595576 0.0545896 0.0491379 0.0433685 0.0374285 0.0314553 0.0255881 0.0199858 0.0148406 0.0103635 0.00673203
 0.00692558 0.011288 0.0170645 0.0242369 0.0326078 0.0416723 0.0505817 0.0583432 0.0641724 0.0677318 0.0691052 0.0686064 0.0666063 0.0634481 0.0594183 0.054735 0.0495552 0.0439976 0.0381725 0.0322057 0.0262548 0.0205178 0.0152284 0.0106258 0.00689876
 0.00688656 0.0112336 0.0169986 0.0241667 0.0325391 0.0416027 0.0504955 0.0582132 0.0639673 0.0674288 0.0687013 0.0681254 0.0660988 0.0629846 0.0590755 0.0545798 0.0496272 0.0442958 0.0386514 0.0327857 0.026845 0.0210421 0.015643 0.0109215 0.00709084
 0.00687344 0.0112216 0.0169978 0.0241928 0.0326093 0.0417289 0.050677 0.0584309 0.0641834 0.0675909 0.0687538 0.0680251 0.0658316 0.0625759 0.0585889 0.0541031 0.0492495 0.044083 0.0386281 0.0329298 0.0270989 0.0213351 0.0159147 0.0111364 0.00723992
 0.0068479 0.0111901 0.0169694 0.0241831 0.0326384 0.0418156 0.0508332 0.0586567 0.0644639 0.0678946 0.0690335 0.0682251 0.0658997 0.0624797 0.0583301 0.0537228 0.0488207 0.0436906 0.0383428 0.0327871 0.0270919 0.0214239 0.0160471 0.0112678 0.00734428
 0.00693113 0.011314 0.0171352 0.0243858 0.0328698 0.0420691 0.051106 0.0589476 0.0647681 0.0681983 0.0693116 0.0684422 0.0660159 0.0624588 0.0581506 0.053389 0.0483681 0.0431826 0.0378554 0.0323864 0.0268147 0.0212709 0.0159907 0.011269 0.00736889
 0.00709102 0.0115622 0.017486 0.0248421 0.0334205 0.0426865 0.0517449 0.0595508 0.0652786 0.0685749 0.0695367 0.0685182 0.0659534 0.0622657 0.0578295 0.0529429 0.047812 0.0425517 0.0372048 0.0317803 0.0263082 0.0208938 0.0157424 0.0111258 0.0072973
 0.00719664 0.0117321 0.0177379 0.02519 0.0338704 0.0432304 0.0523551 0.0601794 0.0658653 0.0690606 0.0698772 0.0686917 0.0659595 0.0621192 0.0575502 0.0525495 0.047322 0.0419878 0.0366017 0.0311851 0.0257715 0.0204558 0.0154212 0.0109153 0.00717454
 0.00724523 0.011818 0.0178797 0.0254095 0.0341871 0.0436538 0.0528764 0.0607683 0.0664738 0.0696317 0.0703547 0.0690292 0.0661274 0.0621077 0.0573684 0.0522197 0.0468737 0.0414535 0.0360178 0.0305937 0.0252177 0.0199803 0.01505 0.0106537 0.00700906
#obs surv len freq
 nan nan nan nan nan nan nan nan nan nan nan nan nan nan nan nan nan nan nan nan nan nan nan nan nan
 0.00448271 0.00734309 0.0111721 0.0159876 0.0216877 0.0279629 0.034277 0.0400087 0.0446889 0.0481537 0.0505127 0.0520098 0.0529032 0.0534167 0.0537318 0.0539874 0.0542664 0.0545595 0.0546984 0.0542904 0.0527284 0.0493603 0.0438096 0.0362891 0.027672
 0.00461142 0.00755448 0.0114938 0.0164458 0.0223005 0.0287305 0.0351719 0.0409731 0.0456429 0.0490108 0.0511966 0.0524654 0.0531025 0.0533584 0.0534378 0.0534944 0.0536176 0.0537972 0.0538615 0.0534154 0.0518538 0.0485289 0.0430658 0.0356703 0.0271991
 0.00477739 0.00782513 0.0119028 0.0170251 0.0230744 0.0297059 0.0363274 0.0422535 0.0469644 0.0502736 0.0522996 0.0533189 0.053638 0.0535361 0.0532496 0.0529623 0.0527867 0.0527267 0.0526175 0.052068 0.050478 0.0472048 0.0418729 0.0346745 0.0264366
 0.00496995 0.00814 0.0123801 0.0177032 0.0239828 0.0308535 0.0376904 0.0437711 0.048546 0.0518148 0.0536963 0.0544755 0.0544714 0.0539805 0.0532622 0.0525293 0.0519262 0.0514875 0.0510746 0.0503184 0.0486365 0.0453983 0.0402268 0.0332911 0.0253734
 0.00517827 0.00848273 0.0129035 0.018453 0.0249956 0.0321425 0.0392311 0.0454959 0.0503539 0.0535895 0.0553245 0.0558565 0.0555197 0.0546253 0.0534482 0.0522199 0.05111 0.0501855 0.0493471 0.0482682 0.0464065 0.0431598 0.0381554 0.0315331 0.0240142
 0.00541409 0.0088662 0.013481 0.0192686 0.0260834 0.0335148 0.0408647 0.0473264 0.0522823 0.0554993 0.0570985 0.0573878 0.0567168 0.0554126 0.0537653 0.0520207 0.0503657 0.0488939 0.0475455 0.0460479 0.0439186 0.0406043 0.0357502 0.0294674 0.0224041
 0.0056468 0.00924988 0.0140683 0.0201117 0.0272234 0.0349655 0.0425964 0.0492614 0.0543077 0.05749 0.0589371 0.0589742 0.0579677 0.0562585 0.0541472 0.051889 0.0496821 0.04764 0.0457388 0.043762 0.0412981 0.0378603 0.0331268 0.0271868 0.0206104
 0.00588649 0.00964263 0.0146654 0.0209635 0.0283706 0.0364242 0.0443427 0.051224 0.0563765 0.0595356 0.0608321 0.0606071 0.0592495 0.057122 0.0545418 0.051774 0.0490237 0.0464156 0.0439541 0.0414748 0.0386402 0.0350395 0.030397 0.0247888 0.0187083
 0.00612942 0.0100398 0.0152673 0.0218186 0.0295167 0.0378737 0.0460681 0.0531525 0.0583998 0.0615305 0.0626792 0.0622015 0.0605047 0.05797 0.0549311 0.051666 0.0483883 0.0452333 0.0422276 0.0392524 0.0360399 0.0322572 0.0276815 0.0223839 0.0167869
 0.00636386 0.0104262 0.0158585 0.022667 0.0306631 0.0393311 0.0478049 0.0550872 0.0604141 0.0634932 0.0644685 0.0637173 0.0616708 0.0587309 0.0552468 0.0515067 0.0477307 0.0440621 0.0405465 0.0371046 0.0335324 0.0295708 0.0250506 0.0200436 0.0149083
 0.00662111 0.010845 0.0164899 0.0235587 0.0318505 0.0408228 0.0495668 0.0570371 0.0624316 0.0654422 0.0662198 0.0651646 0.0627366 0.0593667 0.0554271 0.0512202 0.0469725 0.0428316 0.0388555 0.0349967 0.0311061 0.0269909 0.0225323 0.0178048 0.0131091
 0.00684265 0.0112115 0.017053 0.0243699 0.0329499 0.0422224 0.0512335 0.0588879 0.0643468 0.0672893 0.0678761 0.0665293 0.0637351 0.0599495 0.0555679 0.0509101 0.0462145 0.0416363 0.0372454 0.0330199 0.0288552 0.0246147 0.0202223 0.0157547 0.011462
 0.00705932 0.0115659 0.0175904 0.0251341 0.033975 0.043519 0.0527749 0.0606035 0.0661301 0.0690168 0.0694273 0.0678019 0.0646527 0.0604638 0.0556559 0.0505684 0.0454529 0.040474 0.0357133 0.0311711 0.0267797 0.0224471 0.0181313 0.0139085 0.00998316
 0.00728987 0.0119403 0.0181531 0.0259249 0.035021 0.0448213 0.0542955 0.062262 0.0678157 0.0706101 0.0708203 0.0689085 0.0654118 0.0608381 0.0556298 0.0501441 0.0446457 0.0393099 0.0342298 0.0294248 0.0248571 0.0204701 0.0162467 0.0122592 0.00867027
 0.00744724 0.0122063 0.0185717 0.0265428 0.0358767 0.0459282 0.0556261 0.0637436 0.0693424 0.0720654 0.0720979 0.0699251 0.0661101 0.0611854 0.0556138 0.0497687 0.0439269 0.0382737 0.0329141 0.0278854 0.0231748 0.0187535 0.0146223 0.0108464 0.00755139
 0.0075244 0.0123313 0.0187605 0.026813 0.0362483 0.0464227 0.0562614 0.0645259 0.0702573 0.0730716 0.0731282 0.0708952 0.0669335 0.0617877 0.0559414 0.0497917 0.0436366 0.03768 0.0320451 0.0267895 0.0219246 0.0174453 0.0133659 0.00974444 0.00667445
 0.00759126 0.0124348 0.0189067 0.0270047 0.036486 0.0467058 0.0565899 0.0649019 0.0706856 0.0735579 0.0736734 0.0714855 0.0675336 0.0623413 0.0563807 0.0500515 0.0436675 0.0374562 0.0315678 0.0260884 0.0210577 0.016495 0.0124276 0.00890756 0.00600161
 0.00765516 0.0125309 0.0190369 0.0271655 0.0366698 0.046903 0.0567912 0.0651006 0.0708801 0.0737543 0.0738851 0.0717288 0.0678183 0.0626607 0.0567056 0.0503321 0.0438442 0.0374747 0.0313943 0.0257195 0.0205244 0.0158582 0.011766 0.00829852 0.00550209
 0.00770464 0.0126088 0.0191489 0.0273143 0.036853 0.0471118 0.0570097 0.0653076 0.0710555 0.0738867 0.0739766 0.0717948 0.0678818 0.0627424 0.0568143 0.0504573 0.0439549 0.0375263 0.0313425 0.0255365 0.0202111 0.0154471 0.0113126 0.00786446 0.00513671
 0.00778211 0.0127255 0.0193071 0.02751 0.0370771 0.0473519 0.0572513 0.0655343 0.0712498 0.0740323 0.0740628 0.0718201 0.0678559 0.0626846 0.0567474 0.0503983 0.0439067 0.0374744 0.0312595 0.025394 0.0199944 0.0151644 0.0109944 0.00755271 0.00486892
 0.00782089 0.012788 0.0193999 0.0276377 0.0372401 0.0475441 0.0574582 0.0657351 0.0714227 0.0741613 0.0741408 0.0718487 0.0678418 0.0626375 0.0566787 0.0503202 0.0438283 0.0373972 0.0311746 0.0252859 0.0198492 0.0149799 0.0107842 0.00734174 0.00468319
 0.0078527 0.0128353 0.0194629 0.0277144 0.0373274 0.0476393 0.0575601 0.0658422 0.0715315 0.0742645 0.0742287 0.0719117 0.0678738 0.0626376 0.056651 0.050272 0.0437674 0.0373291 0.0310997 0.0251994 0.0197445 0.0148544 0.0106437 0.00720002 0.00455662
 0.00788567 0.0128821 0.0195209 0.0277766 0.0373843 0.0476826 0.0575851 0.06585 0.071528 0.074259 0.0742303 0.0719258 0.0679 0.0626698 0.0566807 0.0502918 0.0437734 0.0373202 0.0310762 0.0251605 0.0196888 0.0147821 0.010559 0.00711169 0.00447549
 0.0079107 0.0129215 0.0195774 0.0278508 0.0374735 0.0477793 0.0576768 0.0659216 0.0715666 0.0742595 0.0741979 0.0718742 0.0678453 0.0626246 0.0566498 0.0502731 0.0437604 0.037306 0.0310553 0.0251298 0.0196469 0.0147295 0.0104992 0.00705047 0.00441969
 0.00790229 0.0129089 0.0195606 0.0278308 0.0374525 0.0477605 0.0576637 0.0659169 0.0715708 0.07427 0.0742103 0.0718848 0.0678533 0.0626331 0.0566638 0.0502957 0.0437907 0.0373391 0.0310844 0.0251486 0.0196515 0.0147195 0.010477 0.0070214 0.00438965
 0.00790092 0.0129015 0.0195401 0.0277883 0.0373801 0.0476563 0.0575354 0.0657814 0.0714498 0.0741829 0.0741685 0.0718894 0.0678975 0.0627056 0.0567534 0.0503935 0.0438905 0.0374356 0.031172 0.0252217 0.0197058 0.0147533 0.010492 0.00702216 0.00438219
 0.00789311 0.0128876 0.0195167 0.0277508 0.0373233 0.047575 0.057427 0.065648 0.0713007 0.0740347 0.0740428 0.071807 0.0678718 0.0627389 0.056837 0.0505121 0.0440272 0.0375753 0.0313033 0.0253361 0.0197978 0.0148205 0.0105354 0.00704585 0.00439194
 0.00789169 0.0128824 0.0195036 0.0277241 0.0372772 0.0475057 0.0573344 0.0655362 0.0711767 0.0739079 0.0739235 0.0717074 0.0678049 0.0627159 0.0568638 0.0505863 0.0441383 0.037708 0.0314411 0.025465 0.0199077 0.014906 0.0105957 0.00708381 0.00441281
 0.00788087 0.0128644 0.0194754 0.0276827 0.0372195 0.0474297 0.05724 0.0654265 0.0710581 0.073789 0.0738146 0.0716186 0.0677449 0.0626918 0.0568799 0.0506437 0.0442333 0.0378314 0.0315794 0.0256032 0.0200326 0.0150086 0.0106723 0.00713544 0.00444406
 0.00784284 0.0128026 0.0193828 0.0275533 0.0370509 0.0472252 0.0570115 0.0651934 0.0708439 0.0736154 0.0736968 0.0715634 0.0677523 0.0627566 0.0569943 0.0507983 0.0444181 0.0380351 0.0317891 0.0258051 0.0202136 0.0151587 0.0107868 0.00721536 0.00449471
 0.00784246 0.0127945 0.0193568 0.0274956 0.0369474 0.0470677 0.0568029 0.0649492 0.0705892 0.0733789 0.0735046 0.0714346 0.0676967 0.0627747 0.057079 0.0509377 0.0445975 0.0382393 0.0320031 0.026014 0.0204038 0.0153196 0.0109125 0.00730524 0.00455324
 0.0077957 0.0127236 0.0192594 0.0273719 0.0367987 0.0468948 0.0566059 0.0647303 0.0703559 0.0731472 0.0732975 0.0712783 0.0676129 0.0627756 0.0571644 0.0510968 0.0448121 0.0384882 0.0322647 0.0262687 0.0206349 0.015515 0.0110656 0.00741571 0.00462608
 0.00778114 0.0126934 0.0192021 0.0272742 0.0366496 0.0466925 0.0563617 0.0644676 0.0701025 0.0729257 0.0731217 0.0711542 0.0675447 0.0627683 0.0572228 0.0512213 0.0449959 0.0387166 0.0325176 0.0265242 0.020873 0.0157201 0.0112287 0.00753492 0.00470569
 0.00775749 0.0126576 0.0191528 0.0272103 0.0365693 0.0465915 0.0562341 0.064309 0.0699153 0.0727227 0.0729242 0.0709861 0.067426 0.0627102 0.0572291 0.0512902 0.0451222 0.0388908 0.0327252 0.0267464 0.0210898 0.0159137 0.011387 0.00765311 0.00478602
 0.00771529 0.0125908 0.019056 0.0270804 0.0364072 0.0464032 0.0560314 0.0641078 0.0697312 0.0725663 0.0728006 0.0708976 0.0673754 0.0627029 0.0572705 0.0513831 0.0452643 0.0390745 0.0329384 0.0269732 0.021312 0.0161142 0.0115529 0.00777853 0.00487223
 0.0076862 0.0125403 0.0189742 0.0269568 0.0362338 0.0461793 0.0557678 0.0638269 0.0694628 0.0723396 0.0726368 0.0708062 0.0673554 0.0627466 0.0573682 0.0515263 0.0454459 0.0392871 0.0331722 0.0272148 0.0215457 0.0163243 0.0117273 0.00791128 0.00496418
 0.00769549 0.0125546 0.0189939 0.0269803 0.0362562 0.0461917 0.0557571 0.0637796 0.0693698 0.072202 0.0724682 0.0706294 0.067195 0.0626228 0.0572926 0.0515024 0.0454717 0.0393572 0.0332785 0.0273466 0.0216895 0.0164654 0.0118523 0.00801129 0.0050363
 0.00764619 0.0124812 0.0188959 0.0268622 0.0361262 0.0460595 0.0556324 0.0636697 0.0692782 0.072128 0.0724081 0.07058 0.0671572 0.0626025 0.0572988 0.0515428 0.0455494 0.0394699 0.0334192 0.0275047 0.0218523 0.0166195 0.0119862 0.00811736 0.00511254
 0.00763377 0.0124572 0.0188534 0.0267931 0.036025 0.0459273 0.0554799 0.0635158 0.0691442 0.0720299 0.0723511 0.070559 0.0671617 0.0626225 0.0573297 0.0515859 0.0456096 0.0395518 0.0335234 0.0276266 0.0219828 0.0167471 0.0120999 0.00820944 0.00517994
 0.0076095 0.012421 0.0188045 0.0267323 0.035953 0.0458436 0.0553827 0.0634046 0.0690229 0.0719088 0.0722458 0.0704849 0.0671281 0.0626296 0.0573702 0.0516502 0.0456904 0.0396455 0.0336286 0.0277412 0.0221017 0.0168625 0.0122031 0.00829354 0.00524202
 0.0075919 0.0123923 0.0187614 0.0266723 0.0358753 0.0457506 0.0552806 0.0633018 0.0689276 0.0718261 0.0721779 0.0704331 0.0670956 0.0626211 0.0573893 0.051697 0.045761 0.0397338 0.0337286 0.0278477 0.0222094 0.0169653 0.0122945 0.00836826 0.00529754
 0.00757316 0.0123625 0.0187178 0.0266127 0.0357988 0.0456579 0.055175 0.0631899 0.0688185 0.07173 0.0721031 0.0703847 0.0670748 0.0626269 0.0574198 0.0517504 0.0458351 0.039825 0.0338318 0.0279568 0.0223177 0.0170663 0.0123825 0.00843912 0.00534977
 0.00757233 0.012361 0.0187152 0.0266083 0.0357914 0.0456458 0.055156 0.0631616 0.0687794 0.0716801 0.072045 0.0703236 0.0670174 0.0625798 0.0573883 0.0517381 0.0458433 0.0398533 0.033878 0.0280164 0.0223849 0.0171345 0.0124452 0.00849165 0.00538959
 0.0075429 0.0123167 0.018655 0.0265339 0.0357066 0.045556 0.0550674 0.0630809 0.0687124 0.0716307 0.0720145 0.070311 0.0670206 0.0625969 0.0574186 0.0517811 0.0458989 0.0399208 0.0339552 0.0280997 0.0224695 0.0172147 0.0125157 0.00854864 0.00543166
 0.00752097 0.0122789 0.0185947 0.0264444 0.0355838 0.045402 0.0548933 0.0629056 0.0685581 0.0715162 0.0719505 0.0702985 0.0670533 0.0626648 0.0575109 0.0518888 0.0460155 0.0400415 0.0340763 0.0282178 0.0225802 0.0173135 0.0125988 0.00861349 0.00547823
 0.00750444 0.0122531 0.0185574 0.0263937 0.0355177 0.0453185 0.0547908 0.0627853 0.0684261 0.0713846 0.0718351 0.0702157 0.0670144 0.0626732 0.0575622 0.0519734 0.0461218 0.0401594 0.0341976 0.028336 0.0226901 0.0174107 0.0126797 0.00867616 0.00552298
 0.00751049 0.0122608 0.0185653 0.0263987 0.0355165 0.0453077 0.054768 0.0627491 0.0683754 0.0713191 0.0717568 0.0701302 0.066932 0.0626063 0.0575219 0.0519657 0.0461464 0.0402102 0.0342662 0.0284134 0.0227686 0.0174837 0.0127424 0.00872588 0.00555908
 0.00751547 0.0122702 0.0185815 0.0264244 0.0355528 0.0453531 0.0548167 0.0627918 0.068402 0.0713214 0.0717311 0.0700776 0.0668582 0.062521 0.0574369 0.0518934 0.0460964 0.0401875 0.0342697 0.0284378 0.0228059 0.0175261 0.0127832 0.00876049 0.00558536
 0.00749067 0.0122324 0.0185294 0.0263591 0.0354781 0.0452755 0.0547449 0.0627353 0.0683681 0.0713125 0.0717433 0.0701029 0.0668873 0.062547 0.0574575 0.0519107 0.0461158 0.0402146 0.034308 0.028487 0.0228621 0.0175831 0.012835 0.00880294 0.00561668
 0.00749067 0.0122324 0.0185294 0.0263591 0.0354781 0.0452755 0.0547449 0.0627353 0.0683681 0.0713125 0.0717433 0.0701029 0.0668873 0.062547 0.0574575 0.0519107 0.0461158 0.0402146 0.034308 0.028487 0.0228621 0.0175831 0.012835 0.00880294 0.00561668
 0.00713587 0.0116667 0.0177016 0.0252363 0.0340609 0.0436173 0.0529669 0.0610201 0.0669245 0.0703218 0.0713142 0.0702526 0.0675512 0.0636055 0.0587682 0.0533362 0.0475426 0.0415604 0.0355197 0.0295339 0.0237298 0.0182695 0.0133489 0.00916363 0.00585169
 0.00709499 0.0115626 0.0174753 0.0248096 0.033356 0.042588 0.0516293 0.0594649 0.0653054 0.0688253 0.0701233 0.0695128 0.0673443 0.0639356 0.059565 0.0544763 0.0488795 0.042954 0.0368561 0.0307333 0.024745 0.0190808 0.013959 0.00959246 0.00613116
 0.00730378 0.0119 0.0179745 0.0254869 0.0341913 0.0435032 0.0524786 0.0600567 0.065459 0.0684412 0.0692283 0.0682565 0.0659513 0.0626383 0.0585452 0.0538301 0.0486129 0.0430027 0.0371192 0.0311057 0.02514 0.0194398 0.0142507 0.00980778 0.00627619
 0.0073894 0.0120658 0.0182726 0.0259809 0.0349385 0.0445254 0.0537324 0.0614189 0.0667386 0.0694172 0.0697048 0.0681203 0.0652114 0.0614304 0.0570927 0.0523772 0.0473581 0.0420575 0.0365031 0.0307702 0.0250043 0.0194223 0.0142878 0.00985897 0.00632104
 0.00721917 0.0118072 0.0179205 0.0255511 0.0344739 0.0440998 0.0534462 0.0613788 0.0670193 0.0700191 0.0705314 0.0689945 0.0659305 0.0618364 0.0571278 0.0520985 0.0469053 0.041593 0.0361518 0.0305878 0.0249798 0.0195041 0.0144158 0.00998617 0.00642214
 0.00723731 0.0118152 0.0178934 0.0254546 0.0342761 0.0437901 0.0530518 0.0609695 0.0666945 0.06988 0.0706466 0.0693687 0.0664915 0.0624492 0.057639 0.0523936 0.0469514 0.0414435 0.0359127 0.0303652 0.0248395 0.0194599 0.0144431 0.0100475 0.00648618
 0.00710172 0.0116066 0.0176007 0.025073 0.0338054 0.0432328 0.0524168 0.0602812 0.0660034 0.0692671 0.0702133 0.0692125 0.0666697 0.0629498 0.0583735 0.0532213 0.0477285 0.0420721 0.0363659 0.0306761 0.0250657 0.0196481 0.014613 0.0101967 0.0066052
 0.00699251 0.0114187 0.0173 0.0246247 0.0331855 0.0424442 0.0515012 0.0593162 0.0650835 0.0684799 0.0696271 0.0688776 0.0666249 0.0632185 0.0589466 0.0540415 0.0486913 0.0430526 0.0372569 0.031417 0.0256461 0.0200895 0.0149446 0.0104413 0.00677799
 0.00699824 0.0114193 0.0172836 0.0245712 0.0330674 0.0422306 0.0511647 0.0588432 0.0644851 0.0677978 0.0689301 0.068249 0.0661456 0.0629537 0.0589366 0.054294 0.0491739 0.0436938 0.0379617 0.0320935 0.0262302 0.0205539 0.0152914 0.0106875 0.00694416
 0.00698192 0.0114002 0.0172677 0.0245667 0.0330794 0.0422536 0.0511775 0.0588101 0.0643645 0.0675573 0.0685618 0.0677782 0.0656303 0.0624732 0.0585734 0.0541136 0.0492087 0.0439338 0.0383567 0.0325683 0.0267074 0.0209745 0.015625 0.0109296 0.00710652
 0.00699789 0.0114289 0.0173162 0.0246435 0.033193 0.0424087 0.0513705 0.0590242 0.0645678 0.0677047 0.0686034 0.0676741 0.0653672 0.0620755 0.0581029 0.0536548 0.0488455 0.0437247 0.0383193 0.032678 0.0269105 0.0212101 0.015844 0.0111045 0.00723006
 0.00705214 0.011519 0.0174551 0.0248438 0.0334633 0.0427488 0.0517664 0.059447 0.0649775 0.0680563 0.0688524 0.0677808 0.0653018 0.0618269 0.0576881 0.0531239 0.0482747 0.0431983 0.0379056 0.0324107 0.0267841 0.0211896 0.0158837 0.0111646 0.00728561
 0.0070943 0.0115938 0.017579 0.0250359 0.0337403 0.0431181 0.0522186 0.0599537 0.0654951 0.0685343 0.069242 0.0680397 0.0653981 0.0617412 0.0574184 0.0526904 0.0477233 0.0425968 0.0373299 0.0319256 0.0264259 0.0209609 0.0157608 0.0111124 0.00727169
