SBPRF35
12.7214
Curr Bio
790082
B35
873380
F35
0.170658
FOFL
0.14791
OFL
93086.1
Bzero
3.63469e+006
#pred survey bio
 3.48815e+006 3.38335e+006 3.28846e+006 3.12569e+006 2.9303e+006 2.72873e+006 2.49725e+006 2.26614e+006 2.04422e+006 1.84998e+006 1.66321e+006 1.49646e+006 1.33648e+006 1.16821e+006 1.00257e+006 879640 781111 720706 683071 643283 615114 588111 573139 556913 550864 541470 541182 534102 533496 538138 545637 548287 555671 565557 566564 578019 588358 604511 612710 624029 633288 641165 647462 656267 665498 676916 681197 687374 695871 698078 705899 757370 802983 805730 797096 813237 813750 847292 882727 912357 927919 945472 942070 926615 895328 856622 826715 796446 2.69064e+007 1.60732e+007 1.63819e+007 1.73414e+007 1.87364e+007 2.03006e+007 2.18328e+007 2.32133e+007 2.43901e+007 2.53551e+007 2.61256e+007 2.67292e+007 2.7196e+007 2.75539e+007 2.78271e+007 2.80351e+007 2.81935e+007 2.83143e+007 2.84066e+007 2.84775e+007 2.85321e+007 2.85744e+007 2.86073e+007 2.86331e+007 2.86533e+007 2.86692e+007 2.86818e+007 2.86918e+007 2.86998e+007 2.87061e+007 2.87112e+007 2.87153e+007 2.87187e+007 2.87214e+007 2.87235e+007 2.87253e+007 2.87267e+007 2.87279e+007 2.87288e+007 2.87296e+007 2.87302e+007 2.87307e+007 2.87312e+007 2.87315e+007 2.87318e+007 2.8732e+007 2.87322e+007 2.87324e+007 2.87325e+007 2.87326e+007 2.87327e+007 2.87327e+007 2.87328e+007 2.87328e+007 2.87329e+007 2.87329e+007 2.87329e+007 2.8733e+007 2.8733e+007 2.8733e+007 2.8733e+007 2.8733e+007 2.8733e+007 2.8733e+007 2.8733e+007 2.8733e+007 2.8733e+007 2.8733e+007 2.8733e+007 2.8733e+007 2.8733e+007 2.8733e+007 2.8733e+007 2.8733e+007 2.8733e+007 2.8733e+007 2.8733e+007 2.8733e+007 2.8733e+007 2.8733e+007 2.8733e+007 2.8733e+007 2.8733e+007 2.8733e+007 2.8733e+007 2.87331e+007 2.87331e+007 2.87331e+007 2.87331e+007 2.87331e+007 2.87331e+007 2.87331e+007 2.87331e+007 2.87331e+007 2.87331e+007 2.87331e+007 2.87331e+007 2.87331e+007 2.87331e+007 2.87331e+007 0 0 0 0 0 0 0 0 0 0 0 0 0 0 0 0 0 0 0 0 0 0 0 0 0
#obs survey bio
 3.71378e+006 4.00437e+006 1.83568e+006 2.94354e+006 2.44799e+006 3.34447e+006 2.49247e+006 2.97432e+006 1.97351e+006 1.67877e+006 2.0122e+006 1.07069e+006 1.10726e+006 1.56262e+006 657039 841906 974500 638340 788741 636813 607984 411091 587902 568752 677187 445839 486450 304753 507012 533554 753741 463002 444137 473087 678569 574717 490473 633502 633286 555474 673949 764176 538775 637263 631398 728771 831835 790707 806787 577337 719453 1.07955e+006 894092 573789 881968 677935 715395 672870 1.00862e+006 950491 833375 1.21634e+006 1.02137e+006 844187 973333 860599 857666 499778
#pred catch bio
 103196 97910.3 167565 208393 227378 269053 283167 288815 276962 281826 273247 273763 283089 277998 236142 210242 173191 150895 149720 136359 132174 119371 118237 107720 109076 100303 105369 99708.1 96114.1 94647.3 99081.1 95354.3 93887.6 101309 92382.2 94187.1 90600.3 98635.5 97213.1 100498 102792 104957 103723 104054 102773 109326 108074 106794 112561 107803 71857.5 78246.1 114335 123476 104004 120020 94298.1 95665.4 101860 113389 110636 127374 135502 146101 148859 138066 135188 128613 93086.1 105612 106285 111221 119703 129521 139119 147660 154805 160527 164964 168323 170818 172645 173967 174915 175590 176068 176405 176641 176806 176921 177002 177058 177096 177123 177142 177155 177164 177170 177174 177177 177179 177180 177181 177182 177182 177183 177183 177183 177183 177183 177183 177183 177183 177183 177183 177183 177183 177183 177183 177183 177183 177183 177183 177183 177183 177183 177183 177183 177183 177183 177183 177183 177183 177183 177183 177183 177183 177183 177183 177183 177183 177183 177183 177183 177183 177183 177183 177183 177183 177183 177183 177183 177183 177183 177183 177183 177183 177183 177183 177183 177183 177183 177183 177183 177183 177183 177183 177183 0 0 0 0 0 0 0 0 0 0 0 0 0 0 0 0 0 0 0 0 0 0 0 0 0
#obs catch bio
 0 97419.9 168210 209059 228708 270939 285049 289690 278122 283440 274724 276059 287114 279397 238493 211857 173427 151525 149933 137069 132427 120025 118656 108010 109028 100412 105196 99942.7 96468.4 95397.8 99338.4 95769.6 94360.6 102254 92355.8 94457.9 90904.2 99077.1 97344.4 101022 103515 105284 104441 104922 102948 109635 108399 107126 113220 108766 71869.5 77957.6 114009 123714 103577 120689 94599.7 96079.4 102415 114051 110706 127457 135422 145812 147908 137292 134593 128592
#pred cpue bio
 3.43974e+006 3.33678e+006 3.2426e+006 3.07981e+006 2.88462e+006 2.68344e+006 2.45283e+006 2.22267e+006 2.00157e+006 1.80788e+006 1.62184e+006 1.45591e+006 1.29711e+006 1.131e+006 968052 847188 750597 691523 654845 616180 588935 562795 548343 532738 527068 518069 517896 511002 510213 514555 521934 524683 531922 541635 542839 554145 564185 579865 587823 598718 607582 615268 621400 629949 639098 650371 654540 660518 668787 670982 678787 729801 775438 778247 768976 784002 784165 817005 852066 881684 897450 914919 911721 896703 866232 828438 799207 769933 2.60269e+007 1.55529e+007 1.57042e+007 1.64991e+007 1.78382e+007 1.93896e+007 2.09192e+007 2.22993e+007 2.3476e+007 2.44411e+007 2.52115e+007 2.58151e+007 2.62819e+007 2.66399e+007 2.6913e+007 2.71211e+007 2.72794e+007 2.74002e+007 2.74926e+007 2.75634e+007 2.7618e+007 2.76603e+007 2.76932e+007 2.7719e+007 2.77392e+007 2.77551e+007 2.77677e+007 2.77777e+007 2.77857e+007 2.7792e+007 2.77971e+007 2.78013e+007 2.78046e+007 2.78073e+007 2.78094e+007 2.78112e+007 2.78126e+007 2.78138e+007 2.78147e+007 2.78155e+007 2.78161e+007 2.78167e+007 2.78171e+007 2.78174e+007 2.78177e+007 2.78179e+007 2.78181e+007 2.78183e+007 2.78184e+007 2.78185e+007 2.78186e+007 2.78187e+007 2.78187e+007 2.78188e+007 2.78188e+007 2.78188e+007 2.78188e+007 2.78189e+007 2.78189e+007 2.78189e+007 2.78189e+007 2.78189e+007 2.78189e+007 2.78189e+007 2.78189e+007 2.78189e+007 2.78189e+007 2.78189e+007 2.7819e+007 2.7819e+007 2.7819e+007 2.7819e+007 2.7819e+007 2.7819e+007 2.7819e+007 2.7819e+007 2.7819e+007 2.7819e+007 2.7819e+007 2.7819e+007 2.7819e+007 2.7819e+007 2.7819e+007 2.7819e+007 2.7819e+007 2.7819e+007 2.7819e+007 2.7819e+007 2.7819e+007 2.7819e+007 2.7819e+007 2.7819e+007 2.7819e+007 2.7819e+007 2.7819e+007 2.7819e+007 2.7819e+007 2.7819e+007 2.7819e+007 2.7819e+007 0 0 0 0 0 0 0 0 0 0 0 0 0 0 0 0 0 0 0 0 0 0 0 0 0
#obs cpue bio
 3.33061e+006 3.4098e+006 2.88614e+006 2.96518e+006 1.62974e+006 2.69627e+006 2.41828e+006 2.57057e+006 1.61374e+006 1.81896e+006 1.24486e+006 1.54875e+006 1.06759e+006 1.38135e+006 931622 927269 734261 593696 709363 439006 732343 555222 617965 472247 574363 496793 782150 629035 459415 337012 569216 479479 554472 508774 731190 461498 539334 558205 635423 480139 450376 671209 485564 525057 1.0177e+006 583197 481305 515757 484390 664350 646409 1.01348e+006 956870 686931 851632 603838 595221 991520 619159 919003 1.30015e+006 865874 893674 1.18508e+006 1.23052e+006 787975 794421 896568
#pred surv len freq
 0.0050016 0.00809587 0.0121374 0.0170896 0.0228209 0.0290317 0.0352257 0.0408283 0.0454033 0.0487999 0.0511261 0.0526132 0.0534949 0.0539538 0.0541147 0.0540571 0.0538338 0.0534738 0.0529409 0.0520463 0.0503784 0.0473626 0.0425175 0.0358078 0.0278447
 0.0053136 0.00849154 0.0125312 0.017345 0.0228022 0.0286779 0.0346004 0.0401037 0.0447811 0.0484171 0.0510047 0.0526784 0.0536408 0.0541093 0.0542746 0.0542696 0.0541562 0.0539219 0.0534581 0.0525112 0.0506528 0.0473565 0.0422342 0.0353404 0.0273277
 0.00547958 0.00879193 0.0130315 0.0181033 0.0238294 0.0298925 0.0358116 0.0410585 0.0452687 0.0483714 0.0505317 0.0519878 0.0529324 0.0534957 0.0537788 0.0538734 0.053846 0.0536955 0.0532992 0.0523656 0.0504357 0.0469945 0.0417115 0.0347141 0.0266998
 0.00566971 0.00909575 0.0134821 0.0187354 0.0246808 0.0309969 0.0371764 0.0426297 0.0469032 0.0498448 0.0515984 0.0524745 0.0528093 0.0528773 0.0528558 0.0528265 0.0527956 0.0526977 0.0523633 0.05147 0.049542 0.0460705 0.0407587 0.0337811 0.0258646
 0.00586301 0.00941009 0.0139553 0.0194033 0.025571 0.0321207 0.0385211 0.0441554 0.0485443 0.0515075 0.0531528 0.0537527 0.0536329 0.053114 0.0524749 0.0519136 0.0515127 0.0512174 0.0508167 0.0499298 0.048038 0.044619 0.0393903 0.0325497 0.0248334
 0.00604357 0.00970247 0.0143938 0.0200206 0.0263945 0.0331651 0.0397791 0.0455928 0.0501024 0.0531113 0.0547159 0.0551755 0.0547971 0.0538858 0.0527298 0.0515779 0.050598 0.0498227 0.0490947 0.0480388 0.0461105 0.0427577 0.0376809 0.0310688 0.0236402
 0.00629315 0.0100982 0.014971 0.0208063 0.0274045 0.0343984 0.041211 0.0471718 0.0517559 0.0547567 0.0562719 0.0565653 0.0559444 0.0547074 0.0531332 0.0514715 0.0499184 0.0485665 0.0473356 0.0459191 0.0438109 0.0404646 0.0355616 0.029254 0.0222088
 0.0066002 0.0105821 0.0156711 0.0217491 0.0285999 0.0358339 0.042845 0.0489313 0.0535458 0.0564775 0.0578352 0.0579006 0.0569961 0.0554263 0.0534662 0.051357 0.0492929 0.0473876 0.0456132 0.0437389 0.0413359 0.0379102 0.0331521 0.0271762 0.0205756
 0.00693717 0.0111168 0.0164509 0.022809 0.0299554 0.0374716 0.0447121 0.0509331 0.0555588 0.0583731 0.059502 0.0592563 0.0579873 0.0560209 0.0536417 0.0510882 0.0485468 0.046131 0.0438375 0.0414934 0.0387509 0.0351925 0.0305465 0.0249047 0.018782
 0.00721786 0.0115703 0.0171283 0.0237558 0.0312033 0.039025 0.0465334 0.0529376 0.0576244 0.0603627 0.0612862 0.0607287 0.0590711 0.0566689 0.0538299 0.0508052 0.0477827 0.0448752 0.042091 0.0392966 0.0362126 0.0324991 0.0279354 0.0226056 0.0169533
 0.00750901 0.0120357 0.0178145 0.0247019 0.0324355 0.0405473 0.0483155 0.054908 0.0596759 0.0623675 0.0631141 0.0622619 0.060215 0.0573575 0.0540265 0.0504967 0.0469701 0.0435669 0.0403075 0.037088 0.0336845 0.0298253 0.0253403 0.0203126 0.0151222
 0.0077431 0.0124184 0.0183943 0.0255254 0.0335383 0.04194 0.0499695 0.0567512 0.0616022 0.0642572 0.0648515 0.0637445 0.0613563 0.0580887 0.0542979 0.0502788 0.0462523 0.0423557 0.0386292 0.0350007 0.0312949 0.0272992 0.0228869 0.0181408 0.0133831
 0.00781116 0.0125639 0.0186778 0.0260258 0.0343348 0.0430838 0.0514567 0.0585128 0.0635181 0.0661832 0.0666463 0.0652871 0.0625539 0.0588769 0.0546367 0.0501464 0.0456408 0.0412714 0.0370981 0.0330807 0.0290907 0.0249677 0.0206228 0.016136 0.0117765
 0.00800191 0.0128638 0.0191123 0.0266176 0.035107 0.0440609 0.0526581 0.0599386 0.0651312 0.0678993 0.0683388 0.0668096 0.0637701 0.059686 0.0549823 0.0500104 0.0450307 0.0402097 0.0356224 0.0312538 0.0270141 0.0227883 0.0185187 0.0142807 0.0102938
 0.00833608 0.0133886 0.0198669 0.0276234 0.036362 0.0455332 0.0542811 0.0616163 0.0667579 0.069383 0.0696134 0.0678287 0.0644927 0.0600685 0.0549839 0.049604 0.0442109 0.0389942 0.0340512 0.0293929 0.0249628 0.0206825 0.0165178 0.0125367 0.00891154
 0.00851948 0.0136923 0.0203339 0.0282959 0.0372717 0.0466854 0.0556399 0.0631009 0.0682558 0.0707763 0.0708036 0.068751 0.0651155 0.060382 0.0549853 0.0492882 0.0435709 0.0380298 0.0327809 0.0278644 0.0232601 0.0189243 0.014843 0.0110757 0.00775369
 0.00875714 0.0140533 0.020831 0.0289276 0.0380277 0.0475537 0.0566089 0.0641524 0.0693555 0.0718673 0.0718102 0.0695914 0.06572 0.0607064 0.0550133 0.0490235 0.0430257 0.0372185 0.0317239 0.0265987 0.0218511 0.0174681 0.013455 0.00986489 0.00679455
 0.00887952 0.0142426 0.0210976 0.0292738 0.0384467 0.0480306 0.0571222 0.0646797 0.0698815 0.0723891 0.0723328 0.0701142 0.0662218 0.061142 0.0553236 0.0491525 0.0429334 0.0368865 0.0311554 0.02582 0.0209144 0.0164521 0.0124552 0.00897399 0.00607858
 0.00889519 0.0142693 0.0211403 0.0293381 0.0385386 0.0481547 0.0572805 0.0648711 0.0701031 0.0726391 0.0726131 0.0704294 0.0665738 0.0615206 0.0556988 0.049475 0.0431442 0.0369323 0.0310032 0.0254666 0.0203897 0.0158161 0.0117871 0.00835363 0.00556637
 0.00894564 0.0143522 0.0212664 0.0295172 0.0387765 0.0484491 0.0576175 0.065225 0.070442 0.0729332 0.0728428 0.0705899 0.0666744 0.061579 0.0557318 0.0494874 0.0431229 0.0368484 0.0308237 0.0251699 0.0199793 0.0153243 0.0112686 0.00786891 0.00516364
 0.0090178 0.0144524 0.0213861 0.0296393 0.0388822 0.0485277 0.057673 0.0652748 0.0705071 0.0730272 0.0729658 0.0707296 0.0668138 0.0617042 0.0558352 0.049566 0.0431719 0.0368559 0.0307705 0.0250373 0.0197603 0.0150329 0.0109389 0.00754506 0.00488494
 0.00910679 0.0145926 0.0215874 0.0299049 0.0392044 0.0488841 0.058026 0.065578 0.0707201 0.073131 0.0729687 0.0706599 0.0667042 0.0615793 0.0557078 0.0494392 0.0430437 0.0367203 0.0306178 0.0248562 0.0195437 0.0147845 0.0106757 0.00729349 0.00467033
 0.009079 0.0145532 0.0215395 0.029856 0.0391657 0.0488686 0.0580445 0.0656357 0.070813 0.0732457 0.0730861 0.0707635 0.0667866 0.0616432 0.0557609 0.0494872 0.0430859 0.0367497 0.0306237 0.024828 0.0194749 0.0146768 0.010541 0.00715106 0.00454044
 0.00911615 0.0146044 0.0215995 0.029915 0.0392128 0.048897 0.0580561 0.0656402 0.0708239 0.0732731 0.0731319 0.0708203 0.0668415 0.0616844 0.0557821 0.0494897 0.0430744 0.0367282 0.0305917 0.0247814 0.0194091 0.014591 0.010441 0.00704808 0.0044472
 0.00912867 0.0146151 0.0215978 0.0298851 0.0391376 0.0487651 0.0578683 0.0654132 0.0705879 0.0730656 0.072989 0.0707671 0.0668852 0.0618123 0.0559675 0.0497007 0.0432833 0.0369154 0.0307456 0.0248955 0.0194808 0.014622 0.0104379 0.00702207 0.00441126
 0.00917397 0.0146865 0.0217004 0.0300196 0.0392978 0.0489349 0.058021 0.0655156 0.0706108 0.0729962 0.072838 0.0705665 0.0666776 0.0616367 0.0558481 0.0496425 0.0432754 0.0369385 0.03078 0.0249256 0.0194971 0.0146208 0.0104209 0.00699474 0.00438077
 0.00920866 0.0147284 0.021737 0.0300318 0.0392665 0.0488509 0.0578912 0.0653613 0.0704581 0.0728639 0.0727331 0.0704874 0.0666225 0.0616093 0.0558568 0.0496942 0.0433695 0.0370642 0.0309193 0.0250588 0.0196085 0.014702 0.0104709 0.00701874 0.00438711
 0.00938078 0.0149863 0.0220832 0.0304515 0.0397279 0.049309 0.0582936 0.0656562 0.0706057 0.0728486 0.0725676 0.0702062 0.066269 0.0612249 0.0554761 0.0493452 0.0430725 0.0368305 0.0307491 0.024943 0.0195326 0.0146512 0.0104344 0.00699031 0.00436455
 0.00941442 0.0150502 0.0221957 0.0306331 0.0399939 0.0496584 0.0587003 0.0660693 0.070962 0.0730909 0.0726607 0.0701447 0.0660744 0.060936 0.0551376 0.0489981 0.0427491 0.0365523 0.030527 0.0247778 0.0194171 0.0145741 0.0103838 0.00695686 0.00434208
 0.00927973 0.0148572 0.0219542 0.0303712 0.0397533 0.0494845 0.0586315 0.0661285 0.071149 0.0733794 0.0730012 0.0704768 0.0663441 0.0611108 0.055212 0.0489892 0.0426862 0.0364664 0.0304425 0.0247095 0.0193701 0.0145461 0.0103691 0.00694956 0.00433801
 0.00919091 0.0147075 0.0217209 0.0300344 0.0393065 0.0489475 0.0580597 0.0656077 0.070773 0.0732196 0.0730829 0.0707732 0.0667887 0.0616198 0.0557079 0.049418 0.043024 0.0367149 0.030619 0.0248351 0.0194623 0.0146157 0.0104213 0.00698685 0.0043625
 0.0092422 0.0147751 0.0217925 0.0300865 0.0393075 0.0488662 0.057875 0.0653184 0.0704054 0.0728277 0.0727387 0.0705462 0.0667219 0.0617151 0.0559277 0.0497023 0.0433126 0.0369651 0.0308119 0.0249719 0.0195548 0.0146774 0.0104628 0.00701463 0.00438043
 0.0091766 0.0146843 0.0216844 0.0299764 0.0392109 0.0487886 0.0578057 0.0652324 0.0702757 0.0726408 0.0725066 0.0703077 0.066532 0.0616256 0.0559677 0.0498669 0.0435661 0.0372564 0.0310931 0.0252111 0.0197396 0.0148101 0.0105527 0.00707265 0.00441596
 0.00901154 0.0144369 0.021352 0.0295726 0.0387646 0.0483399 0.0573994 0.0649109 0.0700673 0.0725504 0.0725153 0.0703839 0.0666498 0.0617773 0.0561631 0.0501205 0.0438814 0.037617 0.0314663 0.0255603 0.0200361 0.0150405 0.0107177 0.007182 0.00448323
 0.00908081 0.0145201 0.0214235 0.0295922 0.0386906 0.0481488 0.0571017 0.0645515 0.0697097 0.0722537 0.072315 0.0702858 0.0666361 0.0618211 0.0562431 0.0502288 0.0440209 0.0377915 0.0316708 0.0257779 0.0202439 0.0152182 0.0108544 0.00727706 0.00454326
 0.00911666 0.0145683 0.021476 0.0296316 0.0386905 0.048077 0.056928 0.0642587 0.0693071 0.0717846 0.071851 0.0699061 0.0664006 0.0617521 0.0563251 0.0504232 0.0442854 0.0380919 0.0319828 0.0260823 0.0205229 0.0154561 0.011041 0.0074107 0.0046302
 0.00911734 0.0145751 0.0214964 0.029674 0.0387601 0.0481689 0.0570221 0.0643204 0.0692962 0.07167 0.0716255 0.0695947 0.0660569 0.061442 0.0561051 0.0503232 0.0443042 0.0382055 0.0321578 0.0262861 0.0207284 0.0156424 0.0111944 0.00752534 0.00470766
 0.00904172 0.0144594 0.0213364 0.0294725 0.0385279 0.0479252 0.0567929 0.0641333 0.0691712 0.0716098 0.0716134 0.0696028 0.0660613 0.0614365 0.0561047 0.0503556 0.0443942 0.0383623 0.0323712 0.0265318 0.0209772 0.0158688 0.0113812 0.00766547 0.00480302
 0.00911141 0.0145555 0.0214492 0.0295822 0.03861 0.0479598 0.056772 0.0640634 0.0690693 0.0714962 0.0715041 0.069504 0.0659688 0.0613415 0.0560023 0.0502522 0.0443076 0.0383141 0.0323757 0.026589 0.0210732 0.0159819 0.0114906 0.00775645 0.00486952
 0.00909493 0.0145395 0.021444 0.0296018 0.0386652 0.0480491 0.056877 0.0641524 0.0691107 0.0714734 0.0714227 0.0693869 0.0658438 0.0612285 0.055909 0.0501779 0.0442508 0.0382781 0.0323674 0.0266137 0.0211286 0.0160578 0.0115718 0.00782933 0.00492594
 0.00898984 0.0143904 0.0212604 0.0294077 0.0384942 0.0479349 0.0568432 0.064206 0.0692386 0.0716448 0.0715973 0.069528 0.0659306 0.0612609 0.055902 0.0501513 0.0442213 0.0382568 0.0323614 0.0266272 0.0211624 0.0161075 0.0116288 0.00788388 0.00497056
 0.00900081 0.0143904 0.0212286 0.0293173 0.0383234 0.0476827 0.0565401 0.0639102 0.0690163 0.0715442 0.0716304 0.0696698 0.0661328 0.0614725 0.0560861 0.0502919 0.0443209 0.0383277 0.0324178 0.02668 0.0212174 0.0161653 0.011686 0.00793531 0.0050118
 0.00899189 0.0143835 0.0212309 0.0293365 0.0383611 0.0477276 0.0565658 0.0638847 0.0689201 0.0713863 0.0714498 0.0695185 0.066051 0.0614713 0.0561474 0.0503832 0.0444121 0.038402 0.0324726 0.0267214 0.0212532 0.0162004 0.0117212 0.00796819 0.00503942
 0.00886491 0.0141993 0.0209957 0.0290713 0.038098 0.0475002 0.0564005 0.0637936 0.0688981 0.0714134 0.0715002 0.0695739 0.0661102 0.0615479 0.0562576 0.0505318 0.0445881 0.0385848 0.0326424 0.0268667 0.0213713 0.0162938 0.0117938 0.00802314 0.00507893
 0.00886398 0.0141768 0.0209244 0.0289168 0.0378315 0.0471182 0.0559376 0.0633196 0.0684954 0.0711469 0.0713963 0.0696188 0.0662644 0.0617679 0.056511 0.0508011 0.0448646 0.0388601 0.0329044 0.0271021 0.0215701 0.0164519 0.0119127 0.00810774 0.00513561
 0.00884956 0.014156 0.0208963 0.0288784 0.0377736 0.0470219 0.0557772 0.0630733 0.0681626 0.0707607 0.0710202 0.0693252 0.0661071 0.0617635 0.0566403 0.0510246 0.0451406 0.0391549 0.033194 0.027369 0.0218016 0.0166405 0.0120564 0.00820974 0.00520291
 0.00886274 0.0141789 0.0209336 0.0289347 0.037852 0.0471205 0.0558851 0.0631681 0.0682126 0.0707332 0.0708951 0.0691087 0.0658355 0.0614927 0.0564251 0.050899 0.0451105 0.0392034 0.0332941 0.0274934 0.0219284 0.0167547 0.0121493 0.00827883 0.00524985
 0.00885606 0.0141682 0.020918 0.0289143 0.0378287 0.0470984 0.0558708 0.0631684 0.0682299 0.0707616 0.0709184 0.0691052 0.0657877 0.0613989 0.0563035 0.0507823 0.0450314 0.0391819 0.0333306 0.0275733 0.0220299 0.0168574 0.0122389 0.00834816 0.00529808
 0.00878307 0.0140617 0.0207801 0.028755 0.0376627 0.0469413 0.0557353 0.0630641 0.0681643 0.0707399 0.0709417 0.0691673 0.065874 0.0614899 0.0563822 0.0508426 0.0450806 0.0392352 0.0334021 0.0276673 0.0221396 0.0169691 0.0123389 0.00842762 0.00535441
 0.00872585 0.0139761 0.0206656 0.0286167 0.0375114 0.0467916 0.0556037 0.0629664 0.0681117 0.0707357 0.070981 0.0692388 0.0659643 0.0615859 0.0564729 0.0509199 0.045142 0.039285 0.0334493 0.0277209 0.0222033 0.0170393 0.0124075 0.00848647 0.00539881
 0.00849705 0.0136391 0.0202237 0.0280964 0.036956 0.0462497 0.0551205 0.0625799 0.0678518 0.0706218 0.0710185 0.0694171 0.0662584 0.0619606 0.0568901 0.0513444 0.0455462 0.0396514 0.0337705 0.0279966 0.0224363 0.0172321 0.0125611 0.00860188 0.00547905
 0.00815778 0.0130797 0.0193709 0.0268878 0.0353651 0.0443207 0.0529938 0.0604841 0.0660529 0.0693503 0.070412 0.0695016 0.0669639 0.063155 0.0584121 0.0530323 0.0472578 0.0412758 0.0352318 0.0292511 0.0234666 0.0180397 0.0131619 0.00902229 0.00575297
 0.00826922 0.0131948 0.0194204 0.0267614 0.0349346 0.043481 0.051706 0.0588021 0.0641262 0.0674028 0.0687 0.0682596 0.0663511 0.063221 0.0590969 0.0541941 0.0487161 0.0428507 0.0367716 0.030646 0.0246498 0.0189835 0.0138689 0.00951734 0.00607475
 0.00860411 0.0137255 0.0201876 0.0277778 0.0361637 0.0448128 0.0529468 0.0596995 0.0644374 0.0669824 0.0675633 0.0665874 0.0644363 0.0613831 0.0575983 0.0531857 0.0482233 0.0427982 0.0370279 0.0310689 0.0251197 0.0194178 0.0142234 0.00977877 0.00625028
 0.0087638 0.0140055 0.0206465 0.0284817 0.0371687 0.0461362 0.0545348 0.0614091 0.0660443 0.0682203 0.0681861 0.0664404 0.0635127 0.0598385 0.0557102 0.0512714 0.0465509 0.0415263 0.0361923 0.0306108 0.0249325 0.0193916 0.0142713 0.00984552 0.00630849
 0.00863267 0.0138171 0.0204117 0.0282339 0.0369647 0.0460519 0.0546546 0.0618057 0.0667485 0.0691883 0.0692839 0.0674615 0.0642323 0.0600887 0.0554424 0.0505769 0.045625 0.0405944 0.0354326 0.0301095 0.0246838 0.0193303 0.0143156 0.00992744 0.00638662
 0.00860155 0.0137686 0.0203433 0.028147 0.0368674 0.0459627 0.0546059 0.0618438 0.0669263 0.0695494 0.0698399 0.0681698 0.0649872 0.0607372 0.0558293 0.0506026 0.0452899 0.0400006 0.034742 0.0294783 0.0242108 0.0190405 0.0141775 0.00988638 0.00639218
 0.00837589 0.0134182 0.0198477 0.0275004 0.0360828 0.045076 0.0536805 0.060971 0.0662156 0.0691093 0.0697552 0.0684808 0.0656729 0.0617075 0.0569343 0.051666 0.0461597 0.0405962 0.0350731 0.0296233 0.0242695 0.0190886 0.0142467 0.00997247 0.0064764
 0.00813718 0.0130482 0.0193248 0.0268174 0.0352483 0.0441166 0.0526442 0.0599291 0.0652582 0.068334 0.0692537 0.0683258 0.0659052 0.062322 0.0578693 0.0528044 0.0473495 0.0416901 0.0359694 0.0302894 0.0247335 0.019408 0.0144753 0.0101433 0.00660325
 0.00801937 0.0128505 0.0190163 0.026367 0.0346327 0.0433326 0.05172 0.0589261 0.0642607 0.0674326 0.0685316 0.0678531 0.0657363 0.0624911 0.0583792 0.0536139 0.04837 0.0427974 0.0370337 0.03121 0.025461 0.0199434 0.0148508 0.0103986 0.00677203
 0.00802937 0.0128577 0.0190092 0.0263261 0.0345313 0.0431402 0.0514087 0.0584788 0.0636802 0.0667488 0.0678022 0.0671565 0.0651589 0.0621124 0.058259 0.0537801 0.0488073 0.0434447 0.0377942 0.0319757 0.0261422 0.0204891 0.0152506 0.0106707 0.00694601
 0.00796787 0.0127694 0.0188974 0.0261997 0.0343997 0.0430064 0.0512637 0.0583017 0.063445 0.0664346 0.0674047 0.0666954 0.0646804 0.0616834 0.0579543 0.0536652 0.0489207 0.0437839 0.0383121 0.0325913 0.0267638 0.0210401 0.0156869 0.0109828 0.00714963
 0.00793451 0.0127261 0.0188526 0.0261685 0.0344002 0.0430529 0.0513597 0.0584348 0.0635858 0.0665399 0.0674261 0.0665932 0.0644391 0.0613228 0.0575304 0.0532585 0.0486146 0.0436406 0.0383537 0.032794 0.0270685 0.021375 0.0159914 0.0112218 0.00731513
 0.00788274 0.0126552 0.0187709 0.0260931 0.0343538 0.0430577 0.051431 0.0585766 0.0637879 0.0667765 0.0676568 0.0667685 0.0645107 0.0612588 0.0573288 0.0529536 0.0482715 0.0433367 0.0381539 0.0327296 0.0271299 0.0215206 0.0161682 0.0113856 0.00744134
 0.00792794 0.0127223 0.0188604 0.0262026 0.0344806 0.0432018 0.0515963 0.0587686 0.064008 0.0670162 0.0678947 0.0669715 0.0646397 0.0612771 0.0572129 0.0527033 0.0479164 0.0429331 0.0377706 0.0324266 0.0269392 0.0214398 0.0161684 0.0114281 0.00749381
 0.00802541 0.0128746 0.0190776 0.0264886 0.0348307 0.0436009 0.0520178 0.0591775 0.0643686 0.067302 0.0680925 0.0670785 0.0646553 0.0611969 0.0570286 0.0524096 0.047521 0.0424645 0.0372774 0.0319665 0.0265615 0.0211702 0.0160042 0.0113462 0.00746347
 0.00789374 0.0126988 0.0188838 0.0263246 0.0347531 0.0436536 0.0522144 0.0594966 0.064764 0.0677186 0.0684816 0.0674054 0.0649003 0.0613512 0.0570883 0.0523721 0.0473867 0.042243 0.036993 0.031658 0.0262727 0.0209363 0.0158416 0.0112507 0.00741782
 0.00766978 0.0123617 0.0184288 0.0257709 0.0341455 0.0430603 0.0517202 0.0591886 0.0647073 0.0679319 0.068927 0.0680011 0.0655494 0.0619694 0.0576183 0.052784 0.0476706 0.042403 0.0370449 0.0316288 0.0261974 0.0208499 0.0157699 0.011205 0.00739651
#obs surv len freq
 nan nan nan nan nan nan nan nan nan nan nan nan nan nan nan nan nan nan nan nan nan nan nan nan nan
 0.00448271 0.00734309 0.0111721 0.0159876 0.0216877 0.0279629 0.034277 0.0400087 0.0446889 0.0481537 0.0505127 0.0520098 0.0529032 0.0534167 0.0537318 0.0539874 0.0542664 0.0545595 0.0546984 0.0542904 0.0527284 0.0493603 0.0438096 0.0362891 0.027672
 0.00461142 0.00755448 0.0114938 0.0164458 0.0223005 0.0287305 0.0351719 0.0409731 0.0456429 0.0490108 0.0511966 0.0524654 0.0531025 0.0533584 0.0534378 0.0534944 0.0536176 0.0537972 0.0538615 0.0534154 0.0518538 0.0485289 0.0430658 0.0356703 0.0271991
 0.00477739 0.00782513 0.0119028 0.0170251 0.0230744 0.0297059 0.0363274 0.0422535 0.0469644 0.0502736 0.0522996 0.0533189 0.053638 0.0535361 0.0532496 0.0529623 0.0527867 0.0527267 0.0526175 0.052068 0.050478 0.0472048 0.0418729 0.0346745 0.0264366
 0.00496995 0.00814 0.0123801 0.0177032 0.0239828 0.0308535 0.0376904 0.0437711 0.048546 0.0518148 0.0536963 0.0544755 0.0544714 0.0539805 0.0532622 0.0525293 0.0519262 0.0514875 0.0510746 0.0503184 0.0486365 0.0453983 0.0402268 0.0332911 0.0253734
 0.00517827 0.00848273 0.0129035 0.018453 0.0249956 0.0321425 0.0392311 0.0454959 0.0503539 0.0535895 0.0553245 0.0558565 0.0555197 0.0546253 0.0534482 0.0522199 0.05111 0.0501855 0.0493471 0.0482682 0.0464065 0.0431598 0.0381554 0.0315331 0.0240142
 0.00541409 0.0088662 0.013481 0.0192686 0.0260834 0.0335148 0.0408647 0.0473264 0.0522823 0.0554993 0.0570985 0.0573878 0.0567168 0.0554126 0.0537653 0.0520207 0.0503657 0.0488939 0.0475455 0.0460479 0.0439186 0.0406043 0.0357502 0.0294674 0.0224041
 0.0056468 0.00924988 0.0140683 0.0201117 0.0272234 0.0349655 0.0425964 0.0492614 0.0543077 0.05749 0.0589371 0.0589742 0.0579677 0.0562585 0.0541472 0.051889 0.0496821 0.04764 0.0457388 0.043762 0.0412981 0.0378603 0.0331268 0.0271868 0.0206104
 0.00588649 0.00964263 0.0146654 0.0209635 0.0283706 0.0364242 0.0443427 0.051224 0.0563765 0.0595356 0.0608321 0.0606071 0.0592495 0.057122 0.0545418 0.051774 0.0490237 0.0464156 0.0439541 0.0414748 0.0386402 0.0350395 0.030397 0.0247888 0.0187083
 0.00612942 0.0100398 0.0152673 0.0218186 0.0295167 0.0378737 0.0460681 0.0531525 0.0583998 0.0615305 0.0626792 0.0622015 0.0605047 0.05797 0.0549311 0.051666 0.0483883 0.0452333 0.0422276 0.0392524 0.0360399 0.0322572 0.0276815 0.0223839 0.0167869
 0.00636386 0.0104262 0.0158585 0.022667 0.0306631 0.0393311 0.0478049 0.0550872 0.0604141 0.0634932 0.0644685 0.0637173 0.0616708 0.0587309 0.0552468 0.0515067 0.0477307 0.0440621 0.0405465 0.0371046 0.0335324 0.0295708 0.0250506 0.0200436 0.0149083
 0.00662111 0.010845 0.0164899 0.0235587 0.0318505 0.0408228 0.0495668 0.0570371 0.0624316 0.0654422 0.0662198 0.0651646 0.0627366 0.0593667 0.0554271 0.0512202 0.0469725 0.0428316 0.0388555 0.0349967 0.0311061 0.0269909 0.0225323 0.0178048 0.0131091
 0.00684265 0.0112115 0.017053 0.0243699 0.0329499 0.0422224 0.0512335 0.0588879 0.0643468 0.0672893 0.0678761 0.0665293 0.0637351 0.0599495 0.0555679 0.0509101 0.0462145 0.0416363 0.0372454 0.0330199 0.0288552 0.0246147 0.0202223 0.0157547 0.011462
 0.00705932 0.0115659 0.0175904 0.0251341 0.033975 0.043519 0.0527749 0.0606035 0.0661301 0.0690168 0.0694273 0.0678019 0.0646527 0.0604638 0.0556559 0.0505684 0.0454529 0.040474 0.0357133 0.0311711 0.0267797 0.0224471 0.0181313 0.0139085 0.00998316
 0.00728987 0.0119403 0.0181531 0.0259249 0.035021 0.0448213 0.0542955 0.062262 0.0678157 0.0706101 0.0708203 0.0689085 0.0654118 0.0608381 0.0556298 0.0501441 0.0446457 0.0393099 0.0342298 0.0294248 0.0248571 0.0204701 0.0162467 0.0122592 0.00867027
 0.00744724 0.0122063 0.0185717 0.0265428 0.0358767 0.0459282 0.0556261 0.0637436 0.0693424 0.0720654 0.0720979 0.0699251 0.0661101 0.0611854 0.0556138 0.0497687 0.0439269 0.0382737 0.0329141 0.0278854 0.0231748 0.0187535 0.0146223 0.0108464 0.00755139
 0.0075244 0.0123313 0.0187605 0.026813 0.0362483 0.0464227 0.0562614 0.0645259 0.0702573 0.0730716 0.0731282 0.0708952 0.0669335 0.0617877 0.0559414 0.0497917 0.0436366 0.03768 0.0320451 0.0267895 0.0219246 0.0174453 0.0133659 0.00974444 0.00667445
 0.00759126 0.0124348 0.0189067 0.0270047 0.036486 0.0467058 0.0565899 0.0649019 0.0706856 0.0735579 0.0736734 0.0714855 0.0675336 0.0623413 0.0563807 0.0500515 0.0436675 0.0374562 0.0315678 0.0260884 0.0210577 0.016495 0.0124276 0.00890756 0.00600161
 0.00765516 0.0125309 0.0190369 0.0271655 0.0366698 0.046903 0.0567912 0.0651006 0.0708801 0.0737543 0.0738851 0.0717288 0.0678183 0.0626607 0.0567056 0.0503321 0.0438442 0.0374747 0.0313943 0.0257195 0.0205244 0.0158582 0.011766 0.00829852 0.00550209
 0.00770464 0.0126088 0.0191489 0.0273143 0.036853 0.0471118 0.0570097 0.0653076 0.0710555 0.0738867 0.0739766 0.0717948 0.0678818 0.0627424 0.0568143 0.0504573 0.0439549 0.0375263 0.0313425 0.0255365 0.0202111 0.0154471 0.0113126 0.00786446 0.00513671
 0.00778211 0.0127255 0.0193071 0.02751 0.0370771 0.0473519 0.0572513 0.0655343 0.0712498 0.0740323 0.0740628 0.0718201 0.0678559 0.0626846 0.0567474 0.0503983 0.0439067 0.0374744 0.0312595 0.025394 0.0199944 0.0151644 0.0109944 0.00755271 0.00486892
 0.00782089 0.012788 0.0193999 0.0276377 0.0372401 0.0475441 0.0574582 0.0657351 0.0714227 0.0741613 0.0741408 0.0718487 0.0678418 0.0626375 0.0566787 0.0503202 0.0438283 0.0373972 0.0311746 0.0252859 0.0198492 0.0149799 0.0107842 0.00734174 0.00468319
 0.0078527 0.0128353 0.0194629 0.0277144 0.0373274 0.0476393 0.0575601 0.0658422 0.0715315 0.0742645 0.0742287 0.0719117 0.0678738 0.0626376 0.056651 0.050272 0.0437674 0.0373291 0.0310997 0.0251994 0.0197445 0.0148544 0.0106437 0.00720002 0.00455662
 0.00788567 0.0128821 0.0195209 0.0277766 0.0373843 0.0476826 0.0575851 0.06585 0.071528 0.074259 0.0742303 0.0719258 0.0679 0.0626698 0.0566807 0.0502918 0.0437734 0.0373202 0.0310762 0.0251605 0.0196888 0.0147821 0.010559 0.00711169 0.00447549
 0.0079107 0.0129215 0.0195774 0.0278508 0.0374735 0.0477793 0.0576768 0.0659216 0.0715666 0.0742595 0.0741979 0.0718742 0.0678453 0.0626246 0.0566498 0.0502731 0.0437604 0.037306 0.0310553 0.0251298 0.0196469 0.0147295 0.0104992 0.00705047 0.00441969
 0.00790229 0.0129089 0.0195606 0.0278308 0.0374525 0.0477605 0.0576637 0.0659169 0.0715708 0.07427 0.0742103 0.0718848 0.0678533 0.0626331 0.0566638 0.0502957 0.0437907 0.0373391 0.0310844 0.0251486 0.0196515 0.0147195 0.010477 0.0070214 0.00438965
 0.00790092 0.0129015 0.0195401 0.0277883 0.0373801 0.0476563 0.0575354 0.0657814 0.0714498 0.0741829 0.0741685 0.0718894 0.0678975 0.0627056 0.0567534 0.0503935 0.0438905 0.0374356 0.031172 0.0252217 0.0197058 0.0147533 0.010492 0.00702216 0.00438219
 0.00789311 0.0128876 0.0195167 0.0277508 0.0373233 0.047575 0.057427 0.065648 0.0713007 0.0740347 0.0740428 0.071807 0.0678718 0.0627389 0.056837 0.0505121 0.0440272 0.0375753 0.0313033 0.0253361 0.0197978 0.0148205 0.0105354 0.00704585 0.00439194
 0.00789169 0.0128824 0.0195036 0.0277241 0.0372772 0.0475057 0.0573344 0.0655362 0.0711767 0.0739079 0.0739235 0.0717074 0.0678049 0.0627159 0.0568638 0.0505863 0.0441383 0.037708 0.0314411 0.025465 0.0199077 0.014906 0.0105957 0.00708381 0.00441281
 0.00788087 0.0128644 0.0194754 0.0276827 0.0372195 0.0474297 0.05724 0.0654265 0.0710581 0.073789 0.0738146 0.0716186 0.0677449 0.0626918 0.0568799 0.0506437 0.0442333 0.0378314 0.0315794 0.0256032 0.0200326 0.0150086 0.0106723 0.00713544 0.00444406
 0.00784284 0.0128026 0.0193828 0.0275533 0.0370509 0.0472252 0.0570115 0.0651934 0.0708439 0.0736154 0.0736968 0.0715634 0.0677523 0.0627566 0.0569943 0.0507983 0.0444181 0.0380351 0.0317891 0.0258051 0.0202136 0.0151587 0.0107868 0.00721536 0.00449471
 0.00784246 0.0127945 0.0193568 0.0274956 0.0369474 0.0470677 0.0568029 0.0649492 0.0705892 0.0733789 0.0735046 0.0714346 0.0676967 0.0627747 0.057079 0.0509377 0.0445975 0.0382393 0.0320031 0.026014 0.0204038 0.0153196 0.0109125 0.00730524 0.00455324
 0.0077957 0.0127236 0.0192594 0.0273719 0.0367987 0.0468948 0.0566059 0.0647303 0.0703559 0.0731472 0.0732975 0.0712783 0.0676129 0.0627756 0.0571644 0.0510968 0.0448121 0.0384882 0.0322647 0.0262687 0.0206349 0.015515 0.0110656 0.00741571 0.00462608
 0.00778114 0.0126934 0.0192021 0.0272742 0.0366496 0.0466925 0.0563617 0.0644676 0.0701025 0.0729257 0.0731217 0.0711542 0.0675447 0.0627683 0.0572228 0.0512213 0.0449959 0.0387166 0.0325176 0.0265242 0.020873 0.0157201 0.0112287 0.00753492 0.00470569
 0.00775749 0.0126576 0.0191528 0.0272103 0.0365693 0.0465915 0.0562341 0.064309 0.0699153 0.0727227 0.0729242 0.0709861 0.067426 0.0627102 0.0572291 0.0512902 0.0451222 0.0388908 0.0327252 0.0267464 0.0210898 0.0159137 0.011387 0.00765311 0.00478602
 0.00771529 0.0125908 0.019056 0.0270804 0.0364072 0.0464032 0.0560314 0.0641078 0.0697312 0.0725663 0.0728006 0.0708976 0.0673754 0.0627029 0.0572705 0.0513831 0.0452643 0.0390745 0.0329384 0.0269732 0.021312 0.0161142 0.0115529 0.00777853 0.00487223
 0.0076862 0.0125403 0.0189742 0.0269568 0.0362338 0.0461793 0.0557678 0.0638269 0.0694628 0.0723396 0.0726368 0.0708062 0.0673554 0.0627466 0.0573682 0.0515263 0.0454459 0.0392871 0.0331722 0.0272148 0.0215457 0.0163243 0.0117273 0.00791128 0.00496418
 0.00769549 0.0125546 0.0189939 0.0269803 0.0362562 0.0461917 0.0557571 0.0637796 0.0693698 0.072202 0.0724682 0.0706294 0.067195 0.0626228 0.0572926 0.0515024 0.0454717 0.0393572 0.0332785 0.0273466 0.0216895 0.0164654 0.0118523 0.00801129 0.0050363
 0.00764619 0.0124812 0.0188959 0.0268622 0.0361262 0.0460595 0.0556324 0.0636697 0.0692782 0.072128 0.0724081 0.07058 0.0671572 0.0626025 0.0572988 0.0515428 0.0455494 0.0394699 0.0334192 0.0275047 0.0218523 0.0166195 0.0119862 0.00811736 0.00511254
 0.00763377 0.0124572 0.0188534 0.0267931 0.036025 0.0459273 0.0554799 0.0635158 0.0691442 0.0720299 0.0723511 0.070559 0.0671617 0.0626225 0.0573297 0.0515859 0.0456096 0.0395518 0.0335234 0.0276266 0.0219828 0.0167471 0.0120999 0.00820944 0.00517994
 0.0076095 0.012421 0.0188045 0.0267323 0.035953 0.0458436 0.0553827 0.0634046 0.0690229 0.0719088 0.0722458 0.0704849 0.0671281 0.0626296 0.0573702 0.0516502 0.0456904 0.0396455 0.0336286 0.0277412 0.0221017 0.0168625 0.0122031 0.00829354 0.00524202
 0.0075919 0.0123923 0.0187614 0.0266723 0.0358753 0.0457506 0.0552806 0.0633018 0.0689276 0.0718261 0.0721779 0.0704331 0.0670956 0.0626211 0.0573893 0.051697 0.045761 0.0397338 0.0337286 0.0278477 0.0222094 0.0169653 0.0122945 0.00836826 0.00529754
 0.00757316 0.0123625 0.0187178 0.0266127 0.0357988 0.0456579 0.055175 0.0631899 0.0688185 0.07173 0.0721031 0.0703847 0.0670748 0.0626269 0.0574198 0.0517504 0.0458351 0.039825 0.0338318 0.0279568 0.0223177 0.0170663 0.0123825 0.00843912 0.00534977
 0.00757233 0.012361 0.0187152 0.0266083 0.0357914 0.0456458 0.055156 0.0631616 0.0687794 0.0716801 0.072045 0.0703236 0.0670174 0.0625798 0.0573883 0.0517381 0.0458433 0.0398533 0.033878 0.0280164 0.0223849 0.0171345 0.0124452 0.00849165 0.00538959
 0.0075429 0.0123167 0.018655 0.0265339 0.0357066 0.045556 0.0550674 0.0630809 0.0687124 0.0716307 0.0720145 0.070311 0.0670206 0.0625969 0.0574186 0.0517811 0.0458989 0.0399208 0.0339552 0.0280997 0.0224695 0.0172147 0.0125157 0.00854864 0.00543166
 0.00752097 0.0122789 0.0185947 0.0264444 0.0355838 0.045402 0.0548933 0.0629056 0.0685581 0.0715162 0.0719505 0.0702985 0.0670533 0.0626648 0.0575109 0.0518888 0.0460155 0.0400415 0.0340763 0.0282178 0.0225802 0.0173135 0.0125988 0.00861349 0.00547823
 0.00750444 0.0122531 0.0185574 0.0263937 0.0355177 0.0453185 0.0547908 0.0627853 0.0684261 0.0713846 0.0718351 0.0702157 0.0670144 0.0626732 0.0575622 0.0519734 0.0461218 0.0401594 0.0341976 0.028336 0.0226901 0.0174107 0.0126797 0.00867616 0.00552298
 0.00751049 0.0122608 0.0185653 0.0263987 0.0355165 0.0453077 0.054768 0.0627491 0.0683754 0.0713191 0.0717568 0.0701302 0.066932 0.0626063 0.0575219 0.0519657 0.0461464 0.0402102 0.0342662 0.0284134 0.0227686 0.0174837 0.0127424 0.00872588 0.00555908
 0.00751547 0.0122702 0.0185815 0.0264244 0.0355528 0.0453531 0.0548167 0.0627918 0.068402 0.0713214 0.0717311 0.0700776 0.0668582 0.062521 0.0574369 0.0518934 0.0460964 0.0401875 0.0342697 0.0284378 0.0228059 0.0175261 0.0127832 0.00876049 0.00558536
 0.00749067 0.0122324 0.0185294 0.0263591 0.0354781 0.0452755 0.0547449 0.0627353 0.0683681 0.0713125 0.0717433 0.0701029 0.0668873 0.062547 0.0574575 0.0519107 0.0461158 0.0402146 0.034308 0.028487 0.0228621 0.0175831 0.012835 0.00880294 0.00561668
 0.00749067 0.0122324 0.0185294 0.0263591 0.0354781 0.0452755 0.0547449 0.0627353 0.0683681 0.0713125 0.0717433 0.0701029 0.0668873 0.062547 0.0574575 0.0519107 0.0461158 0.0402146 0.034308 0.028487 0.0228621 0.0175831 0.012835 0.00880294 0.00561668
 0.00713587 0.0116667 0.0177016 0.0252363 0.0340609 0.0436173 0.0529669 0.0610201 0.0669245 0.0703218 0.0713142 0.0702526 0.0675512 0.0636055 0.0587682 0.0533362 0.0475426 0.0415604 0.0355197 0.0295339 0.0237298 0.0182695 0.0133489 0.00916363 0.00585169
 0.00709499 0.0115626 0.0174753 0.0248096 0.033356 0.042588 0.0516293 0.0594649 0.0653054 0.0688253 0.0701233 0.0695128 0.0673443 0.0639356 0.059565 0.0544763 0.0488795 0.042954 0.0368561 0.0307333 0.024745 0.0190808 0.013959 0.00959246 0.00613116
 0.00730378 0.0119 0.0179745 0.0254869 0.0341913 0.0435032 0.0524786 0.0600567 0.065459 0.0684412 0.0692283 0.0682565 0.0659513 0.0626383 0.0585452 0.0538301 0.0486129 0.0430027 0.0371192 0.0311057 0.02514 0.0194398 0.0142507 0.00980778 0.00627619
 0.0073894 0.0120658 0.0182726 0.0259809 0.0349385 0.0445254 0.0537324 0.0614189 0.0667386 0.0694172 0.0697048 0.0681203 0.0652114 0.0614304 0.0570927 0.0523772 0.0473581 0.0420575 0.0365031 0.0307702 0.0250043 0.0194223 0.0142878 0.00985897 0.00632104
 0.00721917 0.0118072 0.0179205 0.0255511 0.0344739 0.0440998 0.0534462 0.0613788 0.0670193 0.0700191 0.0705314 0.0689945 0.0659305 0.0618364 0.0571278 0.0520985 0.0469053 0.041593 0.0361518 0.0305878 0.0249798 0.0195041 0.0144158 0.00998617 0.00642214
 0.00723731 0.0118152 0.0178934 0.0254546 0.0342761 0.0437901 0.0530518 0.0609695 0.0666945 0.06988 0.0706466 0.0693687 0.0664915 0.0624492 0.057639 0.0523936 0.0469514 0.0414435 0.0359127 0.0303652 0.0248395 0.0194599 0.0144431 0.0100475 0.00648618
 0.00710172 0.0116066 0.0176007 0.025073 0.0338054 0.0432328 0.0524168 0.0602812 0.0660034 0.0692671 0.0702133 0.0692125 0.0666697 0.0629498 0.0583735 0.0532213 0.0477285 0.0420721 0.0363659 0.0306761 0.0250657 0.0196481 0.014613 0.0101967 0.0066052
 0.00699251 0.0114187 0.0173 0.0246247 0.0331855 0.0424442 0.0515012 0.0593162 0.0650835 0.0684799 0.0696271 0.0688776 0.0666249 0.0632185 0.0589466 0.0540415 0.0486913 0.0430526 0.0372569 0.031417 0.0256461 0.0200895 0.0149446 0.0104413 0.00677799
 0.00699824 0.0114193 0.0172836 0.0245712 0.0330674 0.0422306 0.0511647 0.0588432 0.0644851 0.0677978 0.0689301 0.068249 0.0661456 0.0629537 0.0589366 0.054294 0.0491739 0.0436938 0.0379617 0.0320935 0.0262302 0.0205539 0.0152914 0.0106875 0.00694416
 0.00698192 0.0114002 0.0172677 0.0245667 0.0330794 0.0422536 0.0511775 0.0588101 0.0643645 0.0675573 0.0685618 0.0677782 0.0656303 0.0624732 0.0585734 0.0541136 0.0492087 0.0439338 0.0383567 0.0325683 0.0267074 0.0209745 0.015625 0.0109296 0.00710652
 0.00699789 0.0114289 0.0173162 0.0246435 0.033193 0.0424087 0.0513705 0.0590242 0.0645678 0.0677047 0.0686034 0.0676741 0.0653672 0.0620755 0.0581029 0.0536548 0.0488455 0.0437247 0.0383193 0.032678 0.0269105 0.0212101 0.015844 0.0111045 0.00723006
 0.00705214 0.011519 0.0174551 0.0248438 0.0334633 0.0427488 0.0517664 0.059447 0.0649775 0.0680563 0.0688524 0.0677808 0.0653018 0.0618269 0.0576881 0.0531239 0.0482747 0.0431983 0.0379056 0.0324107 0.0267841 0.0211896 0.0158837 0.0111646 0.00728561
 0.0070943 0.0115938 0.017579 0.0250359 0.0337403 0.0431181 0.0522186 0.0599537 0.0654951 0.0685343 0.069242 0.0680397 0.0653981 0.0617412 0.0574184 0.0526904 0.0477233 0.0425968 0.0373299 0.0319256 0.0264259 0.0209609 0.0157608 0.0111124 0.00727169
