SBPRF35
9.58001
Curr Bio
603894
B35
740077
F35
0.193548
FOFL
0.157231
OFL
77055.7
Bzero
2.73715e+006
#pred survey bio
 4.30878e+006 4.08794e+006 3.88768e+006 3.64096e+006 3.37321e+006 3.06548e+006 2.76748e+006 2.45462e+006 2.17562e+006 1.92983e+006 1.69564e+006 1.49037e+006 1.31145e+006 1.16002e+006 1.01329e+006 896985 806036 743754 696346 660924 628753 597820 580116 567830 555769 541125 544669 547604 546391 548987 543253 550505 551812 560103 558372 542359 539316 526194 534357 541399 550056 558125 565044 559503 559592 563655 570272 569599 574684 572246 572790 603390 610210 609658 612053 602826 610180 2.14933e+007 1.3134e+007 1.36104e+007 1.45093e+007 1.56349e+007 1.67885e+007 1.78431e+007 1.8739e+007 1.94633e+007 2.00293e+007 2.04614e+007 2.07862e+007 2.10279e+007 2.12069e+007 2.13391e+007 2.14369e+007 2.15095e+007 2.15634e+007 2.16038e+007 2.16342e+007 2.16571e+007 2.16745e+007 2.16879e+007 2.16981e+007 2.1706e+007 2.17121e+007 2.17168e+007 2.17205e+007 2.17234e+007 2.17257e+007 2.17274e+007 2.17288e+007 2.17299e+007 2.17308e+007 2.17315e+007 2.1732e+007 2.17324e+007 2.17328e+007 2.1733e+007 2.17332e+007 2.17334e+007 2.17335e+007 2.17336e+007 2.17337e+007 2.17338e+007 2.17338e+007 2.17339e+007 2.17339e+007 2.17339e+007 2.1734e+007 2.1734e+007 2.1734e+007 2.1734e+007 2.1734e+007 2.1734e+007 2.1734e+007 2.1734e+007 2.1734e+007 2.1734e+007 2.1734e+007 2.1734e+007 2.1734e+007 2.1734e+007 2.1734e+007 2.1734e+007 2.1734e+007 2.1734e+007 2.1734e+007 2.1734e+007 2.1734e+007 2.1734e+007 2.1734e+007 2.1734e+007 2.1734e+007 2.1734e+007 2.1734e+007 2.1734e+007 2.1734e+007 2.1734e+007 2.1734e+007 2.1734e+007 2.1734e+007 2.1734e+007 2.1734e+007 2.17341e+007 2.17341e+007 2.17341e+007 2.17341e+007 2.17341e+007 2.17341e+007 2.17341e+007 2.17341e+007 2.17341e+007 2.17341e+007 2.17341e+007 2.17341e+007 2.17341e+007 2.17341e+007 2.17341e+007 2.17341e+007 0 0 0 0 0 0 0 0 0 0 0 0 0 0 0 0 0 0 0 0 0 0 0 0 0
#obs survey bio
 5.07864e+006 3.1266e+006 4.97128e+006 3.68898e+006 2.28234e+006 1.85574e+006 2.94599e+006 2.08166e+006 2.51304e+006 1.4044e+006 1.61039e+006 1.01608e+006 1.14918e+006 1.26244e+006 970070 682069 665675 726334 410323 620303 525348 476966 421102 413518 625558 426328 427984 525821 434642 529835 504812 501286 553049 587088 573806 535769 529269 603536 582337 550926 400456 702204 796129 701784 608469 810090 621954 702413 932314 496374 501572 656247 613332 633560 535469 518258 713847
#pred catch bio
 105632 96060.7 153650 192970 253493 270404 309622 302644 292948 299170 286433 272634 253818 250859 223007 198842 171645 156427 144002 138814 134778 121143 115142 113564 113800 97504.3 97881.3 100645 96519.2 101960 89356.6 93142.6 85987.5 92222.2 100468 87786.6 98293.6 83636.5 87284.8 87026.8 87746.4 88075.3 96808.2 89998.6 85625.9 83306.4 89500 84723.8 91377.2 89591 66610 89231.8 96766.4 95924.7 107455 95068.4 98212.8 77055.7 94745.2 97005.4 102363 109861 117685 124771 130672 135314 138819 141386 143223 144514 145408 146021 146437 146717 146906 147031 147115 147170 147207 147231 147247 147257 147264 147269 147272 147274 147275 147276 147276 147277 147277 147277 147277 147277 147277 147277 147277 147277 147277 147277 147277 147277 147277 147277 147277 147277 147277 147277 147277 147277 147277 147277 147277 147277 147277 147277 147277 147277 147277 147277 147277 147277 147277 147277 147277 147277 147277 147277 147277 147277 147277 147277 147277 147277 147277 147277 147277 147277 147277 147277 147277 147277 147277 147277 147277 147277 147277 147277 147277 147277 147277 147277 147277 147277 147277 147277 147277 0 0 0 0 0 0 0 0 0 0 0 0 0 0 0 0 0 0 0 0 0 0 0 0 0
#obs catch bio
 0 95665.9 153979 193463 255598 272559 312903 307309 296082 304435 290693 278654 260550 256023 227399 202393 174624 158469 146300 141050 137095 123110 117002 115957 115782 98922.2 99436.3 102231 97842.4 103750 90372.6 94076.4 86862.4 93092.2 101427 87913.9 98777.9 83466.2 87222.4 86654 87678 87582.4 96275.6 89254.3 84665.2 82457 88631.6 83980.1 90144.3 88955.5 65975.7 88841 96653.9 95494.1 107540 95099.9 98229.4
#pred cpue bio
 4.25437e+006 4.03677e+006 3.83798e+006 3.59159e+006 3.32443e+006 3.01775e+006 2.72081e+006 2.40927e+006 2.13161e+006 1.88714e+006 1.65442e+006 1.4505e+006 1.27299e+006 1.12337e+006 978898 864464 775109 714158 667863 633239 601954 571955 554806 542850 531227 517167 520740 523765 522798 525563 520352 527861 529432 537884 536879 521870 518447 504316 511511 518506 527261 535438 542585 537583 537964 542026 548486 547760 552717 550232 550432 580130 586683 585787 587681 578174 585138 2.0636e+007 1.26246e+007 1.29903e+007 1.37816e+007 1.4875e+007 1.6022e+007 1.70755e+007 1.79712e+007 1.86956e+007 1.92615e+007 1.96936e+007 2.00184e+007 2.02601e+007 2.04391e+007 2.05713e+007 2.06691e+007 2.07417e+007 2.07956e+007 2.0836e+007 2.08664e+007 2.08893e+007 2.09068e+007 2.09201e+007 2.09303e+007 2.09382e+007 2.09443e+007 2.0949e+007 2.09527e+007 2.09556e+007 2.09579e+007 2.09596e+007 2.0961e+007 2.09621e+007 2.0963e+007 2.09637e+007 2.09642e+007 2.09646e+007 2.0965e+007 2.09652e+007 2.09654e+007 2.09656e+007 2.09657e+007 2.09659e+007 2.09659e+007 2.0966e+007 2.09661e+007 2.09661e+007 2.09661e+007 2.09662e+007 2.09662e+007 2.09662e+007 2.09662e+007 2.09662e+007 2.09662e+007 2.09662e+007 2.09662e+007 2.09662e+007 2.09662e+007 2.09662e+007 2.09662e+007 2.09662e+007 2.09663e+007 2.09663e+007 2.09663e+007 2.09663e+007 2.09663e+007 2.09663e+007 2.09663e+007 2.09663e+007 2.09663e+007 2.09663e+007 2.09663e+007 2.09663e+007 2.09663e+007 2.09663e+007 2.09663e+007 2.09663e+007 2.09663e+007 2.09663e+007 2.09663e+007 2.09663e+007 2.09663e+007 2.09663e+007 2.09663e+007 2.09663e+007 2.09663e+007 2.09663e+007 2.09663e+007 2.09663e+007 2.09663e+007 2.09663e+007 2.09663e+007 2.09663e+007 2.09663e+007 2.09663e+007 2.09663e+007 2.09663e+007 2.09663e+007 2.09663e+007 2.09663e+007 0 0 0 0 0 0 0 0 0 0 0 0 0 0 0 0 0 0 0 0 0 0 0 0 0
#obs cpue bio
 4.66464e+006 4.01758e+006 2.83264e+006 1.81128e+006 2.86491e+006 4.05256e+006 2.65593e+006 1.38645e+006 2.61343e+006 1.4602e+006 1.82282e+006 1.06903e+006 794422 1.34062e+006 768206 960083 672641 743935 723980 539307 554474 515709 581386 417727 498993 451781 504588 469090 528030 408085 504861 661942 354099 539850 558000 655666 544519 555083 495480 687046 572621 636270 472231 560035 765707 396942 614590 421351 654116 495655 591741 540356 421750 684884 549288 559446 577191
#pred surv len freq
 0.00490217 0.0079465 0.0119363 0.0168454 0.0225533 0.0287699 0.0350066 0.0406909 0.0453812 0.0489122 0.0513731 0.0529794 0.0539573 0.0544884 0.0546978 0.0546601 0.0544152 0.0539736 0.0532829 0.0521534 0.050199 0.046899 0.0418383 0.0350328 0.0271051
 0.00526662 0.00842155 0.0124383 0.0172349 0.0226866 0.0285738 0.0345284 0.040085 0.0448325 0.0485463 0.0512079 0.0529442 0.0539553 0.0544613 0.0546557 0.054669 0.0545524 0.0542744 0.0537058 0.0525834 0.0504932 0.0469524 0.0416338 0.0346439 0.026653
 0.005478 0.00879631 0.0130512 0.0181517 0.0239216 0.0300403 0.0360189 0.0413186 0.0455649 0.0486806 0.0508298 0.0522552 0.0531589 0.0536822 0.0539344 0.0540085 0.0539627 0.0537782 0.0533101 0.0522518 0.0501492 0.0465195 0.0410838 0.0340173 0.0260364
 0.00568819 0.00913171 0.0135477 0.0188472 0.0248578 0.0312558 0.0375258 0.0430641 0.0473996 0.0503635 0.0520896 0.0528893 0.0531127 0.0530562 0.0529188 0.052796 0.052695 0.0525381 0.0521358 0.0511478 0.0490957 0.0454913 0.0400777 0.0330683 0.0252063
 0.00589643 0.00946919 0.0140537 0.019558 0.0258012 0.0324431 0.0389444 0.0446752 0.0491395 0.0521401 0.0537714 0.0543004 0.0540582 0.0533813 0.0525709 0.0518468 0.0513059 0.0508955 0.0503957 0.0494129 0.0474228 0.0439147 0.0386327 0.031802 0.0241681
 0.00616824 0.00990155 0.0146871 0.020425 0.0269223 0.0338199 0.0405506 0.0464524 0.051003 0.0539927 0.0555131 0.0558282 0.055257 0.0541221 0.0527306 0.0513489 0.0501586 0.0492011 0.0483209 0.0471424 0.0451225 0.0417196 0.0366515 0.0301202 0.0228406
 0.00644972 0.0103518 0.015351 0.0213399 0.0281113 0.035283 0.0422536 0.0483238 0.0529436 0.0558939 0.0572733 0.0573589 0.0564786 0.0549539 0.0530849 0.0511378 0.0493199 0.0477316 0.0462994 0.0447252 0.0425144 0.0391362 0.0342857 0.0281175 0.0212811
 0.00673903 0.0108226 0.0160603 0.0223404 0.0294415 0.0369499 0.0442165 0.0504883 0.0551757 0.0580463 0.0592116 0.0589766 0.0576992 0.0557238 0.0533601 0.050873 0.0484693 0.0462678 0.0442455 0.0421819 0.0396659 0.0362245 0.0315626 0.0257896 0.0194681
 0.00705553 0.011321 0.0167816 0.023315 0.0306876 0.0384703 0.0459902 0.0524618 0.0572609 0.0601279 0.0611608 0.060667 0.0590223 0.0565977 0.0537293 0.0506998 0.0477248 0.0449332 0.0423307 0.0397559 0.0368796 0.0333062 0.0287769 0.0233733 0.0175707
 0.00735337 0.0117993 0.01749 0.0242946 0.0319625 0.0400352 0.0477992 0.0544277 0.059271 0.0620677 0.0629308 0.0621852 0.0602173 0.0574038 0.054087 0.0505587 0.0470462 0.0436944 0.0405369 0.0374624 0.0342154 0.0304786 0.0260416 0.0209727 0.0156686
 0.00771355 0.0123686 0.0183165 0.0254128 0.0333877 0.0417557 0.0497644 0.0565438 0.0614092 0.0640863 0.0647004 0.0636064 0.0612268 0.0579687 0.0541916 0.0501914 0.0461927 0.0423415 0.038688 0.0351628 0.031577 0.0276889 0.0233393 0.018592 0.0137739
 0.00802097 0.0128676 0.0190655 0.026464 0.0347754 0.0434785 0.0517685 0.0587189 0.0636062 0.0661474 0.0664863 0.0650115 0.0621824 0.0584403 0.0541721 0.0496905 0.0452252 0.0409213 0.0368353 0.0329244 0.0290523 0.0250424 0.020784 0.0163405 0.0119786
 0.00817607 0.0131417 0.0195192 0.0271682 0.0357968 0.0448554 0.0534862 0.0606988 0.0657154 0.0682239 0.0683675 0.0665569 0.0632891 0.0590488 0.0542636 0.0492768 0.0443347 0.0395898 0.035105 0.0308559 0.0267437 0.0226411 0.0184757 0.0143102 0.0103594
 0.0083547 0.0134207 0.0199196 0.0277076 0.0364931 0.0457295 0.0545586 0.0619768 0.0671773 0.069806 0.0699636 0.0680326 0.0645063 0.0598925 0.0546582 0.0491897 0.0437704 0.0385789 0.0336974 0.0291227 0.0247859 0.0205963 0.0165076 0.0125778 0.00897633
 0.00864313 0.0138758 0.0205778 0.0285904 0.0376007 0.0470332 0.0559953 0.0634556 0.0685998 0.0710914 0.0710611 0.0689137 0.065147 0.0602592 0.0547093 0.0488874 0.043094 0.0375332 0.0323156 0.027468 0.022954 0.0187136 0.0147192 0.0110197 0.00774179
 0.00888987 0.014267 0.0211478 0.0293639 0.0385873 0.0482196 0.0573362 0.0648706 0.0699832 0.0723337 0.072072 0.0696385 0.0655683 0.0603861 0.0545593 0.0484717 0.0424136 0.0365871 0.0311157 0.0260525 0.0213956 0.0171176 0.0132084 0.00970816 0.00670616
 0.00903445 0.0145055 0.0215129 0.0298878 0.0392946 0.0491163 0.0583986 0.0660418 0.0711802 0.0734626 0.0730444 0.0703828 0.066038 0.0605629 0.0544503 0.0480999 0.041806 0.035767 0.0301049 0.0248827 0.0201205 0.0158172 0.0119797 0.00864293 0.00586618
 0.00919251 0.0147358 0.0218115 0.0302373 0.0396743 0.0495156 0.058825 0.0665162 0.0717218 0.0740717 0.0736926 0.0710162 0.0665892 0.0609677 0.0546604 0.0480894 0.0415705 0.0353181 0.0294657 0.0240871 0.0192172 0.0148726 0.0110719 0.00784658 0.00523299
 0.00934684 0.0149744 0.0221462 0.0306678 0.0401845 0.0500724 0.0593804 0.067017 0.0721274 0.0743705 0.0739048 0.0711779 0.0667278 0.0610842 0.0547287 0.048069 0.0414236 0.035022 0.0290179 0.023506 0.0185407 0.0141551 0.0103768 0.00723378 0.00474416
 0.00935669 0.0150058 0.0222217 0.0308167 0.0404348 0.050437 0.0598454 0.0675393 0.0726443 0.0748188 0.0742396 0.0713844 0.0668208 0.0610953 0.0546869 0.0479859 0.0412898 0.0348159 0.0287201 0.023112 0.0180672 0.013639 0.00986693 0.00677833 0.00437764
 0.00940542 0.0150762 0.0223124 0.0309239 0.0405569 0.0505809 0.0600273 0.0677782 0.0729488 0.0751742 0.0746063 0.0717089 0.067056 0.0612166 0.0546972 0.047906 0.0411426 0.0346146 0.0284667 0.0228049 0.0177124 0.0132561 0.00948783 0.00643767 0.0041019
 0.00953154 0.0152655 0.0225675 0.0312353 0.0409048 0.0509382 0.0603648 0.0680699 0.0731784 0.0753397 0.074717 0.0717762 0.0670827 0.0611948 0.0546146 0.0477564 0.0409309 0.0343538 0.0281708 0.0224853 0.0173792 0.0129229 0.0091735 0.00616308 0.00388311
 0.00964331 0.0154279 0.022776 0.0314731 0.041147 0.0511597 0.0605463 0.0682003 0.0732551 0.0753678 0.0747086 0.0717482 0.0670513 0.0611687 0.0545909 0.0477223 0.0408702 0.0342546 0.0280298 0.0223073 0.0171748 0.0127069 0.00896309 0.00597547 0.00373134
 0.00958782 0.0153625 0.0227225 0.0314647 0.0412162 0.0513209 0.0607837 0.0684703 0.0735034 0.0755514 0.07481 0.0717756 0.0670284 0.0611218 0.0545395 0.0476742 0.040822 0.0341964 0.027951 0.0222024 0.017046 0.0125634 0.00881847 0.00584387 0.00362356
 0.00956181 0.0153167 0.0226485 0.0313569 0.0410783 0.0511729 0.060663 0.0684217 0.073559 0.0757122 0.0750417 0.0720236 0.0672425 0.0612748 0.0546296 0.0477156 0.0408315 0.0341846 0.0279209 0.0221528 0.0169769 0.012479 0.00872766 0.00575743 0.00355058
 0.00969448 0.0155054 0.0228822 0.0316071 0.0413058 0.0513402 0.0607461 0.0684176 0.0734862 0.0756049 0.0749378 0.0719497 0.067204 0.0612564 0.0546079 0.0476727 0.0407626 0.0340953 0.0278205 0.0220488 0.0168735 0.0123795 0.00863595 0.00567809 0.00348744
 0.00961495 0.0153885 0.0227288 0.0314245 0.0411036 0.051125 0.0605195 0.0681799 0.073245 0.0753816 0.074768 0.0718734 0.0672498 0.0614281 0.0548809 0.0480019 0.0410983 0.0343978 0.0280669 0.022232 0.0169972 0.0124529 0.00867096 0.00568748 0.00348286
 0.00952824 0.0152547 0.0225413 0.0311834 0.0408175 0.0508111 0.0602033 0.0678912 0.0730099 0.0752159 0.0746759 0.0718533 0.067302 0.061557 0.0550883 0.0482786 0.0414202 0.0347302 0.028375 0.0224903 0.0171938 0.0125884 0.00875475 0.0057327 0.003503
 0.00949497 0.0152006 0.0224598 0.0310687 0.0406659 0.0506235 0.0599876 0.0676629 0.0727906 0.0750282 0.0745378 0.0717751 0.0672861 0.061601 0.055189 0.0484323 0.0416194 0.0349603 0.028614 0.0227138 0.0173819 0.0127308 0.0088512 0.00579079 0.00353362
 0.00930311 0.0149199 0.0220953 0.0306451 0.0402201 0.0501931 0.0596019 0.0673414 0.0725464 0.0748716 0.0744771 0.0718143 0.0674226 0.0618243 0.0554817 0.0487736 0.0419883 0.0353366 0.0289777 0.0230452 0.017664 0.0129529 0.00901154 0.00589609 0.00359611
 0.00927466 0.0148605 0.0219829 0.0304547 0.0399345 0.0498168 0.0591701 0.0669145 0.0721894 0.0746303 0.0743651 0.0718179 0.067516 0.0619837 0.0556908 0.0490216 0.0422649 0.0356293 0.0292713 0.0233228 0.0179095 0.0131543 0.00916337 0.0060004 0.00366097
 0.00924028 0.0147893 0.0218474 0.0302197 0.0395652 0.0492935 0.0585032 0.0661528 0.0714161 0.0739472 0.0738687 0.0715744 0.0675453 0.0622581 0.05615 0.0495938 0.0428851 0.036247 0.0298503 0.023838 0.0183443 0.0135002 0.00942041 0.00617722 0.00377254
 0.00913227 0.0146407 0.0216722 0.0300434 0.0394126 0.049171 0.0583882 0.0660004 0.0711817 0.0736142 0.0734644 0.071166 0.0672167 0.0620809 0.0561601 0.049785 0.0432176 0.0366645 0.0302968 0.0242678 0.0187252 0.0138133 0.00965912 0.00634508 0.00388069
 0.00878599 0.014123 0.020979 0.0292052 0.0384909 0.0482482 0.0575552 0.0653411 0.0707537 0.0734313 0.0734956 0.0713549 0.0675117 0.0624559 0.0566145 0.050326 0.0438406 0.0373434 0.0309879 0.0249218 0.0193005 0.0142834 0.0100152 0.00659423 0.00404083
 0.00863343 0.013866 0.0205777 0.0286225 0.0377078 0.0472841 0.0564837 0.0642853 0.0698569 0.0728138 0.0732194 0.0714134 0.067844 0.0629775 0.0572473 0.0510166 0.0445598 0.0380736 0.0317086 0.0256038 0.0199097 0.0147915 0.0104077 0.00687328 0.00422247
 0.00939596 0.0149345 0.0218677 0.0299448 0.038817 0.0479603 0.0566029 0.0638455 0.0689603 0.0716271 0.0719314 0.0701968 0.0668248 0.0622181 0.0567506 0.0507465 0.0444671 0.0381138 0.0318455 0.0258052 0.0201428 0.0150235 0.0106114 0.0070325 0.00433374
 0.00996094 0.0158334 0.0231745 0.0316895 0.04095 0.0503141 0.0588779 0.0656576 0.0699546 0.0716099 0.0709437 0.0684853 0.0647378 0.0600883 0.0548187 0.0491398 0.0432185 0.0371974 0.0312098 0.0253933 0.0199008 0.014902 0.0105666 0.00702896 0.00434651
 0.00993984 0.0158952 0.0234445 0.0323418 0.0421595 0.0521789 0.0613442 0.0684882 0.0727626 0.073947 0.0724145 0.0688553 0.0639963 0.0584411 0.0526101 0.0467406 0.0409313 0.0352112 0.0296045 0.0241708 0.0190195 0.0143015 0.0101822 0.00679956 0.00421995
 0.00955445 0.0153121 0.0226554 0.0313879 0.0411457 0.0512803 0.0607936 0.0685273 0.0735537 0.0754807 0.0744687 0.0710419 0.0658841 0.0596968 0.0530947 0.0465231 0.0402263 0.034281 0.0286724 0.0233771 0.0184203 0.0138925 0.00992794 0.0066557 0.0041463
 0.0094235 0.0150799 0.022272 0.0308002 0.0403177 0.0502236 0.0595974 0.0673669 0.0726654 0.0751023 0.0747621 0.0720236 0.0673956 0.0614377 0.0547163 0.0477446 0.0409185 0.0344792 0.0285247 0.0230631 0.0180853 0.0136194 0.0097422 0.00654721 0.00409161
 0.00929094 0.0148786 0.0219937 0.0304413 0.0398731 0.0496818 0.0589434 0.0665994 0.0718231 0.0742846 0.0741256 0.0717443 0.0676035 0.0621527 0.05582 0.0490113 0.0420956 0.0353776 0.0290727 0.0233018 0.0181193 0.0135583 0.00966321 0.00648695 0.00405712
 0.00913281 0.0146367 0.0216584 0.0300149 0.0393699 0.0491252 0.0583633 0.0660263 0.0712817 0.0737927 0.0737037 0.0714334 0.0674733 0.0622853 0.0562679 0.0497537 0.0430246 0.0363308 0.029895 0.0239014 0.0184861 0.0137423 0.00973525 0.00650626 0.00405906
 0.00897692 0.014394 0.0213136 0.0295625 0.0388163 0.048492 0.0576886 0.0653632 0.0706885 0.073318 0.0733759 0.0712604 0.0674542 0.0624254 0.0565834 0.0502585 0.0437046 0.0371253 0.0307047 0.0246216 0.0190455 0.0141222 0.00996185 0.00662618 0.00411661
 0.00900424 0.0144245 0.0213336 0.02955 0.038746 0.0483432 0.0574535 0.06505 0.0703194 0.0729244 0.0729925 0.07092 0.0671846 0.0622492 0.0565205 0.0503269 0.0439143 0.0374663 0.0311378 0.0250829 0.0194664 0.0144539 0.0101884 0.00676086 0.0041866
 0.00910058 0.0145551 0.0214814 0.0296817 0.0388194 0.0483199 0.0573112 0.064788 0.069958 0.0724998 0.0725501 0.0705063 0.0668402 0.0620033 0.05639 0.0503188 0.044028 0.0376923 0.0314531 0.0254484 0.0198326 0.0147747 0.0104348 0.00692702 0.00428517
 0.00912667 0.0146003 0.0215533 0.0297854 0.0389516 0.0484629 0.0574296 0.0648355 0.0698935 0.072305 0.0722396 0.0701237 0.0664436 0.0616487 0.0561201 0.0501588 0.0439869 0.0377654 0.0316231 0.0256864 0.0201005 0.0150328 0.0106515 0.00708654 0.00438844
 0.00913507 0.0146097 0.02156 0.0297847 0.0389406 0.0484434 0.0574083 0.0648197 0.0698828 0.0722865 0.0721907 0.0700237 0.0662874 0.0614532 0.0559197 0.0499937 0.0438902 0.0377552 0.0316999 0.0258346 0.0202923 0.015235 0.0108344 0.00723087 0.0044884
 0.00912146 0.0146013 0.0215723 0.0298385 0.0390548 0.0486239 0.0576406 0.0650702 0.0701101 0.0724545 0.0722763 0.0700166 0.0661867 0.0612671 0.055668 0.0497086 0.0436124 0.0375243 0.0315435 0.0257618 0.0202937 0.0152876 0.0109104 0.00730637 0.00454886
 0.00916816 0.0146548 0.0216126 0.029837 0.0389862 0.0484828 0.0574523 0.0648848 0.0699815 0.0724159 0.072327 0.0701274 0.0663154 0.0613753 0.0557311 0.0497199 0.043582 0.0374745 0.0315009 0.0257476 0.0203163 0.0153417 0.0109811 0.00737684 0.00460692
 0.00934466 0.0149224 0.0219775 0.0302876 0.0394911 0.0489921 0.0579021 0.0652104 0.0701368 0.0723914 0.0721536 0.0698596 0.0660066 0.0610588 0.0554178 0.0494085 0.0432718 0.0371731 0.0312247 0.0255157 0.0201427 0.0152294 0.0109216 0.00735466 0.00460536
 0.00940859 0.0150345 0.0221608 0.0305661 0.0398819 0.0494922 0.0584783 0.0657977 0.0706515 0.0727542 0.0723126 0.0698044 0.0657673 0.0606918 0.0549848 0.0489588 0.042836 0.0367677 0.0308605 0.0252032 0.0198916 0.0150443 0.0107989 0.00728298 0.00456934
 0.00923941 0.0147644 0.0217657 0.0300339 0.0392218 0.0487471 0.0577301 0.0651568 0.0702268 0.072615 0.072465 0.0701939 0.0663048 0.0612859 0.0555655 0.0494852 0.0432909 0.0371477 0.0311685 0.0254456 0.0200775 0.0151843 0.010903 0.00735875 0.00462235
 0.00935591 0.014937 0.0219929 0.0302998 0.0394966 0.0489906 0.0578986 0.0652145 0.0701596 0.0724415 0.072233 0.0699625 0.0661196 0.0611636 0.0554946 0.0494406 0.0432496 0.0370976 0.0311086 0.0253815 0.0200167 0.0151334 0.0108657 0.00733535 0.00461034
 0.00946531 0.0151182 0.0222705 0.030695 0.0400179 0.0496214 0.058587 0.0658752 0.0706926 0.0727612 0.0722946 0.0697743 0.0657365 0.0606655 0.0549602 0.0489266 0.0427852 0.0366906 0.0307571 0.0250829 0.0197707 0.0149401 0.0107233 0.00723834 0.00455003
 0.00955161 0.0152508 0.0224565 0.0309381 0.0403203 0.049985 0.0590115 0.0663506 0.0711903 0.0732299 0.0726665 0.0699831 0.0657402 0.0604622 0.054589 0.0484525 0.0422764 0.0362009 0.030319 0.0247107 0.0194676 0.0147043 0.0105496 0.00711897 0.00447437
 0.00953712 0.0152608 0.0225323 0.0311359 0.040693 0.0505561 0.0597544 0.0671893 0.0720224 0.073957 0.0732158 0.0703106 0.0658249 0.0603026 0.0542055 0.04789 0.0416008 0.0354863 0.0296323 0.0241001 0.01896 0.0143075 0.0102584 0.00691928 0.00434748
 0.0090216 0.0145118 0.021573 0.0300516 0.0396164 0.0496362 0.0591259 0.066949 0.072211 0.0745472 0.0741142 0.0713799 0.0669179 0.0612943 0.05501 0.0484659 0.0419474 0.0356358 0.0296372 0.0240186 0.0188424 0.0141894 0.0101592 0.00684578 0.0042986
#obs surv len freq
 nan nan nan nan nan nan nan nan nan nan nan nan nan nan nan nan nan nan nan nan nan nan nan nan nan
 0.00448449 0.0073458 0.0111758 0.0159922 0.0216931 0.0279689 0.0342831 0.0400145 0.0446939 0.0481576 0.0505152 0.0520107 0.0529027 0.0534148 0.0537289 0.0539836 0.054262 0.0545547 0.0546934 0.0542853 0.0527234 0.0493555 0.0438054 0.0362855 0.0276693
 0.0046144 0.00755905 0.0115002 0.016454 0.0223102 0.0287413 0.0351832 0.0409839 0.0456524 0.0490183 0.0512015 0.0524677 0.0531021 0.0533557 0.053433 0.053488 0.0536098 0.0537885 0.0538521 0.0534057 0.0518442 0.0485198 0.0430576 0.0356635 0.0271939
 0.00478527 0.00783677 0.0119182 0.0170433 0.0230942 0.0297257 0.036346 0.0422699 0.0469778 0.0502833 0.0523053 0.0533207 0.053636 0.0535306 0.053241 0.0529511 0.0527733 0.0527116 0.0526012 0.052051 0.050461 0.0471886 0.0418585 0.0346624 0.0264274
 0.00496136 0.0081293 0.0123699 0.0176978 0.0239868 0.0308693 0.0377171 0.0438043 0.0485798 0.0518439 0.0537176 0.0544884 0.054477 0.0539801 0.0532572 0.0525205 0.0519144 0.0514732 0.0510584 0.0503009 0.0486187 0.0453811 0.0402113 0.0332781 0.0253634
 0.00518164 0.00848462 0.0129 0.0184391 0.0249673 0.0321 0.0391808 0.0454487 0.0503211 0.0535779 0.0553338 0.0558807 0.0555508 0.0546567 0.0534761 0.052243 0.0511285 0.0502001 0.0493586 0.0482773 0.0464139 0.0431657 0.0381601 0.0315367 0.0240169
 0.00541707 0.00887271 0.0134936 0.0192897 0.0261136 0.0335512 0.0409002 0.0473515 0.0522901 0.0554892 0.0570768 0.0573643 0.0566994 0.055404 0.0537631 0.0520207 0.0503641 0.0488885 0.0475362 0.0460354 0.043904 0.0405891 0.0357359 0.029455 0.0223945
 0.00565861 0.00926924 0.0140978 0.020154 0.0272809 0.035039 0.0426842 0.0493578 0.0544024 0.0575703 0.0589912 0.0589952 0.0579566 0.0562226 0.0540965 0.0518315 0.0496224 0.0475788 0.0456759 0.0436975 0.0412336 0.0377984 0.033071 0.0271401 0.0205745
 0.00589429 0.00965612 0.0146872 0.0209967 0.0284178 0.036487 0.0444206 0.0513139 0.0564728 0.0596308 0.0609172 0.0606724 0.0592868 0.0571267 0.0545148 0.0517212 0.0489534 0.0463356 0.0438697 0.0413894 0.0385563 0.0349603 0.0303262 0.0247297 0.0186631
 0.00613903 0.010055 0.0152894 0.0218489 0.0295561 0.0379231 0.0461277 0.0532217 0.0584767 0.0616115 0.0627591 0.0622738 0.0605618 0.0580047 0.0549379 0.0516429 0.0483377 0.045161 0.0421412 0.0391591 0.0359461 0.0321683 0.0276023 0.0223182 0.0167367
 0.00639584 0.0104761 0.0159296 0.0227606 0.030778 0.0394634 0.0479471 0.0552291 0.0605445 0.0636025 0.0645507 0.0637698 0.0616934 0.058724 0.0552108 0.0514418 0.0476384 0.0439459 0.0404123 0.0369604 0.0333871 0.0294334 0.0249289 0.0199436 0.0148325
 0.00661502 0.0108385 0.0164864 0.0235635 0.0318695 0.0408601 0.0496233 0.0571094 0.0625137 0.0655271 0.066301 0.0652367 0.0627958 0.0594096 0.055451 0.0512224 0.0469511 0.0427862 0.0387883 0.0349125 0.0310123 0.0268964 0.0224453 0.0177316 0.0130531
 0.006854 0.0112283 0.0170755 0.0243978 0.0329831 0.0422619 0.0512815 0.058947 0.0644175 0.0673688 0.0679575 0.0666039 0.0637946 0.0599883 0.0555833 0.0509019 0.0461832 0.0415833 0.0371729 0.0329317 0.0287577 0.0245159 0.0201307 0.0156772 0.0114024
 0.00707736 0.0115962 0.0176377 0.0252025 0.0340668 0.0436322 0.0529018 0.060732 0.0662468 0.0691117 0.0694959 0.0678438 0.0646695 0.0604572 0.0556265 0.0505173 0.0453815 0.0403846 0.0356092 0.0310565 0.0266606 0.0223308 0.0180257 0.0138202 0.00991572
 0.00728906 0.0119415 0.0181596 0.0259418 0.0350538 0.0448748 0.0543713 0.0623575 0.0679235 0.0707196 0.0709193 0.0689867 0.0654629 0.0608606 0.055625 0.0501151 0.0445958 0.0392418 0.0341468 0.029331 0.0247578 0.020372 0.0161569 0.0121836 0.00861228
 0.00743581 0.0121874 0.018543 0.0265029 0.035826 0.0458712 0.0555719 0.0637048 0.0693315 0.0720901 0.0721581 0.0700124 0.0662108 0.0612845 0.0556989 0.0498319 0.043965 0.0382867 0.0329045 0.027857 0.0231328 0.0187041 0.0145721 0.0108013 0.00751532
 0.00751489 0.0123167 0.0187398 0.0267859 0.0362148 0.0463829 0.0562165 0.0644789 0.0702137 0.0730395 0.0731166 0.070911 0.066978 0.0618556 0.056022 0.049872 0.0437052 0.0377294 0.0320723 0.0267955 0.0219132 0.0174221 0.0133372 0.00971594 0.00665025
 0.00761127 0.0124634 0.0189424 0.0270438 0.0365231 0.0467357 0.056609 0.0649083 0.0706788 0.0735389 0.0736451 0.0714533 0.0675044 0.0623218 0.0563749 0.0500585 0.0436819 0.0374704 0.0315751 0.0260847 0.0210428 0.0164717 0.0124003 0.00888098 0.00597923
 0.00768423 0.012581 0.0191167 0.0272836 0.0368304 0.0471013 0.0570101 0.0653116 0.0710516 0.0738609 0.0739149 0.0716849 0.0677153 0.0625191 0.0565469 0.0501745 0.0436997 0.0373486 0.0312862 0.0256263 0.020443 0.0157873 0.0117058 0.00825014 0.00546601
 0.00774284 0.0126684 0.0192342 0.027428 0.0369966 0.0472849 0.0572085 0.0655225 0.0712694 0.0740757 0.0741144 0.0718597 0.0678632 0.0626446 0.0566545 0.0502604 0.0437459 0.0373255 0.0311623 0.0253823 0.0200833 0.0153438 0.0112316 0.00780371 0.00509379
 0.00778148 0.0127304 0.0193253 0.027552 0.037153 0.0474671 0.0574026 0.0657104 0.0714342 0.0742081 0.0742147 0.0719346 0.0679203 0.0626894 0.0566894 0.050284 0.0437516 0.037299 0.0310836 0.0252329 0.0198567 0.0150532 0.0109091 0.00749055 0.00482634
 0.00782489 0.0127926 0.0194038 0.0276397 0.0372411 0.047549 0.0574767 0.0657787 0.0714999 0.0742718 0.0742742 0.0719872 0.0679651 0.0627275 0.0567228 0.0503128 0.0437718 0.0373016 0.0310554 0.0251601 0.0197312 0.0148793 0.010705 0.00728388 0.00464396
 0.00785391 0.0128358 0.019461 0.0277075 0.0373125 0.0476146 0.0575265 0.0658047 0.0714997 0.0742509 0.074245 0.0719638 0.0679581 0.0627409 0.0567539 0.0503551 0.0438166 0.0373387 0.0310734 0.0251473 0.01968 0.0147898 0.0105876 0.00715657 0.00452624
 0.0078986 0.0129039 0.0195547 0.0278253 0.0374487 0.0477596 0.0576666 0.0659238 0.0715817 0.0742845 0.0742278 0.0719036 0.0678708 0.0626451 0.0566657 0.0502837 0.0437637 0.0372992 0.0310382 0.0251061 0.0196243 0.0147164 0.0105003 0.00706513 0.00444243
 0.00792323 0.0129431 0.019612 0.0279027 0.0375463 0.0478739 0.0577896 0.0660433 0.0716835 0.0743557 0.0742597 0.0718938 0.0678231 0.0625693 0.056575 0.0501919 0.0436813 0.037231 0.0309825 0.0250569 0.0195744 0.0146609 0.010439 0.00700264 0.00438539
 0.00789977 0.0129069 0.0195616 0.0278386 0.0374719 0.0477956 0.0577172 0.0659884 0.0716565 0.0743624 0.074299 0.0719574 0.0678993 0.062646 0.0566438 0.0502492 0.0437277 0.037269 0.0310136 0.0250803 0.0195873 0.0146609 0.0104264 0.0069809 0.00436013
 0.00790782 0.0129087 0.0195436 0.0277826 0.0373605 0.0476221 0.0574922 0.0657407 0.0714251 0.0741848 0.0742005 0.0719471 0.06797 0.0627788 0.0568142 0.0504332 0.0439064 0.0374303 0.0311512 0.0251917 0.0196717 0.0147188 0.0104604 0.00699559 0.00436197
 0.00790805 0.0129116 0.0195517 0.0277977 0.0373801 0.0476362 0.0574829 0.0656877 0.071316 0.0740249 0.0740153 0.0717744 0.0678456 0.0627247 0.0568331 0.0505116 0.0440221 0.0375605 0.0312776 0.0253021 0.0197599 0.0147831 0.0105021 0.00701879 0.00437193
 0.00789849 0.0128924 0.0195166 0.0277397 0.0372947 0.0475249 0.0573551 0.0655576 0.0711967 0.0739224 0.0739286 0.0717013 0.0677904 0.0626989 0.0568505 0.0505799 0.0441374 0.037708 0.0314371 0.0254544 0.0198908 0.0148854 0.0105748 0.00706539 0.00439846
 0.00787067 0.0128469 0.0194475 0.0276413 0.0371626 0.0473582 0.057159 0.0653453 0.0709882 0.073741 0.0737949 0.0716277 0.0677787 0.0627432 0.0569421 0.0507113 0.0443019 0.0378968 0.0316372 0.0256495 0.0200653 0.0150282 0.0106815 0.00713789 0.00444303
 0.00784549 0.0128029 0.0193759 0.0275324 0.0370086 0.0471572 0.0569187 0.0650832 0.0707289 0.0735106 0.0736163 0.0715179 0.0677465 0.0627889 0.0570576 0.0508825 0.0445123 0.03813 0.0318773 0.0258809 0.0202737 0.0152022 0.0108152 0.0072318 0.00450297
 0.00784382 0.0127981 0.0193645 0.0275091 0.0369666 0.0470891 0.0568184 0.0649483 0.0705628 0.0733243 0.0734277 0.0713487 0.0676181 0.0627176 0.0570517 0.0509413 0.0446271 0.0382864 0.032058 0.0260683 0.0204513 0.0153568 0.0109385 0.00732146 0.00456212
 0.0078156 0.012755 0.019305 0.0274332 0.036876 0.0469862 0.056706 0.0648292 0.0704403 0.0732018 0.0733101 0.0712428 0.0675338 0.0626664 0.0570442 0.0509842 0.0447207 0.0384235 0.0322254 0.026249 0.0206278 0.0155142 0.0110667 0.00741662 0.00462622
 0.00780261 0.0127291 0.0192574 0.0273537 0.0367565 0.0468256 0.0565139 0.0646256 0.0702492 0.0730436 0.0731962 0.0711755 0.067509 0.0626791 0.0570913 0.0510651 0.0448352 0.0385692 0.0323952 0.0264309 0.0208069 0.015676 0.0112005 0.00751749 0.0046952
 0.0077492 0.0126487 0.019148 0.0272172 0.0365965 0.046646 0.0563185 0.06442 0.070044 0.0728557 0.073046 0.0710812 0.0674815 0.0627184 0.0571888 0.0512077 0.0450103 0.0387661 0.0326042 0.0266417 0.0210076 0.0158547 0.0113477 0.00762866 0.00477169
 0.00933454 0.0148601 0.0218008 0.0299154 0.0388497 0.0480543 0.0567176 0.0639057 0.0688801 0.0713439 0.0714317 0.0695235 0.0660661 0.0614839 0.0561462 0.050352 0.0443271 0.0382365 0.0322085 0.0263598 0.0208195 0.0157393 0.0112844 0.00759881 0.00476052
 0.00931654 0.0151264 0.022722 0.0319501 0.0423431 0.0529668 0.0624545 0.0694159 0.0730327 0.0733771 0.0712061 0.0674569 0.0628509 0.0577924 0.0524658 0.0469624 0.0413538 0.0357162 0.0301341 0.0247049 0.0195465 0.0148028 0.0106312 0.00717102 0.00449975
 0.00897583 0.0145903 0.0219702 0.0310327 0.0414346 0.0524018 0.0626872 0.0708571 0.0758017 0.0771192 0.0751383 0.0706675 0.0646815 0.0580668 0.0514542 0.0451622 0.0392561 0.0336732 0.0283392 0.0232328 0.0184033 0.0139597 0.0100433 0.00678609 0.0042652
 0.00882747 0.0143348 0.0215599 0.0304175 0.0405808 0.0513265 0.0615015 0.069794 0.0751967 0.0773161 0.0763345 0.0727681 0.067268 0.0605345 0.053259 0.0460297 0.0392348 0.0330319 0.0274049 0.0222687 0.0175647 0.0133076 0.0095788 0.00648031 0.00407915
 0.00875282 0.0142101 0.021365 0.0301285 0.0401718 0.0507749 0.0607992 0.0689651 0.0743191 0.0765372 0.0758621 0.0728167 0.0679637 0.0618216 0.0548783 0.0476036 0.0404229 0.0336627 0.027509 0.0220125 0.0171473 0.0128838 0.00923224 0.00623513 0.0039246
 0.00870312 0.0141299 0.0212452 0.0299601 0.0399463 0.0504851 0.0604405 0.0685375 0.0738303 0.0760109 0.0753509 0.0724125 0.067789 0.0619912 0.0554367 0.0484765 0.0414233 0.0345621 0.028134 0.0223075 0.0171689 0.0127456 0.00904353 0.00606621 0.00380318
 0.00867658 0.0140846 0.0211731 0.0298525 0.0397957 0.0502881 0.0602 0.0682621 0.0735319 0.0757008 0.0750408 0.0721217 0.0675543 0.0618706 0.0554964 0.0487587 0.0419105 0.0351658 0.0287232 0.0227646 0.0174371 0.0128396 0.00902282 0.00599689 0.00373166
 0.00867363 0.0140798 0.0211656 0.0298407 0.0397762 0.0502554 0.0601466 0.0681798 0.0734146 0.0755469 0.0748546 0.0719136 0.0673421 0.0616813 0.0553677 0.0487323 0.0420156 0.0353986 0.029038 0.0230874 0.0176978 0.0130009 0.0090886 0.00599807 0.00370418
 0.00866793 0.0140709 0.0211527 0.0298234 0.0397546 0.0502297 0.0601167 0.0681451 0.0733725 0.0754933 0.0747844 0.0718234 0.0672329 0.0615621 0.0552559 0.0486532 0.0419965 0.0354575 0.0291717 0.0232681 0.0178825 0.0131502 0.00918275 0.00604026 0.00371171
 0.00865237 0.014048 0.0211227 0.0297879 0.0397164 0.0501918 0.0600816 0.0681144 0.073347 0.075472 0.074765 0.0718015 0.0672039 0.0615231 0.055209 0.0486077 0.0419676 0.0354621 0.0292201 0.0233568 0.0179935 0.0132584 0.00926751 0.00609314 0.00373652
 0.00865377 0.0140479 0.0211182 0.0297755 0.0396927 0.050156 0.0600368 0.0680671 0.0733045 0.0754401 0.0747453 0.0717919 0.0671996 0.0615185 0.0552003 0.0485946 0.041955 0.035459 0.029236 0.0233964 0.0180528 0.0133258 0.00932905 0.006139 0.00376424
 0.00864462 0.014036 0.0211059 0.0297659 0.0396888 0.0501584 0.0600423 0.06807 0.0732996 0.0754253 0.0747231 0.0717675 0.0671777 0.0615015 0.0551876 0.0485842 0.0419463 0.0354539 0.0292389 0.0234115 0.018081 0.013363 0.00936775 0.00617191 0.00378734
 0.00863793 0.0140238 0.0210853 0.0297342 0.0396448 0.0501044 0.0599848 0.0680182 0.0732622 0.0754066 0.0747217 0.0717783 0.0671955 0.0615225 0.0552102 0.0486076 0.0419699 0.0354774 0.0292631 0.023438 0.018111 0.0133955 0.00939968 0.00619951 0.00380796
 0.00862844 0.0140107 0.0210696 0.029718 0.0396301 0.0500914 0.059972 0.0680031 0.073243 0.0753849 0.0747014 0.0717642 0.0671902 0.0615259 0.05522 0.0486212 0.0419851 0.0354935 0.0292801 0.0234564 0.0181311 0.013417 0.00942101 0.00621855 0.00382291
 0.00860796 0.01398 0.0210285 0.0296683 0.0395756 0.0500375 0.0599244 0.0679671 0.073222 0.075379 0.0747081 0.0717796 0.0672115 0.0615516 0.0552493 0.0486532 0.0420185 0.0355265 0.0293114 0.0234856 0.0181579 0.0134413 0.00944243 0.00623627 0.00383637
 0.00860796 0.01398 0.0210285 0.0296683 0.0395756 0.0500375 0.0599244 0.0679671 0.073222 0.075379 0.0747081 0.0717796 0.0672115 0.0615516 0.0552493 0.0486532 0.0420185 0.0355265 0.0293114 0.0234856 0.0181579 0.0134413 0.00944243 0.00623627 0.00383637
 0.00838224 0.0136187 0.0204972 0.0289445 0.0386597 0.0489667 0.0587831 0.0668815 0.0723334 0.0748057 0.0745145 0.0719656 0.0677224 0.0622996 0.0561361 0.0495876 0.0429273 0.0363584 0.0300352 0.0240869 0.0186351 0.013802 0.00970069 0.00641019 0.00394558
 0.00846783 0.0137322 0.0206195 0.0290391 0.0386787 0.0488637 0.0585271 0.0664677 0.07179 0.0741938 0.0739187 0.0714764 0.0674121 0.0622043 0.0562495 0.0498687 0.0433161 0.0367926 0.0304626 0.0244709 0.0189554 0.0140517 0.00988288 0.0065343 0.00402409
 0.00861222 0.0139775 0.0210051 0.0295996 0.0394259 0.0497628 0.0594808 0.0673259 0.0723895 0.0744123 0.073716 0.070903 0.0665876 0.0612778 0.0553592 0.0491128 0.042741 0.0363984 0.0302193 0.0243365 0.0188905 0.014026 0.00987659 0.00653593 0.00402787
 0.0084941 0.0138042 0.0207811 0.0293467 0.0391837 0.0495846 0.0594238 0.0674336 0.072669 0.0748175 0.0741532 0.0712613 0.0667824 0.0612826 0.0552102 0.0488862 0.0425185 0.0362383 0.0301442 0.0243377 0.0189416 0.014098 0.00994712 0.00659286 0.00406773
 0.00874504 0.0141866 0.0213082 0.030012 0.0399611 0.0504312 0.0602832 0.0682406 0.0733589 0.0753364 0.0744619 0.0713326 0.0665985 0.0608407 0.0545349 0.0480381 0.0415887 0.0353273 0.0293364 0.0236832 0.0184532 0.0137597 0.00972842 0.00646039 0.00399258
 0.00863351 0.0140409 0.0211547 0.0298963 0.0399354 0.0505334 0.0605206 0.0685884 0.0737724 0.0757688 0.074875 0.0716972 0.0668876 0.0610246 0.0545846 0.0479374 0.0413466 0.0349825 0.028948 0.023312 0.0181432 0.01353 0.00957578 0.00636873 0.00394253
#pred catch len freq
 0.00373963 0.00600471 0.00893146 0.0125181 0.016768 0.0216501 0.027035 0.0326778 0.0382703 0.0435103 0.0481471 0.0520086 0.0550186 0.0571938 0.0586157 0.059396 0.0596508 0.0594744 0.0588828 0.0577213 0.0555993 0.0519621 0.0463621 0.0388233 0.0300387
 0.00402275 0.00637735 0.00933345 0.0128475 0.0169196 0.0215702 0.0267577 0.0323138 0.0379491 0.0433127 0.0480718 0.0519898 0.054979 0.0570979 0.0584942 0.0593309 0.05973 0.059737 0.0592821 0.0581301 0.0558602 0.0519606 0.0460817 0.0383476 0.0295031
 0.00422376 0.0067183 0.00986581 0.0136095 0.0179059 0.0226994 0.027862 0.0331798 0.0384036 0.0433047 0.0476915 0.0514083 0.0543533 0.056511 0.0579615 0.0588475 0.0593099 0.0594105 0.0590606 0.0579733 0.0556804 0.0516677 0.0456372 0.0377899 0.0289248
 0.00442897 0.00704211 0.0103387 0.014263 0.018777 0.0238267 0.029265 0.0348191 0.040144 0.0449158 0.0489066 0.0520244 0.0543132 0.0559122 0.0569906 0.0576931 0.05811 0.0582455 0.057967 0.0569527 0.0547068 0.0507072 0.0446795 0.0368676 0.0281031
 0.00464975 0.00739222 0.01085 0.0149618 0.0196831 0.0249525 0.0306121 0.0363738 0.0418698 0.0467372 0.0506898 0.0535717 0.0553976 0.0563486 0.0567086 0.0567627 0.0567029 0.0565632 0.0561785 0.0551684 0.0529859 0.0490829 0.0431857 0.0355523 0.0270188
 0.00491291 0.00780545 0.011446 0.0157645 0.0207083 0.026207 0.032088 0.0380425 0.0436785 0.0486114 0.052535 0.0552714 0.0568081 0.0573051 0.0570534 0.0563942 0.0556197 0.0548731 0.0540638 0.0528319 0.0506081 0.0468083 0.0411285 0.0338017 0.0256331
 0.00521131 0.00827431 0.0121222 0.0166743 0.0218661 0.0276133 0.0337237 0.0398629 0.0456137 0.0505729 0.0544244 0.0569866 0.0582443 0.058352 0.0575937 0.0563153 0.0548422 0.0533882 0.0519572 0.0502767 0.0478313 0.0440473 0.0385946 0.0316535 0.0239581
 0.00550075 0.00873652 0.0128033 0.0176139 0.023094 0.0291412 0.035534 0.0418996 0.0477835 0.0527565 0.0564922 0.0588147 0.0597248 0.059395 0.0581221 0.0562561 0.0541296 0.0519832 0.0498812 0.0476405 0.0448385 0.040965 0.0356994 0.0291721 0.0220222
 0.00581684 0.00922896 0.0135064 0.0185505 0.0242785 0.0305819 0.0372281 0.0438221 0.0498759 0.0549224 0.0586041 0.0607295 0.0613055 0.0605277 0.0587218 0.0562615 0.0534942 0.0506773 0.0479117 0.0450826 0.0418602 0.0378207 0.0326839 0.0265489 0.0199586
 0.00614414 0.00974418 0.0142508 0.0195529 0.0255524 0.0321218 0.0390033 0.0457735 0.0519214 0.0569672 0.0605497 0.062476 0.0627521 0.0615765 0.0592846 0.0562661 0.0528872 0.0494276 0.0460225 0.0426155 0.0389603 0.0347216 0.0296731 0.0238995 0.017856
 0.00651963 0.0103297 0.0150868 0.0206634 0.0269456 0.0337892 0.0409129 0.0478613 0.0540891 0.0590918 0.0625002 0.0641334 0.0640227 0.0623951 0.0596077 0.0560605 0.0521236 0.0480837 0.044099 0.0401625 0.0361045 0.0316748 0.0267052 0.0212754 0.0157625
 0.0068569 0.0108653 0.0158696 0.0217318 0.0283228 0.0354746 0.0428708 0.050014 0.0563215 0.0612662 0.0644754 0.0657807 0.065239 0.063111 0.0597883 0.0556969 0.0512196 0.0466483 0.0421522 0.0377568 0.033353 0.0287649 0.0238794 0.0187762 0.0137647
 0.00705145 0.0111909 0.016378 0.0224802 0.0293655 0.0368481 0.0445749 0.0519977 0.058482 0.06346 0.0665383 0.0675522 0.0665847 0.063939 0.060053 0.0553918 0.0503641 0.0452753 0.0403063 0.0355063 0.0308101 0.0260987 0.0213029 0.016502 0.0119467
 0.00729647 0.0115677 0.0169073 0.023173 0.0302303 0.0378973 0.0458241 0.0534539 0.0601241 0.0652235 0.0683121 0.0691919 0.0679392 0.0648785 0.0604889 0.0552831 0.0497116 0.0441111 0.0386858 0.0335103 0.0285548 0.0237426 0.0190347 0.0145053 0.0103525
 0.00759297 0.0120296 0.0175648 0.0240401 0.0313023 0.0391498 0.047211 0.0549104 0.0615786 0.066611 0.0695802 0.0702934 0.0688203 0.065474 0.0607295 0.055111 0.0490949 0.0430513 0.03722 0.0317115 0.0265338 0.0216462 0.0170312 0.0127525 0.0089597
 0.00784617 0.0124261 0.0181337 0.0247998 0.0322591 0.0402946 0.0485132 0.0563118 0.0629949 0.0679437 0.070735 0.0711986 0.0694353 0.0657846 0.0607337 0.0548051 0.0484696 0.0421004 0.0359554 0.0301778 0.0248163 0.0198679 0.0153357 0.0112735 0.00778805
 0.00797013 0.0126298 0.0184449 0.0252471 0.0328684 0.0410816 0.0494743 0.057417 0.0641866 0.0691422 0.0718483 0.0721355 0.0701208 0.0661718 0.0608072 0.0545729 0.0479506 0.0413143 0.0349247 0.0289389 0.0234326 0.0184343 0.0139668 0.0100783 0.00684097
 0.00811532 0.0128419 0.0187213 0.0255738 0.0332298 0.0414734 0.04991 0.0579233 0.0647866 0.069837 0.0726064 0.0728949 0.0708022 0.0666969 0.0611142 0.0546259 0.0477392 0.0408488 0.0342298 0.0280533 0.0224133 0.0173592 0.0129279 0.00916364 0.00611189
 0.00825498 0.0130564 0.0190197 0.025954 0.0336767 0.0419596 0.0503987 0.0583767 0.0651793 0.0701672 0.0728949 0.0731696 0.0710761 0.066954 0.0613122 0.0547107 0.0476638 0.0405856 0.0337761 0.0274312 0.021668 0.0165554 0.0121412 0.00846547 0.00555247
 0.00828346 0.013113 0.0191237 0.0261295 0.0339461 0.0423335 0.0508661 0.0589013 0.065706 0.0706372 0.0732629 0.073417 0.071213 0.0670081 0.0613092 0.0546583 0.0475475 0.0403788 0.0334558 0.0269927 0.0211315 0.0159647 0.0115541 0.00793898 0.00512773
