SBPRF35
7.78865
Curr Bio
562579
B35
656826
F35
0.209377
FOFL
0.168523
OFL
71531
Bzero
2.22533e+006
#pred survey bio
 3.86836e+006 3.46159e+006 3.10879e+006 2.77954e+006 2.4487e+006 2.16807e+006 1.92871e+006 1.6875e+006 1.48286e+006 1.29639e+006 1.12484e+006 1.00252e+006 903218 847685 790990 745310 713857 676789 651896 635266 629718 629062 629005 633313 637607 648360 652368 643501 638176 631291 615783 600046 576346 571337 563077 567986 574492 571511 576558 583356 593639 597771 592397 593576 598134 593369 597900 594126 604635 607268 615220 602393 595293 577242 592040 592607 591425 568668 1.89233e+007 1.11858e+007 1.134e+007 1.19989e+007 1.29267e+007 1.39004e+007 1.47852e+007 1.55231e+007 1.61055e+007 1.65484e+007 1.68772e+007 1.71175e+007 1.72915e+007 1.7417e+007 1.75073e+007 1.75726e+007 1.76198e+007 1.76543e+007 1.76795e+007 1.76981e+007 1.77119e+007 1.77221e+007 1.77298e+007 1.77357e+007 1.77401e+007 1.77434e+007 1.77459e+007 1.77479e+007 1.77493e+007 1.77505e+007 1.77514e+007 1.7752e+007 1.77525e+007 1.77529e+007 1.77532e+007 1.77535e+007 1.77537e+007 1.77538e+007 1.77539e+007 1.7754e+007 1.77541e+007 1.77541e+007 1.77542e+007 1.77542e+007 1.77542e+007 1.77542e+007 1.77542e+007 1.77543e+007 1.77543e+007 1.77543e+007 1.77543e+007 1.77543e+007 1.77543e+007 1.77543e+007 1.77543e+007 1.77543e+007 1.77543e+007 1.77543e+007 1.77543e+007 1.77543e+007 1.77543e+007 1.77543e+007 1.77543e+007 1.77543e+007 1.77543e+007 1.77543e+007 1.77543e+007 1.77543e+007 1.77543e+007 1.77543e+007 1.77543e+007 1.77543e+007 1.77543e+007 1.77543e+007 1.77543e+007 1.77543e+007 1.77543e+007 1.77543e+007 1.77543e+007 1.77543e+007 1.77543e+007 1.77543e+007 1.77543e+007 1.77543e+007 1.77543e+007 1.77543e+007 1.77543e+007 1.77543e+007 1.77543e+007 1.77543e+007 1.77543e+007 1.77543e+007 1.77543e+007 1.77543e+007 1.77543e+007 1.77543e+007 1.77543e+007 1.77543e+007 1.77543e+007 1.77543e+007 0 0 0 0 0 0 0 0 0 0 0 0 0 0 0 0 0 0 0 0 0 0 0 0 0
#obs survey bio
 3.66218e+006 2.56615e+006 2.99116e+006 2.41058e+006 1.69466e+006 2.5846e+006 1.71136e+006 1.51056e+006 928546 1.41962e+006 1.05662e+006 924950 787742 610007 619919 636104 559994 1.07993e+006 594565 551733 510681 529887 607786 577417 628141 474722 604054 792261 632638 499444 710152 609114 554643 549179 707980 560523 535601 449340 623735 457444 515788 896074 496078 574683 578976 636533 528727 507112 628939 594552 578168 720755 477026 519220 536511 806226 562960 491589
#pred catch bio
 290910 266590 272068 302083 284650 272253 294145 277224 271326 262967 222035 202457 164609 164819 153361 138911 140416 126375 116903 106794 103055 102842 98793.6 97842.1 91344.8 95371.8 103022 96064.1 93480.4 96411.8 92202.6 97093.8 83885.1 91086.7 82818.1 82933.8 91382.4 85258.7 85140.8 83914 89966.7 97329.5 91434.2 89246.4 97522.7 90173.7 97826 86668 93781.2 89269.9 106213 100698 109183 81319.9 92588.1 91838.8 106477 105454 71531 85543 85376 89129.4 95539.8 102486 108753 113868 117783 120647 122674 124073 125021 125654 126070 126343 126520 126634 126707 126753 126783 126802 126814 126822 126827 126830 126831 126833 126833 126834 126834 126834 126835 126835 126835 126835 126835 126835 126835 126835 126835 126835 126835 126835 126835 126835 126835 126835 126835 126835 126835 126835 126835 126835 126835 126835 126835 126835 126835 126835 126835 126835 126835 126835 126835 126835 126835 126835 126835 126835 126835 126835 126835 126835 126835 126835 126835 126835 126835 126835 126835 126835 126835 126835 126835 126835 126835 126835 126835 126835 126835 126835 126835 126835 126835 126835 126835 126835 126835 126835 0 0 0 0 0 0 0 0 0 0 0 0 0 0 0 0 0 0 0 0 0 0 0 0 0
#obs catch bio
 247611 267476 273403 304833 288026 276060 300788 282970 280256 270541 227227 207748 167356 168068 157127 141564 144064 128343 118622 108290 104858 105024 100659 99502 92469.3 96862.7 104303 96905.5 94064.4 97179.6 92546.1 97569.5 83889.1 91414.8 83036.8 82972.9 91411.7 85413.8 85438.6 84300.3 90801.4 97605.1 91624.4 89537 98245.2 90460.3 98689.1 87105.5 94557.5 89547.8 107028 100920 110426 81476.4 93255.9 91825.6 106743 105492
#pred cpue bio
 3.80811e+006 3.40572e+006 3.05627e+006 2.72859e+006 2.39915e+006 2.11967e+006 1.88144e+006 1.64205e+006 1.43916e+006 1.25498e+006 1.08615e+006 965769 868273 813811 758345 713860 683406 647687 623891 607836 602280 601453 601423 605933 610542 621416 625848 617883 613415 607366 592930 578154 554514 548079 538922 543628 550266 547418 552139 558521 568297 572417 567436 568529 572774 568028 572337 568515 578659 581385 589286 576788 569708 552045 566633 567769 567159 545508 1.8167e+007 1.07444e+007 1.07873e+007 1.13291e+007 1.22182e+007 1.31831e+007 1.40663e+007 1.48039e+007 1.53862e+007 1.58292e+007 1.6158e+007 1.63983e+007 1.65723e+007 1.66977e+007 1.67881e+007 1.68533e+007 1.69006e+007 1.6935e+007 1.69602e+007 1.69788e+007 1.69926e+007 1.70029e+007 1.70106e+007 1.70164e+007 1.70208e+007 1.70241e+007 1.70267e+007 1.70286e+007 1.70301e+007 1.70312e+007 1.70321e+007 1.70328e+007 1.70333e+007 1.70337e+007 1.7034e+007 1.70342e+007 1.70344e+007 1.70345e+007 1.70347e+007 1.70347e+007 1.70348e+007 1.70349e+007 1.70349e+007 1.70349e+007 1.7035e+007 1.7035e+007 1.7035e+007 1.7035e+007 1.7035e+007 1.7035e+007 1.7035e+007 1.7035e+007 1.7035e+007 1.7035e+007 1.7035e+007 1.7035e+007 1.7035e+007 1.7035e+007 1.7035e+007 1.7035e+007 1.7035e+007 1.7035e+007 1.7035e+007 1.7035e+007 1.7035e+007 1.7035e+007 1.7035e+007 1.7035e+007 1.7035e+007 1.7035e+007 1.7035e+007 1.7035e+007 1.7035e+007 1.7035e+007 1.7035e+007 1.7035e+007 1.7035e+007 1.7035e+007 1.7035e+007 1.7035e+007 1.7035e+007 1.7035e+007 1.7035e+007 1.7035e+007 1.7035e+007 1.7035e+007 1.7035e+007 1.7035e+007 1.7035e+007 1.7035e+007 1.7035e+007 1.7035e+007 1.7035e+007 1.7035e+007 1.7035e+007 1.7035e+007 1.7035e+007 1.7035e+007 1.7035e+007 1.7035e+007 0 0 0 0 0 0 0 0 0 0 0 0 0 0 0 0 0 0 0 0 0 0 0 0 0
#obs cpue bio
 3.17401e+006 2.15409e+006 2.5272e+006 2.49568e+006 1.96741e+006 1.17623e+006 1.22558e+006 1.56962e+006 815624 1.25497e+006 923918 684224 948260 861539 493187 747303 482006 505595 549547 516910 428638 416190 498941 612742 596018 558054 893537 494209 667679 668831 599949 599294 624160 534578 367490 642907 698137 514295 442104 557928 427803 684271 608748 474682 479091 545174 480970 595712 489526 651921 564660 546236 457151 635164 554959 610877 586944 708455
#pred surv len freq
 0.00560532 0.00909187 0.0136622 0.0192767 0.0257703 0.0327641 0.0396382 0.0456837 0.0503704 0.0535256 0.0553038 0.0560213 0.0560051 0.0555178 0.0547363 0.0537538 0.0525956 0.0512361 0.0495933 0.0474967 0.0446637 0.0407561 0.0355556 0.0291825 0.0221941
 0.00598199 0.00960234 0.0142481 0.0198364 0.0262077 0.0330545 0.039866 0.0460136 0.0509583 0.0544215 0.0564086 0.0571234 0.0568721 0.0559877 0.0547658 0.0534109 0.0520097 0.050532 0.0488392 0.0466895 0.0437587 0.0397244 0.0344296 0.0280602 0.0211976
 0.00642424 0.0103046 0.0152669 0.0211941 0.0278684 0.0349008 0.0416992 0.0476007 0.0521213 0.0551177 0.0567371 0.0572454 0.0568985 0.0559175 0.0545106 0.0528733 0.0511524 0.049394 0.0475027 0.0452332 0.0422362 0.0381782 0.0329196 0.026674 0.0200295
 0.00678897 0.010897 0.0161574 0.0224474 0.0295292 0.0369685 0.0440974 0.0501588 0.054588 0.0572136 0.0582331 0.0580322 0.057009 0.0554838 0.0536811 0.0517451 0.0497592 0.0477429 0.0456183 0.0431762 0.0400969 0.0360625 0.0309408 0.0249422 0.0186305
 0.00719168 0.0115363 0.0170917 0.0237233 0.0311762 0.0389898 0.0464549 0.0527602 0.0572836 0.0598049 0.0604922 0.0597346 0.0579805 0.0556454 0.0530665 0.0504738 0.0479805 0.0455885 0.0431901 0.0405666 0.0374141 0.0334413 0.0285306 0.0228789 0.017004
 0.00752983 0.0120803 0.0178996 0.0248453 0.0326456 0.0408095 0.0485835 0.055108 0.0597251 0.0621986 0.0626937 0.0615973 0.0593547 0.0563917 0.0530845 0.0497333 0.046533 0.0435501 0.0407108 0.037807 0.0345408 0.0306294 0.0259561 0.020693 0.0152994
 0.00779549 0.0125114 0.0185474 0.025758 0.0338603 0.0423396 0.0504039 0.0571487 0.061879 0.0643403 0.0646976 0.0633472 0.0607433 0.0573163 0.0534482 0.0494574 0.0455793 0.0419425 0.0385424 0.0352314 0.0317538 0.0278474 0.0233895 0.0185132 0.0136064
 0.00813273 0.0130476 0.0193318 0.0268284 0.035237 0.044015 0.0523317 0.0592396 0.0640115 0.0663821 0.0665265 0.0648631 0.0618702 0.0579967 0.0536346 0.0491066 0.0446573 0.0404402 0.0364996 0.032754 0.0290156 0.0250698 0.0208029 0.016309 0.0118965
 0.00830993 0.0133563 0.0198342 0.027594 0.0363258 0.0454521 0.0540837 0.0612095 0.0660579 0.0683524 0.068286 0.0663092 0.0629328 0.0586321 0.053816 0.0488157 0.043879 0.0391689 0.0347557 0.030607 0.0265993 0.0225759 0.0184478 0.0142827 0.0103161
 0.00850587 0.0136702 0.0202994 0.0282424 0.0371866 0.0465471 0.055417 0.0627548 0.0677496 0.0700863 0.0699318 0.0677327 0.0640208 0.0593088 0.054045 0.0485894 0.0432049 0.0380617 0.0332434 0.0287481 0.0245004 0.020395 0.0163716 0.0124831 0.00890424
 0.00887126 0.0142306 0.02108 0.0292441 0.0383873 0.047906 0.0568768 0.0642453 0.0691955 0.0714178 0.0710899 0.0686665 0.0646819 0.059651 0.0540313 0.0481992 0.0424366 0.0369313 0.0317838 0.0270162 0.022588 0.0184331 0.0145153 0.0108772 0.00764424
 0.00905221 0.0145332 0.0215495 0.029924 0.0393058 0.0490567 0.058204 0.0656467 0.0705473 0.0726102 0.0720527 0.0693722 0.0651303 0.0598487 0.0539777 0.0478837 0.0418457 0.0360588 0.0306419 0.025644 0.0210589 0.0168542 0.0130136 0.00957217 0.006616
 0.00928787 0.0148904 0.0220404 0.0305462 0.0400485 0.0499078 0.0591509 0.0666677 0.0716005 0.0736282 0.0729514 0.0700708 0.0655731 0.0600158 0.0538786 0.0475414 0.0412808 0.0352851 0.0296729 0.0245067 0.019806 0.015567 0.0117919 0.00851072 0.00577912
 0.00939028 0.0150486 0.0222627 0.030834 0.0403962 0.0503036 0.059579 0.0671133 0.0720553 0.0740929 0.0734291 0.0705538 0.0660324 0.0604029 0.0541394 0.0476319 0.0411762 0.0349785 0.029172 0.0238343 0.0190046 0.0147012 0.0109415 0.00775412 0.00517228
 0.00942401 0.0151227 0.0224087 0.0310908 0.040797 0.0508578 0.0602572 0.0678483 0.0727608 0.0746921 0.0738767 0.0708422 0.0661815 0.0604403 0.0540834 0.0474845 0.0409263 0.0346126 0.0286846 0.023235 0.0183218 0.0139822 0.0102461 0.00714072 0.00468266
 0.00950351 0.0152345 0.0225465 0.0312421 0.0409523 0.0510219 0.0604537 0.0681096 0.0731081 0.0751154 0.0743307 0.0712621 0.0665085 0.0606414 0.0541546 0.047439 0.0407793 0.0343725 0.0283541 0.0228199 0.0178393 0.0134652 0.00973875 0.00668835 0.00431852
 0.00940722 0.0151048 0.0224001 0.031109 0.0408657 0.0510027 0.0605024 0.0682108 0.0732463 0.0752885 0.0745498 0.0715366 0.0668289 0.0609749 0.0544559 0.0476674 0.0409098 0.0343964 0.0282737 0.0226443 0.0175857 0.0131605 0.00941848 0.00638961 0.00407052
 0.00944236 0.0151481 0.0224409 0.0311323 0.0408602 0.0509713 0.0604664 0.0682035 0.0732956 0.0754018 0.0747118 0.0717205 0.0670117 0.0611439 0.0546034 0.0477833 0.0409794 0.0344048 0.0282118 0.0225128 0.0173955 0.0129318 0.009178 0.00616512 0.00388382
 0.00964324 0.0154266 0.0227707 0.0314582 0.0411121 0.0510893 0.0604228 0.0680117 0.073005 0.0750818 0.0744311 0.0715289 0.0669289 0.0611597 0.0546888 0.0479029 0.0411001 0.034499 0.0282593 0.0225028 0.0173285 0.0128196 0.00904086 0.00602602 0.00376217
 0.00982929 0.015713 0.0231693 0.0319629 0.0416928 0.0516879 0.060955 0.0683817 0.0731344 0.0749422 0.0740595 0.0710152 0.0663822 0.0606716 0.0543112 0.0476451 0.0409408 0.0344028 0.0281906 0.0224341 0.0172446 0.0127181 0.00892935 0.00591742 0.00366874
 0.00989928 0.015825 0.0233345 0.0321901 0.0419861 0.0520425 0.0613511 0.0687809 0.0734815 0.075175 0.0741269 0.0708966 0.066099 0.0602832 0.053895 0.0472698 0.0406468 0.0341973 0.0280558 0.022342 0.0171698 0.0126455 0.00885499 0.00584541 0.00360594
 0.00980193 0.0156927 0.0231838 0.0320529 0.0419023 0.0520461 0.0614591 0.0689885 0.0737644 0.075495 0.0744369 0.0711475 0.0662496 0.0603133 0.053813 0.0471113 0.0404601 0.034025 0.0279217 0.0222486 0.0171058 0.0125964 0.00881113 0.00580402 0.00356896
 0.00965464 0.01547 0.0228811 0.0316809 0.0414883 0.0516336 0.0611046 0.0687526 0.0736964 0.075615 0.0747264 0.0715537 0.0667011 0.0607396 0.0541615 0.0473567 0.040606 0.0340958 0.0279489 0.0222577 0.0171103 0.0125989 0.0088098 0.00579764 0.0035589
 0.00953958 0.0152817 0.0225966 0.0312812 0.040966 0.0510041 0.0604151 0.0680817 0.0731393 0.0752598 0.0746301 0.0717278 0.0671101 0.0613116 0.054807 0.0479908 0.0411661 0.0345503 0.0282946 0.0225095 0.0172887 0.0127223 0.00889166 0.00584798 0.00358645
 0.00948074 0.0151828 0.0224415 0.031052 0.0406463 0.0505848 0.0599015 0.0675002 0.0725392 0.0747091 0.074205 0.0714965 0.0671153 0.0615562 0.0552517 0.0485643 0.0417847 0.035139 0.0288024 0.0229139 0.0175902 0.0129346 0.00903321 0.00593676 0.00363809
 0.0092701 0.0148697 0.0220244 0.030548 0.0400848 0.0499976 0.0593163 0.0669402 0.0720269 0.0742709 0.0738731 0.0713077 0.0671051 0.0617488 0.0556483 0.0491351 0.0424712 0.0358659 0.0294958 0.0235176 0.0180744 0.0132947 0.00928241 0.00609722 0.00373386
 0.00904464 0.0145258 0.0215502 0.0299503 0.0393899 0.0492499 0.0585753 0.0662728 0.0714934 0.0739091 0.0736915 0.0712925 0.0672362 0.0620129 0.0560404 0.0496498 0.0430897 0.0365497 0.0301903 0.0241648 0.0186279 0.0137295 0.0095964 0.00630574 0.00386104
 0.00892465 0.0143354 0.021273 0.0295755 0.0389164 0.0486909 0.0579633 0.0656588 0.0709385 0.0734701 0.073407 0.0711763 0.0672796 0.062194 0.0563354 0.0500397 0.0435592 0.0370798 0.0307516 0.0247175 0.0191295 0.0141467 0.00991316 0.0065249 0.00399897
 0.00883614 0.0141867 0.0210407 0.0292358 0.0384519 0.0481002 0.0572702 0.0649149 0.0702153 0.0728439 0.0729438 0.0709203 0.0672472 0.0623745 0.0566966 0.0505379 0.0441491 0.0377203 0.0314047 0.0253461 0.0196978 0.0146247 0.0102841 0.00678823 0.00416909
 0.00864398 0.0139036 0.020668 0.0287918 0.0379631 0.0475899 0.0567513 0.0643931 0.0697001 0.072358 0.0725263 0.0706196 0.0671087 0.0624265 0.0569428 0.050957 0.044701 0.038355 0.0320711 0.0259965 0.0202908 0.0151287 0.0106806 0.00707478 0.00435793
 0.00862784 0.0138568 0.020561 0.0285884 0.0376338 0.0471306 0.0561954 0.0638055 0.0691529 0.0719038 0.0721852 0.0703881 0.0669792 0.062402 0.0570364 0.0511805 0.0450528 0.0388141 0.0325995 0.0265473 0.0208171 0.0155915 0.0110546 0.00735148 0.00454428
 0.00933593 0.0148501 0.021763 0.0298261 0.0386834 0.0477925 0.0563591 0.0634719 0.0684152 0.0709067 0.0710837 0.0693151 0.0660265 0.0616176 0.0564364 0.0507649 0.0448154 0.0387422 0.0326698 0.0267236 0.0210547 0.0158447 0.011286 0.00753785 0.00467783
 0.0101789 0.0161611 0.0236159 0.0322248 0.0415339 0.050877 0.059331 0.0659048 0.069915 0.071244 0.0702696 0.0675778 0.0637101 0.0590682 0.0539269 0.0484726 0.0428353 0.0371129 0.0313935 0.0257775 0.0203969 0.0154203 0.0110349 0.00740343 0.00461383
 0.0100866 0.0161259 0.023774 0.0327709 0.0426658 0.0527076 0.0618075 0.0687807 0.0727939 0.073677 0.07187 0.0681172 0.0631692 0.0576251 0.0518865 0.0461713 0.0405596 0.0350596 0.0296687 0.0244162 0.0193857 0.0147156 0.0105768 0.00712763 0.00446107
 0.00976343 0.0156569 0.02318 0.0321261 0.0421013 0.0524027 0.061963 0.0695674 0.0742792 0.0757575 0.0742557 0.0703944 0.0649239 0.0585703 0.0519389 0.045448 0.0393107 0.0335741 0.0281955 0.0231231 0.0183545 0.0139597 0.0100657 0.00680913 0.00427888
 0.00960951 0.0153815 0.0227227 0.0314255 0.0411242 0.0511841 0.0606391 0.0683742 0.0735026 0.0756479 0.0749388 0.0718127 0.0668347 0.0606081 0.0537244 0.0467027 0.0399283 0.0336203 0.0278482 0.0225896 0.0178052 0.013498 0.00972996 0.00659305 0.0041547
 0.0096421 0.0154118 0.0227242 0.0313536 0.0409206 0.0507899 0.0600153 0.0675275 0.0725099 0.0746654 0.074181 0.0714938 0.0670883 0.0614226 0.0549305 0.048027 0.0410904 0.0344283 0.0282465 0.0226445 0.017648 0.0132609 0.00950561 0.0064246 0.00404774
 0.00978342 0.0156304 0.0230303 0.031744 0.0413726 0.0512551 0.0604173 0.06777 0.0725007 0.0743531 0.0735886 0.0707314 0.0663323 0.0608605 0.0546908 0.0481259 0.0414271 0.0348343 0.0285625 0.0227829 0.0176092 0.0131068 0.00931379 0.0062534 0.00392358
 0.00983251 0.0157085 0.0231446 0.0319004 0.0415739 0.0514989 0.0606913 0.068047 0.0727367 0.0744916 0.0735743 0.0705329 0.0659652 0.0603973 0.0542446 0.0478087 0.0413008 0.034884 0.0287095 0.0229295 0.0176865 0.0130975 0.00924269 0.00616053 0.00384066
 0.00987119 0.0157674 0.0232262 0.0320046 0.0416991 0.0516428 0.0608512 0.0682184 0.072911 0.074653 0.0736977 0.0705861 0.0659179 0.0602369 0.0539904 0.047514 0.0410353 0.0347029 0.0286282 0.0229211 0.0177035 0.0131002 0.00921671 0.00611391 0.00379025
 0.00962334 0.0154214 0.0228105 0.0315808 0.0413441 0.0514208 0.060791 0.06831 0.0731186 0.0749337 0.0740131 0.0709038 0.0662083 0.0604721 0.0541496 0.047593 0.0410519 0.0346909 0.0286214 0.0229369 0.0177374 0.0131352 0.00923735 0.00611588 0.00377912
 0.00951706 0.0152404 0.0225262 0.03117 0.0408045 0.0507893 0.0601523 0.0677816 0.0728113 0.0749073 0.0742546 0.0713406 0.0667425 0.0610145 0.0546373 0.0479918 0.0413529 0.0349045 0.0287703 0.0230452 0.0178219 0.0132018 0.0092855 0.00614479 0.00379176
 0.00970754 0.0155071 0.0228467 0.0314932 0.041061 0.0509111 0.0600949 0.0675393 0.0724236 0.0744531 0.073832 0.0710342 0.0665954 0.0610172 0.0547412 0.0481357 0.0414863 0.0350003 0.0288238 0.0230662 0.0178249 0.0131982 0.00928064 0.00613979 0.00378639
 0.00976819 0.0156142 0.0230213 0.0317539 0.041412 0.0513274 0.0605132 0.0678682 0.0725732 0.0743724 0.0735334 0.0705911 0.0661137 0.0605962 0.0544416 0.0479684 0.0414229 0.0349961 0.028839 0.0230778 0.0178259 0.0131911 0.00927046 0.00613001 0.00377842
 0.00971074 0.0155356 0.0229312 0.0316732 0.0413697 0.0513534 0.0606288 0.068075 0.0728446 0.0746534 0.0737534 0.0706902 0.0660689 0.0604324 0.0542196 0.0477561 0.0412676 0.0349115 0.0288117 0.0230826 0.0178407 0.0132035 0.00927696 0.00613171 0.00377756
 0.0097863 0.0156446 0.0230702 0.0318313 0.0415335 0.0515141 0.0607868 0.0682385 0.0730222 0.0748437 0.0739377 0.0708323 0.0661257 0.0603722 0.0540388 0.0474843 0.0409568 0.0346151 0.0285655 0.0228989 0.0177132 0.0131184 0.00922073 0.00609493 0.00375417
 0.00979613 0.015659 0.0230886 0.0318513 0.041551 0.0515237 0.0607837 0.0682219 0.072999 0.0748295 0.073952 0.0708885 0.0662205 0.0604826 0.05413 0.0475263 0.0409382 0.0345472 0.0284742 0.02281 0.0176427 0.0130703 0.00919124 0.00607786 0.00374445
 0.00982132 0.0157072 0.0231739 0.0319896 0.041754 0.0517901 0.0610931 0.0685351 0.0732686 0.075015 0.0740328 0.0708682 0.0661217 0.0603347 0.0539572 0.0473404 0.0407418 0.0343417 0.0282668 0.0226146 0.0174742 0.0129381 0.00909678 0.00601605 0.00370716
 0.00963383 0.0154287 0.0228048 0.0315505 0.0412831 0.0513379 0.0607146 0.0682813 0.0731754 0.0750918 0.074258 0.0711969 0.0665011 0.0607193 0.0543162 0.0476567 0.0410065 0.0345504 0.0284193 0.022716 0.0175351 0.0129713 0.00911397 0.00602502 0.00371213
 0.0096416 0.0154216 0.0227585 0.031433 0.0410664 0.0510146 0.0603111 0.0678572 0.0728061 0.0748438 0.0741695 0.0712697 0.0667061 0.0610096 0.0546418 0.0479758 0.0412912 0.034786 0.0286012 0.0228467 0.0176217 0.0130239 0.00914322 0.00604011 0.00371952
 0.00961682 0.0153832 0.0227032 0.031356 0.0409589 0.0508624 0.0600974 0.0675717 0.0724575 0.0744691 0.0738295 0.0710317 0.0666196 0.0610892 0.0548643 0.048293 0.041647 0.0351321 0.0289048 0.0230915 0.0178049 0.0131516 0.00922625 0.00609047 0.00374805
 0.00975685 0.0156014 0.0230132 0.0317613 0.0414497 0.0514109 0.0606538 0.0680657 0.0728105 0.0746142 0.073734 0.0707104 0.0661332 0.0605263 0.0543146 0.0478218 0.0412836 0.0348733 0.0287283 0.022971 0.0177194 0.0130881 0.00917845 0.00605562 0.0037243
 0.00972222 0.0155659 0.0229981 0.0317992 0.0415756 0.0516478 0.0610004 0.0684915 0.073261 0.0750231 0.0740362 0.0708558 0.0660987 0.0603234 0.0539881 0.0474368 0.0409054 0.0345488 0.0284781 0.0227928 0.0175984 0.0130073 0.00912446 0.0060197 0.00370111
 0.00971782 0.0155684 0.0230203 0.0318608 0.0417002 0.0518576 0.061308 0.0688933 0.0737322 0.075517 0.0744897 0.0712008 0.0662785 0.0603074 0.0537807 0.0470766 0.0404545 0.034076 0.0280414 0.0224282 0.017318 0.0128058 0.00898767 0.0059316 0.00364743
 0.00936971 0.0150361 0.0222841 0.0309303 0.0406183 0.050702 0.0601905 0.0679507 0.0731009 0.0752972 0.0747153 0.0718284 0.0672001 0.0613795 0.0548595 0.0480486 0.0412548 0.0346891 0.0284882 0.0227459 0.0175433 0.012966 0.00909986 0.006007 0.0036948
 0.00929833 0.0149026 0.0220516 0.0305562 0.0400673 0.0499658 0.0593061 0.0670036 0.0722104 0.0745891 0.0742932 0.0717532 0.067478 0.0619608 0.0556491 0.0489284 0.042112 0.0354403 0.0290914 0.0231974 0.0178638 0.013185 0.00924502 0.00609991 0.00375141
 0.00909342 0.0146076 0.0216768 0.0301307 0.0396251 0.0495261 0.0588629 0.0665341 0.0716997 0.0740552 0.0737966 0.071383 0.0673223 0.0620751 0.0560366 0.0495382 0.0428541 0.036212 0.0298037 0.0237931 0.0183219 0.0135127 0.00946517 0.00623933 0.00383454
 0.00877231 0.0141491 0.0211052 0.0295112 0.0390476 0.049077 0.058598 0.0664634 0.071786 0.0742265 0.0739699 0.0714969 0.0673628 0.0620811 0.0560778 0.0496788 0.0431218 0.0365881 0.0302354 0.0242176 0.0186894 0.0137979 0.00966592 0.00636884 0.00391157
#obs surv len freq
 0.0049782 0.00815327 0.0123998 0.0177306 0.0240189 0.0308985 0.037743 0.0438282 0.0486024 0.0518642 0.0537326 0.0544948 0.0544733 0.0539673 0.0532378 0.0524974 0.0518894 0.0514471 0.0510313 0.0502731 0.0485908 0.0453545 0.0401873 0.0332581 0.0253481
 0.00518421 0.00849214 0.0129172 0.0184717 0.0250198 0.0321724 0.0392665 0.0455362 0.0503975 0.0536342 0.0553668 0.0558923 0.0555446 0.054636 0.0534437 0.0522013 0.0510801 0.0501474 0.0493036 0.0482214 0.0463588 0.0431136 0.0381135 0.0314979 0.0239871
 0.0054122 0.00886543 0.0134841 0.0192794 0.0261058 0.033551 0.040914 0.047385 0.0523447 0.0555599 0.0571528 0.0574328 0.0567503 0.0554325 0.0537696 0.0520085 0.0503375 0.0488517 0.0474927 0.0459882 0.043856 0.0405431 0.0356944 0.0294204 0.0223679
 0.00565445 0.00926093 0.0140826 0.0201285 0.0272425 0.0349878 0.0426247 0.0492987 0.0543557 0.0575474 0.058999 0.0590335 0.0580174 0.0562934 0.0541642 0.051887 0.0496612 0.0476014 0.0456852 0.0436974 0.0412275 0.0377894 0.0330614 0.0271312 0.0205675
 0.00588059 0.00963407 0.0146544 0.0209508 0.028357 0.0364106 0.0443298 0.051213 0.0563698 0.0595373 0.0608464 0.0606363 0.0592923 0.057173 0.0545932 0.0518179 0.0490541 0.0464293 0.0439506 0.0414562 0.0386105 0.0350038 0.0303607 0.0247562 0.0186823
 0.00612483 0.0100314 0.0152533 0.0217969 0.0294858 0.0378342 0.046023 0.0531069 0.0583599 0.0615019 0.0626654 0.0622048 0.0605258 0.0580078 0.054982 0.0517237 0.048445 0.0452817 0.0422625 0.0392718 0.0360451 0.0322517 0.0276698 0.0223703 0.0167745
 0.00637538 0.0104428 0.0158794 0.0226898 0.0306841 0.0393462 0.0478103 0.0550806 0.0603953 0.0634647 0.0644351 0.0636853 0.0616461 0.0587178 0.0552473 0.0515196 0.0477523 0.0440865 0.0405674 0.0371172 0.0335345 0.0295635 0.0250371 0.020028 0.0148939
 0.00659801 0.0108107 0.0164445 0.0235042 0.0317902 0.04076 0.0495044 0.0569771 0.062376 0.0653936 0.0661817 0.0651406 0.0627304 0.0593805 0.0554614 0.0512731 0.0470399 0.0429075 0.0389329 0.0350688 0.0311675 0.027039 0.022567 0.0178278 0.0131232
 0.00681746 0.0111696 0.0169885 0.0242778 0.032828 0.0420742 0.0510701 0.058727 0.0642078 0.0671874 0.0678184 0.0665151 0.063759 0.060005 0.0556487 0.0510111 0.0463306 0.0417617 0.0373733 0.0331431 0.028967 0.0247098 0.020298 0.0158109 0.0115006
 0.0070562 0.0115587 0.0175755 0.0251064 0.0339288 0.0434496 0.0526804 0.0604871 0.0660005 0.0688875 0.0693142 0.0677189 0.0646087 0.0604609 0.0556903 0.0506333 0.0455405 0.0405768 0.035824 0.0312825 0.0268845 0.0225394 0.0182067 0.0139656 0.0100229
 0.00727047 0.0119121 0.0181167 0.0258825 0.0349753 0.0447735 0.0542442 0.062204 0.0677479 0.0705322 0.0707366 0.0688281 0.0653464 0.060799 0.0556239 0.0501729 0.0447057 0.0393936 0.0343284 0.0295294 0.0249592 0.0205624 0.016324 0.0123189 0.00871253
 0.00742997 0.0121754 0.0185206 0.0264646 0.035767 0.0457892 0.0554689 0.0635865 0.069205 0.071962 0.0720334 0.0698964 0.0661109 0.0612108 0.055662 0.0498399 0.0440205 0.0383865 0.0330401 0.0280162 0.0233016 0.0188681 0.0147185 0.0109211 0.00760471
 0.00750762 0.0123052 0.0187231 0.0267627 0.0361835 0.0463412 0.0561618 0.0644095 0.0701302 0.0729458 0.0730192 0.0708172 0.066895 0.0617893 0.0559782 0.0498565 0.0437232 0.0377832 0.0321599 0.0269097 0.0220428 0.0175537 0.0134582 0.00981688 0.0067265
 0.00757045 0.012401 0.0188559 0.0269339 0.0363937 0.0465938 0.0564642 0.0647718 0.0705616 0.0734491 0.0735862 0.0714249 0.0675039 0.0623458 0.0564203 0.0501233 0.0437653 0.0375722 0.0316941 0.0262174 0.0211821 0.0166079 0.0125232 0.00898248 0.00605546
 0.007684 0.0125734 0.0190922 0.0272298 0.0367359 0.046962 0.0568339 0.0651184 0.070867 0.0737087 0.0738103 0.0716326 0.0677115 0.0625555 0.0566135 0.0502629 0.0438035 0.0374638 0.0314099 0.0257555 0.0205729 0.0159112 0.0118163 0.00834102 0.00553422
 0.0077248 0.0126414 0.0191972 0.0273805 0.0369368 0.0472087 0.0571098 0.0653966 0.0711178 0.0739105 0.0739568 0.0717341 0.067789 0.0626303 0.0566965 0.050347 0.0438628 0.0374595 0.0313036 0.0255236 0.0202186 0.0154678 0.0113387 0.00788994 0.00515764
 0.0077773 0.012722 0.01931 0.0275266 0.0371149 0.0474158 0.0573401 0.0656402 0.0713589 0.0741282 0.07413 0.0718476 0.0678394 0.0626276 0.0566596 0.0502937 0.0438002 0.0373791 0.0311842 0.025343 0.0199667 0.0151556 0.0109979 0.00756207 0.00487928
 0.00781884 0.0127839 0.0193927 0.0276268 0.0372266 0.0475322 0.0574555 0.0657508 0.0714634 0.0742268 0.0742227 0.0719316 0.0679086 0.0626747 0.0566801 0.0502882 0.0437721 0.0373297 0.0311087 0.0252313 0.019811 0.0149584 0.010776 0.00734198 0.00468726
 0.00785273 0.0128363 0.019466 0.027721 0.0373384 0.0476544 0.0575776 0.0658604 0.0715497 0.0742847 0.0742542 0.0719445 0.0679118 0.0626734 0.0566747 0.0502753 0.0437475 0.0372894 0.0310489 0.0251477 0.0197003 0.0148224 0.0106243 0.00719067 0.00455369
 0.00786086 0.0128464 0.0194757 0.0277263 0.0373355 0.047642 0.0575578 0.0658387 0.0715331 0.0742787 0.0742621 0.0719671 0.0679485 0.0627229 0.0567339 0.0503388 0.0438076 0.0373375 0.0310766 0.0251486 0.0196714 0.0147654 0.0105467 0.00710482 0.00447285
 0.00787524 0.0128632 0.019489 0.0277265 0.037312 0.0475874 0.0574721 0.0657303 0.0714173 0.074174 0.0741854 0.0719303 0.0679561 0.0627722 0.0568164 0.0504429 0.0439202 0.0374456 0.0311685 0.0252151 0.0197069 0.0147697 0.0105254 0.0070675 0.00443076
 0.00791833 0.0129274 0.0195742 0.0278276 0.037419 0.0476858 0.057545 0.0657616 0.0713963 0.0741004 0.0740711 0.0717968 0.0678279 0.0626696 0.056751 0.0504164 0.0439264 0.0374733 0.0312047 0.0252477 0.019727 0.0147729 0.0105126 0.00704384 0.00440324
 0.00787382 0.0128642 0.019496 0.0277434 0.0373401 0.0476217 0.0574993 0.0657315 0.0713751 0.0740808 0.0740489 0.0717728 0.0678081 0.0626632 0.0567672 0.0504607 0.0439979 0.0375648 0.0313046 0.0253429 0.0198064 0.0148299 0.0105459 0.00705732 0.00440354
 0.00788305 0.0128676 0.0194803 0.0276912 0.0372366 0.0474644 0.0573044 0.0655315 0.0712065 0.0739701 0.0740036 0.0717835 0.0678569 0.062734 0.0568507 0.0505539 0.0441012 0.0376772 0.0314214 0.0254558 0.019906 0.0149088 0.0106011 0.00709044 0.00441967
 0.00788624 0.0128707 0.0194806 0.0276829 0.0372106 0.0474083 0.057206 0.065384 0.0710161 0.0737593 0.0738075 0.0716377 0.067785 0.0627398 0.0569211 0.0506684 0.0442401 0.0378259 0.0315696 0.0255953 0.0200292 0.0150095 0.0106761 0.00714057 0.00444923
 0.00786616 0.0128408 0.0194405 0.027634 0.0371549 0.0473473 0.0571393 0.0653089 0.0709283 0.0736557 0.0736908 0.0715193 0.0676843 0.0626785 0.0569149 0.0507203 0.0443407 0.0379583 0.0317156 0.0257392 0.0201594 0.0151183 0.0107596 0.00719886 0.00448589
 0.00785535 0.0128205 0.019405 0.0275773 0.0370724 0.0472396 0.0570139 0.0651795 0.07081 0.0735593 0.0736194 0.07147 0.0676529 0.062665 0.0569246 0.0507608 0.0444166 0.0380668 0.0318465 0.0258781 0.0202918 0.0152329 0.01085 0.00726384 0.00452817
 0.00782143 0.0127647 0.0193201 0.0274563 0.0369106 0.0470375 0.05678 0.0649315 0.070573 0.0733606 0.0734819 0.0714067 0.0676648 0.0627422 0.0570515 0.0509223 0.044601 0.0382655 0.0320509 0.0260779 0.0204754 0.0153898 0.0109738 0.00735335 0.00458715
 0.00778084 0.0126977 0.0192177 0.0273097 0.036714 0.046791 0.0564934 0.0646249 0.0702738 0.0730987 0.0732842 0.0712932 0.0676458 0.0628168 0.057208 0.051141 0.0448591 0.0385413 0.0323261 0.0263377 0.0207076 0.0155852 0.0111271 0.00746443 0.00466084
 0.00776032 0.0126627 0.0191619 0.0272259 0.0365954 0.0466334 0.0562974 0.064398 0.0700301 0.0728575 0.0730677 0.0711236 0.0675422 0.0627918 0.0572655 0.0512749 0.0450542 0.0387767 0.0325793 0.0265874 0.0209364 0.0157806 0.0112821 0.00757799 0.00473705
 0.00774093 0.0126286 0.0191057 0.0271393 0.0364711 0.046468 0.0560946 0.0641689 0.0697916 0.0726284 0.0728659 0.0709651 0.0674402 0.0627565 0.0573026 0.0513841 0.0452279 0.0389998 0.0328311 0.0268453 0.021179 0.0159912 0.0114509 0.0077024 0.00482098
 0.00932832 0.0148524 0.0217931 0.029909 0.0388435 0.0480421 0.0566875 0.0638435 0.068776 0.071199 0.0712604 0.06935 0.0659173 0.0613825 0.0561065 0.0503779 0.0444122 0.0383659 0.0323619 0.0265169 0.0209637 0.0158603 0.0113783 0.00766635 0.00480554
 0.00932167 0.015134 0.0227323 0.031963 0.0423584 0.0529843 0.0624731 0.0694323 0.07304 0.073365 0.0711647 0.0673815 0.062747 0.0576756 0.0523578 0.0468839 0.0413183 0.035727 0.0301843 0.0247808 0.0196323 0.0148845 0.0107 0.00722294 0.00453529
 0.00896103 0.0145703 0.0219477 0.0310126 0.0414223 0.0524014 0.0626996 0.0708794 0.0758288 0.0771447 0.0751555 0.0706699 0.0646638 0.0580273 0.051398 0.0451006 0.0392038 0.0336432 0.028338 0.0232587 0.0184479 0.0140118 0.0100928 0.00682656 0.00429435
 0.00879043 0.0142792 0.0214853 0.030327 0.0404815 0.0512285 0.0614167 0.0697344 0.0751712 0.0773277 0.0763783 0.072833 0.06734 0.0606006 0.0533104 0.0460639 0.0392556 0.0330478 0.0274249 0.0222985 0.0176045 0.0133529 0.00962294 0.0065177 0.00410695
 0.00872282 0.0141625 0.0212958 0.0300354 0.0400557 0.0506413 0.0606595 0.0688358 0.0742185 0.0764804 0.0758565 0.0728604 0.0680462 0.0619275 0.0549908 0.0477089 0.0405127 0.0337357 0.0275687 0.0220646 0.0171959 0.0129298 0.00927397 0.00626987 0.00395061
 0.00869458 0.0141139 0.0212171 0.0299145 0.0398783 0.0503926 0.0603266 0.068411 0.0737052 0.0759031 0.0752753 0.0723796 0.0678028 0.0620478 0.0555255 0.0485829 0.0415325 0.034663 0.0282209 0.0223798 0.0172286 0.0127952 0.00908432 0.00609835 0.00382674
 0.00868413 0.0140968 0.021191 0.0298764 0.0398237 0.0503156 0.0602192 0.0682636 0.0735078 0.0756487 0.0749661 0.0720365 0.0674744 0.0618101 0.0554641 0.0487559 0.041932 0.0352027 0.0287661 0.0228065 0.0174744 0.0128712 0.00904882 0.00601742 0.00374691
 0.00869699 0.0141151 0.0212137 0.0299005 0.0398449 0.0503289 0.0602192 0.0682443 0.0734618 0.0755678 0.0748422 0.071866 0.0672644 0.0615853 0.0552688 0.048645 0.0419496 0.0353569 0.0290176 0.0230825 0.0177021 0.0130095 0.0090983 0.00600712 0.00371164
 0.00869458 0.0141146 0.021219 0.0299166 0.0398764 0.0503763 0.0602772 0.068302 0.0735057 0.075585 0.0748235 0.0718063 0.0671631 0.0614488 0.0551132 0.0484982 0.0418462 0.0353256 0.0290662 0.0231908 0.0178304 0.0131177 0.00916424 0.00603079 0.00370759
 0.00865437 0.0140543 0.021138 0.0298186 0.0397692 0.0502714 0.0601881 0.0682418 0.0734832 0.0756014 0.0748704 0.0718683 0.0672228 0.0614918 0.0551329 0.048498 0.0418397 0.0353319 0.0291014 0.0232587 0.0179196 0.0132075 0.00923535 0.00607456 0.00372677
 0.00865044 0.0140446 0.0211176 0.0297814 0.0397104 0.0501906 0.0600919 0.0681439 0.0734005 0.0755485 0.0748551 0.0718894 0.0672706 0.0615518 0.0551905 0.0485432 0.0418705 0.0353544 0.029126 0.0232942 0.0179677 0.0132616 0.00928497 0.00611148 0.00374862
 0.00865393 0.0140484 0.0211194 0.0297776 0.039696 0.0501605 0.0600425 0.0680746 0.0733159 0.075459 0.074775 0.0718331 0.0672477 0.0615637 0.05523 0.0485981 0.0419286 0.0354081 0.0291739 0.0233389 0.0180119 0.0133052 0.00932471 0.00614317 0.0037701
 0.00864881 0.0140425 0.0211149 0.0297776 0.039703 0.0501744 0.0600593 0.0680868 0.0733147 0.075438 0.0747337 0.0717776 0.0671894 0.0615151 0.0552006 0.0485912 0.041941 0.0354331 0.0292046 0.023371 0.0180435 0.0133353 0.0093519 0.00616556 0.00378636
 0.0086602 0.0140598 0.0211387 0.0298079 0.0397393 0.0502163 0.0601056 0.068135 0.0733601 0.075473 0.0747497 0.0717678 0.0671521 0.0614556 0.0551297 0.0485216 0.041883 0.0353919 0.0291802 0.0233604 0.0180426 0.0133406 0.0093603 0.00617456 0.00379409
 0.00862934 0.0140161 0.021085 0.0297508 0.0396876 0.0501777 0.0600849 0.0681332 0.0733756 0.075503 0.0747901 0.0718129 0.0671948 0.0614892 0.0551502 0.0485293 0.0418826 0.0353894 0.0291807 0.0233662 0.0180533 0.013354 0.00937404 0.00618668 0.00380348
 0.00862934 0.0140161 0.021085 0.0297508 0.0396876 0.0501777 0.0600849 0.0681332 0.0733756 0.075503 0.0747901 0.0718129 0.0671948 0.0614892 0.0551502 0.0485293 0.0418826 0.0353894 0.0291807 0.0233662 0.0180533 0.013354 0.00937404 0.00618668 0.00380348
 0.00870303 0.0141274 0.0212365 0.0299392 0.0399044 0.0504105 0.0603185 0.0683495 0.0735547 0.0756259 0.0748426 0.0717895 0.0670996 0.0613346 0.054954 0.0483108 0.0416602 0.035179 0.0289947 0.0232122 0.0179342 0.0132682 0.00931655 0.0061511 0.00378324
 0.00861293 0.0139941 0.0210606 0.0297304 0.0396795 0.0501899 0.060123 0.0681991 0.073467 0.0756132 0.074908 0.071924 0.0672836 0.0615419 0.0551584 0.0484927 0.0418086 0.0352921 0.0290768 0.0232704 0.0179756 0.0132982 0.00933864 0.0061671 0.00379428
 0.0086095 0.0139778 0.0210172 0.0296419 0.0395311 0.0499799 0.0598696 0.0679387 0.0732429 0.0754612 0.0748467 0.0719537 0.0673907 0.0617052 0.0553533 0.048695 0.0419979 0.0354545 0.0292061 0.0233673 0.018045 0.0133464 0.00937139 0.00618879 0.00380813
 0.00861962 0.013994 0.02104 0.0296694 0.039557 0.0499914 0.0598489 0.0678687 0.0731171 0.0752908 0.0746611 0.0717907 0.0672829 0.0616689 0.0553866 0.0487815 0.0421148 0.0355793 0.0293213 0.0234629 0.0181176 0.0133978 0.00940575 0.00621069 0.00382145
 0.00874726 0.0141956 0.0213316 0.0300593 0.0400411 0.0505474 0.0604311 0.0684098 0.0735399 0.0755287 0.0746773 0.071589 0.0669054 0.061183 0.054865 0.0482843 0.0416794 0.0352203 0.029037 0.0232433 0.0179516 0.0132755 0.00931915 0.00615271 0.00378532
 0.00873369 0.0141896 0.0213522 0.0301341 0.040199 0.050807 0.06079 0.0688401 0.073993 0.0759447 0.0749969 0.0717652 0.0669136 0.0610275 0.0545783 0.0479182 0.0412901 0.0348542 0.0287228 0.0229919 0.0177609 0.0131373 0.00922341 0.00608975 0.00374648
 0.00882502 0.0143288 0.0215452 0.0303816 0.0404988 0.0511561 0.061184 0.0692697 0.0744373 0.076369 0.0753546 0.0720062 0.0669966 0.0609315 0.0543096 0.0475102 0.0407957 0.0343332 0.0282288 0.0225628 0.0174155 0.0128776 0.00904053 0.00596923 0.00367248
 0.0086111 0.0140023 0.0210943 0.0298125 0.0398372 0.0504478 0.0604953 0.0686832 0.0740401 0.0762312 0.0755081 0.0724326 0.0676291 0.0616708 0.0550495 0.048163 0.0413098 0.0346968 0.0284611 0.022698 0.0174888 0.0129162 0.00906124 0.00598089 0.00367922
 0.00869013 0.0140969 0.0211747 0.0298314 0.0397441 0.0502116 0.060122 0.0682191 0.0735579 0.0758091 0.075212 0.0723053 0.067685 0.0618935 0.0553935 0.0485632 0.0416984 0.0350211 0.0286951 0.0228429 0.0175638 0.0129465 0.00906835 0.00597903 0.00367555
 0.00870101 0.0141295 0.0212487 0.0299678 0.0399515 0.0504697 0.0603738 0.0683838 0.0735631 0.0756269 0.0748749 0.0718944 0.0672968 0.0616068 0.0552481 0.0485567 0.0417948 0.0351684 0.0288437 0.0229597 0.0176369 0.0129809 0.00907731 0.00597571 0.00366892
 0.00894177 0.0145066 0.0217892 0.0306854 0.0408419 0.0515032 0.0614861 0.069471 0.0744916 0.0762579 0.0751017 0.0716752 0.0666722 0.0606896 0.0541894 0.0475016 0.0408481 0.034381 0.0282206 0.0224796 0.0172713 0.0127058 0.008876 0.00583554 0.00357797
#pred catch len freq
 0.00536418 0.00846398 0.0122943 0.0167293 0.02167 0.0270225 0.0326193 0.0381873 0.0434064 0.0479964 0.0517665 0.054624 0.0565702 0.057683 0.0580809 0.0578833 0.0571839 0.0560361 0.0544251 0.0522214 0.0491536 0.0448743 0.0391569 0.0321416 0.0244457
 0.00575955 0.00900948 0.0129408 0.0173847 0.0222435 0.0274851 0.0330376 0.0386989 0.0441401 0.048986 0.0529115 0.0557228 0.0574032 0.0580975 0.0580393 0.0574579 0.0565094 0.0552422 0.0535814 0.0513214 0.0481471 0.0437291 0.0379091 0.0308991 0.0233432
 0.00623489 0.00974377 0.0139688 0.0186993 0.0237834 0.0291296 0.034618 0.0400399 0.0451278 0.0496208 0.0532999 0.0559996 0.0576349 0.058239 0.0579699 0.0570639 0.0557517 0.0541667 0.05228 0.0498801 0.0466224 0.0421637 0.0363645 0.0294684 0.0221289
 0.00667656 0.010436 0.0149638 0.0200313 0.0254656 0.031145 0.0369 0.0424519 0.0474616 0.0516317 0.0547737 0.056823 0.0578259 0.0579107 0.0572513 0.0560342 0.05443 0.0525522 0.0503967 0.0477938 0.0444307 0.0399803 0.0343103 0.0276614 0.0206626
 0.00713505 0.0111455 0.0159667 0.021349 0.0271033 0.0330962 0.0391419 0.04493 0.0500714 0.054208 0.0570968 0.0586516 0.0589535 0.0582254 0.0567631 0.0548507 0.0526975 0.0504035 0.0479369 0.0451201 0.0416588 0.037255 0.0317921 0.0254972 0.0189509
 0.0075347 0.0117689 0.0168572 0.0225324 0.028589 0.0348772 0.0411909 0.0471932 0.0524673 0.0566288 0.0594083 0.0606921 0.0605401 0.0591784 0.0569465 0.0542111 0.0512779 0.0483242 0.0453592 0.0422193 0.038617 0.0342636 0.0290436 0.0231572 0.0171222
 0.00791194 0.0123563 0.0176941 0.0236418 0.0299782 0.0365391 0.043099 0.049295 0.0546822 0.0588534 0.0615261 0.0625806 0.0620741 0.0602313 0.0573965 0.0539585 0.0502719 0.0465863 0.0429909 0.0393909 0.0355469 0.0311931 0.0262072 0.0207462 0.0152485
 0.00832965 0.0130015 0.0186031 0.0248287 0.0314377 0.0382502 0.0450226 0.0513688 0.0568191 0.0609477 0.0634643 0.0642526 0.0633811 0.0610879 0.0577287 0.0537012 0.049375 0.045033 0.0408221 0.036724 0.0325756 0.0281644 0.0233782 0.0183307 0.0133721
 0.00860015 0.0134391 0.019258 0.0257467 0.0326524 0.0397702 0.0468177 0.0533635 0.0589008 0.062986 0.0653311 0.0658355 0.0645902 0.0618567 0.0580099 0.0534605 0.0485866 0.0436853 0.0389357 0.0343762 0.0299165 0.0254095 0.0207704 0.0160835 0.0116176
 0.00889825 0.013899 0.019906 0.0265961 0.0337089 0.0410366 0.0482909 0.0550224 0.0606917 0.0648152 0.0670725 0.0673514 0.0657582 0.0625894 0.0582599 0.0532114 0.0478398 0.0424529 0.0372467 0.0322952 0.0275634 0.0229621 0.0184391 0.014062 0.0100313
 0.00929917 0.014504 0.0207301 0.0276245 0.0349047 0.0423548 0.049687 0.0564537 0.062115 0.0661842 0.0683337 0.0684414 0.0666036 0.0631156 0.0584044 0.0529351 0.0471306 0.0413222 0.0357287 0.030453 0.0255006 0.0208269 0.0164069 0.0122971 0.00864293
 0.00953067 0.0148737 0.0212734 0.028368 0.0358595 0.0435066 0.0509883 0.0578245 0.0634585 0.0674099 0.069376 0.0692628 0.0671853 0.0634434 0.0584592 0.0526927 0.0465681 0.0404295 0.0345182 0.0289694 0.0238276 0.0190863 0.0147436 0.0108469 0.00749784
 0.009736 0.0151821 0.0216923 0.0288924 0.0364807 0.0442224 0.0518044 0.0587442 0.0644642 0.0684499 0.0703674 0.0701123 0.0678157 0.0638105 0.0585506 0.0525135 0.0461266 0.0397317 0.0335752 0.0278107 0.0225136 0.0177111 0.0134223 0.00968973 0.00658046
 0.00989875 0.0154273 0.0220248 0.0293039 0.0369522 0.0447301 0.052326 0.0592645 0.0649784 0.0689632 0.0708859 0.0706281 0.0682971 0.0642048 0.0587996 0.0525706 0.0459659 0.0393465 0.0329746 0.0270202 0.0215812 0.0167098 0.0124425 0.00882003 0.005884
 0.00994306 0.015513 0.0221786 0.0295576 0.0373332 0.0452471 0.0529576 0.0599579 0.0656632 0.069573 0.0713771 0.0709869 0.0685323 0.0643322 0.0588269 0.0524907 0.045761 0.038999 0.0324776 0.0263852 0.0208414 0.0159201 0.011672 0.0081366 0.00533642
 0.0100096 0.015606 0.0222923 0.0296815 0.0374613 0.0453882 0.0531391 0.0602159 0.0660216 0.0700231 0.0718729 0.0714605 0.0689201 0.0645956 0.058956 0.0524937 0.0456487 0.0387764 0.0321453 0.0259487 0.0203205 0.0153528 0.0111097 0.00763199 0.00492848
 0.00994088 0.0155165 0.0221977 0.0296081 0.0374364 0.0454274 0.0532387 0.0603587 0.0661922 0.0702206 0.0721098 0.0717466 0.0692454 0.0649258 0.0592445 0.0526993 0.0457469 0.0387595 0.0320165 0.0257185 0.0200079 0.0149877 0.0107318 0.00728258 0.00464004
