SBPRF35
12.7214
Curr Bio
735742
B35
864824
F35
0.169247
FOFL
0.144409
OFL
88565.2
Bzero
3.63469e+006
#pred survey bio
 3.11975e+006 2.85271e+006 2.5815e+006 2.35315e+006 2.07671e+006 1.86738e+006 1.6458e+006 1.45458e+006 1.29504e+006 1.15822e+006 1.02456e+006 918386 822111 750866 695545 643581 613575 586708 575484 567633 568371 577974 572472 561464 567821 568989 573032 570701 581745 590354 607274 617194 622370 629981 648911 662825 678290 682168 690730 687588 698928 707979 707990 716994 722937 718345 721536 741013 2.62161e+007 1.57113e+007 1.60035e+007 1.69532e+007 1.83608e+007 1.99573e+007 2.15319e+007 2.29574e+007 2.41764e+007 2.51788e+007 2.59805e+007 2.66094e+007 2.70963e+007 2.74699e+007 2.77551e+007 2.79723e+007 2.81376e+007 2.82636e+007 2.83599e+007 2.84337e+007 2.84905e+007 2.85345e+007 2.85686e+007 2.85953e+007 2.86162e+007 2.86327e+007 2.86458e+007 2.86561e+007 2.86643e+007 2.86709e+007 2.86761e+007 2.86804e+007 2.86838e+007 2.86865e+007 2.86888e+007 2.86906e+007 2.8692e+007 2.86932e+007 2.86942e+007 2.8695e+007 2.86956e+007 2.86962e+007 2.86966e+007 2.8697e+007 2.86972e+007 2.86975e+007 2.86977e+007 2.86978e+007 2.8698e+007 2.86981e+007 2.86981e+007 2.86982e+007 2.86983e+007 2.86983e+007 2.86984e+007 2.86984e+007 2.86984e+007 2.86984e+007 2.86985e+007 2.86985e+007 2.86985e+007 2.86985e+007 2.86985e+007 2.86985e+007 2.86985e+007 2.86985e+007 2.86985e+007 2.86985e+007 2.86985e+007 2.86985e+007 2.86985e+007 2.86985e+007 2.86985e+007 2.86985e+007 2.86985e+007 2.86985e+007 2.86985e+007 2.86985e+007 2.86985e+007 2.86985e+007 2.86985e+007 2.86985e+007 2.86985e+007 2.86985e+007 2.86985e+007 2.86985e+007 2.86985e+007 2.86985e+007 2.86985e+007 2.86985e+007 2.86985e+007 2.86985e+007 2.86985e+007 2.86985e+007 2.86985e+007 2.86985e+007 2.86985e+007 2.86985e+007 2.86985e+007 2.86985e+007 0 0 0 0 0 0 0 0 0 0 0 0 0 0 0 0 0 0 0 0 0 0 0 0 0
#obs survey bio
 2.58083e+006 3.79303e+006 2.98274e+006 1.76787e+006 1.83647e+006 1.64317e+006 1.11568e+006 1.59412e+006 1.07647e+006 720923 756514 715817 1.1207e+006 973946 768807 696839 453396 519650 711043 505129 477523 577324 604651 701553 493191 752466 611242 583136 639848 648676 574462 576167 514313 556428 623991 748205 913411 726031 771730 588547 511188 839883 743618 778628 822186 826589 702237 713897
#pred catch bio
 290916 307938 282582 340012 292057 314099 294813 271801 254852 253002 227829 215418 187583 167478 158561 135460 130366 115806 112765 106219 100254 113070 115482 99072.9 102552 98934.2 103155 91498.7 94293.1 88409.4 95614.1 100141 98456.4 90092.1 96080 96036.3 106473 102953 113711 102605 106363 114656 107032 109646 117437 109010 93288.3 98939.5 88565.2 102458 103149 107841 116210 126124 135931 144714 152094 158024 162636 166136 168742 170653 172039 173035 173745 174249 174604 174854 175029 175151 175237 175296 175337 175366 175386 175400 175409 175416 175420 175423 175426 175427 175428 175429 175429 175430 175430 175430 175430 175430 175430 175430 175430 175430 175430 175430 175430 175430 175430 175430 175430 175430 175430 175430 175430 175430 175430 175430 175430 175430 175430 175430 175430 175430 175430 175430 175430 175430 175430 175430 175430 175430 175430 175430 175430 175430 175430 175430 175430 175430 175430 175430 175430 175430 175430 175430 175430 175430 175430 175430 175430 175430 175430 175430 175430 175430 175430 175430 0 0 0 0 0 0 0 0 0 0 0 0 0 0 0 0 0 0 0 0 0 0 0 0 0
#obs catch bio
 241354 308166 282235 342615 293100 316970 299064 274393 257307 255965 231599 220470 189315 167197 157718 134647 130688 116356 113108 106790 101311 114597 116747 99152.9 103043 98859.3 103245 91228.4 94308.6 88209.7 95764.5 100285 98828.3 90154.4 96298.6 96191.4 106518 102623 113754 102822 106978 115418 107367 110064 117970 109136 93044.9 98971
#pred cpue bio
 3.06724e+006 2.80218e+006 2.53339e+006 2.30608e+006 2.03108e+006 1.8226e+006 1.60248e+006 1.41279e+006 1.25482e+006 1.11941e+006 987352 882666 788617 719723 666436 616153 586924 560595 549517 541760 542212 551413 546358 536139 542684 544129 548374 546331 557113 565480 581926 591608 596695 604135 622547 636058 651174 655061 663324 660010 670760 679464 679587 688538 694572 690445 693953 713798 2.53165e+007 1.52003e+007 1.53524e+007 1.61126e+007 1.74401e+007 1.90137e+007 2.05828e+007 2.20071e+007 2.3226e+007 2.42283e+007 2.503e+007 2.56589e+007 2.61458e+007 2.65194e+007 2.68046e+007 2.70218e+007 2.71871e+007 2.7313e+007 2.74093e+007 2.74831e+007 2.754e+007 2.75839e+007 2.76181e+007 2.76448e+007 2.76657e+007 2.76822e+007 2.76952e+007 2.77055e+007 2.77138e+007 2.77203e+007 2.77256e+007 2.77298e+007 2.77332e+007 2.7736e+007 2.77382e+007 2.774e+007 2.77415e+007 2.77427e+007 2.77437e+007 2.77445e+007 2.77451e+007 2.77456e+007 2.77461e+007 2.77464e+007 2.77467e+007 2.77469e+007 2.77471e+007 2.77473e+007 2.77474e+007 2.77475e+007 2.77476e+007 2.77477e+007 2.77477e+007 2.77478e+007 2.77478e+007 2.77478e+007 2.77479e+007 2.77479e+007 2.77479e+007 2.77479e+007 2.77479e+007 2.77479e+007 2.7748e+007 2.7748e+007 2.7748e+007 2.7748e+007 2.7748e+007 2.7748e+007 2.7748e+007 2.7748e+007 2.7748e+007 2.7748e+007 2.7748e+007 2.7748e+007 2.7748e+007 2.7748e+007 2.7748e+007 2.7748e+007 2.7748e+007 2.7748e+007 2.7748e+007 2.7748e+007 2.7748e+007 2.7748e+007 2.7748e+007 2.7748e+007 2.7748e+007 2.7748e+007 2.7748e+007 2.7748e+007 2.7748e+007 2.7748e+007 2.7748e+007 2.7748e+007 2.7748e+007 2.7748e+007 2.7748e+007 2.7748e+007 2.7748e+007 2.7748e+007 0 0 0 0 0 0 0 0 0 0 0 0 0 0 0 0 0 0 0 0 0 0 0 0 0
#obs cpue bio
 4.01928e+006 2.52578e+006 1.85057e+006 2.00258e+006 2.04388e+006 1.62439e+006 1.32428e+006 1.54421e+006 1.30049e+006 1.54448e+006 780661 658949 929005 943885 823694 592281 521995 467279 493821 465603 342040 485098 553956 617838 512857 553513 520064 614399 460767 553394 492916 644941 575388 727559 636090 516911 627924 719200 543216 520069 667326 571665 679885 585458 629642 741464 849685 696264
#pred surv len freq
 0.00540342 0.00875626 0.0131443 0.0185285 0.0247572 0.0314819 0.0381289 0.0440348 0.0486936 0.0519245 0.0538469 0.0547318 0.0548689 0.054503 0.0538204 0.0529549 0.0520014 0.051017 0.0499848 0.0487344 0.0468803 0.0438802 0.0392741 0.0330113 0.0256372
 0.00561971 0.00905434 0.013499 0.018897 0.0251084 0.0318343 0.0385668 0.0446802 0.0496399 0.0531693 0.0552679 0.0561263 0.0560307 0.0552942 0.0542022 0.0529705 0.0517269 0.0505087 0.0492471 0.0477283 0.0455696 0.0422909 0.037526 0.0312952 0.0241465
 0.00602554 0.00968172 0.0143792 0.020028 0.0264472 0.0332934 0.0400229 0.0460045 0.0507462 0.0540513 0.055991 0.0567684 0.056614 0.0557581 0.0544353 0.052872 0.0512513 0.0496658 0.0480721 0.0462545 0.0438323 0.0403576 0.0355231 0.0293978 0.0225267
 0.00627781 0.0101076 0.0150481 0.0210107 0.0277953 0.0350086 0.0420281 0.0481377 0.0527916 0.055798 0.0572949 0.0575876 0.0569991 0.055802 0.0542113 0.0523972 0.0504938 0.0485818 0.0466405 0.0444936 0.0418032 0.0381678 0.0333255 0.0273703 0.0208279
 0.00664561 0.0106892 0.0158945 0.0221632 0.0292834 0.0368442 0.0441901 0.0505543 0.0553279 0.0582608 0.0594589 0.0592407 0.0579948 0.0560946 0.0538514 0.0514899 0.0491431 0.0468565 0.0445775 0.0421292 0.039209 0.0354716 0.0307055 0.02502 0.0189042
 0.00691262 0.0111208 0.0165397 0.0230659 0.0304755 0.0383341 0.0459523 0.0525265 0.0574208 0.0603703 0.0614695 0.0610209 0.0593981 0.0569792 0.0541156 0.0510998 0.0481343 0.0453092 0.0425863 0.0397912 0.0366367 0.0328116 0.0281399 0.0227376 0.0170517
 0.00717804 0.0115574 0.0172062 0.0240201 0.0317622 0.0399672 0.0478958 0.054689 0.0596696 0.0625598 0.0634664 0.0627162 0.0607031 0.0578156 0.0544106 0.0507946 0.0472021 0.0437707 0.0405127 0.0372985 0.0338789 0.0299766 0.0254365 0.0203634 0.0151485
 0.0074457 0.0119815 0.0178248 0.0248644 0.0328552 0.0413191 0.0494953 0.056494 0.061604 0.0645178 0.0653256 0.0643533 0.0620088 0.0587032 0.0548154 0.0506684 0.0465124 0.0425089 0.0387106 0.0350422 0.0313145 0.027301 0.022871 0.0181118 0.0133509
 0.00775243 0.0124603 0.0185086 0.0257707 0.0339842 0.0426518 0.0509907 0.0580899 0.0632251 0.0660889 0.0667785 0.0656256 0.0630383 0.0594251 0.0551654 0.0505894 0.0459596 0.0414582 0.0371702 0.0330698 0.0290296 0.0248826 0.0205312 0.0160497 0.011704
 0.00803392 0.0129119 0.0191762 0.0266904 0.0351731 0.0440946 0.052628 0.0598186 0.0649181 0.0676256 0.0680702 0.0666233 0.063724 0.0597951 0.0552141 0.0503007 0.045308 0.0404188 0.0357368 0.0312755 0.0269648 0.022697 0.0184123 0.0141793 0.0102097
 0.00824913 0.0132747 0.0197455 0.027528 0.0363285 0.045582 0.0544035 0.0617733 0.0668944 0.0694502 0.0695896 0.0677291 0.0643643 0.0599708 0.0549627 0.0496722 0.044345 0.0391481 0.0341779 0.0294623 0.0249685 0.0206375 0.0164446 0.012457 0.00884108
 0.00817876 0.0132064 0.0197296 0.0276436 0.0366687 0.0462268 0.0553919 0.0630875 0.068458 0.0711392 0.0712501 0.0692014 0.0655098 0.0606957 0.0552289 0.049492 0.0437627 0.038219 0.0329571 0.0280075 0.0233546 0.0189677 0.0148456 0.011054 0.00772358
 0.00813497 0.0131387 0.0196372 0.0275361 0.0365741 0.0461987 0.0555091 0.0634387 0.0691119 0.0721103 0.0724793 0.0705627 0.0668394 0.0618301 0.0560384 0.0498997 0.0437475 0.0378057 0.0322007 0.0269816 0.0221478 0.0176842 0.0135995 0.0099522 0.00684149
 0.00822347 0.0132505 0.0197465 0.0276003 0.0365475 0.0460541 0.0552591 0.063143 0.0688686 0.0720321 0.0726611 0.0710488 0.0676022 0.0627694 0.0570053 0.0507353 0.0443219 0.0380428 0.0320841 0.0265473 0.0214711 0.0168653 0.0127488 0.00917046 0.00620092
 0.00837426 0.0134756 0.0200461 0.0279564 0.0369226 0.046394 0.0554998 0.0632262 0.068765 0.0717638 0.0723087 0.070732 0.0674391 0.0628322 0.0572914 0.0511676 0.0447757 0.0383871 0.0322209 0.0264349 0.0211278 0.0163573 0.0121677 0.00860795 0.00572596
 0.00866346 0.0139107 0.0206346 0.0286801 0.0377392 0.047243 0.0563063 0.0639047 0.0692295 0.0719467 0.0721837 0.0703305 0.06685 0.0621804 0.0566998 0.0507161 0.044477 0.0381906 0.0320418 0.0261947 0.0207858 0.0159224 0.0116876 0.00814596 0.00533549
 0.00883625 0.0141808 0.0210202 0.0291877 0.0383601 0.047948 0.0570426 0.0645993 0.069802 0.0723275 0.0723285 0.0702277 0.0665218 0.0616816 0.0561106 0.0501258 0.0439581 0.0377755 0.0317166 0.0259135 0.0205004 0.0156079 0.011352 0.0078204 0.00505514
 0.00894485 0.0143595 0.0212925 0.0295757 0.0388783 0.0485941 0.0577882 0.0653874 0.0705539 0.0729584 0.0727642 0.0704177 0.0664476 0.0613592 0.0555885 0.0494773 0.0432664 0.0371142 0.0311314 0.025416 0.0200762 0.0152357 0.0110202 0.00753194 0.00482057
 0.00902928 0.0144771 0.0214343 0.0297242 0.0390164 0.0487175 0.0579128 0.0655443 0.0707734 0.0732506 0.0731082 0.0707639 0.0667327 0.0615254 0.0556011 0.0493336 0.0429952 0.0367648 0.0307571 0.0250577 0.019755 0.014956 0.0107798 0.00733004 0.00465947
 0.00918383 0.0147069 0.0217394 0.030088 0.0394077 0.0490961 0.0582369 0.0657803 0.0709064 0.0732922 0.0730921 0.0707298 0.0667045 0.0614997 0.0555506 0.0492245 0.042806 0.036498 0.030437 0.0247196 0.0194319 0.0146698 0.0105408 0.00714051 0.00451739
 0.00911351 0.014623 0.0216684 0.0300712 0.0394869 0.0492931 0.0585374 0.0661337 0.0712447 0.0735558 0.073251 0.070789 0.066695 0.0614586 0.0555029 0.0491732 0.0427367 0.036392 0.0302858 0.0245307 0.0192247 0.0144675 0.0103617 0.00699505 0.00440844
 0.00882836 0.0141986 0.0211047 0.0293993 0.038767 0.0486063 0.0579743 0.0657783 0.0711522 0.0737323 0.073649 0.0713251 0.0672811 0.0620293 0.0560237 0.0496322 0.0431293 0.0367117 0.0305247 0.0246858 0.0193036 0.0144872 0.010344 0.00696035 0.00437147
 0.00869215 0.0139823 0.0207899 0.028976 0.0382401 0.0480035 0.0573517 0.0652175 0.0707429 0.073547 0.0737194 0.0716326 0.0677637 0.0626029 0.0566073 0.0501666 0.0435831 0.0370751 0.0307993 0.0248776 0.0194218 0.0145453 0.0103594 0.0069508 0.00435207
 0.00876807 0.0140762 0.0208765 0.029013 0.0381787 0.0478064 0.0570104 0.0647588 0.0702259 0.0730498 0.0733228 0.0714016 0.0677317 0.0627624 0.0569137 0.0505542 0.0439853 0.0374409 0.0310993 0.0251017 0.0195731 0.014635 0.0104024 0.00696346 0.00434874
 0.00868013 0.0139442 0.020697 0.0287865 0.0379052 0.0474803 0.0566201 0.0642953 0.0696968 0.0724916 0.072802 0.0710017 0.0675293 0.0628032 0.0571984 0.0510384 0.0445934 0.0380875 0.0317095 0.0256244 0.019984 0.0149324 0.0106003 0.00708378 0.00441486
 0.00861839 0.013848 0.0205603 0.0286074 0.037687 0.0472315 0.0563535 0.064024 0.0694282 0.0722254 0.0725353 0.0707411 0.0673017 0.0626546 0.0571783 0.0511778 0.0448892 0.0385005 0.032178 0.0260836 0.0203837 0.0152455 0.0108225 0.00722668 0.00449803
 0.0086126 0.013825 0.0205009 0.0284866 0.0374812 0.0469305 0.0559697 0.0635934 0.0690006 0.0718481 0.0722399 0.0705388 0.0671888 0.0626244 0.0572314 0.0513237 0.0451369 0.0388452 0.0325928 0.0265236 0.020799 0.0155967 0.0110895 0.00740972 0.00461116
 0.00872205 0.0139859 0.0207104 0.028728 0.0377247 0.0471371 0.0560971 0.0636045 0.0688743 0.0715895 0.071882 0.070133 0.0667889 0.0622727 0.0569546 0.0511369 0.0450487 0.0388584 0.0326999 0.0267023 0.0210147 0.0158115 0.0112734 0.00754743 0.00470219
 0.00869671 0.0139495 0.0206642 0.0286753 0.0376691 0.0470789 0.0560313 0.0635209 0.068761 0.0714382 0.0716937 0.0699215 0.0665796 0.0620966 0.0568394 0.0511003 0.0450965 0.0389862 0.0328949 0.0269443 0.0212767 0.0160639 0.0114906 0.00771432 0.00481655
 0.00870786 0.0139626 0.020675 0.0286772 0.0376559 0.0470478 0.0559849 0.0634658 0.0687026 0.0713765 0.071622 0.0698306 0.066465 0.0619645 0.0567076 0.0509932 0.0450376 0.0389905 0.0329653 0.0270712 0.0214407 0.0162398 0.0116542 0.00784823 0.00491343
 0.00861622 0.0138252 0.0204896 0.0284493 0.0373965 0.0467711 0.0557064 0.0632031 0.0684758 0.071206 0.0715241 0.0698116 0.0665185 0.0620738 0.0568528 0.0511595 0.0452189 0.0391879 0.0331811 0.0273028 0.0216778 0.0164662 0.0118527 0.00800626 0.00502686
 0.00856266 0.0137429 0.020375 0.0283029 0.0372234 0.0465808 0.0555126 0.0630213 0.0683208 0.071088 0.0714475 0.0697768 0.0665241 0.0621173 0.0569297 0.0512633 0.0453429 0.0393275 0.0333342 0.0274675 0.021849 0.016634 0.0120046 0.00813138 0.00511966
 0.00856222 0.0137388 0.0203625 0.0282758 0.0371752 0.0465081 0.0554168 0.0629098 0.0682045 0.0709786 0.0713544 0.0697057 0.0664773 0.062095 0.0569315 0.0512885 0.0453904 0.0393957 0.0334208 0.0275695 0.0219613 0.0167492 0.0121132 0.00822417 0.00519094
 0.00860456 0.0137952 0.0204244 0.0283269 0.0371963 0.046483 0.0553387 0.0627833 0.0680441 0.0708044 0.0711876 0.0695648 0.0663749 0.0620364 0.0569158 0.0513104 0.0454428 0.0394717 0.0335143 0.0276746 0.0220719 0.0168582 0.0122129 0.00830801 0.00525494
 0.00855279 0.0137167 0.0203163 0.0281895 0.0370311 0.0462911 0.0551212 0.0625438 0.0677925 0.0705595 0.0709756 0.0694134 0.0663057 0.062059 0.0570257 0.0514916 0.0456732 0.0397282 0.0337765 0.0279265 0.0223015 0.017057 0.0123756 0.00843264 0.00534334
 0.00845919 0.0135819 0.0201456 0.0279988 0.0368421 0.0461238 0.054987 0.0624431 0.0677172 0.0704977 0.0709174 0.0693566 0.0662581 0.0620363 0.0570449 0.051564 0.0457995 0.0398985 0.0339741 0.0281326 0.0224991 0.017233 0.0125216 0.00854497 0.00542303
 0.00838051 0.0134534 0.0199523 0.0277296 0.0364958 0.0457163 0.0545555 0.0620416 0.0674009 0.0703039 0.0708547 0.0694067 0.066389 0.0622174 0.0572567 0.0517987 0.0460554 0.0401732 0.0342597 0.0284156 0.0227633 0.0174637 0.0127091 0.00868615 0.00552087
 0.00848188 0.0135963 0.020126 0.0279087 0.0366453 0.045801 0.0545501 0.0619377 0.0672099 0.0700555 0.0705895 0.0691645 0.066197 0.062085 0.0571788 0.051765 0.0460581 0.0402088 0.034326 0.0285075 0.0228711 0.0175746 0.0128105 0.00876922 0.0055821
 0.00852052 0.0136622 0.0202299 0.0280592 0.036843 0.0460312 0.0547789 0.0621166 0.0672908 0.0700096 0.0704197 0.0689044 0.065898 0.0617982 0.0569413 0.0515936 0.0459531 0.0401615 0.0343252 0.0285421 0.02293 0.0176458 0.0128823 0.00883215 0.00563072
 0.00861399 0.0138102 0.0204451 0.0283507 0.037214 0.0464755 0.0552758 0.0626268 0.0677579 0.0703684 0.0706108 0.0688915 0.0656804 0.0614129 0.0564515 0.0510701 0.0454558 0.0397296 0.0339768 0.0282797 0.022746 0.0175274 0.012814 0.00879812 0.00561719
 0.00852148 0.0136793 0.0202849 0.0281829 0.0370689 0.0463842 0.0552626 0.0627051 0.0679281 0.070616 0.0709049 0.069187 0.0659268 0.0615681 0.0564958 0.0510121 0.0453275 0.0395724 0.0338278 0.0281622 0.0226684 0.0174864 0.0128002 0.00880058 0.00562649
 0.00838594 0.0134762 0.0200119 0.0278518 0.036705 0.0460237 0.0549494 0.0624852 0.0678402 0.0706804 0.0711161 0.0695136 0.0663183 0.0619662 0.0568468 0.0512785 0.0454957 0.0396532 0.0338482 0.0281536 0.0226553 0.017482 0.0128067 0.00881424 0.0056419
 0.00837519 0.013449 0.0199537 0.0277445 0.0365337 0.0457864 0.0546641 0.0621906 0.0675863 0.0705143 0.0710691 0.0695942 0.0665116 0.0622379 0.0571509 0.0515677 0.0457321 0.0398167 0.0339395 0.0281893 0.022659 0.0174744 0.0128005 0.00881358 0.00564566
 0.00827363 0.013297 0.0197488 0.0274915 0.036241 0.0454619 0.0543141 0.0618245 0.0672234 0.070189 0.0708271 0.0694809 0.0665572 0.0624454 0.0574935 0.0519957 0.0461861 0.0402429 0.0343006 0.0284698 0.0228623 0.0176149 0.0128952 0.00887657 0.00568682
 0.00813959 0.0130944 0.0194728 0.0271488 0.0358491 0.0450457 0.0539032 0.0614486 0.0669073 0.0699482 0.0706687 0.0694097 0.0665818 0.0625777 0.05774 0.0523472 0.0466133 0.040701 0.0347415 0.0288553 0.0231715 0.0178448 0.0130554 0.008982 0.00575257
 0.00809507 0.0130196 0.0193563 0.0269796 0.0356208 0.0447618 0.0535811 0.0611186 0.0666052 0.0697038 0.0704988 0.0693169 0.0665607 0.0626231 0.0578519 0.0525287 0.0468624 0.0410038 0.0350708 0.0291769 0.0234551 0.0180718 0.0132214 0.00909372 0.0058221
 0.00777044 0.0125482 0.018751 0.0262873 0.034908 0.044091 0.0529946 0.060637 0.0662378 0.0694603 0.0703915 0.0693562 0.0667467 0.062942 0.0582789 0.0530345 0.0474191 0.041585 0.0356489 0.0297217 0.0239369 0.0184682 0.0135228 0.00930459 0.00595745
 0.00711847 0.0115581 0.0173939 0.0245911 0.0329582 0.0420247 0.0509908 0.0588959 0.0649428 0.0687318 0.0702603 0.0697709 0.0676063 0.0641305 0.0596857 0.0545616 0.0489815 0.0431099 0.0370756 0.0310002 0.0250293 0.0193512 0.014192 0.00977584 0.00626337
#obs surv len freq
 0.00497306 0.00814507 0.0123877 0.017714 0.0239974 0.030872 0.0377125 0.0437961 0.0485729 0.0518421 0.0537223 0.0544981 0.0544884 0.0539897 0.0532623 0.0525202 0.0519089 0.0514638 0.0510466 0.0502879 0.0486054 0.0453685 0.0402 0.0332687 0.0253563
 0.00518034 0.00848587 0.0129078 0.0184586 0.0250024 0.0321507 0.0392409 0.0455078 0.050368 0.0536059 0.0553428 0.0558758 0.0555385 0.0546416 0.0534597 0.0522245 0.0511064 0.0501738 0.0493284 0.0482445 0.0463803 0.0431334 0.038131 0.0315125 0.0239984
 0.00540659 0.00885541 0.0134674 0.0192534 0.0260685 0.0335017 0.0408548 0.0473202 0.0522803 0.0555019 0.0571061 0.0574008 0.0567348 0.0554344 0.0537885 0.0520426 0.0503835 0.0489054 0.0475499 0.0460457 0.0439113 0.0405941 0.0357392 0.0294574 0.022396
 0.00563531 0.00923145 0.0140412 0.0200748 0.0271768 0.0349113 0.0425392 0.0492077 0.0542643 0.0574621 0.058927 0.0589811 0.0579894 0.0562917 0.0541885 0.0519348 0.0497289 0.0476843 0.0457779 0.0437944 0.0413236 0.0378795 0.0331408 0.0271967 0.0206171
 0.00589451 0.00965334 0.0146772 0.0209732 0.0283744 0.0364187 0.0443263 0.0511975 0.0563428 0.0594996 0.0607991 0.0605818 0.0592351 0.0571195 0.0545502 0.0517911 0.0490462 0.0464402 0.0439776 0.0414946 0.038655 0.0350492 0.0304025 0.0247912 0.018709
 0.00615609 0.0100826 0.0153305 0.021905 0.0296258 0.0380005 0.0462013 0.0532757 0.0584958 0.0615864 0.06269 0.0621711 0.0604432 0.0578899 0.0548438 0.0515798 0.0483078 0.0451597 0.04216 0.0391891 0.0359799 0.0322009 0.0276306 0.0223408 0.0167534
 0.00637531 0.0104454 0.0158886 0.0227114 0.0307248 0.0394117 0.0479029 0.055197 0.0605258 0.0635939 0.0645446 0.0637583 0.0616719 0.0586946 0.0551816 0.0514239 0.0476412 0.0439738 0.0404637 0.0370286 0.0334632 0.0295086 0.0249964 0.0199988 0.0148739
 0.00660564 0.0108215 0.0164579 0.0235193 0.0318068 0.04078 0.049532 0.0570186 0.0624366 0.0654744 0.0662769 0.0652379 0.0628133 0.0594335 0.0554744 0.0512443 0.0469758 0.0428203 0.0388363 0.034975 0.0310848 0.0269714 0.0225152 0.0177903 0.0130977
 0.00685189 0.0112237 0.0170662 0.0243806 0.0329544 0.0422181 0.0512209 0.0588708 0.064331 0.0672815 0.0678813 0.0665498 0.0637687 0.0599903 0.0556069 0.0509389 0.0462272 0.041632 0.0372271 0.0329929 0.028825 0.0245853 0.0201963 0.0157335 0.0114459
 0.00706554 0.0115752 0.017603 0.025149 0.0339901 0.0435311 0.0527799 0.0605978 0.0661121 0.0689888 0.0693958 0.0677755 0.0646391 0.0604668 0.055674 0.0505956 0.0454808 0.0404952 0.0357237 0.0311705 0.0267708 0.0224338 0.018117 0.0138958 0.00997315
 0.007294 0.0119498 0.0181723 0.0259591 0.0350746 0.0448948 0.0543835 0.0623529 0.0678949 0.0706641 0.0708412 0.0688959 0.0653724 0.0607833 0.0555711 0.0500901 0.0445998 0.0392708 0.034194 0.0293893 0.024821 0.0204347 0.0162144 0.0122322 0.0086499
 0.00747501 0.0122503 0.018636 0.0266304 0.0359891 0.0460644 0.0557815 0.0639083 0.0695017 0.0722012 0.0721926 0.0699653 0.0660906 0.0611111 0.0554979 0.0496289 0.0437804 0.038133 0.0327861 0.0277721 0.0230763 0.0186696 0.0145532 0.0107926 0.0075124
 0.00752825 0.0123422 0.0187852 0.0268605 0.0363271 0.0465368 0.0564074 0.0646925 0.0704279 0.0732287 0.0732566 0.0709826 0.0669713 0.0617718 0.0558741 0.0496816 0.043498 0.0375289 0.0318958 0.0266521 0.0218046 0.0173451 0.0132858 0.0096838 0.00663149
 0.00761939 0.0124773 0.0189649 0.0270785 0.0365747 0.0468095 0.0567094 0.0650369 0.0708319 0.073706 0.0738083 0.0715908 0.0675951 0.0623503 0.0563354 0.0499567 0.0435336 0.0372975 0.0314 0.0259259 0.0209114 0.0163715 0.0123296 0.00883454 0.00595089
 0.00768164 0.0125779 0.0191142 0.0272837 0.0368358 0.0471151 0.0570355 0.0653522 0.0711102 0.0739393 0.0740118 0.0717937 0.0678234 0.0626099 0.0566034 0.0501848 0.0436609 0.0372679 0.0311786 0.0255101 0.0203343 0.0156969 0.011638 0.00820381 0.00543714
 0.00771821 0.0126299 0.0191793 0.0273562 0.0369096 0.0471882 0.0571115 0.0654382 0.0712119 0.0740568 0.0741411 0.0719321 0.0679743 0.0627807 0.0567974 0.0503899 0.0438449 0.0373841 0.0311804 0.0253683 0.0200504 0.0153053 0.011197 0.00777761 0.00507674
 0.00779369 0.0127468 0.0193436 0.0275678 0.0371609 0.0474624 0.0573834 0.0656779 0.0713931 0.0741656 0.0741794 0.0719147 0.0679221 0.0627149 0.0567353 0.0503416 0.0438084 0.0373427 0.0311057 0.0252315 0.0198365 0.0150229 0.0108776 0.00746402 0.00480731
 0.00783476 0.0128086 0.0194275 0.0276719 0.0372808 0.0475925 0.0575169 0.0658069 0.071508 0.0742563 0.0742381 0.0719387 0.0679156 0.0626881 0.0567006 0.0503095 0.0437834 0.0373199 0.031071 0.0251659 0.0197249 0.0148633 0.0106845 0.00726411 0.00462829
 0.0078547 0.0128384 0.0194674 0.0277203 0.0373344 0.047647 0.0575683 0.0658519 0.0715451 0.0742862 0.0742627 0.0719597 0.0679335 0.0627021 0.0567106 0.0503166 0.043789 0.0373229 0.0310658 0.0251424 0.0196729 0.0147786 0.0105735 0.00714215 0.00451399
 0.00786433 0.0128498 0.0194767 0.0277215 0.0373213 0.0476159 0.0575203 0.0657936 0.0714868 0.0742387 0.0742351 0.0719576 0.0679579 0.0627499 0.0567751 0.0503898 0.043863 0.0373906 0.0311204 0.0251769 0.019681 0.0147576 0.0105269 0.00707998 0.00444939
 0.00789619 0.0128968 0.0195383 0.0277933 0.0373954 0.047682 0.0575674 0.0658123 0.0714717 0.0741917 0.0741654 0.0718795 0.0678865 0.0626966 0.0567456 0.0503833 0.0438742 0.0374119 0.0311433 0.0251933 0.0196843 0.0147443 0.0104979 0.00704082 0.0044079
 0.0078956 0.0128935 0.0195291 0.0277737 0.0373611 0.0476306 0.0574999 0.0657333 0.0713887 0.0741128 0.0740984 0.0718314 0.067863 0.0627017 0.0567803 0.050445 0.0439564 0.037505 0.0312364 0.0252759 0.0197484 0.0147854 0.0105163 0.00704106 0.00439718
 0.00791897 0.012929 0.0195775 0.0278337 0.0374281 0.0476975 0.0575569 0.0657696 0.0713953 0.0740855 0.07404 0.0717507 0.0677725 0.0626146 0.0567079 0.0503951 0.0439321 0.0375045 0.0312535 0.025302 0.0197744 0.0148046 0.0105254 0.00704056 0.00439032
 0.00789979 0.012901 0.0195415 0.0277924 0.0373858 0.0476584 0.0575243 0.0657449 0.0713782 0.0740742 0.0740317 0.0717433 0.0677656 0.0626098 0.0567088 0.0504057 0.0439555 0.0375412 0.0313008 0.0253542 0.0198247 0.0148466 0.0105554 0.00705815 0.00439791
 0.0079039 0.0129008 0.0195287 0.027756 0.0373162 0.0475529 0.0573914 0.0656037 0.0712519 0.0739823 0.0739839 0.0717385 0.0677954 0.0626632 0.056776 0.0504801 0.0440335 0.0376212 0.0313812 0.025432 0.0198956 0.0149062 0.0106007 0.00708878 0.00441587
 0.00785359 0.0128232 0.0194194 0.0276132 0.0371403 0.0473465 0.0571604 0.0653599 0.0710147 0.0737777 0.0738398 0.0716767 0.0678249 0.0627771 0.0569547 0.0506981 0.0442665 0.03785 0.0315931 0.0256192 0.0200534 0.0150323 0.0106949 0.00715379 0.00445676
 0.00788739 0.012865 0.0194583 0.0276314 0.0371181 0.0472706 0.0570299 0.0651867 0.0708184 0.0735791 0.0736572 0.0715266 0.0677221 0.0627339 0.0569763 0.05078 0.0443948 0.0380057 0.0317567 0.0257751 0.0201908 0.0151449 0.0107809 0.00721435 0.00449579
 0.00784792 0.0128103 0.0193929 0.0275633 0.0370546 0.0472119 0.0569664 0.0651027 0.0707016 0.0734301 0.073492 0.0713712 0.0676033 0.0626711 0.0569788 0.0508472 0.0445175 0.0381683 0.0319397 0.0259586 0.0203583 0.0152854 0.0108894 0.00729151 0.00454603
 0.00782528 0.0127698 0.0193258 0.0274613 0.036914 0.0470386 0.0567783 0.0649253 0.0705582 0.0733307 0.0734321 0.0713383 0.067588 0.0626736 0.0570073 0.0509116 0.0446226 0.0383105 0.0321075 0.0261356 0.0205274 0.0154327 0.0110066 0.00737663 0.00460237
 0.00777378 0.0126867 0.0192018 0.0272885 0.0366873 0.0467595 0.0564584 0.0645888 0.0702396 0.073069 0.0732596 0.0712724 0.0676264 0.0627983 0.057194 0.0511382 0.0448735 0.0385749 0.0323754 0.026395 0.0207645 0.0156352 0.0111667 0.00749299 0.00467964
 0.00774827 0.0126411 0.0191257 0.0271698 0.0365155 0.0465299 0.0561769 0.064273 0.0699164 0.0727693 0.0730142 0.0711075 0.0675601 0.0628364 0.0573282 0.0513486 0.0451349 0.0388625 0.0326683 0.0266762 0.0210197 0.0158529 0.0113397 0.00761989 0.00476481
 0.00771415 0.0125848 0.0190395 0.0270455 0.0363462 0.0463119 0.055913 0.0639744 0.0696023 0.0724653 0.0727484 0.0709071 0.0674469 0.0628238 0.0574188 0.0515331 0.0453936 0.039169 0.032994 0.0269951 0.0213106 0.0161007 0.0115362 0.00776395 0.00486172
 0.00768372 0.0125376 0.0189722 0.0269564 0.0362343 0.0461769 0.0557552 0.0637955 0.0694068 0.0722608 0.0725467 0.0707239 0.0673014 0.0627355 0.0574034 0.0515988 0.0455379 0.0393784 0.0332464 0.027264 0.0215703 0.0163306 0.0117231 0.0079034 0.00495677
 0.00767231 0.0125179 0.0189406 0.026909 0.036168 0.0460909 0.0556519 0.0636802 0.0692854 0.0721378 0.0724244 0.0706047 0.06719 0.0626417 0.0573412 0.0515831 0.0455797 0.0394802 0.0334003 0.0274525 0.0217706 0.0165203 0.011885 0.00802835 0.00504405
 0.00765566 0.0124918 0.0189031 0.0268587 0.0361041 0.0460135 0.0555624 0.0635817 0.0691827 0.0720371 0.0723318 0.0705244 0.0671244 0.0625922 0.0573106 0.0515771 0.045606 0.0395455 0.0335059 0.0275915 0.0219285 0.0166784 0.0120263 0.00814139 0.00512521
 0.00761625 0.0124324 0.0188224 0.0267587 0.0359896 0.045891 0.0554393 0.0634657 0.0690812 0.0719554 0.072273 0.0704892 0.0671119 0.0626003 0.0573373 0.0516213 0.0456687 0.039629 0.0336119 0.027718 0.022068 0.0168187 0.0121538 0.00824562 0.00520163
 0.00759351 0.0123929 0.0187587 0.0266634 0.0358578 0.0457249 0.0552504 0.0632743 0.0689106 0.0718252 0.0721936 0.0704611 0.0671288 0.0626528 0.0574158 0.0517182 0.0457789 0.0397497 0.0337417 0.027855 0.0222076 0.0169532 0.012274 0.00834379 0.00527413
 0.00759237 0.0123891 0.018749 0.0266429 0.0358205 0.0456644 0.0551623 0.0631583 0.068773 0.0716791 0.072057 0.0703524 0.0670611 0.062631 0.0574369 0.0517741 0.0458601 0.039848 0.033851 0.0279706 0.0223245 0.0170653 0.0123744 0.00842649 0.00533603
 0.00757296 0.0123645 0.0187247 0.0266275 0.0358225 0.045687 0.0552001 0.0631973 0.0687952 0.0716697 0.0720101 0.0702731 0.0669642 0.0625355 0.05736 0.0517268 0.0458457 0.039864 0.0338914 0.0280284 0.0223928 0.017137 0.0124426 0.0084852 0.00538156
 0.00755743 0.0123382 0.0186838 0.0265691 0.0357472 0.0456016 0.0551178 0.0631349 0.0687659 0.071676 0.0720416 0.0703117 0.0669928 0.0625459 0.0573551 0.0517173 0.0458438 0.0398783 0.0339248 0.0280784 0.0224536 0.0172015 0.0125037 0.00853759 0.00542203
 0.00753273 0.0122996 0.0186286 0.0264956 0.0356551 0.0454925 0.0549964 0.0630106 0.0686525 0.0715897 0.0719965 0.0703138 0.0670371 0.0626182 0.0574386 0.051799 0.0459191 0.039949 0.0339954 0.0281517 0.0225287 0.0172746 0.0125697 0.00859219 0.00546314
 0.00752931 0.0122923 0.0186143 0.0264706 0.0356156 0.0454366 0.0549251 0.0629278 0.0685649 0.0715054 0.071924 0.0702621 0.0670134 0.0626257 0.0574744 0.0518551 0.0459852 0.0400174 0.0340622 0.0282163 0.0225913 0.0173339 0.0126232 0.00863686 0.00549715
 0.00750545 0.0122556 0.018563 0.0264042 0.0355351 0.0453437 0.0548229 0.0628212 0.0684604 0.071411 0.0718482 0.0702122 0.066995 0.0626416 0.0575239 0.0519336 0.0460845 0.0401272 0.0341731 0.0283211 0.0226857 0.0174156 0.0126908 0.00868957 0.00553535
 0.00749938 0.0122444 0.0185437 0.0263735 0.0354902 0.0452839 0.0547507 0.0627418 0.0683805 0.0713365 0.0717834 0.0701605 0.0669595 0.0626261 0.0575316 0.0519661 0.0461403 0.0402016 0.0342585 0.0284094 0.0227696 0.0174899 0.0127523 0.00873722 0.00556954
 0.00751021 0.0122605 0.0185649 0.0263983 0.0355155 0.0453052 0.0547625 0.0627388 0.068359 0.0712961 0.0717273 0.0700949 0.0668919 0.0625637 0.0574812 0.051933 0.046128 0.0402109 0.0342867 0.0284512 0.0228182 0.0175384 0.0127957 0.00877233 0.00559539
 0.00750736 0.0122592 0.0185689 0.0264127 0.035545 0.0453513 0.0548214 0.0628012 0.0684126 0.0713294 0.0717329 0.0700711 0.0668428 0.0624975 0.0574081 0.0518632 0.0460702 0.0401707 0.0342666 0.0284498 0.0228311 0.0175599 0.0128197 0.00879444 0.00561297
 0.00750736 0.0122592 0.0185689 0.0264127 0.035545 0.0453513 0.0548214 0.0628012 0.0684126 0.0713294 0.0717329 0.0700711 0.0668428 0.0624975 0.0574081 0.0518632 0.0460702 0.0401707 0.0342666 0.0284498 0.0228311 0.0175599 0.0128197 0.00879444 0.00561297
 0.00731406 0.0119546 0.0181302 0.0258291 0.0348245 0.0445284 0.0539622 0.0619984 0.0677658 0.0709187 0.0715979 0.0702057 0.0672043 0.0630235 0.0580322 0.0525265 0.0467271 0.0407894 0.0348266 0.0289385 0.0232415 0.0178891 0.0130696 0.00897214 0.00573017
#pred catch len freq
 0.0054673 0.00856625 0.0123263 0.0165828 0.0212217 0.0261739 0.0313339 0.0365053 0.0414322 0.0458694 0.0496279 0.0525899 0.0547147 0.0560385 0.0566578 0.0567069 0.0563363 0.0556818 0.0547991 0.053563 0.051594 0.0483246 0.0432657 0.0363718 0.028249
 0.00574333 0.00895606 0.0128085 0.017113 0.0217611 0.0267268 0.0319646 0.0373141 0.0424957 0.0471793 0.0510687 0.0539728 0.0558474 0.0567914 0.0569945 0.0566697 0.0559995 0.0550984 0.0539681 0.0524382 0.0501346 0.0465591 0.0413268 0.0344701 0.0265981
 0.00618835 0.00962805 0.0137216 0.0182403 0.023037 0.0280579 0.033248 0.0384641 0.0434758 0.0480187 0.0518415 0.0547403 0.0566002 0.0574353 0.0573918 0.0567044 0.0556202 0.0543154 0.0528185 0.0509564 0.0483562 0.0445544 0.0392306 0.0324712 0.0248836
 0.00655426 0.010208 0.0145664 0.0193862 0.0244975 0.0298107 0.0352189 0.0405204 0.0454422 0.0497182 0.0531463 0.0556063 0.0570644 0.0575722 0.0572559 0.0562957 0.0548937 0.0532195 0.0513304 0.0490975 0.0461942 0.0422073 0.0368655 0.0302826 0.0230458
 0.00696954 0.010847 0.0154634 0.0205566 0.0259454 0.0315366 0.037215 0.0427513 0.0478195 0.0520881 0.0553018 0.0573307 0.0581903 0.0580268 0.0570649 0.0555447 0.0536728 0.0515878 0.0493185 0.0467395 0.0435646 0.0394419 0.0341548 0.0278355 0.0210332
 0.00735446 0.0114427 0.016305 0.0216595 0.0273081 0.0331447 0.0390417 0.0447548 0.0499415 0.0542507 0.0574005 0.0592267 0.0597165 0.0590157 0.0573921 0.0551625 0.0526125 0.0499323 0.0471688 0.0442009 0.0407604 0.0365338 0.0313443 0.0253315 0.0189985
 0.00770098 0.0119874 0.017091 0.0227172 0.0286535 0.0347758 0.0409307 0.0468414 0.0521345 0.0564387 0.059466 0.0610552 0.0611972 0.0600395 0.0578546 0.0549779 0.0517366 0.0483789 0.0450122 0.0415672 0.0378189 0.0334915 0.028431 0.0227652 0.0169368
 0.00804538 0.0125162 0.0178309 0.0236775 0.0298328 0.0361694 0.0425307 0.0486267 0.0540586 0.0584221 0.061399 0.0628116 0.0626523 0.0610841 0.0583991 0.0549517 0.0510894 0.0470917 0.0431149 0.0391532 0.0350497 0.0305855 0.0256343 0.0203045 0.0149688
 0.00844192 0.0131186 0.0186596 0.0247261 0.0310743 0.0375678 0.0440469 0.0502195 0.0556825 0.0600268 0.0629277 0.0641975 0.0638169 0.061941 0.0588628 0.0549461 0.0505561 0.0459978 0.0414665 0.0370131 0.0325511 0.0279284 0.0230556 0.0180274 0.0131477
 0.0088518 0.0137497 0.0195436 0.0258692 0.0324581 0.0391516 0.0457674 0.0519909 0.0574053 0.0616037 0.0642799 0.0652719 0.0645829 0.0623793 0.0589534 0.0546615 0.0498621 0.0448642 0.0398855 0.0350224 0.0302525 0.0254904 0.0206892 0.0159369 0.0114767
 0.00913474 0.014202 0.0202106 0.026789 0.0336557 0.0406292 0.0474905 0.0538798 0.0593386 0.063436 0.0658667 0.0664948 0.0653678 0.062702 0.0588296 0.0541257 0.0489466 0.0435901 0.0382707 0.0331033 0.0281095 0.0232587 0.0185435 0.0140509 0.00997372
 0.00910937 0.0141975 0.0202732 0.0269891 0.0340761 0.0413428 0.0485369 0.0552487 0.0609646 0.0652037 0.0676242 0.0680762 0.0666219 0.0635195 0.0591586 0.0539687 0.0483434 0.0425958 0.0369428 0.0315053 0.026325 0.0214042 0.0167626 0.0124851 0.00872483
 0.00904688 0.0141045 0.0201522 0.0268557 0.0339653 0.0413134 0.0486699 0.0556325 0.0616676 0.0662421 0.0689418 0.0695475 0.0680776 0.0647837 0.0600845 0.0544631 0.0483733 0.0421809 0.0361392 0.0303923 0.0250009 0.0199861 0.0153796 0.0112586 0.00774081
 0.00913381 0.0142152 0.0202624 0.0269248 0.0339492 0.0411857 0.0484416 0.0553615 0.0614513 0.0661956 0.069165 0.0700902 0.0689138 0.0658087 0.0611384 0.0553725 0.0489947 0.0424284 0.0359929 0.0298911 0.0242285 0.019055 0.0144137 0.0103717 0.00701446
 0.00932551 0.014497 0.0206293 0.0273483 0.0343796 0.0415597 0.0486936 0.0554383 0.0613324 0.0659109 0.0688006 0.0697691 0.0687572 0.0658907 0.0614556 0.0558422 0.0494817 0.04279 0.0361218 0.0297418 0.0238222 0.0184664 0.013746 0.00972811 0.00647233
 0.00960939 0.014917 0.0211842 0.0280089 0.0350959 0.0422724 0.0493419 0.0559618 0.0616723 0.0660193 0.0686571 0.0693995 0.0682395 0.0653393 0.0609851 0.0555248 0.0493206 0.0427221 0.0360496 0.0295769 0.0235203 0.0180395 0.0132509 0.00923902 0.00605265
 0.00982466 0.0152444 0.0216341 0.0285747 0.0357543 0.0429858 0.0500603 0.0566249 0.0622157 0.0663842 0.0688009 0.0693039 0.0679172 0.0648386 0.060386 0.0549211 0.0487904 0.042301 0.0357213 0.0292903 0.0232216 0.0177015 0.0128837 0.00887892 0.00574053
 0.00990762 0.0153804 0.021841 0.0288702 0.0361523 0.0434911 0.0506609 0.057287 0.0628842 0.0669897 0.0692711 0.0695771 0.0679556 0.0646381 0.0599796 0.0543737 0.0481835 0.0417099 0.0351941 0.0288387 0.0228298 0.0173472 0.0125563 0.00858511 0.00549575
 0.0100057 0.0155182 0.0220094 0.0290502 0.0363243 0.0436482 0.0508166 0.0574714 0.0631277 0.0673035 0.0696353 0.0699421 0.0682558 0.0648119 0.0599881 0.054212 0.0478814 0.0413209 0.0347769 0.0284387 0.0224706 0.0170337 0.0122861 0.00835754 0.00531372
 0.0101566 0.0157391 0.0222962 0.0293814 0.0366656 0.0439607 0.0510667 0.0576391 0.0632133 0.0673298 0.0696395 0.0699592 0.0682998 0.0648669 0.0600147 0.0541669 0.0477379 0.0410804 0.0344665 0.0280985 0.0221381 0.0167348 0.0120333 0.00815481 0.00516018
 0.0100402 0.0155852 0.0221291 0.0292444 0.0366074 0.044014 0.0512319 0.0578826 0.0634817 0.0675723 0.0698266 0.0700895 0.068393 0.0649478 0.0600962 0.054241 0.0477806 0.0410666 0.0343847 0.0279571 0.0219602 0.016548 0.0118606 0.00801018 0.00504931
 0.00977362 0.0151948 0.0216231 0.0286622 0.0360136 0.0434855 0.0508427 0.0576902 0.0635134 0.067815 0.0702281 0.070575 0.0688911 0.0654107 0.0605039 0.0545912 0.0480737 0.0412973 0.0345444 0.028042 0.0219776 0.0165156 0.0118011 0.00794396 0.00499033
 0.00963149 0.0149749 0.0213136 0.0282619 0.0355345 0.0429558 0.05031 0.057219 0.0631755 0.0676706 0.070307 0.0708647 0.0693395 0.0659422 0.0610429 0.0550816 0.0484857 0.041622 0.0347836 0.0282013 0.0220663 0.0165475 0.011794 0.00791662 0.00495788
 0.00962909 0.0149539 0.0212503 0.0281237 0.0352877 0.0425796 0.0498094 0.0566318 0.0625686 0.0671282 0.0699131 0.0706845 0.069402 0.0662313 0.0615019 0.0556307 0.0490451 0.0421303 0.0352051 0.0285232 0.0222919 0.0166899 0.0118719 0.00795048 0.00496626
 0.00953326 0.0148116 0.0210599 0.0278885 0.0350107 0.0422559 0.0494253 0.0561731 0.0620365 0.0665545 0.0693639 0.0702476 0.0691623 0.066244 0.0617748 0.0561217 0.0496761 0.0428094 0.0358503 0.0290776 0.0227276 0.0170046 0.0120803 0.00807608 0.00503442
 0.00943642 0.0146653 0.0208606 0.0276409 0.0347263 0.0419501 0.0491134 0.0558663 0.0617383 0.0662608 0.0690706 0.0699636 0.0689196 0.0660947 0.0617739 0.0563027 0.0500334 0.0432978 0.036399 0.0296129 0.0231926 0.0173685 0.0123385 0.00824232 0.00513131
 0.00944565 0.0146669 0.0208384 0.0275718 0.0345866 0.0417253 0.048807 0.0555016 0.0613521 0.0658917 0.0687479 0.069703 0.0687265 0.065974 0.0617381 0.0563719 0.0502246 0.0436092 0.036802 0.030057 0.0236207 0.0177347 0.0126186 0.00843472 0.00525016
 0.00950501 0.0147513 0.0209421 0.0276795 0.0346745 0.0417652 0.0487715 0.0553708 0.0611211 0.0655758 0.0683822 0.0693333 0.0683964 0.0657148 0.0615671 0.0562975 0.0502513 0.0437371 0.0370208 0.0303405 0.0239298 0.0180273 0.0128624 0.00861458 0.00536818
 0.00947978 0.0147152 0.0208966 0.0276282 0.0346209 0.0417092 0.0487071 0.0552862 0.0610023 0.0654127 0.0681749 0.0690964 0.068158 0.0655098 0.0614273 0.0562443 0.0502927 0.0438694 0.0372307 0.0306058 0.02422 0.0183087 0.0131054 0.0088018 0.00549668
 0.00945215 0.0146712 0.0208326 0.0275421 0.0345138 0.0415866 0.048579 0.0551649 0.0608974 0.0653262 0.0681 0.0690216 0.068075 0.0654207 0.0613467 0.0561943 0.050295 0.043938 0.0373666 0.0307972 0.0244443 0.0185378 0.0133126 0.00896839 0.00561587
 0.00936869 0.0145479 0.0206695 0.0273469 0.0342985 0.0413632 0.0483573 0.0549539 0.0607079 0.0651723 0.0679957 0.0689757 0.0680863 0.0654785 0.061437 0.0563073 0.0504292 0.0440977 0.0375563 0.0310145 0.0246775 0.0187678 0.0135187 0.009135 0.00573671
 0.00932088 0.0144756 0.0205712 0.0272248 0.0341583 0.0412129 0.0482057 0.0548098 0.0605785 0.0650624 0.0679089 0.0689152 0.0680561 0.0654818 0.061474 0.0563748 0.0505223 0.0442132 0.037693 0.0311707 0.0248474 0.0189398 0.013678 0.00926827 0.00583663
 0.00930608 0.0144508 0.0205323 0.0271678 0.0340801 0.0411127 0.048087 0.0546802 0.060449 0.0649445 0.0678116 0.0688443 0.0680137 0.065468 0.0614882 0.0564157 0.0505884 0.0443021 0.0378016 0.0312953 0.0249823 0.0190765 0.0138056 0.0093767 0.00591958
 0.00930456 0.0144423 0.0205085 0.0271173 0.0339913 0.0409787 0.0479097 0.054472 0.0602304 0.0647395 0.0676427 0.068728 0.0679588 0.0654745 0.0615489 0.0565197 0.0507237 0.0444579 0.037969 0.0314665 0.0251499 0.0192327 0.0139426 0.00948819 0.00600263
 0.00925796 0.0143725 0.0204141 0.0269996 0.033852 0.0408176 0.0477242 0.0542601 0.0599962 0.0644975 0.0674181 0.0685509 0.0678555 0.0654603 0.0616245 0.0566726 0.0509335 0.0447015 0.0382252 0.0317178 0.0253829 0.0194373 0.0141121 0.00961943 0.00609656
 0.00913962 0.0142021 0.0201984 0.0267585 0.0336132 0.0406061 0.0475544 0.0541331 0.0599027 0.0644242 0.0673539 0.0684936 0.0678134 0.0654501 0.061664 0.0567731 0.0510944 0.0449109 0.0384637 0.031964 0.0256172 0.019645 0.0142837 0.00975102 0.00618966
 0.00908487 0.0141128 0.0200642 0.0265718 0.0333726 0.0403217 0.0472504 0.053845 0.0596668 0.0642652 0.0672776 0.0684879 0.0678587 0.0655294 0.0617698 0.056907 0.0512613 0.0451121 0.0386922 0.0322052 0.0258529 0.0198576 0.0144608 0.0098869 0.00628528
 0.00917968 0.014245 0.0202219 0.0267286 0.0334934 0.0403725 0.0472089 0.0537067 0.0594475 0.0639977 0.0670037 0.0682466 0.067675 0.0654101 0.0617082 0.0568917 0.0512843 0.0451699 0.0387828 0.0323227 0.0259861 0.0199919 0.0145821 0.00998554 0.00635758
 0.00926743 0.0143813 0.0204139 0.0269762 0.0337853 0.0406836 0.0474991 0.0539262 0.0595491 0.0639533 0.0668159 0.0679492 0.0673213 0.0650561 0.061397 0.0566466 0.0511106 0.0450624 0.0387323 0.032319 0.0260177 0.0200454 0.0146436 0.0100433 0.00640404
