SBPRF35
10.5397
Curr Bio
624037
B35
796023
F35
0.184094
FOFL
0.147504
OFL
77320.3
Bzero
3.01133e+006
#pred survey bio
 4.02087e+006 3.86006e+006 3.70375e+006 3.49908e+006 3.24743e+006 2.98878e+006 2.69387e+006 2.43221e+006 2.17325e+006 1.93699e+006 1.70171e+006 1.50802e+006 1.32604e+006 1.16807e+006 1.04169e+006 925980 835251 758729 706140 661064 620625 597860 586224 563921 559608 546509 542165 543186 531930 529544 533218 543795 545430 543805 540784 533386 537227 527621 525550 541433 549589 547473 549135 559948 575073 586367 603899 610253 631474 630233 2.28043e+007 1.39155e+007 1.43904e+007 1.53376e+007 1.65664e+007 1.78623e+007 1.90751e+007 2.0127e+007 2.09935e+007 2.16824e+007 2.22168e+007 2.26245e+007 2.2932e+007 2.31624e+007 2.33346e+007 2.34632e+007 2.35594e+007 2.36315e+007 2.36859e+007 2.3727e+007 2.37583e+007 2.37822e+007 2.38005e+007 2.38147e+007 2.38257e+007 2.38343e+007 2.3841e+007 2.38462e+007 2.38504e+007 2.38536e+007 2.38562e+007 2.38582e+007 2.38598e+007 2.38611e+007 2.38621e+007 2.3863e+007 2.38636e+007 2.38641e+007 2.38646e+007 2.38649e+007 2.38652e+007 2.38654e+007 2.38655e+007 2.38657e+007 2.38658e+007 2.38659e+007 2.38659e+007 2.3866e+007 2.38661e+007 2.38661e+007 2.38661e+007 2.38661e+007 2.38662e+007 2.38662e+007 2.38662e+007 2.38662e+007 2.38662e+007 2.38662e+007 2.38662e+007 2.38662e+007 2.38662e+007 2.38662e+007 2.38662e+007 2.38662e+007 2.38662e+007 2.38662e+007 2.38662e+007 2.38662e+007 2.38662e+007 2.38662e+007 2.38662e+007 2.38662e+007 2.38662e+007 2.38662e+007 2.38662e+007 2.38662e+007 2.38662e+007 2.38662e+007 2.38662e+007 2.38662e+007 2.38662e+007 2.38662e+007 2.38662e+007 2.38662e+007 2.38662e+007 2.38662e+007 2.38662e+007 2.38662e+007 2.38662e+007 2.38662e+007 2.38662e+007 2.38662e+007 2.38662e+007 2.38662e+007 2.38662e+007 2.38662e+007 2.38662e+007 2.38662e+007 2.38662e+007 2.38662e+007 0 0 0 0 0 0 0 0 0 0 0 0 0 0 0 0 0 0 0 0 0 0 0 0 0
#obs survey bio
 3.6244e+006 3.59681e+006 3.52109e+006 3.9128e+006 2.61229e+006 2.76939e+006 3.56453e+006 2.09129e+006 1.63831e+006 2.03621e+006 1.47854e+006 1.26257e+006 1.13595e+006 1.12055e+006 998671 702910 701105 612185 702091 549831 630277 482858 530394 794436 440859 456396 369614 459979 405074 427369 384938 706208 553298 760874 540789 557863 650745 716004 303305 602461 621566 716954 617476 539464 533378 646178 828586 635094 724714 434257
#pred catch bio
 108376 106380 157435 212759 235993 288666 278798 295943 293158 307013 281204 278688 261509 234876 224660 201175 186434 162645 152369 143857 124978 113159 119626 102156 108126 99997.9 96109.8 106639 98774.2 93686.2 88008.1 94690.4 94990.1 92654.5 92568.7 82122.5 96029.1 92901.9 80985.9 89290 97576.5 93638.7 86519.3 84870.6 90182.2 86887.8 97932.6 86981.4 106550 86018.1 77320.3 96380.6 98554.4 103842 111648 120134 128048 134801 140236 144430 147567 149859 151504 152667 153480 154044 154432 154698 154879 155002 155085 155141 155178 155204 155221 155232 155240 155245 155248 155251 155252 155253 155254 155254 155255 155255 155255 155255 155255 155255 155255 155255 155255 155255 155255 155255 155255 155255 155255 155255 155255 155255 155255 155255 155255 155255 155255 155255 155255 155255 155255 155255 155255 155255 155255 155255 155255 155255 155255 155255 155255 155255 155255 155255 155255 155255 155255 155255 155255 155255 155255 155255 155255 155255 155255 155255 155255 155255 155255 155255 155255 155255 155255 155255 155255 155255 155255 155255 155255 155255 0 0 0 0 0 0 0 0 0 0 0 0 0 0 0 0 0 0 0 0 0 0 0 0 0
#obs catch bio
 0 106119 157953 213506 236973 291267 280383 299011 296095 311017 285214 283316 266605 238570 226906 203259 189077 165396 154198 146084 126097 114390 120882 102623 108889 100301 97061.8 108186 100292 95374.1 89159 96165 96187.3 93571.4 93059.4 81973.2 96130.3 92557.6 81072.3 89071.3 97001.4 92965.6 85760.9 84473.1 90189.9 86457.6 97650.5 86510.1 106149 85859.7
#pred cpue bio
 3.96089e+006 3.80304e+006 3.64906e+006 3.4455e+006 3.19486e+006 2.93712e+006 2.64362e+006 2.38311e+006 2.12543e+006 1.89045e+006 1.65688e+006 1.46472e+006 1.2846e+006 1.12868e+006 1.0043e+006 890582 801344 726346 675189 631682 592760 570936 559842 538405 534439 521815 517394 518105 507043 504722 508440 518998 521091 520190 518126 511629 514946 504226 501125 516375 524728 523063 524802 535158 549563 560352 577312 583423 604000 603002 2.18632e+007 1.33662e+007 1.37271e+007 1.45333e+007 1.57076e+007 1.69891e+007 1.81988e+007 1.925e+007 2.01164e+007 2.08054e+007 2.13398e+007 2.17474e+007 2.20549e+007 2.22854e+007 2.24576e+007 2.25861e+007 2.26823e+007 2.27545e+007 2.28088e+007 2.28499e+007 2.28812e+007 2.29051e+007 2.29235e+007 2.29376e+007 2.29487e+007 2.29572e+007 2.29639e+007 2.29692e+007 2.29733e+007 2.29765e+007 2.29791e+007 2.29811e+007 2.29828e+007 2.2984e+007 2.29851e+007 2.29859e+007 2.29865e+007 2.29871e+007 2.29875e+007 2.29878e+007 2.29881e+007 2.29883e+007 2.29885e+007 2.29886e+007 2.29887e+007 2.29888e+007 2.29889e+007 2.29889e+007 2.2989e+007 2.2989e+007 2.2989e+007 2.29891e+007 2.29891e+007 2.29891e+007 2.29891e+007 2.29891e+007 2.29891e+007 2.29891e+007 2.29891e+007 2.29891e+007 2.29891e+007 2.29891e+007 2.29892e+007 2.29892e+007 2.29892e+007 2.29892e+007 2.29892e+007 2.29892e+007 2.29892e+007 2.29892e+007 2.29892e+007 2.29892e+007 2.29892e+007 2.29892e+007 2.29892e+007 2.29892e+007 2.29892e+007 2.29892e+007 2.29892e+007 2.29892e+007 2.29892e+007 2.29892e+007 2.29892e+007 2.29892e+007 2.29892e+007 2.29892e+007 2.29892e+007 2.29892e+007 2.29892e+007 2.29892e+007 2.29892e+007 2.29892e+007 2.29892e+007 2.29892e+007 2.29892e+007 2.29892e+007 2.29892e+007 2.29892e+007 2.29892e+007 2.29892e+007 0 0 0 0 0 0 0 0 0 0 0 0 0 0 0 0 0 0 0 0 0 0 0 0 0
#obs cpue bio
 3.29859e+006 3.13149e+006 2.16553e+006 4.38229e+006 2.3504e+006 2.6375e+006 2.13401e+006 1.90185e+006 2.52724e+006 1.5553e+006 1.29092e+006 1.43318e+006 1.02192e+006 1.10998e+006 1.36189e+006 932432 672885 550368 749296 527098 636868 474548 685511 381368 634197 675145 379167 482037 427294 385338 675808 322655 513323 371377 717524 645815 452414 523570 493789 732301 676914 475577 591288 430382 456954 704717 467969 542975 738722 556733
#pred surv len freq
 0.00462793 0.00757089 0.0115006 0.0164313 0.0222593 0.0286742 0.0351375 0.0410214 0.0458478 0.0494438 0.0519142 0.0535012 0.0544567 0.0549812 0.055205 0.0551922 0.0549545 0.0544611 0.0536201 0.0522238 0.0499107 0.0462319 0.0408704 0.0339233 0.0260388
 0.00481911 0.0077958 0.0116848 0.0164645 0.0220393 0.0281689 0.0344246 0.0402704 0.0452455 0.0491064 0.0518411 0.0535944 0.0545886 0.0550647 0.0552332 0.0552315 0.0551018 0.0547859 0.0541171 0.0528034 0.0504332 0.0465719 0.0409728 0.0338204 0.0258205
 0.00500816 0.00811195 0.0121699 0.0171444 0.0228966 0.029115 0.0352948 0.0408672 0.0454226 0.048846 0.0512648 0.052895 0.0539288 0.0545146 0.054781 0.0548414 0.0547664 0.054533 0.0539764 0.0527643 0.0504335 0.0465264 0.0408224 0.0335646 0.0255106
 0.00519903 0.00842133 0.0126351 0.0178021 0.0237781 0.030233 0.0366214 0.0423113 0.0468228 0.0499954 0.051972 0.0530557 0.0535675 0.0537651 0.053817 0.0538079 0.0537507 0.0535788 0.053106 0.0519854 0.0497343 0.0458789 0.0402032 0.0329759 0.0249822
 0.00542836 0.00879007 0.0131827 0.0185633 0.024778 0.0314782 0.0380905 0.0439474 0.048533 0.0516532 0.0534216 0.0541273 0.0541114 0.0537002 0.0531642 0.0526838 0.0523222 0.0520077 0.0515149 0.0504513 0.0482998 0.044568 0.0390355 0.0319749 0.0241726
 0.00563893 0.00913482 0.0137062 0.0193089 0.0257799 0.0327492 0.0396089 0.0456527 0.0503335 0.0534411 0.055083 0.0555427 0.0551542 0.0542458 0.0531177 0.0520148 0.0510858 0.0503343 0.0495732 0.0484076 0.0462919 0.0427008 0.0373876 0.030602 0.0231046
 0.00592721 0.00959356 0.0143786 0.02023 0.026972 0.0342148 0.0413201 0.0475459 0.0523135 0.0553952 0.0568953 0.0571031 0.0563598 0.0549991 0.0533281 0.0516113 0.0500414 0.0486899 0.047445 0.0459707 0.0437487 0.0402478 0.0351898 0.0287752 0.0217039
 0.00620446 0.0100389 0.0150387 0.0211446 0.0281667 0.0356898 0.0430396 0.049435 0.0542703 0.0573103 0.0586675 0.0586442 0.0575904 0.0558418 0.0537043 0.0514447 0.0492721 0.0472982 0.0454774 0.043554 0.0410808 0.0375651 0.0327208 0.0266954 0.0201049
 0.00649385 0.0105068 0.015738 0.0221226 0.0294559 0.037294 0.0449188 0.0515007 0.0563978 0.0593633 0.060522 0.0602018 0.0587793 0.0566097 0.0540068 0.0512365 0.0485065 0.0459426 0.0435412 0.0411185 0.0383134 0.0347033 0.0300253 0.0243873 0.0183139
 0.00675206 0.0109277 0.0163739 0.0230232 0.0306598 0.0388144 0.0467275 0.0535214 0.0585147 0.0614411 0.0624278 0.0618197 0.0600192 0.0574083 0.054323 0.0510414 0.0477751 0.0446555 0.0417023 0.0387849 0.0356214 0.0318695 0.027309 0.0220261 0.0164608
 0.00705808 0.0114189 0.0171014 0.024031 0.0319772 0.040444 0.0486321 0.0556181 0.0606836 0.0635452 0.0643337 0.0634119 0.0612067 0.0581272 0.0545346 0.0507264 0.0469257 0.0432719 0.0398017 0.036424 0.0329225 0.0290296 0.024574 0.0196322 0.0145684
 0.00729645 0.0118084 0.0176914 0.0248685 0.0330982 0.0418593 0.0503126 0.0574899 0.0626386 0.0654615 0.0660941 0.0649139 0.0623658 0.0588771 0.054827 0.0505297 0.0462234 0.0420622 0.0381037 0.0342932 0.0304712 0.026435 0.0220592 0.0174156 0.0128041
 0.00749816 0.0121455 0.0182158 0.0256344 0.0341508 0.0432172 0.05195 0.0593299 0.0645644 0.0673392 0.0677959 0.0663336 0.0634244 0.0595221 0.0550277 0.0502705 0.0454987 0.0408765 0.0364786 0.0322827 0.0281786 0.0240209 0.0197243 0.0153573 0.0111627
 0.00769654 0.0124644 0.0186897 0.0262952 0.0350246 0.0443178 0.0532691 0.0608292 0.0661738 0.0689634 0.0693257 0.0676602 0.064453 0.0601825 0.0552772 0.0500903 0.0448874 0.0398447 0.0350523 0.0305142 0.0261619 0.0218976 0.01767 0.0135445 0.0097147
 0.00794163 0.0128424 0.019221 0.0269861 0.0358684 0.0452972 0.0543568 0.0619875 0.0673574 0.0701237 0.0704135 0.0686239 0.065237 0.0607285 0.055531 0.0500096 0.0444467 0.0390383 0.0338965 0.029054 0.0244796 0.0201161 0.0159401 0.0120138 0.00848912
 0.00823125 0.013303 0.0198936 0.0278976 0.0370226 0.0466621 0.0558555 0.0635038 0.0687603 0.0713023 0.0713023 0.0692056 0.0655268 0.0607519 0.0553065 0.0495427 0.0437326 0.0380716 0.0326834 0.0276247 0.0228986 0.0184841 0.0143817 0.0106501 0.00740542
 0.00836331 0.013533 0.0202675 0.0284671 0.0378318 0.0477276 0.0571472 0.0649376 0.0702114 0.072632 0.0723878 0.0699628 0.0659212 0.0607943 0.0550381 0.049013 0.042983 0.037129 0.031567 0.026361 0.021536 0.0170995 0.0130725 0.00951182 0.00650456
 0.00840529 0.0136134 0.0204123 0.0287112 0.0382149 0.0482856 0.0578997 0.0658773 0.0712964 0.0737848 0.0735031 0.070925 0.0666279 0.0611792 0.0550806 0.0487348 0.0424311 0.0363578 0.0306266 0.0252981 0.0204025 0.0159608 0.012005 0.00858923 0.00577726
 0.00840303 0.0136049 0.0203921 0.0286751 0.0381662 0.0482433 0.0579029 0.0659805 0.0715548 0.0742328 0.0741365 0.0716938 0.0674429 0.0619314 0.0556674 0.0490821 0.0425061 0.0361669 0.0302049 0.0246971 0.0196835 0.0151923 0.0112589 0.00793023 0.00525035
 0.00842213 0.013634 0.0204316 0.0287231 0.0382178 0.0482911 0.0579397 0.0660052 0.0715793 0.0742863 0.0742594 0.0719225 0.0677898 0.062371 0.0561371 0.0494986 0.0427895 0.0362625 0.0300944 0.0243984 0.0192425 0.0146719 0.0107268 0.00744722 0.00485815
 0.00854579 0.0138125 0.0206587 0.0289781 0.0384719 0.0485158 0.0581143 0.0661188 0.0716294 0.0742787 0.0742101 0.0718587 0.0677466 0.0623801 0.0562114 0.0496216 0.0429167 0.0363365 0.0300658 0.0242432 0.0189697 0.0143185 0.0103453 0.00708952 0.00456229
 0.00862025 0.0139221 0.0208016 0.0291435 0.0386405 0.0486629 0.0582142 0.0661506 0.0715842 0.074165 0.0740538 0.0716967 0.0676166 0.0623115 0.0562198 0.049705 0.0430528 0.0364854 0.0301794 0.0242812 0.018913 0.0141762 0.0101489 0.00687984 0.0043749
 0.00855961 0.0138374 0.0206994 0.0290379 0.0385482 0.0485955 0.0581725 0.0661247 0.0715591 0.0741287 0.0740039 0.071643 0.0675782 0.062311 0.0562756 0.0498242 0.0432277 0.036692 0.0303822 0.0244423 0.0190044 0.0141893 0.0100968 0.00678976 0.00427665
 0.00863913 0.0139527 0.0208476 0.0292084 0.0387272 0.048772 0.0583413 0.0662836 0.0717019 0.0742402 0.0740615 0.0716257 0.0674783 0.062141 0.0560659 0.0496133 0.0430485 0.036562 0.0302992 0.0243884 0.0189564 0.0141295 0.0100199 0.00670307 0.00419332
 0.00868045 0.0140018 0.0208879 0.0292138 0.0386688 0.0486307 0.0581186 0.0660053 0.0714132 0.0739924 0.0738974 0.0715668 0.0675199 0.062257 0.0562226 0.0497827 0.0432158 0.0367225 0.030451 0.0245257 0.019069 0.0142073 0.0100596 0.00671009 0.00417959
 0.00890152 0.0143327 0.0213315 0.0297501 0.039256 0.0492098 0.0586201 0.0663595 0.071566 0.0739233 0.0736287 0.0711569 0.0670431 0.0617805 0.0557909 0.0494154 0.0429148 0.036482 0.0302638 0.0243844 0.0189645 0.0141291 0.00999813 0.00665946 0.00413786
 0.0089855 0.014475 0.0215553 0.0300769 0.0396969 0.0497526 0.0592198 0.0669406 0.0720394 0.0742119 0.0736898 0.0709917 0.0666929 0.061312 0.0552773 0.0489187 0.0424757 0.0361185 0.0299772 0.0241665 0.0188034 0.0140124 0.00991447 0.00659965 0.00409551
 0.0089061 0.014368 0.0214358 0.0299752 0.0396524 0.0498036 0.0593914 0.0672354 0.0724322 0.0746509 0.0741047 0.071311 0.066864 0.0613169 0.0551352 0.048676 0.0421883 0.0358352 0.0297299 0.023969 0.0186558 0.0139073 0.00984195 0.00655063 0.00406294
 0.00892257 0.0143953 0.0214785 0.0300396 0.0397479 0.0499425 0.0595876 0.0674991 0.0727636 0.0750323 0.074498 0.0716617 0.0671133 0.0614177 0.0550665 0.0484501 0.0418464 0.0354346 0.0293274 0.0236079 0.01836 0.013683 0.009683 0.00644484 0.00399671
 0.00885686 0.0142948 0.0213395 0.029864 0.0395442 0.0497269 0.0593844 0.0673405 0.0726852 0.0750648 0.0746567 0.0719384 0.0674729 0.0618036 0.0554147 0.0487066 0.0419828 0.0354536 0.0292571 0.0234882 0.0182285 0.0135657 0.00959205 0.00638157 0.0039565
 0.00876232 0.0141439 0.0211182 0.029563 0.0391627 0.0492782 0.0589003 0.0668706 0.0722891 0.074799 0.0745627 0.0720344 0.0677508 0.0622286 0.0559296 0.0492419 0.0424717 0.0358479 0.0295364 0.0236596 0.0183169 0.0136013 0.00960031 0.00637912 0.00395178
 0.00850315 0.0137558 0.020596 0.0289238 0.0384411 0.0485174 0.0581472 0.0661751 0.0717042 0.0743778 0.0743509 0.0720618 0.0680238 0.0627268 0.0566051 0.0500257 0.0432838 0.0366118 0.0301937 0.024179 0.0186957 0.0138575 0.00976216 0.00647524 0.00400561
 0.00829747 0.0134346 0.0201386 0.0283234 0.0377103 0.0476931 0.0572927 0.0653737 0.0710403 0.0739151 0.0741196 0.0720621 0.0682391 0.0631337 0.0571758 0.0507222 0.0440546 0.0373946 0.0309252 0.0248085 0.0191943 0.0142215 0.0100075 0.00662819 0.00409393
 0.00802997 0.0130282 0.0195803 0.0276205 0.0368879 0.0467904 0.0563615 0.0644786 0.0702555 0.0733137 0.0737599 0.0719757 0.0684258 0.063566 0.0578083 0.0515012 0.0449226 0.0382915 0.0317903 0.0255862 0.0198435 0.0147226 0.0103641 0.00686158 0.00423421
 0.00801847 0.0129659 0.0194076 0.02726 0.0362698 0.0458897 0.0552266 0.0632305 0.0690527 0.0723048 0.0730481 0.0716094 0.0684085 0.0638699 0.0583846 0.0522869 0.0458462 0.0392783 0.0327678 0.0264891 0.0206207 0.0153435 0.0108221 0.00717208 0.00442684
 0.00875164 0.0140034 0.0206803 0.0285985 0.0374424 0.0466695 0.0554544 0.062849 0.0681114 0.0709453 0.0714738 0.0700415 0.0670376 0.0628215 0.0577101 0.0519753 0.0458454 0.039514 0.0331571 0.0269506 0.0210831 0.0157531 0.0111478 0.00740559 0.00457792
 0.00924137 0.014802 0.0218773 0.030253 0.0395398 0.0490708 0.0578693 0.0648753 0.0693504 0.071143 0.0706113 0.0683264 0.0648146 0.0604578 0.0555065 0.0501244 0.0444302 0.0385312 0.0325483 0.0266306 0.0209611 0.0157475 0.0111953 0.00746478 0.00462743
 0.00926734 0.014925 0.022212 0.0309566 0.0407723 0.0509276 0.0603131 0.0677008 0.0722023 0.0735859 0.0722333 0.0688496 0.0641751 0.0588208 0.0532053 0.0475529 0.0419372 0.0363562 0.0308071 0.0253376 0.0200651 0.0151669 0.0108433 0.00726518 0.00452166
 0.00900816 0.0145477 0.0217318 0.0304319 0.0403092 0.0506754 0.0604456 0.0683753 0.0734962 0.0754324 0.0743945 0.0709568 0.065831 0.0597233 0.0532393 0.0468114 0.0406685 0.0348666 0.0293662 0.0241215 0.0191459 0.0145361 0.0104474 0.0070371 0.00440082
 0.00867429 0.0140173 0.0209601 0.0293951 0.0390213 0.0492103 0.0589555 0.0670868 0.072671 0.0752972 0.0750647 0.0723822 0.0677873 0.0618601 0.0551783 0.0482586 0.0414946 0.0351196 0.0292174 0.0237789 0.0187798 0.0142436 0.0102568 0.00693386 0.00435504
 0.0085875 0.0138593 0.0206908 0.0289662 0.0383874 0.0483478 0.0578845 0.0658852 0.0714752 0.0742874 0.074434 0.0722917 0.0683124 0.062949 0.0566452 0.0498293 0.0428913 0.0361497 0.0298223 0.0240223 0.0187917 0.0141546 0.0101564 0.00686205 0.00431678
 0.00866475 0.0139711 0.0208316 0.0291169 0.0385136 0.0484009 0.057807 0.0656229 0.070998 0.0736125 0.0736413 0.0715188 0.0677252 0.062692 0.0567887 0.0503355 0.0436217 0.0369149 0.0304545 0.0244317 0.0189795 0.0141845 0.0101085 0.0067976 0.00426637
 0.00883676 0.0142192 0.0211462 0.0294676 0.0388564 0.0486891 0.0579993 0.0656858 0.0709039 0.0733422 0.0731936 0.0709246 0.0670576 0.0620612 0.056316 0.0501124 0.0436716 0.0371811 0.0308236 0.0247834 0.0192334 0.0143193 0.0101492 0.00678673 0.0042398
 0.00890368 0.0143289 0.0213114 0.0296969 0.0391473 0.0490208 0.0583289 0.0659541 0.071052 0.0733301 0.0730108 0.0705888 0.0666077 0.0615531 0.0558201 0.0497062 0.04342 0.0371118 0.030913 0.024966 0.0194321 0.0144768 0.010244 0.00682746 0.00424792
 0.00882078 0.0142155 0.0211808 0.0295757 0.0390697 0.0490172 0.0584148 0.0661235 0.0712763 0.0735635 0.0732006 0.0706895 0.0665939 0.0614269 0.0556112 0.0494648 0.043205 0.0369738 0.0308775 0.0250244 0.0195475 0.0146035 0.0103475 0.00689415 0.00428184
 0.0087975 0.014173 0.0211095 0.0294672 0.0389227 0.0488454 0.0582502 0.0660106 0.0712562 0.0736546 0.0733875 0.0709261 0.0668196 0.061588 0.0556778 0.0494385 0.0431156 0.0368667 0.0307961 0.0249943 0.0195696 0.014659 0.0104112 0.00694682 0.00431608
 0.00872721 0.0140642 0.0209555 0.0292652 0.0386737 0.0485548 0.057931 0.0656869 0.0709649 0.0734412 0.0732948 0.0709782 0.0670102 0.061878 0.0560083 0.0497517 0.0433735 0.0370601 0.0309391 0.02511 0.019676 0.0147613 0.0105039 0.00702165 0.00436861
 0.00874385 0.0140902 0.0209925 0.0293133 0.0387302 0.0486133 0.0579802 0.065712 0.0709516 0.0733818 0.0731943 0.0708567 0.066897 0.0618007 0.0559801 0.049766 0.0434096 0.0370954 0.0309613 0.0251202 0.019683 0.0147731 0.0105225 0.00704326 0.00438812
 0.00847629 0.0136988 0.0204845 0.0287245 0.0381159 0.0480323 0.0574827 0.0653337 0.0707136 0.0732912 0.0732449 0.0710315 0.0671734 0.0621558 0.0563924 0.0502136 0.0438675 0.0375357 0.0313582 0.0254564 0.0199527 0.01498 0.0106748 0.00715042 0.00445912
 0.00807771 0.0131195 0.0197414 0.0278801 0.0372652 0.0472771 0.056908 0.0649946 0.070629 0.0734428 0.0735826 0.0714876 0.0676817 0.0626674 0.0568811 0.0506712 0.0442936 0.0379294 0.0317141 0.0257659 0.0202086 0.01518 0.0108224 0.00725302 0.00452592
#obs surv len freq
 nan nan nan nan nan nan nan nan nan nan nan nan nan nan nan nan nan nan nan nan nan nan nan nan nan
 0.00448279 0.0073436 0.0111735 0.0159906 0.021693 0.0279708 0.0342871 0.0400199 0.0447 0.0481633 0.0505199 0.052014 0.0529045 0.0534152 0.0537281 0.053982 0.0542598 0.0545521 0.0546905 0.0542823 0.0527203 0.0493527 0.0438028 0.0362834 0.0276677
 0.0046184 0.00756441 0.0115062 0.0164594 0.0223137 0.0287422 0.035182 0.0409822 0.0456517 0.0490197 0.051205 0.0524722 0.0531064 0.0533586 0.0534341 0.053487 0.0536072 0.0537846 0.0538474 0.0534005 0.0518389 0.0485147 0.043053 0.0356596 0.027191
 0.00477896 0.00782891 0.0119106 0.0170392 0.0230963 0.0297356 0.0363621 0.0422887 0.0469949 0.0502959 0.0523128 0.0533243 0.0536374 0.0535309 0.0532404 0.0529491 0.0527695 0.052706 0.052594 0.0520428 0.0504523 0.0471801 0.0418507 0.0346559 0.0264224
 0.00496603 0.00813475 0.0123743 0.0176987 0.0239822 0.0308596 0.0377055 0.0437961 0.0485797 0.0518535 0.0537345 0.0545077 0.054494 0.0539922 0.0532638 0.0525226 0.0519128 0.0514687 0.0510515 0.0502923 0.0486089 0.0453712 0.040202 0.0332701 0.0253573
 0.00517838 0.00848138 0.0128987 0.0184424 0.0249772 0.0321164 0.0392004 0.0454667 0.0503332 0.0535831 0.0553346 0.0558811 0.0555534 0.0546614 0.0534807 0.0522452 0.0511267 0.0501941 0.0493491 0.048265 0.0463999 0.0431514 0.0381466 0.0315251 0.0240078
 0.00540785 0.00885742 0.0134702 0.0192568 0.0260714 0.0335023 0.0408501 0.0473078 0.052259 0.0554738 0.0570761 0.057375 0.0567181 0.0554287 0.0537926 0.0520532 0.0503976 0.0489207 0.0475655 0.046061 0.043926 0.0406077 0.035751 0.0294669 0.0224031
 0.00564406 0.00924617 0.0140642 0.0201082 0.0272221 0.0349678 0.0426034 0.0492725 0.0543209 0.0575018 0.058944 0.0589743 0.0579625 0.0562519 0.0541434 0.0518903 0.049688 0.0476471 0.0457438 0.0437626 0.0412937 0.037852 0.0331166 0.0271766 0.0206018
 0.00589831 0.00966002 0.0146882 0.0209905 0.0283999 0.0364541 0.0443721 0.0512523 0.0564031 0.0595593 0.0608507 0.0606178 0.05925 0.0571117 0.0545225 0.0517495 0.0489976 0.0463903 0.0439297 0.04145 0.0386142 0.0350125 0.0303708 0.0247653 0.0186894
 0.00614768 0.0100688 0.0153095 0.0218756 0.0295879 0.0379561 0.0461554 0.0532358 0.0584701 0.0615812 0.0627073 0.0622079 0.0604919 0.057941 0.0548887 0.0516131 0.0483285 0.0451701 0.0421641 0.0391903 0.0359804 0.0322015 0.0276315 0.0223416 0.016754
 0.00638676 0.0104622 0.0159104 0.0227364 0.0307501 0.0394338 0.0479184 0.0552035 0.060523 0.063584 0.0645321 0.0637485 0.0616687 0.0586986 0.0551898 0.0514313 0.047643 0.0439675 0.0404495 0.037009 0.0334415 0.0294875 0.0249779 0.0199839 0.0148628
 0.0066308 0.0108621 0.016518 0.0236018 0.0319121 0.0409039 0.0496648 0.0571454 0.062541 0.0655429 0.0663031 0.0652235 0.0627666 0.0593658 0.0553964 0.0511633 0.0468952 0.0427404 0.0387568 0.0348964 0.0310091 0.0269019 0.022455 0.0177419 0.0130617
 0.00685153 0.0112269 0.017078 0.0244081 0.033005 0.0422965 0.0513263 0.0589957 0.0644624 0.0674033 0.067978 0.0666095 0.0637861 0.0599671 0.0555511 0.0508612 0.0461383 0.0415396 0.0371357 0.032905 0.0287425 0.0245106 0.0201321 0.0156819 0.0114076
 0.00705824 0.0115653 0.017592 0.0251403 0.0339889 0.0435438 0.0528132 0.0606567 0.0661977 0.069096 0.069513 0.0678864 0.0647271 0.0605196 0.0556861 0.0505695 0.0454245 0.0404193 0.0356384 0.0310836 0.0266879 0.0223589 0.0180532 0.0138448 0.00993546
 0.00725988 0.0118949 0.0180911 0.0258481 0.0349339 0.044731 0.0542116 0.0621958 0.067778 0.070609 0.0708587 0.0689832 0.0655139 0.060955 0.055747 0.0502484 0.0447271 0.0393629 0.034254 0.0294243 0.0248386 0.0204414 0.0162151 0.0122301 0.00864707
 0.00743518 0.0121817 0.0185259 0.0264656 0.0357599 0.0457713 0.0554402 0.0635511 0.0691713 0.0719413 0.0720378 0.0699343 0.0661834 0.0613098 0.0557714 0.0499399 0.0440932 0.0384205 0.0330323 0.0279719 0.0232318 0.0187867 0.0146386 0.0108525 0.00755233
 0.00754341 0.0123592 0.0187964 0.0268529 0.0362846 0.0464444 0.0562557 0.064482 0.0701713 0.0729511 0.0729921 0.0707691 0.0668409 0.0617434 0.055948 0.0498412 0.043714 0.0377683 0.032129 0.0268585 0.021974 0.0174755 0.0133809 0.00974955 0.00667437
 0.00759857 0.0124496 0.0189341 0.0270507 0.0365545 0.0467957 0.0566918 0.0649984 0.0707551 0.0735816 0.0736417 0.0714023 0.0674155 0.0622129 0.0562667 0.0499693 0.0436233 0.0374455 0.0315793 0.0261092 0.0210776 0.0165082 0.0124331 0.00890713 0.00599822
 0.00767117 0.0125569 0.0190759 0.0272209 0.0367443 0.0469982 0.0569059 0.0652289 0.07101 0.0738687 0.0739639 0.0717548 0.067783 0.0625687 0.0565739 0.0501852 0.0437058 0.0373612 0.0313115 0.0256644 0.020489 0.0158345 0.0117483 0.00828428 0.00549072
 0.00771168 0.0126196 0.0191639 0.0273338 0.0368774 0.0471419 0.0570471 0.0653542 0.0711125 0.0739529 0.0740469 0.0718596 0.0679279 0.0627574 0.0567915 0.0503994 0.0438735 0.037438 0.031262 0.0254728 0.020166 0.0154173 0.0112933 0.00785155 0.00512779
 0.00777338 0.0127111 0.0192851 0.027479 0.0370364 0.047303 0.0571986 0.0654852 0.0712136 0.0740178 0.0740759 0.071862 0.0679209 0.0627613 0.0568211 0.0504557 0.0439401 0.0374843 0.0312527 0.0253801 0.0199808 0.0151549 0.0109892 0.00755022 0.00486769
 0.00782329 0.0127906 0.0194014 0.027636 0.0372326 0.0475286 0.0574337 0.0657026 0.0713855 0.0741245 0.0741115 0.0718337 0.067846 0.0626617 0.0567184 0.0503668 0.0438716 0.0374291 0.031192 0.0252906 0.0198462 0.0149744 0.0107793 0.00733846 0.00468136
 0.0078627 0.0128512 0.019486 0.0277453 0.0373652 0.0476813 0.0576009 0.065875 0.0715494 0.0742632 0.0742082 0.0718766 0.067832 0.062598 0.0566205 0.0502535 0.0437592 0.0373263 0.031097 0.0251935 0.0197351 0.0148433 0.0106334 0.00719194 0.00455118
 0.00787386 0.0128683 0.0195098 0.0277759 0.0374021 0.0477237 0.0576483 0.0659272 0.0716066 0.0743254 0.0742738 0.0719407 0.0678867 0.0626342 0.0566321 0.05024 0.0437261 0.037281 0.0310451 0.0251355 0.0196678 0.014764 0.010544 0.00710025 0.00446758
 0.00788505 0.0128814 0.0195205 0.0277772 0.0373871 0.0476888 0.0575961 0.0658669 0.0715512 0.0742881 0.0742641 0.0719625 0.0679373 0.0627052 0.0567111 0.0503143 0.0437858 0.0373213 0.0310653 0.0251369 0.0196519 0.0147325 0.0105002 0.0070502 0.00441886
 0.00788862 0.0128861 0.0195251 0.0277794 0.037383 0.0476734 0.0575645 0.0658161 0.071483 0.0742105 0.0741909 0.0719097 0.0679173 0.0627231 0.0567631 0.0503893 0.0438695 0.0374 0.0311292 0.0251807 0.0196742 0.0147352 0.0104874 0.00702766 0.00439309
 0.00790695 0.0129101 0.0195507 0.0277991 0.0373883 0.047658 0.0575263 0.0657582 0.0714114 0.0741322 0.0741134 0.0718407 0.0678659 0.0626978 0.0567694 0.050427 0.0439317 0.0374752 0.0312044 0.0252449 0.0197209 0.0147623 0.0104971 0.00702476 0.00438335
 0.00791204 0.012916 0.0195549 0.0277974 0.0373751 0.0476274 0.0574742 0.0656836 0.0713182 0.0740296 0.0740138 0.0717573 0.0678095 0.0626748 0.0567816 0.0504725 0.0440048 0.0375669 0.031303 0.0253385 0.0197996 0.0148206 0.0105343 0.00704415 0.00439035
 0.00788992 0.0128802 0.0195014 0.0277228 0.0372776 0.0475082 0.0573383 0.0655403 0.0711795 0.0739075 0.0739187 0.0716975 0.0677901 0.0626979 0.0568458 0.0505726 0.0441327 0.0377118 0.0314527 0.0254807 0.0199236 0.0149192 0.0106052 0.00708971 0.00441609
 0.00786961 0.0128448 0.019444 0.0276358 0.0371552 0.0473494 0.0571504 0.0653385 0.0709843 0.0737395 0.0737946 0.071627 0.0677766 0.0627393 0.0569363 0.0507035 0.0442934 0.0378903 0.0316359 0.0256556 0.0200786 0.0150461 0.0107004 0.00715473 0.00445607
 0.00786593 0.0128354 0.0194232 0.027596 0.0370881 0.0472489 0.0570149 0.0651733 0.0708014 0.0735562 0.0736305 0.0715008 0.0677022 0.0627236 0.0569787 0.0507974 0.0444276 0.0380515 0.0318096 0.0258274 0.0202357 0.0151787 0.0108031 0.00722734 0.00450259
 0.0078121 0.0127534 0.01931 0.0274522 0.0369174 0.047057 0.0568095 0.064964 0.0706003 0.0733772 0.0734877 0.0714072 0.0676677 0.0627536 0.0570722 0.0509474 0.0446218 0.0382738 0.0320427 0.0260541 0.0204409 0.0153514 0.0109376 0.0073235 0.00456534
 0.0078078 0.0127367 0.0192676 0.0273669 0.0367739 0.0468503 0.056551 0.0646811 0.0703275 0.0731452 0.0733162 0.0713037 0.0676322 0.0627824 0.0571609 0.0510897 0.0448088 0.0384927 0.0322775 0.0262875 0.0206563 0.0155358 0.0110834 0.00742937 0.00463552
 0.00777373 0.0126843 0.0191937 0.0272692 0.0366493 0.0466943 0.0563587 0.0644517 0.0700696 0.0728803 0.0730758 0.0711208 0.0675312 0.0627732 0.057239 0.0512413 0.0450158 0.0387364 0.0325387 0.0265473 0.0208971 0.0157432 0.0112486 0.00755035 0.00471649
 0.00773956 0.0126289 0.0191108 0.0271536 0.0364992 0.0465126 0.0561545 0.0642388 0.0698624 0.0726901 0.0729104 0.0709881 0.0674419 0.0627405 0.0572736 0.0513463 0.0451845 0.0389536 0.0327844 0.0268 0.0211366 0.0159531 0.0114184 0.00767638 0.00480186
 0.00933489 0.0148595 0.0217974 0.029906 0.0388295 0.0480169 0.0566567 0.0638169 0.0687642 0.0712082 0.0712899 0.0693928 0.0659635 0.0614229 0.0561355 0.0503939 0.0444161 0.0383601 0.032349 0.0264994 0.0209438 0.01584 0.0113594 0.00765029 0.00479317
 0.00932659 0.0151418 0.0227434 0.031977 0.0423738 0.0529977 0.06248 0.0694286 0.0730243 0.073341 0.0711401 0.0673651 0.0627441 0.057686 0.0523766 0.0469041 0.0413342 0.0357354 0.030185 0.024775 0.0196221 0.0148722 0.0106875 0.00721184 0.00452649
 0.00898128 0.0146011 0.0219902 0.031066 0.0414844 0.0524683 0.0627657 0.0709375 0.0758711 0.0771647 0.0751504 0.0706417 0.0646193 0.0579757 0.0513474 0.0450556 0.0391653 0.0336093 0.0283066 0.0232288 0.0184198 0.0139864 0.0100713 0.00680976 0.00428226
 0.00879648 0.0142919 0.0215094 0.0303683 0.0405446 0.0513139 0.0615188 0.0698413 0.075268 0.0774004 0.0764179 0.0728363 0.0673097 0.0605438 0.053237 0.045984 0.0391775 0.0329766 0.0273625 0.022245 0.0175593 0.0133158 0.00959364 0.00649594 0.00409195
 0.00872257 0.0141621 0.0212953 0.0300358 0.0400588 0.0506509 0.0606804 0.0688725 0.0742725 0.0765475 0.0759271 0.0729221 0.0680878 0.0619424 0.0549787 0.0476748 0.0404647 0.0336821 0.027516 0.022017 0.0171553 0.0128968 0.00924826 0.00625099 0.00393767
 0.00870542 0.0141311 0.0212422 0.0299484 0.0399207 0.050442 0.0603798 0.068464 0.0737542 0.075946 0.0753112 0.0724073 0.0678199 0.0620504 0.0555101 0.0485483 0.0414815 0.0346015 0.0281561 0.0223181 0.0171746 0.0127511 0.00905064 0.00607426 0.0038107
 0.00869899 0.014121 0.0212272 0.0299268 0.0398895 0.0503954 0.0603082 0.0683538 0.0735893 0.0757128 0.0750068 0.072052 0.0674661 0.0617818 0.0554193 0.0486976 0.0418631 0.0351266 0.0286878 0.0227315 0.0174077 0.012816 0.00900648 0.00598728 0.0037271
 0.00869096 0.0141067 0.0212036 0.0298906 0.039838 0.0503285 0.0602285 0.0682657 0.073496 0.0756126 0.074893 0.0719162 0.0673074 0.0616162 0.0552849 0.0486457 0.041936 0.035331 0.0289826 0.0230425 0.0176617 0.0129728 0.00906811 0.00598457 0.00369634
 0.00865484 0.0140529 0.0211318 0.0298035 0.0397405 0.0502259 0.0601259 0.0681679 0.0734077 0.0755382 0.0748347 0.0718725 0.0672731 0.061586 0.0552601 0.0486393 0.0419703 0.0354262 0.0291414 0.023242 0.0178615 0.013134 0.00917086 0.00603219 0.00370681
 0.00866713 0.014068 0.0211455 0.0298093 0.0397319 0.0501992 0.0600826 0.0681141 0.0733512 0.0754846 0.0747858 0.0718272 0.067229 0.0615417 0.0552164 0.0486011 0.0419476 0.035432 0.0291852 0.0233224 0.0179634 0.0132345 0.00924995 0.00608124 0.00372912
 0.00863458 0.0140225 0.0210907 0.0297523 0.0396808 0.0501587 0.0600518 0.0680875 0.0733227 0.0754524 0.0747533 0.0718005 0.0672131 0.0615379 0.0552226 0.0486147 0.0419682 0.0354628 0.0292307 0.0233847 0.0180384 0.0133119 0.00931757 0.00613065 0.00375881
 0.00864919 0.0140385 0.021101 0.0297468 0.0396504 0.0501011 0.059975 0.0680073 0.0732563 0.0754094 0.0747334 0.0717965 0.0672166 0.061544 0.0552304 0.0486253 0.0419832 0.035484 0.0292602 0.0234237 0.0180858 0.0133628 0.00936524 0.00616895 0.00378492
 0.0086431 0.014034 0.0211034 0.029763 0.0396847 0.0501511 0.0600289 0.0680479 0.0732683 0.075388 0.0746858 0.0717371 0.0671594 0.0614966 0.0551944 0.0485993 0.0419657 0.0354749 0.0292602 0.0234335 0.0181046 0.0133879 0.00939212 0.00619305 0.00380319
 0.00862539 0.0140076 0.0210686 0.0297225 0.039644 0.0501181 0.0600125 0.0680543 0.0732979 0.0754328 0.074732 0.0717713 0.0671744 0.061494 0.0551813 0.0485835 0.0419529 0.0354677 0.0292596 0.0234396 0.0181168 0.0134047 0.00941076 0.00621052 0.00381719
 0.00863006 0.0140095 0.0210613 0.029697 0.0395923 0.0500378 0.0599103 0.0679465 0.0732052 0.0753736 0.0747158 0.0717956 0.0672274 0.0615599 0.0552466 0.0486407 0.0420004 0.0355074 0.0292944 0.0234715 0.0181467 0.0134322 0.00943514 0.0062306 0.00383225
#pred catch len freq
 0.00462677 0.00729181 0.0105791 0.0143859 0.0186487 0.0233298 0.0283447 0.0335188 0.0386171 0.0434054 0.0476903 0.0513364 0.0542752 0.0565021 0.0580571 0.0589985 0.0593841 0.0592506 0.0585686 0.0571701 0.0547018 0.0506995 0.0448324 0.0372168 0.0285685
 0.00484241 0.00756461 0.0108493 0.014559 0.0186322 0.0230855 0.0279224 0.0330433 0.0382285 0.0431885 0.0476377 0.0513656 0.054284 0.0564295 0.0579167 0.0588725 0.0593808 0.0594454 0.0589554 0.0576514 0.0551273 0.0509358 0.0448244 0.0370045 0.0282531
 0.00506153 0.00791179 0.0113494 0.0152142 0.0194053 0.0238857 0.0286092 0.0334639 0.0382835 0.0428875 0.0471002 0.0507575 0.0537329 0.0559774 0.0575381 0.0585319 0.0590799 0.0592238 0.0588509 0.057655 0.0551711 0.0509258 0.0446947 0.036753 0.0279356
 0.00530645 0.00829265 0.0118921 0.0159355 0.0203143 0.0249802 0.0298615 0.0347981 0.0395615 0.0439249 0.0477205 0.0508627 0.053347 0.0552288 0.0565931 0.0575274 0.0580974 0.0583045 0.0580177 0.0569161 0.0545125 0.0503146 0.0441021 0.0361783 0.0274099
 0.00558585 0.00872548 0.0125047 0.0167413 0.0213163 0.0261739 0.0312333 0.036317 0.041168 0.0455187 0.0491553 0.0519601 0.053938 0.0552122 0.0559768 0.0564245 0.0566784 0.0567374 0.0564305 0.0553886 0.0530873 0.049013 0.0429402 0.0351777 0.0265954
 0.00587419 0.00917538 0.0131476 0.0175965 0.0223915 0.0274658 0.0327234 0.0379673 0.0429186 0.0472891 0.050844 0.0534429 0.0550698 0.0558436 0.0559895 0.0557732 0.0554146 0.0549986 0.0543983 0.0532429 0.0509765 0.0470494 0.0412063 0.0337319 0.0254692
 0.00621946 0.009707 0.0138938 0.0185678 0.0235853 0.0288719 0.0343235 0.0397287 0.0447867 0.0491857 0.0526706 0.0550866 0.0564089 0.0567527 0.0563482 0.0554852 0.0544363 0.0533658 0.0522334 0.0507347 0.0483436 0.0445025 0.0389211 0.0318306 0.0240099
 0.00658256 0.0102679 0.014684 0.0195998 0.0248549 0.0303618 0.0360033 0.041551 0.0466872 0.0510869 0.0544865 0.0567251 0.0577727 0.0577397 0.0568541 0.0554109 0.053705 0.051949 0.0501786 0.0481795 0.0455043 0.0416374 0.0362791 0.0296026 0.0222959
 0.00695485 0.0108458 0.0155041 0.0206805 0.0261982 0.0319546 0.0378135 0.0435217 0.0487361 0.053113 0.0563823 0.0583877 0.0591109 0.0586745 0.0573142 0.0553269 0.0530118 0.0506021 0.0481837 0.045624 0.0425713 0.0385871 0.0333966 0.0271297 0.0203747
 0.0073258 0.0114224 0.0163235 0.0217631 0.0275489 0.0335639 0.0396533 0.0455386 0.0508476 0.0552129 0.058351 0.0601059 0.0604721 0.0595941 0.0577297 0.0551916 0.052287 0.0492594 0.0462236 0.0431083 0.0396505 0.0355004 0.0304311 0.0245484 0.0183471
 0.00771364 0.0120222 0.0171704 0.0228728 0.0289209 0.0351848 0.0414948 0.0475498 0.0529513 0.0573071 0.0603178 0.0618229 0.0618262 0.0604923 0.0581054 0.0550027 0.0515093 0.0478833 0.044263 0.0406233 0.0367753 0.0324525 0.0274821 0.0219595 0.0162967
 0.00806339 0.0125663 0.0179443 0.0238958 0.0301969 0.0367029 0.0432253 0.0494396 0.0549228 0.0592644 0.0621551 0.0634333 0.0631086 0.061359 0.0584872 0.0548515 0.0507973 0.0466024 0.0424313 0.0383014 0.0340881 0.0295977 0.0247086 0.0195112 0.014346
 0.00835389 0.0130249 0.01861 0.024798 0.0313533 0.0381154 0.0448716 0.0512659 0.0568439 0.0611725 0.0639333 0.064969 0.0643048 0.0621403 0.058801 0.0546643 0.0500914 0.0453757 0.0407043 0.0361328 0.0315931 0.0269556 0.0221439 0.0172449 0.012536
 0.00861624 0.0134309 0.0191844 0.0255543 0.0322974 0.0392494 0.046191 0.0527514 0.0584514 0.0628284 0.0655377 0.0664083 0.0654685 0.0629372 0.0591675 0.0545646 0.0495116 0.0443199 0.0391969 0.0342307 0.0294008 0.024632 0.019886 0.0152467 0.0109368
 0.0089684 0.0139604 0.0199019 0.0264438 0.0333247 0.0403758 0.0473823 0.0539786 0.0596862 0.0640381 0.0666815 0.0674337 0.0663118 0.0635287 0.0594416 0.0544692 0.0490152 0.0434137 0.037898 0.032589 0.0275086 0.0226277 0.0179395 0.0135241 0.00955753
 0.00933342 0.0145212 0.0206848 0.0274502 0.0345313 0.0417363 0.0488281 0.0554222 0.0610335 0.0652066 0.0676154 0.0681073 0.0667205 0.0636754 0.059325 0.05408 0.0483387 0.0424395 0.0366314 0.0310641 0.0257986 0.0208467 0.0162287 0.0120212 0.00835991
 0.00952725 0.0148349 0.0211544 0.0281091 0.0354039 0.0428281 0.0501135 0.0568362 0.0624754 0.0665558 0.0687542 0.0689437 0.0672044 0.0638014 0.059121 0.0535869 0.047593 0.0414656 0.035449 0.0297025 0.0243133 0.0193255 0.0147827 0.0107593 0.00735873
 0.00955931 0.0148977 0.0212703 0.0283098 0.0357284 0.0433166 0.0507971 0.0577244 0.063544 0.0677398 0.0699503 0.070027 0.0680554 0.0643328 0.0592938 0.0534093 0.0471049 0.0407193 0.0344961 0.0285937 0.0231072 0.0180971 0.0136202 0.00974785 0.00655761
 0.00956654 0.0149047 0.0212733 0.0283059 0.0357215 0.0433243 0.0508554 0.0578842 0.0638577 0.0682416 0.070638 0.0708523 0.0689277 0.0651378 0.05992 0.0537743 0.0471701 0.0404899 0.0340094 0.0279064 0.0222877 0.0172225 0.0127715 0.00899863 0.00595871
 0.00959637 0.014949 0.0213318 0.0283745 0.0357927 0.0433887 0.0509055 0.0579201 0.0638943 0.0683112 0.0707842 0.0711137 0.0693166 0.0656256 0.0604379 0.0542305 0.0474763 0.0405852 0.0338734 0.0275592 0.021781 0.0166273 0.0121644 0.00844822 0.00551214
 0.00968994 0.0150808 0.0214928 0.028544 0.0359444 0.0435007 0.0509676 0.0579347 0.0638724 0.0682686 0.0707412 0.0710963 0.0693545 0.0657423 0.0606364 0.0544825 0.047725 0.0407615 0.0339194 0.0274476 0.0215225 0.016265 0.0117596 0.00806162 0.00518884
 0.00973636 0.0151471 0.021575 0.0286311 0.0360201 0.0435466 0.0509675 0.0578797 0.063765 0.0681252 0.0705898 0.0709705 0.0692857 0.0657532 0.0607364 0.0546635 0.0479582 0.0409995 0.0341069 0.0275382 0.0214954 0.0161313 0.0115564 0.00783688 0.00498446
 0.0097142 0.0151198 0.0215497 0.0286188 0.0360309 0.0435835 0.0510217 0.0579313 0.0637902 0.068106 0.0705227 0.0708691 0.0691774 0.065671 0.060709 0.0547066 0.0480689 0.0411549 0.0342689 0.0276649 0.0215547 0.0161126 0.0114729 0.00771799 0.00486225
 0.00973236 0.015143 0.0215736 0.0286373 0.0360399 0.0435858 0.0510282 0.0579566 0.0638429 0.0681803 0.0705972 0.0709164 0.0691781 0.0656244 0.0606336 0.0546318 0.048021 0.0411465 0.0342936 0.0277013 0.0215767 0.0161019 0.0114263 0.00764673 0.00478459
 0.00982129 0.0152635 0.0217101 0.0287598 0.0361117 0.0435765 0.0509262 0.0577745 0.0636147 0.0679513 0.0704107 0.0708001 0.0691367 0.0656422 0.0606862 0.0546991 0.0480943 0.0412256 0.0343787 0.0277861 0.0216489 0.0161487 0.0114418 0.00763482 0.00475652
 0.0100509 0.0156012 0.0221514 0.0292746 0.0366495 0.0440765 0.0513278 0.0580261 0.0636828 0.0678303 0.0701275 0.0704084 0.0687013 0.0652202 0.0603141 0.0543909 0.0478484 0.0410343 0.0342341 0.0276804 0.0215728 0.0160916 0.0113945 0.00759227 0.00471839
 0.0101354 0.0157396 0.0223607 0.029569 0.0370344 0.0445407 0.0518362 0.0585204 0.0640918 0.0680885 0.0701931 0.0702748 0.0683982 0.0648043 0.0598525 0.0539431 0.0474543 0.0407115 0.0339833 0.027493 0.0214365 0.0159938 0.0113239 0.00754061 0.00468036
 0.0101131 0.0157176 0.0223545 0.0296037 0.0371401 0.0447436 0.0521488 0.0589332 0.0645696 0.0685722 0.0706096 0.0705542 0.0684932 0.0647048 0.0595875 0.0535697 0.0470387 0.0403109 0.033635 0.0272131 0.021225 0.0158413 0.011218 0.0074692 0.00463356
 0.0100995 0.0156999 0.0223371 0.0295956 0.037156 0.0448035 0.0522756 0.0591467 0.0648781 0.0689632 0.0710448 0.0709726 0.0688249 0.0648896 0.0595932 0.0534014 0.0467361 0.0399338 0.0332451 0.0268584 0.0209326 0.0156192 0.0110607 0.00736449 0.00456791
 0.00998924 0.0155355 0.0221176 0.029331 0.0368656 0.0445135 0.052017 0.0589547 0.0647891 0.069008 0.0712388 0.071306 0.0692583 0.0653587 0.0600239 0.0537304 0.0469285 0.0399904 0.033196 0.0267481 0.0208036 0.0155013 0.0109683 0.00729989 0.00452675
 0.0098313 0.0152945 0.0217844 0.0289087 0.0363696 0.0439703 0.0514648 0.0584422 0.0643718 0.0687394 0.0711603 0.0714386 0.0695955 0.065864 0.060634 0.0543658 0.0475119 0.0404651 0.0335373 0.0269629 0.02092 0.0155537 0.0109861 0.00730276 0.00452489
 0.00954569 0.0148733 0.0212303 0.0282512 0.035655 0.043247 0.0507727 0.0578141 0.0638401 0.0683424 0.0709404 0.0714332 0.0698253 0.0663224 0.0612828 0.055139 0.0483268 0.0412392 0.0342056 0.0274899 0.0213012 0.0158082 0.0111441 0.00739472 0.00457534
 0.00929461 0.014492 0.0207075 0.0275958 0.0348964 0.0424303 0.0499559 0.0570621 0.0632152 0.0678921 0.0706916 0.071395 0.0699961 0.0666942 0.0618378 0.055843 0.0491256 0.0420634 0.0349835 0.0281627 0.0218353 0.0161979 0.011406 0.00755729 0.00466873
 0.00895573 0.0139871 0.0200326 0.0267768 0.0339797 0.0414698 0.0490042 0.0561719 0.0624428 0.0672971 0.0703278 0.0712985 0.0701762 0.0671327 0.0624954 0.0566678 0.0500577 0.0430369 0.0359296 0.0290177 0.0225513 0.0167515 0.0118002 0.00781527 0.00482369
 0.00893669 0.0139212 0.01987 0.0264523 0.033433 0.0406744 0.0479918 0.0550339 0.0613067 0.0662913 0.0695547 0.0708231 0.0700279 0.0673092 0.0629666 0.0573802 0.0509414 0.0440133 0.0369187 0.0299455 0.0233583 0.0174006 0.012281 0.00814185 0.00502638
