SBPRF35
8.29914
Curr Bio
692097
B35
552305
F35
0.206746
FOFL
0.206746
OFL
127263
Bzero
2.37118e+006
#pred survey bio
 3.84987e+006 3.0743e+006 2.55089e+006 2.11858e+006 1.78784e+006 1.54618e+006 1.34633e+006 1.19345e+006 1.07848e+006 1.01101e+006 941182 848891 773016 704592 635273 613600 595055 560159 539165 528265 505442 487688 481823 497447 516392 534993 566198 606728 625736 622849 617156 588818 519942 534428 561782 582574 581106 577586 571257 543335 535399 560733 574986 586909 625273 701438 1.82631e+007 1.6571e+007 1.65238e+007 1.66736e+007 1.69528e+007 1.72816e+007 1.76038e+007 1.78894e+007 1.8127e+007 1.8317e+007 1.8465e+007 1.85784e+007 1.86645e+007 1.87295e+007 1.87784e+007 1.88153e+007 1.88432e+007 1.88643e+007 1.88803e+007 1.88926e+007 1.89019e+007 1.89091e+007 1.89146e+007 1.89188e+007 1.89221e+007 1.89246e+007 1.89266e+007 1.89281e+007 1.89292e+007 1.89302e+007 1.89309e+007 1.89314e+007 1.89318e+007 1.89322e+007 1.89324e+007 1.89326e+007 1.89328e+007 1.89329e+007 1.8933e+007 1.89331e+007 1.89331e+007 1.89332e+007 1.89332e+007 1.89333e+007 1.89333e+007 1.89333e+007 1.89333e+007 1.89333e+007 1.89333e+007 1.89333e+007 1.89333e+007 1.89333e+007 1.89333e+007 1.89334e+007 1.89334e+007 1.89334e+007 1.89334e+007 1.89334e+007 1.89334e+007 1.89334e+007 1.89334e+007 1.89334e+007 1.89334e+007 1.89334e+007 1.89334e+007 1.89334e+007 1.89334e+007 1.89334e+007 1.89334e+007 1.89334e+007 1.89334e+007 1.89334e+007 1.89334e+007 1.89334e+007 1.89334e+007 1.89334e+007 1.89334e+007 1.89334e+007 1.89334e+007 1.89334e+007 1.89334e+007 1.89334e+007 1.89334e+007 1.89334e+007 1.89334e+007 1.89334e+007 1.89334e+007 1.89334e+007 1.89334e+007 1.89334e+007 1.89334e+007 1.89334e+007 1.89334e+007 1.89334e+007 1.89334e+007 1.89334e+007 1.89334e+007 1.89334e+007 1.89334e+007 1.89334e+007 0 0 0 0 0 0 0 0 0 0 0 0 0 0 0 0 0 0 0 0 0 0 0 0 0
#obs survey bio
 3.96185e+006 2.58517e+006 2.37641e+006 1.96214e+006 1.71318e+006 1.29416e+006 1.63356e+006 874225 1.22659e+006 1.02141e+006 782897 764037 683237 700460 701432 674534 683984 496152 577847 602530 480863 336064 496251 486079 471745 528702 637516 647823 804852 452978 690842 819453 320477 715794 656163 525513 552051 568513 581878 556900 434758 619084 631905 467702 657999 811388
#pred catch bio
 337461 260716 281874 313174 308797 331543 292336 279424 248845 249273 252711 215576 179858 175876 139931 139080 136096 127905 111843 109707 103507 112354 99980.8 93319.5 97353.1 91382.8 92694.9 95233.2 90781.4 88328.7 92421.9 90701 89471.8 86745 81863.1 90326.8 91942.2 94990.4 85064.8 87004.3 86321.5 90950.7 89070.2 89673.5 85459 86483.7 127263 126022 124482 124427 125621 127294 128982 130456 131639 132536 133189 133651 133970 134186 134331 134428 134491 134533 134559 134577 134588 134595 134600 134603 134605 134606 134607 134607 134608 134608 134608 134608 134608 134608 134608 134608 134608 134608 134608 134608 134608 134608 134608 134608 134608 134608 134608 134608 134608 134608 134608 134608 134608 134608 134608 134608 134608 134608 134608 134608 134608 134608 134608 134608 134608 134608 134608 134608 134608 134608 134608 134608 134608 134608 134608 134608 134608 134608 134608 134608 134608 134608 134608 134608 134608 134608 134608 134608 134608 134608 134608 134608 134608 134608 134608 134608 134608 134608 134608 134608 0 0 0 0 0 0 0 0 0 0 0 0 0 0 0 0 0 0 0 0 0 0 0 0 0
#obs catch bio
 236558 260072 281708 313538 308540 333140 291782 279981 249270 249782 253270 215813 179206 176025 139816 139413 135805 128222 111797 109615 103166 112861 100202 93134.8 97434 91299.7 92877.9 95229.2 90651.8 88280.6 92490.3 90405.5 89960.6 86871.8 81717.8 90304.3 91914.7 95188.1 84838.3 87012 86488.4 90977.6 88946.1 89738.7 85530.8 86402.9
#pred cpue bio
 3.80219e+006 3.03373e+006 2.51461e+006 2.08564e+006 1.75739e+006 1.51741e+006 1.31871e+006 1.16667e+006 1.05183e+006 983900 913975 822382 747469 680483 612648 591434 573399 539609 519114 508611 486642 469524 463608 478773 497258 515178 545331 584597 603214 600732 595481 568221 500716 512465 537886 558191 557000 553740 547759 521227 513510 537791 551634 563169 599813 673071 1.75566e+007 1.59614e+007 1.58704e+007 1.59758e+007 1.62444e+007 1.65715e+007 1.68935e+007 1.7179e+007 1.74167e+007 1.76067e+007 1.77547e+007 1.78681e+007 1.79541e+007 1.80191e+007 1.80681e+007 1.8105e+007 1.81328e+007 1.81539e+007 1.817e+007 1.81822e+007 1.81915e+007 1.81987e+007 1.82042e+007 1.82084e+007 1.82117e+007 1.82142e+007 1.82162e+007 1.82177e+007 1.82189e+007 1.82198e+007 1.82205e+007 1.82211e+007 1.82215e+007 1.82218e+007 1.82221e+007 1.82223e+007 1.82224e+007 1.82226e+007 1.82227e+007 1.82227e+007 1.82228e+007 1.82228e+007 1.82229e+007 1.82229e+007 1.82229e+007 1.82229e+007 1.8223e+007 1.8223e+007 1.8223e+007 1.8223e+007 1.8223e+007 1.8223e+007 1.8223e+007 1.8223e+007 1.8223e+007 1.8223e+007 1.8223e+007 1.8223e+007 1.8223e+007 1.8223e+007 1.8223e+007 1.8223e+007 1.8223e+007 1.8223e+007 1.8223e+007 1.8223e+007 1.8223e+007 1.8223e+007 1.8223e+007 1.8223e+007 1.8223e+007 1.8223e+007 1.8223e+007 1.8223e+007 1.8223e+007 1.8223e+007 1.8223e+007 1.8223e+007 1.8223e+007 1.8223e+007 1.8223e+007 1.8223e+007 1.8223e+007 1.8223e+007 1.8223e+007 1.8223e+007 1.8223e+007 1.8223e+007 1.8223e+007 1.8223e+007 1.8223e+007 1.8223e+007 1.8223e+007 1.8223e+007 1.8223e+007 1.8223e+007 1.8223e+007 1.8223e+007 1.8223e+007 1.8223e+007 0 0 0 0 0 0 0 0 0 0 0 0 0 0 0 0 0 0 0 0 0 0 0 0 0
#obs cpue bio
 2.4285e+006 3.62464e+006 2.904e+006 2.12283e+006 1.89762e+006 1.41078e+006 1.40836e+006 1.34908e+006 834852 967471 1.14588e+006 892930 1.02469e+006 640415 511283 481081 652705 478548 511919 495660 572368 496853 429507 612738 503629 536404 388394 663427 511158 747573 511237 583431 425750 470630 525178 639383 565166 502554 679482 468876 498379 582066 556149 631738 504786 662854
#pred surv len freq
 0.00479074 0.00787403 0.0120258 0.0172724 0.0234935 0.0303194 0.0371182 0.0431677 0.0479343 0.0512451 0.0532437 0.0542178 0.054453 0.054176 0.0535581 0.0527404 0.0518559 0.0510258 0.0502985 0.0495328 0.0482974 0.0459197 0.0417629 0.0356338 0.0280431
 0.00512365 0.00837468 0.012706 0.0181229 0.0244946 0.0314553 0.0383793 0.0445362 0.0493617 0.0526389 0.0544796 0.0551763 0.055062 0.0544349 0.0535282 0.0525043 0.0514674 0.0504726 0.0494986 0.0483735 0.0467062 0.0439334 0.0395524 0.033459 0.0261582
 0.00531747 0.00871586 0.0132647 0.0189726 0.0256862 0.0329832 0.0401582 0.0464137 0.0511659 0.0542343 0.0557917 0.0561758 0.055733 0.0547597 0.0534978 0.0521349 0.050797 0.0495349 0.0482945 0.0468699 0.0448759 0.0418148 0.0372856 0.0312637 0.0242587
 0.00543847 0.00893817 0.0136485 0.0195945 0.0266276 0.0343059 0.0418753 0.0484668 0.0534198 0.0564955 0.0578478 0.0578433 0.0568943 0.0553711 0.053572 0.0517145 0.0499345 0.0482806 0.0466884 0.0449416 0.0426633 0.0393987 0.034815 0.0289414 0.0222827
 0.00560227 0.00921748 0.0140943 0.020266 0.0275843 0.0355933 0.0435075 0.050414 0.0556048 0.0587963 0.0601042 0.0598712 0.0585104 0.0564276 0.0539834 0.0514654 0.0490652 0.0468615 0.044799 0.0426645 0.0400958 0.0366737 0.032112 0.0264668 0.020219
 0.00574663 0.00946911 0.0145049 0.0208957 0.028491 0.0368144 0.0450423 0.0522169 0.057594 0.0608696 0.062151 0.0617741 0.0601435 0.0576593 0.0546906 0.0515552 0.0484943 0.0456425 0.0429945 0.0403775 0.0374659 0.0338797 0.0293657 0.0239853 0.0181763
 0.00602328 0.00991887 0.0151821 0.0218516 0.0297651 0.0384195 0.0469486 0.0543442 0.0598205 0.0630547 0.0641592 0.0634926 0.0614866 0.0585623 0.0550987 0.051416 0.0477623 0.0442955 0.0410534 0.0379215 0.0346399 0.0308883 0.0264507 0.0213826 0.0160619
 0.00633475 0.0104103 0.0158941 0.022813 0.0309891 0.0398988 0.0486473 0.0561953 0.061732 0.0649235 0.0658848 0.0649846 0.0626676 0.0593684 0.0554777 0.0513233 0.0471583 0.0431508 0.0393652 0.0357378 0.0320786 0.0281397 0.0237523 0.0189684 0.0141042
 0.00662072 0.010887 0.0166317 0.0238791 0.0324295 0.0417089 0.0507496 0.0584408 0.0639347 0.0669097 0.0675309 0.0662258 0.0634839 0.0597618 0.0554539 0.0508814 0.0462878 0.0418373 0.037606 0.033566 0.0295885 0.0254963 0.0211717 0.0166691 0.0122478
 0.00678754 0.0111637 0.0170595 0.0245035 0.0332946 0.0428466 0.0521635 0.0600921 0.0657363 0.0687337 0.0692291 0.067658 0.0645449 0.0603951 0.0556463 0.0506443 0.0456374 0.0407847 0.0361629 0.0317653 0.0275082 0.0232729 0.0189886 0.0147153 0.0106658
 0.00694452 0.0114292 0.0174781 0.0251223 0.0341532 0.0439609 0.0535116 0.0616108 0.0673337 0.0703077 0.0706807 0.068896 0.0654877 0.0609762 0.0558236 0.0504047 0.0449923 0.0397599 0.0347927 0.0300976 0.0256208 0.0212854 0.0170557 0.0129958 0.00927897
 0.0071888 0.0118237 0.0180666 0.0259433 0.0352319 0.0452966 0.0550642 0.0632957 0.0690317 0.0718881 0.0720258 0.0699182 0.0661349 0.0612281 0.0556821 0.0498854 0.0441193 0.0385647 0.0333161 0.0283954 0.0237723 0.0193999 0.0152653 0.0114303 0.00803173
 0.0073812 0.0121221 0.0184894 0.0264999 0.0359232 0.0461171 0.0559998 0.0643214 0.0701093 0.072967 0.0730451 0.0708109 0.0668342 0.0616757 0.055836 0.0497236 0.0436392 0.0377809 0.0322593 0.0271158 0.0223437 0.0179212 0.0138512 0.0101902 0.00704278
 0.00745462 0.0122403 0.0186649 0.0267428 0.0362388 0.046503 0.0564447 0.0648082 0.0706229 0.0735003 0.0735983 0.0713806 0.0674006 0.0621955 0.0562474 0.0499602 0.0436461 0.037526 0.0317396 0.0263594 0.0214096 0.0168954 0.0128347 0.00927945 0.0063068
 0.00764555 0.01254 0.0190954 0.0273153 0.0369498 0.0473285 0.0573362 0.0656938 0.0714204 0.0741379 0.0740338 0.0716097 0.0674504 0.0621077 0.0560571 0.0496815 0.0432696 0.0370295 0.0311047 0.0255874 0.0205313 0.01597 0.0119393 0.00848957 0.00567571
 0.00759081 0.0124602 0.0189929 0.0272001 0.0368392 0.0472455 0.057307 0.0657444 0.0715704 0.0743943 0.0743853 0.0720278 0.067896 0.0625403 0.0564419 0.0499905 0.0434779 0.0371121 0.03104 0.025366 0.0201667 0.0155029 0.011431 0.00800641 0.00527027
 0.00759233 0.0124583 0.0189823 0.0271745 0.0367941 0.0471832 0.0572393 0.0656922 0.0715588 0.0744445 0.0745091 0.0722241 0.068151 0.06283 0.0567366 0.0502586 0.0436896 0.0372408 0.0310641 0.0252733 0.0199606 0.0152076 0.011089 0.00766793 0.00497823
 0.00771537 0.0126378 0.019214 0.02744 0.0370649 0.0474277 0.0574303 0.0658111 0.0715994 0.074415 0.0744308 0.0721264 0.0680625 0.0627705 0.056712 0.0502609 0.0436998 0.0372343 0.0310163 0.0251658 0.0197874 0.0149786 0.0108299 0.00741233 0.00475692
 0.00780406 0.0127836 0.0194351 0.02775 0.0374656 0.047899 0.0579247 0.0662598 0.0719309 0.07458 0.0744179 0.0719621 0.0677977 0.0624619 0.0564073 0.04999 0.0434724 0.0370433 0.0308439 0.0249919 0.0195979 0.0147714 0.0106155 0.0072095 0.00458458
 0.00778465 0.0127475 0.0193734 0.027655 0.0373358 0.0477463 0.0577766 0.066153 0.0718965 0.074628 0.0745327 0.0721106 0.0679463 0.0625905 0.0565125 0.0500791 0.0435543 0.03712 0.0309089 0.0250329 0.0196036 0.0147377 0.0105489 0.00712519 0.00450011
 0.0078308 0.0128129 0.0194535 0.0277382 0.0374057 0.0477855 0.0577722 0.0661018 0.0718084 0.0745252 0.074443 0.0720565 0.0679355 0.0626143 0.0565537 0.0501223 0.0435914 0.0371494 0.0309301 0.0250431 0.0195975 0.0147116 0.0105043 0.00706938 0.00444354
 0.00780324 0.0127797 0.0194243 0.0277277 0.0374273 0.0478433 0.0578547 0.0661841 0.071862 0.0745312 0.0744007 0.0719833 0.0678586 0.0625581 0.0565309 0.0501312 0.0436213 0.0371874 0.0309657 0.0250692 0.0196098 0.014708 0.0104859 0.00704075 0.00441147
 0.00783773 0.0128445 0.019538 0.0279124 0.0377032 0.0482183 0.0583153 0.0666903 0.0723519 0.0749333 0.0746517 0.072045 0.0677289 0.0622712 0.0561442 0.0497073 0.0432104 0.0368203 0.0306547 0.0248147 0.019406 0.0145476 0.0103618 0.00694728 0.0043439
 0.00790852 0.0129209 0.0195833 0.0278739 0.0375323 0.0479006 0.0578908 0.0662494 0.0720034 0.0747613 0.074685 0.0722527 0.0680397 0.0626041 0.056436 0.0499263 0.0433556 0.0369082 0.0307062 0.0248452 0.0194238 0.0145557 0.0103618 0.00694104 0.00433432
 0.00796321 0.0129968 0.0196714 0.027952 0.0375645 0.047841 0.0576944 0.065891 0.0714993 0.0741823 0.074144 0.0718677 0.067888 0.0626947 0.0567144 0.0503053 0.0437513 0.0372643 0.0309974 0.0250691 0.0195885 0.0146718 0.0104391 0.00698836 0.00436017
 0.00805769 0.0131411 0.0198704 0.0282016 0.0378497 0.0481337 0.0579526 0.0660608 0.0715261 0.0740286 0.0738104 0.0714029 0.0673813 0.0622478 0.0564056 0.0501638 0.0437557 0.0373617 0.0311315 0.0251986 0.0196929 0.0147463 0.0104873 0.00701673 0.00437497
 0.00803361 0.0131045 0.0198203 0.0281391 0.0377781 0.0480581 0.0578788 0.0659936 0.0714657 0.0739685 0.0737373 0.0713038 0.0672535 0.0621085 0.0562903 0.0501135 0.0437967 0.0374928 0.0313246 0.0254134 0.0198929 0.0149092 0.010606 0.00709513 0.00442208
 0.00797588 0.0130116 0.0196826 0.0279498 0.037536 0.0477717 0.0575693 0.0656933 0.0712115 0.0737909 0.073651 0.0713045 0.0673217 0.0622188 0.0564236 0.050264 0.0439706 0.0376983 0.0315608 0.0256651 0.0201356 0.0151194 0.0107696 0.00720975 0.00449458
 0.00798178 0.0130072 0.0196503 0.0278652 0.0373746 0.04752 0.0572341 0.0653046 0.0708156 0.073439 0.0733872 0.0711566 0.0672972 0.0623056 0.0565955 0.0504908 0.0442274 0.0379693 0.0318368 0.0259371 0.020391 0.0153429 0.0109491 0.00734056 0.00458066
 0.00796075 0.012972 0.0195948 0.0277813 0.0372517 0.0473458 0.0569979 0.0650031 0.0704597 0.0730579 0.0730264 0.0708678 0.067124 0.0622711 0.0566976 0.0507058 0.0445197 0.0383021 0.0321794 0.0262666 0.0206902 0.015599 0.0111534 0.0074907 0.00468123
 0.00788327 0.0128571 0.0194424 0.027598 0.0370488 0.0471346 0.0567863 0.0647944 0.0702537 0.0728539 0.0728277 0.0706866 0.0669827 0.0621979 0.0567169 0.0508283 0.0447374 0.038591 0.0325067 0.0265992 0.0210004 0.0158671 0.0113681 0.00764934 0.00478848
 0.00851323 0.013738 0.0205039 0.0286872 0.0379754 0.0477432 0.0570113 0.0646679 0.0698682 0.072311 0.0722041 0.0700282 0.0663176 0.061552 0.0561217 0.0503181 0.0443397 0.038318 0.0323518 0.0265408 0.0210091 0.0159134 0.0114277 0.00770564 0.00483284
 0.00938476 0.0150903 0.0224091 0.0311436 0.0408802 0.0508693 0.0600071 0.067111 0.0713813 0.0726907 0.0714855 0.0684449 0.0641922 0.0591878 0.0537467 0.0480807 0.0423302 0.0365883 0.0309255 0.0254168 0.0201653 0.0153123 0.0110234 0.00745046 0.00468275
 0.00914435 0.0148927 0.0224647 0.0317558 0.0423513 0.0533551 0.0633951 0.0709991 0.075179 0.0757917 0.0734327 0.0690297 0.0634705 0.0574232 0.0513093 0.0453428 0.0395949 0.0340634 0.0287318 0.0236087 0.0187498 0.0142627 0.01029 0.00697067 0.00439093
 0.00892445 0.0145057 0.0218425 0.0308559 0.0412143 0.0521675 0.0625041 0.0708292 0.0760539 0.0777508 0.076161 0.0719577 0.065989 0.0590938 0.0519717 0.0450973 0.0387021 0.032828 0.0274165 0.0223955 0.0177381 0.0134861 0.00973788 0.00660703 0.00416979
 0.00879803 0.0142898 0.0214964 0.0303313 0.0404635 0.0511641 0.0612784 0.0695061 0.0748708 0.0770236 0.0761843 0.0728697 0.0676747 0.061198 0.0540293 0.0467102 0.039666 0.0331543 0.0272661 0.0219804 0.0172437 0.0130342 0.00938532 0.00636339 0.00401834
 0.00874685 0.0142143 0.0213955 0.0302047 0.0403056 0.0509568 0.060989 0.0690971 0.0743247 0.0763766 0.0755504 0.0724303 0.0676197 0.0616343 0.0549084 0.0478278 0.0407436 0.0339568 0.0276861 0.0220481 0.0170758 0.0127651 0.00911749 0.00615078 0.00387424
 0.00867226 0.0141044 0.0212516 0.0300358 0.0401265 0.0507832 0.0608314 0.0689553 0.0741843 0.0762124 0.0753411 0.0721832 0.0673903 0.0615203 0.0550091 0.0481845 0.0413019 0.0345809 0.0282208 0.022389 0.0172035 0.0127307 0.00900051 0.00601953 0.00376751
 0.00867421 0.0141011 0.0212349 0.0299957 0.0400549 0.0506795 0.0607064 0.0688285 0.0740751 0.0761289 0.0752749 0.0721142 0.0673023 0.0614199 0.0549336 0.048189 0.041427 0.0348215 0.0285199 0.0226647 0.0173905 0.0128079 0.00898986 0.00596294 0.00370273
 0.00874149 0.0141839 0.0213108 0.0300275 0.0400016 0.0505132 0.0604264 0.068466 0.0736843 0.075771 0.0750007 0.0719513 0.067251 0.06146 0.0550388 0.0483426 0.0416262 0.035067 0.0287995 0.0229465 0.0176327 0.0129793 0.00908354 0.005995 0.00369938
 0.00873034 0.0141916 0.0213675 0.0301712 0.0402598 0.0508796 0.0608464 0.0688458 0.0739252 0.0758104 0.0748361 0.0716353 0.0668634 0.0610758 0.0547093 0.0480919 0.0414598 0.0349806 0.0287828 0.022981 0.0176926 0.0130377 0.00912199 0.00600885 0.00369503
 0.00861799 0.014024 0.0211453 0.0299096 0.0399909 0.0506501 0.0607099 0.0688465 0.0740768 0.0760807 0.0751524 0.0719128 0.0670412 0.0611392 0.0546855 0.0480283 0.0414006 0.0349534 0.0287964 0.0230296 0.0177613 0.0131083 0.00917961 0.00604628 0.00371335
 0.00868764 0.0141055 0.0212101 0.0299143 0.0398919 0.0504269 0.0603829 0.0684787 0.0737536 0.0758793 0.0751135 0.0720266 0.0672551 0.0613811 0.0548939 0.0481729 0.0414844 0.0350004 0.0288334 0.0230734 0.0178151 0.0131658 0.00923123 0.00608501 0.0037374
 0.00883613 0.0143227 0.0214904 0.0302321 0.040203 0.0506746 0.0605087 0.0684373 0.073532 0.0755107 0.0746746 0.0716135 0.0669469 0.0612123 0.0548494 0.0482061 0.0415453 0.0350566 0.0288748 0.0231048 0.0178444 0.0131964 0.00926122 0.00611037 0.00375543
 0.00886558 0.0143841 0.0216065 0.0304284 0.0404966 0.0510584 0.0609398 0.0688399 0.0738178 0.0756097 0.074561 0.0713156 0.0665369 0.0607803 0.0544724 0.0479263 0.0413657 0.0349539 0.0288192 0.0230738 0.0178269 0.0131882 0.00925999 0.0061134 0.00375974
 0.00846866 0.0138101 0.0208761 0.0296102 0.0396922 0.0503752 0.0604658 0.0686267 0.0738737 0.0758976 0.0750061 0.0718265 0.0670332 0.0612154 0.0548398 0.0482463 0.0416641 0.0352442 0.0290981 0.0233281 0.0180428 0.0133588 0.00938568 0.00619983 0.00381495
#obs surv len freq
 0.00496696 0.00813542 0.0123737 0.0176952 0.0239738 0.0308446 0.0376832 0.0437676 0.0485483 0.0518243 0.0537128 0.0544972 0.0544951 0.0540023 0.0532789 0.052539 0.0519288 0.051484 0.0510666 0.0503076 0.0486245 0.0453863 0.0402158 0.0332818 0.0253663
 0.00518826 0.00849663 0.01292 0.0184697 0.0250092 0.0321506 0.0392328 0.0454924 0.0503477 0.0535836 0.0553216 0.0558582 0.0555263 0.0546354 0.0534591 0.0522285 0.0511135 0.0501826 0.049338 0.0482541 0.0463895 0.0431419 0.0381386 0.0315187 0.0240031
 0.00540341 0.00885263 0.0134675 0.0192597 0.0260836 0.0335259 0.0408844 0.0473484 0.0522996 0.0555075 0.0570975 0.0573813 0.0567099 0.0554096 0.0537676 0.0520274 0.0503741 0.0489007 0.0475485 0.0460461 0.0439126 0.0405957 0.0357407 0.0294586 0.022397
 0.00563797 0.00923409 0.0140423 0.0200723 0.0271697 0.0349006 0.0425287 0.0492025 0.0542683 0.057475 0.0589441 0.0589958 0.0579963 0.0562895 0.0541794 0.0519231 0.0497184 0.0476774 0.0457752 0.0437951 0.0413265 0.0378833 0.0331447 0.0272001 0.0206198
 0.0058759 0.00962487 0.0146376 0.0209224 0.0283131 0.0363486 0.0442501 0.0511198 0.0562707 0.0594417 0.0607634 0.0605727 0.0592514 0.0571553 0.0545977 0.0518435 0.0491002 0.0464948 0.0440331 0.041551 0.0387109 0.0351022 0.0304498 0.0248305 0.0187389
 0.00612382 0.0100309 0.0152543 0.0218007 0.0294926 0.0378421 0.0460273 0.0531008 0.0583372 0.0614594 0.0626054 0.0621341 0.0604542 0.0579447 0.0549346 0.0516963 0.0484393 0.0452974 0.0422982 0.0393238 0.036108 0.0323187 0.0277337 0.0224253 0.0168173
 0.0063651 0.0104265 0.0158558 0.0226583 0.0306455 0.0393029 0.0477662 0.0550404 0.0603621 0.0634388 0.0644134 0.0636636 0.061622 0.0586924 0.0552251 0.0515069 0.0477544 0.0441069 0.0406064 0.0371727 0.0336017 0.0296357 0.0251069 0.0200888 0.0149416
 0.00661876 0.0108421 0.0164872 0.023557 0.0318501 0.0408226 0.0495639 0.0570276 0.0624121 0.0654115 0.0661797 0.0651186 0.0626894 0.0593229 0.0553914 0.0511973 0.0469666 0.0428448 0.0388867 0.0350418 0.0311587 0.0270444 0.022581 0.0178449 0.013139
 0.00684277 0.0112116 0.0170531 0.02437 0.0329504 0.0422238 0.0512365 0.0588925 0.0643517 0.0672917 0.0678722 0.0665159 0.0637113 0.0599175 0.055532 0.0508762 0.0461884 0.0416229 0.0372471 0.0330362 0.0288828 0.0246482 0.0202561 0.0157843 0.0114849
 0.00707864 0.0115962 0.0176338 0.0251915 0.0340456 0.0435996 0.0528598 0.0606845 0.0661983 0.0690644 0.0694494 0.0677963 0.0646201 0.0604075 0.0555814 0.0504834 0.0453659 0.0403933 0.0356456 0.0311201 0.0267456 0.0224276 0.0181223 0.0139058 0.0099834
 0.00729269 0.0119488 0.018173 0.0259636 0.0350853 0.0449138 0.0544119 0.0623909 0.0679412 0.070716 0.0708944 0.0689439 0.0654072 0.0607968 0.055558 0.0500504 0.0445398 0.0392015 0.0341281 0.0293366 0.0247864 0.0204175 0.0162103 0.0122357 0.0086561
 0.00743779 0.0121916 0.0185513 0.0265178 0.0358502 0.0459068 0.0556189 0.0637603 0.0693892 0.0721409 0.0721923 0.0700224 0.0661936 0.0612425 0.0556382 0.0497611 0.0438927 0.0382214 0.0328534 0.0278251 0.0231218 0.0187116 0.0145923 0.0108269 0.00753987
 0.00751545 0.0123177 0.0187416 0.0267891 0.0362203 0.0463923 0.0562315 0.0645013 0.0702444 0.0730771 0.0731572 0.0709477 0.0670032 0.0618629 0.0560085 0.0498392 0.0436589 0.0376776 0.0320236 0.0267569 0.0218891 0.0174132 0.0133407 0.00972694 0.00666362
 0.00759911 0.0124463 0.0189215 0.0270219 0.0365037 0.0467223 0.0566035 0.0649115 0.0706906 0.0735591 0.073673 0.071487 0.0675404 0.062355 0.0563993 0.0500695 0.0436779 0.0374536 0.0315509 0.02606 0.0210233 0.0164608 0.0123982 0.00888527 0.00598659
 0.00766081 0.0125416 0.0190555 0.0271953 0.0367129 0.0469589 0.0568553 0.0651644 0.0709341 0.0737905 0.0738999 0.0717234 0.0677975 0.0626311 0.0566734 0.0503012 0.0438151 0.0374455 0.0313623 0.0256838 0.0204863 0.0158211 0.0117333 0.0082728 0.00548398
 0.00771366 0.0126208 0.0191622 0.0273263 0.0368613 0.0471161 0.0570127 0.065314 0.0710692 0.0739084 0.0740028 0.0718194 0.0678989 0.0627491 0.0568111 0.0504471 0.0439408 0.0375103 0.0313247 0.0255166 0.0201891 0.0154243 0.0112911 0.00784648 0.00512333
 0.00776629 0.012701 0.0192726 0.0274649 0.0370218 0.0472876 0.057181 0.0654634 0.0711861 0.0739856 0.0740416 0.0718296 0.0678945 0.0627454 0.0568198 0.0504724 0.0439752 0.0375332 0.0313067 0.0254294 0.0200185 0.0151787 0.0110012 0.00755472 0.00486854
 0.00780845 0.0127649 0.0193599 0.0275739 0.0371472 0.0474218 0.057314 0.065584 0.0712835 0.0740514 0.0740729 0.071829 0.0678706 0.0627095 0.0567841 0.0504459 0.0439604 0.0375235 0.0312863 0.0253782 0.0199207 0.0150317 0.0108191 0.00736349 0.00469567
 0.00786192 0.0128471 0.0194745 0.0277207 0.0373211 0.0476131 0.057508 0.0657622 0.0714272 0.0741461 0.0741118 0.0718134 0.0678089 0.0626147 0.0566711 0.0503291 0.0438508 0.0374257 0.0311971 0.0252877 0.0198177 0.0149102 0.0106829 0.00722539 0.00457167
 0.00789284 0.0128973 0.0195497 0.0278255 0.0374575 0.0477779 0.0576913 0.0659473 0.0715941 0.0742762 0.0741919 0.0718384 0.0677808 0.0625414 0.0565645 0.0502031 0.0437187 0.0372979 0.0310786 0.0251778 0.0197116 0.0148038 0.010576 0.00712329 0.0044824
 0.00787852 0.0128742 0.0195159 0.0277801 0.0374025 0.0477193 0.0576397 0.0659164 0.0715959 0.0743164 0.0742671 0.0719367 0.0678858 0.0626375 0.0566403 0.0502535 0.0437443 0.0373029 0.0310681 0.0251555 0.019679 0.0147615 0.0105261 0.00707028 0.00443258
 0.00791678 0.0129258 0.019574 0.0278318 0.0374326 0.0477161 0.0576005 0.0658488 0.0715156 0.0742424 0.0742162 0.0719189 0.0679024 0.0626808 0.0566972 0.0503098 0.0437892 0.0373308 0.0310783 0.0251501 0.0196611 0.0147341 0.0104926 0.00703475 0.0043993
 0.00790602 0.0129138 0.0195654 0.0278328 0.0374471 0.0477417 0.0576257 0.0658567 0.0714918 0.0741836 0.0741341 0.0718357 0.0678414 0.0626574 0.0567143 0.0503589 0.0438552 0.0373981 0.0311351 0.0251902 0.0196832 0.0147403 0.0104867 0.00702146 0.00438341
 0.00789546 0.0128892 0.0195152 0.0277439 0.0373102 0.0475588 0.0574147 0.0656482 0.0713179 0.0740658 0.0740775 0.0718334 0.0678832 0.0627365 0.0568269 0.0505006 0.0440169 0.037566 0.0312937 0.0253266 0.0197898 0.0148155 0.0105337 0.00704657 0.00439378
 0.0078911 0.0128813 0.0195015 0.0277202 0.0372701 0.0474937 0.0573162 0.0655123 0.0711506 0.0738858 0.0739122 0.0717104 0.0678205 0.0627381 0.0568859 0.0506043 0.0441514 0.0377173 0.0314477 0.0254696 0.019911 0.0149086 0.0105983 0.00708648 0.00441534
 0.00787089 0.0128473 0.0194483 0.0276427 0.0371648 0.0473609 0.0571614 0.0653457 0.0709844 0.0737312 0.0737794 0.0716099 0.0677638 0.0627355 0.0569422 0.0507158 0.0443064 0.0378989 0.0316376 0.0256508 0.0200699 0.0150367 0.0106926 0.00714954 0.00445334
 0.00785453 0.0128195 0.0194041 0.0275768 0.0370725 0.0472402 0.0570149 0.0651816 0.0708154 0.0735723 0.0736447 0.0715102 0.0677065 0.0627248 0.0569802 0.0508017 0.0444353 0.0380606 0.0318173 0.0258315 0.0202358 0.0151759 0.0107994 0.00722406 0.00450041
 0.00782743 0.0127759 0.0193397 0.0274876 0.0369563 0.0470976 0.0568506 0.0650047 0.070639 0.0734107 0.0735117 0.0714169 0.0676603 0.062729 0.0570339 0.0509012 0.0445739 0.0382291 0.0320036 0.0260209 0.0204133 0.0153289 0.01092 0.00731076 0.00455693
 0.00781207 0.0127455 0.0192841 0.0273947 0.0368157 0.0469059 0.056616 0.0647475 0.0703864 0.0731899 0.0733436 0.0713137 0.067626 0.0627615 0.0571266 0.0510446 0.0447567 0.0384386 0.032226 0.0262419 0.0206183 0.0155056 0.0110607 0.00741335 0.00462503
 0.00777632 0.0126902 0.0192058 0.0272912 0.0366853 0.0467472 0.0564286 0.0645347 0.0701581 0.0729636 0.0731429 0.0711631 0.0675444 0.0627577 0.057199 0.0511829 0.0449458 0.0386614 0.0324649 0.0264796 0.0208392 0.0156969 0.0112139 0.00752622 0.0047009
 0.00774211 0.0126315 0.0191122 0.0271521 0.0364937 0.0465045 0.0561481 0.0642404 0.0698786 0.0727241 0.0729601 0.0710461 0.067498 0.0627845 0.0572985 0.0513495 0.0451678 0.0389216 0.0327434 0.026756 0.0210949 0.0159173 0.0113903 0.0076562 0.00478858
 0.00931977 0.0148388 0.0217733 0.0298827 0.0388115 0.0480072 0.0566553 0.0638213 0.0687722 0.0712196 0.0713071 0.0694188 0.065999 0.0614647 0.0561769 0.0504272 0.0444356 0.0383637 0.0323384 0.026479 0.0209187 0.0158152 0.011338 0.00763398 0.00478199
 0.00931989 0.0151278 0.0227171 0.0319327 0.0423077 0.0529115 0.0623827 0.0693351 0.0729509 0.0732992 0.0711335 0.0673907 0.0627953 0.0577554 0.0524564 0.0469865 0.0414113 0.0358006 0.0302342 0.0248075 0.0196403 0.01488 0.010689 0.00721049 0.0045244
 0.00898665 0.0146075 0.0219953 0.0310658 0.0414735 0.0524413 0.0627188 0.0708707 0.0757899 0.0770799 0.0750761 0.0705909 0.0646003 0.0579897 0.0513892 0.0451165 0.039235 0.0336786 0.0283681 0.0232779 0.0184549 0.0140088 0.0100839 0.0068159 0.00428475
 0.00879973 0.0142959 0.0215129 0.0303692 0.0405399 0.0513008 0.0614947 0.0698046 0.0752186 0.0773407 0.0763531 0.0727748 0.0672613 0.0605173 0.0532374 0.0460107 0.0392251 0.0330361 0.0274246 0.0223018 0.0176057 0.0133499 0.0096163 0.00650953 0.00409929
 0.0087461 0.0141975 0.0213435 0.0300951 0.0401253 0.0507187 0.0607419 0.0689191 0.0742957 0.0765417 0.0758909 0.0728592 0.0680065 0.0618546 0.0548969 0.0476095 0.0404219 0.033662 0.0275141 0.0220262 0.0171688 0.0129096 0.00925774 0.00625679 0.0039406
 0.00871376 0.014148 0.0212736 0.0300011 0.0400001 0.0505483 0.060505 0.0685925 0.0738665 0.0760242 0.0753436 0.0723909 0.067759 0.0619557 0.0553957 0.0484298 0.0413727 0.0345121 0.02809 0.0222741 0.0171479 0.0127361 0.00904229 0.0060694 0.00380765
 0.00869127 0.0141108 0.0212166 0.0299198 0.0398919 0.0504137 0.0603483 0.0684184 0.0736757 0.0758115 0.0751026 0.0721279 0.0675081 0.0617833 0.0553825 0.0486319 0.0417821 0.0350443 0.028615 0.0226744 0.0173674 0.0127902 0.00899117 0.00597868 0.00372237
 0.00869279 0.0141091 0.0212064 0.0298935 0.0398413 0.0503334 0.060238 0.0682838 0.0735267 0.0756581 0.0749514 0.0719809 0.0673674 0.0616594 0.0553016 0.0486323 0.0418958 0.0352732 0.0289187 0.0229828 0.0176129 0.0129371 0.00904456 0.00597033 0.00368834
 0.00867546 0.0140843 0.021175 0.0298578 0.0398033 0.050293 0.0601917 0.0682263 0.0734537 0.0755693 0.0748518 0.0718786 0.0672711 0.0615765 0.0552407 0.0486065 0.041922 0.035364 0.0290709 0.0231714 0.0177983 0.0130834 0.00913423 0.00600815 0.00369242
 0.0086731 0.0140804 0.0211692 0.02985 0.0397941 0.0502835 0.0601835 0.0682201 0.0734477 0.0755587 0.0748296 0.0718395 0.0672137 0.0615056 0.0551662 0.0485416 0.0418813 0.0353604 0.0291106 0.0232488 0.017896 0.0131779 0.00920675 0.00605134 0.00371039
 0.00866847 0.0140727 0.0211573 0.0298327 0.0397709 0.0502548 0.0601512 0.0681876 0.0734193 0.0755378 0.0748173 0.0718332 0.0672086 0.0614966 0.0551506 0.0485217 0.0418641 0.0353556 0.0291265 0.0232881 0.0179534 0.0132415 0.00926341 0.00609241 0.00373421
 0.00865633 0.014054 0.0211311 0.0297989 0.03973 0.0502084 0.0601019 0.0681389 0.0733756 0.0755035 0.0747962 0.0718272 0.0672169 0.0615153 0.0551747 0.0485463 0.0418871 0.0353787 0.0291539 0.0233236 0.0179971 0.0132893 0.00930837 0.00612833 0.00375837
 0.00865574 0.0140522 0.0211267 0.0297903 0.0397156 0.0501874 0.0600748 0.0681078 0.0733433 0.0754732 0.0747704 0.071808 0.0672058 0.0615131 0.0551807 0.0485584 0.0419031 0.0353969 0.0291744 0.0233474 0.018025 0.0133199 0.00933844 0.00615407 0.0037773
 0.00863069 0.0140157 0.0210796 0.0297361 0.0396591 0.0501334 0.0600264 0.0680668 0.0733107 0.0754499 0.0747578 0.0718073 0.0672175 0.0615363 0.0552137 0.0485985 0.0419471 0.035442 0.0292184 0.0233891 0.0180639 0.0133555 0.0093695 0.00617923 0.00379571
 0.00863119 0.014012 0.0210661 0.0297055 0.0396055 0.0500558 0.0599319 0.0679691 0.0732258 0.0753899 0.0747278 0.0718054 0.0672381 0.0615733 0.0552617 0.0486535 0.0420056 0.0355009 0.0292749 0.0234412 0.0181102 0.0133951 0.0094019 0.00620419 0.00381348
#pred catch len freq
 0.00365357 0.00592988 0.00894094 0.012725 0.0173029 0.0226205 0.0284846 0.0345629 0.0404585 0.0457965 0.0502791 0.0537191 0.0560615 0.0573811 0.0578498 0.057695 0.057167 0.0564993 0.0558237 0.055037 0.0536926 0.0510608 0.0464429 0.0396284 0.0311872
 0.00392266 0.00633421 0.00949055 0.0134148 0.0181237 0.0235727 0.0295788 0.0358029 0.0418142 0.0471851 0.0515749 0.0547908 0.0568205 0.0578114 0.0580009 0.0576419 0.0569565 0.0561094 0.0551585 0.0539682 0.0521363 0.0490526 0.0441653 0.0373627 0.0292106
 0.00413277 0.00668615 0.0100376 0.0142081 0.0191967 0.0249198 0.0311417 0.0374781 0.0434836 0.0487495 0.0529654 0.055955 0.0577036 0.0583568 0.0581721 0.0574415 0.0564199 0.0552712 0.0540183 0.0524878 0.0502827 0.046864 0.041792 0.0350436 0.0271922
 0.00430869 0.00698271 0.0105059 0.0149089 0.0201947 0.0262696 0.032864 0.0395355 0.0457649 0.0510772 0.0551281 0.057757 0.0590076 0.0590988 0.0583481 0.0570828 0.0555735 0.0539866 0.052337 0.0504412 0.0479114 0.0442562 0.0391114 0.0325142 0.025034
 0.00450181 0.00729914 0.0109888 0.0156054 0.0211542 0.0275368 0.0344673 0.0414716 0.0479859 0.0534799 0.0575525 0.0599992 0.0608528 0.0603653 0.0589232 0.056935 0.0547373 0.0525343 0.0503539 0.0480174 0.0451537 0.0413108 0.0361764 0.029818 0.0227794
 0.00471446 0.00764684 0.0115168 0.0163601 0.0221778 0.0288581 0.0360896 0.043365 0.0500879 0.0557014 0.0597832 0.0621087 0.0626921 0.0617761 0.0597572 0.0570805 0.0541408 0.0512073 0.0483657 0.0454832 0.0422304 0.0381988 0.0331133 0.0270475 0.0204972
 0.0049753 0.00806458 0.0121352 0.0172197 0.0233134 0.0302923 0.0378209 0.0453563 0.0522612 0.0579443 0.0619626 0.0640896 0.0643514 0.0630075 0.0604681 0.057188 0.0535782 0.0499409 0.0464149 0.0429354 0.0392467 0.0350068 0.0299815 0.0242381 0.0182072
 0.00529701 0.00856586 0.0128503 0.0181693 0.024506 0.0317249 0.0394755 0.0471934 0.0542166 0.0599312 0.0638781 0.0658233 0.065796 0.0640675 0.061064 0.0572543 0.0530606 0.0488009 0.0446472 0.0405933 0.0364633 0.0319965 0.0270116 0.0215724 0.0160409
 0.00555981 0.00899626 0.0135037 0.0190981 0.025749 0.0332896 0.0413217 0.049229 0.056313 0.0619508 0.0656989 0.0673507 0.0669624 0.0648257 0.0613789 0.0570959 0.0523996 0.0476122 0.0429241 0.0383726 0.0338515 0.02918 0.0242343 0.0190817 0.0140208
 0.00576237 0.00932203 0.0139893 0.0197807 0.0266649 0.0344698 0.0427788 0.050941 0.05821 0.063913 0.0675726 0.0689784 0.0682159 0.0656264 0.0616966 0.0569304 0.0517599 0.0465054 0.0413611 0.03639 0.0315384 0.0266927 0.0217824 0.0168816 0.0122364
 0.00597746 0.00966939 0.0145081 0.0205066 0.027625 0.0356737 0.0442091 0.0525488 0.059919 0.0656296 0.0691937 0.0703964 0.0693263 0.0663404 0.0619553 0.0567119 0.0510733 0.0453784 0.0398322 0.0345142 0.0294048 0.0244388 0.019586 0.014925 0.0106567
 0.00618388 0.0100005 0.014999 0.0211897 0.0285271 0.0368095 0.0455704 0.054094 0.0615702 0.0672794 0.0707208 0.0716852 0.0702836 0.0669036 0.0620917 0.056413 0.0503502 0.0442583 0.0383582 0.0327498 0.0274421 0.0224043 0.0176328 0.0132042 0.00927852
 0.00632022 0.0102119 0.0152995 0.0215892 0.0290348 0.0374375 0.0463324 0.0549989 0.0626111 0.0684235 0.071905 0.0728208 0.0712693 0.0676441 0.0625125 0.0564683 0.0500233 0.043558 0.0373166 0.031424 0.0259181 0.0207976 0.0160777 0.0118295 0.00817604
 0.0064384 0.010396 0.0155616 0.0219346 0.0294615 0.0379355 0.0468853 0.0555868 0.063218 0.0690427 0.072537 0.0734617 0.0718968 0.06821 0.0629484 0.0567008 0.0499913 0.0432262 0.0366822 0.0305198 0.0248124 0.0195899 0.0148849 0.0107628 0.00731531
 0.00653902 0.010556 0.0157959 0.0222553 0.0298762 0.0384447 0.047477 0.0562337 0.0638786 0.0696688 0.0730854 0.0739055 0.0722289 0.0684362 0.0630725 0.056712 0.0498618 0.0429211 0.036177 0.0298162 0.0239481 0.0186369 0.0139364 0.00991073 0.00662616
 0.00650609 0.0105092 0.0157383 0.022196 0.0298295 0.0384293 0.0475143 0.0563447 0.0640793 0.0699646 0.0734661 0.0743448 0.0726898 0.068879 0.0634623 0.057019 0.0500581 0.0429778 0.0360683 0.0295308 0.0235012 0.0180752 0.0133309 0.0093382 0.00614725
 0.00651741 0.010523 0.015751 0.022202 0.0298244 0.0384131 0.0474946 0.0563371 0.0641038 0.07004 0.0736051 0.0745498 0.0729508 0.0691746 0.0637627 0.057291 0.0502685 0.0430964 0.03607 0.0294011 0.0232438 0.0177179 0.0129226 0.00893688 0.00580238
 0.00662645 0.0106818 0.0159552 0.022435 0.0300606 0.0386248 0.0476587 0.0564389 0.0641399 0.0700197 0.073549 0.074485 0.0729031 0.0691609 0.063786 0.05734 0.0503207 0.043123 0.0360428 0.0292989 0.02306 0.0174647 0.0126305 0.00864574 0.00554878
 0.00665731 0.0107371 0.0160474 0.0225764 0.0302585 0.0388736 0.0479348 0.0567035 0.0643497 0.0701423 0.0735736 0.0744243 0.0727869 0.069025 0.0636612 0.057244 0.0502549 0.043074 0.0359881 0.0292155 0.0229329 0.0172939 0.0124314 0.0084438 0.00536978
 0.00664255 0.0107098 0.0160012 0.022506 0.0301641 0.038766 0.047837 0.0566444 0.0643523 0.0702109 0.0736906 0.074559 0.0729106 0.069123 0.0637349 0.0573048 0.0503134 0.0431324 0.0360383 0.0292426 0.0229232 0.0172421 0.0123446 0.00833907 0.00526707
 0.00667495 0.0107548 0.0160543 0.0225573 0.0301994 0.0387709 0.0478017 0.0565689 0.0642493 0.070105 0.0736106 0.0745262 0.0729295 0.0691806 0.0638099 0.0573787 0.0503771 0.0431842 0.0360778 0.0292666 0.0229256 0.0172187 0.0122975 0.0082772 0.00520303
 0.00671278 0.0108187 0.016154 0.0227008 0.0303884 0.0389946 0.0480329 0.0567677 0.064375 0.0701312 0.0735367 0.0743772 0.0727451 0.0689998 0.0636583 0.0572643 0.0502947 0.0431236 0.0360295 0.0292231 0.0228816 0.0171706 0.0122446 0.00822257 0.00515225
 0.00668602 0.0107886 0.0161339 0.0227133 0.0304607 0.0391506 0.0482837 0.057103 0.0647591 0.0705072 0.0738384 0.0745495 0.0727626 0.0688749 0.063433 0.0569917 0.0500205 0.0428762 0.03582 0.0290513 0.0227421 0.0170572 0.0121524 0.00814879 0.00509545
 0.00669268 0.0107742 0.0160677 0.0225557 0.0301803 0.0387468 0.0478031 0.056635 0.0644082 0.0703539 0.0739103 0.0748143 0.0731454 0.0692876 0.0638041 0.0572829 0.0502271 0.0430147 0.0359121 0.029114 0.0227844 0.017083 0.012164 0.0081493 0.00508912
 0.00673961 0.0108386 0.0161402 0.0226144 0.0301892 0.0386596 0.0475738 0.0562381 0.063862 0.069734 0.0733373 0.0744141 0.0730001 0.0694056 0.0641249 0.0577108 0.0506703 0.0434111 0.0362348 0.029361 0.0229654 0.01721 0.0122481 0.00820044 0.0051167
 0.00677928 0.0108992 0.0162236 0.0227183 0.0303058 0.0387733 0.0476589 0.0562589 0.063779 0.0695181 0.0729891 0.0739773 0.0725583 0.069056 0.063941 0.057714 0.0508277 0.0436575 0.0365029 0.0296028 0.0231581 0.0173501 0.0123422 0.00825881 0.00514971
 0.00673764 0.0108363 0.016138 0.0226126 0.0301858 0.0386476 0.0475374 0.0561501 0.0636862 0.0694356 0.0729026 0.0738711 0.0724278 0.0689188 0.063836 0.0576864 0.0509062 0.0438389 0.0367535 0.0298747 0.0234086 0.0175531 0.01249 0.00835647 0.00520852
 0.00666993 0.0107297 0.0159846 0.0224079 0.0299314 0.0383529 0.0472219 0.055843 0.0634211 0.0692419 0.0727968 0.0738521 0.0724788 0.0690161 0.0639614 0.0578353 0.0510868 0.0440609 0.0370152 0.030158 0.0236843 0.0177931 0.0126773 0.00848787 0.00529166
 0.00664394 0.0106798 0.0158953 0.0222606 0.0297087 0.0380468 0.0468413 0.0554163 0.0629925 0.0688625 0.072513 0.0736959 0.0724611 0.0691253 0.0641691 0.0581073 0.051394 0.0443848 0.0373448 0.0304824 0.0239883 0.0180589 0.0128905 0.00864318 0.00539383
 0.00661376 0.0106312 0.0158223 0.0221557 0.0295623 0.0378468 0.0465762 0.0550813 0.0625978 0.0684386 0.0721091 0.0733695 0.0722619 0.0690811 0.0642795 0.0583471 0.0517239 0.0447631 0.0377363 0.0308605 0.0243329 0.0183545 0.0131268 0.00881714 0.00551049
 0.00656653 0.0105617 0.0157311 0.0220471 0.0294418 0.0377177 0.046436 0.0549225 0.0624103 0.0682162 0.0718562 0.0731059 0.0720226 0.0689087 0.0642108 0.0584012 0.051896 0.0450279 0.0380567 0.0311982 0.0246554 0.0186378 0.0133564 0.00898828 0.00562696
 0.00713927 0.0113683 0.0167149 0.0230784 0.0303554 0.0383729 0.0467636 0.0549319 0.062162 0.0677824 0.0712958 0.0724611 0.0713286 0.0682048 0.063544 0.0578199 0.0514384 0.044712 0.0378771 0.0311307 0.0246661 0.0186924 0.0134266 0.0090545 0.00567913
 0.00799137 0.0126767 0.0185331 0.0253846 0.033036 0.0412129 0.0494537 0.0571135 0.0635187 0.0681423 0.0706833 0.0710666 0.0694211 0.0660453 0.0613389 0.0557149 0.0495317 0.043066 0.0365237 0.030073 0.0238824 0.0181436 0.0130647 0.0088311 0.0055508
 0.00781478 0.0125454 0.0186222 0.0259492 0.0343395 0.0434112 0.0524901 0.0606838 0.0671298 0.0712376 0.0727874 0.0719015 0.068962 0.0644973 0.0590488 0.0530598 0.0468329 0.0405516 0.0343302 0.0282645 0.0224702 0.0171013 0.0123409 0.00836095 0.00526698
 0.00756281 0.0121267 0.0179891 0.0250897 0.0333247 0.042444 0.05191 0.0608841 0.0683908 0.0735571 0.0758173 0.0750464 0.071591 0.0661568 0.059577 0.0525744 0.0456289 0.0389753 0.0326829 0.0267564 0.0212161 0.0161394 0.0116568 0.00790997 0.00499238
 0.00745843 0.0119477 0.0176997 0.0246442 0.0326725 0.0415479 0.0507821 0.0596326 0.0672499 0.0728603 0.0758917 0.0760567 0.0734226 0.0684223 0.0617601 0.0542318 0.0465367 0.0391561 0.0323302 0.0261212 0.0205165 0.0155173 0.0111765 0.00757885 0.00478618
 0.0074168 0.0118857 0.0176151 0.0245339 0.0325262 0.0413409 0.0504744 0.0591794 0.0666302 0.0721156 0.075154 0.0755381 0.0733463 0.0689156 0.0627686 0.0555171 0.0477728 0.0400676 0.0327918 0.0261701 0.0202918 0.0151782 0.0108443 0.00731672 0.00460894
 0.00736571 0.011811 0.0175185 0.0244223 0.0324099 0.041229 0.0503688 0.05907 0.0664929 0.0719179 0.0748739 0.0751916 0.0730082 0.0687099 0.0628188 0.0558762 0.0483782 0.0407589 0.0333852 0.0265411 0.0204167 0.0151172 0.0106909 0.00715104 0.004476
 0.00732714 0.011748 0.0174237 0.0242904 0.0322405 0.0410306 0.0501605 0.0588782 0.0663413 0.0718162 0.0748113 0.0751427 0.0729509 0.0686479 0.0627914 0.0559439 0.0485852 0.0410965 0.0337842 0.0269039 0.0206661 0.0152292 0.0106924 0.0070932 0.00440487
 0.00740794 0.0118544 0.0175375 0.0243783 0.0322627 0.0409544 0.0499739 0.0585955 0.0660006 0.0714692 0.0745091 0.0749213 0.0728226 0.0686035 0.0628142 0.0560249 0.0487282 0.0413063 0.034048 0.0271838 0.0209116 0.0154016 0.0107818 0.00711679 0.0043919
 0.00740028 0.0118619 0.0175838 0.0244925 0.0324652 0.0412387 0.0502942 0.0588752 0.0661595 0.0714572 0.0743267 0.0746158 0.072465 0.0682612 0.0625329 0.0558257 0.0486151 0.0412743 0.0340856 0.0272703 0.0210176 0.0154966 0.0108454 0.00714507 0.00439401
 0.00730425 0.0117198 0.0173976 0.0242781 0.0322536 0.0410732 0.0502229 0.0589347 0.0663548 0.0717485 0.0746369 0.0748605 0.0725883 0.0682568 0.0624376 0.055696 0.0485011 0.0412066 0.0340733 0.0273055 0.0210818 0.0155676 0.0109049 0.00718361 0.00441213
 0.00734085 0.011756 0.0174097 0.0242317 0.0321156 0.04083 0.0498955 0.0585807 0.066053 0.0715719 0.0746253 0.0750044 0.0728331 0.0685263 0.0626658 0.0558505 0.0485872 0.0412525 0.0341099 0.0273522 0.021142 0.0156333 0.0109643 0.0072284 0.00443996
 0.00746234 0.0119326 0.017635 0.0244818 0.03235 0.0409974 0.0499437 0.0584714 0.0657799 0.0711738 0.0741825 0.0746137 0.0725715 0.0684225 0.0626961 0.0559589 0.048716 0.0413651 0.0341962 0.027419 0.0211996 0.0156865 0.0110118 0.00726633 0.00446618
