SBPRF35
7.78865
Curr Bio
617614
B35
692242
F35
0.225562
FOFL
0.20618
OFL
99376.9
Bzero
2.22533e+06
#pred survey bio
 4.89761e+06 4.53772e+06 4.21924e+06 3.88268e+06 3.53623e+06 3.13991e+06 2.80723e+06 2.48224e+06 2.1845e+06 1.94439e+06 1.70402e+06 1.51632e+06 1.32475e+06 1.17242e+06 1.04712e+06 938037 872597 806644 739710 712104 694755 659648 642647 625444 616843 606789 594263 589944 582616 584903 583740 581278 573082 567720 555520 540006 534972 521718 518830 525180 531997 537384 538439 539004 542180 547976 553998 551810 555801 553814 555959 569580 591366 614764 622073 615124 601231 611510 620311 618660 2.22819e+07 1.3707e+07 1.41118e+07 1.46394e+07 1.52035e+07 1.57264e+07 1.61711e+07 1.65288e+07 1.6806e+07 1.70157e+07 1.71721e+07 1.72877e+07 1.73729e+07 1.74356e+07 1.7482e+07 1.75164e+07 1.7542e+07 1.75612e+07 1.75756e+07 1.75865e+07 1.75947e+07 1.7601e+07 1.76058e+07 1.76095e+07 1.76123e+07 1.76145e+07 1.76161e+07 1.76174e+07 1.76184e+07 1.76192e+07 1.76198e+07 1.76202e+07 1.76206e+07 1.76208e+07 1.7621e+07 1.76212e+07 1.76213e+07 1.76214e+07 1.76215e+07 1.76216e+07 1.76216e+07 1.76216e+07 1.76217e+07 1.76217e+07 1.76217e+07 1.76217e+07 1.76217e+07 1.76217e+07 1.76217e+07 1.76217e+07 1.76217e+07 1.76218e+07 1.76218e+07 1.76218e+07 1.76218e+07 1.76218e+07 1.76218e+07 1.76218e+07 1.76218e+07 1.76218e+07 1.76218e+07 1.76218e+07 1.76218e+07 1.76218e+07 1.76218e+07 1.76218e+07 1.76218e+07 1.76218e+07 1.76218e+07 1.76218e+07 1.76218e+07 1.76218e+07 1.76218e+07 1.76218e+07 1.76218e+07 1.76218e+07 1.76218e+07 1.76218e+07 1.76218e+07 1.76218e+07 1.76218e+07 1.76218e+07 1.76218e+07 1.76218e+07 1.76218e+07 1.76218e+07 1.76218e+07 1.76218e+07 1.76218e+07 1.76218e+07 1.76218e+07 1.76218e+07 1.76218e+07 1.76218e+07 1.76218e+07 1.76218e+07 1.76218e+07 1.76218e+07 1.76218e+07 1.76218e+07 0 0 0 0 0 0 0 0 0 0 0 0 0 0 0 0 0 0 0 0 0 0 0 0 0
#obs survey bio
 4.73133e+06 6.72898e+06 3.34416e+06 4.15869e+06 2.63285e+06 3.20356e+06 2.45415e+06 1.63355e+06 1.70419e+06 1.38983e+06 1.38061e+06 1.2514e+06 1.27279e+06 1.0466e+06 514258 900232 797585 567830 1.17266e+06 993783 819248 655589 478926 477861 724335 574249 533668 885949 612406 664726 637055 512954 537319 781693 509885 623234 549439 484315 472780 483696 574092 567914 529792 555040 575080 448652 765461 589327 595433 495929 582337 656217 570687 706487 631761 459556 491699 802686 587845 461106
#pred catch bio
 106898 99247.3 150543 196224 281639 263197 293313 303037 280750 304976 275725 290117 261217 240496 227687 190028 188524 184362 145378 132687 144134 126064 124434 115591 114978 114348 104353 104012 93995.4 95476.5 94624 97020.1 91761.2 94351.9 94046.3 84792.8 95204.8 90209.2 84345.1 84586.3 86135.8 90029.3 90345.4 87840 85275 84621.3 90969.9 86239.3 93178.3 92095.3 85047.2 80487.2 80676.6 94740.9 107038 114243 96733.6 101493 113395 100241 99376.9 109891 112155 115295 118971 122424 125290 127499 129117 130261 131046 131574 131923 132151 132299 132393 132453 132491 132515 132530 132539 132545 132549 132551 132553 132553 132554 132554 132555 132555 132555 132555 132555 132555 132555 132555 132555 132555 132555 132555 132555 132555 132555 132555 132555 132555 132555 132555 132555 132555 132555 132555 132555 132555 132555 132555 132555 132555 132555 132555 132555 132555 132555 132555 132555 132555 132555 132555 132555 132555 132555 132555 132555 132555 132555 132555 132555 132555 132555 132555 132555 132555 132555 132555 132555 132555 132555 132555 132555 132555 132555 132555 132555 132555 132555 132555 132555 132555 132555 132555 0 0 0 0 0 0 0 0 0 0 0 0 0 0 0 0 0 0 0 0 0 0 0 0 0
#obs catch bio
 0 98834.1 150848 196354 283791 264311 295836 307410 285005 313001 283019 299388 268113 245782 234194 193852 192182 189151 146972 133499 144683 127035 125807 116672 116117 115595 105357 104117 94138.6 95810.1 94840.5 97436.9 91880.5 94170.6 94047.3 84670.8 95273.2 90472.8 84053.5 84074.4 85329 89613 90037.7 87627.8 84853.6 84237.4 89923.9 85179.5 92415.9 92027 85111.4 80597.1 80676.9 94659.8 106520 114382 96556.4 101071 113567 100126
#pred cpue bio
 4.81824e+06 4.46214e+06 4.14605e+06 3.81073e+06 3.46628e+06 3.07234e+06 2.74119e+06 2.41767e+06 2.12122e+06 1.88207e+06 1.64353e+06 1.45772e+06 1.26919e+06 1.11969e+06 996688 889626 825679 761958 697862 672183 656203 622431 605975 589460 581358 572083 560581 557170 550684 553165 552370 550478 543088 538529 527379 512728 507129 492496 488642 495020 502050 507344 508298 508877 512131 517979 524090 522057 525508 522828 524177 537012 558191 581171 588440 581286 566809 575848 583855 581510 2.09403e+07 1.28932e+07 1.32589e+07 1.37358e+07 1.42816e+07 1.48004e+07 1.52443e+07 1.56019e+07 1.58791e+07 1.60888e+07 1.62451e+07 1.63607e+07 1.64459e+07 1.65087e+07 1.6555e+07 1.65894e+07 1.6615e+07 1.66342e+07 1.66486e+07 1.66595e+07 1.66678e+07 1.66741e+07 1.66789e+07 1.66826e+07 1.66854e+07 1.66875e+07 1.66892e+07 1.66905e+07 1.66915e+07 1.66922e+07 1.66928e+07 1.66933e+07 1.66936e+07 1.66939e+07 1.66941e+07 1.66943e+07 1.66944e+07 1.66945e+07 1.66946e+07 1.66946e+07 1.66947e+07 1.66947e+07 1.66947e+07 1.66947e+07 1.66948e+07 1.66948e+07 1.66948e+07 1.66948e+07 1.66948e+07 1.66948e+07 1.66948e+07 1.66948e+07 1.66948e+07 1.66948e+07 1.66948e+07 1.66948e+07 1.66948e+07 1.66948e+07 1.66948e+07 1.66948e+07 1.66948e+07 1.66948e+07 1.66948e+07 1.66948e+07 1.66948e+07 1.66948e+07 1.66948e+07 1.66948e+07 1.66948e+07 1.66948e+07 1.66948e+07 1.66948e+07 1.66948e+07 1.66948e+07 1.66948e+07 1.66948e+07 1.66948e+07 1.66948e+07 1.66948e+07 1.66948e+07 1.66948e+07 1.66948e+07 1.66948e+07 1.66948e+07 1.66948e+07 1.66948e+07 1.66948e+07 1.66948e+07 1.66948e+07 1.66948e+07 1.66948e+07 1.66948e+07 1.66948e+07 1.66948e+07 1.66948e+07 1.66948e+07 1.66948e+07 1.66948e+07 1.66948e+07 1.66948e+07 0 0 0 0 0 0 0 0 0 0 0 0 0 0 0 0 0 0 0 0 0 0 0 0 0
#obs cpue bio
 4.15542e+06 4.27918e+06 2.72671e+06 3.35466e+06 3.06907e+06 2.38259e+06 2.44841e+06 1.97138e+06 1.7469e+06 1.3176e+06 1.17825e+06 1.33954e+06 1.18306e+06 1.1944e+06 1.09561e+06 823307 821033 635140 580082 538681 741439 365540 620053 667800 430707 512968 509285 714870 425251 436282 516600 551038 636920 545202 520777 417891 535654 411844 844657 729466 670062 372301 502343 479260 631249 638642 830551 550536 431646 346677 423773 422310 598461 629744 813839 558788 691438 588839 471942 771968
#pred surv len freq
 0.00442702 0.00719195 0.0108376 0.0153642 0.020695 0.0266054 0.0326847 0.0384235 0.0433915 0.0473698 0.0503529 0.0524649 0.0538776 0.0547607 0.055255 0.0554616 0.055447 0.0552435 0.0548116 0.053955 0.0522522 0.0491201 0.0440762 0.0370991 0.0288319
 0.00479513 0.00770265 0.0114482 0.0159913 0.0212523 0.0270549 0.0330655 0.0388297 0.0439067 0.0479998 0.0510033 0.052981 0.0541212 0.0546775 0.0548968 0.0549569 0.0549382 0.0548204 0.0544705 0.0536061 0.0517741 0.0484345 0.0431996 0.0361395 0.0279343
 0.00492484 0.00796257 0.0119235 0.0167744 0.0224004 0.0285365 0.0347324 0.0404509 0.0452596 0.0489629 0.051584 0.0532615 0.0541726 0.0545124 0.0544898 0.0543003 0.0540775 0.0538409 0.0534483 0.0525673 0.0506951 0.0472853 0.0419951 0.0349573 0.0268846
 0.00510945 0.00824448 0.0123194 0.0173021 0.0230925 0.0294491 0.0359326 0.0419738 0.0470535 0.0508619 0.0533414 0.0546368 0.055016 0.0547938 0.0542633 0.0536484 0.0530805 0.0525764 0.0519957 0.0509996 0.0490701 0.0456518 0.0404134 0.0335107 0.0256635
 0.00534398 0.00861933 0.0128706 0.0180568 0.0240626 0.0306254 0.0372831 0.043453 0.0486175 0.0524727 0.054948 0.0561436 0.0562739 0.055633 0.0545518 0.0533356 0.0522002 0.0512187 0.0502755 0.0490368 0.0469831 0.0435588 0.0384349 0.0317628 0.0242384
 0.00567468 0.00914594 0.013643 0.0191149 0.0254303 0.0322997 0.0392209 0.0455645 0.0507757 0.0545391 0.0568006 0.057692 0.0574523 0.0563793 0.0547934 0.0529989 0.05124 0.0496471 0.0481711 0.0465351 0.0442583 0.0408059 0.0358503 0.0295179 0.0224489
 0.0060057 0.00967022 0.0144069 0.0201542 0.0267665 0.0339337 0.0411225 0.0476649 0.0529703 0.0566997 0.0587926 0.0593909 0.0587568 0.0572159 0.0551103 0.0527541 0.0503974 0.0481895 0.0461264 0.0439988 0.0413993 0.0378496 0.0330416 0.0270731 0.020509
 0.00635648 0.0102347 0.0152457 0.0213199 0.0282938 0.0358247 0.0433305 0.0500887 0.055467 0.0591102 0.060966 0.0611992 0.0600997 0.0580219 0.0553336 0.0523685 0.0493898 0.0465597 0.0439015 0.0412591 0.0383003 0.0346218 0.0299556 0.0243787 0.018373
 0.00670968 0.0108008 0.0160835 0.0224808 0.0298155 0.0377183 0.0455651 0.0525795 0.0580789 0.0616756 0.0633092 0.06316 0.0615514 0.0588796 0.0555523 0.0519333 0.048304 0.0448405 0.0415882 0.0384343 0.0351145 0.0313005 0.0267717 0.0215918 0.0161609
 0.00694454 0.0111904 0.0166846 0.0233529 0.0310108 0.0392654 0.0474503 0.0547386 0.0604026 0.064026 0.0655374 0.0651194 0.0631086 0.0599247 0.0560071 0.0517536 0.0474759 0.0433764 0.0395293 0.0358648 0.0321802 0.0282151 0.0237946 0.0189726 0.0140741
 0.00718257 0.0115829 0.0172867 0.0242219 0.0321978 0.0408005 0.0493242 0.0568901 0.0627205 0.0663636 0.0677334 0.0670191 0.0645813 0.0608735 0.0563704 0.0515006 0.0466009 0.0418961 0.0374881 0.0333477 0.029329 0.025234 0.0209283 0.0164558 0.0120711
 0.00730786 0.0117962 0.0176268 0.0247342 0.0329296 0.04179 0.0505877 0.0584114 0.0644474 0.06821 0.0695863 0.0687491 0.0660563 0.0619746 0.0570042 0.0516044 0.0461432 0.0408751 0.0359346 0.0313348 0.0269837 0.0227396 0.018504 0.0143122 0.0103567
 0.00754425 0.0121724 0.0181785 0.025491 0.0339118 0.043003 0.0520134 0.0600023 0.0661274 0.0698841 0.0711523 0.0701085 0.0671226 0.0626779 0.0572926 0.0514439 0.0455163 0.0397829 0.034403 0.0294255 0.0248064 0.0204535 0.0163002 0.012374 0.00881219
 0.00787957 0.0126841 0.0188867 0.0263937 0.0349885 0.0442214 0.053332 0.0613695 0.0674824 0.0711616 0.0722884 0.0710455 0.0678111 0.0630778 0.0573731 0.0511825 0.044899 0.0388066 0.0330825 0.0278052 0.0229718 0.0185339 0.014453 0.0107507 0.00751935
 0.00812242 0.0130857 0.0195017 0.0272717 0.0361577 0.0456657 0.0549735 0.0630726 0.0690857 0.0725221 0.0733148 0.0717042 0.0681113 0.0630493 0.0570488 0.0505886 0.0440525 0.0377193 0.0317699 0.0262999 0.0213363 0.0168655 0.0128728 0.00937614 0.00643172
 0.00828064 0.0133511 0.0199173 0.0278853 0.0370146 0.0467944 0.0563662 0.0646699 0.0707717 0.0741381 0.0746886 0.0726896 0.0686226 0.0630756 0.0566416 0.0498319 0.0430322 0.0365043 0.0304112 0.0248421 0.0198331 0.0153896 0.0115116 0.00821355 0.00552321
 0.00826485 0.0133324 0.0199039 0.0278938 0.0370721 0.0469392 0.0566451 0.0651288 0.0714407 0.0750116 0.0757118 0.0737586 0.0696036 0.0638381 0.0570916 0.049931 0.0427952 0.0359811 0.0296657 0.0239401 0.0188417 0.0143811 0.0105618 0.0073914 0.00487489
 0.00815711 0.0131915 0.019755 0.0277819 0.0370501 0.0470494 0.0569052 0.06553 0.0719583 0.075618 0.0763814 0.0744621 0.0702976 0.0644602 0.0575677 0.0501934 0.0428024 0.035729 0.0291858 0.0232888 0.0180885 0.0135994 0.00982219 0.00675223 0.00437265
 0.00823317 0.0132901 0.0198595 0.0278668 0.0370955 0.0470594 0.0569171 0.0656042 0.07215 0.0759481 0.0768255 0.0749636 0.0707924 0.0648947 0.0579023 0.0503964 0.042847 0.0355982 0.0288813 0.0228363 0.0175357 0.0130073 0.0092532 0.00625788 0.00398427
 0.00832081 0.0133959 0.01995 0.0278862 0.0369781 0.0467532 0.0564084 0.064934 0.071415 0.0752839 0.0763727 0.0748255 0.0710018 0.0654054 0.0586093 0.0511716 0.0435715 0.036182 0.0292718 0.0230199 0.017534 0.0128684 0.00903799 0.00602502 0.00377754
 0.00842657 0.0135533 0.0201576 0.0281269 0.0372163 0.0469339 0.0564631 0.0647961 0.0710462 0.0747018 0.0756626 0.074125 0.0704597 0.0651331 0.0586459 0.051477 0.0440474 0.0367083 0.0297417 0.0233627 0.0177235 0.0129179 0.00898699 0.0059219 0.00366461
 0.00856702 0.0137884 0.0205225 0.0286541 0.0379229 0.0478032 0.0574277 0.0657366 0.0718117 0.0751482 0.0756955 0.0737313 0.0697165 0.0641888 0.0576759 0.0506314 0.043411 0.0362899 0.0294921 0.0232095 0.0176028 0.0127931 0.00885044 0.00578509 0.0035442
 0.00859609 0.0138288 0.0205721 0.0287111 0.037992 0.0479018 0.057586 0.0659858 0.0721622 0.07557 0.0761138 0.0740466 0.0698417 0.0640856 0.0573725 0.0502106 0.0429762 0.0359249 0.0292357 0.0230536 0.0175118 0.0127289 0.00878914 0.00572074 0.00348236
 0.00860551 0.0138496 0.020613 0.028782 0.0381003 0.0480472 0.0577591 0.0661726 0.0723528 0.0757635 0.0763137 0.0742462 0.070013 0.0641825 0.0573516 0.0500566 0.0427147 0.0356124 0.0289342 0.0228059 0.0173309 0.0126042 0.00870167 0.0056553 0.00343155
 0.0084972 0.0136887 0.0203996 0.0285281 0.0378277 0.0477848 0.0575383 0.0660226 0.0722956 0.0758093 0.0764596 0.0744784 0.0703085 0.064509 0.0576682 0.0503202 0.0428933 0.0356978 0.028944 0.0227721 0.0172838 0.0125618 0.0086691 0.0056305 0.00341174
 0.00839984 0.0135369 0.0201839 0.0282459 0.0374861 0.0474034 0.0571508 0.0656747 0.0720357 0.0756762 0.0764718 0.0746314 0.0705784 0.0648601 0.0580587 0.0507078 0.0432394 0.0359743 0.0291392 0.0228921 0.0173469 0.0125894 0.00867794 0.00563073 0.00340833
 0.00829462 0.0133775 0.0199657 0.0279723 0.0371671 0.0470536 0.0567892 0.0653256 0.0717293 0.0754458 0.0763485 0.0746362 0.0707164 0.0651174 0.058405 0.0511022 0.0436386 0.0363397 0.0294433 0.0231221 0.0175051 0.0126884 0.00873441 0.00566005 0.00342192
 0.00832721 0.0133949 0.0199273 0.0278208 0.0368473 0.0465391 0.0561043 0.0645468 0.0709636 0.0747989 0.0758995 0.0744272 0.070754 0.0653794 0.0588473 0.051666 0.0442585 0.0369533 0.0299993 0.0235867 0.0178641 0.0129451 0.00890443 0.00576425 0.00348089
 0.00841375 0.0135286 0.0201127 0.0280501 0.0370931 0.0467497 0.0562072 0.0644665 0.070654 0.0742729 0.0752359 0.0737471 0.0701797 0.0649972 0.0586914 0.0517227 0.0444811 0.0372792 0.0303646 0.0239377 0.0181639 0.0131762 0.00906636 0.00586757 0.00354097
 0.00829889 0.013365 0.0199094 0.0278304 0.0368881 0.0465862 0.0560962 0.0643972 0.0705949 0.0741821 0.0750795 0.07352 0.0699158 0.0647619 0.0585564 0.0517377 0.0446563 0.0375858 0.0307489 0.0243393 0.0185317 0.0134779 0.00928993 0.00601785 0.00363266
 0.00820191 0.0132113 0.0196869 0.0275342 0.0365258 0.0461834 0.0556985 0.064062 0.0703734 0.0740974 0.0751154 0.0736288 0.0700418 0.0648687 0.0586421 0.0518303 0.0447942 0.0377938 0.0310249 0.0246559 0.0188491 0.0137592 0.00951237 0.00617563 0.00373331
 0.00809361 0.0130448 0.0194539 0.0272331 0.0361611 0.0457662 0.0552482 0.0636103 0.0699644 0.0737823 0.0749392 0.073614 0.0701787 0.0651179 0.0589515 0.0521566 0.0451167 0.0381125 0.0313466 0.0249798 0.0191615 0.0140389 0.00974035 0.00634345 0.00384439
 0.00799682 0.0128974 0.0192508 0.0269764 0.0358597 0.045434 0.0549028 0.0632725 0.0696564 0.0735257 0.0747544 0.0735197 0.0701885 0.0652351 0.0591638 0.0524373 0.0454333 0.0384379 0.0316643 0.0252814 0.0194399 0.0142843 0.00994258 0.00649616 0.00394875
 0.00788264 0.0127158 0.0189856 0.0266169 0.0354049 0.0448974 0.0543174 0.062689 0.0691344 0.0731193 0.0745009 0.0734348 0.0702692 0.065465 0.0595171 0.0528816 0.0459313 0.0389514 0.0321596 0.0257333 0.0198326 0.0146092 0.0101964 0.0066813 0.00407314
 0.00796093 0.0128158 0.0190856 0.0266791 0.0353847 0.0447591 0.0540481 0.0623045 0.0686746 0.0726386 0.0740565 0.0730767 0.0700331 0.0653677 0.0595574 0.0530435 0.0461884 0.0392715 0.0325086 0.0260795 0.0201503 0.0148807 0.0104126 0.00684094 0.00418161
 0.00868317 0.0138501 0.0203814 0.0280972 0.0367308 0.0458431 0.0547339 0.0625304 0.0684484 0.0720222 0.07315 0.0720018 0.0689128 0.0643078 0.0586339 0.0522985 0.0456338 0.0388955 0.0322843 0.0259721 0.0201236 0.0149019 0.0104555 0.00688715 0.00422068
 0.00918785 0.0146662 0.021593 0.0297568 0.0388219 0.0482363 0.0571647 0.0646354 0.0698676 0.0725228 0.072701 0.0707609 0.0671474 0.0623024 0.0566262 0.050454 0.0440476 0.0376058 0.0312886 0.0252419 0.0196162 0.0145698 0.0102523 0.0067721 0.00416116
 0.00897322 0.0144471 0.0215042 0.030006 0.0396373 0.0497775 0.0594369 0.0674483 0.0728588 0.0752368 0.0747 0.0717374 0.0670026 0.0611586 0.0547678 0.0482275 0.0417681 0.035503 0.0294951 0.0238086 0.0185365 0.0138026 0.00973958 0.00645162 0.00397506
 0.00867813 0.0139759 0.0208207 0.0291089 0.038592 0.0487477 0.0586884 0.0672937 0.0735416 0.0768037 0.0769384 0.0742245 0.0692452 0.0627557 0.0555213 0.0481656 0.0410886 0.0344766 0.0283755 0.0227783 0.0176939 0.0131757 0.00931085 0.00618122 0.00381795
 0.00860415 0.0138244 0.0205349 0.0286167 0.0378255 0.0476776 0.0573635 0.0658674 0.0722667 0.0759832 0.0768358 0.0749581 0.0707179 0.064665 0.0574602 0.0497666 0.0421386 0.0349524 0.0283996 0.0225353 0.0173544 0.0128548 0.0090627 0.00601507 0.00371935
 0.00865556 0.0138924 0.0206057 0.0286602 0.0377939 0.0475083 0.0569903 0.0652426 0.071394 0.0749494 0.0758193 0.0741955 0.0704282 0.064959 0.0582825 0.050907 0.0433141 0.0359171 0.0290241 0.0228219 0.0173937 0.0127634 0.00893478 0.00590403 0.00364305
 0.00862957 0.0138662 0.0205949 0.0286861 0.0378736 0.0476399 0.0571406 0.0653472 0.0713721 0.074733 0.0753864 0.073596 0.0697867 0.0644443 0.0580465 0.0510188 0.0437256 0.0364854 0.0295786 0.0232363 0.0176239 0.012837 0.00891415 0.00584823 0.00358907
 0.00858635 0.0138045 0.0205189 0.0286079 0.0378128 0.0476211 0.057187 0.06547 0.0715583 0.0749374 0.075538 0.0736224 0.069649 0.0641647 0.0577093 0.0507385 0.0435953 0.0365332 0.0297598 0.0234638 0.017816 0.0129518 0.0089534 0.00583918 0.00356161
 0.00852315 0.0137088 0.0203886 0.0284468 0.0376313 0.0474362 0.0570222 0.0653534 0.071517 0.0749874 0.0756736 0.0738109 0.0698369 0.0642974 0.0577567 0.0507119 0.0435424 0.0365112 0.0298029 0.0235669 0.0179438 0.013064 0.00902661 0.0058723 0.0035676
 0.0084887 0.0136465 0.0202835 0.0282827 0.037396 0.0471301 0.0566649 0.0649847 0.0711891 0.0747518 0.0755678 0.073849 0.0700049 0.0645559 0.058052 0.050994 0.0437825 0.0367081 0.029973 0.0237265 0.0180958 0.0131983 0.00913027 0.00594002 0.00360401
 0.0083956 0.0135072 0.0200957 0.0280503 0.0371262 0.0468287 0.0563358 0.0646345 0.0708342 0.0744241 0.0753116 0.0737099 0.0700149 0.0647202 0.0583457 0.0513697 0.0441856 0.0370931 0.0303136 0.0240144 0.0183322 0.013386 0.00927094 0.00603664 0.0036633
 0.00844832 0.0135645 0.0201301 0.0280209 0.0369913 0.0465656 0.0559555 0.0641803 0.0703662 0.0739978 0.0749667 0.0734706 0.0698966 0.0647329 0.0584897 0.0516295 0.0445281 0.0374745 0.0306906 0.0243542 0.0186168 0.0136095 0.00943574 0.00614964 0.00373434
 0.00870476 0.0139464 0.020638 0.0286266 0.0376395 0.0471801 0.0564493 0.0644712 0.0703979 0.0737605 0.0745027 0.0728608 0.0692342 0.0641001 0.0579464 0.0512104 0.0442446 0.0373169 0.0306334 0.0243643 0.0186625 0.0136664 0.00948866 0.00619131 0.00376309
 0.00886214 0.0141985 0.0210088 0.0291315 0.0382771 0.047921 0.0572279 0.0651889 0.0709425 0.0740373 0.0744627 0.0725142 0.0686452 0.0633669 0.0571748 0.0504907 0.0436376 0.0368509 0.0303084 0.0241605 0.0185499 0.0136143 0.00947102 0.00618995 0.00376725
 0.00894385 0.0143442 0.0212517 0.0295103 0.0388259 0.0486542 0.0581234 0.0661796 0.0719219 0.0748773 0.07504 0.0727376 0.068479 0.0628415 0.0563784 0.0495458 0.0426698 0.0359623 0.0295631 0.0235834 0.0181349 0.0133359 0.00929662 0.00608786 0.00371147
 0.00888755 0.0142711 0.0211771 0.0294637 0.0388477 0.0487885 0.0584073 0.0666325 0.0725341 0.0756018 0.0757918 0.073407 0.0689559 0.0630447 0.056279 0.0491741 0.0421049 0.0353072 0.0289166 0.0230186 0.0176894 0.0130155 0.00908509 0.00595932 0.00363949
 0.00873017 0.0140268 0.0208325 0.0290182 0.0383188 0.0482166 0.0578592 0.0661963 0.0723016 0.0756423 0.0761278 0.0740021 0.0697193 0.0638521 0.0570029 0.0497169 0.0424214 0.0354094 0.0288596 0.0228748 0.0175239 0.0128712 0.00898 0.00589317 0.00360294
 0.00856806 0.0137667 0.020448 0.0284891 0.0376373 0.047397 0.0569483 0.0652769 0.0714842 0.075045 0.0758508 0.0741031 0.0701966 0.0646393 0.057981 0.0507419 0.04336 0.0361701 0.0294073 0.0232252 0.0177238 0.0129743 0.00903028 0.00591844 0.00361717
 0.0084781 0.0136151 0.0202099 0.0281374 0.0371485 0.0467603 0.056176 0.0644113 0.0705971 0.0742298 0.0752096 0.0737302 0.0701592 0.0649587 0.0586217 0.0516139 0.0443384 0.0371254 0.0302371 0.023874 0.0181845 0.0132744 0.0092122 0.00602268 0.00367446
 0.0086735 0.0138962 0.0205639 0.0285263 0.0375152 0.0470417 0.056315 0.0643653 0.0703446 0.0737774 0.0745981 0.0730343 0.0694775 0.0643943 0.0582574 0.0514901 0.0444418 0.0373951 0.0305864 0.0242197 0.0184698 0.0134772 0.0093383 0.00609214 0.00370886
 0.00894703 0.0143293 0.0211915 0.0293658 0.0385546 0.0482252 0.0575339 0.065466 0.0711609 0.074176 0.0745151 0.0724884 0.0685597 0.0632447 0.0570356 0.0503446 0.043482 0.0366741 0.0301 0.0239223 0.0182996 0.0133794 0.00927672 0.00604917 0.00367822
 0.00908094 0.0145665 0.0215841 0.0299732 0.0394278 0.0493818 0.0589324 0.0669946 0.0726491 0.0754264 0.0753453 0.0727721 0.0682563 0.0624088 0.0558031 0.0488985 0.0420101 0.0353309 0.0289824 0.0230644 0.0176849 0.0129629 0.0090066 0.00588026 0.00357668
 0.00903498 0.0144894 0.0214668 0.0298137 0.0392418 0.0492132 0.0588566 0.0671022 0.0730112 0.0760554 0.076173 0.0736594 0.0690334 0.0629269 0.0559778 0.0487297 0.041573 0.0347447 0.0283703 0.0225205 0.0172587 0.0126621 0.00881199 0.00576308 0.00351011
 0.00918684 0.0147026 0.0217248 0.0300789 0.0394649 0.0493508 0.0588883 0.0670415 0.0729066 0.0759789 0.076197 0.0738257 0.0693279 0.0632764 0.0562745 0.0488738 0.0415119 0.0344894 0.0279844 0.02209 0.01686 0.0123416 0.0085833 0.00561597 0.00342384
 0.00913199 0.0146672 0.0217681 0.0302815 0.0398989 0.0500358 0.0597605 0.0679603 0.0737026 0.0765186 0.0764283 0.073783 0.0691 0.0629586 0.0559297 0.048518 0.0411276 0.0340551 0.0275004 0.0215862 0.0163834 0.0119362 0.0082735 0.00540293 0.00329161
#obs surv len freq
 nan nan nan nan nan nan nan nan nan nan nan nan nan nan nan nan nan nan nan nan nan nan nan nan nan
 0.0044912 0.00735538 0.0111878 0.0160053 0.0217057 0.0279793 0.0342906 0.0400189 0.0446957 0.0481573 0.0505133 0.0520076 0.0528986 0.0534099 0.0537234 0.0539777 0.0542558 0.0545482 0.0546868 0.0542786 0.0527168 0.0493494 0.0437999 0.036281 0.0276659
 0.00460957 0.00755324 0.0114951 0.0164522 0.0223143 0.0287523 0.0351995 0.041002 0.0456679 0.0490281 0.0512049 0.0524658 0.053097 0.0533494 0.0534268 0.0534822 0.0536046 0.0537836 0.0538475 0.0534013 0.05184 0.0485159 0.0430542 0.0356607 0.0271918
 0.00477403 0.00781988 0.0118954 0.0170158 0.0230645 0.0296977 0.0363243 0.0422589 0.0469798 0.0502975 0.0523276 0.0533454 0.0536582 0.0535478 0.0532532 0.0529596 0.0527798 0.0527173 0.0526067 0.0520566 0.0504665 0.0471938 0.0418631 0.0346663 0.0264303
 0.00496071 0.00812589 0.0123606 0.0176784 0.0239536 0.0308214 0.0376577 0.0437411 0.048523 0.0518029 0.0536982 0.0544912 0.0544978 0.0540122 0.0532937 0.0525567 0.051948 0.051504 0.0510873 0.0503285 0.0486451 0.0454057 0.0402331 0.0332961 0.0253772
 0.00518022 0.00848406 0.0129021 0.018446 0.0249802 0.0321171 0.0391969 0.0454566 0.0503146 0.0535558 0.0553007 0.0558455 0.0555226 0.0546411 0.0534736 0.0522503 0.0511406 0.0502131 0.0493703 0.048287 0.0464219 0.0431724 0.0381657 0.0315413 0.0240203
 0.00541535 0.00886836 0.0134844 0.0192731 0.0260881 0.0335176 0.0408623 0.0473153 0.0522602 0.0554671 0.0570604 0.0573505 0.0566872 0.0553956 0.0537627 0.0520314 0.050386 0.0489191 0.0475714 0.0460717 0.0439389 0.040621 0.0357635 0.0294775 0.0224115
 0.00563955 0.00923988 0.0140566 0.0201002 0.0272148 0.0349616 0.0425978 0.0492666 0.0543133 0.0574918 0.0589317 0.0589602 0.0579471 0.0562362 0.054129 0.0518798 0.049684 0.0476518 0.0457574 0.0437836 0.0413193 0.0378789 0.033142 0.0271984 0.0206187
 0.00588395 0.00963713 0.0146547 0.0209452 0.0283429 0.0363879 0.0443017 0.051185 0.0563462 0.0595183 0.0608277 0.0606116 0.0592576 0.0571295 0.0545476 0.0517801 0.0490334 0.0464317 0.0439773 0.0415034 0.038671 0.0350693 0.0304232 0.0248098 0.0187238
 0.00612442 0.0100312 0.0152534 0.0217974 0.0294859 0.0378319 0.0460151 0.0530905 0.0583341 0.061469 0.0626301 0.0621715 0.0604963 0.0579809 0.0549562 0.0516995 0.0484268 0.0452754 0.0422734 0.0393013 0.0360903 0.032306 0.0277253 0.02242 0.0168141
 0.00636288 0.0104241 0.0158543 0.0226592 0.0306502 0.0393115 0.0477773 0.0550513 0.0603704 0.0634439 0.0644174 0.0636701 0.0616338 0.0587095 0.0552435 0.0515204 0.047758 0.0440989 0.0405894 0.037151 0.03358 0.029617 0.0250925 0.0200787 0.0149349
 0.00660872 0.0108263 0.0164644 0.0235269 0.0318135 0.040782 0.0495238 0.0569932 0.0623883 0.0654009 0.0661821 0.0651322 0.062712 0.0593527 0.0554267 0.0512353 0.047003 0.0428753 0.0389089 0.0350556 0.0311663 0.0270486 0.022584 0.0178476 0.0131416
 0.00683129 0.0111931 0.0170255 0.0243317 0.0329008 0.0421638 0.0511694 0.0588243 0.0642901 0.0672444 0.0678449 0.0665113 0.0637285 0.0599528 0.0555805 0.0509327 0.0462479 0.0416807 0.0372993 0.0330803 0.0289181 0.0246756 0.0202769 0.0158 0.0114963
 0.00705004 0.0115499 0.0175648 0.0250956 0.033921 0.0434489 0.0526915 0.0605132 0.0660418 0.0689401 0.0693703 0.067769 0.0646446 0.060478 0.055688 0.0506141 0.0455086 0.0405375 0.0357828 0.0312444 0.0268535 0.0225173 0.0181936 0.0139598 0.0100218
 0.00727862 0.0119234 0.0181301 0.0258961 0.0349868 0.0447817 0.0542498 0.0622098 0.0677577 0.0705493 0.070762 0.0688595 0.0653786 0.0608251 0.0556378 0.0501712 0.0446883 0.0393637 0.0342911 0.0294902 0.0249231 0.020533 0.0163027 0.0123053 0.00870507
 0.00745639 0.0122169 0.01858 0.0265431 0.0358628 0.0458969 0.0555786 0.0636857 0.0692814 0.0720075 0.0720467 0.0698821 0.0660765 0.0611632 0.0556055 0.0497762 0.0439502 0.0383108 0.0329618 0.0279395 0.0232311 0.0188078 0.0146709 0.0108865 0.00758172
 0.0075146 0.0123185 0.0187466 0.026801 0.0362407 0.0464187 0.0562565 0.0645131 0.0702308 0.0730305 0.0730776 0.0708437 0.0668894 0.0617567 0.055926 0.049792 0.0436518 0.0377085 0.0320845 0.0268364 0.0219748 0.0174945 0.0134102 0.00978105 0.00670206
 0.00757378 0.0124057 0.018862 0.0269414 0.0364035 0.0466081 0.0564868 0.0648067 0.0706109 0.0735109 0.0736536 0.0714878 0.0675518 0.0623715 0.0564212 0.0501017 0.0437265 0.0375222 0.0316383 0.0261604 0.0211276 0.0165592 0.0124829 0.00895165 0.00603399
 0.00765671 0.0125327 0.0190378 0.0271639 0.0366629 0.0468876 0.0567644 0.0650612 0.0708299 0.0736992 0.0738329 0.071687 0.0677912 0.0626488 0.0567068 0.0503442 0.0438655 0.0375043 0.031431 0.0257614 0.0205685 0.0159012 0.0118046 0.00833025 0.00552587
 0.0077092 0.012613 0.0191491 0.0273055 0.03683 0.0470716 0.0569531 0.0652394 0.0709829 0.0738173 0.0739169 0.0717501 0.0678558 0.062737 0.056829 0.0504891 0.0439992 0.0375786 0.0313988 0.0255937 0.0202663 0.0154976 0.0113559 0.00789896 0.00516196
 0.00779419 0.0127455 0.0193378 0.0275532 0.0371322 0.0474144 0.0573117 0.06558 0.0712689 0.0740183 0.0740172 0.0717515 0.0677763 0.0626061 0.0566794 0.0503468 0.0438738 0.0374594 0.0312593 0.025405 0.0200125 0.0151858 0.0110158 0.00757146 0.00488359
 0.00780987 0.0127731 0.0193831 0.0276231 0.0372328 0.0475487 0.0574772 0.0657674 0.0714629 0.0742006 0.0741694 0.0718587 0.0678306 0.0626082 0.0566391 0.0502797 0.0437949 0.0373755 0.031166 0.0252888 0.0198605 0.0149958 0.0108013 0.0073572 0.0046955
 0.00784637 0.0128245 0.0194459 0.0276899 0.0372953 0.0476025 0.0575244 0.065816 0.0715225 0.0742766 0.0742594 0.0719529 0.0679147 0.0626686 0.0566669 0.0502735 0.0437597 0.0373187 0.0310926 0.0251987 0.0197503 0.014865 0.0106563 0.00721215 0.00456659
 0.00788175 0.0128793 0.0195231 0.0277889 0.0374115 0.0477255 0.0576395 0.0659071 0.0715781 0.0742952 0.0742509 0.0719328 0.0678962 0.0626565 0.0566576 0.0502586 0.0437317 0.0372742 0.0310314 0.0251223 0.0196605 0.014764 0.0105496 0.00710828 0.00447534
 0.00787142 0.0128606 0.0194916 0.0277404 0.0373432 0.0476394 0.0575433 0.0658134 0.0715006 0.0742445 0.0742325 0.0719481 0.0679445 0.0627353 0.056761 0.0503762 0.0438496 0.0373783 0.0311109 0.0251713 0.0196779 0.0147534 0.0105178 0.00706483 0.00443018
 0.00789308 0.0128888 0.0195208 0.0277608 0.0373432 0.0476094 0.0574797 0.0657203 0.0713895 0.0741316 0.0741347 0.0718798 0.0679143 0.0627456 0.0568081 0.0504523 0.0439434 0.0374767 0.0312007 0.0252419 0.0197231 0.0147725 0.0105151 0.00704765 0.00440692
 0.00788691 0.0128793 0.0195074 0.0277423 0.0373175 0.0475725 0.0574262 0.0656456 0.0712927 0.0740189 0.0740197 0.0717805 0.0678483 0.0627247 0.0568359 0.0505238 0.0440472 0.0375979 0.0313234 0.0253519 0.0198103 0.0148322 0.0105484 0.00706022 0.00440633
 0.00790363 0.0129019 0.019533 0.0277654 0.0373317 0.0475727 0.0574102 0.0656138 0.0712465 0.0739591 0.0739476 0.0716998 0.0677667 0.0626543 0.0567894 0.0505105 0.0440696 0.0376507 0.0313956 0.0254298 0.0198814 0.0148879 0.0105853 0.00707995 0.00441355
 0.00788366 0.0128714 0.0194905 0.0277109 0.0372655 0.0474958 0.0573244 0.0655223 0.071155 0.0738755 0.07388 0.0716543 0.0677465 0.062659 0.0568179 0.0505618 0.0441428 0.037743 0.0315007 0.0255383 0.0199824 0.0149722 0.0106481 0.00712114 0.00443699
 0.00787239 0.0128503 0.019454 0.0276526 0.0371807 0.0473842 0.0571926 0.0653833 0.0710246 0.0737675 0.0738034 0.0716129 0.0677399 0.0626848 0.056872 0.0506395 0.044239 0.0378525 0.0316177 0.0256556 0.0200918 0.015066 0.0107212 0.0071724 0.00446902
 0.00784605 0.0128051 0.0193816 0.0275439 0.0370286 0.0471873 0.0569584 0.0651301 0.0707785 0.0735572 0.0736533 0.0715387 0.0677459 0.0627643 0.0570106 0.0508194 0.0444426 0.0380645 0.0318256 0.025849 0.0202624 0.0152075 0.0108304 0.00724987 0.00451905
 0.00785068 0.0128074 0.0193751 0.027519 0.036974 0.0470937 0.056822 0.0649544 0.0705751 0.0733444 0.0734543 0.0713773 0.0676424 0.062731 0.0570494 0.0509218 0.044593 0.0382441 0.0320159 0.0260342 0.0204299 0.0153488 0.010941 0.00732966 0.00457163
 0.00779534 0.0127246 0.0192639 0.0273826 0.0368183 0.0469244 0.0566437 0.064771 0.070392 0.0731702 0.0733013 0.0712604 0.0675762 0.0627272 0.0571133 0.051051 0.0447767 0.0384651 0.0322535 0.0262679 0.0206424 0.0155282 0.0110813 0.00743086 0.00463853
 0.00778546 0.0127011 0.0192153 0.027295 0.0366803 0.0467346 0.0564148 0.0645288 0.0701663 0.0729843 0.0731662 0.0711765 0.0675398 0.062736 0.0571682 0.0511534 0.044925 0.0386517 0.0324647 0.0264857 0.0208487 0.0157077 0.0112249 0.00753628 0.00470916
 0.00775638 0.0126563 0.019152 0.027211 0.0365731 0.0466003 0.0562498 0.0643332 0.0699485 0.0727633 0.0729685 0.0710284 0.0674587 0.0627269 0.0572256 0.0512669 0.0450835 0.0388442 0.0326788 0.0267067 0.0210602 0.0158949 0.0113772 0.00764963 0.00478604
 0.00933915 0.0148703 0.0218208 0.0299496 0.0389006 0.0481189 0.0567858 0.0639617 0.0689081 0.0713338 0.0713838 0.0694477 0.0659781 0.0613998 0.0560785 0.0503073 0.0443062 0.0382358 0.0322213 0.0263794 0.0208401 0.0157575 0.0112987 0.00760935 0.00476785
 0.00932739 0.0151435 0.022747 0.0319843 0.042388 0.0530233 0.0625224 0.0694919 0.0731093 0.0734423 0.0712463 0.0674614 0.0628164 0.057725 0.0523788 0.0468715 0.0412725 0.0356524 0.0300899 0.0246778 0.0195321 0.0147963 0.010629 0.00717083 0.00450034
 0.0089637 0.0145744 0.0219533 0.0310199 0.0414315 0.0524131 0.0627145 0.0708989 0.0758541 0.077177 0.0751953 0.0707162 0.0647138 0.0580759 0.0514381 0.0451248 0.0392061 0.0336213 0.028294 0.023199 0.0183814 0.0139474 0.0100375 0.00678394 0.00426479
 0.00879923 0.0142907 0.0214973 0.0303361 0.0404837 0.0512214 0.0614009 0.0697135 0.0751509 0.0773139 0.0763758 0.0728444 0.0673651 0.0606367 0.0533524 0.0461049 0.0392882 0.0330658 0.027425 0.0222814 0.0175747 0.0133171 0.00958776 0.00648806 0.00408505
 0.00872946 0.0141735 0.0213127 0.0300593 0.0400861 0.0506755 0.0606922 0.0688601 0.0742286 0.0764741 0.0758369 0.0728345 0.0680221 0.0619114 0.0549853 0.0477127 0.0405215 0.0337436 0.0275702 0.0220566 0.0171786 0.0129063 0.00924871 0.00624708 0.00393286
 0.00871587 0.0141469 0.0212636 0.0299751 0.0399518 0.050476 0.0604144 0.068495 0.0737754 0.0759496 0.0752909 0.0723622 0.0677565 0.0619818 0.0554512 0.0485106 0.0414686 0.0346096 0.0281762 0.0223405 0.0171923 0.0127613 0.00905385 0.00607302 0.00380769
 0.00868755 0.0141044 0.0212061 0.0299031 0.0398657 0.0503743 0.0602921 0.0683442 0.0735869 0.0757169 0.0750152 0.0720609 0.0674714 0.061781 0.0554137 0.0486922 0.0418639 0.0351377 0.0287086 0.0227577 0.0174336 0.012837 0.00902051 0.005995 0.00373039
 0.00869679 0.0141136 0.0212095 0.0298921 0.0398321 0.0503137 0.0602067 0.0682415 0.0734749 0.0755989 0.074888 0.0719187 0.0673139 0.061623 0.0552891 0.0486466 0.0419353 0.035332 0.028988 0.0230528 0.0176751 0.0129862 0.00907905 0.0059919 0.00370034
 0.00867565 0.0140868 0.0211827 0.029874 0.0398306 0.0503305 0.0602342 0.0682647 0.0734778 0.0755715 0.0748294 0.0718341 0.0672111 0.0615101 0.0551782 0.0485571 0.0418922 0.035356 0.0290823 0.0231959 0.0178286 0.0131124 0.00915763 0.00602437 0.0037022
 0.0086721 0.0140784 0.0211656 0.0298446 0.0397874 0.0502777 0.0601821 0.0682266 0.0734636 0.0755813 0.0748523 0.0718541 0.0672141 0.06149 0.0551381 0.0485081 0.0418507 0.0353396 0.0291031 0.0232542 0.0179106 0.0131964 0.00922442 0.00606529 0.00371977
 0.00865241 0.0140487 0.0211251 0.0297936 0.0397271 0.0502093 0.0601077 0.0681503 0.0733929 0.0755266 0.0748238 0.0718564 0.0672434 0.0615354 0.0551861 0.0485494 0.0418838 0.0353706 0.0291409 0.0233049 0.0179731 0.0132623 0.00928277 0.00610807 0.00374528
 0.0086545 0.0140494 0.0211211 0.0297805 0.0397008 0.0501681 0.0600534 0.0680884 0.0733305 0.0754702 0.0747788 0.0718269 0.0672324 0.0615434 0.0552102 0.0485836 0.0419215 0.0354078 0.0291779 0.0233441 0.018016 0.0133069 0.00932425 0.00614139 0.00376796
 0.00863666 0.0140254 0.0210942 0.029756 0.0396843 0.0501618 0.0600547 0.0680902 0.0733252 0.0754537 0.0747522 0.0717956 0.0672038 0.0615238 0.0552034 0.0485901 0.0419391 0.0354328 0.029207 0.0233755 0.0180485 0.0133393 0.00935423 0.00616634 0.00378614
 0.00865134 0.0140443 0.0211136 0.0297702 0.0396879 0.0501532 0.0600376 0.0680723 0.0733137 0.0754506 0.0747534 0.0717941 0.0671941 0.0615053 0.05518 0.0485679 0.0419231 0.0354256 0.0292085 0.0233842 0.0180622 0.0133559 0.00937128 0.00618165 0.00379814
 0.00864652 0.0140395 0.0211117 0.0297751 0.0397021 0.0501757 0.0600627 0.0680916 0.07332 0.0754425 0.074735 0.0717725 0.0671745 0.0614891 0.055166 0.0485549 0.0419115 0.0354173 0.0292053 0.0233867 0.0180698 0.0133667 0.0093833 0.0061929 0.00380725
 0.00864652 0.0140395 0.0211117 0.0297751 0.0397021 0.0501757 0.0600627 0.0680916 0.07332 0.0754425 0.074735 0.0717725 0.0671745 0.0614891 0.055166 0.0485549 0.0419115 0.0354173 0.0292053 0.0233867 0.0180698 0.0133667 0.0093833 0.0061929 0.00380725
 0.00853422 0.0138637 0.0208608 0.0294452 0.0393008 0.0497255 0.0596029 0.0676743 0.0729984 0.075256 0.0746998 0.0718805 0.0674002 0.0617984 0.0555228 0.0489261 0.0422701 0.0357442 0.0294896 0.0236238 0.0182598 0.0135126 0.00948975 0.0062661 0.00385419
 0.00845128 0.0137215 0.0206338 0.0291074 0.0388341 0.0491327 0.0589182 0.0669643 0.0723495 0.0747528 0.0744047 0.0718219 0.067571 0.0621621 0.0560245 0.0495045 0.0428682 0.0363156 0.0300019 0.0240582 0.0186093 0.0137792 0.00968176 0.00639587 0.00393584
 0.00844029 0.0136979 0.020587 0.0290218 0.0386906 0.0489119 0.0586065 0.0665613 0.0718744 0.0742478 0.0739312 0.0714479 0.0673541 0.0621341 0.0561842 0.0498204 0.0432894 0.0367849 0.0304673 0.0244806 0.0189646 0.0140578 0.00988567 0.00653473 0.00402343
 0.00849707 0.0137906 0.0207262 0.0292147 0.0389354 0.0491914 0.0588836 0.0667815 0.0719787 0.0741919 0.073702 0.071072 0.0668921 0.0616651 0.0557844 0.0495434 0.0431553 0.0367814 0.0305596 0.0246258 0.0191238 0.0142033 0.0100026 0.00661926 0.00407879
 0.00863294 0.0140116 0.021058 0.0296785 0.0395404 0.0499238 0.0596964 0.0675933 0.0726863 0.074692 0.073916 0.0709631 0.0664747 0.0610024 0.0549749 0.0486989 0.0423751 0.0361329 0.0300709 0.0242902 0.0189132 0.0140822 0.00993874 0.00658834 0.00406514
 0.00880333 0.0142974 0.0215033 0.0303263 0.0404194 0.0510286 0.06097 0.0689247 0.0739295 0.0756976 0.0745622 0.0711752 0.0662333 0.0603439 0.0539853 0.0474999 0.041103 0.034914 0.0290004 0.023421 0.0182567 0.0136189 0.00963244 0.00639852 0.00395512
 0.00861952 0.0140254 0.021146 0.0299102 0.0399953 0.0506676 0.0607555 0.0689366 0.0742193 0.0762643 0.0753397 0.0720439 0.0670507 0.0609821 0.0543617 0.0475917 0.0409462 0.0345861 0.0285946 0.0230208 0.0179183 0.0133663 0.00946334 0.00629616 0.00389876
 0.00863419 0.0140192 0.0210829 0.0297426 0.0396823 0.0502014 0.0601823 0.0683561 0.0737592 0.0760399 0.0754177 0.0724225 0.0676609 0.061707 0.0550677 0.0481638 0.0413153 0.0347405 0.0285724 0.0228882 0.0177441 0.0132022 0.00933636 0.00621176 0.00384959
 0.00885994 0.0143763 0.0215982 0.0304245 0.0405076 0.0511026 0.0610442 0.0690366 0.0741353 0.0760585 0.0751195 0.0719228 0.0670978 0.0611879 0.0546389 0.0478122 0.0409939 0.0344024 0.028196 0.0224848 0.0173481 0.0128523 0.0090595 0.00601536 0.00372456
#pred catch len freq
 0.00329714 0.0052878 0.00785775 0.0110146 0.0147875 0.0191968 0.0241903 0.0296095 0.0352112 0.0407129 0.0458361 0.0503458 0.0540864 0.0569974 0.0591005 0.0604755 0.0612365 0.0614978 0.0612998 0.0604942 0.0586609 0.0551793 0.0495275 0.0416929 0.0324038
 0.00358866 0.00569607 0.00835433 0.0115415 0.0152856 0.0196441 0.0246213 0.0300957 0.0358069 0.0414022 0.0465178 0.0508707 0.054327 0.0569091 0.058743 0.0599844 0.06076 0.0611268 0.0610236 0.0602084 0.0582261 0.0545043 0.0486273 0.0406854 0.03145
 0.00371889 0.00593546 0.00876115 0.0121751 0.0161787 0.0207692 0.0258751 0.0313253 0.0368727 0.0422372 0.0471359 0.0513173 0.0546151 0.056997 0.0585694 0.0595282 0.0600709 0.0603019 0.0601488 0.0593103 0.057273 0.0534544 0.0474878 0.0395346 0.0304066
 0.00390217 0.00621589 0.00915582 0.0127019 0.0168692 0.0216765 0.0270618 0.0328228 0.0386302 0.0440968 0.0488653 0.0526909 0.0554919 0.0573435 0.0584254 0.0589568 0.0591368 0.0590756 0.058711 0.057739 0.0556289 0.0517868 0.045858 0.0380304 0.0291265
 0.00414988 0.00660429 0.00971359 0.0134465 0.0178057 0.0227986 0.0283549 0.03427 0.0402174 0.0458038 0.0506374 0.0544086 0.0569699 0.058376 0.0588549 0.0587209 0.0582692 0.0576738 0.0569006 0.055652 0.0533956 0.0495369 0.0437231 0.0361378 0.0275787
 0.00444572 0.00706952 0.0103859 0.014354 0.0189671 0.02422 0.0300216 0.0361371 0.0422072 0.0478158 0.0525652 0.0561519 0.0584323 0.0594523 0.0594259 0.0586724 0.0575282 0.0562414 0.0548592 0.0531502 0.0506246 0.0467089 0.0410497 0.0338039 0.0257101
 0.0047786 0.00758934 0.0111301 0.0153476 0.0202247 0.0257466 0.0318072 0.0381465 0.0443721 0.0500334 0.0547065 0.0580772 0.0600108 0.0605753 0.0600071 0.0586397 0.0568227 0.0548323 0.0527719 0.0504902 0.0475811 0.0435342 0.0380173 0.0311548 0.0236027
 0.00513441 0.0081514 0.0119466 0.0164561 0.0216494 0.0274943 0.0338572 0.0404417 0.0468173 0.0525028 0.057056 0.0601582 0.061684 0.0617235 0.0605426 0.0585034 0.0559786 0.0532674 0.0505108 0.0476209 0.0442789 0.0400584 0.0346725 0.0282222 0.0212712
 0.00547835 0.00869439 0.0127358 0.01753 0.0230383 0.0292174 0.0359118 0.0427889 0.0493712 0.0551307 0.0595901 0.0624179 0.0635018 0.0629652 0.0611162 0.0583559 0.0550874 0.0516353 0.0481738 0.0446697 0.0408836 0.0364748 0.0312101 0.0251762 0.0188452
 0.00577406 0.00916754 0.0134352 0.0185002 0.0243165 0.0308267 0.0378501 0.045017 0.0518091 0.0576599 0.0620623 0.0646673 0.0653617 0.064288 0.0617887 0.0583071 0.0542866 0.0500878 0.0459227 0.0418109 0.0375854 0.0329853 0.0278298 0.0221945 0.0164657
 0.00602385 0.00956997 0.014036 0.0193448 0.025448 0.0322794 0.0396364 0.0471129 0.0541434 0.0601141 0.0644804 0.0668754 0.0671916 0.0655969 0.0624706 0.0582949 0.0535497 0.0486303 0.0437883 0.0390953 0.0344529 0.0296727 0.0246217 0.0193644 0.0142061
 0.00623228 0.00990434 0.0145325 0.0200385 0.0263723 0.0334621 0.0410912 0.0488286 0.0560755 0.0621813 0.0665666 0.0688391 0.0688816 0.0668716 0.0632147 0.0584282 0.0530288 0.0474486 0.0419794 0.0367437 0.0317077 0.0267496 0.0217786 0.0168492 0.0121939
 0.0064838 0.0102986 0.0150999 0.0208015 0.0273464 0.0346562 0.0425021 0.050433 0.0578231 0.0639933 0.068341 0.0704606 0.0702346 0.0678523 0.0637385 0.0584341 0.052481 0.0463389 0.0403333 0.0346323 0.0292599 0.0241536 0.0192603 0.0146251 0.0104167
 0.00683102 0.0108254 0.0158237 0.0217164 0.0284304 0.035881 0.0438386 0.0518475 0.0592721 0.0654201 0.0696774 0.0716317 0.0711659 0.0684762 0.0639998 0.0582914 0.0519075 0.0453251 0.0388943 0.0328205 0.0271771 0.0219537 0.0171305 0.0127463 0.00891643
