SBPRF35
7.78865
Curr Bio
528548
B35
647967
F35
0.211855
FOFL
0.160427
OFL
63396.5
Bzero
2.22533e+006
#pred survey bio
 3.81856e+006 3.4149e+006 3.05786e+006 2.73034e+006 2.41534e+006 2.11316e+006 1.81944e+006 1.59125e+006 1.39733e+006 1.21256e+006 1.07693e+006 973956 875794 803228 763844 723245 691154 670685 654174 637330 618692 609267 619204 624743 630003 620169 609342 601606 594330 593557 577438 559410 547626 542180 554259 550362 559543 562429 565364 576766 574360 579054 584965 586331 598741 600535 596970 571448 569251 573113 589010 568496 537862 535461 542558 533001 1.75895e+007 1.02937e+007 1.03978e+007 1.11153e+007 1.21739e+007 1.32984e+007 1.43234e+007 1.51781e+007 1.58512e+007 1.63616e+007 1.67391e+007 1.70138e+007 1.72118e+007 1.7354e+007 1.74559e+007 1.75291e+007 1.75819e+007 1.76203e+007 1.76483e+007 1.76688e+007 1.7684e+007 1.76953e+007 1.77038e+007 1.77101e+007 1.7715e+007 1.77186e+007 1.77214e+007 1.77235e+007 1.77251e+007 1.77263e+007 1.77273e+007 1.7728e+007 1.77286e+007 1.7729e+007 1.77294e+007 1.77296e+007 1.77298e+007 1.773e+007 1.77301e+007 1.77302e+007 1.77303e+007 1.77303e+007 1.77303e+007 1.77304e+007 1.77304e+007 1.77304e+007 1.77304e+007 1.77305e+007 1.77305e+007 1.77305e+007 1.77305e+007 1.77305e+007 1.77305e+007 1.77305e+007 1.77305e+007 1.77305e+007 1.77305e+007 1.77305e+007 1.77305e+007 1.77305e+007 1.77305e+007 1.77305e+007 1.77305e+007 1.77305e+007 1.77305e+007 1.77305e+007 1.77305e+007 1.77305e+007 1.77305e+007 1.77305e+007 1.77305e+007 1.77305e+007 1.77305e+007 1.77305e+007 1.77305e+007 1.77305e+007 1.77305e+007 1.77305e+007 1.77305e+007 1.77305e+007 1.77305e+007 1.77305e+007 1.77305e+007 1.77305e+007 1.77305e+007 1.77305e+007 1.77305e+007 1.77305e+007 1.77305e+007 1.77305e+007 1.77305e+007 1.77305e+007 1.77305e+007 1.77305e+007 1.77305e+007 1.77305e+007 1.77305e+007 1.77305e+007 1.77305e+007 1.77305e+007 0 0 0 0 0 0 0 0 0 0 0 0 0 0 0 0 0 0 0 0 0 0 0 0 0
#obs survey bio
 3.50034e+006 1.9856e+006 2.80854e+006 2.2867e+006 2.39676e+006 1.45097e+006 1.48346e+006 1.52226e+006 1.28904e+006 657332 882450 691523 620693 596074 914632 475018 469366 639866 524716 579714 514115 669209 363628 689434 733705 669720 469889 435083 515440 520122 639565 523600 426711 366895 693727 526684 668854 574755 722594 490581 534089 503054 550339 555936 512288 699196 497906 580086 495436 718173 552910 388962 476064 670016 877862 730063
#pred catch bio
 294212 275889 274890 291699 307600 324529 285974 270018 270991 234028 210076 207452 184271 153861 152218 142303 130020 123899 121088 119529 109500 92251.7 94760.5 92599.3 102289 100322 95834.2 94100.9 87265.8 97589.7 95469.6 89319.8 88067.4 79403.9 96140.8 85415.9 89972.8 88902.7 81662.4 93274.6 87149.1 86394.5 90446.8 82030.8 92005 96545.1 114179 94295.4 89627.3 79188.9 108078 113872 88365.5 78952.8 89267.4 100088 63396.5 79405.7 78721.9 82764 90211.4 98444.1 105915 112023 116696 120111 122524 124187 125311 126059 126552 126873 127081 127214 127300 127354 127389 127411 127425 127434 127439 127443 127445 127446 127447 127448 127448 127448 127448 127448 127449 127449 127449 127449 127449 127449 127449 127449 127449 127449 127449 127449 127449 127449 127449 127449 127449 127449 127449 127449 127449 127449 127449 127449 127449 127449 127449 127449 127449 127449 127449 127449 127449 127449 127449 127449 127449 127449 127449 127449 127449 127449 127449 127449 127449 127449 127449 127449 127449 127449 127449 127449 127449 127449 127449 127449 127449 127449 127449 127449 127449 127449 127449 127449 127449 127449 0 0 0 0 0 0 0 0 0 0 0 0 0 0 0 0 0 0 0 0 0 0 0 0 0
#obs catch bio
 245197 277200 275948 294088 311651 331964 292158 277810 279115 240468 216278 214976 190628 158252 155370 145974 133875 126662 123807 121793 111649 93814.4 96744.5 93562.9 102954 100979 96837.4 95249.3 88349.8 99158.1 96489 89952.8 88983.5 80312.4 97542.1 86254.8 90473.3 89184.8 81746.2 93863.7 87588.4 86796.1 90972.2 82080.1 92629.2 96901.6 115095 94834.4 90546.8 79168.4 108566 114874 88815.7 79077.5 89347.9 100213
#pred cpue bio
 3.7522e+006 3.35298e+006 3.0002e+006 2.67478e+006 2.36103e+006 2.06052e+006 1.76906e+006 1.5427e+006 1.35088e+006 1.1687e+006 1.03472e+006 932984 836640 765888 727919 688800 657677 638058 622544 606689 588920 579940 589861 595853 601749 592743 582410 574960 567988 567537 552514 535580 523494 516276 526612 522881 532416 535786 538857 549942 547580 552129 557906 559222 571112 572735 569286 544349 541896 545791 561834 542278 512357 510091 517711 509623 1.68499e+007 9.86781e+006 9.83971e+006 1.0402e+007 1.1403e+007 1.25133e+007 1.35355e+007 1.43896e+007 1.50626e+007 1.5573e+007 1.59505e+007 1.62252e+007 1.64232e+007 1.65653e+007 1.66672e+007 1.67405e+007 1.67933e+007 1.68316e+007 1.68596e+007 1.68802e+007 1.68954e+007 1.69067e+007 1.69151e+007 1.69215e+007 1.69263e+007 1.693e+007 1.69327e+007 1.69349e+007 1.69365e+007 1.69377e+007 1.69387e+007 1.69394e+007 1.69399e+007 1.69404e+007 1.69407e+007 1.6941e+007 1.69412e+007 1.69413e+007 1.69414e+007 1.69415e+007 1.69416e+007 1.69417e+007 1.69417e+007 1.69417e+007 1.69418e+007 1.69418e+007 1.69418e+007 1.69418e+007 1.69418e+007 1.69418e+007 1.69418e+007 1.69418e+007 1.69418e+007 1.69418e+007 1.69418e+007 1.69419e+007 1.69419e+007 1.69419e+007 1.69419e+007 1.69419e+007 1.69419e+007 1.69419e+007 1.69419e+007 1.69419e+007 1.69419e+007 1.69419e+007 1.69419e+007 1.69419e+007 1.69419e+007 1.69419e+007 1.69419e+007 1.69419e+007 1.69419e+007 1.69419e+007 1.69419e+007 1.69419e+007 1.69419e+007 1.69419e+007 1.69419e+007 1.69419e+007 1.69419e+007 1.69419e+007 1.69419e+007 1.69419e+007 1.69419e+007 1.69419e+007 1.69419e+007 1.69419e+007 1.69419e+007 1.69419e+007 1.69419e+007 1.69419e+007 1.69419e+007 1.69419e+007 1.69419e+007 1.69419e+007 1.69419e+007 1.69419e+007 1.69419e+007 1.69419e+007 0 0 0 0 0 0 0 0 0 0 0 0 0 0 0 0 0 0 0 0 0 0 0 0 0
#obs cpue bio
 2.96402e+006 2.35962e+006 3.64424e+006 1.96292e+006 1.41005e+006 1.45e+006 1.52278e+006 735170 1.2978e+006 1.43951e+006 699423 705750 733559 667670 811532 504576 439179 720509 548118 654256 462685 324591 646921 903464 777160 461829 452625 606156 421775 553461 596430 598090 488008 414839 480693 450647 663404 592426 392015 525886 499902 603101 574222 672766 450400 534964 635479 409783 424736 668383 631202 582533 497982 464098 397497 412544
#pred surv len freq
 0.00630209 0.0100681 0.0148427 0.0204958 0.0268216 0.0334786 0.039946 0.0456232 0.0500492 0.0530654 0.0548009 0.0555344 0.0555624 0.0551296 0.0544033 0.0534706 0.0523497 0.0510069 0.0493539 0.0472198 0.0443319 0.0403715 0.0351429 0.0287823 0.0218473
 0.00658779 0.0104517 0.015277 0.0209038 0.0271401 0.0337142 0.0402036 0.0460719 0.0508329 0.0542074 0.0561652 0.0568705 0.0566049 0.0556968 0.0544487 0.0530739 0.0516622 0.0501791 0.0484775 0.0463085 0.0433495 0.0392897 0.0339892 0.0276473 0.0208465
 0.00718396 0.0113465 0.0164809 0.0223664 0.0287521 0.0353237 0.0416435 0.0472033 0.0515967 0.0546559 0.0564365 0.0571045 0.0568522 0.0558846 0.0544282 0.0527108 0.0509083 0.0490834 0.0471439 0.0448399 0.0418183 0.0377477 0.0324968 0.0262867 0.019705
 0.00761545 0.0120512 0.0175442 0.023861 0.030712 0.0377077 0.0443036 0.049886 0.0539948 0.0564961 0.0575631 0.0575178 0.0566802 0.055303 0.0535714 0.0516256 0.0495726 0.0474652 0.0452542 0.0427465 0.0396284 0.0355841 0.0304829 0.024535 0.0182981
 0.00799255 0.0126509 0.0184242 0.0250723 0.0322966 0.0396899 0.0466697 0.0525584 0.0568124 0.0592178 0.0599024 0.0592084 0.0575495 0.0553184 0.0528296 0.0502904 0.0478005 0.0453648 0.0428944 0.040196 0.0369877 0.0329918 0.0280957 0.0224933 0.0166922
 0.00837438 0.013255 0.019303 0.0262649 0.0338251 0.0415526 0.0488329 0.0549515 0.0593319 0.0617336 0.062259 0.0612228 0.0590244 0.0560775 0.0527674 0.0494051 0.0461875 0.043176 0.0402942 0.037341 0.0340345 0.0301097 0.025461 0.0202601 0.0149548
 0.00881241 0.0139438 0.0202963 0.0275976 0.0355084 0.043567 0.0511187 0.0574061 0.0618214 0.0641158 0.0644032 0.0630156 0.0603613 0.0568547 0.0528857 0.0487917 0.044826 0.0411249 0.0376834 0.034352 0.0308788 0.0270108 0.0226331 0.0178767 0.0131146
 0.00907639 0.0143746 0.0209478 0.0285213 0.0367439 0.0451271 0.0529732 0.0594754 0.0639871 0.0662425 0.0663608 0.0646917 0.0616645 0.057709 0.0532231 0.0485503 0.0439593 0.0396246 0.0356026 0.031817 0.0280822 0.0241856 0.0200134 0.0156525 0.0113942
 0.00937748 0.0148402 0.0216054 0.0293843 0.0378145 0.0463997 0.0544322 0.0610877 0.0656952 0.0679642 0.0679958 0.0661343 0.0628173 0.0584925 0.0535768 0.048428 0.0433258 0.0384621 0.0339293 0.0297094 0.025686 0.0217042 0.0176703 0.0136397 0.00982748
 0.00989424 0.015628 0.022693 0.0307622 0.0394383 0.0481976 0.0563107 0.0629381 0.067408 0.0694472 0.0691872 0.067001 0.0633437 0.0586686 0.0533922 0.0478708 0.0423841 0.0371297 0.0322186 0.0276711 0.0234267 0.0193858 0.0154839 0.0117586 0.00836064
 0.0102369 0.0161747 0.0234952 0.0318567 0.0408361 0.0498683 0.0581694 0.064848 0.0692054 0.0709818 0.0703544 0.0677546 0.0636862 0.0586314 0.0530144 0.047184 0.0414064 0.0358696 0.0306884 0.0259058 0.0215019 0.0174231 0.0136336 0.0101624 0.00711154
 0.0103599 0.0163887 0.0238435 0.0323901 0.0416032 0.0508991 0.0594564 0.0663347 0.0707882 0.0725249 0.0717144 0.0688072 0.0643493 0.058876 0.0528588 0.0466748 0.040597 0.0348057 0.0294073 0.0244491 0.0199322 0.0158331 0.0121376 0.00887071 0.00609809
 0.010456 0.0165526 0.0241053 0.0327847 0.0421653 0.051654 0.0604093 0.0674617 0.0720343 0.0738077 0.0729314 0.0698479 0.0651121 0.0592864 0.0528838 0.0463249 0.0399168 0.0338567 0.0282546 0.023157 0.0185696 0.0144806 0.0108847 0.0077998 0.00526281
 0.0104935 0.0166118 0.0241923 0.032907 0.0423344 0.051888 0.0607319 0.0678977 0.0726004 0.0745011 0.0737218 0.0706764 0.0658969 0.0599368 0.0533167 0.046482 0.0397749 0.0334294 0.0275847 0.022307 0.0176137 0.0135 0.00996087 0.00700301 0.00463787
 0.0105841 0.0167247 0.0242994 0.0329633 0.0422936 0.0517257 0.0604653 0.0675886 0.0723388 0.0743786 0.0738059 0.0709921 0.0664201 0.0605975 0.0540138 0.0471048 0.0402271 0.0336483 0.0275507 0.022042 0.0171727 0.0129576 0.00939717 0.00648825 0.00421974
 0.0107762 0.0170169 0.0246996 0.0334597 0.0428509 0.0522848 0.060948 0.0679131 0.0724465 0.0742621 0.0735189 0.0706329 0.0660952 0.060384 0.0539359 0.0471332 0.0402951 0.0336782 0.0274796 0.02184 0.0168483 0.0125514 0.00896654 0.0060896 0.00389337
 0.0107104 0.0169455 0.0246573 0.0334991 0.0430265 0.0526276 0.0614435 0.0684959 0.0730167 0.0747149 0.0737771 0.0706707 0.065944 0.0601189 0.0536459 0.046887 0.0401194 0.0335558 0.027367 0.0216924 0.0166413 0.0122896 0.00867862 0.00581358 0.0036612
 0.0106421 0.0168288 0.0244739 0.0332359 0.0426874 0.052247 0.0610914 0.0682637 0.0729824 0.0749063 0.0741541 0.0711405 0.0664013 0.0604865 0.0538966 0.0470389 0.0402113 0.0336195 0.0274117 0.0217072 0.0166099 0.0122062 0.00855455 0.005673 0.00352991
 0.0106124 0.0167776 0.0243908 0.0331079 0.0425006 0.0519912 0.0607678 0.0678943 0.0726156 0.0746117 0.0740035 0.0711798 0.0666276 0.0608469 0.0543111 0.0474332 0.0405406 0.0338716 0.0275931 0.0218274 0.0166741 0.0122184 0.00852373 0.00561514 0.00346396
 0.0106717 0.0168585 0.0244836 0.0331929 0.0425524 0.0519856 0.0606884 0.0677357 0.0723852 0.074331 0.0737096 0.0709228 0.0664593 0.0608031 0.0543961 0.0476173 0.0407734 0.0341028 0.0277881 0.0219704 0.0167633 0.0122594 0.00852655 0.0055927 0.00343012
 0.0107764 0.0170164 0.0246975 0.0334551 0.0428442 0.052278 0.0609443 0.0679144 0.0724509 0.0742639 0.0735134 0.0706261 0.0661104 0.060459 0.0541087 0.0474198 0.0406722 0.0340796 0.0278106 0.0220068 0.0167912 0.0122689 0.00851757 0.00557105 0.00340357
 0.0107482 0.0169794 0.0246581 0.0334249 0.0428363 0.0523023 0.061002 0.0679964 0.0725392 0.0743357 0.0735476 0.070609 0.0660411 0.0603514 0.0539887 0.0473177 0.0406124 0.0340719 0.027848 0.0220699 0.0168579 0.0123225 0.00855072 0.00558486 0.00340403
 0.0104472 0.0165286 0.0240523 0.0326874 0.042016 0.0514654 0.0602251 0.0673583 0.0721098 0.0741597 0.0736328 0.0709251 0.0665298 0.0609435 0.0546207 0.0479425 0.041202 0.0346123 0.0283313 0.0224887 0.0172039 0.0125904 0.00874195 0.00570904 0.00347645
 0.0102277 0.0161844 0.0235593 0.0320349 0.0412124 0.0505452 0.059254 0.0664306 0.071332 0.0736261 0.0734033 0.0710142 0.0669089 0.0615507 0.0553763 0.0487648 0.042021 0.0353773 0.0290111 0.023067 0.0176742 0.012953 0.00900391 0.00588411 0.00358343
 0.0101988 0.0161138 0.0234097 0.0317577 0.04076 0.0498917 0.0584141 0.0654667 0.0703447 0.0727331 0.0727156 0.0706158 0.0668421 0.0618107 0.055914 0.0495004 0.0428617 0.0362355 0.0298172 0.0237739 0.0182572 0.0134054 0.00933267 0.00610613 0.00372149
 0.0103052 0.0162767 0.0236337 0.0320341 0.0410618 0.0501692 0.0585971 0.0654775 0.0701235 0.0722667 0.072052 0.0698559 0.0661117 0.0612251 0.0555507 0.0493853 0.042972 0.0365137 0.0301906 0.0241737 0.0186301 0.0137184 0.00957229 0.00627399 0.00382886
 0.0103755 0.0163878 0.0237948 0.0322509 0.0413344 0.0504886 0.0589396 0.0658009 0.0703687 0.0723681 0.0719563 0.0695443 0.0656145 0.0606208 0.0549449 0.0488797 0.0426353 0.0363671 0.0302112 0.0243102 0.0188232 0.0139177 0.00974457 0.00640429 0.00391659
 0.0103712 0.0163856 0.0238004 0.0322734 0.0413847 0.0505764 0.0590704 0.0659722 0.0705675 0.0725685 0.0721199 0.0696261 0.0655762 0.060447 0.0546562 0.0485315 0.042301 0.0361129 0.0300742 0.0242907 0.0188921 0.0140328 0.00986724 0.00650897 0.00399275
 0.0102539 0.016219 0.0235944 0.0320532 0.0411845 0.0504293 0.0589993 0.065987 0.0706661 0.0727389 0.0723406 0.0698664 0.0657975 0.06061 0.0547322 0.0485138 0.042211 0.0359936 0.0299733 0.024242 0.0189047 0.0140929 0.00994957 0.0065897 0.00405716
 0.0098872 0.015679 0.0228872 0.0312237 0.0403074 0.0495916 0.058285 0.0654673 0.0703918 0.0727323 0.0725907 0.0703305 0.0664106 0.0612969 0.0554192 0.0491406 0.0427402 0.0364154 0.0303021 0.0245046 0.0191255 0.0142848 0.0101134 0.00672062 0.00415235
 0.00986272 0.0156122 0.0227389 0.0309458 0.0398616 0.0489752 0.0575499 0.0647155 0.0697458 0.0722949 0.0724162 0.0704183 0.0667186 0.0617601 0.0559663 0.0497048 0.0432672 0.0368699 0.0306705 0.024792 0.0193481 0.0144592 0.0102509 0.00682647 0.00422894
 0.0108586 0.0170132 0.0244424 0.0327158 0.0413901 0.0499854 0.0578838 0.0643666 0.0688349 0.0710196 0.0709979 0.0690573 0.0655595 0.0608749 0.0553586 0.0493306 0.0430608 0.0367663 0.0306195 0.0247635 0.0193295 0.0144488 0.0102495 0.00683302 0.00423994
 0.0118572 0.0185471 0.0265741 0.0354177 0.0445223 0.0532818 0.0609587 0.0667704 0.0701715 0.0710802 0.0698364 0.0669599 0.0629322 0.0581147 0.0527646 0.0470747 0.0412026 0.03529 0.0294729 0.0238871 0.0186719 0.0139699 0.00991664 0.00661609 0.00410943
 0.0116852 0.0184195 0.0266611 0.035966 0.0457829 0.0553961 0.0638565 0.0701399 0.0735221 0.0738707 0.071617 0.0674835 0.0622054 0.0563747 0.0503901 0.0444674 0.0386895 0.033076 0.0276457 0.0224515 0.0175889 0.0131847 0.00937293 0.0062604 0.00389233
 0.0109905 0.0173933 0.0253181 0.034412 0.0442184 0.0540992 0.0631457 0.0703038 0.0747169 0.0760231 0.0743953 0.0703757 0.0646793 0.0580438 0.0511116 0.0443398 0.0379695 0.0320651 0.0265969 0.0215248 0.0168534 0.0126461 0.00900414 0.00602351 0.00375018
 0.0107548 0.0170029 0.0247205 0.0335631 0.0431043 0.052768 0.0617354 0.0690452 0.0738941 0.0758957 0.0751062 0.0718804 0.0667306 0.0602513 0.0530615 0.0457264 0.0386768 0.0321663 0.0262845 0.0210175 0.0163251 0.0121982 0.00867255 0.00580266 0.00361602
 0.0106297 0.0167869 0.0243712 0.0330313 0.0423434 0.051751 0.0604781 0.0676255 0.0724606 0.0746579 0.0743013 0.0717149 0.0673084 0.061517 0.0547939 0.047598 0.0403598 0.0334357 0.0270693 0.0213828 0.0164079 0.0121383 0.008571 0.00571233 0.00355372
 0.0107142 0.0168996 0.0244933 0.0331254 0.0423573 0.0516272 0.060165 0.0670897 0.0717008 0.0737205 0.0732914 0.0707921 0.0666582 0.0612984 0.0550788 0.0483317 0.0413698 0.0344921 0.0279685 0.0220118 0.0167591 0.0122773 0.00858665 0.00567815 0.003513
 0.0107949 0.0170227 0.0246624 0.0333354 0.0425913 0.0518539 0.0603378 0.0671509 0.0715933 0.0734053 0.0727656 0.0701021 0.0659018 0.060611 0.0546015 0.0481658 0.0415361 0.034918 0.0285164 0.022536 0.0171594 0.0125221 0.00870034 0.00570941 0.00350673
 0.0107314 0.0169305 0.0245442 0.0332015 0.042457 0.0517354 0.0602469 0.0670908 0.0715545 0.0733651 0.0726923 0.0699663 0.0656925 0.0603503 0.0543473 0.0479979 0.0415256 0.0350938 0.0288484 0.0229457 0.0175552 0.0128366 0.00890874 0.00582416 0.00355798
 0.0107459 0.0169587 0.0245952 0.0332858 0.0425839 0.0519075 0.0604561 0.0673169 0.0717686 0.0735344 0.0727854 0.0699569 0.0655645 0.0601047 0.0540095 0.0476196 0.041176 0.0348388 0.0287257 0.0229507 0.0176466 0.0129587 0.00901678 0.00589701 0.00359615
 0.0107269 0.0169235 0.024535 0.033192 0.0424529 0.0517468 0.060288 0.0671748 0.0716864 0.0735327 0.0728626 0.0700893 0.0657142 0.0602315 0.0540835 0.0476311 0.0411396 0.0347881 0.028699 0.022973 0.0177187 0.0130604 0.00911969 0.0059797 0.0036507
 0.010716 0.0169045 0.0245037 0.033143 0.0423798 0.0516441 0.0601536 0.0670143 0.0715159 0.0733782 0.0727545 0.0700515 0.065754 0.060335 0.0542205 0.0477672 0.0412501 0.0348666 0.0287559 0.0230267 0.0177827 0.0131361 0.00919771 0.00604768 0.00370069
 0.0108675 0.0171211 0.0247746 0.0334389 0.0426603 0.05187 0.0602975 0.0670633 0.0714699 0.0732474 0.0725576 0.0698161 0.0655122 0.0601165 0.0540441 0.0476362 0.0411551 0.0347942 0.0286976 0.0229819 0.0177555 0.0131288 0.00920724 0.00606625 0.00372009
 0.0107521 0.0169657 0.0245991 0.0332793 0.0425555 0.0518429 0.0603415 0.067145 0.071546 0.0732861 0.0725504 0.0697757 0.0654626 0.0600811 0.0540391 0.0476676 0.0412189 0.0348788 0.0287891 0.0230692 0.0178329 0.0131949 0.00926252 0.00611063 0.00375326
 0.010669 0.0168452 0.0244459 0.0331102 0.0423984 0.0517321 0.0603103 0.0672153 0.0717169 0.0735271 0.0728078 0.0699912 0.0655952 0.060121 0.0540048 0.0475926 0.0411358 0.0348096 0.0287428 0.0230449 0.0178254 0.0131985 0.00927222 0.00612277 0.00376495
 0.0107638 0.016974 0.0245935 0.0332479 0.0424937 0.051764 0.0602806 0.0671499 0.071655 0.0735037 0.0728388 0.070066 0.065682 0.060181 0.0540092 0.047534 0.0410284 0.0346795 0.0286159 0.0229386 0.0177467 0.0131463 0.00924152 0.0061072 0.00375871
 0.0110236 0.0173815 0.025177 0.0340169 0.0434299 0.0528116 0.0613417 0.0680964 0.07236 0.0738807 0.0728659 0.0697828 0.0651638 0.0595084 0.0532501 0.0467395 0.0402389 0.0339309 0.0279409 0.0223633 0.0172854 0.0127998 0.00899856 0.00594897 0.00366355
 0.0107557 0.0170094 0.0247351 0.0335798 0.0430947 0.0526673 0.0614406 0.0684392 0.0728967 0.0745242 0.0735123 0.0703377 0.0655643 0.0597334 0.0533138 0.0466757 0.0400855 0.0337229 0.0277088 0.022134 0.0170805 0.0126334 0.00887563 0.00586639 0.00361317
 0.010505 0.0166134 0.0241641 0.0328237 0.0421759 0.0516553 0.060458 0.0676452 0.0724439 0.074505 0.0739248 0.0710882 0.0665045 0.0607089 0.054203 0.047408 0.0406387 0.0341088 0.0279569 0.0222791 0.0171557 0.0126663 0.00888664 0.00586828 0.00361256
 0.0104512 0.0164921 0.0239195 0.0323844 0.0414751 0.0506627 0.0592109 0.0662606 0.0711032 0.0734143 0.073264 0.0709644 0.0669227 0.0615728 0.0553472 0.0486483 0.0418193 0.0351287 0.028773 0.0228919 0.0175914 0.012961 0.00907655 0.00598473 0.0036802
 0.0107023 0.0168864 0.0244827 0.0331192 0.0423472 0.0515863 0.0600454 0.0668334 0.0712622 0.07309 0.0725077 0.0699366 0.0658378 0.0606275 0.0546639 0.0482544 0.0416634 0.035121 0.0288255 0.0229448 0.0176185 0.0129609 0.00905956 0.00596264 0.00366083
 0.0106848 0.0169071 0.0246041 0.0334279 0.0429286 0.0524843 0.0612247 0.0681657 0.0725466 0.0741012 0.0730563 0.0699235 0.0652858 0.0596738 0.0535142 0.0471142 0.0406802 0.0343583 0.0282752 0.0225602 0.0173475 0.0127649 0.00891656 0.00586113 0.00359317
 0.0103039 0.0163282 0.0238125 0.0324487 0.0418344 0.0513978 0.0603111 0.067604 0.0724758 0.0745614 0.0739572 0.0710672 0.0664345 0.0606311 0.054181 0.0474995 0.0408674 0.0344507 0.0283499 0.0226498 0.0174489 0.0128605 0.00899157 0.00591112 0.00362184
 0.0097386 0.0154723 0.022643 0.0309887 0.0401504 0.0495917 0.0585186 0.0659949 0.0712418 0.0738831 0.0739561 0.0717608 0.0677161 0.0622908 0.0559648 0.0491832 0.0423109 0.0356102 0.0292511 0.0233449 0.017984 0.0132653 0.0092846 0.00610927 0.00374496
 0.0091872 0.0146416 0.0215159 0.0295944 0.0385574 0.047894 0.0568262 0.0644292 0.0699294 0.0729443 0.0734916 0.071838 0.0683533 0.0634398 0.0575026 0.0509282 0.0440649 0.0372091 0.0305979 0.0244124 0.0187924 0.0138547 0.0096972 0.00638331 0.00391502
#obs surv len freq
 0.00496997 0.00814153 0.0123851 0.0177143 0.0240025 0.0308827 0.0377275 0.0438119 0.0485851 0.0518467 0.0537172 0.054484 0.0544683 0.0539679 0.0532431 0.0525064 0.0519017 0.0514626 0.0510501 0.0502945 0.0486138 0.0453774 0.0402083 0.0332758 0.0253618
 0.00517476 0.00847665 0.0128938 0.018439 0.0249774 0.0321221 0.0392125 0.0454843 0.0503536 0.053602 0.0553473 0.0558843 0.0555465 0.0546465 0.0534616 0.052226 0.0511104 0.0501825 0.0493426 0.0482633 0.046402 0.0431559 0.0381521 0.0315305 0.0240123
 0.00541153 0.00886298 0.0134779 0.0192666 0.0260834 0.033517 0.0408684 0.0473302 0.0522858 0.0555035 0.0571053 0.0573991 0.0567323 0.0554298 0.0537803 0.0520302 0.050368 0.0488891 0.0475357 0.046035 0.0439046 0.0405908 0.0357382 0.0294575 0.0223967
 0.00565604 0.00926312 0.014085 0.0201303 0.0272421 0.0349829 0.0426124 0.0492762 0.0543216 0.0575026 0.0589474 0.0589814 0.0579719 0.0562604 0.054147 0.051886 0.0496749 0.0476272 0.0457202 0.0437388 0.0412724 0.0378345 0.0331033 0.0271671 0.0205954
 0.00589168 0.00965212 0.0146815 0.0209885 0.0284059 0.0364689 0.044393 0.0512735 0.0564183 0.0595653 0.0608482 0.060611 0.0592439 0.0571097 0.0545248 0.0517536 0.0490002 0.0463887 0.0439234 0.0414406 0.0386037 0.0350031 0.0303635 0.0247605 0.0186865
 0.00615597 0.0100823 0.0153301 0.0219051 0.0296284 0.0380092 0.0462212 0.053312 0.0585504 0.0616562 0.0627663 0.0622423 0.0604983 0.0579219 0.0548508 0.051564 0.0482736 0.0451125 0.0421049 0.0391305 0.0359221 0.0321475 0.0275845 0.0223039 0.0167261
 0.00638676 0.0104639 0.0159163 0.0227497 0.0307743 0.0394712 0.0479692 0.0552658 0.0605927 0.0636562 0.0646009 0.063807 0.06171 0.0587169 0.0551831 0.0514016 0.0475956 0.0439088 0.0403849 0.0369428 0.0333768 0.0294275 0.0249255 0.0199414 0.0148311
 0.006627 0.0108551 0.0165062 0.0235838 0.0318875 0.040875 0.0496368 0.0571261 0.062538 0.0655609 0.0663422 0.0652789 0.0628302 0.059428 0.0554482 0.0511981 0.04691 0.0427364 0.0387379 0.0348677 0.0309757 0.026868 0.022424 0.0177161 0.0130422
 0.00684137 0.0112106 0.017054 0.024375 0.0329619 0.0422436 0.0512658 0.0589322 0.0644034 0.0673579 0.0679551 0.0666151 0.0638211 0.0600265 0.0556252 0.0509385 0.0462082 0.0415948 0.0371735 0.0329265 0.0287513 0.024511 0.0201282 0.0156766 0.0114027
 0.00705867 0.0115628 0.0175822 0.0251174 0.0339474 0.0434809 0.0527309 0.0605622 0.0661017 0.06901 0.069447 0.0678482 0.0647213 0.0605471 0.0557435 0.0506485 0.0455141 0.0405082 0.0357173 0.0311473 0.0267353 0.0223917 0.0180746 0.0138582 0.00994352
 0.00727316 0.0119165 0.0181231 0.0258915 0.0349872 0.0447887 0.0542637 0.0622295 0.0677825 0.0705793 0.0707987 0.0689044 0.0654312 0.0608827 0.0556953 0.0502215 0.0447236 0.0393766 0.0342765 0.0294474 0.0248569 0.0204528 0.0162202 0.0122311 0.00864592
 0.00743454 0.0121828 0.0185315 0.0264797 0.0357867 0.0458131 0.0554958 0.0636147 0.0692329 0.0719889 0.0720602 0.0699255 0.0661445 0.0612493 0.0557024 0.0498757 0.0440436 0.0383891 0.0330175 0.0279685 0.0232336 0.0187891 0.0146393 0.0108512 0.00755002
 0.00753145 0.0123422 0.0187753 0.0268307 0.0362658 0.0464341 0.056259 0.0645023 0.0702093 0.0730029 0.0730497 0.0708213 0.0668767 0.0617557 0.0559365 0.0498118 0.0436767 0.0377329 0.0321022 0.0268421 0.0219662 0.0174728 0.0133801 0.00974885 0.00667329
 0.00760858 0.0124592 0.0189365 0.0270362 0.0365141 0.0467261 0.0565995 0.0648993 0.0706695 0.0735272 0.0736279 0.071428 0.0674708 0.0622828 0.0563364 0.0500279 0.0436663 0.0374746 0.0315994 0.0261255 0.0210928 0.0165228 0.012446 0.00891733 0.00600526
 0.00765827 0.0125392 0.019055 0.0271991 0.0367227 0.0469744 0.0568732 0.0651795 0.0709407 0.0737851 0.0738815 0.0716932 0.0677577 0.0625848 0.0566251 0.0502575 0.043784 0.0374337 0.0313726 0.0257133 0.0205277 0.015865 0.011772 0.00830185 0.00550284
 0.00770664 0.0126086 0.0191424 0.0272969 0.0368216 0.0470683 0.0569623 0.0652688 0.0710369 0.0738926 0.0740025 0.0718296 0.0679136 0.0627634 0.0568224 0.0504558 0.0439495 0.0375232 0.0313457 0.0255471 0.0202271 0.015465 0.0113287 0.00787667 0.00514455
 0.00778282 0.0127276 0.0193118 0.0275183 0.0370885 0.0473636 0.057258 0.0655306 0.0712332 0.0740062 0.0740353 0.0718001 0.067848 0.0626874 0.0567548 0.0504046 0.043909 0.0374736 0.0312585 0.0253957 0.0199999 0.0151729 0.0110038 0.00756098 0.00487495
 0.00781398 0.0127777 0.0193863 0.0276217 0.0372234 0.0475289 0.0574469 0.0657289 0.0714212 0.0741619 0.0741408 0.0718468 0.0678393 0.0626375 0.0566836 0.0503301 0.0438408 0.0374097 0.0311856 0.0252956 0.0198584 0.0149892 0.0107931 0.00734949 0.00468909
 0.00784079 0.0128163 0.0194353 0.0276771 0.0372807 0.0475854 0.0575035 0.0657898 0.0714905 0.0742405 0.0742238 0.0719241 0.0678991 0.062671 0.0566886 0.0503115 0.0438071 0.0373673 0.0311347 0.02523 0.0197701 0.0148752 0.0106601 0.00721231 0.00456522
 0.00787724 0.01287 0.0195056 0.0277593 0.0373667 0.0476656 0.0575687 0.0658335 0.071511 0.0742423 0.0742161 0.0719169 0.0678984 0.0626761 0.0566938 0.0503097 0.043794 0.0373418 0.0310973 0.0251802 0.0197063 0.0147967 0.0105706 0.00712044 0.00448164
 0.0078776 0.0128692 0.0195016 0.0277494 0.0373477 0.0476353 0.0575266 0.0657816 0.0714544 0.0741883 0.0741739 0.0718958 0.0679056 0.062714 0.0567582 0.0503908 0.0438789 0.0374183 0.0311564 0.0252166 0.019718 0.014785 0.0105401 0.00707886 0.00443806
 0.00790728 0.012911 0.0195526 0.0278026 0.0373938 0.0476652 0.0575344 0.0657654 0.071416 0.0741325 0.074108 0.0718289 0.0678477 0.0626739 0.0567419 0.050399 0.0439071 0.0374577 0.0311964 0.0252479 0.0197345 0.0147849 0.0105255 0.00705492 0.00441122
 0.00790246 0.0129073 0.0195543 0.0278152 0.0374216 0.0477075 0.0575834 0.0658078 0.0714378 0.0741255 0.0740726 0.0717735 0.0677848 0.0626162 0.0566992 0.050377 0.0439068 0.0374754 0.0312248 0.0252781 0.0197586 0.0147979 0.0105267 0.00704692 0.00439841
 0.00788367 0.0128718 0.0194924 0.0277167 0.0372802 0.0475273 0.0573824 0.065615 0.071284 0.0740316 0.0740439 0.0718014 0.0678542 0.0627129 0.056813 0.0505018 0.0440381 0.0376083 0.0313532 0.0253946 0.0198563 0.0148723 0.0105769 0.00707601 0.00441192
 0.0078759 0.0128565 0.019464 0.0276677 0.037202 0.0474126 0.0572285 0.0654277 0.0710794 0.0738355 0.0738857 0.071706 0.0678336 0.0627638 0.0569206 0.0506465 0.0442015 0.037776 0.0315144 0.0255409 0.0199809 0.0149709 0.0106483 0.0071225 0.00443869
 0.007842 0.0128014 0.0193814 0.0275519 0.0370495 0.0472239 0.05701 0.0651924 0.0708449 0.0736217 0.0737124 0.0715918 0.0677934 0.0628053 0.0570409 0.0508315 0.0444292 0.038022 0.0317565 0.0257621 0.02017 0.0151217 0.0107599 0.00719841 0.00448564
 0.00785346 0.0128133 0.0193869 0.0275402 0.0370085 0.0471444 0.0568896 0.0650363 0.070665 0.0734333 0.0735323 0.071436 0.0676774 0.0627422 0.0570397 0.0508944 0.0445496 0.0381848 0.0319416 0.0259485 0.0203402 0.015264 0.0108689 0.0072749 0.00453446
 0.00782674 0.0127738 0.0193344 0.0274762 0.0369345 0.04706 0.0567918 0.0649214 0.070532 0.0732873 0.073385 0.0713036 0.0675762 0.0626856 0.057036 0.0509464 0.0446544 0.0383333 0.032119 0.0261361 0.0205192 0.0154193 0.0109918 0.00736344 0.00459241
 0.00780945 0.0127431 0.0192838 0.0273991 0.0368266 0.0469231 0.0566355 0.0647615 0.0703853 0.0731653 0.0732915 0.0712373 0.0675353 0.0626714 0.0570531 0.0509999 0.0447468 0.0384621 0.0322756 0.0263072 0.0206885 0.0155716 0.0111164 0.0074559 0.00465452
 0.00779499 0.0127178 0.0192421 0.0273346 0.0367333 0.0467973 0.0564788 0.0645826 0.0701998 0.0729928 0.0731512 0.0711431 0.0674928 0.0626783 0.0571026 0.051085 0.0448618 0.0386025 0.0324354 0.026477 0.0208561 0.0157241 0.0112433 0.007552 0.00472042
 0.00772368 0.0126072 0.019086 0.0271308 0.0364849 0.0465129 0.0561734 0.0642774 0.0699199 0.0727632 0.0729926 0.071069 0.0675079 0.0627783 0.0572749 0.0513114 0.0451226 0.0388796 0.0327137 0.0267435 0.0210991 0.0159334 0.0114117 0.00767716 0.00480553
 0.00929276 0.0147957 0.0217106 0.0297987 0.0387086 0.0478933 0.0565444 0.0637315 0.0687196 0.0712127 0.0713436 0.0694877 0.0660852 0.0615539 0.0562581 0.0504937 0.0444856 0.0383997 0.032366 0.0265041 0.0209452 0.0158435 0.011366 0.0076587 0.00480122
 0.00930258 0.0151004 0.0226769 0.0318779 0.0422373 0.0528261 0.0622856 0.0692336 0.0728562 0.0732247 0.0710919 0.0673894 0.062834 0.0578258 0.0525454 0.0470802 0.0414985 0.0358751 0.0302946 0.024856 0.0196802 0.0149138 0.0107178 0.00723388 0.00454199
 0.00896053 0.0145663 0.0219357 0.0309859 0.0413734 0.0523241 0.062591 0.0707425 0.075673 0.0769855 0.0750135 0.0705667 0.0646176 0.0580476 0.0514816 0.0452326 0.0393615 0.0338025 0.0284799 0.0233726 0.0185315 0.0140688 0.0101294 0.00684893 0.00430744
 0.00878812 0.0142732 0.0214718 0.0303011 0.0404376 0.0511625 0.0613274 0.0696242 0.0750463 0.077197 0.0762532 0.0727266 0.0672658 0.0605706 0.0533321 0.0461371 0.0393712 0.033189 0.027572 0.0224338 0.0177164 0.0134372 0.00968133 0.00655514 0.00412926
 0.00872262 0.014161 0.0212914 0.0300255 0.040037 0.0506106 0.060614 0.0687744 0.0741421 0.0763925 0.0757631 0.0727698 0.067968 0.0618717 0.0549663 0.0477217 0.0405637 0.0338192 0.027673 0.0221747 0.0172979 0.0130142 0.00933673 0.00631224 0.00397669
 0.00867378 0.0140856 0.0211847 0.0298842 0.0398568 0.0503841 0.0603301 0.0684202 0.0737109 0.075897 0.0752525 0.0723403 0.0677519 0.0619937 0.0554784 0.0485527 0.0415268 0.0346848 0.0282675 0.0224429 0.0172975 0.0128594 0.00913671 0.0061363 0.00385131
 0.00869149 0.0141054 0.0211981 0.0298779 0.0398167 0.0503004 0.0602008 0.0682499 0.0735054 0.0756585 0.0749819 0.0720478 0.0674717 0.0617895 0.0554287 0.0487142 0.041895 0.0351797 0.0287624 0.0228218 0.0175035 0.0129063 0.00908242 0.00604464 0.00376603
 0.00866428 0.0140687 0.0211561 0.0298379 0.0397849 0.0502772 0.0601776 0.0682118 0.0734379 0.075554 0.0748425 0.0718831 0.0672967 0.0616266 0.0553105 0.0486808 0.041978 0.0353808 0.029042 0.0231111 0.0177354 0.0130448 0.00913143 0.00603448 0.00373153
 0.00865685 0.0140544 0.0211309 0.029798 0.039729 0.0502091 0.0601071 0.0681513 0.0733959 0.0755296 0.0748247 0.0718566 0.0672504 0.06156 0.0552363 0.0486224 0.0419628 0.0354293 0.0291555 0.0232669 0.0178952 0.0131724 0.00920879 0.00606487 0.00373153
 0.00864732 0.0140392 0.0211086 0.0297669 0.0396876 0.0501562 0.0600428 0.0680786 0.0733216 0.0754634 0.0747756 0.071829 0.0672411 0.0615603 0.055238 0.0486239 0.0419717 0.0354586 0.0292153 0.0233562 0.018 0.0132716 0.00928457 0.0061105 0.00375131
 0.00864348 0.0140322 0.0210968 0.0297483 0.0396605 0.0501197 0.0599976 0.068027 0.0732669 0.0754095 0.074727 0.0717902 0.0672161 0.0615507 0.055242 0.048638 0.0419934 0.0354888 0.0292575 0.0234127 0.0180673 0.0133406 0.0093442 0.00615332 0.00377625
 0.00864061 0.0140288 0.0210937 0.029747 0.0396619 0.0501235 0.0600016 0.0680273 0.0732595 0.0753921 0.0746995 0.0717555 0.0671787 0.0615158 0.0552143 0.0486201 0.0419864 0.035493 0.029273 0.0234393 0.0181031 0.013381 0.00938279 0.00618443 0.00379721
 0.00864065 0.0140288 0.0210938 0.0297474 0.039663 0.0501261 0.0600065 0.0680349 0.0732687 0.0754003 0.074703 0.0717508 0.0671641 0.0614927 0.0551863 0.0485922 0.0419634 0.0354783 0.0292686 0.0234454 0.0181185 0.0134024 0.00940598 0.00620515 0.00381277
 0.00863953 0.0140281 0.0210947 0.0297515 0.039672 0.0501407 0.0600258 0.0680567 0.0732902 0.0754185 0.0747157 0.0717561 0.0671606 0.0614797 0.0551645 0.0485642 0.0419332 0.0354506 0.0292475 0.0234333 0.0181157 0.0134074 0.00941564 0.00621608 0.00382228
 0.00862426 0.014006 0.0210665 0.02972 0.0396413 0.0501152 0.0600094 0.0680519 0.0732978 0.0754373 0.0747423 0.0717862 0.0671897 0.0615039 0.0551812 0.0485725 0.041934 0.0354465 0.0292418 0.0234292 0.0181154 0.0134112 0.00942255 0.0062241 0.00382956
 0.00862426 0.014006 0.0210665 0.02972 0.0396413 0.0501152 0.0600094 0.0680519 0.0732978 0.0754373 0.0747423 0.0717862 0.0671897 0.0615039 0.0551812 0.0485725 0.041934 0.0354465 0.0292418 0.0234292 0.0181154 0.0134112 0.00942255 0.0062241 0.00382956
 0.00880257 0.0142827 0.0214574 0.0302282 0.0402539 0.0507997 0.0607117 0.0686998 0.073814 0.0757583 0.0748343 0.0716504 0.0668578 0.0610269 0.0546172 0.0479767 0.0413519 0.0349113 0.0287749 0.0230419 0.0178104 0.0131844 0.00926434 0.00612136 0.00376789
 0.0087634 0.0142437 0.0214441 0.030279 0.0404088 0.051084 0.0611207 0.0691957 0.0743353 0.0762364 0.0752089 0.0718791 0.0669207 0.0609275 0.0543797 0.0476396 0.0409601 0.0345077 0.0283945 0.022709 0.0175382 0.0129764 0.00911611 0.00602343 0.00370825
 0.00865679 0.0140653 0.0211689 0.0298879 0.0399023 0.0504974 0.0605327 0.0687161 0.0740711 0.0762512 0.0754983 0.0723761 0.0675236 0.0615333 0.0549093 0.0480486 0.0412377 0.0346682 0.0284663 0.0227235 0.0175228 0.0129506 0.00909135 0.00600463 0.00369612
 0.00852878 0.0138516 0.0208372 0.0294064 0.0392481 0.0496715 0.0595756 0.0677146 0.0731501 0.075549 0.0751328 0.0724112 0.0679495 0.0622691 0.0558277 0.0490131 0.0421363 0.0354313 0.0290674 0.0231687 0.017836 0.0131614 0.00922765 0.00608902 0.00374583
 0.00881629 0.0142917 0.0214462 0.0301735 0.0401304 0.05059 0.0604163 0.0683441 0.0734485 0.0754517 0.0746595 0.0716642 0.0670802 0.0614286 0.0551233 0.0484875 0.0417741 0.0351848 0.0288859 0.0230174 0.0177007 0.0130423 0.00912987 0.0060161 0.00369685
 0.00890481 0.0144653 0.0217605 0.0306931 0.0409063 0.0516265 0.0616436 0.0696164 0.0745758 0.0762513 0.075005 0.0715154 0.0664881 0.0605175 0.0540552 0.0474181 0.0408165 0.0343941 0.0282661 0.0225438 0.017342 0.0127732 0.00893334 0.00587958 0.00360851
 0.00868441 0.0141226 0.0212778 0.0300754 0.0401925 0.0508991 0.0610275 0.0692543 0.0745793 0.076649 0.0757193 0.0723864 0.0673323 0.0611911 0.0544918 0.0476312 0.0408716 0.03437 0.0282237 0.0225134 0.0173282 0.0127689 0.00893093 0.00587574 0.00360354
 0.0085916 0.013949 0.0209759 0.0295911 0.0394833 0.0499622 0.059925 0.0681188 0.0735905 0.0759871 0.0755123 0.0726697 0.0680364 0.0621633 0.055547 0.0486095 0.041678 0.0349806 0.0286644 0.0228281 0.0175554 0.0129331 0.00904618 0.00595166 0.00364942
 0.00870247 0.0141155 0.0211982 0.0298534 0.0397493 0.0501738 0.0600078 0.0680012 0.073234 0.0754168 0.0748261 0.072014 0.0675557 0.0619476 0.0556025 0.0488664 0.0420284 0.035325 0.028942 0.0230222 0.0176783 0.0130071 0.00909013 0.00597768 0.00366433
#pred catch len freq
 0.00546221 0.00859144 0.012427 0.0168242 0.0216764 0.0269 0.0323536 0.0377965 0.0429353 0.0475055 0.0513186 0.0542748 0.05636 0.0576323 0.0581896 0.0581318 0.0575371 0.0564469 0.0548399 0.0525881 0.0494314 0.0450428 0.0392208 0.0321265 0.0243873
 0.00573651 0.00896753 0.0128696 0.0172725 0.0220808 0.0272697 0.0327797 0.0384208 0.043872 0.0487583 0.0527478 0.055637 0.0573995 0.0581739 0.05819 0.0576744 0.0567791 0.0555453 0.0538894 0.0515996 0.0483622 0.04386 0.0379543 0.0308769 0.0232832
 0.00630732 0.00981785 0.0140014 0.0186282 0.0235502 0.0287119 0.0340542 0.0394261 0.0445855 0.0492526 0.0531572 0.0560754 0.0578792 0.0585835 0.0583515 0.0574388 0.0560974 0.0544762 0.0525499 0.0501031 0.0467868 0.0422597 0.0363923 0.0294421 0.0220718
 0.00677124 0.0105545 0.0150757 0.0200843 0.0253972 0.0309039 0.0364686 0.041861 0.0467916 0.0509981 0.0542988 0.0565992 0.0578847 0.0582148 0.057713 0.0565515 0.0549198 0.0529661 0.0507182 0.0480252 0.04458 0.0400567 0.0343252 0.0276317 0.0206091
 0.00720778 0.0112338 0.0160448 0.0213752 0.0270326 0.0328986 0.0388174 0.0445104 0.0496098 0.0537642 0.0567291 0.0584124 0.0588844 0.0583453 0.0570556 0.0552624 0.0531525 0.0508277 0.0482783 0.0453564 0.0417925 0.0373029 0.0317774 0.0254448 0.0188839
 0.00767202 0.0119519 0.0170587 0.0227041 0.0286762 0.0348438 0.0410371 0.0469581 0.0522121 0.0564124 0.0592692 0.0606421 0.0605714 0.0592751 0.0570925 0.0543896 0.0514662 0.0484913 0.0454718 0.0422535 0.0385675 0.0341447 0.0288831 0.0229869 0.0169688
 0.00813566 0.0126695 0.0180727 0.0240333 0.0303188 0.0367803 0.0432281 0.0493382 0.0546892 0.058874 0.0615914 0.0626931 0.0622105 0.0603533 0.0574666 0.0539524 0.0501817 0.0464154 0.0427462 0.0390809 0.0351847 0.0308019 0.0258198 0.0203973 0.014965
 0.00845944 0.0131814 0.0188171 0.0250446 0.0316193 0.0383753 0.0450967 0.0514255 0.0569063 0.0611073 0.0637153 0.0645827 0.0637489 0.0614335 0.0579898 0.0538294 0.0493465 0.0448505 0.040508 0.0363115 0.032103 0.0276725 0.0229086 0.0179204 0.0130464
 0.0088572 0.0137863 0.0196515 0.0261067 0.0328915 0.0398362 0.0467249 0.0531922 0.0587635 0.0629803 0.0655048 0.0661764 0.0650373 0.0623222 0.0584032 0.0537079 0.048644 0.0435427 0.0386137 0.0339174 0.0293757 0.024845 0.0202367 0.0156242 0.0112585
 0.0093932 0.0145958 0.0207548 0.0274829 0.0344872 0.0415811 0.0485429 0.0550045 0.0604919 0.0645526 0.0668597 0.0672624 0.0658085 0.0627364 0.0584219 0.0532979 0.0477798 0.0422107 0.0368257 0.0317312 0.0269138 0.0222937 0.0178155 0.0135326 0.00962314
 0.00977257 0.0151888 0.0216026 0.0286066 0.035884 0.0432184 0.050351 0.0568764 0.0622965 0.06616 0.0681656 0.0682021 0.0663563 0.0628948 0.0582064 0.0527238 0.046855 0.0409388 0.0352188 0.02983 0.0248069 0.0201225 0.0157544 0.0117465 0.00822115
 0.00998797 0.0155348 0.0221167 0.0293235 0.036832 0.0444117 0.0517774 0.058485 0.0639933 0.0678157 0.0696351 0.0693519 0.0670919 0.0631758 0.058044 0.0521624 0.0459487 0.0397361 0.0337611 0.028165 0.0230073 0.0182958 0.0140337 0.0102595 0.00705379
 0.0100966 0.0157144 0.0223937 0.0297274 0.0373939 0.0451586 0.0527239 0.0596231 0.0652848 0.069188 0.0709843 0.0705538 0.0680227 0.0637371 0.0581825 0.0518761 0.045278 0.0387447 0.0325204 0.0267479 0.0214939 0.0167805 0.0126213 0.00904711 0.00610539
 0.0100749 0.0156858 0.0223643 0.0297113 0.0374146 0.0452499 0.0529274 0.059982 0.0658318 0.0699307 0.0718935 0.0715606 0.0690254 0.0646184 0.0588319 0.052212 0.0452619 0.0383844 0.0318609 0.0258599 0.0204638 0.0157038 0.0115947 0.00815457 0.00540147
 0.0101896 0.0158369 0.0225273 0.0298427 0.0374667 0.0451929 0.0527683 0.0597695 0.0656446 0.0698556 0.0720012 0.0718853 0.0695527 0.065284 0.0595332 0.0528313 0.0456939 0.0385589 0.0317552 0.0254988 0.0199095 0.0150416 0.0109161 0.00753975 0.00490454
 0.010378 0.0161206 0.0229101 0.0303086 0.0379777 0.0456917 0.0531845 0.0600338 0.0657115 0.0697263 0.0717316 0.0715707 0.0692942 0.0651523 0.0595463 0.0529513 0.045844 0.0386508 0.0317182 0.0252999 0.01956 0.0145899 0.0104302 0.00708636 0.00453156
 0.0102908 0.0160142 0.0228153 0.0302755 0.0380615 0.0459295 0.0535741 0.0605265 0.0662226 0.0701595 0.0720089 0.0716581 0.0692134 0.0649708 0.059348 0.0528014 0.0457636 0.0386152 0.0316753 0.0251982 0.0193728 0.0143249 0.0101231 0.00678382 0.00427312
 0.0102072 0.0158784 0.0226136 0.030002 0.0377272 0.045572 0.0532605 0.0603397 0.0662307 0.0703831 0.0724055 0.0721364 0.0696703 0.0653315 0.059588 0.0529419 0.0458466 0.0386737 0.0317168 0.0252081 0.0193309 0.0142238 0.00997564 0.00661799 0.00411878
 0.010172 0.01582 0.0225226 0.0298672 0.0375364 0.0453154 0.0529381 0.0599714 0.0658637 0.0700882 0.0722578 0.0721849 0.069913 0.0657128 0.0600229 0.0533519 0.046185 0.0389291 0.0318974 0.0253242 0.0193877 0.0142249 0.00993062 0.00654453 0.00403815
 0.010237 0.0159097 0.0226277 0.0299681 0.0376066 0.0453288 0.0528748 0.0598218 0.0656312 0.0697926 0.071938 0.0718966 0.069716 0.06565 0.0601021 0.0535417 0.0464302 0.0391738 0.032103 0.0254732 0.0194779 0.0142627 0.0099269 0.00651377 0.00399588
 0.0103056 0.0160128 0.0227668 0.0301371 0.0377922 0.0455105 0.0530265 0.0599149 0.0656401 0.0697022 0.0717506 0.071635 0.0694209 0.0653725 0.0598905 0.0534265 0.0464143 0.0392336 0.0322007 0.0255723 0.0195538 0.0143055 0.00993849 0.00650298 0.00397378
 0.0101875 0.0158422 0.02255 0.0298944 0.0375532 0.0453053 0.052878 0.0598341 0.0656249 0.0697388 0.0718169 0.0717076 0.0694838 0.0654234 0.059941 0.0534963 0.0465201 0.0393795 0.0323748 0.0257513 0.019713 0.0144278 0.0100188 0.00654633 0.00399092
