SBPRF35
7.80805
Curr Bio
620465
B35
556406
F35
0.213515
FOFL
0.213515
OFL
112617
Bzero
2.23087e+06
#pred survey bio
 3.53168e+06 3.45034e+06 3.34574e+06 3.1892e+06 2.78935e+06 2.49449e+06 2.24967e+06 1.99935e+06 1.818e+06 1.67449e+06 1.55645e+06 1.44554e+06 1.30756e+06 1.12433e+06 989146 813408 708373 661729 659983 655095 633531 615335 580406 554898 541991 501496 516777 518412 526993 534029 541835 542837 545071 564576 563961 566875 556137 513912 494148 529751 604017 667221 734994 706349 611149 600850 591807 603401 605974 612670 586034 556283 587260 640943 658330 605895 547569 519676 508138 539339 574235 628831 1.57984e+07 1.43552e+07 1.441e+07 1.47296e+07 1.51978e+07 1.57002e+07 1.6165e+07 1.65591e+07 1.68753e+07 1.71198e+07 1.73045e+07 1.74421e+07 1.75437e+07 1.76185e+07 1.76735e+07 1.7714e+07 1.7744e+07 1.77663e+07 1.7783e+07 1.77954e+07 1.78048e+07 1.7812e+07 1.78174e+07 1.78215e+07 1.78246e+07 1.7827e+07 1.78288e+07 1.78303e+07 1.78313e+07 1.78322e+07 1.78328e+07 1.78333e+07 1.78337e+07 1.7834e+07 1.78342e+07 1.78344e+07 1.78345e+07 1.78346e+07 1.78347e+07 1.78348e+07 1.78348e+07 1.78349e+07 1.78349e+07 1.78349e+07 1.7835e+07 1.7835e+07 1.7835e+07 1.7835e+07 1.7835e+07 1.7835e+07 1.7835e+07 1.7835e+07 1.7835e+07 1.7835e+07 1.7835e+07 1.7835e+07 1.7835e+07 1.7835e+07 1.7835e+07 1.7835e+07 1.7835e+07 1.7835e+07 1.7835e+07 1.7835e+07 1.7835e+07 1.7835e+07 1.7835e+07 1.7835e+07 1.7835e+07 1.7835e+07 1.7835e+07 1.7835e+07 1.7835e+07 1.7835e+07 1.7835e+07 1.7835e+07 1.7835e+07 1.7835e+07 1.7835e+07 1.7835e+07 1.7835e+07 1.7835e+07 1.7835e+07 1.7835e+07 1.7835e+07 1.7835e+07 1.7835e+07 1.7835e+07 1.7835e+07 1.7835e+07 1.7835e+07 1.7835e+07 1.7835e+07 1.7835e+07 1.7835e+07 1.7835e+07 1.7835e+07 1.7835e+07 1.7835e+07 1.7835e+07 0 0 0 0 0 0 0 0 0 0 0 0 0 0 0 0 0 0 0 0 0 0 0 0 0
#obs survey bio
 3.42642e+06 5.27097e+06 3.64009e+06 3.0682e+06 2.60621e+06 3.08512e+06 2.5542e+06 1.94724e+06 1.45263e+06 1.55802e+06 1.45568e+06 1.40493e+06 1.56710e+06 1.21771e+06 1.14012e+06 588714 553085 553697 902531 673564 652185 766174 594918 468960 518888 541243 676906 541042 494911 554515 597428 541393 454753 614071 699986 613953 858602 459699 424628 368209 675351 653812 869281 754780 488485 513091 534747 655197 540048 484829 558809 558769 550341 912143 673654 573356 688820 491125 489735 498027 600713 702260
#pred catch bio
 94259.2 91943.5 151881 226894 243866 258361 305479 274925 304860 297075 285044 285769 273921 244267 241654 204751 193177 160235 153859 146320 121597 123500 116151 117075 113222 94357.9 105366 102498 106283 100544 99007.9 93243.8 85896.3 103303 88873 86836.8 85553.7 91786.3 80656.8 81979.7 97035 87819.8 90137.3 83774 92651.9 88628.2 89873.8 90210 84737.1 91435.2 114407 83612.3 80580.2 94923.6 138149 132057 88627.8 88887.2 60799.1 82464.6 87936 95296.2 112617 111586 110742 112025 114832 118017 120951 123376 125246 126620 127595 128267 128723 129027 129226 129357 129441 129495 129530 129552 129566 129575 129581 129584 129586 129588 129589 129589 129589 129590 129590 129590 129590 129590 129590 129590 129590 129590 129590 129590 129590 129590 129590 129590 129590 129590 129590 129590 129590 129590 129590 129590 129590 129590 129590 129590 129590 129590 129590 129590 129590 129590 129590 129590 129590 129590 129590 129590 129590 129590 129590 129590 129590 129590 129590 129590 129590 129590 129590 129590 129590 129590 129590 129590 129590 129590 129590 129590 129590 129590 129590 129590 129590 129590 129590 129590 129590 129590 129590 129590 0 0 0 0 0 0 0 0 0 0 0 0 0 0 0 0 0 0 0 0 0 0 0 0 0
#obs catch bio
 0 91565.7 152015 227171 243968 258175 306160 274275 305775 297512 285198 286140 273274 244681 241077 204096 194963 160832 154079 146371 121281 123438 115996 117574 112836 94518.3 105419 102473 106468 100521 99007.3 93189.4 85760.6 103650 88804.8 86854.2 85329.6 91900.6 80654.1 82196.6 97251.7 87849.5 90029.5 83485.3 93020.7 88534.3 89991.6 90226.9 84680.3 91173.5 114907 83528.2 80577.5 94665.5 138438 132452 88286.2 89210 60475.5 82650.6 88023.2 95283.2
#pred cpue bio
 3.49162e+06 3.41131e+06 3.30659e+06 3.15001e+06 2.75325e+06 2.45981e+06 2.21596e+06 1.96673e+06 1.78575e+06 1.64184e+06 1.52324e+06 1.41195e+06 1.27445e+06 1.09331e+06 959685 787309 684061 637698 635576 630664 609596 592007 558223 533582 521074 482016 496775 498419 506796 513600 521295 522447 524771 543812 543324 546289 534834 492576 472403 506328 577786 638590 703952 676923 585860 575568 567008 578169 580730 587376 561860 532490 562059 613970 630918 579283 521932 495459 484827 515769 549639 601956 1.51362e+07 1.37763e+07 1.37666e+07 1.40258e+07 1.44796e+07 1.49796e+07 1.54441e+07 1.58381e+07 1.61543e+07 1.63988e+07 1.65835e+07 1.67211e+07 1.68227e+07 1.68975e+07 1.69525e+07 1.6993e+07 1.7023e+07 1.70453e+07 1.7062e+07 1.70745e+07 1.70839e+07 1.7091e+07 1.70964e+07 1.71005e+07 1.71036e+07 1.7106e+07 1.71079e+07 1.71093e+07 1.71103e+07 1.71112e+07 1.71118e+07 1.71123e+07 1.71127e+07 1.7113e+07 1.71132e+07 1.71134e+07 1.71135e+07 1.71137e+07 1.71137e+07 1.71138e+07 1.71139e+07 1.71139e+07 1.71139e+07 1.71139e+07 1.7114e+07 1.7114e+07 1.7114e+07 1.7114e+07 1.7114e+07 1.7114e+07 1.7114e+07 1.7114e+07 1.7114e+07 1.7114e+07 1.7114e+07 1.7114e+07 1.7114e+07 1.7114e+07 1.7114e+07 1.7114e+07 1.7114e+07 1.7114e+07 1.7114e+07 1.7114e+07 1.7114e+07 1.7114e+07 1.7114e+07 1.7114e+07 1.7114e+07 1.7114e+07 1.7114e+07 1.7114e+07 1.7114e+07 1.7114e+07 1.7114e+07 1.7114e+07 1.7114e+07 1.7114e+07 1.7114e+07 1.7114e+07 1.7114e+07 1.7114e+07 1.7114e+07 1.7114e+07 1.7114e+07 1.7114e+07 1.7114e+07 1.7114e+07 1.7114e+07 1.7114e+07 1.7114e+07 1.7114e+07 1.7114e+07 1.7114e+07 1.7114e+07 1.7114e+07 1.7114e+07 1.7114e+07 1.7114e+07 1.7114e+07 0 0 0 0 0 0 0 0 0 0 0 0 0 0 0 0 0 0 0 0 0 0 0 0 0
#obs cpue bio
 3.63274e+06 2.46348e+06 2.57932e+06 4.53816e+06 2.35427e+06 2.02868e+06 1.93183e+06 2.24515e+06 1.73252e+06 1.80214e+06 1.64781e+06 1.41791e+06 1.38228e+06 738235 1.17364e+06 1.09326e+06 501837 769987 526704 674989 620702 487352 550794 455833 916442 264292 496358 454863 504290 519429 487358 548201 575536 479769 448333 491719 439379 502808 491225 528520 668346 546838 805397 740336 483939 858037 528764 595699 607045 911642 512016 492945 540110 537373 611464 567174 467888 465516 554836 516814 481343 593417
#pred surv len freq
 0.00422065 0.00696669 0.0106973 0.0154603 0.0211697 0.027511 0.0339269 0.0397749 0.0445761 0.0481695 0.0506711 0.0523213 0.0533542 0.0539459 0.0542163 0.0542526 0.0541342 0.0539329 0.0536558 0.0531312 0.0519103 0.0493204 0.0447509 0.0380666 0.0298631
 0.00450881 0.00734939 0.0111176 0.0158196 0.0213644 0.0274846 0.0337047 0.0394528 0.0442679 0.0479465 0.0505363 0.0522305 0.0532655 0.0538613 0.0541894 0.0543602 0.0544274 0.0543927 0.0541778 0.0535514 0.0520687 0.0491328 0.0442488 0.0373809 0.0291601
 0.0045635 0.00749909 0.0114481 0.0164292 0.0223168 0.0287478 0.0351181 0.0407613 0.0452211 0.0484056 0.0505176 0.0518635 0.0527067 0.0532306 0.0535602 0.0537832 0.0539465 0.0540318 0.0539117 0.0532954 0.0517075 0.0485803 0.0435011 0.0365246 0.0283287
 0.00463179 0.00760633 0.0116078 0.0166649 0.0226729 0.0292935 0.0359315 0.0418852 0.0466079 0.0498896 0.0518498 0.0528037 0.0531194 0.0531239 0.0530533 0.0530371 0.053106 0.0531956 0.053122 0.0525381 0.0509302 0.0477312 0.0425731 0.0355737 0.0274516
 0.00486846 0.00797527 0.012133 0.017357 0.0235278 0.0302931 0.0370473 0.0430868 0.0478708 0.0511903 0.0531416 0.0539872 0.054041 0.0536201 0.0530193 0.0524735 0.0521131 0.051923 0.0517093 0.0510776 0.049465 0.0462812 0.0411707 0.0342808 0.0263467
 0.00502747 0.00825975 0.0126077 0.0180947 0.0245876 0.0316899 0.0387262 0.0449243 0.0497084 0.0528844 0.0545987 0.0551646 0.0549157 0.0541517 0.0531381 0.0521061 0.0512277 0.0505609 0.0499784 0.0491176 0.0474115 0.0442525 0.0392722 0.0326103 0.0249837
 0.00518744 0.00852232 0.0130097 0.0186777 0.0253966 0.0327663 0.0400934 0.0465685 0.0515629 0.0548271 0.0564698 0.0568018 0.0561904 0.054985 0.0534895 0.0519502 0.0505446 0.0493509 0.0482875 0.0470509 0.0451234 0.0419218 0.0370752 0.030696 0.0234511
 0.00546423 0.00896908 0.0136757 0.0196058 0.0266147 0.0342752 0.0418561 0.0485095 0.0535827 0.0568205 0.0583355 0.0584396 0.0574978 0.0558632 0.0538574 0.0517548 0.0497617 0.0479838 0.0463747 0.0446822 0.0424515 0.0391543 0.0344417 0.0284007 0.0216275
 0.00567646 0.00932119 0.0142188 0.0203917 0.0276857 0.0356475 0.043503 0.0503575 0.0555238 0.0587366 0.0601203 0.060007 0.0587775 0.0567899 0.0543629 0.0517695 0.0492252 0.0468607 0.0446722 0.0424684 0.0398678 0.0364105 0.0317849 0.0260606 0.0197604
 0.00592519 0.00973411 0.0148561 0.0213146 0.028944 0.0372593 0.0454346 0.0525155 0.0577687 0.0609106 0.0620763 0.0616289 0.0599874 0.0575442 0.0546388 0.0515481 0.0484818 0.04557 0.0428294 0.0401198 0.0371369 0.0335022 0.0289556 0.0235584 0.0177596
 0.00619181 0.0101614 0.0154884 0.0221913 0.0300948 0.0386958 0.0471388 0.0544313 0.0598032 0.0629447 0.0639797 0.0632756 0.0612699 0.0583838 0.0549877 0.0513832 0.0477926 0.044351 0.0410877 0.0378986 0.034544 0.0307234 0.0262332 0.0211354 0.0158124
 0.00641735 0.0105338 0.016059 0.0230099 0.0311982 0.0400908 0.0487874 0.0562495 0.0616787 0.0647634 0.065644 0.064707 0.0624016 0.0591549 0.0553435 0.0512797 0.0471999 0.0432554 0.0394972 0.0358572 0.0321528 0.028152 0.0237039 0.0188747 0.0139883
 0.00664902 0.0109143 0.0166389 0.0238388 0.0323146 0.0415067 0.0504709 0.058118 0.0636093 0.0666169 0.0672912 0.0660481 0.0633731 0.0597245 0.0554978 0.0510109 0.0464987 0.0421141 0.0379213 0.0338849 0.0298754 0.0257236 0.0213264 0.0167541 0.0122783
 0.00688204 0.0112981 0.0172255 0.0246789 0.0334474 0.0429421 0.0521731 0.0599997 0.0655438 0.0684625 0.0689153 0.0673433 0.0642655 0.060176 0.0555013 0.05058 0.0456546 0.0408775 0.0363161 0.0319539 0.027702 0.0234435 0.019117 0.0147959 0.010705
 0.00692935 0.01141 0.0174586 0.0251085 0.0341494 0.0439661 0.0535157 0.0615964 0.0672813 0.0702044 0.0705267 0.0687068 0.0652902 0.060801 0.055697 0.0503436 0.0450034 0.0398406 0.0349321 0.0302774 0.0258165 0.0214715 0.0172113 0.0131101 0.00935195
 0.00720036 0.0118266 0.0180431 0.0258705 0.0350919 0.0450903 0.0548186 0.0630582 0.0688501 0.0717883 0.0720018 0.0699403 0.0661691 0.0612536 0.0556979 0.0499052 0.0441617 0.0386439 0.0334363 0.0285501 0.023946 0.0195726 0.0154179 0.0115503 0.0081154
 0.00727492 0.0119852 0.0183485 0.0263988 0.0359072 0.0462099 0.0561885 0.0645595 0.0703387 0.0731434 0.0731509 0.0708497 0.0668176 0.0616134 0.0557357 0.0495967 0.043504 0.0376594 0.0321706 0.0270696 0.0223383 0.0179455 0.0138898 0.0102296 0.00707432
 0.00742684 0.0122167 0.0186711 0.02682 0.0364388 0.0468743 0.0570148 0.0655643 0.0714995 0.0743821 0.0743442 0.0718649 0.0675526 0.0620175 0.0558024 0.0493421 0.04295 0.0368311 0.031103 0.025816 0.0209744 0.0165668 0.0126002 0.00912093 0.00620528
 0.00746745 0.0122666 0.0187166 0.0268392 0.0364093 0.0467862 0.0568843 0.0654407 0.0714606 0.0745144 0.0747112 0.0724755 0.0683467 0.0628796 0.0565973 0.0499526 0.0432993 0.0368857 0.0308667 0.0253239 0.0202897 0.0157752 0.0117976 0.00839539 0.00561802
 0.00760582 0.0124638 0.0189609 0.0271001 0.0366427 0.0469463 0.0569353 0.0653676 0.0712774 0.0742685 0.0744801 0.0723488 0.0683962 0.063129 0.057008 0.0504334 0.0437363 0.0371774 0.030949 0.0251799 0.0199477 0.0152979 0.0112658 0.00788813 0.00519386
 0.00780473 0.0127647 0.0193704 0.027605 0.0372089 0.0475194 0.0574446 0.0657361 0.0714405 0.0741971 0.0741959 0.0719232 0.0679313 0.0627277 0.0567427 0.0503248 0.0437491 0.0372365 0.0309694 0.0250978 0.0197393 0.0149824 0.0108933 0.00751848 0.00487657
 0.0077792 0.0127334 0.0193419 0.0275927 0.0372259 0.0475716 0.0575246 0.0658233 0.071507 0.0742176 0.0741567 0.0718284 0.0678043 0.062608 0.0566754 0.0503449 0.0438652 0.0374225 0.0311711 0.0252527 0.0198014 0.0149384 0.010764 0.00734566 0.00470383
 0.00780507 0.0127751 0.0194043 0.0276808 0.037345 0.0477257 0.0577143 0.0660411 0.071734 0.0744232 0.0743039 0.0718846 0.0677537 0.0624601 0.0564648 0.0501207 0.0436741 0.0372921 0.0311002 0.025215 0.0197607 0.0148679 0.0106578 0.00721786 0.00457764
 0.00775216 0.0127033 0.0193224 0.0276062 0.0372985 0.0477251 0.0577679 0.0661469 0.0718823 0.0745997 0.0744904 0.0720585 0.0678898 0.062536 0.05647 0.0500628 0.0435776 0.0371879 0.0310121 0.0251499 0.0197095 0.014815 0.010593 0.0071421 0.0045009
 0.00777611 0.0127346 0.0193563 0.0276352 0.0373175 0.0477364 0.0577843 0.0661875 0.071963 0.0747234 0.0746435 0.0722156 0.0680226 0.0626212 0.0564938 0.0500228 0.0434835 0.0370592 0.0308724 0.0250187 0.0195963 0.0147195 0.0105102 0.0070688 0.00443772
 0.00794441 0.0129795 0.0196711 0.027994 0.0376808 0.0480619 0.0580373 0.0663472 0.0720256 0.0747016 0.0745615 0.0721 0.0678925 0.062483 0.0563435 0.0498532 0.0432911 0.0368487 0.0306561 0.0248124 0.0194134 0.0145671 0.0103891 0.00697599 0.00436916
 0.00776065 0.0127232 0.0193628 0.0276768 0.0374047 0.0478617 0.0579166 0.0662824 0.0719851 0.0746688 0.0745453 0.0721273 0.0679903 0.0626613 0.0565889 0.0501336 0.0435683 0.0370909 0.0308451 0.0249448 0.0194965 0.0146126 0.0104088 0.00697956 0.00436398
 0.00779379 0.0127502 0.0193564 0.0276017 0.037235 0.0476029 0.0576173 0.0660205 0.0718322 0.0746537 0.0746428 0.0722797 0.0681434 0.0627897 0.0566962 0.0502352 0.0436739 0.0371971 0.0309405 0.0250182 0.0195431 0.0146349 0.0104133 0.00697389 0.0043543
 0.00776373 0.0127117 0.0193156 0.027566 0.0372051 0.0475649 0.0575428 0.0658803 0.0716192 0.0743982 0.0744062 0.0721251 0.0681048 0.0628604 0.0568413 0.0504156 0.0438613 0.0373762 0.0311022 0.0251553 0.01965 0.0147101 0.0104601 0.00699884 0.00436502
 0.00778001 0.0127317 0.0193343 0.0275764 0.037202 0.0475484 0.0575191 0.0658559 0.0715929 0.0743581 0.0743369 0.0720228 0.0679862 0.0627572 0.0567831 0.0504149 0.043911 0.0374577 0.0311955 0.0252451 0.0197264 0.014768 0.010499 0.00702143 0.00437594
 0.00776739 0.0127047 0.019282 0.0274847 0.0370575 0.0473451 0.0572643 0.0655728 0.0713169 0.0741276 0.0741814 0.0719549 0.0680007 0.0628387 0.0569158 0.0505874 0.0441141 0.0376795 0.0314202 0.0254551 0.0199071 0.0149111 0.010603 0.00709046 0.00441751
 0.00781645 0.0127685 0.0193482 0.0275311 0.0370569 0.047274 0.057111 0.0653419 0.0710291 0.0738161 0.0738867 0.0717163 0.0678481 0.0627853 0.0569569 0.0507057 0.0442872 0.0378852 0.0316382 0.0256671 0.0200974 0.0150684 0.0107221 0.00717282 0.00446923
 0.00785572 0.0128235 0.0194137 0.0275949 0.0371004 0.047275 0.0570482 0.0652003 0.0708062 0.0735269 0.0735638 0.0714045 0.0675927 0.0626212 0.0569013 0.0507562 0.0444256 0.0380842 0.0318682 0.025901 0.0203133 0.0152512 0.0108641 0.00727367 0.00453442
 0.00764282 0.0125162 0.019023 0.027155 0.0366582 0.046873 0.0567114 0.0649342 0.0706042 0.0733799 0.0734683 0.0713644 0.0676181 0.0627239 0.0570894 0.0510286 0.0447698 0.0384767 0.0322788 0.026298 0.0206696 0.0155478 0.0110927 0.00743594 0.0046399
 0.0078008 0.0127242 0.0192476 0.0273397 0.036745 0.0468325 0.0565625 0.0647362 0.0704238 0.0732554 0.0733931 0.0713015 0.0675295 0.0625954 0.0569363 0.0508848 0.0446698 0.0384421 0.0323118 0.0263847 0.0207867 0.0156711 0.0112029 0.00752248 0.00470027
 0.00853686 0.0137673 0.020531 0.0286994 0.037959 0.0476904 0.0569282 0.0645785 0.0698127 0.0723353 0.0723419 0.070282 0.0666497 0.061894 0.0563991 0.0504774 0.0443637 0.038223 0.0321736 0.0263196 0.0207796 0.0157013 0.0112495 0.00756909 0.00473767
 0.00908252 0.0146676 0.0218997 0.0306207 0.0404349 0.0505757 0.0598954 0.067164 0.0715528 0.072933 0.0717686 0.06876 0.0645407 0.0595652 0.0541307 0.0484326 0.0426084 0.036765 0.0309965 0.0254 0.0200909 0.0152115 0.0109216 0.00736382 0.00461817
 0.00907824 0.0147401 0.0221572 0.0312164 0.0415314 0.0522823 0.0622019 0.0698997 0.0743936 0.075459 0.0735642 0.0695293 0.0641962 0.0582467 0.052142 0.0461309 0.0403027 0.0346633 0.0292051 0.0239511 0.0189735 0.0143919 0.0103534 0.00699462 0.00439516
 0.00896617 0.0145912 0.0219992 0.0311089 0.041566 0.0525754 0.0628752 0.0710463 0.0760311 0.0774841 0.0757363 0.0715079 0.065629 0.0588773 0.0518898 0.0451067 0.0387549 0.0328866 0.0274569 0.0224052 0.0177155 0.0134389 0.00967899 0.00654964 0.00412291
 0.00882857 0.014354 0.0216206 0.0305512 0.040817 0.0516772 0.0619463 0.0702769 0.0756414 0.0776574 0.0765515 0.0728972 0.0673773 0.0606703 0.053401 0.0460938 0.0391266 0.0327096 0.0269053 0.0216845 0.0169971 0.0128291 0.00921977 0.00623714 0.0039293
 0.00871455 0.0141655 0.0213307 0.0301314 0.0402421 0.0509356 0.0610547 0.0692961 0.0746842 0.0768819 0.0761331 0.0729805 0.0680205 0.061806 0.0548371 0.0475644 0.0403742 0.0335648 0.027327 0.0217455 0.0168314 0.012572 0.00896855 0.00604051 0.00379754
 0.00883637 0.0143287 0.021511 0.0302829 0.0403071 0.0508614 0.0608091 0.0688743 0.0741099 0.0762071 0.0754411 0.0723836 0.0676442 0.0617536 0.0551462 0.0481778 0.0411484 0.0343189 0.0279083 0.0220798 0.0169324 0.0125123 0.00883546 0.00590173 0.00368849
 0.00876381 0.0142228 0.0213728 0.0301174 0.0401173 0.0506409 0.0605401 0.0685347 0.0736882 0.0757171 0.0749267 0.0719134 0.067298 0.0616071 0.0552541 0.0485539 0.0417499 0.0350466 0.0286333 0.0226863 0.0173554 0.0127495 0.0089304 0.0059136 0.00366671
 0.00876846 0.0142157 0.021336 0.0300275 0.039954 0.0503985 0.0602345 0.0681987 0.0733562 0.0754093 0.0746459 0.0716561 0.0670717 0.0614405 0.0551924 0.0486418 0.0420087 0.035457 0.0291338 0.0231912 0.0177857 0.0130596 0.00911663 0.00600308 0.00369708
 0.00880391 0.0142704 0.0214117 0.0301209 0.040054 0.0504846 0.0602781 0.0681703 0.0732373 0.075202 0.0743729 0.0713512 0.0667681 0.0611653 0.0549709 0.0485015 0.0419763 0.0355464 0.0293331 0.0234603 0.018068 0.0133033 0.00929247 0.00610861 0.00374843
 0.00864052 0.0140727 0.0212384 0.0300645 0.0402113 0.0509106 0.0609494 0.0689818 0.0740345 0.0758329 0.0747322 0.071401 0.0665345 0.0607197 0.0544053 0.0479075 0.0414318 0.0351076 0.0290285 0.0232884 0.0180014 0.0133008 0.00931486 0.00613026 0.00375962
 0.00868008 0.014088 0.0211761 0.0298586 0.0398177 0.050351 0.0603354 0.0684891 0.0738304 0.0759944 0.0752083 0.072041 0.0671599 0.0611946 0.0546715 0.0479803 0.0413721 0.0349896 0.0289153 0.0232179 0.0179837 0.0133241 0.00935756 0.00617259 0.00379068
 0.00861972 0.0140205 0.0211272 0.0298612 0.0398911 0.050477 0.0604514 0.0685141 0.0737162 0.0757681 0.0749679 0.0719015 0.0671855 0.0613652 0.0549034 0.0481794 0.0414805 0.0350012 0.0288626 0.0231454 0.0179255 0.0132945 0.0093536 0.00618294 0.00380432
 0.0086397 0.0140326 0.0211101 0.0297888 0.039746 0.0502676 0.0602174 0.068312 0.0735886 0.0757198 0.0749707 0.0719241 0.067222 0.0614363 0.0550298 0.0483553 0.041671 0.0351639 0.0289721 0.0232024 0.0179485 0.0133046 0.00936344 0.00619566 0.00381753
 0.00856514 0.0139248 0.0209715 0.029627 0.0395684 0.0500745 0.060002 0.0680695 0.0733296 0.0754768 0.0747891 0.0718416 0.0672522 0.0615678 0.0552389 0.0486166 0.0419589 0.0354505 0.0292293 0.0234105 0.0181017 0.0134099 0.0094336 0.00624217 0.00384809
 0.00862358 0.0140065 0.0210704 0.0297301 0.0396603 0.0501442 0.0600453 0.0680863 0.0733171 0.0754268 0.0746932 0.0717011 0.0670849 0.0614039 0.0551084 0.0485385 0.041937 0.0354751 0.0292827 0.023473 0.0181582 0.0134526 0.00946205 0.00625987 0.00385899
 0.00886254 0.0144004 0.0216698 0.0305771 0.0407688 0.0514749 0.0614887 0.0694707 0.0744494 0.0761476 0.074918 0.0714311 0.0663922 0.0604051 0.0539388 0.0473277 0.0407907 0.0344637 0.0284405 0.0228047 0.0176498 0.0130815 0.0092033 0.0060892 0.00375383
 0.00873593 0.0142022 0.021389 0.0302163 0.0403534 0.05106 0.0611584 0.0693202 0.0745499 0.0765108 0.0754822 0.0720807 0.0669986 0.0608687 0.0542118 0.0474158 0.0407373 0.0343282 0.0282778 0.0226532 0.0175283 0.0129935 0.00914423 0.00605191 0.00373165
 0.00861417 0.0139977 0.0210701 0.0297528 0.0397271 0.0502818 0.0602832 0.0684502 0.0738189 0.0760511 0.0753859 0.0723696 0.0676148 0.0616912 0.0550948 0.0482314 0.0414058 0.0348253 0.028621 0.0228798 0.0176765 0.0130919 0.00921027 0.00609555 0.00375911
 0.00874054 0.0141733 0.0212779 0.0299551 0.0398719 0.0503154 0.0601643 0.0681615 0.0733761 0.0755074 0.0748284 0.0719018 0.0673276 0.0616323 0.055252 0.0485397 0.0417746 0.0351719 0.0288949 0.0230672 0.0177898 0.0131539 0.00924242 0.0061121 0.0037679
 0.0090706 0.0147321 0.0221544 0.0312307 0.0415837 0.0524069 0.06245 0.0703408 0.0751066 0.0765094 0.0749676 0.0712153 0.0659938 0.0599069 0.0533966 0.0467637 0.0402048 0.0338546 0.0278217 0.0222077 0.0171136 0.012638 0.00886732 0.00585654 0.00360683
 0.00912072 0.0148554 0.0224188 0.0317286 0.0424132 0.0536371 0.0640823 0.0722811 0.0771624 0.0784152 0.0764371 0.0720122 0.0659975 0.0591475 0.0520402 0.0450552 0.0383953 0.0321434 0.0263298 0.0209837 0.0161568 0.0119226 0.00835768 0.00551404 0.00339222
 0.00892899 0.014523 0.0218864 0.0309452 0.0413689 0.0524053 0.0628442 0.0713031 0.0767169 0.0786768 0.0774068 0.0735076 0.0677133 0.0607548 0.0532844 0.0458167 0.0386936 0.0320941 0.0260814 0.0206647 0.0158511 0.0116704 0.00816925 0.00538397 0.00330903
 0.00888305 0.0144436 0.0217562 0.0307396 0.0410562 0.0519519 0.06223 0.0705463 0.0758988 0.0779471 0.0769524 0.0734866 0.068182 0.0616308 0.0543714 0.0468781 0.0395385 0.0326311 0.0263225 0.0206888 0.0157557 0.0115354 0.00804311 0.00528707 0.00324384
 0.00869541 0.0141178 0.0212298 0.0299478 0.0399542 0.0505453 0.0605994 0.0688449 0.0743194 0.0766771 0.0761417 0.0732357 0.0685372 0.0625714 0.0557926 0.0485935 0.0413159 0.0342533 0.0276435 0.0216579 0.0164025 0.011933 0.00827139 0.00541111 0.00330813
 0.00881047 0.0142884 0.0214529 0.030202 0.0401945 0.0507033 0.06059 0.0685861 0.0737648 0.075846 0.0751299 0.0721978 0.0676482 0.0619836 0.0556 0.0488089 0.0418664 0.0350008 0.0284283 0.0223479 0.0169256 0.0122794 0.00847336 0.00551533 0.00335592
 0.00857196 0.013971 0.0211039 0.029906 0.0400457 0.050762 0.0608475 0.0689588 0.0741212 0.0760524 0.0750957 0.0719047 0.0671568 0.0614156 0.0551021 0.0485072 0.0418286 0.0352182 0.0288259 0.0228172 0.0173657 0.0126269 0.00870988 0.00565575 0.00342914
#obs surv len freq
 nan nan nan nan nan nan nan nan nan nan nan nan nan nan nan nan nan nan nan nan nan nan nan nan nan
 0.00448413 0.00734504 0.0111743 0.0159897 0.0216892 0.0279635 0.0342765 0.0400072 0.0446869 0.0481515 0.0505108 0.0520082 0.0529021 0.0534159 0.0537314 0.0539873 0.0542665 0.0545597 0.0546987 0.0542907 0.0527287 0.0493606 0.0438099 0.0362893 0.0276722
 0.00461302 0.00755725 0.0114983 0.0164524 0.0223095 0.0287416 0.0351841 0.0409848 0.0456523 0.0490168 0.0511988 0.0524642 0.0530987 0.0533531 0.0534316 0.0534878 0.0536108 0.0537903 0.0538546 0.0534086 0.0518472 0.0485227 0.0430603 0.0356657 0.0271956
 0.00478398 0.00783448 0.0119144 0.0170376 0.0230863 0.029716 0.0363355 0.04226 0.0469699 0.0502782 0.0523029 0.0533202 0.0536366 0.053532 0.0532432 0.0529543 0.0527778 0.0527175 0.0526082 0.0520589 0.0504692 0.0471966 0.0418657 0.0346685 0.026432
 0.00497146 0.00814401 0.0123889 0.0177195 0.0240089 0.0308894 0.0377332 0.043815 0.0485848 0.0518436 0.0537132 0.054481 0.0544677 0.0539694 0.0532454 0.0525081 0.0519018 0.0514609 0.0510468 0.0502902 0.048609 0.0453726 0.0402039 0.0332721 0.025359
 0.00517752 0.00848045 0.0128983 0.0184434 0.024981 0.0321243 0.0392133 0.0454839 0.0503522 0.0535995 0.0553437 0.0558798 0.0555421 0.0546433 0.0534605 0.0522268 0.0511124 0.0501845 0.0493437 0.0482634 0.0464011 0.0431544 0.0381505 0.031529 0.0240111
 0.00540528 0.00885251 0.0134615 0.0192428 0.0260509 0.0334757 0.0408199 0.0472783 0.0522354 0.05546 0.0570732 0.0573808 0.0567285 0.0554394 0.0538013 0.05206 0.0504043 0.0489296 0.047578 0.0460773 0.0439452 0.0406281 0.0357708 0.0294842 0.0224168
 0.00563237 0.00922769 0.0140373 0.0200718 0.0271755 0.0349114 0.0425388 0.0492037 0.0542534 0.0574428 0.0589004 0.0589513 0.0579616 0.0562709 0.0541772 0.0519332 0.0497353 0.0476968 0.0457952 0.0438156 0.0413475 0.0379044 0.0331647 0.0272175 0.0206336
 0.00588536 0.00963853 0.0146552 0.0209429 0.0283358 0.0363737 0.0442786 0.0511522 0.0563048 0.0594714 0.0607806 0.060571 0.0592299 0.0571196 0.0545566 0.0518055 0.0490695 0.0464719 0.0440162 0.041538 0.0387006 0.0350944 0.0304442 0.0248269 0.0187368
 0.00612764 0.010038 0.0152664 0.0218198 0.0295198 0.0378769 0.0460668 0.0531408 0.0583734 0.0614888 0.0626265 0.0621456 0.0604539 0.057931 0.054908 0.0516602 0.0483995 0.0452595 0.0422653 0.0392969 0.0360866 0.0323018 0.0277207 0.0224157 0.0168107
 0.0063677 0.0104312 0.015864 0.0226716 0.0306656 0.0393313 0.0478034 0.0550849 0.0604107 0.0634865 0.0644547 0.0636938 0.0616379 0.0586928 0.0552102 0.0514782 0.0477153 0.0440618 0.0405604 0.0371296 0.033564 0.0296044 0.025082 0.02007 0.0149283
 0.0066111 0.010831 0.0164729 0.023541 0.0318346 0.0408102 0.0495576 0.0570301 0.0624253 0.0654359 0.0662135 0.065158 0.062729 0.059357 0.0554155 0.0512087 0.0469651 0.0428321 0.0388665 0.035018 0.0311352 0.0270238 0.0225645 0.0178327 0.0131307
 0.0068555 0.0112282 0.0170706 0.0243834 0.0329544 0.0422152 0.0512163 0.058866 0.0643264 0.0672745 0.0678674 0.0665245 0.0637311 0.0599437 0.0555592 0.050899 0.0462028 0.041627 0.0372416 0.0330236 0.0288665 0.0246316 0.0202415 0.015773 0.0114769
 0.00707203 0.011588 0.0176261 0.0251869 0.0340461 0.0436045 0.0528645 0.0606825 0.0661843 0.0690384 0.0694172 0.0677674 0.0646033 0.0604073 0.055597 0.0505097 0.045396 0.040421 0.0356667 0.0311332 0.0267517 0.0224289 0.0181211 0.013904 0.00998185
 0.00728274 0.0119324 0.0181479 0.0259283 0.0350401 0.0448617 0.0543591 0.0623451 0.0679088 0.070699 0.0708903 0.0689484 0.0654174 0.060813 0.0555822 0.0500838 0.0445808 0.0392462 0.0341711 0.029374 0.0248158 0.020439 0.0162251 0.0122455 0.00866235
 0.0074178 0.0121598 0.0185047 0.0264541 0.0357689 0.0458095 0.055511 0.0636509 0.0692906 0.0720654 0.0721492 0.0700155 0.0662204 0.0612958 0.0557098 0.0498435 0.0439803 0.0383098 0.0329383 0.0279024 0.0231882 0.0187653 0.0146331 0.0108562 0.00755956
 0.00750355 0.0122957 0.0187039 0.026729 0.0361324 0.0462753 0.0560906 0.0643486 0.0700964 0.0729508 0.0730666 0.0709018 0.067005 0.0619093 0.0560917 0.0499482 0.0437819 0.0378044 0.032146 0.026869 0.0219865 0.0174934 0.013403 0.00977226 0.00669433
 0.00759198 0.0124332 0.0188988 0.0269849 0.0364475 0.0466426 0.0564991 0.0647853 0.0705507 0.0734184 0.0735472 0.0713918 0.0674881 0.0623516 0.0564437 0.0501544 0.0437918 0.0375834 0.0316842 0.0261866 0.0211359 0.0165547 0.0124718 0.00893912 0.00602314
 0.00765163 0.0125266 0.0190327 0.0271628 0.0366687 0.0469013 0.0567837 0.0650796 0.0708385 0.0736888 0.0737991 0.0716327 0.0677279 0.0625927 0.0566733 0.0503412 0.0438909 0.037548 0.0314796 0.0258034 0.0205978 0.0159171 0.01181 0.00832939 0.00552253
 0.00770665 0.0126091 0.0191438 0.0272993 0.0368242 0.0470683 0.0569551 0.0652492 0.0710007 0.0738394 0.0739364 0.0717585 0.0678473 0.062712 0.0567946 0.0504566 0.0439789 0.0375752 0.0314101 0.0256127 0.0202854 0.0155115 0.0113632 0.00790087 0.00516085
 0.00778083 0.0127235 0.0193043 0.0275058 0.0370699 0.0473391 0.0572294 0.0655006 0.0712042 0.0739786 0.074008 0.0717716 0.0678184 0.0626597 0.0567345 0.0503978 0.0439202 0.0375036 0.0313038 0.0254493 0.0200538 0.0152204 0.0110415 0.00758816 0.00489308
 0.00780781 0.0127677 0.0193712 0.0276004 0.0371952 0.0474936 0.0574054 0.0656839 0.0713766 0.0741224 0.0741103 0.0718271 0.0678303 0.0626374 0.0566906 0.0503439 0.0438627 0.0374411 0.0312264 0.0253432 0.0199081 0.0150354 0.0108318 0.00737855 0.00470891
 0.00782884 0.0127955 0.0194015 0.0276262 0.0372096 0.0474944 0.0573979 0.0656797 0.0713887 0.0741591 0.0741713 0.0719042 0.0679111 0.0627102 0.0567482 0.050384 0.0438863 0.0374486 0.0312153 0.0253075 0.0198417 0.0149378 0.0107109 0.00725035 0.0045912
 0.00787774 0.0128703 0.0195049 0.0277561 0.0373586 0.0476493 0.0575405 0.0657908 0.0714538 0.0741746 0.0741459 0.0718542 0.0678524 0.0626529 0.0566948 0.0503326 0.0438337 0.0373924 0.0311536 0.0252376 0.019761 0.0148457 0.0106114 0.00715171 0.0045035
 0.00787862 0.0128738 0.019514 0.0277748 0.0373904 0.0476956 0.057599 0.0658545 0.0715129 0.074219 0.074169 0.0718557 0.067838 0.0626319 0.0566757 0.0503196 0.043826 0.0373856 0.0311421 0.0252167 0.0197278 0.0148 0.0105563 0.00709342 0.00444941
 0.00788036 0.0128711 0.0194999 0.0277405 0.037329 0.0476066 0.0574921 0.0657482 0.0714283 0.074172 0.0741648 0.0718888 0.0678971 0.062705 0.0567542 0.0503983 0.0439019 0.0374554 0.0312016 0.0252611 0.0197537 0.0148066 0.0105464 0.00707264 0.00442452
 0.00790873 0.0129097 0.019544 0.0277801 0.0373507 0.0475974 0.0574432 0.0656587 0.0713071 0.0740372 0.0740402 0.0717967 0.0678514 0.0627077 0.0567968 0.0504672 0.0439833 0.0375383 0.0312776 0.0253244 0.0198002 0.0148348 0.0105577 0.00707115 0.00441571
 0.00789611 0.0128939 0.0195285 0.02777 0.0373499 0.047605 0.0574513 0.0656539 0.071276 0.0739737 0.0739494 0.0716949 0.0677607 0.062648 0.0567799 0.0504936 0.0440439 0.0376191 0.0313642 0.0254048 0.0198664 0.014883 0.0105878 0.007086 0.00442003
 0.00788306 0.0128683 0.0194824 0.0276949 0.0372405 0.0474643 0.0572932 0.0655009 0.0711508 0.0738899 0.0739077 0.0716869 0.0677766 0.0626831 0.0568353 0.0505727 0.044147 0.0377406 0.0314934 0.0255291 0.019975 0.0149689 0.010649 0.00712483 0.00444156
 0.00786526 0.0128391 0.0194376 0.0276299 0.0371507 0.0473462 0.0571468 0.0653322 0.0709738 0.0737255 0.073779 0.0716116 0.0677619 0.0627244 0.0569209 0.0506894 0.0442842 0.0378899 0.0316463 0.0256762 0.0201065 0.0150771 0.0107303 0.00718013 0.00447532
 0.00785118 0.012814 0.0193958 0.0275651 0.0370574 0.0472223 0.0569959 0.0651636 0.0708008 0.0735627 0.0736407 0.0715115 0.0677112 0.0627302 0.0569829 0.0507999 0.04443 0.0380558 0.0318182 0.0258418 0.0202553 0.0152015 0.0108261 0.00724765 0.00451843
 0.00781714 0.0127572 0.019308 0.0274381 0.0368853 0.0470051 0.0567426 0.064893 0.0705384 0.0733351 0.0734702 0.0714127 0.0676904 0.0627859 0.0571078 0.050982 0.0446534 0.0383024 0.0320692 0.0260797 0.0204664 0.0153763 0.0109605 0.00734296 0.00458027
 0.00779028 0.0127126 0.019239 0.0273377 0.0367478 0.0468279 0.0565289 0.0646532 0.0702897 0.0730991 0.0732697 0.0712681 0.0676165 0.0627901 0.0571889 0.0511311 0.0448559 0.0385399 0.0323214 0.0263268 0.020691 0.0155659 0.0111086 0.00744946 0.00465034
 0.00775254 0.01265 0.0191427 0.0271992 0.0365611 0.046593 0.0562547 0.0643583 0.0699988 0.0728382 0.0730611 0.0711284 0.0675562 0.0628133 0.0572937 0.051309 0.0450927 0.0388165 0.0326159 0.0266169 0.0209565 0.0157916 0.0112862 0.00757801 0.00473554
 0.00774124 0.012628 0.0191026 0.0271318 0.0364567 0.0464453 0.0560635 0.0641316 0.069752 0.0725916 0.0728371 0.0709478 0.0674359 0.0627647 0.0573212 0.0514105 0.0452597 0.0390344 0.0328655 0.0268761 0.0212036 0.0160083 0.0114611 0.00770727 0.00482266
 0.00933399 0.014861 0.0218048 0.0299234 0.0388592 0.0480567 0.0566979 0.0638462 0.0687683 0.0711801 0.0712323 0.0693172 0.0658854 0.0613565 0.0560896 0.0503712 0.0444149 0.038376 0.0323766 0.0265332 0.0209788 0.0158723 0.0113863 0.00767076 0.00480741
 0.00931334 0.0151225 0.0227189 0.0319499 0.0423485 0.0529798 0.0624746 0.0694384 0.073048 0.0733715 0.0711668 0.0673781 0.0627384 0.0576642 0.0523472 0.0468772 0.0413177 0.0357328 0.0301953 0.0247948 0.0196467 0.0148973 0.0107097 0.00722939 0.00453897
 0.00897299 0.0145875 0.0219693 0.0310367 0.0414465 0.0524239 0.0627198 0.0708977 0.0758455 0.0771588 0.0751648 0.0706711 0.0646546 0.0580076 0.0513698 0.0450681 0.0391716 0.0336153 0.0283166 0.0232444 0.0184395 0.0140075 0.0100909 0.00682574 0.00429388
 0.00878842 0.0142759 0.0214802 0.0303196 0.0404711 0.0512147 0.0613997 0.0697153 0.0751525 0.0773128 0.0763707 0.0728347 0.0673503 0.0606164 0.0533274 0.0460786 0.0392667 0.0330557 0.0274313 0.0223048 0.0176112 0.0133598 0.00962915 0.00652265 0.00411038
 0.0086936 0.0141186 0.0212365 0.0299628 0.0399739 0.050556 0.0605774 0.068764 0.0741636 0.0764478 0.0758492 0.0728787 0.0680878 0.0619875 0.0550624 0.0477845 0.0405857 0.0338012 0.0276246 0.0221106 0.0172329 0.0129588 0.00929574 0.0062853 0.00396074
 0.0086719 0.0140772 0.0211625 0.029839 0.0397814 0.0502781 0.0602033 0.0682924 0.0736062 0.0758359 0.0752463 0.0723891 0.0678463 0.0621184 0.0556149 0.0486824 0.0416338 0.034759 0.0283063 0.0224517 0.0172863 0.0128394 0.00911657 0.00612059 0.00384106
 0.00867572 0.0140809 0.021163 0.0298307 0.0397552 0.0502222 0.0601036 0.0681348 0.0733792 0.0755362 0.0748838 0.0719944 0.0674761 0.0618532 0.055541 0.048856 0.042044 0.0353158 0.0288718 0.0228988 0.0175502 0.0129298 0.0090915 0.00604657 0.00376546
 0.00867412 0.01408 0.0211644 0.0298364 0.0397665 0.0502369 0.0601154 0.068132 0.0733472 0.0754595 0.0747514 0.0718041 0.0672405 0.0616042 0.0553292 0.0487398 0.0420677 0.0354855 0.0291445 0.0231979 0.0177996 0.0130863 0.00915481 0.00604578 0.00373616
 0.00866415 0.0140653 0.0211454 0.0298147 0.0397448 0.0502188 0.0601039 0.0681289 0.0733505 0.0754627 0.0747431 0.071771 0.0671724 0.0615003 0.0552033 0.048621 0.0419932 0.0354855 0.0292265 0.0233396 0.0179587 0.0132206 0.00924078 0.00608352 0.0037411
 0.00866302 0.0140643 0.0211455 0.0298171 0.039751 0.0502298 0.0601199 0.0681488 0.0733723 0.0754834 0.0747582 0.0717744 0.0671567 0.0614592 0.0551356 0.0485346 0.041906 0.0354211 0.0292042 0.0233646 0.0180186 0.0132919 0.00930112 0.00612143 0.00375726
 0.00863686 0.0140243 0.0210901 0.0297471 0.0396695 0.0501427 0.0600356 0.0680773 0.0733234 0.0754638 0.0747695 0.0718122 0.0672121 0.0615203 0.0551907 0.0485756 0.0419319 0.0354387 0.029225 0.0233984 0.0180673 0.0133487 0.00935456 0.00616218 0.0037822
 0.0086383 0.0140232 0.0210822 0.0297267 0.0396313 0.0500843 0.05996 0.0679934 0.0732431 0.0753992 0.0747294 0.0718008 0.0672281 0.0615581 0.0552413 0.0486293 0.0419809 0.0354797 0.0292597 0.0234316 0.0181031 0.0133871 0.00939183 0.00619323 0.00380396
 0.00862917 0.0140119 0.0210714 0.0297201 0.039632 0.0500919 0.0599692 0.0679953 0.0732298 0.0753679 0.0746847 0.0717526 0.0671879 0.0615341 0.0552363 0.0486409 0.0420032 0.0355064 0.0292866 0.0234575 0.0181285 0.0134125 0.00941608 0.00621424 0.00381984
 0.00860013 0.0139669 0.021008 0.0296387 0.0395361 0.049989 0.0598706 0.0679137 0.0731757 0.0753449 0.0746894 0.0717773 0.067225 0.0615797 0.0552896 0.048702 0.0420705 0.0355764 0.0293546 0.0235195 0.0181823 0.0134573 0.00945203 0.00624155 0.00383906
 0.00860729 0.013974 0.0210105 0.0296296 0.0395082 0.0499382 0.0597985 0.0678285 0.0730899 0.0752719 0.0746394 0.0717544 0.0672276 0.061602 0.055325 0.0487453 0.0421188 0.0356276 0.0294065 0.0235695 0.0182276 0.013496 0.00948314 0.00626496 0.00385541
 0.00860729 0.013974 0.0210105 0.0296296 0.0395082 0.0499382 0.0597985 0.0678285 0.0730899 0.0752719 0.0746394 0.0717544 0.0672276 0.061602 0.055325 0.0487453 0.0421188 0.0356276 0.0294065 0.0235695 0.0182276 0.013496 0.00948314 0.00626496 0.00385541
 0.0088194 0.0143118 0.0215037 0.0302955 0.0403414 0.050899 0.0608044 0.0687615 0.0738227 0.0757041 0.0747246 0.0715073 0.0667093 0.0608983 0.0545248 0.0479261 0.0413399 0.0349288 0.0288105 0.0230846 0.0178518 0.0132194 0.00929108 0.00614007 0.00377999
 0.00859326 0.0139765 0.021061 0.0297727 0.0397896 0.0503858 0.0604044 0.0685426 0.073828 0.0759351 0.0751358 0.0720188 0.0672334 0.0613642 0.0548933 0.0481892 0.0415112 0.035032 0.0288694 0.0231183 0.0178726 0.0132342 0.00930256 0.00614912 0.00378674
 0.00857612 0.0139189 0.0209213 0.0294991 0.0393404 0.0497575 0.0596532 0.0677812 0.0731947 0.0755482 0.075057 0.0722407 0.0676898 0.0619567 0.0555203 0.0487699 0.0419981 0.0354101 0.029147 0.0233148 0.0180089 0.0133276 0.00936561 0.00619048 0.00381263
 0.00869053 0.0141012 0.0211854 0.0298474 0.0397532 0.0501836 0.0600101 0.0679743 0.0731547 0.0752681 0.0746041 0.0717308 0.0672398 0.0616414 0.0553555 0.0487236 0.0420167 0.0354446 0.0291675 0.0233122 0.0179884 0.0132995 0.00933874 0.00616966 0.00379885
 0.00910128 0.0147648 0.0221731 0.0312126 0.0415085 0.05227 0.0622706 0.0701572 0.0749606 0.0764278 0.0749531 0.0712514 0.066057 0.0599784 0.0534669 0.0468314 0.0402727 0.0339255 0.0278947 0.0222782 0.0171749 0.0126847 0.00889781 0.00587309 0.0036138
 0.00912441 0.014845 0.0223731 0.0316183 0.0422094 0.0533252 0.0636751 0.0718242 0.0767271 0.0780808 0.0762678 0.0720365 0.066199 0.0594724 0.0524181 0.0454234 0.0387141 0.0323983 0.0265241 0.0211279 0.0162616 0.0119962 0.00840639 0.00554356 0.00340819
 0.0088552 0.0144115 0.0217341 0.030754 0.0411441 0.0521534 0.062573 0.0710249 0.0764524 0.0784568 0.0772683 0.0734842 0.0678219 0.0609858 0.0536019 0.0461685 0.0390283 0.0323754 0.0262943 0.0208124 0.0159468 0.011729 0.00820321 0.00540237 0.00331805
 0.0088968 0.014439 0.0217009 0.0305914 0.0407789 0.0515384 0.0617185 0.070016 0.0754443 0.0776448 0.0768384 0.0735553 0.0683999 0.0619533 0.0547527 0.0472759 0.0399153 0.0329573 0.0265804 0.0208747 0.0158777 0.0116083 0.00808284 0.0053067 0.00325249
 0.00858404 0.0139478 0.0209937 0.0296449 0.039588 0.050123 0.0601341 0.0683622 0.0738634 0.0763085 0.0759243 0.0732152 0.0687228 0.0629314 0.0562667 0.0491131 0.0418213 0.0347026 0.0280129 0.0219398 0.016602 0.0120633 0.00834991 0.00545463 0.00333029
 0.00874996 0.0141714 0.0212441 0.0298623 0.0396968 0.0500536 0.059842 0.0678361 0.0731232 0.0754024 0.0749308 0.072246 0.0679156 0.0624245 0.0561589 0.0494252 0.0424808 0.0355635 0.0289056 0.0227246 0.0172023 0.0124684 0.00859301 0.00558532 0.00339362
 0.00877492 0.0142386 0.0213911 0.0301316 0.0401136 0.0505973 0.0604282 0.0683282 0.0733763 0.0753167 0.0744866 0.0715062 0.0670031 0.0614917 0.0553574 0.0488763 0.0422473 0.0356334 0.0291986 0.0231242 0.0175985 0.0127892 0.00881359 0.00571622 0.00346116
#pred catch len freq
 0.00313575 0.00510827 0.00774125 0.0110894 0.015197 0.0200467 0.0254999 0.0312921 0.0370897 0.0425591 0.047415 0.0514548 0.0545842 0.0568194 0.0582608 0.0590601 0.0593958 0.0594392 0.059274 0.0587634 0.0574443 0.0545912 0.0495383 0.0421407 0.0330597
 0.00335903 0.00540828 0.00807851 0.0113938 0.0153944 0.0200962 0.0254181 0.0311434 0.0369466 0.0424594 0.0473464 0.0513767 0.0544703 0.0566915 0.0581909 0.0591386 0.0596805 0.0599091 0.059813 0.05919 0.0575821 0.054348 0.0489505 0.0413544 0.0322603
 0.00343203 0.00556379 0.00837514 0.0118943 0.0161331 0.0210382 0.0264393 0.0320584 0.0375823 0.0427301 0.0472802 0.0510771 0.0540505 0.0562315 0.0577399 0.0587399 0.0593809 0.0597371 0.0597424 0.0591266 0.0573951 0.0539363 0.0483019 0.040557 0.0314568
 0.00353035 0.00571762 0.00860052 0.0122153 0.0165913 0.021697 0.0273666 0.0332845 0.0390468 0.0442584 0.048621 0.0519949 0.0544186 0.0560676 0.0571705 0.0579312 0.0584812 0.0588474 0.0589052 0.0583247 0.0565694 0.0530282 0.0473022 0.0395268 0.0305027
 0.00374942 0.00605586 0.00907629 0.0128344 0.0173489 0.0225825 0.0283699 0.0344016 0.0402798 0.0456002 0.0500223 0.0533348 0.0555106 0.0567153 0.0572476 0.0574322 0.0575136 0.0575745 0.0574794 0.0568455 0.0550809 0.0515479 0.0458603 0.038187 0.0293493
 0.00391333 0.00633502 0.00951959 0.0134943 0.0182693 0.0237792 0.0298136 0.0360148 0.0419553 0.0472313 0.0515267 0.054655 0.0565917 0.0574787 0.0575874 0.0572475 0.0567584 0.0562899 0.0557833 0.0548911 0.0530148 0.0494946 0.0439288 0.0364785 0.0279477
 0.00410758 0.00664484 0.0099774 0.0141334 0.019126 0.0248915 0.0312099 0.0376939 0.0438648 0.0492584 0.0535117 0.0564269 0.0580072 0.0584426 0.0580428 0.0571542 0.0560849 0.0550304 0.053986 0.0526715 0.0505438 0.0469697 0.041544 0.0343974 0.0262793
 0.00435345 0.00703619 0.0105516 0.0149221 0.0201528 0.0261682 0.0327302 0.0394294 0.0457648 0.0512509 0.055501 0.058291 0.0596043 0.0596298 0.0587009 0.0572029 0.0554833 0.0537743 0.0521141 0.0502811 0.0478014 0.0441009 0.0387974 0.0319939 0.0243642
 0.00459824 0.00742942 0.0111354 0.0157348 0.0212246 0.0275133 0.0343361 0.0412495 0.0477213 0.053246 0.0574312 0.0600558 0.0611079 0.0607778 0.059398 0.0573569 0.0550179 0.0526453 0.0503277 0.0479129 0.0450089 0.0411179 0.0358987 0.029435 0.0223194
 0.00484606 0.00783116 0.0117391 0.0165871 0.0223663 0.0289682 0.036097 0.0432665 0.0499002 0.0554587 0.059534 0.0619109 0.0626015 0.0618275 0.0599474 0.0573614 0.0544343 0.0514364 0.0484839 0.0454842 0.0421323 0.0380207 0.0328652 0.0267408 0.0201591
