SBPRF35
12.7214
Curr Bio
756212
B35
882387
F35
0.173069
FOFL
0.1522
OFL
97669.6
Bzero
3.63469e+006
#pred survey bio
 3.64828e+006 3.51414e+006 3.39579e+006 3.24026e+006 3.03759e+006 2.80278e+006 2.54965e+006 2.32582e+006 2.08444e+006 1.83512e+006 1.60579e+006 1.40394e+006 1.22236e+006 1.08079e+006 967258 861797 771147 685509 643633 596144 560841 543750 537923 520202 513220 505279 493030 485551 493242 503198 521165 527380 540059 555600 579459 592224 608711 616841 624912 630459 642144 655203 659290 662784 666397 677691 678353 673857 671209 671130 672573 715504 734184 740274 761179 2.75183e+007 1.66805e+007 1.71494e+007 1.81689e+007 1.95345e+007 2.10119e+007 2.24314e+007 2.36956e+007 2.47649e+007 2.56373e+007 2.63314e+007 2.6874e+007 2.7293e+007 2.76143e+007 2.78595e+007 2.80464e+007 2.81889e+007 2.82977e+007 2.83811e+007 2.84453e+007 2.84949e+007 2.85334e+007 2.85635e+007 2.8587e+007 2.86056e+007 2.86202e+007 2.86318e+007 2.86411e+007 2.86485e+007 2.86544e+007 2.86591e+007 2.8663e+007 2.86661e+007 2.86686e+007 2.86706e+007 2.86722e+007 2.86736e+007 2.86747e+007 2.86756e+007 2.86763e+007 2.86769e+007 2.86774e+007 2.86778e+007 2.86781e+007 2.86784e+007 2.86786e+007 2.86787e+007 2.86789e+007 2.8679e+007 2.86791e+007 2.86792e+007 2.86792e+007 2.86793e+007 2.86793e+007 2.86794e+007 2.86794e+007 2.86794e+007 2.86794e+007 2.86795e+007 2.86795e+007 2.86795e+007 2.86795e+007 2.86795e+007 2.86795e+007 2.86795e+007 2.86795e+007 2.86795e+007 2.86795e+007 2.86795e+007 2.86795e+007 2.86795e+007 2.86795e+007 2.86795e+007 2.86795e+007 2.86795e+007 2.86795e+007 2.86795e+007 2.86795e+007 2.86795e+007 2.86795e+007 2.86795e+007 2.86795e+007 2.86795e+007 2.86795e+007 2.86795e+007 2.86795e+007 2.86795e+007 2.86795e+007 2.86795e+007 2.86795e+007 2.86795e+007 2.86795e+007 2.86795e+007 2.86795e+007 2.86795e+007 2.86795e+007 2.86795e+007 2.86795e+007 2.86795e+007 2.86795e+007 0 0 0 0 0 0 0 0 0 0 0 0 0 0 0 0 0 0 0 0 0 0 0 0 0
#obs survey bio
 3.73341e+006 2.80665e+006 3.62506e+006 2.24496e+006 3.66672e+006 2.07187e+006 3.68691e+006 2.38882e+006 1.76884e+006 1.77595e+006 1.49229e+006 1.50033e+006 1.35441e+006 922270 1.0244e+006 924986 657617 539928 615851 424232 585288 383981 568676 800837 490407 443677 362095 308536 509134 544591 605821 568255 577921 646992 531924 451554 646787 440805 906988 856354 704110 863730 461755 978469 758309 548350 749761 673293 467678 468560 943865 953480 829837 628379 646102
#pred catch bio
 111235 105848 152322 209330 254153 287082 276645 308466 329934 323289 306714 293297 260272 237186 229696 213912 204598 162423 162403 146305 127049 116050 124373 113301 112658 114272 108424 95329.7 94010.2 87929.2 97444.2 91158.7 88987.3 83169.5 94064.3 92346.9 100699 101275 103577 98705.8 98143.9 105751 105518 104523 98046 107729 112069 110580 108865 107934 74097.5 96196 106530 94522.9 92745.8 97669.6 110891 112802 118338 126769 136099 145018 152846 159333 164491 168468 171463 173679 175295 176460 177293 177884 178302 178595 178800 178943 179043 179112 179160 179193 179216 179232 179243 179250 179255 179259 179261 179263 179264 179265 179266 179266 179266 179266 179267 179267 179267 179267 179267 179267 179267 179267 179267 179267 179267 179267 179267 179267 179267 179267 179267 179267 179267 179267 179267 179267 179267 179267 179267 179267 179267 179267 179267 179267 179267 179267 179267 179267 179267 179267 179267 179267 179267 179267 179267 179267 179267 179267 179267 179267 179267 179267 179267 179267 179267 179267 179267 179267 179267 179267 179267 179267 179267 179267 179267 0 0 0 0 0 0 0 0 0 0 0 0 0 0 0 0 0 0 0 0 0 0 0 0 0
#obs catch bio
 0 105493 152346 209890 254606 287827 275579 307614 330232 324884 308574 295932 262003 238980 232936 215702 207807 164688 165234 148628 127839 117139 126001 114000 113974 115458 109536 96513.4 94992 88632.1 98209.4 90909.4 88885 82771.3 93734.8 92111.5 100665 101528 103333 98383.5 97983.7 105175 105426 103714 96795.7 107170 111221 109830 108812 108332 73546.9 96011.4 106398 94271.8 92705.6
#pred cpue bio
 3.60213e+006 3.46928e+006 3.35079e+006 3.19486e+006 2.99273e+006 2.75869e+006 2.50642e+006 2.2831e+006 2.04237e+006 1.79406e+006 1.56604e+006 1.36566e+006 1.18573e+006 1.04542e+006 932794 828633 739520 655702 615018 569220 535316 518860 513168 496027 489387 481842 470128 462940 470533 480435 498325 504931 517633 532924 556286 568670 584642 592554 600547 606117 617616 630550 634728 638388 642172 653145 653626 649138 646382 646186 647646 690056 708882 714914 735112 2.65884e+007 1.6121e+007 1.64572e+007 1.7338e+007 1.86616e+007 2.01305e+007 2.15486e+007 2.28126e+007 2.38818e+007 2.47543e+007 2.54484e+007 2.59909e+007 2.641e+007 2.67312e+007 2.69764e+007 2.71633e+007 2.73058e+007 2.74147e+007 2.74981e+007 2.75623e+007 2.76119e+007 2.76504e+007 2.76804e+007 2.7704e+007 2.77225e+007 2.77372e+007 2.77488e+007 2.7758e+007 2.77654e+007 2.77713e+007 2.77761e+007 2.77799e+007 2.7783e+007 2.77855e+007 2.77875e+007 2.77892e+007 2.77905e+007 2.77916e+007 2.77925e+007 2.77932e+007 2.77938e+007 2.77943e+007 2.77947e+007 2.7795e+007 2.77953e+007 2.77955e+007 2.77957e+007 2.77958e+007 2.7796e+007 2.77961e+007 2.77961e+007 2.77962e+007 2.77962e+007 2.77963e+007 2.77963e+007 2.77964e+007 2.77964e+007 2.77964e+007 2.77964e+007 2.77964e+007 2.77964e+007 2.77964e+007 2.77965e+007 2.77965e+007 2.77965e+007 2.77965e+007 2.77965e+007 2.77965e+007 2.77965e+007 2.77965e+007 2.77965e+007 2.77965e+007 2.77965e+007 2.77965e+007 2.77965e+007 2.77965e+007 2.77965e+007 2.77965e+007 2.77965e+007 2.77965e+007 2.77965e+007 2.77965e+007 2.77965e+007 2.77965e+007 2.77965e+007 2.77965e+007 2.77965e+007 2.77965e+007 2.77965e+007 2.77965e+007 2.77965e+007 2.77965e+007 2.77965e+007 2.77965e+007 2.77965e+007 2.77965e+007 2.77965e+007 2.77965e+007 2.77965e+007 2.77965e+007 0 0 0 0 0 0 0 0 0 0 0 0 0 0 0 0 0 0 0 0 0 0 0 0 0
#obs cpue bio
 3.58594e+006 4.82156e+006 2.98427e+006 2.96047e+006 2.88799e+006 3.72066e+006 2.97152e+006 2.22623e+006 1.75674e+006 1.28537e+006 1.44585e+006 1.03131e+006 1.0493e+006 1.02294e+006 570918 876557 570523 558222 509752 640197 658356 486145 404808 358025 331164 531130 541994 445248 465757 382886 489886 863424 462846 569778 688295 624024 524766 617628 652176 475748 497166 764157 630045 864856 937222 507983 782038 661163 585292 826003 719018 522715 623135 812960 721077
#pred surv len freq
 0.0042679 0.00699994 0.010669 0.0153049 0.0208281 0.0269641 0.0332202 0.0390124 0.0438835 0.0476469 0.0503632 0.052218 0.0534131 0.054118 0.0544622 0.0545472 0.0544643 0.054292 0.0540406 0.0535373 0.0523288 0.0497355 0.0451405 0.0384069 0.0301354
 0.00459862 0.00745068 0.0111896 0.0158026 0.0212028 0.0271594 0.0332558 0.0389712 0.0438595 0.0476872 0.0504459 0.0522778 0.0533943 0.0540187 0.0543421 0.0544965 0.0545512 0.0545148 0.0543089 0.0536982 0.0522313 0.0493046 0.0444181 0.037534 0.0292859
 0.00467278 0.00763184 0.0115673 0.0164791 0.0222459 0.0285413 0.0348189 0.0404614 0.0450234 0.0483774 0.0506642 0.0521328 0.0530187 0.0535094 0.053756 0.0538783 0.0539496 0.0539675 0.0538097 0.0531822 0.051602 0.0484931 0.043436 0.0364802 0.0283012
 0.00477204 0.00778328 0.0117825 0.0167771 0.0226669 0.0291541 0.0357074 0.041679 0.046533 0.0500183 0.0521834 0.0532773 0.0536329 0.0535781 0.0533747 0.0531879 0.0530827 0.0530215 0.0528366 0.0521873 0.0505576 0.0473734 0.0422573 0.0353165 0.0272591
 0.00492333 0.0080311 0.0121579 0.0173079 0.0233706 0.0300306 0.036737 0.042832 0.0477839 0.051347 0.0535512 0.0545924 0.0547415 0.0543037 0.0535874 0.0528567 0.0522773 0.0518692 0.0514678 0.0506992 0.04901 0.0458097 0.0407334 0.0339132 0.0260659
 0.00511947 0.00834871 0.0126339 0.0179764 0.0242574 0.0311434 0.0380539 0.0442966 0.0493131 0.0528508 0.0549526 0.0558337 0.0557712 0.0550539 0.0539657 0.0527678 0.0516645 0.0507471 0.049922 0.0488578 0.0470109 0.0437845 0.0388072 0.0322028 0.0246646
 0.00538909 0.00877889 0.0132663 0.018845 0.0253829 0.0325251 0.0396593 0.0460566 0.0511291 0.0546109 0.0565497 0.0571791 0.0568002 0.0557222 0.0542361 0.0525974 0.0510066 0.0495726 0.0482495 0.0467717 0.044657 0.0413482 0.0364826 0.030161 0.0230229
 0.00565095 0.00920207 0.0138984 0.0197283 0.0265463 0.0339717 0.0413535 0.0479204 0.0530534 0.056476 0.0582446 0.0586112 0.0578977 0.0564318 0.0545192 0.052423 0.0503458 0.0484028 0.0465726 0.0446411 0.0421969 0.0387494 0.0339706 0.0279452 0.021247
 0.00590677 0.00962868 0.0145601 0.0206913 0.0278642 0.0356633 0.0433806 0.0501803 0.0553944 0.0587284 0.0602516 0.0602486 0.0590807 0.0571126 0.0546774 0.0520533 0.0494476 0.0469776 0.0446355 0.0422459 0.0394622 0.0358672 0.0311815 0.0254832 0.0192769
 0.00616324 0.0100542 0.0152173 0.0216459 0.0291748 0.0373623 0.0454523 0.0525476 0.0579221 0.0612424 0.0625648 0.0621879 0.0605096 0.0579447 0.0548765 0.0516219 0.048409 0.0453642 0.0424908 0.0396422 0.0365269 0.032796 0.0282198 0.0228729 0.0171907
 0.00643283 0.0104918 0.0158756 0.0225755 0.0304179 0.0389402 0.047351 0.0547082 0.0602433 0.0635918 0.0647934 0.0641432 0.0620488 0.0589496 0.055266 0.0513573 0.0474904 0.0438224 0.040383 0.0370597 0.0336115 0.0297486 0.0252845 0.0202878 0.0151257
 0.00667625 0.0108936 0.0164913 0.0234607 0.031617 0.0404695 0.0491818 0.0567614 0.0624026 0.065727 0.0667803 0.0658714 0.0634213 0.0598801 0.0556802 0.0511984 0.0467266 0.0424535 0.0384476 0.0346439 0.0308582 0.0268594 0.0224982 0.0178338 0.013166
 0.00701747 0.0114299 0.0172649 0.0245003 0.0329357 0.04206 0.0510079 0.0587512 0.0644507 0.0677085 0.0685692 0.0673581 0.0645226 0.0605407 0.0558656 0.0508851 0.0458981 0.0411049 0.0365998 0.0323619 0.0282671 0.0241451 0.0198849 0.015536 0.0113342
 0.00734782 0.0119568 0.0180378 0.0255562 0.0342889 0.0436904 0.0528491 0.0606931 0.0663596 0.0694571 0.0700586 0.0685223 0.0653207 0.0609468 0.055863 0.0504632 0.0450504 0.0398313 0.034916 0.0303172 0.0259617 0.0217362 0.017567 0.0134985 0.00971032
 0.00749425 0.0122226 0.0184887 0.0262688 0.0353316 0.0450923 0.0545729 0.0626277 0.0683417 0.0713108 0.0716329 0.0697138 0.0660783 0.0612626 0.0557557 0.0499608 0.0441786 0.0386107 0.0333708 0.0284914 0.0239374 0.0196412 0.0155619 0.011741 0.00831185
 0.00765421 0.0124831 0.0188835 0.0268345 0.0361061 0.0461089 0.0558474 0.0641414 0.070027 0.0730477 0.0732637 0.0710737 0.0670333 0.0617371 0.0557384 0.049489 0.0433128 0.0374138 0.0319009 0.0268092 0.0221218 0.0177996 0.0138236 0.0102313 0.0071178
 0.00776253 0.0126714 0.0191891 0.027299 0.0367661 0.0469813 0.0569173 0.0653609 0.0713264 0.0743507 0.0744939 0.0721527 0.0678779 0.0622665 0.0558914 0.0492403 0.0426778 0.0364406 0.0306561 0.0253697 0.020575 0.0162458 0.0123718 0.00898084 0.00613494
 0.0079139 0.012917 0.0195584 0.02782 0.037461 0.047859 0.0579629 0.0665291 0.0725436 0.0755259 0.0755356 0.0729845 0.0684471 0.0625434 0.0558627 0.048904 0.0420437 0.0355349 0.0295247 0.0240781 0.0192047 0.0148897 0.0111237 0.00792085 0.00531148
 0.00781636 0.0127705 0.0193616 0.0275832 0.037208 0.0476279 0.0578056 0.0665061 0.0727117 0.0759208 0.0761559 0.0737849 0.0693447 0.0634345 0.0566427 0.049485 0.0423652 0.0355688 0.0292767 0.0235865 0.0185362 0.0141303 0.0103652 0.00724337 0.00476832
 0.0078764 0.0128554 0.019466 0.0276946 0.0373113 0.0477121 0.0578699 0.0665616 0.0727789 0.076025 0.0763212 0.074027 0.0696637 0.0638087 0.0570285 0.0498227 0.0425921 0.0356334 0.0291513 0.0232748 0.0180738 0.0135784 0.00979698 0.00672659 0.00434971
 0.0080998 0.0131731 0.0198593 0.0281162 0.037697 0.0480013 0.0580232 0.0665695 0.0726605 0.0758215 0.0760873 0.0738199 0.0695302 0.0637742 0.0570904 0.0499508 0.0427354 0.0357331 0.0291566 0.0231569 0.0178347 0.0132496 0.00942961 0.00637485 0.00405516
 0.00823905 0.0133896 0.0201645 0.0285078 0.0381523 0.0484715 0.0584347 0.0668379 0.0727193 0.0756522 0.0757317 0.0733668 0.0690824 0.0634162 0.0568679 0.0498672 0.0427587 0.0358093 0.029226 0.0231704 0.0177668 0.0131035 0.0092323 0.00616479 0.00386719
 0.00813184 0.0132465 0.0200068 0.0283745 0.0380893 0.0485131 0.0585872 0.0670729 0.0729812 0.0758745 0.075859 0.0733737 0.068984 0.0632616 0.0567206 0.0497798 0.0427546 0.0358778 0.029331 0.0232667 0.0178178 0.0130932 0.0091676 0.00606857 0.00376623
 0.00821074 0.013355 0.020135 0.0285054 0.0382083 0.0486216 0.0587076 0.0672394 0.0732163 0.0761666 0.0761562 0.0736008 0.0690743 0.0631863 0.0565 0.0494723 0.0424307 0.0355934 0.0291117 0.023108 0.0176977 0.0129887 0.00906598 0.00596988 0.00367811
 0.008174 0.0133042 0.0200741 0.0284413 0.0381463 0.0485602 0.058639 0.0671572 0.073128 0.0760998 0.0761496 0.0736818 0.0692379 0.0633926 0.0566929 0.0496075 0.0424944 0.0356008 0.0290905 0.0230808 0.017673 0.0129639 0.00903609 0.00593387 0.00364012
 0.00813756 0.0132478 0.0199952 0.0283406 0.0380295 0.0484383 0.0585269 0.0670701 0.0730754 0.0760829 0.0761643 0.0737257 0.0693139 0.0635036 0.0568327 0.0497567 0.0426271 0.0356975 0.0291465 0.0231039 0.0176754 0.0129549 0.00902042 0.00591412 0.003619
 0.00823147 0.0133812 0.02016 0.0285174 0.0381921 0.0485635 0.0586014 0.0670927 0.0730542 0.0760297 0.07609 0.0736384 0.0692202 0.0634107 0.0567487 0.0496877 0.0425736 0.0356541 0.0291051 0.0230598 0.0176286 0.012909 0.00897909 0.00587953 0.00359185
 0.00827729 0.013456 0.0202722 0.0286716 0.0383854 0.0487796 0.0588094 0.067253 0.0731323 0.0760108 0.0759854 0.0734792 0.0690425 0.0632431 0.056607 0.0495766 0.0424909 0.0355939 0.0290602 0.0230231 0.0175955 0.0128777 0.00895029 0.00585477 0.00357224
 0.00819479 0.0133212 0.0200692 0.0283884 0.0380198 0.048347 0.0583472 0.0668163 0.0727791 0.0757844 0.0759037 0.0735362 0.0692177 0.06351 0.0569377 0.0499425 0.042864 0.0359487 0.0293764 0.0232875 0.0178025 0.0130286 0.00905204 0.00591768 0.00360752
 0.00804697 0.0130962 0.019759 0.0279951 0.0375542 0.0478264 0.057796 0.0662688 0.0722808 0.0753883 0.0756595 0.0734775 0.0693521 0.0638173 0.0573766 0.0504624 0.0434145 0.0364863 0.0298672 0.0237083 0.0181412 0.0132838 0.00923101 0.00603379 0.00367673
 0.00779373 0.0127002 0.0191934 0.0272494 0.0366395 0.0467822 0.0566945 0.0652103 0.0713758 0.074732 0.0753127 0.0734611 0.0696519 0.0643921 0.0581648 0.0513887 0.0443988 0.0374539 0.0307568 0.0244771 0.0187662 0.0137606 0.00957093 0.00625885 0.00381422
 0.00784095 0.0127393 0.0191833 0.0271292 0.0363459 0.0462758 0.0559826 0.0643525 0.0704695 0.0738858 0.0746232 0.0729978 0.0694522 0.0644622 0.0584831 0.051911 0.0450644 0.038193 0.0314999 0.0251641 0.0193541 0.014227 0.00991343 0.00649092 0.00395865
 0.00784635 0.012747 0.0191903 0.0271256 0.0363092 0.0461667 0.055749 0.0639459 0.0698709 0.0731293 0.0737991 0.0722306 0.0688634 0.0641362 0.0584521 0.0521577 0.0455354 0.0388142 0.0321904 0.0258481 0.0199703 0.0147357 0.010299 0.00675885 0.00412882
 0.00784662 0.0127401 0.0191665 0.0270721 0.0362133 0.0460203 0.0555505 0.0636964 0.0695682 0.0727659 0.0733712 0.0717542 0.0683856 0.063731 0.0581985 0.0521124 0.0457141 0.039189 0.0327008 0.0264184 0.0205276 0.0152239 0.0106859 0.00703714 0.00431043
 0.00782008 0.0126893 0.0190762 0.026923 0.0359871 0.0457074 0.0551569 0.0632469 0.0691017 0.0723254 0.0729912 0.0714539 0.0681704 0.0636023 0.0581653 0.052194 0.0459308 0.0395459 0.0331763 0.0269647 0.0210828 0.015729 0.0111001 0.0073438 0.00451547
 0.007825 0.0127063 0.0191172 0.0270017 0.0361113 0.0458691 0.0553268 0.0633777 0.0691439 0.0722454 0.0727849 0.0711454 0.067802 0.0632211 0.0578145 0.0519111 0.0457478 0.039486 0.0332465 0.0271494 0.0213444 0.016018 0.0113697 0.0075627 0.00467212
 0.00773192 0.012568 0.0189341 0.0267849 0.0358821 0.045656 0.05516 0.063282 0.0691283 0.0722967 0.072869 0.0712206 0.0678361 0.0632038 0.0577586 0.0518448 0.0457048 0.0394962 0.0333289 0.0273065 0.02156 0.0162612 0.0116049 0.0077611 0.00481936
 0.00765065 0.0124472 0.0187736 0.0265929 0.0356744 0.0454533 0.0549857 0.0631596 0.0690769 0.0723248 0.0729688 0.0713668 0.0679916 0.0633316 0.0578346 0.0518663 0.0456898 0.0394753 0.0333336 0.0273574 0.021661 0.016399 0.0117555 0.00790004 0.00492984
 0.0075953 0.012354 0.0186283 0.0263826 0.0353928 0.0451085 0.0546059 0.062791 0.0687731 0.0721312 0.0729104 0.0714429 0.0681783 0.0635888 0.0581164 0.0521329 0.0459169 0.0396591 0.0334862 0.0274978 0.0218033 0.0165461 0.0118995 0.00802778 0.00503085
 0.0076145 0.0123751 0.0186409 0.0263695 0.0353334 0.0449847 0.0544088 0.0625265 0.0684643 0.0718163 0.0726358 0.0712522 0.0680999 0.0636279 0.0582543 0.0523342 0.0461424 0.039877 0.0336801 0.0276657 0.0219514 0.0166803 0.0120206 0.0081317 0.0051127
 0.00752054 0.0122388 0.0184656 0.0261675 0.0351199 0.0447703 0.0541943 0.0623052 0.0682302 0.0715738 0.0724042 0.0710641 0.0679918 0.0636281 0.058373 0.052559 0.0464419 0.0402109 0.0340107 0.0279667 0.0222099 0.0168937 0.0121908 0.00826202 0.00520673
 0.00744932 0.0121179 0.0182755 0.0258904 0.0347477 0.0443149 0.0536936 0.0618175 0.0678156 0.0712737 0.0722311 0.0710073 0.0680334 0.0637561 0.0585838 0.0528501 0.0468026 0.040618 0.0344317 0.028368 0.0225649 0.0171874 0.0124193 0.0084291 0.00532109
 0.0073645 0.0119975 0.0181257 0.0257255 0.0345828 0.0441564 0.0535348 0.0616436 0.0676172 0.0710577 0.0720219 0.0708365 0.0679263 0.0637243 0.0586276 0.0529651 0.0469827 0.0408536 0.0347061 0.0286574 0.0228431 0.0174324 0.0126175 0.00857701 0.00542282
 0.0073329 0.0119355 0.0180141 0.0255432 0.0343167 0.0438126 0.0531453 0.0612603 0.0672923 0.0708237 0.0718838 0.0707803 0.067935 0.0637887 0.0587461 0.0531381 0.0472074 0.0411218 0.0350041 0.0289663 0.023141 0.017698 0.0128357 0.00874132 0.00553599
 0.00748386 0.0121429 0.0182553 0.0257713 0.0344709 0.0438373 0.0530086 0.0609643 0.0668737 0.0703451 0.0714173 0.0703882 0.0676548 0.0636293 0.058696 0.0531782 0.0473195 0.0412907 0.0352147 0.0292014 0.0233804 0.0179212 0.0130259 0.00888897 0.00564002
 0.00744181 0.0121035 0.0182471 0.025832 0.0346294 0.0440887 0.0532995 0.0612025 0.0669641 0.0702318 0.0711095 0.0699541 0.0671911 0.063225 0.0584079 0.0530248 0.0472904 0.0413607 0.035355 0.0293843 0.0235806 0.0181161 0.0131972 0.00902522 0.00573795
 0.00743484 0.0120931 0.0182349 0.0258253 0.0346446 0.0441534 0.0534462 0.0614522 0.0673037 0.0706017 0.071415 0.0701022 0.0671329 0.0629773 0.0580419 0.0526317 0.0469472 0.0411108 0.0352087 0.0293291 0.0235926 0.0181687 0.0132663 0.00909272 0.00579295
 0.00751249 0.0122073 0.0183842 0.0260007 0.034832 0.0443392 0.0536226 0.0616202 0.0674722 0.07078 0.0716001 0.0702682 0.0672322 0.0629589 0.0578787 0.0523387 0.0465776 0.0407337 0.0348829 0.029087 0.0234394 0.0180901 0.0132395 0.00909512 0.00580706
 0.00751384 0.012222 0.0184289 0.0260961 0.0349957 0.044574 0.0539094 0.0619209 0.0677432 0.0709902 0.0717406 0.070348 0.0672635 0.0629426 0.0578015 0.0521843 0.0463436 0.0404422 0.0345751 0.0288075 0.0232193 0.0179401 0.0131521 0.00905321 0.00579235
 0.00746354 0.0121471 0.0183298 0.0259806 0.0348798 0.044482 0.0538701 0.06196 0.0678723 0.0711983 0.0719951 0.0706065 0.0674894 0.0631142 0.0579095 0.0522251 0.0463158 0.0403501 0.0344345 0.0286452 0.0230655 0.0178174 0.0130695 0.00900691 0.00577176
 0.00740515 0.0120549 0.0181965 0.0258027 0.0346597 0.044231 0.0536116 0.0617288 0.0677094 0.0711394 0.072059 0.0707875 0.0677576 0.0634248 0.0582161 0.0524903 0.0465166 0.0404777 0.0344926 0.0286484 0.0230353 0.0177761 0.0130336 0.00898395 0.00576128
 0.00713865 0.0116233 0.0175519 0.0249064 0.0334962 0.0428274 0.0520541 0.0601638 0.0663188 0.0701001 0.0715021 0.0707729 0.0682666 0.0643693 0.0594611 0.0538834 0.0479171 0.0417768 0.0356216 0.0295763 0.0237608 0.0183176 0.0134195 0.00924563 0.00592901
 0.00720337 0.0116964 0.0176013 0.0248792 0.0333281 0.0424609 0.051458 0.0593466 0.0653344 0.0690443 0.0705019 0.0699647 0.0677683 0.0642515 0.0597298 0.0544801 0.0487364 0.0426952 0.0365259 0.0303833 0.0244247 0.0188261 0.0137843 0.00949119 0.00608385
 0.00735636 0.0119376 0.0179478 0.0253341 0.0338715 0.0430389 0.0519787 0.0596919 0.0653909 0.0687444 0.0698533 0.0690553 0.0667445 0.0632809 0.0589596 0.0540036 0.0485761 0.0428069 0.0368219 0.0307637 0.0248048 0.0191513 0.0140318 0.009662 0.0061918
 0.00722512 0.0117608 0.0177495 0.0251601 0.0337772 0.0430684 0.0521451 0.0599669 0.0657081 0.069013 0.0699817 0.0689795 0.0664531 0.0628256 0.0584435 0.0535493 0.0482864 0.0427335 0.0369552 0.031045 0.0251536 0.0194938 0.0143191 0.00987427 0.00633215
#obs surv len freq
 nan nan nan nan nan nan nan nan nan nan nan nan nan nan nan nan nan nan nan nan nan nan nan nan nan
 0.00449071 0.00735452 0.0111864 0.0160033 0.0217027 0.0279756 0.0342862 0.0400142 0.0446913 0.0481536 0.0505106 0.0520062 0.0528984 0.0534108 0.0537252 0.0539801 0.0542588 0.0545515 0.0546903 0.0542822 0.0527204 0.0493528 0.0438029 0.0362835 0.0276678
 0.00461737 0.00756497 0.011511 0.0164718 0.0223365 0.0287756 0.0352223 0.0410225 0.0456844 0.0490393 0.0512102 0.0524654 0.0530916 0.0533399 0.0534143 0.0534676 0.0535887 0.0537669 0.0538304 0.0533841 0.0518232 0.0485001 0.0430401 0.035649 0.0271829
 0.00478291 0.00783427 0.0119169 0.0170457 0.0231032 0.0297442 0.0363756 0.0423102 0.0470257 0.0503333 0.0523504 0.0533545 0.0536545 0.0535332 0.05323 0.0529299 0.0527456 0.0526802 0.0525679 0.0520171 0.0504277 0.0471573 0.0418306 0.0346393 0.0264098
 0.0049716 0.00814355 0.012387 0.0177155 0.0240027 0.0308824 0.0377289 0.0438182 0.0485998 0.0518724 0.0537538 0.0545279 0.054513 0.0540059 0.0532681 0.0525152 0.0518945 0.0514422 0.0510201 0.0502589 0.0485758 0.0453401 0.0401746 0.0332475 0.0253401
 0.00517386 0.00847611 0.0128946 0.0184425 0.0249848 0.0321337 0.0392271 0.0455002 0.0503692 0.0536172 0.0553638 0.0559044 0.0555714 0.0546745 0.0534885 0.0522458 0.0511182 0.0501759 0.0493222 0.0482322 0.0463646 0.0431167 0.0381153 0.0314991 0.023988
 0.00540173 0.00884754 0.0134557 0.0192372 0.0260476 0.0334769 0.040828 0.0472947 0.0522599 0.0554904 0.0571059 0.0574127 0.0567576 0.0554652 0.0538232 0.0520766 0.0504126 0.0489266 0.0475622 0.0460497 0.0439089 0.0405879 0.0357315 0.0294499 0.0223899
 0.00564296 0.00924287 0.0140565 0.0200931 0.0271968 0.034931 0.0425564 0.0492203 0.0542709 0.0574625 0.0589226 0.0589747 0.0579837 0.056289 0.0541895 0.0519384 0.0497325 0.0476846 0.0457725 0.0437821 0.0413052 0.0378573 0.033118 0.027176 0.0206005
 0.00589625 0.00965569 0.0146798 0.0209755 0.0283755 0.0364178 0.0443227 0.051191 0.0563336 0.0594885 0.0607872 0.0605709 0.0592272 0.0571164 0.0545532 0.0518001 0.0490599 0.0464558 0.0439919 0.041505 0.0386599 0.0350489 0.0303985 0.0247855 0.0187034
 0.00613847 0.0100558 0.0152936 0.0218584 0.0295712 0.0379406 0.0461395 0.0532164 0.0584436 0.0615455 0.0626636 0.0621607 0.0604487 0.0579102 0.0548772 0.0516239 0.0483599 0.0452167 0.0422182 0.0392448 0.0360299 0.032243 0.027664 0.0223655 0.0167705
 0.00637518 0.0104436 0.015883 0.0226991 0.0307034 0.0393801 0.0478628 0.0551524 0.0604819 0.0635552 0.064514 0.0637372 0.0616607 0.0586935 0.0551905 0.0514426 0.0476689 0.0440087 0.040503 0.0370693 0.0335018 0.0295424 0.0250237 0.0200192 0.0148878
 0.00663903 0.0108724 0.0165279 0.0236071 0.0319077 0.0408861 0.0496328 0.0571018 0.0624913 0.065494 0.066261 0.0651918 0.0627457 0.0593539 0.0553913 0.0511646 0.0469041 0.0427592 0.0387864 0.0349349 0.0310525 0.026945 0.0224932 0.0177725 0.0130838
 0.00682541 0.0111868 0.0170221 0.0243359 0.0329175 0.0421956 0.0512154 0.0588799 0.0643495 0.0673029 0.0679005 0.0665636 0.0637766 0.0599933 0.0556075 0.0509397 0.0462307 0.0416398 0.0372398 0.0330099 0.0288445 0.024605 0.0202141 0.0157478 0.0114562
 0.00708168 0.0115979 0.0176308 0.0251791 0.03402 0.0435606 0.0528121 0.0606372 0.0661613 0.0690451 0.0694503 0.0678165 0.0646568 0.0604572 0.0556394 0.0505432 0.0454194 0.040433 0.0356665 0.0311217 0.0267314 0.0224034 0.0180943 0.0138794 0.0099617
 0.00728249 0.0119344 0.018155 0.0259435 0.035064 0.0448909 0.0543849 0.0623568 0.0678996 0.0706712 0.0708545 0.0689186 0.0654036 0.0608171 0.0555992 0.0501061 0.0446017 0.039261 0.0341775 0.0293712 0.0248049 0.0204223 0.0162059 0.0122268 0.00864664
 0.00745477 0.012217 0.0185854 0.0265594 0.0358973 0.0459567 0.0556687 0.0638057 0.0694246 0.07216 0.07219 0.0699977 0.0661511 0.0611912 0.0555886 0.0497208 0.0438649 0.0382043 0.0328423 0.0278147 0.0231084 0.0186941 0.0145722 0.0108071 0.00752292
 0.00753276 0.0123474 0.018789 0.0268593 0.0363163 0.046512 0.0563659 0.0646353 0.0703601 0.0731594 0.0731969 0.0709427 0.0669571 0.0617839 0.0559081 0.0497304 0.0435532 0.0375832 0.0319436 0.0266905 0.0218335 0.0173659 0.0133006 0.00969421 0.00663862
 0.00760617 0.0124583 0.0189407 0.0270511 0.0365463 0.0467811 0.0566803 0.0650046 0.0707941 0.0736625 0.0737624 0.071549 0.0675655 0.0623402 0.0563483 0.0499914 0.0435847 0.0373572 0.0314604 0.0259807 0.0209571 0.016407 0.0123555 0.00885254 0.00596276
 0.00766418 0.0125473 0.0190645 0.0272088 0.0367322 0.0469853 0.0568901 0.0652085 0.0709875 0.0738523 0.0739663 0.071788 0.0678513 0.0626647 0.0566798 0.0502783 0.0437666 0.0373795 0.0312889 0.0256118 0.020422 0.0157675 0.0116913 0.0082415 0.00546199
 0.00773052 0.0126476 0.0192013 0.0273792 0.0369282 0.0471951 0.057099 0.0654006 0.0711484 0.0739735 0.07405 0.0718476 0.0679086 0.0627405 0.0567838 0.0504004 0.0438756 0.03743 0.0312358 0.0254271 0.0201065 0.015354 0.0112356 0.00780563 0.0050954
 0.00778524 0.0127328 0.019322 0.0275367 0.0371189 0.0474092 0.0573204 0.0656081 0.0713204 0.0740942 0.0741138 0.0718601 0.0678847 0.0627005 0.0567473 0.0503797 0.0438686 0.0374184 0.0311894 0.0253158 0.0199149 0.0150904 0.0109312 0.00750327 0.00483367
 0.0078308 0.012802 0.0194173 0.0276569 0.0372599 0.0475648 0.0574821 0.0657655 0.0714616 0.0742072 0.0741893 0.0718934 0.0678776 0.0626613 0.0566889 0.0503162 0.0438095 0.0373637 0.031128 0.0252297 0.0197886 0.0149209 0.010732 0.00729988 0.00465279
 0.00786519 0.0128549 0.0194912 0.0277518 0.0373729 0.04769 0.057611 0.0658878 0.0715672 0.074289 0.0742435 0.0719199 0.0678775 0.0626371 0.0566448 0.0502582 0.0437446 0.0372967 0.0310584 0.0251512 0.0196928 0.0148036 0.0105982 0.00716304 0.00452944
 0.00788223 0.0128798 0.0195234 0.0277892 0.0374125 0.047729 0.0576478 0.0659222 0.0715997 0.07432 0.0742733 0.071948 0.0679028 0.0626576 0.0566582 0.0502624 0.0437389 0.0372811 0.0310328 0.0251139 0.0196411 0.0147362 0.0105182 0.00707851 0.004451
 0.00789465 0.0128993 0.0195513 0.0278258 0.0374566 0.0477777 0.0576963 0.0659644 0.0716306 0.0743374 0.0742789 0.0719461 0.067898 0.0626531 0.0566546 0.0502585 0.0437322 0.0372694 0.0310139 0.0250863 0.0196035 0.0146887 0.0104633 0.00702138 0.00439819
 0.00793474 0.0129562 0.0196216 0.0279013 0.0375267 0.0478334 0.0577331 0.0659826 0.0716333 0.0743283 0.0742607 0.0719213 0.0678692 0.0626234 0.0566269 0.0502344 0.0437115 0.0372501 0.0309936 0.0250623 0.0195741 0.0146537 0.0104242 0.00698162 0.00436191
 0.00791598 0.0129293 0.0195875 0.0278626 0.0374859 0.047791 0.0576872 0.0659306 0.0715752 0.0742697 0.074212 0.0718939 0.067871 0.0626554 0.0566838 0.0503074 0.0437911 0.0373277 0.0310622 0.0251169 0.0196119 0.0146743 0.0104298 0.00697643 0.00435105
 0.00788687 0.0128791 0.0195073 0.0277436 0.0373234 0.0475894 0.0574625 0.0657093 0.0713864 0.0741361 0.0741448 0.0718933 0.0679305 0.0627654 0.0568332 0.0504831 0.0439787 0.0375127 0.0312319 0.0252618 0.0197266 0.0147575 0.0104841 0.00700721 0.00436528
 0.0079187 0.0129195 0.0195467 0.0277658 0.0373087 0.0475214 0.0573348 0.0655283 0.0711717 0.0739157 0.0739495 0.0717492 0.0678536 0.0627594 0.0568911 0.0505913 0.0441204 0.0376707 0.0313901 0.0254067 0.0198485 0.0148514 0.0105499 0.00704858 0.00438817
 0.00787989 0.0128659 0.019483 0.0277004 0.0372499 0.0474704 0.0572827 0.0654593 0.0710709 0.0737797 0.0737909 0.0715938 0.0677318 0.0626957 0.0568976 0.0506659 0.0442497 0.037835 0.0315681 0.0255792 0.0200007 0.0149744 0.0106406 0.00710951 0.00442508
 0.00786924 0.0128419 0.0194355 0.027618 0.0371248 0.0473058 0.057096 0.0652777 0.0709207 0.0736744 0.0737273 0.0715592 0.0677153 0.0626966 0.0569244 0.0507293 0.0443548 0.037977 0.0317336 0.0257504 0.0201603 0.0151095 0.0107447 0.00718234 0.00447121
 0.00785476 0.0128171 0.0193956 0.0275567 0.0370351 0.0471812 0.056934 0.0650834 0.0707097 0.0734717 0.0735611 0.0714518 0.0676753 0.0627188 0.0569961 0.0508382 0.0444925 0.0381377 0.03191 0.0259312 0.0203316 0.0152585 0.010863 0.00726774 0.00452706
 0.00780435 0.0127367 0.0192776 0.0273958 0.0368297 0.0469355 0.0566598 0.0647999 0.0704402 0.0732394 0.0733861 0.0713496 0.0676559 0.0627843 0.057139 0.0510423 0.0447372 0.0384029 0.032178 0.0261875 0.0205634 0.0154551 0.011018 0.00738017 0.00460146
 0.00779059 0.012709 0.0192262 0.0273085 0.0366951 0.0467484 0.0564252 0.0645341 0.0701677 0.0729867 0.0731767 0.0712012 0.0675796 0.0627853 0.0572164 0.051189 0.0449396 0.0386425 0.0324342 0.0264404 0.020796 0.0156546 0.0111768 0.00749668 0.00467963
 0.00775449 0.0126522 0.0191439 0.0271969 0.0365513 0.0465706 0.0562142 0.0642957 0.069914 0.0727369 0.0729544 0.0710302 0.0674792 0.0627664 0.0572806 0.0513295 0.0451433 0.0388911 0.0327067 0.0267145 0.0210514 0.0158754 0.0113534 0.00762675 0.0047673
 0.00771279 0.0125845 0.0190423 0.0270549 0.0363657 0.0463442 0.0559579 0.0640278 0.0696561 0.0725085 0.0727701 0.0708999 0.0674104 0.0627652 0.0573506 0.0514694 0.0453453 0.0391412 0.0329853 0.0269996 0.0213211 0.0161114 0.0115441 0.00776831 0.00486334
 0.00770634 0.01257 0.0190129 0.0270017 0.0362794 0.0462185 0.0557927 0.0638306 0.0694413 0.0722945 0.0725754 0.0707406 0.0672985 0.0627081 0.0573525 0.0515317 0.0454658 0.0393126 0.0331949 0.027229 0.0215498 0.0163199 0.0117179 0.00790055 0.00495478
 0.0076682 0.012515 0.0189429 0.0269218 0.0361958 0.0461343 0.055706 0.0637355 0.0693321 0.07217 0.0724422 0.0706115 0.0671889 0.0626329 0.0573224 0.0515525 0.0455384 0.0394334 0.0333549 0.0274146 0.0217433 0.016503 0.0118754 0.0080234 0.00504151
 0.0076672 0.0125094 0.0189276 0.0268906 0.036144 0.0460627 0.055622 0.0636512 0.0692582 0.0721103 0.0723916 0.0705611 0.067133 0.0625735 0.0572693 0.0515193 0.0455375 0.0394717 0.0334326 0.0275246 0.0218727 0.0166361 0.0119969 0.00812272 0.0051142
 0.00763477 0.0124628 0.0188686 0.026824 0.0360754 0.0459954 0.0555558 0.0635839 0.0691895 0.072044 0.0723352 0.0705212 0.0671117 0.0625679 0.0572749 0.0515344 0.045565 0.0395175 0.0335012 0.0276157 0.02198 0.0167485 0.0121021 0.00821067 0.00517995
 0.00761747 0.0124338 0.0188236 0.0267597 0.0359911 0.0458952 0.0554499 0.0634863 0.0691126 0.0719941 0.0723111 0.070517 0.0671213 0.0625871 0.0573018 0.0515683 0.045606 0.0395671 0.0335619 0.0276889 0.0220638 0.0168369 0.0121866 0.00828316 0.00523551
 0.00760792 0.0124184 0.0188007 0.0267272 0.0359473 0.0458387 0.0553805 0.0634065 0.0690288 0.0719159 0.0722486 0.0704779 0.0671077 0.0625964 0.0573284 0.0516063 0.0456516 0.0396188 0.0336196 0.027753 0.0221332 0.0169084 0.0122547 0.00834218 0.00528149
 0.00758338 0.0123804 0.0187469 0.0266572 0.0358621 0.0457413 0.0552761 0.0633021 0.0689319 0.0718338 0.0721877 0.0704428 0.0671018 0.0626202 0.0573792 0.0516783 0.0457374 0.0397113 0.0337138 0.0278455 0.0222217 0.0169903 0.0123269 0.00840155 0.00532632
 0.00758067 0.0123733 0.0187315 0.0266282 0.0358148 0.0456737 0.0551908 0.0632061 0.0688354 0.0717464 0.0721167 0.0703928 0.0670751 0.0626177 0.0574008 0.0517223 0.0458001 0.0397873 0.033797 0.0279303 0.0223034 0.0170649 0.0123915 0.00845383 0.00536536
 0.00755167 0.0123303 0.0186744 0.0265592 0.0357371 0.0455901 0.0551028 0.0631149 0.0687437 0.0716598 0.0720431 0.070341 0.0670517 0.0626255 0.0574386 0.0517863 0.0458847 0.0398861 0.0339029 0.0280363 0.0224032 0.0171535 0.0124653 0.00851127 0.00540675
 0.0075346 0.0123008 0.018627 0.0264886 0.0356404 0.0454694 0.0549672 0.0629791 0.0686232 0.0715662 0.0719813 0.0703103 0.0670494 0.0626495 0.0574876 0.0518585 0.0459769 0.039993 0.0340177 0.0281516 0.0225119 0.0172495 0.0125445 0.008572 0.00544972
 0.00752831 0.0122897 0.0186087 0.0264597 0.035597 0.0454082 0.0548863 0.0628801 0.0685125 0.0714545 0.0718818 0.070235 0.0670058 0.0626397 0.0575094 0.0519076 0.0460483 0.0400815 0.0341173 0.0282553 0.0226123 0.0173399 0.01262 0.00863026 0.00549096
 0.00751317 0.0122684 0.0185826 0.0264319 0.0355709 0.0453854 0.0548654 0.0628567 0.0684809 0.0714107 0.0718261 0.0701724 0.0669455 0.0625921 0.0574829 0.0519067 0.0460732 0.0401288 0.0341817 0.02833 0.0226899 0.0174134 0.0126836 0.00868051 0.00552711
 0.00749492 0.0122383 0.0185365 0.0263669 0.0354862 0.0452849 0.0547584 0.0627566 0.0684006 0.0713579 0.0718008 0.0701685 0.0669557 0.0626113 0.0575106 0.0519453 0.0461256 0.0401958 0.0342611 0.0284168 0.0227775 0.0174949 0.0127534 0.00873521 0.0055662
 0.00747786 0.0122101 0.0184934 0.0263048 0.0354023 0.0451787 0.0546334 0.0626217 0.0682694 0.0712459 0.0717216 0.0701307 0.0669597 0.0626511 0.0575763 0.0520276 0.046218 0.0402949 0.0343642 0.0285209 0.0228779 0.017586 0.0128302 0.00879487 0.00560856
 0.00747786 0.0122101 0.0184934 0.0263048 0.0354023 0.0451787 0.0546334 0.0626217 0.0682694 0.0712459 0.0717216 0.0701307 0.0669597 0.0626511 0.0575763 0.0520276 0.046218 0.0402949 0.0343642 0.0285209 0.0228779 0.017586 0.0128302 0.00879487 0.00560856
 0.00715737 0.0117007 0.0177507 0.0253013 0.0341397 0.0437032 0.0530486 0.0610833 0.0669562 0.0703158 0.071274 0.0701904 0.0674833 0.0635462 0.0587252 0.0533095 0.0475263 0.0415467 0.0355024 0.0295104 0.0237009 0.0182382 0.013319 0.00913819 0.0058324
 0.00722381 0.0117682 0.0177768 0.0252199 0.0338763 0.0432009 0.0522929 0.0601137 0.0658615 0.0692176 0.0703049 0.0694705 0.0670985 0.0635319 0.0590622 0.053932 0.0483403 0.0424513 0.0364074 0.0303466 0.0244231 0.0188236 0.0137638 0.00945334 0.00603908
 0.00722828 0.0117927 0.0178421 0.0253475 0.0340718 0.0434335 0.0524856 0.0601578 0.0656565 0.0687179 0.0695474 0.0685687 0.0662073 0.0628025 0.0586044 0.0537939 0.0485063 0.0428565 0.0369603 0.030953 0.0250045 0.0193266 0.0141616 0.00974208 0.00623124
 0.00715654 0.0116845 0.0176967 0.0251735 0.033889 0.0432718 0.0523776 0.0601242 0.0656868 0.0687612 0.0695251 0.0684108 0.0658925 0.0623784 0.0581729 0.0534717 0.0483816 0.0429613 0.0372678 0.0313948 0.0254969 0.019795 0.0145555 0.0100396 0.00643425
#pred catch len freq
 0.00317255 0.00513684 0.00772647 0.0109792 0.0149358 0.0195969 0.0248616 0.0305093 0.0362411 0.0417382 0.0467099 0.050932 0.0542804 0.05674 0.058386 0.0593553 0.0598226 0.0599629 0.0598666 0.0594017 0.0581044 0.0552436 0.0501471 0.0426692 0.0334806
 0.00342989 0.00549081 0.00814249 0.0113913 0.0152729 0.0198198 0.0249852 0.0305916 0.0363419 0.0418767 0.046851 0.0510128 0.0542572 0.0566259 0.0582549 0.0593083 0.0599333 0.0602269 0.0601819 0.0595974 0.0580125 0.0547802 0.0493583 0.0417111 0.0325458
 0.00351461 0.00566531 0.00846795 0.0119339 0.0160716 0.0208463 0.0261232 0.0316627 0.0371753 0.0423815 0.0470398 0.0509645 0.0540551 0.0563217 0.057877 0.0588917 0.0595295 0.0598792 0.0598844 0.0592771 0.0575581 0.0541085 0.0484728 0.0407128 0.0315856
 0.00363 0.00584287 0.00872193 0.012285 0.0165591 0.0215347 0.0270873 0.0329445 0.0387278 0.0440393 0.0485531 0.052089 0.0546452 0.0563684 0.0574772 0.0581844 0.0586452 0.0589146 0.0588915 0.0582588 0.0564813 0.0529417 0.0472311 0.0394758 0.0304702
 0.00378603 0.006092 0.00908815 0.0127872 0.0172089 0.0223346 0.0280336 0.0340339 0.039963 0.0454185 0.0500369 0.0535654 0.0559278 0.0572476 0.0578003 0.0579126 0.057853 0.0577413 0.0574795 0.0567137 0.0548665 0.0513016 0.0456235 0.0379868 0.0291977
 0.00398404 0.00640637 0.00954824 0.0134179 0.0180293 0.0233544 0.0292451 0.0354056 0.0414395 0.0469306 0.0515151 0.0549448 0.0571376 0.0581932 0.0583599 0.0579649 0.0573256 0.0566457 0.0559091 0.0548098 0.0527803 0.0491758 0.0435924 0.0361761 0.0277086
 0.0042274 0.00678979 0.0101036 0.0141699 0.018995 0.0245415 0.0306457 0.0369881 0.0431446 0.0486737 0.0531954 0.0564593 0.0583944 0.0591162 0.0588815 0.0580164 0.0568403 0.0555824 0.0542839 0.052714 0.0503733 0.0466588 0.0411751 0.0340428 0.0259867
 0.00450157 0.00722378 0.0107358 0.0150304 0.0201036 0.0259032 0.032243 0.0387743 0.0450439 0.050589 0.0550185 0.0580814 0.0597156 0.0600529 0.0593684 0.0580022 0.0562816 0.0544477 0.0525722 0.0504836 0.0477616 0.0438771 0.0384726 0.031651 0.0240653
 0.00478496 0.00768146 0.0114198 0.0159897 0.0213775 0.0275101 0.034165 0.0409464 0.0473556 0.0528979 0.0571713 0.059934 0.0611498 0.0609848 0.0597471 0.0578005 0.0554848 0.0530495 0.0505862 0.0479684 0.044849 0.0407805 0.0354595 0.0289817 0.0219241
 0.00506253 0.00812937 0.0120896 0.0169322 0.0226398 0.0291261 0.0361404 0.0432415 0.0498759 0.0554957 0.0596618 0.0621225 0.062863 0.0620964 0.0601868 0.0575463 0.0545459 0.0514521 0.048374 0.0452207 0.041708 0.0374648 0.0322436 0.0261365 0.0196443
 0.00534983 0.00858617 0.0127598 0.0178549 0.0238484 0.0306455 0.0379765 0.0453694 0.0522299 0.057967 0.0621021 0.0643572 0.0647121 0.0633997 0.0608263 0.0574564 0.0537116 0.0498992 0.0461628 0.042453 0.0385433 0.0341305 0.0290152 0.0232834 0.0173598
 0.0056265 0.00902984 0.0134171 0.0187678 0.0250502 0.0321524 0.0397772 0.0474164 0.054441 0.0602339 0.0643011 0.0663574 0.0663819 0.0646143 0.0614763 0.0574582 0.0530162 0.0484997 0.0441002 0.0398245 0.0355123 0.0309268 0.0259114 0.0205415 0.0151657
 0.00596205 0.00955159 0.0141598 0.0197525 0.0262872 0.0336433 0.0415093 0.0493529 0.0565114 0.0623337 0.0663029 0.0681284 0.0678029 0.0655906 0.0619381 0.0573545 0.0523115 0.047179 0.0421831 0.0373846 0.0326931 0.0279418 0.0230178 0.0179858 0.0131221
 0.00629851 0.0100799 0.0149202 0.0207707 0.0275712 0.0351791 0.0432552 0.0512363 0.0584367 0.0641961 0.068001 0.0695704 0.0689087 0.066294 0.0621889 0.0571185 0.0515681 0.0459211 0.0404265 0.0351858 0.0301687 0.025274 0.0204322 0.0157021 0.0112962
 0.00650447 0.0104262 0.015463 0.0215698 0.0286785 0.0366185 0.0450011 0.0532042 0.0604918 0.0661786 0.0697559 0.0709727 0.0698774 0.0667927 0.0622148 0.0566863 0.0506966 0.0446291 0.0387404 0.0331571 0.0278937 0.0229024 0.0181514 0.0136966 0.00969692
 0.00670179 0.0107396 0.0159234 0.0222075 0.0295255 0.0377072 0.0463543 0.0548157 0.0623062 0.0680803 0.071579 0.0725332 0.0710168 0.0674121 0.0622864 0.0562388 0.049789 0.0433276 0.037109 0.0312656 0.0258343 0.0208012 0.0161602 0.0119625 0.00832275
 0.00686868 0.0110114 0.0163333 0.0227872 0.0302999 0.0386863 0.0475255 0.0561414 0.0637292 0.0695307 0.0729765 0.0737844 0.0720164 0.0680567 0.062497 0.055981 0.049078 0.0422178 0.0356779 0.0296029 0.0240422 0.0189974 0.0144724 0.0105075 0.00717836
 0.00694209 0.0111354 0.0165303 0.0230847 0.0307297 0.0392799 0.0483047 0.0571069 0.0648501 0.0707424 0.0741877 0.074894 0.0729306 0.0686995 0.0628127 0.0559348 0.0486591 0.0414442 0.0345983 0.0282937 0.0226013 0.0175369 0.0131066 0.00933453 0.00626
 0.00689685 0.0110691 0.0164448 0.0229892 0.0306421 0.0392277 0.0483252 0.0572441 0.0651472 0.0712284 0.0748629 0.0757206 0.0738334 0.0695788 0.0635631 0.0564639 0.0489015 0.0413685 0.0342106 0.0276375 0.021753 0.0165959 0.0121788 0.00851249 0.00560431
 0.00693354 0.0111194 0.0165035 0.0230464 0.0306874 0.0392559 0.0483419 0.0572671 0.0652035 0.0713485 0.075074 0.0760382 0.0742535 0.0700712 0.0640719 0.0569153 0.0492187 0.0414892 0.0341013 0.0273022 0.0212341 0.0159659 0.0115245 0.00791439 0.00511831
 0.00708509 0.0113304 0.0167554 0.0232994 0.0308904 0.0393649 0.0483348 0.0571508 0.0650103 0.0711281 0.0748825 0.0759275 0.0742604 0.070208 0.0643213 0.0572315 0.0495356 0.0417343 0.0342138 0.027249 0.0210191 0.0156286 0.0111275 0.00752438 0.00478691
 0.00717856 0.011475 0.0169572 0.0235543 0.0311791 0.0396495 0.0485603 0.057257 0.0649541 0.0709058 0.0745389 0.0755433 0.0739252 0.0699923 0.0642588 0.0573146 0.0497213 0.0419578 0.0344052 0.027352 0.0210058 0.0155054 0.0109294 0.00729968 0.00457962
 0.00713567 0.0114262 0.0169226 0.0235648 0.031268 0.039837 0.0488399 0.0575896 0.0652749 0.0711414 0.0746313 0.0754711 0.0737139 0.0697071 0.0639808 0.0571111 0.049624 0.0419571 0.03446 0.0274095 0.0210223 0.0154606 0.0108299 0.00717052 0.00445061
 0.00717157 0.0114719 0.0169696 0.0236023 0.0312914 0.0398587 0.0488928 0.0577157 0.0655014 0.0714572 0.0749793 0.0757661 0.0738775 0.0697003 0.0638183 0.0568514 0.0493412 0.0417109 0.0342773 0.0272838 0.0209282 0.0153723 0.0107344 0.0070701 0.00435645
