SBPRF35
9.85515
Curr Bio
627120
B35
742070
F35
0.190329
FOFL
0.16455
OFL
85695.1
Bzero
2.81576e+06
#pred survey bio
 4.10594e+06 3.95492e+06 3.79652e+06 3.57781e+06 3.31065e+06 3.01287e+06 2.72195e+06 2.44979e+06 2.16145e+06 1.93911e+06 1.70817e+06 1.50729e+06 1.31727e+06 1.18316e+06 1.05257e+06 928292 816621 753052 705143 664270 640516 606171 595880 586468 573775 570230 562616 565107 565568 566719 566472 570699 578340 582560 564634 546442 538848 534062 521025 529831 528397 539174 545017 546455 551142 557055 560402 568081 566158 571752 582800 548171 536489 568542 559647 573200 610341 576439 548095 517554 534849 602505 572689 580763 632655 2.28131e+07 1.38139e+07 1.41712e+07 1.49869e+07 1.60676e+07 1.7207e+07 1.82678e+07 1.91809e+07 1.99269e+07 2.05149e+07 2.09671e+07 2.13092e+07 2.15652e+07 2.17557e+07 2.18971e+07 2.2002e+07 2.20801e+07 2.21384e+07 2.2182e+07 2.2215e+07 2.22399e+07 2.22589e+07 2.22734e+07 2.22846e+07 2.22933e+07 2.23e+07 2.23052e+07 2.23093e+07 2.23124e+07 2.23149e+07 2.23169e+07 2.23184e+07 2.23197e+07 2.23206e+07 2.23214e+07 2.2322e+07 2.23225e+07 2.23228e+07 2.23232e+07 2.23234e+07 2.23236e+07 2.23237e+07 2.23239e+07 2.2324e+07 2.2324e+07 2.23241e+07 2.23241e+07 2.23242e+07 2.23242e+07 2.23242e+07 2.23243e+07 2.23243e+07 2.23243e+07 2.23243e+07 2.23243e+07 2.23243e+07 2.23243e+07 2.23243e+07 2.23243e+07 2.23243e+07 2.23243e+07 2.23243e+07 2.23243e+07 2.23243e+07 2.23243e+07 2.23243e+07 2.23243e+07 2.23243e+07 2.23243e+07 2.23243e+07 2.23243e+07 2.23243e+07 2.23243e+07 2.23243e+07 2.23243e+07 2.23243e+07 2.23243e+07 2.23243e+07 2.23243e+07 2.23243e+07 2.23243e+07 2.23243e+07 2.23243e+07 2.23243e+07 2.23243e+07 2.23243e+07 2.23243e+07 2.23243e+07 2.23243e+07 2.23243e+07 2.23243e+07 2.23243e+07 2.23243e+07 2.23243e+07 2.23243e+07 2.23243e+07 2.23243e+07 2.23243e+07 2.23243e+07 2.23243e+07 0 0 0 0 0 0 0 0 0 0 0 0 0 0 0 0 0 0 0 0 0 0 0 0 0
#obs survey bio
 2.36813e+06 3.59701e+06 5.28769e+06 2.51215e+06 2.30442e+06 3.01792e+06 2.40326e+06 2.03057e+06 1.58531e+06 1.72289e+06 1.93315e+06 1.24961e+06 1.17568e+06 1.04982e+06 1.07404e+06 882701 780533 499606 528900 859478 355354 430691 427557 660700 572532 460036 533483 524079 588111 510428 516729 460711 839129 604269 612061 665349 521294 722068 406099 477758 566431 481605 431678 639034 654586 698563 461302 549822 576812 748856 916006 427414 493296 434509 446421 896968 689860 607559 403279 353078 797751 732273 516020 549358 568505
#pred catch bio
 87808.2 94226.7 156226 214811 263167 280571 287532 324408 283758 305968 289689 286996 242425 241932 235854 221833 177511 161678 151753 133257 138749 116085 114191 115231 106085 108424 98986.7 100062 98608.4 98429 93032.8 88726.1 89728.7 104850 100564 90064.9 90315.5 100401 83866.5 93027.9 82636.6 87406.8 91346.2 88575.2 87720.2 90329.7 87533.9 96274.6 90300.7 86593.4 124313 103444 68472.4 104068 84595.1 65601.3 123890 116039 116807 77193.4 38746.2 121770 89644.5 57213.5 86727.5 85695.1 98620.2 99997.1 104610 111638 119237 126266 132206 136936 140544 143211 145135 146498 147450 148106 148556 148861 149067 149205 149298 149360 149401 149429 149447 149459 149467 149472 149475 149478 149479 149480 149481 149481 149482 149482 149482 149482 149482 149482 149482 149482 149482 149482 149482 149482 149482 149482 149482 149482 149482 149482 149482 149482 149482 149482 149482 149482 149482 149482 149482 149482 149482 149482 149482 149482 149482 149482 149482 149482 149482 149482 149482 149482 149482 149482 149482 149482 149482 149482 149482 149482 149482 149482 149482 149482 149482 149482 149482 149482 149482 149482 149482 149482 149482 149482 149482 149482 149482 149482 149482 0 0 0 0 0 0 0 0 0 0 0 0 0 0 0 0 0 0 0 0 0 0 0 0 0
#obs catch bio
 0 94017.9 156603 215636 265107 282902 290884 330778 289059 312030 294593 293216 246289 247021 240384 226441 180233 165479 155234 134287 140942 117669 116054 116860 107082 110036 100136 101182 99532.1 99695.4 93843.4 89347.1 90087 105147 100955 89901.8 90392.6 100161 83839.4 93009 81808.8 86867.9 91137.7 88237 87159.4 89617.7 87109.1 95966.6 90115.1 85823.5 123821 103201 67752.9 104134 84664.8 64937.6 123382 114580 115776 77086.3 38033.2 121809 89478.3 56828.4 86978.6
#pred cpue bio
 4.05222e+06 3.904e+06 3.74738e+06 3.52926e+06 3.26269e+06 2.96568e+06 2.67553e+06 2.40418e+06 2.1173e+06 1.89616e+06 1.66702e+06 1.46781e+06 1.27965e+06 1.14676e+06 1.01772e+06 895278 785588 723183 676488 637136 614415 580992 570926 561881 549732 546411 539100 541709 542360 543696 543830 548390 556277 560946 544062 526764 518818 512822 499282 507943 507025 517759 523398 524758 529422 535261 538437 545784 543830 549274 560086 526145 514405 545679 537255 550683 587506 554697 526490 496027 512846 579565 550634 557602 607995 2.1971e+07 1.3323e+07 1.3574e+07 1.42747e+07 1.53185e+07 1.64499e+07 1.75091e+07 1.8422e+07 1.9168e+07 1.9756e+07 2.02082e+07 2.05503e+07 2.08063e+07 2.09968e+07 2.11382e+07 2.12431e+07 2.13212e+07 2.13795e+07 2.14231e+07 2.14561e+07 2.1481e+07 2.15e+07 2.15145e+07 2.15257e+07 2.15344e+07 2.15411e+07 2.15463e+07 2.15504e+07 2.15535e+07 2.1556e+07 2.1558e+07 2.15595e+07 2.15608e+07 2.15617e+07 2.15625e+07 2.15631e+07 2.15636e+07 2.15639e+07 2.15643e+07 2.15645e+07 2.15647e+07 2.15648e+07 2.1565e+07 2.15651e+07 2.15651e+07 2.15652e+07 2.15652e+07 2.15653e+07 2.15653e+07 2.15653e+07 2.15654e+07 2.15654e+07 2.15654e+07 2.15654e+07 2.15654e+07 2.15654e+07 2.15654e+07 2.15654e+07 2.15654e+07 2.15654e+07 2.15654e+07 2.15654e+07 2.15654e+07 2.15654e+07 2.15654e+07 2.15654e+07 2.15654e+07 2.15654e+07 2.15654e+07 2.15654e+07 2.15654e+07 2.15654e+07 2.15654e+07 2.15654e+07 2.15654e+07 2.15654e+07 2.15654e+07 2.15654e+07 2.15654e+07 2.15654e+07 2.15654e+07 2.15654e+07 2.15654e+07 2.15654e+07 2.15654e+07 2.15654e+07 2.15654e+07 2.15654e+07 2.15654e+07 2.15654e+07 2.15654e+07 2.15654e+07 2.15654e+07 2.15654e+07 2.15654e+07 2.15654e+07 2.15654e+07 2.15654e+07 2.15654e+07 2.15654e+07 0 0 0 0 0 0 0 0 0 0 0 0 0 0 0 0 0 0 0 0 0 0 0 0 0
#obs cpue bio
 2.82848e+06 3.77809e+06 3.46848e+06 3.42218e+06 2.9011e+06 2.43078e+06 1.71079e+06 1.90168e+06 1.64328e+06 2.56167e+06 1.3983e+06 1.24418e+06 1.26298e+06 875011 925299 725057 663009 511426 693692 809051 704495 549486 561659 500945 537673 442020 482179 543815 492699 409657 643241 645422 430295 723062 417426 588133 441112 604824 413237 757115 929685 510985 534268 513564 593422 563509 505540 609316 468932 637855 385016 602468 721912 638228 503134 572189 692963 738584 814043 543139 662293 425110 432714 507503 662734
#pred surv len freq
 0.00471797 0.00769012 0.0116306 0.0165401 0.0223126 0.0286527 0.0350495 0.040903 0.04575 0.0494164 0.0519951 0.0537147 0.0548181 0.0554982 0.0558729 0.055981 0.0557943 0.0552344 0.0541703 0.0523896 0.0495801 0.0453967 0.039649 0.0325309 0.0247117
 0.00497147 0.00800254 0.0119212 0.0166844 0.0221911 0.0282195 0.034376 0.0401597 0.0451265 0.0490269 0.05183 0.0536638 0.0547445 0.0553167 0.0555939 0.0557053 0.055665 0.055369 0.0546009 0.0530403 0.0502961 0.0460118 0.0400546 0.0327092 0.0247194
 0.00517529 0.00835167 0.0124715 0.0174779 0.0232219 0.0293959 0.0355107 0.0410158 0.0455145 0.0488971 0.0512909 0.05291 0.0539463 0.0545519 0.0548594 0.0549823 0.054977 0.0547883 0.0542053 0.052857 0.0502765 0.0460547 0.0400621 0.0326334 0.0245725
 0.0054061 0.00871924 0.0130127 0.0182273 0.0242105 0.0306422 0.0369984 0.0426642 0.0471604 0.0503114 0.0522412 0.0532458 0.053656 0.0537526 0.0537283 0.0536823 0.053625 0.053468 0.0529872 0.0517969 0.0493967 0.0453369 0.0394653 0.0321239 0.0241413
 0.00565949 0.00912946 0.0136267 0.0190874 0.0253464 0.0320597 0.0386675 0.0445151 0.0490879 0.0521813 0.0538928 0.054499 0.054341 0.0537594 0.0530505 0.0524217 0.051954 0.0515746 0.0510374 0.0499191 0.0476809 0.0438367 0.0382044 0.0311066 0.0233608
 0.00594964 0.0095945 0.0143147 0.0200399 0.0265925 0.0336061 0.0404861 0.0465359 0.0512047 0.0542664 0.0558107 0.0561121 0.0555103 0.054352 0.0529624 0.0516124 0.0504719 0.0495562 0.0486767 0.0474257 0.045245 0.0416098 0.0362921 0.0295669 0.0222054
 0.00623268 0.0100517 0.0149974 0.0209944 0.0278525 0.0351797 0.0423428 0.0486013 0.0533698 0.0564065 0.0578019 0.0578382 0.0568612 0.0552197 0.0532435 0.0512216 0.0493689 0.0477745 0.0463372 0.0447257 0.0424235 0.0389041 0.0338985 0.0276133 0.0207393
 0.00646375 0.0104323 0.01558 0.0218318 0.0289889 0.0366358 0.0440995 0.0505925 0.0554905 0.0585317 0.0598059 0.0596057 0.0582906 0.0562202 0.0537296 0.0511126 0.0485998 0.0463206 0.0442448 0.0421316 0.0395483 0.0360156 0.0312549 0.0254078 0.0190654
 0.00674017 0.0108792 0.0162484 0.022769 0.030231 0.0381958 0.0459528 0.0526694 0.0576823 0.0607078 0.0618328 0.0613627 0.0596775 0.0571583 0.0541568 0.0509753 0.0478499 0.044927 0.0422202 0.0395646 0.036621 0.0329873 0.0284094 0.0229835 0.0171978
 0.00694534 0.0112098 0.016741 0.0234578 0.0311442 0.0393488 0.0473392 0.0542552 0.0594069 0.0624905 0.0635811 0.062978 0.0610609 0.0582161 0.0548046 0.05114 0.04747 0.0439586 0.0406547 0.037456 0.034109 0.0302955 0.0258061 0.0207133 0.0154174
 0.00723357 0.0116708 0.0174203 0.0243919 0.0323527 0.040824 0.049035 0.0560859 0.0612609 0.0642548 0.0651606 0.0643028 0.0620818 0.0588949 0.0551054 0.0510232 0.0468931 0.042883 0.0390641 0.0353839 0.0316651 0.027672 0.0232488 0.0184601 0.0136315
 0.00749575 0.0120948 0.0180542 0.0252783 0.0335207 0.042275 0.0507291 0.0579365 0.0631463 0.0660413 0.0667275 0.0655591 0.0629716 0.0593937 0.0552082 0.0507299 0.0461971 0.0417705 0.0375272 0.0334466 0.029412 0.025261 0.0208914 0.01637 0.0119622
 0.00784894 0.0126502 0.0188554 0.0263535 0.0348786 0.0438988 0.0525669 0.059897 0.0651063 0.0678641 0.0682847 0.0667477 0.0637246 0.0596833 0.0550409 0.050134 0.0452064 0.0404137 0.035829 0.0314454 0.0271848 0.0229403 0.0186549 0.0143997 0.0103908
 0.00804848 0.0129782 0.0193552 0.0270668 0.0358363 0.0451069 0.0539935 0.0614695 0.0667235 0.0694172 0.0696737 0.0678885 0.0645499 0.0601431 0.0551056 0.0497966 0.0444801 0.0393254 0.034416 0.0297594 0.0253054 0.0209849 0.0167721 0.0127398 0.00906379
 0.00823715 0.0132911 0.0198376 0.0277646 0.0367863 0.0463212 0.0554436 0.0630798 0.0683805 0.0709912 0.0710427 0.068956 0.065253 0.0604524 0.0550181 0.0493271 0.0436544 0.0381778 0.0329902 0.028114 0.0235217 0.0191717 0.0150579 0.0112483 0.00788187
 0.00843476 0.0136141 0.0203269 0.0284596 0.0377175 0.0474978 0.05684 0.0646288 0.0699793 0.0725173 0.0723738 0.0699871 0.0659091 0.0606954 0.0548464 0.0487675 0.0427511 0.0369828 0.0315605 0.0265154 0.0218352 0.0174968 0.0135048 0.00991795 0.00684015
 0.00873444 0.0140775 0.0209806 0.0293131 0.0387639 0.0487145 0.0581864 0.0660429 0.0713803 0.0738141 0.0734761 0.0708153 0.0664025 0.0608179 0.0545898 0.0481504 0.0418139 0.0357806 0.0301576 0.0249838 0.0202567 0.0159629 0.0121099 0.00874263 0.00593216
 0.00874909 0.0141195 0.0210769 0.0295 0.0390773 0.0491767 0.0587947 0.0667693 0.0721813 0.0746443 0.0742937 0.0715792 0.067065 0.0613235 0.0548818 0.0481834 0.0415653 0.0352564 0.0293919 0.0240347 0.0192006 0.0148879 0.0111048 0.0078818 0.00526087
 0.00862077 0.0139351 0.020846 0.0292504 0.0388529 0.0490297 0.0587766 0.0669206 0.0725214 0.0751633 0.0749526 0.0723181 0.0678167 0.0620223 0.0554675 0.0486021 0.0417732 0.0352272 0.0291252 0.0235599 0.0185751 0.0141882 0.0104129 0.00726904 0.00477325
 0.00874407 0.0140874 0.0209876 0.029319 0.038786 0.0487977 0.0584079 0.0665013 0.0721664 0.0749753 0.0749901 0.0725844 0.0682676 0.0625852 0.0560594 0.0491435 0.0421964 0.0354821 0.0291847 0.023425 0.0182768 0.0137827 0.009969 0.00685176 0.00442885
 0.00886981 0.0142742 0.0212333 0.0296032 0.0390669 0.0490143 0.0584891 0.0663877 0.0718402 0.0744838 0.0744429 0.0721188 0.067998 0.0625632 0.0562648 0.0495018 0.0426094 0.0358554 0.0294468 0.0235376 0.0182373 0.0136206 0.00973483 0.00660074 0.0042056
 0.00904816 0.014561 0.0216574 0.0301845 0.0398062 0.0498796 0.0594043 0.0672339 0.0724788 0.0747954 0.0743678 0.071681 0.0673007 0.0617564 0.0554954 0.0488703 0.042149 0.0355402 0.0292183 0.0233349 0.01802 0.0133771 0.00947877 0.00635863 0.00400237
 0.00900747 0.014501 0.02158 0.0300988 0.039731 0.0498429 0.0594397 0.0673702 0.0727236 0.0751217 0.0747127 0.0719635 0.0674536 0.0617548 0.0553672 0.0486806 0.0419676 0.0354113 0.0291473 0.0232968 0.0179805 0.0133127 0.00938603 0.00625064 0.00389847
 0.00894554 0.014408 0.0214543 0.0299451 0.0395592 0.0496683 0.059283 0.0672573 0.0726833 0.0751779 0.0748734 0.0722112 0.0677439 0.0620285 0.0555723 0.0487931 0.0419983 0.0353936 0.0291156 0.0232695 0.0179568 0.0132827 0.0093425 0.00619562 0.00384098
 0.00903791 0.0145333 0.0215972 0.0300764 0.039645 0.0496838 0.0592234 0.0671397 0.0725392 0.0750423 0.0747761 0.0721712 0.0677658 0.0621002 0.0556671 0.0488781 0.0420477 0.0353988 0.0290852 0.0232203 0.0179029 0.0132304 0.00929237 0.00614784 0.00379769
 0.0090006 0.0144854 0.0215477 0.0300383 0.0396281 0.0496854 0.0592239 0.0671094 0.0724548 0.0749034 0.0746102 0.0720234 0.0676795 0.0621001 0.0557519 0.0490238 0.0422183 0.0355599 0.029214 0.023309 0.0179552 0.0132547 0.00929747 0.00614089 0.0037847
 0.00899715 0.0144788 0.0215365 0.0300224 0.0396105 0.0496735 0.0592282 0.0671379 0.0725048 0.0749577 0.0746428 0.0720134 0.0676249 0.0620205 0.0556781 0.0489821 0.0422183 0.0355932 0.0292624 0.0233544 0.0179866 0.0132695 0.00929869 0.00613366 0.00377395
 0.00894659 0.0143932 0.0214019 0.0298251 0.0393425 0.0493393 0.0588516 0.0667617 0.0721826 0.0747388 0.0745563 0.0720608 0.0677817 0.0622491 0.0559424 0.0492574 0.0424917 0.0358571 0.0295079 0.0235702 0.0181626 0.013401 0.00938778 0.00618784 0.00380305
 0.00889128 0.0143108 0.0212914 0.029689 0.0391842 0.0491601 0.0586498 0.0665367 0.0719415 0.0745014 0.0743546 0.07193 0.0677483 0.0623203 0.0561043 0.0494822 0.0427484 0.0361194 0.0297568 0.0237926 0.0183492 0.0135466 0.00949221 0.00625592 0.00384298
 0.00873141 0.0140751 0.020982 0.0293244 0.0387947 0.04878 0.0583096 0.0662594 0.0717399 0.0743782 0.0743054 0.071949 0.0678333 0.0624728 0.0563251 0.049764 0.0430733 0.036462 0.0300905 0.024095 0.0186052 0.0137488 0.00964041 0.00635591 0.00390456
 0.00865881 0.0139473 0.0207732 0.0290085 0.0383565 0.0482297 0.0576933 0.0656537 0.0712312 0.0740339 0.0741548 0.0719821 0.068015 0.0627614 0.0566848 0.0501686 0.0435027 0.036897 0.03051 0.0244778 0.0189333 0.0140115 0.00983578 0.00649 0.00398893
 0.00857038 0.0138061 0.0205647 0.0287195 0.0379758 0.0477511 0.0571222 0.0650155 0.0705764 0.0734354 0.073694 0.071727 0.0679995 0.0629765 0.0570859 0.0506937 0.0440906 0.0374968 0.031083 0.0249953 0.019375 0.0143658 0.0101008 0.00667348 0.00410567
 0.00836512 0.0134971 0.0201456 0.0282005 0.0373801 0.0471086 0.0564646 0.0643753 0.0699868 0.0729305 0.0733091 0.0714988 0.0679619 0.0631508 0.0574697 0.0512555 0.0447745 0.0382361 0.031814 0.0256668 0.0199522 0.0148302 0.0104493 0.00691597 0.00426093
 0.00811629 0.0131154 0.0196147 0.0275231 0.0365796 0.0462289 0.0555693 0.0635411 0.069289 0.0724248 0.0730209 0.0714257 0.0680873 0.0634565 0.0579402 0.0518726 0.0455086 0.0390417 0.0326342 0.0264429 0.0206355 0.0153897 0.0108744 0.00721428 0.00445331
 0.0081199 0.0131067 0.0195748 0.0274258 0.0363987 0.0459489 0.0551953 0.0631004 0.0688242 0.0719818 0.0726382 0.0711293 0.0678914 0.0633681 0.057964 0.0520123 0.0457637 0.039401 0.0330705 0.0269152 0.0210968 0.0157986 0.011204 0.0074561 0.00461449
 0.0088855 0.0141839 0.0208857 0.0287913 0.0375871 0.0467553 0.0555068 0.0629153 0.0682266 0.0710987 0.0716032 0.0700611 0.0668823 0.062481 0.0572346 0.0514563 0.0453836 0.0391891 0.0330086 0.0269728 0.0212335 0.0159705 0.0113731 0.00759704 0.00471705
 0.00946277 0.0151124 0.0222542 0.0306484 0.0398988 0.0493587 0.0580902 0.0650664 0.0695557 0.0713811 0.0708559 0.0685114 0.0648598 0.0603027 0.0551372 0.0495825 0.0438012 0.0379175 0.0320384 0.0262759 0.0207686 0.0156873 0.011219 0.00752457 0.0046894
 0.00931922 0.0149875 0.0222675 0.03098 0.0407437 0.0508492 0.0602194 0.0676501 0.0722525 0.0737657 0.0725267 0.0692006 0.0645074 0.0590601 0.0532989 0.0474814 0.0417204 0.0360476 0.0304778 0.0250534 0.0198675 0.0150642 0.0108172 0.00728453 0.0045574
 0.0090788 0.0146339 0.0218111 0.0304722 0.0402853 0.0505913 0.0603459 0.0683332 0.0735798 0.0756681 0.0747516 0.0713617 0.0661988 0.0599859 0.0533583 0.0467771 0.0404951 0.0345881 0.0290324 0.0237881 0.0188613 0.0143282 0.0103199 0.00697442 0.00437951
 0.00877675 0.0141462 0.0210866 0.0294748 0.0390139 0.0491064 0.058794 0.0669463 0.0726365 0.0754202 0.0753398 0.0727523 0.0681695 0.0621765 0.0553753 0.0483135 0.0414115 0.034923 0.0289456 0.0234776 0.0184938 0.0140072 0.0100865 0.00682763 0.00429858
 0.00889909 0.0142931 0.0212103 0.0294959 0.0388384 0.0486574 0.0580436 0.0659373 0.0714868 0.074311 0.0744869 0.0723564 0.0683536 0.0629311 0.0565443 0.0496361 0.0426108 0.0357989 0.029428 0.0236185 0.0184141 0.0138335 0.00990987 0.00669224 0.00421262
 0.00894558 0.0143645 0.0213073 0.0296086 0.0389396 0.0486963 0.0579482 0.0656312 0.0709217 0.0735025 0.0735334 0.0714282 0.0676502 0.0626206 0.0567046 0.0502229 0.0434685 0.0367167 0.0302165 0.0241696 0.0187166 0.0139457 0.00991326 0.00665465 0.00417319
 0.00888451 0.014291 0.0212438 0.0295906 0.0390041 0.0488627 0.0582012 0.0659144 0.0711472 0.0735746 0.0733812 0.0710377 0.0670826 0.062005 0.0561994 0.0499584 0.0434959 0.0369903 0.0306201 0.0245712 0.0190224 0.0141239 0.00998386 0.0066605 0.00415352
 0.00883324 0.0142119 0.0211344 0.0294555 0.0388585 0.0487352 0.0581311 0.0659403 0.0712874 0.0738083 0.0736441 0.0712398 0.0671447 0.061896 0.0559555 0.0496709 0.0432719 0.0369044 0.0306839 0.0247373 0.019217 0.0142854 0.0100848 0.00670543 0.00416302
 0.0088366 0.0142039 0.0210977 0.029367 0.0386968 0.0484925 0.0578241 0.0656127 0.0710008 0.073624 0.0736011 0.0713383 0.0673425 0.0621235 0.0561454 0.0497888 0.0433293 0.0369456 0.0307548 0.0248573 0.0193716 0.0144407 0.0102102 0.00678791 0.00420694
 0.00889737 0.0142892 0.0212002 0.0294691 0.0387727 0.048513 0.0577637 0.0654576 0.070757 0.0733221 0.073294 0.0710865 0.0671932 0.0620921 0.0562106 0.0499063 0.0434554 0.0370573 0.0308534 0.024956 0.0194782 0.0145499 0.0103081 0.00686248 0.00425469
 0.00893894 0.0143607 0.0213141 0.0296365 0.0389975 0.048784 0.0580488 0.0657064 0.070914 0.0733456 0.0731717 0.0708418 0.0668777 0.0617687 0.0559329 0.0497026 0.0433265 0.0369859 0.0308198 0.0249474 0.0194889 0.0145753 0.010341 0.0068943 0.00427918
 0.00886951 0.0142619 0.0211923 0.029508 0.0388861 0.0487153 0.0580433 0.065773 0.0710447 0.0735138 0.073337 0.0709624 0.0669264 0.0617433 0.055856 0.0496101 0.0432508 0.0369451 0.0308154 0.0249707 0.0195283 0.0146209 0.0103855 0.00693239 0.00430777
 0.00888185 0.0142809 0.0212192 0.0295443 0.0389344 0.04878 0.0581306 0.0658888 0.0711902 0.0736813 0.0735071 0.0711061 0.0670121 0.0617474 0.0557724 0.049454 0.043054 0.0367443 0.0306402 0.0248369 0.0194381 0.0145678 0.0103591 0.00692257 0.00430641
 0.00886658 0.0142514 0.0211666 0.0294584 0.0388078 0.0486134 0.0579378 0.0656968 0.071034 0.0735937 0.0735094 0.0712006 0.0671802 0.0619543 0.0559772 0.0496221 0.0431676 0.036805 0.0306636 0.0248429 0.0194419 0.0145766 0.010373 0.00693836 0.00432061
 0.00878563 0.0141288 0.0209985 0.0292469 0.0385589 0.048336 0.0576429 0.0654003 0.0707588 0.0733698 0.0733694 0.0711719 0.0672755 0.062165 0.0562731 0.0499592 0.0435005 0.0370988 0.0309011 0.0250232 0.0195746 0.0146735 0.0104437 0.00698898 0.00435517
 0.00910705 0.0146306 0.0217134 0.030186 0.0397043 0.0496314 0.0589868 0.0666502 0.0717566 0.0739805 0.0735169 0.070857 0.0665707 0.0611902 0.0551633 0.0488335 0.042443 0.0361566 0.030093 0.0243525 0.0190381 0.014264 0.0101492 0.00679167 0.00423323
 0.00912055 0.014669 0.0218016 0.0303587 0.0399979 0.0500718 0.0595753 0.0673564 0.0725179 0.0747107 0.0741205 0.0712474 0.0666905 0.061027 0.054753 0.048249 0.0417725 0.0354807 0.0294703 0.0238165 0.0186021 0.0139283 0.00990567 0.00662675 0.00413003
 0.0087776 0.0141264 0.0210168 0.0293118 0.0387081 0.0486149 0.0580954 0.0660526 0.0715994 0.0743344 0.0743418 0.0720068 0.0678375 0.0623672 0.0560987 0.0494596 0.0427724 0.0362546 0.0300425 0.0242276 0.0188917 0.0141281 0.0100395 0.00671255 0.00418208
 0.00883073 0.0142085 0.0211302 0.0294503 0.038852 0.0487277 0.0581278 0.0659577 0.0713579 0.0739763 0.0739469 0.0716791 0.0676631 0.0623796 0.0562701 0.049718 0.0430354 0.03646 0.0301635 0.02427 0.0188798 0.0140895 0.00999547 0.00667513 0.0041554
 0.00859233 0.0138498 0.0206448 0.0288535 0.038178 0.0480237 0.0574472 0.0653529 0.0708717 0.0736354 0.0737636 0.0716605 0.0678198 0.0627221 0.0567933 0.0503862 0.043781 0.0371996 0.0308228 0.0248032 0.0192749 0.0143603 0.0101689 0.00677957 0.00421469
 0.00836789 0.0134641 0.0200288 0.0279384 0.036921 0.0464437 0.0556526 0.0635371 0.0692678 0.07245 0.0731236 0.0715958 0.0682798 0.0636089 0.0579924 0.0517836 0.0452672 0.0386697 0.0321813 0.0259752 0.0202173 0.0150663 0.0106613 0.0070991 0.00440724
 0.00890912 0.0142842 0.0211469 0.0293193 0.0384691 0.0480046 0.0570238 0.0644997 0.0696438 0.0721642 0.0722357 0.070279 0.0667602 0.0621 0.0566526 0.0507038 0.0444778 0.0381539 0.03189 0.0258429 0.0201785 0.0150691 0.0106739 0.00710789 0.00441007
 0.00913875 0.0146868 0.0218039 0.0303157 0.0398629 0.0497815 0.0590596 0.0665582 0.0714236 0.0733787 0.0726909 0.0699216 0.065683 0.0605078 0.0548029 0.0488431 0.0427936 0.036755 0.0308109 0.0250626 0.0196449 0.0147201 0.0104531 0.00697197 0.00432884
 0.00913548 0.0147185 0.0219224 0.0305981 0.0403997 0.0506521 0.0603008 0.0681363 0.0732181 0.0751847 0.0742491 0.0709759 0.0660504 0.0601338 0.0537759 0.0473624 0.0411072 0.0350936 0.0293418 0.0238731 0.0187518 0.0140927 0.010038 0.00671249 0.00417569
 0.00884115 0.0142336 0.0211863 0.0295663 0.0390726 0.0491116 0.0587341 0.0668179 0.0724391 0.0751549 0.075017 0.0724049 0.0678595 0.0619829 0.0553647 0.048507 0.0417688 0.035354 0.0293442 0.0237601 0.0186242 0.0139994 0.00998792 0.00669416 0.00417382
 0.00857658 0.0137561 0.0203817 0.0283039 0.0372425 0.046684 0.0558171 0.0636795 0.0694739 0.0728029 0.0736613 0.0722756 0.0689687 0.0641159 0.058138 0.0514772 0.0445514 0.0377045 0.031177 0.0251105 0.019587 0.014675 0.0104555 0.00700896 0.00437532
 0.00935183 0.0149416 0.0220179 0.030356 0.0395826 0.0490809 0.0579423 0.0651558 0.069976 0.0721792 0.0720122 0.0699378 0.06641 0.0617858 0.0563386 0.0503019 0.0439071 0.0373971 0.0310118 0.0249615 0.0194112 0.0144862 0.0102853 0.00687912 0.00429011
 0.00911899 0.0146803 0.0218397 0.0304328 0.0400946 0.0501341 0.0594963 0.0670031 0.0717867 0.073591 0.0727325 0.0698278 0.0655276 0.0603695 0.0547282 0.0488243 0.0427753 0.036668 0.0306148 0.0247692 0.0193094 0.014409 0.0102123 0.00681409 0.00424056
 0.00824932 0.0133551 0.0200198 0.0281653 0.0375295 0.0475295 0.0572035 0.0654063 0.0711917 0.0741025 0.0741936 0.0718696 0.0677065 0.0623223 0.0562726 0.0499683 0.0436492 0.0374231 0.031344 0.025483 0.0199634 0.0149506 0.0106147 0.0070831 0.00440365
#obs surv len freq
 nan nan nan nan nan nan nan nan nan nan nan nan nan nan nan nan nan nan nan nan nan nan nan nan nan
 0.00448065 0.0073403 0.0111689 0.0159847 0.0216859 0.0279628 0.0342786 0.0400117 0.0446927 0.0481576 0.0505161 0.0520125 0.052905 0.0534176 0.0537321 0.0539871 0.0542658 0.0545586 0.0546974 0.0542893 0.0527272 0.0493592 0.0438086 0.0362883 0.0276714
 0.00462045 0.00756675 0.0115079 0.016459 0.0223097 0.0287337 0.0351692 0.0409664 0.0456351 0.0490043 0.0511925 0.0524635 0.0531018 0.053358 0.0534369 0.0534928 0.0536152 0.0537942 0.053858 0.0534117 0.0518501 0.0485254 0.0430625 0.0356676 0.0271971
 0.00477701 0.00782648 0.0119082 0.0170375 0.0230959 0.0297361 0.0363621 0.0422859 0.0469876 0.0502837 0.052297 0.0533076 0.0536228 0.0535205 0.0532353 0.0529493 0.0527744 0.0527146 0.0526052 0.0520556 0.0504657 0.0471932 0.0418626 0.0346659 0.02643
 0.00497014 0.00814096 0.0123829 0.0177095 0.0239952 0.0308746 0.0377223 0.043814 0.0485972 0.0518678 0.0537426 0.0545075 0.0544852 0.0539766 0.0532446 0.052503 0.0518954 0.0514545 0.0510407 0.0502842 0.0486029 0.0453667 0.0401985 0.0332676 0.0253555
 0.00519414 0.00850649 0.0129355 0.0184923 0.0250405 0.0321913 0.0392825 0.0455492 0.0504084 0.053644 0.0553761 0.0559005 0.0555501 0.0546367 0.0534379 0.0521889 0.0510623 0.0501263 0.0492813 0.0481996 0.0463386 0.0430956 0.0380981 0.0314856 0.0239779
 0.00541317 0.00886705 0.0134865 0.0192826 0.0261093 0.0335538 0.0409144 0.0473814 0.0523364 0.0555479 0.0571399 0.0574227 0.0567457 0.055434 0.0537757 0.0520164 0.0503446 0.0488564 0.0474951 0.0459892 0.0438567 0.040544 0.0356957 0.0294219 0.0223693
 0.00564868 0.00925279 0.0140726 0.020118 0.0272332 0.0349811 0.0426212 0.0492979 0.0543564 0.0575477 0.0589975 0.0590301 0.0580133 0.0562908 0.0541651 0.0518918 0.0496692 0.0476108 0.0456943 0.0437053 0.0412342 0.0377951 0.0330664 0.0271355 0.0205709
 0.00589764 0.00965949 0.0146884 0.0209921 0.0284035 0.0364598 0.0443794 0.0512607 0.0564128 0.0595723 0.0608695 0.0606446 0.0592845 0.0571503 0.0545591 0.0517771 0.0490108 0.0463863 0.043909 0.0414164 0.0385727 0.0349689 0.0303301 0.0247311 0.0186634
 0.00614129 0.01006 0.0152992 0.0218657 0.0295809 0.0379543 0.0461599 0.0532465 0.0584857 0.0615998 0.0627274 0.0622289 0.0605144 0.0579655 0.0549148 0.0516381 0.0483479 0.0451793 0.04216 0.0391727 0.0359521 0.0321675 0.027597 0.0223111 0.0167301
 0.00638827 0.0104634 0.0159099 0.0227324 0.0307414 0.0394206 0.0479031 0.0551904 0.0605165 0.0635867 0.0645442 0.0637676 0.0616917 0.0587229 0.0552138 0.0514539 0.0476627 0.0439817 0.0404553 0.0370046 0.033427 0.0294657 0.0249529 0.0199601 0.0148431
 0.00660746 0.0108272 0.0164713 0.0235448 0.0318477 0.0408355 0.0495958 0.0570797 0.0624835 0.0654997 0.06628 0.0652246 0.0627924 0.059413 0.0554588 0.051234 0.0469678 0.0428096 0.0388183 0.034947 0.0310474 0.026928 0.0224708 0.0177503 0.0130655
 0.00682371 0.0111801 0.0170053 0.0243028 0.0328637 0.0421226 0.0511322 0.0588019 0.0642924 0.0672768 0.0679064 0.0665952 0.0638249 0.0600509 0.0556695 0.0510029 0.0462917 0.041694 0.0372824 0.0330374 0.0288564 0.0246038 0.0202044 0.0157347 0.0114437
 0.00705097 0.0115509 0.0175652 0.0250942 0.0339163 0.0434393 0.0526758 0.0604921 0.0660189 0.068922 0.0693647 0.0677826 0.0646798 0.0605317 0.0557523 0.0506786 0.0455629 0.040573 0.0357945 0.0312317 0.0268201 0.0224701 0.0181413 0.0139102 0.00998063
 0.00729071 0.0119433 0.0181601 0.0259382 0.0350415 0.0448469 0.0543197 0.0622755 0.0678093 0.0705791 0.0707676 0.0688445 0.0653512 0.0607949 0.0556121 0.0501528 0.0446748 0.0393493 0.0342694 0.0294571 0.0248781 0.0204796 0.0162471 0.012254 0.0086631
 0.0074344 0.0121861 0.0185428 0.026505 0.0358313 0.0458791 0.055579 0.0637052 0.0693171 0.0720532 0.0720948 0.0699251 0.0661094 0.0611852 0.0556192 0.0497859 0.043959 0.0383188 0.0329664 0.0279371 0.0232192 0.0187869 0.0146442 0.0108587 0.00755705
 0.00755447 0.0123749 0.0188161 0.0268759 0.0363112 0.0464781 0.0563035 0.0645514 0.0702654 0.0730638 0.073107 0.0708629 0.0668918 0.0617383 0.0558874 0.0497381 0.0435898 0.037645 0.0320236 0.0267793 0.0219214 0.0174444 0.0133644 0.00974149 0.00667056
 0.00758202 0.0124245 0.0188995 0.0270069 0.0365031 0.0467391 0.0566344 0.064947 0.0707196 0.0735734 0.0736692 0.0714665 0.0675068 0.0623125 0.0563532 0.0500266 0.0436461 0.0374397 0.0315577 0.0260852 0.0210599 0.0165 0.0124327 0.00891111 0.00600329
 0.00766332 0.0125425 0.0190513 0.0271821 0.0366884 0.0469254 0.056821 0.0651412 0.0709313 0.0738101 0.0739345 0.07176 0.067824 0.0626407 0.0566658 0.0502813 0.0437905 0.0374243 0.0313511 0.0256854 0.0204996 0.0158415 0.0117553 0.00829167 0.00549761
 0.00770967 0.0126156 0.0191563 0.0273205 0.0368556 0.0471089 0.0570009 0.0652949 0.0710434 0.0738811 0.0739823 0.0718127 0.0679075 0.0627682 0.0568322 0.0504632 0.0439489 0.0375123 0.0313252 0.0255202 0.0201981 0.0154382 0.0113073 0.00786157 0.00513521
 0.00776399 0.0126974 0.0192675 0.0274585 0.0370145 0.0472805 0.0571751 0.0654593 0.0711834 0.0739825 0.0740367 0.0718227 0.0678882 0.0627426 0.0568223 0.0504792 0.0439831 0.0375395 0.0313109 0.0254328 0.0200231 0.0151857 0.0110101 0.00756392 0.0048765
 0.00780715 0.012763 0.0193576 0.0275715 0.0371451 0.0474202 0.057313 0.0655835 0.0712836 0.0740518 0.0740733 0.0718286 0.0678687 0.0627062 0.0567804 0.0504432 0.0439595 0.0375242 0.0312879 0.0253802 0.0199232 0.0150353 0.0108238 0.00736868 0.00470051
 0.0078512 0.0128317 0.0194552 0.0276995 0.0373008 0.0475963 0.0574965 0.0657568 0.0714275 0.0741513 0.0741205 0.0718244 0.0678207 0.062626 0.0566812 0.0503378 0.0438584 0.0374326 0.0312037 0.025294 0.0198237 0.0149159 0.0106883 0.00723027 0.00457579
 0.00787917 0.0128751 0.0195166 0.0277797 0.0373991 0.0477098 0.05762 0.0658824 0.0715451 0.0742501 0.0741911 0.0718601 0.0678194 0.0625901 0.0566173 0.0502553 0.0437673 0.0373411 0.0311158 0.0252089 0.0197369 0.0148238 0.0105913 0.0071344 0.0044901
 0.00789025 0.0128905 0.0195352 0.0277989 0.0374162 0.0477233 0.057631 0.0658943 0.0715627 0.0742771 0.0742284 0.0719051 0.0678657 0.0626301 0.0566441 0.0502651 0.0437601 0.0373198 0.0310842 0.0251697 0.019691 0.0147712 0.0105337 0.00707595 0.00443663
 0.00788694 0.0128821 0.0195169 0.0277648 0.0373607 0.0476443 0.0575322 0.0657863 0.0714608 0.0741981 0.0741863 0.0719079 0.0679133 0.0627145 0.0567512 0.0503787 0.0438661 0.0374083 0.0311506 0.0252131 0.0197129 0.0147744 0.0105221 0.00705507 0.0044124
 0.00789925 0.0128967 0.0195288 0.0277657 0.0373409 0.0475957 0.0574518 0.0656775 0.071334 0.0740688 0.0740725 0.0718269 0.0678782 0.0627302 0.0568138 0.0504763 0.043982 0.0375257 0.0312556 0.0252971 0.0197723 0.0148101 0.0105379 0.0070566 0.00440577
 0.0079113 0.0129172 0.0195609 0.0278117 0.0374002 0.0476624 0.0575135 0.0657176 0.0713367 0.0740258 0.0739873 0.0717143 0.0677595 0.0626273 0.0567431 0.0504454 0.0439886 0.0375599 0.0313039 0.0253464 0.0198133 0.0148379 0.0105524 0.0070604 0.00440305
 0.00788357 0.0128714 0.0194912 0.0277134 0.0372724 0.047511 0.0573526 0.0655672 0.0712165 0.0739479 0.0739531 0.0717169 0.0677895 0.0626786 0.0568142 0.050537 0.0441002 0.0376869 0.0314368 0.0254736 0.0199239 0.0149249 0.0106139 0.00709902 0.0044242
 0.00786838 0.0128432 0.0194422 0.0276345 0.0371553 0.0473524 0.0571579 0.0653522 0.0710053 0.0737677 0.0738271 0.0716585 0.0678003 0.0627492 0.0569294 0.0506817 0.0442621 0.0378564 0.0316056 0.0256326 0.020064 0.0150391 0.0106991 0.00715667 0.00445924
 0.00782807 0.0127766 0.0193401 0.0274879 0.0369577 0.0471033 0.0568661 0.0650375 0.070696 0.073496 0.0736233 0.071546 0.0677912 0.062842 0.0571097 0.0509256 0.0445425 0.038148 0.0318877 0.0258898 0.0202853 0.015218 0.0108336 0.00724987 0.00451822
 0.00782476 0.0127684 0.0193224 0.027454 0.0368998 0.0470139 0.0567405 0.0648754 0.0705034 0.0732854 0.0734135 0.0713604 0.0676538 0.0627726 0.057119 0.0510124 0.044694 0.0383436 0.0321036 0.0261036 0.0204795 0.0153808 0.0109596 0.00733947 0.00457639
 0.0078088 0.0127399 0.0192748 0.0273797 0.0367922 0.0468702 0.0565642 0.0646767 0.070297 0.073087 0.0732376 0.0712192 0.067558 0.0627321 0.0571412 0.0511002 0.0448432 0.0385415 0.0323308 0.0263374 0.0206985 0.0155688 0.0111077 0.0074464 0.00464681
 0.00776532 0.0126741 0.0191848 0.0272665 0.0366588 0.0467201 0.056401 0.0645052 0.070124 0.0729224 0.0730933 0.071107 0.0674879 0.0627108 0.0571724 0.0511848 0.0449786 0.0387206 0.0325407 0.0265603 0.0209145 0.0157601 0.0112626 0.00756072 0.00472351
 0.00773247 0.0126154 0.0190872 0.0271162 0.0364462 0.0464469 0.0560851 0.0641793 0.0698266 0.0726856 0.0729354 0.071032 0.06749 0.0627804 0.0572996 0.0513603 0.0451936 0.0389652 0.0328028 0.0268251 0.0211651 0.0159806 0.0114415 0.00769377 0.00481361
 0.00932593 0.0148456 0.0217778 0.0298799 0.038796 0.047975 0.0566057 0.0637582 0.0687026 0.0711525 0.071251 0.0693793 0.0659778 0.0614599 0.0561848 0.0504448 0.0444621 0.0383996 0.0323841 0.0265324 0.0209755 0.0158693 0.0113843 0.00766948 0.00480646
 0.00930034 0.0151023 0.0226899 0.0319111 0.0422989 0.0529186 0.062402 0.0693568 0.0729634 0.0732945 0.0711108 0.0673558 0.0627569 0.057722 0.0524335 0.046976 0.0414127 0.0358126 0.0302554 0.0248364 0.0196741 0.0149149 0.0107211 0.00723666 0.00454337
 0.00896898 0.0145781 0.02195 0.0310019 0.0413913 0.0523468 0.0626247 0.0707934 0.0757434 0.0770696 0.0750965 0.0706298 0.0646448 0.0580322 0.0514279 0.0451535 0.0392733 0.0337197 0.028412 0.0233232 0.0184996 0.0140503 0.0101197 0.00684419 0.00430502
 0.00878006 0.0142648 0.0214677 0.0303079 0.0404616 0.0512064 0.0613882 0.0696941 0.0751165 0.0772614 0.0763091 0.0727725 0.0672981 0.0605831 0.0533189 0.0460965 0.0393081 0.0331138 0.0274965 0.0223676 0.0176649 0.0134011 0.00965819 0.00654145 0.00412166
 0.00873741 0.0141832 0.0213214 0.0300632 0.0400822 0.0506637 0.0606764 0.0688461 0.0742204 0.0764703 0.0758307 0.0728178 0.0679905 0.0618669 0.0549359 0.0476685 0.040492 0.0337349 0.027584 0.02209 0.0172249 0.012957 0.00929598 0.00628568 0.00396079
 0.00869531 0.0141172 0.0212259 0.0299322 0.0399074 0.0504328 0.0603733 0.0684563 0.0737404 0.075922 0.0752752 0.0723611 0.0677684 0.0620014 0.0554725 0.0485303 0.0414877 0.0346316 0.0282051 0.022378 0.0172366 0.012808 0.00909748 0.00610925 0.00383443
 0.00868891 0.0141044 0.0212023 0.0298922 0.0398453 0.0503444 0.060256 0.0683079 0.0735563 0.0756954 0.075003 0.0720561 0.067472 0.0617856 0.0554214 0.0487018 0.0418747 0.0351497 0.0287235 0.0227772 0.0174581 0.0128649 0.0090487 0.00601997 0.00374986
 0.00867756 0.0140866 0.0211765 0.0298572 0.0397998 0.0502868 0.0601851 0.0682227 0.0734567 0.0755813 0.0748736 0.0719112 0.0673158 0.0616343 0.0553079 0.0486702 0.041961 0.0353581 0.0290139 0.0230785 0.017701 0.0130118 0.00910312 0.0060127 0.00371656
 0.00865841 0.0140578 0.0211374 0.0298089 0.0397444 0.0502274 0.0601245 0.0681634 0.0734 0.075527 0.0748199 0.071855 0.0672546 0.061569 0.0552465 0.0486298 0.041965 0.0354254 0.0291455 0.0232517 0.0178764 0.0131524 0.00918997 0.00604931 0.00372016
 0.00866706 0.0140701 0.0211528 0.0298256 0.0397601 0.0502399 0.0601322 0.0681652 0.0733948 0.0755132 0.0747953 0.0718175 0.067203 0.0615041 0.0551727 0.0485565 0.0419064 0.0353973 0.0291586 0.0233048 0.0179544 0.0132328 0.00925337 0.00608708 0.00373514
 0.00866092 0.0140588 0.0211335 0.0297949 0.0397156 0.0501812 0.0600627 0.068092 0.0733272 0.07546 0.0747623 0.0718058 0.0672094 0.061522 0.0551952 0.048579 0.041929 0.0354248 0.0291977 0.0233591 0.018021 0.0133021 0.00931387 0.00613086 0.00376085
 0.00862369 0.0140067 0.0210703 0.0297291 0.0396572 0.0501374 0.0600346 0.0680753 0.0733154 0.0754485 0.0747511 0.0717983 0.0672099 0.0615331 0.0552162 0.0486069 0.0419607 0.0354588 0.029235 0.0234015 0.0180685 0.0133514 0.00935902 0.00616662 0.00378489
 0.00864005 0.0140239 0.0210797 0.029718 0.0396145 0.0500603 0.0599332 0.0679702 0.0732291 0.0753957 0.0747335 0.0718076 0.0672345 0.0615643 0.0552498 0.048642 0.0419971 0.0354964 0.0292737 0.0234412 0.0181088 0.0133907 0.00939462 0.00619561 0.00380563
 0.00863382 0.0140179 0.0210773 0.0297236 0.0396298 0.0500808 0.0599474 0.0679633 0.0731914 0.0753292 0.0746529 0.0717332 0.0671826 0.0615411 0.055252 0.0486619 0.0420271 0.0355311 0.0293101 0.0234778 0.0181445 0.0134241 0.00942417 0.00621961 0.00382318
 0.00861502 0.0139903 0.0210418 0.0296835 0.0395906 0.0500495 0.0599302 0.0679634 0.0732061 0.07535 0.0746683 0.0717351 0.0671706 0.0615225 0.0552371 0.0486582 0.0420368 0.0355518 0.0293377 0.0235082 0.0181749 0.0134524 0.00944879 0.00623946 0.00383778
 0.00861502 0.0139903 0.0210418 0.0296835 0.0395906 0.0500495 0.0599302 0.0679634 0.0732061 0.07535 0.0746683 0.0717351 0.0671706 0.0615225 0.0552371 0.0486582 0.0420368 0.0355518 0.0293377 0.0235082 0.0181749 0.0134524 0.00944879 0.00623946 0.00383778
 0.00887648 0.0144027 0.0216367 0.0304765 0.0405723 0.0511745 0.0611101 0.0690721 0.0741053 0.0759243 0.0748537 0.0715288 0.0666229 0.0607195 0.054281 0.0476491 0.0410586 0.0346647 0.0285765 0.0228869 0.017692 0.0130962 0.00920092 0.00607802 0.00374017
 0.00883262 0.0143603 0.0216268 0.0305464 0.0407743 0.0515468 0.0616582 0.069761 0.0748639 0.0766601 0.0754706 0.0719453 0.0667877 0.0606211 0.053948 0.0471412 0.0404513 0.0340331 0.0279821 0.0223711 0.0172752 0.0127813 0.00897855 0.00593186 0.00365123
 0.00851535 0.0138497 0.0208725 0.029518 0.0394826 0.0500694 0.0601541 0.0684528 0.0739803 0.076361 0.0757948 0.0728053 0.0680077 0.0619941 0.0552881 0.0483173 0.0413981 0.0347428 0.0284853 0.0227141 0.0175038 0.0129319 0.00907676 0.00599443 0.00368951
 0.00871903 0.0141314 0.0212032 0.0298348 0.0397004 0.050104 0.0599482 0.0679973 0.0733265 0.0756188 0.0751105 0.072319 0.0678075 0.0620873 0.0556062 0.0487486 0.0418309 0.0350979 0.0287287 0.0228511 0.0175615 0.0129428 0.0090669 0.00597994 0.00367762
 0.00856817 0.0139237 0.0209581 0.0295887 0.0394892 0.0499394 0.0598031 0.0678132 0.0730447 0.0752169 0.074626 0.0718454 0.0674632 0.0619727 0.0557655 0.0491551 0.0423997 0.0357195 0.0293057 0.0233225 0.0179076 0.0131746 0.00921061 0.00606333 0.00372331
 0.00834769 0.0135542 0.020386 0.0287683 0.0384064 0.0486402 0.0584091 0.0665033 0.0719989 0.0745529 0.0743674 0.0719403 0.0678341 0.0625591 0.0565349 0.0500844 0.0434486 0.0368187 0.0303671 0.0242632 0.0186729 0.0137474 0.00960617 0.00631606 0.00387285
 0.00884188 0.0143137 0.0214419 0.0301074 0.0399596 0.0502761 0.0599384 0.0677081 0.07269 0.0746323 0.073857 0.0709604 0.0665509 0.0611377 0.0551178 0.0487866 0.0423549 0.0359748 0.0297735 0.0238817 0.0184448 0.0136153 0.00952773 0.00626671 0.00384082
 0.00901297 0.0146473 0.0220432 0.0310982 0.0414366 0.0522485 0.0622768 0.0701422 0.074869 0.0762224 0.0746313 0.0708471 0.0656306 0.0596027 0.0532131 0.0467548 0.0403982 0.034237 0.0283361 0.0227679 0.0176325 0.0130544 0.00915903 0.0060354 0.00370275
 0.00895595 0.0145667 0.0219493 0.0310215 0.0414364 0.0524159 0.0627221 0.0709577 0.0760742 0.0777181 0.0761973 0.0721989 0.0665114 0.0598661 0.0528578 0.0459047 0.0392473 0.0329884 0.0271562 0.021764 0.0168507 0.0124918 0.00878248 0.00579996 0.00356494
 0.00859101 0.013981 0.0210855 0.0298426 0.0399462 0.0506878 0.0609219 0.0693387 0.0749292 0.0772976 0.0766261 0.0734248 0.0683108 0.0619066 0.0547979 0.0474895 0.0403617 0.0336524 0.0274763 0.0218725 0.0168595 0.012472 0.00876643 0.00579489 0.0035672
 0.00817312 0.0132758 0.0199799 0.0282244 0.0377412 0.047913 0.057734 0.0660432 0.0719319 0.0750165 0.0753985 0.0734364 0.0695556 0.0641832 0.0577498 0.0506895 0.0434154 0.036283 0.0295593 0.0234149 0.017946 0.0132113 0.00925576 0.00610866 0.00375944
 0.00885193 0.0143028 0.0213756 0.0299373 0.0396369 0.049774 0.0592737 0.0669521 0.0719636 0.0740855 0.0736374 0.0711734 0.0672179 0.0621689 0.0563196 0.0499131 0.0431886 0.0363997 0.0298046 0.023636 0.0180771 0.0132545 0.00924523 0.00607899 0.00373164
 0.00876412 0.014256 0.0214791 0.0303425 0.0404858 0.0511206 0.0610198 0.0688397 0.0736369 0.0751964 0.0739483 0.0706236 0.0659388 0.0604449 0.0545036 0.0483224 0.0420186 0.0356915 0.0294725 0.023536 0.0180758 0.0132685 0.00924308 0.0060616 0.00371001
 0.00833721 0.013559 0.0204351 0.0289064 0.0386866 0.0491091 0.0590854 0.067356 0.0729328 0.075412 0.0749653 0.0721166 0.0675173 0.0618049 0.0555153 0.0490278 0.0425585 0.0362091 0.0300435 0.0241517 0.0186737 0.0137802 0.00962949 0.00632085 0.00386586
#pred catch len freq
 0.0040372 0.00644777 0.00952226 0.0132314 0.0175578 0.0224622 0.027817 0.0333869 0.0388791 0.0440145 0.0485717 0.0524076 0.0554652 0.0577629 0.0593588 0.0603095 0.0606454 0.060357 0.0593719 0.0575118 0.0544713 0.0498944 0.043585 0.0357631 0.027168
 0.00426987 0.00674448 0.0098217 0.0134355 0.0175701 0.0222416 0.0274125 0.0329223 0.03849 0.0437749 0.0484577 0.0523181 0.0552855 0.0574326 0.0589109 0.0598645 0.0603633 0.0603672 0.0597098 0.0580953 0.0551332 0.0504558 0.043931 0.0358775 0.0271147
 0.00448095 0.00708978 0.0103387 0.0141431 0.0184448 0.0231938 0.0282849 0.0335298 0.0386975 0.0435658 0.0479405 0.051659 0.0546152 0.0567944 0.0582825 0.0592242 0.0597437 0.0598549 0.0593944 0.0580081 0.0552191 0.050601 0.0440244 0.0358637 0.0270058
