SBPRF35
10.9393
Curr Bio
620539
B35
785830
F35
0.179767
FOFL
0.13778
OFL
69119.9
Bzero
3.12551e+006
#pred survey bio
 4.01733e+006 3.84042e+006 3.68379e+006 3.47651e+006 3.24328e+006 2.96449e+006 2.68996e+006 2.39529e+006 2.13016e+006 1.89477e+006 1.6682e+006 1.46833e+006 1.29313e+006 1.14434e+006 999411 884377 794307 732685 685826 650865 619073 588430 570924 558738 546689 531947 535299 538033 536604 538957 532975 540041 541232 549509 548006 532420 529716 516505 524239 530820 539076 546877 553722 548308 548752 553405 560895 561389 568025 567603 570639 604416 615199 619062 625209 2.15512e+007 1.31855e+007 1.37246e+007 1.48061e+007 1.62127e+007 1.76992e+007 1.90957e+007 2.03123e+007 2.13193e+007 2.21237e+007 2.27504e+007 2.32304e+007 2.35938e+007 2.3867e+007 2.40717e+007 2.42248e+007 2.43396e+007 2.44257e+007 2.44907e+007 2.45399e+007 2.45773e+007 2.46059e+007 2.4628e+007 2.4645e+007 2.46582e+007 2.46685e+007 2.46765e+007 2.46828e+007 2.46878e+007 2.46917e+007 2.46948e+007 2.46973e+007 2.46992e+007 2.47008e+007 2.47021e+007 2.47031e+007 2.47039e+007 2.47045e+007 2.4705e+007 2.47054e+007 2.47058e+007 2.4706e+007 2.47063e+007 2.47064e+007 2.47066e+007 2.47067e+007 2.47068e+007 2.47068e+007 2.47069e+007 2.47069e+007 2.4707e+007 2.4707e+007 2.4707e+007 2.47071e+007 2.47071e+007 2.47071e+007 2.47071e+007 2.47071e+007 2.47071e+007 2.47071e+007 2.47071e+007 2.47071e+007 2.47071e+007 2.47071e+007 2.47071e+007 2.47071e+007 2.47071e+007 2.47071e+007 2.47071e+007 2.47071e+007 2.47071e+007 2.47071e+007 2.47071e+007 2.47071e+007 2.47071e+007 2.47071e+007 2.47071e+007 2.47071e+007 2.47071e+007 2.47071e+007 2.47071e+007 2.47071e+007 2.47071e+007 2.47071e+007 2.47071e+007 2.47071e+007 2.47071e+007 2.47071e+007 2.47071e+007 2.47071e+007 2.47071e+007 2.47071e+007 2.47071e+007 2.47071e+007 2.47071e+007 2.47071e+007 2.47071e+007 2.47071e+007 2.47071e+007 2.47071e+007 0 0 0 0 0 0 0 0 0 0 0 0 0 0 0 0 0 0 0 0 0 0 0 0 0
#obs survey bio
 5.07864e+006 3.1266e+006 4.97128e+006 3.68898e+006 2.28234e+006 1.85574e+006 2.94599e+006 2.08166e+006 2.51304e+006 1.4044e+006 1.61039e+006 1.01608e+006 1.14918e+006 1.26244e+006 970070 682069 665675 726334 410323 620303 525348 476966 421102 413518 625558 426328 427984 525821 434642 529835 504812 501286 553049 587088 573806 535769 529269 603536 582337 550926 400456 702204 796129 701784 608469 810090 621954 702413 932314 496374 501572 656247 613332 633560 535469
#pred catch bio
 107076 96101.8 153781 193231 254038 271146 310751 303814 294172 300496 287708 273787 254816 251852 223780 199450 172092 156802 144313 139107 135056 121371 115351 113767 114016 97664.4 98046.7 100826 96690.6 102156 89514.8 93323.4 86143.1 92409 100698 87970.5 98526.7 83808.9 87471.4 87215.4 87934 88271.8 97048.2 90209.3 85818.9 83484.7 89699 84892 91561.3 89744.3 66680.3 89325.9 96835.6 95924.4 107433 69119.9 90063.1 92707.3 98929.4 107907 117611 126681 134462 140764 145662 149353 152070 154036 155437 156424 157115 157594 157924 158151 158306 158412 158484 158533 158567 158589 158604 158614 158621 158626 158629 158631 158633 158634 158634 158635 158635 158635 158635 158635 158635 158636 158636 158636 158636 158636 158636 158636 158636 158636 158636 158636 158636 158636 158636 158636 158636 158636 158636 158636 158636 158636 158636 158636 158636 158636 158636 158636 158636 158636 158636 158636 158636 158636 158636 158636 158636 158636 158636 158636 158636 158636 158636 158636 158636 158636 158636 158636 158636 158636 158636 158636 158636 158636 158636 158636 158636 158636 158636 158636 158636 0 0 0 0 0 0 0 0 0 0 0 0 0 0 0 0 0 0 0 0 0 0 0 0 0
#obs catch bio
 0 95665.9 153979 193463 255598 272559 312903 307309 296082 304435 290693 278654 260550 256023 227399 202393 174624 158469 146300 141050 137095 123110 117002 115957 115782 98922.2 99436.3 102231 97842.4 103750 90372.6 94076.4 86862.4 93092.2 101427 87913.9 98777.9 83466.2 87222.4 86654 87678 87582.4 96275.6 89254.3 84665.2 82457 88631.6 83980.1 90144.3 88955.5 65975.7 88841 96653.9 95494.1 107540
#pred cpue bio
 3.96854e+006 3.79394e+006 3.63895e+006 3.43223e+006 3.19936e+006 2.92142e+006 2.64778e+006 2.35432e+006 2.09034e+006 1.85611e+006 1.63086e+006 1.43224e+006 1.25833e+006 1.11111e+006 968224 854896 766282 705839 659984 625759 594766 564984 547988 536126 524477 510283 513663 516480 515280 517788 512282 519547 521001 529388 528484 513815 510900 496925 503710 510151 518473 526360 533379 528440 529118 533755 541058 541464 547892 547356 550004 582777 593230 596748 602713 2.07971e+007 1.27409e+007 1.31665e+007 1.41128e+007 1.54694e+007 1.69435e+007 1.83374e+007 1.95536e+007 2.05605e+007 2.13649e+007 2.19916e+007 2.24716e+007 2.2835e+007 2.31082e+007 2.33129e+007 2.3466e+007 2.35808e+007 2.36669e+007 2.37319e+007 2.37811e+007 2.38185e+007 2.38471e+007 2.38691e+007 2.38862e+007 2.38994e+007 2.39096e+007 2.39177e+007 2.3924e+007 2.3929e+007 2.39329e+007 2.3936e+007 2.39385e+007 2.39404e+007 2.3942e+007 2.39432e+007 2.39442e+007 2.39451e+007 2.39457e+007 2.39462e+007 2.39466e+007 2.3947e+007 2.39472e+007 2.39474e+007 2.39476e+007 2.39478e+007 2.39479e+007 2.3948e+007 2.3948e+007 2.39481e+007 2.39481e+007 2.39482e+007 2.39482e+007 2.39482e+007 2.39482e+007 2.39483e+007 2.39483e+007 2.39483e+007 2.39483e+007 2.39483e+007 2.39483e+007 2.39483e+007 2.39483e+007 2.39483e+007 2.39483e+007 2.39483e+007 2.39483e+007 2.39483e+007 2.39483e+007 2.39483e+007 2.39483e+007 2.39483e+007 2.39483e+007 2.39483e+007 2.39483e+007 2.39483e+007 2.39483e+007 2.39483e+007 2.39483e+007 2.39483e+007 2.39483e+007 2.39483e+007 2.39483e+007 2.39483e+007 2.39483e+007 2.39483e+007 2.39483e+007 2.39483e+007 2.39483e+007 2.39483e+007 2.39483e+007 2.39483e+007 2.39483e+007 2.39483e+007 2.39483e+007 2.39483e+007 2.39483e+007 2.39483e+007 2.39483e+007 2.39483e+007 2.39483e+007 0 0 0 0 0 0 0 0 0 0 0 0 0 0 0 0 0 0 0 0 0 0 0 0 0
#obs cpue bio
 4.66464e+006 4.01758e+006 2.83264e+006 1.81128e+006 2.86491e+006 4.05256e+006 2.65593e+006 1.38645e+006 2.61343e+006 1.4602e+006 1.82282e+006 1.06903e+006 794422 1.34062e+006 768206 960083 672641 743935 723980 539307 554474 515709 581386 417727 498993 451781 504588 469090 528030 408085 504861 661942 354099 539850 558000 655666 544519 555083 495480 687046 572621 636270 472231 560035 765707 396942 614590 421351 654116 495655 591741 540356 421750 684884 549288
#pred surv len freq
 0.00489035 0.00790222 0.0118245 0.0166214 0.0221775 0.0282294 0.0343312 0.0399499 0.0446594 0.0482779 0.0508554 0.0525652 0.0536041 0.0541445 0.0543225 0.0542432 0.0539927 0.0536367 0.0531709 0.052421 0.0509594 0.0481616 0.0434774 0.0368143 0.0287674
 0.00512605 0.00819577 0.0121046 0.0167767 0.0220998 0.0278746 0.0337595 0.0393118 0.0441283 0.0479703 0.0507892 0.052677 0.0538059 0.05438 0.0545915 0.0545858 0.0544472 0.0541938 0.0537493 0.052883 0.0511642 0.0480322 0.0430415 0.0361933 0.0281186
 0.00535795 0.00857318 0.0126666 0.017542 0.0230425 0.0289003 0.0347025 0.0399767 0.0443698 0.0477673 0.0502583 0.0520103 0.0531766 0.0538813 0.054238 0.0543567 0.0543224 0.0541555 0.0537584 0.0528616 0.0510123 0.047675 0.0424764 0.035499 0.0274191
 0.00557072 0.00891925 0.0131888 0.0182823 0.0240351 0.0301563 0.0361862 0.0415839 0.0459238 0.0490484 0.0510668 0.0522389 0.0528525 0.0531477 0.0532863 0.0533521 0.0533649 0.0532799 0.0529508 0.052076 0.0501894 0.046772 0.0414987 0.0345108 0.0265185
 0.00577136 0.00924397 0.0136756 0.0189678 0.0249509 0.0313209 0.0375948 0.0431974 0.047662 0.0507865 0.0526381 0.0534541 0.053542 0.053217 0.0527534 0.0523402 0.0520512 0.0518296 0.0514733 0.0506164 0.0487511 0.0453536 0.0401256 0.0332448 0.0254381
 0.00603759 0.00966586 0.0142907 0.0198055 0.0260293 0.0326424 0.0391386 0.0449155 0.0494815 0.0526164 0.0543723 0.0549692 0.0546977 0.0538707 0.0527948 0.0517313 0.0508479 0.0501667 0.0495189 0.0485248 0.0466404 0.0433135 0.0382383 0.031594 0.0240961
 0.00631556 0.010109 0.0149414 0.0206978 0.0271838 0.034058 0.0407834 0.0467239 0.0513633 0.0544727 0.056109 0.056499 0.0559329 0.0547148 0.0531442 0.0514939 0.049975 0.048682 0.0475253 0.0461843 0.0441401 0.0408374 0.0359506 0.0296274 0.0225356
 0.00661138 0.0105866 0.015654 0.0216929 0.0284939 0.0356874 0.0426931 0.0488265 0.0535344 0.0565753 0.0580168 0.0581101 0.0571707 0.0555196 0.0534606 0.0512637 0.0491448 0.0472272 0.0454806 0.043663 0.0413291 0.0379692 0.0332615 0.0273128 0.0207146
 0.00693081 0.0110892 0.0163804 0.0226723 0.0297433 0.0372079 0.0444622 0.0507898 0.0556048 0.0586404 0.0599525 0.0597955 0.0585015 0.0564151 0.0538622 0.0511263 0.04843 0.0459093 0.0435685 0.0412298 0.0385313 0.0350374 0.0304586 0.0248731 0.018788
 0.00723674 0.0115776 0.0170987 0.0236582 0.0310177 0.0387648 0.0462586 0.0527445 0.0576115 0.0605886 0.0617429 0.0613434 0.0597323 0.0572607 0.0542606 0.0510239 0.0477831 0.0446889 0.0417748 0.0389167 0.0358307 0.0321619 0.0276694 0.022418 0.0168356
 0.0075985 0.0121487 0.0179264 0.024776 0.0324399 0.0404792 0.0482162 0.0548545 0.0597499 0.0626189 0.0635396 0.0628082 0.0607993 0.057891 0.0544312 0.0507158 0.046975 0.0433613 0.0399263 0.0365902 0.0331399 0.0293006 0.0248861 0.0199571 0.0148703
 0.00790838 0.0126495 0.0186743 0.0258201 0.0338123 0.0421792 0.0501944 0.0570087 0.0619396 0.0646928 0.0653609 0.0642696 0.0618274 0.0584449 0.0544959 0.0502924 0.0460695 0.0419795 0.0380819 0.0343269 0.0305586 0.0265728 0.0222363 0.0176115 0.0129927
 0.00808714 0.0129557 0.0191645 0.0265579 0.0348559 0.0435611 0.0518997 0.058965 0.0640245 0.0667554 0.0672471 0.065843 0.0629838 0.0591193 0.0546611 0.0499499 0.0452377 0.0406845 0.0363582 0.0322306 0.0281883 0.0240829 0.0198249 0.0154782 0.0112836
 0.00827613 0.0132523 0.0195927 0.0271376 0.0356056 0.044499 0.0530391 0.0603037 0.065532 0.0683647 0.0688552 0.0673238 0.0642087 0.0599789 0.0550801 0.0498911 0.044697 0.0396828 0.0349364 0.030454 0.0261573 0.0219407 0.0177468 0.0136375 0.00980688
 0.00857416 0.0137201 0.020265 0.0280333 0.0367231 0.0458104 0.0544861 0.061802 0.066989 0.0697003 0.070014 0.0682698 0.0649105 0.0603992 0.055176 0.049624 0.0440438 0.0386435 0.0335382 0.0287554 0.0242532 0.0199629 0.0158512 0.0119739 0.00848088
 0.0088167 0.0141061 0.02083 0.0288041 0.0377117 0.0470053 0.0558431 0.0632412 0.0684052 0.0709848 0.0710776 0.0690563 0.0653988 0.0605921 0.0550842 0.049253 0.0433905 0.0377039 0.0323212 0.0272973 0.0226273 0.0182793 0.0142423 0.0105661 0.00736189
 0.00896568 0.0143491 0.0211973 0.0293247 0.0384079 0.0478842 0.0568864 0.0644006 0.0696065 0.0721392 0.0720959 0.0698623 0.0659386 0.0608402 0.0550412 0.048936 0.0428213 0.0369013 0.0313041 0.0260959 0.021297 0.0169053 0.0129303 0.00941861 0.00645042
 0.00912553 0.0145832 0.0215029 0.0296859 0.0388047 0.0483053 0.0573367 0.0648978 0.0701674 0.0727646 0.0727605 0.0705159 0.0665166 0.0612774 0.0552859 0.0489572 0.0426091 0.0364624 0.0306573 0.025273 0.0203472 0.015899 0.011953 0.00855375 0.00575773
 0.00926898 0.0148062 0.0218185 0.0300962 0.0392976 0.0488519 0.0578928 0.0654124 0.0705994 0.0730996 0.0730142 0.0707201 0.0666957 0.0614317 0.055389 0.0489677 0.0424867 0.0361807 0.03021 0.0246759 0.019638 0.0151351 0.0112038 0.00788662 0.00522118
 0.00928421 0.0148432 0.0218967 0.0302409 0.0395331 0.0491907 0.0583253 0.0659038 0.0710969 0.0735465 0.0733671 0.0709604 0.0668317 0.0614884 0.0553906 0.0489228 0.0423838 0.0359961 0.0299219 0.0242777 0.019146 0.014588 0.0106552 0.00739072 0.00481832
 0.00933047 0.0149112 0.0219866 0.0303505 0.0396622 0.0493451 0.0585179 0.066149 0.0713999 0.0738935 0.0737235 0.0712795 0.0670712 0.0616248 0.055424 0.048869 0.0422609 0.0358132 0.029678 0.0239693 0.0187783 0.0141823 0.0102466 0.00701885 0.00451418
 0.00945254 0.0150939 0.0222318 0.0306488 0.0399941 0.0496857 0.0588412 0.0664326 0.07163 0.0740678 0.0738488 0.071364 0.0671161 0.061622 0.0553618 0.0487413 0.0420708 0.0355708 0.0293943 0.023653 0.0184388 0.013834 0.00991118 0.00672094 0.00427372
 0.00955013 0.0152364 0.0224161 0.0308612 0.0402141 0.0498917 0.0590156 0.0665645 0.0717153 0.07411 0.0738582 0.0713557 0.0671045 0.0616147 0.0553556 0.0487234 0.0420254 0.0354854 0.029264 0.0234808 0.0182336 0.0136105 0.00968806 0.0065181 0.0041071
 0.0094973 0.0151724 0.0223596 0.0308411 0.0402595 0.050017 0.0592099 0.0667927 0.0719326 0.0742797 0.0739638 0.0714017 0.067109 0.0615986 0.0553348 0.0487036 0.0420024 0.0354487 0.0292025 0.023388 0.018111 0.0134671 0.00953838 0.00637828 0.00399026
 0.00947022 0.015126 0.0222866 0.0307373 0.0401288 0.0498776 0.0590951 0.0667425 0.071976 0.0744186 0.0741695 0.0716273 0.0673102 0.0617501 0.0554331 0.0487594 0.0420287 0.0354532 0.0291863 0.0233487 0.0180477 0.013384 0.00944508 0.00628677 0.00391128
 0.00959131 0.0152981 0.0224994 0.0309645 0.0403347 0.0500279 0.0591685 0.0667366 0.0719082 0.0743204 0.0740753 0.0715614 0.0672777 0.0617378 0.0554196 0.0487281 0.0419741 0.0353793 0.0291001 0.0232559 0.0179517 0.0132877 0.0093529 0.00620454 0.0038442
 0.00950793 0.0151752 0.0223374 0.0307707 0.0401193 0.0497992 0.0589303 0.0664918 0.0716658 0.0741014 0.0739127 0.0714915 0.0673266 0.0619087 0.0556899 0.0490558 0.042312 0.0356886 0.029357 0.0234512 0.0180867 0.0133699 0.00939354 0.00621656 0.00384011
 0.00942408 0.0150451 0.0221539 0.0305327 0.0398337 0.0494818 0.0586059 0.0661904 0.0714152 0.0739198 0.0738068 0.0714616 0.0673734 0.0620358 0.0558979 0.0493349 0.0426383 0.036028 0.0296747 0.0237209 0.0182949 0.0135157 0.00948506 0.0062667 0.00386279
 0.00938112 0.0149779 0.0220575 0.0304043 0.0396727 0.0492907 0.0583916 0.0659654 0.0711973 0.0737291 0.0736616 0.0713745 0.0673497 0.0620757 0.055999 0.0494932 0.0428454 0.0362683 0.0299255 0.023957 0.0184953 0.013669 0.0095902 0.00633086 0.00389706
 0.00919513 0.0147043 0.0216992 0.0299828 0.0392219 0.0488473 0.057987 0.0656233 0.070935 0.0735593 0.0735918 0.0714066 0.0674795 0.0622924 0.056287 0.0498337 0.0432187 0.0366541 0.0303027 0.0243042 0.0187937 0.0139061 0.00976298 0.0064454 0.00396567
 0.00916992 0.0146506 0.0215961 0.0298061 0.038954 0.04849 0.0575705 0.0652022 0.0705706 0.0732975 0.0734509 0.0713796 0.067546 0.0624316 0.0564828 0.0500742 0.043493 0.0369493 0.030603 0.0245918 0.0190511 0.0141195 0.00992537 0.00655798 0.00403627
 0.00911914 0.014558 0.0214381 0.0295539 0.0385804 0.0479802 0.0569345 0.0644825 0.06984 0.0726467 0.0729682 0.0711288 0.0675505 0.0626714 0.0569062 0.0506167 0.0440933 0.0375578 0.0311825 0.0251149 0.0194984 0.0144797 0.0101961 0.00674608 0.00415606
 0.00901824 0.0144163 0.0212649 0.0293687 0.0384024 0.0478154 0.0567669 0.0642793 0.0695696 0.0723002 0.0725722 0.0707425 0.0672475 0.062515 0.0569296 0.0508152 0.0444311 0.0379826 0.0316404 0.0255602 0.0198974 0.0148113 0.0104515 0.00692747 0.00427399
 0.00868381 0.0139177 0.0205999 0.028568 0.0375256 0.0469389 0.0559719 0.0636389 0.0691336 0.0720823 0.0725496 0.0708713 0.0674874 0.062846 0.0573518 0.051334 0.0450401 0.0386552 0.032333 0.0262232 0.0204872 0.0152987 0.0108249 0.00719151 0.00444539
 0.00854147 0.013677 0.0202223 0.0280174 0.0367826 0.046021 0.054948 0.0626253 0.0682651 0.0714718 0.0722554 0.0708884 0.0677621 0.0633041 0.0579251 0.0519758 0.0457242 0.0393639 0.0330444 0.0269058 0.0211049 0.01582 0.0112321 0.00748411 0.00463778
 0.00927378 0.0147045 0.0214656 0.0292967 0.0378637 0.0466922 0.0550871 0.0622251 0.0674188 0.0703361 0.0710112 0.0697031 0.0667589 0.0625456 0.0574169 0.0516868 0.0456108 0.0393863 0.0331693 0.0271019 0.0213387 0.016057 0.0114431 0.00765106 0.00475567
 0.00982675 0.0155806 0.0227327 0.0309792 0.03991 0.048941 0.0572557 0.0639529 0.0683721 0.0703311 0.0700827 0.0680798 0.0647677 0.0605023 0.0555532 0.0501283 0.0443932 0.0384886 0.032545 0.0266982 0.0211038 0.0159426 0.0114053 0.00765369 0.00477339
 0.00982359 0.0156643 0.0230224 0.0316389 0.0411039 0.0507606 0.0596488 0.0666937 0.071092 0.0726012 0.0715224 0.06846 0.0640725 0.0589237 0.0534189 0.0477948 0.042155 0.0365328 0.0309541 0.025479 0.0202197 0.015337 0.0110158 0.00742055 0.00464447
 0.00944827 0.0150998 0.0222648 0.0307337 0.0401578 0.0499447 0.0591848 0.0668064 0.0719273 0.0741407 0.0735457 0.0705907 0.0658949 0.0601182 0.0538534 0.0475389 0.0414197 0.0355763 0.0299972 0.0246619 0.0195995 0.0149111 0.0107493 0.00726871 0.00456628
 0.00931427 0.0148647 0.0218811 0.0301518 0.0393456 0.0489169 0.0580309 0.0656985 0.0710953 0.0738135 0.0738766 0.0715901 0.0674027 0.0618371 0.0554412 0.0487215 0.0420729 0.0357382 0.0298169 0.0243195 0.0192411 0.0146198 0.0105507 0.00715208 0.00450705
 0.00918271 0.0146646 0.0216035 0.0297926 0.0388993 0.048372 0.0573736 0.0649297 0.070256 0.073005 0.0732558 0.0713312 0.0676322 0.0625705 0.0565565 0.0499913 0.0432448 0.0366249 0.0303494 0.0245414 0.0192594 0.0145458 0.0104624 0.00708598 0.00446943
 0.00902979 0.0144306 0.0212791 0.0293796 0.0384106 0.0478292 0.0568036 0.0643602 0.0697099 0.0725004 0.0728161 0.0710019 0.0674879 0.0626963 0.0570052 0.0507397 0.0441814 0.0375837 0.0311732 0.0251383 0.0196206 0.0147234 0.0105288 0.00710134 0.00446914
 0.00888643 0.0142067 0.0209595 0.0289578 0.0378909 0.0472295 0.0561581 0.0637175 0.0691243 0.0720183 0.0724662 0.0707952 0.067429 0.0627971 0.0572879 0.0512219 0.0448496 0.038375 0.0319844 0.025861 0.0201812 0.0151029 0.010754 0.00721977 0.00452565
 0.00892174 0.01425 0.0209983 0.0289708 0.0378523 0.0471168 0.0559595 0.0634358 0.0687765 0.0716323 0.0720757 0.0704346 0.0671294 0.0625853 0.0571885 0.0512572 0.0450331 0.0386983 0.0324076 0.0263178 0.0206002 0.0154331 0.0109788 0.00735243 0.00459387
 0.00900749 0.0143672 0.0211332 0.0290952 0.0379299 0.0471134 0.0558528 0.0632209 0.0684657 0.0712526 0.0716645 0.0700338 0.0667787 0.0623168 0.0570246 0.0512117 0.0451116 0.0388957 0.032703 0.0266718 0.0209613 0.0157523 0.011225 0.00751856 0.00469225
 0.0090484 0.0144313 0.0212243 0.0292122 0.0380641 0.047245 0.0559509 0.0632485 0.0683915 0.0710637 0.0713737 0.0696769 0.0664043 0.0619736 0.0567526 0.051038 0.04505 0.0389472 0.032855 0.0268978 0.0212232 0.0160089 0.0114426 0.00767967 0.00479684
 0.00905827 0.0144455 0.0212422 0.0292329 0.0380865 0.0472688 0.0559759 0.0632715 0.0684034 0.0710484 0.0713124 0.0695569 0.0662273 0.0617592 0.056534 0.0508528 0.0449301 0.038912 0.0329081 0.0270265 0.0214014 0.0162034 0.0116221 0.00782318 0.00489704
 0.00906363 0.0144628 0.0212837 0.0293139 0.0382203 0.0474588 0.0562095 0.0635209 0.0686324 0.0712226 0.0714059 0.0695546 0.0661252 0.0615652 0.0562696 0.0505521 0.0446348 0.038662 0.032732 0.0269353 0.0213875 0.0162449 0.0116912 0.00789505 0.00495591
 0.00912264 0.014537 0.0213562 0.0293584 0.0382115 0.0473875 0.0560923 0.0633964 0.0685442 0.0711989 0.071448 0.0696394 0.0662173 0.0616313 0.0562881 0.0505182 0.0445602 0.0385708 0.0326522 0.0268891 0.0213844 0.0162798 0.0117489 0.00795762 0.00500972
 0.00929748 0.0148025 0.0217192 0.0298088 0.0387201 0.047907 0.0565618 0.0637523 0.0687388 0.0712179 0.0713148 0.0694018 0.0659244 0.061316 0.0559637 0.0501864 0.0442236 0.0382396 0.0323452 0.0266278 0.0211847 0.0161463 0.0116736 0.00792477 0.00500165
 0.00935234 0.0149006 0.021883 0.0300627 0.0390826 0.0483785 0.0571135 0.0643251 0.0692541 0.0715989 0.0715082 0.0693917 0.0657331 0.0609921 0.055563 0.049756 0.0437946 0.0378308 0.0319705 0.0263007 0.0209179 0.0159466 0.0115391 0.00784444 0.00496002
 0.00916518 0.0146059 0.0214593 0.029503 0.0384025 0.0476255 0.0563708 0.0637006 0.0688517 0.0714832 0.0716819 0.0697987 0.0662844 0.0615969 0.0561518 0.0502878 0.0442519 0.0382103 0.0322757 0.026539 0.0210994 0.0160829 0.0116405 0.00791878 0.00501254
 0.00925755 0.0147393 0.021628 0.029688 0.0385738 0.0477477 0.0564115 0.0636405 0.068695 0.0712622 0.0714503 0.0696124 0.0661789 0.0615754 0.0561894 0.0503484 0.0443049 0.0382393 0.0322785 0.026522 0.0210724 0.0160551 0.0116183 0.00790486 0.00500622
 0.00907781 0.0145094 0.0213958 0.0295329 0.0385805 0.0479659 0.0568252 0.0641665 0.0692139 0.0716638 0.0716703 0.0696455 0.0660682 0.0613862 0.0559824 0.0501607 0.0441476 0.0381066 0.0321602 0.0264127 0.0209729 0.0159698 0.0115513 0.00785753 0.0049765
 0.00846613 0.0136158 0.0202415 0.0282114 0.0372425 0.0467868 0.0559697 0.0637572 0.0693024 0.0722102 0.0725482 0.0706795 0.0670916 0.062288 0.0567215 0.0507491 0.0446191 0.0384919 0.0324765 0.0266666 0.021168 0.0161116 0.0116487 0.00792076 0.00501539
#obs surv len freq
 nan nan nan nan nan nan nan nan nan nan nan nan nan nan nan nan nan nan nan nan nan nan nan nan nan
 0.00448449 0.0073458 0.0111758 0.0159922 0.0216931 0.0279689 0.0342831 0.0400145 0.0446939 0.0481576 0.0505152 0.0520107 0.0529027 0.0534148 0.0537289 0.0539836 0.054262 0.0545547 0.0546934 0.0542853 0.0527234 0.0493555 0.0438054 0.0362855 0.0276693
 0.0046144 0.00755905 0.0115002 0.016454 0.0223102 0.0287413 0.0351832 0.0409839 0.0456524 0.0490183 0.0512015 0.0524677 0.0531021 0.0533557 0.053433 0.053488 0.0536098 0.0537885 0.0538521 0.0534057 0.0518442 0.0485198 0.0430576 0.0356635 0.0271939
 0.00478527 0.00783677 0.0119182 0.0170433 0.0230942 0.0297257 0.036346 0.0422699 0.0469778 0.0502833 0.0523053 0.0533207 0.053636 0.0535306 0.053241 0.0529511 0.0527733 0.0527116 0.0526012 0.052051 0.050461 0.0471886 0.0418585 0.0346624 0.0264274
 0.00496136 0.0081293 0.0123699 0.0176978 0.0239868 0.0308693 0.0377171 0.0438043 0.0485798 0.0518439 0.0537176 0.0544884 0.054477 0.0539801 0.0532572 0.0525205 0.0519144 0.0514732 0.0510584 0.0503009 0.0486187 0.0453811 0.0402113 0.0332781 0.0253634
 0.00518164 0.00848462 0.0129 0.0184391 0.0249673 0.0321 0.0391808 0.0454487 0.0503211 0.0535779 0.0553338 0.0558807 0.0555508 0.0546567 0.0534761 0.052243 0.0511285 0.0502001 0.0493586 0.0482773 0.0464139 0.0431657 0.0381601 0.0315367 0.0240169
 0.00541707 0.00887271 0.0134936 0.0192897 0.0261136 0.0335512 0.0409002 0.0473515 0.0522901 0.0554892 0.0570768 0.0573643 0.0566994 0.055404 0.0537631 0.0520207 0.0503641 0.0488885 0.0475362 0.0460354 0.043904 0.0405891 0.0357359 0.029455 0.0223945
 0.00565861 0.00926924 0.0140978 0.020154 0.0272809 0.035039 0.0426842 0.0493578 0.0544024 0.0575703 0.0589912 0.0589952 0.0579566 0.0562226 0.0540965 0.0518315 0.0496224 0.0475788 0.0456759 0.0436975 0.0412336 0.0377984 0.033071 0.0271401 0.0205745
 0.00589429 0.00965612 0.0146872 0.0209967 0.0284178 0.036487 0.0444206 0.0513139 0.0564728 0.0596308 0.0609172 0.0606724 0.0592868 0.0571267 0.0545148 0.0517212 0.0489534 0.0463356 0.0438697 0.0413894 0.0385563 0.0349603 0.0303262 0.0247297 0.0186631
 0.00613903 0.010055 0.0152894 0.0218489 0.0295561 0.0379231 0.0461277 0.0532217 0.0584767 0.0616115 0.0627591 0.0622738 0.0605618 0.0580047 0.0549379 0.0516429 0.0483377 0.045161 0.0421412 0.0391591 0.0359461 0.0321683 0.0276023 0.0223182 0.0167367
 0.00639584 0.0104761 0.0159296 0.0227606 0.030778 0.0394634 0.0479471 0.0552291 0.0605445 0.0636025 0.0645507 0.0637698 0.0616934 0.058724 0.0552108 0.0514418 0.0476384 0.0439459 0.0404123 0.0369604 0.0333871 0.0294334 0.0249289 0.0199436 0.0148325
 0.00661502 0.0108385 0.0164864 0.0235635 0.0318695 0.0408601 0.0496233 0.0571094 0.0625137 0.0655271 0.066301 0.0652367 0.0627958 0.0594096 0.055451 0.0512224 0.0469511 0.0427862 0.0387883 0.0349125 0.0310123 0.0268964 0.0224453 0.0177316 0.0130531
 0.006854 0.0112283 0.0170755 0.0243978 0.0329831 0.0422619 0.0512815 0.058947 0.0644175 0.0673688 0.0679575 0.0666039 0.0637946 0.0599883 0.0555833 0.0509019 0.0461832 0.0415833 0.0371729 0.0329317 0.0287577 0.0245159 0.0201307 0.0156772 0.0114024
 0.00707736 0.0115962 0.0176377 0.0252025 0.0340668 0.0436322 0.0529018 0.060732 0.0662468 0.0691117 0.0694959 0.0678438 0.0646695 0.0604572 0.0556265 0.0505173 0.0453815 0.0403846 0.0356092 0.0310565 0.0266606 0.0223308 0.0180257 0.0138202 0.00991572
 0.00728906 0.0119415 0.0181596 0.0259418 0.0350538 0.0448748 0.0543713 0.0623575 0.0679235 0.0707196 0.0709193 0.0689867 0.0654629 0.0608606 0.055625 0.0501151 0.0445958 0.0392418 0.0341468 0.029331 0.0247578 0.020372 0.0161569 0.0121836 0.00861228
 0.00743581 0.0121874 0.018543 0.0265029 0.035826 0.0458712 0.0555719 0.0637048 0.0693315 0.0720901 0.0721581 0.0700124 0.0662108 0.0612845 0.0556989 0.0498319 0.043965 0.0382867 0.0329045 0.027857 0.0231328 0.0187041 0.0145721 0.0108013 0.00751532
 0.00751489 0.0123167 0.0187398 0.0267859 0.0362148 0.0463829 0.0562165 0.0644789 0.0702137 0.0730395 0.0731166 0.070911 0.066978 0.0618556 0.056022 0.049872 0.0437052 0.0377294 0.0320723 0.0267955 0.0219132 0.0174221 0.0133372 0.00971594 0.00665025
 0.00761127 0.0124634 0.0189424 0.0270438 0.0365231 0.0467357 0.056609 0.0649083 0.0706788 0.0735389 0.0736451 0.0714533 0.0675044 0.0623218 0.0563749 0.0500585 0.0436819 0.0374704 0.0315751 0.0260847 0.0210428 0.0164717 0.0124003 0.00888098 0.00597923
 0.00768423 0.012581 0.0191167 0.0272836 0.0368304 0.0471013 0.0570101 0.0653116 0.0710516 0.0738609 0.0739149 0.0716849 0.0677153 0.0625191 0.0565469 0.0501745 0.0436997 0.0373486 0.0312862 0.0256263 0.020443 0.0157873 0.0117058 0.00825014 0.00546601
 0.00774284 0.0126684 0.0192342 0.027428 0.0369966 0.0472849 0.0572085 0.0655225 0.0712694 0.0740757 0.0741144 0.0718597 0.0678632 0.0626446 0.0566545 0.0502604 0.0437459 0.0373255 0.0311623 0.0253823 0.0200833 0.0153438 0.0112316 0.00780371 0.00509379
 0.00778148 0.0127304 0.0193253 0.027552 0.037153 0.0474671 0.0574026 0.0657104 0.0714342 0.0742081 0.0742147 0.0719346 0.0679203 0.0626894 0.0566894 0.050284 0.0437516 0.037299 0.0310836 0.0252329 0.0198567 0.0150532 0.0109091 0.00749055 0.00482634
 0.00782489 0.0127926 0.0194038 0.0276397 0.0372411 0.047549 0.0574767 0.0657787 0.0714999 0.0742718 0.0742742 0.0719872 0.0679651 0.0627275 0.0567228 0.0503128 0.0437718 0.0373016 0.0310554 0.0251601 0.0197312 0.0148793 0.010705 0.00728388 0.00464396
 0.00785391 0.0128358 0.019461 0.0277075 0.0373125 0.0476146 0.0575265 0.0658047 0.0714997 0.0742509 0.074245 0.0719638 0.0679581 0.0627409 0.0567539 0.0503551 0.0438166 0.0373387 0.0310734 0.0251473 0.01968 0.0147898 0.0105876 0.00715657 0.00452624
 0.0078986 0.0129039 0.0195547 0.0278253 0.0374487 0.0477596 0.0576666 0.0659238 0.0715817 0.0742845 0.0742278 0.0719036 0.0678708 0.0626451 0.0566657 0.0502837 0.0437637 0.0372992 0.0310382 0.0251061 0.0196243 0.0147164 0.0105003 0.00706513 0.00444243
 0.00792323 0.0129431 0.019612 0.0279027 0.0375463 0.0478739 0.0577896 0.0660433 0.0716835 0.0743557 0.0742597 0.0718938 0.0678231 0.0625693 0.056575 0.0501919 0.0436813 0.037231 0.0309825 0.0250569 0.0195744 0.0146609 0.010439 0.00700264 0.00438539
 0.00789977 0.0129069 0.0195616 0.0278386 0.0374719 0.0477956 0.0577172 0.0659884 0.0716565 0.0743624 0.074299 0.0719574 0.0678993 0.062646 0.0566438 0.0502492 0.0437277 0.037269 0.0310136 0.0250803 0.0195873 0.0146609 0.0104264 0.0069809 0.00436013
 0.00790782 0.0129087 0.0195436 0.0277826 0.0373605 0.0476221 0.0574922 0.0657407 0.0714251 0.0741848 0.0742005 0.0719471 0.06797 0.0627788 0.0568142 0.0504332 0.0439064 0.0374303 0.0311512 0.0251917 0.0196717 0.0147188 0.0104604 0.00699559 0.00436197
 0.00790805 0.0129116 0.0195517 0.0277977 0.0373801 0.0476362 0.0574829 0.0656877 0.071316 0.0740249 0.0740153 0.0717744 0.0678456 0.0627247 0.0568331 0.0505116 0.0440221 0.0375605 0.0312776 0.0253021 0.0197599 0.0147831 0.0105021 0.00701879 0.00437193
 0.00789849 0.0128924 0.0195166 0.0277397 0.0372947 0.0475249 0.0573551 0.0655576 0.0711967 0.0739224 0.0739286 0.0717013 0.0677904 0.0626989 0.0568505 0.0505799 0.0441374 0.037708 0.0314371 0.0254544 0.0198908 0.0148854 0.0105748 0.00706539 0.00439846
 0.00787067 0.0128469 0.0194475 0.0276413 0.0371626 0.0473582 0.057159 0.0653453 0.0709882 0.073741 0.0737949 0.0716277 0.0677787 0.0627432 0.0569421 0.0507113 0.0443019 0.0378968 0.0316372 0.0256495 0.0200653 0.0150282 0.0106815 0.00713789 0.00444303
 0.00784549 0.0128029 0.0193759 0.0275324 0.0370086 0.0471572 0.0569187 0.0650832 0.0707289 0.0735106 0.0736163 0.0715179 0.0677465 0.0627889 0.0570576 0.0508825 0.0445123 0.03813 0.0318773 0.0258809 0.0202737 0.0152022 0.0108152 0.0072318 0.00450297
 0.00784382 0.0127981 0.0193645 0.0275091 0.0369666 0.0470891 0.0568184 0.0649483 0.0705628 0.0733243 0.0734277 0.0713487 0.0676181 0.0627176 0.0570517 0.0509413 0.0446271 0.0382864 0.032058 0.0260683 0.0204513 0.0153568 0.0109385 0.00732146 0.00456212
 0.0078156 0.012755 0.019305 0.0274332 0.036876 0.0469862 0.056706 0.0648292 0.0704403 0.0732018 0.0733101 0.0712428 0.0675338 0.0626664 0.0570442 0.0509842 0.0447207 0.0384235 0.0322254 0.026249 0.0206278 0.0155142 0.0110667 0.00741662 0.00462622
 0.00780261 0.0127291 0.0192574 0.0273537 0.0367565 0.0468256 0.0565139 0.0646256 0.0702492 0.0730436 0.0731962 0.0711755 0.067509 0.0626791 0.0570913 0.0510651 0.0448352 0.0385692 0.0323952 0.0264309 0.0208069 0.015676 0.0112005 0.00751749 0.0046952
 0.0077492 0.0126487 0.019148 0.0272172 0.0365965 0.046646 0.0563185 0.06442 0.070044 0.0728557 0.073046 0.0710812 0.0674815 0.0627184 0.0571888 0.0512077 0.0450103 0.0387661 0.0326042 0.0266417 0.0210076 0.0158547 0.0113477 0.00762866 0.00477169
 0.00933454 0.0148601 0.0218008 0.0299154 0.0388497 0.0480543 0.0567176 0.0639057 0.0688801 0.0713439 0.0714317 0.0695235 0.0660661 0.0614839 0.0561462 0.050352 0.0443271 0.0382365 0.0322085 0.0263598 0.0208195 0.0157393 0.0112844 0.00759881 0.00476052
 0.00931654 0.0151264 0.022722 0.0319501 0.0423431 0.0529668 0.0624545 0.0694159 0.0730327 0.0733771 0.0712061 0.0674569 0.0628509 0.0577924 0.0524658 0.0469624 0.0413538 0.0357162 0.0301341 0.0247049 0.0195465 0.0148028 0.0106312 0.00717102 0.00449975
 0.00897583 0.0145903 0.0219702 0.0310327 0.0414346 0.0524018 0.0626872 0.0708571 0.0758017 0.0771192 0.0751383 0.0706675 0.0646815 0.0580668 0.0514542 0.0451622 0.0392561 0.0336732 0.0283392 0.0232328 0.0184033 0.0139597 0.0100433 0.00678609 0.0042652
 0.00882747 0.0143348 0.0215599 0.0304175 0.0405808 0.0513265 0.0615015 0.069794 0.0751967 0.0773161 0.0763345 0.0727681 0.067268 0.0605345 0.053259 0.0460297 0.0392348 0.0330319 0.0274049 0.0222687 0.0175647 0.0133076 0.0095788 0.00648031 0.00407915
 0.00875282 0.0142101 0.021365 0.0301285 0.0401718 0.0507749 0.0607992 0.0689651 0.0743191 0.0765372 0.0758621 0.0728167 0.0679637 0.0618216 0.0548783 0.0476036 0.0404229 0.0336627 0.027509 0.0220125 0.0171473 0.0128838 0.00923224 0.00623513 0.0039246
 0.00870312 0.0141299 0.0212452 0.0299601 0.0399463 0.0504851 0.0604405 0.0685375 0.0738303 0.0760109 0.0753509 0.0724125 0.067789 0.0619912 0.0554367 0.0484765 0.0414233 0.0345621 0.028134 0.0223075 0.0171689 0.0127456 0.00904353 0.00606621 0.00380318
 0.00867658 0.0140846 0.0211731 0.0298525 0.0397957 0.0502881 0.0602 0.0682621 0.0735319 0.0757008 0.0750408 0.0721217 0.0675543 0.0618706 0.0554964 0.0487587 0.0419105 0.0351658 0.0287232 0.0227646 0.0174371 0.0128396 0.00902282 0.00599689 0.00373166
 0.00867363 0.0140798 0.0211656 0.0298407 0.0397762 0.0502554 0.0601466 0.0681798 0.0734146 0.0755469 0.0748546 0.0719136 0.0673421 0.0616813 0.0553677 0.0487323 0.0420156 0.0353986 0.029038 0.0230874 0.0176978 0.0130009 0.0090886 0.00599807 0.00370418
 0.00866793 0.0140709 0.0211527 0.0298234 0.0397546 0.0502297 0.0601167 0.0681451 0.0733725 0.0754933 0.0747844 0.0718234 0.0672329 0.0615621 0.0552559 0.0486532 0.0419965 0.0354575 0.0291717 0.0232681 0.0178825 0.0131502 0.00918275 0.00604026 0.00371171
 0.00865237 0.014048 0.0211227 0.0297879 0.0397164 0.0501918 0.0600816 0.0681144 0.073347 0.075472 0.074765 0.0718015 0.0672039 0.0615231 0.055209 0.0486077 0.0419676 0.0354621 0.0292201 0.0233568 0.0179935 0.0132584 0.00926751 0.00609314 0.00373652
 0.00865377 0.0140479 0.0211182 0.0297755 0.0396927 0.050156 0.0600368 0.0680671 0.0733045 0.0754401 0.0747453 0.0717919 0.0671996 0.0615185 0.0552003 0.0485946 0.041955 0.035459 0.029236 0.0233964 0.0180528 0.0133258 0.00932905 0.006139 0.00376424
 0.00864462 0.014036 0.0211059 0.0297659 0.0396888 0.0501584 0.0600423 0.06807 0.0732996 0.0754253 0.0747231 0.0717675 0.0671777 0.0615015 0.0551876 0.0485842 0.0419463 0.0354539 0.0292389 0.0234115 0.018081 0.013363 0.00936775 0.00617191 0.00378734
 0.00863793 0.0140238 0.0210853 0.0297342 0.0396448 0.0501044 0.0599848 0.0680182 0.0732622 0.0754066 0.0747217 0.0717783 0.0671955 0.0615225 0.0552102 0.0486076 0.0419699 0.0354774 0.0292631 0.023438 0.018111 0.0133955 0.00939968 0.00619951 0.00380796
 0.00862844 0.0140107 0.0210696 0.029718 0.0396301 0.0500914 0.059972 0.0680031 0.073243 0.0753849 0.0747014 0.0717642 0.0671902 0.0615259 0.05522 0.0486212 0.0419851 0.0354935 0.0292801 0.0234564 0.0181311 0.013417 0.00942101 0.00621855 0.00382291
 0.00860796 0.01398 0.0210285 0.0296683 0.0395756 0.0500375 0.0599244 0.0679671 0.073222 0.075379 0.0747081 0.0717796 0.0672115 0.0615516 0.0552493 0.0486532 0.0420185 0.0355265 0.0293114 0.0234856 0.0181579 0.0134413 0.00944243 0.00623627 0.00383637
 0.00860796 0.01398 0.0210285 0.0296683 0.0395756 0.0500375 0.0599244 0.0679671 0.073222 0.075379 0.0747081 0.0717796 0.0672115 0.0615516 0.0552493 0.0486532 0.0420185 0.0355265 0.0293114 0.0234856 0.0181579 0.0134413 0.00944243 0.00623627 0.00383637
 0.00838224 0.0136187 0.0204972 0.0289445 0.0386597 0.0489667 0.0587831 0.0668815 0.0723334 0.0748057 0.0745145 0.0719656 0.0677224 0.0622996 0.0561361 0.0495876 0.0429273 0.0363584 0.0300352 0.0240869 0.0186351 0.013802 0.00970069 0.00641019 0.00394558
 0.00846783 0.0137322 0.0206195 0.0290391 0.0386787 0.0488637 0.0585271 0.0664677 0.07179 0.0741938 0.0739187 0.0714764 0.0674121 0.0622043 0.0562495 0.0498687 0.0433161 0.0367926 0.0304626 0.0244709 0.0189554 0.0140517 0.00988288 0.0065343 0.00402409
 0.00861222 0.0139775 0.0210051 0.0295996 0.0394259 0.0497628 0.0594808 0.0673259 0.0723895 0.0744123 0.073716 0.070903 0.0665876 0.0612778 0.0553592 0.0491128 0.042741 0.0363984 0.0302193 0.0243365 0.0188905 0.014026 0.00987659 0.00653593 0.00402787
 0.0084941 0.0138042 0.0207811 0.0293467 0.0391837 0.0495846 0.0594238 0.0674336 0.072669 0.0748175 0.0741532 0.0712613 0.0667824 0.0612826 0.0552102 0.0488862 0.0425185 0.0362383 0.0301442 0.0243377 0.0189416 0.014098 0.00994712 0.00659286 0.00406773
#pred catch len freq
 0.00448086 0.00708278 0.0103165 0.014096 0.0183661 0.0230839 0.028148 0.0333631 0.0384758 0.0432383 0.0474477 0.0509629 0.0537147 0.0557076 0.0570071 0.0577212 0.0579853 0.0579328 0.0576211 0.056912 0.0553768 0.0523602 0.0472775 0.0400357 0.031286
 0.00470716 0.00737323 0.0106136 0.0143067 0.0183974 0.0228935 0.0277784 0.03293 0.038114 0.0430368 0.0474172 0.051051 0.0538537 0.0558619 0.0571926 0.0579888 0.0583781 0.0584399 0.0581534 0.0573196 0.0555079 0.0521334 0.0467264 0.0392955 0.03053
 0.00495595 0.00776482 0.0111735 0.0150354 0.0192545 0.0237846 0.0285589 0.0334421 0.0382511 0.0428006 0.0469223 0.0504672 0.0533258 0.0554603 0.0569216 0.0578279 0.0583131 0.0584591 0.058219 0.0573492 0.0553932 0.0517922 0.0461542 0.0385762 0.0297972
 0.00519527 0.00814246 0.0117221 0.0157814 0.0202163 0.0249653 0.0299284 0.0349143 0.0396734 0.0439741 0.0476588 0.050662 0.0530022 0.0547554 0.0560196 0.0568875 0.0574294 0.0576627 0.0574927 0.056642 0.0546387 0.0509405 0.0452064 0.0375976 0.0288916
 0.00544455 0.00853278 0.0122831 0.0165344 0.0211764 0.0261412 0.0313182 0.0364944 0.0413839 0.045706 0.0492497 0.0519146 0.0537316 0.0548523 0.0554939 0.0558631 0.0560895 0.0561805 0.0559823 0.0551495 0.0531653 0.0494818 0.0437868 0.0362815 0.0277628
 0.005745 0.008998 0.0129412 0.0173996 0.0222517 0.0274225 0.0327927 0.0381358 0.0431473 0.0475229 0.0510236 0.0535157 0.0550007 0.0556218 0.05563 0.0553124 0.0549039 0.0545005 0.0539871 0.0530038 0.0509941 0.0473783 0.0418356 0.0345695 0.0263665
 0.00608633 0.00952709 0.0136902 0.0183839 0.0234713 0.0288643 0.0344287 0.0399197 0.0450148 0.0493969 0.0528195 0.0551419 0.0563544 0.0565854 0.0560776 0.0551327 0.0540364 0.0529666 0.0518967 0.0505323 0.0483442 0.0447484 0.0394024 0.0324752 0.0247029
 0.00642523 0.0100588 0.0144555 0.0194104 0.0247724 0.0304362 0.0362437 0.0419194 0.0471109 0.0514811 0.0547774 0.0568654 0.0577476 0.0575632 0.0565587 0.0550363 0.0532916 0.0515391 0.0498204 0.0479285 0.0454149 0.0417443 0.0365772 0.0300387 0.0227831
 0.00679346 0.0106259 0.0152521 0.0204486 0.0260515 0.0319485 0.0379737 0.043835 0.0491534 0.0535617 0.0567818 0.0586678 0.0592271 0.0586172 0.0571061 0.055012 0.0526419 0.0502277 0.0478527 0.0453822 0.0424598 0.0386309 0.033591 0.0274342 0.0207237
 0.00717656 0.0112201 0.0160936 0.0215539 0.027418 0.0335564 0.0397838 0.0457869 0.0511688 0.0555526 0.0586576 0.0603372 0.0605983 0.0596007 0.0576195 0.054985 0.0520183 0.0489707 0.0459598 0.0429115 0.0395553 0.0355259 0.0305719 0.0247727 0.018605
 0.00760904 0.0118867 0.01703 0.0227721 0.0289095 0.0352963 0.0417291 0.0478702 0.0532967 0.0576128 0.0605337 0.061924 0.0618118 0.0603798 0.0579198 0.0547697 0.0512529 0.0476272 0.0440333 0.0404479 0.0366794 0.0324502 0.0275693 0.0221118 0.0164769
 0.00799437 0.0124898 0.0178947 0.0239252 0.0303591 0.0370286 0.0437009 0.0500039 0.0554835 0.0597257 0.0624438 0.0635142 0.0629883 0.0610777 0.0581034 0.0544245 0.0503745 0.0462156 0.0421004 0.0380407 0.0339088 0.0295055 0.0246983 0.0195643 0.0144343
 0.00823481 0.0128799 0.0184813 0.0247542 0.0314697 0.038443 0.0454099 0.0519554 0.0575812 0.0618391 0.0644249 0.0652181 0.0642919 0.0618937 0.0583839 0.0541555 0.0495647 0.0448865 0.0402864 0.0358025 0.0313552 0.0268075 0.0220754 0.017238 0.0125675
 0.00852495 0.0133228 0.0190963 0.0255457 0.0324346 0.0395802 0.0467216 0.0534378 0.0592084 0.06355 0.0661207 0.0667723 0.0655712 0.062781 0.0587957 0.0540478 0.0489296 0.0437444 0.0386807 0.0338047 0.0290767 0.0244077 0.0197494 0.0151792 0.0109164
 0.00887369 0.0138585 0.0198443 0.0265087 0.0335942 0.0409004 0.0481511 0.0549135 0.0606635 0.0649241 0.0673639 0.0678399 0.0664135 0.0633387 0.0590059 0.0538564 0.0483039 0.0426804 0.037207 0.0319857 0.027018 0.0222563 0.0176792 0.0133574 0.00946164
 0.00915708 0.0142986 0.0204685 0.0273299 0.0346105 0.042094 0.0494847 0.0563258 0.0620721 0.0662369 0.068496 0.0687276 0.0670203 0.06365 0.0590165 0.0535588 0.0476857 0.0417321 0.0359365 0.0304332 0.0252657 0.0204277 0.015923 0.0118155 0.00823325
 0.0093016 0.0145305 0.0208125 0.0278088 0.0352432 0.0428911 0.0504416 0.0574156 0.0632429 0.0674151 0.0695946 0.0696594 0.0677124 0.0640556 0.0591175 0.0533586 0.047197 0.0409689 0.0349163 0.0291889 0.0238594 0.0189559 0.0145054 0.0105684 0.00723864
 0.00947329 0.014781 0.0211376 0.0281898 0.0356572 0.0433257 0.0509036 0.0579276 0.0638284 0.06808 0.0703158 0.0703841 0.0683691 0.0645696 0.0594267 0.0534232 0.0470012 0.0405167 0.0342267 0.0282963 0.022819 0.0178467 0.0134237 0.00960855 0.00646853
 0.00962157 0.0150078 0.0214516 0.0285874 0.0361219 0.0438292 0.051409 0.0583974 0.0642366 0.0684231 0.0706122 0.0706606 0.0686396 0.0648218 0.0596218 0.0535095 0.0469309 0.040259 0.0337743 0.0276669 0.0220554 0.0170141 0.012601 0.00887249 0.00587462
 0.00965565 0.0150707 0.0215603 0.0287624 0.036382 0.0441836 0.051849 0.0588927 0.0647398 0.0688816 0.0709838 0.0709254 0.0688035 0.0649071 0.0596501 0.053486 0.04684 0.0400728 0.0334678 0.0272331 0.0215129 0.016407 0.0119898 0.00831873 0.00542406
 0.00972584 0.015174 0.0216966 0.0289269 0.0365701 0.0443965 0.0520955 0.0591842 0.0650798 0.0692554 0.0713565 0.0712505 0.0690393 0.0650311 0.0596636 0.0534067 0.046687 0.0398552 0.0331838 0.0268783 0.021093 0.0159457 0.0115266 0.00789776 0.00508018
 0.00981936 0.0153126 0.02188 0.029146 0.036809 0.0446376 0.0523241 0.0593919 0.065266 0.0694262 0.0715197 0.0714074 0.0691791 0.0651321 0.0597024 0.0533684 0.0465701 0.039668 0.0329371 0.0265818 0.0207577 0.0155889 0.0111744 0.00757966 0.00482047
 0.00991178 0.0154465 0.0220511 0.0293398 0.0370049 0.0448154 0.0524699 0.0594995 0.0653363 0.0694664 0.0715412 0.0714241 0.0692022 0.065165 0.0597373 0.0533881 0.0465549 0.039603 0.0328165 0.0264088 0.0205429 0.0153493 0.0109316 0.00735688 0.00463632
 0.00986228 0.0153861 0.0219967 0.0293178 0.0370425 0.0449268 0.0526465 0.0597112 0.0655432 0.0696349 0.071655 0.0714854 0.069226 0.0651696 0.0597365 0.0533863 0.0465466 0.0395762 0.0327589 0.0263134 0.0204116 0.0151927 0.0107664 0.00720152 0.00450596
