SBPRF35
12.7214
Curr Bio
903650
B35
907412
F35
0.17293
FOFL
0.17293
OFL
133839
Bzero
3.63469e+06
#pred survey bio
 3.55937e+06 3.4255e+06 3.31644e+06 3.15556e+06 2.96635e+06 2.76577e+06 2.53211e+06 2.27358e+06 2.03737e+06 1.79567e+06 1.60279e+06 1.39273e+06 1.24057e+06 1.11484e+06 1.01132e+06 887746 786498 712480 680479 630623 601990 590693 573097 539838 532513 543969 530520 539771 543802 550328 556670 569366 584337 586322 601300 604592 614474 622949 633438 644454 643736 649887 647440 646215 651073 659409 667984 682234 689345 702902 710873 767447 832926 875095 910140 2.20195e+07 2.03088e+07 2.06876e+07 2.141e+07 2.23489e+07 2.3356e+07 2.43222e+07 2.51844e+07 2.59165e+07 2.65172e+07 2.69983e+07 2.73773e+07 2.76725e+07 2.7901e+07 2.80771e+07 2.82127e+07 2.83173e+07 2.8398e+07 2.84605e+07 2.85092e+07 2.85471e+07 2.85769e+07 2.86003e+07 2.86188e+07 2.86335e+07 2.86452e+07 2.86545e+07 2.8662e+07 2.8668e+07 2.86728e+07 2.86767e+07 2.86798e+07 2.86824e+07 2.86844e+07 2.86861e+07 2.86875e+07 2.86886e+07 2.86895e+07 2.86903e+07 2.86909e+07 2.86914e+07 2.86918e+07 2.86921e+07 2.86924e+07 2.86926e+07 2.86928e+07 2.86929e+07 2.8693e+07 2.86931e+07 2.86932e+07 2.86933e+07 2.86933e+07 2.86934e+07 2.86934e+07 2.86934e+07 2.86935e+07 2.86935e+07 2.86935e+07 2.86935e+07 2.86935e+07 2.86935e+07 2.86935e+07 2.86935e+07 2.86935e+07 2.86935e+07 2.86936e+07 2.86936e+07 2.86936e+07 2.86936e+07 2.86936e+07 2.86936e+07 2.86936e+07 2.86936e+07 2.86936e+07 2.86936e+07 2.86936e+07 2.86936e+07 2.86936e+07 2.86936e+07 2.86936e+07 2.86936e+07 2.86936e+07 2.86936e+07 2.86936e+07 2.86936e+07 2.86936e+07 2.86936e+07 2.86936e+07 2.86936e+07 2.86936e+07 2.86936e+07 2.86936e+07 2.86936e+07 2.86936e+07 2.86936e+07 2.86936e+07 2.86936e+07 2.86936e+07 2.86936e+07 2.86936e+07 0 0 0 0 0 0 0 0 0 0 0 0 0 0 0 0 0 0 0 0 0 0 0 0 0
#obs survey bio
 4.80076e+06 3.35908e+06 2.93023e+06 5.09789e+06 2.75243e+06 2.87697e+06 2.06447e+06 2.61439e+06 2.52146e+06 2.09299e+06 1.39689e+06 1.01496e+06 817389 1.22606e+06 732386 834125 813180 735086 717270 641173 671305 572882 497616 371182 595357 536735 787849 451442 618244 546524 593819 588928 901020 467321 464731 558420 556943 618085 957838 1.00432e+06 550965 696525 523067 592894 829248 742665 649306 669696 686700 748389 539063 696002 947756 791782 973130
#pred catch bio
 108576 95391 155041 194145 219407 265717 304776 300118 318833 286659 311754 267844 250388 234225 250738 226564 197278 156723 167136 144258 127032 130179 139451 114094 97876.8 118026 97723.8 102111 99835.2 100196 95560.2 94555 105431 94381.8 104543 98929.6 100437 98575.1 97559.8 106624 100353 107953 107273 103113 101715 103348 100808 109118 105653 112720 75607.2 73918.9 97822.5 106527 98686.6 133839 134917 136404 140078 145537 151537 157256 162271 166424 169726 172271 174189 175607 176641 177388 177921 178300 178567 178754 178886 178978 179041 179086 179117 179138 179153 179163 179170 179175 179178 179180 179182 179183 179184 179184 179185 179185 179185 179185 179185 179185 179185 179185 179185 179185 179185 179185 179185 179185 179185 179185 179185 179185 179185 179185 179185 179185 179185 179185 179185 179185 179185 179185 179185 179185 179185 179185 179185 179185 179185 179185 179185 179185 179185 179185 179185 179185 179185 179185 179185 179185 179185 179185 179185 179185 179185 179185 179185 179185 179185 179185 179185 179185 179185 179185 179185 179185 179185 179185 179185 0 0 0 0 0 0 0 0 0 0 0 0 0 0 0 0 0 0 0 0 0 0 0 0 0
#obs catch bio
 0 94946.8 155593 194282 219214 265653 304848 299490 319080 285642 312077 270120 254039 236586 255711 230108 200876 157995 168190 144816 127741 130669 141226 115173 97897.2 118995 97660.8 102544 99824.2 100203 95673.3 94655.9 105184 93980.6 104536 98642.4 100440 98847.6 97040.8 105710 99404.1 107213 106825 102906 101410 103185 100546 109346 105654 113036 75604.7 73878.6 98190.7 107049 98587.3
#pred cpue bio
 3.51422e+06 3.38158e+06 3.27228e+06 3.1113e+06 2.92266e+06 2.7224e+06 2.48926e+06 2.23157e+06 1.99614e+06 1.75558e+06 1.56339e+06 1.35432e+06 1.20264e+06 1.07763e+06 974995 853275 753997 681925 651200 602959 575172 564329 547391 515268 508432 519797 506862 516085 520216 526711 532925 545340 560176 562381 577124 580429 590168 598573 609178 620387 619838 625723 623122 621683 626228 634210 642369 656007 662719 675779 683235 738445 802879 844365 878519 2.1273e+07 1.9629e+07 1.99211e+07 2.05535e+07 2.14655e+07 2.24672e+07 2.34325e+07 2.42945e+07 2.50266e+07 2.56273e+07 2.61084e+07 2.64874e+07 2.67826e+07 2.70111e+07 2.71872e+07 2.73228e+07 2.74274e+07 2.75081e+07 2.75706e+07 2.76193e+07 2.76572e+07 2.7687e+07 2.77104e+07 2.77289e+07 2.77436e+07 2.77553e+07 2.77646e+07 2.77721e+07 2.77781e+07 2.77829e+07 2.77868e+07 2.77899e+07 2.77925e+07 2.77945e+07 2.77962e+07 2.77976e+07 2.77987e+07 2.77996e+07 2.78003e+07 2.7801e+07 2.78014e+07 2.78019e+07 2.78022e+07 2.78024e+07 2.78027e+07 2.78028e+07 2.7803e+07 2.78031e+07 2.78032e+07 2.78033e+07 2.78034e+07 2.78034e+07 2.78035e+07 2.78035e+07 2.78035e+07 2.78036e+07 2.78036e+07 2.78036e+07 2.78036e+07 2.78036e+07 2.78036e+07 2.78036e+07 2.78036e+07 2.78036e+07 2.78036e+07 2.78036e+07 2.78036e+07 2.78037e+07 2.78037e+07 2.78037e+07 2.78037e+07 2.78037e+07 2.78037e+07 2.78037e+07 2.78037e+07 2.78037e+07 2.78037e+07 2.78037e+07 2.78037e+07 2.78037e+07 2.78037e+07 2.78037e+07 2.78037e+07 2.78037e+07 2.78037e+07 2.78037e+07 2.78037e+07 2.78037e+07 2.78037e+07 2.78037e+07 2.78037e+07 2.78037e+07 2.78037e+07 2.78037e+07 2.78037e+07 2.78037e+07 2.78037e+07 2.78037e+07 2.78037e+07 2.78037e+07 0 0 0 0 0 0 0 0 0 0 0 0 0 0 0 0 0 0 0 0 0 0 0 0 0
#obs cpue bio
 3.81546e+06 2.65585e+06 2.24596e+06 3.12267e+06 3.31578e+06 2.70604e+06 3.11381e+06 2.07956e+06 1.45695e+06 1.74429e+06 1.59161e+06 888785 1.11177e+06 1.03672e+06 829866 846106 502780 705027 783750 558062 393117 634240 411220 614004 616145 438502 414988 493758 574480 544115 433516 495732 581528 685720 679087 714700 558189 465202 779804 647925 779760 576713 661160 579726 555550 538308 677015 513956 683022 706696 592604 873389 670249 772280 1.22156e+06
#pred surv len freq
 0.00424739 0.00697836 0.0106577 0.0153204 0.0208856 0.0270692 0.0333624 0.0391663 0.0440178 0.0477355 0.0503926 0.052187 0.0533273 0.0539842 0.0542864 0.0543358 0.0542289 0.0540542 0.0538332 0.0534002 0.052297 0.0498245 0.0453359 0.0386668 0.0304055
 0.00456768 0.00741656 0.0111675 0.0158148 0.0212709 0.0272921 0.0334406 0.0391762 0.0440443 0.0478184 0.0505069 0.0522689 0.0533264 0.0539045 0.0541914 0.0543157 0.0543466 0.0542989 0.0541045 0.0535374 0.0521476 0.049319 0.0445277 0.0377102 0.0294851
 0.00459548 0.00752927 0.0114553 0.0163857 0.0222027 0.0285693 0.0349182 0.0406101 0.0451871 0.0485224 0.0507671 0.0521842 0.0530203 0.0534689 0.0536823 0.0537785 0.0538297 0.0538358 0.0536807 0.0530788 0.0515509 0.0485142 0.0435313 0.0366301 0.0284717
 0.00471321 0.00769996 0.0116799 0.0166679 0.0225675 0.0290792 0.0356652 0.04167 0.0465522 0.0500578 0.0522344 0.0533307 0.0536803 0.0536123 0.0533907 0.0531835 0.0530588 0.0529831 0.0527943 0.0521577 0.0505609 0.0474255 0.0423615 0.0354591 0.0274142
 0.0049113 0.00801641 0.012144 0.0172987 0.0233667 0.0300252 0.0367148 0.0427744 0.0476797 0.0512018 0.0533887 0.054445 0.0546364 0.0542525 0.0535849 0.0528872 0.0523233 0.0519188 0.0515181 0.0507564 0.0490858 0.0459142 0.0408682 0.0340675 0.0262201
 0.00509268 0.00831859 0.0126121 0.0179785 0.0242941 0.0312093 0.038121 0.0443199 0.0492494 0.0526795 0.0546885 0.0555223 0.0554722 0.05482 0.0538276 0.0527299 0.0517106 0.0508521 0.050063 0.0490204 0.0471894 0.0439769 0.0390082 0.0324007 0.0248431
 0.00531174 0.008676 0.013153 0.0187475 0.0253287 0.0325278 0.0397081 0.0461164 0.0511529 0.0545584 0.0564024 0.0569468 0.0565186 0.0554423 0.05401 0.0524639 0.0509825 0.0496522 0.048412 0.046991 0.0449095 0.0416142 0.0367448 0.030402 0.0232272
 0.00557721 0.00910922 0.0138081 0.0196761 0.0265702 0.0340946 0.0415694 0.0481925 0.0533253 0.0566899 0.0583556 0.0585962 0.0577578 0.0561919 0.054223 0.0521237 0.0500931 0.0482307 0.0464932 0.0446468 0.042268 0.0388623 0.0341028 0.0280777 0.0213647
 0.00581611 0.00950249 0.0144095 0.0205397 0.0277413 0.0355943 0.0433775 0.0502399 0.0555011 0.0588604 0.0603842 0.0603565 0.0591409 0.0571093 0.0546085 0.0519346 0.0493105 0.0468605 0.0445711 0.042251 0.0395347 0.0359898 0.0313292 0.0256312 0.0194059
 0.006168 0.0100608 0.0152245 0.0216503 0.0291703 0.0373395 0.0454009 0.0524607 0.0578023 0.0611052 0.0624357 0.0620919 0.0604593 0.0579345 0.0548869 0.0516313 0.0484067 0.045356 0.0424955 0.0396805 0.03661 0.0329199 0.0283673 0.0230214 0.0173205
 0.00648557 0.0105738 0.0159901 0.022718 0.0305707 0.039069 0.0474066 0.054639 0.0600174 0.0632185 0.0643284 0.0636722 0.0616567 0.0586918 0.055156 0.0513725 0.0475907 0.0439698 0.0405547 0.0372484 0.0338166 0.0299667 0.0255035 0.0204896 0.0152936
 0.00687151 0.0112045 0.0169444 0.024069 0.0323683 0.0413136 0.050023 0.0574698 0.0628469 0.0658181 0.0665029 0.0652877 0.0626478 0.0590501 0.054908 0.0505556 0.0462372 0.0421046 0.0382092 0.0344862 0.0307602 0.0268079 0.0224828 0.017843 0.0131876
 0.00710437 0.0115917 0.017544 0.024943 0.0335731 0.0428827 0.0519466 0.059681 0.0652229 0.068195 0.0686981 0.067126 0.0639866 0.0597984 0.0550316 0.0500674 0.0451773 0.0405235 0.0361639 0.0320537 0.0280593 0.024012 0.0198058 0.0154947 0.0113172
 0.00730015 0.0119119 0.0180302 0.0256369 0.0345112 0.0440865 0.0534104 0.0613651 0.0670546 0.0700765 0.070515 0.0687544 0.0653022 0.0606896 0.0554149 0.0498981 0.0444519 0.0392737 0.0344495 0.0299624 0.0257144 0.0215776 0.0174741 0.0134499 0.00968884
 0.00736402 0.0120406 0.0182699 0.0260464 0.0351484 0.0449872 0.0545699 0.0627328 0.0685468 0.0715979 0.0719749 0.0700725 0.0664052 0.0615072 0.0558795 0.0499513 0.0440546 0.0384161 0.0331585 0.0283062 0.0238047 0.0195654 0.0155326 0.0117413 0.00832604
 0.00750976 0.0122913 0.0186733 0.0266567 0.0360163 0.0461419 0.0559989 0.0643705 0.0702788 0.0732802 0.0734617 0.0712442 0.0671874 0.0618744 0.0558421 0.0495345 0.0432824 0.037309 0.0317438 0.0266343 0.0219623 0.0176768 0.0137433 0.0101874 0.00709878
 0.00757945 0.012417 0.0188865 0.026997 0.0365258 0.0468543 0.0569271 0.0654973 0.0715537 0.0746219 0.0747661 0.0723972 0.0680831 0.0624339 0.0560255 0.0493407 0.0427371 0.0364508 0.030617 0.0252936 0.0204827 0.0161588 0.0123044 0.00893729 0.00611169
 0.00767654 0.0125566 0.019064 0.0272003 0.0367442 0.0470901 0.0572029 0.0658519 0.0720267 0.0752346 0.0755063 0.0732145 0.0688966 0.0631472 0.0565466 0.0495995 0.0426961 0.0361064 0.0299947 0.0244426 0.0194734 0.015081 0.0112577 0.00801414 0.00537546
 0.00766002 0.0125183 0.0189852 0.0270564 0.036511 0.0467555 0.0567793 0.0653851 0.071596 0.0749404 0.0754468 0.0734558 0.0694464 0.0639447 0.0574745 0.050514 0.0434622 0.0366255 0.0302185 0.0243737 0.0191586 0.0145984 0.0107013 0.00747384 0.00491855
 0.00786447 0.0128339 0.0194271 0.0276226 0.0371773 0.0474713 0.0574667 0.0659482 0.0719445 0.0750214 0.0752683 0.0730889 0.0690025 0.0635369 0.0571791 0.0503475 0.0433832 0.036558 0.0300852 0.0241245 0.0187849 0.0141322 0.0102009 0.00700314 0.00452722
 0.00794387 0.0129607 0.0196134 0.0278771 0.0375026 0.0478592 0.0578941 0.066375 0.0723181 0.0752874 0.0753848 0.0730402 0.0688078 0.063249 0.0568692 0.0500799 0.0431911 0.0364325 0.0299841 0.0239958 0.018593 0.0138727 0.00989984 0.00670244 0.00426614
 0.00791599 0.0129144 0.0195426 0.0277774 0.0373748 0.0477133 0.0577513 0.0662657 0.0722724 0.0753233 0.0754997 0.0732101 0.0689966 0.0634227 0.0570099 0.0501901 0.0432856 0.0365233 0.0300677 0.0240526 0.018599 0.0138158 0.00978815 0.00656141 0.00412617
 0.00782586 0.0127942 0.0194098 0.0276632 0.0373134 0.0477268 0.0578387 0.0664033 0.0724272 0.0754684 0.0756229 0.0733118 0.0690808 0.0634902 0.0570567 0.0502126 0.0432858 0.0365085 0.0300447 0.0240219 0.0185541 0.0137494 0.00969999 0.00646105 0.00402883
 0.0079652 0.0129963 0.0196697 0.027964 0.0376347 0.0480562 0.0581763 0.066754 0.0727843 0.0758018 0.0758814 0.0734427 0.0690531 0.0633068 0.0567507 0.0498316 0.0428767 0.0361087 0.0296794 0.0237041 0.0182865 0.0135278 0.00951811 0.00631445 0.00391554
 0.00806112 0.0131216 0.0198014 0.0280606 0.037647 0.0479453 0.0579321 0.0664048 0.0723945 0.0754553 0.0756571 0.073387 0.0691634 0.0635357 0.0570288 0.0500956 0.0430877 0.0362545 0.029766 0.0237449 0.0182948 0.0135137 0.00948957 0.0062785 0.00387896
 0.00789444 0.0128787 0.0194864 0.0276918 0.0372466 0.0475265 0.0574928 0.0659363 0.0719008 0.0749717 0.0752528 0.0731473 0.0691578 0.0637882 0.0575062 0.0507191 0.043761 0.0368929 0.0303142 0.0241793 0.0186154 0.0137342 0.00962934 0.00635818 0.00391809
 0.00797584 0.012998 0.0196427 0.0278777 0.0374523 0.0477445 0.057717 0.0661543 0.0720837 0.0750726 0.0752215 0.0729576 0.0688299 0.0633897 0.0571259 0.0504304 0.0435957 0.0368386 0.0303319 0.0242263 0.0186611 0.0137641 0.00964143 0.00635713 0.00391013
 0.00790614 0.01288 0.0194569 0.0276042 0.0370775 0.0472705 0.0571713 0.0655924 0.0715801 0.0747013 0.0750325 0.0729609 0.0689956 0.0636655 0.0574625 0.0507985 0.0439843 0.0372414 0.0307342 0.0246031 0.0189858 0.0140192 0.00982339 0.00647451 0.00397832
 0.00789922 0.0128663 0.0194308 0.0275575 0.0369983 0.0471446 0.0569851 0.0653388 0.0712657 0.074352 0.074693 0.0726845 0.0688278 0.0636283 0.0575496 0.0509828 0.0442327 0.0375251 0.0310306 0.0248924 0.0192486 0.0142387 0.00999012 0.00658882 0.00404868
 0.00791644 0.0128841 0.0194389 0.0275398 0.0369376 0.0470283 0.0568105 0.0651139 0.0710052 0.0740734 0.0744157 0.0724314 0.0686265 0.0635074 0.0575301 0.0510701 0.0444135 0.0377727 0.0313129 0.0251792 0.0195147 0.0144656 0.0101674 0.00671499 0.00412983
 0.00790788 0.0128751 0.0194336 0.0275432 0.0369515 0.0470468 0.0568179 0.0650881 0.0709267 0.0739347 0.0742254 0.0722119 0.0684068 0.0633175 0.0573962 0.0510115 0.0444388 0.0378768 0.0314779 0.0253786 0.0197205 0.0146539 0.0103223 0.00682987 0.0042066
 0.00777485 0.0126752 0.019164 0.0272135 0.0365828 0.0466686 0.0564639 0.0647913 0.0707124 0.0738137 0.0741924 0.0722501 0.0684976 0.0634475 0.0575599 0.051209 0.0446716 0.0381428 0.0317681 0.0256767 0.0200054 0.0149053 0.0105258 0.00698016 0.00430741
 0.00764803 0.0124686 0.0188535 0.0267802 0.036021 0.0459969 0.0557331 0.0640811 0.0701138 0.073403 0.0740105 0.0722964 0.0687377 0.0638287 0.0580278 0.0517185 0.0451912 0.0386527 0.0322546 0.0261273 0.0204064 0.0152436 0.0107927 0.00717492 0.00443751
 0.00772021 0.0125659 0.018962 0.0268725 0.036061 0.0459493 0.055574 0.063806 0.0697417 0.0729757 0.0735861 0.0719357 0.0684882 0.0637134 0.0580429 0.0518406 0.045389 0.0388963 0.0325199 0.0263952 0.0206608 0.01547 0.01098 0.00731743 0.00453631
 0.00762345 0.012425 0.0187795 0.0266589 0.0358286 0.0457037 0.0553098 0.0635113 0.069409 0.0726144 0.0732274 0.0716278 0.068283 0.0636502 0.0581375 0.0520816 0.0457432 0.0393192 0.0329667 0.0268281 0.0210518 0.0158011 0.0112422 0.00751008 0.00466661
 0.00763731 0.0124396 0.0187877 0.0266509 0.0357965 0.0456473 0.0552383 0.0634375 0.0693391 0.0725393 0.0731257 0.07148 0.0680887 0.0634357 0.0579475 0.051962 0.0457226 0.039401 0.0331316 0.0270436 0.0212832 0.0160191 0.0114271 0.00765248 0.00476628
 0.00757584 0.0123467 0.0186604 0.0264902 0.0356062 0.0454318 0.0550039 0.0631952 0.0691069 0.0723411 0.0729839 0.0714059 0.0680773 0.0634711 0.0580147 0.0520569 0.0458527 0.0395762 0.0333531 0.0272988 0.0215486 0.0162682 0.0116387 0.00781552 0.0048801
 0.00742346 0.0121217 0.0183644 0.02614 0.0352296 0.0450605 0.0546663 0.0629135 0.0688956 0.0722073 0.0729282 0.071425 0.0681653 0.0636191 0.0582102 0.0522855 0.0461028 0.0398412 0.0336297 0.0275816 0.0218261 0.0165239 0.011856 0.00798425 0.00499892
 0.00732702 0.0119534 0.0180917 0.0257304 0.0346643 0.0443522 0.0538722 0.0621295 0.0682308 0.0717488 0.0727175 0.0714556 0.0683975 0.0639996 0.0586868 0.0528139 0.046648 0.0403774 0.0341386 0.0280502 0.0222435 0.0168801 0.0121433 0.00819983 0.00514767
 0.00733513 0.0119485 0.0180497 0.0256154 0.0344342 0.0439714 0.0533264 0.061438 0.0674519 0.0709744 0.0720551 0.071001 0.0682085 0.0640827 0.0590028 0.053297 0.0472273 0.040991 0.0347399 0.0286066 0.0227336 0.0172906 0.0124679 0.00843972 0.0053115
 0.00746011 0.0121402 0.0183154 0.0259492 0.0348137 0.0443532 0.0536464 0.0616195 0.0674251 0.0707028 0.0715551 0.0703447 0.0675053 0.0634478 0.0585253 0.0530201 0.0471466 0.0410685 0.0349231 0.0288444 0.0229846 0.0175251 0.0126672 0.00859484 0.00542177
 0.00747421 0.0121717 0.0183782 0.0260607 0.0349884 0.0445945 0.0539375 0.0619207 0.0676792 0.0708473 0.0715392 0.0701453 0.0671393 0.0629724 0.0580254 0.0525835 0.0468386 0.0409162 0.0349152 0.0289436 0.0231443 0.017703 0.0128322 0.0087293 0.00551978
 0.00754466 0.0122812 0.0185341 0.0262675 0.0352487 0.0449086 0.0543011 0.0623201 0.0680858 0.0712159 0.0718122 0.0702646 0.0670633 0.0626931 0.057576 0.0520341 0.0462771 0.0404236 0.0345441 0.0287096 0.0230311 0.0176764 0.012855 0.00877104 0.00556113
 0.00758304 0.0123463 0.0186369 0.0264191 0.0354572 0.0451747 0.0546146 0.0626607 0.068428 0.0715342 0.0720824 0.0704611 0.0671566 0.0626544 0.0573888 0.051707 0.0458498 0.0399589 0.0341097 0.0283575 0.0227848 0.017531 0.012787 0.00875128 0.00556478
 0.00760067 0.0123702 0.0186645 0.0264465 0.0354821 0.0452 0.0546506 0.0627222 0.0685287 0.0716793 0.0722653 0.0706634 0.0673513 0.0628095 0.0574722 0.0516944 0.0457343 0.0397577 0.0338614 0.0281097 0.0225778 0.0173857 0.012703 0.00871416 0.00555562
 0.00762997 0.0124117 0.0187154 0.0264998 0.0355279 0.0452286 0.0546557 0.0627043 0.0684966 0.0716501 0.0722593 0.0706972 0.0674296 0.062921 0.0575915 0.0517893 0.0457761 0.0397313 0.0337719 0.0279804 0.0224406 0.0172685 0.0126207 0.00866723 0.00553517
 0.00768547 0.0124958 0.0188301 0.0266419 0.0356888 0.0453943 0.054808 0.062823 0.0685646 0.0716591 0.0722147 0.070617 0.0673389 0.0628422 0.0575362 0.0517539 0.0457447 0.0396844 0.0336963 0.0278765 0.0223218 0.0171543 0.0125277 0.0086028 0.0054974
 0.00763775 0.0124324 0.0187608 0.026584 0.0356617 0.0454113 0.0548694 0.0629155 0.0686666 0.071749 0.0722777 0.0706485 0.0673442 0.0628337 0.0575278 0.0517554 0.0457567 0.0396988 0.0337005 0.0278613 0.0222864 0.0171066 0.0124794 0.00856339 0.0054709
 0.00765869 0.0124608 0.0187939 0.0266179 0.0356945 0.0454477 0.0549214 0.0629978 0.0687867 0.0718987 0.0724319 0.0707742 0.0674141 0.0628365 0.0574709 0.0516585 0.0456424 0.0395838 0.0335927 0.0277613 0.0221932 0.0170212 0.0124056 0.00850535 0.00543028
 0.00770543 0.0125242 0.0188658 0.0266824 0.0357323 0.0454429 0.0548686 0.0629059 0.068678 0.0718031 0.0723769 0.0707746 0.0674653 0.0629174 0.0575537 0.0517211 0.0456755 0.0395895 0.0335789 0.0277357 0.0221612 0.0169865 0.0123717 0.00847581 0.00540759
 0.00773687 0.0125849 0.0189735 0.0268563 0.0359841 0.0457654 0.055228 0.0632459 0.0689375 0.0719388 0.0723788 0.0706652 0.067286 0.0627098 0.0573464 0.0515258 0.045492 0.0394146 0.0334121 0.0275807 0.022023 0.0168697 0.0122786 0.00840643 0.00535981
 0.00746667 0.012156 0.0183501 0.0260191 0.0349424 0.0445707 0.0539824 0.0620923 0.0680261 0.0713838 0.0722288 0.0709011 0.0678414 0.0634972 0.0582761 0.0525158 0.0464719 0.0403275 0.0342174 0.0282551 0.0225595 0.0172743 0.0125666 0.00859858 0.00547901
 0.00732036 0.0118995 0.01793 0.0253763 0.0340277 0.0433705 0.0525434 0.06053 0.0665096 0.0701003 0.0713421 0.0705166 0.0679873 0.0641248 0.0592793 0.0537602 0.0478225 0.0416677 0.0354574 0.0293344 0.0234458 0.0179602 0.0130651 0.00893689 0.005692
 0.00731801 0.011897 0.0179265 0.0253646 0.033988 0.0432633 0.0523108 0.0601106 0.0658663 0.0692504 0.0703713 0.0695656 0.0672144 0.0636607 0.0591919 0.0540425 0.0484036 0.0424396 0.0363046 0.0301566 0.0241711 0.0185487 0.013506 0.00924177 0.00588602
 0.00718446 0.0117124 0.0177085 0.0251499 0.0338203 0.0431753 0.0523062 0.0601564 0.0658987 0.0691921 0.0701585 0.0691777 0.0666926 0.0631048 0.0587309 0.0537905 0.0484219 0.042721 0.0367839 0.0307382 0.0247596 0.0190711 0.0139218 0.0095413 0.00608188
#obs surv len freq
 nan nan nan nan nan nan nan nan nan nan nan nan nan nan nan nan nan nan nan nan nan nan nan nan nan
 0.0044861 0.00734798 0.0111783 0.0159945 0.0216945 0.0279689 0.0342818 0.040012 0.0446909 0.0481544 0.0505124 0.0520086 0.0529013 0.0534141 0.0537287 0.0539839 0.0542626 0.0545555 0.0546943 0.0542862 0.0527243 0.0493565 0.0438062 0.0362863 0.0276699
 0.00461872 0.00756579 0.0115098 0.0164665 0.0223253 0.028758 0.0351999 0.0409988 0.0456635 0.0490245 0.0512027 0.0524644 0.0530957 0.0533473 0.0534237 0.0534781 0.0535999 0.0537785 0.0538421 0.0533958 0.0518346 0.0485109 0.0430497 0.0356569 0.0271889
 0.00477594 0.00782379 0.0119026 0.0170277 0.0230814 0.0297183 0.036345 0.0422746 0.0469864 0.0502935 0.0523151 0.0533286 0.0536416 0.0535342 0.0532433 0.0529527 0.0527749 0.0527135 0.0526035 0.0520537 0.0504638 0.0471914 0.041861 0.0346645 0.026429
 0.00496607 0.00813432 0.0123727 0.017695 0.0239751 0.0308482 0.0376897 0.0437769 0.0485593 0.0518348 0.0537203 0.0545 0.0544926 0.0539957 0.0532702 0.0525304 0.0519216 0.0514787 0.0510631 0.0503053 0.048623 0.0453852 0.040215 0.0332812 0.0253659
 0.00517977 0.00848408 0.0129035 0.0184502 0.0249884 0.0321305 0.0392156 0.0454799 0.0503413 0.0535841 0.0553283 0.0558693 0.0555392 0.0546477 0.0534692 0.0522364 0.0511202 0.0501893 0.0493457 0.048263 0.0463993 0.0431518 0.0381477 0.0315265 0.0240091
 0.00540526 0.00885421 0.0134673 0.0192556 0.0260737 0.0335097 0.0408634 0.0473261 0.0522804 0.0554949 0.0570931 0.0573847 0.0567193 0.0554222 0.0537807 0.0520391 0.0503834 0.0489079 0.0475546 0.0460519 0.0439187 0.0406019 0.0357468 0.0294639 0.0224012
 0.00565333 0.00925825 0.0140769 0.020118 0.0272253 0.0349624 0.0425907 0.049257 0.0543079 0.0574957 0.0589461 0.0589828 0.0579734 0.0562612 0.0541483 0.0518902 0.0496838 0.047641 0.0457375 0.0437573 0.0412899 0.0378496 0.0331154 0.0271762 0.0206018
 0.00588562 0.0096421 0.0146661 0.0209664 0.0283759 0.0364308 0.044348 0.0512246 0.0563705 0.0595241 0.0608187 0.0605961 0.0592437 0.0571217 0.0545454 0.05178 0.0490307 0.0464229 0.0439607 0.0414796 0.0386423 0.035039 0.0303945 0.0247854 0.0187049
 0.0061308 0.0100406 0.0152659 0.021813 0.029505 0.0378557 0.0460457 0.053129 0.0583787 0.0615137 0.0626669 0.0621933 0.0605006 0.0579709 0.0549378 0.0516782 0.0484048 0.0452523 0.0422472 0.0392709 0.0360561 0.0322702 0.0276912 0.0223905 0.016791
 0.00638541 0.0104598 0.0159062 0.022729 0.0307376 0.0394132 0.0478868 0.0551591 0.0604668 0.0635208 0.0644699 0.0636955 0.0616314 0.0586799 0.0551901 0.0514491 0.0476759 0.0440121 0.0405017 0.0370643 0.033496 0.029538 0.0250219 0.0200197 0.0148898
 0.00661544 0.0108389 0.0164866 0.023563 0.0318676 0.0408558 0.0496154 0.0570963 0.0624933 0.0654973 0.0662606 0.0651863 0.0627383 0.0593508 0.0553982 0.0511835 0.0469329 0.0427928 0.0388198 0.034965 0.0310783 0.026967 0.022512 0.0177883 0.0130965
 0.00684924 0.0112191 0.0170591 0.0243708 0.032943 0.0422081 0.0512171 0.0588779 0.0643516 0.0673127 0.067915 0.066575 0.0637772 0.0599795 0.0555815 0.0509078 0.0461997 0.0416139 0.03722 0.0329947 0.0288323 0.0245949 0.0202058 0.0157417 0.0114523
 0.00703947 0.0115367 0.017552 0.0250882 0.0339239 0.0434645 0.052718 0.0605457 0.0660755 0.0689731 0.0694039 0.0678062 0.064686 0.0605204 0.0557247 0.0506378 0.0455143 0.0405234 0.035751 0.0311992 0.026801 0.0224635 0.0181439 0.013918 0.00998977
 0.00726737 0.0119048 0.0181018 0.0258567 0.034937 0.0447258 0.0541965 0.0621698 0.0677403 0.0705584 0.070795 0.0689097 0.0654385 0.0608887 0.0557004 0.0502282 0.0447347 0.0393951 0.0343051 0.0294875 0.0249072 0.0205091 0.0162763 0.0122808 0.00868527
 0.0074369 0.0121884 0.0185429 0.0264995 0.0358158 0.0458493 0.0555326 0.063643 0.0692455 0.0719834 0.0720402 0.0698969 0.0661125 0.0612161 0.0556684 0.0498415 0.0440113 0.0383623 0.0329998 0.0279623 0.0232397 0.0188052 0.0146615 0.0108746 0.00757059
 0.00753648 0.0123519 0.0187929 0.0268601 0.0363107 0.0464965 0.0563372 0.06459 0.0702952 0.073074 0.0730942 0.070832 0.0668538 0.0617053 0.0558679 0.0497344 0.0435983 0.0376596 0.0320387 0.0267918 0.0219309 0.017452 0.0133713 0.00974805 0.00667656
 0.00758767 0.0124293 0.0188991 0.0269957 0.0364772 0.0467002 0.0565913 0.0649133 0.0707071 0.0735853 0.0736987 0.0715 0.0675318 0.0623235 0.0563526 0.0500214 0.043643 0.037442 0.0315649 0.0260945 0.0210692 0.0165081 0.0124394 0.00891666 0.00600784
 0.00768509 0.0125778 0.0191038 0.0272537 0.0367776 0.0470254 0.0569191 0.0652217 0.0709814 0.0738252 0.0739191 0.0717239 0.0677758 0.0625846 0.0566032 0.0502138 0.043722 0.0373601 0.0312956 0.0256408 0.0204656 0.0158166 0.0117377 0.00827997 0.00549037
 0.00772588 0.0126436 0.0192017 0.0273891 0.036952 0.0472338 0.0571481 0.0654507 0.0711883 0.0739941 0.074047 0.0718219 0.0678646 0.0626844 0.0567223 0.0503408 0.0438246 0.0373939 0.0312186 0.0254293 0.0201248 0.0153822 0.0112667 0.00783397 0.0051176
 0.00776996 0.0127082 0.0192858 0.0274879 0.0370591 0.0473439 0.0572592 0.0655628 0.0713006 0.0741028 0.0741455 0.071904 0.0679289 0.0627364 0.0567715 0.0503933 0.0438759 0.0374246 0.0311995 0.025333 0.0199395 0.01512 0.0109618 0.00753075 0.00485532
 0.00780708 0.0127651 0.0193649 0.0275882 0.0371757 0.0474679 0.0573785 0.0656644 0.0713751 0.0741478 0.0741665 0.0719107 0.0679301 0.0627379 0.0567759 0.0504014 0.0438857 0.0374286 0.0311831 0.0252781 0.0198327 0.0149614 0.010768 0.0073297 0.00467539
 0.00786669 0.0128547 0.0194859 0.0277368 0.0373435 0.0476436 0.0575486 0.0658144 0.0714906 0.0742178 0.0741862 0.0718835 0.067867 0.0626534 0.0566845 0.0503137 0.0438069 0.0373577 0.0311133 0.0251985 0.0197333 0.0148383 0.0106275 0.00718671 0.00454726
 0.00786468 0.0128524 0.0194843 0.0277372 0.037347 0.0476504 0.057558 0.0658249 0.0715014 0.0742296 0.0742007 0.0719023 0.0678903 0.0626802 0.0567134 0.0503436 0.0438365 0.0373844 0.0311323 0.0252028 0.019716 0.0147964 0.0105644 0.00711241 0.00447442
 0.00788538 0.0128804 0.0195161 0.0277663 0.0373661 0.0476548 0.0575475 0.0658042 0.0714775 0.0742086 0.0741863 0.0718958 0.0678917 0.0626889 0.0567282 0.0503631 0.0438584 0.0374061 0.0311499 0.0252116 0.0197113 0.0147756 0.010529 0.00706802 0.0044291
 0.00791744 0.0129305 0.0195872 0.0278587 0.0374761 0.0477732 0.0576599 0.0658934 0.0715285 0.0742145 0.0741508 0.0718306 0.0678115 0.0626065 0.0566523 0.0502979 0.0438052 0.0373637 0.0311156 0.0251818 0.0196818 0.0147435 0.0104935 0.00703119 0.00439465
 0.00787838 0.0128692 0.0194994 0.027743 0.0373351 0.0476152 0.0574992 0.0657486 0.0714178 0.0741503 0.0741368 0.0718628 0.0678816 0.0627054 0.0567711 0.050428 0.0439383 0.0374918 0.0312316 0.0252798 0.0197578 0.014796 0.0105239 0.00704364 0.00439522
 0.00789011 0.0128764 0.0194887 0.0276953 0.0372317 0.0474466 0.0572729 0.0654898 0.0711631 0.0739369 0.0739927 0.0718019 0.067903 0.062797 0.0569146 0.0506035 0.0441276 0.0376796 0.0314058 0.0254313 0.0198809 0.0148882 0.0105866 0.00708136 0.00441443
 0.00788484 0.0128716 0.0194873 0.0277002 0.037242 0.0474534 0.0572585 0.0654329 0.0710493 0.0737693 0.0737947 0.0716104 0.0677552 0.0627179 0.0569115 0.0506678 0.0442409 0.0378204 0.0315542 0.0255714 0.0200016 0.0149835 0.0106552 0.00712581 0.00443996
 0.00787022 0.0128465 0.0194476 0.0276423 0.0371648 0.0473609 0.0571596 0.0653387 0.0709673 0.0736988 0.0737287 0.0715429 0.0676886 0.0626654 0.0568913 0.0506942 0.0443168 0.0379369 0.0316945 0.0257165 0.0201352 0.0150946 0.0107391 0.00718327 0.00447539
 0.00784886 0.0128086 0.0193849 0.0275457 0.0370269 0.0471803 0.0569452 0.0651101 0.0707515 0.0735228 0.073612 0.0714921 0.0676983 0.0627232 0.0569851 0.0508168 0.0444651 0.0381075 0.0318792 0.0259025 0.0203078 0.0152414 0.0108531 0.00726388 0.00452708
 0.00784745 0.0128035 0.0193717 0.0275178 0.0369766 0.0471002 0.0568309 0.0649623 0.0705782 0.0733395 0.0734399 0.0713537 0.0676116 0.0626966 0.0570166 0.0508968 0.0445816 0.0382492 0.032036 0.0260638 0.0204619 0.0153772 0.0109626 0.00734418 0.00458034
 0.00780579 0.0127404 0.0192856 0.0274098 0.0368503 0.0469602 0.0566817 0.0648091 0.0704267 0.0731969 0.0733148 0.0712566 0.0675538 0.0626879 0.0570622 0.050995 0.0447239 0.0384223 0.0322248 0.0262537 0.0206397 0.0155322 0.0110876 0.00743655 0.00464251
 0.00775512 0.0126559 0.0191549 0.0272221 0.0365999 0.0466531 0.0563393 0.0644665 0.070124 0.0729672 0.0731761 0.071211 0.0675924 0.0627977 0.0572305 0.0512102 0.0449741 0.0386941 0.0325028 0.0265216 0.0208828 0.0157388 0.0112511 0.0075561 0.00472263
 0.00775448 0.0126483 0.0191311 0.0271687 0.0365023 0.0464995 0.0561267 0.0642039 0.0698328 0.0726787 0.0729248 0.0710273 0.0674954 0.0627922 0.0573087 0.051357 0.0451718 0.0389248 0.0327493 0.026767 0.0211111 0.0159369 0.0114104 0.00767419 0.00480271
 0.00770187 0.0125697 0.0190254 0.0270385 0.0363516 0.0463314 0.0559416 0.0640012 0.0696149 0.0724544 0.0727117 0.070849 0.0673772 0.0627537 0.0573585 0.0514908 0.0453744 0.0391747 0.0330229 0.0270417 0.0213672 0.0161591 0.0115891 0.00780676 0.00489276
 0.00766824 0.0125114 0.0189315 0.026898 0.0361581 0.0460881 0.0556652 0.0637196 0.0693581 0.0722444 0.0725577 0.0707503 0.0673307 0.0627602 0.0574225 0.0516166 0.0455604 0.0394107 0.0332907 0.027319 0.0216315 0.0163918 0.0117782 0.00794792 0.00498915
 0.00762743 0.0124492 0.018845 0.0267866 0.0360217 0.0459264 0.0554783 0.0635107 0.0691369 0.0720285 0.0723693 0.07061 0.0672514 0.0627452 0.0574689 0.051719 0.0457135 0.0396076 0.0335204 0.0275651 0.0218741 0.0166116 0.011961 0.00808686 0.00508529
 0.00763958 0.0124604 0.0188466 0.0267656 0.0359651 0.0458271 0.0553391 0.0633437 0.0689583 0.0718528 0.0722068 0.070469 0.0671403 0.0626735 0.0574447 0.0517466 0.0457922 0.0397324 0.0336821 0.0277506 0.0220671 0.0167945 0.0121187 0.00821041 0.00517287
 0.00761966 0.0124364 0.0188251 0.0267563 0.0359755 0.0458563 0.0553742 0.0633629 0.0689403 0.0717868 0.0720973 0.0703321 0.0669973 0.0625437 0.0573434 0.0516845 0.0457757 0.0397629 0.0337558 0.0278582 0.0221948 0.0169262 0.0122395 0.00830953 0.00524572
 0.0075935 0.0123947 0.0187646 0.0266761 0.0358793 0.0457541 0.0552817 0.063297 0.0689114 0.0717922 0.0721211 0.0703537 0.0670014 0.0625274 0.0573153 0.0516593 0.045768 0.039783 0.0338077 0.027939 0.0222957 0.0170347 0.0123422 0.00839611 0.00531082
 0.00758065 0.0123743 0.0187347 0.0266352 0.0358264 0.0456894 0.0552079 0.0632203 0.0688417 0.0717407 0.0720962 0.0703564 0.0670237 0.0625562 0.0573386 0.0516728 0.045776 0.0397954 0.0338343 0.027985 0.0223598 0.0171097 0.012418 0.00846322 0.00536326
 0.00757864 0.0123721 0.0187333 0.0266359 0.0358302 0.0456959 0.0552145 0.0632229 0.0688361 0.0717246 0.072071 0.0703268 0.0669957 0.0625336 0.0573214 0.0516582 0.0457617 0.0397825 0.0338277 0.0279905 0.0223804 0.0171437 0.0124596 0.00850468 0.00539847
 0.00754249 0.0123164 0.0186555 0.0265361 0.0357121 0.0455668 0.0550856 0.0631077 0.0687474 0.0716712 0.0720555 0.0703459 0.0670428 0.0626014 0.0574031 0.0517471 0.0458517 0.0398687 0.0339077 0.0280644 0.0224497 0.0172087 0.0125188 0.00855523 0.00543792
 0.00755017 0.0123259 0.0186642 0.0265397 0.0357057 0.0455469 0.0550514 0.063062 0.0686957 0.0716201 0.072011 0.0703124 0.0670225 0.0625944 0.0574081 0.0517619 0.045874 0.039896 0.033938 0.0280964 0.0224828 0.0172423 0.0125514 0.00858484 0.00546233
 0.00753586 0.0123059 0.01864 0.0265144 0.0356824 0.0455268 0.0550326 0.0630405 0.0686677 0.0715849 0.071972 0.070276 0.0669958 0.0625823 0.0574122 0.0517809 0.0459047 0.0399344 0.0339803 0.0281396 0.0225246 0.0172812 0.012586 0.00861391 0.005485
 0.00752155 0.0122803 0.0185975 0.0264493 0.0355913 0.0454122 0.0549047 0.0629155 0.068563 0.0715127 0.0719361 0.0702733 0.0670198 0.0626273 0.057474 0.0518561 0.0459895 0.0400243 0.0340702 0.0282248 0.0226013 0.0173468 0.0126393 0.00865477 0.00551426
 0.0074972 0.0122428 0.0185447 0.0263803 0.0355059 0.0453104 0.054788 0.0627883 0.0684341 0.0713953 0.0718453 0.0702219 0.0670138 0.0626647 0.057547 0.0519544 0.0461029 0.0401442 0.0341893 0.028337 0.0227014 0.0174313 0.0127065 0.00870474 0.00554883
 0.00750721 0.012256 0.0185591 0.0263919 0.03551 0.0453032 0.0547671 0.0627531 0.0683851 0.0713337 0.071774 0.0701465 0.0669437 0.0626104 0.0575169 0.0519523 0.0461272 0.0401893 0.0342478 0.0284012 0.0227648 0.0174887 0.0127543 0.00874153 0.00557484
 0.00748889 0.0122307 0.018529 0.0263613 0.0354839 0.0452839 0.0547535 0.0627406 0.068368 0.0713086 0.0717406 0.0701077 0.066904 0.0625758 0.0574937 0.051946 0.0461411 0.0402233 0.034298 0.0284613 0.0228273 0.017547 0.0128039 0.00877989 0.00560195
 0.00748889 0.0122307 0.018529 0.0263613 0.0354839 0.0452839 0.0547535 0.0627406 0.068368 0.0713086 0.0717406 0.0701077 0.066904 0.0625758 0.0574937 0.051946 0.0461411 0.0402233 0.034298 0.0284613 0.0228273 0.017547 0.0128039 0.00877989 0.00560195
 0.00722925 0.0118154 0.0179191 0.0255312 0.0344335 0.0440545 0.0534383 0.0614788 0.0673153 0.0705956 0.0714397 0.0702233 0.0673841 0.0633337 0.0584311 0.0529704 0.0471756 0.0412103 0.0351972 0.0292462 0.0234827 0.0180675 0.013194 0.00905348 0.00577986
 0.00711917 0.0116098 0.0175607 0.0249523 0.0335738 0.0428902 0.0520091 0.0598969 0.0657482 0.0692297 0.0704413 0.0697062 0.0673918 0.0638365 0.0593393 0.0541582 0.048509 0.0425683 0.0364844 0.0303956 0.0244538 0.0188429 0.0137762 0.00946172 0.00604502
 0.0071578 0.0116688 0.0176397 0.0250404 0.0336422 0.0428862 0.0518587 0.059522 0.0650996 0.068321 0.0693642 0.0686154 0.0664632 0.0632186 0.0591159 0.0543349 0.0490225 0.0433124 0.0373398 0.0312548 0.0252356 0.0194972 0.0142825 0.0098236 0.00628306
 0.00717119 0.0117016 0.0177087 0.0251664 0.0338423 0.043161 0.0521798 0.0598269 0.0652989 0.0683194 0.0690917 0.0680587 0.0656839 0.0623463 0.0583126 0.0537462 0.0487354 0.0433373 0.0376202 0.0316956 0.0257352 0.0199723 0.0146803 0.0101224 0.00648595
#pred catch len freq
 0.00318406 0.00515438 0.0077506 0.0110095 0.0149707 0.0196338 0.0248968 0.0305381 0.0362584 0.041739 0.0466896 0.0508865 0.0542051 0.0566303 0.0582386 0.0591713 0.0596118 0.0597483 0.0596846 0.0592964 0.0581147 0.0553857 0.0504034 0.0429914 0.033807
 0.0034338 0.00549886 0.0081576 0.0114168 0.0153113 0.0198708 0.0250443 0.0306504 0.03639 0.041905 0.0468535 0.0509871 0.0542033 0.056544 0.0581445 0.0591692 0.0597688 0.0600494 0.060016 0.0594788 0.0579775 0.054851 0.0495294 0.0419486 0.0327999
 0.00348681 0.00562678 0.00842238 0.011889 0.0160375 0.0208317 0.0261326 0.0316947 0.0372231 0.0424342 0.0470852 0.050992 0.0540577 0.0562967 0.0578248 0.0588142 0.0594301 0.0597657 0.0597729 0.059193 0.0575311 0.05416 0.0486042 0.0409012 0.0317923
 0.00360992 0.00580963 0.00867119 0.0122133 0.0164659 0.0214245 0.0269715 0.0328393 0.0386497 0.0439994 0.0485524 0.052119 0.0546913 0.0564154 0.0575128 0.0582016 0.0586422 0.0588957 0.0588678 0.0582487 0.056507 0.0530204 0.0473658 0.0396504 0.0306553
 0.00379398 0.00609862 0.00908605 0.0127647 0.0171516 0.0222297 0.0278744 0.0338242 0.0397195 0.0451693 0.0498162 0.0534037 0.0558427 0.0572393 0.0578535 0.0580046 0.0579623 0.0578539 0.0575921 0.056833 0.0550046 0.0514683 0.0458186 0.0381965 0.0293988
 0.00398636 0.00640913 0.00954974 0.013414 0.0180115 0.0233091 0.0291542 0.0352508 0.0412103 0.0466326 0.0511746 0.0546051 0.0568483 0.0579959 0.0582762 0.057993 0.0574451 0.0568281 0.0561294 0.0550522 0.053038 0.049445 0.0438652 0.0364373 0.0279389
 0.00422083 0.00678235 0.0100981 0.01417 0.0190029 0.0245544 0.0306531 0.0369714 0.0430806 0.0485413 0.0529848 0.0561791 0.0580746 0.0588036 0.0586274 0.0578613 0.0568029 0.0556574 0.0544495 0.0529423 0.0506389 0.0469407 0.0414545 0.0343011 0.0262068
 0.00447989 0.00719635 0.010709 0.0150154 0.0201133 0.0259475 0.032324 0.0388827 0.0451594 0.0506819 0.0550561 0.0580362 0.0595758 0.0598295 0.0590964 0.0577319 0.0560641 0.0543189 0.0525454 0.0505499 0.0478983 0.0440562 0.0386673 0.031838 0.0242267
 0.00474641 0.0076226 0.0113388 0.0158885 0.021263 0.0273943 0.0340645 0.0408797 0.047337 0.0529305 0.0572426 0.0600172 0.0612114 0.0609963 0.0596967 0.0576989 0.0553636 0.0529503 0.0505453 0.0480046 0.0449597 0.0409455 0.0356497 0.0291681 0.0220845
 0.00507587 0.00813859 0.0120805 0.0168839 0.0225305 0.0289424 0.0358855 0.0429388 0.0495645 0.0552214 0.0594643 0.0620244 0.0628633 0.0621711 0.0602993 0.0576622 0.0546473 0.0515431 0.0484748 0.0453542 0.0418859 0.037681 0.0324766 0.0263585 0.0198319
 0.00545127 0.00872967 0.0129348 0.0180343 0.0239919 0.0307065 0.0379127 0.0451536 0.0518622 0.0574821 0.0615675 0.0638569 0.0643221 0.0631654 0.0607529 0.0575152 0.0538579 0.0500925 0.0463794 0.0426859 0.038793 0.0343931 0.0292769 0.0235234 0.0175587
 0.00581846 0.00931868 0.0138074 0.0192451 0.0255812 0.0326868 0.0402506 0.0477563 0.0545798 0.0601278 0.0639481 0.0658041 0.0657153 0.0639385 0.0608845 0.0570089 0.0527249 0.0483473 0.0440519 0.0398466 0.0355808 0.0310255 0.0260261 0.0206571 0.0152682
 0.00607627 0.00973516 0.0144313 0.0201255 0.0267647 0.0342101 0.042125 0.0499508 0.0570088 0.0626497 0.0663776 0.0679392 0.0673719 0.0649826 0.0612465 0.0566784 0.0517303 0.046736 0.0418844 0.03721 0.0326117 0.0279237 0.0230383 0.0180257 0.0131664
 0.00629539 0.0100848 0.0149469 0.0208398 0.0277075 0.0354052 0.0435826 0.0516578 0.0589204 0.0646852 0.0684211 0.0698456 0.0689827 0.0661475 0.0618476 0.0566462 0.0510483 0.0454334 0.0400268 0.0348979 0.0299881 0.0251794 0.0203968 0.0157015 0.0113114
 0.00647342 0.0103797 0.0154012 0.021497 0.0286046 0.0365597 0.0449796 0.0532455 0.0606176 0.0663977 0.0700547 0.0713118 0.0701976 0.0670293 0.0623183 0.0566391 0.0505195 0.0443729 0.0384669 0.0329185 0.0277195 0.0227979 0.0181043 0.0136872 0.00970654
 0.00665062 0.0106716 0.0158486 0.022144 0.029493 0.0377187 0.0464102 0.0549054 0.0624164 0.068204 0.0717181 0.0726927 0.071194 0.0675889 0.0624299 0.0563132 0.0497713 0.043219 0.0369363 0.0310697 0.0256546 0.0206628 0.0160703 0.0119141 0.00830257
 0.0067182 0.0107904 0.0160455 0.0224537 0.0299562 0.0383752 0.0472889 0.0560128 0.0637253 0.0696471 0.0731891 0.0740591 0.0723208 0.068366 0.0627915 0.0562407 0.0492821 0.0423502 0.0357358 0.0296003 0.0240046 0.0189512 0.0144359 0.0104873 0.00717221
 0.00672676 0.0107971 0.0160443 0.0224396 0.0299338 0.0383691 0.0473488 0.0562073 0.0641221 0.0702866 0.0740635 0.0751056 0.0734307 0.0694062 0.0636316 0.0567779 0.049456 0.0421463 0.0351786 0.0287459 0.0229366 0.0177771 0.0132756 0.00945237 0.00634071
 0.00677848 0.0108646 0.0161144 0.0224877 0.0299284 0.0382818 0.0471672 0.0559474 0.0638368 0.0700629 0.0740038 0.0752944 0.0738994 0.0701132 0.0644692 0.0576019 0.0501246 0.0425527 0.0352692 0.0285236 0.0224539 0.0171229 0.0125569 0.00877153 0.0057731
 0.00692799 0.0110936 0.0164317 0.0228892 0.0303944 0.0387756 0.0476349 0.0563236 0.0640597 0.0700969 0.0738588 0.0750309 0.0736124 0.0698994 0.0643892 0.0576559 0.0502536 0.0426632 0.0352701 0.0283577 0.0221141 0.0166501 0.0120233 0.00825596 0.00533764
 0.00695682 0.011142 0.0165077 0.0230018 0.030552 0.0389829 0.0478883 0.0566069 0.0643418 0.0703354 0.0740104 0.0750675 0.0735368 0.0697497 0.0642268 0.0575389 0.0502093 0.0426743 0.0352842 0.0283137 0.0219717 0.0164069 0.0117131 0.00793172 0.0050491
 0.0069564 0.0111385 0.0164975 0.0229809 0.0305187 0.038941 0.0478494 0.0565889 0.0643632 0.0704067 0.0741274 0.0752097 0.0736741 0.0698556 0.0642913 0.0575726 0.0502342 0.0427068 0.0353207 0.0283306 0.0219397 0.0163103 0.0115603 0.00775094 0.00487472
 0.00694072 0.0111284 0.0165098 0.0230386 0.0306425 0.0391367 0.0481001 0.0568571 0.0646049 0.0705885 0.0742362 0.0752506 0.0736605 0.0697995 0.0642002 0.0574537 0.0500985 0.0425687 0.0351913 0.0282111 0.0218218 0.0161836 0.0114219 0.00760957 0.00474548
 0.00698321 0.0111851 0.016574 0.0231009 0.0306988 0.0391981 0.0481946 0.0570184 0.0648505 0.0709012 0.074563 0.0755234 0.0738244 0.0698323 0.064113 0.0572781 0.0498715 0.042323 0.0349511 0.0279909 0.0216264 0.0160114 0.0112703 0.00747849 0.00463785
 0.00698888 0.0111769 0.0165294 0.022988 0.0304846 0.0388628 0.047747 0.056505 0.0643516 0.0705136 0.0743711 0.0755695 0.0740919 0.0702527 0.0645943 0.0577375 0.050257 0.0426159 0.0351561 0.0281229 0.0217015 0.0160434 0.0112709 0.00745866 0.00460859
