SBPRF35
7.78865
Curr Bio
656910
B35
731282
F35
0.23061
FOFL
0.209982
OFL
104171
Bzero
2.22533e+06
#pred survey bio
 4.2195e+06 3.97701e+06 3.7511e+06 3.49252e+06 3.20652e+06 2.91942e+06 2.62573e+06 2.36001e+06 2.0996e+06 1.85035e+06 1.63671e+06 1.4467e+06 1.28288e+06 1.11304e+06 989762 874097 803323 753217 692136 651929 630547 617641 614561 604420 601712 596324 599362 585597 583886 585807 583138 594953 595763 586964 573484 554798 545647 532171 532845 540879 554541 555937 558300 574101 579802 596836 603417 621368 644205 664540 695311 657894 654345 2.33099e+07 1.48883e+07 1.56936e+07 1.6269e+07 1.66463e+07 1.68912e+07 1.70536e+07 1.71658e+07 1.72473e+07 1.73092e+07 1.73577e+07 1.73964e+07 1.74276e+07 1.74528e+07 1.7473e+07 1.74892e+07 1.75021e+07 1.75124e+07 1.75205e+07 1.75269e+07 1.75319e+07 1.75359e+07 1.75389e+07 1.75413e+07 1.75432e+07 1.75446e+07 1.75457e+07 1.75466e+07 1.75473e+07 1.75478e+07 1.75482e+07 1.75485e+07 1.75488e+07 1.7549e+07 1.75491e+07 1.75492e+07 1.75493e+07 1.75494e+07 1.75494e+07 1.75495e+07 1.75495e+07 1.75495e+07 1.75495e+07 1.75496e+07 1.75496e+07 1.75496e+07 1.75496e+07 1.75496e+07 1.75496e+07 1.75496e+07 1.75496e+07 1.75496e+07 1.75496e+07 1.75496e+07 1.75496e+07 1.75496e+07 1.75496e+07 1.75496e+07 1.75496e+07 1.75496e+07 1.75496e+07 1.75496e+07 1.75496e+07 1.75496e+07 1.75496e+07 1.75496e+07 1.75496e+07 1.75496e+07 1.75496e+07 1.75496e+07 1.75496e+07 1.75496e+07 1.75496e+07 1.75496e+07 1.75496e+07 1.75496e+07 1.75496e+07 1.75496e+07 1.75496e+07 1.75496e+07 1.75496e+07 1.75496e+07 1.75496e+07 1.75496e+07 1.75496e+07 1.75496e+07 1.75496e+07 1.75496e+07 1.75496e+07 1.75496e+07 1.75496e+07 1.75496e+07 1.75496e+07 1.75496e+07 1.75496e+07 1.75496e+07 1.75496e+07 1.75496e+07 1.75496e+07 1.75496e+07 0 0 0 0 0 0 0 0 0 0 0 0 0 0 0 0 0 0 0 0 0 0 0 0 0
#obs survey bio
 3.16068e+06 2.53478e+06 2.83182e+06 2.66437e+06 3.85922e+06 2.52388e+06 1.93258e+06 2.33821e+06 1.34686e+06 2.01747e+06 1.27858e+06 1.20876e+06 1.25118e+06 1.01906e+06 831419 893287 923392 797454 573364 589356 494691 443013 825212 541761 559097 742141 792576 519729 642457 550951 474478 722748 504576 606636 537052 528942 772201 695853 584309 786396 511438 479405 476588 474209 584468 514764 450046 651149 489609 1.06143e+06 872921 628313 639551
#pred catch bio
 94505.9 94222.4 146610 198500 229069 265828 269952 291604 304212 290145 282376 268469 278894 240601 234157 192995 171644 176331 154041 135016 125736 115494 118686 109576 109462 100896 114378 103394 99754.7 102550 89018.2 96529.1 101489 100940 100300 89560.7 94565.6 85491.5 82084.4 79506.1 91698 92970.1 85011.1 97038.8 90150.4 101376 94578.7 94253.3 99813 94222.6 154901 132408 128962 104171 120124 126193 130330 132561 133607 134021 134125 134098 134027 133952 133889 133842 133807 133784 133768 133757 133750 133746 133743 133741 133740 133740 133739 133739 133739 133739 133738 133738 133738 133738 133738 133738 133738 133738 133738 133738 133738 133738 133738 133738 133738 133738 133738 133738 133738 133738 133738 133738 133738 133738 133738 133738 133738 133738 133738 133738 133738 133738 133738 133738 133738 133738 133738 133738 133738 133738 133738 133738 133738 133738 133738 133738 133738 133738 133738 133738 133738 133738 133738 133738 133738 133738 133738 133738 133738 133738 133738 133738 133738 133738 133738 133738 133738 133738 133738 133738 133738 133738 133738 0 0 0 0 0 0 0 0 0 0 0 0 0 0 0 0 0 0 0 0 0 0 0 0 0
#obs catch bio
 0 94031.4 147302 200151 230939 269286 274154 296766 311663 296678 289533 274663 286590 246297 241439 198771 174148 178856 156023 137156 127433 117406 119596 110285 110186 100444 114775 104068 100294 103397 89464.1 96673.8 101839 101079 100363 89175.3 94221 84528.4 81098.2 78497.9 90698.6 92139 84558.5 97102.3 90052.5 101336 94484.7 94159.3 100306 93368.2 154288 131474 128920
#pred cpue bio
 4.13467e+06 3.89484e+06 3.67075e+06 3.41298e+06 3.12875e+06 2.8434e+06 2.55144e+06 2.28733e+06 2.02897e+06 1.7822e+06 1.57108e+06 1.38366e+06 1.22236e+06 1.05586e+06 935004 822224 753938 706302 647903 609385 589088 576987 574591 565646 563683 559007 562121 548716 547034 549184 547021 558987 560535 552878 540984 523986 515039 500681 500140 507505 520650 521728 523278 537624 542471 558573 564623 581321 602695 621928 651350 613843 607089 2.15535e+07 1.37949e+07 1.46118e+07 1.52236e+07 1.56171e+07 1.58661e+07 1.60293e+07 1.61417e+07 1.62232e+07 1.62851e+07 1.63336e+07 1.63723e+07 1.64035e+07 1.64287e+07 1.64489e+07 1.64651e+07 1.6478e+07 1.64883e+07 1.64964e+07 1.65028e+07 1.65078e+07 1.65118e+07 1.65148e+07 1.65172e+07 1.65191e+07 1.65205e+07 1.65216e+07 1.65225e+07 1.65232e+07 1.65237e+07 1.65241e+07 1.65244e+07 1.65247e+07 1.65248e+07 1.6525e+07 1.65251e+07 1.65252e+07 1.65253e+07 1.65253e+07 1.65254e+07 1.65254e+07 1.65254e+07 1.65254e+07 1.65255e+07 1.65255e+07 1.65255e+07 1.65255e+07 1.65255e+07 1.65255e+07 1.65255e+07 1.65255e+07 1.65255e+07 1.65255e+07 1.65255e+07 1.65255e+07 1.65255e+07 1.65255e+07 1.65255e+07 1.65255e+07 1.65255e+07 1.65255e+07 1.65255e+07 1.65255e+07 1.65255e+07 1.65255e+07 1.65255e+07 1.65255e+07 1.65255e+07 1.65255e+07 1.65255e+07 1.65255e+07 1.65255e+07 1.65255e+07 1.65255e+07 1.65255e+07 1.65255e+07 1.65255e+07 1.65255e+07 1.65255e+07 1.65255e+07 1.65255e+07 1.65255e+07 1.65255e+07 1.65255e+07 1.65255e+07 1.65255e+07 1.65255e+07 1.65255e+07 1.65255e+07 1.65255e+07 1.65255e+07 1.65255e+07 1.65255e+07 1.65255e+07 1.65255e+07 1.65255e+07 1.65255e+07 1.65255e+07 1.65255e+07 1.65255e+07 0 0 0 0 0 0 0 0 0 0 0 0 0 0 0 0 0 0 0 0 0 0 0 0 0
#obs cpue bio
 4.21135e+06 3.65148e+06 2.79538e+06 2.73185e+06 2.67545e+06 2.2714e+06 2.04654e+06 2.21498e+06 1.74431e+06 1.49276e+06 1.38664e+06 1.43591e+06 962847 835062 639329 438044 1.03037e+06 662003 608323 409320 686716 459895 757196 537129 595335 832354 298942 388995 485248 495991 579359 704416 567432 598948 650133 721718 449417 733934 610335 412711 608656 584838 431842 526718 495788 772287 693996 562193 525912 883941 588514 619513 447569
#pred surv len freq
 0.00469967 0.00758519 0.0113385 0.0159334 0.0212848 0.0271852 0.0332592 0.0390303 0.0440832 0.0481933 0.0513407 0.0536408 0.0552674 0.056392 0.0571346 0.0575316 0.057532 0.0570187 0.055824 0.0537266 0.0504538 0.0457497 0.0395369 0.0321032 0.0241553
 0.00506746 0.00809702 0.0119548 0.0165775 0.0218821 0.0277146 0.0337787 0.0396466 0.0448732 0.0491255 0.0522506 0.0542829 0.0554166 0.0559406 0.0561401 0.0561988 0.0561419 0.0558308 0.0549904 0.0532526 0.050223 0.0456002 0.0393454 0.0318309 0.0238377
 0.00519517 0.00834962 0.0124119 0.0173252 0.0229734 0.0291214 0.0353675 0.0412122 0.046224 0.0501638 0.0529859 0.0547667 0.055654 0.0558578 0.0556329 0.0552233 0.0547769 0.0542673 0.0534555 0.0519172 0.0491492 0.044753 0.038651 0.0312354 0.0233297
 0.00535982 0.00860363 0.0127741 0.0178177 0.0236336 0.0300084 0.0365482 0.0427206 0.0480096 0.0520678 0.0547742 0.0562088 0.056597 0.0562433 0.0554622 0.0545182 0.0535797 0.0526709 0.0516182 0.0500324 0.0473875 0.0432181 0.0373779 0.0302181 0.02255
 0.00561138 0.0089982 0.0133408 0.0185735 0.0245815 0.031137 0.037834 0.0441344 0.0495248 0.0536574 0.0563885 0.0577477 0.0579044 0.0571403 0.0557995 0.0542159 0.0526379 0.0511614 0.0496758 0.0478418 0.0451552 0.0411323 0.0355743 0.0287675 0.0214645
 0.00587483 0.00942034 0.0139647 0.0194354 0.0257044 0.0325203 0.0394421 0.0458931 0.0513328 0.0554092 0.0579968 0.0591489 0.0590448 0.0579527 0.0561912 0.0540822 0.0518974 0.0497947 0.0477489 0.0455066 0.0426269 0.0386479 0.033344 0.0269342 0.0200855
 0.00613413 0.00984031 0.0145946 0.020322 0.0268854 0.0340129 0.0412273 0.0479056 0.0534623 0.0575156 0.0599324 0.0607823 0.0602788 0.0587274 0.0564709 0.0538351 0.0510866 0.0483938 0.0457765 0.0430599 0.0398907 0.035869 0.0307765 0.0247776 0.0184422
 0.00639513 0.010255 0.015202 0.0211557 0.0279719 0.0353676 0.0428454 0.0497521 0.0554666 0.0595731 0.061913 0.0625447 0.0616892 0.059678 0.0568902 0.0536847 0.0503502 0.0470707 0.0438922 0.0406925 0.0371944 0.0330708 0.0281345 0.0225162 0.0166939
 0.00663112 0.0106429 0.0157938 0.022003 0.0291167 0.0368271 0.0445969 0.051727 0.0575599 0.0616622 0.0638742 0.0642614 0.0630551 0.0606001 0.0572941 0.05352 0.0495923 0.0457214 0.0419855 0.0383096 0.0344817 0.030242 0.0254407 0.0201866 0.0148747
 0.00690051 0.0110721 0.0164252 0.0228737 0.0302572 0.0382551 0.046306 0.0536737 0.0596579 0.0637873 0.0658799 0.0660016 0.0644049 0.0614686 0.057625 0.0532841 0.0487799 0.0443416 0.0400742 0.0359464 0.0318061 0.0274559 0.0227826 0.0178782 0.0130622
 0.00717881 0.0115129 0.0170672 0.023747 0.0313798 0.0396278 0.047905 0.0554463 0.0615248 0.0656518 0.0676365 0.067542 0.0656245 0.0622757 0.0579502 0.0530855 0.0480422 0.0430739 0.0383134 0.0337678 0.029338 0.0248824 0.0203215 0.0157337 0.0113714
 0.00743159 0.0119223 0.0176807 0.0246076 0.0325183 0.0410501 0.049578 0.057292 0.0634302 0.0674892 0.0692849 0.068901 0.0666188 0.0628535 0.0580786 0.0527461 0.0472301 0.0418002 0.036612 0.0317076 0.0270346 0.0225001 0.0180537 0.0137617 0.00981703
 0.00764465 0.0122675 0.0181989 0.0253384 0.0334947 0.0422896 0.0510688 0.058983 0.0652293 0.0692731 0.0709165 0.0702514 0.067587 0.063378 0.0581374 0.0523463 0.0463949 0.0405615 0.0350133 0.0298153 0.024951 0.0203668 0.0160361 0.0120141 0.00844225
 0.0080222 0.0128566 0.0190399 0.0264538 0.0348877 0.0439411 0.0529307 0.0609716 0.0672273 0.0711421 0.0725153 0.0714543 0.0683012 0.0635554 0.0577777 0.0514902 0.0451091 0.0389235 0.0331033 0.0277195 0.0227717 0.0182279 0.014074 0.0103507 0.00715312
 0.00815794 0.0130991 0.0194448 0.0270851 0.0358021 0.0451632 0.0544314 0.0626635 0.0689821 0.0728197 0.0739886 0.0726206 0.0690836 0.0639035 0.0576696 0.0509347 0.0441445 0.0376121 0.0315242 0.0259642 0.0209436 0.0164416 0.0124457 0.00897894 0.00609555
 0.00822025 0.0132191 0.019662 0.0274528 0.0363815 0.0460094 0.0555731 0.0640841 0.0706075 0.0745198 0.0755959 0.0739643 0.0700273 0.064369 0.0576402 0.0504415 0.0432484 0.0363902 0.0300634 0.0243591 0.0192959 0.0148569 0.0110238 0.00779816 0.00519628
 0.00828716 0.0133011 0.019738 0.027493 0.036364 0.0459428 0.0555122 0.0641238 0.0708528 0.0750436 0.0764047 0.0749865 0.0711284 0.0653869 0.0584263 0.0508923 0.0433194 0.0360919 0.0294485 0.0235083 0.0183069 0.0138337 0.0100646 0.00698014 0.00456323
 0.00837691 0.0134343 0.0199132 0.0276959 0.0365662 0.0461042 0.0555899 0.0640895 0.0707152 0.0748627 0.0762821 0.0750284 0.0713967 0.0658668 0.0590265 0.051478 0.0437578 0.03629 0.0293715 0.0231781 0.0177881 0.0132146 0.00943664 0.00641951 0.0041173
 0.00856716 0.0137359 0.0203515 0.0282862 0.0373066 0.0469659 0.0565086 0.0649653 0.0714301 0.0753119 0.0764092 0.074848 0.0709915 0.0653563 0.0585209 0.051038 0.0433813 0.0359304 0.0289718 0.0227037 0.017242 0.012634 0.00887653 0.00593197 0.00373547
 0.00867458 0.0138996 0.0205784 0.0285773 0.0376592 0.0473768 0.0569723 0.0654684 0.0719431 0.0757853 0.0767796 0.0750544 0.0709987 0.0651724 0.0581965 0.0506458 0.0429847 0.03556 0.0286231 0.0223539 0.0168738 0.012251 0.00850257 0.00559927 0.00346931
 0.00874271 0.0139951 0.0206937 0.0286961 0.0377612 0.0474459 0.0570049 0.0654762 0.0719504 0.075821 0.0768644 0.0751897 0.0711618 0.065324 0.0582983 0.0506769 0.0429478 0.0354724 0.0285016 0.022206 0.0167006 0.0120561 0.00829883 0.00540678 0.00330739
 0.00859893 0.0137968 0.02046 0.0284647 0.0375751 0.047334 0.0569683 0.0654911 0.0719856 0.0758584 0.0769093 0.075265 0.0712907 0.0655128 0.0585297 0.0509168 0.0431599 0.0356311 0.0285969 0.0222397 0.016681 0.0119949 0.00821112 0.00531003 0.00321803
 0.00850389 0.0136272 0.0201798 0.0280382 0.0369847 0.0466018 0.0561695 0.0647426 0.0714091 0.0755373 0.0768657 0.0754673 0.0716813 0.0660327 0.0591273 0.0515454 0.0437731 0.0361857 0.0290594 0.0225926 0.0169233 0.0121393 0.0082792 0.00532678 0.00320701
 0.00850903 0.0136321 0.0201787 0.0280187 0.0369245 0.0464692 0.05593 0.0643757 0.0709286 0.0750027 0.0763718 0.0751118 0.0715287 0.0660948 0.0593703 0.0519109 0.0441995 0.0366186 0.0294559 0.0229229 0.0171723 0.0123064 0.00837584 0.00537146 0.00321953
 0.00848353 0.0135865 0.0201024 0.0278995 0.0367513 0.0462354 0.0556368 0.064031 0.070545 0.0745977 0.0759725 0.0747611 0.0712821 0.0660061 0.0594693 0.0521898 0.0446142 0.0371046 0.0299472 0.0233663 0.0175344 0.0125747 0.00855523 0.00547833 0.00327511
 0.0086455 0.0138126 0.0203734 0.0281731 0.0369724 0.0463538 0.055622 0.063878 0.0702703 0.0742315 0.0755508 0.0743225 0.0708667 0.0656556 0.0592241 0.0520798 0.0446482 0.0372642 0.0301913 0.0236435 0.0177979 0.0127928 0.0087146 0.00558149 0.00333394
 0.00864913 0.0138324 0.0204269 0.0282795 0.037141 0.0465692 0.0558365 0.0640215 0.070277 0.0740698 0.0752383 0.0739165 0.0704406 0.0652753 0.0589357 0.0519089 0.0446027 0.0373357 0.0303552 0.023863 0.0180315 0.0130047 0.00888275 0.00569928 0.00340699
 0.00865542 0.0138593 0.0204988 0.028431 0.0374098 0.0469824 0.0563945 0.0646851 0.0709652 0.0746709 0.0756369 0.0740287 0.0702432 0.0648133 0.0583045 0.0512216 0.0439591 0.0368036 0.0299658 0.0236143 0.0178988 0.0129522 0.00887519 0.00570995 0.0034203
 0.00857549 0.0137307 0.0203095 0.0281759 0.0370973 0.046643 0.0560843 0.0644779 0.0709297 0.0748417 0.0759939 0.0744976 0.0707185 0.065195 0.0585315 0.051287 0.0439025 0.0366876 0.0298491 0.0235348 0.0178681 0.0129619 0.00890752 0.0057475 0.00345191
 0.00848642 0.0135904 0.0201068 0.0279028 0.0367505 0.0462268 0.0556159 0.063994 0.0704884 0.0745162 0.0758542 0.0745861 0.0710291 0.0656682 0.0590727 0.0517996 0.0443199 0.0369876 0.030048 0.0236667 0.0179653 0.0130434 0.00897865 0.00580642 0.0034959
 0.00838627 0.0134421 0.0199103 0.0276667 0.0364885 0.0459519 0.0553371 0.063717 0.0702203 0.0742714 0.075659 0.0744766 0.0710417 0.0658238 0.0593617 0.0521792 0.044727 0.0373622 0.0303522 0.0238916 0.0181231 0.0131536 0.00905757 0.00586349 0.00353587
 0.00820236 0.0131482 0.0194788 0.0270787 0.0357418 0.0450707 0.0543798 0.0627731 0.0693932 0.073653 0.0753095 0.0744187 0.0712665 0.0663002 0.0600421 0.0530014 0.0456164 0.0382396 0.0311479 0.0245589 0.0186439 0.013535 0.00932127 0.00603622 0.00364264
 0.00800119 0.0128508 0.019085 0.0266052 0.0352136 0.0445099 0.0538001 0.0621854 0.0688176 0.0731277 0.0748896 0.0741624 0.0712175 0.0664749 0.0604276 0.0535599 0.0462929 0.0389695 0.0318651 0.025206 0.019182 0.0139483 0.00961547 0.00623061 0.00376194
 0.00773732 0.0124563 0.0185566 0.025965 0.034506 0.0437928 0.0531357 0.0616295 0.0684084 0.0728771 0.0747845 0.0741792 0.0713395 0.0667005 0.0607646 0.0540116 0.0468466 0.0395925 0.0325099 0.0258201 0.0197203 0.0143822 0.00993675 0.00644901 0.00389811
 0.00772041 0.0123938 0.0183998 0.0256514 0.0339815 0.0430427 0.0522092 0.0606386 0.0674965 0.0721724 0.0743638 0.0740556 0.0714755 0.0670344 0.0612357 0.0545745 0.0474708 0.0402529 0.0331768 0.0264571 0.0202894 0.0148535 0.010296 0.00669982 0.00405792
 0.00837305 0.0133199 0.0195408 0.0268606 0.0350553 0.0437791 0.0524627 0.0603528 0.0667123 0.0710191 0.0730307 0.0727468 0.0703578 0.0662023 0.0607072 0.0543145 0.0474217 0.0403576 0.0333858 0.0267266 0.0205783 0.0151254 0.0105243 0.00687155 0.00417382
 0.00882704 0.0140531 0.0206271 0.0283435 0.0369129 0.0458834 0.0545585 0.0620921 0.0677523 0.0711436 0.0722293 0.0712093 0.0683961 0.0641463 0.0588206 0.052754 0.0462402 0.0395335 0.0328597 0.0264278 0.0204397 0.0150884 0.0105416 0.00690908 0.00421093
 0.00889515 0.0142141 0.0209641 0.0289687 0.0379439 0.047399 0.0565478 0.0644167 0.0701428 0.0732389 0.0736602 0.0717051 0.0678751 0.0627422 0.0568308 0.0505349 0.0441036 0.0376852 0.0313908 0.0253411 0.0196866 0.0145995 0.0102455 0.00674294 0.00412527
 0.00875603 0.0140043 0.0206834 0.0286403 0.0376249 0.047187 0.0565765 0.0648273 0.0710291 0.0745858 0.075308 0.0733699 0.0692267 0.0635115 0.0568987 0.0499623 0.0430916 0.0364898 0.0302376 0.0243745 0.0189624 0.0141072 0.00993993 0.00656953 0.00403556
 0.00870857 0.0139122 0.0205179 0.028368 0.0372195 0.046649 0.0559524 0.0642189 0.0705821 0.0744562 0.0756113 0.0741284 0.070337 0.0647579 0.0580168 0.0507309 0.0434071 0.0363882 0.0298556 0.0238804 0.018493 0.0137387 0.00969052 0.00642147 0.00395796
 0.00876074 0.0139767 0.0205761 0.0283865 0.0371546 0.0464575 0.055605 0.0637152 0.0699636 0.0738131 0.0750745 0.0738394 0.070401 0.0651955 0.0587421 0.0515722 0.0441686 0.0369223 0.0301098 0.0238958 0.0183645 0.0135637 0.00953503 0.00631242 0.00389428
 0.00896958 0.0142971 0.0210212 0.0289513 0.0378121 0.0471555 0.0562652 0.0642399 0.0702557 0.0738063 0.0747606 0.0732809 0.0697195 0.064537 0.0582279 0.0512569 0.0440251 0.0368652 0.0300445 0.0237648 0.018165 0.0133329 0.00931973 0.00614424 0.0037818
 0.00912367 0.0145432 0.0213826 0.0294451 0.0384438 0.0479107 0.0571008 0.0650805 0.0710014 0.0743502 0.0750135 0.0731955 0.0693076 0.0638728 0.0574315 0.0504589 0.0433257 0.0363076 0.029616 0.0234232 0.0178717 0.0130717 0.00909551 0.00596821 0.00365863
 0.0090063 0.0143827 0.0211979 0.0292747 0.0383378 0.0479165 0.0572494 0.065378 0.0714267 0.0748565 0.0755326 0.0736478 0.0696194 0.0639971 0.0573633 0.050238 0.0430213 0.0359909 0.0293358 0.0231959 0.01769 0.012922 0.00896982 0.00586647 0.00358311
 0.00895897 0.0143124 0.0211059 0.0291704 0.0382409 0.0478581 0.0572691 0.0655147 0.0717038 0.0752666 0.0760315 0.0741623 0.0700656 0.0643019 0.0574824 0.0501657 0.04279 0.0356598 0.0289711 0.0228516 0.017397 0.0126895 0.00879425 0.00573975 0.00349671
 0.00896991 0.0143086 0.0210609 0.0290482 0.0380079 0.0475013 0.0568122 0.0650217 0.0712658 0.074977 0.075959 0.0743301 0.0704435 0.0648144 0.0580308 0.0506559 0.0431577 0.0358824 0.0290635 0.0228515 0.0173462 0.0126211 0.0087284 0.00568554 0.00345661
 0.00909964 0.0145097 0.0213433 0.0294092 0.0384267 0.0479345 0.0571949 0.0652798 0.0713408 0.0748527 0.0756738 0.0739644 0.0700885 0.0645382 0.0578579 0.050568 0.0431104 0.0358299 0.028978 0.0227293 0.0172029 0.012479 0.0086056 0.00559131 0.00339155
 0.00911651 0.0145379 0.0213874 0.0294744 0.0385178 0.0480542 0.0573393 0.0654345 0.0714789 0.0749395 0.0756781 0.073875 0.0699244 0.0643447 0.0576884 0.0504603 0.0430722 0.0358404 0.0290035 0.0227415 0.017189 0.0124424 0.00855845 0.00554584 0.00335534
 0.00895124 0.0143028 0.0210959 0.0291606 0.0382276 0.0478302 0.0572088 0.065406 0.0715447 0.0750806 0.0758675 0.0740804 0.0701151 0.0645007 0.0578072 0.0505555 0.0431631 0.0359388 0.0291069 0.0228367 0.017262 0.0124865 0.00857647 0.00554656 0.00334819
 0.00897583 0.014315 0.021065 0.0290458 0.0379955 0.0474776 0.0567785 0.0649799 0.0712147 0.0749123 0.0758782 0.074241 0.0703696 0.0647894 0.058084 0.0507947 0.043359 0.0360981 0.0292392 0.0229471 0.0173503 0.0125505 0.0086165 0.00556691 0.00335555
 0.0093196 0.0147944 0.0216376 0.0296181 0.0384433 0.0476839 0.0566705 0.0645508 0.0705279 0.0740883 0.0750659 0.0735774 0.0699414 0.0646143 0.0581197 0.0509677 0.0435954 0.0363432 0.0294617 0.0231339 0.017498 0.0126602 0.00869178 0.00561372 0.00338138
 0.010242 0.0162219 0.0236454 0.0322111 0.0415369 0.051087 0.0600763 0.0675633 0.0727405 0.0751935 0.074943 0.0723158 0.0677963 0.0619245 0.0552219 0.0481353 0.0410123 0.034108 0.0276099 0.0216607 0.0163745 0.011843 0.00812851 0.00524834 0.00315995
 0.00995879 0.0159153 0.0234674 0.032396 0.0423363 0.0526652 0.0624177 0.0704431 0.0757725 0.0779286 0.0769764 0.0733735 0.0677866 0.0609433 0.0535106 0.0460054 0.0387653 0.0319796 0.0257481 0.0201334 0.0151909 0.0109751 0.00752803 0.00485854 0.00292415
#obs surv len freq
 nan nan nan nan nan nan nan nan nan nan nan nan nan nan nan nan nan nan nan nan nan nan nan nan nan
 0.00448338 0.00734429 0.0111741 0.0159907 0.0216922 0.0279688 0.034284 0.0400161 0.044696 0.0481597 0.0505171 0.0520122 0.0529036 0.0534153 0.053729 0.0539835 0.0542617 0.0545542 0.0546928 0.0542847 0.0527227 0.0493549 0.0438048 0.0362851 0.027669
 0.0046107 0.00755416 0.0114949 0.0164497 0.0223087 0.0287439 0.0351904 0.0409951 0.0456662 0.0490328 0.0512148 0.0524783 0.0531093 0.0533591 0.0534329 0.0534849 0.0536047 0.0537818 0.0538444 0.0533976 0.051836 0.048512 0.0430506 0.0356576 0.0271894
 0.00478205 0.00783139 0.0119099 0.0170315 0.023079 0.0297084 0.0363289 0.0422564 0.0469711 0.0502852 0.0523153 0.0533364 0.0536541 0.0535481 0.0532557 0.0529621 0.0527805 0.0527158 0.052603 0.0520514 0.0504605 0.0471877 0.0418574 0.0346614 0.0264266
 0.00497565 0.00815004 0.0123965 0.0177279 0.024017 0.0308962 0.0377379 0.0438178 0.0485862 0.0518448 0.0537155 0.0544857 0.0544747 0.053978 0.0532537 0.052514 0.0519035 0.0514576 0.0510386 0.0502782 0.0485945 0.0453573 0.0401895 0.0332597 0.0253494
 0.00518202 0.00848841 0.0129113 0.0184633 0.0250088 0.0321596 0.0392533 0.0455241 0.0503872 0.0536253 0.0553585 0.0558843 0.0555387 0.0546348 0.053449 0.0522129 0.0510957 0.050164 0.0493188 0.0482343 0.0463692 0.043122 0.0381202 0.0315031 0.023991
 0.00540868 0.00885861 0.0134718 0.0192591 0.0260752 0.0335092 0.0408629 0.0473289 0.0522898 0.0555125 0.0571178 0.0574123 0.0567441 0.0554393 0.0537877 0.0520366 0.0503738 0.048894 0.0475381 0.0460338 0.0438993 0.0405823 0.0357281 0.0294477 0.0223884
 0.00564105 0.00924134 0.0140571 0.0200984 0.0272096 0.0349529 0.0425874 0.049258 0.0543113 0.0575008 0.0589544 0.0589963 0.0579929 0.0562848 0.0541722 0.0519102 0.0496973 0.0476475 0.045738 0.0437534 0.0412833 0.0378415 0.0331069 0.0271683 0.0205953
 0.00589169 0.00964884 0.0146707 0.0209648 0.0283647 0.0364096 0.0443205 0.0511981 0.0563523 0.0595182 0.0608247 0.0606106 0.0592628 0.0571425 0.0545664 0.0517995 0.0490469 0.046434 0.0439657 0.0414788 0.0386371 0.035031 0.0303856 0.0247769 0.0186979
 0.00612743 0.0100378 0.0152665 0.0218205 0.0295219 0.0378812 0.0460747 0.0531534 0.0583915 0.0615128 0.0626555 0.0621783 0.0604882 0.057964 0.0549363 0.05168 0.0484074 0.0452533 0.042245 0.0392646 0.0360459 0.0322575 0.0276777 0.022378 0.0167808
 0.00638991 0.0104638 0.0159066 0.0227216 0.0307189 0.0393835 0.0478509 0.0551253 0.0604428 0.0635098 0.0644698 0.0637016 0.0616398 0.0586896 0.0552023 0.0514648 0.0476948 0.0440324 0.0405209 0.0370805 0.0335079 0.0295456 0.0250258 0.0200212 0.0148898
 0.00661565 0.0108403 0.0164903 0.02357 0.0318777 0.0408667 0.0496221 0.0570934 0.0624778 0.0654709 0.0662295 0.0651583 0.0627189 0.0593414 0.0553975 0.0511894 0.0469435 0.0428066 0.038835 0.0349798 0.031091 0.0269765 0.0225182 0.0177917 0.013098
 0.00684838 0.0112202 0.0170653 0.0243867 0.032973 0.0422545 0.0512783 0.0589473 0.0644186 0.0673656 0.0679446 0.0665775 0.0637551 0.0599404 0.0555343 0.0508601 0.046156 0.0415762 0.0371882 0.032968 0.0288095 0.0245751 0.0201887 0.0157274 0.0114411
 0.00707148 0.0115849 0.0176177 0.0251701 0.0340193 0.0435701 0.0528301 0.0606598 0.066185 0.0690685 0.0694744 0.0678414 0.0646795 0.0604722 0.0556417 0.0505317 0.0453979 0.0404078 0.0356433 0.0311032 0.0267179 0.0223937 0.0180871 0.0138738 0.00995758
 0.00727725 0.011924 0.0181363 0.0259131 0.0350206 0.0448367 0.0543275 0.0623072 0.0678683 0.0706639 0.0708708 0.068953 0.0654488 0.0608658 0.0556453 0.0501447 0.0446298 0.0392787 0.0341874 0.0293768 0.024809 0.0204262 0.0162096 0.0122301 0.00864906
 0.00742749 0.012174 0.0185232 0.0264757 0.0357915 0.0458309 0.0555287 0.0636625 0.0692935 0.0720579 0.0721319 0.069992 0.0661971 0.0612799 0.0557054 0.0498498 0.0439924 0.0383208 0.032943 0.0278986 0.0231766 0.0187486 0.0146147 0.0108388 0.00754512
 0.0075347 0.0123457 0.0187775 0.0268295 0.0362597 0.0464241 0.056249 0.0644988 0.0702186 0.0730288 0.0730915 0.0708739 0.0669325 0.0618058 0.0559727 0.0498279 0.0436702 0.0377054 0.0320595 0.0267927 0.0219188 0.0174338 0.0133524 0.00973186 0.0066644
 0.00762479 0.0124878 0.0189833 0.027107 0.0366122 0.0468489 0.0567363 0.0650327 0.0707809 0.0736031 0.0736637 0.0714274 0.0674418 0.0622338 0.0562731 0.0499534 0.0435823 0.0373827 0.031503 0.0260297 0.0210042 0.0164472 0.012387 0.0088754 0.00597819
 0.00767247 0.012561 0.0190855 0.0272391 0.0367731 0.0470368 0.0569493 0.0652689 0.0710391 0.0738827 0.073965 0.0717499 0.0677798 0.0625719 0.0565826 0.0501937 0.0437064 0.0373481 0.0312836 0.0256252 0.0204453 0.0157931 0.0117141 0.00825916 0.00547426
 0.00772232 0.0126367 0.0191894 0.0273696 0.0369248 0.0472016 0.0571176 0.0654311 0.0711882 0.0740175 0.0740908 0.0718765 0.0679175 0.0627253 0.0567465 0.0503495 0.0438229 0.037387 0.0312096 0.0254186 0.0201121 0.0153676 0.0112514 0.00781973 0.005106
 0.00777671 0.0127177 0.0192975 0.0274999 0.0370685 0.0473478 0.0572551 0.0655501 0.0712816 0.0740828 0.0741316 0.071902 0.0679403 0.0627576 0.0567954 0.0504128 0.0438867 0.0374264 0.0311945 0.0253238 0.0199281 0.0151077 0.0109496 0.00751965 0.00484625
 0.00784041 0.0128167 0.0194374 0.0276817 0.0372871 0.0475903 0.0575008 0.0657724 0.071454 0.074187 0.0741625 0.0718681 0.06786 0.062653 0.0566873 0.0503158 0.0438057 0.0373546 0.0311154 0.0252173 0.0197799 0.0149176 0.0107335 0.00730397 0.00465744
 0.0078522 0.0128356 0.0194655 0.0277209 0.037339 0.0476558 0.0575793 0.0658605 0.0715456 0.0742734 0.074234 0.0719171 0.0678829 0.0626524 0.0566702 0.0502914 0.0437812 0.0373316 0.0310879 0.0251743 0.0197106 0.0148179 0.0106102 0.00717302 0.00453727
 0.00786497 0.0128507 0.0194779 0.0277231 0.0373236 0.0476198 0.0575269 0.0658037 0.0714996 0.0742516 0.0742433 0.0719561 0.0679434 0.0627228 0.0567399 0.0503535 0.0438329 0.0373719 0.0311152 0.0251842 0.0196978 0.0147797 0.0105502 0.00710112 0.00446616
 0.00788597 0.0128822 0.0195199 0.027773 0.0373756 0.0476653 0.0575555 0.065806 0.0714715 0.0741977 0.0741767 0.0718942 0.0679012 0.0627074 0.0567495 0.0503802 0.0438668 0.0374045 0.0311402 0.0251971 0.0196951 0.0147601 0.0105156 0.00705743 0.00442144
 0.00790535 0.0129101 0.0195552 0.0278123 0.0374141 0.0476977 0.0575773 0.0658137 0.0714624 0.0741701 0.074132 0.071838 0.0678432 0.0626593 0.0567208 0.0503747 0.0438816 0.037432 0.031171 0.0252227 0.0197096 0.0147608 0.0105033 0.00703612 0.00439674
 0.00790514 0.012909 0.019552 0.0278053 0.0374013 0.0476773 0.0575485 0.0657771 0.0714204 0.0741266 0.0740917 0.0718048 0.0678204 0.0626493 0.0567257 0.050396 0.0439187 0.0374815 0.0312262 0.0252755 0.0197527 0.0147897 0.0105172 0.00703757 0.00439042
 0.00789462 0.0128912 0.0195241 0.0277643 0.0373452 0.0476064 0.0574665 0.0656908 0.0713387 0.0740581 0.074043 0.0717797 0.0678198 0.0626719 0.0567685 0.0504552 0.0439903 0.0375609 0.0313079 0.0253532 0.01982 0.0148418 0.0105523 0.00705722 0.00439851
 0.00786888 0.0128473 0.0194545 0.0276614 0.0372037 0.047427 0.0572591 0.0654746 0.0711384 0.073898 0.0739409 0.0717446 0.0678508 0.0627607 0.0569019 0.0506179 0.0441677 0.0377403 0.0314789 0.0255072 0.0199506 0.0149449 0.0106272 0.00710647 0.00442734
 0.00787295 0.0128486 0.0194464 0.0276342 0.0371464 0.0473311 0.0571221 0.0653025 0.0709452 0.0737041 0.0737694 0.0716169 0.0677826 0.0627586 0.0569628 0.0507306 0.0443164 0.0379076 0.0316488 0.0256666 0.0200896 0.0150576 0.0107116 0.00716424 0.00446315
 0.00786523 0.0128362 0.0194279 0.0276074 0.0371084 0.0472775 0.0570476 0.0652027 0.0708194 0.0735578 0.0736152 0.0714735 0.0676703 0.0626946 0.0569571 0.050784 0.0444205 0.0380476 0.0318069 0.0258253 0.0202347 0.0151793 0.0108052 0.00723024 0.00450544
 0.00783367 0.0127837 0.019347 0.0274915 0.0369537 0.0470869 0.0568326 0.0649827 0.0706164 0.0733899 0.0734935 0.0714014 0.0676481 0.0627217 0.0570332 0.0509076 0.044586 0.0382445 0.0320199 0.0260369 0.0204284 0.0153429 0.0109325 0.007321 0.00456452
 0.00780636 0.0127385 0.0192773 0.0273908 0.0368166 0.0469118 0.0566242 0.0647533 0.0703854 0.0731803 0.0733269 0.071294 0.0676074 0.062747 0.0571179 0.0510422 0.0447605 0.0384476 0.0322385 0.026256 0.0206325 0.0155187 0.011072 0.00742242 0.00463171
 0.00776377 0.0126669 0.0191658 0.0272281 0.0365951 0.0466319 0.0562983 0.0644067 0.0700512 0.0728924 0.0731131 0.0711723 0.0675853 0.0628219 0.0572785 0.0512709 0.0450366 0.03875 0.0325473 0.0265529 0.0209013 0.0157467 0.0112516 0.00755295 0.00471852
 0.00772606 0.0126076 0.01908 0.0271121 0.0364459 0.0464477 0.0560801 0.0641599 0.0697881 0.0726321 0.0728797 0.0709913 0.0674781 0.0628016 0.0573477 0.051422 0.0452537 0.0390123 0.0328316 0.0268366 0.0211643 0.0159736 0.011433 0.00768651 0.00480846
 0.00933927 0.0148648 0.021802 0.0299072 0.0388242 0.0480025 0.056632 0.0637824 0.0687218 0.0711614 0.0712437 0.069354 0.0659389 0.0614177 0.0561505 0.0504253 0.0444568 0.0384026 0.0323876 0.0265312 0.0209681 0.0158577 0.0113716 0.00765847 0.00479836
 0.00931116 0.0151187 0.0227122 0.0319386 0.0423298 0.0529502 0.0624308 0.0693796 0.072978 0.0733 0.0711073 0.0673437 0.0627367 0.0576948 0.0524024 0.0469461 0.0413888 0.0357968 0.0302465 0.0248309 0.0196687 0.0149082 0.0107134 0.00722923 0.00453738
 0.00896307 0.0145686 0.0219362 0.0309832 0.0413679 0.0523198 0.0625963 0.0707669 0.075722 0.077056 0.0750922 0.0706346 0.0646572 0.0580496 0.0514477 0.0451737 0.0392931 0.0337393 0.0284314 0.0233417 0.0185154 0.0140622 0.0101272 0.00684803 0.00430645
 0.00878235 0.0142685 0.0214734 0.0303158 0.0404715 0.0512175 0.0613986 0.0697017 0.0751192 0.0772583 0.0763009 0.0727608 0.0672854 0.0605715 0.0533096 0.04609 0.0393041 0.0331119 0.0274964 0.0223691 0.0176671 0.0134033 0.00965967 0.00654199 0.00412147
 0.00869664 0.0141206 0.0212344 0.0299524 0.0399518 0.0505221 0.0605357 0.0687213 0.0741264 0.0764183 0.0758253 0.0728565 0.068065 0.0619663 0.0550484 0.0477841 0.0406027 0.0338356 0.0276719 0.0221639 0.0172847 0.0130031 0.00932954 0.00630842 0.00397494
 0.00867777 0.0140866 0.0211762 0.0298572 0.0398026 0.0502988 0.0602183 0.0682961 0.0735949 0.0758101 0.0752103 0.072349 0.0678069 0.0620824 0.055584 0.0486587 0.0416204 0.0347584 0.0283189 0.0224749 0.0173152 0.0128684 0.00914148 0.0061392 0.00385331
 0.00869604 0.0141113 0.0212039 0.0298806 0.0398113 0.0502805 0.0601597 0.0681831 0.0734139 0.0755515 0.0748759 0.0719631 0.0674254 0.0617899 0.0554731 0.0487907 0.0419869 0.0352711 0.0288416 0.0228831 0.0175467 0.0129343 0.00909957 0.00605477 0.0037719
 0.00868351 0.014097 0.0211932 0.0298813 0.0398302 0.0503189 0.0602093 0.0682268 0.0734295 0.075518 0.0747789 0.0717988 0.0672047 0.0615435 0.0552512 0.0486535 0.0419819 0.0354079 0.0290805 0.02315 0.0177678 0.0130681 0.00914627 0.00604303 0.0037361
 0.00865697 0.0140559 0.0211355 0.0298078 0.0397455 0.0502322 0.060134 0.0681768 0.0734136 0.075534 0.0748122 0.0718268 0.0672058 0.061507 0.0551838 0.0485805 0.0419393 0.0354268 0.0291706 0.0232924 0.0179232 0.013197 0.00922704 0.00607678 0.00373847
 0.00862917 0.0140118 0.0210715 0.0297216 0.0396373 0.0501059 0.0599986 0.0680469 0.0733066 0.0754663 0.0747931 0.0718545 0.0672676 0.0615825 0.0552539 0.0486355 0.0419835 0.0354752 0.0292391 0.0233862 0.0180323 0.0133016 0.00930897 0.00612794 0.00376237
 0.00863357 0.0140144 0.0210669 0.0297021 0.0395949 0.0500356 0.0599016 0.0679308 0.0731849 0.0753543 0.0747056 0.071803 0.0672568 0.0616095 0.0553086 0.048704 0.0420544 0.0355438 0.0293078 0.0234593 0.01811 0.0133778 0.00937423 0.00617534 0.00379079
 0.00863236 0.0140176 0.0210808 0.0297343 0.0396507 0.0501131 0.0599885 0.0680066 0.0732277 0.0753502 0.0746541 0.0717161 0.067154 0.0615107 0.0552279 0.0486477 0.0420215 0.03553 0.0293088 0.0234724 0.0181332 0.0134073 0.00940459 0.00620105 0.0038087
 0.00861328 0.013987 0.0210362 0.0296748 0.0395793 0.0500376 0.0599216 0.0679627 0.0732167 0.0753713 0.0746956 0.071761 0.0671885 0.0615297 0.0552353 0.0486523 0.0420313 0.035549 0.029337 0.0235072 0.0181713 0.0134452 0.00943884 0.00622881 0.00382853
 0.00862859 0.0140075 0.0210588 0.0296939 0.0395878 0.0500298 0.0598957 0.0679221 0.0731695 0.0753284 0.0746665 0.0717498 0.0671922 0.0615401 0.0552441 0.0486551 0.0420293 0.0355469 0.0293392 0.0235163 0.0181867 0.0134645 0.00945879 0.0062465 0.00384214
 0.00861756 0.0139933 0.021044 0.0296827 0.0395838 0.0500336 0.0599033 0.0679258 0.073162 0.0753068 0.0746345 0.0717162 0.067167 0.0615294 0.0552481 0.0486691 0.0420474 0.035565 0.0293564 0.0235333 0.0182046 0.0134831 0.00947672 0.0062621 0.00385419
 0.00861756 0.0139933 0.021044 0.0296827 0.0395838 0.0500336 0.0599033 0.0679258 0.073162 0.0753068 0.0746345 0.0717162 0.067167 0.0615294 0.0552481 0.0486691 0.0420474 0.035565 0.0293564 0.0235333 0.0182046 0.0134831 0.00947672 0.0062621 0.00385419
 0.00912659 0.0147953 0.0221997 0.0312213 0.0414857 0.05221 0.0621813 0.0700596 0.0748807 0.0763849 0.0749499 0.0712718 0.0660737 0.0599665 0.0534181 0.0467595 0.0402068 0.0338951 0.0279159 0.0223474 0.0172735 0.012789 0.0089887 0.0059409 0.00365786
 0.00933891 0.0151864 0.0228705 0.0322873 0.0430411 0.0542736 0.0646505 0.0727031 0.0773837 0.0784259 0.0762738 0.0717361 0.0656626 0.0587808 0.051645 0.0446306 0.0379536 0.0317139 0.0259489 0.0206788 0.0159369 0.0117787 0.00827077 0.00546418 0.00336417
#pred catch len freq
 0.00351043 0.00559674 0.00825266 0.0114626 0.0152428 0.0196176 0.024555 0.0299251 0.0355154 0.0410737 0.0463478 0.0511204 0.0552378 0.0586152 0.0612135 0.0630046 0.0639482 0.0639801 0.0629965 0.0608258 0.0572204 0.0519321 0.0448998 0.0364656 0.0274405
 0.00380723 0.00601439 0.00876566 0.0120185 0.0157919 0.020152 0.025125 0.0306119 0.0363661 0.0420363 0.0472534 0.0517302 0.0553355 0.0580993 0.0601477 0.0616052 0.0625139 0.0627888 0.0622096 0.0604423 0.0571033 0.051893 0.0447945 0.0362468 0.0271474
 0.00394124 0.00625692 0.00917202 0.0126444 0.0166683 0.0212551 0.0263638 0.0318544 0.0374974 0.0430072 0.0480749 0.0524123 0.0558204 0.0582528 0.0598249 0.0607487 0.0612139 0.0612635 0.0607156 0.0591695 0.0561154 0.0511419 0.0441881 0.0357175 0.02668
 0.00411739 0.0065283 0.00955748 0.0131645 0.0173564 0.0221641 0.0275534 0.0333534 0.0392566 0.0448786 0.0498428 0.0538649 0.0568132 0.0587194 0.0597429 0.0601102 0.0600391 0.0596408 0.0588168 0.0572106 0.0542865 0.0495559 0.0428782 0.0346721 0.0258763
 0.00435881 0.0069027 0.0100877 0.0138613 0.0182207 0.0231916 0.0287398 0.0346989 0.0407647 0.0465413 0.0516098 0.0556153 0.0583572 0.0598414 0.0602631 0.0599288 0.0591465 0.0581098 0.0567933 0.0548991 0.0519173 0.0473379 0.0409605 0.0331303 0.0247222
 0.00462765 0.00732579 0.0106994 0.0146866 0.0192744 0.0244752 0.0302349 0.0363616 0.042528 0.0483267 0.0533404 0.0572192 0.0597558 0.0609319 0.0609125 0.0599952 0.0585221 0.056764 0.0547976 0.052425 0.0492081 0.0446607 0.0385506 0.031147 0.0232296
 0.00488768 0.00773896 0.011305 0.0155192 0.0203632 0.0258399 0.0318761 0.038248 0.0445883 0.0504506 0.0553912 0.0590561 0.0612558 0.0620008 0.0614779 0.0599906 0.0578814 0.0554412 0.0528052 0.0498699 0.046299 0.0416767 0.0357784 0.0288117 0.0214473
 0.00517202 0.00818355 0.0119431 0.0163757 0.021457 0.0271865 0.0334824 0.0401012 0.0466432 0.0526213 0.0575523 0.0610538 0.062931 0.0632134 0.0621242 0.0600051 0.0572274 0.0541053 0.0508095 0.0473006 0.043332 0.0385725 0.0328335 0.0262837 0.0194896
 0.00544477 0.00861897 0.0125846 0.0172613 0.0226166 0.0286355 0.0352126 0.0420729 0.0487842 0.0548324 0.0597143 0.0630344 0.0645927 0.0644251 0.0627747 0.0600138 0.0565494 0.052732 0.0487742 0.0446948 0.0403242 0.0354096 0.0298058 0.023657 0.0174342
 0.00573211 0.00906972 0.0132347 0.018139 0.0237456 0.0300351 0.0368907 0.0440118 0.0509263 0.0570747 0.0619157 0.0650357 0.0662414 0.0655943 0.063371 0.0599756 0.0558431 0.0513533 0.046757 0.0421278 0.0373687 0.0323001 0.0268198 0.021053 0.0153839
 0.00603968 0.0095493 0.0139197 0.0190505 0.0248943 0.0314226 0.0385065 0.0458261 0.0528854 0.0590983 0.0638983 0.0668517 0.0677557 0.0666795 0.0639241 0.0599278 0.0551616 0.0500389 0.044847 0.0397084 0.0345897 0.0293776 0.0240097 0.0185956 0.013442
 0.00632501 0.010001 0.0145779 0.019947 0.0260502 0.0328437 0.040174 0.047689 0.0548594 0.0610748 0.0657572 0.0684746 0.0690366 0.0675307 0.064279 0.0597415 0.0544114 0.0487276 0.0430099 0.0374252 0.0319969 0.0266696 0.0214156 0.0163305 0.0116516
 0.00663092 0.0104815 0.015271 0.0208809 0.0272427 0.0343005 0.0418799 0.0495967 0.0568821 0.0630893 0.0676178 0.0700356 0.0701764 0.0681686 0.0643786 0.0593016 0.053453 0.0472853 0.0411346 0.0351963 0.0295368 0.0241472 0.019028 0.0142614 0.0100234
 0.00700473 0.0110592 0.0160859 0.0219481 0.0285627 0.035863 0.0436601 0.0515455 0.0589172 0.0650931 0.0694466 0.0715378 0.0712178 0.0686558 0.0642728 0.0586174 0.0522447 0.0456296 0.0391193 0.0329219 0.0271257 0.0217491 0.0168074 0.0123665 0.00854808
 0.00722072 0.0114154 0.0166314 0.0227321 0.0296251 0.037219 0.0452849 0.0533672 0.0608255 0.0669573 0.0711334 0.0729235 0.0721965 0.0691483 0.064235 0.0580465 0.0511782 0.0441376 0.0372952 0.0308754 0.0249816 0.0196456 0.0148849 0.0107439 0.00729549
 0.00725809 0.0114935 0.0167838 0.0230078 0.030086 0.0379299 0.0462964 0.0546943 0.0624271 0.0687266 0.072908 0.074517 0.0734397 0.0699216 0.0644807 0.0577632 0.0504072 0.0429504 0.035785 0.0291521 0.0231682 0.0178717 0.0132744 0.0093952 0.00626216
 0.00730316 0.0115465 0.0168282 0.0230217 0.0300563 0.0378718 0.0462669 0.0547874 0.0627472 0.069349 0.0738428 0.0756928 0.0747136 0.0711134 0.0654179 0.0583194 0.0505218 0.0426279 0.0350819 0.0281613 0.0220051 0.0166612 0.012135 0.008421 0.00550685
 0.00744833 0.0117627 0.017115 0.0233611 0.0304122 0.0381945 0.0465033 0.054899 0.0627336 0.0692637 0.0737854 0.0757721 0.0749969 0.0715903 0.0659977 0.058863 0.0508894 0.0427212 0.0348656 0.0276633 0.021302 0.0158566 0.011336 0.00771635 0.00495065
 0.00760378 0.0120074 0.0174681 0.0238334 0.031003 0.038885 0.0472493 0.0556282 0.063354 0.0696865 0.0739559 0.0756947 0.0747389 0.0712562 0.0656832 0.0586132 0.0506852 0.0424986 0.0345555 0.0272267 0.0207469 0.0152329 0.0107148 0.00716505 0.00451351
 0.00766525 0.0121011 0.0175984 0.0240033 0.0312164 0.0391503 0.0475773 0.0560245 0.0638067 0.0701569 0.07438 0.0760008 0.074875 0.071213 0.0654989 0.0583528 0.0504073 0.0422287 0.0342824 0.0269219 0.0203918 0.0148354 0.0103084 0.00679294 0.00421042
 0.00770501 0.0121547 0.0176586 0.0240569 0.0312487 0.0391519 0.0475517 0.0559906 0.0637956 0.0702023 0.0745045 0.0762021 0.0751218 0.0714541 0.0656841 0.0584536 0.0504234 0.0421778 0.0341827 0.0267815 0.0202118 0.014621 0.0100764 0.00656929 0.00401999
 0.0075343 0.0119128 0.01736 0.0237357 0.0309475 0.038904 0.0473694 0.0558671 0.0637188 0.0701707 0.074533 0.0763152 0.0753363 0.0717642 0.0660567 0.0588378 0.0507683 0.0424483 0.0343641 0.0268755 0.0202287 0.0145764 0.0099904 0.00646508 0.0039195
 0.00745364 0.0117712 0.0171297 0.0233898 0.0304724 0.0383161 0.0467242 0.0552518 0.0632253 0.0698645 0.0744371 0.0764159 0.0756025 0.0721618 0.0665511 0.0593889 0.0513282 0.0429672 0.0348011 0.0272067 0.0204499 0.0146994 0.0100372 0.00646227 0.0038921
 0.00741468 0.0117091 0.0170367 0.023255 0.0302786 0.0380394 0.0463411 0.0547541 0.0626399 0.0692616 0.0739178 0.0760788 0.075508 0.0723148 0.0669089 0.059884 0.0518891 0.04353 0.0353143 0.027634 0.0207727 0.0149174 0.0101651 0.00652332 0.00391141
 0.00738633 0.0116606 0.016959 0.0231379 0.030112 0.0378154 0.0460554 0.0544063 0.062234 0.0688101 0.0734499 0.0756474 0.0751843 0.0721684 0.066981 0.0601699 0.0523402 0.0440718 0.0358693 0.0281389 0.0211871 0.0152249 0.0103705 0.00664514 0.00397414
 0.00749247 0.0118047 0.0171229 0.023286 0.0301999 0.0378044 0.0459246 0.0541579 0.0618887 0.0683994 0.0730092 0.0752128 0.0747937 0.0718629 0.0668017 0.0601472 0.0524808 0.0443511 0.0362363 0.0285314 0.0215494 0.0155203 0.0105849 0.00678383 0.00405361
 0.00756152 0.0119197 0.0172992 0.0235338 0.0305156 0.0381596 0.046262 0.0544001 0.0619633 0.0682674 0.0726807 0.0747414 0.0742562 0.0713368 0.0663511 0.0598177 0.0522973 0.0443162 0.0363286 0.0287102 0.0217649 0.0157278 0.0107548 0.00690477 0.00412909
 0.00753688 0.0118969 0.0172978 0.0235856 0.0306594 0.0384299 0.0466739 0.0549348 0.0625594 0.0688256 0.0730865 0.0749017 0.074133 0.0709609 0.0658079 0.0592155 0.0517353 0.0438635 0.0360168 0.0285364 0.0217012 0.0157345 0.0107938 0.0069487 0.00416379
 0.00744501 0.0117529 0.0170927 0.0233187 0.0303438 0.0380982 0.0463802 0.0547481 0.0625441 0.069015 0.0734618 0.0753894 0.0746252 0.071352 0.0660316 0.0592635 0.0516514 0.0437178 0.0358759 0.0284427 0.0216671 0.0157491 0.0108352 0.00699575 0.00420307
