SBPRF35
7.78865
Curr Bio
546669
B35
725661
F35
0.208753
FOFL
0.138217
OFL
54423.6
Bzero
2.22533e+06
#pred survey bio
 4.50695e+06 4.29235e+06 4.07049e+06 3.79777e+06 3.48743e+06 3.17135e+06 2.84782e+06 2.55381e+06 2.26824e+06 1.99732e+06 1.76537e+06 1.56015e+06 1.38383e+06 1.20425e+06 1.07256e+06 950055 873272 818755 754756 712069 688481 673790 669138 658066 654586 648691 651332 637309 635040 636434 633305 644454 644736 635315 621052 601583 591899 578238 578624 586361 599797 601135 603076 617667 621431 635288 637261 647888 659611 663778 671827 603229 552965 1.74372e+07 1.04938e+07 1.08277e+07 1.16272e+07 1.26615e+07 1.37138e+07 1.46548e+07 1.5432e+07 1.60415e+07 1.6503e+07 1.68445e+07 1.70935e+07 1.72734e+07 1.74029e+07 1.74961e+07 1.75633e+07 1.76119e+07 1.76473e+07 1.76731e+07 1.76922e+07 1.77063e+07 1.77169e+07 1.77248e+07 1.77307e+07 1.77352e+07 1.77386e+07 1.77412e+07 1.77432e+07 1.77447e+07 1.77458e+07 1.77467e+07 1.77474e+07 1.77479e+07 1.77483e+07 1.77487e+07 1.77489e+07 1.77491e+07 1.77492e+07 1.77493e+07 1.77494e+07 1.77495e+07 1.77495e+07 1.77496e+07 1.77496e+07 1.77496e+07 1.77497e+07 1.77497e+07 1.77497e+07 1.77497e+07 1.77497e+07 1.77497e+07 1.77497e+07 1.77497e+07 1.77497e+07 1.77497e+07 1.77497e+07 1.77497e+07 1.77497e+07 1.77497e+07 1.77497e+07 1.77497e+07 1.77497e+07 1.77497e+07 1.77497e+07 1.77497e+07 1.77497e+07 1.77497e+07 1.77497e+07 1.77497e+07 1.77497e+07 1.77497e+07 1.77497e+07 1.77497e+07 1.77497e+07 1.77497e+07 1.77497e+07 1.77497e+07 1.77497e+07 1.77497e+07 1.77497e+07 1.77497e+07 1.77497e+07 1.77497e+07 1.77497e+07 1.77497e+07 1.77497e+07 1.77497e+07 1.77497e+07 1.77497e+07 1.77497e+07 1.77497e+07 1.77497e+07 1.77497e+07 1.77497e+07 1.77497e+07 1.77497e+07 1.77497e+07 1.77497e+07 1.77497e+07 1.77497e+07 0 0 0 0 0 0 0 0 0 0 0 0 0 0 0 0 0 0 0 0 0 0 0 0 0
#obs survey bio
 3.16068e+06 2.53478e+06 2.83182e+06 2.66437e+06 3.85922e+06 2.52388e+06 1.93258e+06 2.33821e+06 1.34686e+06 2.01747e+06 1.27858e+06 1.20876e+06 1.25118e+06 1.01906e+06 831419 893287 923392 797454 573364 589356 494691 443013 825212 541761 559097 742141 792576 519729 642457 550951 474478 722748 504576 606636 537052 528942 772201 695853 584309 786396 511438 479405 476588 474209 584468 514764 450046 651149 489609 1.06143e+06 872921 628313 639551
#pred catch bio
 92498.4 94194.6 146545 198290 228595 264950 268792 289843 301952 287634 279626 265580 275415 237691 231195 190821 169578 173972 152126 133503 124324 114299 117284 108358 108221 99749.1 112959 102259 98674.4 101407 88146.2 95462 100325 99769.6 99119.4 88578.8 93458.4 84523 81172 78654.4 90594.1 91866.4 84130.7 95945.4 89233 100245 93637.4 93374.8 98928.8 93530.1 153449 131751 128813 54423.6 79574.9 80904.8 85704.9 92876.6 100400 107083 112487 116597 119591 121704 123160 124144 124801 125233 125516 125699 125817 125893 125942 125972 125992 126005 126012 126017 126021 126023 126024 126025 126025 126025 126026 126026 126026 126026 126026 126026 126026 126026 126026 126026 126026 126026 126026 126026 126026 126026 126026 126026 126026 126026 126026 126026 126026 126026 126026 126026 126026 126026 126026 126026 126026 126026 126026 126026 126026 126026 126026 126026 126026 126026 126026 126026 126026 126026 126026 126026 126026 126026 126026 126026 126026 126026 126026 126026 126026 126026 126026 126026 126026 126026 126026 126026 126026 126026 126026 126026 126026 126026 126026 0 0 0 0 0 0 0 0 0 0 0 0 0 0 0 0 0 0 0 0 0 0 0 0 0
#obs catch bio
 0 94031.4 147302 200151 230939 269286 274154 296766 311663 296678 289533 274663 286590 246297 241439 198771 174148 178856 156023 137156 127433 117406 119596 110285 110186 100444 114775 104068 100294 103397 89464.1 96673.8 101839 101079 100363 89175.3 94221 84528.4 81098.2 78497.9 90698.6 92139 84558.5 97102.3 90052.5 101336 94484.7 94159.3 100306 93368.2 154288 131474 128920
#pred cpue bio
 4.43208e+06 4.22287e+06 4.00575e+06 3.73512e+06 3.42605e+06 3.11131e+06 2.78924e+06 2.49654e+06 2.21262e+06 1.94367e+06 1.7137e+06 1.51051e+06 1.33615e+06 1.15919e+06 1.02937e+06 909097 834177 781465 719537 678142 655370 641277 637122 626965 624045 618698 621384 607675 605425 606985 604276 615549 616441 607970 595007 576909 567252 552793 552216 559458 572506 573644 575047 588616 591917 605309 607292 617592 629095 633643 642217 575949 527107 1.66176e+07 1.00138e+07 1.02406e+07 1.09118e+07 1.18963e+07 1.29355e+07 1.38736e+07 1.46502e+07 1.52596e+07 1.57211e+07 1.60626e+07 1.63116e+07 1.64915e+07 1.6621e+07 1.67142e+07 1.67813e+07 1.68299e+07 1.68653e+07 1.68912e+07 1.69103e+07 1.69244e+07 1.69349e+07 1.69428e+07 1.69488e+07 1.69533e+07 1.69567e+07 1.69593e+07 1.69612e+07 1.69627e+07 1.69639e+07 1.69648e+07 1.69655e+07 1.6966e+07 1.69664e+07 1.69667e+07 1.6967e+07 1.69671e+07 1.69673e+07 1.69674e+07 1.69675e+07 1.69676e+07 1.69676e+07 1.69676e+07 1.69677e+07 1.69677e+07 1.69677e+07 1.69677e+07 1.69677e+07 1.69678e+07 1.69678e+07 1.69678e+07 1.69678e+07 1.69678e+07 1.69678e+07 1.69678e+07 1.69678e+07 1.69678e+07 1.69678e+07 1.69678e+07 1.69678e+07 1.69678e+07 1.69678e+07 1.69678e+07 1.69678e+07 1.69678e+07 1.69678e+07 1.69678e+07 1.69678e+07 1.69678e+07 1.69678e+07 1.69678e+07 1.69678e+07 1.69678e+07 1.69678e+07 1.69678e+07 1.69678e+07 1.69678e+07 1.69678e+07 1.69678e+07 1.69678e+07 1.69678e+07 1.69678e+07 1.69678e+07 1.69678e+07 1.69678e+07 1.69678e+07 1.69678e+07 1.69678e+07 1.69678e+07 1.69678e+07 1.69678e+07 1.69678e+07 1.69678e+07 1.69678e+07 1.69678e+07 1.69678e+07 1.69678e+07 1.69678e+07 1.69678e+07 1.69678e+07 0 0 0 0 0 0 0 0 0 0 0 0 0 0 0 0 0 0 0 0 0 0 0 0 0
#obs cpue bio
 4.21135e+06 3.65148e+06 2.79538e+06 2.73185e+06 2.67545e+06 2.2714e+06 2.04654e+06 2.21498e+06 1.74431e+06 1.49276e+06 1.38664e+06 1.43591e+06 962847 835062 639329 438044 1.03037e+06 662003 608323 409320 686716 459895 757196 537129 595335 832354 298942 388995 485248 495991 579359 704416 567432 598948 650133 721718 449417 733934 610335 412711 608656 584838 431842 526718 495788 772287 693996 562193 525912 883941 588514 619513 447569
#pred surv len freq
 0.00505367 0.00823198 0.0124381 0.0176637 0.0237821 0.0304602 0.0371336 0.0431492 0.0480135 0.0515591 0.0539173 0.0553681 0.056199 0.0566261 0.0567612 0.0566027 0.0560534 0.0549567 0.0531324 0.0503934 0.0465591 0.0415059 0.0352791 0.028213 0.0209476
 0.00525524 0.00844879 0.0125656 0.0175524 0.0232974 0.0295651 0.0359431 0.0419057 0.046985 0.0509151 0.0536593 0.0553514 0.0562231 0.0565405 0.0565351 0.056336 0.0559286 0.055154 0.053742 0.051367 0.0477255 0.0426437 0.0362067 0.0288473 0.0213063
 0.00562427 0.0090223 0.013371 0.0185754 0.0244606 0.0307131 0.0368541 0.0423504 0.0468233 0.0501778 0.0525471 0.0541367 0.0551172 0.0556152 0.0557454 0.0556124 0.0552636 0.0546242 0.0534586 0.0513952 0.0480315 0.0431038 0.0366684 0.0291986 0.0215097
 0.00588276 0.00945865 0.0140565 0.0195829 0.0258429 0.0324675 0.0388846 0.0444508 0.0487016 0.051526 0.0531369 0.0538998 0.0541656 0.0541839 0.054088 0.0539161 0.0536323 0.0531191 0.0521412 0.0503304 0.0472544 0.0425919 0.0363493 0.0289881 0.0213488
 0.00617015 0.00991298 0.0147185 0.020488 0.0270218 0.0339439 0.040662 0.0464902 0.0508976 0.0536926 0.0550186 0.0552191 0.0547008 0.053845 0.0529477 0.052176 0.0515451 0.0509173 0.0500051 0.0483894 0.0455942 0.041253 0.0353263 0.028241 0.0208236
 0.00649536 0.0104277 0.015467 0.0215021 0.0283162 0.0355098 0.0424611 0.0484559 0.0529445 0.0557258 0.0569291 0.0568674 0.055909 0.0544212 0.0527439 0.0511503 0.0497906 0.0486381 0.0474576 0.0458224 0.0432097 0.0391899 0.0336571 0.0269776 0.0199306
 0.00681741 0.0109466 0.0162389 0.0225752 0.0297207 0.0372432 0.0444733 0.0506464 0.0551797 0.0578685 0.058862 0.0584976 0.0571521 0.0551803 0.0529045 0.0506045 0.0484859 0.0466228 0.0448942 0.0429587 0.0403229 0.0365286 0.0313998 0.0252135 0.0186625
 0.00712572 0.011438 0.0169607 0.0235667 0.0310081 0.0388312 0.0463332 0.0527087 0.0573381 0.0599949 0.060826 0.0601819 0.0584605 0.0560344 0.0532325 0.0503329 0.0475496 0.0449977 0.0426386 0.0402354 0.037383 0.0336585 0.0288533 0.0231574 0.0171529
 0.00742356 0.0119193 0.0176796 0.0245709 0.0323294 0.0404714 0.0482499 0.0548119 0.0595047 0.0620929 0.0627348 0.0618008 0.0597075 0.056842 0.053543 0.0500938 0.0467132 0.0435348 0.0405677 0.0376567 0.0344929 0.0307253 0.0261559 0.0209124 0.0154654
 0.00772831 0.0124078 0.018402 0.0255699 0.0336336 0.0420834 0.0501334 0.0568852 0.0616485 0.0641706 0.0646145 0.0633713 0.060885 0.0575691 0.0537809 0.0498129 0.0458871 0.0421453 0.038625 0.0352304 0.0317363 0.0278707 0.0234701 0.0186264 0.0137125
 0.00804711 0.0129098 0.0191274 0.0265463 0.0348724 0.0435752 0.0518405 0.0587379 0.0635507 0.0660139 0.0662921 0.0647873 0.0619596 0.0582405 0.0540055 0.0495616 0.0451408 0.0408945 0.0368812 0.0330488 0.0292401 0.0252554 0.0209732 0.0164672 0.0120308
 0.00835061 0.0133961 0.0198454 0.0275347 0.0361508 0.0451309 0.0536164 0.0606322 0.0654349 0.0677605 0.067798 0.0659811 0.062796 0.0586911 0.0540511 0.0491881 0.044338 0.0396588 0.0352259 0.0310218 0.0269444 0.0228557 0.0186744 0.0144654 0.0104578
 0.0085943 0.0137916 0.0204393 0.0283697 0.037257 0.0465125 0.0552368 0.0624082 0.0672463 0.0694726 0.0692857 0.067147 0.0635789 0.0590645 0.054014 0.0487524 0.0435181 0.0384692 0.033688 0.0291807 0.0248874 0.0207199 0.0166318 0.0126831 0.00905091
 0.00898781 0.0144041 0.0213102 0.0295174 0.0386767 0.0481729 0.0570746 0.0643254 0.0691186 0.0711674 0.0706824 0.0681525 0.0641353 0.0591519 0.0536466 0.047969 0.0423686 0.0370041 0.031957 0.0272426 0.0228251 0.0186505 0.0146964 0.0110172 0.00774557
 0.00917931 0.0147273 0.0218179 0.0302633 0.0397009 0.0494807 0.0586183 0.0660031 0.0707958 0.0727093 0.0719794 0.069128 0.064742 0.0593651 0.0534615 0.0474003 0.0414488 0.0357792 0.0304831 0.0255865 0.0210708 0.0169024 0.0130725 0.00962606 0.00665829
 0.00925457 0.0148733 0.0220817 0.030705 0.0403812 0.0504398 0.059854 0.0674592 0.0723667 0.0742586 0.0733653 0.0702277 0.0654703 0.0596814 0.0533656 0.0469201 0.0406288 0.0346734 0.0291529 0.0241028 0.0195168 0.0153743 0.0116707 0.00843817 0.00573761
 0.00931148 0.014944 0.0221507 0.0307513 0.040394 0.0504379 0.0598963 0.0676339 0.0727586 0.0749094 0.0742481 0.071249 0.0664957 0.0605721 0.0540091 0.0472471 0.0406155 0.0343343 0.0285307 0.0232618 0.018538 0.0143501 0.0106955 0.0075927 0.00507291
 0.00939583 0.0150671 0.0223087 0.0309289 0.0405654 0.0505722 0.0599668 0.0676316 0.0727057 0.0748645 0.0742921 0.0714528 0.0668844 0.061106 0.0545934 0.0477635 0.0409585 0.0344367 0.0283733 0.0228696 0.0179703 0.0136877 0.0100253 0.00699053 0.00458921
 0.00959555 0.0153784 0.0227508 0.0315069 0.0412648 0.051353 0.0607599 0.0683444 0.0732419 0.0751541 0.0743174 0.0712571 0.0665561 0.0607444 0.0542708 0.0475013 0.0407274 0.0341797 0.0280365 0.0224269 0.0174328 0.0130988 0.00944487 0.00647621 0.00417981
 0.00968066 0.015514 0.0229497 0.0317793 0.0416166 0.0517821 0.0612517 0.0688675 0.0737485 0.075586 0.0746182 0.0713874 0.0665084 0.0605483 0.0539833 0.0471842 0.0404221 0.0338938 0.0277495 0.02211 0.0170712 0.0127025 0.00904582 0.00611389 0.00388544
 0.00974211 0.0155974 0.0230453 0.0318697 0.041684 0.051819 0.0612682 0.06889 0.0738083 0.0757041 0.0747939 0.0715961 0.0667096 0.0607015 0.0540633 0.0471886 0.0403667 0.0337987 0.0276259 0.0219573 0.0168847 0.0124849 0.00881312 0.00589106 0.00369632
 0.00963155 0.015446 0.0228692 0.0316993 0.0415529 0.0517486 0.0612571 0.0689181 0.0738527 0.0757559 0.0748634 0.0717032 0.0668667 0.0609012 0.0542791 0.0473869 0.0405206 0.0338951 0.0276642 0.0219425 0.0168235 0.0123863 0.00869093 0.00576349 0.0035814
 0.00948883 0.0152171 0.0225329 0.0312439 0.0409857 0.0511057 0.060608 0.0683543 0.0734612 0.0755894 0.0749264 0.071961 0.0672678 0.0613951 0.0548215 0.047937 0.0410392 0.0343484 0.0280288 0.0222089 0.0169946 0.0124747 0.00871585 0.00574752 0.00354635
 0.0095188 0.0152465 0.022541 0.0311984 0.0408502 0.050853 0.0602332 0.0678839 0.0729515 0.0751159 0.0745652 0.0717683 0.0672651 0.0615671 0.0551271 0.0483239 0.0414567 0.0347526 0.0283857 0.0224958 0.0172018 0.0126053 0.00878252 0.00576886 0.00354159
 0.00947017 0.0151753 0.0224472 0.0310846 0.040717 0.050694 0.0600339 0.067627 0.0726292 0.0747423 0.0741817 0.0714367 0.0670495 0.0615134 0.0552482 0.048598 0.0418363 0.0351798 0.0288061 0.0228673 0.0174992 0.0128199 0.00892058 0.00584587 0.0035769
 0.00961243 0.0153681 0.022667 0.0312866 0.0408494 0.0507184 0.0599406 0.0674342 0.0723682 0.074441 0.0738579 0.071105 0.0667324 0.0612461 0.0550706 0.0485397 0.0419033 0.0353515 0.0290424 0.0231222 0.017733 0.0130076 0.00905334 0.0059282 0.00362088
 0.00964163 0.0154222 0.0227585 0.0314262 0.0410366 0.0509315 0.0601335 0.0675468 0.0723503 0.0742761 0.0735711 0.0707498 0.0663681 0.0609204 0.054816 0.0483768 0.0418427 0.035391 0.0291642 0.0232949 0.0179202 0.0131778 0.0091871 0.00602018 0.00367622
 0.00965796 0.0154659 0.0228558 0.0316112 0.0413414 0.0513706 0.0606879 0.0681582 0.0729294 0.0747231 0.0738032 0.0707248 0.0660963 0.060459 0.0542494 0.0477921 0.0413114 0.0349597 0.0288527 0.0230989 0.0178178 0.0131386 0.00918208 0.00602788 0.00368485
 0.00956045 0.015316 0.022648 0.0313508 0.0410488 0.0510842 0.0604631 0.0680565 0.0729971 0.0749685 0.0741849 0.0711611 0.0664928 0.060741 0.0543839 0.0477918 0.0412213 0.0348354 0.0287412 0.0230275 0.0177923 0.013149 0.00921157 0.00606093 0.00371193
 0.0094617 0.0151595 0.0224204 0.0310438 0.0406628 0.0506332 0.0599801 0.0675954 0.0726262 0.0747556 0.0741773 0.0713681 0.0668779 0.0612301 0.0548876 0.0482339 0.0415599 0.0350675 0.0288914 0.0231293 0.0178724 0.0132209 0.00927673 0.0061156 0.00375275
 0.0093569 0.0150033 0.0222114 0.0307889 0.0403743 0.050324 0.0596612 0.0672781 0.0723274 0.0745014 0.0740029 0.0713107 0.066964 0.0614617 0.0552356 0.0486435 0.041968 0.0354237 0.0291707 0.0233328 0.0180164 0.0133244 0.0093533 0.00617234 0.0037929
 0.00914846 0.014677 0.0217452 0.0301744 0.0396222 0.04947 0.0587696 0.0664362 0.0716272 0.074017 0.0737744 0.071344 0.0672408 0.061949 0.0558895 0.0494081 0.0427767 0.0362075 0.0298718 0.0239154 0.01847 0.0136583 0.00958729 0.00632843 0.00389136
 0.00896275 0.0143962 0.0213614 0.0296936 0.0390605 0.0488497 0.0581174 0.0657858 0.0710222 0.0735086 0.0734144 0.0711736 0.0672814 0.0621986 0.0563247 0.049989 0.0434516 0.0369175 0.0305578 0.0245274 0.0189756 0.0140461 0.00986449 0.00651333 0.00400637
 0.00868708 0.0139886 0.020824 0.0290552 0.03837 0.0481618 0.0574817 0.0652408 0.0705934 0.0732087 0.0732462 0.0711359 0.067375 0.062427 0.0566885 0.0504786 0.0440419 0.0375687 0.0312199 0.0251496 0.0195161 0.0144798 0.0101854 0.00673227 0.00414386
 0.00864165 0.0138835 0.0206101 0.0286739 0.0377751 0.0473504 0.0565163 0.0642432 0.0697076 0.0725517 0.0728749 0.071046 0.0675227 0.0627576 0.0571554 0.051048 0.044687 0.0382605 0.0319221 0.0258197 0.0201129 0.0149726 0.0105607 0.00699472 0.00431178
 0.00934419 0.0148721 0.0218119 0.0299191 0.0388376 0.0480185 0.0566567 0.0638309 0.0688213 0.0713469 0.0715459 0.0697805 0.0664613 0.0619722 0.0566538 0.0507973 0.0446395 0.0383681 0.0321395 0.0261022 0.0204164 0.0152578 0.0107995 0.00717394 0.00443266
 0.009857 0.0156953 0.0230223 0.0315573 0.0408713 0.0503019 0.0589109 0.0656844 0.0699166 0.0714693 0.0707016 0.0681818 0.0644355 0.0598509 0.0546925 0.0491446 0.0433475 0.0374233 0.0314946 0.0256976 0.020191 0.0151546 0.0107693 0.00717944 0.00444964
 0.00990425 0.0158351 0.0233496 0.0321997 0.0419573 0.0519059 0.0609972 0.0680767 0.0723123 0.0734987 0.0720173 0.0685555 0.0638266 0.0584156 0.0527255 0.0469811 0.0412723 0.0356221 0.0300499 0.024614 0.0194271 0.0146486 0.0104558 0.00699861 0.00435316
 0.00973544 0.0155828 0.023016 0.0318149 0.0415882 0.0516613 0.0610191 0.0685084 0.0732405 0.0748925 0.0736987 0.0702284 0.0651629 0.0591608 0.0527792 0.0464162 0.0402899 0.0344682 0.0289374 0.0236782 0.0187211 0.014164 0.0101513 0.0068234 0.004261
 0.00967244 0.0154654 0.0228129 0.0314918 0.0411217 0.05106 0.0603438 0.0678774 0.0728121 0.0748236 0.0740915 0.0710819 0.0663498 0.0604508 0.0539073 0.047172 0.0405848 0.0343494 0.0285461 0.0231811 0.0182516 0.0137955 0.00990109 0.00667395 0.00418201
 0.00971754 0.0155181 0.0228529 0.0314848 0.041025 0.0508345 0.0599683 0.0673622 0.0722086 0.0742271 0.0736298 0.070885 0.0665059 0.0609626 0.0546755 0.0480204 0.0413223 0.0348397 0.0287494 0.0231488 0.0180838 0.013591 0.00972506 0.00655149 0.00411019
 0.00990336 0.0158029 0.0232477 0.0319833 0.0415998 0.0514336 0.0605155 0.0677656 0.0723827 0.0741223 0.0732575 0.0703233 0.065882 0.0604146 0.0543055 0.0478579 0.0413175 0.0348922 0.0287601 0.0230636 0.0179079 0.0133699 0.00951221 0.00638273 0.00399633
 0.0100435 0.0160261 0.0235744 0.0324274 0.0421634 0.0520998 0.0612405 0.0684774 0.0729894 0.0745311 0.0733973 0.0701658 0.0654539 0.0597966 0.0536126 0.0472048 0.0407815 0.0344931 0.0284665 0.0228238 0.0176826 0.0131488 0.00930841 0.00621545 0.00387606
 0.0099143 0.0158501 0.0233728 0.0322427 0.0420497 0.0521058 0.0613941 0.0687775 0.0734069 0.075013 0.0738746 0.0705642 0.06571 0.0598757 0.0535214 0.0469896 0.040511 0.0342306 0.0282486 0.0226544 0.0175458 0.0130281 0.00919796 0.00611959 0.00380149
 0.00981867 0.0157097 0.0231909 0.0320354 0.0418461 0.0519451 0.0613202 0.0688306 0.0736102 0.0753609 0.074327 0.0710534 0.0661572 0.060211 0.0537003 0.0470038 0.0403873 0.03402 0.0280067 0.022424 0.0173485 0.0128681 0.00907144 0.00602243 0.00373088
 0.00973783 0.0155717 0.0229723 0.031714 0.0414107 0.0514088 0.060731 0.0682697 0.0731743 0.0751351 0.0743592 0.0713412 0.0666491 0.0608208 0.0543296 0.0475656 0.0408254 0.0343166 0.0281772 0.022502 0.0173698 0.0128599 0.00905077 0.00599846 0.00370878
 0.0097607 0.0156082 0.0230247 0.0317806 0.0414817 0.0514637 0.0607399 0.0682021 0.0730156 0.0749007 0.0740975 0.0711194 0.0665275 0.0608295 0.054458 0.0477691 0.0410447 0.0344997 0.0282948 0.0225509 0.0173658 0.0128258 0.00900647 0.00595694 0.00367602
 0.00964097 0.0154331 0.0227976 0.0315181 0.0412096 0.0512094 0.0605252 0.0680387 0.0729032 0.0748298 0.0740561 0.0711035 0.0665478 0.0609079 0.0546142 0.0480057 0.0413395 0.0348118 0.0285801 0.0227778 0.0175228 0.0129194 0.00905329 0.00597493 0.00367939
 0.00934967 0.0150041 0.0222357 0.0308583 0.0405102 0.0505378 0.0599453 0.0676032 0.0726479 0.0747671 0.0741724 0.0713632 0.0669058 0.0613243 0.0550632 0.048474 0.0418173 0.0352835 0.0290212 0.0231611 0.0178281 0.0131407 0.00919877 0.00606142 0.0037258
 0.00916196 0.0147027 0.0217914 0.0302524 0.0397452 0.0496504 0.0590145 0.0667419 0.0719755 0.0743731 0.0740916 0.0715734 0.0673449 0.0619144 0.0557313 0.0491633 0.0424899 0.035915 0.0295936 0.0236577 0.0182352 0.0134518 0.00941781 0.00620252 0.00380851
 0.00911442 0.0146037 0.0216023 0.0299243 0.0392316 0.0489274 0.0581014 0.0657101 0.0709393 0.073467 0.0734395 0.0712608 0.0674001 0.0623054 0.05638 0.0499705 0.0433596 0.0367702 0.0303803 0.0243421 0.0187986 0.0138882 0.009733 0.00641286 0.00393718
 0.00937174 0.0150465 0.0223085 0.0309663 0.0406412 0.0506497 0.0599638 0.0674393 0.0722356 0.0741027 0.0733317 0.0704834 0.0661408 0.0607971 0.0548372 0.0485496 0.0421477 0.0357953 0.0296319 0.0237907 0.0184081 0.0136227 0.00956008 0.00630514 0.0038732
 0.00887343 0.0143652 0.0215238 0.0302402 0.0401812 0.0506445 0.0605189 0.0685387 0.0737368 0.0757626 0.0748604 0.0716191 0.0667233 0.0608068 0.0543822 0.0478103 0.0413102 0.0350026 0.0289661 0.0232791 0.0180424 0.0133769 0.00940406 0.00621137 0.00381983
#obs surv len freq
 nan nan nan nan nan nan nan nan nan nan nan nan nan nan nan nan nan nan nan nan nan nan nan nan nan
 0.00448338 0.00734429 0.0111741 0.0159907 0.0216922 0.0279688 0.034284 0.0400161 0.044696 0.0481597 0.0505171 0.0520122 0.0529036 0.0534153 0.053729 0.0539835 0.0542617 0.0545542 0.0546928 0.0542847 0.0527227 0.0493549 0.0438048 0.0362851 0.027669
 0.0046107 0.00755416 0.0114949 0.0164497 0.0223087 0.0287439 0.0351904 0.0409951 0.0456662 0.0490328 0.0512148 0.0524783 0.0531093 0.0533591 0.0534329 0.0534849 0.0536047 0.0537818 0.0538444 0.0533976 0.051836 0.048512 0.0430506 0.0356576 0.0271894
 0.00478205 0.00783139 0.0119099 0.0170315 0.023079 0.0297084 0.0363289 0.0422564 0.0469711 0.0502852 0.0523153 0.0533364 0.0536541 0.0535481 0.0532557 0.0529621 0.0527805 0.0527158 0.052603 0.0520514 0.0504605 0.0471877 0.0418574 0.0346614 0.0264266
 0.00497565 0.00815004 0.0123965 0.0177279 0.024017 0.0308962 0.0377379 0.0438178 0.0485862 0.0518448 0.0537155 0.0544857 0.0544747 0.053978 0.0532537 0.052514 0.0519035 0.0514576 0.0510386 0.0502782 0.0485945 0.0453573 0.0401895 0.0332597 0.0253494
 0.00518202 0.00848841 0.0129113 0.0184633 0.0250088 0.0321596 0.0392533 0.0455241 0.0503872 0.0536253 0.0553585 0.0558843 0.0555387 0.0546348 0.053449 0.0522129 0.0510957 0.050164 0.0493188 0.0482343 0.0463692 0.043122 0.0381202 0.0315031 0.023991
 0.00540868 0.00885861 0.0134718 0.0192591 0.0260752 0.0335092 0.0408629 0.0473289 0.0522898 0.0555125 0.0571178 0.0574123 0.0567441 0.0554393 0.0537877 0.0520366 0.0503738 0.048894 0.0475381 0.0460338 0.0438993 0.0405823 0.0357281 0.0294477 0.0223884
 0.00564105 0.00924134 0.0140571 0.0200984 0.0272096 0.0349529 0.0425874 0.049258 0.0543113 0.0575008 0.0589544 0.0589963 0.0579929 0.0562848 0.0541722 0.0519102 0.0496973 0.0476475 0.045738 0.0437534 0.0412833 0.0378415 0.0331069 0.0271683 0.0205953
 0.00589169 0.00964884 0.0146707 0.0209648 0.0283647 0.0364096 0.0443205 0.0511981 0.0563523 0.0595182 0.0608247 0.0606106 0.0592628 0.0571425 0.0545664 0.0517995 0.0490469 0.046434 0.0439657 0.0414788 0.0386371 0.035031 0.0303856 0.0247769 0.0186979
 0.00612743 0.0100378 0.0152665 0.0218205 0.0295219 0.0378812 0.0460747 0.0531534 0.0583915 0.0615128 0.0626555 0.0621783 0.0604882 0.057964 0.0549363 0.05168 0.0484074 0.0452533 0.042245 0.0392646 0.0360459 0.0322575 0.0276777 0.022378 0.0167808
 0.00638991 0.0104638 0.0159066 0.0227216 0.0307189 0.0393835 0.0478509 0.0551253 0.0604428 0.0635098 0.0644698 0.0637016 0.0616398 0.0586896 0.0552023 0.0514648 0.0476948 0.0440324 0.0405209 0.0370805 0.0335079 0.0295456 0.0250258 0.0200212 0.0148898
 0.00661565 0.0108403 0.0164903 0.02357 0.0318777 0.0408667 0.0496221 0.0570934 0.0624778 0.0654709 0.0662295 0.0651583 0.0627189 0.0593414 0.0553975 0.0511894 0.0469435 0.0428066 0.038835 0.0349798 0.031091 0.0269765 0.0225182 0.0177917 0.013098
 0.00684838 0.0112202 0.0170653 0.0243867 0.032973 0.0422545 0.0512783 0.0589473 0.0644186 0.0673656 0.0679446 0.0665775 0.0637551 0.0599404 0.0555343 0.0508601 0.046156 0.0415762 0.0371882 0.032968 0.0288095 0.0245751 0.0201887 0.0157274 0.0114411
 0.00707148 0.0115849 0.0176177 0.0251701 0.0340193 0.0435701 0.0528301 0.0606598 0.066185 0.0690685 0.0694744 0.0678414 0.0646795 0.0604722 0.0556417 0.0505317 0.0453979 0.0404078 0.0356433 0.0311032 0.0267179 0.0223937 0.0180871 0.0138738 0.00995758
 0.00727725 0.011924 0.0181363 0.0259131 0.0350206 0.0448367 0.0543275 0.0623072 0.0678683 0.0706639 0.0708708 0.068953 0.0654488 0.0608658 0.0556453 0.0501447 0.0446298 0.0392787 0.0341874 0.0293768 0.024809 0.0204262 0.0162096 0.0122301 0.00864906
 0.00742749 0.012174 0.0185232 0.0264757 0.0357915 0.0458309 0.0555287 0.0636625 0.0692935 0.0720579 0.0721319 0.069992 0.0661971 0.0612799 0.0557054 0.0498498 0.0439924 0.0383208 0.032943 0.0278986 0.0231766 0.0187486 0.0146147 0.0108388 0.00754512
 0.0075347 0.0123457 0.0187775 0.0268295 0.0362597 0.0464241 0.056249 0.0644988 0.0702186 0.0730288 0.0730915 0.0708739 0.0669325 0.0618058 0.0559727 0.0498279 0.0436702 0.0377054 0.0320595 0.0267927 0.0219188 0.0174338 0.0133524 0.00973186 0.0066644
 0.00762479 0.0124878 0.0189833 0.027107 0.0366122 0.0468489 0.0567363 0.0650327 0.0707809 0.0736031 0.0736637 0.0714274 0.0674418 0.0622338 0.0562731 0.0499534 0.0435823 0.0373827 0.031503 0.0260297 0.0210042 0.0164472 0.012387 0.0088754 0.00597819
 0.00767247 0.012561 0.0190855 0.0272391 0.0367731 0.0470368 0.0569493 0.0652689 0.0710391 0.0738827 0.073965 0.0717499 0.0677798 0.0625719 0.0565826 0.0501937 0.0437064 0.0373481 0.0312836 0.0256252 0.0204453 0.0157931 0.0117141 0.00825916 0.00547426
 0.00772232 0.0126367 0.0191894 0.0273696 0.0369248 0.0472016 0.0571176 0.0654311 0.0711882 0.0740175 0.0740908 0.0718765 0.0679175 0.0627253 0.0567465 0.0503495 0.0438229 0.037387 0.0312096 0.0254186 0.0201121 0.0153676 0.0112514 0.00781973 0.005106
 0.00777671 0.0127177 0.0192975 0.0274999 0.0370685 0.0473478 0.0572551 0.0655501 0.0712816 0.0740828 0.0741316 0.071902 0.0679403 0.0627576 0.0567954 0.0504128 0.0438867 0.0374264 0.0311945 0.0253238 0.0199281 0.0151077 0.0109496 0.00751965 0.00484625
 0.00784041 0.0128167 0.0194374 0.0276817 0.0372871 0.0475903 0.0575008 0.0657724 0.071454 0.074187 0.0741625 0.0718681 0.06786 0.062653 0.0566873 0.0503158 0.0438057 0.0373546 0.0311154 0.0252173 0.0197799 0.0149176 0.0107335 0.00730397 0.00465744
 0.0078522 0.0128356 0.0194655 0.0277209 0.037339 0.0476558 0.0575793 0.0658605 0.0715456 0.0742734 0.074234 0.0719171 0.0678829 0.0626524 0.0566702 0.0502914 0.0437812 0.0373316 0.0310879 0.0251743 0.0197106 0.0148179 0.0106102 0.00717302 0.00453727
 0.00786497 0.0128507 0.0194779 0.0277231 0.0373236 0.0476198 0.0575269 0.0658037 0.0714996 0.0742516 0.0742433 0.0719561 0.0679434 0.0627228 0.0567399 0.0503535 0.0438329 0.0373719 0.0311152 0.0251842 0.0196978 0.0147797 0.0105502 0.00710112 0.00446616
 0.00788597 0.0128822 0.0195199 0.027773 0.0373756 0.0476653 0.0575555 0.065806 0.0714715 0.0741977 0.0741767 0.0718942 0.0679012 0.0627074 0.0567495 0.0503802 0.0438668 0.0374045 0.0311402 0.0251971 0.0196951 0.0147601 0.0105156 0.00705743 0.00442144
 0.00790535 0.0129101 0.0195552 0.0278123 0.0374141 0.0476977 0.0575773 0.0658137 0.0714624 0.0741701 0.074132 0.071838 0.0678432 0.0626593 0.0567208 0.0503747 0.0438816 0.037432 0.031171 0.0252227 0.0197096 0.0147608 0.0105033 0.00703612 0.00439674
 0.00790514 0.012909 0.019552 0.0278053 0.0374013 0.0476773 0.0575485 0.0657771 0.0714204 0.0741266 0.0740917 0.0718048 0.0678204 0.0626493 0.0567257 0.050396 0.0439187 0.0374815 0.0312262 0.0252755 0.0197527 0.0147897 0.0105172 0.00703757 0.00439042
 0.00789462 0.0128912 0.0195241 0.0277643 0.0373452 0.0476064 0.0574665 0.0656908 0.0713387 0.0740581 0.074043 0.0717797 0.0678198 0.0626719 0.0567685 0.0504552 0.0439903 0.0375609 0.0313079 0.0253532 0.01982 0.0148418 0.0105523 0.00705722 0.00439851
 0.00786888 0.0128473 0.0194545 0.0276614 0.0372037 0.047427 0.0572591 0.0654746 0.0711384 0.073898 0.0739409 0.0717446 0.0678508 0.0627607 0.0569019 0.0506179 0.0441677 0.0377403 0.0314789 0.0255072 0.0199506 0.0149449 0.0106272 0.00710647 0.00442734
 0.00787295 0.0128486 0.0194464 0.0276342 0.0371464 0.0473311 0.0571221 0.0653025 0.0709452 0.0737041 0.0737694 0.0716169 0.0677826 0.0627586 0.0569628 0.0507306 0.0443164 0.0379076 0.0316488 0.0256666 0.0200896 0.0150576 0.0107116 0.00716424 0.00446315
 0.00786523 0.0128362 0.0194279 0.0276074 0.0371084 0.0472775 0.0570476 0.0652027 0.0708194 0.0735578 0.0736152 0.0714735 0.0676703 0.0626946 0.0569571 0.050784 0.0444205 0.0380476 0.0318069 0.0258253 0.0202347 0.0151793 0.0108052 0.00723024 0.00450544
 0.00783367 0.0127837 0.019347 0.0274915 0.0369537 0.0470869 0.0568326 0.0649827 0.0706164 0.0733899 0.0734935 0.0714014 0.0676481 0.0627217 0.0570332 0.0509076 0.044586 0.0382445 0.0320199 0.0260369 0.0204284 0.0153429 0.0109325 0.007321 0.00456452
 0.00780636 0.0127385 0.0192773 0.0273908 0.0368166 0.0469118 0.0566242 0.0647533 0.0703854 0.0731803 0.0733269 0.071294 0.0676074 0.062747 0.0571179 0.0510422 0.0447605 0.0384476 0.0322385 0.026256 0.0206325 0.0155187 0.011072 0.00742242 0.00463171
 0.00776377 0.0126669 0.0191658 0.0272281 0.0365951 0.0466319 0.0562983 0.0644067 0.0700512 0.0728924 0.0731131 0.0711723 0.0675853 0.0628219 0.0572785 0.0512709 0.0450366 0.03875 0.0325473 0.0265529 0.0209013 0.0157467 0.0112516 0.00755295 0.00471852
 0.00772606 0.0126076 0.01908 0.0271121 0.0364459 0.0464477 0.0560801 0.0641599 0.0697881 0.0726321 0.0728797 0.0709913 0.0674781 0.0628016 0.0573477 0.051422 0.0452537 0.0390123 0.0328316 0.0268366 0.0211643 0.0159736 0.011433 0.00768651 0.00480846
 0.00933927 0.0148648 0.021802 0.0299072 0.0388242 0.0480025 0.056632 0.0637824 0.0687218 0.0711614 0.0712437 0.069354 0.0659389 0.0614177 0.0561505 0.0504253 0.0444568 0.0384026 0.0323876 0.0265312 0.0209681 0.0158577 0.0113716 0.00765847 0.00479836
 0.00931116 0.0151187 0.0227122 0.0319386 0.0423298 0.0529502 0.0624308 0.0693796 0.072978 0.0733 0.0711073 0.0673437 0.0627367 0.0576948 0.0524024 0.0469461 0.0413888 0.0357968 0.0302465 0.0248309 0.0196687 0.0149082 0.0107134 0.00722923 0.00453738
 0.00896307 0.0145686 0.0219362 0.0309832 0.0413679 0.0523198 0.0625963 0.0707669 0.075722 0.077056 0.0750922 0.0706346 0.0646572 0.0580496 0.0514477 0.0451737 0.0392931 0.0337393 0.0284314 0.0233417 0.0185154 0.0140622 0.0101272 0.00684803 0.00430645
 0.00878235 0.0142685 0.0214734 0.0303158 0.0404715 0.0512175 0.0613986 0.0697017 0.0751192 0.0772583 0.0763009 0.0727608 0.0672854 0.0605715 0.0533096 0.04609 0.0393041 0.0331119 0.0274964 0.0223691 0.0176671 0.0134033 0.00965967 0.00654199 0.00412147
 0.00869664 0.0141206 0.0212344 0.0299524 0.0399518 0.0505221 0.0605357 0.0687213 0.0741264 0.0764183 0.0758253 0.0728565 0.068065 0.0619663 0.0550484 0.0477841 0.0406027 0.0338356 0.0276719 0.0221639 0.0172847 0.0130031 0.00932954 0.00630842 0.00397494
 0.00867777 0.0140866 0.0211762 0.0298572 0.0398026 0.0502988 0.0602183 0.0682961 0.0735949 0.0758101 0.0752103 0.072349 0.0678069 0.0620824 0.055584 0.0486587 0.0416204 0.0347584 0.0283189 0.0224749 0.0173152 0.0128684 0.00914148 0.0061392 0.00385331
 0.00869604 0.0141113 0.0212039 0.0298806 0.0398113 0.0502805 0.0601597 0.0681831 0.0734139 0.0755515 0.0748759 0.0719631 0.0674254 0.0617899 0.0554731 0.0487907 0.0419869 0.0352711 0.0288416 0.0228831 0.0175467 0.0129343 0.00909957 0.00605477 0.0037719
 0.00868351 0.014097 0.0211932 0.0298813 0.0398302 0.0503189 0.0602093 0.0682268 0.0734295 0.075518 0.0747789 0.0717988 0.0672047 0.0615435 0.0552512 0.0486535 0.0419819 0.0354079 0.0290805 0.02315 0.0177678 0.0130681 0.00914627 0.00604303 0.0037361
 0.00865697 0.0140559 0.0211355 0.0298078 0.0397455 0.0502322 0.060134 0.0681768 0.0734136 0.075534 0.0748122 0.0718268 0.0672058 0.061507 0.0551838 0.0485805 0.0419393 0.0354268 0.0291706 0.0232924 0.0179232 0.013197 0.00922704 0.00607678 0.00373847
 0.00862917 0.0140118 0.0210715 0.0297216 0.0396373 0.0501059 0.0599986 0.0680469 0.0733066 0.0754663 0.0747931 0.0718545 0.0672676 0.0615825 0.0552539 0.0486355 0.0419835 0.0354752 0.0292391 0.0233862 0.0180323 0.0133016 0.00930897 0.00612794 0.00376237
 0.00863357 0.0140144 0.0210669 0.0297021 0.0395949 0.0500356 0.0599016 0.0679308 0.0731849 0.0753543 0.0747056 0.071803 0.0672568 0.0616095 0.0553086 0.048704 0.0420544 0.0355438 0.0293078 0.0234593 0.01811 0.0133778 0.00937423 0.00617534 0.00379079
 0.00863236 0.0140176 0.0210808 0.0297343 0.0396507 0.0501131 0.0599885 0.0680066 0.0732277 0.0753502 0.0746541 0.0717161 0.067154 0.0615107 0.0552279 0.0486477 0.0420215 0.03553 0.0293088 0.0234724 0.0181332 0.0134073 0.00940459 0.00620105 0.0038087
 0.00861328 0.013987 0.0210362 0.0296748 0.0395793 0.0500376 0.0599216 0.0679627 0.0732167 0.0753713 0.0746956 0.071761 0.0671885 0.0615297 0.0552353 0.0486523 0.0420313 0.035549 0.029337 0.0235072 0.0181713 0.0134452 0.00943884 0.00622881 0.00382853
 0.00862859 0.0140075 0.0210588 0.0296939 0.0395878 0.0500298 0.0598957 0.0679221 0.0731695 0.0753284 0.0746665 0.0717498 0.0671922 0.0615401 0.0552441 0.0486551 0.0420293 0.0355469 0.0293392 0.0235163 0.0181867 0.0134645 0.00945879 0.0062465 0.00384214
 0.00861756 0.0139933 0.021044 0.0296827 0.0395838 0.0500336 0.0599033 0.0679258 0.073162 0.0753068 0.0746345 0.0717162 0.067167 0.0615294 0.0552481 0.0486691 0.0420474 0.035565 0.0293564 0.0235333 0.0182046 0.0134831 0.00947672 0.0062621 0.00385419
 0.00861756 0.0139933 0.021044 0.0296827 0.0395838 0.0500336 0.0599033 0.0679258 0.073162 0.0753068 0.0746345 0.0717162 0.067167 0.0615294 0.0552481 0.0486691 0.0420474 0.035565 0.0293564 0.0235333 0.0182046 0.0134831 0.00947672 0.0062621 0.00385419
 0.00912659 0.0147953 0.0221997 0.0312213 0.0414857 0.05221 0.0621813 0.0700596 0.0748807 0.0763849 0.0749499 0.0712718 0.0660737 0.0599665 0.0534181 0.0467595 0.0402068 0.0338951 0.0279159 0.0223474 0.0172735 0.012789 0.0089887 0.0059409 0.00365786
 0.00933891 0.0151864 0.0228705 0.0322873 0.0430411 0.0542736 0.0646505 0.0727031 0.0773837 0.0784259 0.0762738 0.0717361 0.0656626 0.0587808 0.051645 0.0446306 0.0379536 0.0317139 0.0259489 0.0206788 0.0159369 0.0117787 0.00827077 0.00546418 0.00336417
#pred catch len freq
 0.00533885 0.00836808 0.0120479 0.0162214 0.0207827 0.025672 0.0307964 0.035979 0.0409899 0.0456146 0.0496959 0.0531423 0.0559212 0.0580402 0.0595111 0.0603135 0.0603804 0.0596072 0.0578665 0.0550129 0.0508927 0.0454001 0.0386024 0.0308761 0.0229268
 0.00558316 0.00866313 0.0123079 0.0163159 0.020587 0.0251383 0.0300011 0.0351045 0.0402417 0.0451204 0.0494481 0.0530152 0.0557474 0.0577022 0.0590061 0.0597651 0.0599927 0.059578 0.0582957 0.055851 0.0519575 0.0464557 0.0394564 0.0314416 0.0232243
 0.00601418 0.00931301 0.0131845 0.0173752 0.0217242 0.0261903 0.0307685 0.0354043 0.0399833 0.0443624 0.0483861 0.0518906 0.0547322 0.056838 0.0582348 0.0590208 0.0592834 0.0590008 0.0579802 0.0558726 0.0522814 0.0469481 0.0399517 0.0318182 0.0234412
 0.00634421 0.00983889 0.013956 0.0184308 0.0230812 0.0278266 0.0325979 0.037258 0.0416186 0.0455134 0.0488462 0.0515928 0.0537768 0.0554432 0.0566375 0.0573948 0.0577244 0.0575685 0.0567407 0.0548962 0.0516045 0.0465422 0.0397332 0.0316916 0.0233416
 0.0067159 0.0104074 0.0147479 0.0194549 0.0243383 0.0293201 0.0343305 0.0392106 0.0437163 0.0475977 0.0506759 0.0528884 0.0543036 0.0550955 0.0554779 0.0556225 0.0555964 0.0553248 0.0545689 0.0529321 0.0499371 0.045211 0.0387278 0.030965 0.0228338
 0.00714518 0.0110634 0.015658 0.0206197 0.0257376 0.0309228 0.0361017 0.0411111 0.0457005 0.0496045 0.0526116 0.0546067 0.0556027 0.0557525 0.0553172 0.0545867 0.053778 0.0529399 0.0518928 0.0502328 0.0474319 0.043048 0.0369824 0.0296475 0.0219047
 0.00756013 0.0117054 0.0165644 0.0218058 0.0271984 0.0326357 0.0380238 0.0431764 0.0478225 0.0516866 0.0545576 0.0563211 0.0569803 0.0566652 0.0556162 0.0541347 0.052504 0.050889 0.0492388 0.0472441 0.044409 0.0402591 0.0346185 0.0278026 0.0205805
 0.00798877 0.0123626 0.0174812 0.0229891 0.0286371 0.0343088 0.0399011 0.0452113 0.0499442 0.0537998 0.0565497 0.058076 0.0583888 0.0576279 0.0560373 0.0539177 0.051565 0.0491935 0.0468465 0.0443321 0.0412521 0.0371707 0.031876 0.0255879 0.0189547
 0.00841326 0.0130183 0.0184047 0.024194 0.0301161 0.0360373 0.0418363 0.0472889 0.0520795 0.0558944 0.0585001 0.0597791 0.0597465 0.05855 0.0564433 0.0537347 0.0507297 0.0476668 0.044645 0.0415643 0.0381335 0.0339963 0.028952 0.0231524 0.0171235
 0.00882806 0.0136571 0.0193011 0.0253593 0.0315431 0.0377058 0.0437117 0.0493157 0.0541768 0.0579592 0.0604178 0.0614367 0.0610441 0.0594071 0.0567971 0.0535348 0.0499335 0.0462456 0.0426055 0.038981 0.0351748 0.0309177 0.0260474 0.0206762 0.015223
 0.00927528 0.0143374 0.0202394 0.0265508 0.0329618 0.0393156 0.0454713 0.0511755 0.0560731 0.0598127 0.062137 0.062925 0.0622083 0.0601667 0.0570896 0.0533151 0.0491706 0.0449225 0.0407313 0.0366154 0.0324536 0.0280575 0.0233111 0.018307 0.0133765
 0.00970002 0.0149905 0.0211529 0.0277308 0.0343904 0.0409553 0.0472652 0.0530467 0.0579296 0.0615585 0.0636834 0.0641966 0.0631437 0.0607163 0.0572141 0.0529846 0.048364 0.0436304 0.0389654 0.034428 0.0299588 0.0254381 0.0207949 0.0161121 0.0116496
 0.010117 0.0156317 0.02205 0.0288911 0.0357994 0.0425806 0.0490557 0.0549274 0.0598018 0.0633086 0.0651986 0.0653812 0.0639307 0.0610709 0.0571277 0.0524639 0.0474207 0.0422781 0.0372272 0.0323543 0.0276469 0.0230414 0.0185052 0.0141156 0.0100744
 0.0106181 0.01639 0.0230872 0.0301931 0.0373251 0.0442766 0.0508628 0.0567774 0.0616113 0.0649791 0.0666244 0.066463 0.0645905 0.061264 0.0568467 0.0517322 0.0462797 0.0407756 0.0354145 0.0302952 0.025434 0.0208052 0.0164039 0.0123009 0.0086493
 0.0109421 0.0168989 0.0238198 0.0311726 0.0385553 0.0457359 0.0524974 0.0585005 0.0633137 0.0665482 0.0679601 0.0674848 0.0652385 0.0614988 0.0566515 0.051115 0.0452717 0.0394252 0.0337832 0.0284577 0.0234842 0.0188603 0.0145957 0.0107512 0.00743769
 0.0109978 0.0170103 0.0240272 0.03153 0.0391214 0.0465578 0.0535917 0.0598393 0.0648212 0.0681087 0.0694362 0.0687412 0.0661655 0.0620269 0.0567532 0.0507974 0.0445664 0.0383814 0.0324639 0.0269404 0.0218628 0.0172437 0.0130986 0.00947389 0.006443
 0.0110533 0.0170804 0.0240985 0.031584 0.0391498 0.0465802 0.0536659 0.0600514 0.065255 0.0688074 0.0703764 0.0698317 0.0672699 0.0629985 0.0574681 0.0511743 0.0445724 0.0380265 0.0317917 0.0260201 0.0207838 0.0161097 0.0120157 0.0085331 0.00570234
 0.0112284 0.0173353 0.0244253 0.0319537 0.0395163 0.0468926 0.0538827 0.0601558 0.0652675 0.0687894 0.0704145 0.0700044 0.0676099 0.0634718 0.0579824 0.0516109 0.0448237 0.0380235 0.0315153 0.0254982 0.0200819 0.0153165 0.0112265 0.00783128 0.00514223
 0.0114406 0.017658 0.0248688 0.0325105 0.0401611 0.0475834 0.0545616 0.0607525 0.0657114 0.0690293 0.0704394 0.0698529 0.0673594 0.0632097 0.0577695 0.0514571 0.044689 0.0378411 0.0312249 0.0250718 0.0195338 0.0146972 0.0106055 0.00727511 0.00469648
 0.0114985 0.0177505 0.0250054 0.0327002 0.0404118 0.0478999 0.0549418 0.0611815 0.0661575 0.0694443 0.0707677 0.0700475 0.0674007 0.0631152 0.0575869 0.0512418 0.0444771 0.0376352 0.0309991 0.0247938 0.0191879 0.0142971 0.0101893 0.00688969 0.00437949
 0.0115506 0.0178201 0.0250828 0.0327689 0.0404557 0.0479138 0.0549383 0.0611896 0.0662113 0.0695673 0.0709602 0.0702836 0.0676367 0.0633055 0.0577015 0.0512755 0.0444448 0.0375567 0.0308853 0.0246429 0.0189944 0.0140643 0.00993583 0.00664443 0.00417001
 0.0113703 0.0175665 0.0247739 0.0324445 0.0401645 0.0476937 0.054803 0.0611309 0.0662138 0.0696249 0.0710806 0.0704794 0.0679092 0.0636348 0.0580493 0.0515981 0.0447081 0.037744 0.0309947 0.0246799 0.0189672 0.0139842 0.00981991 0.00651508 0.00404942
 0.0112122 0.0173212 0.0244279 0.0319975 0.0396338 0.0471177 0.0542416 0.0606558 0.0658901 0.0694902 0.0711373 0.070702 0.0682611 0.0640792 0.0585505 0.0521179 0.0452056 0.0381818 0.0313461 0.024933 0.019124 0.0140573 0.00982935 0.00648468 0.00400217
 0.0112037 0.0172949 0.0243651 0.0318722 0.039418 0.0467922 0.0538069 0.0601406 0.065351 0.069003 0.0707782 0.0705276 0.0682922 0.064299 0.0589149 0.0525707 0.0456913 0.0386516 0.0317612 0.0252676 0.0193667 0.0142113 0.00990938 0.00651195 0.00399878
 0.0111406 0.017203 0.0242453 0.0317294 0.0392563 0.0466079 0.0535865 0.0598664 0.0650133 0.068614 0.0703789 0.0701812 0.0680666 0.0642442 0.0590469 0.0528681 0.0461042 0.0391179 0.0322213 0.0256751 0.019693 0.0144468 0.0100605 0.00659582 0.00403675
 0.0112716 0.0173786 0.0244413 0.0319014 0.0393531 0.0465925 0.053451 0.0596309 0.0647113 0.0682755 0.0700238 0.0698263 0.0677368 0.0639772 0.0588846 0.0528405 0.0462155 0.039343 0.0325144 0.0259838 0.0199733 0.0146707 0.0102188 0.00669425 0.00408977
 0.0113788 0.0175447 0.0246742 0.0321979 0.0396941 0.0469392 0.0537461 0.0598099 0.0647241 0.0681064 0.0696986 0.0694 0.0672728 0.0635314 0.0585007 0.0525516 0.046043 0.0392916 0.0325685 0.0261102 0.0201308 0.0148228 0.0103418 0.00677968 0.00414099
 0.0113562 0.0175281 0.0246867 0.0322736 0.0398697 0.0472387 0.0541653 0.0603084 0.0652286 0.0685264 0.0699506 0.0694325 0.0670828 0.063163 0.0580287 0.0520575 0.0455961 0.0389382 0.0323284 0.0259785 0.0200843 0.0148295 0.0103716 0.00681164 0.00416494
 0.0112197 0.0173243 0.0244151 0.0319498 0.0395262 0.0469229 0.0539347 0.06022 0.0653215 0.0688025 0.0703649 0.0699016 0.0675105 0.0634722 0.058184 0.052071 0.0455142 0.0388195 0.0322231 0.0259156 0.0200697 0.0148519 0.0104124 0.00685395 0.00419857
