SBPRF35
7.78865
Curr Bio
486473
B35
653889
F35
0.20869
FOFL
0.139971
OFL
50676
Bzero
2.22533e+006
#pred survey bio
 3.7326e+006 3.38652e+006 3.038e+006 2.68662e+006 2.37083e+006 2.05392e+006 1.81219e+006 1.57986e+006 1.38083e+006 1.24048e+006 1.09194e+006 971453 879252 823668 777742 737636 707050 675301 650372 631736 609115 605373 596624 588951 583003 582120 584161 593036 590682 591874 592042 583097 579156 568631 562334 560078 564776 559474 560101 565118 577138 571886 566351 568407 566917 563056 555981 502641 491454 1.58845e+007 9.37442e+006 9.61998e+006 1.04932e+007 1.16901e+007 1.29324e+007 1.40539e+007 1.49846e+007 1.57158e+007 1.62695e+007 1.66785e+007 1.6976e+007 1.71902e+007 1.73437e+007 1.74537e+007 1.75326e+007 1.75894e+007 1.76305e+007 1.76605e+007 1.76825e+007 1.76987e+007 1.77107e+007 1.77197e+007 1.77264e+007 1.77315e+007 1.77354e+007 1.77383e+007 1.77405e+007 1.77422e+007 1.77435e+007 1.77445e+007 1.77453e+007 1.77459e+007 1.77463e+007 1.77467e+007 1.7747e+007 1.77472e+007 1.77473e+007 1.77475e+007 1.77476e+007 1.77476e+007 1.77477e+007 1.77477e+007 1.77478e+007 1.77478e+007 1.77478e+007 1.77478e+007 1.77478e+007 1.77479e+007 1.77479e+007 1.77479e+007 1.77479e+007 1.77479e+007 1.77479e+007 1.77479e+007 1.77479e+007 1.77479e+007 1.77479e+007 1.77479e+007 1.77479e+007 1.77479e+007 1.77479e+007 1.77479e+007 1.77479e+007 1.77479e+007 1.77479e+007 1.77479e+007 1.77479e+007 1.77479e+007 1.77479e+007 1.77479e+007 1.77479e+007 1.77479e+007 1.77479e+007 1.77479e+007 1.77479e+007 1.77479e+007 1.77479e+007 1.77479e+007 1.77479e+007 1.77479e+007 1.77479e+007 1.77479e+007 1.77479e+007 1.77479e+007 1.77479e+007 1.77479e+007 1.77479e+007 1.77479e+007 1.77479e+007 1.77479e+007 1.77479e+007 1.77479e+007 1.77479e+007 1.77479e+007 1.77479e+007 1.77479e+007 1.77479e+007 1.77479e+007 1.77479e+007 0 0 0 0 0 0 0 0 0 0 0 0 0 0 0 0 0 0 0 0 0 0 0 0 0
#obs survey bio
 2.67988e+006 3.4828e+006 1.68731e+006 2.20586e+006 1.84668e+006 1.82706e+006 1.24064e+006 1.23407e+006 935232 990015 1.12697e+006 621824 667020 659017 642543 684066 902070 536518 492776 525274 574566 627660 392941 424486 441464 541990 559676 341602 638894 513725 527450 622748 641451 730300 655107 503320 707907 483117 434651 466781 570213 461319 419646 536899 702875 607599 525776 622238 500148
#pred catch bio
 241897 265943 295341 291218 318636 274193 284597 270095 230177 244882 224262 201805 171178 161418 152331 139078 135257 126029 118401 119424 101381 103705 101043 98344.6 93548.4 91200.9 86070.6 95321.2 90515.5 88354.8 92134.6 85996.7 92904.3 91322.9 89158.9 84240.6 92987 88291 85953 81904.9 96957.4 96222.5 88694.2 90121.4 89947.8 90243 124694 83887.4 100725 50676 71704.5 72166.8 77568.5 86157.1 95270.5 103423 110052 115114 118813 121429 123234 124457 125273 125811 126163 126391 126538 126633 126693 126732 126756 126772 126782 126788 126792 126794 126796 126797 126798 126798 126798 126798 126799 126799 126799 126799 126799 126799 126799 126799 126799 126799 126799 126799 126799 126799 126799 126799 126799 126799 126799 126799 126799 126799 126799 126799 126799 126799 126799 126799 126799 126799 126799 126799 126799 126799 126799 126799 126799 126799 126799 126799 126799 126799 126799 126799 126799 126799 126799 126799 126799 126799 126799 126799 126799 126799 126799 126799 126799 126799 126799 126799 126799 126799 126799 126799 126799 126799 126799 0 0 0 0 0 0 0 0 0 0 0 0 0 0 0 0 0 0 0 0 0 0 0 0 0
#obs catch bio
 224223 266586 297617 293812 324150 278404 290641 276266 235995 252639 230958 208520 176743 166776 156589 141940 136686 128113 120588 122040 103351 105030 102618 99761 94912.2 92589 87237.3 97577.9 92250 89850.1 93538.7 86846 93583.8 91413.5 88929.2 84212.3 93152.9 88447.5 86288.3 82498.2 97872.2 97220.2 89443 90758.2 90154.4 90056 126233 83479.7 100941
#pred cpue bio
 3.67859e+006 3.33623e+006 2.99055e+006 2.64055e+006 2.32601e+006 2.01098e+006 1.77063e+006 1.53989e+006 1.34221e+006 1.20269e+006 1.05577e+006 936768 845751 791118 746681 708321 679276 648695 624392 606245 584344 581072 572888 565535 559790 558909 560856 569481 567387 569129 570130 562111 558002 546694 539977 537770 542412 537265 537728 542300 553848 548822 543632 545946 544908 541545 534977 483263 472956 1.53015e+007 9.03471e+006 9.14199e+006 9.87811e+006 1.10329e+007 1.22663e+007 1.33862e+007 1.43167e+007 1.50479e+007 1.56016e+007 1.60106e+007 1.6308e+007 1.65222e+007 1.66758e+007 1.67857e+007 1.68646e+007 1.69214e+007 1.69626e+007 1.69925e+007 1.70145e+007 1.70307e+007 1.70428e+007 1.70517e+007 1.70585e+007 1.70636e+007 1.70674e+007 1.70704e+007 1.70726e+007 1.70743e+007 1.70756e+007 1.70766e+007 1.70773e+007 1.70779e+007 1.70784e+007 1.70787e+007 1.7079e+007 1.70792e+007 1.70794e+007 1.70795e+007 1.70796e+007 1.70797e+007 1.70797e+007 1.70798e+007 1.70798e+007 1.70798e+007 1.70799e+007 1.70799e+007 1.70799e+007 1.70799e+007 1.70799e+007 1.70799e+007 1.70799e+007 1.70799e+007 1.70799e+007 1.70799e+007 1.70799e+007 1.70799e+007 1.70799e+007 1.70799e+007 1.70799e+007 1.70799e+007 1.70799e+007 1.70799e+007 1.70799e+007 1.70799e+007 1.70799e+007 1.70799e+007 1.70799e+007 1.70799e+007 1.70799e+007 1.70799e+007 1.70799e+007 1.70799e+007 1.70799e+007 1.70799e+007 1.70799e+007 1.70799e+007 1.70799e+007 1.70799e+007 1.70799e+007 1.70799e+007 1.70799e+007 1.70799e+007 1.70799e+007 1.70799e+007 1.70799e+007 1.70799e+007 1.70799e+007 1.70799e+007 1.70799e+007 1.70799e+007 1.70799e+007 1.70799e+007 1.70799e+007 1.70799e+007 1.70799e+007 1.70799e+007 1.70799e+007 1.70799e+007 1.70799e+007 0 0 0 0 0 0 0 0 0 0 0 0 0 0 0 0 0 0 0 0 0 0 0 0 0
#obs cpue bio
 2.73691e+006 2.68974e+006 2.94056e+006 2.17316e+006 1.7766e+006 1.52188e+006 1.83404e+006 1.45473e+006 883203 1.09785e+006 727303 761910 563794 617600 810977 758390 858266 414427 511875 510786 362986 852767 538121 674186 534353 452291 433741 454668 458931 566285 694450 549842 693380 633921 628432 441573 435139 539773 560025 368708 594841 522893 633013 625761 598738 576915 377929 585162 445718
#pred surv len freq
 0.00539623 0.00879477 0.0132945 0.018882 0.0254068 0.0324848 0.0394758 0.0456457 0.050445 0.0536918 0.055539 0.0563064 0.0563259 0.0558649 0.0551017 0.0541263 0.0529559 0.0515541 0.0498309 0.047616 0.0446402 0.0405923 0.0352849 0.0288613 0.0218829
 0.0057955 0.00932779 0.0138885 0.0194139 0.0257587 0.0326201 0.0394844 0.0457157 0.0507661 0.0543466 0.0564508 0.0572734 0.057115 0.0563074 0.0551466 0.0538363 0.0524587 0.0509755 0.0492395 0.047005 0.0439553 0.0397882 0.0343746 0.027925 0.0210316
 0.00621478 0.0100161 0.0149276 0.0208598 0.0276029 0.0347467 0.0416577 0.0476339 0.0521759 0.0551536 0.0567446 0.0572426 0.0569167 0.0559852 0.0546442 0.0530746 0.05141 0.0496844 0.047792 0.0454818 0.0424076 0.0382509 0.0328956 0.026579 0.0199019
 0.00655926 0.0105817 0.0157907 0.0220983 0.0292826 0.0368952 0.0442263 0.0504667 0.0550084 0.057658 0.0586162 0.0582957 0.0571354 0.0554964 0.0536287 0.0516805 0.0497205 0.0477439 0.045649 0.0432104 0.0401036 0.0360193 0.0308434 0.0248063 0.0184836
 0.00685518 0.0110608 0.0165093 0.0231106 0.0306354 0.0386162 0.0463092 0.0528571 0.0575964 0.0602762 0.0610449 0.0602851 0.0584544 0.0559954 0.0532822 0.0505794 0.0480203 0.0456059 0.0432116 0.0405956 0.0374368 0.0334391 0.0284932 0.0228102 0.0169197
 0.00723803 0.0116683 0.017396 0.0243175 0.0321839 0.0404988 0.0484789 0.0552252 0.0600443 0.0626743 0.0632638 0.0621922 0.0599057 0.0568415 0.0533961 0.0498969 0.0465659 0.0434888 0.0405969 0.0376729 0.0344031 0.0304921 0.0258193 0.0205603 0.0151793
 0.00757316 0.0121992 0.0181689 0.0253667 0.033526 0.0421252 0.0503465 0.0572539 0.0621277 0.0646998 0.0651295 0.0638113 0.0611986 0.0577229 0.0537703 0.0496686 0.045669 0.0419188 0.0384296 0.035062 0.0315586 0.0276494 0.0232036 0.0183492 0.0134715
 0.00797575 0.0128389 0.0191032 0.026637 0.0351473 0.0440729 0.0525429 0.0595681 0.0643973 0.0667661 0.0668685 0.065146 0.062093 0.0581639 0.0537469 0.0491582 0.0446382 0.0403439 0.0363294 0.0325256 0.0287538 0.0248023 0.0205542 0.0160967 0.0117299
 0.00835373 0.0134437 0.019995 0.0278636 0.036734 0.0460061 0.0547539 0.0619287 0.0667365 0.0689037 0.0686488 0.0664596 0.0628838 0.0584228 0.0534961 0.0484293 0.0434558 0.038723 0.0342926 0.0301334 0.026129 0.0221307 0.0180519 0.013956 0.0100681
 0.00853065 0.0137422 0.0204645 0.0285578 0.0377006 0.0472699 0.0562991 0.0636905 0.068608 0.0707535 0.0703405 0.0678686 0.0639097 0.0589993 0.0535942 0.0480525 0.0426277 0.0374765 0.0326688 0.0281948 0.0239784 0.0199182 0.0159571 0.0121458 0.00865099
 0.00883602 0.0142244 0.0211637 0.0295024 0.0389023 0.0487177 0.0579498 0.0654646 0.0703966 0.0724346 0.0717977 0.0690041 0.064652 0.059306 0.0534512 0.0474709 0.0416375 0.0361209 0.0310024 0.0262884 0.0219297 0.0178567 0.014032 0.010495 0.0073633
 0.00913493 0.0146959 0.0218458 0.0304194 0.040059 0.0500919 0.059485 0.0670703 0.0719619 0.0738501 0.0729739 0.0698776 0.0651829 0.0594727 0.053247 0.0469028 0.0407261 0.0348998 0.0295199 0.0246107 0.0201459 0.0160792 0.0123853 0.00909058 0.00627138
 0.00923772 0.0148845 0.0221689 0.0309336 0.0408147 0.0511091 0.0607337 0.0684669 0.0733866 0.0751776 0.0740987 0.0707276 0.065719 0.0596817 0.053133 0.0464801 0.0400153 0.033929 0.0283277 0.0232523 0.0186971 0.0146352 0.0110491 0.00795293 0.00538817
 0.00908766 0.0146696 0.0219018 0.0306508 0.0405746 0.0509844 0.0607996 0.0687846 0.0739841 0.076032 0.0751333 0.0718267 0.0667568 0.0605496 0.0537557 0.0468169 0.0400543 0.0336798 0.0278186 0.0225301 0.0178286 0.0137048 0.0101485 0.00716355 0.00476347
 0.00895292 0.0144575 0.021597 0.0302486 0.040087 0.0504485 0.0602825 0.0683792 0.0737903 0.0761287 0.0755521 0.0725388 0.0676778 0.0615589 0.0547238 0.0476309 0.0406352 0.0339877 0.02785 0.0223137 0.0174195 0.0131773 0.00958566 0.00664123 0.00433508
 0.00890513 0.0143716 0.0214529 0.0300231 0.0397605 0.0500155 0.0597621 0.0678203 0.0732675 0.0757301 0.0753608 0.0726143 0.0680377 0.0621696 0.0555035 0.0484671 0.0414101 0.0346034 0.0282462 0.0224733 0.0173662 0.0129662 0.00928779 0.00632695 0.00405835
 0.00904664 0.0145579 0.021652 0.0301772 0.0398007 0.0498855 0.0594403 0.0673274 0.0726613 0.0750917 0.0747813 0.0721814 0.0678224 0.0622108 0.0557967 0.0489606 0.0420146 0.0352128 0.0287633 0.0228322 0.0175441 0.0129816 0.00918854 0.00617148 0.00389784
 0.00924192 0.0148612 0.0220792 0.0307257 0.0404411 0.0505544 0.0600393 0.0677399 0.0727858 0.0748814 0.074266 0.0714595 0.0670293 0.0614812 0.0552328 0.0486152 0.0418852 0.0352499 0.0288887 0.0229652 0.0176247 0.0129844 0.00912151 0.00606368 0.00378267
 0.00930275 0.0149693 0.0222584 0.0310028 0.0408376 0.0510737 0.0606537 0.0683843 0.0733657 0.0752923 0.0744217 0.0713193 0.0666144 0.0608717 0.0545454 0.0479682 0.0413666 0.0348976 0.0286906 0.0228741 0.017583 0.0129463 0.0090652 0.00599013 0.00370532
 0.0092759 0.014933 0.0222184 0.0309719 0.0408357 0.0511261 0.0607861 0.0686155 0.0736954 0.0756918 0.0748314 0.0716596 0.0668092 0.0608756 0.0543621 0.0476499 0.0409944 0.0345514 0.0284226 0.0226981 0.0174811 0.0128868 0.00902046 0.00594628 0.00366128
 0.00922211 0.0148601 0.0221358 0.0308976 0.0407922 0.0511332 0.0608561 0.0687511 0.0738933 0.0759436 0.0751217 0.0719615 0.0670819 0.0610704 0.0544372 0.0475884 0.0408138 0.0342988 0.0281562 0.0224652 0.0173045 0.0127653 0.00893963 0.0058904 0.00362021
 0.00920007 0.0147966 0.0219912 0.0306236 0.040351 0.0505245 0.0601359 0.0680279 0.0732962 0.0755806 0.0750484 0.0721732 0.0675249 0.0616605 0.055079 0.0481938 0.041319 0.0346751 0.0284096 0.0226242 0.0174029 0.0128287 0.00898187 0.00591701 0.00363418
 0.00926492 0.0148946 0.0221227 0.030778 0.0405022 0.050629 0.0601386 0.0678787 0.0729764 0.0751244 0.0745423 0.0717286 0.0672368 0.061575 0.0551842 0.0484331 0.0416171 0.0349635 0.0286437 0.0227887 0.0175051 0.0128863 0.00901239 0.00593238 0.00364112
 0.00930552 0.0149591 0.0222166 0.0309046 0.0406606 0.0508108 0.0603238 0.0680338 0.0730581 0.0750909 0.0743715 0.0714345 0.0668732 0.061221 0.0549154 0.0482935 0.0416066 0.0350461 0.0287685 0.0229117 0.0176009 0.0129489 0.00904732 0.00594923 0.00364796
 0.00938675 0.0150761 0.0223648 0.0310709 0.0408273 0.0509627 0.0604524 0.0681365 0.0731326 0.0751292 0.0743578 0.0713504 0.0667092 0.0609881 0.0546486 0.0480424 0.0414162 0.034939 0.0287391 0.0229341 0.0176446 0.0129911 0.00907755 0.0059665 0.0036559
 0.00941152 0.0151172 0.0224276 0.0311591 0.0409405 0.0510931 0.0605838 0.0682479 0.0732059 0.0751561 0.0743415 0.0712996 0.0666305 0.0608829 0.0545182 0.0478956 0.0412723 0.0348214 0.0286649 0.0229058 0.017651 0.0130149 0.00910366 0.00598675 0.00366841
 0.00943472 0.0151489 0.0224645 0.0311952 0.0409699 0.0511132 0.0605975 0.0682615 0.0732244 0.0751793 0.0743634 0.0713122 0.0666276 0.0608622 0.0544799 0.0478421 0.0412088 0.0347575 0.0286123 0.0228739 0.0176418 0.0130232 0.0091205 0.00600397 0.00368151
 0.00921166 0.0148307 0.0220678 0.030763 0.0405589 0.0507741 0.0603593 0.0681301 0.0731913 0.0752326 0.0744926 0.0715064 0.0668716 0.0611354 0.0547591 0.0481064 0.0414436 0.0349562 0.0287756 0.023007 0.0177509 0.0131122 0.00919077 0.00605601 0.00371676
 0.00895665 0.0144501 0.02156 0.0301534 0.0398984 0.0501319 0.0598138 0.0677546 0.073036 0.0753075 0.0747636 0.07191 0.0673389 0.0616118 0.0552106 0.0485153 0.0418016 0.03526 0.0290257 0.0232072 0.0179073 0.0132314 0.00927876 0.00611798 0.00375759
 0.00868383 0.0140208 0.0209426 0.0293336 0.0388887 0.0489825 0.0586207 0.0666534 0.072175 0.0748081 0.0746865 0.0722414 0.0680023 0.0624943 0.0561942 0.0495005 0.0427185 0.0360681 0.0297071 0.0237592 0.018337 0.0135517 0.00950618 0.00627049 0.00385328
 0.00855731 0.0138008 0.0205857 0.0287924 0.0381248 0.0479872 0.0574347 0.0653733 0.0709403 0.0737729 0.0739872 0.0719689 0.0681836 0.0630887 0.0571043 0.0505978 0.0438733 0.0371733 0.0306902 0.024582 0.0189888 0.014041 0.00985314 0.00650163 0.00399684
 0.00914836 0.0146226 0.0215639 0.0297672 0.0388911 0.0483613 0.057312 0.0647507 0.0699027 0.0724646 0.0725829 0.070648 0.067104 0.0623605 0.0567718 0.0506356 0.0442004 0.0376798 0.0312659 0.0251388 0.0194703 0.0144218 0.0101313 0.00668977 0.00411455
 0.00961423 0.0153698 0.0226607 0.0312473 0.0407198 0.0503975 0.0592928 0.0663313 0.0707576 0.0724066 0.071632 0.0690134 0.0650993 0.0603055 0.0549213 0.0491473 0.0431327 0.0370085 0.0309134 0.025006 0.0194641 0.0144715 0.0101931 0.00674256 0.00415182
 0.00951335 0.0153012 0.0227336 0.0316215 0.0415621 0.0518108 0.0612476 0.0686367 0.0730884 0.0743774 0.0728954 0.0693534 0.0644904 0.0589135 0.0530429 0.0471157 0.0412302 0.0354157 0.029701 0.024158 0.0189143 0.0141382 0.0100024 0.00663867 0.00409774
 0.00938591 0.0150935 0.0224272 0.0312173 0.0411025 0.0514016 0.0610592 0.068864 0.0738692 0.0757056 0.0745819 0.071068 0.0658702 0.0596862 0.0531104 0.0465649 0.0402773 0.0343168 0.0286705 0.0233241 0.0183166 0.0137532 0.00977729 0.00651821 0.00403831
 0.00938707 0.0150775 0.0223697 0.0310841 0.040859 0.0510301 0.06058 0.0683513 0.0734517 0.075541 0.0748038 0.0717203 0.0668628 0.0608057 0.0540921 0.0471942 0.0404655 0.0341161 0.0282275 0.0228064 0.0178521 0.0134051 0.00955213 0.00639055 0.00397433
 0.00932402 0.0149843 0.0222454 0.0309313 0.0406789 0.0508172 0.060322 0.068037 0.0730874 0.0751679 0.0745042 0.0716012 0.0670156 0.0612567 0.0547721 0.0479513 0.0411231 0.0345444 0.0283895 0.0227539 0.017683 0.0132126 0.0093943 0.00628615 0.00391654
 0.0094737 0.0151988 0.0225151 0.0312288 0.0409669 0.05106 0.0604936 0.068121 0.073072 0.0750447 0.0742751 0.0712924 0.0666851 0.0609838 0.0546266 0.0479573 0.041242 0.0346922 0.0284801 0.0227408 0.0175739 0.0130523 0.00923355 0.00615838 0.00383177
 0.00962092 0.0154223 0.0228207 0.0316083 0.0413963 0.0515007 0.0608946 0.0684271 0.0732372 0.0750451 0.074116 0.0710031 0.0663106 0.0605775 0.0542448 0.0476496 0.0410356 0.03458 0.0284242 0.0226934 0.0175026 0.0129524 0.00912226 0.00605803 0.00375656
 0.00957014 0.0153678 0.0227897 0.0316418 0.0415361 0.051769 0.0612781 0.0688745 0.0736734 0.075395 0.0743247 0.0710474 0.0661993 0.0603449 0.0539405 0.0473275 0.0407427 0.0343458 0.0282546 0.0225739 0.0174096 0.0128681 0.00904129 0.00598518 0.00369881
 0.00935765 0.0150502 0.0223656 0.0311335 0.0409898 0.0512509 0.0608662 0.0686442 0.0736753 0.0756336 0.0747507 0.0715729 0.0667276 0.0608003 0.0542847 0.0475595 0.0408868 0.0344354 0.0283179 0.0226256 0.0174517 0.0128961 0.00905261 0.00598253 0.00368864
 0.00928333 0.0149375 0.0222116 0.0309416 0.0407704 0.0510213 0.0606507 0.0684739 0.0735844 0.0756506 0.0748882 0.0718183 0.067042 0.061128 0.05457 0.0477641 0.0409995 0.0344699 0.0283015 0.022586 0.0174079 0.012857 0.00901978 0.00595542 0.00366699
 0.00921463 0.0148305 0.0220597 0.0307428 0.0405285 0.0507475 0.0603653 0.0682051 0.0733651 0.0755119 0.0748535 0.0718987 0.0672325 0.0614057 0.0548959 0.0480913 0.0412857 0.0346889 0.0284478 0.0226706 0.0174495 0.012873 0.00902251 0.00595198 0.00366131
 0.00906187 0.014595 0.0217295 0.0303168 0.0400179 0.0501768 0.0597734 0.0676444 0.0728937 0.075183 0.0747042 0.0719444 0.0674661 0.0618001 0.0554078 0.0486664 0.041866 0.0352228 0.0288992 0.0230235 0.0177063 0.013048 0.00913462 0.00601938 0.00369897
 0.00898102 0.0144615 0.0215254 0.0300256 0.0396296 0.0496955 0.0592236 0.0670714 0.0723559 0.0747389 0.074401 0.0718117 0.0675149 0.0620232 0.0557812 0.0491512 0.0424128 0.0357781 0.0294142 0.0234626 0.0180516 0.0132992 0.00930405 0.00612531 0.00376024
 0.00893478 0.0143866 0.0214127 0.0298658 0.0394141 0.049418 0.0588838 0.0666788 0.0719326 0.0743194 0.0740285 0.0715308 0.0673629 0.0620223 0.0559347 0.0494428 0.0428096 0.0362353 0.0298825 0.0238971 0.0184195 0.0135844 0.00950666 0.00625731 0.00383902
 0.00868049 0.0140251 0.0209645 0.0293816 0.0389589 0.049046 0.0586189 0.0665115 0.0718327 0.0742543 0.0739778 0.0714928 0.0673532 0.0620665 0.0560578 0.0496599 0.0431188 0.0366163 0.0303009 0.0243119 0.0187933 0.0138912 0.00973612 0.0064136 0.00393584
 0.00868856 0.0140596 0.0210564 0.0295737 0.0392961 0.0495577 0.0593002 0.0673118 0.0726565 0.0749775 0.0744753 0.0716722 0.0671826 0.0615849 0.0553618 0.0488727 0.0423561 0.0359618 0.0297959 0.0239593 0.0185699 0.0137623 0.00966784 0.00637973 0.00391958
 0.0082111 0.0133269 0.0200384 0.0282814 0.0377898 0.0479525 0.0577658 0.0660534 0.07187 0.0747893 0.074898 0.0725999 0.0684275 0.0629371 0.0566468 0.0499862 0.043268 0.0366941 0.030391 0.0244539 0.0189833 0.0140995 0.00992833 0.00656623 0.00404165
#obs surv len freq
 0.0049718 0.00814423 0.0123886 0.0177184 0.0240066 0.0308862 0.0377294 0.0438113 0.0485809 0.0518386 0.0537056 0.0544705 0.0544552 0.0539578 0.0532374 0.0525056 0.0519048 0.0514682 0.0510566 0.0503012 0.0486201 0.045383 0.0402132 0.0332798 0.0253648
 0.0051919 0.00850288 0.0129302 0.0184853 0.0250321 0.0321823 0.0392742 0.0455422 0.0504021 0.0536361 0.0553639 0.0558824 0.0555278 0.0546145 0.0534211 0.0521815 0.0510655 0.0501389 0.0493008 0.0482233 0.0463638 0.0431203 0.0381205 0.0315043 0.0239923
 0.00541866 0.00887683 0.0135028 0.0193076 0.0261447 0.0335994 0.0409677 0.0474371 0.0523879 0.0555891 0.057166 0.0574307 0.0567346 0.0554055 0.0537341 0.0519679 0.0502958 0.0488124 0.0474579 0.045959 0.0438321 0.0405239 0.0356794 0.029409 0.0223597
 0.00566268 0.00927353 0.0141002 0.0201514 0.027271 0.0350224 0.0426657 0.0493456 0.0544061 0.0575965 0.0590406 0.0590615 0.0580281 0.0562859 0.0541403 0.0518503 0.0496163 0.0475527 0.0456368 0.0436523 0.0411878 0.0377558 0.0330341 0.0271102 0.0205523
 0.00588849 0.00964865 0.0146794 0.0209905 0.0284148 0.0364868 0.0444207 0.0513109 0.0564649 0.0596208 0.0609118 0.0606799 0.0593117 0.0571673 0.054563 0.0517659 0.0489846 0.0463481 0.0438638 0.0413694 0.0385283 0.0349301 0.0302982 0.0247065 0.0186455
 0.00612927 0.0100391 0.0152657 0.0218162 0.0295147 0.0378755 0.0460789 0.053178 0.0584435 0.0615919 0.0627529 0.06228 0.0605805 0.0580365 0.0549827 0.0516972 0.0483944 0.0452117 0.0421794 0.0391825 0.0359563 0.0321694 0.0275986 0.0223131 0.0167322
 0.0063789 0.0104482 0.0158872 0.0227003 0.0306978 0.0393639 0.0478332 0.0551105 0.0604339 0.0635131 0.0644924 0.063748 0.0617077 0.0587701 0.0552825 0.051532 0.0477397 0.0440502 0.0405115 0.0370482 0.0334598 0.0294904 0.0249719 0.0199746 0.014854
 0.00662432 0.0108522 0.0165043 0.0235839 0.0318893 0.040875 0.0496277 0.0570982 0.0624837 0.0654788 0.0662397 0.0651716 0.0627373 0.0593669 0.0554293 0.0512229 0.046971 0.04282 0.0388292 0.0349537 0.0310483 0.0269242 0.0224646 0.0177437 0.0130601
 0.00683293 0.0111942 0.0170247 0.0243271 0.0328915 0.0421514 0.0511584 0.0588213 0.064301 0.0672717 0.0678867 0.0665625 0.0637834 0.0600068 0.0556302 0.0509749 0.0462781 0.0416939 0.0372914 0.0330499 0.0288677 0.0246117 0.0202085 0.0157362 0.0114439
 0.00706027 0.0115667 0.0175903 0.0251312 0.0339668 0.0435025 0.0527473 0.060564 0.0660816 0.0689662 0.0693844 0.0677755 0.0646477 0.06048 0.0556886 0.0506118 0.0455009 0.0405215 0.0357554 0.0312035 0.0267997 0.0224544 0.0181283 0.0138994 0.00997212
 0.00725339 0.0118852 0.0180778 0.0258312 0.0349132 0.0447054 0.054179 0.0621527 0.0677217 0.0705381 0.0707754 0.0688943 0.0654304 0.0608892 0.0557098 0.0502463 0.0447608 0.0394282 0.0343425 0.029525 0.0249401 0.0205338 0.0162916 0.012288 0.00868695
 0.00742275 0.0121618 0.0184967 0.0264258 0.0357096 0.0457122 0.0553763 0.0634877 0.0691136 0.0718922 0.0719971 0.0698998 0.0661535 0.0612856 0.0557572 0.0499421 0.0441174 0.038469 0.0331028 0.0280578 0.0233236 0.0188745 0.0147145 0.0109119 0.00759448
 0.00753943 0.0123539 0.0187904 0.0268474 0.0362806 0.0464417 0.056253 0.0644767 0.070161 0.0729342 0.072969 0.0707407 0.0668086 0.0617089 0.055914 0.0498119 0.0436951 0.037765 0.0321445 0.0268917 0.02202 0.0175269 0.01343 0.00979059 0.00670485
 0.0076044 0.0124574 0.0189428 0.0270583 0.0365593 0.0467965 0.0566893 0.0649942 0.0707507 0.0735771 0.0736355 0.0713921 0.0673996 0.062191 0.0562403 0.0499415 0.0435982 0.0374278 0.0315732 0.0261167 0.0210974 0.0165364 0.012464 0.00893546 0.00602062
 0.00766346 0.0125467 0.0190646 0.0272111 0.0367384 0.0469974 0.0569091 0.0652331 0.0710124 0.0738677 0.07396 0.0717496 0.0677777 0.062563 0.0565671 0.0501767 0.0436965 0.0373533 0.0313081 0.025668 0.0205006 0.0158526 0.0117697 0.00830512 0.00550806
 0.00772308 0.0126369 0.0191877 0.027364 0.0369134 0.0471831 0.057092 0.0654007 0.0711564 0.0739887 0.0740687 0.0718629 0.0679118 0.0627244 0.0567464 0.0503478 0.0438206 0.037388 0.0312188 0.0254391 0.0201434 0.0154056 0.0112902 0.00785396 0.00513247
 0.00775624 0.0126874 0.0192574 0.027452 0.0370159 0.0472937 0.0572023 0.0655009 0.0712383 0.0740485 0.0741094 0.0718948 0.0679492 0.0627815 0.0568306 0.0504543 0.0439297 0.0374683 0.031235 0.0253641 0.0199692 0.0151488 0.0109882 0.00755267 0.00487166
 0.007807 0.012763 0.0193581 0.0275734 0.0371497 0.0474296 0.0573299 0.0656102 0.0713209 0.0740988 0.0741265 0.0718831 0.0679184 0.0627449 0.0568018 0.0504423 0.0439346 0.0374781 0.0312282 0.0253167 0.0198655 0.0149894 0.0107916 0.00734872 0.00468953
 0.00784489 0.0128209 0.0194381 0.0276743 0.0372667 0.0475543 0.0574505 0.0657135 0.0713953 0.0741378 0.0741302 0.0718577 0.0678736 0.0626909 0.0567483 0.0503974 0.0439025 0.0374568 0.0312079 0.0252828 0.019804 0.0148947 0.0106705 0.0072179 0.00456853
 0.0078717 0.0128622 0.0194961 0.027749 0.0373561 0.0476541 0.0575536 0.0658106 0.071476 0.074193 0.0741548 0.0718514 0.0678407 0.0626393 0.0566875 0.0503362 0.0438476 0.0374109 0.0311687 0.025243 0.0197547 0.0148301 0.0105915 0.00713257 0.00448836
 0.00789356 0.0128941 0.0195371 0.0277962 0.0374053 0.0477012 0.0575961 0.0658475 0.0715072 0.0742183 0.074173 0.0718608 0.0678398 0.0626275 0.0566659 0.050308 0.0438168 0.0373811 0.0311409 0.0252153 0.0197228 0.0147903 0.0105434 0.00707997 0.0044379
 0.0079005 0.0129045 0.0195511 0.027813 0.0374231 0.0477174 0.0576078 0.0658521 0.071504 0.0742093 0.0741627 0.0718542 0.0678397 0.062634 0.0566764 0.0503189 0.0438255 0.0373861 0.0311419 0.0252117 0.0197133 0.0147735 0.0105194 0.00705126 0.00440874
 0.0079061 0.0129097 0.0195518 0.0278033 0.0373973 0.0476727 0.0575466 0.065782 0.0714355 0.0741523 0.0741246 0.0718386 0.0678476 0.0626634 0.0567229 0.0503763 0.0438867 0.0374446 0.0311927 0.0252516 0.0197406 0.0147879 0.0105221 0.00704524 0.00439787
 0.00788508 0.0128745 0.0194968 0.0277229 0.0372871 0.0475318 0.0573802 0.0656024 0.071261 0.074004 0.0740216 0.0717943 0.0678664 0.0627407 0.0568468 0.0505308 0.0440547 0.0376109 0.0313449 0.0253813 0.0198434 0.0148627 0.0105713 0.00707338 0.00441097
 0.00788136 0.0128649 0.0194758 0.027683 0.0372206 0.0474337 0.0572507 0.0654481 0.0710944 0.0738411 0.0738798 0.0716902 0.0678133 0.0627457 0.0569094 0.0506423 0.0442006 0.0377736 0.0315073 0.0255292 0.0199672 0.0149582 0.0106385 0.00711607 0.00443504
 0.00788555 0.0128687 0.0194759 0.027674 0.0371957 0.0473864 0.0571764 0.0653464 0.070969 0.0737009 0.073738 0.0715625 0.0677155 0.0626909 0.0569053 0.0506899 0.0442935 0.0378991 0.0316491 0.0256707 0.0200945 0.0150621 0.0107157 0.00716807 0.00446655
 0.00785034 0.0128138 0.0193976 0.0275706 0.0370677 0.047237 0.0570122 0.0651769 0.0708062 0.073557 0.0736235 0.0714855 0.0676816 0.0627035 0.0569652 0.050795 0.0444377 0.0380721 0.0318369 0.0258572 0.0202644 0.0152043 0.0108246 0.00724418 0.00451482
 0.00781063 0.0127487 0.0192989 0.027431 0.0368838 0.0470121 0.0567594 0.0649185 0.0705689 0.073365 0.0734931 0.0714235 0.0676869 0.06277 0.0570845 0.0509577 0.0446339 0.0382906 0.0320647 0.0260797 0.0204674 0.015376 0.0109585 0.00733981 0.00457701
 0.00779525 0.0127186 0.0192442 0.0273397 0.0367443 0.0468187 0.0565165 0.0646428 0.0702866 0.0731064 0.0732866 0.0712899 0.0676368 0.0628031 0.0571917 0.0511246 0.0448438 0.0385267 0.0323107 0.0263199 0.0206872 0.0155637 0.0111068 0.00744739 0.00464823
 0.00776365 0.0126687 0.0191716 0.0272406 0.0366154 0.0466574 0.0563224 0.0644196 0.0700444 0.0728627 0.0730646 0.0711151 0.0675315 0.062781 0.0572553 0.0512655 0.0450456 0.0387685 0.0325709 0.0265779 0.0209253 0.0157682 0.0112695 0.0075666 0.00472804
 0.00775011 0.012645 0.0191329 0.0271814 0.0365312 0.0465463 0.0561868 0.0642657 0.0698806 0.0726971 0.0729051 0.0709708 0.0674144 0.0627059 0.057236 0.0513104 0.045154 0.0389305 0.0327691 0.0267915 0.0211336 0.015954 0.0114215 0.00768038 0.00480562
 0.00934695 0.0148804 0.0218312 0.0299566 0.0388995 0.0481054 0.0567574 0.0639187 0.0688534 0.0712724 0.0713214 0.0693893 0.0659278 0.0613616 0.0560569 0.0503068 0.0443289 0.0382797 0.0322801 0.0264442 0.0209024 0.0158112 0.0113408 0.00763936 0.00478739
 0.00932237 0.0151381 0.0227437 0.0319868 0.0423992 0.0530436 0.0625476 0.0695144 0.0731203 0.0734357 0.0712207 0.0674205 0.0627669 0.0576745 0.0523343 0.0468387 0.0412555 0.0356531 0.0301071 0.0247074 0.0195678 0.0148318 0.0106597 0.00719418 0.00451623
 0.00896674 0.014577 0.0219531 0.0310138 0.0414173 0.0523912 0.0626893 0.070877 0.0758414 0.0771751 0.0752007 0.0707223 0.0647144 0.0580687 0.0514247 0.0451098 0.0391951 0.0336185 0.0283017 0.0232166 0.0184058 0.0139742 0.0100624 0.00680415 0.00427923
 0.00878378 0.0142681 0.0214678 0.0303012 0.0404456 0.0511817 0.0613606 0.0696736 0.0751141 0.0772845 0.0763592 0.0728441 0.0673805 0.0606633 0.053384 0.0461362 0.0393173 0.0330932 0.0274528 0.0223108 0.0176054 0.0133472 0.00961467 0.00650972 0.00410067
 0.00873581 0.0141799 0.0213153 0.0300524 0.0400644 0.050637 0.0606397 0.0688011 0.0741724 0.0764284 0.0758058 0.0728192 0.068022 0.0619249 0.0550097 0.0477441 0.0405559 0.0337777 0.0276027 0.0220872 0.0172074 0.0129329 0.00927189 0.00626578 0.00394654
 0.00871547 0.0141477 0.0212675 0.0299838 0.0399657 0.0504928 0.0604282 0.0684981 0.0737618 0.0759185 0.0752475 0.0723157 0.0677162 0.0619539 0.0554379 0.0485109 0.0414796 0.0346273 0.0281974 0.0223626 0.0172138 0.0127811 0.00907117 0.0060871 0.00381816
 0.00868331 0.0140991 0.0212013 0.0299012 0.03987 0.0503872 0.0603145 0.0683739 0.0736186 0.0757432 0.0750285 0.0720567 0.0674502 0.0617481 0.0553774 0.0486601 0.0418407 0.0351248 0.0287048 0.0227606 0.0174405 0.0128458 0.00902959 0.0060031 0.00373681
 0.00868388 0.0140941 0.0211828 0.0298591 0.0397951 0.0502765 0.0601745 0.0682201 0.0734689 0.07561 0.0749137 0.0719525 0.0673477 0.06165 0.0553062 0.048655 0.0419389 0.035335 0.0289934 0.0230613 0.0176859 0.0129977 0.00908988 0.00600095 0.00370717
 0.00866902 0.0140734 0.0211578 0.0298322 0.0397676 0.0502462 0.0601349 0.0681627 0.0733889 0.07551 0.0748042 0.0718469 0.0672562 0.0615775 0.0552556 0.0486339 0.0419616 0.0354154 0.0291319 0.0232373 0.017863 0.0131404 0.00917954 0.00604053 0.00371326
 0.00866688 0.0140693 0.0211506 0.0298209 0.0397521 0.0502278 0.0601159 0.0681454 0.0733728 0.0754909 0.0747755 0.0718038 0.0671992 0.0615124 0.0551924 0.0485836 0.041935 0.0354223 0.0291774 0.0233168 0.017961 0.0132354 0.00925343 0.00608572 0.00373326
 0.00864544 0.0140374 0.021108 0.0297694 0.0396948 0.0501685 0.0600586 0.0680942 0.0733319 0.0754638 0.0747635 0.0718047 0.0672079 0.0615231 0.0552014 0.0485915 0.041947 0.0354453 0.0292174 0.0233752 0.0180324 0.013309 0.00931715 0.00613185 0.00376063
 0.00861536 0.0139876 0.021032 0.0296616 0.0395529 0.0499972 0.0598714 0.0679124 0.0731796 0.0753607 0.07472 0.0718203 0.0672735 0.0616245 0.0553229 0.0487194 0.0420718 0.0355632 0.0293284 0.0234805 0.0181314 0.0133981 0.00939127 0.00618717 0.00379689
 0.00863041 0.0140116 0.0210668 0.0297074 0.0396071 0.0500526 0.0599165 0.0679338 0.0731667 0.0753113 0.0746417 0.0717282 0.0671846 0.0615516 0.0552723 0.0486911 0.0420622 0.0355676 0.0293434 0.0235041 0.0181615 0.0134316 0.00942393 0.0062149 0.00381722
 0.00860825 0.01398 0.0210276 0.0296652 0.0395685 0.0500238 0.0599016 0.0679329 0.0731759 0.0753233 0.0746486 0.0717248 0.0671705 0.0615324 0.055256 0.0486849 0.0420694 0.0355877 0.0293733 0.0235399 0.0181996 0.0134689 0.00945744 0.00624227 0.00383726
 0.00861062 0.0139798 0.0210199 0.029644 0.0395286 0.0499651 0.0598309 0.0678633 0.0731218 0.0752945 0.0746466 0.0717431 0.0671987 0.0615607 0.0552796 0.0487039 0.0420875 0.0356089 0.0293996 0.0235708 0.0182329 0.0135015 0.00948664 0.00626607 0.00385478
 0.00861062 0.0139798 0.0210199 0.029644 0.0395286 0.0499651 0.0598309 0.0678633 0.0731218 0.0752945 0.0746466 0.0717431 0.0671987 0.0615607 0.0552796 0.0487039 0.0420875 0.0356089 0.0293996 0.0235708 0.0182329 0.0135015 0.00948664 0.00626607 0.00385478
 0.00883595 0.0143377 0.0215407 0.0303443 0.0404017 0.0509684 0.0608789 0.0688348 0.0738873 0.0757528 0.0747516 0.0715085 0.0666839 0.0608484 0.0544563 0.0478477 0.0412612 0.0348581 0.028753 0.0230418 0.0178222 0.0132 0.00927847 0.00613177 0.00377442
 0.00856958 0.01394 0.0210098 0.0297069 0.039712 0.0503019 0.060323 0.0684746 0.0737843 0.0759232 0.0751574 0.0720693 0.067303 0.0614411 0.0549667 0.0482515 0.0415597 0.0350678 0.028896 0.0231393 0.0178902 0.0132489 0.00931425 0.00615749 0.00379201
#pred catch len freq
 0.00518089 0.00820904 0.0119907 0.0164264 0.0214312 0.0269046 0.0326543 0.0383761 0.0437232 0.0483998 0.0522102 0.0550668 0.0569827 0.0580499 0.0583982 0.0581501 0.0573942 0.0561722 0.0544585 0.052122 0.0489046 0.0444875 0.0386777 0.0316391 0.0239899
 0.00562469 0.00881742 0.0127026 0.0171291 0.0220105 0.0273143 0.0329582 0.0387239 0.0442659 0.0491949 0.0531764 0.0560141 0.0576961 0.0583774 0.0583013 0.0577019 0.056732 0.0554297 0.0537083 0.0513557 0.0480636 0.0435242 0.0376092 0.0305552 0.0230133
 0.00609651 0.00956278 0.0137768 0.0185505 0.023737 0.0292225 0.0348451 0.0403542 0.0454609 0.0499115 0.0535134 0.056131 0.0577011 0.0582664 0.057984 0.0570834 0.0557837 0.0542045 0.0523026 0.0498577 0.0465271 0.0419836 0.0361125 0.0291806 0.0218507
 0.00649716 0.0101977 0.0147044 0.0198204 0.0253874 0.0312684 0.0372507 0.043 0.0481275 0.0523065 0.0553478 0.0572152 0.0580036 0.0578939 0.0570974 0.0558118 0.0541955 0.0523358 0.0502007 0.0476008 0.0442166 0.0397299 0.0340273 0.0273693 0.0203942
 0.00688963 0.01081 0.0155799 0.0209885 0.0268665 0.0330687 0.0393688 0.045404 0.0507383 0.0549798 0.0578687 0.0593193 0.0594335 0.0584736 0.0567841 0.0546913 0.0524269 0.0500879 0.0476205 0.0448193 0.0413697 0.0369682 0.0315066 0.0252248 0.0187115
 0.00731066 0.0114622 0.0165028 0.0222009 0.0283696 0.0348497 0.0413999 0.0476371 0.0531027 0.0573827 0.0601924 0.0614157 0.0611234 0.059564 0.0571078 0.0541556 0.051044 0.0479693 0.0449429 0.0417884 0.0381998 0.0338735 0.0286888 0.0228476 0.0168687
 0.00775183 0.0121406 0.0174524 0.0234304 0.0298663 0.0365854 0.0433316 0.0497042 0.055227 0.059475 0.0621602 0.0631663 0.0625597 0.0605775 0.0575782 0.0539663 0.0501143 0.0462899 0.0425961 0.038944 0.0350902 0.0307595 0.0258199 0.0204203 0.0149928
 0.0082486 0.0129075 0.0185312 0.0248337 0.0315787 0.0385656 0.0455099 0.0519809 0.0574794 0.0615743 0.0639919 0.0646421 0.0636195 0.0611807 0.0576892 0.0535426 0.049108 0.044669 0.0403791 0.0362295 0.0320645 0.0276736 0.0229398 0.017967 0.0130936
 0.00866907 0.0135633 0.0194669 0.0260746 0.0331294 0.0404077 0.0475943 0.0542203 0.0597494 0.0637279 0.0658803 0.0661381 0.0646341 0.0616693 0.0576436 0.0529728 0.0480245 0.043079 0.0383037 0.0337347 0.0292873 0.0248209 0.0202522 0.0156591 0.0112974
 0.00898298 0.0140575 0.0201816 0.0270386 0.0343584 0.0419001 0.0493233 0.0561257 0.0617375 0.065679 0.0676624 0.067622 0.0657099 0.0622599 0.0577119 0.052518 0.0470694 0.0416583 0.0364624 0.0315426 0.0268595 0.0223258 0.0178915 0.0136202 0.00970174
 0.00936898 0.0146508 0.0210117 0.0281128 0.0356655 0.0434151 0.0510066 0.0579178 0.0635554 0.0674203 0.0692151 0.068878 0.0665777 0.062675 0.0576421 0.0519623 0.0460525 0.0402237 0.0346689 0.0294691 0.0246158 0.0200577 0.015767 0.0117945 0.00827565
 0.00972917 0.0152048 0.0217869 0.0291148 0.0368793 0.0448089 0.0525315 0.0595063 0.0651248 0.0688815 0.0704826 0.0698765 0.0672455 0.0629672 0.0575323 0.0514446 0.0451413 0.0389523 0.0330899 0.0276569 0.0226712 0.0181081 0.0139533 0.0102432 0.00706715
 0.00981294 0.0153591 0.0220527 0.0295421 0.0375162 0.0456841 0.053637 0.0607905 0.0665003 0.0702426 0.0717245 0.0709088 0.0679998 0.063399 0.057619 0.0511815 0.0445382 0.0380335 0.0318962 0.0262506 0.0211392 0.0165598 0.0125072 0.00900418 0.00610097
 0.00965605 0.0151363 0.0217796 0.0292596 0.0372879 0.0455861 0.0537448 0.0611634 0.0671631 0.0711704 0.072839 0.0720926 0.0691229 0.0643458 0.0583051 0.0515574 0.0445857 0.037759 0.0313286 0.0254411 0.020163 0.015512 0.0114916 0.00811335 0.0053956
 0.00950261 0.0149006 0.021452 0.0288436 0.0368042 0.0450757 0.0532716 0.0608112 0.067022 0.0713142 0.073301 0.0728494 0.0700943 0.0654103 0.059327 0.052415 0.0451909 0.0380659 0.0313318 0.0251712 0.0196806 0.0149004 0.0108439 0.0075147 0.00490579
 0.00941825 0.0147632 0.0212447 0.0285512 0.0364164 0.0445941 0.0527175 0.060231 0.0664868 0.0709111 0.0731169 0.0729496 0.0705018 0.0660922 0.0601959 0.0533474 0.0460558 0.0387535 0.0317734 0.0253471 0.0196172 0.0146594 0.0105054 0.0071581 0.00459202
 0.00958028 0.0149807 0.0214867 0.0287586 0.0365165 0.0445244 0.0524474 0.0597714 0.0658874 0.0702499 0.0724886 0.0724527 0.0702215 0.066081 0.0604582 0.0538334 0.046671 0.0393818 0.032307 0.0257117 0.0197863 0.014653 0.0103763 0.00697087 0.00440326
 0.00978294 0.0152892 0.0219095 0.0292835 0.0371057 0.0451131 0.0529465 0.0600819 0.0659271 0.0699845 0.07195 0.0717337 0.0694496 0.0653858 0.0599411 0.0535472 0.0466118 0.0394946 0.0325053 0.0259063 0.0199111 0.0146809 0.0103178 0.00686057 0.00428031
 0.00984134 0.0153904 0.0220733 0.029532 0.0374576 0.0455737 0.0534961 0.0606683 0.0664674 0.07038 0.0721118 0.0716122 0.0690568 0.0647966 0.0592724 0.0529216 0.0461213 0.0391788 0.0323494 0.0258574 0.0199054 0.0146681 0.0102753 0.00679134 0.00420143
 0.00984018 0.0153925 0.0220848 0.0295636 0.0375254 0.0456978 0.0536975 0.0609604 0.066846 0.0708129 0.0725366 0.071947 0.0692239 0.0647511 0.0590214 0.0525248 0.0456699 0.0387621 0.032026 0.0256423 0.0197778 0.0145917 0.0102183 0.00673741 0.00414889
 0.00970231 0.015195 0.0218375 0.0292936 0.0372714 0.0455001 0.0535891 0.0609643 0.0669744 0.0710659 0.0728972 0.0723763 0.0696614 0.0651251 0.0592696 0.0526156 0.0456142 0.0386078 0.0318359 0.0254692 0.0196484 0.0145065 0.0101636 0.00669843 0.00411732
 0.0096884 0.0151487 0.0217253 0.0290739 0.0369104 0.0449936 0.0529799 0.0603401 0.066444 0.0707257 0.0728048 0.0725396 0.0700429 0.0656533 0.0598549 0.0531695 0.0460703 0.0389355 0.032042 0.0255848 0.0197102 0.0145418 0.0101859 0.00671176 0.00412282
 0.00974958 0.0152392 0.0218429 0.0292049 0.0370265 0.0450516 0.0529282 0.0601355 0.0660758 0.0702346 0.0722809 0.0720954 0.0697725 0.0656007 0.0600045 0.0534599 0.0464198 0.0392695 0.0323122 0.0257748 0.0198287 0.0146091 0.0102219 0.0067301 0.00413124
 0.00978763 0.0152986 0.0219276 0.0293167 0.0371632 0.0452054 0.0530816 0.0602585 0.0661281 0.0701759 0.0720889 0.0717837 0.0693967 0.0652435 0.0597452 0.0533438 0.0464443 0.0393933 0.0324778 0.025933 0.0199516 0.0146904 0.0102687 0.00675394 0.00414189
 0.00985595 0.0153959 0.0220487 0.0294488 0.0372907 0.0453161 0.0531716 0.0603304 0.0661838 0.0702091 0.0720819 0.0717138 0.069249 0.0650259 0.0594927 0.0531085 0.0462743 0.0393122 0.0324784 0.0259859 0.0200224 0.0147539 0.0103139 0.00678069 0.00415529
 0.00987087 0.0154213 0.0220885 0.0295062 0.0373657 0.0454037 0.0532604 0.0604058 0.066234 0.0702297 0.0720761 0.0716864 0.0692004 0.0649513 0.059389 0.052983 0.0461476 0.0392104 0.0324206 0.0259752 0.0200463 0.0147932 0.0103521 0.00680935 0.00417296
 0.00986441 0.0154092 0.022068 0.0294747 0.0373232 0.0453544 0.0532139 0.0603741 0.0662261 0.0702474 0.0721127 0.071731 0.0692424 0.0649828 0.0594048 0.052981 0.0461302 0.0391862 0.0324019 0.0259721 0.0200617 0.0148219 0.0103848 0.00683782 0.00419332
 0.00966284 0.0151242 0.0217177 0.029102 0.0369823 0.0450907 0.0530487 0.0603038 0.0662336 0.0703155 0.0722308 0.0718923 0.0694384 0.0651997 0.0596253 0.0531882 0.0463122 0.0393381 0.0325255 0.0260734 0.0201469 0.0148943 0.0104445 0.00688375 0.00422527
 0.00935337 0.0146675 0.0211182 0.0283978 0.0362398 0.044391 0.0524734 0.0599213 0.0660855 0.0704044 0.0725203 0.0723202 0.0699383 0.0657178 0.0601257 0.0536496 0.0467219 0.0396893 0.0328165 0.0263073 0.02033 0.0150339 0.0105475 0.00695615 0.0042729
 0.00903024 0.0141715 0.0204275 0.0275154 0.0351958 0.0432447 0.0513149 0.0588678 0.0652636 0.0699223 0.072438 0.0726346 0.0705858 0.066595 0.0611175 0.0546542 0.0476649 0.0405256 0.0335247 0.0268827 0.0207787 0.015369 0.0107857 0.00711616 0.00437347
 0.008899 0.0139509 0.020082 0.0270075 0.0344942 0.0423385 0.0502294 0.0576742 0.0640757 0.0688796 0.0716799 0.0722696 0.0706654 0.0670995 0.0619617 0.0557123 0.048803 0.0416294 0.0345147 0.0277155 0.0214404 0.0158666 0.0111391 0.00735186 0.00452005
 0.00951119 0.0148031 0.0210983 0.028024 0.0352994 0.0427414 0.0501187 0.0570412 0.0630019 0.0675091 0.0701921 0.070854 0.0694937 0.0662966 0.0615833 0.0557374 0.0491478 0.0421753 0.0351409 0.0283241 0.0219684 0.0162848 0.0114449 0.00755887 0.00464963
 0.0100789 0.0156834 0.022337 0.0296164 0.0371711 0.0447305 0.0519738 0.0584571 0.0637009 0.0673362 0.0691726 0.0691816 0.067462 0.064214 0.0597062 0.0542326 0.048082 0.0415272 0.0348287 0.0282404 0.0220116 0.0163778 0.0115405 0.00763544 0.00470215
 0.00999661 0.015633 0.022416 0.0299689 0.0379518 0.046043 0.0538081 0.0606553 0.0659692 0.0693036 0.0704818 0.0695894 0.066914 0.0628584 0.0578379 0.0521957 0.0461738 0.0399401 0.033638 0.0274277 0.0215039 0.0160858 0.0113848 0.00755775 0.00466555
 0.00985753 0.015415 0.0221093 0.0295872 0.0375494 0.0457312 0.0537518 0.0610345 0.0669038 0.0707719 0.0722842 0.0713866 0.0683324 0.0636156 0.0578319 0.0515213 0.0450667 0.0386813 0.032464 0.0264801 0.0208256 0.0156493 0.0111298 0.00742146 0.0045984
 0.0098246 0.0153507 0.0219925 0.0293907 0.0372478 0.0453143 0.0532446 0.0605138 0.0665014 0.0706513 0.0725845 0.0721517 0.0694611 0.0648722 0.0589246 0.0522134 0.045262 0.03844 0.031952 0.0258865 0.0202946 0.0152518 0.0108728 0.00727574 0.00452535
 0.00979995 0.0153147 0.0219447 0.0293297 0.0371673 0.0451989 0.0530702 0.0602579 0.0661619 0.0702674 0.0722456 0.0719799 0.0695653 0.0652911 0.0595901 0.0529636 0.0459043 0.0388327 0.0320558 0.0257611 0.0200507 0.0149944 0.0106659 0.0071387 0.00444822
