SBPRF35
7.78865
Curr Bio
627921
B35
705710
F35
0.229462
FOFL
0.212533
OFL
104648
Bzero
2.22533e+06
#pred survey bio
 4.49079e+06 4.21799e+06 3.96976e+06 3.679e+06 3.36815e+06 3.04438e+06 2.74864e+06 2.44811e+06 2.1501e+06 1.89437e+06 1.65477e+06 1.47429e+06 1.29305e+06 1.13114e+06 997719 885797 799312 737487 702594 678597 656235 627230 623102 607373 610288 605027 589738 590518 583648 575114 576447 580994 581813 577382 566713 544259 537644 525842 527168 527609 539725 539316 540489 538612 544020 548399 552244 552222 564673 576496 594195 616078 626401 2.29076e+07 1.39745e+07 1.42641e+07 1.4708e+07 1.52221e+07 1.57166e+07 1.61453e+07 1.64939e+07 1.67658e+07 1.69723e+07 1.71266e+07 1.72408e+07 1.7325e+07 1.73871e+07 1.7433e+07 1.7467e+07 1.74924e+07 1.75114e+07 1.75257e+07 1.75365e+07 1.75447e+07 1.75509e+07 1.75557e+07 1.75593e+07 1.75621e+07 1.75643e+07 1.75659e+07 1.75672e+07 1.75682e+07 1.75689e+07 1.75695e+07 1.757e+07 1.75703e+07 1.75706e+07 1.75708e+07 1.7571e+07 1.75711e+07 1.75712e+07 1.75713e+07 1.75713e+07 1.75714e+07 1.75714e+07 1.75714e+07 1.75715e+07 1.75715e+07 1.75715e+07 1.75715e+07 1.75715e+07 1.75715e+07 1.75715e+07 1.75715e+07 1.75715e+07 1.75715e+07 1.75715e+07 1.75715e+07 1.75715e+07 1.75715e+07 1.75715e+07 1.75715e+07 1.75715e+07 1.75715e+07 1.75715e+07 1.75715e+07 1.75715e+07 1.75715e+07 1.75715e+07 1.75715e+07 1.75715e+07 1.75715e+07 1.75715e+07 1.75715e+07 1.75715e+07 1.75715e+07 1.75715e+07 1.75715e+07 1.75715e+07 1.75715e+07 1.75715e+07 1.75715e+07 1.75715e+07 1.75715e+07 1.75715e+07 1.75715e+07 1.75715e+07 1.75715e+07 1.75715e+07 1.75715e+07 1.75715e+07 1.75715e+07 1.75715e+07 1.75715e+07 1.75715e+07 1.75715e+07 1.75715e+07 1.75715e+07 1.75715e+07 1.75715e+07 1.75715e+07 1.75715e+07 1.75715e+07 0 0 0 0 0 0 0 0 0 0 0 0 0 0 0 0 0 0 0 0 0 0 0 0 0
#obs survey bio
 3.94308e+06 3.04106e+06 3.75172e+06 3.091e+06 2.10461e+06 2.76842e+06 1.80942e+06 1.89748e+06 2.00341e+06 1.52679e+06 1.36996e+06 1.52319e+06 833764 755471 945990 732165 887582 663308 666832 732519 722573 535508 600024 824987 481342 494357 542445 737014 547171 509289 506213 531994 489146 557187 642073 508570 723960 619720 877434 691508 540512 500507 509883 565152 818034 662694 552411 477956 429216 643218 585852 546982 651652
#pred catch bio
 92076.7 88253.7 152520 201453 247500 255998 291655 317517 303144 307670 269865 281245 270628 248600 230270 206428 181432 154551 142226 137623 139577 116078 124370 107440 113189 118828 102072 105826 105201 96011.2 93040.6 95311.5 97065.5 97780.2 102374 85918.9 91704.6 83373.9 85635.2 76143.9 87171.9 86286 89507.8 84199.2 86504.3 88875 94254.8 86411.2 90545.3 89388.9 90232 104346 92725.3 104648 113390 114667 117022 120258 123500 126271 128438 130040 131177 131959 132486 132834 133061 133208 133301 133360 133398 133421 133436 133445 133451 133455 133457 133458 133459 133460 133460 133460 133460 133460 133460 133460 133460 133460 133460 133460 133460 133460 133460 133460 133460 133460 133460 133460 133460 133460 133460 133460 133460 133460 133460 133460 133460 133460 133460 133460 133460 133460 133460 133460 133460 133460 133460 133460 133460 133460 133460 133460 133460 133460 133460 133460 133460 133460 133460 133460 133460 133460 133460 133460 133460 133460 133460 133460 133460 133460 133460 133460 133460 133460 133460 133460 133460 133460 133460 133460 133460 133460 133460 0 0 0 0 0 0 0 0 0 0 0 0 0 0 0 0 0 0 0 0 0 0 0 0 0
#obs catch bio
 0 87972.1 153102 202311 249650 258830 296391 323164 308911 314775 275036 287632 278711 255319 236637 212633 186336 156929 144307 139290 141392 117134 125809 108039 114701 120150 102724 105873 105237 96493.2 93393.3 95991.8 98120.5 98033.2 102484 85689.3 91201 82692.4 84731.2 75121.1 85862.4 85295.4 88775.2 83451.3 85591.5 88078 93978.4 86100.7 90471.6 89474.8 90029.6 104790 92610.9
#pred cpue bio
 4.40477e+06 4.13484e+06 3.88887e+06 3.59949e+06 3.29025e+06 2.96804e+06 2.6739e+06 2.37576e+06 2.08057e+06 1.8274e+06 1.59057e+06 1.41203e+06 1.23339e+06 1.07432e+06 943668 834412 750544 691364 658337 635691 614689 587204 583471 568493 571470 566843 552796 554386 548425 540302 541546 546065 547299 544007 535059 514477 508022 495241 495438 495949 508060 507704 508564 506507 511516 515412 518574 517956 529315 539977 556353 576678 585745 2.14419e+07 1.30981e+07 1.33501e+07 1.3732e+07 1.42205e+07 1.47087e+07 1.51361e+07 1.54844e+07 1.57563e+07 1.59628e+07 1.61171e+07 1.62313e+07 1.63156e+07 1.63777e+07 1.64235e+07 1.64576e+07 1.64829e+07 1.65019e+07 1.65162e+07 1.6527e+07 1.65352e+07 1.65414e+07 1.65462e+07 1.65499e+07 1.65527e+07 1.65548e+07 1.65565e+07 1.65577e+07 1.65587e+07 1.65595e+07 1.656e+07 1.65605e+07 1.65608e+07 1.65611e+07 1.65613e+07 1.65615e+07 1.65616e+07 1.65617e+07 1.65618e+07 1.65618e+07 1.65619e+07 1.65619e+07 1.6562e+07 1.6562e+07 1.6562e+07 1.6562e+07 1.6562e+07 1.6562e+07 1.6562e+07 1.6562e+07 1.6562e+07 1.6562e+07 1.6562e+07 1.6562e+07 1.6562e+07 1.6562e+07 1.6562e+07 1.6562e+07 1.6562e+07 1.6562e+07 1.6562e+07 1.6562e+07 1.6562e+07 1.6562e+07 1.6562e+07 1.6562e+07 1.6562e+07 1.6562e+07 1.6562e+07 1.6562e+07 1.6562e+07 1.6562e+07 1.6562e+07 1.6562e+07 1.6562e+07 1.6562e+07 1.6562e+07 1.6562e+07 1.6562e+07 1.6562e+07 1.6562e+07 1.6562e+07 1.6562e+07 1.6562e+07 1.6562e+07 1.6562e+07 1.6562e+07 1.6562e+07 1.6562e+07 1.6562e+07 1.6562e+07 1.6562e+07 1.6562e+07 1.6562e+07 1.6562e+07 1.6562e+07 1.6562e+07 1.6562e+07 1.6562e+07 1.6562e+07 0 0 0 0 0 0 0 0 0 0 0 0 0 0 0 0 0 0 0 0 0 0 0 0 0
#obs cpue bio
 6.25331e+06 2.82998e+06 4.83094e+06 3.05e+06 3.11561e+06 1.67295e+06 2.97777e+06 3.17646e+06 1.51571e+06 1.73879e+06 1.55338e+06 1.13373e+06 952433 1.30160e+06 695690 580128 500994 912005 553399 560320 509416 530158 585442 413075 415545 795981 552730 741523 590325 372134 624558 441880 444421 967146 607959 581478 639774 517048 483556 506747 792944 449348 510964 544424 468437 412625 380414 572640 631285 398386 684893 477714 665018
#pred surv len freq
 0.00464682 0.00750972 0.0112437 0.0158272 0.0211755 0.0270747 0.0331389 0.0388823 0.043886 0.0479286 0.0509967 0.0532117 0.0547503 0.0557874 0.0564529 0.056805 0.0568287 0.0564482 0.055527 0.0538407 0.0510618 0.0468311 0.0409525 0.0336301 0.0255625
 0.00495476 0.00793582 0.0117522 0.0163518 0.0216548 0.0274985 0.0335704 0.0394282 0.044623 0.0488299 0.0519097 0.0539077 0.0550199 0.0555297 0.0557167 0.0557683 0.0557298 0.0554982 0.054837 0.0533949 0.0507499 0.0465212 0.0405642 0.0331662 0.0250873
 0.00509982 0.0082022 0.0122041 0.0170539 0.0226405 0.0287331 0.0349342 0.0407485 0.0457473 0.0496921 0.0525362 0.0543541 0.0552913 0.0555529 0.0553877 0.0550358 0.0546512 0.0542275 0.053556 0.0522349 0.0497523 0.045656 0.0397849 0.032456 0.0244677
 0.00533776 0.00856667 0.0127151 0.0177257 0.0234918 0.0297935 0.0362339 0.0422869 0.0474551 0.0514193 0.054085 0.0555459 0.0560212 0.055795 0.0551565 0.0543515 0.0535424 0.0527619 0.051856 0.0504547 0.0480314 0.0440874 0.038416 0.0313101 0.023559
 0.00558964 0.00897391 0.0133229 0.0185723 0.0245997 0.0311579 0.0378154 0.0440158 0.0492483 0.0531935 0.0557534 0.0570029 0.0571396 0.0564479 0.055252 0.0538546 0.0524748 0.0511925 0.0498969 0.0482565 0.0457677 0.0419266 0.0364946 0.0297174 0.0223334
 0.00581241 0.00933998 0.0138821 0.0193762 0.0256942 0.0325699 0.0395352 0.0459847 0.05136 0.0553104 0.0577305 0.0587084 0.0584638 0.0572998 0.0555545 0.0535481 0.0515321 0.0496367 0.0478123 0.0457897 0.0431145 0.039306 0.0341109 0.0277232 0.0208044
 0.0060241 0.00967886 0.0143838 0.0200747 0.0266208 0.0337496 0.040978 0.047675 0.0532481 0.0573093 0.0597201 0.0605478 0.0600095 0.0584239 0.0561554 0.0535523 0.050895 0.0483511 0.0459247 0.0434159 0.0404421 0.0365727 0.0315613 0.0255559 0.0191302
 0.00627519 0.0100819 0.0149813 0.0209037 0.0277083 0.0351041 0.0425797 0.0494722 0.0551627 0.0592494 0.0615896 0.0622485 0.0614408 0.0594838 0.0567466 0.0535906 0.0503188 0.0471322 0.0440845 0.0410445 0.0377095 0.0337176 0.0288492 0.0232179 0.0173074
 0.00656693 0.0105495 0.0156731 0.0218618 0.0289628 0.0366627 0.0444152 0.0515139 0.0573014 0.061354 0.063528 0.0639053 0.0627258 0.0603317 0.0571086 0.0534253 0.0495885 0.0458117 0.0421812 0.0386254 0.0349216 0.0307855 0.0260391 0.0207737 0.0153872
 0.00686526 0.0110221 0.016362 0.0228004 0.0301727 0.0381485 0.0461545 0.0534497 0.0593421 0.0633822 0.0654149 0.0655263 0.0639748 0.0611311 0.0574107 0.053205 0.0488331 0.0445166 0.0403607 0.0363357 0.0322864 0.028003 0.0233546 0.0184214 0.0135262
 0.00721373 0.0115755 0.0171705 0.0239023 0.0315882 0.0398703 0.048136 0.0556001 0.0615354 0.0654772 0.0672763 0.0670383 0.0650484 0.0617072 0.0574592 0.0527205 0.0478272 0.043012 0.038394 0.0339729 0.0296445 0.0252597 0.02073 0.0161285 0.0117122
 0.00744767 0.0119553 0.0177416 0.024708 0.0326628 0.0412277 0.0497561 0.0574204 0.0634551 0.0673718 0.0690155 0.0685024 0.0661397 0.0623568 0.0576278 0.0523946 0.0470134 0.0417327 0.0366894 0.0319112 0.0273355 0.0228616 0.0184342 0.0141198 0.0101192
 0.00769349 0.0123578 0.0183532 0.02558 0.033837 0.0427207 0.051542 0.059421 0.0655454 0.0693989 0.0708221 0.0699496 0.0671238 0.0628182 0.0575514 0.0517999 0.0459419 0.0402381 0.0348353 0.0297783 0.0250337 0.0205354 0.0162505 0.0122347 0.00863745
 0.00796176 0.0127843 0.0189783 0.0264375 0.0349514 0.0441015 0.0531724 0.0612473 0.0674734 0.0713001 0.0725494 0.0713576 0.0680916 0.0632675 0.0574538 0.0511736 0.0448388 0.0387305 0.0330069 0.0277245 0.0228673 0.01839 0.0142699 0.0105471 0.00732358
 0.00821741 0.0131904 0.0195719 0.0272472 0.035993 0.045371 0.0546379 0.0628452 0.069114 0.0728803 0.0739649 0.0725104 0.0688959 0.0636562 0.0573875 0.0506461 0.0438783 0.0373945 0.0313753 0.0258945 0.0209513 0.0165122 0.0125556 0.00910134 0.00620776
 0.00830815 0.0133632 0.0198784 0.0277509 0.0367539 0.0464215 0.0559603 0.0643643 0.070711 0.0744193 0.0753191 0.0735792 0.0696111 0.0639808 0.0573105 0.0501774 0.0430459 0.0362444 0.0299724 0.0243225 0.0193108 0.0149142 0.0111082 0.00789116 0.00528143
 0.00833951 0.0134153 0.0199615 0.0278819 0.0369611 0.0467468 0.0564542 0.0650699 0.0716388 0.0755271 0.0765089 0.0747178 0.0705647 0.0646464 0.0576303 0.0501363 0.0426608 0.0355539 0.029032 0.023204 0.0181013 0.0137104 0.0100046 0.00696293 0.00456951
 0.00850592 0.0136468 0.020238 0.0281616 0.0371943 0.0468984 0.0565231 0.0650949 0.0716887 0.0756782 0.0768166 0.0751929 0.0711619 0.0652737 0.0581755 0.0504989 0.0427752 0.0353975 0.0286219 0.0225888 0.0173523 0.0129122 0.00924167 0.00630448 0.00405645
 0.00855623 0.0137289 0.02036 0.0283253 0.0373885 0.0470923 0.0566668 0.0651348 0.071595 0.0754707 0.0765708 0.0750151 0.0711457 0.0654592 0.0585319 0.0509377 0.0431834 0.0356747 0.0287068 0.0224691 0.0170601 0.0125094 0.00880192 0.00589443 0.00372131
 0.0085302 0.0136914 0.0203131 0.0282752 0.0373449 0.0470659 0.0566653 0.0651567 0.0716259 0.0754864 0.0765495 0.0749559 0.0710796 0.0654401 0.0586106 0.0511312 0.0434606 0.0359668 0.0289356 0.022577 0.0170285 0.0123595 0.00858131 0.0056574 0.00351134
 0.0085651 0.0137367 0.0203605 0.0283105 0.0373532 0.0470388 0.0566067 0.0650824 0.0715568 0.0754382 0.076526 0.0749485 0.0710756 0.0654356 0.0586167 0.0511694 0.0435466 0.0360945 0.0290741 0.0226831 0.0170675 0.012321 0.00848121 0.00552739 0.00338389
 0.00874253 0.0140024 0.0207171 0.0287434 0.0378317 0.0475207 0.0570435 0.0654255 0.071767 0.0754959 0.0764356 0.0747347 0.0707732 0.0650801 0.0582411 0.0508047 0.043221 0.0358278 0.0288705 0.0225297 0.0169413 0.0122016 0.00836017 0.00540934 0.00327986
 0.00871481 0.0139623 0.0206655 0.0286834 0.0377665 0.0474509 0.056966 0.0653359 0.0716641 0.0753859 0.0763337 0.0746609 0.0707452 0.0651064 0.0583184 0.0509202 0.0433579 0.0359711 0.0290077 0.0226499 0.017034 0.0122593 0.0083818 0.00540206 0.00325611
 0.00878842 0.0140755 0.0208239 0.0288878 0.0380126 0.0477291 0.05726 0.0656208 0.0719075 0.0755528 0.076395 0.0746031 0.0705765 0.0648556 0.0580261 0.0506269 0.0430943 0.0357536 0.0288403 0.022527 0.0169454 0.0121932 0.00832898 0.0053573 0.00321837
 0.00860648 0.013808 0.0204739 0.0284769 0.0375758 0.0473056 0.0568858 0.0653273 0.0717206 0.0754909 0.076464 0.0747918 0.0708571 0.0651903 0.0583771 0.0509654 0.0434035 0.0360266 0.0290749 0.0227222 0.0171002 0.0123077 0.0084057 0.00540217 0.00323985
 0.00844828 0.0135665 0.020141 0.0280583 0.037093 0.0467955 0.0563995 0.0649227 0.0714496 0.0753846 0.0765247 0.0749964 0.0711678 0.0655656 0.0587788 0.0513615 0.0437704 0.0363498 0.0293479 0.0229445 0.0172738 0.0124364 0.00849454 0.00545803 0.00327098
 0.00839022 0.0134732 0.0200026 0.0278677 0.0368474 0.0465012 0.0560748 0.064599 0.0711668 0.0751818 0.0764301 0.0750203 0.0713005 0.0657819 0.0590458 0.0516471 0.0440488 0.0366031 0.0295663 0.023124 0.0174146 0.0125412 0.00856778 0.00550526 0.00329853
 0.00840709 0.0134675 0.0199335 0.0276779 0.0364798 0.0459244 0.0553056 0.0637084 0.0702653 0.0743921 0.0758591 0.0747385 0.0713315 0.0661012 0.0595903 0.0523318 0.044786 0.0373185 0.0302074 0.0236612 0.0178382 0.0128558 0.008787 0.00564779 0.00338424
 0.00855216 0.013686 0.0202272 0.0280299 0.0368501 0.0462485 0.0555006 0.0636909 0.0699813 0.0738471 0.0751283 0.0739484 0.0706206 0.0655789 0.0593124 0.0522965 0.044947 0.0376064 0.0305502 0.0240001 0.0181343 0.0130903 0.00895736 0.00576153 0.00345394
 0.00860466 0.0137818 0.0203898 0.0282854 0.0372173 0.0467249 0.0560483 0.0642334 0.0704159 0.0740708 0.0750706 0.0735975 0.0700331 0.0648664 0.0586067 0.0517103 0.0445451 0.0373982 0.0305022 0.0240574 0.0182419 0.013206 0.00905643 0.0058345 0.00350148
 0.00856952 0.0137239 0.020303 0.0281672 0.037075 0.0465801 0.0559382 0.0642008 0.0704899 0.0742468 0.0753025 0.0738113 0.0701561 0.0648587 0.0584785 0.0515156 0.0443564 0.037276 0.0304741 0.0241157 0.0183553 0.0133373 0.00917633 0.00592743 0.00356444
 0.00835151 0.0134082 0.0198993 0.0277086 0.0366074 0.0461474 0.0555717 0.0639211 0.0703153 0.0741982 0.075397 0.0740474 0.0705018 0.0652547 0.0588582 0.0518314 0.0445959 0.0374585 0.0306324 0.0242746 0.0185208 0.0134994 0.00931892 0.00603879 0.00364157
 0.00802389 0.012916 0.0192355 0.0268978 0.0357044 0.0452301 0.0547321 0.0632526 0.0698938 0.0740631 0.0755434 0.074434 0.0710681 0.065934 0.0595839 0.052541 0.0452394 0.0380076 0.0310829 0.0246394 0.0188171 0.0137391 0.00950704 0.00617776 0.00373596
 0.00774288 0.0124747 0.0186019 0.0260572 0.0346675 0.0440427 0.0534833 0.0620707 0.068924 0.0734317 0.0753255 0.0746381 0.0716416 0.0667829 0.0605973 0.0536118 0.0462779 0.0389488 0.0318889 0.0252976 0.0193336 0.0141299 0.00979145 0.00637462 0.00386365
 0.00769027 0.0123642 0.0183895 0.0256868 0.0340846 0.0432175 0.0524332 0.0608705 0.0676974 0.0723281 0.0744899 0.0741818 0.0716188 0.0671807 0.0613414 0.0545882 0.0473606 0.0400243 0.0328717 0.0261356 0.020006 0.0146399 0.0101572 0.00662186 0.00402
 0.00837256 0.013333 0.0195854 0.0269599 0.0352292 0.0440316 0.0527723 0.0606733 0.0669863 0.0711989 0.0730962 0.0727118 0.0702618 0.0660904 0.0606083 0.0542289 0.0473269 0.0402266 0.0332077 0.0265145 0.0203625 0.0149374 0.0103831 0.00677971 0.00412188
 0.00890525 0.0141738 0.020796 0.0285594 0.0371656 0.0461519 0.0548116 0.0622929 0.0678676 0.0711553 0.0721409 0.0710438 0.0681893 0.0639363 0.0586392 0.0526181 0.0461476 0.0394658 0.032793 0.0263464 0.0203431 0.0149889 0.0104545 0.00684418 0.0041696
 0.00881373 0.0141252 0.0209082 0.0290038 0.0381222 0.0477336 0.0569912 0.0648692 0.0704907 0.0734025 0.0736218 0.0715053 0.0675854 0.0624351 0.0565602 0.0503297 0.0439696 0.0376105 0.0313533 0.0253177 0.0196613 0.0145673 0.01021 0.00671096 0.00410143
 0.00849605 0.0136367 0.0202329 0.0281668 0.0372088 0.0469043 0.0564745 0.0649121 0.0712654 0.0749076 0.0756378 0.0736429 0.069411 0.0636138 0.0569532 0.0500099 0.0431611 0.0365905 0.0303604 0.0245008 0.0190735 0.0141917 0.00999554 0.00660131 0.00405142
 0.00848852 0.0135863 0.0200872 0.0278559 0.0366669 0.0461063 0.0554721 0.0638515 0.0703705 0.0744266 0.0757629 0.074429 0.0707303 0.0651807 0.0584193 0.0510884 0.0437187 0.0366646 0.0301061 0.0241057 0.0186868 0.0138936 0.00980357 0.00649615 0.0040025
 0.0085307 0.0136359 0.0201239 0.0278415 0.0365463 0.0458146 0.0549504 0.0630724 0.0693694 0.0733248 0.0747625 0.0737657 0.070593 0.0656314 0.0593556 0.0522759 0.0448811 0.037586 0.0306941 0.0243892 0.0187652 0.013874 0.00976131 0.0064657 0.00398968
 0.00860305 0.0137622 0.0203284 0.0281469 0.0369617 0.0463185 0.0554777 0.0635161 0.069605 0.0732518 0.0743478 0.0730714 0.0697712 0.0648807 0.0588495 0.052095 0.0449857 0.0378468 0.030962 0.0245621 0.0188158 0.0138337 0.00968222 0.00638938 0.00393529
 0.0086114 0.0137795 0.0203622 0.0282096 0.0370709 0.0464945 0.0557368 0.0638584 0.0700003 0.0736325 0.0746196 0.073144 0.0695992 0.0644934 0.0583487 0.0516156 0.0446386 0.037674 0.0309313 0.0245999 0.0188532 0.0138364 0.0096515 0.00634437 0.00389416
 0.00867436 0.0138734 0.0204881 0.0283638 0.0372471 0.0466877 0.0559461 0.0640861 0.0702484 0.0738953 0.074875 0.0733492 0.0696984 0.0644377 0.0581231 0.0512554 0.0442202 0.0372837 0.0306281 0.0243976 0.0187292 0.0137563 0.0095904 0.00629285 0.00385268
 0.00876664 0.0140036 0.0206473 0.0285309 0.0373946 0.0467915 0.0559937 0.064081 0.0702083 0.0738473 0.074847 0.0733596 0.0697458 0.0644978 0.0581568 0.0512278 0.04412 0.0371298 0.0304586 0.0242491 0.0186201 0.0136852 0.00954522 0.00626212 0.00383021
 0.00887465 0.0141726 0.0208883 0.0288463 0.0377744 0.047209 0.0564041 0.0644279 0.070439 0.0739308 0.074786 0.0731869 0.0695094 0.0642414 0.0579063 0.050988 0.0438832 0.0368895 0.0302195 0.0240264 0.0184311 0.0135397 0.00944276 0.00619476 0.00378814
 0.00891059 0.0142399 0.0210057 0.0290365 0.0380575 0.0475931 0.0568752 0.0649455 0.0709407 0.0743459 0.0750525 0.0732684 0.0694049 0.0639838 0.0575488 0.0505858 0.0434785 0.0365071 0.0298718 0.023721 0.0181748 0.0133376 0.00929457 0.00609442 0.00372542
 0.00908731 0.0144987 0.0213431 0.0294333 0.0384875 0.0480349 0.0573194 0.0653899 0.0713782 0.0747517 0.0753817 0.0734662 0.0694249 0.0638066 0.0571907 0.0500939 0.0429156 0.0359342 0.0293362 0.0232523 0.0177879 0.013036 0.00907412 0.00594444 0.00363116
 0.00913687 0.0145809 0.0214688 0.0296103 0.0387159 0.048301 0.057595 0.0656397 0.0715747 0.0748886 0.0754742 0.0735356 0.0694797 0.063833 0.0571608 0.0499838 0.0427205 0.035672 0.0290397 0.022957 0.0175222 0.012817 0.00890791 0.00582821 0.00355656
 0.00915436 0.0146144 0.021529 0.0297109 0.0388707 0.0485197 0.0578757 0.0659652 0.0719118 0.0751945 0.0757083 0.0736727 0.0695164 0.0637836 0.0570448 0.0498152 0.0425064 0.0354189 0.0287605 0.0226726 0.0172566 0.0125903 0.00873094 0.00570199 0.00347443
 0.00926825 0.0147705 0.0217106 0.0298865 0.039005 0.0485901 0.0578856 0.0659422 0.0718944 0.0752131 0.0757717 0.0737667 0.069613 0.0638541 0.0570704 0.0497893 0.0424315 0.0353018 0.0286107 0.0225031 0.0170836 0.0124308 0.00859809 0.00560218 0.00340683
 0.00923662 0.0147416 0.0217071 0.0299384 0.0391364 0.0488008 0.0581408 0.0661816 0.072059 0.075274 0.075742 0.0736889 0.0695323 0.0637965 0.0570368 0.0497644 0.0423964 0.035244 0.0285269 0.0223981 0.0169679 0.012317 0.00849802 0.0055233 0.00335116
 0.00896719 0.0143718 0.0212777 0.0295328 0.0388605 0.0487486 0.058361 0.0666598 0.07272 0.0760008 0.076407 0.0741891 0.0698172 0.0638743 0.056957 0.0495887 0.0421763 0.0350117 0.0282992 0.0221842 0.0167746 0.0121509 0.00836396 0.00542316 0.00328267
#obs surv len freq
 nan nan nan nan nan nan nan nan nan nan nan nan nan nan nan nan nan nan nan nan nan nan nan nan nan
 0.00447916 0.00733816 0.0111662 0.0159817 0.0216828 0.0279601 0.0342765 0.0400102 0.0446918 0.0481572 0.0505162 0.0520129 0.0529059 0.0534188 0.0537335 0.0539887 0.0542675 0.0545604 0.0546992 0.0542911 0.0527291 0.0493609 0.0438102 0.0362895 0.0276723
 0.00461387 0.00755737 0.0114962 0.0164463 0.0222979 0.0287244 0.0351634 0.0409644 0.0456365 0.0490083 0.0511981 0.0524698 0.053108 0.0533638 0.0534421 0.0534975 0.0536195 0.0537982 0.0538619 0.0534155 0.0518537 0.0485287 0.0430655 0.0356701 0.0271989
 0.00477615 0.00782374 0.0119018 0.017025 0.0230757 0.029708 0.0363288 0.0422525 0.0469596 0.0502652 0.0522898 0.0533104 0.053633 0.0535352 0.0532521 0.0529667 0.0527917 0.0527316 0.0526219 0.0520719 0.0504814 0.0472077 0.0418755 0.0346765 0.0264381
 0.00496911 0.00813875 0.0123784 0.0177014 0.0239813 0.030853 0.0376916 0.0437743 0.0485508 0.0518198 0.0536996 0.0544758 0.054469 0.0539765 0.0532584 0.052527 0.0519256 0.0514881 0.0510756 0.0503192 0.048637 0.0453985 0.0402268 0.0332909 0.0253733
 0.00517334 0.00847479 0.0128917 0.0184368 0.0249748 0.0321177 0.0392041 0.0454693 0.0503309 0.0535729 0.0553158 0.0558555 0.0555249 0.0546347 0.0534602 0.0522339 0.0511257 0.0502031 0.0493661 0.0482879 0.046426 0.043178 0.0381714 0.0315462 0.0240242
 0.00540709 0.00885553 0.0134663 0.0192499 0.0260611 0.0334895 0.0408373 0.0472982 0.052255 0.055475 0.0570796 0.0573764 0.0567139 0.0554181 0.0537778 0.0520385 0.0503872 0.0489177 0.0475711 0.0460744 0.043945 0.0406293 0.0357724 0.0294857 0.022418
 0.00563611 0.00923304 0.014044 0.0200793 0.027183 0.0349184 0.0425455 0.0492108 0.0542617 0.0574523 0.0589102 0.0589591 0.0579645 0.0562669 0.0541663 0.0519172 0.0497177 0.0476807 0.0457828 0.0438074 0.0413431 0.0379027 0.0331646 0.0272181 0.0206342
 0.00588317 0.00963433 0.0146476 0.0209305 0.0283171 0.036348 0.044247 0.0511173 0.0562707 0.0594429 0.0607616 0.0605638 0.0592344 0.057133 0.0545751 0.0518253 0.0490885 0.04649 0.0440344 0.0415574 0.0387216 0.035116 0.0304648 0.0248447 0.0187508
 0.00613146 0.0100433 0.0152728 0.0218259 0.029524 0.037877 0.046061 0.0531277 0.0583529 0.0614625 0.0625976 0.0621184 0.0604327 0.0579187 0.0549053 0.0516656 0.0484102 0.0452729 0.0422799 0.0393122 0.0361025 0.032318 0.0277363 0.0224295 0.0168217
 0.00637709 0.0104464 0.0158866 0.0227028 0.0307055 0.039378 0.0478527 0.0551304 0.0604453 0.0635043 0.0644529 0.0636735 0.0616034 0.0586505 0.0551666 0.0514385 0.047682 0.0440354 0.0405398 0.0371136 0.0335518 0.0295953 0.0250757 0.020066 0.014926
 0.00661649 0.0108384 0.0164817 0.0235498 0.0318421 0.0408162 0.0495629 0.0570362 0.0624337 0.0654461 0.0662233 0.0651638 0.0627278 0.0593478 0.0553997 0.0511896 0.0469464 0.0428169 0.038856 0.0350122 0.0311332 0.0270243 0.0225666 0.0178354 0.0131334
 0.00684284 0.0112122 0.0170548 0.0243737 0.0329567 0.0422327 0.0512475 0.0589051 0.0643655 0.0673076 0.0678914 0.0665389 0.0637365 0.0599409 0.0555485 0.0508815 0.0461808 0.0416036 0.0372198 0.0330054 0.0288527 0.0246219 0.0202353 0.0157693 0.011475
 0.00704499 0.0115449 0.0175633 0.0251028 0.0339427 0.0434894 0.0527513 0.0605887 0.0661257 0.0690233 0.0694436 0.0678254 0.0646795 0.0604898 0.055677 0.0505823 0.0454589 0.0404741 0.0357114 0.0311713 0.0267849 0.0224579 0.0181459 0.013924 0.00999693
 0.00727063 0.0119085 0.0181044 0.0258559 0.0349305 0.0447125 0.0541776 0.0621493 0.0677241 0.0705523 0.0708024 0.0689291 0.0654641 0.0609122 0.0557148 0.0502307 0.0447269 0.0393817 0.0342914 0.0294776 0.0249035 0.0205116 0.0162834 0.0122902 0.00869452
 0.00742237 0.0121656 0.0185102 0.0264559 0.0357613 0.0457849 0.055461 0.0635693 0.0691766 0.0719277 0.0720059 0.06989 0.0661344 0.061263 0.0557316 0.0499106 0.0440769 0.0384192 0.033047 0.0280017 0.0232737 0.0188356 0.0146886 0.0108978 0.00758887
 0.00753367 0.0123424 0.0187697 0.0268141 0.0362337 0.0463858 0.0561985 0.0644377 0.0701488 0.072952 0.0730101 0.0707931 0.0668613 0.0617553 0.0559526 0.0498424 0.0437171 0.0377774 0.0321468 0.0268859 0.0220097 0.0175165 0.0134227 0.00978748 0.00670514
 0.00757774 0.0124161 0.0188844 0.0269817 0.0364648 0.0466865 0.0565687 0.0648721 0.0706407 0.0734954 0.0735964 0.071403 0.0674579 0.0622851 0.0563541 0.0500597 0.0437095 0.0375252 0.0316534 0.0261791 0.0211438 0.0165699 0.0124881 0.00895307 0.00603347
 0.00765955 0.0125356 0.0190395 0.027163 0.0366595 0.0468848 0.0567682 0.0650776 0.0708606 0.0737378 0.0738668 0.0717026 0.0677814 0.062616 0.0566616 0.0502995 0.0438318 0.0374865 0.0314283 0.025769 0.0205806 0.0159129 0.0118132 0.00833531 0.00552822
 0.00770659 0.0126123 0.0191545 0.0273223 0.0368629 0.0471214 0.0570154 0.0653057 0.0710437 0.073866 0.0739504 0.0717669 0.0678538 0.0627142 0.0567857 0.0504303 0.0439342 0.0375176 0.0313492 0.0255583 0.0202437 0.0154843 0.0113481 0.00789398 0.00515851
 0.00775745 0.0126859 0.0192487 0.0274304 0.0369763 0.0472341 0.0571259 0.0654148 0.0711507 0.0739649 0.0740325 0.0718265 0.0678942 0.0627472 0.0568254 0.0504834 0.0439925 0.0375576 0.0313393 0.0254704 0.0200663 0.0152296 0.0110498 0.00759611 0.00489996
 0.00782373 0.0127885 0.0193928 0.0276159 0.0371959 0.0474728 0.0573608 0.0656193 0.0713016 0.0740503 0.074054 0.071796 0.0678273 0.0626595 0.0567306 0.050393 0.0439126 0.0374849 0.0312601 0.0253657 0.0199213 0.0150428 0.0108364 0.00738217 0.00471206
 0.00784884 0.0128307 0.0194589 0.0277123 0.0373273 0.0476382 0.0575514 0.0658175 0.0714842 0.0741943 0.0741431 0.0718244 0.0678003 0.0625903 0.0566359 0.0502883 0.0438092 0.0373876 0.0311663 0.0252669 0.0198077 0.0149099 0.0106895 0.00723533 0.00458176
 0.00786526 0.0128533 0.0194856 0.0277396 0.0373522 0.0476613 0.0575779 0.065856 0.071542 0.0742723 0.0742337 0.0719133 0.0678718 0.0626331 0.0566467 0.0502711 0.0437723 0.0373393 0.0311113 0.025205 0.019736 0.0148264 0.0105968 0.00714126 0.00449668
 0.00788831 0.012886 0.019526 0.0277824 0.0373898 0.0476862 0.057585 0.065845 0.071518 0.074246 0.0742176 0.0719172 0.0678978 0.0626747 0.0566917 0.0503074 0.0437924 0.0373412 0.0310969 0.0251769 0.0196958 0.0147758 0.0105388 0.00708142 0.00444167
 0.00789275 0.0128934 0.0195371 0.0277976 0.0374082 0.0477049 0.0575988 0.0658475 0.0715046 0.0742165 0.0741782 0.071879 0.0678732 0.0626722 0.0567125 0.0503452 0.0438362 0.0373801 0.0311231 0.0251871 0.01969 0.0147563 0.0105095 0.00704748 0.00440859
 0.00788035 0.0128687 0.0194919 0.0277225 0.0372961 0.0475561 0.0574244 0.0656685 0.0713458 0.0740987 0.0741132 0.0718688 0.0679137 0.0627564 0.0568319 0.0504894 0.0439926 0.0375346 0.0312623 0.025301 0.0197737 0.0148099 0.0105373 0.00705625 0.00440593
 0.00788887 0.0128763 0.0194916 0.0277033 0.0372454 0.0474634 0.0572861 0.0654906 0.0711448 0.073899 0.0739423 0.0717509 0.0678637 0.0627769 0.056915 0.0506204 0.0441538 0.0377077 0.0314306 0.0254505 0.0198949 0.0148987 0.0105953 0.00708902 0.00442097
 0.00789642 0.0128868 0.0195038 0.0277139 0.0372488 0.0474515 0.0572494 0.0654203 0.0710363 0.0737561 0.0737786 0.0715888 0.0677286 0.0626909 0.0568907 0.0506585 0.0442444 0.037834 0.0315729 0.0255905 0.0200182 0.0149966 0.0106651 0.00713334 0.0044456
 0.00787306 0.0128522 0.0194579 0.0276588 0.0371879 0.0473884 0.0571863 0.0653578 0.0709733 0.0736899 0.0737075 0.0715143 0.0676574 0.0626348 0.0568636 0.0506718 0.0443023 0.0379316 0.0316974 0.025725 0.0201459 0.0151051 0.0107478 0.00718991 0.00448014
 0.0078384 0.0127954 0.0193719 0.0275381 0.0370307 0.0472002 0.0569818 0.0651596 0.0708058 0.0735719 0.0736466 0.0715064 0.0676916 0.0626992 0.0569502 0.0507778 0.0444279 0.0380762 0.0318563 0.025888 0.0203004 0.0152389 0.0108532 0.00726509 0.00452848
 0.00780933 0.0127445 0.0192888 0.0274112 0.0368508 0.0469651 0.0567013 0.0648567 0.0705136 0.073326 0.0734767 0.0714301 0.067711 0.0628025 0.0571166 0.0509846 0.0446557 0.0383112 0.0320882 0.0261082 0.0204994 0.0154081 0.0109866 0.0073616 0.00459198
 0.00778239 0.0126984 0.0192153 0.0273009 0.0366949 0.0467585 0.0564464 0.0645657 0.070208 0.0730347 0.0732317 0.0712608 0.0676385 0.0628347 0.0572465 0.0511924 0.044915 0.0385947 0.0323729 0.0263762 0.0207378 0.0156079 0.0111432 0.00747508 0.00466734
 0.00777996 0.0126904 0.0191956 0.0272609 0.036625 0.0466508 0.0562975 0.0643781 0.0699905 0.0728016 0.0730018 0.0710567 0.067484 0.0627507 0.0572462 0.0512774 0.0450743 0.0388076 0.0326139 0.0266203 0.0209644 0.0158024 0.0112978 0.00758849 0.00474353
 0.00771969 0.0126004 0.0190747 0.0271129 0.0364567 0.0464694 0.056109 0.0641876 0.0698036 0.0726257 0.0728464 0.0709324 0.0674022 0.0627223 0.0572801 0.0513782 0.0452397 0.0390265 0.0328673 0.0268844 0.0212156 0.0160218 0.011474 0.00771839 0.00483109
 0.00930736 0.0148168 0.0217373 0.0298283 0.0387371 0.047916 0.0565566 0.0637283 0.0686961 0.0711645 0.0712691 0.06939 0.0659741 0.0614451 0.0561702 0.0504426 0.0444797 0.0384369 0.0324348 0.0265878 0.0210279 0.0159141 0.0114196 0.00769549 0.0048243
 0.00932211 0.0151341 0.0227312 0.0319587 0.0423478 0.0529631 0.0624372 0.0693798 0.0729739 0.0732943 0.071102 0.0673388 0.0627301 0.0576828 0.0523825 0.0469185 0.0413578 0.035769 0.0302281 0.024825 0.0196746 0.0149221 0.0107305 0.00724551 0.00455037
 0.0089553 0.0145602 0.021931 0.0309869 0.041386 0.0523541 0.0626433 0.0708178 0.0757664 0.0770859 0.0751046 0.0706312 0.0646424 0.0580274 0.0514206 0.0451428 0.0392597 0.0337059 0.0284017 0.0233194 0.0185027 0.0140584 0.0101299 0.0068539 0.00431273
 0.00877657 0.0142586 0.0214578 0.0302936 0.0404435 0.0511875 0.0613737 0.0696902 0.0751271 0.0772858 0.0763416 0.0728047 0.0673229 0.0605969 0.053322 0.0460913 0.0392973 0.0331002 0.0274829 0.0223568 0.0176586 0.0133995 0.00966015 0.00654518 0.00412556
 0.00871236 0.0141472 0.021276 0.0300128 0.0400324 0.0506199 0.0606418 0.0688225 0.074209 0.0764728 0.0758485 0.0728502 0.0680338 0.0619148 0.0549813 0.0477064 0.0405201 0.0337537 0.0275958 0.0220976 0.0172306 0.0129625 0.00930157 0.00629107 0.00396538
 0.00870303 0.0141267 0.0212347 0.0299366 0.0399041 0.0504208 0.0603556 0.0684387 0.0737286 0.0759191 0.0752806 0.0723719 0.0677812 0.0620139 0.0554833 0.0485382 0.0414917 0.0346312 0.0282009 0.0223715 0.0172298 0.0128024 0.0090939 0.0061076 0.00383413
 0.00868979 0.0141064 0.021206 0.0298983 0.0398533 0.0503524 0.0602606 0.0683053 0.0735447 0.0756765 0.0749818 0.0720387 0.0674628 0.0617856 0.0554286 0.0487129 0.0418862 0.0351594 0.02873 0.0227804 0.0174588 0.0128643 0.00904788 0.00601954 0.00374989
 0.00868552 0.0140984 0.0211922 0.0298761 0.0398208 0.0503087 0.0602064 0.0682417 0.0734709 0.0755877 0.07487 0.0718974 0.0672943 0.0616098 0.0552849 0.0486517 0.0419478 0.035349 0.0290071 0.0230728 0.0176957 0.013007 0.00909919 0.00600987 0.00371482
 0.00865556 0.0140535 0.0211316 0.0298016 0.0397361 0.0502185 0.0601156 0.0681554 0.073394 0.0755239 0.0748201 0.0718579 0.0672592 0.0615739 0.0552511 0.0486346 0.0419706 0.0354322 0.0291529 0.0232588 0.0178822 0.0131565 0.00919257 0.00605079 0.00372097
 0.00866327 0.0140625 0.0211387 0.029802 0.0397248 0.0501927 0.0600765 0.0681078 0.0733441 0.0754766 0.0747773 0.0718189 0.0672216 0.0615358 0.0552123 0.0485994 0.0419488 0.0354367 0.0291937 0.0233346 0.0179786 0.0132512 0.00926634 0.00609559 0.00374031
 0.0086383 0.0140264 0.0210925 0.029749 0.0396693 0.0501379 0.0600234 0.0680557 0.0732932 0.0754295 0.074739 0.0717947 0.0672143 0.0615441 0.0552322 0.0486265 0.0419815 0.0354771 0.029246 0.023401 0.0180552 0.0133284 0.00933278 0.0061435 0.00376866
 0.00863987 0.0140264 0.0210882 0.0297367 0.0396462 0.0501038 0.0599821 0.0680139 0.0732571 0.0754021 0.0747196 0.0717803 0.0672027 0.0615353 0.0552277 0.0486279 0.0419897 0.0354931 0.029271 0.0234356 0.0180981 0.0133751 0.00937657 0.00617862 0.00379242
 0.00862888 0.0140123 0.0210736 0.0297259 0.039643 0.0501093 0.0599931 0.0680241 0.0732601 0.075395 0.0747038 0.0717598 0.0671816 0.0615162 0.0552118 0.048616 0.0419829 0.0354927 0.0292782 0.023451 0.0181208 0.0134024 0.00940444 0.00620287 0.00381044
 0.00861857 0.0139928 0.0210395 0.0296715 0.0395653 0.0500109 0.0598845 0.0679216 0.0731808 0.0753498 0.0746944 0.0717804 0.0672233 0.0615704 0.0552722 0.048678 0.0420438 0.0355507 0.0293327 0.0235019 0.018168 0.0134449 0.00944092 0.00623184 0.00383127
 0.00861902 0.0139938 0.0210412 0.0296736 0.0395658 0.050006 0.0598688 0.0678903 0.0731329 0.0752904 0.0746341 0.0717313 0.0671937 0.0615628 0.0552836 0.0487027 0.0420759 0.0355861 0.0293686 0.0235368 0.0182009 0.013475 0.00946701 0.00625291 0.00384681
 0.00861902 0.0139938 0.0210412 0.0296736 0.0395658 0.050006 0.0598688 0.0678903 0.0731329 0.0752904 0.0746341 0.0717313 0.0671937 0.0615628 0.0552836 0.0487027 0.0420759 0.0355861 0.0293686 0.0235368 0.0182009 0.013475 0.00946701 0.00625291 0.00384681
 0.00851892 0.0138395 0.0208255 0.0293968 0.0392371 0.0496445 0.0595035 0.0675575 0.0728692 0.075124 0.0745787 0.0717852 0.0673438 0.0617885 0.0555608 0.0490062 0.0423821 0.0358755 0.0296274 0.0237571 0.0183798 0.0136136 0.00956891 0.00632351 0.00389244
 0.008636 0.0140116 0.0210501 0.0296586 0.039511 0.049901 0.0597137 0.0676972 0.0729214 0.0750828 0.0744509 0.07159 0.0671084 0.0615424 0.0553298 0.0488088 0.0422271 0.0357631 0.0295518 0.02371 0.0183531 0.0136003 0.00956394 0.00632312 0.00389406
#pred catch len freq
 0.00346361 0.00552754 0.00816117 0.0113529 0.0151207 0.0194876 0.0244173 0.0297741 0.0353396 0.040856 0.046066 0.0507494 0.0547535 0.0580017 0.060474 0.0621755 0.0631118 0.0632691 0.0625793 0.0608668 0.0578206 0.0530743 0.0464309 0.0381364 0.0289903
 0.00371119 0.00587442 0.00858462 0.0118084 0.015569 0.0199293 0.0249067 0.0303933 0.0361369 0.041786 0.0469735 0.0514142 0.0549768 0.0576902 0.0596825 0.0610911 0.0619861 0.0623259 0.0619343 0.0604958 0.0575941 0.0528387 0.0460912 0.0376923 0.0285134
 0.00385906 0.0061291 0.00899053 0.0124058 0.0163745 0.0209133 0.0259864 0.0314577 0.0370973 0.0426156 0.0476975 0.0520508 0.0554758 0.0579263 0.0595174 0.0604627 0.0609622 0.0610836 0.0606796 0.0593747 0.0566483 0.0520278 0.0453555 0.0370073 0.0279013
 0.00408939 0.00648121 0.00948282 0.013051 0.0171896 0.021927 0.02723 0.0329347 0.0387474 0.0443019 0.0492376 0.0532778 0.0562866 0.0582827 0.0594101 0.059884 0.0599203 0.0596406 0.0589677 0.0575651 0.0548955 0.0504311 0.0439616 0.0358368 0.0269674
 0.00433982 0.00687783 0.0100603 0.0138351 0.0181946 0.023153 0.0286603 0.0345376 0.0404802 0.046108 0.0510325 0.0549339 0.0576398 0.0591672 0.0597027 0.0595298 0.0589315 0.0580864 0.0569684 0.055287 0.0525308 0.0481652 0.0419427 0.0341605 0.0256748
 0.00456108 0.00723328 0.0105891 0.0145757 0.0191834 0.0244182 0.0302109 0.0363491 0.0424868 0.0482055 0.053092 0.0568181 0.0592142 0.0603029 0.06028 0.0594508 0.0581426 0.0565991 0.0548711 0.0527415 0.0497556 0.0454036 0.0394204 0.0320451 0.02405
 0.00479708 0.00760407 0.0111252 0.0153029 0.0201253 0.0255988 0.0316494 0.0380487 0.0444202 0.0503037 0.0552411 0.0588689 0.061002 0.0616709 0.0610947 0.0596093 0.0575776 0.0552904 0.0528646 0.0501664 0.0468247 0.0423874 0.036597 0.02964 0.0221897
 0.00507638 0.0080433 0.0117599 0.0161593 0.0212214 0.0269424 0.0332341 0.0398478 0.0463842 0.0523615 0.0573009 0.0608196 0.0627159 0.0630117 0.0619301 0.0598246 0.057088 0.0540544 0.0509018 0.047578 0.0438049 0.0392098 0.0335658 0.0270203 0.020144
 0.00537422 0.0085126 0.0124399 0.0170809 0.0224068 0.0284031 0.0349628 0.0418081 0.0485048 0.054539 0.0594114 0.0627339 0.0643139 0.0641895 0.0625994 0.0599086 0.0565212 0.0527936 0.0489479 0.0450046 0.0407801 0.0359914 0.0304595 0.0243066 0.0180063
 0.00570671 0.0090309 0.0131802 0.0180665 0.0236506 0.0299091 0.0367209 0.0437845 0.050633 0.0567183 0.0615136 0.0646179 0.0658452 0.0652574 0.0631252 0.0598419 0.055831 0.0514643 0.0469902 0.0424819 0.0378359 0.0328563 0.0274187 0.0216332 0.0158866
 0.00604299 0.00955801 0.0139382 0.0190833 0.0249414 0.0314756 0.0385442 0.0458165 0.0527929 0.0588961 0.0635791 0.0664341 0.0672825 0.0662087 0.0635154 0.05963 0.0550048 0.0500337 0.0449893 0.039984 0.0349761 0.0298417 0.0245064 0.0190726 0.0138523
 0.00634899 0.0100405 0.0146376 0.0200305 0.026157 0.032966 0.0402935 0.0477765 0.0548793 0.0609932 0.0655523 0.0681456 0.0686086 0.0670523 0.0638129 0.0593509 0.0541462 0.0486162 0.043058 0.0376188 0.0323073 0.0270568 0.0218323 0.0167283 0.0119906
 0.00665249 0.0105229 0.0153445 0.0210002 0.0274181 0.0345309 0.0421463 0.0498613 0.0570952 0.0632013 0.0675915 0.0698553 0.0698524 0.0677364 0.0638935 0.0588284 0.0530536 0.0470073 0.0410037 0.0352138 0.0296823 0.0243842 0.0193107 0.0145442 0.0102697
 0.0069582 0.0110008 0.01603 0.0219185 0.0285861 0.0359578 0.0438267 0.0517623 0.0591445 0.0652828 0.0695535 0.071531 0.0710878 0.0684174 0.0639612 0.0582807 0.0519344 0.045391 0.0389842 0.032903 0.0272151 0.0219205 0.0170233 0.0125873 0.00874196
 0.00725506 0.0114641 0.0166921 0.0227991 0.0296928 0.0372856 0.0453538 0.0534442 0.0609113 0.0670419 0.0711953 0.0729364 0.0721395 0.0690147 0.0640361 0.0578088 0.0509371 0.0439299 0.0371517 0.0308144 0.0250055 0.0197399 0.0150231 0.0108949 0.00743274
 0.00737383 0.0116723 0.0170342 0.0233273 0.0304579 0.0383202 0.0466546 0.0549623 0.062556 0.0686953 0.0727303 0.0742336 0.0730998 0.0695667 0.0641379 0.0574479 0.0501299 0.0427215 0.0356154 0.0290503 0.0231355 0.0178994 0.0133443 0.00948431 0.00634928
 0.00740028 0.0117172 0.0171077 0.0234474 0.0306553 0.0386412 0.0471566 0.0556969 0.0635434 0.0699003 0.0740566 0.0755413 0.0742396 0.0704134 0.0646099 0.0575097 0.0497846 0.0420029 0.034583 0.0277873 0.0217463 0.0165018 0.0120538 0.00839364 0.00550996
 0.00750334 0.0118556 0.0172627 0.0235853 0.0307393 0.0386515 0.0471072 0.0556414 0.0635648 0.0700864 0.074469 0.076187 0.0750582 0.0712877 0.0653976 0.0580815 0.0500535 0.0419346 0.0341932 0.0271322 0.020912 0.0155913 0.0111714 0.00762534 0.00490782
 0.0075275 0.0118959 0.0173234 0.0236662 0.0308302 0.0387272 0.0471295 0.0555731 0.0633931 0.0698453 0.0742414 0.0760804 0.0751616 0.0716306 0.0659332 0.0587004 0.0506201 0.0423299 0.0343448 0.0270265 0.0205886 0.0151265 0.0106553 0.00714002 0.00450916
 0.00750526 0.0118641 0.0172843 0.0236255 0.0307966 0.0387102 0.0471344 0.0555955 0.0634158 0.0698423 0.0741922 0.0759901 0.0750705 0.0716041 0.0660297 0.058937 0.0509572 0.0426836 0.0346207 0.0271555 0.0205486 0.0149435 0.010387 0.00685212 0.00425429
 0.00756705 0.0119513 0.017391 0.0237383 0.0308987 0.0387878 0.0471825 0.0556181 0.0634213 0.0698364 0.0741733 0.0759497 0.075002 0.0715139 0.0659429 0.0588892 0.0509741 0.0427617 0.0347243 0.0272326 0.0205566 0.0148681 0.0102458 0.00668152 0.00409182
 0.00765115 0.0120749 0.0175524 0.0239264 0.0310953 0.0389717 0.0473338 0.0557211 0.0634679 0.0698277 0.0741185 0.0758618 0.0748923 0.0713904 0.0658127 0.0587638 0.0508692 0.0426904 0.0346869 0.0272132 0.0205303 0.0148153 0.0101624 0.00657956 0.00399078
 0.0076684 0.0121024 0.0175922 0.0239786 0.0311563 0.0390325 0.0473796 0.0557347 0.0634359 0.0697477 0.0740026 0.0757336 0.0747788 0.0713123 0.065779 0.0587718 0.0509096 0.042752 0.0347588 0.0272831 0.0205848 0.0148432 0.0101596 0.00655191 0.00395053
 0.00767167 0.0121086 0.0176034 0.0239983 0.0311894 0.0390848 0.0474555 0.0558338 0.0635486 0.0698545 0.0740787 0.075758 0.0747443 0.0712288 0.0656693 0.0586615 0.0508181 0.0426884 0.0347226 0.0272671 0.0205785 0.0148363 0.0101457 0.00652996 0.00392418
 0.00752551 0.011895 0.0173263 0.023677 0.0308527 0.0387627 0.047173 0.0556104 0.0634008 0.0697962 0.0741175 0.07589 0.074951 0.0714816 0.0659381 0.0589234 0.0510604 0.0429065 0.0349148 0.0274313 0.0207115 0.0149357 0.0102118 0.00656699 0.00393978
 0.00740653 0.0117147 0.0170803 0.0233713 0.0305048 0.0383994 0.0468288 0.0553227 0.0632024 0.0697071 0.0741407 0.0760134 0.0751536 0.0717387 0.0662241 0.0592142 0.0513361 0.0431538 0.0351273 0.0276072 0.0208513 0.0150407 0.0102846 0.00661229 0.00396406
 0.00727905 0.0115178 0.0168034 0.0230126 0.0300719 0.0379111 0.0463168 0.0548322 0.0627875 0.0694202 0.0740198 0.0760722 0.0753784 0.0720928 0.0666588 0.0596801 0.0517918 0.0435699 0.0354863 0.027902 0.0210818 0.0152116 0.0104036 0.00668906 0.00400919
 0.00729636 0.0115187 0.0167544 0.0228654 0.0297752 0.0374308 0.0456549 0.0540353 0.0619406 0.0686302 0.0733939 0.0756963 0.0752991 0.0723081 0.0671207 0.0603095 0.0524996 0.0442756 0.0361302 0.0284481 0.0215159 0.0155358 0.0106304 0.00683683 0.00409812
 0.00742852 0.0117157 0.0170153 0.0231709 0.0300849 0.0376832 0.0457739 0.0539461 0.0615969 0.0680404 0.0726316 0.0748852 0.0745773 0.0717886 0.0668645 0.0603179 0.0527244 0.0446407 0.0365543 0.0288636 0.0218776 0.0158219 0.0108381 0.00697545 0.00418305
 0.0074457 0.0117543 0.0170929 0.0233095 0.0303041 0.0379882 0.0461431 0.0543255 0.0619048 0.0681866 0.0725462 0.0745481 0.0740344 0.071144 0.0662472 0.0598399 0.052448 0.0445691 0.0366444 0.0290499 0.0220964 0.016026 0.0110019 0.00709207 0.00425758
