SBPRF35
8.83219
Curr Bio
566794
B35
573033
F35
0.200943
FOFL
0.200943
OFL
92725.1
Bzero
2.52348e+006
#pred survey bio
 3.82208e+006 2.55689e+006 2.20157e+006 2.02084e+006 1.85401e+006 1.67856e+006 1.50036e+006 1.3282e+006 1.16148e+006 1.05638e+006 946972 821498 747429 709250 643794 597337 575019 560165 540257 513717 525765 514314 506907 489680 501925 512356 518762 549332 583570 629582 621436 539503 496344 483725 509219 545603 581550 564261 537812 561803 576235 573709 576961 600720 607859 598445 578658 554032 556949 551624 553417 579472 603164 594421 598707 623881 615175 576473 582305 625328 601360 573966 1.35895e+007 1.23756e+007 1.26795e+007 1.34707e+007 1.45164e+007 1.56022e+007 1.65942e+007 1.74315e+007 1.8102e+007 1.86203e+007 1.90115e+007 1.9302e+007 1.95159e+007 1.96724e+007 1.97869e+007 1.98708e+007 1.99324e+007 1.99778e+007 2.00115e+007 2.00366e+007 2.00555e+007 2.00697e+007 2.00806e+007 2.00888e+007 2.00951e+007 2.00999e+007 2.01037e+007 2.01066e+007 2.01088e+007 2.01105e+007 2.01119e+007 2.01129e+007 2.01138e+007 2.01144e+007 2.01149e+007 2.01153e+007 2.01156e+007 2.01158e+007 2.0116e+007 2.01162e+007 2.01163e+007 2.01164e+007 2.01165e+007 2.01165e+007 2.01166e+007 2.01166e+007 2.01166e+007 2.01167e+007 2.01167e+007 2.01167e+007 2.01167e+007 2.01167e+007 2.01167e+007 2.01167e+007 2.01167e+007 2.01167e+007 2.01167e+007 2.01167e+007 2.01167e+007 2.01167e+007 2.01167e+007 2.01167e+007 2.01167e+007 2.01167e+007 2.01167e+007 2.01167e+007 2.01167e+007 2.01167e+007 2.01167e+007 2.01167e+007 2.01167e+007 2.01167e+007 2.01167e+007 2.01167e+007 2.01167e+007 2.01167e+007 2.01167e+007 2.01167e+007 2.01167e+007 2.01167e+007 2.01167e+007 2.01167e+007 2.01167e+007 2.01167e+007 2.01167e+007 2.01167e+007 2.01167e+007 2.01167e+007 2.01167e+007 2.01167e+007 2.01167e+007 2.01167e+007 2.01167e+007 2.01167e+007 2.01167e+007 2.01167e+007 2.01167e+007 2.01167e+007 2.01167e+007 2.01167e+007 0 0 0 0 0 0 0 0 0 0 0 0 0 0 0 0 0 0 0 0 0 0 0 0 0
#obs survey bio
 4.4965e+006 2.08515e+006 2.81639e+006 1.53113e+006 2.11504e+006 1.85856e+006 1.16963e+006 1.44094e+006 1.03924e+006 982029 1.19054e+006 697045 721500 613903 666010 663895 523383 757418 537766 431557 565666 466740 553028 405256 583863 437677 492644 563338 497618 808527 729738 403746 437130 480827 545726 540964 738892 615676 331011 594614 659050 610684 480904 530531 947812 662544 445752 528641 580172 459671 454156 595506 770691 669305 605677 719184 544258 610150 613372 690385 569068 718584
#pred catch bio
 470947 272720 260429 302534 307208 293762 280695 285925 249695 259481 255134 203889 171519 185051 149860 131029 126577 123257 122398 97567 118675 113030 114665 102878 95428 110039 98045.8 102007 94393.3 92896.8 97173.6 91278.6 91469.2 89029.8 88178.9 82420.6 86652.1 86714.2 85625 88654.4 90881.9 86401.7 93329.6 99686.4 98091 93519.7 106912 84703 90028.4 87328.8 87526.1 68384.8 105075 104728 85253.1 89800.6 111303 95519.4 56682.1 90103.2 110064 62820.2 92725.1 92010.4 92839.8 97591 104786 112376 119235 124904 129316 132605 134981 136656 137815 138605 139138 139495 139731 139887 139990 140057 140100 140129 140147 140159 140167 140172 140175 140177 140179 140179 140180 140180 140181 140181 140181 140181 140181 140181 140181 140181 140181 140181 140181 140181 140181 140181 140181 140181 140181 140181 140181 140181 140181 140181 140181 140181 140181 140181 140181 140181 140181 140181 140181 140181 140181 140181 140181 140181 140181 140181 140181 140181 140181 140181 140181 140181 140181 140181 140181 140181 140181 140181 140181 140181 140181 140181 140181 140181 140181 140181 140181 140181 140181 140181 140181 140181 140181 140181 140181 140181 0 0 0 0 0 0 0 0 0 0 0 0 0 0 0 0 0 0 0 0 0 0 0 0 0
#obs catch bio
 234633 272345 260358 303336 307482 293669 280312 286101 249582 260195 255272 203863 171357 185655 149511 130973 126719 123204 122441 97353.4 118914 113052 114460 103345 94994.8 110365 98021.9 102190 94662.5 92704.6 96986.7 91267.6 91509.2 89316.6 88334.4 82408.6 86507 86576.4 85862.2 88660.5 90862.4 86236.3 93523.6 99738.3 98071.8 93295.8 107271 84543.5 90073 87248.1 87945.8 67939.9 105388 105019 85161.4 89571.5 111466 96011 56272.4 90104 110886 62544.8
#pred cpue bio
 3.7751e+006 2.52279e+006 2.16967e+006 1.98889e+006 1.82201e+006 1.64696e+006 1.46952e+006 1.29836e+006 1.13279e+006 1.02811e+006 919555 795751 722549 684846 620805 575658 553949 539448 520223 494451 506186 495046 487954 471308 483189 493517 499545 529115 562231 606924 599670 520728 477849 463864 487367 522304 557243 541093 515793 538695 552738 550425 553580 576304 583166 574304 555486 531498 534597 529825 531649 556716 580355 571831 575476 599967 591971 554118 559287 601829 579304 552205 1.30841e+007 1.19114e+007 1.20837e+007 1.27743e+007 1.37964e+007 1.48783e+007 1.58697e+007 1.67069e+007 1.73775e+007 1.78958e+007 1.82869e+007 1.85775e+007 1.87913e+007 1.89479e+007 1.90624e+007 1.91462e+007 1.92078e+007 1.92532e+007 1.92869e+007 1.93121e+007 1.93309e+007 1.93452e+007 1.9356e+007 1.93642e+007 1.93705e+007 1.93754e+007 1.93791e+007 1.9382e+007 1.93842e+007 1.9386e+007 1.93873e+007 1.93884e+007 1.93892e+007 1.93898e+007 1.93903e+007 1.93907e+007 1.9391e+007 1.93913e+007 1.93915e+007 1.93916e+007 1.93917e+007 1.93918e+007 1.93919e+007 1.9392e+007 1.9392e+007 1.9392e+007 1.93921e+007 1.93921e+007 1.93921e+007 1.93921e+007 1.93921e+007 1.93921e+007 1.93921e+007 1.93922e+007 1.93922e+007 1.93922e+007 1.93922e+007 1.93922e+007 1.93922e+007 1.93922e+007 1.93922e+007 1.93922e+007 1.93922e+007 1.93922e+007 1.93922e+007 1.93922e+007 1.93922e+007 1.93922e+007 1.93922e+007 1.93922e+007 1.93922e+007 1.93922e+007 1.93922e+007 1.93922e+007 1.93922e+007 1.93922e+007 1.93922e+007 1.93922e+007 1.93922e+007 1.93922e+007 1.93922e+007 1.93922e+007 1.93922e+007 1.93922e+007 1.93922e+007 1.93922e+007 1.93922e+007 1.93922e+007 1.93922e+007 1.93922e+007 1.93922e+007 1.93922e+007 1.93922e+007 1.93922e+007 1.93922e+007 1.93922e+007 1.93922e+007 1.93922e+007 1.93922e+007 1.93922e+007 0 0 0 0 0 0 0 0 0 0 0 0 0 0 0 0 0 0 0 0 0 0 0 0 0
#obs cpue bio
 2.41724e+006 2.30149e+006 1.79134e+006 2.46679e+006 1.73483e+006 1.57479e+006 1.98334e+006 1.18558e+006 1.16163e+006 1.00088e+006 858508 886508 712586 774452 701333 468545 568504 432566 560606 514052 494045 525967 553642 354643 674422 451068 514507 502354 500858 686692 595708 589135 552208 356308 488571 519015 564098 520592 558816 622661 518492 545772 513863 744887 386544 560221 642148 563320 532872 670820 463952 799827 406611 447224 558877 632657 677985 392789 606500 678136 453875 497712
#pred surv len freq
 0.00465847 0.00766503 0.0117234 0.0168677 0.0229895 0.0297369 0.0364992 0.0425731 0.0474319 0.0508923 0.0530749 0.0542402 0.0546515 0.0545212 0.0540135 0.0532666 0.0524138 0.0515776 0.0508086 0.04997 0.0486389 0.046155 0.0418977 0.035688 0.0280449
 0.00510676 0.008354 0.0126873 0.0181151 0.0245069 0.0314924 0.0384379 0.0446049 0.0494248 0.0526831 0.0544992 0.0551753 0.0550533 0.0544358 0.053554 0.0525627 0.0515544 0.0505718 0.0495846 0.0484178 0.0466865 0.0438418 0.0394005 0.0332745 0.0259748
 0.00535983 0.00878058 0.0133551 0.0190907 0.0258349 0.0331675 0.0403838 0.046682 0.0514664 0.0545405 0.0560645 0.056375 0.055832 0.0547548 0.0534077 0.0519907 0.0506285 0.0493595 0.0481131 0.0466706 0.0446444 0.0415456 0.03699 0.030968 0.0239942
 0.00549591 0.0090228 0.0137599 0.0197276 0.0267752 0.0344632 0.042043 0.0486504 0.0536262 0.0567268 0.0580953 0.0580851 0.0570977 0.0555027 0.0536093 0.0516544 0.0497922 0.0480804 0.0464517 0.0446801 0.0423805 0.0390977 0.0345071 0.0286474 0.0220272
 0.0057026 0.00936081 0.0142735 0.0204622 0.0277731 0.0357538 0.0436303 0.0505031 0.0556744 0.0588644 0.0601868 0.0599761 0.0586333 0.0565501 0.0540777 0.0515033 0.0490285 0.0467473 0.0446177 0.0424329 0.0398306 0.0363909 0.0318289 0.0262033 0.0199943
 0.0059624 0.00977917 0.0148956 0.0213274 0.0289078 0.0371612 0.0452799 0.0523293 0.0575882 0.0607716 0.0619996 0.0616118 0.0600054 0.0575633 0.0546336 0.0515162 0.0484434 0.0455527 0.0428503 0.0401782 0.0372233 0.0336129 0.0290978 0.0237389 0.0179699
 0.00622226 0.0102025 0.015534 0.0222282 0.0301036 0.0386544 0.0470275 0.0542402 0.0595401 0.0626391 0.0636789 0.0630305 0.061117 0.0583316 0.0550177 0.0514632 0.0478945 0.0444621 0.0412095 0.038037 0.034702 0.0308996 0.0264237 0.0213338 0.016007
 0.00642201 0.010542 0.0160718 0.0230277 0.0312184 0.0401062 0.0487846 0.0562106 0.0615865 0.0646087 0.065433 0.0644642 0.0621652 0.0589654 0.0552297 0.0512497 0.0472422 0.0433488 0.0396222 0.0360016 0.0323112 0.0283207 0.0238777 0.0190452 0.0141448
 0.00670268 0.0109968 0.0167541 0.0239867 0.0324917 0.0417048 0.0506767 0.0583121 0.0637664 0.0667093 0.0672953 0.0659518 0.0631823 0.0594653 0.0552107 0.0507391 0.0462753 0.0419545 0.0378247 0.0338411 0.0298723 0.025751 0.0213755 0.0168162 0.0123439
 0.00679594 0.0111742 0.0170687 0.0245043 0.033276 0.0427945 0.0520642 0.0599374 0.0655302 0.0684942 0.0689834 0.0674319 0.0643539 0.0602445 0.0555395 0.0505916 0.0456558 0.0408887 0.0363532 0.0320225 0.0277979 0.0235565 0.0192346 0.0149066 0.0107998
 0.00693896 0.0114176 0.0174564 0.0250861 0.0341001 0.043893 0.0534358 0.0615359 0.0672647 0.0702417 0.0706089 0.0688101 0.0653869 0.0608685 0.0557228 0.0503267 0.0449532 0.0397743 0.0348695 0.0302347 0.0258019 0.021484 0.0172434 0.0131515 0.00939333
 0.00730273 0.0119798 0.0182481 0.0261177 0.0353612 0.045354 0.0550454 0.0632199 0.0689295 0.0717861 0.0719357 0.0698359 0.0660476 0.0611244 0.0555597 0.0497531 0.0439944 0.0384671 0.0332623 0.0283935 0.0238189 0.0194808 0.0153599 0.0115196 0.00810297
 0.007457 0.0122388 0.0186517 0.0267046 0.0361566 0.0463528 0.0562011 0.0644488 0.0701351 0.072888 0.0728855 0.0706107 0.0666307 0.0614904 0.055673 0.0495779 0.0435073 0.037666 0.0321706 0.0270625 0.0223295 0.0179411 0.0138931 0.0102395 0.00708741
 0.00737593 0.0121267 0.0185211 0.0265835 0.0360869 0.0463832 0.0563777 0.0648041 0.070677 0.073593 0.0737013 0.0714684 0.0674606 0.0622303 0.0562682 0.0499774 0.0436647 0.0375472 0.031765 0.0263922 0.0214534 0.0169501 0.0128957 0.00933891 0.00635728
 0.0075623 0.0124085 0.0189061 0.0270658 0.0366501 0.0470059 0.0570367 0.0654739 0.0713291 0.0741961 0.0742238 0.0718818 0.0677433 0.0623702 0.0562619 0.0498255 0.0433651 0.0370935 0.0311522 0.0256289 0.020573 0.0160144 0.0119853 0.00853338 0.00571305
 0.00770226 0.0126101 0.0191611 0.0273496 0.0369279 0.0472447 0.057216 0.0655924 0.071405 0.0742627 0.0743189 0.0720334 0.0679566 0.0626236 0.0565135 0.0500259 0.0434693 0.0370671 0.030975 0.0252983 0.0201092 0.0154621 0.0114078 0.00799737 0.00527014
 0.00773924 0.012673 0.0192597 0.0274911 0.0371112 0.047454 0.0574183 0.065745 0.0714736 0.0742397 0.074232 0.071936 0.067906 0.0626571 0.056635 0.0502056 0.0436558 0.037204 0.0310153 0.0252157 0.0199034 0.0151593 0.0110545 0.0076472 0.00496824
 0.00769912 0.0126217 0.0192085 0.0274597 0.0371232 0.047528 0.0575597 0.065941 0.0716935 0.074443 0.0743807 0.0720097 0.067911 0.0626244 0.0566049 0.0502081 0.0436957 0.0372596 0.0310494 0.025192 0.0198017 0.0149837 0.0108307 0.00741269 0.00475835
 0.00775638 0.0126942 0.0192804 0.0275065 0.0371217 0.0474712 0.0574658 0.0658495 0.0716482 0.0744704 0.0744773 0.0721453 0.0680451 0.0627257 0.0566635 0.0502348 0.0437096 0.0372729 0.0310586 0.0251807 0.019752 0.0148881 0.010698 0.00726463 0.00461954
 0.00794446 0.0129796 0.0196706 0.0279903 0.0376677 0.0480283 0.0579682 0.0662289 0.0718538 0.0744877 0.074333 0.0718927 0.0677388 0.0624028 0.0563412 0.0499193 0.0434072 0.0369925 0.0308074 0.0249591 0.0195533 0.0147045 0.010527 0.00711076 0.004491
 0.00773618 0.0126774 0.0192833 0.0275498 0.03722 0.0476194 0.0576318 0.0659831 0.0717041 0.0744331 0.0743707 0.0720204 0.0679535 0.062696 0.0566942 0.050303 0.043788 0.0373407 0.0311029 0.0251916 0.0197202 0.0148086 0.0105767 0.00711968 0.00447581
 0.0077348 0.0126751 0.0192807 0.0275502 0.0372319 0.0476576 0.0577152 0.066126 0.0719038 0.074662 0.074581 0.0721618 0.0679953 0.0626399 0.0565694 0.0501501 0.0436405 0.0372161 0.0310034 0.0251108 0.01965 0.0147432 0.0105142 0.0070616 0.00442551
 0.00772102 0.0126491 0.0192352 0.0274772 0.0371254 0.0475187 0.0575568 0.0659737 0.0717915 0.0746215 0.0746295 0.0722926 0.0681776 0.0628303 0.0567297 0.0502606 0.0437031 0.0372454 0.0310153 0.0251149 0.0196487 0.0147357 0.0104999 0.00704216 0.00440446
 0.00781137 0.012783 0.019412 0.0276865 0.0373482 0.0477307 0.0577319 0.0660885 0.0718313 0.074586 0.0745348 0.0721666 0.0680489 0.062717 0.0566341 0.0501734 0.0436128 0.0371469 0.0309122 0.0250153 0.0195601 0.0146616 0.0104405 0.00699612 0.00437011
 0.00782019 0.0127905 0.0194106 0.0276648 0.037294 0.0476353 0.0575949 0.0659195 0.0716484 0.0744123 0.074394 0.0720788 0.0680276 0.0627655 0.0567444 0.0503268 0.0437843 0.0373119 0.0310527 0.0251233 0.0196359 0.0147104 0.0104688 0.00701 0.00437486
 0.00780862 0.0127581 0.019337 0.0275234 0.0370596 0.0472962 0.0571631 0.0654332 0.0711642 0.0739915 0.0740888 0.0719233 0.0680338 0.0629241 0.0570289 0.0506992 0.0442017 0.0377326 0.0314415 0.025456 0.0199008 0.0149069 0.0106045 0.00709698 0.00442609
 0.00790344 0.0129165 0.0195813 0.027871 0.0375123 0.0478265 0.0577062 0.0658959 0.0714518 0.0740415 0.0738937 0.0715297 0.0675231 0.0623856 0.0565371 0.0503014 0.0439152 0.0375503 0.031341 0.0254097 0.019884 0.0149024 0.0106028 0.00709462 0.00442283
 0.00791267 0.0129142 0.0195476 0.0277812 0.0373487 0.0475936 0.057439 0.0656511 0.0712829 0.073973 0.0739107 0.0715911 0.0675872 0.0624313 0.0565692 0.0503409 0.043984 0.0376587 0.031484 0.0255705 0.0200417 0.0150393 0.0107091 0.00716875 0.0044694
 0.00795856 0.0129801 0.0196294 0.0278665 0.0374167 0.0476174 0.0573922 0.0655179 0.0710697 0.073713 0.0736558 0.071391 0.0674684 0.0623907 0.0565842 0.050388 0.0440507 0.0377433 0.031588 0.0256903 0.0201669 0.0151563 0.0108065 0.00724106 0.00451731
 0.0077985 0.0127401 0.019306 0.0274701 0.0369685 0.0471443 0.0569222 0.0650787 0.0706877 0.0734129 0.0734607 0.0713215 0.0675393 0.0626032 0.0569204 0.0508115 0.0445167 0.0382111 0.0320282 0.0260854 0.0205066 0.0154344 0.0110205 0.00739389 0.00461742
 0.0077531 0.0126406 0.0191106 0.0271288 0.0364412 0.0464266 0.0560641 0.0641809 0.0698724 0.0727849 0.0730797 0.0711995 0.0676543 0.0629181 0.0573937 0.0513996 0.0451729 0.0388867 0.032678 0.0266731 0.0210083 0.0158386 0.0113266 0.00760983 0.00475815
 0.00855292 0.0137795 0.0205235 0.028648 0.0378364 0.0474752 0.0566129 0.0641741 0.0693481 0.0718542 0.0718987 0.0699357 0.0664536 0.0618817 0.0565729 0.0508049 0.0447871 0.0386767 0.0326022 0.026688 0.0210742 0.0159239 0.0114095 0.00767832 0.00480788
 0.00915722 0.0147844 0.0220656 0.0308358 0.0406885 0.0508421 0.0601334 0.0673218 0.0715821 0.0728062 0.0714903 0.0683685 0.0640986 0.059144 0.053794 0.0482216 0.042533 0.0368049 0.031112 0.0255474 0.0202354 0.0153331 0.0110134 0.00742751 0.00465919
 0.00912182 0.0148255 0.0223116 0.0314718 0.0419136 0.052795 0.0628128 0.0705387 0.0749667 0.0758726 0.0737489 0.069456 0.0638817 0.057748 0.0515424 0.0455198 0.0397551 0.0342256 0.0288906 0.0237467 0.0188518 0.0143243 0.0103174 0.00697586 0.00438561
 0.00889351 0.0144768 0.0218358 0.0308971 0.0413203 0.052329 0.0626801 0.0709626 0.0761044 0.077722 0.0760977 0.0719138 0.0659898 0.0591237 0.0519926 0.0450803 0.0386446 0.0327481 0.0273361 0.0223266 0.0176818 0.0134381 0.00969524 0.00656992 0.00414004
 0.00884739 0.0143656 0.0216037 0.0304753 0.0406527 0.051411 0.0615943 0.0698886 0.0752895 0.0774177 0.0764795 0.0730089 0.0676428 0.0610227 0.0537595 0.0463917 0.0393306 0.0328228 0.0269556 0.0217056 0.0170142 0.0128527 0.00924884 0.00626591 0.00395276
 0.00870036 0.0141391 0.0212841 0.0300529 0.0401171 0.0507485 0.0607943 0.068963 0.0742993 0.0764905 0.0757997 0.0727728 0.0679866 0.0619552 0.0551352 0.0479453 0.0407643 0.0339074 0.027595 0.0219396 0.0169683 0.0126703 0.00904135 0.00609432 0.00383543
 0.00873984 0.0141757 0.0212888 0.0299832 0.0399295 0.0504164 0.0603208 0.0683791 0.07365 0.0758223 0.0751637 0.0722393 0.0676532 0.0619266 0.055477 0.0486355 0.0416797 0.0348598 0.0284024 0.0224917 0.0172513 0.0127455 0.00899861 0.00601134 0.00375865
 0.00881965 0.0143042 0.0214776 0.0302361 0.0402344 0.050737 0.0605945 0.0685286 0.0736081 0.0755588 0.0746987 0.0716376 0.0670085 0.0613451 0.0550602 0.0484579 0.0417609 0.0351497 0.0287948 0.0228664 0.0175216 0.0128836 0.00902827 0.00597954 0.00370827
 0.00866728 0.0141006 0.0212528 0.0300453 0.0401424 0.0507924 0.0608071 0.0688611 0.0739849 0.0758881 0.0748981 0.0716575 0.0668462 0.0610463 0.0547064 0.0481427 0.0415628 0.0351065 0.028892 0.0230467 0.0177126 0.0130298 0.00910831 0.00600303 0.00369915
 0.00867863 0.0140867 0.0211752 0.0298569 0.0398101 0.0503273 0.0602821 0.0683966 0.0737032 0.0758575 0.0751031 0.0720101 0.0672284 0.0613597 0.0549038 0.0482344 0.0415986 0.0351461 0.0289763 0.0231821 0.0178748 0.0131824 0.00922348 0.00607215 0.00373033
 0.00874513 0.0141898 0.0213186 0.0300342 0.039999 0.0504864 0.0603562 0.0683362 0.0734924 0.0755353 0.0747553 0.0717317 0.0670782 0.0613359 0.0549569 0.048303 0.0416439 0.0351645 0.0289882 0.0232099 0.0179264 0.0132485 0.00928685 0.00611953 0.00375793
 0.00871839 0.0141546 0.0212808 0.0300047 0.03999 0.0505059 0.0604016 0.0683903 0.073526 0.0755168 0.0746668 0.0715835 0.0669097 0.0611993 0.0548903 0.0483131 0.0417087 0.0352519 0.0290753 0.0232894 0.018 0.0133173 0.00934781 0.0061675 0.00379026
 0.00863595 0.0140421 0.0211517 0.029885 0.0399122 0.0504973 0.060474 0.0685361 0.07372 0.0757213 0.0748399 0.0716887 0.066928 0.0611368 0.0547771 0.04819 0.0416091 0.035191 0.0290505 0.0232897 0.0180149 0.0133395 0.00937211 0.0061897 0.00380736
 0.00857902 0.0139528 0.0210244 0.0297201 0.0397194 0.0502991 0.0603059 0.0684395 0.0737276 0.0758422 0.0750518 0.0719444 0.0671715 0.0613227 0.0548834 0.0482213 0.0415895 0.0351509 0.0290143 0.0232694 0.0180114 0.0133481 0.00938651 0.00620481 0.00381997
 0.00857121 0.0139307 0.020974 0.0296235 0.0395604 0.0500721 0.0600243 0.0681377 0.0734552 0.0756508 0.0749802 0.0720059 0.0673494 0.0615748 0.0551568 0.0484693 0.0417853 0.0352898 0.0291078 0.0233343 0.0180614 0.0133899 0.00942184 0.00623299 0.00384045
 0.00855875 0.01391 0.0209416 0.0295742 0.039487 0.0499656 0.0598756 0.067943 0.0732218 0.0754021 0.0747543 0.0718467 0.0672924 0.0616335 0.0553172 0.0486953 0.042032 0.0355192 0.0292978 0.0234799 0.0181682 0.0134672 0.00947754 0.00627228 0.00386688
 0.00857964 0.0139673 0.0210694 0.0298148 0.0398753 0.0505061 0.0605252 0.0686112 0.0737942 0.0757755 0.0748682 0.0716981 0.0669307 0.0611418 0.0547851 0.0481948 0.041604 0.0351742 0.0290271 0.0232689 0.0180052 0.0133449 0.00939063 0.00621507 0.00383247
 0.00841331 0.0136966 0.0206651 0.0292589 0.0391756 0.0497132 0.0597396 0.0679668 0.0734159 0.0757302 0.0751387 0.072195 0.0675341 0.061746 0.0553262 0.0486526 0.0419869 0.0354989 0.0293052 0.0235035 0.0181949 0.0134896 0.00949391 0.00628394 0.00387532
 0.00849873 0.0138024 0.0207624 0.0292988 0.0391008 0.0494784 0.0593322 0.0674197 0.0728059 0.0751628 0.0747198 0.0719985 0.0675776 0.0619883 0.0556884 0.0490519 0.0423629 0.0358229 0.029572 0.0237187 0.0183652 0.0136198 0.00958836 0.00634798 0.00391552
 0.00852404 0.013852 0.0208505 0.0294379 0.0392907 0.0496937 0.0595169 0.0674984 0.0727129 0.0748755 0.0742778 0.0714945 0.067124 0.0616762 0.0555586 0.0490902 0.0425175 0.0360315 0.029785 0.0239072 0.0185182 0.0137367 0.00967285 0.00640542 0.00395186
 0.00839131 0.0136643 0.0206208 0.0291976 0.0390831 0.0495608 0.0594851 0.0675683 0.0728551 0.0750357 0.0743931 0.0715188 0.0670501 0.0615416 0.0554277 0.0490237 0.0425463 0.0361493 0.029959 0.0240978 0.0186939 0.0138803 0.00977965 0.00647855 0.00399806
 0.00823905 0.013388 0.0201554 0.028475 0.0380609 0.0482611 0.0580229 0.0661411 0.0716892 0.074311 0.0741876 0.0717974 0.0676965 0.0624101 0.056391 0.0499972 0.0434865 0.0370354 0.0307738 0.0248196 0.0193012 0.0143599 0.0101324 0.00671891 0.00414908
 0.00843017 0.0136976 0.0206144 0.0290981 0.0388279 0.0490975 0.0587948 0.0666823 0.0718606 0.0740634 0.0735864 0.0709928 0.0668571 0.0616628 0.0557962 0.0495601 0.0431861 0.0368468 0.0306762 0.0247938 0.0193252 0.0144101 0.0101884 0.00676719 0.00418412
 0.0084381 0.0137367 0.0207218 0.0293247 0.039225 0.0496939 0.0595727 0.0675643 0.0727159 0.0747359 0.0739394 0.0709545 0.0664479 0.0609865 0.0549978 0.0487748 0.042504 0.0363071 0.0302808 0.0245251 0.019158 0.0143175 0.0101448 0.00675157 0.00418155
 0.0083029 0.0135079 0.0203645 0.0288107 0.0385512 0.0489052 0.0587747 0.0669078 0.0723499 0.0747475 0.0743149 0.0715833 0.0671685 0.0616485 0.0555112 0.0491245 0.0427299 0.0364678 0.030423 0.0246707 0.0193076 0.0144604 0.0102688 0.00684864 0.0042499
 0.00840222 0.0136346 0.0204897 0.0288834 0.0385088 0.0486943 0.058373 0.0663404 0.0716934 0.0741189 0.0738421 0.0713637 0.0672319 0.061946 0.0559385 0.0495684 0.0431111 0.0367581 0.030635 0.0248328 0.0194432 0.0145796 0.0103712 0.00693044 0.00430912
 0.00860915 0.0139869 0.0210448 0.0296924 0.0395903 0.0499996 0.0597639 0.0676041 0.0726013 0.0745058 0.0736642 0.0707067 0.0662691 0.0608711 0.0549049 0.0486582 0.0423408 0.0361092 0.0300856 0.0243737 0.0190758 0.0143051 0.0101828 0.00681266 0.00424235
 0.00845062 0.0137698 0.0207958 0.0294677 0.0394677 0.0500597 0.0600665 0.068164 0.0733695 0.0753664 0.0744566 0.0712741 0.066514 0.0607879 0.0545709 0.0481909 0.0418486 0.0356606 0.0297077 0.024068 0.0188358 0.0141247 0.0100561 0.00673113 0.00419513
 0.00809706 0.0131745 0.0198677 0.0281261 0.0376804 0.0478942 0.0577265 0.0659735 0.0716926 0.074492 0.0745057 0.0721719 0.0680311 0.0626257 0.0564525 0.0499235 0.0433402 0.0368967 0.0307116 0.0248702 0.0194614 0.0145949 0.0103926 0.00695844 0.00433881
 0.00830547 0.0134701 0.0202287 0.0284942 0.0379637 0.0479815 0.0575112 0.0653893 0.0707534 0.0733177 0.0733088 0.0711957 0.067464 0.0625358 0.0567766 0.0505116 0.0440244 0.0375481 0.0312621 0.0253025 0.0197862 0.0148312 0.0105586 0.00706981 0.00440923
 0.0084694 0.0137783 0.0207645 0.0293476 0.0391923 0.0495564 0.0592765 0.0670708 0.0720286 0.0739208 0.0731217 0.0702852 0.0660533 0.060925 0.0552452 0.0492427 0.0430783 0.0368887 0.0308098 0.0249821 0.0195486 0.0146524 0.0104282 0.00698059 0.00435314
#obs surv len freq
 0.00497087 0.00814169 0.012383 0.0177079 0.0239899 0.0308634 0.0377031 0.043786 0.0485621 0.0518308 0.0537105 0.0544866 0.0544785 0.0539829 0.05326 0.052523 0.0519166 0.0514753 0.0510606 0.0503034 0.0486213 0.0453837 0.0402137 0.0332801 0.025365
 0.00518721 0.00849594 0.0129209 0.0184739 0.0250185 0.0321661 0.0392545 0.0455185 0.0503751 0.0536087 0.0553407 0.0558686 0.0555266 0.0546262 0.0534426 0.052208 0.0510924 0.0501631 0.0493212 0.0482401 0.0463779 0.0431322 0.0381305 0.0315123 0.0239983
 0.00541208 0.00886476 0.0134822 0.0192752 0.0260979 0.0335381 0.0408952 0.04736 0.0523142 0.0555258 0.057118 0.0574007 0.0567241 0.0554152 0.0537631 0.0520135 0.0503531 0.0488759 0.0475229 0.0460219 0.0438908 0.0405768 0.035725 0.0294461 0.0223877
 0.00564161 0.00924157 0.0140562 0.0200957 0.0272045 0.0349462 0.042581 0.0492546 0.0543129 0.0575076 0.058964 0.0590052 0.0579977 0.0562842 0.0541669 0.0519025 0.0496895 0.0476414 0.0457346 0.043753 0.0412856 0.037846 0.0331127 0.0271743 0.0206005
 0.00588416 0.00963751 0.0146553 0.0209456 0.0283423 0.0363847 0.044294 0.0511713 0.0563275 0.0594986 0.0608133 0.0606092 0.0592707 0.0571571 0.0545841 0.0518174 0.0490638 0.0464501 0.043982 0.0414963 0.0386558 0.0350504 0.0304043 0.0247934 0.0187111
 0.0061301 0.0100422 0.0152731 0.0218299 0.0295344 0.0378967 0.0460921 0.053171 0.0584067 0.0615231 0.0626593 0.0621755 0.0604802 0.0579531 0.0549242 0.0516678 0.0483952 0.0452411 0.0422331 0.0392537 0.036037 0.032251 0.0276736 0.0223759 0.01678
 0.00638461 0.0104567 0.0158985 0.0227144 0.0307148 0.0393844 0.0478576 0.0551373 0.0604585 0.0635271 0.0644861 0.0637146 0.0616478 0.0586921 0.0551998 0.0514589 0.047687 0.0440237 0.0405122 0.0370724 0.0335009 0.0295402 0.0250222 0.0200192 0.014889
 0.00663243 0.0108633 0.0165173 0.0235964 0.0318984 0.0408783 0.0496249 0.0570908 0.0624745 0.0654705 0.066233 0.0651639 0.0627236 0.0593425 0.0553933 0.0511797 0.0469293 0.0427895 0.0388168 0.0349619 0.0310746 0.0269624 0.0225069 0.0177833 0.0130923
 0.00682841 0.0111907 0.0170263 0.0243396 0.0329198 0.0421968 0.0512164 0.058882 0.0643531 0.0673063 0.0679006 0.0665573 0.063763 0.0599746 0.0555883 0.0509249 0.0462237 0.0416409 0.037247 0.0330199 0.0288545 0.0246134 0.0202204 0.0157524 0.0114596
 0.00705959 0.0115646 0.0175855 0.025123 0.0339556 0.0434915 0.0527428 0.060573 0.0661084 0.0690089 0.0694347 0.067822 0.0646805 0.0604937 0.0556834 0.0505908 0.0454689 0.0404838 0.0357181 0.0311723 0.0267787 0.022445 0.0181287 0.0139059 0.00998075
 0.0072673 0.0119086 0.0181143 0.0258839 0.0349833 0.0447907 0.0542724 0.0622441 0.0678005 0.0705975 0.0708131 0.0689109 0.0654268 0.0608654 0.0556658 0.0501836 0.0446838 0.0393431 0.0342566 0.0294451 0.0248719 0.0204805 0.0162538 0.0122638 0.00867309
 0.0074454 0.0121994 0.0185545 0.0265091 0.0358219 0.0458533 0.0555396 0.0636602 0.069277 0.0720274 0.0720886 0.0699393 0.0661407 0.0612268 0.0556624 0.0498217 0.0439811 0.0383256 0.0329607 0.0279246 0.0232061 0.0187774 0.0146396 0.0108584 0.0075593
 0.00753097 0.0123426 0.0187782 0.0268381 0.0362795 0.0464551 0.0562863 0.0645337 0.0702416 0.0730333 0.0730762 0.0708421 0.0668899 0.0617591 0.0559281 0.0497908 0.0436445 0.0376933 0.0320607 0.0268047 0.0219376 0.0174553 0.0133728 0.00974881 0.00667698
 0.00761207 0.0124671 0.0189522 0.0270642 0.0365586 0.0467888 0.0566781 0.0649868 0.0707559 0.0736017 0.0736817 0.0714561 0.0674722 0.06226 0.0562935 0.04997 0.0435982 0.0374011 0.0315258 0.0260571 0.0210344 0.0164776 0.0124145 0.00889786 0.00599477
 0.00765839 0.0125406 0.0190594 0.027209 0.0367416 0.0470055 0.0569191 0.0652403 0.0710136 0.0738638 0.0739568 0.0717547 0.0677969 0.0625968 0.0566097 0.0502185 0.0437273 0.0373662 0.031301 0.0256439 0.0204656 0.0158141 0.0117339 0.00827607 0.00548715
 0.00768873 0.0125827 0.0191095 0.0272601 0.0367859 0.0470392 0.0569451 0.0652681 0.0710557 0.0739318 0.0740598 0.0718992 0.0679866 0.0628296 0.0568728 0.0504847 0.0439556 0.0375092 0.0313171 0.0255105 0.0201888 0.0154302 0.0113007 0.00785658 0.00513171
 0.00777979 0.0127183 0.0192902 0.0274769 0.0370214 0.0472707 0.0571478 0.0654198 0.0711419 0.0739512 0.0740256 0.0718353 0.0679202 0.0627837 0.0568606 0.0505059 0.0439948 0.0375377 0.0312997 0.025417 0.0200065 0.0151708 0.0109982 0.00755514 0.00487055
 0.00781303 0.0127756 0.0193818 0.0276125 0.0372059 0.0474981 0.0573976 0.0656585 0.0713324 0.0740652 0.0740526 0.0717852 0.0678175 0.0626594 0.0567432 0.0504142 0.0439339 0.0374975 0.0312585 0.0253491 0.0198932 0.0150089 0.0108027 0.00735324 0.00469018
 0.00784254 0.0128173 0.0194335 0.0276694 0.037264 0.0475574 0.0574639 0.0657396 0.0714318 0.0741758 0.0741569 0.0718616 0.0678503 0.0626461 0.0566949 0.0503498 0.043871 0.0374449 0.0312132 0.0252989 0.0198237 0.0149125 0.0106834 0.00722546 0.004572
 0.007865 0.0128504 0.0194766 0.0277194 0.0373148 0.0476017 0.0574949 0.065754 0.0714318 0.0741702 0.0741571 0.0718756 0.0678776 0.0626775 0.0567187 0.0503585 0.0438647 0.0374286 0.031191 0.0252704 0.0197843 0.0148576 0.0106136 0.00714814 0.00449791
 0.00789842 0.0129004 0.0195435 0.0278002 0.0374037 0.0476907 0.0575746 0.0658147 0.0714657 0.0741735 0.0741329 0.0718329 0.0678289 0.0626334 0.0566838 0.0503311 0.0438399 0.0374019 0.0311604 0.0252351 0.0197433 0.0148103 0.0105608 0.0070933 0.00444684
 0.0079133 0.0129246 0.01958 0.027851 0.0374691 0.047768 0.0576568 0.0658915 0.0715257 0.074208 0.0741379 0.0718106 0.0677861 0.06258 0.0566295 0.0502829 0.0438002 0.0373693 0.0311314 0.0252061 0.0197118 0.0147753 0.0105232 0.00705551 0.00441231
 0.00786983 0.0128559 0.0194807 0.0277188 0.0373063 0.0475837 0.0574682 0.0657218 0.0713987 0.0741408 0.0741362 0.0718685 0.0678898 0.0627131 0.0567773 0.0504338 0.0439461 0.0375039 0.0312492 0.0253027 0.0197845 0.0148238 0.0105498 0.00706528 0.0044113
 0.00787881 0.0128616 0.0194728 0.0276826 0.0372269 0.0474527 0.0572894 0.0655129 0.0711875 0.0739577 0.0740067 0.0718081 0.0679017 0.0627891 0.0569011 0.0505864 0.0441093 0.0376633 0.0313943 0.0254265 0.0198829 0.0148955 0.0105968 0.00709193 0.00442342
 0.00787778 0.0128582 0.019464 0.0276634 0.0371897 0.0473882 0.0571886 0.0653706 0.071007 0.0737544 0.0738071 0.0716436 0.0677999 0.0627654 0.0569558 0.0507059 0.0442719 0.0378452 0.0315747 0.0255895 0.0200188 0.0150002 0.0106707 0.00713916 0.00445034
 0.00787705 0.0128557 0.0194579 0.0276507 0.0371672 0.0473528 0.0571375 0.0653016 0.0709183 0.0736457 0.0736818 0.0715115 0.0676779 0.0626745 0.0569145 0.0507241 0.0443472 0.0379641 0.0317172 0.0257352 0.020151 0.0151085 0.0107513 0.00719353 0.00448337
 0.00784419 0.0128048 0.0193859 0.0275569 0.0370531 0.0472226 0.0569985 0.0651638 0.0707924 0.0735407 0.0736028 0.0714598 0.0676524 0.0626751 0.0569441 0.0507872 0.0444466 0.0380971 0.0318737 0.0258996 0.0203066 0.0152416 0.0108546 0.00726622 0.00452964
 0.00783547 0.0127846 0.0193446 0.0274827 0.0369357 0.0470589 0.0567972 0.0649451 0.0705833 0.0733661 0.0734801 0.0713955 0.0676445 0.0627158 0.0570237 0.0508975 0.0445817 0.0382522 0.0320424 0.0260723 0.0204709 0.0153855 0.0109697 0.00734986 0.00458464
 0.00778843 0.0127116 0.0192411 0.0273461 0.0367652 0.0468553 0.0565643 0.0646923 0.0703271 0.0731304 0.0732921 0.0712795 0.0676148 0.0627732 0.0571567 0.0510871 0.0448072 0.0384951 0.0322877 0.0263074 0.0206844 0.0155679 0.0111144 0.00745552 0.00465499
 0.00777098 0.012679 0.0191844 0.027255 0.0366312 0.0466762 0.0563477 0.0644547 0.0700898 0.0729136 0.0731118 0.071148 0.0675426 0.0627686 0.0572231 0.0512198 0.0449935 0.0387167 0.0325247 0.0265411 0.0208995 0.0157528 0.0112622 0.00756449 0.00472846
 0.00775217 0.0126491 0.0191403 0.0271936 0.0365488 0.0465691 0.0562126 0.064292 0.0699055 0.0727203 0.0729276 0.0709925 0.0674326 0.0627159 0.0572332 0.0512929 0.0451237 0.0388922 0.0327288 0.0267547 0.021104 0.015933 0.0114087 0.00767376 0.00480294
 0.00931115 0.0148286 0.0217653 0.0298826 0.0388262 0.0480419 0.056711 0.0638935 0.0688505 0.0712906 0.0713574 0.069439 0.0659866 0.0614244 0.0561181 0.0503606 0.0443709 0.038308 0.0322959 0.026451 0.0209043 0.0158115 0.0113414 0.00764071 0.00478918
 0.00929589 0.015092 0.0226694 0.0318758 0.0422471 0.0528552 0.06234 0.0693156 0.0729611 0.07334 0.0711986 0.0674675 0.0628689 0.0578131 0.0524916 0.0469994 0.0414074 0.0357876 0.0302195 0.0247964 0.0196351 0.0148807 0.0106939 0.00721728 0.00453107
 0.00897218 0.0145818 0.0219529 0.031001 0.0413829 0.0523267 0.06259 0.0707449 0.0756877 0.0770188 0.0750658 0.070631 0.0646808 0.0580946 0.0515009 0.0452202 0.0393218 0.0337458 0.0284181 0.0233151 0.0184838 0.0140323 0.0101033 0.00683133 0.00429623
 0.00880213 0.014298 0.0215126 0.0303629 0.0405228 0.0512679 0.0614423 0.0697322 0.0751311 0.0772485 0.076271 0.0727182 0.0672409 0.060536 0.053289 0.0460832 0.0393041 0.0331102 0.027487 0.0223505 0.0176423 0.013377 0.0096364 0.00652424 0.00410964
 0.00873646 0.0141854 0.0213317 0.0300878 0.0401267 0.0507299 0.0607593 0.0689345 0.0742994 0.076526 0.0758543 0.0728073 0.0679508 0.0618085 0.0548712 0.0476086 0.040443 0.0336972 0.0275541 0.0220637 0.0171997 0.0129329 0.00927457 0.00626848 0.00394844
 0.00868294 0.0140988 0.0212016 0.0299041 0.0398797 0.0504118 0.0603667 0.0684709 0.0737792 0.0759814 0.0753448 0.0724267 0.0678171 0.062026 0.0554732 0.0485132 0.0414616 0.0346041 0.0281806 0.0223573 0.0172189 0.0127922 0.00908358 0.00609771 0.00382575
 0.00868089 0.0140894 0.0211762 0.0298505 0.039785 0.0502663 0.0601672 0.0682214 0.0734882 0.0756599 0.0750078 0.0721 0.067545 0.0618725 0.0555066 0.048774 0.0419288 0.0351867 0.0287473 0.022792 0.0174668 0.0128694 0.00905011 0.00601943 0.00374843
 0.00867319 0.0140776 0.0211593 0.0298272 0.0397522 0.0502185 0.0600966 0.0681195 0.0733494 0.0754841 0.0748022 0.0718783 0.0673278 0.0616889 0.0553942 0.0487725 0.0420637 0.0354493 0.0290877 0.0231342 0.0177405 0.0130385 0.00912009 0.0060227 0.0037219
 0.00865451 0.0140507 0.0211253 0.0297893 0.0397146 0.050185 0.060068 0.0680933 0.0733194 0.0754418 0.0747391 0.0717896 0.0672157 0.0615647 0.055279 0.0486945 0.042051 0.035519 0.0292343 0.0233272 0.017935 0.0131944 0.009218 0.00606667 0.0037301
 0.00865135 0.0140433 0.0211103 0.0297626 0.0396735 0.0501301 0.0600051 0.0680317 0.0732686 0.0754071 0.0747184 0.0717748 0.0671963 0.0615335 0.0552365 0.0486507 0.0420236 0.0355267 0.0292879 0.0234225 0.0180527 0.0133082 0.00930663 0.0061218 0.00375599
 0.00864561 0.0140375 0.0211078 0.0297679 0.0396903 0.0501581 0.0600387 0.0680615 0.0732851 0.0754053 0.0746992 0.0717429 0.0671564 0.0614877 0.0551853 0.0485959 0.0419715 0.0354882 0.029274 0.0234388 0.018095 0.0133638 0.00936032 0.00616258 0.00378051
 0.00864653 0.0140363 0.0211014 0.0297526 0.0396636 0.0501215 0.0599984 0.068027 0.0732647 0.0754017 0.0747091 0.0717585 0.0671704 0.0614957 0.0551858 0.0485899 0.0419616 0.0354791 0.0292721 0.0234495 0.0181198 0.0133988 0.00939784 0.0061949 0.00380332
 0.00863312 0.0140189 0.0210829 0.0297379 0.0396574 0.0501252 0.0600091 0.0680383 0.0732707 0.0754005 0.0747032 0.0717525 0.0671673 0.0614952 0.0551855 0.048587 0.0419554 0.0354711 0.0292659 0.0234489 0.0181275 0.0134144 0.00941791 0.00621476 0.00381925
 0.00860638 0.0139767 0.0210222 0.0296578 0.0395603 0.0500185 0.0599048 0.0679513 0.0732141 0.0753809 0.0747186 0.0717952 0.0672278 0.0615652 0.0552586 0.0486583 0.0420208 0.0355281 0.0293141 0.0234898 0.0181632 0.0134463 0.00944604 0.00623814 0.00383685
 0.00860964 0.0139793 0.0210211 0.0296484 0.0395376 0.049979 0.0598488 0.0678834 0.0731433 0.0753179 0.0746737 0.0717746 0.0672324 0.0615909 0.0552986 0.0487053 0.0420691 0.0355735 0.0293543 0.0235242 0.0181924 0.0134711 0.00946694 0.00625511 0.00384968
 0.00860964 0.0139793 0.0210211 0.0296484 0.0395376 0.049979 0.0598488 0.0678834 0.0731433 0.0753179 0.0746737 0.0717746 0.0672324 0.0615909 0.0552986 0.0487053 0.0420691 0.0355735 0.0293543 0.0235242 0.0181924 0.0134711 0.00946694 0.00625511 0.00384968
 0.00867823 0.014089 0.021182 0.0298667 0.0398117 0.050295 0.0601775 0.0681835 0.0733704 0.0754388 0.0746751 0.071666 0.0670395 0.0613467 0.0550344 0.048446 0.0418306 0.0353649 0.0291792 0.0233832 0.0180838 0.0133921 0.00941335 0.00622161 0.00383064
 0.00849719 0.0138098 0.0207914 0.0293661 0.039221 0.049655 0.0595505 0.0676457 0.0729948 0.0752737 0.0747303 0.0719135 0.0674275 0.0618165 0.0555342 0.0489365 0.0422858 0.0357692 0.0295248 0.0236674 0.0183081 0.0135612 0.00953434 0.00630321 0.00388209
 0.00850101 0.0137969 0.0207371 0.0292369 0.0389847 0.0492963 0.0590844 0.0671205 0.0724813 0.0748464 0.0744487 0.0718098 0.0675024 0.0620435 0.0558686 0.0493283 0.0426901 0.0361522 0.0298649 0.0239535 0.0185369 0.0137349 0.00965895 0.00638715 0.0039348
 0.0085251 0.0138387 0.0208033 0.0293309 0.0391004 0.0494117 0.0591598 0.067108 0.0723447 0.0745815 0.0740922 0.0714291 0.0671718 0.0618202 0.0557781 0.0493634 0.0428208 0.0363388 0.03007 0.0241489 0.0187052 0.0138684 0.00975723 0.00645434 0.00397732
 0.00851573 0.0138259 0.0207887 0.0293186 0.0390964 0.0494225 0.0591891 0.0671516 0.0723869 0.0745955 0.0740495 0.0713139 0.0669942 0.0616159 0.0555965 0.0492476 0.0427919 0.0363925 0.0301827 0.0242897 0.0188466 0.0139916 0.0098532 0.00652219 0.00402106
 0.00818268 0.0133035 0.0200406 0.0283298 0.0378838 0.0480463 0.0577607 0.0658258 0.0713308 0.0739436 0.073866 0.0715816 0.0676301 0.0625052 0.0566258 0.0503274 0.043861 0.0374099 0.0311167 0.0251125 0.0195357 0.0145353 0.0102542 0.00679668 0.00419434
 0.00854691 0.0138434 0.0207539 0.0291748 0.0387839 0.0489022 0.0584648 0.0662786 0.0714615 0.0737325 0.0733553 0.0708639 0.0668197 0.0617056 0.0559094 0.0497316 0.043397 0.0370736 0.0308955 0.0249875 0.019483 0.0145291 0.0102713 0.00682015 0.00421488
 0.0084751 0.0137793 0.0207522 0.0293127 0.0391322 0.0494846 0.0592273 0.0670926 0.0721649 0.0741861 0.0734857 0.0706758 0.0663808 0.0611171 0.0552762 0.0491391 0.0428998 0.0366949 0.0306349 0.0248294 0.0194045 0.0145047 0.0102774 0.00683861 0.00423408
 0.00833921 0.0135477 0.0203888 0.0287905 0.0384553 0.048713 0.0584855 0.066543 0.071946 0.0743472 0.0739615 0.0713183 0.067027 0.0616512 0.0556555 0.0493828 0.0430583 0.0368196 0.0307598 0.0249672 0.019551 0.0146472 0.0104026 0.00693753 0.00430425
 0.00837714 0.0136 0.0204487 0.028841 0.0384694 0.0486567 0.0583291 0.0662787 0.071605 0.0740045 0.0737127 0.0712374 0.0671277 0.0618803 0.0559233 0.049609 0.0432039 0.03689 0.0307861 0.0249827 0.0195759 0.0146862 0.0104496 0.00698322 0.00434158
 0.00857631 0.0139184 0.0209157 0.0294748 0.0392659 0.0495764 0.0592873 0.0671503 0.0722532 0.0743225 0.0736617 0.0708592 0.0665259 0.0611773 0.055217 0.0489505 0.0426038 0.0363429 0.0302922 0.0245535 0.0192266 0.0144247 0.0102711 0.00687283 0.00427991
 0.00850154 0.0138241 0.0208247 0.029427 0.0393099 0.0497541 0.0596175 0.0676189 0.0728106 0.07489 0.0741474 0.0711807 0.0666359 0.0610788 0.054958 0.0486007 0.042227 0.0359806 0.029964 0.0242675 0.0189884 0.0142387 0.0101379 0.00678649 0.00422985
 0.00810162 0.0131765 0.0198603 0.0280975 0.0376151 0.0477755 0.0575406 0.0657161 0.0713753 0.0741468 0.0741832 0.0719306 0.0679198 0.0626664 0.0566323 0.0501996 0.0436563 0.037202 0.0309733 0.0250758 0.0196133 0.0147022 0.0104657 0.00700607 0.00436812
 0.00829508 0.0134455 0.020178 0.0284032 0.0378218 0.0477888 0.0572836 0.0651556 0.0705456 0.0731591 0.0732086 0.0711529 0.0674751 0.0626004 0.0568958 0.0506811 0.0442295 0.0377647 0.0314641 0.025471 0.0199133 0.014919 0.0106151 0.00710405 0.00442888
 0.00850272 0.0138022 0.0207457 0.0292387 0.0389478 0.049156 0.0587442 0.0664768 0.0714705 0.0734932 0.0728881 0.0702643 0.0662203 0.0612272 0.0556223 0.049643 0.0434666 0.0372436 0.0311183 0.0252362 0.0197454 0.0147946 0.0105238 0.00704033 0.00438786
#pred catch len freq
 0.0036158 0.00586763 0.0088458 0.012589 0.0171205 0.0223923 0.0282204 0.0342833 0.040193 0.0455782 0.0501386 0.0536787 0.0561313 0.0575577 0.0581169 0.0580259 0.0575286 0.0568545 0.0561351 0.0552713 0.0538271 0.0510899 0.0463817 0.0395089 0.0310479
 0.00395342 0.00638414 0.00956514 0.0135179 0.0182557 0.0237273 0.0297416 0.0359528 0.0419284 0.0472473 0.0515812 0.0547516 0.0567574 0.0577501 0.0579637 0.0576404 0.0569879 0.0561561 0.0551922 0.0539573 0.0520562 0.048896 0.0439469 0.0371155 0.0289737
 0.00418842 0.00677044 0.0101535 0.014356 0.0193763 0.0251326 0.0313897 0.0377598 0.0437871 0.0490489 0.0532237 0.0561355 0.057783 0.0583342 0.0580678 0.0572875 0.056246 0.0550939 0.0538365 0.0522867 0.050045 0.0465829 0.0414792 0.0347277 0.0269077
 0.00436715 0.00706871 0.0106188 0.0150429 0.020342 0.0264242 0.0330259 0.0397101 0.0459606 0.0512989 0.0553707 0.0580008 0.05922 0.0592441 0.0584004 0.0570361 0.0554418 0.0537943 0.0521059 0.0501826 0.0476278 0.0439499 0.0387937 0.0322076 0.024765
 0.00458362 0.0074153 0.0111324 0.0157598 0.0212978 0.0276517 0.034546 0.0415201 0.0480206 0.0535227 0.0576236 0.0601102 0.061 0.0605277 0.0590671 0.0570252 0.0547497 0.0524624 0.0502073 0.0478131 0.0449091 0.0410421 0.0359012 0.0295572 0.0225539
 0.00483746 0.00781771 0.0117199 0.0165621 0.0223364 0.0289364 0.0360693 0.0432517 0.0499086 0.0554975 0.0596005 0.061988 0.0626591 0.0618341 0.0598867 0.057244 0.0542947 0.0513147 0.048405 0.0454508 0.0421362 0.0380607 0.0329522 0.0268848 0.0203517
 0.00510194 0.00824007 0.012342 0.0174196 0.0234543 0.030322 0.0377015 0.0450755 0.0518387 0.0574322 0.0614378 0.0636368 0.0640415 0.0628801 0.0605241 0.0573944 0.0538802 0.0502773 0.0467324 0.043198 0.0394383 0.0351281 0.0300438 0.0242579 0.0182014
 0.00535391 0.00864975 0.0129593 0.0182924 0.0246217 0.0318009 0.0394716 0.0470695 0.0539464 0.059517 0.0633589 0.0652707 0.0652971 0.0637025 0.0608861 0.0572779 0.0532617 0.0491272 0.0450341 0.0409808 0.0368069 0.032272 0.027213 0.0217068 0.016122
 0.00561693 0.00907034 0.0135808 0.0191549 0.0257594 0.0332362 0.0412022 0.0490542 0.0560967 0.0616996 0.065412 0.0670298 0.0666247 0.0645098 0.0611379 0.0569796 0.0524363 0.0477979 0.0432239 0.0387332 0.0342174 0.0295072 0.0244975 0.0192735 0.0141481
