SBPRF35
12.7214
Curr Bio
756224
B35
870268
F35
0.170454
FOFL
0.152525
OFL
98830.8
Bzero
3.63469e+006
#pred survey bio
 3.67379e+006 3.52003e+006 3.38e+006 3.22124e+006 3.02589e+006 2.763e+006 2.52243e+006 2.28759e+006 2.05864e+006 1.84396e+006 1.63844e+006 1.4535e+006 1.27803e+006 1.13899e+006 989911 884698 785894 721783 691442 656435 628526 595895 573108 559382 549395 537744 544770 539765 544162 541756 546461 554829 561221 575608 588458 613625 637542 648833 651094 644827 648283 657177 666704 671350 667485 666993 670749 663158 650639 644781 654184 702883 716077 737170 762142 2.76229e+007 1.65799e+007 1.69319e+007 1.78903e+007 1.9238e+007 2.07301e+007 2.21835e+007 2.34898e+007 2.46018e+007 2.55134e+007 2.62412e+007 2.68116e+007 2.7253e+007 2.75918e+007 2.78507e+007 2.8048e+007 2.81985e+007 2.83134e+007 2.84013e+007 2.84689e+007 2.85211e+007 2.85615e+007 2.85931e+007 2.86177e+007 2.86371e+007 2.86524e+007 2.86645e+007 2.86741e+007 2.86818e+007 2.8688e+007 2.86929e+007 2.86969e+007 2.87001e+007 2.87026e+007 2.87047e+007 2.87064e+007 2.87078e+007 2.8709e+007 2.87099e+007 2.87106e+007 2.87112e+007 2.87117e+007 2.87121e+007 2.87125e+007 2.87127e+007 2.8713e+007 2.87131e+007 2.87133e+007 2.87134e+007 2.87135e+007 2.87136e+007 2.87137e+007 2.87137e+007 2.87138e+007 2.87138e+007 2.87138e+007 2.87138e+007 2.87139e+007 2.87139e+007 2.87139e+007 2.87139e+007 2.87139e+007 2.87139e+007 2.87139e+007 2.87139e+007 2.87139e+007 2.87139e+007 2.87139e+007 2.87139e+007 2.87139e+007 2.87139e+007 2.87139e+007 2.8714e+007 2.8714e+007 2.8714e+007 2.8714e+007 2.8714e+007 2.8714e+007 2.8714e+007 2.8714e+007 2.8714e+007 2.8714e+007 2.8714e+007 2.8714e+007 2.8714e+007 2.8714e+007 2.8714e+007 2.8714e+007 2.8714e+007 2.8714e+007 2.8714e+007 2.8714e+007 2.8714e+007 2.8714e+007 2.8714e+007 2.8714e+007 2.8714e+007 2.8714e+007 2.8714e+007 2.8714e+007 0 0 0 0 0 0 0 0 0 0 0 0 0 0 0 0 0 0 0 0 0 0 0 0 0
#obs survey bio
 3.31653e+006 4.35949e+006 4.6494e+006 2.29191e+006 2.85359e+006 2.76695e+006 1.92932e+006 1.52992e+006 1.96713e+006 1.25978e+006 2.26806e+006 1.16197e+006 1.36788e+006 1.31364e+006 887526 774418 695736 412923 626186 536171 726959 555839 817866 436372 417745 616961 327899 835068 495073 428471 543092 490799 441731 681595 698471 636861 619989 669392 741429 718162 499870 727169 854476 676473 708583 709370 685485 605912 877733 410110 742530 735586 711671 604996 750782
#pred catch bio
 110177 108089 138113 186217 265118 262914 276098 288186 290191 293750 284173 281322 251791 260567 220823 213413 181192 151279 153577 144205 143969 131779 121887 117609 118088 102225 111696 102044 106523 99912.4 96970.2 98790.2 92644.6 94886 85505.6 87598.7 98365.5 105173 110957 101930 98073.8 98531.8 103069 109848 106324 102660 111982 114861 108030 95216.4 63964.8 95562.5 88423.4 85782.7 84864.7 98830.8 109330 110373 115545 123828 133169 142216 150234 156929 162284 166434 169573 171904 173611 174845 175731 176361 176808 177122 177343 177497 177605 177680 177732 177768 177794 177811 177823 177831 177837 177841 177844 177846 177847 177848 177848 177849 177849 177849 177849 177850 177850 177850 177850 177850 177850 177850 177850 177850 177850 177850 177850 177850 177850 177850 177850 177850 177850 177850 177850 177850 177850 177850 177850 177850 177850 177850 177850 177850 177850 177850 177850 177850 177850 177850 177850 177850 177850 177850 177850 177850 177850 177850 177850 177850 177850 177850 177850 177850 177850 177850 177850 177850 177850 177850 177850 177850 177850 177850 177850 0 0 0 0 0 0 0 0 0 0 0 0 0 0 0 0 0 0 0 0 0 0 0 0 0
#obs catch bio
 0 107790 137768 185792 265326 262204 275700 289035 291207 295203 283664 283583 251604 260890 220657 213856 182139 152821 155197 145646 144711 131836 122158 118170 119410 102870 113794 102147 106603 100227 97230.5 99186.6 92823 95297.9 85670 87490 97891.9 104565 110396 101007 97838.1 98385.5 102589 109460 105722 102131 111668 114730 107505 95439.7 63428.1 95672.1 88317.1 85808.1 84832
#pred cpue bio
 3.63574e+006 3.48347e+006 3.34345e+006 3.18444e+006 2.98924e+006 2.72688e+006 2.48665e+006 2.25204e+006 2.02353e+006 1.80962e+006 1.60506e+006 1.42104e+006 1.24682e+006 1.10897e+006 961401 857113 759419 696113 666296 632211 605249 573662 551438 537985 528114 516675 523651 519194 523989 521748 526340 534653 541054 555202 567906 592873 616708 628005 630334 624297 627603 636173 645569 650263 646568 646103 649784 642364 630169 624444 633650 681818 695250 716133 740684 2.6862e+007 1.61234e+007 1.63322e+007 1.71688e+007 1.84856e+007 1.99723e+007 2.1425e+007 2.27312e+007 2.38432e+007 2.47548e+007 2.54826e+007 2.6053e+007 2.64944e+007 2.68332e+007 2.70921e+007 2.72894e+007 2.74399e+007 2.75547e+007 2.76427e+007 2.77103e+007 2.77625e+007 2.78029e+007 2.78344e+007 2.78591e+007 2.78785e+007 2.78938e+007 2.79059e+007 2.79155e+007 2.79232e+007 2.79293e+007 2.79342e+007 2.79382e+007 2.79414e+007 2.7944e+007 2.79461e+007 2.79478e+007 2.79492e+007 2.79503e+007 2.79512e+007 2.7952e+007 2.79526e+007 2.79531e+007 2.79535e+007 2.79538e+007 2.79541e+007 2.79543e+007 2.79545e+007 2.79547e+007 2.79548e+007 2.79549e+007 2.7955e+007 2.7955e+007 2.79551e+007 2.79551e+007 2.79552e+007 2.79552e+007 2.79552e+007 2.79552e+007 2.79552e+007 2.79553e+007 2.79553e+007 2.79553e+007 2.79553e+007 2.79553e+007 2.79553e+007 2.79553e+007 2.79553e+007 2.79553e+007 2.79553e+007 2.79553e+007 2.79553e+007 2.79553e+007 2.79553e+007 2.79553e+007 2.79553e+007 2.79553e+007 2.79553e+007 2.79553e+007 2.79553e+007 2.79553e+007 2.79553e+007 2.79553e+007 2.79553e+007 2.79553e+007 2.79553e+007 2.79553e+007 2.79553e+007 2.79553e+007 2.79553e+007 2.79553e+007 2.79553e+007 2.79553e+007 2.79553e+007 2.79553e+007 2.79553e+007 2.79553e+007 2.79553e+007 2.79553e+007 2.79553e+007 2.79553e+007 0 0 0 0 0 0 0 0 0 0 0 0 0 0 0 0 0 0 0 0 0 0 0 0 0
#obs cpue bio
 3.0291e+006 4.54081e+006 3.56265e+006 3.50372e+006 2.81759e+006 2.86997e+006 2.88965e+006 2.08789e+006 1.9304e+006 2.37564e+006 1.87466e+006 925302 1.75024e+006 991550 1.03646e+006 919916 648780 691607 724996 641921 670590 728296 330990 549887 461074 413901 421159 761980 643407 500322 513445 561728 684408 422847 463743 776249 986093 686161 602572 810620 506202 551242 703607 659768 748242 587438 605128 648707 659994 640312 836738 605185 614802 756417 793829
#pred surv len freq
 0.00416618 0.00686041 0.0105057 0.0151441 0.0206971 0.0268754 0.0331612 0.0389485 0.0437736 0.0474609 0.0500902 0.0518607 0.0529749 0.0535947 0.0538448 0.0538387 0.0537026 0.0535716 0.0535155 0.0533936 0.0527237 0.0507213 0.0466161 0.0401345 0.0318239
 0.00446732 0.00726671 0.0109657 0.0155647 0.0209773 0.0269552 0.0330543 0.038733 0.0435463 0.0472851 0.049975 0.0517819 0.0529179 0.0535857 0.0539484 0.0541219 0.0541846 0.0541859 0.0541066 0.0537604 0.0526965 0.0502396 0.0457616 0.0390976 0.0308207
 0.00457951 0.00749892 0.0114005 0.0162913 0.0220482 0.0283308 0.034572 0.0401406 0.0445948 0.0478318 0.0500274 0.0514616 0.0523822 0.0529669 0.0533402 0.0535913 0.0537765 0.0539024 0.0538829 0.0534679 0.0521914 0.0494378 0.0446935 0.0379034 0.0296863
 0.00472627 0.00772383 0.0117183 0.0167192 0.0226169 0.0290907 0.0355803 0.0414208 0.0460873 0.0493692 0.0513696 0.0523819 0.0527578 0.0528156 0.0527893 0.0528106 0.0529165 0.0530576 0.0530753 0.0526514 0.0512834 0.0483752 0.0434866 0.0366489 0.0285277
 0.00488464 0.00799005 0.0121338 0.017325 0.0234421 0.030138 0.0368185 0.0427928 0.0475292 0.0508222 0.0527672 0.0536239 0.0537036 0.0533197 0.0527632 0.0522658 0.0519581 0.0518325 0.0517105 0.0512168 0.0497958 0.0468373 0.0419332 0.0351663 0.0272298
 0.00514054 0.0084014 0.0127448 0.018175 0.0245598 0.0315315 0.0384611 0.044615 0.049424 0.0526649 0.0544395 0.0550285 0.0547617 0.0539582 0.0529092 0.0518641 0.0510019 0.0503819 0.0498801 0.0491397 0.0475946 0.0446202 0.0398096 0.0332543 0.0256385
 0.00541513 0.0088428 0.0133998 0.0190838 0.0257492 0.0330035 0.040182 0.0465117 0.0513936 0.0545928 0.0562149 0.0565525 0.0559489 0.0547356 0.0532132 0.0516403 0.0502133 0.0490277 0.048013 0.0468702 0.0450779 0.0420364 0.0373432 0.031073 0.0238658
 0.00564697 0.00923215 0.0140085 0.0199763 0.0269781 0.0345875 0.0420848 0.0486367 0.0536023 0.0567355 0.0581583 0.0581924 0.0572084 0.0555572 0.0535496 0.0514486 0.0494567 0.0476869 0.0461071 0.044478 0.0423481 0.039177 0.03459 0.028643 0.02191
 0.00585323 0.00957585 0.0145423 0.0207573 0.0280592 0.0360024 0.0438294 0.0506571 0.0557953 0.0589625 0.0602662 0.0600354 0.0586666 0.0565452 0.0540138 0.0513558 0.0487834 0.0464192 0.0442556 0.042104 0.039586 0.0362367 0.0317274 0.0261033 0.0198669
 0.00608058 0.00994429 0.0150953 0.0215362 0.029098 0.0373184 0.045412 0.0524612 0.0577449 0.0609602 0.0622025 0.0617954 0.0601367 0.0576216 0.0546116 0.0514132 0.0482606 0.045297 0.0425426 0.0398549 0.0369255 0.0333672 0.0289053 0.0235826 0.0178323
 0.00635458 0.0103872 0.0157567 0.0224599 0.0303127 0.0388243 0.047168 0.0543827 0.0597188 0.0628694 0.0639461 0.0632952 0.0613308 0.0584555 0.0550314 0.0513649 0.0476952 0.0441793 0.0408658 0.0376613 0.0343279 0.0305575 0.0261328 0.0210987 0.0158234
 0.0065467 0.0107188 0.016291 0.0232666 0.0314518 0.04032 0.048985 0.0564201 0.0618289 0.0648922 0.0657417 0.0647621 0.0624087 0.0591163 0.0552638 0.051159 0.0470332 0.0430389 0.0392364 0.0355708 0.0318698 0.0279029 0.0235111 0.0187463 0.0139178
 0.00678197 0.0110985 0.0168585 0.0240635 0.0325138 0.0416681 0.0506117 0.0582766 0.0638205 0.0668863 0.0675861 0.0663109 0.063548 0.0597796 0.0554318 0.0508438 0.0462571 0.0418202 0.0375924 0.0335382 0.0295326 0.02541 0.0210648 0.0165578 0.0121472
 0.00698461 0.0114269 0.0173508 0.0247541 0.0334272 0.0428093 0.0519566 0.0597713 0.0653901 0.0684488 0.0690601 0.0676149 0.0645986 0.0604967 0.0557503 0.0507249 0.0456906 0.0408188 0.0361857 0.0317767 0.0275029 0.0232467 0.0189435 0.0146596 0.0106103
 0.00734941 0.0120076 0.0182007 0.0259118 0.0349059 0.0445829 0.0539458 0.0618433 0.0673805 0.0701979 0.0704474 0.068574 0.0651121 0.0605787 0.0554265 0.0500195 0.0446235 0.0394106 0.0344668 0.0297991 0.0253515 0.0210463 0.0168485 0.012824 0.00914552
 0.00755057 0.0123449 0.018727 0.0266812 0.0359613 0.0459355 0.0555563 0.0636163 0.0691797 0.0718746 0.071868 0.0696386 0.0657624 0.0607969 0.0552274 0.0494371 0.0436972 0.0381783 0.0329676 0.0280844 0.0234983 0.0191634 0.0150674 0.0112723 0.00791318
 0.00778837 0.0127289 0.0193002 0.0274824 0.037018 0.0472526 0.0571022 0.0653152 0.0709166 0.0735124 0.0732702 0.0706898 0.0663846 0.0609573 0.0549366 0.0487383 0.0426512 0.0368501 0.0314209 0.0263853 0.021725 0.0174125 0.0134481 0.00988608 0.00682708
 0.00789929 0.0129096 0.0195734 0.0278707 0.0375418 0.0479248 0.057923 0.0662673 0.071965 0.074606 0.0743433 0.0716643 0.0671757 0.0614852 0.0551412 0.0485904 0.0421566 0.0360443 0.0303605 0.0251413 0.0203805 0.0160617 0.0121891 0.00880526 0.00597993
 0.00781302 0.0127818 0.019405 0.0276738 0.0373393 0.0477508 0.0578203 0.0662846 0.0721488 0.0749892 0.0749324 0.0724312 0.0680559 0.0623843 0.05595 0.0492055 0.0425004 0.0360785 0.0300901 0.0246101 0.0196618 0.0152471 0.0113752 0.00807688 0.00539417
 0.00778043 0.0127346 0.0193452 0.0276073 0.0372761 0.0477028 0.0578005 0.0663068 0.0722273 0.0751382 0.0751648 0.072755 0.0684685 0.0628654 0.0564567 0.0496741 0.042857 0.0362571 0.0300509 0.0243509 0.0192202 0.0146911 0.010787 0.00753317 0.00494881
 0.00775673 0.0126926 0.0192759 0.0275019 0.0371296 0.0475196 0.0575986 0.066116 0.0720831 0.0750721 0.0751975 0.0728949 0.0687132 0.0632029 0.0568635 0.0501122 0.0432736 0.0365916 0.0302483 0.0243788 0.0190801 0.0144197 0.0104448 0.00718548 0.00464759
 0.00794308 0.0129621 0.0196189 0.0278867 0.0375094 0.0478455 0.0578313 0.0662323 0.0720779 0.0749589 0.075006 0.0726653 0.0684882 0.0630186 0.056743 0.0500608 0.0432771 0.0366176 0.0302542 0.0243251 0.018945 0.0142082 0.0101864 0.00692191 0.00441669
 0.00805792 0.0131495 0.0199001 0.0282761 0.0380047 0.0484162 0.0584123 0.066734 0.0724121 0.0750704 0.0748918 0.0723708 0.0680858 0.0625838 0.0563365 0.0497209 0.0430175 0.0364298 0.030113 0.0241975 0.018803 0.014039 0.00999647 0.00673168 0.00424921
 0.0081699 0.0133139 0.0201156 0.028532 0.0382867 0.0487129 0.0587182 0.0670427 0.0727065 0.0753169 0.0750457 0.0723939 0.0679648 0.0623388 0.0560142 0.0493772 0.0426996 0.0361644 0.0299039 0.0240314 0.0186592 0.0139008 0.00985828 0.00659912 0.00413335
 0.0081708 0.0133326 0.0201744 0.0286593 0.0385058 0.0490275 0.0591025 0.0674466 0.0730731 0.0756032 0.0752313 0.072475 0.0679436 0.0622186 0.0558043 0.0490995 0.0423878 0.0358555 0.0296264 0.0237981 0.0184682 0.0137429 0.0097247 0.00648628 0.00404204
 0.0082126 0.0133931 0.0202527 0.028753 0.0386156 0.049162 0.0592779 0.0676782 0.0733619 0.0759254 0.0755409 0.0727193 0.0680816 0.0622327 0.0556996 0.0488966 0.042117 0.0355513 0.0293221 0.02352 0.0182314 0.0135511 0.00957442 0.00637177 0.00395798
 0.00792626 0.0129714 0.0196999 0.0281018 0.0379195 0.0484812 0.0586706 0.0671986 0.0730614 0.0758477 0.0757093 0.0731223 0.0686679 0.0629204 0.0563983 0.0495305 0.0426393 0.0359465 0.029599 0.0237005 0.0183409 0.0136115 0.00960226 0.00637903 0.00395375
 0.00786704 0.0128534 0.0194845 0.0277465 0.0373962 0.0478009 0.0578988 0.066447 0.0724529 0.0754744 0.0756086 0.0732804 0.0690391 0.0634453 0.0570119 0.0501667 0.0432372 0.0364601 0.0300042 0.0239954 0.0185394 0.013735 0.0096725 0.00641437 0.00396819
 0.00794198 0.012937 0.0195387 0.0277096 0.0371957 0.047378 0.0572339 0.0655767 0.0714714 0.0745185 0.0748274 0.0727963 0.0689156 0.0636745 0.0575263 0.0508655 0.0440136 0.037221 0.0306814 0.0245501 0.0189604 0.014032 0.00986729 0.00653275 0.00403437
 0.00800683 0.0130542 0.0197335 0.0280038 0.0375914 0.0478371 0.057668 0.0658609 0.0714865 0.0742025 0.0742085 0.0719894 0.0680839 0.0629755 0.0570666 0.0506795 0.0440693 0.0374447 0.0309874 0.0248642 0.0192329 0.0142402 0.0100096 0.00662044 0.00408302
 0.00794894 0.0129676 0.0196186 0.0278698 0.037458 0.0477338 0.0576268 0.0659028 0.0716026 0.0743444 0.0742997 0.071959 0.0679053 0.0626859 0.0567533 0.0504413 0.0439755 0.0375123 0.0311844 0.0251312 0.0195085 0.0144795 0.0101912 0.00674275 0.00415682
 0.00789004 0.0128674 0.0194606 0.0276381 0.0371443 0.0473467 0.0571998 0.0654934 0.071279 0.074163 0.0742821 0.0720816 0.0681079 0.0628987 0.0569292 0.0505753 0.044099 0.0376675 0.0313958 0.0253926 0.0197889 0.0147408 0.0104048 0.00689724 0.00425627
 0.00792243 0.0129057 0.0194912 0.0276383 0.0370869 0.0472084 0.0569705 0.0651821 0.0709166 0.0737979 0.0739714 0.0718755 0.0680327 0.0629469 0.0570649 0.0507526 0.0442844 0.0378509 0.0315844 0.0255947 0.0200014 0.0149472 0.0105847 0.00703648 0.00435167
 0.00782634 0.0127648 0.0193067 0.0274196 0.0368461 0.0469535 0.0567019 0.0648956 0.0706119 0.073488 0.0736861 0.0716566 0.067922 0.0629715 0.0572261 0.0510253 0.0446261 0.0382179 0.0319447 0.0259306 0.0203042 0.01521 0.0108002 0.00719991 0.00446435
 0.0077161 0.0125923 0.0190607 0.0270967 0.0364543 0.0465151 0.0562538 0.0644835 0.0702768 0.073253 0.0735522 0.0716109 0.0679524 0.0630758 0.0574102 0.051292 0.044966 0.0386066 0.0323496 0.0263205 0.0206552 0.0155077 0.0110375 0.0073762 0.00458499
 0.00755302 0.0123254 0.0186571 0.026528 0.0357068 0.045604 0.0552355 0.0634553 0.0693592 0.0725592 0.0731592 0.0715442 0.0681872 0.0635534 0.0580587 0.0520447 0.0457684 0.0394149 0.0331258 0.0270305 0.0212711 0.0160119 0.0114247 0.0076534 0.00476848
 0.00747055 0.0121827 0.018426 0.0261764 0.0352051 0.0449362 0.0544119 0.0625202 0.0683895 0.0716543 0.0724238 0.0710687 0.0680284 0.0637216 0.0585182 0.0527265 0.0465897 0.0402957 0.0339984 0.0278417 0.0219819 0.0165975 0.0118762 0.00797674 0.00498211
 0.00742929 0.0121253 0.0183563 0.0261004 0.0351244 0.0448399 0.0542722 0.0622983 0.0680512 0.0711891 0.0718589 0.0704696 0.0674851 0.0633256 0.0583374 0.0527878 0.0468755 0.0407536 0.0345581 0.0284319 0.0225422 0.0170845 0.0122656 0.00826301 0.00517486
 0.00738483 0.0120623 0.0182792 0.0260199 0.0350558 0.044798 0.0542649 0.0623203 0.0680793 0.0711837 0.0717748 0.0702748 0.0671807 0.0629543 0.0579739 0.0525147 0.0467553 0.0408101 0.0347729 0.028756 0.0229139 0.0174468 0.0125774 0.00850374 0.00534245
 0.00753455 0.0122726 0.0185346 0.0262867 0.0352928 0.0449736 0.0543696 0.0623661 0.0680873 0.0711672 0.0717284 0.0701752 0.0669993 0.0626755 0.0576112 0.0521145 0.0463847 0.0405339 0.0346311 0.0287519 0.023018 0.0176118 0.0127561 0.0086614 0.00546199
 0.00758886 0.0123659 0.0186824 0.0265012 0.0355738 0.0452983 0.054689 0.062616 0.0682133 0.0711494 0.0715887 0.0699611 0.0667556 0.0624244 0.0573534 0.0518457 0.046114 0.0402889 0.0344479 0.028657 0.023015 0.0176804 0.0128625 0.00877233 0.0055549
 0.00749471 0.0122338 0.0185231 0.0263397 0.0354444 0.0452349 0.0547141 0.0627321 0.0683989 0.0713627 0.0717804 0.0700918 0.0668098 0.0624112 0.0572941 0.0517605 0.046017 0.0401927 0.0343687 0.028613 0.0230183 0.0177294 0.0129418 0.00886022 0.00563273
 0.00741661 0.0121042 0.0183249 0.0260597 0.0350817 0.0448111 0.0542789 0.0623574 0.0681575 0.0713014 0.0719014 0.0703537 0.0671456 0.0627539 0.0575967 0.0520025 0.0461993 0.0403281 0.0344741 0.0287052 0.0231104 0.0178273 0.0130424 0.00895455 0.00571118
 0.00736647 0.0120271 0.0182163 0.0259169 0.0349024 0.0445928 0.0540217 0.0620698 0.067863 0.0710405 0.071723 0.0702982 0.0672275 0.0629538 0.0578691 0.0522943 0.0464683 0.0405523 0.0346513 0.0288451 0.0232262 0.0179291 0.0131342 0.0090347 0.00577605
 0.00741129 0.0120906 0.0182945 0.026 0.0349773 0.0446464 0.0540439 0.0620528 0.0678012 0.0709311 0.0715715 0.0701231 0.0670594 0.0628266 0.0578057 0.0522968 0.046519 0.0406248 0.0347229 0.0289049 0.0232741 0.01797 0.0131724 0.00907112 0.00580847
 0.00743488 0.0121281 0.018349 0.0260723 0.0350644 0.0447397 0.0541283 0.0621101 0.0678147 0.070892 0.0714813 0.0699928 0.066907 0.0626742 0.0576765 0.0522096 0.046482 0.040633 0.0347615 0.0289565 0.0233258 0.0180159 0.0132115 0.00910389 0.00583504
 0.00737524 0.0120426 0.0182416 0.0259544 0.0349516 0.0446473 0.0540667 0.062082 0.0678159 0.0709126 0.071509 0.0700164 0.0669201 0.0626773 0.0576764 0.0522175 0.0465087 0.0406844 0.0348357 0.0290445 0.0234157 0.0180976 0.0132791 0.00915573 0.00587226
 0.00733915 0.0119936 0.0181861 0.0259053 0.0349255 0.0446599 0.0541276 0.0621913 0.0679625 0.0710754 0.0716603 0.0701287 0.0669737 0.0626656 0.0576074 0.0521101 0.0463871 0.0405711 0.0347463 0.0289854 0.0233847 0.0180874 0.0132813 0.00916346 0.00588109
 0.00741399 0.0120977 0.0183107 0.0260327 0.035036 0.0447415 0.0541829 0.062236 0.0680158 0.0711483 0.071749 0.070215 0.0670325 0.0626745 0.0575548 0.0519986 0.0462325 0.0403969 0.0345767 0.0288392 0.0232717 0.0180087 0.0132318 0.00913552 0.00586712
 0.00749312 0.0122168 0.0184711 0.0262271 0.0352474 0.0449444 0.054347 0.0623337 0.0680327 0.0710919 0.0716472 0.070104 0.0669397 0.0626073 0.0575019 0.0519405 0.046154 0.0402948 0.0344596 0.028722 0.0231687 0.0179286 0.0131765 0.00910149 0.00584855
 0.0073919 0.0120699 0.0182828 0.0260123 0.0350277 0.0447401 0.0541715 0.0621921 0.0679247 0.0710166 0.0716074 0.0701081 0.0669986 0.0627282 0.0576806 0.0521586 0.0463836 0.0405079 0.0346374 0.0288581 0.0232674 0.0179986 0.0132262 0.00913674 0.00587293
 0.00706754 0.0115469 0.017507 0.0249446 0.0336621 0.0431267 0.0524328 0.060515 0.0665195 0.0700597 0.0711963 0.0702492 0.0676247 0.063729 0.058931 0.0535377 0.0477845 0.0418427 0.0358403 0.0298874 0.0241046 0.0186455 0.0136996 0.00946292 0.00608279
 0.0071355 0.0116276 0.0175717 0.0249442 0.0335345 0.0428133 0.0518972 0.059759 0.0655926 0.0690582 0.0702493 0.0694907 0.0671604 0.0636111 0.0591515 0.0540392 0.0484804 0.0426378 0.0366465 0.0306346 0.0247457 0.0191576 0.014081 0.00972743 0.00625297
 0.00714658 0.0116475 0.0176034 0.0249865 0.0335758 0.0428245 0.0518298 0.0595539 0.0652009 0.0684665 0.0694974 0.0686711 0.0663985 0.063033 0.0588501 0.0540527 0.0487868 0.0431678 0.0373057 0.0313266 0.025391 0.0197035 0.0145036 0.0100278 0.00644886
 0.0070304 0.0114785 0.0173863 0.0247389 0.0333241 0.0425949 0.0516394 0.0594035 0.0650716 0.0683224 0.0692973 0.0683885 0.0660422 0.0626553 0.058536 0.0538914 0.0488402 0.0434481 0.0377732 0.0319052 0.0259931 0.0202537 0.0149538 0.0103605 0.00667159
#obs surv len freq
 nan nan nan nan nan nan nan nan nan nan nan nan nan nan nan nan nan nan nan nan nan nan nan nan nan
 0.00448202 0.0073422 0.0111712 0.0159869 0.0216876 0.0279637 0.0342786 0.0400109 0.0446913 0.048156 0.0505146 0.0520111 0.052904 0.0534168 0.0537315 0.0539867 0.0542655 0.0545584 0.0546972 0.0542892 0.0527272 0.0493591 0.0438086 0.0362882 0.0276714
 0.00461989 0.00756626 0.0115079 0.0164601 0.0223124 0.0287381 0.0351747 0.040972 0.0456395 0.0490068 0.0511928 0.0524622 0.0530994 0.0533552 0.0534342 0.0534903 0.053613 0.0537922 0.0538562 0.05341 0.0518485 0.0485239 0.0430613 0.0356666 0.0271963
 0.00477489 0.00782302 0.0119031 0.0170304 0.023087 0.0297259 0.0363519 0.0422772 0.0469817 0.0502812 0.0522976 0.0533102 0.0536263 0.0535243 0.0532392 0.0529535 0.052779 0.0527197 0.0526108 0.0520615 0.0504717 0.0471989 0.0418677 0.0346701 0.0264333
 0.00496199 0.00812826 0.0123648 0.0176857 0.0239657 0.0308404 0.0376852 0.0437767 0.048563 0.0518403 0.0537245 0.0545002 0.0544883 0.0539886 0.0532632 0.0525261 0.0519214 0.0514824 0.0510698 0.0503138 0.0486323 0.0453944 0.0402233 0.0332882 0.0253712
 0.00517324 0.00847295 0.0128859 0.0184242 0.024953 0.0320861 0.0391653 0.0454292 0.0502968 0.0535515 0.0553106 0.0558661 0.0555474 0.0546631 0.0534889 0.0522588 0.0511456 0.0502183 0.0493783 0.0482985 0.0464359 0.0431873 0.0381798 0.0315533 0.0240296
 0.00540819 0.00885726 0.0134686 0.0192524 0.0260626 0.0334878 0.0408294 0.0472813 0.0522283 0.0554413 0.0570447 0.0573477 0.0566975 0.0554165 0.0537892 0.0520581 0.0504098 0.0489393 0.0475899 0.0460902 0.0439584 0.0406409 0.0357824 0.029494 0.0224244
 0.00564318 0.00924466 0.0140617 0.0201043 0.027216 0.0349587 0.0425901 0.0492544 0.0542976 0.0574741 0.0589135 0.0589439 0.0579352 0.0562308 0.0541308 0.0518874 0.0496948 0.047663 0.0457675 0.0437924 0.0413275 0.0378872 0.0331502 0.0272059 0.0206249
 0.00588379 0.00963622 0.0146521 0.0209395 0.0283326 0.0363715 0.0442788 0.051156 0.0563129 0.0594838 0.0607953 0.0605849 0.0592392 0.0571214 0.0545503 0.0517931 0.0490549 0.046459 0.0440073 0.0415338 0.0387003 0.0350964 0.0304473 0.02483 0.0187395
 0.00612129 0.0100272 0.0152494 0.0217947 0.0294857 0.0378342 0.0460185 0.0530922 0.0583309 0.0614586 0.0626124 0.0621484 0.0604712 0.057958 0.0549392 0.051691 0.0484275 0.0452847 0.0422892 0.0393212 0.0361117 0.0323269 0.0277441 0.0224358 0.0168262
 0.00639024 0.0104669 0.0159158 0.022741 0.0307517 0.0394296 0.0479052 0.0551783 0.0604834 0.0635296 0.0644654 0.0636753 0.0615973 0.0586381 0.0551481 0.051413 0.0476492 0.0439962 0.0404968 0.0370698 0.0335101 0.0295578 0.0250438 0.0200405 0.0149069
 0.00661814 0.0108426 0.0164906 0.0235665 0.0318694 0.0408551 0.049612 0.0570911 0.0624878 0.0654928 0.0662573 0.0651827 0.0627319 0.0593394 0.0553818 0.0511646 0.0469156 0.042781 0.0388162 0.0349703 0.0310917 0.0269859 0.0225333 0.0178087 0.0131136
 0.00682627 0.011186 0.0170171 0.0243237 0.0328959 0.0421657 0.0511821 0.0588513 0.0643331 0.0673023 0.067913 0.0665818 0.0637921 0.0600004 0.0556053 0.0509316 0.0462223 0.041636 0.0372432 0.0330208 0.0288618 0.0246265 0.0202371 0.0157697 0.0114749
 0.00704985 0.0115485 0.0175607 0.0250871 0.0339069 0.0434295 0.0526696 0.0604939 0.0660317 0.0689448 0.0693929 0.067809 0.0646972 0.0605354 0.0557407 0.0506536 0.0455291 0.0405374 0.0357648 0.0312141 0.0268177 0.0224821 0.0181631 0.0139359 0.0100047
 0.0073011 0.0119593 0.0181825 0.0259669 0.0350753 0.0448832 0.0543553 0.0623067 0.0678334 0.0705954 0.070777 0.0688483 0.0653492 0.0607856 0.0555932 0.0501229 0.0446349 0.0393034 0.0342233 0.0294172 0.0248494 0.020464 0.0162432 0.0122583 0.00867105
 0.00744828 0.0122098 0.0185804 0.0265605 0.0359072 0.0459741 0.0556869 0.0638143 0.0694135 0.0721245 0.0721333 0.0699294 0.0660835 0.0611357 0.0555532 0.049709 0.0438756 0.038233 0.0328826 0.0278603 0.0231543 0.018737 0.0146097 0.0108378 0.00754622
 0.00752814 0.0123376 0.0187703 0.0268277 0.0362696 0.0464524 0.056301 0.0645759 0.070316 0.0731344 0.0731873 0.0709408 0.0669565 0.0617828 0.0559097 0.0497401 0.0435752 0.0376185 0.03199 0.0267434 0.0218877 0.0174166 0.0133444 0.00972924 0.00666446
 0.00757699 0.0124123 0.0188742 0.0269616 0.0364331 0.0466463 0.0565299 0.0648501 0.0706517 0.0735497 0.0736944 0.0715333 0.0675999 0.062414 0.0564476 0.0501035 0.0437011 0.0374733 0.0315737 0.0260885 0.0210559 0.0164934 0.0124267 0.00890725 0.00600172
 0.00765325 0.0125261 0.0190263 0.0271458 0.0366376 0.0468568 0.056733 0.0650358 0.0708171 0.0737027 0.0738535 0.0717229 0.0678396 0.0627056 0.056766 0.0503975 0.0439045 0.0375233 0.031429 0.0257419 0.0205379 0.0158663 0.0117711 0.00830196 0.00550447
 0.00773806 0.0126558 0.0192058 0.0273729 0.0369022 0.0471412 0.0570124 0.0652818 0.0710043 0.0738175 0.0738998 0.0717221 0.0678235 0.0627056 0.0568012 0.050465 0.0439764 0.0375533 0.0313677 0.0255559 0.0202237 0.0154542 0.011316 0.00786604 0.00513747
 0.00777046 0.0127142 0.0193037 0.0275251 0.0371195 0.0474228 0.0573401 0.0656206 0.0713105 0.0740517 0.0740376 0.0717598 0.0677771 0.0626049 0.0566804 0.0503517 0.0438817 0.0374672 0.0312634 0.0254026 0.0200028 0.0151705 0.0109979 0.00755423 0.00486943
 0.00782556 0.0127915 0.0193981 0.027626 0.0372162 0.0475118 0.0574288 0.0657235 0.0714394 0.0742051 0.074198 0.0718993 0.0678696 0.0626373 0.0566564 0.050288 0.0437983 0.0373768 0.0311656 0.0252858 0.0198539 0.0149858 0.0107891 0.00734496 0.00468498
 0.00786397 0.0128528 0.0194874 0.0277453 0.0373618 0.047672 0.0575841 0.0658517 0.0715253 0.0742477 0.0742109 0.0719008 0.0678713 0.0626379 0.0566459 0.0502566 0.0437431 0.0373016 0.0310753 0.0251819 0.0197343 0.0148497 0.0106421 0.0071997 0.0045566
 0.00788549 0.0128853 0.019532 0.0278015 0.0374286 0.0477481 0.0576673 0.0659379 0.071607 0.0743151 0.0742555 0.07192 0.0678699 0.0626253 0.0566296 0.0502385 0.0437193 0.0372667 0.0310258 0.0251168 0.0196541 0.014757 0.0105423 0.0071014 0.00446948
 0.00789736 0.0129021 0.0195526 0.0278234 0.0374486 0.0477634 0.0576774 0.0659443 0.0716133 0.0743252 0.0742717 0.071942 0.0678949 0.0626498 0.0566514 0.0502565 0.0437325 0.0372725 0.0310206 0.025097 0.0196187 0.0147074 0.0104834 0.00704029 0.00441367
 0.00789429 0.0128944 0.0195362 0.0277931 0.0373995 0.0476936 0.0575899 0.0658481 0.0715211 0.0742513 0.074228 0.0719357 0.067927 0.0627148 0.0567394 0.0503556 0.0438314 0.0373621 0.031094 0.0251495 0.019648 0.0147145 0.0104725 0.00701811 0.00438765
 0.00788346 0.0128748 0.0195031 0.0277406 0.0373224 0.0475893 0.0574608 0.0657027 0.0713732 0.0741179 0.0741262 0.0718796 0.0679247 0.0627668 0.0568384 0.0504882 0.0439812 0.0375125 0.0312311 0.0252634 0.0197333 0.0147704 0.0105023 0.00702816 0.00438563
 0.0078887 0.0128764 0.0194926 0.0277063 0.0372519 0.047475 0.0573041 0.0655152 0.0711744 0.07393 0.0739704 0.0717727 0.0678778 0.0627844 0.0569173 0.0506183 0.0441465 0.0376942 0.0314102 0.0254241 0.0198648 0.014868 0.0105671 0.00706578 0.00440375
 0.00788554 0.0128728 0.0194896 0.0277045 0.0372496 0.0474663 0.0572787 0.0654609 0.071083 0.0738028 0.0738204 0.0716217 0.0677502 0.0627003 0.0568886 0.0506472 0.0442261 0.0378108 0.0315461 0.0255611 0.0199876 0.0149668 0.0106384 0.00711147 0.00442941
 0.00787603 0.0128553 0.0194597 0.0276575 0.0371826 0.0473805 0.0571804 0.0653601 0.070989 0.0737202 0.0737487 0.0715586 0.0676966 0.0626627 0.0568774 0.0506717 0.0442905 0.0379112 0.0316716 0.0256964 0.0201168 0.0150774 0.0107234 0.00717013 0.00446553
 0.00785505 0.0128202 0.0194049 0.0275775 0.0370731 0.0472407 0.0570157 0.0651828 0.0708169 0.0735729 0.073642 0.0715011 0.067688 0.0626965 0.0569452 0.050767 0.0444095 0.0380504 0.0318251 0.0258544 0.0202671 0.0152084 0.0108273 0.00724465 0.00451372
 0.00782304 0.0127665 0.0193214 0.0274559 0.0369076 0.0470313 0.0567712 0.0649217 0.0705644 0.0733555 0.0734823 0.0714146 0.0676806 0.0627646 0.0570767 0.0509453 0.044617 0.0382722 0.0320485 0.0260686 0.0204618 0.0153743 0.0109585 0.0073399 0.0045766
 0.00779513 0.0127191 0.0192462 0.0273441 0.0367516 0.0468282 0.0565261 0.0646492 0.0702869 0.0730995 0.0732738 0.0712751 0.0676242 0.0627956 0.0571899 0.0511265 0.0448467 0.0385286 0.0323112 0.0263201 0.0206882 0.0155656 0.0111092 0.00744962 0.00464972
 0.00779404 0.0127151 0.019236 0.0273224 0.0367118 0.0467633 0.0564304 0.0645198 0.0701259 0.0729152 0.0730813 0.0710944 0.0674774 0.0627023 0.057163 0.0511697 0.044954 0.0386857 0.0324989 0.0265179 0.0208775 0.0157322 0.0112441 0.00754993 0.00471783
 0.00773543 0.0126246 0.0191088 0.0271575 0.0365126 0.0465375 0.0561901 0.0642813 0.0699066 0.0727306 0.0729423 0.0710071 0.0674448 0.0627262 0.0572443 0.0513074 0.0451427 0.0389148 0.0327523 0.0267759 0.0211205 0.0159439 0.0114143 0.00767572 0.00480284
 0.00768126 0.0125361 0.0189752 0.0269699 0.0362666 0.0462384 0.0558557 0.0639415 0.0695969 0.0724828 0.0727769 0.0709314 0.0674552 0.0628126 0.0573947 0.05151 0.0453867 0.0391886 0.0330421 0.0270651 0.0213912 0.01618 0.011605 0.00781727 0.00489892
 0.00766978 0.012511 0.0189254 0.026881 0.0361243 0.0460337 0.055591 0.0636326 0.0692714 0.0721744 0.0725192 0.0707512 0.0673681 0.0628216 0.0574915 0.0516795 0.0456108 0.0394494 0.033322 0.0273466 0.0216569 0.0164141 0.0117962 0.00796089 0.00499745
 0.0076685 0.0125112 0.0189293 0.0268904 0.0361378 0.0460436 0.0555821 0.0635852 0.0691692 0.0720127 0.0723099 0.0705213 0.067152 0.0626515 0.0573902 0.0516563 0.0456626 0.0395638 0.0334816 0.0275317 0.0218476 0.0165925 0.0119485 0.00807938 0.00508107
 0.00763974 0.0124686 0.0188731 0.026824 0.0360673 0.0459767 0.0555257 0.0635429 0.0691382 0.0719837 0.0722693 0.0704584 0.0670658 0.0625539 0.0573026 0.051602 0.0456586 0.039616 0.0335841 0.0276701 0.022003 0.0167459 0.012084 0.00818744 0.00515879
 0.00761354 0.0124264 0.0188107 0.0267384 0.0359588 0.0458501 0.0553921 0.0634184 0.0690397 0.0719227 0.0722476 0.0704667 0.0670889 0.0625774 0.0573197 0.0516167 0.0456829 0.0396632 0.0336622 0.0277775 0.0221296 0.0168765 0.0122038 0.00828551 0.00523079
 0.00758412 0.0123813 0.0187478 0.0266575 0.0358611 0.0457385 0.055271 0.0632949 0.0689237 0.0718263 0.0721821 0.0704396 0.0671004 0.06262 0.0573813 0.0516859 0.0457541 0.0397377 0.0337452 0.0278729 0.0222358 0.0169861 0.0123061 0.00837141 0.00529528
 0.00759416 0.0123922 0.0187544 0.0266518 0.0358349 0.0456867 0.0551948 0.0632014 0.0688234 0.0717297 0.0720978 0.0703742 0.0670586 0.0626044 0.0573914 0.0517175 0.0458008 0.0397942 0.033809 0.0279437 0.0223128 0.0170658 0.0123824 0.00843751 0.00534654
 0.00755948 0.0123442 0.0186972 0.0265935 0.0357842 0.0456479 0.0551647 0.063171 0.0687836 0.0716767 0.072036 0.0703139 0.0670116 0.0625798 0.0573931 0.051745 0.0458502 0.0398594 0.033884 0.0280235 0.0223937 0.0171439 0.0124535 0.00849736 0.00539248
 0.00753649 0.0123049 0.0186352 0.0265034 0.0356647 0.0455056 0.0550157 0.0630376 0.0686861 0.0716246 0.0720256 0.0703327 0.0670465 0.0626235 0.0574448 0.0518071 0.0459244 0.039945 0.0339773 0.0281196 0.022487 0.0172297 0.0125279 0.00855749 0.00543725
 0.007533 0.0122966 0.0186176 0.0264703 0.0356092 0.0454223 0.0549039 0.0629033 0.0685428 0.0714917 0.0719228 0.0702737 0.0670349 0.0626528 0.0575034 0.0518838 0.0460118 0.040039 0.0340751 0.0282179 0.0225815 0.0173157 0.0126012 0.00861573 0.00547986
 0.00751951 0.0122761 0.0185894 0.0264342 0.0355649 0.0453687 0.0548387 0.0628244 0.0684499 0.0713886 0.0718187 0.0701826 0.0669714 0.0626279 0.0575203 0.0519378 0.046093 0.0401365 0.0341796 0.0283223 0.0226802 0.017404 0.0126755 0.00867386 0.00552178
 0.00750186 0.0122483 0.0185491 0.0263802 0.0354977 0.0452907 0.0547547 0.0627406 0.068372 0.0713199 0.0717603 0.0701344 0.0669356 0.0626093 0.0575254 0.0519713 0.0461551 0.040222 0.0342798 0.0284274 0.0227817 0.017495 0.0127514 0.00873262 0.00556368
 0.00751487 0.0122695 0.0185809 0.0264243 0.0355539 0.045356 0.0548223 0.0628002 0.0684129 0.0713336 0.0717425 0.0700858 0.0668613 0.0625179 0.0574284 0.0518812 0.0460834 0.0401759 0.0342612 0.0284327 0.0228037 0.0175258 0.0127839 0.00876162 0.00558641
 0.00750038 0.0122499 0.0185589 0.026405 0.0355436 0.0453603 0.0548437 0.0628375 0.0684605 0.0713832 0.0717846 0.0701118 0.0668655 0.0624991 0.0573902 0.0518314 0.0460318 0.0401327 0.0342335 0.0284234 0.022811 0.0175445 0.0128075 0.00878467 0.00560537
 0.00747337 0.012205 0.0184899 0.0263069 0.0354152 0.0452075 0.0546817 0.0626892 0.0683504 0.0713289 0.0717913 0.0701718 0.066962 0.0626124 0.0575032 0.051933 0.0461179 0.0402048 0.0342965 0.0284818 0.022867 0.0175975 0.0128549 0.00882352 0.00563431
 0.00747337 0.012205 0.0184899 0.0263069 0.0354152 0.0452075 0.0546817 0.0626892 0.0683504 0.0713289 0.0717913 0.0701718 0.066962 0.0626124 0.0575032 0.051933 0.0461179 0.0402048 0.0342965 0.0284818 0.022867 0.0175975 0.0128549 0.00882352 0.00563431
 0.00713747 0.0116672 0.0176985 0.025226 0.0340397 0.0435828 0.0529199 0.0609654 0.0668705 0.0702789 0.071292 0.0702565 0.0675806 0.0636529 0.0588218 0.053384 0.0475765 0.0415786 0.0355259 0.029535 0.0237321 0.0182763 0.0133601 0.00917689 0.00586417
 0.00717078 0.0116837 0.0176527 0.0250504 0.0336594 0.0429408 0.0520029 0.0598173 0.0655904 0.0690056 0.0701806 0.069451 0.0671846 0.0637077 0.0592987 0.0541955 0.0486006 0.0426882 0.036612 0.0305187 0.0245665 0.0189423 0.0138597 0.00952737 0.00609238
 0.00713359 0.011638 0.0176087 0.0250191 0.0336398 0.0429048 0.0518886 0.0595428 0.0650869 0.0682562 0.0692426 0.0684497 0.0662814 0.063056 0.0590051 0.0542957 0.0490571 0.0434066 0.0374709 0.0313993 0.0253752 0.0196205 0.0143836 0.00990068 0.00633734
 0.00704279 0.011496 0.0174068 0.0247563 0.0333261 0.042563 0.0515506 0.0592378 0.0648229 0.0680084 0.068962 0.0680938 0.0658496 0.0626075 0.0586442 0.054133 0.0491659 0.0437965 0.0380861 0.0321414 0.0261351 0.0203075 0.0149419 0.010312 0.00661276
#pred catch len freq
 0.00305322 0.00498378 0.00757169 0.0108776 0.0149501 0.0197726 0.0252056 0.0309825 0.0367675 0.0422232 0.0470585 0.0510629 0.0541347 0.0562864 0.0576246 0.0583243 0.0586085 0.0587115 0.0587807 0.0587112 0.0580037 0.0558129 0.0513002 0.0441688 0.0350233
 0.00328215 0.00529517 0.00792986 0.0112166 0.0151981 0.019887 0.0251954 0.0309006 0.0366753 0.0421549 0.0470091 0.0510107 0.0540783 0.0562691 0.057727 0.0586241 0.0591278 0.0593767 0.0594203 0.0591039 0.057963 0.0552723 0.0503502 0.0430195 0.0339129
 0.00338884 0.00549912 0.00828796 0.0117869 0.0160092 0.0209011 0.0262892 0.0318913 0.0373903 0.0425032 0.0470098 0.0507604 0.0536921 0.0558407 0.0573259 0.058309 0.058944 0.0593272 0.0594346 0.0590395 0.0576581 0.0546275 0.0493895 0.0418874 0.0328071
 0.00353304 0.00572113 0.0086038 0.0122156 0.0165834 0.0216723 0.0273136 0.0331902 0.0389001 0.0440533 0.0483581 0.0516808 0.054064 0.0556851 0.0567734 0.0575321 0.0580954 0.0585021 0.0586524 0.0582468 0.0567612 0.0535536 0.0481459 0.040577 0.0315857
 0.00370778 0.00600489 0.00902965 0.0128128 0.0173716 0.0226545 0.0284737 0.0344982 0.0403218 0.0455486 0.0498596 0.0530674 0.0551627 0.0563192 0.0568343 0.057027 0.0571376 0.0572523 0.0572497 0.0567665 0.0552194 0.0519499 0.0465147 0.0390099 0.0302063
 0.00393398 0.00636482 0.00955825 0.0135412 0.0183261 0.023852 0.0299113 0.0361418 0.0421015 0.0473654 0.0516014 0.0546237 0.0564276 0.0571861 0.0571979 0.056807 0.056314 0.0558851 0.0554622 0.0547032 0.0530114 0.0497099 0.0443547 0.0370523 0.0285672
 0.00419039 0.00677182 0.0101534 0.0143556 0.0193824 0.0251603 0.0314617 0.0378976 0.0439971 0.0493108 0.0534887 0.056336 0.0578488 0.0582095 0.0577297 0.0567695 0.0556553 0.054598 0.0536023 0.0523911 0.0504161 0.0470258 0.0417797 0.034766 0.0267026
 0.004423 0.00715261 0.0107321 0.015182 0.0204994 0.0265909 0.033194 0.0398764 0.0461274 0.0514725 0.0555534 0.0581803 0.0593625 0.0592979 0.0583131 0.05678 0.0550392 0.0533272 0.0516947 0.0499327 0.0475699 0.0440191 0.0388694 0.032188 0.0246221
 0.00463586 0.00749905 0.0112561 0.0159298 0.0215167 0.0279152 0.0348408 0.0418236 0.0483059 0.0537658 0.0578106 0.0602382 0.0610713 0.0605394 0.0590044 0.056865 0.0544783 0.052097 0.0498032 0.0474463 0.044637 0.0408718 0.0357898 0.029447 0.0224121
 0.00487559 0.00788066 0.0118167 0.0167026 0.0225299 0.0291894 0.0363811 0.0436111 0.0502917 0.0558698 0.0599235 0.0622281 0.0627961 0.0618639 0.0598149 0.057078 0.0540394 0.0509789 0.0480126 0.0450434 0.0417606 0.0377476 0.032704 0.0266832 0.0201772
 0.00515264 0.0083213 0.0124624 0.0175872 0.0236764 0.0306037 0.0380431 0.0454694 0.052267 0.0578664 0.0618409 0.0639684 0.0642662 0.0629745 0.0604815 0.0572222 0.0535952 0.0499008 0.0462904 0.0427235 0.0389697 0.0347006 0.02968 0.023964 0.0179726
 0.00537975 0.00869682 0.0130397 0.0184213 0.0248145 0.0320689 0.0398168 0.0474816 0.0544029 0.0599862 0.0638039 0.0656534 0.0655828 0.0638644 0.0609082 0.0571574 0.0530081 0.0487606 0.0445827 0.0404793 0.0362946 0.0317876 0.0267884 0.0213607 0.0158592
 0.00560872 0.009062 0.0135783 0.0191687 0.0258048 0.0333315 0.0413654 0.0492977 0.0564215 0.0620907 0.065838 0.0674484 0.0669917 0.064787 0.061298 0.0570078 0.0523299 0.0475663 0.0428879 0.0383239 0.0337733 0.0290693 0.0241023 0.0189466 0.0139001
 0.00587832 0.00948704 0.0141937 0.0199993 0.0268633 0.0346146 0.042849 0.0509347 0.0581455 0.0638234 0.067493 0.0689306 0.0681989 0.0656206 0.0616783 0.0568876 0.0516965 0.0464336 0.0412896 0.0363182 0.0314592 0.026601 0.0216805 0.016779 0.0121446
 0.00620874 0.0100086 0.0149499 0.0210209 0.0281638 0.0361835 0.0446409 0.0528635 0.0600908 0.0656502 0.0690755 0.0701716 0.0690373 0.0660268 0.061643 0.056411 0.0507848 0.0451022 0.0395705 0.0342703 0.0291807 0.0242352 0.019405 0.014771 0.0105344
 0.00645759 0.0104113 0.0155526 0.0218662 0.029283 0.0375847 0.0462946 0.0546942 0.0619824 0.0674631 0.070669 0.0714244 0.0698642 0.0663861 0.0615336 0.0558592 0.0498286 0.0437818 0.0379298 0.0323687 0.0271074 0.0221164 0.0173927 0.013013 0.0091355
 0.00666196 0.0107398 0.0160413 0.0225495 0.0301916 0.0387386 0.0476921 0.0562986 0.0637147 0.0692044 0.0722745 0.072748 0.0707852 0.0668301 0.0614796 0.0553321 0.0488822 0.0424823 0.0363473 0.0305793 0.0252025 0.0202091 0.0156114 0.0114775 0.00792641
 0.00671504 0.0108307 0.0161882 0.0227758 0.0305258 0.0392122 0.0483336 0.0571261 0.0647259 0.0703673 0.0735216 0.0739782 0.0718766 0.0676619 0.0619557 0.0553979 0.0485302 0.0417455 0.0352879 0.0292792 0.0237592 0.0187339 0.0142204 0.0102738 0.00697757
 0.00667246 0.0107692 0.0161106 0.0226919 0.0304531 0.0391755 0.0483648 0.0572627 0.0650063 0.0708221 0.0741616 0.0747827 0.0727869 0.0685841 0.0627747 0.0560007 0.0488301 0.0416991 0.0349005 0.0286006 0.0228737 0.0177471 0.0132437 0.00940467 0.00628127
 0.0066369 0.0107174 0.0160441 0.0226168 0.0303795 0.0391164 0.048335 0.0572787 0.0650861 0.070984 0.0744224 0.0751531 0.0732646 0.0691453 0.0633689 0.0565524 0.0492523 0.0419141 0.0348613 0.0283045 0.0223641 0.0171033 0.0125615 0.00877343 0.0057639
 0.00663923 0.0107161 0.0160328 0.0225873 0.0303244 0.0390336 0.0482318 0.0571718 0.0649989 0.0709414 0.0744466 0.0752612 0.0734663 0.0694402 0.0637409 0.0569653 0.0496495 0.0422272 0.0350272 0.028285 0.0221602 0.0167564 0.0121405 0.00835307 0.00540311
 0.00678611 0.0109272 0.016299 0.0228813 0.0306073 0.0392663 0.0483848 0.0572306 0.0649645 0.0708296 0.0742851 0.0750851 0.0733119 0.0693378 0.0637087 0.0570046 0.0497409 0.0423322 0.0350962 0.0282727 0.0220423 0.0165399 0.0118611 0.00806097 0.0051438
 0.00687237 0.0110679 0.0165101 0.0231735 0.0309792 0.0396951 0.048822 0.0576088 0.0652167 0.0709131 0.0741964 0.0748581 0.0730036 0.0690096 0.0634119 0.0567718 0.0495827 0.0422367 0.0350338 0.0282062 0.0219407 0.0163905 0.0116739 0.00786227 0.00496317
 0.00696985 0.0112112 0.0166986 0.0233993 0.0312321 0.0399691 0.0491163 0.0579205 0.0655293 0.0711895 0.0743857 0.0749147 0.0729085 0.0687808 0.0630978 0.056432 0.0492681 0.0419762 0.0348312 0.0280457 0.0217987 0.0162484 0.0115262 0.0077166 0.00483358
