SBPRF35
12.7214
Curr Bio
800440
B35
877465
F35
0.16986
FOFL
0.155759
OFL
104092
Bzero
3.63469e+006
#pred survey bio
 3.85259e+006 3.69995e+006 3.56953e+006 3.3948e+006 3.16371e+006 2.8935e+006 2.60661e+006 2.34551e+006 2.10739e+006 1.87431e+006 1.61989e+006 1.42884e+006 1.26654e+006 1.12939e+006 995161 884243 789877 726667 690613 656886 629661 613892 595793 587402 570019 553546 547803 546706 542133 543009 548862 557634 563760 575990 583372 589309 603146 611755 622322 639212 664173 668133 671417 670691 685198 700110 701600 690989 691288 704518 695954 701492 743981 775180 807393 2.85355e+007 1.71993e+007 1.76041e+007 1.85501e+007 1.98382e+007 2.12473e+007 2.26124e+007 2.38358e+007 2.4876e+007 2.57284e+007 2.64091e+007 2.69431e+007 2.73567e+007 2.76747e+007 2.7918e+007 2.81037e+007 2.82456e+007 2.83541e+007 2.84374e+007 2.85015e+007 2.8551e+007 2.85895e+007 2.86195e+007 2.86431e+007 2.86616e+007 2.86762e+007 2.86878e+007 2.8697e+007 2.87044e+007 2.87103e+007 2.8715e+007 2.87188e+007 2.87219e+007 2.87244e+007 2.87264e+007 2.87281e+007 2.87294e+007 2.87305e+007 2.87314e+007 2.87321e+007 2.87327e+007 2.87331e+007 2.87335e+007 2.87339e+007 2.87341e+007 2.87343e+007 2.87345e+007 2.87347e+007 2.87348e+007 2.87349e+007 2.87349e+007 2.8735e+007 2.87351e+007 2.87351e+007 2.87351e+007 2.87352e+007 2.87352e+007 2.87352e+007 2.87352e+007 2.87352e+007 2.87352e+007 2.87353e+007 2.87353e+007 2.87353e+007 2.87353e+007 2.87353e+007 2.87353e+007 2.87353e+007 2.87353e+007 2.87353e+007 2.87353e+007 2.87353e+007 2.87353e+007 2.87353e+007 2.87353e+007 2.87353e+007 2.87353e+007 2.87353e+007 2.87353e+007 2.87353e+007 2.87353e+007 2.87353e+007 2.87353e+007 2.87353e+007 2.87353e+007 2.87353e+007 2.87353e+007 2.87353e+007 2.87353e+007 2.87353e+007 2.87353e+007 2.87353e+007 2.87353e+007 2.87353e+007 2.87353e+007 2.87353e+007 2.87353e+007 2.87353e+007 2.87353e+007 2.87353e+007 0 0 0 0 0 0 0 0 0 0 0 0 0 0 0 0 0 0 0 0 0 0 0 0 0
#obs survey bio
 4.67602e+006 3.10275e+006 4.59364e+006 3.1311e+006 3.42522e+006 2.62843e+006 2.66779e+006 2.07925e+006 1.60158e+006 1.97112e+006 1.0734e+006 2.21454e+006 1.22953e+006 888767 799706 811550 648871 521021 870040 784210 712320 543728 564396 865023 562344 724775 527203 483568 452248 453666 506350 521497 634338 474903 662100 598602 515314 494535 307012 623897 690969 853028 639169 669019 744245 920352 669230 1.23753e+006 824914 926264 494920 656168 718223 789153 598396
#pred catch bio
 100582 91724.5 145720 212373 265475 299585 295427 293132 304744 336047 287748 268171 249662 248476 227313 210430 180293 154201 148983 139692 126801 125874 114832 119436 115341 104140 99565.2 102229 97578.2 93833.6 92069.7 94835.6 90267.4 95111.7 96754.3 91216.5 97597.4 98157.7 95560.9 91399.7 110084 110066 113095 100626 101344 112886 121702 110547 99175.4 117560 105266 75545.9 87008.3 86877.2 107858 104092 113018 114462 119613 127475 136208 144610 152030 158213 163152 166976 169869 172016 173588 174725 175541 176122 176534 176824 177028 177170 177270 177339 177387 177421 177444 177460 177471 177479 177484 177488 177491 177492 177494 177494 177495 177495 177496 177496 177496 177496 177496 177496 177496 177496 177496 177496 177496 177496 177496 177496 177496 177496 177496 177496 177496 177496 177496 177496 177496 177496 177496 177496 177496 177496 177496 177496 177496 177496 177496 177496 177496 177496 177496 177496 177496 177496 177496 177496 177496 177496 177496 177496 177496 177496 177496 177496 177496 177496 177496 177496 177496 177496 177496 177496 177496 177496 177496 177496 177496 0 0 0 0 0 0 0 0 0 0 0 0 0 0 0 0 0 0 0 0 0 0 0 0 0
#obs catch bio
 0 91334.1 145536 212128 264531 297964 293874 292510 305428 337535 289571 268843 250156 249658 228589 212439 181999 156175 149456 140102 126649 126009 114793 118682 114803 103101 98998.2 101993 97402.6 93959.1 91966.2 94901.9 89941.6 94991.1 96625 90784.1 97583.4 98316.7 96341.7 91984.6 110682 109829 113107 100799 101487 112622 122302 110311 98475.6 116927 105272 75324.4 87168.8 86560.1 108020
#pred cpue bio
 3.81379e+006 3.66264e+006 3.53213e+006 3.35739e+006 3.12687e+006 2.85726e+006 2.57093e+006 2.31016e+006 2.07238e+006 1.84009e+006 1.58713e+006 1.39717e+006 1.23594e+006 1.0997e+006 966531 856692 763666 701594 666527 633836 607460 592287 574824 566980 550292 534367 528804 527683 523146 523958 529747 538412 544499 556556 563800 569633 583041 591177 601186 617525 642198 646385 649716 648925 663160 677962 679538 669341 669937 683033 674516 679863 721927 753127 785038 2.77466e+007 1.67206e+007 1.69921e+007 1.78326e+007 1.90951e+007 2.05e+007 2.18644e+007 2.30878e+007 2.41279e+007 2.49803e+007 2.56611e+007 2.6195e+007 2.66087e+007 2.69266e+007 2.71699e+007 2.73557e+007 2.74975e+007 2.76061e+007 2.76893e+007 2.77534e+007 2.78029e+007 2.78414e+007 2.78715e+007 2.7895e+007 2.79135e+007 2.79281e+007 2.79397e+007 2.7949e+007 2.79563e+007 2.79622e+007 2.79669e+007 2.79708e+007 2.79738e+007 2.79763e+007 2.79783e+007 2.798e+007 2.79813e+007 2.79824e+007 2.79833e+007 2.7984e+007 2.79846e+007 2.79851e+007 2.79855e+007 2.79858e+007 2.7986e+007 2.79863e+007 2.79864e+007 2.79866e+007 2.79867e+007 2.79868e+007 2.79869e+007 2.79869e+007 2.7987e+007 2.7987e+007 2.79871e+007 2.79871e+007 2.79871e+007 2.79871e+007 2.79871e+007 2.79872e+007 2.79872e+007 2.79872e+007 2.79872e+007 2.79872e+007 2.79872e+007 2.79872e+007 2.79872e+007 2.79872e+007 2.79872e+007 2.79872e+007 2.79872e+007 2.79872e+007 2.79872e+007 2.79872e+007 2.79872e+007 2.79872e+007 2.79872e+007 2.79872e+007 2.79872e+007 2.79872e+007 2.79872e+007 2.79872e+007 2.79872e+007 2.79872e+007 2.79872e+007 2.79872e+007 2.79872e+007 2.79872e+007 2.79872e+007 2.79872e+007 2.79872e+007 2.79872e+007 2.79872e+007 2.79872e+007 2.79872e+007 2.79872e+007 2.79872e+007 2.79872e+007 2.79872e+007 2.79872e+007 0 0 0 0 0 0 0 0 0 0 0 0 0 0 0 0 0 0 0 0 0 0 0 0 0
#obs cpue bio
 4.05388e+006 3.87986e+006 5.10803e+006 3.2472e+006 3.69182e+006 3.89339e+006 2.18915e+006 1.77898e+006 1.74897e+006 1.79696e+006 1.60019e+006 1.17763e+006 1.22865e+006 1.2238e+006 1.02854e+006 712732 766915 610329 901702 514255 644147 629281 597200 659342 547744 636030 454484 533070 604176 495124 681494 541555 631717 619770 525680 690883 529590 614181 633243 533639 883597 801773 636444 470669 616733 781049 435654 591736 779059 645873 641075 597371 729060 1.03964e+006 843622
#pred surv len freq
 0.00414825 0.00684421 0.0105045 0.0151761 0.0207781 0.0270085 0.03333 0.0391189 0.043906 0.0475241 0.0500696 0.0517563 0.0527935 0.053342 0.0535244 0.0534569 0.0532788 0.0531468 0.0531555 0.0531793 0.0527269 0.0509736 0.0470868 0.0407342 0.0324367
 0.00442995 0.00722291 0.0109301 0.0155586 0.0210195 0.0270496 0.0331814 0.0388544 0.0436198 0.0472833 0.0498947 0.0516397 0.052737 0.0533826 0.0537276 0.0538792 0.053919 0.0539122 0.053865 0.053613 0.0527086 0.0504497 0.0461569 0.0396107 0.0313545
 0.00449656 0.00738613 0.0112707 0.0161683 0.021957 0.0282844 0.0345622 0.0401397 0.0445687 0.0477559 0.0498976 0.0512929 0.0522004 0.0527963 0.0531946 0.0534717 0.0536766 0.0538204 0.0538335 0.0534863 0.052323 0.0497139 0.0451075 0.0384033 0.0301926
 0.00461219 0.00756182 0.0115172 0.0165002 0.0224051 0.0289025 0.0354155 0.0412644 0.0459197 0.0491792 0.0511608 0.0521715 0.0525687 0.0526692 0.0526996 0.052782 0.0529457 0.0531393 0.0532106 0.0528534 0.0515733 0.0487671 0.0439688 0.0371767 0.0290355
 0.00479502 0.00786084 0.0119692 0.017137 0.0232446 0.0299378 0.0366104 0.0425627 0.0472642 0.0505216 0.0524468 0.0533125 0.0534336 0.0531184 0.0526477 0.0522429 0.0520264 0.0519863 0.0519451 0.0515315 0.0501925 0.0473117 0.0424635 0.0357089 0.0277292
 0.00504488 0.00826417 0.0125709 0.0179771 0.0243501 0.0313111 0.0382148 0.0443171 0.0490545 0.0522255 0.0539599 0.0545592 0.0543576 0.0536634 0.0527498 0.0518485 0.0511259 0.050635 0.0502493 0.0496118 0.0481536 0.045242 0.0404563 0.0338755 0.026182
 0.00534742 0.00875464 0.0133061 0.0190081 0.0257116 0.0330049 0.0401938 0.0464805 0.0512622 0.0543252 0.0558132 0.0560571 0.0554249 0.0542538 0.0528338 0.0514039 0.0501394 0.0491177 0.0482561 0.0472474 0.0455628 0.0425933 0.0379261 0.0316293 0.024347
 0.00562768 0.00921451 0.0140061 0.0200074 0.0270562 0.0347099 0.042224 0.0487436 0.0536209 0.0566229 0.0578989 0.0578017 0.0567278 0.0550439 0.0530666 0.0510545 0.0491977 0.047591 0.0461822 0.0447134 0.0427163 0.0396362 0.0350877 0.0291235 0.0223255
 0.00583172 0.00956242 0.0145601 0.0208363 0.0282224 0.0362473 0.044116 0.0509144 0.0559463 0.058954 0.0600853 0.0597064 0.0582347 0.0560612 0.053527 0.0509135 0.0484308 0.0461955 0.0441874 0.0421981 0.0398263 0.0365856 0.0321319 0.026506 0.0202194
 0.00602169 0.00988132 0.0150596 0.0215736 0.0292515 0.0376039 0.0457999 0.0528787 0.0580995 0.0611724 0.0622296 0.0616375 0.0598263 0.057208 0.0541479 0.0509497 0.0478434 0.0449679 0.0423361 0.0397915 0.0370046 0.0335644 0.0291765 0.0238751 0.0180993
 0.00633493 0.0103878 0.0158168 0.0226325 0.0306477 0.0393415 0.0478366 0.0551211 0.0604164 0.0634205 0.0642763 0.0633721 0.0611616 0.0580772 0.0544996 0.0507442 0.0470506 0.0435709 0.0403439 0.0372623 0.0340691 0.0304338 0.0261183 0.0211547 0.0159096
 0.00657985 0.0107864 0.0164175 0.023481 0.0317783 0.0407645 0.0495243 0.0570027 0.0623882 0.0653653 0.066082 0.0649418 0.0624153 0.0589497 0.0549373 0.0507014 0.0464886 0.0424619 0.0386842 0.0350935 0.0315017 0.0276567 0.0233772 0.0186982 0.0139223
 0.00686307 0.0112372 0.0170778 0.0243836 0.0329408 0.0421809 0.0511552 0.0587727 0.0641951 0.0670991 0.067643 0.0662504 0.0634131 0.0595951 0.0551993 0.0505528 0.0459024 0.0414139 0.0371654 0.0331322 0.0291874 0.0251516 0.0208991 0.0164718 0.0121171
 0.00709913 0.0116288 0.0176809 0.025252 0.0341123 0.0436564 0.0528802 0.0606364 0.0660533 0.0688095 0.0690942 0.0673725 0.0641725 0.0599823 0.0552163 0.0502028 0.0451837 0.0403197 0.0356941 0.0313069 0.02708 0.0228964 0.0186806 0.0144832 0.0105059
 0.00734412 0.0120355 0.0183083 0.0261595 0.0353464 0.0452292 0.0547477 0.0626902 0.068134 0.070738 0.070707 0.0685495 0.0648514 0.0601577 0.054925 0.0495012 0.0441264 0.0389481 0.0340389 0.0294052 0.0249984 0.0207467 0.0166139 0.0126576 0.00904012
 0.00746626 0.0122547 0.0186766 0.0267392 0.0361971 0.0463866 0.0562023 0.0643774 0.0699417 0.0725256 0.0723268 0.0698661 0.0657584 0.0605914 0.0548705 0.0489874 0.0432102 0.0376964 0.0325167 0.0276774 0.0231421 0.018864 0.01483 0.0110982 0.00779698
 0.00761256 0.0124865 0.0190154 0.0272046 0.0368079 0.0471599 0.0571485 0.0654907 0.0711909 0.0738484 0.073632 0.071044 0.0666983 0.0611998 0.0550854 0.048786 0.0426081 0.0367396 0.0312714 0.0262223 0.0215674 0.0172731 0.0133346 0.00980178 0.00677066
 0.00763049 0.0125252 0.0190915 0.0273396 0.0370235 0.0474719 0.0575616 0.0660004 0.0717892 0.0745287 0.0743851 0.0718468 0.0675017 0.0619273 0.0556455 0.0490932 0.0426033 0.036403 0.030624 0.0253206 0.0204953 0.0161322 0.0122317 0.00883146 0.00599671
 0.00760599 0.0124735 0.0189934 0.0271742 0.036779 0.0471594 0.057225 0.0657121 0.0716309 0.0745669 0.0746535 0.0723412 0.0681839 0.062731 0.0564811 0.0498574 0.0431947 0.0367418 0.0306693 0.0250792 0.0200188 0.0155055 0.0115546 0.0081966 0.00547076
 0.00763882 0.0125225 0.0190578 0.0272476 0.0368474 0.0472015 0.057216 0.0656333 0.0714833 0.0743812 0.0744879 0.0722642 0.0682506 0.0629622 0.056856 0.0503169 0.0436544 0.037111 0.0308728 0.0250761 0.0198136 0.0151454 0.0111141 0.00775504 0.00509042
 0.00768666 0.0125923 0.0191479 0.027351 0.0369531 0.0472967 0.0572874 0.0656675 0.0714679 0.0743087 0.074363 0.0721104 0.0681098 0.0628843 0.0568802 0.0504539 0.0438779 0.0373632 0.0310819 0.02518 0.0197806 0.0149831 0.0108641 0.00747516 0.00483328
 0.00766567 0.0125594 0.0191006 0.0272876 0.0368728 0.0471996 0.057176 0.065547 0.0713468 0.0741974 0.0742718 0.0720478 0.0680835 0.0629038 0.0569576 0.0505994 0.0440903 0.0376207 0.0313426 0.0253929 0.019904 0.0150011 0.0107912 0.00734772 0.00469286
 0.00763195 0.0125126 0.0190449 0.0272315 0.0368265 0.0471704 0.0571646 0.0655475 0.0713491 0.0741915 0.0742518 0.072014 0.0680425 0.0628671 0.0569397 0.0506151 0.0441499 0.0377241 0.0314747 0.0255251 0.0200037 0.0150452 0.0107756 0.00728759 0.00461338
 0.00756883 0.0124035 0.0188699 0.0269714 0.0364711 0.04673 0.0566774 0.0650758 0.0709622 0.0739436 0.0741661 0.0720814 0.0682317 0.0631392 0.0572596 0.0509571 0.0444981 0.038068 0.0318027 0.0258212 0.0202487 0.0152232 0.010882 0.00733185 0.00461531
 0.0076105 0.0124652 0.0189505 0.0270633 0.0365589 0.0467909 0.0566845 0.0650057 0.0708061 0.0737158 0.0739036 0.0718325 0.0680387 0.0630255 0.0572276 0.0509943 0.0445865 0.03819 0.0319429 0.0259645 0.0203793 0.0153268 0.0109501 0.00736477 0.00462144
 0.0077407 0.0126546 0.0191942 0.0273417 0.0368424 0.0470476 0.056886 0.065129 0.0708334 0.0736368 0.0737203 0.071564 0.0677208 0.0627035 0.0569438 0.050777 0.0444456 0.0381199 0.0319285 0.0259871 0.0204203 0.0153698 0.0109835 0.00738335 0.00462626
 0.00782459 0.0127816 0.0193668 0.0275539 0.0370783 0.047282 0.0570865 0.0652618 0.0708732 0.073575 0.073568 0.0713465 0.0674686 0.0624455 0.056705 0.0505784 0.0443017 0.0380363 0.0319007 0.026002 0.0204604 0.0154181 0.0110267 0.00741439 0.00464392
 0.00783098 0.0127984 0.0194034 0.027622 0.0371877 0.0474337 0.0572682 0.0654476 0.0710296 0.0736712 0.073585 0.0712818 0.0673354 0.0622676 0.0565097 0.0503911 0.0441429 0.0379194 0.0318305 0.0259751 0.0204664 0.0154428 0.0110569 0.00744058 0.00466195
 0.00787723 0.0128686 0.0195004 0.0277458 0.0373369 0.0476071 0.0574637 0.0656593 0.0712439 0.073865 0.0737287 0.0713469 0.0673045 0.0621407 0.0563053 0.0501401 0.0438801 0.0376755 0.0316274 0.0258229 0.0203646 0.0153831 0.0110268 0.00742796 0.00465767
 0.00784097 0.0128182 0.0194402 0.0276852 0.0372876 0.0475791 0.0574628 0.0656874 0.0713012 0.0739512 0.0738409 0.0714757 0.067432 0.0622434 0.0563623 0.0501418 0.0438317 0.0375947 0.0315366 0.0257417 0.0203047 0.015347 0.0110104 0.00742397 0.00465937
 0.00781941 0.012773 0.0193544 0.0275394 0.0370681 0.0472888 0.0571291 0.0653591 0.0710345 0.0737916 0.0738103 0.0715703 0.0676277 0.0625044 0.0566484 0.0504153 0.0440648 0.037774 0.0316637 0.0258281 0.0203646 0.0153918 0.0110461 0.00745246 0.00468068
 0.00775296 0.0126731 0.0192186 0.0273688 0.0368647 0.047053 0.0568598 0.06506 0.0707219 0.0734987 0.0735828 0.0714528 0.0676473 0.0626611 0.0569152 0.0507483 0.0444159 0.0381029 0.0319443 0.0260507 0.0205319 0.015513 0.0111317 0.00751124 0.00471934
 0.0077538 0.0126649 0.019189 0.0273017 0.0367459 0.0468773 0.0566364 0.0648102 0.0704707 0.0732665 0.0733835 0.0712984 0.067554 0.0626473 0.0569935 0.050916 0.044652 0.0383733 0.032213 0.0262896 0.0207258 0.015659 0.0112349 0.00758025 0.00476298
 0.00772306 0.0126133 0.0191081 0.0271818 0.0365774 0.0466534 0.0563573 0.0644873 0.0701282 0.0729389 0.0731083 0.0711073 0.0674658 0.0626671 0.057116 0.0511288 0.0449365 0.0387037 0.0325577 0.0266166 0.0210094 0.015885 0.0114012 0.00769346 0.00483435
 0.00769038 0.0125682 0.0190547 0.0271279 0.0365306 0.0466159 0.0563222 0.0644392 0.0700494 0.0728174 0.0729454 0.0709195 0.0672817 0.0625187 0.0570305 0.051122 0.0450104 0.0388477 0.0327508 0.0268315 0.0212189 0.0160673 0.0115442 0.00779519 0.00490018
 0.00780563 0.0127242 0.019232 0.0272907 0.0366384 0.0466415 0.0562642 0.0643206 0.0699026 0.072667 0.0727989 0.0707717 0.0671259 0.0623581 0.0568801 0.0510042 0.0449457 0.0388465 0.0328101 0.0269363 0.0213468 0.0161956 0.0116553 0.00788007 0.00495797
 0.00784899 0.0127974 0.0193453 0.0274501 0.0368388 0.0468586 0.0564531 0.0644273 0.0698864 0.0725215 0.0725566 0.0704879 0.066853 0.0621276 0.056702 0.0508771 0.0448673 0.0388171 0.0328294 0.0269979 0.0214373 0.0162971 0.0117507 0.00795788 0.00501373
 0.00791889 0.0129088 0.0195088 0.027674 0.0371268 0.0472064 0.0568427 0.0648227 0.0702351 0.0727639 0.0726434 0.0703979 0.0666026 0.061765 0.056289 0.0504695 0.0445039 0.0385192 0.032605 0.0268461 0.0213496 0.0162591 0.011745 0.0079683 0.00502843
 0.00790846 0.0129037 0.0195231 0.0277278 0.0372414 0.0473956 0.0571057 0.0651419 0.070579 0.073093 0.0729155 0.070573 0.0666504 0.0616745 0.0560746 0.0501685 0.0441656 0.0381907 0.0323209 0.0266247 0.0211945 0.0161629 0.0116941 0.00794701 0.00502324
 0.00771523 0.0126213 0.0191578 0.0273085 0.0368147 0.0470159 0.0568254 0.0650031 0.0706066 0.0732878 0.0732505 0.0709975 0.0671008 0.0620881 0.0564031 0.0503877 0.0442782 0.038221 0.0323033 0.0265919 0.0211685 0.0161529 0.0116993 0.00796117 0.00503955
 0.00750949 0.0122859 0.0186542 0.0266081 0.0359133 0.0459535 0.0556984 0.0639563 0.0697982 0.0728419 0.0732221 0.0713646 0.0677804 0.0629645 0.0573553 0.0513115 0.0451 0.0389034 0.0328416 0.0270028 0.0214774 0.0163836 0.0118693 0.0080826 0.00512165
 0.00752865 0.0123048 0.0186585 0.0265736 0.0358083 0.0457448 0.0553623 0.0634907 0.0692338 0.0722464 0.0726897 0.0709917 0.0676353 0.0630658 0.0576691 0.0517661 0.0456105 0.0393952 0.0332651 0.0273376 0.021726 0.0165607 0.0119924 0.00816631 0.00517672
 0.00758159 0.0123834 0.0187624 0.026695 0.0359315 0.0458456 0.0554088 0.0634474 0.0690705 0.0719512 0.0722813 0.0705233 0.0671863 0.0627204 0.0574893 0.0517723 0.0457776 0.039666 0.0335732 0.027628 0.0219664 0.0167415 0.0121186 0.00824959 0.00522898
 0.00760863 0.012435 0.0188531 0.0268415 0.0361453 0.046124 0.0557273 0.0637592 0.0693159 0.0720733 0.0722415 0.0703131 0.066832 0.0622804 0.0570421 0.0513948 0.0455229 0.0395491 0.0335728 0.0277012 0.0220682 0.0168388 0.0121953 0.00830248 0.00526212
 0.00750323 0.0122704 0.0186194 0.0265375 0.0357828 0.045732 0.055352 0.0634569 0.0691364 0.0720397 0.07234 0.0704978 0.0670445 0.0624722 0.0571919 0.0515119 0.045637 0.0396916 0.033759 0.0279233 0.0223011 0.0170534 0.0123702 0.00842994 0.0053457
 0.00743379 0.012153 0.0184351 0.0262672 0.0354138 0.045267 0.0548181 0.0629071 0.0686412 0.07167 0.0721481 0.0705028 0.0672274 0.0627836 0.0575689 0.0519 0.0460046 0.0400315 0.0340782 0.0282281 0.0225881 0.0173097 0.0125816 0.00858833 0.00545287
 0.00731519 0.0119901 0.0182441 0.026079 0.0352616 0.0451685 0.0547637 0.0628638 0.0685706 0.0715512 0.0719904 0.0703425 0.0671108 0.0627464 0.0576227 0.0520308 0.0461842 0.0402318 0.0342811 0.0284255 0.0227756 0.0174814 0.0127291 0.00870444 0.00553535
 0.00730306 0.0119608 0.0181842 0.0259749 0.0351084 0.0449808 0.0545785 0.0627293 0.0685223 0.07159 0.0720799 0.0704295 0.0671557 0.0627424 0.0575926 0.0520085 0.0461945 0.0402821 0.0343645 0.0285293 0.0228876 0.0175913 0.0128281 0.00878592 0.00559587
 0.00738809 0.0120665 0.0182829 0.0260203 0.0350478 0.0447754 0.0542232 0.0622612 0.0680138 0.0711295 0.0717448 0.0702628 0.0671546 0.0628669 0.0577895 0.0522346 0.0464272 0.040515 0.034596 0.028755 0.0230989 0.0177783 0.012983 0.00890489 0.00567986
 0.0073688 0.0120425 0.0182585 0.025999 0.0350252 0.044731 0.0541192 0.0620542 0.067678 0.0706799 0.0712443 0.0698053 0.0668313 0.0627334 0.0578501 0.0524509 0.046741 0.0408712 0.034955 0.0290926 0.0234007 0.0180348 0.0131886 0.00905866 0.00578598
 0.00744863 0.012174 0.0184593 0.0262852 0.0354061 0.0452006 0.0546465 0.0625787 0.0681158 0.0709417 0.0712626 0.0695602 0.0663638 0.0621352 0.0572329 0.0519091 0.0463273 0.0405943 0.0347942 0.0290165 0.02338 0.0180467 0.0132163 0.00909022 0.00581395
 0.00736055 0.0120463 0.0182965 0.0261037 0.035232 0.0450653 0.0545812 0.0626076 0.068248 0.0711626 0.0715303 0.0698124 0.0665373 0.0621903 0.0571705 0.0517693 0.04617 0.0404728 0.0347368 0.029024 0.0234345 0.0181245 0.0132968 0.00916004 0.00586698
 0.00709172 0.0116088 0.01764 0.0251891 0.0340492 0.0436561 0.0530574 0.0611445 0.0670474 0.0703965 0.0712935 0.0701023 0.0672641 0.0632093 0.0583239 0.0529255 0.0472465 0.0414365 0.0355861 0.0297661 0.0240716 0.0186519 0.01371 0.00946182 0.00607021
 0.00708066 0.0115598 0.0175083 0.0249121 0.0335598 0.042907 0.0520454 0.0599261 0.0657371 0.0691504 0.0702802 0.0694669 0.0670925 0.063506 0.0590135 0.0538787 0.0483204 0.0425102 0.0365797 0.0306391 0.0248089 0.0192504 0.0141727 0.0097978 0.0062963
 0.00704309 0.0115064 0.0174399 0.0248279 0.0334489 0.0427391 0.0517693 0.0594823 0.0650851 0.068299 0.0693046 0.0685011 0.0662968 0.063022 0.0589234 0.0541842 0.0489479 0.0433403 0.037485 0.0315143 0.0255846 0.0198914 0.0146691 0.010157 0.00653729
#obs surv len freq
 nan nan nan nan nan nan nan nan nan nan nan nan nan nan nan nan nan nan nan nan nan nan nan nan nan
 0.00448382 0.00734494 0.0111749 0.0159917 0.0216931 0.0279697 0.0342848 0.0400167 0.0446965 0.0481599 0.0505171 0.0520121 0.0529034 0.0534149 0.0537285 0.0539829 0.0542611 0.0545536 0.0546922 0.054284 0.0527221 0.0493543 0.0438043 0.0362846 0.0276686
 0.00461067 0.00755384 0.0114939 0.0164476 0.022305 0.0287384 0.0351832 0.040987 0.0456579 0.0490253 0.0512091 0.0524747 0.0531079 0.0533599 0.0534355 0.0534889 0.0536096 0.0537874 0.0538504 0.0534037 0.0518421 0.0485177 0.0430557 0.0356619 0.0271927
 0.00478053 0.00782941 0.0119078 0.0170299 0.0230783 0.0297088 0.0363299 0.0422572 0.0469705 0.0502828 0.0523112 0.0533314 0.0536493 0.0535443 0.0532537 0.0529617 0.0527819 0.0527184 0.0526065 0.0520554 0.0504647 0.0471918 0.0418611 0.0346645 0.026429
 0.00496877 0.00813931 0.0123812 0.017708 0.023993 0.0308693 0.0377105 0.0437924 0.0485655 0.0518304 0.0537078 0.0544838 0.0544776 0.0539847 0.0532638 0.0525272 0.0519197 0.0514764 0.0510594 0.0503001 0.0486167 0.0453785 0.0402086 0.0332757 0.0253615
 0.00518072 0.00848612 0.0129076 0.0184576 0.0250005 0.0321486 0.0392399 0.0455091 0.0503721 0.0536116 0.0553477 0.0558772 0.0555354 0.0546349 0.0534519 0.0522182 0.0511032 0.0501737 0.0493305 0.0482476 0.0463834 0.0431361 0.0381331 0.031514 0.0239994
 0.00541931 0.00887464 0.0134936 0.019286 0.0261057 0.0335411 0.0408933 0.0473548 0.0523083 0.0555218 0.0571173 0.057403 0.056728 0.0554188 0.0537652 0.0520136 0.0503517 0.0488733 0.0475192 0.046017 0.0438847 0.0405698 0.0357179 0.0294396 0.0223824
 0.00564352 0.00924507 0.0140621 0.0201045 0.0272163 0.0349595 0.0425931 0.0492618 0.0543124 0.0574991 0.0589499 0.0589896 0.0579848 0.0562762 0.0541639 0.0519029 0.0496915 0.0476436 0.0457362 0.0437536 0.0412852 0.0378446 0.0331106 0.0271719 0.0205983
 0.00589209 0.00964947 0.0146716 0.0209659 0.0283661 0.036411 0.0443218 0.0511988 0.056352 0.0595168 0.0608219 0.0606066 0.0592578 0.0571371 0.0545612 0.051795 0.0490436 0.0464323 0.0439659 0.0414809 0.0386409 0.035036 0.030391 0.024782 0.0187021
 0.00613863 0.0100554 0.0152917 0.021854 0.0295634 0.0379291 0.0461258 0.0532031 0.0584345 0.0615444 0.0626726 0.0621799 0.0604753 0.0579393 0.0549029 0.0516415 0.0483669 0.0452132 0.0422069 0.0392297 0.036015 0.0322311 0.027656 0.0223612 0.0167686
 0.0063714 0.010438 0.0158755 0.02269 0.0306928 0.0393681 0.0478491 0.055137 0.0604653 0.0635394 0.0645023 0.063733 0.0616666 0.0587096 0.0552143 0.0514694 0.0476933 0.0440269 0.0405135 0.0370729 0.0335012 0.0295404 0.0250223 0.020019 0.0148887
 0.00660811 0.0108246 0.0164608 0.0235204 0.0318038 0.0407703 0.0495132 0.0569892 0.062397 0.0654269 0.0662264 0.0651908 0.0627762 0.0594116 0.0554705 0.0512583 0.0470045 0.0428588 0.0388791 0.0350172 0.0311232 0.0270042 0.0225417 0.0178107 0.0131123
 0.00683899 0.0112043 0.0170401 0.0243485 0.0329178 0.0421785 0.0511798 0.0588292 0.0642901 0.0672422 0.0678452 0.0665189 0.063746 0.0599791 0.0556102 0.0509584 0.0462624 0.0416802 0.0372837 0.0330523 0.0288823 0.0246365 0.0202389 0.0157666 0.0114698
 0.00706309 0.0115727 0.0176019 0.0251515 0.0339987 0.043547 0.0528024 0.0606238 0.0661366 0.0690063 0.0694013 0.0677662 0.0646153 0.0604321 0.0556346 0.0505587 0.0454524 0.0404791 0.0357204 0.0311776 0.0267845 0.0224501 0.0181326 0.0139086 0.00998258
 0.00729262 0.011946 0.0181638 0.0259434 0.03505 0.0448621 0.0543468 0.0623194 0.0678717 0.0706556 0.0708471 0.0689116 0.0653912 0.0607992 0.0555809 0.0500942 0.0446013 0.0392739 0.034202 0.0294034 0.0248401 0.020456 0.016235 0.0122497 0.00866306
 0.00742119 0.0121662 0.018516 0.0264721 0.0357943 0.0458406 0.055543 0.0636766 0.0693022 0.0720583 0.0721235 0.069976 0.0661749 0.0612527 0.0556752 0.0498208 0.0439703 0.0383109 0.0329476 0.0279161 0.0232024 0.018777 0.014641 0.0108602 0.00756076
 0.00749282 0.012279 0.0186802 0.0266983 0.0360962 0.0462367 0.0560545 0.0643204 0.07008 0.072947 0.0730723 0.0709119 0.067015 0.0619176 0.0560994 0.0499583 0.043797 0.0378256 0.0321724 0.0268981 0.0220153 0.0175189 0.0134231 0.00978655 0.00670336
 0.00758954 0.0124277 0.0188879 0.0269655 0.036417 0.0466003 0.0564473 0.0647298 0.0704995 0.0733792 0.0735254 0.0713888 0.0675012 0.0623755 0.056473 0.0501852 0.0438227 0.0376146 0.0317161 0.0262188 0.0211669 0.0165826 0.0124947 0.00895619 0.00603462
 0.00767187 0.0125571 0.0190738 0.0272127 0.0367234 0.0469548 0.0568285 0.0651081 0.0708449 0.0736716 0.0737617 0.0715828 0.0676743 0.0625429 0.0566312 0.0503079 0.0438659 0.0375302 0.0314682 0.0257979 0.0205972 0.0159198 0.0118141 0.00833354 0.00552576
 0.00772948 0.0126477 0.0192045 0.0273879 0.0369437 0.0472158 0.0571191 0.0654098 0.0711347 0.0739264 0.0739646 0.0717273 0.0677658 0.0625957 0.0566609 0.0503211 0.0438527 0.0374648 0.0313183 0.0255397 0.0202299 0.0154715 0.0113357 0.00788304 0.00514988
 0.00777537 0.0127196 0.0193075 0.0275249 0.0371145 0.0474167 0.0573417 0.0656415 0.0713598 0.0741294 0.0741323 0.0718508 0.0678413 0.0626253 0.0566519 0.0502828 0.0437907 0.0373753 0.0311878 0.0253518 0.0199767 0.015163 0.0110011 0.00756149 0.00487656
 0.00780217 0.0127588 0.0193586 0.0275848 0.0371793 0.0474834 0.0574099 0.0657132 0.0714379 0.074216 0.0742269 0.0719493 0.0679367 0.0627092 0.0567168 0.0503234 0.043804 0.0373582 0.031135 0.0252559 0.0198332 0.0149767 0.0107893 0.00735003 0.00469117
 0.00783969 0.0128122 0.0194249 0.0276561 0.037245 0.0475332 0.0574376 0.0657182 0.0714255 0.0741962 0.074212 0.0719504 0.06796 0.0627537 0.056775 0.0503841 0.0438551 0.0373891 0.0311368 0.0252223 0.0197613 0.01487 0.0106592 0.0072143 0.00456824
 0.00788785 0.012886 0.0195269 0.0277847 0.0373931 0.0476882 0.0575813 0.0658302 0.0714883 0.0742019 0.0741657 0.0718684 0.0678642 0.0626642 0.0567044 0.0503356 0.0438239 0.0373652 0.0311089 0.0251805 0.0196998 0.0147887 0.0105644 0.00711715 0.00448063
 0.00789965 0.0129041 0.0195521 0.0278171 0.037432 0.0477321 0.0576276 0.0658747 0.0715254 0.0742252 0.0741703 0.0718531 0.067833 0.0626259 0.0566698 0.0503133 0.0438169 0.0373702 0.0311174 0.0251825 0.0196872 0.0147584 0.0105191 0.00706408 0.00442891
 0.0078828 0.0128779 0.0195153 0.0277694 0.0373747 0.0476687 0.0575638 0.0658181 0.0714839 0.0742048 0.074173 0.0718766 0.0678717 0.0626733 0.0567212 0.0503668 0.0438724 0.0374268 0.0311718 0.0252288 0.019719 0.0147719 0.0105147 0.00704676 0.00440572
 0.00787237 0.0128552 0.0194709 0.0276918 0.0372545 0.0475041 0.0573653 0.0656084 0.0712924 0.0740591 0.0740918 0.0718663 0.0679273 0.0627816 0.0568647 0.0505279 0.0440364 0.0375832 0.031313 0.0253491 0.0198141 0.0148393 0.0105556 0.00706576 0.0044098
 0.00789867 0.0128923 0.0195156 0.0277366 0.0372876 0.0475116 0.0573342 0.0655303 0.071168 0.0739008 0.0739227 0.0717147 0.0678181 0.0627291 0.0568704 0.0505825 0.0441245 0.0376881 0.0314204 0.025448 0.0198969 0.0149021 0.0105976 0.00708949 0.00442006
 0.00788822 0.0128791 0.0195026 0.0277281 0.0372872 0.0475192 0.0573437 0.0655303 0.0711454 0.0738466 0.0738365 0.0716067 0.067707 0.0626369 0.0568157 0.0505747 0.0441622 0.0377608 0.0315128 0.0255446 0.0199852 0.0149741 0.0106501 0.00712335 0.00443898
 0.00785469 0.0128208 0.0194084 0.0275873 0.0370942 0.0472795 0.0570784 0.0652728 0.0709318 0.0737027 0.0737707 0.071611 0.0677653 0.062734 0.056942 0.050726 0.0443354 0.0379501 0.031708 0.0257323 0.0201526 0.0151115 0.0107535 0.00719426 0.00448296
 0.00785061 0.0128102 0.019385 0.0275417 0.0370158 0.0471592 0.0569124 0.0650667 0.0707024 0.0734769 0.0735797 0.0714817 0.0677123 0.0627565 0.0570275 0.0508572 0.0444966 0.0381285 0.0318928 0.0259125 0.0203171 0.0152508 0.010862 0.00727133 0.00453259
 0.00784088 0.0127946 0.0193616 0.0275084 0.0369698 0.0470965 0.0568285 0.0649578 0.0705675 0.0733206 0.0734144 0.0713268 0.0675908 0.0626885 0.0570238 0.0509168 0.0446084 0.038276 0.0320586 0.026081 0.0204748 0.0153873 0.0109708 0.00735073 0.0045852
 0.00777529 0.0126935 0.01922 0.027326 0.0367516 0.0468533 0.0565764 0.0647171 0.0703586 0.0731592 0.0733083 0.071277 0.0675951 0.062745 0.0571315 0.0510736 0.0448079 0.0385062 0.0323029 0.0263213 0.0206945 0.0155741 0.011118 0.00745753 0.0046561
 0.00776774 0.0126716 0.0191696 0.0272292 0.0365921 0.0466254 0.0562917 0.0644046 0.0700569 0.072905 0.0731269 0.0711792 0.0675789 0.0628007 0.0572469 0.0512371 0.045009 0.0387344 0.0325453 0.0265627 0.0209191 0.0157683 0.0112732 0.00757158 0.00473267
 0.00773532 0.0126223 0.0191011 0.0271398 0.0364794 0.046484 0.0561149 0.0641881 0.0698059 0.0726385 0.0728765 0.0709809 0.0674616 0.0627782 0.0573164 0.0513838 0.0452127 0.0389743 0.0328022 0.0268186 0.0211577 0.0159757 0.0114402 0.00769532 0.00481645
 0.00768802 0.0125444 0.0189826 0.0269721 0.0362585 0.0462149 0.0558137 0.0638803 0.0695189 0.0723941 0.0726877 0.0708546 0.0674041 0.0627967 0.0574157 0.0515612 0.0454559 0.039263 0.0331124 0.0271264 0.0214422 0.016221 0.0116366 0.00784042 0.00491467
 0.0077016 0.0125618 0.0189996 0.0269811 0.0362491 0.0461759 0.0557361 0.06376 0.0693595 0.0722066 0.0724894 0.0706652 0.0672416 0.062676 0.0573486 0.051556 0.0455155 0.0393826 0.0332787 0.02732 0.0216411 0.0164052 0.0117918 0.00795938 0.0049975
 0.00766819 0.0125147 0.0189421 0.0269199 0.0361918 0.0461267 0.0556929 0.0637147 0.0693014 0.0721283 0.0723902 0.0705523 0.0671286 0.0625789 0.0572824 0.0515325 0.0455416 0.0394594 0.0334003 0.0274736 0.0218089 0.0165682 0.0119341 0.00807136 0.00507703
 0.00761307 0.0124278 0.018817 0.0267542 0.0359892 0.0458997 0.0554633 0.0635101 0.0691471 0.0720379 0.0723615 0.070571 0.0671767 0.0626431 0.0573578 0.0516216 0.0456501 0.0395918 0.0335567 0.0276479 0.0219893 0.0167398 0.0120832 0.00818911 0.00516109
 0.00758701 0.012383 0.0187451 0.0266462 0.0358382 0.0457047 0.0552328 0.0632637 0.0689127 0.0718449 0.0722333 0.070519 0.0671976 0.0627224 0.0574762 0.0517621 0.0458026 0.0397526 0.0337249 0.0278213 0.0221617 0.0169016 0.0122238 0.00830095 0.0052418
 0.00762212 0.0124342 0.0188107 0.0267199 0.0359092 0.0457589 0.0552551 0.0632411 0.0688379 0.0717207 0.0720742 0.0703483 0.067041 0.0626004 0.057399 0.0517294 0.0458077 0.0397873 0.0337824 0.0278964 0.0222486 0.0169927 0.0123102 0.00837461 0.00529801
 0.00759534 0.0124022 0.0187837 0.0267133 0.0359381 0.0458302 0.0553608 0.0633586 0.0689369 0.0717742 0.0720668 0.0702805 0.0669276 0.062465 0.0572671 0.0516217 0.0457357 0.0397535 0.0337829 0.027924 0.0222953 0.0170498 0.012369 0.00842763 0.00534023
 0.00755819 0.0123403 0.0186887 0.0265795 0.0357667 0.0456346 0.0551688 0.0632061 0.0688554 0.0717761 0.0721397 0.0703935 0.0670461 0.0625647 0.0573401 0.0516744 0.0457815 0.0398046 0.0338462 0.0279995 0.0223782 0.0171329 0.0124451 0.00849101 0.00538811
 0.00754048 0.0123103 0.018641 0.0265079 0.0356653 0.0454999 0.0550028 0.0630203 0.0686711 0.0716221 0.0720441 0.070373 0.0670993 0.0626722 0.0574739 0.0518095 0.045904 0.0399125 0.0339441 0.0280927 0.0224684 0.0172179 0.0125204 0.0085527 0.00543417
 0.00753272 0.0122982 0.0186236 0.0264841 0.0356334 0.0454572 0.0549456 0.0629448 0.0685761 0.0715114 0.0719289 0.0702713 0.067031 0.0626515 0.0575034 0.0518792 0.0459968 0.0400119 0.0340398 0.0281808 0.0225486 0.01729 0.0125832 0.00860391 0.00547261
 0.00753095 0.0122945 0.0186167 0.0264723 0.0356151 0.0454315 0.0549127 0.0629053 0.0685302 0.0714585 0.0718685 0.070205 0.0669649 0.0625966 0.0574719 0.0518797 0.0460302 0.0400712 0.0341136 0.0282584 0.0226226 0.0173562 0.0126392 0.00864864 0.00550576
 0.00750876 0.0122616 0.0185729 0.0264195 0.0355565 0.0453706 0.0548526 0.0628488 0.0684796 0.071416 0.0718352 0.0701808 0.0669492 0.0625891 0.0574747 0.051897 0.0460659 0.0401266 0.0341852 0.0283388 0.0227032 0.0174297 0.012701 0.00869667 0.00554026
 0.0075098 0.0122604 0.0185661 0.0264025 0.0355255 0.0453246 0.0547951 0.0627872 0.0684228 0.0713704 0.0718031 0.0701612 0.0669388 0.0625854 0.0574765 0.0519053 0.0460833 0.0401557 0.0342271 0.0283914 0.0227613 0.0174871 0.0127519 0.00873757 0.00557009
 0.00749477 0.012238 0.0185358 0.0263649 0.0354812 0.0452738 0.0547374 0.0627229 0.0683545 0.071304 0.0717471 0.0701235 0.0669241 0.0625936 0.0575036 0.0519459 0.046133 0.0402119 0.0342884 0.0284563 0.022827 0.0175493 0.0128063 0.00878104 0.00560164
 0.00749006 0.0122309 0.0185264 0.0263535 0.0354687 0.0452612 0.0547254 0.0627112 0.0683415 0.0712874 0.0717247 0.0700952 0.0668931 0.0625652 0.0574836 0.0519378 0.0461378 0.0402284 0.0343146 0.0284898 0.0228651 0.0175885 0.0128429 0.00881194 0.00562506
 0.00749006 0.0122309 0.0185264 0.0263535 0.0354687 0.0452612 0.0547254 0.0627112 0.0683415 0.0712874 0.0717247 0.0700952 0.0668931 0.0625652 0.0574836 0.0519378 0.0461378 0.0402284 0.0343146 0.0284898 0.0228651 0.0175885 0.0128429 0.00881194 0.00562506
 0.00738106 0.012059 0.0182781 0.0260219 0.035057 0.044787 0.0542241 0.0622338 0.067945 0.0710195 0.0716121 0.0701394 0.0670742 0.0628503 0.0578361 0.0523239 0.0465298 0.0406056 0.0346619 0.0287971 0.0231259 0.0177999 0.0130052 0.0089289 0.00570331
 0.00720445 0.0117641 0.0178216 0.0253628 0.0341708 0.0436858 0.0529734 0.0609523 0.0667818 0.0701176 0.071075 0.0700131 0.0673463 0.0634613 0.0586964 0.0533334 0.0475942 0.0416472 0.0356234 0.0296409 0.0238311 0.0183597 0.0134248 0.00922338 0.00589524
 0.00714175 0.0116465 0.0176149 0.0250238 0.033655 0.042962 0.0520405 0.0598508 0.0655956 0.0689644 0.0700886 0.069318 0.0670321 0.0635626 0.0591877 0.0541383 0.0486063 0.0427526 0.0367201 0.0306493 0.0246989 0.0190603 0.0139545 0.00959666 0.00613867
 0.00710844 0.0115961 0.0175444 0.0249288 0.0335247 0.0427747 0.0517624 0.0594439 0.065033 0.06825 0.0692694 0.0684845 0.0663022 0.063054 0.0589872 0.0542799 0.0490633 0.0434485 0.0375507 0.0315081 0.025497 0.019738 0.0144838 0.0099771 0.0063898
#pred catch len freq
 0.00305082 0.00498434 0.00758066 0.0109025 0.014998 0.0198467 0.025302 0.0310894 0.0368671 0.0422954 0.0470839 0.0510242 0.0540172 0.0560792 0.0573228 0.0579342 0.058155 0.0582448 0.0583776 0.0584641 0.0579938 0.0560765 0.0518047 0.044817 0.0356883
 0.00326349 0.00527227 0.00790879 0.0112067 0.015208 0.0199198 0.0252445 0.0309506 0.0367079 0.0421551 0.0469698 0.0509319 0.0539624 0.0561164 0.0575334 0.0583847 0.0588452 0.0590728 0.0591441 0.058927 0.0579596 0.0554866 0.0507693 0.0435703 0.0344892
 0.00334173 0.00543328 0.00820857 0.0117048 0.0159372 0.0208475 0.0262532 0.0318627 0.0373532 0.0424428 0.046918 0.0506386 0.0535499 0.055691 0.057178 0.0581654 0.0588028 0.0591924 0.0593276 0.0590033 0.0577459 0.054877 0.0497961 0.0423964 0.0333324
 0.00346725 0.00562566 0.00848117 0.0120748 0.0164364 0.0215286 0.0271762 0.0330555 0.0387611 0.0439038 0.0481961 0.0515106 0.0538956 0.0555323 0.0566496 0.0574467 0.0580521 0.0585022 0.0587031 0.0583673 0.0569792 0.0538892 0.0485907 0.0410859 0.032089
 0.00364834 0.00591549 0.00890823 0.0126613 0.0171939 0.022454 0.0282512 0.0342536 0.0400564 0.0452678 0.0495742 0.0527934 0.0549189 0.0561243 0.0567042 0.0569726 0.0571638 0.0573597 0.0574385 0.0570402 0.0555839 0.052404 0.0470377 0.0395567 0.0307176
 0.00388808 0.00629657 0.00946654 0.0134269 0.0181883 0.0236844 0.0297008 0.0358728 0.041764 0.0469644 0.0511599 0.0541796 0.0560245 0.0568637 0.0569852 0.0567203 0.0563583 0.0560574 0.0557549 0.0551069 0.053513 0.0502877 0.0449721 0.037658 0.0291058
 0.0041626 0.0067355 0.0101143 0.0143222 0.0193604 0.0251451 0.0314332 0.0378223 0.0438381 0.0490419 0.0531067 0.0558654 0.0573383 0.0577206 0.0573234 0.0564938 0.0555387 0.0546501 0.0538171 0.0527519 0.0508971 0.0475903 0.0423793 0.0353445 0.0272071
 0.00442792 0.00716338 0.010753 0.0152177 0.0205517 0.0266554 0.0332559 0.0399102 0.0461008 0.0513535 0.05532 0.057829 0.0589139 0.0587966 0.0578203 0.0563618 0.0547526 0.05321 0.0517617 0.0501756 0.0479607 0.0445128 0.0394085 0.032711 0.0250761
 0.00464947 0.00752839 0.0113127 0.0160262 0.0216601 0.0280994 0.0350401 0.0419957 0.048403 0.05375 0.0576633 0.0599622 0.0606868 0.0600799 0.0585142 0.0563974 0.0540901 0.0518398 0.049713 0.047535 0.0448895 0.0412471 0.0362296 0.0298876 0.0227993
 0.00489346 0.00792223 0.0119017 0.0168553 0.0227707 0.0295219 0.036782 0.0440286 0.0506563 0.0561131 0.0599957 0.0621095 0.0624987 0.0614248 0.0592874 0.0565217 0.0535145 0.0505412 0.0477079 0.0448995 0.0417805 0.0379065 0.0329545 0.0269679 0.0204443
 0.00517622 0.00837435 0.0125693 0.0177795 0.0239843 0.0310429 0.0386017 0.0461028 0.0529032 0.0584202 0.0622318 0.0641372 0.0641869 0.0626594 0.0599759 0.0565937 0.0529193 0.0492506 0.0457283 0.0422946 0.0386957 0.0345769 0.0296776 0.0240388 0.0180789
 0.00542617 0.00877396 0.0131593 0.018596 0.0250565 0.0323866 0.04021 0.0479374 0.0548934 0.0604691 0.0642266 0.0659602 0.0657256 0.0638135 0.0606607 0.0567396 0.052471 0.0481704 0.044009 0.0399825 0.0359156 0.0315418 0.0266647 0.021329 0.0158815
 0.00571137 0.0092222 0.013806 0.0194666 0.026165 0.0337335 0.0417757 0.0496759 0.0567315 0.0623135 0.0659745 0.0675112 0.0669904 0.0647185 0.0611479 0.0567613 0.0519859 0.0471455 0.0424318 0.0378845 0.0333986 0.0287903 0.0239262 0.0188588 0.0138734
 0.00599476 0.00967751 0.014481 0.0204016 0.0273851 0.035236 0.0435179 0.0515708 0.05866 0.0641471 0.0675976 0.0688341 0.0679524 0.0652846 0.0613008 0.0564921 0.0512859 0.046004 0.040846 0.0358813 0.0310607 0.0262715 0.0214376 0.0166219 0.0120576
 0.00625718 0.0101028 0.0151194 0.0213009 0.0285838 0.0367507 0.0453257 0.0535966 0.060777 0.0661924 0.0694004 0.0702467 0.0688761 0.065681 0.0611834 0.0559047 0.050278 0.0446163 0.0391115 0.033842 0.0287936 0.0239055 0.0191467 0.0145883 0.0104194
 0.0064116 0.0103643 0.0155333 0.021919 0.029457 0.0379149 0.0467852 0.0553114 0.0626593 0.0681141 0.0712074 0.0717798 0.0699967 0.0662947 0.0612533 0.0554489 0.0493522 0.0432921 0.0374613 0.03194 0.026729 0.0217967 0.0171388 0.012827 0.00901186
 0.00652985 0.0105517 0.0158086 0.0223015 0.0299704 0.0385889 0.0476507 0.056388 0.0639392 0.0695471 0.0726975 0.0731963 0.0711972 0.0671512 0.0616746 0.0553919 0.0488233 0.0423376 0.0361543 0.0303707 0.0250022 0.0200328 0.0154682 0.0113711 0.00785499
 0.00650853 0.010529 0.0157971 0.0223222 0.0300497 0.0387541 0.0479265 0.0567956 0.0644964 0.0702652 0.0735714 0.0741911 0.0722396 0.068134 0.0624748 0.0558976 0.0489575 0.0420722 0.0355115 0.0294156 0.0238327 0.0187679 0.0142333 0.0102776 0.00697898
 0.00649231 0.0104932 0.0157269 0.0222015 0.0298692 0.038523 0.04768 0.0565932 0.0644076 0.0703509 0.0738687 0.0747062 0.0729456 0.0689702 0.0633494 0.0566973 0.0495672 0.0423997 0.0355089 0.0290896 0.0232424 0.018011 0.0134246 0.0095242 0.00635715
 0.00651294 0.0105233 0.0157647 0.0222402 0.029896 0.0385185 0.0476231 0.0564704 0.0642261 0.0701475 0.0737065 0.0746572 0.0730654 0.0692778 0.063818 0.0572583 0.0501236 0.0428471 0.0357604 0.0290984 0.0230137 0.0176 0.0129183 0.00901497 0.00591773
 0.00652616 0.010541 0.0157843 0.0222572 0.0299046 0.0385139 0.0476011 0.056427 0.0641565 0.0700485 0.0735834 0.0745316 0.072977 0.0692745 0.0639365 0.0575044 0.0504625 0.0432093 0.0360616 0.0292666 0.0230126 0.0174396 0.0126483 0.00870374 0.00562794
 0.00651578 0.0105243 0.0157596 0.0222223 0.0298571 0.038451 0.047521 0.0563299 0.0640466 0.0699339 0.0734748 0.0744405 0.0729162 0.0692596 0.0639862 0.057634 0.0506728 0.0434766 0.0363375 0.0294918 0.0231385 0.0174472 0.0125537 0.00854873 0.00546021
 0.00645321 0.0104332 0.0156421 0.0220875 0.0297184 0.0383218 0.0474114 0.0562449 0.0639864 0.0698956 0.0734541 0.0744342 0.0729245 0.0692869 0.0640412 0.0577273 0.050812 0.0436588 0.036544 0.0296889 0.0232887 0.0175241 0.012554 0.00849126 0.00537564
 0.00641882 0.0103707 0.0155365 0.0219226 0.029483 0.0380181 0.0470613 0.0558892 0.0636739 0.0696681 0.0733353 0.0744263 0.0730129 0.0694488 0.0642536 0.0579728 0.051079 0.0439384 0.0368241 0.0299507 0.0235087 0.0176823 0.0126428 0.00851911 0.00536295
