SBPRF35
8.83179
Curr Bio
566413
B35
572494
F35
0.200849
FOFL
0.200849
OFL
96535.4
Bzero
2.52337e+006
#pred survey bio
 3.822e+006 2.5568e+006 2.20147e+006 2.02072e+006 1.85387e+006 1.6784e+006 1.50021e+006 1.32808e+006 1.16137e+006 1.05627e+006 946852 821390 747328 709147 643691 597254 574940 560080 540176 513646 525691 514237 506829 489616 501848 512298 518707 549270 583490 629468 621329 539443 496295 483677 509149 545508 581437 564174 537753 561723 576145 573626 576891 600633 607763 598352 578580 553950 556863 551539 553340 579397 603190 594581 598953 623919 613873 571947 573800 1.41569e+007 1.29248e+007 1.32041e+007 1.39297e+007 1.48932e+007 1.58973e+007 1.68176e+007 1.75964e+007 1.82217e+007 1.8706e+007 1.90723e+007 1.9345e+007 1.95461e+007 1.96937e+007 1.98018e+007 1.98812e+007 1.99396e+007 1.99827e+007 2.00148e+007 2.00388e+007 2.00568e+007 2.00704e+007 2.00808e+007 2.00887e+007 2.00947e+007 2.00994e+007 2.01029e+007 2.01057e+007 2.01079e+007 2.01095e+007 2.01108e+007 2.01118e+007 2.01126e+007 2.01132e+007 2.01137e+007 2.01141e+007 2.01144e+007 2.01146e+007 2.01148e+007 2.0115e+007 2.01151e+007 2.01152e+007 2.01152e+007 2.01153e+007 2.01153e+007 2.01154e+007 2.01154e+007 2.01154e+007 2.01154e+007 2.01155e+007 2.01155e+007 2.01155e+007 2.01155e+007 2.01155e+007 2.01155e+007 2.01155e+007 2.01155e+007 2.01155e+007 2.01155e+007 2.01155e+007 2.01155e+007 2.01155e+007 2.01155e+007 2.01155e+007 2.01155e+007 2.01155e+007 2.01155e+007 2.01155e+007 2.01155e+007 2.01155e+007 2.01155e+007 2.01155e+007 2.01155e+007 2.01155e+007 2.01155e+007 2.01155e+007 2.01155e+007 2.01155e+007 2.01155e+007 2.01155e+007 2.01155e+007 2.01155e+007 2.01155e+007 2.01155e+007 2.01155e+007 2.01155e+007 2.01155e+007 2.01155e+007 2.01155e+007 2.01155e+007 2.01155e+007 2.01155e+007 2.01155e+007 2.01155e+007 2.01155e+007 2.01155e+007 2.01155e+007 2.01155e+007 2.01155e+007 2.01155e+007 0 0 0 0 0 0 0 0 0 0 0 0 0 0 0 0 0 0 0 0 0 0 0 0 0
#obs survey bio
 4.4965e+006 2.08515e+006 2.81639e+006 1.53113e+006 2.11504e+006 1.85856e+006 1.16963e+006 1.44094e+006 1.03924e+006 982029 1.19054e+006 697045 721500 613903 666010 663895 523383 757418 537766 431557 565666 466740 553028 405256 583863 437677 492644 563338 497618 808527 729738 403746 437130 480827 545726 540964 738892 615676 331011 594614 659050 610684 480904 530531 947812 662544 445752 528641 580172 459671 454156 595506 770691 669305 605677 719184 544258 610150 613372
#pred catch bio
 470944 272720 260429 302535 307209 293762 280696 285926 249696 259481 255134 203889 171519 185051 149860 131029 126577 123257 122398 97567.2 118675 113031 114665 102878 95428.2 110039 98045.8 102007 94393.2 92896.9 97173.9 91278.7 91469.2 89029.8 88178.8 82420.6 86652.2 86714.4 85625 88654.4 90882 86401.8 93329.6 99686.4 98091.1 93519.9 106912 84703.1 90028.5 87328.9 87526.1 68384.7 105075 104726 85251.8 89799.6 111307 95532.4 56523.7 96535.4 96115.3 96795.6 101046 107586 114527 120822 126037 130103 133139 135334 136882 137955 138687 139180 139511 139730 139874 139969 140031 140072 140098 140115 140127 140134 140138 140141 140143 140145 140145 140146 140146 140146 140147 140147 140147 140147 140147 140147 140147 140147 140147 140147 140147 140147 140147 140147 140147 140147 140147 140147 140147 140147 140147 140147 140147 140147 140147 140147 140147 140147 140147 140147 140147 140147 140147 140147 140147 140147 140147 140147 140147 140147 140147 140147 140147 140147 140147 140147 140147 140147 140147 140147 140147 140147 140147 140147 140147 140147 140147 140147 140147 140147 140147 140147 140147 140147 140147 140147 140147 0 0 0 0 0 0 0 0 0 0 0 0 0 0 0 0 0 0 0 0 0 0 0 0 0
#obs catch bio
 234633 272345 260358 303336 307482 293669 280312 286101 249582 260195 255272 203863 171357 185655 149511 130973 126719 123204 122441 97353.4 118914 113052 114460 103345 94994.8 110365 98021.9 102190 94662.5 92704.6 96986.7 91267.6 91509.2 89316.6 88334.4 82408.6 86507 86576.4 85862.2 88660.5 90862.4 86236.3 93523.6 99738.3 98071.8 93295.8 107271 84543.5 90073 87248.1 87945.8 67939.9 105388 105019 85161.4 89571.5 111466 96011 56272.4
#pred cpue bio
 3.77535e+006 2.52293e+006 2.16979e+006 1.989e+006 1.82209e+006 1.64702e+006 1.46959e+006 1.29844e+006 1.13288e+006 1.02819e+006 919624 795819 722617 684910 620860 575723 554014 539505 520279 494511 506245 495100 488005 471368 483239 493587 499620 529190 562296 606966 599713 520794 477921 463944 487441 522366 557294 541161 515880 538769 552805 550497 553665 576381 583235 574373 555562 531566 534661 529887 531719 556794 580533 572139 575873 600178 590896 549930 551248 1.36272e+007 1.24488e+007 1.26061e+007 1.32364e+007 1.41774e+007 1.51779e+007 1.60977e+007 1.68765e+007 1.75017e+007 1.7986e+007 1.83523e+007 1.8625e+007 1.88261e+007 1.89737e+007 1.90818e+007 1.91612e+007 1.92196e+007 1.92627e+007 1.92948e+007 1.93188e+007 1.93368e+007 1.93504e+007 1.93608e+007 1.93687e+007 1.93747e+007 1.93794e+007 1.93829e+007 1.93857e+007 1.93879e+007 1.93895e+007 1.93908e+007 1.93918e+007 1.93926e+007 1.93933e+007 1.93937e+007 1.93941e+007 1.93944e+007 1.93946e+007 1.93948e+007 1.9395e+007 1.93951e+007 1.93952e+007 1.93952e+007 1.93953e+007 1.93953e+007 1.93954e+007 1.93954e+007 1.93954e+007 1.93954e+007 1.93955e+007 1.93955e+007 1.93955e+007 1.93955e+007 1.93955e+007 1.93955e+007 1.93955e+007 1.93955e+007 1.93955e+007 1.93955e+007 1.93955e+007 1.93955e+007 1.93955e+007 1.93955e+007 1.93955e+007 1.93955e+007 1.93955e+007 1.93955e+007 1.93955e+007 1.93955e+007 1.93955e+007 1.93955e+007 1.93955e+007 1.93955e+007 1.93955e+007 1.93955e+007 1.93955e+007 1.93955e+007 1.93955e+007 1.93955e+007 1.93955e+007 1.93955e+007 1.93955e+007 1.93955e+007 1.93955e+007 1.93955e+007 1.93955e+007 1.93955e+007 1.93955e+007 1.93955e+007 1.93955e+007 1.93955e+007 1.93955e+007 1.93955e+007 1.93955e+007 1.93955e+007 1.93955e+007 1.93955e+007 1.93955e+007 1.93955e+007 1.93955e+007 0 0 0 0 0 0 0 0 0 0 0 0 0 0 0 0 0 0 0 0 0 0 0 0 0
#obs cpue bio
 2.41724e+006 2.30149e+006 1.79134e+006 2.46679e+006 1.73483e+006 1.57479e+006 1.98334e+006 1.18558e+006 1.16163e+006 1.00088e+006 858508 886508 712586 774452 701333 468545 568504 432566 560606 514052 494045 525967 553642 354643 674422 451068 514507 502354 500858 686692 595708 589135 552208 356308 488571 519015 564098 520592 558816 622661 518492 545772 513863 744887 386544 560221 642148 563320 532872 670820 463952 799827 406611 447224 558877 632657 677985 392789 606500
#pred surv len freq
 0.00466135 0.00766891 0.0117277 0.0168716 0.022992 0.0297373 0.0364976 0.0425705 0.0474294 0.0508911 0.0530754 0.0542424 0.0546549 0.054525 0.0540168 0.053269 0.0524149 0.0515771 0.0508066 0.0499668 0.0486347 0.0461504 0.0418931 0.035684 0.0280416
 0.00511057 0.00835913 0.012693 0.0181201 0.0245096 0.0314917 0.0384333 0.044597 0.049415 0.052673 0.0544904 0.055169 0.0550502 0.0544359 0.0535568 0.0525673 0.0515597 0.0505769 0.0495889 0.048421 0.0466885 0.043843 0.0394009 0.0332745 0.0259747
 0.0053639 0.00878619 0.0133617 0.0190971 0.0258396 0.033169 0.0403816 0.0466758 0.0514569 0.0545288 0.0560519 0.0563629 0.0558219 0.054748 0.0534048 0.0519916 0.0506326 0.0493657 0.0481201 0.0466775 0.0446505 0.0415507 0.036994 0.0309709 0.0239962
 0.00550003 0.00902848 0.0137666 0.019734 0.0267799 0.0344651 0.0420414 0.0486453 0.0536181 0.0567164 0.0580835 0.0580725 0.0570855 0.0554921 0.0536018 0.0516507 0.0497927 0.0480847 0.0464588 0.0446888 0.0423894 0.0391059 0.0345141 0.028653 0.0220312
 0.00570696 0.00936684 0.0142806 0.0204692 0.0277784 0.0357561 0.0436289 0.0504981 0.0556662 0.0588539 0.0601749 0.0599634 0.0586206 0.0565384 0.0540681 0.0514969 0.0490261 0.0467492 0.0446235 0.0424416 0.0398409 0.0364014 0.0318384 0.0262111 0.0200001
 0.00596692 0.00978545 0.0149031 0.0213349 0.0289137 0.0371641 0.0452792 0.0523248 0.0575803 0.0607612 0.0619874 0.0615987 0.0599922 0.057551 0.0546232 0.0515086 0.0484394 0.0455529 0.0428547 0.0401862 0.0372337 0.0336244 0.0291087 0.0237482 0.0179771
 0.00622697 0.0102091 0.0155418 0.022236 0.0301097 0.0386575 0.0470267 0.0542357 0.0595323 0.0626287 0.0636668 0.0630175 0.0611038 0.0583192 0.0550071 0.0514552 0.0478899 0.0444615 0.041213 0.0380442 0.0347121 0.0309111 0.0264352 0.0213439 0.016015
 0.00642687 0.0105487 0.0160799 0.0230357 0.0312248 0.0401095 0.048784 0.0562061 0.0615785 0.0645981 0.0654206 0.0644509 0.0621519 0.058953 0.0552191 0.0512418 0.0472376 0.043348 0.0396253 0.0360084 0.0323209 0.0283321 0.0238893 0.0190556 0.0141532
 0.00670779 0.0110039 0.0167626 0.0239954 0.0324987 0.0417087 0.0506765 0.0583077 0.0637583 0.0666982 0.0672822 0.0659376 0.0631682 0.0594523 0.0551999 0.0507312 0.0462709 0.041954 0.037828 0.0338479 0.0298819 0.0257622 0.021387 0.0168267 0.0123523
 0.0068011 0.0111814 0.0170773 0.0245131 0.0332832 0.0427986 0.0520643 0.0599334 0.0655224 0.0684835 0.0689705 0.0674178 0.0643397 0.0602313 0.0555285 0.0505836 0.0456514 0.0408883 0.0363565 0.0320293 0.0278072 0.0235674 0.0192457 0.0149167 0.010808
 0.00694404 0.0114248 0.017465 0.0250949 0.0341075 0.0438974 0.0534363 0.0615322 0.0672571 0.0702309 0.0705956 0.0687956 0.0653722 0.060855 0.0557117 0.0503189 0.0449492 0.0397742 0.0348732 0.0302416 0.0258112 0.0214947 0.0172542 0.0131613 0.0094012
 0.00730809 0.0119873 0.0182571 0.0261269 0.0353689 0.0453584 0.0550458 0.0632158 0.0689214 0.0717747 0.0719219 0.0698208 0.0660325 0.0611107 0.0555486 0.0497455 0.0439908 0.0384676 0.0332665 0.0284009 0.0238285 0.0194914 0.0153705 0.0115289 0.00811046
 0.00746252 0.0122465 0.018661 0.0267139 0.0361642 0.0463572 0.0562012 0.0644445 0.0701269 0.0728768 0.0728721 0.0705961 0.0666162 0.0614772 0.0556622 0.0495705 0.0435039 0.0376666 0.0321748 0.0270697 0.0223388 0.0179513 0.0139031 0.0102484 0.0070944
 0.00738105 0.0121338 0.0185296 0.0265922 0.0360939 0.0463871 0.0563776 0.0647999 0.0706691 0.0735823 0.0736886 0.0714548 0.0674471 0.0622181 0.0562582 0.0499706 0.0436616 0.0375479 0.0317691 0.0263992 0.0214623 0.0169598 0.0129051 0.00934716 0.00636377
 0.00756766 0.012416 0.018915 0.0270746 0.036657 0.0470094 0.0570359 0.0654687 0.0713201 0.0741843 0.0742103 0.0718677 0.0677297 0.0623583 0.0562528 0.0498197 0.0433631 0.0370952 0.0311572 0.0256364 0.0205821 0.016024 0.0119944 0.00854126 0.00571917
 0.00770766 0.0126176 0.01917 0.0273584 0.0369348 0.0472482 0.0572151 0.0655871 0.0713959 0.0742509 0.0743053 0.0720192 0.067943 0.0626118 0.0565046 0.0500205 0.0434676 0.0370691 0.0309802 0.0253059 0.0201182 0.0154715 0.0114166 0.00800483 0.00527587
 0.00774478 0.0126807 0.0192687 0.0274999 0.037118 0.0474571 0.0574168 0.0657392 0.0714641 0.0742278 0.0742186 0.0719223 0.067893 0.0626459 0.0566265 0.0502005 0.0436544 0.0372062 0.0310206 0.0252233 0.0199122 0.0151684 0.011063 0.0076543 0.00497365
 0.00770463 0.0126294 0.0192176 0.0274688 0.0371303 0.0475315 0.0575587 0.0659354 0.0716841 0.0744309 0.074367 0.0719956 0.0678977 0.0626131 0.0565965 0.0502032 0.0436945 0.0372619 0.0310547 0.0251995 0.0198105 0.0149926 0.0108389 0.0074195 0.00476347
 0.00776184 0.0127017 0.0192894 0.0275154 0.0371288 0.0474747 0.0574648 0.0658442 0.0716392 0.0744586 0.0744638 0.0721314 0.0680318 0.0627143 0.056655 0.0502298 0.0437084 0.0372753 0.031064 0.0251883 0.0197607 0.0148969 0.010706 0.00727122 0.00462446
 0.0079502 0.0129876 0.01968 0.0279996 0.0376749 0.0480317 0.057967 0.0662232 0.0718443 0.0744755 0.0743193 0.0718787 0.0677255 0.0623915 0.0563327 0.0499144 0.0434061 0.036995 0.0308129 0.0249667 0.019562 0.0147132 0.0105349 0.00711719 0.00449576
 0.00774177 0.0126851 0.0192924 0.0275588 0.037227 0.0476226 0.0576305 0.0659775 0.071695 0.0744215 0.0743578 0.0720073 0.067941 0.0626852 0.056686 0.0502981 0.0437866 0.0373428 0.031108 0.0251989 0.0197286 0.0148171 0.0105843 0.00712592 0.00448041
 0.00774019 0.0126826 0.0192896 0.0275591 0.037239 0.0476613 0.0577145 0.0661208 0.0718947 0.0746501 0.0745675 0.072148 0.0679823 0.0626288 0.0565613 0.0501454 0.0436396 0.0372186 0.0310087 0.0251182 0.0196584 0.0147516 0.0105218 0.00706777 0.00443004
 0.00772655 0.0126567 0.0192442 0.027486 0.0371321 0.0475217 0.0575553 0.0659679 0.0717821 0.0746097 0.0746163 0.0722791 0.0681649 0.0628194 0.0567216 0.0502561 0.0437023 0.0372481 0.0310209 0.0251225 0.0196574 0.0147442 0.0105075 0.00704833 0.00440896
 0.00781686 0.0127906 0.0194211 0.0276956 0.0373554 0.0477343 0.057731 0.0660831 0.071822 0.0745739 0.0745211 0.0721524 0.0680357 0.0627058 0.0566259 0.0501688 0.0436119 0.0371497 0.0309179 0.0250231 0.0195688 0.0146702 0.0104482 0.00700228 0.00437459
 0.0078258 0.0127982 0.0194198 0.0276738 0.0373008 0.0476383 0.0575933 0.0659136 0.071639 0.0744005 0.0743808 0.0720654 0.0680149 0.0627546 0.0567363 0.0503221 0.0437834 0.0373145 0.0310583 0.025131 0.0196446 0.014719 0.0104764 0.00701614 0.00437932
 0.0078141 0.0127656 0.0193459 0.0275321 0.0370663 0.0472993 0.0571617 0.0654274 0.0711549 0.0739798 0.0740759 0.0719102 0.0680215 0.0629137 0.0570211 0.0506947 0.0442007 0.0377349 0.0314468 0.0254634 0.0199092 0.0149153 0.0106121 0.00710306 0.00443051
 0.00790892 0.0129241 0.0195902 0.0278797 0.0375188 0.0478292 0.0577043 0.0658896 0.0714419 0.0740293 0.0738803 0.0715163 0.0675108 0.0623753 0.0565297 0.0502974 0.0439148 0.0375532 0.0313468 0.0254174 0.0198926 0.0149109 0.0106104 0.00710072 0.00442727
 0.00791816 0.0129218 0.0195564 0.0277897 0.0373549 0.0475958 0.0574366 0.0656443 0.0712728 0.0739607 0.0738975 0.0715781 0.0675753 0.0624214 0.0565621 0.0503372 0.0439838 0.0376618 0.0314899 0.0255783 0.0200503 0.0150478 0.0107167 0.00717485 0.00447382
 0.00796398 0.0129876 0.0196381 0.0278749 0.0374228 0.0476196 0.0573897 0.065511 0.0710593 0.0737005 0.0736425 0.0713779 0.0674566 0.062381 0.0565774 0.0503845 0.0440506 0.0377466 0.0315939 0.0256981 0.0201756 0.0151649 0.0108141 0.00724717 0.00452174
 0.00780399 0.0127477 0.0193147 0.0274784 0.0369743 0.0471459 0.0569192 0.0650713 0.0706771 0.0734006 0.0734477 0.071309 0.067528 0.062594 0.0569139 0.0508082 0.0445167 0.0382143 0.0320341 0.0260931 0.0205152 0.0154429 0.0110281 0.00739998 0.00462185
 0.00775858 0.0126482 0.0191194 0.0271373 0.0364475 0.0464289 0.0560617 0.0641741 0.0698622 0.0727726 0.0730666 0.0711866 0.0676427 0.0629087 0.057387 0.0513961 0.0451726 0.0388895 0.0326834 0.0266804 0.0210167 0.0158469 0.011334 0.00761585 0.00476254
 0.00855884 0.0137876 0.0205331 0.0286573 0.0378434 0.0474781 0.0566109 0.0641675 0.069338 0.0718418 0.0718853 0.0699224 0.0664415 0.0618717 0.0565656 0.0508009 0.0447865 0.0386793 0.0326075 0.0266951 0.0210824 0.015932 0.0114168 0.00768423 0.0048122
 0.00916382 0.0147934 0.0220761 0.0308459 0.0406957 0.0508447 0.0601306 0.067314 0.0715708 0.0727929 0.0714765 0.0683553 0.0640867 0.0591343 0.0537872 0.048218 0.0425327 0.0368077 0.0311174 0.0255546 0.0202434 0.0153411 0.0110206 0.00743326 0.00466339
 0.00912811 0.0148342 0.0223218 0.0314818 0.0419211 0.0527982 0.0628108 0.0705316 0.0749557 0.0758593 0.0737346 0.0694421 0.0638694 0.0577382 0.0515356 0.0455164 0.0397551 0.0342286 0.0288961 0.0237539 0.0188598 0.0143321 0.0103244 0.00698142 0.00438965
 0.00889955 0.0144851 0.0218455 0.0309064 0.041327 0.0523314 0.0626775 0.0709554 0.0760938 0.0777093 0.0760843 0.0719008 0.0659782 0.0591142 0.0519861 0.045077 0.0386446 0.0327512 0.0273416 0.0223338 0.0176897 0.0134459 0.00970207 0.00657537 0.00414398
 0.00885341 0.0143739 0.0216133 0.0304845 0.0406593 0.0514132 0.0615915 0.0698811 0.0752787 0.0774051 0.0764663 0.0729964 0.0676318 0.0610138 0.0537534 0.0463887 0.0393306 0.0328258 0.026961 0.0217126 0.0170219 0.0128602 0.00925551 0.00627124 0.00395661
 0.0087064 0.0141474 0.0212936 0.030062 0.0401235 0.0507505 0.0607911 0.0689553 0.0742884 0.0764778 0.0757868 0.0727607 0.0679761 0.061947 0.0551296 0.0479426 0.0407646 0.0339104 0.0276001 0.0219463 0.0169757 0.0126776 0.00904779 0.00609948 0.00383917
 0.00874599 0.0141842 0.0212986 0.0299927 0.0399364 0.0504189 0.0603182 0.0683717 0.0736391 0.0758094 0.0751503 0.0722267 0.0676422 0.0619181 0.0554713 0.0486329 0.0416801 0.0348629 0.0284076 0.0224983 0.0172585 0.0127525 0.0090048 0.00601631 0.00376226
 0.00882567 0.0143125 0.0214872 0.0302454 0.0402412 0.0507395 0.0605919 0.0685214 0.0735975 0.0755462 0.0746855 0.071625 0.0669974 0.0613364 0.0550544 0.0484553 0.0417615 0.035153 0.0288001 0.022873 0.0175288 0.0128906 0.00903435 0.00598439 0.00371178
 0.00867323 0.0141088 0.0212622 0.0300542 0.0401486 0.0507942 0.0608039 0.0688532 0.0739739 0.0758754 0.0748851 0.0716453 0.0668356 0.0610381 0.054701 0.0481405 0.0415637 0.0351101 0.0288977 0.0230536 0.0177201 0.0130369 0.00911444 0.00600787 0.00370262
 0.00868459 0.0140949 0.0211847 0.029866 0.0398167 0.0503295 0.0602792 0.068389 0.0736921 0.0758445 0.0750897 0.0719974 0.0672174 0.0613512 0.0548982 0.0482321 0.0415994 0.0351497 0.0289821 0.0231892 0.0178824 0.0131896 0.00922967 0.006077 0.00373379
 0.00875137 0.0141984 0.0213285 0.0300437 0.0400059 0.0504888 0.0603534 0.0683286 0.0734813 0.0755222 0.0747417 0.0717187 0.0670668 0.061327 0.054951 0.0483004 0.0416446 0.035168 0.0289939 0.023217 0.017934 0.0132557 0.00929308 0.00612441 0.00376139
 0.00872424 0.0141626 0.0212902 0.0300137 0.0399966 0.0505084 0.0603992 0.0683833 0.0735156 0.0755043 0.0746537 0.0715708 0.0668986 0.0611904 0.0548843 0.0483103 0.041709 0.0352552 0.0290809 0.0232964 0.0180075 0.0133245 0.00935402 0.00617237 0.00379373
 0.0086418 0.0140501 0.0211609 0.0298936 0.0399181 0.0504988 0.0604704 0.0685281 0.0737089 0.0757087 0.0748271 0.0716767 0.0669176 0.0611286 0.0547718 0.0481877 0.0416099 0.0351946 0.0290563 0.0232969 0.0180226 0.0133468 0.00937845 0.00619466 0.00381088
 0.00858511 0.0139612 0.0210342 0.0297294 0.0397261 0.0503013 0.0603028 0.0684315 0.0737161 0.0758287 0.0750379 0.0719313 0.0671603 0.0613141 0.0548779 0.048219 0.0415905 0.0351547 0.0290202 0.0232767 0.0180192 0.0133555 0.00939293 0.00620983 0.00382353
 0.00857725 0.013939 0.0209838 0.029633 0.0395675 0.0500751 0.0600222 0.0681309 0.0734447 0.0756379 0.0749664 0.0719924 0.0673374 0.0615653 0.0551503 0.0484663 0.0417857 0.0352932 0.0291135 0.0233415 0.0180691 0.0133973 0.00942824 0.006238 0.00384401
 0.00856455 0.013918 0.0209508 0.0295831 0.0394936 0.049968 0.0598733 0.0679362 0.0732117 0.07539 0.0747415 0.0718342 0.0672811 0.0616243 0.0553107 0.048692 0.042032 0.0355223 0.0293033 0.0234869 0.0181759 0.0134746 0.00948394 0.00627732 0.00387046
 0.0085856 0.0139755 0.0210789 0.029824 0.0398819 0.0505084 0.0605224 0.0686037 0.0737832 0.0757625 0.0748547 0.0716852 0.0669194 0.0611329 0.0547791 0.0481921 0.0416046 0.0351777 0.0290329 0.0232763 0.0180131 0.0133525 0.00939717 0.00622019 0.0038361
 0.00841897 0.0137044 0.0206742 0.0292676 0.0391818 0.0497153 0.0597369 0.0679596 0.0734054 0.0757178 0.0751257 0.0721825 0.067523 0.0617373 0.0553202 0.0486499 0.0419873 0.0355023 0.0293109 0.0235107 0.0182028 0.0134971 0.00950044 0.00628908 0.00387897
 0.00850446 0.0138102 0.0207714 0.0293074 0.0391068 0.0494801 0.059329 0.0674119 0.072795 0.0751501 0.0747067 0.0719861 0.0675668 0.0619798 0.0556827 0.0490494 0.0423637 0.0358265 0.0295779 0.023726 0.0183731 0.0136274 0.00959497 0.00635317 0.00391922
 0.00852935 0.0138593 0.0208589 0.0294457 0.0392959 0.0496948 0.0595133 0.0674904 0.0727018 0.0748628 0.0742648 0.0714823 0.0671135 0.0616682 0.0555535 0.0490883 0.0425187 0.0360356 0.0297913 0.0239148 0.0185264 0.0137444 0.00967957 0.00641071 0.00395562
 0.00839655 0.0136714 0.0206287 0.0292046 0.0390872 0.0495603 0.0594797 0.0675587 0.0728428 0.0750223 0.0743801 0.071507 0.0670405 0.0615346 0.0554237 0.0490229 0.0425486 0.0361543 0.0299661 0.0241061 0.0187026 0.0138885 0.00978667 0.00648403 0.00400194
 0.00824366 0.0133941 0.0201622 0.0284808 0.0380638 0.0482596 0.0580166 0.0661308 0.0716762 0.0742972 0.0741745 0.071786 0.0676876 0.0624041 0.0563881 0.0499974 0.0434897 0.0370412 0.0307815 0.0248286 0.0193104 0.0143685 0.0101397 0.00672463 0.00415313
 0.00843344 0.0137018 0.0206186 0.0291008 0.0388274 0.0490927 0.0587854 0.0666692 0.0718455 0.074048 0.0735724 0.0709813 0.066849 0.0616585 0.0557958 0.0495635 0.0431927 0.0368559 0.030687 0.0248053 0.0193364 0.0144203 0.0101968 0.00677366 0.00418864
 0.00843883 0.013737 0.0207208 0.0293209 0.039217 0.0496811 0.0595557 0.0675448 0.0726961 0.0747182 0.0739254 0.070945 0.0664434 0.0609869 0.0550028 0.048784 0.0425165 0.036322 0.030297 0.0245412 0.0191731 0.0143305 0.0101554 0.00675946 0.00418695
 0.00829953 0.0135021 0.0203552 0.0287966 0.0385317 0.0488805 0.0587462 0.0668785 0.0723231 0.0747262 0.0743009 0.0715773 0.0671701 0.0616568 0.0555252 0.0491429 0.0427515 0.0364912 0.0304469 0.0246935 0.0193282 0.0144778 0.0102826 0.00685872 0.00425669
 0.00839801 0.0136271 0.0204772 0.028864 0.0384815 0.0486591 0.0583321 0.0662982 0.0716551 0.0740889 0.0738233 0.0713569 0.0672365 0.0619603 0.0559605 0.049596 0.0431422 0.0367908 0.0306674 0.0248632 0.0194701 0.014602 0.0103888 0.00694312 0.00431757
 0.00861503 0.0139942 0.0210517 0.0296958 0.0395868 0.0499867 0.0597412 0.0675736 0.0725667 0.0744713 0.0736337 0.0706833 0.0662545 0.0608661 0.0549092 0.0486706 0.0423597 0.0361324 0.0301109 0.0243989 0.0190991 0.0143251 0.0101988 0.00682443 0.00425027
 0.00846969 0.0137984 0.020834 0.0295139 0.0395182 0.0501097 0.0601103 0.0681955 0.0733838 0.0753609 0.0744317 0.0712338 0.0664642 0.0607353 0.0545216 0.0481491 0.0418166 0.035639 0.0296952 0.0240629 0.0188357 0.0141275 0.0100599 0.0067349 0.00419814
#obs surv len freq
 0.00497087 0.00814169 0.012383 0.0177079 0.0239899 0.0308634 0.0377031 0.043786 0.0485621 0.0518308 0.0537105 0.0544866 0.0544785 0.0539829 0.05326 0.052523 0.0519166 0.0514753 0.0510606 0.0503034 0.0486213 0.0453837 0.0402137 0.0332801 0.025365
 0.00518721 0.00849594 0.0129209 0.0184739 0.0250185 0.0321661 0.0392545 0.0455185 0.0503751 0.0536087 0.0553407 0.0558686 0.0555266 0.0546262 0.0534426 0.052208 0.0510924 0.0501631 0.0493212 0.0482401 0.0463779 0.0431322 0.0381305 0.0315123 0.0239983
 0.00541208 0.00886476 0.0134822 0.0192752 0.0260979 0.0335381 0.0408952 0.04736 0.0523142 0.0555258 0.057118 0.0574007 0.0567241 0.0554152 0.0537631 0.0520135 0.0503531 0.0488759 0.0475229 0.0460219 0.0438908 0.0405768 0.035725 0.0294461 0.0223877
 0.00564161 0.00924157 0.0140562 0.0200957 0.0272045 0.0349462 0.042581 0.0492546 0.0543129 0.0575076 0.058964 0.0590052 0.0579977 0.0562842 0.0541669 0.0519025 0.0496895 0.0476414 0.0457346 0.043753 0.0412856 0.037846 0.0331127 0.0271743 0.0206005
 0.00588416 0.00963751 0.0146553 0.0209456 0.0283423 0.0363847 0.044294 0.0511713 0.0563275 0.0594986 0.0608133 0.0606092 0.0592707 0.0571571 0.0545841 0.0518174 0.0490638 0.0464501 0.043982 0.0414963 0.0386558 0.0350504 0.0304043 0.0247934 0.0187111
 0.0061301 0.0100422 0.0152731 0.0218299 0.0295344 0.0378967 0.0460921 0.053171 0.0584067 0.0615231 0.0626593 0.0621755 0.0604802 0.0579531 0.0549242 0.0516678 0.0483952 0.0452411 0.0422331 0.0392537 0.036037 0.032251 0.0276736 0.0223759 0.01678
 0.00638461 0.0104567 0.0158985 0.0227144 0.0307148 0.0393844 0.0478576 0.0551373 0.0604585 0.0635271 0.0644861 0.0637146 0.0616478 0.0586921 0.0551998 0.0514589 0.047687 0.0440237 0.0405122 0.0370724 0.0335009 0.0295402 0.0250222 0.0200192 0.014889
 0.00663243 0.0108633 0.0165173 0.0235964 0.0318984 0.0408783 0.0496249 0.0570908 0.0624745 0.0654705 0.066233 0.0651639 0.0627236 0.0593425 0.0553933 0.0511797 0.0469293 0.0427895 0.0388168 0.0349619 0.0310746 0.0269624 0.0225069 0.0177833 0.0130923
 0.00682841 0.0111907 0.0170263 0.0243396 0.0329198 0.0421968 0.0512164 0.058882 0.0643531 0.0673063 0.0679006 0.0665573 0.063763 0.0599746 0.0555883 0.0509249 0.0462237 0.0416409 0.037247 0.0330199 0.0288545 0.0246134 0.0202204 0.0157524 0.0114596
 0.00705959 0.0115646 0.0175855 0.025123 0.0339556 0.0434915 0.0527428 0.060573 0.0661084 0.0690089 0.0694347 0.067822 0.0646805 0.0604937 0.0556834 0.0505908 0.0454689 0.0404838 0.0357181 0.0311723 0.0267787 0.022445 0.0181287 0.0139059 0.00998075
 0.0072673 0.0119086 0.0181143 0.0258839 0.0349833 0.0447907 0.0542724 0.0622441 0.0678005 0.0705975 0.0708131 0.0689109 0.0654268 0.0608654 0.0556658 0.0501836 0.0446838 0.0393431 0.0342566 0.0294451 0.0248719 0.0204805 0.0162538 0.0122638 0.00867309
 0.0074454 0.0121994 0.0185545 0.0265091 0.0358219 0.0458533 0.0555396 0.0636602 0.069277 0.0720274 0.0720886 0.0699393 0.0661407 0.0612268 0.0556624 0.0498217 0.0439811 0.0383256 0.0329607 0.0279246 0.0232061 0.0187774 0.0146396 0.0108584 0.0075593
 0.00753097 0.0123426 0.0187782 0.0268381 0.0362795 0.0464551 0.0562863 0.0645337 0.0702416 0.0730333 0.0730762 0.0708421 0.0668899 0.0617591 0.0559281 0.0497908 0.0436445 0.0376933 0.0320607 0.0268047 0.0219376 0.0174553 0.0133728 0.00974881 0.00667698
 0.00761207 0.0124671 0.0189522 0.0270642 0.0365586 0.0467888 0.0566781 0.0649868 0.0707559 0.0736017 0.0736817 0.0714561 0.0674722 0.06226 0.0562935 0.04997 0.0435982 0.0374011 0.0315258 0.0260571 0.0210344 0.0164776 0.0124145 0.00889786 0.00599477
 0.00765839 0.0125406 0.0190594 0.027209 0.0367416 0.0470055 0.0569191 0.0652403 0.0710136 0.0738638 0.0739568 0.0717547 0.0677969 0.0625968 0.0566097 0.0502185 0.0437273 0.0373662 0.031301 0.0256439 0.0204656 0.0158141 0.0117339 0.00827607 0.00548715
 0.00768873 0.0125827 0.0191095 0.0272601 0.0367859 0.0470392 0.0569451 0.0652681 0.0710557 0.0739318 0.0740598 0.0718992 0.0679866 0.0628296 0.0568728 0.0504847 0.0439556 0.0375092 0.0313171 0.0255105 0.0201888 0.0154302 0.0113007 0.00785658 0.00513171
 0.00777979 0.0127183 0.0192902 0.0274769 0.0370214 0.0472707 0.0571478 0.0654198 0.0711419 0.0739512 0.0740256 0.0718353 0.0679202 0.0627837 0.0568606 0.0505059 0.0439948 0.0375377 0.0312997 0.025417 0.0200065 0.0151708 0.0109982 0.00755514 0.00487055
 0.00781303 0.0127756 0.0193818 0.0276125 0.0372059 0.0474981 0.0573976 0.0656585 0.0713324 0.0740652 0.0740526 0.0717852 0.0678175 0.0626594 0.0567432 0.0504142 0.0439339 0.0374975 0.0312585 0.0253491 0.0198932 0.0150089 0.0108027 0.00735324 0.00469018
 0.00784254 0.0128173 0.0194335 0.0276694 0.037264 0.0475574 0.0574639 0.0657396 0.0714318 0.0741758 0.0741569 0.0718616 0.0678503 0.0626461 0.0566949 0.0503498 0.043871 0.0374449 0.0312132 0.0252989 0.0198237 0.0149125 0.0106834 0.00722546 0.004572
 0.007865 0.0128504 0.0194766 0.0277194 0.0373148 0.0476017 0.0574949 0.065754 0.0714318 0.0741702 0.0741571 0.0718756 0.0678776 0.0626775 0.0567187 0.0503585 0.0438647 0.0374286 0.031191 0.0252704 0.0197843 0.0148576 0.0106136 0.00714814 0.00449791
 0.00789842 0.0129004 0.0195435 0.0278002 0.0374037 0.0476907 0.0575746 0.0658147 0.0714657 0.0741735 0.0741329 0.0718329 0.0678289 0.0626334 0.0566838 0.0503311 0.0438399 0.0374019 0.0311604 0.0252351 0.0197433 0.0148103 0.0105608 0.0070933 0.00444684
 0.0079133 0.0129246 0.01958 0.027851 0.0374691 0.047768 0.0576568 0.0658915 0.0715257 0.074208 0.0741379 0.0718106 0.0677861 0.06258 0.0566295 0.0502829 0.0438002 0.0373693 0.0311314 0.0252061 0.0197118 0.0147753 0.0105232 0.00705551 0.00441231
 0.00786983 0.0128559 0.0194807 0.0277188 0.0373063 0.0475837 0.0574682 0.0657218 0.0713987 0.0741408 0.0741362 0.0718685 0.0678898 0.0627131 0.0567773 0.0504338 0.0439461 0.0375039 0.0312492 0.0253027 0.0197845 0.0148238 0.0105498 0.00706528 0.0044113
 0.00787881 0.0128616 0.0194728 0.0276826 0.0372269 0.0474527 0.0572894 0.0655129 0.0711875 0.0739577 0.0740067 0.0718081 0.0679017 0.0627891 0.0569011 0.0505864 0.0441093 0.0376633 0.0313943 0.0254265 0.0198829 0.0148955 0.0105968 0.00709193 0.00442342
 0.00787778 0.0128582 0.019464 0.0276634 0.0371897 0.0473882 0.0571886 0.0653706 0.071007 0.0737544 0.0738071 0.0716436 0.0677999 0.0627654 0.0569558 0.0507059 0.0442719 0.0378452 0.0315747 0.0255895 0.0200188 0.0150002 0.0106707 0.00713916 0.00445034
 0.00787705 0.0128557 0.0194579 0.0276507 0.0371672 0.0473528 0.0571375 0.0653016 0.0709183 0.0736457 0.0736818 0.0715115 0.0676779 0.0626745 0.0569145 0.0507241 0.0443472 0.0379641 0.0317172 0.0257352 0.020151 0.0151085 0.0107513 0.00719353 0.00448337
 0.00784419 0.0128048 0.0193859 0.0275569 0.0370531 0.0472226 0.0569985 0.0651638 0.0707924 0.0735407 0.0736028 0.0714598 0.0676524 0.0626751 0.0569441 0.0507872 0.0444466 0.0380971 0.0318737 0.0258996 0.0203066 0.0152416 0.0108546 0.00726622 0.00452964
 0.00783547 0.0127846 0.0193446 0.0274827 0.0369357 0.0470589 0.0567972 0.0649451 0.0705833 0.0733661 0.0734801 0.0713955 0.0676445 0.0627158 0.0570237 0.0508975 0.0445817 0.0382522 0.0320424 0.0260723 0.0204709 0.0153855 0.0109697 0.00734986 0.00458464
 0.00778843 0.0127116 0.0192411 0.0273461 0.0367652 0.0468553 0.0565643 0.0646923 0.0703271 0.0731304 0.0732921 0.0712795 0.0676148 0.0627732 0.0571567 0.0510871 0.0448072 0.0384951 0.0322877 0.0263074 0.0206844 0.0155679 0.0111144 0.00745552 0.00465499
 0.00777098 0.012679 0.0191844 0.027255 0.0366312 0.0466762 0.0563477 0.0644547 0.0700898 0.0729136 0.0731118 0.071148 0.0675426 0.0627686 0.0572231 0.0512198 0.0449935 0.0387167 0.0325247 0.0265411 0.0208995 0.0157528 0.0112622 0.00756449 0.00472846
 0.00775217 0.0126491 0.0191403 0.0271936 0.0365488 0.0465691 0.0562126 0.064292 0.0699055 0.0727203 0.0729276 0.0709925 0.0674326 0.0627159 0.0572332 0.0512929 0.0451237 0.0388922 0.0327288 0.0267547 0.021104 0.015933 0.0114087 0.00767376 0.00480294
 0.00931115 0.0148286 0.0217653 0.0298826 0.0388262 0.0480419 0.056711 0.0638935 0.0688505 0.0712906 0.0713574 0.069439 0.0659866 0.0614244 0.0561181 0.0503606 0.0443709 0.038308 0.0322959 0.026451 0.0209043 0.0158115 0.0113414 0.00764071 0.00478918
 0.00929589 0.015092 0.0226694 0.0318758 0.0422471 0.0528552 0.06234 0.0693156 0.0729611 0.07334 0.0711986 0.0674675 0.0628689 0.0578131 0.0524916 0.0469994 0.0414074 0.0357876 0.0302195 0.0247964 0.0196351 0.0148807 0.0106939 0.00721728 0.00453107
 0.00897218 0.0145818 0.0219529 0.031001 0.0413829 0.0523267 0.06259 0.0707449 0.0756877 0.0770188 0.0750658 0.070631 0.0646808 0.0580946 0.0515009 0.0452202 0.0393218 0.0337458 0.0284181 0.0233151 0.0184838 0.0140323 0.0101033 0.00683133 0.00429623
 0.00880213 0.014298 0.0215126 0.0303629 0.0405228 0.0512679 0.0614423 0.0697322 0.0751311 0.0772485 0.076271 0.0727182 0.0672409 0.060536 0.053289 0.0460832 0.0393041 0.0331102 0.027487 0.0223505 0.0176423 0.013377 0.0096364 0.00652424 0.00410964
 0.00873646 0.0141854 0.0213317 0.0300878 0.0401267 0.0507299 0.0607593 0.0689345 0.0742994 0.076526 0.0758543 0.0728073 0.0679508 0.0618085 0.0548712 0.0476086 0.040443 0.0336972 0.0275541 0.0220637 0.0171997 0.0129329 0.00927457 0.00626848 0.00394844
 0.00868294 0.0140988 0.0212016 0.0299041 0.0398797 0.0504118 0.0603667 0.0684709 0.0737792 0.0759814 0.0753448 0.0724267 0.0678171 0.062026 0.0554732 0.0485132 0.0414616 0.0346041 0.0281806 0.0223573 0.0172189 0.0127922 0.00908358 0.00609771 0.00382575
 0.00868089 0.0140894 0.0211762 0.0298505 0.039785 0.0502663 0.0601672 0.0682214 0.0734882 0.0756599 0.0750078 0.0721 0.067545 0.0618725 0.0555066 0.048774 0.0419288 0.0351867 0.0287473 0.022792 0.0174668 0.0128694 0.00905011 0.00601943 0.00374843
 0.00867319 0.0140776 0.0211593 0.0298272 0.0397522 0.0502185 0.0600966 0.0681195 0.0733494 0.0754841 0.0748022 0.0718783 0.0673278 0.0616889 0.0553942 0.0487725 0.0420637 0.0354493 0.0290877 0.0231342 0.0177405 0.0130385 0.00912009 0.0060227 0.0037219
 0.00865451 0.0140507 0.0211253 0.0297893 0.0397146 0.050185 0.060068 0.0680933 0.0733194 0.0754418 0.0747391 0.0717896 0.0672157 0.0615647 0.055279 0.0486945 0.042051 0.035519 0.0292343 0.0233272 0.017935 0.0131944 0.009218 0.00606667 0.0037301
 0.00865135 0.0140433 0.0211103 0.0297626 0.0396735 0.0501301 0.0600051 0.0680317 0.0732686 0.0754071 0.0747184 0.0717748 0.0671963 0.0615335 0.0552365 0.0486507 0.0420236 0.0355267 0.0292879 0.0234225 0.0180527 0.0133082 0.00930663 0.0061218 0.00375599
 0.00864561 0.0140375 0.0211078 0.0297679 0.0396903 0.0501581 0.0600387 0.0680615 0.0732851 0.0754053 0.0746992 0.0717429 0.0671564 0.0614877 0.0551853 0.0485959 0.0419715 0.0354882 0.029274 0.0234388 0.018095 0.0133638 0.00936032 0.00616258 0.00378051
 0.00864653 0.0140363 0.0211014 0.0297526 0.0396636 0.0501215 0.0599984 0.068027 0.0732647 0.0754017 0.0747091 0.0717585 0.0671704 0.0614957 0.0551858 0.0485899 0.0419616 0.0354791 0.0292721 0.0234495 0.0181198 0.0133988 0.00939784 0.0061949 0.00380332
 0.00863312 0.0140189 0.0210829 0.0297379 0.0396574 0.0501252 0.0600091 0.0680383 0.0732707 0.0754005 0.0747032 0.0717525 0.0671673 0.0614952 0.0551855 0.048587 0.0419554 0.0354711 0.0292659 0.0234489 0.0181275 0.0134144 0.00941791 0.00621476 0.00381925
 0.00860638 0.0139767 0.0210222 0.0296578 0.0395603 0.0500185 0.0599048 0.0679513 0.0732141 0.0753809 0.0747186 0.0717952 0.0672278 0.0615652 0.0552586 0.0486583 0.0420208 0.0355281 0.0293141 0.0234898 0.0181632 0.0134463 0.00944604 0.00623814 0.00383685
 0.00860964 0.0139793 0.0210211 0.0296484 0.0395376 0.049979 0.0598488 0.0678834 0.0731433 0.0753179 0.0746737 0.0717746 0.0672324 0.0615909 0.0552986 0.0487053 0.0420691 0.0355735 0.0293543 0.0235242 0.0181924 0.0134711 0.00946694 0.00625511 0.00384968
 0.00860964 0.0139793 0.0210211 0.0296484 0.0395376 0.049979 0.0598488 0.0678834 0.0731433 0.0753179 0.0746737 0.0717746 0.0672324 0.0615909 0.0552986 0.0487053 0.0420691 0.0355735 0.0293543 0.0235242 0.0181924 0.0134711 0.00946694 0.00625511 0.00384968
 0.00867823 0.014089 0.021182 0.0298667 0.0398117 0.050295 0.0601775 0.0681835 0.0733704 0.0754388 0.0746751 0.071666 0.0670395 0.0613467 0.0550344 0.048446 0.0418306 0.0353649 0.0291792 0.0233832 0.0180838 0.0133921 0.00941335 0.00622161 0.00383064
 0.00849719 0.0138098 0.0207914 0.0293661 0.039221 0.049655 0.0595505 0.0676457 0.0729948 0.0752737 0.0747303 0.0719135 0.0674275 0.0618165 0.0555342 0.0489365 0.0422858 0.0357692 0.0295248 0.0236674 0.0183081 0.0135612 0.00953434 0.00630321 0.00388209
 0.00850101 0.0137969 0.0207371 0.0292369 0.0389847 0.0492963 0.0590844 0.0671205 0.0724813 0.0748464 0.0744487 0.0718098 0.0675024 0.0620435 0.0558686 0.0493283 0.0426901 0.0361522 0.0298649 0.0239535 0.0185369 0.0137349 0.00965895 0.00638715 0.0039348
 0.0085251 0.0138387 0.0208033 0.0293309 0.0391004 0.0494117 0.0591598 0.067108 0.0723447 0.0745815 0.0740922 0.0714291 0.0671718 0.0618202 0.0557781 0.0493634 0.0428208 0.0363388 0.03007 0.0241489 0.0187052 0.0138684 0.00975723 0.00645434 0.00397732
 0.00851573 0.0138259 0.0207887 0.0293186 0.0390964 0.0494225 0.0591891 0.0671516 0.0723869 0.0745955 0.0740495 0.0713139 0.0669942 0.0616159 0.0555965 0.0492476 0.0427919 0.0363925 0.0301827 0.0242897 0.0188466 0.0139916 0.0098532 0.00652219 0.00402106
 0.00818268 0.0133035 0.0200406 0.0283298 0.0378838 0.0480463 0.0577607 0.0658258 0.0713308 0.0739436 0.073866 0.0715816 0.0676301 0.0625052 0.0566258 0.0503274 0.043861 0.0374099 0.0311167 0.0251125 0.0195357 0.0145353 0.0102542 0.00679668 0.00419434
 0.00854691 0.0138434 0.0207539 0.0291748 0.0387839 0.0489022 0.0584648 0.0662786 0.0714615 0.0737325 0.0733553 0.0708639 0.0668197 0.0617056 0.0559094 0.0497316 0.043397 0.0370736 0.0308955 0.0249875 0.019483 0.0145291 0.0102713 0.00682015 0.00421488
 0.0084751 0.0137793 0.0207522 0.0293127 0.0391322 0.0494846 0.0592273 0.0670926 0.0721649 0.0741861 0.0734857 0.0706758 0.0663808 0.0611171 0.0552762 0.0491391 0.0428998 0.0366949 0.0306349 0.0248294 0.0194045 0.0145047 0.0102774 0.00683861 0.00423408
 0.00833921 0.0135477 0.0203888 0.0287905 0.0384553 0.048713 0.0584855 0.066543 0.071946 0.0743472 0.0739615 0.0713183 0.067027 0.0616512 0.0556555 0.0493828 0.0430583 0.0368196 0.0307598 0.0249672 0.019551 0.0146472 0.0104026 0.00693753 0.00430425
 0.00837714 0.0136 0.0204487 0.028841 0.0384694 0.0486567 0.0583291 0.0662787 0.071605 0.0740045 0.0737127 0.0712374 0.0671277 0.0618803 0.0559233 0.049609 0.0432039 0.03689 0.0307861 0.0249827 0.0195759 0.0146862 0.0104496 0.00698322 0.00434158
 0.00857631 0.0139184 0.0209157 0.0294748 0.0392659 0.0495764 0.0592873 0.0671503 0.0722532 0.0743225 0.0736617 0.0708592 0.0665259 0.0611773 0.055217 0.0489505 0.0426038 0.0363429 0.0302922 0.0245535 0.0192266 0.0144247 0.0102711 0.00687283 0.00427991
 0.00850154 0.0138241 0.0208247 0.029427 0.0393099 0.0497541 0.0596175 0.0676189 0.0728106 0.07489 0.0741474 0.0711807 0.0666359 0.0610788 0.054958 0.0486007 0.042227 0.0359806 0.029964 0.0242675 0.0189884 0.0142387 0.0101379 0.00678649 0.00422985
#pred catch len freq
 0.00361085 0.00586146 0.00884001 0.0125863 0.0171239 0.0224041 0.0282411 0.0343114 0.0402254 0.045611 0.050168 0.0537019 0.0561465 0.0575644 0.0581155 0.0580178 0.0575151 0.056837 0.0561147 0.0552489 0.0538038 0.0510669 0.0463603 0.0394904 0.0310333
 0.00394829 0.00637771 0.00955898 0.0135147 0.0182582 0.0237376 0.0297598 0.0359768 0.041955 0.0472728 0.0516026 0.0547671 0.0567664 0.0577531 0.0579615 0.0576342 0.0569784 0.0561439 0.0551779 0.0539414 0.0520393 0.048879 0.043931 0.0371016 0.0289627
 0.00418303 0.00676378 0.0101473 0.0143532 0.0193801 0.0251448 0.0314102 0.0377858 0.0438143 0.0490729 0.0532411 0.0561448 0.0577845 0.0583295 0.0580593 0.0572772 0.0562352 0.0550831 0.0538255 0.0522752 0.0500331 0.0465709 0.0414678 0.0347177 0.0268997
 0.00436148 0.00706168 0.0106123 0.0150399 0.0203458 0.026437 0.0330475 0.0397379 0.0459899 0.0513248 0.055389 0.0580092 0.0592185 0.0592346 0.058386 0.0570201 0.0554266 0.0537811 0.0520949 0.0501732 0.0476193 0.0439419 0.0387863 0.032201 0.0247598
 0.00457766 0.0074079 0.0111255 0.0157565 0.0213015 0.0276647 0.0345681 0.0415484 0.0480505 0.053549 0.0576421 0.0601185 0.0609978 0.0605165 0.0590501 0.0570058 0.054731 0.0524466 0.0501951 0.0478042 0.0449027 0.0410373 0.0358973 0.0295539 0.0225513
 0.00483105 0.00780972 0.0117124 0.0165583 0.02234 0.0289498 0.0360921 0.0432809 0.0499393 0.0555242 0.059619 0.0619958 0.0626559 0.0618218 0.0598682 0.0572228 0.0542741 0.0512969 0.0483914 0.0454416 0.0421307 0.0380578 0.0329508 0.0268842 0.0203513
 0.00509509 0.0082315 0.0123338 0.0174152 0.0234576 0.0303354 0.0377248 0.0451055 0.0518702 0.0574596 0.0614566 0.0636445 0.0640379 0.062867 0.0605047 0.0573722 0.0538584 0.0502585 0.0467179 0.0431884 0.0394331 0.0351262 0.030044 0.024259 0.0182027
 0.00534666 0.00864065 0.0129505 0.0182876 0.0246247 0.0318143 0.0394952 0.0470999 0.0539782 0.0595444 0.0633774 0.0652778 0.0652928 0.0636889 0.0608661 0.0572553 0.0532396 0.0491081 0.0450196 0.0409713 0.0368021 0.0322709 0.0272143 0.0217092 0.0161245
 0.00560924 0.00906067 0.0135715 0.0191496 0.0257622 0.0332499 0.0412264 0.0490853 0.0561289 0.0617271 0.0654301 0.0670361 0.0666193 0.0644951 0.0611172 0.0569567 0.0524143 0.0477791 0.0432097 0.0387242 0.0342131 0.0295068 0.0244995 0.0192767 0.0141513
 0.00578022 0.00934823 0.0140226 0.0198154 0.0266898 0.0344672 0.0427278 0.0508238 0.0580211 0.0636651 0.067293 0.0686978 0.0679572 0.065403 0.0615198 0.0568179 0.0517351 0.046587 0.04155 0.0366637 0.0318563 0.0270092 0.0220601 0.0170992 0.0123897
 0.00598878 0.00968553 0.0145283 0.0205288 0.0276466 0.035692 0.0442206 0.0525473 0.0598947 0.06557 0.0690887 0.0702449 0.0691393 0.0661389 0.061764 0.056554 0.0509699 0.045347 0.0398827 0.0346432 0.0295927 0.0246535 0.0197934 0.0150993 0.0107859
 0.00628091 0.010135 0.0151587 0.0213491 0.0286555 0.0368829 0.0455814 0.0540525 0.0614956 0.0671899 0.0706255 0.0715826 0.0701661 0.0667655 0.0619356 0.0562518 0.0502042 0.0441498 0.0383052 0.0327603 0.0275108 0.0225132 0.0177569 0.0133201 0.00937086
 0.00638448 0.0103113 0.0154385 0.0217654 0.029236 0.0376392 0.0465 0.0550949 0.0626099 0.0683238 0.0717322 0.0726153 0.0710681 0.0674671 0.062362 0.056338 0.0499088 0.0434632 0.0372515 0.0313987 0.0259358 0.0208516 0.0161528 0.0119078 0.0082435
 0.00640157 0.0103469 0.0155077 0.0218903 0.0294441 0.0379597 0.0469559 0.0556952 0.0633419 0.0691515 0.0726018 0.0734665 0.0718448 0.0681207 0.062847 0.056607 0.0499146 0.0431693 0.0366465 0.0305077 0.0248261 0.0196272 0.0149381 0.0108207 0.00736734
 0.00650694 0.0105053 0.0157231 0.0221604 0.0297652 0.0383321 0.0473862 0.0561922 0.0639076 0.0697721 0.0732439 0.0740822 0.0723824 0.0685362 0.0631092 0.0566953 0.0498126 0.0428612 0.0361232 0.0297786 0.0239314 0.0186408 0.0139565 0.00993954 0.00665578
