SBPRF35
10.3083
Curr Bio
520053
B35
750287
F35
0.187266
FOFL
0.142323
OFL
66848.2
Bzero
2.94523e+006
#pred survey bio
 3.77456e+006 3.65165e+006 3.52938e+006 3.36012e+006 3.11141e+006 2.85834e+006 2.60521e+006 2.33578e+006 2.07117e+006 1.85471e+006 1.65532e+006 1.49338e+006 1.33856e+006 1.20236e+006 1.06421e+006 954799 854407 756939 707584 682179 664803 637844 621634 596966 583039 577938 577363 578315 570026 573783 566591 561838 564560 561205 552211 544004 527669 526861 526316 525295 537628 542512 546182 546645 547353 549930 553658 561479 559824 559572 552954 531970 511070 542597 599188 661577 664456 628725 574908 570748 572699 557540 525765 2.04649e+007 1.26111e+007 1.31933e+007 1.42705e+007 1.56308e+007 1.70426e+007 1.83491e+007 1.94717e+007 2.03891e+007 2.11131e+007 2.16709e+007 2.20935e+007 2.24104e+007 2.26465e+007 2.28219e+007 2.29522e+007 2.30492e+007 2.31217e+007 2.3176e+007 2.32169e+007 2.3248e+007 2.32716e+007 2.32897e+007 2.33037e+007 2.33145e+007 2.33228e+007 2.33294e+007 2.33345e+007 2.33385e+007 2.33416e+007 2.33441e+007 2.33461e+007 2.33476e+007 2.33489e+007 2.33498e+007 2.33506e+007 2.33512e+007 2.33517e+007 2.33521e+007 2.33525e+007 2.33527e+007 2.33529e+007 2.33531e+007 2.33532e+007 2.33533e+007 2.33534e+007 2.33535e+007 2.33535e+007 2.33535e+007 2.33536e+007 2.33536e+007 2.33536e+007 2.33536e+007 2.33537e+007 2.33537e+007 2.33537e+007 2.33537e+007 2.33537e+007 2.33537e+007 2.33537e+007 2.33537e+007 2.33537e+007 2.33537e+007 2.33537e+007 2.33537e+007 2.33537e+007 2.33537e+007 2.33537e+007 2.33537e+007 2.33537e+007 2.33537e+007 2.33537e+007 2.33537e+007 2.33537e+007 2.33537e+007 2.33537e+007 2.33537e+007 2.33537e+007 2.33537e+007 2.33537e+007 2.33537e+007 2.33537e+007 2.33537e+007 2.33537e+007 2.33537e+007 2.33537e+007 2.33537e+007 2.33537e+007 2.33537e+007 2.33537e+007 2.33537e+007 2.33537e+007 2.33537e+007 2.33537e+007 2.33537e+007 2.33537e+007 2.33537e+007 2.33537e+007 2.33537e+007 2.33537e+007 0 0 0 0 0 0 0 0 0 0 0 0 0 0 0 0 0 0 0 0 0 0 0 0 0
#obs survey bio
 3.54067e+006 3.19633e+006 2.92023e+006 3.41584e+006 3.75301e+006 3.42851e+006 2.0758e+006 2.21269e+006 1.7705e+006 1.36653e+006 1.60864e+006 1.234e+006 1.15054e+006 1.17203e+006 853276 1.02728e+006 872326 415624 624250 698997 645951 699895 524332 528362 503144 578633 672417 629513 477129 680872 673517 402144 504567 488502 686314 1.03192e+006 557825 614152 451858 407940 643141 514260 481212 491656 627067 555949 480680 687312 401032 584299 889600 491496 411000 428356 706013 690210 857427 689597 685890 710656 798562 460207 379364
#pred catch bio
 95011 92949.4 140523 223681 242999 260495 293343 306437 279069 277756 255808 257868 246155 248894 222651 212139 205001 160155 138163 129707 135094 122843 126660 114421 105311 100770 98852.7 105567 94688.5 103148 99557.3 92017.2 95306.4 96512.3 91403.3 95693 83978.7 87461.9 90602.7 81395.2 88931.1 90194.3 93030.4 92912.4 91449.2 90614.3 87214.2 94697.2 92664.4 97114.3 107808 106873 65165.7 49390.7 49070.8 100592 131327 143901 100885 96649.8 110597 122520 46632.5 66848.2 88412.4 91333.7 97608.6 106517 116005 124740 132121 138012 142525 145878 148312 150047 151267 152115 152700 153099 153371 153556 153680 153763 153820 153857 153882 153899 153910 153918 153923 153926 153928 153929 153930 153931 153931 153932 153932 153932 153932 153932 153932 153932 153932 153932 153932 153932 153932 153932 153932 153932 153932 153932 153932 153932 153932 153932 153932 153932 153932 153932 153932 153932 153932 153932 153932 153932 153932 153932 153932 153932 153932 153932 153932 153932 153932 153932 153932 153932 153932 153932 153932 153932 153932 153932 153932 153932 153932 153932 153932 153932 153932 153932 153932 153932 153932 153932 153932 153932 153932 153932 153932 0 0 0 0 0 0 0 0 0 0 0 0 0 0 0 0 0 0 0 0 0 0 0 0 0
#obs catch bio
 0 92792.3 140918 226015 244910 263128 296938 310555 282447 282239 259923 262604 250943 253281 225632 214405 206680 162059 140189 131270 136410 123830 127962 115206 105828 101361 99298.4 106090 95026.1 104131 99944.9 92810.7 96074.2 97465.2 91658.4 94900.6 83394.5 86650.2 90082.4 81006 88579.3 89515.8 92456.8 92476.1 91047.6 90145.5 86930 93882.6 92047.2 96090.2 106267 105872 64751.8 49279.3 48797.6 100884 130785 143743 100227 95894.4 109348 122816 46272
#pred cpue bio
 3.71589e+006 3.59568e+006 3.47512e+006 3.30626e+006 3.0586e+006 2.80665e+006 2.55474e+006 2.28687e+006 2.02389e+006 1.80854e+006 1.61028e+006 1.44931e+006 1.29586e+006 1.16135e+006 1.02545e+006 917883 819541 724321 675991 651313 634765 608908 593478 569873 556604 551745 551263 552397 544500 548190 541391 537010 539972 537265 529398 522340 506215 504056 502440 501120 513158 518129 521815 522220 522848 525382 529077 536880 535504 535365 529020 508503 487603 517706 572988 634458 637581 602291 549106 544606 546723 532173 501138 1.95644e+007 1.20856e+007 1.25401e+007 1.34655e+007 1.47704e+007 1.61687e+007 1.74724e+007 1.85945e+007 1.95118e+007 2.02358e+007 2.07935e+007 2.12161e+007 2.1533e+007 2.17691e+007 2.19446e+007 2.20749e+007 2.21719e+007 2.22443e+007 2.22986e+007 2.23396e+007 2.23706e+007 2.23942e+007 2.24124e+007 2.24263e+007 2.24371e+007 2.24455e+007 2.2452e+007 2.24571e+007 2.24611e+007 2.24643e+007 2.24667e+007 2.24687e+007 2.24703e+007 2.24715e+007 2.24725e+007 2.24733e+007 2.24739e+007 2.24744e+007 2.24748e+007 2.24751e+007 2.24753e+007 2.24755e+007 2.24757e+007 2.24758e+007 2.24759e+007 2.2476e+007 2.24761e+007 2.24761e+007 2.24762e+007 2.24762e+007 2.24762e+007 2.24763e+007 2.24763e+007 2.24763e+007 2.24763e+007 2.24763e+007 2.24763e+007 2.24763e+007 2.24763e+007 2.24763e+007 2.24763e+007 2.24763e+007 2.24763e+007 2.24763e+007 2.24764e+007 2.24764e+007 2.24764e+007 2.24764e+007 2.24764e+007 2.24764e+007 2.24764e+007 2.24764e+007 2.24764e+007 2.24764e+007 2.24764e+007 2.24764e+007 2.24764e+007 2.24764e+007 2.24764e+007 2.24764e+007 2.24764e+007 2.24764e+007 2.24764e+007 2.24764e+007 2.24764e+007 2.24764e+007 2.24764e+007 2.24764e+007 2.24764e+007 2.24764e+007 2.24764e+007 2.24764e+007 2.24764e+007 2.24764e+007 2.24764e+007 2.24764e+007 2.24764e+007 2.24764e+007 2.24764e+007 2.24764e+007 0 0 0 0 0 0 0 0 0 0 0 0 0 0 0 0 0 0 0 0 0 0 0 0 0
#obs cpue bio
 3.07164e+006 1.72227e+006 3.10529e+006 1.9523e+006 2.72985e+006 1.66221e+006 3.18083e+006 2.28146e+006 1.92658e+006 1.75901e+006 1.218e+006 1.44432e+006 1.08249e+006 1.29813e+006 1.20746e+006 886174 906775 737805 485534 592083 762181 460121 622210 633950 642816 466279 462055 539510 526737 334457 593710 415049 623588 499930 604112 782325 423953 633119 524900 551800 496057 751800 598556 560923 479134 614535 516780 826471 659881 770130 506937 560897 501121 425766 476760 639780 709846 530944 537926 573524 586428 455352 554716
#pred surv len freq
 0.00467761 0.00766068 0.0116523 0.0166707 0.0226099 0.0291483 0.0357278 0.0417005 0.0465763 0.0501842 0.0526434 0.0542162 0.0551731 0.0557227 0.0559861 0.055995 0.0557058 0.0550221 0.0537995 0.0518268 0.0488154 0.0444638 0.0386303 0.0315386 0.0238527
 0.00494267 0.0079861 0.0119522 0.0168133 0.0224696 0.0286791 0.03501 0.0409208 0.0459413 0.0498189 0.0525368 0.0542445 0.0551782 0.0555982 0.055728 0.0557004 0.0555265 0.0550917 0.0541684 0.0524334 0.0495111 0.0450804 0.0390515 0.0317377 0.0238793
 0.00512583 0.00831014 0.0124799 0.0175967 0.0235116 0.0298895 0.0361923 0.0418215 0.0463561 0.0496934 0.0519882 0.0534829 0.0543861 0.0548542 0.0550188 0.0549924 0.0548317 0.054481 0.0537282 0.052205 0.0494585 0.0451088 0.0390618 0.0316757 0.0237496
 0.00526064 0.00853594 0.0128348 0.0181268 0.0242678 0.0309141 0.037492 0.0433336 0.0479259 0.0510897 0.0529674 0.0538807 0.0541813 0.05416 0.0540102 0.0538272 0.0536177 0.053292 0.0526296 0.0512539 0.0486827 0.0444941 0.038566 0.0312593 0.0233966
 0.00547456 0.00887852 0.0133412 0.0188281 0.0251877 0.032064 0.038864 0.0448944 0.0496118 0.0527994 0.0545543 0.0551587 0.0549598 0.0543043 0.0534937 0.0527389 0.0521224 0.0515731 0.0508488 0.0495372 0.0471195 0.0431376 0.0374378 0.0303588 0.0227113
 0.00568918 0.00922692 0.0138645 0.0195642 0.0261642 0.0332874 0.0403097 0.046504 0.0513044 0.0544863 0.056147 0.0565619 0.0560593 0.0549674 0.0535949 0.052205 0.0509697 0.0499126 0.048857 0.047411 0.0450382 0.0412414 0.0358201 0.029066 0.0217478
 0.00591248 0.00958766 0.0144036 0.0203189 0.0271626 0.0345386 0.0417926 0.0481622 0.0530518 0.056223 0.0577746 0.0579915 0.05721 0.0557569 0.0539336 0.052004 0.0501681 0.0485134 0.0469494 0.0451639 0.0426662 0.0389597 0.0338043 0.0274272 0.0205237
 0.00618812 0.0100305 0.0150602 0.0212292 0.0283525 0.0360092 0.0435078 0.050045 0.0549946 0.0581073 0.0594898 0.0594455 0.0583299 0.056484 0.0542146 0.0517841 0.0493958 0.047161 0.0450452 0.0428178 0.0400694 0.0363522 0.0314207 0.0254431 0.0190224
 0.00653467 0.0105801 0.0158617 0.022319 0.0297484 0.0377012 0.0454473 0.0521408 0.0571229 0.0601335 0.0612903 0.0609203 0.0594064 0.0571136 0.0543646 0.0514283 0.0485088 0.0457252 0.0430738 0.0403861 0.0373348 0.033544 0.0287936 0.023212 0.0173087
 0.0068271 0.0110529 0.0165682 0.023306 0.0310468 0.039311 0.0473234 0.0541891 0.0592156 0.0621341 0.0630763 0.0623943 0.0604962 0.0577683 0.0545496 0.0511193 0.0476878 0.0443823 0.0412214 0.0380841 0.0347146 0.030811 0.0261931 0.0209672 0.01556
 0.0071051 0.0115036 0.0172441 0.0242554 0.0323048 0.0408851 0.0491778 0.0562383 0.0613335 0.064177 0.0649064 0.0638969 0.0615878 0.0583968 0.0546884 0.0507582 0.0468246 0.0430214 0.0393836 0.0358272 0.0321573 0.0281391 0.0236357 0.0187414 0.0138105
 0.00731172 0.0118414 0.0177566 0.0249852 0.0332869 0.0421355 0.0506803 0.0579379 0.0631414 0.065984 0.0665976 0.065363 0.0627333 0.0591467 0.0549914 0.0505862 0.0461675 0.0418846 0.0377913 0.0338371 0.0298778 0.0257374 0.0213182 0.0167079 0.0121991
 0.00745957 0.012097 0.0181693 0.0256104 0.034174 0.0433088 0.0521207 0.0595777 0.0648765 0.067696 0.0681743 0.0667088 0.0637719 0.0598198 0.0552572 0.0504182 0.045554 0.040829 0.0363179 0.0320017 0.027782 0.0235329 0.019191 0.0148382 0.0107131
 0.00760636 0.0123332 0.0185215 0.0261051 0.0348362 0.0441587 0.0531657 0.0608029 0.0662377 0.0691193 0.0695636 0.0679602 0.0647899 0.0605295 0.0556084 0.0503817 0.0451166 0.0399919 0.0351009 0.0304539 0.0259932 0.0216374 0.0173525 0.0132155 0.00941832
 0.00786341 0.0127395 0.0191108 0.0268993 0.0358405 0.0453544 0.0545045 0.0622085 0.0676197 0.0703925 0.070661 0.0688336 0.0654036 0.0608544 0.0556215 0.0500683 0.0444719 0.0390225 0.0338284 0.0289234 0.0242836 0.0198645 0.0156569 0.0117321 0.00824122
 0.00797694 0.0129411 0.0194451 0.0274171 0.0365849 0.0463412 0.0557035 0.0635407 0.0689737 0.0716526 0.0717321 0.0696541 0.0659439 0.0611077 0.055592 0.0497625 0.0438953 0.0381824 0.0327415 0.0276258 0.0228404 0.0183722 0.0142322 0.0104872 0.00725377
 0.00815001 0.0132105 0.0198295 0.0279291 0.0372336 0.0471323 0.0566359 0.0645963 0.0701076 0.0727897 0.0727759 0.0705054 0.0665242 0.0613746 0.0555412 0.0494162 0.043287 0.037346 0.0317099 0.0264391 0.0215556 0.0170684 0.0130037 0.00942318 0.00641499
 0.00848022 0.01372 0.0205445 0.0288532 0.0383452 0.0483846 0.0579564 0.0658935 0.0712869 0.0737732 0.0735136 0.0709719 0.0667079 0.0612715 0.0551559 0.0487677 0.0424095 0.0362837 0.0305118 0.0251566 0.0202467 0.0158009 0.0118509 0.00845071 0.00566287
 0.00850992 0.0137836 0.0206679 0.0290694 0.0386852 0.0488637 0.0585632 0.0665885 0.0720134 0.0744739 0.0741433 0.0715006 0.0671157 0.0615401 0.055265 0.0486966 0.0421447 0.0358267 0.0298827 0.0243938 0.019404 0.0149432 0.0110462 0.00775834 0.00512044
 0.00845581 0.0136923 0.0205264 0.0288687 0.0384291 0.0485787 0.0583029 0.0664251 0.0720151 0.0746789 0.0745453 0.0720529 0.0677485 0.0621801 0.0558458 0.049163 0.0424538 0.0359508 0.0298136 0.0241471 0.0190183 0.0144752 0.0105604 0.00731379 0.0047583
 0.00841967 0.0136298 0.0204254 0.028715 0.0382101 0.0482888 0.0579515 0.0660429 0.0716553 0.0744103 0.0744354 0.0721475 0.0680547 0.0626609 0.0564312 0.0497683 0.0429982 0.0363706 0.0300695 0.0242275 0.01894 0.0142787 0.0103002 0.00704502 0.00452363
 0.00844366 0.0136724 0.0204952 0.0288199 0.0383517 0.0484566 0.0581189 0.0661711 0.0717056 0.0743616 0.0742972 0.0719606 0.0678788 0.062553 0.0564241 0.0498593 0.0431519 0.0365327 0.0301861 0.0242607 0.0188773 0.0141337 0.0101056 0.00684022 0.00434213
 0.00838826 0.0135866 0.0203746 0.0286651 0.0381703 0.0482643 0.0579387 0.0660281 0.0716182 0.0743331 0.0743149 0.0720052 0.0679376 0.062629 0.056533 0.0500169 0.0433596 0.0367702 0.0304161 0.0244427 0.018983 0.0141566 0.0100611 0.00675692 0.00424985
 0.00848157 0.0137204 0.0205427 0.02885 0.0383477 0.0484107 0.0580382 0.0660752 0.0716167 0.0742921 0.0742447 0.0719134 0.0678284 0.0625063 0.0564056 0.0499004 0.0432715 0.0367212 0.0304022 0.0244459 0.0189802 0.0141308 0.0100088 0.00668737 0.0041781
 0.00859549 0.0138844 0.0207497 0.0290785 0.0385658 0.0485842 0.058139 0.0660866 0.0715376 0.0741381 0.0740451 0.0717034 0.0676385 0.0623543 0.0562958 0.0498286 0.0432316 0.0367085 0.0304115 0.0244684 0.0190031 0.0141418 0.0100013 0.00666318 0.00414533
 0.0085973 0.0138955 0.0207804 0.0291409 0.0386673 0.0487197 0.0582852 0.0662066 0.0715936 0.0741076 0.0739308 0.0715316 0.0674481 0.062183 0.0561694 0.0497567 0.0432104 0.0367262 0.030454 0.0245221 0.0190556 0.0141829 0.0100253 0.00667003 0.00413969
 0.00852021 0.0137798 0.020625 0.0289531 0.0384634 0.0485229 0.0581228 0.0661034 0.0715627 0.0741436 0.0740107 0.0716251 0.0675319 0.0622501 0.056228 0.0498217 0.0432933 0.0368295 0.0305714 0.024642 0.0191655 0.014273 0.0100904 0.00671037 0.00415996
 0.00850415 0.0137419 0.0205471 0.0288128 0.0382424 0.0482189 0.0577585 0.0657262 0.0712328 0.0739146 0.0739132 0.0716595 0.0676724 0.0624574 0.0564639 0.05006 0.0435218 0.0370454 0.030774 0.0248279 0.0193285 0.0144066 0.0101908 0.00677836 0.00420083
 0.00859172 0.013876 0.020732 0.0290438 0.0385026 0.0484779 0.0579741 0.0658531 0.0712375 0.0737912 0.0736885 0.0713834 0.0673984 0.0622242 0.0562874 0.0499375 0.043442 0.0369974 0.0307506 0.0248244 0.0193398 0.0144261 0.0102119 0.00679594 0.00421267
 0.00843129 0.0136481 0.0204501 0.0287412 0.0382233 0.0482611 0.0578409 0.065802 0.0712487 0.0738366 0.0737426 0.0714325 0.0674448 0.062282 0.0563738 0.0500614 0.0436003 0.0371765 0.0309337 0.0249967 0.0194913 0.0145511 0.0103082 0.00686458 0.00425734
 0.0084306 0.0136324 0.0204012 0.0286377 0.0380515 0.048029 0.0575862 0.0655833 0.0711223 0.0738294 0.0738401 0.0715884 0.0676051 0.0624093 0.0564574 0.0501134 0.0436417 0.0372248 0.0309956 0.0250695 0.0195669 0.0146212 0.0103667 0.00690883 0.00428753
 0.00836248 0.0135355 0.0202799 0.0285021 0.0379112 0.0478858 0.0574322 0.0654089 0.0709303 0.0736443 0.0737033 0.0715388 0.0676583 0.0625493 0.0566469 0.0503137 0.0438277 0.0373885 0.0311397 0.0251984 0.0196818 0.0147198 0.0104461 0.00696772 0.00432741
 0.00813808 0.0131968 0.0198199 0.0279343 0.0372687 0.047217 0.0567956 0.0648646 0.0705285 0.0734146 0.0736515 0.0716541 0.0679228 0.0629411 0.0571366 0.0508614 0.0443878 0.0379197 0.0316133 0.0256004 0.0200091 0.0149752 0.0106357 0.00710006 0.00441317
 0.00782065 0.0127196 0.0191748 0.0271415 0.0363738 0.0462833 0.0558975 0.0640822 0.0699367 0.0730686 0.0735742 0.0718336 0.0683202 0.0635048 0.0578136 0.0516024 0.0451474 0.0386553 0.0322878 0.0261862 0.0204909 0.0153503 0.0109111 0.00728954 0.00453439
 0.00768028 0.0124727 0.018771 0.026529 0.0355186 0.045197 0.0546575 0.0628266 0.0688302 0.0722538 0.0731358 0.0717887 0.0686321 0.0641039 0.0586174 0.0525288 0.046122 0.0396151 0.0331815 0.0269746 0.0211489 0.0158678 0.0112928 0.00755219 0.0047018
 0.00831058 0.013336 0.0197706 0.0274708 0.0361611 0.0453339 0.0541909 0.0617952 0.067389 0.0706263 0.0715609 0.0704725 0.0677113 0.0636303 0.0585643 0.0528159 0.0466454 0.0402706 0.0338788 0.0276429 0.0217384 0.0163499 0.0116585 0.00780857 0.00486728
 0.00905869 0.0145157 0.0214669 0.0297082 0.0388646 0.0482881 0.0570264 0.0640444 0.068619 0.0705959 0.0703107 0.0682976 0.0650416 0.0608901 0.0560742 0.050757 0.0450725 0.0391507 0.0331326 0.0271781 0.0214694 0.0162071 0.0115906 0.00778099 0.00485878
 0.00902294 0.0145548 0.0217053 0.0303205 0.0400284 0.050106 0.0594504 0.0668417 0.0714019 0.0729077 0.0717424 0.068602 0.0642054 0.0591314 0.0537625 0.048293 0.0427813 0.0372281 0.0316469 0.026106 0.0207403 0.015737 0.0113028 0.00761393 0.00476731
 0.00883857 0.0142806 0.0213468 0.0299177 0.0396679 0.0499271 0.0596318 0.0675558 0.0727372 0.0747917 0.0739134 0.0706619 0.0657411 0.0598517 0.0535886 0.0473644 0.041383 0.03568 0.0302082 0.0249277 0.0198681 0.0151445 0.0109297 0.00739508 0.00464751
 0.00875074 0.0141347 0.0211226 0.0295982 0.0392487 0.049431 0.0591246 0.067152 0.0725873 0.0750435 0.0746536 0.0718588 0.0672184 0.0613212 0.0547399 0.0479747 0.0413926 0.035195 0.0294366 0.0240897 0.0191261 0.0145774 0.0105452 0.00716033 0.00451723
 0.0085727 0.0138573 0.0207274 0.0290765 0.0386031 0.0486786 0.0583027 0.0663253 0.0718497 0.0745123 0.0744533 0.0720908 0.0679203 0.0624293 0.0560813 0.0493062 0.0424788 0.0358896 0.0297228 0.0240611 0.0189261 0.0143355 0.0103409 0.00702124 0.0044373
 0.00858298 0.0138556 0.0206911 0.0289734 0.0383998 0.048354 0.0578589 0.0657904 0.071272 0.0739524 0.0739796 0.0717782 0.0678438 0.062644 0.0565919 0.0500438 0.0433067 0.036645 0.0302768 0.0243631 0.019008 0.0142787 0.0102308 0.00691644 0.00436269
 0.00861527 0.0139065 0.0207634 0.0290648 0.0384989 0.0484365 0.0578878 0.0657242 0.0710798 0.0736301 0.0735584 0.0713207 0.0674305 0.0623567 0.0564947 0.0501636 0.0436176 0.0370687 0.0307071 0.0247058 0.0192147 0.0143553 0.0102198 0.00686751 0.00431163
 0.00861779 0.0139186 0.0207961 0.0291327 0.0386154 0.0486061 0.0580989 0.0659456 0.071265 0.0737282 0.073529 0.0711491 0.0671375 0.0619971 0.0561447 0.0498985 0.0434871 0.0370802 0.0308238 0.024864 0.0193526 0.0144372 0.0102429 0.00685121 0.0042805
 0.00858458 0.0138705 0.0207352 0.0290662 0.0385559 0.04857 0.0581035 0.0660044 0.0713805 0.0738857 0.0736953 0.0712803 0.0671931 0.0619573 0.0560206 0.0497301 0.0433289 0.0369787 0.0307991 0.0249042 0.0194244 0.0145051 0.0102854 0.00686541 0.00427574
 0.00856449 0.0138339 0.0206734 0.0289702 0.03842 0.0483978 0.057912 0.0658235 0.0712459 0.0738273 0.0737269 0.0713927 0.0673564 0.0621299 0.0561637 0.0498226 0.0433739 0.0369989 0.0308222 0.0249473 0.0194867 0.0145726 0.0103419 0.00690223 0.00429348
 0.00846281 0.0136869 0.0204859 0.028757 0.0382012 0.0481899 0.0577235 0.0656566 0.0711036 0.0737198 0.0736721 0.0714096 0.0674546 0.0623011 0.0563822 0.0500535 0.0435865 0.0371769 0.0309656 0.0250656 0.019589 0.0146613 0.0104142 0.00695455 0.00432607
 0.00838093 0.0135478 0.0202668 0.0284374 0.0377716 0.0476645 0.0571477 0.0651011 0.0706447 0.0734148 0.0735452 0.0714546 0.0676473 0.0626112 0.056777 0.050497 0.0440407 0.0376068 0.0313459 0.0253843 0.019845 0.0148594 0.0105607 0.00705637 0.00439113
 0.00841565 0.0135972 0.0203269 0.0284971 0.0378126 0.0476624 0.0570772 0.0649443 0.0704016 0.0731101 0.0732251 0.0711729 0.0674479 0.0625169 0.0567886 0.050599 0.0442082 0.037811 0.031559 0.0255837 0.0200164 0.0149966 0.0106636 0.00712841 0.00443778
 0.00836712 0.013532 0.0202539 0.028432 0.037772 0.0476553 0.0570974 0.0649703 0.0704032 0.0730608 0.0731137 0.0710101 0.0672648 0.0623546 0.0566841 0.0505738 0.0442637 0.0379317 0.0317198 0.0257576 0.0201806 0.0151362 0.0107718 0.00720547 0.00448805
 0.00846821 0.0136725 0.0204218 0.0286032 0.0379194 0.0477614 0.0571628 0.0650099 0.0704327 0.0730824 0.0731116 0.0709591 0.0671467 0.0621718 0.0564615 0.0503504 0.0440771 0.0378058 0.0316595 0.025752 0.0202106 0.015182 0.0108182 0.00724385 0.00451549
 0.00884224 0.0142371 0.0211889 0.0295501 0.0389893 0.0488698 0.0582052 0.0658752 0.0710253 0.0733458 0.0730407 0.0705923 0.0665452 0.061402 0.0555885 0.0494382 0.0431887 0.0369974 0.030972 0.025205 0.0198025 0.0148957 0.0106292 0.00712647 0.00444716
 0.00909787 0.0146604 0.0218372 0.0304738 0.0402114 0.0503587 0.0598533 0.0675036 0.072423 0.0743279 0.0734957 0.0705 0.0659647 0.0604425 0.0543783 0.0481016 0.0418343 0.0357137 0.029826 0.0242404 0.019038 0.0143265 0.0102323 0.00686808 0.00429087
 0.00870046 0.0140633 0.0210334 0.0294986 0.0391445 0.0493189 0.0589867 0.0669593 0.0723126 0.0746834 0.0742506 0.0715091 0.0670524 0.0614541 0.0552124 0.0487168 0.0422376 0.0359424 0.0299302 0.0242696 0.0190323 0.0143123 0.0102222 0.0068648 0.00429233
 0.00832958 0.0134494 0.0200933 0.0281596 0.0373745 0.0471671 0.0566174 0.0646469 0.0703866 0.0734396 0.0738705 0.0720173 0.0683227 0.0632536 0.0572667 0.0507741 0.0441132 0.0375339 0.0312072 0.0252505 0.0197596 0.0148345 0.0105842 0.00710501 0.004443
 0.00812946 0.0131123 0.0195627 0.0273721 0.0362692 0.0457055 0.05481 0.0625782 0.0682253 0.0714273 0.0722835 0.0711058 0.068243 0.0640201 0.0587457 0.0527241 0.046254 0.039615 0.0330523 0.0267696 0.020935 0.0156951 0.0111818 0.00749761 0.00468526
 0.00831931 0.0134161 0.0200072 0.0279683 0.036997 0.0464956 0.0555333 0.0630588 0.0682853 0.0709511 0.0712724 0.0696984 0.0666869 0.0626036 0.0577122 0.0522028 0.046235 0.0399763 0.0336204 0.0273821 0.0214801 0.0161208 0.0114822 0.00769239 0.00480239
 0.00857581 0.013848 0.0206829 0.0289556 0.0383414 0.0481872 0.0574752 0.0650572 0.0700748 0.0722486 0.0718441 0.0694201 0.065584 0.060856 0.0556146 0.0500866 0.0443781 0.0385388 0.0326305 0.0267692 0.0211314 0.0159305 0.0113763 0.00762969 0.00476366
 0.00880348 0.0142321 0.0212873 0.0298491 0.0395832 0.0498032 0.0594302 0.0672386 0.0722954 0.0742692 0.0734081 0.0702968 0.0656177 0.0600106 0.053997 0.0479326 0.0419979 0.0362376 0.030636 0.0251945 0.0199825 0.0151445 0.0108655 0.00731199 0.00457487
 0.00857692 0.0138877 0.020817 0.0292707 0.0389483 0.0492015 0.0589879 0.0671007 0.0725863 0.0750438 0.074614 0.0717694 0.0671124 0.061264 0.0547982 0.0481819 0.041731 0.0356039 0.0298382 0.0244183 0.0193472 0.0146913 0.0105775 0.00714575 0.00448611
 0.00856747 0.0138338 0.0206662 0.0289551 0.0384075 0.0484184 0.0580193 0.0660826 0.0717077 0.0744974 0.0745437 0.0722283 0.0680417 0.0624997 0.0561086 0.0493307 0.0425452 0.036019 0.0299018 0.0242516 0.0190871 0.0144422 0.0103911 0.00702967 0.00442412
 0.00866558 0.014001 0.020928 0.029329 0.0388863 0.0489505 0.0585028 0.0663877 0.0717285 0.0742081 0.0740243 0.0716401 0.0675638 0.0622579 0.0561305 0.0495427 0.0428114 0.0362022 0.029919 0.0240975 0.0188196 0.0141428 0.0101271 0.00683429 0.0042993
 0.00855299 0.0138821 0.0208674 0.029425 0.0392431 0.0496327 0.0594932 0.0675726 0.0729188 0.0751894 0.0746191 0.0717618 0.0672441 0.0616311 0.0553781 0.0488225 0.0422062 0.0357127 0.0294965 0.0236925 0.0184145 0.0137554 0.00979089 0.00657497 0.00412247
#obs surv len freq
 nan nan nan nan nan nan nan nan nan nan nan nan nan nan nan nan nan nan nan nan nan nan nan nan nan
 0.00448528 0.00734689 0.0111771 0.0159936 0.0216942 0.0279695 0.0342832 0.0400141 0.0446933 0.0481568 0.0505144 0.05201 0.0529021 0.0534143 0.0537285 0.0539833 0.0542618 0.0545545 0.0546932 0.0542851 0.0527232 0.0493554 0.0438053 0.0362855 0.0276693
 0.0046197 0.00756723 0.0115117 0.0164687 0.0223278 0.0287609 0.0352033 0.0410029 0.0456683 0.0490298 0.0512078 0.0524688 0.0530986 0.0533485 0.053423 0.0534759 0.0535963 0.053774 0.0538371 0.0533905 0.0518293 0.0485058 0.0430451 0.0356531 0.027186
 0.00478034 0.00783119 0.0119142 0.0170445 0.0231042 0.0297468 0.0363776 0.0423085 0.0470181 0.05032 0.0523343 0.0533398 0.0536447 0.0535297 0.053232 0.0529358 0.0527534 0.0526887 0.0525763 0.0520253 0.0504354 0.0471644 0.0418368 0.0346444 0.0264137
 0.00498235 0.0081588 0.0124059 0.0177361 0.0240226 0.0309 0.0377439 0.0438311 0.0486108 0.0518802 0.0537562 0.0545232 0.0545015 0.0539898 0.0532506 0.052499 0.0518806 0.0514304 0.0510095 0.0502488 0.0485661 0.0453309 0.0401662 0.0332405 0.0253348
 0.0051837 0.00849348 0.0129231 0.0184857 0.0250447 0.0322089 0.0393118 0.0455843 0.0504417 0.0536701 0.0553933 0.0559109 0.0555577 0.0546443 0.0534457 0.0521948 0.0510631 0.0501196 0.0492664 0.048178 0.0463128 0.0430686 0.0380726 0.0314638 0.023961
 0.00540701 0.00885559 0.013467 0.0192523 0.0260676 0.0335038 0.0408642 0.0473419 0.0523171 0.0555527 0.0571653 0.0574604 0.0567869 0.0554732 0.0538109 0.0520476 0.0503715 0.0488781 0.0475102 0.0459972 0.0438582 0.040541 0.0356903 0.0294159 0.0223641
 0.00564893 0.00925199 0.0140691 0.0201091 0.0272156 0.0349519 0.0425789 0.0492444 0.0542974 0.0574928 0.0589573 0.0590124 0.0580203 0.0563183 0.0542054 0.0519373 0.0497143 0.047652 0.0457298 0.0437341 0.041256 0.0378105 0.0330764 0.0271417 0.0205745
 0.00588758 0.00964428 0.0146676 0.0209658 0.028372 0.0364232 0.0443374 0.0512128 0.0563594 0.0595155 0.0608144 0.0605987 0.059256 0.0571455 0.0545795 0.0518192 0.0490674 0.0464494 0.0439722 0.0414749 0.0386239 0.0350116 0.0303639 0.0247565 0.0186812
 0.00612829 0.0100378 0.0152641 0.0218139 0.0295101 0.0378652 0.0460577 0.0531404 0.0583862 0.0615156 0.0626635 0.0621871 0.0604952 0.0579699 0.0549438 0.0516916 0.0484233 0.0452708 0.04226 0.0392734 0.036047 0.0322516 0.0276673 0.0223662 0.0167701
 0.00637533 0.010443 0.0158805 0.0226927 0.03069 0.0393567 0.0478266 0.055103 0.0604225 0.0634933 0.0644602 0.0637016 0.0616496 0.0587075 0.0552255 0.0514915 0.0477239 0.0440628 0.0405508 0.0371072 0.0335289 0.0295597 0.0250334 0.020024 0.0148899
 0.00661085 0.0108282 0.0164644 0.0235226 0.0318027 0.0407636 0.0494992 0.0569664 0.062365 0.0653871 0.0661821 0.0651473 0.0627399 0.0593881 0.0554631 0.0512672 0.0470276 0.0428922 0.0389184 0.0350575 0.0311602 0.0270348 0.0225644 0.0178258 0.0131213
 0.00682113 0.0111778 0.0170046 0.0243055 0.0328697 0.0421281 0.0511296 0.0587811 0.0642459 0.0672036 0.0678136 0.0664957 0.0637328 0.0599777 0.0556225 0.0509853 0.0463036 0.0417331 0.0373443 0.0331157 0.0289431 0.0246904 0.020283 0.0157997 0.0114925
 0.007032 0.0115194 0.0175168 0.0250255 0.0338262 0.0433311 0.0525585 0.0603782 0.0659206 0.0688461 0.0693116 0.0677487 0.0646615 0.0605287 0.0557671 0.0507145 0.0456215 0.0406535 0.0358937 0.0313436 0.0269371 0.0225837 0.018243 0.0139938 0.0100434
 0.00725906 0.0118924 0.0180848 0.0258342 0.0349066 0.0446826 0.0541337 0.0620817 0.0676267 0.0704277 0.0706635 0.0687958 0.0653569 0.0608468 0.055699 0.0502643 0.0448037 0.0394909 0.03442 0.0296118 0.0250306 0.020622 0.0163717 0.0123551 0.00873832
 0.00744419 0.0121991 0.0185567 0.0265155 0.0358326 0.0458648 0.0555441 0.0636467 0.0692355 0.0719532 0.0719855 0.0698191 0.0660201 0.0611232 0.0555901 0.0497896 0.0439915 0.0383747 0.0330399 0.0280226 0.0233106 0.0188774 0.0147266 0.0109275 0.00760933
 0.007521 0.0123275 0.0187576 0.0268128 0.0362517 0.0464279 0.0562636 0.0645178 0.070232 0.0730254 0.0730623 0.0708148 0.0668468 0.0617044 0.0558725 0.0497472 0.0436243 0.0377027 0.0320994 0.0268668 0.0220134 0.017534 0.013445 0.00980814 0.00672089
 0.00758102 0.0124193 0.0188855 0.0269787 0.0364571 0.0466773 0.0565655 0.0648848 0.0706765 0.0735542 0.0736692 0.0714746 0.067512 0.0623094 0.0563438 0.0500179 0.0436464 0.037455 0.0315901 0.0261325 0.0211171 0.0165606 0.0124901 0.00896019 0.00604114
 0.00767893 0.0125661 0.0190832 0.0272204 0.0367289 0.0469613 0.0568441 0.0651439 0.0709107 0.0737699 0.0738839 0.0717095 0.06778 0.062604 0.0566337 0.0502516 0.0437643 0.0374057 0.0313443 0.0256927 0.0205198 0.0158706 0.0117877 0.00832212 0.00552254
 0.00769549 0.0125963 0.0191343 0.0273002 0.036842 0.0471055 0.0570076 0.0653078 0.0710559 0.0738863 0.0739766 0.0717968 0.0678861 0.0627473 0.0568167 0.0504544 0.0439464 0.0375149 0.0313333 0.0255345 0.0202189 0.015464 0.0113349 0.00788742 0.00515647
 0.00777061 0.0127068 0.0192793 0.0274719 0.0370291 0.047297 0.0571956 0.0654859 0.0712163 0.074018 0.0740675 0.0718401 0.0678862 0.0627204 0.0567846 0.0504335 0.0439372 0.0374992 0.0312793 0.0254116 0.0200123 0.0151841 0.0110153 0.00757264 0.00488577
 0.00780368 0.0127598 0.0193571 0.027577 0.0371599 0.0474454 0.0573467 0.0656213 0.0713203 0.0740838 0.0740989 0.0718468 0.0678778 0.0627038 0.0567645 0.0504145 0.0439218 0.0374832 0.0312495 0.0253488 0.0199011 0.0150226 0.010819 0.00736917 0.00470365
 0.00781961 0.0127834 0.0193885 0.0276155 0.0372043 0.0474953 0.0574023 0.0656822 0.0713837 0.0741442 0.0741494 0.0718825 0.067898 0.0627119 0.0567659 0.0504137 0.0439207 0.0374801 0.0312379 0.0253186 0.0198423 0.0149313 0.0107017 0.00724181 0.00458512
 0.00788811 0.012883 0.0195164 0.0277614 0.0373527 0.0476306 0.0575125 0.0657605 0.0714288 0.0741587 0.074138 0.0718506 0.0678502 0.0626522 0.0566984 0.0503432 0.0438516 0.0374148 0.0311756 0.0252548 0.0197711 0.0148489 0.0106098 0.00714812 0.00449996
 0.00788866 0.0128896 0.0195364 0.0278034 0.0374231 0.0477277 0.0576234 0.065864 0.0715032 0.0741914 0.0741301 0.0718144 0.0678018 0.0626044 0.0566576 0.0503101 0.0438242 0.0373903 0.031151 0.0252268 0.0197361 0.0148048 0.0105576 0.00709244 0.00444755
 0.00790943 0.0129168 0.0195658 0.0278283 0.0374377 0.0477317 0.0576241 0.0658728 0.0715287 0.074233 0.0741771 0.0718521 0.0678196 0.0626007 0.0566384 0.0502841 0.0437983 0.0373671 0.03113 0.0252053 0.0197113 0.0147751 0.0105233 0.00705614 0.00441335
 0.00787937 0.0128706 0.0195009 0.027744 0.0373343 0.047611 0.0574903 0.0657349 0.0714016 0.074136 0.0741288 0.0718631 0.0678874 0.062711 0.0567714 0.0504216 0.0439279 0.0374824 0.0312278 0.0252838 0.0197692 0.0148122 0.0105418 0.00706018 0.00440846
 0.00787528 0.0128563 0.0194656 0.0276738 0.037217 0.0474425 0.0572796 0.0655042 0.07118 0.0739514 0.0740022 0.0718066 0.067905 0.0627984 0.0569157 0.0506033 0.044125 0.0376751 0.0314015 0.0254298 0.019884 0.0148956 0.0105967 0.00709192 0.00442359
 0.00787529 0.0128546 0.0194594 0.0276582 0.0371845 0.0473835 0.0571848 0.0653681 0.0710057 0.073754 0.0738072 0.0716438 0.0678002 0.0627665 0.0569586 0.0507109 0.0442786 0.0378523 0.0315806 0.0255933 0.0200206 0.0150005 0.0106703 0.00713868 0.00445002
 0.0078903 0.0128735 0.0194778 0.0276684 0.0371777 0.0473525 0.057126 0.0652821 0.0708955 0.0736242 0.0736647 0.0714999 0.0676714 0.062672 0.0569151 0.050727 0.0443518 0.0379699 0.0317233 0.0257406 0.0201551 0.0151111 0.0107526 0.0071941 0.00448359
 0.00785466 0.012824 0.0194185 0.0276076 0.0371244 0.0473117 0.0570954 0.065253 0.0708579 0.0735717 0.0735975 0.071424 0.0675963 0.0626091 0.0568762 0.0507226 0.0443885 0.0380469 0.0318319 0.0258659 0.0202803 0.0152218 0.0108402 0.00725637 0.00452335
 0.00782165 0.0127668 0.0193267 0.0274715 0.0369397 0.0470858 0.0568507 0.0650232 0.0706771 0.0734616 0.0735609 0.0714481 0.0676618 0.0626992 0.0569811 0.0508397 0.0445189 0.0381917 0.0319888 0.0260275 0.0204353 0.0153587 0.0109504 0.00733685 0.00457642
 0.00781169 0.0127436 0.0192786 0.0273832 0.036796 0.0468773 0.0565808 0.0647114 0.0703578 0.0731768 0.0733506 0.071339 0.067661 0.0627941 0.0571464 0.0510474 0.0447463 0.0384237 0.0322158 0.0262423 0.0206301 0.0155257 0.0110838 0.0074348 0.00464195
 0.00777092 0.0126816 0.0191929 0.0272731 0.0366611 0.0467162 0.0563908 0.0644914 0.0701126 0.0729216 0.0731115 0.0711491 0.0675514 0.0627842 0.0572379 0.0512247 0.0449824 0.0386893 0.0324857 0.0264977 0.0208582 0.0157178 0.0112355 0.00754586 0.00471657
 0.00773013 0.0126151 0.0190929 0.0271332 0.0364791 0.0464965 0.0561466 0.0642425 0.0698799 0.0727207 0.0729505 0.0710322 0.067484 0.0627758 0.0572988 0.0513592 0.0451839 0.0389397 0.03276 0.0267703 0.0211079 0.0159302 0.0114033 0.00766858 0.00479903
 0.0093294 0.0148517 0.0217881 0.0298964 0.0388215 0.0480125 0.0566575 0.0638238 0.0687779 0.0712285 0.0713159 0.0694226 0.0659938 0.0614503 0.0561563 0.0504053 0.0444168 0.03835 0.0323298 0.0264742 0.0209169 0.0158158 0.0113407 0.00763799 0.00478634
 0.00930874 0.0151132 0.0227013 0.0319198 0.0423017 0.0529143 0.0623928 0.0693484 0.0729628 0.0733075 0.0711387 0.0673948 0.0627992 0.0577585 0.0524573 0.0469844 0.041407 0.0357958 0.0302306 0.024806 0.0196408 0.0148822 0.0106923 0.00721413 0.00452786
 0.00895112 0.0145521 0.0219166 0.0309633 0.0413507 0.0523067 0.0625863 0.0707576 0.075712 0.0770465 0.0750875 0.0706403 0.0646767 0.0580822 0.0514885 0.0452152 0.0393276 0.0337616 0.0284399 0.0233381 0.0185039 0.0140474 0.010113 0.00683661 0.0042986
 0.0087981 0.0142899 0.0214977 0.0303385 0.0404876 0.0512239 0.0613961 0.0696938 0.07511 0.0772501 0.0762934 0.0727532 0.0672777 0.0605656 0.0533079 0.046093 0.0393101 0.0331171 0.0274973 0.0223639 0.0176565 0.0133896 0.00964582 0.00653028 0.00411295
 0.00872477 0.0141661 0.0213019 0.030045 0.0400688 0.0506566 0.0606738 0.0688438 0.0742145 0.0764597 0.0758179 0.0728071 0.0679856 0.0618699 0.0549467 0.047686 0.0405142 0.0337591 0.027607 0.0221088 0.0172377 0.0129637 0.00929791 0.0062847 0.00395866
 0.00869058 0.0141083 0.0212103 0.0299076 0.0398728 0.0503901 0.0603282 0.0684169 0.0737138 0.0759114 0.0752788 0.0723742 0.0677863 0.0620216 0.0554946 0.0485547 0.0415143 0.0346593 0.0282321 0.022402 0.0172559 0.0128215 0.00910566 0.00611325 0.00383579
 0.00868603 0.0140994 0.0211939 0.029879 0.0398256 0.0503168 0.0602201 0.0682653 0.0735113 0.0756543 0.0749727 0.0720417 0.0674748 0.0618032 0.0554493 0.0487353 0.0419102 0.0351852 0.028757 0.0228072 0.0174832 0.0128841 0.00906199 0.00602817 0.00375428
 0.00866833 0.0140734 0.0211598 0.0298385 0.0397809 0.050269 0.0601685 0.0682062 0.0734388 0.0755614 0.0748529 0.0718926 0.0673035 0.0616318 0.0553168 0.0486895 0.0419877 0.0353886 0.0290448 0.0231074 0.0177258 0.0130316 0.00911759 0.00602227 0.00372223
 0.00868901 0.0141024 0.0211951 0.0298754 0.0398135 0.0502927 0.0601809 0.0682071 0.073428 0.0755363 0.0748082 0.0718221 0.0672032 0.0615052 0.0551782 0.0485651 0.0419096 0.0353822 0.0291145 0.023231 0.0178636 0.013145 0.00918587 0.00604704 0.00371884
 0.00867835 0.0140902 0.021186 0.0298759 0.03983 0.0503268 0.0602277 0.0682558 0.0734663 0.0755554 0.0748047 0.0717966 0.0671578 0.0614416 0.0550999 0.0484801 0.041833 0.0353322 0.0291053 0.0232643 0.0179258 0.0132138 0.00924145 0.00607999 0.00373111
 0.00865686 0.0140565 0.021138 0.0298138 0.0397569 0.0502503 0.0601595 0.068209 0.0734507 0.0755726 0.0748475 0.0718515 0.0672109 0.0614826 0.0551239 0.0484878 0.0418298 0.0353278 0.0291106 0.0232866 0.0179648 0.0132615 0.00928639 0.00611352 0.00375064
 0.00863018 0.014014 0.0210756 0.0297289 0.039649 0.050123 0.0600214 0.0680746 0.0733379 0.0754987 0.0748238 0.0718802 0.0672839 0.0615842 0.055236 0.048595 0.0419232 0.0354054 0.0291761 0.0233455 0.018021 0.0133147 0.00933314 0.00614985 0.0037749
 0.00863704 0.0140216 0.0210804 0.0297252 0.0396305 0.0500844 0.0599611 0.0679955 0.0732471 0.0754069 0.0747434 0.071823 0.0672586 0.0615937 0.0552759 0.0486555 0.0419921 0.0354729 0.0292365 0.0233979 0.0180668 0.013355 0.00936755 0.00617711 0.00379418
 0.00863666 0.0140229 0.0210857 0.0297369 0.0396498 0.0501092 0.0599849 0.0680085 0.0732399 0.0753743 0.0746877 0.0717534 0.0671884 0.061536 0.0552403 0.0486454 0.0420048 0.0355013 0.0292726 0.0234352 0.0181015 0.0133855 0.00939313 0.00619729 0.00380876
 0.00863466 0.0140211 0.0210858 0.0297416 0.0396623 0.0501321 0.0600187 0.0680507 0.0732841 0.0754113 0.0747073 0.0717484 0.0671573 0.061485 0.0551807 0.0485896 0.0419625 0.0354767 0.0292646 0.0234394 0.0181127 0.0133994 0.00940691 0.00620913 0.00381782
 0.00863466 0.0140211 0.0210858 0.0297416 0.0396623 0.0501321 0.0600187 0.0680507 0.0732841 0.0754113 0.0747073 0.0717484 0.0671573 0.061485 0.0551807 0.0485896 0.0419625 0.0354767 0.0292646 0.0234394 0.0181127 0.0133994 0.00940691 0.00620913 0.00381782
 0.00877237 0.0142385 0.0213998 0.0301611 0.040183 0.0507312 0.0606506 0.0686496 0.0737769 0.0757356 0.0748265 0.0716575 0.066879 0.0610619 0.0546656 0.048037 0.0414209 0.0349832 0.0288422 0.0230977 0.0178507 0.0132092 0.00927657 0.00612545 0.00376789
 0.00888149 0.0144268 0.0217025 0.0306145 0.0408129 0.0515352 0.0615835 0.069622 0.0746733 0.0764424 0.0752586 0.0717725 0.06668 0.0605902 0.0539893 0.0472376 0.0405794 0.03417 0.0281101 0.0224792 0.0173588 0.012841 0.009018 0.00595583 0.00366462
 0.0084416 0.0137406 0.0207281 0.0293444 0.0392893 0.0498648 0.0599433 0.068239 0.0737689 0.0761635 0.0756296 0.0726946 0.067972 0.0620459 0.0554274 0.0485305 0.041661 0.0350259 0.02876 0.0229585 0.0177045 0.0130848 0.00918471 0.00606503 0.0037321
 0.00819434 0.0132955 0.0199817 0.0281824 0.0376242 0.0476924 0.0573911 0.0655723 0.0713402 0.0743238 0.0746413 0.0726741 0.068874 0.063687 0.0575389 0.0508253 0.0438923 0.0370224 0.0304329 0.024286 0.0187091 0.0138111 0.00968504 0.0063911 0.00393133
 0.00811223 0.0131519 0.0197432 0.0278021 0.0370405 0.0468349 0.0561995 0.0640276 0.069502 0.0723548 0.0727968 0.0712488 0.0681199 0.0637374 0.0583711 0.0522746 0.0457084 0.0389409 0.0322351 0.0258314 0.0199368 0.0147225 0.0103195 0.00680487 0.00418303
 0.00841507 0.0136321 0.0204395 0.0287324 0.0381852 0.0481168 0.057468 0.065067 0.0700738 0.0722676 0.0719775 0.0697837 0.0662478 0.0617892 0.0566764 0.0510684 0.0450763 0.0388227 0.0324764 0.0262529 0.0203901 0.0151157 0.0106155 0.00700436 0.00430518
 0.00863646 0.0140208 0.0210758 0.0297026 0.0395548 0.0498888 0.0595452 0.0672431 0.0720651 0.0737732 0.0727454 0.0696667 0.0652409 0.0600423 0.0544695 0.0487462 0.0429586 0.0371257 0.0312772 0.0255069 0.0199835 0.0149229 0.0105364 0.00697602 0.0042958
 0.0088951 0.0144496 0.021737 0.0306605 0.0408631 0.0515694 0.0615622 0.0694855 0.0743473 0.0758558 0.0743692 0.0705969 0.0653155 0.0592153 0.0528342 0.0465265 0.040463 0.0346743 0.0291259 0.023799 0.0187449 0.0140938 0.0100186 0.0066714 0.00412591
 0.00863124 0.0140603 0.0212277 0.0300706 0.0402664 0.0510685 0.0612793 0.0695443 0.0748424 0.0768139 0.0757195 0.0721666 0.0668594 0.0604724 0.0535967 0.0466971 0.0400808 0.0338956 0.0281671 0.0228649 0.017974 0.0135398 0.00966662 0.00647142 0.0040232
 0.00861552 0.0139943 0.0210566 0.0297258 0.0396925 0.0502625 0.0603208 0.0685938 0.0741022 0.0764683 0.0758803 0.0728428 0.0679528 0.0617971 0.0549191 0.0477926 0.0407934 0.0341776 0.0280814 0.0225477 0.0175763 0.0131774 0.0093971 0.00630138 0.00393056
 0.00875904 0.0142196 0.0213769 0.0301375 0.0401647 0.0507274 0.0606768 0.0687317 0.0739523 0.0760465 0.0753001 0.0722794 0.0675743 0.0616991 0.0550914 0.0481308 0.0411449 0.034403 0.0281048 0.0223751 0.0172774 0.0128441 0.00910401 0.00608539 0.0037936
 0.0089646 0.0145554 0.0218834 0.0308485 0.0410937 0.0518485 0.0619064 0.0699263 0.0749326 0.0766432 0.0754077 0.0718942 0.0668009 0.0607171 0.0540931 0.0472565 0.0404463 0.0338509 0.0276307 0.021921 0.0168254 0.012415 0.00873441 0.00580229 0.0036019
#pred catch len freq
 0.00438034 0.00694229 0.0101488 0.0139308 0.018247 0.0230607 0.0282702 0.0336744 0.0390119 0.0440266 0.0485107 0.0523242 0.0554027 0.0577482 0.0593971 0.060383 0.0607139 0.0603618 0.0592445 0.057191 0.0539263 0.0491457 0.042709 0.0348728 0.0263759
 0.00465344 0.00729431 0.0105125 0.0141968 0.0183064 0.0228652 0.0278707 0.033206 0.0386253 0.0438072 0.0484364 0.0522851 0.0552673 0.0574378 0.0589315 0.0598802 0.0603433 0.0602706 0.059488 0.0577025 0.0545451 0.0496902 0.0430557 0.0349961 0.0263323
 0.0048538 0.00762599 0.0110158 0.0148947 0.0191788 0.0238228 0.0287518 0.0338191 0.0388311 0.0435913 0.047916 0.0516366 0.0546262 0.0568423 0.0583456 0.0592661 0.0597231 0.059731 0.0591295 0.0575719 0.054601 0.0498251 0.0431565 0.0350002 0.0262436
 0.00504732 0.0079326 0.0114652 0.0155167 0.0200044 0.0248786 0.0300397 0.0352826 0.0403289 0.044907 0.0488185 0.0519704 0.0543742 0.0561175 0.0573186 0.058088 0.0584964 0.0585288 0.0580214 0.0566206 0.0538364 0.0492295 0.0426809 0.0345985 0.0258972
 0.0052967 0.00831946 0.0120142 0.016242 0.0209133 0.025976 0.0313271 0.0367514 0.0419456 0.0465928 0.0504323 0.0533129 0.0552311 0.05633 0.0568446 0.057013 0.0569908 0.0567858 0.0562127 0.0548801 0.052258 0.0478669 0.0415524 0.0336992 0.0252115
 0.00555299 0.00872023 0.0125886 0.0170088 0.0218814 0.0271439 0.0326807 0.0382603 0.0435636 0.0482599 0.0520718 0.0548222 0.056473 0.0571404 0.0570677 0.0565538 0.0558575 0.0550951 0.0541559 0.0526718 0.0500929 0.0458952 0.0398723 0.0323579 0.0242121
 0.00584159 0.00916898 0.013227 0.0178538 0.0229391 0.0284109 0.034141 0.0398792 0.0452848 0.050008 0.0537595 0.0563569 0.0577574 0.0580693 0.057526 0.0564294 0.055073 0.0536481 0.0521422 0.0502771 0.0475536 0.0434478 0.0377086 0.0305987 0.0228982
