SBPRF35
7.88235
Curr Bio
576005
B35
560056
F35
0.211987
FOFL
0.19771
OFL
81297.1
Bzero
2.2521e+006
#pred survey bio
 3.37689e+006 3.32841e+006 3.20076e+006 2.83876e+006 2.68652e+006 2.62183e+006 2.47985e+006 2.27828e+006 1.96554e+006 1.58657e+006 1.35464e+006 1.22722e+006 1.1617e+006 1.11124e+006 1.04974e+006 931141 836126 737095 680787 673433 655394 645983 649198 624203 559415 541974 542074 531752 546580 547136 547308 547683 535228 545205 560041 571610 586721 572766 551219 537602 564036 591046 586499 598099 630597 673661 658896 599763 561447 570680 601240 649932 627345 560875 552224 553031 515737 515463 542916 589484 639484 624054 583461 1.86035e+007 1.12838e+007 1.17267e+007 1.25446e+007 1.35173e+007 1.44685e+007 1.53013e+007 1.59808e+007 1.65099e+007 1.69092e+007 1.72042e+007 1.74194e+007 1.75753e+007 1.76879e+007 1.77693e+007 1.78283e+007 1.78713e+007 1.79027e+007 1.79259e+007 1.7943e+007 1.79558e+007 1.79654e+007 1.79726e+007 1.79781e+007 1.79823e+007 1.79854e+007 1.79878e+007 1.79897e+007 1.79911e+007 1.79922e+007 1.7993e+007 1.79937e+007 1.79942e+007 1.79946e+007 1.79949e+007 1.79951e+007 1.79953e+007 1.79954e+007 1.79955e+007 1.79956e+007 1.79957e+007 1.79957e+007 1.79957e+007 1.79958e+007 1.79958e+007 1.79958e+007 1.79958e+007 1.79958e+007 1.79959e+007 1.79959e+007 1.79959e+007 1.79959e+007 1.79959e+007 1.79959e+007 1.79959e+007 1.79959e+007 1.79959e+007 1.79959e+007 1.79959e+007 1.79959e+007 1.79959e+007 1.79959e+007 1.79959e+007 1.79959e+007 1.79959e+007 1.79959e+007 1.79959e+007 1.79959e+007 1.79959e+007 1.79959e+007 1.79959e+007 1.79959e+007 1.79959e+007 1.79959e+007 1.79959e+007 1.79959e+007 1.79959e+007 1.79959e+007 1.79959e+007 1.79959e+007 1.79959e+007 1.79959e+007 1.79959e+007 1.79959e+007 1.79959e+007 1.79959e+007 1.79959e+007 1.79959e+007 1.79959e+007 1.79959e+007 1.79959e+007 1.79959e+007 1.79959e+007 1.79959e+007 1.79959e+007 1.79959e+007 1.79959e+007 1.79959e+007 1.79959e+007 1.79959e+007 0 0 0 0 0 0 0 0 0 0 0 0 0 0 0 0 0 0 0 0 0 0 0 0 0
#obs survey bio
 3.08634e+006 2.53109e+006 3.85684e+006 2.53558e+006 2.36706e+006 3.29821e+006 2.51293e+006 2.65862e+006 2.32041e+006 1.55468e+006 1.33549e+006 1.04376e+006 1.21451e+006 1.37888e+006 1.07785e+006 685641 906437 544057 604775 695492 608828 587908 617959 652166 561553 413406 545049 378635 596171 501450 620938 519994 549604 601702 684901 663365 895336 475520 508381 430729 421696 802970 668676 775951 468484 851146 730076 589184 424106 486746 642719 729340 534052 591573 741480 658657 478831 635476 492216 681832 509969 611028 469911
#pred catch bio
 99919.9 99205.9 162715 207649 226638 284255 281522 304908 302142 289778 291883 270964 262239 239814 226357 202416 179307 171550 141456 147071 140470 126084 118641 125777 104676 104814 110273 101211 98318.6 95609.8 98693.5 101212 92642.7 95275.8 96288.5 89698.1 86107.4 88653.8 82578.6 85491.5 91602.2 96447 87483.1 84994 88449.4 91435.9 85457.6 104581 92733.3 92618.1 82011.6 99794.6 138782 92716.2 67990.8 112391 92645.3 80219.2 81352.6 56043.5 110828 100824 112339 81297.1 86923.3 89079.3 94421.5 101375 108217 114110 118793 122314 124858 126641 127862 128685 129231 129590 129824 129975 130072 130134 130174 130199 130215 130225 130232 130236 130238 130240 130241 130241 130242 130242 130242 130242 130242 130242 130242 130242 130242 130242 130242 130242 130242 130242 130242 130242 130242 130242 130242 130242 130242 130242 130242 130242 130242 130242 130242 130242 130242 130242 130242 130242 130242 130242 130242 130242 130242 130242 130242 130242 130242 130242 130242 130242 130242 130242 130242 130242 130242 130242 130242 130242 130242 130242 130242 130242 130242 130242 130242 130242 130242 130242 130242 130242 130242 130242 130242 130242 130242 130242 130242 0 0 0 0 0 0 0 0 0 0 0 0 0 0 0 0 0 0 0 0 0 0 0 0 0
#obs catch bio
 0 98806.8 162830 208086 226739 284902 281299 304924 301433 289455 293189 272351 263952 240023 225545 202669 178652 172053 141496 147082 140641 126291 118384 125684 104595 104976 110225 101510 98182.4 95510.4 98781.7 101155 92621.8 95379 96393.9 89796.3 85944.8 88694.7 82412.7 85657.4 91733.7 96409.6 87420.7 84983 88619 91396.6 85124.4 104886 92764 92829.7 81939.2 99433.6 139539 92770.1 67503.7 112989 92688.5 80142.3 81822.6 55531.3 111535 100522 112519
#pred cpue bio
 3.34011e+006 3.29234e+006 3.16476e+006 2.8052e+006 2.65271e+006 2.58655e+006 2.44397e+006 2.24266e+006 1.93208e+006 1.55704e+006 1.32677e+006 1.19928e+006 1.13284e+006 1.08133e+006 1.01948e+006 902405 808695 711984 656684 649287 631568 622160 625226 601293 538676 521835 521993 512036 526363 527074 527397 527937 516029 525766 540291 551489 564957 549842 528127 515061 540554 566689 562468 573609 604881 646359 632507 576019 538835 547599 576916 624123 602602 537284 528444 530248 494461 494119 520801 565893 615019 599682 560107 1.78205e+007 1.079e+007 1.11258e+007 1.18681e+007 1.28238e+007 1.37722e+007 1.46046e+007 1.52841e+007 1.58133e+007 1.62125e+007 1.65075e+007 1.67228e+007 1.68787e+007 1.69913e+007 1.70726e+007 1.71316e+007 1.71746e+007 1.7206e+007 1.72292e+007 1.72463e+007 1.72591e+007 1.72687e+007 1.72759e+007 1.72814e+007 1.72856e+007 1.72887e+007 1.72911e+007 1.7293e+007 1.72944e+007 1.72955e+007 1.72963e+007 1.7297e+007 1.72975e+007 1.72979e+007 1.72982e+007 1.72984e+007 1.72986e+007 1.72987e+007 1.72988e+007 1.72989e+007 1.7299e+007 1.7299e+007 1.72991e+007 1.72991e+007 1.72991e+007 1.72991e+007 1.72991e+007 1.72992e+007 1.72992e+007 1.72992e+007 1.72992e+007 1.72992e+007 1.72992e+007 1.72992e+007 1.72992e+007 1.72992e+007 1.72992e+007 1.72992e+007 1.72992e+007 1.72992e+007 1.72992e+007 1.72992e+007 1.72992e+007 1.72992e+007 1.72992e+007 1.72992e+007 1.72992e+007 1.72992e+007 1.72992e+007 1.72992e+007 1.72992e+007 1.72992e+007 1.72992e+007 1.72992e+007 1.72992e+007 1.72992e+007 1.72992e+007 1.72992e+007 1.72992e+007 1.72992e+007 1.72992e+007 1.72992e+007 1.72992e+007 1.72992e+007 1.72992e+007 1.72992e+007 1.72992e+007 1.72992e+007 1.72992e+007 1.72992e+007 1.72992e+007 1.72992e+007 1.72992e+007 1.72992e+007 1.72992e+007 1.72992e+007 1.72992e+007 1.72992e+007 1.72992e+007 1.72992e+007 0 0 0 0 0 0 0 0 0 0 0 0 0 0 0 0 0 0 0 0 0 0 0 0 0
#obs cpue bio
 3.57568e+006 4.6038e+006 3.825e+006 2.06806e+006 2.56683e+006 2.3486e+006 2.55208e+006 2.02089e+006 2.03904e+006 1.44441e+006 972659 1.17215e+006 944483 1.08388e+006 1.3758e+006 931172 986813 743528 692117 724301 625534 603948 806873 651860 458036 607036 643667 505867 659035 556279 418958 656706 439237 456294 447008 426603 471882 619911 643109 480228 731035 522066 459960 420138 666792 659491 660226 503328 655617 602888 491813 807288 595881 458314 490629 406386 499068 414637 424979 729992 634596 721316 631738
#pred surv len freq
 0.0042007 0.00693235 0.0106425 0.0153793 0.0210602 0.0273769 0.0337815 0.039639 0.0444725 0.0481155 0.0506741 0.0523779 0.0534538 0.054075 0.0543619 0.0544033 0.0542802 0.0540644 0.0537629 0.053204 0.0519416 0.049309 0.0447038 0.0379979 0.0297896
 0.00451072 0.00734645 0.0111022 0.0157813 0.0212933 0.0273758 0.033563 0.0392931 0.0441116 0.0478162 0.05045 0.0521985 0.0532899 0.0539366 0.054305 0.0545025 0.0545821 0.0545459 0.0543159 0.0536621 0.0521425 0.0491656 0.0442442 0.0373494 0.0291161
 0.00453358 0.00745635 0.0113945 0.0163698 0.0222573 0.0286918 0.0350648 0.0407066 0.0451603 0.0483379 0.0504481 0.0518029 0.0526686 0.0532266 0.0535969 0.0538598 0.0540549 0.0541586 0.0540407 0.0534103 0.0517948 0.0486322 0.0435177 0.0365133 0.0283017
 0.00473534 0.0077465 0.0117674 0.0168127 0.0227747 0.0293286 0.0359035 0.0418198 0.0465367 0.0498331 0.0518096 0.0527678 0.0530752 0.0530683 0.0529943 0.052988 0.0530773 0.0531894 0.0531314 0.0525503 0.0509316 0.0477126 0.0425333 0.0355191 0.0273932
 0.00489369 0.00803156 0.012244 0.0175491 0.0238175 0.0306707 0.0374682 0.0434801 0.0481661 0.0513465 0.0531595 0.0538986 0.0538865 0.0534313 0.0528146 0.0522641 0.0519079 0.0517293 0.0515303 0.0509108 0.0493044 0.0461226 0.0410151 0.0341356 0.0262219
 0.00503924 0.00826832 0.0126031 0.0180664 0.0245336 0.0316266 0.0386908 0.0449608 0.0498433 0.0531055 0.0548554 0.0553911 0.0550628 0.0542039 0.05311 0.0520261 0.0511231 0.0504511 0.0498744 0.0490233 0.0473254 0.044171 0.039193 0.032535 0.0249167
 0.0052831 0.00865923 0.0131809 0.0188637 0.0255702 0.032901 0.040173 0.0465942 0.051555 0.0548185 0.0564921 0.0568672 0.056283 0.0550683 0.0535258 0.0519191 0.0504487 0.0492086 0.0481215 0.0468793 0.0449572 0.0417668 0.0369354 0.0305752 0.0233531
 0.00546852 0.00897273 0.0136746 0.0195929 0.0265803 0.0342081 0.0417461 0.0483519 0.0533828 0.0565985 0.0581266 0.0582866 0.0574362 0.055906 0.0539879 0.0519347 0.0499486 0.0481482 0.0465063 0.0447851 0.0425345 0.0392234 0.0344985 0.028444 0.0216571
 0.00565517 0.0092875 0.01417 0.0203263 0.0276042 0.0355525 0.0433991 0.0502491 0.0554126 0.0586209 0.0599982 0.0598835 0.0586693 0.0567229 0.0543612 0.0518423 0.0493609 0.0470325 0.044851 0.0426337 0.0400104 0.0365291 0.0318805 0.0261341 0.019813
 0.00592564 0.00972217 0.0148154 0.0212238 0.0287845 0.0370259 0.0451433 0.0522019 0.0574759 0.0606731 0.0619099 0.0615306 0.0599453 0.0575488 0.0546895 0.0516513 0.0486425 0.0457834 0.0430791 0.0403824 0.0373902 0.0337295 0.0291468 0.0237092 0.0178699
 0.00612648 0.0100781 0.0154043 0.0221339 0.0300907 0.0387558 0.0472473 0.0545499 0.0598875 0.0629642 0.0639287 0.0631703 0.0611364 0.058247 0.0548671 0.0512936 0.0477454 0.044353 0.0411377 0.0379858 0.0346513 0.0308327 0.0263306 0.0212133 0.0158688
 0.00639887 0.0105168 0.0160586 0.0230519 0.0313159 0.0403178 0.0491456 0.0567356 0.0622529 0.0653488 0.0661423 0.0650285 0.0624964 0.0590262 0.0550398 0.0508711 0.0467548 0.0428261 0.0391155 0.035536 0.0318917 0.0279437 0.0235401 0.0187489 0.0138962
 0.00665129 0.0109234 0.0166634 0.0238926 0.0324169 0.0416803 0.0507382 0.0584946 0.0640948 0.0671852 0.0678862 0.0665886 0.0637714 0.0599117 0.0554459 0.0507402 0.0460675 0.0415969 0.0373872 0.033384 0.0294362 0.0253576 0.0210345 0.0165322 0.0121191
 0.00693234 0.0113682 0.0173101 0.024768 0.0335319 0.0430219 0.052262 0.0601237 0.0657312 0.0687308 0.0692614 0.0677387 0.064659 0.0605026 0.0556986 0.0506056 0.0455002 0.0405711 0.0359114 0.0315122 0.0272759 0.0230687 0.0188112 0.0145632 0.01054
 0.00718654 0.0117692 0.0178903 0.0255483 0.0345171 0.0441948 0.0535773 0.0615086 0.0670969 0.0699919 0.0703509 0.0686136 0.0652964 0.0608904 0.0558247 0.0504499 0.045033 0.0397611 0.0347433 0.0300079 0.0255105 0.0211728 0.0169521 0.0129065 0.0092062
 0.00741577 0.0121431 0.0184544 0.0263424 0.0355637 0.0454828 0.0550477 0.063055 0.068587 0.0712996 0.0713842 0.0693257 0.0656806 0.0609665 0.055623 0.049997 0.0443423 0.0388319 0.0335714 0.0286053 0.0239266 0.019504 0.0153306 0.0114682 0.00805112
 0.00744897 0.0122285 0.018641 0.0266956 0.0361497 0.0463431 0.0561755 0.0643858 0.0700098 0.0726812 0.0725963 0.0702663 0.0662874 0.0612206 0.0555422 0.0496202 0.0437123 0.0379832 0.0325287 0.0273942 0.0225906 0.018117 0.0139933 0.0102859 0.00710259
 0.00755213 0.0123723 0.0188158 0.0268847 0.0363433 0.0465561 0.0564553 0.0647996 0.0706122 0.07348 0.0735352 0.0712364 0.0671601 0.0618835 0.0559231 0.0496938 0.0434905 0.0374995 0.0318247 0.026515 0.0215895 0.0170629 0.0129693 0.00937577 0.00636914
 0.00767881 0.0125868 0.0191517 0.0273718 0.036993 0.0473444 0.0573144 0.0656328 0.0713296 0.0740357 0.0739388 0.07153 0.0673784 0.0620266 0.0559568 0.049571 0.0431767 0.0369862 0.0311302 0.0256782 0.0206645 0.016115 0.0120702 0.0085919 0.0057464
 0.00766828 0.0125595 0.019094 0.0272703 0.0368446 0.0471685 0.0571571 0.0655556 0.0713851 0.0742443 0.074283 0.0719692 0.0678693 0.0625327 0.0564422 0.0499913 0.0434791 0.037123 0.031074 0.0254323 0.0202629 0.0156152 0.0115411 0.00809911 0.00533843
 0.00777686 0.0127251 0.0193217 0.0275542 0.0371666 0.0474976 0.0574541 0.0657825 0.07152 0.0742922 0.0742747 0.0719459 0.0678635 0.0625574 0.0564914 0.0500451 0.0435085 0.0370934 0.0309538 0.0252037 0.0199318 0.0152127 0.0111156 0.00770223 0.00500961
 0.00786103 0.0128576 0.0195125 0.0278083 0.037481 0.0478584 0.0578332 0.0661389 0.0718072 0.0744723 0.074331 0.0718894 0.0677287 0.0623888 0.0563274 0.0499057 0.0433918 0.0369801 0.0308166 0.0250187 0.0196892 0.0149228 0.0108064 0.00740936 0.00476356
 0.00785458 0.0128422 0.0194808 0.027752 0.0373951 0.0477465 0.057711 0.066032 0.0717428 0.0744683 0.0743892 0.0719965 0.0678644 0.0625351 0.0564744 0.0500499 0.0435302 0.0371034 0.030908 0.0250592 0.0196661 0.0148375 0.0106759 0.00726087 0.00462439
 0.00780045 0.0127579 0.0193609 0.0275936 0.0371983 0.047515 0.0574544 0.065768 0.0714987 0.0742772 0.0742834 0.0719975 0.0679754 0.0627398 0.0567428 0.0503486 0.0438296 0.0373805 0.0311442 0.025239 0.019779 0.0148822 0.0106631 0.00721064 0.00455994
 0.00793907 0.0129686 0.0196501 0.0279559 0.0376161 0.047959 0.0578843 0.0661353 0.0717539 0.0743823 0.0742242 0.0717892 0.0676591 0.0623701 0.0563721 0.0500146 0.0435506 0.0371578 0.0309684 0.0250957 0.0196541 0.0147658 0.0105522 0.00710849 0.00447291
 0.00785579 0.0128545 0.0195174 0.027829 0.0375237 0.0479235 0.0579126 0.0662175 0.0718695 0.0745086 0.0743413 0.0718825 0.0677199 0.0623972 0.0563726 0.0500019 0.0435391 0.0371567 0.0309785 0.0251108 0.0196647 0.0147644 0.0105361 0.00708102 0.00444092
 0.00779859 0.0127606 0.0193759 0.0276331 0.0372771 0.0476468 0.0576457 0.0660124 0.071772 0.0745392 0.0744865 0.0721023 0.0679654 0.0626275 0.0565641 0.0501483 0.0436465 0.0372368 0.0310419 0.0251628 0.0197056 0.0147916 0.0105482 0.0070799 0.00443124
 0.00790412 0.0129118 0.0195653 0.0278395 0.03747 0.0477949 0.057726 0.0660161 0.0717076 0.0744305 0.0743656 0.0719975 0.0678906 0.062579 0.0565266 0.0501057 0.0435901 0.0371678 0.030968 0.0250929 0.0196452 0.0147422 0.0105086 0.00704813 0.00440617
 0.00787142 0.0128693 0.0195202 0.0278028 0.037451 0.0477933 0.0577279 0.0659981 0.0716492 0.0743272 0.074235 0.0718736 0.0678095 0.0625638 0.0565789 0.0502077 0.0437147 0.0372895 0.0310706 0.0251708 0.0196999 0.0147779 0.0105298 0.00705861 0.00440947
 0.00789038 0.0128808 0.0195028 0.0277281 0.037294 0.0475487 0.0574195 0.0656746 0.0713647 0.0741202 0.0741175 0.0718372 0.0678399 0.0626513 0.0567192 0.0503951 0.0439355 0.0375227 0.031293 0.025364 0.0198543 0.0148921 0.0106081 0.00710825 0.00443811
 0.00777627 0.0127223 0.0193131 0.0275324 0.0371186 0.0474047 0.0572951 0.0655426 0.0712029 0.0739308 0.0739306 0.0716964 0.0677806 0.0626875 0.0568437 0.0505888 0.0441755 0.0377857 0.0315563 0.0256067 0.0200605 0.0150537 0.0107247 0.00718551 0.00448499
 0.00773622 0.0126483 0.0191871 0.0273372 0.0368473 0.0470727 0.0569445 0.0652318 0.0709825 0.0738204 0.073914 0.0717387 0.0678526 0.0627801 0.0569641 0.050747 0.0443735 0.0380142 0.0317981 0.0258417 0.0202706 0.0152263 0.0108547 0.00727511 0.00454124
 0.00781855 0.0127659 0.0193328 0.0274918 0.0369817 0.0471544 0.0569461 0.06514 0.0708051 0.0735872 0.0736682 0.0715199 0.0676836 0.0626639 0.0568934 0.0507155 0.04438 0.0380589 0.0318769 0.0259439 0.0203809 0.0153297 0.0109404 0.00733834 0.004583
 0.00770972 0.0126141 0.0191503 0.0273038 0.0368171 0.0470316 0.0568631 0.0650759 0.0707326 0.0734893 0.0735484 0.071402 0.0676002 0.0626418 0.0569432 0.0508303 0.0445427 0.0382506 0.0320814 0.0261476 0.0205712 0.0154954 0.0110735 0.00743607 0.00464816
 0.00778002 0.0126918 0.0192016 0.0272797 0.0366725 0.0467522 0.0564826 0.0646682 0.0703809 0.0732489 0.0734289 0.0713771 0.0676334 0.0627087 0.0570375 0.0509562 0.0447031 0.0384409 0.0322894 0.026358 0.020769 0.0156682 0.0112131 0.00753975 0.00471834
 0.00855852 0.013801 0.0205791 0.0287635 0.0380401 0.0477888 0.0570423 0.0647031 0.0699376 0.0724458 0.0724227 0.070322 0.0666462 0.0618521 0.0563277 0.0503847 0.0442551 0.0381034 0.0320502 0.0262025 0.0206796 0.0156259 0.0112002 0.007542 0.00472589
 0.00916802 0.0147853 0.0220379 0.030757 0.0405438 0.0506412 0.0599193 0.0671642 0.0715531 0.0729492 0.0718015 0.0687971 0.0645644 0.0595615 0.0540943 0.0483663 0.0425199 0.0366629 0.0308893 0.0252958 0.0199977 0.0151359 0.0108668 0.00732877 0.00459884
 0.00915094 0.0148401 0.0222738 0.0313276 0.0416093 0.0523025 0.0621523 0.0697852 0.0742353 0.0752894 0.0734179 0.0694335 0.0641625 0.0582687 0.0522003 0.0462023 0.0403679 0.0347112 0.0292325 0.0239606 0.0189705 0.0143829 0.0103438 0.00698747 0.00439135
 0.00891993 0.014509 0.0218631 0.030899 0.0412676 0.0521873 0.0624181 0.070563 0.0755777 0.0771166 0.0754988 0.0714257 0.0657071 0.0591006 0.0522266 0.0455138 0.039186 0.033301 0.0278252 0.0227114 0.0179554 0.0136167 0.00980368 0.00663229 0.00417448
 0.00880904 0.0143085 0.0215274 0.0303823 0.0405471 0.0512954 0.0614669 0.069741 0.075108 0.0771883 0.0761985 0.072695 0.067342 0.0607997 0.0536763 0.0464819 0.0395842 0.0331902 0.0273661 0.0220928 0.0173339 0.0130886 0.00940661 0.00636267 0.00400772
 0.00866937 0.0141055 0.0212644 0.0300725 0.0402029 0.050917 0.0610407 0.069257 0.0745893 0.0767148 0.0759016 0.0727161 0.0677691 0.0616144 0.0547414 0.0475811 0.0404982 0.0337722 0.0275821 0.0220105 0.0170749 0.0127738 0.00912093 0.00614585 0.00386431
 0.00862855 0.0140274 0.0211265 0.0298509 0.0398823 0.0505034 0.0605682 0.0687796 0.0741603 0.0763693 0.0756575 0.0725927 0.0678038 0.0618547 0.0552109 0.0482431 0.0412477 0.0344681 0.028103 0.0222998 0.0171512 0.0127063 0.00899017 0.00601327 0.00376135
 0.00880064 0.0142701 0.0214222 0.0301571 0.0401403 0.0506548 0.0605707 0.0686179 0.0738499 0.0759525 0.0751935 0.0721439 0.0674259 0.0615932 0.0551006 0.0483007 0.0414579 0.0347756 0.0284245 0.0225547 0.0172934 0.0127363 0.00894328 0.00593465 0.00368576
 0.0088179 0.0143094 0.0215003 0.0302915 0.0403383 0.0509003 0.0608169 0.0687953 0.0738911 0.0758214 0.0749022 0.071748 0.0670029 0.0612185 0.0548304 0.0481663 0.0414645 0.0349017 0.0286244 0.0227698 0.0174705 0.0128458 0.0089849 0.00592896 0.00365878
 0.0088044 0.0142814 0.0214483 0.0302063 0.0402177 0.0507553 0.0606741 0.068688 0.0738415 0.0758256 0.0749296 0.0717581 0.0669695 0.0611445 0.0547459 0.0481126 0.0414755 0.0349908 0.0287803 0.0229609 0.0176575 0.0129961 0.00908307 0.00597848 0.00367456
 0.0086769 0.0140992 0.0212199 0.0299543 0.0399708 0.0505371 0.0604959 0.0685514 0.073747 0.075779 0.0749391 0.0718252 0.0670815 0.0612773 0.0548769 0.0482332 0.0415932 0.0351213 0.0289339 0.0231338 0.0178322 0.0131504 0.00920061 0.00605452 0.00371544
 0.00864284 0.0140298 0.0210913 0.0297402 0.0396544 0.0501267 0.0600344 0.0681089 0.0733976 0.075573 0.0748894 0.0719122 0.0672688 0.0615268 0.0551551 0.0485139 0.0418602 0.0353685 0.0291628 0.0233465 0.0180262 0.0133177 0.00933249 0.0061474 0.00377286
 0.00854512 0.0138887 0.0209108 0.0295324 0.039432 0.0498949 0.0597872 0.0678376 0.0731052 0.0752858 0.0746536 0.0717767 0.067264 0.0616529 0.0553855 0.0488088 0.04218 0.0356834 0.0294543 0.0236059 0.0182493 0.0135017 0.00947541 0.00624975 0.00383916
 0.0086103 0.0140069 0.0211107 0.0298457 0.0398836 0.0504858 0.06048 0.0685525 0.0737339 0.075719 0.0748134 0.0716405 0.0668705 0.0610871 0.0547489 0.0481891 0.0416341 0.0352358 0.0291074 0.0233502 0.0180711 0.0133857 0.0094059 0.00621169 0.00382005
 0.00865102 0.0140553 0.0211523 0.0298607 0.0398582 0.0504265 0.0604216 0.0685487 0.0738326 0.0759338 0.0751094 0.0719446 0.0671011 0.0611867 0.054704 0.0480289 0.0414115 0.0350046 0.0289055 0.0231954 0.017965 0.0133208 0.00937102 0.00619599 0.00381474
 0.00863622 0.0140384 0.021139 0.0298581 0.0398692 0.0504449 0.0604315 0.0685333 0.0737883 0.0758808 0.0750855 0.0719841 0.0672111 0.061339 0.0548486 0.0481197 0.0414279 0.0349557 0.0288195 0.0231031 0.0178878 0.0132672 0.00933997 0.0061813 0.00380966
 0.00847017 0.0137752 0.020757 0.0293461 0.0392336 0.0497178 0.0596749 0.0678325 0.0732325 0.0755385 0.0749906 0.0721359 0.067583 0.0618845 0.0555046 0.0488123 0.0420853 0.0355246 0.0292751 0.0234472 0.0181381 0.0134456 0.00946475 0.00626604 0.00386438
 0.0086639 0.0140462 0.0210831 0.0296774 0.0395043 0.0498671 0.0596652 0.0676583 0.0729186 0.0751326 0.0745529 0.0717276 0.0672557 0.061672 0.0554184 0.0488408 0.0421976 0.0356793 0.0294324 0.02358 0.018236 0.0135111 0.0095064 0.00629215 0.00388078
 0.00907489 0.0147365 0.0221559 0.0312239 0.0415609 0.0523592 0.0623687 0.0702197 0.0749448 0.0763126 0.0747476 0.0709885 0.0657791 0.0597254 0.0532717 0.0467185 0.0402557 0.0340026 0.0280483 0.0224782 0.0173881 0.0128828 0.00906228 0.00599646 0.00369763
 0.00873827 0.0142507 0.0215438 0.0305586 0.0409618 0.0519732 0.0623414 0.0706541 0.0758544 0.0775889 0.0761705 0.0722888 0.0667274 0.0602025 0.0532867 0.0463781 0.0397081 0.0333875 0.0274664 0.0219844 0.017 0.0125955 0.00886082 0.0058631 0.00361508
 0.00835138 0.0136067 0.020553 0.0291456 0.0391037 0.0497501 0.0599729 0.0684841 0.0742699 0.076899 0.0765039 0.0735548 0.0686523 0.0624205 0.0554491 0.0482384 0.0411568 0.0344332 0.0281853 0.0224696 0.0173289 0.0128202 0.00901274 0.0059621 0.0036758
 0.00861218 0.0140065 0.0211046 0.0298312 0.0398635 0.0504759 0.0605163 0.068693 0.0740498 0.0762733 0.0756272 0.0726616 0.0679623 0.0620524 0.0553879 0.048367 0.0413264 0.0345307 0.0281663 0.0223513 0.0171594 0.0126477 0.0088684 0.00585723 0.00360797
 0.00861142 0.0140173 0.0211428 0.0299184 0.0400198 0.0507078 0.0608042 0.0689846 0.0742666 0.0763319 0.0754744 0.0723071 0.0674898 0.0615941 0.0550692 0.0482518 0.0413952 0.0347027 0.0283479 0.0224783 0.0172131 0.0126434 0.00883449 0.00581768 0.00357583
 0.00858819 0.0139544 0.0210039 0.0296601 0.0396101 0.0501513 0.0601587 0.0683537 0.0737646 0.0760387 0.0754058 0.0724177 0.0677055 0.0618538 0.0553509 0.048568 0.0417649 0.035122 0.0287813 0.0228745 0.0175301 0.0128657 0.00897147 0.00589239 0.00361222
 0.00858199 0.0139393 0.0209704 0.0295921 0.0394839 0.049938 0.0598326 0.0679067 0.0732227 0.075469 0.0749034 0.0720742 0.0675736 0.0619311 0.0555918 0.0489134 0.042167 0.0355494 0.02921 0.0232774 0.0178786 0.0131384 0.00916283 0.00601243 0.00367964
 0.00844788 0.0136987 0.0205685 0.0289693 0.0385963 0.0487861 0.0584835 0.0664917 0.0719063 0.0744051 0.0742035 0.0717969 0.0677285 0.0624841 0.0564693 0.0500115 0.0433698 0.0367509 0.0303279 0.0242568 0.0186879 0.0137661 0.00961585 0.00631398 0.00386344
 0.00864844 0.0140479 0.0211311 0.0298046 0.0397256 0.0501513 0.0599221 0.0677583 0.0727445 0.0746389 0.0737965 0.0708529 0.0664437 0.0610823 0.0551472 0.048905 0.0425425 0.0362017 0.0300126 0.0241121 0.0186508 0.0137849 0.00965424 0.00635085 0.00389008
 0.00884241 0.0143353 0.0215144 0.0302752 0.0402749 0.0507823 0.0606476 0.0685782 0.0736123 0.0754419 0.0743741 0.0710523 0.0661854 0.0603972 0.0541653 0.0478059 0.0414962 0.0353266 0.0293604 0.0236773 0.0183928 0.0136507 0.009595 0.00633039 0.00388597
#obs surv len freq
 nan nan nan nan nan nan nan nan nan nan nan nan nan nan nan nan nan nan nan nan nan nan nan nan nan
 0.00448842 0.00735125 0.0111823 0.0159987 0.0216983 0.0279718 0.0342834 0.0400125 0.0446904 0.0481534 0.0505111 0.0520071 0.0528997 0.0534125 0.0537271 0.0539823 0.0542611 0.0545539 0.0546927 0.0542847 0.0527228 0.0493551 0.043805 0.0362852 0.0276691
 0.00461657 0.00756323 0.0115076 0.0164659 0.0223275 0.0287636 0.0352082 0.0410081 0.0456719 0.0490303 0.0512054 0.0524645 0.0530939 0.0533446 0.0534205 0.0534749 0.0535966 0.0537753 0.053839 0.0533928 0.0518318 0.0485082 0.0430473 0.035655 0.0271874
 0.00477932 0.00782894 0.0119098 0.017037 0.0230931 0.0297327 0.0363625 0.0422954 0.0470096 0.0503171 0.0523361 0.0533439 0.0536493 0.0535337 0.0532355 0.0529395 0.052758 0.0526945 0.0525832 0.0520329 0.0504434 0.0471721 0.0418438 0.0346503 0.0264182
 0.00496948 0.00813982 0.0123809 0.0177063 0.0239897 0.0308659 0.0377097 0.043798 0.0485805 0.0518552 0.0537394 0.0545166 0.0545054 0.0540027 0.0532701 0.0525226 0.0519069 0.0514585 0.0510392 0.0502795 0.0485968 0.0453602 0.0401926 0.0332625 0.0253516
 0.00518142 0.00848682 0.0129078 0.0184563 0.0249969 0.0321415 0.0392292 0.0454957 0.0503585 0.0536017 0.0553454 0.0558852 0.055553 0.0546584 0.0534757 0.0522372 0.0511144 0.0501769 0.0493274 0.0482406 0.0463748 0.0431274 0.0381254 0.0315077 0.0239946
 0.00540281 0.00885077 0.0134631 0.0192513 0.0260703 0.0335079 0.040864 0.0473297 0.0522872 0.0555048 0.0571057 0.0573993 0.0567349 0.0554376 0.0537946 0.0520498 0.0503895 0.0489083 0.0475488 0.0460408 0.0439037 0.0405852 0.0357304 0.0294496 0.02239
 0.00565082 0.00925459 0.0140722 0.0201127 0.02722 0.0349582 0.0425885 0.0492577 0.0543121 0.0575035 0.058957 0.058996 0.0579879 0.0562758 0.054162 0.0519017 0.049692 0.0476447 0.0457358 0.0437501 0.0412782 0.0378351 0.0331003 0.0271624 0.0205907
 0.00588737 0.00964396 0.0146671 0.0209651 0.0283711 0.0364219 0.0443356 0.051211 0.0563584 0.0595162 0.0608164 0.0605999 0.0592528 0.0571347 0.0545607 0.0517956 0.049045 0.0464343 0.0439678 0.0414818 0.0386398 0.0350327 0.0303863 0.0247768 0.0186975
 0.00612768 0.0100376 0.0152653 0.0218179 0.029518 0.0378777 0.0460741 0.0531587 0.0584038 0.0615301 0.0626735 0.0621919 0.0604945 0.0579631 0.0549302 0.0516715 0.0483986 0.0452454 0.0422385 0.0392594 0.0360417 0.0322538 0.0276741 0.0223748 0.0167781
 0.0063612 0.0104207 0.0158481 0.0226493 0.0306364 0.0392956 0.0477636 0.0550456 0.0603783 0.0634678 0.0644551 0.0637148 0.0616768 0.0587433 0.0552648 0.05153 0.0477591 0.0440941 0.0405796 0.0371357 0.033559 0.0295913 0.0250647 0.0200523 0.0149128
 0.00661685 0.0108369 0.0164754 0.0235347 0.031814 0.0407718 0.0495021 0.0569626 0.0623544 0.0653713 0.0661642 0.0651308 0.0627277 0.0593811 0.0554606 0.0512674 0.0470286 0.0428925 0.0389178 0.0350571 0.0311614 0.0270385 0.0225705 0.0178332 0.0131286
 0.00683582 0.0112023 0.0170426 0.0243601 0.0329423 0.0422168 0.0512272 0.0588763 0.0643252 0.0672559 0.067833 0.0664827 0.0636932 0.05992 0.0555554 0.0509158 0.0462361 0.0416698 0.0372861 0.0330633 0.0288975 0.0246525 0.0202535 0.0157784 0.0114783
 0.00708082 0.0115977 0.0176325 0.0251845 0.0340306 0.0435766 0.0528314 0.0606555 0.066173 0.0690443 0.0694331 0.0677818 0.0646074 0.0603997 0.0555829 0.0504976 0.0453926 0.0404284 0.0356828 0.0311531 0.0267705 0.0224431 0.0181297 0.0139077 0.0099824
 0.00728834 0.011944 0.0181697 0.0259646 0.0350926 0.0449274 0.0544284 0.0624045 0.0679466 0.070711 0.0708801 0.068924 0.0653854 0.0607761 0.0555408 0.0500392 0.0445368 0.0392074 0.0341409 0.0293527 0.0248014 0.0204286 0.0162165 0.0122377 0.00865549
 0.00743826 0.0121905 0.0185466 0.0265067 0.0358312 0.0458806 0.0555898 0.0637346 0.0693724 0.0721351 0.0721955 0.0700299 0.0662012 0.0612481 0.0556423 0.0497653 0.0438993 0.0382318 0.0328679 0.0278426 0.0231398 0.0187275 0.0146043 0.0108347 0.00754408
 0.00753216 0.0123434 0.0187775 0.0268346 0.0362728 0.0464471 0.0562817 0.0645395 0.0702648 0.0730781 0.0731413 0.0709201 0.0669689 0.0618251 0.0559692 0.0498002 0.0436222 0.0376455 0.0319978 0.026738 0.0218764 0.017405 0.0133353 0.00972293 0.00666042
 0.0075738 0.0124049 0.018859 0.0269342 0.0363898 0.0465858 0.056455 0.0647673 0.0705691 0.0734755 0.0736357 0.0714969 0.0675923 0.0624394 0.0565049 0.0501848 0.0437931 0.0375618 0.0316481 0.0261444 0.0210947 0.0165189 0.0124434 0.00891831 0.00600896
 0.00765368 0.0125285 0.0190327 0.0271585 0.0366576 0.046882 0.0567571 0.06505 0.0708133 0.0736769 0.0738079 0.0716654 0.0677807 0.0626563 0.0567349 0.0503892 0.0439179 0.0375522 0.0314643 0.0257752 0.0205641 0.0158841 0.0117818 0.00830793 0.00550767
 0.00772285 0.0126357 0.0191841 0.0273557 0.0368969 0.0471538 0.0570448 0.0653305 0.0710608 0.0738698 0.0739361 0.071734 0.0678092 0.0626704 0.0567553 0.0504202 0.0439421 0.0375339 0.0313624 0.0255599 0.0202316 0.0154616 0.0113212 0.00786871 0.00513849
 0.00778743 0.0127349 0.0193226 0.0275337 0.0371098 0.0473924 0.0572954 0.0655754 0.0712805 0.0740465 0.0740573 0.0717951 0.0678141 0.0626315 0.0566906 0.0503466 0.0438677 0.0374522 0.0312532 0.0253993 0.0200052 0.0151756 0.0110031 0.00755816 0.0048718
 0.00781435 0.0127774 0.019384 0.0276159 0.0372129 0.0475139 0.0574294 0.0657133 0.0714125 0.0741642 0.0741545 0.0718679 0.0678603 0.0626509 0.0566853 0.0503216 0.0438282 0.0374 0.0311831 0.0253004 0.0198674 0.0149984 0.0108 0.00735342 0.00469076
 0.00785127 0.0128307 0.0194518 0.0276925 0.0372908 0.0475864 0.0574936 0.0657695 0.0714631 0.0742114 0.0741988 0.0719083 0.0678946 0.062676 0.0566985 0.0503209 0.0438131 0.03737 0.0311365 0.0252332 0.0197756 0.014882 0.0106664 0.00721703 0.0045681
 0.00787236 0.0128646 0.019502 0.0277609 0.0373761 0.0476831 0.0575906 0.0658531 0.0715213 0.0742391 0.0741999 0.0718928 0.0678734 0.0626564 0.0566825 0.0503065 0.0437962 0.0373462 0.031102 0.0251847 0.0197108 0.0148015 0.0105752 0.00712426 0.00448433
 0.00787416 0.0128638 0.0194941 0.0277402 0.0373383 0.0476282 0.0575252 0.065789 0.071471 0.0742112 0.0741968 0.071912 0.0679109 0.0627087 0.0567463 0.0503774 0.0438678 0.0374111 0.0311527 0.0252153 0.0197182 0.0147861 0.0105416 0.00708046 0.00443941
 0.00788735 0.0128819 0.0195151 0.0277594 0.037349 0.0476234 0.0574995 0.0657406 0.0714039 0.0741351 0.0741254 0.0718588 0.0678849 0.0627122 0.056776 0.0504265 0.0439282 0.0374743 0.0312104 0.0252603 0.0197454 0.0147941 0.0105328 0.00706038 0.00441494
 0.00788385 0.0128736 0.0194976 0.0277273 0.0372971 0.0475487 0.0574034 0.0656296 0.071288 0.074026 0.0740349 0.0717975 0.067861 0.0627297 0.0568335 0.0505169 0.0440404 0.0375951 0.0313273 0.0253625 0.0198257 0.0148492 0.0105639 0.0070724 0.00441464
 0.00789433 0.012889 0.0195174 0.0277495 0.0373176 0.0475618 0.0574024 0.0656079 0.0712417 0.0739563 0.0739484 0.0717056 0.0677772 0.0626666 0.0568001 0.0505172 0.0440722 0.0376512 0.0313969 0.0254341 0.0198892 0.014898 0.0105958 0.00708911 0.00442037
 0.00792041 0.012926 0.0195632 0.0277984 0.0373622 0.0475951 0.0574194 0.0656063 0.0712207 0.0739161 0.0738906 0.0716337 0.0676976 0.0625886 0.0567341 0.0504721 0.0440536 0.0376592 0.0314266 0.0254768 0.0199351 0.0149388 0.0106266 0.00710852 0.00443026
 0.00784667 0.0128163 0.0194171 0.027622 0.0371667 0.0473933 0.0572242 0.0654303 0.0710769 0.0738163 0.0738438 0.0716433 0.0677601 0.0626946 0.0568714 0.0506291 0.0442208 0.0378295 0.0315933 0.0256327 0.0200727 0.0150521 0.0107123 0.0071676 0.00446691
 0.00784787 0.0128039 0.0193726 0.0275216 0.0369895 0.0471343 0.0569025 0.0650876 0.0707643 0.0735773 0.0737024 0.071603 0.0678102 0.0628176 0.0570477 0.0508397 0.0444485 0.0380594 0.0318134 0.0258337 0.0202472 0.0151948 0.0108211 0.00724406 0.00451591
 0.00781731 0.0127582 0.0193105 0.0274419 0.0368887 0.0470036 0.0567294 0.0648624 0.0704907 0.0732793 0.0734225 0.071389 0.0676984 0.0628221 0.0571593 0.0510338 0.0446944 0.0383281 0.0320809 0.0260817 0.0204632 0.0153714 0.010956 0.0073394 0.00457778
 0.00780551 0.0127343 0.0192659 0.0273671 0.0367758 0.0468513 0.0565454 0.0646611 0.0702868 0.0730833 0.0732403 0.0712286 0.0675754 0.0627575 0.0571721 0.0511306 0.0448661 0.0385526 0.0323303 0.0263293 0.0206881 0.01556 0.0111023 0.00744408 0.00464648
 0.00776646 0.0126734 0.0191791 0.0272515 0.0366301 0.0466759 0.0563433 0.0644405 0.0700616 0.0728718 0.0730616 0.0710977 0.0675008 0.0627427 0.0572185 0.0512392 0.0450346 0.0387715 0.0325817 0.0265897 0.0209336 0.0157719 0.01127 0.00756575 0.00472712
 0.0077329 0.012618 0.0190943 0.0271305 0.036469 0.0464764 0.0561154 0.0642012 0.0698316 0.0726698 0.0729016 0.0709882 0.0674466 0.062746 0.0572791 0.0513544 0.0451994 0.0389781 0.0328178 0.026838 0.021174 0.0159855 0.0114437 0.0076946 0.00481402
 0.00932501 0.0148456 0.0217805 0.0298882 0.0388131 0.0480036 0.0566464 0.0638082 0.0687555 0.071199 0.0712811 0.069386 0.0659599 0.0614226 0.0561374 0.0503974 0.0444217 0.0383695 0.0323637 0.0265191 0.0209664 0.0158624 0.0113788 0.00766521 0.00480349
 0.00932545 0.0151392 0.0227384 0.0319684 0.0423609 0.0529813 0.0624623 0.0694129 0.0730136 0.0733362 0.0711402 0.0673678 0.0627472 0.0576886 0.0523786 0.0469061 0.0413371 0.03574 0.0301921 0.0247851 0.0196348 0.014886 0.0107006 0.00722273 0.00453448
 0.00897988 0.014598 0.0219837 0.0310544 0.0414659 0.0524419 0.0627322 0.0709 0.0758344 0.077134 0.0751302 0.0706343 0.0646243 0.0579906 0.0513685 0.0450797 0.0391898 0.0336331 0.0283294 0.0232504 0.01844 0.0140048 0.0100871 0.00682222 0.00429123
 0.00879041 0.014281 0.0214913 0.0303402 0.0405042 0.0512607 0.0614551 0.0697724 0.0752015 0.0773443 0.0763788 0.0728187 0.0673148 0.0605696 0.0532791 0.0460366 0.0392345 0.0330331 0.0274151 0.0222918 0.0175993 0.0133486 0.00961931 0.00651481 0.00410481
 0.00872233 0.0141628 0.0212984 0.0300426 0.0400701 0.0506653 0.060694 0.0688795 0.0742672 0.0765272 0.0758937 0.0728812 0.0680471 0.0619092 0.0549581 0.0476684 0.0404712 0.033698 0.0275373 0.02204 0.0171772 0.0129161 0.00926398 0.0062629 0.00394601
 0.0087045 0.0141291 0.0212384 0.029942 0.0399115 0.050431 0.060369 0.0684559 0.0737502 0.0759452 0.0753104 0.0724032 0.0678106 0.0620372 0.0554966 0.0485391 0.0414797 0.0346081 0.0281697 0.022336 0.0171937 0.0127689 0.00906559 0.0060857 0.0038187
 0.00868788 0.0141023 0.0211981 0.0298846 0.0398325 0.0503246 0.0602284 0.0682735 0.0735194 0.0756631 0.0749837 0.0720566 0.0674945 0.0618266 0.0554729 0.048754 0.0419189 0.0351804 0.0287386 0.0227783 0.0174492 0.0128508 0.00903371 0.0060071 0.00374038
 0.00868397 0.0140977 0.0211942 0.0298833 0.0398351 0.0503299 0.0602313 0.0682646 0.073486 0.0755918 0.074864 0.0718852 0.0672816 0.0616007 0.0552814 0.048653 0.041951 0.0353507 0.0290048 0.0230654 0.0176839 0.0129928 0.00908493 0.00599749 0.00370537
 0.00867441 0.0140818 0.02117 0.0298492 0.039791 0.0502783 0.0601774 0.0682154 0.0734469 0.0755634 0.0748398 0.0718542 0.0672324 0.0615291 0.055196 0.048577 0.0419164 0.0353839 0.0291109 0.0232221 0.0178501 0.0131289 0.00916979 0.00603319 0.00370847
 0.00865339 0.0140488 0.0211226 0.0297861 0.0397123 0.0501864 0.0600777 0.0681163 0.0733591 0.075497 0.0748019 0.0718453 0.0672464 0.061555 0.0552233 0.0486018 0.0419444 0.0354283 0.0291836 0.023324 0.0179679 0.0132407 0.00925663 0.00608723 0.00373379
 0.00864639 0.014037 0.0211038 0.0297582 0.0396736 0.0501361 0.0600171 0.068049 0.0732903 0.075433 0.074749 0.0718088 0.0672294 0.061557 0.0552405 0.0486287 0.0419774 0.0354678 0.0292333 0.0233869 0.0180414 0.0133159 0.00932214 0.00613501 0.00376238
 0.00862685 0.0140079 0.021065 0.0297112 0.0396209 0.0500804 0.0599606 0.0679935 0.0732379 0.0753862 0.0747108 0.0717826 0.067218 0.0615622 0.055262 0.0486641 0.042023 0.0355202 0.0292906 0.0234482 0.018105 0.0133778 0.00937677 0.00617748 0.00379087
 0.0086182 0.0139934 0.0210427 0.0296792 0.0395785 0.0500289 0.0599042 0.0679381 0.0731897 0.0753493 0.0746863 0.0717693 0.0672142 0.0615671 0.0552757 0.0486871 0.0420551 0.0355601 0.0293364 0.0234976 0.0181555 0.0134264 0.00941983 0.00621192 0.00381526
 0.00862491 0.0140026 0.0210531 0.0296884 0.0395834 0.0500263 0.0598916 0.0679151 0.0731576 0.0753117 0.0746477 0.0717342 0.0671858 0.0615468 0.0552639 0.0486839 0.0420604 0.0355738 0.0293578 0.0235251 0.0181869 0.0134587 0.00944976 0.00623688 0.00383377
 0.00859979 0.0139664 0.0210074 0.0296373 0.0395324 0.0499802 0.059853 0.0678839 0.0731327 0.0752921 0.0746338 0.0717274 0.0671879 0.061559 0.055286 0.0487143 0.0420971 0.0356146 0.0294008 0.0235686 0.018229 0.0134973 0.00948297 0.00626325 0.00385285
 0.00859979 0.0139664 0.0210074 0.0296373 0.0395324 0.0499802 0.059853 0.0678839 0.0731327 0.0752921 0.0746338 0.0717274 0.0671879 0.061559 0.055286 0.0487143 0.0420971 0.0356146 0.0294008 0.0235686 0.018229 0.0134973 0.00948297 0.00626325 0.00385285
 0.00855959 0.0138986 0.0209014 0.0294837 0.0393269 0.0497296 0.0595787 0.0676198 0.0729164 0.0751527 0.0745845 0.0717642 0.0672951 0.0617161 0.0554728 0.0489135 0.0422951 0.0358013 0.0295693 0.0237148 0.0183509 0.0135946 0.00955675 0.00631588 0.00388776
 0.00861457 0.0139832 0.0210191 0.0296323 0.0394972 0.0499037 0.0597309 0.0677216 0.0729452 0.0751014 0.0744646 0.0716017 0.0671199 0.0615529 0.0553363 0.0488091 0.0422217 0.0357546 0.0295438 0.0237049 0.0183516 0.0136015 0.00956643 0.00632565 0.00389598
 0.00906113 0.0146923 0.0220513 0.0310227 0.0412366 0.0519164 0.061857 0.0697274 0.0745694 0.0761247 0.074767 0.0711841 0.0660888 0.0600811 0.0536191 0.047026 0.0405138 0.0342165 0.0282277 0.02263 0.0175137 0.0129804 0.00913139 0.00603994 0.0037215
 0.00878597 0.0143088 0.0215943 0.0305702 0.0408957 0.0517947 0.0620341 0.0702329 0.0753714 0.0771277 0.075825 0.0721319 0.0667836 0.0604393 0.0536321 0.0467512 0.0400471 0.0336614 0.0276712 0.0221316 0.0171043 0.0126686 0.00891024 0.00589419 0.00363264
 0.00851129 0.0138337 0.020833 0.0294431 0.039369 0.0499335 0.0600371 0.0684115 0.0740649 0.0765891 0.0761384 0.0731969 0.0683644 0.0622451 0.0553952 0.0482813 0.0412513 0.034534 0.0282626 0.0225138 0.0173452 0.0128195 0.00900487 0.00595304 0.0036682
 0.00879238 0.0142471 0.0213694 0.0300536 0.0399638 0.0503906 0.0602242 0.0682249 0.0734796 0.0756957 0.075134 0.0723205 0.0678054 0.0620752 0.0555582 0.048637 0.041644 0.0348476 0.0284458 0.0225725 0.0173179 0.0127514 0.00893089 0.00589217 0.00362614
 0.00867611 0.0141004 0.0212255 0.0299653 0.0399836 0.0505401 0.0604698 0.0684772 0.0736211 0.0756277 0.0748224 0.0718199 0.0672473 0.0616207 0.0553334 0.0486842 0.0419137 0.0352328 0.0288336 0.0228855 0.0175279 0.012869 0.00898428 0.00591002 0.00362863
 0.00854495 0.0138741 0.0208647 0.0294361 0.0392776 0.0496994 0.0595985 0.067721 0.0731142 0.0754341 0.0749099 0.0720864 0.0675814 0.0619579 0.0556748 0.0490721 0.0423853 0.0357845 0.0294171 0.0234323 0.0179814 0.0132034 0.00920546 0.00604235 0.00370091
 0.00859589 0.0139446 0.0209463 0.0295083 0.0393079 0.0496476 0.0594274 0.0674132 0.0726899 0.0749571 0.0744708 0.0717662 0.0674169 0.0619341 0.0557478 0.0492042 0.0425631 0.0360111 0.0296904 0.0237308 0.0182689 0.0134459 0.0093846 0.00615886 0.00376802
 0.00833981 0.0135508 0.0203963 0.0288021 0.0384656 0.0487094 0.058453 0.0664774 0.071872 0.0743275 0.0740825 0.0716531 0.0675924 0.0623842 0.0564263 0.0500374 0.0434677 0.0369147 0.0305408 0.0244932 0.0189189 0.0139671 0.00977236 0.00642342 0.00393226
 0.00876928 0.014203 0.02129 0.0299186 0.0397467 0.0500604 0.0597461 0.0675628 0.0726024 0.0745939 0.0738445 0.0709507 0.0665356 0.0611262 0.0551282 0.0488344 0.0424473 0.0361127 0.0299526 0.0240908 0.0186642 0.0138198 0.00969563 0.00638746 0.00391671
 0.00870482 0.014154 0.0213175 0.0301093 0.0401848 0.050785 0.0607179 0.0686615 0.0736609 0.0754477 0.0743728 0.0710949 0.0662992 0.0605664 0.0543421 0.0479406 0.0415622 0.0353278 0.0293214 0.0236275 0.0183532 0.0136296 0.00959026 0.00633509 0.0038935
#pred catch len freq
 0.00310318 0.00506447 0.00769241 0.0110474 0.0151769 0.0200619 0.0255582 0.0313933 0.0372262 0.0427181 0.0475809 0.0516124 0.0547215 0.0569293 0.0583407 0.0591104 0.0594172 0.0594302 0.0592301 0.0586785 0.057315 0.0544219 0.0493436 0.0419433 0.0328831
 0.00334119 0.00538547 0.00805558 0.0113789 0.0153967 0.0201221 0.0254683 0.0312128 0.0370268 0.0425422 0.0474261 0.0514507 0.0545383 0.0567535 0.0582465 0.0591861 0.0597164 0.0599275 0.0598062 0.0591501 0.0575036 0.0542323 0.048808 0.0412035 0.0321211
 0.00339452 0.00551773 0.00833307 0.0118762 0.0161596 0.0211211 0.0265735 0.0322218 0.0377437 0.0428609 0.0473634 0.0511111 0.0540462 0.0562062 0.0577104 0.0587172 0.0593677 0.0597279 0.0597266 0.0590921 0.0573324 0.053843 0.0481848 0.0404306 0.0313384
 0.00358892 0.00580299 0.0087113 0.0123454 0.0167335 0.0218475 0.0275266 0.0334561 0.0392258 0.044429 0.0487574 0.0520713 0.0544207 0.0559997 0.057053 0.0577906 0.0583398 0.0587161 0.0587829 0.0582024 0.0564369 0.0528811 0.0471448 0.0393715 0.0303647
 0.00373862 0.00606107 0.00912465 0.0129612 0.0175836 0.0229297 0.0287971 0.0348444 0.0406664 0.0458785 0.0501745 0.0533714 0.0554541 0.0565876 0.0570667 0.0572153 0.0572787 0.0573378 0.0572504 0.056626 0.0548672 0.0513375 0.0456566 0.038 0.0291908
 0.00390171 0.00632098 0.00950906 0.0135 0.0183124 0.0238881 0.0300171 0.0363286 0.0423658 0.0476878 0.051952 0.0549731 0.0567562 0.0574857 0.0574665 0.0570416 0.0565067 0.0560208 0.0555141 0.0546306 0.0527666 0.0492607 0.0437133 0.0362887 0.0277919
