SBPRF35
7.78865
Curr Bio
550008
B35
677938
F35
0.224657
FOFL
0.198887
OFL
91488.3
Bzero
2.22533e+06
#pred survey bio
 4.54735e+06 4.2827e+06 4.037e+06 3.75373e+06 3.4323e+06 3.11196e+06 2.78339e+06 2.44129e+06 2.15306e+06 1.91096e+06 1.70418e+06 1.50333e+06 1.32914e+06 1.15907e+06 1.02468e+06 922853 811776 751532 701531 672518 646521 627940 597752 576165 569363 558065 554725 560604 561415 552578 556840 567875 554731 537236 533879 527176 522135 513921 509733 510591 522336 533044 545412 555564 559330 565495 569897 569993 581349 586601 589775 599618 569563 519343 511374 474834 476761 470878 466408 460919 507061 549498 2.11175e+07 1.30908e+07 1.35304e+07 1.41205e+07 1.47685e+07 1.53774e+07 1.58987e+07 1.6319e+07 1.66446e+07 1.68902e+07 1.70724e+07 1.72063e+07 1.73043e+07 1.7376e+07 1.74285e+07 1.74672e+07 1.74958e+07 1.7517e+07 1.75329e+07 1.75449e+07 1.75539e+07 1.75607e+07 1.75659e+07 1.75699e+07 1.75729e+07 1.75753e+07 1.75771e+07 1.75784e+07 1.75795e+07 1.75803e+07 1.75809e+07 1.75814e+07 1.75818e+07 1.75821e+07 1.75823e+07 1.75825e+07 1.75826e+07 1.75827e+07 1.75828e+07 1.75829e+07 1.75829e+07 1.75829e+07 1.7583e+07 1.7583e+07 1.7583e+07 1.7583e+07 1.7583e+07 1.7583e+07 1.7583e+07 1.7583e+07 1.75831e+07 1.75831e+07 1.75831e+07 1.75831e+07 1.75831e+07 1.75831e+07 1.75831e+07 1.75831e+07 1.75831e+07 1.75831e+07 1.75831e+07 1.75831e+07 1.75831e+07 1.75831e+07 1.75831e+07 1.75831e+07 1.75831e+07 1.75831e+07 1.75831e+07 1.75831e+07 1.75831e+07 1.75831e+07 1.75831e+07 1.75831e+07 1.75831e+07 1.75831e+07 1.75831e+07 1.75831e+07 1.75831e+07 1.75831e+07 1.75831e+07 1.75831e+07 1.75831e+07 1.75831e+07 1.75831e+07 1.75831e+07 1.75831e+07 1.75831e+07 1.75831e+07 1.75831e+07 1.75831e+07 1.75831e+07 1.75831e+07 1.75831e+07 1.75831e+07 1.75831e+07 1.75831e+07 1.75831e+07 1.75831e+07 1.75831e+07 0 0 0 0 0 0 0 0 0 0 0 0 0 0 0 0 0 0 0 0 0 0 0 0 0
#obs survey bio
 3.82285e+06 3.48159e+06 3.02452e+06 3.05108e+06 2.9237e+06 3.83884e+06 3.06417e+06 1.57312e+06 1.42376e+06 1.95774e+06 1.50109e+06 1.1969e+06 989269 792133 871919 939715 973859 729612 635848 716393 635330 533495 495874 437360 571318 486275 418102 740707 377133 507977 472705 419963 514727 483227 526099 518606 558046 666113 720090 408548 580651 618509 399764 551421 494964 620808 497005 645318 534573 410245 843288 835225 589745 505844 505460 620086 468231 560977 383064 421824 418980 664515
#pred catch bio
 93779.6 90950.1 147549 209569 238913 277726 321284 301491 284429 272375 281859 268827 271868 243692 215711 220605 172825 160833 139903 134666 125975 132689 121882 107141 109366 101836 94360.2 98775.8 106292 94395.8 88077.3 106611 106717 91085.4 90370.5 87356.5 92073.5 91470.9 88751.4 80860.9 82861.1 82374.4 85102.1 90880.2 89332.9 91676.2 96152.3 87789 94237.1 96234.3 89748 121346 135436 98550.2 121484 87529.8 94384.2 94443.6 98519.3 62044.5 73248.4 69169.9 91488.3 105111 107654 111248 115621 119806 123320 126053 128069 129500 130488 131154 131596 131885 132072 132192 132269 132317 132348 132367 132379 132387 132391 132394 132396 132397 132398 132398 132399 132399 132399 132399 132399 132399 132399 132399 132399 132399 132399 132399 132399 132399 132399 132399 132399 132399 132399 132399 132399 132399 132399 132399 132399 132399 132399 132399 132399 132399 132399 132399 132399 132399 132399 132399 132399 132399 132399 132399 132399 132399 132399 132399 132399 132399 132399 132399 132399 132399 132399 132399 132399 132399 132399 132399 132399 132399 132399 132399 132399 132399 132399 132399 132399 132399 132399 132399 132399 132399 132399 132399 0 0 0 0 0 0 0 0 0 0 0 0 0 0 0 0 0 0 0 0 0 0 0 0 0
#obs catch bio
 0 90711.9 148193 211231 240719 280326 325570 306743 289877 277106 288127 273757 278813 249913 220491 225717 174626 163057 141627 135849 127174 134658 123200 108058 110303 102580 95402.9 99630.3 107811 95531.9 88675.8 107939 108010 91970.3 91104.6 87711.9 92277.2 91454.7 88084.3 80588.2 82599.1 81989.6 84974.2 90391.5 88891.3 91147.6 95969.2 87429.6 94118.2 96568.6 89188.3 119946 134909 97118.6 120917 86291.7 93404.7 92897.8 98459 61630.7 73483.7 69084
#pred cpue bio
 4.47436e+06 4.21255e+06 3.96861e+06 3.68634e+06 3.3669e+06 3.04848e+06 2.72195e+06 2.38214e+06 2.09569e+06 1.85522e+06 1.65013e+06 1.45144e+06 1.27929e+06 1.11169e+06 979629 880076 772107 713750 665423 637581 612649 594852 565959 545397 539082 528304 524979 530634 531522 523017 527401 538565 526304 509890 507441 501743 496572 487244 482363 483188 494676 505172 517180 527027 530684 536560 540649 540530 551390 556375 559634 569766 540796 491565 483403 448096 450110 444338 439272 432690 476088 516652 1.99226e+07 1.23791e+07 1.2774e+07 1.32999e+07 1.39251e+07 1.4529e+07 1.50493e+07 1.54695e+07 1.5795e+07 1.60406e+07 1.62229e+07 1.63568e+07 1.64548e+07 1.65264e+07 1.6579e+07 1.66176e+07 1.66462e+07 1.66675e+07 1.66834e+07 1.66953e+07 1.67044e+07 1.67112e+07 1.67164e+07 1.67204e+07 1.67234e+07 1.67257e+07 1.67275e+07 1.67289e+07 1.673e+07 1.67308e+07 1.67314e+07 1.67319e+07 1.67323e+07 1.67325e+07 1.67328e+07 1.67329e+07 1.67331e+07 1.67332e+07 1.67333e+07 1.67333e+07 1.67334e+07 1.67334e+07 1.67334e+07 1.67335e+07 1.67335e+07 1.67335e+07 1.67335e+07 1.67335e+07 1.67335e+07 1.67335e+07 1.67335e+07 1.67335e+07 1.67335e+07 1.67335e+07 1.67335e+07 1.67335e+07 1.67335e+07 1.67335e+07 1.67335e+07 1.67335e+07 1.67335e+07 1.67335e+07 1.67335e+07 1.67335e+07 1.67335e+07 1.67335e+07 1.67335e+07 1.67335e+07 1.67335e+07 1.67335e+07 1.67335e+07 1.67335e+07 1.67335e+07 1.67335e+07 1.67335e+07 1.67335e+07 1.67335e+07 1.67335e+07 1.67335e+07 1.67335e+07 1.67335e+07 1.67335e+07 1.67335e+07 1.67335e+07 1.67335e+07 1.67335e+07 1.67335e+07 1.67335e+07 1.67335e+07 1.67335e+07 1.67335e+07 1.67335e+07 1.67335e+07 1.67335e+07 1.67335e+07 1.67335e+07 1.67335e+07 1.67335e+07 1.67335e+07 1.67335e+07 0 0 0 0 0 0 0 0 0 0 0 0 0 0 0 0 0 0 0 0 0 0 0 0 0
#obs cpue bio
 4.81792e+06 2.66284e+06 3.2702e+06 3.25222e+06 3.65353e+06 2.38393e+06 2.20132e+06 1.7572e+06 2.27378e+06 1.77086e+06 1.32779e+06 1.856e+06 1.03339e+06 1.10416e+06 907083 830556 739244 546193 568800 672758 466394 506608 671965 600582 539468 536953 400674 448740 534572 440228 657623 611180 496410 436810 562476 592990 576404 439929 637648 432921 503000 507805 565848 821831 585006 568099 525818 510900 554190 561720 679289 781151 388797 837029 433498 560287 492887 621276 279582 471778 402358 497798
#pred surv len freq
 0.00463787 0.00750428 0.0112522 0.0158647 0.0212574 0.0272108 0.0333287 0.0391158 0.04415 0.0482146 0.0513055 0.0535526 0.0551355 0.056224 0.056935 0.0573056 0.0572942 0.0567988 0.0556667 0.0536814 0.0505571 0.0460059 0.0399109 0.0325293 0.0245609
 0.00498801 0.00798921 0.0118307 0.016458 0.0217866 0.0276469 0.0337188 0.0395567 0.0447165 0.0488871 0.0519476 0.0539578 0.0551188 0.0557079 0.0559886 0.0561251 0.0561337 0.0558811 0.0551063 0.0534538 0.050529 0.0460112 0.0398311 0.0323343 0.0242952
 0.00509735 0.00821413 0.0122502 0.0171589 0.0228233 0.0289921 0.0352379 0.0410401 0.0459648 0.049794 0.0525181 0.0542493 0.0551574 0.0554532 0.0553732 0.0551329 0.0548525 0.0544885 0.0537992 0.0523656 0.0496881 0.0453602 0.0392872 0.0318451 0.0238569
 0.00524918 0.00844738 0.0125812 0.0176074 0.0234246 0.029804 0.0363275 0.0424434 0.0476348 0.0515752 0.0541782 0.0555582 0.0559636 0.0557058 0.0550904 0.0543611 0.0536586 0.0529792 0.0521276 0.050702 0.0481686 0.044055 0.038207 0.0309734 0.0231767
 0.00547148 0.00880087 0.0130978 0.0183103 0.0243236 0.0308917 0.0375787 0.0438222 0.049106 0.0531051 0.0557149 0.0570039 0.0571675 0.0564959 0.055327 0.0539783 0.0526742 0.0514831 0.0502648 0.0486528 0.0461196 0.0421651 0.0365833 0.0296675 0.0221942
 0.00569857 0.00916698 0.0136435 0.0190719 0.0253279 0.0321454 0.039057 0.045463 0.0508179 0.0547872 0.0572773 0.0583758 0.0582873 0.0572912 0.0557045 0.0538378 0.0519439 0.0501562 0.0484195 0.0464457 0.0437586 0.0398678 0.0345348 0.0279891 0.0209314
 0.005979 0.00961257 0.0142957 0.0199645 0.0264839 0.0335704 0.0407289 0.0473242 0.0527751 0.0567221 0.0590638 0.0598981 0.0594541 0.0580396 0.0559898 0.0536182 0.0511767 0.0488151 0.0465277 0.0441051 0.0411536 0.0372361 0.0321143 0.0259623 0.0193892
 0.00631925 0.0101572 0.0150998 0.0210741 0.0279281 0.0353498 0.042801 0.0495971 0.0551171 0.0589827 0.0610954 0.0615721 0.0606698 0.0587287 0.056115 0.053165 0.0501423 0.047206 0.0443752 0.0414939 0.0382449 0.034262 0.0293347 0.0235991 0.0175697
 0.00661536 0.0106329 0.0158058 0.0220561 0.0292213 0.0369681 0.0447233 0.0517571 0.0574048 0.0612576 0.0632052 0.0633713 0.0620355 0.0595701 0.0563764 0.0528214 0.0491915 0.0456647 0.0422849 0.0389404 0.0353788 0.0313014 0.0265341 0.0211886 0.0156933
 0.00687191 0.0110452 0.0164183 0.0229092 0.0303466 0.0383802 0.046408 0.0536639 0.0594481 0.0633258 0.0651731 0.0651111 0.063427 0.060511 0.0567898 0.052659 0.0484333 0.0443178 0.0403884 0.036578 0.0326945 0.0285014 0.0238609 0.0188668 0.0138705
 0.00709309 0.0114028 0.0169533 0.02366 0.0313438 0.0396375 0.0479112 0.0553642 0.0612656 0.0651606 0.0669182 0.0666617 0.0646865 0.0613948 0.057228 0.0525981 0.047839 0.0431801 0.0387308 0.0344708 0.0302678 0.0259454 0.0214012 0.0167152 0.0121701
 0.00738619 0.0118671 0.0176299 0.0245803 0.0325255 0.0410782 0.0495787 0.0571904 0.0631497 0.066984 0.0685617 0.0680211 0.0656824 0.061975 0.0573632 0.052274 0.0470496 0.0419287 0.0370399 0.0323997 0.0279285 0.0235064 0.0190657 0.0146759 0.0105582
 0.00760569 0.0122309 0.0181899 0.0253888 0.0336238 0.042479 0.0512485 0.0590435 0.065061 0.0688125 0.0701751 0.0693117 0.0665744 0.0624259 0.0573598 0.0518247 0.0461744 0.0406536 0.0354004 0.030454 0.0257744 0.0212871 0.0169546 0.0128386 0.00910758
 0.00785061 0.0126283 0.0187875 0.0262324 0.0347512 0.0439078 0.0529599 0.0609693 0.0670827 0.0707751 0.0719111 0.0706699 0.0674459 0.0627583 0.0571561 0.0511276 0.0450468 0.0391632 0.0336153 0.0284499 0.0236476 0.0191628 0.0149772 0.0111425 0.00778097
 0.00799389 0.0128677 0.0191605 0.0267799 0.0355116 0.0449061 0.0541953 0.0624069 0.0686529 0.0723801 0.0734337 0.0719851 0.0684355 0.0633292 0.0572553 0.050749 0.0442257 0.0379636 0.032117 0.0267432 0.0218353 0.0173621 0.0133122 0.00972272 0.00667547
 0.00801978 0.0129215 0.0192643 0.0269644 0.035813 0.0453591 0.0548237 0.0632162 0.0696255 0.073473 0.0745803 0.0730992 0.0694205 0.0640891 0.057708 0.050838 0.0439297 0.0372992 0.0311354 0.0255235 0.0204774 0.0159792 0.0120177 0.00861293 0.00580939
 0.00830493 0.0133527 0.0198536 0.0277034 0.0366779 0.0463193 0.0558456 0.0642611 0.0706465 0.0744158 0.0753882 0.0737215 0.0698184 0.0642382 0.0575961 0.0504618 0.0432941 0.0364208 0.0300486 0.0242845 0.0191643 0.0146844 0.0108349 0.00761826 0.00504527
 0.00840564 0.0135102 0.0200783 0.0279988 0.0370388 0.0467295 0.0562792 0.0646888 0.0710469 0.0747847 0.0757379 0.0740673 0.0701616 0.0645559 0.0578441 0.0505873 0.0432501 0.0361774 0.029601 0.0236571 0.0184099 0.0138775 0.0100574 0.00694137 0.00451347
 0.00849219 0.0136469 0.0202765 0.0282661 0.037377 0.0471322 0.0567284 0.0651535 0.0714869 0.0751605 0.0760221 0.0742527 0.070261 0.0645919 0.0578342 0.050532 0.0431312 0.0359672 0.029277 0.0232157 0.0178735 0.0132926 0.00948335 0.00643432 0.00411103
 0.00857239 0.0137564 0.020403 0.0283867 0.0374664 0.0471748 0.0567281 0.065133 0.0714785 0.0751918 0.0761062 0.0743858 0.0704274 0.0647719 0.0580093 0.0506852 0.0432436 0.0360161 0.0292396 0.0230779 0.0176394 0.0129881 0.00915067 0.00611913 0.00384873
 0.00861762 0.0138349 0.0205291 0.0285725 0.0377148 0.0474702 0.0570323 0.0653933 0.0716471 0.0752472 0.0760619 0.0742815 0.0703082 0.0646705 0.0579385 0.0506406 0.0432102 0.0359739 0.0291681 0.0229609 0.017471 0.0127771 0.00891979 0.00589743 0.00366133
 0.00851684 0.0136924 0.0203547 0.0283911 0.0375608 0.0473791 0.0570298 0.0654874 0.0718235 0.0754713 0.0762888 0.074472 0.0704436 0.0647561 0.0579946 0.0506875 0.0432572 0.0360169 0.0291934 0.0229533 0.0174213 0.0126868 0.00880182 0.00577182 0.00354773
 0.0086129 0.0138273 0.0205194 0.028566 0.0377248 0.0475213 0.057157 0.06562 0.0719816 0.0756583 0.0764833 0.0746339 0.0705304 0.0647413 0.0578784 0.0504952 0.0430261 0.0357813 0.0289742 0.0227566 0.017244 0.0125246 0.00865447 0.00564351 0.00344405
 0.00870302 0.0139626 0.0207008 0.0287845 0.0379606 0.0477454 0.0573361 0.0657256 0.0720019 0.0756065 0.0763942 0.0745472 0.0704701 0.0647059 0.0578468 0.0504429 0.0429404 0.0356652 0.0288411 0.0226207 0.0171148 0.0124065 0.00854972 0.00555441 0.00337305
 0.00872836 0.0139934 0.0207281 0.0287935 0.0379347 0.0476728 0.0572143 0.065563 0.0718153 0.0754177 0.0762286 0.0744317 0.0704289 0.0647519 0.0579737 0.0506247 0.0431396 0.0358465 0.0289819 0.0227141 0.0171649 0.0124231 0.00854352 0.00553563 0.0033502
 0.00891185 0.0142624 0.0210779 0.029199 0.0383548 0.0480598 0.0575226 0.0657554 0.0718681 0.075326 0.0760085 0.074118 0.070068 0.0643919 0.0576553 0.0503728 0.0429599 0.0357276 0.0289035 0.0226562 0.0171145 0.0123749 0.00849802 0.00549539 0.00331764
 0.00888618 0.0142445 0.0210937 0.0292835 0.0385389 0.0483504 0.0578892 0.0661332 0.0721796 0.0755095 0.0760373 0.0740032 0.0698473 0.0641146 0.0573688 0.0501147 0.0427531 0.0355793 0.0288071 0.022597 0.0170767 0.0123468 0.00847349 0.00547325 0.00329882
 0.00883378 0.0141509 0.0209396 0.0290521 0.0382269 0.0479818 0.0575208 0.0658422 0.0720341 0.0755371 0.0762131 0.0742647 0.0701255 0.0643608 0.0575648 0.0502661 0.0428762 0.0356892 0.0289113 0.0226948 0.0171626 0.0124148 0.00852116 0.00550213 0.00331351
 0.00878495 0.0140837 0.0208599 0.0289697 0.0381497 0.047908 0.0574376 0.0657347 0.0719007 0.0754 0.0761126 0.0742384 0.0701863 0.0644899 0.057724 0.0504186 0.0430015 0.0357848 0.0289849 0.0227552 0.017214 0.0124575 0.00855351 0.00552379 0.00332594
 0.00872312 0.0140016 0.0207708 0.0288983 0.0381263 0.0479578 0.0575702 0.0659368 0.0721371 0.0756222 0.076275 0.0743147 0.0701783 0.064422 0.0576276 0.0503168 0.0429048 0.0356954 0.0289041 0.0226859 0.0171594 0.0124184 0.00852813 0.00550842 0.00331696
 0.008642 0.0138583 0.0205359 0.0285427 0.0376342 0.0473448 0.0568952 0.0652969 0.0716407 0.0753526 0.0762634 0.0745362 0.0705686 0.0649046 0.0581359 0.0508051 0.0433468 0.0360779 0.0292216 0.0229382 0.0173511 0.0125575 0.00862401 0.00557082 0.00335485
 0.00840942 0.0135119 0.0200721 0.0279755 0.036987 0.0466399 0.0561511 0.0645384 0.0709147 0.0747359 0.0758508 0.0744104 0.0707673 0.065403 0.0588551 0.0516405 0.0441981 0.0368695 0.0299079 0.0234994 0.0177858 0.0128763 0.00884466 0.00571404 0.00344141
 0.00830595 0.0133604 0.0198759 0.02775 0.0367572 0.0464334 0.0559899 0.0644305 0.0708479 0.0746809 0.0757753 0.074301 0.0706442 0.0653141 0.0588519 0.0517507 0.0444137 0.0371536 0.0302133 0.0237856 0.0180271 0.0130627 0.00897767 0.00580187 0.00349499
 0.00817155 0.0131598 0.0196078 0.0274269 0.0364034 0.046082 0.0556785 0.0641959 0.0707184 0.0746659 0.075859 0.0744464 0.0708075 0.0654647 0.0589847 0.0518837 0.0445715 0.0373497 0.030441 0.0240226 0.0182471 0.013246 0.00911565 0.00589635 0.00355396
 0.00808198 0.0129913 0.0193134 0.0269535 0.0357101 0.045167 0.054601 0.0630762 0.069711 0.0739161 0.075465 0.0744387 0.0711504 0.0660739 0.0597553 0.0527177 0.0453969 0.0381232 0.0311393 0.0246311 0.0187548 0.0136461 0.00941015 0.00609678 0.00367924
 0.00871971 0.0138812 0.020379 0.0280261 0.0365696 0.0456108 0.0545078 0.0624356 0.0686176 0.0725434 0.0740269 0.0731446 0.0701604 0.0654676 0.0595271 0.0527976 0.0456852 0.0385225 0.031573 0.0250477 0.019123 0.0139489 0.00964123 0.00625942 0.00378399
 0.00921867 0.014686 0.0215692 0.0296458 0.0385888 0.0478805 0.0567397 0.0642442 0.0696333 0.0725481 0.0730362 0.0713921 0.068002 0.0632642 0.0575559 0.0512138 0.044528 0.0377492 0.0311007 0.0247875 0.0189992 0.0139049 0.00963842 0.00627312 0.00380039
 0.00902793 0.0144883 0.0214805 0.0298472 0.0392812 0.0492087 0.058714 0.0666986 0.0722376 0.0748737 0.0746628 0.0720267 0.0675684 0.0619207 0.0556288 0.0490807 0.0425077 0.0360403 0.0297783 0.0238358 0.0183552 0.0134929 0.00938891 0.00613071 0.0037243
 0.00891976 0.0142932 0.0211599 0.0293757 0.0386813 0.0485891 0.0582818 0.0667139 0.0729093 0.0762424 0.076541 0.0740389 0.0692782 0.0629826 0.0558959 0.0486268 0.041565 0.0348944 0.0286717 0.0229165 0.0176747 0.0130351 0.00910577 0.00596868 0.00363836
 0.00890613 0.0142614 0.0210921 0.0292444 0.0384513 0.0482271 0.0577777 0.0661095 0.0723213 0.0758551 0.0765499 0.0745591 0.0702645 0.0642198 0.0570761 0.0494748 0.0419416 0.0348259 0.0283026 0.0224264 0.0172077 0.0126689 0.0088577 0.00582012 0.00355872
 0.00881572 0.0141196 0.020888 0.0289702 0.038102 0.0478008 0.0572769 0.065546 0.0717237 0.0752797 0.0760884 0.0743306 0.0703807 0.0647291 0.0579185 0.050483 0.0429006 0.0355585 0.0287323 0.0225835 0.0171865 0.0125712 0.00875508 0.00574477 0.00351461
 0.008835 0.0141353 0.0208827 0.0289183 0.0379759 0.0475816 0.0569627 0.0651534 0.071282 0.0748237 0.0756561 0.073968 0.0701466 0.0646877 0.0581158 0.0509146 0.0434948 0.0361938 0.0292837 0.0229719 0.0173998 0.0126496 0.00875748 0.00571994 0.00348974
 0.0087469 0.0140129 0.0207361 0.0287667 0.0378387 0.0474653 0.056854 0.0650238 0.0711038 0.0745868 0.0753763 0.0736828 0.0699041 0.0645371 0.0580992 0.0510577 0.0437938 0.0366063 0.0297359 0.0233836 0.0177142 0.01285 0.00886169 0.00576184 0.0035006
 0.00871749 0.0139585 0.0206432 0.0286222 0.0376372 0.0472173 0.0565896 0.0647844 0.0709241 0.0744775 0.0753206 0.0736499 0.069871 0.0645034 0.0580876 0.0511019 0.043921 0.0368224 0.0300187 0.0236887 0.0179923 0.013066 0.00900467 0.00584211 0.00353843
 0.00876283 0.0140272 0.0207364 0.0287354 0.0377588 0.0473286 0.056667 0.0648063 0.07088 0.0743738 0.0751775 0.0734908 0.0697108 0.0643473 0.0579383 0.0509698 0.0438257 0.0367843 0.0300469 0.0237733 0.0181073 0.0131807 0.00909664 0.00590289 0.00357165
 0.00879445 0.0140743 0.0207992 0.0288113 0.0378426 0.0474133 0.0567441 0.0648654 0.0709088 0.0743613 0.0751185 0.0733895 0.0695809 0.0642069 0.0578039 0.050853 0.0437351 0.036728 0.030031 0.023798 0.0181634 0.0132514 0.00916425 0.00595552 0.00360581
 0.00879367 0.0140801 0.0208208 0.0288606 0.0379305 0.0475436 0.0569087 0.065044 0.0710743 0.0744873 0.0751853 0.0733875 0.0695116 0.0640816 0.0576415 0.0506761 0.0435654 0.0365831 0.0299226 0.0237309 0.0181351 0.0132526 0.00918181 0.00597732 0.00362405
 0.0088414 0.014152 0.0209189 0.0289844 0.0380784 0.047715 0.0571035 0.0652594 0.0712995 0.0747005 0.0753563 0.0734854 0.0695149 0.0639854 0.0574589 0.0504335 0.0432956 0.0363179 0.0296879 0.0235429 0.0179994 0.0131656 0.00913327 0.0059545 0.00361551
 0.00879671 0.0140819 0.0208182 0.0288504 0.0379122 0.0475232 0.0569005 0.0650683 0.0711503 0.0746232 0.0753716 0.0735961 0.069702 0.064213 0.0576855 0.0506254 0.0434352 0.0364052 0.0297348 0.0235661 0.0180133 0.0131788 0.00914841 0.00597024 0.00362934
 0.00858497 0.0137863 0.0204631 0.0284879 0.0376064 0.0473252 0.0568293 0.0651083 0.0712649 0.0747749 0.0755359 0.0737645 0.0698763 0.0643955 0.0578716 0.0508024 0.0435873 0.0365206 0.0298109 0.0236093 0.0180349 0.0131898 0.00915601 0.00597739 0.00363614
 0.00842097 0.0135227 0.0200749 0.0279622 0.0369546 0.0465961 0.056114 0.0645241 0.0709181 0.0747195 0.0757547 0.074184 0.0704031 0.0649501 0.0584033 0.0512854 0.0440096 0.0368757 0.030096 0.0238263 0.0181916 0.0132977 0.00922759 0.00602341 0.00366473
 0.00842259 0.0134932 0.0199709 0.0277235 0.0365193 0.045927 0.0552246 0.063492 0.0698764 0.0738285 0.0751607 0.0739784 0.0705971 0.065477 0.0591479 0.0521237 0.0448397 0.0376299 0.0307383 0.0243439 0.0185871 0.013584 0.00942351 0.0061497 0.00374107
 0.0087025 0.0139423 0.0206315 0.0286195 0.0376375 0.0471954 0.0565 0.0645769 0.0705714 0.0740006 0.074792 0.0731691 0.0695243 0.0643328 0.058085 0.0512281 0.0441338 0.0370949 0.0303392 0.0240474 0.0183681 0.013425 0.00931201 0.00607561 0.00369521
 0.00902232 0.0144639 0.0214191 0.0297317 0.0391127 0.0490268 0.0586074 0.0667902 0.0726425 0.0756459 0.0757571 0.0732968 0.0688026 0.0629002 0.0561877 0.0491457 0.0421081 0.0352882 0.0288299 0.0228498 0.0174591 0.0127649 0.00885574 0.00577798 0.00351383
 0.00875389 0.0140744 0.0209229 0.0291797 0.0385886 0.0486351 0.0584575 0.0669762 0.0732161 0.0765866 0.0769546 0.0745626 0.0699153 0.0636704 0.0565153 0.0490439 0.0416832 0.03469 0.0281983 0.0222816 0.017001 0.012425 0.00862055 0.00562558 0.00342161
 0.00904965 0.0144975 0.0214539 0.029768 0.0391711 0.0491659 0.0589281 0.0674141 0.0736631 0.0770703 0.0774677 0.0750569 0.0703095 0.063869 0.056436 0.0486473 0.0409933 0.0337927 0.0272168 0.0213386 0.0161877 0.0117867 0.0081608 0.00532045 0.00323489
 0.00911875 0.0145869 0.0215443 0.0298225 0.0391404 0.0490004 0.0585956 0.066921 0.0730697 0.0764923 0.0770513 0.0749305 0.0705308 0.0643977 0.0571451 0.0493697 0.0415792 0.034154 0.0273417 0.0212778 0.0160207 0.0115893 0.00798448 0.00518804 0.00314796
 0.00957542 0.0152546 0.022409 0.0308192 0.0401659 0.0499371 0.059333 0.0673676 0.0731641 0.0762179 0.0764524 0.0741144 0.0696475 0.0635966 0.056528 0.0489615 0.0413323 0.0339832 0.0271693 0.0210644 0.0157707 0.011334 0.00775873 0.00501379 0.00302941
 0.00993699 0.0158316 0.0232532 0.0319602 0.0415923 0.0515735 0.0610262 0.0689009 0.0743081 0.0767973 0.0763955 0.0734648 0.0685406 0.0622204 0.0550789 0.0476038 0.0401685 0.033045 0.026433 0.0204822 0.0153003 0.0109525 0.00745918 0.00479354 0.00288118
 0.0102736 0.0163567 0.0240026 0.0329539 0.0428322 0.0530386 0.0626602 0.0705983 0.0759099 0.0781081 0.0772221 0.0736671 0.0680763 0.0611616 0.0535934 0.0459073 0.0384693 0.0315003 0.0251296 0.0194423 0.0145035 0.0103611 0.00703497 0.00450292 0.00269423
 0.00980751 0.0156667 0.0230922 0.0318754 0.0416792 0.0519298 0.0617253 0.0699669 0.0756945 0.078376 0.0779644 0.0747831 0.0693881 0.0624596 0.0546968 0.0467122 0.0389632 0.0317405 0.0252026 0.019427 0.0144529 0.0103026 0.00697989 0.00445592 0.00265758
 0.00927161 0.014861 0.0220037 0.0305409 0.0401819 0.0503884 0.0602834 0.0687805 0.0749099 0.0781004 0.0782407 0.0755798 0.0706036 0.0639385 0.0562552 0.0481732 0.0401941 0.0326776 0.0258508 0.0198377 0.0146938 0.0104342 0.00704615 0.00448536 0.0026677
#obs surv len freq
 nan nan nan nan nan nan nan nan nan nan nan nan nan nan nan nan nan nan nan nan nan nan nan nan nan
 0.00448273 0.00734318 0.0111723 0.0159881 0.0216886 0.0279643 0.0342787 0.0400106 0.0446908 0.0481553 0.0505139 0.0520105 0.0529034 0.0534164 0.0537312 0.0539865 0.0542653 0.0545582 0.0546971 0.054289 0.052727 0.049359 0.0438085 0.0362881 0.0276713
 0.00461663 0.00756196 0.0115033 0.0164563 0.0223109 0.0287397 0.0351793 0.0409786 0.0456467 0.0490132 0.0511977 0.0524651 0.0531008 0.0533553 0.0534334 0.053489 0.0536113 0.0537903 0.0538542 0.053408 0.0518465 0.048522 0.0430596 0.0356651 0.0271952
 0.00477249 0.00781892 0.0118966 0.0170211 0.0230748 0.0297117 0.0363378 0.042266 0.0469758 0.0502816 0.0523036 0.0533197 0.0536369 0.0535343 0.0532475 0.0529601 0.0527843 0.052724 0.0526145 0.0520649 0.0504748 0.0472017 0.0418701 0.0346721 0.0264348
 0.00496886 0.00813801 0.0123768 0.0176985 0.0239771 0.0308484 0.0376884 0.0437749 0.0485573 0.0518327 0.0537174 0.0544955 0.0544867 0.0539892 0.0532646 0.0525268 0.0519204 0.0514797 0.0510654 0.0503085 0.0486264 0.0453886 0.0402181 0.0332837 0.0253678
 0.00517669 0.00848046 0.0129006 0.0184497 0.0249921 0.0321389 0.0392275 0.0454928 0.0503523 0.0535911 0.0553309 0.055868 0.0555349 0.0546412 0.0534615 0.0522285 0.0511131 0.0501839 0.049342 0.0482609 0.0463983 0.0431514 0.0381476 0.0315265 0.0240091
 0.00540722 0.00885424 0.0134617 0.0192395 0.0260428 0.0334629 0.0408048 0.0472643 0.0522252 0.0554539 0.0570696 0.0573779 0.0567257 0.0554381 0.053803 0.0520656 0.0504129 0.0489396 0.0475881 0.0460868 0.0439537 0.0406356 0.035777 0.0294892 0.0224205
 0.00563788 0.00923648 0.0140501 0.0200887 0.0271959 0.0349331 0.0425586 0.0492178 0.0542593 0.05744 0.0588909 0.0589379 0.0579468 0.056256 0.0541632 0.0519208 0.0497253 0.0476893 0.0457897 0.0438112 0.0413436 0.0379007 0.0331612 0.0272144 0.0206311
 0.00590398 0.0096689 0.0147009 0.0210072 0.0284201 0.0364764 0.0443937 0.0512691 0.0564102 0.0595526 0.0608284 0.0605824 0.0592075 0.0570699 0.0544881 0.0517261 0.0489856 0.0463879 0.0439347 0.0414605 0.0386284 0.0350288 0.0303871 0.0247801 0.0187014
 0.0061298 0.0100429 0.0152767 0.0218387 0.0295511 0.0379237 0.0461304 0.0532194 0.0584619 0.0615793 0.0627088 0.0622094 0.0604912 0.0579378 0.0548854 0.0516134 0.0483358 0.0451864 0.0421889 0.0392218 0.0360158 0.0322378 0.0276655 0.022371 0.016777
 0.00637024 0.0104349 0.0158688 0.0226777 0.0306737 0.0393429 0.0478215 0.0551131 0.0604519 0.0635412 0.06452 0.0637629 0.0617016 0.0587413 0.0552359 0.0514777 0.0476895 0.0440157 0.040501 0.0370641 0.0334984 0.0295434 0.025029 0.0200272 0.0148962
 0.00662375 0.0108498 0.016498 0.0235711 0.0318677 0.0408437 0.0495894 0.0570585 0.0624505 0.0654593 0.0662377 0.0651852 0.062759 0.0593865 0.0554384 0.0512183 0.0469561 0.0428031 0.0388199 0.0349594 0.0310713 0.0269613 0.0225087 0.017787 0.0130964
 0.00685477 0.01123 0.0170786 0.0244025 0.0329889 0.0422663 0.0512803 0.0589347 0.0643898 0.0673244 0.0679003 0.0665415 0.0637366 0.0599426 0.0555539 0.0508892 0.0461854 0.0415986 0.0372005 0.032971 0.0288068 0.0245707 0.0201854 0.0157261 0.0114414
 0.00708078 0.0115996 0.0176389 0.0251985 0.0340547 0.0436107 0.0528724 0.060698 0.0662121 0.0690782 0.0694634 0.0678115 0.0646377 0.0604282 0.0556047 0.0505068 0.0453845 0.0404014 0.0356384 0.0310962 0.026708 0.0223821 0.0180762 0.0138652 0.00995179
 0.00727199 0.0119167 0.0181275 0.0259044 0.0350138 0.0448339 0.05433 0.0623155 0.0678814 0.0706796 0.0708853 0.0689625 0.0654505 0.0608596 0.055634 0.0501331 0.0446222 0.039277 0.0341903 0.0293816 0.024813 0.0204282 0.0162099 0.0122295 0.00864844
 0.00746349 0.0122288 0.0185986 0.0265708 0.0359026 0.0459518 0.0556512 0.0637765 0.0693883 0.0721241 0.072163 0.0699857 0.0661552 0.0612077 0.0556109 0.0497428 0.0438827 0.0382169 0.0328504 0.0278196 0.0231111 0.0186954 0.0145727 0.0108071 0.00752276
 0.00751843 0.0123259 0.01876 0.0268233 0.0362745 0.0464657 0.0563161 0.064583 0.0703074 0.0731102 0.0731569 0.0709185 0.0669543 0.0618048 0.0559502 0.0497872 0.0436163 0.0376449 0.0319988 0.0267369 0.0218709 0.0173949 0.0133222 0.0097096 0.00664897
 0.00760728 0.0124573 0.0189342 0.0270346 0.0365157 0.046735 0.0566216 0.0649401 0.070732 0.0736094 0.0737223 0.0715231 0.0675546 0.062345 0.0563696 0.0500285 0.0436342 0.0374135 0.0315173 0.026033 0.0210014 0.0164422 0.0123819 0.00887119 0.00597513
 0.00768169 0.0125738 0.0191003 0.0272525 0.0367799 0.0470306 0.0569248 0.0652244 0.070979 0.0738188 0.0739131 0.0717241 0.0677866 0.0626072 0.0566348 0.0502489 0.0437533 0.0373808 0.031301 0.0256301 0.0204419 0.0157856 0.0117058 0.00825202 0.00546896
 0.00771429 0.0126248 0.0191736 0.0273502 0.0369027 0.0471767 0.0570891 0.0653975 0.0711482 0.0739719 0.0740436 0.0718357 0.0678931 0.0627258 0.0567745 0.0504003 0.0438861 0.0374508 0.0312646 0.0254602 0.0201399 0.0153842 0.0112603 0.00782393 0.00510778
 0.00778635 0.0127313 0.0193141 0.0275175 0.0370846 0.04736 0.0572622 0.0655516 0.0712768 0.0740707 0.0741106 0.0718718 0.0679036 0.0627202 0.0567653 0.0503966 0.043887 0.0374404 0.0312158 0.0253455 0.0199454 0.0151189 0.0109553 0.00752171 0.00484644
 0.00782921 0.0128008 0.0194178 0.0276606 0.037267 0.0475729 0.0574862 0.0657596 0.0714418 0.0741753 0.0741521 0.0718601 0.0678549 0.062651 0.0566889 0.0503225 0.0438193 0.0373759 0.0311427 0.025247 0.0198078 0.0149402 0.0107495 0.00731398 0.004663
 0.00786205 0.0128512 0.0194882 0.0277517 0.0373782 0.0477029 0.0576321 0.0659148 0.0715953 0.0743111 0.0742534 0.0719143 0.0678581 0.0626095 0.0566159 0.0502331 0.0437258 0.0372844 0.031052 0.0251499 0.0196958 0.0148095 0.0106055 0.00717007 0.00453517
 0.00787379 0.0128666 0.0195045 0.0277645 0.0373829 0.0476972 0.0576183 0.0659004 0.0715905 0.0743257 0.0742921 0.0719745 0.06793 0.0626797 0.0566728 0.0502706 0.0437435 0.0372852 0.0310383 0.0251213 0.0196501 0.0147459 0.0105276 0.00708667 0.00445731
 0.00789025 0.01289 0.0195335 0.0277951 0.0374093 0.0477131 0.0576183 0.0658821 0.071556 0.0742823 0.0742515 0.0719492 0.0679286 0.0627035 0.0567152 0.0503203 0.0437894 0.0373192 0.0310564 0.0251221 0.0196336 0.0147135 0.0104829 0.00703609 0.00440844
 0.00789129 0.0128886 0.0195256 0.0277751 0.0373718 0.0476546 0.05754 0.06579 0.0714597 0.0741931 0.0741805 0.0719062 0.0679207 0.0627338 0.0567811 0.0504133 0.0438963 0.0374255 0.0311494 0.0251936 0.0196798 0.014735 0.0104837 0.00702279 0.00438851
 0.00787538 0.0128604 0.019479 0.0277032 0.0372684 0.0475179 0.0573746 0.0656082 0.0712796 0.0740351 0.0740628 0.071842 0.0679165 0.0627891 0.0568892 0.0505622 0.0440704 0.0376074 0.0313222 0.0253433 0.0197974 0.0148177 0.0105342 0.00704763 0.00439628
 0.00791147 0.0129111 0.0195402 0.0277655 0.0373187 0.0475426 0.0573628 0.0655543 0.0711844 0.0739064 0.0739151 0.0716942 0.0677887 0.0626977 0.0568444 0.0505663 0.0441181 0.0376871 0.031419 0.0254416 0.0198844 0.0148851 0.0105796 0.00707342 0.00440765
 0.00791677 0.012924 0.0195671 0.0278135 0.0373922 0.0476382 0.0574668 0.065644 0.0712355 0.0739017 0.0738511 0.0715813 0.0676472 0.0625519 0.0567166 0.0504729 0.044067 0.0376777 0.0314431 0.0254866 0.0199366 0.0149332 0.0106167 0.00709758 0.00442064
 0.00787258 0.012854 0.0194659 0.027679 0.0372283 0.0474572 0.0572896 0.0654964 0.0711398 0.0738674 0.0738716 0.0716385 0.0677209 0.0626282 0.0567915 0.0505499 0.0441523 0.0377753 0.0315519 0.0256003 0.0200457 0.0150283 0.0106914 0.00715024 0.00445371
 0.00784068 0.0127966 0.0193696 0.0275291 0.0370131 0.0471759 0.0569582 0.0651491 0.0708221 0.0736246 0.0737365 0.071623 0.0678149 0.0628052 0.0570184 0.0507972 0.0443998 0.0380121 0.0317728 0.0258014 0.0202221 0.015175 0.0108051 0.00723126 0.00450622
 0.00784994 0.0128067 0.0193752 0.0275208 0.0369783 0.0471007 0.0568317 0.0649669 0.0705915 0.0733671 0.0734858 0.0714179 0.0676882 0.062774 0.0570798 0.0509319 0.0445806 0.0382127 0.0319731 0.025988 0.0203868 0.0153125 0.0109127 0.00730923 0.00455789
 0.00780743 0.012743 0.0192891 0.0274143 0.0368553 0.046965 0.0566853 0.0648108 0.0704268 0.0731973 0.0733194 0.0712701 0.0675796 0.062726 0.0571076 0.0510383 0.0447541 0.0384309 0.0322094 0.0262184 0.0205935 0.0154849 0.0110465 0.00740549 0.00462158
 0.00778688 0.0127035 0.0192189 0.0273002 0.0366873 0.0467433 0.056425 0.0645399 0.0701778 0.072996 0.0731781 0.0711886 0.067552 0.0627479 0.0571791 0.0511617 0.0449286 0.038648 0.0324523 0.0264654 0.0208233 0.0156814 0.0112013 0.00751754 0.00469595
 0.00774209 0.0126348 0.0191228 0.027175 0.0365325 0.0465581 0.0562098 0.0642996 0.0699253 0.0727535 0.0729734 0.0710473 0.0674897 0.0627665 0.0572702 0.0513125 0.0451261 0.0388801 0.0327053 0.0267225 0.0210661 0.0158932 0.0113713 0.00764256 0.00477982
 0.0093253 0.0148466 0.0217832 0.0298942 0.038825 0.0480246 0.0566798 0.0638558 0.0688165 0.0712691 0.0713534 0.0694534 0.0660165 0.0614642 0.0561605 0.0503983 0.0443982 0.0383218 0.0322961 0.0264395 0.0208844 0.015787 0.0113163 0.00761845 0.00477181
 0.00932307 0.0151341 0.0227284 0.0319514 0.0423352 0.0529477 0.062425 0.0693791 0.0729923 0.073335 0.0711628 0.0674126 0.0628081 0.0577568 0.0524447 0.0469618 0.0413758 0.0357579 0.0301887 0.0247634 0.0196007 0.0148471 0.0106636 0.00719231 0.00451247
 0.00897275 0.0145854 0.0219631 0.0310226 0.0414205 0.0523822 0.0626607 0.0708228 0.0757607 0.0770747 0.0750952 0.0706305 0.0646539 0.0580498 0.0514486 0.0451692 0.0392768 0.0337077 0.028385 0.0232849 0.0184552 0.0140055 0.0100793 0.00681153 0.00428135
 0.00880891 0.014308 0.0215259 0.0303793 0.0405426 0.0512924 0.0614737 0.0697729 0.0751811 0.077304 0.0763243 0.0727593 0.0672613 0.0605317 0.0532621 0.0460403 0.0392538 0.0330597 0.0274407 0.02231 0.0176075 0.0133475 0.00961206 0.00650513 0.00409571
 0.00870416 0.0141368 0.0212657 0.0300065 0.0400346 0.0506337 0.0606676 0.0688575 0.0742478 0.076509 0.0758764 0.0728665 0.068038 0.0619094 0.0549709 0.0476953 0.0405109 0.0337463 0.0275878 0.0220859 0.0172137 0.0129409 0.0092781 0.00626905 0.00394744
 0.0086944 0.0141115 0.0212098 0.0298993 0.0398534 0.0503596 0.0602916 0.0683833 0.0736937 0.0759117 0.075301 0.0724137 0.0678348 0.0620699 0.055535 0.0485825 0.0415281 0.0346605 0.0282235 0.022387 0.0172377 0.0128031 0.00908906 0.00609982 0.003826
 0.00870303 0.014124 0.0212253 0.029914 0.0398588 0.050342 0.0602314 0.068259 0.0734876 0.0756185 0.074934 0.0720101 0.0674574 0.0618014 0.0554592 0.0487502 0.0419234 0.0351921 0.0287563 0.0227996 0.017471 0.0128702 0.00904862 0.00601694 0.0037459
 0.00868649 0.0141031 0.0212048 0.0299015 0.0398623 0.0503651 0.0602697 0.0682984 0.0735065 0.0755927 0.0748438 0.071848 0.0672349 0.0615535 0.0552409 0.0486231 0.0419328 0.0353432 0.029006 0.0230728 0.0176949 0.0130046 0.00909536 0.00600529 0.00371033
 0.00866552 0.014068 0.0211506 0.0298244 0.0397623 0.0502489 0.0601522 0.0681994 0.0734434 0.0755719 0.0748562 0.0718719 0.0672459 0.0615362 0.0551981 0.0485777 0.0419193 0.0353913 0.0291231 0.0232378 0.0178673 0.0131454 0.00918382 0.00604381 0.00371559
 0.00866109 0.0140605 0.0211385 0.0298057 0.0397345 0.0502092 0.0600988 0.0681336 0.0733712 0.0755035 0.0748033 0.071842 0.0672381 0.0615409 0.055203 0.0485766 0.0419174 0.0354033 0.0291638 0.0233109 0.0179613 0.0132391 0.00925791 0.0060896 0.00373606
 0.00864258 0.0140331 0.0211024 0.0297627 0.0396874 0.0501609 0.0600514 0.068088 0.0733276 0.0754628 0.0747675 0.0718151 0.0672247 0.0615435 0.0552203 0.0486037 0.0419495 0.0354394 0.0292072 0.0233655 0.018026 0.0133063 0.00931716 0.00613308 0.00376204
 0.0086431 0.0140312 0.0210945 0.0297442 0.0396545 0.0501128 0.0599917 0.0680247 0.0732697 0.075417 0.0747365 0.0717978 0.0672187 0.0615471 0.055233 0.0486251 0.0419786 0.0354747 0.0292476 0.0234106 0.0180748 0.0133556 0.00936195 0.00616856 0.00378604
 0.00862725 0.0140079 0.0210638 0.0297075 0.0396132 0.0500677 0.0599426 0.0679712 0.0732133 0.0753623 0.0746905 0.0717678 0.0672088 0.0615577 0.0552609 0.0486655 0.0420271 0.0355277 0.0293027 0.0234657 0.0181281 0.0134048 0.00940443 0.006202 0.00380951
 0.00862073 0.0139973 0.0210481 0.0296858 0.0395857 0.0500357 0.0599087 0.0679384 0.0731842 0.0753375 0.0746692 0.0717492 0.067194 0.0615493 0.0552619 0.0486776 0.0420498 0.0355589 0.0293394 0.0235052 0.0181677 0.0134421 0.00943703 0.00622812 0.00382839
 0.00859923 0.0139666 0.0210097 0.0296438 0.0395451 0.050001 0.059882 0.0679198 0.0731722 0.075331 0.0746672 0.071751 0.0671987 0.0615565 0.0552717 0.0486913 0.0420685 0.0355833 0.0293689 0.0235379 0.0182012 0.0134738 0.00946479 0.00625039 0.00384461
 0.00859923 0.0139666 0.0210097 0.0296438 0.0395451 0.050001 0.059882 0.0679198 0.0731722 0.075331 0.0746672 0.071751 0.0671987 0.0615565 0.0552717 0.0486913 0.0420685 0.0355833 0.0293689 0.0235379 0.0182012 0.0134738 0.00946479 0.00625039 0.00384461
 0.0085707 0.0139144 0.0209209 0.0295049 0.0393473 0.0497477 0.0595945 0.067635 0.0729329 0.0751715 0.0746045 0.0717828 0.0673087 0.0617213 0.0554678 0.0488984 0.0422715 0.0357722 0.0295378 0.0236837 0.0183224 0.0135704 0.00953773 0.00630217 0.00387876
 0.00888789 0.0144142 0.0216405 0.0304601 0.0405202 0.0510728 0.0609512 0.0688596 0.0738563 0.0756686 0.0746287 0.0713697 0.0665528 0.0607431 0.054385 0.0478092 0.0412482 0.0348611 0.0287636 0.0230546 0.0178345 0.0132108 0.00928768 0.00613932 0.00378025
 0.00917627 0.0149059 0.0224202 0.0316122 0.0421006 0.0530661 0.0632355 0.0712047 0.0759686 0.0772646 0.0755047 0.0714416 0.06586 0.0594253 0.0526416 0.0458542 0.0392727 0.0330115 0.0271354 0.0216972 0.0167607 0.0124064 0.00871986 0.00576417 0.00355002
 0.00894059 0.014559 0.0219694 0.0310996 0.0416051 0.0527 0.0631291 0.0714766 0.0766799 0.0783773 0.0768688 0.0728288 0.0670321 0.0602028 0.052947 0.045715 0.0387931 0.0323298 0.0263856 0.0209836 0.0161486 0.0119248 0.00836988 0.00552906 0.00340442
 0.00916206 0.014872 0.0223541 0.0315093 0.0419824 0.0530019 0.0633481 0.0716462 0.0768623 0.0786377 0.0772459 0.0733099 0.0675443 0.0606305 0.0531692 0.0456498 0.0384265 0.0317178 0.0256298 0.0201975 0.0154272 0.011328 0.00792005 0.00521894 0.00320881
 0.00898401 0.014612 0.0220164 0.0311139 0.0415567 0.052568 0.0629192 0.0712347 0.0764973 0.0783767 0.0771683 0.0734887 0.0680092 0.0613409 0.0540157 0.0464847 0.0391116 0.0321662 0.0258252 0.0201847 0.0152838 0.0111331 0.00773247 0.00506999 0.00310641
 0.00921149 0.0149385 0.022428 0.0315711 0.0420064 0.0529618 0.0632253 0.0714366 0.0765842 0.0783382 0.0770014 0.073214 0.0676791 0.0610279 0.0537818 0.0463519 0.0390518 0.0321198 0.0257349 0.020023 0.0150616 0.0108868 0.00750283 0.00488529 0.00297626
 0.00919843 0.0149452 0.0224872 0.0317246 0.0422862 0.0533665 0.0637045 0.071901 0.0769387 0.0785196 0.0769976 0.0730567 0.0674217 0.0607272 0.0534889 0.0461053 0.0388702 0.0319961 0.0256411 0.0199268 0.0149436 0.0107487 0.00736158 0.00476097 0.00288161
 0.00942009 0.0152858 0.0229635 0.03234 0.0430322 0.0542225 0.0646334 0.0728406 0.0777979 0.0791884 0.0773717 0.0730697 0.0670696 0.0600716 0.0526369 0.0451778 0.0379716 0.0311963 0.0249713 0.0193865 0.0145155 0.0104127 0.00710319 0.00457059 0.00275063
 0.00891548 0.0145151 0.021899 0.0309972 0.0414745 0.0525631 0.0630347 0.0715007 0.076914 0.0789035 0.0777276 0.0739905 0.0683855 0.0615701 0.0541219 0.0465114 0.0390877 0.0320862 0.0256573 0.0198995 0.0148837 0.0106609 0.0072562 0.00465427 0.00278973
 0.00894348 0.0144873 0.0217243 0.0305528 0.0406462 0.0513058 0.061421 0.069724 0.075239 0.07759 0.076965 0.0738638 0.0688711 0.0625522 0.0554239 0.0479379 0.0404672 0.033301 0.0266509 0.0206645 0.0154418 0.0110462 0.00750564 0.00480374 0.00287136
#pred catch len freq
 0.00339884 0.00545888 0.00812655 0.0114129 0.0153465 0.0199394 0.0251224 0.0307164 0.0364609 0.0420681 0.0472685 0.0518494 0.0556822 0.0587227 0.060978 0.0624632 0.0631738 0.0630718 0.0620677 0.0599878 0.0565617 0.0514993 0.0446887 0.036428 0.0275061
 0.0036697 0.00583753 0.00858626 0.0119008 0.0158118 0.0203697 0.0255611 0.0312371 0.0371083 0.0427987 0.0479355 0.0522472 0.0556319 0.0581536 0.0599686 0.0612235 0.0619756 0.0621539 0.0615512 0.0598408 0.0566316 0.051597 0.0446784 0.0362737 0.0272566
 0.00378615 0.00605483 0.00896056 0.01249 0.0166488 0.0214298 0.0267474 0.0324068 0.0381327 0.0436172 0.0485567 0.0526933 0.055874 0.0580989 0.0595149 0.0603439 0.0607683 0.0608195 0.0603099 0.0588392 0.0558962 0.0510564 0.0442323 0.0358578 0.0268644
 0.00394622 0.00630158 0.00931178 0.0129663 0.0172844 0.0222791 0.0278717 0.0338355 0.0398154 0.0454013 0.0502189 0.0540148 0.0567095 0.0583935 0.0592726 0.0595928 0.0595627 0.0592657 0.0585733 0.0571076 0.0543194 0.0497092 0.043122 0.0349621 0.0261627
 0.0041544 0.00662898 0.00978409 0.0136007 0.0180891 0.0232543 0.0290115 0.0351331 0.0412651 0.046988 0.0518899 0.0556514 0.0581273 0.0593849 0.0596697 0.0593133 0.0586194 0.0577535 0.05665 0.0549711 0.0521751 0.0477302 0.0414232 0.0335967 0.025135
 0.00438331 0.0069923 0.0103155 0.0143284 0.019034 0.0244259 0.0303996 0.0367004 0.0429479 0.048706 0.0535603 0.0571953 0.0594619 0.060408 0.0602548 0.0593298 0.0579748 0.0564338 0.0547399 0.0526456 0.0496657 0.0452786 0.0392333 0.0318012 0.0237837
 0.00467565 0.007451 0.0109764 0.0152179 0.0201698 0.0258157 0.0320349 0.0385455 0.044933 0.0507282 0.0554945 0.0589123 0.0608479 0.0613737 0.06073 0.0592501 0.0572791 0.0550844 0.0527592 0.0501468 0.0468558 0.0424238 0.0365998 0.0295927 0.0221017
 0.0049931 0.00795365 0.0117091 0.0162169 0.0214606 0.0274086 0.0339148 0.0406628 0.0471999 0.0530242 0.0576774 0.0608339 0.0623707 0.0623871 0.0611577 0.0590472 0.0564217 0.0535669 0.0506099 0.0474576 0.0438059 0.039272 0.0336354 0.027063 0.0201499
 0.00528017 0.00840925 0.0123759 0.017132 0.0226552 0.028904 0.0357127 0.0427319 0.0494673 0.0553749 0.0599637 0.0628924 0.0640443 0.0635447 0.0617051 0.0589285 0.0556138 0.0520757 0.0484756 0.0447741 0.0407425 0.0360747 0.0305915 0.0244326 0.0180973
 0.00554047 0.008822 0.0129793 0.017959 0.0237334 0.0302531 0.0373367 0.0446091 0.0515422 0.0575564 0.0621289 0.0648965 0.0657359 0.0647839 0.0623789 0.0589595 0.054962 0.0507383 0.0464913 0.0422362 0.0378145 0.0329922 0.0276314 0.0218521 0.0160666
