SBPRF35
9.57414
Curr Bio
597842
B35
750039
F35
0.194781
FOFL
0.150652
OFL
71024
Bzero
2.73547e+006
#pred survey bio
 4.38091e+006 4.16935e+006 3.96189e+006 3.71756e+006 3.43173e+006 3.09967e+006 2.79681e+006 2.50099e+006 2.21241e+006 1.94507e+006 1.69689e+006 1.51758e+006 1.32237e+006 1.181e+006 1.04412e+006 929070 826790 758129 716700 669221 641228 621427 601518 591596 579586 577421 575178 560102 557546 555961 552946 562786 559494 558448 553127 541431 538284 531889 533570 540741 542132 550227 562252 567383 570705 578534 577004 591422 602627 609316 616376 604731 617328 623259 614890 604499 2.08199e+007 1.28162e+007 1.33738e+007 1.43357e+007 1.55115e+007 1.67043e+007 1.77873e+007 1.87028e+007 1.94401e+007 2.00145e+007 2.04519e+007 2.078e+007 2.10238e+007 2.12041e+007 2.13372e+007 2.14355e+007 2.15083e+007 2.15625e+007 2.16031e+007 2.16335e+007 2.16565e+007 2.1674e+007 2.16874e+007 2.16977e+007 2.17056e+007 2.17117e+007 2.17165e+007 2.17202e+007 2.17231e+007 2.17253e+007 2.17271e+007 2.17285e+007 2.17296e+007 2.17305e+007 2.17312e+007 2.17317e+007 2.17321e+007 2.17325e+007 2.17327e+007 2.1733e+007 2.17331e+007 2.17333e+007 2.17334e+007 2.17335e+007 2.17335e+007 2.17336e+007 2.17336e+007 2.17336e+007 2.17337e+007 2.17337e+007 2.17337e+007 2.17337e+007 2.17337e+007 2.17337e+007 2.17337e+007 2.17338e+007 2.17338e+007 2.17338e+007 2.17338e+007 2.17338e+007 2.17338e+007 2.17338e+007 2.17338e+007 2.17338e+007 2.17338e+007 2.17338e+007 2.17338e+007 2.17338e+007 2.17338e+007 2.17338e+007 2.17338e+007 2.17338e+007 2.17338e+007 2.17338e+007 2.17338e+007 2.17338e+007 2.17338e+007 2.17338e+007 2.17338e+007 2.17338e+007 2.17338e+007 2.17338e+007 2.17338e+007 2.17338e+007 2.17338e+007 2.17338e+007 2.17338e+007 2.17338e+007 2.17338e+007 2.17338e+007 2.17338e+007 2.17338e+007 2.17338e+007 2.17338e+007 2.17338e+007 2.17338e+007 2.17338e+007 2.17338e+007 2.17338e+007 2.17338e+007 0 0 0 0 0 0 0 0 0 0 0 0 0 0 0 0 0 0 0 0 0 0 0 0 0
#obs survey bio
 3.03823e+006 4.56761e+006 2.76839e+006 3.58242e+006 3.59798e+006 3.04937e+006 2.69219e+006 2.58018e+006 1.75914e+006 1.86638e+006 1.88677e+006 1.37448e+006 911850 759278 727481 736028 658532 866015 566445 698317 466866 638944 588428 648924 621677 439812 401880 629591 412634 709662 617672 484989 513845 708598 763764 470920 740889 563972 639795 399460 551209 810060 427297 745759 425282 549119 505243 824471 521442 595041 487984 594978 664681 801180 562893 391146
#pred catch bio
 102511 105425 151722 208151 273798 272705 291325 307937 309063 308434 259888 283442 242477 242328 223658 210506 178267 151804 153277 133464 124798 123328 113469 113966 104766 104270 113171 100401 98167.4 97828.1 86327.2 96881.9 93063.9 93567.1 95114.1 86254.1 90890 87120.9 84861.4 90507.1 84664.2 81477.9 87548.2 89075.9 85888.7 94917.7 82983.7 87643.6 93056.3 94454.9 111468 92423.5 99689.1 111869 112883 110306 71024 92127.3 95001.7 100686 108481 116602 123930 130006 134767 138350 140967 142835 144145 145050 145670 146090 146373 146562 146688 146772 146827 146864 146888 146904 146914 146921 146926 146929 146931 146932 146933 146933 146934 146934 146934 146934 146934 146934 146934 146934 146934 146934 146934 146934 146934 146934 146934 146934 146934 146934 146934 146934 146934 146934 146934 146934 146934 146934 146934 146934 146934 146934 146934 146934 146934 146934 146934 146934 146934 146934 146934 146934 146934 146934 146934 146934 146934 146934 146934 146934 146934 146934 146934 146934 146934 146934 146934 146934 146934 146934 146934 146934 146934 146934 146934 146934 146934 146934 146934 146934 0 0 0 0 0 0 0 0 0 0 0 0 0 0 0 0 0 0 0 0 0 0 0 0 0
#obs catch bio
 0 105138 151850 208819 275709 274398 294159 311562 312635 313379 262489 288219 246219 248225 228788 214828 181741 153604 155463 134454 126308 125083 114905 115545 105890 105911 115455 101267 99277.7 98875.8 86575.5 98195.5 94430 94329.4 95824.9 86659.1 90897.8 86775.1 84471.6 90422.1 84383.7 80722.3 87081.8 88409.4 85114.4 94315.5 82763.4 87221.8 92601.8 93907.5 111522 92218 99591.2 111725 112564 110301
#pred cpue bio
 4.31037e+006 4.1028e+006 3.89837e+006 3.65519e+006 3.37052e+006 3.04024e+006 2.7389e+006 2.44477e+006 2.15818e+006 1.89287e+006 1.64692e+006 1.46912e+006 1.27615e+006 1.1362e+006 1.00132e+006 888460 788547 721804 681909 636179 609076 589781 570497 560997 549513 547492 545467 531261 529171 527947 525365 535058 532028 531569 527336 516771 513416 505902 506531 513404 515109 523354 535238 540235 543452 550880 549031 562744 573522 579803 586299 574567 586442 592238 584156 573988 1.97812e+007 1.21963e+007 1.26402e+007 1.34681e+007 1.45928e+007 1.57725e+007 1.68527e+007 1.77676e+007 1.85047e+007 1.90791e+007 1.95165e+007 1.98446e+007 2.00884e+007 2.02687e+007 2.04018e+007 2.05001e+007 2.0573e+007 2.06272e+007 2.06677e+007 2.06982e+007 2.07212e+007 2.07387e+007 2.07521e+007 2.07623e+007 2.07702e+007 2.07764e+007 2.07811e+007 2.07848e+007 2.07877e+007 2.079e+007 2.07918e+007 2.07932e+007 2.07943e+007 2.07951e+007 2.07958e+007 2.07964e+007 2.07968e+007 2.07971e+007 2.07974e+007 2.07976e+007 2.07978e+007 2.07979e+007 2.0798e+007 2.07981e+007 2.07982e+007 2.07982e+007 2.07983e+007 2.07983e+007 2.07983e+007 2.07983e+007 2.07983e+007 2.07984e+007 2.07984e+007 2.07984e+007 2.07984e+007 2.07984e+007 2.07984e+007 2.07984e+007 2.07984e+007 2.07984e+007 2.07984e+007 2.07984e+007 2.07984e+007 2.07984e+007 2.07984e+007 2.07984e+007 2.07984e+007 2.07984e+007 2.07984e+007 2.07984e+007 2.07984e+007 2.07984e+007 2.07984e+007 2.07984e+007 2.07984e+007 2.07984e+007 2.07984e+007 2.07984e+007 2.07984e+007 2.07984e+007 2.07984e+007 2.07984e+007 2.07984e+007 2.07984e+007 2.07984e+007 2.07984e+007 2.07984e+007 2.07984e+007 2.07984e+007 2.07984e+007 2.07984e+007 2.07984e+007 2.07984e+007 2.07984e+007 2.07984e+007 2.07984e+007 2.07984e+007 2.07984e+007 2.07984e+007 2.07984e+007 0 0 0 0 0 0 0 0 0 0 0 0 0 0 0 0 0 0 0 0 0 0 0 0 0
#obs cpue bio
 4.20261e+006 5.78141e+006 4.07403e+006 2.14873e+006 2.67888e+006 2.29014e+006 2.03752e+006 2.04243e+006 2.59921e+006 1.4134e+006 1.44394e+006 1.29112e+006 1.25516e+006 961641 1.11936e+006 1.05233e+006 695102 667101 740458 669591 514649 442761 460825 428522 451321 405201 581072 652030 510522 397694 577341 317182 377507 608998 394150 556103 619830 638345 454259 610288 594489 638692 594576 548458 850638 615498 396452 583276 724134 607374 608721 527154 569551 519736 714297 755096
#pred surv len freq
 0.00472047 0.00770262 0.011664 0.0166069 0.0224203 0.0287946 0.0351985 0.0410141 0.0457713 0.0493028 0.0517164 0.0532548 0.0541697 0.0546604 0.0548592 0.0548354 0.054611 0.0541689 0.0534282 0.0521824 0.0500532 0.0465566 0.0413321 0.0344437 0.0265322
 0.00497459 0.00801237 0.011944 0.0167269 0.0222563 0.028301 0.0344551 0.0402079 0.0451136 0.0489307 0.0516392 0.0533743 0.054351 0.0548076 0.0549556 0.0549376 0.0548055 0.0545143 0.053911 0.0527098 0.0504902 0.0467895 0.041322 0.0342382 0.0262317
 0.00521794 0.00841808 0.0125651 0.0175971 0.0233577 0.0295297 0.0356139 0.0410557 0.0454649 0.0487484 0.0510534 0.052606 0.0535959 0.0541602 0.0544147 0.0544662 0.054387 0.0541651 0.0536496 0.0525196 0.0503106 0.0465463 0.0409741 0.0338045 0.0257783
 0.00540059 0.0087225 0.0130387 0.0182924 0.0243242 0.030795 0.0371553 0.0427715 0.0471657 0.0501867 0.0519942 0.0529134 0.053285 0.0533785 0.0533632 0.0533166 0.0532435 0.0530748 0.0526297 0.0515707 0.0494188 0.0456906 0.0401467 0.0330265 0.0250952
 0.00560825 0.0090566 0.013536 0.0189878 0.0252479 0.0319671 0.0385765 0.0444122 0.0489563 0.0520084 0.0536764 0.0542497 0.0540795 0.0535092 0.0528293 0.052235 0.0517967 0.0514437 0.05095 0.049925 0.0478516 0.0442306 0.0388241 0.0318796 0.0241625
 0.00589123 0.0095075 0.0141977 0.0198944 0.0264195 0.0334022 0.0402432 0.0462468 0.0508717 0.0539078 0.0554584 0.0558012 0.0552667 0.0541861 0.0528711 0.051585 0.050497 0.0496278 0.0488014 0.0476284 0.0455635 0.0420749 0.036899 0.0302611 0.0228961
 0.00614147 0.00991375 0.0148081 0.0207533 0.0275593 0.0348306 0.0419297 0.0481188 0.0528262 0.0558323 0.0572489 0.0573679 0.0565262 0.0550487 0.0532363 0.051356 0.0496137 0.0481027 0.046735 0.0451945 0.0429739 0.0395407 0.0346021 0.0283336 0.0214063
 0.00640365 0.0103357 0.0154356 0.0216274 0.0287104 0.0362681 0.0436301 0.0500188 0.0548282 0.0578197 0.0591042 0.0589856 0.0578183 0.0559423 0.0536644 0.0512511 0.048913 0.0467718 0.0448014 0.0427706 0.0402541 0.0367695 0.0320241 0.0261426 0.0197096
 0.00670733 0.0108207 0.0161496 0.0226092 0.029984 0.0378326 0.0454487 0.0520146 0.0568937 0.0598353 0.0609556 0.0605736 0.059061 0.0567734 0.0540297 0.0511022 0.0482049 0.0454717 0.0429121 0.0403626 0.0374856 0.0338761 0.0292733 0.0237681 0.0178543
 0.00699056 0.0112819 0.0168447 0.0235901 0.0312876 0.0394645 0.047367 0.0541252 0.0590649 0.0619248 0.0628352 0.0621414 0.0602431 0.0575184 0.054301 0.0508701 0.0474421 0.0441566 0.0410459 0.0379977 0.0347527 0.0309882 0.0264917 0.0213377 0.0159372
 0.0073391 0.0118318 0.0176416 0.0246671 0.0326616 0.0411301 0.0492864 0.0562214 0.0612249 0.0640146 0.0647188 0.0636992 0.0613834 0.0581827 0.0544598 0.0505125 0.0465649 0.0427605 0.0391449 0.0356431 0.0320603 0.0281492 0.023749 0.018928 0.014025
 0.00759113 0.0122361 0.01824 0.0254944 0.0337394 0.0424571 0.0508288 0.0579118 0.0629729 0.065724 0.0663005 0.065073 0.0624757 0.0589258 0.0547958 0.0503984 0.0459744 0.0416836 0.0375937 0.0336652 0.0297585 0.0256909 0.0213486 0.0167991 0.0123212
 0.00797653 0.0128468 0.0191289 0.0266986 0.0352714 0.0442934 0.0528971 0.0600891 0.065103 0.067649 0.0678914 0.066246 0.0631922 0.0591801 0.0545998 0.049768 0.0449228 0.0402236 0.0357476 0.0314829 0.0273363 0.0231808 0.0189431 0.014689 0.0106425
 0.00814959 0.0131444 0.0196065 0.0274174 0.0362845 0.0456236 0.0545162 0.0619109 0.0669975 0.0694692 0.0694995 0.067531 0.0640778 0.0596268 0.0546002 0.0493365 0.0440844 0.0390064 0.034185 0.0296266 0.0252733 0.0210423 0.0168929 0.012889 0.00920848
 0.00832691 0.0134359 0.0200524 0.0280592 0.0371601 0.0467562 0.0559005 0.0635022 0.0687094 0.0711825 0.0710782 0.0688431 0.065016 0.0601231 0.05463 0.0489128 0.0432443 0.0377994 0.0326677 0.0278664 0.0233598 0.0190945 0.0150509 0.0112875 0.0079409
 0.00849282 0.0137019 0.0204461 0.0286049 0.0378757 0.0476483 0.056958 0.0646924 0.0699804 0.0724683 0.0723034 0.0699258 0.0658721 0.0606755 0.0548205 0.0487119 0.042655 0.036853 0.0314176 0.0263851 0.0217393 0.0174467 0.013499 0.00994427 0.00688173
 0.00861534 0.0139101 0.0207754 0.0290929 0.0385521 0.0485211 0.0580008 0.0658434 0.0711553 0.0735817 0.0732854 0.0707266 0.0664575 0.061018 0.0548956 0.048499 0.0421439 0.0360516 0.0303573 0.0251227 0.0203563 0.016044 0.0121848 0.00881365 0.00599548
 0.00868055 0.0140053 0.0209003 0.0292442 0.0387304 0.0487384 0.0582828 0.0662222 0.0716534 0.0741962 0.0739816 0.0714454 0.0671304 0.0615812 0.0552965 0.0486966 0.0421085 0.0357676 0.0298293 0.0243819 0.0194631 0.0150826 0.0112498 0.0079906 0.00534115
 0.00871957 0.0140555 0.0209514 0.0292783 0.0387273 0.0486844 0.0581803 0.0660955 0.0715479 0.0741697 0.0740882 0.0717163 0.0675586 0.0621197 0.055869 0.0492171 0.0424984 0.0359687 0.0298107 0.0241451 0.0190429 0.0145427 0.0106702 0.0074488 0.00489379
 0.00895385 0.0144059 0.0214208 0.0298465 0.039353 0.049311 0.0587433 0.0665306 0.0718047 0.0742278 0.0739678 0.0714744 0.0672711 0.0618553 0.055667 0.0490775 0.0423877 0.0358356 0.0296068 0.0238415 0.0186402 0.0140716 0.0101821 0.00699903 0.00452477
 0.00909147 0.0146208 0.0217267 0.0302476 0.0398397 0.0498564 0.0593 0.067035 0.0721902 0.0744428 0.0739914 0.0713219 0.0669886 0.0615064 0.0553154 0.0487693 0.0421396 0.0356332 0.0294156 0.0236245 0.0183756 0.0137623 0.00985374 0.00668818 0.0042637
 0.00908985 0.014633 0.0217726 0.0303543 0.0400344 0.0501543 0.0596939 0.0674912 0.0726545 0.0748534 0.0742924 0.0714754 0.0669832 0.0613592 0.055067 0.0484717 0.0418398 0.03536 0.0291737 0.0234008 0.0181521 0.0135299 0.00961839 0.00646762 0.00407744
 0.0091382 0.0147018 0.021859 0.0304522 0.0401398 0.0502717 0.0598386 0.0676836 0.0729073 0.0751579 0.0746146 0.0717631 0.0671829 0.0614339 0.0550072 0.0482964 0.0415876 0.0350745 0.0288896 0.0231361 0.0179105 0.0133089 0.00941766 0.0062922 0.00393474
 0.00912679 0.0146841 0.0218335 0.0304177 0.0400947 0.0502151 0.059772 0.0676151 0.0728544 0.0751466 0.0746706 0.071899 0.0673871 0.0616704 0.0552276 0.0484581 0.041668 0.0350751 0.0288289 0.0230378 0.0177945 0.0131883 0.00930107 0.00618676 0.0038468
 0.00920974 0.0148029 0.0219825 0.0305812 0.0402515 0.0503448 0.0598608 0.0676571 0.0728508 0.0751044 0.0746033 0.0718257 0.0673286 0.0616412 0.0552282 0.0484736 0.041675 0.0350531 0.0287694 0.0229456 0.0176826 0.0130715 0.00919154 0.00609259 0.00377233
 0.00914762 0.0147174 0.0218821 0.0304819 0.0401707 0.0502923 0.0598332 0.0676402 0.0728288 0.0750703 0.0745634 0.0717966 0.0673289 0.0616842 0.0553172 0.0485998 0.0418197 0.0351921 0.0288807 0.0230162 0.0177111 0.013066 0.00916469 0.00605706 0.00373773
 0.00895245 0.0144327 0.0215148 0.0300613 0.0397428 0.0499081 0.0595376 0.0674638 0.0727825 0.0751436 0.0747279 0.0720164 0.0675737 0.0619363 0.055571 0.0488547 0.0420724 0.0354329 0.0290951 0.0231902 0.0178368 0.0131442 0.00920381 0.00606937 0.00373537
 0.00901244 0.0145019 0.0215678 0.0300608 0.0396537 0.0497185 0.059273 0.0671831 0.0725551 0.0750204 0.0747226 0.0721064 0.0677164 0.0620895 0.0557074 0.0489655 0.0421618 0.0355093 0.0291631 0.0232487 0.0178814 0.0131716 0.00921456 0.00606782 0.00372737
 0.00898625 0.0144608 0.0215074 0.0299745 0.03953 0.0495402 0.0590213 0.0668494 0.072156 0.0746059 0.0743675 0.0718851 0.0676734 0.0622234 0.0559765 0.0493095 0.0425246 0.0358516 0.0294635 0.0234982 0.0180777 0.0133162 0.00931275 0.00612807 0.00376012
 0.00890442 0.0143391 0.0213455 0.0297795 0.0393143 0.049317 0.0588007 0.0666359 0.0719483 0.0744012 0.0741697 0.0717128 0.0675601 0.0622069 0.0560807 0.0495308 0.042832 0.0361992 0.0298067 0.0238044 0.018329 0.0135075 0.00944754 0.00621537 0.00381156
 0.00904324 0.0145212 0.0215398 0.0299318 0.0393648 0.0492262 0.058569 0.0663041 0.0715785 0.07405 0.0738713 0.0714777 0.0673868 0.0620957 0.0560393 0.0495699 0.0429543 0.0363917 0.0300415 0.0240476 0.0185508 0.0136891 0.00958227 0.00630625 0.00386719
 0.00888783 0.0143097 0.0212951 0.029695 0.0391758 0.0490986 0.0584759 0.0661897 0.0713921 0.0737806 0.0735587 0.0711932 0.0671981 0.0620404 0.0561202 0.0497665 0.0432374 0.0367313 0.0304073 0.0244086 0.0188783 0.0139616 0.00978962 0.00645025 0.00395817
 0.00864095 0.013951 0.0208362 0.0291787 0.0386696 0.048679 0.0582098 0.0661158 0.071505 0.0740269 0.0738523 0.0714504 0.0673724 0.0621361 0.0561778 0.0498346 0.0433496 0.0368976 0.0306184 0.0246434 0.0191116 0.0141705 0.00995873 0.00657384 0.00403962
 0.0083585 0.0135087 0.0202048 0.0283492 0.0376634 0.0475588 0.0570852 0.0651326 0.0708117 0.0737278 0.073972 0.0719273 0.0680862 0.0629525 0.0569905 0.0505853 0.0440237 0.037504 0.0311681 0.025138 0.0195436 0.0145289 0.0102366 0.0067728 0.00416996
 0.00830085 0.013388 0.0199736 0.0279486 0.0370394 0.0466884 0.0560015 0.0639327 0.0696422 0.0727518 0.0733309 0.0717076 0.0682988 0.0635326 0.0578202 0.0515314 0.0449738 0.038386 0.0319484 0.0258072 0.020101 0.0149759 0.0105766 0.00701441 0.00432827
 0.00895054 0.014302 0.021084 0.0290977 0.0380171 0.0472965 0.0561111 0.0635103 0.0687452 0.0715105 0.0719244 0.0703337 0.0671366 0.0627058 0.0573736 0.0514321 0.045135 0.0387024 0.0323275 0.0261848 0.0204408 0.0152607 0.0108004 0.00717835 0.00443899
 0.00948435 0.0151499 0.0223148 0.0307393 0.0400246 0.0495181 0.0582733 0.065257 0.069738 0.071548 0.0710147 0.0686815 0.0650614 0.0605419 0.0553924 0.0498028 0.0439201 0.0378781 0.0318187 0.0259009 0.0203011 0.0152056 0.0107902 0.00718835 0.00445476
 0.00945665 0.0151907 0.0225344 0.031292 0.0410665 0.0511383 0.060428 0.0677417 0.0722155 0.0736234 0.0723342 0.0690255 0.0644045 0.0590538 0.0533785 0.0476085 0.0418404 0.036104 0.0304289 0.0248863 0.0196034 0.0147503 0.0105079 0.00702275 0.00436377
 0.00916495 0.0147583 0.0219674 0.0306396 0.0404288 0.0506646 0.0603011 0.0681352 0.0732257 0.0752007 0.0742568 0.0709443 0.0659475 0.0599451 0.0535195 0.0470886 0.0408815 0.0349706 0.0293445 0.0239885 0.01894 0.0143051 0.0102335 0.00686656 0.00428153
 0.00896418 0.0144282 0.0214664 0.029934 0.0395096 0.0495717 0.0591443 0.067096 0.0725259 0.0750436 0.0747572 0.0720745 0.0675234 0.0616678 0.0550636 0.0482057 0.0414703 0.0350841 0.0291381 0.0236418 0.0185939 0.0140352 0.0100576 0.00676839 0.00423451
 0.00887889 0.0142914 0.0212627 0.0296474 0.039123 0.0490698 0.0585217 0.066372 0.0717607 0.0743456 0.0742719 0.0719474 0.0678458 0.0624266 0.0561264 0.0493556 0.0424812 0.0357995 0.0295144 0.0237377 0.0185206 0.0139006 0.00993244 0.0066813 0.00418539
 0.00892224 0.0143303 0.0212632 0.0295593 0.0388939 0.0486663 0.0579463 0.0656655 0.0709893 0.0735859 0.0736033 0.071454 0.0676137 0.0625256 0.056577 0.0501013 0.0433898 0.0367022 0.0302655 0.0242612 0.0188203 0.0140341 0.00997118 0.0066813 0.00417738
 0.00890719 0.0143126 0.0212473 0.0295482 0.0388813 0.0486289 0.0578422 0.0654456 0.0706204 0.0730726 0.0729965 0.0708403 0.0670936 0.062192 0.0564968 0.0502994 0.0438355 0.0373097 0.0309159 0.0248418 0.0192607 0.0143193 0.0101288 0.00675564 0.00420761
 0.00888094 0.0142797 0.021216 0.0295325 0.0388978 0.0486889 0.0579444 0.0655694 0.0707253 0.0731055 0.0729088 0.0706092 0.0667388 0.0617768 0.0561116 0.0500333 0.0437475 0.0374091 0.0311604 0.0251559 0.0195655 0.0145607 0.0102886 0.00684442 0.00424888
 0.00901583 0.0144652 0.0214333 0.029745 0.0390635 0.0487797 0.0579593 0.0655333 0.0706722 0.0730575 0.0728624 0.0705373 0.0666067 0.061565 0.0558326 0.0497332 0.0434904 0.0372508 0.0311251 0.0252282 0.0197012 0.0147086 0.0104113 0.00692724 0.00429519
 0.00907259 0.014562 0.0215854 0.0299642 0.039349 0.0491083 0.058282 0.0657859 0.0708002 0.0730406 0.072722 0.0703204 0.0663588 0.0613105 0.055576 0.0494747 0.0432418 0.0370383 0.0309781 0.0251617 0.0197073 0.0147609 0.0104784 0.00698571 0.00433518
 0.0091083 0.0146314 0.0217109 0.0301733 0.0396674 0.0495477 0.0588273 0.0663889 0.0713842 0.0735168 0.073013 0.0703831 0.0661958 0.0609647 0.055111 0.0489539 0.0427171 0.03655 0.0305576 0.0248312 0.0194746 0.014617 0.0104018 0.00695109 0.00432187
 0.00903013 0.0145052 0.0215243 0.0299201 0.0393546 0.0492033 0.058504 0.0661557 0.0713053 0.073625 0.073293 0.0707743 0.066614 0.0613318 0.0553775 0.0491064 0.0427716 0.0365377 0.0305128 0.0247828 0.0194415 0.0146064 0.0104104 0.00697011 0.00434209
 0.00907537 0.0145627 0.0215808 0.0299527 0.0393359 0.0491116 0.0583331 0.0659218 0.0710473 0.0733971 0.0731504 0.0707544 0.0667212 0.0615338 0.0556176 0.0493259 0.0429301 0.0366229 0.0305363 0.0247689 0.019415 0.0145847 0.0104006 0.00697103 0.00434884
 0.00913878 0.0146661 0.0217357 0.0301662 0.0396052 0.0494166 0.0586333 0.0661622 0.0711751 0.0733834 0.0730035 0.0705183 0.0664581 0.0613002 0.0554447 0.0492138 0.0428557 0.0365575 0.030461 0.0246807 0.0193238 0.0145036 0.0103389 0.0069309 0.00432663
 0.00916382 0.0147098 0.0218072 0.0302762 0.039764 0.0496298 0.0588963 0.0664559 0.0714648 0.0736234 0.0731488 0.0705393 0.0663531 0.0610977 0.0551925 0.0489598 0.0426317 0.0363729 0.0303093 0.0245514 0.0192109 0.0144077 0.0102634 0.00687736 0.00429302
 0.00924955 0.0148577 0.0220448 0.0306324 0.0402596 0.0502647 0.0596381 0.0672389 0.0722023 0.0742279 0.0735491 0.0706908 0.0662429 0.0607455 0.0546489 0.0482972 0.0419286 0.0356971 0.0297061 0.0240426 0.0188009 0.0140916 0.0100319 0.00671847 0.00419215
 0.00906408 0.0145799 0.0216723 0.0301833 0.039773 0.0497977 0.0592607 0.0670225 0.0722017 0.0744608 0.0739855 0.0712593 0.0668497 0.0613003 0.0550849 0.0485828 0.042068 0.0357207 0.0296561 0.0239581 0.01871 0.0140102 0.0099669 0.00667101 0.00416053
 0.00905052 0.0145414 0.021585 0.0300174 0.0395039 0.049422 0.0588091 0.0665606 0.0718143 0.0742278 0.0739578 0.0714451 0.0672136 0.0617734 0.0555836 0.0490306 0.0424128 0.0359434 0.0297672 0.0239865 0.0186896 0.0139693 0.00992411 0.00663568 0.00413544
 0.00909303 0.0146196 0.0217176 0.0302218 0.0397855 0.0497613 0.059155 0.0668404 0.0719613 0.0742113 0.0737988 0.0712056 0.0669686 0.0615796 0.0554625 0.0489683 0.0423748 0.0358942 0.0296856 0.0238714 0.0185553 0.0138362 0.00980915 0.00654784 0.00407549
 0.00873873 0.0141302 0.0211417 0.0296598 0.0393627 0.0495831 0.0592679 0.0672178 0.0725159 0.0748249 0.0743566 0.071627 0.0672244 0.0616916 0.0554827 0.0489502 0.0423518 0.0358739 0.0296594 0.0238288 0.0184939 0.0137633 0.00973682 0.00648645 0.00403022
#obs surv len freq
 nan nan nan nan nan nan nan nan nan nan nan nan nan nan nan nan nan nan nan nan nan nan nan nan nan
 0.00448368 0.0073449 0.0111752 0.0159926 0.0216951 0.0279729 0.034289 0.0400215 0.0447012 0.0481641 0.0505203 0.052014 0.0529041 0.0534145 0.0537271 0.0539807 0.0542584 0.0545505 0.0546889 0.0542807 0.0527187 0.0493512 0.0438015 0.0362823 0.0276669
 0.00461539 0.00756001 0.0115005 0.0164527 0.0223067 0.0287354 0.0351757 0.0409766 0.0456471 0.0490162 0.0512028 0.0524715 0.0531072 0.0533609 0.0534376 0.0534915 0.0536123 0.0537901 0.0538531 0.0534064 0.0518446 0.0485201 0.0430578 0.0356637 0.027194
 0.00477616 0.00782432 0.0119037 0.0170294 0.0230836 0.0297203 0.0363455 0.0422725 0.0469812 0.050286 0.0523073 0.0533228 0.0536394 0.0535358 0.0532474 0.0529578 0.0527797 0.0527172 0.0526058 0.0520549 0.0504643 0.0471914 0.0418608 0.0346643 0.0264288
 0.00496453 0.00813237 0.0123709 0.0176939 0.0239758 0.0308514 0.0376954 0.0437844 0.048567 0.0518409 0.0537235 0.0544996 0.0544897 0.0539917 0.0532669 0.0525285 0.051921 0.0514786 0.0510625 0.0503039 0.0486207 0.0453824 0.0402121 0.0332785 0.0253637
 0.00518106 0.00848592 0.0129059 0.0184529 0.0249915 0.0321341 0.0392203 0.0454865 0.0503501 0.0535946 0.0553391 0.0558784 0.0555448 0.0546488 0.0534663 0.0522308 0.0511133 0.0501821 0.0493384 0.0482556 0.0463915 0.043144 0.0381402 0.03152 0.0240039
 0.00541816 0.00887336 0.0134927 0.0192861 0.0261071 0.0335434 0.040895 0.0473536 0.0523023 0.0555106 0.0571025 0.0573883 0.0567172 0.0554142 0.053767 0.0520199 0.0503599 0.0488813 0.0475264 0.0460233 0.0438905 0.0405752 0.0357228 0.0294438 0.0223857
 0.00566416 0.00927667 0.014106 0.0201606 0.027283 0.0350341 0.0426712 0.0493376 0.0543787 0.0575487 0.0589772 0.0589922 0.0579641 0.0562372 0.0541133 0.051847 0.0496344 0.0475871 0.0456808 0.0436995 0.0412332 0.0377964 0.0330681 0.027137 0.0205719
 0.00590479 0.00967339 0.0147134 0.0210334 0.0284653 0.036543 0.0444793 0.051367 0.0565116 0.0596495 0.060915 0.0606537 0.0592587 0.057096 0.0544857 0.0516949 0.0489286 0.0463105 0.0438431 0.0413611 0.0385271 0.0349317 0.0302999 0.0247074 0.0186457
 0.00615622 0.0100827 0.0153306 0.0219061 0.0296307 0.0380145 0.0462322 0.0533314 0.0585808 0.0616979 0.062817 0.0622967 0.0605492 0.0579617 0.0548736 0.0515669 0.0482576 0.0450812 0.0420632 0.0390835 0.0358738 0.0321012 0.027543 0.0222691 0.0166993
 0.00637274 0.0104426 0.0158868 0.0227124 0.0307306 0.0394237 0.0479218 0.0552234 0.0605614 0.0636418 0.0646076 0.0638363 0.061759 0.0587793 0.0552496 0.0514628 0.0476443 0.0439412 0.0404014 0.0369463 0.0333714 0.0294174 0.0249138 0.0199303 0.014822
 0.00661004 0.010828 0.0164665 0.0235298 0.031819 0.0407942 0.0495492 0.0570399 0.0624629 0.0655057 0.0663132 0.0652792 0.0628598 0.0594835 0.0555232 0.0512839 0.046997 0.0428157 0.0388038 0.0349181 0.0310116 0.0268922 0.0224396 0.0177259 0.0130481
 0.00683883 0.0112024 0.0170343 0.0243361 0.0328965 0.0421483 0.051144 0.0587947 0.0642661 0.0672376 0.0678656 0.0665653 0.0638144 0.0600612 0.0556955 0.0510353 0.0463206 0.0417116 0.0372847 0.0330248 0.0288329 0.0245754 0.0201765 0.0157112 0.0114262
 0.00706733 0.0115794 0.0176116 0.0251641 0.034013 0.0435606 0.0528116 0.0606247 0.0661273 0.0689885 0.069381 0.0677517 0.0646145 0.0604491 0.0556679 0.050602 0.0454961 0.040513 0.0357365 0.0311722 0.0267589 0.0224102 0.0180869 0.0138651 0.00994682
 0.00727169 0.011912 0.0181129 0.0258726 0.0349585 0.044753 0.0542281 0.062203 0.0677712 0.0705821 0.0708071 0.068907 0.065421 0.0608606 0.0556693 0.0502026 0.0447201 0.0393916 0.0343075 0.0294882 0.0249 0.0204921 0.0162521 0.0122543 0.00866133
 0.00745316 0.0122129 0.0185761 0.0265406 0.035863 0.0459 0.0555839 0.0636919 0.0692885 0.0720169 0.0720609 0.0699021 0.0661006 0.0611879 0.055627 0.0497928 0.0439623 0.0383186 0.0329639 0.0279329 0.0232133 0.018779 0.0146347 0.0108489 0.00754841
 0.00754274 0.0123623 0.0188086 0.0268823 0.0363398 0.0465316 0.0563757 0.0646278 0.0703284 0.0730997 0.073111 0.0708401 0.0668533 0.0616963 0.0558502 0.0497087 0.043567 0.0376263 0.0320067 0.0267634 0.0219061 0.0174299 0.0133511 0.0097298 0.00666114
 0.00758458 0.0124249 0.0188939 0.0269906 0.0364736 0.0466998 0.0565956 0.0649233 0.0707227 0.0736054 0.0737208 0.0715214 0.0675502 0.0623371 0.0563602 0.0500224 0.0436375 0.037431 0.0315504 0.0260786 0.0210535 0.0164934 0.0124261 0.00890497 0.00599808
 0.00766729 0.0125493 0.0190618 0.0271965 0.0367054 0.0469413 0.0568304 0.065139 0.0709165 0.0737878 0.0739143 0.0717508 0.0678285 0.0626545 0.0566809 0.0502909 0.0437922 0.0374196 0.0313431 0.0256766 0.0204913 0.015834 0.0117487 0.00828603 0.0054931
 0.00774069 0.0126666 0.0192341 0.0274306 0.0370007 0.0472853 0.0571959 0.0654868 0.0712059 0.0739902 0.0740238 0.0717859 0.0678237 0.0626457 0.05669 0.0503157 0.0438056 0.0373786 0.031205 0.0254161 0.0201118 0.0153699 0.0112558 0.00782491 0.00511063
 0.00777967 0.0127265 0.0193178 0.0275394 0.0371345 0.0474434 0.0573763 0.0656841 0.0714088 0.0741813 0.0741829 0.0718972 0.0678825 0.062661 0.0566803 0.0502987 0.0437866 0.0373456 0.0311324 0.0252772 0.0198941 0.0150839 0.010934 0.00751042 0.00484132
 0.0078407 0.0128163 0.0194355 0.0276781 0.037283 0.04759 0.0575117 0.0658029 0.0715093 0.074265 0.0742516 0.0719504 0.0679169 0.0626725 0.0566675 0.0502652 0.0437385 0.037285 0.0310535 0.0251678 0.0197434 0.0148922 0.0107169 0.00729392 0.00465185
 0.00784378 0.0128237 0.0194509 0.0277053 0.0373243 0.0476437 0.0575706 0.0658565 0.071549 0.0742881 0.0742643 0.0719635 0.06794 0.0627091 0.0567136 0.0503122 0.0437771 0.0373077 0.0310536 0.0251387 0.0196799 0.0147947 0.0105945 0.00716337 0.00453186
 0.00787332 0.012863 0.0194942 0.0277428 0.0373456 0.0476431 0.0575508 0.0658274 0.071522 0.0742711 0.0742588 0.0719678 0.0679526 0.0627303 0.0567446 0.0503519 0.0438206 0.0373472 0.0310799 0.0251437 0.0196583 0.0147463 0.010525 0.00708408 0.00445574
 0.00787249 0.0128628 0.0194955 0.0277458 0.037349 0.047642 0.0575376 0.0657944 0.0714669 0.0742006 0.0741879 0.0719135 0.0679278 0.0627394 0.0567842 0.050414 0.0438955 0.0374244 0.0311492 0.0251956 0.0196862 0.0147479 0.0105039 0.00704822 0.00441529
 0.00790337 0.0129051 0.0195445 0.0277927 0.0373834 0.0476564 0.0575299 0.0657678 0.0714262 0.0741496 0.0741291 0.071851 0.0678686 0.0626932 0.0567596 0.050415 0.04392 0.0374653 0.0311963 0.0252387 0.0197168 0.0147614 0.0105004 0.00703216 0.00439332
 0.00792762 0.012943 0.0195985 0.0278628 0.0374657 0.0477421 0.0576054 0.0658172 0.0714373 0.0741187 0.0740626 0.0717622 0.0677725 0.0626029 0.0566846 0.0503615 0.0438907 0.0374586 0.0312068 0.0252579 0.019736 0.0147739 0.0105031 0.00702617 0.00438217
 0.00792564 0.0129409 0.0195974 0.0278646 0.0374726 0.0477561 0.0576267 0.0658437 0.0714636 0.0741374 0.0740662 0.0717469 0.0677399 0.0625595 0.0566399 0.0503246 0.0438679 0.0374525 0.0312156 0.025277 0.0197586 0.0147937 0.0105161 0.00703145 0.0043814
 0.007886 0.0128774 0.0195041 0.0277375 0.0373123 0.0475697 0.0574303 0.0656606 0.0713192 0.0740515 0.0740473 0.0717904 0.0678315 0.0626811 0.0567752 0.0504622 0.0440017 0.0375797 0.0313345 0.0253848 0.0198518 0.014869 0.0105717 0.00706814 0.00440262
 0.00786938 0.0128424 0.0194368 0.027621 0.0371317 0.04732 0.0571233 0.0653261 0.0709991 0.0737891 0.073877 0.0717305 0.0678825 0.0628272 0.0569896 0.0507147 0.0442651 0.0378336 0.0315659 0.0255862 0.0200194 0.0150012 0.0106694 0.00713485 0.00444411
 0.00786514 0.0128352 0.0194247 0.0276003 0.0370957 0.0472583 0.0570232 0.0651771 0.0707999 0.0735533 0.0736341 0.0715188 0.0677382 0.0627733 0.0570306 0.0508373 0.0444447 0.0380417 0.0317773 0.025782 0.0201878 0.0151365 0.0107708 0.00720523 0.00448889
 0.00783134 0.0127828 0.0193507 0.0275041 0.036979 0.0471254 0.0568804 0.0650315 0.0706568 0.0734156 0.0735034 0.0714005 0.0676442 0.0627214 0.0570384 0.0509142 0.0445868 0.0382326 0.0319927 0.0259971 0.0203823 0.0152979 0.0108941 0.00729196 0.00454481
 0.00780901 0.0127413 0.0192791 0.02739 0.0368128 0.0469065 0.0566215 0.0647586 0.0704023 0.073208 0.07336 0.0713251 0.0676308 0.0627614 0.0571255 0.0510461 0.0447617 0.0384443 0.0322278 0.0262365 0.0206056 0.0154887 0.0110435 0.00739902 0.00461482
 0.00777943 0.0126921 0.0192027 0.0272783 0.0366581 0.0467042 0.0563734 0.0644756 0.0701059 0.0729279 0.0731288 0.0711704 0.0675687 0.0627927 0.0572389 0.0512238 0.0449855 0.0386981 0.0324965 0.0265039 0.0208546 0.0157039 0.0112149 0.00752393 0.00469781
 0.00774728 0.0126409 0.0191279 0.0271759 0.0365256 0.0465412 0.0561824 0.0642631 0.0698818 0.0727055 0.0729245 0.0710033 0.0674582 0.0627547 0.0572809 0.0513426 0.0451683 0.0389264 0.0327495 0.0267612 0.0210978 0.0159171 0.0113875 0.00765213 0.00478452
 0.00935188 0.0148861 0.0218355 0.0299563 0.0388913 0.0480878 0.0567317 0.0638889 0.068825 0.0712508 0.0713106 0.0693918 0.0659447 0.0613916 0.0560963 0.0503493 0.044367 0.038307 0.0322934 0.0264436 0.020891 0.0157934 0.011321 0.00762111 0.00477282
 0.00933408 0.0151547 0.0227642 0.0320083 0.0424176 0.0530544 0.0625473 0.0695011 0.0730947 0.0734015 0.0711838 0.0673878 0.0627445 0.0576659 0.05234 0.0468563 0.0412799 0.0356783 0.0301275 0.0247193 0.0195706 0.0148271 0.0106505 0.00718379 0.00450698
 0.00898856 0.0146122 0.0220054 0.0310855 0.0415082 0.0524966 0.062799 0.0709761 0.0759143 0.0772101 0.0751937 0.0706776 0.0646427 0.057983 0.0513376 0.0450303 0.0391278 0.0335641 0.028258 0.0231804 0.0183744 0.0139465 0.0100385 0.00678479 0.00426482
 0.00878865 0.0142781 0.0214869 0.0303343 0.0404972 0.0512544 0.0614524 0.0697772 0.0752176 0.0773738 0.0764208 0.0728688 0.0673656 0.0606133 0.053309 0.0460489 0.0392293 0.0330129 0.0273841 0.0222545 0.0175601 0.0133112 0.00958658 0.00648861 0.00408574
 0.00872759 0.0141697 0.0213059 0.0300486 0.0400722 0.0506619 0.060685 0.0688668 0.0742544 0.0765189 0.0758939 0.0728925 0.0680694 0.0619394 0.0549904 0.0476963 0.0404893 0.0337035 0.0275303 0.0220231 0.0171544 0.0128912 0.00924059 0.00624333 0.00393133
 0.00870393 0.0141275 0.0212345 0.0299344 0.0398985 0.0504114 0.0603427 0.0684244 0.0737167 0.0759142 0.0752872 0.0723928 0.0678161 0.062059 0.0555318 0.0485819 0.0415231 0.0346453 0.0281963 0.0223505 0.0171975 0.0127651 0.00905762 0.00607675 0.00381085
 0.00869147 0.0141091 0.0212101 0.0299037 0.0398599 0.0503592 0.0602661 0.0683078 0.0735429 0.0756704 0.0749735 0.072032 0.0674616 0.061793 0.0554448 0.0487351 0.0419092 0.0351771 0.0287377 0.0227761 0.0174438 0.0128423 0.00902361 0.00599723 0.00373217
 0.00869017 0.0141055 0.0212019 0.0298884 0.0398351 0.0503243 0.0602223 0.0682563 0.0734822 0.075594 0.0748701 0.0718913 0.0672838 0.061598 0.0552753 0.0486467 0.0419475 0.0353512 0.0290083 0.0230698 0.0176868 0.0129931 0.00908268 0.00599376 0.00370141
 0.00867051 0.0140783 0.0211698 0.0298561 0.0398083 0.0503063 0.0602124 0.0682504 0.0734745 0.075579 0.0748434 0.0718483 0.0672205 0.0615132 0.0551775 0.048557 0.0418965 0.0353662 0.0290968 0.0232117 0.0178426 0.013123 0.00916463 0.00602854 0.0037045
 0.0086729 0.0140783 0.0211628 0.0298365 0.0397716 0.0502528 0.060149 0.068189 0.0734273 0.0755527 0.0748365 0.0718528 0.0672252 0.061509 0.0551599 0.0485292 0.0418704 0.0353586 0.0291221 0.023273 0.0179279 0.0132108 0.00923513 0.00607243 0.00372408
 0.0086487 0.0140445 0.0211219 0.0297936 0.0397321 0.0502193 0.0601199 0.0681597 0.0733948 0.0755185 0.074807 0.0718355 0.0672241 0.0615218 0.0551798 0.0485494 0.041888 0.035377 0.0291486 0.0233133 0.0179816 0.0132703 0.00928935 0.0061129 0.00374842
 0.00864121 0.0140282 0.0210904 0.0297394 0.0396503 0.0501117 0.0599974 0.0680406 0.0732977 0.075456 0.0747819 0.0718431 0.067257 0.061573 0.0552434 0.0486194 0.0419588 0.0354449 0.0292127 0.0233752 0.0180422 0.0133279 0.00934005 0.00615244 0.00377505
 0.00864208 0.0140312 0.0210974 0.0297521 0.0396682 0.0501304 0.0600085 0.0680339 0.0732668 0.0754023 0.0747152 0.0717775 0.0672046 0.0615403 0.0552308 0.0486237 0.0419755 0.0354696 0.0292422 0.0234074 0.0180759 0.0133615 0.00937104 0.00617814 0.00379378
 0.00862389 0.0140015 0.0210528 0.0296902 0.0395891 0.0500383 0.0599118 0.0679443 0.0731948 0.0753535 0.0746898 0.0717723 0.0672167 0.061569 0.0552759 0.0486838 0.0420467 0.0355463 0.0293189 0.0234795 0.0181403 0.0134164 0.00941542 0.00621171 0.00381711
 0.00863031 0.0140131 0.0210721 0.0297195 0.0396291 0.0500862 0.0599606 0.0679842 0.0732163 0.0753516 0.0746647 0.071729 0.0671623 0.0615105 0.0552202 0.0486368 0.0420127 0.0355273 0.0293139 0.0234856 0.0181536 0.013433 0.00943227 0.0062265 0.00382856
 0.00863031 0.0140131 0.0210721 0.0297195 0.0396291 0.0500862 0.0599606 0.0679842 0.0732163 0.0753516 0.0746647 0.071729 0.0671623 0.0615105 0.0552202 0.0486368 0.0420127 0.0355273 0.0293139 0.0234856 0.0181536 0.013433 0.00943227 0.0062265 0.00382856
 0.00874592 0.0141956 0.0213358 0.030072 0.0400674 0.0505916 0.0604953 0.0684925 0.0736347 0.0756244 0.0747584 0.0716386 0.0669099 0.0611371 0.0547751 0.0481681 0.0415603 0.0351196 0.0289676 0.0232071 0.0179415 0.0132805 0.00932912 0.00616142 0.00379053
 0.00860866 0.0139926 0.0210686 0.0297574 0.0397355 0.0502813 0.0602482 0.0683469 0.0736169 0.0757399 0.0749875 0.0719401 0.0672329 0.0614353 0.0550178 0.0483437 0.0416739 0.0351858 0.0290036 0.0232273 0.0179552 0.0132922 0.00933993 0.00617095 0.00379811
 0.00862993 0.014009 0.0210605 0.0296979 0.0396004 0.0500638 0.0599698 0.0680557 0.073373 0.0755941 0.0749655 0.0720378 0.0674218 0.061673 0.0552604 0.0485562 0.0418361 0.0352938 0.0290656 0.0232573 0.0179671 0.0132962 0.00934189 0.00617292 0.00380029
 0.00881102 0.0142971 0.0214796 0.0302592 0.0402918 0.0508389 0.0607433 0.068716 0.0738146 0.0757546 0.0748463 0.0716962 0.0669418 0.0611346 0.0547203 0.0480447 0.041365 0.0348662 0.0286842 0.0229271 0.0176938 0.013083 0.00918668 0.00606841 0.00373562
 0.00893345 0.0145114 0.0218293 0.030791 0.0410411 0.0518069 0.0618769 0.0699031 0.0749033 0.0765897 0.0753093 0.0717339 0.0665758 0.0604491 0.0538336 0.0470762 0.04041 0.0339872 0.0279145 0.0222807 0.0171735 0.0126841 0.00889826 0.00587371 0.00361405
#pred catch len freq
 0.00433018 0.00684574 0.0099752 0.0136409 0.0177999 0.0224264 0.0274416 0.0326728 0.0378822 0.0428245 0.0472873 0.0511137 0.0542159 0.0565779 0.0582372 0.05926 0.0597207 0.0596774 0.0591187 0.0578804 0.0555896 0.0517391 0.045947 0.0382949 0.0295007
 0.00458825 0.00717714 0.0103147 0.0138828 0.0178391 0.0222162 0.0270319 0.0321968 0.0374921 0.0426159 0.0472586 0.0511824 0.0542766 0.0565645 0.0581574 0.0591884 0.0597561 0.0598843 0.0594815 0.0582968 0.0559125 0.0518469 0.0458021 0.0379556 0.0290817
 0.00484263 0.00758193 0.0109012 0.0146575 0.0187633 0.0231886 0.0278913 0.0327639 0.0376451 0.0423558 0.0467137 0.0505394 0.0536848 0.0560798 0.0577576 0.0588333 0.0594373 0.0596296 0.0593174 0.0582068 0.0558281 0.051683 0.0455094 0.0375514 0.0286375
 0.00506484 0.00793522 0.0114201 0.0153741 0.0197058 0.0243726 0.0292985 0.0343137 0.0391773 0.0436496 0.0475514 0.0507912 0.0533635 0.0553254 0.0567609 0.0577552 0.0583731 0.0586217 0.0583813 0.0573419 0.0550166 0.0508972 0.0447345 0.0368056 0.0279685
 0.00532934 0.00834565 0.0120031 0.0161462 0.0206775 0.025553 0.0306926 0.0359117 0.0409354 0.0454689 0.0492661 0.0521838 0.0542171 0.0554975 0.0562391 0.0566561 0.056887 0.0569397 0.0566476 0.0556435 0.0533994 0.0493889 0.0433644 0.0356126 0.0269936
 0.00564461 0.00883347 0.0126923 0.0170502 0.0217974 0.0268809 0.0322121 0.037594 0.0427367 0.0473269 0.0510936 0.0538581 0.0555764 0.0563583 0.056441 0.056118 0.0556427 0.0551292 0.0544691 0.0532978 0.0510549 0.0471763 0.0413854 0.0339452 0.0256852
 0.0059485 0.00930836 0.0133723 0.0179572 0.0229412 0.028259 0.0338056 0.039362 0.0446162 0.0492381 0.0529472 0.0555581 0.0570171 0.0574187 0.056987 0.056023 0.0548265 0.0535977 0.0523304 0.0507433 0.048318 0.0444884 0.0389444 0.0318939 0.0240978
 0.00627824 0.00982031 0.0140993 0.0189175 0.0241414 0.0296961 0.0354639 0.0412056 0.046583 0.0512411 0.0548816 0.057313 0.0584851 0.0585001 0.0575867 0.0560469 0.0541909 0.0522555 0.0503075 0.0481632 0.0453965 0.0414971 0.036154 0.0295187 0.0222565
 0.00665336 0.0104001 0.0149172 0.0199879 0.0254627 0.0312548 0.0372329 0.0431389 0.0486125 0.0532789 0.0568259 0.0590562 0.0599221 0.0595354 0.0581367 0.0560384 0.0535595 0.0509553 0.0483369 0.045599 0.0424148 0.0383605 0.0331606 0.026929 0.0202303
 0.00702104 0.0109745 0.0157391 0.0210821 0.0268377 0.0329015 0.0391184 0.0452011 0.0507606 0.0554027 0.058809 0.0607869 0.0613018 0.0604822 0.0585852 0.0559353 0.0528598 0.0496263 0.0463756 0.0430625 0.0394494 0.0352052 0.0301087 0.0242555 0.018118
 0.00740049 0.0115586 0.0165588 0.0221493 0.0281504 0.0344504 0.0408853 0.0471496 0.0528258 0.0574875 0.0607912 0.0625349 0.0626943 0.0614228 0.059008 0.0557992 0.0521397 0.0483089 0.044469 0.0406209 0.0366014 0.032165 0.0271488 0.0216421 0.0160375
 0.0077873 0.0121542 0.0173937 0.0232318 0.0294696 0.0359801 0.0425856 0.048965 0.0546868 0.0593155 0.0625026 0.0640427 0.063909 0.0622586 0.0593904 0.0556731 0.0514708 0.0470841 0.0427009 0.0383636 0.0339728 0.0293566 0.0244059 0.0192091 0.0140903
 0.00822168 0.012824 0.018335 0.024456 0.0309656 0.0377177 0.0445128 0.0510031 0.056731 0.061246 0.0642016 0.0654105 0.0648732 0.0627746 0.0594349 0.0552346 0.0505444 0.0456725 0.0408241 0.0360763 0.0313844 0.0266402 0.021781 0.0168937 0.0122412
 0.00850351 0.0132736 0.0189961 0.0253651 0.032147 0.0391752 0.0462185 0.0528895 0.0586943 0.063159 0.065931 0.066834 0.0658943 0.0633316 0.0595021 0.0548149 0.0496568 0.0443436 0.03909 0.0339958 0.0290577 0.0242186 0.0194532 0.0148464 0.0106083
 0.00875239 0.0136644 0.0195602 0.0261266 0.0331245 0.0403804 0.0476497 0.0545194 0.0604597 0.064958 0.0676317 0.0682942 0.0669862 0.0639635 0.0596285 0.0544339 0.0487984 0.0430564 0.0374345 0.0320481 0.0269207 0.0220296 0.0173745 0.0130339 0.0091707
 0.00899743 0.0140423 0.0200918 0.0268203 0.033979 0.0413888 0.0487991 0.0557875 0.0618102 0.0663374 0.0689681 0.0694984 0.0679592 0.0646098 0.0598731 0.0542354 0.0481543 0.0419989 0.036023 0.0303651 0.0250721 0.020145 0.0155964 0.0114929 0.00795461
 0.00911306 0.0142339 0.0203869 0.0272476 0.0345632 0.0421428 0.0497153 0.0568339 0.0629346 0.0674768 0.0700575 0.0704751 0.0687632 0.0651832 0.0601619 0.0541953 0.0477592 0.0412493 0.0349509 0.0290352 0.0235792 0.0186074 0.0141409 0.0102321 0.00696152
 0.00914205 0.014275 0.0204394 0.0273117 0.0346463 0.0422663 0.0499162 0.0571569 0.0634144 0.0681196 0.0708322 0.0713188 0.0695961 0.0659246 0.0607393 0.0545481 0.0478412 0.041034 0.0344388 0.0282603 0.0226114 0.0175452 0.0130959 0.00930524 0.00622105
 0.00923189 0.0144014 0.0205929 0.0274705 0.034782 0.0423543 0.049947 0.0571431 0.0633925 0.0681439 0.0709592 0.0715864 0.0700058 0.0664353 0.0612774 0.0550262 0.048177 0.0411644 0.0343298 0.0279134 0.0220657 0.0168734 0.0123892 0.00865211 0.00568547
 0.00944887 0.014721 0.0210118 0.0279623 0.0353025 0.0428517 0.0503708 0.0574511 0.0635573 0.0681612 0.070854 0.0714105 0.0698236 0.0663023 0.0612198 0.0550311 0.048198 0.041139 0.0342009 0.0276482 0.0216667 0.0163783 0.0118599 0.00815558 0.00527356
 0.009592 0.0149397 0.0213141 0.028345 0.0357503 0.0433374 0.0508555 0.0578866 0.0638931 0.0683563 0.0708887 0.0712933 0.0695912 0.0660106 0.0609281 0.0547832 0.0480079 0.0409877 0.0340478 0.0274512 0.0214016 0.0160501 0.0115003 0.00780893 0.00497924
 0.00961041 0.0149794 0.0213921 0.0284831 0.03597 0.0436509 0.0512568 0.0583474 0.0643655 0.0687814 0.0712092 0.0714663 0.069599 0.0658664 0.0606724 0.0544709 0.0476903 0.0406965 0.0337882 0.0272079 0.0211542 0.0157886 0.0112325 0.00755601 0.00476464
