SBPRF35
8.73572
Curr Bio
636773
B35
725187
F35
0.201932
FOFL
0.166438
OFL
80037.1
Bzero
2.49592e+006
#pred survey bio
 4.2564e+006 4.09441e+006 3.9229e+006 3.68178e+006 3.40422e+006 3.11667e+006 2.79754e+006 2.52705e+006 2.25995e+006 2.00097e+006 1.78752e+006 1.56307e+006 1.38583e+006 1.22428e+006 1.09691e+006 980216 881364 796020 745033 692934 648542 630073 623128 607025 583314 564230 562015 557065 560189 564221 555447 555733 559106 554534 550995 546528 529526 521219 521692 530095 531619 538388 549446 552748 559739 560795 565673 567606 570635 572976 574840 591181 601066 594947 611626 593308 592447 604565 605287 642762 2.13375e+007 1.27171e+007 1.29139e+007 1.35956e+007 1.45511e+007 1.55654e+007 1.65017e+007 1.72962e+007 1.79344e+007 1.84285e+007 1.88018e+007 1.90792e+007 1.92834e+007 1.94329e+007 1.95423e+007 1.96223e+007 1.96811e+007 1.97245e+007 1.97567e+007 1.97807e+007 1.97987e+007 1.98123e+007 1.98226e+007 1.98304e+007 1.98364e+007 1.9841e+007 1.98446e+007 1.98473e+007 1.98494e+007 1.98511e+007 1.98524e+007 1.98534e+007 1.98541e+007 1.98547e+007 1.98552e+007 1.98556e+007 1.98559e+007 1.98561e+007 1.98563e+007 1.98564e+007 1.98565e+007 1.98566e+007 1.98567e+007 1.98567e+007 1.98568e+007 1.98568e+007 1.98568e+007 1.98569e+007 1.98569e+007 1.98569e+007 1.98569e+007 1.98569e+007 1.98569e+007 1.98569e+007 1.98569e+007 1.98569e+007 1.98569e+007 1.98569e+007 1.98569e+007 1.98569e+007 1.98569e+007 1.98569e+007 1.98569e+007 1.98569e+007 1.98569e+007 1.98569e+007 1.98569e+007 1.98569e+007 1.98569e+007 1.98569e+007 1.98569e+007 1.98569e+007 1.98569e+007 1.98569e+007 1.98569e+007 1.98569e+007 1.98569e+007 1.98569e+007 1.98569e+007 1.98569e+007 1.98569e+007 1.98569e+007 1.98569e+007 1.98569e+007 1.98569e+007 1.98569e+007 1.98569e+007 1.98569e+007 1.98569e+007 1.98569e+007 1.98569e+007 1.98569e+007 1.98569e+007 1.98569e+007 1.98569e+007 1.98569e+007 1.98569e+007 1.98569e+007 1.98569e+007 1.98569e+007 0 0 0 0 0 0 0 0 0 0 0 0 0 0 0 0 0 0 0 0 0 0 0 0 0
#obs survey bio
 2.6195e+006 2.9376e+006 4.07316e+006 3.52384e+006 2.44876e+006 2.88493e+006 1.96698e+006 2.31846e+006 1.49392e+006 1.331e+006 1.44164e+006 1.57653e+006 986114 1.37974e+006 940990 913313 874181 584644 826606 522402 630957 566833 582487 693387 598002 408149 556188 364253 498146 543607 366927 492083 519462 647623 818492 696674 575294 456235 554682 526806 408551 484067 368638 421435 665321 874346 672743 445786 739166 450912 532210 660384 604405 628621 582794 496887 506085 580627 753212 500138
#pred catch bio
 83749.6 87968.8 156306 203250 232165 284821 266043 287516 303122 282156 307057 275811 268317 241058 231562 213438 197659 164577 161757 150899 125846 114282 119685 122565 115414 99893.9 101890 95155.5 94828.3 105173 96846.4 93554.6 98028.5 93370 90148.2 98766 93285.8 89661.7 85714.1 92201.2 87461.5 84062.6 91085.6 88379.6 93139.2 89179.8 91192.9 89974.1 90282.8 90751.4 79687.7 86452.9 99944.3 81119.9 110949 96118 86666.8 97084.1 66345.4 122530 80037.1 94553.4 94676.9 98374.2 104733 111749 118196 123561 127750 130877 133136 134728 135829 136579 137084 137421 137644 137792 137888 137951 137992 138018 138035 138047 138054 138058 138061 138063 138065 138065 138066 138066 138066 138067 138067 138067 138067 138067 138067 138067 138067 138067 138067 138067 138067 138067 138067 138067 138067 138067 138067 138067 138067 138067 138067 138067 138067 138067 138067 138067 138067 138067 138067 138067 138067 138067 138067 138067 138067 138067 138067 138067 138067 138067 138067 138067 138067 138067 138067 138067 138067 138067 138067 138067 138067 138067 138067 138067 138067 138067 138067 138067 138067 138067 138067 138067 138067 138067 138067 138067 0 0 0 0 0 0 0 0 0 0 0 0 0 0 0 0 0 0 0 0 0 0 0 0 0
#obs catch bio
 0 87786.8 157216 204769 234035 288612 269380 291661 309192 288230 316205 283073 277291 247540 238000 218850 201232 167405 164835 154177 128470 116358 121780 124632 116916 101189 103576 96744.4 96244.5 107270 98722.4 95536.4 100289 94932.5 90938 99510.6 93825.7 90417.1 86072 92777.5 87679.8 83930.9 91350.4 88783.6 93563.1 89064.2 90920.6 90015 90111 90696.6 79509.3 86356.9 100332 80689.6 111234 96137.2 86504.9 97916.5 65873.9 123164
#pred cpue bio
 4.18805e+006 4.03001e+006 3.86146e+006 3.62169e+006 3.34537e+006 3.05915e+006 2.74168e+006 2.47227e+006 2.20634e+006 1.94865e+006 1.73628e+006 1.51392e+006 1.33852e+006 1.1792e+006 1.05394e+006 939553 843042 759962 710419 660018 617112 599434 593054 577836 555248 536915 534716 529882 532872 536806 528365 528718 532350 528656 526241 522756 505807 496166 495533 503676 505621 512564 523407 526491 533236 534505 539547 541532 544511 546886 548624 564341 573956 568072 584244 566282 565125 576711 577549 614677 2.04298e+007 1.21865e+007 1.227e+007 1.28221e+007 1.37317e+007 1.47352e+007 1.56693e+007 1.64634e+007 1.71015e+007 1.75956e+007 1.79689e+007 1.82463e+007 1.84505e+007 1.86e+007 1.87094e+007 1.87894e+007 1.88482e+007 1.88916e+007 1.89238e+007 1.89478e+007 1.89658e+007 1.89794e+007 1.89897e+007 1.89975e+007 1.90035e+007 1.90081e+007 1.90117e+007 1.90144e+007 1.90165e+007 1.90182e+007 1.90195e+007 1.90205e+007 1.90212e+007 1.90219e+007 1.90223e+007 1.90227e+007 1.9023e+007 1.90232e+007 1.90234e+007 1.90235e+007 1.90236e+007 1.90237e+007 1.90238e+007 1.90239e+007 1.90239e+007 1.90239e+007 1.9024e+007 1.9024e+007 1.9024e+007 1.9024e+007 1.9024e+007 1.9024e+007 1.9024e+007 1.9024e+007 1.9024e+007 1.9024e+007 1.9024e+007 1.9024e+007 1.9024e+007 1.9024e+007 1.9024e+007 1.9024e+007 1.9024e+007 1.9024e+007 1.9024e+007 1.9024e+007 1.9024e+007 1.9024e+007 1.9024e+007 1.9024e+007 1.90241e+007 1.90241e+007 1.90241e+007 1.90241e+007 1.90241e+007 1.90241e+007 1.90241e+007 1.90241e+007 1.90241e+007 1.90241e+007 1.90241e+007 1.90241e+007 1.90241e+007 1.90241e+007 1.90241e+007 1.90241e+007 1.90241e+007 1.90241e+007 1.90241e+007 1.90241e+007 1.90241e+007 1.90241e+007 1.90241e+007 1.90241e+007 1.90241e+007 1.90241e+007 1.90241e+007 1.90241e+007 1.90241e+007 1.90241e+007 0 0 0 0 0 0 0 0 0 0 0 0 0 0 0 0 0 0 0 0 0 0 0 0 0
#obs cpue bio
 3.88716e+006 2.47283e+006 3.62043e+006 2.30527e+006 3.71318e+006 2.99814e+006 2.43609e+006 2.79888e+006 2.08048e+006 1.66383e+006 1.4426e+006 1.14552e+006 983594 968248 912028 802209 994288 657722 503461 563878 372817 513069 592624 445734 535306 469242 389473 524316 511545 399172 492728 355089 432135 481070 487840 493207 433632 416535 531702 472103 746957 724037 613707 506913 481309 486277 566099 512769 523797 691154 561606 508203 487740 680756 574904 612770 701346 382578 652776 830286
#pred surv len freq
 0.00475618 0.00778574 0.0118357 0.0169219 0.022935 0.0295481 0.0361959 0.0422226 0.0471339 0.0507608 0.0532308 0.0548179 0.0558027 0.0563957 0.0567061 0.0567339 0.0563868 0.0555136 0.0539323 0.0514396 0.0478201 0.0429035 0.0366933 0.0295099 0.0220179
 0.00499666 0.00807039 0.0120732 0.0169761 0.0226796 0.0289423 0.0353327 0.0413062 0.0463861 0.0503111 0.0530583 0.054777 0.0557112 0.0561321 0.0562703 0.0562499 0.0560515 0.0555121 0.0543547 0.0522368 0.0488229 0.0438951 0.0374978 0.030048 0.0223079
 0.00521145 0.00843543 0.0126432 0.0177889 0.0237209 0.0301083 0.0364219 0.0420717 0.0466397 0.0500198 0.0523583 0.0538882 0.0548128 0.0552884 0.055451 0.0554148 0.0552259 0.0548002 0.0538857 0.0520858 0.0489615 0.0442044 0.0378304 0.0302961 0.0224353
 0.0054092 0.00875984 0.0131387 0.018503 0.0246979 0.0313733 0.0379532 0.0437704 0.0483177 0.0514263 0.0532513 0.0541237 0.0543976 0.0543601 0.054198 0.0539988 0.0537588 0.0533699 0.0525852 0.0510063 0.0481556 0.043659 0.0374784 0.0300565 0.0222511
 0.00563783 0.00912617 0.0136807 0.0192543 0.0256845 0.0326076 0.0394247 0.0454379 0.0501029 0.0532079 0.0548625 0.0553649 0.0550775 0.0543563 0.0535032 0.0527212 0.0520779 0.0514819 0.0506683 0.0492079 0.0465845 0.0423751 0.036489 0.029329 0.0217364
 0.00588877 0.00952864 0.0142763 0.0200782 0.02676 0.0339365 0.0409787 0.047156 0.0519001 0.0549893 0.0565289 0.056807 0.0561668 0.0549504 0.053477 0.0520126 0.0507221 0.0496123 0.0484851 0.0469315 0.0444145 0.0404622 0.0349212 0.0281316 0.0208843
 0.00621538 0.0100491 0.0150399 0.0211237 0.0281084 0.0355808 0.0428722 0.0492086 0.0539908 0.056989 0.0583216 0.058298 0.0572769 0.0556028 0.0535895 0.0515072 0.0495547 0.0478096 0.0461656 0.0442961 0.0417085 0.0379239 0.0327356 0.0264026 0.0196293
 0.00652159 0.0105381 0.0157596 0.0221132 0.0293913 0.0371555 0.0446998 0.0512089 0.0560517 0.0589857 0.0601361 0.0598302 0.058446 0.0563426 0.05384 0.0512092 0.0486564 0.046291 0.0440715 0.0417602 0.0389478 0.0351989 0.0302897 0.0244059 0.0181491
 0.00685091 0.0110673 0.0165443 0.0232002 0.0308094 0.038901 0.0467223 0.0534073 0.0582886 0.0611144 0.0620255 0.0613769 0.0595759 0.0570046 0.0539974 0.0508304 0.0477123 0.0447646 0.0419836 0.0392014 0.0360955 0.0323012 0.0276121 0.0221626 0.0164506
 0.00717097 0.0115876 0.0173268 0.0243022 0.0322712 0.0407283 0.048867 0.0557613 0.0606983 0.06341 0.0640501 0.0630058 0.0607232 0.057621 0.0540613 0.0503359 0.0466591 0.0431578 0.0398495 0.0366156 0.0332084 0.0293372 0.024831 0.019793 0.0146276
 0.00737427 0.0119282 0.0178589 0.0250838 0.0333545 0.0421422 0.0505987 0.0577465 0.0628269 0.0655434 0.0660416 0.0647175 0.0620391 0.0584557 0.0543627 0.0500811 0.0458458 0.0417991 0.0379798 0.0343083 0.030597 0.0266209 0.0222471 0.0175604 0.0128866
 0.00768194 0.0124179 0.0185768 0.026067 0.0346262 0.0437033 0.0524165 0.0597482 0.0649049 0.0675702 0.0678869 0.066262 0.0631834 0.0591264 0.0545142 0.0496938 0.0449221 0.04036 0.0360683 0.0320019 0.0280238 0.0239646 0.0197257 0.0153775 0.0111764
 0.00786855 0.0127319 0.0190687 0.0267894 0.0356221 0.0449872 0.0539582 0.0614699 0.0666961 0.0693131 0.0694758 0.0676099 0.0642193 0.0597914 0.0547605 0.0494873 0.0442454 0.0392164 0.0344879 0.0300517 0.0258184 0.0216676 0.0175302 0.0134647 0.0096685
 0.00807597 0.0130652 0.0195635 0.0274783 0.0365301 0.0461247 0.05531 0.0629871 0.0682961 0.0708898 0.0709167 0.0688132 0.0651076 0.0603162 0.0548977 0.0492278 0.0435881 0.0381687 0.0330737 0.0283248 0.0238749 0.0196476 0.0156004 0.0117823 0.00833985
 0.00824486 0.0133361 0.0199645 0.0280332 0.0372545 0.0470198 0.0563564 0.0641426 0.0695018 0.0720797 0.0720244 0.0697752 0.0658641 0.060814 0.0550959 0.0491008 0.0431255 0.037374 0.0319665 0.0269489 0.0223086 0.0180058 0.0140217 0.0103987 0.00724229
 0.00835263 0.0135265 0.0202786 0.0285169 0.0379466 0.0479334 0.0574626 0.0653685 0.0707464 0.0732397 0.0730166 0.0705455 0.0663847 0.0610746 0.055094 0.0488369 0.0426015 0.0365962 0.0309517 0.0257326 0.0209536 0.0166043 0.0126847 0.00923221 0.00631911
 0.00851724 0.0137766 0.0206238 0.0289584 0.0384821 0.0485632 0.0581895 0.0661893 0.0716394 0.0741558 0.0738827 0.0712799 0.0669177 0.0613636 0.0551261 0.0486202 0.0421538 0.0359376 0.0301051 0.0247309 0.0198479 0.0154676 0.0116044 0.00829168 0.0055754
 0.00870663 0.0140756 0.0210559 0.0295363 0.0392019 0.0493985 0.0590883 0.0670812 0.0724532 0.07484 0.0744133 0.0716523 0.067131 0.0614107 0.0549961 0.0483068 0.0416614 0.0352817 0.02931 0.0238295 0.0188849 0.0145013 0.010702 0.00751533 0.00496648
 0.00872206 0.0141064 0.0211133 0.0296354 0.0393599 0.04963 0.0594002 0.067468 0.072896 0.0753089 0.0748742 0.072074 0.0674893 0.0616874 0.0551742 0.0483673 0.041586 0.035059 0.0289416 0.0233339 0.0182978 0.0138732 0.0100909 0.00697555 0.00453551
 0.0088404 0.0142843 0.0213545 0.0299343 0.0397042 0.0500052 0.0597919 0.0678617 0.0732759 0.0756574 0.0751724 0.072304 0.0676372 0.0617458 0.0551418 0.0482464 0.0413786 0.0347654 0.0285636 0.0228808 0.0177912 0.0133477 0.00958899 0.00653752 0.00418873
 0.00893946 0.0144427 0.021587 0.0302505 0.0401042 0.0504736 0.0602949 0.0683512 0.0737012 0.0759807 0.0753778 0.0723957 0.0676305 0.0616572 0.0549844 0.0480292 0.0411076 0.0344448 0.0281977 0.0224767 0.0173629 0.0129178 0.00918632 0.00619022 0.00391584
 0.00894247 0.014436 0.0215565 0.030179 0.0399791 0.0502982 0.0600952 0.0681716 0.07359 0.0759717 0.0754796 0.0725928 0.0678925 0.0619492 0.0552731 0.0482851 0.0413067 0.0345697 0.028239 0.0224346 0.017248 0.0127511 0.0089958 0.00600473 0.00375818
 0.00884419 0.0142879 0.021355 0.0299271 0.039684 0.0499685 0.0597412 0.0678107 0.0732524 0.0757015 0.0753262 0.0725955 0.0680652 0.0622734 0.0557035 0.0487635 0.0417752 0.0349811 0.0285615 0.0226531 0.0173637 0.0127795 0.00896235 0.00593859 0.00368512
 0.00878386 0.0141989 0.0212379 0.0297887 0.0395355 0.0498221 0.0596065 0.0676924 0.0731497 0.0756104 0.0752452 0.0725323 0.0680381 0.0623058 0.0558117 0.0489459 0.0420102 0.0352334 0.0287935 0.022835 0.0174804 0.0128314 0.0089625 0.00590696 0.00364161
 0.00894149 0.0144204 0.0215073 0.0300698 0.0397832 0.0499993 0.0596972 0.0677025 0.0730971 0.0755124 0.0751114 0.0723662 0.0678448 0.0620988 0.0556141 0.0487837 0.0419019 0.0351819 0.0287855 0.0228478 0.0174915 0.012827 0.00893972 0.0058717 0.00360328
 0.00912647 0.0147032 0.0218976 0.0305598 0.0403438 0.0505789 0.0602248 0.0680996 0.0733003 0.0754958 0.0748955 0.0720059 0.0674057 0.061637 0.0551687 0.0483804 0.0415582 0.0349079 0.028582 0.0227053 0.0173936 0.0127563 0.00888386 0.00582481 0.00356457
 0.00911364 0.0146915 0.0218967 0.0305843 0.0404091 0.050694 0.060386 0.0682874 0.0734821 0.0756346 0.0749611 0.0719857 0.0673087 0.0614893 0.055003 0.0482247 0.0414299 0.0348146 0.0285234 0.0226758 0.017384 0.0127561 0.00888449 0.00582194 0.00355804
 0.00917875 0.0147837 0.022011 0.0307086 0.04053 0.0508038 0.0604869 0.0683892 0.0735932 0.0757523 0.0750682 0.0720551 0.067315 0.0614205 0.0548661 0.0480428 0.0412332 0.0346304 0.0283697 0.0225596 0.0173033 0.0127036 0.0088513 0.00580049 0.00354341
 0.00913311 0.0147201 0.0219344 0.0306293 0.0404588 0.0507471 0.0604436 0.068354 0.073564 0.0757359 0.0750788 0.0721047 0.0674034 0.0615319 0.0549753 0.0481276 0.0412835 0.0346495 0.0283693 0.0225526 0.017298 0.0127027 0.00885354 0.00580345 0.00354535
 0.0090583 0.0146059 0.0217767 0.0304311 0.040231 0.0505087 0.0602203 0.0681738 0.0734498 0.0756986 0.0751157 0.0722038 0.0675504 0.0617128 0.0551752 0.0483287 0.0414676 0.0348029 0.0284868 0.0226372 0.0173572 0.0127441 0.00888253 0.00582315 0.0035578
 0.00909311 0.0146608 0.021856 0.0305367 0.040361 0.0506562 0.0603724 0.0683131 0.0735586 0.0757639 0.0751314 0.0721719 0.0674782 0.0616116 0.0550584 0.048209 0.0413542 0.0347001 0.0283956 0.0225574 0.0172898 0.0126903 0.00884283 0.00579636 0.00354132
 0.00891206 0.0143995 0.0215243 0.0301655 0.0399946 0.0503386 0.0601365 0.0681766 0.073525 0.0758259 0.0752741 0.0723746 0.067718 0.0618663 0.0553089 0.0484416 0.0415602 0.0348752 0.0285384 0.0226687 0.017372 0.0127477 0.00888066 0.0058199 0.00355512
 0.00861193 0.0139427 0.0208966 0.0293793 0.0390915 0.0493882 0.0592329 0.0674268 0.0730263 0.0756383 0.0754036 0.072777 0.0683179 0.0625805 0.0560632 0.049178 0.0422381 0.03547 0.029038 0.0230706 0.017681 0.0129736 0.00903671 0.0059211 0.00361629
 0.00833572 0.013516 0.0202972 0.0286046 0.0381614 0.0483489 0.0581598 0.0664215 0.0722026 0.0750973 0.0752099 0.0729443 0.0688094 0.0633207 0.056957 0.0501302 0.0431685 0.0363205 0.029773 0.0236742 0.0181521 0.0133222 0.00927998 0.00608013 0.00371298
 0.00829001 0.0134031 0.0200576 0.0281629 0.0374504 0.0473444 0.0569099 0.0650497 0.0708788 0.073993 0.0744586 0.0726217 0.0689299 0.0638437 0.0577983 0.0511789 0.0443065 0.0374412 0.0307949 0.0245459 0.0188508 0.0138488 0.00965222 0.00632572 0.00386328
 0.00893877 0.0143107 0.0211486 0.0292685 0.0383467 0.0478204 0.0568298 0.0643847 0.0697065 0.072477 0.072816 0.0710806 0.0676834 0.063014 0.0574227 0.0512177 0.0446667 0.0380045 0.0314438 0.0251831 0.0194101 0.014296 0.00998071 0.0065478 0.00400128
 0.00967323 0.0154719 0.0228251 0.0314936 0.0410608 0.0508298 0.0597886 0.0668396 0.0712169 0.0727629 0.0718539 0.0690964 0.0650602 0.0601707 0.0547157 0.0488883 0.0428302 0.0366691 0.0305454 0.024623 0.0190857 0.0141208 0.0098918 0.00650494 0.00398139
 0.00960837 0.0154748 0.0230293 0.0320887 0.0422406 0.0527083 0.06232 0.0697855 0.0741808 0.0752793 0.0735023 0.0696091 0.064391 0.0585003 0.0523882 0.0463042 0.0403423 0.0345176 0.0288417 0.023372 0.018226 0.0135638 0.00954969 0.0063053 0.00387085
 0.00926677 0.0149642 0.0223517 0.0312953 0.0414439 0.0520847 0.0620929 0.0701741 0.0753145 0.0771112 0.0757757 0.0719105 0.0662758 0.0596343 0.0526424 0.0457697 0.0392687 0.0332106 0.0275675 0.0223013 0.0174257 0.0130222 0.00921415 0.00611335 0.00376888
 0.00901313 0.0145499 0.0217274 0.0304223 0.0403131 0.050744 0.0606723 0.0688884 0.0744284 0.0768705 0.0763241 0.0732237 0.0681431 0.0617044 0.0545285 0.0471704 0.0400525 0.0334271 0.0273896 0.0219365 0.0170418 0.0127139 0.00900838 0.00599578 0.00371071
 0.00898703 0.0144905 0.0216053 0.0301969 0.0399389 0.050184 0.0599161 0.0679692 0.0734353 0.0759485 0.0756559 0.0729863 0.0684466 0.0625373 0.0557393 0.0485072 0.0412487 0.0342933 0.0278656 0.0220821 0.0169809 0.012571 0.00886805 0.00589466 0.00365167
 0.00905957 0.0145827 0.0216956 0.0302467 0.0398996 0.0500092 0.0595742 0.0674517 0.0727613 0.0751688 0.0748566 0.072287 0.0679829 0.0624253 0.0560303 0.049155 0.0421125 0.0351839 0.0286148 0.0225977 0.0172609 0.0126758 0.00887601 0.00586784 0.00362388
 0.00909137 0.0146331 0.0217678 0.030339 0.0400008 0.0500947 0.0596048 0.06738 0.0725464 0.0747938 0.074341 0.0716891 0.0673928 0.0619491 0.0557665 0.0491649 0.0423935 0.0356629 0.0291715 0.02311 0.0176483 0.012917 0.00899653 0.00591253 0.00363254
 0.00903827 0.0145723 0.0217231 0.0303468 0.0400991 0.0503047 0.0599147 0.0677413 0.0728837 0.0750251 0.0744001 0.0715441 0.0670576 0.061484 0.0552661 0.0487336 0.0421149 0.0355728 0.0292481 0.0232875 0.0178486 0.0130814 0.00910096 0.00596283 0.00364833
 0.00886021 0.0143051 0.0213642 0.0299134 0.0396288 0.0498534 0.0595502 0.0675304 0.0728711 0.0752126 0.0747382 0.0719457 0.0674278 0.0617534 0.0554121 0.0487825 0.0421252 0.0356069 0.0293447 0.0234482 0.0180432 0.0132685 0.00924937 0.00606135 0.00370339
 0.00882 0.0142277 0.0212264 0.0296891 0.039299 0.0494205 0.0590501 0.067032 0.0724607 0.0749679 0.0747034 0.0721171 0.0677555 0.0621574 0.0558096 0.0491144 0.0423719 0.0357855 0.0294904 0.0235909 0.0181932 0.0134164 0.00937779 0.00615761 0.00376538
 0.00886555 0.0142814 0.0212688 0.0296877 0.0392146 0.0492192 0.0587163 0.0665781 0.0719305 0.0744322 0.0742477 0.0718205 0.0676669 0.0622795 0.0560986 0.0494973 0.0427739 0.0361531 0.0298013 0.023847 0.0184057 0.0135932 0.00952005 0.00626389 0.00383696
 0.00884621 0.014266 0.0212739 0.0297342 0.0393171 0.0493711 0.0588811 0.0666945 0.0719349 0.0742865 0.0739588 0.0714415 0.0672796 0.0619667 0.0559172 0.0494634 0.0428635 0.0363193 0.0299951 0.0240337 0.0185683 0.0137272 0.0096258 0.0063429 0.00389148
 0.00880744 0.0142034 0.0211818 0.0296111 0.0391699 0.0492183 0.058752 0.0666196 0.0719292 0.0743367 0.0740245 0.0714748 0.0672513 0.0618833 0.0558171 0.049396 0.042865 0.0363982 0.0301338 0.0242012 0.0187348 0.0138727 0.00974144 0.00642758 0.00394867
 0.00890512 0.0143351 0.0213297 0.029742 0.0392441 0.0492058 0.0586452 0.0664384 0.0717139 0.0741336 0.0738692 0.0713798 0.0672041 0.0618573 0.0557894 0.0493618 0.0428382 0.0363996 0.0301762 0.0242817 0.0188378 0.0139786 0.00983456 0.00649983 0.00399892
 0.00897535 0.0144516 0.0215075 0.0299913 0.0395624 0.0495679 0.0589997 0.0667163 0.0718525 0.0741026 0.073684 0.0710924 0.0668789 0.0615455 0.0555169 0.0491334 0.0426505 0.0362514 0.0300709 0.0242219 0.0188194 0.0139905 0.00986207 0.00653036 0.00402468
 0.00884043 0.0142519 0.0212446 0.0296819 0.0392366 0.0492639 0.0587562 0.0665643 0.0718049 0.0741484 0.0737921 0.0712263 0.0670132 0.0616741 0.0556477 0.0492758 0.0428066 0.0364157 0.0302348 0.0243782 0.0189633 0.0141173 0.00996773 0.00661187 0.00408206
 0.00874685 0.0141066 0.0210395 0.0294159 0.0389185 0.0489145 0.05841 0.0662658 0.0715988 0.0740657 0.0738385 0.0713804 0.0672352 0.0619209 0.0558873 0.0494936 0.0430023 0.0365948 0.0304016 0.0245329 0.0191029 0.0142382 0.0100666 0.00668736 0.0041351
 0.00888478 0.014306 0.0212929 0.0297 0.0391989 0.0491559 0.0585845 0.0663578 0.0716059 0.0739973 0.0737138 0.0712224 0.067064 0.0617487 0.0557184 0.0493284 0.0428431 0.0364484 0.0302767 0.0244369 0.0190381 0.0142014 0.0100512 0.00668524 0.0041393
 0.00879873 0.0141792 0.0211258 0.0295002 0.0389772 0.0489212 0.0583416 0.0661104 0.0713633 0.0737793 0.0735494 0.0711418 0.0670871 0.0618771 0.055934 0.0495996 0.0431345 0.0367299 0.0305292 0.0246518 0.0192144 0.0143414 0.0101581 0.00676274 0.00419184
 0.009005 0.0144987 0.0215765 0.0300859 0.0396847 0.0497167 0.0591669 0.0668835 0.0719892 0.0741708 0.0736496 0.0709405 0.066624 0.0612298 0.0551961 0.0488569 0.0424486 0.0361346 0.0300359 0.0242588 0.0189137 0.0141224 0.010008 0.00666718 0.00413589
 0.00901897 0.014529 0.0216364 0.0301925 0.0398553 0.0499627 0.0594869 0.0672606 0.0723919 0.0745567 0.0739709 0.0711509 0.0666887 0.0611358 0.0549582 0.0485153 0.0420572 0.035745 0.0296859 0.0239685 0.0186885 0.0139583 0.00989582 0.00659584 0.00409413
 0.00880757 0.0142176 0.0212286 0.0297152 0.0393542 0.0494935 0.0591067 0.0670206 0.0723299 0.0746879 0.0742808 0.0715956 0.0672026 0.0616464 0.0554026 0.0488534 0.0422783 0.0358643 0.0297334 0.0239759 0.0186801 0.013948 0.00988912 0.00659331 0.00409436
 0.00857978 0.0138781 0.020776 0.0291709 0.0387602 0.0489047 0.058585 0.066627 0.0721152 0.0746811 0.0744812 0.0719733 0.0677061 0.0622129 0.0559684 0.0493633 0.0426939 0.0361696 0.0299343 0.0240939 0.0187423 0.0139782 0.00990376 0.0066013 0.00409951
 0.00790824 0.0128517 0.0193555 0.027371 0.0366527 0.0466182 0.0563025 0.0645744 0.0705255 0.0737429 0.0742945 0.0725311 0.0689065 0.0638891 0.0579237 0.051404 0.0446548 0.0379302 0.0314245 0.0252898 0.0196556 0.0146428 0.0103638 0.00690247 0.00428454
#obs surv len freq
 nan nan nan nan nan nan nan nan nan nan nan nan nan nan nan nan nan nan nan nan nan nan nan nan nan
 0.00448525 0.00734661 0.0111763 0.0159917 0.021691 0.0279647 0.0342771 0.0400072 0.0446864 0.0481508 0.05051 0.0520074 0.0529013 0.0534152 0.0537307 0.0539866 0.0542659 0.0545591 0.0546981 0.0542901 0.0527282 0.0493601 0.0438095 0.0362889 0.0276719
 0.00461799 0.00756488 0.0115089 0.016466 0.0223255 0.0287591 0.0352019 0.0410011 0.0456656 0.0490259 0.0512032 0.0524641 0.0530948 0.0533461 0.0534225 0.0534771 0.0535991 0.0537779 0.0538418 0.0533956 0.0518345 0.0485108 0.0430497 0.0356569 0.0271889
 0.00478011 0.00783032 0.011912 0.0170402 0.0230971 0.029737 0.0363658 0.0422965 0.0470074 0.0503117 0.0523287 0.0533363 0.0536429 0.0535295 0.0532334 0.0529391 0.0527588 0.0526959 0.0525851 0.0520351 0.0504456 0.0471743 0.0418458 0.034652 0.0264194
 0.00496273 0.00812993 0.0123681 0.0176914 0.0239742 0.0308512 0.0376971 0.0437883 0.0485736 0.0518506 0.0537363 0.0545146 0.0545045 0.0540036 0.0532734 0.0525289 0.0519159 0.0514699 0.0510521 0.0502933 0.0486107 0.0453736 0.0402045 0.0332725 0.0253592
 0.0051712 0.00847014 0.0128826 0.0184212 0.0249513 0.0320869 0.0391695 0.0454371 0.050308 0.0535647 0.0553246 0.0558801 0.0555611 0.0546766 0.0535012 0.0522683 0.0511499 0.0502161 0.0493694 0.0482842 0.0464183 0.0431687 0.0381623 0.0315385 0.0240181
 0.0054091 0.00885729 0.0134661 0.019245 0.0260483 0.0334659 0.0408017 0.0472519 0.0522024 0.0554234 0.0570373 0.057351 0.05671 0.0554357 0.0538124 0.0520829 0.0504336 0.0489599 0.0476054 0.0461001 0.0439631 0.040642 0.0357813 0.0294921 0.0224225
 0.00564603 0.00924853 0.014066 0.0201078 0.0272167 0.0349542 0.0425781 0.0492334 0.0542683 0.0574396 0.0588792 0.0589159 0.0579184 0.0562273 0.0541398 0.0519061 0.0497192 0.0476894 0.0457924 0.0438136 0.0413441 0.037899 0.0331581 0.0272109 0.0206279
 0.0058836 0.00963814 0.014659 0.0209551 0.02836 0.0364115 0.044328 0.0512069 0.0563562 0.0595109 0.0608018 0.0605712 0.0592105 0.0570852 0.0545144 0.0517626 0.0490319 0.0464426 0.043995 0.0415228 0.0386886 0.0350835 0.030434 0.0248175 0.0187291
 0.00613243 0.0100442 0.0152732 0.0218258 0.0295244 0.0378813 0.0460748 0.0531571 0.0584011 0.0615273 0.0626698 0.0621847 0.06048 0.0579387 0.0548968 0.0516342 0.0483653 0.0452239 0.042233 0.0392702 0.0360652 0.0322845 0.0277065 0.0224041 0.0168015
 0.00637371 0.0104425 0.0158834 0.0227024 0.0307098 0.0393881 0.0478682 0.0551503 0.0604693 0.0635335 0.0644892 0.0637166 0.0616494 0.0586913 0.0551933 0.0514448 0.0476672 0.0440038 0.0404987 0.0370697 0.0335096 0.0295574 0.0250431 0.0200393 0.0149055
 0.00661506 0.0108361 0.0164784 0.0235458 0.0318381 0.0408137 0.0495642 0.0570436 0.0624485 0.0654683 0.0662512 0.0651957 0.0627617 0.0593814 0.0554293 0.0512104 0.0469538 0.0428086 0.0388335 0.03498 0.0310966 0.0269884 0.0225346 0.0178092 0.0131136
 0.00684616 0.0112172 0.0170616 0.024382 0.0329661 0.0422426 0.0512573 0.0589144 0.0643747 0.0673173 0.0679027 0.0665525 0.0637523 0.0599579 0.055565 0.0508949 0.0461879 0.0416015 0.0372069 0.0329825 0.0288231 0.0245898 0.0202049 0.0157436 0.0114553
 0.00705225 0.0115532 0.0175692 0.0251014 0.0339288 0.0434601 0.0527081 0.0605372 0.0660746 0.0689809 0.0694163 0.0678163 0.0646889 0.0605151 0.0557141 0.0506257 0.0455031 0.0405137 0.0357424 0.0311916 0.0267948 0.0224596 0.0181425 0.0139186 0.00999154
 0.00726423 0.0119022 0.0181023 0.0258633 0.0349517 0.0447473 0.0542195 0.0621866 0.0677451 0.0705504 0.0707792 0.068893 0.0654258 0.0608809 0.0556957 0.0502244 0.0447308 0.0393911 0.0343016 0.0294848 0.0249055 0.0205085 0.0162768 0.0122823 0.00868718
 0.00746354 0.0122272 0.018593 0.0265576 0.0358775 0.0459107 0.0555915 0.0636977 0.0692929 0.0720182 0.072056 0.0698898 0.0660829 0.0611694 0.0556119 0.0497822 0.0439538 0.038309 0.032952 0.0279209 0.0232049 0.0187773 0.0146402 0.0108595 0.0075606
 0.00753283 0.0123498 0.0187966 0.0268752 0.0363419 0.0465448 0.0563974 0.0646523 0.0703494 0.0731128 0.0731156 0.0708376 0.066846 0.0616859 0.0558387 0.049698 0.0435581 0.0376191 0.0320006 0.0267581 0.0219023 0.0174291 0.0133539 0.00973565 0.0066684
 0.00760592 0.0124578 0.0189401 0.0270507 0.0365473 0.0467858 0.0566912 0.0650231 0.070818 0.0736846 0.0737722 0.0715368 0.0675273 0.0622805 0.0562794 0.0499287 0.0435412 0.0373397 0.0314687 0.0260089 0.0209967 0.0164496 0.0123948 0.00888456 0.0059863
 0.00766036 0.0125411 0.0190551 0.0271957 0.0367151 0.0469649 0.0568682 0.0651885 0.0709735 0.0738475 0.0739717 0.0718002 0.0678638 0.0626701 0.0566737 0.0502622 0.0437473 0.0373658 0.0312876 0.0256252 0.0204474 0.0157993 0.0117234 0.00826922 0.00548308
 0.00772104 0.0126328 0.0191802 0.0273514 0.0368939 0.0471555 0.0570564 0.0653587 0.0711115 0.0739463 0.0740363 0.0718494 0.0679247 0.062767 0.0568144 0.0504291 0.043899 0.0374487 0.0312534 0.0254474 0.0201314 0.0153821 0.0112638 0.00783056 0.00511481
 0.00774971 0.0126753 0.0192365 0.0274184 0.0369666 0.0472277 0.0571226 0.0654142 0.071154 0.0739762 0.0740571 0.0718682 0.067952 0.062815 0.0568934 0.0505405 0.0440291 0.0375674 0.0313209 0.0254282 0.0200091 0.0151679 0.0109931 0.00755022 0.00486688
 0.00781002 0.0127664 0.0193602 0.0275714 0.0371401 0.0474087 0.057295 0.0655607 0.0712588 0.0740296 0.074058 0.0718243 0.0678779 0.0627286 0.0568125 0.0504791 0.0439926 0.0375489 0.0313012 0.0253818 0.0199156 0.0150223 0.0108095 0.00735605 0.00469103
 0.00783828 0.0128122 0.0194287 0.0276664 0.0372624 0.047554 0.057452 0.0657122 0.0713858 0.0741161 0.0740961 0.0718147 0.0678284 0.062652 0.0567235 0.0503919 0.0439177 0.03749 0.0312528 0.025331 0.0198476 0.0149286 0.0106929 0.00723041 0.00457416
 0.00787403 0.0128631 0.0194922 0.0277361 0.0373307 0.0476156 0.0575064 0.0657625 0.0714354 0.074165 0.0741392 0.0718442 0.0678374 0.0626375 0.0566882 0.0503429 0.0438639 0.0374386 0.0312063 0.0252863 0.0197976 0.0148672 0.0106195 0.00715106 0.00449898
 0.00789268 0.0128937 0.0195381 0.0277995 0.0374108 0.0477069 0.0575977 0.0658399 0.0714874 0.0741874 0.0741368 0.0718265 0.0678128 0.0626098 0.0566567 0.050306 0.0438216 0.0373931 0.0311604 0.025241 0.0197515 0.014818 0.0105665 0.00709683 0.00444862
 0.00788386 0.0128781 0.0195128 0.0277617 0.0373597 0.0476454 0.0575335 0.0657837 0.0714493 0.0741729 0.0741455 0.0718544 0.0678551 0.0626626 0.0567161 0.0503671 0.043879 0.0374419 0.0311976 0.0252652 0.0197625 0.0148163 0.0105538 0.00707653 0.00442548
 0.00788963 0.012882 0.0195086 0.0277405 0.0373121 0.0475659 0.0574241 0.0656555 0.0713197 0.0740619 0.07407 0.0718242 0.0678715 0.0627189 0.0568012 0.0504687 0.0439853 0.0375432 0.0312865 0.0253368 0.0198147 0.0148491 0.0105697 0.00707955 0.0044206
 0.0078874 0.0128765 0.0194964 0.0277167 0.0372708 0.0475013 0.0573325 0.0655372 0.0711814 0.0739171 0.0739377 0.0717248 0.0678213 0.0627256 0.0568619 0.0505717 0.0441143 0.0376811 0.0314185 0.0254522 0.0199072 0.0149166 0.0106137 0.00710438 0.00443178
 0.00787153 0.0128511 0.019459 0.0276651 0.0372036 0.0474182 0.0572348 0.0654284 0.0710665 0.0738026 0.0738317 0.0716372 0.0677634 0.062708 0.0568912 0.0506476 0.0442287 0.0378198 0.0315647 0.0255903 0.0200257 0.0150093 0.0106795 0.00714645 0.0044556
 0.00786945 0.0128428 0.0194376 0.0276216 0.0371296 0.04731 0.0570968 0.065273 0.0709108 0.0736629 0.07372 0.0715601 0.0677235 0.0627062 0.056928 0.0507223 0.0443378 0.0379553 0.0317143 0.0257396 0.0201609 0.0151208 0.0107632 0.00720329 0.0044904
 0.00783957 0.0127978 0.0193763 0.0275445 0.0370378 0.0472039 0.0569761 0.0651384 0.0707669 0.0735202 0.0735935 0.0714657 0.0676732 0.0627053 0.0569753 0.0508118 0.0444614 0.0381034 0.0318758 0.0259018 0.0203112 0.0152486 0.0108626 0.00727357 0.00453537
 0.00783904 0.0127886 0.0193476 0.0274821 0.0369291 0.0470448 0.056776 0.0649192 0.0705557 0.0733401 0.0734586 0.0713814 0.0676403 0.0627228 0.0570407 0.0509205 0.0446056 0.0382726 0.0320576 0.0260831 0.0204792 0.015393 0.0109767 0.00735611 0.00458961
 0.00780002 0.012731 0.0192712 0.027389 0.0368216 0.0469224 0.0566349 0.0647559 0.0703728 0.0731506 0.0732848 0.0712483 0.0675671 0.0627176 0.0571011 0.0510368 0.0447647 0.0384603 0.0322592 0.026284 0.0206657 0.0155538 0.011105 0.00744997 0.00465224
 0.00775822 0.01266 0.0191592 0.0272252 0.0366001 0.0466484 0.0563282 0.0644481 0.0700982 0.0729353 0.0731412 0.0711779 0.0675671 0.062785 0.0572318 0.0512237 0.0449958 0.0387195 0.0325285 0.0265455 0.0209038 0.0157565 0.0112653 0.00756697 0.00473043
 0.00774969 0.0126434 0.019129 0.0271734 0.0365176 0.0465268 0.0561631 0.0642426 0.0698653 0.0726973 0.0729256 0.0710104 0.0674649 0.0627549 0.0572718 0.0513264 0.0451507 0.0389134 0.0327458 0.0267687 0.0211156 0.0159424 0.0114158 0.00767896 0.00480649
 0.00934053 0.0148715 0.0218207 0.029946 0.0388904 0.0480984 0.0567519 0.0639128 0.0688459 0.071264 0.0713153 0.0693903 0.0659398 0.0613848 0.0560868 0.050336 0.0443502 0.0382893 0.0322786 0.0264357 0.0208916 0.0158019 0.0113347 0.00763646 0.00478673
 0.00929441 0.0150937 0.0226793 0.0319004 0.0422919 0.0529209 0.0624203 0.0693972 0.0730283 0.0733801 0.0712059 0.0674445 0.062824 0.0577572 0.0524345 0.0469476 0.0413635 0.0357516 0.0301902 0.0247724 0.0196159 0.0148659 0.0106833 0.00721014 0.00452669
 0.00898112 0.0145944 0.0219684 0.0310184 0.0414017 0.0523484 0.0626184 0.0707841 0.0757385 0.0770766 0.0751202 0.0706696 0.0646944 0.0580809 0.0514644 0.0451699 0.0392669 0.0336936 0.0283724 0.0232774 0.018454 0.0140097 0.010087 0.00682026 0.00428929
 0.00880197 0.0143009 0.0215225 0.0303848 0.040561 0.0513231 0.0615102 0.0698043 0.0751979 0.0773033 0.076311 0.0727428 0.0672495 0.0605268 0.0532609 0.0460374 0.0392456 0.0330459 0.0274241 0.0222943 0.0175958 0.0133411 0.00961027 0.00650649 0.00409845
 0.00874105 0.0141909 0.0213364 0.0300898 0.0401249 0.0507257 0.0607575 0.0689416 0.0743203 0.0765613 0.0758991 0.0728537 0.0679909 0.0618366 0.0548841 0.0476054 0.0404246 0.0336667 0.0275165 0.0220243 0.0171634 0.0129028 0.00925171 0.00625258 0.0039383
 0.00869437 0.014117 0.0212281 0.0299394 0.0399228 0.0504597 0.0604139 0.0685113 0.0738081 0.0759975 0.0753507 0.0724266 0.0678138 0.0620196 0.0554618 0.0484946 0.0414344 0.034569 0.0281399 0.0223147 0.0171785 0.0127573 0.00905615 0.00607807 0.00381293
 0.00868429 0.014096 0.0211881 0.0298702 0.0398148 0.050307 0.0602171 0.0682757 0.0735402 0.0757024 0.0750355 0.0721107 0.0675403 0.0618562 0.0554828 0.0487454 0.0418966 0.0351512 0.0287091 0.0227529 0.0174294 0.0128362 0.0090232 0.00599957 0.00373513
 0.00867965 0.0140902 0.0211822 0.0298653 0.0398097 0.050297 0.0601928 0.0682249 0.073452 0.0755713 0.0748632 0.0719064 0.0673215 0.0616513 0.0553325 0.0486957 0.0419803 0.0353661 0.0290092 0.0230633 0.0176791 0.0129879 0.00908085 0.00599442 0.00370316
 0.00867839 0.0140883 0.0211798 0.0298626 0.0398077 0.0502965 0.0601942 0.0682267 0.0734493 0.0755555 0.0748239 0.0718352 0.0672164 0.0615206 0.0551961 0.0485829 0.0419232 0.0353873 0.0291088 0.0232151 0.0178404 0.0131189 0.00916129 0.00602684 0.00370419
 0.00867543 0.0140838 0.0211734 0.0298544 0.039798 0.050286 0.0601839 0.0682179 0.073443 0.0755514 0.0748193 0.0718247 0.067193 0.061479 0.0551366 0.0485148 0.041864 0.0353574 0.0291223 0.0232716 0.0179241 0.0132056 0.00923009 0.00606862 0.00372179
 0.00867067 0.014077 0.021165 0.0298454 0.0397895 0.0502791 0.0601791 0.0682152 0.073442 0.0755516 0.0748201 0.0718248 0.06719 0.0614695 0.0551175 0.0484858 0.0418299 0.035328 0.0291093 0.0232824 0.0179573 0.0132513 0.00927499 0.00610276 0.00374191
 0.0086473 0.0140418 0.0211173 0.0297867 0.0397235 0.0502108 0.060115 0.068162 0.0734056 0.0755359 0.0748257 0.071849 0.0672278 0.0615144 0.0551629 0.0485262 0.0418625 0.0353539 0.0291329 0.0233094 0.0179906 0.0132893 0.00931244 0.00613379 0.00376331
 0.00862404 0.0140025 0.0210559 0.0296973 0.0396031 0.0500626 0.05995 0.0679993 0.0732676 0.0754415 0.0747857 0.0718645 0.0672915 0.0616139 0.0552835 0.0486538 0.0419855 0.035465 0.0292292 0.0233914 0.0180607 0.0133489 0.00936153 0.00617151 0.00378948
 0.00861694 0.013989 0.0210317 0.0296571 0.0395412 0.0499748 0.0598362 0.0678649 0.0731238 0.0753048 0.0746746 0.071795 0.0672733 0.0616478 0.0553619 0.0487631 0.0421102 0.0355908 0.0293458 0.0234932 0.0181456 0.0134173 0.00941451 0.0062104 0.00381598
 0.00862543 0.014003 0.0210529 0.0296863 0.0395773 0.0500133 0.0598686 0.0678796 0.0731101 0.0752567 0.0745945 0.0716942 0.0671694 0.0615591 0.0553025 0.0487393 0.04212 0.0356259 0.0293954 0.0235472 0.0181967 0.0134614 0.00944991 0.00623693 0.0038344
 0.00862543 0.014003 0.0210529 0.0296863 0.0395773 0.0500133 0.0598686 0.0678796 0.0731101 0.0752567 0.0745945 0.0716942 0.0671694 0.0615591 0.0553025 0.0487393 0.04212 0.0356259 0.0293954 0.0235472 0.0181967 0.0134614 0.00944991 0.00623693 0.0038344
 0.00856866 0.0139162 0.0209327 0.0295344 0.0394004 0.0498235 0.0596827 0.0677169 0.0729881 0.0751858 0.0745756 0.0717202 0.0672296 0.0616445 0.0554076 0.0488614 0.042256 0.0357707 0.029541 0.0236842 0.018317 0.0135597 0.00952465 0.00628973 0.00386889
 0.0085124 0.013823 0.0207899 0.0293305 0.0391301 0.0494934 0.059316 0.0673525 0.0726722 0.0749596 0.074464 0.071728 0.0673436 0.0618399 0.0556559 0.0491367 0.0425381 0.036045 0.0297965 0.0239123 0.0185109 0.0137152 0.0096415 0.00637128 0.00392145
 0.00858741 0.0139354 0.0209406 0.029512 0.0393258 0.0496789 0.0594614 0.0674279 0.0726562 0.0748483 0.0742747 0.0714942 0.0671045 0.0616286 0.0554927 0.0490277 0.0424797 0.0360279 0.0298099 0.0239454 0.0185539 0.0137597 0.00968114 0.00640256 0.0039435
 0.00850384 0.0138171 0.0207951 0.0293571 0.0391844 0.0495701 0.0593937 0.0673974 0.0726498 0.07485 0.0742721 0.0714828 0.067089 0.0616207 0.0555059 0.049072 0.0425571 0.0361329 0.0299318 0.0240716 0.0186728 0.0138627 0.00976336 0.00646284 0.0039839
 0.00868693 0.0140929 0.0211692 0.0298204 0.0397149 0.0501379 0.0599625 0.0679243 0.0730859 0.0751457 0.0743864 0.0713947 0.0668052 0.0611766 0.0549585 0.0484863 0.0419924 0.0356324 0.0295191 0.0237525 0.0184405 0.0137035 0.00966077 0.00640103 0.00394929
 0.00861555 0.0140027 0.0210809 0.0297677 0.0397343 0.0502524 0.06017 0.0681978 0.0733857 0.0754338 0.0746345 0.0715824 0.0669156 0.0611964 0.0548835 0.0483274 0.0417763 0.0353944 0.0292927 0.0235616 0.0182957 0.0136038 0.00959837 0.00636551 0.00393098
 0.00851474 0.0138344 0.0208218 0.0294 0.0392578 0.0496982 0.0596077 0.0677244 0.0730951 0.0753821 0.0748206 0.0719551 0.067397 0.0617077 0.0553605 0.0487277 0.0420805 0.0356043 0.0294257 0.0236419 0.0183454 0.0136383 0.00962513 0.00638682 0.00394703
 0.00862342 0.0139928 0.0210251 0.0296289 0.0394795 0.0498728 0.0596965 0.0677017 0.0729603 0.0751665 0.0745807 0.0717517 0.0672712 0.0616669 0.0553821 0.0487744 0.0421173 0.0356102 0.0293964 0.0235865 0.0182797 0.0135767 0.00957677 0.00635412 0.00392777
 0.00830058 0.0134981 0.0203379 0.028753 0.0384451 0.0487357 0.0585379 0.066623 0.0720689 0.074555 0.07431 0.071844 0.0677113 0.0624052 0.0563398 0.0498526 0.0432131 0.0366336 0.0302848 0.0243091 0.0188339 0.0139794 0.00985416 0.00653497 0.00403867
#pred catch len freq
 0.00445455 0.00706006 0.0103209 0.014166 0.0185512 0.0234362 0.0287137 0.0341768 0.0395608 0.044611 0.0491266 0.0529771 0.0561066 0.0585176 0.0602319 0.0612483 0.0615211 0.0609625 0.0594491 0.056819 0.0528787 0.047468 0.0406081 0.0326625 0.0243716
 0.00470522 0.00737595 0.0106312 0.0143591 0.0185187 0.0231346 0.0282034 0.0336048 0.0390864 0.0443196 0.0489839 0.0528519 0.055845 0.0580282 0.0595418 0.0605066 0.0609484 0.0607635 0.0597239 0.057516 0.0538148 0.048409 0.0413646 0.0331506 0.0246127
 0.00494472 0.00776103 0.0111957 0.0151131 0.0194258 0.0240905 0.0290384 0.0341289 0.0391709 0.0439664 0.0483262 0.0520753 0.0550823 0.0573047 0.0588065 0.0597181 0.060146 0.0600726 0.0592934 0.0574308 0.0540433 0.0488181 0.0417894 0.0334705 0.0247875
 0.00518199 0.008135 0.011739 0.0158541 0.0203885 0.0252884 0.0304533 0.0356804 0.0406969 0.0452396 0.0491199 0.0522509 0.0546446 0.0563841 0.0575812 0.0583391 0.0587176 0.0586821 0.0580399 0.056413 0.0533161 0.0483626 0.0415264 0.0333067 0.0246586
 0.00545041 0.00855155 0.0123304 0.0166361 0.0213694 0.0264727 0.0318399 0.0372535 0.0424091 0.0469928 0.0507526 0.0535501 0.055395 0.056439 0.0569181 0.0570631 0.0570145 0.0567589 0.0560864 0.0545869 0.0517329 0.0470831 0.040553 0.0325993 0.0241614
 0.00576763 0.00904282 0.0130251 0.017548 0.0224987 0.0278088 0.0333609 0.0389227 0.0441739 0.0487845 0.0524822 0.0550999 0.0566129 0.0571523 0.0569732 0.0563788 0.0556212 0.0547995 0.0537794 0.0521739 0.0494322 0.0450583 0.0388978 0.0313388 0.0232665
 0.00612935 0.00960288 0.013817 0.0185871 0.0237847 0.0293281 0.0350843 0.0407997 0.0461313 0.050731 0.0543177 0.0567213 0.0579145 0.0580219 0.0572921 0.0560378 0.0545558 0.0530296 0.0514313 0.049467 0.0466343 0.0424278 0.0366334 0.0295499 0.0219705
 0.00650984 0.0101909 0.0146462 0.0196718 0.0251225 0.0309035 0.036867 0.0427387 0.0481523 0.0527397 0.0562082 0.0583858 0.0592506 0.0589356 0.0576956 0.0558475 0.0537016 0.0514815 0.0492353 0.04677 0.0436765 0.0394973 0.0339985 0.027398 0.0203754
 0.00692869 0.0108404 0.0155658 0.0208799 0.0266176 0.0326657 0.0388544 0.0448824 0.0503563 0.0548904 0.0581861 0.0600777 0.0605579 0.0597776 0.0580074 0.0555752 0.0527994 0.0499228 0.0470396 0.0440367 0.0406029 0.0363591 0.0310907 0.0249583 0.018527
 0.00731164 0.0114405 0.0164282 0.0220346 0.0280786 0.0344281 0.0408864 0.0471164 0.052688 0.0571875 0.0603049 0.0618804 0.0619281 0.0606294 0.0582857 0.0552475 0.0518471 0.0483405 0.0448511 0.0413241 0.037533 0.0331816 0.0280946 0.0223979 0.0165539
 0.00763889 0.0119558 0.0171742 0.0230431 0.0293703 0.0360093 0.0427404 0.0491941 0.0549033 0.0594221 0.0624192 0.0637292 0.063378 0.0615738 0.058653 0.0550001 0.0509736 0.0468501 0.0427797 0.0387534 0.0346136 0.0301386 0.0251962 0.0198915 0.0145984
 0.00801254 0.012533 0.0179878 0.0241079 0.0306864 0.0375671 0.044518 0.0511496 0.0569673 0.0614963 0.0643828 0.0654512 0.0647322 0.0624543 0.0589837 0.0547377 0.0501053 0.0453899 0.0407711 0.0362818 0.031823 0.027236 0.0224275 0.017487 0.0127107
 0.00829086 0.0129742 0.0186311 0.0249834 0.0318117 0.0389408 0.0461127 0.0529074 0.0588052 0.0633178 0.0660887 0.0669451 0.0659233 0.0632598 0.0593339 0.0545815 0.0494146 0.0441636 0.039041 0.0341231 0.0293659 0.0246664 0.0199651 0.0153381 0.0110148
