SBPRF35
12.7214
Curr Bio
839505
B35
876308
F35
0.169237
FOFL
0.153983
OFL
101543
Bzero
3.63469e+06
#pred survey bio
 3.58296e+06 3.46928e+06 3.36418e+06 3.20457e+06 3.0084e+06 2.79372e+06 2.52852e+06 2.29544e+06 2.08267e+06 1.84372e+06 1.63555e+06 1.43519e+06 1.29456e+06 1.14519e+06 1.00815e+06 883177 780097 724394 671537 638548 616172 596895 582298 566115 562156 563199 559384 561406 575247 586157 584241 576669 586269 590826 602853 607382 618222 621496 628563 633082 641639 647469 655727 664149 667054 671084 674323 669879 661080 650784 655214 705563 774102 832310 872127 906943 903157 877180 843821 2.81805e+07 1.64962e+07 1.64868e+07 1.72319e+07 1.85101e+07 2.0027e+07 2.15543e+07 2.29528e+07 2.4157e+07 2.51517e+07 2.59497e+07 2.65771e+07 2.70635e+07 2.74372e+07 2.77226e+07 2.79401e+07 2.81058e+07 2.8232e+07 2.83285e+07 2.84026e+07 2.84595e+07 2.85036e+07 2.85379e+07 2.85646e+07 2.85856e+07 2.86022e+07 2.86152e+07 2.86256e+07 2.86338e+07 2.86404e+07 2.86457e+07 2.86499e+07 2.86533e+07 2.86561e+07 2.86583e+07 2.86601e+07 2.86616e+07 2.86628e+07 2.86638e+07 2.86646e+07 2.86652e+07 2.86657e+07 2.86662e+07 2.86665e+07 2.86668e+07 2.86671e+07 2.86672e+07 2.86674e+07 2.86675e+07 2.86676e+07 2.86677e+07 2.86678e+07 2.86679e+07 2.86679e+07 2.86679e+07 2.8668e+07 2.8668e+07 2.8668e+07 2.8668e+07 2.8668e+07 2.86681e+07 2.86681e+07 2.86681e+07 2.86681e+07 2.86681e+07 2.86681e+07 2.86681e+07 2.86681e+07 2.86681e+07 2.86681e+07 2.86681e+07 2.86681e+07 2.86681e+07 2.86681e+07 2.86681e+07 2.86681e+07 2.86681e+07 2.86681e+07 2.86681e+07 2.86681e+07 2.86681e+07 2.86681e+07 2.86681e+07 2.86681e+07 2.86681e+07 2.86681e+07 2.86681e+07 2.86681e+07 2.86681e+07 2.86681e+07 2.86681e+07 2.86681e+07 2.86681e+07 2.86681e+07 2.86681e+07 2.86681e+07 2.86681e+07 2.86681e+07 2.86681e+07 2.86681e+07 0 0 0 0 0 0 0 0 0 0 0 0 0 0 0 0 0 0 0 0 0 0 0 0 0
#obs survey bio
 3.52176e+06 3.5002e+06 3.56208e+06 2.79372e+06 3.12116e+06 2.90201e+06 2.36283e+06 2.92642e+06 1.59187e+06 1.73489e+06 1.14306e+06 1.37688e+06 1.18218e+06 1.08066e+06 882832 767660 1.10501e+06 571874 589329 520742 523291 488797 390068 644370 601674 510622 542563 633677 459985 369613 711706 626302 528198 557772 623583 680239 840779 566464 503225 507776 470143 618646 579829 495270 952062 856516 650776 669247 685208 450939 453194 700080 668454 559284 1.06812e+06 1.11619e+06 950245 996288 961260
#pred catch bio
 103074 99816.7 156871 201347 232541 295199 283087 281422 320147 304611 306515 259363 269781 257655 243072 218124 172349 166334 146306 135261 130691 124742 123856 111484 105940 108397 101592 90883.1 93606.5 103986 107187 92151.9 97383.3 92095.5 99261.7 94245.6 101010 98473.8 102012 99707.7 102517 100493 100353 104490 102590 102695 108827 111987 112985 101462 66005.8 55291.9 67035.2 83456 87043.5 118046 133156 134231 131669 101543 107956 106623 109954 117463 126850 136345 144953 152238 158122 162713 166205 168809 170723 172112 173110 173823 174328 174685 174936 175112 175235 175321 175381 175422 175451 175471 175485 175495 175501 175506 175509 175511 175513 175514 175514 175515 175515 175515 175516 175516 175516 175516 175516 175516 175516 175516 175516 175516 175516 175516 175516 175516 175516 175516 175516 175516 175516 175516 175516 175516 175516 175516 175516 175516 175516 175516 175516 175516 175516 175516 175516 175516 175516 175516 175516 175516 175516 175516 175516 175516 175516 175516 175516 175516 175516 175516 175516 175516 175516 175516 175516 175516 175516 175516 175516 175516 175516 175516 175516 0 0 0 0 0 0 0 0 0 0 0 0 0 0 0 0 0 0 0 0 0 0 0 0 0
#obs catch bio
 0 99420.2 157080 201612 232403 297148 283977 282114 323447 307935 311806 263576 274894 261970 247891 221637 172970 167698 147292 137164 132216 126492 125600 112652 106677 109455 102048 90801.2 93308.2 104234 106972 91437.8 97460.8 92127 99579.4 94346.6 101077 98347.9 102455 100648 103322 100794 100808 104966 102279 102311 108551 111720 112967 101868 66262.3 55370.1 67374 84177.2 87219.2 118476 133278 134087 131701
#pred cpue bio
 3.53291e+06 3.42084e+06 3.3172e+06 3.1582e+06 2.96227e+06 2.74783e+06 2.48347e+06 2.25098e+06 2.03867e+06 1.80081e+06 1.59373e+06 1.39487e+06 1.25533e+06 1.10785e+06 972870 850152 749315 694939 643351 611070 589266 570606 556539 540999 537439 538806 535489 537866 551658 562417 560676 553488 562834 567125 578779 583278 593990 597259 603953 608064 616366 622267 630538 638945 642040 646221 649473 645072 636348 626056 629973 679026 746656 804467 844025 878593 875320 850144 818045 2.73481e+07 1.60206e+07 1.58741e+07 1.64335e+07 1.76336e+07 1.91285e+07 2.06507e+07 2.20481e+07 2.32521e+07 2.42467e+07 2.50447e+07 2.56721e+07 2.61585e+07 2.65322e+07 2.68177e+07 2.70352e+07 2.72008e+07 2.73271e+07 2.74236e+07 2.74976e+07 2.75546e+07 2.75987e+07 2.76329e+07 2.76597e+07 2.76807e+07 2.76972e+07 2.77103e+07 2.77206e+07 2.77288e+07 2.77354e+07 2.77407e+07 2.77449e+07 2.77484e+07 2.77511e+07 2.77534e+07 2.77552e+07 2.77566e+07 2.77578e+07 2.77588e+07 2.77596e+07 2.77603e+07 2.77608e+07 2.77612e+07 2.77616e+07 2.77618e+07 2.77621e+07 2.77623e+07 2.77624e+07 2.77626e+07 2.77627e+07 2.77628e+07 2.77628e+07 2.77629e+07 2.77629e+07 2.7763e+07 2.7763e+07 2.7763e+07 2.7763e+07 2.77631e+07 2.77631e+07 2.77631e+07 2.77631e+07 2.77631e+07 2.77631e+07 2.77631e+07 2.77631e+07 2.77631e+07 2.77631e+07 2.77631e+07 2.77631e+07 2.77631e+07 2.77631e+07 2.77631e+07 2.77631e+07 2.77631e+07 2.77631e+07 2.77631e+07 2.77631e+07 2.77631e+07 2.77631e+07 2.77631e+07 2.77631e+07 2.77631e+07 2.77631e+07 2.77631e+07 2.77631e+07 2.77631e+07 2.77631e+07 2.77631e+07 2.77631e+07 2.77631e+07 2.77631e+07 2.77631e+07 2.77631e+07 2.77631e+07 2.77631e+07 2.77631e+07 2.77631e+07 2.77631e+07 2.77631e+07 0 0 0 0 0 0 0 0 0 0 0 0 0 0 0 0 0 0 0 0 0 0 0 0 0
#obs cpue bio
 5.24417e+06 3.94479e+06 2.76375e+06 3.01176e+06 3.09088e+06 1.46284e+06 2.91954e+06 1.70926e+06 1.62805e+06 1.42731e+06 1.50275e+06 939028 1.22121e+06 1.07762e+06 783498 958514 723336 694280 645324 401078 676224 477655 727323 434375 532711 479098 689725 614978 876239 634047 682936 714989 386336 531534 509839 510684 510764 694203 494860 414846 915479 856528 577772 868911 813164 547134 656653 650375 551685 709073 456579 667045 731257 939975 1.00489e+06 942175 1.02989e+06 863442 667660
#pred surv len freq
 0.0049921 0.00804816 0.0120078 0.0168224 0.0223683 0.0283818 0.034423 0.0399683 0.0446008 0.0481465 0.0506625 0.052327 0.0533396 0.0538734 0.0540635 0.0540137 0.0538089 0.0535133 0.0531199 0.0524493 0.0510651 0.0483311 0.0436853 0.0370289 0.0289593
 0.00515124 0.00823192 0.0121501 0.0168268 0.0221476 0.0279132 0.0337829 0.0393156 0.0441088 0.047924 0.0507133 0.0525702 0.0536699 0.0542208 0.0544198 0.0544167 0.0542994 0.0540872 0.0537024 0.0529089 0.0512659 0.048199 0.0432495 0.0364104 0.0283144
 0.00537006 0.00857693 0.0126437 0.0174678 0.0228954 0.0286747 0.0344178 0.0396749 0.0441007 0.0475694 0.0501459 0.0519731 0.0531893 0.053916 0.0542744 0.0543868 0.0543518 0.0542001 0.0538389 0.0529961 0.0512089 0.0479262 0.0427584 0.0357786 0.0276641
 0.00559713 0.00894286 0.0131885 0.0182262 0.0238886 0.0298953 0.0358102 0.0411211 0.0454268 0.0485821 0.050692 0.0519973 0.0527569 0.0531819 0.0534144 0.0535345 0.0535726 0.0535012 0.0531905 0.0523465 0.0504994 0.0471169 0.0418572 0.034851 0.026809
 0.00584467 0.00933723 0.0137677 0.0190225 0.0249247 0.0311786 0.0373215 0.0428038 0.0471813 0.0502668 0.0521347 0.0530222 0.053228 0.0530489 0.0527344 0.0524498 0.0522552 0.0520945 0.0517763 0.050948 0.0491081 0.0457286 0.0405002 0.0335918 0.0257304
 0.00607674 0.00971233 0.0143285 0.0198081 0.025965 0.0324841 0.0388727 0.0445463 0.04903 0.052116 0.0538641 0.0544978 0.0543069 0.0535987 0.0526677 0.0517584 0.0510193 0.0504575 0.0498977 0.0489616 0.0471096 0.0437907 0.0386961 0.032003 0.0244311
 0.0064084 0.0102346 0.0150836 0.0208258 0.0272605 0.0340532 0.0406843 0.0465363 0.0511048 0.0541639 0.055768 0.0561425 0.0555806 0.0543926 0.052883 0.0513246 0.0499199 0.0487488 0.0477049 0.0464545 0.0444714 0.0411973 0.0363066 0.0299493 0.0228007
 0.00674526 0.0107649 0.0158498 0.0218567 0.0285678 0.0356269 0.0424856 0.048495 0.0531272 0.0561472 0.0576135 0.0577594 0.0568826 0.0552935 0.0532945 0.0511626 0.0491216 0.0472973 0.0456525 0.043931 0.0416716 0.0383521 0.0336448 0.0276593 0.0209975
 0.00702092 0.011212 0.0165204 0.0227985 0.0298145 0.037184 0.044316 0.050515 0.0552192 0.0581844 0.059481 0.0593651 0.0581552 0.0561736 0.0537248 0.0510814 0.048467 0.0460252 0.043766 0.0415085 0.0388792 0.035427 0.0308515 0.02523 0.0190795
 0.0073584 0.0117508 0.0173135 0.02389 0.0312336 0.0389342 0.0463612 0.0527711 0.0575596 0.0604586 0.0615387 0.0610769 0.0594262 0.0569458 0.0539685 0.0507791 0.0476008 0.0445771 0.0417381 0.0389569 0.0359425 0.0323295 0.027867 0.0226152 0.0170068
 0.00764318 0.0122092 0.0179955 0.02484 0.032484 0.0404945 0.0482048 0.0548288 0.0597259 0.0626068 0.0635375 0.0628021 0.0607696 0.0578226 0.0543216 0.0505775 0.046831 0.0432376 0.039845 0.0365655 0.0331758 0.0293891 0.0250091 0.0200908 0.0149926
 0.00793271 0.012675 0.0186876 0.0258024 0.0337473 0.0420645 0.0500488 0.0568699 0.0618508 0.0646851 0.0654412 0.0644179 0.0620047 0.0586062 0.054604 0.0503279 0.0460354 0.0418977 0.0379839 0.0342437 0.0305114 0.0265691 0.0222702 0.017668 0.0130547
 0.00808453 0.0129217 0.0190598 0.0263311 0.034462 0.042987 0.0511855 0.0582039 0.0633389 0.0662594 0.0670144 0.0658913 0.0632775 0.0595845 0.0552078 0.0504947 0.0457216 0.0410809 0.0366704 0.0324802 0.0284013 0.0242772 0.0200058 0.0156404 0.0114181
 0.00830929 0.0132827 0.0195947 0.0270713 0.0354261 0.0441719 0.0525566 0.0596942 0.0648599 0.0677199 0.0683354 0.0670111 0.0641479 0.0601655 0.0554632 0.0503909 0.0452291 0.0401799 0.0353606 0.0307969 0.0264303 0.0221615 0.0179291 0.0137873 0.00992458
 0.0084898 0.0135819 0.0200555 0.027737 0.0363311 0.0453268 0.0539334 0.0612206 0.0664294 0.0692128 0.0696419 0.0680476 0.064864 0.0605409 0.0554981 0.050093 0.0446043 0.0392306 0.0340942 0.0292424 0.0246562 0.0202844 0.0161014 0.0121637 0.00861911
 0.00864001 0.0138307 0.0204389 0.0282928 0.0370928 0.0463125 0.0551335 0.0625892 0.0678852 0.07065 0.0709458 0.069112 0.0656072 0.060917 0.0554979 0.0497357 0.0439225 0.0382589 0.0328659 0.0277982 0.0230596 0.0186312 0.0145143 0.0107663 0.0075017
 0.00891032 0.0142345 0.0209815 0.0289589 0.0378555 0.0471468 0.0560236 0.0635255 0.0688539 0.0716222 0.0718722 0.069926 0.0662353 0.0612928 0.0555757 0.0494975 0.0433774 0.0374358 0.0318064 0.0265541 0.0216975 0.0172373 0.0131896 0.00960872 0.00658085
 0.00907518 0.0144806 0.0213105 0.0293566 0.0382948 0.0475946 0.0564485 0.0639065 0.0691889 0.0719311 0.0721898 0.0702826 0.0666348 0.0617011 0.0559268 0.0497137 0.0433927 0.0372121 0.0313392 0.0258713 0.020855 0.0163132 0.0122744 0.00878843 0.00591754
 0.009274 0.0147923 0.0217568 0.0299466 0.0390195 0.0484204 0.0573137 0.0647257 0.0698717 0.0724091 0.0724378 0.0703239 0.0665265 0.0615078 0.0556939 0.0494521 0.0430808 0.0368124 0.0308206 0.0252264 0.0201079 0.0155167 0.0114979 0.0081001 0.00536562
 0.00932635 0.0148802 0.0218948 0.0301508 0.0393049 0.0487963 0.0577768 0.065255 0.0704269 0.0729352 0.0728763 0.0706276 0.0666738 0.0615082 0.0555803 0.0492627 0.0428405 0.0365239 0.03047 0.0247994 0.0196069 0.0149686 0.0109496 0.00760359 0.00496134
 0.00934294 0.0149035 0.0219237 0.0301837 0.039343 0.0488468 0.057855 0.065381 0.0706184 0.0731975 0.073195 0.0709686 0.0669912 0.0617583 0.0557345 0.0493138 0.0427977 0.0364018 0.0302786 0.0245432 0.0192918 0.0146116 0.0105811 0.00726092 0.00467616
 0.00936767 0.0149412 0.0219754 0.0302483 0.0394169 0.0489247 0.0579309 0.0654514 0.0706854 0.0732706 0.0732883 0.0710931 0.0671467 0.0619284 0.0558911 0.0494266 0.0428447 0.0363739 0.0301778 0.0243779 0.0190746 0.0143602 0.0103191 0.00701517 0.00446976
 0.00932877 0.014887 0.0219105 0.0301828 0.0393632 0.0488932 0.0579263 0.0654721 0.0707258 0.0733252 0.0733553 0.0711758 0.0672506 0.0620566 0.0560383 0.0495769 0.042975 0.036461 0.0302057 0.0243415 0.0189799 0.0142222 0.010159 0.00685614 0.00433145
 0.00930499 0.014851 0.0218618 0.0301236 0.039299 0.0488331 0.0578818 0.0654549 0.0707433 0.0733773 0.0734339 0.0712682 0.067346 0.0621496 0.0561287 0.049665 0.043057 0.0365269 0.0302425 0.0243386 0.0189343 0.0141403 0.0100552 0.00674806 0.00423489
 0.00925407 0.0147613 0.0217148 0.0298997 0.0389851 0.0484322 0.0574218 0.064988 0.0703351 0.0730886 0.0733045 0.071309 0.0675402 0.0624608 0.0565125 0.0500786 0.0434644 0.0369003 0.0305606 0.0245869 0.0191064 0.0142397 0.010095 0.00674721 0.00421318
 0.00912046 0.0145609 0.0214438 0.0295639 0.038596 0.0480018 0.0569611 0.0645122 0.0698705 0.072677 0.0729986 0.0711595 0.0675794 0.0626912 0.0569053 0.0505828 0.0440205 0.0374522 0.0310639 0.0250113 0.0194361 0.0144732 0.0102425 0.00682753 0.0042483
 0.00906381 0.0144662 0.0212972 0.0293527 0.038313 0.0476517 0.0565639 0.0641005 0.0694805 0.0723382 0.0727308 0.0709775 0.0674994 0.062731 0.0570762 0.0508795 0.0444164 0.0379042 0.0315224 0.0254319 0.0197874 0.0147402 0.010426 0.00694023 0.00430895
 0.00909628 0.0144955 0.0212978 0.0292865 0.0381389 0.047342 0.0561193 0.0635547 0.0688931 0.0717794 0.0722646 0.0706499 0.0673336 0.0627302 0.0572298 0.0511685 0.0448142 0.0383753 0.032023 0.0259156 0.0202142 0.0150838 0.0106778 0.00710731 0.00440869
 0.00911506 0.0145119 0.0212955 0.0292386 0.0380123 0.0471045 0.0557496 0.0630519 0.0682834 0.0711172 0.0716266 0.0701193 0.0669803 0.0625946 0.0573173 0.0514542 0.0452542 0.0389164 0.0326095 0.0264939 0.0207375 0.0155187 0.0110085 0.00733652 0.00455266
 0.00896643 0.0143083 0.0210582 0.0290081 0.0378328 0.0470009 0.055711 0.0630325 0.068222 0.0709653 0.0713697 0.069784 0.0666263 0.0622958 0.0571399 0.0514389 0.0454084 0.0392165 0.0330105 0.0269408 0.0211768 0.015907 0.0113191 0.00756127 0.0046995
 0.00890954 0.0142174 0.020926 0.028834 0.0376278 0.046793 0.0555428 0.0629488 0.0682468 0.0710818 0.0715201 0.0698929 0.0666365 0.0621955 0.0569656 0.0512573 0.0452869 0.0391995 0.0331081 0.0271317 0.0214205 0.0161588 0.0115426 0.00773571 0.00482025
 0.00913008 0.0145256 0.0212967 0.0292118 0.0379423 0.0469842 0.0555837 0.0628526 0.0680591 0.0708615 0.0713164 0.0697274 0.0664973 0.0620491 0.0567815 0.0510302 0.0450431 0.0389843 0.0329634 0.0270778 0.0214501 0.0162445 0.0116504 0.00783733 0.00489958
 0.00913989 0.0145529 0.0213565 0.0293192 0.0381016 0.0471757 0.0557581 0.0629437 0.0680121 0.0706635 0.0710083 0.0693872 0.0662048 0.0618525 0.0566849 0.0510053 0.0450547 0.0390114 0.0330051 0.0271435 0.0215453 0.0163626 0.0117748 0.00794938 0.00498695
 0.0091037 0.014507 0.0213119 0.0292961 0.0381254 0.0472696 0.055933 0.0631882 0.0682882 0.0709112 0.071163 0.0694058 0.0660856 0.0616357 0.0564322 0.0507715 0.0448698 0.038881 0.0329229 0.0271027 0.0215414 0.0163898 0.0118227 0.00800449 0.00503698
 0.00897955 0.014317 0.0210493 0.028965 0.0377435 0.046869 0.0555603 0.0628989 0.0681333 0.0709192 0.0713262 0.0696793 0.0664033 0.0619351 0.0566761 0.0509551 0.0450111 0.0390038 0.0330432 0.0272258 0.0216652 0.0165087 0.0119304 0.00809505 0.00510655
 0.00893295 0.0142425 0.0209393 0.0288138 0.0375485 0.0466333 0.0552961 0.0626294 0.0678916 0.0707427 0.0712474 0.0697149 0.0665461 0.0621538 0.0569251 0.0511914 0.0452087 0.039158 0.0331645 0.0273286 0.0217594 0.0165973 0.0120111 0.0081637 0.00515995
 0.00892256 0.0142137 0.0208743 0.0286892 0.0373422 0.0463344 0.0549138 0.0621953 0.0674534 0.0703536 0.0709557 0.0695573 0.0665415 0.0622995 0.0571953 0.0515419 0.0455887 0.0395239 0.0334889 0.0276016 0.0219825 0.0167763 0.0121512 0.00826885 0.00523419
 0.00909499 0.0144639 0.0211941 0.0290489 0.0376953 0.0466279 0.0550983 0.0622338 0.0673292 0.0700764 0.0705634 0.0691088 0.0661033 0.0619298 0.0569321 0.0513973 0.0455499 0.0395613 0.0335684 0.0276946 0.0220714 0.0168533 0.0122144 0.00831844 0.00527099
 0.0091194 0.0145194 0.0213053 0.0292446 0.037996 0.0470293 0.0555588 0.0626781 0.0676687 0.0702394 0.0705173 0.0688671 0.0657176 0.0614726 0.0564776 0.0510053 0.0452553 0.0393717 0.0334696 0.0276607 0.0220758 0.0168752 0.012241 0.00834317 0.005291
 0.00898453 0.0143336 0.0210888 0.02904 0.0378602 0.0470175 0.0557073 0.0629911 0.0681123 0.0707435 0.0709894 0.0692169 0.0658847 0.0614442 0.0562886 0.0507213 0.0449485 0.0390999 0.0332645 0.0275284 0.0220046 0.0168461 0.0122358 0.0083487 0.00529949
 0.00884586 0.0141129 0.0207676 0.02861 0.0373323 0.0464312 0.0551359 0.0625329 0.0678642 0.0707661 0.0712823 0.0697161 0.0664834 0.0620283 0.0567706 0.0510607 0.0451527 0.0392079 0.0333239 0.0275759 0.0220578 0.0169064 0.0122959 0.00840055 0.00533859
 0.00881702 0.0140568 0.0206659 0.0284393 0.0370692 0.0460616 0.0546664 0.0619987 0.0673299 0.0703169 0.0710038 0.0696686 0.0666791 0.0624233 0.0572785 0.0515833 0.0456122 0.039566 0.033581 0.027756 0.022189 0.0170087 0.0123783 0.00846507 0.00538547
 0.00875383 0.013962 0.020537 0.0282772 0.0368747 0.0458315 0.0543928 0.0616735 0.0669545 0.0699122 0.0706155 0.0693616 0.0665202 0.062458 0.0575112 0.0519725 0.0460845 0.0400428 0.0340033 0.028096 0.0224462 0.0171967 0.0125133 0.00855979 0.0054491
 0.00862959 0.0137764 0.0202885 0.0279755 0.0365386 0.0454842 0.0540566 0.0613663 0.0666867 0.0696858 0.0704279 0.0692146 0.066429 0.0624515 0.0576216 0.0522166 0.0464498 0.0404865 0.0344667 0.0285245 0.0228048 0.0174733 0.0127129 0.00869568 0.00553634
 0.00860857 0.0137326 0.0202055 0.0278337 0.0363224 0.0451913 0.0537058 0.0609954 0.0663415 0.0694037 0.0702273 0.0690941 0.0663767 0.0624578 0.0576875 0.052353 0.0466672 0.0407815 0.0348158 0.0288889 0.0231438 0.0177572 0.012929 0.00884643 0.00563324
 0.00865942 0.0138 0.0202779 0.0278893 0.036332 0.0451265 0.053547 0.0607395 0.0660053 0.069024 0.0698531 0.0687742 0.066146 0.0623305 0.0576605 0.0524154 0.0468082 0.0409913 0.0350803 0.0291849 0.0234407 0.0180246 0.0131458 0.00900513 0.0057384
 0.00869247 0.0138545 0.0203605 0.0280038 0.0364756 0.0452846 0.0536906 0.0608287 0.0660009 0.0689024 0.0696175 0.0684561 0.065796 0.0620033 0.0574 0.0522469 0.0467385 0.0410138 0.0351798 0.0293404 0.0236259 0.0182119 0.0133116 0.00913515 0.00582919
 0.00873914 0.0139314 0.0204778 0.0281715 0.0367006 0.0455665 0.0540163 0.0611694 0.0663131 0.0691345 0.0697221 0.0684034 0.065585 0.0616648 0.0569891 0.0518272 0.0463654 0.040724 0.0349878 0.0292417 0.0236025 0.0182388 0.013363 0.00919004 0.00587488
 0.00886791 0.0141231 0.0207338 0.0284823 0.0370497 0.0459363 0.0543916 0.0615359 0.0666535 0.0694245 0.06993 0.0684943 0.06553 0.0614522 0.0566328 0.0513678 0.0458617 0.0402375 0.0345682 0.0289174 0.0233791 0.0181038 0.0132941 0.00916302 0.0058696
 0.00908364 0.0144482 0.0211749 0.029027 0.0376686 0.0465877 0.0550264 0.0621032 0.0671078 0.069735 0.0700839 0.0684931 0.0653811 0.0611631 0.0562131 0.0508365 0.0452532 0.0396012 0.0339595 0.0283845 0.0229526 0.017792 0.0130862 0.00903702 0.00580033
 0.0089761 0.0143139 0.021047 0.0289599 0.0377211 0.0467976 0.0553906 0.0625752 0.0676158 0.0702072 0.0704685 0.068764 0.0655324 0.0611993 0.0561412 0.0506636 0.0449909 0.039271 0.0335946 0.028025 0.0226353 0.017541 0.0129083 0.00892414 0.00573643
 0.00849126 0.0135665 0.0200022 0.0276227 0.0361463 0.045097 0.0537323 0.0611641 0.066646 0.0698052 0.0706571 0.0694675 0.0666132 0.0625018 0.0575232 0.0520105 0.0462195 0.0403297 0.0344622 0.0287059 0.0231516 0.0179222 0.0131828 0.00911557 0.00586363
 0.00820385 0.0130795 0.0192343 0.0264911 0.0345918 0.0431212 0.0514342 0.0587487 0.0643942 0.0680111 0.0695595 0.0691969 0.0671689 0.0637627 0.0592866 0.0540445 0.0483093 0.0423069 0.0362147 0.0301754 0.0243234 0.0188125 0.0138263 0.00955586 0.00614657
 0.00804953 0.0128357 0.0188776 0.0259958 0.0339246 0.0422389 0.0502926 0.0573273 0.0627295 0.0662236 0.067853 0.067821 0.066354 0.0636523 0.0598972 0.0552669 0.049947 0.0441318 0.0380191 0.0318051 0.025688 0.0198799 0.0146085 0.0100921 0.00648912
 0.00789252 0.0126046 0.018574 0.0256346 0.033526 0.0418152 0.0498367 0.0568083 0.0620998 0.0654383 0.0669007 0.066756 0.065309 0.0628172 0.0594629 0.0553582 0.0505765 0.0451977 0.039343 0.0331894 0.0269669 0.0209477 0.0154234 0.0106637 0.00685774
 0.00773044 0.0123522 0.0182157 0.0251665 0.0329585 0.0411767 0.0491724 0.0561722 0.0615353 0.0649585 0.0664804 0.0663479 0.06488 0.0623855 0.059113 0.0552187 0.0507668 0.0457707 0.0402552 0.0343133 0.0281376 0.0220161 0.0162933 0.0113017 0.00728136
 0.00770193 0.0123134 0.0181707 0.0251218 0.0329195 0.0411416 0.0491306 0.0561064 0.0614292 0.0648019 0.0662686 0.0660753 0.0645366 0.0619664 0.0586382 0.0547505 0.0504065 0.0456256 0.0403919 0.0347237 0.0287393 0.0226864 0.0169162 0.0118022 0.0076353
 0.00744396 0.0119594 0.0177586 0.0247275 0.0326347 0.0410394 0.0492357 0.0563877 0.0618139 0.0652012 0.0666016 0.0662832 0.0645884 0.0618566 0.0583846 0.0543959 0.0500204 0.0452985 0.0402123 0.0347458 0.0289587 0.0230423 0.017319 0.0121703 0.00792037
 0.00703519 0.011343 0.0169242 0.0237064 0.0315025 0.0399115 0.0482561 0.0557045 0.0615393 0.0653692 0.0671502 0.0670752 0.0654594 0.0626652 0.0590419 0.0548721 0.0503374 0.0455154 0.0404058 0.0349843 0.0292773 0.0234305 0.0177297 0.0125457 0.00821805
#obs surv len freq
 nan nan nan nan nan nan nan nan nan nan nan nan nan nan nan nan nan nan nan nan nan nan nan nan nan
 0.00447728 0.00733533 0.0111624 0.015977 0.0216775 0.0279545 0.034271 0.0400051 0.0446874 0.0481539 0.0505143 0.0520123 0.0529066 0.0534206 0.0537363 0.0539922 0.0542715 0.0545648 0.0547038 0.0542958 0.0527337 0.0493652 0.043814 0.0362927 0.0276748
 0.00461378 0.00755694 0.0114951 0.016444 0.0222939 0.0287186 0.0351562 0.0409566 0.045629 0.0490021 0.0511937 0.0524674 0.0531074 0.0533648 0.0534445 0.0535009 0.0536239 0.0538032 0.0538673 0.0534211 0.0518594 0.0485341 0.0430703 0.035674 0.0272019
 0.00478378 0.0078354 0.0119179 0.0170454 0.0230995 0.0297337 0.0363543 0.0422751 0.0469771 0.050276 0.0522934 0.0533075 0.0536248 0.0535233 0.0532377 0.0529508 0.0527751 0.0527146 0.0526049 0.0520551 0.0504651 0.0471926 0.041862 0.0346654 0.0264297
 0.0049733 0.00814691 0.0123932 0.0177257 0.0240177 0.0309021 0.0377508 0.0438378 0.0486112 0.0518698 0.0537343 0.054493 0.054469 0.0539617 0.0532321 0.0524925 0.0518858 0.0514451 0.0510311 0.0502744 0.0485933 0.0453575 0.0401904 0.0332608 0.0253503
 0.00519188 0.00850223 0.0129281 0.0184808 0.0250245 0.0321718 0.0392623 0.0455318 0.0503965 0.0536381 0.0553745 0.0559004 0.0555501 0.054637 0.0534401 0.0521944 0.0510715 0.0501386 0.0492955 0.0482147 0.0463535 0.0431096 0.0381105 0.0314958 0.0239857
 0.00541223 0.00886659 0.0134877 0.019287 0.0261181 0.0335668 0.04093 0.0473966 0.0523482 0.0555551 0.0571426 0.0574217 0.0567417 0.0554272 0.0537665 0.0520057 0.0503339 0.0488471 0.0474878 0.0459837 0.0438525 0.0405407 0.0356931 0.0294198 0.0223677
 0.0056501 0.00925338 0.0140704 0.0201106 0.0272185 0.034959 0.0425943 0.0492711 0.0543346 0.0575342 0.0589928 0.0590324 0.0580202 0.0563002 0.0541754 0.0519023 0.0496796 0.0476213 0.0457055 0.0437173 0.041247 0.0378078 0.0330781 0.0271454 0.0205785
 0.00588469 0.00963958 0.0146605 0.0209558 0.0283587 0.0364068 0.0443191 0.0511954 0.056347 0.0595126 0.0608236 0.0606184 0.0592808 0.0571677 0.0545933 0.0518226 0.0490626 0.0464409 0.0439643 0.041471 0.0386254 0.0350181 0.0303736 0.0247671 0.0186908
 0.00614095 0.0100579 0.0152933 0.0218533 0.0295593 0.0379221 0.0461182 0.0531981 0.0584344 0.0615494 0.0626811 0.0621901 0.0604867 0.0579526 0.0549185 0.0516581 0.0483814 0.0452222 0.0422081 0.0392226 0.0360011 0.0322133 0.0276374 0.0223445 0.0167554
 0.00637654 0.0104469 0.01589 0.0227114 0.0307217 0.0394033 0.0478868 0.0551721 0.0604929 0.0635567 0.0645094 0.0637319 0.0616598 0.0586992 0.0552021 0.0514564 0.0476799 0.0440121 0.0404957 0.0370509 0.0334751 0.0295119 0.0249941 0.0199941 0.0148689
 0.00659782 0.0108093 0.0164406 0.0234966 0.0317787 0.0407472 0.0494958 0.0569805 0.0623984 0.0654378 0.0662441 0.0652116 0.0627973 0.0594314 0.0554886 0.0512747 0.0470193 0.0428714 0.0388887 0.0350227 0.0311239 0.0270005 0.022535 0.0178029 0.0131051
 0.00682791 0.0111841 0.0170056 0.0242943 0.03284 0.0420778 0.0510636 0.0587114 0.0641876 0.0671698 0.0678115 0.0665246 0.0637856 0.0600431 0.0556887 0.0510427 0.0463465 0.0417599 0.0373563 0.0331162 0.028936 0.0246796 0.0202717 0.01579 0.0114854
 0.00705249 0.0115539 0.0175707 0.0251028 0.0339273 0.0434497 0.0526797 0.0604817 0.0659875 0.0688667 0.0692894 0.0676974 0.0645983 0.0604669 0.0557126 0.0506669 0.0455766 0.040607 0.035843 0.0312893 0.0268816 0.0225307 0.0181963 0.013956 0.0100155
 0.00728473 0.0119348 0.0181497 0.0259273 0.0350322 0.0448412 0.0543189 0.0622789 0.067814 0.0705797 0.0707581 0.0688206 0.065313 0.060748 0.0555659 0.0501173 0.0446571 0.0393521 0.0342909 0.0294927 0.0249222 0.0205262 0.016291 0.0122915 0.00869193
 0.00744959 0.0122096 0.0185759 0.0265481 0.0358836 0.0459385 0.0556422 0.0637671 0.0693719 0.0720946 0.0721166 0.0699226 0.0660804 0.0611309 0.0555454 0.0497022 0.0438769 0.0382486 0.0329144 0.027905 0.0232049 0.0187857 0.0146507 0.0108683 0.00756645
 0.00750596 0.0123045 0.018726 0.0267735 0.0362077 0.0463851 0.0562302 0.0645041 0.0702473 0.0730751 0.0731452 0.0709221 0.0669633 0.0618119 0.0559541 0.0497924 0.0436307 0.0376762 0.0320506 0.026807 0.0219518 0.0174769 0.0133962 0.00976948 0.00669264
 0.00760393 0.0124498 0.0189191 0.0270073 0.0364714 0.0466707 0.0565379 0.0648428 0.0706316 0.0735192 0.0736549 0.0714868 0.0675502 0.0623666 0.0564076 0.0500743 0.0436834 0.0374663 0.0315763 0.0260996 0.0210738 0.0165151 0.0124487 0.00892648 0.00601629
 0.00764876 0.0125263 0.0190401 0.0271844 0.0367103 0.0469644 0.0568632 0.0651656 0.0709207 0.0737611 0.0738605 0.0716843 0.0677679 0.0626148 0.0566688 0.050304 0.0438218 0.0374556 0.0313777 0.0257066 0.0205167 0.0158563 0.0117687 0.00830365 0.00550754
 0.00769634 0.0125919 0.0191177 0.0272632 0.0367794 0.0470205 0.0569143 0.0652274 0.0710074 0.0738773 0.074 0.0718374 0.0679302 0.0627893 0.0568585 0.0505004 0.0439975 0.0375674 0.0313803 0.0255698 0.0202396 0.0154713 0.0113329 0.00788085 0.00514907
 0.00776992 0.0127066 0.0192803 0.0274742 0.0370307 0.047293 0.0571784 0.0654491 0.0711593 0.0739496 0.0740033 0.0717959 0.0678699 0.0627305 0.0568133 0.0504727 0.0439814 0.0375447 0.0313229 0.0254493 0.0200408 0.015202 0.0110237 0.00757444 0.00488416
 0.00782088 0.0127846 0.0193886 0.0276125 0.0371956 0.0474779 0.0573731 0.0656387 0.0713249 0.0740717 0.0740676 0.071799 0.0678216 0.0626503 0.0567233 0.05039 0.0439132 0.0374865 0.0312599 0.0253618 0.019913 0.0150309 0.010823 0.00736956 0.00470193
 0.0078545 0.0128394 0.019471 0.027728 0.0373462 0.04766 0.0575754 0.0658429 0.0715099 0.0742184 0.0741629 0.0718366 0.067802 0.0625804 0.0566164 0.0502634 0.0437834 0.0373639 0.0311455 0.0252483 0.0197902 0.0148933 0.0106742 0.00722219 0.00457158
 0.00787264 0.0128639 0.019499 0.0277546 0.0373671 0.0476745 0.0575886 0.0658643 0.0715486 0.0742782 0.0742396 0.0719194 0.0678769 0.0626355 0.0566443 0.0502632 0.0437596 0.0373239 0.0310952 0.0251896 0.0197218 0.0148135 0.0105853 0.00713162 0.00448916
 0.00788018 0.012874 0.0195102 0.0277635 0.0373692 0.047665 0.0575642 0.0658256 0.0715015 0.0742342 0.074213 0.0719215 0.0679117 0.0626968 0.0567187 0.0503355 0.0438178 0.0373617 0.0311117 0.0251865 0.0197012 0.0147779 0.0105387 0.00707995 0.0044397
 0.00788637 0.0128803 0.0195126 0.0277562 0.0373457 0.0476211 0.0575001 0.065746 0.071415 0.0741512 0.0741446 0.0718785 0.0679028 0.062726 0.0567831 0.0504248 0.0439172 0.037456 0.0311893 0.0252411 0.0197314 0.014786 0.0105294 0.00705978 0.0044155
 0.0079001 0.0128978 0.0195299 0.0277663 0.03734 0.047592 0.0574436 0.0656634 0.0713128 0.0740408 0.0740398 0.0717933 0.0678489 0.062711 0.056809 0.0504873 0.0440064 0.0375581 0.0312895 0.025327 0.0197956 0.0148263 0.0105484 0.00706298 0.00440955
 0.00787913 0.0128655 0.0194846 0.0277072 0.0372671 0.0475055 0.0573442 0.0655533 0.071197 0.0739273 0.0739394 0.0717179 0.0678092 0.0627139 0.0568564 0.0505755 0.0441266 0.0376975 0.031433 0.0254601 0.0199069 0.0149098 0.0106039 0.00709466 0.00442421
 0.00788392 0.012868 0.0194787 0.0276844 0.037219 0.0474282 0.0572407 0.0654336 0.0710743 0.0738138 0.0738435 0.0716448 0.0677625 0.0626972 0.056873 0.0506269 0.0442102 0.037806 0.0315554 0.0255831 0.0200181 0.0150002 0.0106696 0.00713703 0.00444806
 0.00787488 0.0128537 0.0194576 0.0276546 0.037178 0.0473722 0.0571661 0.0653385 0.0709616 0.0736924 0.0737274 0.071549 0.0676989 0.062672 0.0568869 0.0506769 0.0442913 0.0379114 0.0316759 0.0257077 0.0201351 0.0151 0.0107465 0.0071903 0.00448096
 0.007852 0.0128163 0.0194012 0.0275754 0.0370743 0.0472462 0.0570248 0.0651932 0.0708251 0.0735754 0.0736371 0.0714898 0.0676737 0.0626832 0.0569351 0.05076 0.044404 0.0380457 0.031822 0.0258547 0.0202722 0.015218 0.0108394 0.00725693 0.00452407
 0.00782694 0.0127739 0.0193342 0.0274767 0.0369384 0.0470729 0.0568218 0.064977 0.0706176 0.0733991 0.0735099 0.0714215 0.0676663 0.0627319 0.0570316 0.0508945 0.0445664 0.0382257 0.0320087 0.0260369 0.020439 0.0153604 0.010952 0.00733855 0.00457795
 0.00781198 0.0127463 0.0192867 0.0274004 0.0368249 0.0469177 0.0566276 0.0647551 0.0703868 0.0731826 0.0733305 0.0712986 0.0676118 0.0627491 0.0571151 0.0510325 0.0447439 0.0384267 0.0322181 0.0262408 0.0206252 0.0155194 0.0110781 0.00743066 0.00463945
 0.00776935 0.0126802 0.0191931 0.0272773 0.0366724 0.0467377 0.0564245 0.0645369 0.0701658 0.0729745 0.0731536 0.0711708 0.0675477 0.0627573 0.0571962 0.0511791 0.0449416 0.0386573 0.032462 0.0264796 0.0208433 0.0157051 0.0112251 0.0075381 0.00471141
 0.00771336 0.0125878 0.0190519 0.0270764 0.0364062 0.0464112 0.0560575 0.0641624 0.0698228 0.0726975 0.0729647 0.0710787 0.0675517 0.0628506 0.0573692 0.051419 0.0452323 0.0389792 0.0327934 0.0267988 0.0211313 0.0159481 0.0114158 0.00767647 0.00480363
 0.00767662 0.0125237 0.0189475 0.026917 0.0361789 0.0461105 0.0556913 0.0637543 0.0694097 0.0723224 0.0726682 0.070891 0.0674878 0.06291 0.0575384 0.0516768 0.0455544 0.0393401 0.0331675 0.0271616 0.0214608 0.0162276 0.0116361 0.00783693 0.00491087
 0.00767075 0.0125122 0.0189263 0.0268796 0.0361169 0.0460139 0.0555502 0.0635627 0.0691688 0.0720444 0.0723773 0.0706206 0.0672731 0.0627801 0.0575099 0.0517512 0.0457195 0.0395743 0.0334441 0.0274526 0.0217404 0.0164746 0.0118369 0.0079866 0.00501271
 0.00766444 0.0125047 0.0189196 0.026877 0.0361203 0.0460218 0.0555557 0.0635533 0.069129 0.071961 0.0722443 0.0704438 0.0670712 0.062582 0.0573483 0.0516538 0.0457021 0.0396376 0.033575 0.0276282 0.0219341 0.0166615 0.0119983 0.00811216 0.0051009
 0.00764931 0.0124831 0.0188929 0.0268486 0.0360953 0.0460057 0.0555525 0.0635636 0.0691487 0.0719799 0.072248 0.0704175 0.0670063 0.0624809 0.0572261 0.0515353 0.0456145 0.0396016 0.0335988 0.0277057 0.0220481 0.0167897 0.01212 0.00821311 0.00517506
 0.00760853 0.0124206 0.0188062 0.0267385 0.0359668 0.0458678 0.0554186 0.0634498 0.0690704 0.071947 0.0722606 0.0704656 0.0670719 0.062545 0.0572749 0.0515659 0.0456351 0.0396278 0.0336455 0.0277807 0.022148 0.0169024 0.0122298 0.00830683 0.00524567
 0.00758595 0.0123831 0.0187485 0.0266559 0.0358566 0.0457321 0.055266 0.0632956 0.0689336 0.0718457 0.0722074 0.0704644 0.0671177 0.0626247 0.0573713 0.0516629 0.045723 0.0397056 0.0337195 0.0278589 0.0222346 0.0169949 0.01232 0.00838551 0.0053066
 0.00757391 0.0123639 0.01872 0.0266161 0.0358034 0.0456636 0.0551814 0.0631966 0.0688254 0.0717378 0.0721127 0.0703964 0.0670867 0.0626346 0.0574181 0.0517361 0.0458094 0.0397943 0.0338049 0.0279404 0.022314 0.0170724 0.0123928 0.00844881 0.00535632
 0.0075789 0.0123702 0.0187262 0.0266195 0.0358008 0.045652 0.0551586 0.0631613 0.0687775 0.071678 0.0720437 0.0703237 0.0670191 0.0625825 0.0573901 0.0517361 0.0458354 0.0398396 0.0338612 0.0280012 0.0223752 0.0171316 0.0124475 0.0084962 0.0053939
 0.00755606 0.0123375 0.0186853 0.0265743 0.0357564 0.0456124 0.0551249 0.0631322 0.0687503 0.0716505 0.0720151 0.070295 0.0669926 0.0625619 0.0573803 0.0517418 0.0458596 0.0398819 0.0339176 0.0280656 0.0224413 0.0171941 0.0125028 0.00854186 0.00542871
 0.00752995 0.0122953 0.0186224 0.0264879 0.0356468 0.0454851 0.0549921 0.0630105 0.0686561 0.0715943 0.0719984 0.0703115 0.0670323 0.0626155 0.0574418 0.051809 0.0459325 0.0399609 0.0340019 0.0281521 0.0225253 0.0172708 0.012568 0.00859339 0.00546631
 0.00752576 0.0122859 0.0186034 0.0264535 0.0355911 0.0454048 0.0548882 0.0628903 0.0685325 0.071483 0.0719144 0.0702649 0.0670259 0.0626447 0.0574976 0.0518814 0.0460137 0.0400461 0.0340884 0.0282376 0.0226069 0.0173446 0.0126307 0.00864271 0.00550202
 0.00752064 0.012279 0.0185954 0.0264453 0.0355827 0.0453939 0.05487 0.0628585 0.0684821 0.0714139 0.0718331 0.0701834 0.0669582 0.0626022 0.0574857 0.0518989 0.0460547 0.0401028 0.0341537 0.0283058 0.0226735 0.0174059 0.0126834 0.00868466 0.00553266
 0.00751041 0.0122629 0.0185724 0.026415 0.0355461 0.0453531 0.0548287 0.0628203 0.0684491 0.0713854 0.071806 0.0701547 0.0669281 0.0625752 0.0574693 0.0519 0.0460766 0.0401441 0.0342092 0.0283689 0.0227376 0.0174654 0.0127345 0.00872509 0.00556199
 0.00749348 0.0122376 0.0185385 0.0263739 0.0354999 0.0453049 0.0547814 0.062777 0.0684128 0.0713587 0.0717898 0.070148 0.066928 0.062579 0.057476 0.0519114 0.0460962 0.040175 0.0342518 0.0284204 0.022793 0.0175191 0.0127817 0.00876283 0.00558946
 0.0074996 0.0122442 0.0185423 0.02637 0.0354838 0.0452743 0.0547383 0.0627274 0.0683646 0.0713183 0.0717609 0.0701308 0.0669209 0.0625792 0.057481 0.05192 0.0461086 0.0401929 0.0342769 0.0284529 0.0228308 0.0175584 0.0128183 0.00879337 0.00561234
 0.0074996 0.0122442 0.0185423 0.02637 0.0354838 0.0452743 0.0547383 0.0627274 0.0683646 0.0713183 0.0717609 0.0701308 0.0669209 0.0625792 0.057481 0.05192 0.0461086 0.0401929 0.0342769 0.0284529 0.0228308 0.0175584 0.0128183 0.00879337 0.00561234
 0.00713651 0.0116706 0.0177123 0.0252583 0.0340976 0.0436683 0.0530266 0.0610785 0.0669712 0.0703503 0.0713242 0.0702489 0.0675405 0.0635924 0.058754 0.0533189 0.0475191 0.0415288 0.0354809 0.0294914 0.0236885 0.0182339 0.0133218 0.00914532 0.00584087
 0.00695117 0.0113333 0.0171398 0.0243551 0.0327839 0.0419221 0.0509211 0.0587901 0.0647475 0.0684537 0.0699757 0.069591 0.0676209 0.064365 0.0600946 0.0550537 0.0494583 0.0434973 0.0373382 0.0311397 0.0250713 0.0193302 0.0141399 0.0097162 0.00621039
 0.00695298 0.0113265 0.017108 0.024267 0.0325884 0.0415477 0.0502863 0.057829 0.0634471 0.0668868 0.0683085 0.0680525 0.0664454 0.0637311 0.060084 0.0556402 0.0505259 0.0448754 0.0388426 0.032607 0.0263803 0.0204096 0.0149652 0.0103005 0.0065918
 0.00693335 0.0113077 0.0171027 0.0242921 0.0326556 0.0416498 0.0503841 0.0578484 0.0632911 0.0664634 0.0675687 0.0670251 0.0652516 0.0625649 0.0591608 0.0551331 0.0505151 0.0453328 0.0396516 0.0336049 0.0274048 0.0213338 0.0157141 0.0108509 0.00695966
 0.00687508 0.0112213 0.0169892 0.0241602 0.032522 0.0415369 0.0503155 0.057838 0.0633298 0.0665078 0.0675429 0.0668434 0.0648566 0.0619665 0.0584519 0.0544701 0.0500659 0.0452158 0.0398953 0.0341447 0.0281148 0.0220745 0.016374 0.0113677 0.00732018
 0.00693693 0.0113203 0.0171348 0.0243595 0.0327772 0.0418429 0.050657 0.0581904 0.0636619 0.0667847 0.0677259 0.0668879 0.064715 0.0616034 0.0578694 0.053729 0.0492853 0.0445422 0.0394515 0.0339865 0.0282163 0.022349 0.0167151 0.0116877 0.00756994
 0.00695458 0.0113634 0.0172259 0.0245274 0.0330487 0.0422298 0.0511454 0.0587391 0.0642115 0.0672732 0.068101 0.0671108 0.0647581 0.0614473 0.0575061 0.0531736 0.0485907 0.0438018 0.0387806 0.0334854 0.0279349 0.0222735 0.0167839 0.0118234 0.00770982
 0.0069583 0.0113711 0.0172417 0.0245591 0.0331095 0.0423392 0.0513263 0.0590102 0.0645762 0.0677102 0.068563 0.0675342 0.0650785 0.0616127 0.0574846 0.0529573 0.048199 0.0432862 0.0382212 0.0329739 0.0275465 0.0220425 0.0166969 0.0118349 0.00776679
#pred catch len freq
 0.00460296 0.0072438 0.010489 0.0142298 0.0183998 0.0229648 0.0278504 0.0328958 0.0378784 0.0425702 0.0467763 0.050352 0.0532146 0.0553501 0.0568046 0.0576721 0.0580802 0.0581606 0.0579713 0.0573719 0.0559259 0.0529636 0.0478863 0.0405951 0.0317502
 0.0047606 0.00743672 0.0106656 0.0143117 0.0183141 0.0226884 0.0274388 0.0324695 0.0375689 0.0424578 0.0468588 0.0505619 0.05347 0.0556038 0.0570656 0.0579892 0.0584988 0.0586747 0.0584974 0.0577655 0.0560393 0.0527186 0.0473186 0.0398413 0.0309843
 0.00499968 0.00780351 0.0111723 0.014943 0.019018 0.0233722 0.0279789 0.0327464 0.0375198 0.0421181 0.046356 0.0500571 0.0530839 0.0553769 0.0569748 0.0579938 0.0585737 0.0588052 0.0586489 0.0578611 0.0559763 0.0524191 0.0467802 0.0391491 0.030272
 0.00525808 0.00820729 0.0117503 0.0157126 0.019983 0.0245165 0.0292532 0.034053 0.0387117 0.0430245 0.0468357 0.0500564 0.0526625 0.0546815 0.056173 0.0572115 0.0578705 0.0581844 0.0580773 0.0572825 0.0553257 0.0516499 0.0458972 0.0382197 0.0294022
 0.00554092 0.00864601 0.0123726 0.0165343 0.0210102 0.0257485 0.0306779 0.0356352 0.0403787 0.044656 0.0482671 0.051105 0.0531766 0.054595 0.0555326 0.0561576 0.0565784 0.0568016 0.0566874 0.055907 0.0539515 0.0502679 0.0445329 0.0369414 0.0282978
 0.00584247 0.009116 0.0130433 0.0174249 0.0221285 0.0270913 0.0322282 0.0373568 0.0422121 0.046517 0.0500444 0.0526582 0.054345 0.0552232 0.0555135 0.0554715 0.0553053 0.0550934 0.0547155 0.0538156 0.0518431 0.0482196 0.0426218 0.0352543 0.0269148
 0.00620575 0.00967557 0.0138291 0.0184485 0.0233873 0.0285748 0.0339172 0.0392167 0.0441863 0.0485244 0.0519822 0.0544068 0.0557725 0.0561922 0.0558948 0.0551691 0.0542871 0.053412 0.052503 0.0512545 0.0491301 0.0455421 0.0401476 0.0331224 0.025218
 0.0065887 0.0102647 0.0146546 0.0195194 0.024696 0.0301025 0.0356354 0.0410833 0.0461431 0.050498 0.0538867 0.0561459 0.0572408 0.0572766 0.0564788 0.0551435 0.0535701 0.0519769 0.0504028 0.0486292 0.0461918 0.0425411 0.0373317 0.0306949 0.0233035
 0.00696614 0.010853 0.0154936 0.0206314 0.0260856 0.0317559 0.0375156 0.0431257 0.0482582 0.0525827 0.0558369 0.0578652 0.0586428 0.0582824 0.0570104 0.0551206 0.0529159 0.0506378 0.0483796 0.0460078 0.0431554 0.0393518 0.0342811 0.0280391 0.0212054
 0.00736901 0.0114783 0.0163809 0.021802 0.0275447 0.033495 0.0395072 0.0453143 0.0505539 0.054865 0.0579681 0.0597097 0.0600854 0.0592386 0.0574241 0.0549518 0.0521291 0.0492031 0.0462941 0.0433307 0.0400385 0.0360415 0.0310781 0.0252255 0.0189713
 0.00775156 0.0120727 0.0172255 0.0229174 0.0289362 0.0351538 0.0414073 0.0474051 0.0527572 0.057077 0.0600669 0.0615651 0.0615719 0.0602493 0.0578811 0.0548071 0.0513574 0.0477958 0.0442652 0.0407403 0.0370223 0.0328235 0.0279427 0.0224518 0.0167559
 0.00806102 0.0125586 0.0179258 0.0238596 0.0301367 0.0366165 0.043117 0.0493197 0.0548042 0.0591575 0.0620644 0.0633562 0.0630378 0.0612853 0.0584041 0.0547585 0.0507032 0.0465259 0.0423989 0.0383411 0.0342204 0.0298253 0.0250105 0.0198462 0.0146656
 0.00832323 0.0129645 0.0185003 0.024616 0.0310803 0.0377483 0.0444322 0.0508014 0.0564162 0.0608401 0.0637357 0.0649177 0.0643838 0.0623138 0.0590249 0.0548992 0.0503121 0.0455758 0.0408948 0.0363351 0.0318279 0.0272316 0.022451 0.017556 0.0128179
 0.00863554 0.0134484 0.0191845 0.0255126 0.032185 0.0390417 0.045878 0.052345 0.0579881 0.0623649 0.0651405 0.0661363 0.0653562 0.0629852 0.0593448 0.054822 0.0497995 0.0446023 0.0394588 0.0344754 0.029641 0.0248779 0.0201368 0.0154889 0.0111507
 0.00890331 0.0138703 0.0197948 0.0263354 0.033232 0.0403073 0.047332 0.0539262 0.0596073 0.0639166 0.0665198 0.0672548 0.0661525 0.0634262 0.0594196 0.0545298 0.0491403 0.0435752 0.0380705 0.0327582 0.0276721 0.0227887 0.0180989 0.0136763 0.00969221
 0.00910552 0.0141908 0.020263 0.0269758 0.0340633 0.0413392 0.0485572 0.055312 0.06109 0.0654041 0.067901 0.0684169 0.0669999 0.0638969 0.0594902 0.0542094 0.048456 0.0425596 0.0367578 0.031193 0.0259255 0.0209691 0.0163448 0.0121276 0.00845139
 0.00932687 0.0145182 0.0206968 0.0275 0.034656 0.041988 0.049268 0.0561033 0.0619765 0.066377 0.0689164 0.0693971 0.0678478 0.0645163 0.0598059 0.0541795 0.0480737 0.0418459 0.0357529 0.0299525 0.0245243 0.0195052 0.014934 0.010883 0.00745476
