SBPRF35
9.82206
Curr Bio
677732
B35
785110
F35
0.191291
FOFL
0.163038
OFL
88028.1
Bzero
2.8063e+006
#pred survey bio
 4.06038e+006 3.87897e+006 3.70769e+006 3.45427e+006 3.18114e+006 2.91553e+006 2.62294e+006 2.3603e+006 2.08675e+006 1.8348e+006 1.64605e+006 1.46028e+006 1.27628e+006 1.14211e+006 1.02985e+006 935423 827798 758814 712690 675711 642666 614005 597807 592566 584740 579566 571803 557697 564088 551007 547112 553093 551903 546396 533330 519830 509093 506272 506896 511793 524659 525496 532772 544897 548646 562954 577870 595676 614552 642452 680370 683649 2.38183e+007 1.46788e+007 1.52137e+007 1.60428e+007 1.70231e+007 1.80066e+007 1.88984e+007 1.96545e+007 2.02669e+007 2.07474e+007 2.11164e+007 2.13957e+007 2.16052e+007 2.17616e+007 2.18783e+007 2.19653e+007 2.20304e+007 2.20793e+007 2.21161e+007 2.21441e+007 2.21654e+007 2.21817e+007 2.21942e+007 2.22039e+007 2.22114e+007 2.22172e+007 2.22218e+007 2.22253e+007 2.22281e+007 2.22303e+007 2.2232e+007 2.22334e+007 2.22345e+007 2.22353e+007 2.2236e+007 2.22366e+007 2.2237e+007 2.22373e+007 2.22376e+007 2.22378e+007 2.2238e+007 2.22381e+007 2.22382e+007 2.22383e+007 2.22384e+007 2.22384e+007 2.22385e+007 2.22385e+007 2.22385e+007 2.22385e+007 2.22386e+007 2.22386e+007 2.22386e+007 2.22386e+007 2.22386e+007 2.22386e+007 2.22386e+007 2.22386e+007 2.22386e+007 2.22386e+007 2.22386e+007 2.22386e+007 2.22386e+007 2.22386e+007 2.22386e+007 2.22386e+007 2.22386e+007 2.22386e+007 2.22386e+007 2.22386e+007 2.22386e+007 2.22386e+007 2.22386e+007 2.22386e+007 2.22386e+007 2.22386e+007 2.22386e+007 2.22386e+007 2.22386e+007 2.22386e+007 2.22386e+007 2.22386e+007 2.22386e+007 2.22386e+007 2.22386e+007 2.22386e+007 2.22386e+007 2.22386e+007 2.22386e+007 2.22386e+007 2.22386e+007 2.22386e+007 2.22386e+007 2.22386e+007 2.22386e+007 2.22386e+007 2.22386e+007 2.22386e+007 2.22386e+007 2.22386e+007 0 0 0 0 0 0 0 0 0 0 0 0 0 0 0 0 0 0 0 0 0 0 0 0 0
#obs survey bio
 3.85962e+006 3.37871e+006 4.11734e+006 3.54171e+006 2.32392e+006 2.62142e+006 2.02771e+006 2.1445e+006 2.00224e+006 1.53501e+006 1.23087e+006 1.00803e+006 833870 739264 816659 845611 743939 793294 1.0205e+006 700665 701211 619719 511112 425745 494505 737038 360364 681707 524370 533162 483546 379144 615389 457171 526021 549343 584685 408033 545284 569851 473194 475826 415481 565357 681316 518117 550896 479281 398272 708964 768238 606198
#pred catch bio
 95128.3 91548.2 178462 214284 228660 276507 272747 304475 304200 264194 275485 284056 247473 233064 218944 227201 188326 163309 150291 142235 134448 121179 111120 112877 109428 109863 112840 93810 108214 97903.5 88370.5 93262.1 94707.1 97919.7 94835.6 91328 87263.8 88273.5 87144.5 82064.9 93176.3 88544 85961.8 94101.6 86442.9 88123.2 88292 90630.3 87069.5 83370.5 115253 119374 88028.1 104493 107368 112175 118426 124836 130596 135376 139131 141969 144052 145546 146599 147331 147835 148179 148412 148569 148674 148744 148791 148822 148843 148856 148865 148871 148875 148878 148880 148881 148881 148882 148882 148882 148883 148883 148883 148883 148883 148883 148883 148883 148883 148883 148883 148883 148883 148883 148883 148883 148883 148883 148883 148883 148883 148883 148883 148883 148883 148883 148883 148883 148883 148883 148883 148883 148883 148883 148883 148883 148883 148883 148883 148883 148883 148883 148883 148883 148883 148883 148883 148883 148883 148883 148883 148883 148883 148883 148883 148883 148883 148883 148883 148883 148883 148883 148883 148883 148883 148883 0 0 0 0 0 0 0 0 0 0 0 0 0 0 0 0 0 0 0 0 0 0 0 0 0
#obs catch bio
 0 91096.7 179275 215172 229697 279361 275125 309238 309082 267641 281189 291156 254161 240819 225844 234966 193707 166450 152155 143698 136074 122396 112270 115022 110992 111164 114772 94479.2 109871 98507.5 89048 94242.2 95349.5 98654.4 95372.3 91909.3 87422.1 88861.5 87113.6 81862.2 92931.7 88555.7 86018.9 94444 86184.2 88206.8 88151.1 90657.2 87384.6 83194 115555 119418
#pred cpue bio
 4.00057e+006 3.82208e+006 3.65297e+006 3.40078e+006 3.12861e+006 2.86387e+006 2.57256e+006 2.31096e+006 2.03894e+006 1.78856e+006 1.60057e+006 1.41584e+006 1.23333e+006 1.10012e+006 989069 896212 791242 724461 680296 644970 613203 585566 569885 564652 557045 552307 545132 531733 538274 526025 522574 528617 527782 522888 510745 498072 487194 483071 482695 487405 500127 500987 507897 519530 523152 536948 551222 568242 586167 612833 649405 652550 2.2753e+007 1.40442e+007 1.45036e+007 1.52376e+007 1.61815e+007 1.71557e+007 1.80455e+007 1.88012e+007 1.94135e+007 1.9894e+007 2.0263e+007 2.05423e+007 2.07518e+007 2.09082e+007 2.10249e+007 2.11119e+007 2.1177e+007 2.12259e+007 2.12627e+007 2.12907e+007 2.1312e+007 2.13283e+007 2.13408e+007 2.13505e+007 2.1358e+007 2.13638e+007 2.13684e+007 2.13719e+007 2.13747e+007 2.13769e+007 2.13786e+007 2.138e+007 2.13811e+007 2.13819e+007 2.13826e+007 2.13831e+007 2.13836e+007 2.13839e+007 2.13842e+007 2.13844e+007 2.13846e+007 2.13847e+007 2.13848e+007 2.13849e+007 2.1385e+007 2.1385e+007 2.13851e+007 2.13851e+007 2.13851e+007 2.13851e+007 2.13852e+007 2.13852e+007 2.13852e+007 2.13852e+007 2.13852e+007 2.13852e+007 2.13852e+007 2.13852e+007 2.13852e+007 2.13852e+007 2.13852e+007 2.13852e+007 2.13852e+007 2.13852e+007 2.13852e+007 2.13852e+007 2.13852e+007 2.13852e+007 2.13852e+007 2.13852e+007 2.13852e+007 2.13852e+007 2.13852e+007 2.13852e+007 2.13852e+007 2.13852e+007 2.13852e+007 2.13852e+007 2.13852e+007 2.13852e+007 2.13852e+007 2.13852e+007 2.13852e+007 2.13852e+007 2.13852e+007 2.13852e+007 2.13852e+007 2.13852e+007 2.13852e+007 2.13852e+007 2.13852e+007 2.13852e+007 2.13852e+007 2.13852e+007 2.13852e+007 2.13852e+007 2.13852e+007 2.13852e+007 2.13852e+007 2.13852e+007 0 0 0 0 0 0 0 0 0 0 0 0 0 0 0 0 0 0 0 0 0 0 0 0 0
#obs cpue bio
 3.85183e+006 3.56124e+006 3.09311e+006 1.99822e+006 2.88826e+006 2.31125e+006 2.86868e+006 1.60051e+006 1.98056e+006 1.73015e+006 1.22435e+006 1.5037e+006 970152 835204 883520 789648 590734 738068 548468 591168 428368 510440 499848 386406 664996 427973 575573 468901 415813 731915 401108 622730 546115 572947 517953 407734 540140 411377 738087 456075 698763 413257 578608 466273 603765 454094 701948 637916 618666 712197 596454 782241
#pred surv len freq
 0.0044846 0.00734552 0.0111769 0.0160022 0.021732 0.0280752 0.0345147 0.0404388 0.0453695 0.0491143 0.0517461 0.0534763 0.0545385 0.0551287 0.0553844 0.0553824 0.0551511 0.0546779 0.0538859 0.0525732 0.0503679 0.0467935 0.0414974 0.0345495 0.0265936
 0.00471411 0.00763096 0.0114486 0.0161526 0.0216581 0.0277392 0.0339826 0.0398633 0.0449187 0.0488891 0.051738 0.0535886 0.0546518 0.0551685 0.0553548 0.0553571 0.0552277 0.0549205 0.0542813 0.053026 0.0507392 0.0469667 0.0414327 0.034296 0.0262538
 0.00490181 0.0079529 0.011957 0.0168873 0.0226156 0.0288378 0.0350529 0.04069 0.0453298 0.0488401 0.0513292 0.0530001 0.0540427 0.0546134 0.0548521 0.0548835 0.054786 0.054544 0.0539996 0.0528266 0.0505603 0.0467301 0.0410931 0.0338692 0.0258049
 0.00512216 0.00830887 0.0124904 0.0176401 0.0236255 0.0301261 0.0366004 0.0424094 0.0470525 0.0503371 0.0523732 0.0534458 0.0538797 0.0539554 0.053871 0.0537363 0.0535803 0.0533437 0.0528438 0.0517354 0.0495333 0.0457543 0.0401643 0.03301 0.0250608
 0.00536132 0.00869444 0.013065 0.0184422 0.0246839 0.0314513 0.038174 0.0441782 0.0489275 0.0521944 0.0540552 0.0547703 0.0546728 0.054103 0.0533617 0.0526647 0.0521066 0.0516379 0.0510453 0.0499418 0.0478082 0.0441435 0.0387101 0.0317572 0.0240495
 0.00559364 0.00907045 0.0136281 0.0192325 0.0257322 0.0327685 0.0397403 0.0459379 0.0507956 0.0540698 0.0558288 0.0563248 0.0558781 0.0548232 0.0534807 0.0521245 0.0509355 0.0499486 0.0490034 0.0477237 0.0455728 0.0420223 0.0368093 0.0301575 0.022798
 0.00589008 0.00954478 0.0143281 0.020198 0.0269892 0.0343188 0.0415498 0.0479321 0.0528681 0.0561011 0.0577037 0.0579403 0.0571417 0.0556449 0.0537703 0.0518014 0.0499537 0.0483259 0.0468368 0.0451811 0.0428639 0.0393639 0.034394 0.0281284 0.0212301
 0.00613031 0.00994086 0.0149344 0.0210687 0.0281674 0.0358199 0.0433446 0.0499415 0.0549758 0.0581766 0.0596241 0.0596012 0.0584573 0.0565423 0.0541818 0.051661 0.049204 0.0469397 0.0448463 0.0426994 0.0400841 0.0365305 0.0317551 0.025883 0.0194899
 0.00645017 0.0104496 0.0156799 0.02209 0.0294903 0.0374489 0.0452512 0.0520561 0.05719 0.0603577 0.0616344 0.0613154 0.0597745 0.05739 0.0545105 0.0514333 0.0483876 0.0455138 0.0428241 0.0401587 0.0371882 0.0335189 0.0288991 0.0234205 0.0175669
 0.00686028 0.0110947 0.0166102 0.0233373 0.0310626 0.0393235 0.0473661 0.0543091 0.0594522 0.0624968 0.0635329 0.0628783 0.0609272 0.0580745 0.0546835 0.0510636 0.0474535 0.0440044 0.0407534 0.0375912 0.0342642 0.0304588 0.02597 0.0208712 0.0155607
 0.00715585 0.0115771 0.0173389 0.024367 0.0324302 0.0410293 0.0493561 0.0564722 0.0616407 0.064559 0.0653427 0.0643456 0.0619945 0.0587054 0.0548518 0.0507463 0.0466292 0.042659 0.0388938 0.0352687 0.0315982 0.0276436 0.0232493 0.0184812 0.0136645
 0.00746404 0.0120759 0.0180858 0.0254144 0.0338162 0.0427621 0.0513959 0.0587221 0.0639549 0.0667674 0.06728 0.0658774 0.0630324 0.05921 0.0548224 0.0502026 0.0455946 0.0411535 0.0369432 0.0329266 0.0289715 0.024905 0.020618 0.016173 0.0118313
 0.00783328 0.0126668 0.0189574 0.0266146 0.0353726 0.0446672 0.0535917 0.061095 0.0663487 0.0690103 0.0692114 0.0673658 0.0639853 0.0595788 0.0546017 0.0494226 0.0443063 0.039415 0.0348157 0.0304854 0.0263265 0.0222129 0.0180717 0.0139603 0.0100829
 0.00802852 0.0129959 0.0194744 0.0273773 0.0364306 0.0460428 0.055261 0.0629808 0.0683314 0.0709508 0.0709725 0.0688264 0.0650475 0.0601719 0.0546858 0.0489893 0.0433766 0.038034 0.0330479 0.0284162 0.0240695 0.0199149 0.0159013 0.0120769 0.00859551
 0.00813838 0.0131856 0.0197815 0.0278461 0.0371059 0.0469578 0.0564228 0.0643605 0.069863 0.0725379 0.0725013 0.0701799 0.06612 0.0608804 0.0549749 0.0488322 0.0427733 0.0370098 0.0316536 0.0267301 0.0221999 0.0179982 0.014088 0.0105041 0.00735472
 0.00811931 0.0131807 0.0198231 0.0279825 0.037392 0.0474395 0.0571214 0.0652656 0.0709352 0.0737165 0.0737107 0.0713356 0.0671341 0.0616692 0.0554678 0.0489784 0.0425462 0.0364095 0.030709 0.0255014 0.0207796 0.0165064 0.0126572 0.00925409 0.00636483
 0.0081812 0.0132909 0.0200072 0.0282725 0.0378213 0.0480337 0.0578879 0.0661853 0.0719612 0.074779 0.0747285 0.0722291 0.0678373 0.0621358 0.05567 0.048902 0.0421867 0.0357727 0.0298163 0.0243966 0.0195343 0.0152172 0.0114326 0.00819188 0.00552866
 0.00818144 0.0132822 0.0199789 0.0282134 0.0377278 0.0479212 0.0577976 0.0661793 0.0721046 0.0751162 0.0752643 0.0729238 0.0686157 0.0629053 0.0563392 0.049395 0.0424502 0.0357781 0.0295605 0.0239041 0.0188585 0.014437 0.0106409 0.00747573 0.00494931
 0.0082359 0.0133483 0.0200368 0.0282301 0.0376659 0.0477532 0.0575208 0.0658242 0.0717338 0.0748135 0.0751156 0.0729934 0.0689247 0.0634216 0.0569842 0.050064 0.0430377 0.0361989 0.0297628 0.023875 0.0186235 0.0140539 0.0101867 0.00702794 0.0045676
 0.00834583 0.0135105 0.0202489 0.0284756 0.037914 0.0479622 0.0576432 0.0658174 0.0715748 0.0745146 0.0747308 0.0726087 0.0686345 0.0632981 0.0570545 0.0503013 0.0433713 0.0365371 0.0300197 0.0239927 0.0185841 0.0138792 0.00992694 0.00674365 0.00431043
 0.00842089 0.013634 0.0204364 0.0287394 0.0382571 0.0483692 0.0580745 0.0662102 0.0718572 0.0746262 0.0746434 0.072338 0.0682386 0.062863 0.0566692 0.0500311 0.0432381 0.036516 0.0300535 0.0240166 0.0185504 0.0137717 0.00976085 0.00655313 0.00413156
 0.00859476 0.0138868 0.0207618 0.0291141 0.038649 0.0487499 0.0584268 0.0665255 0.0721245 0.0748231 0.0747363 0.0722935 0.0680411 0.0625286 0.056247 0.0495904 0.0428451 0.0362116 0.0298423 0.0238724 0.0184345 0.0136532 0.00962857 0.00641487 0.00400414
 0.00875706 0.0141322 0.0210956 0.0295258 0.0391115 0.0492219 0.0588572 0.0668634 0.0723329 0.0748913 0.0746803 0.0721431 0.0678224 0.0622556 0.0559278 0.0492389 0.0424879 0.0358821 0.0295669 0.0236596 0.0182738 0.0135253 0.00951718 0.00631394 0.00391631
 0.00867615 0.0140325 0.0210037 0.0294845 0.039166 0.049399 0.0591486 0.0672237 0.0726957 0.0751925 0.0748784 0.0722271 0.0678066 0.0621667 0.0557914 0.0490734 0.0423061 0.0356969 0.0293927 0.0235088 0.0181516 0.0134286 0.00943898 0.00624848 0.00386182
 0.0085631 0.0138614 0.020772 0.0292031 0.038863 0.0491204 0.0589533 0.0671704 0.0728199 0.0754867 0.0752878 0.0726679 0.0681975 0.0624549 0.0559615 0.0491389 0.0422942 0.035636 0.0293071 0.0234169 0.0180658 0.0133551 0.0093788 0.00620028 0.00382405
 0.00851252 0.0137696 0.0206169 0.028961 0.0385172 0.0486743 0.0584425 0.0666634 0.0724049 0.0752465 0.0752739 0.0728831 0.0685943 0.0629521 0.0564705 0.0495898 0.0426494 0.0358893 0.0294721 0.0235156 0.0181193 0.0133799 0.00938649 0.00619831 0.00381735
 0.00847319 0.0137118 0.0205404 0.0288666 0.0384033 0.0485329 0.0582596 0.0664264 0.072116 0.0749337 0.074991 0.0726952 0.0685534 0.063075 0.056732 0.0499327 0.0430072 0.0362078 0.0297219 0.0236911 0.0182309 0.0134443 0.00941962 0.00621253 0.00382126
 0.00848296 0.0137266 0.0205608 0.0288926 0.0384344 0.0485678 0.0582942 0.0664518 0.0721167 0.0748909 0.0748917 0.0725428 0.0683746 0.0629134 0.056631 0.0499162 0.0430698 0.0363204 0.0298472 0.0237993 0.0183076 0.0134891 0.00944008 0.00621822 0.0038199
 0.00829484 0.0134359 0.0201521 0.0283642 0.0378007 0.0478618 0.0575695 0.0657791 0.071572 0.0745369 0.0747606 0.0726312 0.0686496 0.0633287 0.0571412 0.0504843 0.0436649 0.0369117 0.0304013 0.0242845 0.0187017 0.0137846 0.00964444 0.00634831 0.003896
 0.00835843 0.0135193 0.0202406 0.0284313 0.0378148 0.0477971 0.0574158 0.0655452 0.0712827 0.0742263 0.0744657 0.0723855 0.0684784 0.0632451 0.057146 0.0505689 0.0438152 0.0371098 0.0306261 0.0245124 0.0189096 0.0139556 0.00977097 0.00643256 0.00394646
 0.00839201 0.0135653 0.0202932 0.0284774 0.0378347 0.0477673 0.057314 0.065357 0.071009 0.0738885 0.0741047 0.0720526 0.0682215 0.0630968 0.0571178 0.0506531 0.0439905 0.037348 0.0308971 0.0247871 0.0191631 0.0141691 0.00993485 0.00654678 0.00401846
 0.00823578 0.0133367 0.0199962 0.0281314 0.0374683 0.0474082 0.0569808 0.0650581 0.0707465 0.073664 0.0739243 0.0719291 0.0681731 0.0631419 0.057268 0.050907 0.0443319 0.0377484 0.0313215 0.0252004 0.0195352 0.0144791 0.010173 0.00671462 0.00412631
 0.0080923 0.0131156 0.0196872 0.0277362 0.0370034 0.0469066 0.0564909 0.0646358 0.0704402 0.0734978 0.0738911 0.071999 0.0683111 0.063324 0.0574869 0.0511669 0.0446376 0.0380965 0.0316965 0.0255776 0.0198868 0.0147814 0.0104118 0.00688713 0.00423975
 0.00792917 0.012867 0.0193442 0.0273023 0.0364943 0.0463482 0.05592 0.0640995 0.0699911 0.0731847 0.0737465 0.0720297 0.0684971 0.0636264 0.0578619 0.0515788 0.0450647 0.0385276 0.0321232 0.0259872 0.0202621 0.0151042 0.0106692 0.00707552 0.00436546
 0.00794667 0.0128726 0.0193111 0.0271933 0.0362734 0.0459988 0.0554579 0.0635735 0.0694687 0.0727316 0.0734114 0.0718395 0.0684581 0.0637278 0.0580794 0.05188 0.045416 0.0389009 0.0324974 0.0263465 0.0205917 0.0153905 0.0109011 0.00724876 0.00448351
 0.00858396 0.0137737 0.0204162 0.0283585 0.0373071 0.0467227 0.0557602 0.0634301 0.0689329 0.0719096 0.0724347 0.0708393 0.0675431 0.0629697 0.0575097 0.0514967 0.0451954 0.0388091 0.0324995 0.026411 0.020692 0.015504 0.0110098 0.00733997 0.00455137
 0.00922952 0.0147909 0.0218783 0.0302891 0.0396492 0.0493066 0.0582921 0.0655331 0.0702506 0.0722281 0.0717544 0.0693563 0.0655612 0.0607988 0.0553967 0.0496 0.0435927 0.0375183 0.0315025 0.0256717 0.0201679 0.0151517 0.0107878 0.00721035 0.00448209
 0.00909065 0.0146813 0.0219275 0.0306872 0.040594 0.050918 0.0605334 0.0681823 0.0729397 0.0745331 0.0733037 0.0699239 0.0651186 0.0595076 0.0535434 0.0475043 0.041527 0.0356666 0.0299576 0.0244567 0.0192618 0.0145111 0.0103603 0.00694319 0.00432697
 0.00879119 0.0142246 0.0213042 0.0299301 0.0397959 0.0502433 0.0602074 0.0684387 0.0739278 0.0762234 0.0754525 0.0721311 0.0669572 0.0606618 0.0538943 0.0471328 0.04065 0.034545 0.0288181 0.0234501 0.0184596 0.0139239 0.00996236 0.00669312 0.00418172
 0.00872238 0.0140813 0.0210321 0.0294642 0.0390841 0.0492829 0.0590796 0.0673202 0.0730632 0.0758622 0.0757656 0.0731366 0.0684903 0.0624123 0.0555058 0.0483217 0.0412877 0.0346686 0.0285772 0.0230283 0.0180103 0.0135403 0.00968027 0.00650898 0.00407362
 0.00870387 0.0140413 0.0209514 0.0293133 0.0388231 0.0488674 0.0584739 0.0665188 0.0721171 0.0748954 0.0749663 0.0727115 0.0685913 0.0630666 0.0565881 0.049591 0.0424742 0.0355698 0.0291134 0.0232381 0.0180007 0.0134273 0.00954894 0.00640302 0.00400417
 0.00879286 0.014182 0.0211545 0.0295819 0.0391473 0.0492168 0.0587925 0.0667289 0.0721362 0.0746658 0.0744869 0.0720571 0.0679051 0.0625193 0.056315 0.0496343 0.0427658 0.0359658 0.0294629 0.0234456 0.0180494 0.0133606 0.00943129 0.00628654 0.00391554
 0.00879333 0.0141864 0.021168 0.0296123 0.0392037 0.0493067 0.0589172 0.0668781 0.072284 0.0747708 0.0745005 0.071942 0.0676576 0.062185 0.0559816 0.0494 0.0426947 0.0360568 0.0296538 0.0236485 0.018195 0.0134235 0.00942591 0.00624573 0.00386873
 0.00868275 0.0140238 0.0209555 0.0293641 0.0389435 0.0490626 0.0587172 0.0667467 0.0722382 0.0748146 0.0746196 0.0721036 0.0678183 0.0623072 0.0560518 0.0494367 0.0427392 0.0361478 0.0298031 0.0238335 0.018374 0.0135602 0.00950626 0.00627797 0.0038719
 0.0087846 0.0141597 0.0211059 0.0294941 0.0390148 0.049051 0.058626 0.0666061 0.0720913 0.0746988 0.0745541 0.0720862 0.0678308 0.0623241 0.0560501 0.0494059 0.0426865 0.0360951 0.029774 0.0238394 0.0184079 0.0136032 0.00954051 0.00629531 0.0038745
 0.00880478 0.0141927 0.0211544 0.0295569 0.0390823 0.0491023 0.0586296 0.0665309 0.0719232 0.0744553 0.0742835 0.0718502 0.0676792 0.0622759 0.056092 0.0495049 0.0428074 0.0362146 0.0298838 0.0239403 0.0185012 0.0136859 0.00960671 0.0063411 0.00390091
 0.00883357 0.0142347 0.0212089 0.0296205 0.03915 0.0491689 0.0586894 0.0665748 0.0719372 0.0744219 0.0741903 0.0717003 0.0674965 0.0620988 0.0559577 0.0494341 0.0427991 0.036252 0.0299458 0.0240104 0.0185696 0.0137469 0.00965662 0.00637774 0.00392439
 0.00891112 0.0143447 0.0213446 0.0297652 0.0392817 0.0492676 0.0587431 0.066582 0.0719036 0.0743562 0.0740995 0.0715879 0.067365 0.0619546 0.0558146 0.0493113 0.0427137 0.0362117 0.0299463 0.0240394 0.0186127 0.0137924 0.00969677 0.00640873 0.00394544
 0.00892015 0.0143698 0.0214006 0.0298697 0.0394471 0.0494904 0.0589978 0.0668244 0.0720861 0.0744455 0.0740874 0.071489 0.0672055 0.0617615 0.05561 0.0491131 0.0425373 0.0360696 0.0298456 0.0239793 0.0185857 0.0137875 0.00970339 0.0064189 0.00395458
 0.00884809 0.0142582 0.021244 0.0296699 0.0392158 0.0492519 0.0587873 0.0666806 0.0720373 0.0744968 0.0742173 0.0716598 0.0673798 0.0619148 0.0557337 0.0492098 0.0426148 0.0361364 0.0299084 0.0240421 0.0186484 0.0138469 0.00975506 0.00645948 0.00398315
 0.00859385 0.01388 0.0207406 0.0290636 0.0385477 0.048572 0.0581483 0.0661361 0.0716397 0.0742908 0.0742284 0.0718847 0.0677836 0.0624392 0.056313 0.0497867 0.0431497 0.0366083 0.0303106 0.0243755 0.0189174 0.0140565 0.00991097 0.00656864 0.00405412
 0.00821775 0.0133487 0.0200895 0.0283769 0.037935 0.0481307 0.0579319 0.0661439 0.0718283 0.074596 0.0745866 0.0722479 0.0681254 0.0627521 0.0565985 0.0500466 0.0433824 0.0368105 0.0304806 0.0245147 0.019029 0.0141444 0.00997804 0.00661743 0.00408728
#obs surv len freq
 nan nan nan nan nan nan nan nan nan nan nan nan nan nan nan nan nan nan nan nan nan nan nan nan nan
 0.00448226 0.00734269 0.0111721 0.0159884 0.02169 0.0279669 0.0342825 0.0400151 0.0446954 0.0481595 0.0505172 0.0520126 0.0529043 0.0534162 0.05373 0.0539846 0.0542629 0.0545555 0.0546942 0.054286 0.052724 0.0493562 0.0438059 0.036286 0.0276697
 0.00461404 0.00755799 0.0114978 0.0164493 0.0223028 0.0287311 0.0351713 0.0409722 0.0456428 0.0490123 0.0511995 0.0524691 0.053106 0.0533609 0.0534388 0.0534939 0.0536158 0.0537943 0.0538578 0.0534114 0.0518497 0.0485249 0.0430621 0.0356672 0.0271968
 0.00478127 0.00783152 0.0119125 0.0170387 0.0230919 0.0297265 0.0363491 0.0422736 0.0469802 0.0502836 0.0523039 0.0533187 0.0536347 0.0535306 0.0532423 0.0529531 0.0527755 0.0527137 0.052603 0.0520526 0.0504624 0.0471898 0.0418595 0.0346632 0.026428
 0.00496334 0.00813184 0.0123725 0.0176999 0.0239879 0.0308699 0.0377184 0.043808 0.048587 0.051854 0.0537287 0.0544978 0.0544828 0.0539818 0.0532554 0.0525165 0.0519091 0.0514671 0.0510517 0.0502938 0.0486114 0.0453741 0.0402049 0.0332727 0.0253593
 0.005175 0.00847573 0.0128901 0.0184303 0.0249621 0.0320997 0.0391852 0.0454562 0.0503298 0.0535868 0.0553427 0.0558898 0.05556 0.0546648 0.053482 0.052246 0.0511285 0.0501978 0.0493548 0.0482725 0.0464086 0.0431604 0.0381551 0.0315325 0.0240136
 0.00540792 0.00885794 0.0134717 0.0192599 0.0260763 0.0335089 0.0408576 0.0473149 0.0522652 0.0554791 0.0570811 0.0573801 0.0567226 0.0554311 0.0537914 0.0520482 0.0503895 0.0489113 0.0475563 0.046053 0.0439196 0.0406028 0.0357475 0.0294645 0.0224015
 0.00564761 0.00924952 0.0140648 0.0201026 0.0272068 0.0349413 0.0425675 0.0492321 0.0542823 0.0574705 0.0589235 0.0589659 0.0579652 0.0562637 0.0541615 0.0519116 0.0497098 0.0476681 0.0457638 0.0437818 0.0413126 0.0378701 0.0331333 0.0271909 0.0206129
 0.00588697 0.00964271 0.0146641 0.0209593 0.0283612 0.0364074 0.0443166 0.0511886 0.0563338 0.0594905 0.0607905 0.0605747 0.0592299 0.0571164 0.0545496 0.0517939 0.0490532 0.0464516 0.0439926 0.041512 0.0386733 0.0350671 0.0304189 0.0248051 0.0187198
 0.00613221 0.0100437 0.015272 0.0218234 0.0295202 0.0378744 0.046064 0.0531416 0.0583808 0.061503 0.0626447 0.0621636 0.0604687 0.0579413 0.0549139 0.0516622 0.0483976 0.0452536 0.0422554 0.0392836 0.0360708 0.0322849 0.0277043 0.0224012 0.0167991
 0.00638101 0.0104523 0.0158946 0.0227124 0.0307158 0.0393877 0.0478605 0.0551358 0.0604496 0.0635103 0.0644643 0.0636919 0.0616274 0.0586756 0.0551871 0.05145 0.0476828 0.0440259 0.040522 0.0370897 0.033524 0.0295659 0.0250472 0.0200407 0.0149056
 0.00663136 0.0108623 0.0165171 0.0235985 0.0319045 0.0408902 0.0496432 0.0571148 0.0625011 0.0654946 0.0662491 0.065168 0.0627148 0.0593232 0.0553675 0.0511518 0.0469029 0.0427674 0.0388009 0.0349533 0.031073 0.0269662 0.0225139 0.0177911 0.0130991
 0.00683872 0.0112069 0.0170495 0.0243704 0.0329583 0.042242 0.0512665 0.0589342 0.0644034 0.0673504 0.0679339 0.0665756 0.0637632 0.0599558 0.0555523 0.0508762 0.0461681 0.0415846 0.0371948 0.0329751 0.0288188 0.0245869 0.0202019 0.0157404 0.0114522
 0.00706353 0.0115725 0.0176 0.0251472 0.0339923 0.0435416 0.0528041 0.0606404 0.0661746 0.0690673 0.06948 0.067851 0.0646913 0.0604858 0.0556572 0.0505485 0.0454142 0.0404221 0.0356551 0.0311133 0.0267275 0.0224035 0.0180973 0.0138837 0.00996612
 0.0072709 0.0119126 0.0181171 0.0258833 0.0349779 0.0447811 0.0542624 0.0622398 0.0678077 0.0706189 0.0708471 0.068952 0.0654677 0.0608996 0.0556882 0.0501916 0.0446773 0.039324 0.0342287 0.0294133 0.0248407 0.0204534 0.0162325 0.0122487 0.00866325
 0.00747143 0.0122418 0.0186183 0.0265978 0.035936 0.0459877 0.0556827 0.0637947 0.0693856 0.0720979 0.0721175 0.0699305 0.0661021 0.0611664 0.0555865 0.0497347 0.0438866 0.0382269 0.0328616 0.0278296 0.0231195 0.0187029 0.0145796 0.0108135 0.0075282
 0.00754743 0.0123704 0.0188219 0.0269026 0.0363689 0.0465706 0.0564245 0.0646847 0.0703903 0.0731622 0.073169 0.070888 0.0668862 0.0617109 0.0558455 0.0496855 0.043527 0.0375716 0.0319408 0.0266915 0.0218354 0.0173676 0.0133021 0.00969557 0.00663996
 0.00757922 0.0124186 0.0188887 0.0269902 0.036482 0.0467201 0.0566289 0.064968 0.0707753 0.0736615 0.0737757 0.0715708 0.0675901 0.062364 0.0563716 0.050017 0.0436156 0.0373943 0.0315018 0.0260227 0.0209957 0.0164397 0.0123813 0.00887148 0.00597581
 0.00767505 0.0125616 0.01908 0.0272216 0.0367385 0.0469831 0.056881 0.065197 0.070979 0.0738499 0.0739698 0.0717939 0.067855 0.0626623 0.0566702 0.0502632 0.04375 0.0373658 0.031281 0.0256105 0.0204257 0.015774 0.0116982 0.00824739 0.00546639
 0.00772876 0.0126474 0.0192055 0.0273915 0.0369512 0.0472281 0.0571367 0.0654346 0.0711705 0.0739798 0.0740423 0.0718314 0.0678895 0.0627217 0.0567656 0.0503818 0.0438562 0.037411 0.0312194 0.0254151 0.0200997 0.0153515 0.011236 0.0078073 0.00509724
 0.00777725 0.0127188 0.0192996 0.0275036 0.0370748 0.0473573 0.0572679 0.0655646 0.0712945 0.0740892 0.0741271 0.0718854 0.0679156 0.0627326 0.0567787 0.0504094 0.0438957 0.037442 0.0312092 0.0253323 0.0199289 0.0151025 0.0109416 0.0075116 0.00483982
 0.0078039 0.0127581 0.019351 0.0275638 0.0371375 0.0474151 0.0573141 0.0655951 0.0713098 0.074095 0.0741322 0.0718979 0.0679391 0.0627669 0.0568219 0.0504601 0.0439513 0.0374943 0.0312423 0.0253253 0.0198655 0.0149802 0.0107759 0.00733065 0.00467307
 0.00785932 0.0128431 0.019469 0.0277137 0.0373131 0.0476048 0.0575007 0.0657578 0.0714282 0.0741553 0.0741313 0.0718444 0.0678497 0.0626606 0.0567151 0.0503636 0.0438699 0.0374267 0.0311811 0.0252588 0.0197815 0.0148727 0.0106491 0.00719827 0.00455226
 0.0078636 0.0128533 0.0194904 0.0277527 0.0373756 0.0476927 0.0576098 0.0658772 0.0715427 0.0742496 0.0741939 0.0718694 0.0678381 0.0626197 0.056656 0.0502981 0.0438074 0.037372 0.0311329 0.0252113 0.019727 0.014806 0.0105707 0.00711515 0.0044747
 0.00788222 0.0128736 0.0195031 0.0277444 0.0373343 0.0476152 0.057507 0.0657723 0.0714627 0.0742139 0.0742078 0.0719243 0.0679171 0.062705 0.0567344 0.0503633 0.0438586 0.0374111 0.0311616 0.0252287 0.0197306 0.0147936 0.0105432 0.00707755 0.00443453
 0.00789955 0.0128988 0.0195349 0.0277783 0.0373617 0.0476244 0.0574849 0.0657099 0.0713607 0.0740872 0.0740826 0.0718292 0.067872 0.0627138 0.0567864 0.0504404 0.0439429 0.0374899 0.0312277 0.0252789 0.0197634 0.0148088 0.0105425 0.00706512 0.00441609
 0.00788431 0.0128763 0.019505 0.0277424 0.0373218 0.047582 0.0574401 0.0656608 0.0713043 0.0740214 0.0740094 0.0717573 0.0678159 0.0626895 0.0568041 0.0504998 0.0440336 0.0375954 0.031332 0.02537 0.0198343 0.0148574 0.0105703 0.00707626 0.00441627
 0.00787858 0.0128618 0.019474 0.0276852 0.0372307 0.0474559 0.0572879 0.0655009 0.0711586 0.0739077 0.0739363 0.0717245 0.0678182 0.0627222 0.0568654 0.0505891 0.044148 0.0377274 0.0314693 0.0254991 0.0199442 0.0149417 0.0106282 0.00711111 0.00443395
 0.00788421 0.0128695 0.0194826 0.0276917 0.0372297 0.0474397 0.0572481 0.065431 0.0710585 0.0737862 0.0738103 0.0716136 0.0677385 0.0626816 0.0568642 0.0506231 0.0442113 0.0378128 0.0315684 0.0256015 0.0200391 0.0150208 0.010687 0.00714996 0.0044564
 0.00785042 0.0128143 0.0193994 0.027575 0.0370771 0.0472547 0.0570418 0.0652215 0.0708661 0.0736287 0.0736995 0.0715558 0.0677361 0.062734 0.0569672 0.0507683 0.0443866 0.0380047 0.031763 0.0257861 0.0202028 0.0151557 0.0107894 0.00722092 0.00450089
 0.0078547 0.0128153 0.0193898 0.0275443 0.0370139 0.0471512 0.0568976 0.0650452 0.0706743 0.0734419 0.0735379 0.0714356 0.0676676 0.0627212 0.0570084 0.0508577 0.0445151 0.0381604 0.0319322 0.0259546 0.0203579 0.0152875 0.0108925 0.00729458 0.00454868
 0.00782313 0.0127678 0.019325 0.0274626 0.0369165 0.0470382 0.0567679 0.0648986 0.0705138 0.0732765 0.0733831 0.07131 0.0675882 0.0626992 0.0570471 0.0509526 0.044656 0.0383334 0.0321218 0.0261449 0.0205345 0.0154391 0.0110124 0.00738156 0.00460615
 0.00778911 0.0127137 0.0192461 0.0273561 0.0367827 0.0468821 0.0566001 0.0647332 0.0703647 0.0731532 0.0732891 0.0712454 0.0675538 0.0626985 0.0570854 0.0510333 0.0447777 0.038489 0.032299 0.0263287 0.0207096 0.0155928 0.0111364 0.00747304 0.00466764
 0.00776067 0.0126646 0.0191671 0.0272376 0.0366176 0.0466702 0.0563521 0.0644709 0.070117 0.0729482 0.0731473 0.0711757 0.0675542 0.0627596 0.0571955 0.0511821 0.0449568 0.0386904 0.0325131 0.0265432 0.0209112 0.0157689 0.0112786 0.00757849 0.00473897
 0.00773612 0.0126205 0.0190933 0.0271218 0.0364487 0.0464431 0.056072 0.0641557 0.0697953 0.0726541 0.0729136 0.0710282 0.0675063 0.0628111 0.0573337 0.0513867 0.0452054 0.0389625 0.032791 0.0268117 0.0211564 0.0159794 0.0114471 0.00770299 0.00482322
 0.00930002 0.0148096 0.021735 0.0298368 0.0387606 0.0479533 0.0565992 0.0637632 0.0687127 0.0711616 0.0712563 0.0693825 0.0659838 0.0614737 0.0562082 0.0504747 0.0444922 0.0384239 0.0323997 0.0265404 0.0209795 0.0158731 0.0113897 0.00767637 0.00481349
 0.00930052 0.0150983 0.0226764 0.0318815 0.0422485 0.0528483 0.0623206 0.0692795 0.0729061 0.073267 0.0711133 0.0673807 0.0627945 0.0577647 0.0524776 0.0470204 0.0414567 0.0358539 0.0302913 0.024865 0.0196954 0.0149305 0.0107329 0.00724588 0.00455061
 0.00895194 0.014553 0.021917 0.030962 0.0413458 0.0522954 0.0625661 0.0707268 0.0756717 0.0770008 0.0750428 0.0706024 0.0646494 0.0580667 0.0514845 0.0452225 0.0393461 0.0337903 0.0284761 0.0233781 0.018544 0.0140843 0.0101444 0.00686141 0.00431652
 0.00878079 0.0142626 0.0214584 0.0302861 0.0404226 0.0511489 0.0613162 0.0696159 0.0750419 0.0771977 0.0762606 0.0727411 0.0672857 0.0605919 0.0533494 0.0461463 0.0393713 0.033183 0.0275647 0.0224295 0.017717 0.0134422 0.00968852 0.00656245 0.00413527
 0.00871457 0.0141503 0.0212796 0.0300157 0.0400326 0.0506142 0.0606265 0.068794 0.0741653 0.0764151 0.0757817 0.0727827 0.0679751 0.0618739 0.0549647 0.0477163 0.0405544 0.0338063 0.0276581 0.0221605 0.0172868 0.0130074 0.00933403 0.00631229 0.00397799
 0.00869287 0.0141114 0.0212141 0.0299113 0.0398753 0.0503904 0.060325 0.0684091 0.0737005 0.0758922 0.0752541 0.0723456 0.0677569 0.061995 0.0554746 0.0485441 0.0415144 0.0346698 0.0282513 0.0224271 0.0172837 0.0128489 0.00912987 0.00613267 0.00384989
 0.00869076 0.0141075 0.0212069 0.0298982 0.0398517 0.0503488 0.0602552 0.0682985 0.0735368 0.0756673 0.0749704 0.0720239 0.0674438 0.0617632 0.0554056 0.0486935 0.0418752 0.0351601 0.0287431 0.0228037 0.0174876 0.0128935 0.00907317 0.00603871 0.00376274
 0.00867872 0.0140898 0.0211836 0.0298706 0.0398216 0.0503175 0.0602224 0.0682614 0.0734897 0.0756016 0.0748764 0.0718955 0.0672847 0.0615935 0.0552638 0.0486286 0.0419262 0.0353329 0.0289994 0.0230745 0.0177052 0.0130211 0.0091141 0.00602278 0.00372435
 0.00866927 0.0140741 0.0211596 0.0298365 0.0397768 0.0502637 0.060164 0.0682047 0.0734408 0.0755631 0.0748457 0.0718649 0.0672452 0.0615403 0.055202 0.0485762 0.0419097 0.0353748 0.0291043 0.023222 0.0178581 0.0131435 0.0091876 0.00605043 0.00372248
 0.00867451 0.0140808 0.0211662 0.0298403 0.0397745 0.0502521 0.0601415 0.068172 0.0734006 0.0755198 0.074804 0.0718278 0.0672125 0.0615091 0.0551697 0.0485439 0.0418855 0.0353718 0.0291332 0.0232833 0.0179392 0.0132241 0.00924992 0.00608696 0.00373652
 0.00867065 0.0140782 0.0211689 0.0298536 0.039803 0.0502968 0.0601971 0.0682278 0.073444 0.0755408 0.0747985 0.071798 0.0671648 0.0614511 0.0551076 0.0484829 0.0418306 0.0353293 0.02911 0.0232834 0.0179603 0.0132571 0.0092833 0.00611198 0.00375031
 0.00863545 0.0140239 0.021093 0.0297569 0.0396903 0.0501779 0.0600865 0.0681421 0.0733967 0.0755375 0.0748346 0.0718611 0.0672402 0.0615266 0.0551761 0.0485418 0.0418807 0.0353733 0.0291518 0.0233264 0.0180055 0.0133024 0.00932403 0.00614378 0.00377135
 0.00864579 0.0140348 0.0210987 0.0297485 0.0396587 0.050118 0.0600005 0.0680406 0.0732963 0.0754555 0.0747842 0.0718478 0.0672612 0.0615723 0.0552344 0.0486019 0.0419358 0.0354211 0.0291932 0.0233638 0.0180408 0.0133357 0.00935388 0.00616796 0.00378855
 0.00863461 0.0140194 0.0210802 0.0297289 0.0396391 0.0500964 0.0599716 0.0679976 0.0732351 0.0753794 0.0747043 0.0717804 0.0672209 0.0615671 0.0552632 0.0486559 0.0420032 0.035491 0.0292584 0.023421 0.0180896 0.0133765 0.00938684 0.00619313 0.0038062
 0.00860013 0.013969 0.0210151 0.0296541 0.0395625 0.0500268 0.0599163 0.0679604 0.0732155 0.0753725 0.0747034 0.0717803 0.0672213 0.061573 0.0552816 0.0486917 0.0420558 0.0355549 0.0293259 0.0234851 0.0181457 0.0134226 0.00942271 0.00621942 0.00382413
 0.00860013 0.013969 0.0210151 0.0296541 0.0395625 0.0500268 0.0599163 0.0679604 0.0732155 0.0753725 0.0747034 0.0717803 0.0672213 0.061573 0.0552816 0.0486917 0.0420558 0.0355549 0.0293259 0.0234851 0.0181457 0.0134226 0.00942271 0.00621942 0.00382413
 0.00884883 0.0143558 0.021563 0.030369 0.0404277 0.0509977 0.0609164 0.0688864 0.0739556 0.0758333 0.0748328 0.0715764 0.0667275 0.0608639 0.0544463 0.0478174 0.0412152 0.0347992 0.0286833 0.022965 0.0177442 0.0131278 0.00921796 0.00608608 0.00374342
#pred catch len freq
 0.00448286 0.00707552 0.0102866 0.0140258 0.0182396 0.0228963 0.0279142 0.0331195 0.0382754 0.0431412 0.0475133 0.0512445 0.0542554 0.056535 0.0581222 0.0590806 0.0594806 0.0593756 0.0587525 0.0574502 0.0551053 0.051225 0.04544 0.0378369 0.0291258
 0.00473895 0.0074102 0.0106427 0.0143081 0.0183522 0.0227945 0.027639 0.0327841 0.0380076 0.0430156 0.0475169 0.051295 0.0542568 0.0564356 0.0579447 0.0589124 0.059429 0.0595093 0.0590562 0.0578199 0.055391 0.0513024 0.0452701 0.0374772 0.0286908
 0.00497308 0.0077862 0.0111941 0.0150479 0.0192528 0.0237693 0.0285417 0.0334463 0.0383067 0.0429362 0.0471568 0.0508058 0.0537606 0.0559774 0.0575089 0.0584766 0.0590061 0.059145 0.058789 0.0576389 0.0552296 0.0510748 0.044926 0.037033 0.028217
 0.00524407 0.00820773 0.0117955 0.0158498 0.0202697 0.0250074 0.0299832 0.035022 0.0398756 0.0442962 0.0480996 0.0511943 0.0535831 0.0553397 0.0565714 0.0573852 0.0578597 0.058004 0.0576921 0.0566065 0.054259 0.0501477 0.0440328 0.036194 0.0274797
 0.00553143 0.00865421 0.0124301 0.016689 0.0213202 0.0262689 0.0314466 0.0366621 0.0416393 0.0460886 0.0497736 0.0525591 0.0544434 0.0555584 0.0561206 0.0563529 0.056408 0.0563084 0.0558981 0.0548154 0.0525355 0.0485363 0.0425738 0.0349314 0.0264548
 0.00584314 0.00913794 0.0131163 0.017594 0.0224481 0.0276141 0.0329919 0.0383737 0.0434637 0.0479522 0.0515811 0.0541897 0.0557495 0.0563787 0.0563137 0.0558428 0.0552167 0.0545536 0.0537575 0.05248 0.0501767 0.0462953 0.0405637 0.0332377 0.0251281
 0.00620324 0.00969448 0.0139013 0.0186214 0.0237169 0.0291124 0.0346952 0.0402394 0.0454277 0.0499308 0.0534769 0.0558969 0.0571562 0.0573666 0.0567622 0.0556445 0.0543069 0.052943 0.0515476 0.0498519 0.0473573 0.0435184 0.0380354 0.0311107 0.0234825
 0.00654266 0.0102261 0.0146649 0.0196428 0.0250079 0.0306682 0.036489 0.0422167 0.0475068 0.0520113 0.0554506 0.0576561 0.0585989 0.0583971 0.0572889 0.0555799 0.053577 0.0515112 0.0494458 0.047203 0.0443731 0.0404669 0.0351881 0.0286854 0.0216016
 0.00696289 0.0108718 0.0155685 0.0208143 0.0264405 0.0323459 0.0383859 0.0442884 0.0496819 0.0541893 0.0575099 0.0594691 0.0600484 0.0593871 0.0577452 0.0554434 0.0527985 0.0500586 0.0473287 0.0445052 0.0412733 0.0372279 0.032108 0.0260253 0.019522
 0.00744383 0.011607 0.0165891 0.0221214 0.0280113 0.0341434 0.0403626 0.0463839 0.0518201 0.0562807 0.0594558 0.0611666 0.0613961 0.0602922 0.058131 0.0552509 0.0519861 0.0486032 0.0452396 0.0418502 0.0382057 0.0339893 0.0289911 0.0233032 0.0173754
 0.00786703 0.0122655 0.0175255 0.0233571 0.029545 0.0359504 0.0423895 0.0485455 0.054006 0.0583707 0.0613369 0.0627431 0.0625916 0.0610467 0.058396 0.0549857 0.0511567 0.0471882 0.0432442 0.0393307 0.0352947 0.0309032 0.0260013 0.0206727 0.0152862
 0.00832948 0.0129806 0.0185345 0.0246773 0.0311726 0.0378626 0.0445402 0.0508562 0.0563617 0.0606282 0.0633433 0.0643599 0.0637155 0.0616197 0.0584006 0.0544295 0.0500553 0.0455579 0.041111 0.0367538 0.0323938 0.0278714 0.0230838 0.0181109 0.0132502
 0.00878563 0.0136859 0.0195294 0.0259784 0.0327749 0.0397425 0.0466522 0.0531258 0.0586823 0.062867 0.0653538 0.0659984 0.0648593 0.0621846 0.0583496 0.0537702 0.048826 0.043812 0.0389112 0.034182 0.029572 0.0249751 0.0203286 0.0157073 0.0113459
 0.00907044 0.0141381 0.0201908 0.0268828 0.0339453 0.0411848 0.048346 0.0550162 0.0606804 0.0648581 0.0672099 0.0675899 0.0660677 0.0629136 0.0585355 0.0533874 0.0478863 0.0423585 0.0370125 0.0319326 0.0270997 0.0224449 0.0179307 0.0136217 0.00969613
 0.00924733 0.0144217 0.0206115 0.0274698 0.0347256 0.0421797 0.0495626 0.0564373 0.0622575 0.0665099 0.0688285 0.0690539 0.0672585 0.0637303 0.0589048 0.0532675 0.0472675 0.041263 0.0354939 0.0300777 0.0250303 0.0203149 0.0159103 0.0118662 0.00830952
 0.00934121 0.0145823 0.0208684 0.0278571 0.0352767 0.042918 0.0504918 0.0575362 0.0634817 0.0677974 0.0701056 0.070239 0.0682661 0.0644781 0.0593223 0.0533031 0.0468946 0.0404829 0.0343394 0.0286161 0.0233652 0.0185812 0.0142567 0.0104266 0.00717233
 0.00937286 0.014644 0.0209817 0.0280516 0.0355877 0.0433801 0.0511291 0.0583526 0.0644537 0.0688722 0.0712064 0.0712773 0.0691568 0.0651505 0.059724 0.0533989 0.0466645 0.0399241 0.0334711 0.0274864 0.0220553 0.0172015 0.0129318 0.00926911 0.00625671
 0.00933463 0.01458 0.0208835 0.0279146 0.0354177 0.0432015 0.0509897 0.0583191 0.0645947 0.0692356 0.0717998 0.0720609 0.0700505 0.0660513 0.0605262 0.0540116 0.0470213 0.0399872 0.0332333 0.0269732 0.0213264 0.0163466 0.0120566 0.00847333 0.00561078
 0.00938306 0.0146379 0.0209316 0.0279216 0.0353477 0.0430278 0.0507092 0.0579614 0.0642223 0.0689341 0.0716593 0.0721506 0.0703951 0.0666186 0.0612329 0.0547443 0.0476642 0.0404453 0.033448 0.0269294 0.0210521 0.0159067 0.0115376 0.00796296 0.00517628
 0.00951205 0.0148254 0.0211716 0.0281908 0.0356082 0.0432331 0.0508123 0.0579246 0.0640296 0.068604 0.0712495 0.0717499 0.0701002 0.0665047 0.061328 0.0550195 0.0480423 0.0408254 0.0337349 0.0270587 0.0210041 0.0157061 0.0112415 0.00763954 0.00488404
 0.00959972 0.0149639 0.0213717 0.0284578 0.0359383 0.0436085 0.0511977 0.0582671 0.0642684 0.068686 0.0711476 0.0714764 0.0697093 0.0660808 0.0609617 0.0547778 0.0479468 0.0408472 0.0338098 0.0271143 0.0209875 0.0156002 0.0110644 0.00743112 0.00468605
 0.00977196 0.0152112 0.0216841 0.0288072 0.0362891 0.0439328 0.0514841 0.058518 0.0644849 0.0688546 0.0712371 0.0714493 0.0695424 0.0657827 0.0605771 0.0543751 0.0475931 0.0405839 0.0336395 0.0270068 0.0208996 0.015498 0.0109371 0.00728941 0.00455095
 0.00992781 0.0154424 0.0219899 0.0291706 0.0366787 0.0443093 0.0518078 0.0587564 0.0646213 0.0688921 0.0711948 0.0713491 0.0693963 0.0655895 0.0603332 0.0540882 0.047289 0.0402981 0.0334011 0.0268253 0.020764 0.0153875 0.0108351 0.00719101 0.00446124
 0.00984921 0.0153449 0.0218986 0.0291264 0.0367254 0.0444742 0.0520854 0.0591064 0.0649815 0.0692006 0.0714087 0.0714538 0.0694018 0.0655189 0.0602095 0.0539285 0.0471064 0.0401069 0.0332183 0.0266656 0.0206338 0.015284 0.0107506 0.00711948 0.00440103
 0.00970468 0.0151308 0.0216172 0.0287978 0.036388 0.044181 0.0518961 0.0590738 0.0651331 0.0695224 0.0718432 0.0719177 0.0698148 0.0658285 0.0603993 0.0540106 0.0471067 0.0400536 0.033136 0.026574 0.0205465 0.0152081 0.0106876 0.00706823 0.00436025
 0.00964923 0.0150355 0.0214648 0.0285706 0.0360744 0.0437851 0.051447 0.0586281 0.0647666 0.0693102 0.0718366 0.0721246 0.0701944 0.0663039 0.0608837 0.0544343 0.0474323 0.0402758 0.0332703 0.0266441 0.0205751 0.0152127 0.0106798 0.00705505 0.00434589
 0.00962469 0.0150001 0.0214186 0.0285137 0.0360029 0.0436872 0.0513039 0.0584222 0.0644951 0.0689985 0.0715391 0.0719106 0.0701221 0.0663964 0.0611194 0.0547564 0.0477724 0.0405774 0.0335025 0.0268016 0.0206695 0.0152618 0.0107005 0.00706005 0.00434347
 0.00953635 0.014869 0.021245 0.0283069 0.0357798 0.0434679 0.051107 0.0582596 0.0643685 0.0688993 0.0714555 0.0718395 0.0700781 0.0664089 0.061217 0.0549484 0.0480396 0.0408785 0.0337912 0.0270432 0.0208488 0.0153809 0.0107717 0.00709816 0.00436138
 0.0093862 0.0146407 0.0209311 0.0279113 0.0353173 0.0429621 0.0505899 0.0577715 0.0639543 0.0686001 0.071299 0.0718331 0.0702101 0.0666566 0.0615563 0.0553585 0.0484995 0.0413612 0.0342621 0.0274665 0.0211974 0.0156435 0.0109526 0.00721211 0.00442703
 0.00941183 0.0146678 0.0209449 0.027889 0.0352336 0.0427989 0.0503445 0.0574594 0.0636058 0.0682536 0.0709932 0.0716014 0.0700753 0.066628 0.0616299 0.0555206 0.0487311 0.0416403 0.0345637 0.0277632 0.0214633 0.0158598 0.0111119 0.00731812 0.00449069
 0.00939407 0.0146371 0.0208946 0.0278102 0.0351147 0.0426274 0.05011 0.0571592 0.0632506 0.0678711 0.0706257 0.0712973 0.0698767 0.0665608 0.0616991 0.0557121 0.0490174 0.0419874 0.0349364 0.0281284 0.0217927 0.0161333 0.0113199 0.00746234 0.00458138
