SBPRF35
12.7214
Curr Bio
882051
B35
884706
F35
0.171095
FOFL
0.167835
OFL
118978
Bzero
3.63469e+06
#pred survey bio
 3.27768e+06 3.21763e+06 3.15411e+06 3.02205e+06 2.86132e+06 2.63013e+06 2.39567e+06 2.15383e+06 1.94278e+06 1.74499e+06 1.55581e+06 1.39446e+06 1.23684e+06 1.13161e+06 987328 865198 780194 722469 688349 645191 613043 593802 576096 569837 568909 552817 551648 540938 530048 532998 539711 536858 540790 555593 573080 592013 611261 623655 651294 659735 665263 672581 672418 676699 688603 698521 701843 702947 703093 714535 713028 749236 776197 775421 783883 781793 773063 777026 780739 798907 826920 862407 887112 3.0569e+07 1.80251e+07 1.8033e+07 1.86896e+07 1.98062e+07 2.1129e+07 2.24602e+07 2.3679e+07 2.47287e+07 2.55962e+07 2.62926e+07 2.68407e+07 2.72662e+07 2.75936e+07 2.78442e+07 2.80356e+07 2.81817e+07 2.82934e+07 2.8379e+07 2.84449e+07 2.84958e+07 2.85353e+07 2.8566e+07 2.85901e+07 2.86091e+07 2.86241e+07 2.8636e+07 2.86454e+07 2.86529e+07 2.8659e+07 2.86638e+07 2.86677e+07 2.86708e+07 2.86734e+07 2.86754e+07 2.86771e+07 2.86785e+07 2.86796e+07 2.86805e+07 2.86812e+07 2.86818e+07 2.86823e+07 2.86827e+07 2.8683e+07 2.86833e+07 2.86835e+07 2.86837e+07 2.86838e+07 2.8684e+07 2.86841e+07 2.86841e+07 2.86842e+07 2.86843e+07 2.86843e+07 2.86843e+07 2.86844e+07 2.86844e+07 2.86844e+07 2.86844e+07 2.86844e+07 2.86844e+07 2.86845e+07 2.86845e+07 2.86845e+07 2.86845e+07 2.86845e+07 2.86845e+07 2.86845e+07 2.86845e+07 2.86845e+07 2.86845e+07 2.86845e+07 2.86845e+07 2.86845e+07 2.86845e+07 2.86845e+07 2.86845e+07 2.86845e+07 2.86845e+07 2.86845e+07 2.86845e+07 2.86845e+07 2.86845e+07 2.86845e+07 2.86845e+07 2.86845e+07 2.86845e+07 2.86845e+07 2.86845e+07 2.86845e+07 2.86845e+07 2.86845e+07 2.86845e+07 2.86845e+07 2.86845e+07 2.86845e+07 2.86845e+07 2.86845e+07 2.86845e+07 2.86845e+07 0 0 0 0 0 0 0 0 0 0 0 0 0 0 0 0 0 0 0 0 0 0 0 0 0
#obs survey bio
 2.65642e+06 2.94973e+06 3.61451e+06 2.19844e+06 3.25636e+06 2.46911e+06 1.86625e+06 2.11024e+06 1.81899e+06 1.96506e+06 1.54287e+06 1.29536e+06 1.48395e+06 1.05900e+06 654470 483315 854751 633741 626157 609016 462205 558878 597927 605481 404917 457824 895727 418948 543301 526697 469300 418990 547416 474833 478792 680824 623019 694588 642434 739362 564190 816344 536942 779331 842567 634907 574414 647314 743725 629172 740360 932452 730891 775475 911984 753915 711265 658254 1.0912e+06 602341 852795 930836 1.13978e+06
#pred catch bio
 88341.2 91031.9 157270 191066 266432 282781 303534 289119 289250 291545 274544 275965 232283 265869 242380 206115 179250 156472 160580 146392 131563 126825 114215 108064 118765 103723 109891 108113 95854 93686 103036 98720.8 91925.1 92573.6 93943.1 95449.1 101879 89619 106101 107550 105355 111280 107376 101513 104044 110113 111989 112656 103565 115085 83436.9 92071.4 114654 105642 114533 119978 109729 111319 100246 93359.1 88047.1 96330.4 124340 118978 118827 117575 120350 126825 134952 143174 150624 156924 162006 165967 168975 171216 172859 174049 174904 175513 175944 176248 176461 176611 176715 176787 176838 176873 176897 176914 176925 176933 176939 176943 176945 176947 176948 176949 176950 176950 176951 176951 176951 176951 176951 176951 176951 176951 176951 176951 176951 176951 176951 176951 176951 176951 176951 176951 176951 176951 176951 176951 176951 176951 176951 176951 176951 176951 176951 176951 176951 176951 176951 176951 176951 176951 176951 176951 176951 176951 176951 176951 176951 176951 176951 176951 176951 176951 176951 176951 176951 176951 176951 176951 176951 176951 176951 176951 176951 176951 176951 176951 176951 0 0 0 0 0 0 0 0 0 0 0 0 0 0 0 0 0 0 0 0 0 0 0 0 0
#obs catch bio
 0 90793.6 157938 191763 268362 284765 307465 292030 293404 294909 278432 282060 234447 270677 245798 210085 181152 158284 162996 148061 132789 128320 114770 107894 119851 103751 109343 108158 95755.4 93559.9 103284 99503.5 92871.5 93529.1 95268.2 96434 103084 89890.1 106695 107441 105385 111021 107513 101542 103970 110147 112210 112738 103303 115833 83305.4 91843.3 114798 105246 114282 119592 109531 111467 100444 93764.3 88398.2 96510.5 124592
#pred cpue bio
 3.2261e+06 3.16734e+06 3.10475e+06 2.97286e+06 2.81221e+06 2.58182e+06 2.34818e+06 2.10739e+06 1.89721e+06 1.70039e+06 1.51231e+06 1.35193e+06 1.1959e+06 1.09177e+06 949824 829742 746308 689897 656710 615059 584239 565923 549169 543523 542876 527477 526692 516566 505996 508763 515105 511974 515389 529529 546378 564788 583764 596197 623465 632076 637722 644997 644865 648957 660571 670314 673563 674659 674828 685929 684487 720243 747350 746987 755159 752954 744197 747739 751171 769005 796678 831916 857131 2.95825e+07 1.74576e+07 1.73339e+07 1.78168e+07 1.88635e+07 2.01676e+07 2.14946e+07 2.27126e+07 2.37622e+07 2.46296e+07 2.5326e+07 2.58741e+07 2.62996e+07 2.6627e+07 2.68776e+07 2.7069e+07 2.72151e+07 2.73268e+07 2.74124e+07 2.74783e+07 2.75292e+07 2.75687e+07 2.75994e+07 2.76235e+07 2.76425e+07 2.76575e+07 2.76694e+07 2.76788e+07 2.76863e+07 2.76923e+07 2.76972e+07 2.77011e+07 2.77042e+07 2.77068e+07 2.77088e+07 2.77105e+07 2.77119e+07 2.7713e+07 2.77139e+07 2.77146e+07 2.77152e+07 2.77157e+07 2.77161e+07 2.77164e+07 2.77167e+07 2.77169e+07 2.77171e+07 2.77172e+07 2.77174e+07 2.77175e+07 2.77175e+07 2.77176e+07 2.77177e+07 2.77177e+07 2.77177e+07 2.77178e+07 2.77178e+07 2.77178e+07 2.77178e+07 2.77178e+07 2.77178e+07 2.77179e+07 2.77179e+07 2.77179e+07 2.77179e+07 2.77179e+07 2.77179e+07 2.77179e+07 2.77179e+07 2.77179e+07 2.77179e+07 2.77179e+07 2.77179e+07 2.77179e+07 2.77179e+07 2.77179e+07 2.77179e+07 2.77179e+07 2.77179e+07 2.77179e+07 2.77179e+07 2.77179e+07 2.77179e+07 2.77179e+07 2.77179e+07 2.77179e+07 2.77179e+07 2.77179e+07 2.77179e+07 2.77179e+07 2.77179e+07 2.77179e+07 2.77179e+07 2.77179e+07 2.77179e+07 2.77179e+07 2.77179e+07 2.77179e+07 2.77179e+07 2.77179e+07 0 0 0 0 0 0 0 0 0 0 0 0 0 0 0 0 0 0 0 0 0 0 0 0 0
#obs cpue bio
 3.07028e+06 2.13699e+06 3.15944e+06 2.15208e+06 2.99909e+06 2.16638e+06 1.77862e+06 2.27561e+06 1.30858e+06 1.86624e+06 999622 854465 1.33489e+06 871764 1.3549e+06 822758 838314 551611 583295 614792 687371 470750 655632 712302 444252 840308 539566 489032 492454 517723 508827 383033 329411 537237 399055 534403 520494 666084 672301 874861 629844 737062 582119 564979 607996 707858 694608 841970 712285 527943 711072 821622 740625 900522 655760 940798 637087 769092 435353 731792 633994 969141 978090
#pred surv len freq
 0.00481935 0.00783395 0.0118081 0.0167295 0.0224849 0.0287807 0.0351148 0.0408978 0.0456736 0.0492697 0.0517774 0.0534232 0.0544494 0.0550521 0.055358 0.0554216 0.0552368 0.0547497 0.0538469 0.0523138 0.049806 0.0459176 0.0403873 0.0333577 0.0254901
 0.00502821 0.00808454 0.0120258 0.0168028 0.0223115 0.0283312 0.0344726 0.0402382 0.0451837 0.0490562 0.051819 0.0535954 0.0546003 0.0550815 0.0552609 0.0552827 0.0551831 0.0548846 0.054195 0.0528033 0.0502999 0.0462787 0.0405407 0.0333147 0.0253254
 0.00519747 0.00837364 0.0124795 0.0174529 0.0231477 0.0292708 0.0353542 0.0408655 0.0454113 0.0488672 0.0513341 0.0530001 0.0540408 0.0546048 0.0548331 0.0548562 0.0547554 0.0545051 0.0539244 0.0526612 0.0502431 0.0462252 0.0404205 0.0331087 0.0250673
 0.00537479 0.00866248 0.0129169 0.0180777 0.023996 0.0303636 0.0366749 0.042334 0.0468729 0.050114 0.0521654 0.053297 0.0538116 0.0539668 0.053944 0.0538463 0.0537039 0.0534597 0.0529256 0.0517447 0.0494251 0.0454965 0.0397616 0.0325135 0.0245513
 0.00554897 0.00894586 0.0133444 0.0186833 0.0248091 0.031401 0.0379318 0.0437766 0.0484341 0.0516894 0.0536119 0.0544443 0.0544972 0.0540875 0.0534941 0.0529162 0.0524386 0.0520083 0.0514103 0.0502549 0.0480228 0.0442233 0.0386456 0.0315751 0.0238053
 0.00580988 0.00936294 0.0139592 0.0195305 0.0259114 0.0327611 0.0395227 0.0455372 0.0502755 0.0535076 0.055297 0.0558806 0.0555612 0.0546555 0.0534678 0.0522564 0.051188 0.0502853 0.0493786 0.0480858 0.0458705 0.042215 0.036879 0.0301167 0.0226849
 0.00606334 0.00977374 0.0145752 0.0203959 0.0270586 0.0341988 0.0412221 0.0474275 0.0522531 0.0554554 0.0571008 0.0574374 0.0567766 0.0554378 0.0537276 0.0519184 0.0502153 0.0487057 0.0472959 0.0456689 0.0433239 0.0397448 0.0346625 0.0282785 0.0212824
 0.00636742 0.0102572 0.0152831 0.0213644 0.0283112 0.0357381 0.0430199 0.049418 0.0543365 0.0575119 0.0590072 0.0590801 0.0580585 0.0562784 0.0540582 0.0516787 0.0493591 0.04722 0.0452273 0.0431418 0.040537 0.036941 0.0320816 0.0261066 0.0196169
 0.00664161 0.0106984 0.0159387 0.0222757 0.029506 0.0372202 0.0447569 0.0513379 0.0563378 0.0594821 0.0608387 0.0606769 0.0593359 0.0571611 0.0544784 0.0515753 0.0486811 0.0459375 0.0433538 0.0407603 0.0378147 0.0341151 0.0294136 0.0238197 0.0178427
 0.00694873 0.0111854 0.0166491 0.0232429 0.0307491 0.0387366 0.0465128 0.0532628 0.0583305 0.0614264 0.062621 0.0621989 0.0605193 0.0579461 0.0548176 0.0514267 0.0480052 0.0447045 0.041563 0.0384687 0.0351595 0.0313132 0.0267242 0.0214806 0.016007
 0.00725033 0.0116735 0.0173791 0.0242637 0.0320922 0.0404006 0.0484479 0.0553676 0.0604684 0.0634536 0.0644116 0.0636567 0.0615781 0.0585645 0.054971 0.0510993 0.047183 0.0433765 0.0397343 0.0361862 0.0325391 0.0285473 0.0240555 0.0191422 0.0141578
 0.00742047 0.0119655 0.0178476 0.0249704 0.0330942 0.0417307 0.0500936 0.0572611 0.0624938 0.0654673 0.0662668 0.0652236 0.0627578 0.059294 0.0552202 0.0508599 0.0464577 0.0421728 0.0380708 0.034112 0.0301571 0.026026 0.0216102 0.0169858 0.0124408
 0.00769232 0.0123892 0.0184526 0.0257759 0.0341112 0.042963 0.0515332 0.0588793 0.0642324 0.0672366 0.0679516 0.0666978 0.063904 0.0600213 0.0554737 0.0506203 0.0457315 0.0409832 0.0364553 0.0321317 0.0279143 0.023674 0.0193404 0.014987 0.010848
 0.00779271 0.0125628 0.0187328 0.0261992 0.0347088 0.043748 0.0524913 0.0599697 0.0654017 0.0684341 0.0691348 0.0678235 0.0649148 0.0608412 0.0560174 0.0508102 0.0455136 0.0403351 0.0353895 0.0306983 0.0262064 0.0218295 0.0175272 0.0133702 0.00954724
 0.00811187 0.0130691 0.0194713 0.0272022 0.0359893 0.0452888 0.0542324 0.0618042 0.0671876 0.0700227 0.0704024 0.0686945 0.0653678 0.0608967 0.0557138 0.0501814 0.0445789 0.0391044 0.0338785 0.0289468 0.0242924 0.0198715 0.0156702 0.0117536 0.0082676
 0.00835003 0.013461 0.0200691 0.028056 0.0371348 0.0467292 0.0559207 0.0636381 0.0690244 0.0717065 0.0717923 0.0696838 0.0658951 0.0609496 0.0553236 0.0494078 0.0434894 0.0377584 0.0323253 0.027237 0.0224946 0.0180816 0.0140043 0.0103223 0.00714494
 0.0085052 0.0137028 0.020415 0.0285194 0.0377277 0.0474644 0.0568085 0.0646763 0.0701862 0.0729324 0.0729906 0.070744 0.0667088 0.0614317 0.0554277 0.0491296 0.0428601 0.0368315 0.0311639 0.0259094 0.0210771 0.0166634 0.0126828 0.00918691 0.00625463
 0.00861341 0.013869 0.0206469 0.0288182 0.0380886 0.0478795 0.0572691 0.0651764 0.070725 0.0735137 0.0736156 0.0713973 0.0673479 0.0619872 0.0558177 0.0492817 0.0427308 0.0364147 0.0304887 0.025032 0.0200731 0.0156205 0.0116914 0.00832599 0.00557545
 0.00850208 0.0137156 0.0204673 0.0286441 0.0379595 0.0478284 0.0573125 0.065313 0.0709445 0.0738074 0.0739821 0.0718395 0.0678619 0.0625496 0.0563788 0.04977 0.0430693 0.0365419 0.0303765 0.0246922 0.0195546 0.0149981 0.0110496 0.00774116 0.00510035
 0.00854223 0.013769 0.020527 0.0286995 0.0380034 0.0478658 0.0573641 0.0654086 0.0711074 0.0740398 0.0742628 0.0721352 0.0681444 0.062805 0.056603 0.0499553 0.0431938 0.036571 0.0302761 0.0244463 0.0191771 0.0145325 0.010558 0.0072858 0.00472664
 0.00861031 0.0138659 0.0206466 0.0288261 0.0381146 0.0479387 0.0573828 0.0653711 0.0710296 0.0739543 0.0742092 0.0721457 0.0682307 0.0629564 0.0567933 0.0501536 0.0433692 0.0366934 0.0303167 0.0243843 0.0190092 0.0142789 0.0102589 0.00698885 0.00447151
 0.00853811 0.0137638 0.0205208 0.0286907 0.0379859 0.0478271 0.0572876 0.0652822 0.0709364 0.0738562 0.0741217 0.0720977 0.0682539 0.0630715 0.0569999 0.0504288 0.0436744 0.0369838 0.0305508 0.0245315 0.0190556 0.0142312 0.0101429 0.00684096 0.00432691
 0.00857325 0.0137998 0.0205371 0.028658 0.0378773 0.0476335 0.0570284 0.0650011 0.0706836 0.073668 0.0740103 0.0720567 0.0682728 0.063146 0.0571323 0.0506192 0.0439117 0.0372429 0.0307971 0.0247305 0.019183 0.0142803 0.0101251 0.00678058 0.00425135
 0.00864279 0.0138911 0.0206333 0.0287274 0.0378788 0.0475284 0.0567929 0.0646375 0.0702259 0.0731782 0.0735652 0.0717265 0.0681006 0.0631399 0.0572716 0.0508689 0.0442335 0.0375991 0.0311506 0.0250464 0.0194335 0.014451 0.0102183 0.0068127 0.00424577
 0.00852056 0.0137241 0.0204394 0.0285396 0.0377317 0.0474384 0.0567449 0.0645889 0.0701265 0.0729975 0.0733102 0.0714419 0.0678523 0.0629905 0.0572599 0.0510004 0.0444847 0.0379286 0.0315115 0.0253944 0.0197336 0.0146813 0.0103731 0.00690086 0.00428522
 0.0085087 0.0137042 0.0204095 0.0285014 0.0376943 0.0474207 0.0567733 0.0646849 0.0702898 0.0731939 0.0734771 0.0715141 0.0677938 0.0628131 0.057017 0.0507623 0.0443094 0.0378449 0.0315161 0.0254621 0.0198305 0.0147769 0.0104476 0.0069473 0.00430707
 0.00850284 0.0136742 0.0203273 0.0283302 0.0374006 0.0469931 0.0562383 0.0641097 0.0697675 0.0728151 0.073301 0.0715495 0.0679996 0.0631186 0.0573523 0.0510837 0.0446059 0.0381264 0.0317945 0.0257377 0.0200902 0.0150024 0.0106245 0.00707109 0.00438358
 0.00862652 0.013862 0.0205833 0.0286445 0.0377457 0.0473227 0.056491 0.0642221 0.0696961 0.072559 0.0729093 0.0711062 0.067591 0.0628026 0.0571452 0.0509682 0.0445525 0.0381121 0.031809 0.025778 0.0201518 0.0150749 0.0106947 0.00712839 0.00442327
 0.00875498 0.0140615 0.0208659 0.0290133 0.038193 0.0478268 0.057012 0.0647015 0.0700635 0.0727482 0.0728782 0.0708533 0.0671605 0.0622719 0.0566002 0.0504772 0.0441519 0.0378086 0.0315924 0.0256331 0.020064 0.0150304 0.0106793 0.00712878 0.00442927
 0.00885184 0.0141975 0.0210313 0.0291869 0.0383497 0.0479489 0.0570972 0.0647615 0.0701142 0.0727965 0.0729148 0.0708552 0.0671026 0.0621421 0.056409 0.0502553 0.0439383 0.0376345 0.0314728 0.0255667 0.0200399 0.0150343 0.0106978 0.00715151 0.00444946
 0.00893647 0.0143278 0.0212126 0.0294165 0.0386144 0.0482236 0.0573468 0.064948 0.0702096 0.0727946 0.0728333 0.0707243 0.0669486 0.061977 0.0562322 0.050065 0.0437404 0.0374451 0.0313107 0.0254452 0.019962 0.0149938 0.0106837 0.00715221 0.00445606
 0.00902733 0.0144818 0.0214552 0.0297728 0.0391003 0.048833 0.0580405 0.0656531 0.0708334 0.0732487 0.0730575 0.0707007 0.0667015 0.0615599 0.0557092 0.0494945 0.0431682 0.0369052 0.0308287 0.02504 0.0196435 0.0147614 0.0105271 0.00705518 0.00440102
 0.00901982 0.0144748 0.0214554 0.0297923 0.0391573 0.04895 0.0582396 0.0659475 0.0712168 0.0736879 0.0734932 0.0710617 0.0669257 0.0616135 0.0555945 0.0492441 0.0428306 0.0365304 0.0304593 0.0247073 0.019367 0.0145495 0.0103778 0.00695913 0.00434476
 0.00898861 0.0144161 0.0213529 0.0296288 0.0389216 0.048648 0.0579027 0.0656322 0.0709917 0.0736127 0.0735986 0.0713367 0.0673196 0.0620503 0.0559961 0.0495522 0.0430199 0.0366072 0.030451 0.0246486 0.0192894 0.0144754 0.0103192 0.00691924 0.00432113
 0.008841 0.0142032 0.0210819 0.0293216 0.0386061 0.0483455 0.0576214 0.0653713 0.0707549 0.0734205 0.0734888 0.0713522 0.0674869 0.0623632 0.0564119 0.0500051 0.0434421 0.0369496 0.0306934 0.0247972 0.0193667 0.0145076 0.0103284 0.00691962 0.00431977
 0.00865251 0.0139125 0.0206754 0.0288008 0.0379918 0.0476795 0.0569654 0.0647975 0.0703281 0.073179 0.0734381 0.0714745 0.067758 0.0627617 0.0569159 0.0505817 0.044044 0.0375222 0.0311893 0.025189 0.0196504 0.0146974 0.0104469 0.00698944 0.004359
 0.00849226 0.013658 0.0203042 0.0282979 0.0373546 0.0469252 0.0561379 0.063969 0.0695886 0.0726168 0.0731185 0.0714258 0.0679694 0.0631929 0.0575117 0.0512837 0.0447953 0.0382679 0.0318783 0.0257803 0.0201205 0.0150433 0.0106827 0.00713865 0.00444677
 0.00844293 0.0135718 0.0201631 0.028081 0.0370418 0.0465047 0.0556136 0.0633655 0.068951 0.0720052 0.0726001 0.0710636 0.0678103 0.0632572 0.0577887 0.0517361 0.0453684 0.0389001 0.0325099 0.0263597 0.0206104 0.0154249 0.0109561 0.00731852 0.00455538
 0.0082526 0.0132781 0.0197503 0.0275447 0.0363889 0.0457528 0.0547929 0.0625202 0.068138 0.0712884 0.072042 0.0707179 0.0677155 0.0634301 0.0582207 0.0523912 0.0461874 0.0398085 0.033429 0.0272181 0.0213533 0.0160204 0.011397 0.00761898 0.00474307
 0.00823945 0.013249 0.0196922 0.0274407 0.0362219 0.0455116 0.0544769 0.0621404 0.0677129 0.0708398 0.071594 0.0702999 0.0673648 0.0631903 0.0581331 0.0524831 0.0464612 0.0402378 0.0339623 0.0277905 0.0219009 0.0164934 0.0117677 0.00788281 0.00491343
 0.00824174 0.0132519 0.0196944 0.0274386 0.0362085 0.045475 0.0544014 0.0620097 0.0675162 0.0705769 0.0712781 0.0699551 0.0670223 0.0628854 0.0579033 0.0523639 0.0464788 0.0403997 0.0342513 0.028166 0.0223083 0.0168788 0.0120914 0.00812597 0.00507727
 0.00825645 0.0132687 0.0197068 0.0274364 0.0361806 0.0454141 0.0543063 0.0618851 0.0673682 0.0704098 0.071093 0.0697534 0.0668105 0.0626781 0.0577227 0.0522376 0.0464339 0.0404558 0.0344124 0.0284154 0.022611 0.0171905 0.0123714 0.00834813 0.00523388
 0.00830976 0.0133533 0.0198294 0.0276 0.0363815 0.0456386 0.0545296 0.0620738 0.067489 0.0704388 0.071022 0.069589 0.0665695 0.0623833 0.0574016 0.051922 0.0461581 0.0402518 0.0343023 0.0284047 0.0226855 0.0173202 0.0125202 0.0084852 0.00534084
 0.00827252 0.0133031 0.0197732 0.0275511 0.0363565 0.0456521 0.0545883 0.0621735 0.0676146 0.0705669 0.0711261 0.069646 0.0665654 0.0623164 0.0572819 0.0517686 0.0459967 0.0401105 0.0342066 0.0283709 0.0227151 0.0173994 0.0126251 0.00859064 0.00542865
 0.00823314 0.0132323 0.0196551 0.0273695 0.0361025 0.0453332 0.0542358 0.0618388 0.0673547 0.0704253 0.0711178 0.0697557 0.0667564 0.062544 0.0575069 0.0519658 0.0461574 0.0402408 0.0343213 0.0284859 0.0228401 0.0175339 0.0127591 0.00871063 0.00552395
 0.00821148 0.0131988 0.0196071 0.0273039 0.0360137 0.0452127 0.0540739 0.0616314 0.0671111 0.0701731 0.0708992 0.0696138 0.0667181 0.0626104 0.0576542 0.052157 0.0463572 0.0404258 0.0344835 0.0286287 0.0229709 0.0176572 0.0128735 0.00881032 0.00560304
 0.00817582 0.0131513 0.019555 0.0272597 0.0359914 0.0452208 0.0541093 0.0616782 0.0671448 0.0701693 0.0708443 0.0695124 0.0665936 0.0624963 0.0575799 0.0521365 0.0463858 0.0404869 0.0345589 0.0287064 0.0230462 0.0177294 0.0129419 0.00887194 0.00565397
 0.00817968 0.0131518 0.0195458 0.0272333 0.0359428 0.0451532 0.0540367 0.061621 0.0671208 0.0701828 0.0708822 0.0695503 0.0666087 0.0624794 0.0575394 0.0520924 0.0463583 0.040487 0.0345861 0.0287523 0.0231013 0.0177864 0.0129959 0.0089196 0.00569278
 0.00825083 0.013254 0.0196743 0.0273739 0.0360751 0.0452556 0.0540923 0.0616225 0.0670724 0.0700999 0.0707858 0.0694587 0.0665298 0.0624095 0.05747 0.0520188 0.0462842 0.0404224 0.0345406 0.0287303 0.0231006 0.0178008 0.0130184 0.00894416 0.00571507
 0.00813502 0.0130914 0.0194765 0.0271665 0.0358888 0.0451126 0.053997 0.0615621 0.0670274 0.0700572 0.0707465 0.0694366 0.0665426 0.0624687 0.0575744 0.0521555 0.0464358 0.0405739 0.0346838 0.028862 0.0232194 0.0179049 0.0131053 0.0090121 0.00576424
 0.00799942 0.0128931 0.0192203 0.0268738 0.0355949 0.0448597 0.0538254 0.0615006 0.0670837 0.0702118 0.0709572 0.0696534 0.0667274 0.0626066 0.0576722 0.0522305 0.0465034 0.0406421 0.0347535 0.028931 0.0232853 0.0179653 0.0131579 0.00905496 0.00579647
 0.00773129 0.0124556 0.0185615 0.0259521 0.0343965 0.0434227 0.0522579 0.0599758 0.0658032 0.0693504 0.0706152 0.0698376 0.0673625 0.0635676 0.0588215 0.0534475 0.0476983 0.0417561 0.0357506 0.0297905 0.0239968 0.0185277 0.0135792 0.00935145 0.00599062
 0.0077268 0.0124181 0.018448 0.025701 0.0339388 0.0427042 0.0512638 0.0587483 0.0644462 0.0680186 0.0694869 0.0690751 0.0670711 0.0637686 0.0594526 0.0543884 0.0488091 0.0429091 0.036849 0.0307707 0.0248234 0.0191874 0.0140753 0.00970063 0.0062188
 0.00787271 0.0126493 0.0187817 0.0261406 0.034463 0.0432547 0.0517405 0.0590228 0.0643978 0.0675809 0.068683 0.0680217 0.0659488 0.0627702 0.0587298 0.0540156 0.0487762 0.0431426 0.0372463 0.0312327 0.0252738 0.0195781 0.0143842 0.00992481 0.00636825
 0.00786225 0.0126454 0.0188005 0.0262061 0.0346015 0.0434844 0.0520585 0.059395 0.0647554 0.0678295 0.0687258 0.0677943 0.0654515 0.0620811 0.0579861 0.0533693 0.0483444 0.0429743 0.0373191 0.0314752 0.0255985 0.0199088 0.0146705 0.0101438 0.00651863
 0.00793386 0.012751 0.0189403 0.0263752 0.034795 0.0437024 0.052308 0.0596849 0.0650849 0.0681744 0.0690323 0.0679856 0.0654504 0.0618418 0.0575216 0.0527574 0.0477055 0.0424298 0.03695 0.031302 0.025588 0.0199997 0.0148008 0.0102689 0.00661601
 0.00805608 0.0129411 0.0192094 0.0267263 0.03522 0.0441807 0.0528064 0.0601623 0.0655021 0.0685047 0.0692626 0.0681078 0.0654491 0.0616913 0.0571984 0.0522631 0.0470837 0.0417629 0.0363347 0.030815 0.0252628 0.0198242 0.0147344 0.0102645 0.00663628
 0.0080122 0.0128872 0.0191605 0.0267074 0.0352595 0.0443001 0.0530109 0.0604375 0.0658191 0.0688286 0.0695618 0.0683585 0.0656346 0.0617967 0.0572065 0.0521573 0.0468599 0.0414425 0.0359669 0.030463 0.0249805 0.0196378 0.0146384 0.0102331 0.0066394
 0.00793187 0.0127664 0.0189982 0.0265118 0.0350498 0.0441058 0.0528696 0.0603878 0.0658888 0.0690231 0.0698589 0.0687144 0.0659978 0.0621208 0.0574568 0.0523108 0.0469053 0.0413827 0.0358229 0.0302732 0.0247904 0.0194844 0.0145389 0.0101841 0.00662513
 0.00782769 0.0125945 0.0187357 0.0261387 0.0345566 0.0435045 0.0522032 0.0597308 0.0653334 0.0686563 0.0697396 0.0688588 0.0663767 0.0626696 0.0580924 0.052951 0.047483 0.0418545 0.0361722 0.0305083 0.0249371 0.0195751 0.014601 0.0102332 0.00666609
 0.00762183 0.0122814 0.0183042 0.0255912 0.0339061 0.0427706 0.0514122 0.0589209 0.0645605 0.067994 0.0692698 0.0686545 0.0664814 0.0630816 0.0587616 0.0537899 0.0483883 0.04273 0.0369466 0.031143 0.0254249 0.0199313 0.0148513 0.0104039 0.00677885
 0.00722828 0.011687 0.0174948 0.0245854 0.0327513 0.0415341 0.0501735 0.0577654 0.0635705 0.0672372 0.068793 0.0684862 0.066637 0.0635631 0.059549 0.0548314 0.0495987 0.0440026 0.0381736 0.0322374 0.0263337 0.0206373 0.0153662 0.0107571 0.00700617
 0.00677685 0.0109926 0.0165249 0.0233405 0.031268 0.0398861 0.0484725 0.0561525 0.062193 0.0662158 0.0681974 0.0683311 0.0668979 0.0641964 0.0605052 0.0560557 0.0510228 0.0455383 0.0397167 0.0336819 0.0275925 0.0216576 0.0161349 0.0112945 0.00735403
#obs surv len freq
 nan nan nan nan nan nan nan nan nan nan nan nan nan nan nan nan nan nan nan nan nan nan nan nan nan
 0.00448599 0.00734781 0.011178 0.0159942 0.0216942 0.0279686 0.0342815 0.0400117 0.0446907 0.0481543 0.0505124 0.0520086 0.0529013 0.0534142 0.0537288 0.053984 0.0542628 0.0545557 0.0546945 0.0542865 0.0527246 0.0493567 0.0438064 0.0362864 0.02767
 0.0046109 0.0075544 0.0114951 0.0164496 0.0223077 0.0287414 0.0351856 0.0409874 0.0456553 0.0490196 0.051201 0.0524659 0.0531 0.053354 0.0534321 0.053488 0.0536108 0.0537901 0.0538541 0.053408 0.0518466 0.0485221 0.0430597 0.0356653 0.0271953
 0.00477849 0.00782606 0.0119027 0.0170227 0.0230689 0.0296975 0.0363176 0.042245 0.0469596 0.0502736 0.0523037 0.0533252 0.0536445 0.0535415 0.0532534 0.0529648 0.0527884 0.052728 0.0526186 0.052069 0.0504789 0.0472057 0.0418737 0.0346751 0.0264371
 0.00497031 0.00814164 0.0123844 0.0177118 0.0239971 0.0308732 0.0377134 0.0437937 0.0485647 0.0518276 0.0537031 0.0544777 0.0544706 0.0539772 0.0532564 0.0525208 0.0519151 0.0514743 0.0510599 0.050303 0.0486212 0.0453838 0.0402138 0.0332803 0.0253652
 0.00517137 0.00847167 0.0128872 0.0184311 0.0249685 0.0321122 0.0392013 0.0454711 0.050338 0.0535841 0.0553287 0.0558676 0.0555349 0.0546425 0.0534662 0.0522379 0.0511273 0.0502015 0.0493617 0.0482813 0.0464184 0.0431704 0.0381646 0.0315406 0.0240199
 0.00540536 0.00885364 0.0134651 0.0192508 0.0260654 0.0334979 0.0408497 0.0473134 0.0522716 0.0554921 0.0570961 0.0573913 0.056726 0.0554261 0.053781 0.0520367 0.050381 0.0489076 0.0475575 0.0460581 0.0439271 0.0406114 0.035756 0.0294719 0.0224074
 0.00564955 0.00925257 0.0140692 0.0201083 0.0272136 0.0349486 0.0425745 0.0492384 0.054288 0.0574766 0.0589309 0.0589741 0.0579725 0.056267 0.0541583 0.0519017 0.0496955 0.0476527 0.0457501 0.0437716 0.0413058 0.0378663 0.0331314 0.0271901 0.0206127
 0.00590242 0.00966618 0.0146964 0.0209998 0.0284083 0.0364585 0.0443685 0.0512369 0.0563745 0.05952 0.0608071 0.0605783 0.0592219 0.0570987 0.0545237 0.0517607 0.0490138 0.0464079 0.0439473 0.041468 0.0386331 0.0350321 0.0303899 0.0247825 0.0187033
 0.00614047 0.0100593 0.0152994 0.0218677 0.0295852 0.0379604 0.0461661 0.0532493 0.0584811 0.0615841 0.0626987 0.062188 0.0604649 0.0579135 0.0548672 0.0516017 0.0483277 0.0451777 0.0421769 0.0392058 0.035997 0.0322184 0.0276476 0.0223561 0.0167657
 0.00640045 0.0104826 0.0159379 0.0227702 0.0307893 0.0394774 0.0479659 0.055254 0.0605739 0.0636301 0.0645664 0.0637639 0.0616609 0.058668 0.0551419 0.0513745 0.0475857 0.0439156 0.0404057 0.0369732 0.0334127 0.0294647 0.0249603 0.019971 0.014854
 0.00660845 0.0108304 0.0164788 0.0235597 0.0318729 0.0408727 0.0496443 0.0571363 0.0625429 0.0655556 0.0663263 0.0652555 0.0628032 0.0594009 0.0554242 0.0511809 0.0469034 0.0427428 0.0387577 0.0348987 0.0310141 0.0269091 0.0224632 0.0177498 0.0130683
 0.00681916 0.0111717 0.0169909 0.0242804 0.0328326 0.0420846 0.0510929 0.0587697 0.0642759 0.0672814 0.0679321 0.066637 0.0638743 0.0600983 0.0557068 0.0510249 0.0462974 0.0416867 0.0372681 0.0330228 0.0288468 0.0246014 0.0202085 0.0157429 0.0114529
 0.00706507 0.0115723 0.0175946 0.0251307 0.0339574 0.0434807 0.0527122 0.0605182 0.0660315 0.0689215 0.0693555 0.0677706 0.0646697 0.0605248 0.0557464 0.0506693 0.0455463 0.0405476 0.0357621 0.0311964 0.026787 0.0224434 0.0181225 0.013899 0.00997513
 0.00727898 0.0119268 0.0181401 0.0259175 0.0350236 0.0448344 0.054314 0.0622755 0.0678127 0.0705834 0.0707713 0.0688481 0.0653566 0.0608045 0.055627 0.0501717 0.0446941 0.039365 0.0342789 0.02946 0.0248766 0.0204765 0.0162448 0.0122536 0.00866429
 0.00744908 0.0122073 0.0185698 0.0265357 0.0358632 0.0459101 0.0556088 0.0637339 0.0693446 0.0720777 0.0721124 0.0699317 0.0661028 0.0611663 0.0555916 0.0497544 0.0439274 0.038289 0.0329384 0.0279103 0.0231939 0.0187641 0.0146252 0.0108446 0.00754774
 0.00752087 0.0123277 0.0187586 0.0268154 0.036257 0.0464375 0.0562793 0.0645421 0.0702681 0.073076 0.0731281 0.0708929 0.066929 0.0617791 0.0559275 0.0497739 0.0436196 0.0376688 0.032042 0.0267929 0.0219306 0.0174502 0.0133677 0.00974335 0.00667179
 0.00760074 0.012447 0.0189191 0.0270137 0.0364879 0.0466995 0.0565777 0.0648888 0.0706765 0.0735553 0.0736762 0.0714907 0.0675384 0.0623437 0.05638 0.0500476 0.0436613 0.0374496 0.0315631 0.0260869 0.0210592 0.0164978 0.0124299 0.00890842 0.00600119
 0.00768442 0.0125788 0.0191089 0.0272659 0.0367987 0.0470541 0.05695 0.0652463 0.0709915 0.0738169 0.0738947 0.0716908 0.0677438 0.0625617 0.0565931 0.0502153 0.0437303 0.0373692 0.0313013 0.0256415 0.020462 0.0158105 0.011731 0.00827378 0.00548534
 0.00771541 0.0126255 0.0191726 0.027346 0.0368939 0.0471638 0.057074 0.0653839 0.0711392 0.0739685 0.0740443 0.0718368 0.0678911 0.0627189 0.0567637 0.0503886 0.0438771 0.0374474 0.0312684 0.0254714 0.0201573 0.0154052 0.0112817 0.00784294 0.00512255
 0.00777183 0.0127098 0.0192856 0.0274831 0.0370463 0.0473198 0.0572221 0.0655136 0.0712438 0.0740461 0.0740982 0.0718736 0.0679186 0.0627451 0.0567951 0.0504272 0.043916 0.0374678 0.0312424 0.0253724 0.0199726 0.0151454 0.0109796 0.0075421 0.00486191
 0.0078034 0.0127584 0.0193532 0.0275694 0.0371476 0.0474293 0.0573296 0.0656074 0.0713138 0.0740874 0.074113 0.0718705 0.0679088 0.0627389 0.0567992 0.0504434 0.0439405 0.0374897 0.0312446 0.0253351 0.0198818 0.0150006 0.010797 0.00734941 0.00468766
 0.00784586 0.0128221 0.0194392 0.027675 0.0372669 0.0475544 0.0574514 0.0657161 0.0713996 0.0741424 0.074133 0.0718567 0.0678681 0.062682 0.0567382 0.0503882 0.043896 0.0374542 0.0312097 0.025288 0.0198107 0.0149007 0.0106743 0.00721923 0.00456801
 0.00786989 0.0128593 0.0194917 0.0277429 0.0373481 0.0476442 0.0575423 0.0657989 0.0714656 0.0741857 0.0741518 0.0718527 0.0678454 0.0626456 0.0566938 0.0503418 0.0438528 0.0374165 0.0311753 0.0252508 0.0197631 0.0148378 0.0105975 0.00713636 0.00449019
 0.00790226 0.0129076 0.0195563 0.0278212 0.0374354 0.0477346 0.0576299 0.0658777 0.0715296 0.0742297 0.0741725 0.0718494 0.0678199 0.0626022 0.056638 0.0502798 0.04379 0.037357 0.0311207 0.0251996 0.0197117 0.014783 0.0105388 0.00707713 0.00443601
 0.00787605 0.0128677 0.0195012 0.0277516 0.0373538 0.0476457 0.05754 0.0657954 0.0714648 0.0741919 0.0741681 0.07188 0.0678814 0.0626857 0.0567326 0.050375 0.0438782 0.0374333 0.0311827 0.0252457 0.0197409 0.014795 0.0105353 0.0070623 0.00441575
 0.00788062 0.0128683 0.0194897 0.027717 0.0372859 0.0475401 0.057403 0.0656433 0.0713197 0.0740748 0.0740936 0.0718549 0.0679051 0.062752 0.0568309 0.0504925 0.0440015 0.0375511 0.0312864 0.0253303 0.0198038 0.0148362 0.0105572 0.00706906 0.00441293
 0.00789918 0.0128946 0.0195219 0.0277495 0.0373099 0.0475445 0.0573764 0.0655777 0.0712147 0.0739404 0.0739499 0.0717262 0.0678129 0.062709 0.0568387 0.0505436 0.0440827 0.0376474 0.0313838 0.025418 0.019875 0.014888 0.0105901 0.00708643 0.00441933
 0.00789205 0.0128821 0.0195012 0.0277177 0.037264 0.0474827 0.057299 0.0654869 0.0711141 0.0738349 0.0738461 0.0716334 0.0677432 0.0626745 0.0568482 0.0505988 0.0441771 0.037768 0.0315148 0.0255441 0.0199844 0.0149743 0.0106516 0.00712562 0.00444134
 0.00785554 0.0128253 0.0194206 0.0276118 0.0371342 0.0473335 0.0571384 0.0653266 0.0709677 0.0737146 0.0737608 0.0715873 0.0677368 0.0627066 0.0569174 0.0507027 0.0443116 0.037925 0.0316822 0.0257077 0.0201312 0.0150947 0.0107417 0.00718695 0.00447899
 0.00785678 0.0128199 0.0193991 0.0275615 0.0370428 0.0471956 0.0569598 0.065125 0.0707672 0.0735391 0.073628 0.0715066 0.0677099 0.06273 0.0569847 0.0508066 0.0444445 0.0380784 0.0318464 0.0258711 0.0202818 0.0152226 0.0108412 0.00725731 0.00452404
 0.00782382 0.0127692 0.0193277 0.0274677 0.0369253 0.0470525 0.0567901 0.0649308 0.0705576 0.073332 0.0734472 0.0713767 0.0676488 0.0627443 0.0570692 0.0509481 0.0446261 0.0382832 0.0320588 0.026077 0.0204688 0.0153809 0.0109652 0.00734644 0.0045824
 0.00780021 0.0127269 0.0192571 0.0273584 0.0367697 0.0468504 0.0565525 0.0646784 0.0703153 0.0731213 0.073283 0.0712677 0.0676011 0.0627622 0.0571537 0.0510943 0.044822 0.0385118 0.0323007 0.0263137 0.0206844 0.0155639 0.0111091 0.00745076 0.00465152
 0.00774733 0.012645 0.0191413 0.0272063 0.0365813 0.0466281 0.0563019 0.0644107 0.0700483 0.072878 0.0730877 0.0711406 0.0675538 0.062797 0.057265 0.0512715 0.045051 0.0387757 0.0325801 0.0265885 0.0209362 0.0157784 0.0112785 0.00757403 0.00473365
 0.00774816 0.0126394 0.0191203 0.0271576 0.0364931 0.0464942 0.0561259 0.0642058 0.0698327 0.0726699 0.072902 0.0709894 0.0674483 0.062747 0.0572774 0.0513474 0.0451852 0.0389566 0.0327915 0.0268114 0.0211513 0.0159692 0.011434 0.00768993 0.00481239
 0.00770545 0.0125752 0.019033 0.0270484 0.0363638 0.046346 0.0559585 0.0640201 0.0696344 0.0724716 0.0727218 0.070847 0.0673592 0.0627201 0.0573148 0.0514462 0.0453386 0.0391538 0.0330179 0.0270492 0.0213815 0.0161747 0.0116027 0.00781676 0.00489924
 0.00768786 0.012541 0.0189718 0.0269481 0.0362153 0.0461487 0.0557247 0.063773 0.0694008 0.0722728 0.0725694 0.0707444 0.0673069 0.062719 0.0573662 0.0515501 0.0454911 0.0393469 0.0332392 0.0272827 0.0216096 0.0163807 0.0117738 0.00794684 0.00498927
 0.00765745 0.0124975 0.0189167 0.0268851 0.0361476 0.0460753 0.0556392 0.0636668 0.0692694 0.0721212 0.072413 0.0706033 0.0671993 0.0626563 0.0573531 0.0515866 0.0455747 0.0394724 0.0333979 0.0274621 0.0217941 0.016554 0.0119225 0.00806292 0.0050714
 0.00764777 0.0124787 0.0188831 0.0268307 0.0360685 0.0459733 0.0555231 0.0635502 0.0691643 0.0720329 0.072339 0.0705384 0.067142 0.0626114 0.0573299 0.0515945 0.0456194 0.0395545 0.0335128 0.0276005 0.0219431 0.0166993 0.012051 0.00816586 0.00514581
 0.00762284 0.0124414 0.0188328 0.0267683 0.0359955 0.0458904 0.0554304 0.0634487 0.0690586 0.0719315 0.0722524 0.0704753 0.0671054 0.0625998 0.0573403 0.0516255 0.0456725 0.0396316 0.0336137 0.0277206 0.0220734 0.016828 0.0121666 0.00825981 0.00521471
 0.00758322 0.0123802 0.0187469 0.0266576 0.0358633 0.0457439 0.0552804 0.0633081 0.0689394 0.0718419 0.0721956 0.0704506 0.0671108 0.0626327 0.0573977 0.0517036 0.0457676 0.0397409 0.0337348 0.0278501 0.0222055 0.0169545 0.0122786 0.00835052 0.00528133
 0.00760368 0.012407 0.0187754 0.0266793 0.0358685 0.0457252 0.0552359 0.063242 0.0688599 0.0717586 0.0721165 0.0703811 0.0670538 0.0625901 0.0573707 0.0516939 0.0457763 0.0397684 0.0337803 0.0279111 0.0222775 0.0170308 0.0123514 0.00841308 0.00532949
 0.00756731 0.0123576 0.0187185 0.0266253 0.035828 0.0457034 0.0552288 0.0632378 0.0688456 0.0717269 0.0720695 0.0703283 0.0670069 0.0625582 0.0573581 0.051701 0.0458015 0.0398095 0.033835 0.0279765 0.0223493 0.0171036 0.0124192 0.00847058 0.00537353
 0.00755148 0.0123265 0.0186626 0.0265344 0.0356966 0.0455367 0.0550461 0.0630687 0.0687188 0.0716585 0.0720576 0.0703583 0.0670611 0.0626241 0.057431 0.0517804 0.045888 0.0399027 0.0339327 0.0280755 0.0224457 0.0171928 0.0124968 0.00853322 0.0054199
 0.0075178 0.012275 0.0185906 0.0264409 0.0355806 0.0453973 0.0548833 0.0628872 0.0685316 0.0714876 0.0719291 0.0702931 0.0670671 0.062694 0.0575471 0.0519234 0.0460425 0.0400588 0.0340843 0.0282184 0.0225758 0.0173064 0.0125906 0.00860576 0.00547175
 0.00752654 0.0122861 0.0186017 0.0264477 0.0355785 0.0453821 0.0548526 0.0628399 0.0684671 0.0714057 0.071833 0.0701913 0.066974 0.0626257 0.0575155 0.0519314 0.0460846 0.0401248 0.0341639 0.0283028 0.0226586 0.0173825 0.012656 0.00865788 0.00550994
 0.00750169 0.0122506 0.0185571 0.0263982 0.0355291 0.0453363 0.0548108 0.0627996 0.0684252 0.0713606 0.071785 0.0701429 0.0669296 0.0625913 0.0574985 0.0519387 0.0461196 0.0401858 0.034244 0.0283927 0.0227488 0.0174653 0.0127263 0.00871289 0.00554949
 0.00751236 0.0122635 0.0185686 0.0264029 0.0355219 0.0453155 0.05478 0.0627662 0.0683965 0.0713393 0.0717684 0.070125 0.0669051 0.0625591 0.0574626 0.0519069 0.0461005 0.0401855 0.0342645 0.028431 0.0227983 0.017518 0.0127752 0.00875341 0.00557969
 0.00748542 0.0122253 0.0185213 0.0263513 0.0354715 0.0452695 0.0547378 0.062725 0.0683544 0.0712988 0.0717356 0.0701064 0.0669036 0.0625726 0.0574859 0.0519355 0.0461328 0.0402232 0.0343096 0.0284839 0.0228565 0.0175765 0.0128284 0.0087971 0.00561201
 0.0074921 0.0122328 0.0185268 0.0263508 0.0354616 0.0452503 0.0547134 0.0627023 0.068339 0.0712915 0.0717325 0.0701019 0.0668943 0.062559 0.0574712 0.0519228 0.0461246 0.040221 0.0343152 0.0284982 0.0228789 0.0176045 0.0128579 0.00882399 0.00563347
 0.0074921 0.0122328 0.0185268 0.0263508 0.0354616 0.0452503 0.0547134 0.0627023 0.068339 0.0712915 0.0717325 0.0701019 0.0668943 0.062559 0.0574712 0.0519228 0.0461246 0.040221 0.0343152 0.0284982 0.0228789 0.0176045 0.0128579 0.00882399 0.00563347
 0.0072114 0.011789 0.0178838 0.0254881 0.0343842 0.0439999 0.0533788 0.0614156 0.067252 0.0705389 0.0713982 0.0702033 0.0673869 0.0633551 0.0584639 0.0530077 0.0472145 0.0412513 0.0352432 0.0292993 0.0235418 0.0181284 0.0132504 0.00910012 0.0058141
 0.00720729 0.011748 0.0177588 0.0252148 0.0338976 0.0432614 0.052401 0.0602702 0.0660576 0.069435 0.0705173 0.0696487 0.0672165 0.0635729 0.0590219 0.0538195 0.0481753 0.0422592 0.0362138 0.0301726 0.024282 0.0187203 0.0136959 0.00941367 0.00601888
 0.00730377 0.0119129 0.0180183 0.0255878 0.0343791 0.0438025 0.0528996 0.0605886 0.0660679 0.0690725 0.0698132 0.0687224 0.0662356 0.0627028 0.0583846 0.0534725 0.0481114 0.0424228 0.0365248 0.0305495 0.0246585 0.0190523 0.0139609 0.00960721 0.00614835
 0.00726572 0.0118663 0.0179774 0.025578 0.0344329 0.0439503 0.0531557 0.0609364 0.0664502 0.0693953 0.069969 0.0686307 0.0658816 0.0621507 0.0577575 0.0529077 0.0477149 0.0422419 0.0365466 0.0307194 0.0249061 0.0193138 0.0141923 0.00978671 0.00627276
 0.00728361 0.011892 0.0180107 0.0256188 0.0344842 0.0440218 0.0532649 0.0611039 0.0666888 0.069695 0.0702869 0.0688935 0.0660055 0.0620748 0.0574745 0.0524738 0.0472311 0.0418151 0.0362517 0.0305802 0.0248999 0.0193922 0.0143044 0.00989491 0.00635749
 0.00725835 0.0118571 0.0179694 0.0255777 0.034451 0.0440028 0.0532638 0.0611242 0.0667368 0.0697817 0.0704219 0.0690739 0.0662053 0.0622448 0.0575583 0.0524346 0.0470728 0.0415849 0.0360196 0.0304074 0.0248159 0.0193909 0.0143566 0.00996655 0.00642364
 0.00725168 0.0118463 0.0179533 0.0255561 0.0344256 0.0439781 0.0532471 0.0611238 0.0667594 0.0698302 0.0704958 0.0691706 0.0663197 0.0623654 0.0576633 0.0524945 0.047063 0.0415008 0.0358836 0.0302608 0.0246994 0.0193265 0.0143428 0.00998626 0.00645608
 0.00715532 0.0116931 0.0177299 0.0252541 0.0340454 0.0435337 0.0527702 0.0606629 0.0663717 0.0695672 0.0703913 0.069234 0.0665366 0.0627035 0.0580781 0.0529363 0.0474835 0.0418623 0.0361675 0.0304704 0.0248539 0.0194483 0.0144466 0.0100757 0.00652857
 0.00707427 0.0115535 0.017506 0.0249187 0.033578 0.0429326 0.0520634 0.0599105 0.0656549 0.0689708 0.0699858 0.0690636 0.0666145 0.0630116 0.0585723 0.0535545 0.0481565 0.0425249 0.0367685 0.0309796 0.0252624 0.0197636 0.0146831 0.0102479 0.00664855
 0.00700535 0.0114378 0.0173246 0.0246506 0.0332034 0.0424389 0.0514531 0.0592074 0.0649066 0.0682444 0.0693595 0.0686132 0.0663991 0.0630609 0.0588804 0.0540814 0.0488365 0.0432798 0.0375219 0.0316696 0.0258494 0.0202313 0.0150342 0.0104966 0.00681419
 0.0069153 0.0112925 0.0171079 0.024348 0.0328045 0.0419411 0.050866 0.0585546 0.0642237 0.0675753 0.068753 0.0681217 0.0660753 0.062951 0.0590132 0.0544577 0.0494243 0.0440177 0.0383306 0.0324681 0.0265705 0.0208315 0.0154967 0.010827 0.00703279
 0.0068748 0.0112222 0.0169938 0.024174 0.0325556 0.0416087 0.0504524 0.0580749 0.0637028 0.067043 0.0682402 0.0676608 0.0657016 0.0627033 0.0589302 0.054569 0.0497392 0.0445159 0.0389618 0.0331608 0.0272486 0.0214318 0.0159803 0.0111827 0.00727183
#pred catch len freq
 0.00434643 0.00687514 0.010025 0.01372 0.0179169 0.0225869 0.0276456 0.0329141 0.0381505 0.04311 0.0475858 0.0514295 0.054563 0.0569751 0.0586988 0.0597812 0.0602618 0.0601545 0.0594092 0.0578513 0.0551451 0.0508709 0.0447572 0.036972 0.0282538
 0.00455283 0.00713619 0.010284 0.0138879 0.0179092 0.0223743 0.0272854 0.0325342 0.0378861 0.0430313 0.0476616 0.051549 0.0545991 0.0568531 0.0584351 0.0594776 0.0600593 0.0601655 0.0596598 0.0582623 0.0555669 0.0511553 0.0448256 0.0368409 0.0280076
 0.0047466 0.00744868 0.0107438 0.014505 0.0186557 0.0231673 0.0279891 0.0329972 0.0380093 0.0428237 0.0472392 0.0510675 0.0541663 0.0564849 0.0580819 0.0590922 0.0596502 0.0597977 0.0594063 0.0581476 0.0555437 0.0511321 0.0447239 0.0366385 0.0277415
 0.00495055 0.00776972 0.0112095 0.0151391 0.0194788 0.0241917 0.0292015 0.0343333 0.0393366 0.0439552 0.0479882 0.0513212 0.0539323 0.0558741 0.0572421 0.0581425 0.0586613 0.0588134 0.0584685 0.0572943 0.0547906 0.050465 0.0441162 0.036079 0.0272454
 0.00518608 0.00813758 0.0117362 0.0158425 0.0203699 0.0252758 0.0304756 0.0357781 0.0409041 0.0455554 0.0494802 0.0525241 0.0546658 0.0560187 0.0567835 0.0571717 0.0573307 0.0572816 0.0568664 0.0557181 0.0533072 0.0491184 0.0429352 0.0350845 0.0264526
 0.00548487 0.00860158 0.0123951 0.0167126 0.0214559 0.0265733 0.0319685 0.0374331 0.0426674 0.0473511 0.05121 0.0540644 0.0558699 0.0567325 0.0568794 0.0565906 0.0561083 0.0555417 0.0547853 0.053482 0.0510824 0.0470403 0.0411063 0.0335733 0.02529
 0.00579268 0.00908313 0.0130858 0.0176355 0.0226223 0.0279817 0.0335996 0.0392442 0.0445902 0.0492973 0.0530776 0.0557438 0.0572458 0.0576846 0.057289 0.0563573 0.055179 0.0539399 0.0526223 0.0509425 0.0483909 0.044422 0.0387534 0.0316203 0.023799
 0.00613323 0.0096106 0.0138324 0.018618 0.0238456 0.0294423 0.0352828 0.0411161 0.0465907 0.0513384 0.0550497 0.0575266 0.0587199 0.0587392 0.0578239 0.056284 0.0544301 0.0524904 0.0505182 0.0483187 0.0454653 0.0414609 0.0360187 0.0293148 0.0220291
