SBPRF35
12.7214
Curr Bio
711852
B35
851719
F35
0.171078
FOFL
0.139962
OFL
81751
Bzero
3.63469e+006
#pred survey bio
 3.03083e+006 2.74476e+006 2.50399e+006 2.2571e+006 2.03807e+006 1.83441e+006 1.62254e+006 1.40631e+006 1.23166e+006 1.08374e+006 973059 882676 781869 711248 659828 621340 596155 568871 548362 538589 531318 523422 516987 517336 517673 523940 532860 539931 552227 559595 573797 587620 607341 620325 632990 636234 646208 654062 669134 689695 694156 689644 696616 705068 710476 711968 706013 721210 727241 736823 748595 755753 762858 767232 757707 743870 745167 722293 717063 2.48412e+007 1.52415e+007 1.59072e+007 1.71316e+007 1.86887e+007 2.03365e+007 2.19017e+007 2.32863e+007 2.44525e+007 2.54013e+007 2.61545e+007 2.67423e+007 2.71956e+007 2.75426e+007 2.78071e+007 2.80084e+007 2.81616e+007 2.82785e+007 2.83679e+007 2.84366e+007 2.84895e+007 2.85306e+007 2.85625e+007 2.85875e+007 2.86071e+007 2.86227e+007 2.86349e+007 2.86447e+007 2.86524e+007 2.86586e+007 2.86636e+007 2.86677e+007 2.86709e+007 2.86735e+007 2.86756e+007 2.86774e+007 2.86788e+007 2.86799e+007 2.86808e+007 2.86816e+007 2.86822e+007 2.86827e+007 2.86831e+007 2.86835e+007 2.86837e+007 2.8684e+007 2.86842e+007 2.86843e+007 2.86844e+007 2.86845e+007 2.86846e+007 2.86847e+007 2.86847e+007 2.86848e+007 2.86848e+007 2.86848e+007 2.86849e+007 2.86849e+007 2.86849e+007 2.86849e+007 2.86849e+007 2.86849e+007 2.86849e+007 2.8685e+007 2.8685e+007 2.8685e+007 2.8685e+007 2.8685e+007 2.8685e+007 2.8685e+007 2.8685e+007 2.8685e+007 2.8685e+007 2.8685e+007 2.8685e+007 2.8685e+007 2.8685e+007 2.8685e+007 2.8685e+007 2.8685e+007 2.8685e+007 2.8685e+007 2.8685e+007 2.8685e+007 2.8685e+007 2.8685e+007 2.8685e+007 2.8685e+007 2.8685e+007 2.8685e+007 2.8685e+007 2.8685e+007 2.8685e+007 2.8685e+007 2.8685e+007 2.8685e+007 2.8685e+007 2.8685e+007 2.8685e+007 2.8685e+007 0 0 0 0 0 0 0 0 0 0 0 0 0 0 0 0 0 0 0 0 0 0 0 0 0
#obs survey bio
 2.92559e+006 2.10943e+006 2.50117e+006 1.79868e+006 1.77605e+006 1.99436e+006 1.60505e+006 1.19097e+006 1.23266e+006 679831 894921 577995 1.0501e+006 560892 569825 737246 699648 440347 487992 434000 546588 415101 504997 450597 560211 489785 408470 541372 505263 712754 528247 555612 550706 582953 554170 680291 653816 828895 759677 877505 769946 562878 517278 569268 707872 826803 892847 549155 664255 748948 673576 1.15523e+006 688791 962249 740550 803784 727750 852940 433421
#pred catch bio
 298198 273125 295972 286762 287683 307203 319609 288081 267302 235535 217318 222542 190355 167928 151463 135780 134157 125752 115026 111802 110940 108146 101334 100557 95296.8 93930.8 96720.8 93617.3 99053.8 94398.3 95999.1 92680.6 99991.3 101175 109222 103190 104702 98422.4 94307.3 108167 115266 106100 106820 110838 114021 118952 100325 108682 106050 104508 108054 107201 108907 120039 122551 109221 129499 113711 115768 81751 100516 103788 110823 120571 131008 140846 149419 156497 162112 166438 169696 172106 173865 175135 176044 176690 177146 177468 177693 177850 177960 178036 178090 178126 178152 178169 178182 178190 178196 178200 178203 178204 178206 178207 178207 178208 178208 178208 178208 178208 178209 178209 178209 178209 178209 178209 178209 178209 178209 178209 178209 178209 178209 178209 178209 178209 178209 178209 178209 178209 178209 178209 178209 178209 178209 178209 178209 178209 178209 178209 178209 178209 178209 178209 178209 178209 178209 178209 178209 178209 178209 178209 178209 178209 178209 178209 178209 178209 178209 178209 178209 178209 178209 178209 178209 178209 178209 178209 178209 0 0 0 0 0 0 0 0 0 0 0 0 0 0 0 0 0 0 0 0 0 0 0 0 0
#obs catch bio
 237681 273474 296671 287245 288358 308296 320968 291637 271098 239751 219973 226912 192495 169616 152268 135904 133666 126451 115772 112746 111803 108852 101743 101095 95302 93841.2 97183 93872.3 99516.6 94902.9 96326.8 92871.7 100377 101708 109750 103446 104963 98289.8 93899.6 107426 114351 105453 106868 111373 114463 118581 99524.9 108236 105786 104222 107872 106649 108322 119288 121896 108169 128864 112846 115791
#pred cpue bio
 2.99266e+006 2.70785e+006 2.46725e+006 2.2207e+006 2.00213e+006 1.79888e+006 1.58783e+006 1.37277e+006 1.1992e+006 1.05251e+006 942886 853569 754515 685615 635725 598446 574081 547365 527224 517727 510755 503236 497121 497638 498167 504362 512934 519736 531759 538938 552926 566530 585828 598538 611063 614410 624399 632359 647363 667709 672169 667599 674079 682060 687410 689269 683733 698752 704615 714010 725782 733156 740395 744722 735286 721606 722807 700240 694959 2.40685e+007 1.47691e+007 1.53012e+007 1.64053e+007 1.79306e+007 1.95726e+007 2.1137e+007 2.25215e+007 2.36877e+007 2.46364e+007 2.53896e+007 2.59774e+007 2.64307e+007 2.67777e+007 2.70422e+007 2.72435e+007 2.73968e+007 2.75137e+007 2.76031e+007 2.76717e+007 2.77247e+007 2.77657e+007 2.77976e+007 2.78226e+007 2.78423e+007 2.78578e+007 2.787e+007 2.78798e+007 2.78876e+007 2.78938e+007 2.78988e+007 2.79028e+007 2.7906e+007 2.79087e+007 2.79108e+007 2.79125e+007 2.79139e+007 2.7915e+007 2.7916e+007 2.79167e+007 2.79174e+007 2.79179e+007 2.79183e+007 2.79186e+007 2.79189e+007 2.79191e+007 2.79193e+007 2.79194e+007 2.79196e+007 2.79197e+007 2.79197e+007 2.79198e+007 2.79199e+007 2.79199e+007 2.79199e+007 2.792e+007 2.792e+007 2.792e+007 2.792e+007 2.792e+007 2.79201e+007 2.79201e+007 2.79201e+007 2.79201e+007 2.79201e+007 2.79201e+007 2.79201e+007 2.79201e+007 2.79201e+007 2.79201e+007 2.79201e+007 2.79201e+007 2.79201e+007 2.79201e+007 2.79201e+007 2.79201e+007 2.79201e+007 2.79201e+007 2.79201e+007 2.79201e+007 2.79201e+007 2.79201e+007 2.79201e+007 2.79201e+007 2.79201e+007 2.79201e+007 2.79201e+007 2.79201e+007 2.79201e+007 2.79201e+007 2.79201e+007 2.79201e+007 2.79201e+007 2.79201e+007 2.79201e+007 2.79201e+007 2.79201e+007 2.79201e+007 2.79201e+007 2.79201e+007 0 0 0 0 0 0 0 0 0 0 0 0 0 0 0 0 0 0 0 0 0 0 0 0 0
#obs cpue bio
 2.94179e+006 2.53735e+006 2.86111e+006 2.61319e+006 2.07592e+006 1.57631e+006 1.59875e+006 800224 954897 1.01276e+006 1.1233e+006 873422 617177 768194 842746 579866 683369 401588 480737 512672 469569 619255 514798 510892 601032 574118 452382 517013 533471 332670 696606 567610 598538 491462 777807 573950 653284 649095 703057 802719 747033 702350 552839 583256 708627 1.20965e+006 717843 853093 663954 738017 804825 676528 859430 746450 784286 874296 714500 662333 690281
#pred surv len freq
 0.00480962 0.00787418 0.0119719 0.0171193 0.0232055 0.0298974 0.0366173 0.0426898 0.0475944 0.0511305 0.0533904 0.054615 0.0550663 0.0549684 0.0544964 0.0537838 0.0529367 0.0520327 0.051077 0.0499124 0.0481459 0.0452052 0.0405896 0.034221 0.0266493
 0.00524307 0.00851555 0.0128228 0.0181487 0.0243699 0.0311673 0.0379869 0.0441585 0.0491296 0.052639 0.0547241 0.0556144 0.0556191 0.0550508 0.0541732 0.0531699 0.0521398 0.0511041 0.049993 0.0485991 0.0465406 0.0433243 0.0385607 0.0322527 0.0249527
 0.00543775 0.00888187 0.0134615 0.0191718 0.02586 0.0331225 0.040285 0.0465754 0.051414 0.0545976 0.0562603 0.0567043 0.0562586 0.0552265 0.0538738 0.0524159 0.050993 0.0496452 0.048285 0.0466698 0.044405 0.0410328 0.0362358 0.0300771 0.0231095
 0.00572692 0.00932898 0.0140965 0.0200202 0.0269538 0.0345076 0.0420088 0.048651 0.0537742 0.0570724 0.0586027 0.0586586 0.0576345 0.055933 0.0539066 0.0518211 0.0498403 0.0480158 0.0462654 0.0443467 0.04187 0.0384006 0.0336596 0.0277371 0.0211677
 0.00600203 0.00977955 0.014779 0.0209852 0.0282318 0.0360917 0.0438447 0.0506469 0.0558298 0.0591042 0.0605414 0.0604211 0.0591001 0.0569538 0.0543475 0.0516015 0.04895 0.0465055 0.0442262 0.0418968 0.0391513 0.0355831 0.0309376 0.0253063 0.0191828
 0.00622657 0.0101545 0.015362 0.0218374 0.0294062 0.0376139 0.0456913 0.052735 0.0580273 0.0612582 0.0625119 0.0621032 0.0604242 0.0578665 0.0547895 0.0515033 0.0482503 0.0451796 0.0423075 0.0394828 0.0363996 0.0326987 0.0281509 0.0228348 0.0171848
 0.00651559 0.0106218 0.0160612 0.0228179 0.030706 0.0392465 0.0476303 0.0549047 0.0603073 0.0635001 0.0645617 0.0638225 0.0617078 0.0586502 0.055044 0.0512154 0.0474078 0.0437721 0.0403474 0.0370342 0.0335983 0.0297502 0.0253003 0.0203153 0.0151612
 0.00682007 0.0111281 0.0168432 0.0239494 0.032243 0.0412005 0.0499437 0.0574458 0.0628937 0.0659387 0.0666831 0.0654985 0.0628538 0.0592208 0.0550263 0.0506201 0.0462572 0.0420924 0.0381745 0.0344346 0.0306949 0.0267329 0.0224047 0.0177707 0.0131294
 0.0070731 0.011539 0.0174623 0.0248261 0.0334206 0.0427046 0.0517657 0.0595293 0.0651316 0.0681831 0.0687661 0.067258 0.0641576 0.059982 0.0552053 0.0502152 0.0452912 0.0406026 0.0362119 0.032076 0.0280611 0.0239982 0.0197817 0.0154666 0.0112911
 0.00731453 0.0119318 0.0180539 0.0256604 0.0345295 0.0440948 0.0534061 0.0613481 0.0670271 0.070043 0.0704814 0.0687274 0.0652881 0.0606926 0.0554351 0.049931 0.0444895 0.039307 0.0344715 0.0299696 0.0257071 0.0215585 0.0174477 0.0134213 0.00966284
 0.00749674 0.0122259 0.0184928 0.0262745 0.0353422 0.045115 0.0546193 0.0627109 0.0684711 0.0714851 0.0718366 0.0699174 0.0662444 0.0613558 0.0557537 0.049862 0.0440036 0.0383963 0.0331575 0.0283115 0.0238073 0.0195613 0.0155217 0.0117265 0.00831075
 0.00750211 0.0122686 0.0186195 0.0265492 0.0358295 0.0458553 0.0556061 0.0638872 0.0697453 0.0727571 0.0730182 0.070941 0.0670613 0.0619306 0.056058 0.0498706 0.0436938 0.037753 0.0321841 0.0270426 0.022319 0.0179709 0.0139719 0.0103538 0.00721156
 0.0075516 0.0123641 0.0187927 0.0268428 0.0362922 0.0465296 0.056513 0.0650106 0.0710235 0.0740859 0.0742683 0.0719869 0.0678108 0.0623407 0.0561304 0.0496325 0.0431772 0.0369835 0.0311835 0.0258428 0.0209768 0.0165745 0.0126318 0.00917811 0.00627602
 0.00760421 0.0124326 0.018866 0.0269046 0.0363322 0.0465581 0.0565702 0.0651616 0.0713369 0.0746045 0.0749857 0.0728405 0.0686955 0.0631368 0.0567347 0.0499785 0.0432386 0.0367651 0.0307095 0.0251513 0.0201233 0.0156352 0.0116979 0.00833902 0.00559733
 0.00767093 0.01253 0.0189911 0.0270451 0.0364671 0.0466617 0.0566195 0.0651474 0.0712761 0.0745458 0.0749998 0.0729941 0.0690193 0.0636056 0.0572712 0.0504787 0.0436042 0.0369277 0.0306406 0.0248604 0.0196515 0.0150477 0.011074 0.00775625 0.0051141
 0.00777056 0.0126751 0.0191778 0.0272579 0.0366817 0.0468507 0.0567571 0.0652132 0.0712592 0.0744506 0.0748521 0.0728419 0.0689223 0.0636152 0.0574068 0.050715 0.0438761 0.0371529 0.0307469 0.0248076 0.0194396 0.0147137 0.0106777 0.00736278 0.00477567
 0.00793453 0.0129117 0.0194776 0.0275917 0.0370067 0.0471221 0.0569385 0.0652829 0.0712117 0.0742974 0.0746201 0.0725699 0.0686563 0.063401 0.0572815 0.0506951 0.0439489 0.0372755 0.0308589 0.0248521 0.0193838 0.0145585 0.0104544 0.00711748 0.00455154
 0.00804796 0.0131087 0.0197948 0.0280641 0.0376512 0.0479157 0.0578045 0.0660984 0.0718423 0.0746409 0.0746379 0.0722902 0.0681552 0.0627756 0.056627 0.0500889 0.0434397 0.0368784 0.0305572 0.0246091 0.019161 0.0143321 0.0102226 0.00689592 0.00436102
 0.00809664 0.0131862 0.0199101 0.0282281 0.0378789 0.0482261 0.0582144 0.0666091 0.0724239 0.0752251 0.0751287 0.0725932 0.0682117 0.0625835 0.056238 0.0495862 0.0429101 0.0363886 0.0301422 0.0242731 0.0188879 0.014101 0.0100202 0.00672016 0.00421685
 0.00808092 0.0131591 0.0198669 0.0281649 0.0377953 0.0481298 0.058125 0.0665588 0.0724512 0.0753618 0.075383 0.0729374 0.0685835 0.0629044 0.0564424 0.0496455 0.0428384 0.03623 0.029948 0.0240818 0.0187182 0.0139557 0.00989537 0.00661341 0.0041292
 0.00802554 0.0130771 0.0197582 0.0280343 0.0376508 0.0479799 0.0579779 0.0664243 0.0723442 0.0753037 0.0753993 0.0730483 0.0687919 0.0631871 0.0567514 0.049923 0.043038 0.0363324 0.0299629 0.024037 0.0186437 0.0138734 0.00981741 0.00654515 0.00407325
 0.00803131 0.0130769 0.0197407 0.0279844 0.0375551 0.0478346 0.0577942 0.0662271 0.0721636 0.0751661 0.0753212 0.0730386 0.0688543 0.0633201 0.0569439 0.05015 0.0432637 0.0365209 0.0300908 0.0240999 0.0186536 0.0138498 0.00977844 0.00650385 0.004037
 0.0080352 0.0130828 0.0197482 0.027991 0.037555 0.0478173 0.0577462 0.0661368 0.0720287 0.074999 0.0751486 0.0728933 0.068765 0.0633034 0.0570017 0.0502708 0.0434251 0.0366938 0.0302462 0.024217 0.0187248 0.0138801 0.00978021 0.00649059 0.00401922
 0.00798357 0.0129995 0.0196243 0.0278199 0.0373349 0.0475548 0.0574583 0.0658491 0.0717696 0.0747923 0.0750096 0.0728303 0.0687818 0.0634009 0.057176 0.0505105 0.04371 0.0369967 0.0305375 0.0244707 0.018924 0.0140201 0.00986737 0.00653776 0.00404057
 0.00805227 0.0130866 0.0197102 0.0278711 0.0373136 0.0474334 0.0572322 0.06554 0.0714185 0.074447 0.074713 0.0726126 0.0686587 0.0633751 0.0572412 0.050654 0.0439145 0.03724 0.0307938 0.0247139 0.0191325 0.0141813 0.00997921 0.00660691 0.00407831
 0.00816095 0.0132432 0.0199071 0.0280854 0.0375084 0.0475648 0.0572575 0.0654283 0.0711623 0.07407 0.0742693 0.0721728 0.068289 0.0631205 0.057118 0.0506547 0.0440162 0.0374128 0.0310061 0.0249354 0.0193375 0.0143515 0.0101064 0.00669218 0.00412939
 0.00811806 0.0131973 0.019881 0.0281116 0.0376164 0.0477625 0.0575172 0.065689 0.0713492 0.0741222 0.074162 0.0719245 0.0679533 0.0627669 0.0568118 0.0504403 0.0439108 0.0374092 0.0310807 0.0250572 0.0194759 0.0144819 0.0102131 0.00676927 0.00417878
 0.00809449 0.0131556 0.0198137 0.0280144 0.0374946 0.0476374 0.0574267 0.0656755 0.0714375 0.0743001 0.0743775 0.0721061 0.0680426 0.0627431 0.0566967 0.0502837 0.0437668 0.0373168 0.0310548 0.0250907 0.0195483 0.0145691 0.0102952 0.00683462 0.00422393
 0.00805537 0.0130896 0.0197099 0.0278612 0.0372831 0.0473667 0.0571105 0.0653463 0.0711446 0.0740983 0.0743094 0.0721835 0.0682384 0.0630011 0.0569555 0.0505016 0.0439335 0.0374473 0.0311724 0.0252117 0.0196753 0.0146937 0.0104053 0.00692124 0.00428455
 0.00798216 0.0129879 0.0195883 0.0277371 0.0371756 0.0472866 0.0570538 0.0652959 0.0710811 0.0740135 0.0742138 0.0721044 0.0682064 0.0630346 0.0570502 0.0506334 0.0440724 0.0375722 0.0312776 0.0253032 0.0197606 0.0147753 0.0104799 0.00698339 0.00433068
 0.00795173 0.01292 0.019454 0.0275025 0.0368164 0.0468067 0.0564975 0.064742 0.0706166 0.0737021 0.0740784 0.0721311 0.0683637 0.06329 0.0573768 0.0510062 0.0444639 0.0379534 0.0316244 0.025601 0.0200056 0.01497 0.0106291 0.00709206 0.00440458
 0.00795475 0.0129222 0.0194506 0.0274837 0.0367646 0.046697 0.0563024 0.0644439 0.070223 0.0732554 0.0736492 0.0717955 0.068176 0.0632679 0.0575035 0.0512453 0.0447732 0.0382933 0.0319613 0.0259094 0.0202692 0.0151819 0.0107896 0.00720654 0.0044808
 0.00787797 0.0128054 0.0192899 0.0272809 0.0365265 0.0464332 0.0560232 0.0641583 0.0699376 0.0729757 0.0733854 0.0715686 0.0680192 0.0632172 0.0575835 0.0514569 0.0450924 0.0386798 0.03237 0.0263005 0.0206136 0.0154633 0.0110036 0.00735765 0.00457965
 0.00777755 0.0126586 0.0190998 0.0270609 0.0362972 0.0462154 0.055833 0.0640042 0.0698201 0.0728879 0.0733154 0.0715053 0.0679591 0.0631703 0.0575723 0.0515076 0.0452223 0.0388877 0.0326355 0.0265911 0.0208954 0.0157096 0.0111994 0.00750001 0.00467425
 0.00767977 0.0125017 0.0188687 0.0267462 0.0359007 0.0457569 0.0553539 0.0635622 0.0694742 0.072679 0.0732535 0.0715707 0.0681146 0.0633778 0.0578052 0.0517558 0.0454885 0.0391778 0.0329487 0.0269146 0.0212072 0.0159863 0.011424 0.00766609 0.00478594
 0.00763681 0.0124363 0.0187778 0.0266288 0.0357563 0.0455842 0.0551519 0.0633345 0.0692331 0.0724478 0.0730626 0.0714474 0.0680734 0.0634155 0.0579051 0.0518975 0.0456568 0.0393657 0.0331536 0.0271322 0.0214268 0.0161919 0.0116 0.00780257 0.00488136
 0.00754826 0.012294 0.0185675 0.0263402 0.0353871 0.0451453 0.0546714 0.0628549 0.068803 0.0721095 0.072844 0.0713613 0.0681202 0.0635855 0.0581787 0.0522466 0.0460497 0.0397727 0.0335519 0.0275058 0.0217637 0.0164819 0.0118349 0.00797909 0.00500293
 0.00752829 0.0122523 0.0184876 0.0262011 0.0351682 0.0448351 0.0542751 0.0623984 0.0683287 0.071668 0.0724835 0.0711191 0.0680173 0.0636255 0.0583501 0.0525263 0.0464072 0.0401744 0.0339653 0.027903 0.0221233 0.016789 0.0120812 0.00816283 0.00512915
 0.00749702 0.0121956 0.0183913 0.0260474 0.0349389 0.044517 0.0538668 0.0619148 0.0678024 0.0711459 0.0720203 0.0707677 0.0678189 0.0636013 0.0584983 0.0528251 0.0468201 0.0406581 0.0344757 0.0284 0.0225745 0.017172 0.0123845 0.00838596 0.0052804
 0.00741949 0.0120737 0.0182152 0.0258102 0.0346367 0.04415 0.0534411 0.061445 0.0673119 0.0706664 0.0715894 0.0704256 0.0676031 0.0635407 0.0586068 0.0530973 0.0472316 0.0411693 0.035038 0.028964 0.0230968 0.0176205 0.0127415 0.00864831 0.0054576
 0.00748838 0.0121738 0.0183433 0.0259548 0.0347799 0.0442708 0.0535182 0.061458 0.0672427 0.0705023 0.0713285 0.070082 0.06721 0.0631466 0.0582664 0.0528592 0.0471261 0.0412018 0.0351898 0.0291985 0.0233698 0.0178905 0.0129774 0.00883312 0.00558812
 0.00767397 0.0124566 0.0187328 0.0264449 0.0353476 0.0448772 0.0541093 0.061969 0.0676086 0.0706718 0.0712755 0.0698099 0.0667489 0.0625482 0.0575977 0.0521931 0.046531 0.0407288 0.0348639 0.0290166 0.023306 0.0179066 0.0130346 0.00890059 0.00564699
 0.007695 0.012505 0.0188314 0.0266215 0.0356265 0.0452647 0.0545834 0.0624786 0.0680859 0.0710506 0.0715063 0.0698664 0.0666275 0.0622653 0.0571871 0.0517036 0.0460205 0.0402557 0.0344756 0.0287395 0.0231417 0.0178358 0.0130268 0.00892506 0.00568025
 0.0075458 0.0122951 0.0185769 0.026361 0.0354138 0.0451553 0.0546199 0.0626798 0.0684404 0.0715154 0.0720129 0.0703358 0.0669891 0.0624731 0.0572269 0.0515917 0.0457966 0.0399733 0.03419 0.0284965 0.0229678 0.0177356 0.012987 0.00892384 0.00569659
 0.00734992 0.0119951 0.0181618 0.0258381 0.0348128 0.044531 0.0540512 0.0622598 0.0682532 0.0716084 0.0723777 0.0709085 0.0676696 0.0631532 0.0578161 0.0520338 0.0460755 0.0401075 0.0342212 0.0284735 0.022933 0.017715 0.0129888 0.00894282 0.00572245
 0.00730828 0.0119068 0.0179918 0.025544 0.0343589 0.0439097 0.053301 0.0614679 0.0675381 0.0710888 0.0721416 0.070992 0.06805 0.063756 0.0585353 0.0527589 0.0467174 0.0406151 0.034584 0.0287125 0.0230841 0.0178136 0.0130596 0.00899832 0.0057661
 0.00741524 0.0120617 0.0181877 0.0257573 0.0345492 0.0440243 0.0532839 0.0612747 0.067156 0.0705534 0.0715382 0.0704355 0.0676495 0.0635797 0.0585916 0.053 0.0470612 0.040975 0.0348949 0.028943 0.0232345 0.017903 0.0131114 0.00903054 0.00578852
 0.00741921 0.0120624 0.0181777 0.0257249 0.03448 0.0439033 0.0530982 0.0610153 0.0668201 0.0701484 0.0710887 0.069988 0.0672699 0.0633398 0.0585464 0.0531665 0.0474096 0.0414378 0.0353899 0.0293991 0.0236082 0.0181813 0.0133036 0.0091556 0.00586612
 0.00739943 0.0120447 0.018177 0.0257619 0.0345727 0.0440554 0.0532899 0.0612039 0.0669515 0.0701739 0.0709797 0.0697442 0.0669216 0.0629437 0.0581755 0.0528915 0.047278 0.0414586 0.0355329 0.02961 0.0238305 0.0183744 0.0134491 0.00925362 0.00592649
 0.00729006 0.0118802 0.0179555 0.0254933 0.03428 0.0437729 0.053059 0.061064 0.0669257 0.0702568 0.071134 0.0699134 0.0670518 0.0630048 0.0581713 0.0528564 0.047261 0.0415021 0.0356552 0.0297992 0.0240527 0.0185905 0.0136299 0.00938661 0.00601367
 0.00716225 0.0116775 0.0176608 0.0250968 0.0337841 0.0431988 0.0524522 0.0604926 0.0664675 0.0699785 0.0710707 0.070058 0.0673573 0.0634013 0.0585892 0.0532479 0.0476102 0.0418199 0.0359621 0.0301075 0.0243576 0.0188731 0.0138686 0.00956813 0.00613752
 0.00713398 0.0116197 0.017552 0.02491 0.0334936 0.0427915 0.0519381 0.0599094 0.0658761 0.0694512 0.0706771 0.0698501 0.0673581 0.0635979 0.0589364 0.0536829 0.0480725 0.0422676 0.0363764 0.0304852 0.0246987 0.0191729 0.0141179 0.00975969 0.00627121
 0.00718142 0.011682 0.0176175 0.0249561 0.0334897 0.0427051 0.0517431 0.0595935 0.0654479 0.0689438 0.0701477 0.0693705 0.0669988 0.0634103 0.0589396 0.0538603 0.0483795 0.0426477 0.036778 0.0308716 0.0250484 0.019474 0.0143636 0.00994712 0.00640277
 0.00717505 0.011684 0.0176423 0.0250215 0.0336081 0.0428718 0.0519276 0.0597425 0.0655011 0.068856 0.0699063 0.069002 0.0665625 0.0629825 0.0585937 0.0536483 0.0483201 0.0427264 0.0369569 0.0311047 0.0252946 0.0197035 0.0145585 0.010099 0.0065111
 0.00720965 0.0117426 0.0177351 0.0251609 0.0338071 0.0431401 0.0522652 0.060132 0.0659015 0.0692046 0.0701305 0.069041 0.0663901 0.0626207 0.0581082 0.0531278 0.0478497 0.0423646 0.0367259 0.0309941 0.0252742 0.0197377 0.0146164 0.010159 0.0065612
 0.00729619 0.0118744 0.0179171 0.0253924 0.0340829 0.0434529 0.0526063 0.0604904 0.0662619 0.0695443 0.0704169 0.0692317 0.0664406 0.0624983 0.0578088 0.052685 0.0473291 0.0418445 0.0362736 0.0306489 0.0250437 0.0196053 0.0145542 0.0101389 0.00656156
 0.00724808 0.011807 0.0178357 0.0253085 0.0340113 0.0434067 0.0525937 0.0605156 0.0663283 0.0696566 0.0705783 0.069437 0.0666682 0.0627097 0.0579579 0.0527355 0.047271 0.0417001 0.036088 0.0304713 0.024909 0.0195258 0.0145228 0.0101387 0.00657531
 0.00738546 0.0120175 0.0181286 0.0256838 0.0344601 0.0439118 0.0531288 0.0610439 0.0668042 0.0700331 0.0708179 0.069521 0.0666002 0.0625099 0.0576517 0.0523449 0.0468136 0.0411963 0.0355684 0.0299756 0.0244766 0.0191837 0.0142782 0.00998105 0.00648395
 0.00739006 0.012031 0.0181599 0.0257444 0.0345609 0.0440585 0.0533182 0.0612645 0.0670405 0.0702697 0.0710406 0.0697151 0.0667488 0.062596 0.0576624 0.0522747 0.0466651 0.0409798 0.0353026 0.0296873 0.0241973 0.0189419 0.0140916 0.00985314 0.00640616
#obs surv len freq
 0.0049718 0.0081432 0.0123852 0.0177107 0.0239931 0.0308662 0.0377043 0.0437846 0.0485576 0.0518233 0.0537016 0.0544779 0.0544715 0.0539783 0.0532578 0.0525227 0.0519178 0.0514778 0.051064 0.0503074 0.0486258 0.0453883 0.0402179 0.0332837 0.0253678
 0.00517644 0.00847987 0.0128994 0.0184478 0.0249895 0.0321362 0.0392257 0.0454925 0.0503532 0.0535917 0.055329 0.0558623 0.055526 0.0546313 0.0534535 0.0522242 0.0511131 0.0501873 0.0493477 0.0482679 0.0464059 0.043159 0.0381545 0.0315324 0.0240137
 0.00540376 0.008851 0.0134611 0.0192452 0.0260584 0.0334901 0.0408422 0.0473075 0.0522683 0.0554913 0.057097 0.0573928 0.0567275 0.0554276 0.0537827 0.0520391 0.050384 0.0489112 0.0475617 0.0460627 0.043932 0.0406162 0.0357605 0.0294758 0.0224104
 0.00565322 0.00925899 0.0140796 0.0201241 0.0272355 0.0349764 0.0426063 0.049271 0.0543176 0.0575 0.0589461 0.0589805 0.0579703 0.0562572 0.0541424 0.0518814 0.0496726 0.0476288 0.0457262 0.0437484 0.0412841 0.0378465 0.0331143 0.0271762 0.0206022
 0.00589419 0.00965419 0.0146809 0.0209823 0.0283911 0.0364443 0.0443598 0.051236 0.0563821 0.0595353 0.0608277 0.0606008 0.0592431 0.057116 0.0545357 0.0517672 0.0490156 0.0464062 0.0439433 0.041463 0.0386279 0.0350273 0.0303858 0.0247792 0.0187009
 0.00613869 0.0100556 0.0152924 0.0218557 0.0295673 0.037937 0.0461397 0.0532246 0.058463 0.0615767 0.0627035 0.0622037 0.060488 0.0579395 0.0548921 0.0516225 0.0483429 0.0451873 0.0421819 0.0392075 0.0359968 0.0322174 0.0276464 0.022355 0.0167649
 0.0063773 0.0104474 0.0158892 0.0227085 0.0307163 0.0393961 0.0478803 0.0551697 0.0604979 0.0635704 0.0645302 0.0637558 0.0616817 0.0587142 0.0552065 0.0514493 0.047663 0.0439898 0.0404735 0.0370336 0.0334653 0.0295098 0.0249977 0.0200006 0.0148759
 0.00661964 0.0108448 0.0164936 0.02357 0.0318733 0.0408596 0.0496174 0.0570986 0.0624993 0.0655109 0.0662843 0.0652195 0.0627767 0.0593872 0.0554252 0.0511961 0.0469295 0.0427752 0.0387916 0.0349306 0.0310419 0.0269321 0.0224814 0.0177636 0.0130782
 0.00684972 0.0112202 0.0170613 0.0243747 0.0329487 0.0422151 0.0512241 0.0588833 0.0643542 0.0673128 0.0679151 0.0665788 0.0637875 0.059997 0.0556034 0.0509288 0.0462142 0.0416181 0.0372128 0.032978 0.0288096 0.0245702 0.0201825 0.0157221 0.0114375
 0.00706445 0.011574 0.017602 0.025149 0.0339919 0.0435351 0.0527861 0.0606062 0.0661232 0.0690033 0.0694141 0.0677965 0.0646599 0.0604835 0.055683 0.0505955 0.0454725 0.0404813 0.0357067 0.0311524 0.0267528 0.0224169 0.0181021 0.0138835 0.00996395
 0.00725911 0.0118926 0.0180856 0.0258371 0.0349152 0.0447029 0.0541734 0.0621479 0.0677215 0.0705453 0.0707903 0.0689149 0.0654532 0.0609109 0.0557273 0.0502571 0.0447631 0.0394208 0.0343259 0.0295017 0.0249144 0.0205102 0.0162732 0.0122759 0.00868036
 0.00744858 0.0122048 0.0185627 0.02652 0.0358338 0.045862 0.0555389 0.0636435 0.0692415 0.071976 0.0720302 0.0698852 0.0661004 0.0612054 0.0556604 0.0498368 0.0440095 0.0383621 0.0329997 0.0279608 0.0232357 0.0187988 0.0146534 0.0108664 0.00756339
 0.00752875 0.01234 0.0187761 0.026838 0.0362831 0.0464635 0.0562991 0.0645482 0.070253 0.073036 0.0730657 0.0708176 0.0668556 0.0617225 0.0558974 0.0497722 0.0436402 0.037702 0.0320784 0.0268266 0.0219591 0.0174731 0.0133856 0.00975688 0.00668142
 0.00758167 0.0124212 0.0188901 0.0269877 0.0364724 0.0466998 0.0565949 0.0649185 0.0707105 0.0735837 0.0736903 0.0714857 0.0675149 0.0623083 0.056343 0.0500197 0.0436492 0.0374542 0.0315805 0.0261109 0.0210839 0.0165197 0.0124475 0.00892152 0.00601029
 0.00765102 0.0125244 0.0190274 0.0271531 0.036655 0.0468877 0.0567787 0.0650948 0.0708845 0.07377 0.0739095 0.0717555 0.0678394 0.0626694 0.0566998 0.0503151 0.043823 0.037457 0.0313853 0.0257203 0.0205329 0.0158705 0.0117783 0.00830845 0.0055089
 0.0077171 0.0126254 0.019167 0.0273293 0.0368596 0.0471064 0.0569917 0.0652805 0.0710255 0.0738604 0.0739598 0.0717901 0.0678878 0.0627546 0.0568266 0.0504648 0.0439558 0.0375225 0.0313378 0.0255347 0.0202137 0.0154535 0.0113207 0.00787211 0.00514261
 0.00779352 0.0127464 0.0193427 0.0275656 0.0371553 0.0474497 0.0573578 0.0656325 0.0713217 0.074066 0.0740562 0.0717804 0.0677952 0.062615 0.0566772 0.0503317 0.0438448 0.0374176 0.0312088 0.0253514 0.0199612 0.015141 0.0109796 0.00754422 0.0048645
 0.00781122 0.0127739 0.0193819 0.0276181 0.0372231 0.0475356 0.0574647 0.0657614 0.0714688 0.0742207 0.0742017 0.0718981 0.0678705 0.0626435 0.0566662 0.0502963 0.0437996 0.0373681 0.0311475 0.0252622 0.0198298 0.0149656 0.0107748 0.00733635 0.00468056
 0.00781358 0.012772 0.0193687 0.0275843 0.0371606 0.0474426 0.0573501 0.0656448 0.0713761 0.0741759 0.0742194 0.0719786 0.0680004 0.0628 0.056825 0.0504391 0.0439166 0.0374561 0.0312042 0.025283 0.0198095 0.0149033 0.0106791 0.00722446 0.00457258
 0.00787457 0.0128614 0.0194846 0.0277175 0.0372955 0.0475601 0.0574309 0.0656741 0.0713478 0.074097 0.0741097 0.0718653 0.0679086 0.0627446 0.0568072 0.0504487 0.0439387 0.0374766 0.0312129 0.0252731 0.0197771 0.0148482 0.0106062 0.00714367 0.00449587
 0.00788109 0.0128757 0.0195125 0.0277655 0.0373677 0.0476537 0.0575338 0.0657657 0.0714059 0.0741056 0.0740661 0.0717809 0.0678054 0.0626474 0.0567357 0.0504121 0.0439345 0.0374936 0.0312364 0.0252899 0.0197783 0.0148304 0.0105719 0.00709956 0.00445062
 0.00792029 0.0129317 0.0195828 0.0278436 0.037446 0.0477274 0.0576026 0.0658319 0.0714694 0.07416 0.0740987 0.0717785 0.0677617 0.0625674 0.056635 0.0503108 0.0438492 0.037432 0.0311969 0.0252643 0.0197569 0.0148062 0.0105422 0.00706638 0.00441824
 0.00788202 0.0128771 0.0195147 0.0277687 0.0373726 0.0476616 0.0575465 0.0657852 0.0714331 0.0741391 0.0741 0.0718066 0.0678135 0.0626329 0.0567022 0.0503715 0.0439019 0.0374797 0.0312425 0.0253073 0.0197936 0.0148322 0.0105554 0.00706796 0.00441215
 0.00787581 0.0128578 0.0194693 0.0276815 0.0372312 0.047466 0.0573145 0.0655503 0.0712334 0.0740037 0.0740424 0.0718239 0.0678937 0.0627597 0.0568578 0.0505388 0.0440662 0.0376308 0.031375 0.0254193 0.0198841 0.0149007 0.0106024 0.00709603 0.00442581
 0.00789652 0.012887 0.0195042 0.0277149 0.0372513 0.0474574 0.0572617 0.065443 0.0710736 0.0738099 0.0738463 0.0716614 0.0677919 0.0627298 0.0568948 0.0506263 0.0441839 0.0377596 0.0315001 0.0255308 0.0199767 0.0149723 0.0106534 0.00712888 0.00444439
 0.00789723 0.012891 0.0195153 0.0277375 0.0372883 0.0475068 0.0573144 0.0654828 0.0710813 0.0737704 0.0737557 0.0715306 0.0676452 0.0625969 0.0568012 0.0505854 0.0441947 0.0378103 0.0315737 0.0256112 0.0200517 0.0150346 0.0107001 0.00716045 0.00446345
 0.0078417 0.0128037 0.0193901 0.0275723 0.0370871 0.0472821 0.0570876 0.0652815 0.0709313 0.0736865 0.0737372 0.071564 0.0677124 0.0626845 0.0569046 0.0507067 0.0443369 0.0379713 0.031745 0.0257796 0.0202039 0.0151608 0.010796 0.00722716 0.00450568
 0.00782274 0.0127649 0.0193171 0.0274479 0.0368965 0.0470208 0.056769 0.0649377 0.0706065 0.0734253 0.0735725 0.0715101 0.0677637 0.0628203 0.0570976 0.0509319 0.044576 0.0382129 0.0319805 0.0260002 0.0204 0.0153241 0.010922 0.00731642 0.00456342
 0.00780084 0.0127305 0.0192672 0.0273789 0.0368032 0.0468958 0.0566042 0.0647285 0.0703582 0.0731575 0.0733185 0.0713087 0.0676479 0.0628068 0.0571832 0.0510971 0.0447935 0.0384557 0.0322265 0.026233 0.0206074 0.0154978 0.0110575 0.00741393 0.00462763
 0.00777489 0.0126848 0.0191921 0.0272642 0.0366414 0.0466869 0.056358 0.0644644 0.0700987 0.0729219 0.0731207 0.0711595 0.0675591 0.0627914 0.0572505 0.0512469 0.0450131 0.0387218 0.0325117 0.0265113 0.0208585 0.0157084 0.0112217 0.00753226 0.00470588
 0.00774953 0.0126439 0.0191308 0.0271778 0.0365253 0.0465376 0.0561753 0.0642532 0.0698708 0.0726952 0.0729159 0.0709962 0.0674517 0.0627488 0.0572772 0.0513434 0.0451748 0.0389369 0.0327608 0.0267706 0.0211043 0.0159219 0.011392 0.0076569 0.00478926
 0.00770274 0.0125694 0.0190221 0.0270302 0.0363376 0.0463137 0.055926 0.0639952 0.0696239 0.072478 0.072743 0.0708776 0.0673942 0.0627561 0.0573499 0.0514788 0.0453662 0.0391737 0.0330274 0.0270471 0.0213691 0.0161555 0.0115812 0.00779717 0.00488402
 0.00768018 0.0125287 0.0189536 0.0269228 0.0361818 0.0461068 0.0556752 0.0637192 0.0693485 0.0722301 0.0725444 0.0707423 0.0673284 0.0627599 0.0574199 0.0516091 0.0455491 0.0393988 0.0332812 0.0273123 0.0216264 0.0163863 0.0117716 0.00794074 0.00498251
 0.00765587 0.0124919 0.0189026 0.026857 0.0361002 0.0460064 0.0555518 0.0635693 0.0691732 0.0720379 0.0723523 0.0705718 0.0672 0.0626888 0.0574129 0.0516659 0.0456639 0.0395618 0.0334795 0.0275301 0.0218455 0.016589 0.0119434 0.00807344 0.00507548
 0.00766168 0.0125004 0.018914 0.0268704 0.0361144 0.0460195 0.0555604 0.0635679 0.0691539 0.0719921 0.0722731 0.070459 0.0670632 0.0625458 0.0572861 0.0515753 0.0456229 0.0395748 0.0335422 0.0276315 0.0219701 0.0167191 0.0120631 0.00817166 0.00514755
 0.00762096 0.012442 0.0188402 0.0267886 0.0360345 0.0459505 0.0555083 0.0635343 0.069137 0.0719873 0.0722739 0.0704578 0.0670531 0.0625239 0.0572559 0.051547 0.04561 0.0395893 0.0335904 0.0277113 0.0220722 0.0168298 0.0121681 0.00825997 0.00521371
 0.00760885 0.0124177 0.0187958 0.0267154 0.0359267 0.0458111 0.0553515 0.0633841 0.0690189 0.0719189 0.0722588 0.0704869 0.0671093 0.06259 0.057319 0.0516018 0.0456585 0.0396392 0.0336499 0.0277855 0.0221599 0.0169238 0.0122584 0.00833736 0.00527279
 0.00758395 0.0123805 0.0187456 0.0266526 0.0358519 0.0457231 0.0552482 0.0632651 0.0688898 0.0717935 0.0721567 0.0704265 0.0671007 0.0626304 0.0573954 0.0516972 0.0457588 0.0397367 0.0337438 0.0278779 0.0222521 0.017014 0.0123415 0.00840761 0.00532649
 0.00756182 0.0123435 0.0186883 0.0265702 0.0357419 0.045588 0.0550969 0.0631114 0.0687483 0.0716755 0.072069 0.0703733 0.0670858 0.0626573 0.057464 0.0518012 0.0458865 0.0398745 0.0338803 0.0280063 0.0223693 0.017118 0.0124302 0.00847895 0.00537943
 0.00753676 0.012306 0.0186377 0.0265075 0.0356688 0.0455058 0.0550061 0.0630129 0.0686454 0.0715746 0.0719793 0.0703039 0.0670443 0.0626483 0.0574894 0.0518601 0.0459745 0.0399837 0.0340004 0.0281272 0.0224826 0.0172182 0.0125141 0.00854477 0.00542741
 0.00752938 0.0122912 0.0186106 0.0264622 0.035601 0.0454153 0.0548986 0.0628992 0.0685377 0.0714823 0.0719069 0.0702526 0.0670142 0.0626406 0.0575061 0.0519028 0.0460428 0.0400739 0.0341059 0.0282391 0.0225917 0.0173167 0.0125966 0.00860897 0.00547348
 0.00751105 0.0122627 0.0185699 0.0264079 0.0355321 0.0453309 0.0547991 0.0627873 0.0684199 0.0713691 0.0718103 0.0701834 0.0669788 0.0626401 0.0575379 0.0519625 0.0461259 0.0401756 0.0342204 0.0283591 0.0227087 0.0174226 0.0126853 0.00867744 0.00552203
 0.00750201 0.0122494 0.0185524 0.0263872 0.0355093 0.0453067 0.0547731 0.0627577 0.068384 0.0713243 0.0717564 0.0701235 0.0669197 0.0625907 0.0575064 0.0519543 0.0461426 0.0402158 0.0342799 0.0284319 0.0227873 0.0174991 0.0127529 0.00873175 0.00556157
 0.00750566 0.0122548 0.0185596 0.0263959 0.0355191 0.0453172 0.0547836 0.0627673 0.0683906 0.0713244 0.071746 0.070099 0.0668803 0.0625395 0.0574504 0.051903 0.0461048 0.0401976 0.0342833 0.0284546 0.022824 0.0175428 0.0127964 0.00876952 0.0055906
 0.00750775 0.0122591 0.0185675 0.0264092 0.035539 0.0453439 0.0548151 0.0627999 0.0684197 0.0713458 0.0717563 0.070096 0.0668627 0.0625072 0.0574057 0.0518508 0.0460526 0.0401535 0.0342538 0.0284428 0.0228288 0.0175598 0.0128195 0.00879298 0.00561041
 0.00750535 0.0122558 0.0185638 0.026406 0.0355379 0.0453466 0.0548235 0.0628149 0.0684409 0.0713711 0.0717818 0.0701172 0.0668751 0.0625079 0.0573936 0.051827 0.0460208 0.0401194 0.0342239 0.0284225 0.0228206 0.0175629 0.0128304 0.0088071 0.00562387
 0.00750535 0.0122558 0.0185638 0.026406 0.0355379 0.0453466 0.0548235 0.0628149 0.0684409 0.0713711 0.0717818 0.0701172 0.0668751 0.0625079 0.0573936 0.051827 0.0460208 0.0401194 0.0342239 0.0284225 0.0228206 0.0175629 0.0128304 0.0088071 0.00562387
 0.00741215 0.012109 0.0183524 0.0261248 0.0351901 0.044948 0.0544046 0.0624196 0.068118 0.0711617 0.0717091 0.0701821 0.0670588 0.0627789 0.0577153 0.0521656 0.0463495 0.0404206 0.0344886 0.028648 0.0230078 0.0177136 0.012947 0.00889252 0.00568225
 0.00746302 0.0121801 0.0184376 0.02621 0.0352564 0.0449763 0.0543811 0.0623389 0.067985 0.0709916 0.0715257 0.0700127 0.0669284 0.062703 0.0576975 0.0521978 0.0464163 0.040505 0.0345764 0.0287301 0.0230796 0.0177737 0.0129954 0.0089296 0.00570887
 0.00741867 0.0121178 0.0183614 0.0261288 0.0351794 0.0449074 0.0543156 0.0622653 0.0678915 0.0708746 0.0713933 0.0698842 0.0668273 0.0626505 0.0577061 0.0522685 0.0465391 0.0406619 0.034747 0.0288958 0.0232271 0.0178958 0.0130899 0.00899806 0.00575504
 0.00733811 0.0119837 0.0181549 0.0258339 0.0347904 0.0444383 0.0538058 0.0617745 0.0674832 0.0705946 0.0712585 0.0698845 0.0669395 0.0628506 0.0579752 0.0525919 0.0469018 0.0410455 0.0351292 0.0292539 0.0235418 0.0181544 0.0132882 0.00913932 0.00584809
 0.00732419 0.0119537 0.018096 0.0257284 0.0346189 0.0441861 0.0534698 0.0613697 0.0670441 0.0701712 0.0709054 0.0696474 0.0668427 0.0628936 0.0581385 0.0528471 0.0472199 0.0414002 0.0354962 0.0296093 0.0238641 0.0184269 0.0135018 0.00929396 0.00595093
 0.00729821 0.0119142 0.018041 0.0256564 0.0345271 0.0440684 0.0533166 0.0611705 0.0667936 0.0698759 0.0705881 0.0693457 0.0666012 0.0627513 0.0581179 0.0529488 0.047426 0.0416813 0.0358188 0.0299416 0.0241779 0.0187005 0.0137218 0.00945644 0.00606065
 0.00736478 0.0120212 0.0181992 0.0258733 0.0348038 0.0443939 0.0536642 0.0614973 0.0670466 0.0700049 0.0705591 0.069152 0.0662672 0.0623285 0.0576723 0.0525438 0.0471075 0.0414699 0.0357117 0.029919 0.0242126 0.018765 0.0137934 0.00951997 0.0061089
 0.00736593 0.0120332 0.0182358 0.0259537 0.0349472 0.0446123 0.0539541 0.0618369 0.0673982 0.0703214 0.0707925 0.0692618 0.0662293 0.0621434 0.0573674 0.0521693 0.046723 0.0411293 0.0354498 0.0297473 0.024122 0.0187345 0.0137989 0.00954104 0.00613191
 0.00739166 0.0120728 0.0182921 0.0260294 0.0350468 0.0447428 0.0541251 0.0620554 0.0676629 0.0706162 0.071085 0.0695081 0.0663845 0.0621733 0.0572589 0.0519355 0.0464014 0.040772 0.0351096 0.029464 0.0239147 0.0186018 0.0137261 0.00950837 0.00612152
 0.00735077 0.012013 0.0182145 0.0259396 0.0349538 0.0446574 0.0540589 0.0620214 0.0676756 0.0706892 0.0712255 0.0697099 0.0666235 0.06241 0.0574488 0.0520428 0.0464114 0.0406957 0.0349783 0.0293169 0.023785 0.0185081 0.013671 0.00948363 0.00611521
 0.00738105 0.0120562 0.0182686 0.0259992 0.0350124 0.0447104 0.054105 0.0620633 0.067717 0.0707337 0.0712761 0.069769 0.066692 0.0624839 0.0575157 0.0520831 0.0464046 0.0406306 0.0348598 0.0291657 0.0236295 0.0183733 0.0135707 0.00941928 0.00607968
 0.00731532 0.0119542 0.0181241 0.0258102 0.0347816 0.0444465 0.0538242 0.0617897 0.0674807 0.0705657 0.071201 0.0697999 0.0668274 0.062708 0.0578014 0.0523957 0.0467077 0.0408921 0.0350593 0.0292982 0.023705 0.0184101 0.0135872 0.00942808 0.00608669
#pred catch len freq
 0.00366216 0.00594055 0.0089512 0.0127314 0.0173029 0.0226162 0.0284844 0.0345824 0.0405188 0.045921 0.0504919 0.0540438 0.0565204 0.0579912 0.0586139 0.0585878 0.0581191 0.0573855 0.0564688 0.0552486 0.0533237 0.0500793 0.0449709 0.0379164 0.0295276
 0.00401724 0.00646719 0.00965319 0.0135886 0.0182892 0.0237218 0.0297219 0.0359658 0.0420243 0.0474571 0.0519043 0.0551602 0.0572131 0.0582222 0.0584387 0.0581173 0.057459 0.0565834 0.055493 0.0540137 0.0517563 0.0481919 0.0428977 0.0358819 0.027761
 0.00422168 0.00682881 0.0102485 0.0144989 0.0195736 0.0253799 0.0316704 0.0380509 0.0440712 0.0493252 0.053507 0.0564427 0.0581181 0.0586824 0.0584035 0.057587 0.056492 0.0552649 0.0538906 0.0521557 0.0496548 0.0458963 0.0405353 0.0336473 0.0258532
 0.00448788 0.00724022 0.0108332 0.0152831 0.0205935 0.0266905 0.0333334 0.0400961 0.0464471 0.0518701 0.0559721 0.0585611 0.0596808 0.0595767 0.0586036 0.0571213 0.055419 0.0536629 0.0518492 0.0497676 0.0470185 0.0431348 0.0378138 0.0311618 0.0237818
 0.00475622 0.00767175 0.0114734 0.0161699 0.0217504 0.0281184 0.0350056 0.0419647 0.048458 0.0539701 0.0580941 0.0605953 0.0614612 0.0609065 0.0593075 0.0570934 0.0546392 0.052183 0.0497686 0.0472162 0.0441528 0.0401411 0.0349051 0.0285531 0.0216445
 0.00501422 0.00808965 0.0121008 0.0170552 0.0229357 0.0296277 0.0368292 0.0440456 0.0506919 0.0562225 0.0602266 0.0624886 0.0630215 0.0620514 0.0599487 0.0571359 0.0540032 0.0508351 0.047744 0.0446242 0.0411695 0.0369958 0.0318548 0.0258408 0.0194475
 0.00534304 0.00861077 0.0128614 0.0180941 0.0242811 0.0312922 0.0387983 0.0462659 0.053066 0.0586143 0.062477 0.0644389 0.0645382 0.0630429 0.0603635 0.0569453 0.0531839 0.0493704 0.0456455 0.0419635 0.0380995 0.0337476 0.0287042 0.0230499 0.0172025
 0.00564814 0.00910785 0.013612 0.0191576 0.025705 0.033096 0.0409546 0.0486908 0.0556255 0.0611444 0.0648068 0.0664099 0.0660194 0.0639416 0.0606292 0.0565635 0.0521633 0.047732 0.0434263 0.0392373 0.0350049 0.0304981 0.0255646 0.0202785 0.0149826
 0.00591967 0.00954133 0.0142517 0.0200451 0.0268784 0.0345849 0.0427674 0.0507978 0.0579454 0.0635431 0.0671107 0.0684333 0.0675965 0.064951 0.061003 0.0562809 0.0512372 0.0461971 0.0413373 0.0366806 0.0321175 0.0274786 0.0226547 0.0177143 0.0129324
 0.00615231 0.00991508 0.0148068 0.0208182 0.0278995 0.0358701 0.0443099 0.0525609 0.0598626 0.0655225 0.0690405 0.070187 0.0690421 0.0659655 0.0614896 0.0561815 0.0505346 0.0449112 0.0395212 0.0344237 0.0295555 0.0247971 0.0200728 0.015442 0.011118
 0.00634476 0.010221 0.0152554 0.0214349 0.028705 0.0368772 0.0455168 0.0539438 0.0613721 0.0670862 0.0705705 0.0715892 0.0702239 0.0668414 0.0619837 0.0562317 0.0500988 0.0439754 0.0381081 0.0326011 0.0274417 0.0225583 0.0179038 0.0135275 0.00958753
 0.00644202 0.0103967 0.0155521 0.0219031 0.0293912 0.0378061 0.0466745 0.0552734 0.0627857 0.0684859 0.071866 0.0727069 0.0711077 0.0674491 0.0622821 0.0561919 0.0496954 0.0431919 0.0369488 0.0311061 0.0256987 0.0207026 0.0160994 0.0119317 0.00831094
 0.00647581 0.0104654 0.0156833 0.0221364 0.0297764 0.0383946 0.0475046 0.0563527 0.0640745 0.0698914 0.073255 0.0739362 0.0720599 0.0680558 0.0625245 0.0560829 0.0492584 0.0424481 0.0359198 0.0298277 0.0242369 0.0191607 0.0146065 0.0106141 0.00725831
 0.00650441 0.0105 0.015715 0.0221547 0.0297783 0.0383979 0.0475558 0.0565215 0.0644332 0.0704856 0.0740782 0.0749207 0.0730891 0.0689939 0.0632513 0.056518 0.0493672 0.0422326 0.0354052 0.0290569 0.0232736 0.0180929 0.0135403 0.00965366 0.00648011
 0.00654619 0.0105597 0.0157888 0.0222315 0.0298411 0.0384266 0.0475351 0.0564516 0.0643413 0.0704293 0.0741344 0.0751566 0.0735299 0.0696024 0.0639336 0.057152 0.0498388 0.0424626 0.0353609 0.0287493 0.0227508 0.0174309 0.0128314 0.00898837 0.00592686
 0.00660588 0.0106449 0.0158948 0.0223461 0.0299466 0.0385047 0.0475706 0.0564348 0.0642699 0.0703135 0.0740016 0.0750538 0.0735142 0.069721 0.0641989 0.0575276 0.0502452 0.0428024 0.03555 0.0287416 0.0225474 0.0170757 0.0123954 0.00854837 0.00554503
