SBPRF35
7.78865
Curr Bio
531154
B35
665698
F35
0.212594
FOFL
0.157841
OFL
62951.4
Bzero
2.22533e+006
#pred survey bio
 3.65008e+006 3.30627e+006 2.9703e+006 2.62752e+006 2.32448e+006 2.04317e+006 1.76864e+006 1.57067e+006 1.37014e+006 1.22308e+006 1.10311e+006 977837 885551 794177 748782 711457 687582 671830 652845 634406 611402 603380 581045 584426 595204 595784 597337 593812 594040 596440 590372 562873 543884 533809 535158 538871 543750 549603 549422 554351 555993 559542 562547 562173 552256 546442 535076 1.77238e+007 1.04769e+007 1.06519e+007 1.13908e+007 1.2427e+007 1.35074e+007 1.44833e+007 1.52929e+007 1.59287e+007 1.64101e+007 1.67658e+007 1.70246e+007 1.72113e+007 1.73453e+007 1.74416e+007 1.75108e+007 1.75609e+007 1.75972e+007 1.76238e+007 1.76434e+007 1.76579e+007 1.76687e+007 1.76768e+007 1.76829e+007 1.76875e+007 1.7691e+007 1.76937e+007 1.76957e+007 1.76972e+007 1.76984e+007 1.76993e+007 1.77e+007 1.77006e+007 1.7701e+007 1.77013e+007 1.77016e+007 1.77018e+007 1.77019e+007 1.7702e+007 1.77021e+007 1.77022e+007 1.77022e+007 1.77023e+007 1.77023e+007 1.77023e+007 1.77024e+007 1.77024e+007 1.77024e+007 1.77024e+007 1.77024e+007 1.77024e+007 1.77024e+007 1.77024e+007 1.77024e+007 1.77024e+007 1.77024e+007 1.77024e+007 1.77024e+007 1.77024e+007 1.77024e+007 1.77024e+007 1.77024e+007 1.77024e+007 1.77024e+007 1.77024e+007 1.77024e+007 1.77024e+007 1.77024e+007 1.77024e+007 1.77024e+007 1.77024e+007 1.77024e+007 1.77024e+007 1.77024e+007 1.77024e+007 1.77024e+007 1.77024e+007 1.77024e+007 1.77024e+007 1.77024e+007 1.77024e+007 1.77024e+007 1.77024e+007 1.77024e+007 1.77024e+007 1.77024e+007 1.77024e+007 1.77024e+007 1.77024e+007 1.77024e+007 1.77024e+007 1.77024e+007 1.77024e+007 1.77024e+007 1.77024e+007 1.77024e+007 1.77024e+007 1.77024e+007 1.77024e+007 1.77024e+007 0 0 0 0 0 0 0 0 0 0 0 0 0 0 0 0 0 0 0 0 0 0 0 0 0
#obs survey bio
 2.77946e+006 2.80153e+006 2.38434e+006 1.72558e+006 2.49782e+006 1.55567e+006 1.25132e+006 936228 1.02576e+006 1.52515e+006 1.32451e+006 790178 804233 696340 656118 435374 728704 648491 554079 579962 573968 661095 411718 427794 682785 511758 581359 470717 721721 493202 746644 683140 480126 614933 306249 609679 700878 572658 499563 526988 454774 579424 603278 446551 528040 435168 819274
#pred catch bio
 247677 263657 297711 291370 300365 319832 272417 289378 250630 229757 233100 201869 197117 154020 144604 131063 122325 123434 121450 123214 108663 118835 96448.1 91044.4 99649.5 97711.1 99844.3 93760.6 88559.5 91266.9 103665 92910.9 86874.1 81451.9 83273.3 84398.2 84611.5 90176.9 86171.8 89109.7 87533.5 87677.3 89439.7 95523.8 89925.2 92133.9 102102 62951.4 81112.8 81110.1 85440 92772.1 100675 107766 113526 117914 121111 123365 124915 125961 126657 127114 127412 127604 127728 127807 127857 127889 127910 127922 127931 127936 127939 127941 127942 127943 127943 127944 127944 127944 127944 127944 127944 127944 127944 127944 127944 127944 127944 127944 127944 127944 127944 127944 127944 127944 127944 127944 127944 127944 127944 127944 127944 127944 127944 127944 127944 127944 127944 127944 127944 127944 127944 127944 127944 127944 127944 127944 127944 127944 127944 127944 127944 127944 127944 127944 127944 127944 127944 127944 127944 127944 127944 127944 127944 127944 127944 127944 127944 127944 127944 127944 127944 127944 127944 127944 127944 0 0 0 0 0 0 0 0 0 0 0 0 0 0 0 0 0 0 0 0 0 0 0 0 0
#obs catch bio
 234028 264347 300104 294204 304458 328420 279878 300883 261231 237112 239588 206359 201726 156706 146910 133684 124296 124996 123776 125634 110562 120944 98109.1 92551 101454 99681.9 101765 95323.4 89612.9 92157.3 104561 93081.1 86859 81210.9 83675.9 84685.9 84805.1 90465.2 86612.6 89535.2 88023.2 88195.7 89658.1 95891.8 89835.9 92136.4 102234
#pred cpue bio
 3.59001e+006 3.24965e+006 2.9166e+006 2.5753e+006 2.27319e+006 1.99287e+006 1.71986e+006 1.5229e+006 1.32439e+006 1.17946e+006 1.06201e+006 939537 849265 760229 716212 680019 656894 641805 623378 605416 583195 575631 554052 557240 567746 568512 570391 567533 568459 571637 566726 540811 522086 510922 510993 514159 518985 524811 524623 529406 531052 534545 537670 537648 528354 522966 512331 1.6985e+007 1.00476e+007 1.01071e+007 1.0708e+007 1.16959e+007 1.27651e+007 1.37389e+007 1.45481e+007 1.51838e+007 1.56652e+007 1.60209e+007 1.62797e+007 1.64663e+007 1.66004e+007 1.66967e+007 1.67659e+007 1.6816e+007 1.68523e+007 1.68789e+007 1.68985e+007 1.6913e+007 1.69238e+007 1.69319e+007 1.6938e+007 1.69426e+007 1.69461e+007 1.69487e+007 1.69508e+007 1.69523e+007 1.69535e+007 1.69544e+007 1.69551e+007 1.69557e+007 1.69561e+007 1.69564e+007 1.69567e+007 1.69568e+007 1.6957e+007 1.69571e+007 1.69572e+007 1.69573e+007 1.69573e+007 1.69574e+007 1.69574e+007 1.69574e+007 1.69574e+007 1.69575e+007 1.69575e+007 1.69575e+007 1.69575e+007 1.69575e+007 1.69575e+007 1.69575e+007 1.69575e+007 1.69575e+007 1.69575e+007 1.69575e+007 1.69575e+007 1.69575e+007 1.69575e+007 1.69575e+007 1.69575e+007 1.69575e+007 1.69575e+007 1.69575e+007 1.69575e+007 1.69575e+007 1.69575e+007 1.69575e+007 1.69575e+007 1.69575e+007 1.69575e+007 1.69575e+007 1.69575e+007 1.69575e+007 1.69575e+007 1.69575e+007 1.69575e+007 1.69575e+007 1.69575e+007 1.69575e+007 1.69575e+007 1.69575e+007 1.69575e+007 1.69575e+007 1.69575e+007 1.69575e+007 1.69575e+007 1.69575e+007 1.69575e+007 1.69575e+007 1.69575e+007 1.69575e+007 1.69575e+007 1.69575e+007 1.69575e+007 1.69575e+007 1.69575e+007 1.69575e+007 1.69575e+007 0 0 0 0 0 0 0 0 0 0 0 0 0 0 0 0 0 0 0 0 0 0 0 0 0
#obs cpue bio
 2.04312e+006 2.73595e+006 2.17171e+006 2.53115e+006 1.41457e+006 992488 1.10918e+006 1.27288e+006 696644 1.12794e+006 1.04766e+006 926477 798489 618909 755024 579412 570124 733501 360839 554011 394757 583006 386995 551584 438020 377018 526203 586658 499158 718988 585496 578996 696225 536118 474041 485849 402340 501943 407162 581735 533078 463910 621625 654300 697266 609322 355872
#pred surv len freq
 0.00545555 0.00885045 0.0133049 0.0187879 0.0251534 0.0320524 0.0389018 0.0450209 0.0498815 0.0532823 0.0553305 0.0562984 0.0564881 0.0561569 0.0554849 0.0545663 0.0534194 0.0520056 0.0502328 0.0479336 0.0448493 0.0406871 0.0352809 0.0287909 0.0217842
 0.00586232 0.00940784 0.0139578 0.0194367 0.0257028 0.0324771 0.0392829 0.045515 0.0506307 0.0543167 0.0565276 0.0574258 0.0573005 0.0564923 0.0553147 0.0539853 0.0525905 0.0510867 0.0493174 0.0470304 0.0439115 0.0396712 0.0341993 0.0277217 0.0208353
 0.0062913 0.0101046 0.0149975 0.0208681 0.0275157 0.0345673 0.041443 0.0474808 0.0521802 0.0553629 0.0571345 0.0577301 0.0573982 0.0563756 0.0548983 0.053188 0.0514042 0.049589 0.0476306 0.0452671 0.0421457 0.0379505 0.032576 0.026269 0.0196318
 0.00671723 0.0107867 0.016006 0.0222649 0.029345 0.0368372 0.0440947 0.0503625 0.0550447 0.0579084 0.0590817 0.0589052 0.0577752 0.0560493 0.054006 0.0518384 0.0496598 0.0474973 0.0452635 0.0427328 0.0395749 0.0354763 0.0303227 0.0243432 0.0181063
 0.00712925 0.0114414 0.0169639 0.0235742 0.031036 0.0389124 0.046516 0.0530408 0.0578404 0.0606386 0.0615321 0.0608507 0.0590177 0.0564655 0.0535781 0.0506446 0.0478314 0.0451743 0.0425784 0.0398213 0.0365904 0.0325902 0.0277058 0.0221361 0.0163906
 0.00748617 0.0120221 0.0178384 0.0248072 0.0326736 0.0409626 0.0489283 0.055702 0.0605919 0.0633066 0.0639509 0.0628683 0.0604922 0.0572672 0.0536081 0.0498615 0.0462679 0.0429339 0.0398147 0.0367186 0.0333534 0.0294354 0.0248417 0.0197306 0.0145364
 0.00788205 0.0126542 0.0187688 0.0260877 0.0343382 0.0430147 0.0513248 0.0583426 0.0633263 0.0659568 0.0663383 0.0648364 0.061917 0.0580574 0.0536993 0.049214 0.0448755 0.0408391 0.0371221 0.0335964 0.0300223 0.0261457 0.0218375 0.017206 0.0125969
 0.00808503 0.0129941 0.0192991 0.0268656 0.0354143 0.0444167 0.05304 0.0603109 0.0654479 0.068109 0.0683915 0.0666626 0.063396 0.059082 0.0541806 0.0490856 0.0440988 0.0394134 0.0350994 0.0310955 0.0272306 0.0233 0.0191837 0.0149474 0.0108504
 0.00820324 0.0132148 0.0196844 0.0274915 0.036355 0.045717 0.0546895 0.0622347 0.0675192 0.0701769 0.0703084 0.0683033 0.0646646 0.0599109 0.0545235 0.0489101 0.0433836 0.0381547 0.0333267 0.0288913 0.0247421 0.0207313 0.0167613 0.0128681 0.00923373
 0.00827178 0.0133204 0.0198353 0.0276992 0.0366415 0.0461221 0.0552691 0.0630456 0.0685926 0.0714924 0.0717844 0.0698104 0.0660561 0.0610527 0.0553124 0.049276 0.0432844 0.0375727 0.0322742 0.0274234 0.0229696 0.0188181 0.0148995 0.0112337 0.0079425
 0.00843156 0.0135602 0.0201588 0.0280964 0.0370916 0.0466005 0.0557559 0.0635327 0.0690906 0.0720296 0.0723948 0.0705105 0.0668234 0.0618192 0.0559774 0.0497313 0.0434371 0.0373604 0.0316734 0.0264574 0.0217147 0.0174011 0.0134773 0.00995706 0.00691709
 0.00868274 0.0139617 0.0207483 0.0288989 0.0381084 0.047795 0.0570433 0.0647874 0.0701746 0.0728351 0.0728763 0.0706918 0.0667762 0.0616267 0.0556987 0.0493815 0.0429895 0.0367656 0.0308868 0.0254645 0.0205474 0.01614 0.0122362 0.00885188 0.00603153
 0.00875085 0.0140864 0.0209623 0.0292422 0.0386202 0.0484989 0.0579318 0.0658115 0.0712463 0.0738415 0.0737038 0.0712531 0.0670335 0.0615979 0.0554434 0.0489709 0.0424762 0.0361684 0.0301968 0.0246677 0.0196506 0.0151853 0.011297 0.00801077 0.00535251
 0.00895251 0.0143924 0.0213832 0.0297756 0.0392559 0.0492246 0.0587347 0.0666732 0.0721338 0.0747012 0.0744621 0.0718277 0.0673522 0.0616195 0.0551714 0.0484513 0.0417794 0.0353643 0.0293358 0.0237785 0.0187529 0.0143064 0.0104788 0.00730183 0.0047906
 0.00909469 0.0145925 0.0216271 0.0300313 0.0394837 0.049394 0.0588386 0.0667333 0.0721942 0.0748139 0.0746674 0.0721358 0.0677327 0.0620067 0.0554845 0.0486222 0.041773 0.0351825 0.029007 0.0233418 0.0182484 0.0137746 0.00996185 0.00684097 0.00441743
 0.00916133 0.014709 0.0218152 0.0303112 0.0398625 0.0498521 0.059323 0.0671669 0.0725041 0.0749626 0.0746702 0.0720505 0.0676295 0.0619352 0.0554543 0.048605 0.0417214 0.0350542 0.0287816 0.0230248 0.0178657 0.0133628 0.00956046 0.00648506 0.00413129
 0.00916715 0.014715 0.0218191 0.0303121 0.0398646 0.0498692 0.0593767 0.067278 0.0726776 0.0751786 0.0748878 0.072228 0.0677456 0.0619978 0.055489 0.0486337 0.041746 0.0350558 0.0287334 0.0229088 0.0176824 0.0131317 0.00931248 0.0062521 0.00393745
 0.0092997 0.0148962 0.0220285 0.0305094 0.0400017 0.0499091 0.0593098 0.0671273 0.0724904 0.0750091 0.0747788 0.072197 0.0677832 0.062077 0.0555814 0.0487204 0.0418181 0.0351068 0.0287536 0.0228862 0.0176107 0.0130164 0.00917096 0.0061076 0.00381062
 0.00932156 0.0149552 0.0221584 0.0307491 0.0403775 0.0504104 0.0598748 0.0676525 0.0728677 0.0751695 0.0747175 0.0719667 0.0674634 0.0617398 0.0552717 0.0484549 0.0415949 0.0349166 0.0285854 0.0227296 0.0174578 0.0128645 0.00902416 0.00597496 0.00370141
 0.00928672 0.014907 0.022103 0.0307025 0.0403664 0.0504699 0.0600401 0.0679438 0.073271 0.0756274 0.0751404 0.0722654 0.0675847 0.0616847 0.0550864 0.0482026 0.04133 0.0346713 0.0283711 0.0225449 0.0172964 0.0127214 0.0088981 0.00586802 0.00361665
 0.00932317 0.0149606 0.0221736 0.0307867 0.0404602 0.0505718 0.0601542 0.0680805 0.0734434 0.0758435 0.0753925 0.0725225 0.0677967 0.0617997 0.0550725 0.0480626 0.0410975 0.0343942 0.0280923 0.022292 0.017081 0.0125448 0.0087573 0.0057596 0.00353731
 0.00935613 0.0149959 0.0221931 0.0307637 0.0403672 0.0503946 0.0599026 0.0677905 0.0731693 0.0756428 0.0753109 0.072582 0.0679885 0.0620843 0.0553899 0.0483507 0.0413122 0.0345199 0.0281394 0.0222843 0.0170433 0.0124954 0.00870731 0.00571498 0.0035011
 0.00957801 0.015334 0.022658 0.0313451 0.0410317 0.0510848 0.0605402 0.0682878 0.0734508 0.075671 0.0751006 0.0721942 0.0675074 0.0615889 0.0549332 0.047953 0.0409678 0.0342121 0.0278552 0.0220216 0.0168087 0.0122978 0.00855207 0.0056016 0.00342427
 0.00951674 0.0152478 0.0225536 0.031238 0.0409424 0.0510326 0.060537 0.0683333 0.0735323 0.0757659 0.0751838 0.0722478 0.0675284 0.06159 0.0549353 0.0479732 0.0410102 0.034267 0.0279058 0.0220535 0.0168165 0.0122852 0.00852789 0.00557482 0.00340098
 0.0093658 0.0150164 0.0222323 0.0308302 0.0404665 0.0505232 0.0600443 0.067918 0.0732522 0.0756588 0.0752557 0.0724724 0.0678583 0.061974 0.0553317 0.0483558 0.0413656 0.0345874 0.0281836 0.0222809 0.0169887 0.0124037 0.00860087 0.00561434 0.00341926
 0.00921854 0.0148003 0.0219503 0.0304997 0.0401141 0.0501764 0.0597259 0.0676458 0.0730429 0.0755302 0.0752238 0.0725461 0.0680331 0.06223 0.0556386 0.0486809 0.0416817 0.0348766 0.0284356 0.02249 0.0171523 0.0125226 0.00867966 0.00566121 0.00344387
 0.00902597 0.0145044 0.0215383 0.0299743 0.0394962 0.0495064 0.0590627 0.0670602 0.0726023 0.0752811 0.0751812 0.0726959 0.0683434 0.0626613 0.0561497 0.0492306 0.0422308 0.0353912 0.0288909 0.0228713 0.0174542 0.0127474 0.00883586 0.00576151 0.00350283
 0.00886485 0.0142543 0.0211842 0.0295113 0.0389316 0.0488617 0.058377 0.0663903 0.0720162 0.0748447 0.0749441 0.0726806 0.0685425 0.0630425 0.0566647 0.0498258 0.0428547 0.035999 0.0294465 0.0233496 0.0178418 0.013042 0.00904489 0.00589898 0.00358603
 0.00865679 0.0139308 0.0207253 0.02891 0.0381961 0.0480186 0.0574747 0.0654983 0.0712168 0.0742182 0.0745542 0.0725648 0.0687081 0.0634672 0.0573005 0.0506068 0.0437078 0.0368542 0.0302454 0.0240494 0.0184174 0.0134857 0.00936402 0.00611196 0.00371705
 0.00835578 0.0134704 0.0200867 0.028096 0.0372308 0.0469448 0.0563537 0.0644089 0.0702482 0.0734567 0.074069 0.0723983 0.0688725 0.0639446 0.0580459 0.051553 0.0447734 0.0379534 0.0312984 0.0249919 0.0192069 0.0141038 0.0098145 0.00641618 0.00390632
 0.0081861 0.0131911 0.0196615 0.0274922 0.0364302 0.0459587 0.0552348 0.0632501 0.0691637 0.0725543 0.0734284 0.0720647 0.0688603 0.0642444 0.0586282 0.0523694 0.0457577 0.0390263 0.0323757 0.025996 0.020077 0.0148041 0.0103367 0.00677535 0.00413311
 0.00894453 0.0142566 0.0209538 0.0288286 0.0375726 0.0466925 0.0554351 0.0629043 0.0683519 0.0714117 0.072111 0.0707241 0.0676266 0.0632154 0.0578653 0.051898 0.0455699 0.0390849 0.0326203 0.0263526 0.0204716 0.0151753 0.0106445 0.00700354 0.00428519
 0.00972928 0.0154764 0.0226758 0.0310525 0.0402028 0.0495132 0.0581073 0.0650167 0.069533 0.0714589 0.071061 0.0688237 0.0652299 0.060672 0.0554492 0.0497863 0.0438527 0.0377847 0.0317111 0.0257754 0.0201492 0.015027 0.0105991 0.00700756 0.00430518
 0.00987435 0.0157792 0.0232538 0.0320522 0.0417577 0.0516764 0.0607875 0.0679536 0.0723348 0.0736911 0.0723569 0.0689817 0.0642653 0.0588024 0.053019 0.0471648 0.0413487 0.0356038 0.029953 0.0244551 0.0192244 0.0144241 0.0102347 0.00680433 0.004201
 0.00963826 0.0154463 0.0228529 0.0316572 0.0414869 0.0516794 0.0612187 0.0689297 0.0738781 0.0756804 0.0745185 0.0709441 0.0656652 0.0593976 0.0527587 0.0461877 0.0399179 0.0340139 0.0284503 0.0231952 0.0182691 0.0137632 0.00981614 0.00656177 0.00407266
 0.0094334 0.0151252 0.0223946 0.0310579 0.0407703 0.0509095 0.0605092 0.0684384 0.0737767 0.076102 0.0755017 0.0723946 0.0673574 0.0610253 0.0540231 0.0468904 0.0400166 0.0336166 0.0277556 0.0224133 0.0175601 0.0132115 0.00943824 0.00633121 0.00394682
 0.00939297 0.0150429 0.0222403 0.0307939 0.0403621 0.0503425 0.0598069 0.0676715 0.0730596 0.0755758 0.0753051 0.0726267 0.0680377 0.0620681 0.0552436 0.0480525 0.0409081 0.0341178 0.0278684 0.0222384 0.0172401 0.0128733 0.00915988 0.00613921 0.00383264
 0.0094001 0.01505 0.0222414 0.030777 0.0403076 0.0502236 0.0595934 0.0673407 0.0726116 0.0750482 0.0747788 0.0722144 0.0678545 0.0621915 0.0556785 0.048717 0.041654 0.0347809 0.0283275 0.0224531 0.0172488 0.0127591 0.00900678 0.00600384 0.00373776
 0.00938203 0.0150345 0.022243 0.0308161 0.0404019 0.050377 0.0597856 0.0675265 0.0727314 0.0750477 0.0746301 0.0719315 0.0674978 0.061854 0.0554561 0.0486713 0.041785 0.0350261 0.0285906 0.0226476 0.0173323 0.0127402 0.00892663 0.00590811 0.00365715
 0.00934364 0.014969 0.0221398 0.0306671 0.0402075 0.0501526 0.0595647 0.0673528 0.072641 0.0750506 0.0747024 0.0720269 0.0675714 0.0618868 0.0554647 0.0486978 0.0418712 0.0351874 0.0288044 0.022865 0.0175043 0.012841 0.0089603 0.00589799 0.00362968
 0.00933477 0.0149562 0.0221231 0.0306461 0.0401799 0.0501131 0.0595062 0.0672712 0.0725416 0.0749499 0.0746235 0.0719869 0.0675714 0.0619115 0.0554944 0.0487236 0.0419008 0.0352373 0.0288846 0.0229682 0.0176085 0.0129226 0.00900709 0.00591281 0.00362462
 0.00919277 0.0147523 0.0218663 0.0303621 0.0399039 0.0498782 0.0593334 0.0671662 0.0724979 0.0749556 0.0746675 0.0720631 0.067678 0.062047 0.0556528 0.0488936 0.0420709 0.0354008 0.0290401 0.0231145 0.0177404 0.0130312 0.00908512 0.00595974 0.00364677
 0.00907272 0.0145609 0.0215868 0.0299856 0.0394366 0.0493483 0.0587951 0.066692 0.0721587 0.0747966 0.0746944 0.072246 0.0679693 0.0623992 0.0560294 0.0492698 0.0424303 0.035732 0.0293354 0.0233693 0.0179519 0.0131977 0.00920699 0.00604066 0.00369445
 0.00896334 0.014394 0.0213557 0.0296904 0.0390826 0.0489452 0.0583579 0.0662454 0.0717407 0.074456 0.0744807 0.0721941 0.0680866 0.0626634 0.0563968 0.0496905 0.0428608 0.0361411 0.0297036 0.0236858 0.0182119 0.0134005 0.00935541 0.00614119 0.00375653
 0.00899957 0.0144397 0.0214003 0.0297161 0.0390693 0.0488776 0.0582316 0.0660671 0.0715241 0.0742179 0.0742402 0.0719752 0.0679175 0.0625706 0.0563955 0.0497783 0.0430183 0.0363399 0.0299151 0.0238874 0.0183885 0.0135443 0.00946412 0.00621699 0.00380476
 0.00879584 0.0141537 0.0210527 0.0293525 0.0387446 0.048633 0.0580774 0.065984 0.0714792 0.0741847 0.0742098 0.0719554 0.0679246 0.0626215 0.0565027 0.0499465 0.0432424 0.0366038 0.0301954 0.0241588 0.0186301 0.0137426 0.00961444 0.006322 0.003872
 0.00834668 0.0134945 0.0201945 0.0283566 0.0377124 0.0476826 0.057321 0.0655076 0.0713255 0.074341 0.074611 0.0725066 0.0685339 0.0632251 0.0570715 0.0504773 0.043742 0.037077 0.0306389 0.0245616 0.0189784 0.0140257 0.00982864 0.00647174 0.00396811
#obs surv len freq
 0.00496873 0.00813662 0.0123726 0.0176893 0.023961 0.0308248 0.0376591 0.0437443 0.0485318 0.0518189 0.0537196 0.0545136 0.0545164 0.0540233 0.0532958 0.0525504 0.0519352 0.051487 0.0510678 0.050308 0.0486247 0.0453866 0.0402161 0.033282 0.0253665
 0.00518329 0.00848955 0.0129111 0.0184595 0.0249979 0.0321376 0.0392165 0.0454712 0.0503214 0.053555 0.0552961 0.0558417 0.0555227 0.0546449 0.0534783 0.0522525 0.0511379 0.0502048 0.0493573 0.048271 0.0464046 0.0431555 0.0381504 0.0315285 0.0240106
 0.00540205 0.00884967 0.0134617 0.0192497 0.0260684 0.0335056 0.0408604 0.0473232 0.0522754 0.0554855 0.0570778 0.0573644 0.0566977 0.0554046 0.0537722 0.0520417 0.050396 0.0489267 0.0475754 0.0460717 0.0439358 0.0406161 0.0357581 0.0294727 0.0224076
 0.00564563 0.00924571 0.0140581 0.0200918 0.0271914 0.034922 0.0425469 0.0492144 0.0542714 0.0574687 0.0589293 0.0589748 0.0579718 0.0562643 0.0541565 0.0519052 0.0497073 0.0476729 0.0457758 0.0437985 0.0413305 0.0378869 0.0331474 0.0272019 0.0206209
 0.00588859 0.00964692 0.0146733 0.0209761 0.0283878 0.0364437 0.0443596 0.0512322 0.0563719 0.0595184 0.0608069 0.0605803 0.0592259 0.0571034 0.0545279 0.0517646 0.0490192 0.0464169 0.043961 0.0414855 0.0386518 0.0350496 0.0304044 0.0247934 0.0187108
 0.00614035 0.0100576 0.0152943 0.021857 0.0295679 0.0379376 0.046142 0.0532301 0.058472 0.061587 0.0627112 0.062205 0.0604815 0.0579264 0.0548754 0.0516057 0.0483289 0.0451782 0.0421786 0.0392097 0.0360031 0.0322254 0.0276542 0.0223613 0.0167693
 0.0063862 0.0104607 0.0159073 0.0227306 0.0307408 0.0394209 0.0479031 0.0551885 0.0605114 0.0635784 0.0645332 0.0637541 0.0616749 0.0587014 0.0551877 0.0514256 0.0476372 0.043965 0.0404523 0.0370174 0.0334543 0.0295029 0.0249937 0.0199982 0.0148742
 0.00662491 0.0108524 0.0165034 0.0235811 0.0318845 0.0408694 0.0496247 0.0571025 0.0624995 0.0655078 0.0662789 0.0652132 0.0627708 0.059382 0.0554202 0.0511902 0.0469222 0.0427668 0.0387834 0.0349242 0.0310383 0.0269312 0.0224825 0.0177656 0.0130803
 0.00683591 0.0112008 0.0170376 0.0243496 0.032926 0.0421978 0.0512132 0.0588779 0.0643524 0.067313 0.0679167 0.0665821 0.0637932 0.0600056 0.0556147 0.050942 0.046228 0.0416312 0.0372248 0.0329891 0.0288202 0.0245805 0.0201924 0.0157309 0.0114445
 0.0070517 0.011553 0.0175704 0.0251048 0.0339352 0.0434691 0.052718 0.0605458 0.0660798 0.0689827 0.0694162 0.067817 0.0646924 0.0605223 0.0557242 0.0506369 0.0455128 0.0405195 0.035742 0.0311843 0.0267811 0.0224414 0.0181228 0.0139002 0.00997642
 0.00727685 0.0119209 0.018127 0.0258928 0.0349843 0.044781 0.0542526 0.0622174 0.0677714 0.0705696 0.0707888 0.0688919 0.0654149 0.060863 0.0556743 0.0502025 0.0447097 0.0393707 0.0342808 0.0294624 0.0248812 0.0204832 0.0162523 0.0122606 0.00866988
 0.00745063 0.0122107 0.0185764 0.0265466 0.0358782 0.0459266 0.0556215 0.0637365 0.0693331 0.0720535 0.0720827 0.0699067 0.0660906 0.0611691 0.0556052 0.0497711 0.0439401 0.0382943 0.0329369 0.0279051 0.0231883 0.0187602 0.0146234 0.0108444 0.00754829
 0.00753821 0.0123558 0.0188007 0.0268742 0.0363338 0.0465306 0.056383 0.064646 0.0703583 0.0731387 0.0731535 0.0708785 0.0668806 0.0617084 0.0558476 0.0496949 0.0435464 0.0376023 0.0319814 0.0267382 0.0218828 0.0174106 0.013337 0.00972129 0.0066571
 0.00759686 0.012443 0.0189174 0.0270182 0.0365031 0.0467291 0.0566233 0.0649489 0.0707465 0.0736276 0.0737412 0.0715387 0.0675618 0.0623397 0.0563512 0.0500014 0.0436064 0.0373934 0.0315102 0.0260396 0.0210183 0.0164638 0.0124033 0.00888902 0.00598813
 0.00766578 0.0125476 0.0190606 0.0271967 0.0367077 0.0469458 0.056836 0.0651442 0.0709203 0.0737905 0.0739177 0.0717572 0.0678393 0.0626692 0.0566963 0.0503031 0.0437978 0.0374173 0.0313335 0.0256621 0.0204748 0.0158182 0.0117354 0.00827626 0.00548675
 0.00770667 0.0126104 0.0191481 0.0273086 0.0368403 0.0470915 0.056984 0.0652813 0.0710344 0.0738761 0.0739798 0.0718128 0.0679127 0.0627818 0.0568556 0.0504932 0.0439791 0.0375361 0.031339 0.0255238 0.0201942 0.0154302 0.0112981 0.00785335 0.00512889
 0.00774731 0.0126704 0.0192271 0.0274023 0.0369416 0.0471928 0.0570785 0.0653636 0.0711005 0.0739235 0.0740088 0.0718276 0.0679228 0.0628009 0.0568973 0.050564 0.0440707 0.0376229 0.0313837 0.025491 0.0200655 0.015214 0.0110275 0.0075738 0.00488169
 0.00783626 0.0128075 0.019419 0.0276487 0.0372338 0.0475129 0.0573991 0.0656506 0.0713204 0.0740524 0.0740383 0.0717659 0.0677901 0.0626239 0.0567042 0.0503791 0.0439098 0.0374881 0.0312624 0.0253616 0.0199084 0.0150224 0.0108125 0.00735923 0.00469332
 0.00783696 0.0128139 0.0194383 0.0276905 0.0373076 0.0476237 0.0575437 0.0658167 0.071489 0.0742026 0.0741524 0.0718328 0.0678065 0.0625948 0.056641 0.0502969 0.043823 0.037406 0.0311861 0.0252836 0.0198176 0.0149118 0.0106848 0.00722702 0.00457293
 0.00786269 0.0128466 0.0194712 0.0277131 0.0373104 0.0476047 0.0575123 0.0657917 0.0714906 0.0742423 0.0742278 0.0719287 0.0679023 0.0626718 0.0566881 0.0503123 0.0438123 0.0373777 0.0311472 0.0252366 0.0197609 0.0148432 0.0106057 0.00714402 0.00449582
 0.00788943 0.0128871 0.0195258 0.0277791 0.0373806 0.0476676 0.0575541 0.0658006 0.0714628 0.0741867 0.0741644 0.0718799 0.067883 0.0626829 0.0567187 0.0503465 0.0438369 0.0373862 0.0311391 0.0252141 0.0197264 0.0147987 0.010554 0.00708993 0.00444541
 0.00791132 0.0129203 0.0195716 0.0278365 0.037447 0.0477383 0.0576219 0.0658563 0.071496 0.0741894 0.0741344 0.0718238 0.0678152 0.0626208 0.0566749 0.0503246 0.0438314 0.0373872 0.0311371 0.0252036 0.0197058 0.0147693 0.0105188 0.00705307 0.00441125
 0.00790606 0.0129115 0.0195579 0.0278167 0.0374206 0.0477061 0.0575869 0.0658226 0.0714684 0.0741709 0.0741254 0.0718227 0.0678195 0.0626301 0.0566913 0.0503509 0.0438684 0.0374315 0.031182 0.0252414 0.0197312 0.0147804 0.0105173 0.00704296 0.00439736
 0.00787787 0.0128646 0.0194857 0.0277132 0.0372825 0.0475363 0.0573966 0.0656315 0.0713004 0.0740482 0.0740628 0.0718245 0.0678802 0.0627371 0.0568291 0.050505 0.0440271 0.0375856 0.0313239 0.0253643 0.0198299 0.0148524 0.0105639 0.00706872 0.00440848
 0.00786803 0.0128428 0.0194421 0.0276354 0.0371587 0.0473605 0.0571739 0.0653795 0.0710464 0.073823 0.0738947 0.0717335 0.0678752 0.0628143 0.0569741 0.0506969 0.0442431 0.0378053 0.031531 0.0255472 0.0199809 0.0149684 0.0106458 0.00712108 0.00443835
 0.00787258 0.0128467 0.0194412 0.0276226 0.0371247 0.0472953 0.0570691 0.0652317 0.0708601 0.0736128 0.073684 0.0715511 0.0677478 0.0627605 0.057 0.0507951 0.0443963 0.0379909 0.0317259 0.0257319 0.0201414 0.0150968 0.0107402 0.00718448 0.00447687
 0.00784585 0.0128066 0.0193868 0.0275549 0.0370457 0.0472067 0.0569713 0.065124 0.0707421 0.0734856 0.0735529 0.0714262 0.0676443 0.0626959 0.0569892 0.050846 0.0445064 0.0381473 0.0319088 0.0259194 0.0203142 0.0152416 0.0108509 0.00726165 0.00452569
 0.00783864 0.0127903 0.0193543 0.0274977 0.0369565 0.0470844 0.0568238 0.0649671 0.0705938 0.0733603 0.0734565 0.0713579 0.0676011 0.0626769 0.056998 0.0508892 0.0445889 0.0382683 0.0320596 0.0260848 0.0204765 0.015385 0.0109656 0.00734471 0.00458006
 0.007802 0.0127333 0.019273 0.0273897 0.0368211 0.0469224 0.0566388 0.0647676 0.0703944 0.0731802 0.073316 0.0712727 0.0675779 0.0627123 0.0570825 0.0510116 0.0447402 0.0384416 0.0322478 0.0262778 0.0206613 0.0155487 0.0110984 0.00744277 0.00464568
 0.00776589 0.0126713 0.0191739 0.0272421 0.0366174 0.0466639 0.05634 0.0644552 0.0701014 0.0729367 0.0731437 0.0711829 0.0675731 0.0627884 0.0572288 0.0512127 0.0449783 0.0386993 0.0325098 0.0265305 0.0208926 0.0157479 0.0112581 0.00756072 0.00472517
 0.00775358 0.0126499 0.019139 0.0271877 0.0365364 0.0465492 0.0561869 0.0642644 0.0698814 0.0727054 0.0729258 0.0710046 0.0674563 0.0627458 0.0572628 0.0513165 0.0451384 0.0388985 0.0327294 0.0267529 0.0211019 0.0159314 0.0114074 0.00767257 0.00480175
 0.00932877 0.0148542 0.0217979 0.0299192 0.0388621 0.0480719 0.0567302 0.0638986 0.0688408 0.0712681 0.0713269 0.0694072 0.0659596 0.0614057 0.0561079 0.0503564 0.0443688 0.0383047 0.0322901 0.0264431 0.0208959 0.0158039 0.0113354 0.00763634 0.00478618
 0.00930561 0.0151078 0.0226931 0.0319086 0.0422889 0.0529035 0.0623898 0.0693593 0.072991 0.0733505 0.0711884 0.0674398 0.06283 0.0577706 0.0524519 0.0469664 0.0413819 0.0357682 0.030204 0.024783 0.0196232 0.0148705 0.0106858 0.00721126 0.00452701
 0.00895183 0.0145519 0.0219139 0.0309558 0.0413361 0.052284 0.062557 0.070726 0.0756846 0.0770308 0.0750887 0.0706592 0.0647091 0.0581202 0.0515233 0.0452408 0.039342 0.0337662 0.0284379 0.0233331 0.0184986 0.0140434 0.0101108 0.00683598 0.00429888
 0.00877608 0.0142548 0.0214464 0.0302687 0.0403989 0.0511189 0.0612813 0.0695797 0.0750098 0.0771765 0.0762565 0.0727579 0.067323 0.0606445 0.0534089 0.0462026 0.039416 0.033211 0.0275751 0.0224251 0.017703 0.0134239 0.0096704 0.00654718 0.00412395
 0.00871447 0.014148 0.0212723 0.0299996 0.0400041 0.0505717 0.0605716 0.0687321 0.0741042 0.0763631 0.0757461 0.0727686 0.0679852 0.0619076 0.0550175 0.0477807 0.0406209 0.033866 0.0277046 0.0221913 0.0173031 0.0130128 0.00933274 0.00630813 0.00397349
 0.00869127 0.0141097 0.021213 0.0299116 0.0398771 0.0503921 0.0603231 0.068399 0.0736789 0.075859 0.0752135 0.0723051 0.0677247 0.0619779 0.055476 0.0485632 0.0415469 0.0347088 0.0282894 0.0224585 0.0173053 0.0128609 0.00913443 0.00613275 0.00384806
 0.00868575 0.0140991 0.0211939 0.0298797 0.0398274 0.0503201 0.0602247 0.0682699 0.0735132 0.0756495 0.0749575 0.0720141 0.0674367 0.0617605 0.0554104 0.0487085 0.0419011 0.0351945 0.0287814 0.0228402 0.017518 0.0129155 0.00908687 0.00604589 0.00376573
 0.00865685 0.0140562 0.021137 0.029811 0.0397507 0.0502389 0.0601412 0.0681846 0.0734253 0.0755566 0.0748557 0.0719 0.0673115 0.0616373 0.055319 0.0486907 0.0419921 0.0354 0.0290648 0.0231345 0.0177564 0.0130612 0.00914261 0.00604107 0.00373486
 0.00864867 0.0140396 0.021106 0.029759 0.0396728 0.0501352 0.0600196 0.0680593 0.0733121 0.0754668 0.0747922 0.0718576 0.0672812 0.0616122 0.0552999 0.0486892 0.0420281 0.0354909 0.0292121 0.0233173 0.0179379 0.0132062 0.00923342 0.00608122 0.00374136
 0.00866462 0.0140635 0.0211379 0.0297967 0.0397114 0.050167 0.060035 0.0680494 0.0732719 0.0753986 0.074705 0.0717638 0.0671918 0.061533 0.0552335 0.0486381 0.0419983 0.0354914 0.0292496 0.0233889 0.0180291 0.0132957 0.00930304 0.00612338 0.00375941
 0.00865453 0.0140525 0.0211311 0.0298018 0.0397359 0.0502142 0.0601011 0.0681224 0.0733354 0.0754368 0.0747079 0.07173 0.0671279 0.0614511 0.0551465 0.0485573 0.0419325 0.0354476 0.0292327 0.0233997 0.0180622 0.0133399 0.00934566 0.00615531 0.00377793
 0.0086318 0.014017 0.0210808 0.0297368 0.03966 0.0501358 0.0600328 0.0680786 0.073327 0.0754657 0.0747651 0.0717986 0.0671902 0.061495 0.0551686 0.0485618 0.041928 0.0354435 0.0292367 0.0234161 0.0180904 0.0133754 0.00938135 0.00618484 0.00379815
 0.00864003 0.014027 0.0210897 0.0297398 0.0396517 0.0501125 0.0599947 0.0680308 0.0732787 0.0754278 0.0747465 0.071803 0.0672139 0.0615284 0.0552001 0.0485831 0.0419367 0.0354429 0.0292334 0.0234165 0.0180982 0.0133902 0.00939973 0.00620257 0.00381203
 0.00862393 0.014005 0.0210639 0.0297145 0.0396311 0.0500983 0.0599848 0.06802 0.0732618 0.0754035 0.074719 0.0717804 0.0672045 0.0615366 0.0552244 0.0486167 0.0419713 0.0354726 0.0292563 0.0234344 0.0181141 0.0134062 0.00941581 0.0062173 0.00382381
 0.00861428 0.0139888 0.0210389 0.0296788 0.0395848 0.0500448 0.0599307 0.0679743 0.0732318 0.0753916 0.0747221 0.0717928 0.0672213 0.0615567 0.055249 0.0486472 0.0420066 0.0355093 0.0292906 0.0234639 0.0181384 0.0134262 0.00943243 0.00623079 0.00383406
 0.00861428 0.0139888 0.0210389 0.0296788 0.0395848 0.0500448 0.0599307 0.0679743 0.0732318 0.0753916 0.0747221 0.0717928 0.0672213 0.0615567 0.055249 0.0486472 0.0420066 0.0355093 0.0292906 0.0234639 0.0181384 0.0134262 0.00943243 0.00623079 0.00383406
#pred catch len freq
 0.00518327 0.00818632 0.0119077 0.0162348 0.0210828 0.0263725 0.0319512 0.0375592 0.0428828 0.0476369 0.0516154 0.0547049 0.0568859 0.0582174 0.0588005 0.0587366 0.0581009 0.0569292 0.0551966 0.05278 0.0494377 0.044874 0.0389215 0.0317657 0.0240363
 0.00562809 0.00880717 0.0126583 0.0170226 0.0218143 0.0270135 0.0325617 0.038266 0.043799 0.0487756 0.0528529 0.0558191 0.0576449 0.0584696 0.0585245 0.0580341 0.0571433 0.0558825 0.0541584 0.0517577 0.0483789 0.0437311 0.037709 0.0305703 0.0229776
 0.00611204 0.00956632 0.0137435 0.0184477 0.0235379 0.0289247 0.0344834 0.0399964 0.0451852 0.0497767 0.0535392 0.0562965 0.0579593 0.0585647 0.0582808 0.0573549 0.0560217 0.0544076 0.052467 0.0499731 0.0465803 0.0419673 0.0360336 0.0290607 0.0217193
 0.00659548 0.0103195 0.0148187 0.0198782 0.0253398 0.0310927 0.0369719 0.0426904 0.0478848 0.0522186 0.0554623 0.0575246 0.0584496 0.0583873 0.0575463 0.0561474 0.054385 0.0523804 0.0501224 0.0474275 0.0439745 0.0394433 0.0337227 0.0270762 0.0201403
 0.00709256 0.0110881 0.0159037 0.0213005 0.0271005 0.0331796 0.0393565 0.0453168 0.0506547 0.0549805 0.0580097 0.0596153 0.0598534 0.0589471 0.0572193 0.0549992 0.0525444 0.0499911 0.0473243 0.0443668 0.0408182 0.0363783 0.0309352 0.0247196 0.0183046
 0.00756717 0.0118308 0.0169684 0.0227207 0.0288877 0.0353205 0.0418053 0.0479893 0.053432 0.0577203 0.0605569 0.0618053 0.0615145 0.0599135 0.057359 0.0542486 0.050928 0.0476169 0.0443598 0.0410156 0.0373069 0.0329464 0.0278136 0.0220942 0.0162789
 0.00800776 0.012517 0.0179469 0.0240201 0.0305207 0.0372848 0.0440767 0.0505091 0.0560991 0.0603939 0.0630708 0.0639883 0.0632088 0.0609852 0.0577019 0.0537889 0.0496376 0.0455304 0.0415874 0.037742 0.0337769 0.0294372 0.0245954 0.0193821 0.0141912
 0.00834014 0.0130411 0.0187065 0.0250477 0.0318366 0.0388929 0.0459572 0.0526118 0.0583425 0.0626716 0.0652592 0.0659541 0.0648169 0.0621094 0.0582343 0.0536473 0.0487723 0.0439365 0.0393211 0.0349361 0.0306419 0.0262398 0.0216126 0.0168429 0.0122274
 0.00848527 0.0132938 0.0191187 0.0256813 0.0327526 0.0401345 0.0475295 0.05447 0.0603945 0.064792 0.0673074 0.0677921 0.0663223 0.063182 0.0587961 0.0536394 0.0481543 0.0426941 0.0374827 0.0325925 0.0279587 0.023447 0.0189651 0.0145631 0.010451
 0.00858894 0.0134512 0.019338 0.0259703 0.033128 0.0406306 0.048199 0.0553697 0.0615581 0.0662033 0.0688884 0.0694138 0.0678328 0.0644364 0.0596766 0.0540605 0.0480609 0.0420597 0.0363165 0.0309544 0.0259729 0.0212985 0.0168714 0.0127234 0.0089967
 0.00884821 0.0138363 0.0198496 0.0265848 0.0338049 0.0413254 0.0488768 0.0560144 0.062178 0.0668285 0.0695567 0.070146 0.0686096 0.0651907 0.060306 0.054453 0.048119 0.0417168 0.0355476 0.0297859 0.0244903 0.0196444 0.0152224 0.0112491 0.00781559
 0.00912068 0.0142611 0.0204539 0.0273791 0.0347773 0.0424373 0.0500575 0.057166 0.0631938 0.0676221 0.070088 0.0704288 0.068698 0.0651484 0.0601751 0.0542339 0.0477722 0.0411829 0.0347756 0.0287604 0.0232491 0.0182805 0.0138664 0.0100339 0.0068378
 0.0092653 0.0144956 0.0208063 0.0278762 0.0354411 0.0432766 0.0510576 0.0582782 0.064334 0.0686805 0.0709502 0.0710048 0.0689469 0.0650883 0.0598687 0.0537572 0.0471814 0.0404975 0.0339853 0.0278496 0.0222257 0.0171927 0.0127973 0.00907716 0.00606588
 0.00939993 0.0146985 0.0210834 0.0282265 0.0358631 0.0437756 0.0516469 0.0589711 0.0651276 0.0695399 0.0718031 0.0717518 0.0694868 0.0653477 0.0598237 0.0534353 0.0466442 0.0398124 0.0332034 0.0270019 0.0213358 0.0162943 0.0119417 0.00832364 0.00546182
 0.00955589 0.0149186 0.0213528 0.0285113 0.0361208 0.043973 0.0517761 0.0590547 0.0652124 0.0696814 0.0720444 0.0721037 0.0699156 0.0657809 0.0601718 0.0536229 0.046632 0.0396027 0.0328278 0.0265041 0.0207611 0.0156884 0.0113527 0.0077985 0.00503655
 0.00960147 0.0149997 0.0214866 0.0287137 0.0363984 0.0443123 0.0521376 0.0593814 0.0654512 0.0698084 0.0720777 0.0720945 0.0699217 0.0658374 0.0602741 0.0537293 0.0466842 0.0395511 0.0326493 0.026206 0.0203741 0.015256 0.0109216 0.00741073 0.00472177
 0.00958871 0.0149789 0.0214563 0.028676 0.0363621 0.0442953 0.0521648 0.0594752 0.0656173 0.0700266 0.0723072 0.072293 0.0700681 0.0659391 0.0603553 0.0538087 0.0467583 0.0395945 0.0326296 0.0261021 0.0201869 0.0150085 0.01065 0.00715241 0.00450522
 0.00975362 0.0152083 0.02173 0.0289509 0.0365843 0.0444203 0.052175 0.059386 0.0654704 0.0698737 0.0721915 0.0722358 0.0700644 0.065967 0.0603915 0.0538389 0.0467775 0.0395979 0.0326069 0.0260396 0.0200766 0.0148556 0.0104732 0.00697715 0.00435391
 0.00978991 0.0152841 0.0218729 0.0291912 0.0369404 0.0448796 0.0526825 0.0598528 0.0658039 0.0700151 0.0721373 0.0720323 0.0697818 0.0656693 0.0601182 0.0536042 0.0465786 0.0394255 0.0324501 0.0258881 0.0199226 0.0146972 0.0103161 0.00683263 0.00423347
 0.00978658 0.0152833 0.021882 0.0292241 0.0370192 0.0450329 0.0529377 0.0602209 0.0662627 0.0705008 0.0725582 0.0723008 0.0698503 0.0655466 0.0598584 0.0532778 0.0462449 0.0391193 0.0321836 0.0256592 0.0197242 0.0145231 0.0101645 0.00670542 0.00413349
 0.0097704 0.0152585 0.0218479 0.0291825 0.0369755 0.0449986 0.0529313 0.0602677 0.0663886 0.0707215 0.0728649 0.072653 0.0701819 0.0657875 0.0599622 0.0532381 0.0460927 0.0389041 0.0319515 0.0254406 0.0195327 0.0143617 0.010032 0.00660017 0.00405427
 0.00987273 0.0153982 0.0220086 0.0293323 0.0370759 0.0450189 0.0528615 0.0601232 0.0662064 0.0705502 0.0727524 0.0726329 0.0702614 0.0659422 0.0601428 0.0533895 0.0461752 0.0389059 0.0318867 0.0253366 0.0194163 0.0142513 0.00993707 0.00652432 0.00399763
 0.0100102 0.0156061 0.0222914 0.0296809 0.0374667 0.0454147 0.0532145 0.0603823 0.0663302 0.0705219 0.0725885 0.072379 0.0699762 0.0656775 0.0599278 0.0532252 0.0460417 0.0387778 0.0317475 0.0251847 0.0192621 0.0141091 0.00981797 0.006433 0.00393324
 0.00990786 0.0154593 0.0221074 0.0294797 0.0372769 0.0452651 0.0531259 0.0603621 0.0663712 0.0706041 0.0726862 0.0724707 0.0700537 0.0657483 0.0600076 0.0533261 0.046163 0.0389048 0.0318591 0.0252643 0.0193041 0.0141189 0.00980711 0.00641332 0.00391325
 0.00977882 0.0152639 0.0218404 0.0291477 0.0368982 0.0448681 0.0527482 0.0600467 0.0661584 0.0705213 0.0727385 0.0726399 0.0703053 0.0660435 0.0603151 0.0536269 0.046448 0.0391677 0.0320917 0.0254568 0.0194493 0.0142166 0.00986425 0.00644126 0.0039236
 0.00960182 0.0150053 0.0215053 0.0287591 0.0364897 0.0444734 0.0523931 0.059749 0.0659334 0.0703856 0.0727087 0.0727259 0.0705031 0.0663324 0.060662 0.0539956 0.0468079 0.039498 0.0323804 0.0256969 0.0196375 0.0143535 0.00995503 0.0064953 0.003952
 0.00939547 0.0146935 0.0210808 0.0282327 0.0358898 0.0438418 0.0517814 0.0592135 0.0655258 0.0701423 0.0726444 0.0728352 0.0707665 0.0667218 0.061143 0.0545289 0.0473524 0.0400165 0.032844 0.0260879 0.0199486 0.0145857 0.0101165 0.00659881 0.00401262
 0.00918054 0.0143672 0.020633 0.0276696 0.035232 0.0431215 0.0510409 0.0585061 0.0649133 0.0696869 0.0723965 0.0728213 0.0709841 0.0671408 0.0617143 0.0551946 0.0480549 0.0407041 0.0334749 0.0266325 0.0203905 0.0149219 0.0103551 0.00675582 0.00410766
 0.00891533 0.0139638 0.0200776 0.0269681 0.034408 0.0422119 0.0500948 0.057585 0.0640885 0.0690319 0.0719761 0.0726811 0.0711418 0.0675821 0.0623936 0.0560428 0.0489916 0.0416505 0.0343637 0.0274139 0.0210348 0.0154195 0.0107134 0.00699507 0.0042549
 0.00858926 0.0134724 0.0194098 0.0261385 0.0334513 0.0411737 0.0490268 0.0565458 0.0631449 0.0682558 0.0714362 0.0724329 0.0712174 0.0679832 0.0630887 0.0569706 0.050069 0.0427848 0.0354658 0.0284101 0.0218751 0.0160804 0.0111967 0.00732222 0.00445872
 0.00846433 0.0132665 0.0190952 0.0256886 0.0328471 0.0404139 0.0481369 0.0555806 0.0621804 0.0673752 0.0707166 0.071938 0.0709934 0.0680554 0.0634573 0.0576072 0.050917 0.0437651 0.0364885 0.029388 0.0227377 0.0167833 0.0117253 0.00768795 0.0046906
 0.00924887 0.0143684 0.0204311 0.0270691 0.0340259 0.0411689 0.0483395 0.0552177 0.0613338 0.0661821 0.0693352 0.0705232 0.0696811 0.0669519 0.0626336 0.0570969 0.0507169 0.0438379 0.0367687 0.0297938 0.023186 0.0172047 0.0120747 0.00794695 0.00486321
 0.0100983 0.0156617 0.022207 0.0292862 0.0365508 0.0437754 0.0507195 0.0570258 0.0622713 0.0660934 0.068262 0.0686823 0.0673846 0.0645162 0.060317 0.0550757 0.0490871 0.0426277 0.0359535 0.0293115 0.0229535 0.0171353 0.0120927 0.00799741 0.00491407
 0.0102717 0.0159921 0.0227939 0.0302515 0.0380082 0.0457773 0.0532018 0.0597772 0.0649499 0.0682918 0.0696071 0.0689403 0.066531 0.0627391 0.0579497 0.0524918 0.0466078 0.0404709 0.0342269 0.028032 0.0220757 0.0165799 0.0117707 0.00782776 0.0048336
 0.0100456 0.0156773 0.0224236 0.0299046 0.0378073 0.0458742 0.0537496 0.060888 0.0666395 0.070431 0.0719113 0.0710214 0.0680045 0.0633432 0.0576243 0.0513828 0.0450005 0.0386895 0.0325448 0.0266232 0.0210094 0.0158442 0.0113067 0.00756037 0.00469317
 0.00982232 0.0153351 0.0219495 0.0293064 0.0371201 0.0451667 0.0531305 0.0605028 0.0666477 0.0709611 0.0730042 0.0725859 0.0698093 0.0650642 0.0589385 0.0520727 0.0450199 0.0381599 0.0316904 0.0256819 0.0201624 0.0151866 0.0108558 0.0072844 0.00454176
 0.00976482 0.015231 0.0217731 0.0290273 0.0367101 0.0446135 0.0524528 0.0597618 0.0659492 0.0704445 0.0728165 0.0728402 0.0705374 0.066182 0.0602488 0.0533166 0.0459613 0.0386653 0.0317627 0.0254357 0.0197601 0.0147725 0.0105179 0.00705177 0.00440311
 0.00979603 0.0152737 0.0218209 0.029065 0.036713 0.0445478 0.0522813 0.0594547 0.065501 0.0698911 0.0722429 0.0723699 0.0703008 0.0662719 0.0606783 0.0540014 0.0467399 0.0393554 0.0322288 0.0256324 0.0197313 0.0146124 0.0103217 0.00688272 0.00428569
 0.0097525 0.0152189 0.0217673 0.0290331 0.0367235 0.0446102 0.0523838 0.0595619 0.0655617 0.0698551 0.0720815 0.0720939 0.0699679 0.0659757 0.0605173 0.0540377 0.0469687 0.0397029 0.0325844 0.0258979 0.0198594 0.0146144 0.0102464 0.00678394 0.00420005
 0.0097231 0.0151688 0.0216888 0.0289205 0.0365778 0.0444446 0.0522249 0.0594433 0.0655093 0.0698714 0.0721406 0.0721519 0.0699864 0.065944 0.0604617 0.0540099 0.0470177 0.0398461 0.0327954 0.02612 0.0200357 0.0147146 0.0102741 0.00676505 0.00416404
 0.00970029 0.0151352 0.0216443 0.0288658 0.036513 0.0443674 0.0521318 0.0593339 0.065392 0.0697652 0.0720686 0.0721292 0.0700099 0.0659937 0.0605145 0.0540558 0.047066 0.0399161 0.0328984 0.0262475 0.0201623 0.0148135 0.0103315 0.00678451 0.00415973
