SBPRF35
10.072
Curr Bio
594796
B35
741178
F35
0.187347
FOFL
0.145015
OFL
68426.9
Bzero
2.87771e+006
#pred survey bio
 4.13379e+006 3.963e+006 3.79501e+006 3.57795e+006 3.31436e+006 3.04477e+006 2.74038e+006 2.47071e+006 2.2052e+006 1.96372e+006 1.72441e+006 1.52755e+006 1.34316e+006 1.18331e+006 1.05542e+006 938581 846959 769762 716614 671119 630364 607323 595412 572917 568375 555109 550616 551501 540222 537852 541564 552157 553786 552094 548899 541224 544635 534573 531957 547011 553971 550157 549397 556769 567063 571747 580392 575152 581759 563375 568461 611367 584000 591404 596953 617698 622549 613225 588495 535800 527465 534524 599940 2.05348e+007 1.23015e+007 1.25972e+007 1.35153e+007 1.48202e+007 1.62406e+007 1.75858e+007 1.87558e+007 1.9718e+007 2.04796e+007 2.10669e+007 2.15116e+007 2.18444e+007 2.20918e+007 2.2275e+007 2.24106e+007 2.25112e+007 2.25859e+007 2.26418e+007 2.26837e+007 2.27153e+007 2.27393e+007 2.27576e+007 2.27716e+007 2.27825e+007 2.27908e+007 2.27973e+007 2.28024e+007 2.28064e+007 2.28095e+007 2.28119e+007 2.28138e+007 2.28153e+007 2.28165e+007 2.28175e+007 2.28182e+007 2.28188e+007 2.28193e+007 2.28197e+007 2.282e+007 2.28202e+007 2.28204e+007 2.28206e+007 2.28207e+007 2.28208e+007 2.28209e+007 2.2821e+007 2.2821e+007 2.2821e+007 2.28211e+007 2.28211e+007 2.28211e+007 2.28211e+007 2.28211e+007 2.28212e+007 2.28212e+007 2.28212e+007 2.28212e+007 2.28212e+007 2.28212e+007 2.28212e+007 2.28212e+007 2.28212e+007 2.28212e+007 2.28212e+007 2.28212e+007 2.28212e+007 2.28212e+007 2.28212e+007 2.28212e+007 2.28212e+007 2.28212e+007 2.28212e+007 2.28212e+007 2.28212e+007 2.28212e+007 2.28212e+007 2.28212e+007 2.28212e+007 2.28212e+007 2.28212e+007 2.28212e+007 2.28212e+007 2.28212e+007 2.28212e+007 2.28212e+007 2.28212e+007 2.28212e+007 2.28212e+007 2.28212e+007 2.28212e+007 2.28212e+007 2.28212e+007 2.28212e+007 2.28212e+007 2.28212e+007 2.28212e+007 2.28212e+007 2.28212e+007 2.28212e+007 0 0 0 0 0 0 0 0 0 0 0 0 0 0 0 0 0 0 0 0 0 0 0 0 0
#obs survey bio
 3.6244e+006 3.59681e+006 3.52109e+006 3.9128e+006 2.61229e+006 2.76939e+006 3.56453e+006 2.09129e+006 1.63831e+006 2.03621e+006 1.47854e+006 1.26257e+006 1.13595e+006 1.12055e+006 998671 702910 701105 612185 702091 549831 630277 482858 530394 794436 440859 456396 369614 459979 405074 427369 384938 706208 553298 760874 540789 557863 650745 716004 303305 602461 621566 716954 617476 539464 533378 646178 828586 635094 724714 434257 630532 515908 590778 475547 462268 557519 673858 842336 586381 651005 365521 589836 515674
#pred catch bio
 107838 106364 157393 212636 235804 288317 278401 295438 292596 306335 280594 278046 260915 234359 224142 200745 186055 162349 152081 143592 124757 112973 119401 101982 107926 99818.8 95953.2 106445 98608.2 93537.3 87869.3 94528.4 94821 92489 92394.4 81980.4 95838.8 92722 80859.9 89139.8 97409.3 93503.4 86425.3 84806.8 90146.3 86912 98053.9 87172.4 107064 86203.3 56243.4 116302 86295.2 89761.3 78785.2 93143.4 104187 115745 137208 98416.7 86126.3 38526 101804 68426.9 86468.9 87254.3 92184.6 100583 110116 119149 126896 133128 137925 141497 144093 145944 147244 148148 148769 149194 149482 149677 149808 149896 149955 149995 150021 150038 150050 150058 150063 150066 150068 150070 150071 150072 150072 150072 150072 150073 150073 150073 150073 150073 150073 150073 150073 150073 150073 150073 150073 150073 150073 150073 150073 150073 150073 150073 150073 150073 150073 150073 150073 150073 150073 150073 150073 150073 150073 150073 150073 150073 150073 150073 150073 150073 150073 150073 150073 150073 150073 150073 150073 150073 150073 150073 150073 150073 150073 150073 150073 150073 150073 150073 150073 150073 150073 150073 150073 150073 150073 150073 150073 0 0 0 0 0 0 0 0 0 0 0 0 0 0 0 0 0 0 0 0 0 0 0 0 0
#obs catch bio
 0 106119 157953 213506 236973 291267 280383 299011 296095 311017 285214 283316 266605 238570 226906 203259 189077 165396 154198 146084 126097 114390 120882 102623 108889 100301 97061.8 108186 100292 95374.1 89159 96165 96187.3 93571.4 93059.4 81973.2 96130.3 92557.6 81072.3 89071.3 97001.4 92965.6 85760.9 84473.1 90189.9 86457.6 97650.5 86510.1 106149 85859.7 55431.4 116457 85700 89815.9 78655.1 93236.4 103912 114754 136338 97538.4 86550.7 37951.8 102588
#pred cpue bio
 4.06805e+006 3.90059e+006 3.73569e+006 3.52028e+006 3.25791e+006 2.98943e+006 2.68667e+006 2.41835e+006 2.15433e+006 1.9143e+006 1.67691e+006 1.48174e+006 1.29939e+006 1.14176e+006 1.01601e+006 901319 811305 735718 684053 640191 601025 578972 567627 546045 541863 529103 524548 525108 514021 511701 515435 525988 528081 527139 524940 518243 521210 510083 506414 520805 528026 524816 524319 531467 541345 545918 554482 549610 556221 538499 543385 585148 558658 565446 570456 590573 595591 586756 562512 510752 502144 509188 573824 1.97054e+007 1.18323e+007 1.19913e+007 1.27264e+007 1.39547e+007 1.53536e+007 1.66936e+007 1.78625e+007 1.88245e+007 1.95861e+007 2.01733e+007 2.0618e+007 2.09508e+007 2.11982e+007 2.13814e+007 2.1517e+007 2.16176e+007 2.16923e+007 2.17482e+007 2.17901e+007 2.18217e+007 2.18457e+007 2.1864e+007 2.1878e+007 2.18889e+007 2.18973e+007 2.19037e+007 2.19088e+007 2.19128e+007 2.19159e+007 2.19183e+007 2.19202e+007 2.19217e+007 2.19229e+007 2.19239e+007 2.19247e+007 2.19253e+007 2.19257e+007 2.19261e+007 2.19264e+007 2.19267e+007 2.19268e+007 2.1927e+007 2.19271e+007 2.19272e+007 2.19273e+007 2.19274e+007 2.19274e+007 2.19275e+007 2.19275e+007 2.19275e+007 2.19275e+007 2.19275e+007 2.19276e+007 2.19276e+007 2.19276e+007 2.19276e+007 2.19276e+007 2.19276e+007 2.19276e+007 2.19276e+007 2.19276e+007 2.19276e+007 2.19276e+007 2.19276e+007 2.19276e+007 2.19276e+007 2.19276e+007 2.19276e+007 2.19276e+007 2.19276e+007 2.19276e+007 2.19276e+007 2.19276e+007 2.19276e+007 2.19276e+007 2.19276e+007 2.19276e+007 2.19276e+007 2.19276e+007 2.19276e+007 2.19276e+007 2.19276e+007 2.19276e+007 2.19276e+007 2.19276e+007 2.19276e+007 2.19276e+007 2.19276e+007 2.19276e+007 2.19276e+007 2.19276e+007 2.19276e+007 2.19276e+007 2.19276e+007 2.19276e+007 2.19276e+007 2.19276e+007 2.19276e+007 2.19276e+007 0 0 0 0 0 0 0 0 0 0 0 0 0 0 0 0 0 0 0 0 0 0 0 0 0
#obs cpue bio
 3.29859e+006 3.13149e+006 2.16553e+006 4.38229e+006 2.3504e+006 2.6375e+006 2.13401e+006 1.90185e+006 2.52724e+006 1.5553e+006 1.29092e+006 1.43318e+006 1.02192e+006 1.10998e+006 1.36189e+006 932432 672885 550368 749296 527098 636868 474548 685511 381368 634197 675145 379167 482037 427294 385338 675808 322655 513323 371377 717524 645815 452414 523570 493789 732301 676914 475577 591288 430382 456954 704717 467969 542975 738722 556733 742448 519473 576334 519580 664887 659252 731428 653819 639870 477393 449574 667969 497962
#pred surv len freq
 0.00468595 0.00765996 0.0116251 0.0165923 0.0224554 0.0289027 0.0353942 0.0412999 0.0461387 0.0497355 0.052195 0.053762 0.0546937 0.0551953 0.0553991 0.0553641 0.0550892 0.0545259 0.0535666 0.0520009 0.0494867 0.0456172 0.0401267 0.0331497 0.0253384
 0.00482775 0.00781179 0.0117129 0.0165115 0.0221137 0.0282805 0.0345819 0.0404785 0.0455031 0.0494038 0.0521607 0.0539143 0.054888 0.0553288 0.0554548 0.0554079 0.0552277 0.0548447 0.0540777 0.0526261 0.0500881 0.0460604 0.0403409 0.0331506 0.025204
 0.00505446 0.00817112 0.0122302 0.0171871 0.0229049 0.0290853 0.0352443 0.0408315 0.0454425 0.0489508 0.0514615 0.0531674 0.0542458 0.054841 0.0550861 0.0551032 0.054969 0.0546609 0.0540079 0.0526723 0.0501954 0.0461414 0.0403251 0.0330214 0.0249994
 0.00525983 0.00850983 0.0127486 0.0179305 0.0239053 0.0303409 0.0366949 0.0423438 0.0468206 0.0499798 0.0519744 0.0531069 0.0536848 0.0539451 0.0540374 0.0540353 0.0539501 0.0537183 0.0531569 0.0519224 0.0495404 0.0455562 0.039782 0.0325125 0.0245428
 0.00549382 0.00888555 0.0133063 0.0187067 0.0249292 0.0316262 0.0382272 0.0440675 0.0486315 0.0517252 0.0534656 0.0541501 0.0541296 0.0537347 0.0532299 0.0527801 0.0524305 0.0520961 0.0515461 0.0503921 0.048129 0.0442858 0.0386685 0.031572 0.0237908
 0.00571089 0.00923961 0.0138414 0.0194651 0.0259439 0.0329095 0.0397592 0.0457917 0.050462 0.0535575 0.0551819 0.0556167 0.0551988 0.0542638 0.0531199 0.052014 0.051088 0.0503313 0.0495422 0.0483188 0.0461212 0.0424426 0.0370611 0.0302479 0.0227712
 0.00600452 0.009706 0.0145234 0.0203966 0.0271457 0.0343825 0.0414745 0.047686 0.0524419 0.055514 0.0570038 0.0571964 0.0564307 0.0550405 0.0533369 0.05159 0.0499956 0.0486227 0.0473512 0.0458366 0.0435589 0.0399971 0.0348915 0.0284609 0.0214121
 0.00628871 0.0101614 0.0151963 0.0213255 0.0283543 0.0358694 0.0432025 0.0495794 0.0543987 0.0574254 0.0587706 0.0587333 0.0576609 0.0558874 0.0537185 0.0514231 0.0492131 0.0472024 0.0453449 0.043382 0.0408657 0.0373084 0.0324359 0.0264077 0.0198447
 0.00658238 0.0106354 0.0159034 0.0223121 0.0296518 0.0374803 0.0450857 0.0516458 0.0565234 0.0594726 0.060617 0.0602819 0.0588419 0.0566499 0.0540187 0.051214 0.0484448 0.0458387 0.0433942 0.0409289 0.0380844 0.0344433 0.0297502 0.0241202 0.0180791
 0.00684509 0.0110624 0.0165461 0.0232188 0.0308594 0.0390005 0.04689 0.0536585 0.0586299 0.061539 0.0625113 0.0618892 0.0600724 0.0574411 0.0543299 0.0510164 0.0477126 0.044551 0.0415536 0.0385931 0.0353922 0.0316146 0.0270465 0.0217782 0.0162482
 0.00715504 0.0115586 0.0172785 0.0242296 0.0321754 0.0406226 0.0487803 0.0557349 0.0607746 0.0636181 0.0643945 0.0634632 0.0612476 0.0581536 0.0545403 0.0507044 0.0468692 0.0431757 0.0396629 0.0362436 0.032707 0.0287917 0.0243322 0.0194075 0.014379
 0.00739602 0.0119517 0.0178726 0.0250707 0.0332983 0.0420364 0.0504546 0.057595 0.0627123 0.0655124 0.0661302 0.0649406 0.062385 0.0588869 0.0548225 0.050504 0.0461692 0.0419732 0.0379762 0.0341278 0.0302739 0.0262183 0.0218407 0.0172147 0.0126367
 0.00759941 0.0122903 0.0183971 0.0258334 0.0343426 0.0433798 0.0520715 0.0594102 0.0646117 0.0673644 0.0678091 0.0663411 0.0634287 0.0595219 0.0550185 0.0502457 0.0454512 0.0407998 0.0363686 0.0321391 0.0280068 0.0238321 0.0195344 0.0151836 0.011019
 0.00780118 0.0126134 0.0188751 0.0264962 0.0352139 0.0444714 0.053374 0.0608856 0.0661917 0.0689568 0.0693081 0.0676412 0.0644373 0.0601696 0.0552624 0.0500665 0.0448468 0.0397805 0.03496 0.0303933 0.0260166 0.0217377 0.0175092 0.0133977 0.00959381
 0.00805103 0.0129982 0.0194146 0.0271956 0.0360647 0.0454544 0.05446 0.0620356 0.0673599 0.0700951 0.0703691 0.068576 0.0651935 0.060692 0.0554989 0.0499757 0.0444035 0.0389786 0.0338152 0.0289498 0.0243556 0.0199804 0.0158043 0.0118904 0.00838789
 0.00834386 0.0134628 0.020091 0.0281091 0.0372171 0.0468125 0.0559469 0.063536 0.0687445 0.0712548 0.0712393 0.0691403 0.0654677 0.060702 0.0552643 0.049503 0.0436887 0.038017 0.0326131 0.0275369 0.0227955 0.018372 0.01427 0.010549 0.00732275
 0.00847779 0.0136952 0.0204675 0.0286804 0.0380264 0.0478751 0.0572318 0.0649591 0.0701815 0.072568 0.0723076 0.0698813 0.0658477 0.0607329 0.0549874 0.0489683 0.042938 0.0370776 0.0315048 0.0262861 0.0214499 0.0170071 0.0129812 0.00942967 0.00643773
 0.00852093 0.013777 0.0206134 0.0289245 0.0384075 0.0484283 0.0579766 0.0658883 0.0712538 0.073707 0.0734091 0.0708306 0.0665438 0.0611097 0.0550248 0.048688 0.0423871 0.0363106 0.030572 0.0252343 0.0203306 0.0158847 0.0119307 0.00852285 0.00572359
 0.00851946 0.0137702 0.0205963 0.0288936 0.0383665 0.0483958 0.0579902 0.0660004 0.0715171 0.0741543 0.0740356 0.0715872 0.0673431 0.0618451 0.0555956 0.0490218 0.0424521 0.0361138 0.0301486 0.0246358 0.0196178 0.0151252 0.0111949 0.00787412 0.00520559
 0.00854017 0.0138014 0.0206382 0.0289437 0.0384195 0.0484443 0.0580276 0.0660263 0.0715441 0.0742109 0.0741612 0.0718165 0.0676872 0.0622783 0.0560563 0.0494282 0.0427261 0.0362021 0.030034 0.0243364 0.0191795 0.0146101 0.0106698 0.00739839 0.00481991
 0.00866082 0.0139758 0.0208604 0.029194 0.0386699 0.0486669 0.0582016 0.0661403 0.071595 0.0742046 0.0741136 0.071755 0.0676467 0.0622895 0.0561313 0.04955 0.0428507 0.0362731 0.030003 0.0241807 0.0189084 0.0142604 0.0102933 0.00704612 0.004529
 0.00873787 0.0140889 0.0210072 0.0293629 0.0388409 0.0488152 0.0583021 0.0661732 0.0715523 0.0740944 0.073961 0.0715953 0.0675164 0.0622182 0.056135 0.0496274 0.0429802 0.0364155 0.0301112 0.0242147 0.0188498 0.0141182 0.0100987 0.00683915 0.00434447
 0.00867417 0.0140007 0.0209026 0.0292582 0.0387547 0.04876 0.0582777 0.0661668 0.0715453 0.0740719 0.0739192 0.0715438 0.0674752 0.0622106 0.0561804 0.0497344 0.0431421 0.0366096 0.0303029 0.0243668 0.0189346 0.0141274 0.0100448 0.00674896 0.00424699
 0.00875461 0.0141161 0.0210483 0.0294215 0.0389204 0.0489173 0.0584244 0.0663056 0.071675 0.0741806 0.073984 0.0715412 0.0673933 0.0620583 0.0559858 0.0495346 0.0429701 0.0364833 0.0302211 0.024313 0.0188865 0.0140678 0.00996869 0.00666346 0.004165
 0.00880129 0.0141739 0.0211019 0.0294451 0.0388849 0.0488016 0.0582262 0.0660463 0.0713959 0.0739317 0.0738099 0.0714671 0.0674182 0.0621588 0.0561288 0.0496919 0.0431261 0.036633 0.0303628 0.0244411 0.0189912 0.0141397 0.0100043 0.00666811 0.00415016
 0.00902043 0.0145021 0.0215422 0.0299783 0.0394701 0.0493811 0.0587317 0.0664083 0.0715598 0.073875 0.0735522 0.0710644 0.0669439 0.0616807 0.0556931 0.0493196 0.0428199 0.0363875 0.0301707 0.024295 0.0188824 0.0140578 0.00994024 0.00661585 0.00410762
 0.00910927 0.0146509 0.021773 0.0303111 0.0399141 0.0499233 0.0593278 0.0669851 0.0720306 0.0741645 0.0736177 0.0709056 0.0665998 0.0612158 0.0551796 0.04882 0.0423759 0.0360184 0.0298785 0.0240721 0.0187169 0.0139376 0.00985396 0.0065543 0.00406426
 0.00903378 0.0145504 0.0216636 0.0302236 0.039888 0.0499957 0.059521 0.067298 0.0724349 0.0746069 0.0740288 0.0712162 0.0667601 0.0612094 0.0550261 0.0485656 0.0420765 0.035723 0.0296197 0.0238643 0.0185608 0.0138257 0.00977648 0.00650191 0.0040296
 0.00904906 0.0145758 0.0217037 0.0302847 0.0399799 0.0501313 0.0597151 0.067562 0.0727692 0.0749936 0.0744285 0.0715733 0.0670147 0.0613141 0.0549602 0.0483413 0.041735 0.0353215 0.029215 0.0235002 0.0182617 0.0135984 0.00961509 0.00639438 0.00396225
 0.00898423 0.0144768 0.0215671 0.0301127 0.0397811 0.0499217 0.0595186 0.0674101 0.0726968 0.0750307 0.0745903 0.0718512 0.0673737 0.0616979 0.0553048 0.0485933 0.0418664 0.0353352 0.0291395 0.0233754 0.0181255 0.013477 0.00952085 0.00632868 0.00392044
 0.00888209 0.0143159 0.021335 0.0298032 0.0393967 0.0494781 0.0590477 0.0669592 0.0723219 0.0747846 0.0745116 0.0719568 0.0676553 0.0621214 0.0558145 0.0491211 0.0423468 0.0357209 0.0294107 0.0235395 0.0182076 0.0135074 0.00952499 0.00632323 0.0039137
 0.00862252 0.0139266 0.0208102 0.0291592 0.038668 0.0487091 0.058288 0.0662622 0.0717433 0.0743775 0.0743191 0.0720044 0.0679451 0.0626301 0.0564937 0.0499027 0.0431526 0.0364765 0.0300591 0.0240505 0.0185789 0.0137574 0.00968207 0.00641587 0.00396521
 0.00840958 0.0135955 0.0203413 0.0285479 0.037929 0.0478803 0.0574324 0.0654614 0.0710805 0.0739167 0.0740921 0.0720132 0.0681732 0.0630525 0.0570792 0.0506105 0.0439299 0.0372608 0.0307884 0.0246757 0.0190726 0.0141167 0.00992344 0.00656581 0.00405145
 0.0081382 0.0131829 0.0197738 0.0278323 0.0370908 0.0469602 0.0564846 0.0645534 0.0702888 0.0733153 0.0737386 0.0719374 0.0683736 0.0635005 0.0577285 0.0514058 0.0448118 0.0381679 0.0316594 0.0254553 0.0197209 0.0146156 0.0102775 0.00679696 0.00419005
 0.00812355 0.0131164 0.0195966 0.0274682 0.0364709 0.0460596 0.0553509 0.0633058 0.0690848 0.0723033 0.073023 0.0715686 0.0683564 0.0638075 0.0583105 0.0521988 0.045743 0.0391612 0.0326411 0.02636 0.0204975 0.0152343 0.0107327 0.00710481 0.00438061
 0.00885222 0.0141469 0.0208592 0.0287935 0.0376278 0.0468227 0.0555632 0.0629127 0.0681374 0.0709437 0.0714535 0.0700084 0.0669946 0.062769 0.0576465 0.0518985 0.0457538 0.039408 0.0330401 0.0268289 0.0209647 0.0156463 0.0110591 0.00733808 0.00453111
 0.0093464 0.0149501 0.0220585 0.0304441 0.0397119 0.0492 0.0579459 0.0649044 0.0693464 0.0711216 0.0705834 0.0682967 0.0647826 0.0604205 0.0554598 0.0500647 0.0443555 0.0384416 0.0324466 0.0265223 0.0208536 0.0156488 0.011112 0.00740043 0.0045823
 0.00936885 0.0150673 0.0223842 0.0311346 0.0409258 0.0510318 0.0603577 0.0676919 0.0721574 0.0735257 0.0721751 0.0688035 0.0641434 0.0587991 0.0531857 0.0475268 0.041898 0.0363009 0.0307367 0.0252563 0.01998 0.0150856 0.0107726 0.00720934 0.00448176
 0.00909158 0.0146645 0.0218729 0.0305772 0.0404332 0.0507569 0.0604753 0.0683574 0.0734447 0.0753651 0.0743276 0.0709018 0.0657936 0.0597029 0.0532302 0.0468051 0.0406561 0.0348417 0.0293264 0.0240684 0.0190848 0.0144739 0.0103908 0.00699088 0.00436696
 0.00874137 0.0141099 0.021069 0.029502 0.0391045 0.0492533 0.058954 0.0670494 0.072614 0.0752371 0.0750136 0.072346 0.0677669 0.0618536 0.0551813 0.0482654 0.0414986 0.035115 0.0292004 0.0237489 0.0187397 0.0141988 0.0102135 0.00689681 0.00432695
 0.00863505 0.0139222 0.0207592 0.0290226 0.0384124 0.0483289 0.0578224 0.0657948 0.0713792 0.0742076 0.074385 0.0722778 0.0683297 0.0629884 0.0566959 0.0498813 0.0429365 0.0361825 0.0298395 0.0240234 0.018779 0.0141325 0.0101305 0.00683728 0.00429661
 0.00868748 0.0139962 0.0208477 0.0291071 0.0384611 0.0482976 0.0576598 0.0654541 0.0708384 0.0734908 0.0735766 0.0715168 0.0677799 0.0627891 0.05691 0.0504631 0.0437405 0.0370149 0.0305303 0.0244823 0.0190075 0.0141946 0.0101068 0.00678991 0.00425729
 0.00882126 0.0141876 0.021087 0.0293677 0.0387052 0.0484858 0.0577583 0.0654359 0.0706814 0.0731801 0.0731133 0.0709325 0.0671466 0.0622143 0.0565107 0.0503248 0.04388 0.0373685 0.0309793 0.0249029 0.0193177 0.0143732 0.0101797 0.00680139 0.00424511
 0.0088444 0.0142308 0.0211611 0.0294831 0.0388653 0.0486791 0.0579537 0.0655876 0.0707425 0.0731182 0.0729196 0.0706209 0.0667497 0.0617812 0.0561062 0.050021 0.0437366 0.0374072 0.0311705 0.0251761 0.0195921 0.0145902 0.0103184 0.00687221 0.00427242
 0.00871783 0.0140505 0.0209378 0.029244 0.0386487 0.048523 0.0578845 0.065613 0.0708483 0.0732709 0.0730735 0.0707316 0.066787 0.0617391 0.0560046 0.0499013 0.0436496 0.0373969 0.0312564 0.0253438 0.0198006 0.0147913 0.0104774 0.00697727 0.00433084
 0.00864651 0.0139352 0.0207668 0.0290106 0.0383571 0.0481947 0.0575618 0.0653524 0.0707035 0.0732714 0.0732115 0.0709642 0.0670522 0.0619778 0.0561789 0.0500031 0.0436991 0.0374306 0.0313099 0.0254365 0.0199285 0.0149325 0.0106058 0.00707524 0.00439424
 0.00853951 0.0137692 0.0205316 0.0287022 0.0379782 0.0477563 0.0570864 0.064877 0.0702793 0.0729561 0.0730559 0.0709956 0.0672634 0.0623263 0.0566002 0.0504321 0.0440894 0.0377638 0.0315911 0.025681 0.0201479 0.0151277 0.0107697 0.00720057 0.00447967
 0.00855112 0.013785 0.0205496 0.0287179 0.0379844 0.0477443 0.0570465 0.0648005 0.070161 0.0727988 0.0728743 0.0708169 0.0671215 0.0622502 0.0566019 0.0505019 0.0442014 0.0378894 0.0317106 0.025788 0.0202443 0.0152162 0.010849 0.00726652 0.00452874
 0.00848355 0.0136765 0.0203893 0.0284976 0.0377019 0.0474068 0.0566742 0.064425 0.0698194 0.0725242 0.072689 0.0707309 0.067136 0.0623615 0.0568027 0.0507788 0.0445323 0.0382444 0.0320587 0.026104 0.0205135 0.0154338 0.0110164 0.00738822 0.00461124
 0.00867675 0.0139681 0.0207853 0.0289862 0.0382537 0.0479774 0.0572075 0.0648593 0.070098 0.0726094 0.072572 0.0704335 0.0667029 0.0618497 0.0562708 0.0502782 0.0441005 0.0379011 0.0318057 0.0259304 0.0204024 0.0153682 0.0109819 0.00737346 0.00460749
 0.00867493 0.013967 0.020787 0.0289936 0.0382694 0.0480024 0.0572397 0.0648933 0.070126 0.0726233 0.0725649 0.0704014 0.0666457 0.0617724 0.0561834 0.0501946 0.0440355 0.0378664 0.031806 0.025962 0.0204553 0.0154295 0.0110405 0.0074222 0.00464352
 0.00840675 0.0135432 0.0201735 0.028172 0.0372464 0.0468208 0.0559874 0.063698 0.0691308 0.0719501 0.0722848 0.0705225 0.0671212 0.0625191 0.0571033 0.0511936 0.0450363 0.0388131 0.0326625 0.0267069 0.0210767 0.0159237 0.0114117 0.00768276 0.00481294
 0.00883758 0.014191 0.0210483 0.0292421 0.0384398 0.0480329 0.0570909 0.0645588 0.0696343 0.0720326 0.0719535 0.0698513 0.0662251 0.061521 0.0561079 0.0502742 0.0442343 0.0381448 0.0321283 0.026298 0.0207789 0.0157191 0.0112804 0.00760474 0.00477038
 0.0087984 0.0141636 0.0210728 0.0293745 0.0387328 0.0485076 0.0577141 0.0652425 0.0702605 0.0724908 0.0721717 0.0698104 0.0659554 0.0610878 0.055591 0.0497493 0.0437584 0.0377507 0.0318265 0.0260833 0.0206378 0.0156347 0.0112357 0.00758523 0.00476454
 0.00869337 0.0140082 0.0208697 0.0291427 0.0385099 0.0483486 0.0576837 0.065397 0.0706213 0.0730229 0.072783 0.0703781 0.0663689 0.0612844 0.0555691 0.0495569 0.0434681 0.0374341 0.0315373 0.0258509 0.0204702 0.0155258 0.0111724 0.00755281 0.00475057
 0.00844306 0.0136228 0.020331 0.0284517 0.0376904 0.0474508 0.0567877 0.0646102 0.0700627 0.0727931 0.072932 0.0708844 0.0671402 0.0621832 0.0564544 0.0503232 0.0440663 0.0378677 0.0318412 0.0260677 0.0206333 0.0156542 0.0112739 0.00762988 0.00480493
 0.0084245 0.013576 0.0202303 0.0282639 0.0373841 0.0470116 0.0562311 0.0639856 0.0694456 0.0722702 0.0725842 0.0707709 0.0672843 0.0625619 0.0569994 0.050938 0.0446551 0.0383626 0.0322154 0.0263296 0.0208099 0.0157739 0.0113574 0.00768884 0.00484555
 0.00862235 0.0138692 0.0206173 0.0287201 0.0378636 0.0474527 0.0565645 0.0641462 0.0693892 0.0719914 0.0721249 0.0702137 0.0667295 0.0621 0.0566865 0.0507842 0.0446282 0.0384069 0.0322763 0.0263721 0.0208237 0.0157663 0.0113412 0.00767397 0.00483596
 0.00883979 0.0142261 0.021158 0.0294811 0.038857 0.0486446 0.0578581 0.0653867 0.0703966 0.0726098 0.0722662 0.0698764 0.065993 0.0610983 0.0555733 0.0496969 0.0436617 0.037604 0.0316361 0.0258703 0.0204324 0.015465 0.0111171 0.00751697 0.00473452
 0.00911544 0.0146847 0.0218663 0.0305046 0.0402414 0.0503879 0.0598829 0.0675303 0.0724313 0.0742867 0.0733672 0.0702592 0.0656191 0.0600397 0.0539941 0.0478132 0.0416934 0.0357326 0.0299821 0.0244913 0.0193378 0.0146353 0.0105185 0.00710946 0.00447573
 0.00883061 0.0142705 0.021337 0.0299131 0.0396763 0.0499608 0.0597117 0.0677165 0.0730299 0.0752764 0.0746355 0.0716181 0.0668497 0.0609507 0.0544704 0.0478397 0.0413457 0.0351422 0.0292914 0.0238174 0.0187545 0.014174 0.0101803 0.00687846 0.00432903
 0.00835472 0.0135379 0.020314 0.0286045 0.0381339 0.0482904 0.0580774 0.0663291 0.0721096 0.0749964 0.0750701 0.0727166 0.0684452 0.062798 0.056304 0.0494348 0.0425651 0.0359521 0.0297444 0.0240127 0.018797 0.014146 0.0101326 0.00683544 0.00429813
 0.00733359 0.0119554 0.0180809 0.0257001 0.0346204 0.0443279 0.053939 0.0623947 0.0688153 0.072748 0.074155 0.073246 0.0703361 0.0657916 0.060015 0.053426 0.0464303 0.0393867 0.0325799 0.0262109 0.0204127 0.0152801 0.010895 0.00732443 0.00459481
#obs surv len freq
 nan nan nan nan nan nan nan nan nan nan nan nan nan nan nan nan nan nan nan nan nan nan nan nan nan
 0.00448279 0.0073436 0.0111735 0.0159906 0.021693 0.0279708 0.0342871 0.0400199 0.0447 0.0481633 0.0505199 0.052014 0.0529045 0.0534152 0.0537281 0.053982 0.0542598 0.0545521 0.0546905 0.0542823 0.0527203 0.0493527 0.0438028 0.0362834 0.0276677
 0.0046184 0.00756441 0.0115062 0.0164594 0.0223137 0.0287422 0.035182 0.0409822 0.0456517 0.0490197 0.051205 0.0524722 0.0531064 0.0533586 0.0534341 0.053487 0.0536072 0.0537846 0.0538474 0.0534005 0.0518389 0.0485147 0.043053 0.0356596 0.027191
 0.00477896 0.00782891 0.0119106 0.0170392 0.0230963 0.0297356 0.0363621 0.0422887 0.0469949 0.0502959 0.0523128 0.0533243 0.0536374 0.0535309 0.0532404 0.0529491 0.0527695 0.052706 0.052594 0.0520428 0.0504523 0.0471801 0.0418507 0.0346559 0.0264224
 0.00496603 0.00813475 0.0123743 0.0176987 0.0239822 0.0308596 0.0377055 0.0437961 0.0485797 0.0518535 0.0537345 0.0545077 0.054494 0.0539922 0.0532638 0.0525226 0.0519128 0.0514687 0.0510515 0.0502923 0.0486089 0.0453712 0.040202 0.0332701 0.0253573
 0.00517838 0.00848138 0.0128987 0.0184424 0.0249772 0.0321164 0.0392004 0.0454667 0.0503332 0.0535831 0.0553346 0.0558811 0.0555534 0.0546614 0.0534807 0.0522452 0.0511267 0.0501941 0.0493491 0.048265 0.0463999 0.0431514 0.0381466 0.0315251 0.0240078
 0.00540785 0.00885742 0.0134702 0.0192568 0.0260714 0.0335023 0.0408501 0.0473078 0.052259 0.0554738 0.0570761 0.057375 0.0567181 0.0554287 0.0537926 0.0520532 0.0503976 0.0489207 0.0475655 0.046061 0.043926 0.0406077 0.035751 0.0294669 0.0224031
 0.00564406 0.00924617 0.0140642 0.0201082 0.0272221 0.0349678 0.0426034 0.0492725 0.0543209 0.0575018 0.058944 0.0589743 0.0579625 0.0562519 0.0541434 0.0518903 0.049688 0.0476471 0.0457438 0.0437626 0.0412937 0.037852 0.0331166 0.0271766 0.0206018
 0.00589831 0.00966002 0.0146882 0.0209905 0.0283999 0.0364541 0.0443721 0.0512523 0.0564031 0.0595593 0.0608507 0.0606178 0.05925 0.0571117 0.0545225 0.0517495 0.0489976 0.0463903 0.0439297 0.04145 0.0386142 0.0350125 0.0303708 0.0247653 0.0186894
 0.00614768 0.0100688 0.0153095 0.0218756 0.0295879 0.0379561 0.0461554 0.0532358 0.0584701 0.0615812 0.0627073 0.0622079 0.0604919 0.057941 0.0548887 0.0516131 0.0483285 0.0451701 0.0421641 0.0391903 0.0359804 0.0322015 0.0276315 0.0223416 0.016754
 0.00638676 0.0104622 0.0159104 0.0227364 0.0307501 0.0394338 0.0479184 0.0552035 0.060523 0.063584 0.0645321 0.0637485 0.0616687 0.0586986 0.0551898 0.0514313 0.047643 0.0439675 0.0404495 0.037009 0.0334415 0.0294875 0.0249779 0.0199839 0.0148628
 0.0066308 0.0108621 0.016518 0.0236018 0.0319121 0.0409039 0.0496648 0.0571454 0.062541 0.0655429 0.0663031 0.0652235 0.0627666 0.0593658 0.0553964 0.0511633 0.0468952 0.0427404 0.0387568 0.0348964 0.0310091 0.0269019 0.022455 0.0177419 0.0130617
 0.00685153 0.0112269 0.017078 0.0244081 0.033005 0.0422965 0.0513263 0.0589957 0.0644624 0.0674033 0.067978 0.0666095 0.0637861 0.0599671 0.0555511 0.0508612 0.0461383 0.0415396 0.0371357 0.032905 0.0287425 0.0245106 0.0201321 0.0156819 0.0114076
 0.00705824 0.0115653 0.017592 0.0251403 0.0339889 0.0435438 0.0528132 0.0606567 0.0661977 0.069096 0.069513 0.0678864 0.0647271 0.0605196 0.0556861 0.0505695 0.0454245 0.0404193 0.0356384 0.0310836 0.0266879 0.0223589 0.0180532 0.0138448 0.00993546
 0.00725988 0.0118949 0.0180911 0.0258481 0.0349339 0.044731 0.0542116 0.0621958 0.067778 0.070609 0.0708587 0.0689832 0.0655139 0.060955 0.055747 0.0502484 0.0447271 0.0393629 0.034254 0.0294243 0.0248386 0.0204414 0.0162151 0.0122301 0.00864707
 0.00743518 0.0121817 0.0185259 0.0264656 0.0357599 0.0457713 0.0554402 0.0635511 0.0691713 0.0719413 0.0720378 0.0699343 0.0661834 0.0613098 0.0557714 0.0499399 0.0440932 0.0384205 0.0330323 0.0279719 0.0232318 0.0187867 0.0146386 0.0108525 0.00755233
 0.00754341 0.0123592 0.0187964 0.0268529 0.0362846 0.0464444 0.0562557 0.064482 0.0701713 0.0729511 0.0729921 0.0707691 0.0668409 0.0617434 0.055948 0.0498412 0.043714 0.0377683 0.032129 0.0268585 0.021974 0.0174755 0.0133809 0.00974955 0.00667437
 0.00759857 0.0124496 0.0189341 0.0270507 0.0365545 0.0467957 0.0566918 0.0649984 0.0707551 0.0735816 0.0736417 0.0714023 0.0674155 0.0622129 0.0562667 0.0499693 0.0436233 0.0374455 0.0315793 0.0261092 0.0210776 0.0165082 0.0124331 0.00890713 0.00599822
 0.00767117 0.0125569 0.0190759 0.0272209 0.0367443 0.0469982 0.0569059 0.0652289 0.07101 0.0738687 0.0739639 0.0717548 0.067783 0.0625687 0.0565739 0.0501852 0.0437058 0.0373612 0.0313115 0.0256644 0.020489 0.0158345 0.0117483 0.00828428 0.00549072
 0.00771168 0.0126196 0.0191639 0.0273338 0.0368774 0.0471419 0.0570471 0.0653542 0.0711125 0.0739529 0.0740469 0.0718596 0.0679279 0.0627574 0.0567915 0.0503994 0.0438735 0.037438 0.031262 0.0254728 0.020166 0.0154173 0.0112933 0.00785155 0.00512779
 0.00777338 0.0127111 0.0192851 0.027479 0.0370364 0.047303 0.0571986 0.0654852 0.0712136 0.0740178 0.0740759 0.071862 0.0679209 0.0627613 0.0568211 0.0504557 0.0439401 0.0374843 0.0312527 0.0253801 0.0199808 0.0151549 0.0109892 0.00755022 0.00486769
 0.00782329 0.0127906 0.0194014 0.027636 0.0372326 0.0475286 0.0574337 0.0657026 0.0713855 0.0741245 0.0741115 0.0718337 0.067846 0.0626617 0.0567184 0.0503668 0.0438716 0.0374291 0.031192 0.0252906 0.0198462 0.0149744 0.0107793 0.00733846 0.00468136
 0.0078627 0.0128512 0.019486 0.0277453 0.0373652 0.0476813 0.0576009 0.065875 0.0715494 0.0742632 0.0742082 0.0718766 0.067832 0.062598 0.0566205 0.0502535 0.0437592 0.0373263 0.031097 0.0251935 0.0197351 0.0148433 0.0106334 0.00719194 0.00455118
 0.00787386 0.0128683 0.0195098 0.0277759 0.0374021 0.0477237 0.0576483 0.0659272 0.0716066 0.0743254 0.0742738 0.0719407 0.0678867 0.0626342 0.0566321 0.05024 0.0437261 0.037281 0.0310451 0.0251355 0.0196678 0.014764 0.010544 0.00710025 0.00446758
 0.00788505 0.0128814 0.0195205 0.0277772 0.0373871 0.0476888 0.0575961 0.0658669 0.0715512 0.0742881 0.0742641 0.0719625 0.0679373 0.0627052 0.0567111 0.0503143 0.0437858 0.0373213 0.0310653 0.0251369 0.0196519 0.0147325 0.0105002 0.0070502 0.00441886
 0.00788862 0.0128861 0.0195251 0.0277794 0.037383 0.0476734 0.0575645 0.0658161 0.071483 0.0742105 0.0741909 0.0719097 0.0679173 0.0627231 0.0567631 0.0503893 0.0438695 0.0374 0.0311292 0.0251807 0.0196742 0.0147352 0.0104874 0.00702766 0.00439309
 0.00790695 0.0129101 0.0195507 0.0277991 0.0373883 0.047658 0.0575263 0.0657582 0.0714114 0.0741322 0.0741134 0.0718407 0.0678659 0.0626978 0.0567694 0.050427 0.0439317 0.0374752 0.0312044 0.0252449 0.0197209 0.0147623 0.0104971 0.00702476 0.00438335
 0.00791204 0.012916 0.0195549 0.0277974 0.0373751 0.0476274 0.0574742 0.0656836 0.0713182 0.0740296 0.0740138 0.0717573 0.0678095 0.0626748 0.0567816 0.0504725 0.0440048 0.0375669 0.031303 0.0253385 0.0197996 0.0148206 0.0105343 0.00704415 0.00439035
 0.00788992 0.0128802 0.0195014 0.0277228 0.0372776 0.0475082 0.0573383 0.0655403 0.0711795 0.0739075 0.0739187 0.0716975 0.0677901 0.0626979 0.0568458 0.0505726 0.0441327 0.0377118 0.0314527 0.0254807 0.0199236 0.0149192 0.0106052 0.00708971 0.00441609
 0.00786961 0.0128448 0.019444 0.0276358 0.0371552 0.0473494 0.0571504 0.0653385 0.0709843 0.0737395 0.0737946 0.071627 0.0677766 0.0627393 0.0569363 0.0507035 0.0442934 0.0378903 0.0316359 0.0256556 0.0200786 0.0150461 0.0107004 0.00715473 0.00445607
 0.00786593 0.0128354 0.0194232 0.027596 0.0370881 0.0472489 0.0570149 0.0651733 0.0708014 0.0735562 0.0736305 0.0715008 0.0677022 0.0627236 0.0569787 0.0507974 0.0444276 0.0380515 0.0318096 0.0258274 0.0202357 0.0151787 0.0108031 0.00722734 0.00450259
 0.0078121 0.0127534 0.01931 0.0274522 0.0369174 0.047057 0.0568095 0.064964 0.0706003 0.0733772 0.0734877 0.0714072 0.0676677 0.0627536 0.0570722 0.0509474 0.0446218 0.0382738 0.0320427 0.0260541 0.0204409 0.0153514 0.0109376 0.0073235 0.00456534
 0.0078078 0.0127367 0.0192676 0.0273669 0.0367739 0.0468503 0.056551 0.0646811 0.0703275 0.0731452 0.0733162 0.0713037 0.0676322 0.0627824 0.0571609 0.0510897 0.0448088 0.0384927 0.0322775 0.0262875 0.0206563 0.0155358 0.0110834 0.00742937 0.00463552
 0.00777373 0.0126843 0.0191937 0.0272692 0.0366493 0.0466943 0.0563587 0.0644517 0.0700696 0.0728803 0.0730758 0.0711208 0.0675312 0.0627732 0.057239 0.0512413 0.0450158 0.0387364 0.0325387 0.0265473 0.0208971 0.0157432 0.0112486 0.00755035 0.00471649
 0.00773956 0.0126289 0.0191108 0.0271536 0.0364992 0.0465126 0.0561545 0.0642388 0.0698624 0.0726901 0.0729104 0.0709881 0.0674419 0.0627405 0.0572736 0.0513463 0.0451845 0.0389536 0.0327844 0.0268 0.0211366 0.0159531 0.0114184 0.00767638 0.00480186
 0.00933489 0.0148595 0.0217974 0.029906 0.0388295 0.0480169 0.0566567 0.0638169 0.0687642 0.0712082 0.0712899 0.0693928 0.0659635 0.0614229 0.0561355 0.0503939 0.0444161 0.0383601 0.032349 0.0264994 0.0209438 0.01584 0.0113594 0.00765029 0.00479317
 0.00932659 0.0151418 0.0227434 0.031977 0.0423738 0.0529977 0.06248 0.0694286 0.0730243 0.073341 0.0711401 0.0673651 0.0627441 0.057686 0.0523766 0.0469041 0.0413342 0.0357354 0.030185 0.024775 0.0196221 0.0148722 0.0106875 0.00721184 0.00452649
 0.00898128 0.0146011 0.0219902 0.031066 0.0414844 0.0524683 0.0627657 0.0709375 0.0758711 0.0771647 0.0751504 0.0706417 0.0646193 0.0579757 0.0513474 0.0450556 0.0391653 0.0336093 0.0283066 0.0232288 0.0184198 0.0139864 0.0100713 0.00680976 0.00428226
 0.00879648 0.0142919 0.0215094 0.0303683 0.0405446 0.0513139 0.0615188 0.0698413 0.075268 0.0774004 0.0764179 0.0728363 0.0673097 0.0605438 0.053237 0.045984 0.0391775 0.0329766 0.0273625 0.022245 0.0175593 0.0133158 0.00959364 0.00649594 0.00409195
 0.00872257 0.0141621 0.0212953 0.0300358 0.0400588 0.0506509 0.0606804 0.0688725 0.0742725 0.0765475 0.0759271 0.0729221 0.0680878 0.0619424 0.0549787 0.0476748 0.0404647 0.0336821 0.027516 0.022017 0.0171553 0.0128968 0.00924826 0.00625099 0.00393767
 0.00870542 0.0141311 0.0212422 0.0299484 0.0399207 0.050442 0.0603798 0.068464 0.0737542 0.075946 0.0753112 0.0724073 0.0678199 0.0620504 0.0555101 0.0485483 0.0414815 0.0346015 0.0281561 0.0223181 0.0171746 0.0127511 0.00905064 0.00607426 0.0038107
 0.00869899 0.014121 0.0212272 0.0299268 0.0398895 0.0503954 0.0603082 0.0683538 0.0735893 0.0757128 0.0750068 0.072052 0.0674661 0.0617818 0.0554193 0.0486976 0.0418631 0.0351266 0.0286878 0.0227315 0.0174077 0.012816 0.00900648 0.00598728 0.0037271
 0.00869096 0.0141067 0.0212036 0.0298906 0.039838 0.0503285 0.0602285 0.0682657 0.073496 0.0756126 0.074893 0.0719162 0.0673074 0.0616162 0.0552849 0.0486457 0.041936 0.035331 0.0289826 0.0230425 0.0176617 0.0129728 0.00906811 0.00598457 0.00369634
 0.00865484 0.0140529 0.0211318 0.0298035 0.0397405 0.0502259 0.0601259 0.0681679 0.0734077 0.0755382 0.0748347 0.0718725 0.0672731 0.061586 0.0552601 0.0486393 0.0419703 0.0354262 0.0291414 0.023242 0.0178615 0.013134 0.00917086 0.00603219 0.00370681
 0.00866713 0.014068 0.0211455 0.0298093 0.0397319 0.0501992 0.0600826 0.0681141 0.0733512 0.0754846 0.0747858 0.0718272 0.067229 0.0615417 0.0552164 0.0486011 0.0419476 0.035432 0.0291852 0.0233224 0.0179634 0.0132345 0.00924995 0.00608124 0.00372912
 0.00863458 0.0140225 0.0210907 0.0297523 0.0396808 0.0501587 0.0600518 0.0680875 0.0733227 0.0754524 0.0747533 0.0718005 0.0672131 0.0615379 0.0552226 0.0486147 0.0419682 0.0354628 0.0292307 0.0233847 0.0180384 0.0133119 0.00931757 0.00613065 0.00375881
 0.00864919 0.0140385 0.021101 0.0297468 0.0396504 0.0501011 0.059975 0.0680073 0.0732563 0.0754094 0.0747334 0.0717965 0.0672166 0.061544 0.0552304 0.0486253 0.0419832 0.035484 0.0292602 0.0234237 0.0180858 0.0133628 0.00936524 0.00616895 0.00378492
 0.0086431 0.014034 0.0211034 0.029763 0.0396847 0.0501511 0.0600289 0.0680479 0.0732683 0.075388 0.0746858 0.0717371 0.0671594 0.0614966 0.0551944 0.0485993 0.0419657 0.0354749 0.0292602 0.0234335 0.0181046 0.0133879 0.00939212 0.00619305 0.00380319
 0.00862539 0.0140076 0.0210686 0.0297225 0.039644 0.0501181 0.0600125 0.0680543 0.0732979 0.0754328 0.074732 0.0717713 0.0671744 0.061494 0.0551813 0.0485835 0.0419529 0.0354677 0.0292596 0.0234396 0.0181168 0.0134047 0.00941076 0.00621052 0.00381719
 0.00863006 0.0140095 0.0210613 0.029697 0.0395923 0.0500378 0.0599103 0.0679465 0.0732052 0.0753736 0.0747158 0.0717956 0.0672274 0.0615599 0.0552466 0.0486407 0.0420004 0.0355074 0.0292944 0.0234715 0.0181467 0.0134322 0.00943514 0.0062306 0.00383225
 0.00863006 0.0140095 0.0210613 0.029697 0.0395923 0.0500378 0.0599103 0.0679465 0.0732052 0.0753736 0.0747158 0.0717956 0.0672274 0.0615599 0.0552466 0.0486407 0.0420004 0.0355074 0.0292944 0.0234715 0.0181467 0.0134322 0.00943514 0.0062306 0.00383225
 0.00823894 0.0133974 0.0201863 0.0285424 0.0381763 0.0484252 0.0582216 0.0663521 0.0718956 0.0745142 0.0744061 0.0720507 0.0679827 0.062694 0.0566113 0.0500904 0.0434141 0.0367996 0.0304149 0.0243989 0.01888 0.0139848 0.00982956 0.00649519 0.00399761
 0.00866068 0.0140188 0.0210001 0.0294941 0.0391717 0.0493477 0.0589506 0.0667802 0.0719499 0.0741782 0.0737327 0.0711529 0.0670047 0.0617719 0.0558418 0.0495167 0.0430309 0.0365707 0.0302937 0.0243438 0.0188612 0.0139836 0.00983557 0.00650303 0.00400468
 0.0084934 0.0138129 0.02081 0.0294048 0.0392679 0.0496682 0.0594552 0.0673535 0.0724433 0.0744672 0.0737575 0.070928 0.0666014 0.0612904 0.055382 0.0491557 0.0428087 0.0364883 0.0303222 0.0244405 0.0189844 0.0141029 0.00993404 0.00657522 0.00405247
 0.00854219 0.0138632 0.0208359 0.0293751 0.039167 0.0495213 0.0593372 0.0673642 0.0726538 0.0748688 0.0742512 0.0713655 0.0668536 0.0612999 0.0551756 0.0488184 0.0424415 0.0361721 0.0300996 0.0243163 0.0189381 0.0141048 0.00995747 0.00660243 0.00407476
 0.00836817 0.0136016 0.0204807 0.0289321 0.0386492 0.0489448 0.0587244 0.0667559 0.072121 0.0745074 0.074152 0.0715706 0.0673258 0.0619309 0.0558316 0.0493941 0.0428925 0.0365096 0.0303622 0.0245398 0.0191403 0.0142855 0.0101086 0.00671752 0.00415376
 0.00841681 0.0136594 0.020529 0.0289417 0.0385898 0.048798 0.058493 0.0664627 0.0717984 0.074189 0.0738722 0.0713678 0.0672392 0.061984 0.0560136 0.0496583 0.043175 0.0367589 0.0305567 0.0246854 0.019254 0.0143808 0.0101901 0.00678377 0.00420268
 0.00854938 0.0138766 0.0208566 0.0293979 0.039173 0.0494731 0.0591836 0.0670617 0.0721986 0.0743194 0.0737207 0.0709799 0.0666973 0.0613827 0.0554371 0.049163 0.0427823 0.03646 0.0303288 0.0245079 0.0191164 0.0142801 0.0101237 0.0067458 0.00418454
 0.0087811 0.014258 0.0214378 0.0302238 0.0402689 0.050822 0.0607059 0.0686113 0.0735856 0.0753532 0.0742563 0.0709519 0.0661322 0.0603867 0.0541663 0.0477841 0.0414378 0.0352476 0.0292984 0.0236723 0.0184666 0.0137971 0.00978391 0.00652233 0.00404876
 0.00899721 0.0146229 0.0220111 0.0310668 0.0414276 0.0523018 0.0624472 0.0704823 0.0754 0.0769066 0.0753643 0.0714812 0.0660215 0.0596587 0.0529236 0.0461896 0.0396801 0.0335039 0.0277055 0.0223143 0.0173781 0.0129746 0.0091991 0.00613341 0.00380875
 0.0087795 0.0142926 0.0215614 0.0305166 0.040828 0.05174 0.0620423 0.070365 0.0756741 0.0776043 0.0764196 0.0727379 0.0672737 0.0607054 0.0536189 0.0464727 0.0395788 0.0331134 0.0271526 0.02172 0.0168325 0.0125281 0.00886726 0.00590759 0.00366786
 0.00858011 0.0139448 0.0209975 0.0296678 0.039652 0.0502595 0.060377 0.0687303 0.0743368 0.0768102 0.0763247 0.0733667 0.0685149 0.0623425 0.0553858 0.0481186 0.0409241 0.0340776 0.0277486 0.0220237 0.0169429 0.0125348 0.00883336 0.00586836 0.00363758
 0.00809273 0.0131534 0.0198101 0.0280051 0.0374701 0.0475848 0.0573416 0.065585 0.0714233 0.0744983 0.0749361 0.0731075 0.0694295 0.0642988 0.0581009 0.0512216 0.0440389 0.0368994 0.0300905 0.0238234 0.0182354 0.0134097 0.00939528 0.00621176 0.00383678
#pred catch len freq
 0.00502534 0.00787379 0.011332 0.0152547 0.0195496 0.0241751 0.0290636 0.0340662 0.0389743 0.0435777 0.0477047 0.0512355 0.054108 0.0563133 0.0578778 0.0588388 0.0592287 0.059058 0.058278 0.0567185 0.0540505 0.0498595 0.0438737 0.0362513 0.0277114
 0.0052041 0.00809145 0.0115285 0.0153385 0.019435 0.0238329 0.0285542 0.0335249 0.0385494 0.0433575 0.047678 0.051309 0.0541642 0.0562759 0.0577503 0.0587027 0.0592019 0.059233 0.0586671 0.0572372 0.054551 0.0501994 0.043981 0.0361479 0.027485
 0.00548084 0.00851307 0.0121053 0.0160483 0.0202138 0.024573 0.0291169 0.0337792 0.0384289 0.042904 0.0470328 0.0506456 0.0536043 0.0558464 0.0574068 0.0583937 0.0589208 0.0590219 0.0585753 0.0572702 0.0546505 0.0502712 0.0439492 0.0359951 0.0272527
 0.00575434 0.00894087 0.0127183 0.016865 0.0212373 0.0257837 0.0304576 0.03514 0.0396479 0.0437967 0.0474501 0.0505342 0.0530317 0.0549678 0.0563927 0.0573678 0.0579448 0.0581208 0.0577658 0.0565638 0.0540401 0.0497275 0.043439 0.0355069 0.0268053
 0.00605823 0.00940925 0.013377 0.0177255 0.0223014 0.0270479 0.0319103 0.0367485 0.0413405 0.0454492 0.0488881 0.0515617 0.0534853 0.0547749 0.0556006 0.0561217 0.0564292 0.0565012 0.0561595 0.0550414 0.0526399 0.0484692 0.0423352 0.0345713 0.0260529
 0.00637177 0.00989521 0.0140651 0.0186303 0.0234245 0.0283806 0.0334329 0.038426 0.0431192 0.0472534 0.0506143 0.0530733 0.0546175 0.0553621 0.0555225 0.0553486 0.0550392 0.0546561 0.0540552 0.0528601 0.0505263 0.0465288 0.0406429 0.0331765 0.0249778
 0.00674591 0.0104681 0.014863 0.019658 0.0246715 0.029829 0.0350594 0.0401964 0.0449816 0.049136 0.0524267 0.0547087 0.0559546 0.0562673 0.0558623 0.0550161 0.0539911 0.0529404 0.0518125 0.0502958 0.0478674 0.0439858 0.0383849 0.0313157 0.0235618
