SBPRF35
9.48404
Curr Bio
729426
B35
633535
F35
0.194439
FOFL
0.194439
OFL
122572
Bzero
2.70972e+006
#pred survey bio
 2.56578e+006 2.51351e+006 2.38164e+006 2.16942e+006 1.90714e+006 1.7444e+006 1.62275e+006 1.45429e+006 1.30244e+006 1.1073e+006 964913 879714 795171 706248 665214 582070 555723 542762 540547 540111 541877 523618 538006 530235 525890 528873 530471 560240 604622 639138 654309 585261 518480 502428 524447 554175 562334 559145 551570 541093 491860 480027 516347 564050 630759 647802 616848 514275 463021 525605 650928 737658 1.84064e+007 1.68216e+007 1.69531e+007 1.73637e+007 1.79434e+007 1.85726e+007 1.91688e+007 1.96886e+007 2.01177e+007 2.04593e+007 2.07244e+007 2.09271e+007 2.10804e+007 2.11957e+007 2.12823e+007 2.13474e+007 2.13965e+007 2.14335e+007 2.14616e+007 2.1483e+007 2.14993e+007 2.15119e+007 2.15216e+007 2.15291e+007 2.1535e+007 2.15395e+007 2.15431e+007 2.15458e+007 2.1548e+007 2.15497e+007 2.1551e+007 2.15521e+007 2.15529e+007 2.15536e+007 2.15541e+007 2.15545e+007 2.15548e+007 2.15551e+007 2.15553e+007 2.15555e+007 2.15556e+007 2.15557e+007 2.15558e+007 2.15558e+007 2.15559e+007 2.15559e+007 2.1556e+007 2.1556e+007 2.1556e+007 2.1556e+007 2.1556e+007 2.1556e+007 2.15561e+007 2.15561e+007 2.15561e+007 2.15561e+007 2.15561e+007 2.15561e+007 2.15561e+007 2.15561e+007 2.15561e+007 2.15561e+007 2.15561e+007 2.15561e+007 2.15561e+007 2.15561e+007 2.15561e+007 2.15561e+007 2.15561e+007 2.15561e+007 2.15561e+007 2.15561e+007 2.15561e+007 2.15561e+007 2.15561e+007 2.15561e+007 2.15561e+007 2.15561e+007 2.15561e+007 2.15561e+007 2.15561e+007 2.15561e+007 2.15561e+007 2.15561e+007 2.15561e+007 2.15561e+007 2.15561e+007 2.15561e+007 2.15561e+007 2.15561e+007 2.15561e+007 2.15561e+007 2.15561e+007 2.15561e+007 2.15561e+007 2.15561e+007 2.15561e+007 2.15561e+007 2.15561e+007 2.15561e+007 0 0 0 0 0 0 0 0 0 0 0 0 0 0 0 0 0 0 0 0 0 0 0 0 0
#obs survey bio
 2.14277e+006 2.69381e+006 1.83628e+006 2.8711e+006 1.16239e+006 1.60427e+006 1.76632e+006 1.2204e+006 1.55054e+006 1.27718e+006 931156 715130 922173 576281 1.03642e+006 604193 530495 511998 510402 739373 526704 399903 538606 536876 420951 396099 601340 490468 546604 556044 925674 544062 448981 453701 528726 674289 615143 461588 505322 570088 358093 489121 685839 496343 966060 575994 506069 587639 371576 614514 665393 731572
#pred catch bio
 256464 286304 318108 298791 307321 283344 293652 284161 278644 252699 222097 226283 206890 153582 159746 133081 134968 122051 123266 102882 109677 94064.9 104041 101460 101766 111039 91886 92468.6 93904.2 92556.2 98408.7 90105.6 87005 80743.1 87128.6 86891.8 85712.3 87984.8 82648.6 97763.2 90559.1 84874.3 95945.4 88707.4 103321 89636.6 115175 93924.7 50578.7 27311.5 89570.4 125461 122572 122312 122118 123963 127357 131194 134813 137903 140372 142256 143646 144645 145349 145838 146173 146401 146554 146657 146726 146772 146802 146822 146835 146844 146849 146853 146855 146857 146858 146859 146859 146859 146860 146860 146860 146860 146860 146860 146860 146860 146860 146860 146860 146860 146860 146860 146860 146860 146860 146860 146860 146860 146860 146860 146860 146860 146860 146860 146860 146860 146860 146860 146860 146860 146860 146860 146860 146860 146860 146860 146860 146860 146860 146860 146860 146860 146860 146860 146860 146860 146860 146860 146860 146860 146860 146860 146860 146860 146860 146860 146860 146860 146860 146860 146860 146860 146860 146860 146860 146860 0 0 0 0 0 0 0 0 0 0 0 0 0 0 0 0 0 0 0 0 0 0 0 0 0
#obs catch bio
 247643 286190 318556 297719 308398 283574 293326 284677 277999 252762 222114 227219 207070 153413 159309 133053 135630 121844 123909 102549 109631 94087.2 104012 101389 101690 111392 91723.2 92673.9 93914.1 92560.7 98292.5 89968.6 87142.3 80764.8 87357.6 86808.5 85633.4 88055.9 82501.6 97758.1 90521.1 84975 96361.7 88763.9 103489 89223 115320 94154.3 50719.8 26948.5 90190.2 125692
#pred cpue bio
 2.53435e+006 2.48099e+006 2.34789e+006 2.13572e+006 1.87499e+006 1.71192e+006 1.58982e+006 1.42214e+006 1.27102e+006 1.07823e+006 937358 852787 769271 682102 642111 561336 535552 522754 520572 520012 521997 504325 518277 510862 506775 509721 511141 540061 583099 616654 631709 565233 499613 482231 502494 531107 539392 536626 529434 519637 472292 460633 495395 541167 605490 622060 592634 493364 443525 504393 627342 711794 1.77565e+007 1.62494e+007 1.63133e+007 1.66608e+007 1.72253e+007 1.7852e+007 1.84479e+007 1.89677e+007 1.93968e+007 1.97383e+007 2.00035e+007 2.02061e+007 2.03594e+007 2.04748e+007 2.05614e+007 2.06265e+007 2.06755e+007 2.07125e+007 2.07406e+007 2.0762e+007 2.07784e+007 2.0791e+007 2.08007e+007 2.08082e+007 2.0814e+007 2.08186e+007 2.08221e+007 2.08249e+007 2.0827e+007 2.08287e+007 2.08301e+007 2.08311e+007 2.0832e+007 2.08326e+007 2.08331e+007 2.08336e+007 2.08339e+007 2.08341e+007 2.08343e+007 2.08345e+007 2.08346e+007 2.08347e+007 2.08348e+007 2.08349e+007 2.08349e+007 2.0835e+007 2.0835e+007 2.0835e+007 2.0835e+007 2.08351e+007 2.08351e+007 2.08351e+007 2.08351e+007 2.08351e+007 2.08351e+007 2.08351e+007 2.08351e+007 2.08351e+007 2.08351e+007 2.08351e+007 2.08351e+007 2.08351e+007 2.08351e+007 2.08351e+007 2.08351e+007 2.08351e+007 2.08351e+007 2.08351e+007 2.08351e+007 2.08351e+007 2.08351e+007 2.08351e+007 2.08351e+007 2.08351e+007 2.08351e+007 2.08351e+007 2.08351e+007 2.08351e+007 2.08351e+007 2.08351e+007 2.08351e+007 2.08351e+007 2.08351e+007 2.08351e+007 2.08351e+007 2.08351e+007 2.08351e+007 2.08351e+007 2.08351e+007 2.08351e+007 2.08351e+007 2.08351e+007 2.08351e+007 2.08351e+007 2.08351e+007 2.08351e+007 2.08351e+007 2.08351e+007 2.08351e+007 2.08351e+007 0 0 0 0 0 0 0 0 0 0 0 0 0 0 0 0 0 0 0 0 0 0 0 0 0
#obs cpue bio
 4.19289e+006 2.84e+006 2.845e+006 2.27087e+006 1.89011e+006 1.91434e+006 1.88429e+006 1.31802e+006 1.46182e+006 816157 901815 912216 788743 732376 582989 418322 461961 698742 408112 506965 575359 496038 651378 491452 622513 622315 490685 484600 758158 639974 586505 603068 493841 503671 447587 546301 488717 613999 582632 583110 608410 354383 346002 571092 489238 779257 770767 423535 386614 546908 590573 747327
#pred surv len freq
 0.00471425 0.00775776 0.0118664 0.0170735 0.0232661 0.030082 0.036895 0.042986 0.0478183 0.0512098 0.053292 0.0543433 0.0546462 0.0544293 0.0538664 0.0530964 0.0522429 0.0514116 0.050634 0.04976 0.0483665 0.0458098 0.0414963 0.0352718 0.0276642
 0.00512227 0.00835069 0.0126314 0.0179623 0.0242198 0.0310648 0.0379113 0.044064 0.0489684 0.0523875 0.0543941 0.0552432 0.0552478 0.054705 0.0538575 0.0528783 0.051874 0.0508926 0.0498984 0.0487062 0.0469235 0.0440044 0.0394795 0.0332802 0.0259327
 0.0052593 0.0086474 0.0132085 0.0189619 0.0257517 0.033134 0.0403704 0.0466368 0.0513456 0.0543382 0.0558214 0.0561585 0.0557029 0.0547418 0.0535037 0.0521665 0.0508514 0.0496031 0.048358 0.046899 0.0448369 0.0416842 0.0370651 0.0309844 0.0239694
 0.00550138 0.00901584 0.0137229 0.0196415 0.0266327 0.034284 0.0418771 0.0485603 0.0536519 0.0568571 0.0582697 0.0582284 0.0571637 0.0554946 0.0535671 0.0516237 0.0498003 0.0481302 0.0465291 0.0447642 0.0424502 0.039137 0.0345086 0.0286149 0.0219736
 0.00581058 0.00950791 0.0144418 0.0206159 0.0278674 0.0357508 0.0435147 0.0502917 0.0554144 0.0586196 0.0600135 0.0598995 0.0586383 0.0565951 0.0541224 0.0515306 0.0490463 0.046774 0.0446648 0.0424975 0.0398987 0.0364455 0.0318583 0.0262052 0.0199755
 0.0060465 0.0099162 0.0151008 0.0216109 0.0292669 0.037572 0.0456925 0.0526745 0.0577986 0.0608083 0.0618692 0.0613632 0.059707 0.0572736 0.0543827 0.0513061 0.0482627 0.0453921 0.042708 0.040055 0.0371172 0.0335184 0.0290091 0.0236547 0.0178935
 0.00624916 0.010239 0.0155766 0.0222725 0.0301493 0.0387106 0.0471125 0.0543724 0.0597214 0.0628439 0.0638579 0.0631321 0.0611131 0.058231 0.0548577 0.051288 0.047736 0.0443331 0.0411094 0.0379598 0.0346415 0.0308499 0.02638 0.0212933 0.0159698
 0.00650008 0.0106492 0.0161971 0.0231491 0.031311 0.0401532 0.0487867 0.0561876 0.0615688 0.064624 0.0654922 0.0645543 0.0622537 0.0590149 0.0552163 0.0511736 0.0471241 0.043217 0.0394993 0.035899 0.03223 0.0282572 0.0238269 0.0190037 0.014111
 0.00666135 0.0109332 0.0166648 0.0238703 0.032348 0.0415351 0.0504843 0.0581055 0.0635624 0.0665337 0.0671786 0.0659198 0.0632454 0.059611 0.0554069 0.0509466 0.0464635 0.0421101 0.0379506 0.0339473 0.0299674 0.0258375 0.0214512 0.0168773 0.0123883
 0.00694017 0.0113717 0.0172985 0.024726 0.0334434 0.0428761 0.0520569 0.0598642 0.065423 0.0683764 0.0688626 0.0673078 0.0642301 0.0601327 0.0554538 0.0505384 0.0456296 0.0408764 0.0363428 0.0320088 0.0277819 0.0235418 0.0192234 0.0148989 0.0107947
 0.00717132 0.01176 0.0179043 0.0256089 0.0346445 0.0443934 0.0538261 0.0617622 0.0672986 0.0700901 0.0703124 0.0684288 0.0649795 0.0604789 0.0553769 0.0500364 0.0447202 0.0395926 0.0347282 0.0301221 0.0257095 0.0214078 0.0171823 0.0131051 0.00936035
 0.00719982 0.0118344 0.0180694 0.0259268 0.0351836 0.045208 0.0549336 0.0631291 0.0688396 0.0716821 0.0718173 0.0697194 0.0659602 0.0610927 0.0555998 0.0498654 0.044166 0.0386773 0.0334889 0.0286168 0.0240236 0.0196568 0.0155024 0.0116277 0.00817948
 0.00730246 0.0120065 0.0183392 0.0263268 0.0357475 0.0459633 0.0558921 0.0642765 0.07013 0.0730377 0.0731347 0.0708837 0.0668647 0.0616583 0.0557851 0.0496654 0.0436014 0.0377841 0.0323137 0.0272199 0.0224864 0.0180839 0.0140125 0.0103315 0.00715266
 0.00756208 0.0123938 0.018858 0.0269596 0.0364632 0.0467298 0.0566849 0.0650803 0.0709341 0.0738295 0.0738935 0.0715753 0.0674399 0.0620577 0.0559508 0.0495545 0.043195 0.03709 0.0313638 0.0260683 0.0212082 0.0167734 0.012773 0.00925674 0.00630449
 0.00748452 0.0122865 0.0187305 0.0268307 0.0363535 0.0466525 0.0566421 0.0650702 0.0709663 0.0739354 0.0741217 0.0719688 0.0680078 0.0627581 0.0566949 0.0502293 0.0436929 0.037334 0.0313206 0.0257507 0.0206697 0.016097 0.0120561 0.00859071 0.00575553
 0.00771219 0.0126213 0.0191692 0.0273486 0.0369131 0.0472159 0.0571781 0.0655521 0.0713649 0.0742192 0.0742667 0.0719753 0.0679082 0.0626067 0.0565419 0.0500942 0.0435549 0.0371435 0.0310258 0.0253223 0.0201158 0.0154627 0.0114094 0.00800182 0.00527612
 0.00765277 0.012561 0.0191438 0.0274088 0.037105 0.0475544 0.0576292 0.0660404 0.0718046 0.0745496 0.0744697 0.0720673 0.0679206 0.0625708 0.0564829 0.0500293 0.0434877 0.0370593 0.0308947 0.0251136 0.0198161 0.015087 0.0109989 0.00760844 0.00494405
 0.00776023 0.0127069 0.0193126 0.0275745 0.0372465 0.0476743 0.0577612 0.0662342 0.0720932 0.0749195 0.0748584 0.0723912 0.0681143 0.0626121 0.0563921 0.0498495 0.0432622 0.036816 0.030641 0.0248424 0.0195182 0.014764 0.0106689 0.00730048 0.004686
 0.00779109 0.012754 0.0193764 0.0276497 0.0373196 0.0477232 0.0577611 0.0661701 0.0719763 0.0747934 0.0747844 0.0724178 0.0682495 0.0628191 0.0566113 0.0500283 0.0433736 0.0368574 0.0306214 0.0247709 0.0194011 0.0146094 0.0104916 0.00712177 0.0045277
 0.00787671 0.0128825 0.0195497 0.0278619 0.037558 0.0479694 0.0579917 0.0663573 0.0720915 0.0748157 0.0747123 0.0722755 0.0680807 0.0626694 0.0565069 0.0499677 0.0433344 0.0368127 0.0305527 0.0246721 0.019275 0.0144645 0.0103398 0.00697751 0.00440419
 0.00790445 0.0128999 0.0195254 0.0277522 0.0373205 0.0475851 0.0574823 0.0657865 0.0715471 0.0743822 0.0744474 0.0722005 0.0681851 0.0629224 0.0568696 0.0503984 0.0437901 0.0372507 0.0309357 0.0249744 0.0194864 0.0145897 0.0103949 0.00698425 0.00438486
 0.00803286 0.013105 0.0198246 0.0281515 0.037805 0.0481086 0.0579643 0.0661275 0.0716619 0.0742359 0.0740729 0.0716844 0.0676335 0.0624255 0.0564824 0.0501387 0.0436475 0.0371976 0.0309374 0.0249972 0.0195047 0.0145897 0.0103746 0.00695021 0.00434675
 0.00788294 0.0128868 0.0195443 0.0278337 0.0374878 0.0478345 0.0577693 0.0660314 0.0716606 0.0743011 0.0741613 0.0717574 0.0676758 0.0624513 0.0565244 0.0502289 0.0438009 0.037407 0.0311784 0.0252379 0.0197162 0.0147534 0.0104851 0.00701368 0.00437594
 0.00787786 0.0128688 0.0195002 0.0277483 0.0373519 0.0476542 0.0575728 0.0658633 0.0715653 0.074302 0.0742485 0.0718917 0.0678067 0.0625399 0.0565588 0.0502253 0.043791 0.0374202 0.0312282 0.0253192 0.0198114 0.0148426 0.0105544 0.00705832 0.00439914
 0.00785535 0.0128358 0.0194567 0.0276947 0.0372866 0.0475721 0.0574658 0.0657268 0.0714064 0.0741444 0.0741271 0.0718376 0.0678311 0.0626281 0.0566787 0.0503451 0.0438936 0.0375066 0.0313091 0.0254036 0.0198997 0.0149273 0.0106258 0.00711039 0.00443163
 0.00781689 0.0127784 0.01938 0.0276022 0.037185 0.0474695 0.0573701 0.065643 0.0713354 0.0740834 0.0740739 0.0717958 0.0678114 0.0626431 0.0567344 0.0504353 0.0440029 0.0376187 0.0314143 0.0254994 0.0199867 0.0150048 0.0106907 0.0071598 0.00446494
 0.00796957 0.013002 0.0196708 0.0279405 0.0375404 0.0478099 0.0576676 0.0658763 0.0714879 0.0741422 0.0740313 0.0716523 0.0675797 0.0623488 0.0564117 0.0501189 0.0437194 0.0373818 0.0312268 0.0253578 0.0198855 0.0149374 0.0106499 0.00713758 0.00445404
 0.00798464 0.0130116 0.0196576 0.027879 0.0374036 0.0475801 0.0573473 0.0654934 0.0710923 0.0737944 0.0737869 0.0715461 0.0676163 0.0625041 0.056645 0.0503884 0.0439934 0.0376412 0.0314619 0.0255635 0.0200586 0.0150767 0.0107561 0.00721344 0.00450424
 0.00798152 0.0130029 0.0196371 0.0278367 0.0373257 0.0474502 0.0571508 0.0652228 0.070755 0.0734186 0.0734202 0.0712466 0.0674358 0.0624718 0.0567593 0.0506199 0.0442972 0.0379718 0.031783 0.0258518 0.0203019 0.0152706 0.0109017 0.00731586 0.00457105
 0.00790696 0.0128906 0.0194843 0.0276467 0.037106 0.04721 0.0568988 0.0649666 0.0705011 0.0731738 0.0731945 0.0710565 0.0673055 0.0624294 0.0568265 0.0508023 0.0445788 0.0383189 0.0321537 0.0262074 0.0206143 0.0155247 0.0110937 0.00745058 0.00465842
 0.00778145 0.0126934 0.0192014 0.0272715 0.0366437 0.0466814 0.0563425 0.0644357 0.0700515 0.0728485 0.073013 0.071015 0.0673864 0.0626126 0.0570972 0.0511506 0.044994 0.0387822 0.0326365 0.0266749 0.0210336 0.0158726 0.0113604 0.00763909 0.00478087
 0.00857507 0.0138021 0.0205345 0.028632 0.0377844 0.0473953 0.0565353 0.0641412 0.0693922 0.071976 0.0720624 0.0700849 0.0665382 0.0618795 0.0564941 0.0506827 0.0446609 0.0385775 0.0325454 0.026673 0.0210899 0.0159558 0.0114453 0.00771016 0.00483233
 0.0092885 0.0149577 0.0222526 0.0309864 0.0407461 0.0507679 0.0599264 0.0670231 0.071261 0.0725354 0.0713219 0.0683191 0.0641479 0.0592479 0.053905 0.0483076 0.0425852 0.0368335 0.0311344 0.0255769 0.020276 0.0153808 0.0110608 0.00746805 0.0046896
 0.00923041 0.0149825 0.0225106 0.0316914 0.0421197 0.0529468 0.0628711 0.0704756 0.074776 0.0755781 0.0734029 0.0691258 0.063627 0.0576012 0.0515011 0.0455551 0.0398293 0.0343083 0.0289667 0.0238133 0.0189115 0.0143788 0.0103658 0.00701569 0.00441527
 0.00888297 0.0144541 0.0217921 0.0308219 0.0412058 0.0521751 0.0624973 0.0707689 0.0759177 0.0775528 0.0759495 0.07179 0.0659017 0.0590903 0.0520318 0.0451969 0.0388251 0.0329654 0.0275598 0.0225335 0.0178588 0.013581 0.00980473 0.00664917 0.00419356
 0.0087219 0.0141795 0.0213573 0.0301816 0.040335 0.0510981 0.0613156 0.06967 0.0751491 0.0773612 0.0764981 0.0730832 0.067751 0.0611501 0.0539032 0.0465574 0.0395239 0.033042 0.0271884 0.0219337 0.0172196 0.0130236 0.00938066 0.00636033 0.00401539
 0.00870874 0.0141351 0.0212471 0.0299571 0.0399431 0.0504989 0.0605029 0.0686879 0.0741 0.0764015 0.0758183 0.0728658 0.0681108 0.0620766 0.0552386 0.048033 0.0408486 0.0340012 0.0277043 0.0220612 0.0170918 0.0127836 0.00913526 0.00616486 0.0038836
 0.00869093 0.0141096 0.0212133 0.0299123 0.039877 0.0503881 0.06031 0.0683708 0.0736309 0.0757907 0.0751305 0.0722197 0.0676556 0.0619483 0.055507 0.048664 0.041704 0.0348845 0.0284351 0.022537 0.0173076 0.0128063 0.00905561 0.00605825 0.00379281
 0.00862499 0.0140192 0.0211085 0.0298125 0.0398053 0.0503609 0.0603274 0.0684113 0.073654 0.0757469 0.0749792 0.0719501 0.0673039 0.0615979 0.0552663 0.048624 0.0418959 0.0352613 0.0288896 0.0229503 0.0175981 0.0129531 0.0090884 0.00602767 0.00374321
 0.00842735 0.0137222 0.0207077 0.0293232 0.0392617 0.0498126 0.0598339 0.0680329 0.0734371 0.0757071 0.0750923 0.0721602 0.067546 0.0618261 0.0554733 0.04884 0.0421657 0.0356114 0.0293054 0.0233788 0.0179739 0.01323 0.00925624 0.00610703 0.0037677
 0.00863202 0.0140137 0.0210702 0.0297164 0.0396324 0.0501142 0.0600407 0.0681427 0.0734625 0.0756637 0.0749905 0.0720026 0.0673303 0.0615519 0.0551501 0.0484938 0.041838 0.0353474 0.0291355 0.0233041 0.0179677 0.0132532 0.00927709 0.00611162 0.00375786
 0.00869334 0.0141346 0.0212886 0.0300728 0.040151 0.0507775 0.0607747 0.0688287 0.0739765 0.0759238 0.0749821 0.0717698 0.0669445 0.0610804 0.0546412 0.0479797 0.0413454 0.0349038 0.0287673 0.0230277 0.0177819 0.0131403 0.00921181 0.00607192 0.0037306
 0.00860822 0.0140045 0.0211104 0.0298552 0.0399192 0.0505753 0.0606599 0.0688557 0.0741708 0.0762611 0.0753907 0.072158 0.0672379 0.0612453 0.0546841 0.0479301 0.0412383 0.0347709 0.0286349 0.0229159 0.017702 0.0130929 0.00918902 0.00606292 0.00372675
 0.00871165 0.0141435 0.0212661 0.0299924 0.0399978 0.0505675 0.0605654 0.0687062 0.0740205 0.0761672 0.075391 0.0722555 0.0673984 0.0614124 0.0548038 0.0479711 0.0411987 0.0346711 0.0285051 0.0227844 0.0175892 0.0130086 0.0091335 0.00603017 0.00370892
 0.0085707 0.013937 0.0209961 0.0296731 0.0396478 0.0502005 0.0601867 0.0683196 0.0736423 0.075837 0.0751687 0.0722014 0.0675466 0.0617517 0.0552779 0.0484988 0.0417018 0.0350968 0.0288327 0.0230195 0.0177507 0.0131176 0.00920661 0.00607857 0.00373972
 0.00866056 0.0140511 0.0211098 0.0297463 0.039639 0.0500868 0.0599766 0.0680492 0.0733561 0.0755678 0.0749317 0.072005 0.0674061 0.0616916 0.0553187 0.0486404 0.0419173 0.0353418 0.0290635 0.0232077 0.0178875 0.0132086 0.00926364 0.00611308 0.00376006
 0.00864565 0.0140286 0.0210779 0.0297007 0.0395693 0.0499744 0.059798 0.0677865 0.0730125 0.0751771 0.0745529 0.071702 0.0672259 0.061653 0.0554161 0.0488528 0.0422146 0.035687 0.0294157 0.0235295 0.0181534 0.0134088 0.00940228 0.00620199 0.00381313
 0.00893939 0.0144995 0.0217715 0.0306478 0.0407708 0.0513819 0.0612975 0.0692027 0.0741423 0.0758435 0.0746559 0.0712447 0.0663071 0.0604339 0.0540748 0.0475442 0.0410465 0.0347152 0.0286525 0.0229573 0.0177397 0.0131188 0.00920522 0.00607343 0.00373382
 0.00893406 0.0145236 0.0218687 0.0308794 0.0412017 0.0520552 0.0622103 0.0702943 0.0752994 0.0769196 0.0754987 0.0717268 0.0663562 0.0600523 0.0533392 0.0465836 0.0400062 0.0337212 0.0277896 0.0222645 0.0172189 0.0127489 0.00895594 0.00591409 0.00363776
 0.0083563 0.0136179 0.0205741 0.0291783 0.0391416 0.0497728 0.0599441 0.0683594 0.0740141 0.076507 0.076013 0.0730408 0.0682086 0.0621297 0.0553585 0.0483493 0.0414307 0.0348082 0.0285956 0.0228595 0.0176605 0.0130754 0.00919083 0.00607435 0.00373938
 0.00803835 0.0130302 0.019563 0.0275686 0.0367931 0.0466652 0.0562508 0.0644595 0.070421 0.0737422 0.0744778 0.0729285 0.0694732 0.0645107 0.0584546 0.0517207 0.0446965 0.0377087 0.0310053 0.0247605 0.0190984 0.0141214 0.00991938 0.00655556 0.0040371
 0.00799124 0.0130098 0.0196268 0.0277795 0.0371713 0.0471295 0.0565925 0.0643914 0.0696994 0.0723026 0.0725034 0.0708049 0.0676543 0.0633632 0.0581501 0.05221 0.0457621 0.0390616 0.0323804 0.0259763 0.0200702 0.0148395 0.0104163 0.00687905 0.00423463
#obs surv len freq
 0.00497135 0.00814236 0.0123837 0.0177083 0.0239892 0.0308604 0.0376964 0.0437746 0.048546 0.0518116 0.0536913 0.0544706 0.0544683 0.0539793 0.0532622 0.0525296 0.0519261 0.0514865 0.0510728 0.0503159 0.0486337 0.0453954 0.0402241 0.0332887 0.0253716
 0.00518287 0.00849039 0.0129153 0.0184701 0.0250187 0.0321715 0.0392646 0.045531 0.0503866 0.0536157 0.0553411 0.0558623 0.0555155 0.0546134 0.0534313 0.0522002 0.0510886 0.0501629 0.0493235 0.0482439 0.0463823 0.0431367 0.0381347 0.0315158 0.024001
 0.00541106 0.00886234 0.0134772 0.0192665 0.026085 0.0335218 0.0408784 0.0473467 0.0523079 0.0555279 0.0571267 0.057412 0.0567339 0.0554209 0.0537646 0.0520126 0.0503523 0.048877 0.0475266 0.0460279 0.0438983 0.0405848 0.0357325 0.0294525 0.0223927
 0.00565704 0.00926515 0.0140888 0.0201368 0.0272521 0.0349968 0.0426299 0.0492968 0.0543444 0.0575266 0.0589712 0.0590026 0.0579872 0.0562664 0.0541422 0.0518712 0.0496534 0.0476028 0.045696 0.0437164 0.0412523 0.0378166 0.0330877 0.0271542 0.0205855
 0.00589309 0.00965416 0.0146841 0.0209917 0.0284096 0.0364736 0.0443992 0.0512822 0.0564302 0.0595803 0.0608658 0.0606298 0.059262 0.0571246 0.0545339 0.0517548 0.0489929 0.0463742 0.0439043 0.0414197 0.0385833 0.0349845 0.0303476 0.0247476 0.0186768
 0.00614723 0.0100663 0.0153027 0.0218619 0.0295659 0.0379272 0.0461247 0.0532109 0.0584578 0.0615845 0.0627243 0.0622334 0.0605209 0.0579701 0.0549163 0.0516377 0.0483481 0.0451824 0.0421678 0.0391862 0.0359711 0.0321902 0.0276209 0.0223332 0.0167481
 0.00637908 0.010451 0.0158958 0.0227189 0.0307302 0.0394113 0.0478922 0.0551733 0.0604901 0.0635531 0.0645096 0.0637401 0.0616768 0.0587214 0.0552227 0.0514687 0.0476802 0.0440009 0.0404765 0.0370285 0.0334539 0.0294945 0.0249815 0.0199858 0.014864
 0.00660958 0.0108289 0.0164708 0.0235399 0.0318368 0.0408189 0.0495764 0.0570616 0.0624699 0.0654904 0.0662724 0.0652155 0.0627812 0.059402 0.0554515 0.0512327 0.0469726 0.0428193 0.0388316 0.0349632 0.0310659 0.0269481 0.0224911 0.0177689 0.013081
 0.00684951 0.0112206 0.017063 0.0243787 0.0329557 0.042225 0.0512354 0.0588939 0.0643615 0.0673154 0.0679124 0.0665713 0.0637764 0.0599841 0.0555914 0.0509205 0.0462114 0.0416205 0.0372182 0.0329835 0.0288126 0.0245698 0.0201792 0.0157173 0.0114326
 0.00705412 0.0115584 0.017581 0.0251232 0.0339631 0.043506 0.0527601 0.0605864 0.0661119 0.0690013 0.0694201 0.067808 0.0646742 0.0604984 0.0556976 0.05061 0.0454878 0.040498 0.0357247 0.0311705 0.0267691 0.0224298 0.018111 0.0138888 0.00996661
 0.00727354 0.0119162 0.0181214 0.0258876 0.0349814 0.0447832 0.0542623 0.0622365 0.0677992 0.0706026 0.0708212 0.0689175 0.0654293 0.0608652 0.055666 0.0501871 0.0446908 0.0393514 0.034263 0.0294472 0.0248684 0.0204721 0.0162424 0.0122518 0.00866257
 0.00744919 0.0122046 0.0185604 0.0265142 0.0358237 0.0458491 0.055527 0.0636383 0.0692479 0.0719961 0.0720616 0.0699219 0.066135 0.0612316 0.0556746 0.0498385 0.0440006 0.0383462 0.0329805 0.0279415 0.0232182 0.0187841 0.0146416 0.0108572 0.00755659
 0.00753324 0.0123474 0.0187873 0.0268536 0.0363028 0.0464856 0.0563207 0.0645658 0.0702642 0.073041 0.0730674 0.0708193 0.0668593 0.0617274 0.0559007 0.0497703 0.0436312 0.0376859 0.0320573 0.0268034 0.0219365 0.0174532 0.0133694 0.0097445 0.00667263
 0.00758162 0.0124212 0.0188902 0.0269881 0.0364736 0.0467025 0.0565996 0.0649254 0.0707191 0.0735927 0.0736983 0.0714919 0.0675197 0.0623128 0.0563479 0.0500243 0.0436517 0.0374529 0.0315745 0.0261008 0.0210716 0.0165071 0.0124362 0.00891252 0.00600378
 0.00765359 0.0125283 0.0190329 0.0271602 0.0366635 0.0468973 0.0567888 0.0651047 0.0708937 0.0737779 0.0739157 0.0717596 0.0678408 0.0626684 0.0566968 0.0503108 0.0438178 0.0374507 0.0313773 0.0257106 0.0205217 0.015859 0.0117677 0.00829972 0.00550244
 0.00774289 0.0126665 0.0192272 0.0274109 0.0369627 0.0472267 0.0571203 0.0654038 0.0711283 0.0739298 0.0739883 0.0717771 0.0678385 0.0626778 0.0567325 0.0503632 0.0438548 0.0374279 0.0312531 0.0254615 0.0201525 0.015404 0.0112824 0.00784411 0.00512354
 0.00780544 0.0127665 0.0193743 0.0276122 0.0372197 0.0475328 0.0574571 0.0657413 0.0714299 0.0741615 0.0741274 0.0718186 0.0677962 0.0625797 0.0566116 0.0502449 0.0437471 0.0373185 0.0311155 0.0252686 0.0198915 0.0150851 0.010937 0.00751366 0.004844
 0.00781342 0.0127795 0.0193943 0.0276416 0.0372622 0.0475934 0.0575412 0.0658528 0.0715681 0.0743188 0.0742886 0.0719642 0.0679081 0.0626477 0.0566365 0.0502366 0.0437178 0.0372741 0.0310512 0.0251719 0.0197513 0.0149016 0.010726 0.00730156 0.0046575
 0.0078597 0.0128445 0.019473 0.0277235 0.0373343 0.0476455 0.0575708 0.065866 0.0715768 0.0743358 0.074323 0.0720177 0.0679741 0.0627136 0.0566887 0.0502656 0.0437205 0.0372519 0.0310058 0.0251022 0.0196546 0.0147787 0.0105853 0.00715869 0.00452977
 0.0078672 0.0128569 0.0194915 0.0277483 0.0373628 0.0476716 0.0575848 0.065858 0.0715423 0.0742805 0.0742632 0.0719746 0.0679652 0.0627451 0.0567537 0.0503484 0.0438026 0.0373182 0.0310465 0.0251124 0.0196332 0.0147286 0.010514 0.00707797 0.00445275
 0.00788802 0.0128849 0.0195231 0.0277767 0.0373807 0.0476738 0.0575708 0.065831 0.0715065 0.0742389 0.0742178 0.0719292 0.0679274 0.0627253 0.0567604 0.0503832 0.0438588 0.0373824 0.0311041 0.0251513 0.019647 0.0147167 0.0104814 0.00703369 0.00440674
 0.00789363 0.0128915 0.0195282 0.027776 0.0373685 0.0476447 0.0575212 0.0657612 0.0714219 0.0741496 0.0741366 0.0718678 0.0678934 0.062722 0.0567874 0.0504379 0.0439356 0.0374726 0.0311958 0.0252319 0.0197065 0.0147504 0.010491 0.00702537 0.00438912
 0.00792181 0.0129321 0.0195794 0.0278324 0.0374221 0.0476867 0.0575436 0.0657582 0.0713906 0.074091 0.0740564 0.0717762 0.0678036 0.0626466 0.0567359 0.050415 0.043941 0.0375015 0.0312397 0.0252806 0.0197496 0.0147809 0.010506 0.007027 0.00438226
 0.00788051 0.0128707 0.0194976 0.0277336 0.0373121 0.0475718 0.0574298 0.0656508 0.0712953 0.0740139 0.0740033 0.0717518 0.0678099 0.0626835 0.0568014 0.0505052 0.0440508 0.0376238 0.031366 0.0254011 0.019855 0.0148642 0.0105647 0.00706275 0.00440029
 0.007892 0.0128797 0.0194939 0.0277025 0.0372401 0.0474538 0.057274 0.0654783 0.0711322 0.0738822 0.0739149 0.0717083 0.067807 0.062715 0.0568616 0.0505892 0.0441534 0.0377391 0.0314867 0.0255188 0.0199613 0.0149522 0.0106306 0.0071069 0.00442623
 0.00787156 0.01285 0.0194551 0.0276557 0.0371848 0.0473858 0.0571857 0.0653623 0.0709883 0.073722 0.0737611 0.0715873 0.0677393 0.0627085 0.056912 0.0506845 0.0442791 0.0378818 0.0316345 0.0256613 0.0200897 0.0150595 0.0107131 0.00716461 0.00446259
 0.00783342 0.0127852 0.0193529 0.0275059 0.0369822 0.047135 0.056905 0.0650807 0.0707372 0.0735258 0.0736323 0.0715286 0.0677493 0.0627849 0.0570501 0.0508748 0.0445067 0.0381281 0.0318809 0.0258916 0.0202915 0.0152251 0.0108395 0.00725361 0.00451987
 0.00782918 0.0127752 0.0193318 0.027466 0.0369142 0.0470306 0.0567595 0.0648967 0.0705266 0.0733092 0.073435 0.0713747 0.0676556 0.0627585 0.05709 0.0509741 0.0446546 0.0383102 0.0320804 0.0260909 0.0204749 0.015381 0.0109617 0.00734161 0.00457773
 0.00780289 0.0127322 0.0192667 0.0273737 0.036791 0.0468757 0.0565765 0.0646945 0.0703178 0.0731085 0.0732583 0.0712377 0.0675726 0.0627401 0.0571401 0.0510892 0.0448238 0.0385181 0.0323085 0.0263202 0.0206877 0.0155637 0.0111063 0.00744671 0.00464751
 0.00779065 0.0127096 0.0192277 0.0273112 0.0366982 0.0467493 0.0564191 0.0645147 0.0701292 0.0729262 0.0730962 0.0711075 0.0674838 0.0627004 0.057155 0.0511603 0.044948 0.038686 0.0325055 0.0265281 0.0208883 0.0157412 0.0112503 0.00755358 0.00471971
 0.00773735 0.0126265 0.0191095 0.0271551 0.0365051 0.0465238 0.0561706 0.0642584 0.0698845 0.0727136 0.0729339 0.0710082 0.0674536 0.0627387 0.0572563 0.0513166 0.0451493 0.0389207 0.0327595 0.026785 0.0211307 0.0159535 0.0114221 0.00768116 0.00480616
 0.0093326 0.0148565 0.0217944 0.029904 0.0388301 0.048022 0.0566675 0.0638338 0.0687863 0.0712337 0.0713158 0.0694161 0.0659812 0.0614324 0.0561346 0.0503816 0.0443939 0.0383321 0.0323205 0.0264753 0.0209267 0.0158302 0.0113552 0.00764959 0.00479406
 0.00930277 0.0151052 0.0226923 0.0319118 0.0422971 0.0529146 0.0623983 0.0693579 0.0729744 0.0733191 0.0711487 0.0674019 0.0628024 0.0577571 0.0524513 0.0469747 0.0413951 0.0357841 0.0302217 0.0248022 0.0196426 0.0148884 0.0107005 0.00722201 0.00453393
 0.00895962 0.0145652 0.0219349 0.0309869 0.0413793 0.0523395 0.0626221 0.0707943 0.0757466 0.0770752 0.0751068 0.0706472 0.0646703 0.0580632 0.0514592 0.0451788 0.0392877 0.0337218 0.0284035 0.0233079 0.0184815 0.0140329 0.010105 0.00683313 0.00429757
 0.00879527 0.0142862 0.0214939 0.0303358 0.0404875 0.0512276 0.061404 0.0697059 0.0751256 0.0772681 0.0763126 0.0727717 0.0672932 0.0605755 0.0533104 0.0460876 0.0392976 0.0330999 0.0274781 0.0223455 0.0176413 0.0133786 0.00963917 0.006527 0.00411179
 0.00871634 0.0141519 0.0212799 0.0300132 0.0400266 0.0506059 0.0606194 0.0687935 0.0741765 0.0764406 0.0758204 0.0728299 0.068024 0.0619174 0.0549966 0.0477323 0.0405528 0.0337882 0.0276271 0.0221217 0.0172457 0.0129691 0.00930186 0.00628789 0.00396121
 0.00869534 0.0141144 0.0212165 0.0299115 0.0398712 0.0503803 0.0603085 0.0683875 0.0736777 0.0758735 0.0752457 0.0723519 0.0677787 0.0620293 0.0555149 0.0485826 0.0415443 0.0346868 0.0282542 0.0224179 0.0172663 0.012828 0.00910968 0.00611589 0.00383761
 0.00866821 0.0140714 0.0211537 0.0298255 0.039759 0.0502391 0.0601357 0.0681807 0.0734345 0.0755931 0.0749336 0.0720288 0.0674897 0.0618446 0.0555128 0.048814 0.0419957 0.0352691 0.0288326 0.0228703 0.0175322 0.01292 0.00908682 0.00604444 0.00376436
 0.00865894 0.0140539 0.0211232 0.029776 0.0396853 0.0501389 0.0600111 0.068038 0.0732811 0.0754342 0.0747705 0.0718613 0.0673227 0.0616958 0.0554162 0.0488133 0.0421241 0.0355258 0.0291727 0.0232185 0.017816 0.0131 0.00916609 0.00605441 0.00374208
 0.00864845 0.0140417 0.0211134 0.0297745 0.039697 0.0501636 0.0600414 0.0680602 0.0732803 0.0753995 0.0746983 0.071755 0.0671904 0.0615498 0.0552748 0.0487018 0.0420711 0.0355526 0.0292795 0.0233793 0.0179876 0.0132416 0.00925596 0.00609419 0.00374817
 0.00862557 0.0140067 0.0210651 0.0297144 0.0396293 0.0500962 0.0599845 0.0680239 0.0732698 0.0754121 0.074723 0.0717763 0.0671951 0.0615316 0.0552369 0.0486562 0.0420362 0.0355477 0.0293172 0.0234583 0.0180913 0.0133453 0.00933844 0.00614615 0.00377268
 0.00863191 0.0140132 0.0210678 0.0297075 0.0396071 0.0500557 0.0599282 0.0679598 0.0732097 0.0753676 0.0747008 0.0717761 0.0672092 0.0615488 0.0552468 0.0486545 0.0420268 0.0355411 0.0293256 0.0234889 0.0181424 0.0134063 0.00939565 0.00618947 0.00379907
 0.00864749 0.0140377 0.0211027 0.0297528 0.0396604 0.050111 0.0599762 0.0679896 0.0732129 0.0753419 0.0746521 0.0717158 0.0671494 0.061497 0.0552046 0.048619 0.041995 0.0355131 0.0293056 0.0234821 0.0181511 0.0134277 0.00942278 0.00621466 0.0038175
 0.00862775 0.0140102 0.0210701 0.0297204 0.0396349 0.0500982 0.0599787 0.0680058 0.0732373 0.0753668 0.0746699 0.0717224 0.0671449 0.0614857 0.0551921 0.0486096 0.0419901 0.0355125 0.0293088 0.02349 0.0181647 0.0134465 0.00944421 0.0062349 0.00383345
 0.00864462 0.0140341 0.0210995 0.0297522 0.0396657 0.0501263 0.060005 0.0680331 0.0732675 0.0753988 0.0746985 0.0717396 0.0671439 0.0614636 0.0551518 0.0485577 0.0419349 0.035461 0.0292657 0.0234577 0.0181439 0.0134363 0.00944229 0.00623799 0.0038383
 0.0086033 0.0139747 0.0210245 0.0296686 0.0395828 0.0500524 0.0599452 0.0679898 0.0732421 0.0753936 0.0747162 0.0717809 0.0672049 0.061536 0.0552248 0.0486227 0.0419872 0.0355005 0.0292951 0.0234806 0.0181631 0.0134535 0.00945769 0.00625117 0.00384864
 0.0086033 0.0139747 0.0210245 0.0296686 0.0395828 0.0500524 0.0599452 0.0679898 0.0732421 0.0753936 0.0747162 0.0717809 0.0672049 0.061536 0.0552248 0.0486227 0.0419872 0.0355005 0.0292951 0.0234806 0.0181631 0.0134535 0.00945769 0.00625117 0.00384864
 0.00889912 0.0144358 0.0216797 0.0305268 0.0406263 0.0512292 0.0611636 0.0691236 0.0741536 0.0759666 0.0748863 0.0715475 0.0666246 0.0607022 0.0542438 0.0475932 0.040988 0.0345868 0.0285006 0.0228218 0.017643 0.0130644 0.00918373 0.00607105 0.00373892
 0.00880952 0.0143282 0.0215884 0.0305075 0.0407417 0.0515256 0.06165 0.0697642 0.074876 0.0766794 0.0754975 0.0719799 0.0668286 0.0606641 0.0539868 0.0471698 0.0404659 0.034033 0.0279707 0.0223539 0.017258 0.0127683 0.00897135 0.00592955 0.0036519
 0.00829154 0.013492 0.0203478 0.0288057 0.0385853 0.0490269 0.0590528 0.0674186 0.0731514 0.0758496 0.0756575 0.0730349 0.0685457 0.062752 0.0561684 0.04923 0.0422712 0.0355268 0.0291525 0.0232555 0.0179237 0.013243 0.00929599 0.00614051 0.00378071
 0.0079381 0.0128775 0.019351 0.0272941 0.0364526 0.0462517 0.0557554 0.0638828 0.0697877 0.0731109 0.0739358 0.0725708 0.0693733 0.0646973 0.0589032 0.0523609 0.0454313 0.0384383 0.03165 0.0252745 0.0194722 0.0143722 0.0100771 0.00664987 0.00409139
 0.00833292 0.0134776 0.0201693 0.0282961 0.0375417 0.0472604 0.0564532 0.0640177 0.0691672 0.0716939 0.0718853 0.0702301 0.067169 0.0630105 0.0579627 0.052198 0.0459044 0.0393093 0.0326709 0.0262519 0.0202931 0.0149963 0.0105136 0.00693291 0.00426177
#pred catch len freq
 0.00359252 0.00584337 0.00883444 0.0126119 0.017201 0.0225467 0.0284496 0.0345699 0.0405046 0.0458759 0.0503864 0.0538518 0.0562219 0.0575758 0.0580859 0.0579735 0.0574752 0.0568044 0.0560731 0.0551672 0.0536499 0.0508253 0.0460437 0.0391386 0.0306974
 0.00394755 0.00636254 0.00951139 0.0134122 0.0180831 0.0234899 0.0294659 0.0356866 0.0417251 0.0471458 0.0515927 0.0548595 0.0569285 0.0579497 0.0581672 0.0578378 0.05718 0.0563453 0.055373 0.0541117 0.0521585 0.0489249 0.0438981 0.0370064 0.0288366
 0.00410844 0.00667031 0.0100559 0.014295 0.0193809 0.0252057 0.0314967 0.0378397 0.0437842 0.0489452 0.0530503 0.0559544 0.0576546 0.0582911 0.0581092 0.0573915 0.056386 0.0552486 0.0539896 0.052422 0.050144 0.046629 0.0414661 0.0346647 0.0268168
 0.00433065 0.00700984 0.0105334 0.0149333 0.020223 0.0263274 0.0329947 0.0397828 0.0461441 0.0515529 0.0556185 0.0581662 0.0592671 0.059191 0.0583009 0.0569457 0.0553927 0.0537906 0.0521327 0.0502176 0.047649 0.0439409 0.0387483 0.0321318 0.0246748
 0.00463828 0.00749226 0.0112255 0.0158537 0.0213705 0.0276806 0.0345162 0.0414337 0.0479016 0.0534119 0.0575608 0.0601114 0.0610471 0.0605805 0.0590907 0.0570108 0.0547149 0.0524336 0.0502006 0.0478274 0.04493 0.0410523 0.0358892 0.0295222 0.0225043
 0.00485762 0.0078624 0.0118079 0.0167146 0.0225673 0.0292389 0.0364067 0.0435623 0.0501251 0.0555748 0.0595347 0.0618163 0.0624401 0.06162 0.0597037 0.0570925 0.0541637 0.0511966 0.0483004 0.0453625 0.0420628 0.0379953 0.0328877 0.0268187 0.0202873
 0.00508433 0.00821849 0.0123236 0.017418 0.0234894 0.0304162 0.037873 0.0453278 0.0521504 0.0577539 0.0617031 0.0637864 0.0640487 0.0627611 0.0603268 0.0571729 0.0536732 0.0501015 0.0465886 0.043081 0.039342 0.0350467 0.0299726 0.0241944 0.018146
 0.00534701 0.00863874 0.0129433 0.0182715 0.0245976 0.0317789 0.0394616 0.0470861 0.0540059 0.05963 0.0635215 0.0654583 0.065469 0.0638163 0.0609167 0.057228 0.0531572 0.0490023 0.0449159 0.0408827 0.0367309 0.0322138 0.0271671 0.021669 0.0160905
 0.0055537 0.00898277 0.0134766 0.0190488 0.0256677 0.0331672 0.0411519 0.0490094 0.0560457 0.0616438 0.0653687 0.0670239 0.0666737 0.0646118 0.0612702 0.0571104 0.0525404 0.0478671 0.0432655 0.0387611 0.0342426 0.0295337 0.0245237 0.0192958 0.0141639
 0.0058477 0.00944032 0.0141292 0.0199179 0.0267677 0.0345085 0.0427342 0.0508078 0.0579951 0.0636327 0.0672485 0.0686356 0.0678819 0.0653301 0.061467 0.0567933 0.0517327 0.0465923 0.0415501 0.0366537 0.0318387 0.0269893 0.0220421 0.0170848 0.0123787
 0.00607344 0.00981143 0.0146949 0.0207252 0.0278511 0.0358744 0.044347 0.0525887 0.0598377 0.0654245 0.0688859 0.0700254 0.0689375 0.0659753 0.0616461 0.0564816 0.0509378 0.0453455 0.0398989 0.034665 0.0296117 0.0246669 0.0198016 0.015104 0.0107885
 0.00618221 0.010002 0.0150084 0.0212125 0.0285656 0.0368585 0.0456141 0.0541078 0.0615285 0.067165 0.0705332 0.0714422 0.0700165 0.0666488 0.0618818 0.0562715 0.0502903 0.0442838 0.038465 0.0329251 0.0276644 0.0226452 0.0178626 0.0133991 0.00942591
 0.00630094 0.0101954 0.015302 0.0216341 0.0291458 0.0376271 0.0465921 0.0552962 0.0628957 0.0686403 0.0720082 0.0727859 0.0710995 0.0673688 0.0621794 0.0561304 0.0497267 0.0433345 0.0371812 0.0313757 0.025943 0.020873 0.0161769 0.0119285 0.00825858
 0.00643126 0.0103871 0.0155544 0.0219378 0.029491 0.038015 0.0470424 0.0558421 0.0635701 0.0694563 0.0729445 0.0737816 0.0720608 0.0681861 0.0627486 0.0563733 0.0496023 0.0428408 0.0363505 0.0302698 0.0246505 0.0195052 0.0148567 0.0107679 0.00733402
 0.00643134 0.0103955 0.015581 0.0219942 0.0295841 0.0381405 0.0471838 0.0559812 0.0637049 0.0696153 0.0731823 0.0741538 0.0725903 0.0688403 0.0634411 0.056987 0.0500224 0.0429836 0.0361798 0.0298005 0.0239434 0.0186555 0.0139756 0.00995954 0.00667293
 0.00660029 0.0106423 0.0159019 0.02237 0.0299883 0.0385512 0.0475879 0.0563698 0.0640624 0.0699149 0.073396 0.0742712 0.0726312 0.0688477 0.0634545 0.0570146 0.0500306 0.0429102 0.0359627 0.0294063 0.023383 0.0179829 0.0132722 0.00930932 0.00613856
 0.00658568 0.0106441 0.01595 0.0225035 0.0302403 0.0389275 0.0480545 0.0568592 0.0645001 0.0702488 0.0736099 0.0743776 0.0726554 0.0688163 0.0633922 0.0569407 0.0499507 0.0428088 0.0358063 0.0291597 0.0230311 0.0175434 0.0127927 0.00885034 0.00575136
 0.00663704 0.0107087 0.016015 0.0225522 0.0302656 0.0389467 0.0481136 0.0570158 0.0647898 0.070656 0.0740653 0.0747883 0.0729462 0.0689563 0.0633953 0.0568459 0.0497986 0.0426252 0.0355966 0.0289146 0.0227402 0.01721 0.0124394 0.00851302 0.0054646
 0.00667199 0.0107612 0.0160846 0.022632 0.0303402 0.0389929 0.0481068 0.0569439 0.0646688 0.0705346 0.074009 0.0748455 0.0731201 0.0692023 0.0636459 0.0570438 0.0499161 0.0426617 0.0355636 0.028823 0.0225973 0.0170249 0.0122292 0.0083023 0.00527852
 0.00665663 0.0107369 0.0160496 0.0225862 0.0302859 0.0389352 0.048052 0.0568965 0.0646282 0.0704973 0.0739752 0.0748278 0.0731425 0.0692872 0.0637966 0.0572373 0.0501125 0.0428217 0.0356628 0.0288539 0.022565 0.0169422 0.0121141 0.00817584 0.00516087
 0.00670901 0.0107962 0.0160912 0.0225718 0.0301745 0.0387003 0.0476973 0.0564599 0.0641723 0.0700912 0.0736767 0.0746713 0.0731375 0.0694231 0.0640494 0.0575742 0.0504928 0.0432006 0.0359985 0.0291162 0.0227408 0.017035 0.0121402 0.00815789 0.00512199
 0.00676231 0.0108844 0.0162248 0.022756 0.0304013 0.0389408 0.0478991 0.0565583 0.0641152 0.0698647 0.0733165 0.0742514 0.0727422 0.06912 0.0638742 0.0575299 0.050558 0.043339 0.0361684 0.0292792 0.0228688 0.0171148 0.0121733 0.0081562 0.00510129
 0.00666775 0.010749 0.0160558 0.0225732 0.0302335 0.0388172 0.0478401 0.0565672 0.0641735 0.0699349 0.0733546 0.0742271 0.0726557 0.0690038 0.0637787 0.0575 0.0506154 0.0434777 0.0363606 0.0294876 0.0230588 0.0172633 0.0122719 0.0082099 0.00512257
 0.00665451 0.010721 0.0160027 0.0224842 0.0301031 0.0386537 0.0476694 0.0564286 0.0641049 0.0699546 0.0734505 0.0743594 0.0727746 0.0690717 0.0637865 0.0574685 0.0505818 0.0434755 0.0364047 0.0295716 0.0231616 0.0173613 0.0123484 0.00825911 0.00514784
 0.00663614 0.010694 0.0159663 0.0224377 0.0300435 0.0385738 0.0475599 0.0562845 0.0639344 0.0697839 0.0733177 0.0742983 0.0727971 0.0691614 0.0639083 0.0575879 0.0506814 0.043558 0.0364836 0.0296576 0.023255 0.0174529 0.0124266 0.00831645 0.00518362
 0.00664216 0.0107038 0.0159812 0.0224585 0.0300701 0.038604 0.0475878 0.0562999 0.0639243 0.0697372 0.073232 0.0741852 0.0726807 0.0690691 0.0638579 0.0575806 0.0507047 0.0435965 0.0365276 0.0297046 0.0233055 0.0175049 0.012475 0.00835579 0.00521106
 0.00668255 0.0107586 0.0160441 0.022518 0.0301144 0.0386272 0.0475943 0.0563016 0.0639325 0.0697542 0.0732479 0.0741831 0.0726472 0.0690033 0.0637722 0.0574946 0.050635 0.0435507 0.0365049 0.0297002 0.023314 0.0175217 0.0124955 0.00837554 0.00522686
 0.00666767 0.0107254 0.0159771 0.0223971 0.029919 0.038345 0.0472299 0.0558824 0.0635076 0.0693853 0.0729935 0.0740816 0.0727046 0.0691938 0.0640507 0.057814 0.0509593 0.043858 0.0367838 0.0299443 0.0235195 0.017687 0.0126215 0.00846547 0.00528634
 0.00663998 0.01068 0.0159075 0.022295 0.0297739 0.0381445 0.0469626 0.0555444 0.0631098 0.0689595 0.0725917 0.0737662 0.0725308 0.0691919 0.0642169 0.0581133 0.0513394 0.0442659 0.0371772 0.0302962 0.0238157 0.0179227 0.0127982 0.00858956 0.00536719
 0.00654915 0.0105431 0.0157215 0.0220638 0.0295067 0.0378523 0.0466563 0.0552333 0.0628025 0.0686649 0.0723226 0.0735428 0.0723819 0.0691495 0.0643054 0.058338 0.0516806 0.044683 0.0376209 0.0307207 0.0241881 0.0182252 0.0130267 0.0087498 0.00547106
