SBPRF35
12.7214
Curr Bio
842962
B35
895086
F35
0.171027
FOFL
0.163459
OFL
114618
Bzero
3.63469e+006
#pred survey bio
 3.50772e+006 3.41526e+006 3.33028e+006 3.18295e+006 2.9957e+006 2.79629e+006 2.54534e+006 2.3162e+006 2.0835e+006 1.85216e+006 1.65074e+006 1.45596e+006 1.29322e+006 1.1619e+006 1.03209e+006 895887 809767 725391 684371 644729 613696 593192 578698 558190 558355 557163 553744 545866 545636 546880 558860 559863 563182 572594 587182 583408 594884 602166 621590 636237 641061 648391 654142 661966 674596 696573 715589 722718 736645 744967 753180 806085 827460 849999 3.02444e+007 1.81917e+007 1.84906e+007 1.92959e+007 2.0446e+007 2.17312e+007 2.299e+007 2.41257e+007 2.50956e+007 2.58931e+007 2.65315e+007 2.70333e+007 2.74227e+007 2.77225e+007 2.79522e+007 2.81279e+007 2.82623e+007 2.83652e+007 2.84443e+007 2.85053e+007 2.85526e+007 2.85893e+007 2.8618e+007 2.86405e+007 2.86583e+007 2.86723e+007 2.86835e+007 2.86923e+007 2.86994e+007 2.87051e+007 2.87097e+007 2.87134e+007 2.87163e+007 2.87188e+007 2.87207e+007 2.87223e+007 2.87236e+007 2.87246e+007 2.87255e+007 2.87262e+007 2.87268e+007 2.87272e+007 2.87276e+007 2.87279e+007 2.87282e+007 2.87284e+007 2.87285e+007 2.87287e+007 2.87288e+007 2.87289e+007 2.8729e+007 2.8729e+007 2.87291e+007 2.87291e+007 2.87292e+007 2.87292e+007 2.87292e+007 2.87292e+007 2.87292e+007 2.87293e+007 2.87293e+007 2.87293e+007 2.87293e+007 2.87293e+007 2.87293e+007 2.87293e+007 2.87293e+007 2.87293e+007 2.87293e+007 2.87293e+007 2.87293e+007 2.87293e+007 2.87293e+007 2.87293e+007 2.87293e+007 2.87293e+007 2.87293e+007 2.87293e+007 2.87293e+007 2.87293e+007 2.87293e+007 2.87293e+007 2.87293e+007 2.87293e+007 2.87293e+007 2.87293e+007 2.87293e+007 2.87293e+007 2.87293e+007 2.87293e+007 2.87293e+007 2.87293e+007 2.87293e+007 2.87293e+007 2.87293e+007 2.87293e+007 2.87293e+007 2.87293e+007 2.87293e+007 2.87293e+007 0 0 0 0 0 0 0 0 0 0 0 0 0 0 0 0 0 0 0 0 0 0 0 0 0
#obs survey bio
 3.577e+006 3.46675e+006 2.94572e+006 3.44658e+006 2.63641e+006 3.26096e+006 2.97672e+006 2.91378e+006 1.37851e+006 1.51908e+006 1.13676e+006 1.41971e+006 1.32072e+006 1.23993e+006 774644 943525 766868 585468 626827 498388 641848 823402 561170 516176 461152 645884 418016 552436 409447 471108 613157 374057 518271 442269 589893 590760 591566 514653 809485 528348 754279 554409 761863 506730 650333 579960 772385 980700 726452 642440 763919 650172 773003 1.24404e+006
#pred catch bio
 89598.7 86471 150374 196879 220672 282334 277948 296462 309102 294087 297576 275517 251706 251139 253184 204799 198203 156586 152232 141269 128962 121008 123355 104294 104964 105753 107980 100453 98986.5 90391 100188 98336.3 93650 90053.6 105618 92506.5 96657 87461.6 93247.3 102733 101668 104718 105001 103211 97967 103075 114314 108996 114375 114661 78541.2 107487 106044 110909 114618 119633 120379 124345 131137 139013 146721 153584 159328 163929 167498 170199 172206 173675 174738 175500 176042 176426 176697 176886 177019 177112 177176 177221 177252 177273 177288 177299 177306 177311 177314 177316 177318 177319 177320 177320 177321 177321 177321 177321 177321 177321 177321 177321 177321 177321 177321 177322 177322 177322 177322 177322 177322 177322 177322 177322 177322 177322 177322 177322 177322 177322 177322 177322 177322 177322 177322 177322 177322 177322 177322 177322 177322 177322 177322 177322 177322 177322 177322 177322 177322 177322 177322 177322 177322 177322 177322 177322 177322 177322 177322 177322 177322 177322 177322 177322 177322 177322 177322 177322 0 0 0 0 0 0 0 0 0 0 0 0 0 0 0 0 0 0 0 0 0 0 0 0 0
#obs catch bio
 0 86128 150810 197338 220955 283629 277677 296547 310446 295178 299968 278609 254043 254179 256959 205799 199386 156893 153089 142519 129821 121051 123618 104493 105536 105685 108083 100228 99341.8 90290.1 100129 98567.5 94019 90134.8 105587 92609.1 96948.9 87509 92979.5 102929 101508 104873 105454 104066 98583.2 103676 115252 108927 114775 115416 78098.5 108018 106173 110925
#pred cpue bio
 3.45765e+006 3.3668e+006 3.28255e+006 3.13534e+006 2.94843e+006 2.74941e+006 2.49936e+006 2.27088e+006 2.03898e+006 1.80868e+006 1.60818e+006 1.41459e+006 1.25307e+006 1.12302e+006 995035 861337 777003 694675 654719 616226 586229 566642 552895 533088 533285 532305 529258 521792 521620 522841 534573 535589 538778 548035 562443 558872 570120 577283 596220 610435 615003 621924 627154 634417 646507 667842 686379 693491 707221 715404 723531 775496 796800 819378 2.92016e+007 1.75816e+007 1.7754e+007 1.84179e+007 1.95182e+007 2.07915e+007 2.20479e+007 2.31832e+007 2.4153e+007 2.49505e+007 2.55889e+007 2.60906e+007 2.64801e+007 2.67799e+007 2.70096e+007 2.71853e+007 2.73197e+007 2.74226e+007 2.75017e+007 2.75627e+007 2.761e+007 2.76467e+007 2.76754e+007 2.76979e+007 2.77157e+007 2.77297e+007 2.77409e+007 2.77497e+007 2.77568e+007 2.77625e+007 2.77671e+007 2.77708e+007 2.77737e+007 2.77762e+007 2.77781e+007 2.77797e+007 2.7781e+007 2.7782e+007 2.77829e+007 2.77836e+007 2.77842e+007 2.77846e+007 2.7785e+007 2.77853e+007 2.77856e+007 2.77858e+007 2.77859e+007 2.77861e+007 2.77862e+007 2.77863e+007 2.77864e+007 2.77864e+007 2.77865e+007 2.77865e+007 2.77866e+007 2.77866e+007 2.77866e+007 2.77866e+007 2.77866e+007 2.77866e+007 2.77867e+007 2.77867e+007 2.77867e+007 2.77867e+007 2.77867e+007 2.77867e+007 2.77867e+007 2.77867e+007 2.77867e+007 2.77867e+007 2.77867e+007 2.77867e+007 2.77867e+007 2.77867e+007 2.77867e+007 2.77867e+007 2.77867e+007 2.77867e+007 2.77867e+007 2.77867e+007 2.77867e+007 2.77867e+007 2.77867e+007 2.77867e+007 2.77867e+007 2.77867e+007 2.77867e+007 2.77867e+007 2.77867e+007 2.77867e+007 2.77867e+007 2.77867e+007 2.77867e+007 2.77867e+007 2.77867e+007 2.77867e+007 2.77867e+007 2.77867e+007 2.77867e+007 2.77867e+007 0 0 0 0 0 0 0 0 0 0 0 0 0 0 0 0 0 0 0 0 0 0 0 0 0
#obs cpue bio
 4.32313e+006 2.45297e+006 3.72621e+006 2.76679e+006 2.75899e+006 2.45518e+006 3.1077e+006 1.69325e+006 2.16715e+006 2.02431e+006 1.76328e+006 1.00189e+006 1.15384e+006 840453 1.14199e+006 983374 844246 818442 604864 583155 547638 551623 567079 465291 521188 675903 660624 601591 485061 717984 562209 605420 479461 762958 819240 374657 580821 653266 683389 533530 634868 580754 405350 537567 622070 794098 566614 862424 535787 746377 1.03343e+006 687543 904460 681448
#pred surv len freq
 0.00474298 0.00772492 0.0116706 0.0165731 0.0223164 0.0285942 0.034886 0.0405896 0.0452502 0.0487113 0.0510846 0.0526091 0.0535258 0.0540229 0.0542278 0.0542206 0.0540524 0.0537494 0.0532712 0.0524234 0.050787 0.0477792 0.0429132 0.0361537 0.0281204
 0.00498909 0.00803093 0.0119616 0.0167327 0.0222326 0.0282234 0.0342953 0.03994 0.044723 0.0484224 0.0510402 0.0527262 0.0536974 0.0541813 0.0543742 0.0544103 0.0543501 0.054177 0.0537764 0.0528865 0.0510691 0.047788 0.0426483 0.0357048 0.0276193
 0.00511276 0.00826265 0.0123597 0.0173509 0.0230845 0.0292406 0.0353126 0.0407374 0.0451193 0.0483655 0.050629 0.0521465 0.0531195 0.0536935 0.0539857 0.0541002 0.0541091 0.0540105 0.0536757 0.0528024 0.0509183 0.0474949 0.0421922 0.0351376 0.027039
 0.00527336 0.0085174 0.0127342 0.0178723 0.0237833 0.0301473 0.0364388 0.0420443 0.046491 0.0496123 0.0515396 0.0525704 0.05303 0.0531886 0.0532272 0.0532394 0.0532453 0.0531899 0.0529068 0.0520666 0.050179 0.0467177 0.0413733 0.0343188 0.026293
 0.00547026 0.00883478 0.0132065 0.0185293 0.0246447 0.0312153 0.0376918 0.0434368 0.0479574 0.0510687 0.0528768 0.0536504 0.0537066 0.0533533 0.0528575 0.0524105 0.052097 0.0518703 0.0515276 0.0506898 0.0488293 0.0454084 0.0401309 0.0331927 0.0253432
 0.0056607 0.00914476 0.013674 0.0191904 0.0255276 0.0323303 0.0390204 0.0449267 0.0495299 0.0526327 0.0543403 0.054922 0.0546894 0.0539445 0.0529645 0.0519828 0.0511543 0.0505043 0.0498736 0.0488868 0.0469944 0.0436346 0.0384984 0.0317747 0.0241979
 0.00595271 0.00960819 0.0143507 0.0201126 0.0267136 0.0337767 0.0406932 0.0467566 0.0514185 0.0544678 0.0560126 0.0563347 0.0557602 0.0546017 0.0531424 0.0516263 0.0502346 0.0490416 0.0479504 0.0466411 0.0445968 0.0412621 0.0363132 0.0299064 0.0227255
 0.006223 0.0100448 0.0150026 0.0210229 0.0279115 0.0352647 0.0424341 0.0486705 0.0533946 0.0563866 0.057764 0.0578262 0.0569155 0.0553555 0.0534365 0.0514077 0.049462 0.0477009 0.0460766 0.0443349 0.0420249 0.0386358 0.0338507 0.0277894 0.021064
 0.00650581 0.0105021 0.0156863 0.0219803 0.0291768 0.0368461 0.0442984 0.0507368 0.0555434 0.0584804 0.0596701 0.059432 0.058135 0.0561278 0.0537181 0.0511646 0.0486653 0.0463345 0.0441567 0.0419363 0.0392972 0.0357966 0.0311478 0.0254442 0.0192173
 0.00683483 0.0110277 0.0164601 0.0230449 0.0305589 0.0385459 0.0462769 0.0529097 0.0577897 0.0606617 0.0616506 0.0610929 0.0593817 0.0568921 0.0539567 0.0508518 0.0477867 0.0448859 0.0421569 0.0394511 0.0364636 0.032826 0.0282963 0.0229519 0.0172455
 0.00712797 0.0115018 0.0171691 0.024037 0.0318676 0.0401756 0.0481884 0.0550158 0.0599671 0.0627747 0.063572 0.0627148 0.0606172 0.0576742 0.0542363 0.050596 0.0469763 0.0435165 0.0402478 0.0370646 0.0337268 0.0299384 0.0255052 0.0204966 0.0152923
 0.0074035 0.0119539 0.0178572 0.0250187 0.033187 0.041845 0.0501693 0.0572119 0.0622378 0.0649622 0.0655288 0.0643211 0.0617876 0.0583553 0.0543997 0.0502293 0.046076 0.0420882 0.0383152 0.0346889 0.0310281 0.0271041 0.0227694 0.0180884 0.0133735
 0.00764152 0.0123372 0.0184281 0.0258164 0.034243 0.0431747 0.0517599 0.0590136 0.0641639 0.066898 0.0673461 0.0658939 0.0630066 0.0591389 0.0546975 0.050018 0.045352 0.040862 0.0366155 0.0325761 0.0286135 0.0245578 0.020303 0.0159102 0.0116327
 0.00776943 0.0125576 0.018783 0.0263528 0.0350036 0.0441823 0.0530035 0.0604446 0.0657059 0.068463 0.0688467 0.0672466 0.0641305 0.0599571 0.0551425 0.0500386 0.0449177 0.0399652 0.0352752 0.0308464 0.026595 0.0224023 0.0181982 0.0140406 0.0101317
 0.00788424 0.0127566 0.0191058 0.0268453 0.0357093 0.0451278 0.0541832 0.0618125 0.0671803 0.0699417 0.070225 0.068433 0.0650553 0.060573 0.055419 0.0499544 0.0444572 0.0391217 0.0340596 0.0293006 0.0248042 0.0204981 0.0163437 0.0123959 0.00881242
 0.00813041 0.0131471 0.0196757 0.0276212 0.0367057 0.0463404 0.0555801 0.0633292 0.068724 0.0714041 0.0714992 0.0694283 0.0657083 0.0608528 0.0553243 0.0495037 0.0436767 0.0380378 0.032701 0.0277107 0.0230553 0.0186988 0.0146285 0.0108962 0.00762071
 0.00822263 0.0132958 0.0198975 0.0279322 0.0371202 0.0468684 0.0562239 0.0640809 0.069564 0.0723018 0.0724118 0.0702999 0.0664726 0.0614406 0.0556745 0.049574 0.0434473 0.0375101 0.0318955 0.0266672 0.0218389 0.0174024 0.0133643 0.00977399 0.00671961
 0.00846707 0.0136695 0.0204156 0.0285926 0.037904 0.0477435 0.0571461 0.0649964 0.0704163 0.0730422 0.0730081 0.0707372 0.0667473 0.0615511 0.0556147 0.049332 0.0430104 0.0368721 0.0310638 0.0256692 0.0207261 0.01625 0.0122627 0.00880947 0.00595258
 0.00850465 0.01373 0.0205053 0.0287169 0.0380664 0.047944 0.0573813 0.0652605 0.0707044 0.0733528 0.0733423 0.0710942 0.0671178 0.0619132 0.0559344 0.0495669 0.0431166 0.0368125 0.0308172 0.0252383 0.0201422 0.0155718 0.0115662 0.00817107 0.00542926
 0.00854071 0.0137928 0.0206073 0.0288716 0.0382843 0.0482271 0.0577178 0.0656247 0.071063 0.0736745 0.0736068 0.0712961 0.0672641 0.0620162 0.0560022 0.0495962 0.0430908 0.0367058 0.0306047 0.0249077 0.0197035 0.0150603 0.0110362 0.00768087 0.00502464
 0.00852963 0.0137779 0.0205913 0.0288603 0.0382873 0.0482568 0.0577878 0.0657459 0.0712387 0.0738966 0.0738559 0.0715464 0.0674919 0.062206 0.0561479 0.0496968 0.0431431 0.0367 0.0305258 0.0247431 0.0194531 0.014743 0.0106882 0.00734606 0.00474037
 0.00855824 0.0138068 0.0206029 0.028829 0.0381884 0.0480801 0.0575479 0.0654833 0.0710084 0.0737507 0.0738283 0.0716446 0.0676981 0.0624851 0.0564584 0.0500004 0.0434096 0.0369072 0.030657 0.0247873 0.0194085 0.0146213 0.0105155 0.00715662 0.00456639
 0.00862394 0.0139 0.0207168 0.028946 0.0382819 0.0481189 0.057504 0.0653403 0.0707713 0.0734516 0.0735224 0.071396 0.0675586 0.062478 0.056574 0.0502037 0.0436539 0.0371468 0.0308553 0.02492 0.0194651 0.0146059 0.0104452 0.00705694 0.00446349
 0.00877353 0.0141307 0.0210397 0.0293603 0.0387713 0.0486496 0.0580225 0.065778 0.0710578 0.0735348 0.0733867 0.0710694 0.067106 0.0619817 0.0561106 0.0498243 0.0433761 0.0369589 0.0307283 0.0248219 0.0193708 0.0145028 0.0103335 0.00694586 0.00436494
 0.00867679 0.0139902 0.0208596 0.0291563 0.0385675 0.0484723 0.0578944 0.0657136 0.0710603 0.0735942 0.073481 0.0711713 0.0671929 0.0620455 0.0561603 0.04988 0.0434569 0.0370717 0.0308638 0.0249589 0.019486 0.0145804 0.0103698 0.00694853 0.00434759
 0.00859391 0.0138591 0.0206704 0.0289044 0.0382582 0.0481245 0.0575432 0.0654062 0.0708439 0.0735012 0.073518 0.0713183 0.0674123 0.0622957 0.0564083 0.0501085 0.0436642 0.0372642 0.0310465 0.0251293 0.0196345 0.0146961 0.010447 0.00698988 0.00436236
 0.0085905 0.0138445 0.0206315 0.0288236 0.0381178 0.0479142 0.0572677 0.0650883 0.070522 0.073221 0.0733218 0.0712346 0.0674478 0.0624346 0.0566185 0.0503531 0.0439124 0.0374974 0.0312568 0.0253139 0.0197909 0.0148204 0.0105369 0.00704694 0.00439277
 0.00868624 0.0139853 0.0208151 0.0290363 0.0383352 0.0481055 0.0573993 0.0651304 0.0704559 0.0730473 0.0730643 0.0709361 0.0671587 0.062198 0.0564592 0.0502742 0.0438999 0.0375294 0.0313126 0.0253782 0.0198536 0.0148751 0.0105794 0.00707568 0.00440897
 0.00870027 0.0140094 0.0208532 0.0290916 0.038408 0.0481898 0.0574812 0.0651891 0.0704692 0.072999 0.072951 0.0707696 0.0669645 0.0620093 0.0563082 0.0501834 0.0438763 0.037565 0.0313889 0.0254738 0.0199503 0.0149603 0.0106465 0.00712312 0.00443883
 0.0086978 0.0140049 0.0208459 0.0290811 0.0383952 0.0481773 0.0574736 0.0651905 0.0704799 0.0730128 0.0729558 0.0707522 0.066917 0.0619347 0.0562209 0.0501046 0.0438264 0.0375558 0.0314204 0.0255357 0.0200269 0.0150364 0.0107114 0.00717176 0.00447117
 0.00864445 0.013914 0.0207019 0.0288687 0.0381047 0.0478129 0.0570597 0.0647716 0.0701114 0.0727457 0.0728229 0.0707603 0.0670485 0.0621557 0.056493 0.0503962 0.0441178 0.0378378 0.0316889 0.0257857 0.0202508 0.0152258 0.0108602 0.00727926 0.00454195
 0.0086774 0.0139676 0.0207816 0.0289768 0.0382367 0.0479533 0.057181 0.0648396 0.0700978 0.0726413 0.0726435 0.070542 0.0668335 0.0619778 0.0563694 0.0503276 0.0440952 0.0378499 0.0317262 0.0258408 0.0203165 0.0152938 0.0109226 0.00732983 0.00457835
 0.00860752 0.0138702 0.0206652 0.02886 0.0381433 0.0479044 0.0571865 0.0648949 0.0701838 0.0727298 0.072706 0.0705598 0.0668049 0.0619185 0.0563046 0.0502812 0.044081 0.0378701 0.0317745 0.0259074 0.0203913 0.0153677 0.0109882 0.0073826 0.00461649
 0.00854457 0.0137606 0.0204882 0.0285957 0.0377822 0.0474595 0.0567016 0.0644392 0.0698323 0.0725366 0.072687 0.0706916 0.0670401 0.0622054 0.0566039 0.0505715 0.0443561 0.0381303 0.0320197 0.026134 0.0205929 0.015538 0.0111232 0.00748203 0.00468394
 0.00846046 0.0136267 0.0202917 0.0283253 0.0374295 0.0470217 0.0561874 0.0638758 0.069269 0.0720412 0.0723318 0.0705332 0.0671004 0.0624651 0.0570106 0.0510601 0.0448679 0.0386236 0.0324704 0.0265297 0.0209274 0.0158085 0.0113302 0.00763023 0.00478215
 0.00850876 0.0137046 0.0204068 0.0284821 0.037625 0.0472406 0.0563988 0.0640352 0.0693291 0.0719684 0.0721211 0.0702152 0.0667342 0.0621195 0.0567421 0.0508967 0.044807 0.0386425 0.0325397 0.0266236 0.0210273 0.0159022 0.0114103 0.00769277 0.00482669
 0.00846831 0.0136337 0.0202915 0.0283088 0.0373863 0.0469434 0.0560692 0.0637143 0.0690594 0.0717777 0.0720139 0.0701766 0.0667443 0.0621671 0.0568299 0.0510355 0.0450038 0.0388914 0.0328212 0.0269108 0.0212942 0.0161302 0.0115902 0.00782383 0.00491455
 0.00850937 0.0136906 0.0203584 0.0283721 0.0374271 0.0469408 0.0560061 0.0635833 0.0688674 0.071547 0.0717773 0.069967 0.0665837 0.062063 0.0567796 0.0510346 0.0450511 0.0389864 0.0329588 0.0270778 0.0214711 0.0162967 0.0117308 0.00793116 0.00498872
 0.00848308 0.0136445 0.0202828 0.028256 0.0372603 0.0467186 0.0557322 0.063272 0.0685415 0.0712346 0.0715082 0.0697693 0.0664795 0.0620634 0.0568815 0.051222 0.0453009 0.0392751 0.0332655 0.027384 0.0217589 0.0165497 0.0119369 0.00808542 0.00509406
 0.00845052 0.0136003 0.0202318 0.0282068 0.0372209 0.0466902 0.0557061 0.0632305 0.068466 0.0711141 0.0713454 0.0695812 0.0662934 0.0619096 0.0567861 0.0512006 0.0453558 0.0393967 0.0334359 0.0275817 0.0219626 0.0167401 0.0120993 0.00821152 0.00518287
 0.00852338 0.0137076 0.0203729 0.0283747 0.0374048 0.0468795 0.0558918 0.063403 0.0686102 0.0712078 0.0713632 0.0695042 0.0661188 0.061656 0.0564898 0.0509056 0.0451016 0.0392092 0.0333242 0.0275397 0.021974 0.0167846 0.0121572 0.00826771 0.00522831
 0.00861714 0.0138482 0.0205623 0.0286056 0.0376622 0.0471428 0.0561378 0.0636093 0.0687591 0.0712895 0.0713754 0.0694483 0.0659963 0.0614694 0.0562475 0.0506265 0.0448148 0.0389469 0.0331128 0.0273925 0.0218902 0.016752 0.0121583 0.00828532 0.00524976
 0.00864132 0.0138995 0.0206607 0.0287751 0.0379221 0.0474955 0.0565596 0.064051 0.0691592 0.0715929 0.0715483 0.0694819 0.0659019 0.061269 0.0559663 0.0502905 0.0444512 0.0385853 0.0327825 0.0271174 0.021683 0.0166126 0.012076 0.00824395 0.00523325
 0.00862502 0.0138768 0.0206345 0.0287532 0.0379185 0.0475301 0.056655 0.0642248 0.0694133 0.0719057 0.0718754 0.0697685 0.0661003 0.0613519 0.0559311 0.0501537 0.0442406 0.0383332 0.0325211 0.0268755 0.021482 0.0164628 0.0119767 0.00818613 0.00520424
 0.00859114 0.013822 0.0205531 0.0286413 0.0377763 0.0473655 0.0564865 0.0640816 0.0693307 0.0719147 0.0719915 0.0699826 0.0663783 0.0616434 0.0561846 0.0503319 0.0443285 0.0383376 0.0324638 0.0267848 0.0213846 0.0163783 0.0119148 0.00814782 0.00518446
 0.00850306 0.0136837 0.0203542 0.0283762 0.0374458 0.0469798 0.0560678 0.0636657 0.0689635 0.0716448 0.0718611 0.0700177 0.066581 0.0619882 0.0566215 0.050798 0.0447641 0.0387002 0.0327355 0.0269695 0.0215003 0.0164471 0.0119558 0.00817369 0.00520193
 0.00832984 0.0134303 0.0200252 0.0279932 0.0370408 0.0465839 0.0557031 0.0633448 0.0686947 0.0714387 0.0717331 0.0699877 0.0666672 0.0621995 0.0569496 0.0512138 0.0452219 0.0391486 0.033131 0.0272866 0.0217335 0.0166065 0.0120588 0.00823746 0.00524027
 0.00834274 0.0134313 0.0199911 0.0278936 0.0368501 0.0462976 0.0553486 0.062976 0.0683711 0.0712013 0.0715929 0.0699324 0.0666792 0.0622696 0.0570793 0.0514065 0.0454715 0.0394345 0.0334218 0.0275505 0.0219483 0.0167645 0.0121647 0.00830299 0.00527818
 0.00830121 0.0133698 0.0199084 0.0277891 0.0367198 0.0461306 0.0551285 0.0626907 0.0680264 0.0708303 0.0712505 0.0696767 0.0665494 0.0622756 0.0572067 0.0516294 0.0457628 0.0397677 0.033769 0.0278826 0.0222392 0.0169972 0.0123346 0.00841639 0.00534754
 0.00824374 0.0132865 0.0198019 0.0276687 0.0365986 0.0460209 0.0550366 0.062613 0.0679498 0.0707363 0.0711257 0.0695234 0.0663902 0.0621468 0.0571436 0.0516527 0.0458734 0.03995 0.0339976 0.0281284 0.0224744 0.0171999 0.0124923 0.00852737 0.00541816
 0.00824113 0.013272 0.0197617 0.0275856 0.0364585 0.045822 0.0547962 0.0623647 0.0677318 0.0705759 0.0710291 0.0694776 0.0663746 0.062147 0.0571602 0.0516987 0.0459647 0.0400942 0.0341888 0.0283481 0.0226976 0.0174028 0.0126583 0.0086496 0.00549924
 0.00798424 0.0128673 0.0191775 0.0268029 0.0354773 0.0446691 0.0535346 0.0610967 0.0665872 0.0696873 0.070502 0.069366 0.0666701 0.0627858 0.0580438 0.0527223 0.0470386 0.0411527 0.035186 0.0292502 0.023478 0.0180423 0.0131495 0.00899973 0.00572872
 0.0078143 0.0126168 0.0188475 0.0264086 0.0350395 0.0442036 0.053045 0.0605786 0.0660401 0.0691288 0.0699758 0.0689375 0.0664106 0.0627499 0.0582508 0.0531502 0.0476326 0.0418434 0.0359063 0.0299442 0.0241037 0.018571 0.0135661 0.00930338 0.00593177
 0.00741085 0.0120165 0.0180485 0.0254482 0.0339869 0.0431438 0.0520643 0.0597518 0.0654196 0.0687341 0.0697944 0.0689395 0.0665703 0.0630596 0.0587179 0.0537806 0.0484131 0.0427339 0.0368451 0.0308626 0.0249398 0.0192799 0.0141246 0.00971011 0.00620385
#obs surv len freq
 nan nan nan nan nan nan nan nan nan nan nan nan nan nan nan nan nan nan nan nan nan nan nan nan nan
 0.00448756 0.00735011 0.011181 0.0159977 0.0216978 0.0279721 0.0342845 0.0400142 0.0446925 0.0481555 0.0505129 0.0520084 0.0529005 0.0534128 0.0537271 0.0539819 0.0542605 0.0545532 0.054692 0.0542839 0.052722 0.0493543 0.0438043 0.0362846 0.0276686
 0.00461736 0.00756389 0.0115075 0.0164641 0.0223231 0.0287563 0.0351987 0.0409978 0.0456624 0.0490232 0.0512013 0.0524634 0.0530952 0.0533475 0.0534245 0.0534795 0.0536016 0.0537805 0.0538442 0.053398 0.0518368 0.0485129 0.0430515 0.0356585 0.0271901
 0.00477309 0.00781998 0.0118984 0.0170241 0.0230798 0.0297197 0.0363498 0.0422824 0.0469961 0.0503036 0.052324 0.0533352 0.0536454 0.0535352 0.0532421 0.05295 0.0527712 0.0527094 0.0525991 0.0520492 0.0504594 0.0471872 0.0418573 0.0346615 0.0264267
 0.00496814 0.00813687 0.0123752 0.0176963 0.0239746 0.0308458 0.0376866 0.043775 0.0485605 0.0518401 0.0537294 0.0545108 0.054503 0.0540035 0.0532744 0.0525309 0.051919 0.0514739 0.0510568 0.0502983 0.0486158 0.0453784 0.0402088 0.0332761 0.0253619
 0.00519188 0.00850213 0.0129276 0.0184792 0.02502 0.0321618 0.0392435 0.0455018 0.0503555 0.0535906 0.0553286 0.0558657 0.0555335 0.0546404 0.0534599 0.0522242 0.0511045 0.0501702 0.0493237 0.0482394 0.0463752 0.0431287 0.038127 0.0315092 0.0239959
 0.00541295 0.00886801 0.0134903 0.0192912 0.0261242 0.0335745 0.040938 0.0474022 0.0523479 0.0555454 0.0571219 0.0573918 0.0567081 0.0553977 0.0537475 0.0520004 0.0503409 0.0488621 0.047506 0.0460016 0.0438682 0.0405538 0.0357036 0.0294279 0.0223737
 0.00564565 0.0092474 0.0140638 0.0201049 0.0272157 0.0349607 0.0426012 0.0492824 0.0543483 0.0575471 0.0590012 0.0590328 0.0580111 0.0562827 0.054154 0.0518827 0.0496669 0.0476176 0.0457097 0.0437265 0.0412579 0.0378181 0.0330866 0.0271519 0.0205831
 0.00587929 0.00962996 0.0146446 0.0209315 0.028325 0.0363647 0.0442727 0.0511512 0.0563123 0.0594924 0.0608191 0.0606271 0.0592974 0.0571867 0.0546109 0.0518379 0.0490774 0.0464581 0.0439861 0.0414975 0.0386547 0.0350473 0.0304 0.0247888 0.0187071
 0.00612558 0.0100347 0.0152616 0.0218134 0.0295122 0.0378691 0.0460605 0.053138 0.0583758 0.061498 0.0626434 0.0621714 0.0604892 0.0579741 0.054954 0.0517014 0.0484279 0.0452695 0.0422559 0.0392713 0.0360501 0.0322605 0.0276801 0.02238 0.0167824
 0.00638481 0.0104574 0.0159001 0.0227174 0.0307193 0.0393897 0.0478623 0.0551394 0.060456 0.063519 0.0644733 0.0636997 0.061634 0.0586829 0.0551973 0.0514632 0.0476962 0.0440349 0.0405224 0.0370797 0.0335049 0.0295412 0.0250211 0.0200171 0.0148867
 0.00662251 0.0108481 0.0164961 0.0235696 0.031867 0.0408444 0.0495914 0.0570609 0.0624512 0.0654553 0.0662257 0.0651634 0.0627287 0.0593526 0.0554086 0.0512004 0.0469551 0.0428189 0.0388474 0.0349911 0.0311003 0.0269833 0.022523 0.0177948 0.0131
 0.00683035 0.0111922 0.0170254 0.0243335 0.032906 0.0421739 0.0511856 0.0588469 0.0643184 0.067277 0.0678798 0.0665461 0.0637607 0.0599797 0.0555991 0.0509403 0.0462429 0.0416635 0.0372718 0.0330452 0.0288784 0.0246341 0.0202369 0.0157646 0.0114679
 0.00704784 0.0115474 0.0175631 0.0250964 0.0339263 0.0434604 0.0527096 0.0605373 0.0660704 0.0689712 0.0694017 0.0677987 0.0646707 0.0604988 0.0557021 0.05062 0.0455051 0.0405241 0.0357598 0.0312134 0.0268171 0.0224789 0.0181566 0.0139273 0.00999588
 0.00728007 0.011927 0.0181377 0.0259103 0.03501 0.0448153 0.0542934 0.0622604 0.0678107 0.0705992 0.0708039 0.0688899 0.0653957 0.0608289 0.0556297 0.0501529 0.0446615 0.0393297 0.034251 0.0294455 0.024876 0.0204863 0.0162597 0.0122687 0.00867668
 0.00744958 0.0122082 0.0185714 0.0265379 0.0358652 0.0459106 0.0556057 0.0637255 0.0693312 0.0720625 0.072101 0.0699295 0.066112 0.0611839 0.0556106 0.049767 0.043929 0.0382804 0.0329247 0.0278981 0.0231879 0.0187655 0.0146322 0.0108539 0.00755651
 0.00754535 0.0123655 0.0188117 0.026884 0.0363392 0.0465289 0.0563727 0.064628 0.0703357 0.0731163 0.0731365 0.0708705 0.0668825 0.0617178 0.05586 0.0497056 0.0435525 0.0376033 0.0319793 0.0267358 0.0218825 0.0174133 0.0133424 0.00972773 0.00666313
 0.00758447 0.0124259 0.0188971 0.0269978 0.0364861 0.0467172 0.0566159 0.064943 0.0707387 0.0736162 0.0737276 0.0715268 0.067556 0.0623433 0.0563644 0.0500216 0.0436294 0.0374153 0.0315287 0.0260543 0.0210302 0.0164743 0.0124129 0.00889755 0.00599516
 0.00767823 0.0125645 0.0190802 0.0272157 0.0367226 0.0469548 0.0568405 0.0651472 0.0709245 0.073796 0.0739214 0.0717551 0.0678293 0.062652 0.0566759 0.0502838 0.0437825 0.0374064 0.0313262 0.0256571 0.0204712 0.015816 0.0117345 0.00827654 0.00548775
 0.00771109 0.0126214 0.0191713 0.0273507 0.0369061 0.0471803 0.057087 0.0653831 0.0711182 0.0739297 0.0739988 0.0718 0.0678743 0.062725 0.0567872 0.0504196 0.0439066 0.0374698 0.031282 0.0254773 0.0201578 0.0154029 0.0112786 0.00784035 0.00512088
 0.00777182 0.0127099 0.0192861 0.027485 0.037051 0.0473297 0.0572391 0.065538 0.0712722 0.0740715 0.0741121 0.0718709 0.067901 0.0627199 0.0567715 0.0504113 0.0439085 0.0374655 0.0312413 0.0253695 0.0199675 0.0151389 0.010973 0.00753659 0.00485798
 0.0078217 0.0127874 0.0193955 0.0276263 0.037219 0.0475124 0.0574188 0.0656945 0.0713897 0.074144 0.0741442 0.0718728 0.0678815 0.0626849 0.0567255 0.0503601 0.0438578 0.0374149 0.0311811 0.025283 0.0198397 0.0149673 0.0107715 0.00733102 0.00467535
 0.00784806 0.0128258 0.0194452 0.027684 0.0372801 0.047573 0.0574765 0.065748 0.0714372 0.0741832 0.0741728 0.0718903 0.0678905 0.0626892 0.0567284 0.0503627 0.0438591 0.0374118 0.0311676 0.0252504 0.0197794 0.0148761 0.0106557 0.00720589 0.00455907
 0.00786576 0.0128524 0.0194808 0.0277271 0.0373272 0.0476191 0.057516 0.065776 0.0714514 0.0741845 0.0741658 0.0718809 0.0678835 0.0626871 0.0567317 0.0503705 0.0438692 0.0374207 0.0311702 0.0252403 0.0197508 0.0148263 0.010588 0.00712928 0.00448529
 0.00791601 0.0129284 0.0195845 0.027856 0.0374745 0.0477746 0.0576663 0.065906 0.0715463 0.0742336 0.0741653 0.0718349 0.0678027 0.0625855 0.0566228 0.0502649 0.0437733 0.0373367 0.0310967 0.0251735 0.019686 0.0147603 0.0105205 0.00706369 0.00442702
 0.00788851 0.0128908 0.019541 0.0278147 0.0374451 0.0477644 0.0576776 0.0659353 0.071587 0.0742785 0.0742086 0.0718729 0.0678332 0.0626078 0.0566377 0.0502744 0.0437795 0.0373411 0.0310991 0.025172 0.0196781 0.014744 0.0104964 0.00703466 0.00439766
 0.00787668 0.0128616 0.0194796 0.0277036 0.0372711 0.047529 0.0574034 0.0656638 0.0713652 0.0741429 0.074174 0.071932 0.0679642 0.0627839 0.0568342 0.0504718 0.0439648 0.0375063 0.0312397 0.0252857 0.0197639 0.0148027 0.0105306 0.00704962 0.00439984
 0.00790486 0.0129007 0.0195252 0.0277453 0.0372934 0.0475129 0.0573316 0.065527 0.0711694 0.0739127 0.073949 0.0717548 0.0678653 0.062773 0.0569002 0.0505912 0.0441112 0.0376573 0.0313796 0.0254051 0.0198583 0.0148711 0.0105752 0.00707466 0.00441098
 0.00789618 0.0128928 0.0195242 0.0277597 0.0373297 0.0475706 0.0573988 0.0655813 0.0711845 0.0738691 0.0738429 0.0716018 0.0676972 0.0626265 0.0568047 0.0505598 0.0441392 0.0377275 0.0314707 0.0254983 0.0199405 0.0149355 0.0106203 0.00710256 0.00442579
 0.00786084 0.012833 0.0194308 0.0276248 0.0371513 0.0473581 0.0571751 0.065379 0.0710346 0.0737881 0.0738271 0.0716323 0.0677521 0.0626929 0.0568824 0.0506566 0.0442623 0.0378763 0.0316352 0.0256626 0.020089 0.0150574 0.0107111 0.00716394 0.00446322
 0.00785646 0.0128204 0.0194017 0.0275677 0.0370542 0.0472126 0.0569821 0.0651514 0.0707973 0.0735734 0.0736663 0.0715464 0.0677453 0.0627536 0.0569906 0.0507937 0.0444163 0.038041 0.0318054 0.0258305 0.0202441 0.0151895 0.0108139 0.0072365 0.00450954
 0.00783643 0.0127886 0.019355 0.0275031 0.0369683 0.0471019 0.0568436 0.064985 0.0706082 0.0733746 0.0734785 0.0713951 0.0676544 0.0627376 0.0570502 0.0509167 0.0445829 0.0382308 0.0320016 0.0260201 0.0204165 0.0153362 0.0109296 0.00732016 0.0045645
 0.00780769 0.0127408 0.0192811 0.0273966 0.0368252 0.0469236 0.056639 0.0647697 0.0704006 0.0731909 0.0733302 0.0712899 0.0675988 0.0627385 0.0571126 0.0510399 0.0447581 0.0384418 0.0322284 0.0262433 0.02062 0.0155089 0.0110656 0.00741888 0.00463005
 0.00779328 0.0127165 0.0192428 0.0273396 0.0367449 0.0468167 0.0565053 0.0646137 0.0702317 0.0730225 0.0731772 0.0711661 0.0675149 0.062701 0.0571251 0.0511032 0.0448696 0.0385939 0.032408 0.0264333 0.0208031 0.0156704 0.0111962 0.00751562 0.00469537
 0.00774037 0.0126314 0.0191168 0.0271659 0.0365212 0.0465478 0.0562061 0.0643082 0.069949 0.0727896 0.0730141 0.071083 0.0675131 0.0627752 0.0572655 0.0512976 0.0451046 0.0388558 0.0326819 0.0267032 0.0210527 0.0158857 0.0113683 0.00764219 0.0047805
 0.00770991 0.0125778 0.0190288 0.027031 0.0363287 0.0462945 0.0559005 0.0639724 0.0696146 0.0724911 0.0727815 0.0709374 0.0674645 0.0628228 0.0573993 0.0515018 0.0453606 0.039144 0.0329828 0.0269983 0.0213247 0.0161204 0.0115565 0.00778132 0.00487466
 0.00770671 0.0125706 0.0190137 0.0270022 0.0362783 0.0462133 0.0557801 0.0638081 0.0694089 0.0722562 0.0725393 0.0707161 0.0672923 0.0627214 0.0573802 0.0515647 0.0454954 0.0393336 0.0332069 0.0272353 0.0215543 0.0163256 0.0117254 0.00790887 0.00496254
 0.00767941 0.0125318 0.0189657 0.0269499 0.0362275 0.0461673 0.055737 0.0637607 0.0693469 0.0721706 0.0724268 0.0705819 0.0671512 0.0625949 0.0572912 0.0515314 0.0455264 0.0394265 0.0333493 0.0274085 0.021737 0.0164982 0.0118731 0.00802356 0.00504325
 0.00763512 0.0124627 0.0188676 0.0268219 0.0360736 0.0459976 0.0555678 0.0636114 0.0692346 0.0721031 0.0723996 0.0705816 0.0671628 0.0626095 0.05731 0.0515638 0.045585 0.0395204 0.0334792 0.027566 0.0219068 0.0166625 0.0120166 0.00813683 0.00512399
 0.00760991 0.0124204 0.0188016 0.0267258 0.0359432 0.0458335 0.0553787 0.0634146 0.0690528 0.0719588 0.072309 0.0705501 0.0671842 0.0626698 0.0573932 0.0516588 0.0456881 0.0396342 0.0336077 0.0277088 0.0220575 0.0168095 0.0121472 0.00824203 0.00520032
 0.00760729 0.0124132 0.0187852 0.0266938 0.0358884 0.0457501 0.0552648 0.0632736 0.0688945 0.0717981 0.0721643 0.0704394 0.0671209 0.0626588 0.0574301 0.0517326 0.0457863 0.0397471 0.0337298 0.0278371 0.0221879 0.0169351 0.0122596 0.00833388 0.00526818
 0.00758451 0.0123811 0.0187459 0.0266515 0.0358476 0.0457126 0.0552275 0.0632295 0.0688359 0.0717211 0.0720719 0.0703416 0.0670325 0.0625953 0.0574028 0.0517457 0.0458367 0.0398265 0.0338284 0.0279459 0.0222993 0.017042 0.0123551 0.00841231 0.00532677
 0.00757276 0.0123616 0.0187158 0.0266091 0.0357928 0.0456492 0.0551628 0.0631728 0.0687939 0.0716944 0.0720542 0.0703238 0.0670084 0.0625655 0.0573753 0.0517316 0.0458452 0.0398615 0.0338875 0.0280226 0.0223849 0.0171277 0.0124333 0.00847738 0.00537589
 0.00754907 0.0123254 0.0186658 0.0265454 0.035717 0.0455639 0.0550722 0.0630829 0.0687129 0.0716314 0.0720159 0.0703126 0.0670204 0.0625931 0.0574108 0.0517714 0.0458905 0.0399158 0.0339537 0.0280999 0.0224685 0.0172107 0.0125085 0.0085395 0.00542243
 0.00753747 0.0123055 0.0186339 0.0264978 0.0356514 0.0454808 0.0549764 0.0629832 0.0686199 0.0715544 0.0719617 0.0702845 0.0670188 0.0626156 0.0574525 0.0518261 0.0459528 0.0399829 0.0340248 0.0281745 0.022545 0.0172851 0.0125758 0.00859516 0.00546427
 0.00754221 0.0123128 0.0186441 0.0265104 0.0356646 0.045491 0.0549787 0.0629721 0.0685918 0.0715096 0.0719048 0.0702233 0.0669622 0.0625707 0.0574237 0.0518145 0.0459571 0.0400003 0.0340527 0.0282107 0.022587 0.0173297 0.0126189 0.00863297 0.00549399
 0.00752197 0.0122836 0.018607 0.0264688 0.0356232 0.0454546 0.0549501 0.0629519 0.0685782 0.0714993 0.0718946 0.0702112 0.0669488 0.062559 0.0574182 0.0518189 0.0459734 0.0400282 0.0340902 0.0282547 0.0226342 0.0173765 0.012662 0.00866934 0.00552196
 0.00751159 0.0122633 0.0185705 0.0264092 0.0355357 0.0453404 0.0548192 0.062822 0.0684693 0.0714267 0.0718642 0.0702192 0.0669857 0.0626142 0.0574831 0.0518888 0.0460462 0.0401033 0.0341664 0.02833 0.0227058 0.0174413 0.0127171 0.00871305 0.00555392
 0.00749402 0.0122373 0.0185358 0.0263663 0.035485 0.0452808 0.0547481 0.0627375 0.0683738 0.0713288 0.0717781 0.07016 0.0669632 0.06263 0.0575311 0.0519588 0.0461283 0.0401899 0.0342528 0.0284129 0.0227824 0.0175089 0.0127736 0.00875705 0.00558558
 0.00747234 0.0122018 0.0184823 0.0262915 0.0353878 0.0451642 0.0546201 0.0626102 0.068259 0.0712356 0.071711 0.0701209 0.066954 0.0626529 0.0575865 0.0520437 0.0462351 0.0403086 0.0343736 0.0285279 0.0228858 0.0175971 0.0128446 0.00881053 0.00562292
 0.00747234 0.0122018 0.0184823 0.0262915 0.0353878 0.0451642 0.0546201 0.0626102 0.068259 0.0712356 0.071711 0.0701209 0.066954 0.0626529 0.0575865 0.0520437 0.0462351 0.0403086 0.0343736 0.0285279 0.0228858 0.0175971 0.0128446 0.00881053 0.00562292
 0.00721859 0.0117984 0.0178938 0.0254956 0.0343853 0.0439912 0.0533583 0.0613832 0.06721 0.0704913 0.0713509 0.0701641 0.0673637 0.0633542 0.0584873 0.0530519 0.0472704 0.0413075 0.0352889 0.029328 0.0235527 0.0181253 0.0132395 0.00908712 0.00580286
 0.0073363 0.0119543 0.0180619 0.0256275 0.0344198 0.0438727 0.0530546 0.060896 0.0665762 0.0697788 0.0706479 0.0695633 0.0669435 0.0631612 0.0585284 0.0532977 0.0476671 0.0417917 0.0358008 0.0298186 0.0239873 0.0184837 0.0135148 0.00928357 0.00593229
 0.00727999 0.0118875 0.018005 0.0256088 0.0344605 0.0439666 0.0531562 0.060929 0.0664638 0.0694793 0.070177 0.0689913 0.0663724 0.0626937 0.0582415 0.0532274 0.0478062 0.042098 0.0362122 0.0302694 0.024421 0.0188606 0.013814 0.00950135 0.00607743
#pred catch len freq
 0.00388554 0.00619643 0.00913495 0.0126709 0.0167926 0.0214778 0.0266272 0.0320371 0.0374374 0.0425527 0.0471449 0.0510391 0.054143 0.0564503 0.0580231 0.0589652 0.0594006 0.0594433 0.0591276 0.0582992 0.0565343 0.0532109 0.0478017 0.040276 0.0313279
 0.00409837 0.00646924 0.00941354 0.0128681 0.016823 0.0213056 0.026298 0.0316646 0.0371481 0.0424218 0.0471649 0.0511388 0.0542398 0.0565033 0.0580552 0.0590476 0.0596074 0.0597979 0.0595707 0.0586977 0.0567353 0.0531145 0.0474118 0.0396965 0.0307083
 0.00423581 0.00670552 0.00978698 0.0134068 0.0175202 0.0220939 0.0270432 0.0322021 0.0373549 0.042282 0.0467787 0.0506632 0.0538051 0.0561632 0.0578003 0.0588534 0.0594711 0.0597336 0.0595737 0.0587152 0.0566738 0.0528873 0.0469923 0.0391388 0.0301191
 0.00441331 0.00698164 0.0101825 0.0139406 0.0182143 0.0229729 0.028119 0.0334422 0.0386529 0.0434584 0.0476302 0.0510453 0.0536949 0.0556596 0.0570629 0.0580288 0.0586533 0.058965 0.0588601 0.0580341 0.0559825 0.0521441 0.0461884 0.0383163 0.0293568
 0.00461671 0.00730122 0.0106433 0.0145604 0.0190031 0.0239336 0.0292456 0.0347177 0.0400432 0.0449005 0.0490168 0.0522212 0.0544853 0.0559295 0.0567733 0.0572524 0.0575366 0.0576658 0.0574976 0.0566728 0.0546452 0.0508398 0.0449403 0.037174 0.0283841
 0.00484706 0.00766352 0.0111668 0.0152667 0.0199059 0.025037 0.0305386 0.036169 0.0415997 0.0464911 0.0505561 0.0536092 0.0556049 0.0566514 0.0569797 0.0568756 0.056591 0.0562496 0.0557596 0.0547665 0.052699 0.0489542 0.0432009 0.0356594 0.0271573
 0.00514146 0.00812151 0.0118189 0.0161308 0.0209896 0.0263385 0.0320436 0.0378434 0.0433848 0.0483042 0.0522974 0.0551706 0.0568782 0.0575321 0.0573702 0.0566937 0.0557907 0.0548448 0.0538377 0.0524783 0.0502309 0.0464979 0.0409302 0.0337121 0.0256186
 0.00544308 0.00859508 0.0125012 0.0170475 0.022154 0.0277496 0.0336805 0.0396592 0.0453074 0.0502424 0.0541494 0.0568312 0.0582442 0.0585066 0.0578648 0.056631 0.0551117 0.0535266 0.0519155 0.050063 0.0475069 0.0436986 0.0382955 0.0314416 0.0238334
 0.00576854 0.00910603 0.0132376 0.0180378 0.023415 0.029284 0.0354699 0.0416553 0.047428 0.0523779 0.0561745 0.0586201 0.0596841 0.0595048 0.0583482 0.0565413 0.0544027 0.0521717 0.049929 0.0475268 0.0445875 0.0406381 0.0353696 0.0288961 0.0218255
 0.00612317 0.00965952 0.0140291 0.0190922 0.0247441 0.0308872 0.0373281 0.0437225 0.0496265 0.0546 0.0582919 0.0604974 0.061194 0.0605416 0.058834 0.0564237 0.0536486 0.0507663 0.0478882 0.0449221 0.0415713 0.0374464 0.0322879 0.0261928 0.0196817
 0.00647736 0.0102148 0.0148275 0.0201619 0.0260988 0.0325237 0.0392198 0.0458128 0.0518281 0.0568028 0.0603737 0.0623342 0.0626695 0.0615552 0.0593066 0.0562994 0.052893 0.0493672 0.0458638 0.0423417 0.0385785 0.0342669 0.0292013 0.02347 0.0175117
 0.00679079 0.0107128 0.0155565 0.0211605 0.0273944 0.0341259 0.0411096 0.0479321 0.0540794 0.0590583 0.0624915 0.0641759 0.0641153 0.062513 0.0597132 0.0561156 0.0520979 0.0479568 0.0438603 0.0398127 0.0356601 0.0311716 0.0261947 0.0208125 0.0153886
 0.00705902 0.0111339 0.0161643 0.021981 0.0284478 0.0354266 0.0426596 0.04971 0.0560301 0.0610891 0.0644776 0.0659755 0.06559 0.0635475 0.0602261 0.0560596 0.0514533 0.046726 0.0420708 0.0375317 0.0330143 0.0283555 0.023451 0.01838 0.0134395
 0.00726357 0.0114625 0.0166518 0.0226592 0.0293412 0.0365467 0.0439967 0.0512291 0.057673 0.062781 0.0661331 0.0675008 0.0668856 0.0645147 0.0607769 0.0561271 0.0509967 0.0457332 0.040562 0.0355685 0.0307127 0.0258909 0.02104 0.016236 0.0117169
 0.0074825 0.0118115 0.0171651 0.0233661 0.0302638 0.0376939 0.0453553 0.052756 0.0592939 0.064399 0.067643 0.0688045 0.0679036 0.0651892 0.0610685 0.0560071 0.0504446 0.0447399 0.0391398 0.0337661 0.0286288 0.0236778 0.0188864 0.0143272 0.0101863
 0.00769822 0.0121498 0.0176524 0.024022 0.031102 0.0387218 0.0465686 0.0541294 0.060774 0.065903 0.0690658 0.0700344 0.0688416 0.0657653 0.0612473 0.0557821 0.0498261 0.0437462 0.0377983 0.0321248 0.0267717 0.0217317 0.0170085 0.0126717 0.00886334
 0.00785257 0.0123888 0.0179907 0.0244671 0.0316566 0.0393858 0.0473391 0.0549985 0.0617254 0.0669086 0.0700826 0.0710025 0.0696871 0.0664096 0.0616203 0.0558345 0.0495345 0.0431118 0.036844 0.0308968 0.0253451 0.0202144 0.0155309 0.0113611 0.00781156
 0.00802033 0.0126436 0.0183412 0.0249113 0.0321848 0.039986 0.047999 0.0557041 0.0624583 0.0676446 0.0707927 0.0716543 0.0702452 0.0668356 0.061873 0.0558734 0.0493265 0.0426386 0.0361093 0.0299311 0.0242098 0.0189995 0.0143445 0.0103076 0.00696567
 0.00808305 0.0127405 0.0184777 0.0250891 0.0324026 0.0402396 0.0482832 0.0560134 0.0627898 0.0679992 0.071173 0.0720594 0.0706643 0.0672436 0.0622309 0.0561327 0.0494366 0.0425566 0.0358105 0.0294186 0.0235199 0.0182007 0.0135257 0.00955781 0.00635149
 0.00811412 0.0127939 0.0185633 0.025218 0.0325844 0.0404786 0.0485744 0.0563415 0.0631317 0.0683304 0.0714745 0.0723218 0.0708875 0.0674317 0.0623843 0.0562403 0.0494743 0.0424918 0.035613 0.0290739 0.0230402 0.0176279 0.0129244 0.0089974 0.00588666
 0.008077 0.0127401 0.0184954 0.0251442 0.0325188 0.0404401 0.0485839 0.0564174 0.0632842 0.068556 0.0717545 0.0726274 0.071189 0.0677062 0.062618 0.0564253 0.0496011 0.0425448 0.0355725 0.0289242 0.0227812 0.0172824 0.0125358 0.00861826 0.00556209
 0.00808323 0.0127379 0.0184698 0.0250749 0.0323875 0.040241 0.0483324 0.0561515 0.0630558 0.0684159 0.0717381 0.0727451 0.0714251 0.0680247 0.0629743 0.0567762 0.0499115 0.042788 0.0357277 0.0289779 0.0227307 0.0171412 0.0123343 0.00839679 0.00535846
 0.00817535 0.0128703 0.0186356 0.025254 0.0325481 0.0403458 0.0483463 0.0560518 0.0628423 0.0681182 0.0714129 0.0724616 0.0712423 0.0679737 0.0630509 0.056948 0.0501311 0.0430073 0.0359067 0.0290893 0.0227621 0.0170966 0.0122329 0.00826703 0.00522961
 0.00824762 0.0129822 0.0187932 0.0254578 0.0327915 0.0406126 0.0486095 0.0562735 0.0629799 0.0681364 0.0712972 0.0722276 0.0709359 0.0676582 0.0627868 0.0567735 0.0500528 0.0430036 0.0359409 0.0291233 0.0227684 0.0170636 0.0121646 0.00817894 0.00514059
 0.00815415 0.012847 0.0186211 0.025265 0.0326018 0.0404514 0.0484973 0.056222 0.0629896 0.0681953 0.0713826 0.0723129 0.0710005 0.067697 0.062813 0.0568114 0.0501247 0.0431172 0.0360845 0.0292718 0.022894 0.0171474 0.012202 0.00817848 0.00511789
 0.00807326 0.0127215 0.0184439 0.0250352 0.032327 0.0401493 0.0481967 0.0559602 0.0628041 0.0681128 0.0714098 0.0724348 0.071186 0.06791 0.063024 0.057006 0.0503033 0.0432881 0.0362535 0.0294353 0.02304 0.017262 0.0122775 0.00821692 0.00512888
