SBPRF35
7.78865
Curr Bio
565383
B35
679597
F35
0.22289
FOFL
0.188267
OFL
83985.5
Bzero
2.22533e+006
#pred survey bio
 4.80701e+006 4.4952e+006 4.2097e+006 3.887e+006 3.55562e+006 3.18889e+006 2.83555e+006 2.52016e+006 2.23825e+006 1.97869e+006 1.7573e+006 1.54142e+006 1.36193e+006 1.2083e+006 1.07802e+006 967768 886203 834806 770175 733508 711540 684629 661928 648006 641255 622677 611092 614019 608806 612063 604153 599256 595250 585172 571670 550858 538312 525729 520491 527075 532227 538326 546086 549311 542881 550454 557114 564355 571365 580463 585645 584089 612163 586797 540265 511336 504831 522645 542832 564702 561310 569496 567217 2.03356e+007 1.23909e+007 1.27395e+007 1.33768e+007 1.41433e+007 1.4891e+007 1.55425e+007 1.60717e+007 1.64825e+007 1.67917e+007 1.70201e+007 1.71868e+007 1.73079e+007 1.73956e+007 1.74594e+007 1.75058e+007 1.75399e+007 1.7565e+007 1.75836e+007 1.75975e+007 1.76079e+007 1.76158e+007 1.76217e+007 1.76262e+007 1.76297e+007 1.76323e+007 1.76343e+007 1.76359e+007 1.76371e+007 1.7638e+007 1.76387e+007 1.76392e+007 1.76397e+007 1.764e+007 1.76402e+007 1.76404e+007 1.76406e+007 1.76407e+007 1.76408e+007 1.76409e+007 1.76409e+007 1.7641e+007 1.7641e+007 1.7641e+007 1.7641e+007 1.7641e+007 1.76411e+007 1.76411e+007 1.76411e+007 1.76411e+007 1.76411e+007 1.76411e+007 1.76411e+007 1.76411e+007 1.76411e+007 1.76411e+007 1.76411e+007 1.76411e+007 1.76411e+007 1.76411e+007 1.76411e+007 1.76411e+007 1.76411e+007 1.76411e+007 1.76411e+007 1.76411e+007 1.76411e+007 1.76411e+007 1.76411e+007 1.76411e+007 1.76411e+007 1.76411e+007 1.76411e+007 1.76411e+007 1.76411e+007 1.76411e+007 1.76411e+007 1.76411e+007 1.76411e+007 1.76411e+007 1.76411e+007 1.76411e+007 1.76411e+007 1.76411e+007 1.76411e+007 1.76411e+007 1.76411e+007 1.76411e+007 1.76411e+007 1.76411e+007 1.76411e+007 1.76411e+007 1.76411e+007 1.76411e+007 1.76411e+007 1.76411e+007 1.76411e+007 1.76411e+007 1.76411e+007 1.76411e+007 0 0 0 0 0 0 0 0 0 0 0 0 0 0 0 0 0 0 0 0 0 0 0 0 0
#obs survey bio
 4.14754e+006 3.73661e+006 4.02538e+006 3.25368e+006 2.37853e+006 2.61597e+006 3.03944e+006 3.05249e+006 1.64449e+006 1.60301e+006 1.4596e+006 1.41391e+006 786767 1.3502e+006 681490 1.03962e+006 931873 749589 863398 708551 703701 559465 679577 655440 462694 710234 557649 635390 477530 584225 609722 517592 564977 615047 640263 747540 722852 456821 581726 431844 530115 606538 681814 396222 747947 544303 598508 391444 487061 601730 409491 720690 946667 649712 645825 364447 674579 439480 604549 564630 614569 609412 498628
#pred catch bio
 99603.2 95464.5 156677 195621 262130 284937 283216 282741 289259 277581 290472 271949 258619 242773 226736 201366 173826 181595 153176 137069 137560 130075 119682 111902 119868 111343 97590.4 103514 95337.8 103114 98130.7 95090.1 97601.8 96773.1 98514.3 89381.7 92079.3 90828.8 85035.2 88571 88406.1 86598 89664.6 97071.8 85005.1 86287.3 86991.5 88928.1 88754.7 93172.9 99004.1 73968.8 117384 131833 115402 97114.9 78014.9 76849.1 75850.3 97404.6 88982.2 100440 89284.8 83985.5 98878.7 100499 104355 109710 115070 119677 123309 126014 127949 129290 130199 130804 131202 131460 131625 131732 131799 131841 131868 131885 131896 131902 131907 131909 131911 131912 131912 131913 131913 131913 131913 131913 131913 131913 131913 131913 131913 131913 131913 131913 131913 131913 131913 131913 131913 131913 131913 131913 131913 131913 131913 131913 131913 131913 131913 131913 131913 131913 131913 131913 131913 131913 131913 131913 131913 131913 131913 131913 131913 131913 131913 131913 131913 131913 131913 131913 131913 131913 131913 131913 131913 131913 131913 131913 131913 131913 131913 131913 131913 131913 131913 131913 131913 131913 131913 131913 131913 131913 131913 0 0 0 0 0 0 0 0 0 0 0 0 0 0 0 0 0 0 0 0 0 0 0 0 0
#obs catch bio
 0 95123.7 157322 196236 264404 288030 285762 285451 293484 281768 296218 276970 266406 249040 232202 205673 176005 185003 155132 138289 138880 131059 120075 112210 121134 111782 97892 103917 95855.5 103760 98509 95238.6 97906.9 97119.8 98783.9 89056.4 91404.1 90497.5 84974 88831.8 88517.7 86536 89057 96867.6 84655.1 85886 86417.2 88945.9 88719.9 93018.8 99728.5 73386.6 116735 130535 114402 96911.2 77744.9 76864.5 75435.6 97280.4 88541.9 100384 89190.6
#pred cpue bio
 4.73285e+006 4.42468e+006 4.14126e+006 3.81973e+006 3.49022e+006 3.12573e+006 2.77465e+006 2.4612e+006 2.18082e+006 1.92267e+006 1.70262e+006 1.48864e+006 1.3107e+006 1.15892e+006 1.03096e+006 922893 843235 793414 731071 696077 675354 649796 628271 615062 608643 590913 580070 583196 578289 581687 574475 570238 566802 557528 545232 525791 513201 499178 492466 498369 503543 509811 517811 521193 514896 522246 528687 535383 541796 550463 555443 554045 581852 557718 512210 483356 476612 494159 514380 535966 532427 539630 536603 1.92401e+007 1.17317e+007 1.20095e+007 1.25586e+007 1.32957e+007 1.40372e+007 1.46876e+007 1.52167e+007 1.56274e+007 1.59367e+007 1.61651e+007 1.63318e+007 1.64529e+007 1.65406e+007 1.66043e+007 1.66508e+007 1.66848e+007 1.67099e+007 1.67286e+007 1.67425e+007 1.67529e+007 1.67607e+007 1.67667e+007 1.67712e+007 1.67747e+007 1.67773e+007 1.67793e+007 1.67809e+007 1.6782e+007 1.6783e+007 1.67837e+007 1.67842e+007 1.67846e+007 1.67849e+007 1.67852e+007 1.67854e+007 1.67855e+007 1.67857e+007 1.67857e+007 1.67858e+007 1.67859e+007 1.67859e+007 1.67859e+007 1.6786e+007 1.6786e+007 1.6786e+007 1.6786e+007 1.6786e+007 1.6786e+007 1.6786e+007 1.6786e+007 1.6786e+007 1.6786e+007 1.6786e+007 1.67861e+007 1.67861e+007 1.67861e+007 1.67861e+007 1.67861e+007 1.67861e+007 1.67861e+007 1.67861e+007 1.67861e+007 1.67861e+007 1.67861e+007 1.67861e+007 1.67861e+007 1.67861e+007 1.67861e+007 1.67861e+007 1.67861e+007 1.67861e+007 1.67861e+007 1.67861e+007 1.67861e+007 1.67861e+007 1.67861e+007 1.67861e+007 1.67861e+007 1.67861e+007 1.67861e+007 1.67861e+007 1.67861e+007 1.67861e+007 1.67861e+007 1.67861e+007 1.67861e+007 1.67861e+007 1.67861e+007 1.67861e+007 1.67861e+007 1.67861e+007 1.67861e+007 1.67861e+007 1.67861e+007 1.67861e+007 1.67861e+007 1.67861e+007 1.67861e+007 1.67861e+007 0 0 0 0 0 0 0 0 0 0 0 0 0 0 0 0 0 0 0 0 0 0 0 0 0
#obs cpue bio
 5.03843e+006 4.48064e+006 2.70788e+006 3.42647e+006 3.56382e+006 2.66531e+006 3.05558e+006 1.82911e+006 1.85059e+006 1.81946e+006 1.54604e+006 1.36032e+006 816692 1.00425e+006 1.35426e+006 700113 887512 639294 599228 717262 631910 779467 720458 548514 529838 700684 527889 617524 490858 650498 582410 736270 542386 476764 550664 561426 598706 465388 331894 491024 557964 509054 712029 605545 389997 641037 617763 465595 643728 612474 481367 817735 556330 650274 441154 508924 373320 491630 671835 537440 505336 468714 521275
#pred surv len freq
 0.00449167 0.00730671 0.0110278 0.0156582 0.021117 0.0271638 0.0333641 0.0391848 0.0441852 0.0481547 0.0511108 0.0532046 0.0546289 0.0555602 0.0561261 0.0563892 0.056352 0.0559676 0.0551281 0.0536207 0.0510981 0.0471462 0.041497 0.0342955 0.0262212
 0.00485477 0.00780714 0.0116189 0.0162513 0.02162 0.0275339 0.0336378 0.0394568 0.0445419 0.0486043 0.051559 0.0534936 0.0546156 0.0551887 0.0554575 0.0555797 0.0555914 0.0554043 0.0548125 0.0534921 0.0510238 0.0469948 0.0412036 0.0338835 0.0257731
 0.00497852 0.00805916 0.0120853 0.0170258 0.02276 0.0290054 0.0352864 0.0410423 0.0458321 0.0494712 0.0520077 0.0536075 0.0544679 0.0547944 0.0547953 0.0546538 0.0544739 0.0542244 0.0537001 0.0525191 0.0501838 0.0462331 0.0404724 0.0331807 0.0251397
 0.00515433 0.00832908 0.0124674 0.0175407 0.0234432 0.0299151 0.0364888 0.0425686 0.0476235 0.0513525 0.0537228 0.0549075 0.0551981 0.0549231 0.0543792 0.0537838 0.0532484 0.0527525 0.052105 0.0509209 0.0486714 0.0448536 0.039246 0.0321253 0.0242791
 0.00534951 0.00864584 0.0129422 0.0182049 0.0243161 0.0309954 0.0377521 0.0439749 0.0491317 0.0529241 0.0553019 0.0563906 0.0564258 0.0557157 0.0545978 0.0533761 0.0522552 0.0512835 0.0503074 0.0489539 0.0466863 0.0429782 0.037577 0.0307276 0.0231862
 0.00557965 0.00901953 0.0135043 0.0189981 0.0253741 0.0323314 0.0393437 0.0457572 0.0510039 0.0547702 0.0570143 0.057882 0.0576223 0.0565382 0.0549524 0.0531691 0.0514286 0.0498488 0.0483578 0.04665 0.0442268 0.0405664 0.0353911 0.0288963 0.0217739
 0.00587594 0.00948661 0.014181 0.0199134 0.0265455 0.0337612 0.0410117 0.0476124 0.0529635 0.0567268 0.0588484 0.0594774 0.0588793 0.0573792 0.0553162 0.0530009 0.0506798 0.0484952 0.04643 0.0442572 0.0415556 0.0378524 0.0328711 0.0267583 0.0201211
 0.00620837 0.0100134 0.0149482 0.0209547 0.0278765 0.0353714 0.0428553 0.0496068 0.0550006 0.0586924 0.060638 0.0610017 0.0600619 0.0581541 0.0556261 0.0527969 0.0499211 0.047157 0.0445233 0.041856 0.0388164 0.0350041 0.0301724 0.0244346 0.018309
 0.00652849 0.0105286 0.015714 0.022019 0.0292709 0.0370968 0.0448664 0.0518061 0.0572505 0.0608409 0.0625458 0.0625593 0.0611952 0.0588186 0.0557963 0.0524542 0.0490472 0.0457381 0.0425679 0.0394227 0.0360388 0.032094 0.0273863 0.0220108 0.0164032
 0.00682638 0.0110122 0.0164408 0.0230434 0.0306349 0.0388149 0.0469079 0.054085 0.0596317 0.0631605 0.0646368 0.0642747 0.0624251 0.0594983 0.0559028 0.0519923 0.0480338 0.0441928 0.0405205 0.0369363 0.0332369 0.0291715 0.0245855 0.0195647 0.0144707
 0.0070853 0.0114306 0.0170668 0.0239222 0.0318033 0.0402912 0.0486778 0.0560922 0.0617782 0.0653174 0.0666591 0.0660177 0.06376 0.0603269 0.0561662 0.0516707 0.0471378 0.0427539 0.0385878 0.0345874 0.0305967 0.0264221 0.0219495 0.0172574 0.0126418
 0.00745865 0.0120173 0.0179123 0.0250563 0.033237 0.0420111 0.0506379 0.0582089 0.0639363 0.067386 0.0685089 0.0675333 0.0648471 0.060916 0.0562147 0.0511627 0.0460827 0.041184 0.036559 0.0321866 0.0279529 0.0237114 0.0193789 0.0150229 0.0108773
 0.00763038 0.0123264 0.0184322 0.0258715 0.0344216 0.0435953 0.0525789 0.0603855 0.0661756 0.0695056 0.0703537 0.0689912 0.0658479 0.0614221 0.0562115 0.0506522 0.0450802 0.0397194 0.0346827 0.0299794 0.0255358 0.0212468 0.0170532 0.0130093 0.0092916
 0.00779524 0.0125891 0.0188204 0.0264151 0.035156 0.0445614 0.0538128 0.0618974 0.0679242 0.0713838 0.0721974 0.0706145 0.0670883 0.0621738 0.0564327 0.050351 0.0442924 0.0384942 0.0330808 0.0280812 0.0234526 0.0191231 0.0150518 0.0112794 0.00793147
 0.00801892 0.0129385 0.0193195 0.0270767 0.0359801 0.0455345 0.0549075 0.0630756 0.0691446 0.0726067 0.0733812 0.0717027 0.0680014 0.0628169 0.0567181 0.0502214 0.0437332 0.0375298 0.0317661 0.026496 0.0217022 0.0173368 0.0133702 0.00982855 0.00679285
 0.00814884 0.013164 0.0196846 0.0276288 0.0367566 0.046543 0.0561089 0.0643828 0.0704428 0.0737858 0.0743624 0.0724475 0.0685018 0.063075 0.0567289 0.0499681 0.0431956 0.0367005 0.0306639 0.0251724 0.0202411 0.0158475 0.0119718 0.00862574 0.00585185
 0.00826362 0.0133372 0.0199222 0.0279326 0.0371308 0.0470004 0.056671 0.0650679 0.071247 0.0746683 0.0752463 0.0732399 0.0691214 0.0634721 0.0568869 0.0498895 0.0428875 0.0361684 0.0299184 0.0242424 0.0191829 0.0147437 0.0109185 0.00771023 0.00513095
 0.00818196 0.0132282 0.0198017 0.0278291 0.037077 0.0470212 0.0567758 0.0652549 0.0715142 0.075022 0.0756959 0.0737815 0.0697228 0.0640721 0.0574105 0.0502695 0.0430774 0.0361456 0.0296816 0.0238107 0.0185982 0.0140707 0.0102353 0.00709178 0.00463056
 0.00827482 0.0133653 0.0199834 0.0280497 0.0373299 0.0473054 0.0570968 0.0656176 0.0719116 0.0754285 0.0760728 0.0740925 0.0699478 0.064209 0.0574649 0.0502417 0.042958 0.0359206 0.029342 0.0233613 0.0180624 0.0134906 0.00966499 0.00658438 0.00422391
 0.00832944 0.0134379 0.0200623 0.0281136 0.0373532 0.0472683 0.0569951 0.0654692 0.0717551 0.0753145 0.0760487 0.0741854 0.0701543 0.0644978 0.0577885 0.0505507 0.0432095 0.036081 0.0293886 0.023286 0.0178756 0.0132219 0.00935789 0.00628544 0.0039701
 0.00828188 0.0133693 0.0199746 0.0280119 0.0372418 0.0471452 0.0568512 0.065293 0.0715445 0.0750875 0.0758459 0.0740601 0.0701539 0.0646441 0.0580687 0.050921 0.043609 0.0364481 0.0296739 0.0234597 0.0179313 0.0131753 0.00924138 0.00613858 0.00382812
 0.00831075 0.0134085 0.0200195 0.0280545 0.0372737 0.0471619 0.0568534 0.0652839 0.0715237 0.0750474 0.075776 0.0739579 0.0700338 0.064538 0.0580133 0.0509401 0.0437016 0.0365882 0.0298209 0.0235741 0.017987 0.0131663 0.0091804 0.00604942 0.00373571
 0.00842603 0.0135724 0.0202224 0.0282716 0.037471 0.0473066 0.0569236 0.0652729 0.0714398 0.0749096 0.0756071 0.0737784 0.0698587 0.064378 0.05788 0.0508473 0.0436603 0.0365988 0.0298695 0.0236352 0.0180342 0.0131823 0.0091625 0.00600725 0.00368449
 0.00850652 0.0136959 0.0203932 0.0284859 0.0377142 0.0475517 0.0571323 0.0654031 0.0714585 0.0748071 0.0754031 0.0735147 0.0695836 0.0641309 0.0576836 0.0507095 0.0435801 0.03657 0.0298812 0.0236713 0.0180757 0.0132127 0.0091729 0.00599848 0.003664
 0.00836031 0.0134941 0.0201559 0.0282537 0.0375366 0.0474678 0.0571549 0.0655143 0.0716182 0.0749681 0.0755268 0.0735813 0.0695956 0.0641086 0.0576547 0.0506982 0.0435996 0.036622 0.0299582 0.0237608 0.0181631 0.0132853 0.00922324 0.00602566 0.00367302
 0.00838971 0.0135236 0.0201686 0.0282279 0.0374581 0.0473456 0.0570285 0.0654426 0.0716518 0.0751202 0.0757616 0.0738299 0.0697873 0.0641999 0.0576411 0.0506067 0.0434714 0.0364951 0.0298569 0.0236935 0.0181263 0.0132688 0.00921642 0.0060211 0.00366754
 0.00846769 0.0136326 0.0202984 0.0283551 0.0375491 0.0473647 0.0569492 0.0652599 0.0713913 0.0748378 0.0755279 0.0737019 0.0697837 0.0642947 0.0577809 0.0507389 0.043566 0.0365482 0.0298819 0.0237071 0.0181392 0.013284 0.00923172 0.00603328 0.00367498
 0.0084481 0.0135996 0.0202464 0.0282765 0.0374345 0.0472033 0.0567313 0.0649814 0.0710598 0.0744788 0.0751867 0.0734375 0.0696522 0.0643286 0.0579743 0.0510491 0.0439301 0.0369072 0.0301965 0.0239616 0.0183346 0.0134283 0.00933408 0.00610192 0.0037176
 0.00840516 0.0135458 0.0201943 0.0282467 0.0374478 0.0472699 0.0568418 0.0651056 0.0711557 0.0745061 0.0751219 0.0732832 0.069439 0.0641073 0.0577991 0.0509581 0.0439326 0.0369847 0.0303153 0.0240884 0.0184471 0.0135169 0.00939809 0.00614496 0.00374447
 0.00822753 0.0132757 0.0198241 0.0277849 0.0369212 0.0467226 0.0563323 0.064698 0.0709032 0.0744333 0.0752157 0.0734997 0.0697236 0.0644153 0.0581081 0.0512663 0.0442474 0.0373088 0.0306394 0.0243936 0.0187129 0.0137299 0.00955487 0.00625111 0.00381054
 0.00818229 0.013197 0.0196967 0.0275931 0.0366542 0.0463829 0.0559425 0.0643012 0.0705547 0.0741851 0.0751016 0.0735263 0.0698699 0.0646422 0.0583727 0.0515359 0.0445062 0.0375543 0.0308735 0.0246146 0.018913 0.013899 0.00968628 0.0063442 0.00387044
 0.00815679 0.0131504 0.0196166 0.0274639 0.0364594 0.0461103 0.0555905 0.063885 0.0701081 0.0737587 0.0747539 0.0733103 0.0698181 0.0647566 0.0586253 0.0518795 0.0448902 0.0379378 0.0312307 0.0249317 0.0191832 0.0141184 0.00985384 0.00646287 0.00394751
 0.00802049 0.0129529 0.0193634 0.027174 0.0361578 0.0458169 0.0553124 0.0636175 0.0698438 0.0734983 0.0745133 0.0731206 0.069717 0.0647762 0.0587797 0.052158 0.04526 0.038354 0.0316488 0.025317 0.0195141 0.014385 0.0100551 0.00660433 0.00403925
 0.00778141 0.0125991 0.0188969 0.0266219 0.0355682 0.0452484 0.0548234 0.063256 0.0696367 0.0734438 0.0745824 0.0732706 0.0699117 0.0649995 0.0590357 0.0524595 0.0456128 0.0387485 0.0320604 0.0257142 0.0198684 0.0146775 0.0102787 0.00676231 0.00414193
 0.00771345 0.0124658 0.0186561 0.0262262 0.0349833 0.0444791 0.0539331 0.0623614 0.0688757 0.0729302 0.0743715 0.0733513 0.0702233 0.065461 0.0595735 0.053023 0.0461757 0.0392984 0.0325868 0.0262019 0.0202983 0.0150334 0.0105525 0.00695667 0.00426857
 0.00841808 0.0134589 0.0198667 0.0274872 0.036072 0.0451875 0.0541301 0.0620225 0.0680775 0.071824 0.0731463 0.0721898 0.0692608 0.0647617 0.0591334 0.0527952 0.0461009 0.0393261 0.032681 0.0263367 0.0204516 0.0151848 0.0106852 0.00706059 0.00434146
 0.00919109 0.014658 0.0215551 0.0296612 0.0386351 0.0479277 0.0567179 0.0640586 0.0692008 0.0718375 0.0720902 0.0703182 0.0669408 0.062354 0.0569087 0.0509037 0.0445876 0.0381682 0.0318257 0.0257262 0.0200338 0.0149141 0.0105214 0.00696934 0.00429511
 0.00929732 0.0149224 0.0221202 0.0307102 0.0403377 0.0503548 0.0597628 0.0674124 0.0724037 0.0743895 0.07358 0.0705288 0.0659011 0.0603178 0.0542665 0.0480658 0.0418859 0.0358095 0.0298973 0.0242308 0.0189275 0.0141338 0.00999973 0.00664137 0.00410296
 0.00906317 0.0145899 0.0217167 0.0303112 0.0400721 0.0503963 0.0603018 0.0686001 0.0742742 0.076793 0.0761743 0.0728565 0.0675278 0.0609702 0.0539071 0.0468778 0.040186 0.0339365 0.0281236 0.0227223 0.0177486 0.0132768 0.00941739 0.00627177 0.00388486
 0.00884067 0.0142307 0.0211838 0.0295814 0.0391528 0.0493488 0.0592608 0.0677712 0.0738959 0.0770664 0.0771832 0.0745107 0.0695598 0.0629993 0.0555553 0.0478892 0.0404954 0.0336584 0.0274782 0.0219427 0.0170124 0.0126812 0.00898907 0.0059931 0.00371954
 0.00868505 0.0139892 0.0208409 0.029128 0.0385851 0.0486696 0.0584869 0.0669479 0.0731113 0.0764545 0.0769044 0.0747048 0.0702852 0.0641856 0.057 0.0493136 0.0416383 0.0343638 0.0277323 0.0218487 0.0167259 0.0123445 0.00869425 0.00577766 0.0035826
 0.00854038 0.0137625 0.0205159 0.0286963 0.0380482 0.0480415 0.0577961 0.0662369 0.072432 0.0758643 0.0764669 0.074493 0.0703744 0.064628 0.0577882 0.0503544 0.0427636 0.0353821 0.0284962 0.0223017 0.0169038 0.0123387 0.00860293 0.0056725 0.00349931
 0.00857817 0.0137905 0.0204968 0.0285756 0.03777 0.047572 0.0571444 0.0654584 0.0716137 0.0751008 0.07584 0.0740639 0.0701861 0.0647091 0.0581491 0.0509741 0.0435748 0.0362718 0.029332 0.0229736 0.0173594 0.0125898 0.00870425 0.00568922 0.00348253
 0.00860428 0.0138419 0.0205879 0.0287179 0.0379603 0.0477787 0.0573023 0.0654837 0.0714369 0.0747017 0.0752636 0.0734067 0.0695632 0.0642222 0.0578681 0.0509302 0.0437591 0.036635 0.029792 0.0234358 0.0177447 0.0128572 0.00885532 0.00575374 0.00349773
 0.00863948 0.0139053 0.0206951 0.0288882 0.0382128 0.0481242 0.0577322 0.06596 0.0718888 0.0750357 0.0753887 0.0732676 0.0691669 0.0636416 0.0572188 0.0503333 0.0433068 0.03637 0.0297047 0.0234769 0.017848 0.0129642 0.0089317 0.00579189 0.00350727
 0.0086738 0.0139367 0.0206985 0.0288291 0.0380605 0.047872 0.057412 0.0656384 0.071645 0.0749282 0.0754298 0.0734186 0.0693558 0.0637959 0.0572973 0.0503406 0.0432843 0.0363699 0.029763 0.0235982 0.0180085 0.0131278 0.00906785 0.0058863 0.00356196
 0.00880919 0.0141361 0.0209586 0.0291288 0.0383616 0.0481237 0.0575602 0.0656402 0.0714867 0.0746384 0.0750756 0.0730805 0.069094 0.0636283 0.0572017 0.0502787 0.0432283 0.0363168 0.029728 0.0235979 0.0180467 0.0131922 0.00913849 0.00594607 0.00360299
 0.00881987 0.0141714 0.0210436 0.0292946 0.0386334 0.0485031 0.0580113 0.0660907 0.0718466 0.0748303 0.0750616 0.0728745 0.0687544 0.0632337 0.0568224 0.049956 0.0429727 0.0361206 0.0295814 0.0234963 0.0179878 0.0131703 0.00914214 0.00596164 0.00361959
 0.00875247 0.0140759 0.0209274 0.0291773 0.0385455 0.0484821 0.0580928 0.0662963 0.0721696 0.075227 0.0754565 0.0731829 0.0689135 0.0632254 0.0566752 0.0497269 0.0427215 0.0358908 0.0293949 0.0233585 0.0178956 0.0131167 0.00911756 0.00595546 0.00362222
 0.00870792 0.014 0.0208078 0.029003 0.0383131 0.0482037 0.0578024 0.0660474 0.0720225 0.0752284 0.0756202 0.0734807 0.0692818 0.0635858 0.0569614 0.0499055 0.0427963 0.0358916 0.0293589 0.0233156 0.0178629 0.0130993 0.00911368 0.00596003 0.00363003
 0.00856306 0.0137968 0.020561 0.0287447 0.0380814 0.048026 0.0576846 0.065977 0.0719836 0.0752175 0.0756518 0.0735778 0.0694576 0.0638297 0.0572378 0.050167 0.0430029 0.0360252 0.0294251 0.0233355 0.0178601 0.0130912 0.00910893 0.00596025 0.00363343
 0.00844471 0.0136143 0.0203067 0.0284224 0.0377108 0.047645 0.0573467 0.0657398 0.071889 0.0752736 0.07583 0.0738298 0.0697387 0.0641134 0.0575131 0.0504264 0.0432345 0.0362139 0.0295608 0.0234193 0.0179033 0.0131093 0.00911537 0.00596312 0.00363592
 0.00819005 0.0131989 0.0196804 0.0275431 0.0365591 0.046246 0.05579 0.0641814 0.0705256 0.0742958 0.0753729 0.0739402 0.07037 0.0651462 0.0587928 0.0518005 0.0445773 0.0374354 0.0306061 0.024264 0.0185485 0.0135754 0.00943337 0.00616771 0.00375948
 0.00850431 0.0136713 0.0203173 0.0283176 0.0374101 0.0470814 0.0564945 0.0646338 0.0706293 0.0740138 0.0747489 0.0730903 0.069447 0.0642933 0.0581071 0.0513194 0.0442867 0.0372911 0.0305557 0.0242618 0.0185631 0.0135897 0.00944187 0.00617087 0.0037598
 0.0089561 0.0143891 0.0213631 0.0297296 0.0391842 0.0491484 0.0587 0.0667423 0.0723638 0.0751224 0.0750706 0.0725939 0.0682342 0.0625682 0.0561229 0.0493184 0.0424533 0.0357313 0.0293034 0.0233012 0.0178537 0.0130845 0.00909644 0.00594629 0.00362265
 0.00905745 0.0145792 0.0216967 0.0302745 0.0400067 0.0502882 0.0601427 0.0684024 0.0740873 0.0767077 0.0763033 0.07329 0.0682842 0.0619671 0.0549744 0.0478069 0.0407953 0.0341227 0.0278836 0.0221414 0.0169664 0.0124443 0.00865959 0.00566509 0.00345296
 0.0088788 0.0143107 0.0213366 0.0298436 0.0395536 0.0498909 0.0599042 0.0684331 0.0744724 0.0774681 0.0773703 0.0745098 0.0694532 0.0628865 0.0555037 0.0478992 0.040501 0.0335631 0.0272054 0.0214737 0.0163939 0.0120033 0.00834929 0.00546369 0.00333198
 0.00864896 0.0139265 0.0207411 0.0289845 0.0384035 0.0484765 0.0583324 0.0668933 0.0732032 0.0766992 0.0772596 0.0750982 0.0706489 0.0644853 0.0572403 0.049517 0.0418147 0.0344922 0.0277694 0.0217563 0.0164987 0.0120184 0.00833211 0.00544281 0.00331698
 0.00864437 0.0138863 0.0206189 0.0287132 0.0379079 0.047697 0.0572525 0.0655605 0.0717373 0.0752833 0.0761115 0.0744233 0.0705839 0.065053 0.0583363 0.0509373 0.0433156 0.0358587 0.028865 0.0225386 0.0170003 0.0123101 0.0084883 0.00552165 0.00335549
 0.00871171 0.0139796 0.020727 0.0288093 0.0379479 0.0476225 0.0569976 0.0650672 0.0709786 0.074288 0.074979 0.0733158 0.0696935 0.0645509 0.0583211 0.0514018 0.0441479 0.0368792 0.0298851 0.0234149 0.0176623 0.012756 0.00875912 0.00567167 0.00343228
 0.00901804 0.0144536 0.0213936 0.0296707 0.0389775 0.0487577 0.058134 0.0660612 0.0716681 0.074529 0.0746877 0.0725003 0.0684639 0.0631013 0.0568848 0.0501898 0.0432923 0.0364061 0.0297265 0.0234521 0.0177776 0.0128687 0.00883427 0.00570795 0.00344313
 0.00908512 0.0145761 0.0216026 0.0300021 0.0394626 0.0494075 0.0589239 0.0669252 0.0725056 0.0752223 0.0751227 0.0725885 0.0681649 0.0624413 0.0559621 0.0491569 0.0423167 0.035621 0.029195 0.0231618 0.0176642 0.0128533 0.00885447 0.0057293 0.00345472
 0.00894522 0.0144031 0.0214436 0.0299362 0.039582 0.0497851 0.059584 0.0678299 0.0735616 0.0762998 0.0760785 0.0732891 0.0685092 0.0623804 0.0555121 0.0483998 0.0413849 0.0346659 0.0283484 0.0225035 0.0172122 0.0125773 0.00870214 0.00565089 0.00341517
#obs surv len freq
 nan nan nan nan nan nan nan nan nan nan nan nan nan nan nan nan nan nan nan nan nan nan nan nan nan
 0.00448381 0.00734483 0.0111746 0.0159909 0.0216919 0.0279678 0.0342823 0.040014 0.0446937 0.0481576 0.0505154 0.052011 0.0529031 0.0534153 0.0537294 0.0539842 0.0542627 0.0545554 0.0546941 0.054286 0.052724 0.0493562 0.043806 0.036286 0.0276697
 0.00461993 0.00756686 0.0115098 0.0164641 0.0223194 0.0287484 0.0351876 0.0409859 0.0456526 0.0490173 0.0511999 0.0524656 0.0530995 0.0533526 0.0534294 0.0534839 0.0536054 0.0537838 0.0538473 0.0534008 0.0518395 0.0485153 0.0430536 0.0356602 0.0271914
 0.00477489 0.00782295 0.0119029 0.0170302 0.0230869 0.0297266 0.0363544 0.0422825 0.0469903 0.0502925 0.0523102 0.053322 0.0536354 0.0535298 0.0532407 0.0529514 0.0527742 0.0527129 0.0526027 0.0520526 0.0504626 0.0471901 0.0418598 0.0346635 0.0264283
 0.00496633 0.00813499 0.0123743 0.0176981 0.0239807 0.0308575 0.0377033 0.0437947 0.0485798 0.0518553 0.0537374 0.0545106 0.0544957 0.053992 0.0532618 0.0525194 0.0519096 0.0514664 0.0510505 0.0502926 0.0486104 0.0453732 0.0402042 0.0332722 0.0253589
 0.00517676 0.00847908 0.0128959 0.0184393 0.0249742 0.0321136 0.0391977 0.0454639 0.0503303 0.0535806 0.0553331 0.055881 0.0555548 0.0546636 0.053483 0.0522469 0.0511277 0.0501949 0.0493501 0.0482669 0.0464027 0.0431549 0.0381503 0.0315285 0.0240106
 0.00541004 0.00886007 0.0134726 0.0192576 0.0260694 0.0334969 0.0408418 0.0472978 0.0522491 0.0554655 0.05707 0.0573714 0.0567169 0.0554296 0.0537952 0.0520569 0.0504017 0.0489248 0.0475696 0.0460654 0.0439307 0.0406127 0.035756 0.0294714 0.0224068
 0.00563956 0.00923884 0.0140531 0.0200924 0.0272007 0.0349405 0.0425704 0.0492356 0.0542828 0.0574663 0.0589152 0.0589556 0.0579555 0.0562565 0.054158 0.0519125 0.0497152 0.0476773 0.0457753 0.0437941 0.0413245 0.0378809 0.0331426 0.0271983 0.0206185
 0.00589831 0.00965791 0.0146812 0.0209748 0.0283717 0.0364113 0.0443159 0.0511871 0.0563352 0.0594958 0.0607975 0.0605792 0.0592287 0.0571087 0.0545371 0.0517794 0.0490395 0.0464403 0.0439842 0.0415061 0.0386691 0.0350639 0.0304162 0.0248029 0.0187181
 0.00613616 0.0100528 0.0152903 0.0218554 0.0295691 0.0379389 0.0461373 0.0532124 0.0584374 0.0615384 0.0626578 0.0621583 0.0604499 0.0579128 0.0548781 0.051621 0.0483535 0.045209 0.0422129 0.0392446 0.036036 0.0322546 0.0276788 0.0223808 0.0167838
 0.00635571 0.0104144 0.0158438 0.0226513 0.0306501 0.0393256 0.0478116 0.0551091 0.0604498 0.0635363 0.0645085 0.0637441 0.0616784 0.0587198 0.0552229 0.0514778 0.0477038 0.0440417 0.0405342 0.0370999 0.0335332 0.0295745 0.025055 0.0200473 0.0149108
 0.00659748 0.0108062 0.016431 0.0234757 0.031742 0.0406924 0.0494251 0.0569011 0.062321 0.0653735 0.0662013 0.0651935 0.0628015 0.0594518 0.0555181 0.0513078 0.0470535 0.042907 0.0389276 0.0350668 0.0311736 0.0270535 0.0225871 0.0178492 0.0131421
 0.00683503 0.0111966 0.0170261 0.0243248 0.0328807 0.0421253 0.0511098 0.0587451 0.0641986 0.0671534 0.0677706 0.0664687 0.0637264 0.0599904 0.0556476 0.0510135 0.0463272 0.0417482 0.0373513 0.033118 0.0289449 0.0246947 0.0202907 0.0158096 0.0115027
 0.0070468 0.0115463 0.0175624 0.0250962 0.0339257 0.0434564 0.0526969 0.0605092 0.0660211 0.0688992 0.0693119 0.067703 0.0645851 0.0604387 0.0556774 0.0506327 0.0455489 0.0405881 0.0358329 0.0312869 0.0268859 0.0225404 0.0182094 0.0139702 0.0100284
 0.00726384 0.0118995 0.0180943 0.0258468 0.0349242 0.0447091 0.0541742 0.0621402 0.0677022 0.0705118 0.0707409 0.0688503 0.0653774 0.0608316 0.0556557 0.0502051 0.0447399 0.0394299 0.0343647 0.0295627 0.0249877 0.0205859 0.0163431 0.0123343 0.00872457
 0.00743048 0.0121767 0.018523 0.0264682 0.0357709 0.0457908 0.0554642 0.0635714 0.0691785 0.0719273 0.071998 0.0698683 0.0660953 0.0612083 0.0556692 0.0498526 0.0440359 0.0384034 0.033058 0.0280343 0.0233186 0.018883 0.0147308 0.0109309 0.00761211
 0.00749439 0.0122852 0.0186958 0.0267289 0.0361449 0.0463009 0.056123 0.0643754 0.0701027 0.0729253 0.0730051 0.0708094 0.0668945 0.0617981 0.0559975 0.0498854 0.0437587 0.0378217 0.0321983 0.0269457 0.022075 0.0175812 0.0134804 0.0098338 0.00673858
 0.00757448 0.0124038 0.0188535 0.0269205 0.0363638 0.0465453 0.0564001 0.0647004 0.0704938 0.0733948 0.0735511 0.0714101 0.0675067 0.0623627 0.0564478 0.0501589 0.043807 0.0376175 0.0317402 0.0262615 0.0212218 0.0166416 0.0125503 0.00900278 0.00606967
 0.00765379 0.0125281 0.019031 0.027154 0.0366481 0.0468649 0.0567299 0.065011 0.0707624 0.0736167 0.0737425 0.0715995 0.0677185 0.0626011 0.0566904 0.0503604 0.0439112 0.0375728 0.0315138 0.0258496 0.0206543 0.0159782 0.0118685 0.00837916 0.00556022
 0.00771425 0.0126228 0.0191667 0.0273342 0.0368723 0.047127 0.0570165 0.0653011 0.0710302 0.0738377 0.0739027 0.0717001 0.0677764 0.062641 0.056732 0.0504059 0.04394 0.0375476 0.0313944 0.0256101 0.0202958 0.0155322 0.0113893 0.00792697 0.00518279
 0.00777507 0.0127149 0.0192927 0.0274922 0.0370564 0.047329 0.0572268 0.0655087 0.0712233 0.0740046 0.0740331 0.0717872 0.067819 0.0626453 0.0567102 0.0503708 0.0438966 0.0374871 0.031296 0.0254506 0.0200634 0.0152367 0.0110615 0.00760838 0.00491047
 0.00780153 0.0127578 0.019357 0.0275816 0.0371721 0.0474675 0.0573789 0.065661 0.0713618 0.0741194 0.0741204 0.071848 0.0678562 0.0626614 0.0567073 0.0503514 0.043863 0.0374383 0.0312248 0.0253456 0.0199156 0.0150474 0.0108464 0.00739349 0.00472197
 0.00783897 0.0128112 0.0194237 0.0276548 0.0372438 0.0475319 0.0574352 0.0657123 0.0714123 0.074171 0.0741715 0.0718946 0.0678945 0.062689 0.0567233 0.0503554 0.0438545 0.0374154 0.0311838 0.0252809 0.0198226 0.0149267 0.0107069 0.00725118 0.00459442
 0.00787119 0.0128616 0.0194954 0.0277483 0.0373553 0.0476528 0.0575514 0.0658079 0.0714744 0.0741954 0.0741637 0.071867 0.0678596 0.0626547 0.0566923 0.0503263 0.0438243 0.0373804 0.03114 0.0252243 0.01975 0.0148385 0.0106082 0.00715175 0.00450538
 0.00787501 0.0128668 0.0195015 0.0277546 0.0373614 0.0476592 0.0575597 0.0658195 0.0714896 0.0742123 0.0741792 0.0718792 0.0678691 0.0626648 0.0567062 0.0503452 0.0438458 0.0373997 0.0311511 0.0252218 0.0197304 0.0148017 0.0105582 0.00709577 0.00445199
 0.00787506 0.0128631 0.019489 0.0277267 0.037312 0.0475861 0.0574674 0.0657194 0.0713973 0.0741429 0.0741432 0.0718799 0.0679034 0.062725 0.0567836 0.0504316 0.0439341 0.0374833 0.0312237 0.0252774 0.0197651 0.0148145 0.0105519 0.0070767 0.0044276
 0.00787896 0.0128641 0.0194807 0.0276997 0.0372562 0.0474943 0.0573395 0.0655639 0.0712305 0.0739863 0.0740187 0.0718053 0.0678884 0.0627691 0.0568771 0.0505591 0.0440785 0.0376292 0.0313584 0.0253917 0.0198531 0.0148742 0.0105856 0.00708985 0.00442759
 0.00786877 0.0128482 0.0194575 0.0276674 0.0372123 0.0474353 0.0572608 0.0654624 0.0711071 0.0738486 0.0738814 0.0716878 0.0678101 0.0627441 0.0569102 0.0506449 0.0442035 0.0377755 0.0315078 0.0255289 0.0199674 0.0149602 0.0106432 0.00712326 0.00444338
 0.00786458 0.0128372 0.0194334 0.0276225 0.0371395 0.0473322 0.0571322 0.0653196 0.0709644 0.0737182 0.0737715 0.0716038 0.0677568 0.0627275 0.056936 0.0507155 0.0443151 0.0379173 0.0316641 0.0256826 0.020104 0.0150702 0.0107232 0.00717531 0.00447334
 0.00784965 0.0128128 0.0193962 0.0275689 0.037066 0.0472357 0.0570122 0.0651794 0.0708127 0.0735683 0.0736397 0.0715044 0.0676997 0.0627166 0.0569704 0.0507917 0.0444277 0.0380583 0.031822 0.0258432 0.0202528 0.0151958 0.0108194 0.00724186 0.00451466
 0.00785525 0.0128167 0.0193927 0.0275494 0.0370216 0.0471609 0.0569074 0.0650515 0.0706727 0.0734284 0.0735111 0.0713974 0.0676232 0.0626779 0.0569736 0.0508369 0.044511 0.0381723 0.0319566 0.0259861 0.0203909 0.0153173 0.0109165 0.00731209 0.00456037
 0.00782419 0.0127709 0.0193322 0.0274767 0.0369398 0.0470717 0.0568101 0.0649448 0.0705574 0.07331 0.0733999 0.0713059 0.0675627 0.0626558 0.0569929 0.0508965 0.0446065 0.0382966 0.0321 0.026137 0.0205368 0.015447 0.011022 0.00739012 0.0046126
 0.00778328 0.0127042 0.019232 0.027337 0.0367593 0.046857 0.0565778 0.0647192 0.0703639 0.0731673 0.0733153 0.0712774 0.0675836 0.0627193 0.0570937 0.0510299 0.0447668 0.0384765 0.03229 0.0263263 0.0207139 0.0156015 0.0111468 0.00748267 0.00467509
 0.00775132 0.0126468 0.0191357 0.0271866 0.0365423 0.0465702 0.0562337 0.0643475 0.0700063 0.0728674 0.0731083 0.0711826 0.0676022 0.0628376 0.0572891 0.0512777 0.045045 0.0387666 0.0325771 0.026597 0.0209566 0.0158068 0.0113091 0.00760153 0.00475493
 0.00773018 0.012612 0.0190821 0.0271082 0.0364318 0.0464202 0.0560388 0.0641078 0.0697312 0.0725783 0.0728368 0.0709645 0.0674689 0.0628069 0.0573619 0.0514395 0.0452717 0.0390314 0.032855 0.026867 0.0212022 0.0160162 0.0114756 0.00772409 0.00483776
 0.00932022 0.0148394 0.0217739 0.0298827 0.0388097 0.0480013 0.0566418 0.0637955 0.068729 0.0711565 0.071226 0.069328 0.0659123 0.0613973 0.0561401 0.0504249 0.0444642 0.0384153 0.0324043 0.026552 0.0209932 0.0158862 0.011401 0.00768533 0.00482011
 0.00928883 0.0150826 0.0226589 0.0318661 0.0422394 0.0528483 0.0623296 0.0692947 0.0729229 0.073281 0.0711213 0.0673803 0.0627849 0.0577467 0.0524549 0.0469988 0.041442 0.03585 0.0302984 0.0248802 0.0197143 0.0149493 0.010749 0.00725833 0.00455932
 0.00895112 0.0145499 0.0219094 0.0309473 0.0413223 0.0522646 0.0625327 0.0706985 0.0756555 0.0770003 0.0750561 0.0706236 0.0646715 0.058084 0.0514945 0.0452257 0.0393457 0.0337903 0.0284799 0.0233869 0.0185567 0.0140986 0.0101579 0.00687241 0.00432448
 0.00878184 0.0142671 0.02147 0.0303091 0.0404603 0.0512005 0.0613755 0.0696727 0.0750854 0.0772215 0.0762641 0.0727284 0.0672623 0.0605618 0.0533149 0.0461084 0.0393318 0.0331445 0.0275305 0.0224022 0.0176979 0.0134307 0.00968288 0.00656048 0.00413514
 0.00873298 0.0141777 0.0213163 0.0300607 0.0400844 0.0506717 0.0606887 0.0688594 0.0742296 0.0764712 0.0758205 0.0727965 0.0679613 0.0618353 0.054908 0.0476497 0.0404848 0.033739 0.027597 0.0221084 0.0172454 0.0129771 0.00931363 0.00629981 0.00397106
 0.00869374 0.014116 0.0212267 0.0299374 0.0399196 0.050454 0.0604037 0.0684939 0.0737805 0.0759584 0.075301 0.0723707 0.0677592 0.0619746 0.0554333 0.048486 0.0414459 0.034598 0.0281824 0.0223659 0.0172331 0.0128099 0.00910223 0.00611463 0.00383913
 0.00868072 0.0140913 0.0211831 0.0298664 0.0398136 0.0503094 0.0602227 0.0682828 0.0735454 0.0757022 0.0750264 0.072091 0.0675105 0.0618199 0.0554459 0.0487149 0.0418781 0.0351479 0.0287208 0.0227769 0.0174612 0.0128708 0.0090558 0.00602682 0.00375544
 0.00867222 0.0140778 0.021163 0.0298378 0.0397736 0.050254 0.0601472 0.0681832 0.0734208 0.0755547 0.0748617 0.0719166 0.0673378 0.0616684 0.0553474 0.0487081 0.0419924 0.0353813 0.0290298 0.0230898 0.01771 0.0130201 0.0091108 0.00601943 0.00372187
 0.0086788 0.0140884 0.0211785 0.0298588 0.0397996 0.0502827 0.0601737 0.0682002 0.0734189 0.0755252 0.0747985 0.0718186 0.0672105 0.0615242 0.0552059 0.0485956 0.0419365 0.0354009 0.0291238 0.0232327 0.0178608 0.0131408 0.00918257 0.00604533 0.0037185
 0.00866493 0.0140681 0.0211525 0.0298291 0.0397696 0.0502561 0.0601538 0.0681888 0.0734158 0.0755275 0.0748005 0.0718131 0.0671907 0.061487 0.0551545 0.0485403 0.0418938 0.0353883 0.0291523 0.0233 0.0179506 0.0132299 0.00925143 0.00608616 0.00373499
 0.00863915 0.0140292 0.0210994 0.0297634 0.0396951 0.0501787 0.0600812 0.0681292 0.0733768 0.0755134 0.0748109 0.0718426 0.0672304 0.061527 0.0551868 0.0485619 0.0419082 0.0354042 0.0291797 0.0233445 0.0180099 0.013294 0.00930822 0.00612729 0.00375886
 0.00864046 0.0140275 0.0210902 0.0297403 0.0396525 0.0501147 0.0599999 0.068041 0.0732952 0.0754509 0.0747756 0.0718366 0.0672502 0.0615651 0.0552339 0.0486095 0.0419511 0.0354418 0.0292154 0.0233828 0.0180528 0.0133393 0.0093505 0.00616105 0.00378156
 0.00864096 0.0140273 0.0210877 0.029733 0.0396368 0.0500865 0.0599554 0.067979 0.0732185 0.0753675 0.0746977 0.0717772 0.0672191 0.0615657 0.0552627 0.0486581 0.0420094 0.0355016 0.0292721 0.0234352 0.0181012 0.0133835 0.00938898 0.0061917 0.00380321
 0.00861843 0.0139949 0.0210469 0.0296876 0.0395917 0.0500456 0.0599202 0.067948 0.0731885 0.0753358 0.0746637 0.0717442 0.0671933 0.0615545 0.0552716 0.0486884 0.0420575 0.0355607 0.0293347 0.0234954 0.0181556 0.0134303 0.00942731 0.0062211 0.00382388
 0.00860675 0.0139754 0.0210167 0.0296446 0.0395355 0.0499792 0.0598508 0.0678853 0.0731418 0.0753097 0.0746567 0.0717503 0.0672059 0.0615701 0.0552907 0.048714 0.0420923 0.035605 0.0293856 0.0235484 0.018206 0.0134746 0.00946341 0.00624844 0.00384293
 0.00860675 0.0139754 0.0210167 0.0296446 0.0395355 0.0499792 0.0598508 0.0678853 0.0731418 0.0753097 0.0746567 0.0717503 0.0672059 0.0615701 0.0552907 0.048714 0.0420923 0.035605 0.0293856 0.0235484 0.018206 0.0134746 0.00946341 0.00624844 0.00384293
 0.0086415 0.0140295 0.0210934 0.0297441 0.0396545 0.0501094 0.0599789 0.0679948 0.073217 0.0753407 0.0746419 0.0716951 0.06712 0.0614639 0.0551745 0.0485977 0.0419853 0.0355146 0.0293162 0.0235005 0.0181767 0.0134595 0.00945769 0.00624798 0.00384472
 0.00843666 0.0137106 0.0206409 0.0291534 0.0389401 0.0493106 0.0591625 0.0672497 0.0726366 0.0749981 0.0745715 0.0718874 0.0675305 0.0620281 0.0558231 0.0492681 0.0426289 0.0360989 0.0298232 0.023923 0.0185148 0.0137179 0.00964487 0.00637528 0.00392524
 0.00873264 0.014155 0.0212398 0.0298838 0.0397518 0.0501315 0.0599059 0.0678253 0.0729675 0.0750426 0.0743356 0.0714231 0.0669176 0.0613519 0.0551554 0.0486578 0.0421014 0.0356616 0.0294728 0.0236513 0.0183119 0.0135733 0.00954745 0.00631383 0.00388928
 0.00895223 0.0145386 0.0218627 0.0308219 0.0410514 0.0517674 0.0617502 0.0696546 0.0745178 0.0760864 0.0747441 0.0711858 0.0661244 0.060155 0.0537288 0.0471635 0.0406676 0.0343741 0.0283775 0.0227628 0.0176237 0.0130659 0.00919347 0.00608203 0.00374802
 0.00896974 0.0145864 0.0219726 0.0310418 0.0414404 0.0523836 0.0626304 0.0707898 0.0758333 0.0774368 0.0759348 0.0720222 0.066469 0.0599676 0.0530699 0.0461665 0.0394942 0.0331748 0.0272666 0.0218107 0.0168606 0.0124916 0.00878797 0.00581451 0.00358414
 0.00884515 0.0143838 0.0216703 0.0306272 0.0409227 0.0518085 0.0620897 0.0704128 0.0757532 0.0777428 0.076631 0.0730124 0.067578 0.0609914 0.0538371 0.0465846 0.039564 0.0329709 0.026899 0.0213867 0.0164603 0.0121604 0.00854118 0.00564689 0.00347998
 0.00860458 0.0139846 0.0210566 0.029748 0.0397499 0.0503643 0.0604704 0.0687925 0.0743568 0.076795 0.0763011 0.0733707 0.0685747 0.0624639 0.0555475 0.0482804 0.0410412 0.0341154 0.0276922 0.0218798 0.0167363 0.0123002 0.00860618 0.00567535 0.00349223
 0.00861174 0.0139661 0.0209719 0.029538 0.0393483 0.0497185 0.0595642 0.0676623 0.0730957 0.075546 0.0752377 0.0726659 0.0683604 0.0627909 0.0563642 0.0494409 0.0423452 0.0353653 0.0287441 0.0226684 0.0172681 0.0126259 0.00878934 0.00577127 0.00353974
 0.00856796 0.0139019 0.0208865 0.0294299 0.0392088 0.0495243 0.0592759 0.0672341 0.0724961 0.0747824 0.074372 0.0718126 0.0676645 0.0623919 0.056355 0.0498363 0.0430731 0.0362868 0.0296977 0.0235181 0.0179351 0.0130934 0.0090848 0.00594124 0.00362957
 0.00872254 0.0141456 0.021238 0.0298986 0.0397892 0.0501884 0.0599653 0.0678588 0.0729457 0.0749501 0.0741851 0.0712598 0.0668108 0.0613716 0.0553416 0.0489952 0.0425149 0.0360394 0.0297091 0.0236883 0.018159 0.0132949 0.00922899 0.00602685 0.00367217
 0.00872193 0.014163 0.021298 0.0300349 0.0400357 0.0505642 0.0604618 0.0684342 0.0735308 0.0754603 0.0745344 0.0713757 0.0666513 0.0609424 0.0547056 0.0482639 0.0418194 0.03549 0.0293623 0.0235371 0.0181494 0.0133573 0.00930684 0.00608899 0.00371048
 0.00871327 0.0141498 0.0212812 0.0300193 0.040033 0.0505956 0.0605562 0.0686205 0.0738235 0.0758456 0.0749643 0.0717756 0.0669386 0.0610498 0.0546025 0.0479685 0.0413965 0.0350323 0.0289596 0.0232472 0.0179853 0.0132946 0.00930445 0.00611012 0.00373268
#pred catch len freq
 0.00333028 0.00535802 0.00799436 0.0112569 0.015178 0.0197689 0.024956 0.0305526 0.0362901 0.0418713 0.0470174 0.0515078 0.0552113 0.0580901 0.060173 0.0615157 0.0621729 0.0621741 0.061482 0.0599271 0.0571689 0.0527748 0.0464622 0.0384032 0.0293631
 0.00361479 0.00575391 0.00847036 0.0117515 0.0156282 0.0201491 0.0252982 0.0309268 0.0367495 0.0423979 0.0475052 0.0518006 0.0551741 0.0576771 0.0594564 0.0606647 0.0613909 0.0616195 0.0612062 0.0598588 0.0571577 0.0526711 0.0461911 0.037989 0.0288973
 0.00374342 0.00599228 0.00887824 0.0123896 0.0165292 0.0212818 0.0265508 0.0321344 0.0377605 0.0431365 0.0479825 0.0520635 0.0552387 0.0575046 0.0589907 0.0598985 0.060404 0.0605586 0.060217 0.0590197 0.0564561 0.0520381 0.0455647 0.0373594 0.028307
 0.00391528 0.00625667 0.00925349 0.0128966 0.0172032 0.0221793 0.0277357 0.0336359 0.0395209 0.0449868 0.0496769 0.0533638 0.0559956 0.0576824 0.0586328 0.0590796 0.0592106 0.0590973 0.0586181 0.0574133 0.0549375 0.0506543 0.044332 0.0362923 0.0274296
 0.00411952 0.00658086 0.00972669 0.0135408 0.0180309 0.0231927 0.0289271 0.0349938 0.0410341 0.0466354 0.0514031 0.0550412 0.0574293 0.0586564 0.0589817 0.0587384 0.0582205 0.0575771 0.0567295 0.0553319 0.0528299 0.0486601 0.0425552 0.0348021 0.026262
 0.00434758 0.00694436 0.0102616 0.0142791 0.0189992 0.0244068 0.0303826 0.0366562 0.0428369 0.0484891 0.0532103 0.0567063 0.0588546 0.059729 0.0595703 0.058716 0.0575069 0.0561774 0.0547443 0.0529396 0.0502509 0.0461184 0.0402451 0.0328633 0.0247643
