SBPRF35
7.78865
Curr Bio
604359
B35
683447
F35
0.226978
FOFL
0.211839
OFL
102302
Bzero
2.22533e+006
#pred survey bio
 4.35535e+006 4.10513e+006 3.86733e+006 3.5734e+006 3.29104e+006 2.98115e+006 2.66816e+006 2.35768e+006 2.09132e+006 1.82805e+006 1.61771e+006 1.41815e+006 1.25159e+006 1.11668e+006 1.00359e+006 903322 816837 768802 731118 688105 659397 646061 634081 608601 598723 595312 585143 588782 589271 587193 581364 581199 578398 577187 569279 558068 548185 537057 537985 547479 548728 552336 547305 546748 556312 556943 559748 564981 571016 572511 567258 565830 566158 588424 575880 567968 571337 551695 524253 522627 537423 559662 604279 2.23962e+007 1.37188e+007 1.4047e+007 1.45329e+007 1.50881e+007 1.56199e+007 1.60801e+007 1.64538e+007 1.6745e+007 1.69659e+007 1.71306e+007 1.72522e+007 1.73416e+007 1.74073e+007 1.74557e+007 1.74915e+007 1.75181e+007 1.7538e+007 1.75529e+007 1.75641e+007 1.75727e+007 1.75791e+007 1.75841e+007 1.75878e+007 1.75907e+007 1.7593e+007 1.75947e+007 1.7596e+007 1.7597e+007 1.75977e+007 1.75983e+007 1.75988e+007 1.75992e+007 1.75994e+007 1.75997e+007 1.75998e+007 1.76e+007 1.76001e+007 1.76001e+007 1.76002e+007 1.76002e+007 1.76003e+007 1.76003e+007 1.76003e+007 1.76003e+007 1.76004e+007 1.76004e+007 1.76004e+007 1.76004e+007 1.76004e+007 1.76004e+007 1.76004e+007 1.76004e+007 1.76004e+007 1.76004e+007 1.76004e+007 1.76004e+007 1.76004e+007 1.76004e+007 1.76004e+007 1.76004e+007 1.76004e+007 1.76004e+007 1.76004e+007 1.76004e+007 1.76004e+007 1.76004e+007 1.76004e+007 1.76004e+007 1.76004e+007 1.76004e+007 1.76004e+007 1.76004e+007 1.76004e+007 1.76004e+007 1.76004e+007 1.76004e+007 1.76004e+007 1.76004e+007 1.76004e+007 1.76004e+007 1.76004e+007 1.76004e+007 1.76004e+007 1.76004e+007 1.76004e+007 1.76004e+007 1.76004e+007 1.76004e+007 1.76004e+007 1.76004e+007 1.76004e+007 1.76004e+007 1.76004e+007 1.76004e+007 1.76004e+007 1.76004e+007 1.76004e+007 1.76004e+007 1.76004e+007 0 0 0 0 0 0 0 0 0 0 0 0 0 0 0 0 0 0 0 0 0 0 0 0 0
#obs survey bio
 2.82243e+006 3.67184e+006 3.09057e+006 3.09396e+006 2.55353e+006 2.61633e+006 2.15189e+006 1.74061e+006 2.1924e+006 1.53472e+006 1.29927e+006 967520 1.16685e+006 814907 599248 988388 727690 1.01731e+006 599175 499646 732944 662102 932048 897892 417270 530478 419201 547948 626032 488561 565534 430454 719480 519331 483894 838413 458734 543275 717791 626374 596241 576097 499164 705994 421449 559794 658150 677716 493229 518269 600348 481443 816022 603190 655469 676819 928781 617903 507071 424458 498644 547146 625045
#pred catch bio
 90808.7 92872 166590 183698 240043 275611 304528 291902 311572 282150 286778 268723 248500 233366 222298 206819 169875 157254 156837 139930 123565 119383 126968 111239 105485 111063 99433.1 101788 102340 103432 96580.9 96355.5 92110.1 94408.7 93272.3 90325.3 93958.8 88130 83986.3 92010.1 90048.8 96856.6 92137 83408.4 91443 90068.8 88781.6 89289.7 94431.7 101013 98535 97785.4 80238.4 109854 105329 95715.6 113961 119146 98872 89223 87593.5 74151 85985.7 102302 110587 112170 114866 118446 121990 125009 127372 129121 130364 131222 131800 132184 132434 132596 132700 132766 132808 132834 132851 132861 132867 132871 132874 132875 132876 132877 132877 132878 132878 132878 132878 132878 132878 132878 132878 132878 132878 132878 132878 132878 132878 132878 132878 132878 132878 132878 132878 132878 132878 132878 132878 132878 132878 132878 132878 132878 132878 132878 132878 132878 132878 132878 132878 132878 132878 132878 132878 132878 132878 132878 132878 132878 132878 132878 132878 132878 132878 132878 132878 132878 132878 132878 132878 132878 132878 132878 132878 132878 132878 132878 132878 132878 132878 132878 132878 132878 132878 132878 132878 0 0 0 0 0 0 0 0 0 0 0 0 0 0 0 0 0 0 0 0 0 0 0 0 0
#obs catch bio
 0 92578.2 167733 184224 242424 279371 310676 297695 319201 288348 294082 276034 256956 240885 230601 212577 172686 159595 159330 141618 124502 120578 127499 110998 106285 112064 100397 102929 103194 103897 97244.4 97070.3 92266.1 94778.6 93579.1 89877.1 93713.1 87777.9 83543.1 91407.7 89257.2 96346 91824.9 82573.1 90951 89549.8 88172.9 88652.8 94058.5 100776 98315.7 98152.6 79638.8 109777 105245 95241.3 112929 118147 98360.4 88961.3 87730.3 74063.8 86035.5
#pred cpue bio
 4.27549e+006 4.02836e+006 3.79275e+006 3.49998e+006 3.21882e+006 2.91034e+006 2.59908e+006 2.29085e+006 2.02666e+006 1.7661e+006 1.5579e+006 1.36047e+006 1.19562e+006 1.06253e+006 951535 853965 770576 724540 688754 647946 620780 608381 597487 573496 563952 560390 550427 553918 554758 553362 548202 548524 546524 546115 539282 529246 519362 506785 506234 515296 516879 520583 515872 515543 524890 525349 527881 532798 538382 539508 534145 532495 532716 554430 542385 534483 537802 519090 492118 489409 502721 523620 566267 2.10299e+007 1.29027e+007 1.31883e+007 1.36096e+007 1.41401e+007 1.46661e+007 1.51251e+007 1.54987e+007 1.57899e+007 1.60107e+007 1.61754e+007 1.6297e+007 1.63864e+007 1.64522e+007 1.65006e+007 1.65364e+007 1.6563e+007 1.65828e+007 1.65978e+007 1.6609e+007 1.66175e+007 1.6624e+007 1.66289e+007 1.66327e+007 1.66356e+007 1.66378e+007 1.66395e+007 1.66408e+007 1.66418e+007 1.66426e+007 1.66432e+007 1.66437e+007 1.6644e+007 1.66443e+007 1.66445e+007 1.66447e+007 1.66448e+007 1.66449e+007 1.6645e+007 1.6645e+007 1.66451e+007 1.66451e+007 1.66452e+007 1.66452e+007 1.66452e+007 1.66452e+007 1.66452e+007 1.66452e+007 1.66452e+007 1.66452e+007 1.66452e+007 1.66452e+007 1.66452e+007 1.66452e+007 1.66452e+007 1.66453e+007 1.66453e+007 1.66453e+007 1.66453e+007 1.66453e+007 1.66453e+007 1.66453e+007 1.66453e+007 1.66453e+007 1.66453e+007 1.66453e+007 1.66453e+007 1.66453e+007 1.66453e+007 1.66453e+007 1.66453e+007 1.66453e+007 1.66453e+007 1.66453e+007 1.66453e+007 1.66453e+007 1.66453e+007 1.66453e+007 1.66453e+007 1.66453e+007 1.66453e+007 1.66453e+007 1.66453e+007 1.66453e+007 1.66453e+007 1.66453e+007 1.66453e+007 1.66453e+007 1.66453e+007 1.66453e+007 1.66453e+007 1.66453e+007 1.66453e+007 1.66453e+007 1.66453e+007 1.66453e+007 1.66453e+007 1.66453e+007 1.66453e+007 1.66453e+007 0 0 0 0 0 0 0 0 0 0 0 0 0 0 0 0 0 0 0 0 0 0 0 0 0
#obs cpue bio
 4.79856e+006 3.51114e+006 3.1976e+006 3.46057e+006 2.14699e+006 2.12361e+006 1.90712e+006 2.31937e+006 1.63803e+006 1.62244e+006 1.5025e+006 1.28296e+006 566697 1.10009e+006 820182 906559 907548 471819 714375 826058 572571 431537 652439 499552 364105 601986 502858 505707 559320 843016 387895 683105 601241 524132 635865 661454 600840 560344 425395 610705 572497 462687 520037 691315 596898 560849 539378 492400 520517 580154 490952 451452 634295 506091 430013 543105 556113 500710 423559 549745 438442 483573 617724
#pred surv len freq
 0.00462881 0.0075023 0.0112724 0.0159284 0.0213851 0.0274131 0.0335981 0.0394259 0.0444631 0.0484935 0.051523 0.0536964 0.0552071 0.0562353 0.0569026 0.057245 0.0572139 0.0566975 0.0555334 0.0535012 0.0503204 0.0457174 0.0395927 0.032216 0.0242872
 0.00497606 0.00797766 0.0118281 0.0164779 0.0218446 0.0277562 0.0338851 0.0397754 0.0449729 0.0491587 0.0522077 0.0541807 0.0552846 0.0558064 0.0560208 0.0560998 0.0560627 0.0557729 0.0549626 0.0532702 0.050301 0.0457431 0.0395403 0.0320492 0.0240455
 0.00512906 0.00826623 0.0123293 0.0172706 0.0229704 0.0291718 0.0354406 0.0412514 0.0461701 0.0499838 0.0526889 0.0543998 0.0552833 0.0555449 0.0554189 0.0551231 0.054784 0.054364 0.0536236 0.0521439 0.0494257 0.0450678 0.0389836 0.0315564 0.0236088
 0.00537374 0.00864232 0.0128598 0.017975 0.0238756 0.0303187 0.0368703 0.0429658 0.0480863 0.0519174 0.0543947 0.055655 0.0559599 0.0556228 0.0549425 0.0541532 0.0533894 0.0526466 0.0517337 0.0502555 0.0476859 0.0435606 0.037732 0.0305507 0.0228325
 0.00561095 0.00902522 0.0134301 0.0187677 0.0249111 0.0315937 0.0383522 0.0445993 0.0498074 0.0536614 0.056083 0.057173 0.0571537 0.0563307 0.0550453 0.0536085 0.0522338 0.0509795 0.0497022 0.0480396 0.0454749 0.0415203 0.0359784 0.0291419 0.021776
 0.0058445 0.00940731 0.0140103 0.0195955 0.0260283 0.0330207 0.0400712 0.0465446 0.0518705 0.0557104 0.0579876 0.0588194 0.0584448 0.0571754 0.0553517 0.0532954 0.0512586 0.0493657 0.0475521 0.045527 0.0428203 0.0389533 0.0336961 0.0272751 0.0203741
 0.00608687 0.00979901 0.0145967 0.0204202 0.0271293 0.0344211 0.0417669 0.0484929 0.0539873 0.0578767 0.0600623 0.0606574 0.0599147 0.058171 0.0557934 0.0531236 0.0504331 0.0478799 0.0454578 0.0429552 0.0399799 0.0361007 0.0310832 0.0250934 0.0187174
 0.00635735 0.0102344 0.0152444 0.0213234 0.0283213 0.0359157 0.0435465 0.050501 0.0561322 0.0600433 0.0621249 0.0624892 0.0613954 0.0591944 0.0562732 0.0529963 0.0496586 0.0464471 0.0434011 0.0403769 0.0370644 0.0331012 0.028274 0.0227045 0.0168792
 0.00659968 0.0106245 0.0158252 0.0221344 0.0293937 0.0372645 0.0451585 0.0523281 0.0580932 0.0620341 0.0640318 0.0641995 0.0628046 0.0602098 0.0568148 0.0529978 0.0490692 0.0452402 0.04159 0.0380379 0.0343539 0.0302507 0.0255515 0.0203499 0.0150426
 0.00693767 0.0111581 0.0165991 0.0231811 0.0307298 0.0388845 0.0470255 0.0543677 0.060198 0.0640787 0.0658907 0.0657615 0.0639814 0.0609384 0.0570537 0.0527188 0.0482521 0.0438743 0.0396888 0.0356631 0.0316387 0.0274029 0.0228227 0.0179754 0.0131772
 0.00729233 0.0117133 0.0173953 0.0242423 0.0320616 0.0404699 0.0488192 0.0562919 0.0621489 0.0659413 0.0675543 0.0671308 0.0649814 0.0615159 0.0571758 0.052368 0.0474207 0.0425628 0.0379147 0.03348 0.0291583 0.0248023 0.0203226 0.0157882 0.0114483
 0.00764754 0.0122876 0.0182527 0.0254379 0.033628 0.0423979 0.051038 0.0586662 0.0644993 0.0680818 0.0693278 0.0684287 0.065747 0.061737 0.0568715 0.0515746 0.0461785 0.0409111 0.0358963 0.0311575 0.0266347 0.0222312 0.0178931 0.0136827 0.00979125
 0.00787696 0.0126702 0.0188473 0.0263074 0.034829 0.0439618 0.0529485 0.0608439 0.0668035 0.0703286 0.0713201 0.06999 0.0667513 0.0621249 0.056649 0.0507943 0.0449164 0.0392473 0.0339088 0.0289304 0.0242732 0.0198721 0.0156954 0.0117957 0.00831403
 0.00809131 0.0130084 0.019339 0.0269776 0.0356999 0.0450514 0.0542647 0.0623726 0.0684966 0.0720973 0.0730371 0.0715035 0.06791 0.0628072 0.0567851 0.0503749 0.0439846 0.037881 0.0322038 0.0269924 0.0222195 0.0178346 0.0138127 0.0101906 0.0070641
 0.00808687 0.0130424 0.0194658 0.0272725 0.0362391 0.045882 0.0553799 0.0637087 0.0699541 0.07357 0.074431 0.0727378 0.0689087 0.0634942 0.0570911 0.0502523 0.0434215 0.0369074 0.0308878 0.0254313 0.0205309 0.0161473 0.012254 0.00886629 0.00603701
 0.00815603 0.013143 0.0195985 0.027439 0.0364528 0.0461795 0.05582 0.0643536 0.0708348 0.0746567 0.0756283 0.0739112 0.0699251 0.0642526 0.0575297 0.0503407 0.0431514 0.0362918 0.029966 0.0242723 0.0192314 0.0148213 0.0110161 0.00781037 0.00521789
 0.0083448 0.0134275 0.0199842 0.0279142 0.0369907 0.0467436 0.0563729 0.0648671 0.0713014 0.0750931 0.076064 0.0743643 0.0703797 0.0646552 0.0578067 0.0504232 0.0429939 0.0358787 0.0293115 0.0234198 0.0182507 0.0138023 0.0100531 0.00698322 0.00457425
 0.00830934 0.0133851 0.0199481 0.0279047 0.0370282 0.0468381 0.0565169 0.0650382 0.0714743 0.0752563 0.0762292 0.0745626 0.0706441 0.0649977 0.0582024 0.0508108 0.0432938 0.0360185 0.0292474 0.0231479 0.0178072 0.0132533 0.00947903 0.00645802 0.00414867
 0.0082905 0.0133477 0.0198804 0.0277954 0.0368725 0.046647 0.0563211 0.0648813 0.0713973 0.0752799 0.076349 0.0747578 0.0708938 0.0652904 0.0585314 0.0511612 0.0436315 0.0362927 0.0294059 0.0231567 0.0176648 0.0129925 0.00915586 0.00613324 0.00386988
 0.00840877 0.0135231 0.0201122 0.0280696 0.0371636 0.0469222 0.056546 0.0650279 0.0714517 0.0752486 0.0762562 0.0746359 0.070771 0.0651845 0.0584514 0.0511099 0.0436046 0.0362751 0.0293715 0.023077 0.0175221 0.0127901 0.00891798 0.00589523 0.00366383
 0.00848171 0.0136327 0.0202601 0.0282499 0.0373633 0.0471215 0.0567204 0.0651511 0.0715018 0.0752158 0.0761485 0.0744786 0.0705995 0.065033 0.058343 0.0510525 0.0435919 0.03629 0.029391 0.0230768 0.0174836 0.0127075 0.00880065 0.00576391 0.0035413
 0.00834846 0.0134406 0.0200162 0.0279763 0.0370902 0.0468768 0.0565219 0.0650047 0.0714061 0.0751674 0.0761456 0.0745216 0.0706902 0.0651728 0.0585305 0.0512811 0.0438479 0.0365532 0.0296371 0.0232819 0.0176302 0.0127888 0.00882332 0.00574495 0.00350186
 0.00833251 0.0133941 0.0199098 0.0277745 0.0367652 0.0464289 0.0559922 0.0644703 0.0709549 0.0748669 0.0760231 0.0745655 0.0708658 0.0654405 0.0588565 0.0516397 0.044219 0.0369177 0.0299753 0.0235745 0.0178614 0.0129512 0.00892004 0.00578901 0.00351139
 0.00866789 0.0138829 0.0205388 0.02849 0.0374824 0.0470501 0.0564277 0.0646559 0.0708669 0.0745313 0.0755109 0.0739703 0.0702745 0.0649123 0.0584189 0.0512976 0.0439661 0.0367435 0.0298663 0.0235141 0.0178311 0.0129342 0.00890474 0.00577068 0.0034909
 0.00874741 0.0140301 0.0207908 0.0288848 0.0380398 0.0477474 0.0571835 0.0653397 0.0713377 0.0746889 0.0753312 0.073509 0.0696405 0.0642273 0.057783 0.0507709 0.0435689 0.0364678 0.0296897 0.0234104 0.0177756 0.0129064 0.00888956 0.00575941 0.00348024
 0.00874229 0.0140224 0.0207824 0.0288833 0.0380631 0.0478259 0.0573546 0.0656304 0.071741 0.0751472 0.0757456 0.0737743 0.0696899 0.0640593 0.0574565 0.0503748 0.0431861 0.036152 0.029461 0.023263 0.0176908 0.0128626 0.00886869 0.00574909 0.00347384
 0.00878188 0.0140874 0.020881 0.0290226 0.0382472 0.0480533 0.0576176 0.0659179 0.0720421 0.0754522 0.0760387 0.0740245 0.0698492 0.0640779 0.0573071 0.0500708 0.0427801 0.0357157 0.0290587 0.0229347 0.0174488 0.0126988 0.00876547 0.00568766 0.00343886
 0.00856426 0.0137701 0.0204718 0.0285534 0.0377666 0.0476139 0.057265 0.0656862 0.0719538 0.0755184 0.0762577 0.0743793 0.0703045 0.06458 0.0577911 0.0504759 0.0430685 0.035883 0.0291298 0.0229482 0.0174394 0.0126879 0.00876076 0.00568843 0.00344189
 0.00844766 0.0135754 0.0201713 0.0281239 0.0372011 0.0469372 0.0565427 0.0650175 0.0714448 0.075248 0.0762562 0.0746275 0.0707501 0.0651553 0.0584255 0.0511023 0.0436298 0.0363401 0.0294682 0.0231773 0.0175839 0.0127757 0.00881422 0.00572172 0.00346264
 0.00843239 0.0135414 0.0201023 0.0279966 0.0369882 0.0466144 0.0560993 0.0644683 0.0708375 0.0746618 0.075786 0.0743576 0.0707273 0.0653759 0.0588402 0.0516356 0.0442007 0.0368792 0.0299278 0.0235349 0.01784 0.0129462 0.00892121 0.00578577 0.00349945
 0.00835069 0.013429 0.0199698 0.0278642 0.0368765 0.0465308 0.0560299 0.0643794 0.070691 0.0744355 0.0754897 0.0740369 0.0704516 0.0652146 0.0588383 0.0517981 0.0444937 0.0372444 0.0303028 0.0238701 0.0181075 0.0131394 0.00904889 0.00586367 0.00354368
 0.00818821 0.0131768 0.019614 0.0274039 0.0363281 0.0459316 0.0554374 0.0638621 0.0703084 0.0742172 0.0754275 0.0740967 0.070597 0.0654265 0.0591183 0.0521559 0.0449293 0.0377366 0.0308112 0.0243476 0.0185151 0.0134564 0.00927386 0.00600982 0.00363071
 0.00810425 0.0130356 0.0193933 0.027081 0.0358866 0.0453713 0.0547843 0.0631722 0.0696601 0.0736934 0.0750942 0.0739856 0.0706997 0.0657034 0.0595174 0.0526312 0.0454487 0.0382771 0.0313493 0.0248546 0.0189609 0.013818 0.00954257 0.006192 0.00374315
 0.00791134 0.0127485 0.0190098 0.0266139 0.0353571 0.0447995 0.0541848 0.0625589 0.0690569 0.0731424 0.0746548 0.0737211 0.0706578 0.0658989 0.0599266 0.0532011 0.0461137 0.0389757 0.0320316 0.0254824 0.0195053 0.0142602 0.00987578 0.00642287 0.0038892
 0.00781464 0.0125865 0.0187584 0.0262515 0.0348735 0.0442071 0.0535255 0.0618979 0.068463 0.0726663 0.0743197 0.0735309 0.0706125 0.0660039 0.0601877 0.0536119 0.0466478 0.039588 0.0326686 0.026093 0.0200488 0.0147099 0.0102205 0.00666617 0.00404622
 0.00849165 0.0135275 0.0198788 0.0273716 0.0357665 0.0446794 0.0534834 0.0613681 0.067566 0.0715671 0.0731809 0.072482 0.0697368 0.0653401 0.0597433 0.0533769 0.0466018 0.0397006 0.0328982 0.0263905 0.0203648 0.0150032 0.0104638 0.00684807 0.00416894
 0.00916041 0.0145824 0.021396 0.0293732 0.0381853 0.0473223 0.0560212 0.0633873 0.06869 0.0715943 0.0721587 0.070672 0.0675008 0.0630198 0.0575864 0.0515233 0.0451054 0.0385603 0.0320814 0.0258466 0.0200344 0.0148253 0.0103835 0.00682202 0.00416754
 0.00910083 0.0145939 0.0216136 0.0299889 0.0393973 0.0492502 0.0586231 0.0664222 0.0717476 0.0741865 0.0738446 0.0711794 0.0668021 0.0613261 0.0552632 0.0489675 0.042644 0.0364031 0.030325 0.0245042 0.0190679 0.0141708 0.00996833 0.00657661 0.00403315
 0.00878088 0.0141088 0.0209573 0.0292015 0.0385823 0.0485853 0.0583473 0.0667806 0.0728942 0.0760833 0.0762216 0.0735935 0.0687777 0.0625119 0.0555327 0.0484265 0.041555 0.0350745 0.0290174 0.0233834 0.0182036 0.0135618 0.00957368 0.00634114 0.00390408
 0.0086142 0.0138223 0.0204989 0.0285184 0.0376408 0.0474018 0.05702 0.0655015 0.0719253 0.0756933 0.0765973 0.074756 0.0705438 0.0645324 0.0574028 0.0498226 0.0423306 0.0352735 0.0288119 0.0229814 0.017775 0.0132055 0.009323 0.00618719 0.00382056
 0.00861271 0.0138146 0.0204752 0.02846 0.0375171 0.0471706 0.0566359 0.0649369 0.0712001 0.0749006 0.0759032 0.0743601 0.0706055 0.0650952 0.0583582 0.0509406 0.0433476 0.0359928 0.0291644 0.0230203 0.0176214 0.0129836 0.00911825 0.00603726 0.00372785
 0.00853616 0.0137042 0.0203348 0.0283011 0.0373535 0.0470102 0.0564735 0.064752 0.0709634 0.0745889 0.075521 0.0739584 0.0702834 0.0649724 0.0585224 0.0513971 0.0440027 0.036689 0.0297476 0.0234005 0.0177932 0.0130032 0.00906092 0.00596274 0.00366757
 0.00851 0.013666 0.020286 0.0282471 0.0373037 0.0469766 0.0564675 0.0647787 0.0710143 0.074638 0.075529 0.073889 0.0701261 0.0647588 0.0583234 0.0512936 0.0440454 0.0368689 0.0300002 0.0236408 0.0179579 0.013074 0.00905857 0.00592369 0.00362267
 0.00862857 0.0138219 0.0204527 0.0283784 0.0373482 0.0468997 0.0562696 0.0644974 0.0707096 0.0743688 0.0753331 0.0737735 0.0700721 0.0647373 0.0583152 0.051302 0.0440918 0.0369737 0.0301619 0.0238305 0.0181334 0.0132023 0.00912937 0.0059481 0.00362078
 0.008641 0.0138462 0.0204947 0.0284405 0.0374215 0.0469572 0.0562659 0.0643831 0.0704567 0.0739944 0.0749019 0.0733756 0.0697863 0.0646026 0.0583257 0.0514229 0.0442831 0.0372047 0.0304119 0.0240807 0.0183623 0.0133889 0.0092621 0.00602864 0.00366139
 0.00865231 0.013874 0.020554 0.028551 0.0376026 0.0472185 0.0565966 0.0647455 0.0707884 0.0742214 0.0749624 0.0732445 0.0694887 0.0642063 0.0579144 0.0510662 0.0440188 0.0370395 0.0303326 0.0240656 0.0183871 0.0134308 0.00930296 0.00605829 0.00367776
 0.00868709 0.0139198 0.020604 0.0285947 0.0376319 0.0472355 0.0566179 0.0647973 0.0708922 0.0743784 0.0751446 0.0734014 0.0695672 0.0641743 0.0577756 0.0508578 0.0437938 0.0368452 0.0301958 0.0239907 0.0183624 0.0134376 0.00932318 0.00607903 0.00369274
 0.00875001 0.0140115 0.020722 0.0287282 0.0377634 0.0473442 0.0566853 0.0648128 0.0708597 0.0743173 0.0750838 0.0733651 0.0695606 0.0641803 0.0577648 0.0508074 0.0437009 0.0367275 0.0300807 0.023901 0.0183078 0.0134149 0.00932159 0.00608696 0.003702
 0.00875861 0.0140327 0.0207667 0.0288093 0.0378906 0.0475166 0.0568856 0.0650092 0.0710147 0.074402 0.0750886 0.0733022 0.0694572 0.0640645 0.0576542 0.0507044 0.0435986 0.0366204 0.0299717 0.0238007 0.0182277 0.0133605 0.00929123 0.00607382 0.00369839
 0.00875045 0.0140279 0.0207753 0.0288471 0.0379761 0.0476654 0.057104 0.0652879 0.0713269 0.0747055 0.0753346 0.0734489 0.0694832 0.0639757 0.0574784 0.0504788 0.0433566 0.0363848 0.0297559 0.0236128 0.0180739 0.0132441 0.00921106 0.00602412 0.00367081
 0.00882667 0.0141429 0.0209324 0.0290446 0.0382097 0.0479309 0.0573981 0.0656055 0.0716566 0.0750251 0.0756108 0.0736424 0.0695583 0.0639118 0.0572786 0.0501698 0.0429807 0.035988 0.0293773 0.0232791 0.0177995 0.0130335 0.00906084 0.00592532 0.00361136
 0.00875458 0.0140499 0.0208368 0.0289776 0.0382055 0.0480131 0.0575683 0.0658439 0.071932 0.0753078 0.0758794 0.0738809 0.0697505 0.0640381 0.0573198 0.0501158 0.0428375 0.0357777 0.0291322 0.0230326 0.0175781 0.012853 0.0089264 0.00583382 0.0035546
 0.00873405 0.0140068 0.0207555 0.0288423 0.0380099 0.047772 0.0573238 0.0656566 0.0718588 0.0753775 0.0760813 0.0741731 0.0700788 0.0643531 0.057585 0.0503072 0.0429436 0.0357997 0.0290842 0.0229383 0.0174642 0.0127427 0.00883464 0.00576649 0.00351055
 0.00862382 0.0138221 0.0204675 0.0284209 0.0374313 0.047031 0.0564484 0.0647173 0.0709649 0.0746581 0.0756547 0.0741137 0.0703938 0.0649816 0.0584178 0.0512205 0.0438275 0.0365762 0.0297121 0.0234089 0.0177926 0.0129568 0.00896543 0.00584167 0.00355132
 0.00876668 0.0140535 0.0208118 0.0288941 0.0380299 0.0477185 0.0571468 0.065315 0.0713448 0.074738 0.0754185 0.0736185 0.0697502 0.064315 0.0578302 0.0507657 0.0435096 0.0363656 0.0295679 0.0232975 0.0176951 0.0128683 0.00888891 0.00578128 0.00350859
 0.0086601 0.0139175 0.0206766 0.0288126 0.038065 0.0479216 0.0575356 0.0658611 0.0719744 0.0753454 0.0758908 0.073867 0.0697381 0.06407 0.0574319 0.050314 0.0430897 0.0360259 0.029318 0.0231217 0.0175702 0.0127755 0.00881798 0.0057281 0.00347122
 0.00856377 0.0137478 0.0204002 0.0283988 0.0375038 0.0472457 0.056834 0.0652664 0.0716218 0.0753205 0.0761942 0.0744157 0.0703999 0.0647112 0.0579589 0.0506918 0.0433347 0.0361811 0.0294262 0.0232088 0.0176442 0.0128346 0.00885953 0.00575301 0.00348362
 0.0089564 0.0143205 0.0211385 0.0292418 0.038355 0.0479958 0.0573853 0.0655533 0.0716274 0.0750842 0.0758015 0.0739661 0.0699681 0.0643239 0.0575995 0.0503274 0.042945 0.035773 0.0290279 0.0228534 0.0173545 0.0126173 0.0087079 0.00565377 0.00342253
 0.00945377 0.0150966 0.0222418 0.0306852 0.0401009 0.0499413 0.059353 0.0673075 0.072924 0.0757407 0.0757519 0.0732734 0.0687924 0.0628659 0.0560439 0.0488083 0.04154 0.0345184 0.0279404 0.0219435 0.0166272 0.012068 0.00831902 0.00539731 0.00326571
 0.00951904 0.0152243 0.0224745 0.0310763 0.0407031 0.0507849 0.0604232 0.0685307 0.074171 0.0768476 0.076555 0.0736498 0.0686947 0.062334 0.0551893 0.0477751 0.0404631 0.0334969 0.0270328 0.0211767 0.0160093 0.0115954 0.00797908 0.00516952 0.00312464
 0.00945857 0.0151248 0.0223252 0.0308737 0.0404603 0.0505423 0.0602522 0.0685201 0.0743968 0.0773354 0.0772574 0.0744516 0.0694461 0.0628975 0.0554805 0.0477812 0.0402343 0.0331185 0.0265928 0.0207449 0.0156297 0.011289 0.00775046 0.00501185 0.00302466
 0.00945438 0.0151049 0.0222709 0.0307593 0.04026 0.050242 0.0598624 0.0680848 0.0739923 0.0770566 0.0771914 0.0746461 0.0698845 0.0634968 0.0561157 0.0483282 0.0406097 0.0332978 0.0266039 0.0206444 0.0154775 0.0111318 0.00761603 0.00491125 0.00295741
 0.00897347 0.0144031 0.0213624 0.029707 0.039155 0.0491721 0.0588908 0.0672506 0.073328 0.0766057 0.0770123 0.0747974 0.0703986 0.0643536 0.057232 0.0495703 0.0418266 0.0343625 0.0274421 0.0212411 0.0158632 0.011359 0.00773807 0.004971 0.00298393
#obs surv len freq
 nan nan nan nan nan nan nan nan nan nan nan nan nan nan nan nan nan nan nan nan nan nan nan nan nan
 0.00448489 0.0073463 0.0111763 0.0159925 0.021693 0.0279682 0.0342819 0.0400128 0.0446922 0.0481559 0.0505139 0.0520098 0.0529022 0.0534147 0.0537292 0.0539842 0.0542628 0.0545556 0.0546944 0.0542863 0.0527243 0.0493565 0.0438062 0.0362862 0.0276699
 0.00461519 0.00756049 0.0115026 0.0164578 0.0223156 0.0287482 0.035191 0.0409918 0.0456592 0.049023 0.0512039 0.0524678 0.0531004 0.0533527 0.0534292 0.0534836 0.0536052 0.0537837 0.0538472 0.0534009 0.0518395 0.0485154 0.0430537 0.0356603 0.0271914
 0.00477337 0.0078194 0.0118957 0.0170173 0.0230673 0.0297006 0.0363248 0.0422542 0.0469682 0.0502799 0.0523073 0.053327 0.0536454 0.0535422 0.053254 0.052965 0.052788 0.0527268 0.0526168 0.0520668 0.0504765 0.0472032 0.0418714 0.0346732 0.0264356
 0.00496382 0.00813015 0.0123655 0.0176833 0.0239577 0.0308243 0.0376596 0.0437424 0.0485234 0.0518011 0.0536927 0.0544812 0.0544844 0.053998 0.0532819 0.0525494 0.0519456 0.0515058 0.0510918 0.0503344 0.0486515 0.0454119 0.0402387 0.0333008 0.0253808
 0.00518017 0.00848413 0.0129025 0.0184468 0.0249812 0.032118 0.0391968 0.0454546 0.0503103 0.0535493 0.0552928 0.0558369 0.0555136 0.0546319 0.053465 0.0522437 0.0511375 0.0502144 0.0493758 0.0482958 0.0464325 0.0431835 0.038176 0.03155 0.024027
 0.00540958 0.00886053 0.0134754 0.0192649 0.0260828 0.0335169 0.0408667 0.0473237 0.0522706 0.055477 0.0570676 0.0573537 0.0566862 0.0553911 0.0537558 0.0520234 0.0503787 0.0489139 0.0475694 0.046073 0.0439431 0.0406268 0.0357698 0.0294833 0.0224161
 0.00563787 0.00923547 0.014047 0.0200827 0.027187 0.034924 0.0425541 0.0492235 0.0542784 0.0574705 0.0589253 0.0589664 0.0579617 0.0562546 0.0541482 0.0518982 0.0497015 0.0476693 0.045776 0.0438037 0.041341 0.0379011 0.033163 0.0272165 0.0206329
 0.0058848 0.00963969 0.0146606 0.020956 0.0283594 0.0364085 0.0443223 0.0511998 0.0563504 0.0595108 0.0608114 0.0605921 0.05924 0.0571165 0.0545391 0.0517744 0.0490288 0.0464274 0.0439733 0.0415005 0.0386699 0.03507 0.0304254 0.0248126 0.0187265
 0.0061208 0.0100263 0.0152481 0.0217934 0.0294854 0.0378372 0.0460279 0.0531107 0.0583593 0.0614942 0.0626498 0.0621814 0.0604953 0.0579714 0.0549423 0.0516849 0.0484135 0.0452638 0.0422633 0.0392928 0.0360834 0.032301 0.0277221 0.0224183 0.0168134
 0.00637984 0.0104484 0.0158851 0.0226937 0.0306846 0.0393431 0.047805 0.0550757 0.0603931 0.0634655 0.0644366 0.0636839 0.0616383 0.0587019 0.0552235 0.0514906 0.0477224 0.0440614 0.0405528 0.0371171 0.0335497 0.029591 0.0250712 0.0200623 0.0149232
 0.00660649 0.0108247 0.0164658 0.0235342 0.0318289 0.0408054 0.0495517 0.0570198 0.0624081 0.0654114 0.0661849 0.0651313 0.0627109 0.0593522 0.0554253 0.0512303 0.0469929 0.0428605 0.0388911 0.035037 0.0311487 0.0270333 0.0225716 0.0178383 0.0131352
 0.00684789 0.0112158 0.0170519 0.0243574 0.032921 0.0421762 0.0511753 0.0588278 0.0642953 0.0672527 0.0678543 0.0665181 0.0637301 0.059949 0.0555725 0.0509218 0.0462345 0.0416647 0.0372808 0.0330603 0.0288982 0.0246573 0.0202615 0.015788 0.0114877
 0.00707476 0.011591 0.0176279 0.0251852 0.0340381 0.0435882 0.0528394 0.0606502 0.0661485 0.0690035 0.0693875 0.0677459 0.064591 0.0604037 0.055601 0.0505208 0.045414 0.0404451 0.0356951 0.0311631 0.0267802 0.0224536 0.018141 0.0139189 0.00999227
 0.00727516 0.0119228 0.0181385 0.0259225 0.035041 0.0448704 0.0543732 0.0623592 0.0679165 0.0706963 0.0708765 0.0689268 0.065393 0.0607908 0.0555656 0.0500745 0.0445792 0.0392516 0.0341825 0.0293893 0.0248329 0.0204555 0.0162393 0.0122565 0.00867016
 0.00741532 0.0121535 0.0184914 0.0264302 0.0357321 0.045761 0.055457 0.0636012 0.0692545 0.072048 0.0721494 0.0700276 0.0662377 0.0613142 0.0557279 0.0498621 0.044001 0.0383334 0.0329646 0.0279303 0.023216 0.018791 0.0146551 0.0108735 0.00757196
 0.00752234 0.0123255 0.018747 0.0267863 0.0362021 0.0463517 0.0561643 0.0644079 0.0701314 0.0729575 0.0730474 0.0708638 0.0669561 0.0618555 0.0560365 0.0498942 0.0437316 0.0377604 0.0321102 0.026842 0.0219679 0.0174816 0.013396 0.00976847 0.00669237
 0.00757572 0.0124104 0.0188713 0.0269569 0.0364245 0.0466301 0.0565002 0.0648 0.0705758 0.0734479 0.0735747 0.0714122 0.0674994 0.0623549 0.0564418 0.0501499 0.0437866 0.0375788 0.031681 0.0261856 0.0211373 0.0165582 0.0124763 0.00894371 0.006027
 0.0076504 0.0125229 0.0190241 0.0271467 0.0366435 0.0468685 0.0567488 0.065051 0.0708246 0.0736943 0.0738224 0.0716672 0.0677645 0.0626238 0.0566946 0.0503525 0.0438945 0.0375469 0.0314767 0.0258007 0.0205964 0.0159173 0.0118114 0.00833153 0.00552467
 0.00771315 0.0126207 0.0191632 0.0273286 0.0368643 0.047117 0.0570062 0.0652942 0.0710317 0.0738531 0.0739345 0.0717464 0.0678302 0.0626923 0.0567723 0.0504305 0.0439488 0.0375425 0.0313774 0.0255828 0.0202603 0.0154923 0.0113496 0.00789209 0.00515565
 0.0077596 0.0126901 0.0192562 0.0274422 0.0369927 0.0472537 0.057145 0.0654287 0.0711553 0.0739589 0.0740172 0.071805 0.0678695 0.0627219 0.0568023 0.0504656 0.0439831 0.0375577 0.0313473 0.0254824 0.020078 0.0152379 0.0110539 0.00759688 0.00489898
 0.00779087 0.0127374 0.0193205 0.0275218 0.0370828 0.0473474 0.0572342 0.0655055 0.0712146 0.0739996 0.074043 0.0718218 0.0678829 0.0627362 0.05682 0.0504879 0.0440075 0.0375761 0.0313447 0.0254412 0.0199851 0.0150931 0.0108729 0.00740644 0.00472675
 0.00782429 0.0127854 0.0193811 0.0275889 0.0371483 0.0474033 0.0572753 0.0655298 0.0712229 0.073995 0.0740302 0.0718066 0.0678713 0.0627331 0.0568279 0.0505063 0.0440331 0.0376021 0.0313609 0.0254351 0.0199463 0.0150181 0.010769 0.00728968 0.00461609
 0.00787219 0.0128604 0.0194881 0.0277294 0.0373182 0.0475918 0.0574635 0.0656938 0.0713396 0.0740492 0.0740198 0.0717415 0.0677688 0.0626122 0.0567052 0.0503937 0.0439367 0.0375222 0.0312929 0.0253709 0.0198772 0.014939 0.0106806 0.00719932 0.00453377
 0.00785065 0.012829 0.0194479 0.027684 0.0372738 0.0475558 0.0574431 0.0656941 0.0713617 0.0740896 0.0740701 0.0717922 0.0678127 0.0626462 0.0567309 0.0504148 0.0439569 0.0375429 0.0313122 0.025384 0.0198786 0.0149249 0.0106514 0.00716012 0.00449232
 0.00788983 0.0128822 0.0195087 0.0277405 0.0373125 0.0475675 0.0574278 0.0656609 0.0713246 0.074061 0.0740566 0.071793 0.0678217 0.062656 0.0567356 0.0504127 0.0439493 0.0375329 0.0313017 0.0253729 0.0198648 0.0149059 0.0106266 0.00713132 0.00446345
 0.00788613 0.0128789 0.0195084 0.0277457 0.0373237 0.0475802 0.0574322 0.0656451 0.0712813 0.0739936 0.07398 0.0717275 0.0677841 0.0626529 0.0567627 0.0504589 0.0440027 0.0375844 0.0313463 0.0254081 0.0198893 0.0149193 0.0106294 0.00712589 0.00445329
 0.00788301 0.012873 0.019498 0.0277295 0.0373015 0.047554 0.057406 0.0656235 0.0712658 0.0739816 0.0739659 0.0717077 0.0677608 0.0626339 0.0567574 0.0504724 0.0440338 0.0376266 0.0313913 0.0254491 0.0199218 0.0149413 0.0106413 0.00712939 0.00445129
 0.00788611 0.0128725 0.0194871 0.0276989 0.0372421 0.0474617 0.0572854 0.0654884 0.0711359 0.0738764 0.073899 0.0716835 0.0677751 0.062678 0.0568223 0.0505518 0.0441231 0.0377212 0.0314852 0.0255356 0.0199951 0.0149979 0.0106806 0.0071535 0.00446392
 0.00787143 0.0128493 0.0194532 0.027652 0.0371795 0.0473803 0.0571826 0.0653645 0.0709968 0.0737354 0.0737746 0.0715954 0.0677376 0.0626956 0.0568892 0.0506554 0.0442488 0.0378558 0.0316179 0.0256577 0.0201001 0.0150817 0.0107421 0.00719454 0.00448854
 0.00781763 0.0127632 0.0193268 0.0274797 0.0369605 0.0471216 0.0569009 0.0650846 0.0707471 0.0735397 0.073649 0.0715469 0.0677668 0.0627983 0.0570565 0.0508729 0.0444979 0.0381159 0.0318698 0.0258861 0.0202943 0.0152363 0.0108567 0.00727307 0.00453781
 0.00781555 0.0127514 0.0192934 0.0274089 0.0368366 0.0469357 0.0566572 0.0648022 0.0704556 0.0732725 0.0734355 0.0714078 0.067712 0.0628281 0.0571634 0.0510438 0.0447156 0.0383607 0.032121 0.0261243 0.0205041 0.0154079 0.0109868 0.0073639 0.00459595
 0.00778685 0.0127061 0.0192273 0.0273179 0.0367163 0.0467811 0.0564645 0.0645718 0.0701964 0.073004 0.073186 0.071209 0.0675914 0.0628014 0.0572325 0.0511981 0.0449359 0.0386231 0.0324003 0.0263968 0.0207498 0.0156131 0.0111451 0.00747625 0.00466894
 0.00776586 0.0126705 0.0191711 0.027235 0.0366021 0.0466351 0.0562914 0.0643815 0.0700004 0.0728129 0.0730087 0.0710555 0.0674745 0.0627371 0.0572349 0.0512746 0.0450831 0.038827 0.0326394 0.0266461 0.020986 0.0158179 0.0113077 0.00759446 0.00474724
 0.00774111 0.0126305 0.0191115 0.0271517 0.0364921 0.0464976 0.0561295 0.0642027 0.0698166 0.0726376 0.0728551 0.0709334 0.067391 0.0626967 0.0572423 0.0513341 0.0451966 0.0389908 0.0328417 0.0268684 0.0212065 0.0160165 0.0114706 0.00771596 0.00482945
 0.00931908 0.0148388 0.0217756 0.0298893 0.0388244 0.0480272 0.0566808 0.0638478 0.0687919 0.0712235 0.0712876 0.0693723 0.0659283 0.061379 0.0560899 0.0503538 0.0443885 0.0383499 0.0323579 0.0265248 0.0209798 0.0158794 0.0113958 0.00767987 0.00481466
 0.00928601 0.0150801 0.0226589 0.031872 0.0422549 0.052876 0.0623698 0.0693453 0.0729801 0.07334 0.071177 0.0674272 0.0628167 0.0577575 0.0524406 0.0469597 0.041384 0.0357835 0.0302346 0.0248272 0.0196754 0.014923 0.0107318 0.00724688 0.00455153
 0.00896491 0.0145706 0.0219373 0.0309818 0.0413624 0.052309 0.0625806 0.070749 0.0757069 0.0770497 0.0750995 0.0706568 0.0646906 0.0580859 0.0514773 0.0451891 0.0392918 0.0337241 0.028409 0.0233197 0.0184995 0.0140545 0.0101267 0.00685174 0.00431152
 0.008786 0.0142753 0.0214851 0.0303342 0.0404976 0.0512502 0.0614341 0.069734 0.0751422 0.0772682 0.076298 0.0727494 0.0672713 0.0605591 0.0533001 0.0460809 0.0392917 0.0330936 0.0274726 0.022343 0.0176432 0.0133851 0.00964832 0.0065366 0.00412
 0.00873143 0.0141768 0.0213181 0.0300682 0.0401012 0.0507006 0.0607309 0.0689132 0.0742905 0.0765323 0.0758743 0.0728366 0.0679839 0.06184 0.0548965 0.0476247 0.0404488 0.0336944 0.0275465 0.0220558 0.017195 0.0129329 0.00927853 0.00627445 0.00395445
 0.0087029 0.0141293 0.0212439 0.0299574 0.0399413 0.0504769 0.0604285 0.0685221 0.0738135 0.0759956 0.0753399 0.0724066 0.0677864 0.0619887 0.0554318 0.0484693 0.0414162 0.0345586 0.028137 0.0223182 0.0171869 0.0127687 0.00906848 0.00608949 0.00382217
 0.00867639 0.0140857 0.0211771 0.0298616 0.0398118 0.0503114 0.0602283 0.0682909 0.0735554 0.0757143 0.0750422 0.0721117 0.0675358 0.061847 0.0554703 0.0487318 0.0418844 0.0351426 0.0287053 0.022754 0.0174347 0.0128443 0.00903243 0.00600835 0.00374237
 0.00868228 0.0140917 0.0211794 0.0298541 0.0397871 0.0502628 0.0601515 0.0681849 0.0734222 0.0755573 0.0748656 0.0719214 0.0673431 0.0616742 0.0553533 0.0487127 0.0419938 0.0353771 0.0290192 0.0230733 0.0176897 0.0129987 0.00909117 0.00600339 0.00371019
 0.00866992 0.0140761 0.0211641 0.0298443 0.0397873 0.0502737 0.0601674 0.0681945 0.0734125 0.0755183 0.0747933 0.0718185 0.0672174 0.0615386 0.0552262 0.0486189 0.0419596 0.0354206 0.0291377 0.0232395 0.0178609 0.013136 0.00917514 0.00603758 0.00371197
 0.00866649 0.0140678 0.021147 0.0298142 0.0397416 0.0502147 0.0601031 0.068137 0.0733722 0.0754985 0.0747883 0.0718163 0.0672064 0.0615124 0.055187 0.0485774 0.0419326 0.0354254 0.0291846 0.0233251 0.0179676 0.0132393 0.0092551 0.00608625 0.00373349
 0.00865503 0.0140526 0.0211301 0.029799 0.0397312 0.0502092 0.0600994 0.0681297 0.0733574 0.0754767 0.074764 0.0717948 0.0671897 0.061498 0.0551706 0.0485571 0.0419121 0.0354136 0.0291915 0.0233558 0.0180186 0.0132992 0.00931022 0.00612701 0.00375749
 0.00864288 0.0140327 0.0211001 0.0297573 0.0396781 0.0501485 0.0600381 0.0680769 0.0733207 0.0754595 0.0747643 0.0718076 0.0672098 0.0615217 0.0551953 0.0485806 0.0419334 0.0354342 0.029215 0.0233865 0.0180576 0.0133433 0.00935286 0.00616181 0.00378126
 0.00862276 0.0139997 0.0210502 0.0296869 0.0395853 0.0500346 0.0599099 0.0679466 0.0732042 0.0753724 0.0747181 0.0718066 0.0672503 0.0615941 0.055287 0.04868 0.0420313 0.0355252 0.0292971 0.0234601 0.0181238 0.0134021 0.00940263 0.00620065 0.00380841
 0.00862475 0.0140032 0.0210558 0.0296946 0.039594 0.0500414 0.0599095 0.0679331 0.073173 0.0753235 0.0746573 0.0717439 0.0671974 0.0615598 0.0552753 0.048689 0.0420557 0.0355586 0.0293342 0.0234975 0.0181598 0.0134355 0.00943213 0.00622478 0.00382622
 0.00863003 0.0140123 0.0210703 0.0297163 0.0396241 0.0500795 0.0599529 0.067976 0.0732076 0.0753415 0.0746525 0.0717145 0.0671474 0.0614981 0.0552131 0.0486365 0.0420187 0.0355382 0.029328 0.0235016 0.0181703 0.0134493 0.0094466 0.00623797 0.00383679
 0.00863003 0.0140123 0.0210703 0.0297163 0.0396241 0.0500795 0.0599529 0.067976 0.0732076 0.0753415 0.0746525 0.0717145 0.0671474 0.0614981 0.0552131 0.0486365 0.0420187 0.0355382 0.029328 0.0235016 0.0181703 0.0134493 0.0094466 0.00623797 0.00383679
 0.00867533 0.014085 0.0211775 0.029863 0.039811 0.0503004 0.0601923 0.0682095 0.0734067 0.0754802 0.0747132 0.0716914 0.067046 0.0613337 0.0550076 0.0484139 0.0418016 0.0353435 0.0291658 0.023375 0.0180775 0.0133855 0.00940588 0.00621407 0.00382411
 0.00865101 0.0140515 0.0211384 0.0298261 0.0397872 0.0503006 0.0602248 0.068278 0.0735081 0.0756043 0.0748436 0.0718085 0.0671314 0.0613751 0.0550013 0.0483656 0.041724 0.0352525 0.0290761 0.0232974 0.0180172 0.0133431 0.00937897 0.00619872 0.00381635
 0.00848202 0.0137828 0.0207471 0.0292992 0.0391296 0.0495445 0.0594361 0.0675509 0.0729451 0.0752871 0.0748105 0.0720475 0.0675893 0.0619753 0.0556629 0.0490192 0.0423205 0.0357651 0.0294968 0.0236302 0.0182721 0.0135318 0.00951276 0.00628871 0.00387306
 0.00876388 0.0142073 0.0213212 0.0300023 0.0399131 0.0503361 0.0601466 0.0680868 0.07323 0.0752854 0.0745408 0.0715752 0.0670029 0.0613588 0.0550772 0.0484965 0.0418696 0.0353823 0.0291751 0.0233644 0.0180596 0.0133699 0.00939704 0.00621187 0.00382607
 0.00876454 0.0142426 0.021436 0.0302547 0.0403541 0.0509793 0.0609448 0.0689329 0.073986 0.075826 0.0747889 0.0715168 0.0666803 0.0608509 0.0544749 0.0478806 0.0412972 0.0348839 0.02876 0.02303 0.0177985 0.0131737 0.00925705 0.00611822 0.00376806
 0.00865757 0.0140716 0.0211873 0.0299263 0.0399663 0.0505846 0.0606282 0.0687921 0.0740931 0.0761885 0.0753366 0.0721265 0.0672241 0.0612405 0.0546812 0.0479264 0.0412338 0.0347658 0.0286291 0.0229107 0.0177007 0.0130991 0.0092032 0.00608176 0.00374512
 0.00875676 0.0142127 0.0213616 0.0301115 0.0401306 0.0506967 0.0606684 0.0687621 0.0740199 0.07612 0.0753239 0.0721984 0.0673689 0.0614075 0.0548046 0.0479562 0.0411555 0.0346 0.0284162 0.0226918 0.0175056 0.0129427 0.00908837 0.00600393 0.00369643
 0.00902724 0.0146495 0.0220102 0.0310029 0.0412646 0.0520202 0.0620615 0.0700495 0.0750146 0.0766817 0.0754027 0.071841 0.0666877 0.0605342 0.0538494 0.0469901 0.040216 0.0337092 0.0275959 0.0219672 0.0168996 0.0124672 0.00874072 0.00576827 0.00354902
 0.00899113 0.0146202 0.0220212 0.0311061 0.0415188 0.0524723 0.0627248 0.0708897 0.0759479 0.0775866 0.0761458 0.0723104 0.0668249 0.0603477 0.0534048 0.0463801 0.0395297 0.0330143 0.026937 0.0213737 0.016392 0.0120585 0.00843385 0.00555525 0.00341325
 0.00880972 0.0143216 0.0215689 0.0304742 0.040711 0.0515436 0.0617949 0.0701276 0.0755244 0.077613 0.0766295 0.0731526 0.0678565 0.0613858 0.0543033 0.0470586 0.0399739 0.0332557 0.0270273 0.0213651 0.0163284 0.0119732 0.0083502 0.00548655 0.0033642
 0.0087409 0.0141897 0.0213336 0.030086 0.040124 0.0507373 0.0607966 0.069025 0.0744596 0.0767558 0.0761376 0.0731264 0.0683055 0.0622219 0.0553671 0.0481703 0.0409833 0.0340732 0.0276261 0.0217649 0.0165714 0.0121064 0.00841423 0.00551189 0.00337098
 0.00867892 0.0140841 0.0211648 0.0298303 0.0397554 0.050233 0.0601457 0.0682387 0.07358 0.0758619 0.0753413 0.0725556 0.0680733 0.0623901 0.0559205 0.0490154 0.0419759 0.035062 0.028494 0.0224492 0.0170623 0.0124292 0.00860978 0.0056212 0.00342731
#pred catch len freq
 0.00345867 0.00553569 0.00820395 0.0114619 0.0153321 0.0198315 0.0249074 0.0304022 0.0360764 0.041658 0.0468853 0.0515435 0.0554934 0.0586732 0.0610704 0.0626818 0.0634879 0.0634396 0.0624411 0.0603196 0.0568147 0.0516548 0.0447504 0.0364187 0.0274577
 0.0037376 0.00592261 0.00866747 0.0119427 0.0157737 0.0202212 0.0252955 0.0308763 0.0366971 0.0423929 0.0475892 0.052002 0.0555109 0.0581608 0.0600925 0.0614431 0.062265 0.0624832 0.0618867 0.0601465 0.0568752 0.0517581 0.0447549 0.0362817 0.027223
 0.00389726 0.00620207 0.00912001 0.0126176 0.016691 0.0213424 0.0265124 0.0320409 0.0376847 0.0431562 0.0481557 0.0524119 0.0557441 0.05812 0.0596608 0.0605757 0.0610473 0.0611133 0.060592 0.0590862 0.0560875 0.0511786 0.0442844 0.0358529 0.0268251
 0.00412231 0.00654734 0.00960605 0.0132623 0.0175205 0.0223984 0.0278391 0.0336474 0.0394997 0.0450112 0.0498224 0.0536798 0.0564871 0.0583059 0.05931 0.0597212 0.0597378 0.0594462 0.0587279 0.0572163 0.0543722 0.0497048 0.0430689 0.0348774 0.026068
 0.00436487 0.00693079 0.010163 0.0140163 0.0184846 0.0235731 0.0292125 0.0351981 0.0411999 0.046819 0.0516585 0.0554054 0.0579098 0.0592245 0.0595751 0.0592738 0.0586101 0.0577434 0.056611 0.0548849 0.0520364 0.0475475 0.0412159 0.0333896 0.0249519
 0.00461075 0.00732343 0.0107422 0.0148186 0.0195411 0.0249043 0.0308171 0.0370415 0.0432095 0.0488916 0.0536755 0.0572445 0.0594484 0.060334 0.0601227 0.0591424 0.0577335 0.0561379 0.0543876 0.0522384 0.0492143 0.0448062 0.0387737 0.0313906 0.0234502
 0.00487501 0.00774152 0.0113519 0.0156526 0.020628 0.026267 0.0324652 0.0389583 0.0453409 0.0511409 0.0559078 0.059303 0.0611758 0.0615914 0.0607961 0.0591415 0.0569946 0.0546414 0.0521862 0.0494783 0.0461319 0.0416918 0.0359117 0.0289967 0.0216308
