SBPRF35
9.44358
Curr Bio
636443
B35
747918
F35
0.191668
FOFL
0.147852
OFL
69916.3
Bzero
2.69817e+06
#pred survey bio
 4.32231e+06 4.13013e+06 3.93147e+06 3.68944e+06 3.40496e+06 3.10364e+06 2.7809e+06 2.50019e+06 2.214e+06 1.94228e+06 1.7031e+06 1.50741e+06 1.33042e+06 1.17837e+06 1.03585e+06 918307 817003 755780 698473 659747 639433 631837 610255 594496 588998 580660 574056 568716 569498 572594 574799 564381 561531 546646 540692 538611 529145 523404 529254 536443 545180 554588 566150 567764 576492 580640 583331 578762 585306 585655 590292 606837 624661 608688 566501 559165 635235 641658 2.06607e+07 1.25375e+07 1.29424e+07 1.38263e+07 1.49779e+07 1.61797e+07 1.72883e+07 1.82345e+07 1.90013e+07 1.96011e+07 2.0059e+07 2.04029e+07 2.06585e+07 2.08474e+07 2.09867e+07 2.10895e+07 2.11654e+07 2.12217e+07 2.12637e+07 2.12952e+07 2.13189e+07 2.13368e+07 2.13505e+07 2.13609e+07 2.1369e+07 2.13752e+07 2.138e+07 2.13837e+07 2.13866e+07 2.13889e+07 2.13906e+07 2.1392e+07 2.13931e+07 2.1394e+07 2.13947e+07 2.13952e+07 2.13956e+07 2.13959e+07 2.13962e+07 2.13964e+07 2.13966e+07 2.13967e+07 2.13968e+07 2.13969e+07 2.1397e+07 2.1397e+07 2.1397e+07 2.13971e+07 2.13971e+07 2.13971e+07 2.13971e+07 2.13972e+07 2.13972e+07 2.13972e+07 2.13972e+07 2.13972e+07 2.13972e+07 2.13972e+07 2.13972e+07 2.13972e+07 2.13972e+07 2.13972e+07 2.13972e+07 2.13972e+07 2.13972e+07 2.13972e+07 2.13972e+07 2.13972e+07 2.13972e+07 2.13972e+07 2.13972e+07 2.13972e+07 2.13972e+07 2.13972e+07 2.13972e+07 2.13972e+07 2.13972e+07 2.13972e+07 2.13972e+07 2.13972e+07 2.13972e+07 2.13972e+07 2.13972e+07 2.13972e+07 2.13972e+07 2.13972e+07 2.13972e+07 2.13972e+07 2.13972e+07 2.13972e+07 2.13972e+07 2.13972e+07 2.13972e+07 2.13972e+07 2.13972e+07 2.13972e+07 2.13972e+07 2.13972e+07 2.13972e+07 2.13972e+07 0 0 0 0 0 0 0 0 0 0 0 0 0 0 0 0 0 0 0 0 0 0 0 0 0
#obs survey bio
 2.46896e+06 3.46201e+06 4.13694e+06 4.83849e+06 2.50661e+06 3.02068e+06 2.99097e+06 2.29676e+06 1.98240e+06 1.71823e+06 912883 1.30931e+06 977223 879596 1.10846e+06 734614 751320 618339 651926 626608 531417 465100 797401 512144 602624 535640 396075 577921 469656 566807 553327 532467 514510 454544 506574 516923 408433 536099 471970 619369 399410 420945 697019 768888 837560 524337 765038 621881 431177 665080 463419 391692 982739 762454 415396 707122 737069 753070
#pred catch bio
 95315.7 102057 148079 200377 234862 276865 261972 290238 299509 290540 269183 266110 252906 248888 227909 212060 175196 168985 149901 132164 120201 129482 121007 110009 110576 107335 104840 98607.4 95929.8 95649.1 104162 95367.1 102862 92051.1 86214.6 92249.1 92423.5 87394 89262.4 88939.7 88638.1 86661.9 93853.7 86090.9 88383.1 88351 93846.5 85429.8 92976.7 91486.1 83993.7 85503.3 114638 135509 106183 40595 100361 141733 69916.3 89618.5 91428.4 96505.1 104033 112125 119555 125785 130706 134431 137165 139124 140502 141457 142113 142558 142858 143060 143195 143284 143344 143383 143409 143426 143437 143445 143450 143453 143455 143456 143457 143458 143458 143458 143458 143459 143459 143459 143459 143459 143459 143459 143459 143459 143459 143459 143459 143459 143459 143459 143459 143459 143459 143459 143459 143459 143459 143459 143459 143459 143459 143459 143459 143459 143459 143459 143459 143459 143459 143459 143459 143459 143459 143459 143459 143459 143459 143459 143459 143459 143459 143459 143459 143459 143459 143459 143459 143459 143459 143459 143459 143459 143459 143459 143459 143459 143459 143459 143459 143459 0 0 0 0 0 0 0 0 0 0 0 0 0 0 0 0 0 0 0 0 0 0 0 0 0
#obs catch bio
 0 101952 148372 200849 235696 278953 262342 291338 301260 293156 273578 272275 259888 255820 234340 218458 179087 173523 153111 135267 122883 133108 122907 111754 112418 108790 106655 99872.2 97275.2 96925.4 105706 96277.2 104387 93257.9 87011.5 92892.7 93293.1 88173.9 90102.8 89004.5 89122.7 86913.8 94002.9 85928.2 87715 87553.4 92749.1 84359.8 92914.4 91474.8 84187 85533 114582 135749 107515 40087.9 100851 142224
#pred cpue bio
 4.26131e+06 4.07253e+06 3.87721e+06 3.63716e+06 3.35414e+06 3.05428e+06 2.73336e+06 2.45406e+06 2.16927e+06 1.89886e+06 1.66072e+06 1.46575e+06 1.2899e+06 1.13932e+06 998711 883032 783718 723799 668011 630397 610698 603461 582932 568061 562957 555077 548836 543791 544738 547964 550433 540702 538261 524150 518881 517347 507625 500501 505080 512102 521037 530496 542051 544056 553043 557492 560276 555726 561617 561380 565525 581413 598722 583152 541534 533652 607848 615521 1.98387e+07 1.20523e+07 1.23546e+07 1.31082e+07 1.42085e+07 1.53966e+07 1.65022e+07 1.74477e+07 1.82144e+07 1.88142e+07 1.92721e+07 1.9616e+07 1.98716e+07 2.00605e+07 2.01998e+07 2.03025e+07 2.03785e+07 2.04348e+07 2.04768e+07 2.05082e+07 2.05319e+07 2.05499e+07 2.05636e+07 2.0574e+07 2.05821e+07 2.05883e+07 2.05931e+07 2.05968e+07 2.05997e+07 2.0602e+07 2.06037e+07 2.06051e+07 2.06062e+07 2.06071e+07 2.06077e+07 2.06083e+07 2.06087e+07 2.0609e+07 2.06093e+07 2.06095e+07 2.06097e+07 2.06098e+07 2.06099e+07 2.061e+07 2.061e+07 2.06101e+07 2.06101e+07 2.06102e+07 2.06102e+07 2.06102e+07 2.06102e+07 2.06102e+07 2.06103e+07 2.06103e+07 2.06103e+07 2.06103e+07 2.06103e+07 2.06103e+07 2.06103e+07 2.06103e+07 2.06103e+07 2.06103e+07 2.06103e+07 2.06103e+07 2.06103e+07 2.06103e+07 2.06103e+07 2.06103e+07 2.06103e+07 2.06103e+07 2.06103e+07 2.06103e+07 2.06103e+07 2.06103e+07 2.06103e+07 2.06103e+07 2.06103e+07 2.06103e+07 2.06103e+07 2.06103e+07 2.06103e+07 2.06103e+07 2.06103e+07 2.06103e+07 2.06103e+07 2.06103e+07 2.06103e+07 2.06103e+07 2.06103e+07 2.06103e+07 2.06103e+07 2.06103e+07 2.06103e+07 2.06103e+07 2.06103e+07 2.06103e+07 2.06103e+07 2.06103e+07 2.06103e+07 2.06103e+07 0 0 0 0 0 0 0 0 0 0 0 0 0 0 0 0 0 0 0 0 0 0 0 0 0
#obs cpue bio
 3.66405e+06 3.95342e+06 4.2355e+06 3.33605e+06 2.95897e+06 2.43921e+06 3.95135e+06 2.50705e+06 1.91572e+06 1.49785e+06 1.34305e+06 938244 971110 1.26494e+06 615273 732387 692526 546391 608222 363368 463217 532683 628118 434798 441614 565670 485974 531001 474521 450721 528012 542165 435387 469296 563766 667868 490744 396530 511178 793140 466525 745081 573548 460599 729088 750081 677488 582417 340178 474045 505121 918201 525488 455871 395746 533386 630006 558077
#pred surv len freq
 0.00440718 0.0072401 0.0110559 0.0158896 0.0216563 0.0280585 0.0345645 0.0405474 0.0455213 0.049296 0.0519551 0.053723 0.0548442 0.0555187 0.0558769 0.0559746 0.0558036 0.0553049 0.05436 0.0527525 0.0501437 0.0461415 0.0405037 0.0333899 0.0254708
 0.00450222 0.00732999 0.0110761 0.0157518 0.0212856 0.0274443 0.033792 0.0397782 0.0449243 0.0489675 0.0518775 0.0537875 0.0549179 0.0555162 0.0558006 0.0559094 0.0558724 0.0556055 0.05491 0.0534707 0.0508802 0.0467428 0.0408771 0.0335321 0.025448
 0.00470837 0.00765265 0.011533 0.0163368 0.0219542 0.0281031 0.0343057 0.0400076 0.0447889 0.0484957 0.0512023 0.0530806 0.0543041 0.0550289 0.0554041 0.0555618 0.0555766 0.0554121 0.0548747 0.0536026 0.0511194 0.046986 0.0410316 0.0335592 0.02537
 0.00490256 0.00797364 0.0120252 0.0170428 0.022902 0.0292856 0.0356578 0.0413958 0.0460258 0.049385 0.0516003 0.0529476 0.0537167 0.0541408 0.0543778 0.0545153 0.0545749 0.0544918 0.0540675 0.0529321 0.0505839 0.0465521 0.0406531 0.0332063 0.0250434
 0.00510953 0.00830998 0.012532 0.01776 0.0238635 0.030509 0.0371294 0.0430572 0.0477676 0.0510503 0.0530014 0.0538992 0.0540828 0.0538783 0.0535514 0.0532711 0.0530875 0.0529165 0.052519 0.0514859 0.0492842 0.0454186 0.0396896 0.032411 0.0244151
 0.00530981 0.00863891 0.0130335 0.018478 0.0248344 0.0317499 0.0386255 0.0447563 0.0495847 0.0528773 0.0547122 0.0553509 0.0551223 0.0543652 0.0533955 0.0524667 0.0517223 0.0511482 0.0505317 0.0494507 0.0473373 0.043658 0.0381795 0.0311867 0.0234846
 0.0056111 0.0091124 0.0137164 0.0193961 0.0260005 0.0331609 0.0402559 0.0465533 0.0514702 0.0547561 0.0564814 0.0569036 0.0563467 0.0551446 0.053618 0.0520481 0.050638 0.049456 0.0483712 0.0470167 0.044842 0.0412961 0.0361034 0.0294931 0.0222082
 0.00592658 0.0096157 0.0144554 0.0204075 0.0273019 0.0347394 0.0420589 0.0484886 0.0534241 0.0566189 0.058165 0.0583416 0.0574814 0.0559114 0.0539377 0.0518335 0.0498163 0.0480019 0.0463373 0.0445446 0.0421454 0.0386199 0.0336743 0.0274751 0.0206775
 0.00628123 0.0101869 0.0153047 0.0215873 0.0288443 0.0366392 0.0442557 0.0508629 0.055814 0.0588541 0.0600999 0.0598745 0.0585557 0.0565019 0.0540291 0.0514023 0.0488265 0.046423 0.0441794 0.0418949 0.0391834 0.0355973 0.030861 0.0250926 0.018848
 0.00669517 0.0108446 0.0162662 0.0228988 0.0305306 0.0386919 0.0466184 0.0534242 0.0584176 0.0613232 0.0622652 0.0615962 0.0597364 0.0570904 0.0540128 0.05079 0.0476303 0.0446525 0.0418583 0.0390951 0.0360564 0.0323767 0.0278227 0.0224843 0.016822
 0.00709228 0.0114846 0.0172186 0.0242227 0.0322618 0.0408241 0.0490845 0.0560925 0.0611124 0.0638597 0.0644795 0.0633593 0.0609549 0.0577044 0.0539933 0.0501351 0.0463575 0.0427921 0.0394576 0.0362374 0.0328874 0.0291147 0.0247317 0.0198118 0.0147299
 0.00734526 0.0119104 0.0178863 0.0252061 0.0336242 0.042594 0.0512308 0.0585148 0.0636546 0.06634 0.0667215 0.0652136 0.0623093 0.0584851 0.0541611 0.049678 0.0452844 0.0411307 0.0372589 0.0335902 0.0299358 0.0260645 0.0218288 0.0172887 0.0127432
 0.0075833 0.0122972 0.0184691 0.0260316 0.0347336 0.0440124 0.0529526 0.0604927 0.0657968 0.0685186 0.0687875 0.0670153 0.0637116 0.0593849 0.0544937 0.0494151 0.044427 0.0397038 0.0353133 0.0312132 0.0272656 0.0232937 0.0191837 0.0149827 0.0109212
 0.00779561 0.0126437 0.0189932 0.0267743 0.0357259 0.045263 0.0544371 0.0621499 0.0675398 0.0702513 0.0704167 0.068453 0.0648731 0.0601886 0.0548676 0.0493055 0.0438055 0.0385708 0.0337025 0.0291994 0.0249727 0.0208951 0.0168822 0.0129686 0.00932488
 0.00801716 0.0130061 0.0195424 0.0275537 0.0367662 0.0465682 0.0559691 0.0638255 0.0692433 0.0718597 0.0718233 0.069581 0.0656752 0.0606393 0.0549513 0.0490087 0.0431155 0.0374834 0.0322345 0.0274031 0.0229474 0.0187868 0.0148646 0.0112058 0.00792855
 0.00818221 0.0132782 0.0199591 0.0281527 0.0375786 0.0476065 0.0572147 0.0652222 0.0707028 0.0732761 0.0730909 0.0706093 0.0664 0.061026 0.0549913 0.0487091 0.0424887 0.0365423 0.0309987 0.0259124 0.0212768 0.0170506 0.0132026 0.00975214 0.00677583
 0.00839174 0.0136062 0.0204294 0.0287799 0.0383669 0.048548 0.0582851 0.0663776 0.0718815 0.0744054 0.0740962 0.0714218 0.0669634 0.0613026 0.0549647 0.0483825 0.0418792 0.0356746 0.0299029 0.02463 0.0198704 0.0156095 0.0118348 0.00856154 0.00583413
 0.00843863 0.0136876 0.0205615 0.0289811 0.0386544 0.048932 0.0587642 0.066938 0.0725013 0.07506 0.0747594 0.0720631 0.0675438 0.0617745 0.0552783 0.0484948 0.0417622 0.0353196 0.0293212 0.0238533 0.0189523 0.0146254 0.0108737 0.007709 0.00515085
 0.00857363 0.0138918 0.0208407 0.0293314 0.0390649 0.0493884 0.059251 0.0674378 0.0729934 0.0755218 0.0751697 0.0724056 0.0678076 0.0619512 0.0553572 0.0484599 0.0415942 0.035002 0.0288487 0.0232391 0.0182318 0.013855 0.0101224 0.00704311 0.00461747
 0.00868781 0.0140648 0.0210771 0.0296263 0.0394041 0.0497509 0.0596117 0.0677712 0.0732798 0.0757524 0.0753481 0.0725424 0.0679129 0.0620282 0.0553997 0.0484536 0.0415191 0.0348372 0.0285785 0.0228611 0.0177629 0.0133324 0.00959753 0.00656838 0.00423182
 0.00868752 0.0140684 0.0210898 0.0296552 0.0394557 0.0498281 0.0597112 0.0678845 0.0733966 0.0758656 0.075457 0.0726526 0.0680319 0.06216 0.0555399 0.0485877 0.0416242 0.0348864 0.0285481 0.0227374 0.0175492 0.0130511 0.0092858 0.00626829 0.00397778
 0.00848294 0.0137686 0.0207 0.0292028 0.0389846 0.0493876 0.0593465 0.0676312 0.0732777 0.0758894 0.0756161 0.0729266 0.068393 0.0625786 0.0559872 0.0490352 0.0420427 0.035246 0.0288216 0.0229059 0.017608 0.0130133 0.0091801 0.00613121 0.003843
 0.00851419 0.0137945 0.0206947 0.0291306 0.0388144 0.0491129 0.0589985 0.0672743 0.0729864 0.0757193 0.0755863 0.0730217 0.0685785 0.0628176 0.0562506 0.0493025 0.0422983 0.0354746 0.0290065 0.0230316 0.0176657 0.0130055 0.00912173 0.00604543 0.00375365
 0.00860679 0.0139273 0.0208601 0.0293062 0.0389646 0.049194 0.0589693 0.067109 0.0726894 0.0753332 0.075185 0.072686 0.0683681 0.0627532 0.0563158 0.0494592 0.0425035 0.0356909 0.0292047 0.0231906 0.0177725 0.013057 0.00912551 0.00601693 0.003711
 0.00855178 0.0138534 0.0207768 0.0292304 0.0389129 0.0491727 0.0589663 0.0670953 0.0726299 0.0752033 0.0749854 0.0724476 0.0681441 0.0626009 0.056275 0.0495395 0.0426839 0.0359317 0.0294615 0.0234259 0.0179612 0.013188 0.0092008 0.00604801 0.00371385
 0.00859111 0.0139006 0.0208181 0.0292451 0.0388824 0.0490924 0.0588518 0.0669771 0.0725369 0.0751455 0.0749485 0.0724043 0.068074 0.062506 0.0561806 0.0494809 0.0426881 0.0360045 0.0295871 0.0235753 0.0181044 0.0133035 0.00927915 0.00609134 0.00373122
 0.0085767 0.0138862 0.0208121 0.0292578 0.0389201 0.0491493 0.0589077 0.067004 0.0725136 0.0750706 0.0748408 0.0722908 0.0679744 0.0624257 0.0561168 0.0494335 0.0426647 0.0360156 0.0296373 0.0236572 0.018201 0.0133952 0.0093518 0.00613955 0.00375753
 0.00856192 0.0138596 0.020768 0.0291915 0.0388311 0.0490454 0.0588052 0.0669229 0.0724677 0.07506 0.0748524 0.0723077 0.0679863 0.0624323 0.0561243 0.0494482 0.0426909 0.0360565 0.0296949 0.0237305 0.0182835 0.0134766 0.00942141 0.00619101 0.00379018
 0.00851847 0.0137884 0.0206599 0.0290383 0.0386275 0.0487932 0.0585175 0.0666257 0.0721971 0.0748536 0.0747393 0.0722993 0.0680739 0.0625923 0.0563277 0.0496695 0.0429127 0.0362689 0.0298928 0.0239108 0.0184432 0.0136116 0.00952841 0.0062688 0.00384122
 0.00838371 0.0135888 0.0203956 0.0287215 0.0382787 0.0484345 0.0581681 0.0663023 0.0719165 0.0746351 0.074604 0.072266 0.0681528 0.0627796 0.0566041 0.0500044 0.0432721 0.0366229 0.03022 0.0241986 0.0186854 0.0138061 0.0096761 0.00637349 0.00390955
 0.00825928 0.0133905 0.0201059 0.0283303 0.0377889 0.0478687 0.0575726 0.0657415 0.0714569 0.0743256 0.0744645 0.0722899 0.0683187 0.0630623 0.0569784 0.0504439 0.0437467 0.0371008 0.0306714 0.0246001 0.0190225 0.0140734 0.00987549 0.00651244 0.00399919
 0.00826822 0.0133983 0.0201045 0.0283067 0.037727 0.047753 0.0573937 0.0655008 0.0711704 0.0740232 0.074184 0.072068 0.068181 0.0630194 0.0570274 0.0505733 0.04394 0.0373377 0.0309289 0.0248547 0.0192541 0.0142679 0.0100265 0.00662066 0.00407046
 0.00813265 0.013199 0.0198436 0.0279991 0.0373953 0.0474191 0.0570733 0.0652028 0.0709008 0.0737903 0.0740012 0.0719533 0.0681528 0.0630904 0.0571994 0.0508354 0.0442707 0.0377094 0.0313121 0.0252218 0.0195819 0.0145404 0.0102367 0.00677029 0.00416831
 0.00800866 0.0130149 0.0195998 0.027709 0.0370836 0.0471171 0.0568128 0.0650102 0.0707898 0.0737564 0.0740238 0.0720049 0.0682131 0.0631549 0.0572786 0.050946 0.0444251 0.0379086 0.031545 0.0254688 0.0198207 0.0147515 0.0104074 0.00689633 0.00425305
 0.00802587 0.0130044 0.0195146 0.0274863 0.036667 0.0464886 0.0560173 0.0641539 0.0700087 0.0731711 0.0737044 0.0719597 0.0684011 0.0635093 0.0577317 0.0514445 0.0449353 0.0384109 0.0320261 0.0259147 0.020216 0.0150825 0.010666 0.00708316 0.00437686
 0.00869982 0.0139531 0.020668 0.0286812 0.0376854 0.0471248 0.0561395 0.0637345 0.0691224 0.0719725 0.0723916 0.0707296 0.0674034 0.0628183 0.0573458 0.0513104 0.0449798 0.0385666 0.0322414 0.0261535 0.020452 0.0152959 0.0108432 0.00721761 0.00446959
 0.00936654 0.0150199 0.0222315 0.0307924 0.0403067 0.0500821 0.0590983 0.0662444 0.0707409 0.0724174 0.0716374 0.0689967 0.0650594 0.0602529 0.0548749 0.0491328 0.043181 0.03715 0.0311664 0.0253646 0.0198943 0.0149196 0.0106035 0.00707514 0.00439129
 0.00924355 0.0149401 0.0223336 0.0312794 0.0413924 0.051902 0.0616246 0.0692492 0.0738275 0.0751089 0.0734935 0.0697274 0.0646003 0.0587718 0.0527046 0.0466602 0.0407428 0.0349738 0.029363 0.0239554 0.0188477 0.0141798 0.0101078 0.00676279 0.00420779
 0.00879162 0.0142609 0.0214231 0.0301931 0.0402584 0.0509249 0.0610679 0.069379 0.074817 0.0769379 0.0759061 0.0722859 0.0668195 0.0602729 0.0533201 0.0464519 0.0399394 0.0338671 0.0282128 0.0229359 0.0180399 0.0135944 0.00971532 0.00651838 0.00406669
 0.00863624 0.013975 0.0209344 0.029423 0.0391535 0.0495029 0.0594586 0.0678294 0.0736454 0.0764472 0.0762849 0.073533 0.0687237 0.0624632 0.0553775 0.0480402 0.0408971 0.0342223 0.0281267 0.0226137 0.0176562 0.0132568 0.00946667 0.00635805 0.00397436
 0.00858293 0.0138831 0.0207837 0.0291839 0.0387853 0.0489572 0.0586934 0.0668368 0.0724857 0.0752708 0.0753195 0.0730255 0.0688505 0.0632509 0.0566752 0.0495651 0.0423356 0.035338 0.0288232 0.0229301 0.0177108 0.0131802 0.00935595 0.00626426 0.00391236
 0.00845833 0.0136989 0.02054 0.0288912 0.0384583 0.0486058 0.0583146 0.0664138 0.0719951 0.0747008 0.0746948 0.0724269 0.0684126 0.0631232 0.0569579 0.0502516 0.0432987 0.0363754 0.0297377 0.0235996 0.0181129 0.0133681 0.00941191 0.00625996 0.00389206
 0.00827438 0.0134143 0.0201399 0.0283746 0.0378412 0.0479237 0.0576217 0.0657746 0.0714672 0.0743147 0.0744464 0.072291 0.0683713 0.0631909 0.0571827 0.0506861 0.0439561 0.0371999 0.0306142 0.0243977 0.0187387 0.0137914 0.00965862 0.00638351 0.00394505
 0.0081731 0.0132526 0.0199024 0.02805 0.0374255 0.047425 0.0570655 0.0652042 0.0709375 0.0738791 0.0741427 0.0721323 0.0683473 0.0632806 0.0573716 0.0509769 0.0443622 0.0377224 0.0312208 0.0250218 0.0193018 0.014235 0.00996332 0.00656594 0.00404034
 0.00813062 0.0131653 0.0197381 0.0277688 0.036992 0.0468256 0.0563233 0.0643821 0.0701246 0.0731688 0.0736116 0.0718284 0.0682849 0.0634432 0.0577213 0.051468 0.0449534 0.0383802 0.0319126 0.0257062 0.019929 0.0147585 0.0103564 0.00682949 0.00419754
 0.00818454 0.0132401 0.0198251 0.0278478 0.0370313 0.0467853 0.0561626 0.0640709 0.0696573 0.0725762 0.0729612 0.0712097 0.067786 0.0631276 0.0576164 0.051566 0.0452222 0.038776 0.0323881 0.0262138 0.0204214 0.0151932 0.0107032 0.00707772 0.00435601
 0.00829349 0.013402 0.0200397 0.0281033 0.0373046 0.0470444 0.0563691 0.0641818 0.0696317 0.0723849 0.0726001 0.0707079 0.0672057 0.0625517 0.0571279 0.0512277 0.0450635 0.0387921 0.0325478 0.0264707 0.020724 0.0154932 0.0109635 0.00727747 0.00449189
 0.00860559 0.0138662 0.0206573 0.0288452 0.0381169 0.0478598 0.0571155 0.0647882 0.0700334 0.0725326 0.0724684 0.0703021 0.0665627 0.0617386 0.0562341 0.0503515 0.0442929 0.0381884 0.0321356 0.0262395 0.0206376 0.0155034 0.0110228 0.00734872 0.00455289
 0.00865346 0.0139719 0.0208656 0.0292092 0.0386776 0.0486178 0.0580107 0.0657046 0.0708324 0.0730969 0.0727318 0.0702536 0.0662323 0.06118 0.0555147 0.0495483 0.0434882 0.0374588 0.0315394 0.0258054 0.0203627 0.0153594 0.0109693 0.00734575 0.00457001
 0.00864208 0.0139674 0.0208866 0.0292864 0.0388519 0.0489327 0.0584989 0.0663709 0.0716372 0.0739504 0.0735079 0.0708233 0.0665019 0.0611159 0.055145 0.048946 0.0427492 0.0366826 0.0308138 0.0251945 0.0198992 0.0150444 0.0107795 0.00724626 0.00452602
 0.00865803 0.0139833 0.0208932 0.0292719 0.0388101 0.0488726 0.0584525 0.0663898 0.0717774 0.0742486 0.0739597 0.0713735 0.0670542 0.0615603 0.0553924 0.0489552 0.0425347 0.0363042 0.0303544 0.0247358 0.019503 0.0147437 0.0105781 0.00712785 0.00446562
 0.00853559 0.0138028 0.0206558 0.0289897 0.0385015 0.0485566 0.058146 0.0661124 0.0715585 0.0741308 0.073991 0.0715883 0.0674519 0.0620926 0.0559711 0.0494779 0.042919 0.0365121 0.0303974 0.024662 0.0193736 0.0146107 0.010473 0.00706 0.00442972
 0.00845015 0.0136616 0.0204403 0.0286846 0.0381018 0.0480767 0.0576251 0.0656099 0.071139 0.0738461 0.0738712 0.0716442 0.0676812 0.0624805 0.0564832 0.0500557 0.0434869 0.0369972 0.0307524 0.0248774 0.0194735 0.0146363 0.010464 0.00704345 0.00441787
 0.00878321 0.0141574 0.0210998 0.0294749 0.0389603 0.0489218 0.0583677 0.0661652 0.0714416 0.0738662 0.0736231 0.0711818 0.0670822 0.0618286 0.0558519 0.049496 0.0430194 0.0366133 0.0304266 0.0245845 0.0192023 0.0143918 0.0102592 0.00688836 0.00431307
 0.00906423 0.0146442 0.0218833 0.0306453 0.040571 0.0509395 0.0606351 0.0684109 0.0733459 0.0751557 0.0741441 0.0709233 0.0661529 0.06041 0.0541509 0.0477055 0.0412929 0.0350522 0.0290813 0.0234667 0.0183018 0.0136904 0.00973667 0.0065216 0.00407433
 0.00872878 0.0141699 0.0213052 0.0300519 0.0400938 0.050726 0.0608147 0.0690571 0.0744412 0.0765722 0.0756597 0.0722791 0.0671313 0.0608953 0.0541462 0.0473072 0.0406433 0.0342939 0.0283268 0.0227875 0.0177324 0.0132394 0.00939809 0.00628226 0.00391679
 0.00788053 0.0128204 0.0193379 0.0274023 0.0367906 0.0469422 0.0569015 0.0655177 0.0718215 0.0753022 0.0759225 0.0739662 0.0698923 0.0642523 0.0576236 0.050535 0.0434049 0.036518 0.0300422 0.0240698 0.0186652 0.013897 0.00984239 0.00656604 0.00408601
 0.00752418 0.0122694 0.0185584 0.0263737 0.0355 0.0453815 0.0550817 0.0634995 0.0697495 0.0734162 0.0745232 0.0733336 0.0701882 0.0654526 0.0595192 0.0528009 0.0457034 0.0385877 0.0317399 0.0253627 0.0195931 0.0145305 0.010255 0.0068213 0.00423456
#obs surv len freq
 nan nan nan nan nan nan nan nan nan nan nan nan nan nan nan nan nan nan nan nan nan nan nan nan nan
 0.00448352 0.00734432 0.0111738 0.0159897 0.0216901 0.0279655 0.0342796 0.0400111 0.044691 0.0481553 0.0505137 0.0520102 0.052903 0.0534158 0.0537305 0.0539857 0.0542645 0.0545574 0.0546963 0.0542882 0.0527262 0.0493583 0.0438078 0.0362876 0.0276709
 0.00461628 0.00756178 0.0115037 0.016458 0.0223143 0.0287451 0.0351863 0.0409864 0.045654 0.0490191 0.0512015 0.0524668 0.0531006 0.0533537 0.0534307 0.0534855 0.0536073 0.053786 0.0538496 0.0534033 0.0518419 0.0485177 0.0430557 0.0356619 0.0271927
 0.00477933 0.00782926 0.0119108 0.0170388 0.0230956 0.0297349 0.0363626 0.0422913 0.0470002 0.0503033 0.0523205 0.0533301 0.0536399 0.0535299 0.0532366 0.052944 0.0527645 0.0527017 0.0525907 0.0520403 0.0504505 0.0471787 0.0418496 0.0346551 0.0264218
 0.00497072 0.00814149 0.0123828 0.0177081 0.0239912 0.0308669 0.0377104 0.0437984 0.0485801 0.051853 0.0537343 0.0545082 0.0544949 0.0539923 0.0532621 0.0525185 0.0519068 0.0514616 0.0510443 0.0502855 0.048603 0.0453661 0.0401978 0.0332668 0.0253549
 0.00518693 0.00849578 0.0129212 0.0184751 0.0250213 0.0321708 0.0392612 0.0455273 0.0503862 0.0536225 0.0553571 0.055887 0.0555452 0.0546423 0.0534536 0.0522122 0.0510891 0.0501532 0.0493061 0.0482215 0.0463576 0.043112 0.0381119 0.0314966 0.0239862
 0.00539462 0.00883771 0.013444 0.0192256 0.0260382 0.0334711 0.0408257 0.0472944 0.0522596 0.0554881 0.0571009 0.0574052 0.0567485 0.0554556 0.0538142 0.0520695 0.0504091 0.0489282 0.0475699 0.0460633 0.043927 0.040608 0.0357512 0.0294671 0.0224034
 0.00564255 0.00924081 0.0140509 0.0200819 0.0271783 0.0349055 0.042527 0.0491922 0.0542493 0.0574504 0.0589196 0.0589779 0.0579895 0.0562948 0.0541941 0.0519422 0.0497369 0.0476913 0.0457831 0.0437973 0.0413245 0.037879 0.0331397 0.0271954 0.020616
 0.00588836 0.00964383 0.0146637 0.0209552 0.028351 0.036389 0.0442893 0.0511531 0.0562931 0.0594495 0.0607553 0.0605509 0.0592214 0.0571238 0.0545703 0.051823 0.0490858 0.0464837 0.0440217 0.0415371 0.0386941 0.0350838 0.0304318 0.0248147 0.0187265
 0.00612843 0.0100397 0.01527 0.0218262 0.0295303 0.0378922 0.0460867 0.0531633 0.0583945 0.0615038 0.0626313 0.0621392 0.0604394 0.0579141 0.0548944 0.0516529 0.0483978 0.0452603 0.042265 0.0392931 0.0360784 0.03229 0.0277072 0.0224025 0.0167994
 0.00638177 0.0104526 0.0158933 0.0227086 0.0307091 0.0393795 0.047854 0.0551351 0.0604571 0.0635251 0.0644814 0.0637048 0.0616314 0.0586696 0.0551744 0.0514357 0.0476718 0.0440207 0.0405223 0.0370936 0.033529 0.0295703 0.0250502 0.0200423 0.0149062
 0.00663304 0.0108659 0.0165239 0.0236099 0.0319214 0.0409119 0.0496675 0.057138 0.0625203 0.0655086 0.0662583 0.0651732 0.0627159 0.0593184 0.0553557 0.0511332 0.0468802 0.0427442 0.0387805 0.034937 0.0310607 0.0269568 0.0225064 0.0177849 0.0130943
 0.00684302 0.0112117 0.017053 0.0243697 0.032951 0.0422275 0.051247 0.0589141 0.0643876 0.0673422 0.0679339 0.0665824 0.0637745 0.0599692 0.0555653 0.0508867 0.0461748 0.0415876 0.0371955 0.0329753 0.0288196 0.0245885 0.020204 0.0157423 0.0114536
 0.00707538 0.0115913 0.0176275 0.0251839 0.0340371 0.0435911 0.0528519 0.0606789 0.0661976 0.0690719 0.0694683 0.0678282 0.0646635 0.0604573 0.0556301 0.050523 0.0453899 0.0403983 0.0356319 0.0310913 0.0267077 0.0223869 0.0180841 0.0138738 0.00995913
 0.00727354 0.0119192 0.0181312 0.0259094 0.0350202 0.0448413 0.0543376 0.0623223 0.0678862 0.0706817 0.0708851 0.0689613 0.06545 0.0608611 0.0556369 0.0501352 0.0446209 0.0392706 0.0341797 0.0293692 0.024802 0.0204207 0.0162063 0.0122288 0.00864925
 0.00744231 0.0121971 0.0185561 0.0265191 0.0358451 0.0458929 0.0555959 0.06373 0.0693549 0.072107 0.0721631 0.070002 0.066185 0.0612476 0.0556572 0.0497917 0.0439305 0.0382601 0.0328868 0.0278488 0.0231341 0.0187138 0.0145877 0.0108193 0.00753215
 0.00753642 0.0123507 0.018789 0.0268517 0.0362966 0.0464771 0.056316 0.0645736 0.0702928 0.073094 0.0731412 0.0709039 0.0669408 0.0617926 0.05594 0.0497797 0.0436115 0.0376421 0.0319969 0.026735 0.0218685 0.0173925 0.0133203 0.00970847 0.00664862
 0.00763094 0.0124972 0.0189964 0.0271242 0.0366344 0.0468774 0.0567732 0.0650794 0.0708369 0.0736645 0.0737236 0.0714774 0.0674748 0.0622452 0.0562619 0.0499219 0.0435349 0.037325 0.0314412 0.0259693 0.0209495 0.0164011 0.0123507 0.0088488 0.00596017
 0.00764984 0.0125283 0.0190437 0.027192 0.036726 0.046995 0.0569175 0.0652507 0.0710372 0.0738995 0.0740013 0.0718033 0.0678447 0.0626395 0.0566437 0.0502406 0.0437352 0.0373588 0.0312791 0.0256105 0.0204255 0.0157727 0.011696 0.00824506 0.00546437
 0.00772366 0.0126341 0.0191768 0.0273394 0.0368707 0.0471228 0.0570216 0.0653334 0.0711066 0.0739664 0.0740771 0.0718993 0.0679704 0.062799 0.0568304 0.0504331 0.0438971 0.0374457 0.0312503 0.0254425 0.0201228 0.0153696 0.0112489 0.00781584 0.00510243
 0.00778081 0.012726 0.0193125 0.0275239 0.0371014 0.0473847 0.0572862 0.0655631 0.0712673 0.0740409 0.0740716 0.0718397 0.0678909 0.0627304 0.0567917 0.0504278 0.0439121 0.0374538 0.0312171 0.0253381 0.0199338 0.0151066 0.0109447 0.00751372 0.00484102
 0.00781353 0.0127751 0.019379 0.0276068 0.037199 0.0474958 0.0574096 0.0656953 0.0713992 0.0741573 0.074155 0.0718777 0.0678833 0.0626902 0.05674 0.0503841 0.0438856 0.0374389 0.0311956 0.0252864 0.019834 0.0149561 0.0107584 0.00731869 0.00466539
 0.00785871 0.0128414 0.0194654 0.0277076 0.0373049 0.047597 0.0574981 0.0657666 0.0714529 0.0741958 0.0741812 0.0718926 0.0678845 0.0626747 0.0567079 0.050341 0.0438399 0.0373965 0.0311544 0.0252368 0.019764 0.0148593 0.0106393 0.00719151 0.00454792
 0.0078773 0.0128715 0.0195101 0.0277686 0.0373817 0.0476845 0.0575867 0.0658434 0.0715062 0.07422 0.0741791 0.0718733 0.0678586 0.0626492 0.0566849 0.0503189 0.043817 0.0373717 0.0311266 0.0252028 0.0197189 0.0147993 0.0105656 0.00711163 0.00447241
 0.00788919 0.0128863 0.0195241 0.0277764 0.0373779 0.0476673 0.0575595 0.0658138 0.0714828 0.0742079 0.0741789 0.0718825 0.0678744 0.0626705 0.0567114 0.0503496 0.0438492 0.0374014 0.0311495 0.0252148 0.0197167 0.0147813 0.0105336 0.00707076 0.00443013
 0.00789855 0.0129023 0.0195494 0.027813 0.0374254 0.0477216 0.0576118 0.0658531 0.0715 0.0742003 0.0741514 0.0718446 0.0678359 0.062638 0.0566877 0.0503349 0.0438421 0.0373994 0.0311493 0.0252125 0.0197086 0.0147655 0.0105103 0.00704273 0.00440176
 0.00790122 0.0129023 0.0195416 0.0277908 0.0373834 0.047659 0.0575352 0.0657748 0.0714331 0.0741542 0.0741288 0.0718434 0.0678522 0.0626688 0.0567307 0.0503876 0.0439008 0.0374595 0.0312057 0.0252605 0.0197447 0.0147877 0.0105191 0.00704102 0.00439377
 0.00789311 0.0128873 0.0195158 0.0277488 0.03732 0.0475705 0.0574216 0.0656424 0.0712947 0.0740274 0.0740322 0.0717912 0.0678506 0.0627145 0.0568139 0.0504953 0.0440207 0.0375809 0.0313198 0.0253605 0.0198258 0.0148478 0.0105587 0.00706323 0.00440343
 0.00787669 0.0128572 0.0194642 0.0276669 0.0372001 0.0474103 0.0572273 0.065429 0.0710835 0.0738408 0.0738902 0.0717088 0.0678361 0.0627688 0.0569296 0.0506581 0.0442119 0.0377813 0.0315126 0.0255328 0.0199694 0.0149589 0.0106379 0.00711457 0.00443322
 0.00784631 0.0128075 0.0193889 0.0275598 0.0370563 0.0472282 0.057011 0.0651899 0.0708398 0.0736156 0.0737071 0.071588 0.0677915 0.0628052 0.0570426 0.0508351 0.0444342 0.0380267 0.031759 0.025761 0.0201653 0.015115 0.0107527 0.00719224 0.00448105
 0.00783427 0.0127828 0.0193424 0.02748 0.0369326 0.0470555 0.0567936 0.0649425 0.0705844 0.0733759 0.0735047 0.0714407 0.0677121 0.0628015 0.0571158 0.0509791 0.0446353 0.0382655 0.0320128 0.0260073 0.0203854 0.0152962 0.0108902 0.00728781 0.00454171
 0.00783237 0.0127823 0.0193457 0.0274895 0.0369482 0.0470713 0.0567969 0.0649166 0.0705149 0.0732579 0.0733467 0.0712626 0.0675397 0.0626596 0.0570239 0.0509485 0.0446681 0.0383546 0.0321433 0.0261594 0.0205387 0.0154338 0.0110013 0.00736894 0.00459518
 0.00778486 0.012706 0.0192332 0.0273362 0.0367547 0.0468467 0.0565604 0.0646937 0.0703304 0.0731272 0.0732718 0.0712356 0.0675504 0.062702 0.0570977 0.0510566 0.0448125 0.0385325 0.0323456 0.0263717 0.0207435 0.015615 0.0111478 0.00747683 0.00466726
 0.00773992 0.0126293 0.0191114 0.0271555 0.0365051 0.0465283 0.0561891 0.0643027 0.069964 0.0728303 0.0730785 0.0711616 0.0675915 0.062839 0.0573047 0.051309 0.0450916 0.0388251 0.0326406 0.0266572 0.0210061 0.0158418 0.0113297 0.00761082 0.00475734
 0.00774719 0.0126337 0.0191039 0.0271223 0.0364297 0.0463965 0.0559935 0.0640471 0.0696647 0.0725153 0.0727841 0.0709254 0.0674441 0.0627961 0.0573645 0.0514553 0.0453002 0.0390711 0.0329023 0.0269165 0.0212478 0.016053 0.0115013 0.00773934 0.0048452
 0.00931704 0.0148392 0.0217824 0.0299068 0.0388546 0.0480657 0.0567151 0.0638602 0.0687675 0.0711581 0.0711916 0.0692679 0.0658408 0.0613272 0.05608 0.0503792 0.0444345 0.0384012 0.032404 0.0265619 0.0210087 0.0159025 0.0114145 0.00769447 0.00482506
 0.00930447 0.0151058 0.0226898 0.0319042 0.0422843 0.0529007 0.062391 0.0693652 0.0729982 0.0733506 0.0711706 0.0673965 0.0627622 0.0576893 0.0523746 0.0469101 0.0413577 0.0357784 0.0302435 0.024842 0.0196905 0.014936 0.0107422 0.00725495 0.0045574
 0.00895978 0.0145678 0.021943 0.0310041 0.0414081 0.0523795 0.0626687 0.0708402 0.0757852 0.0771032 0.0751231 0.0706509 0.0646579 0.0580307 0.0514062 0.0451117 0.039219 0.0336646 0.0283665 0.023293 0.0184846 0.014047 0.0101233 0.00685055 0.00431141
 0.0087937 0.014284 0.0214914 0.030334 0.0404881 0.0512332 0.0614177 0.0697295 0.0751588 0.0773071 0.076351 0.0728028 0.0673117 0.0605783 0.0532964 0.0460579 0.0392564 0.0330546 0.0274373 0.022316 0.0176256 0.0133753 0.00964394 0.00653519 0.00411993
 0.00872069 0.0141585 0.0212887 0.0300242 0.0400391 0.0506194 0.0606335 0.0688083 0.0741925 0.0764583 0.0758397 0.0728491 0.0680402 0.0619268 0.0549955 0.0477192 0.0405282 0.0337555 0.0275916 0.0220893 0.0172211 0.0129541 0.00929554 0.00628741 0.00396353
 0.00869132 0.0141095 0.0212123 0.0299101 0.0398752 0.0503909 0.0603252 0.0684081 0.073699 0.075893 0.0752621 0.0723651 0.0677892 0.0620369 0.0555184 0.0485802 0.0415345 0.0346697 0.0282319 0.0223939 0.0172447 0.0128116 0.00909955 0.00611115 0.00383643
 0.00871198 0.0141383 0.0212464 0.0299432 0.0398977 0.0503913 0.0602908 0.068325 0.0735528 0.0756721 0.0749644 0.0720095 0.067425 0.0617445 0.0553902 0.0486814 0.0418633 0.035144 0.0287197 0.0227727 0.0174521 0.0128583 0.00904266 0.00601551 0.00374718
 0.00867859 0.0140909 0.0211875 0.0298792 0.0398362 0.0503376 0.060245 0.0682819 0.0735035 0.0756064 0.0748731 0.0718871 0.0672749 0.0615853 0.0552592 0.0486278 0.0419281 0.0353348 0.0289981 0.0230677 0.0176927 0.013005 0.00909741 0.00600832 0.00371362
 0.00866065 0.0140613 0.0211427 0.0298165 0.0397559 0.0502449 0.0601507 0.0681999 0.0734455 0.075576 0.0748635 0.0718837 0.067262 0.0615541 0.0552136 0.048587 0.0419204 0.0353851 0.0291127 0.0232268 0.0178582 0.0131393 0.00918069 0.00604289 0.00371599
 0.00865179 0.0140446 0.0211132 0.0297686 0.0396843 0.0501477 0.0600316 0.0680695 0.0733197 0.0754723 0.0747958 0.0718575 0.0672729 0.0615896 0.0552596 0.0486346 0.041971 0.0354483 0.0291985 0.023336 0.0179788 0.0132513 0.00926654 0.00609579 0.00374043
 0.00863576 0.0140223 0.0210866 0.0297409 0.0396587 0.0501246 0.0600074 0.0680377 0.0732749 0.0754135 0.0747289 0.0717938 0.0672244 0.0615643 0.0552586 0.0486535 0.042004 0.0354923 0.0292537 0.0234031 0.0180542 0.0133264 0.00933081 0.00614207 0.00376775
 0.00862969 0.0140097 0.0210628 0.0297009 0.0395992 0.0500469 0.0599192 0.0679514 0.0732025 0.0753621 0.0746983 0.0717795 0.0672219 0.0615722 0.0552783 0.0486866 0.0420502 0.0355492 0.0293184 0.0234724 0.0181247 0.0133931 0.00938824 0.00618583 0.00379666
 0.008642 0.014031 0.0210967 0.0297504 0.0396645 0.0501234 0.0599959 0.0680133 0.073236 0.0753601 0.0746628 0.0717188 0.0671465 0.0614916 0.0552 0.0486169 0.0419942 0.0355105 0.0292981 0.0234694 0.0181354 0.0134127 0.00941091 0.0062066 0.00381243
 0.0086114 0.0139849 0.0210346 0.0296748 0.0395816 0.0500418 0.059926 0.0679651 0.0732155 0.0753671 0.0746908 0.071758 0.0671883 0.0615307 0.0552352 0.0486491 0.0420254 0.0355428 0.0293328 0.0235067 0.0181744 0.0134508 0.00944517 0.00623446 0.00383267
 0.00861992 0.0139937 0.0210386 0.0296667 0.0395541 0.0499917 0.0598571 0.0678878 0.0731444 0.0753152 0.0746656 0.0717598 0.0672108 0.061565 0.0552727 0.0486844 0.0420566 0.0355707 0.0293593 0.0235334 0.0182016 0.0134776 0.00946986 0.00625516 0.00384824
 0.00861992 0.0139937 0.0210386 0.0296667 0.0395541 0.0499917 0.0598571 0.0678878 0.0731444 0.0753152 0.0746656 0.0717598 0.0672108 0.061565 0.0552727 0.0486844 0.0420566 0.0355707 0.0293593 0.0235334 0.0182016 0.0134776 0.00946986 0.00625516 0.00384824
 0.00854449 0.0138799 0.0208838 0.0294742 0.0393321 0.0497516 0.0596125 0.0676557 0.0729444 0.0751687 0.0745911 0.0717684 0.0673022 0.0617264 0.0554823 0.0489168 0.042289 0.0357864 0.0295488 0.0236929 0.0183312 0.013579 0.00954572 0.00630885 0.00388369
 0.0085126 0.0138194 0.0207775 0.0293029 0.0390814 0.0494219 0.0592265 0.0672563 0.0725835 0.0748915 0.0744258 0.0717237 0.0673725 0.0618965 0.0557305 0.0492165 0.0426114 0.0361044 0.0298407 0.0239448 0.0185366 0.0137378 0.00966181 0.00638864 0.00393486
 0.00869301 0.0141053 0.0211916 0.0298551 0.0397599 0.050183 0.0599898 0.0679149 0.0730318 0.0750593 0.0742999 0.0713465 0.0668214 0.0612587 0.0550835 0.0486177 0.0420951 0.0356837 0.0295134 0.0236997 0.0183594 0.0136145 0.00958003 0.00633754 0.00390517
 0.00903752 0.0146664 0.0220351 0.031035 0.0412972 0.0520373 0.0620351 0.0699411 0.0747832 0.0762981 0.0748654 0.0711888 0.0660014 0.0599236 0.0534261 0.0468341 0.0403512 0.0340977 0.0281538 0.0225928 0.0175013 0.012982 0.00913879 0.00604835 0.00372861
 0.00887996 0.0144545 0.0218002 0.0308397 0.0412266 0.0521785 0.0624543 0.0706626 0.0757735 0.0774581 0.0760406 0.0721989 0.0666869 0.0601883 0.0532599 0.0463072 0.0395856 0.0332295 0.0273009 0.0218371 0.0168852 0.0125153 0.00880909 0.0058314 0.00359619
 0.00818955 0.0133381 0.0201402 0.0285549 0.0383177 0.0487857 0.0588962 0.06741 0.0733403 0.0762484 0.0762264 0.0736843 0.0691581 0.0632158 0.0564114 0.049238 0.0420858 0.0352244 0.0288156 0.0229484 0.0176813 0.0130732 0.00918881 0.00607905 0.00374854
 0.00868567 0.0140426 0.0210064 0.0294618 0.0390869 0.0492209 0.0588309 0.0667556 0.072128 0.0746508 0.0745346 0.0722307 0.0682102 0.0628914 0.0566551 0.0498655 0.0428666 0.035962 0.0293942 0.0233369 0.0179069 0.0131865 0.00923795 0.00609736 0.0037545
#pred catch len freq
 0.00496485 0.00778949 0.0112311 0.0151522 0.0194642 0.0241217 0.0290471 0.0340809 0.0390072 0.043615 0.0477367 0.0512606 0.0541332 0.0563524 0.0579467 0.0589492 0.0593811 0.059237 0.0584526 0.0568491 0.0541013 0.0498131 0.0437395 0.0360625 0.0275114
 0.00510085 0.00794903 0.0113608 0.0151734 0.019305 0.0237612 0.0285434 0.0335562 0.038591 0.0433783 0.0476587 0.0512476 0.054076 0.0561889 0.0576977 0.058714 0.0592939 0.0594028 0.0588902 0.0574723 0.0547513 0.0503286 0.0440256 0.0361198 0.0274135
 0.00536366 0.0083457 0.0118964 0.0158212 0.0200001 0.024402 0.0290059 0.0337285 0.0384221 0.0429128 0.0470255 0.0505983 0.0535114 0.0557252 0.0572937 0.0583328 0.0589498 0.0591593 0.0588132 0.0575744 0.0549701 0.0505546 0.0441604 0.0361231 0.0273099
 0.00562848 0.00875988 0.0124894 0.0166093 0.0209827 0.0255539 0.0302644 0.0349821 0.0395156 0.0436786 0.0473361 0.0504173 0.0529093 0.0548454 0.0562881 0.0573112 0.0579724 0.0582626 0.0580315 0.0569344 0.0544699 0.0501568 0.0438131 0.0357922 0.0269953
 0.00591437 0.00920262 0.0131162 0.0174346 0.0220118 0.0267848 0.031683 0.0365492 0.0411511 0.0452523 0.0486751 0.0513367 0.0532639 0.05458 0.0554583 0.0560591 0.0564732 0.0566746 0.0564729 0.0554832 0.0531708 0.0490282 0.0428556 0.0350009 0.0263676
 0.00620778 0.00965888 0.0137652 0.0182933 0.0230857 0.02807 0.0331638 0.0381926 0.0429026 0.0470314 0.0503711 0.0528062 0.0543406 0.0551044 0.0553222 0.0552458 0.0550685 0.0548421 0.0544068 0.0533648 0.0511446 0.047197 0.0412859 0.0337285 0.0254002
 0.00660026 0.0102548 0.0145852 0.0193331 0.0243245 0.0294828 0.0347267 0.0398785 0.0446716 0.0488243 0.0521066 0.0543809 0.0556309 0.0559722 0.055631 0.0548897 0.0540093 0.0531341 0.0521954 0.0508568 0.0485657 0.0447531 0.0391373 0.0319759 0.0240793
 0.00705293 0.0109468 0.0155452 0.0205601 0.0257925 0.0311488 0.0365354 0.0417629 0.0465577 0.0506384 0.0537805 0.0558501 0.0568255 0.0568085 0.0560091 0.054704 0.0531731 0.0516153 0.0500483 0.0482332 0.0456957 0.0419008 0.0365465 0.0298229 0.0224459
 0.00755831 0.011724 0.0166331 0.0219677 0.027502 0.0331211 0.0387087 0.0440486 0.0488417 0.0527938 0.0556862 0.0574067 0.0579627 0.0574797 0.0561771 0.0543254 0.0521965 0.0500002 0.047802 0.0454487 0.0425663 0.0386975 0.0335599 0.0272913 0.020501
 0.00813841 0.0126093 0.0178593 0.0235337 0.0293784 0.0352621 0.0410551 0.0465216 0.0513359 0.0551792 0.0578199 0.0591514 0.059206 0.0581473 0.056233 0.0537592 0.0510065 0.0481872 0.0453867 0.0425065 0.0392603 0.0352798 0.0303283 0.0245134 0.0183415
 0.00868656 0.0134539 0.0190445 0.025072 0.0312537 0.0374347 0.0434607 0.0490676 0.0539035 0.0576332 0.0600221 0.060971 0.0605285 0.0588831 0.0563248 0.0531831 0.0497654 0.0463043 0.0429079 0.0395198 0.0359227 0.0318273 0.0270465 0.0216702 0.0161129
 0.00908564 0.0140816 0.019951 0.0262929 0.0328076 0.0393185 0.04564 0.0514667 0.0564059 0.0600934 0.0622835 0.0628846 0.0619673 0.0597516 0.0565612 0.052757 0.0486738 0.0445691 0.0405805 0.0366951 0.0327573 0.0285459 0.0239171 0.0189465 0.0139664
 0.00945706 0.0146547 0.0207582 0.027349 0.0341154 0.0408743 0.0474313 0.0534621 0.058543 0.0622729 0.0643738 0.0647368 0.0634369 0.0607185 0.0569423 0.0525079 0.047784 0.0430578 0.0384986 0.0341361 0.0298715 0.0255439 0.0210467 0.0164414 0.0119858
 0.00982146 0.0152159 0.0215454 0.0283706 0.0353617 0.0423217 0.0490433 0.0551882 0.0603193 0.0640267 0.0660264 0.0662035 0.0646267 0.0615388 0.0573088 0.0523566 0.0470793 0.0417971 0.0367169 0.0319143 0.0273451 0.022903 0.0185138 0.0142256 0.0102299
 0.0101585 0.0157383 0.0222844 0.0293397 0.0365568 0.0437219 0.0506076 0.0568515 0.0619957 0.0656201 0.0674451 0.0673707 0.0654853 0.0620482 0.0574382 0.0520791 0.0463728 0.0406519 0.0351491 0.0299804 0.0251541 0.0206152 0.0163203 0.0123065 0.00870852
 0.0104304 0.0161602 0.0228826 0.0301275 0.0375352 0.0448807 0.0519215 0.058275 0.0634604 0.0670392 0.0687239 0.0684203 0.0662353 0.0624547 0.0574832 0.0517621 0.045701 0.0396355 0.0338073 0.0283563 0.0233299 0.0187166 0.0145012 0.0107145 0.0074456
 0.0106596 0.0165091 0.0233647 0.0307424 0.0382737 0.0457309 0.0528714 0.0593074 0.0645461 0.0681314 0.0697588 0.0693233 0.0669322 0.0628845 0.0576069 0.051565 0.045188 0.0388249 0.0327279 0.0270521 0.0218701 0.0172006 0.0130495 0.00944336 0.0064361
 0.0107623 0.0166703 0.0235965 0.0310529 0.0386665 0.0462046 0.0534189 0.059916 0.0651991 0.0688105 0.0704423 0.0699825 0.0675269 0.063364 0.0579168 0.0516582 0.0450336 0.0384127 0.0320695 0.0261818 0.0208466 0.0161067 0.0119831 0.00849845 0.00567935
 0.0109147 0.0168958 0.0238954 0.0314122 0.0390665 0.0466274 0.0538537 0.0603579 0.0656439 0.0692494 0.070861 0.0703638 0.067853 0.0636163 0.0580736 0.0516931 0.0449186 0.0381258 0.0316029 0.0255495 0.0200879 0.0152846 0.0111746 0.00777812 0.00510033
