SBPRF35
7.78865
Curr Bio
569144
B35
699935
F35
0.212939
FOFL
0.1715
OFL
77096.1
Bzero
2.22533e+06
#pred survey bio
 4.71094e+06 4.41501e+06 4.13812e+06 3.80993e+06 3.47309e+06 3.13239e+06 2.82362e+06 2.49115e+06 2.24137e+06 1.98587e+06 1.74668e+06 1.52682e+06 1.34424e+06 1.16644e+06 1.03995e+06 938031 850523 785272 737815 691601 673720 659081 639487 621814 612635 600963 595869 594165 592968 587733 591569 588088 581254 580157 571977 565054 545596 545553 545957 556646 560710 563872 570921 578990 574689 575398 574636 572839 579028 584328 595117 584847 574155 2.0131e+07 1.19181e+07 1.20164e+07 1.25811e+07 1.34001e+07 1.42667e+07 1.50567e+07 1.57168e+07 1.62381e+07 1.66351e+07 1.693e+07 1.71458e+07 1.73023e+07 1.74153e+07 1.7497e+07 1.75561e+07 1.7599e+07 1.76304e+07 1.76535e+07 1.76705e+07 1.76832e+07 1.76927e+07 1.76998e+07 1.77052e+07 1.77093e+07 1.77124e+07 1.77148e+07 1.77166e+07 1.7718e+07 1.7719e+07 1.77199e+07 1.77205e+07 1.7721e+07 1.77214e+07 1.77216e+07 1.77219e+07 1.7722e+07 1.77222e+07 1.77223e+07 1.77224e+07 1.77224e+07 1.77225e+07 1.77225e+07 1.77225e+07 1.77226e+07 1.77226e+07 1.77226e+07 1.77226e+07 1.77226e+07 1.77226e+07 1.77226e+07 1.77226e+07 1.77226e+07 1.77226e+07 1.77226e+07 1.77226e+07 1.77226e+07 1.77226e+07 1.77226e+07 1.77226e+07 1.77226e+07 1.77226e+07 1.77226e+07 1.77226e+07 1.77226e+07 1.77226e+07 1.77226e+07 1.77226e+07 1.77226e+07 1.77226e+07 1.77226e+07 1.77226e+07 1.77226e+07 1.77226e+07 1.77226e+07 1.77226e+07 1.77226e+07 1.77226e+07 1.77226e+07 1.77226e+07 1.77226e+07 1.77226e+07 1.77226e+07 1.77226e+07 1.77226e+07 1.77226e+07 1.77226e+07 1.77226e+07 1.77226e+07 1.77226e+07 1.77226e+07 1.77226e+07 1.77226e+07 1.77226e+07 1.77226e+07 1.77226e+07 1.77226e+07 1.77226e+07 1.77226e+07 1.77226e+07 0 0 0 0 0 0 0 0 0 0 0 0 0 0 0 0 0 0 0 0 0 0 0 0 0
#obs survey bio
 4.37712e+06 2.73035e+06 3.58973e+06 2.44549e+06 2.75883e+06 1.69793e+06 2.69048e+06 1.83645e+06 2.28284e+06 1.0621e+06 1.48075e+06 1.63741e+06 1.67101e+06 1.16199e+06 885325 794764 672938 639489 705395 664237 440204 649818 555614 578003 532884 615039 400158 416918 531649 646850 480252 516561 526453 467076 513866 593045 374295 429927 622084 561068 878158 546245 517920 467794 382882 614625 644678 493572 763476 352933 473542 679607 742742
#pred catch bio
 97517.1 92406.7 160556 198219 237113 245033 302124 259082 290605 297305 295186 271492 272033 229996 210731 199159 179587 162153 156649 128568 123047 124159 119447 110093 110366 103209 99215.7 97718.1 99601.3 90642.8 95652.4 96461.9 89129.5 92065.8 87604.7 96736 82975.1 87051.8 81203.1 87309.2 87011.5 83422.2 83529.8 94788.4 91166.4 93064.1 94247.6 87782.2 88799.9 84899.4 102753 101151 87640.4 77096.1 92305.1 91722 94717.3 100293 106451 112035 116598 120089 122639 124439 125679 126517 127074 127440 127679 127833 127932 127996 128036 128062 128078 128088 128095 128099 128101 128103 128104 128105 128105 128105 128105 128105 128106 128106 128106 128106 128106 128106 128106 128106 128106 128106 128106 128106 128106 128106 128106 128106 128106 128106 128106 128106 128106 128106 128106 128106 128106 128106 128106 128106 128106 128106 128106 128106 128106 128106 128106 128106 128106 128106 128106 128106 128106 128106 128106 128106 128106 128106 128106 128106 128106 128106 128106 128106 128106 128106 128106 128106 128106 128106 128106 128106 128106 128106 128106 128106 128106 128106 128106 0 0 0 0 0 0 0 0 0 0 0 0 0 0 0 0 0 0 0 0 0 0 0 0 0
#obs catch bio
 0 92026 161077 198908 238987 248162 309176 264246 298169 307188 306122 280181 280756 236322 217097 204776 185704 167719 161604 131095 125447 126642 121328 111842 112128 104748 100748 99208.6 101163 91554.3 96868.1 98028.4 90134.2 93230.1 88403.5 97710.6 83461.9 87652.8 81420.3 87855.8 86838 82904.4 83312.5 95071.8 91436.3 93361.8 94723.4 88248.6 88961.9 85065.1 103436 101986 87550.6
#pred cpue bio
 4.64303e+06 4.35196e+06 4.07836e+06 3.75148e+06 3.41545e+06 3.07544e+06 2.76731e+06 2.43641e+06 2.18765e+06 1.93371e+06 1.69641e+06 1.47905e+06 1.29907e+06 1.12412e+06 999428 898942 812789 748854 703012 658863 642091 628248 609588 592708 583977 572840 568104 566650 565721 560950 564953 561791 555546 555052 547766 541634 522252 520693 520046 530439 534984 538585 545419 552936 548496 549001 548170 546387 552486 557751 568157 558091 548129 1.92612e+07 1.14181e+07 1.1418e+07 1.18654e+07 1.2644e+07 1.35014e+07 1.42897e+07 1.49494e+07 1.54707e+07 1.58676e+07 1.61626e+07 1.63783e+07 1.65349e+07 1.66479e+07 1.67296e+07 1.67887e+07 1.68316e+07 1.6863e+07 1.68861e+07 1.69031e+07 1.69158e+07 1.69253e+07 1.69324e+07 1.69378e+07 1.69419e+07 1.6945e+07 1.69474e+07 1.69492e+07 1.69506e+07 1.69516e+07 1.69525e+07 1.69531e+07 1.69536e+07 1.69539e+07 1.69542e+07 1.69545e+07 1.69546e+07 1.69548e+07 1.69549e+07 1.69549e+07 1.6955e+07 1.69551e+07 1.69551e+07 1.69551e+07 1.69551e+07 1.69552e+07 1.69552e+07 1.69552e+07 1.69552e+07 1.69552e+07 1.69552e+07 1.69552e+07 1.69552e+07 1.69552e+07 1.69552e+07 1.69552e+07 1.69552e+07 1.69552e+07 1.69552e+07 1.69552e+07 1.69552e+07 1.69552e+07 1.69552e+07 1.69552e+07 1.69552e+07 1.69552e+07 1.69552e+07 1.69552e+07 1.69552e+07 1.69552e+07 1.69552e+07 1.69552e+07 1.69552e+07 1.69552e+07 1.69552e+07 1.69552e+07 1.69552e+07 1.69552e+07 1.69552e+07 1.69552e+07 1.69552e+07 1.69552e+07 1.69552e+07 1.69552e+07 1.69552e+07 1.69552e+07 1.69552e+07 1.69552e+07 1.69552e+07 1.69552e+07 1.69552e+07 1.69552e+07 1.69552e+07 1.69552e+07 1.69552e+07 1.69552e+07 1.69552e+07 1.69552e+07 1.69552e+07 1.69552e+07 0 0 0 0 0 0 0 0 0 0 0 0 0 0 0 0 0 0 0 0 0 0 0 0 0
#obs cpue bio
 3.64079e+06 5.40109e+06 4.78311e+06 3.00598e+06 2.38577e+06 1.63866e+06 1.98834e+06 1.83334e+06 1.91019e+06 1.7242e+06 1.29799e+06 1.22523e+06 972466 785804 676972 856014 437536 499126 623028 661661 736507 503473 698808 429859 577590 425992 615326 631702 543227 506484 550854 410720 609739 602254 577716 579949 668314 688578 499523 428012 650926 805016 431886 512179 686401 503095 418440 502965 583546 707535 642550 380135 707320
#pred surv len freq
 0.00467187 0.00762508 0.0115516 0.0164595 0.0222488 0.0286263 0.0350788 0.0409997 0.0459144 0.0496335 0.0522339 0.0539324 0.0549676 0.0555373 0.0557734 0.0557365 0.0554271 0.0547987 0.0537479 0.0520739 0.0494498 0.0454873 0.0399368 0.0329407 0.0251471
 0.00499564 0.00803924 0.0119721 0.0167508 0.0222756 0.0283277 0.0345166 0.0403419 0.0453545 0.0492947 0.0521183 0.0539406 0.0549697 0.0554481 0.0555941 0.0555499 0.0553521 0.0549276 0.0540936 0.0525549 0.0499233 0.0458154 0.0400483 0.0328534 0.024942
 0.00528311 0.00851982 0.012711 0.0177935 0.0236107 0.0298462 0.0360006 0.0415147 0.0459888 0.0493175 0.051637 0.0531692 0.0541085 0.0546036 0.0547819 0.0547547 0.0545861 0.0542413 0.0535409 0.0521474 0.0496131 0.0455223 0.0397099 0.0324609 0.0245371
 0.00559427 0.00901571 0.013441 0.0188022 0.0249345 0.0315005 0.0379538 0.0436557 0.0481108 0.0511425 0.0528896 0.0536719 0.0538462 0.0537123 0.0534715 0.0532222 0.0529711 0.0526335 0.0520032 0.0507239 0.048324 0.0443648 0.0386755 0.0315555 0.0237837
 0.00593366 0.00955648 0.0142346 0.0198899 0.0263414 0.033227 0.0399644 0.0458734 0.0504187 0.0533875 0.0548837 0.0552034 0.0547142 0.0537861 0.0527402 0.0518005 0.0510546 0.0504336 0.0497005 0.0484535 0.0461818 0.0424189 0.0369773 0.0301436 0.0226808
 0.0062436 0.0100617 0.0149973 0.0209687 0.0277799 0.0350362 0.0421049 0.04825 0.0528945 0.0558092 0.0571004 0.0570689 0.0560811 0.0545083 0.0526984 0.0509421 0.0494261 0.0481799 0.047031 0.0455947 0.0433416 0.0397705 0.0346537 0.0282341 0.0212232
 0.00648865 0.010463 0.0156076 0.0218415 0.0289623 0.0365559 0.0439539 0.0503741 0.0551955 0.0581574 0.0593512 0.0590767 0.0577066 0.0556204 0.0531759 0.0506858 0.0483847 0.0463807 0.044596 0.0427296 0.0403004 0.0368109 0.031997 0.0260343 0.0195499
 0.00682916 0.0110033 0.0163968 0.0229177 0.0303487 0.038253 0.0459296 0.0525584 0.0574864 0.0604354 0.061494 0.0609669 0.0592347 0.0566834 0.0536772 0.0505366 0.0475151 0.0447639 0.0422789 0.0398546 0.0371009 0.0335758 0.0290123 0.0235219 0.0176253
 0.00709091 0.0114232 0.0170184 0.0237785 0.0314737 0.039646 0.0475632 0.054371 0.0593912 0.0623374 0.0633031 0.0626017 0.0606179 0.057736 0.0543138 0.0506669 0.0470524 0.0436444 0.0404929 0.0374777 0.0343101 0.0306321 0.0262069 0.0211049 0.0157458
 0.00735392 0.0118554 0.017677 0.0247184 0.0327354 0.0412367 0.0494386 0.0564315 0.0614987 0.0643461 0.0650884 0.0640746 0.061725 0.0584478 0.0546086 0.0505152 0.0464108 0.0424654 0.0387513 0.035209 0.0316411 0.0277824 0.023449 0.018693 0.0138469
 0.00753273 0.0121626 0.0181704 0.0254634 0.0337923 0.0426394 0.0511725 0.0584221 0.0636191 0.0664396 0.0669957 0.0656587 0.0628883 0.0591391 0.0548153 0.0502454 0.0456731 0.0412589 0.0370762 0.033096 0.0291862 0.0251617 0.020896 0.0164397 0.0120556
 0.00775411 0.0125147 0.0186872 0.0261748 0.0347235 0.0438073 0.0525769 0.0600355 0.0653799 0.0682514 0.0687352 0.0671912 0.0640887 0.0599118 0.0551062 0.0500407 0.0449865 0.0401165 0.0355109 0.0311585 0.0269682 0.0228124 0.018611 0.0144172 0.0104396
 0.00800302 0.0129063 0.0192518 0.0269317 0.0356776 0.0449454 0.0538638 0.0614153 0.0667852 0.0696161 0.0700006 0.0683023 0.0649865 0.0605311 0.0553831 0.0499254 0.0444532 0.0391664 0.0341709 0.0294839 0.0250507 0.0207864 0.0166437 0.0126752 0.00904444
 0.0084166 0.0135493 0.0201641 0.0281282 0.0371443 0.0466342 0.0556879 0.0632512 0.0684912 0.0710627 0.0710974 0.0690093 0.0653066 0.0604914 0.0550144 0.049249 0.0434791 0.0379018 0.0326336 0.0277161 0.0231298 0.0188279 0.0147886 0.0110601 0.00776507
 0.00872464 0.0140387 0.0208785 0.0290984 0.0383796 0.0481113 0.0573395 0.0649661 0.0701308 0.0724896 0.0722029 0.0697275 0.0656166 0.0604096 0.0545818 0.048515 0.0424881 0.0366872 0.0312237 0.0261479 0.0214639 0.0171551 0.0132207 0.00970541 0.00669755
 0.00898621 0.0144546 0.0214867 0.0299274 0.0394427 0.0493976 0.0588039 0.0665244 0.0716685 0.0738807 0.0733313 0.0705049 0.0659922 0.0603739 0.054162 0.0477638 0.0414692 0.0354627 0.0298486 0.0246742 0.0199511 0.0156779 0.0118651 0.00855197 0.0057986
 0.00910112 0.0146617 0.0218356 0.0304752 0.0402393 0.0504629 0.0601073 0.0679805 0.0731536 0.075261 0.0744883 0.0713486 0.0664662 0.0604555 0.0538609 0.0471184 0.0405388 0.0343171 0.028559 0.0233097 0.01858 0.0143704 0.0106916 0.00757167 0.00504557
 0.00902156 0.0145598 0.0217348 0.0304194 0.0402878 0.0506782 0.06054 0.0686545 0.0740537 0.0763266 0.0756181 0.0724194 0.0673582 0.0610758 0.0541562 0.0470762 0.0401816 0.0336932 0.0277333 0.0223555 0.0175735 0.013387 0.00979956 0.00682439 0.00447192
 0.00890515 0.0143764 0.0214717 0.0300743 0.0398759 0.0502407 0.060148 0.068402 0.0740351 0.0766061 0.0762045 0.0732577 0.0683412 0.0620693 0.0550292 0.0477261 0.0405493 0.0337663 0.0275395 0.0219515 0.0170331 0.0127891 0.00921791 0.00631697 0.00407303
 0.00905547 0.0145775 0.0216942 0.030264 0.0399687 0.0501873 0.0599367 0.068067 0.0736496 0.0762645 0.0759992 0.0732557 0.0685647 0.0624867 0.0555614 0.0482677 0.0409966 0.0340428 0.0276101 0.0218245 0.0167516 0.0124167 0.00882208 0.00595461 0.00378049
 0.0090973 0.0146366 0.0217649 0.0303307 0.0400041 0.050154 0.0597932 0.0677821 0.0732219 0.0757379 0.0754636 0.0728256 0.0683438 0.0625334 0.0558703 0.0487724 0.0415908 0.0346111 0.0280585 0.0221004 0.0168495 0.0123696 0.00868469 0.00578366 0.00362007
 0.00903413 0.0145516 0.0216693 0.0302445 0.039949 0.0501412 0.0598142 0.067807 0.0732079 0.0756462 0.0752775 0.0725647 0.0680648 0.0623153 0.0557865 0.0488614 0.0418402 0.0349617 0.0284269 0.022409 0.01705 0.0124526 0.00867282 0.00571615 0.0035353
 0.00910175 0.014641 0.0217667 0.030327 0.039994 0.0501394 0.0597768 0.0677609 0.0731782 0.0756382 0.0752707 0.0725242 0.067964 0.0621562 0.0556043 0.0487109 0.0417698 0.0349906 0.0285365 0.0225538 0.0171796 0.012533 0.00869573 0.0056947 0.00349199
 0.0091638 0.0147389 0.0219072 0.030511 0.0402124 0.0503697 0.0599839 0.0679055 0.0732319 0.0755966 0.0751541 0.0723639 0.0677849 0.061969 0.0554124 0.048523 0.0416058 0.0348744 0.0284818 0.0225542 0.0172114 0.0125677 0.00871356 0.00569057 0.00347245
 0.00914498 0.014711 0.0218706 0.0304687 0.0401701 0.0503351 0.0599649 0.0679063 0.0732501 0.0756222 0.0751739 0.0723685 0.0677737 0.0619485 0.0553906 0.0485053 0.0415955 0.0348758 0.0285004 0.0225918 0.0172624 0.0126201 0.00875494 0.00571443 0.00347992
 0.00915868 0.0147305 0.0218947 0.0304948 0.0401949 0.050356 0.0599814 0.0679201 0.0732638 0.0756373 0.0751888 0.0723777 0.0677702 0.0619276 0.0553525 0.0484557 0.0415434 0.0348302 0.0284683 0.0225768 0.0172635 0.0126319 0.00876982 0.00572595 0.00348532
 0.00916139 0.0147281 0.0218788 0.0304539 0.0401179 0.0502382 0.0598286 0.0677498 0.0731011 0.0755078 0.0751119 0.0723625 0.0678135 0.062016 0.0554669 0.0485772 0.0416582 0.0349316 0.0285554 0.0226515 0.017328 0.0126863 0.00881317 0.00575724 0.00350504
 0.00910516 0.0146456 0.0217708 0.0303258 0.039977 0.0500899 0.0596748 0.0675907 0.0729406 0.0753578 0.0749919 0.0722944 0.0678138 0.062089 0.0556033 0.0487567 0.0418564 0.0351266 0.0287319 0.0228018 0.0174499 0.0127811 0.0088833 0.00580585 0.00353598
 0.00900918 0.0145001 0.021572 0.0300784 0.0396942 0.0497918 0.0593866 0.0673393 0.0727485 0.0752377 0.0749454 0.0723155 0.0678953 0.0622255 0.0557896 0.0489841 0.04211 0.0353869 0.0289789 0.0230199 0.0176301 0.0129209 0.00898513 0.00587516 0.00357968
 0.00904037 0.0145332 0.0215897 0.0300548 0.0396031 0.0496193 0.0591407 0.0670505 0.0724604 0.0749921 0.0747706 0.0722223 0.0678799 0.0622763 0.0558933 0.049129 0.0422851 0.0355801 0.0291762 0.0232063 0.0177931 0.0130529 0.00908394 0.00594351 0.0036232
 0.00897691 0.0144378 0.02146 0.0298913 0.0394067 0.0493879 0.0588698 0.0667393 0.0721206 0.074654 0.0744798 0.0720267 0.0678131 0.0623471 0.0560853 0.0494099 0.0426177 0.0359306 0.029517 0.0235168 0.0180586 0.0132654 0.00924231 0.00605278 0.00369258
 0.008805 0.0141943 0.0211598 0.0295711 0.0391138 0.0491629 0.0587317 0.066681 0.0721153 0.0746673 0.0744842 0.0720123 0.0677916 0.0623451 0.0561315 0.0495214 0.042794 0.0361552 0.0297653 0.0237632 0.0182823 0.0134522 0.00938623 0.00615467 0.00375862
 0.00870474 0.014027 0.0209026 0.0292058 0.0386387 0.0486057 0.0581564 0.0661772 0.0717691 0.0745278 0.0745455 0.0722227 0.0680814 0.062657 0.0564358 0.0498144 0.0430844 0.0364502 0.030062 0.0240495 0.0185416 0.0136706 0.009556 0.00627593 0.00383783
 0.00850626 0.0137258 0.0204885 0.0286825 0.0380204 0.0479141 0.0574218 0.0654449 0.071104 0.0740097 0.0742512 0.0722004 0.0683314 0.0631299 0.0570514 0.05049 0.0437566 0.037081 0.0306329 0.0245506 0.0189658 0.0140124 0.00981484 0.00645803 0.00395573
 0.00845629 0.0136306 0.0203205 0.0284099 0.0376178 0.0473771 0.0567782 0.0647525 0.0704356 0.0734338 0.0738206 0.0719521 0.0682889 0.0632995 0.0574155 0.0510044 0.0443591 0.0377075 0.0312313 0.0250864 0.0194199 0.0143771 0.0100906 0.00665246 0.00408227
 0.00907044 0.014484 0.0213358 0.0294228 0.0384206 0.0477905 0.0567125 0.0642268 0.0695553 0.0723488 0.0726862 0.070902 0.0674206 0.0626701 0.0570441 0.0508773 0.0444369 0.0379333 0.031542 0.0254241 0.0197403 0.0146522 0.0103073 0.00680959 0.00418678
 0.00984046 0.0156879 0.0230491 0.0316582 0.0410971 0.0507036 0.0595259 0.0665209 0.0709407 0.0725996 0.0718161 0.0691409 0.0651146 0.0601693 0.0546274 0.0487265 0.0426438 0.03652 0.0304836 0.0246691 0.0192267 0.0143196 0.0101033 0.00669193 0.00412363
 0.00968831 0.0155578 0.0230693 0.0320188 0.0419974 0.0522666 0.0617188 0.0691251 0.0735892 0.0748659 0.0733237 0.0696606 0.0646196 0.0588282 0.0527376 0.0466178 0.0405954 0.0347177 0.0290165 0.0235505 0.0184228 0.0137736 0.00975316 0.0064808 0.00400464
 0.0093595 0.0150651 0.0224133 0.0312474 0.0412183 0.0516509 0.0614842 0.0694852 0.0746679 0.0766132 0.0754864 0.0718397 0.0663965 0.0598991 0.0529963 0.0461583 0.0396466 0.0335494 0.0278589 0.0225526 0.017649 0.0132244 0.00939338 0.00626245 0.00388193
 0.00900745 0.0145132 0.0216228 0.030203 0.0399391 0.0502068 0.0600123 0.0681917 0.0738002 0.0764001 0.0760606 0.0731733 0.0682813 0.0619926 0.0549234 0.0476287 0.0405324 0.0338921 0.0278127 0.0223038 0.0173504 0.0129674 0.00921113 0.0061512 0.00382241
 0.00894507 0.0143855 0.0213825 0.0297906 0.0392988 0.0493116 0.0588886 0.0669309 0.0725515 0.0753477 0.0753928 0.0730435 0.0687622 0.0630371 0.0563559 0.0491855 0.0419431 0.0349651 0.0284829 0.022622 0.0174312 0.0129297 0.00914052 0.006091 0.00378459
 0.00918333 0.0147152 0.0217699 0.030163 0.0395577 0.0493575 0.0586475 0.0663728 0.0717012 0.07429 0.0742682 0.0720291 0.068037 0.062736 0.0565272 0.0497682 0.0427809 0.0358571 0.0292521 0.0231685 0.0177451 0.0130642 0.00916977 0.0060765 0.0037622
 0.00927944 0.0148834 0.0220418 0.0305659 0.0400965 0.0499919 0.0592787 0.0668563 0.0718897 0.0740879 0.0736713 0.0711305 0.0670015 0.0617563 0.0557754 0.0493523 0.0427175 0.0360728 0.0296163 0.0235456 0.0180409 0.0132452 0.00925152 0.00609628 0.00375494
 0.00923106 0.0148237 0.0219881 0.0305495 0.0401577 0.0501691 0.0595931 0.0672957 0.0723971 0.0745627 0.0739914 0.0711926 0.0667642 0.0612638 0.0551463 0.0487386 0.0422511 0.0358228 0.0295751 0.0236464 0.0181968 0.0133868 0.00934552 0.00614218 0.00376875
 0.00927922 0.0148988 0.0220961 0.0306952 0.0403466 0.0504084 0.0598908 0.0676565 0.0728143 0.0750093 0.0744137 0.0715135 0.0669011 0.0611582 0.054793 0.0481974 0.041631 0.0352431 0.0291231 0.0233535 0.0180421 0.0133219 0.00932292 0.00613165 0.00375859
 0.00924982 0.0148592 0.0220516 0.0306562 0.0403263 0.0504189 0.0599411 0.0677522 0.0729597 0.0752073 0.0746613 0.0717943 0.0671785 0.0613777 0.0548981 0.0481532 0.0414433 0.0349606 0.0288179 0.0230905 0.0178562 0.0132137 0.00927122 0.00611078 0.00375017
 0.00924093 0.0148446 0.0220299 0.0306271 0.040292 0.0503857 0.0599197 0.0677557 0.0729999 0.0752909 0.0747877 0.0719562 0.0673622 0.0615618 0.0550528 0.0482453 0.0414477 0.0348736 0.0286623 0.0229075 0.0176876 0.0130856 0.00918917 0.0060657 0.00372826
 0.00919277 0.0147783 0.0219519 0.0305505 0.0402322 0.0503547 0.0599208 0.0677849 0.0730496 0.0753556 0.0748664 0.0720503 0.0674721 0.0616832 0.0551746 0.0483498 0.0415146 0.0348871 0.0286193 0.0228209 0.0175815 0.0129852 0.00911097 0.00601411 0.00369888
 0.00916705 0.0147235 0.0218466 0.0303703 0.0399597 0.0499931 0.059504 0.0673731 0.0727119 0.0751463 0.0748098 0.0721407 0.0676829 0.061979 0.0555184 0.0487059 0.0418502 0.0351743 0.0288398 0.0229697 0.0176671 0.0130254 0.00912511 0.00601716 0.00369907
 0.00926287 0.0148572 0.022006 0.0305276 0.0400757 0.0500273 0.0594254 0.0671707 0.0724014 0.0747718 0.0744354 0.0718326 0.0674898 0.0619196 0.0555813 0.0488593 0.0420538 0.0353892 0.0290344 0.0231239 0.017774 0.0130893 0.00915745 0.00603057 0.00370344
 0.00914302 0.014697 0.0218281 0.0303713 0.0399827 0.0500191 0.0594884 0.0672577 0.0724527 0.0747425 0.0743155 0.0716503 0.0672986 0.0617768 0.0555283 0.0489097 0.0421937 0.0355861 0.0292498 0.0233244 0.0179378 0.0132084 0.00923484 0.00607579 0.00372734
 0.00885187 0.014294 0.0213526 0.0299064 0.0396352 0.0498844 0.0596176 0.0676408 0.0730208 0.0753848 0.0749068 0.0720846 0.0675189 0.0617887 0.0553892 0.0487005 0.0419877 0.0354285 0.0291538 0.02328 0.0179251 0.013209 0.00923742 0.006076 0.00372532
 0.00841517 0.013631 0.0204461 0.0287824 0.0383681 0.0485973 0.0584746 0.0668222 0.072676 0.0755786 0.0755895 0.0731059 0.0686805 0.0629069 0.0563415 0.0494415 0.0425342 0.0358299 0.0294611 0.0235277 0.0181283 0.0133706 0.0093575 0.00615765 0.00377562
#obs surv len freq
 nan nan nan nan nan nan nan nan nan nan nan nan nan nan nan nan nan nan nan nan nan nan nan nan nan
 0.00449225 0.00735691 0.0111898 0.0160077 0.0217081 0.0279817 0.0342928 0.0400207 0.0446971 0.0481582 0.0505137 0.0520075 0.052898 0.053409 0.0537222 0.0539762 0.0542541 0.0545465 0.0546849 0.0542768 0.052715 0.0493477 0.0437984 0.0362798 0.0276649
 0.00461412 0.00756055 0.0115059 0.0164671 0.0223334 0.028775 0.0352245 0.0410271 0.0456905 0.049046 0.0512166 0.0524708 0.0530958 0.0533427 0.0534156 0.0534677 0.0535878 0.0537652 0.0538281 0.0533815 0.0518205 0.0484975 0.0430377 0.035647 0.0271813
 0.00477763 0.00782545 0.0119033 0.0170262 0.0230774 0.0297131 0.036342 0.0422783 0.0469999 0.0503169 0.0523446 0.0533581 0.0536655 0.0535491 0.0532485 0.0529496 0.0527656 0.0527 0.0525872 0.052036 0.0504457 0.047174 0.0418453 0.0346515 0.026419
 0.00496641 0.0081349 0.0123736 0.0176959 0.0239756 0.0308473 0.0376863 0.0437706 0.0485513 0.0518281 0.053719 0.0545066 0.0545071 0.0540147 0.0532889 0.0525447 0.0519292 0.0514797 0.0510586 0.0502972 0.0486129 0.0453746 0.040205 0.0332727 0.0253593
 0.00517617 0.0084783 0.012895 0.0184384 0.0249733 0.0321124 0.0391953 0.0454589 0.050321 0.0535661 0.0553144 0.0558616 0.0555399 0.0546578 0.053488 0.0522609 0.0511461 0.0502129 0.0493647 0.0482771 0.0464092 0.0431587 0.0381525 0.0315299 0.0240114
 0.00540382 0.00885122 0.0134616 0.0192458 0.0260584 0.0334882 0.0408362 0.0472953 0.0522487 0.0554654 0.0570684 0.057367 0.05671 0.0554224 0.0537909 0.0520586 0.0504102 0.0489386 0.0475856 0.0460805 0.0439432 0.040622 0.0357625 0.0294758 0.0224097
 0.00563662 0.00923275 0.0140416 0.020073 0.0271716 0.0349019 0.0425256 0.0491906 0.0542442 0.0574394 0.0589017 0.058954 0.0579625 0.0562687 0.0541734 0.0519309 0.0497373 0.0477037 0.0458054 0.043826 0.0413555 0.0379089 0.033166 0.0272167 0.0206319
 0.00589436 0.00965383 0.0146792 0.0209779 0.0283823 0.0364296 0.0443382 0.0512073 0.0563474 0.0594967 0.0607881 0.0605636 0.0592115 0.057093 0.0545242 0.0517692 0.0490319 0.0464357 0.0439829 0.0415077 0.0386727 0.035068 0.0304198 0.0248054 0.0187196
 0.00613689 0.0100528 0.0152883 0.0218502 0.0295599 0.0379272 0.0461267 0.0532075 0.0584412 0.0615502 0.0626734 0.0621719 0.0604573 0.0579132 0.0548734 0.0516141 0.0483469 0.0452043 0.0422106 0.0392449 0.0360384 0.0322582 0.0276826 0.022384 0.0167861
 0.00639359 0.0104723 0.0159236 0.0227521 0.0307673 0.0394516 0.047936 0.0552202 0.0605371 0.0635929 0.0645324 0.0637369 0.0616437 0.0586618 0.0551464 0.0513882 0.0476074 0.0439443 0.0404405 0.037013 0.033455 0.0295064 0.024998 0.0200021 0.0148772
 0.00660762 0.0108272 0.016471 0.023544 0.0318465 0.0408346 0.0495966 0.0570836 0.0624909 0.0655094 0.0662888 0.0652282 0.0627869 0.0593959 0.0554308 0.0511985 0.0469308 0.0427784 0.0387998 0.0349452 0.0310625 0.0269563 0.0225059 0.0177853 0.0130952
 0.00684166 0.0112076 0.0170434 0.0243512 0.0329206 0.0421846 0.0511946 0.058859 0.064339 0.0673086 0.0679214 0.0665929 0.0638059 0.0600159 0.0556201 0.0509417 0.0462233 0.0416248 0.0372196 0.0329872 0.0288224 0.024586 0.0201996 0.0157382 0.0114506
 0.00703278 0.0115248 0.0175325 0.0250583 0.0338818 0.0434107 0.0526561 0.0604827 0.0660196 0.0689319 0.0693825 0.0678064 0.064707 0.0605589 0.0557759 0.0506954 0.0455714 0.0405741 0.0357915 0.0312289 0.0268216 0.022478 0.0181547 0.0139263 0.00999619
 0.00727297 0.0119118 0.0181081 0.0258591 0.0349312 0.0447082 0.054165 0.062125 0.0676857 0.0705004 0.0707415 0.0688686 0.0654156 0.0608867 0.0557183 0.0502621 0.0447785 0.0394422 0.0343495 0.0295253 0.0249368 0.0205309 0.0162919 0.0122918 0.00869286
 0.00742151 0.0121644 0.0185086 0.026454 0.0357591 0.045782 0.0554567 0.0635621 0.0691648 0.0719094 0.0719798 0.0698566 0.0660972 0.0612285 0.0557076 0.0499037 0.0440899 0.0384492 0.0330871 0.0280432 0.0233095 0.0188619 0.0147049 0.0109062 0.00759214
 0.00749872 0.0122892 0.0186965 0.0267221 0.036127 0.0462711 0.0560849 0.0643357 0.0700688 0.0729016 0.0729923 0.0708056 0.066898 0.0618095 0.0560185 0.0499169 0.0437986 0.0378645 0.0322364 0.0269729 0.0220882 0.0175817 0.0134723 0.00982197 0.0067271
 0.00760873 0.0124584 0.0189331 0.0270276 0.0364967 0.0466957 0.0565528 0.064835 0.0705903 0.0734402 0.0735432 0.0713558 0.0674189 0.0622551 0.0563333 0.0500483 0.0437077 0.0375333 0.0316707 0.0262034 0.0211714 0.0165966 0.0125104 0.00896936 0.00604394
 0.00766256 0.0125466 0.0190666 0.0272158 0.0367446 0.0469995 0.0568973 0.0651956 0.0709414 0.0737648 0.0738389 0.0716322 0.0676869 0.062515 0.0565662 0.0502168 0.0437648 0.0374359 0.0313936 0.0257485 0.0205712 0.015911 0.0118151 0.00833827 0.00553063
 0.00771247 0.0126193 0.0191607 0.0273258 0.0368637 0.047124 0.0570287 0.0653392 0.0711011 0.07394 0.0740235 0.0718188 0.0678707 0.0626943 0.056738 0.0503687 0.0438716 0.0374628 0.0313067 0.025529 0.0202262 0.0154757 0.0113453 0.00789413 0.00515961
 0.00775795 0.0126886 0.0192562 0.0274454 0.0370007 0.0472673 0.057164 0.0654526 0.0711846 0.0739949 0.0740611 0.0718545 0.0679176 0.0627581 0.0568166 0.0504531 0.0439457 0.0375034 0.0312869 0.0254265 0.0200337 0.0152079 0.011037 0.00758934 0.00489679
 0.0078229 0.0127879 0.0193937 0.02762 0.0372057 0.0474906 0.0573883 0.0656565 0.0713456 0.0740959 0.0740955 0.0718289 0.0678492 0.0626695 0.0567282 0.0503769 0.0438828 0.0374439 0.0312134 0.0253199 0.0198819 0.0150127 0.0108157 0.00736945 0.00470496
 0.0078542 0.0128377 0.0194663 0.0277181 0.0373295 0.0476364 0.0575469 0.0658142 0.0714864 0.0742052 0.0741633 0.0718514 0.0678294 0.0626162 0.0566544 0.0502966 0.043806 0.0373734 0.0311432 0.0252389 0.0197794 0.0148853 0.0106708 0.00722274 0.00457424
 0.00788031 0.0128743 0.0195108 0.0277651 0.0373726 0.0476717 0.0575754 0.0658407 0.071517 0.0742434 0.0742078 0.0718965 0.0678675 0.0626407 0.0566623 0.050289 0.043787 0.0373471 0.0311107 0.0251971 0.0197235 0.0148126 0.0105844 0.00713194 0.00449059
 0.00787662 0.0128719 0.0195134 0.0277775 0.0373985 0.0477105 0.0576208 0.0658827 0.0715466 0.0742577 0.0742112 0.0718976 0.0678736 0.062654 0.0566795 0.0503046 0.0437962 0.0373472 0.031101 0.0251768 0.0196914 0.0147686 0.0105309 0.00707452 0.00443663
 0.0078962 0.0128943 0.0195302 0.0277761 0.0373672 0.0476453 0.0575297 0.0657839 0.0714614 0.0742014 0.074189 0.0719062 0.0679065 0.0627051 0.0567432 0.0503752 0.0438667 0.0374108 0.0311517 0.0252109 0.0197075 0.0147673 0.0105153 0.00704981 0.00440917
 0.0078833 0.0128768 0.0195097 0.0277548 0.0373457 0.0476196 0.0574913 0.0657237 0.0713761 0.0740992 0.0740888 0.0718307 0.0678724 0.0627178 0.0567973 0.0504585 0.0439653 0.0375116 0.031244 0.0252871 0.0197631 0.0148013 0.0105301 0.00705041 0.00440153
 0.00788594 0.0128722 0.019487 0.0276998 0.037246 0.0474723 0.0573077 0.065527 0.0711935 0.0739518 0.0739873 0.0717779 0.0678681 0.0627616 0.0568871 0.0505875 0.0441211 0.0376783 0.0314057 0.0254304 0.0198792 0.0148869 0.0105865 0.00708256 0.00441645
 0.00787102 0.012852 0.0194634 0.0276755 0.0372215 0.0474426 0.057262 0.065453 0.0710846 0.0738142 0.0738404 0.0716468 0.0677752 0.0627198 0.0568991 0.0506486 0.0442217 0.0378053 0.0315438 0.0255644 0.0199968 0.0149801 0.0106531 0.00712496 0.00444009
 0.00788269 0.0128624 0.0194636 0.027653 0.037165 0.0473483 0.0571371 0.0653141 0.07095 0.073696 0.0737423 0.0715686 0.0677184 0.0626904 0.056905 0.0506947 0.0443068 0.0379214 0.0316782 0.0257024 0.0201244 0.015087 0.0107341 0.00718031 0.00447392
 0.00786136 0.0128322 0.0194259 0.0276105 0.0371194 0.0472971 0.0570736 0.0652301 0.0708426 0.0735721 0.073618 0.0714629 0.0676459 0.0626579 0.0569131 0.0507406 0.0443866 0.0380295 0.0318057 0.0258375 0.0202542 0.0152002 0.0108236 0.00724432 0.0045151
 0.00781291 0.0127535 0.0193083 0.0274477 0.0369106 0.0470509 0.0568098 0.0649771 0.0706291 0.0734181 0.0735309 0.07144 0.0676805 0.0627431 0.0570421 0.0509059 0.0445788 0.0382378 0.0320189 0.0260437 0.020442 0.0153599 0.0109492 0.00733482 0.00457449
 0.00779697 0.0127221 0.019251 0.0273516 0.0367634 0.0468467 0.0565542 0.0646894 0.0703397 0.0731615 0.0733375 0.0713298 0.0676592 0.0628041 0.0571709 0.0510853 0.0447921 0.0384697 0.0322551 0.0262711 0.0206482 0.0155352 0.0110878 0.00743579 0.00464168
 0.00777167 0.0126809 0.0191884 0.0272619 0.0366408 0.0466866 0.056355 0.0644552 0.0700823 0.0729014 0.0731019 0.0711477 0.0675551 0.0627915 0.0572496 0.0512423 0.0450067 0.0387187 0.0325162 0.026525 0.0208791 0.0157317 0.0112432 0.00754939 0.00471776
 0.00774015 0.0126284 0.0191074 0.027145 0.0364829 0.0464876 0.0561224 0.0642036 0.0698305 0.072668 0.0729028 0.0709964 0.0674642 0.062772 0.0573083 0.0513786 0.0452103 0.0389706 0.0327928 0.0268019 0.0211353 0.0159515 0.011418 0.00767747 0.00480381
 0.00934216 0.014871 0.0218141 0.0299279 0.0388557 0.0480448 0.056682 0.0638341 0.068769 0.0711991 0.0712695 0.0693668 0.0659383 0.0614036 0.0561239 0.0503887 0.0444143 0.0383584 0.0323452 0.0264929 0.0209357 0.0158321 0.0113531 0.00764631 0.00479123
 0.00930163 0.0151057 0.0226976 0.0319257 0.0423232 0.0529542 0.0624482 0.0694107 0.0730203 0.0733483 0.071155 0.0673843 0.0627656 0.0577096 0.0524029 0.0469336 0.041366 0.0357673 0.030214 0.0247989 0.0196401 0.0148846 0.0106956 0.00721702 0.0045298
 0.00897186 0.0145837 0.0219603 0.0310192 0.041418 0.0523845 0.062673 0.0708499 0.0758037 0.077128 0.0751471 0.0706671 0.0646644 0.0580314 0.0514068 0.0451148 0.0392221 0.0336626 0.0283549 0.0232705 0.0184536 0.014012 0.0100894 0.00682171 0.00428966
 0.00879006 0.0142779 0.0214818 0.0303195 0.0404671 0.0512044 0.0613807 0.0696866 0.0751155 0.0772715 0.0763313 0.0728037 0.0673324 0.0606137 0.0533398 0.046104 0.0393012 0.0330946 0.027469 0.0223366 0.0176343 0.0133739 0.00963595 0.00652465 0.00411
 0.00872322 0.0141635 0.021298 0.0300395 0.0400616 0.0506482 0.060665 0.0688364 0.0742103 0.0764609 0.0758263 0.0728238 0.0680101 0.0618993 0.0549757 0.0477085 0.0405253 0.0337572 0.0275945 0.0220903 0.0172184 0.0129473 0.00928586 0.00627693 0.00395418
 0.00872471 0.0141589 0.0212773 0.0299876 0.0399594 0.0504759 0.0604054 0.0684782 0.0737535 0.0759262 0.0752688 0.072343 0.0677398 0.0619668 0.0554373 0.0484985 0.0414604 0.0346073 0.0281818 0.0223544 0.017213 0.0127857 0.00907823 0.00609415 0.00382372
 0.00870341 0.0141307 0.0212465 0.0299604 0.0399406 0.0504633 0.0603861 0.0684297 0.0736498 0.075747 0.0750094 0.0720232 0.0674102 0.0617058 0.0553332 0.0486131 0.0417915 0.0350757 0.0286599 0.0227236 0.0174135 0.0128286 0.00902025 0.00599898 0.00373551
 0.00869658 0.0141179 0.0212245 0.0299264 0.0398939 0.0504074 0.0603293 0.0683813 0.073614 0.075717 0.0749675 0.0719489 0.0672929 0.0615573 0.0551913 0.0485315 0.0418168 0.0352209 0.0288918 0.0229757 0.0176181 0.0129479 0.00905605 0.00597986 0.00369512
 0.00868476 0.0140984 0.0211946 0.0298832 0.0398353 0.0503329 0.0602414 0.0682869 0.0735236 0.075642 0.074916 0.0719205 0.067279 0.0615457 0.0551755 0.0485193 0.041829 0.03528 0.0290052 0.0231271 0.0177731 0.013072 0.0091312 0.00600896 0.00369432
 0.00867296 0.0140824 0.021176 0.0298653 0.0398212 0.0503238 0.0602352 0.0682786 0.0735074 0.075615 0.0748792 0.0718789 0.0672385 0.0615101 0.0551459 0.0484961 0.0418162 0.0352861 0.0290387 0.0231886 0.0178519 0.0131496 0.00919098 0.00604382 0.00370744
 0.00866886 0.0140731 0.0211576 0.0298332 0.0397723 0.0502592 0.0601617 0.0682073 0.0734499 0.0755781 0.0748631 0.0718789 0.0672481 0.0615245 0.0551629 0.0485157 0.0418395 0.0353159 0.0290782 0.0232394 0.0179112 0.0132098 0.00924266 0.00608053 0.00372829
 0.00866421 0.0140673 0.021152 0.0298294 0.0397711 0.0502591 0.0601584 0.0681956 0.0734264 0.0755439 0.0748243 0.0718431 0.0672214 0.0615089 0.0551571 0.048517 0.0418465 0.0353284 0.0290975 0.0232663 0.0179448 0.0132464 0.00927689 0.0061077 0.00374629
 0.00863924 0.0140293 0.0210996 0.0297637 0.0396957 0.0501799 0.0600832 0.0681325 0.0733817 0.0755202 0.07482 0.0718545 0.067245 0.0615424 0.055199 0.0485654 0.0418986 0.0353816 0.02915 0.0233171 0.017993 0.0132904 0.00931458 0.00613704 0.00376656
 0.00862764 0.0140085 0.021065 0.0297103 0.0396199 0.0500823 0.0599706 0.0680175 0.0732799 0.0754456 0.0747811 0.0718526 0.0672752 0.0615967 0.0552686 0.0486431 0.0419789 0.0354605 0.0292244 0.0233851 0.0180531 0.0133415 0.00935584 0.0061681 0.00378794
 0.00864056 0.014026 0.0210847 0.0297273 0.0396276 0.0500738 0.0599406 0.0679643 0.0732064 0.0753599 0.0746953 0.0717796 0.0672257 0.0615757 0.0552754 0.0486721 0.0420229 0.0355125 0.0292789 0.0234378 0.0181011 0.013383 0.00938954 0.00619361 0.0038057
 0.00864056 0.014026 0.0210847 0.0297273 0.0396276 0.0500738 0.0599406 0.0679643 0.0732064 0.0753599 0.0746953 0.0717796 0.0672257 0.0615757 0.0552754 0.0486721 0.0420229 0.0355125 0.0292789 0.0234378 0.0181011 0.013383 0.00938954 0.00619361 0.0038057
 0.00872014 0.0141572 0.0212844 0.0300092 0.0399961 0.050515 0.0604163 0.068415 0.073565 0.0755716 0.0747331 0.0716496 0.0669602 0.061222 0.0548828 0.0482827 0.041666 0.0352047 0.0290264 0.02324 0.0179534 0.0132783 0.00931983 0.00615035 0.00378089
 0.00870845 0.0141455 0.0212807 0.0300271 0.0400524 0.0506259 0.0605921 0.0686537 0.073849 0.0758666 0.0749941 0.0718318 0.0670327 0.0611771 0.0547363 0.0480672 0.0414195 0.0349606 0.0288082 0.02306 0.0178149 0.0131786 0.0092527 0.00610831 0.00375657
#pred catch len freq
 0.00429354 0.00681307 0.0099765 0.0137228 0.0180165 0.0228233 0.0280402 0.0334629 0.0388242 0.0438597 0.0483505 0.0521455 0.0551724 0.057433 0.0589754 0.0598601 0.0601373 0.0598293 0.0588955 0.0571745 0.0543492 0.0500194 0.0439263 0.0362353 0.0276636
 0.00461501 0.00723712 0.010436 0.0141036 0.0182003 0.0227494 0.0277465 0.0330729 0.0384822 0.0436539 0.0482724 0.0521076 0.0550679 0.0572007 0.0586375 0.0595163 0.0599203 0.0598397 0.0591472 0.0575787 0.0547512 0.050271 0.0439533 0.0360608 0.0273783
 0.00492264 0.00772918 0.0111545 0.0150637 0.0193666 0.0240133 0.0289252 0.0339533 0.0389039 0.0435845 0.0478201 0.0514526 0.0543634 0.0565131 0.0579598 0.0588293 0.0592443 0.0592385 0.0586849 0.0572695 0.054541 0.0500683 0.0436856 0.0357146 0.0269979
 0.00526709 0.00826397 0.0119154 0.0160746 0.0206428 0.0255598 0.0307179 0.0359058 0.0408422 0.0452599 0.0489738 0.051911 0.0541054 0.0556639 0.0567165 0.0573767 0.0577139 0.0577165 0.0572348 0.0559366 0.0533434 0.0489966 0.0427231 0.0348616 0.0262768
 0.00565201 0.00886061 0.0127603 0.0171861 0.022024 0.0272026 0.0326012 0.037988 0.0430485 0.047468 0.0510034 0.0535328 0.0550871 0.0558424 0.0560599 0.0559936 0.0558051 0.0555044 0.0549112 0.0536447 0.0511827 0.0470358 0.0410113 0.0334356 0.025159
 0.00600171 0.00941181 0.0135587 0.0182657 0.0234058 0.0288903 0.0345735 0.040191 0.0453956 0.0498456 0.0532759 0.0555423 0.0566534 0.0567772 0.0562034 0.0552651 0.0542403 0.0532538 0.0522003 0.0507192 0.0482668 0.0443134 0.0386217 0.0314704 0.0236571
 0.00633439 0.0099338 0.014311 0.0192787 0.0247007 0.0304785 0.0364497 0.0423224 0.0477139 0.0522467 0.0556267 0.0576921 0.0584439 0.0580498 0.0568074 0.0550748 0.0531868 0.0513599 0.0495976 0.047634 0.0449798 0.0411086 0.0357421 0.0290849 0.0218418
 0.0066966 0.0104953 0.0151068 0.0203277 0.0260094 0.0320449 0.0382616 0.0443495 0.0499011 0.0545116 0.0578614 0.0597692 0.0602249 0.059394 0.0575785 0.0551494 0.0524689 0.0498079 0.0472571 0.0446596 0.041628 0.0376965 0.0325824 0.0264197 0.0197979
 0.00705078 0.011044 0.015883 0.0213468 0.0272714 0.0335372 0.0399578 0.0462059 0.0518569 0.0564931 0.0597875 0.061553 0.0617732 0.0606059 0.0583458 0.0553602 0.0520181 0.0486195 0.0453173 0.0420522 0.0385508 0.0344413 0.0294752 0.0237402 0.0177131
 0.00740101 0.0115951 0.016679 0.0224181 0.0286315 0.0351781 0.0418412 0.0482579 0.0539731 0.058554 0.0616774 0.0631744 0.0630521 0.0614885 0.0587871 0.0553109 0.0514186 0.0474099 0.0434667 0.0395994 0.0356376 0.031314 0.0264387 0.0210797 0.0156159
 0.00766638 0.0120221 0.0173144 0.0233056 0.0298071 0.0366608 0.0436193 0.0502769 0.056133 0.0607192 0.0636952 0.0648987 0.0643668 0.0623203 0.0591041 0.0551059 0.0506895 0.0461482 0.0416689 0.0372987 0.0329416 0.0284209 0.0236114 0.0185792 0.0136256
 0.00794935 0.0124595 0.0179325 0.0241191 0.0308243 0.0378886 0.045061 0.0519214 0.0579402 0.0626097 0.0655512 0.0665777 0.0657255 0.0632408 0.0595113 0.0549701 0.0500143 0.0449553 0.0399907 0.0351903 0.0305058 0.0258258 0.0210779 0.0163312 0.0118266
 0.0083119 0.0130131 0.0186994 0.0250975 0.0319925 0.0392123 0.0464974 0.053421 0.0594493 0.0640743 0.0669169 0.0677853 0.0667053 0.0639145 0.0598029 0.054821 0.0493941 0.0438648 0.0384602 0.0332822 0.0283239 0.0235225 0.0188425 0.0143527 0.0102424
 0.00876803 0.0137083 0.0196595 0.0263165 0.0334369 0.0408285 0.0482149 0.0551521 0.0610935 0.0655313 0.0681035 0.0686469 0.0672172 0.0640735 0.059613 0.0542834 0.0485058 0.0426262 0.0368885 0.0314249 0.0262696 0.0214032 0.0168191 0.0125815 0.00883417
 0.00914589 0.0142918 0.0204805 0.0273844 0.0347386 0.0423295 0.0498559 0.0568466 0.0627332 0.0670003 0.0692963 0.0694841 0.0676556 0.0641067 0.0592651 0.0535937 0.0475141 0.0413652 0.0353885 0.029728 0.0244458 0.019557 0.0150792 0.0110724 0.00764177
 0.00949025 0.0148227 0.0212263 0.0283539 0.0359226 0.0437027 0.0513746 0.0584427 0.0643136 0.0684539 0.0705091 0.0703566 0.068119 0.0641338 0.0588705 0.0528247 0.0464349 0.0400421 0.0338826 0.0280986 0.0227616 0.0179042 0.0135571 0.00977398 0.00662801
 0.0096331 0.0150646 0.0216084 0.0289205 0.0367125 0.0447339 0.052629 0.0598598 0.0657968 0.0698871 0.071774 0.0713474 0.0687532 0.0643618 0.0586809 0.0522436 0.0455182 0.0388629 0.0325196 0.0266306 0.0212676 0.0164665 0.0122578 0.00868327 0.00578712
 0.00953933 0.0149415 0.0214794 0.0288314 0.0367264 0.0449193 0.0530444 0.0605381 0.0667309 0.0710212 0.0730061 0.072546 0.0697846 0.0651153 0.0590858 0.052274 0.0451895 0.0382231 0.0316389 0.0255914 0.0201575 0.0153723 0.0112595 0.00784349 0.00514049
 0.00943032 0.0147732 0.0212443 0.0285329 0.0363837 0.044572 0.0527554 0.0603877 0.0668007 0.0713685 0.0736411 0.0734203 0.0707967 0.0661319 0.059971 0.0529178 0.0455265 0.0382382 0.0313617 0.0250847 0.0195039 0.014661 0.0105736 0.00724837 0.00467434
 0.00950068 0.0148561 0.0213111 0.0285381 0.0362777 0.0443232 0.052369 0.0599139 0.0663267 0.0709993 0.0734748 0.0735226 0.0711809 0.0667502 0.0607232 0.0536753 0.0461647 0.0386654 0.0315359 0.0250149 0.0192403 0.0142782 0.0101513 0.00685412 0.00435235
 0.00952976 0.0148953 0.0213535 0.0285675 0.0362677 0.0442378 0.05217 0.0595744 0.0658498 0.0704337 0.0729144 0.0730862 0.0709765 0.0668392 0.061099 0.0542651 0.0468505 0.0393183 0.0320498 0.0253305 0.0193514 0.014223 0.0099924 0.00665686 0.00416738
 0.00947939 0.0148289 0.0212815 0.0285081 0.0362392 0.0442483 0.0522078 0.0596065 0.0658306 0.0703217 0.0726926 0.0727771 0.0706444 0.0665739 0.0609845 0.0543465 0.0471151 0.0396999 0.0324541 0.025669 0.0195691 0.0143086 0.00997178 0.00657453 0.00406693
 0.00954919 0.0149223 0.0213861 0.028602 0.0363004 0.0442667 0.0521922 0.0595797 0.0658132 0.0703155 0.0726752 0.0727139 0.070511 0.0663768 0.0607658 0.0541684 0.0470319 0.0397322 0.0325796 0.025835 0.0197177 0.0144007 0.00999783 0.00654963 0.00401695
 0.00958402 0.0149776 0.0214657 0.028706 0.0364221 0.0443903 0.052294 0.0596349 0.0658073 0.0702531 0.072577 0.0726038 0.0704018 0.0662666 0.0606484 0.0540479 0.0469284 0.0396718 0.0325777 0.0258844 0.0197919 0.0144682 0.0100375 0.00655739 0.00400211
 0.00957442 0.0149638 0.0214486 0.0286883 0.0364083 0.044386 0.0523035 0.0596586 0.0658392 0.0702805 0.0725867 0.0725887 0.0703649 0.0662183 0.0605995 0.0540053 0.0468964 0.0396558 0.0325841 0.0259156 0.0198412 0.0145216 0.0100803 0.00658171 0.00400878
 0.00956041 0.014942 0.0214178 0.0286486 0.0363613 0.0443354 0.0522558 0.0596222 0.0658221 0.0702874 0.0726156 0.0726306 0.0704071 0.0662498 0.0606153 0.0540076 0.0468917 0.0396522 0.0325884 0.0259317 0.0198683 0.0145542 0.0101107 0.00660364 0.00402028
 0.00954318 0.014911 0.0213656 0.028567 0.0362439 0.0441814 0.0520736 0.05943 0.0656449 0.070151 0.0725402 0.0726258 0.0704695 0.0663644 0.0607603 0.0541609 0.047037 0.0397811 0.0326995 0.0260268 0.0199496 0.0146222 0.0101644 0.00664216 0.00404451
 0.00947178 0.0148064 0.0212294 0.0284068 0.0360701 0.0440024 0.0518929 0.0592488 0.0654674 0.0699892 0.0724141 0.0725585 0.0704783 0.0664539 0.0609201 0.0543687 0.0472657 0.0400059 0.032903 0.0262002 0.0200905 0.0147318 0.0102454 0.00669835 0.00408028
 0.00937547 0.0146625 0.0210366 0.0281728 0.0358104 0.0437363 0.051641 0.0590296 0.0652947 0.0698702 0.07235 0.0725478 0.0705213 0.0665528 0.0610757 0.054575 0.0475079 0.0402628 0.033152 0.0264231 0.0202763 0.0148768 0.0103516 0.00677094 0.00412621
