SBPRF35
12.7214
Curr Bio
739312
B35
873758
F35
0.170885
FOFL
0.144549
OFL
89293.6
Bzero
3.63469e+06
#pred survey bio
 3.61899e+06 3.49839e+06 3.38778e+06 3.22726e+06 3.03519e+06 2.80721e+06 2.5471e+06 2.2869e+06 2.04627e+06 1.80699e+06 1.61219e+06 1.41776e+06 1.26335e+06 1.12979e+06 1.00556e+06 905620 811863 719338 664443 626969 602354 575705 557110 557937 552170 548968 540098 537576 543296 533670 538284 557037 564209 572560 583339 603626 616584 629336 651934 653518 662918 676735 684269 685034 696371 707978 719068 720972 706829 706425 713468 706452 696758 721502 746015 2.63396e+07 1.60221e+07 1.65707e+07 1.7674e+07 1.9121e+07 2.06774e+07 2.217e+07 2.34986e+07 2.46226e+07 2.55399e+07 2.62699e+07 2.68407e+07 2.72817e+07 2.76197e+07 2.78777e+07 2.80743e+07 2.82241e+07 2.83384e+07 2.8426e+07 2.84932e+07 2.85452e+07 2.85854e+07 2.86168e+07 2.86413e+07 2.86606e+07 2.86759e+07 2.86879e+07 2.86975e+07 2.87052e+07 2.87113e+07 2.87162e+07 2.87201e+07 2.87233e+07 2.87259e+07 2.8728e+07 2.87297e+07 2.87311e+07 2.87322e+07 2.87331e+07 2.87339e+07 2.87345e+07 2.8735e+07 2.87354e+07 2.87357e+07 2.8736e+07 2.87362e+07 2.87364e+07 2.87365e+07 2.87367e+07 2.87368e+07 2.87368e+07 2.87369e+07 2.8737e+07 2.8737e+07 2.8737e+07 2.87371e+07 2.87371e+07 2.87371e+07 2.87371e+07 2.87372e+07 2.87372e+07 2.87372e+07 2.87372e+07 2.87372e+07 2.87372e+07 2.87372e+07 2.87372e+07 2.87372e+07 2.87372e+07 2.87372e+07 2.87372e+07 2.87372e+07 2.87372e+07 2.87372e+07 2.87372e+07 2.87372e+07 2.87372e+07 2.87372e+07 2.87372e+07 2.87372e+07 2.87372e+07 2.87372e+07 2.87372e+07 2.87372e+07 2.87372e+07 2.87372e+07 2.87372e+07 2.87372e+07 2.87372e+07 2.87372e+07 2.87372e+07 2.87372e+07 2.87372e+07 2.87372e+07 2.87372e+07 2.87372e+07 2.87372e+07 2.87372e+07 2.87372e+07 2.87372e+07 0 0 0 0 0 0 0 0 0 0 0 0 0 0 0 0 0 0 0 0 0 0 0 0 0
#obs survey bio
 3.3756e+06 3.8429e+06 2.64664e+06 3.28739e+06 3.53866e+06 4.23759e+06 2.51542e+06 2.16111e+06 2.1592e+06 1.57685e+06 1.54584e+06 1.13941e+06 801637 847981 1.0337e+06 973972 717411 694471 681502 526392 720331 622928 471362 491231 674570 486425 596597 616332 492961 563699 571871 583800 724625 698666 547194 597402 798687 696137 1.01189e+06 496479 621734 597745 670723 711807 739986 585611 714505 901988 846757 714987 765452 618907 584348 977017 590619
#pred catch bio
 97645 95628.9 151635 192743 239963 284584 299585 295525 306387 276911 285345 256523 243453 237910 216681 209047 203195 166233 148257 134663 133537 124017 106882 112599 110088 114141 107886 100822 112811 99438.4 87867.4 98104.6 97084.8 95410.9 88453.8 95994.1 97382.8 90763.1 109612 103359 100782 106919 112258 102729 102650 103394 111019 123105 109690 103066 114772 116196 87514.4 89755.9 105830 89293.6 105503 107869 114022 122990 132784 142113 150296 157081 162483 166653 169799 172130 173833 175064 175946 176572 177016 177328 177547 177700 177807 177881 177932 177968 177993 178010 178022 178030 178036 178040 178043 178044 178046 178047 178047 178048 178048 178048 178048 178048 178048 178049 178049 178049 178049 178049 178049 178049 178049 178049 178049 178049 178049 178049 178049 178049 178049 178049 178049 178049 178049 178049 178049 178049 178049 178049 178049 178049 178049 178049 178049 178049 178049 178049 178049 178049 178049 178049 178049 178049 178049 178049 178049 178049 178049 178049 178049 178049 178049 178049 178049 178049 178049 178049 178049 178049 178049 178049 178049 0 0 0 0 0 0 0 0 0 0 0 0 0 0 0 0 0 0 0 0 0 0 0 0 0
#obs catch bio
 0 95248.9 151951 192751 240164 285171 299580 295264 305106 275369 284178 255922 243809 239578 217105 209068 203515 166237 149042 135678 134090 124730 107004 113282 110481 115047 108691 101161 114212 100056 88106 98227.3 96969.2 95534.9 88490.2 95899.4 97272.4 90792.3 109342 103563 100677 107211 112472 102566 102143 103085 110500 122688 108932 102287 113871 115879 87125 89382.3 105949
#pred cpue bio
 3.57735e+06 3.45827e+06 3.3475e+06 3.18683e+06 2.99516e+06 2.76773e+06 2.50862e+06 2.24956e+06 2.01004e+06 1.77193e+06 1.57789e+06 1.38442e+06 1.23068e+06 1.09779e+06 974655 875949 783696 692886 639062 602474 578620 552760 534662 535385 529684 526573 517958 515615 521327 512163 516961 535552 542721 550950 561565 581522 594206 606564 628718 630285 639436 652946 660449 661452 672823 684317 695241 697232 683571 683325 690282 683383 673797 698086 722324 2.55109e+07 1.55197e+07 1.59218e+07 1.68997e+07 1.83139e+07 1.98644e+07 2.13561e+07 2.26847e+07 2.38085e+07 2.47259e+07 2.54559e+07 2.60267e+07 2.64677e+07 2.68057e+07 2.70637e+07 2.72603e+07 2.74101e+07 2.75244e+07 2.7612e+07 2.76792e+07 2.77311e+07 2.77714e+07 2.78028e+07 2.78273e+07 2.78466e+07 2.78619e+07 2.78739e+07 2.78835e+07 2.78911e+07 2.78973e+07 2.79022e+07 2.79061e+07 2.79093e+07 2.79119e+07 2.7914e+07 2.79157e+07 2.79171e+07 2.79182e+07 2.79191e+07 2.79199e+07 2.79205e+07 2.7921e+07 2.79214e+07 2.79217e+07 2.7922e+07 2.79222e+07 2.79224e+07 2.79225e+07 2.79227e+07 2.79228e+07 2.79228e+07 2.79229e+07 2.7923e+07 2.7923e+07 2.7923e+07 2.79231e+07 2.79231e+07 2.79231e+07 2.79231e+07 2.79231e+07 2.79232e+07 2.79232e+07 2.79232e+07 2.79232e+07 2.79232e+07 2.79232e+07 2.79232e+07 2.79232e+07 2.79232e+07 2.79232e+07 2.79232e+07 2.79232e+07 2.79232e+07 2.79232e+07 2.79232e+07 2.79232e+07 2.79232e+07 2.79232e+07 2.79232e+07 2.79232e+07 2.79232e+07 2.79232e+07 2.79232e+07 2.79232e+07 2.79232e+07 2.79232e+07 2.79232e+07 2.79232e+07 2.79232e+07 2.79232e+07 2.79232e+07 2.79232e+07 2.79232e+07 2.79232e+07 2.79232e+07 2.79232e+07 2.79232e+07 2.79232e+07 2.79232e+07 2.79232e+07 0 0 0 0 0 0 0 0 0 0 0 0 0 0 0 0 0 0 0 0 0 0 0 0 0
#obs cpue bio
 2.79164e+06 4.07502e+06 3.13295e+06 3.65391e+06 2.30265e+06 1.6923e+06 3.13783e+06 2.38888e+06 2.99315e+06 2.0406e+06 1.73136e+06 1.42449e+06 1.50348e+06 1.04241e+06 1.14757e+06 912806 874910 691533 449710 541130 585012 430272 672449 477772 442598 450308 408065 475612 368762 534522 483617 689737 478287 383716 547944 764209 479934 382851 715910 495086 843218 564035 770522 746162 946989 706928 866151 607241 740273 756018 819934 629871 722038 595910 665363
#pred surv len freq
 0.00419756 0.00693137 0.0106485 0.0153987 0.0210989 0.0274367 0.0338577 0.0397202 0.044544 0.0481637 0.0506899 0.0523581 0.0534004 0.0539936 0.0542603 0.0542907 0.0541669 0.0539621 0.053684 0.05316 0.05194 0.0493498 0.0447778 0.0380891 0.0298799
 0.00451126 0.00734895 0.0111091 0.015796 0.0213199 0.0274179 0.0336221 0.0393673 0.0441952 0.0478995 0.0505207 0.0522446 0.053302 0.0539105 0.0542422 0.0544099 0.0544704 0.0544287 0.0542083 0.0535787 0.0520944 0.0491572 0.0442711 0.0373997 0.0291744
 0.00457643 0.00751996 0.011479 0.016471 0.0223684 0.0288046 0.0351721 0.0408027 0.045242 0.0484037 0.0504977 0.0518349 0.052679 0.0532095 0.0535463 0.0537732 0.0539354 0.0540159 0.0538895 0.0532679 0.0516771 0.0485498 0.0434732 0.0365008 0.0283101
 0.00470293 0.00770959 0.0117404 0.0168171 0.0228311 0.0294459 0.036071 0.0420088 0.0467124 0.0499689 0.0518956 0.0528094 0.0530845 0.0530553 0.0529619 0.0529335 0.0529964 0.0530821 0.0530043 0.0524168 0.0508081 0.0476133 0.042466 0.0354832 0.0273814
 0.00485626 0.00796485 0.0121341 0.017383 0.0235901 0.0303944 0.0371765 0.0432219 0.0479878 0.0512737 0.0531882 0.0540028 0.0540334 0.0535949 0.0529795 0.052422 0.052053 0.0518576 0.0516406 0.0510067 0.0493931 0.046211 0.0411059 0.0342253 0.0263033
 0.00499725 0.00820615 0.01252 0.0179631 0.0244096 0.0314769 0.0385069 0.0447383 0.0495916 0.0528536 0.0546459 0.0552643 0.0550394 0.0542786 0.0532576 0.0522151 0.0513267 0.0506516 0.0500624 0.0491959 0.0474837 0.0443171 0.0393273 0.0326545 0.0250166
 0.00519545 0.00852772 0.0130035 0.0186462 0.0253242 0.0326413 0.0399138 0.0463467 0.0513259 0.0546116 0.0563122 0.056726 0.0562004 0.0550655 0.0536147 0.0520949 0.0506912 0.0494905 0.0484174 0.047171 0.0452334 0.0420202 0.0371597 0.0307643 0.0235022
 0.00541553 0.00888904 0.0135536 0.019431 0.0263786 0.0339746 0.0414966 0.048108 0.0531664 0.0564245 0.0579988 0.0581998 0.0573838 0.055888 0.0540129 0.052015 0.0500915 0.0483494 0.0467502 0.0450506 0.0428008 0.0394736 0.0347199 0.0286281 0.0217996
 0.00566719 0.00929392 0.0141554 0.0202684 0.0274795 0.035346 0.0431127 0.0499043 0.0550463 0.0582755 0.0597109 0.0596784 0.0585541 0.0566918 0.0544023 0.0519454 0.0495209 0.0472467 0.0451133 0.0429305 0.0403217 0.0368318 0.0321535 0.0263618 0.0199878
 0.00598984 0.00981406 0.0149294 0.0213442 0.0288856 0.0370759 0.04511 0.0520605 0.057219 0.0603188 0.0615014 0.0611257 0.0595996 0.0573004 0.0545528 0.0516215 0.0487049 0.0459215 0.0432776 0.0406259 0.0376595 0.0340022 0.0293999 0.0239239 0.0180358
 0.0062499 0.0102423 0.0155838 0.0222815 0.0301497 0.038679 0.0470138 0.0541701 0.0593967 0.0624117 0.0633684 0.0626551 0.060714 0.0579546 0.0547256 0.0513053 0.0478959 0.0446172 0.0414863 0.0383893 0.0350797 0.0312553 0.026717 0.0215387 0.0161192
 0.00658682 0.0107842 0.0163885 0.023399 0.0316126 0.0404879 0.0491211 0.0564731 0.0617489 0.0646481 0.0653328 0.0642198 0.06179 0.0584938 0.0547157 0.0507579 0.0468336 0.0430656 0.0394775 0.0359796 0.0323748 0.0284248 0.0239813 0.0191207 0.014182
 0.00686564 0.0112395 0.0170773 0.0243744 0.0329129 0.042119 0.0510396 0.0585824 0.0639144 0.0667235 0.0671837 0.0657349 0.0628833 0.0591046 0.0548089 0.0503233 0.0458818 0.0416232 0.0375874 0.0337099 0.029836 0.0257803 0.0214346 0.0168748 0.0123848
 0.00702381 0.0115205 0.0175441 0.0251002 0.0339641 0.0435287 0.0527827 0.0605679 0.0660013 0.0687527 0.0690075 0.0672343 0.0639739 0.0597335 0.0549489 0.0499666 0.0450359 0.0403105 0.0358492 0.0316162 0.0274973 0.0233528 0.0191065 0.014829 0.010752
 0.00718339 0.0117851 0.0179531 0.0256969 0.0347913 0.0446186 0.0541424 0.0621667 0.0677647 0.0705666 0.0707327 0.0687289 0.0651168 0.0604413 0.0551801 0.0497138 0.0443142 0.0391496 0.0342943 0.0297369 0.0253989 0.0211798 0.0170292 0.01301 0.00930459
 0.00728043 0.011952 0.0182217 0.026103 0.0353686 0.0453881 0.0551023 0.0632895 0.069003 0.0718613 0.0720173 0.0699281 0.066146 0.0612131 0.0556167 0.0497603 0.0439454 0.0383702 0.0331372 0.0282649 0.0237086 0.0194022 0.0153154 0.0115024 0.00810233
 0.00739344 0.0121419 0.0185187 0.0265396 0.0359723 0.046171 0.0560508 0.06436 0.0701286 0.0729667 0.0730332 0.0707996 0.0668331 0.0616847 0.0558436 0.0497125 0.0435961 0.0377051 0.0321652 0.0270267 0.0222818 0.017898 0.0138643 0.0102267 0.00708633
 0.00763949 0.0125269 0.01907 0.0272722 0.036886 0.0472468 0.0572455 0.0656044 0.071335 0.0740436 0.0739023 0.071408 0.0671577 0.0617294 0.0556295 0.0492645 0.0429331 0.0368383 0.0311063 0.0258021 0.0209451 0.0165328 0.0125728 0.00910599 0.00620206
 0.00772856 0.0126723 0.0192897 0.0275827 0.0372987 0.0477628 0.057851 0.0662713 0.0720267 0.0747231 0.0745362 0.0719647 0.067605 0.0620347 0.0557649 0.0492118 0.042685 0.0363966 0.0304812 0.0250165 0.0200414 0.0155764 0.0116451 0.0082865 0.00554729
 0.00776123 0.012723 0.0193621 0.02768 0.0374249 0.0479239 0.0580548 0.0665254 0.0723348 0.075082 0.0749342 0.072382 0.0680147 0.0624047 0.0560592 0.0493946 0.0427258 0.036275 0.0301914 0.0245704 0.0194714 0.014935 0.0109984 0.00770045 0.00507065
 0.00777869 0.0127439 0.0193798 0.0276845 0.0374061 0.0478777 0.0579881 0.0664573 0.0722937 0.0750986 0.075033 0.0725745 0.0682943 0.0627466 0.056424 0.0497347 0.0429928 0.0364278 0.030203 0.0244337 0.0192024 0.0145722 0.0105953 0.00731337 0.00474396
 0.00788505 0.0129053 0.0196008 0.0279593 0.0377186 0.0482014 0.0582884 0.0666967 0.0724414 0.075142 0.0749838 0.0724654 0.0681677 0.0626394 0.0563566 0.0497054 0.0429806 0.0364001 0.0301263 0.0242847 0.0189767 0.0142863 0.0102829 0.00701407 0.00449089
 0.00807347 0.0131815 0.0199601 0.0283773 0.038157 0.0486184 0.0586469 0.0669678 0.0726048 0.0751871 0.0749125 0.0722942 0.0679266 0.0623666 0.0560896 0.0494717 0.04279 0.0362439 0.0299826 0.0241288 0.0187921 0.0140723 0.0100545 0.00679542 0.00430481
 0.0080397 0.0131427 0.0199304 0.0283768 0.0382027 0.0487122 0.058769 0.0670819 0.0726755 0.0751974 0.0748712 0.0722274 0.067863 0.0623257 0.0560792 0.0494909 0.0428329 0.0362996 0.0300352 0.0241599 0.0187865 0.0140246 0.00997218 0.00669569 0.00420749
 0.00803973 0.0131453 0.0199397 0.0284003 0.0382515 0.0488 0.0589073 0.0672731 0.0729045 0.0754299 0.0750612 0.0723351 0.0678709 0.0622447 0.0559404 0.049331 0.0426809 0.0361708 0.0299315 0.0240735 0.0187061 0.0139414 0.00988423 0.00660812 0.00412893
 0.00800988 0.0131002 0.0198787 0.0283256 0.038169 0.0487193 0.0588421 0.0672402 0.0729209 0.0755061 0.0751946 0.0725062 0.0680468 0.0623906 0.056033 0.0493655 0.0426697 0.0361339 0.029886 0.0240284 0.018662 0.0138957 0.00983526 0.00655791 0.00408229
 0.00800795 0.0131018 0.0198896 0.0283538 0.0382219 0.0488 0.0589466 0.0673577 0.0730373 0.0756095 0.0752786 0.0725696 0.06809 0.0624115 0.056026 0.049325 0.0425951 0.0360327 0.0297717 0.0239148 0.0185588 0.0138067 0.0097609 0.00649732 0.00403493
 0.00802955 0.0131218 0.0198925 0.0283181 0.038128 0.0486423 0.058742 0.0671432 0.0728577 0.0755009 0.0752572 0.0726307 0.0682149 0.0625752 0.056203 0.0494926 0.0427358 0.036136 0.0298358 0.023945 0.0185643 0.0137971 0.00974342 0.00647724 0.00401583
 0.00785824 0.0128745 0.0195772 0.0279599 0.0377596 0.0482897 0.0584166 0.0668465 0.0725943 0.0752901 0.0751326 0.0726273 0.0683513 0.0628431 0.0565691 0.0499098 0.0431562 0.0365212 0.0301612 0.0242004 0.0187512 0.0139243 0.00982346 0.00652304 0.00403894
 0.00787789 0.0128915 0.0195769 0.0279231 0.037672 0.048154 0.0582575 0.0667023 0.0724971 0.0752473 0.0751257 0.0726283 0.0683443 0.0628343 0.0565788 0.049956 0.0432423 0.036635 0.0302823 0.0243097 0.0188368 0.0139829 0.00985829 0.00654035 0.00404538
 0.00787737 0.0128737 0.0195186 0.0277917 0.0374338 0.047788 0.0577698 0.0661334 0.0719184 0.0747452 0.0747781 0.0724816 0.0684018 0.0630612 0.0569218 0.0503629 0.0436728 0.0370596 0.0306779 0.0246569 0.0191217 0.0142001 0.0100111 0.00663909 0.0041037
 0.00778412 0.0127217 0.0192886 0.027465 0.0369948 0.0472297 0.0571013 0.0653865 0.0711492 0.0740302 0.0742041 0.072129 0.0683245 0.0632712 0.0573843 0.0510079 0.0444153 0.0378203 0.0313948 0.0252881 0.0196435 0.0146043 0.0103031 0.00683443 0.00422392
 0.00778998 0.0127292 0.0192957 0.0274664 0.0369813 0.0471865 0.0570086 0.0652222 0.0708949 0.0736813 0.073778 0.0716697 0.0678982 0.0629512 0.0572301 0.0510461 0.0446327 0.0381704 0.0318147 0.0257165 0.0200329 0.0149257 0.0105457 0.00700217 0.0043298
 0.00776505 0.0126912 0.0192429 0.0273992 0.036901 0.0470954 0.0569083 0.0651122 0.0707717 0.0735372 0.0736044 0.0714631 0.067668 0.0627247 0.0570495 0.0509567 0.0446664 0.0383323 0.0320804 0.0260408 0.0203649 0.0152236 0.0107844 0.00717448 0.00444219
 0.00774341 0.0126507 0.0191728 0.0272871 0.0367378 0.0468807 0.0566555 0.0648476 0.0705268 0.0733383 0.0734638 0.0713776 0.0676242 0.062708 0.0570545 0.0509916 0.0447493 0.0384805 0.0322979 0.0263122 0.0206588 0.0155035 0.0110211 0.00735317 0.00456308
 0.00770388 0.0125775 0.0190461 0.0270838 0.0364374 0.0464756 0.0561602 0.0643021 0.0699904 0.0728762 0.0731321 0.0712107 0.0676278 0.062861 0.0573183 0.0513247 0.0451196 0.0388696 0.0326964 0.0267104 0.0210407 0.0158475 0.011307 0.00756967 0.00471137
 0.00772996 0.0126174 0.0191006 0.027149 0.0365025 0.0465208 0.0561575 0.0642213 0.0698106 0.0725983 0.0727844 0.0708439 0.0673003 0.0626214 0.0571928 0.0513147 0.0452076 0.0390304 0.0329056 0.0269474 0.0212863 0.0160823 0.0115127 0.00773336 0.00482863
 0.00767274 0.0125403 0.0190138 0.0270716 0.0364562 0.0465205 0.0562029 0.0642941 0.0698789 0.0726263 0.0727444 0.0707263 0.0671193 0.0624124 0.0570011 0.0511806 0.045155 0.0390626 0.0330098 0.0271017 0.0214665 0.0162653 0.0116791 0.0078696 0.00492889
 0.00756907 0.0123687 0.0187519 0.0267013 0.0359738 0.0459487 0.0555976 0.0637374 0.0694555 0.0723935 0.0727129 0.0708627 0.0673657 0.0627114 0.0573143 0.0514934 0.04547 0.0393875 0.0333462 0.027441 0.0217924 0.0165589 0.0119247 0.00805895 0.00506237
 0.00761339 0.0124402 0.0188568 0.0268417 0.0361426 0.0461255 0.0557483 0.0638227 0.0694463 0.0722861 0.072532 0.0706494 0.067158 0.0625308 0.0571647 0.0513712 0.0453742 0.0393236 0.0333224 0.0274614 0.0218519 0.0166439 0.0120179 0.00814456 0.00513051
 0.00760459 0.0124244 0.0188308 0.0268025 0.0360897 0.0460623 0.0556825 0.0637628 0.0693964 0.0722423 0.0724855 0.0705941 0.0670971 0.062476 0.05713 0.0513646 0.0453958 0.0393694 0.0333886 0.0275455 0.0219503 0.0167497 0.0121207 0.0082342 0.0052002
 0.00748802 0.0122533 0.0186075 0.0265409 0.0358113 0.0457897 0.055435 0.0635555 0.0692422 0.0721516 0.072464 0.0706391 0.0671974 0.062616 0.0572947 0.0515438 0.0455836 0.0395612 0.03358 0.0277314 0.0221253 0.0169081 0.0122567 0.00834321 0.00528051
 0.00737674 0.0120812 0.0183658 0.0262301 0.0354435 0.0453905 0.0550432 0.0632177 0.0690004 0.0720306 0.0724643 0.0707419 0.0673749 0.0628408 0.057545 0.0518038 0.0458425 0.0398121 0.0338181 0.0279525 0.0223252 0.0170821 0.0124009 0.00845521 0.00536108
 0.00736471 0.0120513 0.018302 0.0261121 0.035253 0.045121 0.0547082 0.0628518 0.0686519 0.0717478 0.0722832 0.070678 0.0674227 0.0629795 0.0577465 0.0520406 0.0460927 0.0400606 0.034055 0.0281713 0.0225207 0.0172502 0.0125382 0.00856069 0.00543618
 0.00736743 0.012041 0.0182592 0.0260087 0.0350589 0.0448146 0.0542877 0.062341 0.068099 0.0712175 0.0718441 0.0703884 0.0673175 0.0630626 0.0579924 0.0524042 0.0465226 0.0405101 0.0344885 0.028565 0.0228607 0.0175294 0.0127556 0.00871958 0.00554425
 0.00734643 0.0120122 0.0182247 0.025971 0.0350159 0.0447548 0.0541881 0.0621733 0.0678422 0.0708725 0.0714414 0.069984 0.0669781 0.0628467 0.0579341 0.0525064 0.0467594 0.0408376 0.0348577 0.0289328 0.0231952 0.0178117 0.0129775 0.00888195 0.00565421
 0.00726426 0.0118909 0.0180652 0.025783 0.034816 0.044562 0.0540189 0.0620365 0.0677349 0.0707793 0.0713406 0.06986 0.0668339 0.0627081 0.0578426 0.0525017 0.0468636 0.0410469 0.0351448 0.0292574 0.0235165 0.0180977 0.0132095 0.00905423 0.00577142
 0.00716176 0.0117398 0.0178669 0.02555 0.0345698 0.0443283 0.0538232 0.0618997 0.0676688 0.0707818 0.0713935 0.0699329 0.0668951 0.062738 0.0578426 0.0524949 0.046884 0.0411233 0.0352882 0.0294568 0.0237449 0.0183232 0.013406 0.00920751 0.00587897
 0.00723263 0.0118364 0.0179787 0.025657 0.0346499 0.0443686 0.0538266 0.0618838 0.0676554 0.0707843 0.07141 0.0699474 0.066885 0.0626836 0.0577361 0.0523449 0.0467151 0.0409693 0.03518 0.0294111 0.0237596 0.0183808 0.0134826 0.00928211 0.00593895
 0.00727482 0.0118951 0.0180478 0.0257226 0.0346916 0.0443634 0.0537556 0.0617395 0.0674489 0.0705477 0.0711892 0.0697862 0.0668078 0.0626871 0.0577943 0.0524243 0.0467906 0.0410327 0.0352384 0.0294776 0.0238423 0.0184776 0.0135827 0.0093723 0.00600989
 0.00723996 0.0118454 0.0179856 0.0256532 0.0346203 0.0442911 0.053676 0.0616408 0.0673198 0.0703857 0.0710068 0.0696111 0.0666754 0.0626276 0.0578205 0.0525267 0.0469437 0.0412069 0.0354119 0.0296402 0.0239924 0.0186149 0.0137043 0.00947331 0.00608654
 0.00728209 0.0119127 0.0180846 0.0257891 0.0347954 0.0445027 0.0539131 0.0618817 0.0675326 0.0705332 0.0710558 0.0695435 0.0664975 0.0623706 0.0575314 0.0522527 0.0467174 0.0410407 0.0353017 0.0295749 0.0239608 0.0186082 0.013715 0.00949353 0.00610897
 0.00737062 0.0120478 0.0182713 0.0260261 0.0350755 0.0448138 0.0542386 0.0622004 0.0678197 0.0707621 0.0712007 0.0695827 0.0664175 0.0621725 0.0572348 0.0518944 0.0463427 0.0406913 0.0350057 0.029344 0.0237936 0.0184963 0.013647 0.00945736 0.00609337
 0.00723712 0.0118371 0.017967 0.0256192 0.0345693 0.044229 0.0536187 0.0616107 0.0673366 0.0704552 0.0711137 0.0697215 0.066749 0.0626341 0.0577527 0.0524039 0.0468025 0.0410861 0.0353391 0.0296262 0.0240329 0.0186958 0.0138068 0.00957799 0.00617793
 0.00713403 0.0116688 0.0177127 0.0252605 0.0340948 0.0436427 0.0529471 0.0609052 0.0666671 0.0698973 0.0707347 0.0695684 0.0668399 0.0629534 0.058253 0.0530161 0.0474525 0.041712 0.0359008 0.0301059 0.0244278 0.0190101 0.014047 0.00975219 0.00629598
#obs surv len freq
 nan nan nan nan nan nan nan nan nan nan nan nan nan nan nan nan nan nan nan nan nan nan nan nan nan
 0.00448696 0.00734954 0.0111809 0.0159986 0.0217005 0.0279768 0.0342912 0.040022 0.0447005 0.0481626 0.0505183 0.0520118 0.0529019 0.0534122 0.0537249 0.0539786 0.0542563 0.0545484 0.0546868 0.0542786 0.0527167 0.0493493 0.0437998 0.0362809 0.0276658
 0.00461272 0.00755772 0.0115008 0.0164586 0.022321 0.0287595 0.0352079 0.0410125 0.0456811 0.0490435 0.0512207 0.0524796 0.0531067 0.0533536 0.0534253 0.0534758 0.0535944 0.0537707 0.0538329 0.0533858 0.0518244 0.048501 0.0430408 0.0356495 0.0271833
 0.00477918 0.00782724 0.0119046 0.0170258 0.0230737 0.0297046 0.036328 0.0422592 0.0469777 0.0502948 0.0523263 0.0533468 0.0536625 0.0535536 0.0532584 0.0529623 0.0527791 0.0527131 0.0525996 0.0520474 0.0504563 0.0471836 0.0418537 0.0346584 0.0264243
 0.00497217 0.00814407 0.0123869 0.0177138 0.0239977 0.0308722 0.0377112 0.0437915 0.0485643 0.0518306 0.0537108 0.0544902 0.0544865 0.0539943 0.0532718 0.0525318 0.05192 0.0514726 0.0510522 0.0502907 0.048606 0.0453677 0.0401986 0.0332672 0.025355
 0.00518287 0.00848887 0.0129103 0.0184591 0.0249996 0.0321438 0.0392305 0.0454953 0.050355 0.0535934 0.0553312 0.0558655 0.0555307 0.0546378 0.0534613 0.0522317 0.0511179 0.0501872 0.0493414 0.0482557 0.046389 0.0431399 0.0381356 0.0315157 0.0240005
 0.00540639 0.00885595 0.0134697 0.0192588 0.0260776 0.0335143 0.0408685 0.0473319 0.0522866 0.0555012 0.0570988 0.0573887 0.0567204 0.0554202 0.0537766 0.0520344 0.0503798 0.0489056 0.0475528 0.0460494 0.0439144 0.0405959 0.0357398 0.029457 0.0223954
 0.00563686 0.00923364 0.014044 0.020078 0.0271806 0.0349162 0.0425463 0.0492177 0.0542769 0.0574755 0.0589381 0.058987 0.0579884 0.0562843 0.0541768 0.0519216 0.0497167 0.0476746 0.0457714 0.0437904 0.0413209 0.0378771 0.0331383 0.0271941 0.0206147
 0.00589538 0.0096545 0.0146785 0.0209743 0.0283748 0.0364181 0.0443246 0.0511951 0.0563408 0.0594991 0.0608011 0.0605862 0.0592405 0.0571238 0.0545517 0.0517893 0.0490421 0.0464355 0.0439738 0.0414925 0.0386545 0.0350496 0.0304032 0.0247917 0.0187092
 0.00613388 0.0100481 0.0152816 0.0218412 0.0295482 0.0379123 0.0461081 0.0531853 0.0584172 0.0615276 0.0626566 0.0621654 0.0604638 0.0579324 0.0549019 0.0516468 0.048378 0.0452295 0.0422277 0.0392538 0.0360409 0.0322567 0.0276793 0.0223805 0.0167832
 0.00637319 0.0104406 0.0158789 0.022694 0.0306969 0.039372 0.0478522 0.055139 0.0604656 0.0635375 0.0644973 0.0637245 0.0616548 0.0586954 0.0551997 0.0514565 0.0476842 0.0440227 0.0405146 0.0370787 0.0335105 0.0295517 0.0250337 0.0200291 0.0148966
 0.00660895 0.0108273 0.016467 0.0235325 0.0318237 0.0407984 0.0495478 0.057026 0.0624308 0.0654529 0.0662413 0.0651934 0.062767 0.0593925 0.0554441 0.0512278 0.0469734 0.0428299 0.0388548 0.0349985 0.03111 0.0269958 0.0225369 0.0178082 0.0131112
 0.00685512 0.0112283 0.0170719 0.024387 0.0329609 0.0422247 0.0512278 0.0588778 0.0643372 0.0672844 0.0678775 0.0665365 0.0637458 0.0599605 0.0555756 0.0509117 0.0462089 0.0416249 0.0372308 0.033005 0.0288422 0.0246044 0.0202144 0.0157489 0.0114577
 0.00706569 0.0115792 0.0176158 0.0251769 0.0340389 0.0436024 0.0528688 0.0606935 0.0662006 0.0690577 0.0694368 0.0677853 0.0646189 0.0604209 0.0556089 0.0505199 0.0454033 0.0404236 0.0356631 0.031123 0.0267358 0.0224093 0.0181005 0.013885 0.00996633
 0.00726758 0.0119063 0.0181062 0.0258666 0.034956 0.0447575 0.0542438 0.0622333 0.0678171 0.0706411 0.0708724 0.0689693 0.0654699 0.0608871 0.0556681 0.0501733 0.0446676 0.0393256 0.0342399 0.0294301 0.0248589 0.0204697 0.0162454 0.0122579 0.00866923
 0.00740163 0.0121324 0.0184614 0.02639 0.0356795 0.0456933 0.0553712 0.063497 0.0691375 0.0719317 0.0720528 0.0699695 0.0662299 0.0613571 0.0558114 0.0499705 0.0441178 0.0384455 0.0330633 0.0280113 0.0232781 0.0188358 0.0146854 0.0108926 0.00758331
 0.00753848 0.0123492 0.0187778 0.026822 0.036239 0.0463854 0.05619 0.0644199 0.0701239 0.0729257 0.0729906 0.0707878 0.0668735 0.0617824 0.0559867 0.0498744 0.0437398 0.037788 0.0321466 0.0268781 0.0219978 0.0175029 0.0134093 0.00977545 0.00669532
 0.00760144 0.0124539 0.0189394 0.0270561 0.0365579 0.0467938 0.0566807 0.0649751 0.0707198 0.0735387 0.0735992 0.0713689 0.0673975 0.0622113 0.0562784 0.0499886 0.0436445 0.0374651 0.0315964 0.026125 0.0210938 0.0165258 0.0124514 0.00892445 0.00601274
 0.0076396 0.0125085 0.0190086 0.027135 0.0366428 0.0468867 0.0567924 0.065123 0.0709214 0.0738048 0.0739293 0.0717511 0.0678098 0.0626236 0.0566521 0.0502794 0.0438072 0.0374611 0.0314034 0.0257447 0.0205569 0.0158904 0.0117932 0.00831894 0.00551593
 0.00769227 0.0125852 0.019107 0.0272467 0.0367545 0.0469841 0.0568645 0.0651659 0.0709421 0.0738216 0.0739686 0.0718383 0.0679601 0.0628346 0.0569031 0.0505341 0.0440201 0.0375856 0.0314016 0.0255973 0.0202714 0.0155024 0.0113587 0.00789945 0.00516077
 0.00776543 0.0126976 0.0192636 0.027446 0.0369877 0.047234 0.0571058 0.0653684 0.0710782 0.0738762 0.0739459 0.071762 0.0678656 0.0627574 0.0568662 0.0505409 0.0440532 0.0376119 0.0313826 0.0255022 0.020088 0.0152431 0.0110573 0.00759961 0.00490108
 0.00782897 0.0127985 0.0194107 0.0276448 0.0372382 0.0475275 0.057422 0.0656762 0.0713407 0.0740594 0.074028 0.0717391 0.0677526 0.0625846 0.0566708 0.050356 0.0438976 0.0374851 0.0312673 0.0253736 0.0199267 0.015045 0.0108361 0.00738047 0.00470998
 0.00784237 0.012821 0.0194461 0.0276974 0.0373126 0.0476274 0.0575486 0.0658266 0.071506 0.0742252 0.074175 0.0718472 0.0678066 0.0625787 0.0566122 0.0502621 0.0437896 0.0373792 0.0311684 0.0252753 0.0198177 0.0149184 0.0106951 0.00723827 0.00458288
 0.00786751 0.0128537 0.0194804 0.0277235 0.0373206 0.0476126 0.057516 0.0657904 0.0714849 0.074235 0.0742225 0.0719276 0.0679049 0.0626746 0.056687 0.0503049 0.0437994 0.0373626 0.0311338 0.025228 0.0197582 0.0148457 0.0106118 0.00715154 0.00450291
 0.00786968 0.0128584 0.0194891 0.0277373 0.037338 0.0476285 0.0575214 0.0657758 0.0714462 0.0741786 0.0741651 0.07189 0.0679028 0.0627114 0.056753 0.0503822 0.0438698 0.0374138 0.031161 0.0252318 0.0197416 0.0148126 0.0105667 0.00710099 0.00445421
 0.00789201 0.0128882 0.0195221 0.0277659 0.037354 0.0476267 0.0575019 0.0657432 0.0714063 0.0741351 0.07412 0.0718465 0.0678674 0.0626935 0.0567599 0.0504144 0.0439196 0.0374685 0.031208 0.0252625 0.019753 0.014806 0.0105466 0.0070733 0.00442523
 0.00788823 0.0128801 0.0195062 0.0277373 0.0373073 0.0475574 0.0574089 0.0656305 0.071284 0.0740182 0.0740249 0.0717866 0.0678495 0.0627179 0.0568218 0.0505063 0.044032 0.0375898 0.0313252 0.0253639 0.0198305 0.0148568 0.0105731 0.00708151 0.00442234
 0.00788305 0.0128705 0.0194895 0.0277101 0.0372661 0.0474995 0.0573337 0.0655398 0.0711824 0.0739131 0.0739261 0.0717055 0.0677976 0.0627035 0.056848 0.0505705 0.0441262 0.0377026 0.0314437 0.0254754 0.0199247 0.0149278 0.0106198 0.00710743 0.00443341
 0.00787925 0.0128626 0.0194745 0.0276842 0.0372254 0.0474418 0.0572592 0.0654524 0.0710882 0.0738192 0.0738398 0.0716337 0.0677469 0.0626797 0.0568557 0.0506113 0.0441978 0.037798 0.0315525 0.0255854 0.0200245 0.015009 0.010679 0.00714543 0.00445457
 0.00785547 0.0128216 0.0194087 0.0275856 0.0370882 0.047266 0.0570537 0.0652351 0.0708827 0.0736486 0.0737214 0.0715763 0.0677509 0.0627395 0.0569619 0.0507534 0.0443652 0.0379801 0.0317379 0.0257622 0.0201818 0.0151385 0.0107767 0.00721249 0.00449604
 0.0078563 0.0128198 0.0193998 0.0275631 0.0370441 0.0471932 0.0569481 0.065098 0.0707219 0.0734783 0.0735605 0.0714448 0.067665 0.0627084 0.0569866 0.0508279 0.0444789 0.0381203 0.0318915 0.0259163 0.0203244 0.0152603 0.010872 0.00728051 0.00453991
 0.00783827 0.0127931 0.0193643 0.0275198 0.0369943 0.0471369 0.0568836 0.065022 0.0706321 0.0733753 0.0734498 0.071337 0.0675742 0.0626488 0.0569691 0.050857 0.0445521 0.038229 0.0320229 0.0260563 0.0204595 0.0153793 0.0109679 0.00735085 0.00458666
 0.00779142 0.0127165 0.0192487 0.0273579 0.0367838 0.0468845 0.0566081 0.0647522 0.0703994 0.0732045 0.0733524 0.0713114 0.0676112 0.0627371 0.0570994 0.0510221 0.0447454 0.0384421 0.0322447 0.0262737 0.020659 0.01555 0.0111031 0.00744932 0.00465218
 0.00777453 0.0126853 0.0191949 0.0272711 0.0366543 0.0467068 0.0563851 0.0644977 0.0701369 0.072963 0.0731604 0.0711904 0.067571 0.0627753 0.0572043 0.0511781 0.0449368 0.038655 0.0324664 0.0264915 0.0208605 0.0157242 0.0112427 0.00755231 0.00472158
 0.00773315 0.0126192 0.0190977 0.0271375 0.0364808 0.0464933 0.0561368 0.0642263 0.0698604 0.0727041 0.0729437 0.071039 0.0675025 0.0627982 0.0573156 0.0513642 0.0451772 0.0389268 0.0327478 0.0267636 0.0211077 0.0159348 0.0114101 0.0076752 0.00480434
 0.00771234 0.0125833 0.0190398 0.0270502 0.0363578 0.0463323 0.0559416 0.0640076 0.0696335 0.0724856 0.0727493 0.0708831 0.0673987 0.0627583 0.0573475 0.0514688 0.0453467 0.0391452 0.0329941 0.0270152 0.0213445 0.0161411 0.0115763 0.00779863 0.00488824
 0.00767967 0.0125325 0.0189674 0.0269542 0.0362374 0.0461881 0.0557761 0.0638261 0.0694448 0.0723013 0.072583 0.070748 0.067306 0.0627169 0.0573634 0.0515446 0.0454802 0.0393284 0.0332121 0.0272487 0.0215725 0.0163452 0.011744 0.00792473 0.00497477
 0.00766655 0.012507 0.0189215 0.0268784 0.0361239 0.0460345 0.0555894 0.0636215 0.0692419 0.0721183 0.0724322 0.0706363 0.0672369 0.0626927 0.0573859 0.051615 0.0455978 0.0394886 0.0334055 0.0274607 0.021785 0.0165403 0.0119079 0.00805022 0.00506207
 0.00764195 0.0124721 0.0188782 0.0268305 0.0360747 0.0459838 0.0555315 0.0635482 0.0691467 0.072002 0.0723041 0.0705116 0.0671313 0.0626182 0.05735 0.0516212 0.0456469 0.0395786 0.0335309 0.0276112 0.0219464 0.0166967 0.0120449 0.00815882 0.00513972
 0.00762009 0.012436 0.0188231 0.0267529 0.035974 0.0458648 0.0554051 0.0634288 0.0690472 0.0719277 0.0722523 0.070475 0.0671045 0.0626015 0.0573486 0.0516424 0.0456962 0.0396583 0.0336389 0.0277409 0.022087 0.0168351 0.0121685 0.00825867 0.0052124
 0.00760823 0.0124156 0.0187904 0.0267034 0.0359038 0.0457717 0.0552912 0.0633012 0.0689179 0.0718115 0.0721621 0.0704184 0.0670818 0.0626073 0.0573761 0.0516871 0.0457573 0.0397371 0.033736 0.0278535 0.0222086 0.0169557 0.0122775 0.00834807 0.00527848
 0.00758162 0.0123781 0.0187444 0.0266543 0.0358577 0.0457322 0.0552571 0.0632673 0.0688776 0.0717612 0.0721037 0.0703591 0.0670313 0.062574 0.0573644 0.0516972 0.0457874 0.039785 0.0337999 0.0279314 0.0222959 0.0170455 0.0123617 0.00841927 0.00533257
 0.00755902 0.0123398 0.0186843 0.0265671 0.0357415 0.0455923 0.0551071 0.0631271 0.068767 0.0716919 0.072076 0.0703647 0.0670593 0.0626166 0.0574183 0.0517623 0.0458639 0.0398719 0.0338952 0.0280317 0.0223971 0.0171422 0.012448 0.00849014 0.0053856
 0.00755156 0.0123287 0.0186694 0.0265481 0.0357172 0.04556 0.055063 0.0630685 0.0686949 0.0716133 0.0720025 0.0703076 0.0670256 0.0626067 0.0574283 0.0517873 0.0459006 0.0399191 0.0339518 0.0280962 0.0224661 0.0172112 0.0125116 0.00854391 0.00542678
 0.00753044 0.0122946 0.0186186 0.0264779 0.0356271 0.0454528 0.0549459 0.0629518 0.0685898 0.071528 0.071942 0.0702741 0.0670203 0.0626299 0.0574784 0.0518599 0.0459893 0.040017 0.0340533 0.0281968 0.022562 0.0172984 0.0125866 0.00860399 0.00547104
 0.00750907 0.0122599 0.0185665 0.0264049 0.035531 0.0453342 0.0548096 0.0628075 0.0684507 0.0714084 0.0718537 0.0702246 0.0670117 0.0626601 0.0575424 0.0519511 0.0461003 0.04014 0.0341804 0.0283208 0.0226769 0.0173994 0.0126704 0.00866892 0.00551759
 0.00752377 0.0122818 0.0185957 0.0264395 0.0355671 0.045366 0.0548299 0.0628085 0.0684263 0.0713566 0.0717782 0.0701344 0.0669193 0.0625779 0.0574803 0.051915 0.0460914 0.0401559 0.0342162 0.0283699 0.0227323 0.0174548 0.0127204 0.00871013 0.00554846
 0.00750725 0.0122608 0.0185748 0.0264263 0.0355697 0.0453889 0.0548712 0.0628596 0.0684742 0.0713885 0.0717849 0.0701131 0.0668732 0.0625158 0.057414 0.0518562 0.0460493 0.0401354 0.0342175 0.0283895 0.0227643 0.0174924 0.0127575 0.00874227 0.00557326
 0.00748211 0.0122184 0.0185085 0.0263308 0.0354438 0.0452397 0.0547157 0.0627224 0.0683793 0.07135 0.0718021 0.0701722 0.0669545 0.0626016 0.0574937 0.051927 0.0461141 0.040199 0.0342835 0.0284586 0.022834 0.0175584 0.0128153 0.00878846 0.00560692
 0.00749296 0.0122318 0.0185206 0.0263348 0.035431 0.0452021 0.0546489 0.0626282 0.0682676 0.0712376 0.0717088 0.070114 0.0669384 0.0626231 0.0575406 0.0519853 0.0461738 0.0402559 0.0343378 0.0285117 0.0228865 0.0176085 0.0128602 0.0088254 0.00563449
 0.00749296 0.0122318 0.0185206 0.0263348 0.035431 0.0452021 0.0546489 0.0626282 0.0682676 0.0712376 0.0717088 0.070114 0.0669384 0.0626231 0.0575406 0.0519853 0.0461738 0.0402559 0.0343378 0.0285117 0.0228865 0.0176085 0.0128602 0.0088254 0.00563449
 0.0074374 0.0121487 0.0184091 0.0261984 0.0352764 0.0450369 0.0544801 0.0624626 0.0681129 0.0711036 0.0716077 0.0700588 0.0669395 0.0626849 0.0576578 0.0521439 0.0463549 0.0404409 0.0345129 0.0286689 0.0230219 0.0177208 0.012949 0.00889163 0.00568037
 0.00744531 0.0121531 0.0184004 0.0261635 0.0352033 0.044921 0.054329 0.0622947 0.0679506 0.0709648 0.0715015 0.0699872 0.0669024 0.0626836 0.0576949 0.0522199 0.0464648 0.0405741 0.0346555 0.0288076 0.0231469 0.0178263 0.0130326 0.00895367 0.00572312
 0.00729569 0.0119203 0.0180696 0.0257287 0.0346689 0.0443044 0.0536638 0.0616321 0.0673546 0.0705009 0.071222 0.0699195 0.0670442 0.0630061 0.058153 0.0527639 0.0470488 0.0411595 0.0352108 0.029308 0.0235745 0.0181716 0.0132947 0.00913937 0.00584511
 0.00721921 0.0117806 0.017832 0.025354 0.0341258 0.0435873 0.0528075 0.0607125 0.0664716 0.069753 0.0706857 0.0696409 0.0670384 0.0632605 0.0586307 0.0534098 0.047798 0.0419473 0.03598 0.0300133 0.0241841 0.0186673 0.0136724 0.00940727 0.00602076
#pred catch len freq
 0.00313208 0.00510009 0.00772494 0.0110604 0.0151516 0.0199837 0.0254227 0.0312087 0.0370107 0.0424945 0.0473717 0.0514354 0.054587 0.0568401 0.0582939 0.0591007 0.0594409 0.0594875 0.0593253 0.0588176 0.0575002 0.0546462 0.0495887 0.0421831 0.0330921
 0.0033771 0.00543013 0.00809757 0.0113995 0.0153754 0.0200452 0.0253359 0.0310397 0.0368374 0.042362 0.0472744 0.0513375 0.0544644 0.0567132 0.0582315 0.059189 0.0597337 0.0599614 0.0598632 0.0592388 0.0576298 0.0543938 0.0489922 0.0413897 0.0322875
 0.00345724 0.00559993 0.00842029 0.0119429 0.0161764 0.0210664 0.0264433 0.0320328 0.0375273 0.0426534 0.0471957 0.051001 0.0539959 0.0562044 0.0577384 0.0587566 0.0594066 0.059764 0.0597663 0.0591463 0.0574112 0.0539499 0.0483134 0.0405664 0.031464
 0.00358656 0.00579616 0.00869518 0.0123128 0.0166758 0.0217565 0.0273976 0.0332913 0.039037 0.0442374 0.0485904 0.0519549 0.0543713 0.0560181 0.0571253 0.0578945 0.058453 0.0588243 0.0588827 0.0582997 0.0565413 0.0529988 0.047274 0.0395023 0.0304833
 0.00374416 0.00605047 0.00907358 0.0128378 0.0173603 0.0225994 0.0283849 0.0344051 0.0402657 0.0455702 0.0499857 0.0533031 0.0554911 0.056709 0.0572509 0.0574413 0.0575262 0.0575894 0.0574953 0.0568605 0.0550931 0.0515565 0.0458656 0.03819 0.0293507
 0.00390219 0.00630989 0.00946967 0.0134075 0.0181379 0.0236072 0.0296209 0.0358329 0.0418157 0.0471529 0.0515101 0.0546875 0.0566565 0.0575623 0.0576812 0.0573461 0.0568583 0.0563886 0.0558793 0.0549832 0.0531011 0.0495726 0.0439958 0.0365325 0.027988
 0.00410216 0.006628 0.00993695 0.0140523 0.0189862 0.0246801 0.030927 0.0373581 0.0435132 0.04894 0.0532746 0.0563038 0.0580057 0.0585452 0.0582177 0.0573684 0.0563134 0.0552587 0.0542076 0.0528833 0.0507426 0.0471509 0.0417016 0.034526 0.0263765
 0.00431728 0.00697352 0.0104499 0.0147664 0.0199285 0.025865 0.0323477 0.0389806 0.0452779 0.0507675 0.0550717 0.0579674 0.0594277 0.0596204 0.0588517 0.0574834 0.0558513 0.054189 0.0525439 0.0507049 0.0482044 0.0444699 0.0391192 0.0322572 0.0245635
 0.00458018 0.00738847 0.0110524 0.0155847 0.0209827 0.0271644 0.0338835 0.0407173 0.0471492 0.052681 0.0569195 0.0596396 0.0608233 0.0606523 0.0594457 0.0575736 0.0553804 0.0531161 0.0508637 0.0484733 0.0455589 0.0416285 0.0363455 0.0298004 0.0225954
 0.00487934 0.00786333 0.0117464 0.0165325 0.0222068 0.0286689 0.0356443 0.0426756 0.0492139 0.0547394 0.0588518 0.0613315 0.0621756 0.0615864 0.0599034 0.0575114 0.0547621 0.0519135 0.0490712 0.0461349 0.0427975 0.0386538 0.0334266 0.0272021 0.0205077
 0.00517149 0.00833076 0.0124368 0.0174875 0.0234577 0.0302274 0.0374904 0.0447474 0.0514088 0.0569265 0.0608899 0.0630874 0.0635394 0.0624794 0.0602771 0.0573389 0.0540277 0.0506082 0.0472016 0.0437472 0.0400063 0.0356571 0.0304842 0.0245773 0.0183937
 0.00549651 0.0088455 0.0131873 0.0185114 0.0247816 0.0318622 0.0394194 0.0469152 0.0537166 0.059238 0.063048 0.0649357 0.0649446 0.0633477 0.0605586 0.0570198 0.0531162 0.0491235 0.0451756 0.0412417 0.03714 0.0326209 0.0275259 0.0219483 0.0162797
 0.0057918 0.00931683 0.0138813 0.0194678 0.0260293 0.0334112 0.0412499 0.0489692 0.0558989 0.0614265 0.0651062 0.0667259 0.0663404 0.0642466 0.0608913 0.0567532 0.0522491 0.0476792 0.0431997 0.0388114 0.0343811 0.0297195 0.0247142 0.0194582 0.0142812
 0.00599831 0.00966146 0.0144172 0.0202521 0.0271138 0.0348261 0.0429853 0.0509641 0.058045 0.0635843 0.0671256 0.0684657 0.0676826 0.0651039 0.0612085 0.0565036 0.0514299 0.0463103 0.0413262 0.0365132 0.0317854 0.0270062 0.0220998 0.0171537 0.0124379
 0.00617281 0.00994358 0.014841 0.0208536 0.0279312 0.0358955 0.0443297 0.0525774 0.0598771 0.0655344 0.0690504 0.0702023 0.0690791 0.066045 0.0616256 0.0563705 0.0507513 0.0451128 0.0396584 0.0344541 0.0294566 0.0245749 0.0197631 0.0151 0.0107998
 0.00631447 0.0101737 0.0151877 0.0213447 0.0285914 0.0367413 0.0453633 0.0537827 0.0612198 0.0669637 0.0704982 0.0715813 0.0702853 0.0669688 0.0621695 0.0564651 0.0503635 0.0442457 0.038349 0.0327748 0.0275194 0.0225319 0.0177899 0.0133621 0.00941277
 0.00648446 0.0104455 0.0155887 0.0218984 0.0293145 0.0376386 0.04642 0.0549601 0.0624577 0.0681897 0.0716401 0.072576 0.0710818 0.0675249 0.062446 0.0564234 0.0499706 0.0434842 0.0372291 0.0313439 0.0258679 0.0207893 0.0161079 0.0118829 0.00823433
 0.00667365 0.0107404 0.0160097 0.0224584 0.0300195 0.038488 0.0474026 0.0560474 0.0635994 0.069315 0.072667 0.0734258 0.0716941 0.0678657 0.0625055 0.056205 0.0494797 0.042725 0.0362119 0.0300994 0.0244602 0.019318 0.0146947 0.010644 0.00725
 0.00674207 0.010852 0.0161787 0.0226991 0.0303451 0.0389075 0.047918 0.056652 0.0642773 0.070042 0.0734092 0.0741384 0.0723231 0.0683548 0.0628058 0.0562832 0.0493192 0.0423236 0.0355797 0.029263 0.0234698 0.0182514 0.0136487 0.00971348 0.00650294
 0.00675224 0.0108685 0.0162042 0.0227381 0.0304054 0.0390019 0.0480638 0.0568676 0.0645769 0.0704293 0.0738737 0.0746553 0.0728555 0.068857 0.0632276 0.0565754 0.0494407 0.0422472 0.0352968 0.0287872 0.0228393 0.0175285 0.012912 0.00904149 0.00595408
 0.00678698 0.0109165 0.0162607 0.0227936 0.0304486 0.0390249 0.048067 0.0568626 0.0645852 0.0704782 0.0739894 0.0748541 0.0731368 0.0692 0.0635936 0.0569141 0.049699 0.0423785 0.0352701 0.0285939 0.0224977 0.0170829 0.0124245 0.00857713 0.00556408
 0.00687069 0.0110426 0.0164315 0.0230031 0.0306831 0.0392639 0.0482858 0.0570355 0.0646926 0.0705141 0.0739659 0.0747991 0.073085 0.0691807 0.0636199 0.0569775 0.0497715 0.0424204 0.035242 0.0284693 0.0222722 0.0167772 0.0120794 0.00824061 0.00527656
 0.00698107 0.0112013 0.0166319 0.0232264 0.030904 0.0394596 0.0484423 0.0571482 0.0647614 0.070539 0.0739466 0.0747393 0.0729961 0.0690826 0.0635352 0.0569222 0.049747 0.0424108 0.0352194 0.0284047 0.0221481 0.0165954 0.0118608 0.0080174 0.00507927
 0.00697992 0.0112092 0.0166607 0.0232901 0.0310114 0.0396053 0.048602 0.0572847 0.0648403 0.0705455 0.073891 0.0746494 0.0729024 0.0690071 0.0634887 0.0569075 0.0497604 0.0424423 0.0352519 0.028417 0.0221222 0.0165247 0.0117534 0.0078928 0.00496009
 0.00697566 0.0112052 0.0166609 0.0233023 0.0310479 0.0396817 0.0487326 0.0574741 0.0650748 0.0707894 0.0740956 0.0747711 0.0729213 0.0689335 0.0633551 0.056752 0.0496133 0.0423194 0.0351541 0.0283351 0.022043 0.0164382 0.0116579 0.00779503 0.00487089
