SBPRF35
12.7214
Curr Bio
722735
B35
860081
F35
0.171746
FOFL
0.147137
OFL
90135.7
Bzero
3.63469e+006
#pred survey bio
 3.13945e+006 2.7277e+006 2.4713e+006 2.21582e+006 1.98348e+006 1.74712e+006 1.55949e+006 1.39629e+006 1.21707e+006 1.11067e+006 976713 871174 791307 713311 646223 624445 605494 573247 546382 539564 536509 537473 528886 547297 544778 541360 549381 548141 572630 582493 601807 607593 606263 611918 617193 621538 631832 638431 641791 647916 662378 672363 670391 679045 694954 705018 711471 728175 2.61949e+007 1.61583e+007 1.68616e+007 1.80409e+007 1.95e+007 2.10257e+007 2.24658e+007 2.37352e+007 2.48024e+007 2.56697e+007 2.63582e+007 2.68956e+007 2.73103e+007 2.76282e+007 2.78709e+007 2.80559e+007 2.8197e+007 2.83048e+007 2.83874e+007 2.8451e+007 2.85002e+007 2.85384e+007 2.85682e+007 2.85916e+007 2.861e+007 2.86245e+007 2.8636e+007 2.86452e+007 2.86525e+007 2.86584e+007 2.86631e+007 2.86669e+007 2.867e+007 2.86725e+007 2.86745e+007 2.86761e+007 2.86775e+007 2.86785e+007 2.86794e+007 2.86801e+007 2.86807e+007 2.86812e+007 2.86816e+007 2.86819e+007 2.86822e+007 2.86824e+007 2.86826e+007 2.86827e+007 2.86828e+007 2.86829e+007 2.8683e+007 2.86831e+007 2.86831e+007 2.86832e+007 2.86832e+007 2.86832e+007 2.86832e+007 2.86833e+007 2.86833e+007 2.86833e+007 2.86833e+007 2.86833e+007 2.86833e+007 2.86833e+007 2.86833e+007 2.86833e+007 2.86833e+007 2.86833e+007 2.86833e+007 2.86833e+007 2.86833e+007 2.86833e+007 2.86833e+007 2.86833e+007 2.86834e+007 2.86834e+007 2.86834e+007 2.86834e+007 2.86834e+007 2.86834e+007 2.86834e+007 2.86834e+007 2.86834e+007 2.86834e+007 2.86834e+007 2.86834e+007 2.86834e+007 2.86834e+007 2.86834e+007 2.86834e+007 2.86834e+007 2.86834e+007 2.86834e+007 2.86834e+007 2.86834e+007 2.86834e+007 2.86834e+007 2.86834e+007 2.86834e+007 2.86834e+007 0 0 0 0 0 0 0 0 0 0 0 0 0 0 0 0 0 0 0 0 0 0 0 0 0
#obs survey bio
 3.66861e+006 2.5937e+006 1.73267e+006 2.01193e+006 2.44428e+006 1.24794e+006 1.60112e+006 1.59032e+006 983498 1.09674e+006 796860 718023 766740 842606 556865 375576 608834 930888 489269 782606 534533 610166 581934 526155 600955 470589 572023 442935 595345 702386 566607 492087 731195 767710 631102 523248 577248 437637 644961 538239 513804 651672 699805 946847 495337 977531 525132 495296
#pred catch bio
 409648 286107 304282 299649 317173 285013 272272 291261 229768 254509 227174 201631 194554 178350 136270 133071 141016 131678 111995 107920 104119 111301 88867.9 107243 107136 97397.7 105316 84539.5 98126.7 90471.1 102063 107162 100289 100350 101463 97381.2 101985 106170 104995 99244.5 104209 114238 104651 98969.3 104959 108954 101927 101213 90135.7 106758 110350 117101 126176 135781 144773 152574 158995 164077 167986 170924 173096 174679 175821 176637 177216 177626 177913 178115 178256 178354 178422 178469 178502 178525 178541 178552 178559 178564 178568 178570 178572 178573 178574 178574 178575 178575 178575 178575 178575 178575 178575 178576 178576 178576 178576 178576 178576 178576 178576 178576 178576 178576 178576 178576 178576 178576 178576 178576 178576 178576 178576 178576 178576 178576 178576 178576 178576 178576 178576 178576 178576 178576 178576 178576 178576 178576 178576 178576 178576 178576 178576 178576 178576 178576 178576 178576 178576 178576 178576 178576 178576 178576 178576 178576 178576 178576 178576 178576 0 0 0 0 0 0 0 0 0 0 0 0 0 0 0 0 0 0 0 0 0 0 0 0 0
#obs catch bio
 246933 284790 306159 301174 318513 287225 274705 295128 231283 257633 229166 203956 196461 178245 135584 134550 142878 131459 112455 107989 104581 111801 88554.4 107599 107345 97393.2 105891 84508.5 98621.8 90109 101867 107146 100063 99631.9 101042 97259.9 101615 106321 105400 99422 104467 114509 104785 98452.4 104684 108416 101551 101182
#pred cpue bio
 3.09855e+006 2.68917e+006 2.4328e+006 2.17764e+006 1.94624e+006 1.71088e+006 1.52383e+006 1.36145e+006 1.18379e+006 1.0781e+006 945673 841470 763009 686987 621576 599982 581360 550384 524546 517997 515043 516067 507780 525798 523410 520152 528042 526895 550942 560848 580033 585862 584686 590434 595659 599765 609716 615964 618997 624946 639168 649058 647272 655959 671634 681399 687553 703674 2.53229e+007 1.5629e+007 1.62114e+007 1.72763e+007 1.87038e+007 2.02235e+007 2.16627e+007 2.2932e+007 2.39991e+007 2.48665e+007 2.55549e+007 2.60923e+007 2.65071e+007 2.6825e+007 2.70676e+007 2.72526e+007 2.73937e+007 2.75015e+007 2.75842e+007 2.76478e+007 2.7697e+007 2.77352e+007 2.7765e+007 2.77883e+007 2.78067e+007 2.78213e+007 2.78328e+007 2.78419e+007 2.78493e+007 2.78551e+007 2.78599e+007 2.78637e+007 2.78667e+007 2.78692e+007 2.78712e+007 2.78729e+007 2.78742e+007 2.78753e+007 2.78762e+007 2.78769e+007 2.78775e+007 2.78779e+007 2.78783e+007 2.78787e+007 2.78789e+007 2.78791e+007 2.78793e+007 2.78795e+007 2.78796e+007 2.78797e+007 2.78797e+007 2.78798e+007 2.78799e+007 2.78799e+007 2.78799e+007 2.788e+007 2.788e+007 2.788e+007 2.788e+007 2.788e+007 2.788e+007 2.78801e+007 2.78801e+007 2.78801e+007 2.78801e+007 2.78801e+007 2.78801e+007 2.78801e+007 2.78801e+007 2.78801e+007 2.78801e+007 2.78801e+007 2.78801e+007 2.78801e+007 2.78801e+007 2.78801e+007 2.78801e+007 2.78801e+007 2.78801e+007 2.78801e+007 2.78801e+007 2.78801e+007 2.78801e+007 2.78801e+007 2.78801e+007 2.78801e+007 2.78801e+007 2.78801e+007 2.78801e+007 2.78801e+007 2.78801e+007 2.78801e+007 2.78801e+007 2.78801e+007 2.78801e+007 2.78801e+007 2.78801e+007 2.78801e+007 2.78801e+007 2.78801e+007 0 0 0 0 0 0 0 0 0 0 0 0 0 0 0 0 0 0 0 0 0 0 0 0 0
#obs cpue bio
 2.42074e+006 3.05222e+006 1.5143e+006 2.32479e+006 2.00513e+006 1.43904e+006 1.20693e+006 1.08254e+006 1.30601e+006 979237 1.1162e+006 721725 810658 975828 808571 375864 513819 698675 360397 451133 362822 529577 542208 459334 485348 579695 431706 634033 487689 743307 623630 662793 532701 772443 511130 539414 884788 619107 489356 766052 784428 765560 581957 818575 844693 672256 817612 785496
#pred surv len freq
 0.00468602 0.00768158 0.0116983 0.0167608 0.0227689 0.0294029 0.0360997 0.0421959 0.0471732 0.05082 0.0532072 0.0545521 0.0550977 0.0550583 0.0546093 0.0538941 0.0530373 0.0521407 0.0512325 0.0501668 0.048541 0.0457491 0.0412432 0.0349062 0.0272771
 0.00529404 0.00858808 0.0129129 0.0182463 0.024462 0.0312425 0.038039 0.0441869 0.0491363 0.0526256 0.0546903 0.0555584 0.0555382 0.0549416 0.054032 0.0529941 0.0519324 0.0508799 0.0497832 0.0484483 0.0464939 0.0434081 0.0387674 0.0325397 0.025259
 0.00547252 0.00894623 0.0135721 0.0193472 0.0261137 0.0334538 0.0406719 0.0469761 0.0517779 0.0548804 0.0564349 0.0567625 0.0562066 0.0550774 0.0536426 0.0521167 0.0506404 0.0492577 0.0478899 0.0463052 0.0441137 0.0408491 0.036171 0.0301132 0.0232073
 0.00568647 0.00928017 0.0140553 0.0200144 0.0270186 0.0346766 0.0423032 0.0490702 0.0542903 0.057631 0.0591324 0.0590876 0.0579089 0.0560283 0.0538271 0.051591 0.0494928 0.047587 0.0457936 0.0438743 0.0414418 0.0380563 0.0334228 0.0276073 0.0211227
 0.00596637 0.00972569 0.014707 0.0209016 0.0281528 0.0360458 0.0438715 0.0507895 0.0561199 0.0595447 0.0610967 0.0610205 0.0596549 0.0573811 0.0545902 0.0516379 0.0487925 0.0461903 0.0438034 0.0414221 0.0386807 0.0351662 0.0306093 0.0250798 0.0190494
 0.00630875 0.0102802 0.0155369 0.0220616 0.029676 0.0379231 0.0460333 0.0531034 0.0584173 0.0616659 0.0629308 0.0625179 0.0608045 0.0581671 0.0549592 0.0514982 0.0480485 0.0447881 0.0417617 0.0388389 0.0357246 0.0320593 0.0276014 0.0224075 0.0168858
 0.00651692 0.010634 0.0160982 0.0228987 0.0308499 0.0394657 0.0479232 0.0552554 0.0606909 0.0638914 0.0649411 0.0641777 0.0620289 0.058923 0.0552441 0.0513095 0.0473616 0.0435637 0.0399791 0.0365368 0.0330266 0.0291707 0.0247752 0.0198881 0.0148494
 0.00667668 0.010901 0.0165146 0.0235119 0.0317072 0.0406035 0.0493525 0.0569495 0.0625802 0.0658672 0.0668661 0.0659038 0.0634203 0.0598775 0.0557048 0.0512581 0.0468002 0.0424974 0.038417 0.0345154 0.030642 0.0265935 0.0222314 0.0176072 0.0130012
 0.00702699 0.0114528 0.0173121 0.0245842 0.0330641 0.0422284 0.0511947 0.0589219 0.0645701 0.0677546 0.068541 0.0672735 0.0644101 0.0604306 0.0557839 0.0508482 0.0459061 0.041139 0.0366271 0.0323497 0.0281981 0.0240256 0.0197398 0.0153959 0.0112216
 0.00711349 0.0116136 0.0175911 0.0250345 0.033735 0.0431463 0.0523465 0.060252 0.0659949 0.0691848 0.0698975 0.0684901 0.0654277 0.0611909 0.0562289 0.050925 0.045575 0.040381 0.0354511 0.0307997 0.0263626 0.022042 0.0177816 0.0136384 0.00979637
 0.00736667 0.0120216 0.0181987 0.0258817 0.0348499 0.0445334 0.0539714 0.0620327 0.0678063 0.0708791 0.0713329 0.0695587 0.0660723 0.0614053 0.0560408 0.0503726 0.0446896 0.0391833 0.0339612 0.0290557 0.0244381 0.0200532 0.0158759 0.0119624 0.00845661
 0.00746261 0.0122004 0.01851 0.0263854 0.0356022 0.0455647 0.0552658 0.0635224 0.0693844 0.0724221 0.0727204 0.0706857 0.0668575 0.0617985 0.056028 0.0499726 0.043942 0.0381339 0.0326555 0.0275449 0.0227919 0.0183695 0.0142749 0.0105626 0.00734231
 0.00738802 0.0121042 0.0184135 0.0263296 0.0356443 0.0457678 0.0556861 0.064194 0.0703054 0.0735452 0.0739544 0.0719102 0.0679468 0.0626446 0.0565555 0.0501439 0.0437542 0.0376121 0.0318445 0.026504 0.0215967 0.0171132 0.0130623 0.0094931 0.00648651
 0.00755125 0.0123329 0.0186914 0.0266225 0.0359152 0.045999 0.0558945 0.0644286 0.0706269 0.073998 0.0745455 0.0726021 0.0686659 0.0632982 0.057052 0.0504098 0.0437454 0.037317 0.0312824 0.0257212 0.0206621 0.016113 0.0120903 0.00863462 0.00580012
 0.00803388 0.0130489 0.0196391 0.0277495 0.0371259 0.0471733 0.0569084 0.0651764 0.0710464 0.074092 0.0743832 0.0722927 0.0683143 0.0629676 0.0567501 0.0501 0.0433715 0.036829 0.0306542 0.0249593 0.0198047 0.0152232 0.0112425 0.00789684 0.00521729
 0.00799629 0.0130382 0.0197131 0.0279846 0.0375871 0.0478714 0.0577709 0.0660566 0.0717744 0.0745414 0.074516 0.0721622 0.0680301 0.0626465 0.0564743 0.049896 0.0432139 0.0366618 0.0304193 0.0246209 0.0193624 0.0147107 0.0107155 0.00741397 0.00482252
 0.00770535 0.012616 0.0191756 0.0273886 0.0370262 0.0474605 0.0576226 0.0662495 0.0723185 0.0753566 0.075446 0.0730266 0.0686929 0.0630585 0.0566696 0.0499516 0.0431999 0.0366123 0.0303311 0.0244731 0.019141 0.0144241 0.0103951 0.00710222 0.00455661
 0.00780638 0.0127262 0.0192444 0.0273434 0.0368017 0.0470413 0.0570737 0.0657107 0.0719575 0.0753029 0.0757379 0.0735978 0.0694008 0.0637405 0.057201 0.0502784 0.043336 0.0366079 0.0302373 0.024322 0.0189473 0.0141985 0.0101548 0.00687179 0.0043598
 0.00799823 0.013019 0.0196455 0.0278366 0.0373395 0.0475417 0.0574292 0.0658187 0.0717673 0.0748551 0.0751644 0.0730707 0.0690566 0.0636254 0.0572662 0.0504218 0.0434588 0.0366517 0.0301901 0.024201 0.0187784 0.0140057 0.00995875 0.0066908 0.00420873
 0.00805411 0.0131022 0.0197564 0.0279704 0.0374868 0.047689 0.0575573 0.0658994 0.0717647 0.0747356 0.0749175 0.0727286 0.0686966 0.0633447 0.0571393 0.0504661 0.0436304 0.0368733 0.0303882 0.0243312 0.01883 0.013991 0.00990086 0.00661385 0.00413255
 0.00803974 0.0130863 0.019746 0.0279757 0.0375177 0.0477495 0.0576414 0.0659914 0.0718428 0.0747773 0.0749035 0.0726478 0.0685528 0.0631635 0.0569663 0.0503517 0.0436065 0.0369373 0.0305056 0.0244551 0.0189227 0.0140362 0.00990222 0.00658671 0.00409424
 0.00797935 0.0129915 0.0196104 0.027798 0.0373037 0.0475154 0.0574141 0.0658041 0.0717256 0.0747455 0.0749516 0.0727519 0.0686808 0.0632876 0.0570733 0.0504465 0.0437065 0.0370588 0.0306516 0.0246114 0.0190654 0.0141448 0.00996845 0.00661547 0.00409801
 0.00813872 0.0132199 0.019897 0.0281125 0.0376044 0.0477621 0.0575794 0.0658782 0.0717138 0.0746636 0.0748201 0.0725901 0.0685026 0.0631002 0.0568803 0.0502532 0.0435235 0.0369013 0.0305326 0.0245349 0.0190245 0.0141251 0.00995619 0.00660264 0.00408316
 0.00795761 0.0129534 0.0195472 0.0276972 0.0371499 0.047292 0.0571099 0.0654228 0.0712946 0.0743184 0.0745982 0.0725362 0.0686378 0.0634107 0.0573212 0.0507637 0.0440453 0.0373914 0.030967 0.024904 0.019326 0.0143599 0.0101272 0.00671683 0.00415171
 0.00795025 0.0129406 0.0195271 0.0276695 0.037118 0.0472642 0.0570975 0.0654331 0.0713219 0.0743408 0.0745857 0.0724687 0.0685202 0.0632742 0.0572076 0.0507049 0.0440511 0.0374508 0.0310586 0.0250068 0.0194247 0.0144449 0.0101938 0.00676389 0.00418119
 0.0080134 0.0130292 0.0196342 0.0277799 0.0372119 0.0473247 0.0571168 0.0654147 0.0712779 0.0742856 0.0745283 0.0724083 0.0684482 0.063183 0.0570998 0.0505962 0.0439633 0.0374004 0.0310498 0.0250315 0.0194686 0.014494 0.0102381 0.00679805 0.0042042
 0.00792765 0.0129031 0.0194687 0.0275833 0.036996 0.0470998 0.0568889 0.0651888 0.071064 0.074103 0.0744034 0.0723657 0.0684989 0.0633183 0.0572947 0.0508204 0.0441927 0.0376219 0.0312586 0.0252248 0.0196417 0.0146408 0.0103537 0.00688168 0.00425923
 0.00800443 0.0130082 0.0195908 0.0277009 0.0370845 0.0471425 0.0568835 0.0651457 0.0709965 0.0740186 0.074302 0.0722467 0.0683694 0.0631942 0.0571944 0.0507563 0.0441667 0.0376282 0.0312885 0.0252703 0.0196957 0.0146963 0.0104043 0.0069227 0.00428873
 0.00776376 0.0126466 0.0191016 0.0270964 0.036392 0.0463965 0.0561242 0.0644213 0.070367 0.0735506 0.0740553 0.0722556 0.0686301 0.0636657 0.0578127 0.0514521 0.0448796 0.0383117 0.0319099 0.0258089 0.0201408 0.015046 0.0106638 0.00710298 0.00440488
 0.00772412 0.0125674 0.0189564 0.0268549 0.0360314 0.0459167 0.0555579 0.0638296 0.0698198 0.0731043 0.0737421 0.0720883 0.0686129 0.0637988 0.0580878 0.0518463 0.0453553 0.0388238 0.0324149 0.0262718 0.0205381 0.0153659 0.0109049 0.00727216 0.00451466
 0.00763851 0.0124281 0.0187459 0.0265553 0.035626 0.045395 0.0549238 0.0631102 0.0690699 0.0724024 0.0731747 0.0717282 0.0685009 0.0639371 0.0584468 0.0523777 0.0460021 0.039527 0.0331178 0.0269251 0.0211049 0.0158251 0.0112514 0.00751474 0.0046713
 0.0075843 0.0123536 0.0186582 0.0264675 0.0355504 0.0453338 0.0548618 0.0630166 0.068909 0.0721498 0.0728328 0.0713324 0.0681133 0.0636287 0.0582762 0.0523748 0.0461638 0.0398225 0.0334996 0.0273403 0.0215054 0.0161744 0.0115292 0.00771653 0.00480504
 0.00755187 0.012304 0.0185903 0.0263839 0.0354592 0.0452488 0.0547998 0.0629908 0.0689192 0.072176 0.0728377 0.071277 0.0679774 0.0634254 0.0580501 0.0521858 0.0460644 0.0398399 0.0336297 0.0275533 0.0217585 0.0164254 0.0117467 0.00788413 0.00492082
 0.00760039 0.0123557 0.0186184 0.0263485 0.03532 0.0449847 0.0544251 0.0625566 0.0684987 0.0718389 0.0726281 0.0712015 0.0680085 0.063518 0.0581638 0.052302 0.0461894 0.0399938 0.0338288 0.0277975 0.0220287 0.0166922 0.0119813 0.00806862 0.00505068
 0.00767147 0.0124669 0.0187754 0.0265485 0.0355457 0.0451999 0.054576 0.0625853 0.0683661 0.0715484 0.0722307 0.0707783 0.0676382 0.0632485 0.058004 0.0522325 0.0461839 0.0400345 0.0339098 0.0279172 0.0221801 0.016859 0.0121422 0.00820492 0.00515254
 0.00769259 0.0125082 0.0188503 0.0266729 0.0357334 0.0454537 0.0548796 0.0628993 0.068633 0.0717061 0.0722332 0.0706135 0.0673358 0.0628711 0.0576231 0.0519049 0.0459381 0.0398744 0.0338259 0.0278964 0.022209 0.0169221 0.0122218 0.0082837 0.00521803
 0.00774067 0.0125697 0.018913 0.0267177 0.0357425 0.0454224 0.0548235 0.0628501 0.0686231 0.0717498 0.0723162 0.0706977 0.0673774 0.0628415 0.0575227 0.0517609 0.0457902 0.0397573 0.0337587 0.0278819 0.0222383 0.0169806 0.0122934 0.00835396 0.00527665
 0.00775783 0.0126089 0.0189916 0.0268548 0.0359497 0.0456921 0.0551223 0.0631263 0.0688271 0.0718553 0.0723279 0.0706403 0.067275 0.0627049 0.057351 0.0515535 0.0455581 0.039524 0.033552 0.0277229 0.0221354 0.0169292 0.0122805 0.00836385 0.00529551
 0.00769288 0.0125228 0.0188986 0.0267824 0.0359331 0.0457641 0.0553015 0.0634081 0.06918 0.0722258 0.0726535 0.0708691 0.0673812 0.0626918 0.0572409 0.0513749 0.0453371 0.0392845 0.0333177 0.0275162 0.0219727 0.016817 0.0122146 0.00833297 0.00528628
 0.00767589 0.0124828 0.0188172 0.0266391 0.0357158 0.0454831 0.0549986 0.0631507 0.0690394 0.0722483 0.0728411 0.0711787 0.0677423 0.0630324 0.057509 0.0515474 0.0454171 0.0392909 0.0332761 0.0274522 0.021908 0.0167661 0.0121833 0.00831953 0.00528486
 0.0075789 0.0123362 0.0186162 0.0263845 0.0354111 0.0451317 0.0546059 0.0627319 0.068629 0.0719031 0.0726289 0.0711545 0.0679243 0.0633906 0.0579755 0.0520411 0.0458697 0.0396621 0.0335548 0.0276482 0.0220407 0.0168555 0.0122453 0.00836381 0.00531653
 0.00748331 0.0121894 0.0184117 0.0261231 0.0351015 0.0447899 0.0542537 0.0623938 0.0683273 0.0716545 0.072447 0.0710563 0.067932 0.0635242 0.0582378 0.0524078 0.046292 0.0400832 0.0339279 0.0279478 0.0222629 0.0170109 0.0123497 0.00843218 0.00536018
 0.00746201 0.012156 0.0183641 0.0260599 0.0350227 0.0446971 0.0541503 0.0622842 0.0682159 0.0715441 0.0723384 0.0709509 0.0678368 0.0634548 0.0582164 0.0524535 0.0464096 0.0402572 0.0341277 0.02814 0.0224235 0.0171304 0.0124305 0.00848316 0.00539076
 0.00750834 0.0122039 0.0183861 0.0260152 0.0348699 0.0444136 0.0537477 0.0618102 0.0677391 0.0711322 0.0720397 0.0707866 0.0678032 0.0635332 0.0583831 0.0526879 0.0466955 0.0405784 0.0344631 0.0284638 0.0227103 0.0173626 0.0126025 0.00859987 0.00546367
 0.00751651 0.0122176 0.0184057 0.0260365 0.0348794 0.0443847 0.0536431 0.0615935 0.0673955 0.0706852 0.0715526 0.0703435 0.0674798 0.063373 0.058391 0.0528394 0.0469523 0.0409008 0.0348153 0.0288139 0.0230308 0.0176327 0.0128112 0.00874734 0.00555867
 0.00753258 0.0122464 0.0184538 0.0261112 0.0349862 0.0445224 0.0537985 0.0617385 0.0674889 0.0706827 0.071423 0.0700857 0.0671304 0.0629973 0.0580615 0.052611 0.0468488 0.0409154 0.034921 0.0289753 0.0232131 0.017807 0.0129581 0.00885787 0.00563327
 0.00762913 0.0123874 0.0186367 0.0263241 0.0352119 0.0447452 0.0540078 0.0619276 0.0676491 0.0707976 0.0714674 0.0700319 0.0669604 0.0627164 0.057704 0.0522331 0.0465106 0.0406617 0.03477 0.0289192 0.023227 0.0178605 0.0130241 0.00891809 0.00567894
 0.00751113 0.0122279 0.0184555 0.0261579 0.0351017 0.0447178 0.0540634 0.0620411 0.0677861 0.070931 0.071585 0.0701303 0.0670346 0.0627551 0.0576952 0.0521759 0.0464221 0.0405722 0.0347102 0.028907 0.0232621 0.0179278 0.013103 0.0089907 0.00573523
#obs surv len freq
 0.00497228 0.00814311 0.0123835 0.0177062 0.0239848 0.0308542 0.0376904 0.0437717 0.0485489 0.051821 0.0537055 0.0544863 0.0544816 0.0539876 0.0532648 0.0525273 0.0519206 0.0514797 0.0510659 0.0503096 0.0486283 0.0453909 0.0402204 0.0332858 0.0253695
 0.00517939 0.00848519 0.0129083 0.0184614 0.0250083 0.0321593 0.0392505 0.0455154 0.0503705 0.0536019 0.0553325 0.0558613 0.0555225 0.0546263 0.0534469 0.0522152 0.0511011 0.0501727 0.0493313 0.0482508 0.046389 0.0431432 0.0381408 0.0315211 0.0240051
 0.00541606 0.00886967 0.0134868 0.0192777 0.0260969 0.0335336 0.0408891 0.0473555 0.0523139 0.0555302 0.0571249 0.0574068 0.056727 0.0554143 0.0537596 0.0520091 0.0503491 0.0488728 0.0475206 0.0460203 0.0438898 0.0405765 0.0357251 0.0294465 0.0223882
 0.00564646 0.00924978 0.014069 0.0201141 0.0272286 0.0349744 0.0426098 0.0492795 0.0543302 0.057516 0.0589646 0.0590006 0.0579899 0.0562739 0.0541541 0.0518871 0.0496723 0.0476234 0.0457169 0.0437363 0.0412703 0.0378325 0.0331013 0.0271652 0.0205938
 0.00589929 0.0096618 0.0146912 0.0209951 0.0284065 0.0364625 0.0443818 0.0512622 0.0564122 0.0595675 0.0608586 0.0606271 0.0592619 0.0571257 0.054536 0.0517583 0.0489982 0.0463814 0.0439129 0.0414287 0.0385919 0.0349922 0.0303539 0.0247525 0.0186804
 0.00614378 0.0100641 0.0153055 0.0218746 0.0295925 0.0379681 0.0461748 0.0532608 0.0584973 0.0616071 0.0627289 0.0622238 0.0605022 0.0579468 0.0548913 0.0516128 0.0483241 0.0451602 0.0421478 0.0391684 0.0359554 0.0321764 0.027609 0.0223235 0.0167408
 0.00638883 0.0104649 0.0159134 0.0227393 0.0307528 0.0394372 0.0479245 0.055215 0.0605414 0.0636089 0.0645607 0.0637763 0.0616914 0.0587134 0.0551961 0.0514299 0.0476352 0.0439542 0.0404311 0.0369862 0.0334155 0.0294608 0.024953 0.019963 0.014847
 0.00661001 0.0108306 0.0164751 0.0235485 0.0318506 0.0408377 0.0495985 0.0570847 0.0624923 0.0655126 0.0662959 0.0652408 0.0628057 0.0594205 0.0554589 0.0512264 0.0469536 0.0427912 0.0387988 0.0349295 0.031034 0.0269197 0.0224673 0.0177501 0.0130671
 0.00682671 0.0111822 0.0170033 0.0242923 0.0328402 0.0420836 0.0510794 0.0587413 0.064233 0.067228 0.0678757 0.0665862 0.0638369 0.0600794 0.0557079 0.0510443 0.0463306 0.0417277 0.0373105 0.033061 0.0288772 0.024623 0.0202222 0.0157505 0.0114567
 0.00706609 0.0115776 0.0176091 0.0251606 0.0340076 0.0435519 0.0527976 0.0606045 0.0661021 0.0689623 0.0693594 0.0677391 0.0646116 0.0604529 0.0556735 0.0506058 0.0454975 0.0405142 0.0357413 0.0311835 0.0267776 0.0224344 0.0181131 0.0138896 0.0099668
 0.00726872 0.0119102 0.0181157 0.025885 0.0349849 0.0447953 0.0542834 0.0622635 0.0678262 0.0706216 0.0708248 0.0689023 0.065398 0.0608259 0.0556291 0.050161 0.0446794 0.0393534 0.0342739 0.0294614 0.0248819 0.0204827 0.0162498 0.0122565 0.00866539
 0.00741454 0.0121525 0.0184902 0.0264283 0.0357281 0.0457521 0.0554388 0.0635696 0.0692076 0.0719883 0.0720842 0.0699667 0.0661912 0.0612893 0.0557285 0.0498881 0.0440485 0.0383951 0.0330309 0.0279916 0.0232648 0.0188242 0.0146735 0.0108807 0.00757268
 0.00752891 0.0123345 0.0187575 0.0267963 0.0362093 0.0463544 0.0561615 0.0643992 0.0701161 0.0729343 0.0730154 0.0708237 0.0669118 0.0618135 0.0560047 0.0498789 0.0437359 0.0377828 0.0321456 0.0268829 0.0220066 0.0175124 0.0134168 0.00977988 0.00669705
 0.00761277 0.0124699 0.018959 0.0270767 0.0365763 0.0468069 0.0566872 0.0649753 0.0707153 0.0735322 0.0735936 0.0713665 0.0673985 0.0622141 0.0562793 0.0499841 0.0436333 0.0374487 0.0315787 0.0261097 0.0210829 0.0165191 0.0124475 0.00892185 0.00601064
 0.00767415 0.0125642 0.019091 0.027248 0.0367863 0.0470541 0.0569692 0.0652878 0.0710515 0.0738827 0.0739477 0.0717138 0.0677284 0.062513 0.0565263 0.0501494 0.0436802 0.037342 0.0312958 0.0256515 0.0204801 0.0158306 0.011749 0.00828796 0.00549541
 0.00773501 0.0126558 0.0192153 0.0274015 0.0369614 0.0472409 0.0571574 0.0654689 0.0712207 0.0740408 0.0741005 0.0718686 0.0678899 0.0626791 0.0566868 0.0502844 0.043762 0.0373384 0.0311779 0.0254045 0.0201127 0.015378 0.0112663 0.00783475 0.00511839
 0.00778734 0.0127374 0.0193311 0.027553 0.0371451 0.0474472 0.0573702 0.0656677 0.0713857 0.0741596 0.0741727 0.0719049 0.0679072 0.0626937 0.0567077 0.0503101 0.0437792 0.0373243 0.0311065 0.0252554 0.0198807 0.0150789 0.0109349 0.00751405 0.00484536
 0.00779778 0.012752 0.019349 0.0275724 0.0371642 0.047466 0.0573911 0.0656945 0.071422 0.0742065 0.0742283 0.0719664 0.0679728 0.062764 0.0567841 0.050392 0.04386 0.0373901 0.0311377 0.0252326 0.0197932 0.0149312 0.0107473 0.00731693 0.00466813
 0.00784199 0.0128126 0.0194195 0.0276396 0.0372123 0.0474824 0.0573715 0.0656449 0.0713559 0.0741406 0.0741778 0.0719418 0.0679779 0.0627968 0.0568393 0.0504623 0.0439371 0.0374631 0.0311929 0.0252551 0.0197718 0.0148641 0.010645 0.00719862 0.0045552
 0.00785919 0.0128436 0.0194709 0.0277173 0.0373178 0.0476078 0.0574977 0.0657447 0.0714045 0.0741265 0.0741084 0.0718391 0.0678698 0.0627065 0.0567796 0.0504356 0.0439375 0.0374801 0.0312132 0.0252651 0.0197602 0.0148259 0.0105833 0.00712416 0.00448158
 0.00790971 0.0129165 0.0195637 0.0278228 0.0374268 0.0477134 0.0575969 0.0658366 0.0714851 0.0741856 0.0741315 0.0718153 0.0677986 0.0626002 0.0566595 0.0503228 0.0438464 0.037415 0.0311693 0.0252326 0.0197283 0.0147868 0.0105352 0.00707098 0.00443034
 0.00791765 0.0129316 0.0195901 0.0278646 0.0374855 0.0477857 0.0576733 0.0659043 0.071533 0.0742096 0.0741347 0.0718035 0.0677753 0.0625658 0.056614 0.0502699 0.0437935 0.0373699 0.0311361 0.0252098 0.0197103 0.0147674 0.010511 0.00704247 0.00440123
 0.00789936 0.0129027 0.0195486 0.0278101 0.0374205 0.0477162 0.0576092 0.0658567 0.0715107 0.0742152 0.0741643 0.0718492 0.0678289 0.0626209 0.0566659 0.0503154 0.043831 0.0374 0.0311607 0.0252302 0.0197261 0.0147769 0.0105127 0.00703703 0.00439121
 0.00787041 0.0128508 0.0194619 0.0276757 0.0372292 0.0474691 0.0573229 0.0655635 0.0712516 0.0740285 0.0740751 0.0718642 0.0679373 0.0627996 0.0568868 0.0505518 0.0440616 0.0376103 0.0313428 0.0253807 0.0198446 0.0148648 0.0105728 0.00707374 0.00441039
 0.00790046 0.0128924 0.0195105 0.0277212 0.037257 0.0474625 0.0572673 0.0654511 0.0710856 0.073826 0.0738656 0.0716826 0.0678137 0.0627507 0.0569125 0.0506375 0.0441853 0.0377496 0.0314791 0.0255018 0.0199441 0.0149405 0.0106259 0.00710754 0.0044294
 0.00787803 0.0128612 0.0194729 0.0276821 0.0372207 0.0474301 0.0572339 0.0654063 0.0710183 0.0737298 0.0737437 0.0715495 0.0676922 0.0626657 0.0568831 0.050671 0.0442754 0.0378791 0.0316265 0.0256467 0.0200718 0.0150429 0.0107011 0.00715789 0.00445999
 0.00785193 0.0128163 0.0194015 0.0275769 0.0370787 0.0472563 0.0570441 0.0652245 0.0708682 0.0736258 0.0736869 0.0715303 0.0676996 0.0626939 0.0569341 0.0507514 0.0443897 0.0380247 0.0317922 0.0258163 0.0202285 0.0151745 0.0108016 0.00722786 0.00450422
 0.00783588 0.0127856 0.0193469 0.0274868 0.0369423 0.0470683 0.0568095 0.064961 0.0706043 0.0733947 0.0735182 0.0714425 0.0676954 0.0627626 0.0570577 0.0509123 0.0445749 0.0382251 0.0319996 0.0260199 0.0204159 0.0153343 0.0109267 0.00731731 0.00456234
 0.00779266 0.0127189 0.0192527 0.0273634 0.0367892 0.0468861 0.0566004 0.0647306 0.0703638 0.0731623 0.0733175 0.0712987 0.0676294 0.0627843 0.0571635 0.0510866 0.0447959 0.0384708 0.0322508 0.0262611 0.0206342 0.0155194 0.0110726 0.00742298 0.00463221
 0.00775688 0.0126567 0.0191522 0.0272121 0.0365786 0.0466172 0.0562882 0.0644031 0.0700544 0.0729005 0.0731227 0.0711811 0.0675927 0.0628299 0.0572892 0.0512848 0.0450514 0.0387623 0.0325546 0.0265547 0.0208992 0.0157429 0.0112479 0.0075501 0.0047167
 0.00773587 0.0126182 0.019086 0.0271057 0.0364195 0.0463975 0.0560095 0.0640794 0.069712 0.0725735 0.0728466 0.0709852 0.0674952 0.0628354 0.0573917 0.051471 0.0453038 0.0390598 0.0328734 0.0268705 0.0211895 0.0159909 0.0114441 0.00769323 0.00481236
 0.0077166 0.0125897 0.019048 0.0270585 0.0363624 0.0463266 0.0559169 0.0639555 0.06955 0.0723752 0.0726255 0.0707654 0.0673065 0.0627057 0.0573403 0.0515048 0.0454176 0.0392391 0.0330972 0.0271144 0.0214293 0.016206 0.0116206 0.00782546 0.00490259
 0.00769849 0.0125612 0.019007 0.0270041 0.0362954 0.04625 0.0558355 0.0638741 0.0694706 0.072295 0.0725384 0.0706667 0.0671985 0.0626006 0.0572579 0.0514661 0.0454372 0.0393207 0.0332326 0.0272862 0.0216153 0.0163841 0.0117739 0.00794449 0.004986
 0.00765409 0.0124923 0.0189097 0.0268774 0.0361418 0.0460761 0.0556527 0.063698 0.0693185 0.072181 0.0724697 0.070641 0.0672068 0.0626318 0.0573048 0.0515288 0.045522 0.0394347 0.0333782 0.0274571 0.0217977 0.0165603 0.0119277 0.00806572 0.00507214
 0.00762483 0.0124431 0.0188328 0.0267652 0.0359895 0.045885 0.0554332 0.0634696 0.0691057 0.0720073 0.072352 0.070587 0.0672146 0.062692 0.0574039 0.0516534 0.0456631 0.0395883 0.0335432 0.0276312 0.021974 0.0167279 0.0120743 0.00818258 0.00515632
 0.00761901 0.0124327 0.0188153 0.0267369 0.0359457 0.0458205 0.0553437 0.0633535 0.0689668 0.0718557 0.0722036 0.0704604 0.067126 0.0626511 0.0574121 0.051705 0.0457484 0.0396975 0.0336684 0.0277661 0.0221119 0.0168604 0.0121926 0.00827904 0.0052275
 0.00760364 0.0124124 0.0187932 0.0267185 0.0359364 0.0458226 0.0553536 0.0633621 0.0689619 0.0718266 0.0721454 0.0703766 0.0670282 0.062556 0.0573366 0.0516613 0.0457416 0.0397259 0.0337258 0.0278441 0.0222016 0.0169527 0.0122787 0.00835178 0.00528288
 0.00758603 0.0123831 0.0187481 0.0266545 0.0358534 0.0457257 0.0552542 0.0632753 0.0689011 0.0717977 0.0721437 0.0703897 0.0670431 0.0625652 0.0573407 0.0516678 0.0457601 0.0397634 0.0337842 0.0279201 0.022288 0.0170408 0.0123599 0.00841978 0.00533434
 0.00756117 0.0123443 0.0186927 0.0265809 0.0357615 0.045617 0.055133 0.06315 0.0687839 0.071703 0.0720843 0.0703726 0.0670661 0.0626182 0.0574106 0.0517438 0.0458373 0.0398425 0.0338676 0.0280089 0.0223798 0.0171302 0.0124405 0.00848619 0.00538406
 0.00754747 0.0123219 0.018659 0.0265336 0.0356989 0.0455396 0.0550436 0.0630539 0.0686883 0.0716155 0.0720127 0.0703238 0.0670458 0.0626289 0.05745 0.0518053 0.0459124 0.0399239 0.0339512 0.0280926 0.0224622 0.0172082 0.0125102 0.0085437 0.00542733
 0.00753164 0.0122978 0.0186258 0.0264913 0.0356484 0.045482 0.0549803 0.0629866 0.0686197 0.0715492 0.0719531 0.0702758 0.0670143 0.0626183 0.0574628 0.0518415 0.0459686 0.0399945 0.0340296 0.0281733 0.0225406 0.0172807 0.0125734 0.0085951 0.00546574
 0.00752656 0.0122873 0.0186057 0.0264571 0.0355962 0.0454109 0.0548944 0.0628944 0.0685313 0.0714737 0.0718954 0.0702378 0.0669956 0.0626184 0.0574816 0.0518788 0.0460234 0.0400639 0.0341089 0.0282566 0.0226219 0.017355 0.0126369 0.00864561 0.00550273
 0.00752406 0.0122839 0.0186016 0.0264522 0.0355897 0.0454003 0.0548756 0.0628632 0.0684855 0.0714152 0.0718307 0.0701756 0.0669442 0.0625831 0.057465 0.0518813 0.046044 0.0401007 0.0341589 0.0283153 0.0226838 0.0174146 0.0126894 0.00868804 0.00553407
 0.00750516 0.0122551 0.018562 0.0264024 0.035532 0.0453385 0.0548142 0.0628069 0.0684378 0.0713774 0.0718022 0.0701551 0.0669318 0.0625807 0.057475 0.0519056 0.0460829 0.0401528 0.0342211 0.0283834 0.022753 0.0174795 0.0127457 0.00873287 0.00556668
 0.00750869 0.0122602 0.0185685 0.0264097 0.0355391 0.0453443 0.054818 0.0628077 0.068435 0.0713701 0.0717892 0.0701355 0.0669053 0.0625488 0.0574412 0.0518749 0.0460606 0.0401428 0.0342251 0.0284003 0.0227793 0.0175107 0.0127769 0.00876024 0.00558797
 0.00750237 0.0122495 0.0185517 0.0263851 0.0355056 0.0453024 0.0547701 0.0627586 0.0683904 0.0713354 0.0717678 0.0701281 0.0669102 0.0625623 0.0574596 0.0518958 0.0460835 0.0401686 0.0342552 0.0284352 0.0228177 0.0175498 0.0128132 0.00879071 0.00561103
 0.00750237 0.0122495 0.0185517 0.0263851 0.0355056 0.0453024 0.0547701 0.0627586 0.0683904 0.0713354 0.0717678 0.0701281 0.0669102 0.0625623 0.0574596 0.0518958 0.0460835 0.0401686 0.0342552 0.0284352 0.0228177 0.0175498 0.0128132 0.00879071 0.00561103
 0.00742666 0.0121314 0.0183837 0.0261645 0.035236 0.0449955 0.054447 0.0624491 0.0681282 0.0711504 0.0716796 0.0701421 0.0670182 0.0627458 0.0576944 0.0521569 0.0463492 0.040423 0.0344879 0.0286405 0.0229927 0.0176931 0.0129249 0.00887246 0.00566661
#pred catch len freq
 0.00362787 0.00587715 0.00884184 0.0125563 0.0170446 0.0222681 0.0280583 0.03411 0.0400456 0.0454948 0.0501505 0.053807 0.0563863 0.0579395 0.0586142 0.0586121 0.0581548 0.0574455 0.0565917 0.0554877 0.0537229 0.0506469 0.045664 0.0386496 0.0302029
 0.00408998 0.00656443 0.00976068 0.01368 0.0183334 0.0236941 0.0296142 0.0357888 0.0418023 0.0472198 0.0516783 0.0549641 0.0570546 0.0580978 0.0583359 0.0580198 0.0573563 0.0564802 0.0554148 0.0540036 0.0518589 0.048431 0.0432586 0.0363113 0.0281873
 0.00428539 0.00692385 0.0103754 0.0146517 0.0197406 0.0255458 0.0318184 0.0381653 0.0441408 0.0493458 0.0534819 0.0563798 0.0580249 0.0585628 0.0582571 0.057411 0.0562857 0.055036 0.0536601 0.0519591 0.0495335 0.0458817 0.0406324 0.0338293 0.0260717
 0.00449963 0.00725769 0.0108576 0.015317 0.020644 0.0267713 0.0334636 0.0402932 0.0467156 0.0521928 0.0563091 0.0588608 0.059896 0.0596772 0.0585797 0.0569804 0.0551794 0.0533499 0.0514951 0.0494125 0.0467067 0.0429049 0.0376861 0.0311307 0.023819
 0.00479353 0.00771843 0.011519 0.0161995 0.0217532 0.028099 0.0349921 0.0420046 0.0486011 0.054247 0.0584981 0.0610786 0.0619468 0.0613101 0.0595608 0.0571603 0.0545189 0.0519035 0.0493765 0.046768 0.0437067 0.0397493 0.0346036 0.0283543 0.0215371
 0.00510928 0.00822302 0.0122627 0.0172243 0.0230868 0.029744 0.036912 0.0441177 0.0507908 0.0563883 0.0604869 0.0628451 0.063442 0.0624728 0.0602919 0.0573282 0.0539985 0.0506253 0.0473583 0.0441189 0.040615 0.0364616 0.0313967 0.0254904 0.0192096
 0.00533169 0.00858962 0.0128251 0.0180374 0.0242021 0.0311966 0.0387025 0.0461971 0.0530568 0.058695 0.0626677 0.0647438 0.0649411 0.0635053 0.0608267 0.057339 0.0534418 0.0494473 0.0455311 0.0416848 0.0377131 0.0333236 0.0283073 0.0227252 0.0169683
 0.00556416 0.00896177 0.0133761 0.0188048 0.0252206 0.0324936 0.0402884 0.0480516 0.0551186 0.0608589 0.0647912 0.0666649 0.0665049 0.0645913 0.0613634 0.0572996 0.0528234 0.0482525 0.0437684 0.0393953 0.0350062 0.0303941 0.0254135 0.020129 0.0148638
 0.00584298 0.00939947 0.0140071 0.0196541 0.0263042 0.0338176 0.0418432 0.0498043 0.0570083 0.0627979 0.0666698 0.0683604 0.0678935 0.0655621 0.0618324 0.0572172 0.0521739 0.0470462 0.0420372 0.0372004 0.0324583 0.0276684 0.0227377 0.0177357 0.0129276
 0.00603461 0.00971347 0.0144842 0.0203335 0.0272161 0.0349714 0.0432159 0.0513382 0.0586215 0.0644012 0.0681806 0.0697054 0.0690048 0.0663729 0.0622773 0.0572376 0.0517268 0.0461119 0.040627 0.0353656 0.0303013 0.0253476 0.0204529 0.0156887 0.0112696
 0.00629002 0.0101193 0.0150787 0.0211492 0.0282778 0.0362901 0.0447771 0.0530886 0.0604635 0.0662009 0.0697906 0.0709947 0.0698856 0.0668092 0.062274 0.0568178 0.0509123 0.0449189 0.0390757 0.0334994 0.0282054 0.0231565 0.0183371 0.0138185 0.00976918
 0.00639072 0.0102989 0.0153789 0.0216208 0.0289714 0.0372411 0.0459894 0.0545256 0.0620497 0.0678315 0.0713426 0.0723406 0.0709099 0.0674274 0.0624452 0.0565447 0.0502278 0.0438688 0.0377094 0.0318752 0.0264043 0.0212927 0.0165509 0.0122481 0.00851441
 0.00637071 0.0102835 0.0153897 0.0216938 0.0291557 0.0375914 0.0465551 0.0553366 0.0631019 0.0690762 0.0726868 0.0736608 0.0720749 0.0683213 0.0629842 0.0566844 0.0499628 0.0432255 0.0367377 0.0306427 0.0249978 0.0198196 0.0151322 0.0109989 0.00751581
 0.00653342 0.0105146 0.0156768 0.0220082 0.0294656 0.037882 0.0468418 0.0556636 0.0635238 0.0696327 0.0733825 0.0744562 0.0728922 0.0690603 0.0635433 0.0569805 0.0499446 0.0428786 0.0360833 0.0297337 0.0239135 0.0186597 0.0140053 0.0100037 0.00672018
 0.0068685 0.0110069 0.0163192 0.0227565 0.0302472 0.0386131 0.0474464 0.0560888 0.0637545 0.0696996 0.073355 0.0744182 0.0729073 0.0691455 0.0636635 0.0570639 0.0499092 0.0426589 0.0356474 0.0290905 0.0231111 0.017776 0.0131319 0.00922534 0.00609542
 0.00685356 0.0110212 0.0164096 0.0229839 0.0306627 0.0392244 0.048194 0.0568529 0.0643945 0.0701086 0.073499 0.0743414 0.0727055 0.0689233 0.0634937 0.0569647 0.0498459 0.0425651 0.0354564 0.0287622 0.0226469 0.017217 0.0125451 0.00868119 0.00564722
 0.00664846 0.0107285 0.0160476 0.0226044 0.0303468 0.0390691 0.0482897 0.057254 0.0650885 0.0709997 0.0744253 0.0751288 0.0732331 0.0691628 0.0635014 0.0568361 0.0496633 0.0423667 0.0352365 0.0284947 0.0223134 0.0168253 0.0121294 0.00828845 0.00531806
 0.0067239 0.0108081 0.0160903 0.0225518 0.0301474 0.0387134 0.0478358 0.0568244 0.0648316 0.0710318 0.0747817 0.0757457 0.0739696 0.0698545 0.0640205 0.0571291 0.0497489 0.0423027 0.0350805 0.028282 0.0220595 0.0165413 0.0118342 0.00800953 0.00508203
 0.00682903 0.010967 0.0163038 0.022804 0.0303999 0.0389032 0.0478853 0.0566681 0.0644556 0.0705039 0.0742434 0.0753602 0.07385 0.0700148 0.0643777 0.0575508 0.0501146 0.0425435 0.0351831 0.0282681 0.0219619 0.0163909 0.0116586 0.00783417 0.00492834
 0.00686662 0.0110225 0.0163771 0.0228914 0.0304948 0.0389959 0.0479607 0.0567013 0.0644121 0.0703497 0.0739677 0.0749977 0.0734847 0.0697522 0.064297 0.0576662 0.0503716 0.0428501 0.0354534 0.0284511 0.0220456 0.016391 0.0116031 0.00775224 0.00484424
 0.00683856 0.0109848 0.0163349 0.022854 0.0304727 0.0389964 0.0479838 0.0567395 0.0644514 0.0703716 0.0739518 0.0749276 0.0733582 0.0695919 0.06415 0.0575868 0.0503939 0.0429692 0.0356281 0.0286263 0.0221776 0.0164612 0.0116169 0.00772852 0.00480437
 0.00681795 0.0109513 0.0162848 0.0227853 0.0303867 0.0388997 0.0478892 0.0566634 0.0644079 0.0703663 0.073978 0.0749681 0.0733922 0.0696039 0.0641385 0.0575674 0.0503928 0.0430088 0.035713 0.0287397 0.0222906 0.0165482 0.011666 0.00774327 0.00479702
 0.00685373 0.0109946 0.0163228 0.0227978 0.0303525 0.0388068 0.047743 0.0564872 0.0642358 0.0702312 0.0739013 0.0749543 0.0734297 0.0696708 0.0642116 0.0576315 0.0504458 0.0430595 0.0357725 0.0288119 0.022369 0.0166192 0.0117181 0.00777237 0.00480692
 0.00676258 0.010863 0.0161542 0.0226025 0.0301406 0.0385795 0.0474896 0.0561942 0.0639035 0.0698874 0.0736005 0.0747595 0.0733865 0.0697894 0.0644654 0.0579708 0.0508176 0.0434226 0.036103 0.0290994 0.0226093 0.0168102 0.0118591 0.00786679 0.00486288
 0.00675809 0.0108551 0.0161421 0.0225867 0.0301249 0.0385713 0.0474979 0.0562221 0.0639402 0.0699064 0.0735697 0.0746604 0.0732299 0.0696144 0.0643211 0.0578936 0.0508177 0.0434863 0.0362053 0.0292156 0.0227214 0.0169072 0.0119353 0.00792067 0.00489665
 0.00676836 0.0108648 0.0161438 0.0225698 0.0300788 0.0384911 0.0473891 0.0561016 0.0638315 0.0698305 0.0735352 0.0746592 0.0732417 0.069619 0.0643119 0.0578808 0.050821 0.0435216 0.0362751 0.0293101 0.0228242 0.0170031 0.0120143 0.00797873 0.00493476
 0.00672107 0.0107963 0.0160556 0.0224667 0.0299657 0.0383683 0.0472512 0.055942 0.0636511 0.0696447 0.0733733 0.0745541 0.0732149 0.0696715 0.0644256 0.0580298 0.050984 0.0436876 0.0364405 0.0294719 0.0229766 0.0171374 0.0121231 0.008059 0.00498828
 0.00668854 0.0107381 0.0159592 0.02232 0.0297624 0.038116 0.0469744 0.0556774 0.0634343 0.0694965 0.0732956 0.0745368 0.0732483 0.0697517 0.0645514 0.0581962 0.051179 0.0438953 0.0366462 0.029665 0.0231495 0.0172845 0.0122407 0.00814587 0.0050469
 0.00651169 0.0104731 0.0156015 0.0218777 0.0292516 0.0375535 0.0463773 0.05507 0.0628573 0.0690093 0.0729651 0.0744159 0.073356 0.0700678 0.0650262 0.0587687 0.0517916 0.044501 0.0372098 0.0301623 0.0235665 0.0176162 0.0124894 0.0083203 0.00516019
 0.00642795 0.0103314 0.015379 0.0215526 0.0288113 0.0370052 0.0457549 0.05443 0.0622634 0.0685154 0.0726064 0.0742137 0.0733245 0.0702143 0.0653442 0.0592314 0.0523533 0.0451069 0.0378077 0.0307103 0.0240367 0.0179947 0.0127745 0.00852033 0.00528994
 0.00637996 0.0102509 0.0152518 0.0213609 0.0285336 0.0366196 0.045247 0.0538048 0.0615564 0.0677948 0.071962 0.0737334 0.0730702 0.0702093 0.0655759 0.0596618 0.0529296 0.0457685 0.0384924 0.0313619 0.0246112 0.0184654 0.0131326 0.00877254 0.00545358
 0.0063487 0.0102095 0.0152062 0.0213201 0.0285041 0.0365971 0.0452107 0.0537191 0.0613814 0.067504 0.0715586 0.0732579 0.0725945 0.0698169 0.0653372 0.0596149 0.0530744 0.0460721 0.0389015 0.0318157 0.025054 0.0188545 0.0134436 0.00899914 0.00560412
 0.00629221 0.0101239 0.0150899 0.0211779 0.0283479 0.0364455 0.045086 0.0536392 0.0613501 0.0675022 0.0715477 0.0731957 0.0724578 0.0696177 0.0651222 0.059448 0.0530115 0.0461412 0.0390956 0.0320993 0.0253772 0.0191684 0.0137124 0.0092048 0.00574552
 0.00632526 0.0101565 0.0151003 0.0211335 0.0282155 0.0362067 0.0447501 0.0532466 0.0609616 0.0671798 0.0713339 0.0731007 0.0724592 0.0696747 0.0651978 0.0595273 0.0531058 0.0462758 0.0392901 0.0323533 0.0256682 0.0194613 0.0139731 0.00941126 0.00589153
 0.00638896 0.0102548 0.0152364 0.0213022 0.0283982 0.0363684 0.0448417 0.0532173 0.0607803 0.0668552 0.0709192 0.0726761 0.0721007 0.0694271 0.0650662 0.0594893 0.0531328 0.0463495 0.0394056 0.0325098 0.025858 0.0196659 0.0141679 0.00957511 0.00601341
 0.00639207 0.0102669 0.0152678 0.0213669 0.0285103 0.0365355 0.0450564 0.0534522 0.0609883 0.0669797 0.0709128 0.0725212 0.0718213 0.0690824 0.0647269 0.0592113 0.0529429 0.0462485 0.039381 0.0325461 0.0259399 0.0197762 0.0142872 0.009685 0.00610115
 0.00644517 0.0103384 0.0153489 0.0214421 0.0285645 0.0365634 0.0450687 0.0534715 0.0610366 0.0670628 0.0710114 0.0725962 0.0718305 0.0690015 0.0645627 0.0589991 0.0527307 0.0460774 0.0392733 0.032505 0.0259548 0.0198299 0.0143603 0.00975985 0.00616508
 0.0064765 0.0103959 0.0154463 0.0215929 0.0287748 0.036823 0.0453472 0.0537251 0.0612248 0.0671656 0.0710345 0.0725594 0.0717507 0.0688818 0.0643968 0.0587853 0.0524824 0.0458233 0.0390468 0.0323313 0.025844 0.019777 0.0143504 0.00977495 0.00618936
 0.0064164 0.0103153 0.0153573 0.02152 0.0287507 0.0368802 0.0455073 0.053989 0.0615668 0.0675353 0.071369 0.0728038 0.071875 0.0688857 0.0643001 0.0586144 0.0522626 0.0455791 0.0388041 0.0321158 0.0256748 0.0196619 0.014285 0.0097468 0.0061836
