SBPRF35
7.78865
Curr Bio
503281
B35
639380
F35
0.22015
FOFL
0.173266
OFL
68677.7
Bzero
2.22533e+006
#pred survey bio
 3.76539e+006 3.33177e+006 2.97518e+006 2.65162e+006 2.33114e+006 2.06308e+006 1.83664e+006 1.60726e+006 1.41295e+006 1.2352e+006 1.07026e+006 953237 858072 805950 751848 708362 678707 642988 619024 603030 598039 597911 598325 603012 607577 618656 622974 614284 609243 602683 587537 572152 548544 543759 535699 540806 547259 543976 548820 555476 565744 569861 564236 565248 569745 564865 569369 565528 576184 578998 587264 574668 568028 550658 566971 569709 571870 554890 537946 517439 522612 517983 490560 506476 1.796e+007 1.1219e+007 1.18113e+007 1.26699e+007 1.36213e+007 1.45166e+007 1.52817e+007 1.58956e+007 1.63679e+007 1.67211e+007 1.69805e+007 1.71688e+007 1.73048e+007 1.7403e+007 1.74739e+007 1.75254e+007 1.75629e+007 1.75904e+007 1.76108e+007 1.76259e+007 1.76372e+007 1.76457e+007 1.76522e+007 1.7657e+007 1.76607e+007 1.76636e+007 1.76657e+007 1.76674e+007 1.76686e+007 1.76696e+007 1.76704e+007 1.7671e+007 1.76714e+007 1.76717e+007 1.7672e+007 1.76722e+007 1.76724e+007 1.76725e+007 1.76726e+007 1.76727e+007 1.76727e+007 1.76728e+007 1.76728e+007 1.76728e+007 1.76729e+007 1.76729e+007 1.76729e+007 1.76729e+007 1.76729e+007 1.76729e+007 1.76729e+007 1.76729e+007 1.76729e+007 1.76729e+007 1.76729e+007 1.76729e+007 1.76729e+007 1.76729e+007 1.76729e+007 1.76729e+007 1.76729e+007 1.76729e+007 1.76729e+007 1.76729e+007 1.76729e+007 1.76729e+007 1.76729e+007 1.76729e+007 1.76729e+007 1.76729e+007 1.76729e+007 1.76729e+007 1.76729e+007 1.76729e+007 1.76729e+007 1.76729e+007 1.76729e+007 1.76729e+007 1.76729e+007 1.76729e+007 1.76729e+007 1.76729e+007 1.76729e+007 1.76729e+007 1.76729e+007 1.76729e+007 1.76729e+007 1.76729e+007 1.76729e+007 1.76729e+007 1.76729e+007 1.76729e+007 1.76729e+007 1.76729e+007 1.76729e+007 1.76729e+007 1.76729e+007 1.76729e+007 1.76729e+007 1.76729e+007 0 0 0 0 0 0 0 0 0 0 0 0 0 0 0 0 0 0 0 0 0 0 0 0 0
#obs survey bio
 3.66218e+006 2.56615e+006 2.99116e+006 2.41058e+006 1.69466e+006 2.5846e+006 1.71136e+006 1.51056e+006 928546 1.41962e+006 1.05662e+006 924950 787742 610007 619919 636104 559994 1.07993e+006 594565 551733 510681 529887 607786 577417 628141 474722 604054 792261 632638 499444 710152 609114 554643 549179 707980 560523 535601 449340 623735 457444 515788 896074 496078 574683 578976 636533 528727 507112 628939 594552 578168 720755 477026 519220 536511 806226 562960 491589 440379 488496 516083 346417 634954 343906
#pred catch bio
 301266 266698 272200 302434 285141 272909 295149 278423 272615 264543 223392 203738 165612 165923 154346 139809 141351 127231 117676 107462 103678 103461 99383.9 98441.4 91882.2 95944.5 103717 96677.8 94075.9 97047.8 92806.2 97777.4 84412 91715.3 83341.1 83470.6 92038.9 85813 85685 84432.6 90537.9 98034.1 92051.6 89822.9 98196.6 90758.7 98496.7 87197.1 94393.8 89834 106995 101411 109985 81778.4 93172.5 92426.3 107250 106268 108828 87651.4 96865.9 116012 81700.2 92752.5 68677.7 88550.6 92186 97913.7 104811 111367 116872 121161 124332 126591 128154 129212 129917 130380 130681 130874 130998 131077 131127 131159 131179 131191 131199 131204 131207 131209 131210 131211 131212 131212 131212 131212 131212 131212 131212 131212 131212 131212 131212 131212 131212 131212 131212 131212 131212 131212 131212 131212 131212 131212 131212 131212 131212 131212 131212 131212 131212 131212 131212 131212 131212 131212 131212 131212 131212 131212 131212 131212 131212 131212 131212 131212 131212 131212 131212 131212 131212 131212 131212 131212 131212 131212 131212 131212 131212 131212 131212 131212 131212 131212 131212 131212 131212 131212 131212 131212 131212 131212 131212 131212 0 0 0 0 0 0 0 0 0 0 0 0 0 0 0 0 0 0 0 0 0 0 0 0 0
#obs catch bio
 247611 267476 273403 304833 288026 276060 300788 282970 280256 270541 227227 207748 167356 168068 157127 141564 144064 128343 118622 108290 104858 105024 100659 99502 92469.3 96862.7 104303 96905.5 94064.4 97179.6 92546.1 97569.5 83889.1 91414.8 83036.8 82972.9 91411.7 85413.8 85438.6 84300.3 90801.4 97605.1 91624.4 89537 98245.2 90460.3 98689.1 87105.5 94557.5 89547.8 107028 100920 110426 81476.4 93255.9 91825.6 106743 105492 108298 86954.2 95846.3 115718 80782.6 92827
#pred cpue bio
 3.70487e+006 3.27417e+006 2.91901e+006 2.59638e+006 2.27753e+006 2.01059e+006 1.78528e+006 1.55781e+006 1.36537e+006 1.19014e+006 1.02822e+006 913348 820182 769275 716501 674328 645796 611587 588874 573519 568508 568194 568661 573608 578523 589730 594526 586818 582707 577053 563056 548707 525119 518760 509749 514706 521344 518172 522644 528831 538538 542678 537491 538381 542530 537665 541935 538017 548279 551171 559364 547069 540408 523369 539361 542514 544968 528357 511483 491200 496105 491481 464325 479008 1.69826e+007 1.06217e+007 1.11336e+007 1.19057e+007 1.2831e+007 1.37213e+007 1.44855e+007 1.50993e+007 1.55716e+007 1.59248e+007 1.61841e+007 1.63725e+007 1.65085e+007 1.66066e+007 1.66776e+007 1.6729e+007 1.67666e+007 1.67941e+007 1.68145e+007 1.68296e+007 1.68409e+007 1.68494e+007 1.68558e+007 1.68607e+007 1.68644e+007 1.68672e+007 1.68694e+007 1.6871e+007 1.68723e+007 1.68733e+007 1.6874e+007 1.68746e+007 1.68751e+007 1.68754e+007 1.68757e+007 1.68759e+007 1.6876e+007 1.68762e+007 1.68763e+007 1.68763e+007 1.68764e+007 1.68764e+007 1.68765e+007 1.68765e+007 1.68765e+007 1.68765e+007 1.68765e+007 1.68766e+007 1.68766e+007 1.68766e+007 1.68766e+007 1.68766e+007 1.68766e+007 1.68766e+007 1.68766e+007 1.68766e+007 1.68766e+007 1.68766e+007 1.68766e+007 1.68766e+007 1.68766e+007 1.68766e+007 1.68766e+007 1.68766e+007 1.68766e+007 1.68766e+007 1.68766e+007 1.68766e+007 1.68766e+007 1.68766e+007 1.68766e+007 1.68766e+007 1.68766e+007 1.68766e+007 1.68766e+007 1.68766e+007 1.68766e+007 1.68766e+007 1.68766e+007 1.68766e+007 1.68766e+007 1.68766e+007 1.68766e+007 1.68766e+007 1.68766e+007 1.68766e+007 1.68766e+007 1.68766e+007 1.68766e+007 1.68766e+007 1.68766e+007 1.68766e+007 1.68766e+007 1.68766e+007 1.68766e+007 1.68766e+007 1.68766e+007 1.68766e+007 1.68766e+007 1.68766e+007 0 0 0 0 0 0 0 0 0 0 0 0 0 0 0 0 0 0 0 0 0 0 0 0 0
#obs cpue bio
 3.17401e+006 2.15409e+006 2.5272e+006 2.49568e+006 1.96741e+006 1.17623e+006 1.22558e+006 1.56962e+006 815624 1.25497e+006 923918 684224 948260 861539 493187 747303 482006 505595 549547 516910 428638 416190 498941 612742 596018 558054 893537 494209 667679 668831 599949 599294 624160 534578 367490 642907 698137 514295 442104 557928 427803 684271 608748 474682 479091 545174 480970 595712 489526 651921 564660 546236 457151 635164 554959 610877 586944 708455 658479 581378 729576 591705 508985 402450
#pred surv len freq
 0.00504583 0.00820872 0.0123856 0.0175678 0.0236382 0.0302847 0.0369679 0.0430467 0.0480106 0.0516425 0.0540068 0.0553247 0.0558564 0.0558352 0.0554375 0.0547738 0.0538959 0.0528067 0.0514453 0.0496393 0.0470685 0.0433258 0.0381183 0.0315281 0.0241394
 0.00555548 0.00895681 0.013367 0.0187388 0.024946 0.0317048 0.0385186 0.0447597 0.0498716 0.0535402 0.055731 0.0566246 0.0565293 0.0557986 0.0547502 0.0536003 0.0524369 0.0512269 0.0498263 0.0479793 0.0453285 0.0414961 0.0362654 0.0297874 0.02266
 0.00580418 0.00940839 0.0141284 0.0199243 0.0266338 0.0338806 0.0410412 0.0473868 0.0523438 0.0556717 0.0574409 0.0578933 0.0573282 0.05606 0.054399 0.0526154 0.0508866 0.0492516 0.0475854 0.0456017 0.0429018 0.0390942 0.0339838 0.0277498 0.0209851
 0.00610187 0.0098682 0.0147809 0.0207961 0.02776 0.035313 0.0428348 0.0495601 0.0548289 0.0582896 0.0599314 0.0599898 0.0588327 0.0568714 0.0544909 0.0520002 0.049604 0.0473794 0.0452472 0.0429551 0.0401154 0.0363347 0.0314119 0.0255122 0.0191903
 0.00646545 0.0104521 0.0156448 0.0219868 0.0292993 0.0371829 0.0449693 0.0518544 0.0571676 0.060572 0.0620697 0.0618841 0.0603514 0.0578631 0.0548229 0.0515943 0.0484494 0.0455279 0.0428056 0.04008 0.0370058 0.0332153 0.028507 0.0230122 0.0172165
 0.00674559 0.0109119 0.0163451 0.0229882 0.0306506 0.038903 0.0470259 0.0541541 0.0595665 0.062905 0.0641858 0.0636682 0.0617254 0.0587672 0.055195 0.0513656 0.0475619 0.0439631 0.0406088 0.0373718 0.0339783 0.0301116 0.0255832 0.0204881 0.01523
 0.00695907 0.0112632 0.0168828 0.0237626 0.0317077 0.0402719 0.0487032 0.0560925 0.0616745 0.0650562 0.0662348 0.065471 0.0631586 0.0597412 0.055653 0.0512706 0.0468848 0.0426859 0.0387458 0.0349983 0.031248 0.0272482 0.0228426 0.0181002 0.0133437
 0.00725773 0.0117415 0.0175893 0.0247388 0.0329811 0.0418458 0.0505447 0.0581261 0.0637889 0.0671218 0.0681215 0.067061 0.0643542 0.0604702 0.0558701 0.0509546 0.0460307 0.0413003 0.0368545 0.0326663 0.0286025 0.0244835 0.0201935 0.0157871 0.0115144
 0.00737059 0.011958 0.0179761 0.0253777 0.03395 0.0431875 0.0522386 0.0600811 0.0658623 0.0691532 0.0699634 0.0685953 0.0654959 0.0611643 0.0560863 0.0506806 0.0452678 0.0400616 0.0351706 0.0305993 0.0262633 0.0220384 0.0178452 0.0137301 0.00988277
 0.00754255 0.0122292 0.0183714 0.0259218 0.0346712 0.0441194 0.0534125 0.061507 0.0675061 0.0709226 0.0717142 0.0701605 0.0667255 0.0619546 0.0563886 0.0504905 0.0446063 0.0389623 0.0336779 0.0287786 0.024216 0.0199081 0.0158042 0.0119437 0.00846529
 0.00787384 0.0127439 0.0191007 0.026877 0.0358412 0.0454689 0.0548813 0.0630155 0.0689706 0.0722711 0.0728923 0.0711226 0.067422 0.0623306 0.0563947 0.0500983 0.0438159 0.0378004 0.0321922 0.027038 0.0223157 0.0179731 0.0139787 0.0103623 0.00721912
 0.00803114 0.013011 0.0195229 0.0275007 0.0367008 0.0465671 0.0561724 0.0644055 0.0703375 0.0734988 0.073898 0.071866 0.067896 0.0625413 0.0563449 0.0497804 0.0432182 0.0369198 0.031046 0.0256721 0.0208074 0.0164282 0.0125174 0.00909564 0.00622075
 0.00826795 0.0133684 0.0200109 0.0281148 0.0374287 0.0473984 0.0570997 0.0654148 0.0713936 0.0745363 0.0748278 0.0725966 0.0683596 0.0627101 0.0562274 0.0494049 0.0426143 0.0361101 0.0300515 0.0245248 0.019562 0.0151642 0.0113288 0.00806962 0.00541484
 0.00835633 0.0135086 0.0202145 0.028388 0.0377696 0.0477938 0.0575267 0.0658478 0.0718168 0.0749518 0.0752496 0.0730322 0.0687915 0.0630922 0.0564998 0.0495147 0.0425298 0.0358223 0.0295703 0.0238766 0.0187921 0.014337 0.0105209 0.00735418 0.00484293
 0.0083796 0.0135676 0.0203419 0.0286256 0.038156 0.0483452 0.0582204 0.0666196 0.0725763 0.0756096 0.0757429 0.0733388 0.0689261 0.0630887 0.0563897 0.0493131 0.0422345 0.0354236 0.0290639 0.0232724 0.0181182 0.0136388 0.00985411 0.00677183 0.00438156
 0.00846279 0.0136825 0.020479 0.0287685 0.0382922 0.0484804 0.0583838 0.0668545 0.0729145 0.0760471 0.076232 0.0738037 0.0692928 0.0633115 0.0564592 0.0492459 0.042055 0.035151 0.0287092 0.0228458 0.017638 0.0131359 0.00936892 0.00634462 0.00404096
 0.00834102 0.0135185 0.0202938 0.0285997 0.0381799 0.048448 0.0584274 0.0669491 0.0730372 0.0761957 0.0764261 0.0740646 0.0696193 0.0636699 0.0567956 0.0495087 0.0422117 0.0351914 0.0286393 0.0226803 0.0173981 0.0128501 0.00907131 0.00606936 0.00381406
 0.00838965 0.0135752 0.0203398 0.0286091 0.0381333 0.0483495 0.0583125 0.0668736 0.0730493 0.07631 0.0766185 0.0742909 0.069841 0.0638672 0.0569619 0.0496378 0.0422915 0.0352078 0.0285839 0.0225552 0.0172166 0.0126338 0.00884662 0.00586204 0.00364338
 0.00858309 0.013847 0.0206687 0.0289455 0.0384095 0.0484994 0.0582928 0.0666788 0.0727168 0.0759138 0.0762483 0.0740229 0.0697132 0.0638734 0.0570645 0.0497888 0.0424474 0.0353352 0.0286606 0.0225705 0.0171719 0.0125421 0.00872871 0.00574043 0.00353652
 0.00877107 0.0141369 0.0210733 0.0294598 0.0390045 0.0491173 0.0588475 0.0670693 0.0728563 0.0757643 0.0758408 0.0734498 0.0690958 0.0633205 0.0566428 0.0495137 0.0422946 0.0352611 0.0286209 0.0225318 0.0171161 0.0124656 0.00863886 0.00564994 0.00345741
 0.0088354 0.014242 0.0212324 0.0296847 0.0393021 0.0494837 0.0592611 0.0674872 0.0732175 0.0760016 0.0759 0.0733091 0.0687783 0.0628906 0.0561859 0.0491072 0.0419853 0.0350574 0.0285016 0.0224631 0.0170673 0.0124177 0.0085859 0.00559525 0.00340771
 0.00873437 0.0141033 0.0210711 0.0295319 0.0391975 0.0494631 0.0593452 0.067676 0.0734909 0.0763224 0.0762185 0.0735712 0.0689378 0.0629241 0.0561017 0.0489436 0.0417948 0.0348868 0.0283765 0.0223854 0.0170229 0.012389 0.00856064 0.00556913 0.00338217
 0.00859772 0.0138931 0.0207787 0.0291614 0.0387697 0.0490185 0.0589429 0.0673852 0.073372 0.0764057 0.0764909 0.0739797 0.0694062 0.063375 0.0564759 0.0492116 0.0419589 0.0349724 0.0284173 0.0224087 0.0170424 0.0124068 0.00857344 0.00557457 0.00338106
 0.00850188 0.0137314 0.0205255 0.0287913 0.038267 0.0483896 0.0582281 0.0666608 0.072738 0.0759616 0.07631 0.0740896 0.0697818 0.0639461 0.0571467 0.0498866 0.0425649 0.0354702 0.0288002 0.0226908 0.0172452 0.0125495 0.00867032 0.00563617 0.00341657
 0.00845709 0.0136543 0.0204009 0.0286008 0.0379911 0.0480127 0.0577462 0.0660897 0.0721183 0.0753594 0.0758083 0.0737708 0.0697057 0.0641301 0.0575592 0.0504557 0.0432003 0.0360877 0.0293402 0.0231249 0.0175711 0.0127806 0.00882564 0.00573459 0.00347465
 0.00824156 0.0133345 0.0199759 0.028089 0.0374228 0.0474198 0.057155 0.0655202 0.07159 0.0748965 0.0754432 0.0735437 0.0696581 0.0642937 0.0579417 0.0510313 0.0439095 0.0368504 0.0300753 0.0237695 0.0180905 0.0131679 0.00909407 0.00590766 0.00357812
 0.00803816 0.0130179 0.0195272 0.0275041 0.0367173 0.0466332 0.0563519 0.0647817 0.070993 0.0744908 0.0752406 0.0735258 0.0697968 0.064569 0.0583461 0.0515599 0.0445459 0.0375574 0.0307974 0.0244458 0.0186711 0.013625 0.00942455 0.00612716 0.00371194
 0.00793286 0.012851 0.0192842 0.0271746 0.0362976 0.04613 0.055787 0.0641944 0.070437 0.0740235 0.0749099 0.0733585 0.0697948 0.0647147 0.0586143 0.0519283 0.0449971 0.0380724 0.031348 0.0249926 0.019171 0.0140432 0.0097434 0.00634828 0.00385123
 0.00785746 0.0127207 0.0190741 0.026858 0.035853 0.0455527 0.0550988 0.0634463 0.0697004 0.0733754 0.0744178 0.0730702 0.0697325 0.0648734 0.058965 0.0524268 0.0455945 0.0387229 0.0320102 0.0256284 0.0197445 0.014525 0.0101168 0.00661318 0.00402221
 0.00767357 0.0124504 0.0187196 0.026437 0.0353902 0.0450674 0.0545982 0.0629304 0.0691748 0.0728637 0.0739644 0.0727313 0.0695605 0.0649012 0.0591982 0.0528433 0.0461518 0.0393678 0.0326878 0.026288 0.0203437 0.0150322 0.0105143 0.00689959 0.00421046
 0.00766005 0.0124064 0.0186145 0.0262329 0.0350572 0.0446027 0.054039 0.0623459 0.0686399 0.0724292 0.0736445 0.0725157 0.0694372 0.0648731 0.0592817 0.0530548 0.046493 0.0398191 0.033211 0.026835 0.0208663 0.0154908 0.010884 0.00717229 0.00439359
 0.008315 0.0133269 0.0197314 0.0273878 0.0360422 0.0452284 0.0541941 0.0620214 0.0679167 0.0714451 0.0725557 0.0714608 0.0685123 0.0641261 0.0587245 0.0526825 0.0462958 0.0397828 0.0333119 0.0270367 0.0211238 0.0157585 0.0111251 0.00736437 0.00453013
 0.00908994 0.0145463 0.0214814 0.0296952 0.0388392 0.0483161 0.0572284 0.0645601 0.0695383 0.0718912 0.0718164 0.0697563 0.0661917 0.0615486 0.056178 0.0503559 0.0442907 0.0381394 0.0320312 0.0260937 0.0204739 0.0153441 0.0108838 0.00723814 0.00447212
 0.0089823 0.0144842 0.0215964 0.030179 0.0398921 0.0500628 0.0596377 0.0674106 0.0724504 0.0744136 0.0735387 0.0704153 0.0657382 0.0601468 0.0541375 0.0480288 0.0419809 0.0360565 0.0302872 0.0247243 0.0194631 0.014645 0.0104334 0.00696978 0.0043253
 0.00869653 0.0140627 0.0210498 0.0295655 0.0393277 0.0497216 0.0597315 0.068136 0.0739042 0.0765117 0.0759919 0.0727914 0.0675936 0.0611665 0.054221 0.0472913 0.0406834 0.0345048 0.0287465 0.023373 0.0183879 0.0138591 0.00990367 0.00664082 0.00413781
 0.00855371 0.0138043 0.0206156 0.028892 0.0383754 0.0485149 0.0583934 0.066892 0.0730405 0.0762949 0.0765763 0.0741496 0.0694999 0.0632517 0.0560848 0.0486287 0.0413672 0.0345918 0.0284165 0.0228409 0.0178325 0.0133898 0.0095617 0.00642061 0.00401123
 0.00859323 0.0138455 0.0206323 0.0288391 0.0381926 0.0481388 0.0577779 0.0660352 0.0720115 0.0752477 0.0757318 0.0737374 0.0696745 0.0640205 0.0572876 0.049988 0.0425882 0.0354647 0.0288718 0.0229384 0.0177033 0.0131694 0.00934662 0.00625714 0.00390692
 0.00872363 0.0140523 0.0209317 0.0292367 0.0386746 0.0486618 0.0582626 0.0663734 0.0720933 0.0750025 0.0751674 0.0729569 0.0688582 0.0633699 0.0569514 0.050002 0.0428643 0.0358373 0.0291763 0.0230783 0.017671 0.0130218 0.00915961 0.00608892 0.0037844
 0.00878313 0.0141429 0.0210574 0.0293981 0.0388708 0.0488906 0.0585179 0.0666389 0.0723347 0.0751665 0.0751928 0.0727995 0.0685194 0.0629126 0.0564874 0.0496499 0.0426974 0.0358519 0.0293005 0.0232155 0.0177491 0.0130187 0.00909597 0.00600238 0.0037059
 0.0088196 0.0142013 0.0211432 0.0295154 0.0390204 0.0490689 0.0587157 0.0668422 0.0725272 0.0753308 0.075309 0.0728434 0.0684661 0.0627487 0.0562272 0.0493415 0.0424091 0.0356421 0.0291907 0.0231844 0.0177519 0.0130155 0.00906956 0.00595793 0.00365816
 0.00855178 0.013826 0.0206896 0.0290483 0.0386222 0.0488104 0.0586324 0.0669285 0.072748 0.0756392 0.0756595 0.0731968 0.0687887 0.0630121 0.0564113 0.0494417 0.0424413 0.0356385 0.0291854 0.0231974 0.017782 0.013048 0.00909015 0.00596157 0.00364928
 0.00847224 0.013676 0.0204295 0.0286385 0.0380455 0.0480987 0.0578824 0.0662838 0.0723498 0.0755687 0.0759086 0.0736815 0.0693922 0.0636268 0.0569624 0.0498905 0.0427786 0.0358768 0.0293492 0.023313 0.017869 0.0131148 0.00913802 0.0059907 0.00366267
 0.00865943 0.0139449 0.0207663 0.0290022 0.0383721 0.0483149 0.0579232 0.0661145 0.0719858 0.0750828 0.0754139 0.0732905 0.069173 0.0635822 0.0570421 0.0500238 0.0429059 0.0359652 0.0293928 0.0233226 0.0178604 0.013101 0.00912541 0.00598059 0.00365449
 0.00870997 0.0140381 0.020925 0.0292491 0.0387174 0.0487398 0.0583694 0.0664902 0.0721932 0.075056 0.0751485 0.0728497 0.0686643 0.0631178 0.056699 0.0498246 0.0428256 0.0359554 0.029408 0.0233352 0.0178615 0.013093 0.00911381 0.00596959 0.00364578
 0.00864992 0.0139538 0.0208238 0.0291493 0.0386469 0.0487307 0.0584493 0.0666706 0.072457 0.075353 0.0754053 0.0729956 0.0686626 0.0629826 0.0564878 0.0496098 0.0426623 0.0358643 0.0293784 0.0233411 0.0178789 0.0131078 0.00912182 0.00597203 0.00364525
 0.00872885 0.0140679 0.0209699 0.0293165 0.0388215 0.0489038 0.058621 0.0668492 0.0726513 0.075562 0.0756101 0.0731586 0.0687374 0.0629328 0.0563056 0.0493229 0.0423252 0.0355358 0.0291007 0.0231311 0.0177319 0.0130094 0.00905726 0.00593027 0.00361905
 0.00873708 0.0140806 0.020987 0.0293364 0.0388403 0.0489146 0.0586161 0.0668245 0.0726121 0.0755259 0.0756022 0.0731994 0.0688292 0.0630537 0.0564173 0.0493889 0.0423275 0.035482 0.029016 0.0230433 0.0176598 0.0129591 0.00902602 0.00591214 0.00360878
 0.00876901 0.0141392 0.0210872 0.0294947 0.039069 0.0492132 0.0589644 0.0671818 0.0729267 0.0757501 0.0757071 0.0731829 0.0687131 0.0628726 0.0562032 0.0491615 0.042094 0.0352449 0.0287821 0.0228256 0.0174729 0.0128126 0.00892124 0.00584357 0.0035675
 0.00859855 0.0138835 0.0207432 0.0290768 0.0386081 0.0487541 0.0585607 0.0668886 0.072788 0.0757852 0.0759031 0.0734991 0.0690959 0.0632714 0.0565813 0.049497 0.0423755 0.0354672 0.0289446 0.0229336 0.0175372 0.0128468 0.00893792 0.00585144 0.00357138
 0.00861042 0.0138837 0.0207092 0.0289781 0.0384173 0.0484625 0.0581908 0.0664937 0.0724373 0.0755417 0.0758049 0.073552 0.0692766 0.0635381 0.0568868 0.0498 0.042647 0.0356914 0.0291163 0.023055 0.0176156 0.0128923 0.00896138 0.00586211 0.00357569
 0.00857333 0.0138282 0.0206334 0.02888 0.0382914 0.0482964 0.0579675 0.0662007 0.0720811 0.0751582 0.0754565 0.0733087 0.0691908 0.0636258 0.0571248 0.0501379 0.043026 0.0360601 0.0294396 0.0233153 0.0178097 0.013027 0.00904832 0.00591432 0.00360488
 0.00871298 0.0140462 0.0209439 0.0292886 0.0387913 0.0488648 0.0585598 0.0667502 0.0725069 0.0753838 0.0754333 0.0730355 0.0687179 0.0630415 0.0565267 0.049604 0.0425976 0.0357425 0.0292148 0.0231579 0.0176975 0.0129451 0.00898846 0.00587198 0.00357675
 0.00869458 0.0140343 0.0209591 0.0293608 0.0389518 0.0491332 0.0589325 0.0671964 0.0729744 0.0758091 0.0757539 0.0732002 0.068699 0.0628434 0.0561887 0.04919 0.0421768 0.0353691 0.0289168 0.0229382 0.017544 0.0128409 0.00891876 0.00582626 0.00354787
 0.00874883 0.0141224 0.0210924 0.0295515 0.0392128 0.0494759 0.0593617 0.0677031 0.0735286 0.0763585 0.0762293 0.0735304 0.0688279 0.0627459 0.0558772 0.0487118 0.0416023 0.0347749 0.0283681 0.0224769 0.0171858 0.0125812 0.00874159 0.00571223 0.00347883
 0.00845903 0.0136762 0.020469 0.0287522 0.0382657 0.0484391 0.0583267 0.0667905 0.0728693 0.0760619 0.0763512 0.0740539 0.0696653 0.0637614 0.0569225 0.0496626 0.0423829 0.035363 0.0287827 0.0227575 0.0173733 0.0127072 0.00882621 0.0057676 0.00351305
 0.00846614 0.0136596 0.0203923 0.0285661 0.037922 0.0479136 0.0576387 0.066007 0.0720912 0.0754001 0.0759027 0.0738847 0.0697985 0.0641712 0.0575371 0.0503803 0.0430979 0.0359921 0.029281 0.0231187 0.0176173 0.0128639 0.00892365 0.0058266 0.00354756
 0.00854638 0.0137767 0.0205418 0.0287296 0.0380653 0.0479878 0.0575871 0.0657802 0.0716694 0.0748122 0.0752305 0.0732437 0.0693049 0.0639077 0.0575329 0.0506079 0.0434868 0.0364523 0.0297296 0.0234989 0.0179051 0.013062 0.00904961 0.00590161 0.00358974
 0.00875267 0.0141056 0.021023 0.0293816 0.0388855 0.0489401 0.0585902 0.0667095 0.0723782 0.0751693 0.0751597 0.0727496 0.0684747 0.0628883 0.0564896 0.0496804 0.0427582 0.0359414 0.0294053 0.0233067 0.0177918 0.0129901 0.00899926 0.00586505 0.00356435
 0.00883267 0.01425 0.0212668 0.0297656 0.0394467 0.0496941 0.0595149 0.0677359 0.0733963 0.0760458 0.0757633 0.0729788 0.0682843 0.0623054 0.0556117 0.0486509 0.041727 0.0350268 0.0286721 0.0227657 0.0174172 0.0127417 0.00883905 0.00576414 0.00350299
 0.00894307 0.0144238 0.0215187 0.0301082 0.0398913 0.0502505 0.0601865 0.0685112 0.0742388 0.0768884 0.0765113 0.0735249 0.0685323 0.0621972 0.0551469 0.0478919 0.0407855 0.034035 0.0277484 0.0219895 0.0168202 0.0123165 0.00855573 0.00558647 0.00339801
 0.00894681 0.0144096 0.0214612 0.0299746 0.0396545 0.0499081 0.0597765 0.0681127 0.0739537 0.0768105 0.0766936 0.0739588 0.0691442 0.0628669 0.0557417 0.0483068 0.0409727 0.0340106 0.0275761 0.0217502 0.0165829 0.0121225 0.00841798 0.0054991 0.00334757
 0.0090956 0.0146397 0.0217831 0.030385 0.04013 0.0504022 0.0602207 0.0684306 0.0740874 0.0767476 0.0764788 0.0736766 0.0688831 0.0626818 0.0556353 0.0482369 0.0408795 0.033849 0.0273362 0.0214576 0.0162823 0.0118559 0.00821059 0.0053557 0.00325865
 0.00956175 0.0153566 0.0227845 0.0316703 0.041661 0.0520993 0.0619589 0.0700418 0.075382 0.0775549 0.0766916 0.0732826 0.0679693 0.0614081 0.0541879 0.046778 0.0395157 0.0326292 0.0262712 0.0205454 0.0155234 0.0112534 0.00776205 0.005047 0.00306406
 0.00927665 0.01496 0.0223117 0.0311975 0.0412858 0.0519088 0.0620033 0.0703252 0.0758696 0.0781853 0.0773853 0.0739501 0.0685239 0.061786 0.0543651 0.0467738 0.0393786 0.0324141 0.0260218 0.0202901 0.0152804 0.0110369 0.00758368 0.00491297 0.00297321
#obs surv len freq
 0.0049782 0.00815327 0.0123998 0.0177306 0.0240189 0.0308985 0.037743 0.0438282 0.0486024 0.0518642 0.0537326 0.0544948 0.0544733 0.0539673 0.0532378 0.0524974 0.0518894 0.0514471 0.0510313 0.0502731 0.0485908 0.0453545 0.0401873 0.0332581 0.0253481
 0.00518421 0.00849214 0.0129172 0.0184717 0.0250198 0.0321724 0.0392665 0.0455362 0.0503975 0.0536342 0.0553668 0.0558923 0.0555446 0.054636 0.0534437 0.0522013 0.0510801 0.0501474 0.0493036 0.0482214 0.0463588 0.0431136 0.0381135 0.0314979 0.0239871
 0.0054122 0.00886543 0.0134841 0.0192794 0.0261058 0.033551 0.040914 0.047385 0.0523447 0.0555599 0.0571528 0.0574328 0.0567503 0.0554325 0.0537696 0.0520085 0.0503375 0.0488517 0.0474927 0.0459882 0.043856 0.0405431 0.0356944 0.0294204 0.0223679
 0.00565445 0.00926093 0.0140826 0.0201285 0.0272425 0.0349878 0.0426247 0.0492987 0.0543557 0.0575474 0.058999 0.0590335 0.0580174 0.0562934 0.0541642 0.051887 0.0496612 0.0476014 0.0456852 0.0436974 0.0412275 0.0377894 0.0330614 0.0271312 0.0205675
 0.00588059 0.00963407 0.0146544 0.0209508 0.028357 0.0364106 0.0443298 0.051213 0.0563698 0.0595373 0.0608464 0.0606363 0.0592923 0.057173 0.0545932 0.0518179 0.0490541 0.0464293 0.0439506 0.0414562 0.0386105 0.0350038 0.0303607 0.0247562 0.0186823
 0.00612483 0.0100314 0.0152533 0.0217969 0.0294858 0.0378342 0.046023 0.0531069 0.0583599 0.0615019 0.0626654 0.0622048 0.0605258 0.0580078 0.054982 0.0517237 0.048445 0.0452817 0.0422625 0.0392718 0.0360451 0.0322517 0.0276698 0.0223703 0.0167745
 0.00637538 0.0104428 0.0158794 0.0226898 0.0306841 0.0393462 0.0478103 0.0550806 0.0603953 0.0634647 0.0644351 0.0636853 0.0616461 0.0587178 0.0552473 0.0515196 0.0477523 0.0440865 0.0405674 0.0371172 0.0335345 0.0295635 0.0250371 0.020028 0.0148939
 0.00659801 0.0108107 0.0164445 0.0235042 0.0317902 0.04076 0.0495044 0.0569771 0.062376 0.0653936 0.0661817 0.0651406 0.0627304 0.0593805 0.0554614 0.0512731 0.0470399 0.0429075 0.0389329 0.0350688 0.0311675 0.027039 0.022567 0.0178278 0.0131232
 0.00681746 0.0111696 0.0169885 0.0242778 0.032828 0.0420742 0.0510701 0.058727 0.0642078 0.0671874 0.0678184 0.0665151 0.063759 0.060005 0.0556487 0.0510111 0.0463306 0.0417617 0.0373733 0.0331431 0.028967 0.0247098 0.020298 0.0158109 0.0115006
 0.0070562 0.0115587 0.0175755 0.0251064 0.0339288 0.0434496 0.0526804 0.0604871 0.0660005 0.0688875 0.0693142 0.0677189 0.0646087 0.0604609 0.0556903 0.0506333 0.0455405 0.0405768 0.035824 0.0312825 0.0268845 0.0225394 0.0182067 0.0139656 0.0100229
 0.00727047 0.0119121 0.0181167 0.0258825 0.0349753 0.0447735 0.0542442 0.062204 0.0677479 0.0705322 0.0707366 0.0688281 0.0653464 0.060799 0.0556239 0.0501729 0.0447057 0.0393936 0.0343284 0.0295294 0.0249592 0.0205624 0.016324 0.0123189 0.00871253
 0.00742997 0.0121754 0.0185206 0.0264646 0.035767 0.0457892 0.0554689 0.0635865 0.069205 0.071962 0.0720334 0.0698964 0.0661109 0.0612108 0.055662 0.0498399 0.0440205 0.0383865 0.0330401 0.0280162 0.0233016 0.0188681 0.0147185 0.0109211 0.00760471
 0.00750762 0.0123052 0.0187231 0.0267627 0.0361835 0.0463412 0.0561618 0.0644095 0.0701302 0.0729458 0.0730192 0.0708172 0.066895 0.0617893 0.0559782 0.0498565 0.0437232 0.0377832 0.0321599 0.0269097 0.0220428 0.0175537 0.0134582 0.00981688 0.0067265
 0.00757045 0.012401 0.0188559 0.0269339 0.0363937 0.0465938 0.0564642 0.0647718 0.0705616 0.0734491 0.0735862 0.0714249 0.0675039 0.0623458 0.0564203 0.0501233 0.0437653 0.0375722 0.0316941 0.0262174 0.0211821 0.0166079 0.0125232 0.00898248 0.00605546
 0.007684 0.0125734 0.0190922 0.0272298 0.0367359 0.046962 0.0568339 0.0651184 0.070867 0.0737087 0.0738103 0.0716326 0.0677115 0.0625555 0.0566135 0.0502629 0.0438035 0.0374638 0.0314099 0.0257555 0.0205729 0.0159112 0.0118163 0.00834102 0.00553422
 0.0077248 0.0126414 0.0191972 0.0273805 0.0369368 0.0472087 0.0571098 0.0653966 0.0711178 0.0739105 0.0739568 0.0717341 0.067789 0.0626303 0.0566965 0.050347 0.0438628 0.0374595 0.0313036 0.0255236 0.0202186 0.0154678 0.0113387 0.00788994 0.00515764
 0.0077773 0.012722 0.01931 0.0275266 0.0371149 0.0474158 0.0573401 0.0656402 0.0713589 0.0741282 0.07413 0.0718476 0.0678394 0.0626276 0.0566596 0.0502937 0.0438002 0.0373791 0.0311842 0.025343 0.0199667 0.0151556 0.0109979 0.00756207 0.00487928
 0.00781884 0.0127839 0.0193927 0.0276268 0.0372266 0.0475322 0.0574555 0.0657508 0.0714634 0.0742268 0.0742227 0.0719316 0.0679086 0.0626747 0.0566801 0.0502882 0.0437721 0.0373297 0.0311087 0.0252313 0.019811 0.0149584 0.010776 0.00734198 0.00468726
 0.00785273 0.0128363 0.019466 0.027721 0.0373384 0.0476544 0.0575776 0.0658604 0.0715497 0.0742847 0.0742542 0.0719445 0.0679118 0.0626734 0.0566747 0.0502753 0.0437475 0.0372894 0.0310489 0.0251477 0.0197003 0.0148224 0.0106243 0.00719067 0.00455369
 0.00786086 0.0128464 0.0194757 0.0277263 0.0373355 0.047642 0.0575578 0.0658387 0.0715331 0.0742787 0.0742621 0.0719671 0.0679485 0.0627229 0.0567339 0.0503388 0.0438076 0.0373375 0.0310766 0.0251486 0.0196714 0.0147654 0.0105467 0.00710482 0.00447285
 0.00787524 0.0128632 0.019489 0.0277265 0.037312 0.0475874 0.0574721 0.0657303 0.0714173 0.074174 0.0741854 0.0719303 0.0679561 0.0627722 0.0568164 0.0504429 0.0439202 0.0374456 0.0311685 0.0252151 0.0197069 0.0147697 0.0105254 0.0070675 0.00443076
 0.00791833 0.0129274 0.0195742 0.0278276 0.037419 0.0476858 0.057545 0.0657616 0.0713963 0.0741004 0.0740711 0.0717968 0.0678279 0.0626696 0.056751 0.0504164 0.0439264 0.0374733 0.0312047 0.0252477 0.019727 0.0147729 0.0105126 0.00704384 0.00440324
 0.00787382 0.0128642 0.019496 0.0277434 0.0373401 0.0476217 0.0574993 0.0657315 0.0713751 0.0740808 0.0740489 0.0717728 0.0678081 0.0626632 0.0567672 0.0504607 0.0439979 0.0375648 0.0313046 0.0253429 0.0198064 0.0148299 0.0105459 0.00705732 0.00440354
 0.00788305 0.0128676 0.0194803 0.0276912 0.0372366 0.0474644 0.0573044 0.0655315 0.0712065 0.0739701 0.0740036 0.0717835 0.0678569 0.062734 0.0568507 0.0505539 0.0441012 0.0376772 0.0314214 0.0254558 0.019906 0.0149088 0.0106011 0.00709044 0.00441967
 0.00788624 0.0128707 0.0194806 0.0276829 0.0372106 0.0474083 0.057206 0.065384 0.0710161 0.0737593 0.0738075 0.0716377 0.067785 0.0627398 0.0569211 0.0506684 0.0442401 0.0378259 0.0315696 0.0255953 0.0200292 0.0150095 0.0106761 0.00714057 0.00444923
 0.00786616 0.0128408 0.0194405 0.027634 0.0371549 0.0473473 0.0571393 0.0653089 0.0709283 0.0736557 0.0736908 0.0715193 0.0676843 0.0626785 0.0569149 0.0507203 0.0443407 0.0379583 0.0317156 0.0257392 0.0201594 0.0151183 0.0107596 0.00719886 0.00448589
 0.00785535 0.0128205 0.019405 0.0275773 0.0370724 0.0472396 0.0570139 0.0651795 0.07081 0.0735593 0.0736194 0.07147 0.0676529 0.062665 0.0569246 0.0507608 0.0444166 0.0380668 0.0318465 0.0258781 0.0202918 0.0152329 0.01085 0.00726384 0.00452817
 0.00782143 0.0127647 0.0193201 0.0274563 0.0369106 0.0470375 0.05678 0.0649315 0.070573 0.0733606 0.0734819 0.0714067 0.0676648 0.0627422 0.0570515 0.0509223 0.044601 0.0382655 0.0320509 0.0260779 0.0204754 0.0153898 0.0109738 0.00735335 0.00458715
 0.00778084 0.0126977 0.0192177 0.0273097 0.036714 0.046791 0.0564934 0.0646249 0.0702738 0.0730987 0.0732842 0.0712932 0.0676458 0.0628168 0.057208 0.051141 0.0448591 0.0385413 0.0323261 0.0263377 0.0207076 0.0155852 0.0111271 0.00746443 0.00466084
 0.00776032 0.0126627 0.0191619 0.0272259 0.0365954 0.0466334 0.0562974 0.064398 0.0700301 0.0728575 0.0730677 0.0711236 0.0675422 0.0627918 0.0572655 0.0512749 0.0450542 0.0387767 0.0325793 0.0265874 0.0209364 0.0157806 0.0112821 0.00757799 0.00473705
 0.00774093 0.0126286 0.0191057 0.0271393 0.0364711 0.046468 0.0560946 0.0641689 0.0697916 0.0726284 0.0728659 0.0709651 0.0674402 0.0627565 0.0573026 0.0513841 0.0452279 0.0389998 0.0328311 0.0268453 0.021179 0.0159912 0.0114509 0.0077024 0.00482098
 0.00932832 0.0148524 0.0217931 0.029909 0.0388435 0.0480421 0.0566875 0.0638435 0.068776 0.071199 0.0712604 0.06935 0.0659173 0.0613825 0.0561065 0.0503779 0.0444122 0.0383659 0.0323619 0.0265169 0.0209637 0.0158603 0.0113783 0.00766635 0.00480554
 0.00932167 0.015134 0.0227323 0.031963 0.0423584 0.0529843 0.0624731 0.0694323 0.07304 0.073365 0.0711647 0.0673815 0.062747 0.0576756 0.0523578 0.0468839 0.0413183 0.035727 0.0301843 0.0247808 0.0196323 0.0148845 0.0107 0.00722294 0.00453529
 0.00896103 0.0145703 0.0219477 0.0310126 0.0414223 0.0524014 0.0626996 0.0708794 0.0758288 0.0771447 0.0751555 0.0706699 0.0646638 0.0580273 0.051398 0.0451006 0.0392038 0.0336432 0.028338 0.0232587 0.0184479 0.0140118 0.0100928 0.00682656 0.00429435
 0.00879043 0.0142792 0.0214853 0.030327 0.0404815 0.0512285 0.0614167 0.0697344 0.0751712 0.0773277 0.0763783 0.072833 0.06734 0.0606006 0.0533104 0.0460639 0.0392556 0.0330478 0.0274249 0.0222985 0.0176045 0.0133529 0.00962294 0.0065177 0.00410695
 0.00872282 0.0141625 0.0212958 0.0300354 0.0400557 0.0506413 0.0606595 0.0688358 0.0742185 0.0764804 0.0758565 0.0728604 0.0680462 0.0619275 0.0549908 0.0477089 0.0405127 0.0337357 0.0275687 0.0220646 0.0171959 0.0129298 0.00927397 0.00626987 0.00395061
 0.00869458 0.0141139 0.0212171 0.0299145 0.0398783 0.0503926 0.0603266 0.068411 0.0737052 0.0759031 0.0752753 0.0723796 0.0678028 0.0620478 0.0555255 0.0485829 0.0415325 0.034663 0.0282209 0.0223798 0.0172286 0.0127952 0.00908432 0.00609835 0.00382674
 0.00868413 0.0140968 0.021191 0.0298764 0.0398237 0.0503156 0.0602192 0.0682636 0.0735078 0.0756487 0.0749661 0.0720365 0.0674744 0.0618101 0.0554641 0.0487559 0.041932 0.0352027 0.0287661 0.0228065 0.0174744 0.0128712 0.00904882 0.00601742 0.00374691
 0.00869699 0.0141151 0.0212137 0.0299005 0.0398449 0.0503289 0.0602192 0.0682443 0.0734618 0.0755678 0.0748422 0.071866 0.0672644 0.0615853 0.0552688 0.048645 0.0419496 0.0353569 0.0290176 0.0230825 0.0177021 0.0130095 0.0090983 0.00600712 0.00371164
 0.00869458 0.0141146 0.021219 0.0299166 0.0398764 0.0503763 0.0602772 0.068302 0.0735057 0.075585 0.0748235 0.0718063 0.0671631 0.0614488 0.0551132 0.0484982 0.0418462 0.0353256 0.0290662 0.0231908 0.0178304 0.0131177 0.00916424 0.00603079 0.00370759
 0.00865437 0.0140543 0.021138 0.0298186 0.0397692 0.0502714 0.0601881 0.0682418 0.0734832 0.0756014 0.0748704 0.0718683 0.0672228 0.0614918 0.0551329 0.048498 0.0418397 0.0353319 0.0291014 0.0232587 0.0179196 0.0132075 0.00923535 0.00607456 0.00372677
 0.00865044 0.0140446 0.0211176 0.0297814 0.0397104 0.0501906 0.0600919 0.0681439 0.0734005 0.0755485 0.0748551 0.0718894 0.0672706 0.0615518 0.0551905 0.0485432 0.0418705 0.0353544 0.029126 0.0232942 0.0179677 0.0132616 0.00928497 0.00611148 0.00374862
 0.00865393 0.0140484 0.0211194 0.0297776 0.039696 0.0501605 0.0600425 0.0680746 0.0733159 0.075459 0.074775 0.0718331 0.0672477 0.0615637 0.05523 0.0485981 0.0419286 0.0354081 0.0291739 0.0233389 0.0180119 0.0133052 0.00932471 0.00614317 0.0037701
 0.00864881 0.0140425 0.0211149 0.0297776 0.039703 0.0501744 0.0600593 0.0680868 0.0733147 0.075438 0.0747337 0.0717776 0.0671894 0.0615151 0.0552006 0.0485912 0.041941 0.0354331 0.0292046 0.023371 0.0180435 0.0133353 0.0093519 0.00616556 0.00378636
 0.0086602 0.0140598 0.0211387 0.0298079 0.0397393 0.0502163 0.0601056 0.068135 0.0733601 0.075473 0.0747497 0.0717678 0.0671521 0.0614556 0.0551297 0.0485216 0.041883 0.0353919 0.0291802 0.0233604 0.0180426 0.0133406 0.0093603 0.00617456 0.00379409
 0.00862934 0.0140161 0.021085 0.0297508 0.0396876 0.0501777 0.0600849 0.0681332 0.0733756 0.075503 0.0747901 0.0718129 0.0671948 0.0614892 0.0551502 0.0485293 0.0418826 0.0353894 0.0291807 0.0233662 0.0180533 0.013354 0.00937404 0.00618668 0.00380348
 0.00862934 0.0140161 0.021085 0.0297508 0.0396876 0.0501777 0.0600849 0.0681332 0.0733756 0.075503 0.0747901 0.0718129 0.0671948 0.0614892 0.0551502 0.0485293 0.0418826 0.0353894 0.0291807 0.0233662 0.0180533 0.013354 0.00937404 0.00618668 0.00380348
 0.00870303 0.0141274 0.0212365 0.0299392 0.0399044 0.0504105 0.0603185 0.0683495 0.0735547 0.0756259 0.0748426 0.0717895 0.0670996 0.0613346 0.054954 0.0483108 0.0416602 0.035179 0.0289947 0.0232122 0.0179342 0.0132682 0.00931655 0.0061511 0.00378324
 0.00861293 0.0139941 0.0210606 0.0297304 0.0396795 0.0501899 0.060123 0.0681991 0.073467 0.0756132 0.074908 0.071924 0.0672836 0.0615419 0.0551584 0.0484927 0.0418086 0.0352921 0.0290768 0.0232704 0.0179756 0.0132982 0.00933864 0.0061671 0.00379428
 0.0086095 0.0139778 0.0210172 0.0296419 0.0395311 0.0499799 0.0598696 0.0679387 0.0732429 0.0754612 0.0748467 0.0719537 0.0673907 0.0617052 0.0553533 0.048695 0.0419979 0.0354545 0.0292061 0.0233673 0.018045 0.0133464 0.00937139 0.00618879 0.00380813
 0.00861962 0.013994 0.02104 0.0296694 0.039557 0.0499914 0.0598489 0.0678687 0.0731171 0.0752908 0.0746611 0.0717907 0.0672829 0.0616689 0.0553866 0.0487815 0.0421148 0.0355793 0.0293213 0.0234629 0.0181176 0.0133978 0.00940575 0.00621069 0.00382145
 0.00874726 0.0141956 0.0213316 0.0300593 0.0400411 0.0505474 0.0604311 0.0684098 0.0735399 0.0755287 0.0746773 0.071589 0.0669054 0.061183 0.054865 0.0482843 0.0416794 0.0352203 0.029037 0.0232433 0.0179516 0.0132755 0.00931915 0.00615271 0.00378532
 0.00873369 0.0141896 0.0213522 0.0301341 0.040199 0.050807 0.06079 0.0688401 0.073993 0.0759447 0.0749969 0.0717652 0.0669136 0.0610275 0.0545783 0.0479182 0.0412901 0.0348542 0.0287228 0.0229919 0.0177609 0.0131373 0.00922341 0.00608975 0.00374648
 0.00882502 0.0143288 0.0215452 0.0303816 0.0404988 0.0511561 0.061184 0.0692697 0.0744373 0.076369 0.0753546 0.0720062 0.0669966 0.0609315 0.0543096 0.0475102 0.0407957 0.0343332 0.0282288 0.0225628 0.0174155 0.0128776 0.00904053 0.00596923 0.00367248
 0.0086111 0.0140023 0.0210943 0.0298125 0.0398372 0.0504478 0.0604953 0.0686832 0.0740401 0.0762312 0.0755081 0.0724326 0.0676291 0.0616708 0.0550495 0.048163 0.0413098 0.0346968 0.0284611 0.022698 0.0174888 0.0129162 0.00906124 0.00598089 0.00367922
 0.00869013 0.0140969 0.0211747 0.0298314 0.0397441 0.0502116 0.060122 0.0682191 0.0735579 0.0758091 0.075212 0.0723053 0.067685 0.0618935 0.0553935 0.0485632 0.0416984 0.0350211 0.0286951 0.0228429 0.0175638 0.0129465 0.00906835 0.00597903 0.00367555
 0.00870101 0.0141295 0.0212487 0.0299678 0.0399515 0.0504697 0.0603738 0.0683838 0.0735631 0.0756269 0.0748749 0.0718944 0.0672968 0.0616068 0.0552481 0.0485567 0.0417948 0.0351684 0.0288437 0.0229597 0.0176369 0.0129809 0.00907731 0.00597571 0.00366892
 0.00894177 0.0145066 0.0217892 0.0306854 0.0408419 0.0515032 0.0614861 0.069471 0.0744916 0.0762579 0.0751017 0.0716752 0.0666722 0.0606896 0.0541894 0.0475016 0.0408481 0.034381 0.0282206 0.0224796 0.0172713 0.0127058 0.008876 0.00583554 0.00357797
 0.00898862 0.0146085 0.0219891 0.031037 0.0413935 0.0522738 0.0624455 0.0705366 0.0755449 0.0771729 0.0757669 0.0720083 0.0666307 0.0602801 0.0534728 0.046584 0.0398557 0.0334285 0.027387 0.0218009 0.0167489 0.0123218 0.00860567 0.00565436 0.00346374
 0.00904247 0.0146899 0.022102 0.031186 0.0415891 0.0525371 0.0628065 0.0710223 0.0761595 0.07788 0.0764875 0.0726366 0.0670616 0.060438 0.0533291 0.046163 0.0392277 0.0326913 0.0266411 0.021126 0.0161919 0.0118967 0.00830315 0.005453 0.00333863
 0.00899829 0.0146227 0.0220096 0.0310701 0.041456 0.052399 0.0626836 0.0709452 0.0761679 0.0780143 0.0767723 0.0730636 0.0675801 0.0609619 0.0537608 0.046424 0.0392822 0.0325541 0.0263664 0.0207863 0.015854 0.0116064 0.008081 0.00529905 0.00324122
 0.00905787 0.0147051 0.022107 0.0311661 0.0415307 0.0524363 0.0626777 0.0709026 0.0761055 0.0779559 0.0767456 0.0730952 0.0676865 0.0611392 0.0539783 0.0466292 0.039418 0.0325805 0.0262763 0.0206052 0.0156274 0.0113808 0.00788959 0.00515664 0.00314685
 0.00927097 0.0150461 0.0226077 0.0318454 0.0423829 0.0534169 0.0636949 0.0718271 0.0768022 0.0783261 0.0767567 0.0727839 0.0671395 0.0604618 0.0532658 0.0459465 0.0387938 0.0320146 0.0257567 0.0201252 0.015193 0.0110076 0.00759205 0.00493959 0.00300313
 0.00900703 0.0146529 0.0220846 0.031221 0.0417137 0.0527805 0.0631797 0.0715161 0.076751 0.0785413 0.0771897 0.0733479 0.06774 0.0610259 0.0537545 0.0463497 0.0391156 0.0322605 0.0259283 0.020224 0.0152263 0.0109917 0.00754867 0.00488935 0.00295989
#pred catch len freq
 0.00387754 0.00623479 0.00929082 0.0130509 0.0175242 0.0226791 0.0283738 0.0343367 0.0402199 0.045674 0.050405 0.0542119 0.0570127 0.0588407 0.0598066 0.0600497 0.0597018 0.0588603 0.0575442 0.0556268 0.0527943 0.0486173 0.0427821 0.0353886 0.0270961
 0.00430157 0.00685906 0.0101144 0.0140443 0.0186546 0.0239425 0.0298043 0.0359762 0.0420589 0.0476017 0.0522064 0.0556251 0.0578192 0.0589414 0.0592482 0.0589925 0.0583492 0.0573808 0.0560188 0.0540467 0.0511091 0.0468087 0.0409164 0.0336105 0.0255693
 0.00454509 0.00728085 0.0107936 0.0150614 0.0200638 0.0257358 0.0318902 0.0381982 0.0442505 0.0496405 0.0540225 0.0571593 0.0589737 0.0595761 0.0592331 0.0582774 0.0569981 0.0555457 0.0538751 0.0517346 0.0487204 0.0444172 0.038619 0.0315375 0.0238504
 0.0048548 0.00775781 0.0114677 0.0159578 0.0212167 0.0271982 0.0337219 0.0404251 0.0468128 0.0523654 0.0566517 0.059422 0.06066 0.0605653 0.0594732 0.0577559 0.0557373 0.053619 0.0514149 0.0489154 0.0457303 0.0414409 0.0358342 0.0291067 0.021895
