SBPRF35
7.78865
Curr Bio
597836
B35
713461
F35
0.214746
FOFL
0.161856
OFL
69878.9
Bzero
2.22533e+006
#pred survey bio
 4.66189e+006 4.40552e+006 4.15717e+006 3.87097e+006 3.55832e+006 3.23119e+006 2.9168e+006 2.59619e+006 2.30119e+006 2.04351e+006 1.83017e+006 1.59944e+006 1.41671e+006 1.25026e+006 1.12405e+006 1.00007e+006 894242 806803 743846 693543 663259 640364 620415 607838 601841 595861 600774 604417 608977 595275 596132 592990 578437 580341 575102 561627 569619 568182 568397 581805 583640 594950 600168 606991 611224 614402 614197 620917 620903 617241 603430 1.93074e+007 1.13599e+007 1.14714e+007 1.21033e+007 1.30167e+007 1.39786e+007 1.48513e+007 1.5577e+007 1.61477e+007 1.65805e+007 1.69007e+007 1.71342e+007 1.73029e+007 1.74243e+007 1.75117e+007 1.75748e+007 1.76205e+007 1.76538e+007 1.76782e+007 1.76963e+007 1.77097e+007 1.77197e+007 1.77272e+007 1.77329e+007 1.77372e+007 1.77404e+007 1.77429e+007 1.77448e+007 1.77463e+007 1.77474e+007 1.77483e+007 1.77489e+007 1.77494e+007 1.77498e+007 1.77501e+007 1.77504e+007 1.77505e+007 1.77507e+007 1.77508e+007 1.77509e+007 1.77509e+007 1.7751e+007 1.7751e+007 1.7751e+007 1.77511e+007 1.77511e+007 1.77511e+007 1.77511e+007 1.77511e+007 1.77511e+007 1.77511e+007 1.77511e+007 1.77511e+007 1.77511e+007 1.77511e+007 1.77511e+007 1.77511e+007 1.77511e+007 1.77511e+007 1.77511e+007 1.77512e+007 1.77512e+007 1.77512e+007 1.77512e+007 1.77512e+007 1.77512e+007 1.77512e+007 1.77512e+007 1.77512e+007 1.77512e+007 1.77512e+007 1.77512e+007 1.77512e+007 1.77512e+007 1.77512e+007 1.77512e+007 1.77512e+007 1.77512e+007 1.77512e+007 1.77512e+007 1.77512e+007 1.77512e+007 1.77512e+007 1.77512e+007 1.77512e+007 1.77512e+007 1.77512e+007 1.77512e+007 1.77512e+007 1.77512e+007 1.77512e+007 1.77512e+007 1.77512e+007 1.77512e+007 1.77512e+007 1.77512e+007 1.77512e+007 1.77512e+007 1.77512e+007 1.77512e+007 0 0 0 0 0 0 0 0 0 0 0 0 0 0 0 0 0 0 0 0 0 0 0 0 0
#obs survey bio
 4.01418e+006 4.25685e+006 3.47236e+006 2.56424e+006 2.18978e+006 2.41352e+006 2.00341e+006 2.24356e+006 1.79192e+006 1.99609e+006 1.89454e+006 1.32137e+006 1.38437e+006 1.29155e+006 1.00066e+006 1.02697e+006 555974 555952 642576 449285 572226 519280 473653 490290 355422 517109 513130 537566 712499 475488 566835 443556 478484 607662 468097 470670 627395 657112 667824 900253 474820 579812 545879 657288 594459 516652 502392 808638 719198 513682 649556
#pred catch bio
 99391.5 96490.6 145025 192376 234842 255174 292718 299147 290895 271351 301352 268651 260112 228507 228166 211752 193948 170420 156577 136741 128244 124016 116621 110400 109757 99936.3 99983.3 97473.8 110076 95315.7 96793.3 103873 87791.7 91688.2 95822.6 77695.3 89637.4 92248 83314.5 93458 85423.6 90529.3 88885.4 90661.8 90895.6 92976 86663.8 91840.3 93865.7 100178 126932 69878.9 88283.6 87641.8 91110.2 97480 104467 110771 115899 119808 122653 124657 126034 126961 127577 127981 128243 128412 128521 128590 128634 128662 128680 128691 128698 128702 128705 128707 128708 128709 128709 128709 128710 128710 128710 128710 128710 128710 128710 128710 128710 128710 128710 128710 128710 128710 128710 128710 128710 128710 128710 128710 128710 128710 128710 128710 128710 128710 128710 128710 128710 128710 128710 128710 128710 128710 128710 128710 128710 128710 128710 128710 128710 128710 128710 128710 128710 128710 128710 128710 128710 128710 128710 128710 128710 128710 128710 128710 128710 128710 128710 128710 128710 128710 128710 128710 128710 128710 128710 128710 128710 0 0 0 0 0 0 0 0 0 0 0 0 0 0 0 0 0 0 0 0 0 0 0 0 0
#obs catch bio
 0 96244.8 145611 193665 237672 258492 298736 306142 298054 278418 310347 276356 267168 232789 233904 216080 198514 174367 160685 140040 130935 126435 119484 112818 112737 102043 102124 99066.8 111787 96478.6 98144 105603 88768.2 92794 97426.7 78444.5 90556.4 93160.8 83544.5 93417.9 85510.9 90654.5 88977.6 90730.4 90877.3 93098.3 86483.9 91650.8 93535 99881.6 127239
#pred cpue bio
 4.58472e+006 4.33358e+006 4.08907e+006 3.80422e+006 3.49256e+006 3.16678e+006 2.85377e+006 2.53494e+006 2.24185e+006 1.98606e+006 1.7746e+006 1.54678e+006 1.36664e+006 1.20293e+006 1.07867e+006 956918 853330 767971 706769 658167 629063 607077 587735 575527 569761 564081 569158 573213 578268 565513 566693 564049 550313 552542 548021 535406 542549 539516 538772 552060 554346 565515 570717 577478 581774 585069 585035 591673 591840 588487 575594 1.84183e+007 1.08372e+007 1.08259e+007 1.13229e+007 1.21896e+007 1.31407e+007 1.40113e+007 1.47366e+007 1.53073e+007 1.574e+007 1.60603e+007 1.62937e+007 1.64624e+007 1.65838e+007 1.66712e+007 1.67343e+007 1.678e+007 1.68133e+007 1.68378e+007 1.68558e+007 1.68692e+007 1.68792e+007 1.68867e+007 1.68924e+007 1.68967e+007 1.69e+007 1.69025e+007 1.69044e+007 1.69058e+007 1.69069e+007 1.69078e+007 1.69084e+007 1.6909e+007 1.69093e+007 1.69097e+007 1.69099e+007 1.69101e+007 1.69102e+007 1.69103e+007 1.69104e+007 1.69105e+007 1.69105e+007 1.69106e+007 1.69106e+007 1.69106e+007 1.69106e+007 1.69106e+007 1.69106e+007 1.69107e+007 1.69107e+007 1.69107e+007 1.69107e+007 1.69107e+007 1.69107e+007 1.69107e+007 1.69107e+007 1.69107e+007 1.69107e+007 1.69107e+007 1.69107e+007 1.69107e+007 1.69107e+007 1.69107e+007 1.69107e+007 1.69107e+007 1.69107e+007 1.69107e+007 1.69107e+007 1.69107e+007 1.69107e+007 1.69107e+007 1.69107e+007 1.69107e+007 1.69107e+007 1.69107e+007 1.69107e+007 1.69107e+007 1.69107e+007 1.69107e+007 1.69107e+007 1.69107e+007 1.69107e+007 1.69107e+007 1.69107e+007 1.69107e+007 1.69107e+007 1.69107e+007 1.69107e+007 1.69107e+007 1.69107e+007 1.69107e+007 1.69107e+007 1.69107e+007 1.69107e+007 1.69107e+007 1.69107e+007 1.69107e+007 1.69107e+007 1.69107e+007 1.69107e+007 0 0 0 0 0 0 0 0 0 0 0 0 0 0 0 0 0 0 0 0 0 0 0 0 0
#obs cpue bio
 4.06698e+006 2.99056e+006 2.1704e+006 3.38716e+006 2.6638e+006 3.51006e+006 2.33835e+006 2.05769e+006 2.22675e+006 1.1549e+006 1.83786e+006 1.15414e+006 1.36497e+006 1.25944e+006 737506 900389 846353 727641 483618 658405 615565 611592 366545 547478 499895 541282 498422 614435 604377 501456 454501 637015 536252 483882 468750 513047 628075 436224 573993 602736 474604 642299 589400 562102 633575 655279 841679 519395 573057 640766 491981
#pred surv len freq
 0.00548458 0.00882039 0.0131162 0.0182986 0.024212 0.0305527 0.0368333 0.0424875 0.0470817 0.0504664 0.0527575 0.0542051 0.0550679 0.0555445 0.0557448 0.0556843 0.0552983 0.0544678 0.0530356 0.0508004 0.0475151 0.0429462 0.0370225 0.0300072 0.0225493
 0.0058219 0.00924192 0.0135221 0.0185331 0.0241252 0.0300871 0.0360798 0.041662 0.046424 0.0501206 0.0527085 0.0543042 0.0551241 0.0554242 0.0554323 0.0552838 0.0549831 0.0544006 0.0532935 0.0513382 0.0481871 0.043575 0.0374763 0.0302437 0.0226076
 0.00616817 0.00979858 0.0143392 0.0196292 0.025457 0.0315202 0.0373888 0.0425867 0.0467759 0.0498776 0.0520261 0.0534237 0.0542406 0.0546077 0.054647 0.0544737 0.0541506 0.0536241 0.0526802 0.0509539 0.0480144 0.0435257 0.0374464 0.0301674 0.0224774
 0.00644354 0.0102457 0.0150123 0.0205808 0.0267284 0.0331225 0.0392725 0.044615 0.0487214 0.0514617 0.0529994 0.0536559 0.0537665 0.0535953 0.0533077 0.0529774 0.052601 0.0520885 0.0512266 0.0496543 0.0469185 0.0426398 0.0367395 0.0296003 0.0220254
 0.00671573 0.0106791 0.0156487 0.0214563 0.0278717 0.0345492 0.0409751 0.0465503 0.0507981 0.0535329 0.0548636 0.0550807 0.0545419 0.0536003 0.0525537 0.0515977 0.0507941 0.0500553 0.0491359 0.0476387 0.0450788 0.0410442 0.0354219 0.0285638 0.0212523
 0.00703691 0.0111832 0.0163743 0.022429 0.0291022 0.0360311 0.0426802 0.0484252 0.0527688 0.0555097 0.0567413 0.0567303 0.0558061 0.0543088 0.0525643 0.0508475 0.0493303 0.0480273 0.046754 0.0451257 0.0426345 0.038827 0.0335397 0.0270711 0.0201516
 0.00733105 0.0116542 0.0170699 0.0233883 0.0303492 0.0375634 0.0444582 0.0503702 0.0547751 0.0574672 0.0585518 0.0583094 0.057071 0.0551636 0.0528963 0.0505469 0.0483296 0.0463419 0.0445005 0.0425068 0.0398975 0.0362141 0.0312465 0.0252189 0.0187784
 0.00764649 0.0121564 0.0178063 0.0243974 0.0316549 0.0391666 0.0463249 0.0524246 0.0569059 0.0595447 0.0604489 0.0599181 0.0583078 0.0559647 0.0532043 0.0503001 0.0474676 0.0448327 0.0423794 0.039903 0.0370295 0.03335 0.0286432 0.0230645 0.017158
 0.00797879 0.0126801 0.0185641 0.0254195 0.0329555 0.0407393 0.0481339 0.0544008 0.058951 0.0615446 0.0622884 0.0614911 0.0595244 0.0567539 0.0535122 0.050083 0.0466874 0.0434635 0.0404317 0.0374568 0.0342545 0.0304913 0.0259698 0.0207996 0.0154246
 0.00823226 0.0130922 0.0191841 0.0262928 0.0341149 0.0421906 0.0498429 0.0562888 0.0609074 0.0634488 0.0640293 0.0629757 0.0606781 0.0575165 0.053835 0.0499259 0.0460168 0.0422573 0.0386946 0.0352463 0.0317045 0.0278125 0.0234132 0.0185921 0.0137075
 0.00842598 0.0134027 0.0196441 0.0269325 0.0349598 0.0432565 0.0511266 0.0577601 0.0625061 0.0650889 0.0656094 0.0643927 0.0618391 0.0583473 0.0542802 0.0499439 0.0455755 0.0413345 0.0372897 0.0334014 0.0295265 0.0254784 0.0211442 0.0165996 0.0121342
 0.0087014 0.0138444 0.0202974 0.0278341 0.0361299 0.0446871 0.0527706 0.0595294 0.0642861 0.0667624 0.0670755 0.0655749 0.0626837 0.0588189 0.0543577 0.0496164 0.0448378 0.0401862 0.0357427 0.0314972 0.0273573 0.0231959 0.018942 0.0146673 0.0106037
 0.00894078 0.0142193 0.0208357 0.0285545 0.0370417 0.0457884 0.0540429 0.0609315 0.0657515 0.0682044 0.068399 0.0666896 0.0635168 0.0593207 0.0545011 0.0493906 0.0442416 0.039225 0.0344328 0.0298786 0.0255098 0.0212473 0.017055 0.0130034 0.00927805
 0.00933516 0.0148203 0.0216653 0.0296065 0.0382846 0.0471727 0.0555049 0.0623958 0.0671381 0.0694388 0.0694206 0.0674537 0.0639914 0.0594846 0.0543434 0.0489107 0.0434478 0.0381327 0.0330665 0.0282807 0.0237524 0.0194392 0.0153317 0.0114979 0.00808438
 0.00953289 0.0151509 0.0221783 0.0303495 0.0392886 0.0484308 0.0569557 0.0639258 0.0686074 0.0707196 0.0704255 0.0681427 0.0643603 0.0595474 0.0541183 0.0484138 0.042693 0.0371349 0.0318482 0.0268801 0.0222326 0.0178918 0.013868 0.0102257 0.00707836
 0.00975675 0.0155074 0.0227016 0.0310686 0.0402241 0.0495881 0.0583137 0.0654253 0.0701482 0.0721702 0.0716459 0.0690145 0.0648127 0.0595679 0.0537436 0.0477077 0.0417229 0.0359594 0.0305161 0.0254398 0.0207437 0.0164311 0.012524 0.00908083 0.00618596
 0.00999121 0.0158727 0.0232221 0.0317569 0.0410802 0.0505984 0.0594483 0.066636 0.0713712 0.0733313 0.0726663 0.0698142 0.0653185 0.0597258 0.0535325 0.0471459 0.0408616 0.0348678 0.0292667 0.0241025 0.0193876 0.0151289 0.0113491 0.00809611 0.00542807
 0.0101431 0.0161207 0.0235967 0.0322856 0.0417804 0.0514672 0.0604531 0.0677146 0.0724431 0.0743166 0.0734998 0.0704494 0.0657227 0.0598743 0.0534083 0.0467444 0.0401981 0.0339802 0.0282128 0.0229518 0.0182149 0.0140085 0.0103488 0.00726754 0.00479744
 0.0102232 0.0162441 0.0237709 0.0325156 0.0420719 0.0518285 0.0608943 0.0682414 0.0730481 0.074973 0.0741616 0.0710596 0.0662246 0.0602212 0.0535664 0.0466932 0.0399309 0.0335069 0.0275629 0.0221747 0.0173749 0.0131761 0.00959017 0.00663302 0.0043128
 0.0103541 0.0164372 0.0240248 0.0328164 0.0423974 0.0521563 0.0612082 0.068535 0.0733246 0.075242 0.0744326 0.0713342 0.0664896 0.0604483 0.0537185 0.0467333 0.039831 0.0332541 0.0271633 0.0216548 0.0167799 0.0125631 0.00901703 0.00614625 0.00393808
 0.010445 0.0165687 0.0241923 0.0330046 0.0425837 0.0523177 0.0613275 0.0686052 0.0733512 0.075243 0.0744359 0.0713691 0.0665769 0.0605899 0.053894 0.0469041 0.0399508 0.0332819 0.0270746 0.0214481 0.0164776 0.012206 0.00865373 0.00582039 0.00367814
 0.0106111 0.0168104 0.0245031 0.033359 0.042943 0.0526401 0.0615774 0.0687582 0.0733967 0.0751864 0.0742987 0.0711862 0.0663889 0.0604326 0.0537885 0.0468503 0.0399281 0.0332565 0.0270117 0.021325 0.016291 0.0119732 0.00840545 0.00558949 0.00348902
 0.0106652 0.0169091 0.0246701 0.0336192 0.0433114 0.0531075 0.0621006 0.0692639 0.0738027 0.0754284 0.0743502 0.0710616 0.0661327 0.0601035 0.053443 0.0465314 0.0396575 0.0330342 0.0268211 0.0211438 0.0161032 0.011776 0.00820913 0.00541115 0.00334363
 0.0107245 0.0169906 0.0247664 0.0337175 0.0434015 0.0531913 0.062196 0.0693967 0.0739881 0.0756555 0.0745792 0.0712394 0.0662165 0.060078 0.0533239 0.046354 0.0394607 0.0328463 0.0266542 0.0209956 0.0159649 0.0116414 0.0080791 0.00529292 0.0032458
 0.0106886 0.0169426 0.0247127 0.0336689 0.0433686 0.0531787 0.0621995 0.0694086 0.0740061 0.0756886 0.0746434 0.0713447 0.0663547 0.0602227 0.053442 0.0464226 0.0394755 0.0328186 0.0266011 0.0209307 0.015895 0.0115688 0.00800627 0.00522428 0.00318689
 0.0106043 0.0168196 0.0245543 0.0334884 0.0431871 0.05302 0.0620851 0.0693528 0.0740134 0.0757529 0.0747517 0.071483 0.0665126 0.0603914 0.0536106 0.046576 0.0395979 0.0329002 0.0266416 0.0209373 0.015878 0.0115374 0.0079679 0.00518494 0.00315158
 0.0104334 0.0165541 0.0241787 0.0329996 0.0425983 0.0523647 0.0614197 0.0687521 0.0735561 0.075501 0.0747338 0.0716892 0.0669019 0.0609062 0.0541902 0.0471653 0.040152 0.0333864 0.0270406 0.0212434 0.0160966 0.0116816 0.00805417 0.00523021 0.00317089
 0.0102705 0.0163038 0.0238292 0.0325498 0.0420575 0.0517527 0.0607681 0.0681065 0.0729749 0.075048 0.0744665 0.0716456 0.0670908 0.0613037 0.054745 0.0478109 0.0408205 0.0340199 0.027597 0.0216988 0.0164442 0.0119284 0.00821616 0.00532765 0.00322391
 0.0101592 0.0161224 0.023556 0.0321661 0.0415535 0.0511356 0.0600691 0.0673807 0.0722917 0.0744767 0.0740639 0.0714506 0.0671226 0.0615605 0.055202 0.0484208 0.0415197 0.034739 0.0282733 0.0222858 0.0169164 0.0122804 0.00845889 0.00548179 0.0033135
 0.0102461 0.0162514 0.0237259 0.0323646 0.0417568 0.0513093 0.0601723 0.0673732 0.0721455 0.0741879 0.0736593 0.0709835 0.0666605 0.0611699 0.0549347 0.0483048 0.0415545 0.0348978 0.0285114 0.022553 0.0171694 0.0124909 0.00861515 0.00558601 0.00337603
 0.0101278 0.0160764 0.0234952 0.0320906 0.0414601 0.0510125 0.0598946 0.067128 0.0719389 0.0740198 0.0735256 0.070882 0.0665953 0.0611538 0.0549862 0.0484405 0.0417807 0.0352048 0.0288727 0.0229308 0.0175242 0.0127915 0.00884568 0.00574594 0.00347633
 0.010052 0.0159564 0.0233211 0.0318573 0.0411699 0.0506793 0.0595452 0.0667991 0.0716679 0.0738328 0.0734297 0.0708663 0.06664 0.0612407 0.0551061 0.0485948 0.0419766 0.0354467 0.029155 0.0232354 0.0178242 0.0130594 0.0090618 0.00590308 0.00357911
 0.0100797 0.0159988 0.0233796 0.0319299 0.0412502 0.0507554 0.0596006 0.0668161 0.0716339 0.0737458 0.0732999 0.0707116 0.066479 0.0610877 0.054971 0.0484862 0.0419045 0.0354214 0.0291824 0.0233123 0.0179366 0.0131862 0.00918155 0.00600073 0.00364877
 0.00985946 0.0156704 0.0229408 0.0313995 0.040664 0.0501585 0.0590412 0.0663407 0.0712824 0.0735451 0.0732598 0.0708243 0.0667229 0.0614325 0.0553826 0.0489311 0.0423542 0.0358555 0.0295886 0.0236831 0.0182653 0.0134655 0.00940507 0.00616643 0.00376105
 0.00980584 0.0155717 0.022772 0.0311331 0.0402802 0.0496594 0.0584613 0.0657447 0.0707484 0.0731413 0.0730267 0.0707711 0.0668341 0.0616782 0.0557271 0.0493383 0.0427907 0.0362927 0.0300043 0.0240615 0.0185959 0.0137414 0.00962293 0.00632702 0.00387011
 0.0106453 0.0167543 0.0242141 0.0326403 0.0415997 0.0505656 0.0588274 0.0655655 0.0701155 0.0721985 0.0719298 0.0696597 0.065814 0.0608144 0.0550458 0.0488363 0.0424471 0.036079 0.0298908 0.0240207 0.0186038 0.0137777 0.00967101 0.00637441 0.00390915
 0.0112079 0.017636 0.0254714 0.0342819 0.0435596 0.0526779 0.0608216 0.0671106 0.0709182 0.0721127 0.0710129 0.0681399 0.0639949 0.0589743 0.0533785 0.0474406 0.0413469 0.0352529 0.0292968 0.0236121 0.0183369 0.0136147 0.00958005 0.00632973 0.00389111
 0.0109225 0.0173183 0.0252627 0.0344011 0.044241 0.0540708 0.0628997 0.0696433 0.073518 0.0743393 0.0724907 0.0686544 0.0635399 0.057734 0.0516519 0.0455426 0.0395297 0.0336716 0.0280157 0.0226322 0.0176249 0.0131232 0.00925931 0.00613354 0.0037797
 0.0105059 0.016687 0.0244068 0.0333647 0.0431382 0.0530933 0.062302 0.0696847 0.074365 0.0759657 0.0746425 0.0709133 0.0654627 0.0589986 0.0521419 0.0453449 0.0388623 0.0327863 0.0271213 0.0218586 0.0170256 0.0126984 0.00898091 0.00596447 0.00368484
 0.0103513 0.0164034 0.0239227 0.0326004 0.0420346 0.0516559 0.060642 0.0680305 0.0730252 0.0752501 0.0747629 0.0719008 0.0671379 0.0610169 0.054106 0.0469342 0.0399198 0.0333281 0.0272792 0.0217992 0.016887 0.0125639 0.00888405 0.00590731 0.00365656
 0.0104128 0.0164914 0.0240292 0.0327011 0.0420834 0.0515843 0.0603696 0.0674927 0.0722162 0.0742598 0.0737816 0.071172 0.0668705 0.0612972 0.0548553 0.0479388 0.0409195 0.034117 0.0277662 0.0220071 0.0169051 0.0124914 0.0087933 0.0058344 0.00361017
 0.0103248 0.0163627 0.023862 0.0325059 0.041875 0.0513734 0.060155 0.0672571 0.0719285 0.0738894 0.0733226 0.0706699 0.06643 0.0610554 0.0549245 0.0483469 0.0415868 0.0348875 0.0284754 0.0225453 0.0172431 0.0126634 0.00885945 0.00584888 0.0036071
 0.0102954 0.0163152 0.0237914 0.0324092 0.0417527 0.0512318 0.0600064 0.0671157 0.0718027 0.0737733 0.073195 0.0705051 0.0662192 0.0608265 0.0547435 0.0482937 0.0417139 0.0351867 0.0288779 0.0229547 0.0175796 0.0128915 0.00898678 0.00590597 0.00362619
 0.0102112 0.0161897 0.023624 0.0322065 0.0415264 0.0509958 0.0597744 0.0669017 0.0716213 0.073638 0.0731136 0.0704745 0.066225 0.0608511 0.0547795 0.048354 0.0418273 0.0353783 0.0291473 0.0232688 0.0178864 0.0131451 0.00916525 0.00601339 0.00368158
 0.0101556 0.0161019 0.0234968 0.0320362 0.0413145 0.0507511 0.0595146 0.0666513 0.0714062 0.0734788 0.0730206 0.0704476 0.0662561 0.0609268 0.0548855 0.0484802 0.0419726 0.0355494 0.0293506 0.023499 0.0181234 0.0133607 0.00933649 0.00613152 0.00375232
 0.0101289 0.0160572 0.0234273 0.0319346 0.0411749 0.0505714 0.0592995 0.0664143 0.0711684 0.073265 0.0728546 0.0703467 0.0662277 0.0609675 0.0549833 0.0486195 0.042139 0.0357335 0.0295471 0.0237031 0.0183257 0.0135466 0.00949109 0.00624606 0.00382717
 0.0101546 0.0160931 0.0234698 0.0319761 0.0412044 0.0505771 0.059271 0.0663449 0.0710568 0.0731173 0.0726843 0.0701739 0.0660745 0.0608531 0.0549197 0.0486092 0.0421768 0.0358101 0.0296521 0.0238263 0.0184565 0.0136735 0.00960259 0.00633372 0.00388831
 0.0100417 0.0159285 0.0232575 0.0317315 0.0409501 0.0503349 0.0590561 0.0661649 0.0709146 0.0730139 0.0726215 0.0701539 0.0660995 0.0609246 0.055037 0.0487685 0.0423703 0.0360266 0.0298783 0.0240489 0.0186633 0.0138543 0.0097501 0.0064448 0.00396455
 0.0100064 0.01587 0.0231679 0.0316046 0.0407848 0.0501393 0.0588498 0.065975 0.070767 0.0729232 0.0725865 0.0701618 0.066135 0.0609773 0.0551044 0.0488533 0.0424762 0.0361541 0.0300232 0.0242026 0.0188148 0.0139928 0.00986688 0.00653507 0.00402803
 0.00971235 0.0154565 0.0226646 0.0310779 0.0403175 0.0497984 0.0586625 0.0659272 0.0708213 0.0730421 0.0727456 0.0703488 0.0663425 0.0611968 0.0553262 0.0490702 0.042685 0.0363551 0.0302171 0.0243876 0.0189861 0.0141436 0.00999119 0.00662981 0.00409412
 0.00923099 0.0147477 0.0217375 0.0299954 0.0391867 0.0487488 0.0578227 0.0654019 0.0706688 0.0732564 0.0732563 0.0710456 0.0671125 0.0619543 0.0560228 0.0496872 0.0432217 0.0368178 0.0306137 0.0247248 0.0192679 0.0143719 0.0101678 0.00675816 0.00418058
#obs surv len freq
 nan nan nan nan nan nan nan nan nan nan nan nan nan nan nan nan nan nan nan nan nan nan nan nan nan
 0.00449005 0.0073535 0.0111849 0.0160013 0.0217004 0.0279728 0.0342833 0.0400113 0.0446887 0.0481514 0.0505092 0.0520055 0.0528985 0.0534116 0.0537265 0.0539819 0.0542608 0.0545538 0.0546927 0.0542847 0.0527228 0.0493551 0.043805 0.0362852 0.0276691
 0.00461329 0.00755886 0.0115028 0.0164617 0.0223251 0.0287636 0.0352104 0.0410115 0.0456749 0.049032 0.0512055 0.0524634 0.0530924 0.0533433 0.0534199 0.053475 0.0535974 0.0537765 0.0538406 0.0533946 0.0518336 0.0485099 0.0430489 0.0356563 0.0271884
 0.0047764 0.00782413 0.0119025 0.0170269 0.0230803 0.0297183 0.0363484 0.042284 0.047003 0.0503161 0.0523398 0.0533504 0.0536565 0.0535405 0.0532415 0.052945 0.0527635 0.0527002 0.0525893 0.0520393 0.0504498 0.0471782 0.0418493 0.0346549 0.0264216
 0.00496182 0.00812847 0.0123659 0.0176882 0.0239696 0.0308449 0.0376888 0.0437783 0.0485632 0.0518422 0.0537322 0.0545163 0.0545116 0.054014 0.0532843 0.0525381 0.0519226 0.0514742 0.0510548 0.0502951 0.0486121 0.0453747 0.0402055 0.0332733 0.0253598
 0.00517759 0.00847956 0.012895 0.0184359 0.024967 0.0321023 0.0391832 0.0454478 0.0503146 0.0535666 0.0553221 0.0558744 0.0555542 0.0546701 0.053496 0.0522639 0.0511451 0.0502097 0.049361 0.0482741 0.0464074 0.0431579 0.0381525 0.0315302 0.0240118
 0.00541371 0.00886647 0.0134829 0.019273 0.0260903 0.0335222 0.0408687 0.0473221 0.0522668 0.0554737 0.0570686 0.057362 0.0567027 0.0554138 0.0537807 0.0520453 0.0503929 0.0489173 0.0475615 0.0460553 0.0439186 0.0405995 0.0357432 0.0294603 0.0223982
 0.00565053 0.00925578 0.0140769 0.0201236 0.027239 0.0349851 0.0426198 0.0492869 0.0543318 0.0575077 0.0589439 0.058968 0.0579507 0.0562366 0.0541271 0.0518755 0.0496761 0.0476384 0.0457373 0.0437569 0.0412878 0.0378457 0.0331103 0.027171 0.0205974
 0.00588832 0.00964518 0.0146685 0.0209667 0.0283734 0.0364265 0.044345 0.0512272 0.0563816 0.059543 0.0608409 0.0606149 0.0592536 0.0571207 0.0545355 0.0517657 0.0490167 0.0464121 0.0439536 0.041475 0.0386387 0.0350351 0.0303902 0.0247809 0.018701
 0.006139 0.0100548 0.0152888 0.0218471 0.0295516 0.0379134 0.0461096 0.0531918 0.0584327 0.0615543 0.0626925 0.0622046 0.0604987 0.0579559 0.0549097 0.0516388 0.0483574 0.0452014 0.042197 0.0392238 0.0360133 0.0322321 0.0276582 0.0223634 0.0167702
 0.00638258 0.0104557 0.0159012 0.0227242 0.0307347 0.039415 0.0478961 0.0551783 0.060496 0.0635575 0.0645091 0.0637317 0.0616599 0.0586981 0.0551971 0.0514449 0.0476615 0.0439896 0.0404741 0.037035 0.0334675 0.0295122 0.0249998 0.0200019 0.0148763
 0.0066258 0.0108528 0.0165021 0.0235768 0.0318757 0.0408559 0.0496078 0.0570847 0.0624831 0.0654937 0.0662668 0.0652021 0.0627606 0.0593745 0.0554181 0.0511958 0.0469356 0.0427861 0.0388052 0.0349452 0.0310563 0.0269453 0.0224928 0.0177725 0.0130846
 0.00683536 0.0111996 0.0170352 0.0243453 0.0329187 0.0421863 0.0511967 0.0588565 0.0643274 0.0672871 0.067893 0.0665635 0.0637813 0.0600006 0.0556163 0.0509498 0.0462419 0.0416508 0.0372484 0.0330144 0.0288445 0.0246017 0.0202093 0.0157433 0.0114529
 0.00706223 0.0115688 0.0175917 0.0251309 0.0339642 0.0434985 0.0527447 0.0605662 0.0660906 0.0689816 0.069403 0.0677932 0.0646618 0.0604892 0.0556927 0.05061 0.0454921 0.0405058 0.035735 0.0311826 0.026783 0.0224449 0.0181263 0.0139029 0.00997811
 0.00727735 0.0119237 0.0181348 0.0259091 0.035012 0.044821 0.0543017 0.0622694 0.067818 0.0706035 0.0708052 0.0688896 0.0653957 0.0608309 0.0556345 0.0501602 0.0446696 0.0393361 0.0342532 0.0294421 0.0248673 0.0204741 0.0162465 0.0122568 0.00866737
 0.00744109 0.0121935 0.0185478 0.0265028 0.0358175 0.0458518 0.0555412 0.0636641 0.0692821 0.0720324 0.0720924 0.0699408 0.0661391 0.0612221 0.0556558 0.0498157 0.0439782 0.0383271 0.032966 0.0279319 0.0232131 0.0187825 0.0146425 0.0108595 0.00755925
 0.00753781 0.0123543 0.0187969 0.0268659 0.036318 0.0465043 0.0563439 0.0645942 0.0702979 0.0730783 0.0731039 0.0708493 0.0668767 0.0617281 0.0558841 0.0497395 0.0435918 0.037644 0.032018 0.0267697 0.0219099 0.0174336 0.013356 0.00973608 0.00666777
 0.00758558 0.0124285 0.0189028 0.0270082 0.0365027 0.0467405 0.0566442 0.0649724 0.0707634 0.0736302 0.073727 0.0715108 0.0675282 0.0623098 0.0563323 0.049996 0.0436127 0.037407 0.0315268 0.026056 0.021033 0.0164766 0.0124138 0.00889729 0.00599419
 0.00767547 0.0125614 0.019078 0.0272166 0.0367291 0.0469691 0.0568634 0.0651778 0.0709598 0.0738312 0.0739508 0.0717731 0.0678321 0.0626394 0.056651 0.0502522 0.0437506 0.037379 0.0313054 0.0256429 0.0204622 0.0158102 0.0117305 0.00827346 0.0054853
 0.00774785 0.0126769 0.019247 0.0274448 0.0370143 0.0472966 0.0572039 0.065492 0.0712101 0.073996 0.0740334 0.0717994 0.0678386 0.0626576 0.0566946 0.050311 0.0437921 0.0373592 0.0311829 0.0253941 0.0200918 0.0153531 0.0112426 0.00781547 0.00510456
 0.00777502 0.0127193 0.0193078 0.0275265 0.0371188 0.0474253 0.0573562 0.0656632 0.0713887 0.0741649 0.0741737 0.0718981 0.0678949 0.0626839 0.0567099 0.0503294 0.0438136 0.0373655 0.0311445 0.0252829 0.0198952 0.0150826 0.0109319 0.00750834 0.0048398
 0.00782189 0.0127883 0.0193981 0.0276328 0.0372328 0.0475388 0.0574633 0.0657611 0.0714775 0.0742454 0.0742455 0.0719581 0.0679379 0.0627056 0.0567107 0.0503147 0.0437894 0.0373326 0.0310939 0.0251991 0.0197656 0.0149069 0.010726 0.00729927 0.00465487
 0.00784053 0.0128152 0.0194323 0.0276707 0.037269 0.0475669 0.0574783 0.0657606 0.0714636 0.0742255 0.0742309 0.07196 0.0679629 0.0627528 0.0567721 0.0503798 0.0438485 0.0373778 0.0311175 0.025193 0.0197227 0.0148262 0.010616 0.00717711 0.00454008
 0.00787325 0.012863 0.0194941 0.0277418 0.0373417 0.0476326 0.0575287 0.0657891 0.0714665 0.0742032 0.0741888 0.0719081 0.0679138 0.0627177 0.0567576 0.0503856 0.0438684 0.0374018 0.0311351 0.0251945 0.0197012 0.0147796 0.0105488 0.00709979 0.00446528
 0.00789714 0.0129014 0.0195507 0.0278187 0.0374383 0.0477432 0.0576419 0.0658892 0.0715372 0.0742332 0.0741751 0.0718567 0.0678371 0.0626307 0.0566746 0.0503171 0.043819 0.0373699 0.0311139 0.0251749 0.0196752 0.0147425 0.0105012 0.00704679 0.00441437
 0.0079055 0.0129111 0.0195582 0.0278192 0.0374274 0.0477202 0.0576113 0.0658596 0.0715174 0.0742277 0.0741823 0.0718708 0.0678512 0.0626413 0.056682 0.0503248 0.0438308 0.0373875 0.0311356 0.0251956 0.0196887 0.0147444 0.0104906 0.00702667 0.00439028
 0.00790202 0.0129044 0.0195464 0.0277992 0.0373959 0.0476745 0.0575503 0.065786 0.0714384 0.0741547 0.0741281 0.0718452 0.0678576 0.0626756 0.0567357 0.0503883 0.043897 0.0374522 0.0311959 0.0252487 0.0197312 0.0147734 0.0105052 0.00702909 0.00438474
 0.00791556 0.012919 0.0195544 0.0277897 0.0373572 0.0475993 0.0574404 0.065652 0.0712972 0.074024 0.0740234 0.0717777 0.0678337 0.0626964 0.0567962 0.0504786 0.0440043 0.0375642 0.0313026 0.025343 0.0198087 0.0148317 0.0105444 0.00705155 0.00439473
 0.00789629 0.0128936 0.0195269 0.0277659 0.0373418 0.0475916 0.0574317 0.0656287 0.0712472 0.0739448 0.0739241 0.0716765 0.067751 0.0626479 0.0567894 0.0505126 0.0440713 0.0376524 0.031399 0.0254363 0.0198903 0.0148966 0.0105911 0.00708148 0.00441138
 0.0078552 0.0128236 0.0194165 0.0276047 0.0371254 0.047328 0.0571449 0.0653549 0.0710238 0.0737968 0.0738584 0.0716845 0.0678182 0.0627615 0.0569405 0.0506942 0.0442751 0.0378669 0.0316109 0.025632 0.0200589 0.0150316 0.010691 0.00714927 0.0044532
 0.00787607 0.0128493 0.0194394 0.0276116 0.0371001 0.0472554 0.057017 0.0651746 0.0708073 0.0735712 0.0736558 0.0715333 0.0677349 0.0627483 0.0569889 0.0507908 0.0444064 0.0380202 0.0317738 0.0257921 0.0202044 0.0151536 0.010785 0.00721535 0.00449541
 0.00785551 0.0128205 0.0194041 0.0275734 0.0370613 0.0472142 0.0569656 0.0651013 0.0707018 0.0734322 0.0734944 0.071372 0.0676013 0.0626665 0.0569721 0.0508391 0.044509 0.0381607 0.0319344 0.0259559 0.0203572 0.0152848 0.0108884 0.00728994 0.00454431
 0.00781624 0.0127567 0.0193088 0.0274415 0.0368926 0.0470162 0.056755 0.0649013 0.0705345 0.0733103 0.0734187 0.0713352 0.0675961 0.0626911 0.0570311 0.050938 0.0446488 0.0383346 0.0321288 0.0261541 0.0205427 0.0154447 0.0110152 0.00738216 0.00460547
 0.00778961 0.012711 0.0192356 0.0273318 0.0367388 0.0468166 0.0565172 0.0646436 0.0702838 0.073096 0.0732654 0.0712562 0.0675917 0.0627515 0.0571419 0.0510865 0.044826 0.0385334 0.0323405 0.0263667 0.0207425 0.0156188 0.0111551 0.00748515 0.0046746
 0.00774141 0.0126327 0.0191181 0.0271668 0.0365213 0.0465472 0.0562055 0.06431 0.0699567 0.0728074 0.0730453 0.0711279 0.0675675 0.0628306 0.0573109 0.0513234 0.0451062 0.0388341 0.0326428 0.0266548 0.0210029 0.0158404 0.0113309 0.00761399 0.00476108
 0.00934664 0.0148773 0.0218218 0.0299366 0.0388655 0.0480574 0.0567009 0.0638646 0.0688158 0.0712647 0.0713525 0.0694612 0.0660343 0.0614883 0.0561833 0.0504114 0.0443945 0.0382985 0.0322553 0.0263876 0.0208296 0.0157368 0.0112753 0.00758836 0.00475176
 0.00934425 0.0151676 0.0227769 0.032016 0.0424147 0.053037 0.0625149 0.0694577 0.0730478 0.0733601 0.0711573 0.0673832 0.0627654 0.0577108 0.0524014 0.0469223 0.0413373 0.0357164 0.0301415 0.0247111 0.019547 0.014797 0.0106215 0.0071604 0.00449069
 0.0089779 0.0145973 0.0219874 0.0310665 0.0414902 0.0524799 0.0627814 0.0709541 0.0758853 0.0771748 0.0751574 0.0706486 0.0646297 0.0579921 0.0513698 0.0450813 0.0391884 0.0336233 0.0283059 0.0232113 0.018388 0.0139467 0.0100312 0.00677521 0.00425642
 0.0087967 0.0142897 0.0215015 0.0303508 0.0405143 0.051271 0.0614681 0.0697916 0.0752289 0.0773787 0.0764156 0.0728513 0.0673378 0.0605811 0.0532805 0.046031 0.0392245 0.0330189 0.0273952 0.0222642 0.0175641 0.0133085 0.00957911 0.00647944 0.00407746
 0.00874274 0.0141918 0.0213341 0.0300807 0.0401046 0.0506905 0.0607067 0.0688797 0.074258 0.0765141 0.0758822 0.0728752 0.0680471 0.061913 0.0549619 0.0476693 0.0404676 0.0336897 0.0275242 0.0220218 0.0171543 0.0128897 0.00923679 0.00623806 0.00392601
 0.00872128 0.0141578 0.0212837 0.0300083 0.0400005 0.0505387 0.0604845 0.0685623 0.0738297 0.0759855 0.0753087 0.0723659 0.0677497 0.0619652 0.0554232 0.0484697 0.0414165 0.034551 0.0281181 0.0222891 0.0171511 0.0127306 0.00903233 0.00605846 0.00379815
 0.00869813 0.0141206 0.0212286 0.0299324 0.0399022 0.0504185 0.0603444 0.0684035 0.0736495 0.0757758 0.0750621 0.0720887 0.0674769 0.0617655 0.0553811 0.0486469 0.0418097 0.0350782 0.0286481 0.0227009 0.0173845 0.0127981 0.00899206 0.00597566 0.0037181
 0.00868568 0.0140988 0.021193 0.0298778 0.0398246 0.0503165 0.0602212 0.0682667 0.0735088 0.0756389 0.0749315 0.0719619 0.0673522 0.0616512 0.0553035 0.0486461 0.041921 0.0353068 0.0289558 0.0230178 0.0176414 0.0129571 0.00905626 0.00597568 0.00368981
 0.00867214 0.0140792 0.0211679 0.0298487 0.0397928 0.0502819 0.0601812 0.0682175 0.0734473 0.075565 0.0748481 0.0718739 0.0672645 0.0615686 0.0552338 0.0486036 0.0419256 0.0353751 0.0290882 0.0231918 0.0178182 0.0130997 0.00914552 0.00601463 0.00369534
 0.00864845 0.0140417 0.0211135 0.0297759 0.0397026 0.050179 0.0600742 0.0681176 0.0733649 0.0755061 0.0748128 0.0718578 0.0672612 0.0615736 0.0552456 0.0486248 0.0419632 0.0354381 0.0291822 0.0233126 0.0179501 0.0132208 0.00923816 0.00607225 0.00372292
 0.00865864 0.0140538 0.0211234 0.0297772 0.0396879 0.0501429 0.0600159 0.0680418 0.0732808 0.0754244 0.0747431 0.0718059 0.0672288 0.0615582 0.0552434 0.048633 0.0419821 0.0354708 0.0292323 0.0233805 0.0180301 0.0133018 0.00930775 0.00612256 0.00375298
 0.00865403 0.0140505 0.0211259 0.0297911 0.0397175 0.0501873 0.0600668 0.068085 0.0733013 0.0754132 0.0747006 0.0717413 0.0671552 0.0614878 0.0551844 0.0485891 0.0419543 0.0354594 0.0292378 0.0234026 0.0180658 0.0133448 0.00935005 0.00615725 0.00377675
 0.00862993 0.0140123 0.0210707 0.0297181 0.0396293 0.0500914 0.0599758 0.0680137 0.0732612 0.0754075 0.0747228 0.0717789 0.0671962 0.0615257 0.0552183 0.0486221 0.0419895 0.0354989 0.0292822 0.0234513 0.018117 0.0133952 0.00939538 0.00619377 0.00380271
 0.00861263 0.013987 0.0210379 0.0296796 0.0395879 0.0500492 0.0599343 0.0679741 0.0732265 0.0753821 0.0747115 0.071784 0.0672157 0.0615538 0.0552485 0.0486498 0.0420141 0.0355223 0.0293071 0.0234793 0.018148 0.0134273 0.00942577 0.00621949 0.00382199
 0.00861651 0.0139871 0.0210269 0.0296478 0.0395264 0.0499556 0.0598155 0.0678465 0.0731098 0.0752934 0.0746605 0.0717725 0.0672401 0.0616066 0.0553204 0.048731 0.042096 0.0355991 0.0293762 0.0235404 0.0182016 0.0134735 0.00946402 0.00624929 0.00384334
 0.00861651 0.0139871 0.0210269 0.0296478 0.0395264 0.0499556 0.0598155 0.0678465 0.0731098 0.0752934 0.0746605 0.0717725 0.0672401 0.0616066 0.0553204 0.048731 0.042096 0.0355991 0.0293762 0.0235404 0.0182016 0.0134735 0.00946402 0.00624929 0.00384334
#pred catch len freq
 0.00427736 0.00679766 0.009974 0.0137528 0.018103 0.0229894 0.0283028 0.0338299 0.0392958 0.0444314 0.0490185 0.052911 0.0560429 0.0584171 0.0600683 0.0610208 0.0612646 0.0607507 0.0593836 0.0570024 0.0533756 0.0482702 0.0416235 0.0337406 0.0253563
 0.00454721 0.00714121 0.0103197 0.0139871 0.0181164 0.0227401 0.0278575 0.0333444 0.0389376 0.0442892 0.0490551 0.0529864 0.0559915 0.0581338 0.0595636 0.0604232 0.0607706 0.0605413 0.0595441 0.0574827 0.0540143 0.0488712 0.0420423 0.0339326 0.0253666
 0.0048575 0.00762966 0.0110179 0.0148949 0.0191813 0.0238413 0.0288119 0.0339557 0.0390797 0.0439758 0.048437 0.0522662 0.0553118 0.0575183 0.058949 0.0597469 0.0600454 0.0598649 0.0590421 0.0572297 0.0539875 0.048967 0.0421386 0.0339516 0.0252984
 0.00513184 0.00806585 0.011658 0.0157761 0.0203329 0.025273 0.0304896 0.0357717 0.0408397 0.0454257 0.0493373 0.0524838 0.0548716 0.0565763 0.0577032 0.0583546 0.0586006 0.0584319 0.0576926 0.0560413 0.0530116 0.0482029 0.0415435 0.0334747 0.0249097
 0.00541146 0.00850356 0.0122873 0.0166225 0.0214169 0.0266116 0.0320911 0.0376204 0.0428739 0.0475171 0.051283 0.0540298 0.0557753 0.0566866 0.0570142 0.0569977 0.0567834 0.0563687 0.0555652 0.0539927 0.0511492 0.0465967 0.040224 0.03244 0.0241377
 0.00573072 0.00899834 0.0129881 0.0175455 0.0225671 0.0279872 0.0336826 0.0394059 0.0448132 0.0495445 0.0532978 0.0558854 0.0572792 0.0576252 0.0572059 0.0563538 0.055345 0.0542966 0.0530918 0.0513654 0.0485885 0.0442749 0.0382561 0.0308816 0.0229894
 0.00605273 0.00950306 0.0137136 0.018517 0.0237963 0.0294706 0.035396 0.0413004 0.0468173 0.0515723 0.0552571 0.0576781 0.0587938 0.0587294 0.0577492 0.0561939 0.0543934 0.0525641 0.0507078 0.0485579 0.0456358 0.0414484 0.0357731 0.0288761 0.0215028
 0.00638714 0.010026 0.0144635 0.0195195 0.0250655 0.0310083 0.0371854 0.043297 0.0489436 0.0537228 0.0573095 0.0595095 0.060293 0.0597987 0.0582974 0.0561289 0.0536307 0.0510578 0.0484932 0.04578 0.0425413 0.0383396 0.0329389 0.0265273 0.0197353
 0.00673297 0.0105632 0.0152267 0.0205283 0.0263265 0.0325176 0.0389255 0.0452292 0.0510025 0.0558164 0.0593253 0.0613247 0.0617874 0.0608664 0.0588516 0.0560988 0.0529573 0.0497019 0.0464616 0.0431618 0.039529 0.0352116 0.0300002 0.0240313 0.0178224
 0.00700086 0.0109891 0.0158507 0.0213835 0.0274364 0.0338908 0.0405468 0.0470533 0.0529551 0.0578018 0.0612367 0.0630522 0.063225 0.0619178 0.0594337 0.0561431 0.0524097 0.0485273 0.0446603 0.0407974 0.0367541 0.0322671 0.0271731 0.0215815 0.0159127
 0.00728363 0.0114285 0.0164754 0.022211 0.0284754 0.0351434 0.0420053 0.0486915 0.0547202 0.059613 0.0629914 0.0646389 0.064538 0.0628675 0.0599502 0.0561724 0.0519095 0.0474689 0.0430414 0.0386663 0.0342348 0.0295651 0.0245454 0.0192732 0.0140898
 0.00757003 0.0118797 0.0171282 0.0230913 0.029596 0.0365001 0.0435702 0.0504085 0.0565085 0.0613766 0.0646305 0.0660579 0.0656512 0.0636049 0.06026 0.0560205 0.0512754 0.0463435 0.041434 0.0366234 0.0318627 0.0270393 0.0220899 0.0171082 0.0123695
 0.00785845 0.012324 0.0177525 0.0239054 0.0305993 0.0376857 0.0449234 0.0518991 0.0580827 0.0629553 0.066116 0.067348 0.0666551 0.0642533 0.0605088 0.0558459 0.0506678 0.045304 0.0399793 0.0347993 0.0297622 0.0248116 0.019925 0.0151949 0.0108428
 0.00824418 0.0129082 0.0185523 0.0249103 0.0317777 0.0389962 0.0463207 0.0533341 0.0595003 0.0642947 0.0673131 0.068338 0.0673763 0.0646536 0.060551 0.055511 0.0499533 0.0442212 0.0385537 0.0330795 0.0278328 0.0228005 0.0179914 0.0134958 0.00949016
 0.00852041 0.0133484 0.0191978 0.0257912 0.0329055 0.0403527 0.047848 0.0549346 0.0610539 0.0656852 0.0684506 0.0691679 0.0678741 0.0648142 0.0603792 0.0550153 0.0491452 0.0431168 0.0371798 0.0314818 0.0260866 0.0210141 0.0162964 0.0120193 0.00832092
 0.00878788 0.0137657 0.0197944 0.0265869 0.0339114 0.0415709 0.0492636 0.0565025 0.0626879 0.0672596 0.0698191 0.0701948 0.0684671 0.0649417 0.0600651 0.0543177 0.0481313 0.0418485 0.0357116 0.0298704 0.0244026 0.0193493 0.0147562 0.0107022 0.00729143
 0.00905081 0.0141701 0.0203608 0.0273212 0.0348076 0.042615 0.050434 0.0577659 0.0639957 0.0685455 0.0709984 0.0711698 0.0691391 0.0652315 0.0599333 0.053774 0.047228 0.0406619 0.0343252 0.0283659 0.0228622 0.0178595 0.0134051 0.00956554 0.00641417
 0.00919653 0.0144048 0.0207101 0.0278078 0.0354476 0.0434117 0.0513711 0.0588047 0.065079 0.0696068 0.0719709 0.07199 0.0697479 0.0655753 0.0599695 0.0534803 0.0466111 0.0397608 0.0332054 0.0271097 0.0215591 0.0165993 0.0122702 0.00861954 0.00569081
 0.00928128 0.0145347 0.0208923 0.0280469 0.0357493 0.0437863 0.0518331 0.0593658 0.0657375 0.0703389 0.0727288 0.0727101 0.070363 0.0660259 0.0602089 0.0534769 0.0463508 0.0392512 0.0324793 0.0262249 0.020592 0.0156343 0.0113866 0.0078781 0.00512322
 0.00936479 0.0146571 0.0210517 0.028234 0.0359512 0.0439932 0.0520438 0.0595897 0.0659914 0.0706407 0.0730884 0.0731201 0.0707945 0.0664312 0.0605311 0.0536622 0.046359 0.0390626 0.032099 0.0256842 0.0199455 0.0149515 0.0107385 0.00732221 0.0046924
 0.00943912 0.0147641 0.0211869 0.0283839 0.0360968 0.0441158 0.052131 0.059639 0.0660125 0.0706547 0.0731243 0.073207 0.0709503 0.0666528 0.0607905 0.0539114 0.0465419 0.03913 0.0320219 0.025461 0.0196033 0.0145395 0.0103151 0.00694036 0.00438672
 0.00960081 0.0149992 0.021489 0.0287282 0.0364459 0.0444297 0.0523762 0.0597931 0.0660659 0.0706122 0.0730059 0.0730458 0.0707863 0.0665221 0.0607146 0.053889 0.0465487 0.0391267 0.0319681 0.0253305 0.0193931 0.0142708 0.0100253 0.00666913 0.00416375
 0.00964221 0.0150756 0.0216196 0.0289338 0.0367403 0.0448083 0.0528074 0.0602206 0.0664235 0.0708446 0.0730854 0.072977 0.0706012 0.0662685 0.0604428 0.0536391 0.0463408 0.0389585 0.0318198 0.0251767 0.0192165 0.0140702 0.00981521 0.00647223 0.00400008
 0.00967881 0.0151247 0.0216757 0.0289889 0.0367906 0.0448621 0.052887 0.0603533 0.0666241 0.0710995 0.0733507 0.0731946 0.0707232 0.0662762 0.0603501 0.0534816 0.0461591 0.0387823 0.0316613 0.0250324 0.0190764 0.0139276 0.00967251 0.00633921 0.0038882
 0.00964781 0.015083 0.0216286 0.0289451 0.0367588 0.0448456 0.0528829 0.0603572 0.0666381 0.0711368 0.0734291 0.0733228 0.0708885 0.0664456 0.0604852 0.0535567 0.0461703 0.0387439 0.0315938 0.0249519 0.0189907 0.0138394 0.00958435 0.00625638 0.00381726
 0.00951571 0.0148891 0.021376 0.0286519 0.0364543 0.0445642 0.0526566 0.0602105 0.0665841 0.0711753 0.0735498 0.0735103 0.0711269 0.0667177 0.0607689 0.0538251 0.0463975 0.0389136 0.0317032 0.0250091 0.0190083 0.0138297 0.00955773 0.00622189 0.00378264
 0.00933821 0.0146164 0.0209961 0.0281659 0.0358786 0.0439314 0.0520164 0.0596272 0.066127 0.0709033 0.0734962 0.0736758 0.0714819 0.0672123 0.0613446 0.0544245 0.0469705 0.0394215 0.0321218 0.0253297 0.0192355 0.0139774 0.0096439 0.00626497 0.00379902
 0.00915486 0.0143374 0.0206115 0.0276785 0.0353018 0.0432862 0.0513319 0.058944 0.0654996 0.0703965 0.0731748 0.073589 0.0716492 0.0676161 0.0619336 0.0551265 0.0477088 0.0401282 0.0327466 0.025843 0.0196279 0.0142558 0.0098262 0.00637411 0.00385795
 0.00910165 0.0142456 0.0204632 0.0274539 0.0349829 0.0428639 0.0508131 0.0583548 0.0648833 0.0698083 0.0726748 0.0732359 0.0714916 0.0676822 0.0622218 0.0556028 0.0483124 0.0407854 0.0333865 0.0264102 0.0200896 0.0146018 0.0100648 0.00652491 0.00394481
 0.00911288 0.014261 0.0204803 0.027466 0.0349782 0.0428246 0.0507167 0.0581797 0.0646169 0.0694554 0.0722627 0.0728113 0.0711126 0.0674059 0.0620928 0.0556424 0.0485129 0.0411113 0.0337834 0.026819 0.0204603 0.014903 0.0102858 0.00667175 0.00403302
 0.00900497 0.0141018 0.020271 0.027218 0.0347096 0.042554 0.0504584 0.057941 0.064399 0.0692556 0.0720784 0.0726454 0.0709773 0.0673235 0.0620907 0.0557441 0.0487284 0.0414305 0.0341752 0.0272382 0.0208594 0.0152442 0.0105487 0.00685468 0.00414793
 0.00897035 0.0140448 0.020184 0.0270945 0.0345464 0.0423543 0.0502341 0.0577116 0.0641861 0.0690757 0.0719381 0.0725421 0.0709045 0.0672781 0.062078 0.0557776 0.0488245 0.0415988 0.0344111 0.0275202 0.0211544 0.0155175 0.0107744 0.00702119 0.00425784
