SBPRF35
7.78865
Curr Bio
688417
B35
724158
F35
0.228932
FOFL
0.215939
OFL
110917
Bzero
2.22533e+006
#pred survey bio
 4.42113e+006 4.14329e+006 3.89307e+006 3.61944e+006 3.32745e+006 3.02465e+006 2.73507e+006 2.43767e+006 2.16331e+006 1.92351e+006 1.72549e+006 1.50694e+006 1.33451e+006 1.1763e+006 1.057e+006 938596 837247 753572 693859 646204 618081 596783 577999 566437 561223 555890 561385 565519 570449 556836 558016 555214 540934 543352 538692 525821 534260 532905 533461 547469 549878 562338 569377 579072 587542 596826 605302 624366 641715 662694 684366 2.38279e+007 1.46263e+007 1.49948e+007 1.54067e+007 1.58145e+007 1.61785e+007 1.64829e+007 1.67267e+007 1.69168e+007 1.70622e+007 1.71723e+007 1.72553e+007 1.73177e+007 1.73646e+007 1.74e+007 1.74268e+007 1.7447e+007 1.74625e+007 1.74742e+007 1.74832e+007 1.74901e+007 1.74954e+007 1.74995e+007 1.75027e+007 1.75051e+007 1.75069e+007 1.75084e+007 1.75095e+007 1.75103e+007 1.7511e+007 1.75115e+007 1.75119e+007 1.75122e+007 1.75124e+007 1.75126e+007 1.75128e+007 1.75129e+007 1.7513e+007 1.7513e+007 1.75131e+007 1.75131e+007 1.75131e+007 1.75132e+007 1.75132e+007 1.75132e+007 1.75132e+007 1.75132e+007 1.75132e+007 1.75132e+007 1.75132e+007 1.75132e+007 1.75132e+007 1.75132e+007 1.75132e+007 1.75132e+007 1.75132e+007 1.75132e+007 1.75132e+007 1.75132e+007 1.75132e+007 1.75132e+007 1.75132e+007 1.75132e+007 1.75132e+007 1.75132e+007 1.75132e+007 1.75132e+007 1.75132e+007 1.75132e+007 1.75132e+007 1.75132e+007 1.75132e+007 1.75132e+007 1.75132e+007 1.75132e+007 1.75132e+007 1.75132e+007 1.75132e+007 1.75132e+007 1.75132e+007 1.75132e+007 1.75132e+007 1.75132e+007 1.75132e+007 1.75132e+007 1.75132e+007 1.75132e+007 1.75132e+007 1.75132e+007 1.75132e+007 1.75132e+007 1.75132e+007 1.75132e+007 1.75132e+007 1.75132e+007 1.75132e+007 1.75132e+007 1.75132e+007 1.75132e+007 1.75132e+007 0 0 0 0 0 0 0 0 0 0 0 0 0 0 0 0 0 0 0 0 0 0 0 0 0
#obs survey bio
 4.01418e+006 4.25685e+006 3.47236e+006 2.56424e+006 2.18978e+006 2.41352e+006 2.00341e+006 2.24356e+006 1.79192e+006 1.99609e+006 1.89454e+006 1.32137e+006 1.38437e+006 1.29155e+006 1.00066e+006 1.02697e+006 555974 555952 642576 449285 572226 519280 473653 490290 355422 517109 513130 537566 712499 475488 566835 443556 478484 607662 468097 470670 627395 657112 667824 900253 474820 579812 545879 657288 594459 516652 502392 808638 719198 513682 649556
#pred catch bio
 101430 96517.2 145075 192537 235191 255790 293766 300549 292552 273040 303851 270889 262533 230659 230439 213937 195897 172043 158029 137934 129390 125160 117630 111354 110698 100758 100820 98295.5 111162 96129.7 97632 104849 88505.2 92482.8 96685.9 78273.6 90427.8 93083.5 84013.1 94355.4 86134 91307.3 89606.6 91381.3 91580.2 93634.8 87177.2 92319.8 94234.5 100421 127011 110917 118875 120942 123260 125640 127738 129415 130674 131578 132208 132634 132919 133105 133226 133303 133352 133384 133403 133416 133423 133428 133431 133433 133434 133435 133435 133436 133436 133436 133436 133436 133436 133436 133436 133436 133436 133436 133436 133436 133436 133436 133436 133436 133436 133436 133436 133436 133436 133436 133436 133436 133436 133436 133436 133436 133436 133436 133436 133436 133436 133436 133436 133436 133436 133436 133436 133436 133436 133436 133436 133436 133436 133436 133436 133436 133436 133436 133436 133436 133436 133436 133436 133436 133436 133436 133436 133436 133436 133436 133436 133436 133436 133436 133436 133436 133436 133436 133436 133436 133436 0 0 0 0 0 0 0 0 0 0 0 0 0 0 0 0 0 0 0 0 0 0 0 0 0
#obs catch bio
 0 96244.8 145611 193665 237672 258492 298736 306142 298054 278418 310347 276356 267168 232789 233904 216080 198514 174367 160685 140040 130935 126435 119484 112818 112737 102043 102124 99066.8 111787 96478.6 98144 105603 88768.2 92794 97426.7 78444.5 90556.4 93160.8 83544.5 93417.9 85510.9 90654.5 88977.6 90730.4 90877.3 93098.3 86483.9 91650.8 93535 99881.6 127239
#pred cpue bio
 4.3438e+006 4.06842e+006 3.81971e+006 3.54658e+006 3.25589e+006 2.95464e+006 2.66656e+006 2.37114e+006 2.09889e+006 1.86115e+006 1.66521e+006 1.4499e+006 1.28032e+006 1.12517e+006 1.00807e+006 892160 793316 711933 654151 608380 581589 561333 543260 532114 527174 522165 527813 532362 537821 525236 526739 524466 511056 513788 509844 497872 505604 502709 502098 515805 518597 530757 537579 546922 555067 563943 571856 589786 605861 625011 644416 2.24013e+007 1.3759e+007 1.41095e+007 1.44981e+007 1.48966e+007 1.52584e+007 1.55624e+007 1.58062e+007 1.59962e+007 1.61416e+007 1.62517e+007 1.63347e+007 1.63971e+007 1.6444e+007 1.64794e+007 1.65062e+007 1.65264e+007 1.65419e+007 1.65536e+007 1.65627e+007 1.65696e+007 1.65749e+007 1.65789e+007 1.65821e+007 1.65845e+007 1.65863e+007 1.65878e+007 1.65889e+007 1.65897e+007 1.65904e+007 1.65909e+007 1.65913e+007 1.65916e+007 1.65918e+007 1.6592e+007 1.65922e+007 1.65923e+007 1.65924e+007 1.65924e+007 1.65925e+007 1.65925e+007 1.65925e+007 1.65926e+007 1.65926e+007 1.65926e+007 1.65926e+007 1.65926e+007 1.65926e+007 1.65926e+007 1.65926e+007 1.65926e+007 1.65926e+007 1.65926e+007 1.65926e+007 1.65926e+007 1.65926e+007 1.65926e+007 1.65926e+007 1.65926e+007 1.65927e+007 1.65927e+007 1.65927e+007 1.65927e+007 1.65927e+007 1.65927e+007 1.65927e+007 1.65927e+007 1.65927e+007 1.65927e+007 1.65927e+007 1.65927e+007 1.65927e+007 1.65927e+007 1.65927e+007 1.65927e+007 1.65927e+007 1.65927e+007 1.65927e+007 1.65927e+007 1.65927e+007 1.65927e+007 1.65927e+007 1.65927e+007 1.65927e+007 1.65927e+007 1.65927e+007 1.65927e+007 1.65927e+007 1.65927e+007 1.65927e+007 1.65927e+007 1.65927e+007 1.65927e+007 1.65927e+007 1.65927e+007 1.65927e+007 1.65927e+007 1.65927e+007 1.65927e+007 1.65927e+007 0 0 0 0 0 0 0 0 0 0 0 0 0 0 0 0 0 0 0 0 0 0 0 0 0
#obs cpue bio
 4.06698e+006 2.99056e+006 2.1704e+006 3.38716e+006 2.6638e+006 3.51006e+006 2.33835e+006 2.05769e+006 2.22675e+006 1.1549e+006 1.83786e+006 1.15414e+006 1.36497e+006 1.25944e+006 737506 900389 846353 727641 483618 658405 615565 611592 366545 547478 499895 541282 498422 614435 604377 501456 454501 637015 536252 483882 468750 513047 628075 436224 573993 602736 474604 642299 589400 562102 633575 655279 841679 519395 573057 640766 491981
#pred surv len freq
 0.00469975 0.00756281 0.0112636 0.0157654 0.0209836 0.0267293 0.0326594 0.0383311 0.0433486 0.0474852 0.0507003 0.0530814 0.0547771 0.055945 0.0567076 0.0571221 0.0571766 0.0568004 0.055862 0.0541426 0.0513201 0.0470404 0.0411124 0.0337445 0.0256386
 0.00509123 0.00811218 0.0119343 0.0164822 0.0216708 0.0273609 0.0332844 0.0390447 0.0442176 0.0484742 0.0516506 0.0537621 0.0549818 0.0555805 0.0558341 0.0559302 0.0559162 0.0556912 0.0550203 0.0535552 0.0508777 0.0466126 0.0406212 0.0331956 0.025098
 0.00523523 0.00838908 0.0124243 0.0172707 0.0228108 0.0288247 0.0349403 0.0406886 0.0456559 0.0496031 0.0524711 0.0543186 0.0552792 0.0555525 0.0553878 0.0550286 0.0546326 0.0541951 0.0535073 0.0521675 0.0496652 0.0455529 0.039674 0.0323491 0.0243757
 0.00542445 0.00867938 0.0128343 0.0178202 0.0235333 0.0297759 0.0361847 0.0422594 0.0475032 0.0515688 0.0543207 0.0558197 0.0562756 0.0559843 0.0552575 0.0543621 0.0534742 0.0526315 0.0516799 0.0502467 0.0478041 0.0438544 0.0381929 0.0311128 0.0233998
 0.00564275 0.00902907 0.0133503 0.0185305 0.0244533 0.0309033 0.0374976 0.0437233 0.0490823 0.0532276 0.0560047 0.0574277 0.0576522 0.0569505 0.0556634 0.0541269 0.052596 0.0511781 0.0497764 0.0480626 0.045531 0.0416744 0.0362512 0.0295031 0.0221618
 0.00589575 0.00943095 0.0139384 0.0193357 0.0254974 0.032193 0.0390152 0.0454188 0.0508754 0.0550217 0.0577045 0.0589504 0.0589224 0.0578855 0.0561634 0.054086 0.0519338 0.0498746 0.0478929 0.0457425 0.0429795 0.0391235 0.0339164 0.0275441 0.020658
 0.00611785 0.00979221 0.0144831 0.0201064 0.0265289 0.0335019 0.0405867 0.0471998 0.0527784 0.0569372 0.0595166 0.06055 0.0602173 0.0588024 0.0566413 0.0540656 0.051356 0.0486971 0.0461229 0.0434665 0.0403721 0.036424 0.0313788 0.025377 0.0189799
 0.00638526 0.010218 0.0151083 0.0209666 0.027652 0.0349022 0.0422548 0.049092 0.054813 0.0589997 0.0614736 0.0622667 0.0615756 0.0597135 0.0570475 0.0539319 0.0506587 0.0474219 0.0442804 0.041122 0.0376708 0.0335895 0.0286729 0.0230349 0.0171486
 0.00665709 0.0106525 0.0157492 0.0218513 0.0288072 0.0363362 0.0439473 0.0509876 0.0568243 0.0610183 0.0633813 0.0639454 0.0629153 0.0606204 0.0574516 0.053789 0.049947 0.046139 0.042449 0.0388083 0.0350074 0.0307817 0.0259711 0.0206748 0.0152877
 0.0068583 0.0109842 0.0162574 0.0225837 0.0298058 0.0376245 0.0455157 0.0527847 0.05876 0.0629768 0.0652381 0.0655808 0.0642248 0.06152 0.0578787 0.0537008 0.049319 0.0449659 0.0407524 0.0366522 0.0325156 0.0281435 0.0234186 0.0184313 0.0135074
 0.00701632 0.0112384 0.0166364 0.0231165 0.030521 0.0385475 0.046661 0.0541451 0.0602981 0.0646214 0.0668883 0.067119 0.065533 0.0624962 0.0584449 0.0538041 0.0489278 0.0440692 0.0393653 0.0348293 0.0303669 0.0258386 0.0211667 0.016436 0.0119128
 0.00724147 0.0116066 0.0171946 0.0239094 0.0315826 0.0398872 0.0482492 0.0559088 0.0621311 0.0664037 0.068505 0.0684703 0.0665392 0.0630986 0.0586068 0.0535086 0.0481745 0.0428716 0.0377544 0.0328651 0.0281533 0.0235292 0.0189491 0.0144915 0.0103681
 0.00746242 0.0119499 0.0176833 0.0245586 0.0324026 0.0408856 0.0494271 0.0572506 0.0635927 0.067908 0.0699482 0.0697389 0.0675304 0.063736 0.0588452 0.0533296 0.0475789 0.0418749 0.0363885 0.0311874 0.0262576 0.0215501 0.0170479 0.0128235 0.00904182
 0.00780734 0.0124826 0.0184326 0.0255319 0.0335856 0.042243 0.0509018 0.0587661 0.0650626 0.0692498 0.0710923 0.0706296 0.0681224 0.0639929 0.058743 0.0528608 0.0467533 0.0407174 0.0349391 0.0295054 0.0244297 0.0196935 0.0152988 0.0113096 0.00784918
 0.00795306 0.012736 0.0188438 0.0261559 0.0344674 0.0433952 0.0522855 0.0602868 0.0665896 0.0706484 0.0722532 0.0714834 0.0686383 0.0641681 0.0585893 0.0523951 0.0459943 0.0396881 0.0336725 0.0280526 0.0228658 0.0181178 0.0138247 0.010041 0.00685424
 0.00816786 0.0130738 0.0193325 0.0268188 0.0353247 0.0444628 0.0535656 0.0617517 0.0681658 0.0722128 0.0736493 0.0725562 0.0692741 0.0643201 0.0582777 0.0516853 0.0449685 0.0384248 0.0322408 0.0265177 0.0212996 0.016604 0.0124523 0.00888762 0.00596558
 0.00837931 0.0134093 0.019822 0.0274842 0.036176 0.0454928 0.0547441 0.0630253 0.0694642 0.0734587 0.0747629 0.0734547 0.0698748 0.0645531 0.0581047 0.0511138 0.0440503 0.0372411 0.0308827 0.0250743 0.0198551 0.0152391 0.0112414 0.00788866 0.00520754
 0.00850896 0.0136246 0.0201545 0.0279663 0.0368346 0.0463384 0.0557594 0.0641597 0.0706393 0.0745824 0.0757462 0.074224 0.070377 0.0647547 0.0579894 0.0506826 0.0433259 0.0362703 0.0297343 0.0238311 0.0186038 0.0140618 0.0102076 0.00704656 0.00457648
 0.00859131 0.0137489 0.0203251 0.0281844 0.037103 0.0466666 0.0561646 0.0646598 0.0712406 0.0752673 0.0764687 0.0749168 0.0709659 0.0651744 0.0581928 0.0506445 0.0430423 0.0357589 0.0290345 0.0230019 0.0177182 0.0131965 0.00943091 0.00640688 0.00409519
 0.008698 0.01391 0.0205442 0.028456 0.0374137 0.0469981 0.0564977 0.0649792 0.0715399 0.0755515 0.0767502 0.0752037 0.0712506 0.0654283 0.0583728 0.0507053 0.0429499 0.0354991 0.0286169 0.0224595 0.0171028 0.0125699 0.00885275 0.0059226 0.00372746
 0.00879751 0.0140507 0.0207168 0.0286385 0.0375773 0.0471174 0.0565593 0.0649848 0.0715051 0.0755019 0.0767166 0.0752169 0.0713322 0.0655818 0.0585777 0.0509194 0.0431196 0.0355752 0.0285691 0.0222845 0.0168246 0.0122322 0.00850667 0.00561259 0.00348153
 0.00894164 0.014265 0.0210013 0.0289774 0.0379403 0.0474642 0.0568449 0.0651677 0.0715578 0.0754217 0.0765296 0.0749716 0.0710851 0.065381 0.0584502 0.0508657 0.0431155 0.035581 0.0285433 0.0221987 0.0166722 0.0120292 0.00828361 0.00540254 0.00330887
 0.00898406 0.0143455 0.0211426 0.0292053 0.0382735 0.0479007 0.0573509 0.0656785 0.0719927 0.0757081 0.0766249 0.0748734 0.0708293 0.0650288 0.05807 0.0505138 0.0428237 0.0353531 0.0283615 0.0220366 0.0165089 0.0118578 0.00811151 0.00524491 0.00317977
 0.00905199 0.0144372 0.0212475 0.0293055 0.0383537 0.0479605 0.0574108 0.0657715 0.0721443 0.0759159 0.0768525 0.0750643 0.0709318 0.0650182 0.057956 0.0503323 0.0426187 0.0351595 0.0281961 0.0218983 0.0163872 0.0117433 0.00800181 0.00514477 0.00309634
 0.00900212 0.0143717 0.0211768 0.029246 0.0383203 0.0479567 0.0574245 0.0657828 0.0721409 0.0759061 0.0768623 0.0751199 0.0710391 0.0651564 0.0580886 0.0504274 0.0426633 0.0351602 0.0281688 0.0218575 0.0163408 0.0116933 0.00794965 0.00509362 0.00305095
 0.0089412 0.0142781 0.0210469 0.0290829 0.0381355 0.0477711 0.0572667 0.065681 0.0721129 0.0759507 0.0769618 0.075251 0.0711855 0.0653106 0.0582456 0.0505777 0.0427926 0.0352562 0.0282275 0.0218833 0.0163422 0.0116791 0.0079267 0.00506734 0.00302585
 0.0087801 0.0140285 0.0206946 0.0286241 0.0375787 0.0471397 0.0566022 0.0650445 0.0715781 0.0755896 0.0768258 0.075357 0.0715116 0.0658045 0.0588402 0.0512063 0.0433993 0.0357995 0.0286816 0.0222381 0.0166009 0.0118544 0.00803594 0.0051288 0.00305606
 0.00861848 0.0137791 0.0203443 0.0281697 0.0370276 0.04651 0.0559246 0.0643641 0.0709525 0.075082 0.0764959 0.0752497 0.0716468 0.0661704 0.0593934 0.0518802 0.0441186 0.0364955 0.029302 0.0227516 0.0169966 0.0121381 0.00822435 0.00524402 0.00312032
 0.00854345 0.0136471 0.0201276 0.0278376 0.0365554 0.0458916 0.0551847 0.0635598 0.0701634 0.0743928 0.0759801 0.0749603 0.0716123 0.0663931 0.059848 0.0525162 0.0448664 0.0372774 0.0300461 0.0234029 0.0175236 0.0125327 0.00849743 0.00541813 0.00322209
 0.00861308 0.0137582 0.0202891 0.0280517 0.036811 0.0461582 0.0554102 0.0636796 0.0701206 0.0741615 0.0755787 0.0744482 0.0710717 0.0659077 0.0594849 0.0523145 0.0448328 0.0373883 0.0302563 0.0236587 0.0177764 0.0127487 0.00866103 0.00552901 0.00328961
 0.00850404 0.0135924 0.0200616 0.0277672 0.0364841 0.0458123 0.0550743 0.0633826 0.0698827 0.0739872 0.0754579 0.0743658 0.0710217 0.0658993 0.0595396 0.0524545 0.0450687 0.0377116 0.0306392 0.0240606 0.0181549 0.0130704 0.00890833 0.00570101 0.00339775
 0.00844293 0.0134937 0.0199146 0.0275632 0.0362199 0.0454936 0.0547201 0.0630251 0.0695615 0.0737385 0.075304 0.0743097 0.0710492 0.0659886 0.059673 0.0526251 0.0452795 0.0379665 0.0309337 0.0243774 0.018467 0.0133493 0.00913362 0.00586503 0.00350518
 0.00847595 0.0135459 0.0199897 0.0276622 0.0363385 0.0456205 0.0548359 0.0631054 0.0695836 0.0736903 0.0751886 0.0741439 0.0708565 0.0657918 0.05949 0.0524697 0.0451638 0.0379016 0.0309266 0.0244259 0.0185579 0.0134614 0.00924429 0.00595769 0.00357242
 0.00827928 0.01325 0.0195892 0.0271688 0.0357788 0.0450313 0.0542603 0.0625896 0.0691725 0.0734201 0.07508 0.0741996 0.0710625 0.0661212 0.0599077 0.0529378 0.045647 0.0383723 0.0313661 0.024823 0.0189049 0.0137519 0.00947392 0.00612631 0.00368589
 0.00824946 0.0131863 0.0194659 0.0269552 0.0354493 0.0445806 0.0537153 0.0620087 0.0686303 0.0729851 0.0747981 0.0740885 0.0711162 0.0663178 0.0602162 0.0533234 0.0460746 0.0388096 0.0317866 0.0252069 0.0192391 0.0140289 0.00969066 0.00628471 0.00379269
 0.00898684 0.0142315 0.0207536 0.0283245 0.0366851 0.0454827 0.0541577 0.0619619 0.0681483 0.0721772 0.0737992 0.0730331 0.0701163 0.0654496 0.0595177 0.052801 0.0457141 0.0385859 0.0316702 0.0251687 0.0192523 0.0140708 0.00974323 0.00633503 0.00383332
 0.00944822 0.0149661 0.0218222 0.0297513 0.0384275 0.0473991 0.0559967 0.0634033 0.0689009 0.0720898 0.0729196 0.0715789 0.0683834 0.0637126 0.0579687 0.0515364 0.044753 0.0378998 0.0312094 0.0248795 0.0190861 0.0139872 0.00971053 0.00632986 0.0038399
 0.00920206 0.014693 0.0216467 0.0298692 0.0390549 0.0486867 0.0579469 0.0658327 0.0714647 0.0743611 0.0744999 0.0722085 0.068013 0.0625049 0.0562268 0.0495957 0.0428889 0.0362838 0.0299126 0.0239018 0.0183886 0.0135159 0.00941017 0.0061507 0.00374081
 0.00886261 0.0141691 0.0209189 0.0289618 0.038058 0.0477737 0.0573679 0.0658588 0.0722847 0.0759728 0.0766632 0.0745025 0.069976 0.0637888 0.0566948 0.0493295 0.0421176 0.03528 0.0289056 0.0230354 0.0177214 0.0130462 0.00910494 0.00596706 0.00363876
 0.00876688 0.0139751 0.0205572 0.0283471 0.0371156 0.0464824 0.0558045 0.0642191 0.0708623 0.075092 0.0765794 0.0753027 0.0715242 0.0657549 0.0586661 0.0509537 0.0432077 0.0358353 0.029056 0.0229548 0.0175577 0.0128896 0.00899177 0.0058994 0.00360443
 0.00882598 0.0140687 0.0206892 0.0285086 0.0372733 0.0465693 0.0557235 0.0638713 0.0701994 0.0741681 0.0755694 0.074461 0.0710928 0.0658621 0.0592684 0.0518544 0.0441446 0.0365884 0.0295192 0.0231412 0.0175541 0.0127969 0.00888452 0.00581474 0.00355068
 0.00878334 0.0140017 0.0205932 0.0283821 0.0371191 0.0463937 0.055532 0.0636606 0.0699496 0.0738468 0.0751543 0.0739741 0.0706226 0.065546 0.0592356 0.0521576 0.0447251 0.0372999 0.030195 0.0236634 0.0178844 0.0129639 0.00894626 0.00582526 0.00354448
 0.00878791 0.0140081 0.0206007 0.0283889 0.0371222 0.0463891 0.0555153 0.0636271 0.0698937 0.0737597 0.0750222 0.0737824 0.0703681 0.0652547 0.0589694 0.0519978 0.0447337 0.0374836 0.0304984 0.0239967 0.0181677 0.0131571 0.00905152 0.00586875 0.00355542
 0.00876631 0.0139738 0.0205508 0.0283214 0.0370366 0.0462871 0.0554015 0.0635092 0.0697808 0.0736599 0.0749398 0.0737154 0.0703088 0.0651949 0.0589099 0.0519556 0.0447396 0.0375662 0.0306634 0.0242186 0.0184002 0.0133561 0.00919327 0.00595327 0.00359748
 0.00878528 0.0139982 0.0205757 0.028338 0.0370345 0.0462581 0.0553426 0.0634239 0.0696776 0.0735502 0.0748347 0.0736235 0.0702344 0.0651377 0.0588672 0.0519269 0.0447311 0.0375898 0.0307298 0.0243272 0.0185352 0.0134921 0.00930724 0.00603367 0.00364548
 0.00886875 0.0141172 0.0207235 0.0284968 0.0371795 0.0463644 0.0553914 0.0634061 0.0695949 0.073414 0.074664 0.0734411 0.0700614 0.0649891 0.0587502 0.0518428 0.0446783 0.0375681 0.0307402 0.0243691 0.0186022 0.0135714 0.00938342 0.00609491 0.00368717
 0.00901578 0.0143375 0.0210193 0.0288561 0.0375763 0.0467624 0.0557477 0.0636763 0.0697415 0.0734163 0.0745246 0.073185 0.0697284 0.064623 0.0583894 0.0515151 0.0444006 0.0373477 0.0305785 0.0242632 0.018545 0.0135517 0.00938739 0.00610916 0.00370212
 0.00909189 0.0144528 0.0211768 0.0290521 0.0378004 0.0469982 0.0559735 0.0638668 0.0698712 0.0734654 0.0744844 0.0730605 0.0695371 0.0643908 0.0581451 0.0512845 0.044202 0.0371914 0.030467 0.0241936 0.018511 0.0135442 0.00939632 0.00612506 0.00371793
 0.00936883 0.0148555 0.0216947 0.0296447 0.0384086 0.0475625 0.0564483 0.0642235 0.0700939 0.0735451 0.0744179 0.0728527 0.0692039 0.0639605 0.0576553 0.0507771 0.0437163 0.0367582 0.0301057 0.0239117 0.0183058 0.013406 0.00931113 0.00607763 0.00369447
 0.00954699 0.0151441 0.0221247 0.0302374 0.0391636 0.0484434 0.057374 0.0650779 0.0707566 0.0739296 0.0744945 0.0726459 0.0687713 0.0633697 0.0569705 0.0500547 0.0430054 0.0361 0.0295312 0.0234395 0.0179414 0.013143 0.00913453 0.005968 0.00363195
 0.00916791 0.0146353 0.0215582 0.0297487 0.0389162 0.0485698 0.0579235 0.0659963 0.0719036 0.075119 0.0755415 0.0734082 0.0691764 0.0634201 0.0567267 0.049607 0.0424471 0.0355109 0.0289718 0.0229505 0.0175448 0.0128442 0.00892602 0.00583378 0.00355264
#obs surv len freq
 nan nan nan nan nan nan nan nan nan nan nan nan nan nan nan nan nan nan nan nan nan nan nan nan nan
 0.00449005 0.0073535 0.0111849 0.0160013 0.0217004 0.0279728 0.0342833 0.0400113 0.0446887 0.0481514 0.0505092 0.0520055 0.0528985 0.0534116 0.0537265 0.0539819 0.0542608 0.0545538 0.0546927 0.0542847 0.0527228 0.0493551 0.043805 0.0362852 0.0276691
 0.00461329 0.00755886 0.0115028 0.0164617 0.0223251 0.0287636 0.0352104 0.0410115 0.0456749 0.049032 0.0512055 0.0524634 0.0530924 0.0533433 0.0534199 0.053475 0.0535974 0.0537765 0.0538406 0.0533946 0.0518336 0.0485099 0.0430489 0.0356563 0.0271884
 0.0047764 0.00782413 0.0119025 0.0170269 0.0230803 0.0297183 0.0363484 0.042284 0.047003 0.0503161 0.0523398 0.0533504 0.0536565 0.0535405 0.0532415 0.052945 0.0527635 0.0527002 0.0525893 0.0520393 0.0504498 0.0471782 0.0418493 0.0346549 0.0264216
 0.00496182 0.00812847 0.0123659 0.0176882 0.0239696 0.0308449 0.0376888 0.0437783 0.0485632 0.0518422 0.0537322 0.0545163 0.0545116 0.054014 0.0532843 0.0525381 0.0519226 0.0514742 0.0510548 0.0502951 0.0486121 0.0453747 0.0402055 0.0332733 0.0253598
 0.00517759 0.00847956 0.012895 0.0184359 0.024967 0.0321023 0.0391832 0.0454478 0.0503146 0.0535666 0.0553221 0.0558744 0.0555542 0.0546701 0.053496 0.0522639 0.0511451 0.0502097 0.049361 0.0482741 0.0464074 0.0431579 0.0381525 0.0315302 0.0240118
 0.00541371 0.00886647 0.0134829 0.019273 0.0260903 0.0335222 0.0408687 0.0473221 0.0522668 0.0554737 0.0570686 0.057362 0.0567027 0.0554138 0.0537807 0.0520453 0.0503929 0.0489173 0.0475615 0.0460553 0.0439186 0.0405995 0.0357432 0.0294603 0.0223982
 0.00565053 0.00925578 0.0140769 0.0201236 0.027239 0.0349851 0.0426198 0.0492869 0.0543318 0.0575077 0.0589439 0.058968 0.0579507 0.0562366 0.0541271 0.0518755 0.0496761 0.0476384 0.0457373 0.0437569 0.0412878 0.0378457 0.0331103 0.027171 0.0205974
 0.00588832 0.00964518 0.0146685 0.0209667 0.0283734 0.0364265 0.044345 0.0512272 0.0563816 0.059543 0.0608409 0.0606149 0.0592536 0.0571207 0.0545355 0.0517657 0.0490167 0.0464121 0.0439536 0.041475 0.0386387 0.0350351 0.0303902 0.0247809 0.018701
 0.006139 0.0100548 0.0152888 0.0218471 0.0295516 0.0379134 0.0461096 0.0531918 0.0584327 0.0615543 0.0626925 0.0622046 0.0604987 0.0579559 0.0549097 0.0516388 0.0483574 0.0452014 0.042197 0.0392238 0.0360133 0.0322321 0.0276582 0.0223634 0.0167702
 0.00638258 0.0104557 0.0159012 0.0227242 0.0307347 0.039415 0.0478961 0.0551783 0.060496 0.0635575 0.0645091 0.0637317 0.0616599 0.0586981 0.0551971 0.0514449 0.0476615 0.0439896 0.0404741 0.037035 0.0334675 0.0295122 0.0249998 0.0200019 0.0148763
 0.0066258 0.0108528 0.0165021 0.0235768 0.0318757 0.0408559 0.0496078 0.0570847 0.0624831 0.0654937 0.0662668 0.0652021 0.0627606 0.0593745 0.0554181 0.0511958 0.0469356 0.0427861 0.0388052 0.0349452 0.0310563 0.0269453 0.0224928 0.0177725 0.0130846
 0.00683536 0.0111996 0.0170352 0.0243453 0.0329187 0.0421863 0.0511967 0.0588565 0.0643274 0.0672871 0.067893 0.0665635 0.0637813 0.0600006 0.0556163 0.0509498 0.0462419 0.0416508 0.0372484 0.0330144 0.0288445 0.0246017 0.0202093 0.0157433 0.0114529
 0.00706223 0.0115688 0.0175917 0.0251309 0.0339642 0.0434985 0.0527447 0.0605662 0.0660906 0.0689816 0.069403 0.0677932 0.0646618 0.0604892 0.0556927 0.05061 0.0454921 0.0405058 0.035735 0.0311826 0.026783 0.0224449 0.0181263 0.0139029 0.00997811
 0.00727735 0.0119237 0.0181348 0.0259091 0.035012 0.044821 0.0543017 0.0622694 0.067818 0.0706035 0.0708052 0.0688896 0.0653957 0.0608309 0.0556345 0.0501602 0.0446696 0.0393361 0.0342532 0.0294421 0.0248673 0.0204741 0.0162465 0.0122568 0.00866737
 0.00744109 0.0121935 0.0185478 0.0265028 0.0358175 0.0458518 0.0555412 0.0636641 0.0692821 0.0720324 0.0720924 0.0699408 0.0661391 0.0612221 0.0556558 0.0498157 0.0439782 0.0383271 0.032966 0.0279319 0.0232131 0.0187825 0.0146425 0.0108595 0.00755925
 0.00753781 0.0123543 0.0187969 0.0268659 0.036318 0.0465043 0.0563439 0.0645942 0.0702979 0.0730783 0.0731039 0.0708493 0.0668767 0.0617281 0.0558841 0.0497395 0.0435918 0.037644 0.032018 0.0267697 0.0219099 0.0174336 0.013356 0.00973608 0.00666777
 0.00758558 0.0124285 0.0189028 0.0270082 0.0365027 0.0467405 0.0566442 0.0649724 0.0707634 0.0736302 0.073727 0.0715108 0.0675282 0.0623098 0.0563323 0.049996 0.0436127 0.037407 0.0315268 0.026056 0.021033 0.0164766 0.0124138 0.00889729 0.00599419
 0.00767547 0.0125614 0.019078 0.0272166 0.0367291 0.0469691 0.0568634 0.0651778 0.0709598 0.0738312 0.0739508 0.0717731 0.0678321 0.0626394 0.056651 0.0502522 0.0437506 0.037379 0.0313054 0.0256429 0.0204622 0.0158102 0.0117305 0.00827346 0.0054853
 0.00774785 0.0126769 0.019247 0.0274448 0.0370143 0.0472966 0.0572039 0.065492 0.0712101 0.073996 0.0740334 0.0717994 0.0678386 0.0626576 0.0566946 0.050311 0.0437921 0.0373592 0.0311829 0.0253941 0.0200918 0.0153531 0.0112426 0.00781547 0.00510456
 0.00777502 0.0127193 0.0193078 0.0275265 0.0371188 0.0474253 0.0573562 0.0656632 0.0713887 0.0741649 0.0741737 0.0718981 0.0678949 0.0626839 0.0567099 0.0503294 0.0438136 0.0373655 0.0311445 0.0252829 0.0198952 0.0150826 0.0109319 0.00750834 0.0048398
 0.00782189 0.0127883 0.0193981 0.0276328 0.0372328 0.0475388 0.0574633 0.0657611 0.0714775 0.0742454 0.0742455 0.0719581 0.0679379 0.0627056 0.0567107 0.0503147 0.0437894 0.0373326 0.0310939 0.0251991 0.0197656 0.0149069 0.010726 0.00729927 0.00465487
 0.00784053 0.0128152 0.0194323 0.0276707 0.037269 0.0475669 0.0574783 0.0657606 0.0714636 0.0742255 0.0742309 0.07196 0.0679629 0.0627528 0.0567721 0.0503798 0.0438485 0.0373778 0.0311175 0.025193 0.0197227 0.0148262 0.010616 0.00717711 0.00454008
 0.00787325 0.012863 0.0194941 0.0277418 0.0373417 0.0476326 0.0575287 0.0657891 0.0714665 0.0742032 0.0741888 0.0719081 0.0679138 0.0627177 0.0567576 0.0503856 0.0438684 0.0374018 0.0311351 0.0251945 0.0197012 0.0147796 0.0105488 0.00709979 0.00446528
 0.00789714 0.0129014 0.0195507 0.0278187 0.0374383 0.0477432 0.0576419 0.0658892 0.0715372 0.0742332 0.0741751 0.0718567 0.0678371 0.0626307 0.0566746 0.0503171 0.043819 0.0373699 0.0311139 0.0251749 0.0196752 0.0147425 0.0105012 0.00704679 0.00441437
 0.0079055 0.0129111 0.0195582 0.0278192 0.0374274 0.0477202 0.0576113 0.0658596 0.0715174 0.0742277 0.0741823 0.0718708 0.0678512 0.0626413 0.056682 0.0503248 0.0438308 0.0373875 0.0311356 0.0251956 0.0196887 0.0147444 0.0104906 0.00702667 0.00439028
 0.00790202 0.0129044 0.0195464 0.0277992 0.0373959 0.0476745 0.0575503 0.065786 0.0714384 0.0741547 0.0741281 0.0718452 0.0678576 0.0626756 0.0567357 0.0503883 0.043897 0.0374522 0.0311959 0.0252487 0.0197312 0.0147734 0.0105052 0.00702909 0.00438474
 0.00791556 0.012919 0.0195544 0.0277897 0.0373572 0.0475993 0.0574404 0.065652 0.0712972 0.074024 0.0740234 0.0717777 0.0678337 0.0626964 0.0567962 0.0504786 0.0440043 0.0375642 0.0313026 0.025343 0.0198087 0.0148317 0.0105444 0.00705155 0.00439473
 0.00789629 0.0128936 0.0195269 0.0277659 0.0373418 0.0475916 0.0574317 0.0656287 0.0712472 0.0739448 0.0739241 0.0716765 0.067751 0.0626479 0.0567894 0.0505126 0.0440713 0.0376524 0.031399 0.0254363 0.0198903 0.0148966 0.0105911 0.00708148 0.00441138
 0.0078552 0.0128236 0.0194165 0.0276047 0.0371254 0.047328 0.0571449 0.0653549 0.0710238 0.0737968 0.0738584 0.0716845 0.0678182 0.0627615 0.0569405 0.0506942 0.0442751 0.0378669 0.0316109 0.025632 0.0200589 0.0150316 0.010691 0.00714927 0.0044532
 0.00787607 0.0128493 0.0194394 0.0276116 0.0371001 0.0472554 0.057017 0.0651746 0.0708073 0.0735712 0.0736558 0.0715333 0.0677349 0.0627483 0.0569889 0.0507908 0.0444064 0.0380202 0.0317738 0.0257921 0.0202044 0.0151536 0.010785 0.00721535 0.00449541
 0.00785551 0.0128205 0.0194041 0.0275734 0.0370613 0.0472142 0.0569656 0.0651013 0.0707018 0.0734322 0.0734944 0.071372 0.0676013 0.0626665 0.0569721 0.0508391 0.044509 0.0381607 0.0319344 0.0259559 0.0203572 0.0152848 0.0108884 0.00728994 0.00454431
 0.00781624 0.0127567 0.0193088 0.0274415 0.0368926 0.0470162 0.056755 0.0649013 0.0705345 0.0733103 0.0734187 0.0713352 0.0675961 0.0626911 0.0570311 0.050938 0.0446488 0.0383346 0.0321288 0.0261541 0.0205427 0.0154447 0.0110152 0.00738216 0.00460547
 0.00778961 0.012711 0.0192356 0.0273318 0.0367388 0.0468166 0.0565172 0.0646436 0.0702838 0.073096 0.0732654 0.0712562 0.0675917 0.0627515 0.0571419 0.0510865 0.044826 0.0385334 0.0323405 0.0263667 0.0207425 0.0156188 0.0111551 0.00748515 0.0046746
 0.00774141 0.0126327 0.0191181 0.0271668 0.0365213 0.0465472 0.0562055 0.06431 0.0699567 0.0728074 0.0730453 0.0711279 0.0675675 0.0628306 0.0573109 0.0513234 0.0451062 0.0388341 0.0326428 0.0266548 0.0210029 0.0158404 0.0113309 0.00761399 0.00476108
 0.00934664 0.0148773 0.0218218 0.0299366 0.0388655 0.0480574 0.0567009 0.0638646 0.0688158 0.0712647 0.0713525 0.0694612 0.0660343 0.0614883 0.0561833 0.0504114 0.0443945 0.0382985 0.0322553 0.0263876 0.0208296 0.0157368 0.0112753 0.00758836 0.00475176
 0.00934425 0.0151676 0.0227769 0.032016 0.0424147 0.053037 0.0625149 0.0694577 0.0730478 0.0733601 0.0711573 0.0673832 0.0627654 0.0577108 0.0524014 0.0469223 0.0413373 0.0357164 0.0301415 0.0247111 0.019547 0.014797 0.0106215 0.0071604 0.00449069
 0.0089779 0.0145973 0.0219874 0.0310665 0.0414902 0.0524799 0.0627814 0.0709541 0.0758853 0.0771748 0.0751574 0.0706486 0.0646297 0.0579921 0.0513698 0.0450813 0.0391884 0.0336233 0.0283059 0.0232113 0.018388 0.0139467 0.0100312 0.00677521 0.00425642
 0.0087967 0.0142897 0.0215015 0.0303508 0.0405143 0.051271 0.0614681 0.0697916 0.0752289 0.0773787 0.0764156 0.0728513 0.0673378 0.0605811 0.0532805 0.046031 0.0392245 0.0330189 0.0273952 0.0222642 0.0175641 0.0133085 0.00957911 0.00647944 0.00407746
 0.00874274 0.0141918 0.0213341 0.0300807 0.0401046 0.0506905 0.0607067 0.0688797 0.074258 0.0765141 0.0758822 0.0728752 0.0680471 0.061913 0.0549619 0.0476693 0.0404676 0.0336897 0.0275242 0.0220218 0.0171543 0.0128897 0.00923679 0.00623806 0.00392601
 0.00872128 0.0141578 0.0212837 0.0300083 0.0400005 0.0505387 0.0604845 0.0685623 0.0738297 0.0759855 0.0753087 0.0723659 0.0677497 0.0619652 0.0554232 0.0484697 0.0414165 0.034551 0.0281181 0.0222891 0.0171511 0.0127306 0.00903233 0.00605846 0.00379815
 0.00869813 0.0141206 0.0212286 0.0299324 0.0399022 0.0504185 0.0603444 0.0684035 0.0736495 0.0757758 0.0750621 0.0720887 0.0674769 0.0617655 0.0553811 0.0486469 0.0418097 0.0350782 0.0286481 0.0227009 0.0173845 0.0127981 0.00899206 0.00597566 0.0037181
 0.00868568 0.0140988 0.021193 0.0298778 0.0398246 0.0503165 0.0602212 0.0682667 0.0735088 0.0756389 0.0749315 0.0719619 0.0673522 0.0616512 0.0553035 0.0486461 0.041921 0.0353068 0.0289558 0.0230178 0.0176414 0.0129571 0.00905626 0.00597568 0.00368981
 0.00867214 0.0140792 0.0211679 0.0298487 0.0397928 0.0502819 0.0601812 0.0682175 0.0734473 0.075565 0.0748481 0.0718739 0.0672645 0.0615686 0.0552338 0.0486036 0.0419256 0.0353751 0.0290882 0.0231918 0.0178182 0.0130997 0.00914552 0.00601463 0.00369534
 0.00864845 0.0140417 0.0211135 0.0297759 0.0397026 0.050179 0.0600742 0.0681176 0.0733649 0.0755061 0.0748128 0.0718578 0.0672612 0.0615736 0.0552456 0.0486248 0.0419632 0.0354381 0.0291822 0.0233126 0.0179501 0.0132208 0.00923816 0.00607225 0.00372292
 0.00865864 0.0140538 0.0211234 0.0297772 0.0396879 0.0501429 0.0600159 0.0680418 0.0732808 0.0754244 0.0747431 0.0718059 0.0672288 0.0615582 0.0552434 0.048633 0.0419821 0.0354708 0.0292323 0.0233805 0.0180301 0.0133018 0.00930775 0.00612256 0.00375298
 0.00865403 0.0140505 0.0211259 0.0297911 0.0397175 0.0501873 0.0600668 0.068085 0.0733013 0.0754132 0.0747006 0.0717413 0.0671552 0.0614878 0.0551844 0.0485891 0.0419543 0.0354594 0.0292378 0.0234026 0.0180658 0.0133448 0.00935005 0.00615725 0.00377675
 0.00862993 0.0140123 0.0210707 0.0297181 0.0396293 0.0500914 0.0599758 0.0680137 0.0732612 0.0754075 0.0747228 0.0717789 0.0671962 0.0615257 0.0552183 0.0486221 0.0419895 0.0354989 0.0292822 0.0234513 0.018117 0.0133952 0.00939538 0.00619377 0.00380271
 0.00861263 0.013987 0.0210379 0.0296796 0.0395879 0.0500492 0.0599343 0.0679741 0.0732265 0.0753821 0.0747115 0.071784 0.0672157 0.0615538 0.0552485 0.0486498 0.0420141 0.0355223 0.0293071 0.0234793 0.018148 0.0134273 0.00942577 0.00621949 0.00382199
 0.00861651 0.0139871 0.0210269 0.0296478 0.0395264 0.0499556 0.0598155 0.0678465 0.0731098 0.0752934 0.0746605 0.0717725 0.0672401 0.0616066 0.0553204 0.048731 0.042096 0.0355991 0.0293762 0.0235404 0.0182016 0.0134735 0.00946402 0.00624929 0.00384334
 0.00861651 0.0139871 0.0210269 0.0296478 0.0395264 0.0499556 0.0598155 0.0678465 0.0731098 0.0752934 0.0746605 0.0717725 0.0672401 0.0616066 0.0553204 0.048731 0.042096 0.0355991 0.0293762 0.0235404 0.0182016 0.0134735 0.00946402 0.00624929 0.00384334
#pred catch len freq
 0.0034231 0.0054728 0.00809964 0.0112992 0.0150935 0.0195045 0.0244893 0.0299029 0.0355172 0.0410664 0.0462882 0.0509613 0.0549358 0.0581412 0.0605641 0.0622145 0.0631008 0.0632101 0.0624745 0.06072 0.0576396 0.0528723 0.046226 0.0379482 0.0288347
 0.00372558 0.00590085 0.00863034 0.0118828 0.0156827 0.0200911 0.0251203 0.030654 0.0364297 0.0420863 0.0472511 0.0516399 0.0551292 0.0577602 0.0596727 0.0610113 0.0618482 0.06214 0.0617075 0.0602347 0.057308 0.0525425 0.0458051 0.0374381 0.0283078
 0.00386864 0.00615815 0.00905908 0.0125407 0.0166027 0.0212507 0.0264287 0.0319765 0.0376459 0.0431395 0.0481454 0.0523825 0.0556668 0.0579699 0.0594232 0.0602514 0.0606591 0.0607127 0.0602604 0.0589237 0.0561827 0.0515693 0.04493 0.0366407 0.0276117
 0.00405517 0.00644515 0.0094659 0.0130878 0.0173233 0.0221982 0.0276639 0.0335298 0.0394692 0.0450836 0.0499906 0.053911 0.0567283 0.0584959 0.0593945 0.0596671 0.0595435 0.0591472 0.0583962 0.0569489 0.0542656 0.0498205 0.0434046 0.0353644 0.0265994
 0.00426837 0.00678211 0.00995518 0.0137505 0.0181718 0.0232364 0.0288885 0.0349347 0.0410479 0.0468193 0.0518281 0.0557285 0.058337 0.0596812 0.0599772 0.0595477 0.0587119 0.0576723 0.0564132 0.0546445 0.0518519 0.0474985 0.0413331 0.0336449 0.0252751
 0.00450981 0.00716192 0.0105047 0.0144944 0.0191289 0.0244185 0.0302938 0.0365386 0.0427988 0.0486431 0.0536397 0.0574391 0.0598512 0.0608844 0.060732 0.0597126 0.0581801 0.0564116 0.0544882 0.0522144 0.0491462 0.0447756 0.0388321 0.0315421 0.0236585
 0.00474955 0.00754415 0.0110671 0.0152706 0.0201464 0.0256943 0.031826 0.0382976 0.0447229 0.0506414 0.0556002 0.0592418 0.0613814 0.0620414 0.0614266 0.0598591 0.0576969 0.0552415 0.052634 0.0497722 0.0463131 0.0418221 0.0360448 0.0291564 0.0218086
 0.00501995 0.00796982 0.0116837 0.0161071 0.0212268 0.027037 0.0334365 0.0401564 0.0467748 0.052791 0.0577186 0.0611824 0.0630014 0.0632208 0.0620763 0.0599166 0.0571174 0.0539964 0.0507287 0.0472774 0.0433923 0.0387286 0.0330751 0.0265772 0.0197876
 0.00529141 0.00839863 0.0123072 0.0169554 0.0223229 0.0283947 0.0350535 0.0420061 0.0488005 0.0549054 0.0598075 0.0631126 0.0646333 0.0644247 0.0627469 0.0599806 0.0565321 0.0527473 0.0488347 0.044811 0.0405036 0.0356512 0.0300946 0.0239631 0.017721
 0.00549643 0.00873024 0.0128045 0.0176575 0.0232664 0.0296069 0.0365423 0.0437487 0.0507382 0.0569458 0.061832 0.064989 0.0662297 0.0656218 0.0634461 0.0601078 0.0560398 0.0516163 0.0470826 0.0425077 0.0377903 0.0327451 0.0272624 0.0214621 0.0157303
 0.00572751 0.00909283 0.0133276 0.0183642 0.0241761 0.0307362 0.0379 0.0453253 0.052495 0.0588088 0.0636945 0.0667232 0.0677049 0.0667214 0.0640783 0.0602082 0.0555686 0.0505586 0.0454547 0.0403732 0.0352772 0.0300512 0.0246317 0.0191319 0.0138686
 0.00595239 0.00945478 0.0138663 0.0191163 0.0251712 0.0319893 0.0394012 0.0470326 0.0543348 0.060683 0.0654906 0.0683242 0.0689994 0.0676139 0.0644975 0.0601099 0.0549341 0.0493918 0.0437853 0.0382683 0.0328568 0.0274938 0.0221556 0.0169488 0.012128
 0.00620558 0.00984556 0.0144175 0.0198406 0.0260757 0.033081 0.0406841 0.0484966 0.0559413 0.0623564 0.0671222 0.0697887 0.070177 0.0684091 0.0648473 0.0599815 0.0543193 0.0483026 0.0422561 0.0363649 0.030689 0.0252192 0.0199637 0.0150217 0.0105934
 0.00652547 0.0103375 0.0151059 0.0207308 0.0271568 0.0343293 0.0420645 0.0499616 0.0574318 0.0638055 0.0684576 0.0709336 0.0710531 0.0689441 0.0649854 0.0596921 0.0535984 0.0471703 0.0407545 0.0345622 0.0286872 0.0231568 0.018002 0.0133127 0.00924101
 0.00673787 0.0106854 0.0156343 0.0214825 0.0281629 0.0355949 0.0435534 0.0515912 0.0590845 0.0653521 0.0697824 0.0719509 0.0717116 0.0692224 0.064882 0.0592169 0.0527684 0.0460111 0.0393059 0.0328856 0.0268724 0.0213223 0.016282 0.0118302 0.00807708
 0.00698157 0.0110649 0.0161766 0.0222075 0.0290877 0.0367353 0.0449167 0.0531579 0.0607882 0.0670706 0.071351 0.0731979 0.0725024 0.0694907 0.0646339 0.0585109 0.0516867 0.0446372 0.0377169 0.0311579 0.0250916 0.0195885 0.0147021 0.0104976 0.00704764
 0.00721028 0.0114234 0.0166918 0.0228967 0.0299581 0.0377824 0.046121 0.0544827 0.0621796 0.0684589 0.0726497 0.0743038 0.0733037 0.0698872 0.0645645 0.0579716 0.0507296 0.0433524 0.0362094 0.0295324 0.0234484 0.0180245 0.0133071 0.00934233 0.00616851
 0.00732928 0.0116192 0.0169915 0.0233291 0.0305495 0.0385502 0.0470642 0.0555737 0.063363 0.0696571 0.0737737 0.0752651 0.0740233 0.0703015 0.0646285 0.0576646 0.0500625 0.0423715 0.0349922 0.0281763 0.0220579 0.0166995 0.0121331 0.00837972 0.00544363
 0.00741168 0.011744 0.0171637 0.023551 0.0308259 0.0388937 0.0474957 0.0561157 0.0640259 0.0704254 0.0746003 0.0760765 0.0747349 0.0708339 0.06492 0.0576775 0.0497848 0.0418187 0.0342079 0.0272295 0.0210355 0.0156935 0.0112259 0.0076301 0.00487831
 0.00746935 0.0118306 0.0172808 0.0236955 0.0309919 0.0390752 0.0476904 0.0563283 0.0642695 0.0707191 0.0749605 0.0765041 0.0752051 0.0712951 0.0653043 0.0579176 0.0498301 0.041646 0.0338256 0.0266763 0.0203743 0.0150004 0.0105749 0.00707851 0.00445619
 0.00754598 0.0119381 0.0174108 0.0238298 0.0311068 0.0391508 0.0477178 0.0563125 0.0642284 0.07068 0.074956 0.0765657 0.0753538 0.0715308 0.0655995 0.0582195 0.0500738 0.0417721 0.0337975 0.0264904 0.0200596 0.01461 0.0101704 0.00671398 0.00416596
 0.00767881 0.0121352 0.0176716 0.0241392 0.0314368 0.0394646 0.0479756 0.0564781 0.0642779 0.0706115 0.0747931 0.0763532 0.0751448 0.0713717 0.0655168 0.0582122 0.0501138 0.0418138 0.0337934 0.0264079 0.0198921 0.0143776 0.00991074 0.00646735 0.00396223
 0.00770632 0.01219 0.0177721 0.0243071 0.0316899 0.0398056 0.0483823 0.0569023 0.0646555 0.0708794 0.0749083 0.0763048 0.0749571 0.0710959 0.0652146 0.0579367 0.0498941 0.0416504 0.0336643 0.0262828 0.0197484 0.0142095 0.00973 0.00629496 0.00381755
 0.00774783 0.0122441 0.0178301 0.0243564 0.0317222 0.0398269 0.0484172 0.0569855 0.0648119 0.0711054 0.0751654 0.0765329 0.0751 0.0711244 0.0651351 0.057784 0.0497131 0.0414774 0.033516 0.0261568 0.0196326 0.0140939 0.00961323 0.00618432 0.00372315
 0.00770544 0.012188 0.0177683 0.024302 0.0316864 0.0398118 0.0484128 0.0569771 0.0647945 0.071093 0.0751866 0.0766119 0.0752372 0.0712914 0.0652892 0.0578898 0.0497579 0.0414706 0.0334774 0.0261037 0.0195739 0.0140318 0.0095492 0.00612197 0.00366805
 0.007601 0.0120293 0.0175513 0.0240327 0.0313828 0.0395029 0.0481355 0.0567688 0.0646821 0.071084 0.07527 0.0767684 0.075449 0.0715446 0.0655671 0.0581685 0.0500096 0.041673 0.0336217 0.026194 0.0196209 0.0140475 0.009544 0.00610477 0.00364649
 0.0074421 0.0117845 0.017208 0.0235887 0.0308465 0.0388941 0.0474889 0.0561367 0.0641316 0.0706867 0.075084 0.0768217 0.0757313 0.0720113 0.0661539 0.0588067 0.0506379 0.0422434 0.0341024 0.0265708 0.0198953 0.0142323 0.00965782 0.0061675 0.00367615
 0.00727053 0.0115211 0.0168405 0.0231154 0.0302753 0.0382417 0.0467815 0.0554136 0.0634467 0.0701055 0.0746753 0.0766446 0.0758202 0.0723643 0.0667296 0.0595332 0.0514299 0.04302 0.0348008 0.027152 0.0203446 0.0145548 0.00987192 0.00629816 0.00374875
 0.00725155 0.0114774 0.0167508 0.0229511 0.0300069 0.0378486 0.0462626 0.0547923 0.0627694 0.0694346 0.0740812 0.0761968 0.0755772 0.0723626 0.0669743 0.059994 0.0520457 0.0437118 0.0354888 0.0277712 0.0208542 0.0149401 0.0101397 0.00646885 0.00384812
 0.00724885 0.0114772 0.0167569 0.0229662 0.0300275 0.0378588 0.0462325 0.054684 0.0625516 0.0690991 0.0736518 0.0757267 0.0751362 0.0720203 0.0667853 0.0599866 0.0522161 0.0440257 0.0358897 0.0281954 0.0212461 0.015263 0.0103793 0.00662954 0.0039456
 0.0071548 0.0113346 0.016562 0.0227235 0.0297492 0.0375631 0.0459404 0.0544145 0.0623158 0.0688963 0.0734727 0.0755634 0.0749938 0.0719213 0.0667632 0.0600728 0.052426 0.0443504 0.0362966 0.0286357 0.0216684 0.0156259 0.0106603 0.00682583 0.00406934
 0.00713493 0.0112997 0.0165045 0.0226348 0.0296213 0.0373923 0.0457306 0.0541793 0.0620765 0.0686763 0.0732906 0.0754274 0.0749017 0.0718668 0.066745 0.0600997 0.0525136 0.0445108 0.0365279 0.0289179 0.0219677 0.0159059 0.0108929 0.00699839 0.00418372
