SBPRF35
7.78865
Curr Bio
574333
B35
689505
F35
0.209462
FOFL
0.16921
OFL
75655.8
Bzero
2.22533e+006
#pred survey bio
 4.89128e+006 4.59266e+006 4.31027e+006 3.98336e+006 3.62599e+006 3.27345e+006 2.93769e+006 2.61208e+006 2.30742e+006 2.05073e+006 1.82275e+006 1.59899e+006 1.40566e+006 1.23605e+006 1.10378e+006 982641 873990 823332 780034 750341 703816 671974 664992 655255 640346 624759 615911 612229 606092 589566 581328 579980 582143 578126 567199 556230 545127 541234 552135 551144 562882 567554 571829 577526 579467 582887 584285 586063 593886 601612 610768 598753 619683 610620 567108 556466 563808 561902 579664 1.98935e+007 1.15555e+007 1.15008e+007 1.20228e+007 1.2881e+007 1.38282e+007 1.47098e+007 1.54552e+007 1.60483e+007 1.65018e+007 1.68395e+007 1.70868e+007 1.7266e+007 1.73953e+007 1.74884e+007 1.75556e+007 1.76042e+007 1.76396e+007 1.76655e+007 1.76846e+007 1.76987e+007 1.77093e+007 1.77172e+007 1.77231e+007 1.77276e+007 1.7731e+007 1.77336e+007 1.77356e+007 1.77371e+007 1.77383e+007 1.77392e+007 1.77398e+007 1.77404e+007 1.77408e+007 1.77411e+007 1.77413e+007 1.77415e+007 1.77417e+007 1.77418e+007 1.77419e+007 1.77419e+007 1.7742e+007 1.7742e+007 1.7742e+007 1.77421e+007 1.77421e+007 1.77421e+007 1.77421e+007 1.77421e+007 1.77421e+007 1.77421e+007 1.77421e+007 1.77421e+007 1.77421e+007 1.77421e+007 1.77422e+007 1.77422e+007 1.77422e+007 1.77422e+007 1.77422e+007 1.77422e+007 1.77422e+007 1.77422e+007 1.77422e+007 1.77422e+007 1.77422e+007 1.77422e+007 1.77422e+007 1.77422e+007 1.77422e+007 1.77422e+007 1.77422e+007 1.77422e+007 1.77422e+007 1.77422e+007 1.77422e+007 1.77422e+007 1.77422e+007 1.77422e+007 1.77422e+007 1.77422e+007 1.77422e+007 1.77422e+007 1.77422e+007 1.77422e+007 1.77422e+007 1.77422e+007 1.77422e+007 1.77422e+007 1.77422e+007 1.77422e+007 1.77422e+007 1.77422e+007 1.77422e+007 1.77422e+007 1.77422e+007 1.77422e+007 1.77422e+007 1.77422e+007 1.77422e+007 0 0 0 0 0 0 0 0 0 0 0 0 0 0 0 0 0 0 0 0 0 0 0 0 0
#obs survey bio
 4.86076e+006 3.51677e+006 3.04478e+006 3.31205e+006 2.97864e+006 1.84973e+006 1.9746e+006 2.66322e+006 1.65616e+006 1.8317e+006 2.5119e+006 1.54503e+006 990344 980036 834477 746331 570628 630306 536526 612627 793545 620596 417675 541666 713968 468791 668824 480200 579865 375536 544510 509070 772668 482886 376363 605422 446013 504732 661705 690311 465862 518974 662888 450482 604841 609586 674073 546866 593053 731729 457425 808024 528646 800879 446204 757810 345730 512610 871371
#pred catch bio
 103790 97261.5 155012 209821 238496 258599 283753 295729 278868 274257 286398 271504 259674 233289 226693 215666 165127 157588 143316 152939 135570 112280 113419 115393 112962 104723 98576.8 99528.9 107098 98963.9 92462.6 88716.2 92237.9 95193.8 92176.2 91759.2 88957.3 80993.1 93194.7 83081.2 89292.8 88968.3 86664.7 88859.5 87258.6 89297.3 89741.9 86143.3 88147.5 88556.2 106128 77515 101583 127842 98517.1 83757.6 90914.9 71883.9 90333.3 75655.8 88658.7 86779.8 89338.8 95154.8 101892 108147 113333 117341 120293 122392 123846 124833 125493 125928 126214 126399 126518 126595 126644 126675 126695 126707 126715 126720 126724 126726 126727 126728 126728 126729 126729 126729 126729 126729 126729 126729 126729 126729 126729 126729 126729 126729 126729 126729 126729 126729 126729 126729 126729 126729 126729 126729 126729 126729 126729 126729 126729 126729 126729 126729 126729 126729 126729 126729 126729 126729 126729 126729 126729 126729 126729 126729 126729 126729 126729 126729 126729 126729 126729 126729 126729 126729 126729 126729 126729 126729 126729 126729 126729 126729 126729 126729 126729 126729 126729 126729 126729 126729 126729 0 0 0 0 0 0 0 0 0 0 0 0 0 0 0 0 0 0 0 0 0 0 0 0 0
#obs catch bio
 0 96881.7 155503 211138 240613 261996 289394 302509 285335 281471 293624 277830 267335 240702 234755 223510 169640 162210 146971 157173 137856 113687 115938 117870 114621 106575 99618.1 100713 108848 100887 94157.1 90296.8 93925.8 96926.4 93949.4 93053.1 90749.7 81861.7 94175.5 83466.9 89967.6 89980.7 87004.4 89190 87284.5 89533.4 90162.3 86527 88823.1 89164 108076 77707.6 101935 129065 99093.5 83925.9 92072.6 72107.3 90498.2
#pred cpue bio
 4.82277e+006 4.52946e+006 4.25116e+006 3.92591e+006 3.56965e+006 3.21826e+006 2.88367e+006 2.55964e+006 2.25688e+006 2.00181e+006 1.77559e+006 1.55406e+006 1.3626e+006 1.19466e+006 1.06384e+006 944559 838025 788442 746473 718040 673399 642821 636080 626727 612660 597910 589613 586261 580319 564176 556169 555012 557423 553987 543897 533631 522205 516949 526742 525967 537724 542458 546906 552827 554896 558168 559342 560845 568158 575406 584203 572714 593596 585174 542598 531859 539090 537717 556139 1.91453e+007 1.11352e+007 1.09646e+007 1.13547e+007 1.21666e+007 1.31029e+007 1.39823e+007 1.47273e+007 1.53203e+007 1.57738e+007 1.61115e+007 1.63588e+007 1.6538e+007 1.66673e+007 1.67604e+007 1.68276e+007 1.68762e+007 1.69116e+007 1.69376e+007 1.69566e+007 1.69708e+007 1.69813e+007 1.69892e+007 1.69951e+007 1.69996e+007 1.70031e+007 1.70057e+007 1.70076e+007 1.70091e+007 1.70103e+007 1.70112e+007 1.70119e+007 1.70124e+007 1.70128e+007 1.70131e+007 1.70134e+007 1.70135e+007 1.70137e+007 1.70138e+007 1.70139e+007 1.7014e+007 1.7014e+007 1.7014e+007 1.70141e+007 1.70141e+007 1.70141e+007 1.70141e+007 1.70141e+007 1.70142e+007 1.70142e+007 1.70142e+007 1.70142e+007 1.70142e+007 1.70142e+007 1.70142e+007 1.70142e+007 1.70142e+007 1.70142e+007 1.70142e+007 1.70142e+007 1.70142e+007 1.70142e+007 1.70142e+007 1.70142e+007 1.70142e+007 1.70142e+007 1.70142e+007 1.70142e+007 1.70142e+007 1.70142e+007 1.70142e+007 1.70142e+007 1.70142e+007 1.70142e+007 1.70142e+007 1.70142e+007 1.70142e+007 1.70142e+007 1.70142e+007 1.70142e+007 1.70142e+007 1.70142e+007 1.70142e+007 1.70142e+007 1.70142e+007 1.70142e+007 1.70142e+007 1.70142e+007 1.70142e+007 1.70142e+007 1.70142e+007 1.70142e+007 1.70142e+007 1.70142e+007 1.70142e+007 1.70142e+007 1.70142e+007 1.70142e+007 1.70142e+007 1.70142e+007 0 0 0 0 0 0 0 0 0 0 0 0 0 0 0 0 0 0 0 0 0 0 0 0 0
#obs cpue bio
 3.67309e+006 5.22743e+006 2.87935e+006 2.56737e+006 2.42476e+006 2.91466e+006 2.16892e+006 2.01835e+006 2.25326e+006 1.44408e+006 1.56775e+006 1.39241e+006 1.01055e+006 783385 847677 877464 797787 682347 758981 741993 731597 536170 423700 633079 688347 445556 691112 562559 432755 454939 439955 451086 344564 558400 527062 595451 312491 699967 574501 426155 555076 365752 738153 719280 645496 438121 391485 516766 412275 394931 466037 537573 994945 371259 548231 424051 480952 629026 726628
#pred surv len freq
 0.00535841 0.00862527 0.0128415 0.0179419 0.0237798 0.0300612 0.0363081 0.0419613 0.0465869 0.0500244 0.0523702 0.0538526 0.0547136 0.0551473 0.0552768 0.0551511 0.0547569 0.0540337 0.0528688 0.0510635 0.0483114 0.0442612 0.0387035 0.0318032 0.0241976
 0.00564162 0.00896691 0.0131416 0.0180482 0.0235466 0.0294324 0.0353724 0.0409333 0.0457141 0.0494738 0.0521646 0.0538877 0.0548351 0.0552364 0.0553026 0.0551727 0.0548817 0.0543534 0.0534022 0.0517356 0.048981 0.0447849 0.0389988 0.031875 0.0241175
 0.00603122 0.00957598 0.0140046 0.0191591 0.0248362 0.0307502 0.036495 0.0416201 0.0458041 0.0489713 0.0512464 0.0528158 0.0538304 0.0543983 0.0546186 0.0545894 0.0543744 0.0539457 0.0531333 0.0516111 0.0489498 0.0447602 0.0389069 0.0316936 0.0238783
 0.00633219 0.0100695 0.0147549 0.0202273 0.0262645 0.0325349 0.0385535 0.0437703 0.047778 0.0504715 0.0520349 0.0527979 0.0530881 0.0531475 0.0531112 0.0530244 0.0528645 0.0525404 0.0518566 0.0504772 0.0479578 0.0438909 0.0381365 0.0310137 0.023302
 0.00666654 0.0105948 0.0155135 0.0212512 0.0275767 0.0341471 0.0404559 0.0459136 0.0500545 0.0527044 0.0539861 0.0542064 0.0537379 0.05294 0.0521027 0.0514007 0.0508681 0.0503941 0.0497223 0.0484556 0.0461071 0.0422457 0.0367204 0.0298445 0.0223899
 0.00701428 0.011144 0.01631 0.0223275 0.0289475 0.0358038 0.0423599 0.0479955 0.0522228 0.0548557 0.0560037 0.0559488 0.0550318 0.0536015 0.0519885 0.0504661 0.0491951 0.0481699 0.0471824 0.045825 0.0435679 0.0399318 0.0347243 0.0282224 0.0211596
 0.00728818 0.0115899 0.0169823 0.0232773 0.0302132 0.0373959 0.0442457 0.0500944 0.0544188 0.0570213 0.0580206 0.0577127 0.0564421 0.0545468 0.0523444 0.0501186 0.0480846 0.0463326 0.0447615 0.0430445 0.040683 0.0371812 0.0322968 0.0262387 0.0196649
 0.00758461 0.0120581 0.0176625 0.024201 0.0314013 0.0388552 0.0459604 0.0520176 0.0564704 0.059095 0.0599973 0.059474 0.0578808 0.0555681 0.0528593 0.0500389 0.0473334 0.0448744 0.0426404 0.0404058 0.0377607 0.0342527 0.0296232 0.0240111 0.0179736
 0.0079524 0.012631 0.0184784 0.025279 0.0327407 0.0404341 0.0477324 0.0539116 0.0583987 0.0609666 0.061728 0.0609881 0.0591073 0.0564361 0.0532968 0.049972 0.0466911 0.0436049 0.0407409 0.0379566 0.0349415 0.0313229 0.0268656 0.0216606 0.0161626
 0.00821597 0.0130601 0.0191245 0.026189 0.0339459 0.0419343 0.0494812 0.0558147 0.0603314 0.0628031 0.0633657 0.0623566 0.0601622 0.0571457 0.053628 0.0498815 0.0461253 0.0425117 0.0390961 0.0357984 0.0323984 0.0286121 0.0242516 0.0193856 0.0143808
 0.00848328 0.0134809 0.0197332 0.0270111 0.0349974 0.0432183 0.0509805 0.0574827 0.0620889 0.0645447 0.0649748 0.0637247 0.0612056 0.0578135 0.0538962 0.0497382 0.0455548 0.0414912 0.0376103 0.0338701 0.0301204 0.0261589 0.0218531 0.0172675 0.0126996
 0.00891378 0.0141431 0.0206595 0.0282064 0.0364397 0.0448622 0.0527578 0.0593042 0.0638543 0.0661569 0.0663515 0.0648016 0.0619341 0.0581598 0.0538422 0.0492799 0.044697 0.0402405 0.0359777 0.0318885 0.0278708 0.0237862 0.0195525 0.0152374 0.0110826
 0.0093095 0.01477 0.0215711 0.0294378 0.0379976 0.0467114 0.0548088 0.0614162 0.0658597 0.0678998 0.0677194 0.0657358 0.0624212 0.0582135 0.0534877 0.0485441 0.0436039 0.0388123 0.0342404 0.0298851 0.0256797 0.0215332 0.0174013 0.013354 0.0095864
 0.0096489 0.0153111 0.0223656 0.0305264 0.0394024 0.0484233 0.0567726 0.0635233 0.0679569 0.069815 0.0692926 0.0668463 0.0630035 0.0582598 0.0530361 0.0476576 0.0423502 0.037252 0.0324273 0.0278778 0.0235582 0.0194099 0.0154136 0.0116365 0.00823299
 0.00985122 0.0156406 0.0228628 0.0312305 0.0403446 0.0496165 0.0581989 0.0651263 0.069645 0.0714727 0.0707941 0.0680696 0.063845 0.0586492 0.0529464 0.047106 0.0413881 0.0359491 0.0308599 0.0261263 0.0217133 0.0175785 0.0137146 0.0101797 0.0070913
 0.0100307 0.0159324 0.0233022 0.0318504 0.0411698 0.0506541 0.0594275 0.0664922 0.071068 0.0728587 0.0720487 0.0691059 0.064588 0.0590398 0.0529467 0.0467052 0.0406054 0.034832 0.0294779 0.0245651 0.0200706 0.0159614 0.012231 0.00892163 0.00611472
 0.0102854 0.0163247 0.0238525 0.0325642 0.0420392 0.0516595 0.0605372 0.0676594 0.0722319 0.0739506 0.0730001 0.069856 0.0650887 0.0592567 0.0528596 0.0463075 0.0399057 0.0338569 0.0282754 0.0232042 0.018639 0.0145577 0.0109525 0.00784718 0.00528821
 0.0102413 0.0162641 0.0237823 0.0325001 0.0420037 0.0516793 0.0606398 0.0678705 0.0725721 0.0744294 0.0736089 0.0705623 0.0658353 0.0599681 0.053454 0.0467105 0.0400627 0.0337415 0.0278937 0.0225955 0.0178717 0.01372 0.0101369 0.00713235 0.00472366
 0.0101909 0.0161894 0.0236837 0.0323838 0.0418817 0.0515686 0.0605613 0.0678478 0.0726284 0.0745842 0.0738735 0.0709359 0.0663016 0.060493 0.0539854 0.0471839 0.0404112 0.0339102 0.0278524 0.0223472 0.0174542 0.0131984 0.00958882 0.00662945 0.00431504
 0.0100413 0.0159652 0.0233822 0.0320161 0.0414712 0.0511467 0.060165 0.0675169 0.0724028 0.0744973 0.0739469 0.0711752 0.0666955 0.0610134 0.0545885 0.0478118 0.0409975 0.0343887 0.0281702 0.0224777 0.0174043 0.0130074 0.00931712 0.00634098 0.00406027
 0.0102206 0.0162171 0.0236879 0.0323336 0.0417469 0.051335 0.0602432 0.0674889 0.0722906 0.0743306 0.0737556 0.0709877 0.0665386 0.0609106 0.0545543 0.0478459 0.0410809 0.0344857 0.0282373 0.022477 0.0173169 0.0128404 0.00910032 0.00611451 0.00385992
 0.0105113 0.0166401 0.0242314 0.032951 0.0423659 0.0518745 0.0606305 0.0676729 0.0722514 0.0740855 0.0733565 0.0705074 0.0660512 0.0604744 0.0542052 0.0475973 0.0409266 0.0344036 0.0281937 0.0224354 0.0172486 0.0127335 0.00896218 0.00596596 0.00372422
 0.0104214 0.0165285 0.024126 0.0328954 0.0424029 0.0520222 0.0608652 0.067932 0.0724577 0.0741791 0.0733171 0.0703574 0.0658416 0.0602641 0.0540427 0.0475102 0.0409196 0.0344616 0.0282889 0.0225347 0.0173229 0.0127657 0.00895093 0.00592337 0.00366863
 0.0102215 0.0162363 0.0237487 0.0324655 0.0419746 0.0516612 0.0606358 0.0678811 0.0725978 0.0744773 0.0737002 0.070737 0.0661473 0.0604666 0.0541552 0.0475715 0.0409708 0.0345294 0.0283788 0.0226352 0.0174147 0.0128316 0.00898347 0.00592606 0.00365241
 0.0102388 0.0162389 0.0237067 0.032339 0.0417292 0.05129 0.0601759 0.0674121 0.0722186 0.0742707 0.0737037 0.0709319 0.066469 0.0608319 0.0544921 0.0478404 0.0411677 0.0346733 0.0284935 0.0227355 0.0175027 0.0129018 0.00903026 0.00594916 0.00365724
 0.0102536 0.0162658 0.0237508 0.0324019 0.0418026 0.0513501 0.0601839 0.0673271 0.0720201 0.0739789 0.0733809 0.0706598 0.0663142 0.0608181 0.0545965 0.0480111 0.0413513 0.0348348 0.0286211 0.0228327 0.0175771 0.012958 0.00906953 0.00597248 0.0036674
 0.0103007 0.0163245 0.0238069 0.0324328 0.0417856 0.0512731 0.0600521 0.0671591 0.0718358 0.0737897 0.0731901 0.0704748 0.0661561 0.0607199 0.0545866 0.0480967 0.0415126 0.0350347 0.028822 0.0230091 0.0177181 0.013063 0.00914261 0.00601932 0.00369425
 0.0103977 0.0164613 0.0239733 0.0326044 0.0419282 0.0513516 0.0600402 0.0670468 0.0716324 0.0735223 0.072897 0.070194 0.0659172 0.0605419 0.0544813 0.0480703 0.0415631 0.0351483 0.028974 0.0231708 0.0178655 0.0131823 0.00922989 0.00607733 0.00372919
 0.0104061 0.0164894 0.0240408 0.0327352 0.0421396 0.0516406 0.0603731 0.0673624 0.0718612 0.0736113 0.0728276 0.0699857 0.0656164 0.0602047 0.0541583 0.0477987 0.0413641 0.0350278 0.0289244 0.0231743 0.0179001 0.0132276 0.00927175 0.00610911 0.00374989
 0.0104521 0.0165662 0.0241609 0.0329127 0.0423883 0.0519696 0.0607802 0.0678262 0.0723372 0.0740346 0.0731261 0.0701006 0.0655222 0.0599186 0.0537342 0.0473088 0.0408784 0.0345988 0.0285811 0.0229235 0.0177321 0.013124 0.00921259 0.00607739 0.00373363
 0.01041 0.0165034 0.0240772 0.0328134 0.0422852 0.0518812 0.0607309 0.0678432 0.0724426 0.074235 0.0734044 0.0704137 0.0658107 0.0601246 0.0538207 0.0472716 0.0407447 0.034414 0.0283913 0.022762 0.0176142 0.0130494 0.00917176 0.00605834 0.00372628
 0.0102965 0.0163302 0.0238384 0.0325119 0.0419339 0.0515024 0.0603569 0.0675152 0.0722058 0.0741304 0.0734572 0.0706252 0.0661536 0.0605464 0.0542554 0.0476575 0.0410414 0.0346106 0.028503 0.0228174 0.0176413 0.0130671 0.00918814 0.00607421 0.00373986
 0.0100777 0.0160032 0.0233998 0.0319783 0.0413375 0.0508842 0.0597612 0.0669879 0.0717923 0.073871 0.0733817 0.0707471 0.066466 0.0610198 0.054839 0.048286 0.0416479 0.0351421 0.0289302 0.0231368 0.0178677 0.0132224 0.00929278 0.00614345 0.00378408
 0.00991406 0.0157499 0.0230432 0.0315164 0.0407823 0.0502637 0.0591205 0.0663853 0.0712889 0.0735168 0.0732062 0.0707586 0.0666566 0.0613705 0.0553205 0.0488575 0.0422585 0.035737 0.0294622 0.0235754 0.0182032 0.0134626 0.00945506 0.00624752 0.00384738
 0.00991442 0.0157359 0.0229951 0.0314069 0.0405838 0.0499595 0.058715 0.0659078 0.0707881 0.0730498 0.0728263 0.0705063 0.0665552 0.0614254 0.055521 0.0491798 0.0426675 0.0361896 0.0299125 0.0239829 0.0185405 0.013719 0.00963493 0.00636444 0.00391801
 0.010745 0.0169021 0.0244093 0.0328712 0.0418441 0.0507937 0.0590057 0.0656615 0.0701049 0.0720738 0.0717058 0.0693718 0.0655096 0.0605396 0.0548339 0.0487008 0.0423819 0.036065 0.0299056 0.0240474 0.0186348 0.0138126 0.00971086 0.00641774 0.00395125
 0.0114306 0.0179847 0.0259693 0.0349362 0.0443537 0.0535636 0.0617144 0.0678986 0.0714869 0.0723781 0.0709454 0.0677678 0.0633904 0.0582311 0.0525908 0.0466866 0.0406801 0.0346992 0.0288595 0.0232806 0.0180956 0.0134482 0.00947417 0.00627038 0.003864
 0.011189 0.0177204 0.0258095 0.0350795 0.0450185 0.0549007 0.0637249 0.0703968 0.0741282 0.0747394 0.0726322 0.0685184 0.0631424 0.0571241 0.0509021 0.0447348 0.0387401 0.0329584 0.0274137 0.0221537 0.0172651 0.0128678 0.00908937 0.00602913 0.00372169
 0.0106988 0.0169763 0.0247959 0.0338385 0.0436646 0.0536285 0.0627965 0.0700916 0.0746493 0.0761128 0.0746587 0.0708163 0.0652694 0.0587191 0.0517849 0.0449257 0.0384084 0.0323337 0.026706 0.0215071 0.0167506 0.012499 0.00884727 0.00588219 0.00363885
 0.0106584 0.0168782 0.0245893 0.0334591 0.0430558 0.0527749 0.0617575 0.0690148 0.0737522 0.0756309 0.074771 0.0715737 0.0665552 0.060271 0.0532781 0.0460841 0.0390886 0.0325466 0.0265741 0.0211934 0.0163956 0.0121905 0.00861995 0.00573451 0.00355264
 0.0106089 0.0167922 0.0244478 0.0332367 0.0427205 0.0522931 0.0611048 0.0681943 0.0728151 0.0746901 0.0739948 0.0711479 0.0666216 0.0608641 0.0542953 0.0473116 0.0402763 0.0334959 0.0271945 0.0215047 0.0164864 0.0121636 0.00855453 0.00567391 0.00351136
 0.0104137 0.0165212 0.0241251 0.0329103 0.0424454 0.0521036 0.0609941 0.0681132 0.0726932 0.0744698 0.0736633 0.0707556 0.0662756 0.0606948 0.054403 0.0477172 0.0409047 0.0342045 0.0278342 0.0219767 0.0167663 0.0122869 0.00858149 0.00565868 0.00348749
 0.0103295 0.016373 0.0238837 0.0325489 0.0419544 0.0515086 0.0603646 0.0675481 0.0722836 0.0742581 0.073627 0.0708286 0.0663929 0.0608321 0.0545863 0.0479976 0.0413152 0.0347283 0.0284034 0.0225032 0.0171814 0.0125653 0.00873903 0.00573244 0.00351478
 0.0103674 0.0164138 0.0239055 0.0325163 0.0418245 0.0512446 0.0599514 0.0670052 0.0716689 0.0736592 0.0731379 0.0705187 0.0662846 0.060901 0.0547856 0.0482873 0.0416752 0.0351482 0.0288627 0.022962 0.0175902 0.0128858 0.00895854 0.00586319 0.00358235
 0.0104731 0.0165716 0.0241155 0.0327658 0.042087 0.0514806 0.0601113 0.067037 0.0715328 0.0733453 0.0726783 0.069984 0.0657644 0.0604756 0.0545034 0.0481591 0.0416845 0.0352668 0.0290592 0.0232026 0.0178383 0.013107 0.0091297 0.00597805 0.00364899
 0.0105522 0.016693 0.0242847 0.0329822 0.0423429 0.0517603 0.0603894 0.067278 0.0716945 0.0733867 0.0725712 0.0697253 0.0653825 0.0600276 0.0540608 0.0477874 0.0414262 0.0351347 0.0290407 0.0232689 0.0179537 0.0132368 0.00924663 0.00606688 0.00370679
 0.0106082 0.0167837 0.0244202 0.0331707 0.0425884 0.0520582 0.0607232 0.0676184 0.0720028 0.0736216 0.0726957 0.069713 0.0652236 0.0597345 0.0536701 0.0473547 0.0410133 0.0347933 0.0288001 0.0231323 0.0179034 0.0132437 0.00928134 0.00610665 0.003739
 0.010737 0.0169708 0.0246609 0.0334474 0.0428768 0.0523369 0.0609802 0.0678502 0.0722079 0.0737931 0.0728182 0.0697645 0.0651822 0.0595863 0.0534166 0.047017 0.04063 0.0344125 0.0284671 0.0228768 0.017734 0.01315 0.00924181 0.00609821 0.00374365
 0.0107287 0.01697 0.0246825 0.0335109 0.0429987 0.0525207 0.0612095 0.0680923 0.0724269 0.0739645 0.0729354 0.0698328 0.0652076 0.0595672 0.0533446 0.046885 0.0404416 0.0341863 0.0282327 0.0226659 0.0175693 0.0130398 0.00918005 0.00607098 0.00373598
 0.0106565 0.0168674 0.0245559 0.0333778 0.0428849 0.0524547 0.0612156 0.0681835 0.0725993 0.0741958 0.0731893 0.0700707 0.0654 0.0596989 0.0534122 0.0468908 0.0403905 0.0340874 0.0281019 0.0225248 0.0174402 0.0129385 0.00911218 0.00603274 0.0037185
 0.0103624 0.0164437 0.0240199 0.0327811 0.0423013 0.0519581 0.0608618 0.0680043 0.0726042 0.0743758 0.0735183 0.0705069 0.065891 0.0601913 0.0538613 0.047267 0.0406802 0.0342901 0.0282272 0.0225893 0.0174642 0.0129415 0.00910885 0.00603067 0.00371954
 0.010259 0.0162838 0.0237957 0.0324953 0.0419702 0.0516151 0.0605566 0.0677935 0.0725342 0.0744643 0.0737473 0.0708307 0.066254 0.0605445 0.0541697 0.0475104 0.0408509 0.0343901 0.0282661 0.0225823 0.0174293 0.0128958 0.00906569 0.00599754 0.00369817
 0.010152 0.0160795 0.0234342 0.0319078 0.0411029 0.0504643 0.0591976 0.0663819 0.0712718 0.0735436 0.0733 0.0708997 0.0667932 0.0614408 0.0552775 0.0486862 0.0419779 0.0353895 0.0290969 0.0232342 0.0179136 0.0132368 0.00929318 0.0061411 0.00378364
 0.0103573 0.0163925 0.0238627 0.032435 0.04168 0.0510057 0.0595873 0.0664982 0.0710317 0.072947 0.0724455 0.0699573 0.0659457 0.0608246 0.05495 0.048627 0.0421149 0.0356333 0.0293683 0.0234793 0.0181058 0.0133715 0.00937867 0.00619074 0.00381026
 0.0107038 0.0169496 0.0246872 0.0335679 0.0431292 0.0527217 0.0614407 0.0682801 0.0724879 0.0738405 0.0726235 0.0693965 0.0647598 0.0592309 0.0532051 0.0469577 0.0406709 0.0344752 0.0284873 0.02283 0.0176351 0.0130347 0.00914285 0.00603211 0.00370974
 0.0105572 0.0167467 0.02445 0.0333457 0.0429933 0.052752 0.0617071 0.0688203 0.0732851 0.074808 0.0736094 0.0702171 0.0652551 0.059318 0.0529049 0.0463802 0.0399688 0.0337895 0.0279097 0.0223939 0.0173311 0.0128334 0.00901336 0.00595048 0.00365977
 0.0102695 0.0162997 0.0238184 0.0325274 0.0420179 0.0516902 0.0606765 0.0679757 0.0727865 0.0747728 0.0740696 0.0711006 0.0664005 0.060519 0.0539702 0.0471864 0.0404845 0.0340622 0.0280259 0.0224368 0.0173544 0.0128586 0.0090417 0.00597618 0.0036787
 0.00969112 0.0154636 0.0227523 0.0313213 0.0407963 0.0505684 0.0597303 0.0672427 0.07229 0.0745462 0.0741594 0.0715447 0.0671948 0.0615947 0.0551972 0.0484062 0.0415576 0.0349066 0.0286288 0.0228374 0.017612 0.0130261 0.00915366 0.00605145 0.00372734
 0.00878225 0.0140749 0.0208335 0.0288992 0.037983 0.0475609 0.0568021 0.0647115 0.0704517 0.0735978 0.0741545 0.0724067 0.0687677 0.0636912 0.0576212 0.0509581 0.0440428 0.0371575 0.0305318 0.0243467 0.0187427 0.0138316 0.00970128 0.0064057 0.00394355
#obs surv len freq
 nan nan nan nan nan nan nan nan nan nan nan nan nan nan nan nan nan nan nan nan nan nan nan nan nan
 0.00447495 0.0073321 0.0111585 0.0159731 0.0216744 0.0279526 0.0342707 0.0400061 0.0446894 0.0481563 0.0505166 0.0520144 0.0529083 0.053422 0.0537373 0.053993 0.0542722 0.0545653 0.0547043 0.0542963 0.0527341 0.0493656 0.0438144 0.036293 0.027675
 0.00461199 0.00755373 0.0114898 0.0164358 0.0222826 0.0287045 0.0351406 0.0409416 0.045617 0.0489947 0.0511913 0.0524692 0.0531125 0.0533717 0.0534524 0.0535093 0.0536323 0.0538117 0.0538758 0.0534295 0.0518675 0.0485417 0.043077 0.0356796 0.0272062
 0.0047848 0.00783607 0.0119171 0.0170414 0.0230903 0.029718 0.036332 0.0422476 0.0469472 0.0502475 0.0522698 0.0532916 0.053618 0.0535251 0.0532466 0.0529649 0.0527925 0.0527339 0.0526251 0.0520755 0.0504852 0.0472114 0.0418788 0.0346793 0.0264403
 0.00497238 0.00814566 0.0123917 0.017724 0.0240155 0.0308984 0.0377439 0.0438259 0.0485929 0.0518453 0.0537058 0.0544645 0.0544448 0.0539455 0.0532258 0.052496 0.0518976 0.0514631 0.0510529 0.0502982 0.0486174 0.0453806 0.040211 0.0332779 0.0253634
 0.00519121 0.00850203 0.0129295 0.0184852 0.0250335 0.0321861 0.0392812 0.0455529 0.050416 0.0536516 0.0553783 0.0558929 0.0555324 0.0546126 0.0534139 0.0521712 0.0510544 0.0501286 0.049292 0.0482159 0.0463576 0.0431149 0.0381159 0.0315006 0.0239894
 0.00541447 0.00886945 0.0134906 0.0192892 0.0261189 0.0335667 0.0409304 0.0473996 0.0523557 0.055567 0.0571568 0.0574341 0.0567482 0.0554252 0.0537561 0.0519895 0.050316 0.0488315 0.0474769 0.0459783 0.0438517 0.0405428 0.0356965 0.0294234 0.0223707
 0.00564619 0.00924794 0.0140639 0.0201039 0.0272124 0.034954 0.04259 0.049267 0.0543306 0.0575312 0.0589926 0.0590361 0.0580276 0.0563091 0.0541826 0.0519056 0.0496786 0.0476178 0.0457021 0.0437164 0.0412494 0.0378132 0.033085 0.0271524 0.0205845
 0.00589258 0.00965196 0.0146783 0.0209795 0.0283886 0.0364422 0.0443586 0.0512362 0.0563855 0.0595445 0.0608453 0.0606282 0.0592788 0.0571559 0.0545737 0.0517969 0.049032 0.0464065 0.043928 0.0414352 0.0385925 0.0349898 0.0303509 0.0247499 0.0186786
 0.00613997 0.0100582 0.0152974 0.0218643 0.0295807 0.0379556 0.0461628 0.0532501 0.0584883 0.0615993 0.0627222 0.0622188 0.0605011 0.0579523 0.0549048 0.0516331 0.0483478 0.0451826 0.0421651 0.0391787 0.035959 0.0321753 0.0276054 0.0223195 0.0167373
 0.00638427 0.0104587 0.0159063 0.0227327 0.0307484 0.0394362 0.0479272 0.0552205 0.0605485 0.0636158 0.0645661 0.0637793 0.0616917 0.0587119 0.0551948 0.0514309 0.0476394 0.0439608 0.0404378 0.0369904 0.0334158 0.0294573 0.0249471 0.0199565 0.0148413
 0.00662452 0.0108517 0.0165023 0.0235798 0.0318834 0.0408698 0.0496285 0.0571121 0.0625167 0.0655327 0.0663096 0.0652459 0.0628007 0.0594056 0.0554359 0.0511985 0.0469242 0.0427627 0.0387725 0.0349049 0.0310105 0.0268971 0.0224461 0.0177317 0.0130525
 0.00682692 0.0111865 0.0170167 0.0243214 0.0328905 0.0421563 0.0511686 0.0588353 0.0643176 0.067292 0.0679136 0.066598 0.063826 0.0600502 0.0556648 0.0509915 0.0462724 0.0416679 0.0372524 0.0330067 0.0288277 0.0245791 0.0201845 0.0157199 0.0114334
 0.00705418 0.0115558 0.0175721 0.0251035 0.0339286 0.0434555 0.0526969 0.0605185 0.0660491 0.0689524 0.0693909 0.0678008 0.0646884 0.0605317 0.0557456 0.0506667 0.0455461 0.0405514 0.0357688 0.0312036 0.026792 0.0224446 0.0181199 0.0138938 0.00996907
 0.00729233 0.0119468 0.018167 0.0259503 0.0350604 0.0448728 0.0543516 0.0623105 0.0678441 0.0706108 0.0707939 0.0688638 0.0653619 0.060796 0.0556037 0.0501361 0.0446515 0.0393213 0.0342384 0.0294247 0.0248463 0.0204503 0.0162221 0.0122344 0.00864904
 0.00744676 0.0122044 0.0185672 0.0265345 0.0358646 0.0459146 0.0556159 0.0637424 0.0693532 0.0720861 0.0721213 0.0699425 0.0661158 0.0611799 0.055603 0.0497601 0.0439257 0.0382805 0.0329254 0.0278957 0.0231797 0.0187513 0.0146141 0.0108351 0.00754011
 0.00752901 0.0123378 0.0187681 0.0268203 0.0362532 0.0464231 0.0562559 0.0645147 0.0702428 0.0730581 0.0731199 0.0708943 0.0669386 0.0617947 0.0559466 0.0497936 0.0436369 0.0376813 0.0320489 0.0267948 0.0219291 0.0174468 0.0133637 0.00973939 0.00666833
 0.00758973 0.0124316 0.0189004 0.0269937 0.0364687 0.0466814 0.0565589 0.0648664 0.070649 0.0735245 0.0736476 0.0714713 0.0675334 0.0623549 0.0564053 0.0500823 0.0436999 0.0374871 0.0315959 0.0261131 0.0210784 0.0165109 0.0124383 0.00891337 0.00600384
 0.00767133 0.0125542 0.0190661 0.0271976 0.0367002 0.0469269 0.0568046 0.065101 0.0708667 0.0737285 0.0738502 0.0716897 0.0677806 0.0626294 0.0566839 0.0503212 0.0438426 0.0374797 0.0314028 0.0257291 0.0205333 0.0158655 0.011771 0.00830117 0.00550291
 0.00772268 0.0126377 0.0191911 0.0273713 0.036924 0.0471926 0.0570918 0.0653794 0.0711052 0.0739059 0.0739632 0.0717529 0.0678195 0.0626699 0.056741 0.0503907 0.0438994 0.0374835 0.0313114 0.025515 0.0201966 0.0154373 0.0113057 0.00785945 0.00513301
 0.00779847 0.0127544 0.0193549 0.0275835 0.0371814 0.0474872 0.05741 0.0657005 0.0714024 0.0741499 0.0741289 0.0718271 0.0678057 0.0625875 0.056619 0.050256 0.0437659 0.0373464 0.0311507 0.0253065 0.0199272 0.0151149 0.0109593 0.00752885 0.00485347
 0.00779147 0.012745 0.0193446 0.0275752 0.0371791 0.0474958 0.0574345 0.065746 0.071473 0.0742477 0.0742511 0.0719641 0.0679426 0.0627084 0.0567127 0.0503194 0.0438012 0.0373553 0.0311286 0.0252436 0.0198146 0.014954 0.0107662 0.00732991 0.00467583
 0.0078334 0.0127989 0.0193994 0.0276128 0.0371803 0.0474493 0.0573442 0.0656314 0.0713622 0.0741679 0.0742207 0.0719897 0.068019 0.0628215 0.0568435 0.0504483 0.0439128 0.037439 0.0311777 0.0252526 0.0197805 0.014879 0.0106606 0.00721142 0.00456395
 0.00786702 0.0128546 0.0194842 0.0277309 0.0373289 0.047614 0.0574974 0.0657385 0.0713951 0.0741183 0.0741059 0.0718448 0.0678823 0.0627206 0.0567886 0.0504342 0.0439245 0.037459 0.0311903 0.0252467 0.0197499 0.0148234 0.010586 0.00712891 0.00448601
 0.00788366 0.012877 0.0195097 0.0277553 0.0373485 0.0476286 0.057511 0.0657561 0.0714172 0.0741376 0.0741097 0.0718233 0.0678365 0.0626638 0.0567404 0.0504102 0.0439298 0.0374871 0.0312275 0.0252779 0.0197639 0.0148155 0.0105582 0.00708865 0.00444289
 0.00789157 0.0128881 0.0195228 0.0277679 0.0373566 0.0476276 0.0574975 0.0657294 0.0713808 0.0740988 0.0740766 0.071801 0.0678244 0.0626583 0.0567389 0.0504144 0.0439441 0.0375141 0.0312646 0.0253173 0.0197957 0.0148325 0.0105585 0.00707561 0.004423
 0.00788232 0.0128713 0.0194946 0.0277237 0.037293 0.047544 0.0573978 0.0656224 0.0712781 0.0740122 0.074016 0.0717731 0.0678316 0.0626982 0.0568047 0.050497 0.0440352 0.0376075 0.0313557 0.0254011 0.0198666 0.0148855 0.0105917 0.00709099 0.00442563
 0.00789186 0.0128827 0.019504 0.0277248 0.0372781 0.047507 0.0573359 0.0655379 0.0711781 0.0739075 0.0739192 0.0716962 0.0677842 0.0626852 0.0568259 0.0505477 0.0441073 0.0376917 0.0314431 0.0254842 0.0199392 0.0149432 0.0106323 0.00711536 0.00443722
 0.00788573 0.0128735 0.0194913 0.0277081 0.0372565 0.0474781 0.0572965 0.0654845 0.0711093 0.0738261 0.0738328 0.0716157 0.0677215 0.0626501 0.0568239 0.050579 0.044167 0.0377716 0.0315332 0.0255744 0.0200212 0.0150109 0.0106829 0.00714913 0.00445689
 0.0078535 0.0128207 0.0194114 0.0275958 0.0371098 0.0473014 0.0571021 0.0652919 0.0709402 0.073698 0.0737549 0.0715894 0.067743 0.0627135 0.0569232 0.0507078 0.0443179 0.0379354 0.0316992 0.0257318 0.0201604 0.0151253 0.0107696 0.00720913 0.00449454
 0.00784045 0.0127967 0.0193703 0.0275299 0.0370121 0.047168 0.0569357 0.0651031 0.0707466 0.0735209 0.0736147 0.0715013 0.0677142 0.0627431 0.0570036 0.0508282 0.0444665 0.0381006 0.0318694 0.0258959 0.0203083 0.0152492 0.0108655 0.00727728 0.00453859
 0.0078099 0.0127455 0.0192903 0.027413 0.0368519 0.0469633 0.0566937 0.0648398 0.0704851 0.0732869 0.0734321 0.0713885 0.0676819 0.0627928 0.0571278 0.051012 0.0446909 0.0383456 0.0321164 0.0261289 0.0205146 0.0154203 0.0109975 0.00737132 0.00459995
 0.00777649 0.0126899 0.0192046 0.0272889 0.0366832 0.0467484 0.0564385 0.0645596 0.0702022 0.0730267 0.0732194 0.0712438 0.067619 0.0628177 0.0572376 0.0511955 0.0449303 0.0386186 0.0324 0.0264016 0.0207589 0.0156243 0.0111558 0.00748471 0.0046745
 0.00776262 0.0126646 0.019161 0.0272191 0.036579 0.0466047 0.0562557 0.0643449 0.0699693 0.0727936 0.0730059 0.0710696 0.0675016 0.06277 0.0572663 0.0512994 0.0451001 0.0388378 0.0326472 0.0266536 0.0209946 0.0158274 0.011317 0.00760225 0.00475285
 0.0077385 0.0126258 0.0191035 0.0271391 0.0364734 0.0464718 0.0560967 0.0641645 0.0697762 0.0725998 0.0728254 0.0709172 0.0673916 0.062714 0.0572726 0.0513712 0.0452341 0.0390241 0.0328692 0.0268905 0.0212245 0.0160315 0.011483 0.00772554 0.00483626
 0.00932325 0.0148446 0.0217826 0.029896 0.0388292 0.0480281 0.0566761 0.0638362 0.0687731 0.0711984 0.0712584 0.0693428 0.0659032 0.0613627 0.0560852 0.0503607 0.0444043 0.0383705 0.0323792 0.0265441 0.0209958 0.0158922 0.0114058 0.00768745 0.00482002
 0.0093086 0.0151141 0.022705 0.0319286 0.0423185 0.0529413 0.0624307 0.0693947 0.0730115 0.073349 0.0711622 0.067391 0.0627644 0.0576963 0.0523782 0.0469028 0.0413368 0.0357475 0.0302088 0.0248096 0.0196636 0.0149153 0.010727 0.00724419 0.00455024
 0.00895571 0.0145616 0.0219346 0.0309941 0.0413981 0.0523721 0.062667 0.0708466 0.0757995 0.0771223 0.0751424 0.0706667 0.0646699 0.0580409 0.0514161 0.0451206 0.039224 0.033663 0.0283582 0.02328 0.0184703 0.014034 0.0101129 0.00684307 0.00430644
 0.00879896 0.0142898 0.0214952 0.0303318 0.0404761 0.0512096 0.0613842 0.0696917 0.0751245 0.0772835 0.0763425 0.0728092 0.0673297 0.0606031 0.0533235 0.0460843 0.0392802 0.0330738 0.0274507 0.0223233 0.0176279 0.0133743 0.00964155 0.00653268 0.00411793
 0.0087271 0.0141693 0.0213057 0.0300485 0.0400705 0.0506549 0.0606672 0.0688324 0.0742004 0.0764477 0.075814 0.0728157 0.0680074 0.0619004 0.0549778 0.0477092 0.0405236 0.0337534 0.0275898 0.0220865 0.0172169 0.0129489 0.00929015 0.00628272 0.00396
 0.00869828 0.0141205 0.0212281 0.0299314 0.0399023 0.0504237 0.0603625 0.0684471 0.073735 0.07592 0.0752741 0.0723594 0.0677667 0.0620026 0.0554795 0.0485432 0.0415034 0.0346455 0.0282135 0.0223797 0.0172331 0.012802 0.00909156 0.0061049 0.00383194
 0.00870227 0.014125 0.0212308 0.0299284 0.0398871 0.0503881 0.0602966 0.0683396 0.0735748 0.0756988 0.0749924 0.0720346 0.0674432 0.0617532 0.0553887 0.048672 0.0418498 0.0351301 0.0287078 0.0227635 0.0174452 0.0128529 0.00903837 0.00601211 0.00374463
 0.00868137 0.0140965 0.021198 0.0298971 0.0398639 0.0503764 0.0602942 0.068338 0.0735608 0.0756582 0.074913 0.0719104 0.067279 0.0615705 0.0552277 0.0485838 0.0418769 0.035282 0.0289488 0.0230252 0.0176587 0.0129792 0.009079 0.00599582 0.00370561
 0.00868387 0.0140959 0.0211888 0.0298724 0.0398184 0.0503107 0.0602167 0.0682632 0.0735031 0.0756242 0.074898 0.0719005 0.0672583 0.061529 0.0551689 0.0485264 0.0418496 0.0353106 0.0290406 0.0231622 0.0178045 0.0130977 0.00915057 0.00602257 0.00370323
 0.00865796 0.0140578 0.0211388 0.0298127 0.0397519 0.0502388 0.0601394 0.0681811 0.0734199 0.0755487 0.0748419 0.0718731 0.0672608 0.061554 0.0552046 0.0485643 0.0418901 0.0353625 0.0291138 0.0232581 0.0179121 0.0131981 0.00922729 0.00606897 0.00372353
 0.00865308 0.0140484 0.021122 0.0297856 0.0397124 0.0501876 0.0600808 0.0681213 0.0733652 0.0755026 0.0748053 0.0718457 0.067244 0.0615496 0.0552133 0.0485845 0.0419193 0.0353998 0.0291607 0.0233158 0.0179779 0.0132643 0.00928406 0.00610958 0.00374703
 0.00862914 0.0140126 0.0210741 0.0297271 0.0396459 0.0501163 0.0600074 0.0680492 0.0732988 0.0754475 0.074767 0.0718282 0.0672479 0.0615729 0.0552524 0.0486354 0.0419784 0.035464 0.0292278 0.0233843 0.0180455 0.0133272 0.00933759 0.00615 0.00377346
 0.00863228 0.0140151 0.021073 0.0297184 0.0396259 0.0500835 0.0599638 0.0679999 0.0732499 0.0754037 0.0747309 0.0718004 0.067229 0.0615641 0.0552546 0.0486489 0.0420023 0.0354967 0.0292672 0.023428 0.0180907 0.0133708 0.00937595 0.00618037 0.00379468
 0.0086281 0.0140085 0.0210634 0.0297049 0.0396075 0.0500586 0.0599308 0.0679583 0.0732013 0.0753525 0.0746833 0.0717631 0.0672064 0.0615575 0.0552632 0.0486704 0.042034 0.035536 0.0293114 0.0234745 0.0181367 0.0134133 0.00941244 0.00620903 0.00381499
 0.00861552 0.0139894 0.021037 0.0296716 0.0395687 0.0500161 0.0598872 0.0679162 0.0731628 0.0753193 0.0746565 0.0717437 0.0671962 0.0615585 0.0552764 0.0486957 0.0420697 0.0355792 0.029359 0.0235232 0.0181835 0.0134555 0.00944795 0.00623657 0.00383447
 0.00861552 0.0139894 0.021037 0.0296716 0.0395687 0.0500161 0.0598872 0.0679162 0.0731628 0.0753193 0.0746565 0.0717437 0.0671962 0.0615585 0.0552764 0.0486957 0.0420697 0.0355792 0.029359 0.0235232 0.0181835 0.0134555 0.00944795 0.00623657 0.00383447
 0.00863076 0.0140131 0.0210707 0.0297157 0.0396218 0.0500754 0.0599472 0.0679697 0.0732021 0.0753376 0.0746502 0.071713 0.067145 0.0614937 0.0552067 0.0486294 0.0420135 0.0355371 0.0293319 0.0235098 0.0181809 0.0134602 0.0094564 0.00624578 0.00384244
 0.00844854 0.0137272 0.0206609 0.0291738 0.0389571 0.0493211 0.059165 0.0672447 0.0726262 0.0749851 0.0745583 0.071876 0.0675218 0.0620222 0.0558199 0.049267 0.042629 0.0360991 0.0298223 0.0239204 0.0185105 0.0137126 0.00963946 0.00637047 0.00392146
 0.0086348 0.0140011 0.0210184 0.0295896 0.0393881 0.0497143 0.0594665 0.0674085 0.0726238 0.0748156 0.0742513 0.0714852 0.0671095 0.0616425 0.0555072 0.0490339 0.0424706 0.0360011 0.0297682 0.0238955 0.0185036 0.0137157 0.00964712 0.00637904 0.00392886
 0.00888305 0.0144203 0.0216744 0.0305423 0.0406656 0.0512772 0.0611823 0.0690617 0.0739683 0.0756483 0.0744694 0.0711019 0.0662324 0.0604322 0.0541352 0.0476498 0.0411837 0.0348765 0.0288333 0.0231515 0.0179363 0.0133026 0.00936168 0.00619359 0.00381661
 0.00877452 0.014271 0.0215027 0.0303899 0.040595 0.0513623 0.0614911 0.0696321 0.0747817 0.0766133 0.0754326 0.0718893 0.066705 0.0605288 0.0538817 0.0471376 0.0405316 0.0341952 0.0282042 0.0226208 0.0175201 0.0129967 0.00915065 0.00605727 0.00373465
 0.00864079 0.0140412 0.0211368 0.0298513 0.0398696 0.0504839 0.0605598 0.0688071 0.0742417 0.0764977 0.0757901 0.0726574 0.0677282 0.0616083 0.0548362 0.0478513 0.0409721 0.0343996 0.0282458 0.0225754 0.0174454 0.012926 0.0090973 0.00602255 0.00371455
 0.0087346 0.0141739 0.021298 0.0300139 0.0399915 0.0505144 0.0604525 0.0685373 0.0738265 0.0760074 0.0753387 0.072367 0.067681 0.0618107 0.0552159 0.0482894 0.0413525 0.0346492 0.0283491 0.0225628 0.0173668 0.0128277 0.00900927 0.00595729 0.00367253
 0.00852361 0.0138528 0.0208559 0.0294559 0.0393375 0.0497959 0.0597097 0.067817 0.0731784 0.0754801 0.0749788 0.0722203 0.0677885 0.0621946 0.0558592 0.049125 0.0422722 0.0355337 0.0291039 0.0231405 0.0177678 0.0130836 0.00916177 0.00604369 0.00371963
#pred catch len freq
 0.00470506 0.00743466 0.0108232 0.0147762 0.0192293 0.0241289 0.0293598 0.0347101 0.0399139 0.044721 0.0489395 0.0524502 0.0552086 0.057235 0.0585842 0.0593126 0.0594566 0.05902 0.0579472 0.056075 0.0531055 0.0486774 0.0425752 0.0349885 0.0266225
 0.00496363 0.00775696 0.0111312 0.0149478 0.0191448 0.023738 0.0287256 0.0339946 0.039304 0.0443394 0.0487942 0.0524491 0.0552235 0.0571747 0.0584415 0.0591652 0.0594266 0.0592085 0.0583749 0.0566605 0.0536964 0.0491202 0.0427839 0.0349724 0.0264625
 0.00534788 0.00834594 0.0119443 0.0159612 0.0202778 0.0248462 0.0296153 0.0344725 0.0392563 0.0437962 0.0479276 0.0514913 0.054357 0.0564677 0.0578648 0.0586639 0.0589848 0.0588624 0.0581736 0.0566127 0.0537455 0.049169 0.0427489 0.0348269 0.0262403
 0.00567474 0.00886567 0.0127055 0.0170025 0.0216206 0.0264794 0.03147 0.0363998 0.0410272 0.0451437 0.0486262 0.0514433 0.0536331 0.0552707 0.0564354 0.0571918 0.0575758 0.0575628 0.057007 0.0555929 0.0528682 0.0484076 0.0420703 0.0342163 0.0257096
 0.00603395 0.00942013 0.0134875 0.0180295 0.0229019 0.0280223 0.0332756 0.0384434 0.0432302 0.04735 0.0506015 0.0529125 0.054356 0.0551259 0.0554663 0.0555836 0.055579 0.0554103 0.0548691 0.0535744 0.0510275 0.0467762 0.0406673 0.0330558 0.0248002
 0.00641121 0.0100041 0.0143127 0.0191116 0.0242403 0.0296046 0.0350778 0.0404275 0.0453417 0.0495132 0.0527077 0.0548053 0.0558307 0.0559601 0.0554832 0.0547186 0.0539118 0.0531407 0.0522519 0.0508538 0.0483996 0.0443825 0.0386036 0.0313786 0.0235271
 0.00673469 0.0105142 0.0150521 0.0201121 0.025521 0.031168 0.0369022 0.0424603 0.0475021 0.0517015 0.0548164 0.0567219 0.0574313 0.0571016 0.0560071 0.0544819 0.0528368 0.0512604 0.0497217 0.0479196 0.0453415 0.041461 0.0360234 0.0292696 0.0219376
 0.00708306 0.0110526 0.015812 0.0211092 0.02676 0.0326474 0.0386127 0.0443751 0.049567 0.0538312 0.0568997 0.0586343 0.0590481 0.058304 0.0566802 0.0545125 0.0521277 0.0497647 0.0474842 0.0450997 0.0421976 0.0382998 0.0331323 0.0268586 0.0201063
 0.00748292 0.0116654 0.016666 0.0222087 0.0280909 0.0341843 0.040322 0.0462132 0.051478 0.0557481 0.0587456 0.0603234 0.0604865 0.0593926 0.0573187 0.0546025 0.0515786 0.0485114 0.0455197 0.0425114 0.0391842 0.0351484 0.0301556 0.0243164 0.0181454
 0.00779939 0.0121643 0.017388 0.0231825 0.0293291 0.0356791 0.0420368 0.0480798 0.0534033 0.0576302 0.0604893 0.0618486 0.061728 0.0602936 0.0578219 0.0546437 0.0510868 0.0474222 0.0438027 0.0402082 0.036438 0.0322012 0.0273024 0.0218275 0.0161934
 0.008154 0.012709 0.01815 0.0241704 0.0305381 0.037097 0.0436433 0.0498373 0.0552474 0.0594673 0.0622066 0.0633322 0.0628831 0.0610558 0.0581548 0.0545241 0.0504901 0.046318 0.0421715 0.0380747 0.0339064 0.0294677 0.0246257 0.0194614 0.0143142
 0.00864918 0.0134596 0.019179 0.0254649 0.0320575 0.0387861 0.0454402 0.0516739 0.0570489 0.061155 0.0637014 0.0645578 0.0637697 0.0615465 0.0582121 0.0541309 0.0496433 0.0450203 0.0404332 0.035932 0.0314501 0.026861 0.0220881 0.0172164 0.012523
 0.00912756 0.014199 0.0202204 0.0268202 0.0337084 0.040684 0.047503 0.0537864 0.0590752 0.0629613 0.0651789 0.0656338 0.0644066 0.0617336 0.0579551 0.0534441 0.0485446 0.0435303 0.0385797 0.0337636 0.0290559 0.0243834 0.0197123 0.0151303 0.0108625
 0.00951912 0.0148091 0.02109 0.0279724 0.035148 0.0423956 0.0494429 0.0558729 0.0611859 0.0649444 0.0668755 0.0669062 0.0651626 0.0619381 0.0576246 0.0526286 0.047306 0.0419289 0.0366728 0.0316166 0.0267598 0.0220661 0.0175303 0.0132372 0.00936645
 0.00981156 0.0152664 0.0217456 0.0288478 0.0362535 0.0437287 0.0509831 0.0575735 0.0629703 0.0667078 0.0684929 0.0682456 0.0661036 0.0623926 0.0575522 0.05204 0.0462527 0.0404859 0.0349247 0.0296539 0.0246856 0.0200024 0.0156128 0.0115912 0.00807542
