SBPRF35
12.7214
Curr Bio
820580
B35
848196
F35
0.169361
FOFL
0.164948
OFL
111721
Bzero
3.63469e+006
#pred survey bio
 3.19211e+006 2.83966e+006 2.59493e+006 2.33858e+006 2.07719e+006 1.83558e+006 1.65334e+006 1.45085e+006 1.29377e+006 1.15117e+006 1.02581e+006 908804 812166 742387 700253 656885 631488 611779 607814 585565 571031 565926 561596 564466 559705 556001 559331 564819 574110 577661 577351 585048 598623 613432 626636 648965 663642 671982 675086 680072 679482 679724 685326 696269 694659 696501 701248 738753 780424 806852 825171 832525 826588 2.91482e+007 1.72756e+007 1.74039e+007 1.81746e+007 1.93907e+007 2.08e+007 2.2205e+007 2.34852e+007 2.45849e+007 2.54922e+007 2.62199e+007 2.67923e+007 2.72365e+007 2.75781e+007 2.78395e+007 2.8039e+007 2.81912e+007 2.83075e+007 2.83965e+007 2.8465e+007 2.85178e+007 2.85587e+007 2.85906e+007 2.86156e+007 2.86352e+007 2.86507e+007 2.86629e+007 2.86726e+007 2.86804e+007 2.86866e+007 2.86915e+007 2.86955e+007 2.86988e+007 2.87014e+007 2.87035e+007 2.87052e+007 2.87066e+007 2.87077e+007 2.87087e+007 2.87094e+007 2.871e+007 2.87105e+007 2.87109e+007 2.87113e+007 2.87115e+007 2.87118e+007 2.87119e+007 2.87121e+007 2.87122e+007 2.87123e+007 2.87124e+007 2.87125e+007 2.87125e+007 2.87126e+007 2.87126e+007 2.87126e+007 2.87127e+007 2.87127e+007 2.87127e+007 2.87127e+007 2.87127e+007 2.87127e+007 2.87127e+007 2.87127e+007 2.87127e+007 2.87127e+007 2.87128e+007 2.87128e+007 2.87128e+007 2.87128e+007 2.87128e+007 2.87128e+007 2.87128e+007 2.87128e+007 2.87128e+007 2.87128e+007 2.87128e+007 2.87128e+007 2.87128e+007 2.87128e+007 2.87128e+007 2.87128e+007 2.87128e+007 2.87128e+007 2.87128e+007 2.87128e+007 2.87128e+007 2.87128e+007 2.87128e+007 2.87128e+007 2.87128e+007 2.87128e+007 2.87128e+007 2.87128e+007 2.87128e+007 2.87128e+007 2.87128e+007 2.87128e+007 2.87128e+007 2.87128e+007 0 0 0 0 0 0 0 0 0 0 0 0 0 0 0 0 0 0 0 0 0 0 0 0 0
#obs survey bio
 3.5898e+006 2.55344e+006 2.24243e+006 1.95357e+006 2.78242e+006 1.47358e+006 1.82345e+006 1.44012e+006 978494 1.23962e+006 870351 708814 850865 931405 408141 645980 674950 473259 518348 889658 615661 637114 516086 674054 638452 527812 574574 473980 572880 589288 660967 501760 594497 544340 576276 369168 677782 715226 591572 725062 874235 609839 678114 797354 703582 601373 505521 724735 806064 872385 918891 752628 779017
#pred catch bio
 356791 274582 300925 319788 313982 270706 296575 261680 253275 240292 232557 212148 185454 159061 157550 139374 132128 116851 128958 117604 106284 103774 96969.3 102900 101042 94898 93602.3 91017.7 96148.4 99244.4 93158.5 90460 92542.4 97044.4 92464.7 101484 107583 111294 108301 111130 108438 102796 98101.2 108817 106109 104816 79439.9 79063 93417.4 99998 108231 117176 102702 111721 112929 112505 116089 123229 131890 140546 148345 154923 160223 164352 167489 169826 171542 172787 173682 174320 174772 175092 175316 175474 175584 175660 175714 175751 175777 175795 175807 175816 175822 175826 175828 175830 175832 175833 175833 175834 175834 175834 175834 175835 175835 175835 175835 175835 175835 175835 175835 175835 175835 175835 175835 175835 175835 175835 175835 175835 175835 175835 175835 175835 175835 175835 175835 175835 175835 175835 175835 175835 175835 175835 175835 175835 175835 175835 175835 175835 175835 175835 175835 175835 175835 175835 175835 175835 175835 175835 175835 175835 175835 175835 175835 175835 175835 175835 175835 175835 175835 175835 175835 0 0 0 0 0 0 0 0 0 0 0 0 0 0 0 0 0 0 0 0 0 0 0 0 0
#obs catch bio
 250790 273967 301876 320995 314999 271060 297066 260944 254195 241400 234695 214441 186485 159260 159254 140584 133132 118039 130827 117520 105583 103005 96356.5 102820 100767 94444.3 93502.2 91041.6 96023.3 98909.6 92670.6 90529.4 92823.8 97776.2 93200.1 102667 108624 112108 108809 111486 107900 102804 97733.3 108330 105506 104975 79400.5 79089.2 93807.4 100125 108239 117599 102597
#pred cpue bio
 3.14235e+006 2.79262e+006 2.54937e+006 2.29417e+006 2.03425e+006 1.79424e+006 1.61308e+006 1.41228e+006 1.25628e+006 1.11473e+006 990596 875211 780269 711970 670756 628427 603805 584853 581341 560411 547009 542455 538336 541089 536520 533017 536236 541543 550676 554287 554012 561272 574078 588067 600577 622150 636501 644923 648366 653675 653596 654148 659735 670499 668896 670442 674760 711343 752482 778879 797227 804713 799364 2.8229e+007 1.67468e+007 1.674e+007 1.73435e+007 1.84952e+007 1.98877e+007 2.1289e+007 2.25684e+007 2.3668e+007 2.45752e+007 2.5303e+007 2.58754e+007 2.63195e+007 2.66611e+007 2.69225e+007 2.7122e+007 2.72742e+007 2.73905e+007 2.74796e+007 2.7548e+007 2.76008e+007 2.76418e+007 2.76737e+007 2.76986e+007 2.77182e+007 2.77337e+007 2.7746e+007 2.77557e+007 2.77634e+007 2.77696e+007 2.77746e+007 2.77786e+007 2.77818e+007 2.77844e+007 2.77865e+007 2.77882e+007 2.77896e+007 2.77908e+007 2.77917e+007 2.77925e+007 2.77931e+007 2.77936e+007 2.7794e+007 2.77943e+007 2.77946e+007 2.77948e+007 2.7795e+007 2.77951e+007 2.77953e+007 2.77954e+007 2.77954e+007 2.77955e+007 2.77956e+007 2.77956e+007 2.77956e+007 2.77957e+007 2.77957e+007 2.77957e+007 2.77957e+007 2.77957e+007 2.77958e+007 2.77958e+007 2.77958e+007 2.77958e+007 2.77958e+007 2.77958e+007 2.77958e+007 2.77958e+007 2.77958e+007 2.77958e+007 2.77958e+007 2.77958e+007 2.77958e+007 2.77958e+007 2.77958e+007 2.77958e+007 2.77958e+007 2.77958e+007 2.77958e+007 2.77958e+007 2.77958e+007 2.77958e+007 2.77958e+007 2.77958e+007 2.77958e+007 2.77958e+007 2.77958e+007 2.77958e+007 2.77958e+007 2.77958e+007 2.77958e+007 2.77958e+007 2.77958e+007 2.77958e+007 2.77958e+007 2.77958e+007 2.77958e+007 2.77958e+007 2.77958e+007 2.77958e+007 0 0 0 0 0 0 0 0 0 0 0 0 0 0 0 0 0 0 0 0 0 0 0 0 0
#obs cpue bio
 2.8722e+006 2.59763e+006 2.14602e+006 2.69464e+006 1.62625e+006 1.96978e+006 1.87814e+006 1.67074e+006 1.10675e+006 911218 862997 896924 860119 623676 676792 558944 563086 455176 587497 788874 769614 603968 556162 350097 554088 666218 423479 550057 672838 685777 562095 397541 465152 455834 456476 811399 653850 677760 769806 704146 997632 483192 881957 770288 728444 514672 748143 693474 588283 890752 816093 736644 1.04149e+006
#pred surv len freq
 0.00495088 0.00810058 0.0123055 0.0175753 0.0237858 0.0305823 0.037359 0.0434152 0.0482195 0.0515808 0.053616 0.0545947 0.0548021 0.054479 0.0538138 0.0529541 0.0520228 0.051116 0.0502522 0.0492744 0.0477672 0.0451115 0.0407469 0.0345437 0.0270309
 0.00529969 0.00860694 0.012959 0.0183383 0.0246181 0.0314733 0.0383419 0.0445455 0.0495261 0.0530201 0.0550628 0.0558791 0.0557725 0.0550532 0.0539931 0.0527968 0.0515947 0.0504438 0.0493051 0.0479863 0.0460958 0.0431026 0.0385612 0.0324205 0.0252034
 0.0055479 0.00901979 0.0135933 0.0192417 0.0258066 0.0329054 0.0399077 0.0460919 0.0509151 0.0541846 0.0560164 0.0566711 0.0564246 0.0555296 0.0542203 0.0527091 0.051164 0.0496732 0.0482028 0.0465512 0.0443365 0.0410801 0.0364172 0.0303601 0.0234299
 0.00576258 0.00937774 0.0141497 0.0200559 0.0269321 0.0343711 0.0416924 0.0481065 0.053004 0.0561541 0.0576835 0.057913 0.0572025 0.0558721 0.0541785 0.0523163 0.0504243 0.0485759 0.0467419 0.0447401 0.042222 0.0387606 0.0340526 0.0281502 0.0215606
 0.00601895 0.00979052 0.0147643 0.0209142 0.0280681 0.0358018 0.0434062 0.050054 0.0550953 0.0582635 0.0596584 0.0595902 0.0584364 0.0565654 0.0543005 0.051894 0.049512 0.0472256 0.0449939 0.0426361 0.0398327 0.0362082 0.0315138 0.0258274 0.0196283
 0.00632026 0.0102709 0.0154698 0.0218814 0.0293182 0.0373313 0.0451781 0.0519949 0.0571068 0.0602393 0.061496 0.0611911 0.0597009 0.0573947 0.0546103 0.0516337 0.0486753 0.0458465 0.0431336 0.0403765 0.037284 0.0335225 0.0288837 0.0234572 0.017683
 0.00653151 0.0106169 0.015995 0.0226287 0.0303205 0.0385988 0.0466848 0.0536756 0.0588682 0.0619802 0.0631244 0.0626303 0.0608845 0.0582578 0.055084 0.0516491 0.0481773 0.0448106 0.0415783 0.0383704 0.0349472 0.0310249 0.0264296 0.0212508 0.0158808
 0.00691431 0.0112175 0.0168586 0.023783 0.0317718 0.0403259 0.0486307 0.0557437 0.0609318 0.0639036 0.0647864 0.0639402 0.0617875 0.0587289 0.0551152 0.051234 0.047304 0.0434673 0.039772 0.0361501 0.0324224 0.028367 0.0238511 0.0189607 0.0140324
 0.00720749 0.011696 0.0175811 0.0248023 0.0331212 0.0419997 0.0505667 0.0578231 0.0630017 0.0658126 0.0664122 0.0651998 0.0626321 0.0591356 0.0550788 0.0507595 0.046399 0.0421396 0.0380377 0.034053 0.0300562 0.0258846 0.0214479 0.0168318 0.0123202
 0.00744146 0.0120844 0.0181808 0.0256716 0.0343082 0.0435232 0.052396 0.0598677 0.0651212 0.0678412 0.0681893 0.0665946 0.063559 0.0595573 0.0549974 0.0502019 0.0454015 0.0407392 0.0362743 0.0319833 0.0277725 0.0235259 0.0191889 0.0148461 0.010733
 0.00762235 0.0123852 0.0186465 0.02635 0.0352418 0.044736 0.053878 0.0615663 0.0669436 0.0696666 0.0698839 0.0680272 0.0646164 0.0601583 0.0551021 0.0498106 0.0445452 0.0394672 0.0346473 0.0300759 0.0256842 0.0213889 0.017159 0.0130737 0.00932388
 0.00777979 0.0126502 0.0190622 0.0269623 0.0360905 0.04584 0.0552202 0.0630888 0.0685557 0.071262 0.0713561 0.0692783 0.0655611 0.0607276 0.0552484 0.0495126 0.0438104 0.0383303 0.0331666 0.0283322 0.0237825 0.0194582 0.0153417 0.0115004 0.00808221
 0.00792771 0.0128865 0.0194107 0.0274447 0.0367246 0.0466364 0.0561765 0.0641829 0.0697435 0.0724799 0.0725273 0.0703218 0.0664004 0.0612976 0.0554989 0.0494104 0.0433418 0.0375047 0.03202 0.0269298 0.0222193 0.0178537 0.0138254 0.0101876 0.00704811
 0.00812142 0.0131761 0.0197999 0.0279214 0.0372669 0.0472213 0.056787 0.0648092 0.0703811 0.0731251 0.0731718 0.0709462 0.0669703 0.0617642 0.0558053 0.0495013 0.0431733 0.037053 0.0312889 0.0259563 0.021075 0.0166387 0.0126529 0.00915996 0.00623321
 0.00818058 0.0132781 0.019963 0.0281633 0.0375971 0.0476321 0.0572481 0.0652743 0.0708055 0.0734854 0.0734747 0.0712195 0.0672418 0.0620414 0.0560662 0.049698 0.0432453 0.0369449 0.0309666 0.0254194 0.0203621 0.015823 0.0118271 0.00841341 0.00562925
 0.00821759 0.0133483 0.0200873 0.0283675 0.0379059 0.048059 0.0577844 0.0658841 0.0714294 0.0740536 0.0739257 0.0715172 0.0673846 0.0620576 0.0559954 0.0495695 0.0430641 0.0366923 0.0306143 0.0249493 0.0197824 0.0151739 0.0111716 0.00781886 0.00514627
 0.00823633 0.013365 0.0200885 0.028336 0.0378303 0.047946 0.0576669 0.065815 0.0714628 0.0742211 0.0742207 0.0718971 0.0677882 0.0624272 0.0562934 0.0497811 0.0431876 0.0367264 0.0305517 0.0247812 0.0195107 0.0148209 0.0107801 0.00744054 0.00482504
 0.00819725 0.0133127 0.0200295 0.0282809 0.0377878 0.0479159 0.0576379 0.0657724 0.0714025 0.0741608 0.0741979 0.0719518 0.0679407 0.0626661 0.05658 0.0500659 0.0434278 0.036893 0.0306286 0.0247622 0.0193992 0.0146332 0.0105465 0.00719895 0.00461039
 0.00789071 0.0128566 0.0194227 0.0275528 0.0369932 0.0471241 0.0569216 0.0651984 0.071022 0.0740008 0.0742595 0.0722176 0.0683845 0.0632563 0.0572766 0.0508167 0.0441715 0.0375693 0.0311901 0.0251804 0.0196673 0.0147646 0.0105706 0.00715499 0.00453705
 0.00785926 0.0127808 0.019265 0.0272684 0.0365478 0.0465187 0.0562094 0.0644794 0.070412 0.0735913 0.0740912 0.0722795 0.0686338 0.0636422 0.0577549 0.0513515 0.0447287 0.0381116 0.0316776 0.0255787 0.0199552 0.0149397 0.0106491 0.00716477 0.00450944
 0.00798144 0.0129417 0.019436 0.0273952 0.0365605 0.0463511 0.0558211 0.0638733 0.069643 0.0727618 0.0733306 0.0717096 0.0683338 0.0636309 0.0579963 0.0517778 0.0452642 0.0386869 0.0322342 0.0260701 0.0203496 0.0152231 0.0108267 0.00725698 0.00454401
 0.00808263 0.0130946 0.0196423 0.0276434 0.036822 0.0465772 0.0559461 0.0638256 0.069368 0.0722492 0.0726306 0.0709284 0.0676058 0.0630793 0.0576989 0.0517514 0.0454703 0.0390532 0.0326785 0.0265185 0.0207465 0.0155361 0.0110458 0.00739143 0.00461437
 0.00816867 0.0132294 0.0198352 0.0278981 0.037134 0.04693 0.0563066 0.0641426 0.0695777 0.072288 0.0724543 0.0705316 0.0670331 0.0624208 0.0570685 0.0512533 0.0451692 0.0389603 0.0327577 0.0267063 0.0209755 0.0157521 0.0112169 0.00750786 0.00468229
 0.0080684 0.0130914 0.0196741 0.0277435 0.0370226 0.0468931 0.0563586 0.0642769 0.0697684 0.0724956 0.0726317 0.0706317 0.0670208 0.0622871 0.0568397 0.050988 0.0449399 0.0388273 0.0327478 0.0268072 0.0211466 0.015944 0.0113892 0.0076386 0.0047678
 0.00808072 0.0130989 0.0196635 0.0276985 0.0369329 0.0467658 0.0562245 0.0641833 0.0697599 0.0725914 0.0728142 0.0708516 0.0672152 0.0624015 0.0568449 0.0508889 0.0447736 0.0386495 0.032612 0.0267455 0.0211609 0.0160118 0.0114784 0.00772201 0.00483066
 0.0081761 0.0132354 0.0198337 0.0278817 0.0370984 0.0468804 0.0562618 0.0641328 0.0696335 0.0724241 0.0726539 0.0707407 0.0671713 0.0624099 0.056868 0.0508867 0.044724 0.0385577 0.0325053 0.026657 0.0211135 0.0160094 0.0115085 0.00776518 0.00487104
 0.00816309 0.0132247 0.0198362 0.0279116 0.0371662 0.046984 0.0563803 0.0642302 0.0696718 0.0723811 0.0725356 0.0705802 0.0670155 0.0622993 0.0568203 0.0508924 0.0447558 0.038588 0.0325203 0.0266601 0.0211172 0.0160244 0.0115366 0.00780039 0.00490473
 0.00809707 0.013125 0.0197012 0.0277468 0.0369856 0.0468093 0.056238 0.0641444 0.0696551 0.0724263 0.0726171 0.0706663 0.0670848 0.06235 0.0568668 0.0509523 0.0448369 0.0386842 0.0326178 0.0267472 0.0211899 0.0160848 0.0115883 0.00784457 0.00494039
 0.00801353 0.0129912 0.019504 0.0274774 0.0366432 0.0464067 0.055806 0.0637313 0.0693169 0.0722118 0.072553 0.0707498 0.0672864 0.0626266 0.057177 0.0512669 0.045141 0.0389707 0.0328808 0.0269797 0.0213856 0.0162414 0.0117077 0.00793136 0.00500012
 0.00804838 0.0130338 0.0195419 0.0274896 0.0366051 0.0462981 0.0556195 0.0634761 0.0690186 0.0719082 0.0722867 0.0705593 0.0671969 0.0626429 0.057284 0.0514367 0.0453433 0.0391812 0.0330832 0.0271638 0.021545 0.0163724 0.0118093 0.00800541 0.00505064
 0.00822658 0.0132958 0.0198838 0.0278874 0.0370182 0.0466769 0.0559135 0.0636414 0.0690259 0.0717513 0.0719875 0.0701648 0.0667676 0.0622374 0.0569459 0.0511876 0.045183 0.0390948 0.0330499 0.0271641 0.0215637 0.0163987 0.0118362 0.00802898 0.00506894
 0.00834709 0.0134855 0.0201565 0.0282484 0.0374587 0.0471691 0.0564071 0.0640687 0.0693173 0.0718562 0.0718894 0.0698842 0.0663538 0.0617546 0.0564586 0.0507485 0.0448254 0.0388304 0.0328726 0.0270567 0.0215061 0.0163729 0.0118286 0.00803017 0.00507333
 0.00838601 0.0135517 0.0202618 0.0284054 0.0376784 0.0474555 0.0567514 0.0644457 0.0696859 0.0721654 0.0720892 0.0699379 0.0662489 0.0615072 0.0561098 0.0503532 0.0444381 0.0384929 0.0326077 0.0268684 0.0213848 0.0163022 0.0117917 0.00801351 0.00506733
 0.00836025 0.0135204 0.0202344 0.0283981 0.037711 0.0475456 0.0569088 0.0646691 0.0699621 0.0724694 0.0723862 0.0701865 0.0664088 0.0615495 0.0560261 0.0501599 0.0441723 0.0382015 0.0323337 0.0266411 0.0212161 0.0161895 0.0117238 0.00797653 0.00504928
 0.00830754 0.0134442 0.020138 0.0282922 0.0376125 0.0474753 0.0568879 0.0647156 0.070086 0.0726687 0.0726437 0.0704716 0.0666819 0.0617699 0.0561607 0.0501911 0.0441032 0.0380552 0.0321461 0.0264499 0.02105 0.0160632 0.0116385 0.00792524 0.00502166
 0.00814618 0.0131988 0.0198007 0.0278692 0.0371244 0.0469566 0.0563862 0.0642878 0.0697898 0.0725489 0.0727208 0.070736 0.0670961 0.0622767 0.0566943 0.0506897 0.0445206 0.0383682 0.0323558 0.0265756 0.021119 0.0161006 0.0116614 0.00794194 0.00503477
 0.00795612 0.0129142 0.0194181 0.0274022 0.0366009 0.046413 0.0558631 0.0638278 0.0694345 0.072334 0.0726701 0.0708574 0.06738 0.0626955 0.0572046 0.0512377 0.0450512 0.0388352 0.0327313 0.0268526 0.0213083 0.0162226 0.0117374 0.0079888 0.0050636
 0.0078361 0.0127192 0.0191263 0.0269969 0.0360783 0.0457918 0.0551908 0.0631765 0.0688839 0.0719488 0.0724852 0.0708768 0.067586 0.0630587 0.0576888 0.0518005 0.0456445 0.0394099 0.0332444 0.0272759 0.0216316 0.0164524 0.0118905 0.00808513 0.00512109
 0.00774615 0.0125787 0.0189251 0.0267283 0.0357386 0.0453813 0.054717 0.0626594 0.0683596 0.0714683 0.0721057 0.070649 0.0675406 0.0632002 0.0579975 0.0522393 0.0461663 0.0399636 0.033781 0.0277542 0.0220248 0.0167509 0.0120999 0.00822129 0.00520324
 0.00762652 0.0123916 0.0186575 0.026374 0.0353001 0.0448715 0.0541613 0.0620939 0.0678256 0.0710048 0.0717458 0.0704196 0.0674642 0.0632922 0.0582602 0.0526566 0.0467032 0.0405709 0.0344032 0.0283391 0.0225316 0.0171559 0.0123982 0.00842342 0.00532907
 0.00766718 0.0124325 0.0186729 0.0263249 0.0351455 0.0445853 0.0537465 0.0615848 0.0672774 0.0704764 0.0712861 0.070063 0.067232 0.0631978 0.0583107 0.0528517 0.0470306 0.0410027 0.0348973 0.0288453 0.0230019 0.017554 0.0127057 0.00863994 0.00546791
 0.00771172 0.0125024 0.0187715 0.0264489 0.0352801 0.0446999 0.0537955 0.0615185 0.0670612 0.0701102 0.0708104 0.0695473 0.0667524 0.062816 0.0580653 0.0527586 0.0470876 0.0411927 0.0351892 0.029197 0.0233664 0.0178886 0.012981 0.00884375 0.00560382
 0.00771273 0.0125031 0.018771 0.0264463 0.0352749 0.0446919 0.0537832 0.0614953 0.0670122 0.0700134 0.0706451 0.0693073 0.0664562 0.0625063 0.0577964 0.0525794 0.0470289 0.0412618 0.0353713 0.02946 0.0236683 0.0181865 0.0132402 0.0090448 0.00574323
 0.00772056 0.0125071 0.0187613 0.0264088 0.0351958 0.0445645 0.0536132 0.0613013 0.066819 0.0698427 0.0705069 0.0691972 0.0663612 0.0624153 0.0577112 0.0525178 0.047018 0.0413255 0.0355187 0.0296804 0.0239337 0.0184605 0.0134886 0.00924454 0.00588629
 0.0078475 0.0127002 0.0190261 0.0267391 0.0355727 0.0449562 0.0539771 0.0615896 0.0669899 0.0698725 0.0703969 0.0689698 0.066049 0.0620506 0.0573219 0.0521298 0.0466594 0.0410262 0.0353039 0.0295623 0.0239059 0.0185004 0.0135653 0.00932893 0.00595865
 0.00790609 0.0128001 0.0191845 0.026973 0.0358927 0.045358 0.0544338 0.0620519 0.0673956 0.070163 0.0705318 0.0689357 0.0658585 0.0617361 0.0569252 0.0516939 0.0462235 0.0406248 0.0349661 0.0293081 0.0237424 0.0184188 0.013545 0.0093442 0.00598701
 0.00786282 0.0127448 0.0191295 0.0269408 0.0359114 0.0454539 0.0546224 0.0623319 0.0677459 0.0705436 0.0708898 0.0692162 0.066018 0.0617534 0.0568052 0.051464 0.0459243 0.0403006 0.0346576 0.029047 0.0235475 0.0182943 0.0134814 0.00932364 0.00599013
 0.00759401 0.0123251 0.0185324 0.0261589 0.0349643 0.0443965 0.0535503 0.0613734 0.0670358 0.0701861 0.0709282 0.0696231 0.0667084 0.0626109 0.0577124 0.0523262 0.0466829 0.0409333 0.0351695 0.0294574 0.0238781 0.0185617 0.0136949 0.00948779 0.00610846
 0.00738913 0.0119897 0.0180244 0.0254403 0.034013 0.0432227 0.0522134 0.059986 0.0657491 0.0691592 0.0702943 0.0694616 0.0670295 0.0633546 0.0587638 0.0535433 0.0479286 0.0421009 0.0361938 0.0303124 0.0245649 0.0190953 0.0140947 0.00977396 0.0063014
 0.00729667 0.0118406 0.0178011 0.0251246 0.0335857 0.0426661 0.0515175 0.0591581 0.0648242 0.068206 0.069413 0.0687693 0.0666347 0.0633287 0.0591188 0.054227 0.0488386 0.0431126 0.0371915 0.031211 0.0253176 0.0196883 0.0145366 0.0100849 0.00650679
 0.00724302 0.0117547 0.0176738 0.0249476 0.0333517 0.0423692 0.0511538 0.0587258 0.0643237 0.0676432 0.0688064 0.06816 0.066091 0.0629375 0.0589637 0.0543594 0.0492563 0.0437575 0.0379665 0.0320096 0.0260509 0.0203008 0.0150072 0.0104195 0.00672705
 0.00705387 0.0114864 0.0173424 0.0245914 0.033019 0.042099 0.0509596 0.0585933 0.0642195 0.0675285 0.0686493 0.0679445 0.0658248 0.0626565 0.0587301 0.0542471 0.0493271 0.0440357 0.0384268 0.0325845 0.0266543 0.0208549 0.0154617 0.0107561 0.0069535
 0.00672358 0.0109937 0.016685 0.0238015 0.0321603 0.0412568 0.0502288 0.0580616 0.063945 0.0675187 0.0688551 0.0682774 0.0661899 0.0629862 0.0590021 0.054485 0.0495833 0.044365 0.0388593 0.0331102 0.0272263 0.0214088 0.0159401 0.011126 0.00721035
#obs surv len freq
 0.00497777 0.00815255 0.0123987 0.0177293 0.0240175 0.0308977 0.0377439 0.0438319 0.0486102 0.0518763 0.0537483 0.0545123 0.0544897 0.0539799 0.0532449 0.0524984 0.0518848 0.0514383 0.0510199 0.0502605 0.048578 0.0453423 0.0401765 0.0332491 0.0253413
 0.0051908 0.00850224 0.0129312 0.0184896 0.025041 0.0321959 0.039291 0.0455599 0.050419 0.0536525 0.0553818 0.0559039 0.0555529 0.0546404 0.0534429 0.0521944 0.0510663 0.0501272 0.0492781 0.0481925 0.0463287 0.0430844 0.0380871 0.0314759 0.0239704
 0.00542081 0.00887889 0.0135033 0.0193048 0.026137 0.0335869 0.0409526 0.0474232 0.0523791 0.0555877 0.0571724 0.057444 0.0567537 0.0554294 0.0537607 0.0519941 0.0503174 0.0488255 0.0474606 0.0459516 0.043817 0.0405045 0.0356591 0.0293907 0.0223451
 0.0056556 0.00926368 0.0140883 0.020139 0.0272595 0.0350121 0.0426556 0.0493341 0.0543921 0.0575813 0.0590275 0.0590545 0.0580301 0.0562979 0.0541613 0.0518773 0.0496455 0.0475798 0.045658 0.0436654 0.0411924 0.0377536 0.0330278 0.0271025 0.0205452
 0.00590005 0.00966556 0.0147014 0.0210163 0.0284428 0.0365156 0.0444495 0.0513388 0.0564905 0.0596411 0.0609236 0.060681 0.0593026 0.0571511 0.054544 0.0517477 0.0489688 0.0463338 0.0438487 0.041351 0.0385056 0.0349039 0.0302708 0.0246811 0.0186247
 0.00614175 0.0100606 0.0153 0.0218671 0.0295843 0.0379625 0.0461769 0.0532765 0.0585306 0.0616578 0.0627924 0.0622921 0.0605673 0.0580021 0.0549323 0.0516366 0.0483292 0.045146 0.042115 0.0391195 0.0358947 0.0321101 0.0275439 0.022266 0.016695
 0.00638657 0.0104605 0.0159053 0.0227256 0.0307321 0.039409 0.0478905 0.0551797 0.0605117 0.0635927 0.0645644 0.0638027 0.0617383 0.0587739 0.055261 0.05149 0.0476831 0.0439852 0.0404433 0.0369799 0.0333939 0.0294287 0.0249165 0.0199279 0.0148176
 0.00661636 0.0108394 0.0164854 0.0235583 0.0318572 0.0408383 0.0495908 0.0570677 0.0624672 0.0654826 0.0662668 0.0652196 0.0627988 0.0594312 0.0554861 0.0512648 0.0469951 0.0428274 0.0388234 0.0349391 0.0310287 0.0269027 0.0224435 0.0177248 0.0130447
 0.00684345 0.0112114 0.0170506 0.0243633 0.0329382 0.0422066 0.0512173 0.0588771 0.0643467 0.0673029 0.0679031 0.0665675 0.0637816 0.0600016 0.0556219 0.050961 0.0462555 0.0416606 0.0372479 0.032999 0.0288136 0.0245587 0.0201607 0.0156964 0.0114134
 0.00707364 0.0115881 0.0176218 0.0251745 0.0340228 0.0435705 0.0528245 0.0606449 0.0661585 0.0690306 0.069429 0.0677964 0.0646449 0.0604574 0.0556521 0.0505665 0.0454501 0.040466 0.0356955 0.0311402 0.0267353 0.0223926 0.018073 0.0138537 0.00993751
 0.00726509 0.0119059 0.0181121 0.025884 0.0349884 0.0448037 0.0542957 0.0622783 0.067843 0.0706421 0.0708517 0.0689365 0.0654362 0.0608608 0.0556527 0.0501682 0.0446701 0.0393317 0.0342451 0.02943 0.0248502 0.020452 0.016221 0.012231 0.00864455
 0.00744146 0.0121931 0.0185454 0.0264971 0.0358075 0.045838 0.0555263 0.0636527 0.0692793 0.0720419 0.0721149 0.0699733 0.066176 0.0612569 0.0556832 0.0498326 0.0439844 0.0383242 0.0329565 0.0279176 0.0231952 0.0187621 0.0146208 0.0108386 0.00754115
 0.00755099 0.0123727 0.0188188 0.0268878 0.0363354 0.0465128 0.056341 0.0645802 0.0702757 0.0730531 0.073082 0.0708361 0.0668752 0.0617375 0.0559006 0.0497577 0.0436067 0.0376526 0.0320194 0.0267647 0.0219 0.0174205 0.0133414 0.00972174 0.00665523
 0.00760516 0.0124587 0.0189449 0.0270618 0.0365651 0.0468062 0.0567053 0.0650194 0.0707879 0.0736282 0.0737002 0.0714666 0.0674764 0.0622599 0.0562906 0.0499644 0.0435895 0.0373889 0.0315102 0.026039 0.021015 0.016458 0.012396 0.00888148 0.00598137
 0.00767293 0.0125609 0.0190838 0.0272346 0.0367651 0.0470255 0.056937 0.0652595 0.0710367 0.0738904 0.0739829 0.0717746 0.0678058 0.0625929 0.0565945 0.0501951 0.0436993 0.0373361 0.0312705 0.025614 0.0204373 0.0157882 0.0117114 0.00825761 0.00547306
 0.00774772 0.012676 0.0192445 0.0274405 0.037009 0.0472936 0.057209 0.0655117 0.0712481 0.0740504 0.0740956 0.0718566 0.0678788 0.0626736 0.0566861 0.0502834 0.0437539 0.0373184 0.031145 0.0253616 0.0200649 0.015331 0.0112248 0.00780148 0.00509414
 0.00776392 0.0127018 0.0192824 0.0274922 0.0370756 0.0473745 0.0573015 0.0656108 0.0713474 0.0741437 0.0741794 0.071932 0.0679514 0.062752 0.0567765 0.0503845 0.0438522 0.0373884 0.0311556 0.0252866 0.0198952 0.0150808 0.0109292 0.00750545 0.00483707
 0.00780771 0.0127626 0.0193547 0.027565 0.0371357 0.0474122 0.0573151 0.0656067 0.0713368 0.0741376 0.0741849 0.0719518 0.0679852 0.0627985 0.056835 0.0504532 0.0439256 0.037454 0.031194 0.0252767 0.0198231 0.0149477 0.0107537 0.00731705 0.00466551
 0.00786283 0.0128483 0.0194759 0.0277215 0.0373205 0.04761 0.0575017 0.0657541 0.0714213 0.0741495 0.0741323 0.0718561 0.0678723 0.0626898 0.0567437 0.0503844 0.043878 0.0374206 0.0311628 0.0252329 0.0197537 0.0148479 0.0106299 0.00718536 0.00454457
 0.00788701 0.0128878 0.0195357 0.0278061 0.0374326 0.0477481 0.0576584 0.0659143 0.0715647 0.0742546 0.0741825 0.0718455 0.0678078 0.0625888 0.056628 0.0502734 0.0437835 0.0373458 0.0311028 0.025178 0.0196933 0.0147753 0.0105457 0.00709706 0.004463
 0.00789586 0.0128996 0.0195486 0.0278177 0.037441 0.0477541 0.0576667 0.0659324 0.0715989 0.0743065 0.074246 0.0719086 0.0678564 0.0626129 0.0566253 0.0502497 0.0437493 0.0373106 0.0310714 0.0251492 0.0196623 0.0147372 0.0104995 0.0070462 0.00441396
 0.0079011 0.0129069 0.0195575 0.0278264 0.0374471 0.0477548 0.0576599 0.065918 0.0715802 0.07429 0.0742402 0.0719192 0.0678838 0.0626508 0.0566637 0.0502793 0.0437655 0.0373142 0.0310661 0.0251383 0.0196466 0.0147163 0.0104732 0.00701646 0.00438447
 0.00789855 0.0128968 0.0195315 0.027774 0.0373587 0.0476275 0.0575011 0.0657458 0.0714186 0.074162 0.0741625 0.0719005 0.067924 0.0627421 0.0567921 0.0504269 0.0439141 0.0374495 0.0311796 0.0252266 0.0197102 0.0147573 0.0104949 0.0070233 0.00438186
 0.00789402 0.0128868 0.0195111 0.0277363 0.0372957 0.0475319 0.0573695 0.065581 0.0712322 0.0739741 0.0739986 0.0717855 0.0678759 0.0627673 0.0568845 0.0505705 0.0440875 0.0376304 0.0313491 0.0253719 0.0198248 0.0148402 0.0105493 0.00705478 0.00439706
 0.00790416 0.0129022 0.0195322 0.0277618 0.0373225 0.047554 0.057378 0.0655655 0.0711835 0.0738879 0.0738798 0.0716483 0.0677422 0.0626605 0.0568232 0.0505632 0.0441307 0.0377112 0.0314495 0.0254742 0.0199153 0.0149114 0.0105992 0.00708582 0.00441377
 0.00790354 0.0129001 0.019527 0.0277518 0.0373058 0.0475301 0.0573478 0.0655308 0.0711455 0.0738463 0.073832 0.0715927 0.0676802 0.0625992 0.0567744 0.0505396 0.0441413 0.0377568 0.0315226 0.0255617 0.0200028 0.0149874 0.0106575 0.00712547 0.00443766
 0.00786713 0.012841 0.0194386 0.0276286 0.0371459 0.0473377 0.0571355 0.0653193 0.0709597 0.0737083 0.073756 0.0715813 0.0677256 0.0626879 0.056892 0.0506755 0.0442894 0.0379137 0.0316841 0.0257205 0.0201493 0.0151122 0.0107547 0.00719427 0.00448164
 0.00783011 0.0127794 0.0193435 0.0274912 0.0369602 0.0471039 0.0568638 0.0650309 0.0706836 0.0734758 0.0735935 0.071506 0.0677425 0.0627893 0.0570604 0.0508887 0.0445258 0.0381557 0.0319189 0.0259383 0.0203419 0.015273 0.0108798 0.00728384 0.00454017
 0.00782057 0.0127591 0.019304 0.0274215 0.0368492 0.0469443 0.0566563 0.064786 0.0704206 0.0732199 0.0733717 0.0713432 0.0676575 0.0627914 0.0571475 0.0510477 0.0447362 0.038394 0.0321631 0.0261704 0.0205488 0.015446 0.0110149 0.00738138 0.00460471
 0.00777249 0.0126864 0.0192043 0.0272958 0.0366999 0.0467741 0.0564674 0.0645816 0.0702072 0.0730089 0.07318 0.0711904 0.067563 0.06277 0.0572061 0.0511834 0.0449361 0.0386379 0.0324268 0.0264305 0.0207856 0.015646 0.0111716 0.00749476 0.00468
 0.00776135 0.0126594 0.0191478 0.0271929 0.0365365 0.0465469 0.0561898 0.0642824 0.0699214 0.072766 0.0729969 0.0710725 0.0675096 0.0627802 0.0572799 0.0513199 0.0451301 0.0388772 0.032693 0.0267011 0.0210388 0.0158645 0.0113453 0.00762174 0.0047649
 0.00771179 0.012585 0.0190467 0.027066 0.0363849 0.0463697 0.0559841 0.0640474 0.0696644 0.0725065 0.0727638 0.0708963 0.0674125 0.0627706 0.0573539 0.0514665 0.0453353 0.039126 0.0329679 0.0269823 0.0213054 0.0160983 0.011534 0.00776142 0.00485923
 0.00770386 0.0125661 0.0190076 0.0269955 0.0362735 0.0462153 0.0557951 0.0638407 0.0694589 0.0723161 0.0725961 0.0707562 0.0673078 0.0627127 0.0573545 0.0515317 0.0454629 0.039306 0.0331846 0.0272166 0.0215369 0.0163083 0.0117086 0.00789379 0.00495047
 0.00766954 0.0125176 0.0189478 0.02693 0.0362081 0.0461508 0.0557258 0.0637572 0.0693539 0.0721906 0.0724601 0.0706251 0.0671966 0.0626331 0.0573151 0.0515389 0.0455208 0.0394134 0.0333338 0.0273935 0.0217234 0.0164856 0.0118614 0.00801317 0.00503476
 0.00764171 0.0124705 0.0188741 0.0268234 0.0360665 0.0459803 0.0555423 0.0635831 0.0692104 0.0720888 0.0723985 0.0705943 0.0671871 0.0626409 0.057342 0.0515903 0.0456017 0.0395264 0.0334766 0.0275582 0.0218969 0.0166524 0.0120072 0.00812876 0.00511753
 0.00761845 0.0124327 0.018817 0.0267423 0.0359574 0.0458413 0.055376 0.0633985 0.0690236 0.0719206 0.0722693 0.0705177 0.067166 0.0626685 0.0574069 0.051682 0.0457142 0.0396572 0.033624 0.0277179 0.0220605 0.0168085 0.0121442 0.00823839 0.00519692
 0.00760972 0.0124194 0.0187984 0.0267181 0.0359267 0.0458024 0.055326 0.0633341 0.0689423 0.0718235 0.0721627 0.0704128 0.0670771 0.0626082 0.0573825 0.0516941 0.0457586 0.039728 0.0337157 0.0278249 0.0221759 0.0169233 0.0122489 0.00832499 0.00526152
 0.00760167 0.0124079 0.018784 0.0267022 0.0359113 0.045789 0.0553147 0.0633232 0.0689282 0.0718012 0.0721275 0.0703629 0.067015 0.062542 0.0573234 0.0516533 0.0457437 0.0397417 0.0337558 0.0278862 0.0222512 0.017004 0.0123261 0.00839128 0.00531253
 0.00756902 0.012359 0.0187182 0.0266222 0.0358223 0.0456983 0.0552306 0.0632539 0.0688802 0.0717775 0.0721263 0.0703779 0.0670381 0.0625662 0.0573459 0.051676 0.0457718 0.0397808 0.0338092 0.0279532 0.0223274 0.0170826 0.0123997 0.00845365 0.00536018
 0.00756128 0.0123423 0.018686 0.0265664 0.0357367 0.0455826 0.0550934 0.0631122 0.0687548 0.0716862 0.0720786 0.0703742 0.067071 0.0626241 0.0574168 0.0517508 0.045846 0.0398539 0.0338832 0.0280297 0.0224056 0.017159 0.0124693 0.00851178 0.00540427
 0.00753095 0.0122974 0.0186263 0.0264937 0.0356534 0.0454897 0.0549903 0.0629986 0.0686342 0.0715686 0.0719796 0.0703101 0.0670532 0.0626546 0.0574885 0.0518507 0.04596 0.039971 0.0339967 0.0281364 0.0225038 0.017247 0.0125445 0.00857206 0.00544877
 0.00752584 0.0122854 0.0186016 0.0264496 0.0355844 0.0453953 0.0548769 0.0628782 0.06852 0.0714701 0.0719013 0.0702537 0.0670212 0.0626514 0.0575178 0.0519123 0.0460482 0.0400761 0.0341082 0.0282454 0.0226043 0.0173351 0.0126178 0.00862943 0.00549038
 0.00752958 0.012293 0.0186155 0.0264718 0.035615 0.0454298 0.054906 0.0628898 0.0685042 0.0714236 0.0718293 0.0701672 0.0669328 0.0625724 0.057457 0.0518758 0.0460391 0.0400934 0.0341466 0.0282974 0.0226618 0.0173911 0.0126675 0.00866975 0.00552039
 0.00751702 0.0122725 0.0185846 0.0264291 0.0355607 0.0453674 0.0548421 0.0628327 0.0684603 0.0713943 0.0718111 0.0701546 0.066922 0.0625636 0.0574541 0.0518841 0.0460627 0.0401339 0.0342025 0.0283639 0.0227321 0.0174584 0.012726 0.0087162 0.00555405
 0.00750995 0.0122637 0.0185762 0.0264241 0.0355621 0.045376 0.0548555 0.0628461 0.0684686 0.0713946 0.071803 0.070139 0.0669 0.062536 0.0574226 0.0518526 0.0460368 0.0401192 0.0342025 0.0283789 0.0227589 0.0174915 0.0127596 0.00874576 0.00557694
 0.00748858 0.0122299 0.0185275 0.0263597 0.0354836 0.0452887 0.0547687 0.0627714 0.0684166 0.0713712 0.0718074 0.0701653 0.0669401 0.0625825 0.0574699 0.0518975 0.0460786 0.0401595 0.0342436 0.0284225 0.0228047 0.0175371 0.0128015 0.00878066 0.00560315
 0.00748858 0.0122299 0.0185275 0.0263597 0.0354836 0.0452887 0.0547687 0.0627714 0.0684166 0.0713712 0.0718074 0.0701653 0.0669401 0.0625825 0.0574699 0.0518975 0.0460786 0.0401595 0.0342436 0.0284225 0.0228047 0.0175371 0.0128015 0.00878066 0.00560315
 0.00725774 0.0118614 0.0179872 0.025625 0.0345537 0.044197 0.0535933 0.0616317 0.0674504 0.0707 0.0715062 0.0702492 0.0673693 0.0632793 0.0583398 0.0528477 0.0470315 0.0410578 0.0350506 0.0291176 0.0233795 0.0179914 0.0131421 0.0090205 0.00576019
 0.00718701 0.0117195 0.0177246 0.0251802 0.03387 0.0432487 0.0524095 0.0603041 0.0661182 0.0695201 0.0706208 0.0697602 0.0673228 0.0636604 0.0590798 0.0538419 0.0481619 0.0422149 0.0361468 0.0300926 0.0241988 0.0186425 0.0136296 0.00936222 0.00598257
 0.00716403 0.0116878 0.0176845 0.0251289 0.0337929 0.0431112 0.0521569 0.0598766 0.0654798 0.0686876 0.0696769 0.0688388 0.0665726 0.0632044 0.0589842 0.0541052 0.0487231 0.0429747 0.0369946 0.0309289 0.0249497 0.0192642 0.0141066 0.00970113 0.00620471
 0.0071211 0.011619 0.0175835 0.0249917 0.0336199 0.0429082 0.0519325 0.0596353 0.0652126 0.0683702 0.0692806 0.0683555 0.0660377 0.0626995 0.0586157 0.0539664 0.0488604 0.0433731 0.0375859 0.0316166 0.0256367 0.0198751 0.0145977 0.0100605 0.0064445
 0.00714686 0.0116616 0.0176486 0.0250835 0.0337386 0.0430466 0.0520744 0.0597563 0.0652848 0.0683661 0.0691763 0.0681326 0.06569 0.0622454 0.0581081 0.053489 0.0485058 0.0432107 0.037637 0.0318491 0.0259815 0.0202525 0.0149425 0.0103346 0.00663751
 0.00716265 0.0116953 0.0177138 0.0251972 0.0339162 0.0432941 0.052381 0.0600926 0.0656075 0.0686273 0.0693327 0.0681523 0.0655562 0.0619592 0.0576926 0.052993 0.048001 0.0427777 0.0373419 0.0317218 0.0260073 0.0203832 0.0151177 0.0105038 0.00677171
#pred catch len freq
 0.00506493 0.00797482 0.0115531 0.0156764 0.0202593 0.0252397 0.0305003 0.0358245 0.0409336 0.0455576 0.0494816 0.0525656 0.0547562 0.0560892 0.0566748 0.0566749 0.0562799 0.0556726 0.0549489 0.0539972 0.0524043 0.0495177 0.044738 0.0379315 0.0296833
 0.00542936 0.0085009 0.0122258 0.0164501 0.0210851 0.0261006 0.0314292 0.0368841 0.0421661 0.0469358 0.0508952 0.0538538 0.0557681 0.0567362 0.0569476 0.0566204 0.0559534 0.0550905 0.0540691 0.052742 0.0507231 0.0474563 0.0424672 0.0357088 0.0277611
 0.00574066 0.00899226 0.012935 0.017395 0.022253 0.0274395 0.0328477 0.0382734 0.0434402 0.0480651 0.0519024 0.0547705 0.0565835 0.0573809 0.0573235 0.0566484 0.0556012 0.0543618 0.0529726 0.0512754 0.0488943 0.0453295 0.0401953 0.0335138 0.0258651
 0.0060335 0.00945484 0.0136078 0.0183114 0.0234381 0.0289043 0.0345747 0.0401973 0.0454398 0.0499769 0.0535605 0.0560541 0.0574441 0.0578306 0.057394 0.0563544 0.0549317 0.0532964 0.0515012 0.049411 0.0466869 0.0428852 0.0376868 0.0311585 0.023866
 0.00636557 0.00996918 0.0143361 0.0192711 0.0246366 0.0303434 0.0362485 0.0420823 0.047481 0.0520777 0.0555805 0.0578236 0.058798 0.0586482 0.0576243 0.0560104 0.0540597 0.051944 0.0497064 0.0472167 0.0441682 0.0401744 0.0349762 0.0286689 0.0217891
 0.00670782 0.0104979 0.0150813 0.0202455 0.0258386 0.031762 0.0378626 0.0438574 0.0493666 0.0540061 0.0574659 0.0595597 0.0602586 0.0596993 0.0581473 0.0559278 0.0533487 0.0506318 0.0478543 0.0449111 0.0415275 0.0373631 0.0322032 0.0261569 0.0197193
 0.00704112 0.0110154 0.0158156 0.0212128 0.0270396 0.0331826 0.0394719 0.0456041 0.0511809 0.0558077 0.059173 0.0610933 0.0615409 0.0606491 0.0586785 0.0559563 0.0528081 0.0494918 0.0461346 0.0426873 0.0389337 0.0345883 0.0294753 0.0237034 0.0177148
 0.00749876 0.0117133 0.0167814 0.0224449 0.0285145 0.0348644 0.0413153 0.0475492 0.0531476 0.0576981 0.0608818 0.0625224 0.0626121 0.061308 0.0588888 0.0556881 0.052032 0.0481847 0.044299 0.0403754 0.0362656 0.0317534 0.0267082 0.0212356 0.0157172
 0.0078973 0.0123345 0.0176666 0.0236152 0.0299687 0.0365768 0.0432303 0.0495795 0.0551823 0.0596188 0.062578 0.0639009 0.0636005 0.0618564 0.0589686 0.0552876 0.0511485 0.0468206 0.0424693 0.038128 0.0337049 0.0290499 0.0240801 0.0189009 0.0138359
 0.00822747 0.0128543 0.0184183 0.0246299 0.0312646 0.0381546 0.0450636 0.0516037 0.0572916 0.0616752 0.0644311 0.0654114 0.0646621 0.0624068 0.0589884 0.0547879 0.0501562 0.0453692 0.0405994 0.0359017 0.0312253 0.0264731 0.0216018 0.0167162 0.0120861
 0.00851438 0.013304 0.0190652 0.0254982 0.0323688 0.0394989 0.046635 0.0533638 0.05917 0.0635698 0.0662151 0.0669473 0.0658206 0.0630881 0.0591357 0.0543905 0.0492403 0.0439846 0.0388112 0.0337924 0.0289067 0.0240938 0.0193377 0.0147368 0.0105111
 0.00873838 0.0136598 0.0195858 0.0262109 0.0332931 0.0406419 0.0479847 0.0548823 0.0607933 0.0652125 0.0677776 0.0683235 0.0669064 0.0637908 0.0593859 0.0541504 0.0485084 0.0427935 0.0372233 0.0318974 0.0268226 0.0219663 0.0173275 0.0129921 0.00913159
 0.00891061 0.0139267 0.0199645 0.0267123 0.0339249 0.0414118 0.0488985 0.0559369 0.0619673 0.0664602 0.0690287 0.0694909 0.0678971 0.0645182 0.0597775 0.0541544 0.048098 0.0419718 0.0360268 0.0303981 0.0251276 0.0202109 0.0156589 0.0115416 0.00798589
 0.0091025 0.0142091 0.0203353 0.0271527 0.0344082 0.0419168 0.0494192 0.0564834 0.0625575 0.067108 0.0697331 0.0702275 0.0686169 0.0651523 0.0602476 0.0543858 0.0480316 0.0415745 0.0352994 0.029381 0.0239017 0.0188905 0.0143733 0.0104084 0.00708374
 0.00921313 0.0143837 0.0205876 0.0274894 0.0348257 0.0423972 0.0499295 0.0569815 0.0630067 0.0674922 0.0700627 0.0705302 0.0689183 0.0654566 0.0605286 0.0545902 0.0480931 0.0414321 0.0349156 0.0287561 0.0230795 0.017954 0.0134277 0.00955489 0.00639394
 0.0092198 0.0144059 0.0206424 0.0276013 0.0350217 0.0426987 0.0503421 0.057488 0.0635659 0.0680465 0.0705524 0.0709124 0.069179 0.0656099 0.060601 0.0545993 0.0480332 0.0412752 0.0346266 0.0283138 0.0224942 0.0172729 0.0127246 0.00890859 0.00586446
 0.00923477 0.0144188 0.020642 0.0275736 0.0349579 0.0426066 0.0502523 0.0574493 0.0636284 0.0682392 0.0708694 0.071313 0.0696032 0.066 0.0609179 0.0548263 0.0481666 0.0413112 0.0345547 0.0281227 0.0221853 0.0168714 0.012279 0.00847784 0.00549862
 0.00912537 0.0142617 0.0204434 0.0273503 0.0347312 0.0423921 0.0500565 0.0572747 0.0634856 0.0681556 0.0708844 0.0714603 0.0698909 0.0664005 0.0613761 0.0552783 0.0485583 0.0416062 0.0347328 0.0281759 0.0221178 0.0167029 0.0120456 0.00822498 0.0052684
 0.00882614 0.013824 0.0198757 0.0266932 0.0340473 0.0417486 0.0495094 0.056862 0.0632271 0.0680561 0.07094 0.0716651 0.0702395 0.0668836 0.0619701 0.0559397 0.0492274 0.0422202 0.0352399 0.0285441 0.0223381 0.0167881 0.0120268 0.00814328 0.00516463
 0.0087495 0.0136867 0.0196472 0.0263418 0.033553 0.0411204 0.0487983 0.0561564 0.0626285 0.0676469 0.0707606 0.0717118 0.0704796 0.0672742 0.0624707 0.0565133 0.0498354 0.0428184 0.0357814 0.0289877 0.0226588 0.0169826 0.0121126 0.00815217 0.00513179
 0.00883937 0.0137994 0.0197536 0.0263902 0.033478 0.0408615 0.0483209 0.0554689 0.0617912 0.0667671 0.0699715 0.0711377 0.0702006 0.0673076 0.0627774 0.0570206 0.0504615 0.043487 0.0364269 0.0295575 0.0231163 0.0173119 0.0123197 0.00826047 0.00517326
 0.00894528 0.0139558 0.0199578 0.0266245 0.0337081 0.0410371 0.0483798 0.0553478 0.0614448 0.0661915 0.0692196 0.0703164 0.069446 0.0667469 0.0624924 0.0570293 0.0507227 0.0439219 0.0369451 0.0300768 0.0235747 0.0176729 0.0125725 0.00841576 0.00525474
 0.00901356 0.014061 0.0201052 0.0268144 0.0339353 0.0412887 0.0486321 0.0555635 0.0615731 0.0661764 0.069017 0.0699153 0.0688843 0.0661115 0.061898 0.0565831 0.0504908 0.0439131 0.0371167 0.0303568 0.0238871 0.0179576 0.0127949 0.00856677 0.00534359
 0.00892756 0.0139448 0.0199741 0.0266976 0.033868 0.0412997 0.0487324 0.055742 0.0617993 0.0664062 0.0691992 0.0699997 0.0688348 0.065921 0.0615991 0.0562442 0.0501956 0.0437311 0.037079 0.0304497 0.0240644 0.0181628 0.0129816 0.00870927 0.00543697
 0.00893815 0.0139517 0.0199664 0.0266623 0.0337974 0.0412009 0.0486328 0.0556828 0.0618186 0.0665191 0.0693874 0.0702156 0.0690172 0.0660157 0.0615767 0.0561106 0.0499916 0.0435183 0.036917 0.030374 0.0240767 0.0182372 0.0130813 0.00880296 0.00550776
 0.00901716 0.0140623 0.0200992 0.0267956 0.0339013 0.0412459 0.0485992 0.0555694 0.0616468 0.0663312 0.0692341 0.0701367 0.0690235 0.0660836 0.0616594 0.0561608 0.0499835 0.0434573 0.0368333 0.0303052 0.0240486 0.0182543 0.0131298 0.00886188 0.0055599
 0.00899038 0.0140298 0.0200699 0.0267828 0.0339163 0.0412897 0.0486568 0.0556121 0.0616441 0.0662655 0.0691124 0.0699905 0.068897 0.0660138 0.0616599 0.0562172 0.0500633 0.0435288 0.0368813 0.0303338 0.0240727 0.0182866 0.0131729 0.00890951 0.00560303
 0.00889371 0.0138865 0.0198809 0.0265598 0.0336811 0.0410704 0.0484827 0.0555068 0.0616172 0.0663073 0.0691959 0.0700842 0.0689803 0.066086 0.0617358 0.0563134 0.0501849 0.0436663 0.0370172 0.030454 0.0241723 0.0183682 0.013241 0.00896618 0.00564769
