SBPRF35
7.22463
Curr Bio
666942
B35
502108
F35
0.219939
FOFL
0.219939
OFL
117744
Bzero
2.06418e+06
#pred survey bio
 3.21666e+06 3.41165e+06 3.48566e+06 3.17724e+06 2.81077e+06 2.50743e+06 2.21874e+06 2.03289e+06 1.86331e+06 1.76676e+06 1.58188e+06 1.37112e+06 1.18373e+06 1.05243e+06 937938 816314 705749 651362 635137 621274 575620 531602 528813 534828 526089 515203 512383 522169 525663 529336 548069 571529 600239 615978 586274 571286 554882 561185 540484 583000 603538 558419 547435 569597 595275 592996 559622 569747 581076 610968 613645 563142 547818 566394 570991 628499 693402 657850 596035 545389 574665 595393 530375 528715 580148 600552 629885 675387 1.60948e+07 1.43053e+07 1.41104e+07 1.42256e+07 1.45234e+07 1.4885e+07 1.52356e+07 1.55393e+07 1.57852e+07 1.59761e+07 1.61205e+07 1.62279e+07 1.63071e+07 1.63653e+07 1.64081e+07 1.64395e+07 1.64627e+07 1.64798e+07 1.64926e+07 1.65022e+07 1.65093e+07 1.65147e+07 1.65188e+07 1.65219e+07 1.65242e+07 1.6526e+07 1.65273e+07 1.65284e+07 1.65291e+07 1.65297e+07 1.65302e+07 1.65305e+07 1.65308e+07 1.6531e+07 1.65312e+07 1.65313e+07 1.65314e+07 1.65315e+07 1.65315e+07 1.65316e+07 1.65316e+07 1.65316e+07 1.65316e+07 1.65316e+07 1.65317e+07 1.65317e+07 1.65317e+07 1.65317e+07 1.65317e+07 1.65317e+07 1.65317e+07 1.65317e+07 1.65317e+07 1.65317e+07 1.65317e+07 1.65317e+07 1.65317e+07 1.65317e+07 1.65317e+07 1.65317e+07 1.65317e+07 1.65317e+07 1.65317e+07 1.65317e+07 1.65317e+07 1.65317e+07 1.65317e+07 1.65317e+07 1.65317e+07 1.65317e+07 1.65317e+07 1.65317e+07 1.65317e+07 1.65317e+07 1.65317e+07 1.65317e+07 1.65317e+07 1.65317e+07 1.65317e+07 1.65317e+07 1.65317e+07 1.65317e+07 1.65317e+07 1.65317e+07 1.65317e+07 1.65317e+07 1.65317e+07 1.65317e+07 1.65317e+07 1.65317e+07 1.65317e+07 1.65317e+07 1.65317e+07 1.65317e+07 1.65317e+07 1.65317e+07 1.65317e+07 1.65317e+07 1.65317e+07 1.65317e+07 0 0 0 0 0 0 0 0 0 0 0 0 0 0 0 0 0 0 0 0 0 0 0 0 0
#obs survey bio
 2.36813e+06 3.59701e+06 5.28769e+06 2.51215e+06 2.30442e+06 3.01792e+06 2.40326e+06 2.03057e+06 1.58531e+06 1.72289e+06 1.93315e+06 1.24961e+06 1.17568e+06 1.04982e+06 1.07404e+06 882701 780533 499606 528900 859478 355354 430691 427557 660700 572532 460036 533483 524079 588111 510428 516729 460711 839129 604269 612061 665349 521294 722068 406099 477758 566431 481605 431678 639034 654586 698563 461302 549822 576812 748856 916006 427414 493296 434509 446421 896968 689860 607559 403279 353078 797751 732273 516020 549358 568505 573782 693562 693045
#pred catch bio
 84583.5 94322 156589 215562 264716 283053 290889 329750 288501 312072 295307 292642 246747 246475 240535 226260 180669 164397 154298 135208 140755 117586 115733 116835 107411 109770 100132 101211 99678.3 99436.5 93862.2 89350.5 90196.4 105205 100743 90083.3 90279.4 100218 83713.5 92733.5 82160 86843.8 90860.9 88165.3 87252.6 89752.1 87064.5 95829.1 89960.2 86217.9 123450 102881 68237.6 103628 84360.1 65406.5 122873 114837 115476 76664.9 38610.9 120605 89244.6 57163.4 86875.5 98373.8 91622.5 119139 117744 113957 111033 110714 112210 114336 116439 118227 119619 120643 121365 121861 122192 122411 122553 122645 122703 122740 122763 122778 122787 122793 122796 122798 122800 122801 122801 122801 122802 122802 122802 122802 122802 122802 122802 122802 122802 122802 122802 122802 122802 122802 122802 122802 122802 122802 122802 122802 122802 122802 122802 122802 122802 122802 122802 122802 122802 122802 122802 122802 122802 122802 122802 122802 122802 122802 122802 122802 122802 122802 122802 122802 122802 122802 122802 122802 122802 122802 122802 122802 122802 122802 122802 122802 122802 122802 122802 122802 122802 122802 122802 122802 122802 122802 122802 122802 122802 122802 122802 122802 0 0 0 0 0 0 0 0 0 0 0 0 0 0 0 0 0 0 0 0 0 0 0 0 0
#obs catch bio
 0 94017.9 156603 215636 265107 282902 290884 330778 289059 312030 294593 293216 246289 247021 240384 226441 180233 165479 155234 134287 140942 117669 116054 116860 107082 110036 100136 101182 99532.1 99695.4 93843.4 89347.1 90087 105147 100955 89901.8 90392.6 100161 83839.4 93009 81808.8 86867.9 91137.7 88237 87159.4 89617.7 87109.1 95966.6 90115.1 85823.5 123821 103201 67752.9 104134 84664.8 64937.6 123382 114580 115776 77086.3 38033.2 121809 89478.3 56828.4 86978.6 98636.5 91363.8 119342
#pred cpue bio
 3.18271e+06 3.37607e+06 3.44786e+06 3.1413e+06 2.77724e+06 2.47516e+06 2.18789e+06 2.00218e+06 1.83239e+06 1.73496e+06 1.55082e+06 1.34175e+06 1.15585e+06 1.02562e+06 912086 792079 683250 629621 613333 599781 555809 512802 509918 515695 507267 496805 493972 503531 506986 510582 528764 551637 579567 595120 566596 552042 535155 539434 518489 559360 579488 536645 525887 547055 571982 570035 537969 547601 558412 587235 590084 540780 525473 544023 548402 603901 667572 632889 572220 522386 550886 573186 510298 507946 558103 578269 606145 649690 1.54794e+07 1.37691e+07 1.35159e+07 1.35804e+07 1.38669e+07 1.42268e+07 1.45772e+07 1.48808e+07 1.51267e+07 1.53176e+07 1.5462e+07 1.55694e+07 1.56487e+07 1.57069e+07 1.57496e+07 1.5781e+07 1.58042e+07 1.58214e+07 1.58342e+07 1.58437e+07 1.58509e+07 1.58563e+07 1.58603e+07 1.58634e+07 1.58658e+07 1.58675e+07 1.58689e+07 1.58699e+07 1.58707e+07 1.58713e+07 1.58717e+07 1.58721e+07 1.58724e+07 1.58726e+07 1.58727e+07 1.58728e+07 1.58729e+07 1.5873e+07 1.58731e+07 1.58731e+07 1.58731e+07 1.58732e+07 1.58732e+07 1.58732e+07 1.58732e+07 1.58732e+07 1.58732e+07 1.58732e+07 1.58732e+07 1.58732e+07 1.58732e+07 1.58732e+07 1.58732e+07 1.58732e+07 1.58732e+07 1.58732e+07 1.58732e+07 1.58732e+07 1.58732e+07 1.58732e+07 1.58732e+07 1.58732e+07 1.58732e+07 1.58732e+07 1.58732e+07 1.58732e+07 1.58732e+07 1.58732e+07 1.58732e+07 1.58732e+07 1.58732e+07 1.58732e+07 1.58732e+07 1.58732e+07 1.58732e+07 1.58732e+07 1.58732e+07 1.58732e+07 1.58732e+07 1.58732e+07 1.58732e+07 1.58732e+07 1.58732e+07 1.58732e+07 1.58732e+07 1.58732e+07 1.58732e+07 1.58732e+07 1.58732e+07 1.58732e+07 1.58732e+07 1.58732e+07 1.58732e+07 1.58732e+07 1.58732e+07 1.58732e+07 1.58732e+07 1.58732e+07 1.58732e+07 1.58732e+07 0 0 0 0 0 0 0 0 0 0 0 0 0 0 0 0 0 0 0 0 0 0 0 0 0
#obs cpue bio
 2.82848e+06 3.77809e+06 3.46848e+06 3.42218e+06 2.9011e+06 2.43078e+06 1.71079e+06 1.90168e+06 1.64328e+06 2.56167e+06 1.3983e+06 1.24418e+06 1.26298e+06 875011 925299 725057 663009 511426 693692 809051 704495 549486 561659 500945 537673 442020 482179 543815 492699 409657 643241 645422 430295 723062 417426 588133 441112 604824 413237 757115 929685 510985 534268 513564 593422 563509 505540 609316 468932 637855 385016 602468 721912 638228 503134 572189 692963 738584 814043 543139 662293 425110 432714 507503 662734 495692 620661 619576
#pred surv len freq
 0.00421809 0.00696019 0.0106836 0.0154357 0.0211327 0.0274645 0.0338804 0.0397428 0.044574 0.0482089 0.0507574 0.0524551 0.0535345 0.0541729 0.0544903 0.0545688 0.0544749 0.0542602 0.0539105 0.053243 0.0518203 0.0490089 0.0442545 0.037472 0.029276
 0.00457114 0.00742613 0.0111884 0.0158518 0.0213246 0.0273546 0.033494 0.0391987 0.044022 0.0477565 0.0504327 0.0522237 0.0533516 0.0540297 0.0544289 0.0546594 0.0547705 0.0547512 0.0545049 0.0537856 0.05215 0.0490274 0.0439696 0.036988 0.0287388
 0.00454273 0.00747516 0.0114291 0.0164256 0.0223348 0.0287811 0.0351447 0.0407501 0.0451478 0.0482684 0.0503429 0.0516958 0.0525919 0.0532005 0.0536275 0.0539437 0.0541835 0.0543172 0.0542037 0.0535394 0.0518467 0.0485749 0.043348 0.0362622 0.0280227
 0.00469961 0.00768529 0.0116705 0.0166712 0.0225857 0.0291012 0.0356608 0.041593 0.0463535 0.0497055 0.0517328 0.0527298 0.05307 0.0531017 0.0530797 0.0531368 0.0532915 0.0534583 0.0534308 0.0528437 0.0511759 0.0478699 0.0425856 0.0354768 0.0272904
 0.00487886 0.00799512 0.0121665 0.0174056 0.0235841 0.030336 0.0370433 0.0430015 0.0476882 0.0509274 0.0528446 0.053711 0.0538259 0.0534823 0.0529594 0.0524906 0.05221 0.0520999 0.0519527 0.051354 0.0497255 0.0464772 0.0412716 0.034286 0.0262828
 0.0050418 0.00827447 0.0126151 0.0180849 0.0245543 0.0316367 0.0386674 0.0448771 0.0496791 0.0528594 0.0545508 0.0550712 0.0547767 0.0539919 0.0529946 0.0520128 0.0512066 0.0506202 0.0501124 0.0493046 0.0476153 0.0444307 0.0393914 0.0326584 0.0249721
 0.00526606 0.00863373 0.013147 0.0188242 0.0255308 0.0328698 0.0401582 0.0465983 0.0515694 0.0548216 0.0564553 0.0567687 0.0561219 0.0548688 0.0533293 0.0517692 0.0503771 0.0492289 0.0482289 0.0470538 0.0451674 0.0419765 0.037112 0.0306997 0.0234235
 0.00545555 0.0089572 0.0136618 0.0195915 0.0266012 0.0342615 0.041838 0.0484818 0.053542 0.0567688 0.0582803 0.0583906 0.0574602 0.0558346 0.0538295 0.0517214 0.0497268 0.0479624 0.0463856 0.0447365 0.0425447 0.039267 0.0345481 0.0284802 0.0216726
 0.00574488 0.00942257 0.0143537 0.0205559 0.0278734 0.035855 0.0437296 0.0506003 0.055771 0.0589631 0.0602924 0.060094 0.0587643 0.0566816 0.0541799 0.0515374 0.0489683 0.0466002 0.0444275 0.0422553 0.039695 0.0362772 0.0316829 0.02598 0.0196946
 0.005926 0.00972411 0.0148207 0.0212352 0.0288049 0.0370579 0.0451896 0.0522664 0.0575645 0.0607931 0.0620651 0.0617156 0.0601405 0.057722 0.0548043 0.0516796 0.0485749 0.0456332 0.0428778 0.0401684 0.0371957 0.0335723 0.02903 0.0236263 0.0178121
 0.00617253 0.0101256 0.0154262 0.0220906 0.0299442 0.0384892 0.0468803 0.054138 0.0595037 0.0626752 0.0637772 0.0631695 0.0612738 0.0584907 0.0551718 0.0516086 0.0480252 0.0445685 0.0412825 0.0380737 0.034706 0.0308753 0.0263722 0.0212545 0.015905
 0.00639831 0.0104994 0.0160013 0.0229202 0.0310701 0.0399242 0.0485906 0.0560382 0.06147 0.0645709 0.065477 0.0645745 0.0623165 0.0591322 0.0553938 0.0514014 0.0473772 0.0434639 0.0397132 0.0360645 0.0323437 0.0283235 0.0238534 0.0189985 0.0140835
 0.00668322 0.0109648 0.0167053 0.0239177 0.0324009 0.0415947 0.0505554 0.0581928 0.0636651 0.0666406 0.0672689 0.0659705 0.0632425 0.059558 0.0553241 0.0508608 0.0463949 0.0420637 0.0379173 0.0339121 0.0299185 0.0257714 0.0213723 0.0167942 0.0123104
 0.00683917 0.0112266 0.0171153 0.024522 0.0332419 0.042698 0.0519153 0.0597644 0.0653675 0.0683681 0.0689041 0.0673968 0.0643554 0.0602764 0.055598 0.0506727 0.0457529 0.0409926 0.0364536 0.0321102 0.0278661 0.023602 0.0192578 0.0149112 0.0107918
 0.00694554 0.0114267 0.0174666 0.0250938 0.0340988 0.0438732 0.0533867 0.0614496 0.0671406 0.0700909 0.0704523 0.0686728 0.0652894 0.0608223 0.0557296 0.0503807 0.0450443 0.0398898 0.0349954 0.0303576 0.0259105 0.021571 0.017306 0.0131912 0.00941458
 0.0070848 0.0116606 0.0178336 0.0256378 0.0348633 0.0448906 0.0546625 0.0629489 0.0687829 0.0717561 0.0719995 0.0699656 0.0662219 0.0613334 0.0558018 0.0500278 0.0442961 0.0387843 0.0335793 0.0286937 0.0240877 0.0197072 0.0155386 0.0116505 0.0081915
 0.00736663 0.0121021 0.0184668 0.0264811 0.0359188 0.0461404 0.056064 0.0644339 0.0702654 0.0731452 0.0732093 0.0709203 0.0668576 0.0616029 0.0556813 0.0495203 0.0434287 0.0376009 0.0321356 0.0270583 0.0223472 0.0179688 0.0139208 0.0102616 0.0071021
 0.00746248 0.0122596 0.0187067 0.0268234 0.0363783 0.0467207 0.0567526 0.0652028 0.0710785 0.0739678 0.0740117 0.0716726 0.0675212 0.0621259 0.0560034 0.0495857 0.0432 0.0370692 0.0313231 0.0260167 0.0211548 0.0167245 0.0127321 0.00922493 0.00628143
 0.00743939 0.0122338 0.0186903 0.0268362 0.0364449 0.0468643 0.056989 0.0655365 0.071503 0.0744672 0.074564 0.072252 0.068098 0.0626646 0.0564599 0.0499075 0.0433339 0.0369735 0.0309811 0.0254455 0.0204069 0.0158812 0.0118881 0.00846765 0.00567142
 0.00748918 0.012289 0.018727 0.02682 0.0363446 0.0466717 0.0567331 0.0652814 0.0713271 0.0744359 0.0747097 0.0725694 0.0685523 0.0632034 0.0570225 0.0504305 0.0437546 0.0372356 0.0310447 0.0252982 0.0200711 0.0154124 0.0113631 0.00796441 0.00524901
 0.00759919 0.0124384 0.018896 0.0269687 0.0364199 0.046622 0.0565254 0.0649155 0.0708441 0.0739169 0.0742598 0.0722892 0.0685065 0.0634022 0.0574228 0.050953 0.0443056 0.0377259 0.0314029 0.0254814 0.0200716 0.0152586 0.0111104 0.00767823 0.00498578
 0.00777078 0.0127307 0.0193572 0.0276419 0.0373218 0.047714 0.0576944 0.0659852 0.0716226 0.0742616 0.0741268 0.0717435 0.067693 0.0624942 0.0565704 0.0502487 0.043775 0.03734 0.0311034 0.0252079 0.0197825 0.0149417 0.0107811 0.00736758 0.00472399
 0.0077719 0.0127251 0.0193377 0.0276041 0.0372733 0.0476841 0.0577333 0.0661459 0.071929 0.0746806 0.0745684 0.0720941 0.0678659 0.0624666 0.0563873 0.0499943 0.0435312 0.0371544 0.0309802 0.0251197 0.0196932 0.0148272 0.0106388 0.00721331 0.00458038
 0.00773898 0.0126771 0.0192751 0.0275298 0.0371905 0.0475949 0.0576412 0.0660617 0.0718766 0.0746948 0.0746789 0.0723037 0.0681372 0.0627333 0.0565843 0.0500889 0.0435335 0.0371026 0.0309134 0.0250583 0.0196362 0.0147638 0.0105622 0.00712707 0.00449577
 0.00783022 0.0128014 0.0194182 0.0276642 0.0372846 0.0476258 0.0576044 0.0659716 0.0717586 0.0745763 0.0745842 0.0722528 0.0681427 0.0627929 0.0566769 0.05018 0.0435911 0.0371119 0.0308806 0.0250003 0.0195687 0.0146944 0.0104931 0.00706003 0.00443497
 0.00784635 0.0128295 0.0194627 0.027727 0.0373606 0.0476987 0.0576465 0.0659523 0.0716592 0.0744034 0.0743725 0.0720527 0.0680013 0.0627383 0.0567114 0.050283 0.0437279 0.0372468 0.0309877 0.025069 0.0196011 0.0146991 0.0104794 0.00703605 0.00440765
 0.00788548 0.0128937 0.0195603 0.0278658 0.037545 0.0479261 0.0579027 0.0662086 0.0718754 0.074537 0.0743917 0.0719499 0.0677986 0.0624813 0.0564527 0.0500641 0.043568 0.0371421 0.0309206 0.0250199 0.0195565 0.0146537 0.010434 0.0069942 0.00437247
 0.00788668 0.0128818 0.0195177 0.0277701 0.0373782 0.0476868 0.0576154 0.0659213 0.0716442 0.0744046 0.0743724 0.0720272 0.0679364 0.0626416 0.0566105 0.0502118 0.0437098 0.0372834 0.0310603 0.0251494 0.019665 0.0147342 0.0104857 0.00702186 0.00438356
 0.00791044 0.0129177 0.0195655 0.027825 0.0374288 0.0477141 0.0575956 0.0658339 0.0714836 0.0741897 0.0741446 0.0718356 0.067818 0.0626077 0.0566481 0.0502953 0.0438151 0.037395 0.0311701 0.0252522 0.0197554 0.0148067 0.0105375 0.00705401 0.00440032
 0.00789135 0.0128908 0.0195326 0.0277903 0.0373973 0.0476892 0.0575762 0.0658129 0.0714496 0.0741305 0.0740547 0.0717222 0.0677025 0.0625186 0.0566089 0.0503148 0.0438858 0.0374991 0.0312881 0.0253685 0.0198594 0.014892 0.0106015 0.00709718 0.0044262
 0.00792834 0.0129348 0.0195696 0.0277987 0.0373552 0.0475857 0.0574192 0.0656283 0.0712705 0.0739842 0.0739527 0.0716614 0.0676722 0.0625108 0.056623 0.0503563 0.0439593 0.0376029 0.0314125 0.0254991 0.0199819 0.0149961 0.0106818 0.00715357 0.00446192
 0.00800591 0.013036 0.0196753 0.0278744 0.0373591 0.047482 0.0571924 0.0652907 0.0708619 0.0735633 0.0735838 0.0713973 0.0675408 0.0625104 0.0567294 0.0505362 0.0441822 0.0378455 0.0316574 0.0257319 0.0201897 0.015169 0.010815 0.00724782 0.00452279
 0.00790064 0.0128897 0.0194999 0.0276929 0.0371947 0.0473434 0.0570642 0.0651401 0.0706574 0.073297 0.0732823 0.0711147 0.0673386 0.0624347 0.0567967 0.0507324 0.0444718 0.0381859 0.0320098 0.0260659 0.0204844 0.0154121 0.0110016 0.00738018 0.00460895
 0.00770545 0.0125905 0.0190851 0.0271685 0.0365873 0.0467012 0.0564538 0.0646334 0.0703105 0.0731294 0.0732731 0.0712195 0.067517 0.0626685 0.0570887 0.0510911 0.0448957 0.038656 0.0324939 0.0265285 0.0208953 0.0157515 0.0112619 0.00756486 0.00472936
 0.0077999 0.0127151 0.0192193 0.0272756 0.0366256 0.0466406 0.0562902 0.0643919 0.0700353 0.0728672 0.0730567 0.0710603 0.0674073 0.0625929 0.0570383 0.0510703 0.0449183 0.0387343 0.0326281 0.0267036 0.0210867 0.0159339 0.0114165 0.0076823 0.00480979
 0.00853951 0.013773 0.0205424 0.0287195 0.0379902 0.0477323 0.0569746 0.0646154 0.0698191 0.0722882 0.0722263 0.0701007 0.0664268 0.0616686 0.0562121 0.0503581 0.0443243 0.0382601 0.0322732 0.0264615 0.0209414 0.0158616 0.0113912 0.00768168 0.00481833
 0.00921279 0.0148398 0.0220869 0.0307769 0.0405112 0.0505454 0.0597703 0.06699 0.0713861 0.0728107 0.0716934 0.0687067 0.0644769 0.0594723 0.0540134 0.0483142 0.0425177 0.0367234 0.0310112 0.0254642 0.0201883 0.0153225 0.0110281 0.00745304 0.00468449
 0.00904562 0.0147057 0.022138 0.031236 0.041608 0.052415 0.0623623 0.0700402 0.0744693 0.0754504 0.0734843 0.0694113 0.0640721 0.0581327 0.0520394 0.0460371 0.0402204 0.0346022 0.0291761 0.0239593 0.0190147 0.0144544 0.0104227 0.00705797 0.00444504
 0.00901181 0.0146309 0.021998 0.0310202 0.041353 0.0522384 0.0624674 0.0706608 0.0757598 0.0773752 0.0757775 0.0716454 0.0658028 0.0590481 0.0520434 0.0452436 0.0388796 0.0330033 0.0275693 0.0225163 0.0178259 0.013545 0.0097745 0.00662836 0.00418153
 0.00872944 0.0142033 0.0214124 0.0302843 0.0404928 0.0512971 0.0615153 0.0698127 0.075184 0.0772692 0.0763014 0.0728343 0.0675094 0.0609617 0.0537904 0.0465195 0.0395431 0.0330919 0.0272435 0.0219767 0.0172444 0.0130327 0.00938071 0.00635727 0.00401261
 0.00870915 0.0141369 0.0212525 0.029971 0.0399738 0.0505576 0.0606 0.0688252 0.0742626 0.0765552 0.0759193 0.0728798 0.0680305 0.0619263 0.055062 0.0478737 0.0407339 0.0339368 0.0276795 0.0220586 0.0170959 0.0127859 0.00913355 0.00616082 0.00387943
 0.00883479 0.0143011 0.0214239 0.0300906 0.0399656 0.0503484 0.0601428 0.0681181 0.0733589 0.0755631 0.0749858 0.0721618 0.0676603 0.0619799 0.0555376 0.0486834 0.0417178 0.0349043 0.0284677 0.0225806 0.0173544 0.0128479 0.00908717 0.00607907 0.00380499
 0.00875446 0.0142292 0.0214203 0.0302376 0.0403331 0.050946 0.0608856 0.0688359 0.0738527 0.0756816 0.0746826 0.0715087 0.0668172 0.0611417 0.0548771 0.0483065 0.0416402 0.0350575 0.0287321 0.0228353 0.01752 0.0129035 0.0090584 0.00600985 0.00373267
 0.00870176 0.0141388 0.0212798 0.0300434 0.0401037 0.0507347 0.0607779 0.0689203 0.0741705 0.0761846 0.0752341 0.0719367 0.0669932 0.0610375 0.0545692 0.0479318 0.0413319 0.0348932 0.0287159 0.0229149 0.0176244 0.0129789 0.00908508 0.00599686 0.00370106
 0.00869162 0.014107 0.0212037 0.0298928 0.03985 0.0503657 0.0603137 0.068422 0.0737332 0.0759121 0.0752001 0.0721489 0.0673821 0.0614829 0.0549548 0.0481962 0.0414842 0.0349886 0.0288118 0.0230374 0.0177638 0.0131072 0.00917898 0.00604979 0.00372144
 0.00866918 0.014072 0.0211528 0.0298214 0.0397498 0.0502231 0.0601121 0.0681494 0.0733946 0.0755413 0.0748601 0.0719168 0.0673189 0.0616047 0.0552228 0.0485344 0.0418165 0.0352698 0.0290351 0.0232185 0.0179178 0.0132377 0.00928096 0.00611927 0.00376109
 0.00874731 0.0141866 0.021302 0.0299948 0.0399307 0.0503917 0.0602474 0.0682294 0.073397 0.0754478 0.0746661 0.0716409 0.067006 0.0613151 0.0550109 0.0484266 0.0418035 0.0353181 0.0291082 0.0232923 0.0179833 0.0132934 0.0093262 0.00615261 0.00378219
 0.00863839 0.0140459 0.0211568 0.0298907 0.0399164 0.0504962 0.060463 0.0685111 0.0736803 0.0756719 0.0747908 0.0716519 0.0669126 0.0611465 0.0548093 0.0482377 0.0416626 0.0352401 0.0290866 0.0233083 0.018017 0.0133305 0.00935888 0.00617765 0.003799
 0.00871961 0.01415 0.0212637 0.0299703 0.0399431 0.0504692 0.0604159 0.0685008 0.0737561 0.0758443 0.075021 0.0718695 0.0670489 0.0611625 0.0547064 0.0480496 0.0414385 0.0350261 0.0289135 0.0231871 0.017943 0.0132912 0.00934106 0.00617114 0.00379739
 0.00867849 0.0140938 0.0211975 0.0299018 0.0398768 0.0503991 0.060326 0.0683762 0.0736 0.0756889 0.0749187 0.0718657 0.0671549 0.0613475 0.0549142 0.0482276 0.0415592 0.0350911 0.0289422 0.0232018 0.0179582 0.0133113 0.00936368 0.00619195 0.00381345
 0.00859116 0.0139529 0.0209889 0.0296161 0.0395153 0.0499798 0.0598861 0.067966 0.0732689 0.0754709 0.0748279 0.0719028 0.0673146 0.0616181 0.0552712 0.0486304 0.0419597 0.0354484 0.0292347 0.0234275 0.018127 0.013436 0.00945443 0.00625565 0.00385548
 0.00890385 0.0144477 0.0217053 0.0305739 0.0407008 0.0513311 0.0612833 0.069242 0.0742465 0.0760124 0.0748726 0.0714759 0.0665099 0.0605682 0.0541156 0.0474888 0.0409148 0.0345424 0.0284786 0.0228157 0.0176485 0.0130779 0.00920138 0.00608892 0.00375398
 0.00885204 0.0143976 0.0216932 0.0306558 0.0409389 0.051771 0.0619317 0.0700556 0.0751367 0.076862 0.07556 0.0719014 0.0666185 0.0603613 0.0536478 0.0468495 0.0402028 0.0338433 0.0278509 0.0222895 0.0172316 0.0127647 0.00897931 0.0059415 0.00366331
 0.00860642 0.0139771 0.0210267 0.0296788 0.0396269 0.0501821 0.0602352 0.0685136 0.0740324 0.0764042 0.0758139 0.0727771 0.0679154 0.0618382 0.0550887 0.048107 0.0412103 0.0346008 0.0283974 0.0226754 0.0175013 0.012951 0.00910481 0.00602259 0.00371281
 0.00878873 0.0142621 0.0214298 0.0301949 0.0402178 0.050767 0.0606944 0.0687196 0.0739033 0.075954 0.0751615 0.072101 0.0673778 0.0615227 0.0549843 0.0481364 0.0412788 0.0346381 0.0283748 0.0226 0.0173986 0.0128473 0.0090175 0.00595854 0.003671
 0.00859572 0.0139776 0.0210572 0.0297587 0.0397596 0.0503349 0.0603314 0.0684514 0.0737301 0.0758515 0.0750971 0.0720605 0.0673824 0.0616214 0.0552214 0.0485183 0.0417628 0.0351497 0.0288403 0.0229725 0.017665 0.0130203 0.00912122 0.00601682 0.00370204
 0.0084822 0.0137442 0.0206194 0.0290185 0.0386424 0.0488424 0.0585806 0.0666671 0.072183 0.0747703 0.0746018 0.0721464 0.0679523 0.0625393 0.0563582 0.0497715 0.0430515 0.0364015 0.0299858 0.0239532 0.0184466 0.0135988 0.00951899 0.00627099 0.00385291
 0.00896075 0.0144899 0.0216747 0.0303821 0.040249 0.0505439 0.0601453 0.0678199 0.0726891 0.0745267 0.0736809 0.0707619 0.0663718 0.0609969 0.0550081 0.0486861 0.042244 0.0358485 0.0296426 0.0237639 0.0183548 0.0135582 0.00949962 0.00625844 0.00384283
 0.00912985 0.0148013 0.0222087 0.0312306 0.0414857 0.0521793 0.0620847 0.0698528 0.0745236 0.0758614 0.0742872 0.0705483 0.0654071 0.0594839 0.0532159 0.0468733 0.0406021 0.0344831 0.0285838 0.0229904 0.0178181 0.0132018 0.00927144 0.00611714 0.00375856
 0.00910002 0.014796 0.0222826 0.0314661 0.0419786 0.0530105 0.0632883 0.071391 0.0762762 0.0776315 0.0758282 0.0716129 0.0658118 0.059164 0.0522477 0.045448 0.0389649 0.0328645 0.0271503 0.0218281 0.0169433 0.0125852 0.00886213 0.00586079 0.00360734
 0.00852772 0.0139168 0.02106 0.0299154 0.0401797 0.0511186 0.0615351 0.0700589 0.075634 0.0778489 0.0769083 0.0733789 0.0679521 0.0613189 0.0541053 0.0468181 0.0398067 0.0332611 0.0272495 0.0217786 0.0168531 0.0125104 0.00881832 0.00584238 0.00360309
 0.00820354 0.0133029 0.0199821 0.0281753 0.0376252 0.0477458 0.057572 0.0659684 0.0720137 0.0752707 0.0757694 0.0738157 0.0698282 0.0642739 0.057649 0.0504485 0.0431191 0.036015 0.0293744 0.0233295 0.0179447 0.0132619 0.00932576 0.00617481 0.00381036
 0.00887377 0.0143582 0.0214935 0.0301506 0.0399673 0.0502114 0.0597655 0.0674141 0.0723119 0.0742717 0.0736624 0.0710719 0.0670291 0.0619155 0.0560088 0.0495525 0.0428011 0.0360251 0.0294865 0.0234047 0.0179393 0.0131953 0.00923786 0.00609674 0.00375533
 0.00876497 0.0142615 0.0214964 0.0303845 0.0405717 0.0512738 0.0612601 0.0691693 0.0740268 0.0755832 0.0742507 0.0707744 0.0659132 0.0602662 0.0542249 0.0479992 0.0416925 0.0353896 0.0292143 0.0233364 0.0179419 0.0131963 0.00921814 0.00606493 0.00372471
 0.00837121 0.0136144 0.0205183 0.0290233 0.0388411 0.0493007 0.0593084 0.0675989 0.0731794 0.075642 0.0751538 0.0722348 0.0675384 0.0617149 0.0553221 0.0487611 0.0422594 0.0359167 0.0297864 0.0239464 0.0185261 0.0136879 0.00958244 0.00630498 0.0038669
 0.00860564 0.0139321 0.0208764 0.0293349 0.0389907 0.0491766 0.0588417 0.0667992 0.0721549 0.0745908 0.0743123 0.0717923 0.0675555 0.0620982 0.0558767 0.0492914 0.0426558 0.0361782 0.0299782 0.0241347 0.0187362 0.0139039 0.0097735 0.00644928 0.00396088
 0.00875729 0.0142027 0.021323 0.0300113 0.0399174 0.0503013 0.0600149 0.0677931 0.0727336 0.0746024 0.073756 0.0708221 0.0664181 0.0610354 0.0550405 0.0487121 0.0422732 0.0359071 0.0297631 0.023963 0.0186173 0.0138422 0.00975745 0.00645843 0.00397707
 0.00849085 0.0138261 0.0208637 0.0295376 0.0395274 0.0500997 0.0600828 0.0681595 0.0733526 0.0753489 0.0744537 0.0713037 0.0665931 0.0609247 0.0547562 0.048394 0.0420239 0.0357628 0.0297073 0.0239608 0.0186414 0.0138787 0.00979939 0.00649956 0.00401154
#obs surv len freq
 nan nan nan nan nan nan nan nan nan nan nan nan nan nan nan nan nan nan nan nan nan nan nan nan nan
 0.00448065 0.0073403 0.0111689 0.0159847 0.0216859 0.0279628 0.0342786 0.0400117 0.0446927 0.0481576 0.0505161 0.0520125 0.052905 0.0534176 0.0537321 0.0539871 0.0542658 0.0545586 0.0546974 0.0542893 0.0527272 0.0493592 0.0438086 0.0362883 0.0276714
 0.00462045 0.00756675 0.0115079 0.016459 0.0223097 0.0287337 0.0351692 0.0409664 0.0456351 0.0490043 0.0511925 0.0524635 0.0531018 0.053358 0.0534369 0.0534928 0.0536152 0.0537942 0.053858 0.0534117 0.0518501 0.0485254 0.0430625 0.0356676 0.0271971
 0.00477701 0.00782648 0.0119082 0.0170375 0.0230959 0.0297361 0.0363621 0.0422859 0.0469876 0.0502837 0.052297 0.0533076 0.0536228 0.0535205 0.0532353 0.0529493 0.0527744 0.0527146 0.0526052 0.0520556 0.0504657 0.0471932 0.0418626 0.0346659 0.02643
 0.00497014 0.00814096 0.0123829 0.0177095 0.0239952 0.0308746 0.0377223 0.043814 0.0485972 0.0518678 0.0537426 0.0545075 0.0544852 0.0539766 0.0532446 0.052503 0.0518954 0.0514545 0.0510407 0.0502842 0.0486029 0.0453667 0.0401985 0.0332676 0.0253555
 0.00519414 0.00850649 0.0129355 0.0184923 0.0250405 0.0321913 0.0392825 0.0455492 0.0504084 0.053644 0.0553761 0.0559005 0.0555501 0.0546367 0.0534379 0.0521889 0.0510623 0.0501263 0.0492813 0.0481996 0.0463386 0.0430956 0.0380981 0.0314856 0.0239779
 0.00541317 0.00886705 0.0134865 0.0192826 0.0261093 0.0335538 0.0409144 0.0473814 0.0523364 0.0555479 0.0571399 0.0574227 0.0567457 0.055434 0.0537757 0.0520164 0.0503446 0.0488564 0.0474951 0.0459892 0.0438567 0.040544 0.0356957 0.0294219 0.0223693
 0.00564868 0.00925279 0.0140726 0.020118 0.0272332 0.0349811 0.0426212 0.0492979 0.0543564 0.0575477 0.0589975 0.0590301 0.0580133 0.0562908 0.0541651 0.0518918 0.0496692 0.0476108 0.0456943 0.0437053 0.0412342 0.0377951 0.0330664 0.0271355 0.0205709
 0.00589764 0.00965949 0.0146884 0.0209921 0.0284035 0.0364598 0.0443794 0.0512607 0.0564128 0.0595723 0.0608695 0.0606446 0.0592845 0.0571503 0.0545591 0.0517771 0.0490108 0.0463863 0.043909 0.0414164 0.0385727 0.0349689 0.0303301 0.0247311 0.0186634
 0.00614129 0.01006 0.0152992 0.0218657 0.0295809 0.0379543 0.0461599 0.0532465 0.0584857 0.0615998 0.0627274 0.0622289 0.0605144 0.0579655 0.0549148 0.0516381 0.0483479 0.0451793 0.04216 0.0391727 0.0359521 0.0321675 0.027597 0.0223111 0.0167301
 0.00638827 0.0104634 0.0159099 0.0227324 0.0307414 0.0394206 0.0479031 0.0551904 0.0605165 0.0635867 0.0645442 0.0637676 0.0616917 0.0587229 0.0552138 0.0514539 0.0476627 0.0439817 0.0404553 0.0370046 0.033427 0.0294657 0.0249529 0.0199601 0.0148431
 0.00660746 0.0108272 0.0164713 0.0235448 0.0318477 0.0408355 0.0495958 0.0570797 0.0624835 0.0654997 0.06628 0.0652246 0.0627924 0.059413 0.0554588 0.051234 0.0469678 0.0428096 0.0388183 0.034947 0.0310474 0.026928 0.0224708 0.0177503 0.0130655
 0.00682371 0.0111801 0.0170053 0.0243028 0.0328637 0.0421226 0.0511322 0.0588019 0.0642924 0.0672768 0.0679064 0.0665952 0.0638249 0.0600509 0.0556695 0.0510029 0.0462917 0.041694 0.0372824 0.0330374 0.0288564 0.0246038 0.0202044 0.0157347 0.0114437
 0.00705097 0.0115509 0.0175652 0.0250942 0.0339163 0.0434393 0.0526758 0.0604921 0.0660189 0.068922 0.0693647 0.0677826 0.0646798 0.0605317 0.0557523 0.0506786 0.0455629 0.040573 0.0357945 0.0312317 0.0268201 0.0224701 0.0181413 0.0139102 0.00998063
 0.00729071 0.0119433 0.0181601 0.0259382 0.0350415 0.0448469 0.0543197 0.0622755 0.0678093 0.0705791 0.0707676 0.0688445 0.0653512 0.0607949 0.0556121 0.0501528 0.0446748 0.0393493 0.0342694 0.0294571 0.0248781 0.0204796 0.0162471 0.012254 0.0086631
 0.0074344 0.0121861 0.0185428 0.026505 0.0358313 0.0458791 0.055579 0.0637052 0.0693171 0.0720532 0.0720948 0.0699251 0.0661094 0.0611852 0.0556192 0.0497859 0.043959 0.0383188 0.0329664 0.0279371 0.0232192 0.0187869 0.0146442 0.0108587 0.00755705
 0.00755447 0.0123749 0.0188161 0.0268759 0.0363112 0.0464781 0.0563035 0.0645514 0.0702654 0.0730638 0.073107 0.0708629 0.0668918 0.0617383 0.0558874 0.0497381 0.0435898 0.037645 0.0320236 0.0267793 0.0219214 0.0174444 0.0133644 0.00974149 0.00667056
 0.00758202 0.0124245 0.0188995 0.0270069 0.0365031 0.0467391 0.0566344 0.064947 0.0707196 0.0735734 0.0736692 0.0714665 0.0675068 0.0623125 0.0563532 0.0500266 0.0436461 0.0374397 0.0315577 0.0260852 0.0210599 0.0165 0.0124327 0.00891111 0.00600329
 0.00766332 0.0125425 0.0190513 0.0271821 0.0366884 0.0469254 0.056821 0.0651412 0.0709313 0.0738101 0.0739345 0.07176 0.067824 0.0626407 0.0566658 0.0502813 0.0437905 0.0374243 0.0313511 0.0256854 0.0204996 0.0158415 0.0117553 0.00829167 0.00549761
 0.00770967 0.0126156 0.0191563 0.0273205 0.0368556 0.0471089 0.0570009 0.0652949 0.0710434 0.0738811 0.0739823 0.0718127 0.0679075 0.0627682 0.0568322 0.0504632 0.0439489 0.0375123 0.0313252 0.0255202 0.0201981 0.0154382 0.0113073 0.00786157 0.00513521
 0.00776399 0.0126974 0.0192675 0.0274585 0.0370145 0.0472805 0.0571751 0.0654593 0.0711834 0.0739825 0.0740367 0.0718227 0.0678882 0.0627426 0.0568223 0.0504792 0.0439831 0.0375395 0.0313109 0.0254328 0.0200231 0.0151857 0.0110101 0.00756392 0.0048765
 0.00780715 0.012763 0.0193576 0.0275715 0.0371451 0.0474202 0.057313 0.0655835 0.0712836 0.0740518 0.0740733 0.0718286 0.0678687 0.0627062 0.0567804 0.0504432 0.0439595 0.0375242 0.0312879 0.0253802 0.0199232 0.0150353 0.0108238 0.00736868 0.00470051
 0.0078512 0.0128317 0.0194552 0.0276995 0.0373008 0.0475963 0.0574965 0.0657568 0.0714275 0.0741513 0.0741205 0.0718244 0.0678207 0.062626 0.0566812 0.0503378 0.0438584 0.0374326 0.0312037 0.025294 0.0198237 0.0149159 0.0106883 0.00723027 0.00457579
 0.00787917 0.0128751 0.0195166 0.0277797 0.0373991 0.0477098 0.05762 0.0658824 0.0715451 0.0742501 0.0741911 0.0718601 0.0678194 0.0625901 0.0566173 0.0502553 0.0437673 0.0373411 0.0311158 0.0252089 0.0197369 0.0148238 0.0105913 0.0071344 0.0044901
 0.00789025 0.0128905 0.0195352 0.0277989 0.0374162 0.0477233 0.057631 0.0658943 0.0715627 0.0742771 0.0742284 0.0719051 0.0678657 0.0626301 0.0566441 0.0502651 0.0437601 0.0373198 0.0310842 0.0251697 0.019691 0.0147712 0.0105337 0.00707595 0.00443663
 0.00788694 0.0128821 0.0195169 0.0277648 0.0373607 0.0476443 0.0575322 0.0657863 0.0714608 0.0741981 0.0741863 0.0719079 0.0679133 0.0627145 0.0567512 0.0503787 0.0438661 0.0374083 0.0311506 0.0252131 0.0197129 0.0147744 0.0105221 0.00705507 0.0044124
 0.00789925 0.0128967 0.0195288 0.0277657 0.0373409 0.0475957 0.0574518 0.0656775 0.071334 0.0740688 0.0740725 0.0718269 0.0678782 0.0627302 0.0568138 0.0504763 0.043982 0.0375257 0.0312556 0.0252971 0.0197723 0.0148101 0.0105379 0.0070566 0.00440577
 0.0079113 0.0129172 0.0195609 0.0278117 0.0374002 0.0476624 0.0575135 0.0657176 0.0713367 0.0740258 0.0739873 0.0717143 0.0677595 0.0626273 0.0567431 0.0504454 0.0439886 0.0375599 0.0313039 0.0253464 0.0198133 0.0148379 0.0105524 0.0070604 0.00440305
 0.00788357 0.0128714 0.0194912 0.0277134 0.0372724 0.047511 0.0573526 0.0655672 0.0712165 0.0739479 0.0739531 0.0717169 0.0677895 0.0626786 0.0568142 0.050537 0.0441002 0.0376869 0.0314368 0.0254736 0.0199239 0.0149249 0.0106139 0.00709902 0.0044242
 0.00786838 0.0128432 0.0194422 0.0276345 0.0371553 0.0473524 0.0571579 0.0653522 0.0710053 0.0737677 0.0738271 0.0716585 0.0678003 0.0627492 0.0569294 0.0506817 0.0442621 0.0378564 0.0316056 0.0256326 0.020064 0.0150391 0.0106991 0.00715667 0.00445924
 0.00782807 0.0127766 0.0193401 0.0274879 0.0369577 0.0471033 0.0568661 0.0650375 0.070696 0.073496 0.0736233 0.071546 0.0677912 0.062842 0.0571097 0.0509256 0.0445425 0.038148 0.0318877 0.0258898 0.0202853 0.015218 0.0108336 0.00724987 0.00451822
 0.00782476 0.0127684 0.0193224 0.027454 0.0368998 0.0470139 0.0567405 0.0648754 0.0705034 0.0732854 0.0734135 0.0713604 0.0676538 0.0627726 0.057119 0.0510124 0.044694 0.0383436 0.0321036 0.0261036 0.0204795 0.0153808 0.0109596 0.00733947 0.00457639
 0.0078088 0.0127399 0.0192748 0.0273797 0.0367922 0.0468702 0.0565642 0.0646767 0.070297 0.073087 0.0732376 0.0712192 0.067558 0.0627321 0.0571412 0.0511002 0.0448432 0.0385415 0.0323308 0.0263374 0.0206985 0.0155688 0.0111077 0.0074464 0.00464681
 0.00776532 0.0126741 0.0191848 0.0272665 0.0366588 0.0467201 0.056401 0.0645052 0.070124 0.0729224 0.0730933 0.071107 0.0674879 0.0627108 0.0571724 0.0511848 0.0449786 0.0387206 0.0325407 0.0265603 0.0209145 0.0157601 0.0112626 0.00756072 0.00472351
 0.00773247 0.0126154 0.0190872 0.0271162 0.0364462 0.0464469 0.0560851 0.0641793 0.0698266 0.0726856 0.0729354 0.071032 0.06749 0.0627804 0.0572996 0.0513603 0.0451936 0.0389652 0.0328028 0.0268251 0.0211651 0.0159806 0.0114415 0.00769377 0.00481361
 0.00932593 0.0148456 0.0217778 0.0298799 0.038796 0.047975 0.0566057 0.0637582 0.0687026 0.0711525 0.071251 0.0693793 0.0659778 0.0614599 0.0561848 0.0504448 0.0444621 0.0383996 0.0323841 0.0265324 0.0209755 0.0158693 0.0113843 0.00766948 0.00480646
 0.00930034 0.0151023 0.0226899 0.0319111 0.0422989 0.0529186 0.062402 0.0693568 0.0729634 0.0732945 0.0711108 0.0673558 0.0627569 0.057722 0.0524335 0.046976 0.0414127 0.0358126 0.0302554 0.0248364 0.0196741 0.0149149 0.0107211 0.00723666 0.00454337
 0.00896898 0.0145781 0.02195 0.0310019 0.0413913 0.0523468 0.0626247 0.0707934 0.0757434 0.0770696 0.0750965 0.0706298 0.0646448 0.0580322 0.0514279 0.0451535 0.0392733 0.0337197 0.028412 0.0233232 0.0184996 0.0140503 0.0101197 0.00684419 0.00430502
 0.00878006 0.0142648 0.0214677 0.0303079 0.0404616 0.0512064 0.0613882 0.0696941 0.0751165 0.0772614 0.0763091 0.0727725 0.0672981 0.0605831 0.0533189 0.0460965 0.0393081 0.0331138 0.0274965 0.0223676 0.0176649 0.0134011 0.00965819 0.00654145 0.00412166
 0.00873741 0.0141832 0.0213214 0.0300632 0.0400822 0.0506637 0.0606764 0.0688461 0.0742204 0.0764703 0.0758307 0.0728178 0.0679905 0.0618669 0.0549359 0.0476685 0.040492 0.0337349 0.027584 0.02209 0.0172249 0.012957 0.00929598 0.00628568 0.00396079
 0.00869531 0.0141172 0.0212259 0.0299322 0.0399074 0.0504328 0.0603733 0.0684563 0.0737404 0.075922 0.0752752 0.0723611 0.0677684 0.0620014 0.0554725 0.0485303 0.0414877 0.0346316 0.0282051 0.022378 0.0172366 0.012808 0.00909748 0.00610925 0.00383443
 0.00868891 0.0141044 0.0212023 0.0298922 0.0398453 0.0503444 0.060256 0.0683079 0.0735563 0.0756954 0.075003 0.0720561 0.067472 0.0617856 0.0554214 0.0487018 0.0418747 0.0351497 0.0287235 0.0227772 0.0174581 0.0128649 0.0090487 0.00601997 0.00374986
 0.00867756 0.0140866 0.0211765 0.0298572 0.0397998 0.0502868 0.0601851 0.0682227 0.0734567 0.0755813 0.0748736 0.0719112 0.0673158 0.0616343 0.0553079 0.0486702 0.041961 0.0353581 0.0290139 0.0230785 0.017701 0.0130118 0.00910312 0.0060127 0.00371656
 0.00865841 0.0140578 0.0211374 0.0298089 0.0397444 0.0502274 0.0601245 0.0681634 0.0734 0.075527 0.0748199 0.071855 0.0672546 0.061569 0.0552465 0.0486298 0.041965 0.0354254 0.0291455 0.0232517 0.0178764 0.0131524 0.00918997 0.00604931 0.00372016
 0.00866706 0.0140701 0.0211528 0.0298256 0.0397601 0.0502399 0.0601322 0.0681652 0.0733948 0.0755132 0.0747953 0.0718175 0.067203 0.0615041 0.0551727 0.0485565 0.0419064 0.0353973 0.0291586 0.0233048 0.0179544 0.0132328 0.00925337 0.00608708 0.00373514
 0.00866092 0.0140588 0.0211335 0.0297949 0.0397156 0.0501812 0.0600627 0.068092 0.0733272 0.07546 0.0747623 0.0718058 0.0672094 0.061522 0.0551952 0.048579 0.041929 0.0354248 0.0291977 0.0233591 0.018021 0.0133021 0.00931387 0.00613086 0.00376085
 0.00862369 0.0140067 0.0210703 0.0297291 0.0396572 0.0501374 0.0600346 0.0680753 0.0733154 0.0754485 0.0747511 0.0717983 0.0672099 0.0615331 0.0552162 0.0486069 0.0419607 0.0354588 0.029235 0.0234015 0.0180685 0.0133514 0.00935902 0.00616662 0.00378489
 0.00864005 0.0140239 0.0210797 0.029718 0.0396145 0.0500603 0.0599332 0.0679702 0.0732291 0.0753957 0.0747335 0.0718076 0.0672345 0.0615643 0.0552498 0.048642 0.0419971 0.0354964 0.0292737 0.0234412 0.0181088 0.0133907 0.00939462 0.00619561 0.00380563
 0.00863382 0.0140179 0.0210773 0.0297236 0.0396298 0.0500808 0.0599474 0.0679633 0.0731914 0.0753292 0.0746529 0.0717332 0.0671826 0.0615411 0.055252 0.0486619 0.0420271 0.0355311 0.0293101 0.0234778 0.0181445 0.0134241 0.00942417 0.00621961 0.00382318
 0.00861502 0.0139903 0.0210418 0.0296835 0.0395906 0.0500495 0.0599302 0.0679634 0.0732061 0.07535 0.0746683 0.0717351 0.0671706 0.0615225 0.0552371 0.0486582 0.0420368 0.0355518 0.0293377 0.0235082 0.0181749 0.0134524 0.00944879 0.00623946 0.00383778
 0.00861502 0.0139903 0.0210418 0.0296835 0.0395906 0.0500495 0.0599302 0.0679634 0.0732061 0.07535 0.0746683 0.0717351 0.0671706 0.0615225 0.0552371 0.0486582 0.0420368 0.0355518 0.0293377 0.0235082 0.0181749 0.0134524 0.00944879 0.00623946 0.00383778
 0.00887648 0.0144027 0.0216367 0.0304765 0.0405723 0.0511745 0.0611101 0.0690721 0.0741053 0.0759243 0.0748537 0.0715288 0.0666229 0.0607195 0.054281 0.0476491 0.0410586 0.0346647 0.0285765 0.0228869 0.017692 0.0130962 0.00920092 0.00607802 0.00374017
 0.00883262 0.0143603 0.0216268 0.0305464 0.0407743 0.0515468 0.0616582 0.069761 0.0748639 0.0766601 0.0754706 0.0719453 0.0667877 0.0606211 0.053948 0.0471412 0.0404513 0.0340331 0.0279821 0.0223711 0.0172752 0.0127813 0.00897855 0.00593186 0.00365123
 0.00851535 0.0138497 0.0208725 0.029518 0.0394826 0.0500694 0.0601541 0.0684528 0.0739803 0.076361 0.0757948 0.0728053 0.0680077 0.0619941 0.0552881 0.0483173 0.0413981 0.0347428 0.0284853 0.0227141 0.0175038 0.0129319 0.00907676 0.00599443 0.00368951
 0.00871903 0.0141314 0.0212032 0.0298348 0.0397004 0.050104 0.0599482 0.0679973 0.0733265 0.0756188 0.0751105 0.072319 0.0678075 0.0620873 0.0556062 0.0487486 0.0418309 0.0350979 0.0287287 0.0228511 0.0175615 0.0129428 0.0090669 0.00597994 0.00367762
 0.00856817 0.0139237 0.0209581 0.0295887 0.0394892 0.0499394 0.0598031 0.0678132 0.0730447 0.0752169 0.074626 0.0718454 0.0674632 0.0619727 0.0557655 0.0491551 0.0423997 0.0357195 0.0293057 0.0233225 0.0179076 0.0131746 0.00921061 0.00606333 0.00372331
 0.00834769 0.0135542 0.020386 0.0287683 0.0384064 0.0486402 0.0584091 0.0665033 0.0719989 0.0745529 0.0743674 0.0719403 0.0678341 0.0625591 0.0565349 0.0500844 0.0434486 0.0368187 0.0303671 0.0242632 0.0186729 0.0137474 0.00960617 0.00631606 0.00387285
 0.00884188 0.0143137 0.0214419 0.0301074 0.0399596 0.0502761 0.0599384 0.0677081 0.07269 0.0746323 0.073857 0.0709604 0.0665509 0.0611377 0.0551178 0.0487866 0.0423549 0.0359748 0.0297735 0.0238817 0.0184448 0.0136153 0.00952773 0.00626671 0.00384082
 0.00901297 0.0146473 0.0220432 0.0310982 0.0414366 0.0522485 0.0622768 0.0701422 0.074869 0.0762224 0.0746313 0.0708471 0.0656306 0.0596027 0.0532131 0.0467548 0.0403982 0.034237 0.0283361 0.0227679 0.0176325 0.0130544 0.00915903 0.0060354 0.00370275
 0.00895595 0.0145667 0.0219493 0.0310215 0.0414364 0.0524159 0.0627221 0.0709577 0.0760742 0.0777181 0.0761973 0.0721989 0.0665114 0.0598661 0.0528578 0.0459047 0.0392473 0.0329884 0.0271562 0.021764 0.0168507 0.0124918 0.00878248 0.00579996 0.00356494
 0.00859101 0.013981 0.0210855 0.0298426 0.0399462 0.0506878 0.0609219 0.0693387 0.0749292 0.0772976 0.0766261 0.0734248 0.0683108 0.0619066 0.0547979 0.0474895 0.0403617 0.0336524 0.0274763 0.0218725 0.0168595 0.012472 0.00876643 0.00579489 0.0035672
 0.00817312 0.0132758 0.0199799 0.0282244 0.0377412 0.047913 0.057734 0.0660432 0.0719319 0.0750165 0.0753985 0.0734364 0.0695556 0.0641832 0.0577498 0.0506895 0.0434154 0.036283 0.0295593 0.0234149 0.017946 0.0132113 0.00925576 0.00610866 0.00375944
 0.00885193 0.0143028 0.0213756 0.0299373 0.0396369 0.049774 0.0592737 0.0669521 0.0719636 0.0740855 0.0736374 0.0711734 0.0672179 0.0621689 0.0563196 0.0499131 0.0431886 0.0363997 0.0298046 0.023636 0.0180771 0.0132545 0.00924523 0.00607899 0.00373164
 0.00876412 0.014256 0.0214791 0.0303425 0.0404858 0.0511206 0.0610198 0.0688397 0.0736369 0.0751964 0.0739483 0.0706236 0.0659388 0.0604449 0.0545036 0.0483224 0.0420186 0.0356915 0.0294725 0.023536 0.0180758 0.0132685 0.00924308 0.0060616 0.00371001
 0.00833721 0.013559 0.0204351 0.0289064 0.0386866 0.0491091 0.0590854 0.067356 0.0729328 0.075412 0.0749653 0.0721166 0.0675173 0.0618049 0.0555153 0.0490278 0.0425585 0.0362091 0.0300435 0.0241517 0.0186737 0.0137802 0.00962949 0.00632085 0.00386586
