SBPRF35
7.8813
Curr Bio
516125
B35
557783
F35
0.211831
FOFL
0.17738
OFL
66251.4
Bzero
2.2518e+006
#pred survey bio
 3.37674e+006 3.32823e+006 3.20056e+006 2.83861e+006 2.68636e+006 2.62162e+006 2.47959e+006 2.278e+006 1.96529e+006 1.58643e+006 1.35456e+006 1.22712e+006 1.16154e+006 1.11101e+006 1.04948e+006 930946 835949 736972 680666 673300 655260 645839 649035 624054 559304 541870 541962 531644 546452 547014 547193 547568 535128 545105 559932 571489 586577 572632 551092 537493 563907 590897 586365 597972 630458 673487 658728 599641 561338 570561 601096 649761 627215 560758 552098 552904 515533 515069 542245 588681 639820 628538 599039 556787 522759 1.67302e+007 1.01483e+007 1.06221e+007 1.15597e+007 1.26985e+007 1.38224e+007 1.48107e+007 1.56185e+007 1.62473e+007 1.6721e+007 1.70701e+007 1.73239e+007 1.7507e+007 1.76386e+007 1.77332e+007 1.78015e+007 1.78509e+007 1.78868e+007 1.79132e+007 1.79327e+007 1.79471e+007 1.79579e+007 1.7966e+007 1.79721e+007 1.79768e+007 1.79803e+007 1.7983e+007 1.7985e+007 1.79866e+007 1.79878e+007 1.79887e+007 1.79894e+007 1.799e+007 1.79904e+007 1.79907e+007 1.7991e+007 1.79912e+007 1.79913e+007 1.79914e+007 1.79915e+007 1.79916e+007 1.79917e+007 1.79917e+007 1.79917e+007 1.79918e+007 1.79918e+007 1.79918e+007 1.79918e+007 1.79918e+007 1.79918e+007 1.79918e+007 1.79918e+007 1.79918e+007 1.79918e+007 1.79918e+007 1.79919e+007 1.79919e+007 1.79919e+007 1.79919e+007 1.79919e+007 1.79919e+007 1.79919e+007 1.79919e+007 1.79919e+007 1.79919e+007 1.79919e+007 1.79919e+007 1.79919e+007 1.79919e+007 1.79919e+007 1.79919e+007 1.79919e+007 1.79919e+007 1.79919e+007 1.79919e+007 1.79919e+007 1.79919e+007 1.79919e+007 1.79919e+007 1.79919e+007 1.79919e+007 1.79919e+007 1.79919e+007 1.79919e+007 1.79919e+007 1.79919e+007 1.79919e+007 1.79919e+007 1.79919e+007 1.79919e+007 1.79919e+007 1.79919e+007 1.79919e+007 1.79919e+007 1.79919e+007 1.79919e+007 1.79919e+007 1.79919e+007 1.79919e+007 1.79919e+007 0 0 0 0 0 0 0 0 0 0 0 0 0 0 0 0 0 0 0 0 0 0 0 0 0
#obs survey bio
 3.08634e+006 2.53109e+006 3.85684e+006 2.53558e+006 2.36706e+006 3.29821e+006 2.51293e+006 2.65862e+006 2.32041e+006 1.55468e+006 1.33549e+006 1.04376e+006 1.21451e+006 1.37888e+006 1.07785e+006 685641 906437 544057 604775 695492 608828 587908 617959 652166 561553 413406 545049 378635 596171 501450 620938 519994 549604 601702 684901 663365 895336 475520 508381 430729 421696 802970 668676 775951 468484 851146 730076 589184 424106 486746 642719 729340 534052 591573 741480 658657 478831 635476 492216 681832 509969 611028 469911 570546 422007
#pred catch bio
 99920.8 99205.9 162715 207649 226638 284255 281522 304908 302143 289778 291883 270963 262239 239814 226357 202417 179307 171550 141456 147070 140470 126084 118641 125777 104676 104813 110273 101211 98318.5 95609.7 98693.5 101212 92642.6 95275.6 96288.3 89697.9 86107.4 88653.8 82578.5 85491.3 91602 96446.9 87483 84993.9 88449.2 91435.8 85457.6 104581 92733.2 92617.9 82011.4 99794.6 138782 92716 67990.7 112391 92645.5 80220.1 81354.3 56044.3 110828 100805 112091 83651 93479.4 66251.4 78193.2 80460.8 86688.8 95003.3 103267 110428 116140 120446 123564 125753 127254 128266 128939 129381 129669 129855 129975 130052 130101 130132 130152 130164 130172 130177 130180 130182 130184 130184 130185 130185 130185 130186 130186 130186 130186 130186 130186 130186 130186 130186 130186 130186 130186 130186 130186 130186 130186 130186 130186 130186 130186 130186 130186 130186 130186 130186 130186 130186 130186 130186 130186 130186 130186 130186 130186 130186 130186 130186 130186 130186 130186 130186 130186 130186 130186 130186 130186 130186 130186 130186 130186 130186 130186 130186 130186 130186 130186 130186 130186 130186 130186 130186 130186 130186 130186 130186 130186 130186 130186 0 0 0 0 0 0 0 0 0 0 0 0 0 0 0 0 0 0 0 0 0 0 0 0 0
#obs catch bio
 0 98806.8 162830 208086 226739 284902 281299 304924 301433 289455 293189 272351 263952 240023 225545 202669 178652 172053 141496 147082 140641 126291 118384 125684 104595 104976 110225 101510 98182.4 95510.4 98781.7 101155 92621.8 95379 96393.9 89796.3 85944.8 88694.7 82412.7 85657.4 91733.7 96409.6 87420.7 84983 88619 91396.6 85124.4 104886 92764 92829.7 81939.2 99433.6 139539 92770.1 67503.7 112989 92688.5 80142.3 81822.6 55531.3 111535 100522 112519 83340.4 93627.2
#pred cpue bio
 3.34041e+006 3.2926e+006 3.16499e+006 2.80546e+006 2.65295e+006 2.58676e+006 2.44414e+006 2.24281e+006 1.93223e+006 1.55725e+006 1.32702e+006 1.19951e+006 1.13302e+006 1.08146e+006 1.01958e+006 902545 808837 712154 656843 649434 631712 622293 625342 601410 538806 521964 522113 512157 526470 527185 527513 528052 516153 525893 540413 551603 565062 549966 528262 515210 540695 566821 562611 573762 605037 646499 632644 576169 538984 547745 577052 624251 602756 537435 528591 530386 494508 493982 520407 565383 615607 604249 575302 533996 501611 1.60417e+007 9.71342e+006 1.00535e+007 1.08961e+007 1.20135e+007 1.3134e+007 1.41219e+007 1.49296e+007 1.55584e+007 1.60321e+007 1.63812e+007 1.6635e+007 1.68181e+007 1.69497e+007 1.70443e+007 1.71125e+007 1.71619e+007 1.71979e+007 1.72243e+007 1.72438e+007 1.72582e+007 1.7269e+007 1.72771e+007 1.72832e+007 1.72878e+007 1.72914e+007 1.7294e+007 1.72961e+007 1.72976e+007 1.72989e+007 1.72998e+007 1.73005e+007 1.7301e+007 1.73015e+007 1.73018e+007 1.73021e+007 1.73023e+007 1.73024e+007 1.73025e+007 1.73026e+007 1.73027e+007 1.73027e+007 1.73028e+007 1.73028e+007 1.73028e+007 1.73029e+007 1.73029e+007 1.73029e+007 1.73029e+007 1.73029e+007 1.73029e+007 1.73029e+007 1.73029e+007 1.73029e+007 1.73029e+007 1.73029e+007 1.73029e+007 1.73029e+007 1.73029e+007 1.73029e+007 1.73029e+007 1.73029e+007 1.73029e+007 1.73029e+007 1.73029e+007 1.73029e+007 1.73029e+007 1.73029e+007 1.73029e+007 1.73029e+007 1.73029e+007 1.73029e+007 1.73029e+007 1.73029e+007 1.73029e+007 1.73029e+007 1.73029e+007 1.73029e+007 1.73029e+007 1.73029e+007 1.73029e+007 1.73029e+007 1.73029e+007 1.73029e+007 1.73029e+007 1.73029e+007 1.73029e+007 1.73029e+007 1.73029e+007 1.73029e+007 1.73029e+007 1.73029e+007 1.73029e+007 1.73029e+007 1.73029e+007 1.73029e+007 1.73029e+007 1.73029e+007 1.73029e+007 1.73029e+007 0 0 0 0 0 0 0 0 0 0 0 0 0 0 0 0 0 0 0 0 0 0 0 0 0
#obs cpue bio
 3.57568e+006 4.6038e+006 3.825e+006 2.06806e+006 2.56683e+006 2.3486e+006 2.55208e+006 2.02089e+006 2.03904e+006 1.44441e+006 972659 1.17215e+006 944483 1.08388e+006 1.3758e+006 931172 986813 743528 692117 724301 625534 603948 806873 651860 458036 607036 643667 505867 659035 556279 418958 656706 439237 456294 447008 426603 471882 619911 643109 480228 731035 522066 459960 420138 666792 659491 660226 503328 655617 602888 491813 807288 595881 458314 490629 406386 499068 414637 424979 729992 634596 721316 631738 589185 583841
#pred surv len freq
 0.00420187 0.00693289 0.0106409 0.0153734 0.0210481 0.027358 0.0337574 0.0396131 0.0444491 0.0480983 0.050665 0.0523768 0.0534595 0.0540856 0.0543755 0.0544183 0.0542954 0.054079 0.0537763 0.0532161 0.0519522 0.0493181 0.0447113 0.0380039 0.0297941
 0.00451251 0.007348 0.0111021 0.0157773 0.0212835 0.0273592 0.0335404 0.0392672 0.0440861 0.0477946 0.0504346 0.0521904 0.0532889 0.0539419 0.0543153 0.0545164 0.0545982 0.0545629 0.0543327 0.053678 0.0521569 0.0491782 0.0442547 0.0373577 0.0291223
 0.0045354 0.00745792 0.0113944 0.0163658 0.0222475 0.0286753 0.0350425 0.0406811 0.0451353 0.0483162 0.0504316 0.0517922 0.0526636 0.0532271 0.0536026 0.0538702 0.0540692 0.0541758 0.0540595 0.0534293 0.0518129 0.0486486 0.0435316 0.0365244 0.0283099
 0.00473743 0.00774848 0.0117678 0.0168095 0.0227658 0.0293131 0.0358823 0.0417955 0.0465128 0.0498124 0.0517936 0.0527568 0.0530687 0.0530659 0.052996 0.0529941 0.0530877 0.053204 0.0531492 0.05257 0.0509516 0.0477315 0.0425499 0.0355325 0.0274032
 0.00489592 0.00803372 0.0122446 0.017546 0.0238085 0.030655 0.0374467 0.0434556 0.048142 0.0513258 0.0531436 0.0538878 0.05388 0.0534284 0.0528151 0.0522682 0.0519159 0.0517416 0.0515466 0.0509304 0.0493256 0.0461435 0.0410341 0.0341514 0.0262339
 0.00504165 0.00827073 0.012604 0.0180636 0.024525 0.0316113 0.0386695 0.0449365 0.0498195 0.0530851 0.0548398 0.0553805 0.0550563 0.0542009 0.0531099 0.0520291 0.0511295 0.0504615 0.049889 0.0490416 0.0473463 0.0441926 0.0392134 0.0325523 0.0249301
 0.0052858 0.00866206 0.0131823 0.0188615 0.0255621 0.032886 0.040152 0.04657 0.051531 0.0547978 0.0564762 0.0568562 0.0562762 0.055065 0.0535254 0.0519216 0.0504545 0.0492182 0.0481352 0.0468969 0.0449777 0.0417888 0.0369565 0.0305936 0.0233676
 0.00547143 0.00897585 0.0136764 0.0195911 0.0265725 0.0341934 0.0417254 0.048328 0.0533592 0.0565782 0.058111 0.0582758 0.0574294 0.0559025 0.0539873 0.0519368 0.0499539 0.0481571 0.0465191 0.0448018 0.0425544 0.039245 0.0345196 0.0284628 0.0216721
 0.00565831 0.00929095 0.0141722 0.0203249 0.0275969 0.0355382 0.0433788 0.0502254 0.0553892 0.0586006 0.0599826 0.0598726 0.0586623 0.0567192 0.0543603 0.0518443 0.049366 0.0470411 0.0448635 0.0426499 0.0400298 0.0365502 0.0319015 0.0261529 0.0198282
 0.00592912 0.00972612 0.0148182 0.0212231 0.0287779 0.0370122 0.0451234 0.0521785 0.0574525 0.0606527 0.061894 0.0615193 0.0599379 0.0575446 0.0546882 0.051653 0.0486475 0.045792 0.0430914 0.0403985 0.0374093 0.0337503 0.0291675 0.0237278 0.017885
 0.00613006 0.0100822 0.0154073 0.0221334 0.0300844 0.0387423 0.0472275 0.0545266 0.0598641 0.0629437 0.0639126 0.0631587 0.0611286 0.0582424 0.0548656 0.0512952 0.0477505 0.0443619 0.0411504 0.0380021 0.0346705 0.0308534 0.026351 0.0212316 0.0158837
 0.00640261 0.010521 0.0160619 0.0230516 0.0313096 0.0403043 0.0491257 0.0567121 0.0622294 0.0653281 0.0661259 0.0650166 0.0624882 0.0590214 0.0550381 0.0508728 0.0467602 0.0428355 0.0391288 0.0355528 0.0319111 0.0279644 0.0235603 0.018767 0.0139108
 0.00665525 0.010928 0.0166669 0.0238925 0.0324107 0.0416667 0.050718 0.0584708 0.0640711 0.0671646 0.0678701 0.066577 0.0637636 0.0599072 0.0554445 0.0507421 0.0460732 0.0416065 0.0374006 0.0334008 0.0294554 0.0253778 0.0210542 0.0165496 0.0121331
 0.00693639 0.0113729 0.0173138 0.0247681 0.0335258 0.0430084 0.052242 0.0601001 0.0657076 0.0687104 0.0692457 0.0677275 0.0646517 0.0604986 0.0556977 0.0506079 0.0455061 0.0405807 0.0359246 0.0315286 0.0272945 0.0230882 0.01883 0.0145797 0.0105531
 0.00719089 0.0117742 0.0178943 0.0255486 0.034511 0.044181 0.0535568 0.0614845 0.0670733 0.0699719 0.070336 0.0686035 0.0652903 0.0608874 0.0558246 0.0504528 0.0450392 0.0397707 0.0347562 0.0300237 0.0255282 0.0211912 0.0169696 0.0129218 0.00921832
 0.00742015 0.0121483 0.0184585 0.0263429 0.0355578 0.0454692 0.0550273 0.0630311 0.0685634 0.0712795 0.0713693 0.0693159 0.065675 0.0609643 0.0556238 0.0500008 0.0443492 0.038842 0.0335844 0.0286207 0.0239436 0.0195214 0.015347 0.0114823 0.00806221
 0.00745352 0.0122338 0.0186452 0.026696 0.0361434 0.0463288 0.0561543 0.0643611 0.0699857 0.0726612 0.0725818 0.0702572 0.0662826 0.0612194 0.055544 0.049625 0.0437202 0.037994 0.0325421 0.0274096 0.0226071 0.0181336 0.0140087 0.010299 0.00711276
 0.00755662 0.0123776 0.0188201 0.0268853 0.0363375 0.0465424 0.0564348 0.0647754 0.0705884 0.0734599 0.0735205 0.0712271 0.0671553 0.0618824 0.0559252 0.0496989 0.0434987 0.0375107 0.0318383 0.0265303 0.0216057 0.0170787 0.0129837 0.00938793 0.00637848
 0.00768339 0.0125921 0.019156 0.0273722 0.0369868 0.04733 0.0572931 0.0656079 0.0713052 0.0740153 0.073924 0.0715208 0.0673739 0.0620259 0.0559595 0.049577 0.0431858 0.0369982 0.0311445 0.025694 0.0206807 0.0161307 0.0120842 0.00860344 0.00575513
 0.00767274 0.0125647 0.019098 0.0272703 0.0368379 0.0471537 0.0571354 0.0655304 0.0713609 0.0742245 0.0742692 0.071961 0.0678658 0.0625329 0.0564455 0.0499976 0.0434884 0.037135 0.0310882 0.0254478 0.0202788 0.0156303 0.0115544 0.00811 0.00534657
 0.00778146 0.0127305 0.0193259 0.0275545 0.03716 0.0474827 0.0574321 0.0657569 0.071495 0.0742716 0.0742602 0.0719374 0.0678601 0.062558 0.0564954 0.0500522 0.0435185 0.037106 0.0309684 0.0252194 0.0199476 0.0152275 0.0111286 0.00771269 0.00501733
 0.00786567 0.012863 0.0195168 0.0278086 0.0374745 0.0478437 0.0578113 0.0661133 0.0717824 0.0744517 0.0743164 0.0718807 0.0677251 0.0623894 0.0563315 0.049913 0.0434021 0.0369931 0.0308314 0.0250346 0.019705 0.0149374 0.0108191 0.00741942 0.00477092
 0.00785901 0.0128473 0.0194846 0.0277518 0.037388 0.0477312 0.0576887 0.0660063 0.0717183 0.0744484 0.0743756 0.071989 0.0678618 0.0625364 0.0564788 0.0500574 0.0435404 0.0371161 0.0309226 0.0250748 0.0196816 0.0148518 0.0106882 0.00727057 0.00463142
 0.00780499 0.0127631 0.0193648 0.0275933 0.0371908 0.0474991 0.0574312 0.0657415 0.0714734 0.0742569 0.0742699 0.0719905 0.0679737 0.0627421 0.0567482 0.0503568 0.0438403 0.0373935 0.0311588 0.0252545 0.0197943 0.0148963 0.0106751 0.00722009 0.00456674
 0.00794399 0.0129745 0.0196549 0.0279567 0.0376099 0.0479443 0.0578621 0.0661091 0.0717281 0.0743609 0.074209 0.0717804 0.0676558 0.0623714 0.0563771 0.0500229 0.0435618 0.0371713 0.0309835 0.0251115 0.0196695 0.0147799 0.0105641 0.0071178 0.00447956
 0.00786035 0.0128598 0.0195216 0.0278291 0.0375171 0.0479087 0.0578908 0.0661922 0.0718451 0.0744886 0.0743274 0.0718745 0.0677168 0.0623981 0.056377 0.0500096 0.0435497 0.0371698 0.0309934 0.0251264 0.01968 0.0147783 0.0105478 0.00709015 0.00444741
 0.00780324 0.012766 0.0193801 0.0276331 0.03727 0.0476313 0.0576231 0.0659864 0.0717471 0.0745191 0.0744729 0.072095 0.0679632 0.0626292 0.056569 0.0501561 0.0436572 0.0372499 0.0310567 0.0251784 0.0197209 0.0148055 0.0105599 0.00708898 0.00443767
 0.00790858 0.012917 0.0195693 0.0278395 0.0374632 0.04778 0.057704 0.0659905 0.0716827 0.07441 0.0743513 0.0719894 0.0678878 0.0625805 0.0565316 0.0501138 0.0436011 0.0371812 0.030983 0.0251086 0.0196606 0.0147562 0.0105204 0.00705721 0.00441258
 0.00787573 0.0128742 0.0195236 0.027802 0.037443 0.0477769 0.0577044 0.0659715 0.071624 0.0743071 0.0742216 0.0718667 0.0678079 0.0625662 0.0565846 0.0502164 0.0437261 0.0373032 0.0310859 0.0251867 0.0197154 0.014792 0.0105416 0.00706771 0.00441588
 0.00789495 0.012886 0.0195067 0.0277276 0.0372863 0.0475323 0.0573957 0.0656472 0.0713385 0.0740992 0.0741035 0.0718301 0.0678384 0.0626542 0.0567255 0.0504042 0.0439472 0.0375365 0.0313083 0.02538 0.0198698 0.0149062 0.0106199 0.00711733 0.00444451
 0.00778063 0.0127273 0.0193167 0.0275318 0.0371109 0.0473886 0.0572718 0.0655157 0.0711771 0.0739098 0.0739163 0.0716888 0.0677787 0.0626901 0.0568499 0.050598 0.0441874 0.0377997 0.0315717 0.0256227 0.020076 0.0150677 0.0107365 0.00719458 0.00449138
 0.00774039 0.012653 0.0191904 0.0273362 0.0368392 0.0470562 0.056921 0.0652049 0.0709568 0.0737997 0.0739001 0.0717313 0.0678507 0.0627826 0.0569702 0.0507562 0.0443855 0.0380284 0.0318138 0.025858 0.0202863 0.0152405 0.0108666 0.00728425 0.00454767
 0.00782274 0.0127705 0.0193361 0.0274906 0.0369733 0.0471375 0.056922 0.0651124 0.0707787 0.0735659 0.0736538 0.0715123 0.0676817 0.0626665 0.0568998 0.0507251 0.0443924 0.0380736 0.0318932 0.0259607 0.0203972 0.0153443 0.0109525 0.00734767 0.00458955
 0.00771375 0.0126185 0.0191532 0.0273021 0.0368081 0.0470139 0.0568383 0.0650476 0.0707058 0.0734678 0.0735341 0.0713947 0.0675987 0.062645 0.05695 0.0508403 0.0445555 0.0382657 0.032098 0.0261647 0.0205878 0.0155103 0.0110859 0.00744557 0.00465482
 0.00778404 0.0126962 0.0192045 0.0272781 0.0366636 0.0467347 0.0564577 0.0646399 0.0703538 0.0732269 0.0734141 0.0713694 0.0676316 0.0627117 0.0570443 0.0509663 0.0447161 0.0384561 0.0323062 0.0263753 0.0207858 0.0156833 0.0112257 0.00754942 0.00472512
 0.00856324 0.0138064 0.0205832 0.028763 0.0380321 0.0477718 0.0570175 0.0646745 0.06991 0.0724232 0.0724071 0.0703136 0.0666438 0.0618545 0.0563341 0.0503944 0.0442678 0.0381185 0.0320669 0.0262198 0.0206963 0.015641 0.0112129 0.00755168 0.00473268
 0.00917389 0.0147922 0.0220437 0.0307581 0.0405368 0.0506243 0.0598939 0.0671345 0.0715243 0.0729258 0.0717856 0.0687888 0.0645623 0.0595642 0.0541007 0.048376 0.0425322 0.0366775 0.0309055 0.0253125 0.0200139 0.0151505 0.010879 0.00733818 0.00460545
 0.0091562 0.0148463 0.0222788 0.0313283 0.0416024 0.0522865 0.0621285 0.0697574 0.0742087 0.0752678 0.0734035 0.0694261 0.0641609 0.0582715 0.0522066 0.0462113 0.0403794 0.0347247 0.0292475 0.0239761 0.0189856 0.0143966 0.0103553 0.00699633 0.00439759
 0.0089254 0.0145154 0.0218681 0.0308993 0.0412598 0.0521701 0.0623929 0.0705342 0.0755509 0.0770959 0.0754859 0.0714202 0.0657073 0.0591048 0.0522337 0.0455232 0.0391975 0.0333142 0.0278396 0.0227263 0.0179698 0.0136297 0.0098146 0.00664072 0.00418042
 0.00881423 0.0143146 0.0215323 0.0303829 0.0405401 0.0512794 0.0614431 0.0697135 0.0750818 0.0771676 0.0761853 0.0726892 0.0673421 0.0608041 0.0536837 0.0464915 0.0395956 0.033203 0.0273798 0.0221069 0.0173475 0.0131009 0.00941695 0.00637066 0.00401336
 0.00867397 0.0141107 0.0212681 0.0300716 0.0401944 0.0508997 0.0610161 0.0692292 0.0745634 0.0766948 0.0758894 0.0727113 0.0677701 0.0616198 0.0547498 0.0475917 0.0405105 0.0337857 0.0275963 0.0220247 0.0170884 0.0127858 0.00913101 0.00615361 0.00386978
 0.00863312 0.0140325 0.02113 0.0298496 0.039873 0.0504849 0.0605421 0.0687502 0.074133 0.0763483 0.0756448 0.072588 0.0678055 0.0618611 0.0552205 0.048255 0.0412612 0.0344828 0.0281181 0.0223147 0.0171651 0.0127185 0.00900023 0.00602095 0.00376674
 0.00880557 0.0142757 0.0214264 0.0301566 0.0401318 0.0506368 0.0605447 0.0685881 0.0738216 0.07593 0.0751791 0.0721377 0.0674264 0.0615989 0.0551101 0.0483131 0.0414722 0.0347912 0.0284404 0.0225702 0.0173077 0.0127488 0.00895343 0.00594232 0.00369109
 0.00882312 0.0143154 0.021505 0.0302914 0.0403303 0.0508828 0.0607913 0.0687658 0.073863 0.0757991 0.0748877 0.0717413 0.0670028 0.0612233 0.054839 0.048178 0.0414784 0.0349171 0.0286404 0.0227854 0.0174849 0.0128584 0.00899505 0.00593658 0.00366405
 0.00880926 0.014287 0.0214525 0.030206 0.0402096 0.0507382 0.0606493 0.0686596 0.0738146 0.0758044 0.074916 0.071752 0.0669695 0.0611491 0.054754 0.0481235 0.0414886 0.0350055 0.0287958 0.0229763 0.0176718 0.0130085 0.00909315 0.00598602 0.00367975
 0.00868181 0.0141047 0.0212239 0.0299536 0.039962 0.0505189 0.06047 0.068522 0.0737196 0.0757579 0.0749262 0.0718202 0.0670827 0.061283 0.0548858 0.0482444 0.0416064 0.0351359 0.0289492 0.023149 0.0178465 0.0131629 0.0092107 0.00606207 0.00372063
 0.00864811 0.0140359 0.0210961 0.0297405 0.0396467 0.0501097 0.0600093 0.06808 0.07337 0.0755512 0.0748755 0.0719061 0.0672693 0.061532 0.0551637 0.048525 0.0418732 0.0353829 0.0291778 0.0233614 0.0180402 0.0133299 0.00934247 0.0061549 0.00377802
 0.00855021 0.0138947 0.0209156 0.0295327 0.0394249 0.0498787 0.0597634 0.06781 0.0730788 0.0752648 0.07464 0.0717704 0.0672637 0.0616572 0.0553933 0.0488192 0.0421925 0.0356973 0.029469 0.0236205 0.018263 0.0135137 0.00948525 0.00625715 0.00384427
 0.00861506 0.0140124 0.0211149 0.0298456 0.0398761 0.0504695 0.0604563 0.0685252 0.0737077 0.0756981 0.0747996 0.0716337 0.0668697 0.061091 0.0547564 0.0481996 0.0416469 0.0352503 0.0291227 0.0233655 0.0180853 0.0133981 0.00941597 0.00621924 0.00382524
 0.00865594 0.0140609 0.0211564 0.0298602 0.0398499 0.050409 0.0603964 0.0685201 0.0738058 0.0759129 0.0750963 0.0719389 0.0671013 0.0611913 0.0547119 0.0480395 0.0414244 0.0350192 0.028921 0.0232109 0.0179795 0.0133334 0.00938128 0.00620366 0.00382001
 0.00864137 0.0140444 0.0211437 0.0298582 0.0398615 0.050428 0.0604067 0.0685046 0.073761 0.075859 0.0750715 0.0719776 0.067211 0.0613436 0.0548567 0.0481305 0.0414408 0.0349702 0.0288349 0.0231185 0.0179022 0.0132799 0.00935027 0.00618902 0.00381496
 0.00847519 0.013781 0.0207615 0.0293461 0.0392261 0.0497012 0.0596507 0.0678049 0.0732063 0.0755179 0.0749775 0.07213 0.067583 0.0618889 0.0555122 0.0488224 0.0420974 0.0355383 0.0292897 0.0234618 0.018152 0.0134579 0.00947482 0.00627363 0.00386962
 0.00866844 0.0140514 0.0210869 0.0296768 0.0394965 0.0498506 0.0596414 0.0676311 0.0728929 0.0751123 0.0745399 0.0717218 0.0672557 0.0616764 0.0554261 0.0488512 0.04221 0.0356932 0.0294471 0.0235948 0.01825 0.0135234 0.00951645 0.00629974 0.00388603
 0.00907978 0.0147421 0.02216 0.0312234 0.0415526 0.0523415 0.0623431 0.0701902 0.0749166 0.0762898 0.0747325 0.0709811 0.0657783 0.0597298 0.0532803 0.0467305 0.0402701 0.0340187 0.0280651 0.0224948 0.0174034 0.012896 0.00907295 0.00600442 0.00370308
 0.00874339 0.0142566 0.0215481 0.0305581 0.040953 0.0519548 0.0623149 0.070624 0.0758261 0.0775668 0.0761565 0.0722825 0.0667274 0.0602072 0.0532951 0.0463894 0.039722 0.0334032 0.027483 0.0220008 0.0170153 0.0126088 0.00887154 0.00587108 0.00362053
 0.0083555 0.0136112 0.0205559 0.029144 0.0390946 0.0497323 0.0599478 0.0684559 0.0742435 0.0768786 0.0764914 0.0735499 0.0686533 0.0624258 0.0554575 0.0482492 0.0411696 0.0344475 0.0282007 0.0224851 0.0173435 0.012833 0.00902321 0.00596995 0.00368119
 0.00861591 0.0140105 0.0211067 0.0298286 0.0398533 0.050457 0.0604901 0.0686634 0.0740221 0.0762513 0.0756131 0.0726554 0.0679628 0.0620581 0.0553975 0.0483796 0.0413414 0.0345471 0.0281834 0.022368 0.0171749 0.0126612 0.00887935 0.00586541 0.00361357
 0.00861569 0.0140219 0.0211456 0.0299161 0.0400092 0.0506878 0.0607764 0.0689536 0.0742377 0.0763096 0.0754606 0.0723014 0.0674907 0.0616 0.055079 0.0482647 0.0414105 0.0347195 0.0283654 0.0224955 0.017229 0.0126572 0.0088456 0.00582596 0.00358149
 0.00859438 0.0139619 0.0210104 0.0296623 0.0396044 0.0501358 0.0601347 0.0683252 0.0737368 0.0760161 0.0753905 0.0724097 0.0677036 0.0618567 0.0553575 0.0485776 0.041777 0.0351361 0.0287965 0.0228899 0.0175447 0.0128785 0.00898192 0.00590024 0.00361762
 0.00859249 0.0139532 0.0209854 0.0296044 0.0394892 0.0499336 0.0598186 0.0678861 0.0732 0.0754479 0.0748863 0.0720615 0.0675649 0.0619258 0.0555897 0.0489145 0.042171 0.0355563 0.029219 0.0232878 0.0178893 0.0131484 0.00917131 0.006019 0.00368426
 0.00846204 0.0137183 0.0205915 0.028992 0.0386142 0.0487957 0.0584839 0.0664845 0.0718943 0.0743911 0.074189 0.0717823 0.0677139 0.0624698 0.056456 0.0500002 0.0433615 0.0367461 0.0303266 0.0242586 0.0186918 0.013771 0.00962081 0.00631825 0.00386667
 0.00869289 0.0141099 0.0212056 0.0298807 0.0397896 0.0501923 0.0599357 0.0677472 0.0727159 0.0746007 0.0737546 0.0708109 0.0664034 0.0610446 0.0551129 0.048875 0.0425174 0.0361821 0.0299985 0.024103 0.018646 0.0137832 0.00965447 0.00635197 0.00389137
 0.00869533 0.0141322 0.0212748 0.0300388 0.0400884 0.0506809 0.0606399 0.0686458 0.0737218 0.0755618 0.074485 0.0711482 0.0662688 0.0604726 0.0542359 0.0478726 0.0415585 0.0353834 0.0294107 0.0237204 0.0184284 0.0136788 0.00961609 0.00634521 0.00389563
 0.0086496 0.0140951 0.0212878 0.0301632 0.0403903 0.0512059 0.0613926 0.0695832 0.0747639 0.0766057 0.0754157 0.0718457 0.0666227 0.0604106 0.0537536 0.0470469 0.0405298 0.0343143 0.0284398 0.0229328 0.0178501 0.0132911 0.00937704 0.00620894 0.00382341
 0.00870616 0.0141222 0.0212137 0.0298933 0.039848 0.0503882 0.060408 0.0686381 0.074094 0.0763876 0.0757053 0.0725699 0.0676153 0.0614664 0.0546826 0.0477174 0.0408937 0.0344057 0.0283478 0.0227605 0.017679 0.0131643 0.00930302 0.00617584 0.00381405
#obs surv len freq
 nan nan nan nan nan nan nan nan nan nan nan nan nan nan nan nan nan nan nan nan nan nan nan nan nan
 0.00448842 0.00735125 0.0111823 0.0159987 0.0216983 0.0279718 0.0342834 0.0400125 0.0446904 0.0481534 0.0505111 0.0520071 0.0528997 0.0534125 0.0537271 0.0539823 0.0542611 0.0545539 0.0546927 0.0542847 0.0527228 0.0493551 0.043805 0.0362852 0.0276691
 0.00461657 0.00756323 0.0115076 0.0164659 0.0223275 0.0287636 0.0352082 0.0410081 0.0456719 0.0490303 0.0512054 0.0524645 0.0530939 0.0533446 0.0534205 0.0534749 0.0535966 0.0537753 0.053839 0.0533928 0.0518318 0.0485082 0.0430473 0.035655 0.0271874
 0.00477932 0.00782894 0.0119098 0.017037 0.0230931 0.0297327 0.0363625 0.0422954 0.0470096 0.0503171 0.0523361 0.0533439 0.0536493 0.0535337 0.0532355 0.0529395 0.052758 0.0526945 0.0525832 0.0520329 0.0504434 0.0471721 0.0418438 0.0346503 0.0264182
 0.00496948 0.00813982 0.0123809 0.0177063 0.0239897 0.0308659 0.0377097 0.043798 0.0485805 0.0518552 0.0537394 0.0545166 0.0545054 0.0540027 0.0532701 0.0525226 0.0519069 0.0514585 0.0510392 0.0502795 0.0485968 0.0453602 0.0401926 0.0332625 0.0253516
 0.00518142 0.00848682 0.0129078 0.0184563 0.0249969 0.0321415 0.0392292 0.0454957 0.0503585 0.0536017 0.0553454 0.0558852 0.055553 0.0546584 0.0534757 0.0522372 0.0511144 0.0501769 0.0493274 0.0482406 0.0463748 0.0431274 0.0381254 0.0315077 0.0239946
 0.00540281 0.00885077 0.0134631 0.0192513 0.0260703 0.0335079 0.040864 0.0473297 0.0522872 0.0555048 0.0571057 0.0573993 0.0567349 0.0554376 0.0537946 0.0520498 0.0503895 0.0489083 0.0475488 0.0460408 0.0439037 0.0405852 0.0357304 0.0294496 0.02239
 0.00565082 0.00925459 0.0140722 0.0201127 0.02722 0.0349582 0.0425885 0.0492577 0.0543121 0.0575035 0.058957 0.058996 0.0579879 0.0562758 0.054162 0.0519017 0.049692 0.0476447 0.0457358 0.0437501 0.0412782 0.0378351 0.0331003 0.0271624 0.0205907
 0.00588737 0.00964396 0.0146671 0.0209651 0.0283711 0.0364219 0.0443356 0.051211 0.0563584 0.0595162 0.0608164 0.0605999 0.0592528 0.0571347 0.0545607 0.0517956 0.049045 0.0464343 0.0439678 0.0414818 0.0386398 0.0350327 0.0303863 0.0247768 0.0186975
 0.00612768 0.0100376 0.0152653 0.0218179 0.029518 0.0378777 0.0460741 0.0531587 0.0584038 0.0615301 0.0626735 0.0621919 0.0604945 0.0579631 0.0549302 0.0516715 0.0483986 0.0452454 0.0422385 0.0392594 0.0360417 0.0322538 0.0276741 0.0223748 0.0167781
 0.0063612 0.0104207 0.0158481 0.0226493 0.0306364 0.0392956 0.0477636 0.0550456 0.0603783 0.0634678 0.0644551 0.0637148 0.0616768 0.0587433 0.0552648 0.05153 0.0477591 0.0440941 0.0405796 0.0371357 0.033559 0.0295913 0.0250647 0.0200523 0.0149128
 0.00661685 0.0108369 0.0164754 0.0235347 0.031814 0.0407718 0.0495021 0.0569626 0.0623544 0.0653713 0.0661642 0.0651308 0.0627277 0.0593811 0.0554606 0.0512674 0.0470286 0.0428925 0.0389178 0.0350571 0.0311614 0.0270385 0.0225705 0.0178332 0.0131286
 0.00683582 0.0112023 0.0170426 0.0243601 0.0329423 0.0422168 0.0512272 0.0588763 0.0643252 0.0672559 0.067833 0.0664827 0.0636932 0.05992 0.0555554 0.0509158 0.0462361 0.0416698 0.0372861 0.0330633 0.0288975 0.0246525 0.0202535 0.0157784 0.0114783
 0.00708082 0.0115977 0.0176325 0.0251845 0.0340306 0.0435766 0.0528314 0.0606555 0.066173 0.0690443 0.0694331 0.0677818 0.0646074 0.0603997 0.0555829 0.0504976 0.0453926 0.0404284 0.0356828 0.0311531 0.0267705 0.0224431 0.0181297 0.0139077 0.0099824
 0.00728834 0.011944 0.0181697 0.0259646 0.0350926 0.0449274 0.0544284 0.0624045 0.0679466 0.070711 0.0708801 0.068924 0.0653854 0.0607761 0.0555408 0.0500392 0.0445368 0.0392074 0.0341409 0.0293527 0.0248014 0.0204286 0.0162165 0.0122377 0.00865549
 0.00743826 0.0121905 0.0185466 0.0265067 0.0358312 0.0458806 0.0555898 0.0637346 0.0693724 0.0721351 0.0721955 0.0700299 0.0662012 0.0612481 0.0556423 0.0497653 0.0438993 0.0382318 0.0328679 0.0278426 0.0231398 0.0187275 0.0146043 0.0108347 0.00754408
 0.00753216 0.0123434 0.0187775 0.0268346 0.0362728 0.0464471 0.0562817 0.0645395 0.0702648 0.0730781 0.0731413 0.0709201 0.0669689 0.0618251 0.0559692 0.0498002 0.0436222 0.0376455 0.0319978 0.026738 0.0218764 0.017405 0.0133353 0.00972293 0.00666042
 0.0075738 0.0124049 0.018859 0.0269342 0.0363898 0.0465858 0.056455 0.0647673 0.0705691 0.0734755 0.0736357 0.0714969 0.0675923 0.0624394 0.0565049 0.0501848 0.0437931 0.0375618 0.0316481 0.0261444 0.0210947 0.0165189 0.0124434 0.00891831 0.00600896
 0.00765368 0.0125285 0.0190327 0.0271585 0.0366576 0.046882 0.0567571 0.06505 0.0708133 0.0736769 0.0738079 0.0716654 0.0677807 0.0626563 0.0567349 0.0503892 0.0439179 0.0375522 0.0314643 0.0257752 0.0205641 0.0158841 0.0117818 0.00830793 0.00550767
 0.00772285 0.0126357 0.0191841 0.0273557 0.0368969 0.0471538 0.0570448 0.0653305 0.0710608 0.0738698 0.0739361 0.071734 0.0678092 0.0626704 0.0567553 0.0504202 0.0439421 0.0375339 0.0313624 0.0255599 0.0202316 0.0154616 0.0113212 0.00786871 0.00513849
 0.00778743 0.0127349 0.0193226 0.0275337 0.0371098 0.0473924 0.0572954 0.0655754 0.0712805 0.0740465 0.0740573 0.0717951 0.0678141 0.0626315 0.0566906 0.0503466 0.0438677 0.0374522 0.0312532 0.0253993 0.0200052 0.0151756 0.0110031 0.00755816 0.0048718
 0.00781435 0.0127774 0.019384 0.0276159 0.0372129 0.0475139 0.0574294 0.0657133 0.0714125 0.0741642 0.0741545 0.0718679 0.0678603 0.0626509 0.0566853 0.0503216 0.0438282 0.0374 0.0311831 0.0253004 0.0198674 0.0149984 0.0108 0.00735342 0.00469076
 0.00785127 0.0128307 0.0194518 0.0276925 0.0372908 0.0475864 0.0574936 0.0657695 0.0714631 0.0742114 0.0741988 0.0719083 0.0678946 0.062676 0.0566985 0.0503209 0.0438131 0.03737 0.0311365 0.0252332 0.0197756 0.014882 0.0106664 0.00721703 0.0045681
 0.00787236 0.0128646 0.019502 0.0277609 0.0373761 0.0476831 0.0575906 0.0658531 0.0715213 0.0742391 0.0741999 0.0718928 0.0678734 0.0626564 0.0566825 0.0503065 0.0437962 0.0373462 0.031102 0.0251847 0.0197108 0.0148015 0.0105752 0.00712426 0.00448433
 0.00787416 0.0128638 0.0194941 0.0277402 0.0373383 0.0476282 0.0575252 0.065789 0.071471 0.0742112 0.0741968 0.071912 0.0679109 0.0627087 0.0567463 0.0503774 0.0438678 0.0374111 0.0311527 0.0252153 0.0197182 0.0147861 0.0105416 0.00708046 0.00443941
 0.00788735 0.0128819 0.0195151 0.0277594 0.037349 0.0476234 0.0574995 0.0657406 0.0714039 0.0741351 0.0741254 0.0718588 0.0678849 0.0627122 0.056776 0.0504265 0.0439282 0.0374743 0.0312104 0.0252603 0.0197454 0.0147941 0.0105328 0.00706038 0.00441494
 0.00788385 0.0128736 0.0194976 0.0277273 0.0372971 0.0475487 0.0574034 0.0656296 0.071288 0.074026 0.0740349 0.0717975 0.067861 0.0627297 0.0568335 0.0505169 0.0440404 0.0375951 0.0313273 0.0253625 0.0198257 0.0148492 0.0105639 0.0070724 0.00441464
 0.00789433 0.012889 0.0195174 0.0277495 0.0373176 0.0475618 0.0574024 0.0656079 0.0712417 0.0739563 0.0739484 0.0717056 0.0677772 0.0626666 0.0568001 0.0505172 0.0440722 0.0376512 0.0313969 0.0254341 0.0198892 0.014898 0.0105958 0.00708911 0.00442037
 0.00792041 0.012926 0.0195632 0.0277984 0.0373622 0.0475951 0.0574194 0.0656063 0.0712207 0.0739161 0.0738906 0.0716337 0.0676976 0.0625886 0.0567341 0.0504721 0.0440536 0.0376592 0.0314266 0.0254768 0.0199351 0.0149388 0.0106266 0.00710852 0.00443026
 0.00784667 0.0128163 0.0194171 0.027622 0.0371667 0.0473933 0.0572242 0.0654303 0.0710769 0.0738163 0.0738438 0.0716433 0.0677601 0.0626946 0.0568714 0.0506291 0.0442208 0.0378295 0.0315933 0.0256327 0.0200727 0.0150521 0.0107123 0.0071676 0.00446691
 0.00784787 0.0128039 0.0193726 0.0275216 0.0369895 0.0471343 0.0569025 0.0650876 0.0707643 0.0735773 0.0737024 0.071603 0.0678102 0.0628176 0.0570477 0.0508397 0.0444485 0.0380594 0.0318134 0.0258337 0.0202472 0.0151948 0.0108211 0.00724406 0.00451591
 0.00781731 0.0127582 0.0193105 0.0274419 0.0368887 0.0470036 0.0567294 0.0648624 0.0704907 0.0732793 0.0734225 0.071389 0.0676984 0.0628221 0.0571593 0.0510338 0.0446944 0.0383281 0.0320809 0.0260817 0.0204632 0.0153714 0.010956 0.0073394 0.00457778
 0.00780551 0.0127343 0.0192659 0.0273671 0.0367758 0.0468513 0.0565454 0.0646611 0.0702868 0.0730833 0.0732403 0.0712286 0.0675754 0.0627575 0.0571721 0.0511306 0.0448661 0.0385526 0.0323303 0.0263293 0.0206881 0.01556 0.0111023 0.00744408 0.00464648
 0.00776646 0.0126734 0.0191791 0.0272515 0.0366301 0.0466759 0.0563433 0.0644405 0.0700616 0.0728718 0.0730616 0.0710977 0.0675008 0.0627427 0.0572185 0.0512392 0.0450346 0.0387715 0.0325817 0.0265897 0.0209336 0.0157719 0.01127 0.00756575 0.00472712
 0.0077329 0.012618 0.0190943 0.0271305 0.036469 0.0464764 0.0561154 0.0642012 0.0698316 0.0726698 0.0729016 0.0709882 0.0674466 0.062746 0.0572791 0.0513544 0.0451994 0.0389781 0.0328178 0.026838 0.021174 0.0159855 0.0114437 0.0076946 0.00481402
 0.00932501 0.0148456 0.0217805 0.0298882 0.0388131 0.0480036 0.0566464 0.0638082 0.0687555 0.071199 0.0712811 0.069386 0.0659599 0.0614226 0.0561374 0.0503974 0.0444217 0.0383695 0.0323637 0.0265191 0.0209664 0.0158624 0.0113788 0.00766521 0.00480349
 0.00932545 0.0151392 0.0227384 0.0319684 0.0423609 0.0529813 0.0624623 0.0694129 0.0730136 0.0733362 0.0711402 0.0673678 0.0627472 0.0576886 0.0523786 0.0469061 0.0413371 0.03574 0.0301921 0.0247851 0.0196348 0.014886 0.0107006 0.00722273 0.00453448
 0.00897988 0.014598 0.0219837 0.0310544 0.0414659 0.0524419 0.0627322 0.0709 0.0758344 0.077134 0.0751302 0.0706343 0.0646243 0.0579906 0.0513685 0.0450797 0.0391898 0.0336331 0.0283294 0.0232504 0.01844 0.0140048 0.0100871 0.00682222 0.00429123
 0.00879041 0.014281 0.0214913 0.0303402 0.0405042 0.0512607 0.0614551 0.0697724 0.0752015 0.0773443 0.0763788 0.0728187 0.0673148 0.0605696 0.0532791 0.0460366 0.0392345 0.0330331 0.0274151 0.0222918 0.0175993 0.0133486 0.00961931 0.00651481 0.00410481
 0.00872233 0.0141628 0.0212984 0.0300426 0.0400701 0.0506653 0.060694 0.0688795 0.0742672 0.0765272 0.0758937 0.0728812 0.0680471 0.0619092 0.0549581 0.0476684 0.0404712 0.033698 0.0275373 0.02204 0.0171772 0.0129161 0.00926398 0.0062629 0.00394601
 0.0087045 0.0141291 0.0212384 0.029942 0.0399115 0.050431 0.060369 0.0684559 0.0737502 0.0759452 0.0753104 0.0724032 0.0678106 0.0620372 0.0554966 0.0485391 0.0414797 0.0346081 0.0281697 0.022336 0.0171937 0.0127689 0.00906559 0.0060857 0.0038187
 0.00868788 0.0141023 0.0211981 0.0298846 0.0398325 0.0503246 0.0602284 0.0682735 0.0735194 0.0756631 0.0749837 0.0720566 0.0674945 0.0618266 0.0554729 0.048754 0.0419189 0.0351804 0.0287386 0.0227783 0.0174492 0.0128508 0.00903371 0.0060071 0.00374038
 0.00868397 0.0140977 0.0211942 0.0298833 0.0398351 0.0503299 0.0602313 0.0682646 0.073486 0.0755918 0.074864 0.0718852 0.0672816 0.0616007 0.0552814 0.048653 0.041951 0.0353507 0.0290048 0.0230654 0.0176839 0.0129928 0.00908493 0.00599749 0.00370537
 0.00867441 0.0140818 0.02117 0.0298492 0.039791 0.0502783 0.0601774 0.0682154 0.0734469 0.0755634 0.0748398 0.0718542 0.0672324 0.0615291 0.055196 0.048577 0.0419164 0.0353839 0.0291109 0.0232221 0.0178501 0.0131289 0.00916979 0.00603319 0.00370847
 0.00865339 0.0140488 0.0211226 0.0297861 0.0397123 0.0501864 0.0600777 0.0681163 0.0733591 0.075497 0.0748019 0.0718453 0.0672464 0.061555 0.0552233 0.0486018 0.0419444 0.0354283 0.0291836 0.023324 0.0179679 0.0132407 0.00925663 0.00608723 0.00373379
 0.00864639 0.014037 0.0211038 0.0297582 0.0396736 0.0501361 0.0600171 0.068049 0.0732903 0.075433 0.074749 0.0718088 0.0672294 0.061557 0.0552405 0.0486287 0.0419774 0.0354678 0.0292333 0.0233869 0.0180414 0.0133159 0.00932214 0.00613501 0.00376238
 0.00862685 0.0140079 0.021065 0.0297112 0.0396209 0.0500804 0.0599606 0.0679935 0.0732379 0.0753862 0.0747108 0.0717826 0.067218 0.0615622 0.055262 0.0486641 0.042023 0.0355202 0.0292906 0.0234482 0.018105 0.0133778 0.00937677 0.00617748 0.00379087
 0.0086182 0.0139934 0.0210427 0.0296792 0.0395785 0.0500289 0.0599042 0.0679381 0.0731897 0.0753493 0.0746863 0.0717693 0.0672142 0.0615671 0.0552757 0.0486871 0.0420551 0.0355601 0.0293364 0.0234976 0.0181555 0.0134264 0.00941983 0.00621192 0.00381526
 0.00862491 0.0140026 0.0210531 0.0296884 0.0395834 0.0500263 0.0598916 0.0679151 0.0731576 0.0753117 0.0746477 0.0717342 0.0671858 0.0615468 0.0552639 0.0486839 0.0420604 0.0355738 0.0293578 0.0235251 0.0181869 0.0134587 0.00944976 0.00623688 0.00383377
 0.00859979 0.0139664 0.0210074 0.0296373 0.0395324 0.0499802 0.059853 0.0678839 0.0731327 0.0752921 0.0746338 0.0717274 0.0671879 0.061559 0.055286 0.0487143 0.0420971 0.0356146 0.0294008 0.0235686 0.018229 0.0134973 0.00948297 0.00626325 0.00385285
 0.00859979 0.0139664 0.0210074 0.0296373 0.0395324 0.0499802 0.059853 0.0678839 0.0731327 0.0752921 0.0746338 0.0717274 0.0671879 0.061559 0.055286 0.0487143 0.0420971 0.0356146 0.0294008 0.0235686 0.018229 0.0134973 0.00948297 0.00626325 0.00385285
 0.00855959 0.0138986 0.0209014 0.0294837 0.0393269 0.0497296 0.0595787 0.0676198 0.0729164 0.0751527 0.0745845 0.0717642 0.0672951 0.0617161 0.0554728 0.0489135 0.0422951 0.0358013 0.0295693 0.0237148 0.0183509 0.0135946 0.00955675 0.00631588 0.00388776
 0.00861457 0.0139832 0.0210191 0.0296323 0.0394972 0.0499037 0.0597309 0.0677216 0.0729452 0.0751014 0.0744646 0.0716017 0.0671199 0.0615529 0.0553363 0.0488091 0.0422217 0.0357546 0.0295438 0.0237049 0.0183516 0.0136015 0.00956643 0.00632565 0.00389598
 0.00906113 0.0146923 0.0220513 0.0310227 0.0412366 0.0519164 0.061857 0.0697274 0.0745694 0.0761247 0.074767 0.0711841 0.0660888 0.0600811 0.0536191 0.047026 0.0405138 0.0342165 0.0282277 0.02263 0.0175137 0.0129804 0.00913139 0.00603994 0.0037215
 0.00878597 0.0143088 0.0215943 0.0305702 0.0408957 0.0517947 0.0620341 0.0702329 0.0753714 0.0771277 0.075825 0.0721319 0.0667836 0.0604393 0.0536321 0.0467512 0.0400471 0.0336614 0.0276712 0.0221316 0.0171043 0.0126686 0.00891024 0.00589419 0.00363264
 0.00851129 0.0138337 0.020833 0.0294431 0.039369 0.0499335 0.0600371 0.0684115 0.0740649 0.0765891 0.0761384 0.0731969 0.0683644 0.0622451 0.0553952 0.0482813 0.0412513 0.034534 0.0282626 0.0225138 0.0173452 0.0128195 0.00900487 0.00595304 0.0036682
 0.00879238 0.0142471 0.0213694 0.0300536 0.0399638 0.0503906 0.0602242 0.0682249 0.0734796 0.0756957 0.075134 0.0723205 0.0678054 0.0620752 0.0555582 0.048637 0.041644 0.0348476 0.0284458 0.0225725 0.0173179 0.0127514 0.00893089 0.00589217 0.00362614
 0.00867611 0.0141004 0.0212255 0.0299653 0.0399836 0.0505401 0.0604698 0.0684772 0.0736211 0.0756277 0.0748224 0.0718199 0.0672473 0.0616207 0.0553334 0.0486842 0.0419137 0.0352328 0.0288336 0.0228855 0.0175279 0.012869 0.00898428 0.00591002 0.00362863
 0.00854495 0.0138741 0.0208647 0.0294361 0.0392776 0.0496994 0.0595985 0.067721 0.0731142 0.0754341 0.0749099 0.0720864 0.0675814 0.0619579 0.0556748 0.0490721 0.0423853 0.0357845 0.0294171 0.0234323 0.0179814 0.0132034 0.00920546 0.00604235 0.00370091
 0.00859589 0.0139446 0.0209463 0.0295083 0.0393079 0.0496476 0.0594274 0.0674132 0.0726899 0.0749571 0.0744708 0.0717662 0.0674169 0.0619341 0.0557478 0.0492042 0.0425631 0.0360111 0.0296904 0.0237308 0.0182689 0.0134459 0.0093846 0.00615886 0.00376802
 0.00833981 0.0135508 0.0203963 0.0288021 0.0384656 0.0487094 0.058453 0.0664774 0.071872 0.0743275 0.0740825 0.0716531 0.0675924 0.0623842 0.0564263 0.0500374 0.0434677 0.0369147 0.0305408 0.0244932 0.0189189 0.0139671 0.00977236 0.00642342 0.00393226
 0.00876928 0.014203 0.02129 0.0299186 0.0397467 0.0500604 0.0597461 0.0675628 0.0726024 0.0745939 0.0738445 0.0709507 0.0665356 0.0611262 0.0551282 0.0488344 0.0424473 0.0361127 0.0299526 0.0240908 0.0186642 0.0138198 0.00969563 0.00638746 0.00391671
 0.00870482 0.014154 0.0213175 0.0301093 0.0401848 0.050785 0.0607179 0.0686615 0.0736609 0.0754477 0.0743728 0.0710949 0.0662992 0.0605664 0.0543421 0.0479406 0.0415622 0.0353278 0.0293214 0.0236275 0.0183532 0.0136296 0.00959026 0.00633509 0.0038935
 0.00880903 0.0143049 0.0215135 0.0303453 0.0404643 0.0511325 0.061179 0.0692823 0.07445 0.0763457 0.075251 0.0717909 0.0666727 0.0605442 0.0539352 0.0472311 0.0406737 0.034392 0.0284498 0.0228939 0.0177893 0.0132314 0.00933121 0.00617958 0.00380732
 0.00855207 0.0139127 0.0209717 0.0296595 0.0396614 0.0502618 0.0603162 0.0685313 0.0739345 0.0761825 0.0755111 0.0724637 0.0676535 0.0616587 0.0549928 0.0480837 0.0412522 0.0347076 0.0285677 0.022897 0.0177482 0.01319 0.00930701 0.00617262 0.00381053
#pred catch len freq
 0.00309903 0.00505984 0.00768933 0.0110491 0.0151868 0.0200825 0.0255897 0.0314332 0.0372701 0.0427607 0.0476176 0.0516396 0.0547375 0.0569339 0.0583351 0.0590966 0.059397 0.0594053 0.0592017 0.0586477 0.0572831 0.0543902 0.049314 0.0419176 0.0328628
 0.00333674 0.00538042 0.00805202 0.0113801 0.0154061 0.0201419 0.0254984 0.0312503 0.0370669 0.0425796 0.0474565 0.0514715 0.0545486 0.0567542 0.0582392 0.0591727 0.0596985 0.0599065 0.0597827 0.0591247 0.0574771 0.0542059 0.0487833 0.0411821 0.032104
