SBPRF35
12.7214
Curr Bio
851165
B35
903364
F35
0.172786
FOFL
0.168055
OFL
120580
Bzero
3.63469e+006
#pred survey bio
 3.45325e+006 3.32569e+006 3.22169e+006 3.0793e+006 2.87774e+006 2.66375e+006 2.44324e+006 2.21902e+006 1.98762e+006 1.78104e+006 1.58869e+006 1.39417e+006 1.24384e+006 1.10197e+006 968170 855745 773376 713592 673126 629117 598470 576543 567256 544857 537338 534286 533731 536950 538679 536799 544040 547649 548572 566316 578246 582938 599925 616056 626035 628623 630692 638618 642983 647319 655659 659680 663403 679856 688405 701142 709593 748890 787283 829073 856684 3.0988e+007 1.89235e+007 1.94505e+007 2.03482e+007 2.14685e+007 2.26454e+007 2.37602e+007 2.47462e+007 2.5578e+007 2.62567e+007 2.67977e+007 2.72219e+007 2.7551e+007 2.78046e+007 2.79994e+007 2.81488e+007 2.82635e+007 2.83518e+007 2.84199e+007 2.84726e+007 2.85137e+007 2.85458e+007 2.8571e+007 2.85908e+007 2.86065e+007 2.8619e+007 2.8629e+007 2.86369e+007 2.86433e+007 2.86484e+007 2.86525e+007 2.86558e+007 2.86585e+007 2.86607e+007 2.86625e+007 2.86639e+007 2.86651e+007 2.86661e+007 2.86668e+007 2.86675e+007 2.8668e+007 2.86684e+007 2.86688e+007 2.8669e+007 2.86693e+007 2.86695e+007 2.86696e+007 2.86697e+007 2.86699e+007 2.86699e+007 2.867e+007 2.86701e+007 2.86701e+007 2.86701e+007 2.86702e+007 2.86702e+007 2.86702e+007 2.86702e+007 2.86703e+007 2.86703e+007 2.86703e+007 2.86703e+007 2.86703e+007 2.86703e+007 2.86703e+007 2.86703e+007 2.86703e+007 2.86703e+007 2.86703e+007 2.86703e+007 2.86703e+007 2.86703e+007 2.86703e+007 2.86703e+007 2.86703e+007 2.86703e+007 2.86703e+007 2.86703e+007 2.86703e+007 2.86703e+007 2.86703e+007 2.86703e+007 2.86703e+007 2.86703e+007 2.86703e+007 2.86703e+007 2.86703e+007 2.86703e+007 2.86703e+007 2.86703e+007 2.86703e+007 2.86703e+007 2.86703e+007 2.86703e+007 2.86703e+007 2.86703e+007 2.86703e+007 2.86703e+007 2.86703e+007 2.86703e+007 0 0 0 0 0 0 0 0 0 0 0 0 0 0 0 0 0 0 0 0 0 0 0 0 0
#obs survey bio
 4.52994e+006 3.46792e+006 2.95457e+006 2.58129e+006 2.48608e+006 2.69595e+006 1.80906e+006 1.73372e+006 1.54347e+006 1.6878e+006 1.52962e+006 1.1368e+006 1.03058e+006 1.14587e+006 818291 805119 797679 726573 629898 650552 493016 707904 508578 468579 367962 694498 516904 647819 547575 465218 517986 578322 631982 583944 577247 735892 556553 788823 679778 523786 680622 694674 499233 577361 575618 475068 673970 668682 1.06026e+006 675870 576624 821872 957413 705799 830096
#pred catch bio
 108076 95566.3 143077 211625 239668 263290 284239 306926 298327 296553 306000 271730 267068 259403 237719 207574 183355 161814 159506 143558 133213 120793 129935 115295 110239 106881 102844 103309 105150 96583.6 99272.8 100996 87107.3 92970.6 99071.9 88877.9 90688.3 96481.8 102908 103770 99704.2 104075 105807 104685 110773 112753 103182 110213 106398 110710 87228.9 92017 92588.7 107845 109341 120580 125645 128150 133037 139768 146957 153712 159582 164415 168243 171185 173397 175030 176220 177077 177690 178125 178431 178647 178797 178903 178976 179027 179062 179086 179103 179115 179123 179128 179132 179135 179137 179138 179139 179139 179140 179140 179140 179140 179140 179141 179141 179141 179141 179141 179141 179141 179141 179141 179141 179141 179141 179141 179141 179141 179141 179141 179141 179141 179141 179141 179141 179141 179141 179141 179141 179141 179141 179141 179141 179141 179141 179141 179141 179141 179141 179141 179141 179141 179141 179141 179141 179141 179141 179141 179141 179141 179141 179141 179141 179141 179141 179141 179141 179141 179141 179141 179141 179141 179141 0 0 0 0 0 0 0 0 0 0 0 0 0 0 0 0 0 0 0 0 0 0 0 0 0
#obs catch bio
 0 95181.3 143096 212161 240205 264031 285677 309482 301102 299094 309636 274222 270782 263547 241730 211146 185838 162882 159601 143140 134040 120813 131000 116077 111492 106957 103129 103405 105430 96586 99011.1 100918 86865.2 92715.2 99095 88378.2 90473.1 96048.7 101921 103317 99341.6 103432 105698 104605 111110 113902 103928 110837 105849 110409 86986.4 92052.6 92476.2 107998 109320
#pred cpue bio
 3.41083e+006 3.28437e+006 3.18005e+006 3.03713e+006 2.8358e+006 2.62193e+006 2.40159e+006 2.1777e+006 1.94697e+006 1.74114e+006 1.54974e+006 1.35655e+006 1.20717e+006 1.06654e+006 934370 823612 742844 684734 645762 603169 573277 551866 542864 521100 513901 511252 511021 514375 516302 514714 522020 525706 526692 544153 555963 560739 577469 593313 603212 605677 607469 615105 619154 623001 630752 634316 637828 654199 663042 675741 683763 721932 759580 800604 827452 2.99428e+007 1.82927e+007 1.87273e+007 1.95302e+007 2.06224e+007 2.17937e+007 2.29076e+007 2.38935e+007 2.47253e+007 2.5404e+007 2.59449e+007 2.63692e+007 2.66983e+007 2.69519e+007 2.71467e+007 2.72961e+007 2.74108e+007 2.7499e+007 2.75672e+007 2.76199e+007 2.7661e+007 2.76931e+007 2.77183e+007 2.77381e+007 2.77538e+007 2.77663e+007 2.77762e+007 2.77842e+007 2.77905e+007 2.77956e+007 2.77998e+007 2.78031e+007 2.78058e+007 2.7808e+007 2.78098e+007 2.78112e+007 2.78124e+007 2.78133e+007 2.78141e+007 2.78147e+007 2.78153e+007 2.78157e+007 2.7816e+007 2.78163e+007 2.78166e+007 2.78167e+007 2.78169e+007 2.7817e+007 2.78171e+007 2.78172e+007 2.78173e+007 2.78173e+007 2.78174e+007 2.78174e+007 2.78175e+007 2.78175e+007 2.78175e+007 2.78175e+007 2.78175e+007 2.78175e+007 2.78176e+007 2.78176e+007 2.78176e+007 2.78176e+007 2.78176e+007 2.78176e+007 2.78176e+007 2.78176e+007 2.78176e+007 2.78176e+007 2.78176e+007 2.78176e+007 2.78176e+007 2.78176e+007 2.78176e+007 2.78176e+007 2.78176e+007 2.78176e+007 2.78176e+007 2.78176e+007 2.78176e+007 2.78176e+007 2.78176e+007 2.78176e+007 2.78176e+007 2.78176e+007 2.78176e+007 2.78176e+007 2.78176e+007 2.78176e+007 2.78176e+007 2.78176e+007 2.78176e+007 2.78176e+007 2.78176e+007 2.78176e+007 2.78176e+007 2.78176e+007 2.78176e+007 2.78176e+007 0 0 0 0 0 0 0 0 0 0 0 0 0 0 0 0 0 0 0 0 0 0 0 0 0
#obs cpue bio
 4.08939e+006 2.5323e+006 3.28442e+006 3.28944e+006 2.55443e+006 2.40154e+006 2.44988e+006 2.20108e+006 1.96865e+006 1.82741e+006 1.34855e+006 1.49838e+006 1.02701e+006 811584 854361 644984 683168 779210 989910 679091 408632 549663 425120 506934 497053 713199 431001 477282 470254 621861 720264 488522 450455 616187 500178 645660 521753 600287 948011 523915 528164 786711 548252 651295 553767 485762 562922 834528 952413 743649 623842 616352 634686 885047 894640
#pred surv len freq
 0.00428784 0.00702875 0.0107059 0.0153474 0.0208735 0.0270115 0.0332718 0.0390725 0.0439564 0.0477339 0.0504617 0.0523214 0.0535125 0.0542041 0.0545261 0.0545809 0.0544611 0.0542476 0.0539541 0.0534129 0.0521769 0.0495715 0.044982 0.0382693 0.0300284
 0.00463066 0.00749865 0.0112544 0.015883 0.0212967 0.0272655 0.0333741 0.0391022 0.0440017 0.0478354 0.0505913 0.0524094 0.053502 0.0540948 0.0543815 0.0544958 0.0545073 0.0544252 0.0541728 0.053519 0.0520191 0.0490765 0.0441955 0.0373376 0.0291298
 0.00471173 0.00769004 0.0116457 0.0165759 0.0223585 0.0286681 0.0349604 0.0406189 0.0451961 0.0485602 0.0508462 0.0522999 0.0531562 0.0536054 0.0538029 0.0538721 0.0538891 0.0538524 0.0536413 0.052965 0.0513472 0.0482193 0.0431674 0.036241 0.0281092
 0.00485615 0.00790736 0.011946 0.0169722 0.0228814 0.0293774 0.0359329 0.0419042 0.0467563 0.0502352 0.0523853 0.053452 0.0537672 0.0536603 0.053396 0.0531431 0.0529697 0.0528408 0.0525915 0.0518853 0.0502135 0.0470102 0.0419045 0.0350036 0.0270079
 0.00507456 0.00826272 0.0124797 0.0177189 0.023859 0.0305752 0.0373076 0.0433913 0.0482923 0.0517704 0.0538671 0.0547914 0.0548241 0.0542759 0.0534566 0.0526295 0.0519588 0.0514643 0.0509835 0.0501486 0.0484157 0.0452057 0.0401617 0.033415 0.0256703
 0.00530265 0.00863401 0.0130398 0.0185116 0.0249188 0.0319144 0.0389012 0.0451687 0.0501456 0.0535771 0.0555166 0.0561986 0.0559235 0.055001 0.0537287 0.0523727 0.0511352 0.0501027 0.0491795 0.0480381 0.046146 0.0429206 0.0380002 0.0315066 0.0241159
 0.00554239 0.00902423 0.0136284 0.0193443 0.0260319 0.0333226 0.0405835 0.0470612 0.0521472 0.0555652 0.0573643 0.0577902 0.057164 0.0558194 0.0540713 0.0521941 0.0503982 0.0487946 0.0473364 0.0457602 0.0435927 0.0402899 0.0354987 0.0293158 0.0223593
 0.00577022 0.00940112 0.0142079 0.0201811 0.0271719 0.0347864 0.0423494 0.0490587 0.0542655 0.0576735 0.0593315 0.0594975 0.058511 0.0567264 0.0544787 0.0520585 0.0496892 0.0474986 0.0454726 0.0434033 0.040889 0.037451 0.032768 0.0269165 0.0204425
 0.00602583 0.0098178 0.0148377 0.0210749 0.0283714 0.0363112 0.0441808 0.0511309 0.0564701 0.0598756 0.0613899 0.0612811 0.0599104 0.0576588 0.0548867 0.0519041 0.0489481 0.0461613 0.0435558 0.040973 0.038082 0.0344788 0.0298883 0.0243751 0.0184105
 0.00626753 0.0102116 0.0154324 0.0219175 0.0294996 0.037741 0.0458926 0.0530631 0.0585256 0.0619377 0.0633375 0.0629992 0.0612959 0.0586246 0.0553645 0.0518442 0.0483176 0.0449451 0.0417661 0.0386681 0.0353889 0.0315995 0.0270759 0.021878 0.0164064
 0.00649552 0.0105877 0.0160086 0.0227459 0.0306227 0.0391753 0.0476128 0.0549951 0.0605578 0.0639419 0.0651904 0.0645949 0.0625498 0.0594716 0.0557547 0.0517387 0.0476866 0.0437708 0.0400543 0.0364686 0.0328163 0.0288423 0.0243745 0.0194722 0.0144709
 0.00682676 0.0111153 0.0167828 0.0238067 0.0319942 0.0408554 0.0495598 0.0571214 0.0627363 0.0660261 0.0670381 0.0660879 0.0636053 0.0600438 0.0558281 0.0513145 0.0467711 0.0423713 0.0381886 0.0341853 0.0302199 0.0261045 0.021717 0.0171177 0.012582
 0.0070402 0.0114732 0.0173411 0.0246233 0.0331156 0.0422964 0.0512851 0.0590411 0.0647223 0.0679397 0.0687533 0.0675019 0.06464 0.0606458 0.0559673 0.0509816 0.0459721 0.0411222 0.0365176 0.0321455 0.0279082 0.0236727 0.0193591 0.015029 0.0109056
 0.0072232 0.0117821 0.0178277 0.0253444 0.0341228 0.0436181 0.052907 0.0608946 0.0666894 0.069872 0.0704973 0.0689239 0.0656436 0.0611781 0.0560143 0.0505563 0.0451014 0.0398403 0.0348671 0.0301876 0.025738 0.0214274 0.0172079 0.0131388 0.00939675
 0.00743982 0.0121347 0.0183597 0.0260976 0.0351308 0.0448953 0.0544347 0.062613 0.0685001 0.071651 0.0721116 0.070248 0.0665753 0.0616506 0.056002 0.0500703 0.0441791 0.0385335 0.0332361 0.028306 0.0237019 0.0193625 0.0152603 0.0114477 0.00805846
 0.00756589 0.0123561 0.0187233 0.0266571 0.0359345 0.0459669 0.0557557 0.0641174 0.0700863 0.0732032 0.0735188 0.0714145 0.0674234 0.0621233 0.0560653 0.0497162 0.043425 0.0374192 0.0318203 0.0266647 0.0219315 0.0175796 0.0135924 0.0100107 0.00692865
 0.00757768 0.0123849 0.018786 0.02678 0.0361528 0.0463209 0.0562826 0.0648398 0.0710001 0.074268 0.0746585 0.0725289 0.0684076 0.0628848 0.0565342 0.0498489 0.0432045 0.0368547 0.0309474 0.0255454 0.0206531 0.0162492 0.0123248 0.00890782 0.00605727
 0.00758692 0.0123918 0.0187823 0.026756 0.0361036 0.0462559 0.0562323 0.0648549 0.0711399 0.0745825 0.0751693 0.073217 0.069212 0.0637127 0.0572799 0.050414 0.0435142 0.0368677 0.0306593 0.0249892 0.0198954 0.0153825 0.0114524 0.00812335 0.00542487
 0.0076411 0.01246 0.0188482 0.0267912 0.0360753 0.046139 0.0560219 0.0645737 0.0708388 0.0743326 0.0750483 0.0732891 0.0695069 0.0642119 0.0579159 0.0510849 0.0441077 0.0372867 0.0308416 0.0249179 0.0195998 0.0149292 0.0109285 0.00761453 0.00499529
 0.00787339 0.01281 0.0193217 0.0273712 0.0367211 0.0467891 0.0565995 0.0649975 0.0710418 0.0742863 0.0747772 0.072868 0.0690396 0.063799 0.0576252 0.0509333 0.0440606 0.0372748 0.0307881 0.0247653 0.0193279 0.0145588 0.0105102 0.0072088 0.00465154
 0.00797113 0.0129776 0.0195884 0.0277655 0.0372589 0.0474577 0.0573451 0.0657274 0.0716458 0.074668 0.0748824 0.0726974 0.0686459 0.0632711 0.057064 0.0504244 0.0436528 0.0369707 0.0305525 0.0245473 0.0190861 0.0142788 0.0102069 0.00691468 0.00439956
 0.00805599 0.0131028 0.0197545 0.027968 0.0374941 0.0477288 0.0576627 0.0661006 0.0720667 0.0750995 0.0752596 0.0729467 0.068712 0.0631397 0.0567673 0.0500284 0.0432323 0.0365838 0.030225 0.0242736 0.0188438 0.0140476 0.00998128 0.00670442 0.00422065
 0.00800863 0.0130371 0.0196761 0.0278882 0.0374261 0.0476822 0.0576418 0.0661081 0.0721104 0.0751944 0.0754201 0.0731717 0.0689743 0.0633897 0.0569526 0.0501169 0.0432241 0.0365052 0.030111 0.0241502 0.0187214 0.0139261 0.0098596 0.00658711 0.00411675
 0.00808267 0.0131532 0.0198429 0.0281111 0.037706 0.048014 0.058011 0.0664887 0.0724656 0.075484 0.0756115 0.07325 0.0689445 0.06327 0.0567629 0.0498714 0.0429334 0.0361832 0.0297783 0.0238306 0.0184343 0.0136816 0.00965991 0.00643011 0.00399912
 0.00798707 0.0130114 0.0196554 0.0278882 0.0374666 0.0477823 0.0578142 0.0663542 0.072418 0.0755384 0.0757679 0.0734902 0.0692361 0.0635743 0.0570445 0.050104 0.0431011 0.0362806 0.0298098 0.0238089 0.0183771 0.0136069 0.00958229 0.00635942 0.003941
 0.0079742 0.01297 0.0195565 0.0276954 0.0371496 0.047336 0.0572728 0.0657902 0.0719222 0.0751923 0.0756216 0.0735547 0.0694873 0.0639642 0.0575128 0.0505901 0.0435538 0.0366642 0.030106 0.0240158 0.0185048 0.0136729 0.00960588 0.00635826 0.00392864
 0.00797023 0.0129615 0.0195384 0.0276578 0.0370754 0.0472004 0.0570482 0.0654586 0.0714911 0.0747064 0.0751582 0.0732021 0.069315 0.0640004 0.0577395 0.0509546 0.0439877 0.037102 0.0304975 0.0243314 0.0187353 0.0138246 0.00969467 0.00640292 0.00394643
 0.00789901 0.0128535 0.0193904 0.0274721 0.0368584 0.0469608 0.0567942 0.0651959 0.0712224 0.0744337 0.0748896 0.0729597 0.0691373 0.0639327 0.0578162 0.0511822 0.0443396 0.0375262 0.0309339 0.0247279 0.0190589 0.0140635 0.00985429 0.00649915 0.00399831
 0.00784115 0.0127601 0.0192515 0.0272803 0.0366119 0.046667 0.0564727 0.064876 0.0709356 0.0742031 0.074724 0.0728556 0.0690877 0.0639377 0.0578865 0.0513333 0.044579 0.0378432 0.0312972 0.0250949 0.0193888 0.0143293 0.0100469 0.00662478 0.00407198
 0.00784188 0.0127556 0.0192339 0.0272384 0.0365333 0.0465422 0.0562995 0.0646619 0.0706977 0.0739648 0.0745099 0.0726854 0.0689726 0.0638804 0.0578861 0.0513901 0.0446956 0.0380195 0.0315238 0.02535 0.0196428 0.0145537 0.0102233 0.00674845 0.00414931
 0.0078149 0.0127031 0.0191394 0.0270814 0.0362951 0.0462145 0.0558918 0.0642044 0.0702359 0.0735498 0.0741877 0.072489 0.0689167 0.0639609 0.0580829 0.0516746 0.0450384 0.0383953 0.0319113 0.0257291 0.0199923 0.0148536 0.01046 0.00691843 0.00425967
 0.00779984 0.0126824 0.0191142 0.027053 0.0362613 0.0461657 0.0558105 0.0640698 0.070034 0.0732839 0.0738827 0.0721865 0.0686634 0.0637953 0.0580261 0.0517281 0.0451876 0.038616 0.032176 0.0260107 0.020266 0.0150983 0.0106604 0.00706794 0.00436046
 0.00782524 0.0127171 0.0191544 0.0270915 0.0362902 0.0461795 0.0558074 0.0640493 0.0699925 0.0732119 0.0737686 0.0720247 0.0684635 0.0635834 0.0578388 0.0515996 0.0451392 0.0386513 0.0322826 0.026166 0.0204436 0.0152733 0.0108136 0.00718797 0.00444483
 0.0077277 0.0125592 0.0189185 0.0267632 0.0358626 0.0456605 0.055226 0.0634573 0.0694563 0.072797 0.0735223 0.0719647 0.068576 0.0638324 0.0581812 0.0519987 0.04557 0.0390972 0.0327292 0.0265961 0.0208374 0.0156123 0.0110851 0.00738859 0.00458045
 0.00760992 0.0123848 0.0186871 0.0264842 0.0355504 0.0453276 0.05488 0.063103 0.0691028 0.0724639 0.073241 0.0717721 0.0685032 0.0638942 0.0583706 0.052291 0.0459321 0.0394969 0.0331393 0.0269944 0.0212043 0.0159307 0.0113429 0.00758135 0.00471236
 0.00766804 0.0124529 0.018742 0.0264901 0.0354718 0.0451467 0.0546085 0.0627793 0.0687743 0.0721667 0.0729906 0.0715701 0.0683507 0.0638002 0.0583501 0.0523556 0.0460812 0.0397164 0.0334059 0.0272811 0.0214857 0.0161854 0.0115556 0.00774447 0.00482644
 0.00761547 0.0123742 0.0186345 0.0263521 0.0352979 0.0449243 0.0543197 0.0624117 0.0683364 0.0716979 0.0725551 0.0712358 0.0681648 0.063777 0.0584754 0.0526007 0.046415 0.0401092 0.0338285 0.0277043 0.0218814 0.0165304 0.011835 0.00795335 0.00496965
 0.00750332 0.0122062 0.0184086 0.0260766 0.0349895 0.0446038 0.0540075 0.0621229 0.0680771 0.0714659 0.0723465 0.0710557 0.0680332 0.0637241 0.0585283 0.05277 0.0466909 0.0404661 0.034233 0.0281214 0.0222788 0.0168815 0.0121219 0.00816917 0.00511823
 0.00756487 0.0122787 0.0184676 0.0260843 0.0349074 0.0444112 0.0537156 0.0617733 0.0677255 0.071159 0.0721071 0.0708822 0.0679125 0.0636466 0.0584971 0.0527992 0.046795 0.0406491 0.0344835 0.0284147 0.0225835 0.0171673 0.0123655 0.00835801 0.00525117
 0.00762817 0.0123899 0.0186479 0.0263519 0.0352655 0.0448335 0.0541392 0.0621115 0.0678977 0.0711245 0.07188 0.070519 0.0674834 0.0632107 0.0580935 0.0524525 0.0465228 0.0404648 0.0343925 0.0284098 0.0226452 0.0172681 0.0124776 0.0084598 0.00533062
 0.0076245 0.0123929 0.0186698 0.0264117 0.0353863 0.0450362 0.054433 0.062483 0.0683044 0.071498 0.0721429 0.0706114 0.0673855 0.0629491 0.0577266 0.0520473 0.046137 0.0401387 0.0341486 0.0282551 0.0225723 0.0172585 0.0125071 0.00850524 0.00537499
 0.0076904 0.0124763 0.0187526 0.0264649 0.0353818 0.0449635 0.0543111 0.0623584 0.0682337 0.0715222 0.0722675 0.0708017 0.0675804 0.0630857 0.0577658 0.0519856 0.0460023 0.0399744 0.0339965 0.0281436 0.0225125 0.0172461 0.012528 0.00854199 0.00541298
 0.00777992 0.0126214 0.0189679 0.0267585 0.0357474 0.045372 0.0547087 0.0626782 0.0684203 0.0715571 0.0721766 0.0706391 0.0673978 0.0629081 0.0575877 0.0517867 0.0457686 0.0397114 0.0337278 0.0278999 0.0223181 0.0171114 0.0124488 0.00850494 0.0054018
 0.00784627 0.0127291 0.01913 0.0269872 0.0360516 0.0457525 0.0551516 0.0631496 0.0688668 0.071915 0.0723901 0.0706789 0.0672719 0.0626563 0.0572617 0.0514292 0.0454041 0.0393513 0.0333818 0.0275824 0.0220469 0.0169001 0.0123009 0.00841295 0.00535169
 0.00785876 0.0127534 0.0191742 0.0270619 0.0361684 0.0459209 0.0553758 0.0634254 0.0691804 0.0722418 0.0726947 0.07092 0.0674111 0.0626705 0.0571517 0.0512185 0.0451282 0.0390454 0.0330737 0.0272931 0.0217927 0.0166931 0.0121469 0.0083096 0.00528984
 0.00777534 0.0126445 0.0190596 0.0269768 0.0361539 0.0460092 0.0555774 0.0637262 0.0695476 0.0726349 0.0730736 0.0712487 0.0676588 0.0628128 0.0571746 0.0511227 0.0449309 0.0387769 0.0327702 0.0269888 0.0215149 0.0164601 0.0119676 0.00818382 0.00521005
 0.00763557 0.0124327 0.0187713 0.0266227 0.0357623 0.0456267 0.0552652 0.0635495 0.0695563 0.072844 0.0734549 0.0717394 0.0681822 0.0632992 0.0575724 0.0514026 0.0450845 0.0388143 0.0327158 0.026875 0.021375 0.0163221 0.0118501 0.00809549 0.005151
 0.0074478 0.0121302 0.0183228 0.026005 0.0349704 0.0446872 0.0542478 0.0625663 0.0687429 0.0723256 0.0733132 0.0719915 0.0687787 0.0641398 0.0585332 0.0523644 0.0459552 0.0395379 0.0332723 0.0272725 0.0216392 0.0164857 0.0119449 0.00814734 0.00517805
 0.00748605 0.0121623 0.018315 0.0259063 0.0347245 0.0442524 0.0536173 0.061778 0.0678758 0.0714876 0.0726213 0.0715498 0.0686553 0.0643487 0.0590301 0.0530589 0.0467356 0.0402994 0.0339381 0.0278023 0.0220263 0.0167471 0.0121086 0.00824285 0.00523016
 0.00762532 0.0123624 0.0185653 0.0261751 0.0349603 0.0443916 0.0535944 0.0615401 0.0674012 0.0708017 0.0718032 0.0707195 0.0679456 0.0638715 0.0588488 0.0531752 0.0470939 0.040807 0.0344927 0.0283184 0.0224507 0.0170609 0.0123195 0.00837236 0.0053032
 0.00772545 0.0125319 0.018831 0.0265605 0.0354737 0.0450094 0.0542491 0.0621244 0.067792 0.0708975 0.0715573 0.0701565 0.0671566 0.0629918 0.0580238 0.0525241 0.0466823 0.0406375 0.0345156 0.0284572 0.02263 0.0172263 0.0124444 0.00845299 0.00534852
 0.00753113 0.0122381 0.0184318 0.0260696 0.0349259 0.044459 0.0537642 0.0617735 0.0676225 0.0709144 0.0717158 0.0703787 0.0673648 0.0631409 0.0581176 0.0526075 0.0468157 0.0408654 0.0348458 0.0288584 0.0230476 0.0176056 0.0127486 0.00867023 0.00548741
 0.00746338 0.0121105 0.0182087 0.0257108 0.0344011 0.0437687 0.0529568 0.0609451 0.066895 0.070399 0.0714797 0.0704273 0.0676455 0.0635662 0.0585978 0.0530815 0.0472631 0.0412984 0.035285 0.0293103 0.0234952 0.0180161 0.0130902 0.00892586 0.00565883
 0.00745115 0.0120819 0.0181481 0.0255946 0.0341987 0.0434479 0.0524936 0.0603376 0.0661766 0.0696446 0.0707961 0.0699258 0.0674062 0.0636117 0.0588901 0.0535426 0.0478087 0.0418645 0.0358368 0.0298329 0.0239782 0.0184442 0.0134455 0.00919646 0.00584545
 0.00733876 0.0119352 0.0179929 0.0254737 0.0341562 0.0435044 0.0526276 0.0604854 0.0662537 0.0695792 0.0705589 0.0695448 0.0669598 0.063202 0.0586071 0.0534348 0.0478744 0.0420648 0.0361198 0.0301521 0.0242993 0.0187425 0.0137023 0.00939941 0.00599094
#obs surv len freq
 nan nan nan nan nan nan nan nan nan nan nan nan nan nan nan nan nan nan nan nan nan nan nan nan nan
 0.00448413 0.00734536 0.0111754 0.0159921 0.0216935 0.0279699 0.0342848 0.0400165 0.0446961 0.0481596 0.0505168 0.0520118 0.0529032 0.0534148 0.0537284 0.0539828 0.0542611 0.0545536 0.0546922 0.054284 0.0527221 0.0493543 0.0438043 0.0362846 0.0276686
 0.00461649 0.00756152 0.0115022 0.0164542 0.0223074 0.0287348 0.0351733 0.0409721 0.0456407 0.0490084 0.0511947 0.0524642 0.0531016 0.0533575 0.0534365 0.0534926 0.0536151 0.0537942 0.053858 0.0534117 0.0518501 0.0485253 0.0430625 0.0356676 0.027197
 0.00477721 0.0078263 0.0119072 0.0170349 0.0230916 0.0297307 0.0363573 0.042284 0.0469902 0.0502911 0.0523075 0.0533186 0.0536318 0.0535263 0.0532377 0.0529491 0.0527724 0.0527116 0.0526016 0.0520517 0.0504618 0.0471894 0.0418592 0.034663 0.0264278
 0.0049736 0.00814593 0.0123891 0.0177163 0.0240014 0.0308789 0.0377238 0.0438123 0.048593 0.0518627 0.0537389 0.0545066 0.0544874 0.0539807 0.0532487 0.0525056 0.0518956 0.0514526 0.0510371 0.0502796 0.048598 0.0453617 0.040194 0.0332638 0.0253526
 0.00517892 0.00848373 0.0129049 0.018455 0.0249984 0.0321467 0.0392377 0.0455063 0.0503698 0.053612 0.0553533 0.0558892 0.0555517 0.0546512 0.0534637 0.0522231 0.0511013 0.0501673 0.0493223 0.0482395 0.0463765 0.0431306 0.0381288 0.0315108 0.0239971
 0.00541272 0.00886394 0.0134776 0.0192637 0.026077 0.0335069 0.0408562 0.0473185 0.0522768 0.0554984 0.0571042 0.0574015 0.0567382 0.0554394 0.0537931 0.0520445 0.0503816 0.0488998 0.0475419 0.0460367 0.0439027 0.0405866 0.035733 0.0294525 0.0223925
 0.0056452 0.00924826 0.0140677 0.0201134 0.0272289 0.0349753 0.0426098 0.0492765 0.0543221 0.0575019 0.0589459 0.0589807 0.0579738 0.0562659 0.0541562 0.0518984 0.0496892 0.0476416 0.0457328 0.0437481 0.0412781 0.0378369 0.0331034 0.027166 0.020594
 0.00587354 0.00962273 0.0146377 0.0209283 0.0283294 0.0363801 0.0443001 0.0511882 0.056352 0.0595251 0.0608355 0.0606221 0.059273 0.0571514 0.0545752 0.0518099 0.0490602 0.0464501 0.0439839 0.0414979 0.0386559 0.0350485 0.0304012 0.0247899 0.018708
 0.00613802 0.010051 0.0152791 0.0218276 0.0295187 0.0378662 0.0460508 0.0531281 0.058373 0.0615064 0.0626617 0.0621926 0.0605044 0.0579768 0.054943 0.0516809 0.0484047 0.0452494 0.0422418 0.0392628 0.0360455 0.032258 0.0276787 0.0223791 0.0167819
 0.00638423 0.0104586 0.0159056 0.02273 0.0307408 0.0394185 0.0478926 0.0551631 0.0604666 0.0635152 0.0644599 0.0636843 0.0616225 0.0586762 0.0551923 0.0514558 0.0476845 0.0440203 0.0405079 0.0370678 0.0334967 0.0295363 0.0250185 0.0200158 0.0148861
 0.00660217 0.010816 0.0164499 0.0235084 0.0317926 0.0407619 0.0495096 0.0569903 0.0624007 0.065429 0.0662224 0.0651785 0.0627577 0.0593925 0.0554571 0.0512545 0.0470108 0.0428726 0.0388971 0.0350364 0.0311416 0.0270207 0.0225556 0.0178216 0.0131203
 0.00683571 0.0111979 0.0170283 0.024329 0.0328889 0.0421406 0.0511362 0.058786 0.0642542 0.067219 0.0678361 0.0665215 0.0637557 0.0599915 0.0556233 0.0509729 0.0462805 0.0417031 0.037311 0.0330822 0.028912 0.0246638 0.0202622 0.0157851 0.0114832
 0.00707346 0.0115874 0.0176199 0.0251703 0.0340144 0.0435555 0.0528002 0.060609 0.06611 0.0689716 0.0693644 0.0677332 0.0645906 0.0604172 0.055628 0.0505581 0.0454561 0.0404866 0.0357317 0.0311924 0.0268013 0.0224671 0.0181481 0.0139214 0.00999204
 0.00727817 0.0119265 0.0181418 0.0259233 0.0350366 0.0448581 0.054351 0.0623268 0.067876 0.070652 0.0708343 0.0688924 0.0653709 0.0607832 0.055573 0.0500954 0.0446107 0.0392892 0.0342213 0.0294249 0.0248624 0.0204776 0.0162542 0.0122655 0.00867483
 0.00745603 0.0122186 0.0185868 0.0265596 0.035895 0.04595 0.0556562 0.0637872 0.0694012 0.0721345 0.0721654 0.0699756 0.0661308 0.0611714 0.0555692 0.0497046 0.0438563 0.0382077 0.0328593 0.0278437 0.0231452 0.0187333 0.0146089 0.0108377 0.00754582
 0.00753809 0.0123539 0.0187946 0.0268609 0.0363104 0.0464964 0.0563406 0.0646024 0.0703234 0.0731232 0.0731646 0.0709171 0.0669396 0.0617745 0.0559057 0.0497334 0.043561 0.0375963 0.0319633 0.0267173 0.0218659 0.0174007 0.0133339 0.00972254 0.00666022
 0.00760139 0.0124517 0.018933 0.0270431 0.0365386 0.0467733 0.0566702 0.0649894 0.0707718 0.0736335 0.07373 0.0715182 0.0675413 0.0623258 0.0563446 0.0499973 0.0435983 0.0373765 0.0314842 0.0260082 0.0209873 0.016438 0.0123848 0.00887758 0.00598206
 0.0076813 0.0125746 0.0191046 0.0272636 0.0368021 0.0470681 0.0569801 0.0652964 0.0710615 0.0739008 0.0739812 0.0717665 0.0677975 0.0625878 0.0565915 0.0501898 0.0436862 0.0373121 0.0312363 0.025574 0.0203976 0.0157543 0.0116863 0.0082415 0.00546428
 0.00773691 0.0126588 0.0192194 0.0274067 0.0369674 0.0472469 0.0571623 0.0654716 0.0712206 0.0740391 0.0741004 0.0718753 0.0679086 0.062712 0.0567307 0.0503307 0.043799 0.0373559 0.0311712 0.0253756 0.020069 0.0153293 0.0112212 0.00779857 0.00509279
 0.00779721 0.0127514 0.0193485 0.0275717 0.0371625 0.0474609 0.057379 0.0656713 0.0713846 0.0741547 0.074165 0.0718964 0.0679007 0.0626926 0.0567146 0.0503248 0.0437979 0.0373403 0.0311128 0.0252479 0.0198601 0.01505 0.010904 0.00748665 0.00482453
 0.00782277 0.0127917 0.0194067 0.0276498 0.0372605 0.047576 0.0575049 0.0657985 0.0715017 0.0742513 0.0742343 0.0719365 0.067915 0.0626887 0.0567021 0.0503121 0.0437879 0.0373276 0.031083 0.0251827 0.0197458 0.0148863 0.010707 0.00728369 0.00464342
 0.0078635 0.0128522 0.0194871 0.0277465 0.0373674 0.0476864 0.0576129 0.0658987 0.0715895 0.0743222 0.0742842 0.0719626 0.0679167 0.0626682 0.0566646 0.0502647 0.0437369 0.0372757 0.0310268 0.0251138 0.0196549 0.0147701 0.0105719 0.00714461 0.00451791
 0.00787569 0.0128694 0.019508 0.0277682 0.0373857 0.0476973 0.0576139 0.0658903 0.0715753 0.0743086 0.0742789 0.0719715 0.0679414 0.0627055 0.0567081 0.0503074 0.0437737 0.0373028 0.031041 0.0251106 0.01963 0.0147218 0.0105042 0.00706735 0.00444334
 0.00790219 0.0129068 0.0195537 0.027816 0.0374272 0.0477249 0.0576222 0.0658779 0.0715446 0.0742652 0.0742309 0.0719283 0.0679114 0.0626942 0.0567162 0.050331 0.0438057 0.0373353 0.0310668 0.0251239 0.0196268 0.0147008 0.010468 0.00702222 0.00439756
 0.0079048 0.0129118 0.0195625 0.0278296 0.0374454 0.0477446 0.0576375 0.0658814 0.0715301 0.0742316 0.074183 0.0718758 0.0678658 0.0626649 0.0567086 0.0503453 0.0438375 0.0373772 0.0311098 0.0251597 0.0196493 0.0147073 0.0104595 0.0070031 0.00437404
 0.007884 0.012875 0.0195021 0.0277378 0.0373175 0.0475832 0.0574557 0.0657006 0.071375 0.0741213 0.0741268 0.0718733 0.0679104 0.0627479 0.0568215 0.0504799 0.0439849 0.0375273 0.0312524 0.0252849 0.0197498 0.0147794 0.010504 0.00702495 0.00438032
 0.00788416 0.0128694 0.0194826 0.0276931 0.0372353 0.0474554 0.0572823 0.0654928 0.0711541 0.0739148 0.0739625 0.0717725 0.0678835 0.062793 0.0569267 0.0506284 0.0441592 0.0377111 0.0314313 0.0254469 0.0198858 0.0148841 0.010577 0.00706999 0.00440421
 0.0078929 0.0128823 0.0194993 0.0277111 0.0372496 0.0474572 0.0572603 0.0654355 0.0710543 0.073775 0.0737969 0.071605 0.0677414 0.0626992 0.0568938 0.0506566 0.0442384 0.0378252 0.0315624 0.0255785 0.0200045 0.0149813 0.010649 0.00711781 0.00443228
 0.00787461 0.0128547 0.0194618 0.0276646 0.0371962 0.0473998 0.0572015 0.0653769 0.0709952 0.073713 0.0737292 0.0715316 0.0676684 0.0626383 0.0568599 0.0506618 0.0442874 0.0379136 0.0316779 0.0257051 0.0201266 0.0150868 0.0107311 0.0071754 0.0044685
 0.00786247 0.0128304 0.0194172 0.0275902 0.0370847 0.0472508 0.0570253 0.0651937 0.0708296 0.0735854 0.0736502 0.0715007 0.0676771 0.0626766 0.0569205 0.0507425 0.0443889 0.0380357 0.0318165 0.0258509 0.0202673 0.0152106 0.0108301 0.00724714 0.00451538
 0.0078492 0.0128088 0.0193843 0.0275426 0.0370182 0.0471611 0.0569093 0.0650522 0.0706704 0.0734238 0.073507 0.0713962 0.0676247 0.0626791 0.0569712 0.0508299 0.0445018 0.0381656 0.0319564 0.0259937 0.0204043 0.0153327 0.0109301 0.00732158 0.0045655
 0.00780587 0.0127386 0.0192795 0.0273969 0.0368293 0.0469331 0.0566551 0.0647928 0.0704302 0.0732249 0.0733653 0.0713212 0.0676205 0.062745 0.057101 0.0510113 0.0447183 0.0383993 0.0321913 0.0262165 0.0206046 0.0155026 0.0110648 0.00742036 0.00463182
 0.00777443 0.0126857 0.0191964 0.0272747 0.036661 0.0467171 0.0563989 0.0645137 0.0701534 0.0729782 0.0731734 0.0712017 0.067582 0.0627877 0.0572179 0.0511903 0.0449434 0.0386519 0.032452 0.0264676 0.0208312 0.0156943 0.0112161 0.007531 0.00470615
 0.00773952 0.012629 0.0191112 0.0271548 0.0365015 0.0465169 0.0561623 0.0642523 0.0698852 0.0727254 0.0729595 0.0710478 0.0675041 0.0627936 0.0573068 0.0513529 0.0451641 0.038911 0.032728 0.0267393 0.0210801 0.0159067 0.0113845 0.00765431 0.00478906
 0.00769252 0.012552 0.0189946 0.0269897 0.0362827 0.046246 0.0558511 0.0639229 0.0695657 0.0724445 0.0727401 0.070906 0.0674488 0.0628279 0.0574277 0.0515515 0.0454255 0.0392153 0.033052 0.0270592 0.0213742 0.0161583 0.0115841 0.00780052 0.00488726
 0.00770818 0.0125704 0.0190088 0.0269883 0.0362519 0.0461733 0.0557295 0.0637532 0.0693571 0.0722127 0.0725062 0.0706929 0.0672778 0.0627163 0.0573866 0.051585 0.04553 0.03938 0.0332596 0.027288 0.0216015 0.016364 0.0117542 0.00792897 0.00497555
 0.00766152 0.0125061 0.0189331 0.026913 0.0361893 0.0461293 0.0556987 0.0637202 0.0693035 0.0721264 0.0723871 0.0705527 0.0671369 0.0625969 0.0573086 0.0515621 0.0455686 0.0394778 0.0334064 0.0274667 0.0217915 0.0165447 0.0119093 0.00804941 0.00506013
 0.00764076 0.01247 0.0188753 0.026828 0.0360764 0.0459965 0.0555641 0.0636072 0.069231 0.0720986 0.0723908 0.0705655 0.0671388 0.0625811 0.0572824 0.0515424 0.0455735 0.0395202 0.0334898 0.0275848 0.0219302 0.0166864 0.0120376 0.00815325 0.00513538
 0.00762821 0.0124484 0.0188403 0.0267746 0.0359995 0.0458927 0.0554346 0.06346 0.0690819 0.0719686 0.0722996 0.0705238 0.0671442 0.0626194 0.0573363 0.0516004 0.0456339 0.0395892 0.0335749 0.0276889 0.0220488 0.0168087 0.0121509 0.00824715 0.00520496
 0.00759595 0.0124011 0.0187786 0.0267019 0.0359205 0.0458112 0.0553517 0.063375 0.0689937 0.0718792 0.0722161 0.0704574 0.0671068 0.0626182 0.0573707 0.0516624 0.045713 0.0396774 0.0336694 0.0277894 0.022154 0.0169137 0.0122479 0.00832852 0.00526637
 0.00757291 0.0123617 0.0187162 0.0266102 0.0357963 0.0456583 0.0551824 0.0632087 0.0688509 0.0717742 0.0721535 0.0704338 0.0671161 0.0626564 0.0574355 0.0517518 0.0458224 0.0398001 0.0337977 0.0279173 0.0222765 0.0170265 0.0123463 0.00840848 0.0053258
 0.00756631 0.0123499 0.0186959 0.0265776 0.0357466 0.0455869 0.0550871 0.0630914 0.0687195 0.0716421 0.0720369 0.0703475 0.067069 0.0626496 0.0574651 0.0518114 0.0459056 0.0399005 0.0339088 0.028032 0.0223882 0.0171292 0.0124349 0.00847965 0.00537837
 0.00757069 0.012358 0.01871 0.0265995 0.035777 0.0456231 0.0551223 0.0631149 0.0687196 0.0716106 0.0719725 0.0702576 0.0669674 0.0625529 0.0573876 0.0517618 0.0458866 0.0399098 0.0339415 0.0280816 0.0224474 0.0171907 0.0124925 0.00852837 0.00541572
 0.00754765 0.0123233 0.0186631 0.0265421 0.0357132 0.0455591 0.0550651 0.0630712 0.0686934 0.071601 0.0719739 0.0702616 0.0669674 0.0625473 0.0573804 0.0517606 0.0458987 0.0399396 0.0339887 0.0281422 0.0225152 0.0172585 0.012554 0.00857909 0.00545372
 0.00753945 0.0123094 0.018641 0.0265096 0.0356691 0.0455045 0.0550044 0.0630118 0.0686441 0.0715688 0.0719617 0.070267 0.0669841 0.0625676 0.0573986 0.0517751 0.0459126 0.0399581 0.0340163 0.0281804 0.0225616 0.0173084 0.0126016 0.00861984 0.00548497
 0.00753026 0.012296 0.0186236 0.0264892 0.0356467 0.0454804 0.0549781 0.0629824 0.0686117 0.0715359 0.0719325 0.0702468 0.0669761 0.0625717 0.0574118 0.051793 0.0459319 0.0399782 0.0340389 0.0282076 0.0225941 0.0173443 0.0126373 0.00865147 0.00550995
 0.00750318 0.0122531 0.0185614 0.0264058 0.0355429 0.045361 0.0548523 0.0628633 0.0685126 0.0714671 0.071899 0.0702482 0.0670088 0.0626303 0.0574899 0.0518834 0.0460273 0.0400723 0.0341275 0.0282887 0.0226669 0.0174081 0.0126912 0.00869429 0.00554139
 0.00748485 0.0122237 0.0185179 0.0263457 0.0354648 0.0452655 0.0547433 0.0627481 0.0684017 0.0713722 0.0718306 0.0702132 0.0670097 0.0626652 0.0575531 0.0519676 0.0461242 0.040174 0.0342272 0.0283813 0.0227492 0.0174782 0.0127481 0.00873798 0.00557262
 0.00750433 0.0122489 0.0185441 0.0263642 0.0354657 0.0452409 0.0546904 0.0626704 0.0683071 0.0712709 0.0717333 0.0701299 0.0669487 0.0626323 0.0575505 0.0519936 0.0461736 0.0402396 0.0343012 0.0284563 0.0228194 0.0175396 0.0127984 0.00877653 0.00560001
 0.00750433 0.0122489 0.0185441 0.0263642 0.0354657 0.0452409 0.0546904 0.0626704 0.0683071 0.0712709 0.0717333 0.0701299 0.0669487 0.0626323 0.0575505 0.0519936 0.0461736 0.0402396 0.0343012 0.0284563 0.0228194 0.0175396 0.0127984 0.00877653 0.00560001
 0.0073635 0.0120313 0.0182379 0.0259672 0.0349862 0.044699 0.0541199 0.0621177 0.0678264 0.0709131 0.0715354 0.070108 0.0670967 0.0629252 0.0579519 0.0524626 0.0466715 0.040733 0.0347634 0.0288681 0.0231681 0.0178194 0.01301 0.00892625 0.00569835
 0.00725855 0.0118475 0.0179383 0.0255127 0.0343488 0.0438807 0.0531675 0.0611227 0.0669039 0.070172 0.0710536 0.0699223 0.0672056 0.0632972 0.0585345 0.0531913 0.0474785 0.041555 0.0355472 0.0295732 0.0237679 0.018301 0.0133732 0.00918183 0.00586497
 0.00723699 0.0118065 0.0178643 0.025386 0.0341435 0.0435688 0.0527259 0.0605447 0.0662115 0.0694221 0.0703328 0.0693285 0.0668228 0.0631749 0.0586795 0.0535721 0.0480372 0.0422209 0.0362489 0.0302483 0.0243691 0.0187988 0.0137564 0.00945505 0.0060445
 0.00726801 0.0118575 0.0179413 0.0254921 0.0342755 0.0437109 0.0528465 0.0605978 0.0661463 0.0692001 0.0699455 0.0688084 0.0662415 0.062627 0.0582567 0.0533386 0.0480148 0.0423894 0.0365577 0.0306329 0.0247672 0.0191614 0.0140534 0.00967581 0.00619362
#pred catch len freq
 0.00317879 0.0051523 0.00775964 0.0110415 0.015039 0.0197492 0.0250632 0.0307511 0.0365059 0.0420043 0.0469553 0.0511378 0.0544329 0.0568314 0.0584135 0.0593189 0.0597237 0.0598043 0.0596531 0.0591423 0.0578147 0.0549453 0.049865 0.0424261 0.0332909
 0.00344123 0.00551454 0.00818813 0.0114714 0.0154004 0.0200038 0.0252264 0.03088 0.0366574 0.042193 0.0471405 0.0512513 0.054428 0.0567209 0.0582735 0.059254 0.0598105 0.0600398 0.059935 0.059299 0.0576777 0.0544322 0.0490253 0.0414203 0.0323158
 0.00353323 0.0057004 0.0085298 0.0120354 0.0162259 0.0210621 0.0264005 0.0319905 0.0375323 0.04274 0.04737 0.0512395 0.0542546 0.0564341 0.0578994 0.0588273 0.0593843 0.0596596 0.0595974 0.0589323 0.057172 0.0537062 0.0480859 0.0403727 0.0313145
 0.00369088 0.00594011 0.00886517 0.0124824 0.0168162 0.0218524 0.0274596 0.033356 0.0391547 0.0444524 0.0489221 0.0523869 0.0548517 0.0564716 0.0574734 0.0580764 0.0584392 0.0586188 0.0585153 0.0578155 0.0559919 0.0524364 0.0467477 0.0390515 0.0301318
 0.0038962 0.00626786 0.00934654 0.013141 0.017664 0.0228855 0.0286589 0.0346954 0.0406111 0.0460022 0.0505137 0.0539067 0.0561197 0.0572888 0.0576975 0.0576766 0.0574954 0.0572736 0.0569147 0.0560702 0.0541725 0.0505975 0.0449581 0.0374079 0.0287385
 0.00411773 0.00662195 0.00986943 0.0138658 0.0186181 0.0240853 0.0300984 0.0363358 0.0423793 0.0478012 0.0522411 0.0554677 0.0574248 0.0582397 0.0581824 0.0575915 0.0567855 0.0559642 0.0551093 0.0539181 0.0518344 0.0482281 0.0427056 0.03541 0.0271044
 0.00435771 0.00700507 0.0104343 0.014647 0.0196448 0.025376 0.0316517 0.0381208 0.0443301 0.0498192 0.054204 0.0572442 0.0588924 0.0592958 0.0587443 0.0575898 0.0561656 0.0547043 0.0532456 0.0515603 0.049158 0.0454502 0.0400517 0.0330779 0.0252293
 0.00460257 0.00739944 0.0110221 0.0154698 0.0207381 0.0267616 0.0333262 0.0400458 0.0464301 0.0519875 0.0563133 0.0591595 0.0604835 0.0604497 0.059371 0.0576223 0.0555574 0.0534329 0.0513289 0.0490801 0.0462766 0.042402 0.0371062 0.0304822 0.0231512
 0.00485781 0.00780785 0.0116262 0.0163092 0.0218478 0.0281663 0.0350296 0.0420184 0.0486017 0.0542494 0.0585281 0.061178 0.0621637 0.0616713 0.0600423 0.0576782 0.054955 0.0521517 0.0493831 0.0465413 0.0432969 0.0392167 0.0340015 0.0277317 0.0209464
 0.00511459 0.00821746 0.0122293 0.0171422 0.0229405 0.0295375 0.0366777 0.0439121 0.0506764 0.0564096 0.0606546 0.0631379 0.0638231 0.0629082 0.0607567 0.0577956 0.0544254 0.0509506 0.0475201 0.044081 0.0403816 0.0360738 0.0309158 0.0249828 0.0187354
 0.00538711 0.00865351 0.0128735 0.018034 0.0241103 0.030999 0.0384168 0.0458785 0.0527841 0.0585464 0.0626962 0.0649613 0.0653165 0.0639775 0.0613263 0.0578071 0.0538353 0.0497335 0.0456806 0.0416747 0.0375389 0.0330087 0.0279015 0.0222919 0.016567
 0.00570365 0.00915185 0.0135947 0.0190091 0.0253605 0.0325323 0.0402194 0.0479031 0.054944 0.0607195 0.0647396 0.0667318 0.0666922 0.0648713 0.0616871 0.0576097 0.0530691 0.0483965 0.043788 0.0392804 0.0347614 0.0300428 0.0249992 0.0197068 0.0144858
 0.00596178 0.00956928 0.0142192 0.019885 0.0265218 0.0339915 0.0419544 0.0498503 0.0570036 0.0627696 0.0666511 0.0683807 0.0679693 0.0656909 0.0619932 0.0573763 0.0522932 0.0470915 0.0419841 0.0370381 0.0321921 0.0273213 0.0223484 0.0173516 0.0125916
 0.00620066 0.00995604 0.0147996 0.0207037 0.027618 0.035389 0.0436466 0.0517867 0.0590853 0.0648579 0.0685873 0.0700121 0.0691733 0.0663892 0.0621522 0.0569964 0.0513958 0.0457106 0.0401666 0.0348542 0.0297517 0.0247832 0.0199082 0.0152025 0.0108732
 0.00644524 0.0103454 0.0153716 0.0214915 0.0286484 0.0366777 0.0451882 0.0535441 0.0609829 0.0667834 0.070402 0.0715683 0.0703375 0.0670636 0.0622865 0.0565873 0.0504753 0.044332 0.0383972 0.0327781 0.0274807 0.0224633 0.0177093 0.0132867 0.00935352
 0.00657081 0.0105599 0.0157143 0.0220076 0.0293818 0.0376587 0.0464196 0.0549921 0.0625786 0.0684309 0.0719888 0.0729765 0.0714545 0.0677945 0.0625654 0.0563839 0.049796 0.0432154 0.0369077 0.0310037 0.0255338 0.0204806 0.0158405 0.0116681 0.00807634
 0.00657594 0.0105773 0.0157593 0.0221055 0.0295691 0.037981 0.0469242 0.0557159 0.0635314 0.0695814 0.0732613 0.0742611 0.0726284 0.0687427 0.0631952 0.0566324 0.0496332 0.0426451 0.0359676 0.0297646 0.0240973 0.0189724 0.0143953 0.010406 0.00707652
 0.00655643 0.0105423 0.0157016 0.0220196 0.0294568 0.037859 0.0468304 0.055708 0.0636764 0.0699364 0.0738527 0.0750692 0.0735842 0.069738 0.0641044 0.0573368 0.0500412 0.0427047 0.0356711 0.0291491 0.0232402 0.0179819 0.0133926 0.00950122 0.00634555
 0.00663085 0.0106433 0.0158161 0.0221216 0.0295128 0.0378388 0.046719 0.0555148 0.0634397 0.0697215 0.0737403 0.0751343 0.0738693 0.0702342 0.0647465 0.0580174 0.0506377 0.0431084 0.0358113 0.0290061 0.0228474 0.0174159 0.0127536 0.00888781 0.0058311
 0.00682347 0.0109315 0.0162024 0.0225885 0.0300243 0.0383437 0.0471566 0.055823 0.0635689 0.0696525 0.0734969 0.0747834 0.0735043 0.0699467 0.0645967 0.0580137 0.0507344 0.0432233 0.0358552 0.0289135 0.0225968 0.0170337 0.0123016 0.00843904 0.00544586
 0.0069065 0.0110723 0.016424 0.0229135 0.0304663 0.0388957 0.0477804 0.0564485 0.0641072 0.0700185 0.0736333 0.0746771 0.0731916 0.0695044 0.0641207 0.0575894 0.0504104 0.0429989 0.0356885 0.0287459 0.0223818 0.0167568 0.0119828 0.00811929 0.00516649
 0.0069517 0.0111382 0.0165107 0.0230205 0.0305976 0.0390654 0.048012 0.0567641 0.0645087 0.0704722 0.0740697 0.0750103 0.0733512 0.0694626 0.0639016 0.0572574 0.0500428 0.0426572 0.0353998 0.0285026 0.0221582 0.0165309 0.0117502 0.00789416 0.0049701
 0.00696482 0.011163 0.0165536 0.0230879 0.0306927 0.0391848 0.0481456 0.0569008 0.0646454 0.070618 0.0742388 0.0752057 0.073551 0.0696226 0.0639747 0.0572185 0.049901 0.0424487 0.0351679 0.0282781 0.0219523 0.0163416 0.0115743 0.00773415 0.00483407
 0.00698751 0.0112004 0.0166114 0.023173 0.0308132 0.0393486 0.0483567 0.0571545 0.0649241 0.0708928 0.0744771 0.0753824 0.073655 0.0696542 0.0639369 0.0571117 0.0497266 0.0422167 0.0349 0.0280022 0.0216925 0.0161122 0.0113805 0.00757691 0.00471281
