SBPRF35
12.7214
Curr Bio
792973
B35
892320
F35
0.168704
FOFL
0.14799
OFL
96313.3
Bzero
3.63469e+006
#pred survey bio
 3.52984e+006 3.41741e+006 3.32094e+006 3.17952e+006 2.97477e+006 2.7548e+006 2.52683e+006 2.29468e+006 2.05563e+006 1.84189e+006 1.64316e+006 1.44327e+006 1.28809e+006 1.14204e+006 1.00483e+006 889580 804749 742913 700821 655852 624462 601813 591862 569073 561130 557726 557017 560093 561763 559930 567215 571024 572225 590074 602179 607141 624275 640447 650520 653318 655474 663329 667576 671560 679213 682143 684128 697974 703168 711454 713820 744228 770297 795103 798762 2.77735e+007 1.64607e+007 1.66038e+007 1.7425e+007 1.87257e+007 2.02358e+007 2.17427e+007 2.31165e+007 2.42969e+007 2.52707e+007 2.60517e+007 2.66656e+007 2.71416e+007 2.75075e+007 2.77871e+007 2.80002e+007 2.81626e+007 2.82865e+007 2.83812e+007 2.84539e+007 2.85099e+007 2.85532e+007 2.85869e+007 2.86132e+007 2.86339e+007 2.86502e+007 2.8663e+007 2.86732e+007 2.86814e+007 2.86878e+007 2.8693e+007 2.86972e+007 2.87006e+007 2.87033e+007 2.87055e+007 2.87073e+007 2.87088e+007 2.87099e+007 2.87109e+007 2.87117e+007 2.87123e+007 2.87128e+007 2.87133e+007 2.87136e+007 2.87139e+007 2.87141e+007 2.87143e+007 2.87145e+007 2.87146e+007 2.87147e+007 2.87148e+007 2.87149e+007 2.87149e+007 2.8715e+007 2.8715e+007 2.8715e+007 2.87151e+007 2.87151e+007 2.87151e+007 2.87151e+007 2.87151e+007 2.87151e+007 2.87151e+007 2.87151e+007 2.87151e+007 2.87152e+007 2.87152e+007 2.87152e+007 2.87152e+007 2.87152e+007 2.87152e+007 2.87152e+007 2.87152e+007 2.87152e+007 2.87152e+007 2.87152e+007 2.87152e+007 2.87152e+007 2.87152e+007 2.87152e+007 2.87152e+007 2.87152e+007 2.87152e+007 2.87152e+007 2.87152e+007 2.87152e+007 2.87152e+007 2.87152e+007 2.87152e+007 2.87152e+007 2.87152e+007 2.87152e+007 2.87152e+007 2.87152e+007 2.87152e+007 2.87152e+007 2.87152e+007 2.87152e+007 2.87152e+007 2.87152e+007 0 0 0 0 0 0 0 0 0 0 0 0 0 0 0 0 0 0 0 0 0 0 0 0 0
#obs survey bio
 4.52994e+006 3.46792e+006 2.95457e+006 2.58129e+006 2.48608e+006 2.69595e+006 1.80906e+006 1.73372e+006 1.54347e+006 1.6878e+006 1.52962e+006 1.1368e+006 1.03058e+006 1.14587e+006 818291 805119 797679 726573 629898 650552 493016 707904 508578 468579 367962 694498 516904 647819 547575 465218 517986 578322 631982 583944 577247 735892 556553 788823 679778 523786 680622 694674 499233 577361 575618 475068 673970 668682 1.06026e+006 675870 576624 821872 957413 705799 830096
#pred catch bio
 106374 95550.3 143052 211519 239463 262943 283725 306189 297488 295552 304778 270615 265886 258164 236558 206590 182471 161021 158634 142796 132574 120211 129268 114745 109734 106337 102344 102789 104612 96120.2 98766.9 100477 86720.1 92526.3 98581.2 88468.3 90277.8 96015.8 102364 103251 99236.1 103557 105303 104201 110253 112250 102765 109742 105960 110283 86999.5 91808.1 92434.2 107724 109310 96313.3 107298 106938 110820 118499 127821 137148 145559 152660 158386 162851 166245 168777 170637 171987 172958 173651 174143 174490 174734 174906 175026 175109 175168 175208 175236 175256 175269 175279 175285 175290 175293 175295 175296 175297 175298 175299 175299 175299 175299 175299 175299 175300 175300 175300 175300 175300 175300 175300 175300 175300 175300 175300 175300 175300 175300 175300 175300 175300 175300 175300 175300 175300 175300 175300 175300 175300 175300 175300 175300 175300 175300 175300 175300 175300 175300 175300 175300 175300 175300 175300 175300 175300 175300 175300 175300 175300 175300 175300 175300 175300 175300 175300 175300 175300 175300 175300 175300 175300 175300 0 0 0 0 0 0 0 0 0 0 0 0 0 0 0 0 0 0 0 0 0 0 0 0 0
#obs catch bio
 0 95181.3 143096 212161 240205 264031 285677 309482 301102 299094 309636 274222 270782 263547 241730 211146 185838 162882 159601 143140 134040 120813 131000 116077 111492 106957 103129 103405 105430 96586 99011.1 100918 86865.2 92715.2 99095 88378.2 90473.1 96048.7 101921 103317 99341.6 103432 105698 104605 111110 113902 103928 110837 105849 110409 86986.4 92052.6 92476.2 107998 109320
#pred cpue bio
 3.48024e+006 3.36966e+006 3.27459e+006 3.13347e+006 2.92894e+006 2.70923e+006 2.48164e+006 2.25002e+006 2.01184e+006 1.79904e+006 1.60144e+006 1.40311e+006 1.24907e+006 1.10444e+006 969011 855564 772398 712254 671654 628179 597642 575553 565875 543764 536133 533084 532689 535903 537760 536218 543526 547399 548672 566181 578136 583166 600023 615900 625854 628557 630472 638007 641966 645512 652609 655161 657028 670850 676483 684987 687367 717118 743067 768054 772651 2.69158e+007 1.5969e+007 1.59671e+007 1.66117e+007 1.78425e+007 1.93337e+007 2.08364e+007 2.22093e+007 2.33895e+007 2.43634e+007 2.51443e+007 2.57582e+007 2.62343e+007 2.66001e+007 2.68797e+007 2.70928e+007 2.72552e+007 2.73791e+007 2.74738e+007 2.75465e+007 2.76025e+007 2.76459e+007 2.76796e+007 2.77059e+007 2.77265e+007 2.77428e+007 2.77557e+007 2.77659e+007 2.7774e+007 2.77805e+007 2.77857e+007 2.77899e+007 2.77932e+007 2.7796e+007 2.77982e+007 2.77999e+007 2.78014e+007 2.78026e+007 2.78035e+007 2.78043e+007 2.7805e+007 2.78055e+007 2.78059e+007 2.78062e+007 2.78065e+007 2.78068e+007 2.7807e+007 2.78071e+007 2.78072e+007 2.78073e+007 2.78074e+007 2.78075e+007 2.78075e+007 2.78076e+007 2.78076e+007 2.78077e+007 2.78077e+007 2.78077e+007 2.78077e+007 2.78077e+007 2.78078e+007 2.78078e+007 2.78078e+007 2.78078e+007 2.78078e+007 2.78078e+007 2.78078e+007 2.78078e+007 2.78078e+007 2.78078e+007 2.78078e+007 2.78078e+007 2.78078e+007 2.78078e+007 2.78078e+007 2.78078e+007 2.78078e+007 2.78078e+007 2.78078e+007 2.78078e+007 2.78078e+007 2.78078e+007 2.78078e+007 2.78078e+007 2.78078e+007 2.78078e+007 2.78078e+007 2.78078e+007 2.78078e+007 2.78078e+007 2.78078e+007 2.78078e+007 2.78078e+007 2.78078e+007 2.78078e+007 2.78078e+007 2.78078e+007 2.78078e+007 2.78078e+007 2.78078e+007 0 0 0 0 0 0 0 0 0 0 0 0 0 0 0 0 0 0 0 0 0 0 0 0 0
#obs cpue bio
 4.08939e+006 2.5323e+006 3.28442e+006 3.28944e+006 2.55443e+006 2.40154e+006 2.44988e+006 2.20108e+006 1.96865e+006 1.82741e+006 1.34855e+006 1.49838e+006 1.02701e+006 811584 854361 644984 683168 779210 989910 679091 408632 549663 425120 506934 497053 713199 431001 477282 470254 621861 720264 488522 450455 616187 500178 645660 521753 600287 948011 523915 528164 786711 548252 651295 553767 485762 562922 834528 952413 743649 623842 616352 634686 885047 894640
#pred surv len freq
 0.00515438 0.00830877 0.0123926 0.0173497 0.0230406 0.0291765 0.0352858 0.0408183 0.0453501 0.0487264 0.0510401 0.0525063 0.0533486 0.053748 0.053836 0.053706 0.0534306 0.0530616 0.0525835 0.0518164 0.0503364 0.0475319 0.0428691 0.0362665 0.028316
 0.00534599 0.00853149 0.0125683 0.0173631 0.0227853 0.0286191 0.034508 0.0400003 0.0446948 0.0483696 0.0510023 0.0527103 0.0536821 0.0541287 0.0542422 0.0541653 0.0539781 0.0536926 0.0532258 0.0523418 0.0506103 0.047478 0.0425109 0.0357178 0.0277274
 0.00558955 0.00891655 0.0131211 0.0180835 0.0236282 0.0294783 0.0352216 0.040394 0.0446581 0.0479211 0.0502933 0.0519544 0.0530571 0.053715 0.05403 0.0541054 0.0540265 0.0538174 0.0533838 0.0524581 0.0505897 0.0472478 0.0420655 0.0351298 0.0271144
 0.00580645 0.0092699 0.0136543 0.018837 0.0246299 0.0307257 0.0366585 0.0418946 0.0460335 0.048959 0.0508238 0.051916 0.0525236 0.0528626 0.0530605 0.0531727 0.053205 0.0531127 0.0527584 0.0518517 0.0499367 0.0465026 0.0412301 0.0342636 0.026311
 0.0060639 0.00968088 0.0142595 0.0196716 0.0257195 0.0320795 0.0382573 0.043679 0.0478969 0.0507484 0.0523518 0.0529896 0.0529928 0.0526722 0.0522756 0.0519554 0.0517515 0.0515861 0.0512516 0.0503898 0.0485077 0.0450967 0.03987 0.0330103 0.0252423
 0.00634608 0.0101277 0.0149104 0.0205566 0.0268564 0.0334687 0.0398745 0.0454708 0.0497838 0.0526307 0.0541123 0.0544922 0.0540865 0.0532128 0.0521657 0.0511837 0.0504056 0.0498253 0.0492535 0.0483026 0.0464341 0.0431098 0.0380387 0.0314102 0.0239413
 0.00664472 0.0106025 0.015605 0.0215051 0.028078 0.03496 0.0416005 0.047362 0.051745 0.0545581 0.0559062 0.0560583 0.0553285 0.0540253 0.0524399 0.0508312 0.0493934 0.0482007 0.0471426 0.0458817 0.0438922 0.0406228 0.035759 0.0294595 0.0223976
 0.00692587 0.0110558 0.0162804 0.022447 0.0293173 0.0365022 0.0434123 0.049366 0.0538302 0.0566005 0.0577888 0.0576822 0.0566119 0.054896 0.0528255 0.0506581 0.0485997 0.0467646 0.0451111 0.0433832 0.0411235 0.0378167 0.0331436 0.0272182 0.0206393
 0.00723456 0.0115476 0.0170025 0.0234379 0.0306026 0.0380853 0.0452637 0.0514164 0.0559753 0.0587155 0.0597471 0.0593688 0.0579325 0.0557778 0.0532122 0.0505006 0.0478532 0.0453993 0.0431379 0.0408841 0.0382665 0.0348414 0.0303155 0.0247689 0.0187128
 0.00753212 0.0120204 0.0176939 0.0243822 0.03182 0.0395753 0.0469957 0.0533255 0.0579686 0.0606866 0.0615891 0.0609825 0.059229 0.0566804 0.0536565 0.0504335 0.0472307 0.044191 0.0413433 0.0385595 0.0355498 0.0319522 0.02752 0.0223153 0.0167671
 0.00781552 0.012475 0.0183667 0.0253127 0.0330334 0.0410712 0.0487364 0.0552327 0.0599341 0.0625928 0.0633285 0.0624667 0.0603888 0.057461 0.0540121 0.0503226 0.0466154 0.0430413 0.0396528 0.0363697 0.032976 0.0291907 0.0248215 0.0199249 0.0148575
 0.00819852 0.0130751 0.0192279 0.0264617 0.034476 0.0427879 0.0506744 0.0573016 0.0620134 0.0645507 0.0650425 0.063839 0.0613532 0.0579813 0.0540739 0.0499216 0.0457473 0.0417005 0.0378436 0.0341308 0.0304073 0.0264665 0.0221703 0.0175766 0.0129781
 0.00846369 0.0135039 0.0198688 0.0273573 0.0356541 0.0442481 0.0523748 0.0591561 0.0639049 0.0663545 0.0666461 0.0651522 0.0623086 0.0585334 0.0541967 0.0496048 0.0449905 0.0405094 0.0362338 0.0321438 0.0281327 0.0240547 0.0198191 0.0154877 0.0113002
 0.00869731 0.0138846 0.0204435 0.0281703 0.0367395 0.0456158 0.0539954 0.0609542 0.0657666 0.0681467 0.0682395 0.0664385 0.0632113 0.0590093 0.0542315 0.0492042 0.0441709 0.0392931 0.0346513 0.0302455 0.0260057 0.0218333 0.0176749 0.0135937 0.00978329
 0.0089534 0.014293 0.0210438 0.0289949 0.0378085 0.0469293 0.0555237 0.0626313 0.067495 0.0698112 0.069723 0.0676361 0.064041 0.0594189 0.0542009 0.048741 0.0433021 0.0380565 0.0330934 0.0284278 0.0240162 0.0197943 0.0157345 0.0118969 0.00843333
 0.00909907 0.0145404 0.0214356 0.029577 0.03862 0.0479867 0.0568054 0.0640739 0.0690037 0.0712792 0.071049 0.0687333 0.0648398 0.0598683 0.0542703 0.0484218 0.0426065 0.0370153 0.0317538 0.0268546 0.022297 0.018042 0.0140777 0.0104566 0.00729293
 0.00911233 0.0145722 0.0215036 0.029708 0.0388485 0.0483497 0.0573348 0.0647861 0.0698902 0.0723002 0.0721345 0.069793 0.0657786 0.0606011 0.0547312 0.0485675 0.0424175 0.0364954 0.030931 0.0257824 0.021055 0.0167329 0.0128162 0.00934823 0.00640998
 0.0091368 0.0146011 0.0215283 0.0297166 0.0388332 0.0483171 0.057313 0.0648237 0.070044 0.0726168 0.0726325 0.0704529 0.0665427 0.0613837 0.0554348 0.0491007 0.0427094 0.0365043 0.0306489 0.0252361 0.0203052 0.0158675 0.0119372 0.00855106 0.00576245
 0.00920941 0.0146983 0.0216356 0.0298067 0.0388728 0.0482786 0.0571867 0.064625 0.0698146 0.072419 0.0725368 0.0705198 0.0668025 0.0618231 0.0559954 0.0496914 0.0432277 0.0368598 0.0307815 0.0251271 0.0199798 0.0153883 0.0113888 0.00801906 0.00531229
 0.00945397 0.0150636 0.0221241 0.0303959 0.0395172 0.0489158 0.0577447 0.065032 0.0700143 0.072389 0.0723008 0.0701451 0.0663819 0.0614471 0.0557252 0.0495424 0.0431685 0.0368264 0.0307023 0.0249481 0.0196823 0.014993 0.0109465 0.00759093 0.00494913
 0.00956918 0.0152516 0.0224071 0.0307917 0.0400312 0.0495308 0.0584127 0.065676 0.0705442 0.0727257 0.0723987 0.0700036 0.0660446 0.0609894 0.0552347 0.0490944 0.0428058 0.0365504 0.0304798 0.0247317 0.0194338 0.014701 0.0106281 0.00728102 0.00468265
 0.00965974 0.015387 0.0225896 0.031018 0.0402963 0.0498325 0.0587522 0.0660517 0.0709416 0.0731098 0.0727168 0.0701988 0.0660762 0.0608495 0.0549528 0.0487276 0.0424184 0.036192 0.0301715 0.0244665 0.0191906 0.0144618 0.0103904 0.0070573 0.00449121
 0.00962404 0.0153373 0.0225302 0.0309579 0.040247 0.0498043 0.0587526 0.0660869 0.0710189 0.0732379 0.0728991 0.0704251 0.066317 0.0610621 0.0550964 0.0487808 0.042386 0.0360995 0.0300496 0.0243366 0.0190602 0.0143298 0.0102566 0.00692765 0.00437632
 0.00968925 0.0154416 0.0226836 0.0311678 0.0405158 0.0501261 0.0591096 0.0664494 0.07135 0.0735025 0.0730737 0.0705019 0.0663027 0.0609697 0.0549381 0.0485645 0.04212 0.0357977 0.0297329 0.0240285 0.0187793 0.0140862 0.0100532 0.00676432 0.00425168
 0.00959901 0.0153065 0.0225025 0.0309491 0.0402772 0.0498932 0.0589134 0.066322 0.0713176 0.0735772 0.0732482 0.0707514 0.0665921 0.0612632 0.0552053 0.0487834 0.0422768 0.0358872 0.0297588 0.0240027 0.0187185 0.0140075 0.00997088 0.00668834 0.00418837
 0.00956746 0.0152439 0.0223883 0.0307593 0.0399932 0.0495142 0.0584664 0.0658619 0.0709145 0.0732966 0.0731338 0.0708159 0.0668178 0.061609 0.0556184 0.0492103 0.0426725 0.0362205 0.0300138 0.0241775 0.018822 0.0140555 0.00998112 0.00667731 0.00416886
 0.00956399 0.0152324 0.0223596 0.0306992 0.0398835 0.0493365 0.0582078 0.0655228 0.0705156 0.0728817 0.0727641 0.0705555 0.0667146 0.0616806 0.0558474 0.0495525 0.0430703 0.0366178 0.0303671 0.0244608 0.0190273 0.0141887 0.0100568 0.00671293 0.00418053
 0.00948203 0.0151113 0.0221995 0.0305073 0.0396707 0.0491122 0.0579762 0.0652832 0.0702661 0.0726254 0.0725143 0.0703392 0.0665691 0.0616437 0.0559438 0.0497822 0.0434066 0.037014 0.0307701 0.0248252 0.0193237 0.0144068 0.0102018 0.0067994 0.00422626
 0.00942061 0.0150132 0.0220557 0.0303123 0.0394251 0.048826 0.0576707 0.0649872 0.070008 0.0724232 0.0723717 0.0702499 0.0665272 0.061652 0.0560148 0.0499309 0.0436383 0.0373164 0.031113 0.0251689 0.0196313 0.0146539 0.0103803 0.00691548 0.00429395
 0.00942243 0.0150107 0.0220416 0.030276 0.0393547 0.048712 0.0575103 0.0647872 0.0697845 0.0721988 0.0721702 0.0700899 0.0664184 0.0615964 0.0560117 0.0499814 0.0437458 0.0374811 0.0313256 0.0254082 0.0198691 0.0148635 0.0105447 0.00703041 0.00436555
 0.00939299 0.0149569 0.0219497 0.0301301 0.0391409 0.0484251 0.0571596 0.0643981 0.069394 0.0718475 0.0718942 0.0699153 0.0663582 0.0616496 0.0561648 0.0502135 0.0440346 0.0378062 0.0316686 0.0257499 0.0201884 0.01514 0.0107643 0.00718873 0.00446858
 0.00936664 0.0149195 0.0219031 0.0300773 0.0390833 0.0483581 0.0570715 0.0642733 0.0692214 0.0716289 0.0716481 0.0696733 0.0661562 0.0615178 0.0561211 0.050261 0.0441636 0.037999 0.0319034 0.0260038 0.0204388 0.0153665 0.0109515 0.0073292 0.00456368
 0.00938352 0.0149409 0.0219242 0.0300908 0.0390815 0.048337 0.0570321 0.0642198 0.0691559 0.071548 0.0715442 0.0695415 0.0660018 0.061359 0.0559845 0.0501729 0.0441413 0.0380462 0.032011 0.0261536 0.0206084 0.0155337 0.0110982 0.00744471 0.00464515
 0.00927837 0.0147739 0.0216808 0.0297613 0.0386647 0.0478447 0.0564939 0.0636832 0.0686791 0.0711862 0.0713356 0.0694985 0.0661109 0.0615889 0.0562986 0.0505398 0.044539 0.0384595 0.0324264 0.0265553 0.020978 0.0158538 0.0113565 0.00763682 0.00477589
 0.00915055 0.0145859 0.021434 0.0294685 0.0383445 0.0475137 0.0561617 0.0633547 0.0683613 0.0708949 0.0710968 0.069343 0.0660643 0.0616623 0.0564851 0.0508173 0.0448788 0.0388335 0.0328108 0.0269298 0.0213245 0.0161561 0.0116026 0.007822 0.00490338
 0.00918868 0.0146272 0.0214587 0.0294475 0.0382493 0.0473309 0.0559029 0.0630534 0.0680587 0.0706226 0.0708692 0.0691627 0.0659331 0.0615883 0.0564805 0.0508908 0.0450286 0.0390465 0.0330658 0.0272029 0.0215926 0.0163995 0.0118067 0.00797925 0.00501393
 0.00913461 0.0145429 0.0213378 0.0292842 0.0380372 0.0470622 0.0555716 0.0626631 0.0676297 0.0701954 0.0704969 0.0688955 0.0658024 0.0616003 0.0566212 0.0511366 0.0453538 0.0394258 0.033473 0.0276108 0.0219748 0.0167338 0.0120785 0.0081834 0.00515457
 0.00902499 0.0143808 0.0211236 0.0290285 0.0377571 0.0467754 0.0552909 0.0623945 0.0673744 0.0699531 0.0702726 0.0687037 0.0656679 0.061551 0.0566774 0.051303 0.0456186 0.0397651 0.0338568 0.0280075 0.0223544 0.0170709 0.0123555 0.0083929 0.00529958
 0.0090872 0.0144571 0.0211933 0.0290585 0.0377131 0.0466376 0.0550662 0.0621148 0.0670823 0.0696838 0.0700427 0.0685137 0.0655127 0.0614316 0.0566053 0.0512956 0.0456897 0.0399167 0.0340766 0.0282717 0.0226333 0.0173356 0.0125835 0.0085713 0.0054262
 0.00915346 0.0145682 0.0213649 0.029302 0.038027 0.0469976 0.0554207 0.0623948 0.0672245 0.0696561 0.069855 0.0682084 0.0651438 0.0610463 0.0562386 0.0509734 0.0454332 0.0397422 0.0339907 0.028268 0.0226932 0.017433 0.0126918 0.00866992 0.00550348
 0.00915114 0.014573 0.0213884 0.0293616 0.0381428 0.0471855 0.0556847 0.0627186 0.0675691 0.0699638 0.0700642 0.0682735 0.0650511 0.0608179 0.0559208 0.0506207 0.0450943 0.0394534 0.0337747 0.028133 0.0226334 0.0174315 0.012726 0.00871784 0.00554908
 0.00921699 0.014658 0.0214764 0.0294266 0.0381588 0.0471421 0.0555975 0.062627 0.0675202 0.0699905 0.0701689 0.0684255 0.0651995 0.0609123 0.0559313 0.0505464 0.0449598 0.0392961 0.0336308 0.0280279 0.0225775 0.017421 0.0127474 0.00875449 0.00558682
 0.00931594 0.0148126 0.0216959 0.0297113 0.038496 0.0475022 0.0559346 0.062889 0.0676669 0.0700117 0.0700886 0.068288 0.0650448 0.0607577 0.0557704 0.0503621 0.044742 0.0390517 0.0333823 0.0278032 0.0223989 0.0172978 0.0126759 0.0087221 0.00557826
 0.00937865 0.0149149 0.0218505 0.0299297 0.0387855 0.0478607 0.0563446 0.0633147 0.0680574 0.0703121 0.0702554 0.0683032 0.0649211 0.0605314 0.0554839 0.0500488 0.0444202 0.0387303 0.0330704 0.0275152 0.0221521 0.0171055 0.0125415 0.00863895 0.00553345
 0.0093756 0.0149158 0.0218628 0.029965 0.0388578 0.0479831 0.0565252 0.0635528 0.0683411 0.0706165 0.0705445 0.0685356 0.0650607 0.0605584 0.055401 0.0498776 0.0441913 0.038473 0.0328079 0.0272657 0.0219307 0.016924 0.0124062 0.00854833 0.00547959
 0.00925659 0.0147538 0.0216775 0.0297946 0.0387488 0.0479742 0.0566338 0.0637714 0.0686437 0.0709685 0.0709092 0.0688772 0.0653453 0.0607566 0.0554932 0.0498598 0.0440762 0.0382864 0.0325813 0.0270294 0.0217094 0.0167352 0.0122593 0.00844472 0.00541384
 0.00907416 0.0144805 0.0213108 0.0293515 0.0382665 0.0475064 0.0562454 0.0635278 0.0685943 0.0711298 0.0712573 0.0693551 0.0658809 0.0612809 0.0559519 0.0502173 0.0443171 0.0384139 0.0326139 0.0269948 0.0216373 0.0166516 0.0121827 0.00838491 0.00537318
 0.00884966 0.0141265 0.0208001 0.02867 0.0374204 0.0465318 0.0552161 0.0625533 0.0678015 0.0706328 0.0711278 0.0696051 0.0664626 0.0621017 0.0568979 0.0511778 0.0452036 0.0391693 0.0332136 0.0274406 0.0219491 0.0168576 0.0123118 0.00846217 0.0054174
 0.00885131 0.0141058 0.0207255 0.0284971 0.0371023 0.0460366 0.0545443 0.0617466 0.066939 0.0698181 0.0704707 0.0692008 0.0663711 0.0623329 0.0574082 0.0518819 0.0459962 0.0399508 0.0339084 0.0280064 0.0223751 0.0171559 0.012507 0.00858182 0.00548626
 0.0089395 0.0142278 0.0208681 0.0286304 0.037183 0.046015 0.0543743 0.061397 0.0664054 0.0691334 0.0697078 0.0684633 0.0657715 0.0619658 0.0573262 0.0520832 0.0464272 0.0405228 0.0345233 0.0285804 0.0228542 0.0175188 0.0127586 0.00874235 0.00558078
 0.00895272 0.0142643 0.0209492 0.0287815 0.0374213 0.046334 0.0547312 0.0617152 0.0665942 0.0691172 0.0694523 0.0679889 0.065151 0.0613068 0.0567452 0.0516751 0.0462414 0.0405541 0.03472 0.0288668 0.0231561 0.0177828 0.0129591 0.00887733 0.00566227
 0.00862884 0.0137795 0.0202989 0.0279936 0.036554 0.0454674 0.0539564 0.0611195 0.0662392 0.0690179 0.0695701 0.0682474 0.0654688 0.0616301 0.0570635 0.052015 0.0466436 0.0410456 0.0352949 0.0294852 0.0237582 0.0183116 0.0133779 0.00917695 0.00585601
 0.00839603 0.0134071 0.0197516 0.0272475 0.0356071 0.0443535 0.0527565 0.0599582 0.0652612 0.068349 0.0692824 0.0683425 0.0658842 0.0622651 0.0578138 0.052803 0.047431 0.0418251 0.0360684 0.0302427 0.0244705 0.0189388 0.0138862 0.00955208 0.00610666
 0.00798786 0.0127998 0.0189414 0.0262647 0.034504 0.0431856 0.0515728 0.0588068 0.0642028 0.0674652 0.068668 0.0680822 0.0660241 0.0627928 0.0586589 0.0538594 0.0485885 0.0429955 0.0371938 0.0312866 0.0254047 0.0197362 0.0145252 0.0100256 0.00642733
 0.00748458 0.0120431 0.0179183 0.0250076 0.0330851 0.0417036 0.0501389 0.0575308 0.0631746 0.0667387 0.0682586 0.0679826 0.0662251 0.0632909 0.0594449 0.0548991 0.0498154 0.0443198 0.0385228 0.0325412 0.0265256 0.0206838 0.015278 0.0105818 0.00680527
#obs surv len freq
 nan nan nan nan nan nan nan nan nan nan nan nan nan nan nan nan nan nan nan nan nan nan nan nan nan
 0.00448413 0.00734536 0.0111754 0.0159921 0.0216935 0.0279699 0.0342848 0.0400165 0.0446961 0.0481596 0.0505168 0.0520118 0.0529032 0.0534148 0.0537284 0.0539828 0.0542611 0.0545536 0.0546922 0.054284 0.0527221 0.0493543 0.0438043 0.0362846 0.0276686
 0.00461649 0.00756152 0.0115022 0.0164542 0.0223074 0.0287348 0.0351733 0.0409721 0.0456407 0.0490084 0.0511947 0.0524642 0.0531016 0.0533575 0.0534365 0.0534926 0.0536151 0.0537942 0.053858 0.0534117 0.0518501 0.0485253 0.0430625 0.0356676 0.027197
 0.00477721 0.0078263 0.0119072 0.0170349 0.0230916 0.0297307 0.0363573 0.042284 0.0469902 0.0502911 0.0523075 0.0533186 0.0536318 0.0535263 0.0532377 0.0529491 0.0527724 0.0527116 0.0526016 0.0520517 0.0504618 0.0471894 0.0418592 0.034663 0.0264278
 0.0049736 0.00814593 0.0123891 0.0177163 0.0240014 0.0308789 0.0377238 0.0438123 0.048593 0.0518627 0.0537389 0.0545066 0.0544874 0.0539807 0.0532487 0.0525056 0.0518956 0.0514526 0.0510371 0.0502796 0.048598 0.0453617 0.040194 0.0332638 0.0253526
 0.00517892 0.00848373 0.0129049 0.018455 0.0249984 0.0321467 0.0392377 0.0455063 0.0503698 0.053612 0.0553533 0.0558892 0.0555517 0.0546512 0.0534637 0.0522231 0.0511013 0.0501673 0.0493223 0.0482395 0.0463765 0.0431306 0.0381288 0.0315108 0.0239971
 0.00541272 0.00886394 0.0134776 0.0192637 0.026077 0.0335069 0.0408562 0.0473185 0.0522768 0.0554984 0.0571042 0.0574015 0.0567382 0.0554394 0.0537931 0.0520445 0.0503816 0.0488998 0.0475419 0.0460367 0.0439027 0.0405866 0.035733 0.0294525 0.0223925
 0.0056452 0.00924826 0.0140677 0.0201134 0.0272289 0.0349753 0.0426098 0.0492765 0.0543221 0.0575019 0.0589459 0.0589807 0.0579738 0.0562659 0.0541562 0.0518984 0.0496892 0.0476416 0.0457328 0.0437481 0.0412781 0.0378369 0.0331034 0.027166 0.020594
 0.00587354 0.00962273 0.0146377 0.0209283 0.0283294 0.0363801 0.0443001 0.0511882 0.056352 0.0595251 0.0608355 0.0606221 0.059273 0.0571514 0.0545752 0.0518099 0.0490602 0.0464501 0.0439839 0.0414979 0.0386559 0.0350485 0.0304012 0.0247899 0.018708
 0.00613802 0.010051 0.0152791 0.0218276 0.0295187 0.0378662 0.0460508 0.0531281 0.058373 0.0615064 0.0626617 0.0621926 0.0605044 0.0579768 0.054943 0.0516809 0.0484047 0.0452494 0.0422418 0.0392628 0.0360455 0.032258 0.0276787 0.0223791 0.0167819
 0.00638423 0.0104586 0.0159056 0.02273 0.0307408 0.0394185 0.0478926 0.0551631 0.0604666 0.0635152 0.0644599 0.0636843 0.0616225 0.0586762 0.0551923 0.0514558 0.0476845 0.0440203 0.0405079 0.0370678 0.0334967 0.0295363 0.0250185 0.0200158 0.0148861
 0.00660217 0.010816 0.0164499 0.0235084 0.0317926 0.0407619 0.0495096 0.0569903 0.0624007 0.065429 0.0662224 0.0651785 0.0627577 0.0593925 0.0554571 0.0512545 0.0470108 0.0428726 0.0388971 0.0350364 0.0311416 0.0270207 0.0225556 0.0178216 0.0131203
 0.00683571 0.0111979 0.0170283 0.024329 0.0328889 0.0421406 0.0511362 0.058786 0.0642542 0.067219 0.0678361 0.0665215 0.0637557 0.0599915 0.0556233 0.0509729 0.0462805 0.0417031 0.037311 0.0330822 0.028912 0.0246638 0.0202622 0.0157851 0.0114832
 0.00707346 0.0115874 0.0176199 0.0251703 0.0340144 0.0435555 0.0528002 0.060609 0.06611 0.0689716 0.0693644 0.0677332 0.0645906 0.0604172 0.055628 0.0505581 0.0454561 0.0404866 0.0357317 0.0311924 0.0268013 0.0224671 0.0181481 0.0139214 0.00999204
 0.00727817 0.0119265 0.0181418 0.0259233 0.0350366 0.0448581 0.054351 0.0623268 0.067876 0.070652 0.0708343 0.0688924 0.0653709 0.0607832 0.055573 0.0500954 0.0446107 0.0392892 0.0342213 0.0294249 0.0248624 0.0204776 0.0162542 0.0122655 0.00867483
 0.00745603 0.0122186 0.0185868 0.0265596 0.035895 0.04595 0.0556562 0.0637872 0.0694012 0.0721345 0.0721654 0.0699756 0.0661308 0.0611714 0.0555692 0.0497046 0.0438563 0.0382077 0.0328593 0.0278437 0.0231452 0.0187333 0.0146089 0.0108377 0.00754582
 0.00753809 0.0123539 0.0187946 0.0268609 0.0363104 0.0464964 0.0563406 0.0646024 0.0703234 0.0731232 0.0731646 0.0709171 0.0669396 0.0617745 0.0559057 0.0497334 0.043561 0.0375963 0.0319633 0.0267173 0.0218659 0.0174007 0.0133339 0.00972254 0.00666022
 0.00760139 0.0124517 0.018933 0.0270431 0.0365386 0.0467733 0.0566702 0.0649894 0.0707718 0.0736335 0.07373 0.0715182 0.0675413 0.0623258 0.0563446 0.0499973 0.0435983 0.0373765 0.0314842 0.0260082 0.0209873 0.016438 0.0123848 0.00887758 0.00598206
 0.0076813 0.0125746 0.0191046 0.0272636 0.0368021 0.0470681 0.0569801 0.0652964 0.0710615 0.0739008 0.0739812 0.0717665 0.0677975 0.0625878 0.0565915 0.0501898 0.0436862 0.0373121 0.0312363 0.025574 0.0203976 0.0157543 0.0116863 0.0082415 0.00546428
 0.00773691 0.0126588 0.0192194 0.0274067 0.0369674 0.0472469 0.0571623 0.0654716 0.0712206 0.0740391 0.0741004 0.0718753 0.0679086 0.062712 0.0567307 0.0503307 0.043799 0.0373559 0.0311712 0.0253756 0.020069 0.0153293 0.0112212 0.00779857 0.00509279
 0.00779721 0.0127514 0.0193485 0.0275717 0.0371625 0.0474609 0.057379 0.0656713 0.0713846 0.0741547 0.074165 0.0718964 0.0679007 0.0626926 0.0567146 0.0503248 0.0437979 0.0373403 0.0311128 0.0252479 0.0198601 0.01505 0.010904 0.00748665 0.00482453
 0.00782277 0.0127917 0.0194067 0.0276498 0.0372605 0.047576 0.0575049 0.0657985 0.0715017 0.0742513 0.0742343 0.0719365 0.067915 0.0626887 0.0567021 0.0503121 0.0437879 0.0373276 0.031083 0.0251827 0.0197458 0.0148863 0.010707 0.00728369 0.00464342
 0.0078635 0.0128522 0.0194871 0.0277465 0.0373674 0.0476864 0.0576129 0.0658987 0.0715895 0.0743222 0.0742842 0.0719626 0.0679167 0.0626682 0.0566646 0.0502647 0.0437369 0.0372757 0.0310268 0.0251138 0.0196549 0.0147701 0.0105719 0.00714461 0.00451791
 0.00787569 0.0128694 0.019508 0.0277682 0.0373857 0.0476973 0.0576139 0.0658903 0.0715753 0.0743086 0.0742789 0.0719715 0.0679414 0.0627055 0.0567081 0.0503074 0.0437737 0.0373028 0.031041 0.0251106 0.01963 0.0147218 0.0105042 0.00706735 0.00444334
 0.00790219 0.0129068 0.0195537 0.027816 0.0374272 0.0477249 0.0576222 0.0658779 0.0715446 0.0742652 0.0742309 0.0719283 0.0679114 0.0626942 0.0567162 0.050331 0.0438057 0.0373353 0.0310668 0.0251239 0.0196268 0.0147008 0.010468 0.00702222 0.00439756
 0.0079048 0.0129118 0.0195625 0.0278296 0.0374454 0.0477446 0.0576375 0.0658814 0.0715301 0.0742316 0.074183 0.0718758 0.0678658 0.0626649 0.0567086 0.0503453 0.0438375 0.0373772 0.0311098 0.0251597 0.0196493 0.0147073 0.0104595 0.0070031 0.00437404
 0.007884 0.012875 0.0195021 0.0277378 0.0373175 0.0475832 0.0574557 0.0657006 0.071375 0.0741213 0.0741268 0.0718733 0.0679104 0.0627479 0.0568215 0.0504799 0.0439849 0.0375273 0.0312524 0.0252849 0.0197498 0.0147794 0.010504 0.00702495 0.00438032
 0.00788416 0.0128694 0.0194826 0.0276931 0.0372353 0.0474554 0.0572823 0.0654928 0.0711541 0.0739148 0.0739625 0.0717725 0.0678835 0.062793 0.0569267 0.0506284 0.0441592 0.0377111 0.0314313 0.0254469 0.0198858 0.0148841 0.010577 0.00706999 0.00440421
 0.0078929 0.0128823 0.0194993 0.0277111 0.0372496 0.0474572 0.0572603 0.0654355 0.0710543 0.073775 0.0737969 0.071605 0.0677414 0.0626992 0.0568938 0.0506566 0.0442384 0.0378252 0.0315624 0.0255785 0.0200045 0.0149813 0.010649 0.00711781 0.00443228
 0.00787461 0.0128547 0.0194618 0.0276646 0.0371962 0.0473998 0.0572015 0.0653769 0.0709952 0.073713 0.0737292 0.0715316 0.0676684 0.0626383 0.0568599 0.0506618 0.0442874 0.0379136 0.0316779 0.0257051 0.0201266 0.0150868 0.0107311 0.0071754 0.0044685
 0.00786247 0.0128304 0.0194172 0.0275902 0.0370847 0.0472508 0.0570253 0.0651937 0.0708296 0.0735854 0.0736502 0.0715007 0.0676771 0.0626766 0.0569205 0.0507425 0.0443889 0.0380357 0.0318165 0.0258509 0.0202673 0.0152106 0.0108301 0.00724714 0.00451538
 0.0078492 0.0128088 0.0193843 0.0275426 0.0370182 0.0471611 0.0569093 0.0650522 0.0706704 0.0734238 0.073507 0.0713962 0.0676247 0.0626791 0.0569712 0.0508299 0.0445018 0.0381656 0.0319564 0.0259937 0.0204043 0.0153327 0.0109301 0.00732158 0.0045655
 0.00780587 0.0127386 0.0192795 0.0273969 0.0368293 0.0469331 0.0566551 0.0647928 0.0704302 0.0732249 0.0733653 0.0713212 0.0676205 0.062745 0.057101 0.0510113 0.0447183 0.0383993 0.0321913 0.0262165 0.0206046 0.0155026 0.0110648 0.00742036 0.00463182
 0.00777443 0.0126857 0.0191964 0.0272747 0.036661 0.0467171 0.0563989 0.0645137 0.0701534 0.0729782 0.0731734 0.0712017 0.067582 0.0627877 0.0572179 0.0511903 0.0449434 0.0386519 0.032452 0.0264676 0.0208312 0.0156943 0.0112161 0.007531 0.00470615
 0.00773952 0.012629 0.0191112 0.0271548 0.0365015 0.0465169 0.0561623 0.0642523 0.0698852 0.0727254 0.0729595 0.0710478 0.0675041 0.0627936 0.0573068 0.0513529 0.0451641 0.038911 0.032728 0.0267393 0.0210801 0.0159067 0.0113845 0.00765431 0.00478906
 0.00769252 0.012552 0.0189946 0.0269897 0.0362827 0.046246 0.0558511 0.0639229 0.0695657 0.0724445 0.0727401 0.070906 0.0674488 0.0628279 0.0574277 0.0515515 0.0454255 0.0392153 0.033052 0.0270592 0.0213742 0.0161583 0.0115841 0.00780052 0.00488726
 0.00770818 0.0125704 0.0190088 0.0269883 0.0362519 0.0461733 0.0557295 0.0637532 0.0693571 0.0722127 0.0725062 0.0706929 0.0672778 0.0627163 0.0573866 0.051585 0.04553 0.03938 0.0332596 0.027288 0.0216015 0.016364 0.0117542 0.00792897 0.00497555
 0.00766152 0.0125061 0.0189331 0.026913 0.0361893 0.0461293 0.0556987 0.0637202 0.0693035 0.0721264 0.0723871 0.0705527 0.0671369 0.0625969 0.0573086 0.0515621 0.0455686 0.0394778 0.0334064 0.0274667 0.0217915 0.0165447 0.0119093 0.00804941 0.00506013
 0.00764076 0.01247 0.0188753 0.026828 0.0360764 0.0459965 0.0555641 0.0636072 0.069231 0.0720986 0.0723908 0.0705655 0.0671388 0.0625811 0.0572824 0.0515424 0.0455735 0.0395202 0.0334898 0.0275848 0.0219302 0.0166864 0.0120376 0.00815325 0.00513538
 0.00762821 0.0124484 0.0188403 0.0267746 0.0359995 0.0458927 0.0554346 0.06346 0.0690819 0.0719686 0.0722996 0.0705238 0.0671442 0.0626194 0.0573363 0.0516004 0.0456339 0.0395892 0.0335749 0.0276889 0.0220488 0.0168087 0.0121509 0.00824715 0.00520496
 0.00759595 0.0124011 0.0187786 0.0267019 0.0359205 0.0458112 0.0553517 0.063375 0.0689937 0.0718792 0.0722161 0.0704574 0.0671068 0.0626182 0.0573707 0.0516624 0.045713 0.0396774 0.0336694 0.0277894 0.022154 0.0169137 0.0122479 0.00832852 0.00526637
 0.00757291 0.0123617 0.0187162 0.0266102 0.0357963 0.0456583 0.0551824 0.0632087 0.0688509 0.0717742 0.0721535 0.0704338 0.0671161 0.0626564 0.0574355 0.0517518 0.0458224 0.0398001 0.0337977 0.0279173 0.0222765 0.0170265 0.0123463 0.00840848 0.0053258
 0.00756631 0.0123499 0.0186959 0.0265776 0.0357466 0.0455869 0.0550871 0.0630914 0.0687195 0.0716421 0.0720369 0.0703475 0.067069 0.0626496 0.0574651 0.0518114 0.0459056 0.0399005 0.0339088 0.028032 0.0223882 0.0171292 0.0124349 0.00847965 0.00537837
 0.00757069 0.012358 0.01871 0.0265995 0.035777 0.0456231 0.0551223 0.0631149 0.0687196 0.0716106 0.0719725 0.0702576 0.0669674 0.0625529 0.0573876 0.0517618 0.0458866 0.0399098 0.0339415 0.0280816 0.0224474 0.0171907 0.0124925 0.00852837 0.00541572
 0.00754765 0.0123233 0.0186631 0.0265421 0.0357132 0.0455591 0.0550651 0.0630712 0.0686934 0.071601 0.0719739 0.0702616 0.0669674 0.0625473 0.0573804 0.0517606 0.0458987 0.0399396 0.0339887 0.0281422 0.0225152 0.0172585 0.012554 0.00857909 0.00545372
 0.00753945 0.0123094 0.018641 0.0265096 0.0356691 0.0455045 0.0550044 0.0630118 0.0686441 0.0715688 0.0719617 0.070267 0.0669841 0.0625676 0.0573986 0.0517751 0.0459126 0.0399581 0.0340163 0.0281804 0.0225616 0.0173084 0.0126016 0.00861984 0.00548497
 0.00753026 0.012296 0.0186236 0.0264892 0.0356467 0.0454804 0.0549781 0.0629824 0.0686117 0.0715359 0.0719325 0.0702468 0.0669761 0.0625717 0.0574118 0.051793 0.0459319 0.0399782 0.0340389 0.0282076 0.0225941 0.0173443 0.0126373 0.00865147 0.00550995
 0.00750318 0.0122531 0.0185614 0.0264058 0.0355429 0.045361 0.0548523 0.0628633 0.0685126 0.0714671 0.071899 0.0702482 0.0670088 0.0626303 0.0574899 0.0518834 0.0460273 0.0400723 0.0341275 0.0282887 0.0226669 0.0174081 0.0126912 0.00869429 0.00554139
 0.00748485 0.0122237 0.0185179 0.0263457 0.0354648 0.0452655 0.0547433 0.0627481 0.0684017 0.0713722 0.0718306 0.0702132 0.0670097 0.0626652 0.0575531 0.0519676 0.0461242 0.040174 0.0342272 0.0283813 0.0227492 0.0174782 0.0127481 0.00873798 0.00557262
 0.00750433 0.0122489 0.0185441 0.0263642 0.0354657 0.0452409 0.0546904 0.0626704 0.0683071 0.0712709 0.0717333 0.0701299 0.0669487 0.0626323 0.0575505 0.0519936 0.0461736 0.0402396 0.0343012 0.0284563 0.0228194 0.0175396 0.0127984 0.00877653 0.00560001
 0.00750433 0.0122489 0.0185441 0.0263642 0.0354657 0.0452409 0.0546904 0.0626704 0.0683071 0.0712709 0.0717333 0.0701299 0.0669487 0.0626323 0.0575505 0.0519936 0.0461736 0.0402396 0.0343012 0.0284563 0.0228194 0.0175396 0.0127984 0.00877653 0.00560001
 0.0073635 0.0120313 0.0182379 0.0259672 0.0349862 0.044699 0.0541199 0.0621177 0.0678264 0.0709131 0.0715354 0.070108 0.0670967 0.0629252 0.0579519 0.0524626 0.0466715 0.040733 0.0347634 0.0288681 0.0231681 0.0178194 0.01301 0.00892625 0.00569835
 0.00725855 0.0118475 0.0179383 0.0255127 0.0343488 0.0438807 0.0531675 0.0611227 0.0669039 0.070172 0.0710536 0.0699223 0.0672056 0.0632972 0.0585345 0.0531913 0.0474785 0.041555 0.0355472 0.0295732 0.0237679 0.018301 0.0133732 0.00918183 0.00586497
 0.00723699 0.0118065 0.0178643 0.025386 0.0341435 0.0435688 0.0527259 0.0605447 0.0662115 0.0694221 0.0703328 0.0693285 0.0668228 0.0631749 0.0586795 0.0535721 0.0480372 0.0422209 0.0362489 0.0302483 0.0243691 0.0187988 0.0137564 0.00945505 0.0060445
 0.00726801 0.0118575 0.0179413 0.0254921 0.0342755 0.0437109 0.0528465 0.0605978 0.0661463 0.0692001 0.0699455 0.0688084 0.0662415 0.062627 0.0582567 0.0533386 0.0480148 0.0423894 0.0365577 0.0306329 0.0247672 0.0191614 0.0140534 0.00967581 0.00619362
#pred catch len freq
 0.0045511 0.00717882 0.0104273 0.0141997 0.0184353 0.023095 0.0280895 0.0332387 0.0383019 0.0430391 0.0472501 0.0507917 0.0535894 0.0556401 0.0570015 0.0577741 0.0580867 0.0580668 0.057767 0.0570464 0.0554789 0.0524165 0.0472868 0.0400084 0.0312392
 0.00472603 0.0073913 0.0106178 0.0142775 0.018315 0.0227469 0.0275726 0.0326876 0.0378686 0.0428234 0.0472626 0.0509692 0.0538457 0.0559191 0.0573016 0.0581357 0.0585509 0.0586275 0.0583434 0.0574969 0.0556565 0.0522403 0.046787 0.0393152 0.0305217
 0.00497491 0.00777465 0.0111498 0.0149435 0.0190593 0.0234666 0.0281281 0.0329411 0.0377456 0.0423617 0.0466085 0.0503126 0.0533348 0.0556117 0.0571778 0.0581474 0.0586608 0.0588101 0.0585572 0.0576622 0.055669 0.0520195 0.0463256 0.038692 0.0298655
 0.00522948 0.00817506 0.0117281 0.015722 0.0200475 0.0246523 0.029461 0.0343154 0.038998 0.0433007 0.0470745 0.0502443 0.0528011 0.054783 0.0562503 0.05727 0.0579035 0.0581745 0.0580019 0.0571215 0.0550701 0.0513097 0.0455036 0.0378194 0.029043
 0.00551304 0.00861646 0.0123574 0.0165585 0.0211018 0.0259282 0.0309497 0.0359824 0.0407666 0.0450402 0.048603 0.0513578 0.0533294 0.0546515 0.0555132 0.0560887 0.05648 0.0566786 0.0565292 0.0556952 0.0536724 0.0499243 0.044149 0.0365573 0.0279561
 0.00582744 0.00910283 0.0130446 0.0174603 0.0222206 0.0272589 0.0324788 0.0376828 0.0425907 0.0469134 0.0504171 0.0529667 0.0545578 0.055325 0.0555081 0.0553783 0.0551503 0.0548983 0.0544894 0.0535554 0.0515416 0.0478777 0.0422565 0.034897 0.0266005
 0.00616824 0.00963103 0.0137924 0.0184434 0.0234403 0.0287045 0.0341264 0.0394905 0.0444978 0.0488435 0.0522812 0.0546631 0.0559681 0.0563143 0.0559371 0.0551338 0.0541848 0.0532575 0.0523093 0.0510284 0.0488738 0.0452594 0.0398512 0.0328348 0.0249652
 0.00650975 0.0101644 0.0145554 0.0194596 0.0247191 0.0302409 0.0358955 0.0414416 0.0465537 0.0509071 0.0542463 0.0564235 0.0574223 0.0573636 0.056482 0.0550762 0.0534445 0.0518032 0.0501897 0.0483841 0.0459214 0.0422548 0.0370438 0.0304252 0.0230724
 0.00686243 0.0107122 0.0153339 0.0204887 0.0260061 0.0317825 0.037674 0.0434167 0.0486565 0.0530409 0.0562949 0.0582639 0.058938 0.0584538 0.0570618 0.055072 0.052792 0.0504599 0.0481628 0.0457621 0.0428891 0.0390758 0.0340105 0.0277917 0.0209979
 0.00722005 0.0112657 0.0161159 0.0215147 0.0272768 0.0332877 0.0393908 0.0453045 0.0506531 0.0550638 0.0582461 0.0600357 0.0604211 0.0595454 0.0576723 0.0551263 0.0522297 0.0492397 0.0462798 0.0432773 0.0399552 0.0359369 0.0309623 0.0251104 0.0188686
 0.00759579 0.0118486 0.0169422 0.0226016 0.0286241 0.0348787 0.0411898 0.0472521 0.0526672 0.0570479 0.0600997 0.0616629 0.061735 0.06047 0.0581411 0.055081 0.0516191 0.0480254 0.0444522 0.040882 0.0371213 0.0328846 0.0279724 0.022458 0.0167476
 0.00801658 0.0124953 0.0178468 0.0237726 0.0300508 0.036537 0.043042 0.0492403 0.0547089 0.059039 0.0619254 0.0632127 0.0629164 0.0612158 0.0584085 0.0548426 0.0508545 0.0467185 0.0426028 0.0385314 0.0343807 0.0299487 0.025097 0.0199006 0.0146953
 0.00836987 0.0130463 0.0186331 0.0248151 0.031353 0.0380837 0.0447942 0.0511317 0.0566489 0.0609228 0.0636459 0.0646694 0.064022 0.0619021 0.0586301 0.0545751 0.0500888 0.0454559 0.0408585 0.0363515 0.0318663 0.0272699 0.0224775 0.0175686 0.0128197
 0.0086994 0.0135615 0.0193713 0.0257997 0.0325933 0.0395728 0.0465024 0.0529983 0.0585812 0.062804 0.0653506 0.0660808 0.0650467 0.0624783 0.0587272 0.0541875 0.0492266 0.0441394 0.0391202 0.0342476 0.0294958 0.0247853 0.0200736 0.0154418 0.0111145
 0.00902293 0.014063 0.0200814 0.0267337 0.0337527 0.0409472 0.0480664 0.0547043 0.0603551 0.0645475 0.0669499 0.0674198 0.0660231 0.0630175 0.0587898 0.053768 0.0483453 0.0428329 0.0374382 0.0322588 0.0273001 0.0225219 0.0179112 0.0135459 0.00960332
 0.00918627 0.0143304 0.0204879 0.0273145 0.034538 0.0419535 0.0492858 0.0560985 0.0618569 0.0660694 0.0683937 0.0686855 0.0670167 0.0636598 0.0590248 0.0535681 0.0477119 0.0417933 0.0360418 0.0305783 0.0254353 0.0206017 0.0160833 0.0119494 0.00833513
 0.00919366 0.0143522 0.0205405 0.0274237 0.0347389 0.0422871 0.0497915 0.0568036 0.0627645 0.0671482 0.069576 0.0698755 0.0681067 0.0645473 0.0596248 0.0538204 0.0475842 0.0412831 0.0351771 0.029418 0.0240698 0.0191489 0.0146748 0.0107069 0.00734264
 0.00918816 0.014338 0.0205104 0.027371 0.0346632 0.0422024 0.0497323 0.0568235 0.0629249 0.0675002 0.0701413 0.0706344 0.0689958 0.0654694 0.0604672 0.0544751 0.047966 0.0413402 0.0348972 0.02883 0.0232423 0.0181826 0.0136869 0.00980741 0.00661009
 0.00929534 0.014487 0.0206876 0.0275465 0.034798 0.0422612 0.0496962 0.056699 0.0627468 0.0673285 0.0700498 0.0706914 0.0692411 0.0658969 0.0610206 0.0550602 0.0484728 0.0416697 0.0349825 0.02865 0.0228253 0.0175992 0.0130329 0.0091796 0.00608207
 0.00952836 0.0148315 0.0211412 0.0280822 0.0353682 0.0428067 0.0501555 0.0570163 0.0628818 0.0672692 0.0698219 0.0703576 0.0688869 0.065606 0.0608485 0.0550156 0.0485158 0.0417259 0.0349703 0.0285088 0.0225348 0.0171849 0.0125544 0.00870877 0.00567889
 0.0096395 0.0150093 0.0214027 0.0284392 0.0358225 0.0433435 0.0507371 0.0575822 0.0633585 0.0675874 0.0699356 0.0702573 0.0686048 0.0652089 0.0604199 0.0546303 0.0482157 0.0415095 0.0347988 0.0283282 0.0223028 0.0168898 0.0122179 0.00837288 0.00538579
 0.0096977 0.0150959 0.0215192 0.0285847 0.0359974 0.043554 0.050995 0.0578971 0.0637254 0.0679761 0.0702914 0.0705154 0.068713 0.065148 0.0602117 0.0543288 0.0478855 0.0412013 0.0345335 0.0280968 0.0220811 0.0166586 0.0119761 0.00813697 0.00517922
 0.00972625 0.0151413 0.0215855 0.028674 0.0361095 0.0436853 0.0511394 0.0580491 0.0638839 0.0681453 0.070475 0.0707067 0.068888 0.0652698 0.0602458 0.0542605 0.047728 0.0409884 0.0343025 0.0278728 0.0218721 0.0164621 0.0117899 0.00796595 0.00503311
 0.00974163 0.0151699 0.0216352 0.0287548 0.0362312 0.043854 0.0513535 0.0582969 0.0641447 0.0683939 0.0706884 0.0708691 0.0689921 0.065313 0.0602248 0.0541711 0.0475702 0.0407725 0.03405 0.02761 0.0216212 0.0162362 0.011595 0.0078043 0.00490623
