SBPRF35
12.7214
Curr Bio
912353
B35
900348
F35
0.172546
FOFL
0.172546
OFL
131951
Bzero
3.63469e+006
#pred survey bio
 3.62627e+006 3.49529e+006 3.3816e+006 3.23821e+006 3.04863e+006 2.80166e+006 2.55993e+006 2.3016e+006 2.04829e+006 1.81177e+006 1.61197e+006 1.41752e+006 1.27919e+006 1.13066e+006 990583 860710 773942 716429 669376 627928 601854 582604 566244 553100 536766 537440 543979 548984 540505 532005 538866 560148 557447 568287 578347 589775 606791 622650 621852 625076 631688 630723 649737 656766 665401 669480 678064 684449 693840 695381 693223 757578 809985 849979 881496 918680 2.17251e+007 1.99893e+007 2.0344e+007 2.10765e+007 2.20478e+007 2.3098e+007 2.41095e+007 2.50138e+007 2.57825e+007 2.64134e+007 2.69185e+007 2.73162e+007 2.76258e+007 2.78651e+007 2.80494e+007 2.81911e+007 2.83002e+007 2.83843e+007 2.84494e+007 2.84998e+007 2.85392e+007 2.857e+007 2.85942e+007 2.86134e+007 2.86285e+007 2.86406e+007 2.86502e+007 2.86578e+007 2.8664e+007 2.8669e+007 2.86729e+007 2.86762e+007 2.86788e+007 2.86809e+007 2.86826e+007 2.8684e+007 2.86852e+007 2.86861e+007 2.86869e+007 2.86875e+007 2.8688e+007 2.86884e+007 2.86887e+007 2.8689e+007 2.86892e+007 2.86894e+007 2.86896e+007 2.86897e+007 2.86898e+007 2.86899e+007 2.869e+007 2.869e+007 2.86901e+007 2.86901e+007 2.86901e+007 2.86901e+007 2.86902e+007 2.86902e+007 2.86902e+007 2.86902e+007 2.86902e+007 2.86902e+007 2.86902e+007 2.86902e+007 2.86902e+007 2.86902e+007 2.86902e+007 2.86902e+007 2.86902e+007 2.86902e+007 2.86903e+007 2.86903e+007 2.86903e+007 2.86903e+007 2.86903e+007 2.86903e+007 2.86903e+007 2.86903e+007 2.86903e+007 2.86903e+007 2.86903e+007 2.86903e+007 2.86903e+007 2.86903e+007 2.86903e+007 2.86903e+007 2.86903e+007 2.86903e+007 2.86903e+007 2.86903e+007 2.86903e+007 2.86903e+007 2.86903e+007 2.86903e+007 2.86903e+007 2.86903e+007 2.86903e+007 2.86903e+007 2.86903e+007 2.86903e+007 0 0 0 0 0 0 0 0 0 0 0 0 0 0 0 0 0 0 0 0 0 0 0 0 0
#obs survey bio
 3.90195e+006 4.26809e+006 2.92826e+006 3.98174e+006 2.831e+006 2.12027e+006 2.37908e+006 2.49435e+006 2.54676e+006 1.94596e+006 1.93436e+006 1.31651e+006 1.49752e+006 963182 903171 757835 677881 1.03558e+006 496786 657424 764407 578995 778241 298601 306837 595942 503540 469557 443015 708450 620958 646688 562230 519925 590036 639665 449140 849475 585136 671064 554630 494412 621367 796034 615572 542693 846686 686691 809942 673381 644405 704873 1.06168e+006 726453 847629 1.27413e+006
#pred catch bio
 103254 97093.5 136977 193630 262888 276037 308728 319787 317257 294079 296782 252727 265566 258773 247610 206648 178144 165467 156250 139024 130048 125005 120203 121318 106318 101393 102231 112124 109989 95925.6 84419.5 104472 92017.6 92826.5 92232.5 88820.4 91177.1 105274 101533 99631.5 107387 92685 105501 105624 110878 108540 111885 110523 117747 120699 66886.4 81428.2 94497.2 104181 102214 113891 131951 132691 133990 137725 143409 149706 155735 161035 165433 168933 171636 173673 175181 176281 177075 177644 178047 178332 178532 178672 178770 178839 178886 178919 178942 178957 178968 178976 178981 178985 178987 178989 178990 178991 178991 178992 178992 178992 178992 178992 178992 178992 178992 178992 178992 178992 178992 178992 178992 178992 178992 178992 178992 178992 178992 178992 178992 178992 178992 178992 178992 178992 178992 178992 178992 178992 178992 178992 178992 178992 178992 178992 178992 178992 178992 178992 178992 178992 178992 178992 178992 178992 178992 178992 178992 178992 178992 178992 178992 178992 178992 178992 178992 178992 178992 178992 178992 178992 178992 178992 0 0 0 0 0 0 0 0 0 0 0 0 0 0 0 0 0 0 0 0 0 0 0 0 0
#obs catch bio
 0 96774.2 136922 193465 263378 276092 309584 321501 319050 294861 296966 253519 265354 260178 250016 209632 179931 166191 157695 139750 130204 125274 119980 122157 107395 101975 102420 112106 110456 95888.3 84158.2 104607 91572.9 92467.2 91809.9 88412.7 91176.1 104810 100548 98949.8 107350 92501.1 106040 105616 111058 108973 112383 111027 118162 121593 66567.3 81615.8 94542.5 104690 102490 113956
#pred cpue bio
 3.58199e+006 3.45225e+006 3.33836e+006 3.19446e+006 3.00509e+006 2.75862e+006 2.51731e+006 2.25979e+006 2.00769e+006 1.77261e+006 1.57404e+006 1.38082e+006 1.24318e+006 1.09583e+006 957121 828994 743721 687555 641838 601658 576548 558003 542184 529412 513325 513987 520727 526022 517968 509844 516748 537783 535457 546278 556206 567347 583886 599520 598970 602004 608159 606877 625114 631833 640234 644033 652216 658356 667536 669133 667030 730240 782119 821451 851956 888156 2.10176e+007 1.93459e+007 1.96089e+007 2.02487e+007 2.1193e+007 2.22379e+007 2.32485e+007 2.41527e+007 2.49214e+007 2.55522e+007 2.60574e+007 2.64551e+007 2.67647e+007 2.7004e+007 2.71883e+007 2.733e+007 2.74391e+007 2.75232e+007 2.75882e+007 2.76387e+007 2.76781e+007 2.77089e+007 2.77331e+007 2.77522e+007 2.77674e+007 2.77794e+007 2.7789e+007 2.77967e+007 2.78029e+007 2.78078e+007 2.78118e+007 2.7815e+007 2.78176e+007 2.78198e+007 2.78215e+007 2.78229e+007 2.7824e+007 2.7825e+007 2.78257e+007 2.78263e+007 2.78268e+007 2.78273e+007 2.78276e+007 2.78279e+007 2.78281e+007 2.78283e+007 2.78284e+007 2.78286e+007 2.78287e+007 2.78287e+007 2.78288e+007 2.78289e+007 2.78289e+007 2.78289e+007 2.7829e+007 2.7829e+007 2.7829e+007 2.7829e+007 2.7829e+007 2.78291e+007 2.78291e+007 2.78291e+007 2.78291e+007 2.78291e+007 2.78291e+007 2.78291e+007 2.78291e+007 2.78291e+007 2.78291e+007 2.78291e+007 2.78291e+007 2.78291e+007 2.78291e+007 2.78291e+007 2.78291e+007 2.78291e+007 2.78291e+007 2.78291e+007 2.78291e+007 2.78291e+007 2.78291e+007 2.78291e+007 2.78291e+007 2.78291e+007 2.78291e+007 2.78291e+007 2.78291e+007 2.78291e+007 2.78291e+007 2.78291e+007 2.78291e+007 2.78291e+007 2.78291e+007 2.78291e+007 2.78291e+007 2.78291e+007 2.78291e+007 2.78291e+007 2.78291e+007 2.78291e+007 0 0 0 0 0 0 0 0 0 0 0 0 0 0 0 0 0 0 0 0 0 0 0 0 0
#obs cpue bio
 3.4778e+006 3.01896e+006 3.91328e+006 3.00353e+006 2.52155e+006 3.25872e+006 2.27911e+006 1.55972e+006 1.56697e+006 1.83273e+006 1.74717e+006 969554 1.58531e+006 846860 817060 564999 846753 594374 615896 603077 545633 518412 487116 605552 553794 546832 680680 768628 470220 477187 461571 496881 687761 641799 629545 539138 522462 784995 981680 478354 512102 664175 457000 693310 636756 579164 504687 560809 638480 677961 751283 685312 739617 601714 856206 963073
#pred surv len freq
 0.00423425 0.00695743 0.0106271 0.0152787 0.0208326 0.0270061 0.0332923 0.0390938 0.0439476 0.047671 0.0503346 0.0521335 0.0532747 0.0539287 0.0542256 0.0542708 0.0541655 0.0540046 0.0538152 0.0534333 0.0523958 0.0499905 0.045553 0.0389043 0.0306287
 0.00455678 0.00739457 0.0111269 0.0157466 0.0211679 0.0271534 0.0332747 0.0390003 0.0438791 0.0476814 0.0504072 0.0522067 0.0532955 0.0538959 0.0541961 0.0543273 0.0543636 0.0543263 0.0541539 0.0536244 0.0522854 0.0495102 0.0447593 0.0379551 0.0297117
 0.00464305 0.00759236 0.0115238 0.016441 0.0222224 0.028535 0.0348223 0.0404587 0.0449976 0.0483183 0.0505727 0.0520191 0.052896 0.0533881 0.0536401 0.0537661 0.053839 0.0538632 0.0537296 0.0531579 0.0516697 0.0486757 0.0437262 0.0368372 0.0286648
 0.00476705 0.00778022 0.0117865 0.0167942 0.0226995 0.0291968 0.0357435 0.0416845 0.0464859 0.0499087 0.0520187 0.0530794 0.0534297 0.0533935 0.0532227 0.053072 0.0529994 0.0529676 0.0528163 0.0522157 0.0506561 0.0475572 0.0425212 0.0356296 0.0275742
 0.00494024 0.00806418 0.012217 0.0174028 0.0235051 0.0301951 0.0369042 0.0429607 0.0478324 0.051289 0.0533862 0.0543445 0.05445 0.0540098 0.0533244 0.0526449 0.0521238 0.051773 0.0514269 0.0507162 0.0490923 0.0459621 0.0409486 0.0341664 0.0263204
 0.00517021 0.00843935 0.0127843 0.0182069 0.0245802 0.0315509 0.0385099 0.0447388 0.0496689 0.0530593 0.054982 0.0556866 0.0554789 0.0546652 0.053534 0.0523406 0.0512766 0.0504188 0.0496626 0.0486714 0.0469006 0.0437514 0.0388452 0.0322944 0.0247829
 0.00537087 0.00877319 0.0133012 0.0189592 0.0256134 0.0328881 0.0401354 0.04659 0.0516427 0.0550289 0.0568164 0.057267 0.0567096 0.0554763 0.0538745 0.0521687 0.0505598 0.0491496 0.0478805 0.0464752 0.0444422 0.0412165 0.0364274 0.0301667 0.0230668
 0.00556776 0.00910311 0.0138165 0.0197166 0.0266639 0.0342612 0.0418212 0.0485299 0.0537351 0.0571455 0.0588205 0.059028 0.0581137 0.0564334 0.0543202 0.0520603 0.0498716 0.0478745 0.0460438 0.044155 0.0417835 0.0384254 0.0337398 0.0277999 0.0211698
 0.00577953 0.00945009 0.0143446 0.0204723 0.0276886 0.0355795 0.0434272 0.0503787 0.0557444 0.0592059 0.0608088 0.060819 0.0595908 0.0574959 0.054888 0.0520747 0.0492942 0.0466893 0.0442675 0.0418556 0.0390989 0.0355648 0.030956 0.0253342 0.0191915
 0.00604828 0.00987948 0.0149772 0.0213437 0.0288224 0.0369795 0.0450678 0.0522006 0.0576612 0.0611181 0.0626167 0.062429 0.0609163 0.0584569 0.0554118 0.0520978 0.0487652 0.0455761 0.0425705 0.0396281 0.0364669 0.0327317 0.0281768 0.0228586 0.0171993
 0.00633643 0.0103399 0.015655 0.022275 0.030027 0.0384508 0.0467624 0.0540363 0.0595303 0.0629099 0.0642364 0.063805 0.0619959 0.0591975 0.0557721 0.052033 0.0482281 0.0445258 0.0409901 0.0375494 0.0339947 0.0300507 0.0255286 0.0204868 0.0152831
 0.00665031 0.0108529 0.0164312 0.0233733 0.0314866 0.0402698 0.0488769 0.0563174 0.0618051 0.0650005 0.0659955 0.0651361 0.0628545 0.05958 0.0556967 0.05152 0.0472862 0.0431507 0.0391789 0.0353291 0.0314522 0.0273486 0.0228873 0.0181334 0.0133868
 0.00686639 0.0112021 0.016954 0.0241084 0.0324676 0.041516 0.0503814 0.0580357 0.0636525 0.0668585 0.0677273 0.0666073 0.0639545 0.0602375 0.0558835 0.0512408 0.0465614 0.0420024 0.0376299 0.0334184 0.0292603 0.0250144 0.0205991 0.0160878 0.011733
 0.00711606 0.0116185 0.017599 0.0250437 0.0337389 0.0431297 0.0522842 0.0601125 0.0657486 0.0688151 0.0694098 0.0679158 0.0648218 0.0606247 0.0557783 0.0506559 0.0455291 0.0405668 0.0358423 0.0313424 0.0269875 0.0226766 0.0183625 0.0141208 0.0101597
 0.00731126 0.011953 0.0181345 0.0258493 0.0348769 0.0446322 0.054128 0.0622066 0.0679426 0.0709262 0.0712563 0.0693475 0.0657401 0.0609881 0.0555937 0.0499628 0.0443839 0.0390333 0.0339897 0.0292513 0.0247589 0.0204393 0.0162652 0.0123053 0.00872441
 0.00751304 0.0122868 0.0186483 0.0265935 0.0358964 0.0459524 0.0557383 0.0640486 0.0699108 0.0728792 0.0730357 0.0707992 0.0667372 0.0614498 0.0554945 0.0493276 0.0432739 0.0375292 0.0321815 0.0272364 0.0226475 0.0183574 0.0143466 0.0106692 0.00744694
 0.00760508 0.012435 0.01887 0.0269069 0.0363215 0.0465106 0.0564488 0.0649225 0.0709438 0.0740436 0.074274 0.072023 0.0678345 0.0623013 0.0559958 0.0494092 0.0429132 0.0367504 0.0310475 0.0258385 0.0210978 0.0167814 0.0128707 0.00940109 0.00645381
 0.00763806 0.012485 0.0189388 0.0269951 0.0364305 0.0466458 0.0566223 0.0651545 0.0712611 0.0744743 0.0748373 0.0727165 0.0686223 0.0631103 0.0567237 0.0499451 0.0431623 0.0366567 0.0306054 0.0250937 0.0201375 0.0157192 0.0118266 0.00847841 0.00571944
 0.00767675 0.0125462 0.0190275 0.027114 0.036579 0.0468184 0.056809 0.0653434 0.0714445 0.0746554 0.0750332 0.0729534 0.0689234 0.0634804 0.057137 0.0503425 0.0434627 0.0367786 0.0304922 0.0247328 0.0195666 0.0150169 0.0110917 0.00780401 0.00517037
 0.00773203 0.0126329 0.0191519 0.0272794 0.0367846 0.0470581 0.0570695 0.0656048 0.071683 0.0748501 0.075173 0.0730422 0.0689801 0.0635326 0.0572076 0.0504358 0.0435555 0.0368235 0.0304342 0.0245321 0.019218 0.0145555 0.010582 0.00731786 0.0047639
 0.00781568 0.0127462 0.0192808 0.0273978 0.0368627 0.0470758 0.0570266 0.0655215 0.0715915 0.0747815 0.0751478 0.0730671 0.0690514 0.0636421 0.0573474 0.0505971 0.0437236 0.0369725 0.030528 0.0245348 0.01911 0.014345 0.0103051 0.00702544 0.00450278
 0.00786213 0.012823 0.0193972 0.0275591 0.0370643 0.047297 0.0572289 0.0656578 0.0716248 0.0747037 0.074986 0.072872 0.0688758 0.0635225 0.0572968 0.0506094 0.0437805 0.0370486 0.0305936 0.02456 0.0190726 0.0142397 0.0101471 0.00684502 0.00433265
 0.00794577 0.0129453 0.0195563 0.0277455 0.0372644 0.0474981 0.0574215 0.065832 0.0717652 0.074788 0.0749917 0.0727888 0.0687157 0.0633185 0.0570912 0.0504378 0.0436607 0.0369782 0.0305548 0.024528 0.0190244 0.0141622 0.0100418 0.00672564 0.00421836
 0.00807473 0.0131391 0.0198177 0.0280648 0.0376203 0.0478604 0.057755 0.066102 0.0719443 0.0748626 0.0749633 0.0726691 0.0685208 0.063067 0.0568061 0.0501468 0.0433918 0.0367515 0.0303766 0.0243906 0.0189121 0.01406 0.00994181 0.00662924 0.00413244
 0.00810259 0.0132079 0.0199636 0.0283318 0.0380448 0.0484485 0.0584648 0.066845 0.0726097 0.0753513 0.0752155 0.0726732 0.0683051 0.0626834 0.0563146 0.0496049 0.0428496 0.0362486 0.0299391 0.0240298 0.0186257 0.0138373 0.00976999 0.00649805 0.0040352
 0.00795113 0.0129713 0.0196281 0.0278985 0.0375376 0.0479215 0.0580017 0.0665434 0.0725479 0.0755548 0.075642 0.0732292 0.068882 0.063193 0.0567076 0.0498703 0.0430029 0.0363183 0.0299555 0.0240178 0.0186014 0.0138087 0.00973999 0.00646811 0.00400734
 0.00784688 0.0127913 0.0193385 0.0274642 0.0369336 0.0471508 0.0571124 0.0656326 0.0717473 0.0749981 0.0754283 0.0733928 0.0693826 0.063929 0.0575492 0.0506977 0.0437329 0.0369118 0.0304092 0.0243488 0.0188339 0.0139653 0.00983967 0.00652626 0.00403705
 0.00780379 0.0127169 0.0192178 0.0272777 0.036659 0.0467669 0.0566068 0.0650126 0.0710492 0.074293 0.0748151 0.072978 0.0692492 0.0641081 0.0580071 0.0513473 0.0444626 0.0376192 0.031024 0.0248389 0.0191978 0.0142193 0.0100064 0.0066285 0.0040948
 0.00779869 0.0127215 0.0192471 0.027351 0.0367901 0.0469517 0.0568137 0.0651836 0.0711157 0.0741997 0.0745438 0.0725606 0.0687636 0.0636568 0.0576847 0.0512086 0.044508 0.0378021 0.0312752 0.025094 0.0194143 0.0143801 0.0101133 0.00669273 0.00412963
 0.00784864 0.0127873 0.0193189 0.0274127 0.0368278 0.0469635 0.0568142 0.0651966 0.0711567 0.0742596 0.0745858 0.0725363 0.06864 0.0634383 0.0574163 0.0509587 0.0443394 0.0377466 0.0313256 0.0252137 0.0195581 0.014512 0.0102144 0.00675987 0.00416891
 0.00782155 0.0127355 0.0192265 0.0272596 0.0365942 0.0466381 0.0564042 0.0647341 0.0706979 0.0738739 0.0743359 0.0724561 0.0687216 0.0636376 0.0576761 0.0512355 0.0446163 0.0380276 0.0316177 0.0255124 0.0198448 0.0147629 0.0104123 0.0068999 0.0042578
 0.00759018 0.0123841 0.0187434 0.0266502 0.0358784 0.0458457 0.0555737 0.0639147 0.0699498 0.0732651 0.0739332 0.0723131 0.0688639 0.0640513 0.0583073 0.0520031 0.0454352 0.0388294 0.0323588 0.0261695 0.0204048 0.0152175 0.0107586 0.00714394 0.00441514
 0.00764879 0.0124574 0.0188135 0.0266882 0.0358531 0.045737 0.0553817 0.0636572 0.0696513 0.0729448 0.0736038 0.0719897 0.0685744 0.0638366 0.058208 0.0520416 0.0456049 0.039098 0.0326823 0.0265056 0.020721 0.0154918 0.0109787 0.00730631 0.00452428
 0.0076466 0.0124457 0.0187802 0.0266145 0.0357158 0.0455138 0.0550587 0.0632379 0.0691625 0.0724361 0.0731372 0.0716225 0.0683442 0.0637573 0.0582754 0.0522425 0.0459203 0.0395011 0.0331367 0.0269694 0.0211542 0.0158643 0.0112739 0.00752146 0.00466781
 0.00767379 0.0124834 0.0188243 0.0266556 0.0357394 0.045502 0.054992 0.0630984 0.0689389 0.0721297 0.0727679 0.0712291 0.0679784 0.0634701 0.0581051 0.0522069 0.0460168 0.0397111 0.0334301 0.0273086 0.0214996 0.0161805 0.0115363 0.00771916 0.00480292
 0.00770924 0.0125346 0.0188892 0.0267273 0.0358073 0.0455529 0.0550124 0.0630752 0.0688608 0.0719893 0.0725646 0.0709724 0.0676896 0.063182 0.0578569 0.0520355 0.0459479 0.0397522 0.0335698 0.0275203 0.0217478 0.0164291 0.0117558 0.00789229 0.00492536
 0.00754901 0.0123071 0.0186076 0.026424 0.0355237 0.0453239 0.0548541 0.0629834 0.0688187 0.0719775 0.072568 0.0709812 0.0676991 0.0631924 0.057875 0.0520748 0.0460257 0.0398832 0.0337585 0.027757 0.0220103 0.0166886 0.0119858 0.00807535 0.0050562
 0.00740398 0.0120726 0.0182593 0.0259468 0.0349219 0.0446337 0.0541488 0.0623624 0.0683772 0.0717726 0.0726002 0.0712028 0.06804 0.0635872 0.0582781 0.0524636 0.0463957 0.0402401 0.03411 0.0281047 0.0223464 0.0169973 0.0122496 0.00828196 0.00520312
 0.00757155 0.0123047 0.0185335 0.0262149 0.0351212 0.0447067 0.0540626 0.0621193 0.0680153 0.0713564 0.072203 0.0708855 0.0678335 0.0634883 0.0582596 0.0524926 0.0464484 0.0403073 0.0341932 0.0282084 0.0224698 0.0171322 0.0123819 0.00839744 0.00529248
 0.0076617 0.0124589 0.0187768 0.0265677 0.0355856 0.0452491 0.0546052 0.0625528 0.0682344 0.0713022 0.0718884 0.0703884 0.0672635 0.0629466 0.0578114 0.0521602 0.0462222 0.0401645 0.0341122 0.028175 0.022475 0.0171668 0.0124341 0.00845421 0.00534292
 0.00769365 0.0125116 0.0188585 0.026689 0.0357595 0.0454895 0.0549195 0.0629307 0.0686374 0.0716625 0.0721247 0.0704354 0.0671018 0.0626125 0.0573816 0.05172 0.0458365 0.039865 0.0339026 0.0280432 0.0224042 0.0171409 0.012438 0.00847425 0.00536773
 0.00782998 0.0127184 0.0191422 0.0270454 0.0361758 0.0459469 0.0553955 0.0634007 0.0690745 0.0720376 0.072404 0.0705806 0.0670754 0.0623931 0.0569797 0.0511833 0.0452381 0.0392809 0.0333904 0.0276328 0.0221008 0.0169335 0.012308 0.00840088 0.00533155
 0.00768438 0.0125138 0.0188932 0.0267857 0.0359477 0.0457863 0.0553213 0.0634136 0.0691662 0.0722 0.0726312 0.0708622 0.0673872 0.0626945 0.0572221 0.0513281 0.0452732 0.0392247 0.0332819 0.0275141 0.0220022 0.016868 0.0122744 0.00839028 0.00533367
 0.00765788 0.0124641 0.0188081 0.0266542 0.0357688 0.0455782 0.0551249 0.0632833 0.0691483 0.0723109 0.0728508 0.0711455 0.0676848 0.0629669 0.0574424 0.0514778 0.0453407 0.0392102 0.0332009 0.0273948 0.0218765 0.0167605 0.012197 0.00834305 0.0053095
 0.00769816 0.0125167 0.0188628 0.0266923 0.0357664 0.0455141 0.0549893 0.0630852 0.0689186 0.0720978 0.0727065 0.0711074 0.0677613 0.0631354 0.0576597 0.0516966 0.0455226 0.0393319 0.0332561 0.027393 0.0218375 0.0167074 0.0121479 0.0083072 0.00528817
 0.007721 0.0125631 0.0189487 0.0268349 0.035976 0.0457826 0.0552831 0.0633493 0.0690942 0.0721454 0.0726227 0.070926 0.0675384 0.0629266 0.0575007 0.0515946 0.0454617 0.0392859 0.0332026 0.0273213 0.0217503 0.0166162 0.012066 0.00824356 0.00524518
 0.00768231 0.0125057 0.0188732 0.0267481 0.0358916 0.0457208 0.0552669 0.063397 0.0692084 0.0723062 0.0727908 0.071058 0.0676067 0.0629307 0.057464 0.0515489 0.0454298 0.0392734 0.0332005 0.0273161 0.0217332 0.016587 0.0120309 0.00821047 0.00521949
 0.00764722 0.0124525 0.0188007 0.026658 0.0357893 0.0456154 0.0551717 0.0633287 0.0691851 0.0723413 0.072886 0.0711986 0.0677638 0.0630712 0.0575641 0.0516027 0.0454478 0.0392729 0.0331945 0.0273091 0.0217235 0.0165722 0.0120117 0.00819022 0.00520194
 0.00755908 0.0123191 0.0186187 0.0264315 0.0355294 0.0453388 0.0549 0.0630872 0.0690004 0.0722369 0.0728776 0.0712898 0.0679438 0.0633153 0.057838 0.0518717 0.0456861 0.0394685 0.0333476 0.0274255 0.0218094 0.0166322 0.0120499 0.00821156 0.00521194
 0.00757523 0.012335 0.0186236 0.02641 0.0354665 0.0452275 0.0547468 0.0629119 0.0688291 0.072094 0.0727794 0.0712446 0.0679538 0.0633775 0.057944 0.0520066 0.0458309 0.0396048 0.0334625 0.0275138 0.0218722 0.0166735 0.0120747 0.00822465 0.00521752
 0.00764493 0.0124414 0.01877 0.0265927 0.0356727 0.045435 0.0549251 0.0630282 0.0688583 0.0720285 0.0726336 0.0710493 0.067745 0.0631861 0.0577896 0.051897 0.0457635 0.0395696 0.0334467 0.0275061 0.0218652 0.0166645 0.0120642 0.00821415 0.00520852
 0.00731506 0.0119154 0.0179997 0.0255461 0.0343475 0.0438754 0.0532363 0.0613724 0.0674252 0.07099 0.0721035 0.0710649 0.0682701 0.0641295 0.0590283 0.0532994 0.0472083 0.0409576 0.0347051 0.0285881 0.0227478 0.0173456 0.0125587 0.0085498 0.00541986
 0.00729452 0.0118456 0.0178272 0.0251982 0.0337496 0.0429802 0.0520512 0.0599717 0.0659408 0.0695857 0.070945 0.0702905 0.0679678 0.0643215 0.0596707 0.054295 0.0484293 0.0422702 0.0359902 0.0297539 0.0237353 0.0181281 0.0131375 0.00894777 0.00567273
 0.00736559 0.0119578 0.0179866 0.0253992 0.0339658 0.0431546 0.0520963 0.0597873 0.0654497 0.0687744 0.0698852 0.0691287 0.0668867 0.0634919 0.0592104 0.054247 0.0487615 0.0428923 0.0367816 0.0305926 0.0245205 0.0187929 0.0136515 0.0093117 0.00590845
 0.00730938 0.0118953 0.0179458 0.0254229 0.0340984 0.0434208 0.05248 0.0602225 0.0658296 0.0689763 0.069807 0.0687259 0.0661971 0.0626336 0.0583502 0.0535506 0.0483451 0.0427962 0.0369702 0.0309783 0.0249967 0.0192645 0.014054 0.0096156 0.00611392
 0.00708098 0.0115538 0.0174893 0.0248751 0.0335083 0.0428589 0.0520296 0.0599632 0.0658115 0.0691935 0.0701866 0.0691456 0.0665278 0.0627896 0.0583226 0.0534076 0.0482007 0.0427605 0.0371065 0.0312848 0.0254178 0.0197199 0.0144704 0.00994751 0.00634773
#obs surv len freq
 nan nan nan nan nan nan nan nan nan nan nan nan nan nan nan nan nan nan nan nan nan nan nan nan nan
 0.00448497 0.00734641 0.0111764 0.0159926 0.0216931 0.0279682 0.0342818 0.0400127 0.044692 0.0481558 0.0505137 0.0520097 0.0529021 0.0534147 0.0537291 0.0539842 0.0542628 0.0545556 0.0546944 0.0542863 0.0527244 0.0493565 0.0438062 0.0362863 0.0276699
 0.00462273 0.00757147 0.0115168 0.016474 0.0223323 0.0287639 0.0352044 0.0410023 0.0456665 0.0490272 0.051205 0.052466 0.0530961 0.0533463 0.0534211 0.0534743 0.053595 0.0537729 0.0538361 0.0533896 0.0518284 0.048505 0.0430444 0.0356526 0.0271856
 0.00477685 0.00782646 0.0119088 0.0170394 0.0231005 0.0297449 0.0363771 0.0423082 0.0470166 0.0503168 0.0523296 0.0533347 0.0536405 0.0535273 0.0532318 0.0529376 0.0527569 0.0526934 0.0525818 0.0520313 0.0504415 0.0471702 0.0418421 0.0346488 0.026417
 0.00496863 0.00813713 0.0123746 0.0176944 0.0239709 0.0308408 0.0376816 0.043772 0.048561 0.0518442 0.0537359 0.0545178 0.0545089 0.0540078 0.0532772 0.0525326 0.0519197 0.0514737 0.0510557 0.0502964 0.0486133 0.0453756 0.0402062 0.0332738 0.0253601
 0.005183 0.00848912 0.0129106 0.0184592 0.0249984 0.0321398 0.039222 0.0454815 0.0503376 0.0535768 0.0553208 0.0558652 0.0555402 0.0546529 0.0534762 0.0522423 0.051123 0.0501885 0.0493414 0.0482561 0.0463908 0.0431428 0.0381391 0.0315191 0.0240033
 0.00540087 0.00884782 0.013459 0.0192462 0.0260642 0.0335009 0.0408558 0.0473198 0.0522747 0.0554891 0.0570869 0.0573791 0.056716 0.0554234 0.0537874 0.0520504 0.0503974 0.048922 0.0475668 0.0460615 0.0439256 0.0406067 0.03575 0.029466 0.0224025
 0.00562845 0.00921983 0.014023 0.0200484 0.0271418 0.0348693 0.0424946 0.0491664 0.0542318 0.0574411 0.0589166 0.0589782 0.0579909 0.0562968 0.0541984 0.0519514 0.049753 0.0477148 0.0458125 0.0438304 0.0413586 0.0379116 0.0331687 0.0272193 0.0206341
 0.00588169 0.00963325 0.0146483 0.0209346 0.0283257 0.0363604 0.0442604 0.0511277 0.056275 0.0594409 0.0607562 0.0605588 0.0592325 0.0571347 0.0545791 0.05183 0.0490929 0.0464933 0.0440355 0.0415552 0.0387151 0.0351055 0.030452 0.0248317 0.0187396
 0.00611705 0.0100209 0.0152412 0.0217851 0.0294755 0.0378243 0.0460094 0.0530834 0.0583208 0.0614451 0.0625942 0.0621266 0.0604503 0.0579441 0.0549372 0.0517025 0.04845 0.045313 0.0423181 0.0393466 0.0361316 0.0323409 0.027753 0.0224407 0.0168286
 0.00637042 0.010433 0.0158616 0.0226607 0.0306415 0.0392909 0.0477472 0.0550173 0.0603389 0.0634185 0.0643977 0.0636525 0.0616148 0.0586886 0.0552243 0.0515089 0.0477597 0.0441157 0.040619 0.0371885 0.0336195 0.0296536 0.0251232 0.0201023 0.0149517
 0.00660143 0.0108163 0.0164528 0.0235151 0.0318024 0.0407707 0.0495091 0.056971 0.0623564 0.0653613 0.0661405 0.0650958 0.0626858 0.059338 0.0554222 0.0512393 0.0470156 0.0428975 0.0389411 0.0350961 0.0312111 0.0270929 0.0226234 0.0178794 0.0131648
 0.00683955 0.0112021 0.0170311 0.0243278 0.0328816 0.0421269 0.0511178 0.0587656 0.0642331 0.0671953 0.067806 0.0664823 0.0637088 0.059943 0.0555813 0.0509444 0.0462697 0.0417115 0.0373379 0.033125 0.0289663 0.0247234 0.0203204 0.0158359 0.0115231
 0.00705064 0.0115538 0.0175756 0.0251174 0.0339562 0.0434951 0.0527399 0.060551 0.0660572 0.0689277 0.0693331 0.0677163 0.0645869 0.0604237 0.0556421 0.0505792 0.0454858 0.0405268 0.0357835 0.0312548 0.0268711 0.022539 0.0182159 0.0139797 0.0100375
 0.00726407 0.0119032 0.0181063 0.0258733 0.0349714 0.0447804 0.0542675 0.0622472 0.06781 0.070606 0.0708099 0.0688874 0.0653814 0.0608052 0.0556032 0.0501316 0.0446518 0.0393352 0.034273 0.0294825 0.0249243 0.0205405 0.0163135 0.0123166 0.00871478
 0.00741739 0.0121554 0.0184912 0.0264249 0.0357177 0.0457334 0.055413 0.0635399 0.0691783 0.0719631 0.0720652 0.0699541 0.0661835 0.0612844 0.0557239 0.0498822 0.0440416 0.03839 0.0330323 0.0280041 0.0232907 0.0188618 0.0147175 0.0109243 0.00760992
 0.0075296 0.0123372 0.0187642 0.0268095 0.0362305 0.0463825 0.0561923 0.0644259 0.0701319 0.0729352 0.0730016 0.0707993 0.0668819 0.0617826 0.0559751 0.0498516 0.043711 0.0377613 0.0321295 0.0268748 0.0220087 0.0175249 0.0134368 0.00980314 0.00671894
 0.00758828 0.0124303 0.0189004 0.0269964 0.0364747 0.0466894 0.0565649 0.0648638 0.0706302 0.073484 0.0735847 0.071392 0.06745 0.0622825 0.0563567 0.0500643 0.0437115 0.0375217 0.031645 0.0261695 0.0211372 0.0165688 0.0124922 0.00896021 0.00604115
 0.00764086 0.0125095 0.0190081 0.0271304 0.0366304 0.0468621 0.0567517 0.0650644 0.0708479 0.0737249 0.0738558 0.0716971 0.0677845 0.062629 0.0566835 0.0503278 0.0438628 0.037516 0.0314533 0.0257887 0.0205961 0.015926 0.0118252 0.00834633 0.00553761
 0.00771726 0.0126247 0.0191644 0.0273235 0.0368495 0.0470919 0.0569744 0.0652627 0.0710088 0.0738449 0.073943 0.0717688 0.0678603 0.0627226 0.056796 0.0504434 0.0439502 0.0375355 0.0313671 0.0255745 0.0202573 0.0154954 0.0113573 0.00790175 0.00516484
 0.00776053 0.0126936 0.0192648 0.027459 0.0370192 0.0472885 0.0571824 0.0654604 0.0711735 0.0739604 0.0740049 0.0717857 0.0678501 0.0627066 0.0567909 0.0504553 0.0439707 0.0375418 0.0313287 0.025464 0.0200629 0.0152281 0.0110497 0.00759692 0.00490124
 0.0078063 0.0127629 0.0193599 0.0275785 0.0371595 0.047444 0.0573464 0.0656237 0.0713248 0.0740862 0.0740928 0.071828 0.0678471 0.0626674 0.0567309 0.0503908 0.0439112 0.0374859 0.0312635 0.0253708 0.0199272 0.0150487 0.0108417 0.00738654 0.00471542
 0.00782476 0.0127912 0.0193991 0.0276284 0.0372182 0.0475086 0.057413 0.0656886 0.0713851 0.0741411 0.0741426 0.071872 0.067883 0.0626914 0.0567408 0.0503874 0.043898 0.0374652 0.031233 0.0253231 0.0198538 0.0149462 0.0107167 0.00725451 0.00459442
 0.00789023 0.0128874 0.0195249 0.0277759 0.0373748 0.0476604 0.0575477 0.0657966 0.07146 0.07418 0.0741465 0.0718461 0.0678342 0.0626272 0.0566671 0.0503084 0.0438165 0.0373831 0.0311507 0.0252387 0.0197636 0.0148484 0.0106135 0.00715324 0.00450469
 0.007905 0.0129159 0.0195754 0.0278574 0.0374929 0.0478122 0.0577181 0.0659611 0.0715922 0.0742613 0.074172 0.071823 0.067777 0.0625503 0.0565818 0.0502217 0.0437319 0.0373019 0.0310724 0.0251619 0.0196868 0.0147705 0.010536 0.00708012 0.00444126
 0.00788619 0.0128837 0.0195248 0.0277845 0.0373983 0.0477042 0.0576141 0.0658838 0.0715609 0.0742834 0.0742397 0.0719183 0.0678799 0.0626469 0.0566655 0.0502913 0.0437882 0.0373454 0.0311027 0.0251781 0.0196883 0.0147581 0.0105125 0.00705033 0.00441083
 0.00787303 0.0128571 0.019475 0.0276997 0.0372679 0.0475243 0.0573929 0.0656435 0.0713347 0.0741073 0.074143 0.0719152 0.0679658 0.0628012 0.0568595 0.0504974 0.0439854 0.0375206 0.0312492 0.0252932 0.0197717 0.0148119 0.0105412 0.00706019 0.00440907
 0.00788782 0.0128754 0.0194918 0.0277058 0.0372512 0.0474724 0.0572969 0.065501 0.0711527 0.073904 0.0739461 0.0717565 0.067873 0.0627891 0.0569261 0.0506251 0.0441486 0.0376932 0.0314107 0.0254304 0.0198786 0.0148878 0.0105892 0.00708628 0.00442006
 0.00790113 0.0128968 0.019523 0.0277471 0.0373001 0.0475221 0.0573353 0.0655123 0.0711221 0.0738233 0.0738184 0.071598 0.0677095 0.0626501 0.056836 0.0505966 0.0441795 0.0377689 0.0315101 0.0255332 0.0199694 0.0149585 0.0106379 0.00711566 0.00443513
 0.00787647 0.0128592 0.0194712 0.0276823 0.0372257 0.0474436 0.0572601 0.0654474 0.0710717 0.0737867 0.0737903 0.071571 0.0676799 0.0626211 0.0568178 0.0506026 0.0442195 0.0378443 0.0316128 0.0256479 0.0200801 0.0150524 0.0107089 0.0071634 0.00446368
 0.00783959 0.012794 0.0193641 0.0275188 0.0369963 0.0471512 0.0569252 0.0651083 0.0707745 0.0735717 0.0736808 0.0715693 0.0677704 0.0627783 0.057016 0.0508217 0.0444478 0.0380753 0.0318406 0.0258642 0.0202742 0.0152146 0.0108334 0.00725065 0.00451905
 0.00781133 0.0127481 0.0192946 0.0274194 0.0368601 0.0469721 0.0567011 0.0648444 0.0704875 0.0732907 0.0734423 0.0714086 0.067711 0.0628249 0.0571547 0.051027 0.0446915 0.0383332 0.032095 0.0261022 0.0204856 0.0153914 0.0109711 0.00734919 0.00458335
 0.00778632 0.0127049 0.019225 0.0273146 0.0367132 0.0467811 0.0564719 0.0645906 0.0702276 0.0730437 0.0732267 0.0712425 0.0676126 0.0628095 0.0572294 0.0511864 0.0449175 0.0385998 0.0323748 0.0263716 0.0207271 0.0155935 0.0111286 0.00746266 0.00465824
 0.00775471 0.0126542 0.0191498 0.0272102 0.0365758 0.0466095 0.0562688 0.0643644 0.069992 0.0728161 0.0730258 0.0710853 0.0675127 0.0627772 0.0572706 0.0513018 0.0451004 0.038835 0.0326399 0.0266415 0.0209784 0.0158092 0.0112991 0.00758679 0.00474093
 0.00775236 0.0126446 0.0191248 0.0271588 0.0364873 0.0464778 0.0560963 0.0641621 0.0697769 0.0726064 0.0728371 0.0709305 0.0674023 0.0627194 0.0572717 0.0513649 0.045224 0.0390114 0.0328545 0.0268741 0.0212068 0.0160135 0.011466 0.0077111 0.00482518
 0.00771094 0.0125835 0.0190442 0.0270618 0.036378 0.0463583 0.0559655 0.0640177 0.0696191 0.0724416 0.0726784 0.0707945 0.0673043 0.0626704 0.0572772 0.0514259 0.0453379 0.0391718 0.0330505 0.02709 0.0214236 0.0162123 0.0116323 0.00783759 0.00491241
 0.00766729 0.0125121 0.0189364 0.026911 0.0361823 0.0461247 0.0557119 0.0637702 0.0694043 0.0722778 0.0725718 0.0707415 0.0672983 0.0627065 0.057354 0.0515431 0.0454938 0.0393618 0.033266 0.0273182 0.0216487 0.016418 0.0118051 0.00797022 0.00500483
 0.00766713 0.0125082 0.0189238 0.026882 0.0361284 0.0460384 0.0555899 0.0636161 0.0692295 0.0720999 0.0724106 0.0706141 0.0672147 0.0626693 0.0573605 0.0515894 0.0455765 0.0394777 0.0334098 0.0274813 0.0218185 0.0165802 0.0119466 0.00808234 0.00508515
 0.00765303 0.0124874 0.0188962 0.0268482 0.0360886 0.0459913 0.0555319 0.0635423 0.0691361 0.0719878 0.0722869 0.0704918 0.0671096 0.0625958 0.0573277 0.0516 0.045628 0.0395645 0.0335249 0.0276158 0.0219616 0.0167195 0.0120705 0.00818233 0.00515807
 0.00759011 0.0123938 0.0187715 0.0266982 0.0359241 0.0458253 0.0553778 0.0634113 0.0690359 0.0719205 0.0722493 0.0704779 0.0671148 0.0626192 0.057372 0.0516691 0.0457243 0.0396865 0.0336674 0.0277705 0.0221182 0.0168668 0.0121986 0.00828449 0.00523217
 0.00758744 0.0123809 0.0187369 0.0266273 0.0358046 0.0456552 0.0551703 0.0631942 0.068842 0.0717765 0.0721675 0.0704555 0.0671391 0.0626749 0.0574477 0.0517588 0.0458267 0.0398025 0.0337962 0.0279083 0.0222576 0.0169988 0.0123141 0.00837717 0.00529986
 0.00756925 0.012356 0.0187075 0.0265965 0.0357735 0.0456192 0.0551184 0.0631134 0.0687258 0.071632 0.072016 0.0703248 0.0670522 0.0626419 0.0574651 0.0518154 0.0459102 0.0399034 0.0339086 0.0280273 0.0223777 0.0171127 0.0124146 0.00845863 0.00535991
 0.00755038 0.0123257 0.018663 0.0265365 0.0356991 0.0455353 0.0550331 0.0630354 0.0686601 0.0715767 0.071965 0.0702731 0.0670022 0.062604 0.057452 0.0518356 0.0459641 0.039985 0.0340086 0.0281366 0.0224882 0.017217 0.0125061 0.00853258 0.0054145
 0.00753106 0.0122956 0.0186199 0.0264793 0.0356279 0.0454516 0.0549408 0.0629412 0.0685725 0.0715046 0.0719139 0.0702441 0.0669916 0.062607 0.0574667 0.051864 0.0460104 0.0400514 0.0340934 0.0282337 0.0225892 0.0173135 0.0125909 0.00860101 0.00546489
 0.00750849 0.0122583 0.0185629 0.0263982 0.03552 0.0453187 0.0547904 0.0627863 0.0684293 0.0713882 0.0718354 0.0702084 0.066998 0.0626499 0.0575377 0.0519545 0.0461139 0.040164 0.0342124 0.0283555 0.0227082 0.017423 0.0126847 0.00867512 0.00551847
 0.00749815 0.0122422 0.01854 0.0263672 0.0354799 0.0452676 0.0547265 0.0627089 0.0683404 0.0712935 0.0717441 0.0701316 0.0669454 0.0626278 0.0575473 0.0519928 0.0461753 0.0402421 0.0343012 0.0284498 0.0228027 0.0175118 0.0127622 0.00873747 0.00556421
 0.00749193 0.0122325 0.0185261 0.026349 0.0354573 0.0452409 0.0546961 0.0626747 0.068302 0.07125 0.071695 0.0700786 0.0668932 0.0625836 0.057519 0.0519862 0.0461924 0.0402812 0.0343577 0.0285175 0.0228751 0.0175825 0.0128255 0.00878931 0.00560281
 0.00752319 0.0122809 0.0185943 0.0264373 0.0355632 0.0453585 0.0548157 0.0627836 0.0683858 0.0712966 0.0716968 0.0700339 0.0668069 0.0624661 0.0573847 0.0518509 0.0460706 0.0401832 0.0342884 0.0284767 0.0228585 0.0175836 0.0128372 0.00880513 0.00561799
 0.00749211 0.012237 0.0185406 0.0263808 0.0355135 0.0453243 0.0548025 0.0627926 0.0684144 0.0713391 0.0717458 0.0700812 0.0668444 0.062488 0.0573889 0.0518401 0.0460513 0.0401639 0.0342767 0.0284768 0.0228707 0.0176048 0.0128625 0.0088297 0.0056384
 0.0074865 0.0122257 0.0185196 0.0263464 0.0354638 0.0452626 0.0547383 0.06274 0.0683872 0.0713449 0.0717828 0.0701392 0.0669096 0.0625472 0.057433 0.0518653 0.0460589 0.0401592 0.0342672 0.0284695 0.0228701 0.0176118 0.012875 0.00884428 0.00565188
 0.0074865 0.0122257 0.0185196 0.0263464 0.0354638 0.0452626 0.0547383 0.06274 0.0683872 0.0713449 0.0717828 0.0701392 0.0669096 0.0625472 0.057433 0.0518653 0.0460589 0.0401592 0.0342672 0.0284695 0.0228701 0.0176118 0.012875 0.00884428 0.00565188
 0.00712493 0.0116513 0.0176828 0.0252166 0.0340433 0.0436043 0.0529598 0.0610193 0.0669303 0.070335 0.0713355 0.0702808 0.0675822 0.0636324 0.0587834 0.0533345 0.0475237 0.0415299 0.0354872 0.0295098 0.023721 0.0182772 0.0133691 0.00918934 0.00587629
 0.00711088 0.0115863 0.017507 0.0248485 0.0334002 0.0426356 0.0516785 0.0595138 0.0653509 0.0688637 0.0701505 0.0695261 0.0673425 0.0639192 0.059535 0.0544333 0.0488246 0.0428903 0.0367896 0.0306721 0.0246967 0.01905 0.0139454 0.00959174 0.00613734
 0.00710195 0.0115837 0.0175216 0.0248879 0.0334544 0.0426605 0.0515913 0.0592116 0.0647539 0.0679612 0.0690254 0.0683406 0.0662932 0.0631817 0.0592204 0.0545672 0.049351 0.0436954 0.0377359 0.0316305 0.0255687 0.0197759 0.0145029 0.00998721 0.00639594
 0.00715439 0.0116708 0.0176562 0.0250836 0.0337223 0.0430023 0.0519883 0.0596143 0.0650771 0.0680965 0.0688721 0.0678491 0.0654997 0.0622126 0.0582581 0.0537919 0.0488855 0.0435762 0.0379172 0.0320137 0.0260404 0.0202398 0.0148965 0.010284 0.00659732
 0.00706624 0.0115406 0.0174854 0.0248838 0.0335145 0.0428143 0.0518509 0.0595556 0.0651133 0.0682189 0.0690377 0.0679845 0.0655239 0.0620733 0.0579642 0.0534206 0.0485554 0.0433988 0.0379522 0.0322515 0.0264156 0.0206639 0.0152913 0.0106013 0.00682213
#pred catch len freq
 0.00315282 0.00511299 0.00770569 0.0109731 0.0149571 0.0196541 0.0249541 0.0306262 0.0363627 0.0418409 0.04677 0.0509294 0.0542001 0.056574 0.0581345 0.0590294 0.0594481 0.0595845 0.0595465 0.0592107 0.0581015 0.0554515 0.050536 0.0431624 0.0339817
 0.00340366 0.00545626 0.00810546 0.0113623 0.0152641 0.0198404 0.0250372 0.0306682 0.0364288 0.0419558 0.046904 0.051024 0.0542157 0.0565256 0.058094 0.0590905 0.0596708 0.0599465 0.0599282 0.0594286 0.0579847 0.054924 0.0496602 0.0421133 0.0329675
 0.00349467 0.00563898 0.00843946 0.0119106 0.0160618 0.0208549 0.0261493 0.0316987 0.0372095 0.0424016 0.047036 0.0509315 0.0539913 0.0562279 0.0577548 0.0587429 0.0593584 0.0596982 0.05972 0.0591698 0.0575527 0.0542344 0.0487261 0.0410516 0.031945
 0.00362861 0.00584364 0.00872841 0.0123015 0.0165886 0.0215755 0.0271315 0.0329781 0.038735 0.0440079 0.0484787 0.0519764 0.0545059 0.0562168 0.0573255 0.0580404 0.0585125 0.0587974 0.0588012 0.0582176 0.0565176 0.0530764 0.0474621 0.0397719 0.0307807
 0.00381401 0.00613931 0.00916215 0.0128944 0.0173513 0.0225056 0.0282144 0.0341946 0.0400696 0.0454429 0.0499658 0.053404 0.0556978 0.0569807 0.0575291 0.0576633 0.0576415 0.057575 0.0573636 0.056657 0.0548819 0.0513988 0.0457984 0.0382151 0.02944
 0.00403207 0.00648833 0.00967833 0.0136106 0.0182943 0.0236898 0.0296306 0.0358008 0.0417908 0.047183 0.0516259 0.0548941 0.0569329 0.057867 0.0579603 0.0575432 0.0569248 0.0562948 0.0556246 0.0546009 0.0526537 0.0491346 0.0436309 0.0362752 0.0278385
 0.00424733 0.00683599 0.0101985 0.0143424 0.0192728 0.0249386 0.0311511 0.0375615 0.0437226 0.0491828 0.0535676 0.0566448 0.0583709 0.0588928 0.0584956 0.0575242 0.0563031 0.0550549 0.0538071 0.052314 0.0500649 0.0464473 0.0410566 0.0340024 0.0260003
 0.00445894 0.00717974 0.0107168 0.0150785 0.0202673 0.0262221 0.0327317 0.0394136 0.0457807 0.0513442 0.0557008 0.0586041 0.0600136 0.0600952 0.0591625 0.0575888 0.0557233 0.0538147 0.0519304 0.0498861 0.0472459 0.0434649 0.038171 0.031453 0.0239523
 0.00468289 0.00753823 0.0112476 0.0158175 0.0212479 0.027471 0.0342603 0.0412062 0.0477872 0.0534774 0.0578417 0.0606127 0.0617451 0.0614159 0.059961 0.0577809 0.055253 0.0526559 0.0500977 0.0474538 0.0443673 0.040373 0.0351473 0.0287663 0.0217921
 0.00494291 0.00794782 0.0118409 0.016621 0.0222811 0.0287447 0.0357713 0.0429303 0.0496745 0.0554532 0.0598102 0.0624631 0.0633593 0.0626772 0.0607621 0.0580298 0.0548776 0.0516115 0.0483805 0.0451216 0.0415609 0.03732 0.0321326 0.0260698 0.0196161
 0.00525527 0.0084379 0.0125461 0.0175662 0.0234773 0.0301865 0.0374307 0.0447526 0.0515809 0.0573509 0.0616043 0.0640645 0.0646879 0.0636605 0.0613323 0.0581209 0.0544265 0.0505667 0.0467205 0.0428821 0.0388602 0.0343673 0.0292016 0.0234363 0.0174841
 0.00553885 0.00889445 0.0132255 0.0185135 0.0247262 0.0317478 0.039278 0.0468125 0.0537376 0.0594628 0.0635274 0.0656745 0.0658947 0.0644122 0.0616063 0.0579074 0.0537137 0.0493374 0.0449657 0.0406301 0.0362089 0.0315 0.0263673 0.0208926 0.0154244
 0.00581776 0.00933347 0.013861 0.0193743 0.0258338 0.0331153 0.0409014 0.0486584 0.0557331 0.0614948 0.0654531 0.067343 0.0671736 0.0652098 0.0618788 0.0576505 0.0529439 0.0480761 0.0432372 0.0384787 0.033727 0.0288478 0.0237614 0.0185594 0.0135362
 0.00611889 0.00981811 0.0145813 0.0203757 0.027147 0.0347435 0.0428064 0.050755 0.0578986 0.0635887 0.0673366 0.0688915 0.0682843 0.0658088 0.0619274 0.0571463 0.0519143 0.0465671 0.0413061 0.0361987 0.0312038 0.0262337 0.0212483 0.0163418 0.0117582
 0.00637815 0.010241 0.0152216 0.0212873 0.028377 0.0363183 0.0447128 0.0529246 0.0602048 0.0658608 0.069386 0.0705446 0.0694115 0.0663392 0.061847 0.0564831 0.0507221 0.0449135 0.039269 0.0338708 0.0287026 0.0237086 0.018872 0.0142792 0.0101244
 0.00655905 0.010537 0.0156724 0.021936 0.029268 0.0374897 0.0461832 0.0546771 0.0621741 0.0679286 0.0713895 0.0722991 0.070744 0.0671212 0.0620138 0.0560351 0.0497101 0.0434196 0.0373919 0.0317222 0.026411 0.0214215 0.0167463 0.0124555 0.00869427
 0.00662763 0.010648 0.0158403 0.0221787 0.0296091 0.0379606 0.0468206 0.0555152 0.0632313 0.0691921 0.0728026 0.0737584 0.0721092 0.0682382 0.0627439 0.0562823 0.0494364 0.0426456 0.0361869 0.0301914 0.0246854 0.0196484 0.0150746 0.0110126 0.0075606
 0.00666356 0.0107024 0.0159153 0.0222749 0.0297285 0.0381097 0.047014 0.0557769 0.0635933 0.0696879 0.0734556 0.0745665 0.0730311 0.0691885 0.0636029 0.0569192 0.0497391 0.0425472 0.0356802 0.0293288 0.0235689 0.0184109 0.0138566 0.00993536 0.0067028
 0.00670888 0.0107728 0.0160149 0.0224051 0.029887 0.0382908 0.0472087 0.0559762 0.0637932 0.069895 0.0736898 0.0748558 0.0733991 0.0696377 0.0641013 0.0573969 0.0501012 0.0426984 0.0355543 0.0289116 0.0229043 0.0175913 0.012998 0.00914686 0.00606054
 0.00672957 0.0108062 0.0160649 0.0224755 0.0299814 0.0384117 0.0473561 0.0561458 0.0639757 0.0700788 0.0738651 0.0750209 0.0735635 0.0698186 0.0643118 0.0576313 0.0503249 0.042852 0.0355715 0.0287457 0.0225504 0.017092 0.0124308 0.00859793 0.00559771
 0.0067905 0.0108872 0.0161538 0.0225507 0.0300193 0.0383972 0.0472918 0.0560525 0.0638849 0.0700208 0.07386 0.0750752 0.0736729 0.0699738 0.0645031 0.0578474 0.0505476 0.0430496 0.0357011 0.028765 0.0224361 0.0168542 0.0121123 0.00825902 0.00529389
 0.0068306 0.0109523 0.0162503 0.0226809 0.030177 0.0385634 0.0474339 0.0561328 0.0638764 0.0699223 0.0737006 0.0749032 0.0735362 0.0699034 0.0645075 0.057917 0.0506607 0.0431774 0.0358095 0.0288195 0.0224114 0.0167448 0.0119368 0.00805382 0.00509825
