SBPRF35
12.7214
Curr Bio
854714
B35
890661
F35
0.168896
FOFL
0.160202
OFL
111263
Bzero
3.63469e+006
#pred survey bio
 3.69347e+006 3.57695e+006 3.47125e+006 3.32943e+006 3.13734e+006 2.8852e+006 2.63677e+006 2.37131e+006 2.11107e+006 1.86819e+006 1.66269e+006 1.4634e+006 1.32038e+006 1.16809e+006 1.0249e+006 892581 803568 744146 695642 653110 626160 606245 589364 575883 559356 559640 565781 570539 562156 553870 560840 582041 579596 590637 600945 612605 629674 645482 644936 648432 655204 654410 673199 679905 688074 691494 698950 703675 710660 709065 702672 760381 803783 831603 846392 859661 2.98035e+007 1.74947e+007 1.74404e+007 1.80809e+007 1.92287e+007 2.06138e+007 2.20213e+007 2.33176e+007 2.44387e+007 2.53678e+007 2.61152e+007 2.67043e+007 2.7162e+007 2.75144e+007 2.77841e+007 2.79899e+007 2.8147e+007 2.82669e+007 2.83587e+007 2.84292e+007 2.84836e+007 2.85257e+007 2.85585e+007 2.85841e+007 2.86042e+007 2.86201e+007 2.86326e+007 2.86426e+007 2.86505e+007 2.86568e+007 2.86619e+007 2.8666e+007 2.86693e+007 2.8672e+007 2.86741e+007 2.86759e+007 2.86773e+007 2.86785e+007 2.86794e+007 2.86802e+007 2.86808e+007 2.86813e+007 2.86817e+007 2.8682e+007 2.86823e+007 2.86826e+007 2.86827e+007 2.86829e+007 2.8683e+007 2.86831e+007 2.86832e+007 2.86833e+007 2.86833e+007 2.86834e+007 2.86834e+007 2.86834e+007 2.86835e+007 2.86835e+007 2.86835e+007 2.86835e+007 2.86835e+007 2.86835e+007 2.86835e+007 2.86835e+007 2.86836e+007 2.86836e+007 2.86836e+007 2.86836e+007 2.86836e+007 2.86836e+007 2.86836e+007 2.86836e+007 2.86836e+007 2.86836e+007 2.86836e+007 2.86836e+007 2.86836e+007 2.86836e+007 2.86836e+007 2.86836e+007 2.86836e+007 2.86836e+007 2.86836e+007 2.86836e+007 2.86836e+007 2.86836e+007 2.86836e+007 2.86836e+007 2.86836e+007 2.86836e+007 2.86836e+007 2.86836e+007 2.86836e+007 2.86836e+007 2.86836e+007 2.86836e+007 2.86836e+007 2.86836e+007 2.86836e+007 2.86836e+007 0 0 0 0 0 0 0 0 0 0 0 0 0 0 0 0 0 0 0 0 0 0 0 0 0
#obs survey bio
 3.90195e+006 4.26809e+006 2.92826e+006 3.98174e+006 2.831e+006 2.12027e+006 2.37908e+006 2.49435e+006 2.54676e+006 1.94596e+006 1.93436e+006 1.31651e+006 1.49752e+006 963182 903171 757835 677881 1.03558e+006 496786 657424 764407 578995 778241 298601 306837 595942 503540 469557 443015 708450 620958 646688 562230 519925 590036 639665 449140 849475 585136 671064 554630 494412 621367 796034 615572 542693 846686 686691 809942 673381 644405 704873 1.06168e+006 726453 847629 1.27413e+006
#pred catch bio
 102109 97082.1 136961 193559 262691 275732 308235 319138 316460 293233 295732 251896 264469 257679 246517 205826 177415 164726 155560 138413 129454 124434 119633 120758 105889 100965 101770 111553 109459 95498.6 84082.3 103962 91607.9 92412.5 91823.8 88446.3 90806.3 104759 101043 99181.9 106894 92322.4 105055 105164 110385 108089 111417 110084 117264 120222 66748.3 81250.9 94302.3 104001 102107 113859 111263 114198 112591 115196 121765 130211 138861 146756 153468 158904 163156 166396 168816 170596 171889 172820 173485 173956 174290 174524 174689 174804 174884 174940 174979 175006 175025 175038 175047 175053 175057 175060 175062 175063 175064 175065 175066 175066 175066 175066 175066 175066 175066 175067 175067 175067 175067 175067 175067 175067 175067 175067 175067 175067 175067 175067 175067 175067 175067 175067 175067 175067 175067 175067 175067 175067 175067 175067 175067 175067 175067 175067 175067 175067 175067 175067 175067 175067 175067 175067 175067 175067 175067 175067 175067 175067 175067 175067 175067 175067 175067 175067 175067 175067 175067 175067 175067 175067 175067 175067 0 0 0 0 0 0 0 0 0 0 0 0 0 0 0 0 0 0 0 0 0 0 0 0 0
#obs catch bio
 0 96774.2 136922 193465 263378 276092 309584 321501 319050 294861 296966 253519 265354 260178 250016 209632 179931 166191 157695 139750 130204 125274 119980 122157 107395 101975 102420 112106 110456 95888.3 84158.2 104607 91572.9 92467.2 91809.9 88412.7 91176.1 104810 100548 98949.8 107350 92501.1 106040 105616 111058 108973 112383 111027 118162 121593 66567.3 81615.8 94542.5 104690 102490 113956
#pred cpue bio
 3.63963e+006 3.52484e+006 3.42092e+006 3.27974e+006 3.08793e+006 2.83655e+006 2.58885e+006 2.32453e+006 2.0658e+006 1.82467e+006 1.6207e+006 1.42303e+006 1.28093e+006 1.13011e+006 988561 858228 770793 712749 665652 624480 598533 579388 563107 550032 533837 534058 540302 545303 537402 529512 536484 557347 555287 566265 576432 587797 604370 619862 619538 622900 629233 628142 646107 652479 660389 663606 670722 675289 682160 680777 674739 731390 774618 802534 817409 831298 2.88822e+007 1.69777e+007 1.67946e+007 1.72517e+007 1.83184e+007 1.96796e+007 2.10812e+007 2.23762e+007 2.3497e+007 2.4426e+007 2.51735e+007 2.57625e+007 2.62203e+007 2.65726e+007 2.68423e+007 2.70482e+007 2.72052e+007 2.73251e+007 2.74169e+007 2.74874e+007 2.75418e+007 2.75839e+007 2.76167e+007 2.76423e+007 2.76625e+007 2.76783e+007 2.76909e+007 2.77008e+007 2.77087e+007 2.77151e+007 2.77202e+007 2.77243e+007 2.77275e+007 2.77302e+007 2.77324e+007 2.77341e+007 2.77355e+007 2.77367e+007 2.77376e+007 2.77384e+007 2.7739e+007 2.77395e+007 2.774e+007 2.77403e+007 2.77406e+007 2.77408e+007 2.7741e+007 2.77411e+007 2.77413e+007 2.77414e+007 2.77414e+007 2.77415e+007 2.77416e+007 2.77416e+007 2.77416e+007 2.77417e+007 2.77417e+007 2.77417e+007 2.77417e+007 2.77418e+007 2.77418e+007 2.77418e+007 2.77418e+007 2.77418e+007 2.77418e+007 2.77418e+007 2.77418e+007 2.77418e+007 2.77418e+007 2.77418e+007 2.77418e+007 2.77418e+007 2.77418e+007 2.77418e+007 2.77418e+007 2.77418e+007 2.77418e+007 2.77418e+007 2.77418e+007 2.77418e+007 2.77418e+007 2.77418e+007 2.77418e+007 2.77418e+007 2.77418e+007 2.77418e+007 2.77418e+007 2.77418e+007 2.77418e+007 2.77418e+007 2.77418e+007 2.77418e+007 2.77418e+007 2.77418e+007 2.77418e+007 2.77418e+007 2.77418e+007 2.77418e+007 2.77418e+007 2.77418e+007 0 0 0 0 0 0 0 0 0 0 0 0 0 0 0 0 0 0 0 0 0 0 0 0 0
#obs cpue bio
 3.4778e+006 3.01896e+006 3.91328e+006 3.00353e+006 2.52155e+006 3.25872e+006 2.27911e+006 1.55972e+006 1.56697e+006 1.83273e+006 1.74717e+006 969554 1.58531e+006 846860 817060 564999 846753 594374 615896 603077 545633 518412 487116 605552 553794 546832 680680 768628 470220 477187 461571 496881 687761 641799 629545 539138 522462 784995 981680 478354 512102 664175 457000 693310 636756 579164 504687 560809 638480 677961 751283 685312 739617 601714 856206 963073
#pred surv len freq
 0.00512924 0.00825226 0.0122795 0.0171491 0.0227264 0.0287416 0.0347533 0.0402393 0.0447874 0.0482322 0.0506413 0.0522027 0.0531216 0.0535735 0.0536955 0.0535948 0.0533638 0.0530766 0.052736 0.0521656 0.0509195 0.0483372 0.0438239 0.0372518 0.0292062
 0.0052504 0.00837749 0.01234 0.0170486 0.0223816 0.0281379 0.0339797 0.0394704 0.0442129 0.0479737 0.0507087 0.0525133 0.0535623 0.054062 0.0542086 0.054155 0.0539969 0.053766 0.0533984 0.0526665 0.0511264 0.0481851 0.0433536 0.0365958 0.0285289
 0.00550436 0.00876484 0.0128702 0.0176999 0.0230912 0.0287985 0.0344527 0.0396262 0.0439902 0.0474261 0.0499967 0.0518369 0.0530733 0.0538156 0.0541763 0.0542754 0.0542165 0.0540428 0.053678 0.0528643 0.0511429 0.0479513 0.0428754 0.035961 0.0278693
 0.00570205 0.00909222 0.013373 0.0184212 0.0240578 0.0299986 0.0358132 0.0410037 0.0451909 0.0482554 0.0503237 0.0516457 0.0524716 0.0529895 0.0533151 0.0535075 0.0535885 0.0535359 0.0532347 0.0524085 0.0505984 0.0472695 0.042064 0.0350911 0.0270481
 0.00591372 0.00943076 0.0138735 0.0191162 0.0249754 0.0311568 0.0372074 0.0425909 0.046876 0.0498874 0.0517118 0.0525975 0.0528498 0.0527623 0.0525699 0.0524154 0.0523365 0.052263 0.0520032 0.0512137 0.0494044 0.0460514 0.0408391 0.0339249 0.0260289
 0.00619829 0.00988088 0.0145279 0.0200039 0.0261122 0.0325406 0.0388117 0.0443611 0.0487328 0.0517325 0.053428 0.0540462 0.0538777 0.0532281 0.0523886 0.0515957 0.0509845 0.0505455 0.0500894 0.049231 0.0474311 0.044141 0.0390518 0.0323384 0.024721
 0.00644981 0.0102867 0.0151332 0.020849 0.0272263 0.033931 0.0404521 0.0461876 0.0506526 0.0536405 0.0552206 0.0556235 0.0551365 0.0540573 0.0526771 0.0512591 0.0499999 0.0489722 0.0480598 0.0469169 0.0450062 0.0417619 0.0368556 0.0304409 0.0232035
 0.00669574 0.010685 0.0157304 0.0216889 0.0283437 0.0353409 0.0421364 0.0480881 0.0526752 0.0556701 0.0571377 0.0573165 0.0565062 0.0550149 0.0531386 0.051146 0.049253 0.0475777 0.0460744 0.0444744 0.0423015 0.039019 0.0342919 0.0282333 0.0214607
 0.00696208 0.0111085 0.0163508 0.0225393 0.0294473 0.0367057 0.0437467 0.0498977 0.0546088 0.0576315 0.0590203 0.0590124 0.0579134 0.0560411 0.0537023 0.0511742 0.0486838 0.0463737 0.0442469 0.0421094 0.0395692 0.0361566 0.0315592 0.0258564 0.0195825
 0.00729252 0.0116245 0.0170884 0.0235191 0.0306734 0.0381641 0.0454013 0.0516882 0.0564559 0.0594482 0.060722 0.0605208 0.0591553 0.0569458 0.0542002 0.0511971 0.048168 0.0452705 0.0425437 0.0398578 0.0369074 0.0333068 0.0287897 0.0234173 0.017642
 0.00763039 0.0121545 0.0178499 0.0245357 0.0319491 0.0396787 0.0471042 0.0534981 0.0582721 0.0611696 0.0622643 0.0618219 0.0601709 0.0576397 0.0545348 0.0511275 0.0476416 0.0442367 0.0409745 0.0377781 0.0344229 0.0306111 0.0261352 0.0210531 0.0157454
 0.00801073 0.0127555 0.0187219 0.0257129 0.0334428 0.0414673 0.0491222 0.0556339 0.0603822 0.0631068 0.0639044 0.0630798 0.0610032 0.0580361 0.0545036 0.0506783 0.046773 0.0429345 0.0392268 0.0356049 0.0319093 0.0279232 0.0235008 0.0187066 0.0138592
 0.00828595 0.0131902 0.019353 0.0265681 0.034538 0.042802 0.0506713 0.0573409 0.0621602 0.0648476 0.0654925 0.0644079 0.0619847 0.0586146 0.054654 0.050399 0.046073 0.0418228 0.037714 0.0337208 0.0297294 0.0255868 0.0212014 0.0166473 0.0121946
 0.00860339 0.0136987 0.0201034 0.0276009 0.0358743 0.0444296 0.0525322 0.0593299 0.0641413 0.0666817 0.0670608 0.0656214 0.0627838 0.0589655 0.0545458 0.0498412 0.0450898 0.040447 0.0359846 0.0316911 0.0274846 0.0232579 0.0189588 0.0146663 0.010606
 0.00884079 0.0140921 0.0207095 0.0284768 0.0370658 0.045952 0.05435 0.0613483 0.0662176 0.0686516 0.0687679 0.0669403 0.0636326 0.0593074 0.0543825 0.0492011 0.0440167 0.0389922 0.0342062 0.0296599 0.0252957 0.0210386 0.016861 0.0128388 0.00915451
 0.00907735 0.0144716 0.0212719 0.0292583 0.0380947 0.0472414 0.0558857 0.063079 0.0680524 0.0704678 0.0704254 0.0683012 0.0645814 0.0597683 0.054327 0.0486444 0.0430057 0.0375927 0.0324946 0.0277236 0.023239 0.0189863 0.0149505 0.0111961 0.00786352
 0.00917962 0.0146353 0.0215146 0.0295971 0.0385468 0.047823 0.0566094 0.063949 0.0690594 0.0715837 0.0715983 0.069453 0.065613 0.0605723 0.0548072 0.0487339 0.0426782 0.0368635 0.0314151 0.026374 0.0217232 0.0174263 0.0134742 0.00991627 0.00685387
 0.009229 0.0147082 0.0216111 0.0297144 0.0386826 0.0479808 0.056802 0.0641985 0.0693935 0.0720275 0.0721653 0.070135 0.0663724 0.0613406 0.0554915 0.0492333 0.0429052 0.0367634 0.0309784 0.0256389 0.0207693 0.0163625 0.0124194 0.00897663 0.00610067
 0.00927811 0.014785 0.0217207 0.0298585 0.0388584 0.0481801 0.0570118 0.0644047 0.0695878 0.0722142 0.0723635 0.0703721 0.0666708 0.0617032 0.0558909 0.0496118 0.0431851 0.0368672 0.0308514 0.0252675 0.0201881 0.0156469 0.0116674 0.00828261 0.0055323
 0.00933464 0.014873 0.0218457 0.030023 0.0390611 0.0484149 0.0572669 0.0646623 0.0698262 0.0724137 0.0725131 0.0704749 0.0667444 0.0617729 0.0559777 0.0497175 0.043285 0.0369139 0.0307905 0.0250601 0.0198292 0.0151717 0.0111409 0.00777826 0.00510857
 0.00942945 0.0150025 0.0219956 0.0301656 0.0391649 0.0484582 0.0572487 0.0646027 0.0697566 0.0723636 0.0725002 0.0705035 0.06681 0.0618688 0.0560986 0.0498581 0.0434328 0.0370437 0.030866 0.0250447 0.0197025 0.0149416 0.0108441 0.00746676 0.00483074
 0.00948489 0.0150908 0.0221236 0.0303351 0.039368 0.0486738 0.0574418 0.0647326 0.0697928 0.0723008 0.0723632 0.0703368 0.0666591 0.0617648 0.056053 0.049866 0.0434792 0.0371063 0.030917 0.0250548 0.0196493 0.0148199 0.0106694 0.00727035 0.00464665
 0.00959523 0.0152511 0.0223299 0.0305722 0.0396147 0.0489099 0.0576529 0.0649078 0.0699195 0.0723627 0.0723447 0.0702335 0.0664854 0.0615527 0.0558412 0.0496865 0.0433477 0.0370205 0.0308605 0.0250041 0.0195822 0.0147239 0.0105465 0.00713521 0.00451923
 0.00973967 0.0154677 0.0226213 0.0309271 0.0400089 0.0493103 0.0580215 0.065207 0.0701195 0.0724478 0.0723155 0.0701025 0.0662716 0.0612784 0.0555325 0.0493728 0.043057 0.0367723 0.0306605 0.0248446 0.0194484 0.0146013 0.0104281 0.00702298 0.00442065
 0.00974273 0.0154978 0.0227121 0.0311223 0.0403477 0.0498056 0.0586425 0.0658793 0.0707451 0.0729348 0.0726032 0.0701708 0.0661365 0.0609796 0.0551208 0.0489005 0.0425719 0.0363134 0.0302546 0.0245042 0.0191728 0.014382 0.0102545 0.00688725 0.00431805
 0.0095713 0.0152345 0.0223468 0.0306628 0.0398249 0.0492773 0.0581909 0.0655955 0.0706998 0.0731482 0.0730324 0.0707256 0.0667124 0.0614916 0.0555205 0.0491758 0.0427368 0.0363948 0.0302815 0.0245004 0.0191538 0.0143557 0.0102242 0.00685532 0.00428745
 0.0094743 0.0150681 0.0220812 0.0302671 0.0392774 0.0485814 0.0573894 0.0647751 0.0699779 0.0726451 0.072838 0.0708721 0.0671645 0.0621582 0.0562841 0.0499276 0.0434004 0.0369343 0.0306935 0.0248005 0.0193639 0.0144964 0.0103126 0.00690542 0.00431153
 0.00943374 0.0150008 0.0219764 0.030111 0.0390532 0.0482704 0.056977 0.0642601 0.0693842 0.0720294 0.0722866 0.0704827 0.0670174 0.0622878 0.056666 0.0504865 0.044037 0.0375557 0.0312353 0.0252327 0.0196845 0.0147193 0.010458 0.00699369 0.00436049
 0.00942369 0.0149964 0.0219908 0.0301617 0.0391538 0.0484196 0.0571496 0.0644078 0.0694479 0.0719596 0.072064 0.0701311 0.0666021 0.0618981 0.056386 0.0503667 0.0440795 0.03772 0.0314597 0.0254596 0.0198758 0.01486 0.0105501 0.00704773 0.00438872
 0.00944685 0.0150251 0.0220183 0.0301786 0.0391535 0.0484049 0.0571354 0.0644142 0.0694865 0.0720207 0.0721144 0.0701275 0.0665141 0.0617273 0.0561701 0.0501649 0.0439472 0.0376857 0.0315174 0.0255768 0.0200119 0.0149829 0.0106432 0.00710877 0.00442383
 0.00941129 0.0149592 0.0219044 0.029996 0.0388844 0.048044 0.0566993 0.063945 0.0690458 0.0716742 0.071913 0.070091 0.0666253 0.061941 0.0564344 0.0504424 0.0442245 0.0379673 0.031809 0.0258729 0.0202942 0.0152288 0.0108366 0.00724539 0.00451049
 0.00917384 0.014603 0.0214237 0.0294038 0.0382076 0.0473149 0.0559517 0.0632163 0.0683819 0.0711307 0.0715494 0.0699581 0.0667492 0.0623116 0.057004 0.0511392 0.0449733 0.038707 0.0325 0.0264922 0.0208272 0.0156648 0.0111708 0.00748206 0.0046637
 0.00922497 0.0146673 0.021486 0.0294392 0.0381888 0.0472232 0.0557846 0.0629864 0.0681081 0.0708295 0.0712346 0.0696476 0.0664726 0.0621082 0.0569107 0.0511744 0.0451291 0.0389537 0.0327978 0.0268034 0.0211222 0.015923 0.0113795 0.00763697 0.00476833
 0.00922311 0.0146557 0.021452 0.0293645 0.0380522 0.0470068 0.0554807 0.0626041 0.0676745 0.070387 0.0708314 0.0693265 0.0662625 0.0620224 0.0569513 0.0513368 0.0454013 0.0393133 0.0332117 0.0272317 0.0215267 0.016274 0.01166 0.007843 0.0049067
 0.00924358 0.0146842 0.0214854 0.0293952 0.0380681 0.0469918 0.0554168 0.0624744 0.0674688 0.0701079 0.0704984 0.0689752 0.0659373 0.061766 0.0567955 0.0512978 0.0454799 0.0394967 0.0334754 0.0275428 0.0218481 0.0165717 0.0119094 0.0080324 0.00503707
 0.00926214 0.0147102 0.0215168 0.0294271 0.0380933 0.0470025 0.0554052 0.0624328 0.0673896 0.0699843 0.0703274 0.0687616 0.0656969 0.061526 0.0565898 0.0511588 0.0454306 0.0395451 0.033613 0.0277468 0.022087 0.0168117 0.0121225 0.00820147 0.00515727
 0.00909569 0.0144719 0.0212177 0.0290978 0.0377745 0.0467307 0.0552012 0.0622997 0.0673183 0.0699607 0.0703375 0.068793 0.0657398 0.0615753 0.0566474 0.0512347 0.0455393 0.0396995 0.0338173 0.0279926 0.0223539 0.0170733 0.0123537 0.00838549 0.00528908
 0.00895694 0.0142521 0.0208994 0.0286731 0.0372519 0.046142 0.0546047 0.0617718 0.0669324 0.0697627 0.0703317 0.0689469 0.0660023 0.0618956 0.0569875 0.0515731 0.0458696 0.0400245 0.0341421 0.0283177 0.0226711 0.0173671 0.0126066 0.00858508 0.00543198
 0.00912971 0.014493 0.0211873 0.0289615 0.0374802 0.0462544 0.0545688 0.0615874 0.0666311 0.069399 0.0699682 0.0686373 0.0657769 0.0617575 0.0569195 0.0515515 0.0458763 0.0400522 0.034192 0.0283931 0.0227709 0.0174828 0.0127243 0.00869029 0.00551482
 0.00923336 0.0146606 0.0214357 0.0293 0.0379016 0.0467249 0.0550236 0.0619408 0.0668023 0.0693436 0.0696973 0.0682124 0.0652857 0.0612826 0.0565166 0.0512431 0.0456585 0.039909 0.0341072 0.0283552 0.0227717 0.0175134 0.0127731 0.00874439 0.00556342
 0.00927165 0.0147235 0.0215322 0.0294401 0.0380954 0.04698 0.0553386 0.0622979 0.0671618 0.069646 0.0698777 0.0682228 0.0651161 0.0609673 0.056121 0.0508389 0.045301 0.0396268 0.0339055 0.0282252 0.0226999 0.0174855 0.0127751 0.00876284 0.00558709
 0.00939496 0.01491 0.021787 0.0297588 0.0384664 0.0473873 0.0557644 0.0627222 0.0675614 0.0699932 0.070139 0.0683609 0.0650966 0.0607724 0.0557617 0.0503584 0.0447637 0.0390996 0.0334397 0.0278488 0.0224193 0.0172925 0.0126537 0.00869441 0.00555359
 0.0092452 0.0146971 0.0215232 0.0294751 0.0382041 0.0471849 0.0556468 0.0626992 0.0676321 0.0701518 0.0703754 0.0686565 0.0654204 0.0610814 0.0560106 0.0505139 0.0448174 0.0390695 0.0333609 0.0277588 0.0223448 0.0172452 0.0126327 0.00869203 0.00556076
 0.00921353 0.0146432 0.0214389 0.0293545 0.0380487 0.0470096 0.0554822 0.0625851 0.0676041 0.070226 0.0705424 0.0688877 0.0656792 0.0613331 0.0562256 0.0506682 0.0448953 0.0390688 0.033296 0.0276563 0.0222347 0.0171506 0.0125648 0.00865102 0.00554033
 0.00924925 0.0146889 0.0214845 0.0293822 0.0380374 0.0469421 0.0553529 0.0624056 0.067403 0.0700437 0.0704202 0.0688548 0.065743 0.061477 0.0564162 0.0508659 0.0450647 0.0391862 0.033353 0.0276598 0.0222026 0.0171043 0.0125215 0.00861945 0.00552179
 0.00925315 0.0147055 0.0215273 0.0294677 0.0381768 0.0471316 0.0555671 0.0626008 0.0675324 0.0700765 0.0703548 0.0687189 0.0655809 0.0613318 0.0563146 0.050812 0.045044 0.0391752 0.033331 0.0276165 0.0221402 0.0170335 0.0124551 0.00856674 0.00548587
 0.00918958 0.0146114 0.021404 0.0293243 0.038031 0.0470074 0.0554903 0.062592 0.0675973 0.0701996 0.0705025 0.0688527 0.0656747 0.061382 0.0563373 0.0508305 0.045074 0.0392185 0.0333775 0.0276529 0.0221578 0.0170322 0.0124413 0.00854885 0.00547014
 0.00913456 0.0145279 0.0212894 0.029181 0.0378663 0.0468336 0.0553249 0.062457 0.0675159 0.0701897 0.0705693 0.0689838 0.0658424 0.0615534 0.0564864 0.0509466 0.0451613 0.0392874 0.0334358 0.0277019 0.0221945 0.0170541 0.0124496 0.00854791 0.00546521
 0.00902615 0.0143655 0.021071 0.0289142 0.0375666 0.0465209 0.0550216 0.062187 0.0673035 0.0700577 0.0705344 0.0690527 0.0660084 0.0617955 0.056773 0.0512434 0.0454405 0.0395328 0.0336421 0.0278698 0.0223261 0.0171518 0.0125167 0.00858985 0.00548877
 0.00898595 0.0143013 0.0209769 0.0287863 0.0374046 0.0463305 0.0548154 0.0619837 0.0671241 0.06992 0.0704502 0.069028 0.0660451 0.0618912 0.05692 0.0514271 0.0456412 0.0397302 0.03382 0.028019 0.0224437 0.017239 0.0125771 0.00862836 0.00551108
 0.00896312 0.0142682 0.0209342 0.0287365 0.0373503 0.0462724 0.0547516 0.0619107 0.0670402 0.0698284 0.0703597 0.0689507 0.0659931 0.0618742 0.0569428 0.0514892 0.0457359 0.0398455 0.0339414 0.0281328 0.0225403 0.0173139 0.0126303 0.00866298 0.00553152
 0.00851385 0.0135715 0.0199503 0.0274565 0.0358032 0.0445316 0.0529406 0.0601965 0.0656053 0.0688303 0.0698954 0.0690426 0.0665961 0.0628942 0.0582595 0.0529763 0.0472761 0.0413403 0.0353148 0.0293317 0.023534 0.0180928 0.0132046 0.00905829 0.00578367
 0.00839865 0.0133594 0.0195855 0.0268726 0.03494 0.0433617 0.0514952 0.0585749 0.0639621 0.0673441 0.0687352 0.068338 0.0664175 0.0632442 0.0590772 0.0541529 0.0486781 0.0428315 0.0367739 0.0306631 0.0246729 0.0190063 0.0138892 0.00953525 0.00609057
 0.00832435 0.0132525 0.0194478 0.0267067 0.0347384 0.0430946 0.0511077 0.0580023 0.0631624 0.0663325 0.0675999 0.0672271 0.0655013 0.0626704 0.0589349 0.0544561 0.0493694 0.0438019 0.03789 0.0317942 0.0257117 0.0198811 0.0145673 0.0100188 0.00640672
 0.00784668 0.0125751 0.0186119 0.0258134 0.0339197 0.0424654 0.0507233 0.0578436 0.0631473 0.0663473 0.0675384 0.0670305 0.0651842 0.062321 0.058685 0.0544332 0.049651 0.0443915 0.0387209 0.0327544 0.0266782 0.0207501 0.0152733 0.0105394 0.00675539
 0.00715808 0.011526 0.0171691 0.0240057 0.0318447 0.0402882 0.0486668 0.0561559 0.0620404 0.0659258 0.0677615 0.0677344 0.0661543 0.0633749 0.059727 0.0554599 0.0507163 0.0455519 0.0399902 0.034087 0.0279833 0.0219259 0.0162409 0.0112641 0.00724784
#obs surv len freq
 nan nan nan nan nan nan nan nan nan nan nan nan nan nan nan nan nan nan nan nan nan nan nan nan nan
 0.00448497 0.00734641 0.0111764 0.0159926 0.0216931 0.0279682 0.0342818 0.0400127 0.044692 0.0481558 0.0505137 0.0520097 0.0529021 0.0534147 0.0537291 0.0539842 0.0542628 0.0545556 0.0546944 0.0542863 0.0527244 0.0493565 0.0438062 0.0362863 0.0276699
 0.00462273 0.00757147 0.0115168 0.016474 0.0223323 0.0287639 0.0352044 0.0410023 0.0456665 0.0490272 0.051205 0.052466 0.0530961 0.0533463 0.0534211 0.0534743 0.053595 0.0537729 0.0538361 0.0533896 0.0518284 0.048505 0.0430444 0.0356526 0.0271856
 0.00477685 0.00782646 0.0119088 0.0170394 0.0231005 0.0297449 0.0363771 0.0423082 0.0470166 0.0503168 0.0523296 0.0533347 0.0536405 0.0535273 0.0532318 0.0529376 0.0527569 0.0526934 0.0525818 0.0520313 0.0504415 0.0471702 0.0418421 0.0346488 0.026417
 0.00496863 0.00813713 0.0123746 0.0176944 0.0239709 0.0308408 0.0376816 0.043772 0.048561 0.0518442 0.0537359 0.0545178 0.0545089 0.0540078 0.0532772 0.0525326 0.0519197 0.0514737 0.0510557 0.0502964 0.0486133 0.0453756 0.0402062 0.0332738 0.0253601
 0.005183 0.00848912 0.0129106 0.0184592 0.0249984 0.0321398 0.039222 0.0454815 0.0503376 0.0535768 0.0553208 0.0558652 0.0555402 0.0546529 0.0534762 0.0522423 0.051123 0.0501885 0.0493414 0.0482561 0.0463908 0.0431428 0.0381391 0.0315191 0.0240033
 0.00540087 0.00884782 0.013459 0.0192462 0.0260642 0.0335009 0.0408558 0.0473198 0.0522747 0.0554891 0.0570869 0.0573791 0.056716 0.0554234 0.0537874 0.0520504 0.0503974 0.048922 0.0475668 0.0460615 0.0439256 0.0406067 0.03575 0.029466 0.0224025
 0.00562845 0.00921983 0.014023 0.0200484 0.0271418 0.0348693 0.0424946 0.0491664 0.0542318 0.0574411 0.0589166 0.0589782 0.0579909 0.0562968 0.0541984 0.0519514 0.049753 0.0477148 0.0458125 0.0438304 0.0413586 0.0379116 0.0331687 0.0272193 0.0206341
 0.00588169 0.00963325 0.0146483 0.0209346 0.0283257 0.0363604 0.0442604 0.0511277 0.056275 0.0594409 0.0607562 0.0605588 0.0592325 0.0571347 0.0545791 0.05183 0.0490929 0.0464933 0.0440355 0.0415552 0.0387151 0.0351055 0.030452 0.0248317 0.0187396
 0.00611705 0.0100209 0.0152412 0.0217851 0.0294755 0.0378243 0.0460094 0.0530834 0.0583208 0.0614451 0.0625942 0.0621266 0.0604503 0.0579441 0.0549372 0.0517025 0.04845 0.045313 0.0423181 0.0393466 0.0361316 0.0323409 0.027753 0.0224407 0.0168286
 0.00637042 0.010433 0.0158616 0.0226607 0.0306415 0.0392909 0.0477472 0.0550173 0.0603389 0.0634185 0.0643977 0.0636525 0.0616148 0.0586886 0.0552243 0.0515089 0.0477597 0.0441157 0.040619 0.0371885 0.0336195 0.0296536 0.0251232 0.0201023 0.0149517
 0.00660143 0.0108163 0.0164528 0.0235151 0.0318024 0.0407707 0.0495091 0.056971 0.0623564 0.0653613 0.0661405 0.0650958 0.0626858 0.059338 0.0554222 0.0512393 0.0470156 0.0428975 0.0389411 0.0350961 0.0312111 0.0270929 0.0226234 0.0178794 0.0131648
 0.00683955 0.0112021 0.0170311 0.0243278 0.0328816 0.0421269 0.0511178 0.0587656 0.0642331 0.0671953 0.067806 0.0664823 0.0637088 0.059943 0.0555813 0.0509444 0.0462697 0.0417115 0.0373379 0.033125 0.0289663 0.0247234 0.0203204 0.0158359 0.0115231
 0.00705064 0.0115538 0.0175756 0.0251174 0.0339562 0.0434951 0.0527399 0.060551 0.0660572 0.0689277 0.0693331 0.0677163 0.0645869 0.0604237 0.0556421 0.0505792 0.0454858 0.0405268 0.0357835 0.0312548 0.0268711 0.022539 0.0182159 0.0139797 0.0100375
 0.00726407 0.0119032 0.0181063 0.0258733 0.0349714 0.0447804 0.0542675 0.0622472 0.06781 0.070606 0.0708099 0.0688874 0.0653814 0.0608052 0.0556032 0.0501316 0.0446518 0.0393352 0.034273 0.0294825 0.0249243 0.0205405 0.0163135 0.0123166 0.00871478
 0.00741739 0.0121554 0.0184912 0.0264249 0.0357177 0.0457334 0.055413 0.0635399 0.0691783 0.0719631 0.0720652 0.0699541 0.0661835 0.0612844 0.0557239 0.0498822 0.0440416 0.03839 0.0330323 0.0280041 0.0232907 0.0188618 0.0147175 0.0109243 0.00760992
 0.0075296 0.0123372 0.0187642 0.0268095 0.0362305 0.0463825 0.0561923 0.0644259 0.0701319 0.0729352 0.0730016 0.0707993 0.0668819 0.0617826 0.0559751 0.0498516 0.043711 0.0377613 0.0321295 0.0268748 0.0220087 0.0175249 0.0134368 0.00980314 0.00671894
 0.00758828 0.0124303 0.0189004 0.0269964 0.0364747 0.0466894 0.0565649 0.0648638 0.0706302 0.073484 0.0735847 0.071392 0.06745 0.0622825 0.0563567 0.0500643 0.0437115 0.0375217 0.031645 0.0261695 0.0211372 0.0165688 0.0124922 0.00896021 0.00604115
 0.00764086 0.0125095 0.0190081 0.0271304 0.0366304 0.0468621 0.0567517 0.0650644 0.0708479 0.0737249 0.0738558 0.0716971 0.0677845 0.062629 0.0566835 0.0503278 0.0438628 0.037516 0.0314533 0.0257887 0.0205961 0.015926 0.0118252 0.00834633 0.00553761
 0.00771726 0.0126247 0.0191644 0.0273235 0.0368495 0.0470919 0.0569744 0.0652627 0.0710088 0.0738449 0.073943 0.0717688 0.0678603 0.0627226 0.056796 0.0504434 0.0439502 0.0375355 0.0313671 0.0255745 0.0202573 0.0154954 0.0113573 0.00790175 0.00516484
 0.00776053 0.0126936 0.0192648 0.027459 0.0370192 0.0472885 0.0571824 0.0654604 0.0711735 0.0739604 0.0740049 0.0717857 0.0678501 0.0627066 0.0567909 0.0504553 0.0439707 0.0375418 0.0313287 0.025464 0.0200629 0.0152281 0.0110497 0.00759692 0.00490124
 0.0078063 0.0127629 0.0193599 0.0275785 0.0371595 0.047444 0.0573464 0.0656237 0.0713248 0.0740862 0.0740928 0.071828 0.0678471 0.0626674 0.0567309 0.0503908 0.0439112 0.0374859 0.0312635 0.0253708 0.0199272 0.0150487 0.0108417 0.00738654 0.00471542
 0.00782476 0.0127912 0.0193991 0.0276284 0.0372182 0.0475086 0.057413 0.0656886 0.0713851 0.0741411 0.0741426 0.071872 0.067883 0.0626914 0.0567408 0.0503874 0.043898 0.0374652 0.031233 0.0253231 0.0198538 0.0149462 0.0107167 0.00725451 0.00459442
 0.00789023 0.0128874 0.0195249 0.0277759 0.0373748 0.0476604 0.0575477 0.0657966 0.07146 0.07418 0.0741465 0.0718461 0.0678342 0.0626272 0.0566671 0.0503084 0.0438165 0.0373831 0.0311507 0.0252387 0.0197636 0.0148484 0.0106135 0.00715324 0.00450469
 0.007905 0.0129159 0.0195754 0.0278574 0.0374929 0.0478122 0.0577181 0.0659611 0.0715922 0.0742613 0.074172 0.071823 0.067777 0.0625503 0.0565818 0.0502217 0.0437319 0.0373019 0.0310724 0.0251619 0.0196868 0.0147705 0.010536 0.00708012 0.00444126
 0.00788619 0.0128837 0.0195248 0.0277845 0.0373983 0.0477042 0.0576141 0.0658838 0.0715609 0.0742834 0.0742397 0.0719183 0.0678799 0.0626469 0.0566655 0.0502913 0.0437882 0.0373454 0.0311027 0.0251781 0.0196883 0.0147581 0.0105125 0.00705033 0.00441083
 0.00787303 0.0128571 0.019475 0.0276997 0.0372679 0.0475243 0.0573929 0.0656435 0.0713347 0.0741073 0.074143 0.0719152 0.0679658 0.0628012 0.0568595 0.0504974 0.0439854 0.0375206 0.0312492 0.0252932 0.0197717 0.0148119 0.0105412 0.00706019 0.00440907
 0.00788782 0.0128754 0.0194918 0.0277058 0.0372512 0.0474724 0.0572969 0.065501 0.0711527 0.073904 0.0739461 0.0717565 0.067873 0.0627891 0.0569261 0.0506251 0.0441486 0.0376932 0.0314107 0.0254304 0.0198786 0.0148878 0.0105892 0.00708628 0.00442006
 0.00790113 0.0128968 0.019523 0.0277471 0.0373001 0.0475221 0.0573353 0.0655123 0.0711221 0.0738233 0.0738184 0.071598 0.0677095 0.0626501 0.056836 0.0505966 0.0441795 0.0377689 0.0315101 0.0255332 0.0199694 0.0149585 0.0106379 0.00711566 0.00443513
 0.00787647 0.0128592 0.0194712 0.0276823 0.0372257 0.0474436 0.0572601 0.0654474 0.0710717 0.0737867 0.0737903 0.071571 0.0676799 0.0626211 0.0568178 0.0506026 0.0442195 0.0378443 0.0316128 0.0256479 0.0200801 0.0150524 0.0107089 0.0071634 0.00446368
 0.00783959 0.012794 0.0193641 0.0275188 0.0369963 0.0471512 0.0569252 0.0651083 0.0707745 0.0735717 0.0736808 0.0715693 0.0677704 0.0627783 0.057016 0.0508217 0.0444478 0.0380753 0.0318406 0.0258642 0.0202742 0.0152146 0.0108334 0.00725065 0.00451905
 0.00781133 0.0127481 0.0192946 0.0274194 0.0368601 0.0469721 0.0567011 0.0648444 0.0704875 0.0732907 0.0734423 0.0714086 0.067711 0.0628249 0.0571547 0.051027 0.0446915 0.0383332 0.032095 0.0261022 0.0204856 0.0153914 0.0109711 0.00734919 0.00458335
 0.00778632 0.0127049 0.019225 0.0273146 0.0367132 0.0467811 0.0564719 0.0645906 0.0702276 0.0730437 0.0732267 0.0712425 0.0676126 0.0628095 0.0572294 0.0511864 0.0449175 0.0385998 0.0323748 0.0263716 0.0207271 0.0155935 0.0111286 0.00746266 0.00465824
 0.00775471 0.0126542 0.0191498 0.0272102 0.0365758 0.0466095 0.0562688 0.0643644 0.069992 0.0728161 0.0730258 0.0710853 0.0675127 0.0627772 0.0572706 0.0513018 0.0451004 0.038835 0.0326399 0.0266415 0.0209784 0.0158092 0.0112991 0.00758679 0.00474093
 0.00775236 0.0126446 0.0191248 0.0271588 0.0364873 0.0464778 0.0560963 0.0641621 0.0697769 0.0726064 0.0728371 0.0709305 0.0674023 0.0627194 0.0572717 0.0513649 0.045224 0.0390114 0.0328545 0.0268741 0.0212068 0.0160135 0.011466 0.0077111 0.00482518
 0.00771094 0.0125835 0.0190442 0.0270618 0.036378 0.0463583 0.0559655 0.0640177 0.0696191 0.0724416 0.0726784 0.0707945 0.0673043 0.0626704 0.0572772 0.0514259 0.0453379 0.0391718 0.0330505 0.02709 0.0214236 0.0162123 0.0116323 0.00783759 0.00491241
 0.00766729 0.0125121 0.0189364 0.026911 0.0361823 0.0461247 0.0557119 0.0637702 0.0694043 0.0722778 0.0725718 0.0707415 0.0672983 0.0627065 0.057354 0.0515431 0.0454938 0.0393618 0.033266 0.0273182 0.0216487 0.016418 0.0118051 0.00797022 0.00500483
 0.00766713 0.0125082 0.0189238 0.026882 0.0361284 0.0460384 0.0555899 0.0636161 0.0692295 0.0720999 0.0724106 0.0706141 0.0672147 0.0626693 0.0573605 0.0515894 0.0455765 0.0394777 0.0334098 0.0274813 0.0218185 0.0165802 0.0119466 0.00808234 0.00508515
 0.00765303 0.0124874 0.0188962 0.0268482 0.0360886 0.0459913 0.0555319 0.0635423 0.0691361 0.0719878 0.0722869 0.0704918 0.0671096 0.0625958 0.0573277 0.0516 0.045628 0.0395645 0.0335249 0.0276158 0.0219616 0.0167195 0.0120705 0.00818233 0.00515807
 0.00759011 0.0123938 0.0187715 0.0266982 0.0359241 0.0458253 0.0553778 0.0634113 0.0690359 0.0719205 0.0722493 0.0704779 0.0671148 0.0626192 0.057372 0.0516691 0.0457243 0.0396865 0.0336674 0.0277705 0.0221182 0.0168668 0.0121986 0.00828449 0.00523217
 0.00758744 0.0123809 0.0187369 0.0266273 0.0358046 0.0456552 0.0551703 0.0631942 0.068842 0.0717765 0.0721675 0.0704555 0.0671391 0.0626749 0.0574477 0.0517588 0.0458267 0.0398025 0.0337962 0.0279083 0.0222576 0.0169988 0.0123141 0.00837717 0.00529986
 0.00756925 0.012356 0.0187075 0.0265965 0.0357735 0.0456192 0.0551184 0.0631134 0.0687258 0.071632 0.072016 0.0703248 0.0670522 0.0626419 0.0574651 0.0518154 0.0459102 0.0399034 0.0339086 0.0280273 0.0223777 0.0171127 0.0124146 0.00845863 0.00535991
 0.00755038 0.0123257 0.018663 0.0265365 0.0356991 0.0455353 0.0550331 0.0630354 0.0686601 0.0715767 0.071965 0.0702731 0.0670022 0.062604 0.057452 0.0518356 0.0459641 0.039985 0.0340086 0.0281366 0.0224882 0.017217 0.0125061 0.00853258 0.0054145
 0.00753106 0.0122956 0.0186199 0.0264793 0.0356279 0.0454516 0.0549408 0.0629412 0.0685725 0.0715046 0.0719139 0.0702441 0.0669916 0.062607 0.0574667 0.051864 0.0460104 0.0400514 0.0340934 0.0282337 0.0225892 0.0173135 0.0125909 0.00860101 0.00546489
 0.00750849 0.0122583 0.0185629 0.0263982 0.03552 0.0453187 0.0547904 0.0627863 0.0684293 0.0713882 0.0718354 0.0702084 0.066998 0.0626499 0.0575377 0.0519545 0.0461139 0.040164 0.0342124 0.0283555 0.0227082 0.017423 0.0126847 0.00867512 0.00551847
 0.00749815 0.0122422 0.01854 0.0263672 0.0354799 0.0452676 0.0547265 0.0627089 0.0683404 0.0712935 0.0717441 0.0701316 0.0669454 0.0626278 0.0575473 0.0519928 0.0461753 0.0402421 0.0343012 0.0284498 0.0228027 0.0175118 0.0127622 0.00873747 0.00556421
 0.00749193 0.0122325 0.0185261 0.026349 0.0354573 0.0452409 0.0546961 0.0626747 0.068302 0.07125 0.071695 0.0700786 0.0668932 0.0625836 0.057519 0.0519862 0.0461924 0.0402812 0.0343577 0.0285175 0.0228751 0.0175825 0.0128255 0.00878931 0.00560281
 0.00752319 0.0122809 0.0185943 0.0264373 0.0355632 0.0453585 0.0548157 0.0627836 0.0683858 0.0712966 0.0716968 0.0700339 0.0668069 0.0624661 0.0573847 0.0518509 0.0460706 0.0401832 0.0342884 0.0284767 0.0228585 0.0175836 0.0128372 0.00880513 0.00561799
 0.00749211 0.012237 0.0185406 0.0263808 0.0355135 0.0453243 0.0548025 0.0627926 0.0684144 0.0713391 0.0717458 0.0700812 0.0668444 0.062488 0.0573889 0.0518401 0.0460513 0.0401639 0.0342767 0.0284768 0.0228707 0.0176048 0.0128625 0.0088297 0.0056384
 0.0074865 0.0122257 0.0185196 0.0263464 0.0354638 0.0452626 0.0547383 0.06274 0.0683872 0.0713449 0.0717828 0.0701392 0.0669096 0.0625472 0.057433 0.0518653 0.0460589 0.0401592 0.0342672 0.0284695 0.0228701 0.0176118 0.012875 0.00884428 0.00565188
 0.0074865 0.0122257 0.0185196 0.0263464 0.0354638 0.0452626 0.0547383 0.06274 0.0683872 0.0713449 0.0717828 0.0701392 0.0669096 0.0625472 0.057433 0.0518653 0.0460589 0.0401592 0.0342672 0.0284695 0.0228701 0.0176118 0.012875 0.00884428 0.00565188
 0.00712493 0.0116513 0.0176828 0.0252166 0.0340433 0.0436043 0.0529598 0.0610193 0.0669303 0.070335 0.0713355 0.0702808 0.0675822 0.0636324 0.0587834 0.0533345 0.0475237 0.0415299 0.0354872 0.0295098 0.023721 0.0182772 0.0133691 0.00918934 0.00587629
 0.00711088 0.0115863 0.017507 0.0248485 0.0334002 0.0426356 0.0516785 0.0595138 0.0653509 0.0688637 0.0701505 0.0695261 0.0673425 0.0639192 0.059535 0.0544333 0.0488246 0.0428903 0.0367896 0.0306721 0.0246967 0.01905 0.0139454 0.00959174 0.00613734
 0.00710195 0.0115837 0.0175216 0.0248879 0.0334544 0.0426605 0.0515913 0.0592116 0.0647539 0.0679612 0.0690254 0.0683406 0.0662932 0.0631817 0.0592204 0.0545672 0.049351 0.0436954 0.0377359 0.0316305 0.0255687 0.0197759 0.0145029 0.00998721 0.00639594
 0.00715439 0.0116708 0.0176562 0.0250836 0.0337223 0.0430023 0.0519883 0.0596143 0.0650771 0.0680965 0.0688721 0.0678491 0.0654997 0.0622126 0.0582581 0.0537919 0.0488855 0.0435762 0.0379172 0.0320137 0.0260404 0.0202398 0.0148965 0.010284 0.00659732
 0.00706624 0.0115406 0.0174854 0.0248838 0.0335145 0.0428143 0.0518509 0.0595556 0.0651133 0.0682189 0.0690377 0.0679845 0.0655239 0.0620733 0.0579642 0.0534206 0.0485554 0.0433988 0.0379522 0.0322515 0.0264156 0.0206639 0.0152913 0.0106013 0.00682213
#pred catch len freq
 0.00480878 0.0075426 0.0108719 0.0146644 0.018838 0.0233564 0.0281543 0.0330854 0.0379415 0.0425078 0.0466003 0.0500812 0.0528704 0.0549515 0.0563685 0.057215 0.0576241 0.0577372 0.0576225 0.0571436 0.0558538 0.0530573 0.0481189 0.0409089 0.0320756
 0.00493124 0.00768199 0.0109749 0.0146539 0.0186454 0.022966 0.0276318 0.0325636 0.0375649 0.0423677 0.0467006 0.0503551 0.0532303 0.0553404 0.0567814 0.0576853 0.0581813 0.0583612 0.0582202 0.0575668 0.0559583 0.0527747 0.0474986 0.0401008 0.0312635
 0.00519829 0.0080819 0.0115087 0.0152888 0.0193105 0.0235561 0.0280244 0.032655 0.0373186 0.0418481 0.0460605 0.0497729 0.0528344 0.0551696 0.0568023 0.0578403 0.0584247 0.0586571 0.0585151 0.0577707 0.0559634 0.0525062 0.0469634 0.0393958 0.0305334
 0.00543404 0.00845573 0.0120534 0.0160275 0.0202496 0.0246739 0.0292557 0.0338805 0.0383753 0.0425663 0.0463213 0.0495601 0.052248 0.0543863 0.0560029 0.0571462 0.0578771 0.058233 0.0581525 0.0573879 0.0554772 0.0518612 0.0461648 0.0385179 0.0296917
 0.00570736 0.00887873 0.0126521 0.0168169 0.0212377 0.0258649 0.0306441 0.0354357 0.0400209 0.044168 0.0476953 0.0505109 0.0526289 0.0541562 0.0552449 0.0560335 0.0566018 0.0569388 0.0569026 0.0561748 0.0542596 0.0506097 0.0448956 0.0373001 0.0286206
 0.00603286 0.0093805 0.0133574 0.0177359 0.0223677 0.0271952 0.032157 0.0371021 0.0417944 0.0459767 0.0494333 0.0520325 0.0537596 0.0547281 0.0551499 0.0552674 0.0552699 0.0552156 0.054968 0.0541638 0.0522532 0.0486609 0.0430644 0.0356666 0.0272671
 0.00635089 0.00987568 0.0140629 0.0186709 0.0235382 0.028595 0.0337645 0.0388759 0.0436723 0.0478802 0.0512717 0.0537026 0.0551418 0.0556865 0.0555473 0.0549976 0.0542979 0.0536004 0.0528516 0.0517324 0.0496953 0.0461452 0.0407376 0.0336525 0.0256534
 0.0066622 0.0103618 0.0147587 0.0195992 0.024711 0.0300142 0.0354167 0.040725 0.0456551 0.0499082 0.0532391 0.0554958 0.056647 0.0567927 0.0561454 0.0549855 0.0535984 0.0521902 0.0507886 0.0491615 0.0468288 0.0432271 0.0380037 0.0312946 0.0237895
 0.00699471 0.0108752 0.0154822 0.020546 0.025883 0.0314063 0.0370168 0.0425069 0.0475714 0.0518872 0.0551866 0.0573019 0.0581957 0.057971 0.0568485 0.0551187 0.0530817 0.0509743 0.0488812 0.0466547 0.0439088 0.0401536 0.0350614 0.0287309 0.0217613
 0.00737827 0.0114611 0.016295 0.0215871 0.0271365 0.0328483 0.0386191 0.044234 0.0493762 0.0537098 0.0569549 0.0589338 0.0596012 0.0590558 0.057518 0.0552815 0.0526552 0.0498963 0.0471327 0.0442902 0.0410793 0.037103 0.0320843 0.0261022 0.0196666
 0.00781267 0.0121247 0.0172152 0.0227629 0.028544 0.0344489 0.0403625 0.0460581 0.0512078 0.0554713 0.0585723 0.0603411 0.0607402 0.059872 0.0579553 0.0552786 0.0521457 0.0488193 0.0454548 0.042038 0.0383699 0.0341513 0.0291706 0.0235032 0.0175796
 0.00822535 0.0127621 0.0181127 0.0239333 0.029979 0.0361217 0.0422254 0.0480377 0.0532061 0.0573761 0.0602727 0.0617424 0.0617734 0.0604957 0.0581481 0.0550255 0.0514267 0.047607 0.0437297 0.0398193 0.0357504 0.0313141 0.0263673 0.0209931 0.015555
 0.00862845 0.0133786 0.0189696 0.0250334 0.031307 0.0376522 0.0439242 0.0498557 0.0550729 0.0591987 0.0619428 0.0631498 0.0628224 0.061118 0.0583079 0.0547137 0.0506473 0.0463667 0.0420385 0.0377099 0.0333077 0.0286948 0.0237886 0.0186834 0.0136877
 0.00906385 0.0140515 0.0199172 0.0262684 0.0328175 0.0394036 0.0458574 0.0518847 0.0570901 0.0610882 0.0635939 0.064466 0.0637263 0.0615553 0.0582505 0.0541596 0.0496157 0.0448895 0.0401575 0.0354844 0.0308332 0.0261186 0.021302 0.0164834 0.0119216
 0.009419 0.01461 0.0207236 0.0273533 0.0341953 0.0410671 0.0477678 0.053963 0.0592181 0.0631216 0.0653836 0.06588 0.0646668 0.0619671 0.0581196 0.0535041 0.0484749 0.0433153 0.0382125 0.0332478 0.0284119 0.0236561 0.0189695 0.0144484 0.0103037
 0.00967164 0.0150062 0.0212945 0.0281228 0.0351815 0.0422825 0.0492128 0.0556141 0.0610164 0.064968 0.0671448 0.0674061 0.0658169 0.0626347 0.0582475 0.0530857 0.0475444 0.0419345 0.0364607 0.0312202 0.0262253 0.0214512 0.0169019 0.0126615 0.00889409
 0.00976546 0.0151548 0.0215121 0.0284235 0.035582 0.0428032 0.0498771 0.0564426 0.0620181 0.0661288 0.0684175 0.0687062 0.0670285 0.0636269 0.0588992 0.0533087 0.047298 0.0412279 0.0353465 0.0297865 0.0245887 0.0197497 0.015281 0.0112499 0.00777698
 0.00982807 0.0152469 0.0216334 0.0285693 0.0357476 0.0429902 0.050098 0.0567214 0.0623858 0.0666152 0.0690402 0.069459 0.067872 0.0644856 0.0596688 0.0538745 0.0475593 0.0411211 0.0348592 0.0289606 0.0235138 0.0185489 0.014089 0.0101872 0.00692473
 0.00989374 0.0153469 0.0217709 0.0287424 0.035949 0.0432088 0.0503207 0.0569369 0.0625904 0.0668177 0.0692629 0.0697308 0.0682153 0.0649013 0.0601249 0.0543056 0.0478779 0.0412396 0.0347159 0.02854 0.022855 0.0177375 0.0132361 0.0093999 0.00627989
 0.00991909 0.0153873 0.0218305 0.0288246 0.0360568 0.0433435 0.0504806 0.0571161 0.0627783 0.0670021 0.0694349 0.0698904 0.0683739 0.0650765 0.0603291 0.0545316 0.048091 0.0413816 0.0347231 0.0283678 0.0224981 0.0172369 0.012667 0.00884738 0.00581202
 0.0100064 0.015506 0.0219666 0.0289518 0.0361451 0.0433729 0.0504511 0.0570483 0.0627043 0.0669521 0.0694277 0.0699313 0.0684588 0.0651985 0.0604823 0.0547088 0.0482768 0.0415462 0.0348242 0.0283631 0.0223643 0.0169831 0.0123351 0.00849697 0.00549849
 0.0100627 0.0155935 0.0220896 0.0291087 0.0363256 0.0435558 0.0506056 0.0571413 0.0627131 0.0668768 0.0692943 0.0697817 0.0683342 0.0651261 0.0604707 0.0547517 0.0483574 0.0416402 0.0349008 0.0283895 0.0223155 0.0168533 0.0121426 0.0082777 0.00529169
