SBPRF35
8.07273
Curr Bio
557837
B35
542361
F35
0.211295
FOFL
0.194568
OFL
76516
Bzero
2.30649e+006
#pred survey bio
 4.60523e+006 4.0624e+006 3.55706e+006 3.21179e+006 3.02194e+006 2.76133e+006 2.50441e+006 2.23853e+006 1.93019e+006 1.64395e+006 1.40006e+006 1.22741e+006 1.09689e+006 990960 908305 805085 687867 616471 583531 561352 531760 520559 520525 509414 509872 503944 507635 493055 499179 510070 532156 527675 533966 539622 562416 587570 594109 591089 581759 584222 583028 557823 536971 529533 547898 576714 617559 614739 557144 546722 545024 570785 565395 1.78159e+007 1.07621e+007 1.11931e+007 1.20832e+007 1.31853e+007 1.42849e+007 1.52589e+007 1.60597e+007 1.66863e+007 1.71604e+007 1.75113e+007 1.77675e+007 1.79529e+007 1.80867e+007 1.81833e+007 1.82532e+007 1.8304e+007 1.8341e+007 1.83683e+007 1.83885e+007 1.84035e+007 1.84148e+007 1.84233e+007 1.84297e+007 1.84346e+007 1.84383e+007 1.84411e+007 1.84433e+007 1.8445e+007 1.84462e+007 1.84472e+007 1.8448e+007 1.84486e+007 1.84491e+007 1.84494e+007 1.84497e+007 1.84499e+007 1.84501e+007 1.84502e+007 1.84503e+007 1.84504e+007 1.84504e+007 1.84505e+007 1.84505e+007 1.84506e+007 1.84506e+007 1.84506e+007 1.84506e+007 1.84506e+007 1.84506e+007 1.84506e+007 1.84506e+007 1.84506e+007 1.84506e+007 1.84506e+007 1.84507e+007 1.84507e+007 1.84507e+007 1.84507e+007 1.84507e+007 1.84507e+007 1.84507e+007 1.84507e+007 1.84507e+007 1.84507e+007 1.84507e+007 1.84507e+007 1.84507e+007 1.84507e+007 1.84507e+007 1.84507e+007 1.84507e+007 1.84507e+007 1.84507e+007 1.84507e+007 1.84507e+007 1.84507e+007 1.84507e+007 1.84507e+007 1.84507e+007 1.84507e+007 1.84507e+007 1.84507e+007 1.84507e+007 1.84507e+007 1.84507e+007 1.84507e+007 1.84507e+007 1.84507e+007 1.84507e+007 1.84507e+007 1.84507e+007 1.84507e+007 1.84507e+007 1.84507e+007 1.84507e+007 1.84507e+007 1.84507e+007 1.84507e+007 1.84507e+007 0 0 0 0 0 0 0 0 0 0 0 0 0 0 0 0 0 0 0 0 0 0 0 0 0
#obs survey bio
 4.54678e+006 4.36036e+006 3.7916e+006 2.69132e+006 3.74364e+006 2.60376e+006 2.96724e+006 2.00641e+006 1.81969e+006 1.81755e+006 1.10071e+006 1.45831e+006 850598 1.02404e+006 948226 1.19642e+006 639056 495241 600182 720084 504043 541690 573221 591596 503342 557635 645945 500233 463789 536085 607825 483376 592632 456340 558995 711644 703625 625766 509333 718781 583157 602115 602833 598102 463122 581432 531802 772187 578925 619669 623586 695088 568576
#pred catch bio
 111621 97884.1 168827 198748 240585 275962 287392 326142 316170 296507 277740 268007 251476 225400 225521 214255 186178 161530 151200 148325 137219 130987 131833 111318 119218 106608 111345 96686.3 108284 95387.2 94667.7 89828.8 93348.3 96551.6 90643 96883.1 91042.5 91730.6 84894.1 83592.9 85991.2 85694.8 86015.6 85599.1 93693.6 84922.4 96434 97606.5 90717.1 95708.4 82481.5 72415.3 122236 76516 82450.7 84265.5 89957.4 97900.8 105936 112962 118602 122877 125986 128179 129689 130711 131393 131843 132137 132328 132451 132530 132581 132614 132634 132647 132656 132661 132664 132666 132668 132669 132669 132669 132670 132670 132670 132670 132670 132670 132670 132670 132670 132670 132670 132670 132670 132670 132670 132670 132670 132670 132670 132670 132670 132670 132670 132670 132670 132670 132670 132670 132670 132670 132670 132670 132670 132670 132670 132670 132670 132670 132670 132670 132670 132670 132670 132670 132670 132670 132670 132670 132670 132670 132670 132670 132670 132670 132670 132670 132670 132670 132670 132670 132670 132670 132670 132670 132670 132670 132670 132670 132670 0 0 0 0 0 0 0 0 0 0 0 0 0 0 0 0 0 0 0 0 0 0 0 0 0
#obs catch bio
 0 97377.4 169340 198875 240558 276215 287163 326422 316173 296251 277804 268532 251910 225473 225627 213594 186354 161939 151490 147937 137377 131463 132075 110868 119561 106563 111299 96362.7 108941 95484 94433.3 89777.7 93228.4 96904.2 90585.4 96975.1 90930.4 91744.6 84863.2 83569 85925.2 85662.5 85998 85588.3 93967.1 84852.7 96462.1 97413.6 90730.3 95898.6 82660.1 71908.3 122840
#pred cpue bio
 4.5472e+006 4.01116e+006 3.51123e+006 3.16807e+006 2.9783e+006 2.71889e+006 2.46289e+006 2.19837e+006 1.89239e+006 1.60873e+006 1.36719e+006 1.1958e+006 1.06607e+006 960732 878554 776849 662203 592260 559898 538303 509596 498533 498401 487662 488221 482365 486071 472129 478094 488429 509954 505946 512117 517646 539681 564030 569020 564032 553895 556232 555559 531819 511965 504832 522345 549719 589020 586485 531568 521474 519711 544660 540423 1.69943e+007 1.02493e+007 1.05366e+007 1.1315e+007 1.23889e+007 1.34836e+007 1.44569e+007 1.52576e+007 1.58841e+007 1.63583e+007 1.67092e+007 1.69653e+007 1.71508e+007 1.72846e+007 1.73812e+007 1.74511e+007 1.75018e+007 1.75389e+007 1.75662e+007 1.75864e+007 1.76014e+007 1.76127e+007 1.76211e+007 1.76275e+007 1.76324e+007 1.76361e+007 1.7639e+007 1.76412e+007 1.76428e+007 1.76441e+007 1.76451e+007 1.76459e+007 1.76465e+007 1.76469e+007 1.76473e+007 1.76476e+007 1.76478e+007 1.76479e+007 1.76481e+007 1.76482e+007 1.76483e+007 1.76483e+007 1.76484e+007 1.76484e+007 1.76484e+007 1.76484e+007 1.76485e+007 1.76485e+007 1.76485e+007 1.76485e+007 1.76485e+007 1.76485e+007 1.76485e+007 1.76485e+007 1.76485e+007 1.76485e+007 1.76485e+007 1.76485e+007 1.76485e+007 1.76485e+007 1.76485e+007 1.76485e+007 1.76485e+007 1.76485e+007 1.76485e+007 1.76485e+007 1.76485e+007 1.76485e+007 1.76485e+007 1.76485e+007 1.76485e+007 1.76485e+007 1.76485e+007 1.76485e+007 1.76485e+007 1.76485e+007 1.76485e+007 1.76485e+007 1.76485e+007 1.76485e+007 1.76485e+007 1.76485e+007 1.76485e+007 1.76485e+007 1.76485e+007 1.76485e+007 1.76485e+007 1.76485e+007 1.76485e+007 1.76485e+007 1.76485e+007 1.76485e+007 1.76485e+007 1.76485e+007 1.76485e+007 1.76485e+007 1.76485e+007 1.76485e+007 1.76485e+007 1.76485e+007 0 0 0 0 0 0 0 0 0 0 0 0 0 0 0 0 0 0 0 0 0 0 0 0 0
#obs cpue bio
 4.52854e+006 4.36393e+006 3.09664e+006 3.00024e+006 3.05149e+006 2.58948e+006 2.15814e+006 2.50361e+006 2.00688e+006 1.5505e+006 1.59753e+006 915670 1.3621e+006 918441 885763 653105 590004 638266 540353 548707 437305 398541 520928 499445 399142 443245 449036 476692 351346 491562 631103 461310 522968 438013 626913 474885 518592 531994 601974 449176 615050 479783 461264 416655 556535 541926 754667 581703 403473 470625 366044 666941 448706
#pred surv len freq
 0.00431118 0.00711335 0.0109159 0.015762 0.0215555 0.0279639 0.0344084 0.040229 0.0449442 0.0484086 0.0507653 0.05228 0.0532015 0.0537089 0.0539182 0.0539121 0.0537677 0.0535579 0.0532924 0.0528014 0.0516344 0.049112 0.044613 0.0379906 0.0298323
 0.00449267 0.00734926 0.0111643 0.015954 0.0216226 0.0278762 0.0341978 0.0399776 0.0447407 0.0483001 0.0507388 0.0522856 0.0531981 0.053701 0.0539607 0.0540806 0.0541104 0.0540525 0.053832 0.0532218 0.0517781 0.0488996 0.0440819 0.0372771 0.0291065
 0.00465347 0.00762333 0.0115952 0.0165771 0.0224416 0.0288367 0.0351773 0.0408123 0.0452872 0.0484971 0.0506255 0.0519648 0.0527765 0.0532514 0.0535255 0.0536946 0.053811 0.0538599 0.0537182 0.0530994 0.0515303 0.0484402 0.0434081 0.0364772 0.028316
 0.00479016 0.00786055 0.0119809 0.0171672 0.0232896 0.0299726 0.0365818 0.042397 0.0468941 0.0499251 0.0516818 0.0525227 0.0528121 0.0528383 0.0527941 0.0527834 0.0528334 0.0528904 0.0527854 0.0521849 0.0505837 0.0474174 0.0423134 0.0353791 0.0273207
 0.00491844 0.00807454 0.0123143 0.017658 0.0239769 0.0308888 0.0377416 0.0437861 0.0484592 0.0515675 0.0532565 0.0538535 0.0537271 0.0532183 0.0526094 0.0520989 0.0517782 0.0516089 0.051395 0.0507551 0.0491427 0.045979 0.0409105 0.0340776 0.026204
 0.00512701 0.00840625 0.0128001 0.0183232 0.0248377 0.0319488 0.0389864 0.0451816 0.0499555 0.0531048 0.0547646 0.0552434 0.0548839 0.0540088 0.0529103 0.0518363 0.0509563 0.0503103 0.0497509 0.0489055 0.0472097 0.0440648 0.039109 0.0324816 0.0248932
 0.0053116 0.00872361 0.0133088 0.019086 0.0259053 0.0333354 0.0406493 0.0470204 0.0518373 0.0549006 0.056377 0.0566101 0.0559608 0.0547465 0.053241 0.051681 0.0502529 0.049047 0.0479863 0.0467634 0.0448557 0.0416795 0.0368658 0.0305274 0.0233273
 0.00546865 0.00898864 0.0137269 0.0197087 0.0267839 0.0345074 0.0421213 0.0487542 0.0537466 0.0568605 0.0582444 0.0582496 0.0572662 0.0556479 0.0536941 0.0516486 0.0496959 0.0479368 0.0463329 0.0446424 0.042416 0.039126 0.0344217 0.0283886 0.0216221
 0.00568155 0.00934387 0.0142785 0.0205129 0.0278881 0.035933 0.0438467 0.0507095 0.0558247 0.058937 0.0601943 0.0599554 0.0586227 0.0565685 0.054116 0.0515325 0.049019 0.0466894 0.0445286 0.042343 0.0397553 0.0363109 0.0317009 0.0259947 0.0197131
 0.00591918 0.0097332 0.0148705 0.0213576 0.0290268 0.0373835 0.0455878 0.0526737 0.0579059 0.0610087 0.0621299 0.061641 0.0599631 0.0574867 0.0545518 0.05144 0.0483658 0.04546 0.0427348 0.040043 0.0370757 0.0334535 0.0289175 0.0235301 0.0177402
 0.00617458 0.0101514 0.0155051 0.0222602 0.0302362 0.0389098 0.0473965 0.0546813 0.0599926 0.0630431 0.0639899 0.0632251 0.0611915 0.0582984 0.0549 0.051288 0.0476849 0.0442322 0.0409653 0.0377818 0.0344398 0.0306353 0.0261621 0.0210812 0.0157737
 0.00635843 0.0104707 0.0160233 0.0230484 0.031357 0.0403919 0.0492105 0.0567332 0.062141 0.0651308 0.065874 0.0647933 0.0623656 0.0590303 0.0551626 0.0510652 0.046965 0.0430078 0.0392444 0.0356086 0.0319195 0.0279442 0.0235292 0.0187371 0.0138879
 0.00660569 0.0108647 0.0166028 0.0238477 0.0324036 0.0417016 0.0507765 0.0585145 0.064057 0.0670656 0.0676906 0.0663546 0.0635569 0.0597735 0.0554189 0.0508256 0.046236 0.0418031 0.0375872 0.0335486 0.0295549 0.0254344 0.0210808 0.0165595 0.0121356
 0.00685921 0.0112773 0.0172234 0.0247192 0.033552 0.0431199 0.0524126 0.0602735 0.0658221 0.0687271 0.0691625 0.0675732 0.064469 0.0603293 0.0555744 0.0505506 0.0455189 0.0406507 0.0360262 0.0316328 0.0273793 0.0231441 0.018859 0.01459 0.0105538
 0.00695643 0.011456 0.0175308 0.0252122 0.0342845 0.0441225 0.053672 0.0617262 0.0673652 0.0702421 0.0705398 0.0687282 0.0653457 0.0608943 0.055806 0.0504306 0.0450313 0.0397877 0.0347984 0.0300815 0.0255873 0.0212392 0.0170009 0.0129376 0.0092235
 0.00702274 0.0115864 0.0177696 0.0256165 0.0349132 0.0450168 0.0548359 0.0631147 0.0688883 0.0717791 0.0719602 0.0699132 0.0662073 0.061385 0.0559165 0.0501763 0.0444361 0.038875 0.0335936 0.028625 0.0239496 0.019528 0.0153509 0.0114818 0.00805821
 0.00721254 0.0118831 0.0181951 0.0261863 0.0356377 0.0459012 0.0558765 0.0642908 0.0701551 0.073065 0.0731717 0.0709476 0.0669702 0.061808 0.0559673 0.0498583 0.0437788 0.0379213 0.0323916 0.0272295 0.0224317 0.0179814 0.0138863 0.0102064 0.00704667
 0.00733302 0.0120878 0.0185184 0.0266627 0.0362912 0.0467307 0.0568453 0.0653307 0.0711862 0.07402 0.0740076 0.0716392 0.0674942 0.0621327 0.0560553 0.0496787 0.0433197 0.0371944 0.0314309 0.026088 0.0211798 0.0167058 0.0126828 0.00916268 0.00622216
 0.00732899 0.0120867 0.018528 0.0266971 0.0363714 0.0468836 0.0570989 0.065706 0.071687 0.0746262 0.0746771 0.0723177 0.0681275 0.0626728 0.0564595 0.0499073 0.043338 0.0369808 0.030986 0.02544 0.0203841 0.0158393 0.0118321 0.0084072 0.00561656
 0.0073596 0.0121244 0.0185629 0.0267142 0.0363569 0.0468346 0.057031 0.065654 0.0716964 0.0747395 0.0749187 0.0726851 0.06859 0.0631786 0.0569471 0.0503154 0.0436131 0.0370825 0.0308928 0.0251552 0.01994 0.015294 0.0112584 0.00787599 0.00517959
 0.00750671 0.0123463 0.0188639 0.0270839 0.0367702 0.0472533 0.0574083 0.0659431 0.0718639 0.0747797 0.0748585 0.0725752 0.0684847 0.0631151 0.056934 0.0503328 0.0436218 0.0370374 0.0307559 0.0249073 0.0195871 0.0148681 0.0108099 0.00745844 0.00483443
 0.00751466 0.0123759 0.0189383 0.0272321 0.0370163 0.0476011 0.0578294 0.0663785 0.0722415 0.0750384 0.0749687 0.0725452 0.0683539 0.062938 0.0567606 0.0501929 0.0435178 0.0369477 0.0306467 0.024748 0.0193639 0.0145902 0.0105061 0.00716665 0.00458724
 0.00751876 0.012371 0.0189112 0.027168 0.0369082 0.0474612 0.0576946 0.0663004 0.0722639 0.0751736 0.0751889 0.0727957 0.0685793 0.0631051 0.0568658 0.0502539 0.0435559 0.0369733 0.0306544 0.024722 0.01929 0.0144665 0.0103471 0.00699745 0.00443381
 0.00771687 0.0126567 0.0192729 0.0275695 0.0372959 0.0477792 0.0578991 0.0663712 0.0722094 0.075029 0.0750048 0.0726187 0.0684342 0.0629899 0.0567626 0.0501452 0.0434357 0.0368457 0.0305251 0.0245919 0.019155 0.0143236 0.0101998 0.00685632 0.00431176
 0.00770912 0.0126492 0.0192694 0.0275733 0.0373039 0.0477763 0.0578574 0.0662587 0.0720079 0.0747506 0.0746972 0.0723515 0.0682728 0.0629707 0.0568811 0.0503632 0.0437002 0.037108 0.0307519 0.0247659 0.0192707 0.0143835 0.010213 0.00683739 0.00427715
 0.00774495 0.0127132 0.0193763 0.0277392 0.0375418 0.0480872 0.0582223 0.0666348 0.0723336 0.0749607 0.0747425 0.0722178 0.0679899 0.0626035 0.0565072 0.050045 0.0434678 0.036959 0.0306633 0.02471 0.0192256 0.0143372 0.0101624 0.00678536 0.00422929
 0.00770948 0.0126444 0.0192536 0.0275406 0.0372541 0.0477201 0.0578171 0.0662593 0.0720609 0.0748408 0.0747832 0.0723849 0.0682251 0.0628511 0.0567339 0.0502453 0.0436538 0.0371437 0.0308491 0.0248868 0.0193782 0.0144536 0.0102388 0.00682669 0.00424551
 0.00787706 0.0128875 0.0195638 0.0278884 0.0375933 0.047998 0.0579863 0.0662891 0.0719466 0.0746091 0.0744865 0.0720835 0.0679654 0.0626517 0.056588 0.0501353 0.0435662 0.0370753 0.0308027 0.0248636 0.0193732 0.0144578 0.0102434 0.00682693 0.00424106
 0.00778694 0.0127666 0.0194281 0.0277654 0.0375106 0.0479666 0.0579902 0.0662893 0.0719006 0.0744941 0.0743128 0.0718918 0.0678089 0.0625746 0.0566091 0.0502452 0.0437363 0.037272 0.0309989 0.0250426 0.0195264 0.0145808 0.010335 0.00688884 0.00427826
 0.00781439 0.0128048 0.019475 0.0278182 0.0375704 0.0480427 0.0580989 0.0664442 0.072097 0.0746989 0.0744711 0.0719497 0.0677406 0.0623957 0.0563686 0.0500014 0.0435337 0.0371301 0.0309154 0.0250035 0.0195154 0.0145845 0.010344 0.00689761 0.00428428
 0.00782257 0.0127917 0.019407 0.0276503 0.0372601 0.047573 0.0574974 0.0657867 0.0714903 0.0742487 0.0742492 0.0719732 0.0679712 0.0627596 0.0567873 0.0504175 0.0439198 0.0374809 0.031233 0.025287 0.0197597 0.0147835 0.0104951 0.00700342 0.0043521
 0.00790073 0.0129032 0.0195444 0.0277917 0.0373698 0.0476048 0.0574036 0.0655322 0.0710711 0.0737067 0.0736705 0.0714651 0.0676265 0.0626253 0.056854 0.0506336 0.0442187 0.0378051 0.0315453 0.0255682 0.0200007 0.01498 0.0106458 0.00711065 0.00442212
 0.00783678 0.0128193 0.0194542 0.0277184 0.0373361 0.0476195 0.0574505 0.0655707 0.0710493 0.0735824 0.0734313 0.0711385 0.0672758 0.0623298 0.0566814 0.0506169 0.0443483 0.0380398 0.0318317 0.0258593 0.0202644 0.0151991 0.0108145 0.00723098 0.0045011
 0.00777546 0.0127236 0.019319 0.027545 0.0371357 0.0474156 0.0572775 0.0654642 0.0710297 0.0736402 0.0735254 0.0712138 0.06729 0.0622753 0.0565889 0.0505389 0.0443331 0.0381104 0.0319806 0.0260568 0.0204741 0.0153912 0.010971 0.00734633 0.00457828
 0.00785608 0.0128279 0.0194268 0.0276215 0.0371423 0.0473264 0.0570933 0.0652161 0.0707688 0.0734199 0.0733826 0.0711565 0.0672969 0.0623087 0.0566154 0.0505461 0.0443334 0.0381296 0.0320397 0.0261598 0.0206075 0.0155319 0.011098 0.00744651 0.00464846
 0.00854896 0.0138016 0.0206087 0.0288462 0.0381953 0.0480169 0.0573156 0.0649704 0.0701427 0.0725507 0.0724211 0.0702365 0.0665123 0.0617012 0.0561784 0.0502437 0.0441248 0.0379867 0.0319508 0.0261213 0.0206137 0.0155703 0.0111514 0.00749947 0.00469116
 0.00924637 0.0149175 0.0222439 0.0310528 0.040932 0.0510988 0.0603921 0.0675761 0.0718309 0.0730513 0.0717312 0.0685945 0.064284 0.0592516 0.0537864 0.0480762 0.0422536 0.0364232 0.0306785 0.0251164 0.0198504 0.0150193 0.0107775 0.00726293 0.00455252
 0.00921496 0.0149639 0.0224936 0.0316821 0.0421208 0.0529534 0.0628702 0.0704542 0.0747341 0.0755371 0.0734002 0.0691961 0.0637814 0.0578188 0.0517368 0.0457577 0.0399581 0.0343433 0.0289101 0.0236861 0.0187454 0.0142061 0.0102118 0.00689425 0.00432951
 0.00902646 0.0146814 0.0221197 0.0312527 0.0417181 0.0527133 0.0629714 0.0710741 0.0759737 0.0773439 0.0755384 0.0712935 0.065442 0.0587494 0.0518325 0.0451105 0.0387971 0.0329416 0.0275045 0.0224352 0.0177267 0.0134359 0.00966845 0.00653723 0.00411215
 0.00883514 0.0143733 0.0216634 0.0306264 0.0409225 0.0517887 0.0620152 0.0702449 0.0754692 0.077351 0.0761679 0.0725222 0.0670908 0.0605186 0.0533899 0.0461983 0.0393065 0.0329232 0.0271174 0.0218705 0.0171446 0.0129358 0.00929069 0.00628045 0.00395361
 0.00874909 0.0142232 0.0214187 0.0302531 0.0403912 0.0510894 0.0611723 0.0693259 0.0745831 0.0766361 0.0757703 0.0725639 0.067629 0.0615089 0.0546755 0.0475443 0.0404728 0.0337423 0.0275401 0.0219572 0.0170164 0.0127175 0.00907281 0.00610874 0.00383839
 0.00875084 0.0142225 0.0214101 0.030226 0.0403288 0.0509683 0.0609652 0.0690098 0.0741515 0.0761133 0.0752195 0.0720838 0.0673339 0.0614947 0.0549811 0.0481253 0.0412055 0.0344642 0.0281091 0.0223001 0.0171408 0.0126877 0.00896859 0.0059934 0.00374586
 0.00872847 0.0141977 0.0213935 0.0302334 0.0403745 0.0510556 0.061079 0.0691154 0.0742022 0.0760649 0.0750474 0.0717967 0.0669804 0.0611561 0.0547494 0.0480694 0.0413409 0.0347431 0.0284396 0.0225864 0.0173224 0.0127546 0.00895084 0.00593509 0.003683
 0.0087398 0.014213 0.0214114 0.0302524 0.0403954 0.0510841 0.0611252 0.0691887 0.0743021 0.0761737 0.0751302 0.0718131 0.0669027 0.0609868 0.0545262 0.047855 0.0411974 0.034705 0.0284986 0.0226988 0.0174336 0.0128259 0.00897178 0.00591862 0.00365046
 0.00871882 0.0141837 0.0213762 0.030216 0.0403633 0.0510606 0.0611122 0.0691867 0.0743133 0.0762016 0.0751764 0.0718713 0.0669562 0.0610132 0.0545099 0.0477986 0.0411244 0.0346486 0.0284838 0.0227286 0.0174898 0.012882 0.00900847 0.00593102 0.00364528
 0.00873777 0.0142142 0.0214215 0.0302788 0.0404455 0.0511615 0.0612276 0.069308 0.0744277 0.0762952 0.0752376 0.0718938 0.0669391 0.0609589 0.0544218 0.0476815 0.0409882 0.0345099 0.0283626 0.0226401 0.0174372 0.0128567 0.00899693 0.00592242 0.0036353
 0.00864775 0.0140666 0.021198 0.0299647 0.0400361 0.0506714 0.0606971 0.0688006 0.0740165 0.0760416 0.0751745 0.0720191 0.0672206 0.061346 0.0548586 0.0481182 0.041388 0.0348527 0.0286436 0.0228648 0.0176145 0.0129937 0.00909784 0.00599087 0.0036767
 0.00857361 0.0139636 0.0210745 0.0298373 0.039922 0.0505781 0.0606165 0.0687136 0.0739055 0.0759048 0.0750312 0.0719031 0.0671656 0.0613716 0.0549636 0.048283 0.0415836 0.0350505 0.0288226 0.0230146 0.0177331 0.0130839 0.00916351 0.00603577 0.00370474
 0.00869527 0.0141295 0.0212664 0.0300206 0.0400585 0.0506438 0.0606129 0.0686635 0.0738358 0.0758286 0.0749434 0.071791 0.0670251 0.0612161 0.0548187 0.0481734 0.0415218 0.0350336 0.0288375 0.0230454 0.0177674 0.0131146 0.00918777 0.00605321 0.00371609
 0.00860009 0.0140178 0.0211756 0.030006 0.0401713 0.0509001 0.0609743 0.0690457 0.0741447 0.0760018 0.0749693 0.071699 0.0668596 0.0610158 0.0546108 0.0479781 0.0413552 0.0349066 0.0287527 0.0229973 0.0177456 0.0131083 0.00918868 0.0060564 0.00371917
 0.00863243 0.0140522 0.0211962 0.0299942 0.040119 0.0508256 0.0609264 0.0690867 0.0743151 0.0762891 0.0753057 0.0719921 0.0670358 0.0610475 0.0545164 0.0478013 0.0411439 0.0346994 0.0285745 0.0228593 0.0176482 0.0130451 0.00915073 0.00603511 0.00370793
 0.0084421 0.0137667 0.0208106 0.0295183 0.0395735 0.0502369 0.0603273 0.0685229 0.0738507 0.0759998 0.0752566 0.0722073 0.0674806 0.0616371 0.0551476 0.0483889 0.0416407 0.035095 0.0288806 0.0230948 0.0178292 0.0131826 0.00925171 0.00610524 0.00375316
 0.00842347 0.0136879 0.0206051 0.0291013 0.0388715 0.049231 0.0590849 0.0671942 0.0726259 0.0750518 0.0746999 0.0720872 0.0677814 0.0622939 0.0560578 0.0494288 0.0426893 0.036058 0.0297031 0.0237584 0.0183405 0.0135601 0.00951783 0.00628275 0.00386392
#obs surv len freq
 nan nan nan nan nan nan nan nan nan nan nan nan nan nan nan nan nan nan nan nan nan nan nan nan nan
 0.00448423 0.00734557 0.0111758 0.0159928 0.0216946 0.0279714 0.0342865 0.0400185 0.044698 0.0481612 0.0505179 0.0520124 0.0529033 0.0534145 0.0537277 0.0539819 0.0542599 0.0545523 0.0546908 0.0542826 0.0527206 0.049353 0.0438031 0.0362836 0.0276679
 0.00461031 0.00755311 0.0114926 0.0164454 0.0223016 0.0287337 0.0351775 0.0409808 0.0456521 0.0490205 0.0512058 0.0524731 0.0531079 0.0533612 0.0534379 0.0534921 0.0536133 0.0537914 0.0538546 0.053408 0.0518463 0.0485217 0.0430592 0.0356648 0.0271949
 0.00477991 0.00782843 0.0119063 0.0170279 0.0230755 0.0297051 0.0363252 0.0422514 0.0469639 0.0502758 0.0523047 0.053326 0.0536458 0.0535431 0.0532546 0.0529646 0.0527862 0.0527238 0.0526126 0.0520618 0.0504711 0.0471979 0.0418666 0.0346691 0.0264325
 0.00497403 0.00814643 0.0123893 0.0177153 0.0239973 0.0308693 0.0377056 0.0437834 0.0485538 0.0518177 0.0536953 0.0544726 0.0544684 0.0539781 0.0532601 0.0525265 0.0519218 0.0514807 0.0510654 0.0503071 0.0486241 0.0453858 0.0402152 0.0332812 0.0253658
 0.00518716 0.00849741 0.0129259 0.018485 0.0250383 0.0321954 0.0392913 0.0455583 0.0504115 0.0536359 0.0553549 0.055869 0.0555155 0.0546076 0.0534209 0.0521864 0.0510722 0.0501445 0.0493033 0.0482223 0.0463602 0.0431151 0.0381148 0.0314991 0.0239881
 0.00541847 0.00887404 0.0134942 0.0192894 0.026114 0.0335567 0.0409178 0.0473884 0.0523489 0.0555646 0.0571556 0.0574307 0.0567411 0.0554167 0.0537503 0.0519899 0.0503233 0.0488436 0.0474902 0.0459898 0.0438599 0.0405478 0.035699 0.0294244 0.022371
 0.00565955 0.00927112 0.0141012 0.0201594 0.0272884 0.0350483 0.0426949 0.0493699 0.0544183 0.0575937 0.0590256 0.0590404 0.0580066 0.0562672 0.0541255 0.0518394 0.0496093 0.0475496 0.0456369 0.0436541 0.0411896 0.0377568 0.0330339 0.0271093 0.020551
 0.00588966 0.00964698 0.0146707 0.0209692 0.0283769 0.0364327 0.0443566 0.0512475 0.0564133 0.059587 0.0608957 0.0606771 0.0593177 0.0571796 0.0545812 0.05179 0.0490145 0.0463828 0.0439019 0.0414091 0.0385675 0.0349664 0.0303297 0.0247318 0.0186643
 0.00614236 0.0100607 0.0152985 0.0218618 0.0295721 0.0379396 0.0461401 0.0532241 0.058465 0.0615857 0.0627238 0.0622373 0.0605333 0.0579908 0.0549411 0.0516606 0.0483635 0.0451869 0.0421607 0.0391691 0.0359471 0.0321629 0.0275939 0.0223095 0.0167294
 0.0063843 0.0104587 0.0159062 0.0227321 0.0307465 0.0394315 0.0479178 0.0552047 0.0605259 0.0635887 0.0645394 0.0637596 0.0616849 0.0587207 0.055217 0.0514607 0.0476697 0.0439858 0.0404547 0.0369993 0.0334187 0.0294564 0.0249445 0.0199534 0.0148385
 0.00662327 0.0108495 0.0164985 0.0235739 0.0318749 0.0408585 0.0496148 0.0570965 0.0624998 0.0655147 0.066291 0.065228 0.0627864 0.0593985 0.0554393 0.0512132 0.0469477 0.0427905 0.0387992 0.034927 0.0310265 0.0269074 0.0224521 0.0177349 0.013054
 0.0068213 0.0111784 0.0170065 0.0243099 0.0328789 0.0421453 0.0511587 0.0588259 0.0643085 0.0672827 0.067904 0.0665885 0.0638174 0.0600438 0.0556626 0.0509954 0.0462837 0.0416858 0.0372741 0.0330288 0.0288471 0.0245942 0.020195 0.0157265 0.0114373
 0.00706661 0.0115741 0.017596 0.0251317 0.033959 0.0434859 0.0527255 0.0605437 0.0660693 0.0689654 0.0693947 0.0677939 0.0646709 0.0605053 0.0557137 0.0506335 0.0455156 0.0405264 0.0357504 0.0311909 0.0267832 0.0224377 0.0181139 0.0138883 0.00996442
 0.00726219 0.0118996 0.0180995 0.0258611 0.0349504 0.0447465 0.0542175 0.0621812 0.0677343 0.0705338 0.0707585 0.068872 0.0654091 0.0608727 0.0556985 0.0502385 0.0447539 0.0394193 0.0343297 0.0295078 0.0249199 0.0205129 0.0162726 0.0122726 0.0086758
 0.0074065 0.0121392 0.0184698 0.0263991 0.0356888 0.0457026 0.0553803 0.0635046 0.0691392 0.0719203 0.0720214 0.0699165 0.0661623 0.0612892 0.0557594 0.0499456 0.0441229 0.038475 0.0331072 0.0280588 0.0233209 0.0188688 0.0147075 0.0109051 0.00758901
 0.00753256 0.0123393 0.0187624 0.0267996 0.0362087 0.0463475 0.0561464 0.0643749 0.0700829 0.0728934 0.072969 0.0707755 0.0668666 0.0617776 0.0559843 0.0498788 0.0437565 0.0378202 0.0321926 0.0269319 0.0220516 0.0175501 0.0134459 0.00980075 0.00671094
 0.00760336 0.0124553 0.0189384 0.0270496 0.0365429 0.0467681 0.0566443 0.0649305 0.0706713 0.073492 0.0735597 0.0713408 0.0673823 0.0622082 0.0562847 0.0500021 0.0436644 0.0374922 0.0316314 0.0261664 0.0211378 0.0165674 0.0124863 0.00895049 0.00603003
 0.00765524 0.0125334 0.0190447 0.0271833 0.0367021 0.0469527 0.0568574 0.0651764 0.0709532 0.0738083 0.073904 0.0717022 0.0677462 0.0625548 0.0565863 0.0502219 0.0437608 0.0374273 0.0313825 0.0257359 0.0205581 0.0158981 0.0118035 0.00832851 0.00552314
 0.00771037 0.0126168 0.0191584 0.0273245 0.0368635 0.0471238 0.0570262 0.0653328 0.0710921 0.073933 0.0740253 0.0718338 0.0678979 0.0627268 0.0567666 0.0503867 0.0438769 0.0374575 0.0312946 0.0255137 0.0202102 0.0154607 0.0113323 0.00788368 0.00515185
 0.00777768 0.0127175 0.0192936 0.0274889 0.0370465 0.0473116 0.0572036 0.0654849 0.0712068 0.0740049 0.074058 0.0718402 0.067896 0.0627342 0.0567933 0.0504304 0.0439218 0.0374766 0.0312572 0.0253957 0.0200042 0.0151819 0.0110158 0.00757326 0.00488551
 0.00781541 0.0127802 0.01939 0.0276264 0.037228 0.0475309 0.0574429 0.0657161 0.0713994 0.074135 0.0741158 0.0718312 0.0678372 0.0626482 0.0567021 0.0503496 0.043856 0.037418 0.0311878 0.0252946 0.0198575 0.0149906 0.0107972 0.00735517 0.00469487
 0.0078386 0.0128131 0.019431 0.0276721 0.0372754 0.0475804 0.0574992 0.0657858 0.0714857 0.0742336 0.0742139 0.0719123 0.0678884 0.0626654 0.0566907 0.050321 0.0438212 0.0373818 0.0311467 0.0252383 0.0197757 0.0148795 0.0106643 0.00721671 0.00456941
 0.00786765 0.0128548 0.0194836 0.0277298 0.03733 0.0476233 0.0575243 0.0657918 0.0714772 0.0742204 0.0742076 0.071921 0.0679127 0.062698 0.0567214 0.0503418 0.0438291 0.0373776 0.0311311 0.0252095 0.0197299 0.0148147 0.0105839 0.00713015 0.00448852
 0.00789483 0.0128971 0.0195431 0.0278066 0.0374209 0.0477209 0.057617 0.0658656 0.0715196 0.0742253 0.0741785 0.0718699 0.0678552 0.0626473 0.0566839 0.0503163 0.04381 0.0373589 0.0311079 0.0251788 0.0196895 0.0147644 0.0105259 0.00706977 0.00443278
 0.00789076 0.0128885 0.0195269 0.0277792 0.0373798 0.0476669 0.0575553 0.0658049 0.0714693 0.0741918 0.0741639 0.0718726 0.0678732 0.0626794 0.0567297 0.0503742 0.0438757 0.0374252 0.0311669 0.0252236 0.0197161 0.0147718 0.0105168 0.00704954 0.00440818
 0.00789639 0.0128929 0.0195247 0.0277625 0.0373402 0.047599 0.0574598 0.0656901 0.0713493 0.0740836 0.0740829 0.071829 0.0678703 0.0627141 0.0567943 0.0504596 0.0439728 0.0375253 0.0312615 0.025305 0.0197785 0.0148128 0.0105375 0.00705451 0.00440342
 0.00789138 0.0128835 0.0195081 0.0277348 0.0372967 0.0475354 0.0573734 0.0655816 0.0712246 0.0739539 0.073964 0.0717382 0.0678217 0.0627148 0.0568431 0.0505479 0.0440877 0.0376526 0.031388 0.0254198 0.0198736 0.014884 0.0105848 0.00708124 0.00441528
 0.00787288 0.0128543 0.0194657 0.0276776 0.0372241 0.0474481 0.0572741 0.0654747 0.0711158 0.0738498 0.0738714 0.071665 0.0677763 0.0627051 0.0568741 0.0506196 0.0441936 0.0377812 0.0315252 0.0255517 0.0199891 0.014976 0.0106511 0.00712399 0.0044395
 0.00787729 0.0128548 0.0194543 0.0276431 0.0371557 0.0473407 0.0571319 0.0653119 0.0709521 0.0737041 0.0737573 0.0715895 0.067741 0.0627092 0.0569158 0.0506962 0.0443009 0.0379116 0.0316681 0.0256942 0.020119 0.0150842 0.0107331 0.00718017 0.00447407
 0.00784792 0.0128101 0.0193923 0.0275634 0.0370579 0.0472238 0.0569947 0.0651552 0.0707824 0.0735352 0.0736087 0.0714813 0.0676881 0.0627169 0.0569804 0.0508079 0.0444475 0.0380805 0.0318463 0.0258691 0.0202785 0.0152188 0.0108374 0.00725404 0.00452146
 0.00782768 0.0127737 0.0193315 0.0274692 0.036924 0.0470506 0.0567922 0.0649423 0.0705809 0.0733632 0.0734779 0.0713974 0.0676543 0.0627357 0.0570522 0.0509289 0.0446085 0.0382685 0.0320464 0.0260661 0.020459 0.0153723 0.010958 0.00734091 0.00457847
 0.00780055 0.0127281 0.0192602 0.0273643 0.0367788 0.046862 0.0565643 0.0646883 0.0703222 0.0731265 0.0732891 0.071276 0.06761 0.0627683 0.0571537 0.0510873 0.0448099 0.0384975 0.0322868 0.0263014 0.020674 0.0155552 0.0111022 0.00744552 0.00464783
 0.00776478 0.012672 0.0191793 0.0272557 0.036641 0.0466958 0.0563733 0.0644795 0.070107 0.0729196 0.0731073 0.0711372 0.06753 0.0627575 0.0572149 0.0512149 0.0449915 0.0387166 0.0325248 0.0265397 0.0208956 0.0157466 0.011255 0.00755769 0.00472309
 0.00774615 0.0126377 0.0191207 0.0271626 0.0365054 0.0465156 0.0561563 0.0642431 0.0698733 0.0727097 0.0729367 0.0710153 0.0674626 0.0627484 0.0572663 0.0513258 0.0451559 0.0389228 0.0327564 0.0267777 0.0211214 0.0159446 0.0114152 0.00767663 0.00480371
 0.00933679 0.0148662 0.0218141 0.0299389 0.0388835 0.0480926 0.0567475 0.0639103 0.0688459 0.0712673 0.071322 0.0693993 0.0659486 0.0613906 0.0560887 0.050335 0.0443488 0.0382895 0.032281 0.0264392 0.0208949 0.0158038 0.0113349 0.00763541 0.0047851
 0.00932624 0.0151405 0.0227404 0.031972 0.0423678 0.0529942 0.0624851 0.0694485 0.0730625 0.073395 0.0712012 0.0674218 0.0627863 0.0577085 0.0523787 0.0468885 0.0413048 0.0356967 0.0301419 0.0247323 0.0195841 0.0148418 0.0106655 0.00719755 0.00451821
 0.00897932 0.0145979 0.0219853 0.0310591 0.0414751 0.0524564 0.0627518 0.0709238 0.0758615 0.0771642 0.0751631 0.0706685 0.0646567 0.0580164 0.0513831 0.04508 0.0391754 0.0336059 0.0282929 0.023209 0.0183982 0.0139666 0.0100556 0.0067987 0.00427542
 0.00879761 0.0142923 0.0215073 0.0303613 0.0405304 0.0512915 0.0614893 0.069808 0.0752358 0.0773744 0.0764025 0.0728349 0.0673235 0.0605715 0.0532741 0.046024 0.0392136 0.0330037 0.0273787 0.022251 0.017558 0.0133105 0.00958735 0.00649052 0.00408813
 0.00873241 0.0141762 0.0213131 0.030055 0.0400763 0.050663 0.0606838 0.0688649 0.0742535 0.0765193 0.0758942 0.0728903 0.0680629 0.0619286 0.0549775 0.0476847 0.0404817 0.0337008 0.0275319 0.0220272 0.0171594 0.0128962 0.00924518 0.00624731 0.00393459
 0.00870533 0.0141312 0.0212428 0.0299496 0.0399226 0.0504439 0.0603802 0.068461 0.073746 0.0759317 0.0752916 0.0723852 0.0677992 0.0620352 0.0555036 0.048552 0.0414943 0.0346203 0.0281768 0.0223368 0.0171887 0.0127601 0.00905515 0.00607587 0.00381085
 0.00869833 0.0141181 0.0212197 0.0299117 0.0398641 0.0503592 0.0602641 0.0683074 0.0735476 0.075681 0.0749876 0.0720452 0.0674701 0.0617945 0.0554393 0.0487241 0.0418948 0.0351619 0.0287237 0.0227648 0.0174358 0.0128374 0.00902114 0.0059963 0.00373208
 0.00868144 0.0140946 0.0211916 0.0298827 0.039838 0.0503373 0.0602431 0.0682797 0.0735027 0.0756083 0.0748783 0.0718956 0.0672863 0.0615989 0.0552738 0.0486417 0.0419388 0.0353398 0.0289959 0.0230582 0.0176773 0.0129862 0.00907831 0.00599135 0.0037003
 0.00868628 0.0141001 0.0211956 0.0298822 0.0398307 0.0503231 0.0602251 0.0682624 0.073489 0.0755959 0.0748593 0.0718584 0.0672211 0.0615039 0.0551599 0.0485339 0.0418704 0.0353391 0.0290705 0.0231879 0.0178226 0.0131074 0.00915358 0.00602138 0.0037003
 0.00870114 0.014125 0.0212341 0.0299372 0.0399028 0.0504087 0.0603151 0.0683438 0.0735488 0.0756254 0.0748554 0.0718224 0.0671555 0.0614114 0.0550449 0.0484064 0.041748 0.0352434 0.0290192 0.0231855 0.0178572 0.0131569 0.00919663 0.00604681 0.00370832
 0.00865915 0.0140628 0.021152 0.0298402 0.0397999 0.0503113 0.0602354 0.0682925 0.0735325 0.0756443 0.0749031 0.071888 0.0672267 0.0614771 0.0550972 0.0484418 0.0417683 0.0352565 0.0290358 0.0232143 0.0178999 0.0132069 0.00924339 0.00608193 0.00372914
 0.00866351 0.0140643 0.0211444 0.0298149 0.0397494 0.0502338 0.060138 0.068191 0.0734462 0.0755893 0.0748872 0.0719091 0.0672755 0.0615405 0.0551624 0.0484992 0.041813 0.0352889 0.0290606 0.0232378 0.0179266 0.013237 0.00927345 0.00610717 0.00374668
 0.00865053 0.0140469 0.0211246 0.0297959 0.0397335 0.0502195 0.0601194 0.0681602 0.0733982 0.0755273 0.0748227 0.071858 0.0672506 0.0615468 0.0551957 0.0485491 0.0418682 0.0353405 0.0291047 0.0232747 0.0179584 0.0132656 0.00929887 0.00612812 0.00376196
 0.00862733 0.0140087 0.0210666 0.0297145 0.0396281 0.0500954 0.0599882 0.068038 0.0733004 0.075463 0.0747931 0.0718594 0.0672787 0.0615993 0.055271 0.0486434 0.0419739 0.035448 0.029205 0.0233617 0.0180299 0.0133221 0.00934184 0.00615928 0.00378305
 0.00863666 0.0140215 0.0210811 0.0297273 0.0396341 0.0500888 0.0599644 0.067995 0.0732403 0.0753927 0.0747226 0.0717983 0.0672341 0.0615745 0.0552666 0.0486583 0.0420059 0.0354928 0.0292568 0.0234141 0.0180778 0.0133623 0.00937319 0.0061822 0.00379864
 0.00863666 0.0140215 0.0210811 0.0297273 0.0396341 0.0500888 0.0599644 0.067995 0.0732403 0.0753927 0.0747226 0.0717983 0.0672341 0.0615745 0.0552666 0.0486583 0.0420059 0.0354928 0.0292568 0.0234141 0.0180778 0.0133623 0.00937319 0.0061822 0.00379864
 0.00856266 0.0139071 0.0209203 0.0295193 0.0393842 0.0498095 0.0596756 0.0677229 0.0730132 0.0752344 0.0746479 0.0718109 0.0673276 0.061735 0.0554754 0.0488956 0.0422528 0.0357337 0.0294792 0.0236092 0.01824 0.0134896 0.00946707 0.00624677 0.00383984
 0.00842791 0.0136857 0.0205842 0.0290446 0.0387608 0.0490536 0.0588401 0.0668945 0.0722948 0.074717 0.0743889 0.0718251 0.0675917 0.0621995 0.0560781 0.049572 0.0429451 0.0363951 0.030076 0.0241204 0.0186556 0.0138094 0.00969852 0.00640333 0.00393807
#pred catch len freq
 0.00323798 0.00524665 0.00789786 0.0112297 0.0152788 0.0200348 0.025379 0.0310715 0.0367991 0.0422392 0.047107 0.0511917 0.054385 0.0566875 0.0581871 0.0590301 0.0593976 0.059469 0.0593374 0.0588723 0.0576087 0.0548104 0.0497954 0.042406 0.0333002
 0.00338202 0.00543753 0.00810714 0.0114093 0.0153806 0.0200376 0.0253046 0.0309746 0.0367342 0.0422266 0.0471235 0.0511928 0.054345 0.0566295 0.0581833 0.0591689 0.0597328 0.059975 0.0598941 0.0592964 0.0577252 0.0545317 0.0491651 0.0415777 0.0324651
 0.00354413 0.00570154 0.00850149 0.0119506 0.0160587 0.0208003 0.0260544 0.0315911 0.0371196 0.0423484 0.0470223 0.0509498 0.0540356 0.0562999 0.0578619 0.05889 0.0595402 0.0598951 0.0598983 0.059288 0.0575724 0.0541352 0.0485173 0.0407726 0.0316511
 0.00368293 0.0059325 0.00886055 0.0124785 0.0167967 0.0217777 0.0272681 0.0329831 0.0385656 0.0436715 0.0480369 0.0515215 0.0541253 0.0559662 0.057224 0.0580799 0.0586693 0.0590378 0.0590823 0.0584894 0.0567306 0.0531944 0.0474742 0.0396961 0.030655
 0.00382279 0.0061581 0.00919856 0.0129575 0.0174478 0.0226333 0.0283546 0.0343083 0.0401007 0.045334 0.0496828 0.0529595 0.0551586 0.0564504 0.0571131 0.0574342 0.0576232 0.0577462 0.0576718 0.0570343 0.0552584 0.0517159 0.0460206 0.0383361 0.0294792
 0.00403546 0.00649029 0.00967434 0.0135932 0.018254 0.023616 0.0295142 0.0356358 0.041574 0.0469128 0.0513006 0.0545138 0.0565082 0.0574298 0.0575691 0.0572727 0.0568418 0.056433 0.0559716 0.0551018 0.0532277 0.0496968 0.0441131 0.0366397 0.0280805
 0.00422662 0.00680555 0.0101573 0.0142878 0.0191965 0.0248223 0.030967 0.0372801 0.0433267 0.0486809 0.0529966 0.0560594 0.0578264 0.0584328 0.0581523 0.0573271 0.0562852 0.055246 0.054217 0.0529167 0.0507946 0.0472128 0.0417657 0.0345868 0.0264298
 0.00442787 0.00712993 0.0106423 0.0149715 0.0201169 0.026012 0.0324412 0.0390213 0.0452726 0.0507232 0.0549947 0.0578667 0.0593167 0.0595133 0.0587569 0.0573994 0.0557709 0.0541065 0.0524604 0.0506267 0.048138 0.0444189 0.0390838 0.0322355 0.0245526
 0.00466046 0.00750499 0.0112021 0.0157565 0.0211619 0.0273394 0.0340506 0.0408807 0.0473165 0.0528558 0.0570955 0.0597986 0.0609401 0.0607034 0.059418 0.057468 0.0552084 0.0528944 0.0506103 0.0482062 0.0452961 0.0413863 0.0361374 0.0296345 0.022474
 0.00491674 0.00791348 0.0118032 0.0165862 0.0222503 0.0287061 0.0356947 0.0427706 0.0493846 0.0550018 0.0591963 0.0617221 0.0625579 0.0619017 0.0601027 0.0575668 0.0546712 0.0516957 0.0487595 0.0457675 0.0424116 0.0382827 0.0330973 0.026933 0.0203064
 0.00519464 0.00835596 0.0124527 0.017479 0.0234133 0.030151 0.0374085 0.0447074 0.0514655 0.0571217 0.0612356 0.0635579 0.0640751 0.0630007 0.0607033 0.0576068 0.0541044 0.0504944 0.0469264 0.0433579 0.0395577 0.0352021 0.0300675 0.0242299 0.0181303
 0.00541932 0.00872605 0.0130195 0.0182953 0.0245259 0.0315865 0.0391568 0.0467116 0.0536243 0.0593044 0.0633006 0.0653713 0.0655236 0.0639989 0.0611925 0.0575482 0.0534714 0.0492713 0.0451189 0.0410158 0.0368007 0.0322315 0.0271444 0.0216178 0.0160235
 0.00568653 0.00914413 0.0136205 0.019104 0.0255631 0.0328708 0.0406977 0.0484954 0.0555982 0.0613689 0.0653163 0.0671806 0.0669804 0.0649921 0.0616553 0.0574512 0.0528087 0.0480503 0.0433624 0.0387792 0.0341964 0.0294425 0.024408 0.0191747 0.0140527
 0.0059335 0.00953767 0.0141981 0.0198961 0.0265887 0.0341311 0.0421695 0.0501287 0.0573228 0.0631047 0.0669791 0.0686809 0.0682226 0.0658801 0.0621056 0.0574055 0.0522388 0.0469565 0.0417717 0.0367529 0.0318442 0.0269318 0.0219504 0.0169834 0.0122855
 0.00609591 0.00980767 0.0146162 0.0205052 0.0274278 0.0352223 0.0435043 0.0516588 0.0589632 0.0647475 0.0685126 0.070007 0.0692657 0.0665871 0.0624378 0.0573318 0.0517345 0.0460094 0.0403932 0.0349908 0.0297953 0.0247451 0.0198121 0.0150784 0.0107503
 0.00622613 0.0100285 0.0149666 0.0210302 0.0281725 0.0362204 0.0447625 0.0531445 0.0606001 0.0664217 0.0700889 0.0713514 0.0702704 0.0671866 0.06261 0.0570853 0.0510907 0.0449917 0.0390296 0.033328 0.0279155 0.0227742 0.0179073 0.0133955 0.00940175
 0.00642492 0.0103354 0.0153999 0.0216009 0.0288884 0.037091 0.0457966 0.0543404 0.0619313 0.067826 0.071468 0.0725845 0.0712368 0.0677909 0.0627985 0.0568481 0.0504523 0.043996 0.0377298 0.0317873 0.0262169 0.0210278 0.0162435 0.0119404 0.00824433
 0.00652158 0.0104981 0.0156549 0.0219753 0.0294048 0.0377581 0.0466026 0.0552531 0.0629075 0.0688222 0.0724432 0.0734939 0.0720236 0.0683857 0.0631304 0.056862 0.0501223 0.0433297 0.0367646 0.030585 0.0248609 0.0196214 0.0149007 0.0107665 0.00731176
 0.006514 0.0104913 0.0156562 0.021999 0.0294731 0.037901 0.0468533 0.0556392 0.0634395 0.0694842 0.0731937 0.0742749 0.0727733 0.0690453 0.0636441 0.0571763 0.0501907 0.0431228 0.0362809 0.0298564 0.0239527 0.0186241 0.0139167 0.0098899 0.00660755
 0.00655986 0.0105536 0.0157278 0.0220666 0.0295232 0.0379278 0.0468663 0.0556652 0.0635168 0.0696516 0.0734768 0.0746752 0.073264 0.0695758 0.0641506 0.0575928 0.0504576 0.0431938 0.0361306 0.0294885 0.0234042 0.0179626 0.0132271 0.00925471 0.00608674
 0.00668215 0.0107362 0.0159715 0.0223599 0.0298426 0.0382418 0.0471403 0.0558681 0.0636308 0.0696811 0.0734509 0.0746392 0.0732624 0.0696343 0.0642664 0.0577345 0.0505752 0.043233 0.036047 0.0292599 0.023039 0.0174999 0.0127275 0.00878295 0.00569338
 0.00667522 0.0107394 0.0160028 0.0224431 0.03 0.0384817 0.0474473 0.0562025 0.0639393 0.0699146 0.0735805 0.0746654 0.0732128 0.0695528 0.064195 0.0576969 0.0505678 0.0432271 0.0360018 0.02914 0.0228292 0.0172126 0.0123986 0.00845894 0.00541484
 0.00668718 0.0107492 0.0160011 0.0224193 0.0299497 0.038416 0.0473959 0.0562058 0.0640286 0.0700926 0.073816 0.0749054 0.0734077 0.0696765 0.0642514 0.0577099 0.0505628 0.0432158 0.0359768 0.0290819 0.0227205 0.0170505 0.0121993 0.00825143 0.00522879
 0.0067824 0.0108799 0.0161527 0.0225622 0.0300462 0.0384335 0.04732 0.0560478 0.0638258 0.0698994 0.073686 0.0748724 0.0734717 0.0698061 0.0644012 0.0578421 0.0506589 0.043274 0.036001 0.0290726 0.0226745 0.0169669 0.0120862 0.00812576 0.0051105
 0.006815 0.0109319 0.0162275 0.0226582 0.0301521 0.0385241 0.0473569 0.0559897 0.0636473 0.0696099 0.0733365 0.0745411 0.0732361 0.069714 0.0644559 0.0580081 0.0508818 0.0435023 0.0361986 0.0292203 0.0227656 0.0170034 0.0120774 0.00808689 0.00505919
 0.00679333 0.0109068 0.0162087 0.022662 0.0301975 0.0386261 0.047518 0.0561929 0.0638545 0.0697686 0.0733967 0.0744771 0.0730617 0.0694801 0.0642297 0.0578442 0.0508031 0.0434983 0.0362391 0.0292722 0.0228045 0.0170175 0.0120663 0.00805797 0.00502292
 0.00678097 0.0108767 0.0161462 0.0225496 0.0300231 0.0383933 0.0472534 0.0559434 0.063672 0.0696897 0.0734268 0.0745891 0.0732097 0.0696215 0.0643435 0.0579356 0.0508927 0.0436045 0.0363651 0.0294057 0.0229259 0.0171111 0.0121254 0.00808596 0.00502906
 0.00687141 0.0110034 0.0162983 0.0227021 0.0301413 0.0384417 0.0472062 0.0557931 0.0634356 0.069408 0.0731552 0.0743798 0.0730923 0.0695943 0.0643802 0.0580032 0.050968 0.0436798 0.0364422 0.0294857 0.0230045 0.0171793 0.0121758 0.00811616 0.00504239
