SBPRF35
7.78865
Curr Bio
557959
B35
705522
F35
0.211272
FOFL
0.156965
OFL
66540.4
Bzero
2.22533e+006
#pred survey bio
 4.7257e+006 4.49326e+006 4.26112e+006 3.96107e+006 3.63644e+006 3.316e+006 2.99576e+006 2.64654e+006 2.34738e+006 2.06733e+006 1.8149e+006 1.59349e+006 1.40504e+006 1.25442e+006 1.10956e+006 981705 881441 817901 780074 741045 734203 704722 691385 672262 650783 639810 622865 621906 613756 607335 599376 593389 587353 588561 572398 554137 549466 543598 550091 569723 581451 585177 590902 592131 591726 593758 584988 584096 580021 569248 563829 564219 1.88614e+007 1.09897e+007 1.10329e+007 1.16612e+007 1.26176e+007 1.36476e+007 1.45938e+007 1.53869e+007 1.60139e+007 1.6491e+007 1.68448e+007 1.71029e+007 1.72894e+007 1.74236e+007 1.752e+007 1.75895e+007 1.76397e+007 1.76762e+007 1.77028e+007 1.77225e+007 1.7737e+007 1.77478e+007 1.77559e+007 1.7762e+007 1.77666e+007 1.77701e+007 1.77728e+007 1.77748e+007 1.77764e+007 1.77776e+007 1.77785e+007 1.77792e+007 1.77797e+007 1.77801e+007 1.77805e+007 1.77807e+007 1.77809e+007 1.77811e+007 1.77812e+007 1.77813e+007 1.77813e+007 1.77814e+007 1.77814e+007 1.77815e+007 1.77815e+007 1.77815e+007 1.77815e+007 1.77815e+007 1.77815e+007 1.77815e+007 1.77815e+007 1.77816e+007 1.77816e+007 1.77816e+007 1.77816e+007 1.77816e+007 1.77816e+007 1.77816e+007 1.77816e+007 1.77816e+007 1.77816e+007 1.77816e+007 1.77816e+007 1.77816e+007 1.77816e+007 1.77816e+007 1.77816e+007 1.77816e+007 1.77816e+007 1.77816e+007 1.77816e+007 1.77816e+007 1.77816e+007 1.77816e+007 1.77816e+007 1.77816e+007 1.77816e+007 1.77816e+007 1.77816e+007 1.77816e+007 1.77816e+007 1.77816e+007 1.77816e+007 1.77816e+007 1.77816e+007 1.77816e+007 1.77816e+007 1.77816e+007 1.77816e+007 1.77816e+007 1.77816e+007 1.77816e+007 1.77816e+007 1.77816e+007 1.77816e+007 1.77816e+007 1.77816e+007 1.77816e+007 1.77816e+007 1.77816e+007 0 0 0 0 0 0 0 0 0 0 0 0 0 0 0 0 0 0 0 0 0 0 0 0 0
#obs survey bio
 4.15189e+006 3.23908e+006 2.4109e+006 2.37424e+006 3.17072e+006 3.44435e+006 2.75818e+006 2.49088e+006 1.33043e+006 1.6162e+006 1.85798e+006 959627 1.36547e+006 983480 1.05204e+006 631689 974474 735840 736357 732568 527848 734411 723516 534318 794301 665112 711131 325173 623942 498904 597560 509139 460426 658660 558005 493860 664198 608620 569942 459006 576383 736782 476724 405140 697853 452450 743653 544693 676686 512824 672396 633393
#pred catch bio
 96062.5 93392.8 164198 206097 227629 255817 312098 295691 303575 299524 288091 270908 245528 244542 230725 205675 171871 147699 145976 116452 133077 116582 119174 118437 107130 110166 95530 101151 99045.6 99488.5 96897.1 96051.7 88844.6 100737 98626.3 86424.6 90878.5 85072.4 77544.7 85373.9 91402.7 88969.4 92752.1 94413 92421.5 100653 92682.2 93930.9 97515.3 90661.1 82600.8 98435.3 66540.4 84482.4 83233.2 86539.1 93149.4 100597 107415 113017 117319 120470 122702 124242 125284 125979 126437 126736 126930 127054 127134 127185 127217 127238 127251 127259 127264 127267 127269 127271 127272 127272 127272 127273 127273 127273 127273 127273 127273 127273 127273 127273 127273 127273 127273 127273 127273 127273 127273 127273 127273 127273 127273 127273 127273 127273 127273 127273 127273 127273 127273 127273 127273 127273 127273 127273 127273 127273 127273 127273 127273 127273 127273 127273 127273 127273 127273 127273 127273 127273 127273 127273 127273 127273 127273 127273 127273 127273 127273 127273 127273 127273 127273 127273 127273 127273 127273 127273 127273 127273 127273 127273 0 0 0 0 0 0 0 0 0 0 0 0 0 0 0 0 0 0 0 0 0 0 0 0 0
#obs catch bio
 0 93089 165442 208076 230300 258925 318294 301471 311552 307578 295916 279716 252939 252234 238022 212186 175970 150443 149120 117837 135603 117600 120626 120125 108068 111333 96388.7 102571 100202 101066 98180.2 97710.2 90328.4 102826 100405 87516.5 92193.3 86027 78258.9 86134.6 91669.8 88951.3 93030.5 95096.6 92955.5 101621 93050.7 94539 97908.8 91243.4 82744.6 98599.9
#pred cpue bio
 4.64599e+006 4.41943e+006 4.19166e+006 3.89349e+006 3.57037e+006 3.25173e+006 2.93337e+006 2.58647e+006 2.28926e+006 2.01141e+006 1.76132e+006 1.54218e+006 1.35588e+006 1.20736e+006 1.065e+006 939595 841639 780003 743562 706009 699735 671523 658857 640530 619967 609633 593371 592477 584533 578312 570715 565026 559279 560786 545855 528765 523617 516250 521388 540480 552509 556633 562336 563340 562734 564770 556517 555950 552351 542249 537410 538768 1.80493e+007 1.0526e+007 1.0432e+007 1.09088e+007 1.18114e+007 1.28284e+007 1.3772e+007 1.45646e+007 1.51916e+007 1.56686e+007 1.60224e+007 1.62806e+007 1.64671e+007 1.66013e+007 1.66977e+007 1.67671e+007 1.68173e+007 1.68538e+007 1.68805e+007 1.69001e+007 1.69146e+007 1.69255e+007 1.69336e+007 1.69397e+007 1.69443e+007 1.69478e+007 1.69504e+007 1.69525e+007 1.6954e+007 1.69552e+007 1.69561e+007 1.69568e+007 1.69574e+007 1.69578e+007 1.69581e+007 1.69584e+007 1.69586e+007 1.69587e+007 1.69588e+007 1.69589e+007 1.6959e+007 1.6959e+007 1.69591e+007 1.69591e+007 1.69591e+007 1.69591e+007 1.69592e+007 1.69592e+007 1.69592e+007 1.69592e+007 1.69592e+007 1.69592e+007 1.69592e+007 1.69592e+007 1.69592e+007 1.69592e+007 1.69592e+007 1.69592e+007 1.69592e+007 1.69592e+007 1.69592e+007 1.69592e+007 1.69592e+007 1.69592e+007 1.69592e+007 1.69592e+007 1.69592e+007 1.69592e+007 1.69592e+007 1.69592e+007 1.69592e+007 1.69592e+007 1.69592e+007 1.69592e+007 1.69592e+007 1.69592e+007 1.69592e+007 1.69592e+007 1.69592e+007 1.69592e+007 1.69592e+007 1.69592e+007 1.69592e+007 1.69592e+007 1.69592e+007 1.69592e+007 1.69592e+007 1.69592e+007 1.69592e+007 1.69592e+007 1.69592e+007 1.69592e+007 1.69592e+007 1.69592e+007 1.69592e+007 1.69592e+007 1.69592e+007 1.69592e+007 1.69592e+007 1.69592e+007 0 0 0 0 0 0 0 0 0 0 0 0 0 0 0 0 0 0 0 0 0 0 0 0 0
#obs cpue bio
 3.38871e+006 2.83229e+006 2.57863e+006 3.62573e+006 2.57774e+006 3.60995e+006 2.37285e+006 1.83639e+006 2.223e+006 2.15758e+006 1.37586e+006 1.28099e+006 1.01491e+006 1.21784e+006 791294 918114 672590 729748 600525 635562 771363 796001 469566 603592 529687 534146 365635 780769 530592 429648 535388 398933 436281 419512 510575 520442 391869 441751 399716 735414 906987 500336 544827 547336 442304 606973 511494 470500 588710 432617 511158 672559
#pred surv len freq
 0.00516238 0.00839849 0.0126686 0.0179545 0.0241176 0.0308115 0.0374597 0.0434022 0.0481502 0.0515539 0.0537689 0.0550964 0.0558347 0.056201 0.0563039 0.0561407 0.0556176 0.0545844 0.0528648 0.0502665 0.0465908 0.0416851 0.035564 0.0285423 0.0212599
 0.005452 0.00873909 0.0129468 0.0180011 0.0237733 0.0300201 0.0363289 0.0421805 0.0471188 0.0508955 0.0534941 0.0550646 0.0558468 0.0561063 0.0560694 0.0558613 0.0554681 0.0547363 0.0534027 0.0511425 0.0476413 0.0427014 0.0363784 0.0290823 0.0215484
 0.00576745 0.00925244 0.0137103 0.0190372 0.0250396 0.0313754 0.0375314 0.0429495 0.0472521 0.0503761 0.0525038 0.0538853 0.0547142 0.0551178 0.0551988 0.0550483 0.0547063 0.0540984 0.0529941 0.0510259 0.0477866 0.0429956 0.0366837 0.0293001 0.0216493
 0.00599411 0.0096332 0.014307 0.0199167 0.0262601 0.0329584 0.0394255 0.0450012 0.0492068 0.0519258 0.0533785 0.0539513 0.0540237 0.0538725 0.0536489 0.0533964 0.053076 0.0525647 0.0516248 0.0498873 0.0469161 0.0423771 0.0362555 0.0289903 0.0214081
 0.00622302 0.00999908 0.0148477 0.0206679 0.0272546 0.0342223 0.0409677 0.0467975 0.0511814 0.0539352 0.0552099 0.0553498 0.054756 0.0538056 0.0528003 0.0519224 0.051206 0.0505281 0.0496084 0.0480281 0.045305 0.0410592 0.0352318 0.0282292 0.0208639
 0.00649975 0.0104334 0.0154726 0.0215049 0.0283118 0.0354933 0.0424283 0.048406 0.0528837 0.0556685 0.0568954 0.0568758 0.0559661 0.0545149 0.0528451 0.0512238 0.0498104 0.0485982 0.0473746 0.0457278 0.0431379 0.0391655 0.0336872 0.0270509 0.0200244
 0.00678053 0.0108847 0.0161417 0.0224307 0.0295163 0.0369687 0.044126 0.0502367 0.0547352 0.0574337 0.058492 0.0582454 0.0570543 0.0552463 0.0531134 0.0509126 0.0488402 0.0469778 0.0452235 0.0432574 0.0406006 0.0367963 0.0316595 0.0254555 0.018871
 0.00712014 0.0114276 0.0169414 0.0235309 0.0309428 0.0387165 0.0461453 0.0524267 0.0569558 0.0595311 0.0603277 0.0597156 0.0580954 0.0558242 0.0532018 0.0504737 0.0478266 0.0453612 0.0430396 0.0406373 0.0377654 0.0340121 0.029172 0.023433 0.0173763
 0.00741641 0.0119024 0.0176437 0.0245023 0.0322112 0.0402856 0.0479818 0.0544547 0.0590636 0.0615884 0.0622035 0.0612922 0.0592771 0.0565423 0.0534133 0.0501524 0.0469527 0.0439239 0.0410591 0.0381985 0.0350387 0.0312386 0.0266103 0.0212901 0.0157573
 0.00771005 0.0123747 0.0183448 0.0254755 0.0334846 0.0418602 0.0498182 0.0564689 0.0611385 0.0635951 0.0640209 0.0628167 0.0604248 0.057248 0.0536294 0.0498473 0.0461086 0.0425381 0.0391555 0.03585 0.0323894 0.0285028 0.0240356 0.0190941 0.0140683
 0.00805308 0.0129135 0.0191211 0.0265161 0.0347989 0.0434349 0.0516099 0.0584 0.0631036 0.0654764 0.0657055 0.0642083 0.0614485 0.0578495 0.0537718 0.0495062 0.0452696 0.0411992 0.0373382 0.0336187 0.0298702 0.0258868 0.0215507 0.0169501 0.012399
 0.00836096 0.01341 0.0198598 0.0275418 0.0361365 0.0450735 0.0534887 0.0604079 0.065099 0.0673192 0.0672823 0.0654412 0.0622895 0.0582715 0.05376 0.049053 0.0443722 0.0398621 0.035583 0.0315018 0.0275011 0.0234329 0.0192154 0.0149253 0.0108116
 0.00859271 0.0137888 0.020434 0.028358 0.0372307 0.0464568 0.0551313 0.0622312 0.0669835 0.0691251 0.0688741 0.0667079 0.0631564 0.0587016 0.0537467 0.0486077 0.0435133 0.0386106 0.0339691 0.0295798 0.025367 0.0212305 0.0171202 0.0131045 0.00937848
 0.00881315 0.0141337 0.0209287 0.0290195 0.0380679 0.0474702 0.0563089 0.0635429 0.0683775 0.070529 0.0702001 0.067861 0.0640465 0.059256 0.0539192 0.0483809 0.042893 0.0376193 0.0326434 0.0279767 0.0235747 0.0193737 0.0153479 0.0115589 0.00815711
 0.00905674 0.0145271 0.0215148 0.029833 0.0391251 0.048755 0.0577615 0.0650631 0.0698464 0.0718391 0.071276 0.0686614 0.0645516 0.059454 0.0538008 0.0479404 0.0421339 0.0365581 0.0313132 0.0264317 0.0218959 0.0176701 0.0137456 0.0101752 0.00707017
 0.00922561 0.0148095 0.021954 0.0304738 0.0400036 0.0498821 0.0591066 0.0665469 0.0713512 0.073232 0.0724362 0.0695014 0.0650275 0.0595628 0.0535668 0.047399 0.04132 0.0355037 0.0300534 0.0250145 0.0203904 0.0161679 0.0123505 0.00898181 0.00613896
 0.00931843 0.0149617 0.0221864 0.0308091 0.0404649 0.0504893 0.059869 0.0674554 0.0723714 0.0743025 0.0734725 0.0704074 0.0657136 0.0599633 0.0536509 0.0471699 0.0408052 0.0347434 0.0290934 0.0239075 0.019201 0.0149749 0.0112402 0.00803135 0.0053973
 0.00943363 0.0151201 0.0223727 0.0309938 0.040617 0.0505942 0.0599424 0.0675431 0.0725338 0.0745913 0.0739095 0.0709733 0.0663486 0.0605803 0.0541562 0.0474851 0.0408822 0.034569 0.0286857 0.0233085 0.0184715 0.0141889 0.0104764 0.00735936 0.0048635
 0.00942418 0.015112 0.0223724 0.0310087 0.0406495 0.0506356 0.059972 0.067538 0.0724869 0.0745264 0.0738808 0.0710459 0.0665674 0.0609459 0.054619 0.0479602 0.0412758 0.0348049 0.0287221 0.0231441 0.0181405 0.0137512 0.0100027 0.006916 0.00449756
 0.00952332 0.0152552 0.0225552 0.0312164 0.040862 0.0508352 0.0601472 0.0676811 0.0725887 0.074575 0.0738685 0.0709804 0.0664785 0.0608777 0.0546091 0.0480183 0.0413751 0.0348918 0.0287393 0.0230526 0.0179341 0.013456 0.00966631 0.00659014 0.00422265
 0.00941443 0.0150884 0.022323 0.030919 0.0405072 0.0504381 0.0597319 0.0672817 0.0722478 0.074336 0.073765 0.0710272 0.0666692 0.0611902 0.055015 0.0484869 0.0418715 0.0353731 0.029156 0.0233605 0.0181082 0.0135001 0.0096107 0.00647935 0.00409958
 0.0095168 0.0152404 0.0225247 0.0311598 0.0407675 0.0506925 0.059952 0.0674389 0.0723176 0.0743044 0.0736349 0.0708201 0.0664213 0.0609429 0.0548048 0.0483377 0.0417911 0.0353521 0.0291704 0.0233782 0.0180998 0.0134499 0.00952173 0.00636937 0.00399122
 0.00951395 0.0152359 0.0225181 0.0311505 0.0407546 0.0506746 0.0599273 0.067406 0.072276 0.074255 0.0735799 0.0707631 0.0663676 0.0609005 0.0547837 0.0483481 0.0418391 0.0354353 0.0292763 0.0234858 0.0181864 0.013499 0.00952932 0.00634431 0.00394954
 0.00947838 0.0151924 0.0224789 0.0311349 0.0407828 0.0507581 0.0600616 0.0675696 0.0724375 0.0743839 0.0736548 0.0707759 0.0663226 0.0608112 0.0546695 0.0482305 0.0417373 0.0353628 0.0292369 0.0234733 0.0181874 0.013499 0.00951876 0.00632171 0.00392002
 0.00951594 0.0152421 0.0225333 0.0311824 0.0408132 0.0507708 0.060069 0.0675932 0.0724956 0.0744793 0.0737705 0.0708815 0.0663883 0.0608192 0.0546192 0.0481358 0.0416204 0.0352462 0.0291376 0.0233991 0.0181368 0.0134645 0.00949194 0.00629726 0.0038968
 0.00955811 0.0152965 0.0225888 0.0312193 0.0408081 0.0507048 0.0599367 0.0674076 0.0722871 0.0742891 0.0736389 0.0708344 0.0664276 0.0609237 0.0547543 0.0482683 0.0417295 0.0353261 0.0291932 0.0234391 0.0181676 0.0134884 0.00950852 0.00630583 0.0038984
 0.00968494 0.0154894 0.0228533 0.0315488 0.0411825 0.0510903 0.0602873 0.0676715 0.0724196 0.0742681 0.0734744 0.0705663 0.0661113 0.0606111 0.0544792 0.048042 0.0415465 0.0351749 0.0290649 0.0233303 0.0180787 0.0134198 0.00945861 0.00627123 0.00387519
 0.00970833 0.0155216 0.0228911 0.0315862 0.0412128 0.0511095 0.0602954 0.0676713 0.0724127 0.0742517 0.0734423 0.070514 0.0660415 0.0605359 0.0544158 0.0480051 0.041541 0.0351951 0.0290989 0.0233664 0.0181093 0.0134422 0.00947319 0.00627964 0.00387922
 0.00969519 0.0155159 0.0229109 0.0316557 0.0413539 0.0513287 0.0605751 0.067971 0.0726822 0.0744477 0.0735404 0.0705097 0.0659459 0.0603696 0.0542054 0.0477793 0.0413261 0.03501 0.0289519 0.0232566 0.0180303 0.0133867 0.00943491 0.00625398 0.00386275
 0.00965786 0.0154581 0.0228304 0.0315555 0.0412447 0.0512312 0.0605183 0.0679844 0.0727827 0.0746286 0.0737688 0.0707381 0.0661294 0.0604805 0.0542378 0.0477455 0.0412488 0.034914 0.0288578 0.0231771 0.0179701 0.0133446 0.00940718 0.00623641 0.003852
 0.00967659 0.0154818 0.0228535 0.0315686 0.0412377 0.0511974 0.0604595 0.0679132 0.0727207 0.0746003 0.0737927 0.0708177 0.0662491 0.0606104 0.0543451 0.047807 0.0412579 0.0348792 0.0287968 0.0231084 0.0179075 0.0132951 0.00937206 0.0062136 0.00383824
 0.00967438 0.01548 0.0228538 0.0315727 0.0412457 0.0512059 0.0604612 0.067899 0.0726852 0.0745466 0.0737347 0.0707756 0.0662414 0.0606443 0.0544124 0.0478874 0.0413282 0.0349232 0.02881 0.0230968 0.0178824 0.0132672 0.00934823 0.00619639 0.00382732
 0.0095449 0.015298 0.0226326 0.0313427 0.0410456 0.0510689 0.0604034 0.0679162 0.0727577 0.0746489 0.0738439 0.070878 0.0663344 0.060734 0.0545071 0.0479904 0.0414345 0.0350214 0.0288886 0.02315 0.0179116 0.0132788 0.00934984 0.00619409 0.0038245
 0.00918013 0.0147554 0.0219113 0.030479 0.040108 0.0501458 0.0595905 0.0673037 0.0724145 0.0746052 0.0740824 0.0713413 0.0669449 0.0614163 0.0552021 0.0486584 0.0420504 0.0355688 0.029356 0.0235303 0.0182044 0.0134912 0.00949442 0.00628629 0.00387942
 0.00919243 0.0147378 0.0218173 0.0302475 0.0396853 0.0495181 0.0588075 0.0664761 0.0716809 0.0740858 0.0738442 0.0713885 0.0672316 0.0618697 0.0557451 0.0492255 0.042595 0.036062 0.0297821 0.0238822 0.0184808 0.0136959 0.00963647 0.00637803 0.0039343
 0.0100314 0.0159243 0.0232727 0.0317812 0.0410416 0.0504565 0.0591738 0.0662345 0.0709066 0.0729366 0.0725214 0.070092 0.0661174 0.0610223 0.0551761 0.048894 0.0424366 0.0360131 0.0297925 0.0239182 0.0185222 0.0137321 0.00966333 0.00639539 0.00394415
 0.010675 0.0169418 0.0247407 0.0337267 0.0434073 0.0530642 0.0617109 0.0682992 0.0721212 0.0730812 0.0716142 0.0683692 0.0639342 0.0587345 0.0530551 0.0470941 0.0410057 0.0349272 0.0289932 0.0233409 0.0181116 0.0134457 0.00946943 0.00626964 0.00386712
 0.0105912 0.0169124 0.0248933 0.0342438 0.0444759 0.0547937 0.064056 0.0710302 0.0748603 0.0753917 0.0731114 0.068821 0.0633205 0.0572421 0.051007 0.0448453 0.0388503 0.0330503 0.0274713 0.0221722 0.0172523 0.0128386 0.00905816 0.00600467 0.00370642
 0.0101509 0.0162603 0.0240372 0.0332512 0.0434794 0.0539846 0.0636612 0.0712627 0.0758418 0.0770755 0.0752537 0.0710329 0.0651859 0.0584493 0.0514351 0.0445727 0.0380935 0.032069 0.026486 0.0213213 0.0165918 0.0123661 0.00874238 0.00580621 0.00358921
 0.00980302 0.0156966 0.0231962 0.0320882 0.0419899 0.052236 0.0618201 0.0695917 0.0746519 0.0766417 0.0757257 0.0723741 0.0671671 0.0607057 0.0535725 0.0462833 0.0392322 0.0326607 0.0266702 0.0212723 0.0164546 0.0122286 0.00864031 0.00574283 0.00355467
 0.00971037 0.0155332 0.0229256 0.0316655 0.0413684 0.0513821 0.060733 0.0683241 0.073322 0.0754309 0.0748516 0.0720384 0.067488 0.0616629 0.054995 0.0478965 0.0407476 0.0338673 0.0274843 0.0217286 0.0166555 0.0122857 0.00863712 0.00572548 0.00354086
 0.00979815 0.0156542 0.023066 0.0317948 0.0414426 0.05135 0.0605451 0.0679415 0.0727287 0.0746493 0.0739573 0.0711626 0.0667974 0.0613143 0.0550785 0.0483932 0.0415289 0.0347422 0.0282715 0.0223164 0.01702 0.0124687 0.00870556 0.00573822 0.00353483
 0.00992376 0.0158394 0.0233087 0.0320783 0.0417367 0.0516149 0.0607351 0.068009 0.0726311 0.0743591 0.073474 0.0705231 0.0660806 0.0606339 0.0545601 0.0481365 0.041569 0.0350327 0.0287028 0.0227622 0.0173852 0.0127138 0.00884022 0.00579685 0.00355287
 0.00992657 0.0158662 0.0233889 0.0322494 0.0420308 0.0520382 0.0612524 0.0685442 0.0730864 0.0746432 0.0735256 0.0703226 0.0656517 0.0600404 0.053898 0.0475168 0.0410915 0.0347553 0.0286242 0.0228284 0.0175182 0.012846 0.00893469 0.00584784 0.0035723
 0.00981993 0.0157158 0.0232064 0.0320639 0.0418853 0.0519812 0.0613257 0.0687702 0.0734551 0.0751051 0.0739975 0.0707078 0.0658695 0.060051 0.0537136 0.0471967 0.0407227 0.0344255 0.0283949 0.0227182 0.0175056 0.0128881 0.00899028 0.00589196 0.00359794
 0.00969247 0.0155173 0.0229254 0.0316993 0.041451 0.0515109 0.0608757 0.0684137 0.0732661 0.0751342 0.0742512 0.0711417 0.0663979 0.0605721 0.0541396 0.0474787 0.0408607 0.0344602 0.0283844 0.0227128 0.0175303 0.0129412 0.00905454 0.00594951 0.00363912
 0.00966723 0.015478 0.0228692 0.0316238 0.0413538 0.0513899 0.060731 0.0682516 0.0731035 0.0750003 0.074182 0.0711674 0.0665286 0.0607879 0.0543936 0.0477131 0.0410291 0.0345444 0.0283975 0.0226873 0.0174997 0.0129254 0.0090572 0.00596337 0.00365501
 0.00957881 0.0153398 0.0226719 0.0313638 0.0410348 0.0510252 0.0603447 0.0678774 0.0727788 0.0747589 0.0740493 0.0711591 0.0666508 0.0610341 0.0547404 0.0481192 0.0414421 0.0349153 0.0286953 0.022905 0.0176498 0.0130282 0.00912974 0.00601574 0.0036918
 0.00950633 0.0152287 0.0225171 0.0311649 0.0407958 0.0507537 0.0600524 0.0675807 0.0724989 0.0745195 0.0738733 0.071066 0.0666535 0.061138 0.0549411 0.0484001 0.0417744 0.0352613 0.0290174 0.0231758 0.0178578 0.0131768 0.00923065 0.00608196 0.00373385
 0.00943885 0.0151311 0.0223924 0.0310236 0.0406519 0.0506196 0.0599344 0.0674786 0.0724077 0.0744338 0.0737912 0.0709914 0.0665972 0.0611153 0.054967 0.0484843 0.0419157 0.0354461 0.0292224 0.0233748 0.0180296 0.0133105 0.0093257 0.00614455 0.00377246
 0.00901622 0.014519 0.0216109 0.0301406 0.0397659 0.0498299 0.0593166 0.0670747 0.0722291 0.0744674 0.0740057 0.071344 0.0670426 0.0616135 0.055489 0.0490116 0.0424364 0.0359489 0.0296929 0.0237959 0.0183853 0.0135911 0.0095309 0.00628317 0.00385875
 0.00841682 0.0135993 0.020333 0.0285166 0.0378668 0.0477895 0.057329 0.0653715 0.0710286 0.0739123 0.0741238 0.0720536 0.0681927 0.0630346 0.057029 0.0505532 0.0438986 0.0372804 0.0308632 0.0247874 0.0191904 0.0142119 0.00998122 0.00658758 0.00404899
#obs surv len freq
 nan nan nan nan nan nan nan nan nan nan nan nan nan nan nan nan nan nan nan nan nan nan nan nan nan
 0.0044838 0.00734477 0.0111744 0.0159906 0.0216913 0.027967 0.0342813 0.0400128 0.0446926 0.0481566 0.0505146 0.0520106 0.052903 0.0534155 0.0537298 0.0539848 0.0542634 0.0545561 0.0546949 0.0542868 0.0527249 0.049357 0.0438067 0.0362866 0.0276701
 0.00461392 0.00755806 0.0114983 0.0164508 0.0223054 0.0287347 0.0351752 0.0409753 0.0456442 0.0490115 0.0511967 0.0524651 0.0531017 0.0533572 0.0534361 0.0534922 0.053615 0.0537942 0.0538582 0.053412 0.0518505 0.0485257 0.0430629 0.0356679 0.0271972
 0.00477717 0.00782504 0.0119031 0.0170261 0.0230764 0.0297088 0.0363306 0.0422562 0.0469657 0.0502731 0.0522976 0.0533162 0.0536354 0.0535341 0.0532484 0.0529617 0.0527865 0.0527267 0.0526174 0.0520679 0.0504778 0.0472046 0.0418727 0.0346743 0.0264365
 0.00496841 0.00813844 0.0123795 0.017705 0.0239887 0.0308645 0.0377065 0.0437908 0.048567 0.0518341 0.0537113 0.0544846 0.0544743 0.0539778 0.0532553 0.0525196 0.051915 0.0514754 0.0510621 0.0503057 0.048624 0.0453865 0.0402163 0.0332823 0.0253667
 0.00517918 0.00848271 0.0129008 0.0184454 0.0249813 0.0321213 0.0392057 0.045471 0.0503348 0.0535802 0.0553257 0.0558664 0.0555347 0.0546416 0.0534633 0.0522326 0.0511202 0.0501937 0.0493541 0.0482744 0.0464122 0.043165 0.0381599 0.0315368 0.024017
 0.0054048 0.00885326 0.0134654 0.0192523 0.0260683 0.0335015 0.0408521 0.0473122 0.052265 0.0554799 0.0570804 0.0573757 0.0567141 0.05542 0.0537805 0.0520404 0.0503867 0.0489141 0.0475643 0.0460651 0.0439342 0.0406184 0.0357624 0.0294773 0.0224116
 0.00564453 0.00924496 0.0140588 0.0200955 0.0271992 0.034934 0.0425612 0.0492278 0.0542805 0.0574717 0.0589271 0.0589702 0.0579684 0.0562639 0.0541582 0.051906 0.0497041 0.0476648 0.0457644 0.0437867 0.041321 0.0378807 0.0331443 0.0272009 0.020621
 0.00588367 0.00963715 0.0146554 0.0209466 0.0283442 0.0363864 0.0442933 0.0511654 0.0563139 0.0594765 0.0607839 0.0605754 0.0592366 0.0571268 0.0545613 0.051805 0.0490632 0.046461 0.0440029 0.0415243 0.0386879 0.0350833 0.030435 0.0248196 0.0187315
 0.0061282 0.0100375 0.0152631 0.0218115 0.0295052 0.0378562 0.0460429 0.0531184 0.0583569 0.0614807 0.0626265 0.0621521 0.0604652 0.0579458 0.054925 0.0516776 0.0484151 0.0452715 0.0422734 0.0393018 0.0360896 0.032304 0.0277226 0.0224174 0.016812
 0.00637034 0.010435 0.0158686 0.0226762 0.0306687 0.0393307 0.0477968 0.0550709 0.0603898 0.0634615 0.0644304 0.063675 0.0616277 0.0586919 0.0552173 0.0514909 0.0477307 0.0440774 0.0405743 0.0371409 0.0335727 0.0296108 0.0250869 0.0200737 0.014931
 0.00660645 0.0108233 0.0164612 0.0235243 0.0318122 0.0407823 0.0495252 0.0569951 0.0623901 0.0654029 0.0661851 0.0651367 0.0627175 0.0593572 0.055428 0.0512324 0.046997 0.0428686 0.0389039 0.0350535 0.0311669 0.0270508 0.0225865 0.0178497 0.0131431
 0.00681675 0.0111709 0.0169949 0.0242933 0.0328563 0.0421163 0.0511232 0.0587843 0.0642607 0.0672284 0.0678433 0.0665228 0.0637507 0.0599827 0.0556145 0.0509674 0.0462807 0.0417102 0.0373257 0.0331044 0.0289405 0.024696 0.0202947 0.0158144 0.011507
 0.00704094 0.0115341 0.0175392 0.0250571 0.0338675 0.0433811 0.0526138 0.0604339 0.065971 0.068887 0.0693407 0.0677645 0.0646632 0.0605151 0.0557378 0.0506709 0.0455674 0.0405944 0.0358355 0.0312917 0.0268951 0.022553 0.0182233 0.0139831 0.0100388
 0.00731384 0.011977 0.0182036 0.0259879 0.0350916 0.0448905 0.0543507 0.0622893 0.0678042 0.0705565 0.0707312 0.0687989 0.0652999 0.06074 0.0555555 0.0500973 0.0446249 0.0393108 0.0342473 0.0294541 0.0248936 0.0205093 0.0162844 0.0122918 0.00869581
 0.00742904 0.0121831 0.0185486 0.0265283 0.0358798 0.0459546 0.0556745 0.0638049 0.069402 0.0721077 0.0721114 0.0699054 0.0660612 0.0611187 0.0555436 0.0497083 0.043885 0.0382534 0.0329139 0.027901 0.0232008 0.0187844 0.0146533 0.0108739 0.0075732
 0.00751789 0.0123192 0.0187399 0.0267816 0.0362062 0.046375 0.0562187 0.064502 0.070263 0.0731087 0.0731873 0.0709587 0.0669833 0.0618122 0.0559391 0.0497697 0.0436068 0.0376538 0.0320298 0.0267876 0.0219345 0.017463 0.0133867 0.00976435 0.00669088
 0.00757084 0.0124022 0.0188587 0.0269389 0.0364011 0.046603 0.0564744 0.064784 0.0705805 0.0734828 0.0736425 0.0715048 0.0675977 0.0624347 0.0564836 0.0501474 0.0437476 0.0375201 0.0316204 0.0261351 0.0211019 0.016537 0.0124656 0.0089394 0.00602593
 0.00767483 0.0125595 0.0190734 0.0272066 0.0367099 0.0469358 0.0568102 0.0651005 0.0708579 0.0737109 0.0738266 0.0716659 0.0677631 0.0626228 0.0566881 0.0503314 0.0438525 0.0374848 0.0314026 0.0257262 0.0205314 0.0158671 0.0117766 0.0083095 0.00551185
 0.00771286 0.0126225 0.0191699 0.0273441 0.0368917 0.0471569 0.0570555 0.0653456 0.0710771 0.0738855 0.0739513 0.0717494 0.0678244 0.0626835 0.0567636 0.0504211 0.0439346 0.0375191 0.0313433 0.0255412 0.0202173 0.0154541 0.0113201 0.00787191 0.00514338
 0.00777883 0.0127207 0.0193011 0.0275037 0.0370719 0.0473499 0.0572544 0.0655438 0.0712649 0.07405 0.0740779 0.0718272 0.0678517 0.0626695 0.0567255 0.0503758 0.0438895 0.0374656 0.0312592 0.0254 0.0200036 0.0151746 0.0110041 0.00756104 0.00487557
 0.00782585 0.0127946 0.0194071 0.0276437 0.0372431 0.047543 0.0574535 0.0657289 0.071418 0.0741604 0.0741446 0.0718557 0.0678487 0.0626405 0.0566752 0.0503105 0.0438152 0.0373845 0.0311657 0.0252822 0.0198502 0.0149841 0.0107897 0.00734719 0.00468778
 0.0078636 0.0128526 0.0194882 0.0277483 0.0373692 0.0476863 0.0576071 0.0658829 0.0715596 0.0742766 0.0742249 0.0718953 0.0678492 0.0626084 0.0566191 0.0502382 0.0437327 0.0372951 0.031069 0.0251743 0.0197262 0.0148428 0.0106374 0.00719728 0.00455591
 0.00787371 0.012867 0.0195061 0.0277679 0.0373884 0.047704 0.0576241 0.0659019 0.0715846 0.074311 0.0742696 0.0719479 0.0679041 0.0626585 0.0566583 0.0502628 0.0437414 0.0372879 0.0310457 0.0251338 0.0196674 0.0147665 0.0105488 0.00710592 0.00447267
 0.00787767 0.0128697 0.0195033 0.0277537 0.0373567 0.0476516 0.0575534 0.0658212 0.0715069 0.0742502 0.0742382 0.0719528 0.0679459 0.062731 0.0567501 0.0503606 0.0438328 0.0373635 0.0310997 0.0251633 0.0196717 0.0147478 0.0105124 0.00705982 0.00442605
 0.00787905 0.0128678 0.0194928 0.0277269 0.0373055 0.0475703 0.057442 0.0656868 0.0713632 0.0741154 0.0741311 0.07189 0.0679372 0.0627781 0.0568456 0.0504898 0.0439776 0.037506 0.0312252 0.0252619 0.0197391 0.0147843 0.010523 0.00705224 0.00440916
 0.00790201 0.0129009 0.0195344 0.027772 0.037346 0.0475966 0.0574439 0.0656563 0.0712964 0.0740158 0.0740099 0.0717649 0.0678286 0.0627035 0.0568156 0.0505059 0.0440322 0.0375853 0.0313127 0.0253429 0.019803 0.0148265 0.010544 0.00705688 0.00440388
 0.00789323 0.0128878 0.0195168 0.0277502 0.0373205 0.0475671 0.0574091 0.0656142 0.0712452 0.0739548 0.0739414 0.0716943 0.0677645 0.0626566 0.0567961 0.0505206 0.0440819 0.0376638 0.0314081 0.0254409 0.0198904 0.0148947 0.01059 0.00708285 0.00441514
 0.00788576 0.012874 0.0194932 0.027713 0.0372669 0.0474975 0.0573283 0.0655307 0.0711686 0.0738923 0.0738957 0.0716642 0.0677479 0.0626523 0.0568057 0.0505476 0.0441294 0.0377319 0.0314925 0.0255325 0.0199784 0.0149695 0.0106462 0.00711981 0.00443605
 0.00784517 0.0128088 0.0193968 0.0275802 0.0370958 0.0472918 0.0570995 0.0652986 0.0709582 0.0737283 0.0737967 0.0716387 0.0677928 0.0627557 0.0569511 0.0507185 0.0443128 0.0379185 0.0316749 0.0257035 0.0201304 0.0150957 0.0107426 0.00718687 0.00447803
 0.00785639 0.0128171 0.0193909 0.0275437 0.0370119 0.0471497 0.0569013 0.0650602 0.070706 0.0734923 0.0736043 0.0715105 0.0677402 0.06278 0.0570438 0.0508641 0.0444923 0.0381138 0.0318706 0.0258878 0.020294 0.015232 0.0108483 0.00726207 0.00452673
 0.00783454 0.0127875 0.0193565 0.0275095 0.0369804 0.0471173 0.0568561 0.0649856 0.0705894 0.0733339 0.0734205 0.0713299 0.0675941 0.0626929 0.0570279 0.050918 0.0446042 0.0382654 0.0320419 0.0260603 0.0204533 0.0153679 0.0109553 0.00733964 0.00457802
 0.00778626 0.0127065 0.0192309 0.0273288 0.0367408 0.0468274 0.0565402 0.0646802 0.0703311 0.0731471 0.0733112 0.0712908 0.0676146 0.0627667 0.0571535 0.0510945 0.0448259 0.0385194 0.0323099 0.026322 0.0206904 0.0155674 0.0111109 0.00745148 0.00465173
 0.007774 0.0126816 0.0191839 0.0272474 0.0366122 0.0466426 0.0562996 0.0643967 0.0700308 0.0728642 0.073081 0.0711396 0.0675538 0.0627928 0.0572537 0.0512535 0.0450298 0.0387551 0.0325627 0.026575 0.020926 0.0157707 0.0112727 0.00756978 0.00473074
 0.00775141 0.0126476 0.0191376 0.0271885 0.0365398 0.0465539 0.0561887 0.0642573 0.06986 0.0726676 0.0728746 0.0709484 0.0674058 0.0627107 0.0572488 0.0513244 0.0451649 0.0389376 0.032774 0.0267963 0.0211393 0.0159602 0.0114275 0.00768549 0.00480948
 0.00930663 0.014821 0.0217532 0.0298649 0.038802 0.0480112 0.0566749 0.0638541 0.0688104 0.0712517 0.0713216 0.0694085 0.0659646 0.0614149 0.0561243 0.0503836 0.0444085 0.0383553 0.0323471 0.0265006 0.0209481 0.015847 0.0113676 0.00765833 0.0047999
 0.00930798 0.0151093 0.0226911 0.0318994 0.0422691 0.0528716 0.062348 0.069313 0.0729475 0.0733162 0.0711666 0.0674303 0.06283 0.0577764 0.0524613 0.0469791 0.0413994 0.0357921 0.0302343 0.0248175 0.0196581 0.014902 0.0107112 0.00722966 0.004539
 0.00897427 0.0145897 0.0219728 0.0310407 0.0414486 0.052419 0.0627008 0.070858 0.0757834 0.077081 0.0750862 0.0706102 0.0646261 0.0580168 0.0514115 0.0451297 0.0392386 0.0336759 0.0283641 0.0232771 0.0184594 0.0140181 0.0100957 0.00682755 0.00429442
 0.00879888 0.0142917 0.0215017 0.0303464 0.0405018 0.0512471 0.0614305 0.0697395 0.0751638 0.0773049 0.0763404 0.0727844 0.0672893 0.0605579 0.0532842 0.0460574 0.0392666 0.0330698 0.0274506 0.0223222 0.0176231 0.0133658 0.00963091 0.00652214 0.00410917
 0.00872418 0.0141656 0.021302 0.0300465 0.0400727 0.0506643 0.0606862 0.0688621 0.0742392 0.0764907 0.0758531 0.0728425 0.0680157 0.0618892 0.0549517 0.0476761 0.0404917 0.0337278 0.0275715 0.0220737 0.0172067 0.0129393 0.00928072 0.00627399 0.00395278
 0.00869442 0.0141157 0.0212238 0.0299299 0.0399061 0.0504348 0.0603818 0.0684739 0.0737675 0.0759558 0.0753101 0.0723912 0.0677895 0.062012 0.0554733 0.0485227 0.0414732 0.0346119 0.028182 0.0223533 0.0172124 0.0127859 0.009079 0.00609515 0.00382469
 0.00868009 0.014089 0.0211772 0.0298543 0.0397926 0.0502778 0.060181 0.0682343 0.0734962 0.0756599 0.0749983 0.0720823 0.0675231 0.061852 0.0554927 0.0487693 0.0419326 0.0351955 0.0287565 0.0227987 0.0174701 0.0128701 0.00904962 0.00601883 0.00374814
 0.00867962 0.0140884 0.0211764 0.0298523 0.0397866 0.0502622 0.0601473 0.0681726 0.0733983 0.0755218 0.0748226 0.0718778 0.0673066 0.0616506 0.0553457 0.0487216 0.0420169 0.0354106 0.0290578 0.0231117 0.0177235 0.0130255 0.0091103 0.00601577 0.00371744
 0.00870129 0.0141227 0.0212259 0.0299185 0.0398687 0.0503562 0.0602444 0.0682594 0.0734579 0.0755374 0.0747816 0.0717752 0.0671477 0.061452 0.0551346 0.0485335 0.0418884 0.0353674 0.0291023 0.0232189 0.0178507 0.013132 0.00917402 0.00603743 0.00371193
 0.00865727 0.0140613 0.0211523 0.029844 0.0398079 0.0503218 0.0602433 0.0682906 0.073514 0.0756064 0.0748487 0.0718255 0.0671684 0.0614363 0.0550849 0.0484629 0.0418187 0.0353229 0.0291002 0.023261 0.0179225 0.0132097 0.00923672 0.00607538 0.00372731
 0.00864288 0.0140318 0.0210976 0.0297529 0.0396737 0.0501491 0.0600525 0.0681148 0.0733883 0.0755544 0.0748743 0.0719135 0.067292 0.0615671 0.0552004 0.0485516 0.0418811 0.0353692 0.0291447 0.0233145 0.0179867 0.0132773 0.0092967 0.00611942 0.00375355
 0.00864324 0.0140314 0.0210945 0.0297437 0.0396524 0.0501078 0.0599831 0.0680136 0.0732608 0.0754181 0.0747553 0.0718375 0.0672739 0.0616048 0.0552778 0.0486461 0.0419734 0.035449 0.0292114 0.0233729 0.0180417 0.0133298 0.00934336 0.00615615 0.00377835
 0.0086283 0.0140099 0.0210673 0.0297131 0.0396215 0.0500783 0.0599545 0.0679821 0.0732212 0.075366 0.0746911 0.071769 0.0672151 0.0615716 0.0552803 0.0486842 0.0420374 0.0355248 0.0292868 0.0234413 0.0181011 0.0133804 0.00938521 0.00618851 0.00380094
 0.00862692 0.0140052 0.021056 0.0296912 0.0395857 0.0500288 0.0598958 0.0679226 0.0731692 0.0753264 0.0746634 0.0717487 0.0671986 0.0615589 0.0552765 0.048696 0.0420687 0.0355739 0.0293469 0.023504 0.0181597 0.0134307 0.00942565 0.00621886 0.00382194
 0.00862501 0.0140054 0.0210619 0.0297074 0.0396156 0.0500715 0.0599446 0.0679663 0.0731965 0.0753305 0.0746443 0.0717115 0.0671501 0.0615053 0.0552232 0.0486483 0.0420323 0.0355531 0.0293428 0.0235141 0.0181787 0.0134531 0.00944698 0.00623655 0.00383499
 0.00862501 0.0140054 0.0210619 0.0297074 0.0396156 0.0500715 0.0599446 0.0679663 0.0731965 0.0753305 0.0746443 0.0717115 0.0671501 0.0615053 0.0552232 0.0486483 0.0420323 0.0355531 0.0293428 0.0235141 0.0181787 0.0134531 0.00944698 0.00623655 0.00383499
 0.00856001 0.0139031 0.0209151 0.0295133 0.0393787 0.0498062 0.0596762 0.0677278 0.0730203 0.0752384 0.0746414 0.0717875 0.0672854 0.0616781 0.055414 0.048842 0.0422184 0.0357255 0.0294983 0.0236507 0.0182949 0.0135476 0.00951943 0.00628831 0.00386912
#pred catch len freq
 0.00476326 0.00752486 0.0109514 0.0149469 0.0194474 0.024402 0.0296993 0.0351306 0.0404316 0.0453531 0.0497047 0.0533692 0.0563019 0.0585136 0.0600316 0.0608574 0.0609472 0.0602162 0.0585474 0.0557909 0.051771 0.0463473 0.0395532 0.0317483 0.0236495
 0.00505231 0.00788488 0.0112949 0.0151368 0.0193497 0.0239603 0.028984 0.0343216 0.0397341 0.0448955 0.0494805 0.0532543 0.0561312 0.0581721 0.0595177 0.0602932 0.0605325 0.0601427 0.0589103 0.05654 0.0527293 0.047289 0.040298 0.0322202 0.023875
 0.00538854 0.00841098 0.0120404 0.0160947 0.0204545 0.0250719 0.0298964 0.0348174 0.0396764 0.0443052 0.0485365 0.0522009 0.0551536 0.0573257 0.0587534 0.0595486 0.0598145 0.0595445 0.0585566 0.0565031 0.0529757 0.0476913 0.0407012 0.0325133 0.0240249
 0.00565222 0.00883378 0.0126675 0.0169681 0.0216077 0.0265152 0.031589 0.036637 0.0414078 0.0456734 0.0492885 0.0522049 0.0544546 0.056114 0.0572664 0.0579768 0.0582724 0.0581042 0.0572888 0.0554789 0.0522325 0.0472052 0.040397 0.032306 0.0238581
 0.00591753 0.00924561 0.0132534 0.0177471 0.0225965 0.0277325 0.0330525 0.038346 0.0433153 0.0476578 0.0511415 0.0536581 0.0552501 0.0560951 0.0564372 0.056493 0.0563725 0.0560302 0.0552393 0.0535995 0.0506183 0.0459003 0.0393964 0.0315699 0.0233344
 0.00624167 0.00974181 0.013944 0.0186357 0.0236733 0.0289829 0.0344615 0.0398972 0.0449868 0.0494123 0.0529095 0.0553173 0.0566172 0.05695 0.0565834 0.0558311 0.0549453 0.0540133 0.0528849 0.0511684 0.0483292 0.0439048 0.037774 0.0303366 0.0224579
 0.006606 0.0103063 0.014742 0.0196813 0.0249613 0.0304903 0.0361457 0.0416952 0.0468216 0.0512049 0.054589 0.0568182 0.0578644 0.0578395 0.0569785 0.0555881 0.0539676 0.0523061 0.0505802 0.0485018 0.0455813 0.0413363 0.0355761 0.0286085 0.0212098
 0.0069951 0.01091 0.0155981 0.0208088 0.0263624 0.0321517 0.0380335 0.0437472 0.048944 0.0532802 0.056492 0.0584354 0.0591062 0.0586393 0.0572775 0.05532 0.0530618 0.0507208 0.0483501 0.0457706 0.0425939 0.0383865 0.0329344 0.0264591 0.0196215
 0.00737058 0.0114917 0.0164214 0.0218911 0.0277059 0.033746 0.0398532 0.0457442 0.0510428 0.0553787 0.0584693 0.0601639 0.0604668 0.0595352 0.0576394 0.0551001 0.052225 0.0492465 0.0462564 0.0431508 0.0396382 0.0353647 0.0301353 0.0241141 0.0178488
 0.00774474 0.0120726 0.0172455 0.0229771 0.0290559 0.0353472 0.0416743 0.0477304 0.0531139 0.0574345 0.0603983 0.061852 0.0618055 0.0604293 0.0580135 0.0549006 0.0514188 0.0478229 0.0442383 0.0406185 0.0367532 0.0323677 0.0273048 0.0216949 0.0159858
 0.00817331 0.0127282 0.0181569 0.0241472 0.0304679 0.0369733 0.0434772 0.0496581 0.0550942 0.0593759 0.0621965 0.0634009 0.0630076 0.0612032 0.0582967 0.0546484 0.0506027 0.0464333 0.0422957 0.0381943 0.0339898 0.029481 0.0245527 0.0193149 0.01413
 0.00856285 0.0133341 0.0190182 0.0252827 0.0318757 0.0386289 0.0453301 0.051629 0.0570811 0.061268 0.0638886 0.0648013 0.0640413 0.0618123 0.0584394 0.0542971 0.0497419 0.045061 0.0404333 0.0359047 0.0313974 0.026776 0.0219664 0.0170655 0.0123631
 0.00885312 0.0137907 0.0196777 0.0261723 0.0330114 0.0400134 0.046944 0.0534211 0.0589652 0.0631286 0.0655963 0.0662326 0.0650966 0.0624265 0.0585805 0.0539574 0.0489274 0.0437868 0.0387294 0.0338316 0.0290643 0.0243475 0.0196428 0.0150388 0.010764
 0.00918052 0.0142884 0.0203639 0.0270445 0.0340542 0.0412074 0.04827 0.0548546 0.0604668 0.0646368 0.0670267 0.0674853 0.0660705 0.0630353 0.0587665 0.0536949 0.0482187 0.0426543 0.0372132 0.0319964 0.0270111 0.0222193 0.0176109 0.0132665 0.00936322
 0.00951484 0.0148072 0.0210983 0.0280063 0.0352339 0.042573 0.0497646 0.0563984 0.0619678 0.0660077 0.0681971 0.0684033 0.0666966 0.0633367 0.0587158 0.0532748 0.0474268 0.0415068 0.0357472 0.0302742 0.0251263 0.0202977 0.015798 0.0116976 0.00812902
 0.0097296 0.0151502 0.0216037 0.0287032 0.0361428 0.0436988 0.051086 0.057859 0.0634764 0.0674495 0.0694538 0.0693749 0.0673179 0.063582 0.0585906 0.0528014 0.0466327 0.0404218 0.0344088 0.0287371 0.0234707 0.0186303 0.0142396 0.0103585 0.00708092
 0.00979613 0.0152603 0.0217746 0.0289562 0.0365037 0.0441966 0.0517467 0.0586958 0.0644772 0.0685671 0.0706044 0.0704491 0.0682026 0.0641846 0.0588559 0.0527147 0.0462112 0.0397021 0.0334387 0.0275754 0.0221922 0.0173275 0.0130139 0.00930158 0.00625189
 0.00987624 0.0153675 0.0218943 0.0290638 0.0365758 0.0442276 0.0517613 0.0587483 0.0646359 0.0688903 0.0711172 0.0711295 0.0689813 0.0649585 0.0595122 0.0531568 0.0463776 0.0395727 0.033031 0.0269365 0.0213919 0.0164518 0.012155 0.00854138 0.0056456
 0.00988817 0.0153897 0.0219319 0.0291199 0.0366474 0.0443014 0.0518145 0.0587587 0.0645992 0.0688342 0.0711004 0.0712209 0.0692282 0.0653609 0.0600163 0.0536696 0.0467956 0.039811 0.0330431 0.0267211 0.0209885 0.0159292 0.0115946 0.00801943 0.00521608
 0.00989455 0.0153948 0.0219305 0.0291057 0.0366169 0.0442578 0.0517687 0.0587249 0.0645862 0.0688408 0.0711202 0.0712552 0.0692949 0.0654897 0.0602289 0.0539586 0.0471163 0.0400933 0.0332165 0.0267402 0.0208474 0.015661 0.0112579 0.00767801 0.00492063
 0.0098534 0.0153308 0.021839 0.0289836 0.0364618 0.0440688 0.0515487 0.0584845 0.064347 0.0686339 0.0709793 0.0712062 0.0693498 0.0656472 0.060479 0.054285 0.0474917 0.0404754 0.0335514 0.0269764 0.0209546 0.0156408 0.011142 0.00751441 0.00475537
 0.00991221 0.0154165 0.0219496 0.0291104 0.0365911 0.044185 0.0516368 0.0585307 0.0643402 0.0685683 0.0708585 0.0710464 0.0691783 0.0654959 0.0603761 0.0542476 0.0475221 0.0405589 0.0336587 0.0270704 0.0210022 0.0156253 0.0110691 0.0074071 0.00464238
 0.00993289 0.0154469 0.0219892 0.029156 0.0366376 0.0442255 0.0516639 0.0585378 0.0643224 0.0685237 0.070789 0.0709576 0.0690799 0.0654014 0.060302 0.0542098 0.0475307 0.0406135 0.0337457 0.0271659 0.0210795 0.0156649 0.0110655 0.0073697 0.00458875
 0.00990918 0.01542 0.0219699 0.029161 0.0366838 0.0443223 0.0518063 0.0587057 0.0644863 0.068654 0.0708638 0.0709671 0.0690268 0.065299 0.0601708 0.0540737 0.047412 0.040528 0.0336983 0.0271498 0.0210793 0.0156637 0.0110524 0.00734283 0.00455406
 0.00991121 0.0154177 0.0219571 0.0291309 0.0366338 0.0442598 0.0517508 0.0586839 0.06452 0.0687475 0.0709992 0.071111 0.0691439 0.0653653 0.0601798 0.054035 0.0473455 0.0404556 0.0336373 0.0271082 0.0210555 0.0156498 0.0110398 0.00732673 0.00453471
 0.0099814 0.0155142 0.0220692 0.0292367 0.036705 0.044271 0.051689 0.0585541 0.0643466 0.0685689 0.0708567 0.0710345 0.0691408 0.065419 0.0602596 0.0541107 0.0473988 0.0404835 0.0336471 0.0271102 0.0210566 0.0156519 0.0110408 0.00732461 0.00452908
 0.0100572 0.0156284 0.0222238 0.0294258 0.0369146 0.044479 0.0518671 0.0586718 0.0643787 0.0685054 0.0707093 0.0708351 0.0689313 0.0652368 0.060125 0.0540238 0.0473455 0.0404462 0.0336141 0.0270779 0.0210267 0.0156268 0.0110215 0.00731005 0.00451798
 0.0101158 0.0157129 0.0223309 0.0295459 0.0370346 0.0445869 0.0519544 0.0587333 0.0644093 0.0684982 0.0706575 0.0707376 0.0687977 0.0650875 0.059986 0.0539164 0.0472787 0.0404158 0.0336076 0.027082 0.0210325 0.0156305 0.0110226 0.00730933 0.00451617
 0.0101008 0.0157022 0.0223398 0.0295955 0.0371447 0.0447654 0.0521894 0.0589934 0.0646533 0.0686883 0.0707686 0.0707596 0.0687336 0.0649514 0.0598006 0.05371 0.0470793 0.0402439 0.0334726 0.0269832 0.0209631 0.0155825 0.0109897 0.00728721 0.00450178
 0.0100698 0.0156553 0.0222764 0.0295202 0.0370689 0.0447085 0.0521766 0.0590484 0.0647874 0.0688902 0.0710043 0.0709826 0.0689014 0.0650386 0.0598034 0.0536428 0.0469672 0.0401145 0.0333489 0.0268793 0.0208842 0.0155271 0.0109529 0.00726369 0.00448737
 0.0100819 0.0156694 0.0222877 0.0295205 0.0370497 0.0446648 0.0521112 0.0589747 0.0647275 0.0688696 0.0710419 0.0710812 0.0690431 0.06519 0.0599279 0.0537146 0.0469788 0.040076 0.0332803 0.0268017 0.0208134 0.0154711 0.0109132 0.00723793 0.00447184
