SBPRF35
12.7214
Curr Bio
791089
B35
871477
F35
0.170227
FOFL
0.154816
OFL
101411
Bzero
3.63469e+06
#pred survey bio
 3.5334e+06 3.43535e+06 3.33432e+06 3.19953e+06 2.99692e+06 2.76552e+06 2.51323e+06 2.27392e+06 2.04285e+06 1.79917e+06 1.61411e+06 1.43096e+06 1.2615e+06 1.11618e+06 976862 877116 798955 738576 671931 649740 633861 613920 588707 571806 556285 555591 561994 563361 553830 549721 557331 559568 571231 576229 584545 593924 607229 619687 630521 648498 646334 656229 662541 666756 667732 664978 672953 673198 666228 658615 655684 712656 754438 795403 2.80185e+07 1.64929e+07 1.6518e+07 1.72721e+07 1.85518e+07 2.00668e+07 2.1591e+07 2.2986e+07 2.41869e+07 2.51783e+07 2.59734e+07 2.65982e+07 2.70824e+07 2.74542e+07 2.77382e+07 2.79544e+07 2.81191e+07 2.82445e+07 2.83404e+07 2.8414e+07 2.84706e+07 2.85144e+07 2.85484e+07 2.8575e+07 2.85959e+07 2.86123e+07 2.86253e+07 2.86356e+07 2.86438e+07 2.86504e+07 2.86556e+07 2.86598e+07 2.86632e+07 2.8666e+07 2.86682e+07 2.867e+07 2.86715e+07 2.86727e+07 2.86737e+07 2.86745e+07 2.86751e+07 2.86756e+07 2.86761e+07 2.86764e+07 2.86767e+07 2.86769e+07 2.86771e+07 2.86773e+07 2.86774e+07 2.86775e+07 2.86776e+07 2.86777e+07 2.86777e+07 2.86778e+07 2.86778e+07 2.86778e+07 2.86779e+07 2.86779e+07 2.86779e+07 2.86779e+07 2.86779e+07 2.86779e+07 2.8678e+07 2.8678e+07 2.8678e+07 2.8678e+07 2.8678e+07 2.8678e+07 2.8678e+07 2.8678e+07 2.8678e+07 2.8678e+07 2.8678e+07 2.8678e+07 2.8678e+07 2.8678e+07 2.8678e+07 2.8678e+07 2.8678e+07 2.8678e+07 2.8678e+07 2.8678e+07 2.8678e+07 2.8678e+07 2.8678e+07 2.8678e+07 2.8678e+07 2.8678e+07 2.8678e+07 2.8678e+07 2.8678e+07 2.8678e+07 2.8678e+07 2.8678e+07 2.8678e+07 2.8678e+07 2.8678e+07 2.8678e+07 2.8678e+07 2.8678e+07 0 0 0 0 0 0 0 0 0 0 0 0 0 0 0 0 0 0 0 0 0 0 0 0 0
#obs survey bio
 2.64509e+06 3.49882e+06 3.75574e+06 3.05498e+06 2.88733e+06 1.85458e+06 2.84610e+06 2.1775e+06 2.26208e+06 1.47414e+06 1.40315e+06 1.32424e+06 1.23216e+06 973844 1.16286e+06 681366 734054 690133 482649 464030 600669 788405 623911 602049 522391 857629 636738 544252 544306 448560 524686 564711 484919 501835 462641 679849 570304 755000 537632 646017 682828 593389 792316 833501 703800 798368 918172 687324 685770 448245 674855 588806 1.16562e+06 852407
#pred catch bio
 101206 105846 141341 211949 250303 283758 287011 293655 316886 273646 279485 271936 252844 247885 212920 194084 177765 180200 140011 134258 135647 136001 124716 120340 105818 99001 102415 109957 103697 93658.7 98941.1 92001.2 98589 96080.9 95531.1 92716.9 94250.2 96677.4 92308.8 110550 100799 104967 107361 110101 112626 102943 108939 113723 113029 108543 59490.4 74593.1 73533.5 98659.7 101411 108468 107275 110652 118217 127648 137176 145807 153110 159004 163601 167095 169700 171611 172998 173994 174704 175208 175563 175812 175987 176109 176194 176253 176294 176323 176342 176356 176365 176372 176376 176379 176382 176383 176384 176385 176385 176386 176386 176386 176386 176386 176386 176386 176386 176386 176386 176386 176386 176386 176386 176386 176386 176386 176386 176386 176386 176386 176386 176386 176386 176386 176386 176386 176386 176386 176386 176386 176386 176386 176386 176386 176386 176386 176386 176386 176386 176386 176386 176386 176386 176386 176386 176386 176386 176386 176386 176386 176386 176386 176386 176386 176386 176386 176386 176386 176386 176386 176386 176386 0 0 0 0 0 0 0 0 0 0 0 0 0 0 0 0 0 0 0 0 0 0 0 0 0
#obs catch bio
 0 105690 141225 212663 250705 284989 288181 295380 319310 274523 280664 273721 253970 248713 212884 195572 179355 182557 141279 136555 138158 137770 125497 120919 106598 99295.6 102613 110259 103646 93620.8 99073.8 92220.2 99354.9 96548.1 96090.9 92954.3 94433.9 96767.3 92361.9 111378 100958 105506 107831 110701 113336 103115 109224 113741 112946 109466 59270.7 75183.5 73541.4 98862.3
#pred cpue bio
 3.48261e+06 3.38617e+06 3.28669e+06 3.15238e+06 2.9503e+06 2.71961e+06 2.46823e+06 2.22985e+06 1.99997e+06 1.75806e+06 1.57421e+06 1.3925e+06 1.22464e+06 1.08087e+06 943220 844457 767133 707718 642591 620749 605278 586295 562408 546434 531556 531079 537641 539284 530216 526299 533668 535726 546983 551927 560185 569489 582599 594797 605265 622622 620435 630025 636118 640243 641319 638799 646787 647296 640672 633204 630216 686123 728011 769652 2.71765e+07 1.60119e+07 1.58882e+07 1.64523e+07 1.76555e+07 1.91501e+07 2.06697e+07 2.20638e+07 2.32645e+07 2.42559e+07 2.5051e+07 2.56758e+07 2.616e+07 2.65318e+07 2.68157e+07 2.7032e+07 2.71966e+07 2.73221e+07 2.7418e+07 2.74915e+07 2.75482e+07 2.7592e+07 2.7626e+07 2.76526e+07 2.76735e+07 2.76899e+07 2.77029e+07 2.77132e+07 2.77214e+07 2.77279e+07 2.77332e+07 2.77374e+07 2.77408e+07 2.77436e+07 2.77458e+07 2.77476e+07 2.77491e+07 2.77503e+07 2.77513e+07 2.7752e+07 2.77527e+07 2.77532e+07 2.77536e+07 2.7754e+07 2.77543e+07 2.77545e+07 2.77547e+07 2.77549e+07 2.7755e+07 2.77551e+07 2.77552e+07 2.77553e+07 2.77553e+07 2.77554e+07 2.77554e+07 2.77554e+07 2.77555e+07 2.77555e+07 2.77555e+07 2.77555e+07 2.77555e+07 2.77555e+07 2.77555e+07 2.77555e+07 2.77556e+07 2.77556e+07 2.77556e+07 2.77556e+07 2.77556e+07 2.77556e+07 2.77556e+07 2.77556e+07 2.77556e+07 2.77556e+07 2.77556e+07 2.77556e+07 2.77556e+07 2.77556e+07 2.77556e+07 2.77556e+07 2.77556e+07 2.77556e+07 2.77556e+07 2.77556e+07 2.77556e+07 2.77556e+07 2.77556e+07 2.77556e+07 2.77556e+07 2.77556e+07 2.77556e+07 2.77556e+07 2.77556e+07 2.77556e+07 2.77556e+07 2.77556e+07 2.77556e+07 2.77556e+07 2.77556e+07 2.77556e+07 0 0 0 0 0 0 0 0 0 0 0 0 0 0 0 0 0 0 0 0 0 0 0 0 0
#obs cpue bio
 3.26394e+06 3.58506e+06 3.29887e+06 2.38375e+06 3.33977e+06 3.03708e+06 1.98828e+06 1.83406e+06 1.8978e+06 2.21855e+06 1.86032e+06 1.21567e+06 1.2841e+06 1.38604e+06 861992 656484 651324 632556 686516 454742 487621 542007 622020 550615 387471 412829 509150 564349 634630 567902 574673 400421 460177 668300 613010 577571 640331 547911 579048 478443 675159 539018 524556 442499 566507 604491 471613 774322 660773 583890 583148 511117 714901 1.0386e+06
#pred surv len freq
 0.00529628 0.00849039 0.0125762 0.0174722 0.0230339 0.0289978 0.0349412 0.0403639 0.04487 0.0483028 0.0507336 0.0523524 0.0533663 0.0539485 0.0542238 0.0542709 0.0541341 0.0538252 0.0532878 0.05232 0.0505157 0.0473293 0.0423246 0.0355088 0.0275145
 0.00544992 0.00866306 0.0126983 0.0174438 0.0227669 0.0284736 0.0342466 0.0396712 0.0443629 0.04809 0.0508049 0.0526022 0.0536623 0.0542016 0.0544228 0.0544713 0.0544131 0.054226 0.0537814 0.0528047 0.0508594 0.0474333 0.0421725 0.035171 0.0271073
 0.0056769 0.00901816 0.0132011 0.0180886 0.0235076 0.0292128 0.0348433 0.039981 0.0443031 0.0476925 0.0502121 0.0519978 0.0531815 0.0538834 0.0542287 0.0543449 0.0543277 0.054188 0.0537962 0.052842 0.0508495 0.0473022 0.0418884 0.0347674 0.0266649
 0.00584526 0.0092971 0.0136306 0.0187085 0.0243475 0.0302743 0.0360778 0.0412758 0.0454899 0.0485854 0.0506672 0.0519688 0.0527388 0.0531779 0.0534225 0.0535517 0.0535963 0.0535234 0.0531854 0.0522631 0.0502714 0.046694 0.0412412 0.0341101 0.0260561
 0.00607736 0.00966348 0.0141628 0.0194318 0.0252805 0.0314261 0.0374394 0.0428076 0.0471098 0.0501635 0.0520345 0.0529465 0.0531866 0.0530431 0.0527598 0.0524989 0.0523182 0.0521573 0.0518156 0.0509264 0.0489787 0.0454534 0.040076 0.0330635 0.0251792
 0.00634152 0.0100824 0.014774 0.0202637 0.0263489 0.0327285 0.0389484 0.0444681 0.0488448 0.0518817 0.0536327 0.0543057 0.0541731 0.0535267 0.052651 0.0517849 0.0510746 0.0505242 0.0499525 0.048973 0.047041 0.0436129 0.0384047 0.0316287 0.0240322
 0.00662214 0.0105303 0.0154329 0.0211697 0.027525 0.034176 0.0406366 0.0463295 0.050782 0.0537839 0.0553908 0.0558189 0.0553457 0.0542632 0.0528586 0.0513913 0.0500564 0.048929 0.0478989 0.0466278 0.0445871 0.0412247 0.0362335 0.0297908 0.0225953
 0.00686771 0.0109251 0.0160194 0.0219861 0.0286006 0.0355224 0.0422367 0.048131 0.0527004 0.0557142 0.0572211 0.0574411 0.0566608 0.0551817 0.0532985 0.0512787 0.0493365 0.047588 0.0459878 0.0442729 0.041979 0.0385876 0.0337858 0.0277056 0.0209711
 0.00709956 0.0112975 0.016572 0.0227545 0.0296122 0.036789 0.0437445 0.049835 0.0545269 0.0575706 0.0590072 0.0590564 0.0580099 0.0561763 0.0538582 0.0513307 0.0488188 0.0464632 0.0442657 0.0420353 0.0393902 0.0358781 0.031208 0.0254765 0.0192237
 0.0074658 0.0118664 0.0173793 0.0238177 0.0309302 0.0383428 0.0454937 0.0517144 0.0564498 0.0594394 0.0607255 0.0605373 0.0591789 0.0569706 0.0542227 0.0512142 0.0481731 0.0452509 0.0424812 0.0397329 0.0367074 0.0330337 0.028465 0.0230779 0.0173291
 0.00774849 0.0123145 0.0180324 0.0247046 0.0320641 0.0397141 0.0470625 0.0534096 0.0581799 0.0611105 0.0622557 0.0618606 0.0602407 0.0577218 0.0546149 0.0511977 0.0476975 0.0442724 0.0409796 0.0377386 0.0343268 0.0304559 0.0259333 0.0208306 0.0155334
 0.00802049 0.0127538 0.0186881 0.0256199 0.0332684 0.0412087 0.048807 0.0553161 0.0601246 0.0629575 0.063882 0.0631734 0.0611827 0.0582662 0.0547534 0.0509257 0.047004 0.0431397 0.0393978 0.0357317 0.0319822 0.0279375 0.0234617 0.0186299 0.0137673
 0.00833342 0.0132444 0.0193932 0.0265643 0.0344631 0.0426488 0.0504639 0.0571303 0.0620041 0.064786 0.0655336 0.0645305 0.0621525 0.0587926 0.0548174 0.0505354 0.0461791 0.0418995 0.0377621 0.0337386 0.0297141 0.0255377 0.0211235 0.0165527 0.0120991
 0.00867119 0.0137712 0.0201445 0.0275582 0.0356984 0.0441025 0.0520871 0.058848 0.0637231 0.0664091 0.066971 0.0657037 0.0629944 0.0592486 0.0548511 0.050133 0.0453482 0.0406642 0.0361593 0.0318238 0.0275757 0.0233087 0.0189735 0.0146536 0.0105778
 0.00912691 0.0144776 0.0211429 0.0288629 0.0372939 0.0459417 0.0540866 0.0608888 0.0656646 0.0681146 0.0683319 0.0666514 0.0634986 0.0593076 0.0544796 0.0493536 0.0441882 0.0391566 0.0343479 0.0297714 0.0253743 0.0210851 0.0168792 0.0128355 0.00913872
 0.00940802 0.0149286 0.0218102 0.0297843 0.0384904 0.0474046 0.0557649 0.0626857 0.0674511 0.0697538 0.0697034 0.0676661 0.0641035 0.0594835 0.0542344 0.0487136 0.0431887 0.0378378 0.032757 0.0279706 0.0234505 0.0191529 0.0150711 0.0112753 0.00790996
 0.00950845 0.0151066 0.022106 0.0302461 0.0391656 0.0483243 0.0569279 0.0640485 0.0689308 0.0712403 0.0710761 0.0688111 0.0649291 0.0599305 0.0542793 0.0483641 0.042475 0.0368043 0.031458 0.0264733 0.0218397 0.0175335 0.0135584 0.0099742 0.0068888
 0.00957294 0.0152076 0.0222525 0.030448 0.0394377 0.0486893 0.057415 0.064685 0.0697281 0.0721797 0.0721019 0.0698357 0.0658483 0.0606438 0.0547081 0.0484615 0.0422286 0.0362321 0.030603 0.025399 0.020629 0.0162849 0.012376 0.00894999 0.00608231
 0.00992142 0.0157267 0.0229449 0.0312845 0.0403648 0.0496439 0.0583364 0.0655233 0.0704487 0.0727672 0.0725584 0.0701705 0.0660648 0.0607299 0.0546366 0.0482002 0.041753 0.0355365 0.0297059 0.0243446 0.0194844 0.015134 0.0113072 0.00803852 0.00537379
 0.0098821 0.0156831 0.0229163 0.0312996 0.040452 0.0498174 0.0585871 0.0658217 0.0707603 0.0730706 0.072854 0.0704749 0.0663942 0.061083 0.0549859 0.0484948 0.0419319 0.0355459 0.0295161 0.0239593 0.0189425 0.0145018 0.0106638 0.00745711 0.00490452
 0.00963854 0.0153319 0.0224719 0.030807 0.0399781 0.0494339 0.0583538 0.065775 0.0709068 0.0733869 0.0732937 0.0709843 0.0669281 0.061613 0.0554945 0.0489628 0.0423287 0.035831 0.0296514 0.0239247 0.0187476 0.0141871 0.0102901 0.00708851 0.00459055
 0.00949919 0.0151088 0.0221446 0.0303642 0.0394267 0.0488093 0.0577257 0.0652392 0.0705608 0.0732977 0.0734757 0.0713984 0.067501 0.0622629 0.0561522 0.0495792 0.0428705 0.0362717 0.0299666 0.0240968 0.0187748 0.0140904 0.0101113 0.00687837 0.00439391
 0.00959402 0.015233 0.0222754 0.0304603 0.0394375 0.0486919 0.0574621 0.0648462 0.0700912 0.0728303 0.0730978 0.0711824 0.0674829 0.0624337 0.0564655 0.0499701 0.0432751 0.0366383 0.0302581 0.0242897 0.0188605 0.0140775 0.0100252 0.00675448 0.00426687
 0.00970193 0.0153908 0.0224789 0.0306907 0.0396615 0.0488659 0.0575378 0.0647812 0.0698623 0.0724487 0.0726152 0.0706825 0.067059 0.062161 0.0563798 0.0500612 0.0434963 0.0369246 0.0305457 0.0245289 0.0190225 0.0141553 0.0100309 0.00671247 0.00420479
 0.0097318 0.0154465 0.0225749 0.0308426 0.0398794 0.0491441 0.0578478 0.0650712 0.0700688 0.0725149 0.07251 0.070413 0.0666719 0.0617318 0.0559913 0.0497794 0.0433515 0.0369076 0.0306172 0.0246378 0.0191234 0.0142203 0.0100523 0.00669871 0.00417198
 0.0096454 0.015308 0.0223716 0.0305678 0.0395384 0.0487606 0.0574659 0.0647485 0.0698573 0.0724402 0.0725604 0.0705463 0.0668371 0.0618917 0.0561363 0.0499246 0.0435224 0.0371214 0.0308702 0.0249061 0.0193734 0.0144229 0.0101934 0.00678095 0.00420944
 0.00957879 0.0151932 0.0221869 0.0302899 0.0391482 0.0482541 0.0568646 0.0641037 0.069245 0.0719444 0.0722521 0.0704636 0.0669745 0.062205 0.0565607 0.0503987 0.0440041 0.0375898 0.0313158 0.0253191 0.0197384 0.0147228 0.0104177 0.00693097 0.00429777
 0.00952206 0.0151107 0.0220798 0.0301627 0.039004 0.0480881 0.0566625 0.0638473 0.0689249 0.0715737 0.0718715 0.0701338 0.0667574 0.0621423 0.0566604 0.0506356 0.0443334 0.037964 0.031697 0.0256804 0.0200611 0.0149929 0.0106265 0.0070777 0.00439013
 0.00962051 0.0152531 0.0222617 0.0303688 0.039213 0.048279 0.0568182 0.063953 0.0689633 0.071524 0.0717161 0.0698713 0.0664129 0.0617666 0.0563156 0.0503746 0.0441835 0.0379236 0.0317432 0.0257821 0.0201879 0.0151202 0.0107373 0.00716264 0.00444764
 0.00974997 0.0154414 0.0225035 0.0306438 0.0394902 0.0485249 0.0570042 0.0640602 0.0689839 0.0714606 0.0715781 0.0696702 0.0661603 0.061477 0.0560116 0.050088 0.0439487 0.0377661 0.0316709 0.025784 0.0202408 0.0151978 0.0108171 0.00723017 0.00449673
 0.00976848 0.0154697 0.0225424 0.0306915 0.0395416 0.0485706 0.0570314 0.0640553 0.0689377 0.0713733 0.0714611 0.0695416 0.0660378 0.0613715 0.0559266 0.0500239 0.0439086 0.0377571 0.0316997 0.0258509 0.0203367 0.0153063 0.0109208 0.00731609 0.00455927
 0.0097849 0.0155017 0.0226 0.0307865 0.0396833 0.0487601 0.057256 0.0642881 0.0691428 0.0715154 0.071515 0.0694992 0.0659089 0.0611797 0.0557015 0.0497936 0.0436956 0.0375775 0.0315644 0.025765 0.0202979 0.0153051 0.0109428 0.00734695 0.0045882
 0.00962162 0.0152613 0.0222854 0.0304187 0.0392975 0.0483988 0.0569615 0.0640959 0.0690756 0.0715763 0.0716852 0.0697425 0.0661823 0.0614458 0.0559365 0.0499893 0.0438554 0.0377109 0.0316819 0.0258745 0.0204029 0.0154045 0.0110319 0.00742048 0.00464315
 0.00956717 0.0151701 0.0221441 0.0302155 0.0390281 0.0480731 0.056609 0.0637637 0.0688164 0.0714325 0.071676 0.0698598 0.0663961 0.0617142 0.0562176 0.0502505 0.0440786 0.0378923 0.0318273 0.0259936 0.0205042 0.0154924 0.0111072 0.00748158 0.00468886
 0.00950634 0.0150736 0.0220029 0.0300222 0.0387774 0.0477637 0.0562475 0.063369 0.0684221 0.0710849 0.0714255 0.0697481 0.0664427 0.0619098 0.056527 0.050624 0.0444664 0.0382557 0.0321442 0.0262565 0.0207152 0.0156576 0.0112328 0.00757324 0.00475188
 0.00947375 0.0150175 0.0219129 0.0298866 0.0385861 0.0475121 0.0559403 0.0630213 0.0680579 0.0707337 0.07112 0.0695222 0.0663282 0.0619286 0.0566831 0.0508987 0.044822 0.0386454 0.0325243 0.0265957 0.0209972 0.0158786 0.011397 0.00768871 0.00482819
 0.00947251 0.015006 0.0218777 0.0298093 0.0384469 0.0472973 0.0556488 0.0626672 0.0676687 0.0703443 0.0707669 0.0692394 0.0661438 0.0618633 0.0567471 0.051089 0.0451194 0.0390159 0.0329249 0.026984 0.0213404 0.0161581 0.0116079 0.00783663 0.00492445
 0.009513 0.0150633 0.0219478 0.029881 0.038503 0.0473168 0.0556103 0.0625538 0.0674728 0.0700729 0.0704435 0.0689001 0.0658303 0.0616147 0.0565937 0.0510481 0.0451928 0.0391895 0.0331702 0.0272639 0.0216173 0.0164024 0.0118027 0.00797798 0.00501808
 0.00956227 0.0151391 0.0220534 0.0300155 0.0386601 0.0474836 0.0557667 0.0626734 0.0675271 0.0700388 0.0703104 0.0686749 0.0655377 0.0612933 0.056288 0.0507994 0.0450312 0.0391278 0.0332027 0.0273689 0.0217636 0.0165578 0.0119422 0.00808751 0.00509451
 0.00940083 0.0149099 0.0217701 0.0297119 0.0383812 0.0472699 0.0556416 0.0626391 0.0675686 0.0701307 0.0704236 0.0687821 0.065619 0.0613406 0.0563076 0.05081 0.0450572 0.039191 0.0333141 0.0275245 0.0219463 0.0167437 0.0121086 0.00821975 0.00518823
 0.00947342 0.0150101 0.0218889 0.0298326 0.0384871 0.0473556 0.0557182 0.0627289 0.0676901 0.070283 0.0705811 0.0689036 0.0656644 0.0612866 0.0561551 0.0505824 0.0447928 0.0389325 0.0330977 0.0273723 0.0218625 0.016717 0.0121193 0.00824731 0.00521753
 0.00944687 0.0149707 0.021836 0.0297667 0.0384078 0.0472603 0.0556037 0.0625969 0.0675539 0.0701693 0.0705228 0.0689239 0.065763 0.061437 0.0563157 0.0507152 0.0448779 0.0389722 0.0331106 0.027381 0.0218835 0.0167552 0.0121692 0.00829888 0.00526169
 0.00937017 0.0148629 0.021705 0.0296303 0.0382885 0.0471766 0.0555629 0.062593 0.0675717 0.0701921 0.0705411 0.0689401 0.0657894 0.0614869 0.0563932 0.05081 0.0449709 0.0390462 0.0331591 0.0274097 0.0219042 0.0167779 0.0121975 0.00833004 0.00529058
 0.00928967 0.0147403 0.0215366 0.0294202 0.0380497 0.0469311 0.0553403 0.0624252 0.0674837 0.0701928 0.0706191 0.0690697 0.0659427 0.0616446 0.0565474 0.0509599 0.0451152 0.0391794 0.033274 0.027502 0.0219752 0.0168329 0.0122418 0.00836652 0.0053196
 0.00923273 0.0146525 0.0214136 0.0292611 0.0378579 0.0467145 0.0551126 0.0622065 0.067299 0.0700675 0.070572 0.0691066 0.066054 0.0618085 0.0567381 0.0511556 0.0453016 0.0393491 0.0334226 0.0276271 0.0220759 0.0169109 0.0123004 0.00840955 0.00535021
 0.00921075 0.0146175 0.0213621 0.0291906 0.0377666 0.0466027 0.0549829 0.062065 0.0671556 0.0699349 0.0704651 0.0690402 0.0660395 0.06185 0.05683 0.0512837 0.0454481 0.0394972 0.0335602 0.0277468 0.0221746 0.0169883 0.0123583 0.00845092 0.00537839
 0.00909572 0.0144407 0.0211155 0.028874 0.0373886 0.0461803 0.0545421 0.06164 0.0667844 0.0696526 0.0702974 0.0690001 0.066127 0.0620538 0.0571299 0.0516524 0.045854 0.0399083 0.0339483 0.0280908 0.0224619 0.0172145 0.0125261 0.00856754 0.00545398
 0.00909296 0.0144282 0.0210817 0.0288035 0.0372657 0.0459954 0.0542973 0.0613507 0.0664763 0.0693561 0.0700416 0.0688097 0.0660202 0.0620408 0.0572113 0.0518195 0.046089 0.0401864 0.0342417 0.0283731 0.0227122 0.0174201 0.0126826 0.00867797 0.00552597
 0.00921323 0.0146045 0.0213107 0.0290677 0.0375361 0.0462367 0.0544741 0.0614325 0.0664434 0.0692056 0.0697899 0.06849 0.0656749 0.0617125 0.0569356 0.0516198 0.0459748 0.0401536 0.0342748 0.0284498 0.0228087 0.0175163 0.0127651 0.00874074 0.00556885
 0.00928663 0.0147253 0.0214942 0.0293264 0.0378736 0.0466403 0.0549085 0.0618422 0.0667646 0.0693839 0.0697958 0.068325 0.0653682 0.0613124 0.056498 0.0511977 0.0456093 0.0398693 0.0340784 0.0283332 0.022754 0.0175022 0.0127724 0.00875542 0.00558297
 0.00919106 0.0145948 0.0213444 0.0291889 0.0377892 0.0466463 0.0550267 0.0620713 0.0670785 0.0697356 0.0701263 0.0685767 0.0655002 0.0613108 0.0563784 0.0509978 0.0453767 0.0396481 0.0339 0.0282115 0.0226873 0.017478 0.0127743 0.00876888 0.00559808
 0.00853691 0.0135971 0.0199684 0.0274535 0.0357699 0.0444733 0.0528814 0.0601724 0.0656465 0.068941 0.0700456 0.0691772 0.0666568 0.0628449 0.0581015 0.052748 0.047039 0.0411558 0.0352234 0.029342 0.0236246 0.0182256 0.0133408 0.00917131 0.00586298
 0.00799294 0.0127562 0.0187846 0.0259154 0.0339047 0.0423499 0.050618 0.057939 0.06365 0.0673924 0.0691202 0.0689797 0.0672011 0.0640505 0.0598111 0.0547616 0.0491557 0.043208 0.0370938 0.0309631 0.0249673 0.0192871 0.0141366 0.00973161 0.00622949
 0.00740572 0.0118504 0.0175127 0.0242666 0.031905 0.0400624 0.048147 0.0554327 0.0612923 0.0653807 0.0676396 0.0681804 0.0671781 0.0648256 0.0613195 0.0568552 0.0516245 0.0458191 0.0396322 0.0332623 0.026922 0.0208508 0.0153117 0.0105568 0.00676691
#obs surv len freq
 nan nan nan nan nan nan nan nan nan nan nan nan nan nan nan nan nan nan nan nan nan nan nan nan nan
 0.00448449 0.00734587 0.011176 0.0159927 0.021694 0.0279701 0.0342847 0.0400163 0.0446957 0.0481591 0.0505163 0.0520114 0.0529029 0.0534146 0.0537283 0.0539827 0.054261 0.0545535 0.0546922 0.054284 0.0527221 0.0493543 0.0438043 0.0362847 0.0276687
 0.00461335 0.00755748 0.0114981 0.0164514 0.0223073 0.0287384 0.0351805 0.0409818 0.0456512 0.049018 0.0512022 0.052469 0.0531039 0.0533576 0.0534349 0.0534897 0.0536114 0.0537899 0.0538534 0.053407 0.0518454 0.0485209 0.0430585 0.0356643 0.0271945
 0.00477556 0.00782274 0.0119003 0.0170231 0.0230738 0.0297074 0.0363311 0.0422592 0.0469712 0.0502808 0.0523065 0.053325 0.053643 0.0535397 0.0532515 0.0529623 0.052785 0.0527235 0.052613 0.0520627 0.0504723 0.0471992 0.0418678 0.0346701 0.0264333
 0.0049726 0.0081439 0.0123852 0.0177094 0.0239899 0.0308615 0.0376995 0.0437816 0.048558 0.0518277 0.0537089 0.0544864 0.0544793 0.0539845 0.0532621 0.0525253 0.0519187 0.0514771 0.0510618 0.0503039 0.0486214 0.0453835 0.0402132 0.0332797 0.0253647
 0.00517774 0.00848183 0.012902 0.0184509 0.0249926 0.0321385 0.0392262 0.0454906 0.0503491 0.0535865 0.0553245 0.0558601 0.0555268 0.0546347 0.0534581 0.0522287 0.0511165 0.0501892 0.049348 0.0482667 0.0464034 0.0431558 0.0381512 0.0315293 0.0240111
 0.00541622 0.00887039 0.0134886 0.0192813 0.0261024 0.0335403 0.0408952 0.0473585 0.0523119 0.0555229 0.0571138 0.0573946 0.0567163 0.0554068 0.0537557 0.0520084 0.0503509 0.0488763 0.0475251 0.0460251 0.0438942 0.04058 0.0357277 0.0294482 0.0223892
 0.00565229 0.00925872 0.0140815 0.0201302 0.0272481 0.0349969 0.0426344 0.0493047 0.0543535 0.0575342 0.0589749 0.0590011 0.057981 0.0562578 0.054134 0.0518661 0.0496524 0.0476054 0.0457009 0.0437218 0.041257 0.0378202 0.0330903 0.0271559 0.0205865
 0.00589374 0.00965377 0.014681 0.0209837 0.028395 0.0364525 0.0443742 0.0512579 0.0564117 0.0595709 0.0608656 0.0606365 0.0592717 0.057134 0.0545416 0.0517613 0.0489997 0.0463826 0.0439148 0.0414316 0.0385955 0.034996 0.0303573 0.0247552 0.0186823
 0.00611495 0.010019 0.0152412 0.02179 0.029489 0.0378506 0.0460519 0.0531443 0.0584003 0.06154 0.0626976 0.0622285 0.0605385 0.0580073 0.0549677 0.0516973 0.0484111 0.045246 0.0422306 0.0392473 0.0360293 0.0322436 0.0276672 0.0223708 0.0167762
 0.006368 0.0104293 0.0158568 0.0226552 0.0306365 0.0392888 0.0477512 0.0550315 0.0603673 0.0634638 0.0644599 0.0637282 0.0616972 0.0587678 0.0552893 0.0515502 0.0477708 0.0440954 0.0405709 0.0371197 0.0335393 0.0295717 0.0250479 0.0200394 0.014904
 0.00660956 0.0108273 0.0164652 0.0235262 0.0318094 0.0407714 0.0495036 0.0569619 0.0623483 0.0653594 0.06615 0.0651199 0.0627248 0.0593888 0.0554778 0.0512903 0.0470522 0.0429122 0.0389305 0.0350621 0.0311599 0.0270332 0.0225641 0.0178275 0.0131245
 0.00684175 0.0112081 0.0170445 0.0243528 0.0329212 0.0421806 0.05118 0.0588264 0.0642819 0.067225 0.0678159 0.0664774 0.0636973 0.0599324 0.0555759 0.0509439 0.0462696 0.0417049 0.0373188 0.0330904 0.0289176 0.0246661 0.0202621 0.0157837 0.0114816
 0.00709059 0.0116149 0.0176605 0.0252261 0.0340864 0.0436424 0.0528977 0.0607093 0.0662026 0.0690446 0.0694071 0.0677385 0.064557 0.0603501 0.055539 0.0504617 0.0453652 0.0404088 0.0356688 0.0311422 0.0267605 0.0224329 0.0181196 0.0138985 0.00997497
 0.00727894 0.0119298 0.0181506 0.0259417 0.0350688 0.0449067 0.0544158 0.0624041 0.0679592 0.0707328 0.0709039 0.0689424 0.0653942 0.060776 0.0555359 0.0500343 0.0445353 0.0392105 0.0341481 0.0293621 0.0248111 0.0204367 0.0162223 0.0122412 0.00865737
 0.00743723 0.0121872 0.0185386 0.0264912 0.0358057 0.0458448 0.0555466 0.0636906 0.069336 0.0721136 0.0721924 0.0700439 0.0662266 0.0612774 0.0556696 0.0497879 0.0439176 0.0382479 0.0328836 0.0278583 0.023155 0.018741 0.0146152 0.0108427 0.00754932
 0.00751268 0.0123139 0.0187369 0.0267833 0.0362122 0.0463789 0.0562086 0.064465 0.0701947 0.0730199 0.0731032 0.0709086 0.0669865 0.0618689 0.0560317 0.0498719 0.0436945 0.037713 0.032058 0.0267905 0.0219211 0.017442 0.0133644 0.00974453 0.00667525
 0.00761841 0.0124746 0.0189584 0.027065 0.0365493 0.0467662 0.0566418 0.0649398 0.0707045 0.0735542 0.0736472 0.0714423 0.067484 0.0622967 0.0563484 0.0500313 0.0436532 0.0374401 0.0315455 0.02606 0.0210271 0.0164666 0.0124045 0.0088907 0.00599049
 0.00765309 0.0125318 0.0190457 0.027189 0.0367133 0.0469674 0.0568704 0.0651818 0.0709485 0.0737982 0.0738992 0.0717143 0.0677816 0.0626109 0.0566524 0.0502835 0.043804 0.0374426 0.0313669 0.0256936 0.0204989 0.0158342 0.0117452 0.00828242 0.00549093
 0.0077261 0.0126382 0.0191831 0.0273479 0.036881 0.0471327 0.0570272 0.0653292 0.071087 0.0739277 0.0740194 0.0718279 0.067895 0.0627318 0.0567827 0.0504123 0.0439052 0.0374788 0.0313005 0.0255006 0.0201805 0.0154211 0.0112912 0.007848 0.00512509
 0.00775038 0.012679 0.0192466 0.027439 0.0370002 0.0472731 0.0571733 0.06546 0.0711849 0.0739861 0.0740462 0.0718402 0.0679116 0.062766 0.0568397 0.0504879 0.043985 0.0375385 0.0313099 0.0254328 0.0200232 0.0151847 0.0110078 0.00756069 0.00487328
 0.00781463 0.0127734 0.0193702 0.0275848 0.0371581 0.0474332 0.0573278 0.0656025 0.0713071 0.0740775 0.0740963 0.0718443 0.0678748 0.0627028 0.0567689 0.0504252 0.0439364 0.0374981 0.0312616 0.0253562 0.019903 0.0150191 0.0108112 0.0073592 0.0046937
 0.00784805 0.0128272 0.0194495 0.0276928 0.0372936 0.0475885 0.0574878 0.0657473 0.0714187 0.0741458 0.0741214 0.0718332 0.0678365 0.0626457 0.0567006 0.0503536 0.0438687 0.0374371 0.0312032 0.0252903 0.0198183 0.0149103 0.0106833 0.00722614 0.00457265
 0.00787491 0.0128699 0.019512 0.0277781 0.037403 0.0477209 0.0576379 0.0659044 0.0715674 0.0742685 0.0742029 0.071865 0.0678187 0.0625864 0.0566123 0.0502496 0.0437605 0.0373326 0.0311054 0.0251972 0.019725 0.0148128 0.0105821 0.00712741 0.00448519
 0.00788503 0.0128809 0.0195189 0.0277736 0.0373807 0.0476793 0.0575837 0.0658518 0.0715334 0.0742662 0.0742364 0.0719281 0.0678979 0.0626658 0.0566793 0.0502976 0.0437887 0.0373437 0.0311028 0.0251829 0.0196993 0.0147757 0.0105355 0.00707632 0.00443633
 0.00786646 0.012849 0.0194674 0.0276959 0.0372709 0.0475349 0.0574091 0.0656602 0.0713464 0.0741106 0.0741383 0.0719056 0.0679556 0.0627931 0.0568536 0.0504917 0.0439782 0.0375116 0.0312401 0.0252866 0.01977 0.0148163 0.010551 0.00707371 0.00442356
 0.00787882 0.0128619 0.0194737 0.0276841 0.0372282 0.0474518 0.0572832 0.065498 0.0711622 0.073924 0.0739714 0.0717807 0.0678914 0.0628001 0.0569309 0.0506258 0.0441469 0.03769 0.0314067 0.0254268 0.019877 0.0148894 0.0105943 0.00709399 0.00442877
 0.00789726 0.0128917 0.0195175 0.0277428 0.0372987 0.0475249 0.0573429 0.0655243 0.0711378 0.0738416 0.0738381 0.0716169 0.0677247 0.0626585 0.0568359 0.0505883 0.0441651 0.0377513 0.031492 0.0255168 0.0199564 0.0149498 0.0106338 0.00711543 0.00443738
 0.00789234 0.0128847 0.019509 0.0277343 0.0372926 0.0475239 0.0573487 0.0655365 0.0711513 0.0738475 0.0738254 0.0715779 0.0676597 0.0625778 0.056757 0.0505302 0.0441415 0.0377662 0.0315395 0.0255836 0.0200272 0.0150122 0.0106809 0.0071459 0.00445412
 0.00786488 0.0128378 0.0194348 0.027625 0.0371441 0.0473398 0.0571438 0.0653354 0.0709829 0.0737356 0.0737812 0.0715976 0.0677283 0.0626756 0.0568677 0.0506451 0.0442595 0.0378897 0.0316687 0.025714 0.0201504 0.0151187 0.0107641 0.00720439 0.00449079
 0.00785631 0.0128214 0.0194052 0.0275755 0.0370673 0.0472301 0.0570002 0.0651642 0.0707985 0.0735591 0.073637 0.0715065 0.067702 0.0627129 0.0569562 0.050767 0.0443981 0.0380332 0.0318104 0.0258495 0.0202746 0.0152261 0.01085 0.00726691 0.00453183
 0.00782604 0.0127719 0.0193303 0.0274695 0.0369263 0.0470542 0.0567954 0.0649429 0.070578 0.0733588 0.0734756 0.0714008 0.0676642 0.0627488 0.0570626 0.0509313 0.0446008 0.038253 0.0320287 0.0260523 0.0204528 0.015374 0.0109651 0.00735001 0.00458676
 0.00777748 0.0126947 0.0192175 0.027316 0.0367305 0.0468195 0.0565323 0.0646693 0.0703166 0.0731328 0.0733047 0.0712987 0.0676384 0.0628011 0.057189 0.0511218 0.0448397 0.03852 0.0323017 0.0263111 0.0206818 0.0155635 0.0111114 0.00745482 0.00465588
 0.00775182 0.012649 0.0191415 0.0271983 0.0365616 0.0465967 0.056264 0.0643755 0.0700249 0.0728719 0.0730984 0.0711636 0.0675831 0.0628274 0.0572929 0.0512941 0.0450668 0.0387839 0.0325815 0.0265851 0.0209308 0.0157736 0.0112757 0.00757336 0.0047344
 0.00774186 0.0126289 0.019104 0.0271335 0.0364589 0.0464479 0.0560669 0.0641364 0.0697594 0.0726029 0.0728531 0.0709681 0.0674584 0.0627853 0.0573356 0.0514153 0.0452534 0.0390184 0.032843 0.0268513 0.0211805 0.0159899 0.0114483 0.00769983 0.00481912
 0.00769219 0.0125535 0.0190002 0.0270021 0.0363026 0.0462704 0.0558718 0.0639283 0.0695451 0.0723926 0.0726607 0.0708104 0.0673524 0.0627458 0.0573712 0.0515268 0.0454332 0.0392514 0.0331089 0.0271273 0.0214439 0.0162215 0.0116357 0.00783885 0.00491319
 0.00768865 0.0125414 0.0189706 0.0269435 0.0362049 0.0461302 0.0556961 0.0637336 0.0693515 0.0722164 0.0725106 0.0706893 0.0672623 0.0626914 0.0573604 0.051568 0.0455305 0.0394019 0.0333015 0.027344 0.0216634 0.0164236 0.0118052 0.00796814 0.00500266
 0.00765484 0.012493 0.0189095 0.0268743 0.0361322 0.0460544 0.0556126 0.0636347 0.0692326 0.0720813 0.0723718 0.0705637 0.0671647 0.0626308 0.0573409 0.0515911 0.0455972 0.0395114 0.0334487 0.0275179 0.0218478 0.0166002 0.0119584 0.00808826 0.00508769
 0.00763518 0.0124598 0.0188576 0.0267993 0.0360329 0.0459352 0.0554846 0.0635129 0.0691301 0.072003 0.0723145 0.07052 0.0671299 0.0626063 0.0573332 0.0516077 0.0456439 0.0395907 0.0335589 0.0276526 0.0219957 0.016747 0.0120899 0.00819445 0.0051648
 0.00761942 0.0124366 0.0188268 0.026762 0.0359898 0.0458862 0.0554282 0.0634483 0.0690587 0.0719303 0.0722479 0.0704659 0.0670908 0.0625812 0.0573204 0.0516079 0.0456609 0.0396291 0.0336215 0.0277379 0.0220973 0.0168541 0.0121908 0.00827941 0.00522867
 0.0076071 0.0124157 0.0187942 0.0267146 0.0359261 0.045808 0.055341 0.0633608 0.0689796 0.0718659 0.0722006 0.0704354 0.0670761 0.0625814 0.0573343 0.0516344 0.0456993 0.0396798 0.0336857 0.0278154 0.0221848 0.0169453 0.012277 0.00835285 0.00528474
 0.00759393 0.0123958 0.0187667 0.0266794 0.0358837 0.0457584 0.0552846 0.0632985 0.0689144 0.0718028 0.0721457 0.0703943 0.0670521 0.0625751 0.0573442 0.0516583 0.0457352 0.0397264 0.0337422 0.0278807 0.0222566 0.0170192 0.0123471 0.0084132 0.00533152
 0.00756466 0.0123509 0.0187044 0.0266001 0.0357901 0.0456557 0.05518 0.0632004 0.0688311 0.0717401 0.0721066 0.0703792 0.0670598 0.0626037 0.0573913 0.0517205 0.0458087 0.0398075 0.0338275 0.0279676 0.0223422 0.0170999 0.012419 0.00847268 0.00537651
 0.00756989 0.0123549 0.0187023 0.0265848 0.0357547 0.0455966 0.0550995 0.0631072 0.0687371 0.071657 0.0720424 0.0703375 0.0670407 0.0626052 0.0574109 0.0517558 0.045857 0.0398659 0.033893 0.0280368 0.0224117 0.017166 0.012478 0.00852151 0.00541356
 0.00755096 0.0123308 0.0186779 0.0265678 0.0357521 0.0456099 0.0551223 0.0631264 0.0687391 0.0716342 0.0719972 0.0702797 0.066983 0.0625582 0.0573806 0.051744 0.0458627 0.0398867 0.0339259 0.0280783 0.0224578 0.0172128 0.0125214 0.00855839 0.00544205
 0.00753015 0.0122957 0.0186233 0.0264897 0.0356502 0.0454912 0.0550015 0.0630233 0.0686706 0.0716073 0.0720062 0.0703112 0.0670237 0.0626008 0.0574243 0.0517916 0.0459169 0.0399483 0.0339931 0.0281479 0.022526 0.0172756 0.0125756 0.00860178 0.005474
 0.00750366 0.012252 0.0185562 0.0263933 0.0355202 0.0453273 0.0548107 0.0628209 0.0684797 0.0714537 0.0719114 0.0702865 0.0670665 0.0626971 0.0575549 0.0519386 0.0460679 0.040096 0.0341335 0.0282778 0.0226422 0.0173749 0.0126558 0.00866246 0.00551649
 0.00749973 0.0122451 0.0185447 0.0263749 0.0354915 0.0452844 0.0547493 0.0627382 0.0683762 0.0713354 0.0717909 0.0701807 0.0669929 0.0626678 0.0575727 0.0519971 0.046155 0.0401983 0.0342402 0.0283811 0.0227368 0.0174571 0.0127231 0.00871385 0.00555274
 0.00750485 0.0122525 0.0185542 0.0263854 0.0355013 0.0452908 0.0547491 0.0627273 0.0683502 0.0712908 0.0717265 0.0701004 0.0669058 0.0625874 0.0575134 0.0519692 0.0461615 0.0402352 0.0342983 0.0284499 0.022807 0.0175217 0.0127778 0.00875638 0.00558311
 0.00749952 0.0122473 0.0185527 0.0263926 0.0355221 0.0453272 0.0547982 0.0627811 0.0683978 0.0713212 0.0717318 0.0700769 0.066855 0.0625159 0.0574326 0.0518928 0.0461023 0.0402012 0.0342909 0.0284648 0.0228363 0.0175571 0.0128122 0.00878552 0.00560501
 0.00749952 0.0122473 0.0185527 0.0263926 0.0355221 0.0453272 0.0547982 0.0627811 0.0683978 0.0713212 0.0717318 0.0700769 0.066855 0.0625159 0.0574326 0.0518928 0.0461023 0.0402012 0.0342909 0.0284648 0.0228363 0.0175571 0.0128122 0.00878552 0.00560501
 0.0071013 0.0116142 0.0176295 0.0251463 0.0339579 0.0435093 0.0528645 0.0609348 0.0668659 0.0702954 0.0713196 0.0702849 0.067604 0.063673 0.058846 0.0534206 0.047629 0.0416434 0.0355936 0.0295943 0.0237746 0.0182996 0.0133672 0.00917388 0.00585708
 0.00705215 0.0114894 0.0173591 0.0246379 0.0331211 0.0422933 0.0512947 0.0591262 0.0650063 0.0686054 0.0700082 0.0695094 0.0674428 0.0641148 0.0597991 0.0547399 0.049151 0.0432159 0.0370951 0.0309398 0.0249134 0.0192099 0.0140515 0.00965417 0.00616937
 0.00697277 0.0113698 0.0171931 0.0244167 0.0328229 0.0418739 0.050689 0.0582694 0.0638712 0.0672397 0.0685471 0.0681536 0.0664062 0.0635667 0.0598214 0.055313 0.0501686 0.0445195 0.0385133 0.0323215 0.0261468 0.020229 0.014833 0.0102092 0.00653281
#pred catch len freq
 0.00433255 0.00685153 0.00998704 0.0136612 0.0178286 0.0224578 0.0274625 0.032663 0.037818 0.0426842 0.0470561 0.0507847 0.0537908 0.0560665 0.0576591 0.0586493 0.0591321 0.0591897 0.0588299 0.0578875 0.0559549 0.0524549 0.0469206 0.0393696 0.0305078
 0.00446454 0.00700665 0.0101143 0.0136861 0.017685 0.0221321 0.0270197 0.032231 0.0375299 0.0426123 0.0471792 0.0510091 0.0540078 0.0562113 0.0577404 0.0587371 0.0593126 0.0595094 0.0592551 0.0583056 0.0562211 0.052463 0.0466566 0.0389154 0.0299949
 0.00467664 0.00733271 0.0105654 0.0142479 0.0183079 0.0227265 0.0274665 0.0324173 0.0374026 0.0422176 0.0466526 0.0505109 0.053645 0.0560003 0.0576319 0.0586752 0.0592785 0.0595187 0.0593189 0.0583922 0.0562533 0.0523579 0.0463776 0.0384981 0.0295277
 0.00487247 0.00764542 0.011026 0.0148822 0.0191317 0.0237344 0.0286154 0.0336113 0.0384941 0.043037 0.0470632 0.0504661 0.0532104 0.0553216 0.0568654 0.0579288 0.0585964 0.0589032 0.0587562 0.0578589 0.0557148 0.051778 0.0457432 0.0378382 0.0289055
 0.00511923 0.00802841 0.0115702 0.0156034 0.0200398 0.0248362 0.02991 0.0350761 0.0400667 0.0446012 0.048452 0.0514904 0.0537135 0.0552354 0.0562368 0.056896 0.0573294 0.0575452 0.057395 0.0565313 0.0544291 0.0505388 0.0445711 0.0367764 0.0280083
 0.00540361 0.00847085 0.0121999 0.0164369 0.0210822 0.0260829 0.031345 0.0366678 0.0417652 0.0463354 0.0501235 0.0529685 0.0548401 0.0558517 0.0562289 0.0562376 0.0560954 0.055885 0.0554812 0.0545155 0.0524249 0.0486316 0.0428353 0.0352817 0.0268094
 0.00569475 0.00892677 0.0128547 0.0173139 0.0221939 0.0274305 0.0329129 0.0384173 0.0436322 0.0482346 0.051955 0.0546225 0.0561979 0.0567873 0.0566182 0.0559825 0.0551574 0.0543091 0.0533948 0.0521007 0.0498809 0.0461465 0.0405705 0.0333608 0.0253045
 0.00596622 0.00935325 0.0134703 0.0181439 0.0232559 0.0287331 0.0344502 0.0401608 0.0455261 0.0501958 0.0538799 0.0563951 0.0576996 0.0579023 0.0572371 0.0560067 0.0545133 0.0529735 0.05142 0.0496249 0.0471139 0.0433348 0.0379534 0.0311273 0.0235625
 0.00625527 0.00980481 0.014117 0.0190074 0.0243481 0.0300571 0.035996 0.0418991 0.0474035 0.052136 0.0557878 0.0581635 0.0592168 0.0590593 0.0579317 0.0561462 0.05402 0.0517997 0.0495736 0.0471959 0.0442853 0.0403633 0.0351203 0.0286744 0.0216381
 0.00660555 0.0103433 0.0148712 0.0199863 0.0255469 0.0314633 0.0375902 0.0436489 0.0492578 0.0540228 0.0576181 0.0598387 0.0606366 0.0601286 0.0585631 0.0562603 0.0535462 0.0506856 0.0478066 0.0448334 0.0414785 0.0373539 0.0321986 0.0261089 0.0196065
 0.00694145 0.0108643 0.015609 0.0209555 0.0267457 0.032875 0.0391813 0.0453671 0.0510343 0.0557805 0.0592788 0.0613267 0.0618787 0.0610538 0.0591022 0.0563456 0.0531132 0.0496802 0.0462037 0.042666 0.038866 0.0345091 0.0293953 0.0236153 0.0176114
 0.00726588 0.0113741 0.0163441 0.0219433 0.0279992 0.0343888 0.0409235 0.0472724 0.0530057 0.0577011 0.0610296 0.0628033 0.0630028 0.0617751 0.0593909 0.0561803 0.0524698 0.0485322 0.0445366 0.0405057 0.0363108 0.0317436 0.0266683 0.02118 0.0156531
 0.00761623 0.0119145 0.0171049 0.0229373 0.0292264 0.0358407 0.0425808 0.0490959 0.0549266 0.0596189 0.06282 0.0643359 0.0641626 0.0624811 0.0596025 0.0558896 0.0516865 0.0472697 0.042813 0.0383624 0.0338404 0.0291083 0.0240869 0.0188786 0.0138004
 0.00802891 0.0125469 0.0179854 0.0240688 0.0305901 0.0374026 0.0442942 0.0508992 0.0567443 0.0613656 0.0644055 0.0656693 0.0651569 0.0630606 0.0597135 0.055507 0.050813 0.0459295 0.0410467 0.0362327 0.0314481 0.0266051 0.0216663 0.0167369 0.0120828
 0.0084861 0.0132478 0.0189619 0.0253241 0.0321019 0.0391292 0.0461742 0.0528494 0.0586608 0.0631347 0.0659194 0.0668387 0.0659181 0.0633759 0.0595666 0.0548983 0.0497568 0.044454 0.0391976 0.0340804 0.0290977 0.0242017 0.0193833 0.0147432 0.0104981
 0.00879839 0.0137384 0.0196687 0.0262723 0.0333013 0.0405697 0.0478185 0.0546269 0.0604705 0.0648577 0.067435 0.0680402 0.0667246 0.0637393 0.0594712 0.0543543 0.0487914 0.0431056 0.037517 0.0321382 0.0269939 0.0220688 0.0173743 0.0130018 0.00912222
 0.00892354 0.0139486 0.0199989 0.026762 0.0339902 0.0414883 0.0489748 0.0559958 0.0619891 0.066429 0.0689386 0.0693492 0.0677255 0.0643483 0.0596434 0.0540824 0.0480979 0.0420336 0.0361251 0.0305021 0.0252115 0.0202617 0.0156766 0.0115356 0.00796829
 0.00907256 0.0141749 0.0203112 0.0271622 0.0344793 0.0420731 0.0496706 0.0568189 0.0629439 0.067493 0.0700556 0.070432 0.0686699 0.065052 0.0600245 0.0540916 0.0477222 0.0412939 0.0350702 0.0292047 0.0237664 0.0187819 0.0142819 0.0103313 0.00702204
 0.00930672 0.0145216 0.0207701 0.027712 0.0350855 0.0427014 0.0502969 0.0574329 0.0635463 0.0680899 0.0706496 0.071013 0.0692071 0.065493 0.0603038 0.054145 0.0475033 0.040785 0.0342876 0.0281983 0.0226155 0.0175864 0.0131476 0.00934996 0.00625151
 0.00926772 0.0144764 0.0207352 0.0277127 0.035148 0.0428409 0.0505098 0.0576993 0.0638424 0.0684027 0.0709834 0.0713831 0.069624 0.065947 0.0607563 0.0545328 0.0477529 0.0408328 0.0340984 0.0277764 0.0220062 0.0168673 0.0124113 0.00868205 0.00571115
 0.0090542 0.0141702 0.0203513 0.0272938 0.0347558 0.04254 0.0503518 0.0577126 0.0640276 0.0687341 0.0714175 0.0718727 0.0701327 0.0664537 0.0612477 0.0549892 0.0481391 0.0411011 0.0342034 0.0276938 0.0217462 0.0164757 0.0119579 0.00824027 0.0053374
 0.00893539 0.0139816 0.0200774 0.0269272 0.0343041 0.0420327 0.0498452 0.0572837 0.0637561 0.068677 0.0715903 0.0722467 0.0706481 0.0670409 0.0618455 0.0555523 0.0486344 0.0414995 0.0344761 0.0278188 0.0217194 0.0163195 0.0117186 0.00797456 0.0050951
 0.00898938 0.0140466 0.0201327 0.0269378 0.0342281 0.0418356 0.0495142 0.0568386 0.0632508 0.0681922 0.0712158 0.072057 0.0706795 0.0672814 0.0622427 0.0560337 0.0491279 0.0419461 0.0348329 0.0280584 0.0218317 0.0163145 0.0116259 0.00783575 0.00495086
 0.0090882 0.0141901 0.0203155 0.0271404 0.0344177 0.04197 0.049548 0.0567325 0.0629849 0.0677795 0.070709 0.0715414 0.0702514 0.0670198 0.0621855 0.0561697 0.0494054 0.0422926 0.0351768 0.0283434 0.0220252 0.0164088 0.0116353 0.00778894 0.00488003
 0.00905413 0.0141485 0.020278 0.0271255 0.034444 0.0420464 0.049665 0.0568593 0.0630763 0.0677892 0.0706059 0.0713239 0.0699542 0.0667072 0.0619327 0.0560364 0.0494158 0.0424296 0.0353918 0.0285769 0.0222259 0.0165465 0.0117043 0.00780237 0.00486028
 0.00892646 0.0139511 0.0200012 0.0267702 0.0340255 0.0415963 0.0492313 0.0564989 0.0628387 0.0676983 0.0706498 0.0714614 0.0701344 0.0668925 0.0621125 0.0562257 0.0496401 0.0427048 0.035711 0.0289105 0.0225339 0.0167954 0.0118779 0.00790428 0.00490771
 0.00886443 0.0138459 0.0198347 0.0265226 0.0336795 0.0411452 0.0486879 0.0559021 0.0622522 0.0671998 0.0703122 0.071331 0.0702161 0.0671506 0.0624874 0.0566588 0.0500911 0.0431541 0.0361493 0.0293263 0.0229083 0.017107 0.0121125 0.0080613 0.00499961
 0.00884654 0.0138208 0.0198031 0.0264845 0.0336301 0.04107 0.0485622 0.0556981 0.0619528 0.0668141 0.0698823 0.070925 0.0699078 0.0669946 0.0625024 0.0568259 0.0503672 0.043491 0.036507 0.0296757 0.0232277 0.0173791 0.0123255 0.00821207 0.00509469
