SBPRF35
12.7214
Curr Bio
770781
B35
904390
F35
0.171523
FOFL
0.15775
OFL
108201
Bzero
3.63469e+006
#pred survey bio
 3.47561e+006 3.37631e+006 3.28741e+006 3.1392e+006 2.95298e+006 2.75596e+006 2.50803e+006 2.28214e+006 2.05262e+006 1.82424e+006 1.6255e+006 1.43303e+006 1.27241e+006 1.14305e+006 1.01494e+006 879987 794940 711276 670928 631816 601229 581087 566828 546401 546745 545746 542439 534563 534315 535556 547566 548511 551789 561238 575863 571965 583420 590690 610213 625018 630064 637732 644021 652751 666812 690933 712964 724125 743458 759035 776759 2.94483e+007 1.81804e+007 1.88487e+007 1.98645e+007 2.10832e+007 2.23424e+007 2.35257e+007 2.45676e+007 2.54441e+007 2.61579e+007 2.67261e+007 2.71711e+007 2.7516e+007 2.77816e+007 2.79852e+007 2.81413e+007 2.82609e+007 2.83529e+007 2.84237e+007 2.84786e+007 2.85212e+007 2.85544e+007 2.85805e+007 2.8601e+007 2.86172e+007 2.863e+007 2.86403e+007 2.86484e+007 2.8655e+007 2.86602e+007 2.86644e+007 2.86679e+007 2.86706e+007 2.86729e+007 2.86747e+007 2.86762e+007 2.86774e+007 2.86783e+007 2.86791e+007 2.86798e+007 2.86803e+007 2.86808e+007 2.86811e+007 2.86814e+007 2.86816e+007 2.86818e+007 2.8682e+007 2.86821e+007 2.86822e+007 2.86823e+007 2.86824e+007 2.86824e+007 2.86825e+007 2.86825e+007 2.86826e+007 2.86826e+007 2.86826e+007 2.86826e+007 2.86826e+007 2.86826e+007 2.86827e+007 2.86827e+007 2.86827e+007 2.86827e+007 2.86827e+007 2.86827e+007 2.86827e+007 2.86827e+007 2.86827e+007 2.86827e+007 2.86827e+007 2.86827e+007 2.86827e+007 2.86827e+007 2.86827e+007 2.86827e+007 2.86827e+007 2.86827e+007 2.86827e+007 2.86827e+007 2.86827e+007 2.86827e+007 2.86827e+007 2.86827e+007 2.86827e+007 2.86827e+007 2.86827e+007 2.86827e+007 2.86827e+007 2.86827e+007 2.86827e+007 2.86827e+007 2.86827e+007 2.86827e+007 2.86827e+007 2.86827e+007 2.86827e+007 2.86827e+007 2.86827e+007 2.86827e+007 0 0 0 0 0 0 0 0 0 0 0 0 0 0 0 0 0 0 0 0 0 0 0 0 0
#obs survey bio
 3.577e+006 3.46675e+006 2.94572e+006 3.44658e+006 2.63641e+006 3.26096e+006 2.97672e+006 2.91378e+006 1.37851e+006 1.51908e+006 1.13676e+006 1.41971e+006 1.32072e+006 1.23993e+006 774644 943525 766868 585468 626827 498388 641848 823402 561170 516176 461152 645884 418016 552436 409447 471108 613157 374057 518271 442269 589893 590760 591566 514653 809485 528348 754279 554409 761863 506730 650333 579960 772385 980700 726452 642440 763919
#pred catch bio
 90062.5 86474.2 150379 196905 220730 282478 278150 296747 309458 294469 298019 275942 252121 251598 253702 205204 198625 156879 152528 141536 129209 121255 123622 104490 105165 105978 108215 100665 99184.2 90564.5 100404 98537.3 93830.4 90224.2 105860 92682.7 96849.2 87618.4 93430.2 102940 101870 104919 105190 103380 98112.1 103221 114468 109105 114451 114678 78368.6 108201 120125 123587 129301 136698 144420 151606 157821 162927 166966 170069 172402 174126 175382 176288 176936 177396 177721 177949 178109 178221 178299 178353 178391 178417 178435 178448 178456 178462 178466 178469 178471 178472 178473 178474 178474 178475 178475 178475 178475 178475 178475 178475 178475 178475 178475 178475 178475 178475 178475 178475 178475 178475 178475 178475 178475 178475 178475 178475 178475 178475 178475 178475 178475 178475 178475 178475 178475 178475 178475 178475 178475 178475 178475 178475 178475 178475 178475 178475 178475 178475 178475 178475 178475 178475 178475 178475 178475 178475 178475 178475 178475 178475 178475 178475 178475 178475 178475 178475 178475 0 0 0 0 0 0 0 0 0 0 0 0 0 0 0 0 0 0 0 0 0 0 0 0 0
#obs catch bio
 0 86128 150810 197338 220955 283629 277677 296547 310446 295178 299968 278609 254043 254179 256959 205799 199386 156893 153089 142519 129821 121051 123618 104493 105536 105685 108083 100228 99341.8 90290.1 100129 98567.5 94019 90134.8 105587 92609.1 96948.9 87509 92979.5 102929 101508 104873 105454 104066 98583.2 103676 115252 108927 114775 115416 78098.5
#pred cpue bio
 3.43604e+006 3.33778e+006 3.24858e+006 3.1001e+006 2.9142e+006 2.71742e+006 2.47013e+006 2.24467e+006 2.01571e+006 1.78809e+006 1.59003e+006 1.39847e+006 1.23881e+006 1.11046e+006 983845 850978 767456 685510 646066 607914 578211 558872 545258 525396 525758 524961 521993 514467 514257 515478 527308 528258 531416 540753 555272 551528 562794 569957 589077 603495 608300 615592 621375 629558 643086 666567 688044 699023 717930 733014 750283 2.84919e+007 1.76084e+007 1.81822e+007 1.91084e+007 2.03027e+007 2.15575e+007 2.27401e+007 2.37819e+007 2.46584e+007 2.53722e+007 2.59404e+007 2.63854e+007 2.67304e+007 2.69959e+007 2.71995e+007 2.73556e+007 2.74753e+007 2.75672e+007 2.7638e+007 2.76929e+007 2.77355e+007 2.77687e+007 2.77948e+007 2.78153e+007 2.78315e+007 2.78443e+007 2.78546e+007 2.78627e+007 2.78693e+007 2.78745e+007 2.78788e+007 2.78822e+007 2.78849e+007 2.78872e+007 2.7889e+007 2.78905e+007 2.78917e+007 2.78926e+007 2.78934e+007 2.78941e+007 2.78946e+007 2.78951e+007 2.78954e+007 2.78957e+007 2.78959e+007 2.78961e+007 2.78963e+007 2.78964e+007 2.78965e+007 2.78966e+007 2.78967e+007 2.78967e+007 2.78968e+007 2.78968e+007 2.78969e+007 2.78969e+007 2.78969e+007 2.78969e+007 2.78969e+007 2.7897e+007 2.7897e+007 2.7897e+007 2.7897e+007 2.7897e+007 2.7897e+007 2.7897e+007 2.7897e+007 2.7897e+007 2.7897e+007 2.7897e+007 2.7897e+007 2.7897e+007 2.7897e+007 2.7897e+007 2.7897e+007 2.7897e+007 2.7897e+007 2.7897e+007 2.7897e+007 2.7897e+007 2.7897e+007 2.7897e+007 2.7897e+007 2.7897e+007 2.7897e+007 2.7897e+007 2.7897e+007 2.7897e+007 2.7897e+007 2.7897e+007 2.7897e+007 2.7897e+007 2.7897e+007 2.7897e+007 2.7897e+007 2.7897e+007 2.7897e+007 2.7897e+007 2.7897e+007 2.7897e+007 0 0 0 0 0 0 0 0 0 0 0 0 0 0 0 0 0 0 0 0 0 0 0 0 0
#obs cpue bio
 4.32313e+006 2.45297e+006 3.72621e+006 2.76679e+006 2.75899e+006 2.45518e+006 3.1077e+006 1.69325e+006 2.16715e+006 2.02431e+006 1.76328e+006 1.00189e+006 1.15384e+006 840453 1.14199e+006 983374 844246 818442 604864 583155 547638 551623 567079 465291 521188 675903 660624 601591 485061 717984 562209 605420 479461 762958 819240 374657 580821 653266 683389 533530 634868 580754 405350 537567 622070 794098 566614 862424 535787 746377 1.03343e+006
#pred surv len freq
 0.00428745 0.00703802 0.0107377 0.0154186 0.0209994 0.0271976 0.033508 0.0393345 0.0442154 0.0479686 0.0506673 0.0525109 0.0537118 0.0544429 0.0548282 0.0549523 0.0548778 0.0546466 0.0542346 0.0534562 0.0518855 0.0489159 0.0440294 0.0371706 0.0289647
 0.00459846 0.00745777 0.0112137 0.0158566 0.0212991 0.0273041 0.0334442 0.0391885 0.0440863 0.0479075 0.0506529 0.0524752 0.0535947 0.054239 0.0545987 0.0547973 0.0548844 0.054838 0.0545444 0.0537452 0.0519992 0.0487563 0.043601 0.0365742 0.0283433
 0.00465405 0.00760933 0.0115479 0.0164736 0.0222656 0.0285926 0.0349 0.0405625 0.0451319 0.0484842 0.0507677 0.0522392 0.0531393 0.0536579 0.0539454 0.0541165 0.0542325 0.0542692 0.0540743 0.0533284 0.0515462 0.0481858 0.0428942 0.035791 0.0275906
 0.0047854 0.00780654 0.01182 0.016833 0.0227427 0.0292466 0.0358068 0.041771 0.0466037 0.0500603 0.0521993 0.0532793 0.0536391 0.0536075 0.053444 0.0533082 0.0532553 0.0532309 0.0530439 0.0523299 0.0505645 0.0471937 0.0418892 0.0348167 0.0267225
 0.00496609 0.00810135 0.0122642 0.0174562 0.0235605 0.0302507 0.0369621 0.0430272 0.0479149 0.0513932 0.0535136 0.054492 0.054611 0.0541778 0.0534954 0.0528189 0.0523019 0.0519484 0.051574 0.0507844 0.0490158 0.0456885 0.0404727 0.033547 0.0256622
 0.00513221 0.00837696 0.0126896 0.0180733 0.0244048 0.0313384 0.0382754 0.0445074 0.0494709 0.0529229 0.0549271 0.0557217 0.055602 0.0548659 0.0537971 0.0526496 0.0516153 0.0507689 0.0499972 0.0489491 0.0470684 0.0437624 0.0386835 0.0319911 0.0244087
 0.00539988 0.00880505 0.0133211 0.0189448 0.0255412 0.0327443 0.039924 0.0463332 0.0513743 0.0547837 0.0566226 0.0571441 0.0566693 0.0555232 0.0540071 0.0523784 0.0508315 0.0494613 0.048202 0.0467669 0.0446582 0.0413159 0.036392 0.030013 0.0228428
 0.00564595 0.0092078 0.0139321 0.0198132 0.0267039 0.0342102 0.0416594 0.048258 0.0533749 0.0567357 0.0584099 0.0586669 0.0578447 0.0562847 0.0543034 0.052172 0.0500959 0.0481852 0.0464053 0.0445231 0.0421098 0.0386658 0.0338681 0.0278178 0.0211061
 0.00590113 0.00962617 0.0145686 0.0207219 0.0279284 0.0357679 0.0435233 0.0503489 0.0555694 0.0588882 0.060377 0.0603252 0.0591003 0.0570737 0.0545852 0.0519209 0.0492946 0.0468274 0.044509 0.0421538 0.0394012 0.0358222 0.0311348 0.0254242 0.0192068
 0.00620086 0.0101102 0.0152915 0.021733 0.0292641 0.0374379 0.0454959 0.052543 0.0578621 0.0611345 0.0624305 0.062055 0.060401 0.0578706 0.054834 0.0516008 0.0483999 0.045364 0.0425026 0.0396707 0.036572 0.0328494 0.0282684 0.0229053 0.0172027
 0.00646944 0.0105497 0.0159581 0.0226808 0.0305344 0.0390433 0.0474027 0.0546663 0.0600776 0.0633018 0.0644152 0.0637402 0.0616912 0.0586917 0.0551334 0.0513458 0.0475758 0.0439736 0.0405728 0.0372686 0.0338249 0.0299532 0.0254659 0.0204336 0.01523
 0.00672468 0.0109742 0.0166146 0.0236337 0.0318363 0.0407138 0.049407 0.056907 0.0624084 0.0655562 0.066436 0.0653992 0.0628972 0.0593894 0.0552952 0.0509619 0.046647 0.0425103 0.0386043 0.034861 0.0311008 0.0270995 0.0227143 0.0180109 0.0132974
 0.00694938 0.0113391 0.0171641 0.0244113 0.0328795 0.0420442 0.0510167 0.0587482 0.0643921 0.0675612 0.0683239 0.0670331 0.064159 0.0601927 0.0555897 0.0507284 0.0458873 0.0412413 0.0368603 0.0327074 0.0286521 0.0245268 0.0202284 0.0158183 0.0115455
 0.00705571 0.0115305 0.0174865 0.0249191 0.0336243 0.0430559 0.0522869 0.0602257 0.0659943 0.0691925 0.0698893 0.0684422 0.0653253 0.0610352 0.0560393 0.0507348 0.0454237 0.0403055 0.0354773 0.0309368 0.0265985 0.0223442 0.0181043 0.0139359 0.0100362
 0.0071507 0.0117003 0.0177711 0.0253677 0.0342865 0.0439668 0.0534503 0.0616034 0.0675076 0.0707344 0.0713438 0.069703 0.0663104 0.0616906 0.0563336 0.0506496 0.0449481 0.0394378 0.0342335 0.0293633 0.0247843 0.0204229 0.0162393 0.012286 0.00871505
 0.00737966 0.0120669 0.0183127 0.0261157 0.0352616 0.0451703 0.0548538 0.063143 0.0690879 0.0722427 0.072667 0.0707437 0.0669986 0.0619912 0.0562438 0.0501897 0.0441483 0.0383289 0.0328488 0.0277497 0.0230168 0.0186113 0.0145181 0.0107851 0.00752489
 0.00745876 0.0121963 0.0185094 0.0263976 0.0356459 0.0456708 0.0554765 0.0638833 0.0699291 0.0731553 0.0736074 0.0716528 0.0678049 0.0626189 0.0566262 0.0502804 0.0439265 0.0377981 0.032033 0.0266934 0.0217889 0.017307 0.0132504 0.00966297 0.00662604
 0.00769637 0.0125611 0.0190181 0.0270507 0.036428 0.0465518 0.0564124 0.0648179 0.0708021 0.0739139 0.0742159 0.0720954 0.0680789 0.0627251 0.0565605 0.0500321 0.0434826 0.0371518 0.0311919 0.0256859 0.0206682 0.0161499 0.0121475 0.00870006 0.00586221
 0.00772879 0.0126145 0.0190996 0.0271672 0.0365841 0.0467484 0.0566456 0.065081 0.0710897 0.0742252 0.0745539 0.0724604 0.0684614 0.063101 0.0568928 0.0502759 0.0435928 0.0370915 0.0309411 0.0252489 0.0200782 0.0154671 0.0114488 0.00806175 0.00534051
 0.00776141 0.0126726 0.0191963 0.027317 0.0367993 0.0470323 0.0569875 0.0654551 0.0714607 0.0745591 0.0748275 0.0726665 0.0686071 0.0632003 0.0569557 0.0503006 0.0435629 0.0369808 0.0307244 0.0249142 0.0196361 0.0149535 0.0109184 0.00757275 0.00493801
 0.0077509 0.012658 0.0191794 0.0273029 0.0367968 0.047054 0.0570484 0.0655685 0.0716327 0.0747831 0.0750837 0.0729271 0.0688453 0.0633981 0.057106 0.0504024 0.043614 0.0369727 0.0306428 0.0247472 0.019384 0.0146356 0.010571 0.00723955 0.00465588
 0.0077717 0.0126752 0.0191753 0.0272522 0.0366758 0.0468535 0.0567842 0.0652828 0.0713828 0.0746243 0.0750527 0.073033 0.0690696 0.0637024 0.0574443 0.0507322 0.0439023 0.0371963 0.0307856 0.0247994 0.0193451 0.0145184 0.0104023 0.00705361 0.00448495
 0.0078342 0.0127628 0.0192804 0.0273562 0.0367509 0.0468682 0.0567108 0.0651068 0.0711123 0.0742954 0.0747251 0.0727745 0.0689339 0.0637124 0.0575872 0.0509683 0.0441801 0.0374661 0.0310088 0.0249512 0.0194158 0.0145133 0.0103395 0.00695961 0.00438623
 0.00798904 0.0130027 0.0196181 0.0277921 0.0372692 0.0474329 0.0572637 0.0655719 0.071412 0.0743731 0.0745654 0.0724101 0.0684374 0.0631745 0.0570907 0.0505675 0.0438921 0.0372766 0.0308853 0.0248587 0.0193273 0.0144153 0.0102321 0.00685199 0.00429042
 0.00788945 0.0128588 0.019435 0.0275873 0.0370685 0.0472637 0.0571481 0.0655227 0.07143 0.0744455 0.0746682 0.0725148 0.0685212 0.0632299 0.0571286 0.0506102 0.0439612 0.0373804 0.0310149 0.0249923 0.0194407 0.0144921 0.0102682 0.00685479 0.00427343
 0.00780795 0.0127273 0.0192405 0.0273214 0.0367336 0.0468793 0.0567548 0.0651767 0.071188 0.0743456 0.0747166 0.0726863 0.0687709 0.0635097 0.0574014 0.0508576 0.044182 0.0375826 0.031205 0.0251687 0.0195944 0.014612 0.0103488 0.00689869 0.00429
 0.00779811 0.0127034 0.0191895 0.0272264 0.0365769 0.0466501 0.0564563 0.0648308 0.0708342 0.0740341 0.0744966 0.0725925 0.068813 0.06367 0.0576425 0.051136 0.0444619 0.0378426 0.0314367 0.0253699 0.0197633 0.0147458 0.0104455 0.00696047 0.00432352
 0.00789912 0.0128511 0.0193805 0.0274447 0.0367961 0.0468374 0.056578 0.0648578 0.0707488 0.0738379 0.0742146 0.0722699 0.0685038 0.0634214 0.0574818 0.0510662 0.0444661 0.037895 0.0315127 0.0254519 0.0198403 0.0148113 0.0104958 0.0069946 0.00434323
 0.0079085 0.0128705 0.0194167 0.0275046 0.0368828 0.046945 0.0566879 0.0649414 0.0707762 0.0737888 0.0740865 0.0720794 0.0682825 0.0632075 0.057311 0.0509626 0.0444372 0.0379313 0.0315938 0.025554 0.0199434 0.0149019 0.0105669 0.00704476 0.00437484
 0.00790739 0.0128666 0.0194073 0.0274873 0.0368574 0.0469156 0.0566634 0.0649319 0.0707864 0.0738127 0.0741075 0.0720776 0.0682447 0.0631352 0.0572204 0.0508784 0.0443829 0.0379207 0.0316271 0.0256201 0.0200252 0.014983 0.0106359 0.00709637 0.00440909
 0.00785269 0.0127728 0.019258 0.0272654 0.0365514 0.046528 0.0562182 0.0644755 0.0703793 0.0735134 0.0739565 0.0720863 0.0683945 0.0633863 0.0575266 0.0512015 0.0446999 0.0382223 0.0319105 0.0258819 0.0202587 0.0151799 0.0107904 0.00720774 0.0044823
 0.00789087 0.0128343 0.0193482 0.0273861 0.0366969 0.0466808 0.0563483 0.0645459 0.0703589 0.0733917 0.0737508 0.0718372 0.0681508 0.0631877 0.0573933 0.0511337 0.0446852 0.0382454 0.031959 0.025947 0.0203327 0.0152546 0.0108578 0.007262 0.00452115
 0.00783042 0.0127511 0.019251 0.027293 0.0366302 0.0466595 0.0563798 0.0646224 0.0704584 0.0734836 0.0738054 0.0718361 0.0680948 0.0630965 0.0572971 0.0510607 0.0446516 0.0382536 0.032001 0.0260107 0.0204064 0.0153283 0.0109236 0.00731504 0.00455954
 0.00775447 0.0126226 0.01905 0.0270018 0.0362427 0.0461924 0.0558802 0.064162 0.0701127 0.073306 0.0738088 0.0719932 0.0683536 0.0634022 0.0576087 0.0513576 0.0449297 0.0385155 0.0322482 0.0262401 0.0206111 0.0155014 0.0110609 0.00741601 0.00462794
 0.00768236 0.0125018 0.0188614 0.0267251 0.0358606 0.0456981 0.0552869 0.0635097 0.0694681 0.0727522 0.0734273 0.0718415 0.0684478 0.0637127 0.0580728 0.0519014 0.0454893 0.0390475 0.032729 0.026659 0.0209632 0.015785 0.0112771 0.00757029 0.00472986
 0.0077348 0.0125892 0.0189956 0.0269146 0.0361041 0.0459763 0.0555574 0.0637118 0.0695399 0.072654 0.0731602 0.0714511 0.0680105 0.063311 0.0577689 0.0517221 0.0454268 0.0390726 0.0328073 0.0267618 0.0210708 0.0158848 0.0113617 0.00763606 0.00477649
 0.00769761 0.0125218 0.0188824 0.0267402 0.0358602 0.0456713 0.0552216 0.0633915 0.0692803 0.0724804 0.0730696 0.0714206 0.0680162 0.0633437 0.0578378 0.0518448 0.0456144 0.0393197 0.0330922 0.0270544 0.0213432 0.0161171 0.0115445 0.00776896 0.0048654
 0.00773609 0.0125759 0.0189473 0.026804 0.0359048 0.0456756 0.0551664 0.0632664 0.0690906 0.0722489 0.0728316 0.0712107 0.0678561 0.0632387 0.0577832 0.0518364 0.0456531 0.0394081 0.0332269 0.0272221 0.0215229 0.016287 0.0116882 0.00787841 0.00494088
 0.0077177 0.0125396 0.0188809 0.0266925 0.0357341 0.0454386 0.0548681 0.0629254 0.0687357 0.0719139 0.0725497 0.0710114 0.0677606 0.0632551 0.0579041 0.0520417 0.0459169 0.0397062 0.0335396 0.0275324 0.0218141 0.0165431 0.0118968 0.00803452 0.00504737
 0.00768165 0.0124922 0.0188296 0.0266492 0.0357092 0.0454329 0.0548679 0.0629057 0.0686702 0.0717881 0.0723685 0.0707981 0.0675499 0.0630828 0.0577985 0.0520174 0.0459735 0.0398309 0.0337126 0.0277317 0.0220185 0.0167339 0.0120595 0.00816091 0.00513641
 0.00775503 0.0125994 0.018969 0.0268127 0.0358862 0.0456149 0.0550502 0.0630829 0.0688292 0.0719036 0.072408 0.0707347 0.0673766 0.0628193 0.0574864 0.0517068 0.045708 0.0396375 0.0335992 0.0276902 0.0220313 0.0167798 0.0121186 0.00821796 0.00518246
 0.00785231 0.0127462 0.0191684 0.0270584 0.036163 0.0459004 0.0553176 0.0633055 0.0689865 0.0719861 0.0724162 0.070673 0.0672475 0.0626242 0.057232 0.0514121 0.0454039 0.039359 0.0333746 0.0275338 0.0219414 0.0167433 0.0121173 0.00823416 0.00520309
 0.00789102 0.0128199 0.0192982 0.0272684 0.0364714 0.0463071 0.0557946 0.0637978 0.069426 0.072312 0.0725916 0.07069 0.0671217 0.0623832 0.0569065 0.0510314 0.0449976 0.0389583 0.0330102 0.0272304 0.0217124 0.0165881 0.0120241 0.00818576 0.00518231
 0.00788942 0.0128199 0.0193039 0.0272881 0.0365183 0.0463994 0.0559519 0.0640333 0.0697361 0.0726689 0.0729454 0.0709824 0.0673038 0.0624305 0.0568213 0.0508367 0.0447271 0.0386489 0.0326973 0.0269447 0.0214759 0.0164112 0.0119055 0.00811502 0.00514528
 0.0078735 0.0127918 0.0192581 0.027219 0.0364235 0.0462838 0.0558314 0.0639352 0.0696936 0.0727113 0.073086 0.07121 0.0675821 0.0627072 0.0570449 0.0509719 0.0447631 0.0385976 0.0325856 0.0268048 0.021337 0.016294 0.0118196 0.0080602 0.00511503
 0.00780986 0.0126893 0.0191058 0.027008 0.0361498 0.0459518 0.0554587 0.0635543 0.0693494 0.0724538 0.0729598 0.0712436 0.0677788 0.0630406 0.0574628 0.0514095 0.0451604 0.0389141 0.0328073 0.0269403 0.0214083 0.0163259 0.0118323 0.00806612 0.00511956
 0.00765718 0.0124676 0.018821 0.0266816 0.0358116 0.0456287 0.0551663 0.0632974 0.069129 0.0722752 0.0728379 0.071201 0.0678391 0.0632177 0.0577519 0.0517828 0.0455721 0.039313 0.0331511 0.0272062 0.0215942 0.0164448 0.0119032 0.00810676 0.00514261
 0.00770735 0.0125216 0.0188528 0.0266538 0.03569 0.0454021 0.0548601 0.0629672 0.0688368 0.0720623 0.0727122 0.0711462 0.0678347 0.0632555 0.0578373 0.0519241 0.0457674 0.0395443 0.0333886 0.0274193 0.0217627 0.0165629 0.0119772 0.00814878 0.00516471
 0.00770926 0.0125273 0.0188644 0.0266704 0.0357017 0.0453863 0.054783 0.0627967 0.068563 0.0717121 0.0723464 0.0708357 0.0676324 0.0631804 0.0578791 0.0520588 0.0459693 0.0397892 0.0336516 0.0276741 0.0219856 0.0167388 0.0121026 0.00822967 0.00521226
 0.00767219 0.0124782 0.018811 0.026627 0.0356851 0.0454084 0.0548432 0.0628776 0.0686318 0.0717303 0.0722847 0.0706901 0.0674295 0.0629687 0.0577091 0.0519644 0.0459608 0.0398567 0.0337731 0.0278233 0.022137 0.0168724 0.0122066 0.00830176 0.00525689
 0.00755002 0.012296 0.0185681 0.0263354 0.0353688 0.0450997 0.0545788 0.0626923 0.0685497 0.0717548 0.0723944 0.0708446 0.0675856 0.063098 0.0578078 0.0520503 0.0460593 0.0399861 0.0339363 0.0280086 0.0223246 0.017042 0.0123442 0.00840203 0.0053225
#obs surv len freq
 nan nan nan nan nan nan nan nan nan nan nan nan nan nan nan nan nan nan nan nan nan nan nan nan nan
 0.00448756 0.00735011 0.011181 0.0159977 0.0216978 0.0279721 0.0342845 0.0400142 0.0446925 0.0481555 0.0505129 0.0520084 0.0529005 0.0534128 0.0537271 0.0539819 0.0542605 0.0545532 0.054692 0.0542839 0.052722 0.0493543 0.0438043 0.0362846 0.0276686
 0.00461736 0.00756389 0.0115075 0.0164641 0.0223231 0.0287563 0.0351987 0.0409978 0.0456624 0.0490232 0.0512013 0.0524634 0.0530952 0.0533475 0.0534245 0.0534795 0.0536016 0.0537805 0.0538442 0.053398 0.0518368 0.0485129 0.0430515 0.0356585 0.0271901
 0.00477309 0.00781998 0.0118984 0.0170241 0.0230798 0.0297197 0.0363498 0.0422824 0.0469961 0.0503036 0.052324 0.0533352 0.0536454 0.0535352 0.0532421 0.05295 0.0527712 0.0527094 0.0525991 0.0520492 0.0504594 0.0471872 0.0418573 0.0346615 0.0264267
 0.00496814 0.00813687 0.0123752 0.0176963 0.0239746 0.0308458 0.0376866 0.043775 0.0485605 0.0518401 0.0537294 0.0545108 0.054503 0.0540035 0.0532744 0.0525309 0.051919 0.0514739 0.0510568 0.0502983 0.0486158 0.0453784 0.0402088 0.0332761 0.0253619
 0.00519188 0.00850213 0.0129276 0.0184792 0.02502 0.0321618 0.0392435 0.0455018 0.0503555 0.0535906 0.0553286 0.0558657 0.0555335 0.0546404 0.0534599 0.0522242 0.0511045 0.0501702 0.0493237 0.0482394 0.0463752 0.0431287 0.038127 0.0315092 0.0239959
 0.00541295 0.00886801 0.0134903 0.0192912 0.0261242 0.0335745 0.040938 0.0474022 0.0523479 0.0555454 0.0571219 0.0573918 0.0567081 0.0553977 0.0537475 0.0520004 0.0503409 0.0488621 0.047506 0.0460016 0.0438682 0.0405538 0.0357036 0.0294279 0.0223737
 0.00564565 0.0092474 0.0140638 0.0201049 0.0272157 0.0349607 0.0426012 0.0492824 0.0543483 0.0575471 0.0590012 0.0590328 0.0580111 0.0562827 0.054154 0.0518827 0.0496669 0.0476176 0.0457097 0.0437265 0.0412579 0.0378181 0.0330866 0.0271519 0.0205831
 0.00587929 0.00962996 0.0146446 0.0209315 0.028325 0.0363647 0.0442727 0.0511512 0.0563123 0.0594924 0.0608191 0.0606271 0.0592974 0.0571867 0.0546109 0.0518379 0.0490774 0.0464581 0.0439861 0.0414975 0.0386547 0.0350473 0.0304 0.0247888 0.0187071
 0.00612558 0.0100347 0.0152616 0.0218134 0.0295122 0.0378691 0.0460605 0.053138 0.0583758 0.061498 0.0626434 0.0621714 0.0604892 0.0579741 0.054954 0.0517014 0.0484279 0.0452695 0.0422559 0.0392713 0.0360501 0.0322605 0.0276801 0.02238 0.0167824
 0.00638481 0.0104574 0.0159001 0.0227174 0.0307193 0.0393897 0.0478623 0.0551394 0.060456 0.063519 0.0644733 0.0636997 0.061634 0.0586829 0.0551973 0.0514632 0.0476962 0.0440349 0.0405224 0.0370797 0.0335049 0.0295412 0.0250211 0.0200171 0.0148867
 0.00662251 0.0108481 0.0164961 0.0235696 0.031867 0.0408444 0.0495914 0.0570609 0.0624512 0.0654553 0.0662257 0.0651634 0.0627287 0.0593526 0.0554086 0.0512004 0.0469551 0.0428189 0.0388474 0.0349911 0.0311003 0.0269833 0.022523 0.0177948 0.0131
 0.00683035 0.0111922 0.0170254 0.0243335 0.032906 0.0421739 0.0511856 0.0588469 0.0643184 0.067277 0.0678798 0.0665461 0.0637607 0.0599797 0.0555991 0.0509403 0.0462429 0.0416635 0.0372718 0.0330452 0.0288784 0.0246341 0.0202369 0.0157646 0.0114679
 0.00704784 0.0115474 0.0175631 0.0250964 0.0339263 0.0434604 0.0527096 0.0605373 0.0660704 0.0689712 0.0694017 0.0677987 0.0646707 0.0604988 0.0557021 0.05062 0.0455051 0.0405241 0.0357598 0.0312134 0.0268171 0.0224789 0.0181566 0.0139273 0.00999588
 0.00728007 0.011927 0.0181377 0.0259103 0.03501 0.0448153 0.0542934 0.0622604 0.0678107 0.0705992 0.0708039 0.0688899 0.0653957 0.0608289 0.0556297 0.0501529 0.0446615 0.0393297 0.034251 0.0294455 0.024876 0.0204863 0.0162597 0.0122687 0.00867668
 0.00744958 0.0122082 0.0185714 0.0265379 0.0358652 0.0459106 0.0556057 0.0637255 0.0693312 0.0720625 0.072101 0.0699295 0.066112 0.0611839 0.0556106 0.049767 0.043929 0.0382804 0.0329247 0.0278981 0.0231879 0.0187655 0.0146322 0.0108539 0.00755651
 0.00754535 0.0123655 0.0188117 0.026884 0.0363392 0.0465289 0.0563727 0.064628 0.0703357 0.0731163 0.0731365 0.0708705 0.0668825 0.0617178 0.05586 0.0497056 0.0435525 0.0376033 0.0319793 0.0267358 0.0218825 0.0174133 0.0133424 0.00972773 0.00666313
 0.00758447 0.0124259 0.0188971 0.0269978 0.0364861 0.0467172 0.0566159 0.064943 0.0707387 0.0736162 0.0737276 0.0715268 0.067556 0.0623433 0.0563644 0.0500216 0.0436294 0.0374153 0.0315287 0.0260543 0.0210302 0.0164743 0.0124129 0.00889755 0.00599516
 0.00767823 0.0125645 0.0190802 0.0272157 0.0367226 0.0469548 0.0568405 0.0651472 0.0709245 0.073796 0.0739214 0.0717551 0.0678293 0.062652 0.0566759 0.0502838 0.0437825 0.0374064 0.0313262 0.0256571 0.0204712 0.015816 0.0117345 0.00827654 0.00548775
 0.00771109 0.0126214 0.0191713 0.0273507 0.0369061 0.0471803 0.057087 0.0653831 0.0711182 0.0739297 0.0739988 0.0718 0.0678743 0.062725 0.0567872 0.0504196 0.0439066 0.0374698 0.031282 0.0254773 0.0201578 0.0154029 0.0112786 0.00784035 0.00512088
 0.00777182 0.0127099 0.0192861 0.027485 0.037051 0.0473297 0.0572391 0.065538 0.0712722 0.0740715 0.0741121 0.0718709 0.067901 0.0627199 0.0567715 0.0504113 0.0439085 0.0374655 0.0312413 0.0253695 0.0199675 0.0151389 0.010973 0.00753659 0.00485798
 0.0078217 0.0127874 0.0193955 0.0276263 0.037219 0.0475124 0.0574188 0.0656945 0.0713897 0.074144 0.0741442 0.0718728 0.0678815 0.0626849 0.0567255 0.0503601 0.0438578 0.0374149 0.0311811 0.025283 0.0198397 0.0149673 0.0107715 0.00733102 0.00467535
 0.00784806 0.0128258 0.0194452 0.027684 0.0372801 0.047573 0.0574765 0.065748 0.0714372 0.0741832 0.0741728 0.0718903 0.0678905 0.0626892 0.0567284 0.0503627 0.0438591 0.0374118 0.0311676 0.0252504 0.0197794 0.0148761 0.0106557 0.00720589 0.00455907
 0.00786576 0.0128524 0.0194808 0.0277271 0.0373272 0.0476191 0.057516 0.065776 0.0714514 0.0741845 0.0741658 0.0718809 0.0678835 0.0626871 0.0567317 0.0503705 0.0438692 0.0374207 0.0311702 0.0252403 0.0197508 0.0148263 0.010588 0.00712928 0.00448529
 0.00791601 0.0129284 0.0195845 0.027856 0.0374745 0.0477746 0.0576663 0.065906 0.0715463 0.0742336 0.0741653 0.0718349 0.0678027 0.0625855 0.0566228 0.0502649 0.0437733 0.0373367 0.0310967 0.0251735 0.019686 0.0147603 0.0105205 0.00706369 0.00442702
 0.00788851 0.0128908 0.019541 0.0278147 0.0374451 0.0477644 0.0576776 0.0659353 0.071587 0.0742785 0.0742086 0.0718729 0.0678332 0.0626078 0.0566377 0.0502744 0.0437795 0.0373411 0.0310991 0.025172 0.0196781 0.014744 0.0104964 0.00703466 0.00439766
 0.00787668 0.0128616 0.0194796 0.0277036 0.0372711 0.047529 0.0574034 0.0656638 0.0713652 0.0741429 0.074174 0.071932 0.0679642 0.0627839 0.0568342 0.0504718 0.0439648 0.0375063 0.0312397 0.0252857 0.0197639 0.0148027 0.0105306 0.00704962 0.00439984
 0.00790486 0.0129007 0.0195252 0.0277453 0.0372934 0.0475129 0.0573316 0.065527 0.0711694 0.0739127 0.073949 0.0717548 0.0678653 0.062773 0.0569002 0.0505912 0.0441112 0.0376573 0.0313796 0.0254051 0.0198583 0.0148711 0.0105752 0.00707466 0.00441098
 0.00789618 0.0128928 0.0195242 0.0277597 0.0373297 0.0475706 0.0573988 0.0655813 0.0711845 0.0738691 0.0738429 0.0716018 0.0676972 0.0626265 0.0568047 0.0505598 0.0441392 0.0377275 0.0314707 0.0254983 0.0199405 0.0149355 0.0106203 0.00710256 0.00442579
 0.00786084 0.012833 0.0194308 0.0276248 0.0371513 0.0473581 0.0571751 0.065379 0.0710346 0.0737881 0.0738271 0.0716323 0.0677521 0.0626929 0.0568824 0.0506566 0.0442623 0.0378763 0.0316352 0.0256626 0.020089 0.0150574 0.0107111 0.00716394 0.00446322
 0.00785646 0.0128204 0.0194017 0.0275677 0.0370542 0.0472126 0.0569821 0.0651514 0.0707973 0.0735734 0.0736663 0.0715464 0.0677453 0.0627536 0.0569906 0.0507937 0.0444163 0.038041 0.0318054 0.0258305 0.0202441 0.0151895 0.0108139 0.0072365 0.00450954
 0.00783643 0.0127886 0.019355 0.0275031 0.0369683 0.0471019 0.0568436 0.064985 0.0706082 0.0733746 0.0734785 0.0713951 0.0676544 0.0627376 0.0570502 0.0509167 0.0445829 0.0382308 0.0320016 0.0260201 0.0204165 0.0153362 0.0109296 0.00732016 0.0045645
 0.00780769 0.0127408 0.0192811 0.0273966 0.0368252 0.0469236 0.056639 0.0647697 0.0704006 0.0731909 0.0733302 0.0712899 0.0675988 0.0627385 0.0571126 0.0510399 0.0447581 0.0384418 0.0322284 0.0262433 0.02062 0.0155089 0.0110656 0.00741888 0.00463005
 0.00779328 0.0127165 0.0192428 0.0273396 0.0367449 0.0468167 0.0565053 0.0646137 0.0702317 0.0730225 0.0731772 0.0711661 0.0675149 0.062701 0.0571251 0.0511032 0.0448696 0.0385939 0.032408 0.0264333 0.0208031 0.0156704 0.0111962 0.00751562 0.00469537
 0.00774037 0.0126314 0.0191168 0.0271659 0.0365212 0.0465478 0.0562061 0.0643082 0.069949 0.0727896 0.0730141 0.071083 0.0675131 0.0627752 0.0572655 0.0512976 0.0451046 0.0388558 0.0326819 0.0267032 0.0210527 0.0158857 0.0113683 0.00764219 0.0047805
 0.00770991 0.0125778 0.0190288 0.027031 0.0363287 0.0462945 0.0559005 0.0639724 0.0696146 0.0724911 0.0727815 0.0709374 0.0674645 0.0628228 0.0573993 0.0515018 0.0453606 0.039144 0.0329828 0.0269983 0.0213247 0.0161204 0.0115565 0.00778132 0.00487466
 0.00770671 0.0125706 0.0190137 0.0270022 0.0362783 0.0462133 0.0557801 0.0638081 0.0694089 0.0722562 0.0725393 0.0707161 0.0672923 0.0627214 0.0573802 0.0515647 0.0454954 0.0393336 0.0332069 0.0272353 0.0215543 0.0163256 0.0117254 0.00790887 0.00496254
 0.00767941 0.0125318 0.0189657 0.0269499 0.0362275 0.0461673 0.055737 0.0637607 0.0693469 0.0721706 0.0724268 0.0705819 0.0671512 0.0625949 0.0572912 0.0515314 0.0455264 0.0394265 0.0333493 0.0274085 0.021737 0.0164982 0.0118731 0.00802356 0.00504325
 0.00763512 0.0124627 0.0188676 0.0268219 0.0360736 0.0459976 0.0555678 0.0636114 0.0692346 0.0721031 0.0723996 0.0705816 0.0671628 0.0626095 0.05731 0.0515638 0.045585 0.0395204 0.0334792 0.027566 0.0219068 0.0166625 0.0120166 0.00813683 0.00512399
 0.00760991 0.0124204 0.0188016 0.0267258 0.0359432 0.0458335 0.0553787 0.0634146 0.0690528 0.0719588 0.072309 0.0705501 0.0671842 0.0626698 0.0573932 0.0516588 0.0456881 0.0396342 0.0336077 0.0277088 0.0220575 0.0168095 0.0121472 0.00824203 0.00520032
 0.00760729 0.0124132 0.0187852 0.0266938 0.0358884 0.0457501 0.0552648 0.0632736 0.0688945 0.0717981 0.0721643 0.0704394 0.0671209 0.0626588 0.0574301 0.0517326 0.0457863 0.0397471 0.0337298 0.0278371 0.0221879 0.0169351 0.0122596 0.00833388 0.00526818
 0.00758451 0.0123811 0.0187459 0.0266515 0.0358476 0.0457126 0.0552275 0.0632295 0.0688359 0.0717211 0.0720719 0.0703416 0.0670325 0.0625953 0.0574028 0.0517457 0.0458367 0.0398265 0.0338284 0.0279459 0.0222993 0.017042 0.0123551 0.00841231 0.00532677
 0.00757276 0.0123616 0.0187158 0.0266091 0.0357928 0.0456492 0.0551628 0.0631728 0.0687939 0.0716944 0.0720542 0.0703238 0.0670084 0.0625655 0.0573753 0.0517316 0.0458452 0.0398615 0.0338875 0.0280226 0.0223849 0.0171277 0.0124333 0.00847738 0.00537589
 0.00754907 0.0123254 0.0186658 0.0265454 0.035717 0.0455639 0.0550722 0.0630829 0.0687129 0.0716314 0.0720159 0.0703126 0.0670204 0.0625931 0.0574108 0.0517714 0.0458905 0.0399158 0.0339537 0.0280999 0.0224685 0.0172107 0.0125085 0.0085395 0.00542243
 0.00753747 0.0123055 0.0186339 0.0264978 0.0356514 0.0454808 0.0549764 0.0629832 0.0686199 0.0715544 0.0719617 0.0702845 0.0670188 0.0626156 0.0574525 0.0518261 0.0459528 0.0399829 0.0340248 0.0281745 0.022545 0.0172851 0.0125758 0.00859516 0.00546427
 0.00754221 0.0123128 0.0186441 0.0265104 0.0356646 0.045491 0.0549787 0.0629721 0.0685918 0.0715096 0.0719048 0.0702233 0.0669622 0.0625707 0.0574237 0.0518145 0.0459571 0.0400003 0.0340527 0.0282107 0.022587 0.0173297 0.0126189 0.00863297 0.00549399
 0.00752197 0.0122836 0.018607 0.0264688 0.0356232 0.0454546 0.0549501 0.0629519 0.0685782 0.0714993 0.0718946 0.0702112 0.0669488 0.062559 0.0574182 0.0518189 0.0459734 0.0400282 0.0340902 0.0282547 0.0226342 0.0173765 0.012662 0.00866934 0.00552196
 0.00751159 0.0122633 0.0185705 0.0264092 0.0355357 0.0453404 0.0548192 0.062822 0.0684693 0.0714267 0.0718642 0.0702192 0.0669857 0.0626142 0.0574831 0.0518888 0.0460462 0.0401033 0.0341664 0.02833 0.0227058 0.0174413 0.0127171 0.00871305 0.00555392
 0.00749402 0.0122373 0.0185358 0.0263663 0.035485 0.0452808 0.0547481 0.0627375 0.0683738 0.0713288 0.0717781 0.07016 0.0669632 0.06263 0.0575311 0.0519588 0.0461283 0.0401899 0.0342528 0.0284129 0.0227824 0.0175089 0.0127736 0.00875705 0.00558558
 0.00747234 0.0122018 0.0184823 0.0262915 0.0353878 0.0451642 0.0546201 0.0626102 0.068259 0.0712356 0.071711 0.0701209 0.066954 0.0626529 0.0575865 0.0520437 0.0462351 0.0403086 0.0343736 0.0285279 0.0228858 0.0175971 0.0128446 0.00881053 0.00562292
 0.00747234 0.0122018 0.0184823 0.0262915 0.0353878 0.0451642 0.0546201 0.0626102 0.068259 0.0712356 0.071711 0.0701209 0.066954 0.0626529 0.0575865 0.0520437 0.0462351 0.0403086 0.0343736 0.0285279 0.0228858 0.0175971 0.0128446 0.00881053 0.00562292
#pred catch len freq
 0.00314231 0.00511479 0.00774363 0.0110818 0.0151745 0.0200084 0.0254519 0.0312481 0.0370685 0.0425812 0.0475002 0.0516215 0.054849 0.0571955 0.0587526 0.0596542 0.0600489 0.0600694 0.0597629 0.0589776 0.0572777 0.0540134 0.0486229 0.0410504 0.0319886
 0.00337768 0.00543501 0.00811256 0.0114334 0.0154387 0.0201482 0.0254855 0.0312369 0.0370753 0.0426265 0.0475478 0.0516041 0.054718 0.056961 0.0584913 0.059479 0.0600554 0.0602816 0.0601062 0.0592979 0.0574043 0.053838 0.0481505 0.0403923 0.0313027
 0.00345481 0.00559824 0.00842277 0.0119565 0.0162131 0.0211433 0.0265811 0.0322505 0.0378337 0.0430395 0.0476322 0.0514449 0.054403 0.0565437 0.0580005 0.0589522 0.0595536 0.0598664 0.0597965 0.059043 0.0571019 0.0533927 0.0475343 0.0396645 0.0305772
 0.00358807 0.00580087 0.00870711 0.0123389 0.0167269 0.0218473 0.0275462 0.033516 0.0393511 0.0446428 0.0490718 0.0524779 0.0548872 0.0564745 0.0574794 0.0581234 0.058555 0.0588076 0.0587481 0.0580288 0.0561031 0.0523761 0.0464941 0.0386458 0.029662
 0.00375449 0.0060678 0.00910142 0.0128818 0.0174296 0.0227081 0.0285509 0.0346471 0.040597 0.0459924 0.0504848 0.0538495 0.0560428 0.0572171 0.0576665 0.0577235 0.0576486 0.0575415 0.0572766 0.0564727 0.0545385 0.0508495 0.0450495 0.0373423 0.0285659
 0.00393875 0.00636499 0.00954523 0.0135043 0.0182582 0.0237577 0.029814 0.0360845 0.0421397 0.0475543 0.0519807 0.0552043 0.0571847 0.0580592 0.0581011 0.057645 0.0569986 0.0563437 0.055636 0.0545422 0.052479 0.0488062 0.0431468 0.035684 0.0272268
 0.00418014 0.00674724 0.0101028 0.0142662 0.0192472 0.0249875 0.0312811 0.0377585 0.0439566 0.0494173 0.0537707 0.0567974 0.058471 0.0589533 0.0585374 0.0575671 0.0563586 0.0551213 0.0538674 0.0523365 0.0500092 0.0462797 0.0407691 0.0336246 0.0255921
 0.00442781 0.00714478 0.0106924 0.0150857 0.0203259 0.0263387 0.0328917 0.0395822 0.0459154 0.0514105 0.0556847 0.0585149 0.0598789 0.059952 0.0590473 0.0575292 0.0557326 0.0538885 0.0520468 0.0500084 0.0473302 0.0434723 0.0380832 0.0312815 0.0237346
 0.00469359 0.00757154 0.011326 0.0159686 0.0214936 0.0278115 0.0346621 0.0416032 0.0480976 0.0536303 0.0577999 0.0603839 0.0613777 0.0609839 0.059543 0.0574414 0.0550297 0.0525565 0.0501025 0.0475232 0.044452 0.0404273 0.0351421 0.0286981 0.0216806
 0.00498387 0.00803395 0.0120057 0.016905 0.0227185 0.029343 0.0364937 0.0436926 0.0503614 0.0559482 0.0600262 0.062365 0.0629713 0.0620759 0.0600551 0.057328 0.0542694 0.0511473 0.0480691 0.044938 0.0414597 0.0372526 0.0320623 0.025981 0.0195132
 0.00527735 0.00850353 0.0126993 0.017865 0.023977 0.0309141 0.0383614 0.0458021 0.05262 0.0582347 0.0622047 0.0642974 0.0645292 0.0631502 0.0605636 0.0572167 0.0535108 0.0497386 0.0460379 0.0423591 0.0384764 0.0340849 0.0289833 0.0232575 0.0173353
 0.0055389 0.00892907 0.0133414 0.0187757 0.0252012 0.0324774 0.0402536 0.0479654 0.0549482 0.0605861 0.0644211 0.0662258 0.0660399 0.064147 0.0609845 0.057027 0.0526958 0.0483018 0.0440088 0.039811 0.0355478 0.0309868 0.0259771 0.0205997 0.0152091
 0.00576551 0.00929173 0.0138784 0.0195236 0.0261947 0.0337448 0.0418066 0.0497854 0.0569753 0.0627158 0.0665125 0.06812 0.0675852 0.0652216 0.0615072 0.0569564 0.0520204 0.0470323 0.0421805 0.0374972 0.0328784 0.0281568 0.0232268 0.0181645 0.0132584
 0.00592844 0.00956286 0.0142986 0.0201363 0.027039 0.0348445 0.0431578 0.0513506 0.0586881 0.0644904 0.0682522 0.0697209 0.0689396 0.0662256 0.0620713 0.0570155 0.0515389 0.0460052 0.0406352 0.0355016 0.0305527 0.0256778 0.0208097 0.0160199 0.0115375
 0.00610515 0.00985178 0.0147375 0.020764 0.0278912 0.0359442 0.0445029 0.0529028 0.0603703 0.0661951 0.0698578 0.0711123 0.070025 0.0669418 0.0623799 0.0568929 0.0509708 0.0449887 0.0391883 0.0336778 0.0284542 0.0234582 0.018657 0.0141166 0.010014
 0.00628253 0.0101359 0.0151584 0.0213503 0.0286688 0.0369323 0.0457052 0.0542971 0.0619006 0.0677707 0.0713624 0.0724213 0.0710277 0.0675609 0.062578 0.0566664 0.0503362 0.0439714 0.0378221 0.0320157 0.0265832 0.0215064 0.0167805 0.0124671 0.00869891
 0.0064076 0.0103332 0.0154448 0.0217395 0.0291713 0.0375556 0.0464517 0.0551607 0.0628643 0.0688044 0.0724198 0.073438 0.0719241 0.0682519 0.062988 0.0567428 0.0500552 0.0433367 0.0368613 0.0307799 0.0251517 0.019989 0.0153077 0.0111646 0.00765612
 0.00655171 0.0105546 0.0157545 0.0221408 0.0296622 0.0381312 0.0471042 0.055877 0.063623 0.0695756 0.0731676 0.0741238 0.0725091 0.0686968 0.0632525 0.0567877 0.0498483 0.0428608 0.0361213 0.0298087 0.0240129 0.0187743 0.0141254 0.010118 0.00681803
 0.00660284 0.0106354 0.0158718 0.0222992 0.0298634 0.0383733 0.0473822 0.0561842 0.0639555 0.069934 0.0735556 0.0745414 0.0729446 0.0691226 0.0636264 0.0570586 0.0499647 0.0427804 0.0358209 0.0292934 0.0233211 0.0179758 0.0133096 0.00937333 0.00620976
 0.0066278 0.0106802 0.0159472 0.0224179 0.0300374 0.0386094 0.0476769 0.0565222 0.0643119 0.0702811 0.0738703 0.0748116 0.0731697 0.0693082 0.063775 0.057161 0.0499974 0.0427107 0.0356189 0.028945 0.0228393 0.0174033 0.0127109 0.00881721 0.00574988
 0.00659484 0.0106317 0.0158842 0.0223469 0.0299709 0.0385657 0.0476785 0.056591 0.0644617 0.0705102 0.0741595 0.0751292 0.0734819 0.0695888 0.0640092 0.0573415 0.0501165 0.0427551 0.0355701 0.0287886 0.0225759 0.0170559 0.0123229 0.00844057 0.00542865
 0.00659265 0.0106168 0.0158414 0.0222563 0.029815 0.0383398 0.0473995 0.0562989 0.0642112 0.0703559 0.0741401 0.0752567 0.0737393 0.0699364 0.0643967 0.0577209 0.0504499 0.0430147 0.0357367 0.02885 0.0225312 0.0169199 0.0121266 0.00822409 0.00522956
 0.00667215 0.0107308 0.0159836 0.0224079 0.0299462 0.0384144 0.0473828 0.0561677 0.0639659 0.0700285 0.0737919 0.0749618 0.0735607 0.0699056 0.0645066 0.0579336 0.0507118 0.0432729 0.0359482 0.0289871 0.0225824 0.0168904 0.0120367 0.00810319 0.00510733
 0.00674246 0.0108409 0.0161408 0.0226148 0.0301977 0.0386949 0.047663 0.0564057 0.064114 0.0700472 0.0736648 0.0747066 0.0732277 0.0695642 0.0642228 0.0577484 0.0506318 0.0432742 0.0359908 0.0290303 0.0225969 0.0168642 0.011974 0.00801971 0.00502196
 0.00665661 0.0107169 0.0159835 0.0224393 0.0300266 0.0385521 0.0475677 0.0563686 0.0641346 0.0701127 0.0737517 0.0747873 0.0732814 0.0695865 0.0642287 0.0577651 0.0506843 0.0433721 0.0361229 0.0291709 0.0227176 0.016945 0.0120098 0.00801867 0.00499938
 0.00658464 0.010602 0.0158154 0.0222124 0.0297439 0.0382298 0.0472383 0.0560771 0.063927 0.0700213 0.0737839 0.0749242 0.073486 0.0698173 0.0644531 0.0579676 0.0508664 0.0435437 0.0362916 0.0293342 0.0228638 0.0170604 0.0120864 0.00805825 0.00501144
 0.00658563 0.010596 0.015792 0.0221559 0.0296366 0.038057 0.0469956 0.0557759 0.0635975 0.0697091 0.0735403 0.0747913 0.0734825 0.0699329 0.0646542 0.058212 0.0511181 0.0437811 0.0365062 0.0295236 0.0230255 0.01719 0.0121806 0.00811786 0.00504279
 0.00664534 0.0106816 0.0158989 0.0222712 0.02974 0.0381251 0.0470053 0.055709 0.0634456 0.069479 0.0732575 0.0744976 0.0732269 0.0697569 0.0645797 0.0582358 0.051217 0.0439233 0.0366628 0.0296743 0.0231583 0.0172986 0.0122621 0.00817289 0.00507525
 0.00664769 0.0106892 0.0159165 0.0223043 0.0297912 0.0381898 0.047069 0.055749 0.0634376 0.069406 0.0731169 0.074304 0.0730094 0.0695531 0.0644256 0.0581567 0.05122 0.0439971 0.0367835 0.0298147 0.0232952 0.0174166 0.0123538 0.00823725 0.00511574
 0.00660276 0.0106196 0.0158188 0.0221794 0.0296459 0.038038 0.0469308 0.0556459 0.0633839 0.0694013 0.073145 0.0743399 0.073032 0.0695553 0.0644168 0.058157 0.0512501 0.0440686 0.0368944 0.029951 0.0234374 0.0175464 0.0124593 0.0083142 0.00516612
 0.00658606 0.0105856 0.0157553 0.0220705 0.0294766 0.0378007 0.0466324 0.0553115 0.0630542 0.0691238 0.0729607 0.0742714 0.0730765 0.0696878 0.0646029 0.0583667 0.051466 0.0442852 0.0371106 0.0301632 0.0236366 0.0177214 0.0126006 0.00841818 0.00523541
 0.00661092 0.0106257 0.0158141 0.0221487 0.0295687 0.0378921 0.0466987 0.0553232 0.0629876 0.0689731 0.0727449 0.0740293 0.0728538 0.0695214 0.0645097 0.0583435 0.0514975 0.0443534 0.0372014 0.0302668 0.0237446 0.0178249 0.012691 0.00848931 0.00528561
 0.00653383 0.010516 0.0156782 0.0220033 0.029437 0.0377965 0.0466535 0.0553298 0.063033 0.0690326 0.0727896 0.0740382 0.0728231 0.0694666 0.0644583 0.0583213 0.0515184 0.0444169 0.0372967 0.0303794 0.0238608 0.0179336 0.0127841 0.0085621 0.00533722
