SBPRF35
7.96223
Curr Bio
486296
B35
534734
F35
0.211063
FOFL
0.148457
OFL
45688.1
Bzero
2.27492e+006
#pred survey bio
 3.83735e+006 3.81671e+006 3.73341e+006 3.60784e+006 3.38733e+006 2.83941e+006 2.40541e+006 2.08209e+006 1.80007e+006 1.5661e+006 1.45024e+006 1.27295e+006 1.15437e+006 1.0347e+006 959474 875390 776030 669469 611428 578546 556679 543341 533728 522180 502967 468700 427573 424178 432974 442210 444526 451857 453617 453478 491038 532233 561569 575559 577648 556991 555636 566878 574855 525272 526601 562945 582408 607652 601798 618327 590628 551924 572158 588879 646959 652915 660155 611092 493035 1.36581e+007 8.46404e+006 9.1951e+006 1.04295e+007 1.18576e+007 1.32346e+007 1.44288e+007 1.53959e+007 1.61437e+007 1.67041e+007 1.71153e+007 1.74131e+007 1.76272e+007 1.77805e+007 1.78904e+007 1.79693e+007 1.80263e+007 1.80677e+007 1.8098e+007 1.81203e+007 1.81368e+007 1.81491e+007 1.81583e+007 1.81652e+007 1.81705e+007 1.81745e+007 1.81775e+007 1.81799e+007 1.81816e+007 1.8183e+007 1.81841e+007 1.81849e+007 1.81855e+007 1.8186e+007 1.81864e+007 1.81867e+007 1.81869e+007 1.81871e+007 1.81872e+007 1.81873e+007 1.81874e+007 1.81874e+007 1.81875e+007 1.81875e+007 1.81876e+007 1.81876e+007 1.81876e+007 1.81876e+007 1.81876e+007 1.81876e+007 1.81876e+007 1.81876e+007 1.81876e+007 1.81877e+007 1.81877e+007 1.81877e+007 1.81877e+007 1.81877e+007 1.81877e+007 1.81877e+007 1.81877e+007 1.81877e+007 1.81877e+007 1.81877e+007 1.81877e+007 1.81877e+007 1.81877e+007 1.81877e+007 1.81877e+007 1.81877e+007 1.81877e+007 1.81877e+007 1.81877e+007 1.81877e+007 1.81877e+007 1.81877e+007 1.81877e+007 1.81877e+007 1.81877e+007 1.81877e+007 1.81877e+007 1.81877e+007 1.81877e+007 1.81877e+007 1.81877e+007 1.81877e+007 1.81877e+007 1.81877e+007 1.81877e+007 1.81877e+007 1.81877e+007 1.81877e+007 1.81877e+007 1.81877e+007 1.81877e+007 1.81877e+007 1.81877e+007 1.81877e+007 1.81877e+007 1.81877e+007 0 0 0 0 0 0 0 0 0 0 0 0 0 0 0 0 0 0 0 0 0 0 0 0 0
#obs survey bio
 3.59153e+006 4.69884e+006 2.68375e+006 3.50696e+006 3.73459e+006 2.24089e+006 2.63474e+006 2.12366e+006 2.10287e+006 1.47171e+006 2.22458e+006 867578 1.28682e+006 1.30781e+006 1.16211e+006 1.07537e+006 774828 683783 691689 528172 468809 519782 589435 568981 617701 512907 277125 399217 511601 444033 419977 384093 478732 346347 512394 753749 534792 491478 545816 639945 509823 661366 704205 380903 480211 592248 474942 676748 454289 714427 523212 666490 411286 808042 551051 637071 623979 665576 583384
#pred catch bio
 89670.7 89340.7 154636 215977 257046 285998 290845 308809 315846 278286 318512 277859 271809 223101 221036 210920 197901 165741 144422 136858 131233 117918 122163 116146 110836 102016 101310 101204 101594 101967 94412.1 95247.4 103889 90575.7 91406 90571.5 90980.9 83294.1 77076.9 84191.2 77877.9 86737.5 88192.6 91379.6 81931.7 90810 86522.5 90318.2 90736.3 94548.9 119283 66381.2 104742 57087.8 115929 96465.7 110396 111058 105388 45688.1 64589.9 68809.9 77399.9 88051.4 98351 107148 114105 119324 123090 125729 127538 128757 129567 130100 130447 130672 130817 130910 130970 131008 131032 131047 131057 131063 131067 131069 131071 131072 131072 131073 131073 131073 131073 131073 131073 131073 131073 131073 131073 131073 131073 131073 131073 131073 131073 131073 131073 131073 131073 131073 131073 131073 131073 131073 131073 131073 131073 131073 131073 131073 131073 131073 131073 131073 131073 131073 131073 131073 131073 131073 131073 131073 131073 131073 131073 131073 131073 131073 131073 131073 131073 131073 131073 131073 131073 131073 131073 131073 131073 131073 131073 131073 131073 131073 131073 131073 131073 131073 131073 0 0 0 0 0 0 0 0 0 0 0 0 0 0 0 0 0 0 0 0 0 0 0 0 0
#obs catch bio
 0 88949 154882 216300 256756 286188 290850 308856 315902 278946 318534 278152 272344 222817 221265 210796 197576 165971 144367 136893 131618 117568 122514 116166 110796 101469 101809 101633 101804 101962 94368.8 94983.1 103832 91115.8 91691.5 90492.7 91008.9 83250.8 76850.8 84367.8 77756.8 86933.8 87897.3 91663.2 81974 90854.2 86523.3 90172.7 90895 94199.9 120174 65799.7 106011 56470.6 116888 96222.4 110444 110858 105554
#pred cpue bio
 3.79392e+006 3.7739e+006 3.6901e+006 3.56375e+006 3.34376e+006 2.80067e+006 2.36977e+006 2.04848e+006 1.7684e+006 1.53579e+006 1.41972e+006 1.24355e+006 1.12524e+006 1.00607e+006 930935 847538 749951 645814 589090 557095 535798 522743 513444 502172 483705 450808 411222 407774 416338 425464 427813 435061 436887 436585 472956 512872 540198 551767 552818 533164 531934 542975 550876 503608 504522 539484 558303 582611 577083 592908 566450 528382 548211 564218 621347 626824 633488 585979 472356 1.30373e+007 8.03976e+006 8.60987e+006 9.73718e+006 1.11407e+007 1.25137e+007 1.37073e+007 1.46743e+007 1.54222e+007 1.59826e+007 1.63938e+007 1.66916e+007 1.69056e+007 1.7059e+007 1.71688e+007 1.72478e+007 1.73048e+007 1.73462e+007 1.73765e+007 1.73987e+007 1.74152e+007 1.74275e+007 1.74368e+007 1.74437e+007 1.7449e+007 1.7453e+007 1.7456e+007 1.74583e+007 1.74601e+007 1.74615e+007 1.74625e+007 1.74634e+007 1.7464e+007 1.74645e+007 1.74648e+007 1.74651e+007 1.74654e+007 1.74655e+007 1.74657e+007 1.74658e+007 1.74658e+007 1.74659e+007 1.7466e+007 1.7466e+007 1.7466e+007 1.74661e+007 1.74661e+007 1.74661e+007 1.74661e+007 1.74661e+007 1.74661e+007 1.74661e+007 1.74661e+007 1.74661e+007 1.74661e+007 1.74661e+007 1.74661e+007 1.74661e+007 1.74661e+007 1.74661e+007 1.74661e+007 1.74661e+007 1.74661e+007 1.74661e+007 1.74661e+007 1.74661e+007 1.74661e+007 1.74661e+007 1.74661e+007 1.74661e+007 1.74661e+007 1.74661e+007 1.74661e+007 1.74661e+007 1.74661e+007 1.74661e+007 1.74661e+007 1.74661e+007 1.74661e+007 1.74661e+007 1.74661e+007 1.74661e+007 1.74661e+007 1.74661e+007 1.74661e+007 1.74661e+007 1.74661e+007 1.74661e+007 1.74661e+007 1.74661e+007 1.74661e+007 1.74661e+007 1.74661e+007 1.74661e+007 1.74661e+007 1.74661e+007 1.74661e+007 1.74661e+007 1.74661e+007 1.74661e+007 0 0 0 0 0 0 0 0 0 0 0 0 0 0 0 0 0 0 0 0 0 0 0 0 0
#obs cpue bio
 4.08798e+006 3.66585e+006 4.59534e+006 3.1175e+006 4.52904e+006 2.94968e+006 2.06989e+006 2.09268e+006 1.62768e+006 1.06043e+006 1.40767e+006 1.44046e+006 1.06401e+006 810466 735594 749568 845760 520986 550563 601860 551071 695009 365397 503896 415161 559893 370908 413267 375431 485534 432072 603884 426617 298839 532269 463833 556008 647343 687918 379145 621795 386174 692886 484116 504675 627836 602425 669986 541813 738952 494836 552862 481073 619102 558993 699654 680215 623797 353196
#pred surv len freq
 0.00427466 0.00705189 0.0108204 0.0156247 0.0213744 0.0277482 0.0341812 0.0400242 0.0447963 0.0483409 0.0507826 0.0523709 0.0533466 0.053889 0.054119 0.0541237 0.0539815 0.0537621 0.053471 0.052935 0.0517059 0.0491141 0.0445531 0.03789 0.0297186
 0.00459203 0.00746793 0.0112651 0.0159795 0.0215153 0.0276077 0.0337903 0.0395022 0.04429 0.0479534 0.0505382 0.0522332 0.053269 0.0538608 0.0541779 0.0543311 0.0543768 0.0543202 0.054085 0.0534417 0.0519465 0.0490042 0.0441221 0.0372655 0.0290643
 0.00466833 0.00765549 0.0116565 0.0166782 0.0225835 0.0290004 0.0353204 0.0408806 0.0452387 0.0483258 0.0503687 0.0516875 0.0525432 0.0531032 0.0534728 0.0537248 0.0538999 0.0539814 0.0538475 0.0532139 0.0516105 0.0484737 0.0433936 0.0364255 0.028246
 0.00477488 0.00781976 0.0118926 0.0170078 0.0230477 0.029665 0.0362596 0.0421298 0.0467356 0.0498832 0.0517155 0.0525715 0.0528352 0.0528361 0.0527993 0.0528346 0.052953 0.0530767 0.0530179 0.0524334 0.0508177 0.0476119 0.0424544 0.0354652 0.0273617
 0.00488937 0.00801738 0.0122102 0.0174845 0.0237143 0.0305315 0.0373088 0.0433248 0.0480356 0.0512472 0.0530819 0.0538273 0.0538145 0.0533671 0.0527783 0.0522751 0.0519739 0.0518441 0.0516779 0.0510744 0.0494712 0.0462844 0.0411658 0.0342689 0.0263316
 0.00514214 0.00840818 0.012762 0.0182081 0.024611 0.0315953 0.0385234 0.0446579 0.0494362 0.0526507 0.0544198 0.0550319 0.0548113 0.0540635 0.0530667 0.0520634 0.0512299 0.0506197 0.0500949 0.0492804 0.0475999 0.0444427 0.0394438 0.0327501 0.025087
 0.00531883 0.00872837 0.0133028 0.0190562 0.0258367 0.0332145 0.0404688 0.0467819 0.0515516 0.0545864 0.0560592 0.0563175 0.0557228 0.0545888 0.05318 0.0517199 0.0503823 0.0492506 0.048247 0.0470648 0.0451794 0.0420018 0.0371601 0.0307711 0.0235086
 0.00547515 0.0089904 0.0137144 0.0196701 0.0267117 0.0344054 0.0420073 0.0486532 0.053676 0.0568168 0.0582032 0.05818 0.0571509 0.0554951 0.0535349 0.0515226 0.0496355 0.0479578 0.0464336 0.0448084 0.0426253 0.0393525 0.0346393 0.0285753 0.021765
 0.00569788 0.00935516 0.0142684 0.0204593 0.0277729 0.0357542 0.043627 0.0504926 0.0556585 0.058852 0.0601902 0.0600024 0.058677 0.0565929 0.0540961 0.0514809 0.0489671 0.0466724 0.0445714 0.0424524 0.0399202 0.0365079 0.0319017 0.0261743 0.0198552
 0.00595631 0.00978318 0.0149268 0.0214085 0.0290596 0.0373909 0.0455721 0.0526464 0.0578818 0.0609992 0.0621377 0.0616592 0.0599772 0.0574795 0.0545092 0.0513579 0.0482551 0.0453442 0.0426423 0.0399961 0.0370824 0.033506 0.0289972 0.0236159 0.0178154
 0.00605467 0.00996512 0.0152423 0.0219204 0.0298323 0.0384711 0.0469687 0.0543193 0.0597454 0.0629371 0.0640216 0.0633663 0.0614036 0.0585451 0.0551529 0.0515277 0.0479018 0.0444272 0.0411493 0.0379696 0.0346418 0.0308503 0.0263769 0.0212765 0.015933
 0.00641583 0.0105291 0.0160486 0.0229928 0.0311778 0.0400787 0.0488024 0.0563118 0.0617983 0.0649308 0.0658304 0.0648756 0.0625226 0.0592144 0.0553427 0.0512271 0.0471053 0.0431296 0.0393544 0.0357159 0.0320323 0.0280655 0.0236544 0.0188556 0.0139882
 0.00666625 0.0109478 0.0166987 0.0239353 0.0324541 0.041685 0.0506706 0.0583136 0.0637779 0.0667482 0.0673889 0.0661202 0.0634213 0.0597406 0.0554692 0.0509293 0.0463654 0.041939 0.0377206 0.0336776 0.0296809 0.0255582 0.0211996 0.016667 0.0122248
 0.00703432 0.0115248 0.017528 0.025045 0.0338548 0.0433645 0.052584 0.0603727 0.0658525 0.0686826 0.0690307 0.0673506 0.0641749 0.0600057 0.0552704 0.0503026 0.0453406 0.0405361 0.0359597 0.0315991 0.0273681 0.0231493 0.0188759 0.0146138 0.010579
 0.00717784 0.0117728 0.0179274 0.0256465 0.0346993 0.0444642 0.0539068 0.0618437 0.0673732 0.0701563 0.0703754 0.0684968 0.0650582 0.0605667 0.0554642 0.0501072 0.0447565 0.0395794 0.0346582 0.0299989 0.0255471 0.021227 0.0170056 0.0129511 0.00923983
 0.00724305 0.0119023 0.0181662 0.0260526 0.0353315 0.0453615 0.0550678 0.063216 0.0688599 0.0716352 0.0717243 0.069615 0.0658775 0.0610513 0.055601 0.0498956 0.044203 0.0386986 0.0334771 0.028564 0.023933 0.0195411 0.0153794 0.0115147 0.0080882
 0.00731971 0.0120308 0.0183682 0.026354 0.0357616 0.0459491 0.0558329 0.0641598 0.069955 0.072821 0.0729101 0.0706938 0.0667474 0.0616351 0.0558563 0.0498121 0.0437925 0.0379851 0.032494 0.0273586 0.0225746 0.0181247 0.0140176 0.010316 0.00713008
 0.00747965 0.0122862 0.0187436 0.0268681 0.0364229 0.0467497 0.0567437 0.065132 0.0709297 0.0737422 0.0737322 0.0713795 0.0672612 0.061941 0.0559216 0.0496155 0.0433299 0.0372702 0.0315569 0.0262454 0.0213497 0.0168716 0.0128308 0.00928387 0.00631278
 0.00754855 0.0123973 0.0189093 0.0270998 0.0367298 0.0471362 0.0572063 0.0656576 0.0714968 0.0743247 0.0743031 0.0719125 0.0677297 0.0623154 0.0561681 0.0496987 0.043219 0.0369479 0.031026 0.0255329 0.0205073 0.0159714 0.0119557 0.0085108 0.00569484
 0.00759928 0.0124657 0.0189867 0.0271711 0.0367795 0.0471582 0.0572109 0.0656714 0.0715547 0.0744583 0.0745301 0.0722314 0.0681196 0.0627393 0.0565782 0.0500421 0.0434447 0.0370141 0.030909 0.025234 0.0200564 0.0154241 0.0113824 0.00798048 0.00525849
 0.0076524 0.0125506 0.0191108 0.0273374 0.0369829 0.0473818 0.0574253 0.0658421 0.0716559 0.074487 0.0745107 0.072206 0.0681299 0.0628091 0.056705 0.0501984 0.0435867 0.0370933 0.0308845 0.025084 0.0197855 0.0150636 0.0109832 0.00759777 0.0049361
 0.00776932 0.0127216 0.0193327 0.0275954 0.0372552 0.0476463 0.0576647 0.0660424 0.071804 0.0745694 0.0745184 0.0721423 0.0680149 0.062676 0.0565877 0.0501175 0.0435403 0.0370583 0.0308261 0.0249706 0.0196019 0.014818 0.0107039 0.00732314 0.00469989
 0.00774442 0.0126902 0.0193017 0.0275749 0.0372539 0.0476653 0.0576942 0.0660662 0.071809 0.0745544 0.0744951 0.0721279 0.0680229 0.0627119 0.0566512 0.0502054 0.0436462 0.0371688 0.0309201 0.0250234 0.0195949 0.0147477 0.0105847 0.00718153 0.00456406
 0.00772252 0.0126659 0.019286 0.0275858 0.0373115 0.0477844 0.057877 0.0662974 0.0720571 0.074779 0.0746578 0.0722046 0.0680111 0.0626296 0.0565279 0.0500714 0.0435234 0.0370673 0.0308374 0.024948 0.0195126 0.0146494 0.0104715 0.00706417 0.00445712
 0.00768494 0.0126027 0.0191883 0.0274468 0.037132 0.047579 0.0576767 0.0661452 0.0719939 0.0748266 0.0748087 0.0724244 0.0682519 0.0628479 0.0566978 0.0501874 0.0435956 0.0371107 0.0308634 0.0249603 0.0195089 0.0146262 0.0104295 0.00701002 0.00440108
 0.00773056 0.0126628 0.0192523 0.0274956 0.0371426 0.0475323 0.057566 0.065981 0.0718033 0.0746479 0.0746814 0.0723764 0.0682897 0.0629544 0.0568401 0.0503309 0.0437156 0.0371974 0.0309185 0.02499 0.0195183 0.0146185 0.0104079 0.00697916 0.00436749
 0.00776141 0.0127156 0.0193357 0.0276162 0.0373 0.047713 0.0577406 0.066109 0.0718477 0.0745914 0.0745358 0.0721795 0.0680904 0.0627943 0.0567404 0.0502895 0.0437142 0.0372129 0.0309329 0.0249941 0.0195103 0.0146003 0.0103829 0.00695127 0.00434063
 0.00761402 0.0125235 0.0191341 0.0274666 0.037272 0.0478561 0.0580595 0.0665578 0.0723432 0.0750399 0.0748592 0.0723343 0.0680754 0.0626457 0.0565153 0.050045 0.0434907 0.0370286 0.0307881 0.0248804 0.0194187 0.0145251 0.0103212 0.00690218 0.0043035
 0.00754855 0.0123969 0.0189101 0.0271096 0.036768 0.0472396 0.0574268 0.0660485 0.0720897 0.0751089 0.0752223 0.0728844 0.068676 0.0631826 0.056927 0.0503236 0.0436637 0.0371342 0.0308573 0.0249308 0.0194563 0.0145507 0.0103354 0.00690695 0.00430223
 0.00756635 0.0124121 0.0189063 0.0270589 0.0366344 0.0469873 0.057035 0.0655287 0.0714995 0.0745504 0.0748165 0.0727269 0.0687964 0.0635328 0.057406 0.0508229 0.0441051 0.0374838 0.0311163 0.0251168 0.0195885 0.0146431 0.0103971 0.00694519 0.00432342
 0.00762283 0.0124946 0.0190123 0.0271775 0.036746 0.0470642 0.0570438 0.0654353 0.0712796 0.0742039 0.0743805 0.0722757 0.0684236 0.0633186 0.0573856 0.0509747 0.0443652 0.0377772 0.0313853 0.0253325 0.0197462 0.0147512 0.0104674 0.00698834 0.00434797
 0.00761124 0.0124703 0.0189657 0.0270965 0.0366193 0.0468857 0.0568165 0.0651712 0.0709956 0.0739169 0.0741051 0.0720279 0.0682267 0.0632049 0.0573888 0.051114 0.0446313 0.0381307 0.0317694 0.0256933 0.0200481 0.0149806 0.0106278 0.00709216 0.00441023
 0.00762952 0.0124947 0.018992 0.0271167 0.0366216 0.0468574 0.0567461 0.0650518 0.0708276 0.0737087 0.0738728 0.0717921 0.0680091 0.0630274 0.0572737 0.0510822 0.044696 0.0382887 0.0319972 0.025953 0.0202995 0.0151937 0.0107888 0.00720182 0.00447798
 0.00770869 0.0126277 0.019199 0.0274157 0.0370207 0.0473436 0.0572771 0.0655585 0.0712294 0.0739368 0.0738893 0.0715976 0.0676387 0.0625389 0.0567344 0.0505572 0.0442391 0.0379353 0.0317602 0.0258225 0.0202496 0.0151923 0.0108083 0.00722424 0.00449522
 0.00774869 0.0126599 0.0191887 0.0273155 0.0367895 0.0469727 0.0568087 0.0650791 0.0708388 0.0737082 0.0738439 0.0717053 0.0678398 0.0627715 0.0569546 0.0507466 0.0444016 0.0380866 0.0319163 0.02599 0.020423 0.0153577 0.0109504 0.00733331 0.00456987
 0.00849432 0.0137071 0.0204579 0.0286254 0.037903 0.0476756 0.0569782 0.0647124 0.070039 0.0726464 0.0727129 0.0706738 0.067016 0.062189 0.0565848 0.0505304 0.0442805 0.0380213 0.0318886 0.025994 0.0204544 0.0154083 0.0110082 0.00738675 0.00461156
 0.00923158 0.0148704 0.0221321 0.030837 0.0405816 0.0506146 0.0598219 0.0670101 0.0713754 0.0727928 0.0717114 0.0688048 0.0646769 0.0597576 0.0543304 0.0485903 0.0426865 0.0367459 0.0308851 0.0252196 0.0198752 0.0149948 0.0107304 0.00721288 0.00451093
 0.00928631 0.0150499 0.0225684 0.0317042 0.0420466 0.0527562 0.0625563 0.0700644 0.0743308 0.0751843 0.0731484 0.0690756 0.0638018 0.0579703 0.0519923 0.0460761 0.0402914 0.0346461 0.0291498 0.0238483 0.0188334 0.0142364 0.0102058 0.00687192 0.00430479
 0.00906708 0.0147188 0.022124 0.031181 0.0415295 0.0523893 0.0625319 0.0705757 0.07549 0.07694 0.075255 0.0711468 0.0654322 0.0588695 0.0520693 0.0454414 0.039188 0.0333497 0.0278863 0.0227565 0.0179696 0.0136 0.00976648 0.00658802 0.0041341
 0.00893555 0.0144922 0.0217615 0.0306423 0.0407924 0.0514758 0.0615328 0.0696567 0.0748662 0.0768199 0.0757675 0.0722785 0.0670048 0.060578 0.0535769 0.0464913 0.0396785 0.0333398 0.027539 0.0222586 0.0174695 0.0131829 0.0094607 0.00638605 0.00401257
 0.00889318 0.0144329 0.0216881 0.0305585 0.0406953 0.0513483 0.0613436 0.0693754 0.0744907 0.0764025 0.0754197 0.0721414 0.0671911 0.0611116 0.0543638 0.0473455 0.0403938 0.0337708 0.0276484 0.0221094 0.0171769 0.0128589 0.00918025 0.00618006 0.00387984
 0.00872157 0.0141721 0.0213304 0.0301115 0.0401817 0.0508042 0.0608139 0.0689058 0.0741165 0.0761411 0.075276 0.0721242 0.0673274 0.0614396 0.0549035 0.0480639 0.0411938 0.0345187 0.0282263 0.0224602 0.0173161 0.0128515 0.00910241 0.00608993 0.00380757
 0.00857611 0.0139538 0.0210358 0.0297502 0.0397747 0.0503795 0.0604038 0.0685436 0.073832 0.0759543 0.0751922 0.0721361 0.0674244 0.0616198 0.0551766 0.0484402 0.0416632 0.0350366 0.0287203 0.0228584 0.0175776 0.0129791 0.00913221 0.00606819 0.0037711
 0.0087696 0.0142088 0.0213105 0.0299713 0.0398606 0.0502758 0.0601101 0.0681148 0.0733536 0.0755077 0.074831 0.0718814 0.0672737 0.0615616 0.0552013 0.0485441 0.0418437 0.0352815 0.0289999 0.0231291 0.0177969 0.0131232 0.00920274 0.0060857 0.00376138
 0.00872984 0.0142056 0.0214144 0.0302722 0.0404284 0.0511068 0.061093 0.0690508 0.0740296 0.0757838 0.0746886 0.0714087 0.0666105 0.0608411 0.0545198 0.047958 0.0413794 0.034945 0.0287808 0.0230023 0.0177288 0.0130816 0.00916682 0.00604852 0.00372556
 0.0086575 0.0140638 0.0211619 0.0298711 0.039871 0.0504473 0.0604581 0.068606 0.0739062 0.0760087 0.0751671 0.0719759 0.0671139 0.0612009 0.0547365 0.0480802 0.0414641 0.0350327 0.0288885 0.0231275 0.0178569 0.013195 0.00925262 0.00610309 0.00375379
 0.00875562 0.0142039 0.0213345 0.0300495 0.0400122 0.0504996 0.0603763 0.068373 0.0735539 0.0756208 0.074852 0.0718168 0.0671272 0.0613338 0.0549042 0.0482144 0.0415399 0.0350632 0.0289023 0.0231468 0.0178893 0.0132355 0.00929139 0.00613258 0.00377166
 0.00869698 0.0141258 0.0212482 0.0299738 0.0399656 0.050488 0.0603841 0.0683651 0.0734897 0.0754766 0.0746394 0.0715857 0.0669478 0.0612639 0.0549614 0.0483708 0.0417421 0.0352619 0.0290708 0.023281 0.0179959 0.0133211 0.00935867 0.00618179 0.00380392
 0.0087549 0.0141991 0.0213209 0.0300211 0.0399641 0.0504293 0.0602831 0.0682535 0.0733981 0.0754151 0.0745931 0.0715281 0.0668637 0.0611636 0.0548763 0.0483334 0.0417661 0.035337 0.0291719 0.0233838 0.0180858 0.0133933 0.00941347 0.00622116 0.00383012
 0.00860596 0.0140018 0.0211054 0.0298392 0.0398697 0.0504514 0.0604071 0.0684277 0.0735605 0.0755241 0.0746402 0.0715288 0.0668382 0.0611254 0.0548337 0.0482963 0.0417479 0.035348 0.0292131 0.0234458 0.0181545 0.0134567 0.0094648 0.00625866 0.00385511
 0.00873812 0.0141648 0.0212579 0.0299183 0.039818 0.0502526 0.0601078 0.0681235 0.0733501 0.0754594 0.0747069 0.0716657 0.0669776 0.0612239 0.05488 0.0483015 0.041732 0.0353304 0.0292074 0.0234572 0.0181804 0.0134897 0.00949723 0.00628538 0.00387422
 0.00895581 0.0145514 0.0218939 0.0308821 0.0411467 0.0518936 0.06189 0.0697834 0.0746158 0.0761485 0.0747785 0.0712026 0.0661232 0.0601238 0.0536543 0.0470447 0.0405202 0.0342243 0.0282501 0.022672 0.017571 0.0130432 0.00918943 0.00608661 0.00375467
 0.00859028 0.0139729 0.0210591 0.0297789 0.0398172 0.0504552 0.0605391 0.0687576 0.0741153 0.076255 0.0754244 0.0722106 0.067287 0.0612754 0.0546904 0.0479181 0.0412206 0.0347636 0.0286524 0.0229667 0.0177853 0.0131983 0.00930003 0.00616264 0.00380393
 0.00860814 0.0140058 0.0211139 0.0298587 0.0399149 0.0505477 0.0605901 0.0687342 0.0740127 0.076111 0.0753074 0.0721832 0.0673691 0.0614348 0.0548645 0.0480478 0.0412739 0.0347388 0.0285692 0.0228527 0.0176669 0.0130946 0.00922045 0.00610846 0.00377095
 0.00841527 0.0136501 0.0205048 0.0288978 0.0385328 0.0487569 0.0585232 0.0666353 0.0721751 0.0747921 0.074666 0.0722618 0.0681095 0.0627045 0.0564828 0.0498159 0.0430086 0.0363022 0.0298827 0.023893 0.0184495 0.013656 0.00960425 0.00635727 0.00392268
 0.00871151 0.0141301 0.021217 0.0298668 0.0397317 0.0500765 0.0597621 0.0675363 0.0725104 0.0744581 0.0737306 0.0709363 0.0666665 0.0613888 0.0554539 0.0491308 0.0426371 0.0361611 0.0298747 0.0239375 0.0184971 0.0136869 0.00961767 0.00635977 0.00392078
 0.00864055 0.0140414 0.0211345 0.0298335 0.0398024 0.050302 0.0601667 0.0680961 0.0731402 0.0750196 0.0740703 0.0709445 0.0663281 0.0607946 0.0547636 0.0485079 0.0421926 0.035929 0.029823 0.0239999 0.0186062 0.0137947 0.00970117 0.00641474 0.00395272
 0.00853588 0.0139059 0.0209953 0.0297391 0.0398124 0.0504689 0.0605188 0.0686285 0.0738128 0.0757585 0.074772 0.0714879 0.0666025 0.0607375 0.0543903 0.0479125 0.0415143 0.0353013 0.0293316 0.0236693 0.0184135 0.0136966 0.00965625 0.00639495 0.00394332
 0.00911047 0.0147173 0.0219911 0.0307983 0.0407856 0.0512402 0.0610508 0.0689621 0.0740267 0.0759171 0.0748926 0.0715386 0.0665214 0.0604613 0.0538817 0.0471811 0.0406231 0.0343524 0.0284355 0.0229111 0.0178329 0.0132899 0.0093925 0.00623477 0.00385153
#obs surv len freq
 nan nan nan nan nan nan nan nan nan nan nan nan nan nan nan nan nan nan nan nan nan nan nan nan nan
 0.00448703 0.00734917 0.0111795 0.0159952 0.0216944 0.0279676 0.0342793 0.0400086 0.0446871 0.0481509 0.0505096 0.0520066 0.0529002 0.0534139 0.0537292 0.0539849 0.0542641 0.0545572 0.0546962 0.0542882 0.0527263 0.0493583 0.0438079 0.0362876 0.0276709
 0.00460995 0.00755336 0.0114944 0.01645 0.0223099 0.0287454 0.0351908 0.0409927 0.0456594 0.0490215 0.0512006 0.0524637 0.0530969 0.0533507 0.0534293 0.0534857 0.0536091 0.0537888 0.0538532 0.0534074 0.0518461 0.0485217 0.0430593 0.035665 0.0271951
 0.00477655 0.00782338 0.0118996 0.0170198 0.0230673 0.029698 0.0363212 0.0422519 0.0469693 0.0502848 0.0523145 0.0533337 0.0536495 0.0535427 0.0532516 0.0529609 0.0527834 0.0527227 0.0526133 0.052064 0.0504741 0.0472012 0.0418699 0.0346719 0.0264347
 0.00496805 0.00813809 0.0123793 0.0177052 0.0239891 0.0308646 0.0377054 0.043788 0.0485629 0.0518305 0.0537107 0.0544886 0.0544828 0.0539884 0.0532649 0.052526 0.0519173 0.0514742 0.0510586 0.0503011 0.0486192 0.0453819 0.0402122 0.033279 0.0253642
 0.00519086 0.00849961 0.0129224 0.0184699 0.0250062 0.0321444 0.0392252 0.0454862 0.0503452 0.0535853 0.0553259 0.0558623 0.0555281 0.0546342 0.0534557 0.0522244 0.05111 0.0501807 0.0493379 0.0482559 0.0463926 0.0431459 0.0381426 0.0315224 0.024006
 0.0054137 0.008869 0.0134913 0.0192916 0.026123 0.0335706 0.04093 0.0473896 0.0523315 0.0555274 0.0571053 0.0573789 0.0566994 0.0553922 0.0537443 0.0519993 0.0503428 0.0488681 0.0475163 0.0460155 0.0438845 0.0405706 0.0357194 0.0294415 0.0223842
 0.0056436 0.00924426 0.0140594 0.0200993 0.0272089 0.0349528 0.042592 0.0492718 0.054336 0.057533 0.0589859 0.0590178 0.0579983 0.0562738 0.0541498 0.0518833 0.0496718 0.0476265 0.0457226 0.043743 0.0412769 0.0378382 0.0331059 0.0271686 0.0205962
 0.00588593 0.00964166 0.0146638 0.0209608 0.0283662 0.0364177 0.0443341 0.051215 0.0563702 0.0595367 0.0608444 0.0606312 0.0592814 0.0571546 0.0545681 0.0517899 0.0490287 0.0464119 0.0439441 0.0414606 0.0386233 0.0350214 0.0303794 0.0247732 0.0186958
 0.00613175 0.0100424 0.0152692 0.0218181 0.029512 0.0378637 0.0460528 0.0531332 0.058379 0.0615115 0.0626654 0.0621965 0.0605109 0.0579874 0.0549565 0.0516938 0.048413 0.0452512 0.0422375 0.0392551 0.0360372 0.0322512 0.027674 0.0223764 0.0167804
 0.00636998 0.0104353 0.0158707 0.0226814 0.0306782 0.0393446 0.0478141 0.0550894 0.0604078 0.0634785 0.0644477 0.0636946 0.0616509 0.058718 0.0552431 0.0515117 0.0477415 0.0440745 0.0405565 0.0371098 0.0335323 0.0295666 0.0250442 0.0200367 0.0149021
 0.00661554 0.010839 0.0164864 0.0235622 0.0318654 0.0408511 0.0496066 0.0570823 0.0624739 0.0654736 0.0662353 0.065163 0.0627208 0.0593419 0.0553997 0.0511952 0.0469528 0.0428174 0.0388449 0.0349871 0.0310954 0.0269788 0.0225196 0.0177928 0.0130991
 0.0068488 0.0112196 0.0170619 0.0243779 0.0329562 0.0422278 0.0512417 0.0589038 0.0643736 0.067326 0.0679165 0.0665644 0.0637568 0.0599538 0.0555556 0.0508861 0.046185 0.0416066 0.0372183 0.032996 0.028834 0.0245953 0.0202047 0.0157396 0.0114499
 0.00708167 0.0116015 0.0176425 0.0252045 0.0340629 0.04362 0.0528804 0.0607019 0.0662105 0.0690722 0.0694562 0.0678064 0.0646358 0.0604276 0.0556019 0.0504993 0.0453731 0.0403897 0.0356304 0.0310941 0.0267112 0.0223883 0.0180827 0.0138703 0.0099549
 0.00727364 0.0119195 0.018132 0.0259113 0.0350237 0.0448471 0.0543463 0.0623336 0.0678989 0.0706934 0.070893 0.0689631 0.0654447 0.0608496 0.0556217 0.0501193 0.0446073 0.0392614 0.0341756 0.0293696 0.024805 0.0204241 0.0162085 0.0122293 0.00864853
 0.00743644 0.0121858 0.0185359 0.0264862 0.0357967 0.0458292 0.0555218 0.0636547 0.0692897 0.0720619 0.0721435 0.0700078 0.0662118 0.0612883 0.0557048 0.0498408 0.0439779 0.0383048 0.0329286 0.0278875 0.023169 0.0187439 0.0146119 0.0108372 0.00754418
 0.00752786 0.0123382 0.0187727 0.026832 0.0362738 0.0464506 0.0562838 0.064534 0.0702459 0.0730435 0.0730944 0.0708695 0.0669254 0.0617986 0.055965 0.0498181 0.0436568 0.0376891 0.032042 0.0267764 0.0219051 0.0174235 0.0133452 0.00972709 0.00666141
 0.00760738 0.0124597 0.0189415 0.02705 0.0365412 0.0467693 0.0566585 0.0649697 0.0707441 0.0735973 0.073686 0.0714695 0.0674946 0.06229 0.0563284 0.0500053 0.0436287 0.0374219 0.0315345 0.026054 0.0210226 0.0164612 0.0123976 0.00888325 0.00598371
 0.00767296 0.0125615 0.0190856 0.0272379 0.0367693 0.0470283 0.0569344 0.0652471 0.0710122 0.0738555 0.0739439 0.0717398 0.0677826 0.0625853 0.0566023 0.0502152 0.0437266 0.0373653 0.031297 0.0256349 0.0204518 0.0157973 0.0117168 0.00826093 0.00547547
 0.007719 0.0126303 0.0191781 0.027351 0.0368973 0.0471647 0.0570731 0.065383 0.0711415 0.0739771 0.0740608 0.0718601 0.0679168 0.0627411 0.0567769 0.0503903 0.0438686 0.0374323 0.0312504 0.0254529 0.0201391 0.0153878 0.0112658 0.0078295 0.00511229
 0.00778323 0.0127269 0.0193085 0.027511 0.037077 0.0473505 0.0572493 0.0655341 0.0712552 0.0740482 0.074093 0.0718646 0.0679094 0.0627373 0.0567881 0.0504186 0.0439036 0.0374507 0.0312217 0.02535 0.0199507 0.0151255 0.0109625 0.00752843 0.00485182
 0.00780868 0.0127679 0.0193693 0.0275943 0.037183 0.0474746 0.0573812 0.0656589 0.0713574 0.0741167 0.0741246 0.0718648 0.0678897 0.0627114 0.0567682 0.0504122 0.0439103 0.0374605 0.031216 0.0253074 0.0198558 0.0149776 0.0107778 0.00733456 0.00467704
 0.00786468 0.0128523 0.0194838 0.0277362 0.0373458 0.0476497 0.0575584 0.0658262 0.0715013 0.0742235 0.0741831 0.0718696 0.0678434 0.0626247 0.0566575 0.0502949 0.0437999 0.0373625 0.0311265 0.0252156 0.01975 0.0148518 0.0106368 0.00719209 0.00454975
 0.00787269 0.0128652 0.0195029 0.0277625 0.0373793 0.047689 0.0576009 0.0658688 0.0715417 0.0742614 0.0742192 0.0719039 0.0678734 0.0626463 0.056667 0.0502916 0.0437865 0.0373427 0.0311018 0.0251833 0.0197049 0.0147906 0.0105613 0.00711038 0.00447281
 0.0078985 0.0129024 0.0195503 0.0278159 0.037433 0.0477381 0.0576422 0.0659013 0.0715657 0.0742776 0.0742283 0.0719071 0.067872 0.0626413 0.0566582 0.0502782 0.0437675 0.037318 0.0310719 0.025148 0.0196632 0.0147416 0.0105062 0.00705337 0.00442007
 0.00791089 0.0129203 0.0195728 0.0278405 0.0374558 0.0477543 0.0576477 0.0658939 0.0715461 0.07425 0.0741999 0.0718854 0.0678625 0.0626455 0.056674 0.0503008 0.0437914 0.0373383 0.0310848 0.0251514 0.0196561 0.0147241 0.0104804 0.00702303 0.00438989
 0.00790117 0.0129051 0.0195512 0.0278118 0.03742 0.0477122 0.0576008 0.0658446 0.0714979 0.0742071 0.074167 0.0718673 0.0678632 0.062667 0.0567152 0.0503574 0.0438566 0.0374042 0.0311441 0.0251987 0.0196883 0.0147408 0.0104836 0.00701655 0.00437843
 0.00788529 0.0128738 0.0194941 0.0277172 0.0372785 0.0475229 0.0573762 0.0656099 0.0712847 0.0740438 0.0740722 0.0718468 0.0679122 0.062774 0.0568652 0.0505346 0.0440454 0.0375902 0.0313151 0.0253453 0.0198049 0.0148259 0.0105395 0.00704867 0.00439367
 0.00788752 0.0128753 0.0194922 0.0277067 0.0372521 0.0474714 0.0572908 0.065486 0.0711258 0.0738647 0.0738971 0.0717035 0.0678234 0.0627513 0.0569077 0.050631 0.0441789 0.0377426 0.0314693 0.0254874 0.0199249 0.0149188 0.0106049 0.00708996 0.00441665
 0.00788042 0.0128608 0.019465 0.0276604 0.0371805 0.0473717 0.0571652 0.0653415 0.0709726 0.0737131 0.0737573 0.0715866 0.0677423 0.0627184 0.0569316 0.0507123 0.0443091 0.0379057 0.0316461 0.0256591 0.020077 0.0150419 0.010696 0.00715134 0.00445397
 0.00785425 0.0128196 0.0194053 0.0275796 0.0370773 0.0472464 0.0570205 0.0651838 0.0708119 0.0735618 0.0736285 0.071491 0.0676877 0.0627095 0.0569706 0.0507987 0.0444388 0.0380693 0.0318292 0.0258444 0.0202477 0.0151857 0.0108066 0.00722873 0.00450308
 0.00782836 0.0127753 0.0193348 0.0274749 0.036933 0.0470629 0.0568074 0.0649592 0.0705981 0.07338 0.0734934 0.0714106 0.067664 0.0627408 0.0570522 0.0509248 0.0446018 0.0382597 0.0320349 0.0260509 0.0204399 0.0153506 0.0109364 0.007322 0.00456395
 0.00780111 0.0127287 0.0192603 0.0273636 0.0367769 0.0468592 0.0565618 0.0646876 0.0703248 0.0731331 0.0732992 0.0712886 0.0676236 0.0627811 0.0571642 0.0510945 0.0448134 0.0384973 0.032283 0.0262941 0.0206634 0.0155423 0.0110884 0.0074326 0.00463732
 0.00776849 0.0126747 0.0191775 0.0272441 0.0366148 0.0466524 0.0563151 0.0644138 0.0700441 0.0728696 0.0730779 0.0711315 0.0675469 0.0627925 0.0572616 0.0512666 0.0450424 0.0387624 0.0325627 0.0265685 0.0209152 0.0157579 0.0112598 0.00755816 0.0047214
 0.00774476 0.012636 0.0191187 0.0271604 0.0365019 0.0465082 0.0561408 0.0642153 0.0698315 0.0726568 0.0728806 0.0709668 0.0674314 0.0627402 0.0572811 0.0513591 0.0452006 0.0389714 0.0328025 0.026817 0.0211517 0.0159657 0.0114281 0.0076833 0.00480637
 0.0093321 0.014859 0.0218042 0.0299264 0.0388691 0.0480771 0.056732 0.0638953 0.0688307 0.0712502 0.0713012 0.0693749 0.0659234 0.0613705 0.0560798 0.0503412 0.04437 0.038322 0.032319 0.0264768 0.0209274 0.0158289 0.0113521 0.00764588 0.00479064
 0.00930246 0.0151045 0.0226915 0.0319113 0.0422984 0.052921 0.0624138 0.0693857 0.0730145 0.0733659 0.0711923 0.067431 0.0628096 0.0577415 0.0524186 0.0469344 0.0413565 0.0357534 0.0302008 0.0247893 0.019635 0.0148832 0.0106962 0.00721826 0.0045308
 0.00897575 0.0145868 0.0219591 0.0310081 0.0413913 0.0523381 0.0626071 0.0707706 0.0757221 0.0770583 0.0751026 0.070656 0.0646869 0.0580798 0.0514687 0.045178 0.0392782 0.033708 0.0283901 0.0232979 0.0184754 0.0140296 0.0101032 0.00683184 0.00429646
 0.00880003 0.0142947 0.021508 0.0303568 0.0405153 0.0512592 0.0614332 0.0697244 0.0751272 0.0772515 0.076283 0.0727385 0.0672656 0.0605587 0.0533038 0.0460867 0.0392975 0.0330975 0.0274733 0.0223398 0.0176362 0.0133751 0.00963709 0.00652583 0.00411107
 0.00871183 0.0141463 0.0212746 0.0300109 0.0400303 0.0506182 0.0606411 0.0688227 0.0742085 0.0764687 0.0758379 0.0728329 0.0680133 0.0618979 0.0549749 0.0477135 0.0405387 0.0337781 0.0276191 0.0221146 0.0172394 0.0129638 0.00929796 0.0062853 0.00395962
 0.00870268 0.0141257 0.0212326 0.0299326 0.0398975 0.0504115 0.0603442 0.0684266 0.0737178 0.0759109 0.0752754 0.0723688 0.0677787 0.0620114 0.0554819 0.0485403 0.0414995 0.034645 0.0282183 0.0223887 0.0172433 0.0128105 0.00909697 0.00610721 0.00383212
 0.00866185 0.0140632 0.0211455 0.02982 0.0397595 0.050248 0.0601534 0.0682058 0.0734642 0.0756246 0.0749642 0.0720561 0.0675108 0.0618563 0.0555129 0.0488023 0.0419745 0.0352423 0.0288047 0.0228448 0.017511 0.0129036 0.0090749 0.00603633 0.00375923
 0.0086488 0.0140383 0.0211014 0.0297485 0.0396538 0.0501068 0.0599833 0.0680201 0.0732776 0.0754471 0.074798 0.0718989 0.0673646 0.061736 0.0554503 0.0488379 0.0421379 0.0355295 0.0291686 0.0232098 0.0178058 0.0130906 0.00915858 0.00604904 0.00373859
 0.00865964 0.0140578 0.0211337 0.0297969 0.0397185 0.0501814 0.0600535 0.0680661 0.0732808 0.0753967 0.0746948 0.0717527 0.0671901 0.0615508 0.0552752 0.0486994 0.0420643 0.0355407 0.0292633 0.0233606 0.0179689 0.0132249 0.0092426 0.00608455 0.00374187
 0.00865274 0.0140466 0.0211171 0.0297747 0.0396922 0.0501548 0.0600325 0.068056 0.0732832 0.0754065 0.0747011 0.0717431 0.0671565 0.0614928 0.0552009 0.0486239 0.042007 0.0355204 0.0292909 0.0234329 0.0180679 0.013325 0.0093222 0.00613428 0.00376481
 0.00863666 0.0140228 0.0210856 0.0297371 0.039651 0.0501128 0.0599927 0.0680218 0.0732582 0.0753944 0.0747031 0.0717568 0.0671747 0.0615064 0.0552031 0.0486137 0.041991 0.0355103 0.029299 0.0234656 0.0181219 0.0133888 0.00938156 0.00617896 0.00379192
 0.00863481 0.0140184 0.0210764 0.0297205 0.039625 0.0500774 0.0599509 0.0679791 0.073221 0.0753678 0.0746897 0.0717565 0.0671852 0.0615234 0.0552211 0.0486279 0.0419994 0.0355153 0.0293065 0.023482 0.0181498 0.0134254 0.00941981 0.00621169 0.00381501
 0.00860438 0.0139755 0.0210239 0.029665 0.0395742 0.0500373 0.0599229 0.0679609 0.0732088 0.0753594 0.0746858 0.0717596 0.0671975 0.0615453 0.0552505 0.0486608 0.0420316 0.0355444 0.0293327 0.0235074 0.018177 0.0134546 0.00944897 0.0062373 0.0038344
 0.00861611 0.0139869 0.0210274 0.0296498 0.039531 0.0499638 0.0598278 0.067862 0.0731262 0.0753068 0.0746664 0.0717678 0.0672243 0.0615828 0.0552937 0.0487066 0.0420775 0.0355882 0.0293728 0.0235435 0.0182095 0.0134841 0.00947515 0.00625915 0.00385093
 0.0086058 0.0139758 0.0210204 0.0296536 0.0395502 0.0499961 0.0598625 0.067883 0.0731198 0.07527 0.0746087 0.071706 0.0671739 0.0615521 0.055283 0.0487116 0.0420926 0.0356087 0.0293954 0.0235662 0.0182311 0.0135041 0.00949294 0.00627408 0.00386244
 0.0086058 0.0139758 0.0210204 0.0296536 0.0395502 0.0499961 0.0598625 0.067883 0.0731198 0.07527 0.0746087 0.071706 0.0671739 0.0615521 0.055283 0.0487116 0.0420926 0.0356087 0.0293954 0.0235662 0.0182311 0.0135041 0.00949294 0.00627408 0.00386244
 0.00892054 0.0144675 0.0217214 0.0305757 0.0406768 0.0512736 0.0611928 0.0691283 0.0741266 0.075906 0.0747971 0.0714421 0.0665196 0.0606146 0.0541863 0.047571 0.0409985 0.0346214 0.0285484 0.0228723 0.0176887 0.0131012 0.00921065 0.00608901 0.00374989
 0.00847167 0.0137981 0.0208285 0.0295024 0.039508 0.0501241 0.0601931 0.0684078 0.0737886 0.0759978 0.0752913 0.072242 0.0674885 0.0616145 0.0551108 0.0483599 0.0416348 0.0351169 0.0289269 0.0231582 0.0179018 0.0132565 0.00931984 0.0061621 0.00379588
 0.00866047 0.0140351 0.0210579 0.0296337 0.0394476 0.0498202 0.0596712 0.0677701 0.0731766 0.0755401 0.0750646 0.0722587 0.0677073 0.0619617 0.0555033 0.0487258 0.0419275 0.0353195 0.0290473 0.0232177 0.0179241 0.0132604 0.00931716 0.00615863 0.00379354
 0.00824202 0.0134064 0.0202058 0.0285748 0.0382168 0.0484565 0.0582163 0.0662852 0.0717645 0.0743525 0.0742777 0.072021 0.0680849 0.06291 0.0568796 0.0503346 0.0435738 0.036849 0.0303643 0.0242826 0.0187394 0.0138535 0.00972666 0.00642558 0.00395655
 0.00870593 0.0140889 0.0210993 0.0296241 0.0393312 0.0495313 0.0591462 0.0669665 0.0720971 0.0742559 0.0737228 0.0710626 0.0668682 0.0616364 0.0557441 0.0494649 0.0430038 0.0365345 0.0302229 0.0242337 0.0187265 0.0138479 0.00971938 0.00641687 0.00394877
 0.00857779 0.0139504 0.0210165 0.0296934 0.0396432 0.0501199 0.0599525 0.0678465 0.0728727 0.0747783 0.0739122 0.0709113 0.0664234 0.0609849 0.0549998 0.0487508 0.0424231 0.036142 0.0300161 0.0241675 0.0187412 0.013893 0.00976445 0.00644993 0.00396897
 0.00869094 0.0141075 0.0212074 0.0299016 0.0398637 0.0503771 0.0603033 0.0683531 0.0735547 0.0755731 0.0746766 0.0714706 0.0666401 0.0608084 0.0544753 0.0479938 0.0415777 0.0353407 0.0293497 0.0236733 0.0184098 0.0136889 0.00964614 0.00638378 0.00393267
 0.0087635 0.0142363 0.0214189 0.0302213 0.0403036 0.0509217 0.0609039 0.0689422 0.0740752 0.076002 0.0750214 0.0717386 0.0668081 0.0608202 0.0542732 0.0475589 0.0409508 0.0346114 0.0286238 0.0230379 0.0179125 0.0133363 0.00941717 0.00624602 0.00385518
#pred catch len freq
 0.00315037 0.00513443 0.00778502 0.0111578 0.0152966 0.0201808 0.0256658 0.0314802 0.0372849 0.0427436 0.0475717 0.0515701 0.0546501 0.0568338 0.0582273 0.0589859 0.0592896 0.059309 0.0591254 0.0586001 0.05727 0.0544119 0.0493636 0.0419827 0.0329292
 0.00339282 0.00545605 0.00813734 0.011457 0.0154539 0.0201469 0.0254602 0.0311823 0.0369901 0.0425135 0.0474122 0.0514496 0.0545415 0.0567501 0.0582274 0.0591467 0.0596582 0.059858 0.0597366 0.0590931 0.05747 0.0542272 0.0488295 0.041243 0.0321669
 0.0034824 0.0056397 0.00847761 0.0120186 0.0162679 0.0211663 0.0265391 0.0321099 0.0375741 0.0426666 0.0471821 0.0509741 0.0539691 0.0561857 0.0577283 0.0587498 0.0593956 0.059742 0.0597286 0.0590913 0.0573402 0.0538672 0.0482264 0.0404838 0.0313935
 0.00359977 0.0058215 0.00873989 0.0123844 0.0167782 0.0218847 0.0275347 0.03341 0.0391077 0.0442399 0.0485217 0.051831 0.0542217 0.0558755 0.0570151 0.0578282 0.0584282 0.0588284 0.0588999 0.0583161 0.056548 0.0529925 0.0472565 0.0394782 0.0304583
 0.00372348 0.00602586 0.00905306 0.012834 0.0173864 0.0226629 0.0284819 0.0345184 0.0403684 0.0456328 0.0499852 0.0532308 0.0553571 0.0565405 0.0570843 0.0573105 0.0574521 0.0575757 0.0575307 0.0569257 0.0551683 0.0516263 0.0459214 0.0382291 0.0293751
 0.00397269 0.00640872 0.00958932 0.0135314 0.0182453 0.0236813 0.0296541 0.0358276 0.0417794 0.0470914 0.0514245 0.0545748 0.0565146 0.057396 0.0575057 0.0571855 0.0567385 0.0563283 0.0558834 0.0550417 0.0531942 0.0496778 0.0440944 0.036613 0.0280464
 0.00416217 0.00673327 0.0101076 0.0143062 0.0193281 0.0250887 0.0313481 0.0377141 0.0437297 0.0489753 0.0531346 0.0560327 0.0576623 0.0581809 0.0578671 0.0570525 0.0560466 0.0550527 0.0540693 0.0528111 0.0507249 0.0471691 0.0417362 0.0345618 0.026405
 0.00435138 0.00703947 0.010569 0.0149658 0.0202356 0.0262962 0.0328955 0.0396039 0.0459015 0.0512944 0.0554089 0.0580555 0.0592617 0.0592488 0.0583548 0.0569435 0.0553317 0.0537278 0.0521589 0.0503997 0.0479734 0.0443018 0.039 0.0321741 0.0245066
 0.00460029 0.00743652 0.0111533 0.0157716 0.0212897 0.0276146 0.0344769 0.0414253 0.0479169 0.0534339 0.0575723 0.0601074 0.0610384 0.0605829 0.0591083 0.0570297 0.0547162 0.052417 0.0501952 0.047875 0.0450484 0.0412094 0.0360143 0.0295499 0.0224164
 0.00483647 0.00782077 0.011733 0.0165935 0.0223938 0.0290234 0.0361815 0.0433766 0.0500287 0.0555959 0.0596674 0.0620226 0.0626676 0.0618231 0.059857 0.0571903 0.0542122 0.0512087 0.0482957 0.045365 0.0420893 0.0380417 0.0329268 0.0268177 0.0202312
 0.00502301 0.00812925 0.0122083 0.0172838 0.0233459 0.0302712 0.0377316 0.0451965 0.052044 0.0576974 0.0617247 0.0639027 0.0642513 0.0630146 0.060581 0.0573827 0.0538134 0.0501707 0.0466035 0.0430665 0.0393202 0.0350279 0.029953 0.0241624 0.0180945
 0.00535204 0.00863892 0.0129302 0.0182358 0.0245362 0.0317024 0.0393972 0.0470699 0.0540661 0.0597717 0.0637241 0.0656872 0.0656913 0.0640098 0.0610669 0.0573228 0.0531856 0.0489595 0.0448088 0.0407302 0.0365574 0.0320414 0.0270095 0.0215314 0.0159737
 0.00563309 0.00909374 0.0136101 0.0191855 0.0257835 0.0332438 0.0411854 0.0490141 0.0560503 0.0616809 0.0654613 0.0671741 0.0668595 0.064795 0.0614116 0.0571816 0.0525289 0.0477734 0.0431005 0.0385434 0.0339966 0.0292853 0.0242951 0.019102 0.0140112
 0.00593525 0.00956498 0.0142842 0.0200862 0.0269272 0.0346408 0.0428311 0.0508729 0.0580408 0.063675 0.0673026 0.0687117 0.0679809 0.0654408 0.0615667 0.0568537 0.0517294 0.0465125 0.0413954 0.0364386 0.0315868 0.0267285 0.0217984 0.0168777 0.0122182
 0.00611876 0.00986628 0.014743 0.0207409 0.0278075 0.0357562 0.044161 0.0523656 0.0596231 0.0652654 0.0688173 0.0700625 0.0690746 0.0661888 0.061901 0.0567382 0.0511587 0.0455021 0.0399763 0.0346636 0.029546 0.0245602 0.0196798 0.014989 0.0106941
