SBPRF35
10.4322
Curr Bio
641955
B35
792891
F35
0.185765
FOFL
0.154811
OFL
83391.6
Bzero
2.98062e+06
#pred survey bio
 3.89628e+06 3.76099e+06 3.62402e+06 3.43456e+06 3.19917e+06 2.94478e+06 2.67329e+06 2.39833e+06 2.15416e+06 1.92962e+06 1.71173e+06 1.53105e+06 1.35997e+06 1.19359e+06 1.06055e+06 926233 821205 742038 693642 664411 643803 622104 601151 592256 574933 576260 571991 562136 554305 553412 553358 558956 564610 559155 554908 540518 529406 514869 518417 523325 524801 529672 536474 534644 540540 542356 548802 557086 562322 561755 576602 589336 584587 646708 2.35091e+07 1.43015e+07 1.46864e+07 1.55368e+07 1.66769e+07 1.78939e+07 1.90394e+07 2.00358e+07 2.08577e+07 2.15115e+07 2.20187e+07 2.24055e+07 2.26972e+07 2.29157e+07 2.30789e+07 2.32008e+07 2.32919e+07 2.33602e+07 2.34117e+07 2.34506e+07 2.34802e+07 2.35029e+07 2.35203e+07 2.35337e+07 2.35442e+07 2.35523e+07 2.35586e+07 2.35636e+07 2.35675e+07 2.35705e+07 2.3573e+07 2.35749e+07 2.35764e+07 2.35776e+07 2.35786e+07 2.35794e+07 2.358e+07 2.35805e+07 2.35809e+07 2.35812e+07 2.35814e+07 2.35816e+07 2.35818e+07 2.35819e+07 2.3582e+07 2.35821e+07 2.35822e+07 2.35822e+07 2.35823e+07 2.35823e+07 2.35823e+07 2.35824e+07 2.35824e+07 2.35824e+07 2.35824e+07 2.35824e+07 2.35824e+07 2.35824e+07 2.35824e+07 2.35824e+07 2.35824e+07 2.35824e+07 2.35824e+07 2.35824e+07 2.35825e+07 2.35825e+07 2.35825e+07 2.35825e+07 2.35825e+07 2.35825e+07 2.35825e+07 2.35825e+07 2.35825e+07 2.35825e+07 2.35825e+07 2.35825e+07 2.35825e+07 2.35825e+07 2.35825e+07 2.35825e+07 2.35825e+07 2.35825e+07 2.35825e+07 2.35825e+07 2.35825e+07 2.35825e+07 2.35825e+07 2.35825e+07 2.35825e+07 2.35825e+07 2.35825e+07 2.35825e+07 2.35825e+07 2.35825e+07 2.35825e+07 2.35825e+07 2.35825e+07 2.35825e+07 2.35825e+07 2.35825e+07 0 0 0 0 0 0 0 0 0 0 0 0 0 0 0 0 0 0 0 0 0 0 0 0 0
#obs survey bio
 2.98586e+06 3.71642e+06 3.34358e+06 1.99245e+06 3.24079e+06 3.502e+06 2.39866e+06 2.17614e+06 1.99413e+06 1.57807e+06 1.39724e+06 1.09981e+06 1.35313e+06 966279 1.09737e+06 1.53558e+06 631934 842794 718782 813504 521293 532281 523555 491617 471681 551149 621512 334498 630638 377370 510249 474961 466116 484298 567635 595546 425211 409969 687236 658931 655900 578310 632876 785153 447888 596305 492724 441354 509100 614277 677403 474851 562656 741210
#pred catch bio
 95657.7 97817.3 152174 206842 241659 277993 303374 296689 297721 307115 285175 283303 280986 250431 247389 216255 188629 157707 138082 128660 127964 125422 113440 118505 101173 105216 108894 106065 99194.1 97491.2 91770 90622 97613.4 93032.6 97865.4 93223.2 97743.2 85619.9 86980 90420.9 87170.9 85372.5 92659.8 86672.4 91433 89186.4 89652.2 93753.3 99403.9 87732 91887.7 108367 55169.5 87380.1 83391.6 99937.7 101543 106154 113344 121307 128791 135197 140359 144341 147318 149491 151047 152145 152912 153442 153806 154055 154223 154338 154415 154467 154502 154525 154541 154551 154558 154563 154566 154568 154569 154570 154571 154571 154571 154572 154572 154572 154572 154572 154572 154572 154572 154572 154572 154572 154572 154572 154572 154572 154572 154572 154572 154572 154572 154572 154572 154572 154572 154572 154572 154572 154572 154572 154572 154572 154572 154572 154572 154572 154572 154572 154572 154572 154572 154572 154572 154572 154572 154572 154572 154572 154572 154572 154572 154572 154572 154572 154572 154572 154572 154572 154572 154572 154572 154572 154572 154572 154572 154572 0 0 0 0 0 0 0 0 0 0 0 0 0 0 0 0 0 0 0 0 0 0 0 0 0
#obs catch bio
 0 97542.6 152669 208083 243209 280103 307241 301975 302685 314378 292359 291278 288094 256230 252538 218101 191726 159447 139400 129298 129393 126888 114769 120075 101862 105967 109495 107519 100134 98786.2 92530.2 91436.5 98696.2 93240.9 97959.6 93228.9 97785.3 85590.7 86628.6 90005.2 86633 84564.1 91729.9 85872.5 91000 88698.5 89618.9 93941.6 99289.6 87525.5 91477 109188 54769.3 87655.6
#pred cpue bio
 3.83705e+06 3.70426e+06 3.56944e+06 3.38076e+06 3.14595e+06 2.89228e+06 2.62161e+06 2.34753e+06 2.10424e+06 1.88073e+06 1.66424e+06 1.48504e+06 1.31608e+06 1.15235e+06 1.02171e+06 890315 787701 710498 663571 635383 615383 594192 573829 565378 548841 550312 546286 536698 529101 528447 528707 534476 540412 535737 532347 518911 507738 492295 494772 499534 501365 506455 513228 511371 516866 518330 524257 532052 537061 536456 550737 562867 557852 618374 2.25514e+07 1.37539e+07 1.40379e+07 1.47479e+07 1.58307e+07 1.70323e+07 1.81744e+07 1.91701e+07 1.99918e+07 2.06456e+07 2.11528e+07 2.15396e+07 2.18313e+07 2.20498e+07 2.2213e+07 2.23349e+07 2.2426e+07 2.24943e+07 2.25458e+07 2.25847e+07 2.26143e+07 2.2637e+07 2.26544e+07 2.26678e+07 2.26783e+07 2.26864e+07 2.26927e+07 2.26977e+07 2.27016e+07 2.27047e+07 2.27071e+07 2.2709e+07 2.27105e+07 2.27118e+07 2.27127e+07 2.27135e+07 2.27141e+07 2.27146e+07 2.2715e+07 2.27153e+07 2.27156e+07 2.27158e+07 2.27159e+07 2.2716e+07 2.27161e+07 2.27162e+07 2.27163e+07 2.27164e+07 2.27164e+07 2.27164e+07 2.27165e+07 2.27165e+07 2.27165e+07 2.27165e+07 2.27165e+07 2.27165e+07 2.27165e+07 2.27165e+07 2.27165e+07 2.27165e+07 2.27166e+07 2.27166e+07 2.27166e+07 2.27166e+07 2.27166e+07 2.27166e+07 2.27166e+07 2.27166e+07 2.27166e+07 2.27166e+07 2.27166e+07 2.27166e+07 2.27166e+07 2.27166e+07 2.27166e+07 2.27166e+07 2.27166e+07 2.27166e+07 2.27166e+07 2.27166e+07 2.27166e+07 2.27166e+07 2.27166e+07 2.27166e+07 2.27166e+07 2.27166e+07 2.27166e+07 2.27166e+07 2.27166e+07 2.27166e+07 2.27166e+07 2.27166e+07 2.27166e+07 2.27166e+07 2.27166e+07 2.27166e+07 2.27166e+07 2.27166e+07 2.27166e+07 2.27166e+07 0 0 0 0 0 0 0 0 0 0 0 0 0 0 0 0 0 0 0 0 0 0 0 0 0
#obs cpue bio
 3.80217e+06 3.82108e+06 2.13025e+06 3.77805e+06 2.75041e+06 2.41281e+06 1.71527e+06 1.20837e+06 2.38186e+06 1.30376e+06 1.23466e+06 1.44849e+06 1.3839e+06 1.03951e+06 1.03249e+06 787274 547943 618240 558369 605364 466534 591614 463823 639810 656478 567368 533270 438312 479768 511291 643407 499583 580748 961684 630432 449769 723824 549905 554969 465343 479209 655173 574661 339481 526067 513108 400953 562926 847315 457121 594009 474436 552888 653611
#pred surv len freq
 0.00490682 0.00795329 0.0119462 0.0168621 0.0225859 0.0288363 0.0351329 0.0409064 0.0457077 0.0493557 0.0519232 0.053618 0.0546715 0.0552769 0.055563 0.0555872 0.0553447 0.0547808 0.0537827 0.0521409 0.0495243 0.0455474 0.0399697 0.0329452 0.0251313
 0.00512198 0.00821068 0.0121677 0.0169311 0.0223948 0.0283524 0.0344404 0.040186 0.0451554 0.0490872 0.0519242 0.0537676 0.0548172 0.0553147 0.0554833 0.0554706 0.0553161 0.0549438 0.0541628 0.0526669 0.0500579 0.0459483 0.0401593 0.0329318 0.0249879
 0.00536435 0.0086032 0.0127485 0.0177154 0.0233504 0.0293764 0.0353587 0.0407995 0.0453247 0.0488078 0.0513323 0.0530641 0.0541608 0.0547599 0.0549978 0.0550042 0.0548617 0.0545469 0.0538819 0.0525205 0.0500024 0.0459006 0.0400472 0.032734 0.0247366
 0.00557429 0.00894741 0.0132727 0.0184656 0.0243643 0.0306651 0.0368816 0.0424418 0.0468972 0.0500809 0.0521043 0.0532346 0.0537671 0.0539489 0.0539494 0.0538609 0.0537058 0.0534228 0.0528248 0.0515613 0.0491539 0.0451511 0.0393754 0.0321316 0.024217
 0.00581835 0.00933609 0.0138437 0.0192513 0.02539 0.0319435 0.0384036 0.0441647 0.048735 0.0518994 0.0537244 0.0544557 0.0544141 0.0539282 0.0532831 0.0526742 0.0521743 0.0517163 0.0510755 0.0498618 0.0475672 0.04372 0.0381294 0.0310922 0.0233979
 0.00612324 0.00981567 0.0145358 0.0201818 0.0265696 0.0333652 0.0400363 0.0459516 0.0505979 0.0537466 0.0554533 0.0559468 0.0555279 0.0545196 0.0532373 0.0519489 0.0508234 0.0498778 0.0489319 0.0475975 0.0453416 0.0416598 0.0363292 0.0296141 0.0222673
 0.00643958 0.0103242 0.0152901 0.0212268 0.0279328 0.0350423 0.0419782 0.0480618 0.0527484 0.0558052 0.057305 0.0574996 0.0567024 0.0552342 0.0534036 0.0514869 0.0496931 0.0481109 0.0466451 0.0449764 0.0426063 0.0390276 0.0339829 0.0276789 0.0207977
 0.00674091 0.0108113 0.0160186 0.0222479 0.029285 0.036738 0.0439869 0.0503011 0.0550909 0.0580984 0.0593965 0.0592569 0.0580237 0.056047 0.053654 0.0511282 0.0486881 0.0464525 0.0443862 0.0422516 0.039628 0.0360523 0.0312601 0.0253991 0.019057
 0.00705684 0.0113089 0.0167387 0.0232206 0.0305285 0.0382551 0.045758 0.0522766 0.0571898 0.0602146 0.061408 0.0610371 0.0594527 0.0570222 0.0540957 0.050979 0.0479097 0.0450304 0.0423485 0.0396948 0.0367321 0.0330671 0.0284575 0.023008 0.0172094
 0.00732906 0.0117521 0.0174062 0.0241613 0.0317761 0.0398125 0.0475829 0.0542804 0.0592545 0.0622193 0.0632484 0.0626286 0.0607228 0.0579022 0.0545181 0.0508807 0.0472388 0.0437569 0.0404809 0.037304 0.0339701 0.0301636 0.0256813 0.020602 0.0153273
 0.00756855 0.0121451 0.018005 0.025018 0.032934 0.0412909 0.0493598 0.0562826 0.0613639 0.0642927 0.0651429 0.0642231 0.0619305 0.0586701 0.0548161 0.0506865 0.0465295 0.0425125 0.0387032 0.0350436 0.031352 0.0273907 0.0230041 0.0182581 0.0134764
 0.00771557 0.0123909 0.0183886 0.0255825 0.033721 0.0423302 0.0506565 0.057808 0.0630544 0.0660555 0.0668654 0.0657853 0.063219 0.0595921 0.0553072 0.0507094 0.046065 0.041553 0.0372576 0.0331562 0.0291257 0.0249968 0.0206616 0.0161825 0.0118201
 0.00787847 0.0126555 0.018787 0.0261455 0.0344747 0.0432883 0.051812 0.0591281 0.0644831 0.0675208 0.0682871 0.0670805 0.0643055 0.0603931 0.0557571 0.0507587 0.0456823 0.0407258 0.0359958 0.0315027 0.027172 0.022891 0.018593 0.0143403 0.0103417
 0.00808619 0.0129899 0.0192838 0.0268355 0.0353774 0.0444027 0.0531069 0.0605397 0.0659239 0.0688975 0.0695168 0.0680984 0.0650656 0.0608636 0.0559142 0.0505825 0.0451566 0.0398413 0.0347589 0.0299487 0.0253788 0.0209848 0.016735 0.0126917 0.00901977
 0.00818304 0.0131576 0.0195555 0.0272492 0.0359685 0.0451921 0.054088 0.0616727 0.0671403 0.0701128 0.0706446 0.0690624 0.065807 0.0613436 0.0561116 0.0504874 0.0447637 0.039149 0.033774 0.0286988 0.023926 0.0194317 0.0152143 0.0113368 0.00792925
 0.00845854 0.0135787 0.02014 0.0279978 0.0368681 0.0462209 0.0552161 0.0628581 0.068326 0.0712283 0.0716138 0.0698149 0.0662892 0.0615264 0.0559912 0.0500787 0.0440912 0.0382387 0.0326529 0.0274023 0.0225097 0.0179789 0.0138297 0.0101249 0.00696487
 0.00863688 0.0138707 0.0205821 0.0286215 0.03769 0.0472285 0.0563577 0.0640469 0.0694609 0.0722213 0.0724073 0.0703807 0.0666164 0.0616102 0.05583 0.0496771 0.0434627 0.0374057 0.0316455 0.0262598 0.0212857 0.0167445 0.0126691 0.009119 0.00616976
 0.00874207 0.0140373 0.0208255 0.0289559 0.0381283 0.0477815 0.0570287 0.064823 0.0703061 0.0730755 0.0731957 0.0710305 0.067073 0.0618456 0.0558388 0.0494677 0.0430497 0.0368077 0.0308875 0.0253769 0.0203266 0.0157719 0.0117538 0.00832647 0.00554427
 0.00886404 0.014206 0.0210255 0.0291562 0.0382944 0.0478928 0.0570924 0.0648756 0.0704003 0.0732598 0.0734945 0.0714326 0.0675333 0.0622972 0.0562118 0.0497053 0.0431164 0.0366902 0.030592 0.0249274 0.0197638 0.0151514 0.011139 0.0077767 0.00510125
 0.00903244 0.0144504 0.0213374 0.029506 0.0386355 0.0481721 0.057263 0.0649091 0.0702986 0.073062 0.0732709 0.0712637 0.0674803 0.062379 0.0563996 0.0499359 0.0433155 0.0367946 0.0305634 0.024757 0.0194711 0.0147775 0.0107372 0.0073996 0.00478812
 0.00911481 0.014587 0.0215467 0.0298024 0.0390215 0.0486277 0.0577386 0.0653307 0.0705882 0.0731649 0.0731777 0.0710154 0.0671542 0.0620613 0.0561562 0.0497921 0.0432533 0.0367661 0.0305134 0.0246446 0.0192817 0.0145248 0.0104544 0.00712607 0.00455631
 0.00911692 0.0146046 0.0215993 0.029918 0.0392297 0.0489487 0.0581713 0.0658451 0.0711256 0.0736476 0.0735266 0.0711725 0.0671017 0.0618295 0.0558124 0.0494154 0.0429057 0.0364751 0.0302721 0.0244269 0.0190623 0.0142935 0.0102194 0.00690716 0.00437322
 0.00910273 0.0145852 0.0215779 0.0299024 0.0392338 0.0489929 0.05828 0.0660405 0.071417 0.0740208 0.0739389 0.0715588 0.0673923 0.0619723 0.055791 0.0492529 0.0426532 0.0361894 0.0299949 0.0241759 0.0188367 0.0140866 0.0100292 0.00673906 0.00423565
 0.00903394 0.0144739 0.0214122 0.0296735 0.0389409 0.0486486 0.0579161 0.0657075 0.0711756 0.0739263 0.0740241 0.0718214 0.0677921 0.0624398 0.0562468 0.0496316 0.0429202 0.0363441 0.0300599 0.0241804 0.0188039 0.014031 0.00996063 0.00666668 0.00416881
 0.00915345 0.014644 0.021623 0.0298992 0.039145 0.0487944 0.0579762 0.0656704 0.0710488 0.0737362 0.0738126 0.0716367 0.0676741 0.0624065 0.0562879 0.0497132 0.0429999 0.036388 0.0300533 0.0241279 0.0187213 0.0139359 0.00986688 0.00658349 0.00410143
 0.00912969 0.0146067 0.0215688 0.0298245 0.0390446 0.0486614 0.0578032 0.0654536 0.0707939 0.0734631 0.0735557 0.0714387 0.067575 0.0624323 0.0564414 0.0499715 0.0433195 0.0367169 0.0303459 0.0243556 0.0188761 0.0140256 0.00990779 0.0065933 0.00409516
 0.00919438 0.0147006 0.0216891 0.0299608 0.0391814 0.0487817 0.057891 0.0654948 0.0707758 0.0733769 0.0734003 0.0712263 0.0673336 0.0622011 0.0562611 0.049871 0.0433064 0.0367759 0.030446 0.0244627 0.0189642 0.0140828 0.00993482 0.00659852 0.00408868
 0.00917385 0.0146891 0.021711 0.0300498 0.0393683 0.049077 0.0582717 0.0659055 0.0711454 0.0736409 0.0735186 0.0711884 0.0671555 0.061919 0.0559234 0.04953 0.0430069 0.0365455 0.0302906 0.0243698 0.0189122 0.0140513 0.00991069 0.00657668 0.00406913
 0.00910031 0.0145778 0.0215606 0.0298687 0.0391775 0.0489109 0.0581747 0.06592 0.0712942 0.0739111 0.0738592 0.0715266 0.0674229 0.0620734 0.0559581 0.0494682 0.042889 0.0364139 0.0301773 0.0242901 0.0188657 0.0140282 0.00989947 0.00656943 0.00406254
 0.0090295 0.0144588 0.0213751 0.0295993 0.0388148 0.048463 0.0576762 0.0654332 0.0708976 0.0736789 0.0738382 0.0717196 0.0677865 0.0625321 0.0564291 0.0498863 0.043221 0.0366582 0.030352 0.0244183 0.0189648 0.0141067 0.00995975 0.00661197 0.00408927
 0.008968 0.0143618 0.0212342 0.0294075 0.0385661 0.0481534 0.0573072 0.0650173 0.0704643 0.073276 0.0735264 0.0715581 0.0678134 0.0627492 0.0567978 0.0503402 0.043688 0.0370815 0.0307017 0.0246892 0.0191666 0.0142533 0.0100633 0.00668191 0.00413334
 0.00880388 0.0141136 0.0208956 0.0289851 0.0380778 0.0476243 0.0567669 0.064498 0.0699985 0.0728944 0.0732565 0.0714251 0.0678401 0.0629497 0.0571683 0.0508511 0.0442852 0.0376987 0.0312777 0.0251821 0.0195583 0.0145453 0.0102686 0.00681779 0.00421747
 0.00853228 0.013705 0.0203424 0.0283036 0.0373048 0.0468103 0.0559703 0.0637803 0.0694171 0.0724925 0.0730558 0.0714263 0.0680296 0.0633083 0.0576748 0.0514799 0.0450005 0.0384523 0.0320137 0.0258479 0.0201163 0.0149791 0.0105817 0.0070276 0.00434766
 0.00836143 0.0134345 0.0199501 0.0277767 0.0366461 0.0460452 0.0551517 0.0629851 0.0687299 0.0719835 0.072765 0.0713601 0.0681695 0.0636234 0.0581318 0.0520473 0.0456475 0.0391444 0.0327099 0.0265036 0.0206909 0.0154452 0.0109305 0.00726761 0.00449916
 0.00833188 0.0133639 0.0198021 0.0275043 0.0362039 0.0454093 0.0543379 0.0620552 0.0677814 0.0711275 0.0721016 0.0709594 0.0680612 0.0637968 0.0585453 0.0526428 0.0463632 0.0399219 0.0334958 0.0272487 0.0213527 0.0159926 0.0113494 0.00756238 0.00468887
 0.00901654 0.0143355 0.0210009 0.0287811 0.0373559 0.0462419 0.0547188 0.0619368 0.0671953 0.0701668 0.0709016 0.0696755 0.0668432 0.0627636 0.0577688 0.0521449 0.0461253 0.039899 0.0336303 0.0274808 0.0216265 0.0162615 0.0115805 0.0077391 0.0048098
 0.00966201 0.0153491 0.0224516 0.0306881 0.0396603 0.0487783 0.0572044 0.0640089 0.0685059 0.0704978 0.0702346 0.0681821 0.0648098 0.0605005 0.0555424 0.0501446 0.0444581 0.0386005 0.0326841 0.0268378 0.0212227 0.0160308 0.0114635 0.0076888 0.00479327
 0.00962255 0.0153884 0.0227013 0.0313315 0.0408821 0.0506821 0.0597359 0.0669283 0.0714267 0.0729774 0.0718835 0.0687584 0.0642746 0.0590146 0.0534063 0.0477076 0.0420333 0.0364141 0.0308615 0.0254184 0.0201845 0.0153168 0.0110026 0.00741054 0.00463687
 0.00923906 0.0148104 0.0219238 0.0304011 0.0399106 0.0498519 0.0592856 0.0670996 0.0723751 0.0746794 0.0740994 0.0710852 0.066271 0.0603403 0.0539135 0.0474548 0.0412294 0.0353277 0.0297371 0.0244256 0.0194061 0.014765 0.0106459 0.00719961 0.00452279
 0.00903254 0.0144683 0.0213993 0.0296527 0.0389195 0.048649 0.0579768 0.0658745 0.071481 0.0743607 0.0745175 0.0722463 0.0679965 0.0623036 0.0557393 0.0488397 0.0420285 0.0355708 0.0295776 0.0240586 0.0189984 0.014419 0.0104001 0.00704852 0.00444151
 0.00897727 0.0143713 0.0212385 0.0293995 0.0385411 0.0481147 0.0572715 0.0650155 0.0705356 0.0734555 0.0738273 0.0719543 0.0682307 0.0630749 0.0569151 0.0501767 0.0432567 0.0364878 0.0301069 0.0242459 0.0189606 0.0142814 0.010253 0.0069361 0.00437205
 0.00903428 0.0144397 0.0212961 0.0294092 0.0384587 0.0479018 0.0569069 0.0645 0.0698913 0.0727262 0.0730827 0.071295 0.0677801 0.0629498 0.0571793 0.0508011 0.0441136 0.0373914 0.0308828 0.0247912 0.0192637 0.0143983 0.010263 0.00690531 0.0043385
 0.00909341 0.0145294 0.0214178 0.0295562 0.0386129 0.0480322 0.0569701 0.0644482 0.0696862 0.0723544 0.0725662 0.0706909 0.0671737 0.0624422 0.0568683 0.050754 0.0443385 0.0378258 0.0314111 0.0252893 0.0196448 0.0146348 0.0103774 0.00694243 0.0043397
 0.00923227 0.0147433 0.0217172 0.0299415 0.0390728 0.0485417 0.0574882 0.0649169 0.0700364 0.0725188 0.0724964 0.070373 0.0666377 0.0617614 0.0561471 0.0501051 0.043854 0.0375504 0.0313303 0.0253409 0.0197491 0.0147282 0.0104304 0.0069562 0.00433058
 0.00929376 0.0148387 0.0218524 0.030119 0.0392918 0.0487977 0.0577716 0.0652116 0.0703185 0.0727567 0.0726532 0.070412 0.0665318 0.0615051 0.0557659 0.0496561 0.0434133 0.0371901 0.0310946 0.0252328 0.019736 0.0147624 0.0104715 0.00698309 0.00434042
 0.00937865 0.0149726 0.0220458 0.0303782 0.0396164 0.0491782 0.0581872 0.0656304 0.0707026 0.07307 0.0728662 0.0705035 0.066488 0.0613201 0.0554466 0.0492279 0.0429226 0.036698 0.0306607 0.0248975 0.0195101 0.0146294 0.0104014 0.00694744 0.00432049
 0.00936184 0.0149555 0.0220393 0.0303989 0.0396834 0.0493064 0.0583811 0.0658817 0.0709914 0.0733687 0.0731443 0.0707315 0.0666404 0.0613775 0.0553979 0.0490735 0.0426784 0.0363957 0.0303436 0.0246091 0.0192808 0.0144698 0.0103033 0.00689337 0.00429265
 0.00925751 0.0148043 0.0218464 0.0301828 0.0394726 0.0491336 0.058277 0.0658699 0.0710841 0.0735625 0.073419 0.0710528 0.0669671 0.0616691 0.0556212 0.0492071 0.0427152 0.0363448 0.030229 0.0244637 0.0191377 0.0143523 0.010221 0.00684344 0.00426603
 0.00925349 0.0147875 0.0218031 0.0300961 0.03933 0.0489367 0.0580487 0.0656524 0.0709263 0.0735037 0.0734762 0.0712173 0.0672095 0.0619487 0.0558952 0.0494382 0.0428776 0.0364277 0.0302376 0.0244167 0.0190611 0.0142712 0.0101529 0.00679535 0.00423686
 0.00935654 0.0149414 0.0220083 0.0303417 0.0395934 0.0491861 0.0582477 0.0657679 0.0709394 0.0734193 0.0733239 0.0710413 0.0670512 0.0618323 0.0558229 0.0493946 0.0428393 0.0363737 0.0301566 0.02431 0.0189404 0.0141532 0.0100521 0.00671981 0.00418691
 0.00940593 0.0150065 0.0220782 0.0303971 0.0396123 0.0491523 0.0581574 0.0656302 0.0707718 0.0732413 0.0731549 0.0709007 0.0669589 0.0618052 0.0558679 0.0495037 0.0429897 0.0365344 0.0302985 0.024414 0.0190014 0.0141779 0.0100534 0.0067105 0.004176
 0.00944027 0.0150661 0.0221737 0.0305379 0.0398003 0.0493752 0.0583851 0.0658193 0.0708798 0.0732431 0.0730511 0.0707159 0.0667309 0.0615737 0.0556664 0.0493541 0.0428994 0.0364962 0.0302944 0.0244232 0.0190077 0.0141739 0.01004 0.00669303 0.00415974
 0.0092471 0.0148213 0.0219328 0.0303935 0.0398553 0.0496989 0.0589774 0.0666026 0.0717226 0.0740009 0.0736055 0.0709991 0.0667334 0.061337 0.0552648 0.048872 0.0424112 0.0360539 0.0299244 0.0241304 0.0187838 0.0140064 0.00991735 0.00660638 0.0041019
 0.00814364 0.013157 0.0196754 0.0276149 0.0367306 0.0464906 0.056012 0.0642313 0.07025 0.0736016 0.0742713 0.0725504 0.0688873 0.0637915 0.057764 0.0512366 0.0445385 0.0378992 0.0314779 0.0253994 0.0197835 0.0147586 0.0104521 0.00696179 0.00432076
#obs surv len freq
 nan nan nan nan nan nan nan nan nan nan nan nan nan nan nan nan nan nan nan nan nan nan nan nan nan
 0.00448271 0.00734309 0.0111721 0.0159875 0.0216876 0.0279628 0.0342768 0.0400084 0.0446887 0.0481535 0.0505126 0.0520097 0.0529032 0.0534167 0.0537319 0.0539875 0.0542665 0.0545596 0.0546986 0.0542906 0.0527286 0.0493604 0.0438098 0.0362892 0.0276721
 0.00461081 0.00755378 0.0114933 0.0164459 0.0223017 0.028733 0.0351757 0.0409777 0.0456476 0.049015 0.0511998 0.0524674 0.0531032 0.0533581 0.0534366 0.0534926 0.0536154 0.0537946 0.0538587 0.0534126 0.051851 0.0485263 0.0430634 0.0356683 0.0271976
 0.00477514 0.00782094 0.0118956 0.0170136 0.0230578 0.0296843 0.0363023 0.0422279 0.0469416 0.0502564 0.0522895 0.0533161 0.0536414 0.0535443 0.0532612 0.0529762 0.0528019 0.0527428 0.0526341 0.0520847 0.0504943 0.0472201 0.0418866 0.0346858 0.0264453
 0.00496138 0.00812745 0.0123637 0.0176839 0.0239617 0.0308315 0.0376676 0.0437472 0.0485215 0.0517909 0.0536755 0.0544607 0.0544648 0.0539827 0.0532726 0.0525462 0.0519479 0.0515123 0.0511011 0.0503455 0.0486634 0.0454237 0.0402494 0.0333098 0.0253877
 0.00517939 0.0084823 0.0128988 0.0184405 0.024972 0.0321068 0.0391856 0.0454461 0.0503062 0.053549 0.0552937 0.0558359 0.055509 0.0546242 0.0534567 0.0522377 0.051136 0.050218 0.0493841 0.0483076 0.0464463 0.0431977 0.0381893 0.0315613 0.0240357
 0.00539938 0.0088454 0.0134553 0.0192405 0.0260556 0.033488 0.0408373 0.0472951 0.0522446 0.0554561 0.0570542 0.0573489 0.0566891 0.0553994 0.0537673 0.0520369 0.0503945 0.0489329 0.0475925 0.0460999 0.0439724 0.0406564 0.0357973 0.0295067 0.0224342
 0.0056453 0.00924516 0.0140572 0.0200905 0.0271893 0.0349189 0.0425421 0.0492071 0.0542606 0.0574539 0.0589112 0.058955 0.0579529 0.0562485 0.0541445 0.0518967 0.049702 0.0476719 0.0457812 0.0438121 0.0413522 0.0379142 0.0331764 0.0272286 0.0206426
 0.00589505 0.00965546 0.0146825 0.0209836 0.0283908 0.0364401 0.0443491 0.0512162 0.0563525 0.059498 0.0607868 0.0605611 0.0592081 0.0570877 0.0545152 0.0517558 0.0490149 0.0464177 0.0439674 0.0414981 0.0386707 0.0350735 0.0304304 0.024818 0.0187313
 0.00613513 0.0100503 0.0152853 0.0218472 0.0295578 0.037927 0.0461293 0.0532133 0.0584497 0.0615599 0.0626823 0.0621783 0.0604606 0.0579134 0.0548706 0.0516083 0.0483381 0.0451933 0.0421991 0.0392355 0.0360334 0.0322586 0.0276876 0.0223918 0.0167943
 0.00636356 0.0104266 0.0158609 0.0226734 0.0306761 0.0393534 0.0478384 0.0551321 0.0604676 0.0635492 0.064518 0.0637509 0.0616817 0.0587171 0.0552118 0.0514578 0.0476765 0.0440103 0.0405022 0.0370706 0.0335092 0.0295572 0.0250443 0.0200421 0.014909
 0.00662568 0.0108492 0.0164904 0.0235508 0.0318301 0.0407887 0.0495228 0.0569919 0.0623961 0.0654256 0.0662262 0.0651914 0.0627759 0.0594078 0.0554606 0.0512406 0.0469795 0.0428291 0.0388493 0.0349919 0.0311057 0.0269958 0.022541 0.0178151 0.0131187
 0.00682893 0.011192 0.0170286 0.0243427 0.032922 0.0421938 0.0512021 0.0588508 0.0643032 0.0672431 0.0678359 0.0665053 0.0637344 0.0599729 0.0556093 0.0509599 0.0462631 0.0416778 0.0372785 0.0330465 0.0288784 0.0246365 0.0202431 0.0157736 0.0114776
 0.00705822 0.0115637 0.0175865 0.0251279 0.0339666 0.0435097 0.0527667 0.0605984 0.0661282 0.0690157 0.0694233 0.0677923 0.0646388 0.0604505 0.0556488 0.0505708 0.0454635 0.0404889 0.0357283 0.0311837 0.0267896 0.0224555 0.018139 0.0139159 0.00998972
 0.00726958 0.011911 0.0181157 0.0258827 0.0349784 0.0447824 0.054263 0.0622374 0.0678 0.0706037 0.0708232 0.0689193 0.065428 0.0608572 0.0556502 0.0501662 0.0446705 0.0393375 0.0342587 0.0294529 0.0248824 0.0204916 0.0162643 0.0122732 0.00868087
 0.00745048 0.0122086 0.0185699 0.0265328 0.0358548 0.0458942 0.0555843 0.063702 0.0693096 0.0720469 0.0720945 0.0699336 0.0661255 0.0612034 0.0556317 0.0497854 0.0439427 0.0382893 0.0329303 0.0279019 0.0231909 0.0187681 0.0146345 0.0108561 0.00755862
 0.00753321 0.0123471 0.0187863 0.026852 0.0363014 0.0464865 0.0563274 0.0645822 0.0702927 0.0730805 0.0731126 0.0708624 0.0668922 0.0617443 0.0558995 0.0497525 0.0436009 0.0376484 0.0320184 0.0267681 0.0219085 0.0174338 0.0133582 0.0097395 0.00667151
 0.00757873 0.0124156 0.0188801 0.0269715 0.0364488 0.0466693 0.0565604 0.0648855 0.0706856 0.0735733 0.0736983 0.0715127 0.0675577 0.0623602 0.0563954 0.0500639 0.0436788 0.0374668 0.0315777 0.0260976 0.0210662 0.0165028 0.0124344 0.00891306 0.00600575
 0.0076304 0.0124899 0.0189739 0.0270757 0.0365508 0.0467579 0.056631 0.0649435 0.070748 0.0736669 0.0738538 0.0717541 0.0678912 0.0627661 0.0568273 0.0504568 0.0439627 0.0375819 0.0314878 0.0257986 0.0205892 0.0159096 0.011805 0.00832668 0.00552118
 0.00773366 0.0126479 0.0191927 0.0273523 0.0368721 0.0471001 0.0569608 0.0652227 0.0709433 0.0737621 0.0738581 0.0717003 0.0678241 0.0627266 0.0568366 0.050508 0.0440216 0.0375979 0.031411 0.0255973 0.020262 0.0154877 0.0113433 0.00788645 0.00515146
 0.00778724 0.0127372 0.0193304 0.0275502 0.0371365 0.0474259 0.0573261 0.0655893 0.0712649 0.0739964 0.0739791 0.0717053 0.0677335 0.0625774 0.0566712 0.0503594 0.0439021 0.0374954 0.031295 0.0254345 0.020033 0.0151973 0.0110201 0.00757125 0.00488134
 0.00782683 0.0127978 0.0194152 0.0276606 0.0372734 0.0475907 0.0575199 0.0658099 0.0715024 0.0742311 0.0741829 0.0718488 0.0677959 0.0625543 0.0565767 0.0502205 0.0437475 0.0373431 0.0311466 0.025278 0.0198535 0.0149896 0.0107947 0.00735058 0.00468961
 0.0078414 0.012817 0.0194357 0.027677 0.0372801 0.047585 0.0575051 0.0657964 0.0715053 0.0742655 0.0742575 0.0719609 0.0679296 0.062685 0.0566804 0.0502824 0.0437659 0.0373256 0.0311024 0.0252113 0.0197637 0.0148766 0.0106646 0.00721696 0.00456868
 0.00786366 0.0128491 0.0194762 0.0277215 0.0373215 0.0476153 0.057517 0.0657858 0.0714737 0.0742214 0.0742164 0.0719396 0.0679406 0.0627305 0.0567502 0.0503584 0.0438294 0.0373637 0.0311103 0.0251898 0.0197163 0.0148081 0.0105822 0.00713042 0.00448902
 0.00787826 0.0128701 0.0195028 0.0277508 0.037349 0.0476357 0.0575254 0.0657779 0.0714476 0.0741787 0.0741629 0.0718861 0.0679003 0.0627152 0.0567659 0.0504023 0.0438901 0.0374256 0.0311587 0.0252152 0.0197156 0.0147838 0.0105407 0.00708084 0.00444037
 0.00790145 0.0129046 0.0195486 0.0278055 0.037408 0.0476929 0.0575739 0.0658109 0.0714592 0.0741658 0.0741263 0.0718308 0.0678352 0.0626517 0.0567152 0.0503725 0.0438832 0.0374367 0.0311777 0.025231 0.0197198 0.0147732 0.0105173 0.00705001 0.00440877
 0.00791862 0.0129287 0.0195779 0.0278356 0.0374336 0.0477091 0.0575777 0.0658019 0.071439 0.0741373 0.0740925 0.0717949 0.0678 0.0626204 0.0566915 0.0503602 0.0438851 0.0374525 0.0312033 0.0252592 0.0197427 0.0147854 0.0105174 0.00704078 0.00439481
 0.00789883 0.0128993 0.0195385 0.0277876 0.0373792 0.0476505 0.0575166 0.0657403 0.0713801 0.0740858 0.0740545 0.0717755 0.0678023 0.0626439 0.056733 0.0504152 0.0439493 0.037522 0.031274 0.0253259 0.0198001 0.0148289 0.0105454 0.00705472 0.00439864
 0.0078725 0.0128522 0.0194602 0.0276673 0.0372094 0.0474334 0.0572683 0.0654891 0.0711595 0.0739242 0.0739683 0.0717675 0.0678647 0.0627632 0.0568933 0.0506003 0.0441441 0.0377139 0.0314528 0.0254841 0.0199322 0.0149319 0.0106192 0.00710249 0.00442602
 0.00785125 0.0128157 0.0194016 0.0275782 0.0370819 0.0472619 0.0570534 0.0652407 0.0708979 0.0736782 0.0737698 0.0716439 0.0678322 0.0628226 0.0570316 0.0507961 0.0443731 0.0379532 0.0316835 0.0256921 0.0201082 0.0150712 0.0107216 0.00717169 0.00446851
 0.00785718 0.0128213 0.0194023 0.027567 0.03705 0.0472014 0.0569589 0.0651112 0.0707371 0.0734955 0.0735805 0.071469 0.0676953 0.0627448 0.0570256 0.050862 0.0444993 0.03812 0.0318684 0.0258743 0.0202717 0.0152062 0.0108241 0.00724302 0.00451372
 0.00783013 0.0127778 0.0193378 0.0274775 0.036933 0.047057 0.0567913 0.0649289 0.0705522 0.0733211 0.0734292 0.0713517 0.0676212 0.0627219 0.0570598 0.0509555 0.0446477 0.0383113 0.032084 0.0260929 0.0204735 0.0153767 0.0109564 0.0073369 0.00457449
 0.00781012 0.0127436 0.0192834 0.0273965 0.0368204 0.0469119 0.0566188 0.0647406 0.0703639 0.073149 0.0732865 0.0712477 0.0675614 0.0627091 0.0570953 0.051039 0.0447765 0.0384787 0.0322781 0.0262972 0.0206698 0.0155491 0.0110944 0.00743766 0.00464128
 0.00777022 0.0126786 0.0191854 0.0272586 0.0366383 0.0466867 0.05636 0.0644666 0.0700992 0.0729195 0.073114 0.0711464 0.0675364 0.0627574 0.0572082 0.0512049 0.0449831 0.0387135 0.032528 0.0265472 0.0209042 0.0157534 0.0112587 0.00755869 0.00472246
 0.00772454 0.0126044 0.019074 0.0271023 0.0364323 0.0464322 0.0560668 0.0641541 0.0697938 0.0726496 0.0729048 0.0710165 0.067496 0.0628073 0.0573405 0.0514055 0.0452339 0.0389954 0.0328221 0.0268358 0.0211705 0.0159836 0.0114437 0.00769548 0.00481492
 0.00934178 0.01487 0.021812 0.029924 0.0388492 0.0480352 0.0566692 0.0638189 0.0687526 0.0711834 0.0712567 0.0693589 0.0659364 0.0614071 0.0561307 0.0503961 0.0444207 0.038364 0.032352 0.0265027 0.0209487 0.0158467 0.0113669 0.00765734 0.00479879
 0.00930344 0.0151077 0.0226989 0.0319249 0.0423187 0.0529449 0.0624342 0.069393 0.0730006 0.0733289 0.0711381 0.0673716 0.0627583 0.0577084 0.0524076 0.0469428 0.0413779 0.0357801 0.0302269 0.0248118 0.0196531 0.0148975 0.0107073 0.00722665 0.00453678
 0.00898346 0.0146016 0.0219852 0.0310509 0.041455 0.0524238 0.0627102 0.0708797 0.0758211 0.0771302 0.0751341 0.0706418 0.0646313 0.0579954 0.0513719 0.0450838 0.0391966 0.0336427 0.0283403 0.0232605 0.0184477 0.0140095 0.0100893 0.00682296 0.00429129
 0.00880639 0.0143052 0.0215241 0.0303804 0.0405486 0.0513045 0.061492 0.0697965 0.0752089 0.0773349 0.0763565 0.0727892 0.0672832 0.0605389 0.0532505 0.0460104 0.0392116 0.0330141 0.0274005 0.0222811 0.0175916 0.0133427 0.0096147 0.00651122 0.00410221
 0.00873023 0.0141763 0.0213199 0.0300745 0.0401137 0.0507196 0.0607548 0.068939 0.0743163 0.0765578 0.0759012 0.0728658 0.0680135 0.0618644 0.054909 0.0476205 0.0404278 0.0336607 0.0275065 0.0220156 0.0171587 0.0129024 0.00925419 0.00625615 0.00394158
 0.00869136 0.0141097 0.0212129 0.0299123 0.0398811 0.0504043 0.0603511 0.0684512 0.073761 0.0759706 0.0753456 0.0724411 0.0678442 0.0620618 0.0555109 0.0485445 0.0414792 0.0346046 0.0281654 0.0223321 0.0171908 0.012767 0.00906432 0.00608487 0.00381813
 0.00868736 0.014101 0.0211953 0.0298794 0.0398244 0.050314 0.0602169 0.068264 0.0735152 0.0756669 0.0749964 0.0720765 0.0675178 0.0618485 0.055489 0.048762 0.0419189 0.0351743 0.0287293 0.0227684 0.0174403 0.0128438 0.00902865 0.00600371 0.00373826
 0.00868914 0.0141047 0.0212021 0.0298904 0.0398392 0.050329 0.0602245 0.0682525 0.0734706 0.0755763 0.0748518 0.0718795 0.0672836 0.0616098 0.0552948 0.0486667 0.0419618 0.0353567 0.0290059 0.023063 0.0176797 0.0129885 0.00908128 0.00599484 0.00370365
 0.00867906 0.0140903 0.0211844 0.0298715 0.0398223 0.0503175 0.0602202 0.0682551 0.0734761 0.0755766 0.074836 0.0718361 0.0672054 0.0614991 0.0551677 0.0485527 0.041896 0.0353663 0.0290949 0.0232072 0.0178366 0.0131173 0.00916068 0.00602668 0.00370423
 0.00867104 0.0140778 0.0211665 0.0298483 0.0397946 0.0502876 0.0601921 0.0682333 0.0734646 0.0755769 0.074845 0.0718463 0.0672069 0.0614828 0.0551302 0.0485001 0.0418445 0.0353371 0.0291045 0.0232583 0.0179153 0.0132004 0.00922736 0.0060673 0.00372122
 0.00865494 0.0140534 0.0211331 0.0298065 0.0397463 0.0502356 0.0601401 0.0681859 0.0734272 0.075554 0.0748396 0.0718581 0.0672318 0.0615133 0.0551575 0.0485181 0.0418531 0.0353429 0.0291182 0.0232878 0.0179612 0.0132545 0.0092779 0.00610516 0.00374367
 0.00864429 0.0140346 0.0211024 0.0297599 0.0396811 0.0501526 0.0600452 0.0680897 0.0733422 0.0754914 0.0748065 0.0718564 0.0672587 0.0615626 0.0552206 0.0485855 0.0419172 0.0354 0.0291692 0.0233364 0.0180102 0.0133032 0.00932215 0.00614037 0.00376755
 0.00864376 0.0140335 0.0211 0.0297548 0.0396714 0.0501355 0.0600175 0.0680494 0.0732898 0.0754314 0.0747469 0.0718067 0.0672272 0.0615534 0.0552332 0.0486155 0.0419577 0.0354445 0.0292132 0.0233781 0.0180493 0.0133396 0.00935454 0.00616675 0.00378657
 0.00864408 0.0140342 0.0211014 0.0297572 0.0396749 0.0501395 0.0600205 0.0680487 0.0732822 0.0754142 0.0747189 0.0717701 0.0671871 0.0615171 0.0552075 0.0486046 0.041962 0.0354612 0.0292377 0.0234063 0.018078 0.0133667 0.00937852 0.00618637 0.00380108
 0.00863308 0.0140187 0.0210824 0.0297373 0.0396573 0.050127 0.0600148 0.0680496 0.0732878 0.0754216 0.0747247 0.0717711 0.0671817 0.061506 0.0551939 0.0485931 0.041957 0.035465 0.0292502 0.023425 0.0180999 0.0133887 0.00939839 0.00620264 0.00381316
 0.00863308 0.0140187 0.0210824 0.0297373 0.0396573 0.050127 0.0600148 0.0680496 0.0732878 0.0754216 0.0747247 0.0717711 0.0671817 0.061506 0.0551939 0.0485931 0.041957 0.035465 0.0292502 0.023425 0.0180999 0.0133887 0.00939839 0.00620264 0.00381316
 0.0086329 0.014019 0.0210842 0.0297419 0.0396663 0.0501417 0.0600357 0.068076 0.0733174 0.0754504 0.074748 0.0717843 0.0671814 0.0614914 0.0551671 0.0485586 0.0419207 0.0354327 0.0292259 0.0234104 0.0180941 0.0133896 0.00940299 0.00620853 0.00381862
 0.00879695 0.0142771 0.0214553 0.0302346 0.0402739 0.0508356 0.0607614 0.0687565 0.0738686 0.0758025 0.0748629 0.0716618 0.0668531 0.0610093 0.0545909 0.0479457 0.0413198 0.0348802 0.0287456 0.0230145 0.0177849 0.0131613 0.00924462 0.00610588 0.0037569
 0.00834722 0.0135848 0.020489 0.0289991 0.0388178 0.049257 0.059208 0.0674116 0.0729131 0.0753647 0.0749824 0.0722842 0.0678554 0.0622385 0.0559 0.0492178 0.0424768 0.0358811 0.0295772 0.023681 0.0183 0.0135436 0.00951475 0.00628593 0.00386895
#pred catch len freq
 0.004673 0.00736117 0.0106727 0.0145014 0.0187813 0.0234741 0.0284965 0.0336759 0.0387799 0.0435777 0.04788 0.0515557 0.0545389 0.0568235 0.058441 0.0594317 0.0598261 0.0596286 0.0587843 0.0571224 0.0543231 0.0499923 0.0438838 0.0361767 0.0275982
 0.00489851 0.00764644 0.0109556 0.014684 0.0187692 0.0232316 0.0280816 0.0332243 0.0384393 0.0434308 0.0479049 0.0516457 0.0545659 0.0567084 0.0581941 0.0591498 0.0596469 0.0596642 0.0590618 0.057564 0.0547795 0.0503135 0.0439878 0.0360764 0.0273758
 0.00516524 0.00806271 0.011544 0.0154388 0.0196414 0.024118 0.0288322 0.0336829 0.0385104 0.043134 0.0473714 0.0510478 0.0540264 0.0562528 0.0577763 0.0587204 0.0592094 0.0592782 0.058797 0.0574436 0.054756 0.050295 0.0438942 0.0358836 0.0271184
 0.00542081 0.00846525 0.0121271 0.0162284 0.0206537 0.0253514 0.0302493 0.0351884 0.0399421 0.0442872 0.0480596 0.0511753 0.0536271 0.0554652 0.0567696 0.0576266 0.0581033 0.0582016 0.0577869 0.0565335 0.0539585 0.0495943 0.0432628 0.0353087 0.0266133
 0.00571281 0.00891683 0.0127653 0.0170677 0.0217002 0.0266074 0.0317108 0.0368327 0.0417101 0.0460661 0.0496782 0.0524259 0.0543175 0.0554842 0.0561278 0.0564461 0.0565633 0.0564778 0.0560176 0.0548156 0.052357 0.0481516 0.0420066 0.0342585 0.0257823
 0.00608095 0.00948099 0.0135516 0.0180807 0.0229285 0.0280311 0.0333044 0.0385622 0.0435284 0.0479076 0.0514514 0.0540047 0.0555422 0.0561825 0.0561596 0.0557525 0.0551943 0.0545788 0.0537847 0.0524479 0.0500264 0.0459933 0.0401203 0.032709 0.024596
 0.00647005 0.0100856 0.0144101 0.0192123 0.0243331 0.0296902 0.0351771 0.0405822 0.0456073 0.0499459 0.0533489 0.0556638 0.0568625 0.0570537 0.0564636 0.0553842 0.0540978 0.0527823 0.0514129 0.0497028 0.0471478 0.0432167 0.0376425 0.0306641 0.0230424
 0.00683126 0.0106501 0.0152189 0.0202923 0.0256982 0.0313406 0.0370926 0.0427117 0.0478641 0.0522114 0.0554866 0.0575366 0.0583486 0.0580522 0.0568906 0.0551664 0.0531776 0.0511411 0.0491032 0.04687 0.0440232 0.0400798 0.0347642 0.0282507 0.0211981
 0.00722407 0.0112526 0.01606 0.0213801 0.0270264 0.0328974 0.0388619 0.0446659 0.0499529 0.054355 0.0575757 0.0594408 0.059931 0.0591863 0.0574718 0.0551149 0.0524379 0.0496883 0.0469632 0.0441468 0.0409146 0.0368608 0.0317341 0.0256616 0.0191957
 0.00759226 0.0118275 0.0168818 0.0224716 0.0283923 0.0345226 0.0407074 0.0466667 0.0520236 0.0564021 0.0595061 0.0611639 0.0613557 0.0602195 0.0580218 0.0550981 0.0517872 0.0483641 0.044972 0.0415659 0.0379123 0.0336919 0.0286967 0.0230254 0.0171317
 0.00789407 0.0123035 0.017572 0.0234073 0.0295949 0.0359999 0.042445 0.0486171 0.0541023 0.0584933 0.0614789 0.0628919 0.0627334 0.0611692 0.0584874 0.0550347 0.0511537 0.0471286 0.043131 0.0391736 0.0351066 0.030698 0.025793 0.0204758 0.0151148
 0.00812683 0.0126706 0.0181049 0.0241316 0.0305307 0.0371611 0.0438332 0.0502132 0.055859 0.0603326 0.0632953 0.0645625 0.0641341 0.0621918 0.0590521 0.0550904 0.0506709 0.0460929 0.0415488 0.0370925 0.0326414 0.0280403 0.0231881 0.0181654 0.0132699
 0.00838892 0.0130769 0.0186804 0.0248889 0.0314726 0.0382824 0.0451195 0.0516365 0.0573749 0.0618807 0.0648015 0.0659426 0.0652985 0.0630531 0.0595328 0.0551309 0.0502323 0.0451587 0.0401282 0.0352329 0.0304452 0.0256736 0.0208636 0.0160955 0.0116089
 0.00864658 0.0134781 0.019252 0.0256457 0.0324172 0.0394052 0.0463953 0.0530212 0.0588061 0.0632849 0.066103 0.0670709 0.0661921 0.0636604 0.059811 0.055044 0.0497521 0.0442685 0.0388322 0.0335693 0.0285011 0.0235909 0.0188235 0.0142793 0.0101494
 0.00884598 0.0137934 0.0197105 0.0262682 0.0332163 0.0403817 0.0475319 0.0542776 0.0601195 0.0645769 0.0672907 0.0680774 0.0669555 0.0641381 0.0599782 0.0548881 0.0492663 0.0434502 0.0376889 0.0321323 0.0268403 0.0218218 0.0170952 0.0127419 0.00891329
 0.0091742 0.0142865 0.0203784 0.0270966 0.0341759 0.041441 0.0486638 0.0554548 0.0613047 0.0657158 0.068313 0.0689077 0.0675277 0.0644077 0.0599273 0.0545212 0.0486017 0.0425112 0.036503 0.030738 0.0253004 0.0202303 0.0155708 0.011403 0.00784525
 0.0093761 0.0146064 0.0208437 0.0277257 0.0349735 0.0423919 0.049728 0.0565696 0.062397 0.0667174 0.0691711 0.0695836 0.0679903 0.0646297 0.0598879 0.0542115 0.0480277 0.0416931 0.0354723 0.0295385 0.0239927 0.0188959 0.0143058 0.0103004 0.00697021
 0.00944702 0.0147193 0.0210106 0.02796 0.0352914 0.0428133 0.0502713 0.0572423 0.0631829 0.0675708 0.070021 0.0703498 0.0686025 0.0650394 0.0600691 0.054155 0.0477352 0.0411762 0.034754 0.0286568 0.0230028 0.0178701 0.0133262 0.00944368 0.0062893
 0.00954172 0.0148475 0.0211568 0.0280959 0.0353876 0.0428554 0.0502742 0.0572501 0.0632565 0.0677651 0.0703636 0.0708279 0.0691636 0.0656053 0.0605566 0.0544945 0.0478815 0.0411096 0.0344784 0.0281975 0.0224056 0.0171982 0.0126525 0.00883659 0.00579761
 0.00971225 0.0150926 0.0214648 0.0284331 0.0357039 0.0430977 0.0503997 0.0572391 0.0631211 0.0675525 0.0701482 0.0706902 0.0691615 0.0657521 0.060816 0.0547946 0.0481394 0.0412548 0.0344682 0.0280223 0.0220877 0.0167847 0.0122042 0.0084138 0.00544548
 0.00982615 0.0152721 0.0217233 0.0287759 0.0361233 0.0435671 0.0508703 0.0576439 0.063391 0.0676391 0.070044 0.0704347 0.0688307 0.0654328 0.0605756 0.0546591 0.0480883 0.0412355 0.0344199 0.0279002 0.0218763 0.0165 0.0118844 0.00810393 0.0051826
 0.00984531 0.0153131 0.0218035 0.0289186 0.0363533 0.0439016 0.051309 0.0581606 0.0639315 0.0681282 0.0704014 0.0705985 0.0687795 0.0651953 0.060221 0.0542702 0.0477305 0.0409372 0.0341724 0.0276738 0.0216429 0.0162488 0.0116255 0.00786056 0.00497788
 0.0097883 0.0152306 0.0216994 0.028806 0.0362547 0.0438477 0.0513343 0.0582964 0.0641944 0.0685082 0.0708551 0.0710547 0.0691576 0.0654307 0.0602865 0.0541827 0.0475397 0.0407011 0.0339345 0.0274524 0.0214369 0.0160515 0.0114363 0.00768757 0.00483281
 0.00974761 0.0151636 0.0215975 0.0286616 0.0360648 0.0436186 0.0510861 0.058065 0.0640269 0.0684519 0.0709427 0.0712905 0.0695101 0.0658378 0.0606733 0.0544862 0.0477278 0.0407768 0.0339246 0.0273897 0.0213467 0.0159488 0.0113302 0.00758627 0.00474484
 0.00979755 0.0152295 0.021668 0.0287161 0.0360781 0.043569 0.050964 0.0578774 0.0637973 0.0682176 0.070749 0.0711809 0.069514 0.0659589 0.0608854 0.0547397 0.0479667 0.0409579 0.0340288 0.0274215 0.0213247 0.0158945 0.0112619 0.00751729 0.00468419
 0.00978998 0.0152166 0.0216469 0.0286821 0.0360234 0.0434826 0.0508332 0.0576923 0.0635583 0.0679414 0.0704701 0.0709461 0.0693706 0.065941 0.0610024 0.0549722 0.0482706 0.0412779 0.034315 0.0276424 0.0214707 0.0159741 0.0112924 0.0075177 0.00467033
 0.00989014 0.0153622 0.0218339 0.0288951 0.0362392 0.0436759 0.0509814 0.0577759 0.0635613 0.0678526 0.0702885 0.0706865 0.0690665 0.0656397 0.0607533 0.0548114 0.0482099 0.0413026 0.0343917 0.0277332 0.0215464 0.0160206 0.0113099 0.0075148 0.00465744
