SBPRF35
8.52358
Curr Bio
663383
B35
576256
F35
0.204397
FOFL
0.204397
OFL
120225
Bzero
2.43531e+06
#pred survey bio
 3.3016e+06 3.21903e+06 3.04109e+06 2.93224e+06 2.81284e+06 2.58328e+06 2.21428e+06 1.9378e+06 1.76889e+06 1.58309e+06 1.42838e+06 1.32951e+06 1.23922e+06 1.12927e+06 1.04476e+06 921694 768673 694271 651720 620888 576499 554995 542941 553438 550924 553408 532331 494091 491480 498400 516978 538941 572890 600964 598009 563874 548624 538594 565656 580766 590890 602106 589644 543917 522001 515685 513329 540416 574489 573323 578896 564324 571189 672046 1.73985e+07 1.57928e+07 1.57976e+07 1.60794e+07 1.65339e+07 1.70451e+07 1.75339e+07 1.79594e+07 1.83083e+07 1.85834e+07 1.87949e+07 1.89548e+07 1.90745e+07 1.91637e+07 1.923e+07 1.92794e+07 1.93163e+07 1.9344e+07 1.93648e+07 1.93805e+07 1.93924e+07 1.94015e+07 1.94085e+07 1.94138e+07 1.9418e+07 1.94211e+07 1.94236e+07 1.94255e+07 1.94269e+07 1.94281e+07 1.9429e+07 1.94297e+07 1.94302e+07 1.94306e+07 1.9431e+07 1.94312e+07 1.94314e+07 1.94316e+07 1.94317e+07 1.94318e+07 1.94319e+07 1.94319e+07 1.9432e+07 1.9432e+07 1.9432e+07 1.94321e+07 1.94321e+07 1.94321e+07 1.94321e+07 1.94321e+07 1.94321e+07 1.94321e+07 1.94321e+07 1.94321e+07 1.94321e+07 1.94321e+07 1.94321e+07 1.94321e+07 1.94321e+07 1.94321e+07 1.94321e+07 1.94321e+07 1.94322e+07 1.94322e+07 1.94322e+07 1.94322e+07 1.94322e+07 1.94322e+07 1.94322e+07 1.94322e+07 1.94322e+07 1.94322e+07 1.94322e+07 1.94322e+07 1.94322e+07 1.94322e+07 1.94322e+07 1.94322e+07 1.94322e+07 1.94322e+07 1.94322e+07 1.94322e+07 1.94322e+07 1.94322e+07 1.94322e+07 1.94322e+07 1.94322e+07 1.94322e+07 1.94322e+07 1.94322e+07 1.94322e+07 1.94322e+07 1.94322e+07 1.94322e+07 1.94322e+07 1.94322e+07 1.94322e+07 1.94322e+07 1.94322e+07 1.94322e+07 0 0 0 0 0 0 0 0 0 0 0 0 0 0 0 0 0 0 0 0 0 0 0 0 0
#obs survey bio
 2.98586e+06 3.71642e+06 3.34358e+06 1.99245e+06 3.24079e+06 3.502e+06 2.39866e+06 2.17614e+06 1.99413e+06 1.57807e+06 1.39724e+06 1.09981e+06 1.35313e+06 966279 1.09737e+06 1.53558e+06 631934 842794 718782 813504 521293 532281 523555 491617 471681 551149 621512 334498 630638 377370 510249 474961 466116 484298 567635 595546 425211 409969 687236 658931 655900 578310 632876 785153 447888 596305 492724 441354 509100 614277 677403 474851 562656 741210
#pred catch bio
 99684.8 97927.9 152467 207705 243239 280518 307022 301034 303391 313976 291832 290405 288169 255844 252146 219337 190799 159325 139343 129789 129156 126768 114623 119802 102051 106074 109807 107009 100224 98527.8 92690 91420.8 98378 93455.9 98038.4 93240.2 97666.6 85509.1 86718.8 89968.4 86607.5 84685.8 91750 85947.2 90839.6 88829 89470.5 93701.5 99321.6 87629.9 91759.7 108299 55180.6 87437.2 120225 119143 117897 118790 121358 124466 127446 129989 132004 133522 134623 135402 135940 136307 136553 136717 136826 136897 136943 136973 136993 137005 137013 137019 137022 137024 137026 137026 137027 137027 137028 137028 137028 137028 137028 137028 137028 137028 137028 137028 137028 137028 137028 137028 137028 137028 137028 137028 137028 137028 137028 137028 137028 137028 137028 137028 137028 137028 137028 137028 137028 137028 137028 137028 137028 137028 137028 137028 137028 137028 137028 137028 137028 137028 137028 137028 137028 137028 137028 137028 137028 137028 137028 137028 137028 137028 137028 137028 137028 137028 137028 137028 137028 137028 137028 137028 137028 137028 137028 137028 0 0 0 0 0 0 0 0 0 0 0 0 0 0 0 0 0 0 0 0 0 0 0 0 0
#obs catch bio
 0 97542.6 152669 208083 243209 280103 307241 301975 302685 314378 292359 291278 288094 256230 252538 218101 191726 159447 139400 129298 129393 126888 114769 120075 101862 105967 109495 107519 100134 98786.2 92530.2 91436.5 98696.2 93240.9 97959.6 93228.9 97785.3 85590.7 86628.6 90005.2 86633 84564.1 91729.9 85872.5 91000 88698.5 89618.9 93941.6 99289.6 87525.5 91477 109188 54769.3 87655.6
#pred cpue bio
 3.26506e+06 3.18355e+06 3.00646e+06 2.89704e+06 2.77719e+06 2.54846e+06 2.18216e+06 1.907e+06 1.73816e+06 1.55312e+06 1.39858e+06 1.29917e+06 1.20846e+06 1.09873e+06 1.01427e+06 892775 743075 669860 628306 598414 555406 534284 522408 532585 530125 532687 512462 475551 472905 479773 497823 519152 552058 579359 576979 544040 528143 516467 541417 556033 566004 577071 565414 521525 500518 494393 492166 518148 550983 549905 555345 541354 547191 644884 1.67349e+07 1.5223e+07 1.51585e+07 1.53758e+07 1.58149e+07 1.63236e+07 1.6812e+07 1.72374e+07 1.75863e+07 1.78615e+07 1.8073e+07 1.82329e+07 1.83526e+07 1.84418e+07 1.85081e+07 1.85575e+07 1.85944e+07 1.86221e+07 1.86429e+07 1.86586e+07 1.86705e+07 1.86796e+07 1.86866e+07 1.86919e+07 1.8696e+07 1.86992e+07 1.87017e+07 1.87036e+07 1.8705e+07 1.87062e+07 1.87071e+07 1.87078e+07 1.87083e+07 1.87087e+07 1.87091e+07 1.87093e+07 1.87095e+07 1.87097e+07 1.87098e+07 1.87099e+07 1.871e+07 1.871e+07 1.87101e+07 1.87101e+07 1.87101e+07 1.87102e+07 1.87102e+07 1.87102e+07 1.87102e+07 1.87102e+07 1.87102e+07 1.87102e+07 1.87102e+07 1.87102e+07 1.87102e+07 1.87102e+07 1.87102e+07 1.87102e+07 1.87102e+07 1.87102e+07 1.87102e+07 1.87102e+07 1.87102e+07 1.87102e+07 1.87102e+07 1.87102e+07 1.87102e+07 1.87102e+07 1.87102e+07 1.87102e+07 1.87102e+07 1.87102e+07 1.87102e+07 1.87102e+07 1.87102e+07 1.87102e+07 1.87102e+07 1.87102e+07 1.87102e+07 1.87102e+07 1.87102e+07 1.87102e+07 1.87102e+07 1.87102e+07 1.87102e+07 1.87102e+07 1.87102e+07 1.87102e+07 1.87102e+07 1.87102e+07 1.87102e+07 1.87102e+07 1.87102e+07 1.87102e+07 1.87102e+07 1.87102e+07 1.87102e+07 1.87102e+07 1.87102e+07 1.87102e+07 0 0 0 0 0 0 0 0 0 0 0 0 0 0 0 0 0 0 0 0 0 0 0 0 0
#obs cpue bio
 3.80217e+06 3.82108e+06 2.13025e+06 3.77805e+06 2.75041e+06 2.41281e+06 1.71527e+06 1.20837e+06 2.38186e+06 1.30376e+06 1.23466e+06 1.44849e+06 1.3839e+06 1.03951e+06 1.03249e+06 787274 547943 618240 558369 605364 466534 591614 463823 639810 656478 567368 533270 438312 479768 511291 643407 499583 580748 961684 630432 449769 723824 549905 554969 465343 479209 655173 574661 339481 526067 513108 400953 562926 847315 457121 594009 474436 552888 653611
#pred surv len freq
 0.00424797 0.00700638 0.0107483 0.0155182 0.0212285 0.0275644 0.0339704 0.0398064 0.0445965 0.0481816 0.050679 0.0523286 0.0533626 0.053954 0.0542206 0.0542488 0.0541187 0.0539037 0.0536131 0.0530771 0.0518485 0.0492558 0.0446889 0.0380124 0.0298199
 0.00451972 0.00736704 0.0111437 0.0158546 0.0214066 0.0275285 0.0337415 0.0394724 0.0442634 0.0479184 0.0504934 0.0521864 0.0532332 0.0538478 0.0541944 0.0543773 0.0544478 0.0544082 0.0541829 0.0535441 0.0520504 0.049107 0.0442201 0.0373536 0.0291374
 0.00461663 0.00757241 0.0115344 0.0165138 0.0223819 0.028779 0.0351098 0.0407173 0.0451512 0.0483208 0.050428 0.0517781 0.0526343 0.053179 0.0535346 0.0537836 0.0539676 0.0540645 0.0539463 0.0533241 0.0517264 0.0485891 0.0435022 0.0365211 0.0283238
 0.00472109 0.00774167 0.0117922 0.0168924 0.022927 0.0295478 0.0361518 0.0420365 0.0466644 0.0498448 0.05172 0.0526205 0.0529178 0.0529318 0.0528874 0.0529041 0.0530051 0.0531208 0.0530642 0.052488 0.0508808 0.0476799 0.0425217 0.0355261 0.0274121
 0.00486341 0.00797778 0.012156 0.0174176 0.0236408 0.0304616 0.0372557 0.0433009 0.0480478 0.051293 0.0531507 0.0539061 0.0538927 0.0534381 0.0528367 0.0523155 0.0519927 0.0518422 0.0516619 0.0510534 0.049453 0.0462732 0.0411621 0.0342708 0.0263365
 0.00501685 0.00823307 0.0125513 0.0179928 0.02443 0.0314816 0.0384928 0.0447071 0.0495485 0.0528046 0.054594 0.055208 0.0549738 0.0542012 0.0531732 0.0521371 0.051272 0.0506334 0.0500855 0.0492554 0.047568 0.0444117 0.0394187 0.0327327 0.0250766
 0.00524555 0.00860333 0.0131058 0.0187707 0.0254603 0.032772 0.0400178 0.0464028 0.0513201 0.0545435 0.0561963 0.0565856 0.0560571 0.0549324 0.0534954 0.0519894 0.0506019 0.0494244 0.0483824 0.0471705 0.0452639 0.0420716 0.0372192 0.0308204 0.0235477
 0.00545175 0.00896112 0.0136854 0.0196498 0.0267049 0.0344072 0.0420021 0.0486223 0.0536122 0.0567357 0.0581397 0.0581705 0.0572132 0.0556189 0.0536884 0.051669 0.049747 0.0480211 0.0464486 0.0447833 0.0425728 0.0392865 0.0345722 0.0285166 0.0217197
 0.00564509 0.00927904 0.0141724 0.0203544 0.027676 0.0356846 0.0436007 0.0505161 0.0557243 0.0589398 0.060275 0.0600683 0.0587259 0.0566406 0.0541585 0.0515612 0.0490532 0.0467445 0.0446126 0.0424561 0.0398903 0.0364557 0.0318409 0.0261166 0.0198083
 0.00589625 0.00968355 0.0147741 0.0211917 0.0287755 0.0370516 0.0452098 0.0523101 0.057624 0.060858 0.0621235 0.0617545 0.0601476 0.0576907 0.054738 0.0515941 0.0484938 0.0455783 0.0428601 0.0401852 0.037235 0.0336211 0.0290793 0.0236719 0.0178522
 0.00616152 0.0101273 0.0154642 0.0221963 0.0301459 0.0387958 0.0472699 0.0545601 0.059896 0.062985 0.0639754 0.0632508 0.0612476 0.0583716 0.0549755 0.0513531 0.0477334 0.0442668 0.0409958 0.0378192 0.0344913 0.0307004 0.0262343 0.0211506 0.0158322
 0.00637499 0.0104765 0.0159947 0.022955 0.0311749 0.0401219 0.0488886 0.0564226 0.0619068 0.0650118 0.065869 0.064871 0.0624867 0.0591652 0.0552969 0.0511948 0.0470887 0.0431249 0.0393554 0.0357163 0.0320268 0.0280514 0.0236325 0.0188296 0.013963
 0.00661766 0.0108691 0.0165819 0.0237765 0.0322579 0.0414693 0.0504677 0.0581635 0.0637134 0.0667797 0.0674988 0.0662721 0.0635769 0.0598747 0.0555749 0.0510132 0.0464387 0.0420101 0.0377916 0.0337459 0.0297415 0.0256067 0.0212341 0.0166883 0.0122358
 0.0069337 0.0113729 0.0173209 0.0247868 0.0335561 0.0430406 0.0522543 0.0600628 0.0655938 0.0685083 0.0689668 0.0674063 0.0643372 0.060243 0.0555439 0.0505794 0.045601 0.0407731 0.0361734 0.0317906 0.0275365 0.0232918 0.0189901 0.014699 0.0106377
 0.00707935 0.0116279 0.0177381 0.025425 0.0344659 0.0442415 0.0537148 0.0616963 0.0672761 0.0701074 0.0703687 0.068527 0.0651243 0.0606701 0.0556031 0.050273 0.0449351 0.0397564 0.0348234 0.0301468 0.0256754 0.0213344 0.0170912 0.013015 0.00928383
 0.00725139 0.011911 0.0181711 0.0260481 0.0353145 0.0453352 0.0550431 0.0632082 0.0688798 0.0716817 0.0717822 0.0696619 0.0658957 0.0610361 0.0555619 0.0498493 0.0441647 0.0386758 0.0334696 0.028567 0.0239412 0.0195506 0.0153877 0.0115206 0.00809163
 0.00746796 0.0122476 0.0186491 0.0266783 0.036097 0.0462601 0.0560886 0.064339 0.070048 0.0728295 0.0728453 0.0705708 0.0665802 0.0614346 0.0556324 0.0495769 0.0435611 0.0377723 0.0323103 0.0272081 0.022456 0.0180338 0.0139497 0.010267 0.00709622
 0.00752495 0.0123694 0.0188849 0.0270883 0.0367332 0.0471393 0.0571714 0.0655321 0.0712324 0.0738995 0.073733 0.0712477 0.06704 0.0616738 0.055641 0.0493409 0.0430715 0.0370346 0.0313494 0.0260701 0.0212083 0.0167624 0.0127502 0.00922705 0.0062748
 0.00763037 0.0124988 0.0190053 0.027152 0.0367023 0.0470173 0.0570222 0.0654649 0.0713559 0.0742703 0.0743307 0.0719892 0.0678168 0.0623871 0.0562167 0.0497282 0.0432362 0.0369577 0.0310311 0.0255352 0.0205087 0.0159732 0.0119583 0.00851382 0.00569762
 0.00769968 0.0126059 0.0191534 0.0273337 0.0368936 0.0471754 0.0570927 0.0654039 0.0711614 0.0740022 0.0740995 0.0719098 0.067956 0.0627347 0.0566957 0.0502303 0.0436579 0.0372215 0.0310942 0.0253904 0.020183 0.0155226 0.011456 0.00803288 0.00529359
 0.00776398 0.0127062 0.0192964 0.0275219 0.0371238 0.0474361 0.0573598 0.0656397 0.0713192 0.0740417 0.0740076 0.0717168 0.0677326 0.0625661 0.0566435 0.050304 0.0438133 0.0373828 0.0311852 0.0253603 0.0200186 0.0152477 0.0111201 0.0076937 0.00499903
 0.00775934 0.0127223 0.0193637 0.0276808 0.0374121 0.047869 0.0579141 0.0662519 0.0719016 0.0745054 0.074285 0.0717754 0.0675819 0.0622566 0.0562541 0.0499172 0.0434864 0.0371303 0.0309824 0.0251641 0.0197938 0.0149837 0.010833 0.00741527 0.00476047
 0.00781519 0.0127981 0.0194516 0.0277693 0.0374947 0.0479557 0.0580352 0.0664474 0.072197 0.0748897 0.0747035 0.0721461 0.0678259 0.0623271 0.0561506 0.0496813 0.0431816 0.0368162 0.0306943 0.0249082 0.0195577 0.0147542 0.0106085 0.00720681 0.00458391
 0.00779509 0.0127612 0.0193879 0.0276662 0.0373397 0.0477419 0.0577691 0.0661558 0.0719295 0.0747105 0.0746715 0.0722898 0.0681259 0.0627191 0.0565501 0.0500159 0.0434143 0.0369475 0.0307472 0.0249087 0.0195228 0.0146923 0.0105266 0.00711537 0.00449627
 0.00794196 0.0129727 0.0196552 0.0279623 0.0376254 0.0479756 0.0579165 0.0661949 0.0718541 0.0745334 0.0744268 0.0720291 0.067905 0.0625782 0.0564978 0.0500284 0.0434495 0.0369665 0.0307293 0.024853 0.01944 0.0145959 0.0104277 0.00702303 0.00441757
 0.00786859 0.0128664 0.0195187 0.0278041 0.0374551 0.0477972 0.0577254 0.065983 0.0716193 0.0742891 0.0742033 0.0718659 0.0678389 0.0626321 0.0566742 0.0503073 0.0437914 0.0373221 0.0310525 0.0251126 0.0196242 0.0147092 0.0104846 0.00704117 0.00441366
 0.00780761 0.0127769 0.0194021 0.0276695 0.0373172 0.0476735 0.0576314 0.0659269 0.0715975 0.0742851 0.0741945 0.0718355 0.0677872 0.0625793 0.0566513 0.0503413 0.0438925 0.037479 0.0312374 0.0252926 0.0197732 0.0148143 0.0105461 0.00706858 0.00441953
 0.00783052 0.0128156 0.019463 0.0277592 0.0374409 0.0478324 0.0578198 0.0661306 0.0717952 0.0744507 0.0743006 0.0718592 0.0677163 0.062419 0.0564268 0.0500925 0.0436621 0.0372986 0.0311187 0.0252281 0.019744 0.0148008 0.0105353 0.00705528 0.00440451
 0.00776141 0.0127254 0.0193683 0.0276889 0.0374284 0.0479027 0.0579788 0.0663626 0.0720686 0.0747278 0.0745456 0.0720424 0.0678165 0.0624256 0.0563427 0.0499355 0.0434626 0.0370925 0.0309367 0.0250877 0.0196475 0.0147393 0.0104966 0.00702959 0.00438615
 0.00782066 0.0127793 0.0193732 0.0275844 0.0371612 0.0474599 0.0574113 0.0657784 0.0715946 0.0744615 0.0745226 0.0722353 0.0681568 0.0628321 0.0567442 0.0502833 0.0437339 0.0372878 0.0310717 0.0251829 0.0197193 0.0147964 0.0105413 0.00706168 0.00440637
 0.00789644 0.0128955 0.0195322 0.0277762 0.0373568 0.0476079 0.0574441 0.0656341 0.0712504 0.0739597 0.073968 0.0717568 0.0678554 0.0627455 0.0568441 0.0505012 0.0439951 0.0375352 0.0312757 0.025337 0.0198304 0.0148754 0.0105968 0.00709952 0.0044305
 0.0079346 0.0129437 0.0195795 0.0278047 0.0373468 0.0475454 0.0573248 0.0654601 0.0710237 0.0736801 0.0736418 0.0714113 0.0675442 0.062535 0.0567861 0.0506082 0.0442357 0.0378502 0.031603 0.0256311 0.0200687 0.0150539 0.0107224 0.00718274 0.00448219
 0.0078328 0.0127984 0.0193977 0.0276036 0.0371472 0.047361 0.0571562 0.0652977 0.0708571 0.0735066 0.073469 0.071253 0.0674173 0.0624597 0.0567859 0.0507045 0.0444361 0.0381392 0.0319434 0.0259762 0.0203783 0.0153041 0.0109069 0.00730781 0.00456035
 0.00775182 0.012668 0.019205 0.0273411 0.0368184 0.0469865 0.0567754 0.0649612 0.0706096 0.0733694 0.0734335 0.0712902 0.0674957 0.0625595 0.0569047 0.050853 0.0446286 0.0383831 0.0322309 0.0262843 0.0206755 0.0155622 0.011109 0.00745105 0.00465249
 0.00779257 0.0127009 0.0191934 0.0272319 0.0365576 0.0465444 0.0561674 0.0642532 0.0699015 0.0727666 0.0730177 0.0711009 0.0675259 0.0627674 0.057233 0.0512491 0.0450562 0.0388217 0.0326676 0.026705 0.0210616 0.0158937 0.0113716 0.00764129 0.00477772
 0.00851285 0.013737 0.0205006 0.0286769 0.0379484 0.0476834 0.0569004 0.0644944 0.0696408 0.0720662 0.0720004 0.0699244 0.0663467 0.0617059 0.0563563 0.0505737 0.0445655 0.0384859 0.0324572 0.0265934 0.0210239 0.0159045 0.0114069 0.00768194 0.00481216
 0.0091689 0.0147883 0.0220451 0.0307705 0.0405641 0.0506648 0.0599362 0.0671577 0.0715017 0.0728335 0.0716119 0.0685423 0.0642748 0.0592849 0.0538829 0.0482603 0.042535 0.0367882 0.0310935 0.0255389 0.0202413 0.0153511 0.0110371 0.00745019 0.0046769
 0.00926248 0.0150261 0.0225603 0.0317368 0.0421486 0.0529506 0.0628499 0.0704407 0.0747481 0.0755797 0.0734475 0.069209 0.0637255 0.057683 0.0515409 0.0455457 0.0397805 0.0342381 0.0288912 0.0237428 0.0188507 0.0143293 0.0103277 0.00698815 0.00439675
 0.00895062 0.0145625 0.0219504 0.031033 0.0414598 0.052444 0.0627342 0.0709192 0.0759409 0.077444 0.0757452 0.0715528 0.0656914 0.0589395 0.0519401 0.0451417 0.0387802 0.0329146 0.0274999 0.0224697 0.0177984 0.0135295 0.00976436 0.00661999 0.00417409
 0.00884888 0.0143665 0.0216019 0.0304673 0.0406334 0.0513741 0.0615326 0.0697947 0.0751577 0.0772467 0.0762762 0.0727917 0.0674416 0.0608731 0.0536926 0.0464229 0.039453 0.0330105 0.0271731 0.0219201 0.0172029 0.0130048 0.00936293 0.00634584 0.00400494
 0.00880503 0.0142992 0.0215054 0.030332 0.0404399 0.0510892 0.0611161 0.0692218 0.0744526 0.0765088 0.0756749 0.0725199 0.0676398 0.0615611 0.0547449 0.0476056 0.0405081 0.033747 0.0275219 0.0219309 0.0169965 0.0127123 0.00908209 0.00612685 0.00385825
 0.00877515 0.0142419 0.0214036 0.0301662 0.0401942 0.0507595 0.0607144 0.0687723 0.0739816 0.0760395 0.0752354 0.0721606 0.0674414 0.0616146 0.0551069 0.0482531 0.0413276 0.0345705 0.0281925 0.0223603 0.0171837 0.0127208 0.00899728 0.00601916 0.00376767
 0.00870499 0.0141375 0.0212639 0.0299946 0.0399956 0.050536 0.0604641 0.0684929 0.0736764 0.0757211 0.0749257 0.0718876 0.0672385 0.0615226 0.0551697 0.0485022 0.0417575 0.0351232 0.028769 0.0228572 0.0175339 0.0129126 0.00906436 0.0060137 0.00373507
 0.0086914 0.014126 0.021266 0.030027 0.0400744 0.0506684 0.0606406 0.0686845 0.0738398 0.07581 0.0749045 0.071743 0.0669862 0.0612058 0.0548508 0.0482479 0.0416198 0.0351215 0.0288814 0.0230287 0.017701 0.0130301 0.00911877 0.00601835 0.0037141
 0.00861962 0.0140209 0.0211301 0.0298719 0.03992 0.0505399 0.0605639 0.0686802 0.0739156 0.0759537 0.075083 0.0719104 0.0670988 0.0612382 0.0548059 0.0481557 0.0415263 0.0350698 0.0288944 0.0231009 0.0178041 0.0131292 0.00918959 0.0060545 0.00372344
 0.0085978 0.0139919 0.0210985 0.0298465 0.0399118 0.0505592 0.0606173 0.0687692 0.0740363 0.0760969 0.0752336 0.0720474 0.0671976 0.061276 0.0547698 0.0480498 0.0413735 0.0349059 0.028755 0.0230081 0.01776 0.0131197 0.00919503 0.00606003 0.00372322
 0.00863116 0.014032 0.0211333 0.0298576 0.0398816 0.0504806 0.0605013 0.0686436 0.0739356 0.0760493 0.0752513 0.0721246 0.067314 0.0614034 0.0548793 0.0481192 0.0413937 0.0348835 0.0287086 0.0229601 0.0177262 0.0131047 0.00919394 0.00606451 0.00372707
 0.00854656 0.0139184 0.0210057 0.0297421 0.0398053 0.0504567 0.0605202 0.0686775 0.0739551 0.0760411 0.0752258 0.0721074 0.0673299 0.0614626 0.0549735 0.048227 0.0414914 0.0349545 0.0287487 0.0229759 0.0177296 0.0131057 0.00919719 0.00606974 0.0037321
 0.00854734 0.013901 0.0209469 0.0296138 0.0395873 0.0501542 0.0601731 0.0683516 0.0737165 0.0759274 0.0752346 0.072208 0.0674854 0.061647 0.0551733 0.0484341 0.0416949 0.0351405 0.0289048 0.0230961 0.0178157 0.0131646 0.00923678 0.00609605 0.003749
 0.00868393 0.0141009 0.021205 0.0299073 0.0398776 0.0503932 0.0603131 0.0683579 0.073581 0.0756767 0.0749238 0.0719003 0.0672291 0.061463 0.0550589 0.0483748 0.0416746 0.0351449 0.0289216 0.0231155 0.0178314 0.0131746 0.00924205 0.0060986 0.00375036
 0.00863644 0.0140369 0.0211327 0.0298407 0.0398307 0.0503711 0.0603056 0.0683416 0.073529 0.0755728 0.074773 0.0717299 0.0670797 0.0613727 0.0550491 0.0484445 0.0418048 0.0353082 0.0290916 0.0232722 0.0179626 0.0132756 0.0093138 0.00614581 0.00377915
 0.00878444 0.0142434 0.0213808 0.0300955 0.0400507 0.050526 0.0603885 0.0683659 0.0735136 0.0755259 0.0746876 0.071593 0.0668873 0.0611405 0.0548096 0.0482343 0.0416499 0.0352169 0.0290556 0.0232739 0.0179838 0.0133021 0.00933726 0.00616308 0.00379025
 0.00893803 0.014517 0.021833 0.030785 0.0410097 0.0517258 0.0617163 0.0696386 0.074531 0.0761372 0.0748333 0.0713032 0.0662502 0.060266 0.0538069 0.0472019 0.0406699 0.0343494 0.0283345 0.0227079 0.0175619 0.0130026 0.00913493 0.00603348 0.00371219
 0.00821138 0.0134133 0.0203221 0.0289048 0.0388727 0.0495161 0.0596774 0.0680386 0.0735983 0.0759896 0.0754399 0.0725051 0.0678235 0.0619892 0.0555048 0.0487599 0.0420298 0.0354951 0.0292757 0.0234647 0.0181554 0.0134518 0.00945858 0.00625248 0.00384968
#obs surv len freq
 nan nan nan nan nan nan nan nan nan nan nan nan nan nan nan nan nan nan nan nan nan nan nan nan nan
 0.00448271 0.00734309 0.0111721 0.0159875 0.0216876 0.0279628 0.0342768 0.0400084 0.0446887 0.0481535 0.0505126 0.0520097 0.0529032 0.0534167 0.0537319 0.0539875 0.0542665 0.0545596 0.0546986 0.0542906 0.0527286 0.0493604 0.0438098 0.0362892 0.0276721
 0.00461081 0.00755378 0.0114933 0.0164459 0.0223017 0.028733 0.0351757 0.0409777 0.0456476 0.049015 0.0511998 0.0524674 0.0531032 0.0533581 0.0534366 0.0534926 0.0536154 0.0537946 0.0538587 0.0534126 0.051851 0.0485263 0.0430634 0.0356683 0.0271976
 0.00477514 0.00782094 0.0118956 0.0170136 0.0230578 0.0296843 0.0363023 0.0422279 0.0469416 0.0502564 0.0522895 0.0533161 0.0536414 0.0535443 0.0532612 0.0529762 0.0528019 0.0527428 0.0526341 0.0520847 0.0504943 0.0472201 0.0418866 0.0346858 0.0264453
 0.00496138 0.00812745 0.0123637 0.0176839 0.0239617 0.0308315 0.0376676 0.0437472 0.0485215 0.0517909 0.0536755 0.0544607 0.0544648 0.0539827 0.0532726 0.0525462 0.0519479 0.0515123 0.0511011 0.0503455 0.0486634 0.0454237 0.0402494 0.0333098 0.0253877
 0.00517939 0.0084823 0.0128988 0.0184405 0.024972 0.0321068 0.0391856 0.0454461 0.0503062 0.053549 0.0552937 0.0558359 0.055509 0.0546242 0.0534567 0.0522377 0.051136 0.050218 0.0493841 0.0483076 0.0464463 0.0431977 0.0381893 0.0315613 0.0240357
 0.00539938 0.0088454 0.0134553 0.0192405 0.0260556 0.033488 0.0408373 0.0472951 0.0522446 0.0554561 0.0570542 0.0573489 0.0566891 0.0553994 0.0537673 0.0520369 0.0503945 0.0489329 0.0475925 0.0460999 0.0439724 0.0406564 0.0357973 0.0295067 0.0224342
 0.0056453 0.00924516 0.0140572 0.0200905 0.0271893 0.0349189 0.0425421 0.0492071 0.0542606 0.0574539 0.0589112 0.058955 0.0579529 0.0562485 0.0541445 0.0518967 0.049702 0.0476719 0.0457812 0.0438121 0.0413522 0.0379142 0.0331764 0.0272286 0.0206426
 0.00589505 0.00965546 0.0146825 0.0209836 0.0283908 0.0364401 0.0443491 0.0512162 0.0563525 0.059498 0.0607868 0.0605611 0.0592081 0.0570877 0.0545152 0.0517558 0.0490149 0.0464177 0.0439674 0.0414981 0.0386707 0.0350735 0.0304304 0.024818 0.0187313
 0.00613513 0.0100503 0.0152853 0.0218472 0.0295578 0.037927 0.0461293 0.0532133 0.0584497 0.0615599 0.0626823 0.0621783 0.0604606 0.0579134 0.0548706 0.0516083 0.0483381 0.0451933 0.0421991 0.0392355 0.0360334 0.0322586 0.0276876 0.0223918 0.0167943
 0.00636356 0.0104266 0.0158609 0.0226734 0.0306761 0.0393534 0.0478384 0.0551321 0.0604676 0.0635492 0.064518 0.0637509 0.0616817 0.0587171 0.0552118 0.0514578 0.0476765 0.0440103 0.0405022 0.0370706 0.0335092 0.0295572 0.0250443 0.0200421 0.014909
 0.00662568 0.0108492 0.0164904 0.0235508 0.0318301 0.0407887 0.0495228 0.0569919 0.0623961 0.0654256 0.0662262 0.0651914 0.0627759 0.0594078 0.0554606 0.0512406 0.0469795 0.0428291 0.0388493 0.0349919 0.0311057 0.0269958 0.022541 0.0178151 0.0131187
 0.00682893 0.011192 0.0170286 0.0243427 0.032922 0.0421938 0.0512021 0.0588508 0.0643032 0.0672431 0.0678359 0.0665053 0.0637344 0.0599729 0.0556093 0.0509599 0.0462631 0.0416778 0.0372785 0.0330465 0.0288784 0.0246365 0.0202431 0.0157736 0.0114776
 0.00705822 0.0115637 0.0175865 0.0251279 0.0339666 0.0435097 0.0527667 0.0605984 0.0661282 0.0690157 0.0694233 0.0677923 0.0646388 0.0604505 0.0556488 0.0505708 0.0454635 0.0404889 0.0357283 0.0311837 0.0267896 0.0224555 0.018139 0.0139159 0.00998972
 0.00726958 0.011911 0.0181157 0.0258827 0.0349784 0.0447824 0.054263 0.0622374 0.0678 0.0706037 0.0708232 0.0689193 0.065428 0.0608572 0.0556502 0.0501662 0.0446705 0.0393375 0.0342587 0.0294529 0.0248824 0.0204916 0.0162643 0.0122732 0.00868087
 0.00745048 0.0122086 0.0185699 0.0265328 0.0358548 0.0458942 0.0555843 0.063702 0.0693096 0.0720469 0.0720945 0.0699336 0.0661255 0.0612034 0.0556317 0.0497854 0.0439427 0.0382893 0.0329303 0.0279019 0.0231909 0.0187681 0.0146345 0.0108561 0.00755862
 0.00753321 0.0123471 0.0187863 0.026852 0.0363014 0.0464865 0.0563274 0.0645822 0.0702927 0.0730805 0.0731126 0.0708624 0.0668922 0.0617443 0.0558995 0.0497525 0.0436009 0.0376484 0.0320184 0.0267681 0.0219085 0.0174338 0.0133582 0.0097395 0.00667151
 0.00757873 0.0124156 0.0188801 0.0269715 0.0364488 0.0466693 0.0565604 0.0648855 0.0706856 0.0735733 0.0736983 0.0715127 0.0675577 0.0623602 0.0563954 0.0500639 0.0436788 0.0374668 0.0315777 0.0260976 0.0210662 0.0165028 0.0124344 0.00891306 0.00600575
 0.0076304 0.0124899 0.0189739 0.0270757 0.0365508 0.0467579 0.056631 0.0649435 0.070748 0.0736669 0.0738538 0.0717541 0.0678912 0.0627661 0.0568273 0.0504568 0.0439627 0.0375819 0.0314878 0.0257986 0.0205892 0.0159096 0.011805 0.00832668 0.00552118
 0.00773366 0.0126479 0.0191927 0.0273523 0.0368721 0.0471001 0.0569608 0.0652227 0.0709433 0.0737621 0.0738581 0.0717003 0.0678241 0.0627266 0.0568366 0.050508 0.0440216 0.0375979 0.031411 0.0255973 0.020262 0.0154877 0.0113433 0.00788645 0.00515146
 0.00778724 0.0127372 0.0193304 0.0275502 0.0371365 0.0474259 0.0573261 0.0655893 0.0712649 0.0739964 0.0739791 0.0717053 0.0677335 0.0625774 0.0566712 0.0503594 0.0439021 0.0374954 0.031295 0.0254345 0.020033 0.0151973 0.0110201 0.00757125 0.00488134
 0.00782683 0.0127978 0.0194152 0.0276606 0.0372734 0.0475907 0.0575199 0.0658099 0.0715024 0.0742311 0.0741829 0.0718488 0.0677959 0.0625543 0.0565767 0.0502205 0.0437475 0.0373431 0.0311466 0.025278 0.0198535 0.0149896 0.0107947 0.00735058 0.00468961
 0.0078414 0.012817 0.0194357 0.027677 0.0372801 0.047585 0.0575051 0.0657964 0.0715053 0.0742655 0.0742575 0.0719609 0.0679296 0.062685 0.0566804 0.0502824 0.0437659 0.0373256 0.0311024 0.0252113 0.0197637 0.0148766 0.0106646 0.00721696 0.00456868
 0.00786366 0.0128491 0.0194762 0.0277215 0.0373215 0.0476153 0.057517 0.0657858 0.0714737 0.0742214 0.0742164 0.0719396 0.0679406 0.0627305 0.0567502 0.0503584 0.0438294 0.0373637 0.0311103 0.0251898 0.0197163 0.0148081 0.0105822 0.00713042 0.00448902
 0.00787826 0.0128701 0.0195028 0.0277508 0.037349 0.0476357 0.0575254 0.0657779 0.0714476 0.0741787 0.0741629 0.0718861 0.0679003 0.0627152 0.0567659 0.0504023 0.0438901 0.0374256 0.0311587 0.0252152 0.0197156 0.0147838 0.0105407 0.00708084 0.00444037
 0.00790145 0.0129046 0.0195486 0.0278055 0.037408 0.0476929 0.0575739 0.0658109 0.0714592 0.0741658 0.0741263 0.0718308 0.0678352 0.0626517 0.0567152 0.0503725 0.0438832 0.0374367 0.0311777 0.025231 0.0197198 0.0147732 0.0105173 0.00705001 0.00440877
 0.00791862 0.0129287 0.0195779 0.0278356 0.0374336 0.0477091 0.0575777 0.0658019 0.071439 0.0741373 0.0740925 0.0717949 0.0678 0.0626204 0.0566915 0.0503602 0.0438851 0.0374525 0.0312033 0.0252592 0.0197427 0.0147854 0.0105174 0.00704078 0.00439481
 0.00789883 0.0128993 0.0195385 0.0277876 0.0373792 0.0476505 0.0575166 0.0657403 0.0713801 0.0740858 0.0740545 0.0717755 0.0678023 0.0626439 0.056733 0.0504152 0.0439493 0.037522 0.031274 0.0253259 0.0198001 0.0148289 0.0105454 0.00705472 0.00439864
 0.0078725 0.0128522 0.0194602 0.0276673 0.0372094 0.0474334 0.0572683 0.0654891 0.0711595 0.0739242 0.0739683 0.0717675 0.0678647 0.0627632 0.0568933 0.0506003 0.0441441 0.0377139 0.0314528 0.0254841 0.0199322 0.0149319 0.0106192 0.00710249 0.00442602
 0.00785125 0.0128157 0.0194016 0.0275782 0.0370819 0.0472619 0.0570534 0.0652407 0.0708979 0.0736782 0.0737698 0.0716439 0.0678322 0.0628226 0.0570316 0.0507961 0.0443731 0.0379532 0.0316835 0.0256921 0.0201082 0.0150712 0.0107216 0.00717169 0.00446851
 0.00785718 0.0128213 0.0194023 0.027567 0.03705 0.0472014 0.0569589 0.0651112 0.0707371 0.0734955 0.0735805 0.071469 0.0676953 0.0627448 0.0570256 0.050862 0.0444993 0.03812 0.0318684 0.0258743 0.0202717 0.0152062 0.0108241 0.00724302 0.00451372
 0.00783013 0.0127778 0.0193378 0.0274775 0.036933 0.047057 0.0567913 0.0649289 0.0705522 0.0733211 0.0734292 0.0713517 0.0676212 0.0627219 0.0570598 0.0509555 0.0446477 0.0383113 0.032084 0.0260929 0.0204735 0.0153767 0.0109564 0.0073369 0.00457449
 0.00781012 0.0127436 0.0192834 0.0273965 0.0368204 0.0469119 0.0566188 0.0647406 0.0703639 0.073149 0.0732865 0.0712477 0.0675614 0.0627091 0.0570953 0.051039 0.0447765 0.0384787 0.0322781 0.0262972 0.0206698 0.0155491 0.0110944 0.00743766 0.00464128
 0.00777022 0.0126786 0.0191854 0.0272586 0.0366383 0.0466867 0.05636 0.0644666 0.0700992 0.0729195 0.073114 0.0711464 0.0675364 0.0627574 0.0572082 0.0512049 0.0449831 0.0387135 0.032528 0.0265472 0.0209042 0.0157534 0.0112587 0.00755869 0.00472246
 0.00772454 0.0126044 0.019074 0.0271023 0.0364323 0.0464322 0.0560668 0.0641541 0.0697938 0.0726496 0.0729048 0.0710165 0.067496 0.0628073 0.0573405 0.0514055 0.0452339 0.0389954 0.0328221 0.0268358 0.0211705 0.0159836 0.0114437 0.00769548 0.00481492
 0.00934178 0.01487 0.021812 0.029924 0.0388492 0.0480352 0.0566692 0.0638189 0.0687526 0.0711834 0.0712567 0.0693589 0.0659364 0.0614071 0.0561307 0.0503961 0.0444207 0.038364 0.032352 0.0265027 0.0209487 0.0158467 0.0113669 0.00765734 0.00479879
 0.00930344 0.0151077 0.0226989 0.0319249 0.0423187 0.0529449 0.0624342 0.069393 0.0730006 0.0733289 0.0711381 0.0673716 0.0627583 0.0577084 0.0524076 0.0469428 0.0413779 0.0357801 0.0302269 0.0248118 0.0196531 0.0148975 0.0107073 0.00722665 0.00453678
 0.00898346 0.0146016 0.0219852 0.0310509 0.041455 0.0524238 0.0627102 0.0708797 0.0758211 0.0771302 0.0751341 0.0706418 0.0646313 0.0579954 0.0513719 0.0450838 0.0391966 0.0336427 0.0283403 0.0232605 0.0184477 0.0140095 0.0100893 0.00682296 0.00429129
 0.00880639 0.0143052 0.0215241 0.0303804 0.0405486 0.0513045 0.061492 0.0697965 0.0752089 0.0773349 0.0763565 0.0727892 0.0672832 0.0605389 0.0532505 0.0460104 0.0392116 0.0330141 0.0274005 0.0222811 0.0175916 0.0133427 0.0096147 0.00651122 0.00410221
 0.00873023 0.0141763 0.0213199 0.0300745 0.0401137 0.0507196 0.0607548 0.068939 0.0743163 0.0765578 0.0759012 0.0728658 0.0680135 0.0618644 0.054909 0.0476205 0.0404278 0.0336607 0.0275065 0.0220156 0.0171587 0.0129024 0.00925419 0.00625615 0.00394158
 0.00869136 0.0141097 0.0212129 0.0299123 0.0398811 0.0504043 0.0603511 0.0684512 0.073761 0.0759706 0.0753456 0.0724411 0.0678442 0.0620618 0.0555109 0.0485445 0.0414792 0.0346046 0.0281654 0.0223321 0.0171908 0.012767 0.00906432 0.00608487 0.00381813
 0.00868736 0.014101 0.0211953 0.0298794 0.0398244 0.050314 0.0602169 0.068264 0.0735152 0.0756669 0.0749964 0.0720765 0.0675178 0.0618485 0.055489 0.048762 0.0419189 0.0351743 0.0287293 0.0227684 0.0174403 0.0128438 0.00902865 0.00600371 0.00373826
 0.00868914 0.0141047 0.0212021 0.0298904 0.0398392 0.050329 0.0602245 0.0682525 0.0734706 0.0755763 0.0748518 0.0718795 0.0672836 0.0616098 0.0552948 0.0486667 0.0419618 0.0353567 0.0290059 0.023063 0.0176797 0.0129885 0.00908128 0.00599484 0.00370365
 0.00867906 0.0140903 0.0211844 0.0298715 0.0398223 0.0503175 0.0602202 0.0682551 0.0734761 0.0755766 0.074836 0.0718361 0.0672054 0.0614991 0.0551677 0.0485527 0.041896 0.0353663 0.0290949 0.0232072 0.0178366 0.0131173 0.00916068 0.00602668 0.00370423
 0.00867104 0.0140778 0.0211665 0.0298483 0.0397946 0.0502876 0.0601921 0.0682333 0.0734646 0.0755769 0.074845 0.0718463 0.0672069 0.0614828 0.0551302 0.0485001 0.0418445 0.0353371 0.0291045 0.0232583 0.0179153 0.0132004 0.00922736 0.0060673 0.00372122
 0.00865494 0.0140534 0.0211331 0.0298065 0.0397463 0.0502356 0.0601401 0.0681859 0.0734272 0.075554 0.0748396 0.0718581 0.0672318 0.0615133 0.0551575 0.0485181 0.0418531 0.0353429 0.0291182 0.0232878 0.0179612 0.0132545 0.0092779 0.00610516 0.00374367
 0.00864429 0.0140346 0.0211024 0.0297599 0.0396811 0.0501526 0.0600452 0.0680897 0.0733422 0.0754914 0.0748065 0.0718564 0.0672587 0.0615626 0.0552206 0.0485855 0.0419172 0.0354 0.0291692 0.0233364 0.0180102 0.0133032 0.00932215 0.00614037 0.00376755
 0.00864376 0.0140335 0.0211 0.0297548 0.0396714 0.0501355 0.0600175 0.0680494 0.0732898 0.0754314 0.0747469 0.0718067 0.0672272 0.0615534 0.0552332 0.0486155 0.0419577 0.0354445 0.0292132 0.0233781 0.0180493 0.0133396 0.00935454 0.00616675 0.00378657
 0.00864408 0.0140342 0.0211014 0.0297572 0.0396749 0.0501395 0.0600205 0.0680487 0.0732822 0.0754142 0.0747189 0.0717701 0.0671871 0.0615171 0.0552075 0.0486046 0.041962 0.0354612 0.0292377 0.0234063 0.018078 0.0133667 0.00937852 0.00618637 0.00380108
 0.00863308 0.0140187 0.0210824 0.0297373 0.0396573 0.050127 0.0600148 0.0680496 0.0732878 0.0754216 0.0747247 0.0717711 0.0671817 0.061506 0.0551939 0.0485931 0.041957 0.035465 0.0292502 0.023425 0.0180999 0.0133887 0.00939839 0.00620264 0.00381316
 0.00863308 0.0140187 0.0210824 0.0297373 0.0396573 0.050127 0.0600148 0.0680496 0.0732878 0.0754216 0.0747247 0.0717711 0.0671817 0.061506 0.0551939 0.0485931 0.041957 0.035465 0.0292502 0.023425 0.0180999 0.0133887 0.00939839 0.00620264 0.00381316
 0.0086329 0.014019 0.0210842 0.0297419 0.0396663 0.0501417 0.0600357 0.068076 0.0733174 0.0754504 0.074748 0.0717843 0.0671814 0.0614914 0.0551671 0.0485586 0.0419207 0.0354327 0.0292259 0.0234104 0.0180941 0.0133896 0.00940299 0.00620853 0.00381862
 0.00879695 0.0142771 0.0214553 0.0302346 0.0402739 0.0508356 0.0607614 0.0687565 0.0738686 0.0758025 0.0748629 0.0716618 0.0668531 0.0610093 0.0545909 0.0479457 0.0413198 0.0348802 0.0287456 0.0230145 0.0177849 0.0131613 0.00924462 0.00610588 0.0037569
 0.00834722 0.0135848 0.020489 0.0289991 0.0388178 0.049257 0.059208 0.0674116 0.0729131 0.0753647 0.0749824 0.0722842 0.0678554 0.0622385 0.0559 0.0492178 0.0424768 0.0358811 0.0295772 0.023681 0.0183 0.0135436 0.00951475 0.00628593 0.00386895
#pred catch len freq
 0.00313008 0.00510351 0.00774234 0.0111038 0.015233 0.0201105 0.0255929 0.0314097 0.0372226 0.0426951 0.0475417 0.0515611 0.0546619 0.0568637 0.0582702 0.0590358 0.0593407 0.0593576 0.0591708 0.0586444 0.0573163 0.0544623 0.0494173 0.0420359 0.0329768
 0.00333844 0.00538306 0.00805563 0.0113843 0.0154099 0.0201435 0.025495 0.031239 0.0370459 0.0425492 0.0474191 0.051431 0.0545086 0.0567166 0.058204 0.0591389 0.0596656 0.0598766 0.059762 0.0591222 0.0575019 0.054262 0.0488666 0.0412802 0.0322008
 0.00344491 0.00558355 0.00840281 0.0119303 0.0161774 0.0210907 0.0264987 0.0321219 0.0376438 0.0427814 0.0473129 0.0510867 0.0540386 0.0562055 0.0577094 0.0587119 0.059357 0.0597138 0.0597141 0.0590888 0.0573466 0.05388 0.0482435 0.0405031 0.0314124
 0.00356283 0.00577165 0.00868339 0.0123326 0.0167436 0.0218755 0.0275512 0.0334471 0.03916 0.0443057 0.0486016 0.0519216 0.0543108 0.0559448 0.0570488 0.0578217 0.0583894 0.0587729 0.0588427 0.058267 0.0565108 0.052967 0.047241 0.0394705 0.030456
 0.0037062 0.00600337 0.00902991 0.0128188 0.0173905 0.0226974 0.028554 0.0346279 0.0405058 0.0457809 0.0501238 0.0533439 0.0554363 0.0565841 0.0570928 0.0572835 0.0573904 0.0574842 0.0574195 0.0568079 0.0550554 0.0515267 0.0458395 0.0381665 0.0293307
 0.00387391 0.00627411 0.00943468 0.0133875 0.0181491 0.0236624 0.0297237 0.0359763 0.0419834 0.0473219 0.0516539 0.0547804 0.0566795 0.0575105 0.0575673 0.0571971 0.0567059 0.0562585 0.0557848 0.0549251 0.053072 0.0495619 0.0439941 0.0365335 0.0279887
 0.00411784 0.00666083 0.00999934 0.0141588 0.0191479 0.0248972 0.0311832 0.0376216 0.0437464 0.0491115 0.0533677 0.0563167 0.0579462 0.0584249 0.0580492 0.0571666 0.056097 0.0550485 0.0540219 0.0527332 0.0506299 0.0470706 0.0416457 0.0344873 0.0263498
 0.00432866 0.00701339 0.0105487 0.0149637 0.0202607 0.0263464 0.0329547 0.0396496 0.0459197 0.0512928 0.0554145 0.0580986 0.0593558 0.0593819 0.0584962 0.0570589 0.0553969 0.0537333 0.0521079 0.0503041 0.0478493 0.044167 0.0388712 0.0320639 0.024422
 0.00453493 0.00734496 0.0110433 0.0156609 0.0212028 0.0275755 0.0345009 0.0415127 0.0480499 0.0535814 0.0577017 0.0601999 0.0610971 0.0606277 0.0591597 0.0570937 0.0547814 0.052463 0.0502051 0.0478425 0.0449794 0.0411179 0.035917 0.0294613 0.0223455
 0.00481148 0.00778145 0.0116766 0.0165193 0.0223044 0.0289262 0.0360896 0.0433075 0.0499991 0.0556153 0.0597321 0.0621163 0.0627684 0.0619145 0.0599345 0.0572593 0.0542791 0.0512729 0.0483481 0.0453943 0.0420895 0.0380156 0.0328842 0.0267706 0.0201894
 0.0050679 0.00820079 0.0123127 0.0174243 0.0235203 0.0304691 0.0379335 0.0453768 0.0521785 0.0577722 0.0617404 0.0638714 0.0641887 0.062933 0.0604876 0.0572817 0.0537089 0.0500659 0.0464988 0.0429589 0.0392062 0.0349082 0.029834 0.0240541 0.018006
 0.00529994 0.008572 0.0128621 0.0181895 0.024537 0.0317665 0.0395228 0.0472353 0.0542372 0.0599139 0.0638135 0.0657166 0.06567 0.0639571 0.0610038 0.0572642 0.0531381 0.0489224 0.0447777 0.0406994 0.0365223 0.0319997 0.0269627 0.0214843 0.015932
 0.00556479 0.00899173 0.0134743 0.019024 0.0256132 0.0330892 0.0410753 0.0489746 0.0560949 0.0618022 0.0656307 0.0673514 0.0670093 0.0648987 0.0614702 0.0572099 0.0525442 0.0477884 0.0431195 0.0385645 0.0340149 0.0292966 0.0242978 0.0190973 0.0140025
 0.00585135 0.00944383 0.0141298 0.0199107 0.0267468 0.0344686 0.0426741 0.0507347 0.0579278 0.0636005 0.0672835 0.0687588 0.06809 0.0655923 0.0617336 0.0570136 0.0518713 0.0466357 0.0415042 0.0365363 0.0316734 0.0268014 0.0218553 0.0169181 0.012244
 0.00604311 0.00976102 0.0146174 0.0206146 0.0277048 0.0356965 0.0441511 0.0523964 0.0596742 0.0653133 0.0688451 0.070067 0.0690665 0.0661856 0.0619167 0.0567767 0.051214 0.0455646 0.040038 0.0347204 0.0295961 0.0246023 0.0197128 0.0150125 0.0107091
 0.00621872 0.0100446 0.0150421 0.0212141 0.0285114 0.0367359 0.0454304 0.0538908 0.0613168 0.0669955 0.0704303 0.0714151 0.0700626 0.0667585 0.0620419 0.0564648 0.0504943 0.044472 0.0386122 0.033015 0.027694 0.022625 0.017811 0.0133361 0.00936713
 0.0064427 0.0103897 0.015527 0.021846 0.0292892 0.0376537 0.046478 0.0550495 0.0625545 0.068262 0.071656 0.0725134 0.0709389 0.067326 0.0622387 0.0562638 0.0499025 0.0435222 0.0373541 0.0315132 0.0260337 0.0209166 0.0161831 0.0119119 0.00823349
 0.00645763 0.0104406 0.0156525 0.0220979 0.0297191 0.0382925 0.0473186 0.0560448 0.0636313 0.0693437 0.0726771 0.0734221 0.0716903 0.0678748 0.0625382 0.0562729 0.0495957 0.0428982 0.0364389 0.0303604 0.024723 0.0195499 0.0148739 0.0107651 0.00732107
 0.00651168 0.0104987 0.0156883 0.0220772 0.0296205 0.0381331 0.0471679 0.0560098 0.0638144 0.0697955 0.0733738 0.0742782 0.0725935 0.0687188 0.0632377 0.0567639 0.0498322 0.0428525 0.0361077 0.0297708 0.0239351 0.0186514 0.0139668 0.00994489 0.00665566
 0.00656641 0.0105819 0.0158004 0.0222083 0.0297461 0.038213 0.047155 0.0558722 0.0635647 0.0695074 0.0731664 0.074268 0.0728401 0.0691984 0.0638566 0.0573972 0.0503619 0.043191 0.0362064 0.0296222 0.0235711 0.0181378 0.0133895 0.00938974 0.00618809
 0.00666075 0.0107267 0.0160019 0.0224662 0.0300519 0.0385489 0.0474906 0.0561628 0.063757 0.0695556 0.073056 0.0740345 0.072566 0.0689833 0.063773 0.0574576 0.0505166 0.0433535 0.0362893 0.029567 0.0233627 0.017804 0.0129876 0.00898688 0.0058396
 0.00667356 0.0107647 0.0160904 0.0226381 0.0303379 0.0389624 0.0480147 0.0567468 0.0643256 0.0700263 0.0733576 0.0741238 0.0724414 0.0686897 0.0633911 0.0570761 0.0501983 0.0431135 0.0360982 0.0293749 0.0231291 0.0175174 0.0126681 0.00867242 0.00556785
 0.00667654 0.0107626 0.0160767 0.0226078 0.0302961 0.0389332 0.0480423 0.0568831 0.0646049 0.0704397 0.0738456 0.0745926 0.0727964 0.0688689 0.0633832 0.0569186 0.0499559 0.0428494 0.0358504 0.0291492 0.0229113 0.0172932 0.0124372 0.00845017 0.00537507
 0.00667185 0.0107501 0.0160483 0.0225516 0.0301981 0.0387818 0.0478368 0.056642 0.0643716 0.0702773 0.0738172 0.0747329 0.0730902 0.0692513 0.0637661 0.0572261 0.0501507 0.0429352 0.0358552 0.0291033 0.0228339 0.0171933 0.0123216 0.00832973 0.00526394
 0.00672459 0.0108206 0.016126 0.0226169 0.0302273 0.0387549 0.0477436 0.0564856 0.0641666 0.0700494 0.0736026 0.0745754 0.073031 0.0693126 0.0639368 0.0574626 0.0503938 0.043134 0.0359833 0.0291597 0.0228327 0.0171524 0.0122574 0.00825634 0.00519365
 0.00667845 0.0107546 0.0160422 0.0225207 0.0301221 0.0386368 0.0476002 0.0563012 0.0639342 0.0697812 0.0733325 0.0743509 0.0728992 0.0693068 0.0640673 0.0577127 0.0507226 0.0434868 0.0363076 0.0294193 0.0230133 0.0172587 0.012305 0.00826475 0.00518096
 0.00666535 0.0107373 0.0160239 0.0225073 0.030121 0.0386545 0.0476378 0.056351 0.0639777 0.0697922 0.0732865 0.074238 0.0727336 0.0691255 0.0639177 0.0576345 0.0507327 0.0435751 0.0364432 0.0295639 0.0231358 0.0173424 0.0123491 0.00827803 0.00517603
