SBPRF35
8.29812
Curr Bio
642068
B35
535416
F35
0.207617
FOFL
0.207617
OFL
100856
Bzero
2.37089e+006
#pred survey bio
 3.38038e+006 2.97194e+006 2.57046e+006 2.02291e+006 1.71032e+006 1.51703e+006 1.36338e+006 1.23436e+006 1.13243e+006 1.02782e+006 928167 808082 735510 662381 626720 607950 587090 576662 528551 502477 484591 477338 466632 482590 494099 503381 519610 540031 546003 558315 588193 606749 579037 505994 474368 472636 497483 515267 540176 588453 632633 627912 592829 569815 583967 579950 561208 565654 635175 650231 1.44537e+007 1.31732e+007 1.34155e+007 1.40263e+007 1.48225e+007 1.56394e+007 1.63779e+007 1.69955e+007 1.74861e+007 1.78628e+007 1.81455e+007 1.83547e+007 1.85082e+007 1.86204e+007 1.87024e+007 1.87625e+007 1.88066e+007 1.88392e+007 1.88634e+007 1.88815e+007 1.88951e+007 1.89054e+007 1.89131e+007 1.89191e+007 1.89236e+007 1.89271e+007 1.89297e+007 1.89318e+007 1.89334e+007 1.89346e+007 1.89355e+007 1.89363e+007 1.89368e+007 1.89373e+007 1.89376e+007 1.89379e+007 1.89381e+007 1.89383e+007 1.89384e+007 1.89385e+007 1.89386e+007 1.89386e+007 1.89387e+007 1.89387e+007 1.89387e+007 1.89388e+007 1.89388e+007 1.89388e+007 1.89388e+007 1.89388e+007 1.89388e+007 1.89388e+007 1.89388e+007 1.89388e+007 1.89388e+007 1.89388e+007 1.89388e+007 1.89388e+007 1.89388e+007 1.89388e+007 1.89388e+007 1.89388e+007 1.89388e+007 1.89388e+007 1.89388e+007 1.89388e+007 1.89388e+007 1.89388e+007 1.89388e+007 1.89388e+007 1.89388e+007 1.89388e+007 1.89388e+007 1.89388e+007 1.89388e+007 1.89388e+007 1.89388e+007 1.89388e+007 1.89388e+007 1.89388e+007 1.89388e+007 1.89388e+007 1.89388e+007 1.89388e+007 1.89388e+007 1.89388e+007 1.89388e+007 1.89388e+007 1.89388e+007 1.89388e+007 1.89388e+007 1.89388e+007 1.89388e+007 1.89388e+007 1.89388e+007 1.89388e+007 1.89388e+007 1.89388e+007 1.89388e+007 1.89388e+007 0 0 0 0 0 0 0 0 0 0 0 0 0 0 0 0 0 0 0 0 0 0 0 0 0
#obs survey bio
 3.21546e+006 2.74029e+006 3.24035e+006 1.59362e+006 1.87856e+006 1.64204e+006 1.26988e+006 1.42097e+006 992419 732218 1.09965e+006 732299 775266 628658 497013 876602 584669 627762 432016 557783 337902 450779 424488 516640 572543 502280 704138 650426 612935 386072 583724 614080 625502 488823 531956 459569 599021 508024 496400 589084 828447 625796 586145 441594 695968 668477 511152 574321 818694 789826
#pred catch bio
 336589 300708 276400 260237 300234 303186 305045 272051 260254 261822 245230 181603 170010 153787 159503 142519 116183 127835 115803 115552 105181 109360 95433 101012 99390.9 91428 95233.9 104513 103986 91680.5 93394.5 95211.2 88652.8 87097.1 81585.6 78339.3 88396.6 84086.2 85723.3 83860.1 90599 88224.1 90996.7 92334 92088.3 93671.2 100802 55029.8 87367.8 122405 100856 100086 100584 104101 109477 115106 120134 124236 127387 129703 131354 132501 133285 133811 134162 134393 134544 134642 134706 134747 134773 134790 134801 134808 134812 134815 134817 134818 134819 134819 134820 134820 134820 134820 134820 134820 134820 134820 134820 134820 134820 134820 134820 134820 134820 134820 134820 134820 134820 134820 134820 134820 134820 134820 134820 134820 134820 134820 134820 134820 134820 134820 134820 134820 134820 134820 134820 134820 134820 134820 134820 134820 134820 134820 134820 134820 134820 134820 134820 134820 134820 134820 134820 134820 134820 134820 134820 134820 134820 134820 134820 134820 134820 134820 134820 134820 134820 134820 134820 134820 0 0 0 0 0 0 0 0 0 0 0 0 0 0 0 0 0 0 0 0 0 0 0 0 0
#obs catch bio
 246512 300743 275801 259785 301366 303377 306531 272146 259520 263408 245384 181175 169632 153490 161102 142556 115879 127676 115737 115830 105060 109420 95478.9 101150 99420.4 91240.3 95300.3 104470 104153 91668.9 93505.7 95202.2 88407 87198.6 81608.7 78360.1 88529.8 83941.7 85958.9 83832.3 90555.1 88063.4 90953 92599.5 92017.7 93475.6 101519 54634.5 87311.6 122749
#pred cpue bio
 3.33564e+006 2.93007e+006 2.5311e+006 1.98927e+006 1.6792e+006 1.48658e+006 1.33345e+006 1.20464e+006 1.10283e+006 998651 899520 781156 709769 638138 603008 584364 564218 554377 507903 482686 465423 458530 448082 463471 474597 483615 499381 519210 525074 536991 566100 584218 556470 484567 453094 451351 475448 492649 516583 562770 605333 601063 567590 545425 558859 555197 537240 541055 608818 624082 1.38587e+007 1.26241e+007 1.27646e+007 1.32954e+007 1.40721e+007 1.48858e+007 1.56239e+007 1.62414e+007 1.6732e+007 1.71087e+007 1.73914e+007 1.76006e+007 1.77541e+007 1.78663e+007 1.79483e+007 1.80084e+007 1.80525e+007 1.80851e+007 1.81093e+007 1.81274e+007 1.8141e+007 1.81513e+007 1.8159e+007 1.8165e+007 1.81695e+007 1.8173e+007 1.81756e+007 1.81777e+007 1.81792e+007 1.81805e+007 1.81814e+007 1.81822e+007 1.81827e+007 1.81832e+007 1.81835e+007 1.81838e+007 1.8184e+007 1.81842e+007 1.81843e+007 1.81844e+007 1.81845e+007 1.81845e+007 1.81846e+007 1.81846e+007 1.81846e+007 1.81847e+007 1.81847e+007 1.81847e+007 1.81847e+007 1.81847e+007 1.81847e+007 1.81847e+007 1.81847e+007 1.81847e+007 1.81847e+007 1.81847e+007 1.81847e+007 1.81847e+007 1.81847e+007 1.81847e+007 1.81847e+007 1.81847e+007 1.81847e+007 1.81847e+007 1.81847e+007 1.81847e+007 1.81847e+007 1.81847e+007 1.81847e+007 1.81847e+007 1.81847e+007 1.81847e+007 1.81847e+007 1.81847e+007 1.81847e+007 1.81847e+007 1.81847e+007 1.81847e+007 1.81847e+007 1.81847e+007 1.81847e+007 1.81847e+007 1.81847e+007 1.81847e+007 1.81847e+007 1.81847e+007 1.81847e+007 1.81847e+007 1.81847e+007 1.81847e+007 1.81847e+007 1.81847e+007 1.81847e+007 1.81847e+007 1.81847e+007 1.81847e+007 1.81847e+007 1.81847e+007 1.81847e+007 1.81847e+007 0 0 0 0 0 0 0 0 0 0 0 0 0 0 0 0 0 0 0 0 0 0 0 0 0
#obs cpue bio
 2.28024e+006 3.02543e+006 2.82418e+006 2.24759e+006 1.16819e+006 1.55072e+006 1.1274e+006 1.19904e+006 1.53932e+006 898262 1.01846e+006 854633 769802 640432 429404 603657 564738 602031 546600 393910 727192 505998 411600 452771 433192 524204 314669 505197 414116 734485 534650 663068 631946 415189 406284 413944 424756 564364 407289 627524 537763 642860 564489 519754 590698 544007 444521 540666 604872 452881
#pred surv len freq
 0.00475895 0.0078328 0.0119829 0.0172412 0.0234884 0.0303503 0.0371848 0.0432598 0.0480363 0.0513425 0.0533279 0.0542876 0.0545136 0.0542357 0.0536254 0.05282 0.0519454 0.0511129 0.0503614 0.0495444 0.0482348 0.0457748 0.0415498 0.0353862 0.0278021
 0.00513329 0.00838786 0.0127216 0.0181393 0.0245114 0.0314753 0.0384093 0.0445848 0.0494349 0.0527359 0.0545917 0.0552892 0.0551622 0.0545144 0.0535864 0.0525463 0.051499 0.0504942 0.0495018 0.0483417 0.0466219 0.043788 0.0393545 0.0332344 0.0259408
 0.00530336 0.0087121 0.0132936 0.019064 0.0258672 0.0332627 0.0405163 0.0468048 0.0515358 0.0545401 0.0560135 0.056314 0.0557977 0.0547611 0.0534435 0.0520317 0.0506533 0.0493585 0.0480895 0.0466347 0.0446065 0.041512 0.0369623 0.0309456 0.0239762
 0.00558934 0.00914613 0.0138939 0.0198394 0.0268311 0.0344458 0.0419619 0.0485369 0.053515 0.056637 0.058026 0.0580263 0.0570455 0.0554645 0.0535963 0.05167 0.0498276 0.0481199 0.0464819 0.0446959 0.0423843 0.0390952 0.0345028 0.0286435 0.0220239
 0.00568577 0.00935646 0.0143065 0.0205621 0.0279569 0.0360053 0.0438907 0.0506873 0.0557104 0.0587315 0.0599256 0.0596645 0.0583471 0.0563355 0.0539477 0.0514494 0.0490329 0.0467899 0.0446789 0.042497 0.039888 0.0364381 0.031866 0.0262315 0.0200148
 0.00584165 0.00961998 0.0147253 0.021196 0.028876 0.0372786 0.0455636 0.0527512 0.0580768 0.0612299 0.0623339 0.0617634 0.0599702 0.0573873 0.0543871 0.0512637 0.0482248 0.0453814 0.0427213 0.0400787 0.0371412 0.033541 0.0290342 0.0236851 0.0179278
 0.00605808 0.00997253 0.0152574 0.0219493 0.0298839 0.0385574 0.0471031 0.0545136 0.0600031 0.0632459 0.0643468 0.0636538 0.0615938 0.058595 0.0550554 0.0513147 0.0476289 0.0441488 0.0408982 0.0377528 0.0344526 0.0306849 0.0262434 0.0211887 0.0158977
 0.00633821 0.0104279 0.0159421 0.0229118 0.0311562 0.0401382 0.0489427 0.0565123 0.0620312 0.0651753 0.0660776 0.06512 0.0627502 0.0593966 0.0554441 0.051223 0.0469957 0.0429403 0.0391243 0.0354807 0.0318149 0.0278782 0.0235046 0.0187487 0.0139252
 0.00660695 0.0108534 0.0165615 0.0237532 0.0322352 0.0414519 0.0504615 0.0581745 0.0637476 0.0668425 0.0675953 0.0664051 0.0637437 0.0600615 0.0557539 0.0511479 0.0464969 0.0419775 0.0376786 0.0335814 0.0295607 0.0254393 0.0210988 0.0165927 0.0121785
 0.00677375 0.0111487 0.0170494 0.0245048 0.033308 0.0428606 0.0521536 0.0600304 0.0656098 0.0685591 0.0690519 0.067534 0.0645147 0.0604676 0.0557993 0.0508379 0.0458295 0.0409426 0.0362686 0.0318148 0.0275085 0.0232375 0.0189327 0.0146533 0.0106088
 0.00696453 0.0114661 0.0175414 0.0252233 0.0343012 0.0441581 0.0537467 0.061857 0.0675521 0.0704575 0.0707335 0.0688479 0.0653621 0.0608145 0.0556676 0.0502799 0.0449017 0.0396896 0.034723 0.0300137 0.0255178 0.0211686 0.0169364 0.0128866 0.00918931
 0.00736869 0.0120806 0.0183875 0.0262944 0.0355688 0.0455813 0.0552775 0.0634392 0.0691193 0.0719334 0.072033 0.0698812 0.0660435 0.061078 0.0554824 0.0496575 0.043888 0.0383478 0.0331192 0.0282151 0.0236033 0.0192408 0.01512 0.0113058 0.00793372
 0.00747606 0.0122657 0.018684 0.0267355 0.0361749 0.0463443 0.0561519 0.0643518 0.0699976 0.0727351 0.0727549 0.0705393 0.0666393 0.0615758 0.0558124 0.0497406 0.0436653 0.0377988 0.032264 0.0271075 0.0223236 0.0178907 0.0138136 0.0101507 0.00700689
 0.00760207 0.0124665 0.0189792 0.0271423 0.0367064 0.0470052 0.0569315 0.0652162 0.0708878 0.0735756 0.0734726 0.0710847 0.0669983 0.0617623 0.0558456 0.0496232 0.0433779 0.0373128 0.0315641 0.0262085 0.0212772 0.0167795 0.0127359 0.00919904 0.00624556
 0.00750734 0.0123516 0.0188785 0.0271114 0.036807 0.0472819 0.0573924 0.0658303 0.071598 0.0743174 0.0741862 0.0717189 0.0675117 0.0621268 0.056049 0.0496657 0.0432628 0.0370385 0.0311264 0.0256129 0.0205519 0.0159811 0.0119408 0.00848415 0.00566709
 0.00755736 0.0124185 0.0189547 0.0271871 0.0368807 0.0473727 0.0575431 0.0660945 0.072012 0.0748743 0.0748293 0.0723599 0.0680622 0.0625237 0.0562636 0.0496979 0.0431279 0.0367562 0.0307144 0.0250891 0.0199426 0.0153277 0.0112982 0.00790947 0.00520307
 0.00774452 0.0126744 0.0192499 0.0274634 0.037067 0.0474112 0.0574153 0.0658323 0.0716926 0.0745988 0.0746921 0.0724167 0.0683102 0.062904 0.0566858 0.050072 0.0433886 0.03687 0.0306746 0.0249082 0.0196473 0.0149571 0.0109007 0.00753429 0.00488909
 0.00765258 0.0125479 0.0190998 0.0273082 0.0369197 0.047264 0.0572335 0.0655693 0.0713215 0.0741441 0.0742384 0.0720839 0.0682069 0.0630832 0.0571244 0.0506829 0.0440541 0.0374791 0.0311488 0.0252103 0.0197778 0.0149449 0.0107919 0.00737977 0.00473293
 0.00773528 0.0126749 0.0192779 0.0275401 0.0372054 0.0476003 0.0576086 0.0659537 0.0716611 0.074366 0.0742739 0.0719029 0.0678426 0.0626274 0.0566921 0.050364 0.0438808 0.0374246 0.0311517 0.0252074 0.019728 0.0148379 0.0106427 0.00721678 0.0045838
 0.00764799 0.0125609 0.0191574 0.0274486 0.0371827 0.0476746 0.0577846 0.0662112 0.071964 0.0746727 0.0745422 0.0720918 0.0679182 0.0625769 0.0565361 0.0501548 0.0436816 0.0372804 0.031072 0.0251699 0.0196978 0.0147886 0.0105673 0.00712501 0.00449287
 0.00771234 0.012641 0.0192346 0.0274951 0.0371755 0.0476131 0.0577007 0.0661604 0.0719994 0.0748166 0.0747737 0.0723561 0.0681495 0.0627216 0.0565675 0.0500779 0.0435286 0.0370972 0.0308996 0.0250298 0.0195899 0.0147004 0.0104868 0.00704861 0.00442408
 0.00772913 0.0126653 0.0192644 0.0275231 0.0371872 0.0475873 0.0576143 0.0660006 0.0717786 0.0745788 0.0745842 0.0722745 0.0682012 0.0628855 0.0567886 0.0502939 0.0436949 0.0371989 0.0309466 0.0250423 0.0195854 0.0146875 0.0104675 0.00702366 0.00439657
 0.00786872 0.0128771 0.0195543 0.0278851 0.0376033 0.0480277 0.0580381 0.066357 0.0720144 0.074653 0.0744837 0.0720238 0.0678573 0.0625177 0.0564524 0.0500145 0.0434679 0.0370053 0.03077 0.0248777 0.0194367 0.0145608 0.010366 0.00694659 0.00434081
 0.00779818 0.0127736 0.0194192 0.0277271 0.0374359 0.0478655 0.0578941 0.0662422 0.0719373 0.0746188 0.0744922 0.0720685 0.0679284 0.0626077 0.0565595 0.0501401 0.04361 0.0371541 0.0309095 0.024993 0.0195201 0.0146131 0.0103934 0.00695708 0.00434151
 0.00782767 0.0128073 0.0194442 0.0277242 0.0373868 0.0477629 0.0577488 0.0660808 0.0717923 0.0745148 0.0744387 0.0720609 0.0679545 0.0626548 0.0566189 0.0502079 0.0436858 0.0372366 0.0309943 0.0250724 0.0195859 0.0146604 0.0104222 0.00697102 0.00434584
 0.00792511 0.0129441 0.0196096 0.0278926 0.0375227 0.0478307 0.0577224 0.0659522 0.0715748 0.0742428 0.0741597 0.071822 0.0677883 0.0625717 0.0566098 0.050253 0.0437641 0.0373314 0.0310935 0.0251668 0.0196682 0.0147255 0.0104682 0.00699964 0.00436119
 0.00784894 0.0128365 0.0194766 0.027748 0.0373809 0.0476973 0.0575893 0.0658011 0.0713898 0.0740241 0.0739299 0.0716213 0.0676602 0.0625476 0.0566983 0.0504393 0.0440174 0.0376157 0.0313766 0.0254249 0.0198867 0.0148977 0.0105941 0.00708439 0.00441325
 0.00775027 0.0126838 0.0192625 0.0274733 0.0370577 0.0473504 0.0572549 0.0655192 0.071191 0.0739172 0.0739006 0.0716442 0.067716 0.0626334 0.056825 0.0506196 0.0442532 0.0378939 0.0316728 0.0257117 0.020141 0.0151051 0.01075 0.00719204 0.00448123
 0.0077814 0.0127227 0.0192994 0.027492 0.0370402 0.0472844 0.05714 0.0653689 0.0710285 0.0737672 0.0737808 0.0715601 0.0676617 0.0625991 0.0568057 0.0506196 0.0442833 0.0379629 0.0317799 0.0258449 0.0202818 0.0152353 0.0108568 0.0072705 0.00453302
 0.00782651 0.0127892 0.0193861 0.0275916 0.0371391 0.0473636 0.0571783 0.0653475 0.0709385 0.0736153 0.0735902 0.0713631 0.0674887 0.0624686 0.0567222 0.0505785 0.0442786 0.0379906 0.0318377 0.0259276 0.0203794 0.0153343 0.0109447 0.00733935 0.0045809
 0.00782694 0.0127708 0.0193237 0.027452 0.0368913 0.0469949 0.0567065 0.0648219 0.0704258 0.0731806 0.0732815 0.0712055 0.067486 0.0626079 0.0569775 0.0509158 0.0446612 0.0383856 0.0322194 0.0262784 0.020687 0.0155906 0.0111454 0.00748531 0.00467829
 0.00848041 0.0136885 0.0204363 0.028602 0.0378744 0.0476287 0.0568888 0.0645499 0.0697791 0.0722858 0.0722789 0.0702237 0.066624 0.061925 0.0564941 0.0506209 0.044524 0.0383665 0.0322788 0.0263819 0.0208078 0.0157092 0.0112488 0.00756657 0.00473594
 0.00912408 0.0147192 0.021948 0.0306437 0.040408 0.050482 0.0597342 0.0669522 0.0713205 0.0727131 0.0715889 0.0686385 0.0644859 0.0595784 0.054208 0.0485645 0.0427777 0.0369481 0.0311684 0.0255417 0.0201945 0.0152797 0.0109627 0.00738713 0.00463095
 0.00914702 0.0148469 0.0223065 0.0314044 0.0417409 0.0524796 0.0623385 0.0699248 0.074275 0.0752024 0.0732165 0.0691622 0.0638788 0.0580231 0.0520256 0.0461116 0.0403577 0.0347657 0.0293284 0.0240726 0.0190769 0.0144697 0.0104058 0.00702656 0.00441305
 0.00886048 0.0144473 0.0218336 0.0309519 0.041451 0.0525215 0.0628753 0.0710683 0.0760327 0.0774331 0.0756253 0.0713571 0.0654772 0.0587668 0.0518523 0.0451541 0.0388794 0.0330664 0.0276637 0.0226117 0.0179002 0.0135885 0.00978943 0.006624 0.00416865
 0.00874406 0.014228 0.0214528 0.0303501 0.0405995 0.0514659 0.0617658 0.0701491 0.0755787 0.0776571 0.0765957 0.0729597 0.0674363 0.0607176 0.0534444 0.0461506 0.0392131 0.0328321 0.0270577 0.0218508 0.0171584 0.0129692 0.00932952 0.00631481 0.00397902
 0.00860289 0.0140096 0.0211427 0.0299367 0.0400703 0.0508066 0.0609706 0.0692441 0.0746492 0.0768587 0.0761287 0.0730051 0.0680772 0.0618861 0.0549263 0.0476523 0.0404599 0.0336548 0.0274276 0.0218567 0.0169461 0.0126791 0.00905832 0.00610784 0.00384276
 0.00873838 0.0141901 0.0213412 0.0301038 0.0401477 0.0507476 0.0607555 0.0688806 0.074163 0.0762873 0.0755286 0.0724647 0.0677131 0.0618109 0.0551947 0.0482194 0.0411849 0.0343534 0.0279459 0.0221246 0.0169847 0.0125678 0.00888761 0.00594475 0.00371968
 0.00881424 0.0143082 0.021507 0.0303133 0.0403818 0.0509676 0.0609044 0.0688956 0.0739983 0.0759356 0.0750292 0.071894 0.0671662 0.0613839 0.0549676 0.0482354 0.0414298 0.0347503 0.0283787 0.0224834 0.0172063 0.0126492 0.00886938 0.00588023 0.00365042
 0.00880117 0.0142942 0.0214992 0.030323 0.0404207 0.0510424 0.0610102 0.0690121 0.0740907 0.0759622 0.0749551 0.0717062 0.0668844 0.0610596 0.0546723 0.0480397 0.0413801 0.034851 0.0285891 0.0227332 0.0174254 0.0127948 0.00893552 0.0058882 0.00362975
 0.00871905 0.0141611 0.0213008 0.0300495 0.0400728 0.0506382 0.0605897 0.0686324 0.0738099 0.0758187 0.0749531 0.0718157 0.0670568 0.0612491 0.0548547 0.0482182 0.0415767 0.035088 0.0288701 0.0230365 0.0177123 0.0130283 0.00909666 0.00598031 0.0036713
 0.00872391 0.014162 0.021289 0.0300116 0.0399934 0.0505047 0.060398 0.0683914 0.0735431 0.0755614 0.0747441 0.071686 0.0670184 0.0612921 0.054954 0.0483479 0.0417218 0.0352468 0.0290466 0.0232286 0.0179061 0.0132025 0.0092328 0.0060713 0.00372235
 0.00871429 0.0141509 0.0212801 0.0300096 0.0400009 0.0505181 0.0604046 0.0683723 0.0734803 0.0754469 0.0745862 0.0715092 0.0668553 0.0611727 0.0548952 0.0483505 0.0417749 0.0353358 0.0291597 0.0233565 0.018039 0.013328 0.0093383 0.006149 0.00377175
 0.00869942 0.0141397 0.0212871 0.0300556 0.0401069 0.050695 0.0606447 0.0686462 0.0737428 0.0756487 0.0746868 0.0714881 0.0667183 0.0609495 0.0546305 0.0480895 0.0415519 0.0351688 0.0290517 0.0233012 0.0180247 0.0133407 0.00936388 0.00617579 0.00379276
 0.00858854 0.0139835 0.0210973 0.0298602 0.0399444 0.0506044 0.060655 0.0687692 0.0739689 0.0759465 0.0750076 0.0717757 0.066924 0.0610456 0.054617 0.0479917 0.0414086 0.0350194 0.0289254 0.0232124 0.0179749 0.0133224 0.00936571 0.00618679 0.00380498
 0.00861719 0.0140014 0.0210729 0.0297515 0.0397159 0.0502514 0.0602201 0.0683374 0.0736393 0.0757947 0.0750592 0.0720027 0.0672609 0.0614145 0.0549507 0.0482485 0.0415771 0.035113 0.0289703 0.023235 0.0179934 0.0133444 0.00939113 0.00621164 0.00382548
 0.00870049 0.0141336 0.0212635 0.0300007 0.0400079 0.0505476 0.0604607 0.0684566 0.0735942 0.0755906 0.0747541 0.0716835 0.0670046 0.0612585 0.0548869 0.0482395 0.0415805 0.0351003 0.0289336 0.0231825 0.0179395 0.0133009 0.00936269 0.00619698 0.00382013
 0.00871043 0.0141749 0.0213714 0.0302211 0.0403824 0.0510904 0.0611387 0.0691854 0.0742553 0.0760656 0.0749609 0.071601 0.0666766 0.0607741 0.054346 0.0477202 0.0411235 0.0347136 0.0286092 0.0229112 0.0177176 0.0131281 0.00923766 0.00611419 0.00377042
 0.00830264 0.0135137 0.0203854 0.0288608 0.0386488 0.0490707 0.059028 0.0672659 0.072824 0.0753386 0.0750068 0.0723355 0.0679127 0.0622934 0.0559581 0.0492898 0.0425693 0.0359916 0.0296966 0.0237989 0.018409 0.0136395 0.00959527 0.00634956 0.00391539
 0.00833339 0.0135406 0.020381 0.0287795 0.0384319 0.0486595 0.0583834 0.0663921 0.0717865 0.0742681 0.0740756 0.0717089 0.0676943 0.0624936 0.0565005 0.0500496 0.0434181 0.0368276 0.0304536 0.0244415 0.0189235 0.0140277 0.00987031 0.0065316 0.00402742
#obs surv len freq
 0.00496618 0.0081368 0.0123807 0.0177128 0.0240071 0.030897 0.0377545 0.0438529 0.0486387 0.0519088 0.0537808 0.0545412 0.0545121 0.0539937 0.0532494 0.0524947 0.0518749 0.0514245 0.0510041 0.0502441 0.0485622 0.0453276 0.0401636 0.0332385 0.0253332
 0.00518066 0.00848441 0.0129022 0.0184461 0.0249814 0.0321228 0.0392123 0.0454877 0.050366 0.0536272 0.0553861 0.0559332 0.0555988 0.0546939 0.0534966 0.0522433 0.0511085 0.0501626 0.0493082 0.048219 0.0463526 0.0431061 0.0381062 0.0314918 0.0239824
 0.00541525 0.00886936 0.0134879 0.0192812 0.0261025 0.0335389 0.0408901 0.047348 0.0522972 0.0555092 0.0571094 0.0574071 0.0567482 0.0554538 0.0538079 0.0520543 0.0503817 0.0488877 0.047518 0.0460032 0.0438632 0.0405454 0.0356943 0.0294194 0.0223668
 0.00564759 0.00925203 0.0140732 0.0201214 0.0272402 0.0349913 0.0426321 0.0493053 0.0543555 0.0575358 0.0589753 0.059002 0.0579864 0.0562721 0.054159 0.0518989 0.0496859 0.0476315 0.0457136 0.0437194 0.0412418 0.0377969 0.0330642 0.0271317 0.0205669
 0.00589023 0.00964787 0.0146718 0.0209705 0.0283777 0.0364319 0.0443525 0.0512383 0.0563975 0.0595642 0.0608663 0.0606429 0.0592822 0.0571481 0.0545601 0.0517851 0.0490279 0.0464117 0.0439393 0.041447 0.0385998 0.0349904 0.0303456 0.0247414 0.0186698
 0.00613543 0.0100493 0.0152811 0.0218372 0.0295397 0.0378999 0.0460953 0.0531781 0.0584218 0.0615485 0.0626944 0.0622158 0.060519 0.0579836 0.0549421 0.0516719 0.0483875 0.0452246 0.0422099 0.0392247 0.0360026 0.0322128 0.0276346 0.02234 0.0167505
 0.00638702 0.010462 0.015909 0.0227325 0.0307422 0.0394205 0.0478991 0.0551784 0.0604938 0.0635535 0.0645045 0.063728 0.0616589 0.0587015 0.0552053 0.0514573 0.0476757 0.0440023 0.0404817 0.0370349 0.0334587 0.0294959 0.0249791 0.0199806 0.0148577
 0.00661316 0.0108352 0.0164811 0.0235554 0.0318576 0.0408438 0.0496023 0.057084 0.0624847 0.0654957 0.0662685 0.0652042 0.0627646 0.0593817 0.0554297 0.0512119 0.0469553 0.0428071 0.0388247 0.0349601 0.0310645 0.0269463 0.022488 0.0177644 0.0130759
 0.00685931 0.0112359 0.0170849 0.0244078 0.0329921 0.042268 0.0512833 0.0589433 0.0644076 0.0673526 0.0679356 0.0665773 0.0637649 0.0599575 0.0555541 0.0508773 0.0461669 0.0415785 0.0371812 0.0329522 0.0287869 0.0245484 0.0201613 0.0157025 0.0114208
 0.00707818 0.0115965 0.0176364 0.025198 0.0340572 0.0436163 0.0528796 0.0607048 0.0662172 0.0690825 0.0694697 0.0678225 0.064654 0.0604472 0.0556216 0.0505172 0.0453866 0.0403961 0.0356283 0.0310834 0.0266935 0.0223664 0.0180598 0.0138492 0.0099377
 0.00727154 0.0119153 0.0181243 0.0258983 0.0350044 0.0448218 0.0543173 0.0623051 0.0678759 0.0706799 0.070891 0.0689723 0.0654634 0.0608751 0.0556513 0.0501501 0.0446365 0.0392862 0.0341938 0.0293798 0.0248073 0.0204199 0.0162003 0.0122197 0.0086396
 0.00744687 0.0122018 0.0185583 0.0265147 0.0358297 0.0458637 0.0555534 0.0636784 0.0693017 0.0720605 0.0721306 0.0699874 0.0661889 0.0612668 0.0556871 0.0498273 0.043968 0.0382968 0.0329207 0.027878 0.0231571 0.0187299 0.014597 0.0108231 0.00753238
 0.00753401 0.0123472 0.0187843 0.0268456 0.0362882 0.0464646 0.0562965 0.0645444 0.0702529 0.0730461 0.0730916 0.0708612 0.066913 0.0617845 0.0559519 0.0498079 0.0436504 0.0376859 0.0320405 0.0267748 0.0219021 0.0174186 0.0133387 0.00972004 0.00665494
 0.00759959 0.0124478 0.0189252 0.0270293 0.0365169 0.0467425 0.0566309 0.0649436 0.0707219 0.0735818 0.073679 0.0714716 0.0675048 0.0623065 0.0563491 0.0500283 0.0436528 0.0374461 0.0315575 0.0260744 0.0210393 0.0164733 0.0124053 0.00888724 0.00598519
 0.00766355 0.0125461 0.0190623 0.0272051 0.0367263 0.0469764 0.0568772 0.0651905 0.070963 0.0738197 0.073925 0.0717389 0.0677984 0.0626148 0.0566417 0.0502603 0.0437736 0.0374112 0.0313395 0.0256724 0.020483 0.0158217 0.0117344 0.00827259 0.00548246
 0.00771638 0.0126259 0.0191711 0.0273405 0.0368822 0.047144 0.0570464 0.0653507 0.0711055 0.0739407 0.0740284 0.0718361 0.0679048 0.0627423 0.0567909 0.0504147 0.0439001 0.0374672 0.0312855 0.0254855 0.0201673 0.0154105 0.0112828 0.00784111 0.00511953
 0.0077617 0.0126946 0.0192649 0.0274575 0.0370165 0.0472867 0.0571864 0.0654763 0.0712065 0.0740119 0.0740711 0.0718584 0.0679192 0.0627625 0.0568273 0.0504692 0.0439618 0.0375121 0.031282 0.0254054 0.0199985 0.0151641 0.0109917 0.00754882 0.00486496
 0.0078041 0.0127601 0.0193569 0.0275761 0.0371583 0.0474442 0.0573474 0.0656255 0.0713281 0.074094 0.0741091 0.0718557 0.0678858 0.0627127 0.0567755 0.0504266 0.0439321 0.0374887 0.0312485 0.025341 0.0198875 0.0150049 0.0107994 0.00735018 0.00468734
 0.00784411 0.0128177 0.0194301 0.0276583 0.0372408 0.0475191 0.0574105 0.065676 0.0713673 0.0741231 0.074128 0.0718636 0.0678827 0.0627001 0.0567572 0.0504078 0.0439168 0.0374766 0.0312332 0.0253111 0.0198314 0.0149176 0.0106867 0.00722737 0.00457277
 0.00786728 0.0128549 0.0194846 0.0277319 0.0373318 0.0476212 0.0575117 0.0657612 0.0714234 0.0741442 0.0741175 0.0718317 0.0678407 0.0626565 0.0567167 0.050372 0.043886 0.0374501 0.0312077 0.0252808 0.0197895 0.0148596 0.0106141 0.00714786 0.0044974
 0.00786585 0.0128512 0.0194767 0.0277178 0.0373106 0.0475944 0.057484 0.0657392 0.0714126 0.0741461 0.07413 0.0718504 0.0678626 0.0626808 0.056744 0.0504027 0.043919 0.0374826 0.0312356 0.0252994 0.0197941 0.0148475 0.0105864 0.00710982 0.0044568
 0.00789377 0.0128884 0.0195174 0.0277518 0.0373256 0.0475811 0.0574402 0.0656708 0.0713321 0.0740688 0.0740688 0.0718136 0.067852 0.062693 0.056773 0.0504423 0.0439639 0.0375283 0.0312778 0.0253337 0.0198166 0.0148559 0.0105809 0.00709406 0.00443614
 0.00789359 0.012891 0.0195262 0.0277703 0.0373553 0.0476178 0.0574731 0.0656851 0.0713153 0.0740175 0.0739918 0.0717287 0.0677784 0.0626449 0.0567557 0.0504529 0.043995 0.0375707 0.0313234 0.0253755 0.0198496 0.014877 0.0105898 0.00709277 0.0044286
 0.00790349 0.0129029 0.0195366 0.0277742 0.0373483 0.0475991 0.0574469 0.0656585 0.071294 0.0740016 0.0739763 0.0717072 0.0677494 0.0626135 0.0567311 0.0504439 0.0440053 0.0375982 0.0313616 0.0254168 0.0198868 0.0149056 0.0106078 0.00710107 0.00442983
 0.00788489 0.0128732 0.019493 0.0277142 0.0372701 0.0475029 0.0573356 0.0655396 0.0711795 0.0739063 0.0739136 0.0716849 0.0677667 0.0626629 0.0568028 0.0505293 0.0440989 0.0376963 0.0314601 0.0255099 0.0199687 0.0149714 0.0106557 0.0071321 0.00444729
 0.00786754 0.0128421 0.019441 0.0276335 0.0371547 0.047352 0.0571568 0.0653487 0.0709972 0.0737532 0.0738059 0.0716325 0.0677733 0.0627251 0.0569109 0.0506697 0.0442569 0.0378586 0.0316162 0.0256522 0.0200912 0.0150703 0.0107296 0.00718256 0.00447846
 0.00783012 0.0127806 0.0193473 0.0274999 0.0369756 0.0471273 0.0568947 0.0650673 0.0707225 0.0735143 0.0736295 0.0715382 0.0677696 0.0628097 0.0570714 0.0508866 0.0445075 0.0381205 0.0318697 0.0258821 0.0202873 0.0152274 0.0108471 0.00726385 0.00453003
 0.00784056 0.0127919 0.0193538 0.0274921 0.0369425 0.047059 0.0567857 0.0649186 0.0705418 0.0733156 0.0734318 0.0713633 0.0676393 0.062741 0.057073 0.0509573 0.044636 0.0382888 0.0320569 0.0260683 0.0204564 0.0153688 0.0109561 0.00734116 0.00458016
 0.0078122 0.01275 0.0192982 0.0274248 0.0368658 0.0469738 0.0566904 0.0648102 0.0704186 0.0731802 0.0732925 0.0712333 0.0675345 0.0626767 0.0570612 0.0510037 0.0447388 0.0384377 0.0322354 0.0262564 0.0206352 0.0155236 0.0110786 0.00742973 0.00463855
 0.00776634 0.012675 0.0191849 0.0272659 0.0366592 0.0467263 0.0564206 0.064546 0.0701898 0.073009 0.0731881 0.0711929 0.0675496 0.062739 0.0571656 0.0511475 0.0449191 0.0386483 0.032465 0.0264895 0.0208545 0.015714 0.0112306 0.00754077 0.0047125
 0.00771779 0.0125935 0.0190577 0.0270802 0.0364056 0.0464043 0.0560443 0.0641454 0.0698067 0.0726876 0.072965 0.0710892 0.0675676 0.0628647 0.0573754 0.0514156 0.0452228 0.0389695 0.0327883 0.0267997 0.0211365 0.0159548 0.0114216 0.00768047 0.0048059
 0.00932677 0.0148458 0.0217761 0.0298744 0.0387851 0.0479583 0.0565845 0.0637354 0.068682 0.071138 0.071246 0.0693869 0.0659996 0.061495 0.0562284 0.0504887 0.0444974 0.0384198 0.0323875 0.0265218 0.0209565 0.0158481 0.0113654 0.0076553 0.00479727
 0.00929463 0.0150935 0.0226774 0.0318947 0.0422786 0.0528945 0.0623744 0.0693269 0.0729334 0.0732677 0.0710911 0.0673468 0.0627616 0.0577414 0.0524663 0.0470182 0.0414582 0.0358542 0.0302874 0.0248559 0.0196819 0.0149145 0.0107164 0.00723108 0.00453884
 0.00897396 0.0145852 0.0219591 0.031012 0.0414011 0.0523548 0.0626295 0.0707939 0.0757386 0.0770591 0.0750809 0.070611 0.0646258 0.0580168 0.0514194 0.0451536 0.0392813 0.0337328 0.0284258 0.0233338 0.0185049 0.0140504 0.0101163 0.00683942 0.00430068
 0.00879843 0.0142922 0.0215044 0.0303524 0.0405108 0.0512559 0.0614332 0.0697297 0.0751384 0.0772669 0.0762978 0.0727461 0.0672604 0.0605392 0.0532741 0.0460557 0.0392746 0.0330888 0.0274789 0.0223552 0.017655 0.0133922 0.0096498 0.00653404 0.0041158
 0.00871384 0.0141504 0.0212821 0.0300235 0.0400492 0.0506433 0.0606707 0.0688535 0.0742366 0.0764909 0.0758521 0.072838 0.0680082 0.0618816 0.0549475 0.0476778 0.0405001 0.033743 0.0275928 0.0220991 0.0172333 0.0129635 0.0093001 0.00628761 0.00396123
 0.00868972 0.0141049 0.021202 0.029891 0.0398455 0.0503524 0.0602842 0.0683744 0.073682 0.0758975 0.0752855 0.0723991 0.0678228 0.0620618 0.0555313 0.0485833 0.0415333 0.03467 0.0282371 0.0224044 0.017258 0.0128245 0.00910931 0.00611694 0.00383889
 0.00868257 0.0140942 0.021187 0.0298701 0.0398143 0.0503017 0.0601997 0.0682383 0.0734787 0.0756201 0.0749436 0.0720248 0.0674747 0.0618198 0.0554784 0.0487701 0.0419441 0.0352136 0.0287784 0.0228222 0.0174935 0.0128916 0.00906779 0.00603273 0.0037577
 0.00866635 0.0140698 0.0211538 0.0298291 0.0397675 0.0502518 0.0601483 0.0681845 0.0734171 0.0755407 0.0748339 0.0718767 0.0672933 0.0616305 0.0553263 0.0487092 0.0420146 0.0354179 0.029072 0.0231299 0.0177428 0.0130438 0.00912604 0.00602805 0.00372609
 0.00867399 0.0140783 0.0211595 0.0298266 0.0397511 0.0502186 0.0600999 0.068127 0.0733579 0.0754847 0.0747805 0.0718195 0.0672239 0.061545 0.0552325 0.0486291 0.0419789 0.0354519 0.0291798 0.0232881 0.0179099 0.01318 0.00921066 0.00606351 0.0037291
 0.00866064 0.0140623 0.0211455 0.0298216 0.0397614 0.0502457 0.0601378 0.0681637 0.0733804 0.0754846 0.0747568 0.0717767 0.0671676 0.061479 0.05516 0.0485563 0.041918 0.0354192 0.0291883 0.0233385 0.0179878 0.0132622 0.00927656 0.00610362 0.00374583
 0.00864259 0.0140326 0.0211008 0.0297596 0.0396834 0.050158 0.0600529 0.068097 0.0733445 0.0754835 0.0747841 0.0718192 0.0672115 0.0615152 0.0551846 0.0485704 0.0419266 0.0354304 0.029211 0.0233782 0.0180429 0.0133236 0.00933227 0.00614488 0.00377038
 0.00862379 0.014003 0.0210581 0.0297023 0.039611 0.0500716 0.0599563 0.0679978 0.073254 0.0754149 0.0747487 0.0718222 0.0672499 0.0615784 0.0552588 0.0486437 0.0419923 0.0354876 0.0292633 0.0234299 0.0180963 0.0133768 0.00938033 0.00618285 0.00379604
 0.008611 0.0139819 0.0210258 0.0296561 0.0395492 0.0499945 0.0598673 0.0679033 0.0731625 0.0753355 0.0746897 0.0717907 0.0672503 0.0616107 0.0553183 0.0487211 0.0420767 0.0355701 0.0293388 0.0234973 0.0181563 0.0134296 0.00942505 0.00621781 0.00382054
 0.0086443 0.0140321 0.0210938 0.0297395 0.0396422 0.0500883 0.0599506 0.0679638 0.0731893 0.0753225 0.0746378 0.0717077 0.0671492 0.0615065 0.055224 0.0486455 0.042023 0.0355366 0.0293212 0.0234913 0.0181585 0.0134373 0.0094358 0.00622903 0.00383011
 0.00862801 0.0140118 0.0210745 0.0297295 0.0396501 0.0501192 0.0600028 0.0680285 0.0732535 0.0753728 0.074665 0.0717078 0.067124 0.0614623 0.0551704 0.0485925 0.0419786 0.0355055 0.0293042 0.0234864 0.018162 0.013446 0.00944645 0.00623943 0.00383874
 0.00862801 0.0140118 0.0210745 0.0297295 0.0396501 0.0501192 0.0600028 0.0680285 0.0732535 0.0753728 0.074665 0.0717078 0.067124 0.0614623 0.0551704 0.0485925 0.0419786 0.0355055 0.0293042 0.0234864 0.018162 0.013446 0.00944645 0.00623943 0.00383874
 0.00868393 0.0140991 0.021199 0.0298938 0.0398532 0.0503551 0.060259 0.0682852 0.0734847 0.0755511 0.0747665 0.0717181 0.0670416 0.0612994 0.0549492 0.0483406 0.0417231 0.0352683 0.0291001 0.023322 0.018038 0.0133581 0.00938839 0.00620386 0.00381872
 0.00825674 0.0134298 0.020242 0.0286319 0.0383105 0.0486117 0.0584602 0.0666314 0.0721918 0.0747928 0.0746282 0.0721813 0.0680004 0.0625971 0.0564179 0.0498328 0.0431296 0.0365214 0.030167 0.0241946 0.0187231 0.0138724 0.00975458 0.00644902 0.00397161
 0.008435 0.0136638 0.0204898 0.0288179 0.0383423 0.0484109 0.0579912 0.0659156 0.0713049 0.0738504 0.0737633 0.0715183 0.0676281 0.0625482 0.0566653 0.0503026 0.0437262 0.0371533 0.0307637 0.0247127 0.0191436 0.0141936 0.00998555 0.00660469 0.00406925
#pred catch len freq
 0.00367845 0.00595874 0.00896298 0.0127231 0.0172582 0.0225202 0.028328 0.034364 0.0402426 0.0455936 0.0501178 0.0536215 0.0560411 0.0574421 0.0579877 0.0578978 0.0574153 0.056766 0.0560749 0.0552358 0.0538077 0.0510767 0.0463674 0.0394908 0.0310276
 0.00399586 0.00642955 0.0095907 0.01349 0.0181414 0.0235119 0.0294414 0.0356146 0.0416143 0.0470123 0.0514555 0.0547356 0.0568275 0.0578713 0.058103 0.0577763 0.0571135 0.0562761 0.0553155 0.0540901 0.0521975 0.0490378 0.0440777 0.0372248 0.0290559
 0.00416462 0.00673149 0.0100935 0.014267 0.0192474 0.0249503 0.031143 0.0374482 0.0434302 0.0486906 0.0529237 0.0559495 0.0577414 0.0584307 0.0582657 0.0575377 0.0565065 0.055341 0.0540644 0.0524999 0.0502482 0.0467753 0.0416537 0.0348749 0.027021
 0.0044485 0.00716232 0.0106897 0.0150384 0.02021 0.0261398 0.0326094 0.0392234 0.045481 0.0508896 0.0550655 0.0578098 0.0591435 0.0592801 0.0585414 0.0572628 0.0557232 0.0540964 0.0524026 0.0504603 0.0478821 0.0441791 0.0389943 0.0323739 0.0248927
 0.00462588 0.00747816 0.011214 0.015849 0.0213702 0.0276689 0.0344618 0.0412968 0.0476519 0.053049 0.057125 0.0596772 0.0606999 0.0603864 0.0590744 0.0571513 0.0549597 0.0527234 0.0504899 0.0480941 0.0451725 0.0412781 0.0361033 0.0297212 0.0226779
 0.00482194 0.00779672 0.0116973 0.0165467 0.0223427 0.0289824 0.0361698 0.0434078 0.0500968 0.0556691 0.0596982 0.0619725 0.0625312 0.0616344 0.0596741 0.0570688 0.0541826 0.0512667 0.0484066 0.0454819 0.042179 0.0381029 0.0329877 0.0269117 0.0203706
 0.00507301 0.00819497 0.0122792 0.0173428 0.0233767 0.0302698 0.037714 0.0451965 0.0520992 0.0578293 0.0619227 0.0641219 0.0644278 0.0630929 0.0605396 0.0572422 0.0536229 0.0499809 0.0464444 0.0429414 0.0392179 0.0349414 0.0298883 0.024133 0.0181073
 0.00533238 0.00860977 0.0128914 0.0181887 0.0244829 0.0316458 0.0393418 0.0470248 0.0540478 0.0598033 0.0638269 0.065868 0.0659305 0.064261 0.061272 0.0574359 0.0531922 0.0488785 0.0446778 0.0405855 0.0364225 0.0319278 0.0269234 0.0214772 0.0159522
 0.00561208 0.0090461 0.0135151 0.0190195 0.0255313 0.0329127 0.0408146 0.0486687 0.0558006 0.0615774 0.0655204 0.0673795 0.0671739 0.0651708 0.0617965 0.057525 0.0527904 0.047934 0.0431661 0.0385393 0.0339545 0.0292324 0.0242491 0.0190717 0.0139984
 0.00584007 0.00942366 0.0140956 0.0198557 0.0266625 0.0343473 0.042512 0.050537 0.0577131 0.0634009 0.0671388 0.068705 0.0681474 0.0657577 0.0619808 0.0572989 0.0521448 0.0468543 0.0416429 0.0365942 0.0316694 0.0267638 0.02181 0.0168816 0.0122225
 0.0060657 0.00978716 0.0146384 0.0206189 0.0276853 0.0356588 0.0441168 0.0523963 0.0597319 0.0654306 0.0689997 0.070224 0.0691971 0.0662783 0.0619754 0.05681 0.0512252 0.045548 0.0399844 0.0346254 0.0294663 0.0244551 0.0195699 0.0148917 0.0106196
 0.0063542 0.0102231 0.0152349 0.0213717 0.028582 0.0366915 0.0452874 0.0537088 0.0611755 0.0669605 0.0705274 0.0716222 0.0703218 0.0670015 0.062215 0.0565432 0.0504808 0.0443852 0.0384733 0.0328417 0.0275018 0.0224299 0.0176302 0.0131842 0.00925223
 0.00648329 0.0104353 0.0155574 0.021828 0.0291843 0.0374308 0.0461291 0.0546005 0.062068 0.0678284 0.0713706 0.072446 0.0711068 0.067686 0.062704 0.0567372 0.0503083 0.0438215 0.0375418 0.0316057 0.0260554 0.0208924 0.0161352 0.0118581 0.00818585
 0.00660623 0.010629 0.0158384 0.0222106 0.029681 0.0380513 0.0468738 0.055451 0.062979 0.0687309 0.0721885 0.0731192 0.0716074 0.0680146 0.062867 0.0567251 0.0500894 0.0433579 0.0368136 0.0306303 0.0248939 0.0196423 0.0149127 0.0107726 0.00731431
 0.00657935 0.010612 0.0158621 0.02232 0.0299235 0.038459 0.0474486 0.0561618 0.0637721 0.0695444 0.0729617 0.073797 0.0721434 0.0683771 0.0630432 0.0567169 0.0499021 0.0429904 0.0362616 0.0298998 0.0240179 0.0186865 0.0139659 0.00992428 0.00662942
 0.00658078 0.0106076 0.0158457 0.0222886 0.0298868 0.0384493 0.047522 0.0563832 0.0641864 0.0701481 0.0736955 0.0745636 0.0728405 0.0689256 0.0633993 0.0568682 0.0498561 0.0427627 0.0358687 0.0293615 0.0233649 0.0179683 0.0132484 0.00927592 0.00610233
 0.00665522 0.010697 0.0159216 0.0223053 0.0297941 0.0382147 0.047152 0.0559334 0.0637544 0.06985 0.0736309 0.0747811 0.0733178 0.069576 0.064102 0.0575066 0.0503457 0.0430591 0.0359616 0.0292647 0.0231105 0.017604 0.0128335 0.00887147 0.00575718
 0.00663922 0.0106824 0.0159182 0.022322 0.0298281 0.0382386 0.0471116 0.0557649 0.0634195 0.0693704 0.0730995 0.074336 0.0730907 0.0696403 0.0644469 0.0580469 0.0509572 0.0436211 0.0363868 0.0295108 0.0231775 0.017524 0.0126579 0.008657 0.00555243
 0.00670811 0.0107879 0.0160658 0.0225148 0.0300681 0.0385271 0.0474433 0.0561167 0.0637406 0.069586 0.0731349 0.0741555 0.0727266 0.0691898 0.0640332 0.0577655 0.0508392 0.0436313 0.0364522 0.0295574 0.0231581 0.0174277 0.0125039 0.00847998 0.00538649
 0.00665643 0.0107248 0.0160091 0.0224933 0.0301133 0.0386604 0.0476661 0.0564098 0.0640704 0.0699124 0.0734138 0.0743405 0.0727784 0.0690935 0.0638141 0.0574862 0.0505747 0.0434353 0.036336 0.0294948 0.0231079 0.0173587 0.0124072 0.00836678 0.00527625
 0.00667896 0.0107453 0.0160121 0.0224593 0.0300303 0.038538 0.0475426 0.0563428 0.0641121 0.0700828 0.073689 0.0746616 0.0730734 0.0693012 0.0639002 0.0574512 0.0504509 0.0432722 0.0361791 0.0293682 0.0230113 0.0172778 0.0123291 0.00828799 0.00520233
 0.0067244 0.0108124 0.016099 0.0225562 0.0301173 0.0385866 0.0475219 0.0562327 0.0639203 0.069853 0.0734902 0.0745591 0.0730974 0.0694329 0.0640842 0.057624 0.0505681 0.0433212 0.0361738 0.0293334 0.0229671 0.0172334 0.0122854 0.00824465 0.00516121
 0.00678598 0.0109051 0.0162247 0.0227117 0.0302953 0.0387761 0.0477072 0.056392 0.0640256 0.0698773 0.0734204 0.0744078 0.072904 0.0692483 0.0639471 0.0575441 0.0505279 0.0432916 0.0361333 0.0292759 0.022899 0.0171646 0.0122232 0.00819235 0.00511962
 0.0067334 0.0108285 0.016126 0.0225981 0.0301771 0.0386632 0.0476074 0.0563104 0.0639664 0.0698435 0.0734123 0.074422 0.0729352 0.0692945 0.064012 0.0576337 0.0506425 0.0434209 0.0362589 0.0293803 0.0229726 0.0172077 0.0122424 0.00819587 0.00511491
 0.00673832 0.0108273 0.0161076 0.0225481 0.0300834 0.0385237 0.0474351 0.0561317 0.0638118 0.0697363 0.0733618 0.074424 0.0729778 0.0693644 0.064099 0.0577322 0.0507502 0.0435354 0.0363741 0.0294865 0.0230602 0.017271 0.0122817 0.00821593 0.00512228
 0.00677406 0.0108721 0.01615 0.022568 0.0300555 0.0384256 0.0472551 0.055876 0.0635063 0.0694237 0.0730921 0.0742403 0.0729036 0.0693985 0.06422 0.0579099 0.0509556 0.0437463 0.036575 0.0296665 0.0232112 0.0173883 0.0123648 0.00826902 0.00515244
 0.0067061 0.0107755 0.0160293 0.0224338 0.0299186 0.0382881 0.0471071 0.0556991 0.0632861 0.0691633 0.072818 0.0739981 0.0727427 0.0693549 0.064305 0.058108 0.0512326 0.0440614 0.0368914 0.0299565 0.0234576 0.017583 0.0125073 0.00836494 0.00521133
 0.00664181 0.0106765 0.0158913 0.0222581 0.0297138 0.0380703 0.0468977 0.0555196 0.0631493 0.0690665 0.0727458 0.0739341 0.0726833 0.0693154 0.0643124 0.0581862 0.051389 0.0442832 0.0371508 0.0302212 0.0236996 0.0177842 0.0126602 0.0084712 0.0052786
 0.00665861 0.0106951 0.0159034 0.0222505 0.0296721 0.0379848 0.046769 0.0553602 0.0629807 0.0689122 0.0726231 0.073848 0.0726279 0.0692804 0.0642933 0.0581892 0.0514273 0.0443671 0.0372794 0.0303803 0.0238674 0.0179389 0.012787 0.00856428 0.00534003
 0.00663046 0.0106508 0.0158389 0.0221624 0.0295571 0.0378398 0.046593 0.0551568 0.0627615 0.0686975 0.0724394 0.0737211 0.0725741 0.0693014 0.064377 0.0583176 0.0515848 0.0445443 0.0374709 0.0305794 0.0240626 0.0181161 0.0129339 0.0086745 0.0054146
 0.00661256 0.0106087 0.0157521 0.0220047 0.0293041 0.0374809 0.0461408 0.0546493 0.0622534 0.0682473 0.0720966 0.0735196 0.0725293 0.06941 0.0646182 0.0586575 0.0519836 0.0449647 0.037883 0.0309621 0.0244013 0.0184003 0.0131578 0.00883803 0.00552411
 0.00719887 0.0114352 0.0167602 0.0230574 0.0302203 0.0380939 0.0463488 0.0544348 0.0616731 0.0674071 0.0711257 0.0725461 0.0716595 0.068714 0.0641261 0.0583644 0.0518608 0.0449709 0.037975 0.0311011 0.0245568 0.0185499 0.0132866 0.00893856 0.00559504
 0.00782255 0.0124162 0.0181674 0.0249115 0.0324658 0.0405696 0.0487768 0.0564585 0.0629525 0.0677334 0.0704908 0.0711289 0.0697467 0.0666057 0.0620677 0.0565183 0.0503084 0.0437312 0.0370273 0.0304051 0.0240658 0.0182189 0.0130751 0.00881169 0.00552435
 0.00794392 0.0126745 0.0186698 0.0257979 0.0338762 0.0425873 0.0513657 0.0594242 0.0659496 0.0703259 0.0722554 0.0717729 0.0691965 0.0650222 0.0597802 0.0539112 0.0477179 0.0413887 0.0350532 0.028833 0.0228749 0.0173602 0.0124879 0.00843361 0.00529708
 0.00768925 0.0123213 0.0182572 0.0254171 0.0336677 0.0427233 0.0520185 0.060719 0.0679042 0.0727972 0.0749275 0.0742144 0.0709763 0.0658402 0.0595543 0.0527844 0.0459879 0.0394009 0.0331051 0.0271233 0.021498 0.0163297 0.0117677 0.00796368 0.00501207
