SBPRF35
9.7769
Curr Bio
648518
B35
716967
F35
0.191223
FOFL
0.16433
OFL
81993.3
Bzero
2.7934e+006
#pred survey bio
 3.44571e+006 3.06081e+006 2.72683e+006 2.44484e+006 2.20684e+006 1.95063e+006 1.71408e+006 1.49292e+006 1.31982e+006 1.16711e+006 1.01458e+006 877622 808776 751912 712096 662217 626421 617218 591663 577290 561356 556331 546011 551989 551946 553167 563224 567933 558698 545005 540260 528073 509905 500303 496675 503889 518700 523737 534989 545314 558213 562623 569362 573164 576169 580422 584134 580769 635315 653804 2.19154e+007 1.32158e+007 1.35602e+007 1.44081e+007 1.55497e+007 1.67585e+007 1.78839e+007 1.88515e+007 1.96403e+007 2.02607e+007 2.07365e+007 2.10956e+007 2.13636e+007 2.15624e+007 2.17096e+007 2.18186e+007 2.18994e+007 2.19596e+007 2.20046e+007 2.20384e+007 2.2064e+007 2.20835e+007 2.20983e+007 2.21097e+007 2.21185e+007 2.21253e+007 2.21306e+007 2.21347e+007 2.2138e+007 2.21405e+007 2.21425e+007 2.2144e+007 2.21453e+007 2.21462e+007 2.2147e+007 2.21476e+007 2.21481e+007 2.21485e+007 2.21488e+007 2.2149e+007 2.21492e+007 2.21494e+007 2.21495e+007 2.21496e+007 2.21497e+007 2.21497e+007 2.21498e+007 2.21498e+007 2.21498e+007 2.21499e+007 2.21499e+007 2.21499e+007 2.21499e+007 2.21499e+007 2.21499e+007 2.21499e+007 2.21499e+007 2.21499e+007 2.21499e+007 2.21499e+007 2.21499e+007 2.21499e+007 2.21499e+007 2.21499e+007 2.21499e+007 2.21499e+007 2.21499e+007 2.21499e+007 2.21499e+007 2.21499e+007 2.21499e+007 2.21499e+007 2.21499e+007 2.21499e+007 2.21499e+007 2.21499e+007 2.21499e+007 2.21499e+007 2.21499e+007 2.21499e+007 2.21499e+007 2.21499e+007 2.21499e+007 2.21499e+007 2.21499e+007 2.21499e+007 2.21499e+007 2.21499e+007 2.21499e+007 2.21499e+007 2.21499e+007 2.21499e+007 2.21499e+007 2.21499e+007 2.21499e+007 2.21499e+007 2.21499e+007 2.21499e+007 2.21499e+007 2.21499e+007 0 0 0 0 0 0 0 0 0 0 0 0 0 0 0 0 0 0 0 0 0 0 0 0 0
#obs survey bio
 3.21546e+006 2.74029e+006 3.24035e+006 1.59362e+006 1.87856e+006 1.64204e+006 1.26988e+006 1.42097e+006 992419 732218 1.09965e+006 732299 775266 628658 497013 876602 584669 627762 432016 557783 337902 450779 424488 516640 572543 502280 704138 650426 612935 386072 583724 614080 625502 488823 531956 459569 599021 508024 496400 589084 828447 625796 586145 441594 695968 668477 511152 574321 818694 789826
#pred catch bio
 324215 300450 276113 259502 298017 299206 299729 266674 254632 255992 239858 178646 167389 151528 157024 140378 114823 126284 114492 114100 103797 107725 94106.1 99457.1 97893.5 90204.2 93994.6 103144 102812 90950.5 92910.9 95110.9 88916 87389.4 81711.6 78318.7 88259.8 83953.1 85610.5 83866.7 90861.9 88675.7 91518.2 92751.3 92424.8 93982.7 101028 55051.3 87393.8 122397 81993.3 94433.6 95679.8 100449 107905 116045 123589 129962 135030 138889 141736 143787 145237 146248 146944 147420 147742 147959 148105 148202 148267 148310 148339 148358 148370 148379 148384 148388 148390 148392 148393 148393 148394 148394 148394 148394 148394 148394 148394 148394 148394 148394 148394 148394 148394 148394 148394 148394 148394 148394 148394 148394 148394 148394 148394 148394 148394 148394 148394 148394 148394 148394 148394 148394 148394 148394 148394 148394 148394 148394 148394 148394 148394 148394 148394 148394 148394 148394 148394 148394 148394 148394 148394 148394 148394 148394 148394 148394 148394 148394 148394 148394 148394 148394 148394 148394 148394 148394 148394 148394 0 0 0 0 0 0 0 0 0 0 0 0 0 0 0 0 0 0 0 0 0 0 0 0 0
#obs catch bio
 246512 300743 275801 259785 301366 303377 306531 272146 259520 263408 245384 181175 169632 153490 161102 142556 115879 127676 115737 115830 105060 109420 95478.9 101150 99420.4 91240.3 95300.3 104470 104153 91668.9 93505.7 95202.2 88407 87198.6 81608.7 78360.1 88529.8 83941.7 85958.9 83832.3 90555.1 88063.4 90953 92599.5 92017.7 93475.6 101519 54634.5 87311.6 122749
#pred cpue bio
 3.39197e+006 3.01044e+006 2.67926e+006 2.39827e+006 2.1604e+006 1.90507e+006 1.66983e+006 1.4505e+006 1.27912e+006 1.12819e+006 978093 843818 776199 720390 681367 633056 598733 590140 565422 551435 535996 531119 521013 526760 526842 528243 538266 543291 534943 522315 518509 507422 489521 478854 474153 480750 495152 500177 511175 521318 534100 538628 545239 548815 551590 555619 559010 555440 608637 627453 2.1053e+007 1.27055e+007 1.29345e+007 1.36488e+007 1.47419e+007 1.59388e+007 1.70618e+007 1.80289e+007 1.88177e+007 1.9438e+007 1.99139e+007 2.02729e+007 2.05409e+007 2.07398e+007 2.0887e+007 2.09959e+007 2.10767e+007 2.11369e+007 2.11819e+007 2.12158e+007 2.12414e+007 2.12608e+007 2.12757e+007 2.12871e+007 2.12959e+007 2.13027e+007 2.1308e+007 2.13121e+007 2.13153e+007 2.13178e+007 2.13198e+007 2.13214e+007 2.13226e+007 2.13236e+007 2.13243e+007 2.13249e+007 2.13254e+007 2.13258e+007 2.13261e+007 2.13264e+007 2.13265e+007 2.13267e+007 2.13268e+007 2.13269e+007 2.1327e+007 2.13271e+007 2.13271e+007 2.13271e+007 2.13272e+007 2.13272e+007 2.13272e+007 2.13272e+007 2.13272e+007 2.13272e+007 2.13273e+007 2.13273e+007 2.13273e+007 2.13273e+007 2.13273e+007 2.13273e+007 2.13273e+007 2.13273e+007 2.13273e+007 2.13273e+007 2.13273e+007 2.13273e+007 2.13273e+007 2.13273e+007 2.13273e+007 2.13273e+007 2.13273e+007 2.13273e+007 2.13273e+007 2.13273e+007 2.13273e+007 2.13273e+007 2.13273e+007 2.13273e+007 2.13273e+007 2.13273e+007 2.13273e+007 2.13273e+007 2.13273e+007 2.13273e+007 2.13273e+007 2.13273e+007 2.13273e+007 2.13273e+007 2.13273e+007 2.13273e+007 2.13273e+007 2.13273e+007 2.13273e+007 2.13273e+007 2.13273e+007 2.13273e+007 2.13273e+007 2.13273e+007 2.13273e+007 2.13273e+007 0 0 0 0 0 0 0 0 0 0 0 0 0 0 0 0 0 0 0 0 0 0 0 0 0
#obs cpue bio
 2.28024e+006 3.02543e+006 2.82418e+006 2.24759e+006 1.16819e+006 1.55072e+006 1.1274e+006 1.19904e+006 1.53932e+006 898262 1.01846e+006 854633 769802 640432 429404 603657 564738 602031 546600 393910 727192 505998 411600 452771 433192 524204 314669 505197 414116 734485 534650 663068 631946 415189 406284 413944 424756 564364 407289 627524 537763 642860 564489 519754 590698 544007 444521 540666 604872 452881
#pred surv len freq
 0.00550465 0.00889323 0.0133001 0.0186724 0.0248552 0.0315139 0.0381001 0.0439752 0.0486446 0.0519214 0.0539072 0.0548542 0.0550389 0.0547005 0.0540242 0.053144 0.0521533 0.0511076 0.0499894 0.0486331 0.0466668 0.0435691 0.0389025 0.0326308 0.0252977
 0.0058574 0.00938959 0.0139095 0.0193316 0.0255038 0.032141 0.0387678 0.0447922 0.0496976 0.0532051 0.0552999 0.0561576 0.056056 0.0553072 0.054198 0.0529442 0.0516702 0.0504074 0.0490823 0.0474821 0.0452349 0.04188 0.0370738 0.0308514 0.0237595
 0.00636508 0.0101769 0.0150188 0.0207647 0.02721 0.0340099 0.0406365 0.0464811 0.051072 0.0542277 0.0560311 0.0566932 0.0564475 0.0555236 0.0541524 0.0525551 0.0509069 0.0492917 0.0476583 0.0457892 0.0433109 0.0397931 0.0349492 0.0288617 0.0220735
 0.00680319 0.0108793 0.0160565 0.0221944 0.0290591 0.036254 0.0431742 0.0491258 0.0535767 0.0563427 0.0575718 0.0575873 0.0567367 0.0553168 0.0535575 0.0516312 0.0496616 0.0477128 0.0457481 0.0435824 0.0408812 0.0372569 0.0324658 0.0266114 0.0202126
 0.00707932 0.0113374 0.016764 0.0232219 0.030469 0.0380795 0.0453952 0.0516521 0.056249 0.0589503 0.0598815 0.0593826 0.0578617 0.0557087 0.05325 0.0507211 0.0482585 0.0459021 0.0435879 0.0411281 0.0382175 0.0345173 0.0298267 0.0242603 0.0182982
 0.00739499 0.0118438 0.0175146 0.0242651 0.0318437 0.0398056 0.0474599 0.0539991 0.0587757 0.0615139 0.0623093 0.0614845 0.0594503 0.0566284 0.0534076 0.0501041 0.0469288 0.0439683 0.041175 0.0383645 0.0352442 0.0315039 0.0269705 0.0217556 0.0162886
 0.00764966 0.0122636 0.0181574 0.0251886 0.0330944 0.0414021 0.0493759 0.0561587 0.0610666 0.063809 0.064483 0.0634157 0.061017 0.0577065 0.0538817 0.0498882 0.0459897 0.0423377 0.0389467 0.0356821 0.0322899 0.0284893 0.02412 0.0192731 0.0143136
 0.00794222 0.0127289 0.018839 0.0261228 0.0343066 0.0428997 0.0511382 0.0581281 0.0631497 0.0658882 0.0664336 0.0651209 0.0623772 0.0586391 0.0543149 0.0497579 0.0452463 0.040964 0.0369785 0.0332222 0.0295081 0.0256073 0.0213784 0.0168861 0.0124223
 0.00822369 0.0131698 0.0194718 0.0269676 0.0353695 0.0441708 0.0525875 0.0597036 0.0647825 0.067502 0.0679522 0.066471 0.0634879 0.0594418 0.0547445 0.0497542 0.0447565 0.0399528 0.0354459 0.0312252 0.0271749 0.0231305 0.0189838 0.0147817 0.0107482
 0.00833709 0.0133832 0.019846 0.0275745 0.0362727 0.0453959 0.0540974 0.0613964 0.0665171 0.0691379 0.0693808 0.0676263 0.0643378 0.0599724 0.0549448 0.0496065 0.0442352 0.0390316 0.0341148 0.0295141 0.0251732 0.0209911 0.0168992 0.0129382 0.00927581
 0.00853681 0.0136997 0.0203089 0.0282107 0.0371073 0.0464498 0.0553773 0.062879 0.0681349 0.0707766 0.0708953 0.0688727 0.0652088 0.0604176 0.0549669 0.0492386 0.0435147 0.0379855 0.0327634 0.0278901 0.0233457 0.0190773 0.0150524 0.0113116 0.00797868
 0.00896208 0.0143423 0.0211851 0.0293035 0.0383728 0.0478289 0.0568052 0.0642897 0.069466 0.0719729 0.0719079 0.0696532 0.0657059 0.0605838 0.0547726 0.0486837 0.0426267 0.0368081 0.0313453 0.0262851 0.0216235 0.0173345 0.0134082 0.00988354 0.00684937
 0.00913937 0.0146208 0.021585 0.0298347 0.0390307 0.0485902 0.0576262 0.0651127 0.0702349 0.072652 0.0724888 0.0701458 0.0661165 0.0608971 0.0549483 0.0486682 0.042374 0.0362955 0.0305801 0.0253039 0.0204899 0.0161357 0.0122462 0.00885639 0.006027
 0.00927993 0.0148453 0.0219154 0.0302878 0.0396144 0.0492972 0.0584272 0.0659545 0.0710477 0.0733644 0.073046 0.0705214 0.0663146 0.0609415 0.0548642 0.0484664 0.0420454 0.0358203 0.0299442 0.0245145 0.0195838 0.0151778 0.011318 0.00803668 0.00537153
 0.00909957 0.0146047 0.0216507 0.0300664 0.0395174 0.0493915 0.0587411 0.0664704 0.0717113 0.0741021 0.0737809 0.0711851 0.0668555 0.0613305 0.0550945 0.0485457 0.0419843 0.0356236 0.0296119 0.0240513 0.0190112 0.01454 0.0106765 0.00745535 0.00489841
 0.00910996 0.0146071 0.0216302 0.0300073 0.0394163 0.0492732 0.0586643 0.0665141 0.0719414 0.0745366 0.0743751 0.0718466 0.0674786 0.0618294 0.0554212 0.0486889 0.0419578 0.0354514 0.0293179 0.0236574 0.0185425 0.0140311 0.0101717 0.0070008 0.0045293
 0.00928836 0.0148529 0.0219177 0.0302835 0.0396138 0.0493336 0.0585618 0.0662683 0.0716168 0.0742279 0.0741796 0.0718308 0.0676534 0.0621467 0.0557953 0.0490301 0.0421994 0.0355601 0.0292896 0.0235074 0.0182977 0.0137264 0.00984736 0.00669619 0.0042751
 0.00930606 0.0148789 0.0219501 0.0303145 0.0396264 0.0492997 0.0584452 0.0660366 0.0712603 0.0737778 0.0737123 0.0714508 0.0674592 0.0621941 0.0560764 0.049478 0.042714 0.0360421 0.0296665 0.0237443 0.0183944 0.0137078 0.00975218 0.00656633 0.00414596
 0.00945289 0.0151088 0.0222787 0.030748 0.040157 0.0499005 0.0590643 0.0665976 0.0716739 0.0739635 0.0736248 0.0710998 0.0669132 0.0615636 0.0554794 0.0490021 0.0423923 0.0358537 0.0295583 0.0236593 0.0182938 0.0135786 0.00960313 0.006417 0.00401565
 0.00944978 0.0151125 0.022301 0.0308058 0.0402694 0.0500824 0.0593196 0.0669143 0.0720219 0.0742968 0.0738878 0.0712395 0.0668959 0.0613904 0.0551906 0.0486657 0.0420788 0.0356102 0.0293955 0.0235569 0.0182193 0.0135058 0.0095219 0.00633149 0.00393659
 0.00958113 0.0152991 0.0225325 0.0310572 0.0405104 0.050291 0.059492 0.0670635 0.0721669 0.0744479 0.0740373 0.071361 0.0669525 0.0613488 0.055036 0.048411 0.0417628 0.0352841 0.0291033 0.0233217 0.018041 0.013371 0.00941562 0.00624495 0.00386742
 0.00962132 0.0153633 0.0226257 0.0311806 0.040658 0.0504466 0.0596301 0.0671567 0.0721991 0.074425 0.0739868 0.0713179 0.0669396 0.0613643 0.0550558 0.0484042 0.0417094 0.0351849 0.0289765 0.0231918 0.0179263 0.0132785 0.00934376 0.00618931 0.00382468
 0.00970308 0.0154916 0.0228101 0.0314261 0.0409632 0.0508011 0.060011 0.0675277 0.0725146 0.0746407 0.0740729 0.0712698 0.066779 0.06113 0.0547876 0.0481293 0.0414391 0.0349213 0.0287226 0.0229557 0.0177194 0.0131095 0.009215 0.0060972 0.00376244
 0.00955527 0.0152737 0.0225244 0.0310909 0.04061 0.0504678 0.0597366 0.0673469 0.0724524 0.0747055 0.0742524 0.0715326 0.0670838 0.0614377 0.0550705 0.0483731 0.0416387 0.0350755 0.0288318 0.0230231 0.0177522 0.013118 0.00920974 0.00608632 0.00375098
 0.00949217 0.0151715 0.0223721 0.0308809 0.0403423 0.0501556 0.0594097 0.0670489 0.0722303 0.0745959 0.0742706 0.07167 0.0673132 0.0617214 0.0553701 0.0486566 0.0418852 0.0352746 0.0289817 0.0231272 0.0178172 0.0131528 0.00922377 0.00608839 0.00374769
 0.00945916 0.0151148 0.0222813 0.0307441 0.040149 0.0499013 0.0591009 0.0667069 0.0718904 0.0743023 0.0740673 0.0715903 0.06737 0.0619039 0.0556468 0.048985 0.0422223 0.0355861 0.0292457 0.0233344 0.0179681 0.0132544 0.00928659 0.00612357 0.00376523
 0.00921172 0.0147503 0.0218026 0.030178 0.039538 0.0492901 0.058527 0.0661991 0.0714732 0.074 0.0739043 0.0715875 0.0675388 0.0622396 0.0561252 0.0495631 0.042846 0.0361999 0.0298035 0.0238054 0.0183391 0.0135272 0.00947341 0.00624232 0.00383491
 0.00895346 0.014355 0.0212548 0.0294838 0.0387271 0.0484162 0.0576654 0.0654371 0.0708915 0.0736506 0.0737995 0.0717062 0.0678442 0.0626949 0.0566985 0.0502235 0.0435568 0.0369177 0.030482 0.0244046 0.0188322 0.0139045 0.00974132 0.00641821 0.00394124
 0.00878972 0.014103 0.0209022 0.0290293 0.0381806 0.0477994 0.057013 0.0647979 0.0703237 0.0732117 0.0735338 0.0716347 0.0679623 0.0629777 0.0571109 0.0507296 0.0441229 0.0375105 0.0310666 0.0249455 0.0192989 0.0142778 0.0100166 0.00660475 0.00405689
 0.00861683 0.0138394 0.0205382 0.028568 0.0376371 0.0471984 0.0563881 0.0641901 0.069778 0.0727716 0.0732349 0.0715013 0.0680052 0.0631925 0.0574783 0.0512175 0.0446923 0.0381201 0.0316762 0.0255178 0.0198022 0.01469 0.0103289 0.00682206 0.00419504
 0.00845933 0.0135768 0.0201324 0.0279834 0.0368533 0.0462274 0.055288 0.0630637 0.0687508 0.071959 0.0727163 0.0713101 0.0681343 0.063606 0.0581226 0.0520297 0.0456059 0.0390698 0.032602 0.0263684 0.0205383 0.0152873 0.0107804 0.00713754 0.00439736
 0.00911586 0.0144853 0.021205 0.0290367 0.0376566 0.0465817 0.0550941 0.0623447 0.0676295 0.0706129 0.0713338 0.0700576 0.0671336 0.0629237 0.0577715 0.0519805 0.0458025 0.0394431 0.0330798 0.0268832 0.0210328 0.015719 0.0111247 0.00738835 0.00456363
 0.00997643 0.0158109 0.0230539 0.0313899 0.0403947 0.0494694 0.0577831 0.0644256 0.0687396 0.0705607 0.070168 0.0680394 0.0646343 0.0603099 0.0553278 0.0498821 0.0441246 0.0381871 0.0322007 0.0263122 0.0206942 0.0155409 0.0110465 0.00736436 0.00456361
 0.0100654 0.0160438 0.0235653 0.0323532 0.0419701 0.0517225 0.0606105 0.0675328 0.0716923 0.0728912 0.0714967 0.0681713 0.0636035 0.0583569 0.0528178 0.0471993 0.0415841 0.035991 0.0304385 0.0249873 0.0197568 0.0149168 0.0106565 0.00713663 0.00443999
 0.00989436 0.0157996 0.0232675 0.0320591 0.0417826 0.0517874 0.0610951 0.068577 0.0733364 0.0750112 0.0737926 0.0702335 0.0650372 0.058909 0.0524487 0.0460732 0.0399925 0.0342505 0.0288068 0.0236222 0.0187169 0.0141877 0.0101837 0.00685268 0.00428242
 0.00974845 0.0155599 0.0229045 0.0315506 0.0411276 0.0510259 0.0603265 0.0679612 0.0730669 0.0752599 0.0746415 0.0716195 0.0667406 0.0606032 0.0538009 0.0468546 0.0401451 0.0338818 0.0281236 0.0228435 0.0180078 0.0136343 0.00980257 0.00661776 0.00415192
 0.00956459 0.0152768 0.0225072 0.0310343 0.0404965 0.0502931 0.0595194 0.0671322 0.0723036 0.0746856 0.0743978 0.0718275 0.067449 0.0617452 0.0551901 0.0482321 0.0412655 0.0345958 0.0284154 0.022809 0.017793 0.013372 0.00957657 0.00645976 0.00405811
 0.00958988 0.015302 0.0225158 0.0310009 0.0403929 0.0500981 0.0592267 0.0667521 0.0718606 0.0742169 0.0739562 0.0714865 0.0672956 0.061855 0.0555878 0.0488626 0.0419975 0.0352666 0.0288947 0.0230449 0.0178173 0.0132661 0.00942649 0.00632448 0.00396221
 0.00947608 0.0151385 0.0223088 0.0307674 0.0401533 0.0498649 0.0589979 0.0665147 0.0716016 0.0739357 0.0736714 0.0712343 0.0671246 0.0618178 0.0557284 0.0491969 0.0424957 0.0358495 0.0294563 0.0234917 0.0181024 0.0133984 0.00945227 0.00629789 0.0039235
 0.00934987 0.014944 0.0220368 0.0304194 0.0397439 0.0494229 0.0585647 0.0661369 0.0713169 0.0737597 0.0735943 0.0712315 0.0671753 0.0619187 0.0558952 0.049453 0.0428531 0.0362925 0.0299373 0.0239447 0.0184688 0.0136491 0.00959322 0.00635881 0.0039394
 0.00925158 0.0147832 0.0217936 0.0300765 0.0392921 0.0488698 0.0579424 0.0655028 0.0707441 0.0733188 0.0733345 0.0711693 0.0672943 0.0621811 0.0562589 0.0498856 0.0433349 0.0368086 0.0304649 0.0244486 0.0189081 0.0139922 0.00982984 0.00650125 0.00401341
 0.00932316 0.0148804 0.0219037 0.0301738 0.0393423 0.0488387 0.0578055 0.0652519 0.0703917 0.072899 0.0728989 0.070777 0.0669975 0.0620119 0.0562243 0.0499722 0.0435187 0.0370631 0.0307639 0.0247637 0.019208 0.0142482 0.0100238 0.00663042 0.00408826
 0.00938631 0.014976 0.0220336 0.0303324 0.0395154 0.0490023 0.0579267 0.0652939 0.0703233 0.0727063 0.072594 0.0703979 0.0665997 0.0616544 0.0559555 0.0498197 0.0434871 0.0371378 0.0309181 0.0249652 0.0194238 0.014449 0.0101885 0.00674945 0.00416387
 0.00939248 0.0149964 0.0220828 0.0304294 0.0396767 0.0492324 0.0582098 0.0655921 0.0705842 0.0728762 0.0726323 0.0702883 0.0663548 0.0613141 0.055577 0.0494635 0.0432019 0.036951 0.0308335 0.0249668 0.0194844 0.014538 0.0102795 0.00682522 0.0042174
 0.00940515 0.0150142 0.0221053 0.0304563 0.039711 0.0492828 0.0582901 0.0657164 0.0707563 0.073081 0.0728344 0.0704405 0.0664143 0.0612585 0.055413 0.0492247 0.0429376 0.0367108 0.0306529 0.0248606 0.0194467 0.0145495 0.0103167 0.00686792 0.00425328
 0.00950103 0.0151494 0.0222707 0.0306303 0.0398656 0.0493944 0.0583481 0.0657266 0.0707379 0.0730587 0.0728281 0.0704562 0.0664398 0.0612674 0.0553772 0.0491282 0.042786 0.036529 0.0304753 0.0247169 0.0193526 0.0145041 0.0103075 0.00687868 0.00427013
 0.00952701 0.0152022 0.0223683 0.0307925 0.040105 0.0497038 0.0586939 0.066053 0.0709866 0.0731912 0.0728396 0.0703717 0.0662977 0.0611003 0.055201 0.0489436 0.0425879 0.036318 0.030263 0.0245227 0.0191948 0.0143925 0.0102402 0.00684539 0.00425795
 0.00949256 0.0151658 0.0223501 0.0308244 0.0402236 0.0499375 0.0590494 0.0665076 0.0714878 0.0736672 0.0732158 0.0705917 0.0663389 0.0609781 0.054957 0.0486272 0.0422409 0.0359694 0.0299324 0.0242257 0.0189451 0.014199 0.010104 0.00675931 0.00420952
 0.00883822 0.0141683 0.0209757 0.0290948 0.0382198 0.0477984 0.0569683 0.0647149 0.0702102 0.0730703 0.0733576 0.0714107 0.06768 0.0626399 0.0567416 0.0503747 0.0438431 0.037366 0.0310991 0.0251625 0.0196679 0.0147337 0.0104819 0.00701278 0.00436956
 0.00837895 0.0134701 0.0200157 0.0278851 0.0368044 0.0462475 0.0553759 0.0631999 0.0689099 0.0721227 0.0728765 0.0714604 0.0682584 0.0636744 0.0581028 0.0519047 0.0453889 0.0388061 0.0323553 0.0261982 0.0204787 0.0153368 0.0109071 0.00729564 0.00454588
#obs surv len freq
 0.00496618 0.0081368 0.0123807 0.0177128 0.0240071 0.030897 0.0377545 0.0438529 0.0486387 0.0519088 0.0537808 0.0545412 0.0545121 0.0539937 0.0532494 0.0524947 0.0518749 0.0514245 0.0510041 0.0502441 0.0485622 0.0453276 0.0401636 0.0332385 0.0253332
 0.00518066 0.00848441 0.0129022 0.0184461 0.0249814 0.0321228 0.0392123 0.0454877 0.050366 0.0536272 0.0553861 0.0559332 0.0555988 0.0546939 0.0534966 0.0522433 0.0511085 0.0501626 0.0493082 0.048219 0.0463526 0.0431061 0.0381062 0.0314918 0.0239824
 0.00541525 0.00886936 0.0134879 0.0192812 0.0261025 0.0335389 0.0408901 0.047348 0.0522972 0.0555092 0.0571094 0.0574071 0.0567482 0.0554538 0.0538079 0.0520543 0.0503817 0.0488877 0.047518 0.0460032 0.0438632 0.0405454 0.0356943 0.0294194 0.0223668
 0.00564759 0.00925203 0.0140732 0.0201214 0.0272402 0.0349913 0.0426321 0.0493053 0.0543555 0.0575358 0.0589753 0.059002 0.0579864 0.0562721 0.054159 0.0518989 0.0496859 0.0476315 0.0457136 0.0437194 0.0412418 0.0377969 0.0330642 0.0271317 0.0205669
 0.00589023 0.00964787 0.0146718 0.0209705 0.0283777 0.0364319 0.0443525 0.0512383 0.0563975 0.0595642 0.0608663 0.0606429 0.0592822 0.0571481 0.0545601 0.0517851 0.0490279 0.0464117 0.0439393 0.041447 0.0385998 0.0349904 0.0303456 0.0247414 0.0186698
 0.00613543 0.0100493 0.0152811 0.0218372 0.0295397 0.0378999 0.0460953 0.0531781 0.0584218 0.0615485 0.0626944 0.0622158 0.060519 0.0579836 0.0549421 0.0516719 0.0483875 0.0452246 0.0422099 0.0392247 0.0360026 0.0322128 0.0276346 0.02234 0.0167505
 0.00638702 0.010462 0.015909 0.0227325 0.0307422 0.0394205 0.0478991 0.0551784 0.0604938 0.0635535 0.0645045 0.063728 0.0616589 0.0587015 0.0552053 0.0514573 0.0476757 0.0440023 0.0404817 0.0370349 0.0334587 0.0294959 0.0249791 0.0199806 0.0148577
 0.00661316 0.0108352 0.0164811 0.0235554 0.0318576 0.0408438 0.0496023 0.057084 0.0624847 0.0654957 0.0662685 0.0652042 0.0627646 0.0593817 0.0554297 0.0512119 0.0469553 0.0428071 0.0388247 0.0349601 0.0310645 0.0269463 0.022488 0.0177644 0.0130759
 0.00685931 0.0112359 0.0170849 0.0244078 0.0329921 0.042268 0.0512833 0.0589433 0.0644076 0.0673526 0.0679356 0.0665773 0.0637649 0.0599575 0.0555541 0.0508773 0.0461669 0.0415785 0.0371812 0.0329522 0.0287869 0.0245484 0.0201613 0.0157025 0.0114208
 0.00707818 0.0115965 0.0176364 0.025198 0.0340572 0.0436163 0.0528796 0.0607048 0.0662172 0.0690825 0.0694697 0.0678225 0.064654 0.0604472 0.0556216 0.0505172 0.0453866 0.0403961 0.0356283 0.0310834 0.0266935 0.0223664 0.0180598 0.0138492 0.0099377
 0.00727154 0.0119153 0.0181243 0.0258983 0.0350044 0.0448218 0.0543173 0.0623051 0.0678759 0.0706799 0.070891 0.0689723 0.0654634 0.0608751 0.0556513 0.0501501 0.0446365 0.0392862 0.0341938 0.0293798 0.0248073 0.0204199 0.0162003 0.0122197 0.0086396
 0.00744687 0.0122018 0.0185583 0.0265147 0.0358297 0.0458637 0.0555534 0.0636784 0.0693017 0.0720605 0.0721306 0.0699874 0.0661889 0.0612668 0.0556871 0.0498273 0.043968 0.0382968 0.0329207 0.027878 0.0231571 0.0187299 0.014597 0.0108231 0.00753238
 0.00753401 0.0123472 0.0187843 0.0268456 0.0362882 0.0464646 0.0562965 0.0645444 0.0702529 0.0730461 0.0730916 0.0708612 0.066913 0.0617845 0.0559519 0.0498079 0.0436504 0.0376859 0.0320405 0.0267748 0.0219021 0.0174186 0.0133387 0.00972004 0.00665494
 0.00759959 0.0124478 0.0189252 0.0270293 0.0365169 0.0467425 0.0566309 0.0649436 0.0707219 0.0735818 0.073679 0.0714716 0.0675048 0.0623065 0.0563491 0.0500283 0.0436528 0.0374461 0.0315575 0.0260744 0.0210393 0.0164733 0.0124053 0.00888724 0.00598519
 0.00766355 0.0125461 0.0190623 0.0272051 0.0367263 0.0469764 0.0568772 0.0651905 0.070963 0.0738197 0.073925 0.0717389 0.0677984 0.0626148 0.0566417 0.0502603 0.0437736 0.0374112 0.0313395 0.0256724 0.020483 0.0158217 0.0117344 0.00827259 0.00548246
 0.00771638 0.0126259 0.0191711 0.0273405 0.0368822 0.047144 0.0570464 0.0653507 0.0711055 0.0739407 0.0740284 0.0718361 0.0679048 0.0627423 0.0567909 0.0504147 0.0439001 0.0374672 0.0312855 0.0254855 0.0201673 0.0154105 0.0112828 0.00784111 0.00511953
 0.0077617 0.0126946 0.0192649 0.0274575 0.0370165 0.0472867 0.0571864 0.0654763 0.0712065 0.0740119 0.0740711 0.0718584 0.0679192 0.0627625 0.0568273 0.0504692 0.0439618 0.0375121 0.031282 0.0254054 0.0199985 0.0151641 0.0109917 0.00754882 0.00486496
 0.0078041 0.0127601 0.0193569 0.0275761 0.0371583 0.0474442 0.0573474 0.0656255 0.0713281 0.074094 0.0741091 0.0718557 0.0678858 0.0627127 0.0567755 0.0504266 0.0439321 0.0374887 0.0312485 0.025341 0.0198875 0.0150049 0.0107994 0.00735018 0.00468734
 0.00784411 0.0128177 0.0194301 0.0276583 0.0372408 0.0475191 0.0574105 0.065676 0.0713673 0.0741231 0.074128 0.0718636 0.0678827 0.0627001 0.0567572 0.0504078 0.0439168 0.0374766 0.0312332 0.0253111 0.0198314 0.0149176 0.0106867 0.00722737 0.00457277
 0.00786728 0.0128549 0.0194846 0.0277319 0.0373318 0.0476212 0.0575117 0.0657612 0.0714234 0.0741442 0.0741175 0.0718317 0.0678407 0.0626565 0.0567167 0.050372 0.043886 0.0374501 0.0312077 0.0252808 0.0197895 0.0148596 0.0106141 0.00714786 0.0044974
 0.00786585 0.0128512 0.0194767 0.0277178 0.0373106 0.0475944 0.057484 0.0657392 0.0714126 0.0741461 0.07413 0.0718504 0.0678626 0.0626808 0.056744 0.0504027 0.043919 0.0374826 0.0312356 0.0252994 0.0197941 0.0148475 0.0105864 0.00710982 0.0044568
 0.00789377 0.0128884 0.0195174 0.0277518 0.0373256 0.0475811 0.0574402 0.0656708 0.0713321 0.0740688 0.0740688 0.0718136 0.067852 0.062693 0.056773 0.0504423 0.0439639 0.0375283 0.0312778 0.0253337 0.0198166 0.0148559 0.0105809 0.00709406 0.00443614
 0.00789359 0.012891 0.0195262 0.0277703 0.0373553 0.0476178 0.0574731 0.0656851 0.0713153 0.0740175 0.0739918 0.0717287 0.0677784 0.0626449 0.0567557 0.0504529 0.043995 0.0375707 0.0313234 0.0253755 0.0198496 0.014877 0.0105898 0.00709277 0.0044286
 0.00790349 0.0129029 0.0195366 0.0277742 0.0373483 0.0475991 0.0574469 0.0656585 0.071294 0.0740016 0.0739763 0.0717072 0.0677494 0.0626135 0.0567311 0.0504439 0.0440053 0.0375982 0.0313616 0.0254168 0.0198868 0.0149056 0.0106078 0.00710107 0.00442983
 0.00788489 0.0128732 0.019493 0.0277142 0.0372701 0.0475029 0.0573356 0.0655396 0.0711795 0.0739063 0.0739136 0.0716849 0.0677667 0.0626629 0.0568028 0.0505293 0.0440989 0.0376963 0.0314601 0.0255099 0.0199687 0.0149714 0.0106557 0.0071321 0.00444729
 0.00786754 0.0128421 0.019441 0.0276335 0.0371547 0.047352 0.0571568 0.0653487 0.0709972 0.0737532 0.0738059 0.0716325 0.0677733 0.0627251 0.0569109 0.0506697 0.0442569 0.0378586 0.0316162 0.0256522 0.0200912 0.0150703 0.0107296 0.00718256 0.00447846
 0.00783012 0.0127806 0.0193473 0.0274999 0.0369756 0.0471273 0.0568947 0.0650673 0.0707225 0.0735143 0.0736295 0.0715382 0.0677696 0.0628097 0.0570714 0.0508866 0.0445075 0.0381205 0.0318697 0.0258821 0.0202873 0.0152274 0.0108471 0.00726385 0.00453003
 0.00784056 0.0127919 0.0193538 0.0274921 0.0369425 0.047059 0.0567857 0.0649186 0.0705418 0.0733156 0.0734318 0.0713633 0.0676393 0.062741 0.057073 0.0509573 0.044636 0.0382888 0.0320569 0.0260683 0.0204564 0.0153688 0.0109561 0.00734116 0.00458016
 0.0078122 0.01275 0.0192982 0.0274248 0.0368658 0.0469738 0.0566904 0.0648102 0.0704186 0.0731802 0.0732925 0.0712333 0.0675345 0.0626767 0.0570612 0.0510037 0.0447388 0.0384377 0.0322354 0.0262564 0.0206352 0.0155236 0.0110786 0.00742973 0.00463855
 0.00776634 0.012675 0.0191849 0.0272659 0.0366592 0.0467263 0.0564206 0.064546 0.0701898 0.073009 0.0731881 0.0711929 0.0675496 0.062739 0.0571656 0.0511475 0.0449191 0.0386483 0.032465 0.0264895 0.0208545 0.015714 0.0112306 0.00754077 0.0047125
 0.00771779 0.0125935 0.0190577 0.0270802 0.0364056 0.0464043 0.0560443 0.0641454 0.0698067 0.0726876 0.072965 0.0710892 0.0675676 0.0628647 0.0573754 0.0514156 0.0452228 0.0389695 0.0327883 0.0267997 0.0211365 0.0159548 0.0114216 0.00768047 0.0048059
 0.00932677 0.0148458 0.0217761 0.0298744 0.0387851 0.0479583 0.0565845 0.0637354 0.068682 0.071138 0.071246 0.0693869 0.0659996 0.061495 0.0562284 0.0504887 0.0444974 0.0384198 0.0323875 0.0265218 0.0209565 0.0158481 0.0113654 0.0076553 0.00479727
 0.00929463 0.0150935 0.0226774 0.0318947 0.0422786 0.0528945 0.0623744 0.0693269 0.0729334 0.0732677 0.0710911 0.0673468 0.0627616 0.0577414 0.0524663 0.0470182 0.0414582 0.0358542 0.0302874 0.0248559 0.0196819 0.0149145 0.0107164 0.00723108 0.00453884
 0.00897396 0.0145852 0.0219591 0.031012 0.0414011 0.0523548 0.0626295 0.0707939 0.0757386 0.0770591 0.0750809 0.070611 0.0646258 0.0580168 0.0514194 0.0451536 0.0392813 0.0337328 0.0284258 0.0233338 0.0185049 0.0140504 0.0101163 0.00683942 0.00430068
 0.00879843 0.0142922 0.0215044 0.0303524 0.0405108 0.0512559 0.0614332 0.0697297 0.0751384 0.0772669 0.0762978 0.0727461 0.0672604 0.0605392 0.0532741 0.0460557 0.0392746 0.0330888 0.0274789 0.0223552 0.017655 0.0133922 0.0096498 0.00653404 0.0041158
 0.00871384 0.0141504 0.0212821 0.0300235 0.0400492 0.0506433 0.0606707 0.0688535 0.0742366 0.0764909 0.0758521 0.072838 0.0680082 0.0618816 0.0549475 0.0476778 0.0405001 0.033743 0.0275928 0.0220991 0.0172333 0.0129635 0.0093001 0.00628761 0.00396123
 0.00868972 0.0141049 0.021202 0.029891 0.0398455 0.0503524 0.0602842 0.0683744 0.073682 0.0758975 0.0752855 0.0723991 0.0678228 0.0620618 0.0555313 0.0485833 0.0415333 0.03467 0.0282371 0.0224044 0.017258 0.0128245 0.00910931 0.00611694 0.00383889
 0.00868257 0.0140942 0.021187 0.0298701 0.0398143 0.0503017 0.0601997 0.0682383 0.0734787 0.0756201 0.0749436 0.0720248 0.0674747 0.0618198 0.0554784 0.0487701 0.0419441 0.0352136 0.0287784 0.0228222 0.0174935 0.0128916 0.00906779 0.00603273 0.0037577
 0.00866635 0.0140698 0.0211538 0.0298291 0.0397675 0.0502518 0.0601483 0.0681845 0.0734171 0.0755407 0.0748339 0.0718767 0.0672933 0.0616305 0.0553263 0.0487092 0.0420146 0.0354179 0.029072 0.0231299 0.0177428 0.0130438 0.00912604 0.00602805 0.00372609
 0.00867399 0.0140783 0.0211595 0.0298266 0.0397511 0.0502186 0.0600999 0.068127 0.0733579 0.0754847 0.0747805 0.0718195 0.0672239 0.061545 0.0552325 0.0486291 0.0419789 0.0354519 0.0291798 0.0232881 0.0179099 0.01318 0.00921066 0.00606351 0.0037291
 0.00866064 0.0140623 0.0211455 0.0298216 0.0397614 0.0502457 0.0601378 0.0681637 0.0733804 0.0754846 0.0747568 0.0717767 0.0671676 0.061479 0.05516 0.0485563 0.041918 0.0354192 0.0291883 0.0233385 0.0179878 0.0132622 0.00927656 0.00610362 0.00374583
 0.00864259 0.0140326 0.0211008 0.0297596 0.0396834 0.050158 0.0600529 0.068097 0.0733445 0.0754835 0.0747841 0.0718192 0.0672115 0.0615152 0.0551846 0.0485704 0.0419266 0.0354304 0.029211 0.0233782 0.0180429 0.0133236 0.00933227 0.00614488 0.00377038
 0.00862379 0.014003 0.0210581 0.0297023 0.039611 0.0500716 0.0599563 0.0679978 0.073254 0.0754149 0.0747487 0.0718222 0.0672499 0.0615784 0.0552588 0.0486437 0.0419923 0.0354876 0.0292633 0.0234299 0.0180963 0.0133768 0.00938033 0.00618285 0.00379604
 0.008611 0.0139819 0.0210258 0.0296561 0.0395492 0.0499945 0.0598673 0.0679033 0.0731625 0.0753355 0.0746897 0.0717907 0.0672503 0.0616107 0.0553183 0.0487211 0.0420767 0.0355701 0.0293388 0.0234973 0.0181563 0.0134296 0.00942505 0.00621781 0.00382054
 0.0086443 0.0140321 0.0210938 0.0297395 0.0396422 0.0500883 0.0599506 0.0679638 0.0731893 0.0753225 0.0746378 0.0717077 0.0671492 0.0615065 0.055224 0.0486455 0.042023 0.0355366 0.0293212 0.0234913 0.0181585 0.0134373 0.0094358 0.00622903 0.00383011
 0.00862801 0.0140118 0.0210745 0.0297295 0.0396501 0.0501192 0.0600028 0.0680285 0.0732535 0.0753728 0.074665 0.0717078 0.067124 0.0614623 0.0551704 0.0485925 0.0419786 0.0355055 0.0293042 0.0234864 0.018162 0.013446 0.00944645 0.00623943 0.00383874
 0.00862801 0.0140118 0.0210745 0.0297295 0.0396501 0.0501192 0.0600028 0.0680285 0.0732535 0.0753728 0.074665 0.0717078 0.067124 0.0614623 0.0551704 0.0485925 0.0419786 0.0355055 0.0293042 0.0234864 0.018162 0.013446 0.00944645 0.00623943 0.00383874
 0.00868393 0.0140991 0.021199 0.0298938 0.0398532 0.0503551 0.060259 0.0682852 0.0734847 0.0755511 0.0747665 0.0717181 0.0670416 0.0612994 0.0549492 0.0483406 0.0417231 0.0352683 0.0291001 0.023322 0.018038 0.0133581 0.00938839 0.00620386 0.00381872
 0.00825674 0.0134298 0.020242 0.0286319 0.0383105 0.0486117 0.0584602 0.0666314 0.0721918 0.0747928 0.0746282 0.0721813 0.0680004 0.0625971 0.0564179 0.0498328 0.0431296 0.0365214 0.030167 0.0241946 0.0187231 0.0138724 0.00975458 0.00644902 0.00397161
 0.008435 0.0136638 0.0204898 0.0288179 0.0383423 0.0484109 0.0579912 0.0659156 0.0713049 0.0738504 0.0737633 0.0715183 0.0676281 0.0625482 0.0566653 0.0503026 0.0437262 0.0371533 0.0307637 0.0247127 0.0191436 0.0141936 0.00998555 0.00660469 0.00406925
#pred catch len freq
 0.00501549 0.00791861 0.0115137 0.0156919 0.0203746 0.0254922 0.0309072 0.0363776 0.0416025 0.0462999 0.0502536 0.0533322 0.0554967 0.0567973 0.0573503 0.0573067 0.0568271 0.0560505 0.0550328 0.0536516 0.0515376 0.0481418 0.0429959 0.0360682 0.0279639
 0.00537271 0.00842592 0.012146 0.0163923 0.021087 0.0262045 0.0316729 0.0372916 0.0427385 0.047646 0.0516902 0.0546678 0.0565404 0.057427 0.0575418 0.0571171 0.0563444 0.0553381 0.0540955 0.0524444 0.0500174 0.0463327 0.0410257 0.0341438 0.0262964
 0.00587695 0.00919446 0.013204 0.0177209 0.0226209 0.027838 0.0332749 0.0387363 0.0439486 0.048623 0.0525005 0.0553822 0.0571686 0.0578948 0.0577293 0.0569238 0.0557336 0.0543332 0.0527443 0.0507882 0.0480945 0.0442128 0.0388411 0.0320794 0.0245358
 0.00633389 0.00990958 0.014229 0.0190867 0.024333 0.0298684 0.0355471 0.0411132 0.0462403 0.0506226 0.0540395 0.0563784 0.0576374 0.0579132 0.0573741 0.0562273 0.0546831 0.0529042 0.0509346 0.048634 0.0456736 0.0416487 0.0363026 0.0297601 0.0226054
 0.00669881 0.0104885 0.0150756 0.0202458 0.0258392 0.0317392 0.0377683 0.0436215 0.048911 0.0532708 0.0564385 0.0582984 0.0588973 0.0584247 0.0571524 0.0553596 0.0532753 0.051041 0.0486751 0.0460368 0.0428313 0.0387077 0.0334572 0.0272168 0.0205293
 0.00708528 0.0110908 0.0159356 0.0213913 0.0272869 0.0334978 0.0398334 0.0459628 0.0514596 0.0559101 0.0590032 0.0605853 0.0606901 0.0595328 0.0574515 0.0548167 0.0519448 0.0490347 0.0461267 0.0430864 0.039634 0.0354508 0.0303587 0.0244921 0.0183386
 0.00742421 0.0116264 0.0167141 0.0224479 0.0286441 0.0351605 0.0417812 0.0481447 0.0537952 0.0582975 0.0613251 0.0627096 0.0624696 0.0608107 0.0580801 0.0546847 0.0510041 0.0473141 0.0437279 0.0401689 0.0364013 0.0321393 0.0272193 0.0217529 0.0161564
 0.00775635 0.0121426 0.0174483 0.0234208 0.0298662 0.0366348 0.0434992 0.0500759 0.0558788 0.0604406 0.063411 0.0646115 0.0640638 0.0619838 0.0587282 0.0547152 0.0503457 0.0459377 0.0416689 0.0375407 0.0333942 0.0290018 0.0242213 0.0191349 0.0140777
 0.00810803 0.0126814 0.0181988 0.0243869 0.0310358 0.0379868 0.0450061 0.0517017 0.0575755 0.0621483 0.0650585 0.0661177 0.065341 0.0629425 0.0592827 0.054787 0.049868 0.0448657 0.04 0.0353385 0.0308033 0.0262404 0.0215448 0.0167791 0.0122016
 0.00832864 0.013046 0.0187579 0.0251902 0.0321198 0.039358 0.0466248 0.0534789 0.0593899 0.0638745 0.0665918 0.0673846 0.0662957 0.0635563 0.0595318 0.0546437 0.049299 0.0438397 0.0385055 0.0334096 0.0285421 0.0238207 0.0191854 0.0146916 0.0105339
 0.00861542 0.0134874 0.0193785 0.0260021 0.0331293 0.0405707 0.0480412 0.0550791 0.0611145 0.0656158 0.0682054 0.0687216 0.06724 0.0640481 0.0595662 0.0542487 0.048509 0.0426797 0.0369959 0.0315868 0.0264845 0.0216615 0.0170992 0.0128526 0.00906661
 0.00897208 0.0140213 0.0200972 0.0268853 0.0341388 0.0416668 0.049194 0.056269 0.0623248 0.066821 0.0693604 0.069755 0.0680597 0.0645603 0.0597005 0.0539754 0.0478385 0.0416491 0.0356541 0.0299928 0.0247181 0.0198346 0.0153497 0.0113175 0.00784407
 0.0091814 0.0143428 0.0205457 0.0274609 0.0348269 0.0424396 0.0500129 0.0570897 0.0631077 0.0675427 0.0700163 0.0703492 0.0685863 0.0649886 0.0599739 0.0540268 0.047612 0.0411175 0.0348253 0.0289089 0.0234523 0.0184873 0.0140385 0.0101553 0.00691182
 0.00932294 0.0145649 0.0208654 0.0278893 0.0353681 0.0430886 0.0507507 0.0578802 0.0638987 0.0682745 0.0706354 0.0708215 0.0689028 0.0651586 0.0600097 0.053927 0.0473575 0.0406805 0.034188 0.0280795 0.022474 0.0174361 0.0130092 0.00924022 0.00617683
 0.00920559 0.0144164 0.0207202 0.0278064 0.0354164 0.0433225 0.0511895 0.0585008 0.0646443 0.0690702 0.0714039 0.0714942 0.0694289 0.0655112 0.0601849 0.0539363 0.0472143 0.0403911 0.0337522 0.0275026 0.0217802 0.0166753 0.0122514 0.00855762 0.00562348
 0.00919079 0.014384 0.0206589 0.0277074 0.0352846 0.0431888 0.0511148 0.0585624 0.0649049 0.0695458 0.0720493 0.0722165 0.0701199 0.0660794 0.0605747 0.0541295 0.0472197 0.0402303 0.0334487 0.0270795 0.0212657 0.0161091 0.0116851 0.00804482 0.00520558
 0.00927759 0.0144943 0.0207673 0.0277705 0.0352519 0.0430226 0.0508102 0.0581588 0.0644842 0.0692148 0.071909 0.0723274 0.0704772 0.066613 0.0611753 0.0546858 0.0476493 0.0404906 0.0335324 0.027003 0.0210603 0.0158165 0.0113537 0.00772302 0.0049315
 0.00936468 0.0146225 0.0209337 0.027959 0.0354315 0.0431486 0.0508302 0.058026 0.0641783 0.068762 0.0713891 0.0718568 0.0701718 0.0665467 0.0613534 0.0550467 0.0480914 0.0409091 0.0338492 0.0271798 0.0210962 0.0157384 0.0112036 0.00754603 0.00476534
 0.00948792 0.0148137 0.0212038 0.0283109 0.0358578 0.0436284 0.0513251 0.0584777 0.0645141 0.0689106 0.0713042 0.0715397 0.0696813 0.0659866 0.0608389 0.0546636 0.0478686 0.0408186 0.033829 0.0271653 0.0210447 0.0156374 0.0110658 0.0073968 0.00462958
 0.00950398 0.0148449 0.0212606 0.028407 0.036008 0.0438444 0.0516095 0.058819 0.0648833 0.0692614 0.0715781 0.0716792 0.0696489 0.0657827 0.0605077 0.0542808 0.0475133 0.0405436 0.0336458 0.0270506 0.0209612 0.0155552 0.0109732 0.00729888 0.00453883
 0.00960082 0.0149802 0.0214242 0.0285775 0.0361617 0.0439679 0.0517081 0.0589151 0.0650033 0.0694198 0.0717663 0.0718644 0.0697835 0.065821 0.0604247 0.0540836 0.0472404 0.0402497 0.0333792 0.0268369 0.0208006 0.0154332 0.0108744 0.0072148 0.0044688
 0.00967447 0.0150925 0.0215784 0.0287692 0.036377 0.0441836 0.0518942 0.0590428 0.0650571 0.0694071 0.071716 0.0718126 0.0697534 0.0658107 0.0604097 0.0540334 0.0471367 0.0400964 0.0331995 0.0266596 0.0206468 0.0153105 0.0107802 0.0071431 0.00441483
 0.00969151 0.0151229 0.0216293 0.0288492 0.0364948 0.0443441 0.0520945 0.0592681 0.0652807 0.0695954 0.0718391 0.071856 0.0697235 0.0657298 0.0603024 0.0539138 0.0470063 0.0399512 0.0330401 0.0264953 0.020492 0.0151778 0.0106755 0.00706588 0.00436096
 0.00956133 0.0149329 0.0213837 0.0285671 0.0362062 0.0440827 0.0518917 0.0591491 0.0652613 0.0696789 0.0720129 0.0720929 0.0699883 0.0659897 0.0605348 0.0541083 0.04716 0.0400638 0.033112 0.0265296 0.0204963 0.0151627 0.0106518 0.00704164 0.00434051
 0.00948168 0.0148083 0.0212059 0.0283335 0.0359221 0.0437644 0.0515678 0.0588586 0.065046 0.0695724 0.0720312 0.0722309 0.0702223 0.0662835 0.0608491 0.0544087 0.0474227 0.0402767 0.033272 0.0266399 0.020564 0.0151974 0.0106643 0.00704157 0.00433519
 0.00939362 0.0146712 0.0210111 0.0280765 0.0356037 0.0433912 0.0511555 0.0584344 0.0646495 0.0692508 0.0718306 0.0721848 0.0703412 0.0665514 0.0612267 0.0548445 0.047865 0.040684 0.033618 0.0269131 0.0207649 0.0153348 0.0107509 0.00709152 0.00436118
 0.00914069 0.0143007 0.0205285 0.0275124 0.0350031 0.0427984 0.0506026 0.0579413 0.0642318 0.068928 0.0716292 0.0721338 0.0704632 0.0668519 0.0616874 0.0554236 0.0485048 0.0413233 0.0342042 0.0274107 0.0211577 0.0156235 0.0109483 0.00721657 0.00443422
 0.00890977 0.0139512 0.0200515 0.0269189 0.0343233 0.0420776 0.0498967 0.0573107 0.0637301 0.0685907 0.0714684 0.072143 0.0706289 0.0671609 0.062127 0.0559742 0.0491342 0.041986 0.0348489 0.0279907 0.0216404 0.0159952 0.0112128 0.0073901 0.00453884
 0.00873803 0.0136905 0.0196935 0.0264677 0.0337932 0.0414903 0.0492806 0.0567028 0.0631766 0.0681418 0.0711688 0.0720212 0.0706908 0.0673919 0.0624997 0.0564571 0.0496948 0.0425894 0.0354561 0.0285605 0.0221369 0.0163948 0.0115086 0.00759096 0.00466345
 0.00849617 0.0133272 0.0192023 0.0258625 0.0331038 0.0407547 0.0485404 0.0560014 0.062559 0.0676515 0.0708439 0.0718895 0.0707658 0.0676694 0.0629567 0.0570551 0.0503865 0.0433253 0.0361881 0.0292449 0.0227368 0.0168848 0.0118791 0.00784838 0.00482696
 0.00833549 0.0130664 0.0188115 0.0253162 0.0323887 0.0398805 0.0475496 0.0549708 0.0615866 0.0668361 0.0702645 0.0715951 0.0707726 0.0679643 0.0635029 0.0577983 0.0512618 0.0442638 0.0371234 0.0301182 0.0235016 0.017511 0.0123555 0.00818293 0.00504224
 0.00903215 0.0140374 0.0199725 0.0264841 0.0333285 0.0403831 0.047499 0.0543687 0.0605346 0.0654972 0.0688247 0.0702305 0.069624 0.0671208 0.0629983 0.0576188 0.0513598 0.0445716 0.0375654 0.0306203 0.0239987 0.0179534 0.0127131 0.00844576 0.0052176
 0.00992901 0.0153963 0.0218261 0.0287781 0.035914 0.0430206 0.0498745 0.0561378 0.0614037 0.0653179 0.0676475 0.0682854 0.067241 0.0646348 0.0606792 0.0556406 0.0498014 0.0434369 0.0368078 0.0301662 0.0237662 0.0178653 0.0127055 0.00847278 0.00525129
 0.0100716 0.0156924 0.0223898 0.0297528 0.0374334 0.0451449 0.0525265 0.0590739 0.0642422 0.0676193 0.069024 0.0685066 0.0662993 0.0627425 0.0581945 0.0529575 0.0472518 0.0412377 0.0350564 0.0288665 0.022864 0.0172796 0.012351 0.0082737 0.00514818
 0.00987959 0.0154205 0.022062 0.0294352 0.0372395 0.0452305 0.0530656 0.0602094 0.0660134 0.0698961 0.071493 0.0707353 0.0678635 0.0633613 0.0578135 0.0517455 0.0455227 0.0393389 0.0332741 0.0273773 0.0217334 0.0164913 0.0118437 0.00797203 0.00498267
