SBPRF35
8.17922
Curr Bio
385194
B35
540503
F35
0.20802
FOFL
0.110645
OFL
27162.1
Bzero
2.33692e+006
#pred survey bio
 2.56566e+006 2.51342e+006 2.38155e+006 2.16932e+006 1.90712e+006 1.74433e+006 1.62263e+006 1.45418e+006 1.30231e+006 1.10724e+006 964886 879674 795092 706162 665125 582057 555721 542735 540510 540043 541823 523590 537963 530199 525867 528858 530454 560225 604581 639077 654227 585221 518482 502431 524430 554124 562293 559112 551510 540973 491669 479824 516307 564695 633456 656035 632708 518486 390565 1.06643e+007 6.66134e+006 7.48822e+006 8.9661e+006 1.07119e+007 1.24159e+007 1.39066e+007 1.51216e+007 1.60658e+007 1.6776e+007 1.72985e+007 1.76774e+007 1.79499e+007 1.81451e+007 1.82848e+007 1.83851e+007 1.84574e+007 1.85097e+007 1.85479e+007 1.8576e+007 1.85967e+007 1.86121e+007 1.86237e+007 1.86324e+007 1.86389e+007 1.8644e+007 1.86478e+007 1.86507e+007 1.86529e+007 1.86546e+007 1.8656e+007 1.8657e+007 1.86578e+007 1.86584e+007 1.86589e+007 1.86592e+007 1.86595e+007 1.86597e+007 1.86599e+007 1.866e+007 1.86602e+007 1.86602e+007 1.86603e+007 1.86603e+007 1.86604e+007 1.86604e+007 1.86604e+007 1.86605e+007 1.86605e+007 1.86605e+007 1.86605e+007 1.86605e+007 1.86605e+007 1.86605e+007 1.86605e+007 1.86605e+007 1.86605e+007 1.86605e+007 1.86605e+007 1.86605e+007 1.86605e+007 1.86605e+007 1.86605e+007 1.86605e+007 1.86605e+007 1.86605e+007 1.86605e+007 1.86605e+007 1.86605e+007 1.86605e+007 1.86605e+007 1.86605e+007 1.86605e+007 1.86605e+007 1.86605e+007 1.86605e+007 1.86605e+007 1.86605e+007 1.86605e+007 1.86605e+007 1.86605e+007 1.86605e+007 1.86605e+007 1.86605e+007 1.86605e+007 1.86605e+007 1.86605e+007 1.86605e+007 1.86605e+007 1.86605e+007 1.86605e+007 1.86605e+007 1.86605e+007 1.86605e+007 1.86605e+007 1.86605e+007 1.86605e+007 1.86605e+007 1.86605e+007 1.86605e+007 0 0 0 0 0 0 0 0 0 0 0 0 0 0 0 0 0 0 0 0 0 0 0 0 0
#obs survey bio
 2.14277e+006 2.69381e+006 1.83628e+006 2.8711e+006 1.16239e+006 1.60427e+006 1.76632e+006 1.2204e+006 1.55054e+006 1.27718e+006 931156 715130 922173 576281 1.03642e+006 604193 530495 511998 510402 739373 526704 399903 538606 536876 420951 396099 601340 490468 546604 556044 925674 544062 448981 453701 528726 674289 615143 461588 505322 570088 358093 489121 685839 496343 966060 575994 506069 587639 371576
#pred catch bio
 256455 286304 318109 298792 307322 283345 293652 284161 278645 252700 222098 226284 206890 153583 159746 133081 134968 122051 123266 102882 109678 94065 104041 101460 101766 111039 91885.9 92468.5 93904.1 92556.1 98408.9 90105.7 87005 80743 87128.4 86891.7 85712.3 87984.8 82648.7 97763.8 90560.2 84875.7 95946.9 88705.7 103308 89614.6 115112 93917.3 50859 27162.1 50286.1 55041.9 65404.7 78515.9 91350.5 102423 111259 117940 122798 126227 128595 130200 131275 131987 132454 132758 132956 133083 133165 133218 133251 133273 133286 133295 133301 133304 133306 133308 133309 133309 133310 133310 133310 133310 133310 133310 133310 133310 133310 133310 133310 133310 133310 133310 133310 133310 133310 133310 133310 133310 133310 133310 133310 133310 133310 133310 133310 133310 133310 133310 133310 133310 133310 133310 133310 133310 133310 133310 133310 133310 133310 133310 133310 133310 133310 133310 133310 133310 133310 133310 133310 133310 133310 133310 133310 133310 133310 133310 133310 133310 133310 133310 133310 133310 133310 133310 133310 133310 133310 0 0 0 0 0 0 0 0 0 0 0 0 0 0 0 0 0 0 0 0 0 0 0 0 0
#obs catch bio
 247643 286190 318556 297719 308398 283574 293326 284677 277999 252762 222114 227219 207070 153413 159309 133053 135630 121844 123909 102549 109631 94087.2 104012 101389 101690 111392 91723.2 92673.9 93914.1 92560.7 98292.5 89968.6 87142.3 80764.8 87357.6 86808.5 85633.4 88055.9 82501.6 97758.1 90521.1 84975 96361.7 88763.9 103489 89223 115320 94154.3 50719.8
#pred cpue bio
 2.53432e+006 2.48102e+006 2.34791e+006 2.13573e+006 1.87508e+006 1.71196e+006 1.58982e+006 1.42214e+006 1.271e+006 1.07827e+006 937419 852833 769277 682095 642098 561389 535612 522791 520599 520009 522008 504357 518296 510886 506811 509766 511184 540109 583126 616665 631700 565257 499664 482284 502537 531126 539419 536659 529439 519582 472165 460490 495408 541836 608124 630010 607913 497497 374318 1.02096e+007 6.33099e+006 6.95812e+006 8.30494e+006 1.00214e+007 1.17209e+007 1.3211e+007 1.4426e+007 1.53701e+007 1.60803e+007 1.66028e+007 1.69817e+007 1.72542e+007 1.74494e+007 1.75891e+007 1.76894e+007 1.77617e+007 1.7814e+007 1.78522e+007 1.78803e+007 1.7901e+007 1.79164e+007 1.7928e+007 1.79367e+007 1.79433e+007 1.79483e+007 1.79521e+007 1.7955e+007 1.79572e+007 1.79589e+007 1.79603e+007 1.79613e+007 1.79621e+007 1.79627e+007 1.79632e+007 1.79635e+007 1.79638e+007 1.7964e+007 1.79642e+007 1.79643e+007 1.79645e+007 1.79645e+007 1.79646e+007 1.79646e+007 1.79647e+007 1.79647e+007 1.79647e+007 1.79648e+007 1.79648e+007 1.79648e+007 1.79648e+007 1.79648e+007 1.79648e+007 1.79648e+007 1.79648e+007 1.79648e+007 1.79648e+007 1.79648e+007 1.79648e+007 1.79648e+007 1.79648e+007 1.79648e+007 1.79648e+007 1.79648e+007 1.79648e+007 1.79648e+007 1.79648e+007 1.79648e+007 1.79648e+007 1.79648e+007 1.79648e+007 1.79648e+007 1.79648e+007 1.79648e+007 1.79648e+007 1.79648e+007 1.79648e+007 1.79648e+007 1.79648e+007 1.79648e+007 1.79648e+007 1.79648e+007 1.79648e+007 1.79648e+007 1.79648e+007 1.79648e+007 1.79648e+007 1.79648e+007 1.79648e+007 1.79648e+007 1.79648e+007 1.79648e+007 1.79648e+007 1.79648e+007 1.79648e+007 1.79648e+007 1.79648e+007 1.79648e+007 1.79648e+007 1.79648e+007 0 0 0 0 0 0 0 0 0 0 0 0 0 0 0 0 0 0 0 0 0 0 0 0 0
#obs cpue bio
 4.19289e+006 2.84e+006 2.845e+006 2.27087e+006 1.89011e+006 1.91434e+006 1.88429e+006 1.31802e+006 1.46182e+006 816157 901815 912216 788743 732376 582989 418322 461961 698742 408112 506965 575359 496038 651378 491452 622513 622315 490685 484600 758158 639974 586505 603068 493841 503671 447587 546301 488717 613999 582632 583110 608410 354383 346002 571092 489238 779257 770767 423535 386614
#pred surv len freq
 0.00470849 0.00775152 0.0118626 0.0170767 0.0232805 0.0301095 0.0369334 0.0430295 0.0478596 0.0512429 0.0533139 0.0543541 0.0546479 0.0544242 0.0538563 0.0530824 0.0522257 0.0513915 0.0506117 0.0497359 0.0483415 0.0457853 0.0414736 0.0352524 0.0276489
 0.00511705 0.00834503 0.0126279 0.0179649 0.0242319 0.0310875 0.0379419 0.0440965 0.048996 0.0524055 0.0544012 0.0552416 0.0552412 0.0546966 0.0538491 0.0528702 0.0518657 0.0508833 0.0498874 0.0486934 0.0469094 0.0439899 0.0394657 0.0332681 0.0259231
 0.00525418 0.0086424 0.0132069 0.0189682 0.02577 0.033165 0.0404101 0.0466767 0.0513764 0.0543534 0.0558197 0.0561435 0.0556807 0.0547185 0.0534834 0.0521511 0.0508404 0.0495951 0.0483511 0.046892 0.0448291 0.0416757 0.0370567 0.0309767 0.0239631
 0.00549564 0.00900996 0.0137203 0.0196468 0.0266503 0.0343151 0.0419179 0.0486026 0.053686 0.0568754 0.0582694 0.0582117 0.0571361 0.0554629 0.0535372 0.0515994 0.0497832 0.0481199 0.0465237 0.0447616 0.0424487 0.0391354 0.0345066 0.0286127 0.0219716
 0.00580436 0.0095014 0.0144384 0.0206207 0.0278848 0.0357821 0.0435562 0.050335 0.0554497 0.0586393 0.0600146 0.0598837 0.0586106 0.0565615 0.0540884 0.0515006 0.0490232 0.0467589 0.0446571 0.0424955 0.0399001 0.0364483 0.0318612 0.0262075 0.019977
 0.00604005 0.00990949 0.0150975 0.0216161 0.0292854 0.037605 0.045736 0.0527196 0.057835 0.0608281 0.0618696 0.0613465 0.0596783 0.0572389 0.0543472 0.0512738 0.0482364 0.0453735 0.0426974 0.0400515 0.037119 0.0335232 0.0290149 0.02366 0.0178977
 0.00624225 0.0102317 0.0155727 0.0222774 0.0301678 0.0387441 0.0471569 0.0544186 0.0597586 0.062864 0.063858 0.0631147 0.0610835 0.0581955 0.0548215 0.0512551 0.0477088 0.0443133 0.0410974 0.0379553 0.0346431 0.0308556 0.0263875 0.0213007 0.0159759
 0.00649272 0.0106413 0.0161926 0.0231537 0.0313297 0.0401874 0.0488322 0.056235 0.0616071 0.0646447 0.0654923 0.0645362 0.0622231 0.0589783 0.0551794 0.0511401 0.0470966 0.0431969 0.0394869 0.0358939 0.0322313 0.028263 0.0238351 0.0190121 0.0141183
 0.00665381 0.0109252 0.0166603 0.0238751 0.0323674 0.0415704 0.0505312 0.0581542 0.0636014 0.0665544 0.0671781 0.0659008 0.0632137 0.0595734 0.0553691 0.0509127 0.0464358 0.0420898 0.037938 0.0339422 0.0299685 0.0258432 0.0214595 0.016886 0.0123959
 0.00693203 0.0113629 0.0172933 0.0247303 0.0334628 0.0429122 0.052105 0.0599141 0.0654629 0.0683973 0.0688615 0.0672877 0.0641972 0.0600941 0.0554155 0.0505044 0.0456022 0.0408567 0.0363309 0.0320041 0.0277833 0.0235476 0.0192317 0.0149077 0.0108024
 0.00716282 0.0117507 0.0178986 0.025613 0.034664 0.04443 0.0538751 0.0618133 0.0673394 0.0701115 0.0703113 0.068408 0.0649457 0.0604394 0.0553379 0.050002 0.0446929 0.0395733 0.0347168 0.0301178 0.0257111 0.0214136 0.0171904 0.0131136 0.00936788
 0.00719123 0.0118251 0.0180637 0.025931 0.0352036 0.0452452 0.0549833 0.0631806 0.0688806 0.0717033 0.0718157 0.069698 0.0659257 0.0610527 0.0555605 0.0498311 0.0441389 0.0386583 0.0334779 0.0286128 0.0240253 0.0196625 0.0155102 0.0116359 0.00818665
 0.00729314 0.0119962 0.0183325 0.0263302 0.035767 0.0460007 0.0559424 0.0643288 0.0701717 0.073059 0.0731326 0.0708616 0.0668296 0.0616179 0.0557458 0.0496315 0.0435751 0.0377661 0.0323036 0.0272168 0.0224887 0.0180898 0.0140202 0.0103394 0.00715952
 0.00755275 0.0123834 0.018851 0.0269624 0.0364817 0.0467658 0.0567337 0.0651313 0.0709747 0.0738504 0.0738915 0.0715536 0.0674052 0.0620178 0.0559122 0.0495215 0.0431698 0.0370732 0.0313549 0.0260661 0.0212112 0.0167797 0.0127808 0.00926446 0.00631106
 0.00747511 0.0122761 0.0187237 0.0268339 0.0363728 0.0466896 0.0566921 0.0651223 0.0710076 0.0739566 0.0741197 0.0719469 0.0679729 0.062718 0.056656 0.0501958 0.0436672 0.0373166 0.0313112 0.0257481 0.0206722 0.0161028 0.0120633 0.00859789 0.00576162
 0.00770261 0.0126106 0.0191619 0.0273513 0.0369319 0.0472525 0.0572277 0.0656038 0.0714061 0.0742404 0.0742648 0.0719535 0.0678735 0.062567 0.0565036 0.0500614 0.0435299 0.0371269 0.031017 0.0253201 0.0201184 0.0154683 0.0114164 0.00800864 0.00528184
 0.00764304 0.0125502 0.0191365 0.0274117 0.0371242 0.0475918 0.0576798 0.0660931 0.0718466 0.0745712 0.0744678 0.0720453 0.0678856 0.0625307 0.0564443 0.0499963 0.0434625 0.0370426 0.0308857 0.0251111 0.0198184 0.0150923 0.0110054 0.00761481 0.00494935
 0.00775026 0.0126957 0.0193047 0.0275765 0.0372646 0.0477103 0.0578104 0.0662857 0.0721342 0.0749406 0.0748566 0.0723696 0.0680801 0.062573 0.0563546 0.0498177 0.0432382 0.0368003 0.0306329 0.0248406 0.0195209 0.0147695 0.0106754 0.00730669 0.0046911
 0.00778117 0.0127429 0.0193685 0.0276518 0.0373378 0.0477593 0.0578102 0.0662215 0.0720173 0.0748143 0.0747824 0.0723962 0.0682153 0.0627801 0.0565738 0.0499965 0.0433497 0.0368418 0.0306134 0.0247691 0.0194038 0.0146148 0.0104979 0.00712778 0.00453258
 0.00786662 0.0128712 0.0195417 0.027864 0.0375764 0.0480059 0.0580415 0.0664094 0.072133 0.074837 0.0747104 0.0722537 0.0680463 0.0626301 0.0564693 0.0499359 0.0433104 0.036797 0.0305447 0.0246702 0.0192776 0.0144697 0.0103459 0.00698329 0.00440886
 0.00789405 0.012888 0.0195167 0.0277532 0.0373375 0.0476202 0.0575309 0.0658379 0.0715887 0.0744044 0.0744471 0.0721806 0.0681524 0.0628844 0.0568328 0.0503669 0.0437661 0.0372348 0.0309274 0.0249723 0.0194888 0.0145948 0.0104008 0.00698987 0.00438939
 0.00802254 0.0130933 0.0198159 0.0281527 0.0378222 0.0481437 0.0580127 0.0661785 0.0717029 0.0742575 0.0740721 0.0716644 0.067601 0.0623882 0.0564463 0.0501078 0.0436239 0.0371819 0.0309291 0.024995 0.0195069 0.0145945 0.0103803 0.00695563 0.00435111
 0.00787298 0.0128756 0.0195364 0.0278356 0.0375058 0.0478704 0.0578183 0.0660827 0.0717017 0.0743225 0.07416 0.0717369 0.0676429 0.0624136 0.056488 0.0501978 0.0437772 0.0373911 0.0311698 0.0252353 0.019718 0.0147578 0.0104905 0.00701887 0.00438013
 0.00786782 0.0128575 0.0194922 0.0277503 0.03737 0.0476904 0.0576222 0.0659151 0.0716067 0.0743236 0.0742472 0.0718709 0.0677734 0.0625018 0.0565221 0.0501941 0.0437673 0.0374044 0.0312197 0.0253167 0.0198132 0.014847 0.0105597 0.00706342 0.00440326
 0.00784522 0.0128244 0.0194485 0.0276963 0.0373043 0.0476077 0.0575148 0.0657783 0.071448 0.0741665 0.0741265 0.0718174 0.0677983 0.0625902 0.0566421 0.0503138 0.0438698 0.0374907 0.0313006 0.0254012 0.0199016 0.0149317 0.0106311 0.00711545 0.00443571
 0.00780682 0.012767 0.0193718 0.0276037 0.0372023 0.0475047 0.0574184 0.0656938 0.0713762 0.0741049 0.0740731 0.0717759 0.067779 0.0626058 0.0566984 0.0504045 0.0439794 0.0376031 0.031406 0.0254972 0.0199888 0.0150093 0.0106961 0.00716492 0.00446904
 0.00795937 0.0129905 0.0196624 0.0279419 0.0375578 0.0478452 0.057716 0.0659271 0.0715284 0.0741631 0.0740296 0.0716315 0.0675468 0.0623112 0.0563757 0.0500885 0.0436965 0.0373668 0.031219 0.025356 0.0198878 0.0149422 0.0106555 0.0071428 0.00445819
 0.00797424 0.0129997 0.0196488 0.0278799 0.0374204 0.0476148 0.0573954 0.0655443 0.0711333 0.0738162 0.0737863 0.0715263 0.0675841 0.0624669 0.0566091 0.0503578 0.0439702 0.037626 0.0314539 0.0255615 0.0200609 0.0150814 0.0107616 0.00721865 0.0045084
 0.00797094 0.0129908 0.0196279 0.027837 0.0373417 0.0474841 0.057198 0.0652729 0.0707957 0.0734406 0.0734203 0.0712279 0.0674047 0.0624357 0.0567242 0.0505897 0.0442741 0.0379565 0.0317749 0.0258496 0.020304 0.0152753 0.0109073 0.00732106 0.00457521
 0.00789688 0.012879 0.0194758 0.0276476 0.0371223 0.0472437 0.0569453 0.0650157 0.0705408 0.0731949 0.073194 0.0710376 0.0672748 0.0623939 0.0567921 0.0507727 0.0445561 0.0383036 0.0321454 0.026205 0.0206162 0.0155292 0.0110992 0.00745574 0.00466257
 0.00777131 0.0126819 0.0191929 0.0272726 0.0366605 0.0467157 0.0563898 0.0644855 0.0700916 0.0728696 0.0730122 0.0709957 0.0673551 0.0625766 0.0570624 0.0511208 0.0449712 0.0387669 0.0326282 0.0266724 0.0210354 0.015877 0.0113658 0.00764421 0.00478501
 0.00856365 0.0137887 0.0205235 0.0286302 0.0377982 0.047427 0.0565806 0.06419 0.0694322 0.0719981 0.0720634 0.0700675 0.0665089 0.0618452 0.0564609 0.0506544 0.0446394 0.0385634 0.032538 0.0266712 0.0210923 0.0159605 0.0114509 0.00771545 0.00483656
 0.00927573 0.0149426 0.0222401 0.0309839 0.0407606 0.0508021 0.0599756 0.0670762 0.0713049 0.0725601 0.071324 0.0683016 0.0641178 0.0592125 0.0538705 0.0482778 0.0425623 0.036818 0.0311258 0.025574 0.0202773 0.0153847 0.0110657 0.00747276 0.00469343
 0.00921784 0.0149678 0.0224988 0.03169 0.0421357 0.0529828 0.0629223 0.0705304 0.0748209 0.0756029 0.0734043 0.0691073 0.0635958 0.0575649 0.0514659 0.0455248 0.0398059 0.0342922 0.0289573 0.0238096 0.018912 0.0143819 0.01037 0.00701985 0.00441871
 0.00887092 0.0144401 0.0217811 0.0308212 0.0412222 0.052211 0.0625478 0.0708226 0.0759611 0.0775761 0.0759497 0.0717706 0.06587 0.059054 0.051997 0.0451673 0.0388026 0.0329501 0.0275512 0.0225303 0.0178595 0.0135842 0.00980892 0.00665327 0.00419692
 0.00871025 0.014166 0.0213467 0.0301811 0.0403513 0.0511335 0.0613653 0.0697228 0.0751919 0.0773842 0.0764982 0.0730637 0.0677192 0.0611137 0.0538684 0.0465279 0.0395017 0.0330271 0.0271802 0.0219309 0.0172208 0.013027 0.00938497 0.00636449 0.00401876
 0.0086969 0.0141213 0.0212362 0.0299562 0.039959 0.0505339 0.0605523 0.0687407 0.074143 0.0764249 0.075819 0.072847 0.0680796 0.0620406 0.0552039 0.0480035 0.0408262 0.0339862 0.027696 0.0220583 0.0170929 0.012787 0.00913952 0.00616897 0.00388692
 0.00867925 0.014096 0.0212025 0.0299114 0.0398926 0.0504225 0.0603587 0.0684229 0.0736735 0.0758141 0.0751315 0.0722015 0.0676252 0.0619129 0.0554728 0.0486349 0.0416817 0.0348695 0.0284267 0.022534 0.0173085 0.0128094 0.00905972 0.00606223 0.00379604
 0.00861394 0.0140066 0.0210989 0.029813 0.0398224 0.0503966 0.060377 0.0684637 0.0736962 0.0757694 0.074979 0.0719307 0.0672723 0.0615618 0.0552316 0.0485945 0.0418735 0.0352461 0.028881 0.0229471 0.0175987 0.012956 0.00909228 0.00603146 0.00374631
 0.00841602 0.0137092 0.0206979 0.0293237 0.0392793 0.0498494 0.059885 0.0680871 0.0734811 0.0757309 0.0750928 0.0721407 0.0675137 0.0617889 0.0554374 0.0488094 0.0421423 0.0355955 0.0292964 0.0233752 0.0179743 0.0132327 0.0092599 0.00611066 0.00377068
 0.00862136 0.0140015 0.0210613 0.0297176 0.0396502 0.0501507 0.0600912 0.0681962 0.073506 0.0756875 0.0749913 0.0719835 0.0672982 0.0615146 0.0551139 0.0484627 0.0418142 0.0353312 0.0291262 0.0233004 0.0179679 0.0132558 0.00928068 0.00611516 0.00376075
 0.00868531 0.0141264 0.021285 0.0300805 0.040176 0.0508212 0.0608315 0.0688867 0.0740222 0.0759472 0.0749802 0.0717466 0.0669077 0.0610381 0.0546 0.047944 0.0413173 0.0348838 0.0287549 0.0230214 0.0177802 0.0131415 0.00921435 0.00607475 0.00373303
 0.00860354 0.0140014 0.0211139 0.0298718 0.0399544 0.0506299 0.0607271 0.0689226 0.0742228 0.0762874 0.0753881 0.0721308 0.0671945 0.0611949 0.0546343 0.0478859 0.0412023 0.0347438 0.0286164 0.0229046 0.0176963 0.0130911 0.00918951 0.00606439 0.00372834
 0.00871314 0.0141495 0.0212813 0.0300227 0.0400474 0.0506359 0.0606448 0.0687827 0.0740789 0.0761963 0.0753876 0.0722238 0.0673474 0.0613521 0.0547427 0.0479152 0.0411514 0.0346338 0.0284776 0.0227657 0.0175777 0.0130025 0.00913088 0.00602957 0.00370924
 0.00857787 0.0139516 0.0210234 0.0297187 0.0397152 0.0502879 0.0602845 0.0684119 0.0737119 0.0758717 0.0751649 0.0721642 0.0674862 0.0616793 0.0552031 0.0484284 0.0416401 0.0350459 0.0287932 0.0229907 0.0177311 0.0131053 0.00919962 0.00607506 0.00373824
 0.00867961 0.0140824 0.0211571 0.0298125 0.039724 0.0501859 0.0600792 0.0681401 0.0734199 0.0755944 0.0749192 0.0719593 0.0673377 0.0616116 0.0552366 0.048563 0.0418487 0.0352842 0.0290176 0.0231731 0.0178629 0.0131924 0.00925378 0.00610762 0.00375736
 0.00864056 0.0140269 0.021087 0.0297301 0.0396269 0.0500607 0.0599024 0.0678891 0.0730915 0.0752172 0.0745506 0.0716648 0.0671665 0.0615843 0.0553475 0.0487901 0.0421605 0.0356425 0.0293807 0.0235034 0.018135 0.0133969 0.00939525 0.00619831 0.00381147
 0.00867206 0.0141245 0.0213173 0.0301776 0.0403644 0.0511056 0.0611813 0.0692356 0.0742859 0.0760519 0.0748908 0.0714808 0.0665314 0.0606414 0.0542643 0.0477156 0.0411997 0.0348495 0.0287671 0.023052 0.0178151 0.0131761 0.00924668 0.00610163 0.00375169
 0.00935675 0.0150869 0.0224906 0.0314152 0.041494 0.0520084 0.0618439 0.0697364 0.0747234 0.0764646 0.0752219 0.071608 0.0663351 0.0600693 0.053357 0.0465886 0.0399993 0.0337085 0.0277764 0.0222539 0.0172116 0.0127447 0.008954 0.00591353 0.00363788
#obs surv len freq
 0.00497135 0.00814236 0.0123837 0.0177083 0.0239892 0.0308604 0.0376964 0.0437746 0.048546 0.0518116 0.0536913 0.0544706 0.0544683 0.0539793 0.0532622 0.0525296 0.0519261 0.0514865 0.0510728 0.0503159 0.0486337 0.0453954 0.0402241 0.0332887 0.0253716
 0.00518287 0.00849039 0.0129153 0.0184701 0.0250187 0.0321715 0.0392646 0.045531 0.0503866 0.0536157 0.0553411 0.0558623 0.0555155 0.0546134 0.0534313 0.0522002 0.0510886 0.0501629 0.0493235 0.0482439 0.0463823 0.0431367 0.0381347 0.0315158 0.024001
 0.00541106 0.00886234 0.0134772 0.0192665 0.026085 0.0335218 0.0408784 0.0473467 0.0523079 0.0555279 0.0571267 0.057412 0.0567339 0.0554209 0.0537646 0.0520126 0.0503523 0.048877 0.0475266 0.0460279 0.0438983 0.0405848 0.0357325 0.0294525 0.0223927
 0.00565704 0.00926515 0.0140888 0.0201368 0.0272521 0.0349968 0.0426299 0.0492968 0.0543444 0.0575266 0.0589712 0.0590026 0.0579872 0.0562664 0.0541422 0.0518712 0.0496534 0.0476028 0.045696 0.0437164 0.0412523 0.0378166 0.0330877 0.0271542 0.0205855
 0.00589309 0.00965416 0.0146841 0.0209917 0.0284096 0.0364736 0.0443992 0.0512822 0.0564302 0.0595803 0.0608658 0.0606298 0.059262 0.0571246 0.0545339 0.0517548 0.0489929 0.0463742 0.0439043 0.0414197 0.0385833 0.0349845 0.0303476 0.0247476 0.0186768
 0.00614723 0.0100663 0.0153027 0.0218619 0.0295659 0.0379272 0.0461247 0.0532109 0.0584578 0.0615845 0.0627243 0.0622334 0.0605209 0.0579701 0.0549163 0.0516377 0.0483481 0.0451824 0.0421678 0.0391862 0.0359711 0.0321902 0.0276209 0.0223332 0.0167481
 0.00637908 0.010451 0.0158958 0.0227189 0.0307302 0.0394113 0.0478922 0.0551733 0.0604901 0.0635531 0.0645096 0.0637401 0.0616768 0.0587214 0.0552227 0.0514687 0.0476802 0.0440009 0.0404765 0.0370285 0.0334539 0.0294945 0.0249815 0.0199858 0.014864
 0.00660958 0.0108289 0.0164708 0.0235399 0.0318368 0.0408189 0.0495764 0.0570616 0.0624699 0.0654904 0.0662724 0.0652155 0.0627812 0.059402 0.0554515 0.0512327 0.0469726 0.0428193 0.0388316 0.0349632 0.0310659 0.0269481 0.0224911 0.0177689 0.013081
 0.00684951 0.0112206 0.017063 0.0243787 0.0329557 0.042225 0.0512354 0.0588939 0.0643615 0.0673154 0.0679124 0.0665713 0.0637764 0.0599841 0.0555914 0.0509205 0.0462114 0.0416205 0.0372182 0.0329835 0.0288126 0.0245698 0.0201792 0.0157173 0.0114326
 0.00705412 0.0115584 0.017581 0.0251232 0.0339631 0.043506 0.0527601 0.0605864 0.0661119 0.0690013 0.0694201 0.067808 0.0646742 0.0604984 0.0556976 0.05061 0.0454878 0.040498 0.0357247 0.0311705 0.0267691 0.0224298 0.018111 0.0138888 0.00996661
 0.00727354 0.0119162 0.0181214 0.0258876 0.0349814 0.0447832 0.0542623 0.0622365 0.0677992 0.0706026 0.0708212 0.0689175 0.0654293 0.0608652 0.055666 0.0501871 0.0446908 0.0393514 0.034263 0.0294472 0.0248684 0.0204721 0.0162424 0.0122518 0.00866257
 0.00744919 0.0122046 0.0185604 0.0265142 0.0358237 0.0458491 0.055527 0.0636383 0.0692479 0.0719961 0.0720616 0.0699219 0.066135 0.0612316 0.0556746 0.0498385 0.0440006 0.0383462 0.0329805 0.0279415 0.0232182 0.0187841 0.0146416 0.0108572 0.00755659
 0.00753324 0.0123474 0.0187873 0.0268536 0.0363028 0.0464856 0.0563207 0.0645658 0.0702642 0.073041 0.0730674 0.0708193 0.0668593 0.0617274 0.0559007 0.0497703 0.0436312 0.0376859 0.0320573 0.0268034 0.0219365 0.0174532 0.0133694 0.0097445 0.00667263
 0.00758162 0.0124212 0.0188902 0.0269881 0.0364736 0.0467025 0.0565996 0.0649254 0.0707191 0.0735927 0.0736983 0.0714919 0.0675197 0.0623128 0.0563479 0.0500243 0.0436517 0.0374529 0.0315745 0.0261008 0.0210716 0.0165071 0.0124362 0.00891252 0.00600378
 0.00765359 0.0125283 0.0190329 0.0271602 0.0366635 0.0468973 0.0567888 0.0651047 0.0708937 0.0737779 0.0739157 0.0717596 0.0678408 0.0626684 0.0566968 0.0503108 0.0438178 0.0374507 0.0313773 0.0257106 0.0205217 0.015859 0.0117677 0.00829972 0.00550244
 0.00774289 0.0126665 0.0192272 0.0274109 0.0369627 0.0472267 0.0571203 0.0654038 0.0711283 0.0739298 0.0739883 0.0717771 0.0678385 0.0626778 0.0567325 0.0503632 0.0438548 0.0374279 0.0312531 0.0254615 0.0201525 0.015404 0.0112824 0.00784411 0.00512354
 0.00780544 0.0127665 0.0193743 0.0276122 0.0372197 0.0475328 0.0574571 0.0657413 0.0714299 0.0741615 0.0741274 0.0718186 0.0677962 0.0625797 0.0566116 0.0502449 0.0437471 0.0373185 0.0311155 0.0252686 0.0198915 0.0150851 0.010937 0.00751366 0.004844
 0.00781342 0.0127795 0.0193943 0.0276416 0.0372622 0.0475934 0.0575412 0.0658528 0.0715681 0.0743188 0.0742886 0.0719642 0.0679081 0.0626477 0.0566365 0.0502366 0.0437178 0.0372741 0.0310512 0.0251719 0.0197513 0.0149016 0.010726 0.00730156 0.0046575
 0.0078597 0.0128445 0.019473 0.0277235 0.0373343 0.0476455 0.0575708 0.065866 0.0715768 0.0743358 0.074323 0.0720177 0.0679741 0.0627136 0.0566887 0.0502656 0.0437205 0.0372519 0.0310058 0.0251022 0.0196546 0.0147787 0.0105853 0.00715869 0.00452977
 0.0078672 0.0128569 0.0194915 0.0277483 0.0373628 0.0476716 0.0575848 0.065858 0.0715423 0.0742805 0.0742632 0.0719746 0.0679652 0.0627451 0.0567537 0.0503484 0.0438026 0.0373182 0.0310465 0.0251124 0.0196332 0.0147286 0.010514 0.00707797 0.00445275
 0.00788802 0.0128849 0.0195231 0.0277767 0.0373807 0.0476738 0.0575708 0.065831 0.0715065 0.0742389 0.0742178 0.0719292 0.0679274 0.0627253 0.0567604 0.0503832 0.0438588 0.0373824 0.0311041 0.0251513 0.019647 0.0147167 0.0104814 0.00703369 0.00440674
 0.00789363 0.0128915 0.0195282 0.027776 0.0373685 0.0476447 0.0575212 0.0657612 0.0714219 0.0741496 0.0741366 0.0718678 0.0678934 0.062722 0.0567874 0.0504379 0.0439356 0.0374726 0.0311958 0.0252319 0.0197065 0.0147504 0.010491 0.00702537 0.00438912
 0.00792181 0.0129321 0.0195794 0.0278324 0.0374221 0.0476867 0.0575436 0.0657582 0.0713906 0.074091 0.0740564 0.0717762 0.0678036 0.0626466 0.0567359 0.050415 0.043941 0.0375015 0.0312397 0.0252806 0.0197496 0.0147809 0.010506 0.007027 0.00438226
 0.00788051 0.0128707 0.0194976 0.0277336 0.0373121 0.0475718 0.0574298 0.0656508 0.0712953 0.0740139 0.0740033 0.0717518 0.0678099 0.0626835 0.0568014 0.0505052 0.0440508 0.0376238 0.031366 0.0254011 0.019855 0.0148642 0.0105647 0.00706275 0.00440029
 0.007892 0.0128797 0.0194939 0.0277025 0.0372401 0.0474538 0.057274 0.0654783 0.0711322 0.0738822 0.0739149 0.0717083 0.067807 0.062715 0.0568616 0.0505892 0.0441534 0.0377391 0.0314867 0.0255188 0.0199613 0.0149522 0.0106306 0.0071069 0.00442623
 0.00787156 0.01285 0.0194551 0.0276557 0.0371848 0.0473858 0.0571857 0.0653623 0.0709883 0.073722 0.0737611 0.0715873 0.0677393 0.0627085 0.056912 0.0506845 0.0442791 0.0378818 0.0316345 0.0256613 0.0200897 0.0150595 0.0107131 0.00716461 0.00446259
 0.00783342 0.0127852 0.0193529 0.0275059 0.0369822 0.047135 0.056905 0.0650807 0.0707372 0.0735258 0.0736323 0.0715286 0.0677493 0.0627849 0.0570501 0.0508748 0.0445067 0.0381281 0.0318809 0.0258916 0.0202915 0.0152251 0.0108395 0.00725361 0.00451987
 0.00782918 0.0127752 0.0193318 0.027466 0.0369142 0.0470306 0.0567595 0.0648967 0.0705266 0.0733092 0.073435 0.0713747 0.0676556 0.0627585 0.05709 0.0509741 0.0446546 0.0383102 0.0320804 0.0260909 0.0204749 0.015381 0.0109617 0.00734161 0.00457773
 0.00780289 0.0127322 0.0192667 0.0273737 0.036791 0.0468757 0.0565765 0.0646945 0.0703178 0.0731085 0.0732583 0.0712377 0.0675726 0.0627401 0.0571401 0.0510892 0.0448238 0.0385181 0.0323085 0.0263202 0.0206877 0.0155637 0.0111063 0.00744671 0.00464751
 0.00779065 0.0127096 0.0192277 0.0273112 0.0366982 0.0467493 0.0564191 0.0645147 0.0701292 0.0729262 0.0730962 0.0711075 0.0674838 0.0627004 0.057155 0.0511603 0.044948 0.038686 0.0325055 0.0265281 0.0208883 0.0157412 0.0112503 0.00755358 0.00471971
 0.00773735 0.0126265 0.0191095 0.0271551 0.0365051 0.0465238 0.0561706 0.0642584 0.0698845 0.0727136 0.0729339 0.0710082 0.0674536 0.0627387 0.0572563 0.0513166 0.0451493 0.0389207 0.0327595 0.026785 0.0211307 0.0159535 0.0114221 0.00768116 0.00480616
 0.0093326 0.0148565 0.0217944 0.029904 0.0388301 0.048022 0.0566675 0.0638338 0.0687863 0.0712337 0.0713158 0.0694161 0.0659812 0.0614324 0.0561346 0.0503816 0.0443939 0.0383321 0.0323205 0.0264753 0.0209267 0.0158302 0.0113552 0.00764959 0.00479406
 0.00930277 0.0151052 0.0226923 0.0319118 0.0422971 0.0529146 0.0623983 0.0693579 0.0729744 0.0733191 0.0711487 0.0674019 0.0628024 0.0577571 0.0524513 0.0469747 0.0413951 0.0357841 0.0302217 0.0248022 0.0196426 0.0148884 0.0107005 0.00722201 0.00453393
 0.00895962 0.0145652 0.0219349 0.0309869 0.0413793 0.0523395 0.0626221 0.0707943 0.0757466 0.0770752 0.0751068 0.0706472 0.0646703 0.0580632 0.0514592 0.0451788 0.0392877 0.0337218 0.0284035 0.0233079 0.0184815 0.0140329 0.010105 0.00683313 0.00429757
 0.00879527 0.0142862 0.0214939 0.0303358 0.0404875 0.0512276 0.061404 0.0697059 0.0751256 0.0772681 0.0763126 0.0727717 0.0672932 0.0605755 0.0533104 0.0460876 0.0392976 0.0330999 0.0274781 0.0223455 0.0176413 0.0133786 0.00963917 0.006527 0.00411179
 0.00871634 0.0141519 0.0212799 0.0300132 0.0400266 0.0506059 0.0606194 0.0687935 0.0741765 0.0764406 0.0758204 0.0728299 0.068024 0.0619174 0.0549966 0.0477323 0.0405528 0.0337882 0.0276271 0.0221217 0.0172457 0.0129691 0.00930186 0.00628789 0.00396121
 0.00869534 0.0141144 0.0212165 0.0299115 0.0398712 0.0503803 0.0603085 0.0683875 0.0736777 0.0758735 0.0752457 0.0723519 0.0677787 0.0620293 0.0555149 0.0485826 0.0415443 0.0346868 0.0282542 0.0224179 0.0172663 0.012828 0.00910968 0.00611589 0.00383761
 0.00866821 0.0140714 0.0211537 0.0298255 0.039759 0.0502391 0.0601357 0.0681807 0.0734345 0.0755931 0.0749336 0.0720288 0.0674897 0.0618446 0.0555128 0.048814 0.0419957 0.0352691 0.0288326 0.0228703 0.0175322 0.01292 0.00908682 0.00604444 0.00376436
 0.00865894 0.0140539 0.0211232 0.029776 0.0396853 0.0501389 0.0600111 0.068038 0.0732811 0.0754342 0.0747705 0.0718613 0.0673227 0.0616958 0.0554162 0.0488133 0.0421241 0.0355258 0.0291727 0.0232185 0.017816 0.0131 0.00916609 0.00605441 0.00374208
 0.00864845 0.0140417 0.0211134 0.0297745 0.039697 0.0501636 0.0600414 0.0680602 0.0732803 0.0753995 0.0746983 0.071755 0.0671904 0.0615498 0.0552748 0.0487018 0.0420711 0.0355526 0.0292795 0.0233793 0.0179876 0.0132416 0.00925596 0.00609419 0.00374817
 0.00862557 0.0140067 0.0210651 0.0297144 0.0396293 0.0500962 0.0599845 0.0680239 0.0732698 0.0754121 0.074723 0.0717763 0.0671951 0.0615316 0.0552369 0.0486562 0.0420362 0.0355477 0.0293172 0.0234583 0.0180913 0.0133453 0.00933844 0.00614615 0.00377268
 0.00863191 0.0140132 0.0210678 0.0297075 0.0396071 0.0500557 0.0599282 0.0679598 0.0732097 0.0753676 0.0747008 0.0717761 0.0672092 0.0615488 0.0552468 0.0486545 0.0420268 0.0355411 0.0293256 0.0234889 0.0181424 0.0134063 0.00939565 0.00618947 0.00379907
 0.00864749 0.0140377 0.0211027 0.0297528 0.0396604 0.050111 0.0599762 0.0679896 0.0732129 0.0753419 0.0746521 0.0717158 0.0671494 0.061497 0.0552046 0.048619 0.041995 0.0355131 0.0293056 0.0234821 0.0181511 0.0134277 0.00942278 0.00621466 0.0038175
 0.00862775 0.0140102 0.0210701 0.0297204 0.0396349 0.0500982 0.0599787 0.0680058 0.0732373 0.0753668 0.0746699 0.0717224 0.0671449 0.0614857 0.0551921 0.0486096 0.0419901 0.0355125 0.0293088 0.02349 0.0181647 0.0134465 0.00944421 0.0062349 0.00383345
 0.00864462 0.0140341 0.0210995 0.0297522 0.0396657 0.0501263 0.060005 0.0680331 0.0732675 0.0753988 0.0746985 0.0717396 0.0671439 0.0614636 0.0551518 0.0485577 0.0419349 0.035461 0.0292657 0.0234577 0.0181439 0.0134363 0.00944229 0.00623799 0.0038383
 0.0086033 0.0139747 0.0210245 0.0296686 0.0395828 0.0500524 0.0599452 0.0679898 0.0732421 0.0753936 0.0747162 0.0717809 0.0672049 0.061536 0.0552248 0.0486227 0.0419872 0.0355005 0.0292951 0.0234806 0.0181631 0.0134535 0.00945769 0.00625117 0.00384864
 0.0086033 0.0139747 0.0210245 0.0296686 0.0395828 0.0500524 0.0599452 0.0679898 0.0732421 0.0753936 0.0747162 0.0717809 0.0672049 0.061536 0.0552248 0.0486227 0.0419872 0.0355005 0.0292951 0.0234806 0.0181631 0.0134535 0.00945769 0.00625117 0.00384864
 0.00889912 0.0144358 0.0216797 0.0305268 0.0406263 0.0512292 0.0611636 0.0691236 0.0741536 0.0759666 0.0748863 0.0715475 0.0666246 0.0607022 0.0542438 0.0475932 0.040988 0.0345868 0.0285006 0.0228218 0.017643 0.0130644 0.00918373 0.00607105 0.00373892
 0.00880952 0.0143282 0.0215884 0.0305075 0.0407417 0.0515256 0.06165 0.0697642 0.074876 0.0766794 0.0754975 0.0719799 0.0668286 0.0606641 0.0539868 0.0471698 0.0404659 0.034033 0.0279707 0.0223539 0.017258 0.0127683 0.00897135 0.00592955 0.0036519
#pred catch len freq
 0.00358305 0.00583061 0.00882013 0.0125994 0.0171944 0.0225496 0.0284635 0.0345941 0.0405365 0.0459115 0.0504214 0.0538825 0.0562456 0.0575909 0.0580921 0.0579716 0.0574665 0.0567902 0.0560547 0.0551459 0.0536272 0.0508026 0.0460225 0.0391203 0.030683
 0.00393791 0.00634938 0.00949622 0.013398 0.0180734 0.0234877 0.0294722 0.0357005 0.0417442 0.0471673 0.0516137 0.0548783 0.056944 0.0579615 0.0581751 0.0578418 0.0571803 0.0563419 0.0553662 0.054102 0.0521468 0.0489122 0.0438858 0.0369955 0.0288279
 0.00409874 0.00665737 0.0100416 0.0142827 0.0193746 0.0252079 0.0315075 0.0378565 0.0438026 0.0489611 0.053061 0.0559594 0.057655 0.058289 0.0581069 0.0573902 0.0563861 0.0552494 0.05399 0.0524211 0.0501415 0.0466252 0.0414615 0.0346602 0.026813
 0.00432009 0.00699569 0.0105176 0.0149197 0.0202157 0.0263296 0.0330071 0.0398028 0.046167 0.0515733 0.0556319 0.0581703 0.0592621 0.0591799 0.0582878 0.0569344 0.0553856 0.0537883 0.0521342 0.0502212 0.0476529 0.0439441 0.0387505 0.032133 0.0246752
 0.0046269 0.00747693 0.0112082 0.0158384 0.0213618 0.0276817 0.0345279 0.0414536 0.0479251 0.0534336 0.057576 0.0601173 0.061043 0.0605683 0.059074 0.056994 0.0547019 0.0524266 0.0502 0.0478319 0.0449376 0.0410608 0.035897 0.0295285 0.0225089
 0.00484577 0.00784647 0.0117901 0.0166989 0.0225585 0.0292404 0.0364191 0.0435829 0.0501491 0.0555967 0.0595499 0.0618222 0.0624361 0.0616076 0.0596862 0.0570739 0.0541477 0.0511861 0.0482969 0.0453657 0.042071 0.0380062 0.032899 0.0268286 0.0202949
 0.00507175 0.00820156 0.0123046 0.0174012 0.0234798 0.0304174 0.0378856 0.0453491 0.0521753 0.0577767 0.061719 0.0637925 0.0640447 0.0627488 0.0603093 0.057154 0.0536564 0.0500898 0.0465836 0.043083 0.0393499 0.0350583 0.0299855 0.0242064 0.0181556
 0.00533371 0.00862082 0.0129232 0.0182536 0.0245871 0.0317796 0.0394742 0.0471079 0.0540315 0.0596534 0.0635378 0.0654647 0.065465 0.063804 0.0608992 0.0572093 0.0531407 0.0489906 0.0449107 0.0408844 0.0367386 0.0322258 0.0271808 0.0216821 0.0161014
 0.00553994 0.00896422 0.0134557 0.0190303 0.0256567 0.0331679 0.0411648 0.0490315 0.0560716 0.0616674 0.0653849 0.0670301 0.0666696 0.0645993 0.0612528 0.0570919 0.0525243 0.0478559 0.0432606 0.0387628 0.0342502 0.0295456 0.0245375 0.0193092 0.0141752
 0.00583299 0.00942048 0.0141069 0.0198979 0.0267557 0.0345087 0.0427473 0.0508305 0.0580218 0.0636569 0.0672651 0.0686418 0.0678776 0.0653176 0.0614499 0.0567754 0.0517175 0.0465821 0.0415461 0.0366561 0.0318466 0.0270012 0.0220558 0.0170981 0.01239
 0.00605815 0.00979078 0.0146716 0.0207042 0.0278384 0.0358742 0.0443602 0.052612 0.0598651 0.0654494 0.0689031 0.0700318 0.0689333 0.0659627 0.0616289 0.056464 0.0509231 0.0453359 0.0398956 0.0346679 0.0296199 0.0246787 0.019815 0.0151169 0.0107993
 0.00616663 0.00998093 0.0149847 0.0211912 0.0285527 0.0368582 0.0456272 0.0541312 0.0615559 0.06719 0.0705504 0.0714488 0.0700125 0.0666365 0.061865 0.0562544 0.0502761 0.0442749 0.0384622 0.0329284 0.0276726 0.0226567 0.0178754 0.0134114 0.00943617
 0.00628456 0.0101733 0.0152769 0.0216116 0.029132 0.0376265 0.0466055 0.05532 0.0629237 0.0686657 0.0720256 0.0727924 0.0710954 0.0673566 0.062163 0.056114 0.0497136 0.0433267 0.0371794 0.0313796 0.0259516 0.0208844 0.0161894 0.0119402 0.00826828
 0.0064148 0.0103648 0.015529 0.0219147 0.0294763 0.0380134 0.0470548 0.0558654 0.0635982 0.0694823 0.0729628 0.0737891 0.0720575 0.0681744 0.0627326 0.0563572 0.0495895 0.0428334 0.0363491 0.0302741 0.0246591 0.0195165 0.0148687 0.010779 0.0073431
 0.00641475 0.010373 0.0155556 0.0219712 0.0295697 0.0381394 0.0471968 0.0560049 0.063733 0.069641 0.0732003 0.0741612 0.0725872 0.0688292 0.0634257 0.0569713 0.0500099 0.0429763 0.0361784 0.0298046 0.0239518 0.0186663 0.013987 0.00996998 0.00668139
 0.00658332 0.0106193 0.0158758 0.0223461 0.0299732 0.0385493 0.0476004 0.0563934 0.0640907 0.0699411 0.0734146 0.0742791 0.0726286 0.068837 0.0634396 0.0569997 0.0500189 0.0429037 0.0359619 0.0294106 0.0233913 0.0179935 0.0132831 0.00931923 0.0061465
 0.0065686 0.010621 0.0159238 0.0224796 0.0302252 0.038926 0.0480674 0.0568831 0.0645286 0.070275 0.0736284 0.0743854 0.0726528 0.0688057 0.0633775 0.056926 0.0499393 0.0428025 0.0358056 0.0291642 0.0230392 0.0175536 0.0128032 0.00885972 0.0057588
 0.0066197 0.0106852 0.0159882 0.0225276 0.0302496 0.0389443 0.0481257 0.0570391 0.0648182 0.0706825 0.0740844 0.0747969 0.0729443 0.0689464 0.0633813 0.0568318 0.0497878 0.0426195 0.0355964 0.0289194 0.0227485 0.01722 0.0124496 0.00852204 0.00547168
 0.00665467 0.0107377 0.0160578 0.0226074 0.0303242 0.0389904 0.0481187 0.056967 0.0646968 0.0705608 0.0740278 0.074854 0.0731183 0.0691927 0.0636322 0.0570301 0.0499056 0.0426563 0.0355637 0.0288279 0.0226056 0.0170349 0.0122392 0.00831106 0.00528532
 0.00663929 0.0107134 0.0160229 0.0225619 0.0302705 0.0389334 0.0480648 0.0569205 0.0646572 0.0705241 0.0739944 0.0748363 0.0731404 0.0692771 0.0637824 0.0572231 0.0501014 0.0428158 0.0356624 0.0288584 0.022573 0.0169518 0.0121237 0.00818425 0.00516737
 0.00669127 0.0107721 0.0160637 0.0225464 0.0301578 0.0386973 0.0477092 0.0564835 0.0642015 0.070119 0.0736973 0.0746816 0.0731371 0.0694143 0.0640361 0.0575604 0.0504819 0.0431946 0.0359979 0.0291205 0.0227485 0.0170444 0.0121496 0.00816609 0.0051283
 0.00674466 0.0108604 0.0161974 0.0227307 0.0303847 0.0389377 0.0479107 0.0565814 0.0641438 0.0698919 0.0733367 0.0742616 0.0727422 0.0691118 0.0638616 0.0575168 0.0505475 0.0433332 0.0361678 0.0292833 0.0228762 0.017124 0.0121824 0.00816419 0.00510742
 0.0066505 0.0107257 0.0160292 0.0225488 0.0302177 0.0388149 0.0478522 0.0565906 0.064202 0.0699616 0.0733742 0.0742367 0.0726551 0.0689953 0.0637659 0.0574867 0.0506048 0.0434717 0.0363598 0.0294914 0.023066 0.0172721 0.0122808 0.00821764 0.00512852
 0.0066372 0.0106976 0.015976 0.0224597 0.0300875 0.0386516 0.047682 0.0564525 0.0641338 0.0699817 0.0734702 0.0743688 0.0727736 0.0690628 0.0637733 0.0574551 0.0505712 0.0434695 0.036404 0.0295755 0.0231688 0.0173701 0.0123572 0.00826674 0.00515368
 0.00661876 0.0106704 0.0159394 0.022413 0.0300275 0.0385714 0.0475722 0.0563082 0.0639634 0.0698114 0.0733379 0.0743082 0.0727965 0.0691526 0.0638951 0.0575743 0.0506707 0.043552 0.0364829 0.0296615 0.0232621 0.0174617 0.0124354 0.00832405 0.00518942
 0.00662476 0.0106802 0.0159542 0.0224336 0.0300537 0.038601 0.0475992 0.0563227 0.0639524 0.0697639 0.0732518 0.0741952 0.0726805 0.069061 0.0638454 0.0575677 0.0506945 0.0435909 0.0365272 0.0297089 0.0233129 0.0175139 0.012484 0.00836347 0.00521691
 0.0066651 0.0107349 0.016017 0.0224931 0.0300981 0.0386245 0.0476061 0.0563246 0.0639607 0.0697808 0.0732673 0.0741925 0.0726465 0.0689947 0.0637596 0.0574817 0.050625 0.0435454 0.0365048 0.0297046 0.0233216 0.0175308 0.0125045 0.00838328 0.00523273
 0.00665008 0.0107015 0.0159498 0.0223719 0.0299025 0.0383421 0.0472417 0.0559058 0.0635365 0.0694127 0.0730139 0.0740918 0.0727044 0.0691854 0.0640378 0.0578007 0.0509488 0.0438523 0.0367833 0.0299484 0.023527 0.017696 0.0126304 0.00847318 0.00529221
 0.00662231 0.010656 0.01588 0.0222695 0.0297569 0.0381409 0.0469738 0.0555672 0.0631384 0.0689871 0.0726127 0.0737773 0.0725316 0.0691844 0.0642047 0.0581002 0.0513288 0.0442598 0.0371764 0.0303 0.0238229 0.0179315 0.0128071 0.00859724 0.00537304
 0.00653203 0.0105199 0.0156949 0.0220391 0.0294903 0.037849 0.0466672 0.0552555 0.0628303 0.0686917 0.072343 0.0735536 0.0723828 0.0691423 0.0642936 0.0583253 0.0516701 0.0446769 0.0376197 0.0307242 0.024195 0.0182338 0.0130354 0.00875741 0.00547689
 0.00644285 0.0103797 0.0154932 0.0217702 0.0291553 0.037458 0.0462418 0.0548273 0.0624354 0.0683625 0.0721007 0.0734073 0.0723332 0.0691885 0.0644366 0.0585662 0.0520039 0.0450857 0.0380716 0.0311785 0.0246126 0.0185858 0.0133081 0.00895154 0.00560366
 0.00714163 0.0113609 0.0166832 0.0230032 0.030219 0.038169 0.0465054 0.0546536 0.061911 0.067606 0.0712279 0.0725128 0.0714862 0.0684348 0.0638039 0.0580702 0.0516515 0.0448743 0.0379868 0.0311934 0.0246916 0.018693 0.0134144 0.00903943 0.00566682
 0.00785196 0.0124898 0.0183235 0.0251957 0.0329119 0.041174 0.0494807 0.0571546 0.0635178 0.0680708 0.0705563 0.070933 0.0693378 0.066051 0.0614408 0.0558913 0.0497453 0.0432788 0.0367077 0.030214 0.0239785 0.0182013 0.0130946 0.00884385 0.00555486
 0.00783028 0.0125505 0.0185949 0.0258627 0.0341757 0.0431784 0.0522304 0.0604605 0.0669957 0.0712064 0.0728283 0.0719634 0.0690076 0.0645232 0.059079 0.0531228 0.0469417 0.0406971 0.0344895 0.0284129 0.0225906 0.0171877 0.012396 0.00839222 0.00528283
 0.00753311 0.0121031 0.0179965 0.025159 0.033476 0.0426658 0.0521497 0.061064 0.0684459 0.0734698 0.0756248 0.0748144 0.0713764 0.065987 0.0594545 0.0524939 0.0455884 0.0389741 0.0327157 0.0268103 0.0212754 0.0161909 0.0116941 0.00793292 0.0050044
 0.00735061 0.0118026 0.0175387 0.0245091 0.0326182 0.0416261 0.0510218 0.0600236 0.067735 0.0733444 0.0762686 0.076249 0.07341 0.0682437 0.0614876 0.053937 0.0462694 0.038941 0.0321732 0.0260166 0.0204527 0.0154808 0.0111559 0.00756641 0.00477798
 0.00731453 0.0117277 0.0173942 0.0242531 0.032203 0.0410112 0.0501928 0.0590116 0.0666331 0.0723128 0.0755182 0.0759941 0.0737947 0.0692695 0.0629823 0.0555948 0.0477539 0.0400023 0.0327208 0.0261158 0.0202601 0.0151653 0.0108426 0.00731949 0.00461213
