SBPRF35
10.1266
Curr Bio
580462
B35
767568
F35
0.18842
FOFL
0.151617
OFL
76764.1
Bzero
2.89332e+006
#pred survey bio
 4.2127e+006 4.01823e+006 3.8362e+006 3.59773e+006 3.33022e+006 3.06181e+006 2.78571e+006 2.49988e+006 2.22977e+006 1.97885e+006 1.72565e+006 1.50973e+006 1.32454e+006 1.15292e+006 1.02191e+006 901805 803675 738022 693334 661642 634474 612256 592145 575141 568568 556459 550516 553449 544495 543247 544827 554014 562868 557606 543824 537264 520068 514455 514847 512615 531942 543911 550578 550294 556558 546582 557498 562392 570293 578782 582661 568783 578453 586232 2.20724e+007 1.34652e+007 1.39193e+007 1.4843e+007 1.60401e+007 1.72943e+007 1.84599e+007 1.94638e+007 2.02851e+007 2.09336e+007 2.14333e+007 2.18119e+007 2.20959e+007 2.23075e+007 2.24648e+007 2.25817e+007 2.26687e+007 2.27337e+007 2.27825e+007 2.28193e+007 2.28473e+007 2.28685e+007 2.28848e+007 2.28974e+007 2.29071e+007 2.29146e+007 2.29205e+007 2.29251e+007 2.29287e+007 2.29315e+007 2.29337e+007 2.29355e+007 2.29369e+007 2.2938e+007 2.29389e+007 2.29396e+007 2.29401e+007 2.29406e+007 2.29409e+007 2.29412e+007 2.29414e+007 2.29416e+007 2.29417e+007 2.29418e+007 2.29419e+007 2.2942e+007 2.29421e+007 2.29421e+007 2.29421e+007 2.29422e+007 2.29422e+007 2.29422e+007 2.29422e+007 2.29422e+007 2.29423e+007 2.29423e+007 2.29423e+007 2.29423e+007 2.29423e+007 2.29423e+007 2.29423e+007 2.29423e+007 2.29423e+007 2.29423e+007 2.29423e+007 2.29423e+007 2.29423e+007 2.29423e+007 2.29423e+007 2.29423e+007 2.29423e+007 2.29423e+007 2.29423e+007 2.29423e+007 2.29423e+007 2.29423e+007 2.29423e+007 2.29423e+007 2.29423e+007 2.29423e+007 2.29423e+007 2.29423e+007 2.29423e+007 2.29423e+007 2.29423e+007 2.29423e+007 2.29423e+007 2.29423e+007 2.29423e+007 2.29423e+007 2.29423e+007 2.29423e+007 2.29423e+007 2.29423e+007 2.29423e+007 2.29423e+007 2.29423e+007 2.29423e+007 2.29423e+007 2.29423e+007 0 0 0 0 0 0 0 0 0 0 0 0 0 0 0 0 0 0 0 0 0 0 0 0 0
#obs survey bio
 4.14383e+006 2.93757e+006 3.37634e+006 3.80377e+006 3.06942e+006 4.27541e+006 2.91077e+006 1.58548e+006 2.34192e+006 2.12314e+006 1.42593e+006 1.26234e+006 1.00967e+006 968094 715276 1.0585e+006 739722 802681 437885 660344 749054 550449 463533 647667 469578 608142 619869 396604 380211 463248 468318 475930 608928 482749 723611 565573 754804 388917 549626 426819 373196 716778 737719 551744 456817 534584 462973 543755 727446 667056 632901 586562 460209 555310
#pred catch bio
 102996 98222.8 161563 205087 226372 255528 287361 295472 297627 315309 294272 276605 270964 238601 229751 208910 178933 159953 147628 141118 133239 127542 121285 109760 111599 103395 94453.6 103928 97145.4 94869.7 88520.5 88504.1 98304.1 100952 89969 96524.8 88203.1 86835.3 91660.8 75899.7 84462.9 89675.1 94873.9 88597.3 101698 84283.2 90754.9 89299.3 89767 94341.6 109300 90252.3 93473.1 63622.9 76764.1 95197.7 97222.5 102525 110330 118711 126452 133002 138230 142231 145199 147350 148880 149953 150697 151208 151557 151793 151953 152061 152133 152181 152213 152235 152249 152258 152265 152269 152272 152273 152275 152275 152276 152276 152277 152277 152277 152277 152277 152277 152277 152277 152277 152277 152277 152277 152277 152277 152277 152277 152277 152277 152277 152277 152277 152277 152277 152277 152277 152277 152277 152277 152277 152277 152277 152277 152277 152277 152277 152277 152277 152277 152277 152277 152277 152277 152277 152277 152277 152277 152277 152277 152277 152277 152277 152277 152277 152277 152277 152277 152277 152277 152277 152277 152277 152277 152277 152277 152277 152277 0 0 0 0 0 0 0 0 0 0 0 0 0 0 0 0 0 0 0 0 0 0 0 0 0
#obs catch bio
 0 97861 161929 205734 227270 256682 288684 297876 300895 318356 296778 279630 276606 243804 234509 213143 181244 162560 151913 144652 135854 129957 123129 111092 113628 104108 94476.5 104689 98253 96049.6 89705.5 89327.5 99689.1 102207 89908.6 96376.7 87515.2 86834.1 91153.9 75634.1 84499.9 89398 94756.1 87743.3 101091 83700.7 90591 89203.9 89393.4 93736.6 108906 89561.4 93599.7 63404.3
#pred cpue bio
 4.1572e+006 3.96573e+006 3.78562e+006 3.54793e+006 3.28121e+006 3.01364e+006 2.73857e+006 2.45383e+006 2.18475e+006 1.93528e+006 1.68402e+006 1.46966e+006 1.28577e+006 1.11577e+006 986264 867920 771528 707008 662983 632076 606093 585050 565979 549787 543711 532424 527120 530098 521174 519797 521403 530625 539668 535213 522757 517183 500030 493122 492524 490182 509019 520738 527418 527462 533751 523945 534389 538989 546626 554937 558698 544943 554000 561591 2.12033e+007 1.29577e+007 1.32944e+007 1.409e+007 1.52443e+007 1.64889e+007 1.76527e+007 1.86563e+007 1.94775e+007 2.0126e+007 2.06257e+007 2.10044e+007 2.12883e+007 2.14999e+007 2.16572e+007 2.17741e+007 2.18611e+007 2.19262e+007 2.1975e+007 2.20118e+007 2.20397e+007 2.20609e+007 2.20772e+007 2.20898e+007 2.20995e+007 2.21071e+007 2.21129e+007 2.21175e+007 2.21211e+007 2.21239e+007 2.21262e+007 2.21279e+007 2.21293e+007 2.21304e+007 2.21313e+007 2.2132e+007 2.21325e+007 2.2133e+007 2.21333e+007 2.21336e+007 2.21338e+007 2.2134e+007 2.21342e+007 2.21343e+007 2.21344e+007 2.21344e+007 2.21345e+007 2.21345e+007 2.21346e+007 2.21346e+007 2.21346e+007 2.21346e+007 2.21347e+007 2.21347e+007 2.21347e+007 2.21347e+007 2.21347e+007 2.21347e+007 2.21347e+007 2.21347e+007 2.21347e+007 2.21347e+007 2.21347e+007 2.21347e+007 2.21347e+007 2.21347e+007 2.21347e+007 2.21347e+007 2.21347e+007 2.21347e+007 2.21347e+007 2.21347e+007 2.21347e+007 2.21347e+007 2.21347e+007 2.21347e+007 2.21347e+007 2.21347e+007 2.21347e+007 2.21347e+007 2.21347e+007 2.21347e+007 2.21347e+007 2.21347e+007 2.21347e+007 2.21347e+007 2.21347e+007 2.21347e+007 2.21347e+007 2.21347e+007 2.21347e+007 2.21347e+007 2.21347e+007 2.21347e+007 2.21347e+007 2.21347e+007 2.21347e+007 2.21347e+007 2.21347e+007 2.21347e+007 0 0 0 0 0 0 0 0 0 0 0 0 0 0 0 0 0 0 0 0 0 0 0 0 0
#obs cpue bio
 2.67684e+006 4.20638e+006 4.81464e+006 2.17841e+006 2.44743e+006 2.23649e+006 3.02664e+006 2.37727e+006 1.4349e+006 2.32078e+006 1.86672e+006 1.29313e+006 839467 839286 1.28844e+006 576591 877549 408774 342358 550916 487877 503571 698132 412748 404477 789942 609676 508277 420174 486396 402790 693625 357285 632658 767778 641181 536986 375136 864774 408333 650469 529781 381295 937766 683138 497286 542567 509666 573140 593980 540950 625893 517632 544190
#pred surv len freq
 0.00486429 0.0078871 0.011851 0.0167319 0.0224117 0.0286033 0.0348219 0.040498 0.045191 0.048734 0.0512127 0.0528397 0.0538398 0.0543958 0.0546348 0.0546344 0.0544367 0.0540527 0.0534281 0.0523675 0.050475 0.0472173 0.0421685 0.0353407 0.0273621
 0.00512968 0.0082203 0.0121751 0.016926 0.0223571 0.0282502 0.0342324 0.039831 0.0446284 0.0483942 0.0511056 0.0528856 0.0539335 0.0544705 0.0546938 0.0547388 0.0546611 0.0544324 0.0539234 0.0528657 0.0508346 0.0473336 0.0420226 0.0350032 0.0269515
 0.00532987 0.00856151 0.0127103 0.0176943 0.0233521 0.0293847 0.0353286 0.0406642 0.0450189 0.0482951 0.0506224 0.0522113 0.0532451 0.0538616 0.054178 0.0542993 0.054295 0.0541551 0.0537383 0.0527347 0.0506796 0.0470746 0.0416263 0.0345047 0.0264341
 0.00554057 0.00889943 0.0132124 0.0183967 0.0242883 0.0305749 0.0367582 0.0422553 0.0466139 0.0496739 0.0515633 0.0525723 0.0530199 0.0531713 0.0532045 0.0532089 0.0531986 0.0531097 0.0527642 0.0518256 0.0498088 0.0462116 0.0407632 0.0336724 0.0256924
 0.00576486 0.00926033 0.0137488 0.0191435 0.0252707 0.0318017 0.0382123 0.0438885 0.0483462 0.0513928 0.053122 0.0537972 0.0537424 0.0532808 0.052693 0.052176 0.0518097 0.0515353 0.0511357 0.0502219 0.0482688 0.0447577 0.0394234 0.0324902 0.0247164
 0.00599266 0.00962514 0.0142881 0.0198896 0.0262472 0.0330162 0.0396477 0.0454986 0.0500591 0.0531204 0.0547659 0.0552473 0.0548734 0.0539596 0.0528056 0.0516666 0.0507092 0.049958 0.0492441 0.0481817 0.0462197 0.0428087 0.0376624 0.0309889 0.0235244
 0.00629414 0.0100979 0.0149677 0.0207988 0.027394 0.0343911 0.0412184 0.0472072 0.0518272 0.0548606 0.056392 0.0566777 0.0560265 0.054747 0.0531319 0.0514426 0.0498803 0.0485346 0.0473156 0.0459046 0.0437861 0.0404129 0.0354745 0.029137 0.0220797
 0.00660187 0.0105958 0.0157118 0.0218378 0.0287579 0.0360747 0.0431662 0.0493121 0.0539499 0.0568615 0.0581571 0.0581273 0.0571081 0.0554201 0.0533531 0.0511595 0.0490394 0.0471059 0.0453245 0.0434547 0.0410588 0.0376391 0.0328894 0.0269312 0.0203624
 0.00682525 0.0109691 0.016293 0.0226887 0.029933 0.0376027 0.0450289 0.0514334 0.0562025 0.0590884 0.0601986 0.0598451 0.058401 0.0562269 0.0536428 0.0509137 0.0482397 0.0457367 0.0433961 0.0410362 0.0383002 0.0347649 0.0301567 0.0245673 0.0185091
 0.00708671 0.0113815 0.0168916 0.0235017 0.0309823 0.0389017 0.0465761 0.0532024 0.0581348 0.0610916 0.062152 0.0616122 0.0598474 0.0572396 0.0541424 0.0508545 0.0476013 0.0445164 0.0416143 0.0387572 0.0356573 0.0319657 0.0274542 0.0221994 0.0166355
 0.0074851 0.0120056 0.0177864 0.0246921 0.0324682 0.0406524 0.0485251 0.0552497 0.0601642 0.0629941 0.0638416 0.0630239 0.0609258 0.0579281 0.0543828 0.0505946 0.0468033 0.0431645 0.0397238 0.0363905 0.0329419 0.0291008 0.0246863 0.0197666 0.0147028
 0.00787522 0.0126257 0.0186927 0.0259255 0.0340449 0.0425507 0.0506712 0.0575164 0.06239 0.0650179 0.0655346 0.0643064 0.0617635 0.0583163 0.0543262 0.0500915 0.0458417 0.0417306 0.0378214 0.0340653 0.030304 0.026331 0.022013 0.0174143 0.0128299
 0.00815823 0.0130923 0.0194067 0.0269495 0.0354266 0.0443009 0.0527426 0.0597956 0.0647128 0.0672009 0.0674093 0.0657432 0.0626844 0.0586957 0.0541793 0.049455 0.0447534 0.0402195 0.0359147 0.0318111 0.0277977 0.0237287 0.0195155 0.0152216 0.0110845
 0.0084552 0.0135682 0.0201106 0.0279245 0.0367039 0.0458899 0.0546163 0.0618805 0.0668895 0.0693179 0.0693036 0.0672633 0.0637121 0.0591618 0.0540679 0.0487952 0.0436014 0.0386406 0.0339752 0.0295855 0.0253874 0.0212752 0.0171925 0.0131992 0.00948262
 0.00868009 0.0139273 0.0206396 0.0286531 0.0376522 0.0470622 0.0559929 0.063414 0.0685083 0.0709352 0.0708246 0.0685892 0.0647441 0.0598103 0.0542658 0.0485096 0.0428378 0.0374386 0.0323999 0.0277231 0.023348 0.0191954 0.0152263 0.011491 0.0081315
 0.00887468 0.0142499 0.0211358 0.0293677 0.0386176 0.0482821 0.0574271 0.0649766 0.0700847 0.0724089 0.0720999 0.0695997 0.065448 0.0601795 0.0542788 0.0481506 0.042102 0.0363405 0.0309803 0.0260527 0.0215281 0.0173525 0.0134984 0.0100019 0.00696179
 0.00920617 0.0147466 0.0218061 0.0301951 0.039571 0.0493293 0.0585422 0.0661342 0.0712476 0.0735206 0.0730877 0.0703885 0.0659769 0.0604126 0.0542041 0.0477711 0.0414279 0.0353877 0.0297768 0.0246486 0.0200019 0.0158093 0.0120548 0.00876187 0.00599137
 0.00945692 0.0151385 0.0223648 0.0309298 0.0404683 0.0503479 0.0596121 0.0671668 0.07216 0.0742601 0.0736413 0.0707693 0.0662003 0.0604793 0.0540994 0.0474749 0.0409255 0.0346762 0.0288692 0.0235782 0.0188267 0.0146108 0.0109265 0.00778877 0.00522835
 0.00942552 0.0151219 0.0224035 0.0310819 0.0407943 0.0508854 0.0603534 0.0680531 0.0730954 0.0751394 0.0743774 0.0713115 0.0665367 0.0606251 0.0540785 0.0473039 0.0406081 0.0342091 0.0282529 0.022829 0.0179831 0.0137333 0.0100882 0.00705817 0.0046513
 0.00927921 0.0149028 0.022111 0.0307345 0.0404325 0.0505723 0.0601684 0.0680757 0.073379 0.0756844 0.0751221 0.0721485 0.0673477 0.0613152 0.0545931 0.0476257 0.0407414 0.0341654 0.0280453 0.0224759 0.0175156 0.013199 0.00954628 0.00656672 0.00425252
 0.0092337 0.0148181 0.0219649 0.0305023 0.040097 0.050138 0.0596738 0.0675956 0.0730102 0.0755201 0.0752233 0.0725228 0.0679444 0.062039 0.0553319 0.0482804 0.0412451 0.0344866 0.0281807 0.0224415 0.017342 0.0129291 0.00923157 0.00625824 0.00398981
 0.00922049 0.0147925 0.0219179 0.030421 0.0399649 0.0499379 0.0593942 0.0672387 0.0726015 0.0751131 0.0748937 0.0723504 0.0679867 0.0623086 0.0557885 0.0488425 0.0418152 0.0349784 0.0285371 0.02264 0.0173911 0.0128601 0.00908858 0.00608751 0.0038294
 0.00927359 0.0148644 0.0219991 0.030493 0.0400042 0.0499226 0.0593095 0.0670794 0.0723714 0.0748255 0.0745746 0.0720414 0.067742 0.062183 0.0558185 0.0490293 0.0421205 0.0353354 0.0288727 0.0228967 0.0175404 0.0129044 0.00905286 0.00600729 0.0037381
 0.00929968 0.0149065 0.0220612 0.0305763 0.0401046 0.0500275 0.0593968 0.0671213 0.0723425 0.0747129 0.0743833 0.0717943 0.0674756 0.0619415 0.0556456 0.0489584 0.0421632 0.0354747 0.0290669 0.0230937 0.0176958 0.0129949 0.00907923 0.00598752 0.00369609
 0.00911593 0.0146375 0.0217119 0.0301716 0.0396835 0.0496327 0.0590653 0.0668788 0.0722009 0.0746697 0.0744234 0.0718955 0.067617 0.0621101 0.0558395 0.0491836 0.0424266 0.035775 0.0293885 0.0234078 0.0179694 0.0132031 0.00921396 0.00605766 0.003721
 0.00911329 0.0146113 0.0216335 0.0300049 0.039399 0.0492274 0.0585762 0.0663788 0.0717752 0.0743845 0.0743055 0.0719316 0.0677683 0.0623316 0.0560951 0.0494525 0.0427014 0.0360549 0.0296706 0.0236814 0.0182168 0.0134059 0.0093611 0.00614991 0.00376923
 0.00931413 0.0148862 0.0219506 0.0302995 0.0395876 0.0492336 0.0583562 0.0659367 0.0711646 0.0736986 0.0736554 0.0714178 0.0674535 0.062228 0.0561714 0.0496546 0.0429748 0.0363578 0.0299754 0.0239699 0.0184743 0.0136198 0.00952349 0.00626051 0.00383557
 0.00941204 0.015043 0.0221795 0.030604 0.0399523 0.0496141 0.0586768 0.0661035 0.0710973 0.0733664 0.0730979 0.070736 0.0667768 0.0616722 0.0558074 0.0494978 0.0429957 0.036503 0.0301892 0.0242062 0.0187007 0.0138154 0.00967729 0.00636994 0.00390532
 0.00946223 0.015142 0.0223601 0.0309057 0.0404093 0.0502362 0.0594307 0.0669061 0.071827 0.0738907 0.0733092 0.0705845 0.0662887 0.0609443 0.0549768 0.0487002 0.0423287 0.0360108 0.0298683 0.0240246 0.0186166 0.0137905 0.00968198 0.00638484 0.00391981
 0.00938497 0.0150272 0.0222092 0.0307319 0.0402398 0.0501126 0.0594042 0.0670251 0.0721162 0.0743305 0.0738283 0.0710752 0.0666408 0.0610844 0.0548936 0.048444 0.0419876 0.0356751 0.0296015 0.0238518 0.0185304 0.013766 0.0096916 0.00640676 0.00394113
 0.00926806 0.0148482 0.0219608 0.0304163 0.03987 0.0497134 0.0590145 0.0666973 0.07191 0.0742989 0.0739988 0.0714338 0.0671275 0.061606 0.0553524 0.0487708 0.0421627 0.0357265 0.0295836 0.023818 0.0185138 0.0137757 0.00972009 0.00644126 0.00397156
 0.00910378 0.0145894 0.0215878 0.0299184 0.0392504 0.0489954 0.0582463 0.0659517 0.0712741 0.0738567 0.0738138 0.0715367 0.0675085 0.062213 0.0560978 0.0495498 0.04288 0.0363204 0.0300361 0.0241457 0.0187494 0.0139491 0.00985011 0.00653718 0.00403831
 0.00874935 0.0140673 0.0209022 0.0291074 0.0383739 0.0481156 0.0574149 0.065209 0.0706569 0.0734047 0.0735695 0.0715371 0.0677743 0.0627373 0.0568393 0.0504353 0.0438164 0.0372154 0.0308189 0.0247803 0.0192328 0.0143002 0.0100956 0.00670239 0.00414413
 0.00837842 0.0135066 0.020139 0.0281626 0.0373018 0.0469977 0.0563514 0.0643047 0.0699989 0.0730394 0.073495 0.071717 0.0681631 0.063299 0.0575485 0.0512644 0.0447223 0.0381373 0.0316891 0.0255409 0.0198496 0.0147661 0.0104252 0.00692128 0.00428049
 0.00836994 0.0134453 0.0199606 0.0277836 0.0366467 0.0460403 0.0551476 0.0629935 0.0687645 0.0720547 0.0728744 0.0714975 0.0683148 0.0637519 0.0582219 0.0520854 0.0456296 0.0390753 0.0326018 0.0263735 0.0205575 0.015325 0.0108338 0.00719766 0.00445327
 0.00906291 0.0144115 0.0211153 0.0289402 0.0375596 0.0464802 0.0549717 0.0621816 0.0674189 0.0703749 0.0711142 0.0699096 0.0670934 0.0629955 0.0579301 0.0521862 0.0460182 0.0396442 0.0332556 0.0270328 0.0211602 0.0158289 0.0112197 0.00746808 0.00462638
 0.00990596 0.0157247 0.0229753 0.0313536 0.0404325 0.0495887 0.0579532 0.0645823 0.0688105 0.0704978 0.0699696 0.0677511 0.0643298 0.0600624 0.0551851 0.0498559 0.0441952 0.0383183 0.0323561 0.0264656 0.0208313 0.0156569 0.011141 0.0074384 0.00461859
 0.00982331 0.0157092 0.0231705 0.0319634 0.0416637 0.0515588 0.0606049 0.0676521 0.0718719 0.0730616 0.0716067 0.0682003 0.0635639 0.0582862 0.0527647 0.0472055 0.0416698 0.0361505 0.0306465 0.025211 0.0199678 0.0150969 0.0107985 0.00724083 0.0045114
 0.00956247 0.015313 0.0226342 0.0313231 0.0410144 0.0510656 0.0604913 0.0681456 0.0731089 0.074991 0.0739541 0.0705287 0.0654108 0.0593146 0.0528598 0.0464838 0.0404081 0.0346753 0.0292345 0.0240346 0.0190902 0.0145017 0.0104279 0.00702801 0.00439835
 0.00960553 0.0153471 0.0226199 0.0312043 0.0407372 0.0506104 0.059904 0.0675514 0.0726963 0.0749631 0.0744546 0.0715684 0.0668302 0.0608144 0.054099 0.0472027 0.0405151 0.0342573 0.0284945 0.0231993 0.0183344 0.013916 0.0100279 0.00678352 0.00426338
 0.00944069 0.0150976 0.0222776 0.0307694 0.0402132 0.0499983 0.0592047 0.0667806 0.071907 0.0742618 0.0739947 0.0715115 0.0672814 0.0617607 0.0553863 0.0485746 0.041703 0.0350763 0.0288971 0.023262 0.0181967 0.0137122 0.00984535 0.00665662 0.00419052
 0.00926531 0.0148389 0.0219373 0.0303665 0.0397785 0.0495639 0.0587948 0.0664063 0.071567 0.0739506 0.0737191 0.0713084 0.067223 0.0619321 0.0558392 0.0492826 0.0425508 0.0358983 0.0295451 0.0236621 0.0183635 0.0137191 0.00977804 0.00657818 0.0041311
 0.00909499 0.0145799 0.0215816 0.0299212 0.0392658 0.0490203 0.0582678 0.0659481 0.0712217 0.0737399 0.0736367 0.0713294 0.0673244 0.0621127 0.0561222 0.0496956 0.0430932 0.0365205 0.0301578 0.0241732 0.0187178 0.0139151 0.00985506 0.00658852 0.00411657
 0.00917239 0.0146717 0.0216576 0.0299336 0.0391639 0.048773 0.0578821 0.0654712 0.0707256 0.0732976 0.0733009 0.071123 0.0672435 0.0621389 0.0562381 0.049894 0.0433735 0.0368736 0.0305528 0.0245587 0.0190409 0.0141435 0.00998778 0.00664827 0.00413377
 0.00920961 0.0147283 0.0217335 0.0300213 0.0392445 0.0488134 0.0578385 0.0653019 0.0704114 0.0728597 0.0728027 0.070651 0.066877 0.0619256 0.0561875 0.0499875 0.0435806 0.0371618 0.0308886 0.0249048 0.0193578 0.0143993 0.0101675 0.00675686 0.00418924
 0.00939614 0.0150168 0.0221396 0.030547 0.0398757 0.049516 0.058554 0.0659479 0.0708922 0.073088 0.072726 0.0702716 0.0662555 0.0611649 0.0554029 0.0492763 0.0430038 0.0367422 0.0306185 0.0247573 0.0192963 0.0143864 0.010173 0.00676267 0.00418938
 0.00937446 0.0149835 0.0220938 0.0304911 0.0398167 0.0494671 0.0585339 0.0659759 0.0709795 0.0732279 0.0728896 0.070413 0.0663286 0.0611427 0.0552905 0.0491091 0.0428324 0.036612 0.0305549 0.0247614 0.0193505 0.0144646 0.010251 0.00682503 0.00423085
 0.00932096 0.0149138 0.0220205 0.0304359 0.0398036 0.049512 0.0586373 0.0661234 0.0711495 0.0734005 0.0730502 0.0705492 0.0664253 0.0611815 0.0552565 0.0490016 0.0426703 0.03643 0.0303909 0.0246426 0.0192855 0.0144451 0.0102597 0.00684453 0.00424947
 0.0092632 0.0148194 0.0218788 0.0302402 0.0395566 0.0492324 0.0583622 0.0659019 0.0710274 0.0734029 0.0731728 0.0707631 0.066689 0.0614532 0.0555007 0.049193 0.0427971 0.0364963 0.0304144 0.0246473 0.0192914 0.0144618 0.0102862 0.00687388 0.00427492
 0.0092538 0.0147979 0.0218348 0.0301597 0.0394254 0.0490413 0.0581138 0.0656152 0.0707379 0.0731565 0.0730146 0.0707238 0.0667744 0.0616425 0.0557544 0.0494651 0.0430484 0.0367019 0.0305667 0.0247526 0.0193639 0.0145152 0.010329 0.00690902 0.00430214
 0.00930799 0.0148793 0.0219442 0.0302917 0.0395675 0.0491744 0.0582133 0.065655 0.070698 0.0730321 0.072822 0.0704985 0.0665614 0.0614813 0.0556665 0.0494491 0.043084 0.0367611 0.0306252 0.0247969 0.0193917 0.0145313 0.0103395 0.00691786 0.0043103
 0.0095571 0.0152612 0.022475 0.0309682 0.0403654 0.0500475 0.0590925 0.0664519 0.0713171 0.0733919 0.0728752 0.0702442 0.0660449 0.0607826 0.0548806 0.0486645 0.0423653 0.0361425 0.0301149 0.024388 0.0190724 0.0142903 0.0101665 0.00680185 0.00423871
 0.00932902 0.0149464 0.022105 0.0306077 0.0400951 0.0499357 0.0591713 0.0667104 0.0717102 0.0738562 0.073343 0.0706531 0.0663463 0.0609499 0.0549148 0.0485919 0.0422275 0.0359821 0.0299636 0.0242621 0.0189755 0.0142193 0.0101167 0.00676876 0.00421834
 0.00885925 0.0142528 0.0211938 0.0295374 0.0389686 0.0488818 0.0583241 0.0661879 0.0715895 0.0741499 0.0739904 0.0715368 0.0673263 0.0619 0.0557454 0.0492581 0.0427243 0.0363325 0.0302033 0.0244259 0.0190897 0.0143002 0.0101733 0.0068067 0.00424224
#obs surv len freq
 nan nan nan nan nan nan nan nan nan nan nan nan nan nan nan nan nan nan nan nan nan nan nan nan nan
 0.00448434 0.00734548 0.0111752 0.0159912 0.0216915 0.0279666 0.0342804 0.0400114 0.044691 0.048155 0.0505134 0.0520097 0.0529024 0.0534153 0.0537299 0.0539851 0.0542639 0.0545568 0.0546956 0.0542875 0.0527256 0.0493576 0.0438073 0.0362871 0.0276705
 0.0046125 0.00755625 0.0114965 0.0164496 0.0223053 0.0287362 0.035178 0.0409788 0.0456475 0.0490138 0.0511979 0.0524651 0.053101 0.0533562 0.053435 0.0534912 0.0536141 0.0537935 0.0538576 0.0534115 0.0518499 0.0485253 0.0430625 0.0356676 0.027197
 0.00477778 0.00782563 0.0119033 0.0170255 0.0230745 0.0297058 0.0363272 0.0422536 0.0469649 0.0502746 0.0523007 0.0533199 0.0536387 0.0535364 0.0532495 0.0529619 0.0527861 0.0527261 0.0526168 0.0520673 0.0504772 0.0472041 0.0418723 0.0346739 0.0264362
 0.00496906 0.00813944 0.0123808 0.0177067 0.0239904 0.0308659 0.0377068 0.0437896 0.0485642 0.0518304 0.0537077 0.0544822 0.0544736 0.0539785 0.0532568 0.0525212 0.0519161 0.0514761 0.0510624 0.0503058 0.0486241 0.0453866 0.0402163 0.0332823 0.0253668
 0.00517751 0.0084799 0.0128964 0.018439 0.0249726 0.0321104 0.0391931 0.0454577 0.0503219 0.0535687 0.0553166 0.0558602 0.0555321 0.054643 0.0534684 0.0522407 0.0511304 0.050205 0.0493658 0.048286 0.0464234 0.0431753 0.038169 0.0315443 0.0240228
 0.00540872 0.00885869 0.0134719 0.0192587 0.0260732 0.0335036 0.0408506 0.0473069 0.0522564 0.0554689 0.0570683 0.0573639 0.0567036 0.0554119 0.0537755 0.0520388 0.0503883 0.0489183 0.0475702 0.0460718 0.0439411 0.0406249 0.0357682 0.0294821 0.0224153
 0.00564182 0.00924209 0.0140572 0.0200973 0.0272063 0.0349469 0.0425784 0.0492457 0.054295 0.0574795 0.058927 0.0589632 0.0579565 0.0562499 0.0541444 0.0518941 0.0496951 0.047659 0.0457614 0.0437859 0.0413215 0.0378819 0.0331457 0.0272021 0.020622
 0.00588326 0.00963726 0.0146571 0.0209516 0.0283544 0.0364039 0.0443193 0.0511996 0.0563537 0.0595169 0.0608189 0.0605992 0.0592457 0.0571211 0.0545434 0.051779 0.0490335 0.0464311 0.0439748 0.041499 0.0386656 0.0350641 0.0304189 0.0248068 0.0187219
 0.00612859 0.0100389 0.0152667 0.0218189 0.0295182 0.0378762 0.0460707 0.0531535 0.0583977 0.0615247 0.0626699 0.0621902 0.0604929 0.0579591 0.0549218 0.0516588 0.048384 0.0452328 0.0422315 0.0392605 0.0360512 0.0322699 0.0276938 0.0223945 0.0167951
 0.0063708 0.0104357 0.0158695 0.0226776 0.030671 0.0393349 0.0478044 0.0550837 0.0604091 0.0634877 0.0644623 0.0637099 0.0616617 0.0587204 0.0552358 0.0514963 0.0477222 0.0440565 0.0405444 0.0371063 0.0335374 0.0295781 0.0250587 0.0200513 0.0149145
 0.00659862 0.010811 0.0164434 0.0235005 0.0317828 0.0407484 0.0494894 0.0569614 0.0623633 0.0653879 0.0661854 0.0651534 0.062749 0.0593994 0.0554749 0.0512773 0.0470342 0.0428947 0.0389181 0.0350577 0.0311641 0.0270444 0.0225793 0.0178433 0.0131382
 0.00684711 0.0112136 0.0170468 0.0243473 0.0329033 0.0421484 0.0511362 0.0587785 0.0642399 0.0671982 0.0678094 0.0664908 0.0637248 0.0599655 0.0556063 0.0509661 0.0462822 0.0417102 0.0373209 0.0330935 0.0289245 0.0246773 0.0202761 0.0157982 0.0114945
 0.00707714 0.011597 0.0176406 0.0252084 0.0340746 0.0436375 0.052896 0.0607044 0.0661886 0.0690206 0.0693782 0.0677136 0.0645444 0.0603536 0.0555566 0.0504873 0.045392 0.0404321 0.0356873 0.0311571 0.0267739 0.0224466 0.0181337 0.0139121 0.00998669
 0.00729682 0.0119537 0.0181772 0.0259653 0.0350838 0.0449106 0.054411 0.0623965 0.0679541 0.0707314 0.0709025 0.0689358 0.0653801 0.0607565 0.055516 0.0500187 0.0445256 0.0392056 0.0341455 0.0293602 0.0248096 0.0204362 0.0162233 0.0122436 0.00866043
 0.00745546 0.0122198 0.0185924 0.026573 0.0359187 0.0459844 0.0556983 0.063832 0.0694444 0.0721742 0.0722021 0.0700094 0.0661591 0.0611881 0.0555683 0.0496832 0.0438168 0.0381563 0.0328039 0.027791 0.0230995 0.0186967 0.0145814 0.0108184 0.00753325
 0.00753222 0.0123457 0.0187851 0.0268521 0.0363055 0.046499 0.0563541 0.0646286 0.0703614 0.0731692 0.0732129 0.0709619 0.0669767 0.0618013 0.0559202 0.049734 0.0435467 0.0375683 0.0319254 0.026675 0.0218248 0.017365 0.0133057 0.00970221 0.00664674
 0.00760504 0.0124559 0.0189361 0.027043 0.0365332 0.0467622 0.0566557 0.0649765 0.0707662 0.0736397 0.0737495 0.0715487 0.0675777 0.0623619 0.0563749 0.0500179 0.0436067 0.0373723 0.0314688 0.0259847 0.02096 0.0164112 0.0123618 0.00886006 0.00597004
 0.00765086 0.0125273 0.0190374 0.0271753 0.0366939 0.046944 0.0568478 0.0651675 0.0709504 0.073822 0.0739464 0.0717813 0.0678599 0.0626885 0.0567164 0.0503231 0.0438138 0.0374238 0.0313267 0.0256419 0.0204453 0.0157858 0.011706 0.00825344 0.00547135
 0.00772062 0.0126304 0.0191733 0.0273371 0.0368699 0.0471215 0.0570155 0.0653165 0.0710743 0.0739184 0.0740187 0.0718411 0.0679249 0.0627765 0.0568355 0.0504634 0.0439445 0.0374991 0.0313 0.0254826 0.0201518 0.0153892 0.011262 0.00782472 0.00510868
 0.0077829 0.0127277 0.0193121 0.0275189 0.0370899 0.0473663 0.0572628 0.0655381 0.0712435 0.0740188 0.0740496 0.0718158 0.0678657 0.062708 0.0567787 0.0504298 0.0439311 0.0374866 0.0312571 0.025378 0.019968 0.0151328 0.0109631 0.00752589 0.00484877
 0.00780385 0.0127611 0.0193609 0.0275859 0.0371764 0.0474723 0.0573851 0.0656692 0.071372 0.0741309 0.0741323 0.0718614 0.0678744 0.0626884 0.0567449 0.0503962 0.0439061 0.0374682 0.0312318 0.0253256 0.0198714 0.0149877 0.0107825 0.00733543 0.00467608
 0.00786038 0.0128436 0.0194679 0.0277098 0.0373066 0.0475981 0.0574991 0.0657678 0.0714538 0.0741949 0.0741765 0.0718827 0.0678695 0.0626565 0.0566895 0.0503253 0.0438297 0.0373935 0.0311593 0.0252484 0.0197797 0.0148757 0.0106537 0.00720257 0.00455541
 0.00787351 0.0128666 0.0195052 0.0277653 0.0373815 0.0476884 0.0575942 0.0658528 0.0715154 0.0742271 0.0741832 0.0718736 0.0678547 0.0626412 0.0566734 0.0503056 0.0438044 0.0373622 0.0311222 0.025204 0.0197247 0.0148079 0.0105748 0.00711961 0.00447833
 0.00789995 0.0129046 0.0195531 0.0278192 0.0374367 0.0477417 0.0576453 0.0659029 0.0715642 0.0742707 0.0742148 0.0718874 0.0678492 0.06262 0.0566429 0.0502713 0.043769 0.0373259 0.0310838 0.0251619 0.0196773 0.0147545 0.0105169 0.00706125 0.00442519
 0.00788752 0.0128846 0.0195234 0.0277779 0.0373825 0.0476747 0.0575681 0.0658221 0.0714899 0.0742155 0.0741898 0.0718984 0.0678943 0.0626906 0.0567275 0.0503592 0.043852 0.0373987 0.0311426 0.0252041 0.0197015 0.0147611 0.0105085 0.00704285 0.00440273
 0.00790024 0.0128983 0.0195312 0.0277694 0.0373469 0.0476055 0.0574671 0.0656995 0.0713621 0.0740996 0.0741008 0.071847 0.067886 0.0627251 0.0567982 0.0504547 0.0439591 0.0375047 0.0312377 0.0252818 0.0197585 0.0147971 0.0105259 0.00704616 0.00439756
 0.00790734 0.0129079 0.0195419 0.0277776 0.0373466 0.0475889 0.0574257 0.0656273 0.0712589 0.073974 0.0739697 0.0717313 0.0678049 0.0626907 0.0568134 0.0505137 0.0440497 0.037612 0.0313469 0.0253807 0.0198392 0.014856 0.0105637 0.00706644 0.00440559
 0.00789641 0.012892 0.0195212 0.0277533 0.0373203 0.0475614 0.0573962 0.0655931 0.0712162 0.0739196 0.0739031 0.0716577 0.0677344 0.0626368 0.0567888 0.0505258 0.0440981 0.037689 0.0314398 0.0254758 0.0199248 0.0149246 0.0106126 0.00709714 0.00442219
 0.00788349 0.0128671 0.0194771 0.0276818 0.0372153 0.0474235 0.0572358 0.0654291 0.0710707 0.0738103 0.0738381 0.0716353 0.0677473 0.0626773 0.0568519 0.0506097 0.044202 0.0378098 0.0315706 0.0256063 0.0200441 0.015024 0.0106877 0.00714839 0.00445351
 0.00783811 0.012795 0.0193715 0.0275376 0.03703 0.047199 0.0569805 0.0651601 0.0708127 0.0735921 0.0736868 0.0715689 0.0677708 0.0627818 0.0570188 0.0508173 0.0444307 0.0380442 0.0317988 0.025818 0.0202301 0.015177 0.0108044 0.00723011 0.00450558
 0.00783673 0.0127859 0.0193451 0.0274811 0.0369306 0.0470494 0.0567833 0.0649289 0.0705688 0.0733596 0.0734885 0.0714244 0.0676952 0.062783 0.0570956 0.0509588 0.044619 0.0382585 0.0320196 0.026029 0.0204186 0.0153344 0.0109265 0.0073173 0.00456245
 0.00780904 0.0127447 0.0192899 0.0274125 0.0368491 0.0469529 0.056667 0.0647877 0.070402 0.0731749 0.0733029 0.0712608 0.0675763 0.0627261 0.0571096 0.0510428 0.0447632 0.038446 0.0322297 0.0262408 0.0206144 0.0155015 0.0110581 0.00741258 0.00462551
 0.0077783 0.0126918 0.0192053 0.027287 0.0366771 0.0467375 0.0564229 0.064539 0.0701751 0.0729895 0.0731682 0.0711776 0.0675429 0.0627429 0.0571788 0.0511657 0.0449362 0.0386591 0.0324667 0.026482 0.0208402 0.0156965 0.0112131 0.00752573 0.00470095
 0.00773349 0.0126196 0.0190978 0.0271372 0.0364803 0.0464935 0.0561391 0.0642328 0.0698726 0.0727219 0.0729643 0.0710577 0.0675143 0.0628005 0.05731 0.0513556 0.0451706 0.0389243 0.0327477 0.0267617 0.0211007 0.0159221 0.0113936 0.00765835 0.00478999
 0.00933413 0.0148585 0.0217966 0.0299056 0.0388299 0.0480183 0.056659 0.0638201 0.0687687 0.0712158 0.0713031 0.0694143 0.0659935 0.0614582 0.056169 0.0504174 0.0444239 0.0383509 0.0323262 0.0264687 0.0209111 0.01581 0.0113346 0.00763182 0.00478071
 0.00931789 0.0151263 0.0227177 0.0319377 0.0423186 0.0529278 0.0624011 0.0693504 0.0729585 0.0732973 0.0711241 0.067378 0.0627832 0.0577463 0.0524507 0.0469833 0.0414091 0.0357983 0.0302315 0.0248046 0.0196377 0.0148781 0.0106878 0.00720984 0.0045241
 0.00897828 0.0145954 0.0219798 0.0310486 0.0414572 0.0524291 0.0627137 0.0708747 0.0758025 0.0770982 0.0750955 0.070607 0.0646107 0.0579945 0.0513905 0.0451164 0.039235 0.0336789 0.0283685 0.023278 0.0184547 0.0140086 0.0100837 0.00681579 0.00428473
 0.00879963 0.0142962 0.0215142 0.0303725 0.0405461 0.0513106 0.0615083 0.0698216 0.075238 0.0773608 0.0763718 0.0727895 0.0672693 0.060517 0.0532289 0.0459959 0.0392067 0.033017 0.0274067 0.0222863 0.017593 0.01334 0.00960907 0.00650458 0.00409617
 0.00872657 0.0141668 0.0212992 0.0300362 0.0400529 0.0506368 0.060658 0.0688435 0.0742395 0.0765135 0.0758943 0.0728922 0.0680625 0.0619243 0.0549707 0.0476794 0.0404828 0.033712 0.0275536 0.0220567 0.0171918 0.0129265 0.00926971 0.0062648 0.00394562
 0.0087017 0.0141257 0.0212352 0.02994 0.0399111 0.0504306 0.0603656 0.0684455 0.0737311 0.0759192 0.0752832 0.0723818 0.0677998 0.0620379 0.0555062 0.0485535 0.041496 0.0346247 0.0281862 0.0223518 0.0172079 0.0127804 0.00907359 0.00609029 0.00382071
 0.00869637 0.0141166 0.0212205 0.0299172 0.0398768 0.0503801 0.0602915 0.0683371 0.0735741 0.0756993 0.0749946 0.0720407 0.0674559 0.0617736 0.0554148 0.0486985 0.0418704 0.0351406 0.0287077 0.0227555 0.017433 0.0128399 0.00902641 0.00600213 0.00373694
 0.00866634 0.0140698 0.021154 0.02983 0.0397702 0.050258 0.0601607 0.0682062 0.0734502 0.0755849 0.0748853 0.0719281 0.0673358 0.0616566 0.0553326 0.0486969 0.041988 0.0353823 0.029032 0.0230887 0.0177033 0.0130082 0.00909636 0.00600527 0.00371015
 0.00866488 0.0140649 0.021142 0.0298061 0.0397295 0.050198 0.0600827 0.0681157 0.0733552 0.0754932 0.0748019 0.0718535 0.0672672 0.0615916 0.0552749 0.0486609 0.0419964 0.0354549 0.0291711 0.0232713 0.0178891 0.0131585 0.00919119 0.00604766 0.00371751
 0.00864883 0.0140415 0.0211116 0.0297702 0.0396901 0.0501559 0.0600368 0.0680642 0.0732971 0.0754302 0.0747387 0.0717961 0.0672202 0.0615569 0.0552527 0.0486526 0.0420075 0.0354944 0.0292455 0.0233773 0.018011 0.0132736 0.00928025 0.00610316 0.00374377
 0.00861399 0.0139896 0.0210425 0.0296873 0.0395995 0.0500655 0.0599549 0.0679976 0.0732501 0.0754034 0.0747289 0.0717984 0.0672306 0.0615732 0.0552744 0.0486807 0.0420444 0.0355434 0.0293098 0.0234573 0.018101 0.0133626 0.00935612 0.00615799 0.00377676
 0.00863656 0.0140185 0.0210718 0.0297071 0.0395994 0.0500392 0.0599041 0.0679319 0.0731828 0.0753458 0.074687 0.0717719 0.067215 0.0615637 0.0552678 0.0486768 0.0420451 0.0355523 0.0293303 0.0234909 0.0181457 0.0134127 0.00940376 0.00619648 0.00380305
 0.00863419 0.0140192 0.0210807 0.0297304 0.0396409 0.0500961 0.059965 0.0679792 0.0732006 0.075327 0.0746369 0.0717046 0.0671462 0.061504 0.0552215 0.0486433 0.0420226 0.0355397 0.0293281 0.0234998 0.0181648 0.0134389 0.00943209 0.00622193 0.00382233
 0.00863055 0.0140131 0.0210716 0.0297185 0.0396281 0.0500869 0.0599654 0.0679947 0.0732313 0.0753664 0.0746726 0.0717243 0.0671437 0.0614818 0.055188 0.0486082 0.0419928 0.0355187 0.0293169 0.0234982 0.0181719 0.0134525 0.00944907 0.00623868 0.0038361
 0.00862483 0.0140038 0.0210576 0.0296987 0.0396022 0.0500554 0.0599308 0.0679615 0.0732062 0.0753557 0.0746796 0.0717473 0.0671757 0.0615134 0.055212 0.0486217 0.041998 0.0355203 0.0293193 0.023504 0.0181819 0.0134659 0.00946387 0.00625275 0.00384767
 0.00862483 0.0140038 0.0210576 0.0296987 0.0396022 0.0500554 0.0599308 0.0679615 0.0732062 0.0753557 0.0746796 0.0717473 0.0671757 0.0615134 0.055212 0.0486217 0.041998 0.0355203 0.0293193 0.023504 0.0181819 0.0134659 0.00946387 0.00625275 0.00384767
 0.00880724 0.014293 0.0214775 0.0302626 0.0403049 0.0508645 0.0607806 0.0687574 0.0738447 0.0757525 0.0747924 0.0715814 0.0667755 0.0609452 0.0545467 0.0479239 0.0413193 0.0348983 0.0287784 0.023057 0.0178317 0.0132067 0.00928402 0.00613647 0.00377815
 0.0086497 0.0140636 0.021183 0.0299294 0.0399758 0.0505904 0.0606107 0.0687297 0.0739757 0.0760288 0.0751698 0.0719959 0.0671611 0.0612519 0.0547506 0.0480257 0.0413375 0.0348593 0.0287088 0.0229787 0.0177595 0.0131488 0.00924266 0.00611006 0.00376309
 0.0087031 0.0141253 0.0212305 0.0299296 0.0398978 0.0504241 0.0603802 0.0684911 0.0737975 0.0759652 0.0752414 0.0721848 0.0674206 0.0615236 0.0549817 0.048182 0.041408 0.0348537 0.0286495 0.0228918 0.0176678 0.0130678 0.00918 0.00606681 0.0037363
#pred catch len freq
 0.00399558 0.00637104 0.00938973 0.0130174 0.0172363 0.0220148 0.0272408 0.0326964 0.0381017 0.0431795 0.0476989 0.0514983 0.0545005 0.0567119 0.0581998 0.0590632 0.0594097 0.0593293 0.0588347 0.057767 0.055728 0.0521529 0.0465852 0.0390455 0.0302316
 0.00422268 0.00666284 0.00968909 0.0132318 0.0172738 0.0218345 0.0268861 0.0322827 0.0377593 0.0429883 0.0476547 0.0515308 0.0545262 0.0566881 0.0581503 0.0590643 0.0595463 0.05964 0.059275 0.0582127 0.0560246 0.0521875 0.0463406 0.0386031 0.0297245
 0.00442492 0.00699311 0.0101827 0.0139064 0.0181071 0.0227425 0.0277209 0.0328707 0.0379735 0.0428138 0.0471973 0.0509561 0.0539735 0.0562191 0.0577607 0.0587345 0.0592798 0.059461 0.059192 0.0581851 0.0559651 0.0520051 0.0459946 0.0381288 0.0292116
 0.00464491 0.0073388 0.0106833 0.0145873 0.0189916 0.0238473 0.0290379 0.0343378 0.0394522 0.0440999 0.0480771 0.051289 0.0537504 0.0555562 0.0568345 0.0577055 0.058254 0.0584923 0.0582989 0.0573586 0.0551727 0.0512085 0.0451791 0.0373232 0.028479
 0.00487329 0.00769853 0.0112042 0.0152923 0.0198972 0.0249631 0.0303625 0.0358509 0.0411049 0.0458005 0.0496808 0.0526055 0.0545836 0.0557688 0.0564022 0.0567246 0.0568963 0.0569383 0.0566879 0.055773 0.0536505 0.049768 0.0438447 0.0361369 0.0274915
 0.00511699 0.00808038 0.0117533 0.0160297 0.0208363 0.0261102 0.0317126 0.037382 0.0427734 0.0475399 0.0513998 0.0541839 0.0558728 0.0566059 0.0566447 0.0562972 0.0558239 0.0553418 0.0547439 0.0536622 0.051524 0.0477418 0.0420105 0.0345695 0.0262435
 0.00544114 0.00858039 0.0124567 0.0169473 0.0219657 0.0274399 0.0332221 0.0390371 0.044523 0.0493167 0.0531233 0.0557631 0.0572051 0.0575764 0.0571306 0.0561862 0.055046 0.0539032 0.0527412 0.0512674 0.0489484 0.0451978 0.0396828 0.0325964 0.0247021
 0.00577095 0.00910085 0.0132111 0.0179665 0.0232648 0.0290124 0.0350317 0.0410137 0.0465691 0.0513228 0.0549835 0.0573838 0.0585057 0.0584834 0.05757 0.0560798 0.0543215 0.0525198 0.0507238 0.0487295 0.0460893 0.0422708 0.0369446 0.0302546 0.0228761
 0.00603072 0.0095192 0.0138348 0.0188401 0.0244271 0.0304876 0.0368159 0.0430615 0.048789 0.0535839 0.0571336 0.0592724 0.0600066 0.0595058 0.0580553 0.0559869 0.0536145 0.0511723 0.0487425 0.046189 0.0431555 0.039192 0.0340048 0.0277049 0.020874
 0.00635439 0.0100192 0.0145404 0.019767 0.0255823 0.0318761 0.0384386 0.0449051 0.0508121 0.0557071 0.0592385 0.061213 0.0616301 0.0606774 0.0586746 0.0559919 0.0529736 0.0498764 0.046811 0.0436927 0.0402431 0.0360963 0.0310094 0.025077 0.0187927
 0.00678025 0.0106755 0.0154618 0.020963 0.0270401 0.0335644 0.0403083 0.0468898 0.0528322 0.0576792 0.0610806 0.0628435 0.0629628 0.0616208 0.0591389 0.0559001 0.0522716 0.04854 0.0448543 0.0411842 0.0373256 0.0329926 0.0279952 0.0224188 0.0166764
 0.00721251 0.0113485 0.0164195 0.0222279 0.028612 0.0354178 0.0423867 0.0491002 0.0550515 0.0597716 0.0629209 0.0643336 0.0640383 0.0622443 0.0592867 0.0555488 0.051394 0.0471132 0.0428795 0.0387125 0.0344811 0.0299789 0.0250701 0.0198354 0.0146145
 0.00757544 0.0119246 0.0172613 0.0233768 0.0300932 0.0372312 0.0444934 0.0514125 0.0574354 0.0620637 0.0649527 0.0659576 0.0651487 0.0627879 0.0592576 0.0549705 0.0502976 0.0455251 0.0408281 0.0362516 0.0317194 0.027094 0.0222903 0.0173884 0.0126632
 0.0078999 0.012434 0.0179959 0.0243669 0.0313595 0.0387835 0.0463217 0.0534735 0.0596424 0.0642855 0.0670256 0.0677089 0.0664264 0.0634867 0.0593323 0.0544312 0.0491919 0.0439176 0.0387892 0.0338648 0.0291001 0.0244038 0.0197274 0.0151478 0.0108833
 0.00819927 0.0128989 0.0186562 0.0252385 0.0324461 0.0400788 0.0478065 0.0551117 0.0613775 0.0660409 0.0687059 0.0692032 0.067616 0.0642597 0.0596022 0.0541525 0.0483653 0.0425849 0.0370233 0.0317639 0.0267903 0.0220421 0.0174908 0.0132023 0.00934324
 0.00843704 0.0132792 0.0192169 0.026011 0.03345 0.0413134 0.0492417 0.0566835 0.0629958 0.0676052 0.070121 0.0703883 0.0685053 0.0647995 0.0597484 0.0538722 0.0476439 0.0414344 0.0354887 0.0299265 0.0247669 0.0199793 0.015548 0.0115228 0.00802112
 0.00875526 0.0137535 0.0198524 0.0267894 0.0343416 0.0422939 0.0503004 0.0578152 0.0641826 0.068801 0.0712505 0.0713611 0.0692376 0.0652306 0.0598441 0.0536189 0.0470408 0.0404922 0.0342366 0.0284216 0.0231007 0.0182743 0.0139404 0.0101346 0.00693073
 0.00900095 0.0141326 0.0203842 0.0274758 0.0351656 0.0432197 0.0512749 0.0587763 0.0650742 0.0695874 0.0719192 0.0719094 0.0696556 0.0654915 0.0599099 0.053453 0.046619 0.039808 0.0333042 0.0272802 0.021819 0.0169483 0.0126804 0.00904112 0.00606968
 0.00897071 0.0141136 0.0204117 0.027602 0.0354474 0.0436972 0.0519524 0.0596137 0.0659944 0.0704968 0.0727308 0.0725623 0.070122 0.0657703 0.0600104 0.0533798 0.0463668 0.0393677 0.0326748 0.0264806 0.0208951 0.015972 0.0117384 0.00821477 0.00541416
 0.00882754 0.0139015 0.0201333 0.0272793 0.0351239 0.0434362 0.0518298 0.0597028 0.0663421 0.0710996 0.0735263 0.0734441 0.070972 0.0664919 0.060546 0.0537084 0.0464898 0.0392944 0.0324171 0.0260578 0.0203422 0.0153436 0.011103 0.00763952 0.00494789
 0.00876452 0.0137939 0.0199627 0.0270275 0.0347799 0.0430077 0.051353 0.0592461 0.0659964 0.0709569 0.0736514 0.0738507 0.0716128 0.0672693 0.0613404 0.0544116 0.0470269 0.039629 0.0325443 0.0259946 0.0201228 0.0150169 0.0107278 0.00727452 0.00463835
 0.00874014 0.0137523 0.0198955 0.0269233 0.0346243 0.0427845 0.0510502 0.0588648 0.0655616 0.0705238 0.073301 0.0736703 0.0716671 0.0675742 0.061853 0.055042 0.0476659 0.0401791 0.0329404 0.026211 0.020169 0.0149287 0.010556 0.00707232 0.00444953
 0.00877873 0.0138031 0.0199496 0.0269643 0.0346314 0.0427382 0.0509369 0.0586787 0.0653052 0.0702097 0.0729559 0.0733392 0.0714101 0.0674529 0.0619087 0.0552757 0.0480336 0.0406039 0.0333379 0.0265149 0.0203468 0.0149832 0.0105167 0.00698055 0.00434434
 0.00875842 0.0137751 0.0199162 0.0269294 0.0345977 0.0427034 0.0508919 0.0586094 0.0651983 0.0700588 0.0727661 0.0731276 0.0712051 0.0672912 0.0618293 0.055309 0.0481876 0.0408561 0.0336389 0.0268042 0.0205738 0.0151226 0.0105713 0.00697338 0.00430527
 0.00859085 0.013531 0.0196017 0.0265691 0.0342281 0.0423625 0.0506095 0.0584028 0.065072 0.0700064 0.0727734 0.0731779 0.0712853 0.0673968 0.0619658 0.0554885 0.0484209 0.0411428 0.0339612 0.0271283 0.0208603 0.0153415 0.0107116 0.00704418 0.00432759
 0.00854739 0.0134479 0.019455 0.0263322 0.033883 0.0419138 0.0500951 0.0578904 0.0646393 0.0697148 0.0726499 0.0732128 0.0714437 0.067636 0.0622491 0.0557931 0.0487374 0.0414686 0.0342911 0.0274489 0.0211503 0.0155792 0.0108841 0.00715238 0.00438424
