SBPRF35
9.60615
Curr Bio
538801
B35
734751
F35
0.193511
FOFL
0.15064
OFL
70504.3
Bzero
2.74462e+006
#pred survey bio
 4.386e+006 4.15039e+006 3.93519e+006 3.66096e+006 3.37757e+006 3.07569e+006 2.76461e+006 2.47018e+006 2.16081e+006 1.88621e+006 1.65318e+006 1.45717e+006 1.28423e+006 1.13776e+006 1.02534e+006 914811 815637 745882 702796 669983 637941 615740 597883 575215 573088 559547 558003 548608 554674 545710 549169 551359 557347 557149 549674 544815 530141 523289 518178 522826 529738 533881 538798 544437 552164 551257 561278 557254 550520 551869 547678 560136 586646 553912 574063 586725 586416 564876 543603 2.04635e+007 1.2433e+007 1.28507e+007 1.37777e+007 1.49915e+007 1.62588e+007 1.7428e+007 1.84261e+007 1.92351e+007 1.98679e+007 2.03509e+007 2.07137e+007 2.09833e+007 2.11825e+007 2.13294e+007 2.14377e+007 2.15179e+007 2.15773e+007 2.16217e+007 2.16549e+007 2.168e+007 2.1699e+007 2.17135e+007 2.17246e+007 2.17332e+007 2.17398e+007 2.17449e+007 2.17489e+007 2.1752e+007 2.17544e+007 2.17563e+007 2.17578e+007 2.1759e+007 2.17599e+007 2.17607e+007 2.17613e+007 2.17617e+007 2.17621e+007 2.17624e+007 2.17626e+007 2.17628e+007 2.17629e+007 2.1763e+007 2.17631e+007 2.17632e+007 2.17633e+007 2.17633e+007 2.17633e+007 2.17634e+007 2.17634e+007 2.17634e+007 2.17634e+007 2.17634e+007 2.17634e+007 2.17634e+007 2.17634e+007 2.17635e+007 2.17635e+007 2.17635e+007 2.17635e+007 2.17635e+007 2.17635e+007 2.17635e+007 2.17635e+007 2.17635e+007 2.17635e+007 2.17635e+007 2.17635e+007 2.17635e+007 2.17635e+007 2.17635e+007 2.17635e+007 2.17635e+007 2.17635e+007 2.17635e+007 2.17635e+007 2.17635e+007 2.17635e+007 2.17635e+007 2.17635e+007 2.17635e+007 2.17635e+007 2.17635e+007 2.17635e+007 2.17635e+007 2.17635e+007 2.17635e+007 2.17635e+007 2.17635e+007 2.17635e+007 2.17635e+007 2.17635e+007 2.17635e+007 2.17635e+007 2.17635e+007 2.17635e+007 2.17635e+007 2.17635e+007 2.17635e+007 2.17635e+007 0 0 0 0 0 0 0 0 0 0 0 0 0 0 0 0 0 0 0 0 0 0 0 0 0
#obs survey bio
 4.54678e+006 4.36036e+006 3.7916e+006 2.69132e+006 3.74364e+006 2.60376e+006 2.96724e+006 2.00641e+006 1.81969e+006 1.81755e+006 1.10071e+006 1.45831e+006 850598 1.02404e+006 948226 1.19642e+006 639056 495241 600182 720084 504043 541690 573221 591596 503342 557635 645945 500233 463789 536085 607825 483376 592632 456340 558995 711644 703625 625766 509333 718781 583157 602115 602833 598102 463122 581432 531802 772187 578925 619669 623586 695088 568576 619250 488419 590548 744671 511746 589962
#pred catch bio
 104670 97854.9 168809 198486 239845 274648 285541 323234 312831 292850 273757 263481 246778 221176 221004 209869 182592 158464 148166 145083 134370 128310 129052 109342 117087 104933 109585 95387.2 106725 94195.7 93624.2 89000.4 92521.8 95742.4 90056.2 96480.2 90986.2 91956.8 85269.8 84086 86617.5 86307.8 86524.9 85957 93990.3 85163.6 96880.6 98270.4 91250.9 96150.3 82708.3 72569.2 122211 77228.2 85394.5 96457.5 113058 110879 58205.8 70504.3 89723.1 91524.2 96946.9 105059 113745 121706 128381 133654 137649 140581 142683 144162 145188 145891 146370 146692 146909 147054 147150 147214 147256 147284 147302 147314 147322 147328 147331 147333 147335 147336 147336 147337 147337 147337 147337 147337 147337 147337 147337 147337 147337 147337 147337 147337 147337 147337 147337 147337 147337 147337 147337 147337 147337 147337 147337 147337 147337 147337 147337 147337 147337 147337 147337 147337 147337 147337 147337 147337 147337 147337 147337 147337 147337 147337 147337 147337 147337 147337 147337 147337 147337 147337 147337 147337 147337 147337 147337 147337 147337 147337 147337 147337 147337 147337 147337 147337 147337 147337 147337 0 0 0 0 0 0 0 0 0 0 0 0 0 0 0 0 0 0 0 0 0 0 0 0 0
#obs catch bio
 0 97377.4 169340 198875 240558 276215 287163 326422 316173 296251 277804 268532 251910 225473 225627 213594 186354 161939 151490 147937 137377 131463 132075 110868 119561 106563 111299 96362.7 108941 95484 94433.3 89777.7 93228.4 96904.2 90585.4 96975.1 90930.4 91744.6 84863.2 83569 85925.2 85662.5 85998 85588.3 93967.1 84852.7 96462.1 97413.6 90730.3 95898.6 82660.1 71908.3 122840 76780.1 85235.9 96160.7 112493 111269 57901.8
#pred cpue bio
 4.32942e+006 4.09697e+006 3.88372e+006 3.61045e+006 3.32802e+006 3.02721e+006 2.71731e+006 2.42413e+006 2.11653e+006 1.84363e+006 1.61203e+006 1.41723e+006 1.2457e+006 1.10065e+006 989367 880413 782930 714372 672089 640193 609133 587584 570487 548872 547080 534138 532964 524145 530197 521761 525623 528199 534372 534585 527917 523817 509228 501435 495754 500353 507429 511623 516334 521647 529006 528061 537933 534182 527634 528843 524643 536794 562793 530817 550214 562653 562550 541504 520637 1.96444e+007 1.19545e+007 1.22537e+007 1.30461e+007 1.42148e+007 1.54719e+007 1.66392e+007 1.7637e+007 1.8446e+007 1.90788e+007 1.95618e+007 1.99245e+007 2.01941e+007 2.03934e+007 2.05402e+007 2.06486e+007 2.07287e+007 2.07882e+007 2.08325e+007 2.08658e+007 2.08908e+007 2.09099e+007 2.09244e+007 2.09355e+007 2.0944e+007 2.09506e+007 2.09558e+007 2.09597e+007 2.09628e+007 2.09653e+007 2.09672e+007 2.09687e+007 2.09699e+007 2.09708e+007 2.09715e+007 2.09721e+007 2.09726e+007 2.09729e+007 2.09732e+007 2.09734e+007 2.09736e+007 2.09738e+007 2.09739e+007 2.0974e+007 2.0974e+007 2.09741e+007 2.09741e+007 2.09742e+007 2.09742e+007 2.09742e+007 2.09742e+007 2.09743e+007 2.09743e+007 2.09743e+007 2.09743e+007 2.09743e+007 2.09743e+007 2.09743e+007 2.09743e+007 2.09743e+007 2.09743e+007 2.09743e+007 2.09743e+007 2.09743e+007 2.09743e+007 2.09743e+007 2.09743e+007 2.09743e+007 2.09743e+007 2.09743e+007 2.09743e+007 2.09743e+007 2.09743e+007 2.09743e+007 2.09743e+007 2.09743e+007 2.09743e+007 2.09743e+007 2.09743e+007 2.09743e+007 2.09743e+007 2.09743e+007 2.09743e+007 2.09743e+007 2.09743e+007 2.09743e+007 2.09743e+007 2.09743e+007 2.09743e+007 2.09743e+007 2.09743e+007 2.09743e+007 2.09743e+007 2.09743e+007 2.09743e+007 2.09743e+007 2.09743e+007 2.09743e+007 2.09743e+007 2.09743e+007 0 0 0 0 0 0 0 0 0 0 0 0 0 0 0 0 0 0 0 0 0 0 0 0 0
#obs cpue bio
 4.52854e+006 4.36393e+006 3.09664e+006 3.00024e+006 3.05149e+006 2.58948e+006 2.15814e+006 2.50361e+006 2.00688e+006 1.5505e+006 1.59753e+006 915670 1.3621e+006 918441 885763 653105 590004 638266 540353 548707 437305 398541 520928 499445 399142 443245 449036 476692 351346 491562 631103 461310 522968 438013 626913 474885 518592 531994 601974 449176 615050 479783 461264 416655 556535 541926 754667 581703 403473 470625 366044 666941 448706 509391 654270 623741 581085 441308 466428
#pred surv len freq
 0.00462934 0.00753545 0.0113786 0.0161562 0.0217676 0.0279357 0.0341787 0.039925 0.0447251 0.0483955 0.0510007 0.0527328 0.0538041 0.0543942 0.0546377 0.0546283 0.0544338 0.0540964 0.0535903 0.0527306 0.0510995 0.0481058 0.0432469 0.0364731 0.0283987
 0.00491149 0.00789944 0.0117553 0.0164328 0.0218313 0.0277355 0.0337656 0.0394373 0.0443215 0.0481765 0.0509691 0.052815 0.0539092 0.0544724 0.0547039 0.0547454 0.0546664 0.0544608 0.0540255 0.0531094 0.05128 0.0479989 0.0428618 0.0359118 0.0278037
 0.00509038 0.00821535 0.0122697 0.0171991 0.0228592 0.0289506 0.0349939 0.0404467 0.0449144 0.0482822 0.0506692 0.0522834 0.0533142 0.0539106 0.0542004 0.0542969 0.0542779 0.0541449 0.0537736 0.0528689 0.0509652 0.0475368 0.0422405 0.0351952 0.0271006
 0.00529224 0.00853789 0.0127475 0.0178674 0.0237546 0.0301034 0.036407 0.0420635 0.0465944 0.0498089 0.051807 0.0528624 0.0532952 0.0533876 0.0533412 0.0532675 0.053197 0.0530776 0.0527427 0.0518645 0.0499567 0.0464975 0.0411776 0.0341639 0.0261847
 0.00552706 0.00891138 0.0132945 0.0186155 0.0247212 0.031291 0.0377981 0.043618 0.0482495 0.0514759 0.0533623 0.0541467 0.054138 0.053659 0.0530041 0.0523925 0.0519292 0.0515785 0.0511416 0.0502409 0.048351 0.0449371 0.0397032 0.0328378 0.0250763
 0.00578136 0.00932171 0.0139062 0.0194685 0.0258425 0.0326829 0.0394269 0.0454109 0.0501066 0.0532903 0.0550339 0.055581 0.0552355 0.0543105 0.053107 0.0518865 0.0508287 0.0499778 0.0491875 0.0480915 0.0461473 0.0427984 0.0377347 0.031134 0.0237078
 0.0060468 0.00975107 0.0145486 0.0203693 0.0270354 0.0341785 0.0411976 0.047385 0.0521745 0.0553235 0.0569056 0.0571797 0.0564689 0.0551006 0.0533824 0.0515841 0.0499101 0.0484553 0.0471416 0.0456675 0.0435322 0.0401919 0.0353233 0.0290677 0.0220788
 0.00630184 0.0101639 0.015167 0.0212378 0.0281888 0.0356305 0.0429279 0.049332 0.0542409 0.0573907 0.0588495 0.0588829 0.0578278 0.0560281 0.0538075 0.0514483 0.0491696 0.0470937 0.0451924 0.0432342 0.0407917 0.0373732 0.0326669 0.0267763 0.0202769
 0.00662262 0.0106787 0.0159295 0.0222939 0.0295688 0.0373368 0.0449213 0.0515262 0.0565127 0.0596018 0.0608677 0.0605945 0.0591414 0.0568731 0.0541299 0.0512055 0.0483284 0.0456372 0.0431385 0.0406616 0.037859 0.0343127 0.0297464 0.0242372 0.0182747
 0.00699523 0.0112659 0.0167791 0.0234391 0.0310246 0.0390934 0.046935 0.0537139 0.0587587 0.0617745 0.0628384 0.0622508 0.0603937 0.0576553 0.0543954 0.0509211 0.0474694 0.0441898 0.041115 0.0381255 0.0349495 0.0312486 0.0267946 0.0216501 0.0162233
 0.00734986 0.0118336 0.0176167 0.0245919 0.0325171 0.040915 0.049026 0.055964 0.0610247 0.0639095 0.0647168 0.0637782 0.0615037 0.0583023 0.0545477 0.050556 0.04657 0.0427474 0.0391414 0.0356754 0.0321456 0.0282901 0.0239323 0.0191292 0.0142156
 0.00761608 0.012271 0.0182834 0.0255451 0.0338013 0.0425442 0.0509643 0.0581179 0.0632545 0.0660554 0.0666278 0.065332 0.0626164 0.058928 0.0546688 0.0501709 0.0456823 0.0413635 0.0372799 0.0333883 0.0295418 0.0255467 0.0212754 0.0167834 0.0123418
 0.00791382 0.0127414 0.0189667 0.0264721 0.034991 0.0439988 0.0526603 0.0599976 0.0652249 0.067997 0.0684085 0.0668246 0.0637148 0.0595595 0.0547982 0.0497941 0.0448146 0.0400305 0.0355173 0.0312553 0.0271414 0.0230365 0.0188545 0.0146493 0.0106372
 0.00820264 0.0132028 0.0196454 0.0274029 0.0361908 0.045456 0.0543244 0.0617796 0.0670123 0.0696771 0.0698856 0.0680235 0.0645763 0.0600355 0.0548533 0.0494094 0.0439904 0.0387855 0.0338892 0.029307 0.0249721 0.0207884 0.0167005 0.0127587 0.00913063
 0.00836467 0.0134738 0.0200673 0.0280196 0.0370392 0.0465511 0.0556449 0.0632615 0.0685577 0.0711738 0.0712275 0.0691255 0.0653789 0.0605025 0.0549649 0.0491555 0.0433683 0.0378025 0.0325703 0.0277039 0.0231719 0.0189156 0.0149038 0.0111815 0.00787383
 0.00857038 0.0138049 0.0205597 0.028705 0.0379398 0.047671 0.0569588 0.0647089 0.0700471 0.0725959 0.0724732 0.0701015 0.0660202 0.0607776 0.0548725 0.0487147 0.0426069 0.0367508 0.0312627 0.0261889 0.0215236 0.0172373 0.0133182 0.00980483 0.00678564
 0.00885835 0.014252 0.0211935 0.0295369 0.0389643 0.0488644 0.0582761 0.0660824 0.0713916 0.0738211 0.0734959 0.0708545 0.0664563 0.0608727 0.0546261 0.0481472 0.0417537 0.0356547 0.0299708 0.0247554 0.0200164 0.0157427 0.0119336 0.00862012 0.00585925
 0.00902781 0.0145257 0.0216013 0.0301038 0.0397035 0.049768 0.0593073 0.0671759 0.0724663 0.0747988 0.074315 0.0714729 0.0668471 0.0610184 0.054517 0.0477831 0.0411465 0.0348297 0.0289657 0.0236203 0.0188149 0.0145506 0.0108321 0.00768091 0.0051274
 0.00902163 0.0145271 0.0216254 0.030174 0.0398483 0.0500151 0.0596755 0.0676685 0.0730678 0.075474 0.0750136 0.0721373 0.0674215 0.0614558 0.0547816 0.0478509 0.0410055 0.0344814 0.0284282 0.0229296 0.0180247 0.0137282 0.0100498 0.00700202 0.00459275
 0.0090795 0.0146038 0.0217098 0.0302473 0.0398934 0.0500282 0.0596751 0.0676932 0.0731628 0.0756736 0.075327 0.0725444 0.0678789 0.0619068 0.0551687 0.0481244 0.0411288 0.0344346 0.0282098 0.0225584 0.0175391 0.0131831 0.009507 0.00651761 0.00420459
 0.00919006 0.0147757 0.0219526 0.0305611 0.040265 0.0504282 0.0600588 0.0680098 0.0733728 0.0757664 0.0753265 0.0724974 0.0678318 0.0618862 0.0551728 0.0481282 0.0410963 0.0343315 0.0280138 0.0222658 0.0171667 0.0127658 0.00908962 0.0061434 0.00390378
 0.00911076 0.0146737 0.0218485 0.0304909 0.0402694 0.0505366 0.0602749 0.0683074 0.0737033 0.0760747 0.0755685 0.0726526 0.0679074 0.061909 0.055174 0.048127 0.0410917 0.0343055 0.0279421 0.0221308 0.0169671 0.0125183 0.00882453 0.00589429 0.00369693
 0.00903523 0.0145504 0.021664 0.0302376 0.0399537 0.0501875 0.0599472 0.0680717 0.073622 0.0761754 0.0758308 0.0730174 0.0683025 0.062276 0.0554822 0.048371 0.0412788 0.0344414 0.028025 0.0221541 0.0169279 0.0124245 0.0086956 0.00575583 0.00357219
 0.00918671 0.0147614 0.0219158 0.0304896 0.040153 0.0502868 0.0599214 0.0679269 0.0733947 0.0759228 0.0756144 0.0728832 0.0682659 0.0623201 0.0555699 0.0484639 0.0413506 0.0344811 0.0280308 0.0221269 0.0168694 0.0123394 0.0085939 0.0056518 0.00347982
 0.00910768 0.0146494 0.0217767 0.0303357 0.0399959 0.0501273 0.0597454 0.0677124 0.0731297 0.0756218 0.0753234 0.0726675 0.0681852 0.0624046 0.055809 0.0488121 0.0417461 0.0348652 0.0283618 0.0223828 0.017045 0.0124414 0.00863698 0.00565491 0.00346198
 0.00907925 0.0146112 0.0217343 0.0303004 0.0399825 0.0501494 0.0598093 0.0678109 0.0732386 0.0757038 0.0753402 0.0725986 0.0680417 0.0622283 0.055655 0.0487246 0.0417409 0.0349287 0.0284623 0.0224866 0.0171277 0.0124919 0.00865629 0.00565132 0.00344635
 0.00902806 0.014517 0.0215737 0.0300485 0.039623 0.0496895 0.0592896 0.0673027 0.0728242 0.0754484 0.0752707 0.0726982 0.0682632 0.0625169 0.0559691 0.0490442 0.042062 0.03525 0.0287748 0.022773 0.0173689 0.0126754 0.00878056 0.00572491 0.00348326
 0.00914975 0.0146924 0.0217948 0.0302901 0.0398461 0.0498482 0.0593415 0.0672198 0.072604 0.0751209 0.074894 0.0723412 0.0679818 0.0623379 0.0558887 0.0490407 0.0421111 0.0353337 0.0288807 0.0228895 0.0174827 0.0127736 0.0088545 0.00577286 0.00350942
 0.00893257 0.0143842 0.0214133 0.0298787 0.0394589 0.0495281 0.0591036 0.0670504 0.0724749 0.0750088 0.0747946 0.0722719 0.0679735 0.0624199 0.0560745 0.0493212 0.0424577 0.0357092 0.0292504 0.0232269 0.0177708 0.0130035 0.00902445 0.00588798 0.00358002
 0.00883713 0.0142331 0.0211957 0.0295925 0.0391172 0.0491651 0.0587738 0.0668154 0.0723791 0.0750562 0.0749446 0.0724591 0.0681413 0.062544 0.0561661 0.0494105 0.0425727 0.0358613 0.0294325 0.0234207 0.0179556 0.0131629 0.00914943 0.00597681 0.00363698
 0.00879422 0.0141401 0.0210137 0.0292734 0.0386192 0.0484759 0.0579313 0.0659124 0.0715446 0.0744208 0.0746028 0.0724438 0.0684191 0.0630334 0.0567701 0.0500471 0.0431904 0.0364357 0.0299537 0.0238813 0.0183472 0.0134782 0.00938682 0.00614213 0.00374255
 0.00874912 0.0140734 0.0209236 0.0291573 0.0384679 0.0482676 0.0576335 0.065495 0.0710024 0.0737938 0.0739779 0.0719334 0.0681223 0.0630016 0.0569925 0.050463 0.043717 0.0369961 0.0304922 0.0243646 0.0187577 0.0138085 0.00963639 0.00631744 0.00385585
 0.00860036 0.0138485 0.0206172 0.0287771 0.038033 0.0478055 0.0571743 0.0650655 0.0706195 0.0734609 0.0736923 0.071701 0.0679694 0.0629721 0.0571283 0.0507794 0.0441907 0.0375711 0.0310994 0.024942 0.019262 0.0142173 0.00994474 0.00653324 0.00399508
 0.00834006 0.0134649 0.0201138 0.0281834 0.0373976 0.0471824 0.0566127 0.0646045 0.0702856 0.073265 0.0736276 0.0717453 0.0680959 0.0631626 0.0573817 0.0511082 0.0446061 0.0380671 0.0316465 0.025494 0.019771 0.014647 0.0102777 0.00676997 0.00414923
 0.00826152 0.0133186 0.0198612 0.0277832 0.0368224 0.0464421 0.0557697 0.0637672 0.0695761 0.072778 0.0734028 0.0717669 0.0683118 0.0635102 0.0578079 0.0515796 0.045108 0.038594 0.0321891 0.0260318 0.0202731 0.0150821 0.0106242 0.00702218 0.00431639
 0.00879263 0.0140502 0.0207173 0.0286079 0.0374195 0.0466418 0.0554884 0.0630312 0.0685069 0.0715544 0.0722158 0.0707764 0.0676152 0.0631312 0.05771 0.0516945 0.0453648 0.0389366 0.0325779 0.0264365 0.020666 0.015436 0.0109173 0.0072436 0.00446793
 0.0093831 0.0149856 0.0220704 0.0304058 0.0396108 0.0490607 0.057841 0.0649384 0.0696121 0.0716511 0.0713234 0.0691208 0.0655337 0.060959 0.0556997 0.0499881 0.0440075 0.0379115 0.0318401 0.0259346 0.0203497 0.0152579 0.0108331 0.00721523 0.00446665
 0.00928318 0.0149178 0.0221436 0.0307798 0.0404543 0.0504809 0.0598156 0.0672843 0.0720083 0.0737102 0.0726889 0.069565 0.065022 0.0596521 0.05389 0.0480005 0.0421108 0.036274 0.0305313 0.0249531 0.019656 0.014797 0.0105476 0.00705206 0.00438171
 0.00904392 0.0145569 0.0216592 0.0302057 0.0398727 0.0500293 0.0596759 0.0676404 0.0729726 0.0752468 0.0745831 0.0714677 0.0665576 0.0605421 0.054035 0.0474892 0.0411617 0.0351441 0.0294365 0.0240279 0.0189527 0.0143086 0.0102361 0.00686976 0.00428432
 0.00889263 0.0142988 0.02125 0.0296025 0.0390511 0.0490102 0.0585506 0.0665774 0.072192 0.0749649 0.07494 0.0724654 0.0680356 0.0622115 0.0555678 0.0486262 0.0417883 0.0353007 0.0292678 0.0237064 0.0186171 0.0140373 0.0100522 0.00676268 0.00423059
 0.00890645 0.0142977 0.0212034 0.0294643 0.0387672 0.0485344 0.057864 0.0657058 0.0712171 0.0740247 0.0742114 0.0721237 0.0681967 0.0628787 0.0566128 0.0498236 0.0428936 0.0361351 0.0297665 0.0239121 0.0186317 0.0139659 0.00996826 0.00670011 0.00419506
 0.00898787 0.0144205 0.0213689 0.0296624 0.0389733 0.0487065 0.0579441 0.0656295 0.0709335 0.0735224 0.0735389 0.071392 0.0675577 0.0624817 0.0565514 0.0500964 0.0434013 0.0367202 0.0302786 0.0242613 0.0188058 0.0140092 0.00994281 0.00665568 0.00415797
 0.00904731 0.0145141 0.0215037 0.029842 0.0391955 0.04896 0.0582051 0.0658587 0.0710799 0.0735325 0.0733732 0.0710439 0.0670682 0.0619394 0.0560721 0.0497839 0.043307 0.036823 0.0304982 0.0244994 0.0189886 0.0141094 0.00997301 0.00664608 0.00413585
 0.00906378 0.0145442 0.0215551 0.0299238 0.0393161 0.0491234 0.0584067 0.0660836 0.0713025 0.0737189 0.0734851 0.0710455 0.0669374 0.061681 0.0557259 0.04942 0.0430035 0.0366359 0.0304391 0.024536 0.0190667 0.0141813 0.0100152 0.00665863 0.00413079
 0.00897025 0.0144117 0.0213924 0.0297521 0.0391645 0.0490206 0.0583734 0.0661288 0.0714228 0.0738994 0.0736999 0.0712602 0.0671136 0.0617852 0.0557409 0.0493534 0.0428885 0.0365194 0.0303622 0.0245163 0.0190947 0.0142314 0.0100627 0.00669014 0.00414557
 0.00891822 0.0143355 0.0212938 0.0296399 0.0390544 0.048933 0.0583307 0.0661503 0.0715188 0.0740652 0.0739147 0.0714907 0.0673227 0.0619401 0.0558191 0.0493477 0.0428096 0.0363944 0.0302266 0.0244018 0.0190183 0.0141924 0.0100489 0.00668767 0.00414533
 0.00879796 0.0141432 0.0210115 0.0292561 0.0385698 0.0483684 0.0577327 0.0655892 0.0710751 0.0738082 0.0738831 0.0716836 0.0677017 0.0624408 0.0563673 0.0498757 0.043269 0.0367622 0.0305041 0.0246057 0.0191697 0.0143078 0.010137 0.00675192 0.0041882
 0.00886071 0.0142331 0.0211234 0.0293755 0.0386742 0.0484311 0.0577287 0.0655015 0.0709024 0.0735702 0.0736199 0.0714461 0.0675358 0.0623725 0.0563955 0.0499755 0.0434027 0.0368939 0.0306101 0.0246786 0.0192146 0.014335 0.0101551 0.00676545 0.00419838
 0.00897504 0.0144075 0.0213639 0.0296782 0.0390236 0.0488003 0.0580787 0.0657853 0.071073 0.0735941 0.0734887 0.0711815 0.0671849 0.0619955 0.0560484 0.0496954 0.0432015 0.0367612 0.0305245 0.0246191 0.0191681 0.0142967 0.0101251 0.00674442 0.00418545
 0.00897383 0.0144119 0.0213822 0.0297217 0.0391034 0.048922 0.0582378 0.0659655 0.0712489 0.0737363 0.0735707 0.0711856 0.0671079 0.0618509 0.0558645 0.0495075 0.0430404 0.0366444 0.0304532 0.0245827 0.0191523 0.01429 0.0101214 0.00674163 0.00418343
 0.00898032 0.0144281 0.0214171 0.0297875 0.039213 0.0490842 0.0584526 0.0662212 0.0715222 0.0739956 0.0737808 0.0713149 0.0671348 0.0617699 0.0556886 0.0492656 0.0427704 0.0363833 0.030228 0.0244062 0.0190241 0.014202 0.0100634 0.00670481 0.00416111
 0.00892007 0.0143207 0.0212393 0.0295158 0.0388339 0.0486084 0.057925 0.0657175 0.0711293 0.0737836 0.0737817 0.0715152 0.0674846 0.0622002 0.0561307 0.0496669 0.0431027 0.0366419 0.0304237 0.0245549 0.0191391 0.0142911 0.0101303 0.00675198 0.00419171
 0.00875902 0.0140683 0.0208768 0.0290315 0.0382246 0.047883 0.057111 0.0648677 0.070323 0.073118 0.0733529 0.0713937 0.0676931 0.062705 0.0568508 0.0504978 0.0439436 0.0374164 0.0310881 0.0250944 0.0195581 0.0146034 0.0103525 0.00690158 0.00428577
 0.00911625 0.0146252 0.021668 0.030066 0.0394763 0.0492794 0.0585262 0.0661303 0.0712495 0.0735627 0.0732521 0.0707848 0.0667007 0.0615009 0.0556057 0.0493411 0.0429459 0.0365959 0.0304313 0.0245775 0.0191593 0.0143055 0.0101407 0.00676022 0.00419828
 0.00887089 0.0142618 0.0211886 0.0295004 0.038879 0.0487219 0.0580857 0.065876 0.0712236 0.0737622 0.0736238 0.07124 0.0671473 0.0618753 0.0558892 0.0495534 0.0431234 0.0367679 0.0306078 0.0247512 0.0193159 0.0144337 0.0102362 0.00682549 0.00423933
 0.00874256 0.0140533 0.0208767 0.029068 0.0383241 0.0480694 0.0573954 0.0652392 0.0707422 0.0735191 0.0736557 0.0715272 0.0676213 0.062442 0.0564579 0.0500612 0.0435451 0.0371094 0.0308882 0.0249872 0.0195147 0.014595 0.010359 0.0069116 0.00429461
 0.00878466 0.014111 0.0209429 0.0291265 0.0383514 0.0480383 0.0572822 0.0650322 0.0704519 0.0731827 0.0733334 0.0712845 0.0675066 0.0624683 0.0566002 0.0502698 0.0437676 0.0373089 0.0310502 0.0251138 0.0196143 0.0146744 0.0104211 0.00695745 0.00432563
 0.00887527 0.014274 0.021215 0.0295466 0.0389442 0.0487924 0.0581333 0.0658659 0.0711312 0.0735902 0.0734073 0.0710342 0.0670035 0.0618189 0.0559119 0.0496236 0.0432057 0.0368407 0.0306676 0.0248058 0.0193729 0.0144939 0.0102945 0.00687511 0.00427629
 0.00867111 0.0139996 0.0209099 0.0292864 0.0388243 0.048898 0.0585093 0.0664998 0.0719508 0.0744758 0.0742155 0.0716326 0.067306 0.0618084 0.0556386 0.04918 0.0426924 0.0363378 0.0302234 0.0244397 0.0190863 0.0142802 0.0101435 0.00677532 0.00421521
#obs surv len freq
 nan nan nan nan nan nan nan nan nan nan nan nan nan nan nan nan nan nan nan nan nan nan nan nan nan
 0.00448423 0.00734557 0.0111758 0.0159928 0.0216946 0.0279714 0.0342865 0.0400185 0.044698 0.0481612 0.0505179 0.0520124 0.0529033 0.0534145 0.0537277 0.0539819 0.0542599 0.0545523 0.0546908 0.0542826 0.0527206 0.049353 0.0438031 0.0362836 0.0276679
 0.00461031 0.00755311 0.0114926 0.0164454 0.0223016 0.0287337 0.0351775 0.0409808 0.0456521 0.0490205 0.0512058 0.0524731 0.0531079 0.0533612 0.0534379 0.0534921 0.0536133 0.0537914 0.0538546 0.053408 0.0518463 0.0485217 0.0430592 0.0356648 0.0271949
 0.00477991 0.00782843 0.0119063 0.0170279 0.0230755 0.0297051 0.0363252 0.0422514 0.0469639 0.0502758 0.0523047 0.053326 0.0536458 0.0535431 0.0532546 0.0529646 0.0527862 0.0527238 0.0526126 0.0520618 0.0504711 0.0471979 0.0418666 0.0346691 0.0264325
 0.00497403 0.00814643 0.0123893 0.0177153 0.0239973 0.0308693 0.0377056 0.0437834 0.0485538 0.0518177 0.0536953 0.0544726 0.0544684 0.0539781 0.0532601 0.0525265 0.0519218 0.0514807 0.0510654 0.0503071 0.0486241 0.0453858 0.0402152 0.0332812 0.0253658
 0.00518716 0.00849741 0.0129259 0.018485 0.0250383 0.0321954 0.0392913 0.0455583 0.0504115 0.0536359 0.0553549 0.055869 0.0555155 0.0546076 0.0534209 0.0521864 0.0510722 0.0501445 0.0493033 0.0482223 0.0463602 0.0431151 0.0381148 0.0314991 0.0239881
 0.00541847 0.00887404 0.0134942 0.0192894 0.026114 0.0335567 0.0409178 0.0473884 0.0523489 0.0555646 0.0571556 0.0574307 0.0567411 0.0554167 0.0537503 0.0519899 0.0503233 0.0488436 0.0474902 0.0459898 0.0438599 0.0405478 0.035699 0.0294244 0.022371
 0.00565955 0.00927112 0.0141012 0.0201594 0.0272884 0.0350483 0.0426949 0.0493699 0.0544183 0.0575937 0.0590256 0.0590404 0.0580066 0.0562672 0.0541255 0.0518394 0.0496093 0.0475496 0.0456369 0.0436541 0.0411896 0.0377568 0.0330339 0.0271093 0.020551
 0.00588966 0.00964698 0.0146707 0.0209692 0.0283769 0.0364327 0.0443566 0.0512475 0.0564133 0.059587 0.0608957 0.0606771 0.0593177 0.0571796 0.0545812 0.05179 0.0490145 0.0463828 0.0439019 0.0414091 0.0385675 0.0349664 0.0303297 0.0247318 0.0186643
 0.00614236 0.0100607 0.0152985 0.0218618 0.0295721 0.0379396 0.0461401 0.0532241 0.058465 0.0615857 0.0627238 0.0622373 0.0605333 0.0579908 0.0549411 0.0516606 0.0483635 0.0451869 0.0421607 0.0391691 0.0359471 0.0321629 0.0275939 0.0223095 0.0167294
 0.0063843 0.0104587 0.0159062 0.0227321 0.0307465 0.0394315 0.0479178 0.0552047 0.0605259 0.0635887 0.0645394 0.0637596 0.0616849 0.0587207 0.055217 0.0514607 0.0476697 0.0439858 0.0404547 0.0369993 0.0334187 0.0294564 0.0249445 0.0199534 0.0148385
 0.00662327 0.0108495 0.0164985 0.0235739 0.0318749 0.0408585 0.0496148 0.0570965 0.0624998 0.0655147 0.066291 0.065228 0.0627864 0.0593985 0.0554393 0.0512132 0.0469477 0.0427905 0.0387992 0.034927 0.0310265 0.0269074 0.0224521 0.0177349 0.013054
 0.0068213 0.0111784 0.0170065 0.0243099 0.0328789 0.0421453 0.0511587 0.0588259 0.0643085 0.0672827 0.067904 0.0665885 0.0638174 0.0600438 0.0556626 0.0509954 0.0462837 0.0416858 0.0372741 0.0330288 0.0288471 0.0245942 0.020195 0.0157265 0.0114373
 0.00706661 0.0115741 0.017596 0.0251317 0.033959 0.0434859 0.0527255 0.0605437 0.0660693 0.0689654 0.0693947 0.0677939 0.0646709 0.0605053 0.0557137 0.0506335 0.0455156 0.0405264 0.0357504 0.0311909 0.0267832 0.0224377 0.0181139 0.0138883 0.00996442
 0.00726219 0.0118996 0.0180995 0.0258611 0.0349504 0.0447465 0.0542175 0.0621812 0.0677343 0.0705338 0.0707585 0.068872 0.0654091 0.0608727 0.0556985 0.0502385 0.0447539 0.0394193 0.0343297 0.0295078 0.0249199 0.0205129 0.0162726 0.0122726 0.0086758
 0.0074065 0.0121392 0.0184698 0.0263991 0.0356888 0.0457026 0.0553803 0.0635046 0.0691392 0.0719203 0.0720214 0.0699165 0.0661623 0.0612892 0.0557594 0.0499456 0.0441229 0.038475 0.0331072 0.0280588 0.0233209 0.0188688 0.0147075 0.0109051 0.00758901
 0.00753256 0.0123393 0.0187624 0.0267996 0.0362087 0.0463475 0.0561464 0.0643749 0.0700829 0.0728934 0.072969 0.0707755 0.0668666 0.0617776 0.0559843 0.0498788 0.0437565 0.0378202 0.0321926 0.0269319 0.0220516 0.0175501 0.0134459 0.00980075 0.00671094
 0.00760336 0.0124553 0.0189384 0.0270496 0.0365429 0.0467681 0.0566443 0.0649305 0.0706713 0.073492 0.0735597 0.0713408 0.0673823 0.0622082 0.0562847 0.0500021 0.0436644 0.0374922 0.0316314 0.0261664 0.0211378 0.0165674 0.0124863 0.00895049 0.00603003
 0.00765524 0.0125334 0.0190447 0.0271833 0.0367021 0.0469527 0.0568574 0.0651764 0.0709532 0.0738083 0.073904 0.0717022 0.0677462 0.0625548 0.0565863 0.0502219 0.0437608 0.0374273 0.0313825 0.0257359 0.0205581 0.0158981 0.0118035 0.00832851 0.00552314
 0.00771037 0.0126168 0.0191584 0.0273245 0.0368635 0.0471238 0.0570262 0.0653328 0.0710921 0.073933 0.0740253 0.0718338 0.0678979 0.0627268 0.0567666 0.0503867 0.0438769 0.0374575 0.0312946 0.0255137 0.0202102 0.0154607 0.0113323 0.00788368 0.00515185
 0.00777768 0.0127175 0.0192936 0.0274889 0.0370465 0.0473116 0.0572036 0.0654849 0.0712068 0.0740049 0.074058 0.0718402 0.067896 0.0627342 0.0567933 0.0504304 0.0439218 0.0374766 0.0312572 0.0253957 0.0200042 0.0151819 0.0110158 0.00757326 0.00488551
 0.00781541 0.0127802 0.01939 0.0276264 0.037228 0.0475309 0.0574429 0.0657161 0.0713994 0.074135 0.0741158 0.0718312 0.0678372 0.0626482 0.0567021 0.0503496 0.043856 0.037418 0.0311878 0.0252946 0.0198575 0.0149906 0.0107972 0.00735517 0.00469487
 0.0078386 0.0128131 0.019431 0.0276721 0.0372754 0.0475804 0.0574992 0.0657858 0.0714857 0.0742336 0.0742139 0.0719123 0.0678884 0.0626654 0.0566907 0.050321 0.0438212 0.0373818 0.0311467 0.0252383 0.0197757 0.0148795 0.0106643 0.00721671 0.00456941
 0.00786765 0.0128548 0.0194836 0.0277298 0.03733 0.0476233 0.0575243 0.0657918 0.0714772 0.0742204 0.0742076 0.071921 0.0679127 0.062698 0.0567214 0.0503418 0.0438291 0.0373776 0.0311311 0.0252095 0.0197299 0.0148147 0.0105839 0.00713015 0.00448852
 0.00789483 0.0128971 0.0195431 0.0278066 0.0374209 0.0477209 0.057617 0.0658656 0.0715196 0.0742253 0.0741785 0.0718699 0.0678552 0.0626473 0.0566839 0.0503163 0.04381 0.0373589 0.0311079 0.0251788 0.0196895 0.0147644 0.0105259 0.00706977 0.00443278
 0.00789076 0.0128885 0.0195269 0.0277792 0.0373798 0.0476669 0.0575553 0.0658049 0.0714693 0.0741918 0.0741639 0.0718726 0.0678732 0.0626794 0.0567297 0.0503742 0.0438757 0.0374252 0.0311669 0.0252236 0.0197161 0.0147718 0.0105168 0.00704954 0.00440818
 0.00789639 0.0128929 0.0195247 0.0277625 0.0373402 0.047599 0.0574598 0.0656901 0.0713493 0.0740836 0.0740829 0.071829 0.0678703 0.0627141 0.0567943 0.0504596 0.0439728 0.0375253 0.0312615 0.025305 0.0197785 0.0148128 0.0105375 0.00705451 0.00440342
 0.00789138 0.0128835 0.0195081 0.0277348 0.0372967 0.0475354 0.0573734 0.0655816 0.0712246 0.0739539 0.073964 0.0717382 0.0678217 0.0627148 0.0568431 0.0505479 0.0440877 0.0376526 0.031388 0.0254198 0.0198736 0.014884 0.0105848 0.00708124 0.00441528
 0.00787288 0.0128543 0.0194657 0.0276776 0.0372241 0.0474481 0.0572741 0.0654747 0.0711158 0.0738498 0.0738714 0.071665 0.0677763 0.0627051 0.0568741 0.0506196 0.0441936 0.0377812 0.0315252 0.0255517 0.0199891 0.014976 0.0106511 0.00712399 0.0044395
 0.00787729 0.0128548 0.0194543 0.0276431 0.0371557 0.0473407 0.0571319 0.0653119 0.0709521 0.0737041 0.0737573 0.0715895 0.067741 0.0627092 0.0569158 0.0506962 0.0443009 0.0379116 0.0316681 0.0256942 0.020119 0.0150842 0.0107331 0.00718017 0.00447407
 0.00784792 0.0128101 0.0193923 0.0275634 0.0370579 0.0472238 0.0569947 0.0651552 0.0707824 0.0735352 0.0736087 0.0714813 0.0676881 0.0627169 0.0569804 0.0508079 0.0444475 0.0380805 0.0318463 0.0258691 0.0202785 0.0152188 0.0108374 0.00725404 0.00452146
 0.00782768 0.0127737 0.0193315 0.0274692 0.036924 0.0470506 0.0567922 0.0649423 0.0705809 0.0733632 0.0734779 0.0713974 0.0676543 0.0627357 0.0570522 0.0509289 0.0446085 0.0382685 0.0320464 0.0260661 0.020459 0.0153723 0.010958 0.00734091 0.00457847
 0.00780055 0.0127281 0.0192602 0.0273643 0.0367788 0.046862 0.0565643 0.0646883 0.0703222 0.0731265 0.0732891 0.071276 0.06761 0.0627683 0.0571537 0.0510873 0.0448099 0.0384975 0.0322868 0.0263014 0.020674 0.0155552 0.0111022 0.00744552 0.00464783
 0.00776478 0.012672 0.0191793 0.0272557 0.036641 0.0466958 0.0563733 0.0644795 0.070107 0.0729196 0.0731073 0.0711372 0.06753 0.0627575 0.0572149 0.0512149 0.0449915 0.0387166 0.0325248 0.0265397 0.0208956 0.0157466 0.011255 0.00755769 0.00472309
 0.00774615 0.0126377 0.0191207 0.0271626 0.0365054 0.0465156 0.0561563 0.0642431 0.0698733 0.0727097 0.0729367 0.0710153 0.0674626 0.0627484 0.0572663 0.0513258 0.0451559 0.0389228 0.0327564 0.0267777 0.0211214 0.0159446 0.0114152 0.00767663 0.00480371
 0.00933679 0.0148662 0.0218141 0.0299389 0.0388835 0.0480926 0.0567475 0.0639103 0.0688459 0.0712673 0.071322 0.0693993 0.0659486 0.0613906 0.0560887 0.050335 0.0443488 0.0382895 0.032281 0.0264392 0.0208949 0.0158038 0.0113349 0.00763541 0.0047851
 0.00932624 0.0151405 0.0227404 0.031972 0.0423678 0.0529942 0.0624851 0.0694485 0.0730625 0.073395 0.0712012 0.0674218 0.0627863 0.0577085 0.0523787 0.0468885 0.0413048 0.0356967 0.0301419 0.0247323 0.0195841 0.0148418 0.0106655 0.00719755 0.00451821
 0.00897932 0.0145979 0.0219853 0.0310591 0.0414751 0.0524564 0.0627518 0.0709238 0.0758615 0.0771642 0.0751631 0.0706685 0.0646567 0.0580164 0.0513831 0.04508 0.0391754 0.0336059 0.0282929 0.023209 0.0183982 0.0139666 0.0100556 0.0067987 0.00427542
 0.00879761 0.0142923 0.0215073 0.0303613 0.0405304 0.0512915 0.0614893 0.069808 0.0752358 0.0773744 0.0764025 0.0728349 0.0673235 0.0605715 0.0532741 0.046024 0.0392136 0.0330037 0.0273787 0.022251 0.017558 0.0133105 0.00958735 0.00649052 0.00408813
 0.00873241 0.0141762 0.0213131 0.030055 0.0400763 0.050663 0.0606838 0.0688649 0.0742535 0.0765193 0.0758942 0.0728903 0.0680629 0.0619286 0.0549775 0.0476847 0.0404817 0.0337008 0.0275319 0.0220272 0.0171594 0.0128962 0.00924518 0.00624731 0.00393459
 0.00870533 0.0141312 0.0212428 0.0299496 0.0399226 0.0504439 0.0603802 0.068461 0.073746 0.0759317 0.0752916 0.0723852 0.0677992 0.0620352 0.0555036 0.048552 0.0414943 0.0346203 0.0281768 0.0223368 0.0171887 0.0127601 0.00905515 0.00607587 0.00381085
 0.00869833 0.0141181 0.0212197 0.0299117 0.0398641 0.0503592 0.0602641 0.0683074 0.0735476 0.075681 0.0749876 0.0720452 0.0674701 0.0617945 0.0554393 0.0487241 0.0418948 0.0351619 0.0287237 0.0227648 0.0174358 0.0128374 0.00902114 0.0059963 0.00373208
 0.00868144 0.0140946 0.0211916 0.0298827 0.039838 0.0503373 0.0602431 0.0682797 0.0735027 0.0756083 0.0748783 0.0718956 0.0672863 0.0615989 0.0552738 0.0486417 0.0419388 0.0353398 0.0289959 0.0230582 0.0176773 0.0129862 0.00907831 0.00599135 0.0037003
 0.00868628 0.0141001 0.0211956 0.0298822 0.0398307 0.0503231 0.0602251 0.0682624 0.073489 0.0755959 0.0748593 0.0718584 0.0672211 0.0615039 0.0551599 0.0485339 0.0418704 0.0353391 0.0290705 0.0231879 0.0178226 0.0131074 0.00915358 0.00602138 0.0037003
 0.00870114 0.014125 0.0212341 0.0299372 0.0399028 0.0504087 0.0603151 0.0683438 0.0735488 0.0756254 0.0748554 0.0718224 0.0671555 0.0614114 0.0550449 0.0484064 0.041748 0.0352434 0.0290192 0.0231855 0.0178572 0.0131569 0.00919663 0.00604681 0.00370832
 0.00865915 0.0140628 0.021152 0.0298402 0.0397999 0.0503113 0.0602354 0.0682925 0.0735325 0.0756443 0.0749031 0.071888 0.0672267 0.0614771 0.0550972 0.0484418 0.0417683 0.0352565 0.0290358 0.0232143 0.0178999 0.0132069 0.00924339 0.00608193 0.00372914
 0.00866351 0.0140643 0.0211444 0.0298149 0.0397494 0.0502338 0.060138 0.068191 0.0734462 0.0755893 0.0748872 0.0719091 0.0672755 0.0615405 0.0551624 0.0484992 0.041813 0.0352889 0.0290606 0.0232378 0.0179266 0.013237 0.00927345 0.00610717 0.00374668
 0.00865053 0.0140469 0.0211246 0.0297959 0.0397335 0.0502195 0.0601194 0.0681602 0.0733982 0.0755273 0.0748227 0.071858 0.0672506 0.0615468 0.0551957 0.0485491 0.0418682 0.0353405 0.0291047 0.0232747 0.0179584 0.0132656 0.00929887 0.00612812 0.00376196
 0.00862733 0.0140087 0.0210666 0.0297145 0.0396281 0.0500954 0.0599882 0.068038 0.0733004 0.075463 0.0747931 0.0718594 0.0672787 0.0615993 0.055271 0.0486434 0.0419739 0.035448 0.029205 0.0233617 0.0180299 0.0133221 0.00934184 0.00615928 0.00378305
 0.00863666 0.0140215 0.0210811 0.0297273 0.0396341 0.0500888 0.0599644 0.067995 0.0732403 0.0753927 0.0747226 0.0717983 0.0672341 0.0615745 0.0552666 0.0486583 0.0420059 0.0354928 0.0292568 0.0234141 0.0180778 0.0133623 0.00937319 0.0061822 0.00379864
 0.00863666 0.0140215 0.0210811 0.0297273 0.0396341 0.0500888 0.0599644 0.067995 0.0732403 0.0753927 0.0747226 0.0717983 0.0672341 0.0615745 0.0552666 0.0486583 0.0420059 0.0354928 0.0292568 0.0234141 0.0180778 0.0133623 0.00937319 0.0061822 0.00379864
 0.00856266 0.0139071 0.0209203 0.0295193 0.0393842 0.0498095 0.0596756 0.0677229 0.0730132 0.0752344 0.0746479 0.0718109 0.0673276 0.061735 0.0554754 0.0488956 0.0422528 0.0357337 0.0294792 0.0236092 0.01824 0.0134896 0.00946707 0.00624677 0.00383984
 0.00842791 0.0136857 0.0205842 0.0290446 0.0387608 0.0490536 0.0588401 0.0668945 0.0722948 0.074717 0.0743889 0.0718251 0.0675917 0.0621995 0.0560781 0.049572 0.0429451 0.0363951 0.030076 0.0241204 0.0186556 0.0138094 0.00969852 0.00640333 0.00393807
 0.00879706 0.014256 0.0213837 0.0300707 0.0399715 0.0503603 0.060106 0.0679515 0.0729823 0.0749316 0.0741164 0.0711395 0.0666246 0.0610984 0.0549728 0.0485558 0.0420708 0.0356815 0.0295184 0.0237011 0.0183519 0.0135981 0.00955832 0.00631529 0.00388625
 0.00848589 0.0138096 0.020823 0.029456 0.0393887 0.0498966 0.059827 0.0678872 0.0731231 0.0752313 0.0745033 0.0715364 0.0669716 0.0613683 0.0551712 0.0487095 0.04221 0.0358267 0.0296754 0.0238633 0.0185066 0.013733 0.00966557 0.00639307 0.0039376
 0.00850034 0.0137942 0.0207313 0.0292292 0.0389821 0.0493142 0.0591445 0.0672404 0.0726596 0.075051 0.0746216 0.0718879 0.0674463 0.0618562 0.0555957 0.0490385 0.0424496 0.036003 0.0298168 0.0239885 0.018622 0.0138361 0.00975124 0.00645792 0.00398199
 0.00853808 0.0138611 0.0208392 0.0293839 0.0391724 0.0495008 0.0592608 0.067214 0.0724515 0.074688 0.0741957 0.0715175 0.0672209 0.0618008 0.0556732 0.0491815 0.0425969 0.0361211 0.0299001 0.0240474 0.0186691 0.0138787 0.00979005 0.00649072 0.00400676
 0.0086151 0.0139863 0.0210274 0.0296486 0.0395213 0.0499295 0.0597431 0.067697 0.072858 0.0749346 0.0742215 0.0713121 0.0668341 0.0613252 0.055205 0.0487848 0.0422908 0.0358919 0.0297242 0.0239079 0.0185595 0.0137976 0.00973581 0.00645857 0.00399012
 0.00874574 0.0142003 0.0213515 0.0301061 0.0401247 0.0506693 0.0605786 0.0685549 0.0736444 0.0755532 0.0745914 0.0713814 0.0665912 0.060805 0.0544861 0.0479712 0.0414829 0.0351624 0.0291092 0.0234145 0.0181791 0.0135165 0.00953884 0.00632953 0.00391206
#pred catch len freq
 0.00396342 0.00631729 0.00930609 0.0128951 0.0170678 0.0217964 0.0269753 0.0323944 0.0377792 0.0428538 0.0473838 0.0511998 0.0542154 0.0564295 0.0579084 0.0587601 0.0591138 0.0590902 0.0587319 0.0578925 0.0561519 0.0528847 0.0475522 0.0401075 0.0312296
 0.00421895 0.00665442 0.00967179 0.0131995 0.0172189 0.0217492 0.026764 0.0321207 0.0375589 0.0427558 0.0474006 0.051267 0.0542618 0.0564264 0.0578885 0.0587988 0.0592832 0.059407 0.0591282 0.0582284 0.0562724 0.052694 0.0470633 0.0394354 0.030533
 0.0044111 0.00697465 0.0101623 0.0138886 0.0180968 0.0227422 0.0277283 0.0328774 0.037967 0.0427796 0.0471229 0.0508345 0.0538041 0.0560072 0.0575149 0.0584642 0.0589983 0.0591921 0.0589782 0.0580867 0.0560439 0.0522955 0.0464777 0.038729 0.0298228
 0.00462483 0.00730915 0.0106447 0.0145436 0.0189504 0.0238197 0.029037 0.0343744 0.0395297 0.0442085 0.0481932 0.0513805 0.0537859 0.0555142 0.0567078 0.0575016 0.0579926 0.0582046 0.058029 0.0571621 0.0551072 0.0513124 0.0454501 0.0377118 0.028905
 0.0048806 0.00770694 0.0112107 0.0152929 0.019889 0.0249477 0.0303484 0.0358528 0.0411395 0.0458796 0.0498044 0.0527574 0.0547328 0.0558768 0.0564335 0.0566578 0.0567306 0.0566954 0.0564101 0.0555172 0.0534766 0.0497216 0.0439387 0.036344 0.0277548
 0.00516369 0.00815138 0.0118509 0.0161526 0.0209802 0.0262684 0.0318775 0.0375459 0.0429305 0.0476877 0.0515387 0.054314 0.0559885 0.0566915 0.0566756 0.0562461 0.0556714 0.0550872 0.0544118 0.0533006 0.0511939 0.0474996 0.041888 0.0345637 0.0263205
 0.00545592 0.00861146 0.0125167 0.0170525 0.0221331 0.0276809 0.0335365 0.0394099 0.0449261 0.0497142 0.0534792 0.0560484 0.057402 0.0576771 0.0571326 0.0560861 0.0548388 0.0535879 0.0523305 0.0507953 0.0484685 0.0447703 0.0393554 0.0323886 0.0246022
 0.00577371 0.00910955 0.013233 0.0180137 0.0233547 0.0291664 0.0352716 0.0413544 0.0470098 0.0518396 0.0555294 0.0578974 0.0589266 0.0587664 0.0576921 0.0560378 0.0541241 0.0521826 0.0502686 0.0481903 0.0455153 0.0417215 0.0364757 0.0299013 0.0226443
 0.00613385 0.00967305 0.0140413 0.0190939 0.0247197 0.0308137 0.0371768 0.0434641 0.0492395 0.0540799 0.0576566 0.0597856 0.0604579 0.0598383 0.0582203 0.0559549 0.0533795 0.0507489 0.0481615 0.045495 0.0424061 0.0384542 0.0333448 0.027172 0.0204885
 0.00654349 0.010306 0.0149339 0.020262 0.0261621 0.0325167 0.039112 0.0455807 0.051459 0.056298 0.059752 0.0616327 0.0619397 0.0608562 0.0586976 0.055834 0.0526182 0.0493232 0.0460805 0.0428274 0.0393059 0.0351638 0.0301595 0.0243718 0.0182638
 0.00694194 0.0109284 0.0158238 0.0214449 0.0276441 0.0342824 0.0411187 0.0477539 0.0536967 0.0584827 0.0617649 0.063363 0.0632904 0.0617468 0.0590653 0.0556322 0.0518139 0.0478985 0.0440445 0.04024 0.0363037 0.0319691 0.0270524 0.0216258 0.0160719
 0.00727186 0.0114512 0.0165866 0.0224849 0.028986 0.0359313 0.0430489 0.049899 0.0559495 0.0607068 0.0638137 0.0651003 0.0646066 0.0625671 0.0593467 0.0553539 0.0509668 0.0464822 0.0420765 0.0377774 0.0334691 0.0289619 0.0241272 0.0190357 0.0139989
 0.00762638 0.0119992 0.01736 0.0234994 0.0302445 0.0374288 0.0447694 0.0518056 0.0579744 0.0627478 0.0657412 0.0667737 0.0658962 0.063374 0.0596125 0.0550577 0.0501144 0.0450949 0.0401909 0.0354594 0.0308348 0.0261897 0.0214425 0.0166627 0.0121
 0.00794716 0.0125001 0.0180759 0.02445 0.0314339 0.0388435 0.0463743 0.0535418 0.0597628 0.0644987 0.0673623 0.0681732 0.0669855 0.0640722 0.0598553 0.0548055 0.0493552 0.043843 0.0384859 0.0333717 0.0284772 0.0237241 0.0190659 0.0145684 0.0104265
 0.00819811 0.0128976 0.0186552 0.0252384 0.0324478 0.040083 0.0478147 0.0551272 0.0614083 0.0661013 0.0688169 0.0693871 0.0678868 0.0646113 0.0600009 0.0545388 0.0486683 0.0427421 0.0369985 0.0315566 0.0264343 0.0215958 0.0170223 0.0127733 0.00899552
