SBPRF35
8.25463
Curr Bio
623593
B35
549732
F35
0.207728
FOFL
0.207728
OFL
116657
Bzero
2.35847e+006
#pred survey bio
 2.78721e+006 2.96153e+006 3.13275e+006 3.12253e+006 3.0108e+006 2.80397e+006 2.47403e+006 2.21778e+006 1.88033e+006 1.61462e+006 1.45144e+006 1.28429e+006 1.1591e+006 1.05955e+006 977194 894603 810782 697509 634656 577979 542423 545924 563670 560923 532388 488085 474804 465860 469837 469125 458776 472354 506856 544753 578153 574251 526195 501686 513664 533277 547237 548362 526801 529761 567305 599597 598979 570653 578867 574036 567246 582433 596276 601908 605709 574949 569105 585599 632094 1.66843e+007 1.50478e+007 1.5008e+007 1.52952e+007 1.57821e+007 1.63334e+007 1.6859e+007 1.73138e+007 1.76841e+007 1.79738e+007 1.81946e+007 1.83602e+007 1.84831e+007 1.8574e+007 1.8641e+007 1.86906e+007 1.87273e+007 1.87547e+007 1.87751e+007 1.87905e+007 1.88021e+007 1.88109e+007 1.88176e+007 1.88227e+007 1.88266e+007 1.88296e+007 1.88319e+007 1.88337e+007 1.88351e+007 1.88362e+007 1.8837e+007 1.88376e+007 1.88381e+007 1.88385e+007 1.88388e+007 1.88391e+007 1.88392e+007 1.88394e+007 1.88395e+007 1.88396e+007 1.88396e+007 1.88397e+007 1.88397e+007 1.88398e+007 1.88398e+007 1.88398e+007 1.88398e+007 1.88398e+007 1.88398e+007 1.88399e+007 1.88399e+007 1.88399e+007 1.88399e+007 1.88399e+007 1.88399e+007 1.88399e+007 1.88399e+007 1.88399e+007 1.88399e+007 1.88399e+007 1.88399e+007 1.88399e+007 1.88399e+007 1.88399e+007 1.88399e+007 1.88399e+007 1.88399e+007 1.88399e+007 1.88399e+007 1.88399e+007 1.88399e+007 1.88399e+007 1.88399e+007 1.88399e+007 1.88399e+007 1.88399e+007 1.88399e+007 1.88399e+007 1.88399e+007 1.88399e+007 1.88399e+007 1.88399e+007 1.88399e+007 1.88399e+007 1.88399e+007 1.88399e+007 1.88399e+007 1.88399e+007 1.88399e+007 1.88399e+007 1.88399e+007 1.88399e+007 1.88399e+007 1.88399e+007 1.88399e+007 1.88399e+007 1.88399e+007 1.88399e+007 1.88399e+007 1.88399e+007 0 0 0 0 0 0 0 0 0 0 0 0 0 0 0 0 0 0 0 0 0 0 0 0 0
#obs survey bio
 2.6195e+006 2.9376e+006 4.07316e+006 3.52384e+006 2.44876e+006 2.88493e+006 1.96698e+006 2.31846e+006 1.49392e+006 1.331e+006 1.44164e+006 1.57653e+006 986114 1.37974e+006 940990 913313 874181 584644 826606 522402 630957 566833 582487 693387 598002 408149 556188 364253 498146 543607 366927 492083 519462 647623 818492 696674 575294 456235 554682 526806 408551 484067 368638 421435 665321 874346 672743 445786 739166 450912 532210 660384 604405 628621 582794 496887 506085 580627 753212
#pred catch bio
 82169.2 88096.5 156982 204616 234246 288309 269462 292122 308976 288148 315361 283469 276009 247732 237699 218514 201894 167506 164867 153883 128108 116256 121801 124624 117159 101232 103438 96637 96449.2 107265 98696.9 95299.2 99868.5 94829.9 91175.1 99606.8 93867.6 90178 86155.1 92610.8 87712.2 84184.7 91241.5 88599.1 93366.9 89225.3 91066.1 89845.5 90163.9 90631.8 79622.6 86413.9 99932.1 81098.9 110903 96142.2 86742.4 97233.9 66135 116657 114826 113143 114052 116925 120417 123754 126583 128810 130475 131676 132518 133096 133487 133748 133920 134033 134106 134154 134185 134205 134217 134226 134231 134234 134236 134238 134238 134239 134239 134239 134240 134240 134240 134240 134240 134240 134240 134240 134240 134240 134240 134240 134240 134240 134240 134240 134240 134240 134240 134240 134240 134240 134240 134240 134240 134240 134240 134240 134240 134240 134240 134240 134240 134240 134240 134240 134240 134240 134240 134240 134240 134240 134240 134240 134240 134240 134240 134240 134240 134240 134240 134240 134240 134240 134240 134240 134240 134240 134240 134240 134240 134240 134240 134240 134240 134240 134240 134240 134240 0 0 0 0 0 0 0 0 0 0 0 0 0 0 0 0 0 0 0 0 0 0 0 0 0
#obs catch bio
 0 87786.8 157216 204769 234035 288612 269380 291661 309192 288230 316205 283073 277291 247540 238000 218850 201232 167405 164835 154177 128470 116358 121780 124632 116916 101189 103576 96744.4 96244.5 107270 98722.4 95536.4 100289 94932.5 90938 99510.6 93825.7 90417.1 86072 92777.5 87679.8 83930.9 91350.4 88783.6 93563.1 89064.2 90920.6 90015 90111 90696.6 79509.3 86356.9 100332 80689.6 111234 96137.2 86504.9 97916.5 65873.9
#pred cpue bio
 2.75519e+006 2.92788e+006 3.09572e+006 3.08382e+006 2.9716e+006 2.76505e+006 2.43694e+006 2.18173e+006 1.84711e+006 1.58321e+006 1.42052e+006 1.25419e+006 1.12946e+006 1.03e+006 947872 865781 783145 672624 611349 556249 521550 524812 542006 539384 511910 469225 456450 447873 451837 451328 441290 454306 487627 524311 556936 553499 506023 480555 490999 509942 523616 525026 504602 507156 543030 574118 573866 546769 554554 550153 543624 558316 571830 577187 581196 551227 545341 561195 605695 1.60289e+007 1.44863e+007 1.43663e+007 1.45798e+007 1.50489e+007 1.55972e+007 1.61224e+007 1.65771e+007 1.69474e+007 1.72371e+007 1.74579e+007 1.76234e+007 1.77464e+007 1.78372e+007 1.79043e+007 1.79538e+007 1.79906e+007 1.80179e+007 1.80384e+007 1.80537e+007 1.80653e+007 1.80741e+007 1.80808e+007 1.80859e+007 1.80899e+007 1.80929e+007 1.80952e+007 1.8097e+007 1.80984e+007 1.80994e+007 1.81003e+007 1.81009e+007 1.81014e+007 1.81018e+007 1.81021e+007 1.81023e+007 1.81025e+007 1.81026e+007 1.81028e+007 1.81028e+007 1.81029e+007 1.8103e+007 1.8103e+007 1.8103e+007 1.81031e+007 1.81031e+007 1.81031e+007 1.81031e+007 1.81031e+007 1.81031e+007 1.81031e+007 1.81031e+007 1.81031e+007 1.81031e+007 1.81031e+007 1.81031e+007 1.81032e+007 1.81032e+007 1.81032e+007 1.81032e+007 1.81032e+007 1.81032e+007 1.81032e+007 1.81032e+007 1.81032e+007 1.81032e+007 1.81032e+007 1.81032e+007 1.81032e+007 1.81032e+007 1.81032e+007 1.81032e+007 1.81032e+007 1.81032e+007 1.81032e+007 1.81032e+007 1.81032e+007 1.81032e+007 1.81032e+007 1.81032e+007 1.81032e+007 1.81032e+007 1.81032e+007 1.81032e+007 1.81032e+007 1.81032e+007 1.81032e+007 1.81032e+007 1.81032e+007 1.81032e+007 1.81032e+007 1.81032e+007 1.81032e+007 1.81032e+007 1.81032e+007 1.81032e+007 1.81032e+007 1.81032e+007 1.81032e+007 1.81032e+007 0 0 0 0 0 0 0 0 0 0 0 0 0 0 0 0 0 0 0 0 0 0 0 0 0
#obs cpue bio
 3.88716e+006 2.47283e+006 3.62043e+006 2.30527e+006 3.71318e+006 2.99814e+006 2.43609e+006 2.79888e+006 2.08048e+006 1.66383e+006 1.4426e+006 1.14552e+006 983594 968248 912028 802209 994288 657722 503461 563878 372817 513069 592624 445734 535306 469242 389473 524316 511545 399172 492728 355089 432135 481070 487840 493207 433632 416535 531702 472103 746957 724037 613707 506913 481309 486277 566099 512769 523797 691154 561606 508203 487740 680756 574904 612770 701346 382578 652776
#pred surv len freq
 0.0042417 0.00700468 0.0107612 0.0155598 0.0213127 0.0276981 0.0341489 0.0400126 0.0448059 0.0483705 0.050831 0.0524377 0.0534328 0.0539972 0.0542516 0.0542801 0.054154 0.0539333 0.0536127 0.0530135 0.0516926 0.0489979 0.0443491 0.0376366 0.0294638
 0.00461895 0.00750194 0.0112986 0.0160003 0.021511 0.0275722 0.0337286 0.0394295 0.0442258 0.0479136 0.0505304 0.0522566 0.0533188 0.053932 0.054268 0.0544394 0.0545007 0.0544504 0.0542025 0.0535191 0.0519565 0.0489311 0.043972 0.0370664 0.0288559
 0.00460816 0.00758126 0.0115873 0.0166438 0.0226129 0.0291055 0.0354861 0.0410677 0.0454021 0.0484348 0.0504179 0.0516927 0.0525285 0.0530889 0.0534704 0.0537383 0.0539282 0.0540184 0.0538806 0.0532235 0.0515749 0.0483786 0.043241 0.0362362 0.0280522
 0.00475343 0.00777909 0.0118224 0.0168996 0.0229022 0.0295005 0.036114 0.0420499 0.046756 0.0500063 0.0519083 0.0527822 0.0530187 0.0529711 0.052889 0.0528959 0.0530029 0.0531243 0.0530616 0.0524619 0.0508148 0.0475644 0.0423603 0.0353374 0.0272236
 0.0049413 0.00809174 0.0123028 0.0175832 0.0238006 0.0305851 0.0373136 0.0432771 0.04795 0.0511558 0.053023 0.0538276 0.0538745 0.0534627 0.0528757 0.0523485 0.0520144 0.0518557 0.0516677 0.0510444 0.0494169 0.0462003 0.0410524 0.0341365 0.0261983
 0.00510653 0.00836831 0.0127344 0.0182171 0.024679 0.0317293 0.0387054 0.0448471 0.0495845 0.0527238 0.0544126 0.0549694 0.0547345 0.0540088 0.0530501 0.0520776 0.0512543 0.0506341 0.050087 0.0492459 0.0475382 0.0443552 0.0393352 0.0326307 0.0249709
 0.00537353 0.0087955 0.013365 0.0190877 0.0258149 0.0331357 0.0403567 0.0466801 0.0515014 0.0546038 0.0561273 0.0563994 0.0557859 0.0546218 0.0531934 0.0517324 0.0504056 0.0492832 0.0482776 0.0470806 0.0451717 0.0419679 0.0371035 0.0307003 0.0234352
 0.00551502 0.00905025 0.0137937 0.0197612 0.0267971 0.0344576 0.0419934 0.0485476 0.0534764 0.0565545 0.0579356 0.0579665 0.0570271 0.0554627 0.0535715 0.0516014 0.0497377 0.0480732 0.0465545 0.0449248 0.042726 0.0394281 0.0346855 0.0285945 0.0217643
 0.0057438 0.00941537 0.0143323 0.0205079 0.0277835 0.0357078 0.0435136 0.0503118 0.0554169 0.0585623 0.059874 0.0596938 0.0584194 0.0564271 0.0540451 0.0515422 0.0491183 0.0468827 0.0448123 0.0427007 0.0401571 0.0367176 0.0320728 0.0263014 0.0199402
 0.00597245 0.00980871 0.0149629 0.0214532 0.0291049 0.0374206 0.0455624 0.0525714 0.0577238 0.0607582 0.0618339 0.0613282 0.0596611 0.0572189 0.0543373 0.0512955 0.048306 0.0454946 0.0428655 0.0402598 0.0373555 0.0337621 0.0292169 0.0237881 0.017938
 0.00610273 0.0100387 0.0153443 0.0220501 0.0299848 0.0386369 0.0471325 0.0544591 0.0598343 0.0629484 0.0639364 0.0631818 0.061137 0.0582315 0.054838 0.0512569 0.0477099 0.0443319 0.0411482 0.0380439 0.0347629 0.0309883 0.0265073 0.0213836 0.0160108
 0.00639279 0.0105035 0.0160316 0.0230012 0.0312284 0.0401799 0.0489481 0.0564812 0.0619627 0.0650618 0.0659056 0.0648804 0.0624508 0.0590702 0.0551433 0.0510024 0.0468927 0.0429637 0.0392577 0.035693 0.0320708 0.0281423 0.0237443 0.0189386 0.0140532
 0.00662986 0.0108928 0.0166242 0.0238454 0.032359 0.0416012 0.0506198 0.0583169 0.0638476 0.0668798 0.0675591 0.0662932 0.0635603 0.0598178 0.055473 0.0508658 0.0462566 0.0418167 0.0376168 0.0336153 0.0296677 0.0255865 0.0212525 0.0167259 0.0122763
 0.00688929 0.0113144 0.0172584 0.0247383 0.0335429 0.0430797 0.0523517 0.0602108 0.0657739 0.0686964 0.0691394 0.0675442 0.0644282 0.0602813 0.0555281 0.0505116 0.0454877 0.0406275 0.0360158 0.0316448 0.0274222 0.0232186 0.0189557 0.0146927 0.0106463
 0.00712129 0.0116816 0.0177927 0.0254639 0.0344734 0.0442134 0.0536649 0.0616534 0.0672719 0.0701617 0.0704796 0.0686734 0.0652742 0.0607926 0.0556763 0.0502868 0.0448906 0.0396636 0.0346991 0.0300121 0.0255508 0.0212353 0.0170238 0.0129768 0.0092669
 0.00725794 0.0119261 0.0182009 0.0260982 0.0353844 0.0454139 0.0551078 0.0632325 0.0688488 0.0716042 0.0716906 0.0695965 0.0658841 0.0610803 0.0556401 0.0499294 0.0442187 0.0386886 0.0334411 0.0285086 0.02387 0.0194829 0.0153347 0.0114862 0.00807343
 0.00732775 0.0120456 0.0183936 0.0263941 0.0358195 0.0460242 0.055919 0.064245 0.0700245 0.0728621 0.0729172 0.070671 0.0667072 0.0615922 0.0558212 0.0497869 0.0437719 0.0379605 0.0324587 0.0273111 0.0225193 0.0180694 0.01397 0.0102807 0.00710743
 0.00748338 0.0122868 0.0187346 0.0268409 0.03637 0.0466695 0.0566437 0.0650283 0.0708418 0.0736859 0.0737145 0.0713976 0.0673066 0.0620035 0.0559933 0.0496908 0.0434041 0.0373378 0.031612 0.0262838 0.0213711 0.0168792 0.0128303 0.00928059 0.00630995
 0.00739239 0.012173 0.018626 0.0267838 0.0364156 0.0468532 0.0569702 0.0654712 0.071359 0.0742397 0.0742817 0.0719664 0.0678624 0.0625172 0.0564178 0.0499705 0.0434894 0.0371991 0.0312463 0.025716 0.0206514 0.0160785 0.0120311 0.00856117 0.00572695
 0.00749437 0.0123146 0.0187965 0.0269633 0.0365871 0.0470186 0.0571564 0.0657197 0.0717006 0.0746706 0.0747598 0.0724291 0.0682546 0.0628078 0.0565976 0.0500371 0.043435 0.0370095 0.0309106 0.0252388 0.0200607 0.0154255 0.0113806 0.00797683 0.00525448
 0.00768559 0.012609 0.0192067 0.0274852 0.0371958 0.0476665 0.0577773 0.066242 0.0720712 0.0748756 0.0748261 0.0724046 0.0681798 0.0627002 0.056454 0.0498456 0.0431842 0.0366906 0.0305176 0.0247721 0.019534 0.0148697 0.01084 0.00749719 0.00486958
 0.00778695 0.0127483 0.0193696 0.0276435 0.0373164 0.0477252 0.0577688 0.0661806 0.0719823 0.0747862 0.0747602 0.072383 0.068219 0.0628063 0.0566162 0.0500349 0.0433601 0.0368122 0.0305538 0.0247079 0.0193731 0.0146344 0.0105667 0.00722715 0.00463721
 0.00775592 0.0127012 0.0193041 0.0275569 0.0372034 0.0475762 0.0575719 0.0659295 0.0716876 0.0744817 0.074499 0.0722215 0.068198 0.0629387 0.0568855 0.0504015 0.0437705 0.0372093 0.0308866 0.0249407 0.0194914 0.0146469 0.0105006 0.00711917 0.00452221
 0.007689 0.0126082 0.0191934 0.027446 0.0371133 0.0475228 0.0575577 0.0659415 0.0717006 0.0744685 0.0744425 0.0721249 0.0680877 0.0628556 0.0568687 0.0504725 0.0439245 0.0374173 0.031106 0.0251287 0.0196176 0.0147004 0.0104903 0.00706741 0.00445477
 0.00772711 0.0126587 0.0192489 0.0274945 0.0371445 0.0475349 0.057562 0.0659572 0.0717425 0.0745346 0.0745106 0.072162 0.0680674 0.0627736 0.0567463 0.0503473 0.0438329 0.037379 0.0311173 0.0251676 0.0196562 0.0147172 0.0104778 0.0070315 0.0044085
 0.00785278 0.012845 0.0194951 0.0277862 0.0374552 0.047831 0.0578088 0.0661257 0.0718173 0.0745186 0.0744226 0.0720262 0.0679012 0.062584 0.0565357 0.0501231 0.0436125 0.0371846 0.0309656 0.0250621 0.0195867 0.0146677 0.0104349 0.00698925 0.00436815
 0.00774639 0.0127004 0.0193293 0.0276309 0.0373462 0.0477915 0.0578377 0.0661982 0.0718987 0.0745816 0.0744583 0.0720437 0.0679183 0.0626142 0.0565818 0.0501778 0.0436658 0.037231 0.031006 0.0250998 0.0196227 0.0146986 0.010456 0.00699828 0.0043669
 0.00778608 0.0127432 0.0193552 0.027613 0.0372631 0.0476448 0.0576609 0.0660475 0.0718264 0.0746089 0.0745654 0.0721843 0.0680455 0.0627018 0.0566277 0.0501942 0.0436671 0.0372269 0.0310014 0.0250969 0.0196223 0.0146999 0.0104571 0.00699723 0.00436317
 0.00771993 0.0126483 0.0192346 0.0274742 0.0371122 0.04748 0.0574717 0.0658248 0.0715784 0.0743702 0.0743892 0.0721188 0.0681097 0.0628771 0.0568703 0.050457 0.0439159 0.0374448 0.0311838 0.025245 0.019739 0.0147883 0.0105202 0.00703883 0.00438778
 0.00764028 0.0125222 0.0190522 0.0272311 0.0368132 0.0471421 0.0571251 0.0655064 0.0713203 0.0741904 0.0742911 0.0721005 0.0681725 0.0630248 0.0570995 0.0507495 0.0442404 0.0377669 0.0314763 0.0254925 0.0199365 0.0149377 0.0106269 0.00711006 0.00443162
 0.00778631 0.0127388 0.0193388 0.0275722 0.0371805 0.0475002 0.0574367 0.065737 0.0714432 0.0741912 0.0741711 0.0718751 0.0678696 0.0626807 0.0567549 0.0504412 0.0439928 0.0375871 0.0313563 0.0254168 0.0198898 0.0149086 0.0106085 0.00709833 0.00442425
 0.00781633 0.0127898 0.0194188 0.0276879 0.0373331 0.0476805 0.0576224 0.0658965 0.0715456 0.0742179 0.0741214 0.0717638 0.0677182 0.0625102 0.0565826 0.0502824 0.0438606 0.0374908 0.0312984 0.0253923 0.0198882 0.0149187 0.0106217 0.00710979 0.00443227
 0.00777844 0.0127242 0.0193137 0.0275321 0.0371219 0.0474225 0.0573433 0.0656357 0.0713435 0.0741018 0.0740976 0.0718198 0.0678321 0.0626596 0.0567496 0.0504543 0.0440299 0.0376536 0.0314529 0.0255359 0.0200171 0.015028 0.0107077 0.00717185 0.00447303
 0.00775187 0.0126772 0.0192358 0.0274111 0.0369459 0.047185 0.0570488 0.0653035 0.0710076 0.0738055 0.0738837 0.071719 0.067854 0.0627917 0.0569633 0.0507154 0.0443078 0.0379257 0.0317048 0.0257595 0.0202077 0.0151829 0.0108266 0.00725678 0.00452885
 0.00780129 0.0127227 0.0192404 0.0273204 0.0367043 0.0467603 0.0564526 0.0645948 0.0702766 0.0731486 0.0733812 0.0714238 0.0677877 0.0629455 0.0573018 0.051185 0.0448473 0.0384786 0.0322267 0.0262211 0.0205932 0.0154875 0.0110533 0.00741456 0.0046306
 0.00844041 0.0136238 0.0203396 0.0284669 0.0376971 0.0474107 0.0566398 0.0642905 0.0695393 0.0721011 0.072183 0.0702398 0.0667576 0.062161 0.0567987 0.0509493 0.0448306 0.0386154 0.0324505 0.0264754 0.0208371 0.0156964 0.0112165 0.00753169 0.00470774
 0.00916048 0.0147766 0.0220309 0.0307545 0.0405458 0.0506406 0.0599005 0.067106 0.0714371 0.0727705 0.0715752 0.0685585 0.064361 0.0594404 0.0540868 0.0484771 0.0427238 0.0369129 0.031133 0.0254921 0.0201273 0.0152015 0.0108852 0.00732076 0.00458149
 0.00913163 0.0148423 0.022337 0.0315043 0.0419445 0.0528057 0.0627766 0.0704316 0.0747834 0.0756387 0.073518 0.0692904 0.0638263 0.0578139 0.051707 0.0457398 0.0399827 0.0344206 0.0290272 0.0238156 0.0188597 0.0142888 0.0102606 0.0069169 0.0043368
 0.00885387 0.0144246 0.0217796 0.0308511 0.0412987 0.0523378 0.0627106 0.0709919 0.0761038 0.07767 0.0759917 0.0717744 0.0658556 0.0590366 0.0519818 0.0451507 0.0387771 0.0329084 0.027488 0.0224436 0.017752 0.0134643 0.00968987 0.00654845 0.00411533
 0.00869342 0.0141431 0.0213205 0.0301572 0.0403364 0.0511335 0.0613832 0.0697578 0.0752402 0.0774401 0.0765559 0.0731187 0.0677689 0.0611579 0.0539071 0.0465602 0.0395243 0.0330355 0.0271696 0.0218986 0.017168 0.0129595 0.00931184 0.00629587 0.00396252
 0.00868295 0.0141168 0.0212618 0.0300394 0.0401231 0.0507834 0.0608625 0.0690616 0.0744173 0.0766098 0.0758989 0.0728317 0.0679923 0.0619067 0.0550445 0.0478344 0.0406584 0.0338262 0.0275465 0.0219196 0.0169645 0.0126704 0.00903766 0.00608548 0.00382397
 0.00868316 0.0141058 0.021224 0.029953 0.0399641 0.0505326 0.0605117 0.0686145 0.0738891 0.0760288 0.0753155 0.0723277 0.0676771 0.0618887 0.0553834 0.0484989 0.0415193 0.0346984 0.0282598 0.0223794 0.0171704 0.0126902 0.00896075 0.00598446 0.00373914
 0.00877341 0.0142306 0.0213708 0.0300945 0.040064 0.0505552 0.0604305 0.0684181 0.0735811 0.0756271 0.0748504 0.0718422 0.067228 0.0615455 0.0552179 0.0485615 0.0418111 0.0351565 0.0287742 0.0228348 0.0174912 0.0128602 0.0090121 0.00596867 0.00370066
 0.00879734 0.0142973 0.0215201 0.0303745 0.0405107 0.051165 0.0611406 0.0691119 0.0741223 0.0759054 0.0748145 0.0715075 0.0666629 0.0608498 0.0545026 0.0479303 0.0413411 0.0348805 0.0286722 0.0228462 0.0175428 0.0128966 0.00901162 0.0059379 0.0036583
 0.00871968 0.0141757 0.0213483 0.0301565 0.0402678 0.0509406 0.0609976 0.0691145 0.0743061 0.0762503 0.0752417 0.0719064 0.0669354 0.0609461 0.054433 0.0477523 0.0411332 0.0347128 0.028585 0.0228413 0.0175917 0.0129605 0.00906092 0.0059616 0.00366086
 0.008699 0.0141334 0.021269 0.0300215 0.0400613 0.05066 0.060663 0.0687728 0.0740237 0.0760953 0.0752593 0.0720981 0.067253 0.0613074 0.0547537 0.0479784 0.041256 0.034762 0.0286054 0.0228683 0.0176384 0.0130195 0.00911653 0.00600193 0.0036831
 0.00871519 0.0141432 0.0212532 0.0299516 0.0399068 0.0503994 0.0602957 0.0683245 0.0735446 0.0756519 0.0749227 0.0719283 0.0672816 0.0615249 0.0551088 0.0483948 0.0416595 0.0351043 0.0288721 0.0230701 0.0177941 0.0131426 0.00921215 0.00607084 0.00372724
 0.00875691 0.0142135 0.0213619 0.0301054 0.0401023 0.050616 0.0604915 0.068444 0.0735369 0.0754928 0.0746288 0.0715552 0.0669064 0.0612212 0.0549246 0.04834 0.0417084 0.0352118 0.0289946 0.0231797 0.017881 0.0132084 0.0092612 0.00610633 0.00375106
 0.00859872 0.0139979 0.0211144 0.0298757 0.0399508 0.0505909 0.0606091 0.0686806 0.0738362 0.0757829 0.0748425 0.0716492 0.0668743 0.0610945 0.0547592 0.0481943 0.041622 0.0351952 0.0290332 0.0232474 0.017954 0.0132721 0.0093103 0.00614106 0.0037738
 0.00869111 0.0140971 0.0211726 0.0298251 0.0397315 0.0501903 0.0600871 0.0681587 0.0734494 0.0756205 0.0749136 0.0718896 0.0671848 0.0613858 0.0549816 0.0483424 0.0417209 0.0352778 0.0291217 0.0233469 0.0180562 0.0133651 0.00938534 0.00619533 0.00380929
 0.00875983 0.0142187 0.0213698 0.0301149 0.0401089 0.0506107 0.060463 0.0683838 0.0734464 0.0753862 0.0745257 0.0714682 0.0668323 0.0611466 0.0548411 0.0482577 0.0416544 0.0352141 0.0290647 0.0233065 0.0180373 0.0133645 0.00939546 0.00620855 0.00382079
 0.0086072 0.0139922 0.0210707 0.0297622 0.0397387 0.05027 0.0601997 0.0682327 0.0734139 0.0754444 0.074626 0.0715687 0.0669225 0.0612474 0.0549824 0.0484523 0.0418888 0.0354591 0.0292929 0.0235025 0.0181976 0.0134913 0.00949191 0.00627791 0.00386704
 0.00853384 0.0138717 0.020888 0.0295058 0.0394063 0.0498771 0.0597852 0.0678551 0.0731363 0.075312 0.0746487 0.0717186 0.0671481 0.0614982 0.0552282 0.0486868 0.0421184 0.0356879 0.0295155 0.0237071 0.0183731 0.013632 0.00959772 0.00635252 0.00391599
 0.00860949 0.0139874 0.0210477 0.0297055 0.0396328 0.0501065 0.0599847 0.0679892 0.0731786 0.0752566 0.0745134 0.0715371 0.0669546 0.0613149 0.0550629 0.0485402 0.0419919 0.0355866 0.0294445 0.0236669 0.0183581 0.0136334 0.00960718 0.00636394 0.00392602
 0.00850331 0.0138183 0.0208008 0.0293719 0.039214 0.0496202 0.0594683 0.0674968 0.0727689 0.0749774 0.0743909 0.0715739 0.0671351 0.0616112 0.0554399 0.0489592 0.0424165 0.0359877 0.0298036 0.0239749 0.0186122 0.0138341 0.00975734 0.0064691 0.00399422
 0.00867608 0.0140975 0.0212155 0.029942 0.0399392 0.0504658 0.0603562 0.0683126 0.0733893 0.0753069 0.0743895 0.0712633 0.0665846 0.0609142 0.0546904 0.0482345 0.0417679 0.0354408 0.029364 0.0236362 0.0183624 0.0136589 0.00964143 0.00639748 0.00395321
 0.00872991 0.0141787 0.0213271 0.0300853 0.0401168 0.0506848 0.0606263 0.0686382 0.0737577 0.0756805 0.0747097 0.0714669 0.0666265 0.0607838 0.0544141 0.0478643 0.0413637 0.0350541 0.0290289 0.0233681 0.0181623 0.0135189 0.0095498 0.00634166 0.0039218
 0.00869506 0.0141213 0.0212398 0.0299619 0.0399552 0.0504911 0.0604197 0.0684517 0.0736336 0.0756587 0.0748123 0.071686 0.0669216 0.0610932 0.0546761 0.0480386 0.0414417 0.0350543 0.0289832 0.0233073 0.0181072 0.0134788 0.0095254 0.00632931 0.00391689
 0.00841613 0.0137351 0.0207823 0.0295066 0.0395901 0.0502833 0.060388 0.0685654 0.0738346 0.0758926 0.0750489 0.0719208 0.0671627 0.0613439 0.0549248 0.0482608 0.0416115 0.0351577 0.0290238 0.0233028 0.01808 0.0134473 0.00949989 0.00631278 0.00390804
#obs surv len freq
 nan nan nan nan nan nan nan nan nan nan nan nan nan nan nan nan nan nan nan nan nan nan nan nan nan
 0.00448525 0.00734661 0.0111763 0.0159917 0.021691 0.0279647 0.0342771 0.0400072 0.0446864 0.0481508 0.05051 0.0520074 0.0529013 0.0534152 0.0537307 0.0539866 0.0542659 0.0545591 0.0546981 0.0542901 0.0527282 0.0493601 0.0438095 0.0362889 0.0276719
 0.00461799 0.00756488 0.0115089 0.016466 0.0223255 0.0287591 0.0352019 0.0410011 0.0456656 0.0490259 0.0512032 0.0524641 0.0530948 0.0533461 0.0534225 0.0534771 0.0535991 0.0537779 0.0538418 0.0533956 0.0518345 0.0485108 0.0430497 0.0356569 0.0271889
 0.00478011 0.00783032 0.011912 0.0170402 0.0230971 0.029737 0.0363658 0.0422965 0.0470074 0.0503117 0.0523287 0.0533363 0.0536429 0.0535295 0.0532334 0.0529391 0.0527588 0.0526959 0.0525851 0.0520351 0.0504456 0.0471743 0.0418458 0.034652 0.0264194
 0.00496273 0.00812993 0.0123681 0.0176914 0.0239742 0.0308512 0.0376971 0.0437883 0.0485736 0.0518506 0.0537363 0.0545146 0.0545045 0.0540036 0.0532734 0.0525289 0.0519159 0.0514699 0.0510521 0.0502933 0.0486107 0.0453736 0.0402045 0.0332725 0.0253592
 0.0051712 0.00847014 0.0128826 0.0184212 0.0249513 0.0320869 0.0391695 0.0454371 0.050308 0.0535647 0.0553246 0.0558801 0.0555611 0.0546766 0.0535012 0.0522683 0.0511499 0.0502161 0.0493694 0.0482842 0.0464183 0.0431687 0.0381623 0.0315385 0.0240181
 0.0054091 0.00885729 0.0134661 0.019245 0.0260483 0.0334659 0.0408017 0.0472519 0.0522024 0.0554234 0.0570373 0.057351 0.05671 0.0554357 0.0538124 0.0520829 0.0504336 0.0489599 0.0476054 0.0461001 0.0439631 0.040642 0.0357813 0.0294921 0.0224225
 0.00564603 0.00924853 0.014066 0.0201078 0.0272167 0.0349542 0.0425781 0.0492334 0.0542683 0.0574396 0.0588792 0.0589159 0.0579184 0.0562273 0.0541398 0.0519061 0.0497192 0.0476894 0.0457924 0.0438136 0.0413441 0.037899 0.0331581 0.0272109 0.0206279
 0.0058836 0.00963814 0.014659 0.0209551 0.02836 0.0364115 0.044328 0.0512069 0.0563562 0.0595109 0.0608018 0.0605712 0.0592105 0.0570852 0.0545144 0.0517626 0.0490319 0.0464426 0.043995 0.0415228 0.0386886 0.0350835 0.030434 0.0248175 0.0187291
 0.00613243 0.0100442 0.0152732 0.0218258 0.0295244 0.0378813 0.0460748 0.0531571 0.0584011 0.0615273 0.0626698 0.0621847 0.06048 0.0579387 0.0548968 0.0516342 0.0483653 0.0452239 0.042233 0.0392702 0.0360652 0.0322845 0.0277065 0.0224041 0.0168015
 0.00637371 0.0104425 0.0158834 0.0227024 0.0307098 0.0393881 0.0478682 0.0551503 0.0604693 0.0635335 0.0644892 0.0637166 0.0616494 0.0586913 0.0551933 0.0514448 0.0476672 0.0440038 0.0404987 0.0370697 0.0335096 0.0295574 0.0250431 0.0200393 0.0149055
 0.00661506 0.0108361 0.0164784 0.0235458 0.0318381 0.0408137 0.0495642 0.0570436 0.0624485 0.0654683 0.0662512 0.0651957 0.0627617 0.0593814 0.0554293 0.0512104 0.0469538 0.0428086 0.0388335 0.03498 0.0310966 0.0269884 0.0225346 0.0178092 0.0131136
 0.00684616 0.0112172 0.0170616 0.024382 0.0329661 0.0422426 0.0512573 0.0589144 0.0643747 0.0673173 0.0679027 0.0665525 0.0637523 0.0599579 0.055565 0.0508949 0.0461879 0.0416015 0.0372069 0.0329825 0.0288231 0.0245898 0.0202049 0.0157436 0.0114553
 0.00705225 0.0115532 0.0175692 0.0251014 0.0339288 0.0434601 0.0527081 0.0605372 0.0660746 0.0689809 0.0694163 0.0678163 0.0646889 0.0605151 0.0557141 0.0506257 0.0455031 0.0405137 0.0357424 0.0311916 0.0267948 0.0224596 0.0181425 0.0139186 0.00999154
 0.00726423 0.0119022 0.0181023 0.0258633 0.0349517 0.0447473 0.0542195 0.0621866 0.0677451 0.0705504 0.0707792 0.068893 0.0654258 0.0608809 0.0556957 0.0502244 0.0447308 0.0393911 0.0343016 0.0294848 0.0249055 0.0205085 0.0162768 0.0122823 0.00868718
 0.00746354 0.0122272 0.018593 0.0265576 0.0358775 0.0459107 0.0555915 0.0636977 0.0692929 0.0720182 0.072056 0.0698898 0.0660829 0.0611694 0.0556119 0.0497822 0.0439538 0.038309 0.032952 0.0279209 0.0232049 0.0187773 0.0146402 0.0108595 0.0075606
 0.00753283 0.0123498 0.0187966 0.0268752 0.0363419 0.0465448 0.0563974 0.0646523 0.0703494 0.0731128 0.0731156 0.0708376 0.066846 0.0616859 0.0558387 0.049698 0.0435581 0.0376191 0.0320006 0.0267581 0.0219023 0.0174291 0.0133539 0.00973565 0.0066684
 0.00760592 0.0124578 0.0189401 0.0270507 0.0365473 0.0467858 0.0566912 0.0650231 0.070818 0.0736846 0.0737722 0.0715368 0.0675273 0.0622805 0.0562794 0.0499287 0.0435412 0.0373397 0.0314687 0.0260089 0.0209967 0.0164496 0.0123948 0.00888456 0.0059863
 0.00766036 0.0125411 0.0190551 0.0271957 0.0367151 0.0469649 0.0568682 0.0651885 0.0709735 0.0738475 0.0739717 0.0718002 0.0678638 0.0626701 0.0566737 0.0502622 0.0437473 0.0373658 0.0312876 0.0256252 0.0204474 0.0157993 0.0117234 0.00826922 0.00548308
 0.00772104 0.0126328 0.0191802 0.0273514 0.0368939 0.0471555 0.0570564 0.0653587 0.0711115 0.0739463 0.0740363 0.0718494 0.0679247 0.062767 0.0568144 0.0504291 0.043899 0.0374487 0.0312534 0.0254474 0.0201314 0.0153821 0.0112638 0.00783056 0.00511481
 0.00774971 0.0126753 0.0192365 0.0274184 0.0369666 0.0472277 0.0571226 0.0654142 0.071154 0.0739762 0.0740571 0.0718682 0.067952 0.062815 0.0568934 0.0505405 0.0440291 0.0375674 0.0313209 0.0254282 0.0200091 0.0151679 0.0109931 0.00755022 0.00486688
 0.00781002 0.0127664 0.0193602 0.0275714 0.0371401 0.0474087 0.057295 0.0655607 0.0712588 0.0740296 0.074058 0.0718243 0.0678779 0.0627286 0.0568125 0.0504791 0.0439926 0.0375489 0.0313012 0.0253818 0.0199156 0.0150223 0.0108095 0.00735605 0.00469103
 0.00783828 0.0128122 0.0194287 0.0276664 0.0372624 0.047554 0.057452 0.0657122 0.0713858 0.0741161 0.0740961 0.0718147 0.0678284 0.062652 0.0567235 0.0503919 0.0439177 0.03749 0.0312528 0.025331 0.0198476 0.0149286 0.0106929 0.00723041 0.00457416
 0.00787403 0.0128631 0.0194922 0.0277361 0.0373307 0.0476156 0.0575064 0.0657625 0.0714354 0.074165 0.0741392 0.0718442 0.0678374 0.0626375 0.0566882 0.0503429 0.0438639 0.0374386 0.0312063 0.0252863 0.0197976 0.0148672 0.0106195 0.00715106 0.00449898
 0.00789268 0.0128937 0.0195381 0.0277995 0.0374108 0.0477069 0.0575977 0.0658399 0.0714874 0.0741874 0.0741368 0.0718265 0.0678128 0.0626098 0.0566567 0.050306 0.0438216 0.0373931 0.0311604 0.025241 0.0197515 0.014818 0.0105665 0.00709683 0.00444862
 0.00788386 0.0128781 0.0195128 0.0277617 0.0373597 0.0476454 0.0575335 0.0657837 0.0714493 0.0741729 0.0741455 0.0718544 0.0678551 0.0626626 0.0567161 0.0503671 0.043879 0.0374419 0.0311976 0.0252652 0.0197625 0.0148163 0.0105538 0.00707653 0.00442548
 0.00788963 0.012882 0.0195086 0.0277405 0.0373121 0.0475659 0.0574241 0.0656555 0.0713197 0.0740619 0.07407 0.0718242 0.0678715 0.0627189 0.0568012 0.0504687 0.0439853 0.0375432 0.0312865 0.0253368 0.0198147 0.0148491 0.0105697 0.00707955 0.0044206
 0.0078874 0.0128765 0.0194964 0.0277167 0.0372708 0.0475013 0.0573325 0.0655372 0.0711814 0.0739171 0.0739377 0.0717248 0.0678213 0.0627256 0.0568619 0.0505717 0.0441143 0.0376811 0.0314185 0.0254522 0.0199072 0.0149166 0.0106137 0.00710438 0.00443178
 0.00787153 0.0128511 0.019459 0.0276651 0.0372036 0.0474182 0.0572348 0.0654284 0.0710665 0.0738026 0.0738317 0.0716372 0.0677634 0.062708 0.0568912 0.0506476 0.0442287 0.0378198 0.0315647 0.0255903 0.0200257 0.0150093 0.0106795 0.00714645 0.0044556
 0.00786945 0.0128428 0.0194376 0.0276216 0.0371296 0.04731 0.0570968 0.065273 0.0709108 0.0736629 0.07372 0.0715601 0.0677235 0.0627062 0.056928 0.0507223 0.0443378 0.0379553 0.0317143 0.0257396 0.0201609 0.0151208 0.0107632 0.00720329 0.0044904
 0.00783957 0.0127978 0.0193763 0.0275445 0.0370378 0.0472039 0.0569761 0.0651384 0.0707669 0.0735202 0.0735935 0.0714657 0.0676732 0.0627053 0.0569753 0.0508118 0.0444614 0.0381034 0.0318758 0.0259018 0.0203112 0.0152486 0.0108626 0.00727357 0.00453537
 0.00783904 0.0127886 0.0193476 0.0274821 0.0369291 0.0470448 0.056776 0.0649192 0.0705557 0.0733401 0.0734586 0.0713814 0.0676403 0.0627228 0.0570407 0.0509205 0.0446056 0.0382726 0.0320576 0.0260831 0.0204792 0.015393 0.0109767 0.00735611 0.00458961
 0.00780002 0.012731 0.0192712 0.027389 0.0368216 0.0469224 0.0566349 0.0647559 0.0703728 0.0731506 0.0732848 0.0712483 0.0675671 0.0627176 0.0571011 0.0510368 0.0447647 0.0384603 0.0322592 0.026284 0.0206657 0.0155538 0.011105 0.00744997 0.00465224
 0.00775822 0.01266 0.0191592 0.0272252 0.0366001 0.0466484 0.0563282 0.0644481 0.0700982 0.0729353 0.0731412 0.0711779 0.0675671 0.062785 0.0572318 0.0512237 0.0449958 0.0387195 0.0325285 0.0265455 0.0209038 0.0157565 0.0112653 0.00756697 0.00473043
 0.00774969 0.0126434 0.019129 0.0271734 0.0365176 0.0465268 0.0561631 0.0642426 0.0698653 0.0726973 0.0729256 0.0710104 0.0674649 0.0627549 0.0572718 0.0513264 0.0451507 0.0389134 0.0327458 0.0267687 0.0211156 0.0159424 0.0114158 0.00767896 0.00480649
 0.00934053 0.0148715 0.0218207 0.029946 0.0388904 0.0480984 0.0567519 0.0639128 0.0688459 0.071264 0.0713153 0.0693903 0.0659398 0.0613848 0.0560868 0.050336 0.0443502 0.0382893 0.0322786 0.0264357 0.0208916 0.0158019 0.0113347 0.00763646 0.00478673
 0.00929441 0.0150937 0.0226793 0.0319004 0.0422919 0.0529209 0.0624203 0.0693972 0.0730283 0.0733801 0.0712059 0.0674445 0.062824 0.0577572 0.0524345 0.0469476 0.0413635 0.0357516 0.0301902 0.0247724 0.0196159 0.0148659 0.0106833 0.00721014 0.00452669
 0.00898112 0.0145944 0.0219684 0.0310184 0.0414017 0.0523484 0.0626184 0.0707841 0.0757385 0.0770766 0.0751202 0.0706696 0.0646944 0.0580809 0.0514644 0.0451699 0.0392669 0.0336936 0.0283724 0.0232774 0.018454 0.0140097 0.010087 0.00682026 0.00428929
 0.00880197 0.0143009 0.0215225 0.0303848 0.040561 0.0513231 0.0615102 0.0698043 0.0751979 0.0773033 0.076311 0.0727428 0.0672495 0.0605268 0.0532609 0.0460374 0.0392456 0.0330459 0.0274241 0.0222943 0.0175958 0.0133411 0.00961027 0.00650649 0.00409845
 0.00874105 0.0141909 0.0213364 0.0300898 0.0401249 0.0507257 0.0607575 0.0689416 0.0743203 0.0765613 0.0758991 0.0728537 0.0679909 0.0618366 0.0548841 0.0476054 0.0404246 0.0336667 0.0275165 0.0220243 0.0171634 0.0129028 0.00925171 0.00625258 0.0039383
 0.00869437 0.014117 0.0212281 0.0299394 0.0399228 0.0504597 0.0604139 0.0685113 0.0738081 0.0759975 0.0753507 0.0724266 0.0678138 0.0620196 0.0554618 0.0484946 0.0414344 0.034569 0.0281399 0.0223147 0.0171785 0.0127573 0.00905615 0.00607807 0.00381293
 0.00868429 0.014096 0.0211881 0.0298702 0.0398148 0.050307 0.0602171 0.0682757 0.0735402 0.0757024 0.0750355 0.0721107 0.0675403 0.0618562 0.0554828 0.0487454 0.0418966 0.0351512 0.0287091 0.0227529 0.0174294 0.0128362 0.0090232 0.00599957 0.00373513
 0.00867965 0.0140902 0.0211822 0.0298653 0.0398097 0.050297 0.0601928 0.0682249 0.073452 0.0755713 0.0748632 0.0719064 0.0673215 0.0616513 0.0553325 0.0486957 0.0419803 0.0353661 0.0290092 0.0230633 0.0176791 0.0129879 0.00908085 0.00599442 0.00370316
 0.00867839 0.0140883 0.0211798 0.0298626 0.0398077 0.0502965 0.0601942 0.0682267 0.0734493 0.0755555 0.0748239 0.0718352 0.0672164 0.0615206 0.0551961 0.0485829 0.0419232 0.0353873 0.0291088 0.0232151 0.0178404 0.0131189 0.00916129 0.00602684 0.00370419
 0.00867543 0.0140838 0.0211734 0.0298544 0.039798 0.050286 0.0601839 0.0682179 0.073443 0.0755514 0.0748193 0.0718247 0.067193 0.061479 0.0551366 0.0485148 0.041864 0.0353574 0.0291223 0.0232716 0.0179241 0.0132056 0.00923009 0.00606862 0.00372179
 0.00867067 0.014077 0.021165 0.0298454 0.0397895 0.0502791 0.0601791 0.0682152 0.073442 0.0755516 0.0748201 0.0718248 0.06719 0.0614695 0.0551175 0.0484858 0.0418299 0.035328 0.0291093 0.0232824 0.0179573 0.0132513 0.00927499 0.00610276 0.00374191
 0.0086473 0.0140418 0.0211173 0.0297867 0.0397235 0.0502108 0.060115 0.068162 0.0734056 0.0755359 0.0748257 0.071849 0.0672278 0.0615144 0.0551629 0.0485262 0.0418625 0.0353539 0.0291329 0.0233094 0.0179906 0.0132893 0.00931244 0.00613379 0.00376331
 0.00862404 0.0140025 0.0210559 0.0296973 0.0396031 0.0500626 0.05995 0.0679993 0.0732676 0.0754415 0.0747857 0.0718645 0.0672915 0.0616139 0.0552835 0.0486538 0.0419855 0.035465 0.0292292 0.0233914 0.0180607 0.0133489 0.00936153 0.00617151 0.00378948
 0.00861694 0.013989 0.0210317 0.0296571 0.0395412 0.0499748 0.0598362 0.0678649 0.0731238 0.0753048 0.0746746 0.071795 0.0672733 0.0616478 0.0553619 0.0487631 0.0421102 0.0355908 0.0293458 0.0234932 0.0181456 0.0134173 0.00941451 0.0062104 0.00381598
 0.00862543 0.014003 0.0210529 0.0296863 0.0395773 0.0500133 0.0598686 0.0678796 0.0731101 0.0752567 0.0745945 0.0716942 0.0671694 0.0615591 0.0553025 0.0487393 0.04212 0.0356259 0.0293954 0.0235472 0.0181967 0.0134614 0.00944991 0.00623693 0.0038344
 0.00862543 0.014003 0.0210529 0.0296863 0.0395773 0.0500133 0.0598686 0.0678796 0.0731101 0.0752567 0.0745945 0.0716942 0.0671694 0.0615591 0.0553025 0.0487393 0.04212 0.0356259 0.0293954 0.0235472 0.0181967 0.0134614 0.00944991 0.00623693 0.0038344
 0.00856866 0.0139162 0.0209327 0.0295344 0.0394004 0.0498235 0.0596827 0.0677169 0.0729881 0.0751858 0.0745756 0.0717202 0.0672296 0.0616445 0.0554076 0.0488614 0.042256 0.0357707 0.029541 0.0236842 0.018317 0.0135597 0.00952465 0.00628973 0.00386889
 0.0085124 0.013823 0.0207899 0.0293305 0.0391301 0.0494934 0.059316 0.0673525 0.0726722 0.0749596 0.074464 0.071728 0.0673436 0.0618399 0.0556559 0.0491367 0.0425381 0.036045 0.0297965 0.0239123 0.0185109 0.0137152 0.0096415 0.00637128 0.00392145
 0.00858741 0.0139354 0.0209406 0.029512 0.0393258 0.0496789 0.0594614 0.0674279 0.0726562 0.0748483 0.0742747 0.0714942 0.0671045 0.0616286 0.0554927 0.0490277 0.0424797 0.0360279 0.0298099 0.0239454 0.0185539 0.0137597 0.00968114 0.00640256 0.0039435
 0.00850384 0.0138171 0.0207951 0.0293571 0.0391844 0.0495701 0.0593937 0.0673974 0.0726498 0.07485 0.0742721 0.0714828 0.067089 0.0616207 0.0555059 0.049072 0.0425571 0.0361329 0.0299318 0.0240716 0.0186728 0.0138627 0.00976336 0.00646284 0.0039839
 0.00868693 0.0140929 0.0211692 0.0298204 0.0397149 0.0501379 0.0599625 0.0679243 0.0730859 0.0751457 0.0743864 0.0713947 0.0668052 0.0611766 0.0549585 0.0484863 0.0419924 0.0356324 0.0295191 0.0237525 0.0184405 0.0137035 0.00966077 0.00640103 0.00394929
 0.00861555 0.0140027 0.0210809 0.0297677 0.0397343 0.0502524 0.06017 0.0681978 0.0733857 0.0754338 0.0746345 0.0715824 0.0669156 0.0611964 0.0548835 0.0483274 0.0417763 0.0353944 0.0292927 0.0235616 0.0182957 0.0136038 0.00959837 0.00636551 0.00393098
 0.00851474 0.0138344 0.0208218 0.0294 0.0392578 0.0496982 0.0596077 0.0677244 0.0730951 0.0753821 0.0748206 0.0719551 0.067397 0.0617077 0.0553605 0.0487277 0.0420805 0.0356043 0.0294257 0.0236419 0.0183454 0.0136383 0.00962513 0.00638682 0.00394703
 0.00862342 0.0139928 0.0210251 0.0296289 0.0394795 0.0498728 0.0596965 0.0677017 0.0729603 0.0751665 0.0745807 0.0717517 0.0672712 0.0616669 0.0553821 0.0487744 0.0421173 0.0356102 0.0293964 0.0235865 0.0182797 0.0135767 0.00957677 0.00635412 0.00392777
#pred catch len freq
 0.0031377 0.00511477 0.00775724 0.0111217 0.015253 0.0201317 0.0256151 0.0314333 0.0372481 0.0427236 0.0475747 0.0516016 0.0547147 0.0569355 0.0583676 0.0591619 0.0594904 0.0595126 0.0592989 0.058705 0.0572734 0.0543007 0.0491537 0.0417156 0.0326576
 0.00342793 0.00550185 0.00818563 0.0114937 0.015464 0.0201208 0.0253996 0.0311003 0.0369059 0.0424453 0.0473724 0.0514432 0.0545687 0.0568091 0.0583165 0.0592643 0.0597994 0.0600104 0.0598775 0.0591911 0.0574937 0.0541586 0.0486745 0.041032 0.0319436
 0.00345414 0.00560614 0.00844921 0.0120108 0.0162943 0.0212299 0.0266273 0.0321975 0.0376354 0.0426887 0.0471698 0.0509457 0.0539458 0.0561824 0.0577516 0.0587995 0.0594675 0.0598272 0.0598115 0.0591488 0.0573466 0.0538049 0.0480958 0.0403062 0.0312034
 0.0035974 0.00580997 0.00870979 0.012326 0.0166888 0.0217763 0.0274367 0.0333605 0.0391349 0.044345 0.0486769 0.051994 0.0543572 0.0559695 0.0570743 0.0578693 0.0584662 0.0588698 0.0589402 0.0583412 0.0565392 0.0529348 0.0471476 0.0393325 0.0303018
 0.00377182 0.00609244 0.00913043 0.0129061 0.0174316 0.0226598 0.0284178 0.0343974 0.0402152 0.0454892 0.049896 0.0532241 0.0554309 0.0566652 0.0572202 0.0574273 0.0575385 0.0576345 0.0575681 0.0569422 0.055157 0.051579 0.0458363 0.038116 0.0292528
 0.00395496 0.00638889 0.00957551 0.0135351 0.0182763 0.0237401 0.0297273 0.0358895 0.0418022 0.0470593 0.051344 0.054475 0.0564348 0.0573675 0.0575374 0.0572625 0.0568332 0.0564152 0.0559472 0.0550759 0.0531963 0.0496466 0.0440323 0.0365286 0.0279543
 0.0041943 0.00676708 0.0101258 0.014285 0.0192478 0.0249479 0.0311717 0.0375466 0.0436142 0.0489318 0.0531519 0.0560803 0.0577122 0.0582238 0.0579125 0.0571156 0.0561341 0.0551575 0.0541752 0.0529009 0.0507864 0.0471967 0.0417308 0.0345305 0.0263594
 0.00436624 0.00705711 0.0105822 0.0149606 0.020191 0.0261873 0.0327007 0.0393168 0.0455425 0.0509146 0.0550768 0.0578316 0.0591745 0.0592884 0.0584872 0.0571325 0.0555523 0.0539658 0.0524034 0.0506376 0.0481894 0.044482 0.0391361 0.032265 0.0245585
 0.00462937 0.00746951 0.0111766 0.0157636 0.0212264 0.0274774 0.0342592 0.0411333 0.0475661 0.0530463 0.0571782 0.0597482 0.0607623 0.0604321 0.0591031 0.0571615 0.0549548 0.0527243 0.0505369 0.0482233 0.0453807 0.0415059 0.0362597 0.0297363 0.0225449
 0.00486508 0.00786076 0.0117802 0.0166376 0.0224182 0.0290066 0.0361008 0.0432142 0.0497783 0.0552689 0.0592919 0.0616383 0.0623177 0.0615485 0.059691 0.0571533 0.0543062 0.0514165 0.0485858 0.0456999 0.0424329 0.038363 0.0332028 0.0270348 0.0203867
 0.00507225 0.00820016 0.012298 0.0173841 0.023445 0.030357 0.0377938 0.0452249 0.0520265 0.0576198 0.0615757 0.0636811 0.0639722 0.0627095 0.0602926 0.057154 0.0536778 0.050144 0.0466808 0.0432248 0.0395259 0.0352458 0.0301534 0.0243263 0.0182145
 0.0053516 0.00864152 0.0129401 0.0182586 0.0245768 0.0317624 0.0394728 0.0471519 0.0541418 0.0598273 0.0637457 0.0656617 0.0656086 0.0638681 0.0608783 0.0571149 0.0529955 0.0488232 0.0447497 0.040752 0.0366451 0.0321678 0.0271449 0.0216524 0.0160674
 0.00561701 0.00906578 0.0135655 0.0191209 0.0257004 0.0331524 0.0411058 0.0489716 0.0560654 0.0617588 0.065587 0.0673166 0.0669827 0.0648685 0.061419 0.057125 0.0524281 0.0476605 0.0430092 0.0384983 0.0340054 0.0293388 0.0243733 0.0191834 0.0140804
 0.00586025 0.00945531 0.0141418 0.0199203 0.0267519 0.03447 0.0426771 0.0507473 0.0579576 0.0636504 0.0673499 0.0688325 0.0681592 0.0656442 0.061756 0.0569971 0.0518128 0.0465425 0.0413946 0.0364345 0.0316004 0.0267674 0.021857 0.0169429 0.0122772
 0.00611075 0.00984599 0.0147 0.0206635 0.0276887 0.0356013 0.0439918 0.0522158 0.0595263 0.0652413 0.0688664 0.0701701 0.0692197 0.0663501 0.0620577 0.0568707 0.0512508 0.0455468 0.0399794 0.0346416 0.0295192 0.0245441 0.0196804 0.0150031 0.0107143
