SBPRF35
12.7214
Curr Bio
801955
B35
884161
F35
0.170069
FOFL
0.16171
OFL
112311
Bzero
3.63469e+006
#pred survey bio
 3.84973e+006 3.69677e+006 3.56626e+006 3.39161e+006 3.16071e+006 2.89074e+006 2.60411e+006 2.34328e+006 2.10542e+006 1.87257e+006 1.61835e+006 1.42748e+006 1.26533e+006 1.12831e+006 994179 883345 789049 725898 689895 656204 629009 613263 595184 586810 569437 552974 547239 546149 541582 542463 548322 557100 563232 575471 582867 588825 602694 611353 621997 639006 664141 668342 671968 671725 686911 702759 705529 696637 699207 715409 710742 721277 770073 809054 2.97513e+007 1.79864e+007 1.83851e+007 1.92685e+007 2.04624e+007 2.17667e+007 2.30305e+007 2.41642e+007 2.5129e+007 2.59207e+007 2.65537e+007 2.7051e+007 2.74368e+007 2.77338e+007 2.79614e+007 2.81356e+007 2.82688e+007 2.83709e+007 2.84494e+007 2.851e+007 2.85568e+007 2.85933e+007 2.86218e+007 2.86442e+007 2.86618e+007 2.86758e+007 2.86869e+007 2.86957e+007 2.87027e+007 2.87083e+007 2.87129e+007 2.87165e+007 2.87195e+007 2.87219e+007 2.87238e+007 2.87254e+007 2.87267e+007 2.87277e+007 2.87286e+007 2.87293e+007 2.87298e+007 2.87303e+007 2.87307e+007 2.8731e+007 2.87312e+007 2.87314e+007 2.87316e+007 2.87318e+007 2.87319e+007 2.8732e+007 2.8732e+007 2.87321e+007 2.87321e+007 2.87322e+007 2.87322e+007 2.87322e+007 2.87323e+007 2.87323e+007 2.87323e+007 2.87323e+007 2.87323e+007 2.87323e+007 2.87323e+007 2.87323e+007 2.87323e+007 2.87324e+007 2.87324e+007 2.87324e+007 2.87324e+007 2.87324e+007 2.87324e+007 2.87324e+007 2.87324e+007 2.87324e+007 2.87324e+007 2.87324e+007 2.87324e+007 2.87324e+007 2.87324e+007 2.87324e+007 2.87324e+007 2.87324e+007 2.87324e+007 2.87324e+007 2.87324e+007 2.87324e+007 2.87324e+007 2.87324e+007 2.87324e+007 2.87324e+007 2.87324e+007 2.87324e+007 2.87324e+007 2.87324e+007 2.87324e+007 2.87324e+007 2.87324e+007 2.87324e+007 2.87324e+007 2.87324e+007 0 0 0 0 0 0 0 0 0 0 0 0 0 0 0 0 0 0 0 0 0 0 0 0 0
#obs survey bio
 4.67602e+006 3.10275e+006 4.59364e+006 3.1311e+006 3.42522e+006 2.62843e+006 2.66779e+006 2.07925e+006 1.60158e+006 1.97112e+006 1.0734e+006 2.21454e+006 1.22953e+006 888767 799706 811550 648871 521021 870040 784210 712320 543728 564396 865023 562344 724775 527203 483568 452248 453666 506350 521497 634338 474903 662100 598602 515314 494535 307012 623897 690969 853028 639169 669019 744245 920352 669230 1.23753e+006 824914 926264 494920 656168 718223 789153
#pred catch bio
 100622 91725 145721 212378 265486 299604 295450 293159 304776 336092 287785 268209 249699 248517 227351 210465 180321 154223 149006 139714 126820 125893 114849 119456 115360 104156 99579.8 102244 97592.3 93846.6 92082.5 94849 90279.8 95125.1 96767.9 91228.6 97610.7 98170.5 95572 91409.1 110096 110076 113102 100629 101342 112874 121681 110511 99126.4 117459 105164 75475.5 86884.9 86600.2 112311 118316 119756 124487 131695 139703 147411 154223 159900 164437 167952 170609 172583 174028 175073 175823 176357 176735 177002 177189 177320 177411 177475 177519 177550 177571 177586 177596 177603 177608 177612 177614 177616 177617 177618 177618 177618 177619 177619 177619 177619 177619 177619 177619 177619 177619 177619 177619 177619 177619 177619 177619 177619 177619 177619 177619 177619 177619 177619 177619 177619 177619 177619 177619 177619 177619 177619 177619 177619 177619 177619 177619 177619 177619 177619 177619 177619 177619 177619 177619 177619 177619 177619 177619 177619 177619 177619 177619 177619 177619 177619 177619 177619 177619 177619 177619 177619 177619 177619 177619 0 0 0 0 0 0 0 0 0 0 0 0 0 0 0 0 0 0 0 0 0 0 0 0 0
#obs catch bio
 0 91334.1 145536 212128 264531 297964 293874 292510 305428 337535 289571 268843 250156 249658 228589 212439 181999 156175 149456 140102 126649 126009 114793 118682 114803 103101 98998.2 101993 97402.6 93959.1 91966.2 94901.9 89941.6 94991.1 96625 90784.1 97583.4 98316.7 96341.7 91984.6 110682 109829 113107 100799 101487 112622 122302 110311 98475.6 116927 105272 75324.4 87168.8 86560.1
#pred cpue bio
 3.81048e+006 3.659e+006 3.52841e+006 3.35374e+006 3.12342e+006 2.85407e+006 2.56802e+006 2.30752e+006 2.07001e+006 1.83796e+006 1.58521e+006 1.39545e+006 1.23439e+006 1.09828e+006 965236 855495 762552 700552 665545 632904 606566 591424 573987 566165 549497 533587 528035 526923 522392 523208 529001 537670 543763 555826 563082 568932 582367 590545 600619 617063 641892 646309 649963 649628 664499 680186 682978 674423 677193 693129 688342 698480 746607 785369 2.89133e+007 1.74847e+007 1.77594e+007 1.85416e+007 1.97106e+007 2.10107e+007 2.22739e+007 2.34074e+007 2.43723e+007 2.51639e+007 2.5797e+007 2.62942e+007 2.668e+007 2.69771e+007 2.72047e+007 2.73788e+007 2.75121e+007 2.76142e+007 2.76927e+007 2.77532e+007 2.78001e+007 2.78366e+007 2.78651e+007 2.78874e+007 2.79051e+007 2.7919e+007 2.79301e+007 2.79389e+007 2.7946e+007 2.79516e+007 2.79561e+007 2.79598e+007 2.79628e+007 2.79652e+007 2.79671e+007 2.79687e+007 2.797e+007 2.7971e+007 2.79718e+007 2.79725e+007 2.79731e+007 2.79736e+007 2.79739e+007 2.79742e+007 2.79745e+007 2.79747e+007 2.79749e+007 2.7975e+007 2.79751e+007 2.79752e+007 2.79753e+007 2.79754e+007 2.79754e+007 2.79754e+007 2.79755e+007 2.79755e+007 2.79755e+007 2.79755e+007 2.79756e+007 2.79756e+007 2.79756e+007 2.79756e+007 2.79756e+007 2.79756e+007 2.79756e+007 2.79756e+007 2.79756e+007 2.79756e+007 2.79756e+007 2.79756e+007 2.79756e+007 2.79756e+007 2.79756e+007 2.79756e+007 2.79756e+007 2.79756e+007 2.79756e+007 2.79756e+007 2.79756e+007 2.79756e+007 2.79756e+007 2.79756e+007 2.79756e+007 2.79756e+007 2.79756e+007 2.79756e+007 2.79756e+007 2.79756e+007 2.79756e+007 2.79756e+007 2.79756e+007 2.79756e+007 2.79756e+007 2.79756e+007 2.79756e+007 2.79756e+007 2.79756e+007 2.79756e+007 2.79756e+007 2.79756e+007 0 0 0 0 0 0 0 0 0 0 0 0 0 0 0 0 0 0 0 0 0 0 0 0 0
#obs cpue bio
 4.05388e+006 3.87986e+006 5.10803e+006 3.2472e+006 3.69182e+006 3.89339e+006 2.18915e+006 1.77898e+006 1.74897e+006 1.79696e+006 1.60019e+006 1.17763e+006 1.22865e+006 1.2238e+006 1.02854e+006 712732 766915 610329 901702 514255 644147 629281 597200 659342 547744 636030 454484 533070 604176 495124 681494 541555 631717 619770 525680 690883 529590 614181 633243 533639 883597 801773 636444 470669 616733 781049 435654 591736 779059 645873 641075 597371 729060 1.03964e+006
#pred surv len freq
 0.0041452 0.00683809 0.0104932 0.0151572 0.0207498 0.0269707 0.0332851 0.0390717 0.0438621 0.0474877 0.0500426 0.0517383 0.0527827 0.0533365 0.0535229 0.053459 0.0532849 0.0531585 0.0531752 0.0532095 0.0527691 0.0510269 0.0471471 0.0407949 0.0324909
 0.00442539 0.00721532 0.0109185 0.0155421 0.0209981 0.0270244 0.0331552 0.0388308 0.043602 0.0472728 0.0498904 0.0516389 0.0527366 0.0533804 0.0537231 0.0538733 0.0539134 0.0539094 0.0538679 0.0536245 0.0527306 0.0504822 0.0461971 0.0396535 0.0313942
 0.00449075 0.00737624 0.0112552 0.0161459 0.0219278 0.0282505 0.0345285 0.0401127 0.0445545 0.0477572 0.0499123 0.0513156 0.052224 0.0528151 0.0532054 0.0534743 0.0536731 0.0538142 0.0538286 0.0534868 0.0523318 0.0497319 0.0451332 0.0384329 0.0302214
 0.00460559 0.00755061 0.0114996 0.0164748 0.0223716 0.0288631 0.0353752 0.0412306 0.0458998 0.049178 0.0511784 0.0522034 0.0526078 0.0527075 0.0527306 0.052802 0.0529544 0.0531388 0.0532051 0.0528479 0.0515722 0.0487729 0.0439817 0.0371943 0.0290543
 0.00478796 0.0078488 0.0119502 0.0171094 0.0232079 0.0298941 0.0365649 0.0425231 0.0472386 0.0505153 0.0524611 0.0533444 0.0534769 0.0531659 0.0526923 0.0522791 0.0520506 0.051998 0.0519465 0.0515269 0.0501869 0.0473093 0.0424662 0.0357163 0.0277392
 0.00503734 0.00825135 0.0125507 0.0179478 0.0243113 0.0312648 0.0381664 0.0442746 0.0490261 0.0522169 0.0539724 0.0545899 0.0544009 0.0537131 0.0527997 0.051893 0.0511608 0.0506576 0.0502595 0.049612 0.048148 0.0452352 0.0404518 0.0338747 0.0261843
 0.00533932 0.00874088 0.0132845 0.0189768 0.0256702 0.0329557 0.0401425 0.0464356 0.0512323 0.0543162 0.0558262 0.0560889 0.0554696 0.0543049 0.0528856 0.0514517 0.0501793 0.0491468 0.048273 0.0472527 0.0455593 0.042585 0.0379171 0.0316225 0.0243432
 0.00561889 0.00919964 0.0139829 0.0199738 0.027012 0.0346574 0.0421694 0.048696 0.0535895 0.0566137 0.0579131 0.0578355 0.0567749 0.0550974 0.0531205 0.0511044 0.0492402 0.0476234 0.0462032 0.0447226 0.0427154 0.0396284 0.0350769 0.0291132 0.0223177
 0.00582213 0.00954624 0.0145349 0.0208 0.0281748 0.0361909 0.0440576 0.0508635 0.0559128 0.0589443 0.0601006 0.0597426 0.0582848 0.0561178 0.0535838 0.0509658 0.0484754 0.0462302 0.0442108 0.0422099 0.0398277 0.0365791 0.0321209 0.0264942 0.0202093
 0.00601203 0.00986483 0.0150337 0.0215358 0.0292013 0.0375441 0.0457375 0.0528242 0.0580634 0.0611618 0.0622457 0.0616759 0.0598795 0.057268 0.0542077 0.0510043 0.0478897 0.0450039 0.0423607 0.0398046 0.0370071 0.0335585 0.0291655 0.0238625 0.0180879
 0.00632451 0.0103702 0.0157894 0.0225931 0.0305958 0.0392802 0.0477733 0.0550664 0.0603811 0.0634116 0.0642949 0.0634136 0.0612181 0.0581399 0.0545614 0.0507999 0.0470969 0.0436061 0.0403674 0.0372742 0.0340705 0.030427 0.0261063 0.021141 0.015897
 0.00656909 0.0107682 0.0163889 0.0234397 0.0317238 0.0407 0.0494576 0.0569452 0.0623514 0.0653566 0.0661024 0.0649862 0.0624751 0.0590158 0.0550019 0.0507591 0.0465361 0.0424976 0.0387077 0.0351053 0.0315031 0.0276499 0.0233653 0.0186846 0.0139096
 0.00685185 0.0112182 0.0170482 0.0243409 0.0328846 0.0421145 0.0510867 0.0587136 0.0641572 0.0670901 0.0676641 0.0662963 0.0634749 0.0596634 0.0552659 0.050612 0.0459508 0.0414499 0.0371888 0.0331437 0.0291886 0.0251449 0.0208875 0.0164585 0.0121047
 0.00708767 0.0116094 0.0176504 0.025208 0.0340544 0.0435879 0.0528095 0.0605756 0.0660146 0.0688008 0.0691165 0.0674202 0.0642362 0.0600522 0.0552841 0.0502628 0.0452325 0.0403558 0.0357173 0.0313183 0.0270813 0.0228901 0.0186695 0.0144706 0.0104941
 0.00733209 0.0120152 0.0182767 0.026114 0.0352868 0.045159 0.0546758 0.0626291 0.0680962 0.0707315 0.0707324 0.0686006 0.0649182 0.0602297 0.0549937 0.049561 0.0441741 0.0389826 0.0340605 0.0294152 0.0249987 0.0207399 0.0166029 0.0126453 0.0090289
 0.00745435 0.0122344 0.0186447 0.026693 0.036136 0.0463144 0.0561282 0.0643145 0.0699033 0.0725199 0.0723544 0.0699202 0.0658283 0.0606661 0.0549409 0.0490477 0.0432574 0.0377297 0.0325368 0.0276859 0.0231413 0.0188567 0.0148191 0.0110864 0.00778634
 0.00760056 0.0124661 0.0189834 0.0271584 0.036747 0.0470881 0.0570749 0.0654286 0.0711534 0.0738437 0.0736607 0.0710994 0.0667696 0.0612755 0.0551563 0.0488461 0.0426543 0.0367713 0.0312896 0.026229 0.0215652 0.0172649 0.0133234 0.00979009 0.00676041
 0.00761842 0.0125047 0.0190593 0.0272931 0.0369623 0.0473997 0.0574877 0.065938 0.0717515 0.074524 0.074414 0.0719025 0.0675733 0.0620034 0.0557169 0.0491536 0.0426497 0.0364346 0.0306418 0.0253268 0.0204928 0.0161239 0.0122207 0.00882022 0.005987
 0.00759411 0.0124533 0.0189616 0.0271281 0.0367181 0.0470873 0.0571509 0.065649 0.0715921 0.0745608 0.0746808 0.0723953 0.0682544 0.0628065 0.0565525 0.0499183 0.0432418 0.0367742 0.0306879 0.0250861 0.0200169 0.0154979 0.0115442 0.00818607 0.00546172
 0.00762682 0.0125022 0.0190259 0.0272016 0.0367868 0.04713 0.0571426 0.0655708 0.0714448 0.0743749 0.0745145 0.0723174 0.0683198 0.0630365 0.0569264 0.050377 0.0437011 0.0371434 0.0308916 0.0250834 0.0198123 0.0151384 0.0111044 0.0077452 0.005082
 0.00767488 0.0125722 0.0191163 0.0273052 0.0368925 0.047225 0.0572137 0.0656048 0.0714292 0.0743023 0.0743896 0.0721634 0.0681787 0.062958 0.0569498 0.0505133 0.0439241 0.0373953 0.0311007 0.0251877 0.0197798 0.0149768 0.0108552 0.00746601 0.00482547
 0.00765386 0.0125394 0.0190692 0.0272422 0.0368128 0.0471288 0.0571031 0.0654847 0.071308 0.0741903 0.0742971 0.0720993 0.068151 0.0629765 0.0570265 0.0506585 0.0441363 0.0376529 0.0313617 0.0254009 0.0199037 0.0149955 0.010783 0.00733922 0.00468561
 0.00761986 0.0124921 0.0190129 0.0271854 0.0367659 0.047099 0.0570915 0.0654854 0.0713109 0.0741852 0.074278 0.0720662 0.0681102 0.0629396 0.0570082 0.0506737 0.0441955 0.037756 0.0314937 0.0255332 0.0200037 0.0150399 0.0107678 0.00727957 0.00460656
 0.00755696 0.0123833 0.0188381 0.0269254 0.0364103 0.046658 0.0566032 0.0650122 0.0709223 0.0739357 0.074191 0.0721329 0.0682994 0.0632121 0.0573288 0.0510166 0.0445446 0.0381007 0.0318225 0.0258301 0.0202493 0.0152185 0.0108748 0.00732433 0.0046089
 0.00759869 0.0124451 0.018919 0.0270177 0.0364987 0.0467197 0.0566111 0.0649427 0.0707664 0.0737077 0.0739279 0.0718831 0.0681054 0.0630976 0.0572962 0.0510534 0.0446328 0.0382226 0.0319627 0.0259734 0.02038 0.0153223 0.0109431 0.00735748 0.00461524
 0.00772909 0.0126349 0.0191631 0.0272966 0.0367827 0.046977 0.0568132 0.0650666 0.0707944 0.0736292 0.0737448 0.0716143 0.0677869 0.0627747 0.0570114 0.0508352 0.0444911 0.0381519 0.0319479 0.0259958 0.0204209 0.0153653 0.0109766 0.0073762 0.00462021
 0.0078126 0.0127614 0.0193353 0.0275085 0.0370188 0.0472118 0.0570143 0.0652002 0.0708345 0.0735672 0.073592 0.0713961 0.0675339 0.0625161 0.0567723 0.0506364 0.0443473 0.0380686 0.0319204 0.0260111 0.0204615 0.015414 0.0110202 0.00740752 0.00463809
 0.00781919 0.0127783 0.019372 0.0275764 0.0371274 0.0473624 0.0571947 0.0653846 0.0709899 0.0736629 0.0736088 0.0713314 0.0674008 0.0623382 0.056577 0.0504494 0.044189 0.0379523 0.0318511 0.0259851 0.0204682 0.0154394 0.0110509 0.00743411 0.0046564
 0.00786531 0.0128484 0.0194688 0.0277002 0.037277 0.0475363 0.0573908 0.0655969 0.0712045 0.0738567 0.0737522 0.0713962 0.0673695 0.0622109 0.0563722 0.0501979 0.0439258 0.0377082 0.0316478 0.0258329 0.0203666 0.0153799 0.011021 0.00742171 0.00465228
 0.0078292 0.0127982 0.0194088 0.0276397 0.0372275 0.047508 0.0573894 0.0656245 0.0712613 0.0739425 0.0738641 0.0715248 0.0674967 0.0623135 0.0564292 0.0501997 0.0438776 0.0376276 0.0315573 0.0257521 0.0203071 0.0153442 0.0110049 0.00741798 0.00465418
 0.00780773 0.0127531 0.0193233 0.0274943 0.0370086 0.0472183 0.0570562 0.0652962 0.0709944 0.0737821 0.0738324 0.0716181 0.0676914 0.0625737 0.0567148 0.050473 0.0441108 0.0378073 0.0316849 0.0258389 0.0203675 0.0153894 0.011041 0.00744672 0.00467566
 0.00774128 0.0126533 0.0191875 0.0273238 0.0368054 0.0469828 0.0567872 0.0649973 0.0706815 0.0734887 0.0736041 0.0714995 0.06771 0.0627295 0.0569811 0.0508059 0.0444622 0.0381367 0.0319661 0.0260622 0.0205354 0.0155111 0.011127 0.00750582 0.00471453
 0.00774267 0.0126458 0.0191588 0.0272578 0.0366874 0.0468076 0.056564 0.0647474 0.0704302 0.0732563 0.0734043 0.0713446 0.0676158 0.0627148 0.0570585 0.0509728 0.0446976 0.0384067 0.0322348 0.0263013 0.0207296 0.0156574 0.0112304 0.00757501 0.00475829
 0.00771169 0.0125941 0.019078 0.0271383 0.03652 0.0465854 0.0562868 0.0644262 0.0700886 0.0729285 0.0731281 0.0711519 0.067526 0.0627332 0.0571798 0.0511848 0.0449816 0.0387369 0.0325795 0.0266283 0.0210134 0.0158837 0.011397 0.00768841 0.0048298
 0.00767964 0.0125498 0.0190254 0.027085 0.0364733 0.0465475 0.0562512 0.0643777 0.0700098 0.0728076 0.0729661 0.0709649 0.0673421 0.0625845 0.0570936 0.0511771 0.0450548 0.0388803 0.0327721 0.026843 0.0212227 0.016066 0.01154 0.00779021 0.0048957
 0.00779533 0.0127065 0.0192039 0.0272495 0.0365833 0.0465757 0.0561957 0.0642612 0.0698642 0.0726574 0.072819 0.070816 0.0671851 0.0624225 0.0569418 0.0510578 0.0449884 0.0388775 0.03283 0.0269467 0.0213498 0.0161936 0.0116507 0.00787487 0.00495337
 0.00783911 0.0127804 0.0193181 0.0274102 0.0367853 0.0467946 0.0563865 0.0643697 0.0698494 0.0725125 0.0725765 0.0705312 0.0669107 0.0621904 0.0567622 0.0509294 0.0449089 0.0388472 0.0328484 0.0270076 0.0214397 0.0162947 0.0117459 0.00795252 0.00500904
 0.00791065 0.0128941 0.0194845 0.0276373 0.0370765 0.0471452 0.0567784 0.0647669 0.0701995 0.072756 0.0726639 0.0704411 0.0666593 0.0618258 0.0563465 0.0505188 0.0445425 0.0385465 0.0326216 0.0268538 0.0213505 0.0162555 0.0117394 0.00796237 0.0050234
 0.00790078 0.0128901 0.0195007 0.0276941 0.0371955 0.04734 0.0570477 0.0650921 0.0705482 0.0730882 0.072937 0.0706154 0.066705 0.0617323 0.0561283 0.0502136 0.0441999 0.0382138 0.0323337 0.0266291 0.0211927 0.0161573 0.0116869 0.00794007 0.00501758
 0.00770892 0.0126096 0.0191378 0.0272776 0.0367715 0.046963 0.05677 0.0649562 0.070579 0.0732861 0.0732746 0.0710415 0.0671556 0.0621446 0.0564544 0.0504296 0.0443088 0.0382402 0.0323125 0.0265929 0.0211638 0.016145 0.0116904 0.00795304 0.00503312
 0.00750555 0.0122779 0.0186392 0.0265832 0.035877 0.0459076 0.0556495 0.0639143 0.0697734 0.0728409 0.0732453 0.0714064 0.0678323 0.0630177 0.057403 0.0513494 0.0451263 0.0389182 0.0328463 0.0269997 0.0214691 0.0163727 0.0118581 0.00807281 0.00511413
 0.00752832 0.0123021 0.0186509 0.0265578 0.0357823 0.0457098 0.055324 0.0634581 0.0692163 0.0722497 0.072714 0.0710315 0.0676827 0.0631126 0.0577092 0.0517958 0.0456284 0.0394017 0.0332621 0.0273274 0.0217116 0.0165449 0.0119775 0.00815387 0.00516746
 0.00758559 0.0123875 0.0187641 0.0266912 0.0359197 0.0458262 0.0553863 0.0634292 0.0690645 0.0719619 0.0723081 0.0705611 0.0672277 0.0627582 0.0575183 0.0517897 0.0457829 0.0396602 0.0335587 0.0276077 0.0219434 0.0167187 0.0120985 0.00823343 0.0052173
 0.00761736 0.0124462 0.018865 0.0268508 0.0361491 0.0461221 0.0557229 0.0637584 0.0693249 0.0720951 0.0722746 0.0703517 0.066869 0.0623093 0.0570587 0.0513974 0.0455123 0.0395274 0.0335433 0.0276673 0.0220336 0.0168067 0.012168 0.00828138 0.00524722
 0.00751851 0.0122916 0.0186449 0.0265639 0.0358065 0.0457514 0.0553689 0.0634758 0.0691616 0.0720729 0.0723789 0.0705366 0.0670762 0.0624912 0.0571948 0.0514981 0.0456083 0.0396513 0.0337113 0.0278727 0.022252 0.0170094 0.0123339 0.00840241 0.00532659
 0.00745841 0.0121885 0.01848 0.0263179 0.0354656 0.0453166 0.0548649 0.0629528 0.0686877 0.0717171 0.0721926 0.0705393 0.06725 0.0627877 0.0575527 0.0518642 0.045952 0.0399668 0.0340067 0.0281556 0.0225198 0.0172499 0.0125331 0.00855208 0.00542802
 0.00734943 0.0120405 0.0183101 0.0261571 0.0353465 0.0452553 0.0548491 0.0629461 0.0686478 0.07162 0.0720459 0.070379 0.0671234 0.0627323 0.0575819 0.0519663 0.0461007 0.0401357 0.0341792 0.0283248 0.0226827 0.0174013 0.0126649 0.00865691 0.00550306
 0.00734815 0.0120278 0.0182732 0.0260822 0.0352279 0.0451058 0.0547036 0.0628497 0.0686329 0.0716846 0.0721513 0.0704709 0.0671622 0.0627122 0.0575275 0.0519135 0.0460767 0.04015 0.0342272 0.0283957 0.0227656 0.017487 0.0127451 0.00872483 0.00555457
 0.00744743 0.0121551 0.0184016 0.0261648 0.0352102 0.0449466 0.0543944 0.0624239 0.0681594 0.071249 0.0718298 0.0703062 0.0671522 0.0628183 0.0576978 0.0521064 0.0462717 0.0403428 0.0344184 0.0285832 0.0229428 0.0176453 0.0128775 0.00882751 0.00562767
 0.00744684 0.0121595 0.0184161 0.0261924 0.0352442 0.044963 0.054351 0.062272 0.0678683 0.0708298 0.0713435 0.069847 0.0668131 0.0626572 0.0577218 0.0522794 0.0465378 0.0406493 0.034728 0.0288741 0.0232026 0.0178665 0.0130554 0.008961 0.0057202
 0.00754132 0.0123139 0.0186494 0.0265212 0.0356771 0.0454916 0.0549401 0.0628555 0.0683563 0.0711281 0.071382 0.0696056 0.0663341 0.0620346 0.0570698 0.0516952 0.0460766 0.0403222 0.0345169 0.02875 0.0231386 0.0178416 0.0130538 0.00897103 0.00573363
 0.00746573 0.0122055 0.0185139 0.0263752 0.0355462 0.0454058 0.0549279 0.0629376 0.0685373 0.0713892 0.0716776 0.0698713 0.0665063 0.0620746 0.0569803 0.0515187 0.0458755 0.0401525 0.0344096 0.0287088 0.0231483 0.0178806 0.0131031 0.00901771 0.00577088
 0.00719914 0.0117738 0.0178701 0.0254845 0.0344022 0.0440517 0.0534728 0.0615503 0.0674107 0.0706869 0.0714883 0.0701892 0.0672411 0.0630825 0.058106 0.0526336 0.0469005 0.0410582 0.035198 0.0293907 0.0237294 0.0183593 0.0134769 0.00929002 0.00595391
 0.00706245 0.0115475 0.0175215 0.0249794 0.0337109 0.0431599 0.0523966 0.0603476 0.0661839 0.0695726 0.0706339 0.0697205 0.0672283 0.0635195 0.0589114 0.0536763 0.0480383 0.0421731 0.036214 0.0302715 0.0244643 0.0189496 0.0139291 0.00961594 0.00617194
#obs surv len freq
 nan nan nan nan nan nan nan nan nan nan nan nan nan nan nan nan nan nan nan nan nan nan nan nan nan
 0.00448382 0.00734494 0.0111749 0.0159917 0.0216931 0.0279697 0.0342848 0.0400167 0.0446965 0.0481599 0.0505171 0.0520121 0.0529034 0.0534149 0.0537285 0.0539829 0.0542611 0.0545536 0.0546922 0.054284 0.0527221 0.0493543 0.0438043 0.0362846 0.0276686
 0.00461067 0.00755384 0.0114939 0.0164476 0.022305 0.0287384 0.0351832 0.040987 0.0456579 0.0490253 0.0512091 0.0524747 0.0531079 0.0533599 0.0534355 0.0534889 0.0536096 0.0537874 0.0538504 0.0534037 0.0518421 0.0485177 0.0430557 0.0356619 0.0271927
 0.00478053 0.00782941 0.0119078 0.0170299 0.0230783 0.0297088 0.0363299 0.0422572 0.0469705 0.0502828 0.0523112 0.0533314 0.0536493 0.0535443 0.0532537 0.0529617 0.0527819 0.0527184 0.0526065 0.0520554 0.0504647 0.0471918 0.0418611 0.0346645 0.026429
 0.00496877 0.00813931 0.0123812 0.017708 0.023993 0.0308693 0.0377105 0.0437924 0.0485655 0.0518304 0.0537078 0.0544838 0.0544776 0.0539847 0.0532638 0.0525272 0.0519197 0.0514764 0.0510594 0.0503001 0.0486167 0.0453785 0.0402086 0.0332757 0.0253615
 0.00518072 0.00848612 0.0129076 0.0184576 0.0250005 0.0321486 0.0392399 0.0455091 0.0503721 0.0536116 0.0553477 0.0558772 0.0555354 0.0546349 0.0534519 0.0522182 0.0511032 0.0501737 0.0493305 0.0482476 0.0463834 0.0431361 0.0381331 0.031514 0.0239994
 0.00541931 0.00887464 0.0134936 0.019286 0.0261057 0.0335411 0.0408933 0.0473548 0.0523083 0.0555218 0.0571173 0.057403 0.056728 0.0554188 0.0537652 0.0520136 0.0503517 0.0488733 0.0475192 0.046017 0.0438847 0.0405698 0.0357179 0.0294396 0.0223824
 0.00564352 0.00924507 0.0140621 0.0201045 0.0272163 0.0349595 0.0425931 0.0492618 0.0543124 0.0574991 0.0589499 0.0589896 0.0579848 0.0562762 0.0541639 0.0519029 0.0496915 0.0476436 0.0457362 0.0437536 0.0412852 0.0378446 0.0331106 0.0271719 0.0205983
 0.00589209 0.00964947 0.0146716 0.0209659 0.0283661 0.036411 0.0443218 0.0511988 0.056352 0.0595168 0.0608219 0.0606066 0.0592578 0.0571371 0.0545612 0.051795 0.0490436 0.0464323 0.0439659 0.0414809 0.0386409 0.035036 0.030391 0.024782 0.0187021
 0.00613863 0.0100554 0.0152917 0.021854 0.0295634 0.0379291 0.0461258 0.0532031 0.0584345 0.0615444 0.0626726 0.0621799 0.0604753 0.0579393 0.0549029 0.0516415 0.0483669 0.0452132 0.0422069 0.0392297 0.036015 0.0322311 0.027656 0.0223612 0.0167686
 0.0063714 0.010438 0.0158755 0.02269 0.0306928 0.0393681 0.0478491 0.055137 0.0604653 0.0635394 0.0645023 0.063733 0.0616666 0.0587096 0.0552143 0.0514694 0.0476933 0.0440269 0.0405135 0.0370729 0.0335012 0.0295404 0.0250223 0.020019 0.0148887
 0.00660811 0.0108246 0.0164608 0.0235204 0.0318038 0.0407703 0.0495132 0.0569892 0.062397 0.0654269 0.0662264 0.0651908 0.0627762 0.0594116 0.0554705 0.0512583 0.0470045 0.0428588 0.0388791 0.0350172 0.0311232 0.0270042 0.0225417 0.0178107 0.0131123
 0.00683899 0.0112043 0.0170401 0.0243485 0.0329178 0.0421785 0.0511798 0.0588292 0.0642901 0.0672422 0.0678452 0.0665189 0.063746 0.0599791 0.0556102 0.0509584 0.0462624 0.0416802 0.0372837 0.0330523 0.0288823 0.0246365 0.0202389 0.0157666 0.0114698
 0.00706309 0.0115727 0.0176019 0.0251515 0.0339987 0.043547 0.0528024 0.0606238 0.0661366 0.0690063 0.0694013 0.0677662 0.0646153 0.0604321 0.0556346 0.0505587 0.0454524 0.0404791 0.0357204 0.0311776 0.0267845 0.0224501 0.0181326 0.0139086 0.00998258
 0.00729262 0.011946 0.0181638 0.0259434 0.03505 0.0448621 0.0543468 0.0623194 0.0678717 0.0706556 0.0708471 0.0689116 0.0653912 0.0607992 0.0555809 0.0500942 0.0446013 0.0392739 0.034202 0.0294034 0.0248401 0.020456 0.016235 0.0122497 0.00866306
 0.00742119 0.0121662 0.018516 0.0264721 0.0357943 0.0458406 0.055543 0.0636766 0.0693022 0.0720583 0.0721235 0.069976 0.0661749 0.0612527 0.0556752 0.0498208 0.0439703 0.0383109 0.0329476 0.0279161 0.0232024 0.018777 0.014641 0.0108602 0.00756076
 0.00749282 0.012279 0.0186802 0.0266983 0.0360962 0.0462367 0.0560545 0.0643204 0.07008 0.072947 0.0730723 0.0709119 0.067015 0.0619176 0.0560994 0.0499583 0.043797 0.0378256 0.0321724 0.0268981 0.0220153 0.0175189 0.0134231 0.00978655 0.00670336
 0.00758954 0.0124277 0.0188879 0.0269655 0.036417 0.0466003 0.0564473 0.0647298 0.0704995 0.0733792 0.0735254 0.0713888 0.0675012 0.0623755 0.056473 0.0501852 0.0438227 0.0376146 0.0317161 0.0262188 0.0211669 0.0165826 0.0124947 0.00895619 0.00603462
 0.00767187 0.0125571 0.0190738 0.0272127 0.0367234 0.0469548 0.0568285 0.0651081 0.0708449 0.0736716 0.0737617 0.0715828 0.0676743 0.0625429 0.0566312 0.0503079 0.0438659 0.0375302 0.0314682 0.0257979 0.0205972 0.0159198 0.0118141 0.00833354 0.00552576
 0.00772948 0.0126477 0.0192045 0.0273879 0.0369437 0.0472158 0.0571191 0.0654098 0.0711347 0.0739264 0.0739646 0.0717273 0.0677658 0.0625957 0.0566609 0.0503211 0.0438527 0.0374648 0.0313183 0.0255397 0.0202299 0.0154715 0.0113357 0.00788304 0.00514988
 0.00777537 0.0127196 0.0193075 0.0275249 0.0371145 0.0474167 0.0573417 0.0656415 0.0713598 0.0741294 0.0741323 0.0718508 0.0678413 0.0626253 0.0566519 0.0502828 0.0437907 0.0373753 0.0311878 0.0253518 0.0199767 0.015163 0.0110011 0.00756149 0.00487656
 0.00780217 0.0127588 0.0193586 0.0275848 0.0371793 0.0474834 0.0574099 0.0657132 0.0714379 0.074216 0.0742269 0.0719493 0.0679367 0.0627092 0.0567168 0.0503234 0.043804 0.0373582 0.031135 0.0252559 0.0198332 0.0149767 0.0107893 0.00735003 0.00469117
 0.00783969 0.0128122 0.0194249 0.0276561 0.037245 0.0475332 0.0574376 0.0657182 0.0714255 0.0741962 0.074212 0.0719504 0.06796 0.0627537 0.056775 0.0503841 0.0438551 0.0373891 0.0311368 0.0252223 0.0197613 0.01487 0.0106592 0.0072143 0.00456824
 0.00788785 0.012886 0.0195269 0.0277847 0.0373931 0.0476882 0.0575813 0.0658302 0.0714883 0.0742019 0.0741657 0.0718684 0.0678642 0.0626642 0.0567044 0.0503356 0.0438239 0.0373652 0.0311089 0.0251805 0.0196998 0.0147887 0.0105644 0.00711715 0.00448063
 0.00789965 0.0129041 0.0195521 0.0278171 0.037432 0.0477321 0.0576276 0.0658747 0.0715254 0.0742252 0.0741703 0.0718531 0.067833 0.0626259 0.0566698 0.0503133 0.0438169 0.0373702 0.0311174 0.0251825 0.0196872 0.0147584 0.0105191 0.00706408 0.00442891
 0.0078828 0.0128779 0.0195153 0.0277694 0.0373747 0.0476687 0.0575638 0.0658181 0.0714839 0.0742048 0.074173 0.0718766 0.0678717 0.0626733 0.0567212 0.0503668 0.0438724 0.0374268 0.0311718 0.0252288 0.019719 0.0147719 0.0105147 0.00704676 0.00440572
 0.00787237 0.0128552 0.0194709 0.0276918 0.0372545 0.0475041 0.0573653 0.0656084 0.0712924 0.0740591 0.0740918 0.0718663 0.0679273 0.0627816 0.0568647 0.0505279 0.0440364 0.0375832 0.031313 0.0253491 0.0198141 0.0148393 0.0105556 0.00706576 0.0044098
 0.00789867 0.0128923 0.0195156 0.0277366 0.0372876 0.0475116 0.0573342 0.0655303 0.071168 0.0739008 0.0739227 0.0717147 0.0678181 0.0627291 0.0568704 0.0505825 0.0441245 0.0376881 0.0314204 0.025448 0.0198969 0.0149021 0.0105976 0.00708949 0.00442006
 0.00788822 0.0128791 0.0195026 0.0277281 0.0372872 0.0475192 0.0573437 0.0655303 0.0711454 0.0738466 0.0738365 0.0716067 0.067707 0.0626369 0.0568157 0.0505747 0.0441622 0.0377608 0.0315128 0.0255446 0.0199852 0.0149741 0.0106501 0.00712335 0.00443898
 0.00785469 0.0128208 0.0194084 0.0275873 0.0370942 0.0472795 0.0570784 0.0652728 0.0709318 0.0737027 0.0737707 0.071611 0.0677653 0.062734 0.056942 0.050726 0.0443354 0.0379501 0.031708 0.0257323 0.0201526 0.0151115 0.0107535 0.00719426 0.00448296
 0.00785061 0.0128102 0.019385 0.0275417 0.0370158 0.0471592 0.0569124 0.0650667 0.0707024 0.0734769 0.0735797 0.0714817 0.0677123 0.0627565 0.0570275 0.0508572 0.0444966 0.0381285 0.0318928 0.0259125 0.0203171 0.0152508 0.010862 0.00727133 0.00453259
 0.00784088 0.0127946 0.0193616 0.0275084 0.0369698 0.0470965 0.0568285 0.0649578 0.0705675 0.0733206 0.0734144 0.0713268 0.0675908 0.0626885 0.0570238 0.0509168 0.0446084 0.038276 0.0320586 0.026081 0.0204748 0.0153873 0.0109708 0.00735073 0.0045852
 0.00777529 0.0126935 0.01922 0.027326 0.0367516 0.0468533 0.0565764 0.0647171 0.0703586 0.0731592 0.0733083 0.071277 0.0675951 0.062745 0.0571315 0.0510736 0.0448079 0.0385062 0.0323029 0.0263213 0.0206945 0.0155741 0.011118 0.00745753 0.0046561
 0.00776774 0.0126716 0.0191696 0.0272292 0.0365921 0.0466254 0.0562917 0.0644046 0.0700569 0.072905 0.0731269 0.0711792 0.0675789 0.0628007 0.0572469 0.0512371 0.045009 0.0387344 0.0325453 0.0265627 0.0209191 0.0157683 0.0112732 0.00757158 0.00473267
 0.00773532 0.0126223 0.0191011 0.0271398 0.0364794 0.046484 0.0561149 0.0641881 0.0698059 0.0726385 0.0728765 0.0709809 0.0674616 0.0627782 0.0573164 0.0513838 0.0452127 0.0389743 0.0328022 0.0268186 0.0211577 0.0159757 0.0114402 0.00769532 0.00481645
 0.00768802 0.0125444 0.0189826 0.0269721 0.0362585 0.0462149 0.0558137 0.0638803 0.0695189 0.0723941 0.0726877 0.0708546 0.0674041 0.0627967 0.0574157 0.0515612 0.0454559 0.039263 0.0331124 0.0271264 0.0214422 0.016221 0.0116366 0.00784042 0.00491467
 0.0077016 0.0125618 0.0189996 0.0269811 0.0362491 0.0461759 0.0557361 0.06376 0.0693595 0.0722066 0.0724894 0.0706652 0.0672416 0.062676 0.0573486 0.051556 0.0455155 0.0393826 0.0332787 0.02732 0.0216411 0.0164052 0.0117918 0.00795938 0.0049975
 0.00766819 0.0125147 0.0189421 0.0269199 0.0361918 0.0461267 0.0556929 0.0637147 0.0693014 0.0721283 0.0723902 0.0705523 0.0671286 0.0625789 0.0572824 0.0515325 0.0455416 0.0394594 0.0334003 0.0274736 0.0218089 0.0165682 0.0119341 0.00807136 0.00507703
 0.00761307 0.0124278 0.018817 0.0267542 0.0359892 0.0458997 0.0554633 0.0635101 0.0691471 0.0720379 0.0723615 0.070571 0.0671767 0.0626431 0.0573578 0.0516216 0.0456501 0.0395918 0.0335567 0.0276479 0.0219893 0.0167398 0.0120832 0.00818911 0.00516109
 0.00758701 0.012383 0.0187451 0.0266462 0.0358382 0.0457047 0.0552328 0.0632637 0.0689127 0.0718449 0.0722333 0.070519 0.0671976 0.0627224 0.0574762 0.0517621 0.0458026 0.0397526 0.0337249 0.0278213 0.0221617 0.0169016 0.0122238 0.00830095 0.0052418
 0.00762212 0.0124342 0.0188107 0.0267199 0.0359092 0.0457589 0.0552551 0.0632411 0.0688379 0.0717207 0.0720742 0.0703483 0.067041 0.0626004 0.057399 0.0517294 0.0458077 0.0397873 0.0337824 0.0278964 0.0222486 0.0169927 0.0123102 0.00837461 0.00529801
 0.00759534 0.0124022 0.0187837 0.0267133 0.0359381 0.0458302 0.0553608 0.0633586 0.0689369 0.0717742 0.0720668 0.0702805 0.0669276 0.062465 0.0572671 0.0516217 0.0457357 0.0397535 0.0337829 0.027924 0.0222953 0.0170498 0.012369 0.00842763 0.00534023
 0.00755819 0.0123403 0.0186887 0.0265795 0.0357667 0.0456346 0.0551688 0.0632061 0.0688554 0.0717761 0.0721397 0.0703935 0.0670461 0.0625647 0.0573401 0.0516744 0.0457815 0.0398046 0.0338462 0.0279995 0.0223782 0.0171329 0.0124451 0.00849101 0.00538811
 0.00754048 0.0123103 0.018641 0.0265079 0.0356653 0.0454999 0.0550028 0.0630203 0.0686711 0.0716221 0.0720441 0.070373 0.0670993 0.0626722 0.0574739 0.0518095 0.045904 0.0399125 0.0339441 0.0280927 0.0224684 0.0172179 0.0125204 0.0085527 0.00543417
 0.00753272 0.0122982 0.0186236 0.0264841 0.0356334 0.0454572 0.0549456 0.0629448 0.0685761 0.0715114 0.0719289 0.0702713 0.067031 0.0626515 0.0575034 0.0518792 0.0459968 0.0400119 0.0340398 0.0281808 0.0225486 0.01729 0.0125832 0.00860391 0.00547261
 0.00753095 0.0122945 0.0186167 0.0264723 0.0356151 0.0454315 0.0549127 0.0629053 0.0685302 0.0714585 0.0718685 0.070205 0.0669649 0.0625966 0.0574719 0.0518797 0.0460302 0.0400712 0.0341136 0.0282584 0.0226226 0.0173562 0.0126392 0.00864864 0.00550576
 0.00750876 0.0122616 0.0185729 0.0264195 0.0355565 0.0453706 0.0548526 0.0628488 0.0684796 0.071416 0.0718352 0.0701808 0.0669492 0.0625891 0.0574747 0.051897 0.0460659 0.0401266 0.0341852 0.0283388 0.0227032 0.0174297 0.012701 0.00869667 0.00554026
 0.0075098 0.0122604 0.0185661 0.0264025 0.0355255 0.0453246 0.0547951 0.0627872 0.0684228 0.0713704 0.0718031 0.0701612 0.0669388 0.0625854 0.0574765 0.0519053 0.0460833 0.0401557 0.0342271 0.0283914 0.0227613 0.0174871 0.0127519 0.00873757 0.00557009
 0.00749477 0.012238 0.0185358 0.0263649 0.0354812 0.0452738 0.0547374 0.0627229 0.0683545 0.071304 0.0717471 0.0701235 0.0669241 0.0625936 0.0575036 0.0519459 0.046133 0.0402119 0.0342884 0.0284563 0.022827 0.0175493 0.0128063 0.00878104 0.00560164
 0.00749006 0.0122309 0.0185264 0.0263535 0.0354687 0.0452612 0.0547254 0.0627112 0.0683415 0.0712874 0.0717247 0.0700952 0.0668931 0.0625652 0.0574836 0.0519378 0.0461378 0.0402284 0.0343146 0.0284898 0.0228651 0.0175885 0.0128429 0.00881194 0.00562506
 0.00749006 0.0122309 0.0185264 0.0263535 0.0354687 0.0452612 0.0547254 0.0627112 0.0683415 0.0712874 0.0717247 0.0700952 0.0668931 0.0625652 0.0574836 0.0519378 0.0461378 0.0402284 0.0343146 0.0284898 0.0228651 0.0175885 0.0128429 0.00881194 0.00562506
 0.00738106 0.012059 0.0182781 0.0260219 0.035057 0.044787 0.0542241 0.0622338 0.067945 0.0710195 0.0716121 0.0701394 0.0670742 0.0628503 0.0578361 0.0523239 0.0465298 0.0406056 0.0346619 0.0287971 0.0231259 0.0177999 0.0130052 0.0089289 0.00570331
 0.00720445 0.0117641 0.0178216 0.0253628 0.0341708 0.0436858 0.0529734 0.0609523 0.0667818 0.0701176 0.071075 0.0700131 0.0673463 0.0634613 0.0586964 0.0533334 0.0475942 0.0416472 0.0356234 0.0296409 0.0238311 0.0183597 0.0134248 0.00922338 0.00589524
 0.00714175 0.0116465 0.0176149 0.0250238 0.033655 0.042962 0.0520405 0.0598508 0.0655956 0.0689644 0.0700886 0.069318 0.0670321 0.0635626 0.0591877 0.0541383 0.0486063 0.0427526 0.0367201 0.0306493 0.0246989 0.0190603 0.0139545 0.00959666 0.00613867
#pred catch len freq
 0.00305201 0.0049835 0.00757427 0.0108856 0.0149654 0.0197953 0.0252321 0.0310058 0.0367777 0.0422092 0.0470089 0.0509663 0.0539792 0.056061 0.0573225 0.0579487 0.0581819 0.0582831 0.0584278 0.0585277 0.0580713 0.0561656 0.0518994 0.0449083 0.0357674
 0.0032641 0.00527112 0.00790315 0.0111927 0.015182 0.0198795 0.0251907 0.0308875 0.0366416 0.0420924 0.0469163 0.050891 0.0539354 0.0561028 0.0575316 0.0583928 0.0588621 0.0590983 0.059179 0.0589731 0.0580176 0.055555 0.0508435 0.0436432 0.0345533
 0.00334131 0.00543024 0.00819972 0.0116861 0.0159049 0.0208005 0.0261944 0.031799 0.0372934 0.0423947 0.0468859 0.0506231 0.0535483 0.0556989 0.0571914 0.0581815 0.0588206 0.0592127 0.0593527 0.0590359 0.0577878 0.0549278 0.0498527 0.0424532 0.0333832
 0.00346646 0.00562195 0.00847117 0.0120541 0.0164011 0.0214773 0.0271117 0.0329854 0.0386955 0.0438526 0.0481664 0.0515043 0.0539099 0.0555607 0.0566845 0.0574814 0.0580827 0.0585283 0.0587271 0.0583928 0.0570097 0.0539259 0.0486324 0.0411287 0.032128
 0.00364744 0.00591145 0.00889747 0.0126392 0.0171562 0.022399 0.0281821 0.0341782 0.0399854 0.045212 0.0495416 0.0527874 0.054938 0.0561628 0.0567537 0.0570244 0.0572109 0.0573985 0.0574691 0.0570657 0.0556084 0.0524306 0.0470672 0.0395873 0.030746
 0.00388718 0.0062924 0.00945537 0.0134038 0.0181489 0.0236271 0.0296286 0.0357939 0.0416895 0.0469054 0.0511248 0.0541722 0.056044 0.0569051 0.0570409 0.0567816 0.0564172 0.0561081 0.0557949 0.0551371 0.0535368 0.0503087 0.0449927 0.0376786 0.029125
 0.0041617 0.00673117 0.0101026 0.014298 0.0193191 0.025085 0.0313578 0.0377403 0.0437612 0.0489816 0.0530714 0.0558586 0.057359 0.0577639 0.0573821 0.0565595 0.0556038 0.0547082 0.0538645 0.0527876 0.0509227 0.047609 0.0423944 0.0353577 0.027219
 0.00442691 0.00715873 0.0107406 0.0151921 0.0205082 0.0265923 0.033177 0.0398248 0.0460213 0.0512921 0.0552851 0.0578241 0.0589373 0.0588429 0.057882 0.0564306 0.0548211 0.0532723 0.0518135 0.0502151 0.0479884 0.0445311 0.0394204 0.0327195 0.0250826
 0.00464816 0.00752315 0.0112991 0.0159988 0.021614 0.028033 0.0349575 0.0419068 0.0483211 0.0536878 0.0576294 0.0599598 0.0607138 0.0601302 0.0585796 0.0564694 0.0541614 0.0519045 0.0497672 0.0475766 0.0449185 0.0412653 0.0362398 0.0298929 0.0228022
 0.00489253 0.00791734 0.0118883 0.0168275 0.0227232 0.0294532 0.0366965 0.043937 0.0505726 0.0560504 0.0599632 0.06211 0.0625295 0.0614791 0.0593563 0.0565964 0.0535874 0.0506066 0.0477622 0.0449409 0.0418089 0.0379234 0.0329628 0.0269706 0.0204442
 0.00517519 0.00836926 0.0125555 0.0177509 0.0239357 0.0309726 0.0385146 0.0460097 0.0528188 0.0583582 0.0622013 0.064141 0.0642218 0.0627179 0.0600485 0.0566708 0.0529933 0.0493159 0.0457816 0.0423344 0.0387222 0.0345917 0.0296835 0.0240391 0.0180766
 0.00542533 0.00876896 0.0131452 0.0185665 0.0250061 0.0323138 0.0401199 0.0478418 0.0548075 0.0604072 0.0641979 0.0659672 0.0657645 0.0638761 0.0607369 0.0568195 0.0525466 0.0482362 0.0440618 0.0400211 0.0359405 0.031555 0.026669 0.0213277 0.0158777
 0.00571069 0.00921734 0.013792 0.0194368 0.0261138 0.0336593 0.0416838 0.0495784 0.0566442 0.0622511 0.0659465 0.0675201 0.067032 0.0647843 0.0612271 0.0568435 0.0520629 0.0472116 0.042484 0.037922 0.0334222 0.0288021 0.0239292 0.0188564 0.0138687
 0.0059944 0.00967298 0.0144671 0.0203716 0.0273331 0.0351605 0.0434245 0.0514721 0.0585724 0.0640855 0.0675714 0.0688454 0.0679967 0.0653527 0.0613817 0.0565754 0.051363 0.0460696 0.0408972 0.0359173 0.0310828 0.026282 0.0214396 0.0166188 0.0120524
 0.00625688 0.0100982 0.0151053 0.0212703 0.0285308 0.036674 0.0452311 0.0534974 0.06069 0.0661328 0.0693774 0.0702618 0.0689241 0.065752 0.061266 0.0559882 0.0503542 0.0446801 0.0391603 0.0338757 0.0288135 0.0239142 0.0191475 0.0145845 0.0104138
 0.00641176 0.0103602 0.0155196 0.0218884 0.0294033 0.0378369 0.0466891 0.0552109 0.062572 0.0680557 0.071187 0.0717986 0.0700487 0.0663691 0.0613381 0.0555331 0.0494277 0.043354 0.0375077 0.0319711 0.0267466 0.0218036 0.0171383 0.0128225 0.009006
 0.00653026 0.0105481 0.0157953 0.0222714 0.0299173 0.0385112 0.0475547 0.0562877 0.0638521 0.0694891 0.0726781 0.0732167 0.0712511 0.0672277 0.061761 0.0554769 0.0488985 0.0423981 0.0361986 0.0303994 0.0250176 0.0200379 0.0154666 0.011366 0.00784892
 0.00650886 0.0105252 0.0157836 0.0222917 0.0299959 0.0386756 0.0478295 0.0566943 0.0644085 0.0702068 0.073552 0.074212 0.0722946 0.068212 0.0625629 0.0559842 0.0490338 0.0421332 0.0355555 0.0294437 0.0238473 0.0187724 0.0142312 0.0102724 0.00697302
 0.00649282 0.0104897 0.0157138 0.0221715 0.029816 0.0384449 0.0475833 0.0564916 0.0643189 0.0702912 0.0738477 0.0747256 0.0729995 0.0690477 0.0634376 0.0567845 0.0496444 0.0424616 0.0355536 0.0291181 0.0232571 0.0180155 0.0134228 0.00951918 0.00635148
 0.00651337 0.0105196 0.0157515 0.0222102 0.0298428 0.0384407 0.0475267 0.0563691 0.0641375 0.0700875 0.073685 0.0746757 0.0731183 0.0693543 0.0639056 0.0573452 0.0502008 0.0429094 0.0358057 0.0291274 0.023029 0.017605 0.0129169 0.00901036 0.00591244
 0.00652682 0.0105376 0.0157713 0.0222273 0.0298514 0.0384357 0.0475042 0.0563251 0.0640672 0.0699879 0.0735614 0.0745497 0.0730294 0.0693505 0.0640236 0.057591 0.0505398 0.0432718 0.0361074 0.0292962 0.0230286 0.0174454 0.0126475 0.00869975 0.00562317
 0.00651638 0.010521 0.0157467 0.0221927 0.0298044 0.0383735 0.0474246 0.0562283 0.0639571 0.0698726 0.0734515 0.0744572 0.0729673 0.0693346 0.0640727 0.0577203 0.05075 0.0435393 0.0363837 0.0295221 0.0231552 0.0174537 0.0125537 0.00854538 0.00545596
 0.00645342 0.0104293 0.0156285 0.022057 0.0296647 0.0382434 0.0473144 0.056143 0.0638971 0.0698346 0.0734313 0.0744512 0.0729757 0.0693618 0.0641275 0.0578135 0.0508893 0.0437218 0.0365906 0.0297197 0.023306 0.0175313 0.0125546 0.00848849 0.00537186
 0.00641916 0.0103669 0.0155231 0.0218923 0.0294294 0.0379396 0.046964 0.0557866 0.0635836 0.069606 0.0733114 0.0744425 0.0730636 0.0695235 0.06434 0.0580593 0.0511567 0.0440019 0.0368712 0.0299821 0.0235266 0.0176901 0.0126439 0.00851683 0.00535957
 0.00645326 0.0104169 0.015587 0.0219624 0.0294907 0.0379703 0.046939 0.0556851 0.0633993 0.0693558 0.0730342 0.0741876 0.0728734 0.069421 0.0643265 0.0581206 0.0512733 0.0441546 0.037043 0.0301556 0.0236839 0.0178148 0.0127262 0.00855731 0.00536816
 0.00653351 0.0105316 0.0157306 0.0221195 0.0296404 0.0380925 0.0470186 0.0557116 0.0633647 0.0692539 0.0728646 0.0739624 0.0726205 0.0691786 0.0641315 0.0579971 0.0512272 0.0441763 0.0371137 0.0302536 0.0237881 0.0179075 0.0127957 0.00859957 0.00538678
