SBPRF35
9.19319
Curr Bio
525122
B35
693384
F35
0.198356
FOFL
0.153951
OFL
67183.4
Bzero
2.62663e+006
#pred survey bio
 3.24861e+006 3.00822e+006 2.73595e+006 2.48032e+006 2.20352e+006 1.94562e+006 1.71111e+006 1.51726e+006 1.34128e+006 1.1983e+006 1.06431e+006 966585 870181 793962 735284 703250 673203 645184 610661 592361 585956 571543 571525 571202 569256 560021 560489 552782 554380 546411 540303 523209 505617 510212 519421 521663 527176 534181 544933 549734 558564 565764 569067 574143 576983 582538 586268 597141 559117 551164 549849 530485 1.92828e+007 1.15916e+007 1.19229e+007 1.28211e+007 1.40485e+007 1.53458e+007 1.65443e+007 1.75638e+007 1.83854e+007 1.90236e+007 1.95071e+007 1.98674e+007 2.01332e+007 2.03281e+007 2.04707e+007 2.05752e+007 2.06519e+007 2.07085e+007 2.07504e+007 2.07817e+007 2.08052e+007 2.08229e+007 2.08363e+007 2.08466e+007 2.08545e+007 2.08605e+007 2.08652e+007 2.08688e+007 2.08716e+007 2.08738e+007 2.08755e+007 2.08768e+007 2.08779e+007 2.08787e+007 2.08793e+007 2.08798e+007 2.08802e+007 2.08806e+007 2.08808e+007 2.0881e+007 2.08812e+007 2.08813e+007 2.08814e+007 2.08815e+007 2.08815e+007 2.08816e+007 2.08816e+007 2.08816e+007 2.08817e+007 2.08817e+007 2.08817e+007 2.08817e+007 2.08817e+007 2.08817e+007 2.08817e+007 2.08817e+007 2.08817e+007 2.08817e+007 2.08817e+007 2.08817e+007 2.08817e+007 2.08817e+007 2.08817e+007 2.08817e+007 2.08817e+007 2.08817e+007 2.08817e+007 2.08817e+007 2.08817e+007 2.08817e+007 2.08817e+007 2.08817e+007 2.08817e+007 2.08817e+007 2.08817e+007 2.08817e+007 2.08817e+007 2.08817e+007 2.08817e+007 2.08817e+007 2.08817e+007 2.08817e+007 2.08817e+007 2.08817e+007 2.08817e+007 2.08817e+007 2.08817e+007 2.08817e+007 2.08817e+007 2.08817e+007 2.08817e+007 2.08817e+007 2.08817e+007 2.08817e+007 2.08817e+007 2.08817e+007 2.08817e+007 2.08817e+007 2.08817e+007 2.08817e+007 0 0 0 0 0 0 0 0 0 0 0 0 0 0 0 0 0 0 0 0 0 0 0 0 0
#obs survey bio
 2.15567e+006 2.08131e+006 2.21107e+006 2.59703e+006 1.57229e+006 1.83253e+006 1.99004e+006 1.04191e+006 1.53168e+006 867370 1.32964e+006 821765 1.0336e+006 528612 652965 565984 553981 577465 700993 520992 442361 658664 468679 390685 515616 590714 609158 446240 427830 471030 613096 466876 432337 547923 486425 370222 538754 767288 566302 615679 467493 540900 510730 511580 661430 570447 659588 675654 644270 557104 430021 465874
#pred catch bio
 221632 263416 265221 303142 304462 299530 276410 270479 247932 243176 212279 209588 189023 170605 145017 140555 135240 136003 117972 105846 111575 99303.9 100410 101961 106561 95975.9 100232 89859.8 95437.7 90607.1 96125.3 94521.8 78279.4 79263.2 88136.3 86115.8 84539.8 80894.6 85757 82909.6 85672.2 90232.2 89450.3 91583.3 89258.6 90517.5 84403.5 124604 97687.8 91845.5 104978 68513.5 67183.4 84784.6 85812.2 90875.1 99134.3 108210 116574 123569 129065 133198 136209 138348 139840 140866 141563 142033 142346 142555 142693 142784 142844 142883 142908 142925 142936 142943 142948 142951 142953 142954 142955 142955 142956 142956 142956 142956 142956 142956 142956 142956 142956 142956 142956 142956 142956 142956 142956 142956 142956 142956 142956 142956 142956 142956 142956 142956 142956 142956 142956 142956 142956 142956 142956 142956 142956 142956 142956 142956 142956 142956 142956 142956 142956 142956 142956 142956 142956 142956 142956 142956 142956 142956 142956 142956 142956 142956 142956 142956 142956 142956 142956 142956 142956 142956 142956 142956 142956 142956 142956 142956 0 0 0 0 0 0 0 0 0 0 0 0 0 0 0 0 0 0 0 0 0 0 0 0 0
#obs catch bio
 257426 264979 267276 306894 309740 305316 281730 277222 253671 250264 216580 214474 191708 174284 147421 143140 137872 138798 119114 106619 112814 100230 101888 104127 108951 97414 101287 90802.4 96426 91643.6 96894.6 95385.6 78479.9 79368 88531.1 86539.4 84555.9 80508.9 85271.2 82392.2 85272.6 90217.7 89617.3 91572 89072.4 90574.2 83578.5 124311 97154.3 91128.7 104956 68275.1
#pred cpue bio
 3.18416e+006 2.94647e+006 2.67728e+006 2.42295e+006 2.14764e+006 1.89149e+006 1.65894e+006 1.46676e+006 1.29263e+006 1.15143e+006 1.01968e+006 923792 829702 755494 698524 667647 638870 612204 579424 562201 556111 541989 541709 541168 539350 530934 532107 525272 527319 520094 514858 498967 481489 484397 492124 494168 499939 507271 518078 522784 531115 537745 540711 545652 548546 554089 557930 568631 531536 523463 522370 504213 1.8381e+007 1.10699e+007 1.12605e+007 1.19848e+007 1.31443e+007 1.44241e+007 1.56187e+007 1.66374e+007 1.74589e+007 1.8097e+007 1.85806e+007 1.89409e+007 1.92066e+007 1.94015e+007 1.95441e+007 1.96486e+007 1.97253e+007 1.97819e+007 1.98238e+007 1.98551e+007 1.98786e+007 1.98963e+007 1.99098e+007 1.992e+007 1.99279e+007 1.99339e+007 1.99386e+007 1.99422e+007 1.9945e+007 1.99472e+007 1.99489e+007 1.99503e+007 1.99513e+007 1.99521e+007 1.99528e+007 1.99533e+007 1.99537e+007 1.9954e+007 1.99542e+007 1.99544e+007 1.99546e+007 1.99547e+007 1.99548e+007 1.99549e+007 1.99549e+007 1.9955e+007 1.9955e+007 1.99551e+007 1.99551e+007 1.99551e+007 1.99551e+007 1.99551e+007 1.99551e+007 1.99551e+007 1.99551e+007 1.99551e+007 1.99551e+007 1.99552e+007 1.99552e+007 1.99552e+007 1.99552e+007 1.99552e+007 1.99552e+007 1.99552e+007 1.99552e+007 1.99552e+007 1.99552e+007 1.99552e+007 1.99552e+007 1.99552e+007 1.99552e+007 1.99552e+007 1.99552e+007 1.99552e+007 1.99552e+007 1.99552e+007 1.99552e+007 1.99552e+007 1.99552e+007 1.99552e+007 1.99552e+007 1.99552e+007 1.99552e+007 1.99552e+007 1.99552e+007 1.99552e+007 1.99552e+007 1.99552e+007 1.99552e+007 1.99552e+007 1.99552e+007 1.99552e+007 1.99552e+007 1.99552e+007 1.99552e+007 1.99552e+007 1.99552e+007 1.99552e+007 1.99552e+007 1.99552e+007 0 0 0 0 0 0 0 0 0 0 0 0 0 0 0 0 0 0 0 0 0 0 0 0 0
#obs cpue bio
 2.91562e+006 2.73886e+006 1.78403e+006 1.90324e+006 1.61222e+006 1.57324e+006 1.06446e+006 1.26527e+006 881474 944218 841978 804008 846935 565280 646985 608523 535506 557420 664224 567184 598644 358938 392576 381626 479908 486933 687123 422540 728901 403516 600203 485769 642137 511085 457990 583138 704354 516803 641167 494056 605934 417989 480528 757200 546743 496662 933037 475603 450285 683863 588887 463851
#pred surv len freq
 0.00590213 0.00952523 0.0142232 0.0199254 0.0264477 0.0334107 0.0402101 0.0461568 0.0507378 0.0537939 0.0554907 0.0561545 0.056119 0.0556468 0.0549037 0.0539586 0.0528002 0.0513616 0.0495299 0.0471332 0.0439311 0.0396699 0.0342291 0.0277981 0.0209403
 0.00621659 0.00993892 0.0146726 0.0203097 0.0266801 0.0334871 0.0402456 0.0463512 0.0512738 0.0547264 0.0566979 0.0573815 0.0570848 0.056153 0.0548953 0.0535194 0.0520975 0.0505684 0.0487575 0.0464032 0.0431982 0.0388796 0.0333733 0.0269324 0.0201559
 0.0066522 0.0106307 0.0156759 0.0216464 0.0283145 0.0353035 0.0420497 0.0479185 0.052438 0.0554566 0.0570994 0.0576082 0.0572243 0.0561694 0.0546654 0.0529263 0.0511099 0.0492571 0.0472519 0.0448282 0.0416364 0.0373763 0.0319675 0.0256783 0.0191155
 0.00694605 0.0111181 0.0164279 0.0227352 0.0297976 0.037196 0.0442907 0.0503506 0.0548208 0.0575183 0.0586144 0.0584661 0.0574508 0.0558807 0.0539851 0.0519226 0.0497944 0.0476326 0.0453608 0.0427645 0.0395235 0.035338 0.0301124 0.0240937 0.0178591
 0.00727249 0.011639 0.017195 0.0237943 0.0311854 0.0389322 0.0463635 0.0527009 0.0573307 0.0600102 0.0608652 0.0602415 0.0585579 0.0562198 0.0535694 0.0508509 0.0481968 0.0456269 0.0430477 0.0402487 0.0369347 0.0328293 0.0278376 0.0221777 0.0163721
 0.00759286 0.0121513 0.0179502 0.0248347 0.0325379 0.0405987 0.0483101 0.0548549 0.0595897 0.062257 0.0629739 0.0620745 0.059964 0.0570487 0.0537047 0.0502452 0.0468849 0.043712 0.0406729 0.0375767 0.0341416 0.0301021 0.0253589 0.0200953 0.0147676
 0.00796066 0.0127285 0.0187805 0.0259462 0.03394 0.0422776 0.0502214 0.0569201 0.0617032 0.0643027 0.0648417 0.0636676 0.0611951 0.057832 0.0539535 0.049883 0.0458693 0.0420587 0.0384673 0.0349688 0.0313294 0.0273078 0.0227978 0.0179385 0.0131087
 0.00825498 0.0132026 0.0194855 0.0269252 0.0352191 0.0438514 0.0520407 0.0588892 0.0636969 0.066193 0.0665201 0.0650534 0.062231 0.058473 0.0541564 0.0496015 0.0450604 0.0407014 0.0365884 0.0326628 0.0287614 0.0246932 0.0203619 0.0158675 0.011509
 0.00852358 0.0136354 0.02013 0.0278235 0.0364005 0.0453207 0.0537637 0.060786 0.0656489 0.0680627 0.0681753 0.0663862 0.0631685 0.0589774 0.0542152 0.0492124 0.0442208 0.0394104 0.0348635 0.0305659 0.0264164 0.022282 0.0180921 0.0139214 0.00999732
 0.0087172 0.0139494 0.0206015 0.0284877 0.0372851 0.0464374 0.0550971 0.0622878 0.0672409 0.069647 0.0696469 0.0676438 0.0641244 0.0595663 0.0543984 0.0489762 0.0435681 0.0383548 0.0334322 0.0288133 0.0244415 0.020232 0.0161423 0.0122333 0.00867549
 0.00894487 0.0143119 0.0211327 0.029214 0.0382212 0.047579 0.0564129 0.0637167 0.0686987 0.0710409 0.0708889 0.068659 0.0648534 0.0599661 0.0544423 0.0486535 0.042883 0.0373246 0.0320894 0.0272125 0.0226698 0.0184126 0.0144201 0.0107439 0.00750779
 0.00904283 0.0144762 0.0213898 0.0295924 0.0387464 0.0482652 0.0572546 0.0646841 0.0697416 0.0720971 0.071893 0.0695483 0.0655712 0.0604636 0.0546808 0.0486054 0.0425332 0.0366732 0.0311548 0.0260377 0.0213279 0.0170068 0.0130716 0.00956573 0.00657669
 0.00923719 0.014778 0.0218176 0.0301547 0.0394414 0.0490807 0.0581653 0.0656499 0.0707091 0.0730063 0.072686 0.0701766 0.0660001 0.0606724 0.0546602 0.0483536 0.0420528 0.0359715 0.0302484 0.02496 0.0201362 0.0157831 0.0119122 0.00856075 0.00578606
 0.00938221 0.0150086 0.0221548 0.0306134 0.0400267 0.0497824 0.0589538 0.0664769 0.0715162 0.0737384 0.0733003 0.0706448 0.0663048 0.0608036 0.0546124 0.0481255 0.0416471 0.0353951 0.0295151 0.0240959 0.0191852 0.0148088 0.0109899 0.00776128 0.00515674
 0.00947426 0.0151542 0.0223665 0.0309007 0.0403954 0.0502324 0.0594761 0.0670509 0.0721101 0.0743127 0.0738146 0.0710635 0.0666022 0.0609642 0.0546298 0.0479988 0.0413782 0.0349887 0.0289815 0.0234549 0.0184711 0.0140707 0.0102869 0.00714889 0.00467282
 0.00947539 0.0151501 0.0223501 0.0308639 0.0403333 0.0501506 0.0593949 0.0670037 0.072135 0.0744399 0.074055 0.0714042 0.0670085 0.061388 0.0550194 0.0483079 0.0415715 0.0350447 0.028893 0.0232306 0.0181364 0.013667 0.00986503 0.0067592 0.00435262
 0.00941209 0.0150651 0.0222548 0.0307783 0.0402791 0.0501401 0.0594246 0.0670577 0.0721964 0.0745034 0.0741318 0.0715153 0.0671713 0.0616043 0.0552708 0.0485602 0.0417841 0.0351807 0.0289274 0.0231553 0.017962 0.0134213 0.0095875 0.0064908 0.00412553
 0.00929804 0.0148954 0.0220294 0.03051 0.0399927 0.0498692 0.0592065 0.0669255 0.0721701 0.0745822 0.0742955 0.0717346 0.0674214 0.0618714 0.0555488 0.048841 0.0420508 0.0354075 0.0290871 0.0232286 0.0179451 0.013328 0.0094456 0.00633362 0.00398202
 0.00944389 0.0150934 0.0222557 0.0307193 0.0401327 0.0499027 0.059129 0.0667672 0.0719816 0.0744136 0.0741796 0.0716806 0.0674192 0.0619027 0.0555969 0.0488959 0.0421066 0.035457 0.0291186 0.0232283 0.0179036 0.0132462 0.00933579 0.00621531 0.00387435
 0.00966923 0.0154167 0.0226609 0.0311601 0.0405404 0.0502029 0.0592593 0.0666925 0.0717054 0.0739829 0.0736762 0.0711987 0.0670363 0.0616584 0.0554903 0.0488975 0.0421765 0.0355575 0.0292195 0.0233077 0.0179477 0.0132509 0.00930687 0.00616585 0.00381966
 0.00976545 0.0155717 0.0228896 0.0314704 0.0409252 0.0506311 0.0596714 0.067008 0.0718457 0.0739005 0.0733757 0.0707383 0.0665088 0.0611615 0.0550983 0.0486451 0.0420588 0.0355426 0.0292648 0.0233737 0.0180057 0.0132853 0.00931443 0.00615248 0.00379553
 0.00992906 0.0158243 0.0232447 0.0319315 0.041485 0.0512704 0.0603549 0.0676802 0.0724321 0.0743169 0.073548 0.0706246 0.0661176 0.0605544 0.0543744 0.0479123 0.0414039 0.0350141 0.0288719 0.0230977 0.0178164 0.0131534 0.00921887 0.006081 0.00374239
 0.00996527 0.0158802 0.0233235 0.0320352 0.041615 0.0514285 0.0605435 0.0679007 0.0726809 0.0745811 0.0738006 0.0708255 0.0662212 0.0605261 0.0542066 0.047632 0.0410646 0.0346762 0.0285825 0.0228788 0.0176661 0.0130564 0.00915674 0.00603958 0.00371348
 0.00979569 0.0156489 0.0230572 0.0317856 0.0414439 0.0513838 0.0606406 0.0681204 0.0729827 0.0749212 0.0741435 0.0711443 0.0664925 0.0607253 0.0543111 0.04763 0.0409643 0.0345068 0.0283849 0.0226918 0.0175142 0.012947 0.00908448 0.00599428 0.00368559
 0.0095248 0.0152444 0.0225174 0.0311383 0.0407454 0.0507132 0.0600895 0.0677769 0.0729083 0.075129 0.074591 0.0717487 0.0671585 0.0613703 0.0548768 0.048082 0.0412891 0.0347097 0.0284875 0.0227253 0.0175109 0.012931 0.00906916 0.00598376 0.0036793
 0.00941092 0.0150548 0.0222254 0.03072 0.0401908 0.0500396 0.0593532 0.0670716 0.0723453 0.0748066 0.0745649 0.0720173 0.0676665 0.0620272 0.0555824 0.04875 0.0418602 0.035155 0.0288046 0.0229314 0.0176329 0.0129974 0.00910322 0.00600089 0.00368797
 0.00932524 0.0149064 0.0219851 0.0303551 0.0396721 0.0493546 0.05852 0.0661472 0.0714232 0.0740027 0.0739956 0.0717734 0.0677893 0.0624958 0.0563184 0.049639 0.0427819 0.0360097 0.0295283 0.0234978 0.0180463 0.0132807 0.00928638 0.00611293 0.00375274
 0.00931231 0.0148864 0.0219558 0.0303115 0.0396033 0.0492404 0.0583318 0.0658552 0.0710108 0.0734822 0.0734174 0.071221 0.0673608 0.0622757 0.0563516 0.0499165 0.0432449 0.0365698 0.030095 0.024001 0.0184478 0.0135724 0.00948126 0.00623331 0.00382174
 0.00918542 0.014691 0.0216825 0.02996 0.0391836 0.0487723 0.0578439 0.0653806 0.070579 0.0731117 0.0731149 0.0709908 0.0672161 0.0622445 0.0564688 0.0502061 0.0437019 0.0371532 0.030736 0.0246237 0.0189902 0.0139998 0.00978767 0.00643407 0.00394219
 0.00896783 0.0143772 0.0212838 0.029512 0.0387347 0.048367 0.0575091 0.0651236 0.0703941 0.0729881 0.0730418 0.0709585 0.0672185 0.062283 0.0565563 0.0503647 0.043953 0.0375025 0.0311641 0.0250874 0.0194364 0.0143833 0.0100833 0.00663918 0.00407062
 0.00885825 0.0141836 0.0209666 0.0290318 0.03807 0.0475371 0.0565891 0.0642344 0.0696667 0.072518 0.0728616 0.0710403 0.0674988 0.0626922 0.0570386 0.0508858 0.0444977 0.0380655 0.0317375 0.0256521 0.0199619 0.0148369 0.0104417 0.00689637 0.00423749
 0.00961887 0.0152524 0.0222631 0.0303721 0.0392135 0.0482659 0.0567771 0.063875 0.0688574 0.0714225 0.071665 0.0699074 0.0665423 0.0619603 0.0565256 0.0505572 0.0443147 0.037998 0.0317644 0.0257539 0.0201141 0.0150095 0.0106055 0.00703056 0.00433352
 0.0104712 0.0165715 0.0241153 0.0327503 0.0420122 0.0512602 0.0596217 0.0661533 0.0701907 0.0715986 0.0707124 0.0680718 0.0641849 0.0594396 0.0541157 0.0484212 0.0425201 0.0365507 0.0306403 0.0249174 0.0195244 0.0146209 0.0103692 0.00689923 0.00426731
 0.0103454 0.016478 0.0241791 0.0331536 0.0429435 0.0528314 0.0617914 0.0687 0.0727516 0.0737586 0.0721119 0.0684999 0.0636304 0.0580807 0.0522509 0.0463722 0.04055 0.0348254 0.0292326 0.0238342 0.0187356 0.014079 0.0100206 0.00669118 0.00415298
 0.00990068 0.0158232 0.0233272 0.0321795 0.0419867 0.052086 0.06148 0.0690229 0.073812 0.0754912 0.0742607 0.0706746 0.0654258 0.059204 0.0526002 0.046038 0.0397506 0.0338151 0.0282251 0.0229651 0.0180622 0.0136023 0.00971029 0.00650547 0.00405129
 0.00966192 0.0154399 0.0227621 0.0314092 0.0410169 0.050972 0.0603449 0.0680557 0.0732349 0.0754982 0.0749474 0.0719865 0.0671513 0.0610238 0.0541823 0.0471404 0.0402863 0.0338514 0.0279267 0.0225172 0.0176115 0.0132324 0.00944785 0.00634055 0.00395862
 0.00950382 0.0151849 0.0223817 0.0308778 0.040316 0.0500998 0.0593287 0.0669651 0.0721868 0.0746486 0.0744661 0.0720146 0.0677494 0.0621316 0.0556162 0.0486407 0.0415988 0.0348078 0.0284831 0.0227383 0.017617 0.0131404 0.00934013 0.00625645 0.00390642
 0.00949962 0.0151554 0.0222953 0.0306904 0.0399816 0.0495865 0.0586342 0.0661231 0.0712628 0.0737317 0.0736627 0.0714415 0.0675181 0.0623192 0.0562294 0.0495933 0.0427245 0.0359087 0.0293953 0.0233795 0.0179934 0.0133171 0.00939836 0.0062615 0.00389662
 0.00957396 0.0152546 0.0224032 0.0307749 0.0399986 0.0494887 0.0583824 0.0656957 0.070665 0.0730012 0.0728697 0.0706819 0.0668996 0.0619434 0.0561699 0.0498729 0.0432981 0.0366671 0.0301945 0.0240875 0.0185299 0.0136663 0.00959315 0.00635404 0.00393374
 0.00970484 0.0154561 0.0226842 0.0311322 0.0404133 0.0499228 0.058777 0.0659768 0.0707585 0.0728545 0.0724708 0.0700676 0.0661512 0.061172 0.0554946 0.0493948 0.0430756 0.0366987 0.0304202 0.0244109 0.0188541 0.0139252 0.00976336 0.00644642 0.00397426
 0.00978014 0.0155729 0.0228494 0.0313485 0.0406783 0.0502278 0.0591047 0.0662981 0.0710319 0.0730304 0.0725011 0.069919 0.0658194 0.0606902 0.0549323 0.0488442 0.0426272 0.0364156 0.0303196 0.0244616 0.0189939 0.0140875 0.00990076 0.0065395 0.00402598
 0.00970743 0.015483 0.0227661 0.0313107 0.0407286 0.0503951 0.0593896 0.0666702 0.0714396 0.0734155 0.0728096 0.0701067 0.0658552 0.0605621 0.0546545 0.0484608 0.0422068 0.0360334 0.030035 0.0243003 0.0189441 0.0141117 0.00995596 0.00659372 0.00406442
 0.00960564 0.0153327 0.0225697 0.0310841 0.040502 0.0502101 0.0592934 0.0667051 0.0716278 0.0737453 0.0732327 0.0705497 0.0662405 0.060828 0.0547677 0.0484212 0.0420452 0.0358036 0.0297984 0.0241079 0.018822 0.0140584 0.00995103 0.00661169 0.00408612
 0.0095363 0.0152188 0.0223968 0.0308405 0.0401844 0.0498312 0.0588887 0.0663319 0.0713543 0.0736317 0.0733118 0.0708146 0.0666443 0.0612962 0.0552188 0.0487886 0.0422929 0.0359314 0.0298349 0.0240957 0.0188 0.0140501 0.00996156 0.00663411 0.00411033
 0.00949483 0.0151547 0.0223061 0.0307204 0.0400323 0.0496444 0.0586658 0.0660779 0.0710863 0.0733824 0.0731259 0.0707371 0.0667044 0.0614931 0.0555185 0.0491335 0.0426209 0.0361954 0.0300154 0.0242001 0.0188525 0.0140768 0.00998055 0.00665261 0.0041281
 0.00939967 0.0150111 0.0221108 0.030478 0.0397541 0.0493459 0.0583646 0.0657919 0.0708321 0.0731745 0.0729775 0.070663 0.0667215 0.0616157 0.0557492 0.0494544 0.0429935 0.0365704 0.0303481 0.0244639 0.0190425 0.0142045 0.0100635 0.00670644 0.00416314
 0.00943789 0.0150521 0.0221341 0.0304528 0.039649 0.0491437 0.0580734 0.0654458 0.0704791 0.0728599 0.0727322 0.0705015 0.0666474 0.0616287 0.0558482 0.0496349 0.0432419 0.0368609 0.0306461 0.0247355 0.0192646 0.0143692 0.010176 0.00677837 0.00420687
 0.00945007 0.0150667 0.0221452 0.0304492 0.0396134 0.0490544 0.0579092 0.0651939 0.0701452 0.0724742 0.0723463 0.0701739 0.066426 0.0615385 0.0558899 0.0497921 0.0434884 0.0371657 0.0309754 0.0250554 0.0195464 0.0145951 0.0103412 0.00688911 0.00427522
 0.00971049 0.0154969 0.0228024 0.0313825 0.0408436 0.0505456 0.0595468 0.0667886 0.0714725 0.0733354 0.0726228 0.0698526 0.0655914 0.0603412 0.054505 0.048381 0.0421749 0.0360265 0.0300442 0.0243325 0.0190106 0.0142149 0.0100829 0.00672184 0.00417303
 0.00949627 0.0151926 0.0224285 0.0309929 0.040519 0.0503783 0.0596195 0.0671519 0.0721222 0.0741976 0.07356 0.0706974 0.0661966 0.0606239 0.0544642 0.0480847 0.0417272 0.0355327 0.0295849 0.0239538 0.018727 0.0140187 0.0099563 0.00664498 0.00412893
 0.00920443 0.0147425 0.021799 0.0301874 0.0395726 0.0493638 0.058651 0.0663745 0.071682 0.074198 0.0740236 0.0715514 0.0672893 0.0617672 0.0554862 0.0488732 0.0422482 0.0358191 0.0297067 0.023985 0.0187233 0.014011 0.00995507 0.00664968 0.00413571
 0.00889355 0.0142898 0.0212148 0.0295138 0.03887 0.0486906 0.0580501 0.0658759 0.0713159 0.0740054 0.0740527 0.071839 0.0678352 0.062518 0.0563396 0.049705 0.0429506 0.0363315 0.0300248 0.0241472 0.0187855 0.0140234 0.00995061 0.00664395 0.00413301
#obs surv len freq
 0.00496728 0.00813593 0.0123746 0.017697 0.0239775 0.0308519 0.0376962 0.0437872 0.0485733 0.0518502 0.0537335 0.0545074 0.054493 0.0539901 0.0532613 0.0525208 0.0519129 0.0514711 0.0510562 0.0502988 0.0486166 0.0453791 0.0402094 0.0332765 0.0253622
 0.00518102 0.00848561 0.0129049 0.0184506 0.0249871 0.0321267 0.0392094 0.0454723 0.0503342 0.0535796 0.0553279 0.0558731 0.0555456 0.054654 0.0534736 0.0522382 0.0511202 0.0501889 0.0493455 0.0482635 0.0464001 0.0431528 0.0381486 0.0315272 0.0240095
 0.00541117 0.00886228 0.0134766 0.0192643 0.0260794 0.0335103 0.0408577 0.0473145 0.0522641 0.0554763 0.0570752 0.0573704 0.0567107 0.0554197 0.0537833 0.0520446 0.0503899 0.0489143 0.0475606 0.0460578 0.0439245 0.0406076 0.035752 0.0294682 0.0224045
 0.00564564 0.00924796 0.0140654 0.0201077 0.0272186 0.0349603 0.0425918 0.0492581 0.0543052 0.057487 0.0589319 0.0589659 0.0579578 0.0562504 0.0541445 0.0518937 0.0496933 0.0476543 0.0457528 0.043773 0.0413053 0.0378641 0.0331283 0.0271869 0.02061
 0.00588373 0.00963789 0.0146579 0.0209522 0.0283549 0.0364041 0.0443193 0.0511994 0.0563535 0.0595171 0.0608195 0.0606006 0.059248 0.0571245 0.0545479 0.0517844 0.0490391 0.0464357 0.0439773 0.0414984 0.0386617 0.0350575 0.0304111 0.024799 0.0187154
 0.00612804 0.0100377 0.0152646 0.0218153 0.0295127 0.0378686 0.0460612 0.0531431 0.0583876 0.0615161 0.062664 0.0621875 0.0604938 0.0579634 0.054929 0.0516682 0.0483948 0.0452439 0.0422418 0.0392687 0.0360566 0.0322725 0.0276941 0.0223933 0.0167933
 0.00638944 0.0104641 0.0159089 0.0227273 0.0307291 0.0393978 0.0478671 0.0551401 0.0604533 0.063515 0.0644707 0.0637003 0.0616372 0.0586852 0.0551945 0.0514527 0.0476789 0.044015 0.0405052 0.0370692 0.0335023 0.0295454 0.0250294 0.0200265 0.0148952
 0.00660778 0.0108281 0.0164731 0.0235481 0.0318522 0.04084 0.0495976 0.057075 0.0624681 0.0654706 0.0662372 0.0651711 0.0627344 0.0593578 0.0554134 0.0512036 0.0469549 0.0428151 0.0388416 0.0349861 0.0310986 0.0269861 0.0225292 0.0178027 0.0131076
 0.00684201 0.0112079 0.0170434 0.0243507 0.0329194 0.0421831 0.0511933 0.0588582 0.0643374 0.0673039 0.0679098 0.066572 0.0637761 0.0599816 0.0555884 0.0509202 0.0462167 0.041634 0.0372412 0.0330157 0.0288523 0.0246133 0.020222 0.0157551 0.0114625
 0.00705461 0.0115582 0.0175786 0.0251167 0.03395 0.0434845 0.0527298 0.0605491 0.0660719 0.0689642 0.0693915 0.067791 0.0646684 0.0605008 0.0557042 0.0506185 0.0454979 0.0405113 0.0357432 0.0311952 0.0267997 0.022464 0.0181454 0.0139198 0.00999152
 0.0072622 0.0118991 0.0180979 0.025858 0.0349465 0.0447439 0.0542197 0.0621917 0.0677543 0.0705606 0.070786 0.0688935 0.0654199 0.0608715 0.0556863 0.0502176 0.0447273 0.0393908 0.0343038 0.0294889 0.0249108 0.0205139 0.0162814 0.0122855 0.00868903
 0.00743426 0.0121803 0.018524 0.0264634 0.0357579 0.0457702 0.0554405 0.0635527 0.0691726 0.0719385 0.0720256 0.0699082 0.0661423 0.0612575 0.0557164 0.049893 0.0440636 0.0384134 0.0330481 0.0280068 0.0232793 0.0188393 0.0146895 0.0108964 0.00758626
 0.00750509 0.0123015 0.0187182 0.0267565 0.0361753 0.0463299 0.0561454 0.0643862 0.0700998 0.072911 0.0729857 0.0707928 0.0668866 0.0618007 0.0560087 0.0499007 0.0437728 0.0378293 0.0321952 0.0269306 0.0220494 0.0175495 0.0134479 0.00980505 0.00671624
 0.00759896 0.0124446 0.0189163 0.0270105 0.0364837 0.0466917 0.056562 0.0648593 0.0706274 0.0734836 0.0735841 0.0713873 0.0674383 0.0622643 0.0563362 0.050047 0.0437021 0.0375221 0.0316534 0.0261815 0.0211478 0.0165745 0.0124923 0.00895605 0.00603516
 0.00763518 0.0125038 0.0190056 0.0271359 0.0366479 0.046892 0.0567894 0.0651018 0.0708763 0.0737392 0.0738561 0.071687 0.0677677 0.0626082 0.0566603 0.050304 0.043841 0.0374992 0.031443 0.0257844 0.0205954 0.015926 0.0118239 0.0083433 0.00553357
 0.00770818 0.0126085 0.0191376 0.027283 0.0367944 0.0470257 0.0569062 0.0652049 0.0709731 0.0738366 0.0739598 0.0718029 0.0679025 0.0627661 0.0568368 0.05048 0.0439823 0.0375636 0.0313922 0.0255972 0.0202775 0.0155122 0.0113698 0.00790978 0.00516911
 0.00777512 0.0127128 0.0192855 0.027475 0.0370229 0.0472733 0.0571453 0.0654036 0.0711049 0.0738918 0.0739488 0.0717517 0.0678415 0.0627202 0.0568194 0.0504909 0.0440072 0.0375757 0.0313586 0.0254897 0.0200846 0.0152456 0.011063 0.00760604 0.00490681
 0.00780263 0.0127594 0.0193589 0.0275831 0.0371715 0.0474619 0.057364 0.0656317 0.0713142 0.0740533 0.0740417 0.0717694 0.0677946 0.0626319 0.0567177 0.0503984 0.0439339 0.0375164 0.0312956 0.0254007 0.0199528 0.0150693 0.0108572 0.00739737 0.00472233
 0.00784743 0.0128247 0.0194432 0.0276812 0.0372767 0.0475698 0.0574743 0.0657468 0.0714349 0.0741746 0.074151 0.0718497 0.0678307 0.0626177 0.0566589 0.0503105 0.0438351 0.0374196 0.0312031 0.0253051 0.0198436 0.0149408 0.0107139 0.00725315 0.00459373
 0.00786975 0.0128616 0.0194996 0.0277607 0.0373797 0.0476911 0.0576023 0.0658658 0.0715314 0.0742424 0.0741929 0.0718726 0.0678394 0.0626113 0.0566329 0.0502619 0.0437663 0.0373373 0.0311145 0.0252136 0.0197483 0.01484 0.0106094 0.00715146 0.00450399
 0.00788293 0.0128781 0.0195157 0.0277706 0.0373784 0.0476777 0.0575817 0.0658478 0.0715257 0.0742542 0.0742215 0.0719135 0.0678875 0.0626618 0.056681 0.0503019 0.0437925 0.037346 0.0311051 0.0251877 0.0197084 0.0147889 0.010551 0.00709147 0.00444904
 0.00789517 0.0128941 0.0195323 0.0277821 0.0373774 0.0476572 0.057538 0.0657824 0.0714467 0.0741755 0.0741591 0.0718811 0.0678913 0.0626998 0.0567443 0.0503784 0.0438697 0.0374134 0.0311556 0.0252177 0.0197178 0.0147803 0.0105291 0.00706237 0.00441898
 0.00788606 0.0128794 0.0195104 0.0277512 0.0373357 0.0476032 0.0574709 0.0657032 0.0713588 0.0740859 0.0740783 0.0718216 0.067865 0.0627141 0.0567993 0.0504663 0.0439774 0.0375256 0.0312584 0.0253013 0.0197772 0.0148153 0.0105433 0.00706185 0.00441042
 0.00787995 0.0128662 0.0194847 0.0277064 0.0372661 0.0475069 0.0573525 0.0655734 0.0712316 0.0739744 0.0739923 0.071767 0.0678454 0.0627316 0.0568543 0.0505558 0.0440936 0.0376566 0.03139 0.0254202 0.0198737 0.0148852 0.0105875 0.00708517 0.00441946
 0.00788656 0.0128727 0.0194862 0.0276956 0.0372343 0.047447 0.0572615 0.0654544 0.0710943 0.0738333 0.0738641 0.0716669 0.0677845 0.0627149 0.0568813 0.0506221 0.0441917 0.0377763 0.0315189 0.0255452 0.0199834 0.0149719 0.010649 0.00712364 0.00444032
 0.00788165 0.012865 0.0194752 0.0276801 0.0372125 0.0474156 0.057216 0.0653906 0.0710102 0.0737317 0.0737534 0.0715608 0.0676978 0.0626605 0.0568672 0.0506498 0.044257 0.0378705 0.0316305 0.0256613 0.0200918 0.0150632 0.0107182 0.0071707 0.00446872
 0.00785007 0.0128137 0.0193983 0.027573 0.0370738 0.0472492 0.0570332 0.0652085 0.0708477 0.0736039 0.0736685 0.07152 0.0676988 0.0627003 0.0569431 0.050759 0.0443947 0.038029 0.0317992 0.0258279 0.0202442 0.0151919 0.0108178 0.00724089 0.00451347
 0.00781466 0.0127547 0.0193069 0.0274409 0.036895 0.0470244 0.0567729 0.0649337 0.0705868 0.0733864 0.073518 0.0714497 0.0677101 0.0627848 0.0570864 0.050945 0.0446084 0.0382568 0.0320286 0.0260466 0.0204406 0.0153568 0.0109461 0.00733258 0.00457322
 0.00778971 0.0127114 0.0192366 0.0273339 0.0367428 0.0468231 0.0565268 0.0646574 0.0703033 0.0731235 0.0733035 0.0713069 0.0676541 0.0628195 0.0572047 0.0511308 0.0448409 0.0385144 0.0322913 0.0262974 0.0206656 0.0155459 0.0110939 0.00743919 0.00464359
 0.00777858 0.0126899 0.019198 0.0272694 0.0366433 0.046682 0.0563433 0.0644378 0.0700613 0.0728781 0.0730771 0.0711227 0.0675324 0.0627752 0.0572437 0.0512489 0.0450244 0.0387431 0.0325419 0.0265475 0.0208961 0.0157429 0.0112499 0.00755296 0.00471953
 0.00774286 0.0126365 0.0191261 0.0271805 0.0365401 0.0465664 0.0562153 0.0642964 0.069907 0.0727152 0.0729147 0.0709747 0.0674154 0.0627056 0.0572343 0.0513064 0.0451469 0.0389197 0.0327547 0.0267744 0.0211154 0.0159367 0.0114069 0.00766941 0.00479831
 0.00933703 0.0148627 0.0218019 0.0299122 0.0388386 0.0480311 0.0566788 0.0638486 0.0688047 0.0712528 0.0713308 0.0694219 0.0659756 0.0614171 0.0561148 0.0503633 0.0443808 0.0383244 0.0323159 0.0264704 0.0209198 0.0158213 0.0113459 0.00764141 0.00478797
 0.00931761 0.015129 0.0227276 0.0319601 0.0423582 0.0529859 0.0624738 0.0694291 0.0730329 0.0733582 0.0711658 0.0673969 0.0627774 0.0577152 0.0523966 0.0469127 0.0413321 0.0357254 0.0301707 0.0247596 0.0196078 0.0148603 0.0106785 0.00720571 0.00452275
 0.00897248 0.0145857 0.0219651 0.0310283 0.0414327 0.0524042 0.0626952 0.0708706 0.0758186 0.0771352 0.0751477 0.0706646 0.0646629 0.0580329 0.05141 0.0451162 0.039218 0.0336511 0.0283372 0.0232497 0.0184333 0.0139949 0.0100765 0.00681287 0.00428413
 0.00880431 0.0143014 0.0215177 0.0303706 0.0405351 0.051288 0.0614749 0.0697819 0.0751999 0.0773333 0.0763624 0.0728015 0.0673002 0.0605595 0.0532731 0.0460329 0.039231 0.0330274 0.027406 0.0222791 0.0175841 0.0133326 0.00960452 0.00650264 0.00409588
 0.00874861 0.0142036 0.021356 0.0301174 0.0401598 0.0507643 0.0607932 0.0689669 0.0743307 0.076558 0.0758887 0.072844 0.0679862 0.0618354 0.0548811 0.0475954 0.0404058 0.033641 0.0274879 0.0219969 0.0171399 0.0128844 0.00923845 0.00624364 0.00393264
 0.00869342 0.0141172 0.0212315 0.0299492 0.0399423 0.0504907 0.0604559 0.06856 0.0738563 0.0760372 0.0753752 0.0724334 0.0678052 0.062001 0.0554385 0.0484695 0.041408 0.0345408 0.0281103 0.0222856 0.017152 0.0127353 0.00903947 0.00606648 0.00380554
 0.00868025 0.0140892 0.0211774 0.0298552 0.0397957 0.0502861 0.0601988 0.0682657 0.0735434 0.0757206 0.075066 0.0721471 0.0675751 0.0618836 0.0555003 0.0487535 0.0418974 0.0351466 0.0287005 0.0227416 0.0174168 0.0128242 0.00901303 0.00599192 0.00372998
 0.00870914 0.0141328 0.0212363 0.0299257 0.0398692 0.0503481 0.0602298 0.0682453 0.0734563 0.0755626 0.0748463 0.0718858 0.0672999 0.0616291 0.0553084 0.0486684 0.0419497 0.0353335 0.0289764 0.0230323 0.0176515 0.0129648 0.00906275 0.00598133 0.00369449
 0.00868917 0.0141093 0.0212174 0.0299239 0.0398972 0.0504122 0.0603246 0.0683526 0.0735493 0.0756136 0.0748349 0.0718044 0.0671556 0.0614429 0.0551122 0.0484996 0.0418442 0.0353142 0.0290429 0.0231575 0.0177921 0.0130804 0.0091323 0.00600649 0.00369098
 0.00868031 0.0140916 0.0211852 0.029872 0.0398239 0.0503242 0.0602384 0.0682907 0.073531 0.0756444 0.0749019 0.0718812 0.0672132 0.0614617 0.0550887 0.0484475 0.0417885 0.035282 0.0290524 0.0232102 0.0178726 0.0131646 0.00919927 0.006047 0.00370776
 0.00866069 0.0140607 0.0211403 0.0298108 0.0397449 0.0502269 0.0601252 0.0681692 0.0734152 0.0755534 0.0748543 0.0718872 0.0672689 0.0615493 0.0551841 0.0485309 0.0418524 0.035332 0.0291009 0.0232677 0.0179406 0.0132355 0.00926167 0.0060926 0.00373487
 0.00863738 0.0140249 0.0210905 0.029747 0.0396685 0.0501406 0.0600329 0.0680756 0.0733257 0.0754744 0.0747934 0.071853 0.0672691 0.0615867 0.0552541 0.0486212 0.0419481 0.0354217 0.0291807 0.0233393 0.0180071 0.013297 0.00931497 0.00613381 0.00376243
 0.008653 0.014045 0.0211111 0.0297611 0.0396684 0.0501209 0.0599927 0.0680188 0.0732593 0.0754056 0.0747277 0.0717948 0.067223 0.061558 0.0552469 0.048637 0.0419835 0.0354698 0.0292338 0.0233918 0.0180562 0.0133412 0.00935293 0.00616386 0.0037837
 0.0086073 0.0139792 0.0210275 0.0296668 0.0395725 0.0500306 0.0599107 0.0679447 0.0731919 0.0753467 0.0746829 0.071771 0.0672251 0.0615874 0.0553016 0.0487126 0.0420743 0.0355692 0.0293345 0.023487 0.0181406 0.0134116 0.00940831 0.00620455 0.00381126
 0.00862861 0.0140073 0.0210581 0.0296925 0.039586 0.0500283 0.0598956 0.0679239 0.0731723 0.0753303 0.0746655 0.0717466 0.0671906 0.0615457 0.05526 0.0486797 0.0420561 0.035568 0.0293485 0.023512 0.0181712 0.0134428 0.00943614 0.00622686 0.00382738
 0.00862861 0.0140073 0.0210581 0.0296925 0.039586 0.0500283 0.0598956 0.0679239 0.0731723 0.0753303 0.0746655 0.0717466 0.0671906 0.0615457 0.05526 0.0486797 0.0420561 0.035568 0.0293485 0.023512 0.0181712 0.0134428 0.00943614 0.00622686 0.00382738
 0.00855742 0.0138996 0.0209108 0.0295082 0.0393718 0.0497949 0.0596569 0.0676979 0.0729807 0.0751953 0.0746049 0.0717674 0.0672867 0.0616994 0.0554491 0.0488832 0.0422589 0.0357604 0.0295249 0.0236682 0.0183041 0.0135504 0.00951814 0.00628515 0.00386569
 0.00901049 0.0146061 0.0219151 0.0308233 0.0409681 0.0515879 0.0614989 0.0693883 0.0743047 0.0759787 0.0747605 0.0713109 0.0663205 0.0603774 0.053938 0.0473319 0.0407821 0.0344346 0.0283927 0.0227456 0.0175874 0.0130218 0.00915008 0.00604497 0.00371992
 0.00876578 0.0142706 0.0215267 0.0304591 0.0407266 0.0515589 0.0617345 0.0698882 0.0750166 0.0768088 0.0755904 0.07202 0.0668123 0.0606011 0.0538969 0.0470756 0.0403862 0.0339783 0.027942 0.0223454 0.017261 0.0127749 0.00897656 0.00593181 0.00365174
 0.00862221 0.0140065 0.0210778 0.0297609 0.0397478 0.0503442 0.0604313 0.0687277 0.0742426 0.0765894 0.0759582 0.0728721 0.0679581 0.0618285 0.0550274 0.0479961 0.0410554 0.0344128 0.0281925 0.0224719 0.0173155 0.0127941 0.00898171 0.00593293 0.00365236
 0.00881788 0.0143013 0.0214741 0.0302355 0.0402458 0.0507795 0.0606987 0.0687336 0.0739503 0.0760537 0.0753204 0.0723066 0.0675991 0.0617189 0.0551167 0.0481801 0.0412285 0.0345064 0.0281868 0.0223862 0.0171874 0.0126603 0.00886718 0.00584821 0.00359698
#pred catch len freq
 0.00535886 0.00843118 0.0122007 0.0165299 0.0213208 0.0265005 0.0319403 0.0374114 0.0426278 0.0473235 0.0513014 0.0544477 0.0567331 0.0581995 0.0589259 0.0589894 0.0584405 0.0572927 0.0555063 0.0529585 0.0494299 0.0446672 0.0385546 0.0313161 0.0235924
 0.00571176 0.00891415 0.0127657 0.0170918 0.0218013 0.0268874 0.032319 0.0379351 0.0434315 0.0484312 0.0525847 0.0556645 0.0576219 0.0585789 0.0587535 0.0583609 0.0575368 0.0563002 0.0545446 0.0520499 0.0485236 0.0437039 0.0375275 0.0302899 0.0226704
 0.00616202 0.00961024 0.0137412 0.0183407 0.0232664 0.0284555 0.0338328 0.0392352 0.0444212 0.0491248 0.0530915 0.0561045 0.0580283 0.0588615 0.058749 0.0579326 0.0566528 0.0550434 0.0530616 0.0504791 0.0469538 0.042181 0.0360899 0.0289947 0.0215861
 0.0065326 0.0101978 0.0145992 0.0195119 0.024778 0.0303064 0.0359713 0.0415372 0.0466885 0.0511196 0.0546041 0.0570217 0.058361 0.0587046 0.0582021 0.05704 0.0554068 0.0534374 0.0511405 0.0483482 0.0447507 0.040042 0.0341334 0.0273159 0.0202491
 0.00692402 0.0108049 0.015461 0.020652 0.0262104 0.03204 0.0380047 0.0438404 0.0491801 0.053649 0.0569539 0.0589415 0.0596286 0.0591898 0.0578955 0.0560286 0.0538164 0.0513868 0.0487341 0.0456993 0.0420021 0.0373629 0.0316941 0.0252548 0.0186452
 0.00731406 0.0114102 0.0163193 0.0217829 0.0276178 0.0337153 0.0399253 0.0459655 0.0514469 0.0559705 0.059213 0.0609849 0.0612708 0.0602388 0.0581973 0.0555104 0.052504 0.0493878 0.0462051 0.042821 0.0389717 0.0343899 0.028983 0.0229717 0.0168829
 0.00773615 0.012058 0.0172241 0.0229524 0.0290413 0.0353717 0.0417836 0.0479795 0.0535502 0.058077 0.0612229 0.0627896 0.0627545 0.0612783 0.0586672 0.0553013 0.0515516 0.0477002 0.0438744 0.0400156 0.0359154 0.0313341 0.026171 0.0205971 0.0150531
 0.00811432 0.0126464 0.0180612 0.024058 0.0304163 0.0369976 0.0436188 0.0499557 0.0555764 0.060051 0.0630434 0.0643638 0.064 0.0621204 0.0590343 0.0551228 0.0507663 0.0462774 0.0418415 0.0374798 0.0330655 0.0284165 0.0234437 0.0182733 0.0132555
 0.00844072 0.0131561 0.0187905 0.0250298 0.031641 0.0384719 0.0453196 0.0518308 0.0575407 0.0619916 0.0648339 0.0658836 0.0651509 0.0628348 0.0592721 0.0548594 0.0499828 0.0449627 0.0400113 0.0352033 0.0304848 0.0257409 0.0209118 0.0160952 0.0115598
 0.00872495 0.0135983 0.0194199 0.0258635 0.0326851 0.0397228 0.0467607 0.0534258 0.059229 0.0636891 0.0664385 0.0672849 0.0662444 0.0635357 0.0595248 0.0546377 0.0492822 0.0437941 0.0384031 0.0332176 0.0282358 0.0233989 0.0186797 0.0141603 0.0100434
 0.00897602 0.0139887 0.0199751 0.0265978 0.0336026 0.0408183 0.0480167 0.0548078 0.0606827 0.0651427 0.0678083 0.0684828 0.0671857 0.0641477 0.059753 0.0544503 0.0486698 0.0427678 0.0369961 0.0314915 0.0262914 0.0213794 0.016754 0.0124866 0.00872697
 0.00915534 0.01427 0.02038 0.0271411 0.0342923 0.0416543 0.0489874 0.0558864 0.0618264 0.0662956 0.0689068 0.0694603 0.0679776 0.0646958 0.0600092 0.0543793 0.048252 0.0420016 0.0359022 0.0301195 0.0247261 0.0197408 0.0151828 0.0111144 0.00764273
 0.0093805 0.014613 0.0208541 0.0277453 0.0350154 0.0424804 0.0498973 0.0568545 0.0628163 0.0672593 0.0697884 0.0702033 0.0685321 0.065024 0.0600864 0.0541916 0.0477938 0.0412764 0.0349269 0.0289323 0.023394 0.0183601 0.0138667 0.00996896 0.00673906
 0.00954114 0.0148625 0.021208 0.0282108 0.0355906 0.0431547 0.0506498 0.0576535 0.063622 0.0680292 0.0704814 0.0707818 0.068963 0.0652792 0.0601448 0.0540404 0.0474284 0.0407003 0.0341543 0.0279931 0.0223404 0.017267 0.0128235 0.00905963 0.00602056
 0.0095876 0.014938 0.0213221 0.0283742 0.0358153 0.0434526 0.05103 0.0581172 0.0641582 0.068612 0.0710721 0.0713352 0.0694347 0.065632 0.0603509 0.0540809 0.0472926 0.0403856 0.0336682 0.0273579 0.0215966 0.0164743 0.0120532 0.0083798 0.00547855
 0.00959879 0.01495 0.0213296 0.0283698 0.0357942 0.0434184 0.0509992 0.0581185 0.0642256 0.068774 0.0713411 0.0717011 0.0698653 0.0660789 0.0607597 0.0544008 0.0474837 0.0404223 0.0335416 0.0270771 0.0211906 0.0159907 0.0115513 0.00791788 0.00509987
 0.00953535 0.014864 0.0212314 0.0282783 0.03573 0.0433942 0.0510136 0.0581591 0.0642795 0.0688394 0.0714313 0.0718375 0.070064 0.0663391 0.0610588 0.0546991 0.0477343 0.0405828 0.033583 0.0269898 0.0209871 0.0157036 0.0112267 0.00760376 0.00483403
 0.00944719 0.0147347 0.0210635 0.0280851 0.035534 0.0432229 0.0508939 0.0581112 0.0643109 0.0689417 0.0715838 0.0720175 0.0702575 0.0665437 0.0612772 0.054928 0.0479571 0.040771 0.0337051 0.0270233 0.0209265 0.0155639 0.0110388 0.00740506 0.00465672
 0.0095396 0.0148546 0.0211883 0.0281766 0.0355507 0.0431392 0.0507152 0.0578754 0.0640742 0.0687579 0.0714867 0.0720139 0.0703319 0.0666697 0.0614296 0.0550892 0.0481146 0.0409122 0.0338136 0.0270817 0.020924 0.0155026 0.0109347 0.00728297 0.00454096
 0.00972526 0.0151172 0.0215096 0.0285115 0.0358354 0.0433077 0.0507171 0.0576894 0.0637173 0.0682859 0.0709843 0.0715723 0.0700211 0.0665204 0.0614314 0.0552038 0.0482944 0.0411134 0.0340014 0.0272309 0.0210194 0.0155406 0.0109237 0.0072402 0.00448628
 0.00987213 0.0153435 0.0218252 0.028913 0.036302 0.0437976 0.0511665 0.0580197 0.0638541 0.0681844 0.0706493 0.0710617 0.0694307 0.0659547 0.0609736 0.0548962 0.0481358 0.0410713 0.03403 0.0272866 0.0210697 0.0155674 0.0109229 0.00721806 0.00445395
 0.00999806 0.0155366 0.0220948 0.0292611 0.0367248 0.0442858 0.0517021 0.0585692 0.0643625 0.068578 0.0708509 0.0710162 0.0691289 0.0654438 0.0603445 0.0542544 0.0475687 0.0406273 0.0337165 0.0270815 0.0209392 0.0154804 0.0108583 0.00716548 0.00441083
 0.0100479 0.0156121 0.0221985 0.0293929 0.0368832 0.0444709 0.051916 0.0588145 0.0646375 0.0688703 0.0711317 0.07124 0.0692436 0.0654087 0.0601502 0.053931 0.0471776 0.0402382 0.0333836 0.0268302 0.0207674 0.0153699 0.0107877 0.00711837 0.0043778
 0.00988164 0.0153846 0.0219349 0.029143 0.0367072 0.0444165 0.0520015 0.0590257 0.0649392 0.0692225 0.0714995 0.0715935 0.0695532 0.065642 0.0602771 0.0539354 0.0470672 0.0400463 0.0331579 0.0266159 0.0205932 0.0152445 0.010705 0.00706664 0.00434595
 0.00962052 0.0149993 0.0214299 0.0285522 0.0360908 0.0438507 0.0515657 0.0587891 0.0649443 0.0694705 0.0719474 0.0721673 0.0701702 0.0662302 0.0607837 0.0543272 0.0473302 0.0401859 0.0331977 0.0265911 0.0205398 0.0151892 0.0106614 0.00703741 0.00432819
 0.00943546 0.0147091 0.0210141 0.028002 0.035414 0.0430787 0.05076 0.0580399 0.0643572 0.0691411 0.0719343 0.0724742 0.0707442 0.0669775 0.0615951 0.0551043 0.0480023 0.0407163 0.0335806 0.0268437 0.0206925 0.0152747 0.0107069 0.00706118 0.00434064
 0.00935461 0.0145722 0.0207972 0.0276781 0.034957 0.0424722 0.050009 0.0571819 0.0634663 0.0683233 0.0713097 0.0721495 0.0707818 0.0673746 0.0622832 0.0559695 0.0489182 0.0415741 0.0343086 0.0274115 0.0211031 0.0155523 0.0108835 0.00716746 0.00440118
 0.00927983 0.01446 0.0206447 0.0274853 0.0347228 0.0421885 0.0496594 0.0567478 0.0629401 0.0677232 0.070689 0.0715934 0.0703896 0.0672316 0.0624323 0.0563947 0.0495483 0.0423051 0.0350345 0.0280509 0.0216122 0.0159228 0.011132 0.0073218 0.0044902
 0.00917053 0.0142936 0.0204154 0.0271954 0.0343817 0.0418104 0.0492608 0.0563443 0.0625436 0.0673403 0.0703246 0.0712604 0.0701183 0.0670707 0.0624365 0.0566028 0.0499617 0.0428805 0.035694 0.0287061 0.0221899 0.0163807 0.011461 0.0075373 0.00461923
 0.00891658 0.0139267 0.0199483 0.0266684 0.0338506 0.0413265 0.0488559 0.0560283 0.0623116 0.0671817 0.0702284 0.0712165 0.07012 0.0671195 0.0625467 0.0567992 0.0502679 0.0433019 0.0362067 0.029259 0.0227204 0.0168359 0.0118116 0.00778038 0.00477141
