SBPRF35
12.7214
Curr Bio
750417
B35
869176
F35
0.170227
FOFL
0.149685
OFL
94723
Bzero
3.63469e+06
#pred survey bio
 3.65132e+06 3.54051e+06 3.43625e+06 3.27792e+06 3.08546e+06 2.85517e+06 2.5917e+06 2.32778e+06 2.08344e+06 1.84085e+06 1.64295e+06 1.44588e+06 1.28901e+06 1.15315e+06 1.0269e+06 925173 830067 736782 681229 643155 618008 591047 572235 572749 566737 563336 554395 551826 557457 547970 552700 571453 578814 587406 598397 618823 632034 644993 667623 669446 678989 692863 700450 701350 712735 724344 735346 737193 723153 722698 729467 722126 711784 734716 755651 755337 2.70912e+07 1.6001e+07 1.61022e+07 1.69292e+07 1.82766e+07 1.98531e+07 2.14301e+07 2.28684e+07 2.41036e+07 2.51217e+07 2.59371e+07 2.65771e+07 2.70727e+07 2.7453e+07 2.77432e+07 2.7964e+07 2.81321e+07 2.82601e+07 2.83578e+07 2.84327e+07 2.84904e+07 2.85349e+07 2.85696e+07 2.85966e+07 2.86178e+07 2.86345e+07 2.86477e+07 2.86582e+07 2.86665e+07 2.86731e+07 2.86785e+07 2.86828e+07 2.86862e+07 2.8689e+07 2.86913e+07 2.86931e+07 2.86946e+07 2.86958e+07 2.86968e+07 2.86976e+07 2.86982e+07 2.86988e+07 2.86992e+07 2.86996e+07 2.86998e+07 2.87001e+07 2.87003e+07 2.87004e+07 2.87006e+07 2.87007e+07 2.87008e+07 2.87008e+07 2.87009e+07 2.87009e+07 2.8701e+07 2.8701e+07 2.8701e+07 2.87011e+07 2.87011e+07 2.87011e+07 2.87011e+07 2.87011e+07 2.87011e+07 2.87011e+07 2.87011e+07 2.87011e+07 2.87011e+07 2.87011e+07 2.87011e+07 2.87011e+07 2.87011e+07 2.87011e+07 2.87011e+07 2.87011e+07 2.87011e+07 2.87011e+07 2.87011e+07 2.87011e+07 2.87012e+07 2.87012e+07 2.87012e+07 2.87012e+07 2.87012e+07 2.87012e+07 2.87012e+07 2.87012e+07 2.87012e+07 2.87012e+07 2.87012e+07 2.87012e+07 2.87012e+07 2.87012e+07 2.87012e+07 2.87012e+07 2.87012e+07 2.87012e+07 2.87012e+07 2.87012e+07 2.87012e+07 2.87012e+07 0 0 0 0 0 0 0 0 0 0 0 0 0 0 0 0 0 0 0 0 0 0 0 0 0
#obs survey bio
 3.3756e+06 3.8429e+06 2.64664e+06 3.28739e+06 3.53866e+06 4.23759e+06 2.51542e+06 2.16111e+06 2.1592e+06 1.57685e+06 1.54584e+06 1.13941e+06 801637 847981 1.0337e+06 973972 717411 694471 681502 526392 720331 622928 471362 491231 674570 486425 596597 616332 492961 563699 571871 583800 724625 698666 547194 597402 798687 696137 1.01189e+06 496479 621734 597745 670723 711807 739986 585611 714505 901988 846757 714987 765452 618907 584348 977017 590619 620100
#pred catch bio
 97127 95626.7 151639 192730 239911 284459 299370 295244 305980 276513 284851 256076 243008 237445 216213 208548 202679 165847 147934 134375 133206 123715 106634 112322 109808 113842 107610 100567 112507 99182.5 87660 97834.8 96818.6 95162.3 88242.6 95740.7 97126 90552.2 109290 103096 100527 106645 111952 102469 102383 103136 110722 122746 109400 102811 114457 115887 87339.3 89566.8 105387 83910.3 94723 104946 104248 108033 115997 125825 135707 144631 152165 158237 162967 166559 169235 171199 172622 173644 174373 174890 175254 175510 175689 175814 175901 175962 176004 176033 176053 176067 176077 176084 176088 176091 176094 176095 176096 176097 176097 176098 176098 176098 176098 176098 176098 176098 176098 176098 176098 176098 176098 176098 176098 176098 176098 176098 176098 176098 176098 176098 176098 176098 176098 176098 176098 176098 176098 176098 176098 176098 176098 176098 176098 176098 176098 176098 176098 176098 176098 176098 176098 176098 176098 176098 176098 176098 176098 176098 176098 176098 176098 176098 176098 176098 176098 176098 176098 176098 176098 176098 176098 176098 0 0 0 0 0 0 0 0 0 0 0 0 0 0 0 0 0 0 0 0 0 0 0 0 0
#obs catch bio
 0 95248.9 151951 192751 240164 285171 299580 295264 305106 275369 284178 255922 243809 239578 217105 209068 203515 166237 149042 135678 134090 124730 107004 113282 110481 115047 108691 101161 114212 100056 88106 98227.3 96969.2 95534.9 88490.2 95899.4 97272.4 90792.3 109342 103563 100677 107211 112472 102566 102143 103085 110500 122688 108932 102287 113871 115879 87125 89382.3 105949 83745.4
#pred cpue bio
 3.59586e+06 3.48681e+06 3.38433e+06 3.2269e+06 3.03495e+06 2.80555e+06 2.54354e+06 2.28125e+06 2.03848e+06 1.79758e+06 1.60084e+06 1.40519e+06 1.24935e+06 1.11449e+06 989654 889437 796156 704961 650700 613677 589394 563396 545196 545604 539690 536368 527727 525329 530921 521942 526826 545320 552668 561115 571890 591849 604732 617266 639289 641109 650348 663838 671340 672476 683855 695355 706173 708113 694645 694392 701101 693980 683905 706447 727445 728228 2.61881e+07 1.54893e+07 1.54367e+07 1.60583e+07 1.73179e+07 1.88692e+07 2.04402e+07 2.18772e+07 2.31122e+07 2.41302e+07 2.49456e+07 2.55856e+07 2.60812e+07 2.64615e+07 2.67517e+07 2.69725e+07 2.71405e+07 2.72685e+07 2.73663e+07 2.74412e+07 2.74989e+07 2.75434e+07 2.75781e+07 2.76051e+07 2.76263e+07 2.7643e+07 2.76562e+07 2.76667e+07 2.7675e+07 2.76816e+07 2.76869e+07 2.76912e+07 2.76947e+07 2.76975e+07 2.76997e+07 2.77016e+07 2.77031e+07 2.77043e+07 2.77053e+07 2.77061e+07 2.77067e+07 2.77072e+07 2.77077e+07 2.7708e+07 2.77083e+07 2.77086e+07 2.77088e+07 2.77089e+07 2.7709e+07 2.77092e+07 2.77092e+07 2.77093e+07 2.77094e+07 2.77094e+07 2.77095e+07 2.77095e+07 2.77095e+07 2.77095e+07 2.77096e+07 2.77096e+07 2.77096e+07 2.77096e+07 2.77096e+07 2.77096e+07 2.77096e+07 2.77096e+07 2.77096e+07 2.77096e+07 2.77096e+07 2.77096e+07 2.77096e+07 2.77096e+07 2.77096e+07 2.77096e+07 2.77096e+07 2.77096e+07 2.77096e+07 2.77096e+07 2.77096e+07 2.77096e+07 2.77096e+07 2.77096e+07 2.77096e+07 2.77096e+07 2.77096e+07 2.77096e+07 2.77096e+07 2.77096e+07 2.77096e+07 2.77096e+07 2.77096e+07 2.77096e+07 2.77096e+07 2.77096e+07 2.77096e+07 2.77096e+07 2.77096e+07 2.77096e+07 2.77096e+07 2.77096e+07 0 0 0 0 0 0 0 0 0 0 0 0 0 0 0 0 0 0 0 0 0 0 0 0 0
#obs cpue bio
 2.79164e+06 4.07502e+06 3.13295e+06 3.65391e+06 2.30265e+06 1.6923e+06 3.13783e+06 2.38888e+06 2.99315e+06 2.0406e+06 1.73136e+06 1.42449e+06 1.50348e+06 1.04241e+06 1.14757e+06 912806 874910 691533 449710 541130 585012 430272 672449 477772 442598 450308 408065 475612 368762 534522 483617 689737 478287 383716 547944 764209 479934 382851 715910 495086 843218 564035 770522 746162 946989 706928 866151 607241 740273 756018 819934 629871 722038 595910 665363 1.15929e+06
#pred surv len freq
 0.00526946 0.00845633 0.0125419 0.0174485 0.02303 0.0290145 0.0349656 0.0403708 0.0448291 0.0481875 0.0505251 0.0520387 0.0529375 0.0533954 0.0535439 0.0534824 0.0532933 0.05304 0.0527142 0.0521325 0.0508494 0.0482152 0.0436533 0.0370539 0.0290116
 0.00539621 0.00858955 0.0126125 0.0173593 0.0226971 0.0284229 0.0342047 0.0396159 0.0442696 0.0479424 0.0506 0.0523459 0.0533596 0.0538486 0.0540072 0.0539838 0.0538668 0.0536782 0.0533427 0.0526229 0.0510709 0.0480991 0.0432324 0.0364505 0.0283813
 0.00560863 0.00891884 0.0130728 0.0179391 0.0233465 0.0290455 0.0346671 0.0397871 0.0440824 0.0474426 0.0499404 0.051719 0.0529106 0.0536271 0.0539815 0.0540928 0.0540616 0.0539251 0.0535974 0.0528103 0.051097 0.047895 0.0427983 0.0358654 0.0277679
 0.00579914 0.009231 0.0135467 0.018612 0.0242421 0.0301564 0.0359338 0.0410867 0.045241 0.0482764 0.0503161 0.0516068 0.0523991 0.0528848 0.053185 0.0533641 0.0534473 0.0534117 0.053137 0.0523379 0.0505462 0.0472221 0.0420099 0.0350272 0.0269797
 0.00597535 0.00951614 0.0139744 0.0192155 0.0250511 0.0311899 0.0371887 0.0425239 0.0467756 0.0497755 0.05161 0.0525207 0.0528021 0.0527373 0.0525558 0.0524026 0.0523224 0.0522525 0.0520043 0.0512318 0.0494375 0.0460902 0.040872 0.0339433 0.0260315
 0.00616231 0.00981799 0.0144253 0.0198474 0.0258898 0.0322486 0.0384598 0.043974 0.0483461 0.0513853 0.0531556 0.0538741 0.0538179 0.053278 0.0525321 0.051809 0.0512435 0.0508321 0.0503929 0.0495452 0.0477473 0.0444446 0.0393238 0.0325613 0.0248858
 0.00641129 0.0102114 0.0149967 0.020622 0.0268827 0.0334607 0.0398715 0.0455416 0.0500043 0.0530553 0.0547523 0.0553076 0.0549896 0.0540792 0.0528541 0.0515674 0.0504099 0.0494539 0.0485864 0.047465 0.045553 0.0422818 0.0373206 0.0308264 0.0234955
 0.00669044 0.0106534 0.0156402 0.0214957 0.0280011 0.0348184 0.0414358 0.0472496 0.051771 0.0547885 0.0563656 0.0567251 0.056142 0.0548961 0.0532581 0.0514779 0.0497604 0.0482196 0.046809 0.0452604 0.0430966 0.0397792 0.0349734 0.0288 0.0218927
 0.00700655 0.0111482 0.0163498 0.0224423 0.0291916 0.0362415 0.0430569 0.0490068 0.0535793 0.0565517 0.0579901 0.0581291 0.0572582 0.0556687 0.053635 0.0514037 0.0491776 0.0470839 0.0451175 0.0430796 0.0405748 0.0371313 0.0324396 0.0265915 0.0201446
 0.00740002 0.0117646 0.017234 0.0236201 0.0306661 0.0379876 0.0450142 0.0510791 0.0556458 0.0584889 0.059691 0.0595122 0.0582673 0.0562662 0.0537941 0.0510996 0.0483817 0.0457685 0.0432751 0.0407545 0.03789 0.034291 0.0296957 0.024182 0.0182304
 0.00772492 0.0122812 0.01799 0.0246524 0.0319946 0.0396058 0.0468779 0.0531019 0.0577089 0.0604612 0.0614505 0.0609599 0.0593316 0.0569016 0.0539746 0.0508094 0.0476075 0.0444977 0.0415082 0.03853 0.0353133 0.0315458 0.0270207 0.0218137 0.0163367
 0.00813526 0.0129228 0.0189084 0.025874 0.0335241 0.0414224 0.0489278 0.0552934 0.0599185 0.0625508 0.0632871 0.0624313 0.0603553 0.0574279 0.0539837 0.0503026 0.0465962 0.042997 0.039542 0.0361499 0.0326249 0.0287231 0.02429 0.0194023 0.0144092
 0.00847127 0.0134554 0.0196845 0.026928 0.0348719 0.0430529 0.0507928 0.0573051 0.0619601 0.0644968 0.0650211 0.0638549 0.0613901 0.0580156 0.0540868 0.0499043 0.0456979 0.0416151 0.0377093 0.0339276 0.0301201 0.0260999 0.0217557 0.0171644 0.0126184
 0.00867285 0.0137933 0.0202117 0.0277004 0.0359363 0.0444289 0.0524541 0.0591728 0.0639142 0.0664 0.0667425 0.0652853 0.0624477 0.0586454 0.0542565 0.0495995 0.0449185 0.0403752 0.0360421 0.0318959 0.0278298 0.023706 0.0194484 0.0151304 0.0109923
 0.00887134 0.0141115 0.0206835 0.0283573 0.0368058 0.0455288 0.0537832 0.0607002 0.0655744 0.068095 0.0683532 0.0666878 0.063533 0.0593333 0.054501 0.0493844 0.044249 0.0392721 0.0345433 0.030065 0.025768 0.0215566 0.017383 0.0133149 0.00954402
 0.00901875 0.014348 0.0210339 0.0288436 0.0374448 0.0463278 0.0547352 0.0617815 0.0667469 0.0693103 0.0695543 0.067808 0.0644955 0.0600572 0.0549125 0.0494284 0.0438959 0.0385199 0.0334172 0.0286211 0.0240985 0.0197903 0.0156716 0.0118035 0.00833522
 0.00917663 0.0146024 0.0214124 0.0293698 0.0381338 0.0471784 0.055723 0.0628571 0.0678443 0.0703611 0.0705007 0.0686074 0.0651175 0.060476 0.0551004 0.0493547 0.0435322 0.0378491 0.0324444 0.0273829 0.0226689 0.0182788 0.0142089 0.0105138 0.0073055
 0.00944475 0.0150168 0.021996 0.0301301 0.0390621 0.0482505 0.0568964 0.0640694 0.0690168 0.0714106 0.0713531 0.0692105 0.0654462 0.0605313 0.0549001 0.0489209 0.0428815 0.0369914 0.0313906 0.0261589 0.0213278 0.0169042 0.0129043 0.00937843 0.00640726
 0.00954795 0.0151781 0.0222271 0.0304382 0.0394502 0.0487173 0.0574349 0.0646663 0.0696521 0.0720583 0.0719818 0.0697831 0.0659218 0.0608702 0.0550704 0.0489027 0.0426666 0.0365802 0.0307918 0.0253936 0.0204372 0.0159536 0.0119762 0.00855432 0.00574603
 0.0095923 0.0152458 0.0223212 0.0305594 0.0395981 0.0488923 0.0576393 0.0649035 0.0699261 0.0723715 0.0723322 0.070161 0.0663076 0.0612331 0.0553716 0.0491015 0.0427277 0.0364798 0.0305215 0.0249631 0.0198776 0.0153168 0.011329 0.00796423 0.00526382
 0.00961749 0.0152793 0.0223578 0.0305901 0.0396135 0.0488871 0.0576168 0.0648769 0.0699158 0.0724006 0.0724209 0.0703218 0.0665408 0.0615242 0.0556911 0.0494079 0.0429741 0.0366229 0.0305302 0.0248264 0.0196085 0.014952 0.0109216 0.00757128 0.00493089
 0.00975847 0.0154877 0.0226325 0.0309152 0.0399611 0.0492235 0.057908 0.0650939 0.0700394 0.0724268 0.0723636 0.07021 0.0664101 0.0614068 0.0556061 0.0493568 0.0429404 0.0365772 0.0304404 0.0246684 0.0193757 0.0146595 0.0106022 0.00726482 0.00467118
 0.00996484 0.015791 0.0230285 0.0313782 0.0404494 0.0496899 0.0583093 0.0653948 0.0702154 0.0724671 0.072274 0.0700127 0.0661402 0.0611051 0.0553107 0.0490945 0.0427217 0.0363948 0.0302739 0.0244939 0.0191764 0.0144337 0.0103639 0.00703775 0.00447818
 0.00992867 0.0157468 0.0229885 0.0313608 0.0404722 0.0497597 0.058415 0.06551 0.0703101 0.0725206 0.0722826 0.0699877 0.0661 0.0610674 0.0552888 0.0490957 0.0427466 0.0364362 0.0303168 0.0245192 0.0191676 0.0143841 0.01028 0.00693616 0.00437879
 0.00993617 0.0157602 0.0230113 0.0313986 0.040533 0.049853 0.0585489 0.0656858 0.0705161 0.07273 0.072459 0.0700969 0.0661235 0.0610085 0.0551693 0.0489461 0.0425948 0.0363005 0.0302031 0.024423 0.019079 0.0142945 0.010187 0.00684462 0.00429706
 0.00990448 0.0157142 0.0229524 0.0313321 0.0404673 0.0497984 0.0585161 0.0656856 0.0705577 0.0728183 0.0725897 0.0702539 0.0662806 0.0611373 0.0552495 0.0489722 0.0425761 0.0362544 0.0301463 0.0243655 0.0190233 0.014239 0.0101305 0.00678882 0.00424647
 0.00989736 0.0157076 0.0229518 0.0313454 0.040503 0.0498615 0.058606 0.065795 0.0706755 0.0729332 0.072693 0.0703402 0.0663459 0.0611767 0.0552565 0.0489417 0.0425081 0.0361563 0.0300313 0.024248 0.0189141 0.0141433 0.0100499 0.00672324 0.00419544
 0.00991482 0.015723 0.0229517 0.0313111 0.0404176 0.0497204 0.0584239 0.0656046 0.0705163 0.0728376 0.0726762 0.0703991 0.066464 0.0613311 0.0554235 0.0490995 0.0426395 0.0362511 0.0300876 0.0242706 0.0189123 0.0141268 0.0100264 0.00669833 0.00417283
 0.00973372 0.0154617 0.0226191 0.0309348 0.040034 0.0493598 0.0581015 0.0653237 0.0702801 0.0726601 0.0725836 0.0704188 0.0666107 0.0615973 0.0557798 0.0495038 0.0430481 0.0366274 0.0304072 0.0245227 0.019097 0.0142524 0.010105 0.00674282 0.00419484
 0.00972813 0.0154465 0.0225859 0.0308748 0.0399428 0.0492442 0.0579808 0.0652234 0.0702191 0.0726394 0.0725865 0.0704244 0.0666089 0.0615953 0.0557952 0.049551 0.0431291 0.0367312 0.0305159 0.0246194 0.0191713 0.0143017 0.0101326 0.00675479 0.00419761
 0.00973522 0.0154374 0.0225346 0.030745 0.0396989 0.0488677 0.0574854 0.0646596 0.0696636 0.0721749 0.0722789 0.0703063 0.0666755 0.0618127 0.0561171 0.0499335 0.0435373 0.0371376 0.0308971 0.0249554 0.0194478 0.0145127 0.010281 0.00685065 0.00425409
 0.00964026 0.0152878 0.0223174 0.0304494 0.0393157 0.0483899 0.0569134 0.064009 0.0689732 0.0715091 0.0717206 0.0699385 0.066558 0.061964 0.0565097 0.0505055 0.0442114 0.0378401 0.0315686 0.0255536 0.019947 0.0149022 0.0105638 0.00704053 0.00437126
 0.0096295 0.0152724 0.0222977 0.0304256 0.0392854 0.0483458 0.0568408 0.0638868 0.0687794 0.0712303 0.0713629 0.069535 0.0661672 0.0616563 0.056346 0.0505169 0.0443911 0.0381485 0.0319489 0.0259485 0.0203107 0.0152055 0.0107947 0.00720108 0.00447302
 0.00959268 0.0152156 0.022218 0.0303228 0.0391627 0.0482095 0.0566994 0.063749 0.0686498 0.0711056 0.0712326 0.0693877 0.0660009 0.0614872 0.0562082 0.0504526 0.0444331 0.0383061 0.032203 0.0262589 0.0206302 0.0154939 0.0110272 0.00736982 0.00458361
 0.00957702 0.0151842 0.02216 0.0302253 0.0390145 0.0480073 0.0564531 0.0634817 0.0683923 0.0708871 0.0710717 0.0692882 0.0659538 0.061478 0.0562271 0.0505015 0.0445249 0.0384557 0.0324151 0.0265206 0.0209133 0.0157643 0.011257 0.00754422 0.00470218
 0.0095342 0.0151103 0.0220409 0.0300452 0.0387597 0.0476718 0.0560455 0.0630281 0.067934 0.0704738 0.070751 0.0690958 0.0659053 0.0615659 0.056426 0.0507782 0.0448499 0.038809 0.0327844 0.0268943 0.0212747 0.0160921 0.011531 0.0077529 0.00484586
 0.00953857 0.0151185 0.0220545 0.0300643 0.0387801 0.0476824 0.0560272 0.0629576 0.0677929 0.0702579 0.0704771 0.0687993 0.0656312 0.0613559 0.0563075 0.0507589 0.0449207 0.0389513 0.0329771 0.0271176 0.0215092 0.016318 0.01173 0.00791192 0.00496024
 0.0094766 0.0150308 0.0219468 0.0299504 0.0386779 0.0476077 0.0559874 0.0629487 0.0677997 0.0702584 0.070449 0.0687292 0.0655213 0.0612261 0.0561888 0.0506831 0.0449093 0.0390102 0.0330982 0.0272831 0.0216972 0.0165067 0.0119004 0.00805084 0.00506223
 0.00936518 0.0148537 0.0216887 0.0296027 0.038244 0.0471089 0.0554666 0.0624663 0.0674187 0.0700248 0.070378 0.0688037 0.0657033 0.0614728 0.0564671 0.0509757 0.0452125 0.0393261 0.0334256 0.0276134 0.0220149 0.0167939 0.0121417 0.00823761 0.00519436
 0.00941486 0.0149304 0.0217957 0.0297379 0.0383976 0.0472619 0.0555916 0.0625336 0.0674069 0.0699313 0.0702209 0.0686145 0.0655127 0.0613006 0.0563205 0.0508549 0.0451187 0.0392643 0.0334025 0.0276321 0.0220707 0.0168744 0.0122307 0.00832005 0.00526042
 0.00938726 0.0148894 0.0217414 0.0296733 0.0383285 0.0471955 0.0555344 0.0624891 0.0673735 0.0699018 0.0701864 0.06857 0.0654617 0.0612542 0.0562912 0.0508511 0.045142 0.0393121 0.0334715 0.0277191 0.0221715 0.0169815 0.012334 0.00840973 0.00533005
 0.00925668 0.0146969 0.0214886 0.0293752 0.0380094 0.0468828 0.055254 0.0622626 0.0672174 0.0698257 0.0701906 0.0686446 0.06559 0.0614176 0.0564748 0.0510459 0.0453431 0.0395161 0.0336744 0.027916 0.0223564 0.0171482 0.0124764 0.00852321 0.00541324
 0.00912178 0.0144942 0.0212151 0.0290403 0.037634 0.0464961 0.0548899 0.0619561 0.0669988 0.0697137 0.0701882 0.0687402 0.0657624 0.0616422 0.0567288 0.0513107 0.0456062 0.0397699 0.0339146 0.028139 0.0225584 0.0173245 0.0126227 0.00863703 0.00549516
 0.00910598 0.0144588 0.0211444 0.028915 0.0374377 0.0462247 0.0545593 0.0616021 0.0666683 0.069451 0.0700236 0.0686851 0.0658106 0.0617754 0.0569225 0.0515403 0.0458506 0.0400135 0.0341469 0.0283535 0.0227504 0.01749 0.0127585 0.00874174 0.00557
 0.00910298 0.0144423 0.0210977 0.0288144 0.0372574 0.0459452 0.0541771 0.0611356 0.0661582 0.0689547 0.0696048 0.0683998 0.065694 0.0618344 0.0571366 0.0518701 0.0462494 0.0404377 0.0345614 0.0287338 0.0230811 0.0177633 0.0129722 0.00889873 0.00567721
 0.00907675 0.0144047 0.0210495 0.0287573 0.0371901 0.0458595 0.0540558 0.0609574 0.0659074 0.0686327 0.0692368 0.0680332 0.0653868 0.0616394 0.0570868 0.0519705 0.0464783 0.0407553 0.0349222 0.0290959 0.023413 0.018045 0.0131949 0.00906228 0.00578835
 0.0089777 0.0142605 0.0208639 0.0285448 0.0369727 0.0456591 0.053888 0.0608269 0.0658072 0.0685459 0.0691433 0.0679201 0.0652581 0.0615193 0.0570126 0.0519786 0.0465894 0.0409664 0.0352083 0.0294191 0.0237338 0.0183319 0.0134286 0.00923661 0.00590739
 0.00886414 0.0140936 0.020646 0.0282907 0.0367067 0.0454097 0.0536821 0.0606856 0.0657412 0.0685517 0.0692019 0.0680011 0.0653306 0.0615638 0.0570298 0.0519892 0.0466246 0.0410535 0.0353578 0.0296213 0.0239633 0.0185581 0.0136262 0.00939116 0.00601623
 0.00892982 0.0141835 0.0207506 0.0283917 0.0367834 0.0454487 0.0536842 0.0606652 0.065718 0.0685405 0.0692051 0.0680079 0.0653217 0.0615199 0.0569402 0.0518583 0.0464731 0.0409124 0.0352571 0.0295782 0.0239773 0.0186135 0.0137004 0.00946407 0.00607523
 0.00897344 0.014242 0.0208152 0.0284452 0.0368033 0.0454134 0.0535803 0.0604933 0.0654959 0.0683014 0.0689906 0.0678553 0.0652513 0.0615284 0.0570045 0.0519479 0.0465636 0.0409939 0.0353339 0.0296608 0.0240727 0.0187195 0.0138068 0.00955846 0.0061489
 0.00893225 0.0141834 0.0207419 0.0283637 0.0367199 0.0453294 0.0534889 0.0603818 0.0653529 0.0681259 0.0687972 0.0676735 0.0651166 0.0614699 0.0570344 0.0520572 0.0467275 0.0411833 0.0355257 0.029843 0.024241 0.018872 0.0139401 0.0096677 0.00623095
 0.00894049 0.0142015 0.0207777 0.0284272 0.0368209 0.0454723 0.0536684 0.0605794 0.0655385 0.0682631 0.0688531 0.0676293 0.0649764 0.061261 0.0567988 0.0518372 0.0465524 0.0410638 0.0354575 0.0298146 0.024241 0.0188911 0.0139703 0.00970173 0.00626237
 0.00894235 0.0142075 0.0207925 0.0284578 0.0368756 0.0455595 0.0537931 0.0607414 0.0657289 0.0684631 0.0690345 0.0677594 0.0650263 0.0612161 0.0566652 0.0516412 0.0463318 0.0408549 0.0352854 0.0296894 0.0241609 0.0188479 0.0139537 0.00970155 0.00627016
 0.0086468 0.0137595 0.0201798 0.0276929 0.0359955 0.0446212 0.0528717 0.0599249 0.0651069 0.0681083 0.0689848 0.0680082 0.0655249 0.0618866 0.0574203 0.0524036 0.0470484 0.0414994 0.035851 0.0301782 0.0245754 0.0191884 0.0142205 0.00989807 0.00640456
 0.00813857 0.0130035 0.0191731 0.0264797 0.0346553 0.0432489 0.0515622 0.0587685 0.0641879 0.0674993 0.0687374 0.0681438 0.0660285 0.0627064 0.0584732 0.0535888 0.0482652 0.0426643 0.0369066 0.0310932 0.0253377 0.0197975 0.0146839 0.0102302 0.00662613
 0.00761566 0.0122084 0.0180809 0.0251088 0.0330673 0.041543 0.0498688 0.0572362 0.0629589 0.0666787 0.0683739 0.0682323 0.0665286 0.0635594 0.0596093 0.0549265 0.0497116 0.0441223 0.0382878 0.032329 0.0263849 0.0206382 0.015321 0.0106829 0.00692534
#obs surv len freq
 nan nan nan nan nan nan nan nan nan nan nan nan nan nan nan nan nan nan nan nan nan nan nan nan nan
 0.00448696 0.00734954 0.0111809 0.0159986 0.0217005 0.0279768 0.0342912 0.040022 0.0447005 0.0481626 0.0505183 0.0520118 0.0529019 0.0534122 0.0537249 0.0539786 0.0542563 0.0545484 0.0546868 0.0542786 0.0527167 0.0493493 0.0437998 0.0362809 0.0276658
 0.00461272 0.00755772 0.0115008 0.0164586 0.022321 0.0287595 0.0352079 0.0410125 0.0456811 0.0490435 0.0512207 0.0524796 0.0531067 0.0533536 0.0534253 0.0534758 0.0535944 0.0537707 0.0538329 0.0533858 0.0518244 0.048501 0.0430408 0.0356495 0.0271833
 0.00477918 0.00782724 0.0119046 0.0170258 0.0230737 0.0297046 0.036328 0.0422592 0.0469777 0.0502948 0.0523263 0.0533468 0.0536625 0.0535536 0.0532584 0.0529623 0.0527791 0.0527131 0.0525996 0.0520474 0.0504563 0.0471836 0.0418537 0.0346584 0.0264243
 0.00497217 0.00814407 0.0123869 0.0177138 0.0239977 0.0308722 0.0377112 0.0437915 0.0485643 0.0518306 0.0537108 0.0544902 0.0544865 0.0539943 0.0532718 0.0525318 0.05192 0.0514726 0.0510522 0.0502907 0.048606 0.0453677 0.0401986 0.0332672 0.025355
 0.00518287 0.00848887 0.0129103 0.0184591 0.0249996 0.0321438 0.0392305 0.0454953 0.050355 0.0535934 0.0553312 0.0558655 0.0555307 0.0546378 0.0534613 0.0522317 0.0511179 0.0501872 0.0493414 0.0482557 0.046389 0.0431399 0.0381356 0.0315157 0.0240005
 0.00540639 0.00885595 0.0134697 0.0192588 0.0260776 0.0335143 0.0408685 0.0473319 0.0522866 0.0555012 0.0570988 0.0573887 0.0567204 0.0554202 0.0537766 0.0520344 0.0503798 0.0489056 0.0475528 0.0460494 0.0439144 0.0405959 0.0357398 0.029457 0.0223954
 0.00563686 0.00923364 0.014044 0.020078 0.0271806 0.0349162 0.0425463 0.0492177 0.0542769 0.0574755 0.0589381 0.058987 0.0579884 0.0562843 0.0541768 0.0519216 0.0497167 0.0476746 0.0457714 0.0437904 0.0413209 0.0378771 0.0331383 0.0271941 0.0206147
 0.00589538 0.0096545 0.0146785 0.0209743 0.0283748 0.0364181 0.0443246 0.0511951 0.0563408 0.0594991 0.0608011 0.0605862 0.0592405 0.0571238 0.0545517 0.0517893 0.0490421 0.0464355 0.0439738 0.0414925 0.0386545 0.0350496 0.0304032 0.0247917 0.0187092
 0.00613388 0.0100481 0.0152816 0.0218412 0.0295482 0.0379123 0.0461081 0.0531853 0.0584172 0.0615276 0.0626566 0.0621654 0.0604638 0.0579324 0.0549019 0.0516468 0.048378 0.0452295 0.0422277 0.0392538 0.0360409 0.0322567 0.0276793 0.0223805 0.0167832
 0.00637319 0.0104406 0.0158789 0.022694 0.0306969 0.039372 0.0478522 0.055139 0.0604656 0.0635375 0.0644973 0.0637245 0.0616548 0.0586954 0.0551997 0.0514565 0.0476842 0.0440227 0.0405146 0.0370787 0.0335105 0.0295517 0.0250337 0.0200291 0.0148966
 0.00660895 0.0108273 0.016467 0.0235325 0.0318237 0.0407984 0.0495478 0.057026 0.0624308 0.0654529 0.0662413 0.0651934 0.062767 0.0593925 0.0554441 0.0512278 0.0469734 0.0428299 0.0388548 0.0349985 0.03111 0.0269958 0.0225369 0.0178082 0.0131112
 0.00685512 0.0112283 0.0170719 0.024387 0.0329609 0.0422247 0.0512278 0.0588778 0.0643372 0.0672844 0.0678775 0.0665365 0.0637458 0.0599605 0.0555756 0.0509117 0.0462089 0.0416249 0.0372308 0.033005 0.0288422 0.0246044 0.0202144 0.0157489 0.0114577
 0.00706569 0.0115792 0.0176158 0.0251769 0.0340389 0.0436024 0.0528688 0.0606935 0.0662006 0.0690577 0.0694368 0.0677853 0.0646189 0.0604209 0.0556089 0.0505199 0.0454033 0.0404236 0.0356631 0.031123 0.0267358 0.0224093 0.0181005 0.013885 0.00996633
 0.00726758 0.0119063 0.0181062 0.0258666 0.034956 0.0447575 0.0542438 0.0622333 0.0678171 0.0706411 0.0708724 0.0689693 0.0654699 0.0608871 0.0556681 0.0501733 0.0446676 0.0393256 0.0342399 0.0294301 0.0248589 0.0204697 0.0162454 0.0122579 0.00866923
 0.00740163 0.0121324 0.0184614 0.02639 0.0356795 0.0456933 0.0553712 0.063497 0.0691375 0.0719317 0.0720528 0.0699695 0.0662299 0.0613571 0.0558114 0.0499705 0.0441178 0.0384455 0.0330633 0.0280113 0.0232781 0.0188358 0.0146854 0.0108926 0.00758331
 0.00753848 0.0123492 0.0187778 0.026822 0.036239 0.0463854 0.05619 0.0644199 0.0701239 0.0729257 0.0729906 0.0707878 0.0668735 0.0617824 0.0559867 0.0498744 0.0437398 0.037788 0.0321466 0.0268781 0.0219978 0.0175029 0.0134093 0.00977545 0.00669532
 0.00760144 0.0124539 0.0189394 0.0270561 0.0365579 0.0467938 0.0566807 0.0649751 0.0707198 0.0735387 0.0735992 0.0713689 0.0673975 0.0622113 0.0562784 0.0499886 0.0436445 0.0374651 0.0315964 0.026125 0.0210938 0.0165258 0.0124514 0.00892445 0.00601274
 0.0076396 0.0125085 0.0190086 0.027135 0.0366428 0.0468867 0.0567924 0.065123 0.0709214 0.0738048 0.0739293 0.0717511 0.0678098 0.0626236 0.0566521 0.0502794 0.0438072 0.0374611 0.0314034 0.0257447 0.0205569 0.0158904 0.0117932 0.00831894 0.00551593
 0.00769227 0.0125852 0.019107 0.0272467 0.0367545 0.0469841 0.0568645 0.0651659 0.0709421 0.0738216 0.0739686 0.0718383 0.0679601 0.0628346 0.0569031 0.0505341 0.0440201 0.0375856 0.0314016 0.0255973 0.0202714 0.0155024 0.0113587 0.00789945 0.00516077
 0.00776543 0.0126976 0.0192636 0.027446 0.0369877 0.047234 0.0571058 0.0653684 0.0710782 0.0738762 0.0739459 0.071762 0.0678656 0.0627574 0.0568662 0.0505409 0.0440532 0.0376119 0.0313826 0.0255022 0.020088 0.0152431 0.0110573 0.00759961 0.00490108
 0.00782897 0.0127985 0.0194107 0.0276448 0.0372382 0.0475275 0.057422 0.0656762 0.0713407 0.0740594 0.074028 0.0717391 0.0677526 0.0625846 0.0566708 0.050356 0.0438976 0.0374851 0.0312673 0.0253736 0.0199267 0.015045 0.0108361 0.00738047 0.00470998
 0.00784237 0.012821 0.0194461 0.0276974 0.0373126 0.0476274 0.0575486 0.0658266 0.071506 0.0742252 0.074175 0.0718472 0.0678066 0.0625787 0.0566122 0.0502621 0.0437896 0.0373792 0.0311684 0.0252753 0.0198177 0.0149184 0.0106951 0.00723827 0.00458288
 0.00786751 0.0128537 0.0194804 0.0277235 0.0373206 0.0476126 0.057516 0.0657904 0.0714849 0.074235 0.0742225 0.0719276 0.0679049 0.0626746 0.056687 0.0503049 0.0437994 0.0373626 0.0311338 0.025228 0.0197582 0.0148457 0.0106118 0.00715154 0.00450291
 0.00786968 0.0128584 0.0194891 0.0277373 0.037338 0.0476285 0.0575214 0.0657758 0.0714462 0.0741786 0.0741651 0.07189 0.0679028 0.0627114 0.056753 0.0503822 0.0438698 0.0374138 0.031161 0.0252318 0.0197416 0.0148126 0.0105667 0.00710099 0.00445421
 0.00789201 0.0128882 0.0195221 0.0277659 0.037354 0.0476267 0.0575019 0.0657432 0.0714063 0.0741351 0.07412 0.0718465 0.0678674 0.0626935 0.0567599 0.0504144 0.0439196 0.0374685 0.031208 0.0252625 0.019753 0.014806 0.0105466 0.0070733 0.00442523
 0.00788823 0.0128801 0.0195062 0.0277373 0.0373073 0.0475574 0.0574089 0.0656305 0.071284 0.0740182 0.0740249 0.0717866 0.0678495 0.0627179 0.0568218 0.0505063 0.044032 0.0375898 0.0313252 0.0253639 0.0198305 0.0148568 0.0105731 0.00708151 0.00442234
 0.00788305 0.0128705 0.0194895 0.0277101 0.0372661 0.0474995 0.0573337 0.0655398 0.0711824 0.0739131 0.0739261 0.0717055 0.0677976 0.0627035 0.056848 0.0505705 0.0441262 0.0377026 0.0314437 0.0254754 0.0199247 0.0149278 0.0106198 0.00710743 0.00443341
 0.00787925 0.0128626 0.0194745 0.0276842 0.0372254 0.0474418 0.0572592 0.0654524 0.0710882 0.0738192 0.0738398 0.0716337 0.0677469 0.0626797 0.0568557 0.0506113 0.0441978 0.037798 0.0315525 0.0255854 0.0200245 0.015009 0.010679 0.00714543 0.00445457
 0.00785547 0.0128216 0.0194087 0.0275856 0.0370882 0.047266 0.0570537 0.0652351 0.0708827 0.0736486 0.0737214 0.0715763 0.0677509 0.0627395 0.0569619 0.0507534 0.0443652 0.0379801 0.0317379 0.0257622 0.0201818 0.0151385 0.0107767 0.00721249 0.00449604
 0.0078563 0.0128198 0.0193998 0.0275631 0.0370441 0.0471932 0.0569481 0.065098 0.0707219 0.0734783 0.0735605 0.0714448 0.067665 0.0627084 0.0569866 0.0508279 0.0444789 0.0381203 0.0318915 0.0259163 0.0203244 0.0152603 0.010872 0.00728051 0.00453991
 0.00783827 0.0127931 0.0193643 0.0275198 0.0369943 0.0471369 0.0568836 0.065022 0.0706321 0.0733753 0.0734498 0.071337 0.0675742 0.0626488 0.0569691 0.050857 0.0445521 0.038229 0.0320229 0.0260563 0.0204595 0.0153793 0.0109679 0.00735085 0.00458666
 0.00779142 0.0127165 0.0192487 0.0273579 0.0367838 0.0468845 0.0566081 0.0647522 0.0703994 0.0732045 0.0733524 0.0713114 0.0676112 0.0627371 0.0570994 0.0510221 0.0447454 0.0384421 0.0322447 0.0262737 0.020659 0.01555 0.0111031 0.00744932 0.00465218
 0.00777453 0.0126853 0.0191949 0.0272711 0.0366543 0.0467068 0.0563851 0.0644977 0.0701369 0.072963 0.0731604 0.0711904 0.067571 0.0627753 0.0572043 0.0511781 0.0449368 0.038655 0.0324664 0.0264915 0.0208605 0.0157242 0.0112427 0.00755231 0.00472158
 0.00773315 0.0126192 0.0190977 0.0271375 0.0364808 0.0464933 0.0561368 0.0642263 0.0698604 0.0727041 0.0729437 0.071039 0.0675025 0.0627982 0.0573156 0.0513642 0.0451772 0.0389268 0.0327478 0.0267636 0.0211077 0.0159348 0.0114101 0.0076752 0.00480434
 0.00771234 0.0125833 0.0190398 0.0270502 0.0363578 0.0463323 0.0559416 0.0640076 0.0696335 0.0724856 0.0727493 0.0708831 0.0673987 0.0627583 0.0573475 0.0514688 0.0453467 0.0391452 0.0329941 0.0270152 0.0213445 0.0161411 0.0115763 0.00779863 0.00488824
 0.00767967 0.0125325 0.0189674 0.0269542 0.0362374 0.0461881 0.0557761 0.0638261 0.0694448 0.0723013 0.072583 0.070748 0.067306 0.0627169 0.0573634 0.0515446 0.0454802 0.0393284 0.0332121 0.0272487 0.0215725 0.0163452 0.011744 0.00792473 0.00497477
 0.00766655 0.012507 0.0189215 0.0268784 0.0361239 0.0460345 0.0555894 0.0636215 0.0692419 0.0721183 0.0724322 0.0706363 0.0672369 0.0626927 0.0573859 0.051615 0.0455978 0.0394886 0.0334055 0.0274607 0.021785 0.0165403 0.0119079 0.00805022 0.00506207
 0.00764195 0.0124721 0.0188782 0.0268305 0.0360747 0.0459838 0.0555315 0.0635482 0.0691467 0.072002 0.0723041 0.0705116 0.0671313 0.0626182 0.05735 0.0516212 0.0456469 0.0395786 0.0335309 0.0276112 0.0219464 0.0166967 0.0120449 0.00815882 0.00513972
 0.00762009 0.012436 0.0188231 0.0267529 0.035974 0.0458648 0.0554051 0.0634288 0.0690472 0.0719277 0.0722523 0.070475 0.0671045 0.0626015 0.0573486 0.0516424 0.0456962 0.0396583 0.0336389 0.0277409 0.022087 0.0168351 0.0121685 0.00825867 0.0052124
 0.00760823 0.0124156 0.0187904 0.0267034 0.0359038 0.0457717 0.0552912 0.0633012 0.0689179 0.0718115 0.0721621 0.0704184 0.0670818 0.0626073 0.0573761 0.0516871 0.0457573 0.0397371 0.033736 0.0278535 0.0222086 0.0169557 0.0122775 0.00834807 0.00527848
 0.00758162 0.0123781 0.0187444 0.0266543 0.0358577 0.0457322 0.0552571 0.0632673 0.0688776 0.0717612 0.0721037 0.0703591 0.0670313 0.062574 0.0573644 0.0516972 0.0457874 0.039785 0.0337999 0.0279314 0.0222959 0.0170455 0.0123617 0.00841927 0.00533257
 0.00755902 0.0123398 0.0186843 0.0265671 0.0357415 0.0455923 0.0551071 0.0631271 0.068767 0.0716919 0.072076 0.0703647 0.0670593 0.0626166 0.0574183 0.0517623 0.0458639 0.0398719 0.0338952 0.0280317 0.0223971 0.0171422 0.012448 0.00849014 0.0053856
 0.00755156 0.0123287 0.0186694 0.0265481 0.0357172 0.04556 0.055063 0.0630685 0.0686949 0.0716133 0.0720025 0.0703076 0.0670256 0.0626067 0.0574283 0.0517873 0.0459006 0.0399191 0.0339518 0.0280962 0.0224661 0.0172112 0.0125116 0.00854391 0.00542678
 0.00753044 0.0122946 0.0186186 0.0264779 0.0356271 0.0454528 0.0549459 0.0629518 0.0685898 0.071528 0.071942 0.0702741 0.0670203 0.0626299 0.0574784 0.0518599 0.0459893 0.040017 0.0340533 0.0281968 0.022562 0.0172984 0.0125866 0.00860399 0.00547104
 0.00750907 0.0122599 0.0185665 0.0264049 0.035531 0.0453342 0.0548096 0.0628075 0.0684507 0.0714084 0.0718537 0.0702246 0.0670117 0.0626601 0.0575424 0.0519511 0.0461003 0.04014 0.0341804 0.0283208 0.0226769 0.0173994 0.0126704 0.00866892 0.00551759
 0.00752377 0.0122818 0.0185957 0.0264395 0.0355671 0.045366 0.0548299 0.0628085 0.0684263 0.0713566 0.0717782 0.0701344 0.0669193 0.0625779 0.0574803 0.051915 0.0460914 0.0401559 0.0342162 0.0283699 0.0227323 0.0174548 0.0127204 0.00871013 0.00554846
 0.00750725 0.0122608 0.0185748 0.0264263 0.0355697 0.0453889 0.0548712 0.0628596 0.0684742 0.0713885 0.0717849 0.0701131 0.0668732 0.0625158 0.057414 0.0518562 0.0460493 0.0401354 0.0342175 0.0283895 0.0227643 0.0174924 0.0127575 0.00874227 0.00557326
 0.00748211 0.0122184 0.0185085 0.0263308 0.0354438 0.0452397 0.0547157 0.0627224 0.0683793 0.07135 0.0718021 0.0701722 0.0669545 0.0626016 0.0574937 0.051927 0.0461141 0.040199 0.0342835 0.0284586 0.022834 0.0175584 0.0128153 0.00878846 0.00560692
 0.00749296 0.0122318 0.0185206 0.0263348 0.035431 0.0452021 0.0546489 0.0626282 0.0682676 0.0712376 0.0717088 0.070114 0.0669384 0.0626231 0.0575406 0.0519853 0.0461738 0.0402559 0.0343378 0.0285117 0.0228865 0.0176085 0.0128602 0.0088254 0.00563449
 0.00749296 0.0122318 0.0185206 0.0263348 0.035431 0.0452021 0.0546489 0.0626282 0.0682676 0.0712376 0.0717088 0.070114 0.0669384 0.0626231 0.0575406 0.0519853 0.0461738 0.0402559 0.0343378 0.0285117 0.0228865 0.0176085 0.0128602 0.0088254 0.00563449
 0.0074374 0.0121487 0.0184091 0.0261984 0.0352764 0.0450369 0.0544801 0.0624626 0.0681129 0.0711036 0.0716077 0.0700588 0.0669395 0.0626849 0.0576578 0.0521439 0.0463549 0.0404409 0.0345129 0.0286689 0.0230219 0.0177208 0.012949 0.00889163 0.00568037
 0.00744531 0.0121531 0.0184004 0.0261635 0.0352033 0.044921 0.054329 0.0622947 0.0679506 0.0709648 0.0715015 0.0699872 0.0669024 0.0626836 0.0576949 0.0522199 0.0464648 0.0405741 0.0346555 0.0288076 0.0231469 0.0178263 0.0130326 0.00895367 0.00572312
 0.00729569 0.0119203 0.0180696 0.0257287 0.0346689 0.0443044 0.0536638 0.0616321 0.0673546 0.0705009 0.071222 0.0699195 0.0670442 0.0630061 0.058153 0.0527639 0.0470488 0.0411595 0.0352108 0.029308 0.0235745 0.0181716 0.0132947 0.00913937 0.00584511
 0.00721921 0.0117806 0.017832 0.025354 0.0341258 0.0435873 0.0528075 0.0607125 0.0664716 0.069753 0.0706857 0.0696409 0.0670384 0.0632605 0.0586307 0.0534098 0.047798 0.0419473 0.03598 0.0300133 0.0241841 0.0186673 0.0136724 0.00940727 0.00602076
 0.00722704 0.0117905 0.01784 0.0253502 0.0340912 0.0434922 0.0526151 0.0603898 0.0660065 0.0691697 0.0700471 0.069035 0.0665547 0.062967 0.0585611 0.0535612 0.048137 0.0424198 0.036523 0.0305658 0.0246958 0.0191033 0.0140153 0.00965577 0.00618608
#pred catch len freq
 0.00451286 0.00710435 0.0102922 0.0139729 0.0180856 0.0226013 0.0274521 0.0324834 0.0374767 0.0422042 0.0464665 0.0501117 0.0530496 0.0552598 0.0567857 0.057722 0.0582011 0.058361 0.0582639 0.0577669 0.0564205 0.0535334 0.0484836 0.04116 0.0322286
 0.00462701 0.00723316 0.0103848 0.013956 0.0178951 0.0222248 0.0269555 0.0319964 0.037138 0.0420977 0.0465891 0.0503907 0.0533943 0.0556129 0.0571462 0.0581302 0.058696 0.0589328 0.0588281 0.0581805 0.0565396 0.053285 0.0479087 0.0403992 0.0314581
 0.00484359 0.00756217 0.0108325 0.0145015 0.0184826 0.0227623 0.0273273 0.0320984 0.036928 0.0416318 0.0460114 0.0498707 0.0530518 0.0554796 0.057184 0.0582817 0.0589206 0.0592038 0.059103 0.0583791 0.056559 0.0530495 0.0474192 0.0397437 0.0307727
 0.00505019 0.00788973 0.0113102 0.0151512 0.0193137 0.0237622 0.0284462 0.0332364 0.0379388 0.0423539 0.0463219 0.0497397 0.0525615 0.0547902 0.0564639 0.0576454 0.0584079 0.058796 0.058747 0.0580035 0.0560895 0.0524345 0.0466616 0.0389113 0.0299735
 0.00525818 0.00821596 0.0117805 0.0157859 0.0201292 0.024771 0.0296498 0.0346116 0.0394209 0.0438252 0.0476171 0.0506771 0.0529965 0.0546707 0.0558529 0.0566939 0.0572904 0.0576464 0.0576272 0.0569102 0.0549873 0.0512969 0.0455031 0.0377948 0.0289872
 0.00548617 0.00857248 0.0122919 0.0164702 0.020998 0.0258301 0.0308969 0.0360306 0.0409759 0.0454534 0.0492213 0.0521214 0.0541166 0.0553053 0.0558924 0.0561219 0.0561927 0.0561765 0.0559479 0.0551467 0.0532157 0.0495672 0.0438698 0.0363308 0.0277685
 0.00576585 0.00900472 0.0129018 0.0172697 0.0219889 0.0270081 0.0322511 0.0375385 0.0425986 0.0471339 0.0508841 0.0536713 0.0554375 0.0562635 0.0563521 0.0559762 0.0554 0.0547829 0.0540787 0.052971 0.0509077 0.0472844 0.0417498 0.03449 0.0262898
 0.00607002 0.00947597 0.0135687 0.0181461 0.0230758 0.0282966 0.0337207 0.0391533 0.0443059 0.048867 0.052567 0.0552218 0.0567671 0.0572757 0.0569418 0.0560373 0.0548465 0.0535795 0.0522673 0.050678 0.0483256 0.0446381 0.0392589 0.0323341 0.0245811
 0.00643583 0.0100372 0.014352 0.0191576 0.0243056 0.0297256 0.0353213 0.040885 0.0461108 0.0506703 0.0542832 0.0567626 0.0580485 0.0582197 0.0574735 0.0560803 0.0543258 0.052439 0.0505001 0.0483565 0.0456142 0.0417749 0.0365098 0.029933 0.0226778
 0.00684519 0.0106672 0.0152351 0.0203027 0.0257018 0.0313469 0.0371269 0.0428155 0.0480874 0.0526012 0.0560716 0.0583156 0.0592828 0.0590653 0.0578727 0.0559822 0.0536821 0.0512081 0.048668 0.0459693 0.0428066 0.038772 0.0335895 0.0273579 0.0206264
 0.00724563 0.011287 0.0161106 0.0214498 0.0271177 0.0330128 0.0390046 0.044842 0.0501739 0.0546396 0.057947 0.059919 0.0605218 0.0598695 0.0581931 0.055785 0.0529407 0.0499016 0.0467932 0.0435683 0.0399973 0.0357605 0.0306437 0.0247433 0.0185325
 0.00768747 0.0119657 0.0170599 0.0226786 0.0286152 0.0347551 0.0409548 0.0469429 0.0523416 0.0567651 0.0599054 0.0615839 0.0617819 0.060641 0.0584246 0.0554533 0.0520407 0.048439 0.0447887 0.0410771 0.0371366 0.0327251 0.0276867 0.0221203 0.0164294
 0.00808156 0.0125757 0.0179215 0.0238071 0.0300076 0.0363923 0.0427995 0.0489349 0.0543977 0.0587842 0.0617771 0.0631967 0.0630306 0.0614365 0.0587014 0.0551733 0.0511917 0.0470312 0.0428551 0.0386849 0.0344069 0.0298434 0.0248882 0.0196404 0.0144403
 0.00836352 0.0130247 0.0185807 0.0247124 0.0311838 0.037846 0.0445087 0.0508409 0.0564069 0.0607791 0.063632 0.0647917 0.064263 0.0622261 0.058993 0.0549346 0.0504113 0.0457183 0.0410442 0.0364465 0.0318615 0.0271682 0.0223003 0.0173536 0.012609
 0.00860296 0.0133986 0.0191166 0.0254305 0.0320998 0.038973 0.0458522 0.0523875 0.0581121 0.062561 0.0653751 0.066363 0.0655337 0.0630921 0.0593846 0.0548165 0.049776 0.0445804 0.0394416 0.0344498 0.0295858 0.0247775 0.0199916 0.0153172 0.0109807
 0.00881902 0.0137332 0.0195898 0.0260521 0.0328716 0.039891 0.0469069 0.0535619 0.059379 0.063881 0.0666939 0.0676085 0.0666174 0.0639177 0.059863 0.0548801 0.049387 0.0437333 0.0381637 0.0328044 0.0276785 0.0227563 0.0180312 0.0135848 0.00959453
 0.00906165 0.0141089 0.0201205 0.0267467 0.033726 0.040889 0.0480184 0.0547416 0.0605695 0.0650215 0.0677285 0.0684912 0.0673105 0.0643866 0.0600713 0.0547893 0.0489627 0.0429554 0.0370381 0.0313736 0.026028 0.0210122 0.0163441 0.0120977 0.00840735
 0.00929209 0.0144622 0.0206134 0.0273826 0.0344985 0.0417854 0.0490193 0.055816 0.0616703 0.0660856 0.0686847 0.0692721 0.0678649 0.0646858 0.060106 0.0545599 0.0484705 0.0422007 0.0360282 0.0301365 0.0246254 0.0195423 0.0149282 0.0108532 0.00741611
 0.00938185 0.0146015 0.0208114 0.0276452 0.0348294 0.0421885 0.0494981 0.0563714 0.0622969 0.0667676 0.0693925 0.0699613 0.0684805 0.0651708 0.0604117 0.0546527 0.0483324 0.0418264 0.0354242 0.0293259 0.0236559 0.0184902 0.0138902 0.00992518 0.00666814
 0.00940416 0.014636 0.0208604 0.0277108 0.0349153 0.0423008 0.0496467 0.0565691 0.0625564 0.0670979 0.069794 0.070422 0.0689731 0.0656535 0.0608327 0.0549583 0.0484764 0.0417773 0.0351698 0.0288765 0.0230471 0.0177828 0.0131626 0.00925693 0.00611946
 0.00945295 0.0147049 0.0209448 0.0278004 0.0349967 0.0423639 0.0496892 0.0565983 0.0625884 0.0671537 0.0698953 0.0705851 0.0692034 0.0659404 0.0611478 0.0552586 0.048711 0.0418979 0.0351412 0.0286858 0.0227091 0.0173395 0.012675 0.00879035 0.00572605
 0.00957957 0.0148906 0.0211866 0.0280815 0.0352905 0.0426404 0.0499214 0.0567662 0.0626813 0.0671732 0.069856 0.0705128 0.0691285 0.0658894 0.0611348 0.0552798 0.0487441 0.0419076 0.0350896 0.0285453 0.0224727 0.0170256 0.0123227 0.00844722 0.00543264
 0.0097163 0.0150889 0.0214404 0.0283697 0.0355823 0.0429051 0.0501355 0.0569156 0.0627601 0.0671813 0.0697994 0.0704047 0.0689893 0.065744 0.0610073 0.0551857 0.0486847 0.0418678 0.0350427 0.0284626 0.0223359 0.0168346 0.0120972 0.00821822 0.00523051
