SBPRF35
7.78865
Curr Bio
531992
B35
643611
F35
0.221588
FOFL
0.190361
OFL
81395.7
Bzero
2.22533e+006
#pred survey bio
 3.7499e+006 3.27075e+006 2.91564e+006 2.58211e+006 2.27317e+006 2.00129e+006 1.75321e+006 1.53467e+006 1.31529e+006 1.15405e+006 1.0311e+006 918510 847426 784210 727549 702165 671504 655988 635449 618697 600772 587909 585364 580664 588850 583851 586130 584206 577032 562985 550872 539397 529889 519117 521930 528987 532684 544939 547732 568101 576030 574965 577530 576769 583044 576162 572577 537885 528764 529002 519227 516469 524178 515886 506988 516612 543778 580014 576429 563460 545190 534003 1.95739e+007 1.23747e+007 1.30522e+007 1.38277e+007 1.46004e+007 1.52895e+007 1.58613e+007 1.63132e+007 1.66584e+007 1.69165e+007 1.71066e+007 1.72457e+007 1.73471e+007 1.74211e+007 1.74752e+007 1.7515e+007 1.75444e+007 1.75662e+007 1.75824e+007 1.75947e+007 1.76039e+007 1.76109e+007 1.76162e+007 1.76202e+007 1.76233e+007 1.76257e+007 1.76275e+007 1.76289e+007 1.763e+007 1.76308e+007 1.76314e+007 1.76319e+007 1.76323e+007 1.76326e+007 1.76328e+007 1.7633e+007 1.76332e+007 1.76333e+007 1.76333e+007 1.76334e+007 1.76335e+007 1.76335e+007 1.76335e+007 1.76335e+007 1.76336e+007 1.76336e+007 1.76336e+007 1.76336e+007 1.76336e+007 1.76336e+007 1.76336e+007 1.76336e+007 1.76336e+007 1.76336e+007 1.76336e+007 1.76336e+007 1.76336e+007 1.76336e+007 1.76336e+007 1.76336e+007 1.76336e+007 1.76336e+007 1.76336e+007 1.76336e+007 1.76336e+007 1.76336e+007 1.76336e+007 1.76336e+007 1.76336e+007 1.76336e+007 1.76336e+007 1.76336e+007 1.76336e+007 1.76336e+007 1.76336e+007 1.76336e+007 1.76336e+007 1.76336e+007 1.76336e+007 1.76336e+007 1.76336e+007 1.76336e+007 1.76336e+007 1.76336e+007 1.76336e+007 1.76336e+007 1.76336e+007 1.76336e+007 1.76336e+007 1.76336e+007 1.76336e+007 1.76336e+007 1.76336e+007 1.76336e+007 1.76336e+007 1.76336e+007 1.76336e+007 1.76336e+007 1.76336e+007 1.76336e+007 0 0 0 0 0 0 0 0 0 0 0 0 0 0 0 0 0 0 0 0 0 0 0 0 0
#obs survey bio
 4.12599e+006 1.65374e+006 3.24582e+006 2.68192e+006 1.87086e+006 1.49696e+006 1.16497e+006 1.10088e+006 1.05824e+006 997523 793064 779191 944480 712108 628760 701790 609314 800474 469250 667550 671658 610352 483847 464999 618018 365218 616055 602474 592752 421892 541028 675118 663363 332973 581574 488084 569577 534117 578244 747327 605734 688101 587724 406322 554246 791789 488828 585404 512566 635734 401299 587048 497276 433388 541577 424574 567747 704540 614646 550722 560407 423693
#pred catch bio
 349484 272978 288334 297604 291654 292846 283978 297066 253898 226252 221111 186965 179632 171317 141894 143303 127251 128325 121753 119147 111529 101042 102491 92286.3 103584 96125.3 97226.8 98326.6 100282 94544 90330.7 87609.8 91771.6 84717.2 84083.4 88286.1 82308.9 91557.1 78417.8 90385.1 97708.9 93548.9 95764.8 90366.7 101228 97017.2 121519 98790.1 91220.4 99449.5 93264.1 84849 98371.1 99172.5 85481.5 73344 67548.4 100846 108786 116095 114851 89986 81395.7 98059.2 102625 107868 113296 118114 122003 124955 127099 128605 129638 130331 130789 131089 131283 131407 131487 131537 131569 131589 131601 131609 131614 131617 131619 131620 131621 131622 131622 131622 131622 131622 131622 131622 131622 131622 131622 131622 131622 131622 131622 131622 131622 131622 131622 131622 131622 131622 131622 131622 131622 131622 131622 131622 131622 131622 131622 131622 131622 131622 131622 131622 131622 131622 131622 131622 131622 131622 131622 131622 131622 131622 131622 131622 131622 131622 131622 131622 131622 131622 131622 131622 131622 131622 131622 131622 131622 131622 131622 131622 131622 131622 131622 131622 131622 131622 131622 131622 131622 131622 0 0 0 0 0 0 0 0 0 0 0 0 0 0 0 0 0 0 0 0 0 0 0 0 0
#obs catch bio
 256393 274009 290536 300098 294911 296792 288400 303357 258764 229654 226303 191129 183163 174824 144288 145653 128908 129783 123190 120416 112133 101372 103077 92891.5 104870 97514.3 97996.2 98744.1 100789 94857.2 90586.6 87563.6 91866.8 85070.4 83780.2 88151.2 81842.4 91608 78195.4 90450.8 97809.3 93290.3 95076.5 90043.9 101627 96156.9 121362 98383.8 90615.5 98986.8 93016.8 84267.1 97733.2 98714 85437 73514.5 67221.9 100386 107633 114988 114516 89794.9
#pred cpue bio
 3.68888e+006 3.21285e+006 2.85917e+006 2.52699e+006 2.21995e+006 1.94982e+006 1.70365e+006 1.48709e+006 1.27029e+006 1.11102e+006 989448 878265 808370 746844 691916 667619 638305 623700 604207 588384 571547 559487 557114 552341 560106 555365 558133 557073 550806 537769 526658 516017 506170 493992 495681 502572 506336 518189 520704 540328 548056 547258 550111 549352 555189 548697 545536 511638 502444 502673 493245 490490 498030 489929 480781 489627 516139 552025 548798 535288 515848 503318 1.84503e+007 1.16894e+007 1.23227e+007 1.30481e+007 1.3805e+007 1.44909e+007 1.50622e+007 1.55139e+007 1.58592e+007 1.61172e+007 1.63074e+007 1.64465e+007 1.65479e+007 1.66219e+007 1.6676e+007 1.67157e+007 1.67451e+007 1.67669e+007 1.67832e+007 1.67954e+007 1.68046e+007 1.68116e+007 1.68169e+007 1.6821e+007 1.68241e+007 1.68264e+007 1.68282e+007 1.68296e+007 1.68307e+007 1.68315e+007 1.68322e+007 1.68327e+007 1.68331e+007 1.68333e+007 1.68336e+007 1.68337e+007 1.68339e+007 1.6834e+007 1.68341e+007 1.68341e+007 1.68342e+007 1.68342e+007 1.68343e+007 1.68343e+007 1.68343e+007 1.68343e+007 1.68343e+007 1.68343e+007 1.68343e+007 1.68343e+007 1.68343e+007 1.68343e+007 1.68343e+007 1.68343e+007 1.68343e+007 1.68343e+007 1.68343e+007 1.68344e+007 1.68344e+007 1.68344e+007 1.68344e+007 1.68344e+007 1.68344e+007 1.68344e+007 1.68344e+007 1.68344e+007 1.68344e+007 1.68344e+007 1.68344e+007 1.68344e+007 1.68344e+007 1.68344e+007 1.68344e+007 1.68344e+007 1.68344e+007 1.68344e+007 1.68344e+007 1.68344e+007 1.68344e+007 1.68344e+007 1.68344e+007 1.68344e+007 1.68344e+007 1.68344e+007 1.68344e+007 1.68344e+007 1.68344e+007 1.68344e+007 1.68344e+007 1.68344e+007 1.68344e+007 1.68344e+007 1.68344e+007 1.68344e+007 1.68344e+007 1.68344e+007 1.68344e+007 1.68344e+007 1.68344e+007 1.68344e+007 0 0 0 0 0 0 0 0 0 0 0 0 0 0 0 0 0 0 0 0 0 0 0 0 0
#obs cpue bio
 2.67528e+006 2.10203e+006 2.26116e+006 2.34846e+006 1.81118e+006 2.11875e+006 1.82044e+006 1.57234e+006 1.1658e+006 1.25178e+006 711153 641345 691768 637055 550740 656679 568643 534971 624089 520923 625257 519174 589854 451054 408166 503629 801445 655606 502848 723190 526937 508878 408408 515739 832390 522750 593848 422362 476936 385580 532216 567793 889428 545479 399374 869863 530094 481577 665869 448982 563654 562575 642449 558463 336064 437196 734019 717208 713329 569742 393080 499872
#pred surv len freq
 0.00508068 0.00823339 0.0123649 0.0174531 0.0233841 0.0298744 0.0364319 0.0424607 0.0474717 0.0512367 0.0537859 0.0553026 0.0560184 0.0561517 0.0558728 0.0552888 0.0544468 0.0533436 0.0519143 0.0499892 0.0472637 0.0433583 0.0380133 0.031337 0.0239221
 0.00559785 0.00900834 0.0134133 0.0187581 0.0249175 0.0316213 0.0383943 0.0446275 0.0497696 0.0534955 0.0557511 0.0567002 0.0566447 0.0559413 0.0549144 0.0537833 0.0526318 0.0514159 0.0499794 0.0480594 0.0453045 0.0413579 0.0360319 0.029503 0.0223777
 0.00581818 0.009408 0.0140877 0.0198118 0.0264294 0.0335972 0.0407362 0.0471497 0.0522606 0.0557845 0.0577291 0.0582867 0.0577412 0.0564249 0.054683 0.0528172 0.0510219 0.0493359 0.0476222 0.045581 0.0428081 0.0389211 0.0337444 0.0274777 0.0207223
 0.00609891 0.00984273 0.0147065 0.0206413 0.0275035 0.0349646 0.0424492 0.0492301 0.0546558 0.0583447 0.0602272 0.0604767 0.0594181 0.0574515 0.0549806 0.0523518 0.0498087 0.0474548 0.0452196 0.0428454 0.0399367 0.0360982 0.0311365 0.0252274 0.0189295
 0.00639314 0.010319 0.0154181 0.0216336 0.0288029 0.0365647 0.0443025 0.0512555 0.0567623 0.0604521 0.0622641 0.0623561 0.0610172 0.0586175 0.0555627 0.0522361 0.0489411 0.0458517 0.0429717 0.0401139 0.0369372 0.0330727 0.0283191 0.0228088 0.0170264
 0.00666625 0.01076 0.0160773 0.0225576 0.0300283 0.0381062 0.0461367 0.0533105 0.0589229 0.0625802 0.0642273 0.0640492 0.0623663 0.0595646 0.0560444 0.0521756 0.0482618 0.0445084 0.0409831 0.0375833 0.0340526 0.030083 0.0254886 0.0203626 0.0151032
 0.00694482 0.0112098 0.0167488 0.0234968 0.0312695 0.0396599 0.0479757 0.0553621 0.0610745 0.0646961 0.0661681 0.0656898 0.0636095 0.0603476 0.0563337 0.0519505 0.0475004 0.0431889 0.0391069 0.0352093 0.0313219 0.0272144 0.0227398 0.0179675 0.0132134
 0.00717789 0.0115938 0.0173364 0.0243411 0.0324144 0.0411244 0.0497364 0.0573456 0.0631645 0.0667531 0.068051 0.0672725 0.0647923 0.0610631 0.0565466 0.0516507 0.0466916 0.0418807 0.0373207 0.0329997 0.0288026 0.0245677 0.0201921 0.0157358 0.0114451
 0.00753602 0.012161 0.0181625 0.0254642 0.0338556 0.0428796 0.0517639 0.0595568 0.0654276 0.06891 0.0699413 0.0687573 0.0657715 0.0614845 0.0564029 0.0509677 0.045512 0.0402529 0.0352979 0.0306531 0.0262415 0.0219512 0.0177149 0.0135852 0.00974917
 0.00793043 0.0127685 0.0190148 0.0265693 0.0352004 0.0444327 0.0534754 0.0613564 0.067227 0.0706111 0.0714456 0.0699718 0.0666146 0.0618929 0.0563391 0.050424 0.0445084 0.0388308 0.0335155 0.0285886 0.0240023 0.0196793 0.0155754 0.0117341 0.00829173
 0.0081883 0.0131948 0.0196675 0.0275024 0.0364471 0.0459827 0.0552564 0.0632367 0.0690455 0.07222 0.0727414 0.0709014 0.0671609 0.0620553 0.0561208 0.04983 0.0435499 0.0375316 0.0319185 0.0267609 0.0220403 0.0177079 0.0137348 0.0101524 0.00705258
 0.00834207 0.0134628 0.020105 0.0281738 0.0374137 0.0472811 0.056873 0.0650925 0.0709984 0.0740874 0.0743356 0.0720696 0.067815 0.0621805 0.055761 0.0490576 0.0424398 0.0361491 0.0303223 0.0250156 0.020228 0.0159313 0.0121071 0.00877359 0.00598418
 0.00835886 0.0134912 0.0201522 0.0282537 0.0375524 0.0475206 0.05727 0.0657044 0.0718597 0.0751834 0.0755883 0.0733451 0.0689539 0.063038 0.0562399 0.0491226 0.0421097 0.035477 0.0293777 0.0238756 0.018978 0.0146665 0.0109259 0.00776131 0.00519411
 0.00842675 0.0135976 0.0203047 0.0284564 0.0378052 0.0478198 0.0576098 0.0660812 0.0722783 0.0756578 0.076134 0.0739613 0.0696063 0.0636545 0.0567254 0.0493865 0.0420924 0.0351636 0.0287962 0.023086 0.0180604 0.0137108 0.0100208 0.00698079 0.00458341
 0.00850562 0.013725 0.0204947 0.0287204 0.0381487 0.0482374 0.0580807 0.0665702 0.0727431 0.0760626 0.0764608 0.0742143 0.0698039 0.0638137 0.0568446 0.0494385 0.0420327 0.0349495 0.0284072 0.022535 0.0173931 0.0129952 0.00933098 0.00638034 0.00411167
 0.00847461 0.0136672 0.020395 0.0285633 0.0379256 0.0479567 0.0577749 0.0662928 0.0725547 0.0760114 0.0765687 0.0744744 0.0701877 0.0642812 0.0573506 0.049934 0.0424647 0.0352656 0.0285659 0.0225189 0.0172167 0.012703 0.00898479 0.00604163 0.00382588
 0.00850667 0.0137194 0.0204725 0.0286682 0.0380528 0.0480908 0.0578896 0.0663585 0.0725513 0.0759412 0.0764595 0.0743693 0.0701278 0.064291 0.0574323 0.0500695 0.0426217 0.0354043 0.0286466 0.0225125 0.0171139 0.0125188 0.00875403 0.00580634 0.00362134
 0.00848062 0.0136717 0.0203918 0.0285421 0.0378736 0.0478615 0.0576284 0.0660958 0.0723205 0.0757685 0.0763591 0.0743467 0.0701859 0.0644316 0.0576524 0.0503555 0.0429463 0.0357297 0.0289315 0.0227218 0.0172282 0.0125394 0.00870206 0.00571419 0.00352125
 0.00846494 0.0136538 0.0203781 0.0285413 0.0378917 0.0478958 0.0576644 0.0661114 0.0722961 0.0756972 0.0762511 0.0742243 0.070075 0.0643545 0.0576246 0.0503842 0.0430288 0.0358516 0.0290682 0.0228442 0.0173115 0.0125716 0.00868653 0.00566683 0.00346225
 0.00837304 0.013517 0.0201962 0.0283239 0.0376573 0.0476688 0.0574711 0.0659742 0.0722275 0.0756952 0.0763001 0.0743036 0.0701681 0.0644553 0.0577363 0.0505135 0.0431796 0.0360205 0.0292437 0.0230083 0.0174457 0.0126629 0.00873276 0.00567628 0.00344928
 0.00845294 0.0136159 0.0202883 0.0283681 0.0376105 0.0475064 0.0572031 0.0656455 0.0719021 0.0754324 0.076136 0.074245 0.0701982 0.0645461 0.0578609 0.0506539 0.0433273 0.0361722 0.0293952 0.0231518 0.0175701 0.0127584 0.00879464 0.00570733 0.00345793
 0.00861586 0.0138542 0.0205961 0.0287176 0.0379543 0.047784 0.0573518 0.0656165 0.071678 0.0750419 0.0756513 0.0737595 0.0697944 0.0642705 0.0577188 0.0506214 0.0433696 0.0362576 0.0295004 0.0232606 0.0176704 0.012841 0.00885444 0.00574399 0.00347574
 0.00875188 0.0140572 0.0208669 0.029043 0.038307 0.0481255 0.0576356 0.0657923 0.0717018 0.0748892 0.0753302 0.073315 0.0693001 0.063808 0.0573538 0.0503869 0.0432636 0.036253 0.0295607 0.0233518 0.0177671 0.0129268 0.00892098 0.00578924 0.00350234
 0.00880666 0.014158 0.0210392 0.0293144 0.0386972 0.0486308 0.0582173 0.0663771 0.072198 0.0752118 0.0754234 0.0731642 0.0689336 0.0632895 0.0567678 0.0498181 0.0427773 0.0358833 0.0293102 0.0232013 0.0176883 0.0128923 0.00890964 0.00578752 0.00350307
 0.00861951 0.0138834 0.0206823 0.0289034 0.0382799 0.0482669 0.0579677 0.0662917 0.072301 0.0754889 0.0758199 0.0735991 0.0693249 0.0635793 0.0569358 0.0498811 0.0427756 0.0358618 0.0293024 0.0232214 0.0177331 0.0129492 0.00896501 0.00583233 0.00353421
 0.00841219 0.0135799 0.0202889 0.0284497 0.0378139 0.0478446 0.0576437 0.0661123 0.0722975 0.07567 0.0761648 0.0740574 0.0698254 0.0640467 0.0573102 0.0501319 0.042906 0.0359018 0.029293 0.0231991 0.01772 0.0129517 0.00897896 0.00585023 0.00355009
 0.00821567 0.0132595 0.0198074 0.0277788 0.0369481 0.0468195 0.0565485 0.0650832 0.0714867 0.0752023 0.0761035 0.074393 0.0704864 0.0649224 0.0582761 0.0510744 0.0437416 0.0365869 0.0298218 0.0235913 0.0180052 0.0131572 0.009125 0.00595052 0.00361503
 0.00811584 0.0130953 0.0195559 0.0274155 0.0364498 0.0461715 0.0557556 0.0641826 0.070555 0.0743507 0.0754583 0.0740639 0.0705335 0.0653369 0.0589839 0.0519596 0.0446786 0.0374693 0.0305803 0.0241966 0.01846 0.0134824 0.00934766 0.00609616 0.00370521
 0.00800968 0.0129358 0.0193395 0.0271453 0.036132 0.0458091 0.0553461 0.0637205 0.0700403 0.0737997 0.0749124 0.0735912 0.0702168 0.0652508 0.0591674 0.0523987 0.0453082 0.0381931 0.0312999 0.0248362 0.0189778 0.0138694 0.00961693 0.0062714 0.00381186
 0.00791374 0.0127897 0.0191383 0.0268922 0.0358379 0.0454915 0.0550266 0.0634197 0.0697708 0.0735613 0.0746946 0.0733846 0.0700285 0.0651126 0.0591284 0.0525048 0.0455781 0.0386057 0.0317989 0.0253503 0.0194437 0.0142476 0.00989517 0.00645837 0.00392712
 0.00792982 0.0127917 0.0190975 0.0267688 0.0355938 0.0451092 0.0545243 0.0628525 0.0692149 0.0730887 0.0743526 0.073187 0.0699623 0.0651526 0.0592547 0.0527114 0.0458694 0.0389823 0.0322438 0.0258256 0.0199008 0.0146429 0.0102031 0.00667509 0.00406517
 0.00863247 0.0137827 0.0203075 0.0280347 0.0366994 0.0458555 0.0547895 0.0626161 0.0685459 0.0721162 0.0732321 0.072069 0.0689637 0.0643411 0.0586502 0.0523024 0.0456322 0.038893 0.0322787 0.0259551 0.0200873 0.0148453 0.0103867 0.00681901 0.00416432
 0.00928024 0.0148113 0.0218004 0.0300272 0.0391422 0.0485743 0.0574687 0.064844 0.0699301 0.072421 0.0724592 0.0704368 0.0668089 0.0620047 0.0563991 0.0503026 0.0439606 0.0375648 0.0312745 0.0252376 0.0196086 0.0145517 0.0102237 0.00673842 0.00412949
 0.00914422 0.0147148 0.0218855 0.0305027 0.0402283 0.0504107 0.0600266 0.0678885 0.0730533 0.0751348 0.0743175 0.0711524 0.0663272 0.060504 0.0542169 0.0478219 0.0415103 0.0353683 0.029446 0.0238078 0.0185542 0.0138196 0.00974739 0.00644972 0.0039673
 0.00885992 0.0142646 0.02124 0.0296689 0.0392791 0.0495128 0.0594407 0.067912 0.0739054 0.0768332 0.0766227 0.0736232 0.0684675 0.0619279 0.0547565 0.0475428 0.0406439 0.0342058 0.0282459 0.0227447 0.0177122 0.0132119 0.00934455 0.00620409 0.00382977
 0.00877956 0.0141129 0.0209726 0.0292321 0.0386246 0.0486249 0.0583688 0.0667929 0.0729596 0.0763215 0.0767638 0.0744979 0.0699561 0.0637264 0.056478 0.0488564 0.0413808 0.0343843 0.0280185 0.0223102 0.0172408 0.012809 0.00905073 0.00601555 0.00372187
 0.00886027 0.0142263 0.0211084 0.0293636 0.0387088 0.0486066 0.0581902 0.0664117 0.0723745 0.0755987 0.0760451 0.0739746 0.0698045 0.06403 0.0571768 0.0497598 0.0422433 0.0350058 0.028313 0.0223119 0.017057 0.012558 0.00881833 0.00584179 0.00361112
 0.0088441 0.0142048 0.021084 0.0293398 0.0386861 0.0485773 0.0581348 0.0662998 0.0721734 0.0752879 0.0756349 0.0735195 0.0694035 0.0638019 0.0572148 0.0500832 0.0427774 0.0356083 0.0288349 0.0226577 0.017211 0.012567 0.00875204 0.00575858 0.00354309
 0.00890883 0.0143062 0.0212295 0.0295333 0.0389268 0.0488577 0.0584373 0.0665938 0.0724154 0.0754272 0.0756254 0.073336 0.0690585 0.0633537 0.0567578 0.0497181 0.0425713 0.0355668 0.0289041 0.022757 0.0172745 0.0125687 0.00870372 0.00568946 0.00347896
 0.00872327 0.0140297 0.0208607 0.0290889 0.0384386 0.0483667 0.0579888 0.0662334 0.0721835 0.0753493 0.0757026 0.0735415 0.0693444 0.0636676 0.0570631 0.0500061 0.0428571 0.0358691 0.0292241 0.0230712 0.0175463 0.0127695 0.0088268 0.00574906 0.00349875
 0.00854524 0.0137675 0.0205171 0.0286856 0.0380119 0.047959 0.0576408 0.0659788 0.0720447 0.0753341 0.0758028 0.0737351 0.0696009 0.0639539 0.0573493 0.0502719 0.0430959 0.0360869 0.0294307 0.0232692 0.0177269 0.0129179 0.00893256 0.00581228 0.00352908
 0.00847658 0.0136537 0.0203432 0.0284397 0.0376917 0.0475803 0.0572419 0.065616 0.0717762 0.0752003 0.0758137 0.0738717 0.0698263 0.0642271 0.0576352 0.0505453 0.0433426 0.0363027 0.0296185 0.0234336 0.0178696 0.0130361 0.00902217 0.0058723 0.00356354
 0.00864546 0.0138758 0.0205805 0.0286237 0.0377423 0.0474357 0.0568854 0.0650855 0.0711536 0.074588 0.0753087 0.0735431 0.0697021 0.0642931 0.0578459 0.0508422 0.0436712 0.0366229 0.0299066 0.0236795 0.0180709 0.0131939 0.0091389 0.00595206 0.00361285
 0.00873383 0.0140348 0.020844 0.0290226 0.038284 0.0480798 0.0575315 0.0655908 0.0713826 0.07447 0.0748688 0.0728899 0.0689813 0.0636356 0.0573342 0.0505022 0.0434853 0.0365509 0.0299054 0.0237145 0.0181191 0.013242 0.00917997 0.00598313 0.00363366
 0.00843618 0.0136155 0.0203345 0.028497 0.0378439 0.0478244 0.0575267 0.0658469 0.0718458 0.075031 0.0753923 0.0732597 0.0691427 0.0636106 0.0572006 0.0503525 0.0433875 0.0365322 0.0299574 0.0238099 0.0182289 0.0133443 0.00926299 0.00604343 0.00367317
 0.00846792 0.0136265 0.0202796 0.0283191 0.0375013 0.0473275 0.0569606 0.0653568 0.0715826 0.075084 0.0757472 0.0738058 0.0697221 0.0640824 0.0574887 0.0504578 0.0433673 0.0364611 0.0298939 0.0237818 0.0182367 0.0133746 0.00930011 0.00607665 0.00369776
 0.00855141 0.0137509 0.0204426 0.0285035 0.03767 0.047424 0.0569195 0.0651295 0.0711716 0.0745642 0.075251 0.07347 0.0696244 0.0642086 0.0577499 0.050743 0.0435954 0.0366043 0.0299681 0.0238201 0.018266 0.0134067 0.00933463 0.00610829 0.00372235
 0.00882239 0.0141898 0.0210978 0.0294125 0.0388437 0.0488243 0.0584395 0.0665934 0.0723659 0.0752946 0.0754035 0.0730476 0.0687438 0.0630544 0.0565088 0.0495504 0.0425185 0.0356609 0.0291576 0.0231431 0.0177262 0.0130026 0.00905393 0.00592844 0.0036164
 0.00877539 0.0141279 0.0210337 0.0293717 0.0388648 0.0489535 0.0587207 0.0670523 0.0729904 0.0760208 0.0761185 0.0736178 0.0690588 0.0630671 0.0562485 0.049103 0.0419865 0.0351279 0.0286737 0.0227303 0.0173913 0.0127456 0.00886976 0.00580686 0.00354314
 0.0087398 0.0140579 0.0209071 0.0291647 0.0385625 0.0485659 0.0582948 0.0666705 0.0727508 0.076005 0.0763604 0.0740864 0.0696627 0.0636821 0.0567585 0.0494361 0.0421306 0.0351194 0.0285707 0.0225876 0.0172474 0.0126218 0.00877464 0.00574081 0.00350175
 0.0088495 0.0142258 0.0211389 0.0294545 0.0388897 0.0488938 0.0585738 0.0668492 0.072796 0.0759207 0.0761922 0.0739039 0.0695283 0.0636224 0.0567548 0.049439 0.0420885 0.035004 0.0283866 0.0223641 0.0170212 0.0124227 0.00861863 0.00563063 0.00343133
 0.00881274 0.0141813 0.0211 0.0294425 0.0389276 0.0489959 0.0587359 0.0670463 0.0729881 0.0760654 0.0762606 0.0738927 0.0694618 0.0635413 0.0566962 0.0494179 0.0420925 0.0350042 0.0283567 0.0222947 0.016922 0.0123137 0.00851925 0.00555279 0.00337787
 0.00881964 0.0141679 0.0210361 0.0292894 0.0386537 0.0485985 0.0582564 0.0665649 0.0725969 0.0758341 0.0762134 0.0740082 0.0696923 0.0638365 0.0570187 0.0497453 0.0424094 0.0352944 0.0286014 0.0224788 0.017041 0.0123761 0.00854205 0.00555387 0.00337084
 0.00909842 0.0145889 0.0216073 0.0299903 0.0394338 0.0493794 0.0589401 0.0670507 0.0728099 0.0757523 0.0758766 0.0735004 0.0691069 0.063248 0.0564725 0.0492627 0.0419985 0.0349557 0.0283295 0.0222633 0.01687 0.01224 0.00843531 0.00547402 0.00331543
 0.00922819 0.0148164 0.0219782 0.0305524 0.040219 0.0503787 0.0600821 0.0682021 0.0738028 0.0764309 0.0761413 0.0733317 0.0685639 0.0624437 0.0555375 0.0483131 0.0411168 0.0341881 0.0276935 0.0217571 0.0164813 0.0119518 0.00822971 0.00533409 0.00322575
 0.00898477 0.0144626 0.0215261 0.0300465 0.0397319 0.0499992 0.0598981 0.068281 0.074168 0.0770435 0.0768994 0.0740963 0.069202 0.0628686 0.0557276 0.0483038 0.0409746 0.0339826 0.0274786 0.0215649 0.0163248 0.0118323 0.00814285 0.0052738 0.00318611
 0.00866452 0.0139491 0.0207699 0.0290157 0.0384304 0.0484885 0.058315 0.066829 0.0730749 0.076497 0.0769898 0.0747913 0.0703607 0.0642853 0.0571899 0.0496433 0.0420942 0.0348557 0.0281266 0.0220303 0.0166512 0.0120552 0.00828919 0.00536467 0.00323855
 0.00856792 0.0137557 0.0204116 0.0284074 0.0374905 0.0471755 0.0566629 0.0649649 0.0712079 0.0748802 0.0758671 0.074341 0.0706493 0.0652481 0.0586491 0.0513597 0.0438319 0.0364342 0.0294442 0.0230577 0.0174083 0.0125856 0.00864251 0.0055871 0.00336967
 0.0090715 0.0145064 0.0214108 0.0296003 0.0387672 0.0483806 0.0576119 0.065472 0.0711312 0.0741746 0.0746184 0.0727561 0.0690028 0.0638051 0.0575944 0.0507591 0.0436367 0.0365223 0.0296756 0.0233191 0.0176329 0.0127495 0.0087486 0.00564954 0.00340348
 0.00959078 0.0153261 0.022595 0.0311814 0.040727 0.0506266 0.0599578 0.0676447 0.0728188 0.0751031 0.0746261 0.0718381 0.0673125 0.061617 0.0552368 0.0485352 0.041759 0.035083 0.0286589 0.0226437 0.0171995 0.0124737 0.0085724 0.00553774 0.00333484
 0.00990579 0.0158525 0.0234126 0.0323708 0.0423482 0.0526857 0.0623725 0.070229 0.0753002 0.0771702 0.0759896 0.0722908 0.0667773 0.0601705 0.0530972 0.0460124 0.0391814 0.0327237 0.026689 0.0211228 0.0161007 0.0117228 0.00808369 0.00523439 0.00315626
 0.00972987 0.015644 0.0232439 0.0323623 0.0426431 0.0534056 0.0635736 0.0718771 0.0772697 0.07926 0.0779497 0.0738598 0.0677299 0.0603671 0.0525202 0.0447738 0.0374964 0.0308561 0.0248858 0.019563 0.0148726 0.0108331 0.00748592 0.00486012 0.00293759
#obs surv len freq
 0.00496768 0.00813922 0.0123843 0.0177176 0.024013 0.0309035 0.0377603 0.0438566 0.0486389 0.0519046 0.0537729 0.0545313 0.0545026 0.0539871 0.0532469 0.0524958 0.0518783 0.0514283 0.051007 0.0502455 0.048562 0.0453264 0.0401618 0.0332367 0.0253317
 0.00518917 0.00849816 0.0129227 0.0184744 0.0250182 0.0321673 0.039262 0.0455384 0.0504121 0.0536635 0.0554084 0.0559397 0.0555903 0.0546732 0.0534679 0.0522108 0.0510748 0.0501291 0.0492748 0.0481854 0.0463191 0.0430738 0.0380768 0.0314668 0.0239632
 0.00542831 0.0088895 0.0135162 0.019318 0.0261474 0.0335909 0.0409474 0.0474078 0.0523557 0.0555618 0.0571514 0.0574342 0.0567577 0.0554448 0.0537821 0.0520152 0.0503336 0.0488348 0.047463 0.0459481 0.0438095 0.0404947 0.0356488 0.0293814 0.0223376
 0.00566153 0.00927348 0.0141032 0.02016 0.0272865 0.0350436 0.0426875 0.0493606 0.0544075 0.0575816 0.059013 0.0590298 0.0580026 0.0562748 0.0541469 0.0518717 0.0496452 0.0475803 0.0456556 0.0436583 0.0411809 0.0377394 0.0330129 0.027089 0.0205342
 0.00589969 0.00966436 0.0146986 0.021011 0.0284344 0.0365046 0.0444376 0.0513284 0.0564833 0.0596373 0.0609213 0.0606776 0.059297 0.0571445 0.0545394 0.0517486 0.0489767 0.0463476 0.0438652 0.0413669 0.0385184 0.0349125 0.0302759 0.0246836 0.0186256
 0.00612321 0.010031 0.0152567 0.0218081 0.029509 0.0378725 0.0460773 0.0531754 0.0584385 0.061585 0.0627465 0.0622762 0.0605796 0.0580375 0.0549845 0.0517003 0.0484008 0.0452229 0.0421945 0.0391984 0.0359691 0.0321765 0.0275997 0.0223099 0.016727
 0.00637185 0.0104375 0.0158725 0.0226822 0.0306777 0.0393443 0.0478173 0.055101 0.0604323 0.0635186 0.0645024 0.0637591 0.0617179 0.0587787 0.0552897 0.0515387 0.0477466 0.0440584 0.0405216 0.0370594 0.0334704 0.0294984 0.024976 0.0199752 0.0148523
 0.00663982 0.0108734 0.0165288 0.0236073 0.031906 0.040881 0.0496222 0.0570839 0.0624654 0.0654617 0.0662271 0.0651645 0.0627343 0.0593657 0.0554279 0.0512202 0.0469673 0.0428162 0.0388261 0.0349518 0.0310472 0.026923 0.0224624 0.0177405 0.0130563
 0.0068449 0.0112179 0.0170676 0.0243978 0.0329956 0.0422869 0.0513127 0.0589725 0.0644248 0.06735 0.0679132 0.0665419 0.0637274 0.0599284 0.0555402 0.0508805 0.0461843 0.041604 0.0372077 0.0329739 0.0288005 0.0245538 0.0201603 0.0156978 0.0114151
 0.00705578 0.0115602 0.0175825 0.0251243 0.0339653 0.0435135 0.0527792 0.0606233 0.0661684 0.0690713 0.0694902 0.0678621 0.0647001 0.060493 0.0556667 0.0505648 0.0454396 0.0404544 0.0356887 0.031141 0.0267436 0.0224061 0.0180885 0.0138682 0.0099492
 0.0072814 0.0119292 0.018141 0.0259151 0.0350169 0.0448255 0.0543084 0.0622826 0.0678427 0.0706429 0.0708585 0.0689508 0.0654543 0.0608751 0.0556553 0.0501549 0.0446418 0.0392937 0.0342049 0.0293938 0.0248221 0.0204328 0.0162095 0.0122251 0.00864194
 0.00741282 0.0121503 0.0184879 0.0264268 0.0357279 0.0457532 0.0554407 0.0635708 0.0692071 0.0719867 0.0720846 0.0699746 0.0662111 0.0613222 0.0557689 0.0499257 0.0440727 0.0383999 0.0330173 0.0279654 0.0232336 0.018794 0.0146477 0.0108604 0.00755776
 0.00751616 0.0123153 0.0187314 0.0267642 0.0361732 0.0463172 0.0561269 0.0643708 0.0700971 0.0729264 0.0730185 0.0708372 0.0669351 0.0618465 0.0560462 0.049926 0.0437826 0.0378221 0.0321721 0.0268951 0.022007 0.0175056 0.0134071 0.00977052 0.00668952
 0.00759162 0.0124343 0.0189037 0.0269967 0.036469 0.0466751 0.0565407 0.0648306 0.0705919 0.073447 0.0735561 0.0713779 0.067453 0.0623018 0.056389 0.0501051 0.043756 0.0375643 0.0316801 0.0261922 0.021145 0.0165626 0.0124759 0.00893938 0.00602089
 0.00765731 0.0125345 0.0190424 0.0271732 0.0366791 0.0469123 0.0567971 0.065098 0.0708633 0.0737186 0.0738288 0.0716552 0.0677361 0.0625832 0.0566469 0.0503036 0.0438504 0.0375124 0.0314538 0.0257885 0.0205913 0.0159153 0.0118095 0.00832842 0.00552072
 0.00771638 0.0126255 0.0191695 0.0273366 0.0368739 0.0471289 0.0570214 0.0653135 0.0710551 0.0738784 0.0739579 0.0717632 0.0678364 0.0626863 0.0567546 0.0504044 0.0439187 0.0375134 0.0313533 0.0255657 0.02025 0.0154868 0.0113467 0.00788992 0.00515352
 0.00775686 0.0126881 0.0192578 0.0274513 0.0370129 0.0472865 0.0571885 0.0654777 0.0712031 0.0739995 0.0740471 0.0718224 0.0678739 0.0627134 0.0567813 0.050434 0.0439441 0.0375158 0.031307 0.0254477 0.0200508 0.0152182 0.0110406 0.00758817 0.00489332
 0.00783494 0.0128069 0.0194213 0.0276571 0.0372527 0.0475469 0.0574514 0.0657218 0.0714067 0.0741447 0.074124 0.0718308 0.0678224 0.0626172 0.056659 0.0503026 0.0438144 0.0373888 0.0311737 0.0252935 0.0198646 0.0150004 0.0108057 0.00736073 0.00469762
 0.00783953 0.0128179 0.0194441 0.0276986 0.0373188 0.0476393 0.0575657 0.0658475 0.0715305 0.0742548 0.0742126 0.0718943 0.0678598 0.0626295 0.0566488 0.0502744 0.0437732 0.0373376 0.0311112 0.0252143 0.0197625 0.0148743 0.0106634 0.00721733 0.00457
 0.00786916 0.0128569 0.019486 0.0277331 0.0373355 0.047634 0.0575443 0.0658244 0.071522 0.0742716 0.0742555 0.0719552 0.0679269 0.0626917 0.0566983 0.0503071 0.0437883 0.0373355 0.0310922 0.0251774 0.0197065 0.0147999 0.0105757 0.00712616 0.00448673
 0.00787956 0.0128724 0.0195064 0.027756 0.0373558 0.0476438 0.0575341 0.0657873 0.0714585 0.074193 0.0741816 0.0719073 0.0679187 0.0627241 0.0567611 0.0503845 0.0438648 0.0373998 0.0311373 0.0251998 0.0197052 0.0147768 0.010536 0.00707771 0.00443851
 0.00791396 0.0129228 0.019572 0.0278322 0.0374355 0.0477186 0.0575959 0.0658281 0.0714712 0.0741727 0.0741286 0.0718297 0.0678317 0.0626455 0.0567051 0.0503565 0.0438608 0.0374098 0.0311499 0.0252059 0.0196996 0.0147584 0.0105071 0.00704349 0.00440485
 0.00789269 0.0128903 0.019527 0.0277748 0.0373669 0.0476414 0.0575137 0.065746 0.0713958 0.0741113 0.0740871 0.0718116 0.0678376 0.0626748 0.0567563 0.050428 0.0439489 0.0375075 0.0312473 0.0252924 0.019767 0.0148028 0.0105297 0.00704907 0.00440012
 0.00790626 0.0129052 0.0195364 0.0277683 0.0373341 0.0475764 0.0574192 0.0656334 0.071281 0.0740095 0.0740093 0.071763 0.0678194 0.0626854 0.0567926 0.050486 0.044024 0.0375939 0.0313377 0.0253785 0.0198407 0.0148586 0.010566 0.00706828 0.00440706
 0.00788047 0.0128671 0.0194856 0.0277062 0.037262 0.0474939 0.0573239 0.0655232 0.0711583 0.0738839 0.0738969 0.0716819 0.0677831 0.062699 0.0568526 0.0505827 0.0441454 0.0377279 0.0314732 0.0255056 0.0199512 0.0149467 0.0106297 0.00710936 0.0044302
 0.00787223 0.0128462 0.0194408 0.0276237 0.0371305 0.0473115 0.0571029 0.0652888 0.0709403 0.0737068 0.0737746 0.0716187 0.067778 0.062749 0.056953 0.0507257 0.0443193 0.0379183 0.031665 0.0256852 0.0201078 0.0150736 0.0107244 0.00717387 0.00446992
 0.00783045 0.0127836 0.0193559 0.0275176 0.0370043 0.0471649 0.056934 0.0650974 0.0707335 0.0735015 0.0735959 0.0714923 0.0677221 0.0627696 0.0570447 0.0508757 0.044511 0.0381341 0.0318872 0.0258973 0.0202962 0.0152288 0.0108427 0.00725658 0.0045226
 0.00783995 0.0127905 0.0193509 0.0274875 0.0369368 0.0470543 0.0567857 0.0649266 0.0705584 0.0733368 0.0734505 0.071372 0.0676345 0.0627247 0.0570515 0.0509378 0.0446241 0.0382863 0.0320622 0.0260773 0.0204649 0.015374 0.0109571 0.00733899 0.00457659
 0.00779126 0.0127187 0.0192561 0.0273733 0.036808 0.0469135 0.0566323 0.0647596 0.0703816 0.0731621 0.0732962 0.0712576 0.0675737 0.062723 0.0571077 0.0510465 0.0447776 0.038474 0.0322703 0.0262893 0.0206642 0.0155465 0.0110945 0.0074392 0.00464314
 0.00775772 0.0126582 0.0191548 0.0272167 0.0365866 0.0466304 0.0563085 0.0644311 0.0700882 0.0729347 0.0731498 0.0711927 0.067584 0.0628007 0.0572448 0.0512344 0.0450052 0.0387284 0.0325365 0.0265512 0.0209058 0.0157545 0.0112602 0.00756052 0.0047243
 0.00772151 0.0125985 0.0190632 0.0270841 0.0364043 0.046393 0.0560174 0.064099 0.0697407 0.0726081 0.0728835 0.0710197 0.0675219 0.0628491 0.0573896 0.0514539 0.0452767 0.0390302 0.0328485 0.0268545 0.0211833 0.0159922 0.0114495 0.00769962 0.00481785
 0.00930777 0.0148163 0.0217344 0.02982 0.0387189 0.0478827 0.0565035 0.0636539 0.0686052 0.0710702 0.0711907 0.0693476 0.0659807 0.061501 0.0562619 0.0505488 0.0445786 0.0385137 0.0324842 0.0266128 0.0210355 0.0159118 0.0114131 0.00768836 0.00481831
 0.00928816 0.015082 0.0226585 0.0318656 0.0422371 0.05284 0.0623091 0.0692557 0.0728629 0.0732043 0.0710396 0.0673099 0.0627407 0.0577374 0.0524803 0.047051 0.0415091 0.03592 0.0303621 0.0249322 0.0197527 0.0149744 0.0107629 0.00726413 0.00456029
 0.00895583 0.0145566 0.0219176 0.0309561 0.0413305 0.052271 0.0625363 0.0706977 0.0756476 0.0769817 0.0750245 0.0705799 0.0646215 0.0580378 0.0514626 0.0452151 0.0393572 0.0338187 0.0285168 0.0234242 0.0185884 0.0141219 0.0101726 0.00688015 0.00432751
 0.00877585 0.0142563 0.0214518 0.0302809 0.0404198 0.051148 0.0613144 0.0696097 0.0750287 0.0771782 0.0762379 0.0727188 0.067266 0.0605749 0.0533354 0.046137 0.0393699 0.0331922 0.0275848 0.0224577 0.0177487 0.0134723 0.00971339 0.00658045 0.00414675
 0.00872435 0.0141629 0.0212927 0.0300254 0.0400349 0.0506072 0.0606113 0.0687745 0.0741459 0.0763983 0.0757675 0.0727697 0.0679623 0.0618615 0.0549535 0.0477077 0.0405498 0.0338074 0.027666 0.022175 0.017306 0.013028 0.00935289 0.0063272 0.00398827
 0.0086964 0.0141201 0.0212324 0.0299442 0.0399263 0.0504581 0.0604016 0.0684813 0.0737547 0.0759188 0.0752512 0.0723177 0.0677112 0.0619392 0.0554151 0.048486 0.0414617 0.0346258 0.0282178 0.0224048 0.0172716 0.0128447 0.00913067 0.00613561 0.00385301
 0.00867196 0.0140791 0.0211685 0.0298517 0.0398015 0.0503021 0.0602207 0.0682847 0.0735482 0.0757019 0.0750197 0.0720762 0.067489 0.0617956 0.0554245 0.0487017 0.0418765 0.0351583 0.0287413 0.0228038 0.0174906 0.0128989 0.0090799 0.00604534 0.0037682
 0.00866662 0.0140657 0.0211394 0.0297971 0.0397116 0.0501713 0.0600513 0.0680879 0.0733414 0.0755034 0.0748429 0.0719274 0.0673703 0.0617136 0.0553982 0.0487605 0.0420452 0.0354343 0.0290828 0.0231413 0.0177578 0.0130618 0.00914457 0.00604458 0.00373897
 0.0086603 0.0140605 0.0211406 0.0298111 0.0397427 0.0502168 0.0600987 0.0681171 0.0733324 0.0754441 0.0747348 0.0717836 0.0672102 0.0615577 0.0552658 0.0486715 0.0420188 0.0354826 0.0292007 0.0233023 0.0179215 0.0131914 0.00922235 0.00607443 0.0037381
 0.00865616 0.0140523 0.021126 0.029788 0.0397112 0.0501807 0.0600661 0.0680971 0.0733297 0.0754545 0.0747453 0.0717787 0.0671795 0.0615013 0.0551944 0.0486027 0.0419721 0.0354741 0.0292377 0.0233789 0.0180191 0.0132861 0.00929488 0.00611751 0.00375592
 0.00861153 0.0139866 0.0210396 0.0296858 0.0396007 0.0500701 0.0599629 0.0680084 0.0732633 0.075418 0.0747436 0.0718102 0.067235 0.0615667 0.0552567 0.0486556 0.042018 0.0355219 0.0292967 0.0234531 0.0181042 0.0133706 0.00936649 0.00616851 0.00378582
 0.00864807 0.0140346 0.0210911 0.0297268 0.0396163 0.0500511 0.0599106 0.0679346 0.0731839 0.0753471 0.0746889 0.0717736 0.067215 0.0615597 0.0552581 0.0486605 0.0420237 0.0355291 0.0293094 0.0234756 0.0181373 0.0134105 0.00940592 0.00620087 0.00380784
 0.00862815 0.0140123 0.0210756 0.0297308 0.0396503 0.0501155 0.0599914 0.0680067 0.0732225 0.0753395 0.0746398 0.0717008 0.0671392 0.0614962 0.0552134 0.0486339 0.042011 0.035526 0.0293136 0.0234867 0.0181551 0.0134335 0.00943055 0.00622302 0.00382459
 0.00861686 0.0139913 0.0210398 0.0296759 0.0395762 0.05003 0.0599113 0.0679525 0.0732089 0.0753669 0.0746933 0.0717586 0.0671843 0.0615233 0.0552274 0.0486438 0.0420236 0.0355439 0.0293363 0.0235124 0.0181823 0.0134605 0.00945567 0.00624424 0.00384057
 0.00862299 0.0140013 0.0210545 0.0296954 0.0395985 0.0500507 0.0599241 0.067952 0.0731944 0.0753436 0.0746709 0.0717448 0.0671803 0.0615235 0.0552246 0.048634 0.0420084 0.035528 0.0293243 0.0235068 0.0181832 0.0134665 0.00946455 0.00625371 0.00384882
 0.00862299 0.0140013 0.0210545 0.0296954 0.0395985 0.0500507 0.0599241 0.067952 0.0731944 0.0753436 0.0746709 0.0717448 0.0671803 0.0615235 0.0552246 0.048634 0.0420084 0.035528 0.0293243 0.0235068 0.0181832 0.0134665 0.00946455 0.00625371 0.00384882
 0.00893469 0.0144926 0.0217629 0.030639 0.0407654 0.051386 0.0613208 0.0692578 0.0742419 0.0759947 0.0748528 0.0714636 0.066508 0.0605715 0.0541145 0.0474757 0.0408884 0.034507 0.0284398 0.022777 0.0176104 0.0130406 0.0091663 0.00605847 0.00373025
 0.0088305 0.0143621 0.0216389 0.0305779 0.0408341 0.0516398 0.0617815 0.0699029 0.0750068 0.0767843 0.0755596 0.0719887 0.0667829 0.0605726 0.0538655 0.0470366 0.0403364 0.0339179 0.0278754 0.0222794 0.0172025 0.0127285 0.00894374 0.0059111 0.00364013
 0.0087609 0.0142342 0.0214223 0.0302442 0.0403743 0.0510869 0.0612229 0.0694671 0.0748217 0.076926 0.0760202 0.072679 0.0675658 0.0613072 0.0544437 0.0474034 0.0404907 0.0338993 0.0277432 0.0220937 0.0170111 0.0125616 0.00881504 0.00582176 0.00358394
 0.0088739 0.0144036 0.0216489 0.0305141 0.0406574 0.0513384 0.0613909 0.0695093 0.0747273 0.0767321 0.0758042 0.0725274 0.067533 0.0613908 0.0545899 0.0475359 0.0405452 0.0338462 0.0275913 0.0218786 0.0167768 0.012346 0.00864074 0.00569598 0.00350229
 0.00888761 0.0144367 0.0217179 0.0306391 0.0408543 0.051607 0.061706 0.0698205 0.074972 0.0768569 0.0757873 0.072389 0.0673293 0.0611899 0.054442 0.0474532 0.0405034 0.0338041 0.0275156 0.0217589 0.0166259 0.0121886 0.00850048 0.00558697 0.00342748
 0.00878221 0.0142677 0.0214699 0.0303041 0.0404394 0.0511424 0.0612482 0.0694426 0.0747414 0.0768086 0.0759106 0.072637 0.067643 0.0615237 0.0547741 0.0477789 0.0408189 0.0340961 0.0277622 0.0219408 0.0167368 0.0122382 0.00850864 0.00557459 0.00340999
 0.00889645 0.0144352 0.0216873 0.0305542 0.0406933 0.051365 0.0614052 0.0695092 0.0747097 0.0766931 0.0757441 0.0724571 0.0674775 0.0613837 0.054658 0.047682 0.0407399 0.0340352 0.0277166 0.0219027 0.0166977 0.0121936 0.00846067 0.00552931 0.00337313
 0.00898534 0.0145871 0.021928 0.0309077 0.0411707 0.05195 0.0620437 0.0701137 0.075182 0.076956 0.0757654 0.0722555 0.0671096 0.0609213 0.0541674 0.0472113 0.0403173 0.0336732 0.0274177 0.0216631 0.0165096 0.0120482 0.00835037 0.00544841 0.0033171
 0.0088957 0.0144528 0.0217485 0.0306941 0.0409472 0.0517534 0.061919 0.0701025 0.0753062 0.0772029 0.0760861 0.0725811 0.0673772 0.0610952 0.0542448 0.0472139 0.0402757 0.0336141 0.0273583 0.021611 0.0164663 0.0120124 0.0083204 0.00542367 0.00329772
 0.00872032 0.0141636 0.021308 0.0300708 0.0401302 0.0507709 0.0608535 0.0690868 0.0744949 0.0767278 0.0760176 0.0729103 0.0680245 0.0619383 0.0551555 0.0480882 0.0410493 0.0342608 0.0278776 0.0220146 0.0167694 0.0122302 0.00846817 0.00551695 0.00335177
 0.00862672 0.0139958 0.0210267 0.0296302 0.0394893 0.0499125 0.059803 0.0679223 0.0733395 0.075729 0.0753172 0.0726132 0.0681726 0.0624989 0.05603 0.0491403 0.0421409 0.0352819 0.0287599 0.0227299 0.0173181 0.0126292 0.00874225 0.00569339 0.00345719
 0.00889231 0.0144092 0.021611 0.0303855 0.0403813 0.0508626 0.060685 0.0685786 0.0736231 0.0755551 0.0746998 0.0716659 0.0670732 0.061436 0.0551511 0.0485212 0.0417823 0.0351305 0.0287409 0.0227753 0.017381 0.0126852 0.00878298 0.00571922 0.00347174
 0.00913098 0.0148198 0.0222679 0.0313637 0.0417295 0.0525636 0.0626225 0.0705357 0.0753237 0.0767344 0.075173 0.0713713 0.0660821 0.05993 0.0533739 0.0467178 0.0401456 0.0337717 0.0276908 0.0220071 0.0168413 0.0123179 0.0085407 0.00556556 0.00337927
 0.00928578 0.015088 0.0227027 0.0320267 0.0426786 0.0538315 0.0641914 0.0723192 0.0771651 0.078424 0.0764826 0.0721009 0.066109 0.0592443 0.0520853 0.045028 0.0382953 0.0319826 0.026122 0.0207391 0.0158854 0.0116399 0.0080864 0.00527806 0.00320828
 0.00933078 0.0151717 0.0228493 0.0322685 0.0430525 0.0543721 0.064921 0.0732387 0.0782453 0.0795993 0.0776475 0.0731163 0.066823 0.0595268 0.051867 0.0443273 0.0372193 0.0306989 0.0248116 0.0195513 0.0149108 0.0109075 0.00757833 0.00495146 0.0030136
#pred catch len freq
 0.00388725 0.00623961 0.00927786 0.0130015 0.0174187 0.0225051 0.0281335 0.0340499 0.0399208 0.0454047 0.0502075 0.054121 0.0570509 0.0590147 0.0601061 0.0604474 0.060155 0.0593133 0.0579339 0.055894 0.0528982 0.0485498 0.0425738 0.0350998 0.0267956
 0.00430065 0.00685932 0.010118 0.0140537 0.0186718 0.0239673 0.0298334 0.0360038 0.0420797 0.0476136 0.0522128 0.0556351 0.0578456 0.058998 0.0593458 0.0591343 0.0585263 0.0575684 0.0561775 0.0541301 0.0510792 0.0466519 0.040653 0.0332899 0.0252511
 0.00452702 0.00725008 0.010746 0.0149955 0.0199856 0.0256628 0.0318524 0.0382306 0.0443787 0.0498662 0.0543184 0.0574781 0.0592661 0.0598079 0.0593926 0.0583728 0.0570456 0.0555568 0.0538471 0.0516513 0.0485615 0.0441744 0.0383078 0.0311966 0.023528
 0.0048076 0.00768363 0.0113616 0.0158189 0.0210513 0.0270232 0.0335675 0.0403333 0.046829 0.0525243 0.0569617 0.0598561 0.0611586 0.0610518 0.0598773 0.0580336 0.0558774 0.0536353 0.05133 0.0487477 0.0454907 0.0411408 0.0354947 0.0287615 0.0215823
 0.00509713 0.00814476 0.0120377 0.0167443 0.0222464 0.0284897 0.0352846 0.0422621 0.0489228 0.0547324 0.059215 0.0620421 0.06311 0.0625657 0.0607582 0.0581347 0.0551256 0.0520417 0.0489931 0.0458474 0.0422692 0.0378693 0.032435 0.0261269 0.0195042
 0.00538683 0.00860472 0.0127111 0.0176682 0.0234507 0.0299913 0.0370762 0.0442991 0.0511188 0.056969 0.0613631 0.0639833 0.0647442 0.0638022 0.0614986 0.0582692 0.0545515 0.0506988 0.0468988 0.0431185 0.0391194 0.0345812 0.0293084 0.0234172 0.0173698
 0.00568249 0.00907403 0.0133976 0.0186085 0.0246724 0.0315084 0.038879 0.0463438 0.0533229 0.0592148 0.06351 0.0658858 0.0662735 0.0648615 0.0620243 0.0582169 0.0538813 0.0493765 0.0449216 0.0405522 0.0361251 0.0314093 0.0262533 0.0207466 0.0152581
 0.00598477 0.00955633 0.0141075 0.0195869 0.0259497 0.0330966 0.0407597 0.0484579 0.0555701 0.0614638 0.0656137 0.0676996 0.0676722 0.0657522 0.0623516 0.0579575 0.0530318 0.047944 0.0429292 0.0380625 0.0332697 0.0283984 0.0233486 0.0181984 0.0132372
