SBPRF35
7.78865
Curr Bio
572408
B35
684170
F35
0.225961
FOFL
0.205101
OFL
97136.4
Bzero
2.22533e+006
#pred survey bio
 4.48322e+006 4.22607e+006 3.97948e+006 3.67378e+006 3.3705e+006 3.03105e+006 2.70706e+006 2.4006e+006 2.12365e+006 1.87865e+006 1.66322e+006 1.47183e+006 1.29449e+006 1.13764e+006 1.02781e+006 906046 811959 763926 715850 690780 653045 626038 610107 593660 590552 588693 579452 578551 563522 563154 565346 566917 567022 557302 552507 543846 539577 540550 539600 534731 535459 541145 549165 555768 551109 551328 557804 566242 565175 572829 585552 535229 526252 511234 538294 572766 2.1853e+007 1.33533e+007 1.36572e+007 1.41685e+007 1.47795e+007 1.53758e+007 1.58965e+007 1.6321e+007 1.66519e+007 1.69025e+007 1.70887e+007 1.72257e+007 1.73258e+007 1.73991e+007 1.74527e+007 1.74921e+007 1.75213e+007 1.75429e+007 1.75591e+007 1.75712e+007 1.75804e+007 1.75873e+007 1.75926e+007 1.75966e+007 1.75997e+007 1.7602e+007 1.76039e+007 1.76052e+007 1.76063e+007 1.76071e+007 1.76078e+007 1.76083e+007 1.76086e+007 1.76089e+007 1.76092e+007 1.76093e+007 1.76095e+007 1.76096e+007 1.76097e+007 1.76097e+007 1.76098e+007 1.76098e+007 1.76098e+007 1.76099e+007 1.76099e+007 1.76099e+007 1.76099e+007 1.76099e+007 1.76099e+007 1.76099e+007 1.76099e+007 1.76099e+007 1.76099e+007 1.76099e+007 1.76099e+007 1.76099e+007 1.76099e+007 1.76099e+007 1.76099e+007 1.76099e+007 1.76099e+007 1.76099e+007 1.76099e+007 1.76099e+007 1.76099e+007 1.76099e+007 1.76099e+007 1.76099e+007 1.76099e+007 1.76099e+007 1.76099e+007 1.76099e+007 1.76099e+007 1.76099e+007 1.76099e+007 1.76099e+007 1.76099e+007 1.76099e+007 1.76099e+007 1.76099e+007 1.76099e+007 1.76099e+007 1.76099e+007 1.76099e+007 1.76099e+007 1.76099e+007 1.76099e+007 1.76099e+007 1.76099e+007 1.76099e+007 1.76099e+007 1.76099e+007 1.76099e+007 1.76099e+007 1.76099e+007 1.76099e+007 1.76099e+007 1.76099e+007 1.76099e+007 1.76099e+007 0 0 0 0 0 0 0 0 0 0 0 0 0 0 0 0 0 0 0 0 0 0 0 0 0
#obs survey bio
 2.79695e+006 3.51324e+006 2.91534e+006 3.46489e+006 2.76021e+006 2.43437e+006 2.32089e+006 2.42054e+006 2.3543e+006 1.5393e+006 1.54679e+006 1.02338e+006 1.16828e+006 1.17472e+006 883189 775293 668180 550233 701667 717268 836593 754737 423894 495310 428300 579886 673802 498682 570514 592810 625149 479728 456470 514147 756596 439785 842357 789389 485643 379935 381826 716967 574837 753998 581587 584740 610104 613883 617943 914566 579765 640490 424043 466247 525620 545154
#pred catch bio
 94331.3 97311.2 173233 197800 260757 277956 291975 292555 287388 280471 274006 272090 260751 223716 234825 208284 165881 162547 138745 144386 129902 117453 116684 104801 103130 107838 99117 109128 94653.2 91305.9 91405.3 92381.8 99397.5 92158.8 91329.3 85732.1 83563.7 88674.4 93975.7 90065.6 86219.9 84270.4 85529.7 95026.9 91116.8 86315 84916.4 92945 85870.4 82646.2 135841 101414 109752 78812 78189.7 68144.5 97136.4 107466 108793 111624 115664 119759 123292 126079 128154 129636 130662 131355 131816 132118 132314 132439 132519 132570 132602 132622 132634 132642 132647 132650 132652 132653 132654 132654 132655 132655 132655 132655 132655 132655 132655 132655 132655 132655 132655 132655 132655 132655 132655 132655 132655 132655 132655 132655 132655 132655 132655 132655 132655 132655 132655 132655 132655 132655 132655 132655 132655 132655 132655 132655 132655 132655 132655 132655 132655 132655 132655 132655 132655 132655 132655 132655 132655 132655 132655 132655 132655 132655 132655 132655 132655 132655 132655 132655 132655 132655 132655 132655 132655 132655 132655 132655 132655 132655 132655 132655 0 0 0 0 0 0 0 0 0 0 0 0 0 0 0 0 0 0 0 0 0 0 0 0 0
#obs catch bio
 0 97022.8 174458 198685 263635 281351 295731 297447 291883 286023 279966 278233 267408 228490 241642 214002 168531 165815 140116 146170 130274 117023 117643 105672 104355 108617 99505.1 109908 95267.8 91417.5 91571.8 92972.6 100437 93253.2 91747.1 85890.1 83317.4 87927.2 93177.9 89598.6 86018.4 83600.4 84883.2 94097.3 90628.3 86148.1 84466.5 92341 85308.6 81591.2 135038 100192 109675 78473.5 78428 68023.6
#pred cpue bio
 4.40369e+006 4.14982e+006 3.90548e+006 3.60114e+006 3.29977e+006 2.96273e+006 2.64099e+006 2.33668e+006 2.06174e+006 1.8186e+006 1.605e+006 1.4157e+006 1.24072e+006 1.08627e+006 978209 859253 767891 721619 675627 652188 616668 591281 575945 559761 556733 555249 546725 546211 531996 532041 534462 535968 536082 527021 523378 516104 511732 511241 509270 504330 505117 510862 518888 525382 520739 520713 527003 535390 534396 541690 553899 504577 494661 478997 504304 537324 2.0568e+007 1.2592e+007 1.28441e+007 1.32775e+007 1.38596e+007 1.44493e+007 1.49687e+007 1.5393e+007 1.5724e+007 1.59745e+007 1.61607e+007 1.62977e+007 1.63979e+007 1.64711e+007 1.65247e+007 1.65641e+007 1.65933e+007 1.66149e+007 1.66311e+007 1.66432e+007 1.66524e+007 1.66593e+007 1.66646e+007 1.66686e+007 1.66717e+007 1.66741e+007 1.66759e+007 1.66773e+007 1.66783e+007 1.66791e+007 1.66798e+007 1.66803e+007 1.66807e+007 1.66809e+007 1.66812e+007 1.66814e+007 1.66815e+007 1.66816e+007 1.66817e+007 1.66817e+007 1.66818e+007 1.66818e+007 1.66819e+007 1.66819e+007 1.66819e+007 1.66819e+007 1.66819e+007 1.66819e+007 1.66819e+007 1.66819e+007 1.66819e+007 1.66819e+007 1.66819e+007 1.66819e+007 1.66819e+007 1.66819e+007 1.6682e+007 1.6682e+007 1.6682e+007 1.6682e+007 1.6682e+007 1.6682e+007 1.6682e+007 1.6682e+007 1.6682e+007 1.6682e+007 1.6682e+007 1.6682e+007 1.6682e+007 1.6682e+007 1.6682e+007 1.6682e+007 1.6682e+007 1.6682e+007 1.6682e+007 1.6682e+007 1.6682e+007 1.6682e+007 1.6682e+007 1.6682e+007 1.6682e+007 1.6682e+007 1.6682e+007 1.6682e+007 1.6682e+007 1.6682e+007 1.6682e+007 1.6682e+007 1.6682e+007 1.6682e+007 1.6682e+007 1.6682e+007 1.6682e+007 1.6682e+007 1.6682e+007 1.6682e+007 1.6682e+007 1.6682e+007 1.6682e+007 1.6682e+007 0 0 0 0 0 0 0 0 0 0 0 0 0 0 0 0 0 0 0 0 0 0 0 0 0
#obs cpue bio
 3.5148e+006 3.89193e+006 3.18243e+006 2.79249e+006 2.85601e+006 2.76331e+006 3.17333e+006 1.4381e+006 1.90911e+006 1.35659e+006 1.26938e+006 1.70832e+006 943084 781927 749078 713675 944578 727059 802309 568839 707486 704414 387069 506681 511711 791930 447146 602371 392437 730546 449581 397940 518037 375488 653460 710350 492364 615261 647288 587798 602989 672454 516105 568588 372328 391801 657358 681924 501790 493809 553511 489247 444213 510567 356910 681565
#pred surv len freq
 0.00459973 0.00746338 0.0112292 0.0158907 0.0213641 0.0274164 0.0336261 0.0394724 0.0445186 0.0485506 0.0515797 0.0537555 0.0552746 0.0563168 0.0570003 0.0573556 0.0573274 0.0567967 0.0555966 0.0535073 0.050256 0.0455839 0.0394089 0.0320127 0.024097
 0.00494856 0.0079408 0.0117868 0.0164407 0.0218204 0.0277489 0.0338909 0.0397841 0.044973 0.0491443 0.0521819 0.0541545 0.0552726 0.0558218 0.0560713 0.056186 0.056177 0.0558993 0.0550786 0.0533512 0.0503272 0.0457065 0.0394494 0.0319262 0.0239178
 0.00507042 0.00818662 0.0122381 0.0171853 0.0229098 0.0291473 0.0354489 0.0412756 0.0461876 0.0499769 0.0526523 0.054342 0.0552223 0.055502 0.0554122 0.0551633 0.0548718 0.054489 0.0537657 0.0522772 0.0495251 0.0451165 0.0389794 0.0315113 0.0235434
 0.00525017 0.00846491 0.0126363 0.0177275 0.0236342 0.030111 0.0367125 0.0428607 0.0480256 0.0518875 0.0543821 0.0556508 0.0559632 0.0556407 0.0549881 0.0542404 0.0535273 0.0528348 0.0519595 0.0504956 0.0479117 0.0437462 0.0378622 0.0306248 0.0228622
 0.00544363 0.00877651 0.0130993 0.0183697 0.0244729 0.0311471 0.0379287 0.0442272 0.0495106 0.053456 0.055975 0.0571576 0.0572183 0.0564607 0.0552297 0.0538425 0.0525175 0.0513131 0.0500791 0.0484421 0.0458748 0.041885 0.0362804 0.0293669 0.0219256
 0.00569423 0.00917821 0.0136937 0.0191931 0.0255509 0.0324856 0.0395024 0.0459732 0.051335 0.0552526 0.0576456 0.0586207 0.0584003 0.0572786 0.0555833 0.0536311 0.051676 0.0498477 0.0480833 0.0460878 0.0433823 0.0394806 0.0341531 0.027637 0.0206337
 0.00597967 0.00963182 0.0143576 0.0201012 0.0267254 0.0339301 0.0411922 0.0478484 0.0533025 0.0571982 0.0594494 0.0601722 0.0596093 0.0580759 0.0559123 0.053437 0.050907 0.0484754 0.046137 0.0436809 0.040712 0.0367948 0.0316953 0.02559 0.0190843
 0.00626474 0.0100921 0.0150448 0.0210616 0.0279922 0.0355105 0.0430532 0.0499109 0.0554505 0.059298 0.06137 0.0617982 0.0608469 0.0588552 0.0561849 0.0531689 0.0500727 0.0470617 0.0441626 0.0412268 0.0379415 0.033944 0.0290254 0.0233213 0.0173413
 0.00658844 0.0106032 0.0157866 0.0220672 0.0292821 0.0370877 0.0448938 0.0519546 0.0575995 0.0614267 0.0633403 0.0634777 0.0621242 0.0596492 0.0564453 0.0528698 0.0492032 0.0456242 0.0421835 0.0387795 0.0351704 0.0310657 0.0262952 0.0209698 0.0155123
 0.00686705 0.0110575 0.0164728 0.0230378 0.0305752 0.0387111 0.0468082 0.0540701 0.0597889 0.0635502 0.0652669 0.065095 0.0633403 0.0603929 0.0566671 0.0525414 0.0483155 0.0441858 0.0402276 0.0363802 0.0324623 0.0282491 0.0236102 0.0186406 0.0136862
 0.00711119 0.0114532 0.0170671 0.0238765 0.0316974 0.0401385 0.0485302 0.0560316 0.0618887 0.0656519 0.0672188 0.0667532 0.0645887 0.0611536 0.0568985 0.0522291 0.0474629 0.0428106 0.0383678 0.0341096 0.0299074 0.0255942 0.0210758 0.0164348 0.0119489
 0.00737121 0.0118679 0.0176767 0.024715 0.0327886 0.0414895 0.0501216 0.0578108 0.0637716 0.0675313 0.0689757 0.0682676 0.0657508 0.0618757 0.0571238 0.0519335 0.04665 0.0415053 0.0366164 0.0319886 0.0275367 0.023142 0.0187403 0.0144028 0.0103464
 0.00763812 0.0123 0.0183235 0.0256207 0.0339835 0.0429756 0.0518589 0.0597119 0.0657137 0.0693792 0.0706044 0.0695752 0.0666631 0.0623443 0.0571232 0.0514581 0.0457118 0.0401337 0.0348604 0.0299247 0.0252783 0.0208413 0.0165722 0.0125293 0.00887499
 0.00793363 0.0127683 0.0190063 0.0265504 0.0351792 0.0444361 0.0535516 0.0615642 0.0676144 0.0711919 0.0721881 0.0708074 0.0674563 0.062655 0.0569479 0.0508219 0.0446551 0.0387051 0.033118 0.0279445 0.023164 0.0187262 0.0146057 0.0108465 0.00756219
 0.0079933 0.0128891 0.0192322 0.0269376 0.0357838 0.045294 0.0546602 0.0628767 0.0690488 0.0726483 0.0735632 0.0720019 0.0683813 0.063238 0.0571417 0.0506092 0.0440472 0.0377368 0.0318431 0.0264357 0.0215168 0.017058 0.0130442 0.00950526 0.0065136
 0.00813195 0.0131191 0.0195882 0.0274579 0.0365062 0.0462468 0.0558479 0.0642663 0.0705632 0.0741711 0.0749564 0.0731327 0.069148 0.0635857 0.0570616 0.0501266 0.0432082 0.0365985 0.0304711 0.0249056 0.0199174 0.0154909 0.0116138 0.00830001 0.00558481
 0.00832622 0.0134106 0.0199829 0.0279483 0.0370784 0.0468904 0.0565608 0.0650519 0.0714199 0.07508 0.0758726 0.0739848 0.0698482 0.0640482 0.0572222 0.0499556 0.0427124 0.0358144 0.0294558 0.0237308 0.0186666 0.0142553 0.0104833 0.00734786 0.00485244
 0.00826745 0.013332 0.0198952 0.0278707 0.0370319 0.0468885 0.0566063 0.0651423 0.0715604 0.0752932 0.0761936 0.074441 0.0704341 0.0647119 0.0578728 0.0504876 0.0430358 0.0358764 0.0292491 0.0232901 0.0180578 0.0135628 0.0097946 0.00673721 0.00436708
 0.00826944 0.0133325 0.0198919 0.0278624 0.0370215 0.0468867 0.0566313 0.0652137 0.0716896 0.075477 0.0764173 0.0746899 0.0707029 0.065002 0.0581782 0.0507814 0.0432688 0.0359917 0.0292037 0.0230724 0.017693 0.0131054 0.0093132 0.00629543 0.00400851
 0.00811915 0.0131032 0.0195749 0.0274601 0.036547 0.0463633 0.0560936 0.0647097 0.0712782 0.0752186 0.0763596 0.0748538 0.0710764 0.0655444 0.0588311 0.0514789 0.0439434 0.0365784 0.029647 0.0233381 0.0177781 0.0130399 0.00915012 0.00609446 0.00381884
 0.00824388 0.0132714 0.0197644 0.0276294 0.0366477 0.0463589 0.0559743 0.0644943 0.0710042 0.0749282 0.0760915 0.0746413 0.0709472 0.0655175 0.0589114 0.051653 0.0441802 0.0368337 0.0298728 0.0234932 0.0178391 0.0130079 0.00904878 0.00595992 0.00368598
 0.00856286 0.0137328 0.020351 0.0282838 0.0372825 0.0468771 0.0562909 0.0645534 0.0707917 0.0744791 0.0754844 0.0739785 0.0703271 0.0650126 0.0585589 0.0514578 0.0441214 0.0368732 0.0299632 0.0235873 0.0179005 0.0130185 0.00901108 0.00589134 0.00360898
 0.0086637 0.0139149 0.0206554 0.0287512 0.0379326 0.0476819 0.0571568 0.0653326 0.0713252 0.074653 0.0752699 0.073436 0.0695783 0.0641981 0.0578006 0.0508364 0.0436705 0.0365862 0.0298064 0.0235148 0.0178674 0.0129919 0.0089745 0.0058437 0.00355816
 0.00868254 0.0139536 0.0207304 0.0288876 0.0381633 0.0480423 0.0576716 0.0659966 0.0720844 0.0753995 0.0758625 0.0737446 0.0695337 0.0638184 0.0571812 0.0501103 0.0429631 0.0359836 0.0293455 0.0231911 0.0176525 0.0128503 0.00887675 0.00577151 0.00350323
 0.00857067 0.0137825 0.0204941 0.0285904 0.0378228 0.0476913 0.0573605 0.0657892 0.0720453 0.075572 0.0762448 0.0742778 0.0701119 0.0643223 0.0575205 0.0502542 0.0429423 0.0358659 0.0292015 0.023069 0.0175703 0.0128035 0.00885166 0.00575565 0.00349008
 0.00848224 0.0136405 0.0202842 0.0283018 0.0374524 0.0472491 0.0568756 0.0653117 0.0716409 0.0753096 0.0761806 0.074439 0.0704836 0.0648441 0.0580995 0.0507923 0.0433679 0.036153 0.0293667 0.0231521 0.0176109 0.0128273 0.00886909 0.00576836 0.00349752
 0.00850526 0.01367 0.0203132 0.0283179 0.0374391 0.0471897 0.0567579 0.0651323 0.0714091 0.07505 0.0759322 0.0742488 0.0703949 0.0648816 0.0582575 0.0510336 0.0436357 0.0363918 0.029542 0.0232573 0.017661 0.0128446 0.00887196 0.00576698 0.00349561
 0.0084136 0.0135338 0.020132 0.0280984 0.0371926 0.0469269 0.0564865 0.064858 0.07114 0.0748003 0.0757235 0.0741085 0.0703506 0.0649542 0.0584532 0.0513379 0.0440126 0.0367911 0.0299133 0.0235644 0.0178894 0.0129993 0.00896888 0.00582394 0.00352725
 0.00841113 0.0135335 0.0201385 0.0281189 0.037235 0.0469974 0.056585 0.0649752 0.0712555 0.0748852 0.0757483 0.0740543 0.0702194 0.0647715 0.058261 0.0511795 0.0439177 0.0367665 0.0299443 0.0236243 0.0179524 0.0130492 0.00900083 0.00584087 0.00353465
 0.00847922 0.013608 0.0201846 0.0280846 0.0370678 0.0466705 0.0561175 0.0644334 0.070732 0.0744675 0.0754927 0.0739747 0.070293 0.064955 0.0585091 0.0514589 0.0442095 0.0370611 0.0302324 0.0238928 0.0181857 0.0132355 0.0091362 0.0059301 0.00358797
 0.00854705 0.0137135 0.0203319 0.0282674 0.0372636 0.0468349 0.0561882 0.064347 0.0704533 0.074016 0.0749458 0.0734428 0.0698775 0.0647143 0.0584487 0.0515449 0.0443925 0.037295 0.0304824 0.0241346 0.018402 0.0134143 0.00927195 0.00602392 0.00364668
 0.0084907 0.0136432 0.0202654 0.0282342 0.0372957 0.0469528 0.0563863 0.0645877 0.0706733 0.0741437 0.0749271 0.0732642 0.0695759 0.064365 0.0581362 0.0513312 0.0443008 0.0373126 0.0305767 0.0242688 0.0185454 0.0135454 0.00937846 0.00610164 0.00369767
 0.00828858 0.0133491 0.0198881 0.0278074 0.0368728 0.0465956 0.0561526 0.0645192 0.0707838 0.0744095 0.0752867 0.0736338 0.0698773 0.0645538 0.0582145 0.0513398 0.0442947 0.0373354 0.0306464 0.0243789 0.0186753 0.0136729 0.00948706 0.00618366 0.00375305
 0.0079221 0.0128135 0.0191952 0.0270101 0.0360549 0.0458519 0.0555707 0.0641685 0.070707 0.0746137 0.0757373 0.074257 0.0705747 0.0652258 0.0587851 0.0517735 0.0445984 0.0375451 0.030805 0.0245179 0.0188076 0.0137962 0.00959304 0.00626579 0.00381003
 0.00784058 0.0126301 0.0188291 0.0263657 0.035059 0.0445058 0.0539887 0.0625695 0.0693534 0.0737272 0.0754353 0.0745358 0.0713326 0.0663046 0.0600121 0.0529963 0.045708 0.0384852 0.0315652 0.0251158 0.0192702 0.0141473 0.00985083 0.00644527 0.00392637
 0.00852093 0.0135867 0.0199877 0.027552 0.0360331 0.0450284 0.0538885 0.0617911 0.0679786 0.0719689 0.0735947 0.0729253 0.0701878 0.0657258 0.0599603 0.0533357 0.0462683 0.0391138 0.0321563 0.0256155 0.0196638 0.0144424 0.0100631 0.00659085 0.00402036
 0.00901376 0.0143878 0.0211836 0.0291971 0.0381072 0.0473856 0.0562309 0.0637071 0.0690594 0.0719558 0.0724808 0.0709559 0.0677688 0.0632893 0.057846 0.0517262 0.045188 0.038476 0.0318281 0.0254711 0.0196125 0.0144317 0.0100675 0.00659998 0.0040298
 0.0089007 0.0142856 0.0211829 0.0294382 0.0387494 0.0485511 0.0579421 0.0658434 0.0713511 0.0740254 0.0739313 0.0714894 0.0672896 0.0619404 0.0559535 0.049679 0.0433136 0.0369659 0.0307317 0.0247386 0.0191524 0.0141541 0.00990459 0.00650699 0.00397899
 0.00872547 0.0140186 0.0208201 0.029003 0.0383058 0.0482138 0.0578711 0.0662094 0.0722682 0.0754768 0.0757297 0.0733055 0.0687482 0.0627452 0.0559869 0.0490303 0.0422256 0.0357313 0.0295919 0.0238298 0.0185066 0.0137359 0.00965321 0.0063649 0.00390301
 0.00868047 0.0139405 0.0206936 0.0288122 0.0380405 0.0478804 0.0575062 0.0658889 0.0721041 0.0755933 0.0762182 0.0741714 0.0698762 0.0639128 0.0569326 0.0495504 0.0422497 0.0353364 0.0289526 0.0231367 0.0179001 0.013281 0.00935177 0.00618495 0.00380492
 0.00857687 0.013785 0.0204832 0.028551 0.0377365 0.0475418 0.057141 0.0655106 0.0717428 0.0753037 0.076079 0.0742668 0.0702612 0.0645747 0.0577713 0.0503983 0.0429302 0.0357322 0.0290457 0.0229996 0.0176478 0.0130176 0.00913944 0.00604193 0.00372165
 0.00855319 0.0137294 0.0203688 0.0283448 0.0374103 0.0470882 0.0565851 0.0649091 0.0711682 0.0748248 0.0757496 0.0741264 0.07034 0.0648894 0.0583088 0.0510991 0.0436878 0.0364209 0.0295646 0.0233075 0.0177688 0.0130158 0.00908344 0.00598006 0.0036758
 0.00854843 0.0137182 0.0203442 0.0282944 0.0373153 0.0469236 0.0563256 0.0645395 0.0706971 0.0742938 0.0752291 0.073699 0.0700783 0.0648396 0.058484 0.0514773 0.0442131 0.0370096 0.0301232 0.0237595 0.0180771 0.0131876 0.0091557 0.00599654 0.00367022
 0.00859223 0.0137799 0.0204191 0.0283715 0.0373788 0.0469563 0.0563107 0.0644614 0.0705419 0.0740531 0.0749083 0.0733251 0.0697014 0.0645238 0.0582901 0.051444 0.0443448 0.0372738 0.0304596 0.0240986 0.0183617 0.0133885 0.00927368 0.00605225 0.00368942
 0.00866217 0.0139 0.0206108 0.0286556 0.0377672 0.0474399 0.0568507 0.0649902 0.0709776 0.0743212 0.0749597 0.0731466 0.0693171 0.0639912 0.0576903 0.0508654 0.0438625 0.0369317 0.0302626 0.0240176 0.0183509 0.0134041 0.00928767 0.00605473 0.00368265
 0.00857574 0.0137804 0.0204702 0.0285212 0.0376763 0.0474314 0.0569538 0.0652153 0.071309 0.0747145 0.0753486 0.0734579 0.0694917 0.0640014 0.0575471 0.0506136 0.0435663 0.0366551 0.0300509 0.0238876 0.0182925 0.0133919 0.00929534 0.00606455 0.00368761
 0.00851087 0.0136661 0.0202836 0.0282398 0.0372897 0.0469551 0.0564399 0.0647475 0.0709807 0.074597 0.0754661 0.0737799 0.0699445 0.0644922 0.0579919 0.050959 0.0437982 0.0367929 0.0301315 0.0239465 0.0183503 0.0134529 0.00935311 0.00611119 0.00371942
 0.00852153 0.0136707 0.0202663 0.0281757 0.0371485 0.0467098 0.0560776 0.0642809 0.0704548 0.0740877 0.0750649 0.0735679 0.0699637 0.0647297 0.0583852 0.0514206 0.0442461 0.0371736 0.0304264 0.0241638 0.0185097 0.0135722 0.00944295 0.00617645 0.00376325
 0.00858571 0.0137761 0.0204254 0.0283971 0.0374301 0.0470309 0.0563936 0.0645279 0.0705669 0.0740213 0.0748189 0.0731887 0.0695326 0.0643355 0.0580943 0.0512579 0.0441948 0.0371922 0.0304717 0.0242072 0.0185408 0.0135925 0.00945732 0.00618802 0.00377265
 0.00860936 0.0138054 0.0204532 0.0284132 0.037426 0.0470063 0.0563591 0.0645 0.0705562 0.0740222 0.0748091 0.0731418 0.0694355 0.0642006 0.057957 0.0511599 0.044164 0.0372315 0.0305612 0.0243171 0.0186453 0.0136774 0.00951928 0.00622992 0.00379928
 0.0086373 0.0138421 0.020492 0.0284413 0.0374268 0.0469639 0.0562644 0.0643555 0.0703784 0.0738394 0.0746525 0.0730333 0.06938 0.0641876 0.0579711 0.0511928 0.0442179 0.0373124 0.0306695 0.0244429 0.0187721 0.0137894 0.00960697 0.00629166 0.00383878
 0.00930423 0.0148718 0.0219374 0.0303076 0.039664 0.0494589 0.0588339 0.0667535 0.0723322 0.0751087 0.0750875 0.0726066 0.0681834 0.0624015 0.0558193 0.0488991 0.0419746 0.035264 0.028908 0.0230109 0.0176702 0.0129871 0.00905564 0.00593571 0.00362428
 0.00941273 0.0150704 0.0222768 0.0308478 0.0404585 0.0505304 0.0601517 0.0682248 0.0738151 0.0764389 0.0761081 0.0731932 0.0682647 0.0619723 0.0549432 0.0476949 0.0405912 0.0338504 0.0275891 0.0218726 0.0167557 0.0123016 0.00857627 0.00562365 0.0034359
 0.00960637 0.0153696 0.0226999 0.0314059 0.0411596 0.0513827 0.0611583 0.0693711 0.0750519 0.0776727 0.077208 0.0740151 0.0686852 0.0619197 0.0544139 0.0467529 0.039353 0.0324612 0.0261951 0.0205962 0.0156794 0.0114625 0.00797103 0.00522031 0.0031883
 0.00937823 0.0150205 0.0222161 0.0307923 0.0404423 0.0506111 0.0604095 0.0687493 0.0746763 0.0776514 0.0776021 0.0748087 0.0697754 0.0631352 0.0555601 0.0476647 0.0399354 0.0327028 0.0261543 0.0203707 0.015372 0.0111557 0.00771496 0.00503363 0.00306723
 0.00896432 0.0144008 0.0213829 0.0297747 0.0392992 0.049419 0.0592539 0.0677228 0.0738768 0.0771736 0.0775237 0.0751729 0.0705728 0.064292 0.0569395 0.0490912 0.041235 0.0337465 0.0268845 0.0208024 0.0155703 0.0112043 0.00768895 0.00498491 0.00302309
#obs surv len freq
 nan nan nan nan nan nan nan nan nan nan nan nan nan nan nan nan nan nan nan nan nan nan nan nan nan
 0.00448711 0.00734964 0.0111808 0.0159981 0.0216994 0.027975 0.0342888 0.0400192 0.0446977 0.0481601 0.0505164 0.0520107 0.0529014 0.0534125 0.0537257 0.0539798 0.0542578 0.0545502 0.0546887 0.0542805 0.0527187 0.0493511 0.0438014 0.0362823 0.0276668
 0.00461139 0.00755544 0.0114971 0.0164531 0.0223134 0.0287495 0.0351958 0.0409992 0.0456678 0.0490314 0.051211 0.0524731 0.0531039 0.0533545 0.0534295 0.0534827 0.0536033 0.053781 0.053844 0.0533973 0.0518359 0.0485119 0.0430506 0.0356577 0.0271894
 0.00478083 0.0078295 0.0119072 0.0170282 0.0230751 0.0297044 0.0363254 0.0422539 0.0469698 0.0502848 0.0523151 0.0533358 0.0536528 0.0535465 0.0532545 0.0529618 0.0527817 0.0527182 0.0526065 0.0520556 0.050465 0.0471921 0.0418614 0.0346648 0.0264292
 0.00497326 0.0081467 0.0123925 0.0177239 0.0240136 0.0308941 0.0377374 0.0438187 0.0485882 0.0518475 0.0537186 0.0544885 0.0544769 0.053979 0.0532535 0.0525129 0.0519022 0.0514568 0.0510386 0.0502789 0.0485959 0.0453591 0.0401913 0.0332613 0.0253506
 0.00518715 0.00849588 0.012921 0.0184746 0.0250208 0.0321717 0.0392653 0.0455359 0.0503988 0.0536362 0.0553676 0.0558907 0.0555413 0.0546331 0.0534431 0.0522035 0.0510835 0.0501502 0.0493044 0.0482201 0.0463559 0.04311 0.0381098 0.0314947 0.0239846
 0.0054147 0.00886806 0.0134854 0.019277 0.0260971 0.033534 0.0408883 0.0473524 0.052309 0.055526 0.0571254 0.0574149 0.0567425 0.0554339 0.0537788 0.052024 0.050358 0.0488753 0.0475176 0.0460126 0.0438786 0.0405631 0.0357114 0.029434 0.0223781
 0.00565904 0.00926858 0.0140943 0.0201449 0.0272634 0.0350113 0.0426468 0.0493143 0.05436 0.0575378 0.0589769 0.0590032 0.057985 0.0562644 0.0541422 0.0518731 0.0496551 0.0476015 0.0456897 0.0437042 0.041235 0.0377963 0.033067 0.0271355 0.0205705
 0.00589467 0.0096576 0.0146909 0.0210037 0.0284286 0.0365005 0.0444332 0.0513207 0.0564693 0.0596155 0.0608931 0.0606465 0.0592672 0.0571193 0.0545209 0.0517374 0.0489733 0.0463531 0.043881 0.0413933 0.0385538 0.0349534 0.0303172 0.0247207 0.0186553
 0.00614762 0.010069 0.0153105 0.0218788 0.0295958 0.0379726 0.0461852 0.0532825 0.0585339 0.061657 0.0627856 0.0622772 0.0605435 0.0579706 0.0548967 0.0516022 0.0483016 0.0451294 0.0421114 0.0391283 0.0359132 0.0321343 0.0275696 0.0222895 0.016714
 0.00638949 0.0104669 0.0159178 0.0227475 0.0307657 0.0394543 0.0479441 0.0552346 0.06056 0.0636276 0.0645822 0.0638025 0.0617211 0.0587419 0.0552173 0.0514389 0.0476301 0.0439361 0.0404028 0.0369511 0.0333768 0.0294216 0.0249163 0.0199313 0.014822
 0.00660829 0.0108272 0.0164688 0.0235381 0.0318356 0.040819 0.0495787 0.0570675 0.0624816 0.0655107 0.0663033 0.0652571 0.06283 0.0594512 0.0554929 0.0512591 0.0469801 0.0428077 0.0388038 0.034924 0.0310207 0.0269018 0.022448 0.0177322 0.0130524
 0.006831 0.0111901 0.0170165 0.0243127 0.0328689 0.0421196 0.0511191 0.0587791 0.0642632 0.0672471 0.0678832 0.0665843 0.0638291 0.0600691 0.0556973 0.0510341 0.04632 0.0417145 0.0372925 0.0330374 0.0288486 0.0245919 0.0201917 0.0157236 0.0114353
 0.00706919 0.0115789 0.0176042 0.0251439 0.0339743 0.0435008 0.0527339 0.0605385 0.0660458 0.0689247 0.0693442 0.0677448 0.0646338 0.0604867 0.0557147 0.0506507 0.045543 0.0405572 0.0357786 0.0312129 0.026798 0.0224464 0.0181184 0.0138905 0.00996556
 0.00726487 0.0119059 0.0181126 0.025885 0.0349887 0.0448006 0.0542846 0.0622534 0.0678001 0.0705808 0.070777 0.0688588 0.0653684 0.060815 0.0556364 0.0501824 0.0447096 0.0393873 0.0343071 0.0294905 0.0249048 0.0204986 0.0162593 0.0122611 0.00866691
 0.00744213 0.0121946 0.0185485 0.0265025 0.0358161 0.0458501 0.055541 0.0636672 0.0692891 0.0720413 0.072099 0.06994 0.0661279 0.0612018 0.0556317 0.049795 0.0439672 0.0383282 0.0329774 0.0279487 0.0232296 0.0187946 0.0146487 0.0108606 0.00755733
 0.00754029 0.0123583 0.0188026 0.0268735 0.0363273 0.0465144 0.0563535 0.0646021 0.0703033 0.0730812 0.0731048 0.0708483 0.0668728 0.0617198 0.0558707 0.0497225 0.0435746 0.0376308 0.0320114 0.0267699 0.0219143 0.017439 0.0133599 0.00973751 0.00666717
 0.00761758 0.0124772 0.0189697 0.0270923 0.0366003 0.0468455 0.0567486 0.0650662 0.0708366 0.0736747 0.0737383 0.0714895 0.0674787 0.0622392 0.0562483 0.0499058 0.0435228 0.0373232 0.0314534 0.0259957 0.0209862 0.0164416 0.0123883 0.00887893 0.00598124
 0.00766264 0.0125476 0.0190701 0.0272249 0.0367639 0.0470358 0.0569586 0.0652893 0.0710705 0.073925 0.0740163 0.0718053 0.0678314 0.0626098 0.0565988 0.0501849 0.0436755 0.0373031 0.0312344 0.025581 0.0204117 0.0157713 0.0117022 0.00825371 0.00547214
 0.00773448 0.0126531 0.0192078 0.0273864 0.0369362 0.0472059 0.0571165 0.0654293 0.0711912 0.074029 0.0741112 0.0719037 0.0679473 0.0627525 0.0567654 0.0503549 0.043812 0.0373607 0.0311727 0.0253782 0.0200751 0.0153384 0.0112313 0.00780749 0.00509933
 0.00779007 0.0127422 0.0193389 0.0275643 0.0371595 0.0474625 0.0573823 0.0656719 0.071379 0.0741427 0.0741505 0.0718855 0.0678982 0.0626998 0.0567287 0.0503409 0.0438112 0.0373483 0.0311159 0.0252485 0.0198606 0.015052 0.0109076 0.00749075 0.00482814
 0.0078347 0.0128075 0.0194241 0.0276648 0.037269 0.0475762 0.0574984 0.0657892 0.0714938 0.0742462 0.0742305 0.0719316 0.0679078 0.0626805 0.0566953 0.0503083 0.0437869 0.0373276 0.0310825 0.0251811 0.0197437 0.0148847 0.0107066 0.00728428 0.00464453
 0.00783261 0.0128061 0.0194255 0.0276716 0.0372829 0.0475967 0.057522 0.0658118 0.0715133 0.074265 0.0742544 0.0719654 0.0679519 0.0627301 0.0567445 0.0503533 0.0438264 0.03736 0.0311018 0.0251769 0.0197053 0.0148084 0.0105997 0.00716382 0.00453049
 0.00785738 0.0128349 0.0194481 0.0276724 0.0372466 0.0475162 0.0574041 0.0656764 0.0713863 0.074169 0.0742025 0.0719612 0.0679918 0.0628063 0.0568461 0.0504681 0.0439424 0.0374667 0.0311903 0.0252389 0.0197344 0.014802 0.0105624 0.00710697 0.00446857
 0.00789823 0.0128973 0.0195336 0.0277777 0.0373621 0.0476249 0.0574836 0.0657039 0.0713479 0.0740675 0.0740589 0.0718072 0.0678581 0.0627132 0.0568001 0.0504645 0.0439696 0.0375108 0.0312377 0.0252779 0.0197563 0.0148026 0.0105429 0.00707349 0.00443015
 0.00790867 0.0129165 0.0195664 0.0278297 0.0374371 0.0477224 0.0575954 0.0658139 0.0714344 0.0741094 0.0740433 0.0717345 0.0677437 0.0625822 0.0566792 0.050373 0.0439154 0.0374906 0.0312408 0.0252914 0.0197685 0.0148058 0.0105343 0.00705552 0.00440775
 0.00788768 0.0128831 0.0195179 0.027765 0.0373586 0.0476371 0.0575157 0.0657547 0.0714085 0.0741211 0.0740854 0.0717914 0.0677978 0.0626219 0.0567032 0.0503889 0.0439343 0.0375204 0.0312827 0.0253398 0.0198148 0.0148422 0.0105567 0.0070643 0.00440671
 0.00789336 0.012887 0.0195141 0.0277449 0.0373134 0.0475621 0.0574136 0.0656374 0.0712939 0.074029 0.0740315 0.0717824 0.0678295 0.0626818 0.0567753 0.0504606 0.0439997 0.0375799 0.0313392 0.0253945 0.0198655 0.0148849 0.0105879 0.00708323 0.00441538
 0.00785686 0.0128282 0.0194265 0.0276231 0.0371538 0.0473653 0.0571867 0.0653952 0.0710588 0.0738275 0.0738896 0.0717201 0.0678558 0.0627915 0.0569506 0.0506757 0.0442281 0.0378005 0.0315387 0.0255665 0.0200075 0.0149964 0.0106698 0.00713842 0.00444885
 0.00786828 0.0128379 0.0194247 0.0275952 0.0370847 0.0472448 0.0570151 0.0651843 0.0708291 0.0736029 0.0736933 0.0715728 0.0677739 0.0627849 0.0570199 0.0508108 0.0444098 0.0380051 0.0317433 0.0257537 0.0201668 0.015123 0.0107637 0.00720282 0.00448924
 0.00785363 0.0128173 0.0193993 0.0275667 0.0370526 0.0472045 0.0569566 0.0650957 0.0707026 0.0734416 0.0735129 0.0713979 0.0676315 0.0626971 0.0569996 0.0508603 0.044521 0.0381612 0.0319228 0.0259347 0.0203313 0.0152596 0.0108679 0.00727581 0.00453598
 0.00782924 0.0127764 0.0193357 0.0274749 0.0369305 0.047056 0.0567931 0.0649339 0.0705582 0.0733235 0.0734218 0.0713302 0.0675858 0.062678 0.0570162 0.0509212 0.0446293 0.0383115 0.0321014 0.026123 0.0205103 0.0154142 0.0109896 0.00736315 0.00459305
 0.00780115 0.012731 0.0192679 0.0273801 0.0368056 0.0469009 0.0566127 0.0647398 0.0703677 0.0731564 0.0732954 0.0712552 0.0675635 0.0627031 0.0570811 0.0510202 0.044759 0.0384685 0.0322791 0.0263098 0.0206912 0.0155748 0.0111197 0.00745901 0.00465712
 0.00775315 0.012655 0.0191576 0.0272314 0.0366179 0.0466784 0.0563665 0.0644872 0.0701303 0.0729557 0.0731494 0.0711757 0.0675558 0.0627647 0.0572031 0.0511892 0.0449607 0.0386899 0.0325087 0.0265362 0.0209026 0.0157595 0.0112692 0.00757003 0.00473218
 0.00772023 0.0125955 0.0190573 0.0270744 0.0363916 0.0463807 0.0560119 0.064107 0.0697659 0.0726475 0.0729282 0.0710585 0.0675462 0.0628558 0.0573802 0.0514327 0.0452488 0.0390006 0.032822 0.0268349 0.0211721 0.0159889 0.0114517 0.0077044 0.00482289
 0.00932278 0.014841 0.0217716 0.0298722 0.0387865 0.0479628 0.0565895 0.0637363 0.0686748 0.0711207 0.0712202 0.0693562 0.065969 0.0614691 0.0562107 0.0504815 0.0445008 0.0384326 0.0324072 0.0265458 0.0209823 0.0158734 0.0113882 0.00767401 0.00481104
 0.00931305 0.0151208 0.0227138 0.0319385 0.0423271 0.0529446 0.0624232 0.069371 0.0729686 0.073289 0.071094 0.0673289 0.0627241 0.057689 0.0524061 0.046958 0.0414044 0.035811 0.0302564 0.0248366 0.0196724 0.0149122 0.0107186 0.00723536 0.00454329
 0.00895939 0.0145658 0.0219376 0.0309935 0.0413913 0.0523575 0.0626448 0.0708184 0.0757672 0.077087 0.0751049 0.0706289 0.0646361 0.058018 0.0514117 0.0451388 0.0392628 0.0337146 0.0284114 0.0233251 0.018502 0.0140521 0.0101207 0.00684482 0.00430561
 0.00880336 0.0142991 0.021513 0.0303619 0.0405212 0.0512684 0.0614503 0.0697541 0.0751708 0.0773047 0.076335 0.0727754 0.0672761 0.0605387 0.0532583 0.0460276 0.0392386 0.0330497 0.0274415 0.0223231 0.0176305 0.0133755 0.00963997 0.00652919 0.00411401
 0.00872864 0.0141757 0.0213226 0.0300832 0.0401304 0.050744 0.0607828 0.068964 0.0743313 0.0765586 0.0758874 0.0728407 0.0679816 0.0618305 0.0548772 0.0475944 0.04041 0.0336527 0.0275081 0.0220247 0.0171722 0.0129169 0.00926726 0.00626638 0.00394871
 0.0087184 0.0141499 0.0212666 0.0299775 0.0399541 0.050481 0.0604274 0.0685224 0.0738211 0.0760123 0.0753618 0.0724275 0.067801 0.0619943 0.0554283 0.0484572 0.0413965 0.0345332 0.028109 0.0222914 0.0171641 0.0127512 0.00905601 0.00608105 0.00381667
 0.00868579 0.014102 0.0212032 0.0298999 0.0398626 0.0503714 0.0602893 0.0683423 0.0735883 0.0757254 0.0750347 0.0720926 0.0675116 0.061821 0.055443 0.0487023 0.0418523 0.0351084 0.0286707 0.0227211 0.0174056 0.0128208 0.00901482 0.00599622 0.00373462
 0.00867328 0.014078 0.0211608 0.0298314 0.0397626 0.0502403 0.0601358 0.0681802 0.0734304 0.0755766 0.0748911 0.0719475 0.0673663 0.0616934 0.0553691 0.0487256 0.0420032 0.0353822 0.0290195 0.0230695 0.0176831 0.0129913 0.00908434 0.00599804 0.0037065
 0.00867731 0.0140852 0.0211725 0.0298481 0.0397825 0.0502578 0.0601416 0.0681635 0.0733831 0.0754974 0.0747852 0.0718235 0.0672327 0.0615593 0.0552478 0.0486383 0.0419753 0.0354321 0.0291448 0.0232425 0.0178605 0.0131334 0.00917165 0.00603424 0.00370936
 0.0086468 0.0140419 0.021119 0.029791 0.0397306 0.0502194 0.060121 0.0681601 0.073391 0.0755072 0.0747867 0.0718093 0.0672002 0.0615115 0.0551926 0.0485877 0.0419447 0.0354367 0.0291932 0.0233305 0.01797 0.0132393 0.00925367 0.00608431 0.0037317
 0.00864794 0.014039 0.0211063 0.0297612 0.0396782 0.0501449 0.0600336 0.0680762 0.0733282 0.0754765 0.0747883 0.0718333 0.067232 0.0615377 0.0552061 0.0485894 0.0419422 0.0354413 0.0292157 0.0233754 0.018033 0.0133088 0.00931593 0.00612995 0.00375875
 0.00865265 0.0140452 0.0211125 0.0297645 0.0396738 0.0501271 0.059997 0.0680184 0.0732525 0.0753934 0.0747132 0.0717807 0.0672095 0.0615436 0.0552309 0.0486217 0.0419743 0.0354719 0.0292481 0.0234141 0.0180793 0.0133592 0.00936349 0.0061683 0.00378484
 0.00862129 0.0140017 0.0210608 0.0297126 0.0396313 0.0501006 0.0599871 0.0680193 0.0732549 0.0753884 0.074697 0.0717563 0.0671851 0.0615287 0.0552321 0.0486396 0.0420046 0.0355087 0.0292874 0.0234544 0.0181204 0.0133998 0.009401 0.00619935 0.00380737
 0.00863596 0.0140191 0.0210755 0.0297166 0.0396175 0.0500677 0.0599421 0.0679755 0.0732253 0.0753794 0.0747044 0.0717692 0.0671928 0.0615263 0.0552217 0.0486277 0.0419976 0.0355099 0.0292969 0.0234705 0.0181409 0.0134225 0.00942339 0.00621905 0.00382263
 0.00863372 0.0140201 0.0210852 0.0297415 0.0396619 0.0501294 0.0600106 0.0680346 0.0732604 0.0753841 0.0746834 0.0717333 0.067152 0.0614857 0.0551817 0.0485882 0.04196 0.0354775 0.0292727 0.0234561 0.0181357 0.0134246 0.00942996 0.0062273 0.00383032
 0.00863372 0.0140201 0.0210852 0.0297415 0.0396619 0.0501294 0.0600106 0.0680346 0.0732604 0.0753841 0.0746834 0.0717333 0.067152 0.0614857 0.0551817 0.0485882 0.04196 0.0354775 0.0292727 0.0234561 0.0181357 0.0134246 0.00942996 0.0062273 0.00383032
 0.00903501 0.0146496 0.0219871 0.0309348 0.0411285 0.0518005 0.0617568 0.0696727 0.074587 0.0762268 0.0749449 0.0714099 0.0663244 0.060289 0.0537713 0.0471088 0.0405277 0.0341732 0.0281451 0.0225273 0.0174076 0.0128833 0.00905075 0.00597876 0.0036791
 0.00899931 0.0146407 0.0220643 0.0311822 0.0416322 0.0526123 0.0628613 0.0709777 0.0759428 0.0774612 0.0758997 0.0719693 0.0664316 0.0599538 0.0530639 0.0461415 0.0394287 0.0330616 0.0271138 0.0216367 0.0166868 0.0123358 0.00866133 0.00572072 0.00352078
 0.00899521 0.0146187 0.0220066 0.0310731 0.0414746 0.052447 0.0627742 0.0710796 0.0763229 0.0781374 0.076796 0.0729338 0.0672869 0.0605511 0.0533198 0.0460489 0.0390452 0.0324845 0.0264514 0.020984 0.0161111 0.0118731 0.00831986 0.00548888 0.00337622
 0.00870936 0.0141673 0.0213532 0.0301964 0.0403773 0.0511691 0.0614074 0.0697727 0.0752653 0.0775198 0.0767569 0.073512 0.0683991 0.0620093 0.0548842 0.0474955 0.0402198 0.0333247 0.0269752 0.0212592 0.0162211 0.0118919 0.00829991 0.00546051 0.00335277
 0.00869728 0.0141084 0.0211927 0.0298609 0.0397957 0.0503044 0.0602852 0.0684885 0.0739674 0.0763778 0.0759314 0.0731299 0.0685301 0.0626442 0.0559254 0.0487736 0.0415369 0.0345079 0.0279168 0.0219279 0.0166464 0.0121344 0.0084238 0.00551714 0.00337591
#pred catch len freq
 0.00342961 0.00549744 0.00816323 0.0114312 0.0153269 0.0198662 0.0249901 0.0305331 0.0362475 0.0418551 0.047091 0.0517412 0.0556703 0.0588227 0.0611905 0.0627723 0.0635456 0.0634555 0.062401 0.0602083 0.056625 0.051395 0.044447 0.0361106 0.0271835
 0.00370864 0.00588427 0.00862599 0.0119095 0.0157626 0.0202436 0.0253561 0.0309717 0.0368169 0.0425235 0.0477169 0.0521167 0.0556078 0.0582409 0.0601604 0.0615036 0.0623185 0.0625227 0.0618977 0.0601108 0.0567786 0.0515992 0.0445492 0.0360586 0.0270154
 0.00384332 0.00612928 0.00903799 0.0125445 0.0166484 0.0213469 0.0265689 0.0321402 0.037807 0.0432782 0.0482572 0.052481 0.0557802 0.0581326 0.0596651 0.0605869 0.0610743 0.0611548 0.0606355 0.0591118 0.0560751 0.0511169 0.0441771 0.0357183 0.0266884
 0.00401759 0.0063987 0.00942265 0.0130671 0.0173449 0.0222722 0.0277819 0.0336635 0.039578 0.0451283 0.0499486 0.0537877 0.0565603 0.0583441 0.0593271 0.0597391 0.0597764 0.0595155 0.0588239 0.057322 0.054464 0.0497621 0.0430824 0.0348522 0.0260197
 0.00422387 0.00672404 0.00989388 0.0137035 0.0181574 0.0232643 0.0289512 0.035006 0.0410886 0.0467883 0.0516964 0.0554908 0.0580195 0.0593411 0.0596924 0.0593975 0.0587536 0.0579192 0.0568224 0.0551217 0.0522761 0.0477629 0.0413852 0.0335039 0.025016
 0.00446962 0.00711173 0.0104566 0.0144674 0.0191419 0.0244788 0.0303884 0.0366334 0.0428467 0.0485978 0.0534698 0.0571386 0.0594439 0.0604236 0.0602932 0.0593801 0.0580286 0.0564846 0.0547797 0.0526628 0.0496473 0.0452157 0.0391278 0.0316675 0.0236445
 0.00475438 0.00755788 0.0110982 0.0153291 0.0202399 0.0258209 0.0319683 0.0384217 0.0447834 0.0505923 0.0554082 0.0588979 0.0609074 0.0614897 0.0608723 0.0593874 0.0573878 0.0551524 0.0527835 0.0501285 0.0467966 0.0423273 0.0364744 0.0294534 0.0219672
 0.00504291 0.0080152 0.0117658 0.0162409 0.0214207 0.027282 0.0336986 0.0403788 0.0468915 0.0527462 0.0574834 0.0607624 0.0624349 0.0625715 0.0614228 0.0593423 0.0566991 0.053793 0.0507682 0.0475462 0.0438317 0.0392464 0.0335727 0.0269798 0.0200633
 0.00536984 0.00852498 0.0124944 0.0172127 0.0226508 0.0287783 0.0354563 0.0423689 0.0490495 0.0549692 0.0596372 0.0626979 0.0640097 0.0636668 0.0619525 0.0592505 0.0559539 0.0523846 0.04872 0.0449394 0.04083 0.0360971 0.030567 0.0243812 0.0180374
 0.0056667 0.00899817 0.0131899 0.0181693 0.0238967 0.0303238 0.0372838 0.0444253 0.0512475 0.0571962 0.0617654 0.0645942 0.0655451 0.0647276 0.0624503 0.0591271 0.0551805 0.0509602 0.0466769 0.0423607 0.0378702 0.0329867 0.0275826 0.0217815 0.0159938
 0.00594234 0.00943512 0.0138286 0.0190451 0.0250396 0.0317554 0.039007 0.0464099 0.0534194 0.0594369 0.0639243 0.0665107 0.0670737 0.0657557 0.0629037 0.0589653 0.0543893 0.0495487 0.0446836 0.0398691 0.0350269 0.0300061 0.0247211 0.0192819 0.0140203
 0.00624768 0.00991293 0.0145145 0.0199636 0.0262054 0.0331736 0.0406672 0.0482783 0.055432 0.0614981 0.0659115 0.0682847 0.0684955 0.0667059 0.0632976 0.0587587 0.0535746 0.0481477 0.0427468 0.0374846 0.0323352 0.0272042 0.0220417 0.0169444 0.0121736
 0.00655851 0.0104044 0.015229 0.0209334 0.0274499 0.0346933 0.042435 0.0502315 0.0574739 0.0635087 0.0677621 0.0698525 0.0696735 0.0674113 0.0634754 0.0583826 0.0526458 0.0466931 0.0408212 0.0351774 0.0297803 0.0245813 0.0195575 0.0147905 0.010478
 0.00684082 0.0108471 0.0158666 0.0217915 0.0285462 0.0360365 0.0440173 0.0520161 0.0593855 0.0654325 0.0695566 0.0713708 0.0707898 0.0680392 0.0635735 0.057948 0.0517025 0.0452841 0.0390082 0.0330483 0.027458 0.022225 0.0173457 0.0128852 0.00898495
 0.00700934 0.0111268 0.0162985 0.0224183 0.029405 0.0371467 0.0453676 0.0535581 0.0610385 0.0670953 0.0711181 0.0727191 0.0718204 0.0686661 0.0637408 0.0576356 0.0509248 0.0440834 0.0374488 0.0312172 0.0254687 0.020217 0.0154702 0.0112769 0.00772885
 0.00716522 0.011379 0.0166776 0.0229568 0.0301365 0.0381018 0.046562 0.0549775 0.0626248 0.0687426 0.0726855 0.0740569 0.0728013 0.0692067 0.0638074 0.0572362 0.0500968 0.0428841 0.0359511 0.0295096 0.0236578 0.0184252 0.0138237 0.00988291 0.00665108
 0.00728175 0.0115526 0.0169112 0.0232473 0.0304827 0.0385139 0.0470667 0.0556116 0.0634187 0.0696993 0.0737637 0.0751683 0.0738241 0.0700125 0.0642899 0.0573323 0.0497925 0.0422081 0.0349636 0.0282939 0.0223145 0.0170661 0.0125602 0.0088072 0.00581734
 0.00725516 0.011521 0.0168844 0.0232404 0.0305105 0.0385842 0.0471784 0.0557614 0.0636138 0.069966 0.0741416 0.0756878 0.0744793 0.0707458 0.0649996 0.0578999 0.0501159 0.0422273 0.0346708 0.0277299 0.0215572 0.0162155 0.0117199 0.00806497 0.00522887
 0.00720281 0.0114401 0.0167717 0.0230986 0.0303511 0.0384293 0.0470593 0.055712 0.0636592 0.0701144 0.0743856 0.0760145 0.0748792 0.0712097 0.065505 0.0583985 0.0505356 0.0424914 0.0347235 0.0275562 0.0211881 0.0157186 0.0111797 0.00756055 0.00481518
 0.00710189 0.0112869 0.016561 0.022832 0.0300356 0.0380759 0.0466847 0.0553426 0.0633346 0.0698846 0.0742995 0.0761052 0.0751528 0.071644 0.0660563 0.0590092 0.0511394 0.0430179 0.0351088 0.0277584 0.0212009 0.015574 0.0109376 0.00728831 0.00456801
 0.00718307 0.0113922 0.0166707 0.0229116 0.0300463 0.0379899 0.0464974 0.0550745 0.0630227 0.069571 0.0740246 0.0759054 0.0750587 0.0716758 0.0662166 0.0592789 0.0514785 0.0433721 0.0354198 0.0279768 0.0212992 0.0155544 0.0108294 0.007136 0.00441441
 0.00744034 0.0117616 0.0171342 0.0234176 0.0305184 0.0383455 0.0466673 0.0550178 0.0627371 0.0690967 0.0734379 0.0753008 0.0745248 0.0712763 0.0659826 0.05921 0.0515488 0.0435366 0.0356232 0.0281645 0.0214298 0.0156087 0.010813 0.00707269 0.00433373
