SBPRF35
7.78865
Curr Bio
506729
B35
685540
F35
0.228406
FOFL
0.179808
OFL
74956.8
Bzero
2.22533e+006
#pred survey bio
 4.44281e+006 4.18808e+006 3.94823e+006 3.66985e+006 3.35806e+006 3.07499e+006 2.75972e+006 2.45474e+006 2.18315e+006 1.92622e+006 1.70066e+006 1.49534e+006 1.32116e+006 1.18693e+006 1.05422e+006 918642 819692 762771 693813 658803 620871 599007 595275 584222 577527 570663 577289 576266 569312 570913 561296 554026 548641 535965 528631 514310 495527 490057 485249 495233 503748 516644 523950 526237 531452 545454 548707 556368 557918 557287 560248 511183 462259 453005 468204 505298 1.90877e+007 1.17179e+007 1.20958e+007 1.27971e+007 1.36597e+007 1.45054e+007 1.52411e+007 1.58364e+007 1.6296e+007 1.664e+007 1.68925e+007 1.70757e+007 1.72079e+007 1.73032e+007 1.73721e+007 1.7422e+007 1.74584e+007 1.74852e+007 1.7505e+007 1.75198e+007 1.75308e+007 1.75391e+007 1.75454e+007 1.75502e+007 1.75538e+007 1.75566e+007 1.75587e+007 1.75604e+007 1.75616e+007 1.75626e+007 1.75633e+007 1.75639e+007 1.75644e+007 1.75647e+007 1.7565e+007 1.75652e+007 1.75653e+007 1.75654e+007 1.75655e+007 1.75656e+007 1.75657e+007 1.75657e+007 1.75657e+007 1.75658e+007 1.75658e+007 1.75658e+007 1.75658e+007 1.75658e+007 1.75658e+007 1.75658e+007 1.75658e+007 1.75659e+007 1.75659e+007 1.75659e+007 1.75659e+007 1.75659e+007 1.75659e+007 1.75659e+007 1.75659e+007 1.75659e+007 1.75659e+007 1.75659e+007 1.75659e+007 1.75659e+007 1.75659e+007 1.75659e+007 1.75659e+007 1.75659e+007 1.75659e+007 1.75659e+007 1.75659e+007 1.75659e+007 1.75659e+007 1.75659e+007 1.75659e+007 1.75659e+007 1.75659e+007 1.75659e+007 1.75659e+007 1.75659e+007 1.75659e+007 1.75659e+007 1.75659e+007 1.75659e+007 1.75659e+007 1.75659e+007 1.75659e+007 1.75659e+007 1.75659e+007 1.75659e+007 1.75659e+007 1.75659e+007 1.75659e+007 1.75659e+007 1.75659e+007 1.75659e+007 1.75659e+007 1.75659e+007 1.75659e+007 1.75659e+007 0 0 0 0 0 0 0 0 0 0 0 0 0 0 0 0 0 0 0 0 0 0 0 0 0
#obs survey bio
 3.13199e+006 3.13629e+006 3.04369e+006 4.25754e+006 2.03539e+006 3.52014e+006 2.35318e+006 1.75403e+006 2.96142e+006 2.08562e+006 1.23182e+006 1.39941e+006 901321 1.0911e+006 1.1139e+006 804552 747936 848558 644054 737876 483148 392267 639077 614314 337349 495437 564558 653673 961595 582158 520477 654086 515251 898305 470616 424248 535263 516588 569516 442198 303566 426428 486857 475499 464194 600014 544777 624140 863199 498767 665367 575238 466027 409832 479041 507739
#pred catch bio
 95998.3 96760.4 154501 213531 219131 281252 304168 302438 312284 302471 298762 281614 253090 253852 253676 217060 176257 181192 147438 146413 130239 113522 117861 112114 110594 97980.5 102928 105070 94821.6 101712 97035.8 92825.8 95841.5 87506.1 90166.3 93099.9 85034.2 89134.3 79815.5 83490.1 81600.4 87054.1 90974.8 87822 79790.1 88205.1 84034.4 88591.3 89267.6 85841.1 129262 128058 96099.6 79353.9 65631.2 66786.4 74956.8 94929.7 96807.9 101065 107240 113533 118960 123232 126403 128662 130221 131273 131970 132425 132719 132907 133026 133102 133149 133179 133198 133209 133217 133221 133224 133226 133227 133227 133228 133228 133228 133228 133228 133228 133228 133228 133228 133228 133228 133228 133228 133228 133228 133228 133228 133228 133228 133228 133228 133228 133228 133228 133228 133228 133228 133228 133228 133228 133228 133228 133228 133228 133228 133228 133228 133228 133228 133228 133228 133228 133228 133228 133228 133228 133228 133228 133228 133228 133228 133228 133228 133228 133228 133228 133228 133228 133228 133228 133228 133228 133228 133228 133228 133228 133228 133228 133228 133228 133228 133228 0 0 0 0 0 0 0 0 0 0 0 0 0 0 0 0 0 0 0 0 0 0 0 0 0
#obs catch bio
 0 96561.1 155148 215064 220666 285051 309525 309246 319199 308877 305904 289053 260413 260705 261268 221888 179238 183488 149152 148175 132209 115605 119266 113386 112263 98848.6 103979 106127 94714.9 101895 97374 92970.2 96283.7 87328.1 89721.8 93308 84839 89436.8 79426.9 83222 81784.4 87117.2 90848.3 87793.4 79485.6 87513.1 83308.1 88180.3 88151.5 84409.6 127385 126213 95130.6 79121 65352.8 66747.5
#pred cpue bio
 4.35945e+006 4.10759e+006 3.86985e+006 3.59253e+006 3.28231e+006 3.00026e+006 2.68665e+006 2.38355e+006 2.11403e+006 1.85981e+006 1.63676e+006 1.43381e+006 1.2619e+006 1.12984e+006 1.00028e+006 868679 773024 718482 652423 618963 582560 561448 558124 548019 541917 535554 542323 541931 536004 538301 529480 522877 518233 506701 500489 487129 468193 461040 455041 464413 472587 485000 492276 494744 500072 514045 517494 524954 526712 526398 529209 481187 432718 422570 436616 472224 1.78984e+007 1.10122e+007 1.13136e+007 1.18937e+007 1.27077e+007 1.35416e+007 1.42749e+007 1.48698e+007 1.53293e+007 1.56734e+007 1.59259e+007 1.61091e+007 1.62413e+007 1.63366e+007 1.64054e+007 1.64553e+007 1.64918e+007 1.65186e+007 1.65384e+007 1.65531e+007 1.65641e+007 1.65725e+007 1.65787e+007 1.65835e+007 1.65872e+007 1.65899e+007 1.65921e+007 1.65937e+007 1.6595e+007 1.65959e+007 1.65967e+007 1.65972e+007 1.65977e+007 1.6598e+007 1.65983e+007 1.65985e+007 1.65987e+007 1.65988e+007 1.65989e+007 1.65989e+007 1.6599e+007 1.6599e+007 1.65991e+007 1.65991e+007 1.65991e+007 1.65991e+007 1.65992e+007 1.65992e+007 1.65992e+007 1.65992e+007 1.65992e+007 1.65992e+007 1.65992e+007 1.65992e+007 1.65992e+007 1.65992e+007 1.65992e+007 1.65992e+007 1.65992e+007 1.65992e+007 1.65992e+007 1.65992e+007 1.65992e+007 1.65992e+007 1.65992e+007 1.65992e+007 1.65992e+007 1.65992e+007 1.65992e+007 1.65992e+007 1.65992e+007 1.65992e+007 1.65992e+007 1.65992e+007 1.65992e+007 1.65992e+007 1.65992e+007 1.65992e+007 1.65992e+007 1.65992e+007 1.65992e+007 1.65992e+007 1.65992e+007 1.65992e+007 1.65992e+007 1.65992e+007 1.65992e+007 1.65992e+007 1.65992e+007 1.65992e+007 1.65992e+007 1.65992e+007 1.65992e+007 1.65992e+007 1.65992e+007 1.65992e+007 1.65992e+007 1.65992e+007 1.65992e+007 1.65992e+007 0 0 0 0 0 0 0 0 0 0 0 0 0 0 0 0 0 0 0 0 0 0 0 0 0
#obs cpue bio
 3.55954e+006 3.25304e+006 3.77972e+006 2.71046e+006 2.5169e+006 2.28882e+006 1.94794e+006 1.67148e+006 1.76326e+006 1.51438e+006 1.64415e+006 998057 977213 1.18352e+006 693649 929212 652981 859070 465215 524721 459232 433150 756219 413729 633765 622999 500325 454692 559626 489683 454031 471975 477564 432960 770112 379292 533911 339138 615433 533835 466713 707090 655802 517404 688279 861638 563356 401973 754590 766970 473147 478375 406717 351647 454520 372360
#pred surv len freq
 0.00470278 0.00759538 0.0113629 0.0159808 0.0213621 0.0272925 0.0333864 0.0391585 0.0441904 0.0482624 0.0513642 0.0536208 0.0552117 0.05631 0.0570345 0.0574202 0.0574161 0.0569063 0.0557248 0.0536509 0.0504096 0.0457395 0.0395561 0.0321414 0.0241998
 0.00504681 0.00807002 0.0119259 0.0165539 0.0218702 0.0277157 0.0337861 0.0396472 0.0448536 0.0490787 0.0521795 0.0541991 0.0553346 0.0558727 0.0560932 0.0561742 0.0561375 0.0558442 0.0550213 0.0533024 0.0502934 0.0456896 0.0394471 0.0319336 0.0239295
 0.00519081 0.0083422 0.0123998 0.0173053 0.022941 0.0290693 0.0352866 0.0410947 0.0460666 0.0499725 0.0527765 0.0545623 0.0554798 0.0557345 0.0555726 0.0552283 0.0548417 0.0543816 0.053608 0.0520974 0.0493474 0.0449583 0.0388505 0.0314149 0.0234772
 0.00542121 0.00869343 0.0128897 0.0179477 0.0237576 0.0300987 0.0365736 0.0426526 0.047832 0.0517854 0.0544151 0.0558188 0.0562272 0.0559379 0.0552506 0.0544131 0.0535795 0.0527632 0.0517845 0.0502518 0.0476383 0.0434786 0.0376268 0.0304369 0.0227257
 0.00569337 0.00912986 0.0135343 0.0188347 0.0249037 0.0314934 0.0381739 0.0443903 0.0496305 0.053571 0.0561086 0.0573139 0.0573843 0.0566099 0.0553263 0.0538476 0.0523982 0.0510525 0.0496832 0.0479411 0.0453172 0.041327 0.0357739 0.0289489 0.0216124
 0.00591915 0.00949504 0.0140814 0.0196046 0.0259308 0.0327961 0.0397411 0.0461709 0.0515345 0.0554835 0.0579102 0.0588962 0.0586524 0.0574736 0.0556939 0.0536352 0.0515546 0.0495872 0.0476821 0.0455645 0.0427782 0.038854 0.0335662 0.0271403 0.0202543
 0.00619832 0.00994184 0.0147415 0.0205183 0.0271284 0.03429 0.0415144 0.0481683 0.0536629 0.0576215 0.059922 0.0606476 0.0600248 0.0583734 0.0560516 0.0533991 0.0506889 0.048084 0.0455872 0.0429995 0.0399434 0.0360017 0.0309486 0.0249515 0.0185912
 0.00642879 0.0103231 0.015328 0.0213663 0.0282869 0.0357845 0.0433299 0.0502405 0.0558841 0.059858 0.0620323 0.0624959 0.0614908 0.0593583 0.0564815 0.0532235 0.0498786 0.0466345 0.0435338 0.0404403 0.0370557 0.0330313 0.0281647 0.0225821 0.0167667
 0.00665283 0.0106808 0.0158561 0.0220992 0.0292562 0.0370157 0.0448324 0.0519955 0.0578351 0.0619087 0.0640546 0.0643462 0.0630297 0.0604676 0.0570719 0.0532341 0.0492735 0.0454038 0.0417041 0.0380944 0.0343504 0.030194 0.0254584 0.0202426 0.0149419
 0.0069742 0.0111829 0.0165743 0.0230542 0.0304534 0.0384438 0.0464596 0.0537673 0.0596778 0.0637382 0.0657829 0.0658834 0.064285 0.0613521 0.0575058 0.0531538 0.0486361 0.0441919 0.0399357 0.0358396 0.0317479 0.0274518 0.0228244 0.0179471 0.0131367
 0.00728627 0.0116827 0.0173121 0.0240708 0.0317711 0.0400539 0.0483092 0.0557566 0.0616758 0.0656094 0.067413 0.0671913 0.0652206 0.0618861 0.0576175 0.0528225 0.0478406 0.0429181 0.0381921 0.0336786 0.0292846 0.0248675 0.0203411 0.0157764 0.0114222
 0.00757934 0.0121555 0.0180172 0.0250559 0.0330716 0.0416793 0.0502263 0.0578786 0.063866 0.0677007 0.0692366 0.0686055 0.0661328 0.062261 0.0574673 0.0521859 0.0467604 0.0414303 0.0363319 0.0315013 0.0268888 0.0224053 0.0180017 0.0137424 0.00981843
 0.00779097 0.0125042 0.0185512 0.0258251 0.0341196 0.0430301 0.0518678 0.0597522 0.0658672 0.0696913 0.0710613 0.0701125 0.0671947 0.062794 0.0574417 0.0516226 0.0457148 0.0399727 0.0345363 0.0294484 0.0246806 0.0201761 0.0159091 0.0119361 0.00839947
 0.00785785 0.0126275 0.0187651 0.0261738 0.0346518 0.0437878 0.0528729 0.0609952 0.0673032 0.0712408 0.0726165 0.0715474 0.0683809 0.0636185 0.0578235 0.0515232 0.0451399 0.0389661 0.0331691 0.0278122 0.0228859 0.0183521 0.0141947 0.0104566 0.00723729
 0.007944 0.0127757 0.0190043 0.0265383 0.0351776 0.0445036 0.0537896 0.0620977 0.0685471 0.0725552 0.0739112 0.0727233 0.0693412 0.0642798 0.0581237 0.0514266 0.0446405 0.0380883 0.0319675 0.0263684 0.021305 0.0167556 0.012707 0.00918394 0.00624513
 0.00815611 0.0131101 0.0194884 0.0271922 0.0360115 0.0455146 0.0549554 0.063371 0.0698561 0.0738117 0.0750226 0.0736052 0.0699287 0.0645332 0.0580288 0.0509903 0.0438854 0.0370506 0.0306981 0.0249362 0.0197978 0.0152756 0.0113574 0.00804962 0.00537347
 0.00828219 0.0133118 0.0197862 0.0276029 0.0365467 0.0461758 0.0557295 0.0642281 0.0707524 0.0746957 0.0758404 0.0743039 0.0704584 0.0648509 0.0581029 0.0508045 0.0434407 0.036365 0.0298066 0.0238918 0.0186717 0.0141522 0.0103232 0.00717585 0.00470066
 0.00834155 0.0133902 0.0198716 0.0276755 0.0365872 0.0461789 0.0557128 0.0642311 0.0708249 0.07488 0.0761569 0.074744 0.0709845 0.0654028 0.0586081 0.0511909 0.0436493 0.03636 0.0295812 0.0234697 0.0181042 0.0135103 0.00968474 0.00660921 0.0042501
 0.00856197 0.0137341 0.0203602 0.0283143 0.0373592 0.0470392 0.056586 0.0650215 0.0714396 0.0752587 0.0762894 0.0746665 0.0707585 0.0650897 0.0582508 0.0508067 0.0432335 0.0358965 0.0290558 0.0228817 0.0174729 0.0128738 0.00909095 0.00610198 0.00385657
 0.0086967 0.0139278 0.0206056 0.02859 0.0376384 0.0473006 0.0568216 0.0652333 0.0716298 0.0754208 0.0764088 0.074729 0.0707617 0.0650453 0.058178 0.05072 0.0431335 0.0357693 0.0288813 0.0226457 0.0171768 0.0125382 0.00874993 0.00579233 0.00360567
 0.00888742 0.0142269 0.0210337 0.0291542 0.0383259 0.0480726 0.0576101 0.0659497 0.0721867 0.0757575 0.0765059 0.0746054 0.0704589 0.064614 0.057669 0.0501802 0.0426006 0.0352668 0.0284168 0.0222155 0.0167755 0.0121666 0.00841763 0.00551292 0.0033894
 0.00883693 0.0141681 0.0209885 0.0291582 0.03842 0.0482881 0.0579546 0.0663997 0.0726905 0.0762466 0.0769115 0.0748756 0.0705703 0.0645732 0.0575052 0.0499325 0.042307 0.0349576 0.0281117 0.0219245 0.0165028 0.0119155 0.008194 0.00532463 0.00324276
 0.00874387 0.0140068 0.0207296 0.0287747 0.0379015 0.047659 0.0572864 0.0658025 0.072282 0.0761113 0.0770715 0.0752875 0.0711462 0.0652116 0.0581185 0.050462 0.0427256 0.035262 0.0283128 0.0220388 0.0165477 0.0119088 0.00815387 0.00526889 0.00318658
 0.00880765 0.0140958 0.0208349 0.0288748 0.0379634 0.0476442 0.0571602 0.0655489 0.0719185 0.0756956 0.0766912 0.0750311 0.0710693 0.0653169 0.0583603 0.0507695 0.0430307 0.0355175 0.0284971 0.0221508 0.0165983 0.0119138 0.00813007 0.00523158 0.00314785
 0.00879216 0.0140787 0.0208231 0.028878 0.0379881 0.0476865 0.0572006 0.0655545 0.0718535 0.0755385 0.0764491 0.0747454 0.0708055 0.0651422 0.0583175 0.0508614 0.0432223 0.0357541 0.0287259 0.0223362 0.0167262 0.0119869 0.00816066 0.00523504 0.00313795
 0.00876906 0.0140424 0.0207715 0.0288114 0.0379113 0.0476095 0.0571376 0.0655187 0.071849 0.075554 0.0764601 0.0747255 0.0707434 0.0650511 0.0582318 0.0508202 0.0432498 0.0358488 0.0288633 0.0224823 0.0168522 0.0120776 0.00821466 0.00526006 0.00314478
 0.00857835 0.0137524 0.0203729 0.0283095 0.0373256 0.0469715 0.0564908 0.0649183 0.0713575 0.0752298 0.0763426 0.0748228 0.0710294 0.0654751 0.0587357 0.0513556 0.0437847 0.0363631 0.0293405 0.0229045 0.0172022 0.0123455 0.00840175 0.00537816 0.00321161
 0.00837971 0.0134529 0.019966 0.0278056 0.0367497 0.0463584 0.0558821 0.0643595 0.0708942 0.074902 0.0761789 0.0748371 0.071219 0.06582 0.0592001 0.0518935 0.0443492 0.0369146 0.0298501 0.0233522 0.0175748 0.0126362 0.00861191 0.00551723 0.00329503
 0.00839897 0.0134552 0.0199168 0.0276576 0.036458 0.0459037 0.0552881 0.0636933 0.0702462 0.0743576 0.0757973 0.0746449 0.0712162 0.0659887 0.0595115 0.0523111 0.0448317 0.0374197 0.0303392 0.0237948 0.0179502 0.0129341 0.0088314 0.00566623 0.00338737
 0.00836391 0.0133993 0.0198326 0.0275336 0.0362749 0.0456328 0.0548965 0.0631599 0.0695834 0.0736252 0.0750972 0.0740928 0.0709034 0.065956 0.0597446 0.0527557 0.0454142 0.0380656 0.0309831 0.024386 0.0184548 0.0133351 0.00912744 0.00586817 0.00351378
 0.00830739 0.0133263 0.0197573 0.0274799 0.036268 0.0456856 0.0549979 0.0632709 0.0696446 0.0735765 0.0749015 0.0737566 0.0704824 0.0655391 0.0594234 0.0525932 0.0454287 0.0382334 0.0312549 0.0247048 0.0187703 0.0136115 0.00934576 0.00602455 0.00361541
 0.00823922 0.0132147 0.0195896 0.0272479 0.0359744 0.0453518 0.0546662 0.062996 0.0694739 0.0735269 0.0749496 0.0738491 0.0705632 0.0655775 0.0594273 0.0526014 0.045488 0.0383738 0.031477 0.0249824 0.0190638 0.0138828 0.00956895 0.00618941 0.00372511
 0.00802874 0.0129055 0.019185 0.0267709 0.0354595 0.0448332 0.0541712 0.0625487 0.0691032 0.0732701 0.0748438 0.0739138 0.0707857 0.0659137 0.0598192 0.053001 0.0458727 0.0387442 0.0318415 0.0253425 0.0194074 0.0141896 0.00982049 0.00637683 0.00385136
 0.00792089 0.0127278 0.0189149 0.0263905 0.0349649 0.0442453 0.053542 0.0619531 0.0686182 0.0729496 0.0747071 0.0739513 0.0709729 0.0662206 0.0602118 0.0534419 0.0463254 0.0391813 0.0322487 0.0257144 0.0197404 0.0144772 0.0100546 0.00655302 0.00397219
 0.00805089 0.0128872 0.0190583 0.0264424 0.0348387 0.0438752 0.052913 0.0611142 0.0676734 0.0720331 0.0739507 0.0734538 0.0707803 0.0663227 0.0605558 0.0539529 0.0469259 0.0398044 0.0328442 0.0262503 0.0201993 0.014852 0.0103447 0.0067634 0.0041133
 0.00877492 0.013939 0.0204055 0.0279662 0.0363561 0.0451821 0.0538262 0.0615012 0.067474 0.0712761 0.0727565 0.0720108 0.0692986 0.0649828 0.0594736 0.0531711 0.0464272 0.0395359 0.0327414 0.0262535 0.0202613 0.0149388 0.0104338 0.00684091 0.00417258
 0.00948665 0.0150609 0.0220218 0.0301127 0.0389917 0.0481563 0.0568594 0.0642097 0.0694558 0.0722264 0.0725561 0.0707472 0.067221 0.062424 0.0567692 0.050598 0.0441696 0.0376817 0.0313007 0.0251869 0.0195073 0.0144312 0.0101107 0.00664847 0.00406665
 0.00929067 0.0148639 0.0219507 0.030363 0.0397778 0.0496289 0.0590267 0.0669008 0.0723419 0.0748905 0.0745868 0.0718348 0.0672319 0.0614276 0.0550043 0.0483939 0.0418567 0.0355218 0.029456 0.0237237 0.0184194 0.0136699 0.00960952 0.00633948 0.00388945
 0.00913975 0.0146157 0.0215807 0.0298702 0.0392138 0.0491269 0.0588039 0.0672083 0.0733626 0.0766297 0.0768229 0.0741688 0.0692135 0.0626982 0.0553954 0.0479497 0.0407859 0.0341109 0.0279802 0.022387 0.0173333 0.0128643 0.00905918 0.00599208 0.00368701
 0.00911571 0.0145489 0.0214283 0.0295744 0.0387165 0.0483975 0.0578729 0.0661924 0.0724651 0.0761032 0.0768917 0.0749325 0.0705804 0.0643921 0.0570471 0.0492285 0.0415069 0.0342694 0.0277114 0.021886 0.0167796 0.0123777 0.00869255 0.00574795 0.00354125
 0.00899689 0.0143888 0.0212459 0.0294011 0.0385783 0.0482919 0.0577567 0.065996 0.0721337 0.0756451 0.0764042 0.0745829 0.0705415 0.0647593 0.0577804 0.0501568 0.0423966 0.034921 0.0280316 0.0219 0.0165908 0.0121076 0.00843407 0.00554866 0.00341014
 0.00882139 0.014116 0.0208612 0.0289049 0.0379926 0.0476637 0.0571553 0.0654967 0.07179 0.0754664 0.0763593 0.0746328 0.0706788 0.065021 0.0582181 0.0507849 0.0431566 0.0356916 0.02868 0.0223398 0.0168101 0.0121565 0.00838784 0.00547228 0.00334207
 0.00874818 0.0139965 0.0206802 0.0286484 0.0376508 0.0472373 0.0566626 0.0649782 0.0713047 0.0750788 0.0761197 0.0745615 0.0707639 0.0652336 0.0585338 0.0511923 0.0436453 0.0362304 0.0292097 0.0227906 0.0171324 0.0123406 0.00846094 0.0054785 0.00332103
 0.00866456 0.0138754 0.0205249 0.0284696 0.0374617 0.0470456 0.0564664 0.0647687 0.0710754 0.0748355 0.0758852 0.0743716 0.0706549 0.0652293 0.0586394 0.0513978 0.0439318 0.0365728 0.0295749 0.0231375 0.0174211 0.0125461 0.00858171 0.00553282 0.00333515
 0.00857304 0.0137276 0.0203054 0.0281678 0.0370766 0.0465931 0.0559823 0.064304 0.0706823 0.074551 0.0757231 0.0743268 0.0707152 0.0653843 0.0588822 0.0517195 0.0443169 0.0369978 0.0300092 0.0235475 0.0177752 0.0128221 0.008773 0.00564871 0.0033953
 0.00855479 0.0136754 0.0201855 0.027935 0.0366868 0.0460217 0.0552433 0.0634566 0.0698224 0.0737894 0.0751595 0.0740272 0.0706998 0.0656295 0.0593341 0.0523125 0.0449877 0.0376916 0.0306802 0.0241572 0.0182939 0.0132316 0.00906972 0.00584391 0.00351073
 0.00858785 0.0137348 0.0202829 0.0280787 0.0368717 0.0462184 0.0553939 0.0634867 0.0696688 0.0734315 0.0746362 0.0734273 0.0701326 0.06519 0.0590786 0.0522528 0.0450994 0.0379297 0.0309928 0.0244956 0.0186167 0.0135089 0.00928493 0.00599435 0.0036049
 0.00838332 0.0134422 0.0199172 0.0276808 0.0364991 0.0459273 0.0552216 0.0634404 0.0697223 0.0735316 0.07472 0.0734469 0.0700774 0.0650919 0.0589971 0.0522472 0.0452048 0.0381471 0.0312944 0.0248381 0.0189555 0.0138083 0.0095234 0.00616593 0.00371613
 0.00841525 0.0134603 0.0198842 0.0275474 0.0362241 0.0455063 0.0547058 0.0629289 0.0693256 0.073326 0.0747168 0.0735955 0.0702948 0.065302 0.0591602 0.0523669 0.0453138 0.0382825 0.0314769 0.0250635 0.0192007 0.0140432 0.00972315 0.00631739 0.00381876
 0.00854593 0.0136552 0.0201424 0.0278496 0.0365299 0.0457558 0.0548289 0.0628659 0.0690564 0.0728904 0.0742091 0.0731281 0.0699504 0.0651054 0.0590837 0.052361 0.0453397 0.0383261 0.0315427 0.0251588 0.0193229 0.0141783 0.0098521 0.00642448 0.00389672
 0.00861761 0.0137696 0.0203098 0.0280765 0.0368147 0.0460836 0.0551657 0.0631579 0.0692386 0.0729057 0.0740318 0.0727803 0.0695005 0.0646447 0.0586917 0.0520797 0.0451705 0.0382458 0.0315244 0.0251832 0.0193773 0.0142512 0.00993048 0.00649589 0.00395282
 0.00921915 0.0146987 0.0216158 0.0297688 0.038858 0.0483926 0.0575972 0.0655095 0.0712677 0.0743708 0.0747423 0.0726395 0.0685296 0.0629821 0.0565624 0.0497432 0.0428638 0.0361443 0.0297301 0.0237352 0.0182709 0.0134534 0.00939131 0.00615714 0.00375644
 0.00966362 0.0154233 0.0227079 0.0313047 0.0408801 0.0508762 0.0604198 0.0684451 0.0740208 0.0766358 0.0762625 0.0732469 0.0681649 0.0617001 0.054524 0.0471894 0.0400733 0.033384 0.027213 0.0215977 0.0165716 0.0121873 0.00850924 0.0055852 0.00341347
 0.00966903 0.0154351 0.0227347 0.0313661 0.0410144 0.0511457 0.0609044 0.0692196 0.0751165 0.0780043 0.0777639 0.0746739 0.0692943 0.0623497 0.0545952 0.0466859 0.0390939 0.032095 0.0258058 0.0202464 0.0154017 0.0112632 0.00783972 0.00513978 0.00314179
 0.00956566 0.0152579 0.0224526 0.0309482 0.0404428 0.0504341 0.0601167 0.0684751 0.0745733 0.077821 0.0780503 0.0754462 0.0704549 0.0637037 0.0559026 0.04773 0.0397396 0.0323136 0.0256648 0.0198712 0.0149296 0.0108056 0.00746382 0.00486888 0.00296792
 0.0090199 0.0144494 0.0213813 0.0296628 0.039024 0.0489685 0.0586827 0.0671494 0.0734486 0.0770164 0.0776998 0.0756634 0.0712865 0.0650921 0.0576807 0.0496546 0.0415548 0.0338184 0.0267566 0.020552 0.0152778 0.0109318 0.00747125 0.00483139 0.00292615
#obs surv len freq
 nan nan nan nan nan nan nan nan nan nan nan nan nan nan nan nan nan nan nan nan nan nan nan nan nan
 0.00448026 0.00733962 0.0111678 0.015983 0.0216834 0.0279596 0.0342749 0.0400077 0.0446889 0.0481544 0.0505138 0.0520112 0.0529048 0.0534184 0.0537336 0.0539892 0.0542683 0.0545614 0.0547004 0.0542923 0.0527303 0.0493621 0.0438112 0.0362904 0.027673
 0.00460813 0.00754949 0.011487 0.0164374 0.0222909 0.0287207 0.0351631 0.0409664 0.0456392 0.0490105 0.0511993 0.0524702 0.0531083 0.0533644 0.0534434 0.0534996 0.0536223 0.0538016 0.0538656 0.0534194 0.0518577 0.0485325 0.0430689 0.0356729 0.0272011
 0.00477931 0.00782688 0.0119029 0.0170215 0.023065 0.0296896 0.036305 0.0422277 0.046939 0.0502524 0.0522851 0.0533123 0.0536387 0.0535427 0.0532602 0.0529752 0.0528006 0.0527411 0.0526319 0.0520822 0.0504916 0.0472175 0.0418842 0.0346838 0.0264437
 0.00496759 0.00813772 0.0123794 0.0177061 0.0239909 0.0308665 0.0377057 0.0437839 0.048552 0.0518115 0.0536846 0.054459 0.0544547 0.053967 0.0532535 0.0525254 0.051926 0.0514896 0.0510777 0.0503218 0.04864 0.0454015 0.0402296 0.0332933 0.0253751
 0.00518294 0.00848815 0.0129078 0.0184536 0.0249901 0.0321305 0.039215 0.0454801 0.0503422 0.0535835 0.0553225 0.0558552 0.0555167 0.0546205 0.0534433 0.0522173 0.0511112 0.0501907 0.0493555 0.0482785 0.0464176 0.0431706 0.0381651 0.0315411 0.0240203
 0.00540726 0.00885775 0.013473 0.0192642 0.0260853 0.0335234 0.0408773 0.0473378 0.0522879 0.0554974 0.0570906 0.0573775 0.056707 0.0554045 0.0537586 0.0520153 0.0503622 0.048893 0.0475478 0.0460532 0.0439258 0.0406123 0.0357579 0.029474 0.0224092
 0.00565475 0.00926017 0.0140791 0.0201202 0.0272272 0.0349642 0.0425929 0.0492602 0.0543123 0.0575005 0.05895 0.0589844 0.0579716 0.0562554 0.0541385 0.0518771 0.0496694 0.0476279 0.0457286 0.0437542 0.0412929 0.0378571 0.0331252 0.027186 0.02061
 0.00590391 0.00967072 0.014707 0.0210204 0.0284422 0.0365065 0.0444278 0.0513014 0.0564366 0.059573 0.0608466 0.0606022 0.0592293 0.0570894 0.0544987 0.0517227 0.0489668 0.0463563 0.0438952 0.0414187 0.0385887 0.0349939 0.0303585 0.0247581 0.0186855
 0.00614149 0.0100616 0.0153041 0.0218765 0.0296008 0.0379858 0.0462038 0.0533006 0.058544 0.0616535 0.0627665 0.0622453 0.0605045 0.0579313 0.0548626 0.0515767 0.0482861 0.0451243 0.0421169 0.0391443 0.0359384 0.0321659 0.0276034 0.0223212 0.0167402
 0.00638434 0.010458 0.0159039 0.0227274 0.0307397 0.0394249 0.0479164 0.0552147 0.0605525 0.0636327 0.0645951 0.0638159 0.0617283 0.0587401 0.0552082 0.0514271 0.0476206 0.0439328 0.0404081 0.0369655 0.0333995 0.0294501 0.0249471 0.0199605 0.0148465
 0.006633 0.0108633 0.0165156 0.023592 0.031891 0.0408696 0.0496191 0.0570944 0.0624941 0.0655106 0.066294 0.0652414 0.0628088 0.0594235 0.0554575 0.0512167 0.0469335 0.0427616 0.0387632 0.0348923 0.0309994 0.0268905 0.0224446 0.0177339 0.0130564
 0.00683379 0.0112014 0.0170459 0.0243719 0.0329678 0.0422599 0.0512896 0.0589567 0.0644201 0.0673598 0.0679399 0.0665857 0.0637848 0.0599921 0.0555995 0.0509247 0.0462057 0.041601 0.037185 0.0329406 0.0287662 0.0245257 0.0201418 0.0156884 0.0114122
 0.00706229 0.0115683 0.0175899 0.0251278 0.0339615 0.0435006 0.0527586 0.0605991 0.0661463 0.0690563 0.0694859 0.06787 0.0647203 0.0605237 0.0557038 0.0506018 0.0454691 0.0404703 0.0356883 0.0311267 0.0267212 0.0223825 0.0180689 0.013855 0.00994194
 0.00728917 0.0119422 0.0181612 0.0259439 0.0350542 0.0448683 0.0543507 0.0623164 0.0678608 0.0706423 0.0708417 0.0689245 0.0654265 0.0608523 0.0556408 0.050148 0.0446393 0.0392906 0.0341966 0.0293782 0.0248002 0.0204084 0.0161868 0.0122071 0.00862969
 0.00744091 0.0121967 0.018559 0.0265281 0.0358626 0.0459191 0.0556273 0.0637597 0.0693746 0.07211 0.0721477 0.0699718 0.0661484 0.061214 0.0556338 0.0497815 0.0439322 0.0382701 0.0329 0.0278602 0.02314 0.0187127 0.0145804 0.0108084 0.00752086
 0.00753276 0.0123431 0.0187747 0.0268278 0.0362613 0.0464322 0.0562672 0.0645298 0.0702624 0.0730814 0.0731447 0.0709175 0.0669582 0.0618099 0.0559572 0.0497991 0.0436355 0.0376711 0.0320287 0.0267658 0.0218947 0.0174114 0.0133314 0.0097131 0.00664903
 0.00761429 0.0124691 0.0189522 0.0270591 0.0365448 0.0467633 0.0566398 0.0649385 0.0707051 0.0735597 0.0736606 0.0714637 0.0675088 0.0623173 0.0563589 0.0500307 0.0436457 0.0374318 0.0315402 0.0260576 0.0210246 0.0164611 0.0123952 0.00887907 0.00597891
 0.0076478 0.0125224 0.0190302 0.0271655 0.0366807 0.0469269 0.0568257 0.0651391 0.0709144 0.0737778 0.0738949 0.0717264 0.0678081 0.0626478 0.056694 0.0503237 0.0438384 0.0374695 0.0313874 0.0257093 0.0205105 0.0158416 0.0117482 0.00828173 0.005488
 0.00774526 0.0126683 0.0192264 0.0274052 0.0369507 0.0472101 0.0571042 0.0653952 0.071132 0.0739457 0.0740099 0.0717957 0.0678478 0.0626777 0.0567281 0.050361 0.0438586 0.0374369 0.0312632 0.0254679 0.0201525 0.015398 0.0112725 0.00783321 0.00511389
 0.00778409 0.0127325 0.0193244 0.0275439 0.0371323 0.047428 0.0573407 0.065624 0.071326 0.0740862 0.0740925 0.0718284 0.0678465 0.0626594 0.0567072 0.0503452 0.0438448 0.0374095 0.0311968 0.0253374 0.0199455 0.0151238 0.010962 0.00752788 0.00485105
 0.00779401 0.0127456 0.0193389 0.0275575 0.037144 0.0474407 0.0573619 0.0656629 0.0713889 0.0741717 0.0741911 0.0719267 0.0679334 0.0627304 0.0567643 0.0503928 0.0438849 0.0374372 0.0311998 0.0252995 0.0198546 0.0149802 0.0107816 0.00733792 0.0046793
 0.00784432 0.0128167 0.0194259 0.0276488 0.0372244 0.0474963 0.0573851 0.0656549 0.071359 0.0741345 0.0741616 0.0719155 0.0679431 0.0627566 0.0567985 0.0504275 0.0439148 0.0374578 0.0312049 0.0252804 0.0198034 0.0148949 0.0106699 0.00721575 0.00456529
 0.00786241 0.0128474 0.0194741 0.0277181 0.0373144 0.0475995 0.0574855 0.0657312 0.0713923 0.0741171 0.0741015 0.0718332 0.0678628 0.0626969 0.0567675 0.0504227 0.0439272 0.0374763 0.0312187 0.0252801 0.0197821 0.01485 0.0106053 0.00714111 0.00449283
 0.00789235 0.0128912 0.0195311 0.0277851 0.0373872 0.0476747 0.057561 0.0658044 0.0714579 0.0741653 0.0741208 0.0718159 0.0678106 0.0626215 0.0566863 0.0503515 0.0438747 0.0374425 0.031197 0.0252613 0.0197577 0.0148152 0.0105602 0.00709057 0.00444399
 0.00788016 0.0128728 0.0195058 0.0277533 0.0373495 0.0476324 0.0575159 0.0657603 0.0714203 0.0741413 0.0741161 0.0718318 0.0678425 0.0626615 0.0567274 0.0503908 0.0439131 0.0374818 0.0312366 0.025297 0.0197839 0.0148275 0.0105577 0.00707651 0.00442411
 0.00787529 0.0128594 0.019476 0.0276969 0.0372582 0.0475041 0.0573593 0.0655937 0.0712674 0.0740236 0.0740481 0.0718189 0.0678819 0.0627439 0.0568394 0.0505178 0.0440426 0.0376046 0.0313471 0.0253915 0.0198592 0.0148816 0.0105908 0.00709178 0.00442692
 0.00790033 0.012896 0.019523 0.0277494 0.0373074 0.0475381 0.0573649 0.0655601 0.0711906 0.0739105 0.0739158 0.0716906 0.0677796 0.0626818 0.0568213 0.0505387 0.0440916 0.0376694 0.0314165 0.0254569 0.0199148 0.0149239 0.0106189 0.0071071 0.00443267
 0.00788946 0.0128799 0.0195016 0.0277236 0.0372781 0.0475059 0.057329 0.0655183 0.0711401 0.0738492 0.073845 0.0716164 0.0677129 0.0626357 0.056807 0.050561 0.044148 0.0377508 0.0315102 0.0255505 0.0199983 0.0149914 0.010668 0.00713898 0.00445074
 0.00785086 0.0128166 0.0194059 0.027589 0.0371025 0.0472949 0.0570984 0.0652931 0.0709477 0.0737119 0.0737733 0.071609 0.0677603 0.0627262 0.0569305 0.0507103 0.0443167 0.0379311 0.0316921 0.0257225 0.0201497 0.0151146 0.0107604 0.00720223 0.00449
 0.00784779 0.0128053 0.019377 0.0275301 0.0370009 0.0471428 0.056898 0.0650587 0.0707038 0.0734877 0.073597 0.0715008 0.0677292 0.0627689 0.0570347 0.0508595 0.0444945 0.0381233 0.0318864 0.0259073 0.0203147 0.0152519 0.0108658 0.00727653 0.00453765
 0.00782072 0.0127646 0.0193215 0.0274598 0.0369156 0.0470404 0.0567744 0.0649099 0.0705307 0.0732998 0.0734129 0.0713454 0.0676265 0.0627357 0.0570758 0.0509677 0.044654 0.0383144 0.0320895 0.0261054 0.0204942 0.0154031 0.0109838 0.00736115 0.00459305
 0.00778517 0.0127064 0.0192338 0.0273369 0.0367555 0.0468476 0.0565616 0.0646962 0.070336 0.0731384 0.0732914 0.0712651 0.0675889 0.0627447 0.0571367 0.0510828 0.0448189 0.0385168 0.0323116 0.0263277 0.0206992 0.0155778 0.0111214 0.00746073 0.00465896
 0.00774426 0.0126378 0.0191268 0.0271809 0.036543 0.0465787 0.0562484 0.0643642 0.0700192 0.0728721 0.0731031 0.0711696 0.0675868 0.0628262 0.0572873 0.0512876 0.0450642 0.0387892 0.0325957 0.0266059 0.0209541 0.0157951 0.0112928 0.00758526 0.00474173
 0.00774898 0.0126383 0.0191139 0.0271412 0.0364615 0.0464436 0.0560561 0.0641216 0.0697441 0.0725905 0.0728451 0.0709645 0.0674574 0.0627846 0.0573331 0.0514103 0.0452473 0.0390138 0.0328426 0.0268564 0.0211902 0.0160016 0.0114595 0.00770874 0.0048252
 0.00931772 0.0148372 0.021774 0.0298875 0.0388207 0.0480178 0.0566599 0.0638096 0.0687346 0.0711529 0.0712165 0.0693176 0.0659045 0.0613928 0.0561373 0.0504223 0.0444617 0.0384136 0.0324041 0.0265525 0.0209928 0.0158836 0.011396 0.00767903 0.00481389
 0.00930877 0.015111 0.0226944 0.031905 0.0422773 0.0528819 0.0623577 0.0693175 0.0729407 0.0732925 0.0711237 0.0673717 0.0627654 0.0577192 0.0524233 0.0469666 0.0414116 0.0358227 0.0302749 0.0248605 0.0196982 0.0149361 0.010738 0.00724918 0.00455215
 0.00895903 0.0145658 0.0219386 0.0309957 0.0413939 0.0523578 0.0626387 0.0708022 0.0757405 0.0770546 0.0750756 0.0706111 0.0646332 0.0580274 0.0514263 0.0451522 0.0392723 0.0337215 0.0284186 0.0233348 0.0185143 0.0140655 0.0101331 0.00685468 0.00431246
 0.00878963 0.0142776 0.0214821 0.0303213 0.0404718 0.051213 0.0613937 0.069702 0.0751287 0.0772756 0.0763199 0.0727745 0.0672894 0.0605658 0.0532973 0.0460744 0.0392878 0.0330966 0.0274835 0.0223597 0.017662 0.0134021 0.00966134 0.0065452 0.00412495
 0.0087169 0.0141539 0.0212848 0.030023 0.0400428 0.0506289 0.0606475 0.0688234 0.0742043 0.0764626 0.0758339 0.0728332 0.0680161 0.0618986 0.0549684 0.0476984 0.0405177 0.0337565 0.0276026 0.0221064 0.0172397 0.0129704 0.00930749 0.00629489 0.00396749
 0.00867966 0.014092 0.0211886 0.0298813 0.0398435 0.05036 0.0602994 0.0683915 0.0736945 0.0759007 0.0752788 0.0723857 0.0678083 0.0620511 0.055527 0.0485849 0.0415386 0.0346764 0.0282429 0.022409 0.0172618 0.012828 0.00911306 0.0061208 0.00384243
 0.00868731 0.0141008 0.0211949 0.0298786 0.039823 0.0503116 0.0602128 0.0682569 0.0735031 0.0756473 0.0749673 0.0720383 0.067474 0.0618055 0.0554546 0.0487429 0.0419183 0.0351918 0.0287612 0.0228091 0.0174839 0.012885 0.00906376 0.00603078 0.00375716
 0.0086911 0.014108 0.0212075 0.0298983 0.0398498 0.0503421 0.0602388 0.068266 0.0734806 0.0755801 0.0748473 0.0718649 0.0672588 0.0615765 0.0552571 0.0486307 0.0419337 0.0353412 0.0290047 0.0230744 0.0176998 0.0130123 0.00910431 0.00601411 0.00371787
 0.0086722 0.0140809 0.0211733 0.0298607 0.0398144 0.0503145 0.0602233 0.0682639 0.0734892 0.0755915 0.0748498 0.0718458 0.0672087 0.0614947 0.0551557 0.0485352 0.041877 0.0353503 0.0290858 0.0232068 0.0178443 0.0131304 0.00917571 0.00604058 0.00371519
 0.00865108 0.0140447 0.0211159 0.0297764 0.0397003 0.0501746 0.0600706 0.0681189 0.0733746 0.0755247 0.0748361 0.0718781 0.0672702 0.0615655 0.0552203 0.048588 0.0419244 0.0354066 0.0291641 0.0233095 0.0179596 0.0132382 0.00925838 0.00609117 0.00373811
 0.00863927 0.0140265 0.0210903 0.0297423 0.0396565 0.050119 0.060001 0.0680352 0.0732809 0.0754309 0.0747568 0.0718271 0.0672554 0.0615857 0.0552658 0.0486462 0.0419856 0.0354681 0.0292289 0.0233812 0.0180371 0.0133142 0.00932298 0.00613749 0.00376535
 0.00863573 0.0140214 0.0210838 0.029735 0.0396489 0.0501111 0.0599918 0.0680223 0.073261 0.0754008 0.0747155 0.0717779 0.0672061 0.0615459 0.0552432 0.0486435 0.0420004 0.0354956 0.0292651 0.0234238 0.018084 0.0133618 0.0093661 0.00617141 0.00378806
 0.00864851 0.0140401 0.021108 0.0297631 0.0396783 0.0501391 0.0600161 0.0680409 0.0732717 0.0754012 0.0747029 0.0717506 0.0671647 0.0614943 0.0551887 0.0485943 0.0419633 0.0354741 0.0292591 0.0234309 0.0181008 0.0133842 0.00938961 0.0061921 0.00380347
 0.00863802 0.0140261 0.0210924 0.0297495 0.0396705 0.0501395 0.0600244 0.0680541 0.0732858 0.0754129 0.0747103 0.0717529 0.0671613 0.0614851 0.0551741 0.0485765 0.0419461 0.0354617 0.0292547 0.0234356 0.0181132 0.0134015 0.00940829 0.00620901 0.00381659
 0.00861375 0.0139886 0.02104 0.0296825 0.0395921 0.050056 0.0599451 0.0679902 0.0732468 0.0754037 0.0747295 0.071794 0.0672154 0.0615436 0.0552304 0.0486269 0.0419891 0.0354982 0.0292868 0.0234653 0.0181416 0.0134283 0.00943224 0.00622868 0.00383118
 0.00861375 0.0139886 0.02104 0.0296825 0.0395921 0.050056 0.0599451 0.0679902 0.0732468 0.0754037 0.0747295 0.071794 0.0672154 0.0615436 0.0552304 0.0486269 0.0419891 0.0354982 0.0292868 0.0234653 0.0181416 0.0134283 0.00943224 0.00622868 0.00383118
 0.0091424 0.0148167 0.0222241 0.0312438 0.0415013 0.0522157 0.0621788 0.070055 0.0748826 0.0764004 0.074982 0.0713173 0.0661238 0.0600099 0.0534449 0.0467644 0.04019 0.0338612 0.0278712 0.0222983 0.0172253 0.0127457 0.00895275 0.00591347 0.00363873
 0.00922802 0.0150137 0.0226253 0.0319664 0.0426513 0.0538342 0.0641955 0.0722797 0.0770444 0.0782159 0.0762202 0.0718419 0.0659076 0.0591276 0.0520477 0.0450443 0.038342 0.0320533 0.026228 0.0208964 0.016098 0.0118918 0.00834559 0.00551046 0.00339071
 0.00904705 0.014725 0.0222073 0.0314191 0.042016 0.0532125 0.0637507 0.0722023 0.0774809 0.0791938 0.0776144 0.0734067 0.0673575 0.0602249 0.0526594 0.0451552 0.0380325 0.0314586 0.0254953 0.0201526 0.0154325 0.0113525 0.00794551 0.00523781 0.00322019
 0.00882466 0.0143475 0.0216122 0.0305448 0.0408246 0.051724 0.0620747 0.070545 0.0761134 0.0783858 0.0775553 0.0741418 0.0687656 0.0620478 0.0545785 0.0468827 0.0393814 0.0323661 0.0260027 0.0203606 0.0154555 0.0112868 0.00785605 0.00515887 0.00316367
 0.00862951 0.0140088 0.0210632 0.0297116 0.0396445 0.050176 0.0602099 0.0685013 0.0741047 0.0766682 0.076382 0.0737134 0.0691793 0.0632613 0.0564061 0.0490368 0.0415483 0.0342875 0.027528 0.0214552 0.0161706 0.0117153 0.00809342 0.00528161 0.00322351
#pred catch len freq
 0.00348448 0.00556827 0.00823541 0.0114786 0.0153174 0.0197714 0.0247951 0.0302412 0.0358808 0.0414497 0.0466908 0.0513898 0.0554031 0.0586609 0.0611404 0.0628271 0.0636907 0.0636726 0.0626708 0.0605121 0.0569436 0.0517084 0.0447353 0.0363563 0.0273756
 0.00375836 0.00595071 0.00869924 0.011971 0.0157896 0.0202169 0.025267 0.0308247 0.0366281 0.0423158 0.0475147 0.0519408 0.0554722 0.0581515 0.0601169 0.0615023 0.0623551 0.0625937 0.0619995 0.0602387 0.0569252 0.051754 0.0446995 0.0361919 0.0271227
 0.00390399 0.00620751 0.00911837 0.0126011 0.0166531 0.0212824 0.0264392 0.0319718 0.03764 0.0431518 0.0481973 0.0524934 0.0558507 0.0582338 0.0597667 0.0606651 0.0611181 0.0611663 0.060626 0.0590955 0.0560639 0.0511171 0.044189 0.0357378 0.02671
 0.00413183 0.0065552 0.00960396 0.0132383 0.0174631 0.0223021 0.0277107 0.0335075 0.0393792 0.0449434 0.0498327 0.0537771 0.0566599 0.0585245 0.0595357 0.0599188 0.0598842 0.0595328 0.0587572 0.057195 0.0543077 0.049605 0.0429449 0.0347449 0.0259443
 0.00437715 0.00694312 0.0101675 0.0140014 0.0184382 0.0234884 0.0290936 0.0350616 0.041073 0.0467334 0.0516435 0.055479 0.0580729 0.0594579 0.0598426 0.0595312 0.058817 0.0578728 0.0566535 0.0548463 0.0519328 0.0473997 0.0410468 0.0332219 0.0248046
 0.0046256 0.00733643 0.0107413 0.0147862 0.0194592 0.0247625 0.0306203 0.036812 0.0429832 0.0487094 0.0535741 0.057249 0.0595662 0.0605531 0.0604126 0.0594599 0.0580315 0.0563754 0.0545379 0.0522934 0.0491832 0.0447109 0.0386422 0.0312505 0.0233237
 0.00491321 0.0077894 0.0113975 0.0156757 0.020605 0.0261798 0.0323092 0.0387469 0.0451036 0.0509179 0.0557411 0.0592269 0.0612088 0.0617318 0.0610227 0.0594184 0.0572785 0.0548896 0.0523644 0.0495674 0.0461313 0.041618 0.0357925 0.0288627 0.0215074
 0.00515612 0.00818114 0.0119826 0.0164974 0.0217024 0.0275802 0.0340171 0.0407327 0.0472993 0.053219 0.0580151 0.0613242 0.0629775 0.0630328 0.0617415 0.05947 0.0566085 0.0534787 0.0502452 0.0468484 0.0430133 0.0383804 0.0327415 0.0262575 0.0194976
 0.00541065 0.00858074 0.0125599 0.0172795 0.0227141 0.028846 0.0355548 0.0425406 0.0493406 0.0554125 0.0602359 0.0634182 0.0647828 0.0644011 0.0625518 0.0596328 0.0560661 0.0522085 0.0482713 0.0442635 0.0399971 0.0351953 0.0296907 0.0236135 0.0174321
 0.00574079 0.00909149 0.0132814 0.0182261 0.0238878 0.0302401 0.0371541 0.0443164 0.0512464 0.0573816 0.0621815 0.0652336 0.0663469 0.065589 0.0632485 0.059745 0.0555295 0.0509934 0.0463933 0.0418014 0.037111 0.0321261 0.0267259 0.0210204 0.0153882
 0.00608413 0.0096313 0.0140602 0.0192728 0.025215 0.03184 0.0389899 0.046317 0.0533108 0.0593934 0.0640252 0.0668085 0.0675713 0.0663988 0.0635913 0.059575 0.0548075 0.049695 0.0445252 0.0394243 0.0343596 0.0292125 0.0239097 0.0185496 0.0134319
 0.00640597 0.0101405 0.0148018 0.0202833 0.0265207 0.0334517 0.0408907 0.0484488 0.055567 0.0616249 0.0660615 0.0684861 0.0687642 0.0670359 0.0636543 0.0590808 0.0537855 0.048175 0.0425428 0.0370427 0.0316948 0.026444 0.0212605 0.0162353 0.0116012
 0.00663247 0.0105054 0.0153465 0.0210483 0.0275432 0.0347594 0.0424899 0.0503106 0.0576187 0.0637485 0.0681016 0.0702691 0.0701258 0.0678511 0.0638576 0.0586683 0.0528006 0.0466862 0.0406297 0.0347975 0.0292379 0.0239345 0.0188861 0.0141746 0.00997635
 0.00677635 0.0107415 0.0157073 0.0215693 0.0282611 0.0357059 0.0436824 0.0517414 0.0592465 0.0654956 0.0698559 0.0718934 0.0714746 0.0687915 0.0642903 0.0585423 0.0521175 0.0454937 0.0390099 0.0328579 0.0271091 0.0217702 0.0168512 0.0124183 0.0085966
 0.00695207 0.0110222 0.0161216 0.0221433 0.0290176 0.0366606 0.0448368 0.0530743 0.0607094 0.0670127 0.0713299 0.0732158 0.0725381 0.0695019 0.0645766 0.0583634 0.0514665 0.0443999 0.0375381 0.031105 0.0251999 0.0198486 0.0150647 0.0108925 0.00740843
 0.00715531 0.0113398 0.0165768 0.0227523 0.0297905 0.037602 0.0459412 0.0543184 0.0620454 0.0683667 0.072608 0.0743168 0.0733689 0.0699911 0.0646809 0.0580678 0.0507807 0.0433564 0.0361925 0.0295383 0.0235178 0.0181748 0.0135247 0.00958994 0.00640314
 0.00722214 0.0114493 0.0167442 0.0229943 0.0301254 0.0380473 0.04651 0.0550147 0.0628591 0.06927 0.0735528 0.075236 0.074183 0.0706191 0.0650535 0.0581372 0.0505265 0.0427862 0.035341 0.028467 0.0223131 0.0169409 0.0123688 0.00860204 0.00563632
 0.00734699 0.011629 0.0169717 0.0232502 0.030385 0.0382931 0.0467408 0.0552467 0.0631189 0.0695836 0.0739354 0.075684 0.0746699 0.0710968 0.0654585 0.0584022 0.0505939 0.0426205 0.0349371 0.0278531 0.0215486 0.0161082 0.011558 0.00789159 0.00507608
 0.00748469 0.011844 0.0172779 0.0236519 0.030874 0.0388449 0.0473137 0.0557871 0.0635748 0.0699214 0.0741496 0.0757941 0.0747069 0.0710872 0.0654121 0.0583089 0.0504284 0.042353 0.0345469 0.0273405 0.0209407 0.0154561 0.0109253 0.0073372 0.00463857
 0.00764318 0.0120749 0.0175764 0.0239979 0.0312395 0.0392055 0.047655 0.0561016 0.0638541 0.0701495 0.0743059 0.0758637 0.0746911 0.071005 0.0652905 0.0581684 0.0502722 0.0421666 0.0343078 0.0270323 0.0205655 0.0150381 0.010505 0.006958 0.00433255
 0.00779115 0.0123059 0.0179053 0.0244293 0.0317642 0.0397969 0.0482673 0.0566757 0.0643301 0.0704828 0.0744758 0.0758717 0.0745536 0.0707472 0.0649446 0.0577706 0.0498556 0.0417536 0.0339059 0.0266388 0.0201769 0.0146597 0.0101528 0.00665304 0.00409159
 0.00769071 0.012169 0.0177489 0.0242878 0.0316826 0.0398181 0.0484184 0.0569586 0.0647188 0.0709271 0.0749124 0.0762408 0.0748138 0.0708832 0.0649641 0.0576952 0.0497121 0.0415664 0.0336931 0.0264115 0.0199421 0.0144252 0.00993017 0.00645656 0.00393334
