SBPRF35
7.26234
Curr Bio
637721
B35
507807
F35
0.219902
FOFL
0.219902
OFL
111365
Bzero
2.07496e+006
#pred survey bio
 4.02625e+006 3.96723e+006 3.53662e+006 3.15685e+006 2.9386e+006 2.68122e+006 2.46452e+006 2.26646e+006 2.03747e+006 1.7768e+006 1.53776e+006 1.33085e+006 1.11545e+006 990383 899146 827792 754923 713115 678700 623800 567033 543135 526885 520762 507882 504932 521852 530582 528081 529365 517308 498328 509679 545558 568545 581681 608340 595003 565616 562380 587186 617767 601506 609448 598574 579832 561940 602311 616089 604752 593311 586680 617914 640947 632458 603148 575232 545404 490787 486973 517630 555426 552703 552113 619075 645483 1.52186e+007 1.344e+007 1.32514e+007 1.34672e+007 1.39121e+007 1.44268e+007 1.4914e+007 1.53288e+007 1.56598e+007 1.59135e+007 1.61029e+007 1.62421e+007 1.63434e+007 1.64169e+007 1.64703e+007 1.65091e+007 1.65374e+007 1.65582e+007 1.65735e+007 1.65849e+007 1.65933e+007 1.65997e+007 1.66044e+007 1.6608e+007 1.66107e+007 1.66128e+007 1.66144e+007 1.66156e+007 1.66165e+007 1.66172e+007 1.66177e+007 1.66181e+007 1.66184e+007 1.66186e+007 1.66188e+007 1.66189e+007 1.66191e+007 1.66191e+007 1.66192e+007 1.66192e+007 1.66193e+007 1.66193e+007 1.66193e+007 1.66194e+007 1.66194e+007 1.66194e+007 1.66194e+007 1.66194e+007 1.66194e+007 1.66194e+007 1.66194e+007 1.66194e+007 1.66194e+007 1.66194e+007 1.66194e+007 1.66194e+007 1.66194e+007 1.66194e+007 1.66194e+007 1.66194e+007 1.66194e+007 1.66194e+007 1.66194e+007 1.66194e+007 1.66194e+007 1.66194e+007 1.66194e+007 1.66194e+007 1.66194e+007 1.66194e+007 1.66194e+007 1.66194e+007 1.66194e+007 1.66194e+007 1.66194e+007 1.66194e+007 1.66194e+007 1.66194e+007 1.66194e+007 1.66194e+007 1.66194e+007 1.66194e+007 1.66194e+007 1.66194e+007 1.66194e+007 1.66194e+007 1.66194e+007 1.66194e+007 1.66194e+007 1.66194e+007 1.66194e+007 1.66194e+007 1.66194e+007 1.66194e+007 1.66194e+007 1.66194e+007 1.66194e+007 1.66194e+007 1.66194e+007 1.66194e+007 0 0 0 0 0 0 0 0 0 0 0 0 0 0 0 0 0 0 0 0 0 0 0 0 0
#obs survey bio
 3.03823e+006 4.56761e+006 2.76839e+006 3.58242e+006 3.59798e+006 3.04937e+006 2.69219e+006 2.58018e+006 1.75914e+006 1.86638e+006 1.88677e+006 1.37448e+006 911850 759278 727481 736028 658532 866015 566445 698317 466866 638944 588428 648924 621677 439812 401880 629591 412634 709662 617672 484989 513845 708598 763764 470920 740889 563972 639795 399460 551209 810060 427297 745759 425282 549119 505243 824471 521442 595041 487984 594978 664681 801180 562893 391146 527458 562181 533482 443249 521048 693549 487666 688774 504880 623725
#pred catch bio
 105361 105511 151822 208595 275157 274540 293943 311388 312938 312650 263291 288042 246501 246983 228240 214838 181326 153939 155268 134932 126141 124844 114903 115518 106161 105665 114826 101627 99198.6 98774.3 87036.2 97792 93987.5 94442.5 95791.2 86608.3 90942.7 86899.6 84544.4 90149 84304.6 80971.2 86927.2 88411.6 85265.9 94240.7 82597.9 87290.2 92658.2 94092.5 111130 92298.1 99587.3 111691 112643 109872 74849 98724.9 66728.5 62033.7 62731.6 84953 110020 60481.6 102707 116718 111365 107058 104049 104479 107211 110634 113879 116580 118658 120173 121238 121965 122451 122771 122978 123112 123197 123251 123285 123306 123319 123328 123333 123336 123338 123339 123340 123340 123341 123341 123341 123341 123341 123341 123341 123341 123341 123341 123341 123341 123341 123341 123341 123341 123341 123341 123341 123341 123341 123341 123341 123341 123341 123341 123341 123341 123341 123341 123341 123341 123341 123341 123341 123341 123341 123341 123341 123341 123341 123341 123341 123341 123341 123341 123341 123341 123341 123341 123341 123341 123341 123341 123341 123341 123341 123341 123341 123341 123341 123341 123341 123341 123341 123341 123341 123341 123341 123341 123341 123341 0 0 0 0 0 0 0 0 0 0 0 0 0 0 0 0 0 0 0 0 0 0 0 0 0
#obs catch bio
 0 105138 151850 208819 275709 274398 294159 311562 312635 313379 262489 288219 246219 248225 228788 214828 181741 153604 155463 134454 126308 125083 114905 115545 105890 105911 115455 101267 99277.7 98875.8 86575.5 98195.5 94430 94329.4 95824.9 86659.1 90897.8 86775.1 84471.6 90422.1 84383.7 80722.3 87081.8 88409.4 85114.4 94315.5 82763.4 87221.8 92601.8 93907.5 111522 92218 99591.2 111725 112564 110301 74384.1 99197.3 66581.5 62071.8 62629.6 84785 111042 59990.4 102974 116805
#pred cpue bio
 3.98265e+006 3.92443e+006 3.49739e+006 3.11989e+006 2.90209e+006 2.64558e+006 2.42924e+006 2.2312e+006 2.00291e+006 1.74383e+006 1.50637e+006 1.30148e+006 1.08843e+006 964237 873346 802345 730160 688702 655106 601640 546581 523212 507370 501513 489069 486225 502507 510900 508697 509993 498520 480433 491205 526046 548682 561393 585957 571258 542077 538940 562832 592558 577363 584851 574580 556709 539232 578040 591650 580838 569764 562843 592849 615135 606739 577913 550391 522436 470081 466928 497220 534568 532149 530631 595619 621155 1.46394e+007 1.29339e+007 1.26616e+007 1.28072e+007 1.32361e+007 1.37484e+007 1.42353e+007 1.465e+007 1.4981e+007 1.52347e+007 1.54241e+007 1.55633e+007 1.56646e+007 1.57381e+007 1.57915e+007 1.58303e+007 1.58586e+007 1.58794e+007 1.58947e+007 1.59061e+007 1.59145e+007 1.59209e+007 1.59256e+007 1.59292e+007 1.59319e+007 1.5934e+007 1.59356e+007 1.59368e+007 1.59377e+007 1.59383e+007 1.59389e+007 1.59393e+007 1.59396e+007 1.59398e+007 1.594e+007 1.59401e+007 1.59403e+007 1.59403e+007 1.59404e+007 1.59404e+007 1.59405e+007 1.59405e+007 1.59405e+007 1.59405e+007 1.59406e+007 1.59406e+007 1.59406e+007 1.59406e+007 1.59406e+007 1.59406e+007 1.59406e+007 1.59406e+007 1.59406e+007 1.59406e+007 1.59406e+007 1.59406e+007 1.59406e+007 1.59406e+007 1.59406e+007 1.59406e+007 1.59406e+007 1.59406e+007 1.59406e+007 1.59406e+007 1.59406e+007 1.59406e+007 1.59406e+007 1.59406e+007 1.59406e+007 1.59406e+007 1.59406e+007 1.59406e+007 1.59406e+007 1.59406e+007 1.59406e+007 1.59406e+007 1.59406e+007 1.59406e+007 1.59406e+007 1.59406e+007 1.59406e+007 1.59406e+007 1.59406e+007 1.59406e+007 1.59406e+007 1.59406e+007 1.59406e+007 1.59406e+007 1.59406e+007 1.59406e+007 1.59406e+007 1.59406e+007 1.59406e+007 1.59406e+007 1.59406e+007 1.59406e+007 1.59406e+007 1.59406e+007 1.59406e+007 1.59406e+007 0 0 0 0 0 0 0 0 0 0 0 0 0 0 0 0 0 0 0 0 0 0 0 0 0
#obs cpue bio
 4.20261e+006 5.78141e+006 4.07403e+006 2.14873e+006 2.67888e+006 2.29014e+006 2.03752e+006 2.04243e+006 2.59921e+006 1.4134e+006 1.44394e+006 1.29112e+006 1.25516e+006 961641 1.11936e+006 1.05233e+006 695102 667101 740458 669591 514649 442761 460825 428522 451321 405201 581072 652030 510522 397694 577341 317182 377507 608998 394150 556103 619830 638345 454259 610288 594489 638692 594576 548458 850638 615498 396452 583276 724134 607374 608721 527154 569551 519736 714297 755096 746795 473412 434602 449830 501537 567548 408369 491977 768141 623257
#pred surv len freq
 0.00424814 0.00700344 0.0107381 0.0154955 0.0211889 0.0275072 0.0339008 0.0397345 0.0445343 0.0481393 0.0506625 0.0523398 0.0534017 0.0540215 0.0543169 0.0543725 0.0542633 0.0540552 0.0537491 0.0531706 0.0518758 0.0492061 0.0445707 0.037852 0.0296519
 0.00447745 0.0073054 0.0110641 0.0157631 0.0213122 0.0274409 0.0336683 0.0394184 0.0442307 0.0479065 0.0505003 0.0522099 0.0532723 0.0539036 0.0542699 0.0544758 0.0545693 0.0545461 0.0543218 0.0536612 0.0521216 0.0491163 0.0441674 0.0372558 0.0290216
 0.00462137 0.00756776 0.0115055 0.0164416 0.0222513 0.0285893 0.0348819 0.0404898 0.0449661 0.0482069 0.0503915 0.0518057 0.0527046 0.0532741 0.0536451 0.0539085 0.054109 0.0542219 0.054112 0.0534819 0.0518551 0.0486702 0.043528 0.0364989 0.028272
 0.00474002 0.00776804 0.0118231 0.0169207 0.0229414 0.0295343 0.0360969 0.0419326 0.0465158 0.0496705 0.0515498 0.052485 0.0528371 0.0529104 0.0529173 0.0529728 0.0531018 0.0532379 0.0531939 0.0526184 0.0509957 0.0477627 0.0425626 0.0355268 0.0273845
 0.00485084 0.00796176 0.0121401 0.0174081 0.0236449 0.0304843 0.0372963 0.043351 0.048091 0.0513101 0.0531268 0.0538388 0.0537956 0.0533357 0.0527547 0.0522708 0.0519902 0.0518768 0.051723 0.0511272 0.049524 0.0463267 0.0411885 0.034269 0.0263139
 0.00508694 0.00833438 0.012681 0.0181419 0.0245883 0.0316436 0.0386612 0.0448883 0.0497436 0.0530004 0.0547624 0.055314 0.0549906 0.0541222 0.0530156 0.0519334 0.0510569 0.0504322 0.0499091 0.0491027 0.0474312 0.0442826 0.0392935 0.0326137 0.0249706
 0.00530519 0.00869572 0.013236 0.0189395 0.0256634 0.0329995 0.040255 0.0466326 0.0515279 0.0547206 0.056339 0.0566898 0.0561135 0.0549266 0.0534161 0.0518373 0.0503927 0.0491834 0.0481352 0.0469348 0.0450473 0.0418754 0.0370436 0.0306678 0.0234222
 0.0055077 0.00903392 0.0137621 0.0197087 0.026724 0.0343756 0.0419278 0.0485307 0.0535349 0.0566971 0.0581499 0.0582256 0.0573002 0.0557194 0.0537815 0.0517348 0.0497722 0.0480042 0.0463996 0.0447178 0.0425048 0.0392237 0.0345168 0.0284683 0.0216785
 0.00573938 0.0094122 0.0143349 0.0205232 0.0278189 0.0357692 0.0436035 0.0504295 0.0555597 0.0587267 0.0600548 0.059883 0.0586051 0.0565945 0.0541775 0.0516221 0.0491283 0.0468103 0.0446564 0.0424761 0.0398929 0.0364488 0.0318304 0.0261053 0.0197973
 0.00597381 0.00980045 0.0149323 0.0213851 0.0289894 0.0372632 0.0453891 0.0524242 0.0576442 0.0607703 0.0619364 0.0615 0.0598733 0.0574451 0.0545568 0.0514905 0.0484589 0.045589 0.0428902 0.0402147 0.037254 0.0336285 0.0290784 0.0236667 0.0178455
 0.00620405 0.0101863 0.0155345 0.0222676 0.0302063 0.0388373 0.0472912 0.0545642 0.0598845 0.062953 0.063912 0.0631466 0.0611043 0.0582068 0.0548194 0.0512371 0.0476779 0.0442743 0.0410526 0.0379035 0.0345821 0.0307833 0.026302 0.0212016 0.0158676
 0.00633203 0.0104015 0.0158728 0.0227704 0.0309162 0.0397896 0.0485016 0.0560186 0.0615338 0.0647147 0.0656769 0.0647908 0.0625055 0.0592595 0.0554441 0.0513816 0.0473119 0.0433848 0.0396482 0.0360295 0.0323406 0.0283442 0.023886 0.0190326 0.0141127
 0.00664072 0.0109029 0.0166256 0.023826 0.032306 0.0415059 0.0504808 0.0581409 0.063646 0.0666655 0.0673458 0.0660977 0.0634039 0.0597245 0.0554626 0.0509462 0.046419 0.0420372 0.0378628 0.0338542 0.0298744 0.0257475 0.0213661 0.0167989 0.0123192
 0.00678991 0.0111667 0.0170619 0.0245023 0.033284 0.0428179 0.0521063 0.0599974 0.0656021 0.0685681 0.0690494 0.0674855 0.0643976 0.0602841 0.0555773 0.0506215 0.045666 0.040869 0.0363014 0.0319459 0.0277088 0.0234669 0.0191524 0.0148358 0.0107419
 0.00698705 0.0114911 0.0175584 0.0252169 0.0342575 0.0440732 0.053633 0.0617407 0.0674625 0.0704135 0.070734 0.0688723 0.0653795 0.0607981 0.0556059 0.0501827 0.0447968 0.0396123 0.0347034 0.0300658 0.0256351 0.0213275 0.0171059 0.013039 0.00930801
 0.00720408 0.0118334 0.0180541 0.0258862 0.0351107 0.0451078 0.0548286 0.063057 0.0688413 0.0717853 0.0720227 0.0699971 0.0662586 0.0613559 0.0557855 0.0499551 0.0441636 0.0386013 0.0333624 0.0284618 0.0238591 0.0194985 0.0153623 0.0115136 0.00809414
 0.00743658 0.0122071 0.0186074 0.026649 0.0360951 0.0462962 0.056164 0.0644461 0.0701751 0.0729672 0.0729888 0.0707179 0.066725 0.0615631 0.0557226 0.0496064 0.0435172 0.0376592 0.0321491 0.0270286 0.0222866 0.0178936 0.0138461 0.0101978 0.00705424
 0.00753187 0.0123583 0.0188288 0.0269532 0.0364932 0.0467965 0.0567685 0.0651451 0.0709437 0.0737653 0.0737658 0.0714214 0.0673089 0.0619912 0.0559669 0.0496426 0.0433228 0.0372184 0.031462 0.0261217 0.0212185 0.0167524 0.012736 0.00921683 0.00627022
 0.00754728 0.0123726 0.0188312 0.0269291 0.036431 0.0466974 0.0566547 0.0650601 0.070943 0.0739 0.0740659 0.0718841 0.0678964 0.0626382 0.0565943 0.0501723 0.0436883 0.0373712 0.0313765 0.0258011 0.020699 0.016102 0.0120426 0.00856841 0.00573287
 0.00765863 0.0125509 0.0190929 0.0272835 0.0368734 0.0472018 0.0571706 0.0655206 0.0712858 0.0740922 0.0741176 0.0718419 0.0678211 0.0625785 0.0565694 0.0501678 0.0436648 0.0372796 0.0311741 0.0254658 0.0202384 0.0155545 0.0114692 0.00803534 0.00529184
 0.00775355 0.0126914 0.0192792 0.0275079 0.0371244 0.0474684 0.0574446 0.0657931 0.0715415 0.0743079 0.0742675 0.0719096 0.06781 0.0625128 0.056483 0.050087 0.0435946 0.037201 0.031054 0.0252733 0.0199607 0.0152053 0.0110859 0.00766573 0.00497768
 0.00769388 0.0126268 0.0192406 0.0275412 0.0372743 0.047756 0.0578506 0.0662602 0.0719963 0.0746872 0.0745353 0.0720566 0.0678446 0.0624531 0.0563535 0.0499158 0.0434069 0.0370106 0.030859 0.0250604 0.0197171 0.0149306 0.0107966 0.0073898 0.00474271
 0.00773458 0.0126741 0.0192794 0.0275518 0.0372456 0.047701 0.0578126 0.0662995 0.0721598 0.0749787 0.0749077 0.0724315 0.0681465 0.0626362 0.0564088 0.0498626 0.0432777 0.0368373 0.0306639 0.0248538 0.0195012 0.0147076 0.0105747 0.00718412 0.00456931
 0.00772131 0.0126528 0.0192468 0.0275027 0.0371714 0.0475903 0.0576564 0.0661014 0.0719465 0.0748019 0.0748281 0.0724921 0.0683486 0.0629358 0.0567374 0.0501557 0.0434956 0.0369692 0.0307183 0.0248467 0.0194478 0.0146211 0.0104689 0.00707393 0.00446931
 0.00782768 0.0128051 0.0194377 0.027712 0.0373711 0.0477531 0.0577614 0.0661362 0.0719058 0.074689 0.0746596 0.0723004 0.0681766 0.0628218 0.0566977 0.0501779 0.0435467 0.0370129 0.0307301 0.0248185 0.0193846 0.0145345 0.0103721 0.0069797 0.00438783
 0.00785641 0.0128518 0.0195069 0.0278055 0.0374844 0.0478719 0.0578618 0.0661893 0.0718894 0.0745973 0.0745076 0.0721186 0.0680011 0.062685 0.0566219 0.0501703 0.0435974 0.0370976 0.0308189 0.0248861 0.0194179 0.0145331 0.010345 0.00693924 0.00434568
 0.00775838 0.0127151 0.0193432 0.0276401 0.0373495 0.0477947 0.0578545 0.0662452 0.0719857 0.0747034 0.0745945 0.0721683 0.0680119 0.0626709 0.0566057 0.0501743 0.0436349 0.037168 0.030909 0.0249763 0.0194902 0.0145778 0.0103618 0.0069355 0.00433117
 0.00785255 0.0128394 0.0194786 0.0277541 0.0374097 0.0477872 0.0577953 0.0661752 0.0719491 0.0747235 0.074662 0.0722482 0.0680635 0.0626676 0.056545 0.0500747 0.0435243 0.0370716 0.03084 0.0249348 0.0194671 0.0145619 0.0103457 0.00691695 0.00431202
 0.00791719 0.012925 0.01957 0.0278225 0.0374168 0.0476957 0.0575815 0.0658419 0.0715332 0.0742939 0.0743024 0.0720293 0.0680164 0.0627753 0.0567557 0.0503284 0.0437754 0.0372968 0.0310336 0.0250982 0.0196015 0.0146667 0.0104205 0.00696443 0.00433789
 0.00782222 0.012801 0.0194383 0.0277183 0.0373744 0.0477282 0.0576666 0.0659255 0.0715523 0.0742067 0.0741102 0.0717777 0.0677765 0.0626145 0.056712 0.0504005 0.0439316 0.0374938 0.0312343 0.0252793 0.0197524 0.0147844 0.010506 0.00702141 0.00437203
 0.00790192 0.012893 0.0195096 0.0277211 0.0372667 0.0475006 0.0573587 0.0656145 0.0713156 0.0740829 0.0740834 0.0717968 0.067793 0.0626108 0.0567052 0.050423 0.0440068 0.0376232 0.0313995 0.0254537 0.019913 0.0149169 0.0106057 0.00708975 0.00441465
 0.00788794 0.0128761 0.0194929 0.0277053 0.0372429 0.0474446 0.0572333 0.0653859 0.0709798 0.0736817 0.0736963 0.0715073 0.0676504 0.0626154 0.0568218 0.0506092 0.0442323 0.0378715 0.0316586 0.025709 0.0201467 0.0151139 0.0107575 0.00719661 0.0044831
 0.00778475 0.0127501 0.0193798 0.0276626 0.0373322 0.0477026 0.0576478 0.0658891 0.0714653 0.074039 0.0738476 0.0714329 0.0673922 0.0622545 0.0564442 0.0502776 0.0439769 0.037697 0.0315566 0.0256654 0.0201449 0.0151364 0.0107889 0.00722618 0.0045055
 0.00769337 0.0125824 0.0190959 0.0272242 0.0367244 0.0469617 0.0568756 0.0652347 0.0710727 0.0739852 0.0741107 0.0719076 0.0679422 0.0627689 0.0568683 0.0506104 0.0442469 0.0379354 0.0317822 0.0258816 0.0203454 0.0153115 0.0109307 0.00733143 0.00457662
 0.00783091 0.0127569 0.0192668 0.0273199 0.0366588 0.0466629 0.0563164 0.0644529 0.0701727 0.073119 0.0734381 0.0715467 0.0679293 0.0630518 0.0573372 0.0511478 0.0447674 0.0383982 0.0321798 0.0262206 0.0206318 0.0155469 0.0111148 0.00746573 0.00466677
 0.00866247 0.0139521 0.0207723 0.0289799 0.0382486 0.0479515 0.0571213 0.0646695 0.0697828 0.0721918 0.0721238 0.0700525 0.0664738 0.0618107 0.0564037 0.0505251 0.044395 0.0381938 0.0320731 0.0261674 0.0206101 0.0155458 0.0111264 0.00748284 0.00468348
 0.00923645 0.0148872 0.0221734 0.0309183 0.0407153 0.0508007 0.0600399 0.0672179 0.0715172 0.0728151 0.0715818 0.068527 0.0642955 0.0593481 0.0539756 0.0483524 0.0425885 0.0367708 0.0309923 0.0253652 0.020026 0.0151318 0.010845 0.00730251 0.00457597
 0.00923552 0.0149696 0.0224529 0.0315542 0.0418728 0.0525836 0.0624228 0.0700108 0.0743815 0.0753298 0.0733423 0.0692507 0.0638994 0.0579659 0.0519039 0.0459532 0.0401902 0.0346063 0.0291821 0.023938 0.0189535 0.0143604 0.0103154 0.00695842 0.00436672
 0.0089871 0.0146054 0.0219845 0.0310335 0.0413984 0.0522991 0.0625007 0.0706128 0.0755957 0.0771052 0.0754594 0.0713586 0.0656123 0.0589816 0.0520929 0.0453816 0.0390743 0.0332243 0.0277871 0.022704 0.0179641 0.0136276 0.00980921 0.00663126 0.0041695
 0.00885923 0.0143863 0.0216366 0.0305222 0.0407101 0.0514658 0.0616215 0.0698537 0.0751581 0.0771693 0.0761207 0.0725795 0.0672108 0.060668 0.0535508 0.0463653 0.0394801 0.0331042 0.0273038 0.0220556 0.0173174 0.0130846 0.00940718 0.00636294 0.00400629
 0.00881225 0.0143126 0.0215291 0.0303725 0.0405059 0.0511903 0.0612592 0.0694049 0.0746582 0.0767019 0.0758105 0.072558 0.067563 0.0613836 0.0545081 0.047362 0.0403033 0.0336066 0.0274482 0.0219086 0.0170027 0.0127262 0.00909137 0.00612792 0.00385333
 0.00878006 0.0142434 0.021395 0.0301394 0.040145 0.0506942 0.0606528 0.068744 0.0740139 0.0761431 0.0753958 0.0723404 0.0675936 0.0617002 0.055109 0.0481819 0.041214 0.0344515 0.0280971 0.022301 0.0171575 0.0127157 0.00900058 0.00602256 0.00376823
 0.00887552 0.0143683 0.0215259 0.0302334 0.0401482 0.0505576 0.0603486 0.0682761 0.0734202 0.0754893 0.0747641 0.0718139 0.0672427 0.0615743 0.0552309 0.0485411 0.0417589 0.0350913 0.0287205 0.0228109 0.0175015 0.0128964 0.00905973 0.00601436 0.00373657
 0.00869137 0.0141397 0.0213099 0.0301195 0.0402247 0.0508625 0.0608348 0.0688165 0.0738555 0.0756919 0.0746834 0.0714842 0.0667593 0.0610571 0.0547907 0.0482564 0.0416633 0.0351697 0.0289172 0.0230495 0.0177121 0.0130379 0.00912649 0.00602596 0.00372036
 0.00873509 0.0141644 0.0212666 0.0299475 0.0398835 0.0503729 0.0602983 0.0683879 0.0736721 0.0757994 0.0750107 0.0718843 0.0670871 0.061234 0.0548233 0.0482113 0.0416228 0.0351936 0.0290236 0.0232168 0.017897 0.0131981 0.0092381 0.00608722 0.00374439
 0.00873582 0.0141788 0.021309 0.0300305 0.0400044 0.0504997 0.0603705 0.0683411 0.0734793 0.0755011 0.0747033 0.0716682 0.0670104 0.0612721 0.0549078 0.0482804 0.0416551 0.0352069 0.0290499 0.0232756 0.0179846 0.0132943 0.00932101 0.00614445 0.00377573
 0.00881095 0.0143019 0.0214964 0.0302978 0.0403628 0.0509485 0.0608871 0.0688731 0.0739474 0.0758167 0.0747995 0.0715294 0.0666809 0.0608348 0.0544453 0.0478451 0.0412662 0.0348679 0.028765 0.0230528 0.0178279 0.0131972 0.00926761 0.00611706 0.00376097
 0.00861849 0.0140198 0.0211299 0.0298741 0.0399267 0.0505535 0.0605865 0.0687125 0.0739558 0.0759958 0.0751164 0.0719216 0.067075 0.061172 0.0546987 0.0480196 0.0413835 0.0349502 0.0288275 0.0231046 0.0178744 0.0132408 0.00930744 0.00615009 0.00378484
 0.00863712 0.0140142 0.0210571 0.0296776 0.0395582 0.0500033 0.0599058 0.0680097 0.0733625 0.075622 0.0750166 0.0720862 0.0674438 0.0616585 0.0552158 0.0485 0.04179 0.0352738 0.029077 0.0232951 0.0180201 0.0133518 0.00939026 0.00620932 0.00382436
 0.00863281 0.0140257 0.0211057 0.0297862 0.0397353 0.0502243 0.0601058 0.0681014 0.0732771 0.0753499 0.07462 0.0716729 0.0671187 0.0614827 0.0551933 0.0485909 0.0419377 0.035429 0.0292104 0.0233971 0.0180934 0.0134038 0.0094275 0.00623591 0.00384267
 0.00864256 0.0140403 0.0211264 0.0298167 0.0397837 0.0503042 0.0602313 0.0682752 0.0734772 0.0755259 0.0747092 0.0716313 0.0669481 0.0612332 0.0549382 0.0483917 0.0418211 0.0353868 0.0292154 0.0234215 0.0181193 0.013424 0.0094416 0.00624555 0.00384934
 0.00875523 0.0142316 0.0214276 0.0302577 0.0403814 0.0510466 0.0610663 0.0691142 0.0742158 0.0760707 0.0749967 0.0716327 0.0666679 0.060709 0.0542396 0.0476109 0.0410516 0.0347007 0.0286501 0.0229828 0.0177935 0.0131906 0.00928095 0.00614058 0.00378521
 0.00864427 0.0140557 0.0211736 0.0299225 0.0399796 0.0506185 0.0606797 0.0688524 0.0741514 0.0762358 0.0753671 0.0721351 0.0672048 0.061188 0.0545959 0.0478196 0.041127 0.0346834 0.0285882 0.0229143 0.0177387 0.0131546 0.00926019 0.00612968 0.00377984
 0.00866843 0.0140781 0.0211761 0.0298777 0.0398588 0.0504037 0.0603762 0.0684951 0.0738 0.0759619 0.075234 0.0721773 0.0674147 0.0615165 0.054969 0.0481631 0.041389 0.0348457 0.0286629 0.0229302 0.0177263 0.0131354 0.0092447 0.00612025 0.00377515
 0.00889753 0.014423 0.0216422 0.0304475 0.0404913 0.0510374 0.0609346 0.0688974 0.0739809 0.075894 0.0749416 0.071731 0.0669075 0.0610327 0.05456 0.0478395 0.0411311 0.0346232 0.0284538 0.0227292 0.0175414 0.0129789 0.00912457 0.00603693 0.00372287
 0.00906536 0.0147026 0.0220735 0.0310658 0.0413122 0.0520367 0.0620325 0.0699624 0.0748588 0.0764515 0.0751029 0.0714945 0.0663386 0.0602412 0.0536694 0.0469571 0.0403284 0.0339318 0.0278758 0.0222537 0.0171572 0.0126784 0.00890172 0.00588289 0.00362493
 0.00898172 0.014612 0.0220212 0.0311232 0.0415591 0.0525317 0.0627853 0.0709203 0.0759141 0.0774626 0.0759242 0.0720074 0.066478 0.06001 0.0531337 0.0462242 0.0395153 0.0331371 0.0271642 0.0216559 0.0166792 0.012313 0.00863601 0.00570108 0.00350934
 0.00871837 0.0141696 0.0213351 0.0301402 0.0402689 0.0510064 0.0612027 0.0695427 0.0750136 0.0772259 0.0763866 0.0730478 0.0678715 0.0615037 0.0545151 0.0473618 0.0403654 0.0337233 0.027545 0.0218941 0.0168251 0.0124005 0.00868627 0.00572797 0.00352236
 0.00883123 0.014351 0.0216001 0.0304908 0.0406815 0.0514206 0.0615235 0.0696677 0.0748818 0.0768604 0.075899 0.0725929 0.0675765 0.0614153 0.0545926 0.0475115 0.0404915 0.0337664 0.0274934 0.0217724 0.016672 0.0122507 0.00856119 0.00563541 0.00346066
 0.00857293 0.0139508 0.0210367 0.0297632 0.039815 0.0504705 0.0605742 0.0688191 0.0742231 0.0764463 0.0757438 0.0726878 0.06791 0.0619768 0.0553553 0.0484147 0.0414412 0.0346595 0.0282488 0.022351 0.017077 0.0125122 0.00871842 0.00572411 0.00350771
 0.00831758 0.0135396 0.0204268 0.0289223 0.0387333 0.0491776 0.0591537 0.0674073 0.072985 0.0755342 0.0752592 0.0726627 0.0683128 0.0627342 0.0563768 0.0496065 0.0427088 0.0359073 0.0293872 0.0233116 0.0178255 0.013051 0.00907757 0.00594619 0.00363522
 0.00822654 0.0133674 0.0201235 0.0284273 0.037991 0.0481625 0.0578935 0.0659921 0.0715539 0.0742481 0.0742698 0.0720852 0.0682072 0.0630972 0.0571475 0.0506834 0.0439709 0.0372322 0.0306636 0.024449 0.0187635 0.0137658 0.00957974 0.00627089 0.00382817
 0.00844484 0.0136999 0.020579 0.0289905 0.0386163 0.0487699 0.0583714 0.0662146 0.0714165 0.0737086 0.0733744 0.0709633 0.0670374 0.0620595 0.0563809 0.0502598 0.0438908 0.0374376 0.0310613 0.0249359 0.0192486 0.0141846 0.00990029 0.00649055 0.00396349
 0.0085997 0.0139986 0.0211118 0.0298604 0.0399016 0.0504696 0.0603609 0.0682453 0.0731704 0.0748864 0.0737769 0.0705373 0.0658786 0.0603806 0.0544548 0.0483558 0.0422192 0.0361192 0.0301253 0.024341 0.0189145 0.0140229 0.00983604 0.00647192 0.0039613
 0.00827547 0.0134625 0.0202963 0.028719 0.038445 0.0488076 0.0587213 0.0669351 0.072475 0.0749522 0.0745466 0.0717771 0.0672777 0.0616656 0.0554672 0.0490695 0.0427066 0.0364913 0.0304759 0.0247151 0.0193075 0.0144006 0.0101604 0.0067197 0.00412974
 0.00827114 0.0134694 0.0203287 0.0287893 0.0385489 0.0489103 0.0587585 0.066841 0.0722288 0.0746115 0.0742351 0.0716227 0.0673396 0.0619008 0.0557581 0.049292 0.0427922 0.036448 0.0303661 0.024612 0.0192583 0.0144143 0.0102176 0.00679164 0.00419391
#obs surv len freq
 nan nan nan nan nan nan nan nan nan nan nan nan nan nan nan nan nan nan nan nan nan nan nan nan nan
 0.00448368 0.0073449 0.0111752 0.0159926 0.0216951 0.0279729 0.034289 0.0400215 0.0447012 0.0481641 0.0505203 0.052014 0.0529041 0.0534145 0.0537271 0.0539807 0.0542584 0.0545505 0.0546889 0.0542807 0.0527187 0.0493512 0.0438015 0.0362823 0.0276669
 0.00461539 0.00756001 0.0115005 0.0164527 0.0223067 0.0287354 0.0351757 0.0409766 0.0456471 0.0490162 0.0512028 0.0524715 0.0531072 0.0533609 0.0534376 0.0534915 0.0536123 0.0537901 0.0538531 0.0534064 0.0518446 0.0485201 0.0430578 0.0356637 0.027194
 0.00477616 0.00782432 0.0119037 0.0170294 0.0230836 0.0297203 0.0363455 0.0422725 0.0469812 0.050286 0.0523073 0.0533228 0.0536394 0.0535358 0.0532474 0.0529578 0.0527797 0.0527172 0.0526058 0.0520549 0.0504643 0.0471914 0.0418608 0.0346643 0.0264288
 0.00496453 0.00813237 0.0123709 0.0176939 0.0239758 0.0308514 0.0376954 0.0437844 0.048567 0.0518409 0.0537235 0.0544996 0.0544897 0.0539917 0.0532669 0.0525285 0.051921 0.0514786 0.0510625 0.0503039 0.0486207 0.0453824 0.0402121 0.0332785 0.0253637
 0.00518106 0.00848592 0.0129059 0.0184529 0.0249915 0.0321341 0.0392203 0.0454865 0.0503501 0.0535946 0.0553391 0.0558784 0.0555448 0.0546488 0.0534663 0.0522308 0.0511133 0.0501821 0.0493384 0.0482556 0.0463915 0.043144 0.0381402 0.03152 0.0240039
 0.00541816 0.00887336 0.0134927 0.0192861 0.0261071 0.0335434 0.040895 0.0473536 0.0523023 0.0555106 0.0571025 0.0573883 0.0567172 0.0554142 0.053767 0.0520199 0.0503599 0.0488813 0.0475264 0.0460233 0.0438905 0.0405752 0.0357228 0.0294438 0.0223857
 0.00566416 0.00927667 0.014106 0.0201606 0.027283 0.0350341 0.0426712 0.0493376 0.0543787 0.0575487 0.0589772 0.0589922 0.0579641 0.0562372 0.0541133 0.051847 0.0496344 0.0475871 0.0456808 0.0436995 0.0412332 0.0377964 0.0330681 0.027137 0.0205719
 0.00590479 0.00967339 0.0147134 0.0210334 0.0284653 0.036543 0.0444793 0.051367 0.0565116 0.0596495 0.060915 0.0606537 0.0592587 0.057096 0.0544857 0.0516949 0.0489286 0.0463105 0.0438431 0.0413611 0.0385271 0.0349317 0.0302999 0.0247074 0.0186457
 0.00615622 0.0100827 0.0153306 0.0219061 0.0296307 0.0380145 0.0462322 0.0533314 0.0585808 0.0616979 0.062817 0.0622967 0.0605492 0.0579617 0.0548736 0.0515669 0.0482576 0.0450812 0.0420632 0.0390835 0.0358738 0.0321012 0.027543 0.0222691 0.0166993
 0.00637274 0.0104426 0.0158868 0.0227124 0.0307306 0.0394237 0.0479218 0.0552234 0.0605614 0.0636418 0.0646076 0.0638363 0.061759 0.0587793 0.0552496 0.0514628 0.0476443 0.0439412 0.0404014 0.0369463 0.0333714 0.0294174 0.0249138 0.0199303 0.014822
 0.00661004 0.010828 0.0164665 0.0235298 0.031819 0.0407942 0.0495492 0.0570399 0.0624629 0.0655057 0.0663132 0.0652792 0.0628598 0.0594835 0.0555232 0.0512839 0.046997 0.0428157 0.0388038 0.0349181 0.0310116 0.0268922 0.0224396 0.0177259 0.0130481
 0.00683883 0.0112024 0.0170343 0.0243361 0.0328965 0.0421483 0.051144 0.0587947 0.0642661 0.0672376 0.0678656 0.0665653 0.0638144 0.0600612 0.0556955 0.0510353 0.0463206 0.0417116 0.0372847 0.0330248 0.0288329 0.0245754 0.0201765 0.0157112 0.0114262
 0.00706733 0.0115794 0.0176116 0.0251641 0.034013 0.0435606 0.0528116 0.0606247 0.0661273 0.0689885 0.069381 0.0677517 0.0646145 0.0604491 0.0556679 0.050602 0.0454961 0.040513 0.0357365 0.0311722 0.0267589 0.0224102 0.0180869 0.0138651 0.00994682
 0.00727169 0.011912 0.0181129 0.0258726 0.0349585 0.044753 0.0542281 0.062203 0.0677712 0.0705821 0.0708071 0.068907 0.065421 0.0608606 0.0556693 0.0502026 0.0447201 0.0393916 0.0343075 0.0294882 0.0249 0.0204921 0.0162521 0.0122543 0.00866133
 0.00745316 0.0122129 0.0185761 0.0265406 0.035863 0.0459 0.0555839 0.0636919 0.0692885 0.0720169 0.0720609 0.0699021 0.0661006 0.0611879 0.055627 0.0497928 0.0439623 0.0383186 0.0329639 0.0279329 0.0232133 0.018779 0.0146347 0.0108489 0.00754841
 0.00754274 0.0123623 0.0188086 0.0268823 0.0363398 0.0465316 0.0563757 0.0646278 0.0703284 0.0730997 0.073111 0.0708401 0.0668533 0.0616963 0.0558502 0.0497087 0.043567 0.0376263 0.0320067 0.0267634 0.0219061 0.0174299 0.0133511 0.0097298 0.00666114
 0.00758458 0.0124249 0.0188939 0.0269906 0.0364736 0.0466998 0.0565956 0.0649233 0.0707227 0.0736054 0.0737208 0.0715214 0.0675502 0.0623371 0.0563602 0.0500224 0.0436375 0.037431 0.0315504 0.0260786 0.0210535 0.0164934 0.0124261 0.00890497 0.00599808
 0.00766729 0.0125493 0.0190618 0.0271965 0.0367054 0.0469413 0.0568304 0.065139 0.0709165 0.0737878 0.0739143 0.0717508 0.0678285 0.0626545 0.0566809 0.0502909 0.0437922 0.0374196 0.0313431 0.0256766 0.0204913 0.015834 0.0117487 0.00828603 0.0054931
 0.00774069 0.0126666 0.0192341 0.0274306 0.0370007 0.0472853 0.0571959 0.0654868 0.0712059 0.0739902 0.0740238 0.0717859 0.0678237 0.0626457 0.05669 0.0503157 0.0438056 0.0373786 0.031205 0.0254161 0.0201118 0.0153699 0.0112558 0.00782491 0.00511063
 0.00777967 0.0127265 0.0193178 0.0275394 0.0371345 0.0474434 0.0573763 0.0656841 0.0714088 0.0741813 0.0741829 0.0718972 0.0678825 0.062661 0.0566803 0.0502987 0.0437866 0.0373456 0.0311324 0.0252772 0.0198941 0.0150839 0.010934 0.00751042 0.00484132
 0.0078407 0.0128163 0.0194355 0.0276781 0.037283 0.04759 0.0575117 0.0658029 0.0715093 0.074265 0.0742516 0.0719504 0.0679169 0.0626725 0.0566675 0.0502652 0.0437385 0.037285 0.0310535 0.0251678 0.0197434 0.0148922 0.0107169 0.00729392 0.00465185
 0.00784378 0.0128237 0.0194509 0.0277053 0.0373243 0.0476437 0.0575706 0.0658565 0.071549 0.0742881 0.0742643 0.0719635 0.06794 0.0627091 0.0567136 0.0503122 0.0437771 0.0373077 0.0310536 0.0251387 0.0196799 0.0147947 0.0105945 0.00716337 0.00453186
 0.00787332 0.012863 0.0194942 0.0277428 0.0373456 0.0476431 0.0575508 0.0658274 0.071522 0.0742711 0.0742588 0.0719678 0.0679526 0.0627303 0.0567446 0.0503519 0.0438206 0.0373472 0.0310799 0.0251437 0.0196583 0.0147463 0.010525 0.00708408 0.00445574
 0.00787249 0.0128628 0.0194955 0.0277458 0.037349 0.047642 0.0575376 0.0657944 0.0714669 0.0742006 0.0741879 0.0719135 0.0679278 0.0627394 0.0567842 0.050414 0.0438955 0.0374244 0.0311492 0.0251956 0.0196862 0.0147479 0.0105039 0.00704822 0.00441529
 0.00790337 0.0129051 0.0195445 0.0277927 0.0373834 0.0476564 0.0575299 0.0657678 0.0714262 0.0741496 0.0741291 0.071851 0.0678686 0.0626932 0.0567596 0.050415 0.04392 0.0374653 0.0311963 0.0252387 0.0197168 0.0147614 0.0105004 0.00703216 0.00439332
 0.00792762 0.012943 0.0195985 0.0278628 0.0374657 0.0477421 0.0576054 0.0658172 0.0714373 0.0741187 0.0740626 0.0717622 0.0677725 0.0626029 0.0566846 0.0503615 0.0438907 0.0374586 0.0312068 0.0252579 0.019736 0.0147739 0.0105031 0.00702617 0.00438217
 0.00792564 0.0129409 0.0195974 0.0278646 0.0374726 0.0477561 0.0576267 0.0658437 0.0714636 0.0741374 0.0740662 0.0717469 0.0677399 0.0625595 0.0566399 0.0503246 0.0438679 0.0374525 0.0312156 0.025277 0.0197586 0.0147937 0.0105161 0.00703145 0.0043814
 0.007886 0.0128774 0.0195041 0.0277375 0.0373123 0.0475697 0.0574303 0.0656606 0.0713192 0.0740515 0.0740473 0.0717904 0.0678315 0.0626811 0.0567752 0.0504622 0.0440017 0.0375797 0.0313345 0.0253848 0.0198518 0.014869 0.0105717 0.00706814 0.00440262
 0.00786938 0.0128424 0.0194368 0.027621 0.0371317 0.04732 0.0571233 0.0653261 0.0709991 0.0737891 0.073877 0.0717305 0.0678825 0.0628272 0.0569896 0.0507147 0.0442651 0.0378336 0.0315659 0.0255862 0.0200194 0.0150012 0.0106694 0.00713485 0.00444411
 0.00786514 0.0128352 0.0194247 0.0276003 0.0370957 0.0472583 0.0570232 0.0651771 0.0707999 0.0735533 0.0736341 0.0715188 0.0677382 0.0627733 0.0570306 0.0508373 0.0444447 0.0380417 0.0317773 0.025782 0.0201878 0.0151365 0.0107708 0.00720523 0.00448889
 0.00783134 0.0127828 0.0193507 0.0275041 0.036979 0.0471254 0.0568804 0.0650315 0.0706568 0.0734156 0.0735034 0.0714005 0.0676442 0.0627214 0.0570384 0.0509142 0.0445868 0.0382326 0.0319927 0.0259971 0.0203823 0.0152979 0.0108941 0.00729196 0.00454481
 0.00780901 0.0127413 0.0192791 0.02739 0.0368128 0.0469065 0.0566215 0.0647586 0.0704023 0.073208 0.07336 0.0713251 0.0676308 0.0627614 0.0571255 0.0510461 0.0447617 0.0384443 0.0322278 0.0262365 0.0206056 0.0154887 0.0110435 0.00739902 0.00461482
 0.00777943 0.0126921 0.0192027 0.0272783 0.0366581 0.0467042 0.0563734 0.0644756 0.0701059 0.0729279 0.0731288 0.0711704 0.0675687 0.0627927 0.0572389 0.0512238 0.0449855 0.0386981 0.0324965 0.0265039 0.0208546 0.0157039 0.0112149 0.00752393 0.00469781
 0.00774728 0.0126409 0.0191279 0.0271759 0.0365256 0.0465412 0.0561824 0.0642631 0.0698818 0.0727055 0.0729245 0.0710033 0.0674582 0.0627547 0.0572809 0.0513426 0.0451683 0.0389264 0.0327495 0.0267612 0.0210978 0.0159171 0.0113875 0.00765213 0.00478452
 0.00935188 0.0148861 0.0218355 0.0299563 0.0388913 0.0480878 0.0567317 0.0638889 0.068825 0.0712508 0.0713106 0.0693918 0.0659447 0.0613916 0.0560963 0.0503493 0.044367 0.038307 0.0322934 0.0264436 0.020891 0.0157934 0.011321 0.00762111 0.00477282
 0.00933408 0.0151547 0.0227642 0.0320083 0.0424176 0.0530544 0.0625473 0.0695011 0.0730947 0.0734015 0.0711838 0.0673878 0.0627445 0.0576659 0.05234 0.0468563 0.0412799 0.0356783 0.0301275 0.0247193 0.0195706 0.0148271 0.0106505 0.00718379 0.00450698
 0.00898856 0.0146122 0.0220054 0.0310855 0.0415082 0.0524966 0.062799 0.0709761 0.0759143 0.0772101 0.0751937 0.0706776 0.0646427 0.057983 0.0513376 0.0450303 0.0391278 0.0335641 0.028258 0.0231804 0.0183744 0.0139465 0.0100385 0.00678479 0.00426482
 0.00878865 0.0142781 0.0214869 0.0303343 0.0404972 0.0512544 0.0614524 0.0697772 0.0752176 0.0773738 0.0764208 0.0728688 0.0673656 0.0606133 0.053309 0.0460489 0.0392293 0.0330129 0.0273841 0.0222545 0.0175601 0.0133112 0.00958658 0.00648861 0.00408574
 0.00872759 0.0141697 0.0213059 0.0300486 0.0400722 0.0506619 0.060685 0.0688668 0.0742544 0.0765189 0.0758939 0.0728925 0.0680694 0.0619394 0.0549904 0.0476963 0.0404893 0.0337035 0.0275303 0.0220231 0.0171544 0.0128912 0.00924059 0.00624333 0.00393133
 0.00870393 0.0141275 0.0212345 0.0299344 0.0398985 0.0504114 0.0603427 0.0684244 0.0737167 0.0759142 0.0752872 0.0723928 0.0678161 0.062059 0.0555318 0.0485819 0.0415231 0.0346453 0.0281963 0.0223505 0.0171975 0.0127651 0.00905762 0.00607675 0.00381085
 0.00869147 0.0141091 0.0212101 0.0299037 0.0398599 0.0503592 0.0602661 0.0683078 0.0735429 0.0756704 0.0749735 0.072032 0.0674616 0.061793 0.0554448 0.0487351 0.0419092 0.0351771 0.0287377 0.0227761 0.0174438 0.0128423 0.00902361 0.00599723 0.00373217
 0.00869017 0.0141055 0.0212019 0.0298884 0.0398351 0.0503243 0.0602223 0.0682563 0.0734822 0.075594 0.0748701 0.0718913 0.0672838 0.061598 0.0552753 0.0486467 0.0419475 0.0353512 0.0290083 0.0230698 0.0176868 0.0129931 0.00908268 0.00599376 0.00370141
 0.00867051 0.0140783 0.0211698 0.0298561 0.0398083 0.0503063 0.0602124 0.0682504 0.0734745 0.075579 0.0748434 0.0718483 0.0672205 0.0615132 0.0551775 0.048557 0.0418965 0.0353662 0.0290968 0.0232117 0.0178426 0.013123 0.00916463 0.00602854 0.0037045
 0.0086729 0.0140783 0.0211628 0.0298365 0.0397716 0.0502528 0.060149 0.068189 0.0734273 0.0755527 0.0748365 0.0718528 0.0672252 0.061509 0.0551599 0.0485292 0.0418704 0.0353586 0.0291221 0.023273 0.0179279 0.0132108 0.00923513 0.00607243 0.00372408
 0.0086487 0.0140445 0.0211219 0.0297936 0.0397321 0.0502193 0.0601199 0.0681597 0.0733948 0.0755185 0.074807 0.0718355 0.0672241 0.0615218 0.0551798 0.0485494 0.041888 0.035377 0.0291486 0.0233133 0.0179816 0.0132703 0.00928935 0.0061129 0.00374842
 0.00864121 0.0140282 0.0210904 0.0297394 0.0396503 0.0501117 0.0599974 0.0680406 0.0732977 0.075456 0.0747819 0.0718431 0.067257 0.061573 0.0552434 0.0486194 0.0419588 0.0354449 0.0292127 0.0233752 0.0180422 0.0133279 0.00934005 0.00615244 0.00377505
 0.00864208 0.0140312 0.0210974 0.0297521 0.0396682 0.0501304 0.0600085 0.0680339 0.0732668 0.0754023 0.0747152 0.0717775 0.0672046 0.0615403 0.0552308 0.0486237 0.0419755 0.0354696 0.0292422 0.0234074 0.0180759 0.0133615 0.00937104 0.00617814 0.00379378
 0.00862389 0.0140015 0.0210528 0.0296902 0.0395891 0.0500383 0.0599118 0.0679443 0.0731948 0.0753535 0.0746898 0.0717723 0.0672167 0.061569 0.0552759 0.0486838 0.0420467 0.0355463 0.0293189 0.0234795 0.0181403 0.0134164 0.00941542 0.00621171 0.00381711
 0.00863031 0.0140131 0.0210721 0.0297195 0.0396291 0.0500862 0.0599606 0.0679842 0.0732163 0.0753516 0.0746647 0.071729 0.0671623 0.0615105 0.0552202 0.0486368 0.0420127 0.0355273 0.0293139 0.0234856 0.0181536 0.013433 0.00943227 0.0062265 0.00382856
 0.00863031 0.0140131 0.0210721 0.0297195 0.0396291 0.0500862 0.0599606 0.0679842 0.0732163 0.0753516 0.0746647 0.071729 0.0671623 0.0615105 0.0552202 0.0486368 0.0420127 0.0355273 0.0293139 0.0234856 0.0181536 0.013433 0.00943227 0.0062265 0.00382856
 0.00874592 0.0141956 0.0213358 0.030072 0.0400674 0.0505916 0.0604953 0.0684925 0.0736347 0.0756244 0.0747584 0.0716386 0.0669099 0.0611371 0.0547751 0.0481681 0.0415603 0.0351196 0.0289676 0.0232071 0.0179415 0.0132805 0.00932912 0.00616142 0.00379053
 0.00860866 0.0139926 0.0210686 0.0297574 0.0397355 0.0502813 0.0602482 0.0683469 0.0736169 0.0757399 0.0749875 0.0719401 0.0672329 0.0614353 0.0550178 0.0483437 0.0416739 0.0351858 0.0290036 0.0232273 0.0179552 0.0132922 0.00933993 0.00617095 0.00379811
 0.00862993 0.014009 0.0210605 0.0296979 0.0396004 0.0500638 0.0599698 0.0680557 0.073373 0.0755941 0.0749655 0.0720378 0.0674218 0.061673 0.0552604 0.0485562 0.0418361 0.0352938 0.0290656 0.0232573 0.0179671 0.0132962 0.00934189 0.00617292 0.00380029
 0.00881102 0.0142971 0.0214796 0.0302592 0.0402918 0.0508389 0.0607433 0.068716 0.0738146 0.0757546 0.0748463 0.0716962 0.0669418 0.0611346 0.0547203 0.0480447 0.041365 0.0348662 0.0286842 0.0229271 0.0176938 0.013083 0.00918668 0.00606841 0.00373562
 0.00893345 0.0145114 0.0218293 0.030791 0.0410411 0.0518069 0.0618769 0.0699031 0.0749033 0.0765897 0.0753093 0.0717339 0.0665758 0.0604491 0.0538336 0.0470762 0.04041 0.0339872 0.0279145 0.0222807 0.0171735 0.0126841 0.00889826 0.00587371 0.00361405
 0.00897673 0.0145869 0.0219537 0.0309862 0.0413333 0.0522225 0.0624338 0.0705993 0.0757047 0.0774241 0.0760718 0.0723078 0.0668642 0.0604043 0.0534706 0.0464652 0.0396519 0.0331845 0.0271498 0.0216077 0.0166189 0.0122543 0.00858559 0.00566148 0.0034807
 0.00866687 0.0140986 0.0212508 0.0300538 0.0401909 0.0509392 0.0611387 0.0694714 0.0749359 0.0771637 0.0763782 0.0731292 0.0680532 0.0617599 0.0547921 0.0476 0.0405214 0.0337826 0.0275195 0.0218121 0.016718 0.0122939 0.00859555 0.00565928 0.00347529
 0.00890275 0.0144311 0.0216555 0.0304726 0.0405435 0.0511459 0.0611428 0.0692553 0.0745281 0.0766387 0.0758439 0.0727001 0.0678152 0.0617411 0.0549546 0.0478578 0.0407761 0.0339593 0.027587 0.0217808 0.0166232 0.0121754 0.00848397 0.00557093 0.00341413
 0.00858958 0.0139676 0.0210417 0.0297361 0.0397286 0.050297 0.0602952 0.068439 0.0737794 0.0760105 0.0754052 0.0725238 0.0679571 0.0622188 0.0557336 0.0488519 0.0418643 0.0350142 0.0285061 0.0225066 0.0171463 0.0125217 0.00869593 0.0056916 0.0034783
 0.00844491 0.0136978 0.0205755 0.0289959 0.0386611 0.0489149 0.0587055 0.0668307 0.0723681 0.0749681 0.0748177 0.0723954 0.0682451 0.0628663 0.0566811 0.0500298 0.0431825 0.0363637 0.0297742 0.0236014 0.0180149 0.0131558 0.00912261 0.00595665 0.00363044
 0.00834289 0.0135321 0.0203239 0.0286315 0.0381502 0.0482202 0.0577984 0.0657147 0.0711028 0.0736784 0.0736743 0.071568 0.0678515 0.0629446 0.0571951 0.0508951 0.0442915 0.0375997 0.0310206 0.024752 0.0189898 0.0139133 0.00966177 0.00630792 0.00383974
 0.00849285 0.0137648 0.0206518 0.0290541 0.0386486 0.0487496 0.0582836 0.0660533 0.0711848 0.0734196 0.0730531 0.0706473 0.0667721 0.061888 0.056331 0.0503365 0.0440751 0.037693 0.0313433 0.0252027 0.0194698 0.0143459 0.0100031 0.00654688 0.00398913
 0.00870495 0.0141247 0.0212189 0.0298859 0.0397793 0.0501597 0.0598745 0.0676475 0.0725592 0.0743603 0.0734057 0.0703495 0.065865 0.0605087 0.0546858 0.0486559 0.0425625 0.0364829 0.0304858 0.0246734 0.0191968 0.0142415 0.00998906 0.00656789 0.00401477
 0.00827171 0.013462 0.0203038 0.0287373 0.0384672 0.0488105 0.0586654 0.0667783 0.0721966 0.0745738 0.0741332 0.0714141 0.0670366 0.061579 0.0555253 0.0492362 0.0429397 0.0367553 0.0307449 0.0249695 0.0195314 0.0145821 0.0102945 0.00680888 0.00418266
 0.00846558 0.0137228 0.0205959 0.0289936 0.0386084 0.0487761 0.0584419 0.0664099 0.0717747 0.0742098 0.0739236 0.0714077 0.0672144 0.0618593 0.0557963 0.0494011 0.0429553 0.0366427 0.0305701 0.0248073 0.0194318 0.0145575 0.0103264 0.00686688 0.00424073
#pred catch len freq
