SBPRF35
9.77681
Curr Bio
513967
B35
725396
F35
0.190956
FOFL
0.130612
OFL
54090.9
Bzero
2.79337e+006
#pred survey bio
 4.13988e+006 3.96085e+006 3.78589e+006 3.57682e+006 3.32943e+006 3.03301e+006 2.7525e+006 2.4551e+006 2.17604e+006 1.93298e+006 1.7146e+006 1.49991e+006 1.33999e+006 1.19918e+006 1.06599e+006 954734 849564 743802 695643 663687 638160 612433 593949 589177 589692 578317 569799 571461 562953 550730 552260 554259 556403 552783 547012 533981 522283 514179 514090 512643 515615 525709 534354 540395 551085 561234 564466 566175 564240 575145 584090 594513 633666 594949 595131 572487 548814 544925 556304 546026 517663 507739 539175 564034 559239 518376 1.79106e+007 1.10036e+007 1.15888e+007 1.27384e+007 1.41954e+007 1.56955e+007 1.70701e+007 1.82396e+007 1.91857e+007 1.99249e+007 2.04889e+007 2.09122e+007 2.12267e+007 2.14589e+007 2.163e+007 2.1756e+007 2.1849e+007 2.1918e+007 2.19694e+007 2.20078e+007 2.20368e+007 2.20587e+007 2.20754e+007 2.20882e+007 2.2098e+007 2.21056e+007 2.21115e+007 2.2116e+007 2.21196e+007 2.21224e+007 2.21246e+007 2.21263e+007 2.21277e+007 2.21287e+007 2.21296e+007 2.21303e+007 2.21308e+007 2.21312e+007 2.21315e+007 2.21318e+007 2.2132e+007 2.21322e+007 2.21323e+007 2.21324e+007 2.21325e+007 2.21326e+007 2.21326e+007 2.21327e+007 2.21327e+007 2.21327e+007 2.21327e+007 2.21328e+007 2.21328e+007 2.21328e+007 2.21328e+007 2.21328e+007 2.21328e+007 2.21328e+007 2.21328e+007 2.21328e+007 2.21328e+007 2.21328e+007 2.21328e+007 2.21328e+007 2.21328e+007 2.21328e+007 2.21328e+007 2.21328e+007 2.21328e+007 2.21328e+007 2.21328e+007 2.21328e+007 2.21328e+007 2.21328e+007 2.21328e+007 2.21328e+007 2.21328e+007 2.21328e+007 2.21328e+007 2.21328e+007 2.21328e+007 2.21328e+007 2.21328e+007 2.21328e+007 2.21328e+007 2.21328e+007 2.21328e+007 2.21328e+007 2.21328e+007 2.21328e+007 2.21328e+007 2.21328e+007 2.21328e+007 2.21328e+007 2.21328e+007 2.21328e+007 2.21328e+007 2.21328e+007 2.21328e+007 2.21328e+007 0 0 0 0 0 0 0 0 0 0 0 0 0 0 0 0 0 0 0 0 0 0 0 0 0
#obs survey bio
 3.46287e+006 3.32281e+006 4.40353e+006 2.99651e+006 4.37072e+006 1.98018e+006 2.19307e+006 1.71392e+006 2.5848e+006 1.63683e+006 1.56168e+006 1.41739e+006 1.03685e+006 956630 922365 1.19595e+006 874510 575227 476463 684638 551298 735899 377225 472542 739009 457097 513775 524234 509606 469463 382274 472395 397912 407788 591161 488719 465929 561159 491067 413314 541780 468363 457006 520582 740205 589462 809000 675929 430724 651458 556189 949072 582367 727598 516075 547994 597003 710104 630687 577146 566063 444816 532197 761815 505689 455503
#pred catch bio
 99358.3 98610.9 138394 187723 252178 260684 299823 305664 292450 285797 294387 254975 245251 243133 225632 218074 212325 157487 140674 132551 130117 121892 109576 104849 113335 108827 99057 106563 108138 95874.6 95427.4 94470 97201.5 95253.3 96915.6 93632.3 92205.2 88276.4 91134 88078.8 82935.9 85282.2 88411.1 85441.7 86715.1 92394.6 92766.9 95154.2 84958 88314.4 88294.4 65455.3 130032 94582.6 112964 111715 94032.7 81549.2 99371.8 112708 95962.3 62451.9 69668.5 94355.1 122635 91183 54090.9 78556.3 81575.2 88632.6 98507.9 108860 118272 126139 132353 137065 140530 143020 144778 146002 146844 147419 147808 148071 148247 148364 148443 148495 148529 148552 148567 148577 148584 148588 148591 148593 148594 148595 148596 148596 148596 148596 148596 148596 148596 148596 148596 148597 148597 148597 148597 148597 148597 148597 148597 148597 148597 148597 148597 148597 148597 148597 148597 148597 148597 148597 148597 148597 148597 148597 148597 148597 148597 148597 148597 148597 148597 148597 148597 148597 148597 148597 148597 148597 148597 148597 148597 148597 148597 148597 148597 148597 148597 148597 148597 148597 148597 148597 148597 148597 148597 148597 148597 148597 148597 148597 0 0 0 0 0 0 0 0 0 0 0 0 0 0 0 0 0 0 0 0 0 0 0 0 0
#obs catch bio
 0 98428.1 138683 188389 253584 262195 303155 310063 296528 290062 298622 258670 249132 247438 230623 223232 217135 159573 143117 134080 131814 123176 111191 106600 114660 110070 99960.7 107516 109409 96780.2 97095.3 95774.6 98851.1 96658.8 97276 93875.2 92676.8 88256.2 90842.5 87909.6 82589.7 85123.6 88469 85390.8 86656.4 92437.2 92127.1 94358.6 84427.2 87967.9 88554.2 64747.6 130499 93791.2 112194 110750 93302.9 80740.8 98222.5 111410 95306.8 61909 69214.8 93476.1 121962 90995.1
#pred cpue bio
 4.08685e+006 3.91062e+006 3.73758e+006 3.52916e+006 3.28247e+006 2.98705e+006 2.7073e+006 2.41105e+006 2.13333e+006 1.89165e+006 1.67474e+006 1.46169e+006 1.30281e+006 1.16302e+006 1.031e+006 921155 818200 715136 668278 637268 612526 587510 569449 564709 565412 554684 546579 548349 540166 528273 529733 531816 534283 531352 526606 514570 502693 493580 492843 491475 494540 504441 512821 518635 529043 539058 542467 544385 542487 552892 561393 571614 610315 572753 572751 550586 527435 523571 534847 525036 497182 487206 518064 542908 538361 498092 1.72095e+007 1.05815e+007 1.10368e+007 1.2048e+007 1.34589e+007 1.49488e+007 1.63215e+007 1.74907e+007 1.84367e+007 1.9176e+007 1.97399e+007 2.01632e+007 2.04777e+007 2.07099e+007 2.0881e+007 2.1007e+007 2.11001e+007 2.1169e+007 2.12204e+007 2.12588e+007 2.12878e+007 2.13097e+007 2.13264e+007 2.13392e+007 2.1349e+007 2.13566e+007 2.13625e+007 2.13671e+007 2.13706e+007 2.13734e+007 2.13756e+007 2.13773e+007 2.13787e+007 2.13798e+007 2.13806e+007 2.13813e+007 2.13818e+007 2.13822e+007 2.13826e+007 2.13828e+007 2.1383e+007 2.13832e+007 2.13833e+007 2.13834e+007 2.13835e+007 2.13836e+007 2.13836e+007 2.13837e+007 2.13837e+007 2.13837e+007 2.13838e+007 2.13838e+007 2.13838e+007 2.13838e+007 2.13838e+007 2.13838e+007 2.13838e+007 2.13838e+007 2.13838e+007 2.13838e+007 2.13838e+007 2.13838e+007 2.13838e+007 2.13838e+007 2.13838e+007 2.13838e+007 2.13838e+007 2.13838e+007 2.13838e+007 2.13838e+007 2.13838e+007 2.13838e+007 2.13838e+007 2.13838e+007 2.13838e+007 2.13838e+007 2.13838e+007 2.13838e+007 2.13838e+007 2.13838e+007 2.13838e+007 2.13838e+007 2.13838e+007 2.13838e+007 2.13838e+007 2.13838e+007 2.13838e+007 2.13838e+007 2.13838e+007 2.13838e+007 2.13838e+007 2.13838e+007 2.13838e+007 2.13838e+007 2.13838e+007 2.13838e+007 2.13838e+007 2.13838e+007 2.13838e+007 2.13838e+007 0 0 0 0 0 0 0 0 0 0 0 0 0 0 0 0 0 0 0 0 0 0 0 0 0
#obs cpue bio
 3.08474e+006 3.4687e+006 2.35951e+006 3.23444e+006 3.07176e+006 2.82391e+006 2.40873e+006 2.27787e+006 1.59229e+006 1.82186e+006 2.1182e+006 1.02836e+006 1.35928e+006 1.17454e+006 677917 543868 748327 801992 591929 704926 560966 465804 486163 445893 640714 568386 501846 619875 447745 495644 362010 627618 512248 638461 1.03355e+006 555112 460466 613794 707599 564759 556136 508666 520671 558363 402373 506807 689980 620216 590688 480994 399676 602059 591400 583686 872477 722163 516190 492481 688781 581281 429474 564939 563982 565387 567867 360116
#pred surv len freq
 0.00506533 0.00817053 0.0121982 0.0171008 0.0227521 0.0288802 0.0350318 0.0406694 0.0453686 0.0489593 0.0515132 0.0532291 0.0543256 0.054983 0.0553211 0.0553947 0.0552039 0.0547043 0.0537932 0.052264 0.0497751 0.0459164 0.0404175 0.0334108 0.0255521
 0.00533127 0.00850397 0.0125217 0.0172933 0.0226961 0.0285291 0.0344531 0.0400264 0.0448433 0.0486616 0.051434 0.0532635 0.0543434 0.0549029 0.0551502 0.0552208 0.0551485 0.0548597 0.0541706 0.05278 0.0502854 0.046282 0.0405657 0.0333575 0.025376
 0.00555057 0.0088699 0.0130825 0.0180801 0.0236937 0.0296451 0.035511 0.0408105 0.0451871 0.0485302 0.0509388 0.0525918 0.0536548 0.0542665 0.0545569 0.0546447 0.0546002 0.0543915 0.0538372 0.0525905 0.0501866 0.0461859 0.0404017 0.0331097 0.0250823
 0.00574542 0.00918374 0.0135512 0.0187395 0.0245768 0.0307709 0.0368633 0.042311 0.046681 0.049806 0.0517871 0.0528836 0.0533911 0.0535645 0.0535831 0.0535452 0.053472 0.0532954 0.0528185 0.0516805 0.0493913 0.0454848 0.0397669 0.0325313 0.0245759
 0.00598957 0.00956882 0.0141094 0.0194945 0.0255428 0.0319499 0.0382398 0.0438459 0.0483063 0.051419 0.0532467 0.0540197 0.0540391 0.0536177 0.0530352 0.0524912 0.0520684 0.0517065 0.0511806 0.050091 0.047913 0.0441549 0.0386077 0.031559 0.0238033
 0.00630326 0.010066 0.0148337 0.020478 0.0268003 0.0334711 0.0399808 0.0457274 0.0502246 0.0532634 0.054911 0.0553998 0.0550254 0.0540973 0.052914 0.0517304 0.0507106 0.0498738 0.0490435 0.0478293 0.0456864 0.0420912 0.0368019 0.0300731 0.0226636
 0.00657154 0.0104997 0.015482 0.0213856 0.0279998 0.034971 0.0417511 0.0476937 0.0522762 0.0552728 0.0567536 0.0569655 0.0562193 0.0548339 0.0531135 0.0513259 0.0496704 0.048228 0.0468985 0.0453571 0.0430954 0.0395895 0.0345658 0.0282242 0.0212558
 0.00686026 0.0109636 0.0161705 0.0223427 0.0292579 0.0365402 0.0436064 0.0497667 0.0544598 0.0574363 0.0587607 0.0586894 0.0575522 0.0556896 0.0534244 0.0510386 0.0487483 0.0466676 0.0447535 0.0427574 0.0402437 0.0367321 0.0319437 0.0260232 0.0195712
 0.00714313 0.0114167 0.0168403 0.0232695 0.0304704 0.0380467 0.0453832 0.051752 0.0565586 0.0595332 0.060735 0.0604245 0.0589418 0.0566417 0.0538631 0.0509039 0.047997 0.0452816 0.0427593 0.0402499 0.0373997 0.0337964 0.0291834 0.0236641 0.0177449
 0.00742787 0.0118666 0.0174938 0.0241554 0.0316054 0.0394306 0.046992 0.0535329 0.058433 0.0614077 0.0625115 0.0620084 0.0602442 0.0575813 0.0543659 0.0509035 0.0474383 0.0441293 0.041016 0.037981 0.0347522 0.0309952 0.026493 0.0213247 0.0159101
 0.00774477 0.0123656 0.0182148 0.0251246 0.0328317 0.0408998 0.04866 0.0553242 0.0602505 0.0631501 0.0640895 0.0633505 0.0612948 0.0582937 0.054696 0.0508057 0.0468658 0.0430427 0.0394021 0.0358792 0.0322789 0.0283472 0.0239172 0.0190576 0.0141129
 0.00814592 0.0129971 0.0191264 0.0263475 0.0343723 0.0427309 0.0507104 0.0574774 0.0623596 0.0650664 0.0656899 0.0645532 0.0620602 0.0586153 0.054585 0.0502745 0.045917 0.0416693 0.0376024 0.0336843 0.029782 0.0257156 0.021371 0.0168159 0.0123305
 0.00847761 0.0135181 0.0198766 0.027353 0.035642 0.0442518 0.0524398 0.0593374 0.0642424 0.0668483 0.0672499 0.0657884 0.0628971 0.0590147 0.0545393 0.0497978 0.0450312 0.0403943 0.0359588 0.031711 0.0275606 0.0233854 0.019117 0.0148261 0.0107415
 0.00878472 0.0140078 0.0205953 0.0283363 0.0369067 0.045785 0.0541874 0.0612027 0.0660996 0.0685671 0.0687168 0.0669167 0.0636282 0.059316 0.0544022 0.0492345 0.0440686 0.0390679 0.03431 0.0297948 0.0254611 0.021227 0.0170568 0.0130213 0.00930551
 0.0089523 0.0143029 0.0210811 0.0290843 0.0379797 0.0472094 0.0559278 0.0631539 0.0681049 0.0704531 0.0703271 0.0681346 0.0643844 0.0595862 0.0541975 0.0485894 0.0430301 0.0376884 0.0326472 0.0279172 0.0234576 0.0192137 0.0151693 0.0113894 0.0080185
 0.00889627 0.01425 0.0210741 0.0291921 0.0382868 0.0477945 0.0568401 0.0643945 0.0696178 0.0721265 0.0720079 0.0696539 0.0655907 0.0603721 0.0545117 0.048432 0.0424379 0.0367195 0.0313714 0.0264148 0.0218237 0.0175603 0.0136177 0.0100497 0.00696395
 0.00892742 0.0142976 0.0211421 0.029288 0.0384274 0.0480125 0.0571842 0.0649196 0.0703648 0.0730987 0.0731551 0.0708743 0.0667488 0.0613277 0.055149 0.048679 0.0422729 0.0361659 0.0304864 0.0252794 0.0205363 0.0162317 0.0123608 0.00896218 0.00610822
 0.00929647 0.0148434 0.0218623 0.0301439 0.0393537 0.0489355 0.0580381 0.0656578 0.0709655 0.0735679 0.0735207 0.0711693 0.0669896 0.0614992 0.055205 0.0485586 0.041923 0.0355606 0.0296365 0.0242327 0.0193705 0.0150432 0.011249 0.0080105 0.0053669
 0.00938466 0.0149815 0.0220591 0.0304011 0.0396623 0.049273 0.0583689 0.0659411 0.0711714 0.0736936 0.0735966 0.0712479 0.0671217 0.0617087 0.0554746 0.0488311 0.0421184 0.0356013 0.029472 0.0238548 0.0188159 0.0143834 0.0105714 0.00739567 0.00486994
 0.00946259 0.0150926 0.022198 0.030554 0.0398122 0.0494071 0.0584832 0.0660382 0.0712545 0.073762 0.0736478 0.0712849 0.0671598 0.0617722 0.0555837 0.0489853 0.0422875 0.035731 0.0295028 0.0237453 0.0185604 0.0140148 0.0101494 0.00698626 0.0045245
 0.00953784 0.0152077 0.0223569 0.0307537 0.0400417 0.049647 0.0587074 0.0662186 0.0713695 0.073804 0.0736252 0.0712179 0.0670718 0.0616856 0.0555174 0.0489514 0.0422857 0.0357432 0.0294953 0.023681 0.018416 0.013793 0.00987921 0.00671053 0.00428282
 0.00968945 0.0154349 0.0226627 0.0311278 0.0404625 0.0500861 0.0591322 0.0665936 0.0716589 0.073977 0.0736639 0.0711231 0.0668641 0.0614005 0.0551964 0.0486332 0.0419975 0.035496 0.0292827 0.0234842 0.0182144 0.0135762 0.00965285 0.00649341 0.00409647
 0.0098334 0.0156529 0.0229606 0.0314991 0.0408891 0.0505407 0.0595803 0.0669967 0.0719795 0.0741864 0.0737465 0.0710775 0.0667011 0.0611407 0.0548685 0.0482705 0.0416334 0.0351566 0.0289818 0.0232221 0.0179824 0.0133649 0.00945909 0.00632161 0.00395478
 0.00966314 0.0154185 0.0226861 0.0312331 0.0406908 0.0504576 0.0596311 0.0671673 0.0722337 0.0744813 0.0740444 0.0713498 0.0669279 0.0613092 0.0549727 0.0483122 0.0416221 0.0351072 0.0289098 0.0231389 0.0178939 0.0132731 0.00936626 0.00623283 0.00387699
 0.00952055 0.0151851 0.022335 0.0307459 0.0400711 0.0497461 0.0589127 0.0665586 0.0718477 0.0743863 0.074241 0.0717785 0.0674981 0.0619301 0.055573 0.0488457 0.0420653 0.0354542 0.0291663 0.023317 0.0180073 0.0133351 0.00938943 0.00622984 0.00386006
 0.00959001 0.0152805 0.0224449 0.0308454 0.0401249 0.0497164 0.0587707 0.0662974 0.0714928 0.0739973 0.0738985 0.0715568 0.0674377 0.0620253 0.0557799 0.0491048 0.0423226 0.0356738 0.029332 0.0234277 0.0180704 0.0133615 0.00939086 0.00621674 0.00384114
 0.00962425 0.0153356 0.0225258 0.030954 0.0402563 0.049855 0.058888 0.0663554 0.0714553 0.0738457 0.0736447 0.0712459 0.067136 0.0617976 0.0556669 0.0491105 0.0424188 0.0358163 0.0294788 0.0235504 0.0181569 0.0134124 0.00941338 0.00622063 0.00383533
 0.00958944 0.0152766 0.0224331 0.0308193 0.0400764 0.0496368 0.058651 0.066128 0.0712645 0.0737062 0.0735547 0.0711938 0.0671131 0.0618075 0.0557246 0.0492317 0.0426068 0.0360553 0.0297382 0.0237963 0.0183632 0.0135668 0.00951677 0.00628221 0.00386746
 0.00962638 0.0153373 0.0225249 0.0309471 0.0402387 0.0498218 0.0588345 0.0662777 0.0713502 0.0737104 0.0734778 0.0710501 0.0669234 0.061594 0.0555103 0.0490411 0.0424625 0.0359713 0.0297143 0.0238181 0.0184088 0.0136157 0.00955599 0.00630737 0.00388034
 0.00976436 0.0155408 0.0227927 0.0312648 0.0405837 0.0501697 0.0591636 0.0665679 0.0715794 0.0738539 0.0735129 0.0709643 0.0667208 0.0612965 0.0551529 0.0486636 0.042103 0.0356602 0.02947 0.0236449 0.0182984 0.0135519 0.00952156 0.00628889 0.00386968
 0.00963107 0.0153551 0.0225703 0.0310388 0.0403942 0.0500482 0.0591215 0.0665968 0.0716611 0.0739715 0.0736547 0.0711203 0.0668772 0.0614355 0.0552581 0.0487273 0.0421294 0.0356629 0.0294656 0.0236466 0.0183117 0.0135748 0.00954788 0.00631243 0.00388695
 0.00944411 0.0150709 0.0221807 0.0305538 0.0398438 0.0494821 0.0586058 0.0662028 0.0714473 0.073964 0.0738391 0.0714504 0.0672941 0.0618838 0.0556945 0.0491218 0.0424648 0.0359342 0.0296782 0.0238112 0.01844 0.0136751 0.00962477 0.0063684 0.00392456
 0.0091733 0.0146632 0.0216283 0.0298718 0.0390678 0.0486621 0.0578024 0.0654861 0.0708915 0.0736358 0.0737812 0.0716689 0.0677545 0.0625201 0.0564255 0.04987 0.0431689 0.0365551 0.0301974 0.0242268 0.0187601 0.013913 0.00979456 0.00648363 0.00399792
 0.00880809 0.0141166 0.0208942 0.0289773 0.0380674 0.0476266 0.0568094 0.064614 0.0702126 0.0732069 0.0736362 0.0718153 0.068175 0.0631741 0.0572517 0.0507925 0.0441085 0.0374418 0.0309805 0.0248785 0.0192737 0.0142968 0.0100663 0.00666491 0.00411104
 0.00877894 0.0140209 0.0206632 0.028524 0.0373161 0.0465562 0.0554869 0.0631922 0.0688872 0.0721559 0.0729752 0.0715847 0.0683546 0.0637053 0.0580559 0.0517811 0.0451892 0.0385255 0.0319902 0.0257577 0.019991 0.0148457 0.0104596 0.00692813 0.00427472
 0.00958765 0.0151667 0.0220715 0.0300095 0.0386239 0.0474342 0.0557551 0.0627824 0.067852 0.0706562 0.071246 0.0698826 0.0668973 0.062629 0.0574045 0.0515239 0.0452495 0.0388069 0.0323951 0.0262004 0.0204063 0.0151933 0.0107237 0.00711131 0.00439101
 0.0101937 0.01614 0.0235045 0.0319546 0.0410513 0.0501847 0.0585143 0.0651195 0.0693361 0.0710022 0.0704132 0.0680749 0.0644772 0.059999 0.0549069 0.0493857 0.0435736 0.0375951 0.0315848 0.0257002 0.0201227 0.0150468 0.0106553 0.00708293 0.00438079
 0.0100418 0.0159985 0.0234878 0.0322378 0.0418281 0.0515944 0.0605671 0.0676559 0.0720359 0.0734453 0.0721777 0.0688501 0.0641552 0.0587027 0.0529397 0.0471258 0.0413644 0.0356731 0.0300618 0.0245848 0.0193601 0.0145564 0.0103572 0.00691116 0.00428702
 0.00977503 0.0155851 0.0229106 0.0315137 0.041028 0.0508592 0.0601063 0.0677045 0.07277 0.0748862 0.0741406 0.070976 0.0660189 0.059951 0.0533989 0.0468361 0.0405342 0.0345837 0.0289689 0.0236574 0.0186678 0.0140926 0.0100749 0.00675375 0.00420614
 0.00972085 0.015481 0.0227246 0.0312071 0.0405672 0.0502364 0.0593625 0.0669457 0.0721618 0.074621 0.0743768 0.0717664 0.0672625 0.0614018 0.0547417 0.0477991 0.0409816 0.0345441 0.0285929 0.0231369 0.018162 0.0136918 0.00980254 0.00659147 0.00412028
 0.00976287 0.0155311 0.0227652 0.0312074 0.0404873 0.0500363 0.0590148 0.0664476 0.0715487 0.0739752 0.0738257 0.0714577 0.0673169 0.0618571 0.0555184 0.0487154 0.0418187 0.0351309 0.0288642 0.0231364 0.0179975 0.0134756 0.00961151 0.00645688 0.00404061
 0.00977157 0.0155405 0.0227696 0.0311968 0.0404467 0.0499468 0.0588559 0.0662012 0.0712064 0.0735474 0.0733506 0.0710061 0.0669839 0.0617384 0.0556738 0.0491344 0.0424116 0.0357571 0.0293879 0.0234779 0.0181523 0.0134946 0.00956289 0.00639425 0.00399138
 0.00974777 0.0155101 0.0227391 0.031176 0.0404449 0.0499665 0.0588874 0.0662227 0.0711884 0.0734623 0.0731827 0.070761 0.0666943 0.0614631 0.055485 0.0490932 0.0425398 0.0360226 0.0297145 0.0237791 0.0183675 0.0136079 0.00959551 0.00638254 0.00396622
 0.0097221 0.0154731 0.0226925 0.0311255 0.0403997 0.0499376 0.0588848 0.0662515 0.0712445 0.0735293 0.0732335 0.0707661 0.0666343 0.06134 0.0553272 0.0489486 0.0424581 0.036033 0.0298119 0.0239264 0.0185158 0.0137196 0.00965754 0.00640352 0.00396397
 0.00959513 0.015284 0.0224405 0.0308222 0.0400668 0.0496032 0.0585797 0.0660067 0.0710874 0.0734778 0.0732898 0.0709131 0.0668391 0.0615636 0.0555376 0.0491322 0.0426218 0.0361955 0.0299885 0.0241167 0.0187029 0.0138805 0.00977599 0.00647713 0.00400191
 0.00941221 0.015009 0.0220686 0.0303652 0.0395514 0.0490665 0.0580657 0.0655628 0.0707585 0.0732975 0.0732736 0.0710556 0.0671155 0.0619351 0.0559589 0.0495607 0.0430266 0.036562 0.0303149 0.024406 0.0189546 0.0140889 0.0099352 0.00658658 0.00406851
 0.00935817 0.014915 0.0219166 0.0301366 0.0392334 0.0486619 0.0575999 0.0650831 0.0703233 0.0729608 0.0730722 0.0710043 0.0672095 0.0621541 0.0562719 0.0499306 0.0434164 0.0369407 0.0306616 0.02471 0.0192113 0.0142966 0.0100937 0.00669827 0.0041399
 0.00948065 0.0150814 0.0221059 0.030307 0.0393324 0.048642 0.0574348 0.0647756 0.0699051 0.0724857 0.0726054 0.0706091 0.0669341 0.0620229 0.0562834 0.0500628 0.0436344 0.037206 0.0309393 0.024973 0.0194424 0.0144866 0.0102398 0.00680238 0.00420788
 0.00967675 0.0153801 0.0225161 0.0308188 0.0399133 0.0492364 0.0579656 0.0651555 0.0700577 0.0723716 0.0722382 0.070053 0.0662831 0.0613746 0.0557163 0.0496236 0.0433371 0.0370379 0.0308723 0.024974 0.019481 0.0145398 0.0102922 0.00684569 0.00423911
 0.00967208 0.0153826 0.0225386 0.0308792 0.04003 0.0494194 0.0582088 0.0654319 0.0703221 0.0725698 0.0723214 0.0699926 0.0660827 0.0610706 0.0553681 0.0492949 0.0430777 0.036873 0.0308011 0.0249772 0.019531 0.0146096 0.0103617 0.00690322 0.00428056
 0.00949012 0.0151278 0.0222315 0.030566 0.0397712 0.049271 0.0582051 0.065578 0.0705955 0.072926 0.0727016 0.0703335 0.0663296 0.0611915 0.0553625 0.0491931 0.042929 0.0367281 0.0306965 0.0249275 0.0195309 0.0146423 0.0104078 0.00694792 0.00431579
 0.0092936 0.0148218 0.0217983 0.0300044 0.0391035 0.0485498 0.0575149 0.0650239 0.0702753 0.0728977 0.0729617 0.0708205 0.0669459 0.0618335 0.0559457 0.0496674 0.0432824 0.0369788 0.0308779 0.0250718 0.0196583 0.0147586 0.0105097 0.00702975 0.00437495
 0.00900623 0.0143553 0.0210991 0.0290283 0.0378308 0.0470075 0.0557972 0.0632956 0.0687472 0.0717791 0.0724096 0.0709021 0.0676253 0.062985 0.0573891 0.0512136 0.0447734 0.038311 0.0320035 0.025985 0.0203761 0.0153056 0.0109104 0.00730821 0.00455571
 0.00943449 0.0150129 0.0220126 0.0301852 0.0391699 0.0484121 0.0570965 0.0642877 0.0692498 0.0716923 0.0717572 0.0698258 0.0663366 0.0616971 0.0562598 0.050318 0.044111 0.0378357 0.0316583 0.0257263 0.0201796 0.0151608 0.0108112 0.00724689 0.00452215
 0.00927853 0.0148055 0.0217865 0.0300009 0.0391006 0.0485171 0.0573958 0.064748 0.0697874 0.0721915 0.0721008 0.0699327 0.0661912 0.0613567 0.0558316 0.0499168 0.043818 0.0376783 0.0316176 0.0257594 0.0202445 0.0152289 0.0108688 0.00729035 0.00455251
 0.00938761 0.0149628 0.0219878 0.0302344 0.0393565 0.0487996 0.0577273 0.0651576 0.070287 0.0727511 0.0726413 0.0703427 0.0663652 0.0612359 0.0554285 0.0493116 0.0431282 0.0370176 0.031063 0.0253405 0.0199532 0.0150384 0.0107501 0.00721956 0.00451263
 0.0095596 0.015226 0.0223524 0.0306958 0.0398944 0.0493782 0.0582994 0.0656738 0.0707103 0.0730682 0.0728597 0.0704723 0.0663978 0.0611398 0.0551666 0.0488701 0.0425365 0.0363453 0.0303961 0.0247522 0.0194846 0.0146971 0.0105202 0.00707544 0.00442838
 0.00945615 0.01508 0.0221741 0.0305097 0.0397332 0.0492733 0.0582716 0.0657296 0.0708436 0.0732655 0.0731054 0.0707525 0.0666974 0.0614364 0.0554253 0.0490479 0.0425986 0.0362831 0.0302339 0.0245377 0.0192687 0.014516 0.0103888 0.00699125 0.00438005
 0.00929855 0.0148222 0.0217852 0.0299661 0.0390304 0.0484417 0.0573864 0.0649046 0.0702032 0.0729078 0.0730749 0.0710354 0.067236 0.0621495 0.0562249 0.0498493 0.0433281 0.0368864 0.0306849 0.0248413 0.0194534 0.01462 0.0104458 0.00702395 0.00440025
 0.00949725 0.0151109 0.0221542 0.0303801 0.0394327 0.0487651 0.0575674 0.0648976 0.0699961 0.0725322 0.0726031 0.0705604 0.0668419 0.061888 0.0561066 0.0498503 0.0434034 0.0369858 0.0307668 0.0248817 0.0194493 0.0145844 0.0103979 0.00697958 0.00436746
 0.00974579 0.0155171 0.0227664 0.0312361 0.0405415 0.0500828 0.0589797 0.0662271 0.0710419 0.0731283 0.0726682 0.0701161 0.0659979 0.0608032 0.0549443 0.0487408 0.0424254 0.0361672 0.0300999 0.0243431 0.0190161 0.0142411 0.0101359 0.00679144 0.0042429
 0.0096393 0.0153746 0.0226108 0.0311128 0.0405131 0.050215 0.0593226 0.0667957 0.0717994 0.0739801 0.0734755 0.0707325 0.0663153 0.0607867 0.0546373 0.048241 0.0418458 0.0356013 0.0296038 0.0239369 0.0186964 0.0139957 0.00995262 0.00666047 0.00415525
 0.00924908 0.0147499 0.0216931 0.0298661 0.0389453 0.0484052 0.0574399 0.0650875 0.0705371 0.0733794 0.0736286 0.0715818 0.0676778 0.0624142 0.0562882 0.0497382 0.0431002 0.0366005 0.0303794 0.0245317 0.019146 0.0143252 0.0101819 0.00680933 0.00424428
 0.00928438 0.014758 0.0216131 0.0296081 0.0384106 0.0475215 0.0561983 0.0635655 0.0688979 0.0718478 0.0724458 0.0709471 0.0676921 0.0630484 0.0573945 0.0511007 0.0445033 0.0378823 0.0314538 0.0253777 0.0197817 0.0147839 0.0104982 0.00701543 0.00436951
 0.00941448 0.0149887 0.0219905 0.0301731 0.0391712 0.048419 0.0570878 0.0642364 0.0691406 0.0715375 0.0716016 0.0697337 0.0663656 0.0618717 0.0565571 0.0506734 0.0444403 0.0380645 0.0317467 0.0256767 0.0200296 0.0149639 0.0106171 0.00708807 0.00441075
 0.00933169 0.0149373 0.0220667 0.0305166 0.0399275 0.0496759 0.0588163 0.0662659 0.0711821 0.0732491 0.0726739 0.069974 0.0657554 0.0605729 0.0548577 0.0488924 0.042834 0.0367725 0.0307931 0.0250104 0.0195742 0.0146524 0.0104038 0.00694494 0.00431923
#obs surv len freq
 nan nan nan nan nan nan nan nan nan nan nan nan nan nan nan nan nan nan nan nan nan nan nan nan nan
 0.00448124 0.00734108 0.0111698 0.0159854 0.0216862 0.0279625 0.0342777 0.0400103 0.0446911 0.048156 0.0505148 0.0520115 0.0529045 0.0534174 0.0537322 0.0539874 0.0542662 0.0545592 0.054698 0.05429 0.0527279 0.0493599 0.0438092 0.0362887 0.0276718
 0.00461226 0.00755522 0.0114938 0.0164442 0.0222964 0.0287238 0.0351632 0.040964 0.0456351 0.0490056 0.0511945 0.0524661 0.053105 0.053362 0.0534418 0.0534985 0.0536216 0.0538011 0.0538652 0.053419 0.0518573 0.0485321 0.0430686 0.0356726 0.0272009
 0.00477983 0.00782907 0.0119086 0.0170329 0.023084 0.0297164 0.0363372 0.0422608 0.0469677 0.0502724 0.0522949 0.0533125 0.0536315 0.0535306 0.0532452 0.0529587 0.0527834 0.0527235 0.0526141 0.0520645 0.0504744 0.0472014 0.0418698 0.0346719 0.0264346
 0.00497203 0.00814445 0.0123887 0.0177183 0.0240064 0.0308863 0.0377311 0.0438157 0.0485892 0.051851 0.0537211 0.0544869 0.0544699 0.0539683 0.0532425 0.0525049 0.0518993 0.0514592 0.0510455 0.050289 0.0486077 0.0453711 0.0402025 0.0332709 0.025358
 0.0051866 0.00849453 0.0129181 0.0184691 0.0250118 0.0321585 0.0392481 0.0455163 0.0503793 0.0536198 0.0553566 0.0558854 0.0555404 0.0546343 0.0534446 0.0522053 0.0510869 0.0501569 0.0493154 0.0482352 0.0463738 0.0431288 0.0381277 0.0315101 0.0239966
 0.00541108 0.00886415 0.013483 0.019279 0.0261059 0.0335506 0.0409111 0.0473771 0.0523305 0.0555402 0.0571306 0.057412 0.0567339 0.0554221 0.0537653 0.0520096 0.0503433 0.0488614 0.0475058 0.046004 0.0438734 0.0405609 0.0357112 0.0294349 0.0223792
 0.00566034 0.00926927 0.0140929 0.0201396 0.027253 0.0349968 0.0426316 0.0493034 0.0543578 0.0575457 0.0589921 0.0590208 0.058 0.0562738 0.0541456 0.0518718 0.0496509 0.0475961 0.0456846 0.0437006 0.0412337 0.0377972 0.0330696 0.0271389 0.0205737
 0.00589875 0.00966314 0.0146971 0.0210089 0.0284306 0.0364966 0.0444216 0.0513012 0.0564441 0.0595894 0.0608717 0.0606344 0.0592658 0.0571266 0.0545327 0.0517497 0.0489837 0.0463612 0.0438875 0.0413993 0.0385604 0.0349607 0.0303251 0.0247282 0.0186617
 0.00612566 0.0100362 0.0152667 0.0218255 0.0295359 0.0379094 0.0461216 0.0532212 0.0584775 0.0616087 0.062749 0.0622565 0.0605419 0.0579894 0.0549342 0.0516539 0.0483614 0.0451919 0.0421729 0.0391869 0.0359679 0.0321843 0.0276135 0.0223259 0.016742
 0.00637873 0.0104478 0.0158863 0.0226993 0.0306981 0.0393684 0.0478461 0.0551352 0.060471 0.0635584 0.0645371 0.0637813 0.0617216 0.0587619 0.055255 0.0514923 0.0476963 0.0440107 0.0404809 0.0370283 0.0334498 0.0294876 0.0249732 0.0199776 0.014857
 0.00661572 0.0108367 0.0164782 0.0235434 0.0318314 0.0407998 0.0495405 0.0570094 0.0624069 0.0654272 0.0662216 0.0651878 0.0627809 0.0594258 0.055491 0.0512782 0.0470167 0.0428578 0.0388631 0.0349876 0.0310838 0.0269605 0.0224991 0.0177736 0.0130834
 0.0068547 0.0112286 0.0170741 0.0243924 0.0329706 0.042238 0.0512422 0.058889 0.0643407 0.0672774 0.067861 0.0665152 0.0637269 0.0599514 0.0555806 0.0509306 0.0462363 0.0416526 0.0372507 0.0330121 0.0288355 0.0245867 0.0201909 0.0157249 0.0114371
 0.00707502 0.0115936 0.017636 0.0252033 0.0340713 0.0436401 0.0529105 0.0607363 0.0662405 0.0690891 0.0694543 0.0677856 0.0646019 0.0603912 0.0555739 0.0504869 0.0453771 0.0404046 0.035648 0.031107 0.0267155 0.022384 0.0180726 0.0138581 0.00994358
 0.00727602 0.011922 0.0181334 0.02591 0.0350191 0.0448407 0.054342 0.0623367 0.0679131 0.0707181 0.0709224 0.0689882 0.0654577 0.0608472 0.0556068 0.050099 0.0445893 0.0392504 0.0341719 0.0293697 0.0248046 0.0204204 0.0162014 0.0122203 0.00863971
 0.00740834 0.0121419 0.0184733 0.0264036 0.035695 0.0457121 0.0553969 0.0635336 0.069187 0.0719918 0.0721163 0.0700264 0.0662705 0.0613748 0.0558045 0.0499415 0.0440727 0.0383914 0.0330071 0.0279576 0.0232294 0.0187929 0.0146487 0.0108625 0.00756009
 0.00752903 0.0123345 0.018757 0.0267948 0.0362058 0.0463474 0.0561497 0.064382 0.0700949 0.072913 0.073 0.0708211 0.0669266 0.0618461 0.0560495 0.0499264 0.0437751 0.037806 0.0321501 0.0268717 0.021986 0.0174892 0.0133956 0.00976312 0.00668521
 0.00757861 0.0124147 0.0188772 0.0269639 0.0364316 0.0466352 0.0565008 0.0647932 0.0705593 0.0734215 0.07354 0.0713735 0.0674625 0.0623262 0.0564269 0.0501519 0.0438048 0.0376086 0.0317157 0.0262183 0.0211632 0.0165753 0.0124851 0.00894627 0.00602595
 0.00764446 0.0125139 0.0190118 0.0271312 0.0366256 0.0468492 0.0567293 0.0650326 0.070808 0.0736794 0.073809 0.0716545 0.0677529 0.0626148 0.0566909 0.0503571 0.0439093 0.0375718 0.0315086 0.025835 0.020628 0.0159425 0.0118289 0.0083418 0.00552962
 0.00773403 0.0126514 0.0192032 0.0273754 0.0369137 0.0471643 0.0570474 0.0653257 0.0710509 0.0738581 0.0739246 0.071722 0.067793 0.062646 0.0567213 0.0503805 0.0439051 0.037509 0.0313556 0.0255717 0.0202567 0.0154925 0.0113506 0.00789242 0.005155
 0.00776935 0.012711 0.0192968 0.0275123 0.0370998 0.0473978 0.0573145 0.0656015 0.071305 0.0740631 0.0740639 0.0717935 0.0678077 0.0626225 0.0566792 0.0503324 0.0438516 0.0374374 0.0312446 0.0254003 0.0200162 0.0151936 0.0110234 0.00757656 0.00488582
 0.00782277 0.0127898 0.0194007 0.0276368 0.0372387 0.0475462 0.057471 0.065766 0.0714744 0.0742281 0.0742089 0.0719011 0.0678653 0.0626273 0.0566387 0.0502604 0.043761 0.0373341 0.0311247 0.0252538 0.0198349 0.0149795 0.0107918 0.00735179 0.00469214
 0.00784599 0.0128238 0.0194446 0.0276871 0.0372894 0.0475907 0.0575039 0.0657856 0.0714848 0.0742389 0.0742322 0.0719452 0.0679296 0.0627018 0.0567089 0.0503135 0.04379 0.0373366 0.0310997 0.0251991 0.0197485 0.0148636 0.0106562 0.00721295 0.00456754
 0.00788359 0.0128797 0.0195189 0.0277759 0.0373856 0.047685 0.0575863 0.0658464 0.071517 0.0742406 0.0742085 0.0719075 0.0678919 0.0626752 0.0566975 0.0503134 0.0437922 0.0373313 0.031079 0.0251583 0.0196859 0.0147815 0.0105616 0.00711647 0.00448073
 0.00789274 0.0128947 0.0195415 0.0278076 0.0374262 0.0477322 0.0576348 0.0658889 0.0715458 0.074251 0.0742002 0.0718848 0.0678627 0.0626487 0.0566813 0.050311 0.0438015 0.0373455 0.031089 0.0251557 0.0196656 0.0147432 0.0105097 0.007059 0.00442643
 0.00788857 0.0128844 0.0195199 0.0277683 0.0373645 0.0476484 0.0575363 0.0657898 0.0714623 0.0741956 0.0741783 0.0718948 0.0678988 0.0627044 0.0567509 0.0503904 0.0438865 0.0374306 0.0311668 0.0252184 0.0197073 0.0147616 0.0105074 0.00704232 0.00440343
 0.00790604 0.0129071 0.0195432 0.0277839 0.0373621 0.0476187 0.0574744 0.0656975 0.0713491 0.074077 0.0740727 0.0718188 0.0678624 0.0627092 0.0567913 0.0504569 0.0439687 0.0375188 0.0312525 0.0252938 0.019766 0.0148003 0.0105264 0.00704577 0.00439735
 0.00789303 0.0128894 0.0195226 0.0277636 0.0373444 0.0476026 0.0574548 0.065666 0.0712981 0.0740048 0.0739859 0.0717314 0.0677916 0.0626695 0.0567904 0.0504939 0.044036 0.0376049 0.031345 0.0253816 0.0198406 0.0148566 0.0105632 0.00706544 0.00440467
 0.00790297 0.0128984 0.0195232 0.0277455 0.0372982 0.0475254 0.0573533 0.0655553 0.0711955 0.073922 0.0739261 0.0716916 0.0677681 0.0626623 0.0568033 0.0505311 0.0440985 0.0376883 0.0314405 0.0254783 0.0199282 0.0149279 0.0106149 0.0070985 0.00442282
 0.00786646 0.0128414 0.0194416 0.0276365 0.0371603 0.0473588 0.0571616 0.0653478 0.0709889 0.0737392 0.0737913 0.0716232 0.0677728 0.0627341 0.0569277 0.0506915 0.0442799 0.0378788 0.0316293 0.025655 0.0200834 0.0150544 0.0107099 0.00716338 0.00446285
 0.00785564 0.01282 0.0194028 0.0275717 0.0370623 0.0472248 0.0569964 0.0651635 0.0708018 0.0735657 0.073646 0.0715186 0.0677194 0.0627387 0.056991 0.0508064 0.0444335 0.038055 0.0318124 0.0258313 0.0202415 0.0151863 0.0108114 0.00723504 0.00450875
 0.00783557 0.0127886 0.0193574 0.0275102 0.0369826 0.0471249 0.0568751 0.0650223 0.0706464 0.0734073 0.0734993 0.0713995 0.0676416 0.0627115 0.0570182 0.0508862 0.0445585 0.0382129 0.0319878 0.0260079 0.0204049 0.0153257 0.010921 0.00731394 0.00456051
 0.00778527 0.0127067 0.0192344 0.0273385 0.0367591 0.0468552 0.0565761 0.0647209 0.0703738 0.0731902 0.0733546 0.0713336 0.0676528 0.0627938 0.0571628 0.0510827 0.0447941 0.0384728 0.0322554 0.0262661 0.0206381 0.0155219 0.0110742 0.0074241 0.00463302
 0.00777856 0.0126894 0.0191966 0.0272668 0.0366401 0.0466805 0.0563473 0.0644523 0.0700899 0.0729213 0.0731301 0.0711763 0.0675762 0.0628004 0.0572465 0.0512313 0.0449928 0.0387051 0.0325038 0.0265127 0.0208662 0.0157182 0.0112302 0.00753821 0.00470927
 0.00774656 0.0126409 0.0191298 0.0271813 0.0365355 0.0465549 0.0561972 0.0642748 0.0698872 0.0727035 0.0729167 0.0709926 0.067447 0.0627442 0.0572712 0.0513334 0.0451598 0.038919 0.0327439 0.0267583 0.021098 0.0159207 0.0113935 0.00765909 0.00479098
 0.00934061 0.0148711 0.0218191 0.0299429 0.0388861 0.048095 0.0567527 0.0639214 0.0688637 0.0712887 0.0713408 0.0694099 0.0659493 0.0613846 0.0560812 0.0503298 0.0443462 0.0382871 0.0322757 0.0264295 0.020881 0.0157877 0.0113191 0.0076218 0.00477479
 0.00930222 0.0151042 0.0226911 0.0319108 0.0422976 0.0529195 0.0624113 0.0693827 0.0730123 0.0733674 0.0712003 0.0674472 0.0628329 0.0577685 0.0524444 0.0469543 0.0413674 0.0357538 0.030191 0.0247716 0.0196126 0.01486 0.0106755 0.00720189 0.00451936
 0.00899621 0.0146186 0.0220041 0.0310669 0.0414624 0.0524176 0.0626885 0.0708451 0.0757805 0.0770936 0.075112 0.0706415 0.0646541 0.0580356 0.0514189 0.0451263 0.0392261 0.0336559 0.0283383 0.0232474 0.0184281 0.0139879 0.010069 0.00680617 0.0042789
 0.00879175 0.0142854 0.0215015 0.0303593 0.0405331 0.0512965 0.0614893 0.0697934 0.0751998 0.0773174 0.0763336 0.0727685 0.0672736 0.0605468 0.0532765 0.0460496 0.0392554 0.0330538 0.0274299 0.022298 0.0175974 0.0133408 0.00960858 0.00650402 0.00409585
 0.00872936 0.0141717 0.0213072 0.0300486 0.0400709 0.0506608 0.060687 0.068874 0.0742659 0.0765289 0.0758935 0.0728745 0.0680328 0.0618914 0.0549435 0.0476628 0.0404761 0.0337107 0.0275526 0.022053 0.017185 0.0129182 0.00926177 0.00625849 0.0039413
 0.00870996 0.0141392 0.0212557 0.029969 0.0399493 0.0504777 0.0604191 0.0685011 0.0737826 0.0759604 0.0753082 0.0723863 0.0677825 0.0620011 0.0554563 0.0484991 0.0414449 0.0345815 0.0281518 0.0223246 0.0171859 0.0127623 0.009059 0.00607937 0.00381325
 0.00867971 0.0140901 0.0211821 0.029866 0.0398137 0.0503092 0.0602204 0.0682762 0.0735338 0.075687 0.0750119 0.0720831 0.0675145 0.061838 0.0554759 0.0487506 0.041912 0.0351729 0.0287327 0.0227749 0.0174478 0.0128502 0.00903288 0.0060057 0.00373863
 0.00868413 0.0140962 0.021189 0.0298715 0.0398143 0.0502996 0.0601943 0.0682268 0.073455 0.0755744 0.0748635 0.0719009 0.0673087 0.0616329 0.0553125 0.0486789 0.0419702 0.035364 0.0290137 0.0230717 0.0176887 0.0129966 0.00908757 0.00599897 0.00370588
 0.00867841 0.0140899 0.0211848 0.0298736 0.0398265 0.0503231 0.0602258 0.0682584 0.0734755 0.0755724 0.07483 0.0718311 0.0672033 0.0615 0.0551698 0.0485539 0.0418952 0.0353637 0.0290918 0.0232049 0.0178357 0.0131178 0.00916175 0.00602772 0.00370491
 0.00865723 0.0140543 0.0211295 0.029794 0.0397214 0.0501977 0.060093 0.0681372 0.0733851 0.0755248 0.0748256 0.0718591 0.0672473 0.0615439 0.0552042 0.0485793 0.041922 0.0354076 0.0291651 0.0233078 0.0179542 0.0132298 0.00924842 0.00608153 0.00373012
 0.00866242 0.0140623 0.0211406 0.0298075 0.0397347 0.0502062 0.0600906 0.0681181 0.0733474 0.0754725 0.0747682 0.0718075 0.0672085 0.061519 0.0551885 0.0485677 0.041913 0.0354054 0.029177 0.023339 0.0180028 0.0132863 0.00930074 0.00612053 0.00375328
 0.00864471 0.0140375 0.0211104 0.0297761 0.0397074 0.0501874 0.0600817 0.0681174 0.0733502 0.0754731 0.0747623 0.0717945 0.0671916 0.0615031 0.0551784 0.0485651 0.0419173 0.0354158 0.0291942 0.0233644 0.0180365 0.0133252 0.00933876 0.00615188 0.00377487
 0.00862683 0.0140086 0.0210678 0.029718 0.0396346 0.0501044 0.0599979 0.0680451 0.0733009 0.0754534 0.0747713 0.0718248 0.0672332 0.0615478 0.0552216 0.0486058 0.0419564 0.0354544 0.029233 0.0234038 0.0180762 0.0133639 0.00937391 0.00618065 0.0037956
 0.0086344 0.0140171 0.0210733 0.0297147 0.0396159 0.0500657 0.059939 0.0679712 0.0732221 0.0753818 0.0747182 0.0717972 0.0672326 0.0615695 0.055258 0.0486488 0.0420004 0.0354967 0.0292729 0.0234415 0.0181119 0.0133969 0.00940294 0.00620425 0.00381293
 0.00863187 0.0140149 0.0210733 0.0297191 0.0396257 0.050079 0.05995 0.0679716 0.0732045 0.0753441 0.074665 0.0717392 0.0671818 0.0615357 0.0552452 0.0486554 0.0420211 0.0355252 0.0293042 0.0234727 0.0181413 0.0134236 0.00942603 0.00622293 0.00382675
 0.00863187 0.0140149 0.0210733 0.0297191 0.0396257 0.050079 0.05995 0.0679716 0.0732045 0.0753441 0.074665 0.0717392 0.0671818 0.0615357 0.0552452 0.0486554 0.0420211 0.0355252 0.0293042 0.0234727 0.0181413 0.0134236 0.00942603 0.00622293 0.00382675
 0.00854265 0.013875 0.0208732 0.0294552 0.0393036 0.049716 0.0595769 0.0676295 0.0729359 0.0751801 0.0746184 0.0718038 0.067339 0.0617613 0.0555149 0.0489471 0.0423149 0.0358043 0.0295557 0.0236881 0.0183168 0.0135594 0.00952566 0.00629168 0.00387101
 0.00827436 0.0134432 0.0202336 0.0285756 0.0381772 0.0483799 0.0581259 0.0662128 0.0717278 0.0743361 0.0742362 0.0719062 0.0678791 0.0626433 0.0566193 0.0501546 0.0435231 0.0369356 0.0305581 0.0245326 0.0189935 0.0140735 0.00989404 0.00653897 0.00402536
 0.00877509 0.0142061 0.0212827 0.0298886 0.03968 0.0499449 0.059578 0.0673517 0.072374 0.0743873 0.0737027 0.0709053 0.0665934 0.0612652 0.0553063 0.0490072 0.0425846 0.036206 0.0300126 0.0241373 0.0187152 0.0138839 0.00976979 0.00646163 0.00398018
 0.00866108 0.0140913 0.0212385 0.0300207 0.0400944 0.0506967 0.0606289 0.0685642 0.0735478 0.0753189 0.0742412 0.0709848 0.0662391 0.0605771 0.0544269 0.0480823 0.0417306 0.0354925 0.029463 0.0237415 0.0184457 0.013709 0.00966151 0.00639777 0.00394457
 0.00870981 0.0141441 0.0212739 0.0300144 0.0400413 0.050636 0.0606516 0.0687854 0.0740478 0.0760848 0.0751481 0.0718359 0.0668405 0.060808 0.0542716 0.0476178 0.0410857 0.0348006 0.0288272 0.02322 0.0180552 0.0134384 0.00948629 0.00629142 0.00388412
 0.00880708 0.0143066 0.0215238 0.0303681 0.0404979 0.051166 0.0611955 0.0692725 0.0744297 0.0763619 0.075363 0.0720325 0.0670198 0.0609145 0.0542232 0.0473563 0.0406124 0.0341778 0.0281506 0.0225822 0.0175194 0.0130306 0.00920241 0.00610947 0.00377651
 0.00881181 0.0143167 0.0215443 0.0304075 0.0405688 0.0512833 0.0613722 0.0695112 0.074716 0.0766649 0.0756474 0.0722747 0.0672145 0.0610646 0.054321 0.0473746 0.0405177 0.0339553 0.0278209 0.0221967 0.0171395 0.0127052 0.00895561 0.00594179 0.0036737
 0.00864467 0.0140532 0.0211644 0.0299023 0.0399468 0.0505787 0.0606503 0.0688644 0.074245 0.07645 0.0757244 0.0726264 0.0677806 0.0617625 0.0550654 0.0480894 0.0411401 0.0344399 0.0281469 0.0223725 0.0171991 0.0126943 0.00891566 0.00590026 0.00364273
 0.00876822 0.0142258 0.0213714 0.0301103 0.0401114 0.0506567 0.0606129 0.068705 0.073982 0.0761255 0.0753969 0.0723575 0.0676188 0.0617292 0.0551507 0.0482578 0.0413429 0.0346286 0.0282839 0.0224396 0.0171996 0.0126479 0.00884892 0.00583561 0.00359275
 0.0090085 0.0146182 0.0219615 0.030932 0.0411672 0.0518951 0.0619126 0.0698877 0.0748579 0.0765536 0.0753287 0.0718444 0.066784 0.0607255 0.0541195 0.0473024 0.0405184 0.033947 0.0277298 0.0219877 0.0168283 0.0123455 0.00861108 0.00565995 0.00347347
 0.00885418 0.0143995 0.0216939 0.0306554 0.0409417 0.0517883 0.0619837 0.0701683 0.0753348 0.0771593 0.0759527 0.0723649 0.06711 0.0608253 0.0540234 0.04708 0.0402464 0.0336842 0.0275057 0.0218071 0.0166831 0.0122263 0.00851299 0.00558234 0.00341664
 0.00845997 0.0137538 0.0207188 0.0292903 0.0391745 0.0496953 0.0597575 0.0681031 0.0737564 0.0763263 0.0759767 0.0731867 0.0685337 0.0625884 0.0558715 0.0488218 0.0417739 0.0349608 0.0285383 0.0226192 0.0173002 0.0126734 0.00881728 0.00577438 0.00352791
 0.00850966 0.0137888 0.020685 0.0291045 0.03874 0.0489327 0.058639 0.066679 0.0721638 0.0747756 0.0747116 0.0724233 0.0683966 0.0630723 0.0568488 0.0500913 0.0431271 0.0362344 0.0296358 0.0235043 0.0179762 0.0131635 0.00915276 0.00598904 0.00365489
 0.0087185 0.0141323 0.0212044 0.0298265 0.0396543 0.0499641 0.0596326 0.0674203 0.0724408 0.0744598 0.073817 0.0711123 0.0669304 0.0617275 0.055835 0.0495008 0.0429323 0.0363267 0.0298824 0.0237934 0.0182379 0.0133676 0.00929546 0.00607982 0.00370751
 0.00897911 0.0145702 0.0218878 0.0308235 0.0410108 0.0516716 0.0615954 0.0694444 0.0742573 0.0757806 0.074406 0.0708505 0.0658558 0.0600327 0.0538151 0.0474693 0.0411373 0.0349019 0.0288474 0.0230908 0.0177812 0.0130766 0.00911156 0.005965 0.00363795
#pred catch len freq
