SBPRF35
7.78865
Curr Bio
578229
B35
716839
F35
0.212226
FOFL
0.151844
OFL
63085.7
Bzero
2.22533e+06
#pred survey bio
 4.50025e+06 4.32699e+06 4.13181e+06 3.86379e+06 3.56017e+06 3.24269e+06 2.92696e+06 2.6468e+06 2.35218e+06 2.07676e+06 1.84541e+06 1.65339e+06 1.43974e+06 1.29762e+06 1.13529e+06 1.00366e+06 924741 841381 775333 716544 678284 654892 639058 615226 605851 603937 591435 589988 591206 579382 581868 583138 582377 584479 578201 556605 546078 538124 541619 550562 560709 570302 579268 597610 607590 610609 615507 618271 623741 619187 618982 584497 1.85057e+07 1.09592e+07 1.11504e+07 1.18504e+07 1.28211e+07 1.38316e+07 1.47442e+07 1.55015e+07 1.60966e+07 1.65477e+07 1.68815e+07 1.71247e+07 1.73005e+07 1.74269e+07 1.75179e+07 1.75835e+07 1.7631e+07 1.76656e+07 1.76909e+07 1.77096e+07 1.77234e+07 1.77337e+07 1.77415e+07 1.77473e+07 1.77517e+07 1.77551e+07 1.77577e+07 1.77596e+07 1.77611e+07 1.77622e+07 1.77631e+07 1.77638e+07 1.77643e+07 1.77647e+07 1.7765e+07 1.77653e+07 1.77655e+07 1.77656e+07 1.77657e+07 1.77658e+07 1.77659e+07 1.77659e+07 1.7766e+07 1.7766e+07 1.7766e+07 1.7766e+07 1.7766e+07 1.77661e+07 1.77661e+07 1.77661e+07 1.77661e+07 1.77661e+07 1.77661e+07 1.77661e+07 1.77661e+07 1.77661e+07 1.77661e+07 1.77661e+07 1.77661e+07 1.77661e+07 1.77661e+07 1.77661e+07 1.77661e+07 1.77661e+07 1.77661e+07 1.77661e+07 1.77661e+07 1.77661e+07 1.77661e+07 1.77661e+07 1.77661e+07 1.77661e+07 1.77661e+07 1.77661e+07 1.77661e+07 1.77661e+07 1.77661e+07 1.77661e+07 1.77661e+07 1.77661e+07 1.77661e+07 1.77661e+07 1.77661e+07 1.77661e+07 1.77661e+07 1.77661e+07 1.77661e+07 1.77661e+07 1.77661e+07 1.77661e+07 1.77661e+07 1.77661e+07 1.77661e+07 1.77661e+07 1.77661e+07 1.77661e+07 1.77661e+07 1.77661e+07 1.77661e+07 1.77661e+07 0 0 0 0 0 0 0 0 0 0 0 0 0 0 0 0 0 0 0 0 0 0 0 0 0
#obs survey bio
 2.15493e+06 2.95964e+06 2.9601e+06 2.48729e+06 3.29792e+06 2.68857e+06 1.72041e+06 2.03137e+06 2.88105e+06 2.36229e+06 1.32384e+06 1.64554e+06 1.71712e+06 777378 907683 1.05257e+06 795349 927033 777089 734680 605107 362752 532045 438267 572556 416167 572853 462697 520246 591488 527915 505593 547681 681530 479985 646101 523879 504398 601035 455487 462438 686397 508814 871373 509819 518932 712952 621404 459804 748064 593842 739070
#pred catch bio
 86968.1 95572.7 163869 211349 246988 272590 267906 306069 310425 288683 267738 296275 239779 261390 235639 189716 191067 171544 159983 138352 124119 117675 123937 111306 105064 112872 102311 99552.8 108899 94642.8 93766.2 93208.5 88089.5 91493.6 99741.4 88382.7 89284.5 84670.8 83942.6 84738 85357.9 85432.8 77823.1 85489.5 91745.1 90496.1 92318.6 89944.5 97688.8 92447.6 117834 129013 63085.7 84264 84301.3 88298.2 95061.5 102367 108926 114255 118314 121272 123357 124792 125760 126404 126827 127103 127282 127396 127469 127516 127546 127565 127577 127584 127589 127592 127594 127595 127596 127596 127596 127597 127597 127597 127597 127597 127597 127597 127597 127597 127597 127597 127597 127597 127597 127597 127597 127597 127597 127597 127597 127597 127597 127597 127597 127597 127597 127597 127597 127597 127597 127597 127597 127597 127597 127597 127597 127597 127597 127597 127597 127597 127597 127597 127597 127597 127597 127597 127597 127597 127597 127597 127597 127597 127597 127597 127597 127597 127597 127597 127597 127597 127597 127597 127597 127597 127597 127597 127597 127597 0 0 0 0 0 0 0 0 0 0 0 0 0 0 0 0 0 0 0 0 0 0 0 0 0
#obs catch bio
 0 95435.2 165096 213738 250553 278047 273664 315055 319174 296549 274431 307102 244428 269884 243163 194584 196069 175439 162740 139869 125474 120191 127088 113816 107679 116174 104340 101706 112089 96620.5 95450.5 95081.9 89459.7 92770.4 101440 88862.7 89973 85506.9 84691.3 85701.6 86149.9 85704.8 77993.4 85548.4 92075.1 90907.7 92644.6 90050.5 98425.5 92508.6 118242 129201
#pred cpue bio
 4.41926e+06 4.25158e+06 4.06104e+06 3.79478e+06 3.49223e+06 3.17631e+06 2.86233e+06 2.58379e+06 2.29165e+06 2.01902e+06 1.79003e+06 1.59997e+06 1.38946e+06 1.24931e+06 1.0896e+06 960416 883341 802524 738906 682404 645457 622427 606651 583392 574183 572403 560609 559416 560716 549631 552624 554414 554225 556974 551809 531635 520921 511365 513325 521756 531963 541804 550848 568715 578381 581169 585863 588675 594102 589908 590133 557300 1.76441e+07 1.04519e+07 1.05198e+07 1.10842e+07 1.20058e+07 1.30044e+07 1.39145e+07 1.46714e+07 1.52665e+07 1.57175e+07 1.60513e+07 1.62946e+07 1.64703e+07 1.65968e+07 1.66877e+07 1.67533e+07 1.68008e+07 1.68354e+07 1.68607e+07 1.68794e+07 1.68932e+07 1.69036e+07 1.69113e+07 1.69171e+07 1.69216e+07 1.69249e+07 1.69275e+07 1.69294e+07 1.69309e+07 1.69321e+07 1.69329e+07 1.69336e+07 1.69341e+07 1.69345e+07 1.69349e+07 1.69351e+07 1.69353e+07 1.69354e+07 1.69355e+07 1.69356e+07 1.69357e+07 1.69357e+07 1.69358e+07 1.69358e+07 1.69358e+07 1.69358e+07 1.69359e+07 1.69359e+07 1.69359e+07 1.69359e+07 1.69359e+07 1.69359e+07 1.69359e+07 1.69359e+07 1.69359e+07 1.69359e+07 1.69359e+07 1.69359e+07 1.69359e+07 1.69359e+07 1.69359e+07 1.69359e+07 1.69359e+07 1.69359e+07 1.69359e+07 1.69359e+07 1.69359e+07 1.69359e+07 1.69359e+07 1.69359e+07 1.69359e+07 1.69359e+07 1.69359e+07 1.69359e+07 1.69359e+07 1.69359e+07 1.69359e+07 1.69359e+07 1.69359e+07 1.69359e+07 1.69359e+07 1.69359e+07 1.69359e+07 1.69359e+07 1.69359e+07 1.69359e+07 1.69359e+07 1.69359e+07 1.69359e+07 1.69359e+07 1.69359e+07 1.69359e+07 1.69359e+07 1.69359e+07 1.69359e+07 1.69359e+07 1.69359e+07 1.69359e+07 1.69359e+07 1.69359e+07 0 0 0 0 0 0 0 0 0 0 0 0 0 0 0 0 0 0 0 0 0 0 0 0 0
#obs cpue bio
 3.53501e+06 3.4086e+06 2.73779e+06 2.37347e+06 2.81363e+06 2.14872e+06 2.75261e+06 2.44526e+06 2.02243e+06 1.37378e+06 1.97743e+06 955203 1.57333e+06 1.05675e+06 897090 611872 923486 567568 805702 690093 557978 391211 510625 544208 313461 560180 584620 414755 364804 442490 594322 413757 548899 472140 550814 716351 459579 362366 435272 445226 660963 728406 517637 512861 540424 547384 554046 619392 529990 614668 661402 529464
#pred surv len freq
 0.00565126 0.00910425 0.0135667 0.0189679 0.0251422 0.0317566 0.038278 0.044095 0.0487505 0.0521041 0.0543074 0.0556541 0.0564355 0.056858 0.057006 0.0568339 0.0561894 0.0548643 0.0526537 0.049396 0.0449979 0.0394685 0.032984 0.0259505 0.0189845
 0.00591548 0.0094014 0.0137763 0.0189151 0.0246674 0.0308126 0.036993 0.0427439 0.0476348 0.0514084 0.0540203 0.0555958 0.0563674 0.0566073 0.0565488 0.0563068 0.0558316 0.054914 0.053241 0.0504805 0.0463826 0.0408834 0.0341939 0.0268297 0.0195286
 0.00632219 0.0100349 0.0146688 0.0200531 0.0259676 0.0321043 0.0380303 0.0432709 0.0474945 0.0506325 0.0528267 0.0542783 0.0551464 0.0555469 0.055588 0.0553697 0.0549271 0.0541589 0.0527956 0.0504479 0.0467392 0.0414844 0.0348447 0.0273731 0.0198938
 0.00659062 0.0104869 0.0153771 0.0210929 0.0273954 0.0339227 0.0401482 0.0454821 0.0494975 0.0520997 0.0535051 0.0540796 0.0541748 0.0540401 0.0538066 0.053507 0.0530962 0.0524401 0.0512835 0.049246 0.0459111 0.0410118 0.0346337 0.0273026 0.0198686
 0.00685399 0.0109045 0.0159885 0.0219343 0.0285015 0.0353239 0.0418583 0.0474751 0.0516806 0.0542943 0.0554532 0.0554896 0.0548022 0.0537713 0.0526971 0.0517512 0.05095 0.0501499 0.0490528 0.0472343 0.0442315 0.0397185 0.0337136 0.0266904 0.0194792
 0.00715552 0.0113786 0.0166723 0.0228529 0.0296654 0.0367274 0.0434756 0.0492612 0.0535753 0.0562247 0.0573233 0.0571609 0.0560867 0.054458 0.052614 0.050834 0.0492766 0.047921 0.0465349 0.0446961 0.0418978 0.0377429 0.0321681 0.0255707 0.0187263
 0.00745158 0.0118506 0.0173653 0.0238022 0.0308906 0.0382223 0.0451991 0.0511351 0.0554983 0.0580943 0.059052 0.0586755 0.0573098 0.0552868 0.0529167 0.0504782 0.0481837 0.0461189 0.0441759 0.0420293 0.0392085 0.0352865 0.0301213 0.0240102 0.0176375
 0.00765517 0.0121844 0.0178733 0.0245281 0.0318707 0.0394733 0.0467045 0.0528385 0.0573097 0.0599058 0.0607566 0.0601794 0.0585359 0.0561669 0.0533773 0.0504324 0.0475436 0.0448341 0.0422811 0.0396706 0.0366268 0.0327607 0.0278952 0.0222368 0.0163592
 0.00791363 0.0125948 0.0184731 0.0253477 0.0329296 0.0407752 0.0482284 0.054533 0.0590947 0.0616826 0.0624203 0.0616309 0.0596903 0.0569569 0.0537498 0.0503381 0.0469323 0.0436646 0.0405531 0.0374626 0.0341144 0.0301934 0.025534 0.0202824 0.0149044
 0.00826243 0.0131351 0.0192368 0.0263474 0.034159 0.0422097 0.0498231 0.056222 0.0607959 0.063309 0.0638902 0.0628729 0.0606431 0.0575685 0.0539758 0.05014 0.0462748 0.04252 0.0389185 0.035389 0.031732 0.0277094 0.0231908 0.0182905 0.0133839
 0.00859001 0.0136512 0.0199822 0.0273476 0.0354182 0.0437035 0.0514913 0.0579692 0.0625076 0.0648757 0.0652273 0.0639261 0.0613819 0.0579744 0.0540329 0.0498293 0.0455733 0.0414069 0.0373892 0.0334797 0.029543 0.02541 0.0209924 0.01639 0.0119071
 0.00871936 0.0138823 0.0203685 0.0279511 0.0362953 0.0448815 0.0529467 0.0596211 0.064232 0.0665335 0.0666923 0.0651028 0.0622121 0.0584336 0.0541192 0.0495498 0.0449331 0.0404061 0.0360337 0.0318009 0.0276211 0.023383 0.0190378 0.0146811 0.010562
 0.00914698 0.014528 0.0212497 0.029056 0.037593 0.0463368 0.054525 0.0612807 0.0659096 0.0681365 0.0681053 0.0662079 0.0629147 0.0586818 0.0539079 0.0489097 0.0439116 0.0390512 0.0343906 0.029923 0.0255892 0.0213176 0.0170896 0.0129966 0.00924085
 0.0094043 0.0149377 0.0218488 0.029869 0.0386236 0.0475574 0.0558717 0.0626611 0.0672273 0.0693183 0.0691107 0.0670161 0.0635018 0.0590093 0.0539303 0.0485924 0.0432447 0.0380522 0.0330994 0.0283996 0.0239173 0.019608 0.0154714 0.0115926 0.00813496
 0.00964749 0.0153455 0.0224844 0.0307959 0.0398881 0.0491621 0.0577508 0.0646749 0.0691862 0.0710277 0.070417 0.0678347 0.0638205 0.0588691 0.0533955 0.0477246 0.0420923 0.036655 0.0315 0.0266556 0.0221081 0.0178347 0.0138462 0.0102155 0.00706797
 0.00983968 0.0156481 0.0229233 0.0313935 0.0406646 0.0501355 0.058929 0.0660411 0.0706839 0.0725536 0.0718295 0.0689816 0.064575 0.0591606 0.0532191 0.047128 0.0411497 0.0354443 0.0300935 0.0251238 0.0205293 0.0162994 0.01245 0.00904084 0.00616315
 0.00981361 0.015617 0.0228982 0.0313934 0.0407156 0.0502665 0.059169 0.0664179 0.071221 0.0732625 0.0726959 0.0699517 0.0655525 0.0600216 0.053843 0.0474289 0.0410946 0.0350506 0.029415 0.0242351 0.0195167 0.0152557 0.0114667 0.008195 0.00550217
 0.00981705 0.0156348 0.0229474 0.0314976 0.0408986 0.0505437 0.0595397 0.0668644 0.0717158 0.073779 0.0732165 0.0704667 0.0660508 0.0604784 0.0542125 0.04765 0.0411086 0.0348226 0.0289468 0.0235666 0.018717 0.0144098 0.0106602 0.00749816 0.00495737
 0.00989779 0.0157439 0.0230717 0.031614 0.0409843 0.0505903 0.0595626 0.0668992 0.0718027 0.0739446 0.0734642 0.0707793 0.0664014 0.0608375 0.0545491 0.0479271 0.0412821 0.0348488 0.0287971 0.0232409 0.0182488 0.01386 0.0101014 0.00699596 0.00455507
 0.0101984 0.0161813 0.0236337 0.0322533 0.0416289 0.0511622 0.0599961 0.0671538 0.0718701 0.0738508 0.0732626 0.0705343 0.066168 0.0606475 0.0544078 0.0478187 0.0411769 0.0347105 0.0285919 0.0229488 0.0178736 0.0134307 0.00966451 0.00660014 0.00423545
 0.0105909 0.0167608 0.0243957 0.0331519 0.0425844 0.052078 0.0607748 0.0677094 0.0721418 0.0738179 0.0729533 0.0700207 0.065546 0.0600108 0.0538259 0.0473262 0.040774 0.034373 0.0282846 0.0226395 0.0175449 0.0130861 0.00932532 0.0062953 0.00398883
 0.0107253 0.0169918 0.0247638 0.0336961 0.0433255 0.0529958 0.0617918 0.0686968 0.0729519 0.0743284 0.0731026 0.0698175 0.065057 0.0593362 0.0530727 0.0465855 0.0401063 0.033803 0.027807 0.0222324 0.0171848 0.0127594 0.00903209 0.00604494 0.00379141
 0.0106896 0.0169511 0.0247362 0.0337135 0.0434296 0.0532299 0.062187 0.0692567 0.0736396 0.0750628 0.0737712 0.0703062 0.0652857 0.0592831 0.0527762 0.0461245 0.0395714 0.0332704 0.0273243 0.0218174 0.0168353 0.0124657 0.00878693 0.00584628 0.00363954
 0.0108487 0.017182 0.0250327 0.0340539 0.0437858 0.0535805 0.0625273 0.069598 0.0739982 0.0754448 0.0741587 0.0706534 0.0655271 0.0593543 0.0526389 0.0457831 0.039073 0.0326879 0.0267322 0.021273 0.0163698 0.0120886 0.00849418 0.00562843 0.00348565
 0.0107775 0.0170906 0.0249396 0.0339891 0.0437801 0.0536505 0.0626658 0.0697785 0.0741919 0.0756384 0.0743595 0.070877 0.0657769 0.0596074 0.0528486 0.045898 0.0390601 0.0325472 0.0264951 0.0209871 0.0160818 0.0118314 0.00828444 0.00546977 0.00337379
 0.010622 0.0168538 0.0246146 0.0335843 0.0433218 0.0531832 0.0622488 0.0694755 0.0740538 0.0756858 0.074578 0.0712278 0.0662141 0.0600885 0.0533342 0.046347 0.0394311 0.0328084 0.0266352 0.0210196 0.0160377 0.0117473 0.00819104 0.00538663 0.00330963
 0.010721 0.0169867 0.0247626 0.0337127 0.0433895 0.0531589 0.0621251 0.0692737 0.0738169 0.0754655 0.0744192 0.071157 0.0662353 0.0601865 0.0534827 0.0465162 0.0395916 0.0329338 0.0267067 0.0210304 0.0159959 0.0116721 0.00810478 0.00530753 0.00324775
 0.0107369 0.0170104 0.0247932 0.0337451 0.0434127 0.0531546 0.0620699 0.0691469 0.0736121 0.0752005 0.0741376 0.0709162 0.0660871 0.0601598 0.0535759 0.0467017 0.0398274 0.0331759 0.0269184 0.0211883 0.0160925 0.011714 0.00810798 0.00529021 0.00322467
 0.0104833 0.0166526 0.0243556 0.0332843 0.0430008 0.0528527 0.0619061 0.0691104 0.0736647 0.0752955 0.0742376 0.071005 0.0661722 0.0602649 0.053727 0.0469124 0.0400912 0.0334679 0.0272045 0.0214375 0.0162847 0.011844 0.00818324 0.00532567 0.0032363
 0.0104031 0.0165192 0.0241516 0.0329978 0.0426358 0.0524397 0.0615062 0.0688028 0.0735171 0.075333 0.0744302 0.0712832 0.06646 0.0605111 0.053918 0.0470644 0.0402307 0.0336139 0.0273597 0.0215904 0.0164187 0.0119466 0.00825089 0.00536311 0.00325273
 0.0103321 0.0163909 0.0239352 0.0326578 0.0421422 0.0517845 0.0607196 0.0679598 0.072728 0.0747187 0.0740897 0.071264 0.0667448 0.0610266 0.0545633 0.0477448 0.0408804 0.0341994 0.027869 0.0220201 0.0167668 0.0122127 0.00843962 0.00548553 0.00332457
 0.0101851 0.0161766 0.0236571 0.0323315 0.0417861 0.0514077 0.060316 0.0675156 0.0722398 0.0742117 0.0736241 0.0709225 0.0666048 0.0611306 0.0549018 0.0482613 0.0414931 0.034828 0.0284537 0.0225258 0.0171785 0.0125287 0.0086667 0.00563665 0.00341668
 0.0099952 0.0158886 0.0232633 0.0318411 0.041225 0.0508159 0.0597424 0.0670093 0.0718371 0.0739266 0.0734488 0.070843 0.066619 0.0612547 0.0551592 0.0486615 0.0420164 0.0354261 0.0290645 0.0230921 0.0176608 0.0129086 0.00894409 0.00582387 0.00353281
 0.00968147 0.0154155 0.0226205 0.0310451 0.0403162 0.0498516 0.0587926 0.0661524 0.0711515 0.0734755 0.0732651 0.0709223 0.0669256 0.0617379 0.0557708 0.0493647 0.0427822 0.0362236 0.0298535 0.0238262 0.0182977 0.0134211 0.00932516 0.00608478 0.00369665
 0.00955568 0.015202 0.0222841 0.0305509 0.0396423 0.0490056 0.0578254 0.0651562 0.0702396 0.0727526 0.0728032 0.070752 0.0670391 0.0620989 0.0563261 0.0500557 0.043554 0.0370283 0.0306483 0.0245705 0.0189544 0.013962 0.00973751 0.00637378 0.00388179
 0.010491 0.0165172 0.0238824 0.0322107 0.0410753 0.0499542 0.0581437 0.0648363 0.0693857 0.0715315 0.0714005 0.06934 0.0657559 0.061036 0.0555267 0.0495219 0.0432598 0.0369319 0.0307015 0.0247235 0.0191592 0.0141761 0.00992876 0.00652378 0.00398617
 0.0114216 0.017946 0.0258663 0.0347215 0.0439787 0.0529972 0.0609616 0.067008 0.0705445 0.0714908 0.0702204 0.0672936 0.0632212 0.0583784 0.0530242 0.0473432 0.0414787 0.0355544 0.0296927 0.0240273 0.018711 0.013911 0.00978774 0.0064585 0.00396139
 0.0113669 0.0179844 0.0261571 0.0354843 0.0454273 0.0552361 0.0638946 0.0703139 0.0737422 0.074065 0.0717579 0.0675845 0.0622995 0.0564916 0.0505451 0.0446611 0.0389114 0.0333077 0.0278622 0.0226255 0.0176985 0.013222 0.00934787 0.00619654 0.00381676
 0.0109672 0.0173939 0.0253868 0.0346055 0.0445803 0.0546262 0.063766 0.0708894 0.0751296 0.0761716 0.0742679 0.0700345 0.0642248 0.0575747 0.0506986 0.0440184 0.0377457 0.0319254 0.0265174 0.0214783 0.0168152 0.0125995 0.00894396 0.00595505 0.00368404
 0.0106801 0.0169385 0.0247252 0.0337172 0.0434765 0.053369 0.0624873 0.069793 0.0744616 0.0761559 0.075025 0.0715151 0.066193 0.0596622 0.0525178 0.0452867 0.0383621 0.0319688 0.0261789 0.0209717 0.0163086 0.0121877 0.00865551 0.00577684 0.00358595
 0.0104555 0.01659 0.0242312 0.0330674 0.042672 0.052424 0.0614364 0.0687024 0.0734381 0.0753454 0.0745934 0.0716075 0.0668773 0.0608813 0.0540794 0.0469105 0.0397704 0.0329774 0.0267427 0.021167 0.0162724 0.0120534 0.00851418 0.00567028 0.00352082
 0.0104606 0.0165686 0.0241444 0.0328618 0.0422944 0.0518436 0.0606637 0.0677924 0.0724775 0.074434 0.0738335 0.071101 0.0667194 0.0611385 0.0547547 0.0479173 0.0409396 0.0341057 0.0276612 0.0217932 0.0166185 0.0121939 0.00853889 0.00564956 0.00349403
 0.0105348 0.0166753 0.0242774 0.0330013 0.0424055 0.0518787 0.060569 0.067521 0.0720081 0.0737875 0.0730779 0.0703401 0.0660715 0.0607124 0.0546283 0.0481166 0.0414241 0.0347711 0.0283678 0.0224122 0.0170726 0.012471 0.00867512 0.00569871 0.00350217
 0.0104749 0.0165869 0.0241608 0.0328621 0.042252 0.0517173 0.0603998 0.0673358 0.0717915 0.0735225 0.0727558 0.0699725 0.0656973 0.0603952 0.054442 0.048123 0.0416499 0.0351929 0.0289139 0.022984 0.0175786 0.0128549 0.00892607 0.00583989 0.00357028
 0.0105088 0.0166347 0.0242193 0.0329237 0.0423074 0.0517586 0.0604223 0.067337 0.071767 0.0734625 0.0726451 0.0697961 0.0654507 0.060095 0.0541298 0.0478589 0.0414944 0.0351842 0.0290514 0.0232271 0.017863 0.0131183 0.00912893 0.00597219 0.00364369
 0.0104473 0.0165607 0.0241551 0.0329044 0.0423684 0.0519184 0.0606693 0.0676298 0.0720492 0.0736818 0.0727668 0.0698049 0.065347 0.059891 0.0538502 0.0475428 0.0411927 0.0349485 0.0289177 0.0232026 0.0179247 0.013225 0.00923972 0.00606054 0.00370121
 0.0103477 0.0164076 0.0239429 0.0326381 0.0420673 0.0516185 0.0604208 0.0674868 0.0720502 0.0738315 0.0730301 0.0701194 0.0656457 0.060123 0.0539909 0.0475943 0.0411784 0.034905 0.0288836 0.0232055 0.0179724 0.0133059 0.00933141 0.00614202 0.00376099
 0.010356 0.0164087 0.0239217 0.0325733 0.0419381 0.0514145 0.0601522 0.0671872 0.0717713 0.0736295 0.072948 0.0701725 0.0658151 0.0603621 0.0542426 0.0478104 0.0413336 0.0349998 0.0289371 0.0232438 0.0180157 0.0133616 0.00939451 0.00620196 0.00380884
 0.010188 0.0161714 0.0236302 0.0322621 0.0416482 0.0511752 0.0599684 0.0670426 0.0716444 0.0735128 0.0728574 0.0701407 0.0658745 0.0605263 0.0544971 0.0481171 0.0416458 0.0352791 0.0291645 0.0234194 0.0181511 0.0134694 0.00948232 0.00627186 0.00386063
 0.0100726 0.0159958 0.0233898 0.0319638 0.041313 0.0508377 0.0596733 0.066834 0.0715504 0.073532 0.0729598 0.0702843 0.0660275 0.0606797 0.0546597 0.0482999 0.0418484 0.0354878 0.0293598 0.0235861 0.018284 0.0135712 0.00955914 0.00632889 0.00390131
 0.00974373 0.0155126 0.022758 0.0312228 0.0405254 0.0500722 0.058992 0.066289 0.0711851 0.0733784 0.0730302 0.0705632 0.066472 0.0612302 0.0552571 0.0488991 0.0424211 0.0360165 0.0298312 0.0239889 0.0186111 0.0138226 0.00974167 0.00645399 0.00398192
 0.00937231 0.014985 0.0221059 0.030525 0.0398875 0.0495919 0.0587291 0.0662541 0.0713461 0.0736775 0.0734022 0.0709519 0.0668403 0.0615613 0.0555487 0.0491554 0.0426476 0.0362182 0.0300111 0.0241477 0.0187468 0.0139329 0.00982591 0.00651406 0.0040218
#obs surv len freq
 nan nan nan nan nan nan nan nan nan nan nan nan nan nan nan nan nan nan nan nan nan nan nan nan nan
 0.0044861 0.00734819 0.011179 0.0159961 0.0216974 0.0279733 0.0342873 0.0400182 0.0446971 0.0481598 0.0505165 0.052011 0.052902 0.0534133 0.0537267 0.0539809 0.054259 0.0545514 0.0546899 0.0542817 0.0527199 0.0493522 0.0438024 0.0362831 0.0276675
 0.00462222 0.00757076 0.0115159 0.0164731 0.0223317 0.0287636 0.0352047 0.0410032 0.045668 0.0490292 0.0512073 0.0524684 0.0530982 0.0533479 0.053422 0.0534745 0.0535946 0.053772 0.0538348 0.0533881 0.0518269 0.0485035 0.0430431 0.0356514 0.0271847
 0.00478264 0.0078342 0.0119174 0.0170468 0.0231043 0.0297436 0.0363705 0.0422978 0.0470047 0.0503057 0.0523209 0.0533291 0.053638 0.0535273 0.0532335 0.0529403 0.0527599 0.0526964 0.0525847 0.0520339 0.0504438 0.0471723 0.0418439 0.0346503 0.0264181
 0.00496599 0.00813441 0.0123733 0.0176964 0.0239779 0.0308527 0.0376959 0.0437844 0.0485672 0.0518421 0.0537263 0.0545039 0.0544946 0.0539962 0.0532695 0.0525288 0.0519191 0.051475 0.051058 0.050299 0.048616 0.0453781 0.0402083 0.0332755 0.0253614
 0.00517419 0.00847571 0.0128923 0.0184364 0.0249731 0.0321149 0.0392012 0.0454684 0.050334 0.0535817 0.0553308 0.0558759 0.0555486 0.0546584 0.0534803 0.0522472 0.0511304 0.0501988 0.0493541 0.0482702 0.0464052 0.0431566 0.0381514 0.0315293 0.024011
 0.00540316 0.00885043 0.013461 0.0192459 0.02606 0.0334921 0.0408432 0.0473058 0.0522628 0.0554824 0.0570871 0.0573854 0.0567257 0.0554329 0.053794 0.0520534 0.0503977 0.0489215 0.047567 0.0460631 0.0439284 0.0406101 0.0357533 0.0294689 0.0224048
 0.00563681 0.00923321 0.0140426 0.0200749 0.0271748 0.0349068 0.0425326 0.0491998 0.0542558 0.057453 0.058917 0.05897 0.0579778 0.0562816 0.0541818 0.051933 0.0497322 0.0476918 0.0457885 0.0438066 0.0413363 0.0378916 0.0331517 0.0272057 0.0206239
 0.00588072 0.0096334 0.0146517 0.0209444 0.0283449 0.0363909 0.0443015 0.051176 0.0563245 0.0594848 0.0607884 0.0605761 0.0592345 0.0571238 0.0545591 0.0518045 0.0490642 0.0464628 0.0440039 0.0415234 0.0386845 0.0350774 0.0304277 0.0248121 0.0187249
 0.00611998 0.0100248 0.0152456 0.0217894 0.0294796 0.0378294 0.0460182 0.0530994 0.0583466 0.0614803 0.0626349 0.0621663 0.0604819 0.0579626 0.0549408 0.0516925 0.0484296 0.045286 0.0422873 0.0393144 0.0360998 0.0323113 0.0277271 0.0224197 0.0168129
 0.0063653 0.0104266 0.0158555 0.0226572 0.0306431 0.0392988 0.0477608 0.0550345 0.0603578 0.0634384 0.0644194 0.0636768 0.0616409 0.0587131 0.0552428 0.0515176 0.0477568 0.044102 0.0405972 0.0371617 0.0335909 0.0296259 0.0250985 0.0200819 0.0149364
 0.00660176 0.0108133 0.0164417 0.0234903 0.0317592 0.0407085 0.0494337 0.0568941 0.0622913 0.0653183 0.0661247 0.0651065 0.0627186 0.059387 0.0554804 0.0512997 0.0470718 0.0429449 0.0389776 0.035122 0.0312285 0.0271041 0.0226305 0.0178839 0.0131677
 0.00682213 0.0111773 0.017 0.0242929 0.0328452 0.0420891 0.0510759 0.0587158 0.0641741 0.0671315 0.0677474 0.066441 0.0636941 0.059958 0.0556229 0.0510049 0.0463397 0.0417823 0.0374029 0.0331803 0.0290107 0.0247575 0.0203456 0.0158538 0.0115354
 0.00704756 0.0115463 0.0175601 0.0250897 0.0339132 0.0434375 0.0526731 0.0604838 0.0659981 0.0688812 0.069299 0.0676928 0.0645738 0.0604237 0.0556589 0.0506146 0.0455375 0.0405891 0.035849 0.0313168 0.026925 0.0225827 0.0182492 0.0140037 0.0100537
 0.00726473 0.0119006 0.0180953 0.0258468 0.034922 0.0447032 0.0541629 0.0621226 0.0676789 0.070485 0.0707145 0.0688279 0.065361 0.0608211 0.0556491 0.0502007 0.044738 0.0394325 0.0343747 0.0295818 0.0250148 0.0206177 0.0163751 0.0123625 0.0087466
 0.00741231 0.0121501 0.0184886 0.0264284 0.0357294 0.0457511 0.0554289 0.0635421 0.0691555 0.0719104 0.0719871 0.0698638 0.0660977 0.061218 0.0556857 0.0498744 0.0440611 0.0384309 0.0330875 0.0280663 0.023353 0.0189183 0.0147645 0.0109601 0.00763487
 0.007523 0.0123258 0.0187461 0.0267832 0.0361961 0.0463431 0.0561537 0.0643951 0.0701131 0.0729269 0.072997 0.0707898 0.0668629 0.0617566 0.0559502 0.0498374 0.0437144 0.0377842 0.0321692 0.0269256 0.0220636 0.0175775 0.0134823 0.00983875 0.00674428
 0.00762338 0.0124841 0.0189751 0.0270912 0.0365853 0.0468079 0.0566802 0.0649628 0.0707012 0.0735193 0.0735821 0.0713536 0.06738 0.062187 0.056244 0.0499453 0.0435984 0.0374253 0.0315718 0.0261207 0.0211096 0.0165566 0.0124893 0.00896178 0.00604394
 0.00768229 0.0125797 0.0191183 0.0272918 0.0368492 0.0471342 0.057058 0.0653716 0.0711157 0.073917 0.0739495 0.0716869 0.0676799 0.0624499 0.056454 0.0500725 0.0436041 0.0372729 0.0312399 0.0256133 0.0204607 0.0158276 0.0117577 0.00830254 0.00551073
 0.00771644 0.0126289 0.0191813 0.0273642 0.0369271 0.0472171 0.0571513 0.0654854 0.0712598 0.0740966 0.0741621 0.0719237 0.0679289 0.062698 0.0566864 0.050269 0.0437368 0.0373091 0.0311501 0.025383 0.0201007 0.0153761 0.0112725 0.00784551 0.00513006
 0.00775814 0.0126901 0.0192607 0.027456 0.0370215 0.0473029 0.057219 0.06553 0.0712839 0.0741112 0.0741845 0.0719715 0.0680132 0.0628192 0.056834 0.0504238 0.0438735 0.0373984 0.0311632 0.0252991 0.019916 0.015109 0.0109613 0.0075365 0.00486328
 0.00781621 0.012778 0.0193805 0.0276044 0.0371897 0.0474772 0.0573817 0.0656616 0.0713678 0.0741389 0.0741601 0.0719115 0.0679415 0.0627592 0.0568017 0.0504224 0.043893 0.0374184 0.0311581 0.0252458 0.0198017 0.0149379 0.010754 0.00732388 0.00467478
 0.00784749 0.0128251 0.0194444 0.0276832 0.0372788 0.0475704 0.0574711 0.0657386 0.0714239 0.0741678 0.0741595 0.0718844 0.0678965 0.0627092 0.0567605 0.0504007 0.0438936 0.0374339 0.0311724 0.0252392 0.0197587 0.0148539 0.010638 0.00719493 0.00455406
 0.00786537 0.0128528 0.0194835 0.0277339 0.0373398 0.0476382 0.0575402 0.0658019 0.0714743 0.0741999 0.0741709 0.0718756 0.0678709 0.0626724 0.0567199 0.0503645 0.0438683 0.0374213 0.0311673 0.025231 0.0197354 0.014808 0.010571 0.00711634 0.00447724
 0.00788444 0.0128776 0.0195095 0.0277534 0.0373446 0.0476233 0.0575071 0.0657581 0.0714305 0.0741659 0.074152 0.0718728 0.0678813 0.0626916 0.056744 0.0503912 0.0438969 0.0374512 0.0311967 0.0252549 0.0197472 0.0148024 0.0105473 0.00707969 0.00443623
 0.00788964 0.0128855 0.0195199 0.027765 0.0373542 0.0476258 0.0574958 0.0657274 0.071379 0.0740992 0.0740825 0.071815 0.067847 0.0626858 0.0567642 0.0504303 0.0439468 0.0375048 0.0312482 0.0252993 0.0197797 0.0148198 0.0105489 0.00706843 0.00441788
 0.00789962 0.0128979 0.0195317 0.0277713 0.0373495 0.0476066 0.0574619 0.0656817 0.0713261 0.074043 0.0740267 0.071764 0.0678069 0.0626633 0.0567646 0.0504545 0.0439909 0.0375614 0.0313088 0.025356 0.0198264 0.0148526 0.0105669 0.00707355 0.00441427
 0.00788303 0.0128736 0.0194999 0.0277334 0.0373074 0.047561 0.0574124 0.0656276 0.0712678 0.0739843 0.0739736 0.0717235 0.0677843 0.0626619 0.0567851 0.0504961 0.0440506 0.0376342 0.0313875 0.0254326 0.0198936 0.0149053 0.0106031 0.00709453 0.00442358
 0.00788739 0.0128737 0.0194873 0.0276969 0.037237 0.0474534 0.0572751 0.0654781 0.0711277 0.0738718 0.0738986 0.0716881 0.0677855 0.0626948 0.0568446 0.050577 0.0441474 0.0377407 0.0314966 0.0255369 0.019986 0.0149805 0.0106586 0.00713128 0.00444491
 0.00787948 0.0128611 0.0194684 0.0276695 0.0371971 0.0473955 0.0571929 0.0653682 0.0709935 0.0737257 0.0737611 0.071581 0.0677252 0.0626874 0.0568864 0.0506579 0.0442552 0.0378635 0.0316238 0.0256591 0.0200953 0.0150711 0.0107277 0.00717918 0.00447482
 0.00784402 0.012804 0.0193838 0.027553 0.0370476 0.0472171 0.0569965 0.0651698 0.0708108 0.0735738 0.0736499 0.0715167 0.0677121 0.062728 0.0569799 0.0507978 0.0444295 0.0380566 0.0318199 0.025844 0.0202583 0.0152051 0.0108299 0.007251 0.0045209
 0.0078481 0.0128045 0.0193733 0.0275207 0.0369824 0.0471117 0.0568515 0.0649954 0.0706242 0.0733951 0.0734975 0.0714042 0.0676475 0.0627144 0.0570164 0.0508807 0.0445519 0.0382079 0.0319864 0.0260111 0.0204124 0.0153361 0.0109326 0.00732478 0.00456928
 0.00778568 0.0127106 0.019246 0.0273626 0.036799 0.0469093 0.0566362 0.0647746 0.0704087 0.0732002 0.0733418 0.0713055 0.0676182 0.0627583 0.0571287 0.05105 0.0447629 0.0384442 0.0322312 0.0262478 0.0206264 0.0155165 0.0110734 0.00742607 0.00463597
 0.00777077 0.0126785 0.0191837 0.0272546 0.0366329 0.0466835 0.0563654 0.0644876 0.0701399 0.0729779 0.0731818 0.0712123 0.0675906 0.062794 0.0572249 0.0512014 0.0449601 0.0386732 0.032475 0.0264888 0.0208483 0.0157063 0.0112237 0.00753566 0.00470903
 0.00775333 0.0126488 0.0191359 0.0271815 0.0365258 0.046534 0.0561685 0.0642461 0.0698679 0.0727013 0.0729341 0.0710255 0.0674866 0.0627801 0.0572956 0.0513436 0.0451575 0.0389083 0.0327295 0.0267437 0.0210857 0.0159117 0.0113881 0.00765655 0.00479034
 0.00933034 0.0148558 0.0217986 0.0299174 0.038856 0.04806 0.056712 0.0638752 0.0688145 0.0712429 0.0713076 0.069398 0.0659633 0.0614225 0.0561349 0.0503885 0.0444005 0.0383313 0.0323087 0.0264526 0.0208969 0.0157988 0.011327 0.00762763 0.00477899
 0.00929906 0.0150979 0.0226795 0.0318915 0.0422687 0.0528808 0.0623653 0.0693336 0.0729654 0.0733267 0.0711687 0.067427 0.062827 0.0577793 0.0524725 0.046997 0.0414185 0.0358059 0.0302379 0.0248098 0.0196414 0.0148805 0.0106895 0.00721125 0.00452539
 0.00896206 0.0145675 0.0219352 0.0309824 0.0413667 0.0523164 0.0625881 0.0707521 0.075702 0.0770362 0.0750807 0.0706387 0.0646794 0.058086 0.05149 0.0452129 0.0393219 0.0337539 0.0284315 0.0233296 0.0184956 0.0140396 0.0101061 0.00683101 0.00429446
 0.00880036 0.0142942 0.0215054 0.0303508 0.0405049 0.0512451 0.0614177 0.0697111 0.0751185 0.0772477 0.0762816 0.0727364 0.067261 0.0605527 0.0532998 0.0460885 0.0393069 0.0331136 0.0274929 0.0223587 0.0176509 0.0133841 0.00964092 0.00652622 0.00410989
 0.00872938 0.014175 0.021318 0.0300716 0.0401086 0.0507106 0.0607389 0.0689134 0.0742789 0.0765089 0.0758441 0.0728069 0.0679611 0.0618273 0.0548944 0.0476318 0.0404633 0.0337141 0.0275684 0.0220763 0.0172109 0.0129424 0.00928168 0.00627307 0.0039509
 0.00870143 0.0141254 0.0212352 0.0299415 0.0399165 0.0504438 0.060391 0.068486 0.0737843 0.0759762 0.0753296 0.0724032 0.0677883 0.0619958 0.0554451 0.0484893 0.0414422 0.0345886 0.0281682 0.0223478 0.017212 0.0127876 0.00908062 0.00609582 0.00382446
 0.00868847 0.0141021 0.0211958 0.0298784 0.0398212 0.0503087 0.0602107 0.0682589 0.0735131 0.0756681 0.0749994 0.0720783 0.0675148 0.0618385 0.0554726 0.0487427 0.041902 0.0351651 0.0287306 0.0227795 0.0174579 0.0128632 0.00904605 0.00601687 0.00374686
 0.00867169 0.0140784 0.0211665 0.0298464 0.039789 0.0502757 0.0601719 0.0682049 0.073433 0.0755531 0.074846 0.0718915 0.0673107 0.0616469 0.0553357 0.0487065 0.0419977 0.0353891 0.0290363 0.0230927 0.0177088 0.0130155 0.00910419 0.00601234 0.00371556
 0.00867148 0.0140753 0.021157 0.0298261 0.0397545 0.0502272 0.060114 0.0681454 0.0733782 0.0755041 0.0747969 0.0718326 0.0672344 0.0615542 0.0552403 0.0486339 0.0419778 0.0354428 0.029163 0.0232658 0.0178859 0.0131576 0.00919217 0.0060497 0.00371971
 0.00867214 0.0140783 0.0211648 0.0298415 0.0397789 0.0502586 0.0601461 0.0681692 0.0733854 0.0754905 0.0747637 0.0717829 0.0671715 0.0614797 0.0551574 0.0485508 0.0419098 0.0354078 0.0291733 0.0233202 0.0179678 0.0132427 0.00925964 0.00609048 0.00373667
 0.00864924 0.0140458 0.0211249 0.0297995 0.0397421 0.0502345 0.0601397 0.0681817 0.0734135 0.0755268 0.0747984 0.0718074 0.06718 0.0614708 0.055133 0.0485161 0.0418726 0.0353789 0.0291633 0.023335 0.0180049 0.0132915 0.00930671 0.00612599 0.00375758
 0.00865254 0.0140448 0.0211121 0.0297649 0.0396776 0.0501389 0.0600232 0.0680642 0.0733182 0.0754718 0.07479 0.0718398 0.067239 0.0615401 0.0551991 0.0485709 0.0419145 0.0354114 0.0291928 0.0233678 0.0180438 0.0133344 0.0093479 0.0061596 0.00378059
 0.00860866 0.0139814 0.0210309 0.0296717 0.0395792 0.0500397 0.0599232 0.0679616 0.0732149 0.0753767 0.0747191 0.0718098 0.0672598 0.0616094 0.0553041 0.0486933 0.0420374 0.0355235 0.02929 0.0234508 0.018115 0.0133954 0.00939838 0.00619848 0.00380758
 0.00861207 0.0139812 0.0210203 0.029642 0.0395233 0.0499567 0.0598211 0.0678554 0.0731199 0.0753026 0.0746676 0.0717788 0.0672485 0.0616203 0.05534 0.0487534 0.0421153 0.0356093 0.0293741 0.0235267 0.01818 0.0134492 0.00944129 0.00623089 0.00383021
 0.00862168 0.0139987 0.0210497 0.0296867 0.0395835 0.0500263 0.0598872 0.0679009 0.0731302 0.0752724 0.0746031 0.0716938 0.0671582 0.061537 0.0552722 0.0487063 0.042091 0.0356062 0.0293872 0.0235495 0.0182066 0.0134751 0.00946403 0.00624916 0.00384362
 0.00862168 0.0139987 0.0210497 0.0296867 0.0395835 0.0500263 0.0598872 0.0679009 0.0731302 0.0752724 0.0746031 0.0716938 0.0671582 0.061537 0.0552722 0.0487063 0.042091 0.0356062 0.0293872 0.0235495 0.0182066 0.0134751 0.00946403 0.00624916 0.00384362
 0.0089842 0.0145701 0.0218734 0.0307842 0.040942 0.0515841 0.0615225 0.0694386 0.0743755 0.0760598 0.0748398 0.0713771 0.0663654 0.0603981 0.0539363 0.0473132 0.0407526 0.0343995 0.0283558 0.0227098 0.0175548 0.0129942 0.00912875 0.00602995 0.00371035
#pred catch len freq
 0.00480626 0.00759818 0.0110685 0.0151234 0.0196994 0.024743 0.0301365 0.0356638 0.0410558 0.0460635 0.0505017 0.0542602 0.0572987 0.059621 0.0612284 0.0620734 0.0620454 0.060994 0.0587697 0.055257 0.0503978 0.0442327 0.0369772 0.0290968 0.0212878
 0.00504238 0.00787765 0.0113015 0.0151762 0.0194474 0.0241453 0.0292835 0.0347546 0.0403055 0.0455926 0.0502755 0.0541133 0.0570264 0.0590886 0.0604474 0.0612149 0.061383 0.0607956 0.0591828 0.0562401 0.0517359 0.0456297 0.038175 0.0299578 0.0218071
 0.00543721 0.00848051 0.0121283 0.0161954 0.0205653 0.0252002 0.0300645 0.0350598 0.0400295 0.0447937 0.0491618 0.0529393 0.0559631 0.0581589 0.0595691 0.0603123 0.0604837 0.0600446 0.0587678 0.0562794 0.0522031 0.0463615 0.0389526 0.0306045 0.0222438
 0.00572848 0.00895185 0.012834 0.0171849 0.021872 0.0268195 0.0319234 0.0369923 0.041781 0.0460719 0.0497282 0.052701 0.0550099 0.0567121 0.0578734 0.0585475 0.0587539 0.0584299 0.0573703 0.0552123 0.0515326 0.0460601 0.038908 0.0306763 0.0223252
 0.00602106 0.0094062 0.0134812 0.018048 0.0229728 0.0281836 0.0335732 0.0389226 0.0439236 0.0482651 0.0517147 0.0541732 0.0556982 0.0564801 0.0567651 0.0567592 0.0565528 0.0560772 0.0550843 0.0531645 0.0498437 0.0447842 0.0380242 0.030107 0.0219742
 0.00635154 0.00991582 0.0141978 0.0189825 0.024123 0.0295412 0.0351259 0.0406531 0.0458047 0.0502481 0.0537087 0.056023 0.0571812 0.0573431 0.0567992 0.0558792 0.0548363 0.0537424 0.0524253 0.0504785 0.0473783 0.0427064 0.0364093 0.028946 0.0211995
 0.00666614 0.0104065 0.0148984 0.019913 0.02529 0.0309377 0.036728 0.0424163 0.0476663 0.0521353 0.0555448 0.0577242 0.0586426 0.0584238 0.0573261 0.0556833 0.0538156 0.0519204 0.0499695 0.0476667 0.0445283 0.0401012 0.0342421 0.027299 0.0200547
 0.0069381 0.0108346 0.0155176 0.0207496 0.0263612 0.032249 0.038267 0.0441452 0.0495193 0.0540239 0.0573688 0.0593832 0.0600426 0.0594743 0.0579286 0.0557255 0.0531881 0.0505601 0.0479124 0.0450771 0.0416784 0.0373057 0.031776 0.0253344 0.0186394
 0.00724861 0.0113156 0.0161986 0.0216459 0.027477 0.0335807 0.0398006 0.0458494 0.051339 0.0558791 0.05916 0.0610022 0.0613853 0.0604495 0.0584593 0.0557413 0.0526203 0.0493548 0.0460652 0.0426749 0.0389197 0.0344726 0.0291636 0.0231694 0.0170273
 0.00762599 0.0118916 0.0169966 0.0226658 0.0287011 0.0349824 0.0413482 0.0475026 0.0530452 0.0575722 0.0607633 0.0624318 0.0625561 0.0612813 0.0588809 0.0556916 0.0520471 0.0482188 0.0443588 0.0404541 0.0363314 0.0317515 0.0265843 0.0209708 0.0153465
 0.00798515 0.0124463 0.0177776 0.0236833 0.0299459 0.0364279 0.0429489 0.049193 0.0547444 0.0591942 0.0622279 0.0636709 0.063513 0.0619081 0.0591349 0.0555324 0.051436 0.0471245 0.0427727 0.038416 0.0339552 0.0292301 0.0241586 0.0188659 0.0137071
 0.00823845 0.012854 0.0183837 0.0245268 0.0310542 0.0378061 0.0445667 0.0509782 0.0565882 0.0609693 0.06381 0.0649566 0.0644313 0.0624216 0.0592318 0.0552134 0.0507024 0.0459746 0.0412127 0.0364826 0.0317412 0.0268947 0.0219067 0.0168971 0.0121575
 0.00864846 0.0134686 0.0192145 0.0255567 0.0322518 0.0391449 0.0460328 0.0525591 0.0582503 0.0626389 0.0653721 0.0662756 0.0653828 0.0629203 0.0592436 0.0547479 0.0497942 0.0446662 0.0395488 0.0345216 0.0295748 0.0246613 0.0197796 0.0150459 0.0106992
 0.00904179 0.0140731 0.0200582 0.0266405 0.0335488 0.0406028 0.0475778 0.0541041 0.0597115 0.0639524 0.0664982 0.067185 0.066038 0.0632694 0.0592318 0.0543369 0.0489762 0.0434646 0.0380119 0.0327202 0.0276065 0.0226547 0.0178844 0.013404 0.0094072
 0.0093413 0.0145547 0.020773 0.0276321 0.0348442 0.0421978 0.0494198 0.0560838 0.0616731 0.0657233 0.0679255 0.0681662 0.0665332 0.063292 0.0588239 0.0535456 0.0478422 0.0420261 0.036316 0.0308334 0.0256218 0.0206906 0.016072 0.0118609 0.00820746
 0.00949664 0.0147992 0.0211284 0.0281199 0.0354898 0.0430323 0.0504737 0.0573691 0.0631605 0.067325 0.0694976 0.0695355 0.0675408 0.0638325 0.0588634 0.0531123 0.047001 0.0408532 0.0348877 0.0292288 0.023932 0.0190221 0.0145381 0.0105603 0.0072
 0.0095401 0.0148708 0.0212385 0.0282805 0.0357146 0.0433374 0.0508773 0.057892 0.0638234 0.06814 0.0704526 0.0705776 0.0685702 0.0647179 0.0594749 0.053357 0.0468434 0.0403146 0.0340298 0.0281374 0.0227063 0.0177694 0.0133643 0.00955416 0.00641573
 0.00954234 0.0148849 0.0212795 0.0283692 0.0358738 0.0435845 0.051218 0.0583189 0.06432 0.0686884 0.0710385 0.0711889 0.0691878 0.0653042 0.059968 0.0536787 0.0469207 0.0401038 0.0335316 0.0273978 0.0218061 0.0168082 0.0124424 0.00875473 0.00578913
 0.00963536 0.0150136 0.0214325 0.0285244 0.0360082 0.0436877 0.0513011 0.0584119 0.0644578 0.0688948 0.0713174 0.0715265 0.0695612 0.0656865 0.0603274 0.0539738 0.0471001 0.0401158 0.033342 0.0270057 0.0212503 0.0161593 0.0117849 0.00816482 0.00531708
 0.00989798 0.0153929 0.0219141 0.0290626 0.0365364 0.0441375 0.0516208 0.0585768 0.0644745 0.0687982 0.0711614 0.0713682 0.0694434 0.0656276 0.0603207 0.0539932 0.0471068 0.0400659 0.0331958 0.0267406 0.0208716 0.0157029 0.0113072 0.00772482 0.00495813
 0.0102692 0.0159375 0.0226231 0.0298871 0.0373973 0.0449448 0.0522906 0.0590417 0.0646906 0.0687541 0.0708841 0.07092 0.0689079 0.0650877 0.0598381 0.0535967 0.046792 0.0398029 0.0329444 0.0264649 0.0205538 0.0153493 0.0109457 0.00739191 0.00468459
 0.0104119 0.016174 0.0229859 0.0304045 0.0380818 0.0457772 0.0532077 0.0599386 0.0654437 0.0692549 0.0710684 0.0707816 0.0684945 0.0644849 0.0591461 0.0529065 0.046166 0.0392673 0.0324931 0.0260739 0.0201977 0.0150151 0.0106362 0.00712118 0.00446732
 0.0104408 0.0162282 0.0230824 0.0305674 0.0383411 0.0461638 0.0537422 0.0606173 0.066224 0.0700505 0.0717624 0.0712566 0.0686698 0.0643421 0.0587315 0.0523107 0.0454924 0.0386034 0.0318937 0.0255597 0.0197659 0.0146539 0.0103365 0.00687982 0.00428382
 0.0105622 0.0164031 0.0233047 0.0308197 0.0386033 0.0464254 0.054011 0.0609172 0.0665822 0.0704784 0.0722391 0.071724 0.0690433 0.0645364 0.0586914 0.0520316 0.045022 0.0380219 0.0312858 0.0249914 0.0192745 0.014252 0.0100214 0.00664299 0.00411481
 0.0104654 0.0162721 0.0231557 0.0306828 0.0385122 0.0464032 0.0540612 0.0610266 0.0667354 0.0706719 0.0724832 0.0720297 0.0694027 0.0649107 0.0590168 0.052242 0.045075 0.0379158 0.0310565 0.0246952 0.0189667 0.0139723 0.00979069 0.00646685 0.00398964
 0.0103517 0.0161 0.0229216 0.0303949 0.0381919 0.0460845 0.0537871 0.0608416 0.0666727 0.0707425 0.0726747 0.0723155 0.0697539 0.0653008 0.0594161 0.0526121 0.0453724 0.0381046 0.0311237 0.0246552 0.0188546 0.0138288 0.00964953 0.00634832 0.00390136
 0.0103974 0.0161552 0.0229695 0.0304081 0.0381408 0.0459496 0.0535707 0.0605716 0.0663968 0.070515 0.0725408 0.0722994 0.0698544 0.0654951 0.0596695 0.0528864 0.0456303 0.0383132 0.0312593 0.0247097 0.0188376 0.0137639 0.00956447 0.00626601 0.0038351
 0.0103948 0.0161509 0.0229619 0.0303931 0.0381096 0.0458872 0.0534582 0.0603927 0.0661497 0.0702211 0.0722462 0.0720628 0.0697281 0.0655069 0.0598151 0.0531336 0.0459308 0.0386166 0.0315232 0.0249072 0.0189602 0.0138197 0.00957261 0.00624841 0.0038096
 0.0101924 0.0158683 0.0226221 0.030046 0.0378163 0.0456965 0.0533862 0.060419 0.0662287 0.0703028 0.0722948 0.0720694 0.0697118 0.0655053 0.0598672 0.0532618 0.0461323 0.038865 0.0317804 0.0251366 0.0191373 0.0139366 0.00963617 0.00627378 0.00381328
 0.0100315 0.0156189 0.0222718 0.0295971 0.0372918 0.0451445 0.0528787 0.0600388 0.0660428 0.0703342 0.0725117 0.0723995 0.0700747 0.065844 0.0601613 0.0535216 0.0463797 0.0391149 0.032031 0.0253723 0.0193383 0.0140894 0.00973796 0.00633229 0.00384139
 0.00993613 0.0154586 0.0220207 0.029228 0.036783 0.0444907 0.0521051 0.0592091 0.0652561 0.0697065 0.072146 0.0723532 0.0703402 0.0663528 0.0608123 0.0542171 0.0470507 0.0397253 0.0325672 0.0258289 0.0197112 0.014376 0.00994191 0.0064646 0.00391881
 0.00977415 0.015222 0.0217129 0.0288656 0.0363859 0.0440689 0.0516525 0.0587112 0.0647092 0.0691381 0.0716216 0.0719641 0.0701734 0.066458 0.061182 0.0547899 0.0477354 0.0404316 0.0332268 0.0264012 0.0201785 0.0147355 0.0102006 0.00663693 0.00402388
