SBPRF35
9.11557
Curr Bio
562619
B35
616303
F35
0.197696
FOFL
0.164728
OFL
68663.5
Bzero
2.60445e+06
#pred survey bio
 2.94345e+06 3.15535e+06 3.38432e+06 3.43831e+06 3.07729e+06 2.79608e+06 2.4965e+06 2.20073e+06 1.88036e+06 1.53299e+06 1.34013e+06 1.20006e+06 1.06936e+06 990861 902575 823573 731579 647261 622519 616799 604037 556745 540959 531542 517679 506888 512240 524581 526954 528920 551872 592659 613049 574303 502745 454945 446983 466400 510165 548543 570448 561531 562740 567917 542468 532944 535975 514696 504772 526950 552154 589038 598040 607579 620142 651285 707474 732155 705444 628466 570425 1.84079e+07 1.14741e+07 1.22336e+07 1.33669e+07 1.46481e+07 1.58898e+07 1.69839e+07 1.78887e+07 1.86048e+07 1.91548e+07 1.95686e+07 1.98758e+07 2.0102e+07 2.02679e+07 2.03895e+07 2.04788e+07 2.05445e+07 2.05932e+07 2.06294e+07 2.06565e+07 2.06769e+07 2.06923e+07 2.07041e+07 2.07131e+07 2.072e+07 2.07253e+07 2.07294e+07 2.07326e+07 2.0735e+07 2.0737e+07 2.07385e+07 2.07396e+07 2.07406e+07 2.07413e+07 2.07418e+07 2.07423e+07 2.07426e+07 2.07429e+07 2.07431e+07 2.07433e+07 2.07435e+07 2.07436e+07 2.07436e+07 2.07437e+07 2.07438e+07 2.07438e+07 2.07438e+07 2.07439e+07 2.07439e+07 2.07439e+07 2.07439e+07 2.07439e+07 2.07439e+07 2.07439e+07 2.07439e+07 2.07439e+07 2.07439e+07 2.07439e+07 2.07439e+07 2.0744e+07 2.0744e+07 2.0744e+07 2.0744e+07 2.0744e+07 2.0744e+07 2.0744e+07 2.0744e+07 2.0744e+07 2.0744e+07 2.0744e+07 2.0744e+07 2.0744e+07 2.0744e+07 2.0744e+07 2.0744e+07 2.0744e+07 2.0744e+07 2.0744e+07 2.0744e+07 2.0744e+07 2.0744e+07 2.0744e+07 2.0744e+07 2.0744e+07 2.0744e+07 2.0744e+07 2.0744e+07 2.0744e+07 2.0744e+07 2.0744e+07 2.0744e+07 2.0744e+07 2.0744e+07 2.0744e+07 2.0744e+07 2.0744e+07 2.0744e+07 2.0744e+07 2.0744e+07 2.0744e+07 0 0 0 0 0 0 0 0 0 0 0 0 0 0 0 0 0 0 0 0 0 0 0 0 0
#obs survey bio
 2.89885e+06 3.05602e+06 3.7048e+06 4.23263e+06 2.975e+06 3.24816e+06 2.26414e+06 2.34339e+06 1.91144e+06 1.40173e+06 1.41756e+06 1.45516e+06 1.17498e+06 844872 667448 1.00046e+06 658792 638818 550696 667883 651821 566919 439834 519193 408097 535331 533401 584922 652300 509434 410501 559423 715017 797856 365564 418987 436532 450165 380791 755761 656286 527993 462190 560797 477713 467365 605808 415465 496434 524512 589800 686442 548357 666824 521528 598826 591153 847339 760331 721279 545300
#pred catch bio
 88299.4 94561.2 156330 212678 212003 280305 285678 286476 302156 299004 282678 279418 242976 253954 236430 220085 205353 156696 140046 129108 133017 122793 120174 114801 103891 100944 104182 103084 98193.6 102623 95601.3 102018 104132 98316.2 93115.8 84892.7 85922.4 80126.6 88369.1 80384.8 84290.1 88500.8 93352.3 94848.3 96279.5 94795.5 96508.8 92776.1 85398.9 89113.7 79107.6 96733.4 99048.3 93472.5 92928.6 74145.1 106466 102961 132622 92568 73938.2 68663.5 83806.4 88230.8 95709.8 104646 113314 120835 126912 131580 135037 137524 139277 140491 141322 141883 142260 142512 142678 142788 142861 142908 142939 142960 142973 142982 142987 142991 142993 142995 142996 142996 142997 142997 142997 142997 142997 142997 142998 142998 142998 142998 142998 142998 142998 142998 142998 142998 142998 142998 142998 142998 142998 142998 142998 142998 142998 142998 142998 142998 142998 142998 142998 142998 142998 142998 142998 142998 142998 142998 142998 142998 142998 142998 142998 142998 142998 142998 142998 142998 142998 142998 142998 142998 142998 142998 142998 142998 142998 142998 142998 142998 142998 142998 142998 142998 142998 142998 142998 142998 142998 0 0 0 0 0 0 0 0 0 0 0 0 0 0 0 0 0 0 0 0 0 0 0 0 0
#obs catch bio
 0 94308.3 156566 212761 211553 280904 285758 286259 301458 300108 283125 279621 242912 254667 237158 219402 205501 156823 140395 128985 132581 122992 120414 114835 103641 100944 104514 103025 97854.4 103012 95714.8 102172 103982 98122.1 93122.9 84908 86232.1 80176.7 88624.1 80210.6 84145.6 88519.1 93515.6 94666.1 96355.8 94945.6 96407.1 92760.5 85457.3 89283.6 78922.6 96783.1 99140.4 93365.2 93174.2 73795.6 106908 102553 133212 92449.4 73857.4
#pred cpue bio
 2.91161e+06 3.12163e+06 3.34659e+06 3.39822e+06 3.03981e+06 2.75957e+06 2.46112e+06 2.16695e+06 1.84906e+06 1.50502e+06 1.3131e+06 1.17362e+06 1.04358e+06 965024 877065 798675 708179 625312 600835 595055 582681 536775 521288 512128 498806 488418 493549 505509 507927 509893 531976 571578 591556 554449 485639 439317 430567 447659 489000 525834 547373 539102 540280 545322 521022 511765 514728 494402 484729 506044 530359 566298 575086 583989 595942 625792 680280 703825 677971 602845 547055 1.76598e+07 1.09841e+07 1.16225e+07 1.26777e+07 1.39412e+07 1.51801e+07 1.62738e+07 1.71785e+07 1.78947e+07 1.84447e+07 1.88585e+07 1.91656e+07 1.93918e+07 1.95577e+07 1.96793e+07 1.97686e+07 1.98344e+07 1.98831e+07 1.99193e+07 1.99464e+07 1.99668e+07 1.99822e+07 1.99939e+07 2.00029e+07 2.00098e+07 2.00151e+07 2.00192e+07 2.00224e+07 2.00249e+07 2.00268e+07 2.00283e+07 2.00295e+07 2.00304e+07 2.00311e+07 2.00317e+07 2.00322e+07 2.00325e+07 2.00328e+07 2.0033e+07 2.00332e+07 2.00333e+07 2.00334e+07 2.00335e+07 2.00336e+07 2.00336e+07 2.00337e+07 2.00337e+07 2.00337e+07 2.00337e+07 2.00338e+07 2.00338e+07 2.00338e+07 2.00338e+07 2.00338e+07 2.00338e+07 2.00338e+07 2.00338e+07 2.00338e+07 2.00338e+07 2.00338e+07 2.00338e+07 2.00338e+07 2.00338e+07 2.00338e+07 2.00338e+07 2.00338e+07 2.00338e+07 2.00338e+07 2.00338e+07 2.00338e+07 2.00338e+07 2.00338e+07 2.00338e+07 2.00338e+07 2.00338e+07 2.00338e+07 2.00338e+07 2.00338e+07 2.00338e+07 2.00338e+07 2.00338e+07 2.00338e+07 2.00338e+07 2.00338e+07 2.00338e+07 2.00338e+07 2.00338e+07 2.00338e+07 2.00338e+07 2.00338e+07 2.00338e+07 2.00338e+07 2.00338e+07 2.00338e+07 2.00338e+07 2.00338e+07 2.00338e+07 2.00338e+07 2.00338e+07 2.00338e+07 0 0 0 0 0 0 0 0 0 0 0 0 0 0 0 0 0 0 0 0 0 0 0 0 0
#obs cpue bio
 3.278e+06 2.25995e+06 3.63097e+06 4.70237e+06 2.3098e+06 2.29323e+06 2.67981e+06 2.14917e+06 2.32589e+06 1.06788e+06 1.29831e+06 1.08358e+06 871178 1.06556e+06 1.07568e+06 888973 726855 543718 612259 628770 709995 381341 625085 575558 722018 405382 391993 564328 489957 357498 693930 622773 645513 425080 619197 439856 369621 463900 640584 462112 523122 503247 580280 723476 506258 513762 575737 589339 415723 526588 515072 524620 573826 589374 602548 763400 684265 791611 557122 542334 564748
#pred surv len freq
 0.0042303 0.00698422 0.0107272 0.015508 0.0212408 0.0276095 0.0340538 0.0399271 0.0447478 0.0483539 0.0508625 0.052517 0.0535553 0.0541565 0.0544409 0.0544899 0.05437 0.0541334 0.0537674 0.0530908 0.0516678 0.0488656 0.044129 0.0373705 0.0292007
 0.00462185 0.00750262 0.0112924 0.0159809 0.0214731 0.0275144 0.0336565 0.0393545 0.0441624 0.0478742 0.0505229 0.0522837 0.0533801 0.0540258 0.0543918 0.0545892 0.0546678 0.0546186 0.0543475 0.053611 0.0519687 0.0488517 0.0438116 0.0368572 0.0286398
 0.00460636 0.00757799 0.0115818 0.0166354 0.0226012 0.0290913 0.0354709 0.0410543 0.0453931 0.0484321 0.0504226 0.051706 0.0525524 0.0531269 0.0535268 0.0538159 0.0540257 0.0541272 0.0539832 0.0532952 0.0515906 0.0483231 0.0431178 0.0360683 0.0278736
 0.00470919 0.00771135 0.0117287 0.0167814 0.0227659 0.0293577 0.0359805 0.0419434 0.0466906 0.0499876 0.0519319 0.0528366 0.0530919 0.0530559 0.0529845 0.0530054 0.0531294 0.053266 0.053208 0.052594 0.0509092 0.0476027 0.0423373 0.035265 0.0271259
 0.00500078 0.00816359 0.0123658 0.0176042 0.0237462 0.0304381 0.0370859 0.0430083 0.0476928 0.0509553 0.052903 0.0537885 0.0539009 0.0535343 0.0529755 0.052467 0.0521482 0.0520029 0.051823 0.051195 0.0495446 0.0462869 0.0410882 0.0341253 0.0261558
 0.00513765 0.0084201 0.0128131 0.0183253 0.0248106 0.0318642 0.038809 0.0448793 0.0495168 0.0525561 0.054177 0.0547182 0.0545185 0.0538599 0.0529766 0.0520705 0.0512976 0.050712 0.0501856 0.0493507 0.0476332 0.0444248 0.0393695 0.0326297 0.0249444
 0.00533428 0.0087409 0.0133005 0.0190258 0.0257734 0.0331332 0.0404058 0.0467798 0.0516317 0.0547273 0.0562006 0.0563928 0.0556984 0.0544826 0.0530474 0.0516198 0.0503487 0.0492841 0.0483244 0.0471548 0.045253 0.0420383 0.0371505 0.0307199 0.0234319
 0.00552176 0.00905374 0.0137862 0.0197336 0.026745 0.0343883 0.0419301 0.0485236 0.053521 0.0566757 0.0581111 0.058149 0.0571633 0.0555159 0.0535364 0.0515032 0.0496172 0.0479678 0.0464853 0.0448937 0.0427215 0.039434 0.0346882 0.0285871 0.0217474
 0.00568575 0.00933254 0.0142288 0.0203943 0.0276734 0.0356126 0.0434397 0.0502626 0.0553967 0.0585795 0.0599376 0.0598052 0.0585649 0.0565777 0.054167 0.0516124 0.0491347 0.0468634 0.044784 0.0426846 0.040161 0.0367367 0.0320963 0.0263197 0.0199492
 0.0059217 0.00972231 0.014827 0.0212563 0.0288445 0.0371116 0.0452406 0.0522873 0.0575249 0.0606715 0.0618587 0.0614433 0.0598382 0.0574317 0.0545624 0.0515111 0.048494 0.0456468 0.0429858 0.0403608 0.0374494 0.0338537 0.0293027 0.023861 0.0179926
 0.00609155 0.0100294 0.0153463 0.0220762 0.0300459 0.0387353 0.0472576 0.0545899 0.0599478 0.0630296 0.063982 0.0631976 0.0611316 0.0582124 0.0548095 0.0512203 0.0476636 0.0442727 0.041075 0.03796 0.0346762 0.0309078 0.0264394 0.0213305 0.0159719
 0.0063169 0.0103838 0.0158599 0.0227757 0.0309586 0.0398904 0.0486785 0.0562777 0.0618615 0.065074 0.066013 0.0650462 0.062638 0.0592545 0.0553149 0.0511604 0.0470376 0.0430943 0.0393713 0.035788 0.0321478 0.028204 0.0237936 0.0189774 0.0140821
 0.00662361 0.0108803 0.0166014 0.0238075 0.0323027 0.0415275 0.0505364 0.0582381 0.0637909 0.06686 0.0675823 0.0663538 0.0636428 0.0599033 0.0555467 0.0509213 0.0462948 0.0418419 0.0376326 0.0336235 0.0296693 0.0255831 0.0212462 0.0167193 0.0122707
 0.00675248 0.0111078 0.0169774 0.0243902 0.0331461 0.0426613 0.0519447 0.0598516 0.0654967 0.0685271 0.0690904 0.0676139 0.0646027 0.0605376 0.0558378 0.0508453 0.0458201 0.0409407 0.0362997 0.0318949 0.027637 0.0233977 0.0190994 0.0148024 0.0107248
 0.00692689 0.0114022 0.0174407 0.0250754 0.0341001 0.0439072 0.0534637 0.0615733 0.0673058 0.0702828 0.0706502 0.0688569 0.0654473 0.0609495 0.0558242 0.050436 0.0450463 0.0398232 0.0348553 0.0301567 0.0256776 0.021341 0.0171075 0.0130394 0.0093108
 0.00704786 0.0116067 0.0177637 0.0255561 0.0347756 0.0448018 0.0545766 0.0628712 0.0687235 0.071731 0.0720257 0.0700533 0.0663676 0.0615197 0.0560033 0.050218 0.0444517 0.0388872 0.0336187 0.0286696 0.0240126 0.0196038 0.0154316 0.0115589 0.00812424
 0.00721691 0.0118733 0.0181498 0.0260778 0.0354415 0.045611 0.0555145 0.0639066 0.0698106 0.072814 0.0730444 0.0709465 0.0670753 0.0619862 0.0561829 0.0500813 0.0439907 0.0381158 0.0325706 0.0273976 0.022591 0.01813 0.0140194 0.0103185 0.00713402
 0.00751483 0.0123378 0.0188109 0.0269473 0.0365085 0.046837 0.0568297 0.0652146 0.071006 0.0738076 0.0737818 0.0714103 0.0672741 0.0619383 0.0559044 0.0495814 0.0432744 0.037191 0.0314569 0.0261331 0.0212367 0.0167686 0.0127457 0.00921996 0.00626932
 0.007638 0.0125166 0.0190408 0.0272121 0.0367874 0.0471156 0.0571071 0.0655038 0.071326 0.0741733 0.0741952 0.0718569 0.0677234 0.0623484 0.0562277 0.0497712 0.0432908 0.0370066 0.0310632 0.0255461 0.0205002 0.0159516 0.0119315 0.00848872 0.00567819
 0.0076967 0.0126042 0.0191573 0.0273504 0.0369332 0.0472486 0.057206 0.0655539 0.0713293 0.0741551 0.0742001 0.071933 0.0679008 0.062625 0.0565671 0.0501131 0.043567 0.0371567 0.0310462 0.0253491 0.0201423 0.0154813 0.0114167 0.00799912 0.00526787
 0.00770436 0.0126121 0.0191608 0.0273424 0.0369058 0.0471962 0.0571276 0.0654537 0.0712167 0.0740444 0.0741119 0.0718941 0.0679404 0.0627648 0.0568098 0.050434 0.0439162 0.0374698 0.0312624 0.0254271 0.0200716 0.0152847 0.0111421 0.00770436 0.00500277
 0.00780556 0.0127734 0.0193967 0.0276611 0.0373047 0.0476553 0.0576058 0.065892 0.0715515 0.0742261 0.0741194 0.07174 0.0676667 0.062431 0.0564777 0.0501519 0.0437055 0.037321 0.0311422 0.0252948 0.0198973 0.0150616 0.0108875 0.00745021 0.00478079
 0.00776234 0.0127244 0.0193621 0.027673 0.0373982 0.0478548 0.0579123 0.0662788 0.0719695 0.0746152 0.0744229 0.0719167 0.0676993 0.0623307 0.0562797 0.0499051 0.0434568 0.0371014 0.030959 0.0251354 0.0197409 0.0148938 0.0107086 0.00727379 0.00462538
 0.00776322 0.0127152 0.0193304 0.027605 0.0372879 0.0477156 0.057782 0.0662118 0.0720148 0.0747926 0.0747098 0.0722555 0.0680191 0.0625717 0.0564105 0.0499264 0.0433943 0.0369913 0.0308327 0.0250101 0.0196199 0.0147734 0.0105875 0.00715705 0.00452229
 0.00789488 0.0128975 0.0195454 0.0278148 0.0374436 0.0477734 0.0577196 0.0660374 0.0717681 0.0745355 0.0745092 0.0721605 0.0680432 0.0626885 0.0565675 0.0500686 0.0434848 0.0370191 0.0308079 0.0249514 0.0195439 0.0146905 0.0105038 0.00707772 0.00445303
 0.00793941 0.0129712 0.0196569 0.0279682 0.037632 0.0479715 0.0578825 0.0661101 0.0717075 0.0743339 0.0742049 0.0718276 0.0677637 0.0625213 0.0565297 0.0501358 0.043608 0.037148 0.0309079 0.0250089 0.0195616 0.0146788 0.0104742 0.00704047 0.00441605
 0.00786313 0.0128661 0.019534 0.0278505 0.0375483 0.0479468 0.0579272 0.0662144 0.0718413 0.0744543 0.0742704 0.0718152 0.0676812 0.0624061 0.0564318 0.0500947 0.0436364 0.0372303 0.0310127 0.0251057 0.0196314 0.0147167 0.0104854 0.00703425 0.00440174
 0.00785512 0.0128423 0.0194795 0.0277483 0.0373883 0.0477365 0.0576988 0.0660186 0.0717282 0.0744506 0.0743664 0.0719697 0.0678415 0.0625319 0.0565101 0.0501395 0.0436745 0.0372834 0.0310862 0.0251895 0.0197093 0.0147759 0.0105214 0.00705016 0.00440443
 0.00793457 0.0129499 0.019601 0.0278554 0.0374446 0.047709 0.0575694 0.065793 0.0714381 0.0741483 0.0741112 0.0718086 0.0677923 0.062579 0.0566162 0.0502657 0.0437959 0.037393 0.0311871 0.0252847 0.019796 0.0148482 0.0105743 0.00708323 0.00442143
 0.00794276 0.0129678 0.0196354 0.027912 0.0375227 0.0477952 0.0576346 0.0657987 0.0713518 0.0739615 0.0738489 0.0715234 0.0675464 0.062421 0.0565655 0.0503107 0.0439054 0.0375325 0.0313304 0.0254169 0.0199103 0.014941 0.0106442 0.00713086 0.00445024
 0.00795438 0.0129884 0.0196696 0.0279658 0.0376023 0.0479043 0.0577709 0.0659497 0.0714927 0.0740582 0.0738676 0.0714453 0.067379 0.0621991 0.0563388 0.0501247 0.0437856 0.0374804 0.0313305 0.0254479 0.0199539 0.0149846 0.0106809 0.00715786 0.00446765
 0.00786572 0.0128432 0.0194503 0.0276583 0.0372031 0.0474288 0.0572602 0.0654676 0.0711105 0.0738324 0.0738219 0.0715648 0.0676193 0.0625058 0.0566671 0.0504496 0.0441005 0.037786 0.0316251 0.0257229 0.0201968 0.0151849 0.0108336 0.00726512 0.00453656
 0.00774837 0.0126669 0.0192114 0.027362 0.0368597 0.0470506 0.0568599 0.065062 0.070726 0.0735064 0.0735977 0.0714789 0.0676884 0.0627185 0.0569881 0.0508323 0.0445025 0.0381777 0.0319896 0.0260506 0.0204801 0.0154176 0.0110126 0.00739249 0.00461964
 0.00759804 0.0124401 0.0189035 0.0269817 0.0364282 0.0465979 0.0564214 0.0646729 0.0704147 0.0732892 0.0734782 0.0714549 0.0677587 0.0628848 0.0572479 0.0511725 0.0448971 0.0385938 0.0323956 0.0264221 0.0208015 0.0156803 0.0112142 0.00753643 0.00471426
 0.00771348 0.0125819 0.0190331 0.0270377 0.0363463 0.0463408 0.0560016 0.0641531 0.0698837 0.0728283 0.0731376 0.0712492 0.0676777 0.0629092 0.0573607 0.0513609 0.0451485 0.0388907 0.0327143 0.0267365 0.0210881 0.0159226 0.0114042 0.00767405 0.00480583
 0.00848083 0.013698 0.0204662 0.0286659 0.0379821 0.0477779 0.057059 0.0647057 0.0698812 0.0723051 0.0722061 0.0700692 0.0664123 0.0616875 0.0562638 0.0504279 0.0443909 0.0383041 0.032284 0.02644 0.0208979 0.0158102 0.011344 0.00764558 0.00479454
 0.00911826 0.0147262 0.0219894 0.0307513 0.0406174 0.05082 0.0602052 0.0675276 0.0719362 0.0732789 0.0720084 0.0688361 0.0644299 0.0592897 0.0537496 0.0480192 0.0422256 0.0364505 0.0307621 0.0252395 0.01999 0.0151551 0.0108958 0.00735701 0.00462109
 0.00911893 0.0148186 0.0222973 0.0314461 0.0418737 0.0527427 0.0627582 0.0705021 0.0749767 0.0759581 0.0739257 0.0697149 0.0641831 0.0580318 0.0517482 0.045608 0.0397187 0.0340874 0.0286915 0.0235304 0.0186536 0.0141649 0.0102033 0.00690261 0.00434346
 0.00888821 0.0144555 0.0217809 0.0307857 0.0411317 0.0520561 0.0623385 0.0705922 0.0757607 0.0774625 0.0759692 0.0719426 0.0661757 0.0594374 0.0523804 0.0454758 0.0389878 0.0330012 0.0274903 0.0223978 0.017698 0.0134273 0.00967747 0.00655547 0.00413162
 0.00880446 0.0143078 0.0215379 0.0304125 0.0406017 0.0513698 0.0615463 0.069808 0.0751562 0.0772319 0.0762684 0.0728198 0.0675259 0.0610131 0.053865 0.0465905 0.0395789 0.0330708 0.0271629 0.0218521 0.0171007 0.0128937 0.00926276 0.00626768 0.00395117
 0.00875432 0.0142046 0.0213425 0.0300757 0.0400767 0.0506325 0.0606154 0.0687543 0.0740977 0.0763188 0.0756614 0.0726609 0.0678993 0.0619039 0.0551395 0.0480195 0.0409059 0.0340941 0.0277931 0.0221171 0.0171052 0.012762 0.00909508 0.00612212 0.00384841
 0.00874299 0.0141905 0.0213274 0.0300587 0.0400475 0.050565 0.0604667 0.0684757 0.0736575 0.0757274 0.0749856 0.0720182 0.0674309 0.0617344 0.0553337 0.0485517 0.0416595 0.0348985 0.0284847 0.0225943 0.0173508 0.0128256 0.00905356 0.00604384 0.00377537
 0.00863727 0.0140482 0.0211678 0.0299177 0.0399668 0.0505742 0.0605667 0.0686331 0.0738106 0.0758042 0.0749276 0.0718052 0.0670975 0.0613669 0.0550444 0.0484372 0.0417605 0.035182 0.0288595 0.0229533 0.0176151 0.0129686 0.00909483 0.00602505 0.00373562
 0.00854273 0.0139027 0.0209657 0.0296638 0.0396797 0.0502892 0.0603338 0.0685052 0.0738231 0.0759539 0.0751657 0.0720524 0.0672761 0.061435 0.0550136 0.0483655 0.0417223 0.035231 0.0290034 0.0231551 0.0178173 0.0131239 0.00918482 0.00605869 0.00373521
 0.00858854 0.0139573 0.0210114 0.0296726 0.0396223 0.0501485 0.060117 0.0682466 0.073576 0.0757732 0.0750892 0.0720864 0.0673922 0.0615812 0.0551381 0.0484403 0.0417541 0.0352516 0.0290467 0.0232349 0.0179219 0.0132272 0.00926396 0.00610487 0.00375359
 0.00851842 0.0138777 0.0209533 0.0296809 0.0397377 0.0503818 0.0604323 0.0685683 0.0738194 0.0758825 0.0750587 0.0719552 0.0672179 0.0614113 0.0549935 0.0483183 0.0416437 0.0351488 0.0289591 0.0231745 0.0178938 0.0132251 0.00927425 0.00611526 0.00375816
 0.00842896 0.0137338 0.0207423 0.0293992 0.0393991 0.050026 0.0601246 0.0683828 0.073808 0.0760464 0.0753446 0.0722803 0.0675097 0.0616336 0.0551472 0.0484234 0.04172 0.0352078 0.0290066 0.0232151 0.0179317 0.013262 0.00930809 0.0061424 0.00377635
 0.00857163 0.0139269 0.0209608 0.0295952 0.0395151 0.0500165 0.0599762 0.0681227 0.0734967 0.0757586 0.0751443 0.072199 0.067537 0.0617274 0.055257 0.0485125 0.0417746 0.0352326 0.0290134 0.0232151 0.0179321 0.0132658 0.00931512 0.00615053 0.0037833
 0.00863177 0.0140378 0.0211491 0.0298864 0.0399179 0.0505044 0.0604772 0.0685327 0.0737167 0.0757377 0.0749025 0.0718158 0.0671137 0.0613461 0.0549575 0.0482939 0.0416139 0.0351051 0.0289046 0.0231212 0.0178551 0.0132077 0.00927545 0.00612612 0.0037697
 0.00858921 0.0139679 0.0210446 0.0297448 0.0397477 0.0503301 0.0603386 0.0684717 0.0737555 0.075862 0.0750638 0.0719558 0.0671954 0.0613698 0.0549523 0.0482945 0.0416401 0.0351561 0.0289671 0.023181 0.0179039 0.0132437 0.00930059 0.00614311 0.00378079
 0.00857264 0.0139385 0.0209955 0.029668 0.0396359 0.0501807 0.060158 0.0682792 0.0735826 0.0757446 0.0750287 0.0720079 0.0673134 0.0615167 0.0550936 0.0484131 0.0417374 0.0352421 0.0290491 0.0232588 0.0179729 0.0132995 0.00934174 0.00617105 0.00379837
 0.00844594 0.0137323 0.0206859 0.0292354 0.0390724 0.0494999 0.0594037 0.0675246 0.0729173 0.0752541 0.0747754 0.0720195 0.0675792 0.0619906 0.0557047 0.0490823 0.042396 0.0358433 0.029569 0.0236899 0.0183161 0.0135603 0.00952894 0.00629674 0.00387664
 0.0086163 0.0139769 0.0209929 0.0295705 0.0393847 0.0497339 0.0595111 0.0674737 0.0726995 0.074889 0.0743113 0.0715254 0.0671298 0.0616475 0.0555022 0.0490214 0.0424498 0.0359704 0.029728 0.0238494 0.0184571 0.0136744 0.00961442 0.00635604 0.00391454
 0.00868806 0.0141092 0.0212188 0.0299239 0.0398846 0.0503626 0.0602004 0.0681115 0.073162 0.0750825 0.0742023 0.0711461 0.0665614 0.0609931 0.0548609 0.0484685 0.0420263 0.0356826 0.0295566 0.0237624 0.0184228 0.0136679 0.00961963 0.00636421 0.00392171
 0.00876126 0.014207 0.0213287 0.0300259 0.0399632 0.0504207 0.0602654 0.0682229 0.0733451 0.0753236 0.074445 0.0713136 0.066592 0.0608682 0.0546095 0.0481518 0.0417118 0.0354222 0.0293751 0.0236589 0.0183797 0.013662 0.00963117 0.00637999 0.00393522
 0.0088268 0.0143075 0.0214672 0.0301986 0.0401565 0.0506115 0.0604243 0.0683246 0.073381 0.0753092 0.0744123 0.0712901 0.0665809 0.0608461 0.0545436 0.0480239 0.0415312 0.0352205 0.0291897 0.0235164 0.0182885 0.0136154 0.00961468 0.00637934 0.00394024
 0.00870484 0.0141097 0.021172 0.0297897 0.0396305 0.0499875 0.0597504 0.067674 0.0728365 0.0749417 0.0742658 0.0713768 0.0668829 0.0613184 0.0551201 0.0486292 0.0420987 0.0357082 0.0295847 0.0238273 0.0185319 0.0138052 0.00975931 0.00648407 0.00401059
 0.00877157 0.0142245 0.0213545 0.030057 0.0399869 0.050412 0.0601893 0.0680489 0.0730682 0.07498 0.0741078 0.0710658 0.0664901 0.0609187 0.054771 0.0483595 0.0419084 0.0355783 0.0294923 0.0237566 0.0184769 0.0137657 0.00973535 0.00647292 0.00400768
 0.00883802 0.0143208 0.0214786 0.0302018 0.0401451 0.0505817 0.0603748 0.0682542 0.0732847 0.0751791 0.0742453 0.0710992 0.0663996 0.0607178 0.054502 0.0480752 0.0416524 0.0353741 0.0293427 0.0236521 0.0184051 0.0137173 0.00970433 0.00645502 0.00399896
 0.00894601 0.0145397 0.0218847 0.0308832 0.0411691 0.051948 0.0619818 0.0699055 0.0747432 0.0762394 0.0747864 0.0710963 0.0659044 0.0598306 0.0533482 0.0467879 0.0403559 0.0341684 0.0282938 0.0227909 0.0177343 0.0132208 0.00935656 0.00622624 0.00385898
 0.0090104 0.0145926 0.021874 0.0307433 0.0408563 0.0514862 0.0614863 0.0695561 0.074708 0.0765916 0.0754662 0.0719393 0.0667146 0.0604507 0.0536968 0.0468605 0.0402045 0.0338731 0.0279373 0.0224403 0.017432 0.0129853 0.00918817 0.00611514 0.00379137
#obs surv len freq
 nan nan nan nan nan nan nan nan nan nan nan nan nan nan nan nan nan nan nan nan nan nan nan nan nan
 0.00448328 0.0073439 0.0111731 0.0159887 0.0216888 0.0279638 0.0342777 0.0400091 0.0446891 0.0481537 0.0505126 0.0520095 0.0529029 0.0534163 0.0537313 0.0539869 0.0542659 0.0545589 0.0546978 0.0542898 0.0527278 0.0493597 0.0438092 0.0362887 0.0276717
 0.00461565 0.007561 0.011503 0.0164576 0.0223147 0.0287463 0.0351884 0.0409889 0.0456565 0.049021 0.0512027 0.0524673 0.0531004 0.0533531 0.0534298 0.0534845 0.0536064 0.053785 0.0538487 0.0534025 0.0518411 0.0485169 0.0430551 0.0356614 0.0271923
 0.00477422 0.00782112 0.0118989 0.0170227 0.0230753 0.0297112 0.0363372 0.0422668 0.0469792 0.0502878 0.0523117 0.053328 0.0536436 0.0535382 0.0532485 0.0529584 0.0527807 0.0527192 0.0526089 0.0520589 0.0504688 0.047196 0.0418651 0.0346679 0.0264316
 0.00496903 0.00813832 0.0123773 0.0176991 0.0239776 0.0308483 0.0376871 0.0437719 0.0485527 0.0518276 0.0537135 0.0544942 0.0544885 0.0539935 0.05327 0.0525317 0.051924 0.0514816 0.051066 0.0503081 0.0486255 0.0453875 0.040217 0.0332828 0.0253671
 0.00518174 0.00848804 0.0129108 0.0184623 0.0250063 0.0321539 0.0392422 0.045506 0.0503626 0.0535975 0.0553327 0.0558656 0.0555295 0.0546343 0.0534543 0.0522214 0.0511058 0.0501758 0.0493327 0.0482505 0.0463872 0.0431405 0.0381376 0.0315181 0.0240026
 0.00542294 0.00888091 0.0135037 0.0193012 0.0261271 0.0335689 0.040926 0.0473894 0.05234 0.0555457 0.0571296 0.0574028 0.0567173 0.0554014 0.0537448 0.0519928 0.0503312 0.048853 0.047499 0.0459973 0.0438661 0.0405531 0.0357036 0.0294282 0.022374
 0.00564488 0.00924725 0.0140654 0.0201093 0.0272231 0.0349692 0.0426064 0.0492796 0.0543344 0.0575236 0.058974 0.0590094 0.0579967 0.0562784 0.054157 0.0518892 0.0496739 0.0476243 0.0457167 0.0437346 0.0412672 0.0378283 0.0330966 0.0271607 0.02059
 0.00589259 0.00965066 0.0146741 0.0209705 0.0283735 0.0364216 0.0443355 0.0512152 0.0563702 0.059536 0.0608416 0.0606255 0.0592742 0.0571484 0.0545652 0.0517906 0.0490315 0.0464143 0.0439444 0.0414582 0.0386186 0.0350154 0.0303732 0.0247676 0.0186914
 0.00613681 0.0100541 0.0152927 0.02186 0.0295772 0.0379525 0.0461583 0.0532423 0.0584761 0.0615839 0.0627064 0.0622055 0.0604918 0.0579463 0.0549007 0.0516302 0.0483469 0.0451856 0.0421737 0.0391933 0.0359781 0.0321962 0.0276253 0.0223362 0.0167499
 0.00637075 0.0104354 0.0158689 0.0226769 0.0306716 0.0393399 0.0478181 0.0551103 0.0604503 0.0635406 0.0645199 0.0637632 0.0617033 0.0587469 0.0552475 0.0514954 0.0477107 0.0440353 0.0405136 0.0370663 0.0334902 0.0295275 0.0250095 0.020008 0.0148802
 0.00662474 0.0108502 0.0164965 0.0235656 0.0318562 0.0408252 0.0495642 0.0570294 0.0624211 0.065434 0.0662198 0.0651764 0.0627595 0.0593956 0.0554551 0.0512415 0.0469842 0.0428335 0.0388486 0.0349824 0.0310861 0.0269676 0.0225084 0.0177829 0.0130912
 0.00684699 0.0112189 0.0170647 0.0243871 0.0329732 0.0422509 0.0512645 0.0589171 0.0643692 0.0673014 0.0678773 0.0665225 0.0637253 0.0599413 0.0555634 0.0509083 0.046212 0.0416299 0.037233 0.0330014 0.0288319 0.0245887 0.0201964 0.0157315 0.0114432
 0.00706138 0.011571 0.0176014 0.0251546 0.0340083 0.0435667 0.0528353 0.0606712 0.0661969 0.0690738 0.069467 0.0678199 0.0646488 0.0604417 0.0556219 0.0505291 0.0454124 0.040434 0.0356737 0.0311312 0.0267395 0.0224079 0.0180953 0.0138778 0.00995921
 0.00725856 0.0118928 0.0180881 0.0258443 0.0349298 0.0447278 0.0542106 0.062198 0.0677831 0.0706142 0.0708592 0.0689737 0.065491 0.0609196 0.0557047 0.0502082 0.0446984 0.0393521 0.0342628 0.0294495 0.024874 0.02048 0.016251 0.0122597 0.00866889
 0.00742028 0.0121581 0.0184915 0.0264194 0.0357021 0.0457042 0.0553689 0.063483 0.0691152 0.0719046 0.0720242 0.0699425 0.066208 0.061343 0.055806 0.0499723 0.0441238 0.0384527 0.0330698 0.0280162 0.0232812 0.0188369 0.0146847 0.0108906 0.00758068
 0.007534 0.0123455 0.0187786 0.0268322 0.0362623 0.0464214 0.0562322 0.0644576 0.070146 0.0729262 0.0729705 0.0707541 0.066835 0.0617471 0.0559597 0.0498574 0.0437321 0.0377873 0.0321499 0.0268827 0.0220019 0.0175058 0.0134106 0.00977542 0.0066945
 0.00758065 0.0124193 0.0188866 0.0269814 0.0364613 0.046681 0.0565647 0.0648734 0.0706485 0.0735066 0.0736049 0.0714034 0.0674497 0.0622729 0.0563447 0.0500576 0.0437147 0.0375344 0.0316622 0.0261845 0.0211447 0.0165669 0.0124824 0.00894635 0.00602705
 0.00764786 0.0125174 0.0190135 0.0271286 0.0366167 0.0468346 0.056713 0.0650221 0.0708114 0.0737022 0.0738504 0.0717071 0.0678039 0.0626509 0.0567032 0.0503441 0.0438775 0.0375318 0.0314709 0.0258062 0.0206103 0.0159343 0.011827 0.00834308 0.00553188
 0.00772541 0.0126398 0.0191903 0.0273637 0.0369056 0.0471607 0.0570466 0.0653248 0.071048 0.0738545 0.0739247 0.0717312 0.0678139 0.0626758 0.0567526 0.0504043 0.0439153 0.0375052 0.0313422 0.0255551 0.0202425 0.0154833 0.0113466 0.00789185 0.00515611
 0.0077713 0.0127112 0.0192917 0.0274976 0.0370719 0.0473564 0.0572644 0.0655515 0.0712642 0.0740378 0.0740559 0.0718012 0.0678286 0.062654 0.0567184 0.0503747 0.0438912 0.0374692 0.0312659 0.0254121 0.0200216 0.0151962 0.0110256 0.00757904 0.00488842
 0.00783355 0.0128042 0.0194164 0.0276495 0.0372423 0.0475351 0.0574412 0.0657173 0.0714115 0.0741599 0.074147 0.0718561 0.0678437 0.0626301 0.0566624 0.0502987 0.0438068 0.0373802 0.0311656 0.0252862 0.0198584 0.0149954 0.0108024 0.00735895 0.00469704
 0.00786466 0.0128546 0.0194915 0.0277532 0.0373749 0.0476908 0.0576074 0.0658759 0.0715443 0.0742554 0.0742028 0.0718774 0.0678384 0.0626041 0.0566191 0.0502403 0.043736 0.0372997 0.0310754 0.0251828 0.0197365 0.0148542 0.0106489 0.00720764 0.00456411
 0.00786545 0.0128563 0.019495 0.0277601 0.0373878 0.0477133 0.0576432 0.0659275 0.0716109 0.0743316 0.0742801 0.0719469 0.0678935 0.0626426 0.0566413 0.0502475 0.0437291 0.0372788 0.0310397 0.025131 0.0196677 0.0147693 0.0105533 0.00711088 0.00447716
 0.00786309 0.0128472 0.0194719 0.0277137 0.0373104 0.0476037 0.0575106 0.0657914 0.071496 0.0742605 0.074266 0.0719908 0.0679856 0.062766 0.0567776 0.0503809 0.043848 0.0373758 0.0311105 0.0251733 0.0196813 0.0147568 0.0105206 0.00706681 0.0044315
 0.00788746 0.0128787 0.019504 0.0277346 0.0373056 0.04756 0.0574212 0.0656588 0.0713338 0.0740911 0.0741172 0.0718885 0.067947 0.0627946 0.0568635 0.0505047 0.0439876 0.0375114 0.0312277 0.0252633 0.0197405 0.0147864 0.0105256 0.00705505 0.00441172
 0.00788235 0.012872 0.0194964 0.0277268 0.0372964 0.0475448 0.0573913 0.0656037 0.071246 0.0739716 0.0739782 0.0717521 0.067839 0.0627369 0.0568675 0.0505685 0.0440971 0.0376457 0.0313648 0.0253854 0.0198363 0.0148518 0.0105626 0.00707003 0.00441265
 0.00788988 0.0128798 0.0195004 0.0277208 0.0372747 0.0475047 0.0573353 0.0655382 0.0711774 0.0739028 0.0739085 0.0716804 0.0677687 0.0626779 0.0568337 0.050572 0.0441425 0.0377275 0.0314689 0.0254942 0.0199339 0.0149281 0.0106142 0.00709948 0.00442586
 0.00787632 0.0128588 0.0194705 0.027681 0.0372237 0.0474416 0.0572593 0.0654508 0.0710834 0.0738109 0.0738288 0.0716213 0.0677342 0.062668 0.0568472 0.0506089 0.0442038 0.0378126 0.0315726 0.0256061 0.0200411 0.0150192 0.0106828 0.00714492 0.00445203
 0.00785934 0.0128276 0.0194173 0.0275971 0.0371027 0.0472833 0.0570734 0.0652557 0.0709019 0.0736632 0.0737283 0.0715736 0.0677384 0.0627189 0.0569367 0.0507275 0.0443426 0.0379637 0.0317287 0.025759 0.0201819 0.0151391 0.0107761 0.00721052 0.00449334
 0.00785842 0.0128244 0.0194089 0.0275791 0.0370691 0.0472275 0.05699 0.065143 0.0707644 0.0735129 0.0735832 0.0714531 0.0676585 0.062688 0.056955 0.0507891 0.0444377 0.0380815 0.0318585 0.0258908 0.0203062 0.0152478 0.0108634 0.00727425 0.0045353
 0.00782637 0.0127728 0.0193323 0.0274731 0.036932 0.0470618 0.0568036 0.0649492 0.0705791 0.0733513 0.0734573 0.0713719 0.0676279 0.0627116 0.0570321 0.050914 0.0446 0.0382674 0.0320532 0.0260804 0.0204788 0.0153945 0.0109792 0.00735851 0.00459124
 0.0078029 0.0127347 0.019275 0.0273925 0.0368252 0.0469286 0.056648 0.06478 0.070409 0.0731945 0.0733273 0.0712791 0.0675794 0.0627107 0.0570792 0.0510063 0.0447314 0.0384281 0.0322304 0.0262599 0.020647 0.0155405 0.0110963 0.00744477 0.00464929
 0.00775712 0.0126607 0.0191647 0.0272394 0.0366263 0.0466876 0.0563775 0.0645017 0.0701496 0.0729796 0.073176 0.071202 0.0675784 0.0627809 0.0572112 0.0511881 0.0449497 0.0386689 0.0324792 0.0265017 0.0208678 0.015729 0.0112458 0.00755422 0.00472271
 0.00773546 0.0126187 0.0190893 0.0271147 0.0364383 0.0464307 0.0560609 0.0641503 0.0697995 0.0726694 0.0729383 0.0710585 0.0675381 0.0628411 0.0573595 0.0514064 0.0452168 0.0389635 0.0327809 0.026792 0.0211307 0.0159521 0.0114223 0.00768321 0.00480924
 0.00933019 0.0148539 0.0217926 0.0299037 0.0388303 0.0480186 0.0566535 0.0638018 0.0687335 0.0711654 0.0712462 0.0693628 0.0659583 0.0614449 0.0561772 0.050442 0.0444576 0.0383872 0.0323608 0.0265 0.0209393 0.0158356 0.0113575 0.00765127 0.00479583
 0.00931252 0.0151206 0.0227149 0.0319424 0.0423359 0.0529605 0.0624479 0.0694049 0.0730103 0.0733346 0.0711377 0.0673645 0.0627465 0.057696 0.0523984 0.0469383 0.0413763 0.0357777 0.0302206 0.0248005 0.0196381 0.0148815 0.0106932 0.00721608 0.00453002
 0.00897413 0.0145861 0.0219617 0.0310173 0.0414104 0.0523689 0.0626484 0.0708173 0.0757662 0.0770905 0.075115 0.0706446 0.0646539 0.0580332 0.0514198 0.0451373 0.0392515 0.0336952 0.0283866 0.0232978 0.0184747 0.0140271 0.0100996 0.00682851 0.00429416
 0.00879298 0.0142838 0.0214928 0.0303377 0.0404938 0.0512386 0.061418 0.0697198 0.0751367 0.0772752 0.0763163 0.0727734 0.0672935 0.0605735 0.0533046 0.0460775 0.0392848 0.0330872 0.0274683 0.0223396 0.0176385 0.0133776 0.00963856 0.0065263 0.00411103
 0.00872425 0.0141658 0.0213025 0.0300476 0.0400751 0.0506686 0.0606929 0.0688707 0.0742476 0.0764954 0.0758513 0.0728334 0.068002 0.0618751 0.054941 0.0476702 0.0404898 0.0337286 0.0275741 0.0220773 0.0172109 0.0129432 0.00928364 0.00627567 0.00395346
 0.00868308 0.0140982 0.0211992 0.0298982 0.0398683 0.0503932 0.0603401 0.068437 0.0737404 0.0759421 0.075311 0.0724047 0.0678118 0.0620391 0.0555022 0.0485518 0.0415019 0.0346394 0.0282075 0.0223759 0.0172314 0.012801 0.00909024 0.0061028 0.0038294
 0.00869423 0.0141097 0.0212041 0.0298855 0.039825 0.0503078 0.0602051 0.0682497 0.0735014 0.0756545 0.0749837 0.0720611 0.0674984 0.0618263 0.0554679 0.0487467 0.0419133 0.03518 0.0287452 0.0227912 0.0174658 0.012868 0.00904877 0.00601857 0.00374806
 0.00868219 0.0140944 0.0211884 0.0298735 0.0398195 0.0503066 0.060199 0.068224 0.0734406 0.075548 0.0748294 0.0718663 0.0672807 0.0616156 0.0553067 0.0486827 0.041981 0.0353795 0.0290324 0.0230922 0.0177094 0.013016 0.00910432 0.00601221 0.00371543
 0.00867763 0.014087 0.0211778 0.0298598 0.0398041 0.0502925 0.0601902 0.0682231 0.0734459 0.0755509 0.0748164 0.0718233 0.0672001 0.0615015 0.0551774 0.0485687 0.0419166 0.03539 0.0291205 0.0232337 0.0178626 0.0131414 0.00918115 0.0060425 0.00371527
 0.00864235 0.0140346 0.0211079 0.0297756 0.0397114 0.0501985 0.0601029 0.0681506 0.0733957 0.0755284 0.0748218 0.0718503 0.0672365 0.0615337 0.0551963 0.048575 0.0419224 0.0354133 0.0291755 0.0233216 0.0179695 0.0132448 0.00926163 0.00609209 0.00373777
 0.00865027 0.0140427 0.0211115 0.029768 0.0396861 0.0501529 0.0600405 0.0680808 0.0733303 0.0754777 0.0747911 0.07184 0.0672424 0.061549 0.0552132 0.048588 0.0419309 0.0354226 0.0291945 0.023357 0.0180205 0.0133027 0.00931474 0.0061315 0.00376111
 0.00864505 0.0140367 0.0211068 0.0297671 0.0396905 0.0501606 0.0600454 0.0680748 0.0733074 0.0754375 0.0747407 0.0717905 0.0672041 0.0615274 0.0552078 0.0485942 0.0419433 0.0354382 0.0292137 0.023382 0.0180525 0.0133395 0.00935092 0.00616144 0.00378174
 0.00864448 0.0140339 0.0210995 0.0297527 0.039667 0.0501291 0.0600101 0.0680417 0.0732814 0.0754199 0.0747288 0.0717804 0.0671944 0.0615197 0.055206 0.0486009 0.0419587 0.0354602 0.02924 0.0234109 0.0180833 0.0133707 0.00938023 0.00618603 0.00379975
 0.00863033 0.0140129 0.0210715 0.0297185 0.0396281 0.0500867 0.0599653 0.067996 0.0732378 0.075383 0.0747037 0.0717705 0.0671996 0.0615375 0.0552326 0.0486333 0.0419952 0.0354995 0.0292807 0.0234514 0.0181219 0.0134059 0.00941051 0.00621019 0.00381724
 0.00860846 0.0139777 0.0210195 0.0296472 0.0395375 0.0499804 0.0598515 0.0678869 0.0731461 0.0753192 0.0746728 0.0717727 0.0672317 0.0615939 0.0553065 0.0487177 0.0420832 0.0355859 0.0293615 0.0235243 0.0181851 0.0134585 0.00945213 0.00624112 0.00383853
 0.00860846 0.0139777 0.0210195 0.0296472 0.0395375 0.0499804 0.0598515 0.0678869 0.0731461 0.0753192 0.0746728 0.0717727 0.0672317 0.0615939 0.0553065 0.0487177 0.0420832 0.0355859 0.0293615 0.0235243 0.0181851 0.0134585 0.00945213 0.00624112 0.00383853
 0.00845131 0.0137317 0.0206675 0.0291824 0.038967 0.04933 0.0591695 0.0672417 0.0726139 0.0749653 0.0745364 0.0718589 0.0675153 0.0620288 0.0558374 0.04929 0.0426509 0.0361143 0.0298283 0.0239174 0.0185011 0.0137002 0.00962702 0.00636001 0.00391379
 0.00855114 0.0138714 0.0208356 0.0293525 0.0391034 0.0493977 0.0591435 0.0671126 0.0723897 0.0746707 0.0742096 0.0715455 0.0672584 0.0618595 0.0557682 0.0493147 0.0427486 0.0362576 0.0299901 0.0240758 0.0186413 0.0138146 0.00971365 0.00642088 0.00395334
 0.00865559 0.0140506 0.0211204 0.0297711 0.0396674 0.0500836 0.0598809 0.0677912 0.0728899 0.0749025 0.0741408 0.0712062 0.0667238 0.0612241 0.0551222 0.0487272 0.0422608 0.035883 0.0297214 0.0238943 0.0185252 0.0137439 0.00967285 0.00639873 0.00394219
 0.00852901 0.0138621 0.0208704 0.0294763 0.0393614 0.0498148 0.0597052 0.0677577 0.0730209 0.0751772 0.0744955 0.0715559 0.0669948 0.0613793 0.0551673 0.0486984 0.042204 0.0358359 0.0297042 0.0239095 0.0185635 0.013792 0.00971923 0.00643643 0.00396897
 0.00861966 0.0139885 0.0210224 0.0296316 0.0394937 0.0499049 0.0597508 0.0677753 0.0730386 0.0752224 0.0745808 0.0716698 0.0671034 0.0614389 0.0551439 0.048583 0.0420162 0.0356142 0.0294891 0.0237304 0.0184329 0.0137079 0.00967115 0.00641218 0.00395832
 0.00844743 0.0137294 0.020671 0.0291964 0.0389939 0.0493663 0.0592038 0.0672579 0.0725986 0.0749143 0.0744556 0.0717595 0.067406 0.0619129 0.0557165 0.0491715 0.0425521 0.0360585 0.0298346 0.0239905 0.0186278 0.0138545 0.00978025 0.00649022 0.00401054
 0.00864816 0.0140258 0.0210613 0.0296585 0.0394901 0.049852 0.0596339 0.0675889 0.0727911 0.0749398 0.0743072 0.0714599 0.0670067 0.0614802 0.0553099 0.0488261 0.0422733 0.0358324 0.0296435 0.0238246 0.0184869 0.0137426 0.00969941 0.00643778 0.00398015
 0.00862439 0.0140166 0.0211001 0.0297904 0.039755 0.0502603 0.0601499 0.0681342 0.0732705 0.0752738 0.0744539 0.071418 0.066805 0.0611653 0.0549359 0.0484445 0.0419236 0.0355358 0.0294032 0.0236339 0.018337 0.0136275 0.00961532 0.0063809 0.00394518
 0.00895026 0.0145233 0.0218194 0.0307358 0.0409182 0.0516067 0.0616099 0.0695976 0.0745923 0.0762969 0.0750426 0.0714919 0.0663598 0.0602733 0.053725 0.0470661 0.0405204 0.0342199 0.0282474 0.0226732 0.0175777 0.0130567 0.00920922 0.00610964 0.00377677
 0.00867705 0.0141259 0.0213095 0.0301579 0.0403426 0.0511149 0.0612812 0.0694991 0.0747683 0.076755 0.0757406 0.0723349 0.0672175 0.0610127 0.054248 0.0473337 0.0405546 0.0340841 0.0280188 0.0224191 0.0173436 0.0128656 0.00906725 0.00601262 0.00371572
#pred catch len freq
 0.00310644 0.00507767 0.00772684 0.0111184 0.0152998 0.0202462 0.0258016 0.0316805 0.0375325 0.0430164 0.047849 0.0518379 0.0549042 0.0570794 0.0584735 0.0592377 0.0595371 0.0595195 0.0592434 0.0585592 0.0570171 0.0539359 0.0487121 0.041253 0.0322349
 0.00340276 0.00547352 0.00816627 0.0115024 0.0155218 0.0202428 0.0255874 0.0313403 0.0371729 0.0427099 0.0476079 0.0516319 0.0547039 0.0568951 0.0583648 0.0592875 0.0598046 0.0599937 0.0598225 0.0590728 0.0572903 0.0538652 0.048312 0.0406446 0.0315832
 0.00342167 0.00556976 0.00842463 0.0120223 0.016368 0.0213826 0.0268572 0.0324827 0.0379401 0.042974 0.0474042 0.051111 0.0540386 0.0562122 0.0577356 0.0587567 0.0594115 0.0597612 0.059726 0.0590243 0.0571629 0.0535532 0.0477885 0.0399768 0.0308945
 0.00353109 0.00572254 0.00861606 0.0122529 0.0166685 0.0218352 0.0275847 0.033587 0.0394118 0.0446342 0.0489394 0.0521991 0.0544886 0.0560279 0.057074 0.0578317 0.058411 0.0588082 0.0588709 0.0582516 0.0564118 0.0527584 0.0469266 0.039089 0.0300678
 0.00377513 0.00609803 0.00913953 0.0129208 0.0174554 0.022698 0.0284767 0.0344818 0.0403256 0.0456187 0.0500303 0.053345 0.0555217 0.0567161 0.0572313 0.0574073 0.0575002 0.057589 0.057519 0.0568837 0.0550767 0.051466 0.0456895 0.0379482 0.0290863
 0.0039439 0.00638935 0.00960879 0.0136284 0.0184508 0.0239949 0.0300295 0.0361807 0.0420208 0.0471664 0.0513375 0.0543835 0.0562993 0.0572232 0.0574049 0.057149 0.0567385 0.0563362 0.0558786 0.0550098 0.0531219 0.0495544 0.0439193 0.0364018 0.0278285
 0.00413855 0.00670184 0.0100749 0.0142871 0.0193467 0.0251762 0.0315335 0.0380085 0.0441085 0.0493719 0.0534568 0.0562007 0.0576467 0.0580156 0.0576287 0.0568196 0.0558676 0.0549361 0.0539954 0.0527498 0.0506491 0.0470616 0.0415936 0.0343952 0.0262357
 0.00433208 0.00701638 0.0105488 0.0149584 0.0202492 0.026333 0.0329498 0.0396676 0.0459721 0.051378 0.0555112 0.058168 0.0593559 0.0592888 0.0583216 0.0568499 0.0552163 0.0536316 0.0521038 0.0503817 0.0479709 0.0442901 0.0389637 0.0321119 0.0244292
 0.00453864 0.00735246 0.0110562 0.0156789 0.0212203 0.0275785 0.0344685 0.0414239 0.0478969 0.0533787 0.0574848 0.0600098 0.0609604 0.0605455 0.0591137 0.0570655 0.0547696 0.0524852 0.0502841 0.0479877 0.0451772 0.0413357 0.0361182 0.0296191 0.0224504
 0.00481145 0.00779024 0.0117054 0.0165818 0.0224107 0.0290733 0.036255 0.0434498 0.0500696 0.0555754 0.05957 0.0618542 0.0624559 0.0616102 0.0596849 0.0570867 0.0541841 0.0512473 0.0483855 0.0454905 0.042235 0.0381902 0.0330601 0.0269218 0.020301
 0.00500492 0.00812164 0.0122363 0.0173824 0.0235475 0.0305887 0.0381439 0.0456474 0.0524562 0.0579957 0.0618562 0.0638482 0.0640277 0.0626682 0.0601758 0.0569835 0.0534707 0.0499116 0.0464318 0.0429697 0.0392783 0.03502 0.0299607 0.0241726 0.0181003
 0.00526153 0.00852078 0.0128065 0.0181461 0.0245282 0.0318154 0.0396465 0.047438 0.0545046 0.060211 0.0640885 0.0659132 0.0657439 0.063891 0.0608132 0.0569928 0.0528427 0.0486562 0.0445767 0.040578 0.0364758 0.0320111 0.027009 0.0215431 0.0159863
