SBPRF35
9.7337
Curr Bio
650121
B35
749931
F35
0.192291
FOFL
0.178179
OFL
99078.7
Bzero
2.78106e+06
#pred survey bio
 4.04873e+06 3.89169e+06 3.73109e+06 3.50927e+06 3.23961e+06 2.98973e+06 2.68877e+06 2.40716e+06 2.1493e+06 1.89782e+06 1.6706e+06 1.47857e+06 1.30299e+06 1.17603e+06 1.04153e+06 925484 823360 731026 688097 660750 642869 617182 600278 583901 571256 570089 572413 570512 568567 571012 566433 567191 556285 536961 518490 501935 495280 492498 502942 507763 523715 536050 543718 545291 544395 541429 540090 536619 538319 550948 561638 586606 592041 594905 605359 618101 656186 657930 664341 635712 656989 2.46464e+07 1.50342e+07 1.54289e+07 1.61466e+07 1.70456e+07 1.79726e+07 1.88259e+07 1.9556e+07 2.01506e+07 2.06188e+07 2.0979e+07 2.1252e+07 2.14569e+07 2.16098e+07 2.17239e+07 2.18089e+07 2.18724e+07 2.19201e+07 2.19561e+07 2.19833e+07 2.2004e+07 2.20199e+07 2.20321e+07 2.20415e+07 2.20488e+07 2.20544e+07 2.20589e+07 2.20623e+07 2.2065e+07 2.20671e+07 2.20688e+07 2.20701e+07 2.20711e+07 2.2072e+07 2.20726e+07 2.20731e+07 2.20735e+07 2.20739e+07 2.20741e+07 2.20743e+07 2.20745e+07 2.20746e+07 2.20747e+07 2.20748e+07 2.20749e+07 2.20749e+07 2.2075e+07 2.2075e+07 2.2075e+07 2.2075e+07 2.20751e+07 2.20751e+07 2.20751e+07 2.20751e+07 2.20751e+07 2.20751e+07 2.20751e+07 2.20751e+07 2.20751e+07 2.20751e+07 2.20751e+07 2.20751e+07 2.20751e+07 2.20751e+07 2.20751e+07 2.20751e+07 2.20751e+07 2.20751e+07 2.20751e+07 2.20751e+07 2.20751e+07 2.20751e+07 2.20751e+07 2.20751e+07 2.20751e+07 2.20751e+07 2.20751e+07 2.20751e+07 2.20751e+07 2.20751e+07 2.20751e+07 2.20751e+07 2.20751e+07 2.20751e+07 2.20751e+07 2.20751e+07 2.20751e+07 2.20751e+07 2.20751e+07 2.20751e+07 2.20751e+07 2.20751e+07 2.20751e+07 2.20751e+07 2.20751e+07 2.20751e+07 2.20751e+07 2.20751e+07 2.20751e+07 2.20751e+07 0 0 0 0 0 0 0 0 0 0 0 0 0 0 0 0 0 0 0 0 0 0 0 0 0
#obs survey bio
 2.89885e+06 3.05602e+06 3.7048e+06 4.23263e+06 2.975e+06 3.24816e+06 2.26414e+06 2.34339e+06 1.91144e+06 1.40173e+06 1.41756e+06 1.45516e+06 1.17498e+06 844872 667448 1.00046e+06 658792 638818 550696 667883 651821 566919 439834 519193 408097 535331 533401 584922 652300 509434 410501 559423 715017 797856 365564 418987 436532 450165 380791 755761 656286 527993 462190 560797 477713 467365 605808 415465 496434 524512 589800 686442 548357 666824 521528 598826 591153 847339 760331 721279 545300
#pred catch bio
 91808.3 94472.4 155856 211819 211163 278593 283584 283985 298744 294863 277659 273335 237667 247614 230622 214833 200817 153996 137882 127329 131266 121346 118705 113414 102728 99819.3 102942 101847 97117.2 101522 94718.1 101253 103747 98256.1 93066.6 84692.5 85541.8 79719.9 87955.1 80234.8 84352.2 88675.4 93566.2 95139.8 96553.4 94963.8 96631 92814.8 85320.6 88934 78956.4 96564.4 98931.6 93437.8 92946.1 74216.2 106726 103419 133504 92899.4 74023.5 99078.7 107775 109529 113508 119205 125238 130748 135365 139017 141786 143823 145286 146318 147036 147529 147866 148093 148246 148349 148417 148463 148493 148513 148526 148535 148541 148544 148547 148548 148549 148550 148551 148551 148551 148551 148551 148551 148551 148551 148551 148551 148551 148551 148551 148551 148552 148552 148552 148552 148552 148552 148552 148552 148552 148552 148552 148552 148552 148552 148552 148552 148552 148552 148552 148552 148552 148552 148552 148552 148552 148552 148552 148552 148552 148552 148552 148552 148552 148552 148552 148552 148552 148552 148552 148552 148552 148552 148552 148552 148552 148552 148552 148552 148552 148552 148552 148552 148552 148552 148552 0 0 0 0 0 0 0 0 0 0 0 0 0 0 0 0 0 0 0 0 0 0 0 0 0
#obs catch bio
 0 94308.3 156566 212761 211553 280904 285758 286259 301458 300108 283125 279621 242912 254667 237158 219402 205501 156823 140395 128985 132581 122992 120414 114835 103641 100944 104514 103025 97854.4 103012 95714.8 102172 103982 98122.1 93122.9 84908 86232.1 80176.7 88624.1 80210.6 84145.6 88519.1 93515.6 94666.1 96355.8 94945.6 96407.1 92760.5 85457.3 89283.6 78922.6 96783.1 99140.4 93365.2 93174.2 73795.6 106908 102553 133212 92449.4 73857.4
#pred cpue bio
 3.99061e+06 3.83657e+06 3.6782e+06 3.45766e+06 3.18921e+06 2.94007e+06 2.64036e+06 2.35991e+06 2.10309e+06 1.85263e+06 1.6265e+06 1.43566e+06 1.26154e+06 1.13562e+06 1.003e+06 889138 789392 699423 657776 631484 614413 589564 573188 557452 545369 544265 546517 544865 543266 545902 541823 543155 533283 515165 497754 481813 474399 469996 479133 483857 499776 512052 519612 521239 520398 517438 516117 512697 514104 526142 536427 560808 566271 568961 578972 591309 628407 630125 636098 607567 627813 2.3612e+07 1.44311e+07 1.47416e+07 1.53636e+07 1.62305e+07 1.71502e+07 1.80021e+07 1.87319e+07 1.93265e+07 1.97947e+07 2.0155e+07 2.04279e+07 2.06328e+07 2.07858e+07 2.08998e+07 2.09848e+07 2.10484e+07 2.10961e+07 2.1132e+07 2.11592e+07 2.118e+07 2.11958e+07 2.1208e+07 2.12174e+07 2.12247e+07 2.12304e+07 2.12348e+07 2.12382e+07 2.12409e+07 2.1243e+07 2.12447e+07 2.1246e+07 2.12471e+07 2.12479e+07 2.12485e+07 2.12491e+07 2.12495e+07 2.12498e+07 2.125e+07 2.12503e+07 2.12504e+07 2.12505e+07 2.12506e+07 2.12507e+07 2.12508e+07 2.12508e+07 2.12509e+07 2.12509e+07 2.12509e+07 2.1251e+07 2.1251e+07 2.1251e+07 2.1251e+07 2.1251e+07 2.1251e+07 2.1251e+07 2.1251e+07 2.1251e+07 2.1251e+07 2.1251e+07 2.1251e+07 2.1251e+07 2.1251e+07 2.1251e+07 2.1251e+07 2.1251e+07 2.1251e+07 2.1251e+07 2.1251e+07 2.1251e+07 2.1251e+07 2.1251e+07 2.1251e+07 2.1251e+07 2.1251e+07 2.1251e+07 2.1251e+07 2.1251e+07 2.1251e+07 2.1251e+07 2.1251e+07 2.1251e+07 2.1251e+07 2.1251e+07 2.1251e+07 2.1251e+07 2.1251e+07 2.1251e+07 2.1251e+07 2.1251e+07 2.1251e+07 2.1251e+07 2.1251e+07 2.1251e+07 2.1251e+07 2.1251e+07 2.1251e+07 2.1251e+07 2.1251e+07 2.1251e+07 0 0 0 0 0 0 0 0 0 0 0 0 0 0 0 0 0 0 0 0 0 0 0 0 0
#obs cpue bio
 3.278e+06 2.25995e+06 3.63097e+06 4.70237e+06 2.3098e+06 2.29323e+06 2.67981e+06 2.14917e+06 2.32589e+06 1.06788e+06 1.29831e+06 1.08358e+06 871178 1.06556e+06 1.07568e+06 888973 726855 543718 612259 628770 709995 381341 625085 575558 722018 405382 391993 564328 489957 357498 693930 622773 645513 425080 619197 439856 369621 463900 640584 462112 523122 503247 580280 723476 506258 513762 575737 589339 415723 526588 515072 524620 573826 589374 602548 763400 684265 791611 557122 542334 564748
#pred surv len freq
 0.00474466 0.00774097 0.0117201 0.0166843 0.0225226 0.0289263 0.0353646 0.0412204 0.0460256 0.0496159 0.0521046 0.0537417 0.0547842 0.0554296 0.0557924 0.0559027 0.0557209 0.0551562 0.0540684 0.0522418 0.0493712 0.0451276 0.0393407 0.0322189 0.0244337
 0.00494516 0.00798055 0.0119258 0.0167469 0.0223416 0.0284708 0.0347122 0.0405368 0.0454873 0.0493211 0.0520283 0.053761 0.0547537 0.0552607 0.0554973 0.0555891 0.0555426 0.055243 0.054463 0.0528752 0.0500898 0.0457612 0.0397739 0.0324264 0.0244665
 0.00509658 0.00824461 0.0123493 0.0173661 0.0231524 0.0293958 0.0355929 0.0411752 0.0457312 0.049142 0.0515331 0.0531221 0.0541096 0.0546585 0.0549125 0.0549927 0.0549582 0.0547501 0.0541499 0.0527786 0.0501653 0.045906 0.0398825 0.0324417 0.0243933
 0.00530163 0.00856767 0.0128183 0.0180054 0.0239825 0.0304286 0.0368142 0.0425196 0.0470648 0.0502763 0.0522775 0.0533566 0.0538319 0.0539713 0.0539619 0.0539063 0.0538247 0.0536382 0.0531272 0.0519042 0.0494658 0.0453623 0.0394473 0.0320724 0.0240733
 0.00557103 0.00899715 0.0134485 0.0188673 0.0250916 0.0317764 0.0383599 0.0441888 0.0487565 0.0518713 0.0536419 0.0543472 0.0543175 0.0538721 0.0532828 0.0527393 0.0523161 0.0519457 0.0513915 0.0502391 0.0479541 0.0440534 0.0383593 0.0312025 0.0234088
 0.00579114 0.00935697 0.0139938 0.0196422 0.0261302 0.0330896 0.0399214 0.0459296 0.0505738 0.0536464 0.0552556 0.0556852 0.0552689 0.0543326 0.053172 0.0520279 0.0510479 0.0502361 0.049404 0.0481505 0.0459253 0.0422113 0.0367893 0.0299469 0.0224711
 0.00608997 0.0098352 0.0146998 0.020617 0.0274016 0.0346617 0.0417626 0.0479654 0.0526928 0.0557165 0.0571425 0.0572655 0.0564358 0.0549958 0.053258 0.051486 0.0498663 0.0484622 0.0471551 0.0456053 0.0432965 0.0397094 0.0345879 0.028158 0.0211333
 0.00641353 0.0103505 0.0154554 0.0216517 0.0287379 0.0362973 0.0436588 0.0500434 0.0548426 0.0578149 0.0590693 0.0589116 0.0577038 0.0557996 0.0535216 0.0511475 0.0488867 0.0468436 0.0449619 0.0429782 0.0404459 0.0368836 0.0320239 0.0260311 0.0195255
 0.00677562 0.0109239 0.01629 0.0227836 0.0301841 0.0380462 0.0456604 0.0522062 0.0570446 0.0599257 0.0609705 0.0605058 0.0589142 0.0565626 0.0537809 0.0508501 0.0479879 0.045322 0.042844 0.0403639 0.0375197 0.0338963 0.0292432 0.0236777 0.0177212
 0.00710674 0.0114669 0.0171151 0.0239568 0.0317514 0.0400103 0.0479587 0.054707 0.0595706 0.0622933 0.0630245 0.0621363 0.0600546 0.0571785 0.053855 0.0503692 0.046937 0.0436906 0.0406484 0.0376783 0.0345003 0.0307783 0.0262997 0.0211516 0.015761
 0.00741105 0.0119589 0.0178516 0.024991 0.0331257 0.0417429 0.050026 0.0570309 0.0620205 0.0647026 0.0652161 0.0639493 0.0613666 0.0579166 0.0539923 0.049909 0.0458946 0.0420855 0.0385132 0.035084 0.031584 0.027751 0.0234176 0.0186542 0.0138046
 0.00770246 0.0124244 0.0185371 0.0259348 0.0343531 0.0432577 0.0517999 0.058999 0.064087 0.0667539 0.0671327 0.0656124 0.0626638 0.0587514 0.0542946 0.0496417 0.0450517 0.0406858 0.0365992 0.0327333 0.028927 0.0249792 0.020763 0.0163379 0.0119769
 0.00800614 0.0129132 0.019263 0.0269415 0.0356662 0.0448706 0.05366 0.0610059 0.0661093 0.0686573 0.0688039 0.0669679 0.0636455 0.0593163 0.0544081 0.0492766 0.0441923 0.039335 0.0347874 0.0305299 0.0264528 0.0224093 0.0183065 0.0141939 0.0102818
 0.00812222 0.0131178 0.0196008 0.027465 0.0364259 0.0458974 0.0549478 0.0625037 0.0677273 0.0702841 0.0703253 0.0682824 0.0646734 0.0600019 0.0547153 0.0491818 0.0436796 0.0383984 0.0334409 0.0288229 0.0244834 0.0203261 0.0162903 0.0124182 0.00886797
 0.00823587 0.0133194 0.0199355 0.0279865 0.0371851 0.0469246 0.0562346 0.0639941 0.0693246 0.0718682 0.0717734 0.0694862 0.0655516 0.0605061 0.0548285 0.0489088 0.0430365 0.0374051 0.0321246 0.02723 0.0226949 0.0184639 0.0145041 0.010853 0.00762478
 0.00835047 0.0135044 0.0202128 0.0283784 0.0377143 0.0476114 0.05709 0.0650114 0.0704718 0.0730846 0.0729734 0.0705708 0.0664246 0.0610909 0.0550775 0.0488048 0.0425866 0.0366327 0.0310649 0.0259335 0.0212358 0.0169445 0.0130466 0.00957506 0.00660875
 0.00849593 0.0137363 0.020553 0.0288437 0.0383123 0.0483361 0.0579179 0.0659023 0.0713768 0.0739575 0.0737751 0.0712671 0.0669797 0.0614644 0.0552292 0.0487031 0.0422158 0.0359968 0.0301877 0.0248588 0.0200295 0.0156942 0.0118529 0.00853218 0.0057816
 0.00871856 0.0140826 0.0210446 0.0294892 0.0391056 0.0492532 0.0589143 0.0669132 0.0723257 0.0747716 0.0744009 0.0716778 0.0671735 0.0614546 0.0550324 0.0483307 0.0416729 0.0352873 0.0293233 0.023867 0.0189586 0.0146121 0.0108383 0.00765752 0.00509459
 0.00875588 0.0141324 0.0211002 0.02954 0.0391426 0.0492781 0.0589443 0.0669801 0.0724654 0.0750105 0.0747445 0.0721064 0.0676467 0.0619203 0.055437 0.0486268 0.0418231 0.0352667 0.0291221 0.0234955 0.0184501 0.014022 0.010235 0.00710763 0.00464645
 0.00878671 0.0141721 0.0211405 0.0295659 0.0391358 0.049223 0.0588357 0.0668282 0.0722984 0.0748716 0.0746832 0.0721639 0.0678406 0.0622367 0.0558319 0.0490376 0.0421836 0.0355201 0.0292308 0.0234462 0.018256 0.0137212 0.00988195 0.00675959 0.00434875
 0.00885004 0.0142592 0.0212418 0.0296616 0.0392002 0.0492318 0.0587731 0.0666914 0.072099 0.0746356 0.0744489 0.0719776 0.0677467 0.0622651 0.0559874 0.0492952 0.0424932 0.0358196 0.0294618 0.0235684 0.0182564 0.0136145 0.00970449 0.00655674 0.00416065
 0.00893115 0.0143962 0.0214559 0.0299714 0.0396121 0.0497276 0.0593022 0.0671756 0.0724535 0.0747965 0.0743944 0.0717318 0.06737 0.0618349 0.055578 0.0489603 0.0422551 0.0356678 0.0293624 0.0234801 0.0181467 0.0134709 0.00953529 0.00638351 0.00400665
 0.00890607 0.0143627 0.02142 0.0299457 0.0396151 0.0497814 0.0594263 0.0673784 0.072723 0.0750959 0.0746677 0.0719216 0.0674384 0.0617783 0.0554266 0.0487643 0.0420645 0.035515 0.0292547 0.0234035 0.0180785 0.013393 0.0094426 0.00628364 0.00391311
 0.00892793 0.01439 0.0214463 0.029961 0.0396106 0.0497558 0.0593906 0.0673551 0.0727393 0.0751715 0.0748045 0.0720986 0.0676163 0.0619135 0.0554878 0.0487449 0.0419826 0.0354026 0.0291412 0.0233051 0.0179964 0.01332 0.00937222 0.00621519 0.00385101
 0.00908261 0.0146079 0.0217116 0.0302373 0.03985 0.0499146 0.0594435 0.067302 0.0726027 0.0749899 0.0746223 0.071954 0.06753 0.0618824 0.0554888 0.0487468 0.0419614 0.0353503 0.0290655 0.0232203 0.0179147 0.013247 0.00930865 0.00616038 0.0038054
 0.00908651 0.0146248 0.021755 0.0303221 0.0399833 0.050085 0.0596154 0.0674232 0.072626 0.0748967 0.0744334 0.071722 0.0673167 0.0617352 0.0554262 0.0487583 0.0420172 0.0354174 0.0291198 0.0232517 0.0179241 0.0132406 0.00929306 0.00614079 0.00378568
 0.00894536 0.0144205 0.0214951 0.0300317 0.0397012 0.0498534 0.0594694 0.0673817 0.0726846 0.0750269 0.0745913 0.0718661 0.0674257 0.0618147 0.0555 0.0488504 0.0421378 0.0355586 0.0292627 0.0233772 0.0180204 0.0133054 0.00933055 0.0061584 0.00379093
 0.00888282 0.0143147 0.0213297 0.0297927 0.0393846 0.0494754 0.0590723 0.0670288 0.0724419 0.0749385 0.0746633 0.0720655 0.0676964 0.0621005 0.0557632 0.0490783 0.042336 0.0357377 0.0294279 0.0235252 0.018144 0.0133991 0.0093942 0.00619661 0.00381078
 0.00887292 0.0142921 0.0212833 0.029707 0.0392426 0.0492637 0.0587886 0.066688 0.072079 0.0746054 0.074417 0.0719511 0.067731 0.0622669 0.0560187 0.0493723 0.0426277 0.0360037 0.0296595 0.023721 0.0183037 0.0135226 0.00948282 0.00625459 0.0038449
 0.00870556 0.0140493 0.0209718 0.0293508 0.0388743 0.0489119 0.0584686 0.066402 0.0718245 0.0743855 0.074247 0.071858 0.0677444 0.0624064 0.056282 0.0497331 0.0430423 0.0364256 0.0300509 0.0240587 0.018578 0.0137328 0.00963398 0.00635567 0.00390705
 0.00854814 0.0138079 0.0206368 0.0289264 0.0383813 0.0483883 0.0579675 0.0659824 0.0715343 0.0742453 0.0742447 0.0719603 0.0679175 0.0626309 0.056555 0.0500565 0.0434107 0.0368199 0.0304425 0.0244183 0.0188836 0.0139739 0.00981062 0.00647544 0.0039818
 0.00830745 0.0134358 0.0201135 0.0282487 0.0375653 0.0474727 0.0570165 0.0650839 0.070788 0.07374 0.074036 0.0720569 0.068283 0.0631986 0.0572493 0.0508115 0.0441773 0.0375629 0.0311335 0.0250323 0.0194004 0.0143825 0.0101118 0.0066811 0.00411115
 0.00818202 0.0132346 0.0198161 0.0278391 0.0370364 0.0468326 0.0562948 0.064333 0.0700762 0.0731396 0.0736103 0.0718508 0.0683165 0.0634629 0.0577084 0.0514101 0.0448533 0.0382588 0.0318028 0.0256397 0.0199212 0.0148021 0.0104271 0.00690044 0.00425132
 0.00814994 0.0131797 0.0197279 0.0277051 0.0368435 0.0465697 0.0559573 0.0639265 0.069619 0.072663 0.0731569 0.0714696 0.0680552 0.0633588 0.0577795 0.0516499 0.0452319 0.0387298 0.0323136 0.0261413 0.0203743 0.0151809 0.0107201 0.00710905 0.00438736
 0.00836712 0.0134773 0.0200734 0.0280333 0.0370746 0.0466377 0.0558329 0.0636223 0.0691775 0.0721381 0.0726015 0.0709316 0.0675784 0.0629834 0.0575388 0.051564 0.0453019 0.0389354 0.0326166 0.0264936 0.0207286 0.015499 0.0109784 0.00729962 0.00451499
 0.00924622 0.0147486 0.0216912 0.0298478 0.0388646 0.0481716 0.0569227 0.064153 0.0691152 0.0715284 0.0715572 0.0696072 0.0661354 0.061561 0.0562399 0.0504553 0.0444191 0.0382875 0.0321883 0.0262503 0.0206232 0.0154822 0.011007 0.00734259 0.00455431
 0.00987784 0.0157665 0.0231975 0.0319065 0.0414599 0.0511576 0.0599956 0.0668873 0.0710759 0.0724125 0.0712856 0.0683227 0.0641231 0.0591477 0.0537175 0.0480443 0.0422635 0.0364656 0.0307278 0.0251405 0.0198266 0.0149443 0.0106669 0.00714211 0.00444467
 0.00973107 0.0156437 0.0232275 0.0322827 0.0423917 0.0527885 0.0623238 0.0697273 0.0740808 0.0751464 0.0733256 0.0693631 0.0640507 0.0580594 0.051872 0.0457734 0.0398837 0.0342219 0.0287753 0.0235527 0.0186141 0.0140745 0.0100826 0.00677597 0.0042318
 0.00927665 0.0149577 0.0223012 0.0311643 0.0411998 0.0517179 0.0616311 0.0696811 0.0748707 0.0767854 0.0756026 0.0718828 0.0663521 0.0597565 0.052758 0.0458509 0.0393224 0.0332747 0.0276932 0.0225277 0.0177587 0.0134298 0.00963881 0.006496 0.00406991
 0.00910032 0.0146577 0.0218273 0.0304678 0.0402538 0.050547 0.0603396 0.0684601 0.0739694 0.0764497 0.0759965 0.0730203 0.0680681 0.0617383 0.0546352 0.0473097 0.0401949 0.0335645 0.0275357 0.0221151 0.0172691 0.0129853 0.00929731 0.0062658 0.00393159
 0.00903467 0.0145289 0.0215921 0.0300704 0.0396376 0.0496747 0.0592177 0.0671556 0.0726155 0.0752349 0.0751366 0.0727115 0.0684265 0.0627469 0.0561269 0.0490067 0.0417935 0.0348304 0.0283645 0.0225341 0.0173902 0.0129416 0.0091959 0.0061692 0.00386333
 0.0089937 0.0144699 0.021515 0.0299749 0.039515 0.0495002 0.058948 0.0667405 0.072021 0.0744722 0.0742817 0.0719031 0.0678374 0.0625337 0.0563727 0.0496815 0.0427544 0.0358692 0.0292825 0.0232068 0.0177911 0.0131213 0.00923762 0.00614832 0.00382814
 0.00891996 0.0143639 0.0213817 0.029828 0.0393735 0.0493812 0.0588583 0.0666697 0.0719395 0.074336 0.074049 0.0715594 0.0674182 0.0621285 0.0561017 0.0496482 0.0429982 0.0363426 0.0298695 0.0237726 0.0182357 0.0134072 0.00938328 0.00620059 0.00383365
 0.00894839 0.0143984 0.0214124 0.0298402 0.0393534 0.0493244 0.0587749 0.0665813 0.071867 0.0742857 0.0740046 0.0714869 0.067284 0.0619229 0.0558551 0.0494275 0.0428804 0.0363778 0.0300538 0.0240503 0.0185277 0.013648 0.00954326 0.00628503 0.00386653
 0.00899566 0.0144729 0.0215194 0.0299804 0.0395207 0.0495027 0.0589387 0.0667008 0.071919 0.074263 0.073917 0.0713523 0.0671159 0.0617257 0.0556308 0.0491895 0.0426608 0.036219 0.029988 0.0240807 0.0186261 0.0137698 0.0096497 0.00635697 0.00390439
 0.00897894 0.0144588 0.0215222 0.0300211 0.0396203 0.0496729 0.059173 0.0669719 0.0721848 0.074478 0.0740454 0.0713767 0.0670393 0.0615662 0.0554135 0.0489403 0.0424064 0.0359879 0.0298077 0.0239694 0.0185836 0.0137783 0.00968273 0.00639174 0.00392896
 0.0090186 0.014508 0.0215689 0.0300476 0.0396115 0.0496277 0.0591105 0.0669273 0.0721925 0.074554 0.0741772 0.0715288 0.0671689 0.0616396 0.055416 0.0488768 0.0422956 0.0358556 0.029681 0.0238701 0.0185237 0.0137566 0.00968795 0.00640896 0.00394644
 0.00918155 0.0147481 0.0218834 0.030415 0.0399952 0.0499826 0.0593925 0.067102 0.0722453 0.0744958 0.074041 0.0713552 0.0669884 0.0614627 0.0552362 0.0486825 0.042082 0.0356299 0.0294602 0.0236743 0.0183684 0.0136482 0.00962229 0.00637521 0.00393211
 0.00923125 0.0148371 0.0220313 0.0306419 0.0403124 0.0503814 0.059835 0.067525 0.0725776 0.0746823 0.0740612 0.071227 0.0667564 0.0611791 0.0549425 0.0484014 0.0418195 0.0353847 0.0292328 0.0234707 0.0181977 0.0135174 0.00953212 0.00631992 0.00390214
 0.00916189 0.0147303 0.0218827 0.0304549 0.0401013 0.0501731 0.0596675 0.0674386 0.0725996 0.0748125 0.074269 0.0714629 0.0669733 0.0613488 0.0550599 0.0484763 0.041865 0.0354096 0.029241 0.0234649 0.0181827 0.0134994 0.00951685 0.0063102 0.00389778
 0.00906805 0.0145917 0.0217 0.0302379 0.039866 0.0499379 0.0594512 0.0672609 0.0724823 0.0747769 0.0743289 0.0716161 0.0671973 0.0616064 0.0553116 0.0486931 0.0420341 0.0355319 0.0293241 0.0235178 0.0182134 0.0135152 0.00952399 0.00631335 0.00389965
 0.00888785 0.0143041 0.0212788 0.0296666 0.0391463 0.0490999 0.0585605 0.0664141 0.0717866 0.0743228 0.074168 0.0717549 0.0676026 0.0622162 0.0560475 0.0494733 0.0427872 0.0362065 0.0298922 0.0239716 0.0185586 0.0137653 0.00969599 0.00642502 0.00396767
 0.00898654 0.0144417 0.0214428 0.0298283 0.0392656 0.0491349 0.0584781 0.0661993 0.0714494 0.0739003 0.07372 0.0713512 0.0673052 0.0620639 0.0560483 0.0496064 0.0430115 0.0364735 0.0301583 0.024206 0.0187461 0.0139034 0.00979045 0.00648529 0.00400355
 0.00902481 0.0145147 0.0215709 0.0300328 0.039558 0.0495024 0.0588744 0.0665494 0.0716707 0.0739321 0.0735457 0.0710033 0.0668532 0.0615924 0.055634 0.0493002 0.042831 0.0364063 0.0301726 0.0242648 0.0188179 0.0139682 0.00983945 0.00651783 0.00402296
 0.0089899 0.0144587 0.0214896 0.0299261 0.0394344 0.0493823 0.0587886 0.0665296 0.0717329 0.0740627 0.0737008 0.0711261 0.0669001 0.0615527 0.055532 0.0491819 0.0427423 0.0363759 0.0302049 0.0243439 0.0189188 0.0140671 0.00992116 0.00657675 0.00406072
 0.00900856 0.0144769 0.0214945 0.0298988 0.0393553 0.0492404 0.0585902 0.0663012 0.0715165 0.073903 0.0736299 0.0711503 0.066997 0.061681 0.0556511 0.0492694 0.0428007 0.0364239 0.0302628 0.0244215 0.0190117 0.0141625 0.0100056 0.00664191 0.00410499
 0.00878926 0.0141417 0.0210299 0.0293069 0.0386527 0.048457 0.0577697 0.0655026 0.070812 0.0733692 0.073334 0.0711347 0.0672664 0.0621974 0.0563409 0.0500427 0.0435748 0.0371408 0.0308929 0.0249563 0.0194523 0.0145125 0.0102695 0.00682791 0.0042258
 0.00894965 0.0143754 0.0213309 0.029651 0.0390027 0.048771 0.0580086 0.0656331 0.0708085 0.0732187 0.0730437 0.0707379 0.0668207 0.0617714 0.0559942 0.0498084 0.0434535 0.0371093 0.0309195 0.0250133 0.0195213 0.014582 0.0103324 0.00687927 0.00426346
 0.00906237 0.0145539 0.0215893 0.0299957 0.0394267 0.0492481 0.05849 0.066053 0.0710998 0.0733326 0.0729629 0.0704778 0.066422 0.0612909 0.0554948 0.0493487 0.0430768 0.0368353 0.0307446 0.0249184 0.0194818 0.014576 0.0103433 0.006896 0.00427949
 0.00924655 0.0148721 0.0221009 0.030762 0.0404897 0.0506003 0.0600486 0.0676583 0.0725465 0.0744218 0.0735506 0.0705033 0.0659113 0.0603409 0.0542474 0.04796 0.0416904 0.0355627 0.0296561 0.0240435 0.018818 0.0140996 0.0100207 0.00669087 0.00415798
 0.0086464 0.0139949 0.0209669 0.0294624 0.0391735 0.0494433 0.0592215 0.0672977 0.0727251 0.0751222 0.0746577 0.0718282 0.0672427 0.0615004 0.0551271 0.0485328 0.0419949 0.0356747 0.0296584 0.0240033 0.0187768 0.0140749 0.0100134 0.0066948 0.00416622
#obs surv len freq
 nan nan nan nan nan nan nan nan nan nan nan nan nan nan nan nan nan nan nan nan nan nan nan nan nan
 0.00448328 0.0073439 0.0111731 0.0159887 0.0216888 0.0279638 0.0342777 0.0400091 0.0446891 0.0481537 0.0505126 0.0520095 0.0529029 0.0534163 0.0537313 0.0539869 0.0542659 0.0545589 0.0546978 0.0542898 0.0527278 0.0493597 0.0438092 0.0362887 0.0276717
 0.00461565 0.007561 0.011503 0.0164576 0.0223147 0.0287463 0.0351884 0.0409889 0.0456565 0.049021 0.0512027 0.0524673 0.0531004 0.0533531 0.0534298 0.0534845 0.0536064 0.053785 0.0538487 0.0534025 0.0518411 0.0485169 0.0430551 0.0356614 0.0271923
 0.00477422 0.00782112 0.0118989 0.0170227 0.0230753 0.0297112 0.0363372 0.0422668 0.0469792 0.0502878 0.0523117 0.053328 0.0536436 0.0535382 0.0532485 0.0529584 0.0527807 0.0527192 0.0526089 0.0520589 0.0504688 0.047196 0.0418651 0.0346679 0.0264316
 0.00496903 0.00813832 0.0123773 0.0176991 0.0239776 0.0308483 0.0376871 0.0437719 0.0485527 0.0518276 0.0537135 0.0544942 0.0544885 0.0539935 0.05327 0.0525317 0.051924 0.0514816 0.051066 0.0503081 0.0486255 0.0453875 0.040217 0.0332828 0.0253671
 0.00518174 0.00848804 0.0129108 0.0184623 0.0250063 0.0321539 0.0392422 0.045506 0.0503626 0.0535975 0.0553327 0.0558656 0.0555295 0.0546343 0.0534543 0.0522214 0.0511058 0.0501758 0.0493327 0.0482505 0.0463872 0.0431405 0.0381376 0.0315181 0.0240026
 0.00542294 0.00888091 0.0135037 0.0193012 0.0261271 0.0335689 0.040926 0.0473894 0.05234 0.0555457 0.0571296 0.0574028 0.0567173 0.0554014 0.0537448 0.0519928 0.0503312 0.048853 0.047499 0.0459973 0.0438661 0.0405531 0.0357036 0.0294282 0.022374
 0.00564488 0.00924725 0.0140654 0.0201093 0.0272231 0.0349692 0.0426064 0.0492796 0.0543344 0.0575236 0.058974 0.0590094 0.0579967 0.0562784 0.054157 0.0518892 0.0496739 0.0476243 0.0457167 0.0437346 0.0412672 0.0378283 0.0330966 0.0271607 0.02059
 0.00589259 0.00965066 0.0146741 0.0209705 0.0283735 0.0364216 0.0443355 0.0512152 0.0563702 0.059536 0.0608416 0.0606255 0.0592742 0.0571484 0.0545652 0.0517906 0.0490315 0.0464143 0.0439444 0.0414582 0.0386186 0.0350154 0.0303732 0.0247676 0.0186914
 0.00613681 0.0100541 0.0152927 0.02186 0.0295772 0.0379525 0.0461583 0.0532423 0.0584761 0.0615839 0.0627064 0.0622055 0.0604918 0.0579463 0.0549007 0.0516302 0.0483469 0.0451856 0.0421737 0.0391933 0.0359781 0.0321962 0.0276253 0.0223362 0.0167499
 0.00637075 0.0104354 0.0158689 0.0226769 0.0306716 0.0393399 0.0478181 0.0551103 0.0604503 0.0635406 0.0645199 0.0637632 0.0617033 0.0587469 0.0552475 0.0514954 0.0477107 0.0440353 0.0405136 0.0370663 0.0334902 0.0295275 0.0250095 0.020008 0.0148802
 0.00662474 0.0108502 0.0164965 0.0235656 0.0318562 0.0408252 0.0495642 0.0570294 0.0624211 0.065434 0.0662198 0.0651764 0.0627595 0.0593956 0.0554551 0.0512415 0.0469842 0.0428335 0.0388486 0.0349824 0.0310861 0.0269676 0.0225084 0.0177829 0.0130912
 0.00684699 0.0112189 0.0170647 0.0243871 0.0329732 0.0422509 0.0512645 0.0589171 0.0643692 0.0673014 0.0678773 0.0665225 0.0637253 0.0599413 0.0555634 0.0509083 0.046212 0.0416299 0.037233 0.0330014 0.0288319 0.0245887 0.0201964 0.0157315 0.0114432
 0.00706138 0.011571 0.0176014 0.0251546 0.0340083 0.0435667 0.0528353 0.0606712 0.0661969 0.0690738 0.069467 0.0678199 0.0646488 0.0604417 0.0556219 0.0505291 0.0454124 0.040434 0.0356737 0.0311312 0.0267395 0.0224079 0.0180953 0.0138778 0.00995921
 0.00725856 0.0118928 0.0180881 0.0258443 0.0349298 0.0447278 0.0542106 0.062198 0.0677831 0.0706142 0.0708592 0.0689737 0.065491 0.0609196 0.0557047 0.0502082 0.0446984 0.0393521 0.0342628 0.0294495 0.024874 0.02048 0.016251 0.0122597 0.00866889
 0.00742028 0.0121581 0.0184915 0.0264194 0.0357021 0.0457042 0.0553689 0.063483 0.0691152 0.0719046 0.0720242 0.0699425 0.066208 0.061343 0.055806 0.0499723 0.0441238 0.0384527 0.0330698 0.0280162 0.0232812 0.0188369 0.0146847 0.0108906 0.00758068
 0.007534 0.0123455 0.0187786 0.0268322 0.0362623 0.0464214 0.0562322 0.0644576 0.070146 0.0729262 0.0729705 0.0707541 0.066835 0.0617471 0.0559597 0.0498574 0.0437321 0.0377873 0.0321499 0.0268827 0.0220019 0.0175058 0.0134106 0.00977542 0.0066945
 0.00758065 0.0124193 0.0188866 0.0269814 0.0364613 0.046681 0.0565647 0.0648734 0.0706485 0.0735066 0.0736049 0.0714034 0.0674497 0.0622729 0.0563447 0.0500576 0.0437147 0.0375344 0.0316622 0.0261845 0.0211447 0.0165669 0.0124824 0.00894635 0.00602705
 0.00764786 0.0125174 0.0190135 0.0271286 0.0366167 0.0468346 0.056713 0.0650221 0.0708114 0.0737022 0.0738504 0.0717071 0.0678039 0.0626509 0.0567032 0.0503441 0.0438775 0.0375318 0.0314709 0.0258062 0.0206103 0.0159343 0.011827 0.00834308 0.00553188
 0.00772541 0.0126398 0.0191903 0.0273637 0.0369056 0.0471607 0.0570466 0.0653248 0.071048 0.0738545 0.0739247 0.0717312 0.0678139 0.0626758 0.0567526 0.0504043 0.0439153 0.0375052 0.0313422 0.0255551 0.0202425 0.0154833 0.0113466 0.00789185 0.00515611
 0.0077713 0.0127112 0.0192917 0.0274976 0.0370719 0.0473564 0.0572644 0.0655515 0.0712642 0.0740378 0.0740559 0.0718012 0.0678286 0.062654 0.0567184 0.0503747 0.0438912 0.0374692 0.0312659 0.0254121 0.0200216 0.0151962 0.0110256 0.00757904 0.00488842
 0.00783355 0.0128042 0.0194164 0.0276495 0.0372423 0.0475351 0.0574412 0.0657173 0.0714115 0.0741599 0.074147 0.0718561 0.0678437 0.0626301 0.0566624 0.0502987 0.0438068 0.0373802 0.0311656 0.0252862 0.0198584 0.0149954 0.0108024 0.00735895 0.00469704
 0.00786466 0.0128546 0.0194915 0.0277532 0.0373749 0.0476908 0.0576074 0.0658759 0.0715443 0.0742554 0.0742028 0.0718774 0.0678384 0.0626041 0.0566191 0.0502403 0.043736 0.0372997 0.0310754 0.0251828 0.0197365 0.0148542 0.0106489 0.00720764 0.00456411
 0.00786545 0.0128563 0.019495 0.0277601 0.0373878 0.0477133 0.0576432 0.0659275 0.0716109 0.0743316 0.0742801 0.0719469 0.0678935 0.0626426 0.0566413 0.0502475 0.0437291 0.0372788 0.0310397 0.025131 0.0196677 0.0147693 0.0105533 0.00711088 0.00447716
 0.00786309 0.0128472 0.0194719 0.0277137 0.0373104 0.0476037 0.0575106 0.0657914 0.071496 0.0742605 0.074266 0.0719908 0.0679856 0.062766 0.0567776 0.0503809 0.043848 0.0373758 0.0311105 0.0251733 0.0196813 0.0147568 0.0105206 0.00706681 0.0044315
 0.00788746 0.0128787 0.019504 0.0277346 0.0373056 0.04756 0.0574212 0.0656588 0.0713338 0.0740911 0.0741172 0.0718885 0.067947 0.0627946 0.0568635 0.0505047 0.0439876 0.0375114 0.0312277 0.0252633 0.0197405 0.0147864 0.0105256 0.00705505 0.00441172
 0.00788235 0.012872 0.0194964 0.0277268 0.0372964 0.0475448 0.0573913 0.0656037 0.071246 0.0739716 0.0739782 0.0717521 0.067839 0.0627369 0.0568675 0.0505685 0.0440971 0.0376457 0.0313648 0.0253854 0.0198363 0.0148518 0.0105626 0.00707003 0.00441265
 0.00788988 0.0128798 0.0195004 0.0277208 0.0372747 0.0475047 0.0573353 0.0655382 0.0711774 0.0739028 0.0739085 0.0716804 0.0677687 0.0626779 0.0568337 0.050572 0.0441425 0.0377275 0.0314689 0.0254942 0.0199339 0.0149281 0.0106142 0.00709948 0.00442586
 0.00787632 0.0128588 0.0194705 0.027681 0.0372237 0.0474416 0.0572593 0.0654508 0.0710834 0.0738109 0.0738288 0.0716213 0.0677342 0.062668 0.0568472 0.0506089 0.0442038 0.0378126 0.0315726 0.0256061 0.0200411 0.0150192 0.0106828 0.00714492 0.00445203
 0.00785934 0.0128276 0.0194173 0.0275971 0.0371027 0.0472833 0.0570734 0.0652557 0.0709019 0.0736632 0.0737283 0.0715736 0.0677384 0.0627189 0.0569367 0.0507275 0.0443426 0.0379637 0.0317287 0.025759 0.0201819 0.0151391 0.0107761 0.00721052 0.00449334
 0.00785842 0.0128244 0.0194089 0.0275791 0.0370691 0.0472275 0.05699 0.065143 0.0707644 0.0735129 0.0735832 0.0714531 0.0676585 0.062688 0.056955 0.0507891 0.0444377 0.0380815 0.0318585 0.0258908 0.0203062 0.0152478 0.0108634 0.00727425 0.0045353
 0.00782637 0.0127728 0.0193323 0.0274731 0.036932 0.0470618 0.0568036 0.0649492 0.0705791 0.0733513 0.0734573 0.0713719 0.0676279 0.0627116 0.0570321 0.050914 0.0446 0.0382674 0.0320532 0.0260804 0.0204788 0.0153945 0.0109792 0.00735851 0.00459124
 0.0078029 0.0127347 0.019275 0.0273925 0.0368252 0.0469286 0.056648 0.06478 0.070409 0.0731945 0.0733273 0.0712791 0.0675794 0.0627107 0.0570792 0.0510063 0.0447314 0.0384281 0.0322304 0.0262599 0.020647 0.0155405 0.0110963 0.00744477 0.00464929
 0.00775712 0.0126607 0.0191647 0.0272394 0.0366263 0.0466876 0.0563775 0.0645017 0.0701496 0.0729796 0.073176 0.071202 0.0675784 0.0627809 0.0572112 0.0511881 0.0449497 0.0386689 0.0324792 0.0265017 0.0208678 0.015729 0.0112458 0.00755422 0.00472271
 0.00773546 0.0126187 0.0190893 0.0271147 0.0364383 0.0464307 0.0560609 0.0641503 0.0697995 0.0726694 0.0729383 0.0710585 0.0675381 0.0628411 0.0573595 0.0514064 0.0452168 0.0389635 0.0327809 0.026792 0.0211307 0.0159521 0.0114223 0.00768321 0.00480924
 0.00933019 0.0148539 0.0217926 0.0299037 0.0388303 0.0480186 0.0566535 0.0638018 0.0687335 0.0711654 0.0712462 0.0693628 0.0659583 0.0614449 0.0561772 0.050442 0.0444576 0.0383872 0.0323608 0.0265 0.0209393 0.0158356 0.0113575 0.00765127 0.00479583
 0.00931252 0.0151206 0.0227149 0.0319424 0.0423359 0.0529605 0.0624479 0.0694049 0.0730103 0.0733346 0.0711377 0.0673645 0.0627465 0.057696 0.0523984 0.0469383 0.0413763 0.0357777 0.0302206 0.0248005 0.0196381 0.0148815 0.0106932 0.00721608 0.00453002
 0.00897413 0.0145861 0.0219617 0.0310173 0.0414104 0.0523689 0.0626484 0.0708173 0.0757662 0.0770905 0.075115 0.0706446 0.0646539 0.0580332 0.0514198 0.0451373 0.0392515 0.0336952 0.0283866 0.0232978 0.0184747 0.0140271 0.0100996 0.00682851 0.00429416
 0.00879298 0.0142838 0.0214928 0.0303377 0.0404938 0.0512386 0.061418 0.0697198 0.0751367 0.0772752 0.0763163 0.0727734 0.0672935 0.0605735 0.0533046 0.0460775 0.0392848 0.0330872 0.0274683 0.0223396 0.0176385 0.0133776 0.00963856 0.0065263 0.00411103
 0.00872425 0.0141658 0.0213025 0.0300476 0.0400751 0.0506686 0.0606929 0.0688707 0.0742476 0.0764954 0.0758513 0.0728334 0.068002 0.0618751 0.054941 0.0476702 0.0404898 0.0337286 0.0275741 0.0220773 0.0172109 0.0129432 0.00928364 0.00627567 0.00395346
 0.00868308 0.0140982 0.0211992 0.0298982 0.0398683 0.0503932 0.0603401 0.068437 0.0737404 0.0759421 0.075311 0.0724047 0.0678118 0.0620391 0.0555022 0.0485518 0.0415019 0.0346394 0.0282075 0.0223759 0.0172314 0.012801 0.00909024 0.0061028 0.0038294
 0.00869423 0.0141097 0.0212041 0.0298855 0.039825 0.0503078 0.0602051 0.0682497 0.0735014 0.0756545 0.0749837 0.0720611 0.0674984 0.0618263 0.0554679 0.0487467 0.0419133 0.03518 0.0287452 0.0227912 0.0174658 0.012868 0.00904877 0.00601857 0.00374806
 0.00868219 0.0140944 0.0211884 0.0298735 0.0398195 0.0503066 0.060199 0.068224 0.0734406 0.075548 0.0748294 0.0718663 0.0672807 0.0616156 0.0553067 0.0486827 0.041981 0.0353795 0.0290324 0.0230922 0.0177094 0.013016 0.00910432 0.00601221 0.00371543
 0.00867763 0.014087 0.0211778 0.0298598 0.0398041 0.0502925 0.0601902 0.0682231 0.0734459 0.0755509 0.0748164 0.0718233 0.0672001 0.0615015 0.0551774 0.0485687 0.0419166 0.03539 0.0291205 0.0232337 0.0178626 0.0131414 0.00918115 0.0060425 0.00371527
 0.00864235 0.0140346 0.0211079 0.0297756 0.0397114 0.0501985 0.0601029 0.0681506 0.0733957 0.0755284 0.0748218 0.0718503 0.0672365 0.0615337 0.0551963 0.048575 0.0419224 0.0354133 0.0291755 0.0233216 0.0179695 0.0132448 0.00926163 0.00609209 0.00373777
 0.00865027 0.0140427 0.0211115 0.029768 0.0396861 0.0501529 0.0600405 0.0680808 0.0733303 0.0754777 0.0747911 0.07184 0.0672424 0.061549 0.0552132 0.048588 0.0419309 0.0354226 0.0291945 0.023357 0.0180205 0.0133027 0.00931474 0.0061315 0.00376111
 0.00864505 0.0140367 0.0211068 0.0297671 0.0396905 0.0501606 0.0600454 0.0680748 0.0733074 0.0754375 0.0747407 0.0717905 0.0672041 0.0615274 0.0552078 0.0485942 0.0419433 0.0354382 0.0292137 0.023382 0.0180525 0.0133395 0.00935092 0.00616144 0.00378174
 0.00864448 0.0140339 0.0210995 0.0297527 0.039667 0.0501291 0.0600101 0.0680417 0.0732814 0.0754199 0.0747288 0.0717804 0.0671944 0.0615197 0.055206 0.0486009 0.0419587 0.0354602 0.02924 0.0234109 0.0180833 0.0133707 0.00938023 0.00618603 0.00379975
 0.00863033 0.0140129 0.0210715 0.0297185 0.0396281 0.0500867 0.0599653 0.067996 0.0732378 0.075383 0.0747037 0.0717705 0.0671996 0.0615375 0.0552326 0.0486333 0.0419952 0.0354995 0.0292807 0.0234514 0.0181219 0.0134059 0.00941051 0.00621019 0.00381724
 0.00860846 0.0139777 0.0210195 0.0296472 0.0395375 0.0499804 0.0598515 0.0678869 0.0731461 0.0753192 0.0746728 0.0717727 0.0672317 0.0615939 0.0553065 0.0487177 0.0420832 0.0355859 0.0293615 0.0235243 0.0181851 0.0134585 0.00945213 0.00624112 0.00383853
 0.00860846 0.0139777 0.0210195 0.0296472 0.0395375 0.0499804 0.0598515 0.0678869 0.0731461 0.0753192 0.0746728 0.0717727 0.0672317 0.0615939 0.0553065 0.0487177 0.0420832 0.0355859 0.0293615 0.0235243 0.0181851 0.0134585 0.00945213 0.00624112 0.00383853
 0.00845131 0.0137317 0.0206675 0.0291824 0.038967 0.04933 0.0591695 0.0672417 0.0726139 0.0749653 0.0745364 0.0718589 0.0675153 0.0620288 0.0558374 0.04929 0.0426509 0.0361143 0.0298283 0.0239174 0.0185011 0.0137002 0.00962702 0.00636001 0.00391379
 0.00855114 0.0138714 0.0208356 0.0293525 0.0391034 0.0493977 0.0591435 0.0671126 0.0723897 0.0746707 0.0742096 0.0715455 0.0672584 0.0618595 0.0557682 0.0493147 0.0427486 0.0362576 0.0299901 0.0240758 0.0186413 0.0138146 0.00971365 0.00642088 0.00395334
 0.00865559 0.0140506 0.0211204 0.0297711 0.0396674 0.0500836 0.0598809 0.0677912 0.0728899 0.0749025 0.0741408 0.0712062 0.0667238 0.0612241 0.0551222 0.0487272 0.0422608 0.035883 0.0297214 0.0238943 0.0185252 0.0137439 0.00967285 0.00639873 0.00394219
 0.00852901 0.0138621 0.0208704 0.0294763 0.0393614 0.0498148 0.0597052 0.0677577 0.0730209 0.0751772 0.0744955 0.0715559 0.0669948 0.0613793 0.0551673 0.0486984 0.042204 0.0358359 0.0297042 0.0239095 0.0185635 0.013792 0.00971923 0.00643643 0.00396897
 0.00861966 0.0139885 0.0210224 0.0296316 0.0394937 0.0499049 0.0597508 0.0677753 0.0730386 0.0752224 0.0745808 0.0716698 0.0671034 0.0614389 0.0551439 0.048583 0.0420162 0.0356142 0.0294891 0.0237304 0.0184329 0.0137079 0.00967115 0.00641218 0.00395832
 0.00844743 0.0137294 0.020671 0.0291964 0.0389939 0.0493663 0.0592038 0.0672579 0.0725986 0.0749143 0.0744556 0.0717595 0.067406 0.0619129 0.0557165 0.0491715 0.0425521 0.0360585 0.0298346 0.0239905 0.0186278 0.0138545 0.00978025 0.00649022 0.00401054
 0.00864816 0.0140258 0.0210613 0.0296585 0.0394901 0.049852 0.0596339 0.0675889 0.0727911 0.0749398 0.0743072 0.0714599 0.0670067 0.0614802 0.0553099 0.0488261 0.0422733 0.0358324 0.0296435 0.0238246 0.0184869 0.0137426 0.00969941 0.00643778 0.00398015
 0.00862439 0.0140166 0.0211001 0.0297904 0.039755 0.0502603 0.0601499 0.0681342 0.0732705 0.0752738 0.0744539 0.071418 0.066805 0.0611653 0.0549359 0.0484445 0.0419236 0.0355358 0.0294032 0.0236339 0.018337 0.0136275 0.00961532 0.0063809 0.00394518
 0.00895026 0.0145233 0.0218194 0.0307358 0.0409182 0.0516067 0.0616099 0.0695976 0.0745923 0.0762969 0.0750426 0.0714919 0.0663598 0.0602733 0.053725 0.0470661 0.0405204 0.0342199 0.0282474 0.0226732 0.0175777 0.0130567 0.00920922 0.00610964 0.00377677
 0.00867705 0.0141259 0.0213095 0.0301579 0.0403426 0.0511149 0.0612812 0.0694991 0.0747683 0.076755 0.0757406 0.0723349 0.0672175 0.0610127 0.054248 0.0473337 0.0405546 0.0340841 0.0280188 0.0224191 0.0173436 0.0128656 0.00906725 0.00601262 0.00371572
#pred catch len freq
 0.00410113 0.0065327 0.0096148 0.0133069 0.0175867 0.0224201 0.0276944 0.0331924 0.0386369 0.0437581 0.0483372 0.0522277 0.0553645 0.0577551 0.0594451 0.060479 0.0608757 0.0606159 0.0596202 0.0577102 0.0545894 0.0499196 0.0435274 0.0356512 0.0270377
 0.00428901 0.00676814 0.00984335 0.013444 0.0175521 0.0221858 0.0273141 0.032785 0.0383262 0.0436037 0.048301 0.052197 0.0552168 0.0574265 0.0589705 0.0599861 0.0605364 0.0605728 0.0599205 0.0582786 0.0552587 0.0505057 0.0439065 0.035799 0.0270123
 0.00445341 0.00703848 0.0102501 0.0140024 0.0182416 0.0229301 0.0279807 0.0332217 0.0384283 0.0433712 0.0478391 0.0516511 0.0546882 0.0569307 0.0584657 0.0594422 0.0599876 0.0601148 0.0596556 0.0582488 0.0554145 0.0507314 0.0440836 0.0358623 0.0269664
 0.00468335 0.00739338 0.0107514 0.0146633 0.0190711 0.0239332 0.0291448 0.0344911 0.0396832 0.044435 0.048529 0.0518503 0.0543941 0.0562432 0.0575256 0.0583709 0.0588697 0.0590192 0.0586543 0.0574063 0.054758 0.0502368 0.0436948 0.035529 0.0266688
 0.00495312 0.00781389 0.0113512 0.0154585 0.0200658 0.0251199 0.0305023 0.0359805 0.0412423 0.0459717 0.049914 0.052923 0.0549935 0.0562602 0.0569459 0.0572802 0.0574177 0.0573717 0.0569608 0.055787 0.0532986 0.0489844 0.0426615 0.0347051 0.0260375
 0.00522579 0.0082432 0.0119721 0.0162968 0.0211366 0.026425 0.0320232 0.0376718 0.0430307 0.0477615 0.0515934 0.0543679 0.0560705 0.0568374 0.0569178 0.0566013 0.0561278 0.0555942 0.0548743 0.0535855 0.0511581 0.0470421 0.0410079 0.0333839 0.0250511
 0.00555117 0.00875089 0.0126979 0.0172637 0.0223562 0.027898 0.0337339 0.0395797 0.045064 0.0498184 0.05355 0.0560897 0.0574245 0.0577003 0.0571842 0.056195 0.0550215 0.0538318 0.0525813 0.050957 0.0484264 0.0444355 0.0387129 0.0315191 0.023657
 0.0059072 0.00930425 0.0134846 0.0183035 0.023655 0.0294493 0.0355157 0.0415478 0.0471493 0.0519282 0.0555738 0.0579061 0.0589083 0.0587312 0.0576534 0.0560136 0.0541322 0.0522285 0.0503311 0.0482142 0.0454224 0.0414431 0.0359909 0.0292588 0.0219475
 0.00632893 0.00995593 0.0144032 0.0195039 0.0251328 0.0311841 0.0374697 0.0436607 0.0493365 0.0540875 0.0575947 0.0596788 0.0603295 0.0597061 0.058096 0.0558466 0.0532935 0.050687 0.0481131 0.04543 0.0422771 0.0382152 0.0329775 0.0267042 0.0199873
 0.00672057 0.0105756 0.0153047 0.0207273 0.0266993 0.033088 0.0396665 0.0460603 0.0518104 0.0564873 0.0597743 0.0615109 0.061714 0.0605709 0.0583903 0.0555316 0.0523364 0.0490674 0.0458454 0.0425955 0.0390501 0.0348576 0.0297935 0.0239644 0.0178579
 0.00707849 0.0111374 0.0161146 0.0218186 0.028095 0.0347998 0.0416848 0.0483397 0.0542587 0.0589656 0.0621118 0.063531 0.0632643 0.061544 0.0587284 0.0552144 0.0513639 0.0474507 0.0436157 0.0398305 0.0359034 0.0315663 0.026645 0.0212279 0.0157101
 0.00744818 0.011711 0.0169279 0.0228903 0.0294293 0.0363887 0.0435065 0.0503518 0.0563938 0.0611311 0.0641921 0.0653935 0.0647706 0.0625676 0.0591725 0.0550225 0.0505189 0.0459675 0.0415394 0.0372477 0.0329616 0.0284827 0.0236828 0.0186381 0.013664
