SBPRF35
12.7214
Curr Bio
944108
B35
895867
F35
0.170273
FOFL
0.170273
OFL
130047
Bzero
3.63469e+06
#pred survey bio
 3.77762e+06 3.64884e+06 3.5365e+06 3.36237e+06 3.12823e+06 2.89353e+06 2.65012e+06 2.41498e+06 2.15583e+06 1.91265e+06 1.70319e+06 1.51214e+06 1.34263e+06 1.19437e+06 1.05233e+06 918731 809374 734492 685386 643822 624357 598903 589460 581335 571734 565082 556178 561209 559176 569464 563288 564272 576062 583282 587249 591413 602061 616015 619585 626195 642436 652086 657786 659542 667398 672056 672576 680011 683204 695560 708335 771833 828094 887133 929863 952489 957720 955371 950423 950114 2.16577e+07 1.95495e+07 1.95868e+07 2.01563e+07 2.11055e+07 2.22253e+07 2.33521e+07 2.43852e+07 2.52771e+07 2.60161e+07 2.66113e+07 2.70814e+07 2.74477e+07 2.77307e+07 2.79482e+07 2.8115e+07 2.8243e+07 2.83412e+07 2.84168e+07 2.84753e+07 2.85206e+07 2.85559e+07 2.85835e+07 2.86052e+07 2.86223e+07 2.86359e+07 2.86467e+07 2.86553e+07 2.86621e+07 2.86676e+07 2.86721e+07 2.86756e+07 2.86785e+07 2.86808e+07 2.86827e+07 2.86843e+07 2.86855e+07 2.86866e+07 2.86874e+07 2.86881e+07 2.86886e+07 2.86891e+07 2.86894e+07 2.86897e+07 2.869e+07 2.86902e+07 2.86903e+07 2.86905e+07 2.86906e+07 2.86907e+07 2.86908e+07 2.86908e+07 2.86909e+07 2.86909e+07 2.86909e+07 2.8691e+07 2.8691e+07 2.8691e+07 2.8691e+07 2.8691e+07 2.8691e+07 2.8691e+07 2.86911e+07 2.86911e+07 2.86911e+07 2.86911e+07 2.86911e+07 2.86911e+07 2.86911e+07 2.86911e+07 2.86911e+07 2.86911e+07 2.86911e+07 2.86911e+07 2.86911e+07 2.86911e+07 2.86911e+07 2.86911e+07 2.86911e+07 2.86911e+07 2.86911e+07 2.86911e+07 2.86911e+07 2.86911e+07 2.86911e+07 2.86911e+07 2.86911e+07 2.86911e+07 2.86911e+07 2.86911e+07 2.86911e+07 2.86911e+07 2.86911e+07 2.86911e+07 2.86911e+07 2.86911e+07 2.86911e+07 2.86911e+07 2.86911e+07 2.86911e+07 0 0 0 0 0 0 0 0 0 0 0 0 0 0 0 0 0 0 0 0 0 0 0 0 0
#obs survey bio
 4.45919e+06 3.45773e+06 3.85034e+06 2.86984e+06 4.54635e+06 2.47377e+06 2.78784e+06 2.33993e+06 2.31649e+06 2.09468e+06 1.29664e+06 1.43444e+06 1.40027e+06 1.38196e+06 721377 1.12276e+06 769957 621021 490941 602677 497886 579458 550242 598959 567766 574188 436896 612642 553930 547331 552159 472888 487120 758534 579342 526287 700189 798416 683813 447917 709059 827178 660371 542368 805646 549255 950291 518172 955283 587468 899049 627156 772672 845556 1.14448e+06 1.18739e+06 798818 1.01961e+06 1.00277e+06 985372
#pred catch bio
 101577 93682.4 159209 226011 240757 264899 274639 313476 314191 296811 290682 278175 262587 257400 247657 222615 189157 164371 155032 133331 135379 118865 115694 114599 109726 109681 96984.4 102604 92073.9 105851 99180.5 90734.9 95497.1 98248.3 97941.4 92870 91091 100616 98694.5 92374 99991.3 104228 107631 102415 105418 109152 103944 108806 102756 104987 66370.1 77578.2 78126.9 93697.5 111276 126175 132768 134775 129102 131595 130047 128380 127445 129799 135158 141853 148622 154759 159954 164148 167421 169908 171763 173124 174111 174821 175327 175685 175938 176116 176240 176327 176387 176430 176459 176479 176493 176503 176510 176514 176517 176520 176521 176522 176523 176524 176524 176524 176524 176524 176524 176524 176525 176525 176525 176525 176525 176525 176525 176525 176525 176525 176525 176525 176525 176525 176525 176525 176525 176525 176525 176525 176525 176525 176525 176525 176525 176525 176525 176525 176525 176525 176525 176525 176525 176525 176525 176525 176525 176525 176525 176525 176525 176525 176525 176525 176525 176525 176525 176525 176525 176525 176525 176525 176525 176525 176525 176525 176525 176525 0 0 0 0 0 0 0 0 0 0 0 0 0 0 0 0 0 0 0 0 0 0 0 0 0
#obs catch bio
 0 93254 159372 226553 240197 264290 273526 313292 314472 296412 292923 280270 263355 257793 248880 222886 189518 166046 157473 134721 136995 119511 116370 115198 109619 109288 97061.7 102691 91915.8 105760 99173.1 90610.3 96073.4 98138.3 98026.9 93015.4 91083.8 100749 98648.9 92598.1 100349 104740 108140 102868 105301 109493 103789 109361 102898 105808 66269.3 78087.2 78530.6 94141 111619 126425 133264 135160 129318 131617
#pred cpue bio
 3.72616e+06 3.59904e+06 3.48802e+06 3.31462e+06 3.08137e+06 2.84742e+06 2.60465e+06 2.37e+06 2.11184e+06 1.86983e+06 1.66136e+06 1.47147e+06 1.30348e+06 1.15694e+06 1.01679e+06 885178 777659 704096 655980 615590 596958 572587 563720 556116 547128 540991 532473 537437 535573 545694 539751 540700 552129 559262 563327 567472 577857 591492 594987 601264 616826 626114 631761 633620 641412 645982 646402 653492 656378 668155 680280 742229 797759 856160 898413 920661 925526 922880 918005 918409 2.09679e+07 1.89448e+07 1.8874e+07 1.93066e+07 2.02028e+07 2.13088e+07 2.24326e+07 2.34652e+07 2.43569e+07 2.50959e+07 2.56911e+07 2.61612e+07 2.65275e+07 2.68105e+07 2.7028e+07 2.71948e+07 2.73228e+07 2.7421e+07 2.74966e+07 2.75551e+07 2.76004e+07 2.76357e+07 2.76633e+07 2.7685e+07 2.77021e+07 2.77157e+07 2.77265e+07 2.77351e+07 2.77419e+07 2.77474e+07 2.77519e+07 2.77554e+07 2.77583e+07 2.77606e+07 2.77625e+07 2.77641e+07 2.77653e+07 2.77664e+07 2.77672e+07 2.77679e+07 2.77684e+07 2.77689e+07 2.77692e+07 2.77695e+07 2.77698e+07 2.777e+07 2.77701e+07 2.77703e+07 2.77704e+07 2.77705e+07 2.77706e+07 2.77706e+07 2.77707e+07 2.77707e+07 2.77707e+07 2.77708e+07 2.77708e+07 2.77708e+07 2.77708e+07 2.77708e+07 2.77708e+07 2.77708e+07 2.77709e+07 2.77709e+07 2.77709e+07 2.77709e+07 2.77709e+07 2.77709e+07 2.77709e+07 2.77709e+07 2.77709e+07 2.77709e+07 2.77709e+07 2.77709e+07 2.77709e+07 2.77709e+07 2.77709e+07 2.77709e+07 2.77709e+07 2.77709e+07 2.77709e+07 2.77709e+07 2.77709e+07 2.77709e+07 2.77709e+07 2.77709e+07 2.77709e+07 2.77709e+07 2.77709e+07 2.77709e+07 2.77709e+07 2.77709e+07 2.77709e+07 2.77709e+07 2.77709e+07 2.77709e+07 2.77709e+07 2.77709e+07 2.77709e+07 2.77709e+07 0 0 0 0 0 0 0 0 0 0 0 0 0 0 0 0 0 0 0 0 0 0 0 0 0
#obs cpue bio
 3.08148e+06 3.14804e+06 3.55061e+06 3.33117e+06 3.27216e+06 3.56042e+06 2.64747e+06 1.91639e+06 1.61347e+06 1.94506e+06 1.05988e+06 1.4689e+06 1.57390e+06 1.09343e+06 1.20414e+06 843560 731547 451969 599112 609365 687881 658060 556308 536356 775516 709654 431149 590250 521256 690204 481342 649308 383953 743866 492437 557054 529053 468016 594165 554868 553158 413624 631435 653687 865614 576962 589969 538691 537299 608269 478125 634417 644139 1.17191e+06 925981 841388 885114 929754 870657 1.11744e+06
#pred surv len freq
 0.0049661 0.00800947 0.0119555 0.0167559 0.0222848 0.0282733 0.0342755 0.039765 0.0443285 0.0478019 0.0502532 0.0518675 0.052844 0.0533504 0.0535194 0.0534618 0.0532846 0.0530863 0.0528951 0.0525458 0.0515731 0.0492616 0.0449411 0.0384228 0.0302775
 0.00513191 0.00820716 0.0121241 0.0168049 0.0221311 0.0278931 0.0337368 0.0392119 0.0439181 0.047632 0.050327 0.0521149 0.0531779 0.05372 0.053928 0.0539456 0.0538673 0.0537351 0.0535036 0.0529593 0.0516502 0.0489437 0.0442886 0.0375928 0.029455
 0.00527479 0.00844491 0.0124865 0.0173087 0.0227596 0.0285761 0.0343489 0.0396076 0.0439971 0.0473973 0.0498904 0.0516399 0.0528006 0.0535017 0.053864 0.0540051 0.0540218 0.0539536 0.0537269 0.0530883 0.051572 0.0485857 0.0436666 0.0368133 0.0286688
 0.00542677 0.00869236 0.0128606 0.0178406 0.0234761 0.029488 0.0354331 0.0407887 0.0451434 0.0483426 0.0504845 0.051807 0.0525721 0.0529986 0.0532389 0.0533821 0.053466 0.0534723 0.0532825 0.052612 0.0509854 0.0478372 0.0427673 0.035846 0.0277557
 0.00566352 0.00906444 0.0133974 0.0185626 0.0243942 0.0306009 0.0367223 0.0422114 0.0466275 0.0497842 0.0517508 0.0527521 0.0530707 0.0529891 0.0527511 0.0525271 0.0523905 0.0523026 0.0520885 0.0514044 0.0497413 0.0465411 0.0414458 0.0345765 0.0266402
 0.00594493 0.00950629 0.0140333 0.0194139 0.0254671 0.0318835 0.0381792 0.0437829 0.0482359 0.0513444 0.0531756 0.0539493 0.0539397 0.0534294 0.0526876 0.0519418 0.0513374 0.0508926 0.0504495 0.0496436 0.0479331 0.0447431 0.0397256 0.0330212 0.0253389
 0.00624552 0.00998534 0.0147362 0.0203761 0.0267076 0.0333947 0.0399168 0.0456629 0.0501462 0.0531668 0.0548046 0.0552995 0.0549406 0.054016 0.0527974 0.051524 0.0503747 0.04942 0.0485577 0.0474621 0.0456071 0.0424182 0.0375424 0.0311074 0.0237902
 0.0065013 0.0104008 0.015361 0.0212572 0.0278811 0.0348733 0.0416746 0.0476284 0.0522092 0.0551964 0.0566701 0.0568851 0.0561535 0.0547865 0.0530724 0.051262 0.049548 0.0480282 0.0466468 0.0451362 0.0430253 0.0397762 0.0350438 0.0289301 0.0220525
 0.00680114 0.010881 0.0160709 0.0222395 0.0291665 0.0364708 0.0435588 0.0497315 0.0544253 0.0573953 0.0587143 0.0586447 0.0575167 0.0556663 0.0534081 0.0510147 0.0486961 0.0465707 0.0446168 0.0426214 0.0401816 0.0368212 0.0322236 0.0264675 0.0200954
 0.00716956 0.0114573 0.0168966 0.0233402 0.0305503 0.0381263 0.0454493 0.0517906 0.0565602 0.0594976 0.0606715 0.0603483 0.0588662 0.0565732 0.0537994 0.0508351 0.0479098 0.0451652 0.0426145 0.0400986 0.0372867 0.0337746 0.0292878 0.0238888 0.0180422
 0.00744427 0.0119076 0.0175807 0.0243126 0.0318501 0.0397578 0.0473658 0.0538923 0.0587137 0.0615669 0.0625423 0.0619343 0.0601024 0.0574045 0.0541734 0.0507007 0.0472218 0.0438941 0.0407633 0.0377249 0.0345227 0.0308305 0.0264231 0.0213547 0.0160154
 0.00764796 0.012245 0.0181009 0.0250681 0.0328885 0.0411086 0.0490224 0.0558005 0.0607718 0.0636396 0.0644829 0.0636081 0.0614053 0.0582692 0.0545627 0.0505926 0.0465973 0.0427365 0.0390731 0.0355453 0.0319656 0.0280849 0.0237322 0.0189598 0.0140911
 0.00786837 0.0125937 0.018609 0.0257609 0.0337852 0.04222 0.0503449 0.0573094 0.0624171 0.0653468 0.0661559 0.0651373 0.0626789 0.059189 0.0550552 0.0506128 0.0461225 0.04176 0.0376052 0.0336294 0.0297004 0.0256364 0.0213172 0.0167983 0.0123461
 0.00812334 0.0129944 0.0191861 0.0265336 0.0347583 0.0433798 0.0516557 0.0587135 0.0638448 0.0667294 0.067435 0.0662634 0.0636038 0.0598592 0.0554134 0.0506042 0.0457037 0.0409059 0.0363161 0.0319422 0.0277026 0.0234741 0.0191807 0.0148818 0.010795
 0.00838648 0.0134196 0.0198203 0.0274165 0.035912 0.0447941 0.053274 0.0604319 0.0655298 0.0682491 0.0686871 0.0671888 0.0641836 0.0601008 0.0553319 0.0502085 0.0449907 0.0398661 0.0349475 0.03027 0.0257969 0.0214576 0.0172156 0.0131338 0.00938726
 0.00865649 0.0138534 0.020464 0.0283093 0.0370796 0.0462364 0.0549507 0.0622546 0.0673688 0.0699537 0.0701128 0.068222 0.0647593 0.0602082 0.055005 0.0495052 0.0439703 0.0385744 0.0334187 0.0285414 0.0239305 0.019553 0.0154033 0.0115466 0.00812217
 0.00896472 0.014329 0.0211329 0.0291806 0.0381473 0.0474818 0.0563409 0.0637378 0.0688723 0.071387 0.0713755 0.0692143 0.065396 0.060433 0.0548009 0.0488956 0.043008 0.0373254 0.0319494 0.0269166 0.0222229 0.0178529 0.0138168 0.010177 0.00704128
 0.00912364 0.0145866 0.0215185 0.0297194 0.0388541 0.0483521 0.0573437 0.0648175 0.069961 0.0724211 0.0723041 0.069996 0.0659896 0.0607926 0.0548818 0.0486667 0.0424638 0.0364897 0.0308707 0.0256617 0.0208715 0.0164959 0.0125498 0.00908582 0.00618272
 0.00911297 0.0145813 0.0215338 0.0297794 0.0389886 0.0485907 0.0577077 0.0653133 0.070576 0.0731238 0.0730484 0.0707288 0.0666578 0.0613465 0.0552745 0.0488548 0.0424127 0.0361828 0.0303182 0.024903 0.0199727 0.0155414 0.0116297 0.00827916 0.00554184
 0.00913828 0.014616 0.0215749 0.0298223 0.0390316 0.0486403 0.0577824 0.0654408 0.0707847 0.0734313 0.0734528 0.0712066 0.0671683 0.0618394 0.055698 0.0491602 0.0425583 0.0361386 0.0300722 0.0244686 0.0193918 0.0148795 0.0109637 0.00768032 0.00505906
 0.00907346 0.0145104 0.0214157 0.0295987 0.0387381 0.0482827 0.0573838 0.0650444 0.0704496 0.0732223 0.0734252 0.0713916 0.0675625 0.0624026 0.0563605 0.0498371 0.043165 0.0366044 0.0303504 0.0245427 0.0192783 0.0146248 0.0106328 0.00734035 0.00476259
 0.00915287 0.0146237 0.0215566 0.0297496 0.0388734 0.0483744 0.0574078 0.0649859 0.0703079 0.0730149 0.0731888 0.0711773 0.0674237 0.0623795 0.0564659 0.0500507 0.0434377 0.0368718 0.03055 0.0246306 0.0192397 0.014476 0.010414 0.00710115 0.00454607
 0.00912882 0.0145843 0.0214965 0.0296633 0.0387552 0.0482204 0.0572171 0.0647627 0.0700634 0.0727672 0.0729628 0.0710023 0.0673302 0.0623936 0.0566025 0.050306 0.0437845 0.0372617 0.0309231 0.0249312 0.0194315 0.0145514 0.0103932 0.00702104 0.00444598
 0.00904047 0.0144553 0.0213291 0.0294687 0.0385496 0.0480188 0.0570291 0.0645917 0.0699091 0.0726293 0.0728443 0.0709112 0.0672796 0.0624003 0.0566831 0.0504708 0.044031 0.0375693 0.0312544 0.0252402 0.019677 0.0147102 0.0104655 0.00702711 0.00441467
 0.00903847 0.01444 0.0212849 0.0293755 0.0383908 0.0477917 0.0567521 0.0643014 0.0696479 0.0724291 0.0727172 0.0708517 0.0672746 0.0624395 0.056764 0.0505978 0.0442086 0.0377946 0.0315118 0.0255019 0.0199105 0.0148892 0.0105789 0.00708098 0.00442666
 0.00911526 0.0145447 0.0214044 0.0294832 0.0384517 0.047772 0.0566299 0.0640746 0.069337 0.0720753 0.0723729 0.0705665 0.0670813 0.062348 0.0567659 0.0506759 0.0443461 0.0379773 0.0317249 0.0257263 0.0201231 0.0150676 0.0107092 0.0071612 0.00446603
 0.00918642 0.0146595 0.021574 0.0297138 0.0387388 0.0480933 0.0569422 0.064319 0.0694551 0.0720304 0.072165 0.070233 0.0666839 0.061953 0.0564259 0.0504209 0.0441844 0.0379017 0.0317198 0.0257719 0.020197 0.0151482 0.0107788 0.0072103 0.00449375
 0.00911096 0.0145434 0.0214126 0.0295094 0.0385024 0.0478459 0.0567126 0.064138 0.0693443 0.0719921 0.0721809 0.0702741 0.0667266 0.0619902 0.0564681 0.0504872 0.0442903 0.0380516 0.0319057 0.0259767 0.0204003 0.0153305 0.0109263 0.00731726 0.00456255
 0.00915433 0.0146021 0.0214789 0.0295687 0.0385369 0.0478412 0.0566639 0.0640522 0.0692381 0.0718859 0.0720913 0.0702077 0.0666785 0.0619489 0.0564248 0.0504426 0.0442555 0.0380415 0.0319305 0.0260363 0.0204846 0.0154239 0.0110132 0.00738708 0.00461136
 0.00906615 0.0144684 0.0212955 0.0293375 0.0382645 0.047537 0.0563397 0.0637244 0.0689296 0.0716263 0.0719122 0.0701349 0.0667232 0.062103 0.0566623 0.0507291 0.044559 0.0383402 0.0322133 0.0262982 0.0207209 0.0156282 0.0111791 0.00751125 0.00469593
 0.00914344 0.0145846 0.0214525 0.02953 0.0384809 0.0477601 0.0565479 0.0638921 0.0690304 0.0716381 0.0718251 0.0699571 0.0664812 0.061835 0.0564069 0.0505144 0.0443977 0.0382323 0.0321518 0.0262744 0.0207261 0.015653 0.0112136 0.00754631 0.00472512
 0.00922011 0.0146939 0.0215888 0.0296783 0.0386211 0.0478743 0.0566254 0.0639307 0.0690332 0.0716091 0.0717665 0.0698689 0.0663642 0.0616946 0.0562556 0.0503697 0.0442771 0.0381474 0.0321058 0.0262632 0.0207409 0.0156839 0.0112509 0.00758209 0.00475432
 0.00904649 0.0144475 0.0212839 0.0293495 0.0383122 0.0476209 0.0564425 0.0638135 0.0689679 0.0715859 0.0717847 0.0699332 0.0664765 0.0618482 0.0564365 0.0505625 0.0444703 0.0383352 0.0322859 0.0264332 0.0208969 0.0158204 0.0113632 0.00766796 0.00481461
 0.00896551 0.0143115 0.0210731 0.029048 0.0379176 0.0471555 0.0559592 0.0633859 0.0686659 0.0714491 0.0718104 0.0700859 0.0667098 0.0621233 0.0567282 0.0508558 0.0447552 0.038604 0.0325329 0.0266545 0.0210896 0.015982 0.011492 0.00776409 0.00488098
 0.00899647 0.0143484 0.0211028 0.0290482 0.0378602 0.0470148 0.0557216 0.0630589 0.0682829 0.0710657 0.071491 0.0698832 0.0666474 0.0621917 0.0568944 0.0510798 0.0450031 0.0388524 0.0327676 0.0268669 0.0212745 0.0161361 0.011614 0.00785462 0.0049433
 0.00902227 0.014389 0.0211608 0.0291227 0.0379443 0.0470928 0.0557681 0.0630432 0.0681787 0.0708644 0.0712106 0.0695679 0.0663555 0.0619762 0.0567863 0.0510815 0.0450934 0.0389992 0.0329396 0.0270403 0.0214336 0.0162721 0.0117227 0.00793566 0.00499919
 0.0089875 0.0143345 0.0210829 0.0290203 0.0378196 0.0469524 0.0556225 0.0629038 0.0680531 0.0707524 0.0711052 0.0694624 0.0662527 0.0618925 0.0567473 0.0511101 0.0451989 0.0391721 0.0331559 0.0272707 0.021652 0.0164605 0.0118722 0.00804525 0.00507316
 0.00892532 0.0142374 0.0209442 0.028837 0.0375933 0.0466905 0.05534 0.0626232 0.0678014 0.0705546 0.070978 0.0694095 0.0662663 0.0619591 0.0568558 0.0512565 0.0453843 0.0393963 0.0334106 0.0275382 0.0219098 0.0166878 0.0120556 0.00818069 0.00516455
 0.00905029 0.0144157 0.0211664 0.0290777 0.0378178 0.0468651 0.0554408 0.0626396 0.0677349 0.0704158 0.0707842 0.0691826 0.0660288 0.0617313 0.056653 0.0510901 0.045263 0.0393264 0.0333941 0.0275698 0.0219762 0.0167711 0.0121385 0.00825073 0.00521634
 0.00913658 0.0145525 0.0213644 0.0293413 0.0381403 0.0472234 0.0557938 0.0629336 0.0679182 0.0704565 0.0706802 0.0689594 0.0657275 0.0613951 0.0563187 0.0507844 0.0450034 0.0391233 0.0332516 0.0274862 0.0219432 0.0167752 0.0121636 0.00828257 0.00524509
 0.00901058 0.0143757 0.0211506 0.0291221 0.0379571 0.0471147 0.0557822 0.0630194 0.06808 0.0706571 0.070876 0.0691129 0.0658177 0.0614213 0.0562969 0.0507382 0.0449557 0.0390909 0.033244 0.0275055 0.0219858 0.0168325 0.0122251 0.00833857 0.00528932
 0.0088824 0.0141832 0.0208916 0.0288081 0.0376142 0.0467814 0.0555061 0.0628491 0.0680518 0.0707802 0.071126 0.0694372 0.066153 0.0617135 0.0565146 0.0508768 0.0450306 0.039127 0.0332655 0.0275295 0.0220198 0.0168762 0.0122729 0.00838341 0.00532588
 0.0088251 0.0140882 0.020746 0.0286003 0.0373386 0.0464452 0.0551348 0.0624872 0.0677545 0.0705998 0.0710962 0.0695628 0.0664076 0.0620468 0.0568675 0.0511984 0.0452908 0.0393193 0.0334012 0.0276272 0.0220963 0.0169415 0.0123301 0.00843159 0.00536322
 0.00881464 0.0140702 0.0207166 0.0285539 0.0372676 0.0463407 0.0549888 0.062297 0.0675289 0.0703623 0.0708837 0.0694169 0.0663611 0.0621111 0.0570278 0.0514185 0.0455268 0.0395345 0.0335751 0.0277568 0.0221898 0.01701 0.0123823 0.00847184 0.00539327
 0.00883852 0.0140951 0.0207283 0.0285313 0.0371883 0.0461904 0.0547687 0.0620245 0.0672312 0.070069 0.0706221 0.0692118 0.0662358 0.0620848 0.0571089 0.0515981 0.0457779 0.0398182 0.0338529 0.0280005 0.0223862 0.0171586 0.0124896 0.0085464 0.00544278
 0.0088554 0.0141264 0.0207816 0.0286129 0.0372985 0.046317 0.0548844 0.0620923 0.0672176 0.0699584 0.0704243 0.0689582 0.0659687 0.0618462 0.0569327 0.0515052 0.0457726 0.039888 0.0339723 0.0281394 0.0225189 0.0172695 0.0125735 0.00860497 0.00548105
 0.00894162 0.0142531 0.0209475 0.0288091 0.0375116 0.0465345 0.0550961 0.0622871 0.0673786 0.0700603 0.070439 0.0688666 0.0657717 0.0615688 0.0566177 0.0512006 0.0455181 0.0397064 0.0338666 0.0280967 0.0225179 0.0172891 0.0125982 0.00862646 0.00549665
 0.00897262 0.0143023 0.0210187 0.0289041 0.0376286 0.0466664 0.0552307 0.0624097 0.0674763 0.0701256 0.0704693 0.0688596 0.0657226 0.0614725 0.0564759 0.0510272 0.0453381 0.0395478 0.0337503 0.0280301 0.0224949 0.0172954 0.0126182 0.00864861 0.00551472
 0.00905298 0.0144241 0.0211857 0.0291138 0.037873 0.0469333 0.0555042 0.0626698 0.0677001 0.0702905 0.0705579 0.0688634 0.0656429 0.0613181 0.0562601 0.0507669 0.0450543 0.0392653 0.0334945 0.0278204 0.0223404 0.0171934 0.0125581 0.00861703 0.00549996
 0.00911071 0.0145077 0.0212925 0.0292348 0.037996 0.0470471 0.0556022 0.0627511 0.0677671 0.0703465 0.0706037 0.0688959 0.0656551 0.0613017 0.0562083 0.0506776 0.0449319 0.0391208 0.033344 0.0276816 0.0222271 0.0171121 0.0125073 0.00858976 0.00548773
 0.00903535 0.0144109 0.0211938 0.0291666 0.0379929 0.0471296 0.0557651 0.0629638 0.0679874 0.0705377 0.0707458 0.0689865 0.0657013 0.061312 0.0561876 0.0506272 0.0448528 0.0390173 0.0332252 0.0275604 0.0221171 0.0170235 0.0124441 0.00855012 0.00546593
 0.00860157 0.0137384 0.0202457 0.0279389 0.0365235 0.0455072 0.054132 0.0615017 0.0668787 0.069916 0.0706617 0.0694055 0.0665289 0.0624258 0.057463 0.0519522 0.0461357 0.0401905 0.0342462 0.0284099 0.0227942 0.0175402 0.0128202 0.00880918 0.00563317
 0.00839258 0.0133921 0.019713 0.0271716 0.035487 0.0442002 0.0526072 0.0598748 0.0653162 0.068604 0.0697661 0.0690363 0.0667178 0.0631239 0.058559 0.0533021 0.047593 0.0416283 0.0355686 0.029555 0.0237319 0.0182668 0.0133516 0.00917414 0.00586691
 0.00825837 0.013173 0.0193805 0.0266953 0.0348371 0.043353 0.0515559 0.0586415 0.0639623 0.0672337 0.0685199 0.0680704 0.0661723 0.0630875 0.0590443 0.0542422 0.0488596 0.0430641 0.0370203 0.0308982 0.0248837 0.0191872 0.0140375 0.00964978 0.00617239
 0.0082255 0.0131191 0.0192976 0.0265731 0.034661 0.0431034 0.0512079 0.0581688 0.0633442 0.0664673 0.0676336 0.0671344 0.0652976 0.0624086 0.0586863 0.0542835 0.0493065 0.0438471 0.0380158 0.0319633 0.0258907 0.0200469 0.0147069 0.010127 0.00648392
 0.00830058 0.0132324 0.0194511 0.0267617 0.0348718 0.0433156 0.051392 0.0582863 0.0633497 0.0663151 0.0672891 0.0665882 0.0645799 0.0615963 0.0578967 0.05365 0.0489414 0.0438065 0.0382825 0.0324557 0.0264935 0.0206475 0.0152237 0.0105206 0.0067522
 0.00832935 0.0132947 0.0195728 0.0269744 0.035202 0.0437696 0.0519426 0.0588715 0.063885 0.066713 0.0674769 0.0665186 0.0642375 0.0610044 0.0571219 0.0527992 0.0481439 0.0431832 0.037911 0.0323491 0.0266024 0.0208854 0.0155007 0.01077 0.00694089
 0.00823434 0.0131675 0.019433 0.0268601 0.0351633 0.0438553 0.0521858 0.0592778 0.0644258 0.067325 0.0680697 0.0669919 0.0645037 0.0610096 0.0568594 0.052314 0.0475262 0.0425492 0.0373733 0.0319851 0.0264345 0.0208826 0.0156003 0.0109062 0.00706628
 0.00791541 0.0127045 0.0188402 0.0261898 0.034496 0.0432803 0.0517843 0.0591118 0.0645305 0.0677003 0.0686733 0.0677405 0.0652856 0.0617077 0.0573776 0.0526001 0.0475838 0.042435 0.0371775 0.0318007 0.0263272 0.0208739 0.0156711 0.0110162 0.00717663
 0.00743923 0.0119794 0.0178431 0.0249385 0.0330523 0.0417485 0.0503074 0.0578579 0.0636626 0.0673361 0.0688538 0.0684227 0.0663575 0.0630148 0.0587533 0.0538946 0.0486904 0.043306 0.0378245 0.0322764 0.0266961 0.021185 0.0159454 0.0112516 0.00736268
#obs surv len freq
 nan nan nan nan nan nan nan nan nan nan nan nan nan nan nan nan nan nan nan nan nan nan nan nan nan
 0.00448031 0.00733968 0.0111679 0.015983 0.0216835 0.0279596 0.0342749 0.0400076 0.0446888 0.0481543 0.0505138 0.0520111 0.0529048 0.0534184 0.0537336 0.0539892 0.0542683 0.0545614 0.0547004 0.0542924 0.0527303 0.0493621 0.0438112 0.0362904 0.027673
 0.00461308 0.00755673 0.0114964 0.0164483 0.0223025 0.0287319 0.0351731 0.0409746 0.0456454 0.0490144 0.0512009 0.0524696 0.0531056 0.05336 0.0534377 0.0534928 0.0536148 0.0537936 0.0538574 0.0534111 0.0518495 0.0485247 0.043062 0.0356672 0.0271967
 0.00478778 0.00784061 0.0119234 0.0170499 0.0231017 0.0297334 0.0363529 0.042275 0.0469804 0.0502835 0.0523037 0.0533182 0.0536333 0.053528 0.0532383 0.052948 0.0527698 0.0527077 0.052597 0.0520467 0.0504567 0.0471846 0.0418549 0.0346594 0.0264251
 0.00497365 0.00814854 0.0123975 0.0177344 0.0240319 0.0309215 0.037773 0.0438593 0.0486284 0.0518812 0.0537404 0.0544957 0.05447 0.0539613 0.0532295 0.0524867 0.0518765 0.0514326 0.0510161 0.0502581 0.0485765 0.0453414 0.0401759 0.0332487 0.0253411
 0.00518915 0.00849851 0.0129239 0.0184773 0.0250235 0.0321753 0.039272 0.0455486 0.0504194 0.0536643 0.0554 0.0559214 0.0555645 0.0546445 0.0534417 0.0521911 0.0510639 0.0501272 0.0492807 0.0481973 0.0463348 0.0430911 0.0380936 0.0314815 0.0239747
 0.00540821 0.00885942 0.0134758 0.0192688 0.0260926 0.0335346 0.0408942 0.0473624 0.0523218 0.0555415 0.057144 0.057437 0.0567667 0.055457 0.0537963 0.0520325 0.0503563 0.0488649 0.0475013 0.0459935 0.0438593 0.0405452 0.0356959 0.0294216 0.0223688
 0.00564917 0.00925204 0.0140687 0.0201083 0.0272152 0.0349536 0.0425854 0.0492575 0.0543163 0.0575133 0.0589734 0.0590191 0.0580165 0.0563069 0.0541904 0.0519219 0.0496998 0.0476392 0.0457194 0.0437271 0.0412529 0.0378109 0.0330792 0.0271455 0.0205781
 0.00588615 0.00964221 0.0146649 0.0209626 0.0283685 0.0364196 0.0443339 0.0512102 0.056359 0.0595188 0.0608222 0.0606097 0.0592672 0.0571533 0.0545818 0.0518161 0.0490607 0.0464416 0.0439651 0.04147 0.0386218 0.0350124 0.0303668 0.0247604 0.0186851
 0.00612795 0.0100369 0.0152622 0.0218104 0.0295045 0.0378575 0.0460485 0.0531308 0.0583776 0.0615095 0.0626611 0.0621891 0.0605014 0.057979 0.0549536 0.0516998 0.0484283 0.0452727 0.0422598 0.0392729 0.0360475 0.0322537 0.0276708 0.0223704 0.0167742
 0.00638902 0.0104653 0.015914 0.0227394 0.0307507 0.0394293 0.0479057 0.0551802 0.0604884 0.0635401 0.0644836 0.0637016 0.0616297 0.0586726 0.0551808 0.051441 0.0476703 0.0440079 0.040496 0.0370543 0.0334799 0.0295165 0.0249976 0.0199962 0.01487
 0.00662504 0.0108537 0.0165074 0.0235899 0.0319 0.0408923 0.0496536 0.0571336 0.0625266 0.0655241 0.066279 0.0651949 0.0627367 0.0593393 0.0553784 0.0511582 0.0469053 0.0427651 0.0387928 0.0349379 0.0310501 0.0269375 0.0224827 0.0177614 0.0130743
 0.00681742 0.0111708 0.0169927 0.0242875 0.0328466 0.0421048 0.051115 0.0587868 0.0642813 0.067271 0.0679061 0.0665984 0.0638278 0.0600497 0.0556625 0.0509917 0.046281 0.0416893 0.0372877 0.0330538 0.0288819 0.0246343 0.0202351 0.0157618 0.0114649
 0.00703751 0.0115282 0.0175297 0.0250427 0.033847 0.0433536 0.0525799 0.0603964 0.0659355 0.0688615 0.0693335 0.0677816 0.0647052 0.0605764 0.0558081 0.050738 0.0456211 0.040629 0.0358494 0.031287 0.0268761 0.022525 0.0181916 0.0139527 0.0100132
 0.00728631 0.0119329 0.0181387 0.0258991 0.0349782 0.0447558 0.0542031 0.062142 0.067673 0.0704564 0.0706737 0.0687904 0.0653412 0.0608267 0.0556779 0.0502412 0.0447743 0.039451 0.0343676 0.0295491 0.0249628 0.0205557 0.0163126 0.0123072 0.00870295
 0.00743895 0.0121937 0.0185544 0.0265206 0.0358492 0.0458944 0.0555839 0.0636901 0.0692749 0.071983 0.0720036 0.0698269 0.0660209 0.0611206 0.0555867 0.0497864 0.0439873 0.0383666 0.0330246 0.0279985 0.0232789 0.0188415 0.0146914 0.010897 0.00758584
 0.00749767 0.0122916 0.0187076 0.0267496 0.0361789 0.0463525 0.0561957 0.0644686 0.0702104 0.0730346 0.0730983 0.0708688 0.066909 0.0617673 0.0559316 0.0498011 0.0436719 0.0377427 0.0321302 0.0268868 0.0220224 0.0175336 0.0134384 0.00979888 0.00671194
 0.00758666 0.0124228 0.0188806 0.0269565 0.0364091 0.0465996 0.0564627 0.0647703 0.0705691 0.0734723 0.0736257 0.0714736 0.0675492 0.0623744 0.0564239 0.050102 0.0437264 0.0375261 0.0316497 0.0261791 0.0211506 0.0165818 0.0125014 0.00896461 0.00604169
 0.007671 0.0125563 0.0190737 0.0272143 0.0367274 0.0469616 0.0568382 0.0651214 0.0708641 0.0737003 0.0738026 0.0716344 0.0677286 0.0625864 0.0566507 0.0502959 0.0438247 0.0374709 0.0314058 0.0257452 0.0205607 0.0158996 0.0118062 0.00833248 0.00552745
 0.00769963 0.012601 0.0191379 0.0273004 0.0368373 0.0470962 0.0569964 0.065298 0.0710486 0.0738783 0.0739616 0.0717702 0.067849 0.0627079 0.0567862 0.0504418 0.0439544 0.0375402 0.0313684 0.0255716 0.020252 0.0154898 0.0113526 0.00789821 0.00516215
 0.00775437 0.0126826 0.0192469 0.0274324 0.0369842 0.0472488 0.0571459 0.0654373 0.0711726 0.0739839 0.0740472 0.071835 0.0678939 0.0627371 0.056807 0.0504613 0.0439721 0.037542 0.0313286 0.025463 0.0200605 0.0152247 0.0110461 0.0075937 0.00489876
 0.00779551 0.0127462 0.019336 0.027547 0.0371201 0.0473972 0.0572939 0.0655696 0.0712755 0.0740504 0.0740787 0.0718399 0.067883 0.0627193 0.0567882 0.0504442 0.0439559 0.037521 0.0312903 0.0253911 0.0199421 0.015059 0.0108482 0.00739034 0.00471742
 0.00784422 0.012817 0.0194272 0.0276516 0.0372283 0.0474993 0.057383 0.0656416 0.0713285 0.0740831 0.0740909 0.0718332 0.0678619 0.0626902 0.0567576 0.0504168 0.0439328 0.0374989 0.0312617 0.0253454 0.01987 0.0149573 0.0107239 0.00725884 0.0045968
 0.00788923 0.0128907 0.0195382 0.0278065 0.0374279 0.0477344 0.0576317 0.0658724 0.0715088 0.0741899 0.0741172 0.0717875 0.0677617 0.0625555 0.0566068 0.0502646 0.0437893 0.0373689 0.0311447 0.0252365 0.0197627 0.0148473 0.0106122 0.00715188 0.00450351
 0.0078811 0.0128796 0.0195258 0.0277966 0.0374266 0.0477496 0.0576714 0.0659414 0.0716051 0.074303 0.0742295 0.07188 0.0678204 0.0625761 0.0565937 0.0502276 0.043739 0.0373137 0.031089 0.0251807 0.0197047 0.0147854 0.010547 0.00708744 0.00444568
 0.00787463 0.0128622 0.0194877 0.0277254 0.0373126 0.0475925 0.0574853 0.0657547 0.0714529 0.074216 0.0742237 0.0719529 0.0679533 0.0627411 0.0567634 0.0503814 0.0438664 0.0374123 0.0311607 0.0252285 0.0197311 0.0147926 0.0105384 0.00706823 0.00442216
 0.00786886 0.0128493 0.0194614 0.027677 0.0372321 0.0474711 0.0573198 0.0655509 0.0712285 0.0739996 0.0740504 0.0718547 0.0679488 0.0628296 0.0569251 0.0505855 0.0440809 0.0376118 0.03133 0.0253614 0.0198274 0.0148557 0.0105737 0.00708286 0.00442362
 0.00789115 0.0128802 0.0194977 0.0277117 0.0372553 0.047472 0.0572885 0.0654806 0.0711169 0.0738515 0.0738795 0.0716836 0.0678057 0.0627406 0.056906 0.0506361 0.0441859 0.0377469 0.03147 0.025487 0.0199274 0.0149269 0.0106186 0.00710681 0.00443336
 0.00787317 0.0128535 0.0194621 0.0276684 0.0372055 0.0474163 0.0572257 0.0654085 0.0710338 0.0737577 0.073779 0.071584 0.0677186 0.06268 0.056886 0.0506664 0.0442673 0.0378696 0.0316156 0.0256343 0.0200585 0.0150309 0.0106923 0.00715349 0.00445939
 0.0078688 0.0128426 0.0194389 0.0276257 0.0371378 0.0473225 0.0571124 0.0652883 0.0709212 0.0736636 0.0737077 0.0715342 0.0676871 0.0626658 0.0568918 0.0506978 0.0443295 0.037963 0.0317337 0.025764 0.0201842 0.0151392 0.0107755 0.00721056 0.00449424
 0.00783968 0.0127965 0.0193716 0.0275342 0.03702 0.0471788 0.0569466 0.0651097 0.0707445 0.0735074 0.0735901 0.0714685 0.0676777 0.0627081 0.0569757 0.0508123 0.0444656 0.0381146 0.0318947 0.0259261 0.0203369 0.0152717 0.0108805 0.0072858 0.00454278
 0.00782221 0.0127648 0.019318 0.0274499 0.0368981 0.0470175 0.0567528 0.0648987 0.0705368 0.0733236 0.0734471 0.0713781 0.0676466 0.0627375 0.0570607 0.0509428 0.0446284 0.038296 0.0320823 0.0261092 0.0205055 0.0154171 0.0109966 0.0073707 0.00459912
 0.00778875 0.0127095 0.0192333 0.0273281 0.0367331 0.0468081 0.0565049 0.0646275 0.0702654 0.0730786 0.0732543 0.0712572 0.0676085 0.0627831 0.0571823 0.051126 0.0448551 0.0385466 0.0323382 0.0263538 0.0207254 0.0156027 0.0111427 0.00747698 0.00466994
 0.0077677 0.0126746 0.0191792 0.0272494 0.0366249 0.0466674 0.0563328 0.0644301 0.0700536 0.0728677 0.073062 0.0711024 0.0675083 0.0627503 0.0572221 0.0512351 0.0450223 0.0387549 0.0325675 0.0265841 0.0209392 0.0157869 0.0112897 0.00758509 0.00474274
 0.00772124 0.0126006 0.0190709 0.0271018 0.0364365 0.0464417 0.0560801 0.0641675 0.069802 0.0726477 0.07289 0.0709892 0.0674604 0.0627704 0.0573101 0.051387 0.045229 0.0390022 0.0328367 0.0268545 0.021191 0.0160044 0.0114634 0.00771287 0.0048288
 0.00771015 0.0125769 0.0190249 0.0270213 0.03631 0.0462637 0.0558555 0.0639124 0.0695403 0.072405 0.0726881 0.0708437 0.0673799 0.062758 0.0573644 0.0515032 0.0453995 0.0392157 0.033078 0.027105 0.0214312 0.016217 0.0116367 0.00784242 0.00491714
 0.007667 0.0125125 0.0189383 0.0269144 0.0361854 0.0461225 0.0556964 0.063734 0.0693451 0.072203 0.072497 0.0706851 0.0672737 0.0627171 0.0573933 0.0515989 0.0455534 0.0394152 0.0333078 0.0273473 0.0216671 0.0164291 0.0118122 0.00797526 0.00500875
 0.00764904 0.0124804 0.0188849 0.0268323 0.0360697 0.0459746 0.0555259 0.0635569 0.0691782 0.0720572 0.072376 0.0705884 0.0672022 0.0626768 0.0573931 0.0516467 0.0456518 0.0395602 0.0334888 0.0275489 0.0218714 0.0166185 0.0119728 0.00809954 0.00509601
 0.00764596 0.0124763 0.0188802 0.0268269 0.036062 0.0459601 0.0554975 0.0635071 0.0691031 0.0719591 0.0722637 0.0704737 0.0670962 0.0625878 0.057328 0.0516124 0.0456551 0.0396048 0.0335732 0.0276649 0.0220053 0.0167541 0.0120954 0.00819882 0.00516826
 0.00763461 0.0124607 0.0188621 0.0268098 0.03605 0.0459563 0.0555024 0.0635173 0.0691112 0.0719562 0.0722417 0.0704289 0.0670313 0.062511 0.057251 0.0515473 0.0456123 0.0395923 0.0335945 0.0277182 0.0220828 0.0168437 0.0121835 0.0082748 0.00522612
 0.00759272 0.0123959 0.0187711 0.0266925 0.0359106 0.0458041 0.0553518 0.063386 0.0690162 0.071908 0.0722408 0.070466 0.0670916 0.0625802 0.0573195 0.0516122 0.0456763 0.039661 0.0336729 0.0278082 0.0221817 0.0169444 0.0122772 0.00835347 0.00528543
 0.00756072 0.012344 0.0186934 0.0265842 0.0357697 0.0456336 0.0551621 0.0631948 0.0688457 0.0717796 0.0721697 0.0704578 0.0671415 0.062675 0.0574417 0.0517454 0.0458091 0.039788 0.033794 0.0279247 0.0222937 0.0170494 0.0123702 0.00842969 0.00534236
 0.00756326 0.0123428 0.0186817 0.0265524 0.0357075 0.0455342 0.0550254 0.0630295 0.0686673 0.071608 0.0720251 0.0703577 0.0670972 0.0626892 0.0575083 0.0518511 0.0459377 0.0399249 0.0339288 0.0280518 0.0224101 0.0171529 0.0124584 0.0085003 0.00539449
 0.00754706 0.012321 0.0186569 0.0265286 0.035688 0.0455175 0.0550041 0.0629918 0.0686027 0.0715133 0.0719079 0.0702348 0.0669895 0.0626157 0.0574808 0.0518721 0.0460009 0.040018 0.0340377 0.0281641 0.0225168 0.0172481 0.0125385 0.00856346 0.00544061
 0.00754992 0.0123261 0.0186655 0.0265427 0.0357098 0.0455493 0.0550466 0.0630421 0.0686528 0.0715496 0.0719153 0.0702025 0.0669169 0.0625146 0.0573714 0.0517762 0.0459344 0.0399876 0.0340409 0.0281924 0.0225598 0.0172961 0.0125844 0.00860247 0.00547056
 0.00751437 0.012273 0.0185943 0.0264562 0.0356142 0.0454528 0.0549589 0.0629736 0.0686125 0.0715427 0.07194 0.0702497 0.0669725 0.0625646 0.0574078 0.0518 0.045954 0.0400134 0.0340799 0.0282453 0.0226219 0.0173599 0.0126425 0.00865011 0.00550583
 0.0075199 0.0122761 0.0185884 0.0264322 0.0355638 0.045373 0.0548558 0.0628617 0.0685106 0.0714675 0.0719014 0.0702491 0.0670035 0.062616 0.0574668 0.051856 0.0460022 0.0400549 0.0341196 0.0282881 0.0226691 0.0174092 0.0126892 0.00868983 0.00553601
 0.00751715 0.0122729 0.0185854 0.02643 0.0355607 0.0453646 0.0548342 0.0628188 0.0684427 0.0713798 0.0718082 0.0701688 0.0669521 0.0626008 0.0574854 0.0518988 0.0460572 0.0401125 0.034175 0.0283403 0.0227187 0.0174559 0.0127315 0.00872532 0.00556308
 0.00749352 0.012238 0.0185397 0.0263763 0.035504 0.0453104 0.0547872 0.0627812 0.0684136 0.0713552 0.0717832 0.0701418 0.0669268 0.0625854 0.0574886 0.0519251 0.0461048 0.0401746 0.034243 0.0284073 0.0227805 0.0175104 0.0127774 0.00876178 0.00558997
 0.00750158 0.0122473 0.0185467 0.0263758 0.0354911 0.0452831 0.0547484 0.0627382 0.068375 0.0713267 0.0717655 0.0701307 0.0669166 0.0625727 0.0574751 0.0519161 0.0461062 0.0401897 0.0342709 0.0284437 0.02282 0.0175485 0.012811 0.00878906 0.00561034
 0.00750158 0.0122473 0.0185467 0.0263758 0.0354911 0.0452831 0.0547484 0.0627382 0.068375 0.0713267 0.0717655 0.0701307 0.0669166 0.0625727 0.0574751 0.0519161 0.0461062 0.0401897 0.0342709 0.0284437 0.02282 0.0175485 0.012811 0.00878906 0.00561034
 0.00713033 0.0116621 0.0177024 0.0252488 0.0340908 0.0436658 0.0530291 0.0610855 0.0669814 0.0703622 0.0713363 0.0702597 0.0675488 0.0635977 0.0587564 0.0533194 0.0475187 0.0415279 0.035479 0.0294881 0.0236837 0.0182285 0.0133168 0.00914176 0.00583879
 0.00708906 0.0115511 0.0174548 0.0247771 0.0333105 0.0425332 0.0515747 0.0594235 0.0652884 0.0688372 0.0701597 0.0695638 0.0673993 0.0639873 0.0596102 0.0545138 0.0489084 0.0429729 0.0368641 0.0307308 0.0247345 0.0190663 0.0139447 0.00958103 0.00612364
 0.00705295 0.0115001 0.0173888 0.0246911 0.0331838 0.042318 0.0511967 0.0588038 0.0643828 0.0676757 0.0688611 0.0683124 0.0663951 0.0633905 0.0595041 0.0548927 0.0496895 0.044024 0.0380369 0.0318905 0.0257788 0.0199332 0.0146106 0.0100541 0.00643312
 0.00700718 0.011432 0.0172983 0.0245833 0.033067 0.0422002 0.0510781 0.0586672 0.0641872 0.0673619 0.0683752 0.067642 0.0655976 0.0625931 0.0588683 0.0545597 0.0497337 0.0444337 0.0387259 0.0327313 0.0266404 0.0207111 0.0152421 0.010519 0.00674439
 0.00706934 0.0115329 0.0174495 0.024794 0.033341 0.042531 0.0514444 0.0590316 0.0644991 0.0675627 0.0684046 0.0674481 0.0651538 0.0619207 0.0580498 0.0537301 0.0490434 0.0439999 0.0385955 0.0328729 0.0269664 0.0211148 0.0156322 0.0108387 0.00697365
 0.00712623 0.0116373 0.0176281 0.0250775 0.0337551 0.0430824 0.0521091 0.0597523 0.0651958 0.0681496 0.0688057 0.0676055 0.0650317 0.0615103 0.0573792 0.0528725 0.0481143 0.0431345 0.0379116 0.0324353 0.026773 0.021109 0.0157337 0.0109744 0.00709585
 0.00714929 0.0116826 0.0177117 0.0252211 0.0339835 0.043418 0.0525634 0.0603181 0.0658417 0.0688193 0.0694236 0.0680886 0.0653052 0.0615225 0.0571116 0.0523472 0.0473962 0.0423247 0.0371277 0.031781 0.0263091 0.0208413 0.0156232 0.0109621 0.00712727
 0.00712183 0.0116416 0.0176574 0.0251584 0.0339237 0.0433801 0.0525742 0.060409 0.0660405 0.0691388 0.0698514 0.068582 0.0657957 0.0619283 0.0573572 0.0523825 0.0472122 0.0419593 0.0366575 0.0313002 0.0259004 0.0205526 0.0154595 0.0108961 0.00711945
 0.00712182 0.0116403 0.0176532 0.0251493 0.0339084 0.0433597 0.0525543 0.0604012 0.0660622 0.0692114 0.069994 0.0688036 0.066086 0.0622528 0.0576599 0.0525989 0.0472895 0.0418756 0.036432 0.0309882 0.0255736 0.0202731 0.0152613 0.0107813 0.00706815
#pred catch len freq
 0.00416974 0.00660365 0.00964516 0.0132277 0.017315 0.0218817 0.0268444 0.0320254 0.037182 0.0420632 0.0464486 0.0501705 0.0531315 0.0553143 0.0567759 0.0576353 0.0580592 0.0582278 0.0582433 0.0579815 0.0569701 0.0544451 0.0496819 0.0424805 0.0334766
 0.00431384 0.00678152 0.00981169 0.0133141 0.0172577 0.0216614 0.0265115 0.0316865 0.0369518 0.0420096 0.046567 0.0504027 0.0534128 0.0556165 0.0571198 0.0580675 0.0586062 0.0588517 0.0588248 0.0583491 0.0569682 0.0540111 0.0488859 0.0414995 0.0325176
 0.00446931 0.00702942 0.0101712 0.0137881 0.017819 0.0222411 0.0270024 0.0319743 0.0369675 0.041773 0.0461855 0.0500192 0.0531376 0.0554916 0.0571325 0.0581888 0.0588146 0.059121 0.0590949 0.058513 0.0569019 0.0536347 0.0482159 0.040653 0.0316605
 0.00464943 0.00731331 0.0105831 0.0143478 0.0185408 0.0231287 0.0280345 0.0330864 0.0380424 0.0426575 0.046737 0.0501643 0.052907 0.0550042 0.0565377 0.0576071 0.0583074 0.058692 0.0587019 0.0580805 0.0563432 0.0528908 0.0472964 0.0396464 0.0306999
 0.00488942 0.0076842 0.0111066 0.0150346 0.0193939 0.0241468 0.0292109 0.0344002 0.0394463 0.044065 0.048019 0.0511639 0.0534802 0.0550711 0.0561175 0.056809 0.057282 0.0575706 0.0575562 0.056918 0.0551345 0.0516134 0.0459736 0.0383579 0.0295551
 0.00518354 0.00813786 0.0117446 0.015866 0.0204146 0.0253437 0.0305616 0.0358704 0.0409877 0.0456147 0.0494965 0.052467 0.0544859 0.0556515 0.0561735 0.0563077 0.0562744 0.0561735 0.0559074 0.0551331 0.0532914 0.0497709 0.0442002 0.0367447 0.0281976
 0.00549775 0.00862798 0.0124444 0.0167954 0.0215795 0.0267353 0.0321522 0.0376086 0.0427993 0.04741 0.0511801 0.0539439 0.0556617 0.0564315 0.0564654 0.0560373 0.0554098 0.0547464 0.0540143 0.0529146 0.0509046 0.0473714 0.0419368 0.0347526 0.0265793
 0.00580756 0.00911509 0.0131479 0.0177436 0.0227899 0.0282115 0.0338767 0.0395343 0.0448463 0.0494712 0.0531328 0.0556642 0.0570369 0.0573667 0.0568834 0.0558759 0.0546269 0.0533347 0.0520212 0.0504541 0.0481519 0.0445413 0.0392525 0.0324084 0.0247052
 0.00614521 0.00964275 0.0139039 0.0187537 0.0240687 0.0297629 0.035688 0.0415669 0.0470291 0.0517005 0.0552801 0.0575891 0.0586037 0.0584585 0.0574104 0.0557755 0.0538606 0.0518922 0.0499344 0.0478177 0.0451373 0.0413879 0.0362304 0.0297623 0.0225984
 0.00653893 0.0102485 0.0147531 0.0198571 0.0254217 0.0313523 0.0374924 0.0435507 0.0491348 0.0538462 0.0573614 0.0594856 0.0601888 0.0596111 0.0580256 0.0557717 0.0531831 0.0505176 0.0478826 0.0451714 0.04206 0.0381236 0.0330692 0.0269769 0.0203758
 0.00686418 0.0107639 0.0155044 0.0208793 0.0267344 0.0329533 0.0393489 0.0455949 0.0512715 0.0559677 0.0593613 0.061265 0.0616556 0.060678 0.0586098 0.0557968 0.0525855 0.0492566 0.0459577 0.0426455 0.0390808 0.0349257 0.0299429 0.0242031 0.0181529
 0.00711951 0.0111708 0.0161033 0.0217068 0.0278222 0.0343238 0.0410036 0.0475015 0.0533555 0.0581144 0.0614303 0.0631124 0.0631569 0.0617409 0.0591723 0.0558154 0.0520245 0.048088 0.0441772 0.0402997 0.036295 0.0319128 0.0269765 0.0215553 0.0160214
 0.00738649 0.011584 0.0166878 0.0224767 0.0287847 0.0354836 0.0423624 0.04905 0.0550631 0.0599211 0.0632438 0.0648141 0.0646168 0.0628378 0.0598106 0.055932 0.0515838 0.0470753 0.0426001 0.0382052 0.0337942 0.0291934 0.0242844 0.0191401 0.0140684
 0.00771437 0.0120875 0.0173912 0.0233842 0.0298838 0.0367492 0.0437589 0.0505315 0.0565758 0.0614087 0.0646505 0.066083 0.0656848 0.0636341 0.0602609 0.0559676 0.0511512 0.0461438 0.0411689 0.0363159 0.0315466 0.026754 0.0218698 0.0169716 0.012312
