SBPRF35
7.78865
Curr Bio
589436
B35
648908
F35
0.212505
FOFL
0.187196
OFL
84361.6
Bzero
2.22533e+006
#pred survey bio
 3.84556e+006 3.39904e+006 3.04741e+006 2.70783e+006 2.3883e+006 2.10388e+006 1.84325e+006 1.6133e+006 1.38445e+006 1.21534e+006 1.08607e+006 968424 893057 826630 767561 740053 707831 690934 669346 651684 633098 619816 616931 611972 619709 614272 615967 613605 606092 591753 579292 567487 557887 547115 549760 556881 560880 573489 576687 597215 605292 604380 607080 606486 612566 605350 601457 566807 557409 557263 547206 544030 551133 542334 532688 540678 564848 595477 2.03368e+007 1.19536e+007 1.19875e+007 1.25176e+007 1.33297e+007 1.42062e+007 1.50129e+007 1.56904e+007 1.62273e+007 1.66367e+007 1.69413e+007 1.71642e+007 1.73259e+007 1.74426e+007 1.75268e+007 1.75878e+007 1.7632e+007 1.76643e+007 1.7688e+007 1.77055e+007 1.77186e+007 1.77283e+007 1.77356e+007 1.77411e+007 1.77453e+007 1.77485e+007 1.77509e+007 1.77527e+007 1.77542e+007 1.77552e+007 1.77561e+007 1.77567e+007 1.77572e+007 1.77576e+007 1.77579e+007 1.77581e+007 1.77583e+007 1.77584e+007 1.77585e+007 1.77586e+007 1.77587e+007 1.77587e+007 1.77588e+007 1.77588e+007 1.77588e+007 1.77588e+007 1.77588e+007 1.77589e+007 1.77589e+007 1.77589e+007 1.77589e+007 1.77589e+007 1.77589e+007 1.77589e+007 1.77589e+007 1.77589e+007 1.77589e+007 1.77589e+007 1.77589e+007 1.77589e+007 1.77589e+007 1.77589e+007 1.77589e+007 1.77589e+007 1.77589e+007 1.77589e+007 1.77589e+007 1.77589e+007 1.77589e+007 1.77589e+007 1.77589e+007 1.77589e+007 1.77589e+007 1.77589e+007 1.77589e+007 1.77589e+007 1.77589e+007 1.77589e+007 1.77589e+007 1.77589e+007 1.77589e+007 1.77589e+007 1.77589e+007 1.77589e+007 1.77589e+007 1.77589e+007 1.77589e+007 1.77589e+007 1.77589e+007 1.77589e+007 1.77589e+007 1.77589e+007 1.77589e+007 1.77589e+007 1.77589e+007 1.77589e+007 1.77589e+007 1.77589e+007 1.77589e+007 1.77589e+007 0 0 0 0 0 0 0 0 0 0 0 0 0 0 0 0 0 0 0 0 0 0 0 0 0
#obs survey bio
 4.12599e+006 1.65374e+006 3.24582e+006 2.68192e+006 1.87086e+006 1.49696e+006 1.16497e+006 1.10088e+006 1.05824e+006 997523 793064 779191 944480 712108 628760 701790 609314 800474 469250 667550 671658 610352 483847 464999 618018 365218 616055 602474 592752 421892 541028 675118 663363 332973 581574 488084 569577 534117 578244 747327 605734 688101 587724 406322 554246 791789 488828 585404 512566 635734 401299 587048 497276 433388 541577 424574 567747 704540
#pred catch bio
 333653 272880 288234 297304 291174 292107 283034 295735 252672 225025 219806 185905 178493 170178 141049 142361 126465 127474 120968 118363 110793 100417 101839 91762.9 102929 95572.7 96620 97684.9 99612.1 93934 89761.2 87052.6 91156.7 84202.3 83535.2 87690.5 81786.3 90940 77968.4 89805.9 97043.3 92933 95099.7 89801.1 100555 96350.4 120516 98117.4 90625.2 98741.8 92648 84323.8 97664.4 98466.7 84973.9 72980.9 67231.7 100073 84361.6 92326.6 91111.5 93748.5 99237.2 105464 111178 115878 119487 122132 124003 125294 126168 126749 127132 127382 127543 127647 127713 127756 127783 127800 127810 127817 127821 127824 127826 127827 127828 127828 127828 127828 127829 127829 127829 127829 127829 127829 127829 127829 127829 127829 127829 127829 127829 127829 127829 127829 127829 127829 127829 127829 127829 127829 127829 127829 127829 127829 127829 127829 127829 127829 127829 127829 127829 127829 127829 127829 127829 127829 127829 127829 127829 127829 127829 127829 127829 127829 127829 127829 127829 127829 127829 127829 127829 127829 127829 127829 127829 127829 127829 127829 127829 127829 127829 127829 127829 127829 127829 127829 0 0 0 0 0 0 0 0 0 0 0 0 0 0 0 0 0 0 0 0 0 0 0 0 0
#obs catch bio
 256393 274009 290536 300098 294911 296792 288400 303357 258764 229654 226303 191129 183163 174824 144288 145653 128908 129783 123190 120416 112133 101372 103077 92891.5 104870 97514.3 97996.2 98744.1 100789 94857.2 90586.6 87563.6 91866.8 85070.4 83780.2 88151.2 81842.4 91608 78195.4 90450.8 97809.3 93290.3 95076.5 90043.9 101627 96156.9 121362 98383.8 90615.5 98986.8 93016.8 84267.1 97733.2 98714 85437 73514.5 67221.9 100386
#pred cpue bio
 3.77758e+006 3.33617e+006 2.98835e+006 2.65102e+006 2.33333e+006 2.05079e+006 1.79222e+006 1.56433e+006 1.33813e+006 1.17102e+006 1.04316e+006 926991 852789 788028 730725 704289 673433 657449 636927 620198 602687 590202 587488 582483 589795 584645 586815 585308 578731 565438 554007 543072 533137 520963 522397 529264 533325 545520 548465 568229 576107 575464 578437 577894 583586 576779 573307 539520 530045 529878 520204 517057 523998 515448 505661 513040 536813 567820 1.94461e+007 1.14428e+007 1.13633e+007 1.17649e+007 1.25319e+007 1.33978e+007 1.42025e+007 1.48796e+007 1.54164e+007 1.58258e+007 1.61303e+007 1.63533e+007 1.65149e+007 1.66317e+007 1.67159e+007 1.67768e+007 1.68211e+007 1.68534e+007 1.68771e+007 1.68946e+007 1.69076e+007 1.69174e+007 1.69247e+007 1.69302e+007 1.69344e+007 1.69375e+007 1.694e+007 1.69418e+007 1.69432e+007 1.69443e+007 1.69451e+007 1.69458e+007 1.69463e+007 1.69467e+007 1.6947e+007 1.69472e+007 1.69474e+007 1.69475e+007 1.69476e+007 1.69477e+007 1.69477e+007 1.69478e+007 1.69478e+007 1.69479e+007 1.69479e+007 1.69479e+007 1.69479e+007 1.69479e+007 1.69479e+007 1.69479e+007 1.69479e+007 1.69479e+007 1.6948e+007 1.6948e+007 1.6948e+007 1.6948e+007 1.6948e+007 1.6948e+007 1.6948e+007 1.6948e+007 1.6948e+007 1.6948e+007 1.6948e+007 1.6948e+007 1.6948e+007 1.6948e+007 1.6948e+007 1.6948e+007 1.6948e+007 1.6948e+007 1.6948e+007 1.6948e+007 1.6948e+007 1.6948e+007 1.6948e+007 1.6948e+007 1.6948e+007 1.6948e+007 1.6948e+007 1.6948e+007 1.6948e+007 1.6948e+007 1.6948e+007 1.6948e+007 1.6948e+007 1.6948e+007 1.6948e+007 1.6948e+007 1.6948e+007 1.6948e+007 1.6948e+007 1.6948e+007 1.6948e+007 1.6948e+007 1.6948e+007 1.6948e+007 1.6948e+007 1.6948e+007 1.6948e+007 1.6948e+007 0 0 0 0 0 0 0 0 0 0 0 0 0 0 0 0 0 0 0 0 0 0 0 0 0
#obs cpue bio
 2.67528e+006 2.10203e+006 2.26116e+006 2.34846e+006 1.81118e+006 2.11875e+006 1.82044e+006 1.57234e+006 1.1658e+006 1.25178e+006 711153 641345 691768 637055 550740 656679 568643 534971 624089 520923 625257 519174 589854 451054 408166 503629 801445 655606 502848 723190 526937 508878 408408 515739 832390 522750 593848 422362 476936 385580 532216 567793 889428 545479 399374 869863 530094 481577 665869 448982 563654 562575 642449 558463 336064 437196 734019 717208
#pred surv len freq
 0.00584997 0.00943779 0.0140871 0.0197275 0.0261791 0.0330723 0.0398171 0.0457384 0.0503296 0.0534272 0.0551829 0.0559056 0.0559139 0.0554624 0.0547192 0.053768 0.0526231 0.0512477 0.049553 0.0473701 0.0444302 0.040421 0.0351526 0.0287656 0.0218185
 0.00624065 0.00997948 0.0147353 0.0203982 0.0267922 0.0336101 0.0403545 0.0464131 0.0512583 0.0546177 0.0565003 0.0571152 0.0567752 0.0558202 0.0545496 0.0531661 0.0517483 0.0502533 0.0485296 0.046329 0.0433333 0.0392389 0.0339139 0.0275619 0.020766
 0.00666642 0.0106494 0.0156964 0.0216639 0.0283242 0.0353031 0.0420397 0.0478997 0.0524069 0.0554031 0.0570087 0.0574687 0.0570345 0.0559397 0.0544131 0.0526694 0.0508654 0.049046 0.0471066 0.0447923 0.0417519 0.0376606 0.0323953 0.026183 0.019612
 0.00702256 0.0112281 0.0165663 0.0228875 0.0299425 0.0373113 0.0443588 0.050362 0.0547746 0.0574213 0.058477 0.058298 0.0572577 0.0556656 0.0537516 0.0516791 0.0495551 0.0474179 0.0451981 0.0426866 0.0395616 0.0355074 0.0303982 0.0244496 0.0182214
 0.00736719 0.011777 0.0173724 0.0239957 0.0313857 0.0391017 0.0464732 0.0527274 0.0572614 0.0598483 0.0606301 0.0599643 0.058272 0.0559508 0.0533307 0.0506459 0.0480249 0.0454913 0.0429595 0.0402266 0.0369981 0.0329873 0.0280785 0.0224671 0.0166628
 0.00769941 0.0123052 0.0181454 0.0250518 0.0327475 0.0407675 0.0484081 0.0548591 0.0594882 0.0620517 0.0626826 0.0617293 0.0596048 0.0567148 0.0534262 0.0500382 0.0467522 0.0436487 0.040674 0.0376416 0.0342728 0.0302978 0.0256051 0.0203641 0.0150238
 0.00804504 0.012854 0.0189469 0.0261434 0.0341481 0.0424681 0.0503609 0.0569745 0.0616464 0.0641252 0.0645559 0.0633054 0.0608005 0.0574513 0.0536265 0.0496375 0.0457188 0.0420037 0.0384998 0.0350772 0.0315015 0.0275292 0.0230485 0.0181926 0.0133389
 0.00833556 0.0133246 0.0196519 0.0271313 0.0354521 0.0440907 0.0522579 0.0590508 0.0637696 0.0661514 0.0663554 0.0647769 0.0618729 0.0580767 0.0537696 0.0492671 0.0448095 0.0405501 0.0365383 0.0327044 0.0288781 0.0248636 0.0205614 0.0160698 0.0116905
 0.00874169 0.0139624 0.0205702 0.028361 0.0370021 0.0459412 0.0543505 0.061283 0.0660025 0.0682306 0.0681357 0.0661422 0.0627475 0.0584265 0.0535933 0.0485818 0.0436372 0.0389154 0.0344809 0.0303014 0.0262612 0.0222176 0.0180941 0.0139638 0.0100563
 0.00918171 0.014636 0.0215065 0.0295605 0.0384398 0.0475731 0.0561159 0.063104 0.0677878 0.0698845 0.0695674 0.0672712 0.063507 0.058767 0.0534865 0.0480214 0.0426353 0.0374991 0.0326935 0.0282137 0.0239853 0.0199089 0.0159317 0.0121096 0.00861221
 0.00948233 0.0151228 0.0222338 0.0305726 0.0397569 0.0491724 0.0579168 0.0649727 0.0695672 0.0714354 0.0707975 0.0681391 0.0640044 0.0588984 0.0532565 0.0474328 0.0416937 0.0362194 0.0311084 0.0263827 0.0220032 0.0179066 0.0140595 0.0105042 0.0073607
 0.00966462 0.0154331 0.0227267 0.0313077 0.0407856 0.0505169 0.0595468 0.0667952 0.0714359 0.0731784 0.0722525 0.0691841 0.0645769 0.0589957 0.0529189 0.0467189 0.0406605 0.0349148 0.0295772 0.0246803 0.0202087 0.0161263 0.0124146 0.00910467 0.0062749
 0.00968937 0.0154769 0.0228011 0.0314313 0.0409874 0.0508368 0.0600317 0.067486 0.072348 0.0742822 0.0734653 0.0703807 0.0656172 0.0597584 0.0533267 0.0467461 0.0403238 0.034257 0.0286535 0.0235552 0.0189603 0.0148485 0.0112101 0.00806557 0.00546081
 0.00975861 0.0155846 0.0229544 0.0316337 0.0412391 0.0511359 0.0603759 0.0678758 0.0727893 0.0747863 0.07404 0.0710161 0.066273 0.0603627 0.0537912 0.0469902 0.0402959 0.0339443 0.0280801 0.0227734 0.018043 0.0138824 0.0102856 0.00726126 0.00482737
 0.00984512 0.0157214 0.0231525 0.0319001 0.041574 0.05153 0.0608083 0.0683155 0.0732031 0.0751494 0.0743444 0.071271 0.0664953 0.0605618 0.0539556 0.0470849 0.0402726 0.0337597 0.0277137 0.0222373 0.0173812 0.013162 0.00958217 0.0066423 0.00433674
 0.00980493 0.0156535 0.0230466 0.0317477 0.0413736 0.0512937 0.0605662 0.068112 0.0730855 0.0751531 0.0744831 0.0715363 0.0668632 0.0609999 0.0544267 0.0475454 0.0406722 0.0340466 0.0278459 0.0221964 0.0171806 0.0128452 0.00921121 0.00628001 0.00403051
 0.0098475 0.0157177 0.0231332 0.0318525 0.0414865 0.051399 0.0606446 0.0681463 0.0730681 0.0750927 0.0744047 0.0714731 0.0668447 0.0610425 0.0545295 0.0476917 0.0408327 0.0341838 0.0279213 0.0221809 0.0170648 0.0126447 0.008962 0.00602617 0.00380945
 0.00981015 0.0156574 0.0230436 0.031729 0.0413282 0.0512112 0.0604405 0.0679455 0.0728922 0.07496 0.0743282 0.0714612 0.0669038 0.0611758 0.054734 0.0479541 0.0411277 0.0344767 0.028174 0.0223601 0.0171515 0.0126402 0.00888735 0.00591431 0.00369336
 0.00981004 0.0156586 0.0230478 0.0317374 0.0413405 0.0512237 0.0604454 0.067933 0.0728545 0.0748958 0.0742442 0.071371 0.066824 0.0611232 0.0547222 0.0479906 0.0412108 0.034593 0.0283003 0.0224687 0.0172192 0.0126559 0.00885579 0.00585236 0.00362217
 0.00971347 0.0155191 0.0228704 0.0315383 0.0411431 0.0510512 0.0603146 0.0678516 0.0728216 0.0749039 0.0742821 0.0714281 0.0668932 0.0612029 0.0548155 0.0481021 0.0413428 0.0347421 0.0284552 0.0226126 0.017334 0.0127293 0.00888606 0.00584828 0.00359847
 0.0097906 0.0156139 0.0229575 0.031578 0.0410948 0.0508946 0.0600643 0.0675553 0.0725414 0.0746913 0.074162 0.071397 0.0669303 0.061283 0.0549187 0.0482171 0.0414655 0.0348706 0.0285857 0.0227369 0.017441 0.0128093 0.00893451 0.00586821 0.00359847
 0.00996314 0.0158636 0.0232746 0.0319297 0.0414295 0.0511522 0.0601893 0.0675108 0.0723221 0.0743313 0.0737292 0.0709722 0.0665801 0.0610417 0.0547867 0.0481734 0.0414824 0.0349245 0.0286591 0.0228169 0.0175169 0.0128719 0.00897844 0.00589278 0.00360752
 0.0100995 0.0160672 0.0235466 0.0322567 0.0417845 0.0514968 0.0604771 0.0676928 0.0723563 0.0741962 0.0734351 0.0705637 0.0661261 0.0606154 0.0544451 0.0479439 0.0413626 0.0348918 0.0286841 0.0228722 0.0175814 0.0129316 0.00902511 0.00592377 0.00362447
 0.0101614 0.0161757 0.0237232 0.0325237 0.042156 0.0519666 0.0610093 0.0682219 0.0728016 0.0744829 0.0735145 0.0704237 0.065793 0.0601469 0.0539165 0.0474298 0.0409199 0.0345499 0.0284456 0.0227213 0.0174948 0.0128863 0.00900328 0.00591338 0.00361881
 0.00995173 0.0158727 0.0233386 0.0320957 0.0417425 0.0516316 0.0608087 0.0681923 0.0729513 0.074787 0.0739161 0.0708477 0.0661665 0.0604201 0.0540737 0.0474882 0.0409171 0.0345274 0.0284339 0.0227338 0.0175292 0.0129319 0.00904831 0.00594998 0.00364414
 0.0097451 0.0155682 0.0229399 0.0316293 0.0412541 0.0511779 0.0604484 0.0679785 0.0729218 0.0749532 0.0742563 0.071308 0.0666734 0.0608982 0.0544642 0.0477611 0.0410746 0.034596 0.0284509 0.0227326 0.0175306 0.0129428 0.00906609 0.00596895 0.00365981
 0.00951775 0.0152097 0.0224229 0.0309409 0.0404047 0.0502107 0.0594466 0.0670594 0.0722134 0.07456 0.0742313 0.0716423 0.067303 0.0617229 0.0553703 0.0486445 0.0418587 0.0352411 0.0289515 0.0231064 0.0178043 0.0131412 0.00920752 0.00606619 0.00372277
 0.00941374 0.015036 0.0221531 0.0305479 0.0398664 0.0495211 0.0586274 0.0661669 0.0713356 0.0738035 0.0737008 0.0714176 0.0674195 0.0621615 0.0560616 0.0494862 0.0427408 0.0360698 0.0296648 0.0236779 0.0182361 0.013452 0.00942178 0.0062072 0.00381053
 0.00929569 0.0148607 0.0219192 0.0302621 0.0395382 0.0491548 0.0582189 0.0657087 0.0708278 0.0732669 0.0731831 0.0709889 0.0671569 0.0621264 0.0562791 0.0499347 0.0433564 0.0367641 0.0303497 0.0242854 0.0187289 0.0138218 0.00968057 0.00637669 0.00391433
 0.00918439 0.0146923 0.0216894 0.0299767 0.0392119 0.0488091 0.0578783 0.065395 0.0705535 0.0730307 0.0729736 0.0707978 0.066993 0.0620218 0.0562797 0.0500796 0.0436569 0.0371948 0.0308546 0.0247972 0.0191891 0.0141945 0.00995514 0.00656188 0.00402905
 0.00919243 0.0146825 0.0216332 0.0298355 0.03895 0.0484119 0.0573674 0.0648281 0.0700074 0.0725754 0.0726519 0.0706185 0.0669395 0.0620689 0.0564098 0.0502897 0.0439526 0.0375756 0.0313019 0.0252723 0.0196438 0.0145868 0.0102607 0.00677725 0.00416671
 0.00997554 0.0157834 0.0229703 0.0312224 0.0401442 0.0491968 0.0576208 0.0645458 0.0692818 0.0715545 0.0714988 0.0694797 0.065923 0.0612341 0.0557732 0.0498409 0.0436723 0.0374444 0.0312989 0.0253693 0.0198035 0.0147681 0.0104285 0.00691043 0.00425917
 0.0107088 0.0169308 0.0246047 0.033357 0.042702 0.0519812 0.0603078 0.0667312 0.0705924 0.0717775 0.0706548 0.0677978 0.0637402 0.0588838 0.0535114 0.0478246 0.0419736 0.0360793 0.030252 0.0246079 0.019284 0.0144394 0.0102376 0.00680943 0.00421064
 0.0105903 0.0168638 0.0247348 0.0338937 0.0438597 0.0538836 0.062901 0.0697536 0.0736225 0.0743378 0.0723348 0.0683568 0.0631611 0.0573592 0.0513684 0.0454211 0.0396114 0.0339614 0.0284825 0.0232157 0.0182493 0.0137145 0.00976119 0.00651728 0.00404438
 0.0102395 0.0163298 0.0240074 0.0330102 0.0429236 0.0530755 0.0624667 0.0699486 0.0746127 0.0760989 0.0746123 0.0707256 0.0651627 0.0586503 0.0518137 0.0450995 0.0387487 0.0328322 0.0273266 0.022194 0.0174388 0.0131271 0.00936971 0.00627697 0.00390879
 0.0101542 0.0161633 0.0237069 0.0325139 0.0421828 0.0520891 0.0613154 0.0688074 0.0737267 0.0757224 0.0749244 0.071752 0.0667402 0.0604616 0.053489 0.0463411 0.0394188 0.0329664 0.0270799 0.0217581 0.0169747 0.0127332 0.00908289 0.0060927 0.00380301
 0.0102335 0.0162746 0.0238393 0.0326395 0.0422559 0.0520506 0.0611042 0.0683823 0.0730964 0.0749707 0.0742117 0.071277 0.0666683 0.0608508 0.054252 0.047272 0.0402745 0.033561 0.0273434 0.0217352 0.0167758 0.0124746 0.00884728 0.00591763 0.00369158
 0.0102122 0.0162453 0.0238045 0.0326035 0.0422208 0.0520116 0.0610447 0.0682739 0.0729056 0.0746743 0.073817 0.0708386 0.066288 0.0606496 0.0543207 0.0476221 0.0408224 0.0341601 0.0278473 0.022056 0.0169051 0.012464 0.00876754 0.00582619 0.00361891
 0.0102699 0.0163353 0.0239327 0.0327722 0.042428 0.0522489 0.0612951 0.0685099 0.07309 0.0747647 0.0737758 0.0706467 0.0659598 0.0602413 0.0539213 0.0473244 0.0406842 0.0341778 0.0279607 0.0221827 0.0169819 0.0124697 0.00871878 0.00575528 0.00355313
 0.010079 0.0160522 0.023558 0.032326 0.0419459 0.0517751 0.060876 0.0681887 0.0729008 0.0747244 0.0738769 0.0708569 0.0662312 0.060527 0.0541932 0.0475821 0.0409476 0.0344666 0.0282736 0.0224923 0.0172488 0.0126645 0.00883542 0.00580916 0.00356866
 0.00989722 0.0157855 0.0232107 0.0319216 0.0415223 0.0513747 0.0605371 0.0679414 0.0727647 0.0747066 0.0739709 0.0710432 0.066481 0.0608072 0.0544738 0.0478431 0.041184 0.0346855 0.0284847 0.0226968 0.0174358 0.0128176 0.00894343 0.00587273 0.00359835
 0.00981893 0.0156596 0.0230247 0.0316679 0.0412027 0.0510065 0.0601562 0.0675976 0.0725089 0.0745739 0.0739707 0.0711604 0.0666848 0.0610627 0.0547489 0.0481133 0.0414336 0.0349086 0.0286825 0.0228724 0.0175893 0.0129449 0.00903961 0.00593672 0.00363476
 0.00996702 0.0158517 0.0232241 0.0318107 0.041216 0.0508373 0.059796 0.0670894 0.0719335 0.0740255 0.0735319 0.0708853 0.0665913 0.0611348 0.054947 0.048388 0.041739 0.0352097 0.0289579 0.0231116 0.0177885 0.0131032 0.00915782 0.00601793 0.003685
 0.0100706 0.0160248 0.02349 0.0321855 0.0416942 0.051376 0.0603083 0.0674607 0.0720605 0.0738611 0.0731077 0.0702984 0.0659652 0.0605769 0.0545221 0.048114 0.0415985 0.0351676 0.0289769 0.0231614 0.0178486 0.0131609 0.00920642 0.00605433 0.00370918
 0.00976857 0.0156039 0.0229873 0.0316813 0.0412925 0.0511693 0.060345 0.0677286 0.0724904 0.0743457 0.0735329 0.0705785 0.0660703 0.0605373 0.0544081 0.0480016 0.0415405 0.035182 0.0290527 0.0232733 0.01797 0.013272 0.00929625 0.00611972 0.0037522
 0.00978645 0.0155981 0.0229176 0.0314982 0.0409618 0.0507046 0.0598268 0.067289 0.072262 0.0744015 0.0738514 0.071055 0.0665651 0.060933 0.0546474 0.0480929 0.0415359 0.035144 0.0290274 0.02328 0.0180056 0.0133228 0.00934784 0.00616266 0.00378295
 0.0099146 0.0157809 0.0231432 0.0317337 0.0411555 0.0507954 0.0597601 0.0670382 0.0718503 0.0739099 0.0733991 0.0707541 0.0664717 0.0610255 0.0548463 0.0483063 0.041701 0.0352432 0.0290777 0.0233092 0.0180342 0.0133576 0.0093856 0.00619704 0.00380951
 0.0101927 0.0162315 0.0238151 0.0326623 0.0423446 0.0521931 0.0612417 0.0684135 0.0729064 0.0744748 0.0733979 0.0702295 0.0655614 0.0599096 0.0536876 0.047212 0.0407185 0.0343819 0.0283358 0.0226886 0.0175395 0.0129877 0.00912893 0.00603267 0.00371264
 0.0101299 0.0161481 0.023726 0.0325986 0.0423514 0.0523224 0.0615392 0.0689004 0.0735594 0.0752152 0.0741011 0.0707603 0.0658212 0.0598705 0.0533961 0.0467609 0.0402059 0.0338812 0.0278874 0.0223088 0.0172325 0.0127529 0.00896137 0.00592257 0.00364665
 0.0100827 0.0160614 0.0235788 0.0323695 0.04203 0.0519241 0.0611165 0.0685395 0.0733584 0.07525 0.0743945 0.0712672 0.0664386 0.0604712 0.0538708 0.0470514 0.0403135 0.0338501 0.0277766 0.022169 0.0170972 0.0126393 0.0088755 0.0058638 0.00361033
 0.0102069 0.0162461 0.0238238 0.0326598 0.0423358 0.0522044 0.0613253 0.0686378 0.07333 0.0751148 0.0742075 0.0710986 0.0663431 0.0604621 0.0539163 0.0470935 0.0402986 0.0337532 0.027607 0.0219593 0.016885 0.0124533 0.00873052 0.00576188 0.00354545
 0.0101558 0.0161837 0.0237673 0.0326367 0.0423745 0.0523198 0.0615076 0.0688513 0.0735246 0.0752446 0.0742486 0.0710586 0.0662572 0.0603772 0.0538683 0.0470912 0.0403222 0.033769 0.0275875 0.0218966 0.0167906 0.0123487 0.00863543 0.00568779 0.00349487
 0.0101624 0.0161698 0.023703 0.0324842 0.0421045 0.0519335 0.061051 0.0684073 0.0731834 0.0750671 0.0742457 0.0711969 0.0664838 0.0606454 0.0541509 0.0473766 0.0406025 0.0340301 0.0278102 0.0220641 0.0168976 0.0124031 0.00865342 0.00568654 0.00348704
 0.0104428 0.0165896 0.0242654 0.0331626 0.0428425 0.0526511 0.0616548 0.0688088 0.0733236 0.074939 0.0738983 0.0707138 0.0659499 0.060122 0.0536704 0.0469522 0.0402389 0.0337284 0.0275663 0.0218691 0.0167406 0.0122757 0.00855171 0.00560934 0.00343296
 0.0105146 0.0167322 0.024526 0.0335956 0.04349 0.0535136 0.0626681 0.0698448 0.0742207 0.0755507 0.0741358 0.0705668 0.0654794 0.0594334 0.052879 0.0461549 0.0395014 0.0330857 0.0270311 0.0214396 0.0164071 0.012025 0.00836998 0.00548356 0.00335104
 0.0101702 0.0162313 0.0238842 0.0328725 0.0427809 0.0529314 0.0623209 0.0698126 0.0745318 0.0761635 0.0749402 0.0714133 0.0662259 0.0599866 0.0532122 0.0462972 0.0395112 0.0330235 0.0269426 0.0213518 0.0163317 0.0119647 0.00832363 0.00544919 0.00332679
 0.00950716 0.0152295 0.0225212 0.031186 0.0408682 0.0509411 0.0604442 0.0682666 0.0735241 0.0758413 0.0753456 0.0724672 0.0677495 0.0617499 0.0549915 0.0479226 0.0408881 0.0341268 0.0277932 0.0219899 0.0167985 0.0122956 0.00854795 0.00559251 0.0034119
 0.00875735 0.0140722 0.0208975 0.0290904 0.0383576 0.0481421 0.0575605 0.0655708 0.0713189 0.0743971 0.0748403 0.0729513 0.0691404 0.063852 0.0575357 0.0506191 0.043481 0.0364334 0.0297172 0.02351 0.0179431 0.013118 0.00910976 0.0059546 0.00362993
#obs surv len freq
 0.00496768 0.00813922 0.0123843 0.0177176 0.024013 0.0309035 0.0377603 0.0438566 0.0486389 0.0519046 0.0537729 0.0545313 0.0545026 0.0539871 0.0532469 0.0524958 0.0518783 0.0514283 0.051007 0.0502455 0.048562 0.0453264 0.0401618 0.0332367 0.0253317
 0.00518917 0.00849816 0.0129227 0.0184744 0.0250182 0.0321673 0.039262 0.0455384 0.0504121 0.0536635 0.0554084 0.0559397 0.0555903 0.0546732 0.0534679 0.0522108 0.0510748 0.0501291 0.0492748 0.0481854 0.0463191 0.0430738 0.0380768 0.0314668 0.0239632
 0.00542831 0.0088895 0.0135162 0.019318 0.0261474 0.0335909 0.0409474 0.0474078 0.0523557 0.0555618 0.0571514 0.0574342 0.0567577 0.0554448 0.0537821 0.0520152 0.0503336 0.0488348 0.047463 0.0459481 0.0438095 0.0404947 0.0356488 0.0293814 0.0223376
 0.00566153 0.00927348 0.0141032 0.02016 0.0272865 0.0350436 0.0426875 0.0493606 0.0544075 0.0575816 0.059013 0.0590298 0.0580026 0.0562748 0.0541469 0.0518717 0.0496452 0.0475803 0.0456556 0.0436583 0.0411809 0.0377394 0.0330129 0.027089 0.0205342
 0.00589969 0.00966436 0.0146986 0.021011 0.0284344 0.0365046 0.0444376 0.0513284 0.0564833 0.0596373 0.0609213 0.0606776 0.059297 0.0571445 0.0545394 0.0517486 0.0489767 0.0463476 0.0438652 0.0413669 0.0385184 0.0349125 0.0302759 0.0246836 0.0186256
 0.00612321 0.010031 0.0152567 0.0218081 0.029509 0.0378725 0.0460773 0.0531754 0.0584385 0.061585 0.0627465 0.0622762 0.0605796 0.0580375 0.0549845 0.0517003 0.0484008 0.0452229 0.0421945 0.0391984 0.0359691 0.0321765 0.0275997 0.0223099 0.016727
 0.00637185 0.0104375 0.0158725 0.0226822 0.0306777 0.0393443 0.0478173 0.055101 0.0604323 0.0635186 0.0645024 0.0637591 0.0617179 0.0587787 0.0552897 0.0515387 0.0477466 0.0440584 0.0405216 0.0370594 0.0334704 0.0294984 0.024976 0.0199752 0.0148523
 0.00663982 0.0108734 0.0165288 0.0236073 0.031906 0.040881 0.0496222 0.0570839 0.0624654 0.0654617 0.0662271 0.0651645 0.0627343 0.0593657 0.0554279 0.0512202 0.0469673 0.0428162 0.0388261 0.0349518 0.0310472 0.026923 0.0224624 0.0177405 0.0130563
 0.0068449 0.0112179 0.0170676 0.0243978 0.0329956 0.0422869 0.0513127 0.0589725 0.0644248 0.06735 0.0679132 0.0665419 0.0637274 0.0599284 0.0555402 0.0508805 0.0461843 0.041604 0.0372077 0.0329739 0.0288005 0.0245538 0.0201603 0.0156978 0.0114151
 0.00705578 0.0115602 0.0175825 0.0251243 0.0339653 0.0435135 0.0527792 0.0606233 0.0661684 0.0690713 0.0694902 0.0678621 0.0647001 0.060493 0.0556667 0.0505648 0.0454396 0.0404544 0.0356887 0.031141 0.0267436 0.0224061 0.0180885 0.0138682 0.0099492
 0.0072814 0.0119292 0.018141 0.0259151 0.0350169 0.0448255 0.0543084 0.0622826 0.0678427 0.0706429 0.0708585 0.0689508 0.0654543 0.0608751 0.0556553 0.0501549 0.0446418 0.0392937 0.0342049 0.0293938 0.0248221 0.0204328 0.0162095 0.0122251 0.00864194
 0.00741282 0.0121503 0.0184879 0.0264268 0.0357279 0.0457532 0.0554407 0.0635708 0.0692071 0.0719867 0.0720846 0.0699746 0.0662111 0.0613222 0.0557689 0.0499257 0.0440727 0.0383999 0.0330173 0.0279654 0.0232336 0.018794 0.0146477 0.0108604 0.00755776
 0.00751616 0.0123153 0.0187314 0.0267642 0.0361732 0.0463172 0.0561269 0.0643708 0.0700971 0.0729264 0.0730185 0.0708372 0.0669351 0.0618465 0.0560462 0.049926 0.0437826 0.0378221 0.0321721 0.0268951 0.022007 0.0175056 0.0134071 0.00977052 0.00668952
 0.00759162 0.0124343 0.0189037 0.0269967 0.036469 0.0466751 0.0565407 0.0648306 0.0705919 0.073447 0.0735561 0.0713779 0.067453 0.0623018 0.056389 0.0501051 0.043756 0.0375643 0.0316801 0.0261922 0.021145 0.0165626 0.0124759 0.00893938 0.00602089
 0.00765731 0.0125345 0.0190424 0.0271732 0.0366791 0.0469123 0.0567971 0.065098 0.0708633 0.0737186 0.0738288 0.0716552 0.0677361 0.0625832 0.0566469 0.0503036 0.0438504 0.0375124 0.0314538 0.0257885 0.0205913 0.0159153 0.0118095 0.00832842 0.00552072
 0.00771638 0.0126255 0.0191695 0.0273366 0.0368739 0.0471289 0.0570214 0.0653135 0.0710551 0.0738784 0.0739579 0.0717632 0.0678364 0.0626863 0.0567546 0.0504044 0.0439187 0.0375134 0.0313533 0.0255657 0.02025 0.0154868 0.0113467 0.00788992 0.00515352
 0.00775686 0.0126881 0.0192578 0.0274513 0.0370129 0.0472865 0.0571885 0.0654777 0.0712031 0.0739995 0.0740471 0.0718224 0.0678739 0.0627134 0.0567813 0.050434 0.0439441 0.0375158 0.031307 0.0254477 0.0200508 0.0152182 0.0110406 0.00758817 0.00489332
 0.00783494 0.0128069 0.0194213 0.0276571 0.0372527 0.0475469 0.0574514 0.0657218 0.0714067 0.0741447 0.074124 0.0718308 0.0678224 0.0626172 0.056659 0.0503026 0.0438144 0.0373888 0.0311737 0.0252935 0.0198646 0.0150004 0.0108057 0.00736073 0.00469762
 0.00783953 0.0128179 0.0194441 0.0276986 0.0373188 0.0476393 0.0575657 0.0658475 0.0715305 0.0742548 0.0742126 0.0718943 0.0678598 0.0626295 0.0566488 0.0502744 0.0437732 0.0373376 0.0311112 0.0252143 0.0197625 0.0148743 0.0106634 0.00721733 0.00457
 0.00786916 0.0128569 0.019486 0.0277331 0.0373355 0.047634 0.0575443 0.0658244 0.071522 0.0742716 0.0742555 0.0719552 0.0679269 0.0626917 0.0566983 0.0503071 0.0437883 0.0373355 0.0310922 0.0251774 0.0197065 0.0147999 0.0105757 0.00712616 0.00448673
 0.00787956 0.0128724 0.0195064 0.027756 0.0373558 0.0476438 0.0575341 0.0657873 0.0714585 0.074193 0.0741816 0.0719073 0.0679187 0.0627241 0.0567611 0.0503845 0.0438648 0.0373998 0.0311373 0.0251998 0.0197052 0.0147768 0.010536 0.00707771 0.00443851
 0.00791396 0.0129228 0.019572 0.0278322 0.0374355 0.0477186 0.0575959 0.0658281 0.0714712 0.0741727 0.0741286 0.0718297 0.0678317 0.0626455 0.0567051 0.0503565 0.0438608 0.0374098 0.0311499 0.0252059 0.0196996 0.0147584 0.0105071 0.00704349 0.00440485
 0.00789269 0.0128903 0.019527 0.0277748 0.0373669 0.0476414 0.0575137 0.065746 0.0713958 0.0741113 0.0740871 0.0718116 0.0678376 0.0626748 0.0567563 0.050428 0.0439489 0.0375075 0.0312473 0.0252924 0.019767 0.0148028 0.0105297 0.00704907 0.00440012
 0.00790626 0.0129052 0.0195364 0.0277683 0.0373341 0.0475764 0.0574192 0.0656334 0.071281 0.0740095 0.0740093 0.071763 0.0678194 0.0626854 0.0567926 0.050486 0.044024 0.0375939 0.0313377 0.0253785 0.0198407 0.0148586 0.010566 0.00706828 0.00440706
 0.00788047 0.0128671 0.0194856 0.0277062 0.037262 0.0474939 0.0573239 0.0655232 0.0711583 0.0738839 0.0738969 0.0716819 0.0677831 0.062699 0.0568526 0.0505827 0.0441454 0.0377279 0.0314732 0.0255056 0.0199512 0.0149467 0.0106297 0.00710936 0.0044302
 0.00787223 0.0128462 0.0194408 0.0276237 0.0371305 0.0473115 0.0571029 0.0652888 0.0709403 0.0737068 0.0737746 0.0716187 0.067778 0.062749 0.056953 0.0507257 0.0443193 0.0379183 0.031665 0.0256852 0.0201078 0.0150736 0.0107244 0.00717387 0.00446992
 0.00783045 0.0127836 0.0193559 0.0275176 0.0370043 0.0471649 0.056934 0.0650974 0.0707335 0.0735015 0.0735959 0.0714923 0.0677221 0.0627696 0.0570447 0.0508757 0.044511 0.0381341 0.0318872 0.0258973 0.0202962 0.0152288 0.0108427 0.00725658 0.0045226
 0.00783995 0.0127905 0.0193509 0.0274875 0.0369368 0.0470543 0.0567857 0.0649266 0.0705584 0.0733368 0.0734505 0.071372 0.0676345 0.0627247 0.0570515 0.0509378 0.0446241 0.0382863 0.0320622 0.0260773 0.0204649 0.015374 0.0109571 0.00733899 0.00457659
 0.00779126 0.0127187 0.0192561 0.0273733 0.036808 0.0469135 0.0566323 0.0647596 0.0703816 0.0731621 0.0732962 0.0712576 0.0675737 0.062723 0.0571077 0.0510465 0.0447776 0.038474 0.0322703 0.0262893 0.0206642 0.0155465 0.0110945 0.0074392 0.00464314
 0.00775772 0.0126582 0.0191548 0.0272167 0.0365866 0.0466304 0.0563085 0.0644311 0.0700882 0.0729347 0.0731498 0.0711927 0.067584 0.0628007 0.0572448 0.0512344 0.0450052 0.0387284 0.0325365 0.0265512 0.0209058 0.0157545 0.0112602 0.00756052 0.0047243
 0.00772151 0.0125985 0.0190632 0.0270841 0.0364043 0.046393 0.0560174 0.064099 0.0697407 0.0726081 0.0728835 0.0710197 0.0675219 0.0628491 0.0573896 0.0514539 0.0452767 0.0390302 0.0328485 0.0268545 0.0211833 0.0159922 0.0114495 0.00769962 0.00481785
 0.00930777 0.0148163 0.0217344 0.02982 0.0387189 0.0478827 0.0565035 0.0636539 0.0686052 0.0710702 0.0711907 0.0693476 0.0659807 0.061501 0.0562619 0.0505488 0.0445786 0.0385137 0.0324842 0.0266128 0.0210355 0.0159118 0.0114131 0.00768836 0.00481831
 0.00928816 0.015082 0.0226585 0.0318656 0.0422371 0.05284 0.0623091 0.0692557 0.0728629 0.0732043 0.0710396 0.0673099 0.0627407 0.0577374 0.0524803 0.047051 0.0415091 0.03592 0.0303621 0.0249322 0.0197527 0.0149744 0.0107629 0.00726413 0.00456029
 0.00895583 0.0145566 0.0219176 0.0309561 0.0413305 0.052271 0.0625363 0.0706977 0.0756476 0.0769817 0.0750245 0.0705799 0.0646215 0.0580378 0.0514626 0.0452151 0.0393572 0.0338187 0.0285168 0.0234242 0.0185884 0.0141219 0.0101726 0.00688015 0.00432751
 0.00877585 0.0142563 0.0214518 0.0302809 0.0404198 0.051148 0.0613144 0.0696097 0.0750287 0.0771782 0.0762379 0.0727188 0.067266 0.0605749 0.0533354 0.046137 0.0393699 0.0331922 0.0275848 0.0224577 0.0177487 0.0134723 0.00971339 0.00658045 0.00414675
 0.00872435 0.0141629 0.0212927 0.0300254 0.0400349 0.0506072 0.0606113 0.0687745 0.0741459 0.0763983 0.0757675 0.0727697 0.0679623 0.0618615 0.0549535 0.0477077 0.0405498 0.0338074 0.027666 0.022175 0.017306 0.013028 0.00935289 0.0063272 0.00398827
 0.0086964 0.0141201 0.0212324 0.0299442 0.0399263 0.0504581 0.0604016 0.0684813 0.0737547 0.0759188 0.0752512 0.0723177 0.0677112 0.0619392 0.0554151 0.048486 0.0414617 0.0346258 0.0282178 0.0224048 0.0172716 0.0128447 0.00913067 0.00613561 0.00385301
 0.00867196 0.0140791 0.0211685 0.0298517 0.0398015 0.0503021 0.0602207 0.0682847 0.0735482 0.0757019 0.0750197 0.0720762 0.067489 0.0617956 0.0554245 0.0487017 0.0418765 0.0351583 0.0287413 0.0228038 0.0174906 0.0128989 0.0090799 0.00604534 0.0037682
 0.00866662 0.0140657 0.0211394 0.0297971 0.0397116 0.0501713 0.0600513 0.0680879 0.0733414 0.0755034 0.0748429 0.0719274 0.0673703 0.0617136 0.0553982 0.0487605 0.0420452 0.0354343 0.0290828 0.0231413 0.0177578 0.0130618 0.00914457 0.00604458 0.00373897
 0.0086603 0.0140605 0.0211406 0.0298111 0.0397427 0.0502168 0.0600987 0.0681171 0.0733324 0.0754441 0.0747348 0.0717836 0.0672102 0.0615577 0.0552658 0.0486715 0.0420188 0.0354826 0.0292007 0.0233023 0.0179215 0.0131914 0.00922235 0.00607443 0.0037381
 0.00865616 0.0140523 0.021126 0.029788 0.0397112 0.0501807 0.0600661 0.0680971 0.0733297 0.0754545 0.0747453 0.0717787 0.0671795 0.0615013 0.0551944 0.0486027 0.0419721 0.0354741 0.0292377 0.0233789 0.0180191 0.0132861 0.00929488 0.00611751 0.00375592
 0.00861153 0.0139866 0.0210396 0.0296858 0.0396007 0.0500701 0.0599629 0.0680084 0.0732633 0.075418 0.0747436 0.0718102 0.067235 0.0615667 0.0552567 0.0486556 0.042018 0.0355219 0.0292967 0.0234531 0.0181042 0.0133706 0.00936649 0.00616851 0.00378582
 0.00864807 0.0140346 0.0210911 0.0297268 0.0396163 0.0500511 0.0599106 0.0679346 0.0731839 0.0753471 0.0746889 0.0717736 0.067215 0.0615597 0.0552581 0.0486605 0.0420237 0.0355291 0.0293094 0.0234756 0.0181373 0.0134105 0.00940592 0.00620087 0.00380784
 0.00862815 0.0140123 0.0210756 0.0297308 0.0396503 0.0501155 0.0599914 0.0680067 0.0732225 0.0753395 0.0746398 0.0717008 0.0671392 0.0614962 0.0552134 0.0486339 0.042011 0.035526 0.0293136 0.0234867 0.0181551 0.0134335 0.00943055 0.00622302 0.00382459
 0.00861686 0.0139913 0.0210398 0.0296759 0.0395762 0.05003 0.0599113 0.0679525 0.0732089 0.0753669 0.0746933 0.0717586 0.0671843 0.0615233 0.0552274 0.0486438 0.0420236 0.0355439 0.0293363 0.0235124 0.0181823 0.0134605 0.00945567 0.00624424 0.00384057
 0.00862299 0.0140013 0.0210545 0.0296954 0.0395985 0.0500507 0.0599241 0.067952 0.0731944 0.0753436 0.0746709 0.0717448 0.0671803 0.0615235 0.0552246 0.048634 0.0420084 0.035528 0.0293243 0.0235068 0.0181832 0.0134665 0.00946455 0.00625371 0.00384882
 0.00862299 0.0140013 0.0210545 0.0296954 0.0395985 0.0500507 0.0599241 0.067952 0.0731944 0.0753436 0.0746709 0.0717448 0.0671803 0.0615235 0.0552246 0.048634 0.0420084 0.035528 0.0293243 0.0235068 0.0181832 0.0134665 0.00946455 0.00625371 0.00384882
 0.00893469 0.0144926 0.0217629 0.030639 0.0407654 0.051386 0.0613208 0.0692578 0.0742419 0.0759947 0.0748528 0.0714636 0.066508 0.0605715 0.0541145 0.0474757 0.0408884 0.034507 0.0284398 0.022777 0.0176104 0.0130406 0.0091663 0.00605847 0.00373025
 0.0088305 0.0143621 0.0216389 0.0305779 0.0408341 0.0516398 0.0617815 0.0699029 0.0750068 0.0767843 0.0755596 0.0719887 0.0667829 0.0605726 0.0538655 0.0470366 0.0403364 0.0339179 0.0278754 0.0222794 0.0172025 0.0127285 0.00894374 0.0059111 0.00364013
 0.0087609 0.0142342 0.0214223 0.0302442 0.0403743 0.0510869 0.0612229 0.0694671 0.0748217 0.076926 0.0760202 0.072679 0.0675658 0.0613072 0.0544437 0.0474034 0.0404907 0.0338993 0.0277432 0.0220937 0.0170111 0.0125616 0.00881504 0.00582176 0.00358394
 0.0088739 0.0144036 0.0216489 0.0305141 0.0406574 0.0513384 0.0613909 0.0695093 0.0747273 0.0767321 0.0758042 0.0725274 0.067533 0.0613908 0.0545899 0.0475359 0.0405452 0.0338462 0.0275913 0.0218786 0.0167768 0.012346 0.00864074 0.00569598 0.00350229
 0.00888761 0.0144367 0.0217179 0.0306391 0.0408543 0.051607 0.061706 0.0698205 0.074972 0.0768569 0.0757873 0.072389 0.0673293 0.0611899 0.054442 0.0474532 0.0405034 0.0338041 0.0275156 0.0217589 0.0166259 0.0121886 0.00850048 0.00558697 0.00342748
 0.00878221 0.0142677 0.0214699 0.0303041 0.0404394 0.0511424 0.0612482 0.0694426 0.0747414 0.0768086 0.0759106 0.072637 0.067643 0.0615237 0.0547741 0.0477789 0.0408189 0.0340961 0.0277622 0.0219408 0.0167368 0.0122382 0.00850864 0.00557459 0.00340999
 0.00889645 0.0144352 0.0216873 0.0305542 0.0406933 0.051365 0.0614052 0.0695092 0.0747097 0.0766931 0.0757441 0.0724571 0.0674775 0.0613837 0.054658 0.047682 0.0407399 0.0340352 0.0277166 0.0219027 0.0166977 0.0121936 0.00846067 0.00552931 0.00337313
 0.00898534 0.0145871 0.021928 0.0309077 0.0411707 0.05195 0.0620437 0.0701137 0.075182 0.076956 0.0757654 0.0722555 0.0671096 0.0609213 0.0541674 0.0472113 0.0403173 0.0336732 0.0274177 0.0216631 0.0165096 0.0120482 0.00835037 0.00544841 0.0033171
 0.0088957 0.0144528 0.0217485 0.0306941 0.0409472 0.0517534 0.061919 0.0701025 0.0753062 0.0772029 0.0760861 0.0725811 0.0673772 0.0610952 0.0542448 0.0472139 0.0402757 0.0336141 0.0273583 0.021611 0.0164663 0.0120124 0.0083204 0.00542367 0.00329772
 0.00872032 0.0141636 0.021308 0.0300708 0.0401302 0.0507709 0.0608535 0.0690868 0.0744949 0.0767278 0.0760176 0.0729103 0.0680245 0.0619383 0.0551555 0.0480882 0.0410493 0.0342608 0.0278776 0.0220146 0.0167694 0.0122302 0.00846817 0.00551695 0.00335177
 0.00862672 0.0139958 0.0210267 0.0296302 0.0394893 0.0499125 0.059803 0.0679223 0.0733395 0.075729 0.0753172 0.0726132 0.0681726 0.0624989 0.05603 0.0491403 0.0421409 0.0352819 0.0287599 0.0227299 0.0173181 0.0126292 0.00874225 0.00569339 0.00345719
#pred catch len freq
 0.00523055 0.00825135 0.0119835 0.0163072 0.0211336 0.0263853 0.0319167 0.0374766 0.0427586 0.0474818 0.0514406 0.0545196 0.0566957 0.0580245 0.0586064 0.0585464 0.0579279 0.056797 0.0551366 0.052823 0.0496014 0.0451512 0.039277 0.0321446 0.0243829
 0.00559612 0.00876284 0.0126055 0.0169691 0.0217685 0.0269806 0.03254 0.0382483 0.0437763 0.0487414 0.0528055 0.0557603 0.0575765 0.0583913 0.058434 0.0579308 0.0570328 0.0557807 0.0540916 0.0517563 0.0484668 0.043913 0.0379641 0.0308575 0.0232503
 0.00603795 0.00944273 0.0135528 0.0181748 0.0231768 0.0284876 0.0340067 0.0395362 0.0448023 0.0495169 0.05342 0.0563074 0.0580712 0.0587419 0.0584901 0.0575709 0.0562301 0.0546074 0.0526702 0.0501999 0.0468495 0.0422841 0.0363828 0.0294097 0.0220302
 0.0064361 0.0100701 0.014461 0.0194005 0.0247373 0.0303703 0.0361499 0.0418125 0.0470209 0.0514586 0.0548977 0.0572242 0.0584393 0.0586441 0.0580095 0.0567414 0.0550415 0.0530521 0.0507864 0.048079 0.0446148 0.0400675 0.0343123 0.0276015 0.0205717
 0.00682461 0.0106743 0.0153212 0.0205422 0.026175 0.0321103 0.0381836 0.0440996 0.0494698 0.0539148 0.0571518 0.0590456 0.0596315 0.0590986 0.0577257 0.0558001 0.0535529 0.0511162 0.04849 0.0455193 0.0419209 0.0374006 0.0318449 0.0254845 0.0189019
 0.00721821 0.0112842 0.0161847 0.0216777 0.0275848 0.0337845 0.0400986 0.0462127 0.0517152 0.0562006 0.0593566 0.0610161 0.0611906 0.0600708 0.0579773 0.0552745 0.0522804 0.0491962 0.0460612 0.0427406 0.0389699 0.034474 0.0291441 0.0231823 0.0171042
 0.00762676 0.0119168 0.017079 0.0228506 0.0290346 0.0354936 0.0420306 0.0483078 0.0538896 0.0583535 0.0613794 0.0627985 0.062621 0.0610354 0.0583648 0.0549922 0.0512793 0.0474925 0.0437445 0.0399672 0.0359466 0.0314374 0.0263301 0.0207863 0.0152417
 0.00803294 0.0125499 0.0179816 0.0240464 0.0305275 0.0372662 0.044039 0.050475 0.0561087 0.0604999 0.0633276 0.064436 0.0638559 0.0617964 0.0585953 0.054644 0.050315 0.0459016 0.0415669 0.0373127 0.0329986 0.028434 0.0235231 0.0183879 0.013378
 0.0084732 0.0132284 0.018935 0.0252876 0.0320499 0.0390484 0.0460419 0.0526335 0.0583252 0.0626483 0.0652667 0.0660299 0.0649943 0.0624071 0.058644 0.054123 0.0492308 0.0442711 0.0394302 0.034756 0.0301721 0.0255483 0.0208155 0.0160673 0.0115723
 0.00895856 0.0139617 0.0199359 0.0265409 0.0335161 0.0406794 0.0477895 0.0544472 0.0601448 0.064399 0.0668596 0.0673675 0.0659805 0.0629599 0.0587069 0.0536699 0.0482628 0.0428116 0.0375255 0.0324863 0.0276664 0.0229858 0.0184024 0.0139907 0.0099511
 0.00935585 0.014582 0.0208212 0.0277112 0.0349648 0.0423682 0.0496429 0.0563552 0.06198 0.0660428 0.0682223 0.0683923 0.0666345 0.0632223 0.0585621 0.0531075 0.0472821 0.0414273 0.0357749 0.0304389 0.0254327 0.0207179 0.0162749 0.0121624 0.00852366
 0.00953847 0.0148852 0.02129 0.0283942 0.0359072 0.0435976 0.0511519 0.0580864 0.0638236 0.0678493 0.0698287 0.0696549 0.0674567 0.0635661 0.0584385 0.0525549 0.0463456 0.0401506 0.0342048 0.0286388 0.0234955 0.0187689 0.0144569 0.0106053 0.00731008
 0.0096063 0.0149926 0.0214484 0.0286184 0.0362195 0.0440321 0.0517514 0.058891 0.0648498 0.0690688 0.0711581 0.0709639 0.0685958 0.0644015 0.0588812 0.0525711 0.0459495 0.0393867 0.0331337 0.0273336 0.0220459 0.0172841 0.0130565 0.0093968 0.00636304
 0.00970766 0.0151467 0.0216607 0.0288873 0.036539 0.0443951 0.0521543 0.0593368 0.0653498 0.0696396 0.0718106 0.0716871 0.0693425 0.065089 0.0594076 0.0528436 0.0459083 0.0390166 0.0324619 0.0264203 0.0209757 0.0161575 0.0119785 0.00845912 0.00562461
 0.00972642 0.0151807 0.0217185 0.0289796 0.0366763 0.0445851 0.0523986 0.0596297 0.065681 0.0699989 0.0721926 0.0720914 0.069768 0.0655221 0.0598128 0.0531626 0.0460729 0.0389698 0.0321773 0.0259119 0.0202964 0.0153879 0.01121 0.00777338 0.0050761
 0.00971288 0.0151544 0.0216716 0.0289039 0.0365679 0.0444498 0.0522561 0.0595118 0.0656239 0.0700321 0.0723313 0.072335 0.0701032 0.0659264 0.0602547 0.0535992 0.0464498 0.0392281 0.0322681 0.0258128 0.0200219 0.0149875 0.0107545 0.00733477 0.00470832
 0.0097088 0.0151485 0.0216637 0.0288931 0.0365516 0.044423 0.0522122 0.0594472 0.0655429 0.0699512 0.0722771 0.0723366 0.0701818 0.0660881 0.0604882 0.0538779 0.0467349 0.0394733 0.0324275 0.0258524 0.0199316 0.0147867 0.0104872 0.00705426 0.0044602
