SBPRF35
10.4796
Curr Bio
603084
B35
758849
F35
0.188572
FOFL
0.147246
OFL
71553.3
Bzero
2.99418e+06
#pred survey bio
 3.82906e+06 3.69013e+06 3.55147e+06 3.34929e+06 3.12223e+06 2.87222e+06 2.62009e+06 2.37102e+06 2.10928e+06 1.88687e+06 1.67094e+06 1.46818e+06 1.27987e+06 1.13468e+06 1.00374e+06 892469 791392 736503 697658 651943 627368 600513 580810 577702 567260 567030 562035 563973 552548 554034 557166 555514 546855 537919 536495 530330 520084 503720 506893 514641 513177 516744 528040 540225 542296 549878 556442 553862 548451 549323 555341 523741 565357 608963 585263 620223 602378 591988 529523 531090 599568 648841 605344 609285 2.12351e+07 1.31861e+07 1.38799e+07 1.50041e+07 1.63592e+07 1.77322e+07 1.89858e+07 2.00547e+07 2.09242e+07 2.16087e+07 2.21356e+07 2.25348e+07 2.28345e+07 2.30582e+07 2.32247e+07 2.33488e+07 2.34415e+07 2.35109e+07 2.35631e+07 2.36026e+07 2.36327e+07 2.36557e+07 2.36734e+07 2.36871e+07 2.36977e+07 2.37059e+07 2.37124e+07 2.37175e+07 2.37215e+07 2.37246e+07 2.37271e+07 2.37291e+07 2.37306e+07 2.37319e+07 2.37329e+07 2.37337e+07 2.37343e+07 2.37348e+07 2.37352e+07 2.37355e+07 2.37358e+07 2.3736e+07 2.37362e+07 2.37363e+07 2.37364e+07 2.37365e+07 2.37366e+07 2.37366e+07 2.37367e+07 2.37367e+07 2.37367e+07 2.37367e+07 2.37368e+07 2.37368e+07 2.37368e+07 2.37368e+07 2.37368e+07 2.37368e+07 2.37368e+07 2.37368e+07 2.37368e+07 2.37368e+07 2.37368e+07 2.37368e+07 2.37368e+07 2.37368e+07 2.37368e+07 2.37368e+07 2.37368e+07 2.37368e+07 2.37368e+07 2.37368e+07 2.37368e+07 2.37368e+07 2.37368e+07 2.37368e+07 2.37368e+07 2.37368e+07 2.37368e+07 2.37368e+07 2.37368e+07 2.37368e+07 2.37368e+07 2.37368e+07 2.37368e+07 2.37368e+07 2.37368e+07 2.37368e+07 2.37368e+07 2.37368e+07 2.37368e+07 2.37368e+07 2.37368e+07 2.37368e+07 2.37368e+07 2.37368e+07 2.37368e+07 2.37368e+07 2.37368e+07 2.37368e+07 0 0 0 0 0 0 0 0 0 0 0 0 0 0 0 0 0 0 0 0 0 0 0 0 0
#obs survey bio
 2.86926e+06 3.39768e+06 1.96372e+06 4.24427e+06 2.12618e+06 2.58395e+06 2.37618e+06 2.01963e+06 1.75509e+06 1.49743e+06 1.79177e+06 1.39358e+06 1.49949e+06 1.2344e+06 870002 794287 585708 689040 605697 793028 519092 403732 475814 419901 688500 454072 486525 670599 510417 544987 489718 620091 637778 594916 535975 421043 538032 534560 732016 853873 642730 427826 532144 632814 492859 626703 574284 633132 569420 637527 488129 510642 665280 539129 690416 480464 834916 561303 434339 369220 898813 659783 764786 536404
#pred catch bio
 93546.7 95953.6 162786 200042 240334 264582 284311 316194 297953 305229 301843 293371 257303 245040 226448 214657 172443 157250 160052 138334 136575 126774 110436 114857 104575 107281 100297 109913 97204.6 94604.6 96697.1 99639.2 96430.9 86919.4 88374.6 91318.6 98750.4 85384.2 84066.9 92451.8 88076.2 82329.5 82924.3 92410.8 88343.7 89576.9 96683.3 97662.8 91241 86902 118508 58506.1 61355.6 118541 68747.1 113942 106155 148840 94899.1 44451.2 65556.2 142743 101207 107499 71553.3 92849.2 96584.7 103382 112376 121642 130029 137047 142615 146861 150008 152287 153909 155049 155841 156386 156759 157013 157185 157300 157378 157431 157466 157489 157505 157516 157522 157527 157530 157532 157534 157534 157535 157535 157536 157536 157536 157536 157536 157536 157536 157536 157536 157536 157536 157536 157536 157536 157536 157536 157536 157536 157536 157536 157536 157536 157536 157536 157536 157536 157536 157536 157536 157536 157536 157536 157536 157536 157536 157536 157536 157536 157536 157536 157536 157536 157536 157536 157536 157536 157536 157536 157536 157536 157536 157536 157536 157536 157536 157536 157536 157536 157536 157536 157536 157536 157536 157536 157536 157536 0 0 0 0 0 0 0 0 0 0 0 0 0 0 0 0 0 0 0 0 0 0 0 0 0
#obs catch bio
 0 95598.5 163633 200430 241854 266882 288290 322981 303290 312836 308555 299659 262056 249405 230803 218696 175142 159510 163404 140347 139067 128759 111506 116454 105322 108381 100910 111019 97784.9 95246.9 97435.8 99836.4 96493.2 86722.5 88081.6 91106.6 98875.7 85358.8 83421.2 91689.6 87129.4 81807.1 82313.6 91721.5 88067.4 89077.6 96205.3 96721.8 90390.1 85446.3 117800 57923.6 60683.1 119137 67926.9 113870 104338 147101 94577.3 44059.5 65074.5 143265 100273 107532
#pred cpue bio
 3.77251e+06 3.63612e+06 3.49875e+06 3.2968e+06 3.06997e+06 2.82013e+06 2.56821e+06 2.31975e+06 2.05938e+06 1.83826e+06 1.62414e+06 1.42364e+06 1.2377e+06 1.0944e+06 965348 855860 756673 702810 664912 620675 597234 571617 552862 550142 540244 540303 535676 537778 526973 528738 532208 531189 523378 515253 514480 508819 498030 480535 482862 490592 489549 493129 504036 515809 517701 525072 531662 529426 524387 525393 531175 499796 539943 582865 559977 593996 576695 566351 504554 505026 571909 621061 578601 581544 2.02695e+07 1.26012e+07 1.31678e+07 1.41641e+07 1.54783e+07 1.68426e+07 1.80946e+07 1.91632e+07 2.00326e+07 2.07172e+07 2.1244e+07 2.16433e+07 2.19429e+07 2.21666e+07 2.23332e+07 2.24573e+07 2.25499e+07 2.26193e+07 2.26715e+07 2.27111e+07 2.27412e+07 2.27642e+07 2.27818e+07 2.27955e+07 2.28061e+07 2.28144e+07 2.28209e+07 2.28259e+07 2.28299e+07 2.2833e+07 2.28355e+07 2.28375e+07 2.28391e+07 2.28403e+07 2.28413e+07 2.28421e+07 2.28427e+07 2.28432e+07 2.28436e+07 2.2844e+07 2.28442e+07 2.28444e+07 2.28446e+07 2.28447e+07 2.28448e+07 2.28449e+07 2.2845e+07 2.2845e+07 2.28451e+07 2.28451e+07 2.28452e+07 2.28452e+07 2.28452e+07 2.28452e+07 2.28452e+07 2.28452e+07 2.28452e+07 2.28452e+07 2.28453e+07 2.28453e+07 2.28453e+07 2.28453e+07 2.28453e+07 2.28453e+07 2.28453e+07 2.28453e+07 2.28453e+07 2.28453e+07 2.28453e+07 2.28453e+07 2.28453e+07 2.28453e+07 2.28453e+07 2.28453e+07 2.28453e+07 2.28453e+07 2.28453e+07 2.28453e+07 2.28453e+07 2.28453e+07 2.28453e+07 2.28453e+07 2.28453e+07 2.28453e+07 2.28453e+07 2.28453e+07 2.28453e+07 2.28453e+07 2.28453e+07 2.28453e+07 2.28453e+07 2.28453e+07 2.28453e+07 2.28453e+07 2.28453e+07 2.28453e+07 2.28453e+07 2.28453e+07 2.28453e+07 2.28453e+07 0 0 0 0 0 0 0 0 0 0 0 0 0 0 0 0 0 0 0 0 0 0 0 0 0
#obs cpue bio
 2.20155e+06 4.74555e+06 2.75772e+06 3.80958e+06 2.31405e+06 2.18047e+06 1.42633e+06 1.65679e+06 2.39883e+06 1.29935e+06 1.58814e+06 1.38697e+06 859711 900544 789863 853166 736892 621063 492064 452502 504728 742200 649469 577416 497105 537541 612862 393210 540699 461280 531265 716771 490852 531078 614069 601554 443097 424087 640955 381783 528756 471465 596848 549678 401020 604174 564299 746772 567748 845549 504299 463519 632864 419488 638706 727945 966392 627496 460492 550400 627432 504682 621122 440450
#pred surv len freq
 0.00544042 0.00872377 0.0129248 0.0179574 0.0236658 0.0297666 0.0358107 0.0412746 0.0457546 0.0491082 0.0514366 0.0529632 0.0539185 0.0544824 0.0547664 0.0548152 0.0546202 0.0541321 0.0532454 0.051753 0.0493132 0.0455156 0.0400871 0.0331553 0.0253688
 0.00579991 0.00918625 0.0134005 0.0183008 0.0237318 0.0294905 0.0352605 0.0406313 0.0452246 0.0488187 0.051382 0.0530292 0.0539604 0.0544066 0.0545738 0.0545933 0.0544943 0.0541998 0.0535238 0.0521646 0.0497198 0.045784 0.0401501 0.0330327 0.0251409
 0.00600637 0.00954717 0.0139819 0.0191572 0.0248675 0.0308155 0.0365758 0.0416785 0.0457914 0.0488411 0.0509677 0.052381 0.0532585 0.0537333 0.0539231 0.0539366 0.0538395 0.0535997 0.0530379 0.0518098 0.0494528 0.0455276 0.0398436 0.0326676 0.0247586
 0.00627192 0.00996098 0.0145747 0.0199538 0.0258911 0.0320856 0.0380898 0.0433769 0.0475281 0.05039 0.0520824 0.0528876 0.0531248 0.0530657 0.0528969 0.0527149 0.0525351 0.0522852 0.051768 0.0506271 0.0483777 0.0445567 0.0389667 0.0318884 0.0240998
 0.00659519 0.010467 0.0152999 0.0209193 0.0271004 0.033523 0.0397178 0.0451362 0.0493401 0.0521556 0.0536733 0.0541437 0.0538769 0.053188 0.052359 0.0515958 0.0509888 0.0504846 0.0498642 0.0487349 0.04658 0.0429131 0.0375218 0.0306769 0.0231444
 0.00691803 0.0109828 0.0160589 0.021962 0.0284498 0.0351732 0.0416215 0.047202 0.0514457 0.0541711 0.0554797 0.0556348 0.0549493 0.0537354 0.0522866 0.0508536 0.0496033 0.0485655 0.04758 0.0462742 0.0441202 0.0406051 0.0354845 0.0289923 0.0218505
 0.00718722 0.0114193 0.0167146 0.0228856 0.0296803 0.0367267 0.0434761 0.0492887 0.0536532 0.0563622 0.0575117 0.0573754 0.056285 0.0545714 0.0525427 0.0504661 0.0485413 0.0468553 0.0453225 0.0436415 0.0413301 0.0378844 0.033033 0.0269534 0.0202925
 0.00741779 0.0117938 0.0172785 0.0236835 0.0307503 0.0380906 0.045127 0.0511822 0.0557083 0.0584702 0.0595476 0.0592094 0.0577919 0.0556389 0.0530759 0.0503899 0.0478053 0.0454475 0.0432912 0.0411131 0.0385077 0.0350205 0.0303802 0.024711 0.0185675
 0.00774438 0.0123057 0.0180142 0.0246683 0.031995 0.0395898 0.0468529 0.05308 0.0576982 0.0604563 0.0614282 0.0608832 0.0591622 0.056615 0.0535747 0.0503376 0.0471424 0.0441415 0.0413573 0.0386394 0.0356687 0.0320637 0.0275803 0.0223046 0.0166964
 0.0079474 0.0126441 0.0185387 0.0254305 0.0330366 0.0409249 0.0484526 0.0548696 0.0595721 0.0623025 0.063148 0.0623969 0.0604041 0.0575247 0.0540909 0.0503962 0.0466806 0.04311 0.0397431 0.0364929 0.033126 0.0293435 0.0249459 0.0199992 0.0148792
 0.00816037 0.0129875 0.0190511 0.0261488 0.0339924 0.0421366 0.0499138 0.0565385 0.0613687 0.0641171 0.0648571 0.0638847 0.061579 0.0583266 0.0544843 0.0503561 0.0461798 0.0421195 0.0382488 0.0345251 0.0307878 0.0268189 0.0224727 0.0178096 0.0131352
 0.00845024 0.0134409 0.0197006 0.0270141 0.0350787 0.0434331 0.0513893 0.0581382 0.0630181 0.06573 0.0663447 0.0651609 0.0625664 0.0589626 0.0547263 0.0501806 0.0455758 0.0410819 0.0367818 0.0326608 0.028612 0.024485 0.0201853 0.0157761 0.0115063
 0.00878753 0.0139735 0.0204723 0.0280535 0.0363928 0.0449987 0.0531435 0.0599788 0.0648187 0.0673664 0.067717 0.0662032 0.0632425 0.0592569 0.054635 0.0497061 0.0447238 0.0398612 0.0352098 0.0307767 0.0264956 0.0222684 0.0180421 0.0138831 0.00999288
 0.00908254 0.0144335 0.0211287 0.0289236 0.0374793 0.0462876 0.0545989 0.0615379 0.0663933 0.068853 0.0690124 0.0672195 0.0639184 0.0595613 0.0545631 0.0492695 0.0439411 0.0387528 0.0338012 0.0291101 0.0246442 0.0203461 0.016194 0.0122555 0.00869243
 0.00935682 0.0148731 0.0217778 0.0298169 0.0386333 0.0476881 0.0561895 0.0632196 0.068041 0.0703416 0.0702389 0.0681123 0.0644361 0.059689 0.0543077 0.0486556 0.0430036 0.0375315 0.032339 0.0274591 0.0228768 0.0185621 0.0145142 0.0107976 0.00753887
 0.00959899 0.015257 0.0223376 0.0305791 0.0396128 0.0488822 0.0575688 0.0647205 0.0695679 0.0717791 0.0714704 0.069039 0.0649912 0.0598436 0.054068 0.0480527 0.0420834 0.0363461 0.0309441 0.0259165 0.0212611 0.0169642 0.0130357 0.00953214 0.00654808
 0.00993053 0.0157685 0.0230563 0.0315118 0.0407466 0.050185 0.0589877 0.0661815 0.0709808 0.0730492 0.0725106 0.0697778 0.0653784 0.0598538 0.0537033 0.047341 0.0410726 0.0350965 0.0295217 0.0243918 0.0197111 0.015473 0.0116891 0.00840288 0.00567834
 0.0100236 0.0159171 0.0232752 0.0318139 0.0411412 0.0506764 0.0595721 0.0668456 0.0717031 0.0738016 0.0732587 0.0704789 0.0659802 0.0602979 0.0539338 0.0473168 0.0407766 0.0345399 0.0287422 0.0234484 0.018678 0.0144332 0.0107245 0.00758132 0.00504005
 0.00993745 0.0158027 0.0231504 0.0317124 0.0411042 0.0507399 0.0597558 0.0671497 0.0721126 0.0742938 0.0738078 0.0710568 0.0665536 0.060826 0.0543683 0.0476066 0.0408776 0.0344258 0.0284134 0.0229347 0.0180351 0.0137338 0.0100449 0.00698636 0.0045703
 0.0099819 0.0158683 0.023238 0.0318208 0.0412342 0.0508982 0.0599555 0.0674051 0.0724294 0.0746609 0.0741972 0.071432 0.0668817 0.0610845 0.0545435 0.0476872 0.0408493 0.034273 0.028127 0.0225225 0.0175268 0.013179 0.00950232 0.00650897 0.00419258
 0.00994866 0.0158095 0.0231411 0.0316723 0.041025 0.0506305 0.0596503 0.0671041 0.0721887 0.0745379 0.0742341 0.0716422 0.0672448 0.0615516 0.0550511 0.0481716 0.0412566 0.0345632 0.028276 0.0225243 0.0173968 0.0129527 0.00922846 0.00623731 0.00396105
 0.0100022 0.0158877 0.0232415 0.0317853 0.0411338 0.0507137 0.0596857 0.0670739 0.0720874 0.0743791 0.0740517 0.0714836 0.0671558 0.0615606 0.055159 0.0483521 0.0414655 0.0347515 0.0284021 0.0225628 0.0173427 0.0128219 0.00905208 0.00605167 0.00379673
 0.0101205 0.0160542 0.0234444 0.0319969 0.0413186 0.0508395 0.0597335 0.0670401 0.07198 0.0742125 0.0738453 0.0712624 0.0669509 0.0614048 0.0550785 0.0483566 0.041543 0.0348709 0.028523 0.0226482 0.0173701 0.0127882 0.00897189 0.00594938 0.00369665
 0.0100617 0.0159671 0.0233285 0.0318558 0.0411562 0.0506572 0.0595288 0.0668113 0.0717337 0.0739685 0.0736349 0.071119 0.0668996 0.0614561 0.0552286 0.0485909 0.0418387 0.035198 0.0288459 0.0229314 0.0175864 0.012926 0.00903695 0.00596073 0.00367806
 0.0100691 0.0159786 0.0233446 0.0318769 0.0411821 0.0506866 0.059558 0.0668328 0.0717349 0.0739348 0.0735553 0.0709941 0.0667454 0.0613013 0.0551055 0.048525 0.0418413 0.035264 0.0289565 0.0230595 0.0177045 0.0130139 0.00908673 0.00597673 0.00367198
 0.0100481 0.0159351 0.0232628 0.0317376 0.0409702 0.0504004 0.0592169 0.0664767 0.071414 0.0736934 0.0734189 0.070965 0.0668074 0.0614305 0.0552804 0.048732 0.0420731 0.0355144 0.029215 0.0233094 0.0179266 0.013192 0.00921337 0.00605464 0.0037119
 0.0100442 0.0159337 0.0232688 0.0317559 0.0410012 0.0504345 0.0592334 0.0664489 0.0713221 0.0735369 0.0732206 0.0707626 0.0666386 0.0613201 0.0552357 0.0487472 0.042137 0.0356153 0.0293415 0.0234488 0.0180642 0.0133132 0.00930777 0.00611879 0.0037492
 0.00988195 0.0156938 0.0229526 0.0313818 0.0406006 0.050045 0.0588909 0.0661823 0.0711477 0.0734561 0.0732217 0.0708288 0.0667569 0.0614847 0.0554452 0.0489978 0.0424188 0.035913 0.0296376 0.0237269 0.0183102 0.0135169 0.00946356 0.00622754 0.00381759
 0.00992614 0.0157507 0.0230108 0.0314228 0.0406053 0.0500028 0.0588072 0.0660766 0.0710447 0.0733738 0.0731641 0.0707873 0.0667185 0.0614413 0.0553989 0.0489599 0.0424033 0.0359294 0.029687 0.0238019 0.0183985 0.0136048 0.00954019 0.00628648 0.00385763
 0.00979483 0.0155544 0.0227471 0.0310994 0.040237 0.0496063 0.0583994 0.065678 0.0706842 0.0730887 0.0729937 0.0707596 0.0668383 0.0616874 0.0557318 0.0493361 0.0427872 0.0362983 0.0300283 0.0241083 0.0186637 0.0138234 0.00970941 0.00640783 0.00393733
 0.0095725 0.0152196 0.0222933 0.0305397 0.0396017 0.0489378 0.0577471 0.0650935 0.0702146 0.0727695 0.0728443 0.0707849 0.0670323 0.062034 0.0562031 0.0498923 0.0433819 0.0368866 0.0305747 0.0245893 0.0190669 0.0141446 0.00995092 0.00657748 0.00404747
 0.00941941 0.0149778 0.0219435 0.030071 0.0390164 0.0482571 0.0570155 0.0643769 0.0695878 0.0722981 0.0725699 0.0707208 0.0671681 0.0623445 0.0566555 0.0504493 0.044002 0.0375262 0.0311915 0.0251479 0.0195428 0.0145259 0.0102372 0.00677779 0.00417708
 0.00933374 0.0148444 0.0217532 0.0298181 0.0386982 0.0478739 0.0565733 0.0638913 0.0690875 0.0718245 0.072172 0.0704452 0.0670484 0.0623942 0.0568671 0.0507984 0.0444534 0.0380385 0.0317217 0.0256554 0.0199941 0.0148991 0.0105236 0.00698099 0.00430973
 0.00923909 0.0146974 0.0215451 0.0295455 0.0383636 0.0474863 0.0561485 0.0634514 0.0686584 0.0714324 0.0718416 0.0702004 0.0669125 0.0623875 0.0570009 0.0510695 0.0448423 0.0385117 0.0322367 0.0261679 0.0204645 0.015298 0.0108357 0.00720558 0.00445774
 0.00928045 0.014729 0.0215273 0.0294215 0.0380761 0.0470036 0.0554861 0.0626743 0.0678626 0.0707155 0.071279 0.0698347 0.0667566 0.0624327 0.0572268 0.0514491 0.0453435 0.0390966 0.0328619 0.0267868 0.0210333 0.0157828 0.0112173 0.00748181 0.00464067
 0.0100822 0.0158691 0.0229386 0.0309334 0.0394555 0.0480266 0.0559999 0.0626248 0.0672884 0.0697266 0.0700298 0.0684936 0.0654748 0.0613206 0.0563457 0.0508178 0.0449509 0.0389129 0.032846 0.026891 0.0212075 0.0159806 0.0114025 0.00763231 0.00474878
 0.0106816 0.0168334 0.0243622 0.032873 0.0418905 0.0508117 0.0588398 0.0651109 0.0690076 0.0703979 0.0695924 0.0671042 0.0634282 0.0589488 0.0539398 0.048589 0.043025 0.0373442 0.0316368 0.02601 0.0206041 0.0155951 0.011175 0.00750965 0.00468914
 0.0105393 0.0167182 0.0244044 0.033268 0.0428505 0.0524834 0.0612231 0.0680184 0.0720835 0.0731904 0.0716596 0.068125 0.0632858 0.0577514 0.0519693 0.0462036 0.0405621 0.0350581 0.0296801 0.0244452 0.0194282 0.0147642 0.0106246 0.00716945 0.00449407
 0.0101708 0.0161473 0.0236063 0.0322609 0.0417186 0.0513962 0.0604339 0.0678154 0.072692 0.0746614 0.0738093 0.0705683 0.0655543 0.0594421 0.0528585 0.0462855 0.0400083 0.0341289 0.0286322 0.0234703 0.0186328 0.0141803 0.0102343 0.00693106 0.00436105
 0.00994618 0.0157842 0.0230641 0.0315055 0.040733 0.0501993 0.0591042 0.0665077 0.0716305 0.0740983 0.0739506 0.0714895 0.0671429 0.061408 0.0548199 0.0478958 0.0410632 0.034605 0.0286509 0.0232186 0.0182863 0.013858 0.00999127 0.00677422 0.0042727
 0.0100603 0.0159329 0.0232186 0.0316128 0.0407252 0.0500123 0.0586969 0.0658772 0.0708232 0.0732163 0.0731488 0.0709504 0.0670256 0.0617825 0.0556214 0.0489327 0.0420843 0.0353948 0.0291025 0.0233481 0.0181932 0.0136635 0.00979015 0.00661639 0.0041698
 0.0101571 0.0160791 0.0234163 0.0318515 0.0409787 0.0502368 0.0588321 0.0658569 0.0705939 0.0727619 0.0725094 0.0702256 0.0663581 0.0613222 0.0554774 0.049129 0.0425435 0.0359659 0.0296222 0.0237052 0.0183584 0.0136767 0.0097209 0.00652638 0.00409473
 0.0101283 0.0160389 0.0233679 0.0318022 0.0409376 0.0502107 0.0588208 0.0658491 0.0705663 0.0726828 0.0723492 0.069973 0.0660357 0.060992 0.0552276 0.0490431 0.0426626 0.0362656 0.0300198 0.024096 0.0186607 0.0138586 0.00979754 0.00653682 0.00407716
 0.0100944 0.0159849 0.0232891 0.0316962 0.0408062 0.0500616 0.058669 0.0657142 0.0704659 0.0726241 0.0723232 0.0699569 0.0660034 0.0609298 0.0551471 0.0489822 0.0426698 0.036374 0.0302263 0.024359 0.0189204 0.0140657 0.00993113 0.00660443 0.00410109
 0.0100402 0.0159188 0.0232296 0.0316723 0.0408475 0.0501836 0.0588623 0.065945 0.0706887 0.0727983 0.072424 0.0699759 0.0659429 0.0607982 0.0549591 0.0487625 0.0424546 0.036203 0.0301283 0.024339 0.0189581 0.0141272 0.00998666 0.00663914 0.00411508
 0.00989817 0.0157019 0.0229308 0.0312986 0.0404224 0.0497485 0.0584734 0.0656637 0.0705637 0.0728467 0.0726242 0.0702768 0.0662834 0.0611259 0.0552402 0.0489834 0.0426195 0.0363293 0.0302386 0.0244507 0.0190759 0.014243 0.0100867 0.00671325 0.00416158
 0.00974939 0.015475 0.0226174 0.0309014 0.0399553 0.0492351 0.0579487 0.0651745 0.0701656 0.0725946 0.0725577 0.0704067 0.0665862 0.0615493 0.0557187 0.0494567 0.0430459 0.0366906 0.0305354 0.0246942 0.0192778 0.0144095 0.0102187 0.00681012 0.00422568
 0.0097206 0.0154262 0.0225403 0.0307874 0.0397971 0.0490305 0.0577033 0.0649028 0.0698893 0.0723403 0.0723538 0.0702811 0.0665607 0.0616324 0.0558997 0.0497068 0.0433262 0.0369647 0.0307791 0.0248978 0.0194421 0.0145396 0.0103189 0.00688364 0.0042755
 0.00975988 0.0154809 0.0226056 0.0308518 0.039845 0.0490455 0.0576719 0.0648175 0.0697502 0.0721559 0.0721418 0.0700663 0.0663717 0.0614967 0.0558373 0.0497239 0.0434134 0.0370995 0.030934 0.025049 0.0195746 0.0146472 0.0104014 0.00694329 0.0043158
 0.00992358 0.0157068 0.022871 0.0311105 0.0400398 0.0491287 0.0576223 0.0646442 0.0694847 0.0718387 0.0718118 0.0697559 0.0661062 0.0612942 0.0557099 0.0496765 0.0434424 0.0371917 0.0310681 0.0252003 0.019721 0.0147735 0.0105004 0.00701471 0.00436322
 0.0100914 0.0159589 0.0232102 0.0315213 0.0404867 0.0495587 0.0579701 0.0648442 0.0694901 0.0716401 0.0714435 0.0692849 0.0656086 0.0608345 0.0553296 0.049395 0.0432623 0.0371036 0.0310547 0.0252391 0.0197882 0.0148481 0.010568 0.00706771 0.0044002
 0.010431 0.0165139 0.0240476 0.0326964 0.0420212 0.0514097 0.060005 0.0668436 0.0711897 0.0727983 0.0719049 0.0690134 0.064685 0.059425 0.0536396 0.0476231 0.041568 0.0355939 0.0297858 0.0242266 0.0190194 0.0142934 0.0101887 0.00682351 0.00425321
 0.00988133 0.0156782 0.0229027 0.0312723 0.0404086 0.0497608 0.0585248 0.0657593 0.070692 0.0729744 0.0727004 0.0702495 0.0661218 0.0608378 0.054874 0.0486133 0.0423215 0.0361588 0.0302184 0.024571 0.0193005 0.014521 0.0103657 0.0069523 0.00433951
 0.00958886 0.0151958 0.022166 0.0302229 0.0390137 0.0480429 0.0565898 0.0638031 0.068972 0.0717514 0.0721703 0.0704895 0.0670685 0.0623063 0.0566142 0.0503813 0.0439368 0.0375275 0.0313213 0.0254329 0.0199612 0.0150168 0.0107257 0.00720092 0.00450009
 0.00995209 0.0157569 0.0229511 0.0312242 0.0401773 0.0492587 0.0576911 0.0645922 0.069276 0.0714894 0.0713951 0.069376 0.0658527 0.0612045 0.0557589 0.0497999 0.0435746 0.0372971 0.0311481 0.0252781 0.0198179 0.014894 0.0106323 0.00713836 0.00446322
 0.00954704 0.0151582 0.0221628 0.0302934 0.0391861 0.0483053 0.056871 0.0639792 0.0689051 0.0713471 0.0714279 0.069521 0.0660743 0.0615114 0.0561898 0.0503863 0.0443072 0.038118 0.0319714 0.0260224 0.0204315 0.0153609 0.0109634 0.00735866 0.00460061
 0.0098381 0.015576 0.0226896 0.030879 0.039764 0.0488179 0.0572872 0.0642941 0.0691241 0.0714662 0.0714246 0.069361 0.0657316 0.0609931 0.0555487 0.0497127 0.0436999 0.0376489 0.0316643 0.0258556 0.0203597 0.0153391 0.0109611 0.00736093 0.00460274
 0.0101623 0.0160654 0.0233539 0.0316969 0.0406824 0.0497572 0.0581494 0.0649785 0.0695522 0.0716048 0.0712926 0.0690118 0.0652237 0.0603702 0.0548419 0.0489558 0.0429422 0.0369511 0.0310801 0.0254133 0.0200557 0.0151472 0.0108476 0.00729656 0.00456727
 0.0108578 0.0171637 0.0249422 0.0338228 0.0433315 0.0528241 0.0614144 0.0681156 0.0721864 0.0734035 0.0720488 0.0686848 0.0639283 0.0583283 0.0523201 0.0462122 0.040195 0.0343698 0.0287871 0.0234858 0.0185251 0.014002 0.0100424 0.00676644 0.00424199
 0.0104395 0.0165792 0.0242428 0.0331254 0.0427985 0.0526227 0.0616739 0.0688945 0.0734505 0.0750185 0.0737951 0.0703009 0.0651758 0.0590519 0.0524775 0.0458664 0.0394786 0.0334416 0.0277967 0.0225519 0.0177264 0.0133759 0.00959086 0.00646646 0.00405852
 0.00967424 0.0153562 0.02245 0.0306965 0.0397543 0.0491225 0.0580499 0.0656263 0.0710586 0.0739129 0.0741501 0.0720127 0.0679081 0.0623399 0.0558496 0.0489457 0.0420395 0.0354121 0.0292205 0.0235335 0.0183832 0.0138089 0.0098739 0.00664874 0.00417207
 0.00970939 0.0153408 0.02229 0.0302527 0.0388696 0.0476734 0.0560053 0.063091 0.0682864 0.0712786 0.0720794 0.0708763 0.0679123 0.063459 0.0578359 0.051413 0.0445822 0.0377099 0.0310918 0.0249325 0.0193589 0.0144532 0.0102818 0.00689793 0.00431866
 0.0103799 0.0164063 0.0238389 0.0323254 0.0414202 0.050525 0.0588242 0.0654217 0.0696646 0.0713866 0.0708681 0.0685938 0.0650263 0.0605094 0.0552752 0.0494943 0.0433328 0.0369884 0.0306906 0.0246714 0.0191328 0.0142305 0.0100738 0.0067259 0.00419416
 0.00988214 0.0157308 0.0230723 0.0316399 0.0410348 0.0506363 0.0595351 0.0666947 0.0713117 0.0730974 0.0722804 0.0693987 0.0650752 0.0598712 0.0542061 0.048331 0.0423624 0.0363584 0.0303963 0.0246091 0.0191764 0.0142879 0.0101043 0.00672726 0.00417997
#obs surv len freq
 nan nan nan nan nan nan nan nan nan nan nan nan nan nan nan nan nan nan nan nan nan nan nan nan nan
 0.00449379 0.00735899 0.0111921 0.0160097 0.0217093 0.0279816 0.0342913 0.0400181 0.0446939 0.0481549 0.0505109 0.0520054 0.0528967 0.0534083 0.0537221 0.0539766 0.0542548 0.0545474 0.054686 0.0542779 0.0527161 0.0493488 0.0437994 0.0362806 0.0276655
 0.00461793 0.00756664 0.0115149 0.0164793 0.0223487 0.0287927 0.035243 0.0410443 0.0457042 0.0490546 0.0512197 0.0524689 0.05309 0.0533344 0.0534058 0.0534571 0.0535767 0.0537539 0.0538167 0.0533702 0.0518095 0.0484872 0.0430286 0.0356395 0.0271756
 0.00478071 0.00783116 0.0119132 0.017042 0.0231007 0.0297445 0.0363803 0.0423205 0.0470416 0.0503533 0.0523717 0.0533737 0.0536689 0.0535413 0.0532317 0.0529263 0.052738 0.0526699 0.0525558 0.0520041 0.0504145 0.0471446 0.0418192 0.0346298 0.0264025
 0.00496972 0.00814095 0.012384 0.0177126 0.0240007 0.0308823 0.0377315 0.0438244 0.0486102 0.0518872 0.0537725 0.0545489 0.0545337 0.0540233 0.0532797 0.0525196 0.0518917 0.0514333 0.0510067 0.0502426 0.0485584 0.0453229 0.0401588 0.0332343 0.02533
 0.00518008 0.00848512 0.0129061 0.0184557 0.0249984 0.0321467 0.0392393 0.0455118 0.0503807 0.0536292 0.0553766 0.0559177 0.0555844 0.054686 0.0534964 0.0522483 0.0511138 0.050164 0.0493036 0.0482085 0.046338 0.0430897 0.0380903 0.0314779 0.0239716
 0.00541255 0.00886411 0.0134786 0.0192663 0.0260815 0.0335134 0.0408639 0.0473264 0.0522844 0.055506 0.0571132 0.0574136 0.0567546 0.0554599 0.0538162 0.0520671 0.0503992 0.0489078 0.0475373 0.0460192 0.0438746 0.0405525 0.0356983 0.0294214 0.0223678
 0.00565358 0.0092597 0.0140809 0.020126 0.0272381 0.0349794 0.0426088 0.0492722 0.0543168 0.0574976 0.0589439 0.0589816 0.057978 0.0562739 0.0541683 0.0519134 0.0497046 0.0476536 0.0457376 0.0437431 0.041263 0.0378143 0.0330774 0.027141 0.0205732
 0.00588374 0.00963868 0.0146604 0.0209577 0.0283643 0.0364174 0.0443351 0.0512152 0.0563665 0.0595257 0.0608241 0.0606034 0.0592523 0.0571328 0.0545611 0.0518008 0.049055 0.0464465 0.0439786 0.0414878 0.0386393 0.0350261 0.0303756 0.0247649 0.0186867
 0.00614925 0.0100694 0.0153071 0.0218673 0.0295713 0.0379308 0.0461238 0.0532025 0.05844 0.0615571 0.0626896 0.0621956 0.0604848 0.0579406 0.0548975 0.0516327 0.0483581 0.0452062 0.0422011 0.0392228 0.0360046 0.0322162 0.0276378 0.0223423 0.0167517
 0.00636184 0.0104266 0.0158658 0.022687 0.0307012 0.0393892 0.0478789 0.0551679 0.0604897 0.0635536 0.0645077 0.0637338 0.0616665 0.0587094 0.055213 0.0514655 0.0476869 0.0440189 0.0405049 0.0370638 0.0334909 0.0295282 0.0250083 0.0200046 0.0148756
 0.00661894 0.0108389 0.0164766 0.0235344 0.0318135 0.0407759 0.0495189 0.057001 0.062419 0.0654581 0.0662606 0.0652195 0.0627934 0.0594156 0.0554633 0.0512431 0.0469842 0.0428355 0.0388543 0.034992 0.0310982 0.02698 0.0225189 0.0177904 0.0130956
 0.00684118 0.0112092 0.0170495 0.0243643 0.0329407 0.0422069 0.0512091 0.0588534 0.064305 0.0672481 0.0678459 0.0665193 0.0637485 0.0599824 0.055611 0.0509538 0.0462518 0.0416643 0.0372642 0.033031 0.0288604 0.0246153 0.0202193 0.0157496 0.011456
 0.0070499 0.0115506 0.0175676 0.0251025 0.033934 0.0434696 0.0527197 0.0605465 0.0660757 0.068969 0.06939 0.0677791 0.0646487 0.0604817 0.0556951 0.0506241 0.0455169 0.0405377 0.0357705 0.0312186 0.0268167 0.0224745 0.0181503 0.0139207 0.00999016
 0.00728882 0.0119419 0.0181614 0.0259452 0.0350577 0.0448751 0.0543612 0.0623292 0.0678715 0.0706439 0.0708267 0.0688881 0.0653707 0.0607858 0.0555763 0.0500978 0.0446109 0.0392865 0.0342146 0.0294137 0.024847 0.0204596 0.0162359 0.012249 0.0086616
 0.00746363 0.0122306 0.0186042 0.0265829 0.0359234 0.0459816 0.0556871 0.0638124 0.0694161 0.0721364 0.0721551 0.0699569 0.0661092 0.0611515 0.0555536 0.0496934 0.0438483 0.0382007 0.0328515 0.027834 0.0231331 0.0187196 0.0145948 0.0108247 0.00753523
 0.00757003 0.0124051 0.0188704 0.0269648 0.0364431 0.0466535 0.0565111 0.0647687 0.070465 0.0732213 0.0732076 0.0709021 0.0668732 0.0616697 0.0557782 0.0495983 0.0434297 0.0374756 0.0318562 0.0266241 0.0217863 0.0173342 0.0132801 0.00968118 0.00663047
 0.00762284 0.0124889 0.0189931 0.0271341 0.0366666 0.0469394 0.0568675 0.0652019 0.0709772 0.0738074 0.0738517 0.0715737 0.067526 0.0622448 0.0562112 0.04983 0.0434162 0.0371963 0.0313177 0.0258621 0.0208642 0.0163381 0.012307 0.00882001 0.00594205
 0.00766774 0.0125564 0.0190845 0.0272474 0.0367978 0.0470849 0.0570261 0.0653765 0.0711749 0.0740395 0.07413 0.0719054 0.067906 0.0626504 0.056601 0.0501485 0.0436045 0.0372052 0.0311198 0.025461 0.0202969 0.0156705 0.0116207 0.00819328 0.00543115
 0.00773459 0.0126526 0.0192062 0.0273828 0.0369305 0.0471993 0.0571122 0.0654326 0.071208 0.0740643 0.0741668 0.0719762 0.0680284 0.0628307 0.0568283 0.0503926 0.0438191 0.0373371 0.0311232 0.0253114 0.0200011 0.0152669 0.0111696 0.00775964 0.00506584
 0.0077899 0.0127407 0.0193344 0.0275545 0.0371421 0.0474365 0.057349 0.065635 0.0713448 0.0741189 0.0741445 0.0719024 0.0679393 0.0627608 0.0568007 0.0504119 0.0438692 0.0373845 0.0311268 0.0252361 0.0198314 0.0150145 0.0108697 0.00745843 0.00480402
 0.00782845 0.012799 0.0194141 0.0276548 0.0372604 0.0475694 0.0574918 0.0657804 0.0714805 0.0742284 0.0742115 0.0719171 0.0679043 0.0626928 0.0567243 0.0503502 0.0438337 0.0373698 0.0311119 0.0251935 0.0197397 0.0148688 0.0106851 0.00726292 0.00462704
 0.00784555 0.0128235 0.0194451 0.0276892 0.037294 0.0475986 0.0575151 0.0657991 0.0714986 0.0742507 0.0742405 0.0719513 0.0679379 0.0627187 0.0567394 0.0503573 0.0438397 0.0373789 0.0311204 0.0251895 0.0197087 0.0148027 0.0105879 0.00714994 0.00451793
 0.00789381 0.0128918 0.019529 0.027778 0.0373735 0.0476558 0.0575421 0.0657949 0.0714684 0.074204 0.0741892 0.0719061 0.0679064 0.062703 0.0567364 0.0503618 0.043847 0.0373862 0.031125 0.0251865 0.0196914 0.0147658 0.0105318 0.00708209 0.00444983
 0.00788996 0.0128919 0.0195403 0.0278096 0.0374321 0.0477397 0.0576383 0.0658813 0.0715223 0.0742125 0.0741538 0.0718416 0.0678331 0.0626385 0.0566912 0.050338 0.0438406 0.0373906 0.0311329 0.0251912 0.0196871 0.0147489 0.010502 0.00704343 0.00440915
 0.00789074 0.0128872 0.0195228 0.0277707 0.0373663 0.0476499 0.0575389 0.0657944 0.0714679 0.0741989 0.0741746 0.0718812 0.0678766 0.062679 0.0567299 0.0503799 0.043889 0.0374445 0.0311875 0.02524 0.019724 0.01477 0.0105069 0.00703546 0.00439381
 0.00791627 0.0129232 0.0195662 0.0278143 0.0373992 0.0476601 0.0575166 0.0657357 0.0713786 0.0740945 0.0740764 0.0718084 0.0678384 0.0626736 0.0567483 0.0504123 0.0439289 0.0374884 0.0312329 0.0252831 0.0197604 0.0147958 0.0105206 0.00703835 0.00438938
 0.00789679 0.0128951 0.0195304 0.0277735 0.0373562 0.0476163 0.0574702 0.0656826 0.071315 0.0740205 0.0739983 0.0717386 0.067792 0.0626623 0.0567759 0.0504738 0.0440134 0.0375833 0.0313275 0.0253697 0.0198336 0.0148525 0.0105599 0.00706174 0.00440059
 0.0079022 0.0128972 0.0195217 0.0277436 0.0372962 0.0475235 0.0573518 0.0655548 0.0711966 0.0739254 0.0739321 0.0717 0.0677777 0.062671 0.0568092 0.0505328 0.0440959 0.0376825 0.0314335 0.0254721 0.0199238 0.0149252 0.0106132 0.00709689 0.00442103
 0.00786864 0.012846 0.0194505 0.0276518 0.0371839 0.0473908 0.0571998 0.0653877 0.0710248 0.0737661 0.0738063 0.0716258 0.0677645 0.0627175 0.0569052 0.0506652 0.0442516 0.0378499 0.0316015 0.0256301 0.0200627 0.0150384 0.0106983 0.00715546 0.00445756
 0.00787047 0.0128408 0.019428 0.0275981 0.0370863 0.0472442 0.0570113 0.0651764 0.0708151 0.0735803 0.0736602 0.071529 0.0677228 0.0627333 0.056977 0.0507855 0.0444081 0.0380275 0.031785 0.0258058 0.0202195 0.0151685 0.0107982 0.00722582 0.00450276
 0.0078619 0.0128309 0.01942 0.0275958 0.0370906 0.0472497 0.0570051 0.0651412 0.070738 0.0734606 0.0735116 0.0713751 0.0675886 0.0626384 0.0569323 0.0507935 0.0444642 0.0381219 0.031904 0.0259345 0.0203439 0.0152778 0.0108857 0.0072897 0.00454507
 0.007789 0.0127157 0.0192535 0.0273737 0.0368167 0.0469387 0.0566836 0.0648443 0.0704992 0.0733013 0.0734362 0.0713754 0.0676518 0.0627539 0.057093 0.0509933 0.0446952 0.0383727 0.0321604 0.0261811 0.0205662 0.0154647 0.0110316 0.00739458 0.00461413
 0.00775413 0.0126521 0.0191454 0.0272031 0.0365686 0.0466098 0.0562893 0.0644204 0.0700952 0.0729679 0.0732127 0.071281 0.0676845 0.0628952 0.0573164 0.0512722 0.0450066 0.0386979 0.0324829 0.0264851 0.0208374 0.015692 0.0112089 0.00752252 0.00469878
 0.00775479 0.0126483 0.0191301 0.0271653 0.0364944 0.0464845 0.0561022 0.0641689 0.0697898 0.0726344 0.0728901 0.0710133 0.0675099 0.0628354 0.0573726 0.051428 0.0452355 0.0389705 0.0327725 0.0267688 0.0210968 0.0159134 0.0113846 0.00765105 0.00478494
 0.00934115 0.0148726 0.0218223 0.0299476 0.0388904 0.0480938 0.0567381 0.0638852 0.0688021 0.0712066 0.0712527 0.0693354 0.0659065 0.0613829 0.0561186 0.0503949 0.0444227 0.0383598 0.0323344 0.0264702 0.0209051 0.0157993 0.0113228 0.00762163 0.0047733
 0.00930796 0.0151148 0.0227091 0.0319392 0.0423387 0.052973 0.062473 0.0694437 0.0730605 0.0733903 0.07119 0.0674035 0.062765 0.0576922 0.0523766 0.0469066 0.041343 0.0357479 0.030195 0.0247772 0.0196149 0.0148579 0.0106703 0.00719576 0.00451397
 0.00899467 0.0146175 0.0220049 0.0310721 0.0414749 0.0524401 0.0627224 0.0708895 0.0758318 0.0771449 0.0751543 0.0706654 0.0646533 0.0580095 0.0513738 0.0450732 0.0391765 0.0336175 0.0283131 0.0232327 0.0184193 0.0139813 0.0100629 0.0068004 0.00427404
 0.00882802 0.0143395 0.0215738 0.030447 0.0406308 0.0513976 0.0615872 0.0698819 0.0752728 0.0773698 0.0763614 0.0727691 0.0672457 0.0604912 0.0531969 0.0459529 0.0391513 0.0329527 0.0273405 0.0222248 0.017541 0.0132992 0.00957887 0.00648347 0.00408229
 0.00872369 0.0141686 0.0213137 0.0300742 0.0401244 0.0507452 0.0607963 0.0689937 0.0743777 0.0766176 0.0759506 0.0728987 0.0680271 0.06186 0.0548906 0.0475927 0.0403941 0.0336236 0.0274681 0.0219774 0.0171228 0.0128704 0.00922738 0.00623518 0.00392644
 0.00871004 0.0141359 0.0212449 0.0299462 0.0399125 0.0504309 0.0603738 0.0684738 0.0737876 0.0760024 0.07538 0.072472 0.0678645 0.0620661 0.0554977 0.0485159 0.0414397 0.0345592 0.0281185 0.0222868 0.0171495 0.0127313 0.0090353 0.0060628 0.00380261
 0.00869689 0.0141184 0.0212248 0.0299252 0.0398888 0.0503945 0.0603053 0.0683474 0.073581 0.0757075 0.0750113 0.0720708 0.0674977 0.0618183 0.0554502 0.048715 0.0418646 0.0351155 0.0286696 0.0227116 0.0173896 0.0128011 0.0089949 0.00597876 0.00372115
 0.00868049 0.0140918 0.0211853 0.0298711 0.0398207 0.0503162 0.0602231 0.0682672 0.0735028 0.0756223 0.0749039 0.0719284 0.0673224 0.0616355 0.0553076 0.0486683 0.0419535 0.03534 0.0289825 0.0230356 0.0176514 0.0129621 0.00905889 0.00597751 0.0036914
 0.00867223 0.0140784 0.0211649 0.0298422 0.0397817 0.0502667 0.0601641 0.0682021 0.0734364 0.0755593 0.0748456 0.071871 0.0672589 0.0615611 0.0552285 0.0486051 0.0419363 0.0353935 0.0291098 0.0232117 0.0178335 0.0131098 0.00915158 0.00601813 0.00369743
 0.00865149 0.0140469 0.0211218 0.0297881 0.0397186 0.0501976 0.0600926 0.0681324 0.0733728 0.075506 0.0748055 0.0718451 0.0672452 0.0615552 0.0552261 0.0486063 0.0419484 0.0354292 0.0291794 0.0233144 0.0179539 0.0132246 0.0092408 0.00607375 0.00372368
 0.00863746 0.0140222 0.0210813 0.0297265 0.0396324 0.0500878 0.0599668 0.0680039 0.0732579 0.0754182 0.0747526 0.0718281 0.0672598 0.0615943 0.0552813 0.0486704 0.0420174 0.0355036 0.0292624 0.0234077 0.0180537 0.0133209 0.00932205 0.00613228 0.00375899
 0.00867284 0.0140759 0.0211548 0.0298174 0.0397344 0.05019 0.0600548 0.0680623 0.0732741 0.0753876 0.0746802 0.0717269 0.067146 0.0614823 0.0551811 0.0485873 0.0419536 0.0354599 0.0292397 0.0234057 0.01807 0.0133493 0.00935424 0.00616057 0.00377904
 0.00865258 0.0140494 0.0211266 0.0297957 0.0397282 0.0502054 0.0600916 0.0681132 0.0733272 0.0754296 0.0747012 0.0717227 0.0671187 0.0614395 0.0551325 0.048542 0.0419182 0.0354377 0.0292317 0.0234114 0.0180871 0.013374 0.00938132 0.00618506 0.00379767
 0.00862037 0.0139998 0.0210576 0.0297083 0.0396277 0.050102 0.0599999 0.0680497 0.0733046 0.0754519 0.0747608 0.0718034 0.0672022 0.0615113 0.0551863 0.0485786 0.041943 0.0354574 0.0292516 0.0234344 0.0181136 0.0134024 0.0094088 0.00620875 0.00381568
 0.00862628 0.0140061 0.0210608 0.0297035 0.0396094 0.0500671 0.0599498 0.0679908 0.0732476 0.0754087 0.0747408 0.07181 0.0672317 0.0615541 0.0552306 0.0486151 0.0419677 0.0354715 0.0292596 0.0234412 0.0181224 0.0134141 0.0094223 0.00622193 0.0038267
 0.00862628 0.0140061 0.0210608 0.0297035 0.0396094 0.0500671 0.0599498 0.0679908 0.0732476 0.0754087 0.0747408 0.07181 0.0672317 0.0615541 0.0552306 0.0486151 0.0419677 0.0354715 0.0292596 0.0234412 0.0181224 0.0134141 0.0094223 0.00622193 0.0038267
 0.00896532 0.0145428 0.0218387 0.0307452 0.0409036 0.0515515 0.0615009 0.0694334 0.0743919 0.0761025 0.0749104 0.071471 0.0664708 0.0604974 0.0540114 0.0473516 0.0407511 0.0343646 0.0283003 0.022648 0.017498 0.0129486 0.00909586 0.00600819 0.003697
 0.00841606 0.0137118 0.0207072 0.029347 0.0393274 0.0499365 0.0600266 0.068295 0.0737568 0.0760585 0.0754358 0.0724444 0.0677157 0.0618352 0.0553004 0.0485031 0.0417253 0.0351569 0.0289255 0.0231287 0.0178578 0.0132096 0.00927777 0.0061288 0.00377219
 0.00829794 0.0134551 0.0202056 0.0284727 0.037977 0.0480974 0.0578283 0.0660083 0.0717264 0.0746016 0.0747554 0.0725909 0.0685964 0.0632578 0.0570296 0.0503142 0.0434432 0.0366712 0.0301863 0.0241297 0.0186193 0.0137642 0.00966267 0.00638132 0.00392737
 0.0086729 0.0140487 0.0210607 0.0295966 0.0393139 0.0495023 0.0590642 0.0667928 0.0718298 0.0739524 0.0734851 0.0709877 0.0669937 0.0619207 0.0560922 0.0497792 0.0432247 0.0366512 0.0302588 0.0242233 0.0186984 0.0138187 0.00969558 0.00639957 0.00393699
 0.00834561 0.0135758 0.0204611 0.0289312 0.0386747 0.0489882 0.0587521 0.0667102 0.071937 0.0741449 0.0736309 0.0709893 0.0668423 0.0617054 0.055953 0.0498353 0.0435206 0.0371479 0.0308638 0.0248346 0.019238 0.0142464 0.0100046 0.00660473 0.00406258
 0.00861561 0.013964 0.0209526 0.029483 0.0392329 0.049512 0.0592293 0.0671523 0.0723548 0.0745203 0.0739024 0.0710645 0.0666369 0.06119 0.0551829 0.0489406 0.042659 0.0364464 0.0303804 0.0245576 0.0191129 0.0142099 0.0100073 0.00661807 0.00407435
 0.00860838 0.0139903 0.0210593 0.0297293 0.0396651 0.050131 0.0599702 0.0678982 0.0729828 0.0749517 0.0741227 0.0711026 0.0665235 0.0609326 0.0547742 0.0483892 0.0420138 0.035791 0.0298032 0.0241171 0.0188223 0.0140449 0.00992747 0.00658568 0.00406374
 0.0091287 0.0148084 0.0222373 0.0313025 0.0416305 0.0524307 0.0624725 0.070391 0.0751963 0.0766122 0.0750186 0.0711369 0.0657335 0.0594663 0.052839 0.0461976 0.0397521 0.0336126 0.0278313 0.0224418 0.0174917 0.0130603 0.00924977 0.00615215 0.00380627
 0.00877476 0.0143031 0.0216092 0.0306289 0.0410245 0.052016 0.0623581 0.0706517 0.0758574 0.0776336 0.0762865 0.0724751 0.0669404 0.0603669 0.0533301 0.0462665 0.0394637 0.0330776 0.0271734 0.0217725 0.016895 0.0125843 0.0089073 0.00592907 0.00367433
 0.00819235 0.0133311 0.0201094 0.0284828 0.0381911 0.0486068 0.0586887 0.0672168 0.0732088 0.0762134 0.076298 0.0738468 0.069376 0.0634437 0.0566038 0.0493607 0.0421256 0.0351938 0.0287472 0.0228814 0.0176453 0.0130784 0.00922687 0.00613191 0.00379912
 0.00822939 0.0133271 0.0199808 0.0281026 0.0374096 0.0472946 0.056791 0.0648015 0.0704924 0.073548 0.0741084 0.0725225 0.0691547 0.0643369 0.058401 0.0517052 0.0446257 0.0375222 0.0306986 0.0243798 0.0187143 0.0137957 0.0096844 0.00641116 0.00396227
 0.00884229 0.0143123 0.0214329 0.0300755 0.0398728 0.0500812 0.0595668 0.0670993 0.0718311 0.0735961 0.0728126 0.0701375 0.0661635 0.0612983 0.0557856 0.0497804 0.0434269 0.0369075 0.0304497 0.0242965 0.0186674 0.0137325 0.00960349 0.00633049 0.00389737
 0.00872171 0.0141889 0.0213835 0.0302213 0.0403531 0.0510048 0.0609583 0.0688619 0.0737388 0.0753241 0.0740087 0.0705251 0.065642 0.0599924 0.0540092 0.047925 0.0418262 0.0357438 0.0297365 0.023931 0.0185094 0.0136671 0.00956522 0.00629619 0.00386589
#pred catch len freq
 0.00359014 0.005774 0.00860781 0.0121004 0.0162675 0.021092 0.0264596 0.0321398 0.0378322 0.0432321 0.0480785 0.0521852 0.0554629 0.057915 0.0596042 0.0606111 0.061005 0.0608219 0.0600261 0.0584467 0.0557404 0.0514693 0.0453394 0.0375025 0.0286962
 0.00382545 0.00607674 0.00891972 0.012328 0.01632 0.0209346 0.0261463 0.0317968 0.0375934 0.0431656 0.0481506 0.0522845 0.0554653 0.0577526 0.0593025 0.0602794 0.0607866 0.060826 0.0602706 0.0588439 0.0561351 0.0517128 0.0453579 0.0373203 0.0284052
 0.00400952 0.00638748 0.00940185 0.0130123 0.0171958 0.0219206 0.0270851 0.0324965 0.0379104 0.0430784 0.047768 0.0517749 0.0549582 0.0572843 0.0588386 0.0597829 0.0602728 0.0603623 0.0599287 0.0586434 0.0560238 0.051598 0.0451645 0.0370332 0.0280683
 0.00423256 0.00673611 0.0099041 0.013694 0.0180854 0.0230472 0.028459 0.0340727 0.0395547 0.0445708 0.0488619 0.0522925 0.0548626 0.0566775 0.0578902 0.0586492 0.0590602 0.0591408 0.0587543 0.0575603 0.0550502 0.0507227 0.0443672 0.0363108 0.027443
 0.00450747 0.00716594 0.0105199 0.0145156 0.0191223 0.0242995 0.0299163 0.0357101 0.0413253 0.0463913 0.0505957 0.0537479 0.0558275 0.0569869 0.0574904 0.0576152 0.057556 0.057355 0.0568523 0.0556671 0.0532533 0.0490813 0.042923 0.0350956 0.0264791
