SBPRF35
9.12504
Curr Bio
685333
B35
608902
F35
0.198171
FOFL
0.198171
OFL
108399
Bzero
2.60716e+006
#pred survey bio
 2.74003e+006 2.49604e+006 2.3133e+006 2.05724e+006 1.83129e+006 1.63825e+006 1.39644e+006 1.26256e+006 1.1329e+006 1.0247e+006 908810 781067 685138 640623 612270 600109 559221 565950 581989 591266 601101 576355 544359 493014 502975 521676 550406 554336 521652 506186 515639 530407 528050 541038 556039 566996 572995 566613 564006 567281 565811 564063 554573 568385 590934 620425 596143 542483 578562 563297 541314 561908 633936 649820 658966 653330 630335 632541 687284 694643 1.61287e+007 1.51392e+007 1.56733e+007 1.63736e+007 1.71324e+007 1.78567e+007 1.84928e+007 1.90204e+007 1.94411e+007 1.97676e+007 2.00164e+007 2.02038e+007 2.0344e+007 2.04486e+007 2.05267e+007 2.05851e+007 2.06289e+007 2.06619e+007 2.06869e+007 2.07058e+007 2.07203e+007 2.07314e+007 2.074e+007 2.07466e+007 2.07517e+007 2.07557e+007 2.07587e+007 2.07611e+007 2.0763e+007 2.07645e+007 2.07656e+007 2.07666e+007 2.07673e+007 2.07678e+007 2.07683e+007 2.07686e+007 2.07689e+007 2.07691e+007 2.07693e+007 2.07694e+007 2.07695e+007 2.07696e+007 2.07697e+007 2.07697e+007 2.07697e+007 2.07698e+007 2.07698e+007 2.07698e+007 2.07698e+007 2.07699e+007 2.07699e+007 2.07699e+007 2.07699e+007 2.07699e+007 2.07699e+007 2.07699e+007 2.07699e+007 2.07699e+007 2.07699e+007 2.07699e+007 2.07699e+007 2.07699e+007 2.07699e+007 2.07699e+007 2.07699e+007 2.07699e+007 2.07699e+007 2.07699e+007 2.07699e+007 2.07699e+007 2.07699e+007 2.07699e+007 2.07699e+007 2.07699e+007 2.07699e+007 2.07699e+007 2.07699e+007 2.07699e+007 2.07699e+007 2.07699e+007 2.07699e+007 2.07699e+007 2.07699e+007 2.07699e+007 2.07699e+007 2.07699e+007 2.07699e+007 2.07699e+007 2.07699e+007 2.07699e+007 2.07699e+007 2.07699e+007 2.07699e+007 2.07699e+007 2.07699e+007 2.07699e+007 2.07699e+007 2.07699e+007 2.07699e+007 2.07699e+007 0 0 0 0 0 0 0 0 0 0 0 0 0 0 0 0 0 0 0 0 0 0 0 0 0
#obs survey bio
 2.77308e+006 2.78357e+006 2.50917e+006 1.70848e+006 2.15273e+006 1.61063e+006 1.27181e+006 1.22964e+006 1.12215e+006 942161 861176 730058 675656 658149 742019 705546 633164 602650 590535 457566 666790 576569 714914 289670 585240 421791 544992 596968 454400 450748 422830 717833 471060 661602 488962 500004 625360 976447 546821 585105 480159 600542 410545 614236 586015 717490 585933 639462 588357 675554 475273 659720 706609 596203 593958 699864 767156 549076 759548 588769
#pred catch bio
 344249 302389 315027 323094 309361 348042 262615 280585 264217 254906 231831 210666 174033 168999 154820 168996 122630 121953 120305 112116 116000 99037.1 98638.7 102295 96939.4 92662.4 100160 103265 97558.5 93911 97496.2 90791.5 88976.3 83430.3 88977.9 87970.7 83187.3 82289.2 89083.3 92649.8 92978.7 97186.5 91045.4 90804.1 90695.3 85350.6 136560 53920.1 94007.5 90844.8 87528.5 52929.9 103308 106457 114207 109056 117335 71881.9 113151 115110 108399 110974 113952 118192 123049 127679 131661 134860 137310 139120 140420 141335 141969 142402 142694 142891 143021 143108 143165 143203 143227 143244 143254 143261 143265 143268 143270 143271 143272 143273 143273 143273 143273 143274 143274 143274 143274 143274 143274 143274 143274 143274 143274 143274 143274 143274 143274 143274 143274 143274 143274 143274 143274 143274 143274 143274 143274 143274 143274 143274 143274 143274 143274 143274 143274 143274 143274 143274 143274 143274 143274 143274 143274 143274 143274 143274 143274 143274 143274 143274 143274 143274 143274 143274 143274 143274 143274 143274 143274 143274 143274 143274 143274 143274 143274 143274 143274 143274 143274 143274 0 0 0 0 0 0 0 0 0 0 0 0 0 0 0 0 0 0 0 0 0 0 0 0 0
#obs catch bio
 239936 302382 314505 323406 309169 348877 261820 281260 264721 255462 230938 210864 173886 169593 154981 169468 122198 122300 120305 112117 116049 98845 98194.4 103211 96939.1 92736.6 100191 103044 97496.6 94004.9 97977.1 90538.5 89134.9 83302.5 89040.1 88008 83083.7 82203.8 89159.3 92667.3 92952.7 97199.4 91067.2 90821.2 90936.1 84743.5 138362 53333 94401.4 90702.8 88042.8 52473.8 103775 106410 114344 108718 118131 71363.2 113463 115109
#pred cpue bio
 2.70574e+006 2.46257e+006 2.27942e+006 2.02438e+006 1.79931e+006 1.60705e+006 1.367e+006 1.23366e+006 1.10449e+006 996846 882153 756471 662031 618092 590038 578084 538108 544494 559854 568796 578338 554496 523845 474386 483725 501942 529905 533935 502623 487722 496976 511260 508016 518612 532211 542748 548706 542821 540541 543735 542397 540798 531678 544868 566493 594909 571969 519054 554491 540425 519322 538676 608960 624590 632900 626639 604084 605431 658655 665905 1.54579e+007 1.45154e+007 1.499e+007 1.56455e+007 1.63935e+007 1.7116e+007 1.77519e+007 1.82795e+007 1.87002e+007 1.90267e+007 1.92754e+007 1.94628e+007 1.96031e+007 1.97077e+007 1.97858e+007 1.98442e+007 1.9888e+007 1.9921e+007 1.99459e+007 1.99649e+007 1.99794e+007 1.99905e+007 1.9999e+007 2.00056e+007 2.00108e+007 2.00147e+007 2.00178e+007 2.00202e+007 2.00221e+007 2.00236e+007 2.00247e+007 2.00256e+007 2.00263e+007 2.00269e+007 2.00273e+007 2.00277e+007 2.0028e+007 2.00282e+007 2.00283e+007 2.00285e+007 2.00286e+007 2.00287e+007 2.00287e+007 2.00288e+007 2.00288e+007 2.00289e+007 2.00289e+007 2.00289e+007 2.00289e+007 2.00289e+007 2.00289e+007 2.00289e+007 2.0029e+007 2.0029e+007 2.0029e+007 2.0029e+007 2.0029e+007 2.0029e+007 2.0029e+007 2.0029e+007 2.0029e+007 2.0029e+007 2.0029e+007 2.0029e+007 2.0029e+007 2.0029e+007 2.0029e+007 2.0029e+007 2.0029e+007 2.0029e+007 2.0029e+007 2.0029e+007 2.0029e+007 2.0029e+007 2.0029e+007 2.0029e+007 2.0029e+007 2.0029e+007 2.0029e+007 2.0029e+007 2.0029e+007 2.0029e+007 2.0029e+007 2.0029e+007 2.0029e+007 2.0029e+007 2.0029e+007 2.0029e+007 2.0029e+007 2.0029e+007 2.0029e+007 2.0029e+007 2.0029e+007 2.0029e+007 2.0029e+007 2.0029e+007 2.0029e+007 2.0029e+007 2.0029e+007 2.0029e+007 0 0 0 0 0 0 0 0 0 0 0 0 0 0 0 0 0 0 0 0 0 0 0 0 0
#obs cpue bio
 3.08886e+006 1.88089e+006 2.92331e+006 2.01666e+006 1.5022e+006 1.77926e+006 1.51014e+006 1.11745e+006 1.0468e+006 1.07466e+006 1.25832e+006 687768 664031 510800 479482 549852 507891 393321 654455 666167 587860 557665 547774 351352 638170 530840 596344 621850 518852 469597 473084 596609 431888 492733 569112 608303 553899 311020 514889 550364 633047 543057 644161 516661 455680 840865 384886 507748 552954 513103 427274 535275 564488 665077 673392 732349 350306 837276 608464 764142
#pred surv len freq
 0.00463069 0.00763159 0.0116944 0.0168589 0.0230172 0.0298097 0.036612 0.042707 0.0475604 0.0509909 0.0531275 0.0542423 0.0546087 0.0544456 0.0539204 0.0531713 0.0523289 0.0515113 0.050764 0.0499456 0.0486296 0.0461547 0.0419007 0.0356907 0.0280458
 0.0050436 0.00825178 0.012535 0.017905 0.0242383 0.0311768 0.0381015 0.0442863 0.0491644 0.0525099 0.0544227 0.055186 0.0551301 0.0545553 0.0536981 0.0527215 0.0517252 0.0507567 0.049786 0.0486354 0.0469145 0.0440691 0.0396123 0.0334566 0.0261177
 0.00519092 0.00854629 0.013076 0.0188082 0.0255962 0.0330032 0.0402934 0.046637 0.0514307 0.0544925 0.0560074 0.0563298 0.0558217 0.0547912 0.0534886 0.0521052 0.0507655 0.0495122 0.0482792 0.0468494 0.0448324 0.0417349 0.0371684 0.031123 0.0241168
 0.00542408 0.00890515 0.0135834 0.0194853 0.0264745 0.0341336 0.0417372 0.0484308 0.0535388 0.0567774 0.0582461 0.0582749 0.0572737 0.0556403 0.053712 0.0517389 0.049875 0.0481711 0.046554 0.0447943 0.042504 0.0392251 0.0346298 0.0287561 0.0221144
 0.00562769 0.00925823 0.0141534 0.0203431 0.0276728 0.035679 0.0435716 0.0504432 0.0556042 0.0587957 0.0601474 0.0599909 0.0587054 0.0566581 0.0541898 0.0515957 0.0490947 0.0467951 0.0446597 0.0424788 0.0398848 0.0364522 0.0318924 0.0262625 0.0200437
 0.00577986 0.00951578 0.0145617 0.0209551 0.0285438 0.0368528 0.045062 0.0522165 0.0575739 0.0608333 0.062109 0.061747 0.0601575 0.0577322 0.0548181 0.0517078 0.0486285 0.0457209 0.0429995 0.0403128 0.0373491 0.0337324 0.0292084 0.0238352 0.018047
 0.00618005 0.0101482 0.0154793 0.0221948 0.0301195 0.038747 0.047215 0.0545251 0.0599036 0.0630411 0.0640633 0.0633387 0.0613048 0.0583829 0.0549459 0.0513003 0.0476761 0.0442161 0.0409539 0.037784 0.0344625 0.0306842 0.0262415 0.02119 0.0159022
 0.00634327 0.0104287 0.0159292 0.0228707 0.0310694 0.0399896 0.048723 0.0562227 0.0616855 0.0647991 0.0657053 0.0647906 0.0625015 0.0592602 0.0554403 0.0513541 0.0472433 0.0432678 0.0394873 0.0358397 0.0321433 0.0281629 0.0237411 0.0189362 0.0140653
 0.00654286 0.010768 0.0164674 0.0236724 0.032191 0.0414569 0.050508 0.0582342 0.0637805 0.066812 0.0674813 0.0662117 0.0634989 0.0598098 0.0555451 0.0510237 0.0464802 0.0420678 0.0378536 0.0338063 0.0297994 0.0256633 0.0212907 0.0167448 0.0122904
 0.00670858 0.0110438 0.0168953 0.0242977 0.0330562 0.0425901 0.0519082 0.0598608 0.0655525 0.0686159 0.0691846 0.067681 0.0646195 0.0605028 0.0557746 0.0507897 0.0458028 0.0409723 0.0363684 0.0319758 0.0277064 0.0234427 0.0191201 0.014807 0.0107232
 0.00690911 0.0113718 0.0173921 0.0250029 0.033999 0.043777 0.0533111 0.0614142 0.0671638 0.0701836 0.0706131 0.0688858 0.0655277 0.0610542 0.0559263 0.0505215 0.0451181 0.0398941 0.0349355 0.030246 0.0257664 0.021417 0.0171636 0.0130752 0.00933112
 0.0071046 0.0116921 0.0178786 0.0256947 0.0349243 0.0449397 0.0546777 0.0629101 0.0686852 0.0716192 0.0718649 0.0698808 0.0662185 0.061414 0.0559414 0.0501866 0.0444354 0.0388769 0.0336134 0.0286715 0.0240217 0.0196163 0.0154424 0.0115649 0.00812545
 0.00730986 0.012027 0.0183846 0.02641 0.0358752 0.046127 0.0560634 0.0644136 0.0701947 0.0730142 0.0730386 0.0707545 0.0667476 0.0615853 0.0557654 0.0496868 0.0436394 0.037813 0.0323146 0.027185 0.0224185 0.0179942 0.0139158 0.0102419 0.00707987
 0.007346 0.0120902 0.0184889 0.0265738 0.0361211 0.0464791 0.0565424 0.0650307 0.0709446 0.0738696 0.0739479 0.0716463 0.0675404 0.062202 0.0561452 0.0497927 0.0434583 0.037352 0.0315981 0.0262557 0.0213405 0.0168534 0.0128116 0.00926803 0.00630158
 0.00736321 0.0121279 0.0185637 0.0267071 0.0363342 0.0467856 0.0569422 0.0655093 0.0714794 0.074437 0.0745267 0.0722148 0.0680705 0.0626555 0.0564765 0.0499563 0.0434183 0.0370901 0.0311176 0.0255837 0.0205284 0.015974 0.0119492 0.0085018 0.00568692
 0.00734117 0.0120852 0.0184878 0.0265861 0.0361637 0.0465787 0.0567351 0.065357 0.0714393 0.07455 0.0748046 0.0726393 0.0686012 0.0632388 0.0570522 0.0504618 0.0437945 0.0372894 0.0311133 0.0253764 0.0201491 0.0154799 0.0114133 0.00799618 0.00526577
 0.00776359 0.0127117 0.0193173 0.0275744 0.0372319 0.0476295 0.0576689 0.0660851 0.0718981 0.0747152 0.0746973 0.0723184 0.0681435 0.0627173 0.05652 0.0499456 0.0432954 0.0367898 0.0305894 0.024812 0.0195465 0.0148642 0.0108261 0.007482 0.00485703
 0.00780134 0.0127749 0.0194142 0.0277092 0.0373984 0.047805 0.0578133 0.0661523 0.0718572 0.0745701 0.0744918 0.0721195 0.068014 0.0626929 0.056602 0.0501061 0.04349 0.0369691 0.0307084 0.0248393 0.0194713 0.0146996 0.0106053 0.00724764 0.00464695
 0.00783071 0.0128165 0.0194657 0.0277658 0.0374551 0.0478593 0.0578659 0.0662024 0.0718973 0.0745844 0.0744634 0.0720431 0.0679058 0.0625879 0.056539 0.0501097 0.043559 0.0370783 0.0308188 0.0249121 0.0194809 0.0146409 0.0104935 0.0071106 0.00451386
 0.007936 0.0129629 0.0196403 0.0279407 0.0375952 0.0479351 0.0578639 0.0661292 0.0717747 0.0744405 0.0743223 0.0719187 0.0678018 0.062504 0.056478 0.0500802 0.0435693 0.0371275 0.030892 0.0249839 0.0195257 0.0146431 0.0104538 0.00704304 0.00443828
 0.00789526 0.0129103 0.019585 0.0278967 0.0375733 0.0479332 0.0578622 0.0660969 0.0716867 0.0742941 0.0741429 0.0717492 0.0676833 0.0624595 0.0565088 0.0501723 0.0437043 0.0372878 0.0310607 0.0251429 0.0196565 0.0147322 0.0104973 0.00704855 0.00442033
 0.0079827 0.0130323 0.0197322 0.0280496 0.0377103 0.0480406 0.0579402 0.0661544 0.0717287 0.0743121 0.0741168 0.0716613 0.0675335 0.0622701 0.0563156 0.0500089 0.0435906 0.0372275 0.0310452 0.0251568 0.0196822 0.0147544 0.0105066 0.00704301 0.00440445
 0.00794434 0.012976 0.019658 0.0279596 0.0376058 0.0479194 0.0577975 0.0659881 0.0715481 0.0741407 0.0739858 0.0715958 0.0675404 0.0623375 0.0564224 0.0501377 0.0437326 0.0373794 0.0312031 0.0253124 0.0198241 0.0148713 0.0105918 0.00709645 0.00443187
 0.00795401 0.0129953 0.0196936 0.0280195 0.0376968 0.0480431 0.0579455 0.0661407 0.0716767 0.0742159 0.0739876 0.0715222 0.0674083 0.0621758 0.0562606 0.0499966 0.0436229 0.0373042 0.0311611 0.025299 0.0198313 0.0148891 0.0106108 0.00711046 0.00443894
 0.00784626 0.0128604 0.0195646 0.027951 0.0377485 0.0482548 0.058316 0.066624 0.0721961 0.0746874 0.074341 0.0717133 0.0674242 0.062034 0.056002 0.0496736 0.0432858 0.0369919 0.030897 0.0250924 0.0196807 0.0147864 0.0105447 0.00706963 0.00441425
 0.00790973 0.0129093 0.0195415 0.0277792 0.0373652 0.0476553 0.0575836 0.0659155 0.0716838 0.0744879 0.0744728 0.0721034 0.067951 0.0625768 0.0564751 0.0500369 0.0435384 0.0371564 0.0310032 0.0251658 0.0197375 0.0148337 0.0105836 0.00709943 0.00443469
 0.007771 0.0127195 0.0193183 0.0275516 0.0371538 0.047449 0.0573332 0.0655592 0.0711967 0.0739221 0.0739535 0.0717768 0.067914 0.0628351 0.0569509 0.0506138 0.0441102 0.0376556 0.0314044 0.0254726 0.019966 0.0150009 0.0107032 0.00718138 0.00448742
 0.00767801 0.0125679 0.0190918 0.0272413 0.0367663 0.0470149 0.0569057 0.0651972 0.0709367 0.0737591 0.0738514 0.0717038 0.067876 0.0628756 0.0571182 0.0509224 0.0445267 0.0381156 0.0318431 0.0258467 0.0202592 0.0152167 0.010854 0.00728159 0.00455025
 0.00775414 0.0126702 0.0192058 0.0273388 0.036812 0.0469782 0.0567725 0.0649767 0.0706603 0.07347 0.0735887 0.071489 0.0677113 0.062757 0.0570504 0.0509224 0.04461 0.0382797 0.0320618 0.0260807 0.020473 0.0153891 0.0109797 0.00736594 0.00460266
 0.00769194 0.012597 0.0191454 0.0273266 0.0368798 0.0471332 0.056984 0.0651817 0.0707881 0.0734741 0.0734652 0.0712732 0.0674573 0.0625143 0.0568519 0.0507855 0.0445428 0.038284 0.0321302 0.0261947 0.0206062 0.0155163 0.011084 0.00744122 0.00465135
 0.00769663 0.0125825 0.0190854 0.0271892 0.0366439 0.0468087 0.056622 0.0648617 0.0705836 0.0734165 0.0735314 0.0714041 0.0675934 0.0626227 0.0569319 0.0508557 0.0446251 0.0383929 0.0322691 0.0263563 0.0207755 0.0156751 0.0112172 0.00754114 0.00471848
 0.00844225 0.0136374 0.0203806 0.0285584 0.0378664 0.0476825 0.0570267 0.0647837 0.0701022 0.0726675 0.0726649 0.0705461 0.0668198 0.0619567 0.0563628 0.0503647 0.0442034 0.0380431 0.0319979 0.0261655 0.0206575 0.0156141 0.011194 0.00753829 0.00472344
 0.00922147 0.0148578 0.0221205 0.030833 0.0405944 0.0506537 0.0598945 0.0671172 0.0715078 0.0729295 0.0718216 0.068856 0.0646454 0.0596385 0.0541415 0.0483684 0.0424763 0.0365865 0.0307991 0.0252093 0.0199257 0.0150822 0.0108299 0.00730511 0.00458449
 0.00912698 0.0148378 0.0223352 0.031507 0.0419497 0.0528046 0.0627545 0.0703748 0.0746915 0.0755331 0.0734391 0.069281 0.0639092 0.0579767 0.0519046 0.0459132 0.0400844 0.0344333 0.0289669 0.023719 0.0187649 0.0142202 0.0102246 0.00690674 0.00434084
 0.00887737 0.0144369 0.0217512 0.0307415 0.0410703 0.0519762 0.0622394 0.0704709 0.07561 0.0772728 0.0757373 0.0716842 0.065932 0.0592662 0.0523339 0.0455763 0.0392164 0.0333061 0.0278085 0.0226779 0.0179128 0.0135736 0.00976688 0.0066049 0.00415643
 0.00880723 0.0143106 0.0215382 0.0304055 0.0405794 0.0513218 0.0614616 0.0696794 0.0749851 0.0770305 0.0760566 0.0726186 0.0673535 0.0608855 0.0537993 0.0466042 0.0396818 0.0332548 0.0273998 0.0221019 0.017326 0.0130713 0.00938695 0.00634535 0.00399495
 0.00880989 0.0143028 0.0215034 0.0303188 0.0404107 0.0510435 0.0610578 0.0691564 0.0743819 0.0764281 0.0755777 0.0724066 0.0675248 0.0614698 0.0547034 0.0476286 0.0405942 0.0338796 0.0276753 0.0220782 0.0171165 0.0127948 0.00912855 0.00614636 0.00386216
 0.00875232 0.0142162 0.0213855 0.0301703 0.0402328 0.0508343 0.0608109 0.0688636 0.0740394 0.0760459 0.0751886 0.0720712 0.0673254 0.06149 0.0549921 0.0481664 0.0412834 0.0345737 0.0282361 0.0224278 0.0172556 0.0127814 0.0090387 0.00604175 0.00377661
 0.00868571 0.0141129 0.0212396 0.0299807 0.0400043 0.0505782 0.0605444 0.0686064 0.0738076 0.0758462 0.0750186 0.0719279 0.0672182 0.0614476 0.0550576 0.0483762 0.0416407 0.0350335 0.0287154 0.0228383 0.0175398 0.0129302 0.00908249 0.00602636 0.00374127
 0.00860623 0.0140029 0.0211094 0.0298511 0.0398998 0.0505163 0.0605279 0.0686226 0.0738349 0.0758626 0.0750077 0.0718817 0.0671381 0.0613473 0.0549639 0.0483256 0.0416667 0.0351499 0.0289045 0.0230557 0.017734 0.0130657 0.00915132 0.0060435 0.00373054
 0.0085876 0.0139677 0.0210484 0.0297556 0.0397675 0.0503577 0.0603692 0.0684994 0.0737774 0.0758805 0.0750845 0.0719825 0.0672259 0.0613981 0.0549743 0.0483115 0.0416559 0.0351694 0.0289682 0.0231571 0.0178499 0.0131684 0.00922247 0.00607999 0.00374105
 0.00853544 0.0138939 0.020957 0.0296563 0.0396708 0.0502699 0.0602899 0.0684247 0.0737074 0.0758242 0.0750575 0.0719971 0.0672819 0.0614805 0.0550609 0.0483849 0.0417118 0.0352164 0.0290198 0.023222 0.0179256 0.0132436 0.00928442 0.00612139 0.00376263
 0.0086646 0.0140744 0.0211748 0.0298808 0.0398655 0.0504069 0.0603602 0.0684374 0.0736788 0.0757664 0.074975 0.0718915 0.067158 0.0613479 0.0549299 0.0482623 0.0416003 0.0351184 0.0289397 0.0231647 0.017893 0.0132319 0.0092852 0.00612621 0.00376611
 0.00867878 0.0141071 0.0212403 0.0299941 0.0400332 0.050617 0.0605768 0.0686097 0.0737617 0.0757422 0.0748602 0.0717253 0.0669821 0.0611904 0.0548021 0.0481635 0.0415252 0.0350614 0.0288974 0.0231358 0.0178769 0.0132269 0.00928796 0.00613219 0.0037717
 0.00867772 0.0141003 0.0212217 0.0299575 0.0399772 0.0505496 0.0605168 0.0685795 0.0737749 0.0757933 0.0749261 0.0717783 0.0670055 0.0611855 0.0547828 0.0481455 0.0415175 0.0350656 0.0289104 0.0231536 0.0178968 0.0132468 0.00930633 0.00614756 0.0037831
 0.00861779 0.0140103 0.0210997 0.0298063 0.0398028 0.0503597 0.0603214 0.0683929 0.0736172 0.0756882 0.0748933 0.0718243 0.0671192 0.0613424 0.0549559 0.0483146 0.0416731 0.0352052 0.029034 0.0232607 0.0179865 0.0133187 0.0093608 0.00618633 0.00380869
 0.00866919 0.0140625 0.0211213 0.0297515 0.0396262 0.0500396 0.0598766 0.0678823 0.0731213 0.0752825 0.0746288 0.0717223 0.0671745 0.0615301 0.055238 0.0486482 0.0420183 0.0355319 0.0293238 0.0235053 0.0181839 0.0134706 0.0094717 0.00626234 0.00385715
 0.00895243 0.0145731 0.0219754 0.0310687 0.0414785 0.0523809 0.0624946 0.0704191 0.0751717 0.0765256 0.0749219 0.0711152 0.0658575 0.0597572 0.0532599 0.0466698 0.040182 0.0339199 0.0279711 0.0224156 0.0173419 0.0128497 0.0090378 0.00597757 0.00368314
 0.00837287 0.0136475 0.0206239 0.0292563 0.0392547 0.0499218 0.0601172 0.0685265 0.0741271 0.076511 0.0758683 0.072747 0.0678165 0.061728 0.0550394 0.0481716 0.041402 0.0348934 0.0287417 0.0230198 0.0178065 0.0131955 0.00928342 0.00614202 0.00378581
 0.00853945 0.0138631 0.0208438 0.0293988 0.0392164 0.0496093 0.0594845 0.0676071 0.0730473 0.0754731 0.0750963 0.0724079 0.0679552 0.0622547 0.0557782 0.048939 0.042069 0.0354059 0.0291042 0.023265 0.0179705 0.0133058 0.00935776 0.00619106 0.00381667
 0.00878539 0.0142421 0.0213719 0.0300669 0.0399809 0.0503838 0.0601397 0.0679912 0.0730314 0.0750076 0.074248 0.071352 0.066919 0.0614367 0.0552825 0.0487555 0.0421044 0.0355422 0.0292487 0.0233713 0.018031 0.0133326 0.00936639 0.00619245 0.00381625
 0.00863309 0.0140618 0.0212238 0.0300455 0.0401854 0.0508718 0.060888 0.0688867 0.0738992 0.0756623 0.0745476 0.0712398 0.0664405 0.060726 0.0545164 0.0480921 0.041634 0.0352731 0.0291309 0.0233369 0.0180263 0.0133301 0.00935896 0.00618245 0.0038073
 0.00822215 0.0133822 0.0201875 0.0285856 0.0382962 0.0486586 0.0585947 0.066862 0.0724937 0.0751016 0.0748542 0.0722445 0.0678698 0.0623091 0.0560624 0.0495127 0.0429175 0.0364368 0.030182 0.0242599 0.0187956 0.0139287 0.00979026 0.00646924 0.003983
 0.00851896 0.0138119 0.0207323 0.0291844 0.0388488 0.0490418 0.0586892 0.0665891 0.0718551 0.0742019 0.0738808 0.0714017 0.0672989 0.0620436 0.0560406 0.0496328 0.0430942 0.0366271 0.0303768 0.0244598 0.0189936 0.0141093 0.00993801 0.00657675 0.00405264
 0.00867372 0.0140835 0.0211742 0.0298482 0.0397588 0.0501611 0.0598947 0.0676811 0.0726094 0.0744469 0.0735612 0.0705997 0.0662023 0.0608763 0.0549881 0.048796 0.0424881 0.0362143 0.0301068 0.024292 0.0189001 0.0140682 0.00992921 0.00658331 0.00406295
 0.00874152 0.0142081 0.0213894 0.0301974 0.0402877 0.050903 0.0608504 0.0687996 0.0737782 0.0755001 0.0743123 0.0708944 0.065974 0.0601746 0.0539633 0.0476435 0.0413836 0.0352705 0.0293661 0.0237472 0.0185201 0.0138167 0.00977242 0.00649207 0.00401371
 0.00885241 0.0143667 0.0215894 0.030423 0.0405241 0.0511495 0.0611288 0.0691486 0.0742331 0.0760659 0.0749429 0.0714906 0.0664064 0.0603276 0.0537801 0.047152 0.0406849 0.0344984 0.0286406 0.0231436 0.0180649 0.0135008 0.0095691 0.00637043 0.00394622
 0.00893677 0.0145215 0.0218528 0.0308351 0.04111 0.0518975 0.0619767 0.0699939 0.0749682 0.0766182 0.075294 0.071662 0.0664255 0.0601993 0.0534854 0.0466706 0.0400259 0.0337151 0.0278195 0.0223762 0.0174191 0.0130073 0.00922431 0.00614923 0.00381572
 0.00859597 0.0139757 0.0210516 0.0297502 0.0397562 0.0503568 0.0604107 0.0686235 0.0740156 0.0762361 0.075522 0.0724301 0.0675922 0.0615948 0.054941 0.0480369 0.0411887 0.0346107 0.0284416 0.0227663 0.0176432 0.0131304 0.00929375 0.00619201 0.00384395
 0.00868956 0.0141117 0.0212242 0.029938 0.0399214 0.0504489 0.0603761 0.0684237 0.0736494 0.0757549 0.075023 0.0720262 0.0673715 0.0615921 0.0551325 0.0483555 0.041548 0.0349303 0.0286675 0.0228812 0.017664 0.0130929 0.00923501 0.00613763 0.00380497
#obs surv len freq
 0.00496747 0.00813605 0.0123743 0.0176957 0.023974 0.0308445 0.0376833 0.0437683 0.0485499 0.0518264 0.0537149 0.0544985 0.0544953 0.0540014 0.0532773 0.0525374 0.0519275 0.051483 0.0510659 0.050307 0.0486239 0.0453857 0.0402152 0.0332813 0.0253659
 0.00518223 0.00848796 0.0129091 0.0184575 0.0249972 0.0321398 0.0392241 0.0454859 0.0503433 0.0535814 0.0553216 0.0558605 0.0555306 0.054641 0.0534654 0.0522351 0.0511203 0.0501896 0.0493452 0.0482615 0.0463968 0.0431488 0.0381446 0.0315237 0.0240069
 0.0054094 0.00886062 0.0134763 0.0192675 0.0260883 0.0335263 0.0408812 0.0473437 0.0522957 0.0555059 0.0570982 0.0573833 0.056712 0.0554106 0.0537674 0.0520259 0.0503716 0.0488975 0.047545 0.0460426 0.0439091 0.0405925 0.0357379 0.0294563 0.0223952
 0.00564352 0.00924385 0.0140582 0.0200961 0.0272022 0.0349403 0.0425715 0.0492421 0.0542985 0.0574921 0.0589481 0.0589894 0.057983 0.0562723 0.0541598 0.0519018 0.0496959 0.0476539 0.0457513 0.0437714 0.0413036 0.0378621 0.0331261 0.0271848 0.0206082
 0.00589221 0.00965148 0.0146778 0.0209792 0.0283885 0.0364424 0.0443585 0.051235 0.0563813 0.0595353 0.060829 0.0606038 0.0592472 0.0571201 0.0545389 0.0517693 0.0490172 0.046408 0.0439455 0.0414651 0.0386289 0.0350268 0.0303839 0.0247765 0.0186982
 0.00614896 0.0100716 0.015315 0.0218855 0.0296038 0.0379791 0.0461849 0.0532694 0.0585032 0.061608 0.0627229 0.0622098 0.0604815 0.0579224 0.054867 0.051592 0.0483092 0.0451524 0.0421471 0.0391738 0.0359649 0.0321877 0.0276199 0.0223327 0.0167475
 0.00636698 0.010431 0.0158656 0.0226768 0.0306769 0.0393509 0.0478331 0.055126 0.0604637 0.0635505 0.0645269 0.0637684 0.0617066 0.0587468 0.0552423 0.0514846 0.0476957 0.0440189 0.040499 0.0370557 0.0334844 0.0295257 0.0250105 0.0200102 0.0148826
 0.00661378 0.0108331 0.0164722 0.0235343 0.0318193 0.0407859 0.0495276 0.0570012 0.0624059 0.0654333 0.066232 0.0651977 0.0627857 0.0594231 0.0554813 0.0512644 0.0470026 0.0428475 0.0388595 0.0349922 0.0310963 0.0269786 0.0225196 0.0177933 0.0130997
 0.00684803 0.0112185 0.0170602 0.0243749 0.0329499 0.0422148 0.0512174 0.0588642 0.0643185 0.067261 0.0678533 0.0665173 0.0637375 0.0599668 0.0555965 0.0509439 0.0462463 0.0416605 0.0372593 0.0330238 0.0288514 0.0246062 0.0202119 0.0157447 0.0114536
 0.00706437 0.0115729 0.0175987 0.0251419 0.0339799 0.0435184 0.0527663 0.0605854 0.0661027 0.0689823 0.0693904 0.0677683 0.0646286 0.0604537 0.0556616 0.0505884 0.0454822 0.0405064 0.0357427 0.0311937 0.0267941 0.0224544 0.0181334 0.0139078 0.00998129
 0.00726241 0.0119017 0.0181059 0.0258754 0.0349766 0.0447879 0.054275 0.0622521 0.0678118 0.0706077 0.0708167 0.0689041 0.0654091 0.060841 0.0556416 0.0501669 0.044679 0.0393504 0.0342725 0.0294648 0.0248906 0.0204955 0.0162642 0.0122702 0.00867672
 0.00741272 0.0121484 0.018482 0.0264142 0.0357068 0.0457243 0.0554077 0.0635397 0.0691835 0.0719726 0.0720771 0.0699676 0.0661992 0.0613038 0.0557476 0.0499089 0.0440677 0.0384109 0.0330437 0.0280032 0.023277 0.0188374 0.0146872 0.0108935 0.00758318
 0.00751461 0.0123124 0.0187262 0.0267553 0.036159 0.0462958 0.0560972 0.0643335 0.0700551 0.0728851 0.0729843 0.0708147 0.0669252 0.0618466 0.0560523 0.049935 0.0437946 0.0378395 0.032197 0.0269278 0.022045 0.0175451 0.0134439 0.00980156 0.00671326
 0.00758252 0.0124198 0.0188823 0.0269674 0.0364314 0.0466298 0.0564898 0.0647774 0.0705405 0.0734016 0.0735206 0.0713555 0.067446 0.0623108 0.0564122 0.0501388 0.0437958 0.0376072 0.0317245 0.0262376 0.0211904 0.0166061 0.012515 0.00897169 0.00604527
 0.00767124 0.0125554 0.0190705 0.0272073 0.0367167 0.0469496 0.0568296 0.0651207 0.0708717 0.0737102 0.0738036 0.071616 0.0676883 0.0625331 0.0566008 0.0502661 0.0438238 0.0374968 0.0314481 0.0257911 0.0206004 0.0159286 0.0118246 0.00834292 0.00553282
 0.00770604 0.0126123 0.0191564 0.0273281 0.0368752 0.0471428 0.057047 0.0653458 0.071087 0.0739031 0.0739707 0.0717623 0.0678229 0.0626633 0.0567266 0.0503762 0.0438947 0.0374964 0.0313444 0.0255647 0.0202552 0.0154963 0.0113581 0.0079012 0.0051631
 0.00777847 0.012719 0.0192964 0.0274941 0.0370557 0.0473269 0.0572267 0.0655158 0.0712423 0.0740375 0.0740778 0.0718381 0.0678686 0.0626855 0.0567341 0.0503743 0.04388 0.0374548 0.0312548 0.0254071 0.0200223 0.0152006 0.0110314 0.00758466 0.00489296
 0.00781849 0.0127848 0.0193963 0.0276344 0.0372374 0.0475418 0.0574553 0.0657305 0.0714162 0.0741542 0.0741358 0.0718478 0.0678449 0.0626417 0.0566797 0.0503148 0.0438164 0.0373825 0.0311631 0.0252828 0.0198567 0.0149963 0.0108052 0.00736251 0.00470031
 0.00782792 0.0127946 0.0194013 0.0276278 0.0372145 0.047504 0.0574129 0.0657 0.0714129 0.0741849 0.0741966 0.0719275 0.0679317 0.0627273 0.0567601 0.0503877 0.0438789 0.0374292 0.0311859 0.0252726 0.0198071 0.014908 0.0106886 0.00723559 0.00458265
 0.00785046 0.0128276 0.0194438 0.0276758 0.0372606 0.047539 0.0574277 0.0656886 0.0713764 0.0741332 0.0741457 0.0718937 0.0679243 0.0627468 0.0567996 0.0504375 0.0439297 0.037473 0.0312152 0.0252803 0.0197877 0.014861 0.0106197 0.00715633 0.00450634
 0.00788041 0.0128726 0.0195044 0.0277495 0.0373423 0.0476211 0.0575005 0.0657417 0.0714002 0.0741222 0.0741015 0.0718259 0.0678484 0.0626789 0.0567511 0.0504122 0.0439241 0.0374788 0.0312227 0.0252805 0.0197741 0.0148309 0.0105755 0.00710475 0.00445582
 0.00787891 0.0128678 0.0194932 0.0277277 0.0373061 0.0475692 0.0574359 0.0656711 0.0713327 0.074066 0.074062 0.0718052 0.0678466 0.0626957 0.0567864 0.0504654 0.0439923 0.0375558 0.0312996 0.0253475 0.0198231 0.0148579 0.0105814 0.00709472 0.0044375
 0.00789657 0.0128927 0.0195234 0.0277587 0.0373313 0.0475817 0.05743 0.065644 0.0712852 0.0740035 0.0739931 0.0717399 0.0677937 0.0626609 0.0567722 0.0504714 0.0440164 0.0375942 0.0313462 0.0253947 0.0198634 0.0148857 0.0105947 0.00709562 0.0044305
 0.00788281 0.0128725 0.0194967 0.0277266 0.0372955 0.0475429 0.057388 0.0655979 0.0712348 0.0739505 0.0739416 0.0716963 0.0677648 0.062652 0.0567858 0.0505069 0.0440704 0.0376612 0.0314194 0.0254669 0.0199275 0.0149362 0.0106292 0.00711505 0.00443842
 0.00787722 0.0128595 0.0194704 0.0276796 0.037222 0.0474424 0.0572677 0.0654722 0.0711206 0.0738614 0.0738848 0.071672 0.0677698 0.0626823 0.0568379 0.0505778 0.0441562 0.037757 0.0315188 0.0255629 0.0200132 0.0150063 0.0106811 0.0071491 0.00445786
 0.00787246 0.0128499 0.0194522 0.0276479 0.037171 0.0473673 0.0571665 0.065348 0.0709829 0.0737253 0.0737682 0.0715911 0.0677342 0.0626933 0.0568897 0.0506608 0.0442603 0.0378726 0.0316376 0.0256768 0.0201153 0.0150911 0.0107458 0.00719398 0.00448576
 0.00784956 0.012814 0.0194007 0.0275792 0.0370847 0.0472642 0.0570496 0.0652221 0.0708549 0.0736038 0.0736629 0.0715126 0.0676925 0.0626954 0.0569374 0.0507495 0.0443803 0.0380114 0.0317825 0.0258164 0.0202405 0.0151957 0.0108265 0.00725114 0.00452257
 0.00782032 0.0127617 0.0193135 0.0274443 0.0368928 0.0470158 0.0567596 0.0649196 0.0705757 0.0733803 0.0735165 0.071451 0.0677127 0.062788 0.0570901 0.0509484 0.0446104 0.0382566 0.0320265 0.0260444 0.0204404 0.0153598 0.0109519 0.00733978 0.00458003
 0.0078004 0.0127283 0.019261 0.0273661 0.0367815 0.046865 0.0565664 0.0646882 0.0703199 0.073124 0.0732898 0.0712836 0.067626 0.0627904 0.0571767 0.0511048 0.0448171 0.038493 0.0322723 0.0262812 0.0206532 0.0155378 0.0110901 0.00743864 0.0046449
 0.00775897 0.0126625 0.0191652 0.0272362 0.0366161 0.0466665 0.0563421 0.0644502 0.0700832 0.0729041 0.0731017 0.0711422 0.0675457 0.0627832 0.0572485 0.0512524 0.0450275 0.038746 0.0325445 0.0265496 0.0208981 0.015745 0.0112524 0.00755583 0.00472239
 0.00774855 0.0126393 0.0191188 0.0271536 0.0364854 0.0464824 0.0561111 0.0641903 0.0698201 0.0726634 0.0729035 0.070999 0.0674643 0.0627667 0.0572983 0.0513675 0.0452023 0.0389684 0.0327964 0.0268091 0.0211432 0.0159582 0.011423 0.00768093 0.00480619
 0.00935727 0.0148972 0.0218561 0.0299903 0.0389405 0.0481489 0.0567951 0.0639407 0.0688526 0.0712481 0.0712804 0.0693433 0.0658881 0.0613348 0.0560437 0.0503035 0.0443303 0.0382812 0.0322792 0.02644 0.0208957 0.0158033 0.0113332 0.0076333 0.00478328
 0.00929792 0.0151009 0.0226927 0.0319231 0.0423264 0.0529677 0.0624764 0.0694559 0.0730803 0.0734161 0.0712196 0.067434 0.0627921 0.0577106 0.0523813 0.0468954 0.0413183 0.0357164 0.0301656 0.0247568 0.0196062 0.0148595 0.0106782 0.00720571 0.00452298
 0.00894731 0.0145448 0.0219038 0.0309434 0.0413242 0.0522779 0.0625642 0.0707538 0.0757366 0.0771024 0.0751678 0.0707291 0.0647553 0.0581349 0.0515074 0.045202 0.0392912 0.0337135 0.0283908 0.0232952 0.0184707 0.0140242 0.0100981 0.00682774 0.00429366
 0.00879824 0.0142884 0.0214924 0.0303261 0.0404648 0.0511887 0.0613495 0.069641 0.0750606 0.0772156 0.0762845 0.0727752 0.067328 0.0606332 0.0533773 0.0461501 0.0393464 0.0331321 0.027496 0.0223537 0.017644 0.0133789 0.00963847 0.00652599 0.0041108
 0.00871798 0.0141564 0.0212898 0.0300313 0.0400543 0.0506413 0.0606561 0.0688216 0.0741865 0.0764276 0.0757869 0.0727853 0.0679809 0.0618867 0.054983 0.0477339 0.040563 0.0337993 0.0276339 0.0221226 0.0172421 0.0129632 0.00929584 0.0062829 0.00395762
 0.00870156 0.0141234 0.0212283 0.0299255 0.0398872 0.0503987 0.0603303 0.0684132 0.0737053 0.0758983 0.0752607 0.0723514 0.0677613 0.0619992 0.0554804 0.0485518 0.0415221 0.0346733 0.0282465 0.0224123 0.0172605 0.0128216 0.00910329 0.0061104 0.00383353
 0.00867535 0.0140833 0.0211722 0.029852 0.0397942 0.0502819 0.0601827 0.0682269 0.0734746 0.0756231 0.074951 0.0720325 0.0674789 0.0618193 0.0554753 0.0487691 0.0419497 0.0352276 0.0287987 0.0228442 0.0175126 0.0129051 0.00907538 0.00603596 0.00375847
 0.00868177 0.0140909 0.0211783 0.0298526 0.0397846 0.0502584 0.0601434 0.0681704 0.0733982 0.0755214 0.0748177 0.0718646 0.0672843 0.0616225 0.0553176 0.0486998 0.0420061 0.0354128 0.0290719 0.0231342 0.0177496 0.0130505 0.0091309 0.00603067 0.003727
 0.00866481 0.0140685 0.021154 0.0298322 0.0397742 0.0502605 0.060155 0.0681834 0.0734023 0.0755078 0.0747807 0.0718015 0.0671953 0.0615128 0.055201 0.0486003 0.0419535 0.0354305 0.0291633 0.0232768 0.0179035 0.013177 0.00920956 0.00606303 0.00372866
 0.00865464 0.0140505 0.0211245 0.0297881 0.0397145 0.0501893 0.0600818 0.0681215 0.0733633 0.0754961 0.074791 0.0718218 0.0672119 0.0615155 0.0551871 0.0485757 0.0419324 0.0354306 0.0291981 0.0233472 0.0179959 0.0132694 0.00928249 0.00610802 0.0037487
 0.0086418 0.0140305 0.021096 0.0297501 0.0396664 0.0501309 0.0600143 0.0680484 0.0732917 0.0754357 0.0747518 0.0718097 0.0672259 0.0615477 0.055226 0.0486123 0.0419638 0.0354611 0.0292357 0.0233979 0.0180586 0.0133359 0.00934156 0.00615146 0.00377467
 0.0086166 0.0139922 0.0210434 0.029684 0.0395895 0.0500473 0.0599292 0.0679677 0.0732211 0.0753805 0.074716 0.0717966 0.0672373 0.061583 0.055281 0.0486794 0.0420349 0.0355306 0.0293019 0.023462 0.0181215 0.0133958 0.00939408 0.00619225 0.00380203
 0.00862975 0.0140088 0.0210595 0.0296932 0.0395848 0.0500241 0.0598878 0.0679131 0.073161 0.0753223 0.0746651 0.071756 0.0672088 0.0615682 0.0552807 0.0486936 0.0420612 0.0355653 0.0293413 0.0235034 0.0181631 0.0134356 0.00942972 0.00622117 0.00382277
 0.00861348 0.0139875 0.0210367 0.0296746 0.0395757 0.0500259 0.059896 0.0679185 0.0731545 0.0752996 0.0746288 0.0717141 0.0671705 0.0615404 0.0552673 0.048695 0.0420761 0.035591 0.0293744 0.0235404 0.0182007 0.0134711 0.00946079 0.00624611 0.00384088
 0.0086012 0.0139676 0.0210073 0.0296348 0.0395269 0.0499732 0.0598475 0.0678837 0.0731398 0.0753048 0.074647 0.0717353 0.0671872 0.0615503 0.0552733 0.0487022 0.0420886 0.0356106 0.0294006 0.023571 0.0182329 0.0135019 0.00948785 0.00626783 0.00385671
 0.0086012 0.0139676 0.0210073 0.0296348 0.0395269 0.0499732 0.0598475 0.0678837 0.0731398 0.0753048 0.074647 0.0717353 0.0671872 0.0615503 0.0552733 0.0487022 0.0420886 0.0356106 0.0294006 0.023571 0.0182329 0.0135019 0.00948785 0.00626783 0.00385671
 0.00900772 0.014608 0.0219297 0.0308617 0.0410409 0.0517006 0.0616476 0.0695593 0.0744777 0.0761326 0.0748767 0.071376 0.0663272 0.0603259 0.0538366 0.0471961 0.0406303 0.0342843 0.0282571 0.0226327 0.0175 0.0129588 0.00910811 0.00601919 0.00370542
 0.00838943 0.0136727 0.0206563 0.0292879 0.0392664 0.0498811 0.059984 0.0682712 0.0737549 0.0760775 0.0754696 0.0724834 0.0677495 0.0618562 0.0553072 0.0485005 0.0417222 0.0351621 0.0289439 0.0231596 0.0178963 0.0132489 0.00931244 0.00615575 0.00379092
 0.00855424 0.0138565 0.0207795 0.0292301 0.0389052 0.0491522 0.0589282 0.0670392 0.0725628 0.0751377 0.0749314 0.072403 0.0680902 0.0625118 0.0561365 0.0493646 0.0425146 0.0358221 0.0294545 0.0235333 0.0181594 0.013429 0.00943246 0.00623311 0.00383845
 0.00864028 0.0140255 0.021081 0.0297101 0.0395734 0.0499421 0.059681 0.0675393 0.0726239 0.0746956 0.0740829 0.0713662 0.0671113 0.0617741 0.0557149 0.0492322 0.0425829 0.0359882 0.029636 0.0236831 0.0182626 0.013491 0.00946593 0.00624997 0.00384676
 0.00865653 0.0140582 0.021144 0.0298258 0.0397731 0.0502606 0.0601412 0.0681272 0.0732656 0.0752565 0.074406 0.0713392 0.0667255 0.0611351 0.0549945 0.0485931 0.0421203 0.0357163 0.0295118 0.023645 0.0182595 0.0134939 0.00946485 0.00624505 0.00384097
 0.00822541 0.0133777 0.0201618 0.0285173 0.0381586 0.0484262 0.0582538 0.0664224 0.0719975 0.0746213 0.074475 0.0720368 0.0678637 0.0624877 0.0563748 0.049897 0.0433189 0.036816 0.0305146 0.0245334 0.0190061 0.0140794 0.0098897 0.00652918 0.0040157
 0.00847464 0.0137277 0.0205842 0.0289463 0.0385026 0.0485917 0.0581707 0.066064 0.0713928 0.0738574 0.0736836 0.0713589 0.0674049 0.062284 0.0563906 0.0500556 0.0435454 0.037064 0.0307667 0.0247839 0.0192456 0.0142924 0.0100617 0.00665388 0.00409664
 0.0086486 0.014039 0.0211005 0.0297345 0.0395967 0.0499492 0.0596442 0.0674171 0.0723666 0.0742605 0.073457 0.0705867 0.0662726 0.061011 0.055166 0.0489986 0.0427004 0.0364225 0.0302974 0.024454 0.0190271 0.0141596 0.00998929 0.00661906 0.00408197
 0.00866525 0.0140807 0.0211929 0.0299168 0.0399192 0.050464 0.0603855 0.0683754 0.0734647 0.0753477 0.0743364 0.0710755 0.0662685 0.060531 0.0543341 0.0479936 0.0416926 0.0355303 0.0295768 0.0239122 0.0186438 0.0139042 0.00982991 0.00652662 0.00403242
 0.00865673 0.0140678 0.0211764 0.0299011 0.039916 0.050496 0.0604882 0.0685929 0.0738365 0.0758866 0.0750067 0.0717832 0.0668779 0.060906 0.0543895 0.0477286 0.0411866 0.0349066 0.0289551 0.0233754 0.0182291 0.0136122 0.0096409 0.00641376 0.00397034
 0.00887098 0.0144013 0.0216493 0.0305186 0.0406635 0.051335 0.061355 0.0694061 0.0745172 0.0763824 0.0753039 0.0718986 0.0668343 0.06071 0.0540274 0.0471838 0.0404673 0.0340621 0.0280693 0.0225405 0.0175174 0.0130602 0.0092492 0.00615876 0.00381793
 0.00845083 0.0137584 0.0207592 0.0293927 0.0393537 0.0499356 0.0600013 0.0682609 0.073739 0.0760841 0.0755231 0.0725932 0.0679002 0.062007 0.0554029 0.0484932 0.0415941 0.0349367 0.0286777 0.022918 0.0177268 0.0131664 0.00930199 0.00618739 0.00383579
 0.00874457 0.0141699 0.0212557 0.0299014 0.0397804 0.0501967 0.0600508 0.0681005 0.073411 0.0756562 0.075073 0.0721946 0.0676101 0.061855 0.0553852 0.0485743 0.0417172 0.0350412 0.028719 0.0228809 0.0176261 0.0130348 0.00917316 0.00608369 0.00376455
#pred catch len freq
 0.00359907 0.00584345 0.008815 0.0125542 0.0170851 0.0223593 0.0281908 0.0342562 0.0401659 0.0455478 0.0501024 0.0536359 0.0560838 0.05751 0.0580761 0.0579999 0.0575242 0.0568761 0.0561832 0.0553419 0.0539129 0.0511811 0.0464682 0.0395828 0.0311048
 0.00393875 0.00635248 0.00950355 0.013411 0.0180909 0.0235031 0.029473 0.0356704 0.0416699 0.0470448 0.051452 0.0546966 0.0567653 0.0578047 0.0580501 0.0577493 0.0571161 0.0563043 0.0553621 0.0541477 0.0522607 0.0491029 0.0441414 0.0372834 0.0291056
 0.00410044 0.00664831 0.0100074 0.014206 0.0192437 0.0250274 0.0313043 0.0376734 0.0436801 0.0489177 0.0530852 0.0560185 0.057713 0.0583226 0.0581106 0.0573716 0.0563584 0.0552264 0.0539862 0.0524524 0.050223 0.0467647 0.0416522 0.0348789 0.0270277
 0.00434302 0.00702087 0.0105328 0.0149049 0.0201479 0.0261903 0.0327922 0.0395293 0.0458739 0.051314 0.0554579 0.0581115 0.0593142 0.0593068 0.0584399 0.0570701 0.0554848 0.0538533 0.0521823 0.0502753 0.0477335 0.0440627 0.038905 0.0323076 0.0248461
 0.00455 0.0073665 0.0110689 0.0156832 0.0212076 0.0275425 0.0344094 0.0413531 0.0478366 0.0533548 0.0575138 0.0600877 0.0610641 0.0606484 0.0592037 0.0571474 0.0548477 0.052543 0.0502828 0.0478933 0.0449976 0.0411366 0.0359951 0.0296424 0.0226237
 0.00478043 0.00773679 0.0116203 0.0164569 0.0222438 0.028874 0.0360475 0.0432697 0.0499533 0.0555483 0.0596392 0.0620086 0.0626704 0.061852 0.0599206 0.0572904 0.0543413 0.0513506 0.0484279 0.0454661 0.0421517 0.0380813 0.0329781 0.0269129 0.0203777
 0.00509475 0.00823036 0.012332 0.0174152 0.0234669 0.030369 0.0378041 0.0452518 0.0520927 0.0577442 0.0617638 0.0639201 0.0642328 0.0629546 0.0604871 0.0572718 0.0537033 0.0500714 0.0465141 0.0429792 0.0392296 0.0349401 0.0298854 0.0241338 0.0181118
 0.00532438 0.0086034 0.0128931 0.0182061 0.0245195 0.0316939 0.0393797 0.0470203 0.05397 0.0596359 0.0635776 0.0655677 0.0656266 0.0640064 0.0611123 0.0573969 0.0532719 0.0490487 0.0448964 0.0408124 0.036631 0.032106 0.0270691 0.0215921 0.0160383
 0.0055446 0.00896513 0.0134455 0.0190002 0.0256013 0.0330915 0.0410854 0.0489773 0.056071 0.0617367 0.065522 0.067216 0.0668776 0.064803 0.0614307 0.057227 0.0526029 0.0478685 0.0432053 0.0386481 0.0340945 0.0293731 0.0243723 0.0191698 0.0140707
 0.00574898 0.00929393 0.0139354 0.0196872 0.026519 0.0342662 0.0425255 0.0506607 0.0579359 0.0636799 0.0674066 0.0688902 0.0682009 0.065671 0.0617876 0.0570608 0.0519281 0.0467089 0.0415908 0.0366288 0.0317646 0.026887 0.0219331 0.0169867 0.0123021
 0.00596935 0.00964582 0.0144538 0.0204021 0.0274528 0.0354274 0.0439011 0.0522106 0.0595935 0.0653592 0.0690092 0.0703122 0.0693396 0.0664354 0.062109 0.056902 0.051284 0.0456012 0.0400622 0.0347447 0.0296248 0.0246345 0.0197457 0.0150435 0.0107362
 0.00619879 0.0100116 0.0149912 0.0211404 0.0284112 0.0366086 0.0452821 0.0537366 0.0611811 0.0669079 0.0704172 0.071489 0.0702141 0.0669569 0.062245 0.0566343 0.0506083 0.0445294 0.038627 0.0330068 0.0276792 0.022613 0.017805 0.0133355 0.00936984
 0.00635699 0.0102694 0.0153811 0.021695 0.0291596 0.0375684 0.0464489 0.0550748 0.0626217 0.068355 0.0717608 0.0726226 0.071051 0.0674414 0.0623532 0.0563663 0.0499785 0.0435608 0.0373541 0.0314834 0.0259884 0.0208694 0.0161429 0.0118823 0.00821413
