SBPRF35
9.52612
Curr Bio
560133
B35
745967
F35
0.191753
FOFL
0.157152
OFL
78031.4
Bzero
2.72175e+006
#pred survey bio
 4.19123e+006 4.01072e+006 3.83478e+006 3.57175e+006 3.28681e+006 3.00862e+006 2.70385e+006 2.43008e+006 2.14697e+006 1.88711e+006 1.69159e+006 1.50031e+006 1.31208e+006 1.17429e+006 1.05896e+006 962012 852696 782319 735089 697260 663569 634419 617804 612112 603851 598312 590294 576044 582163 568984 564995 570731 569267 563487 550190 536447 525409 522193 522359 526744 538821 538597 544163 553675 553730 562701 570072 577394 581919 590526 603238 575567 538625 518743 565222 2.17905e+007 1.28346e+007 1.28812e+007 1.35552e+007 1.46407e+007 1.58681e+007 1.70469e+007 1.80767e+007 1.89235e+007 1.9592e+007 2.01053e+007 2.04922e+007 2.07803e+007 2.09934e+007 2.11504e+007 2.1266e+007 2.13514e+007 2.14146e+007 2.14616e+007 2.14967e+007 2.15232e+007 2.15431e+007 2.15583e+007 2.15699e+007 2.15788e+007 2.15857e+007 2.1591e+007 2.15951e+007 2.15983e+007 2.16008e+007 2.16028e+007 2.16043e+007 2.16055e+007 2.16065e+007 2.16072e+007 2.16078e+007 2.16083e+007 2.16087e+007 2.16089e+007 2.16092e+007 2.16094e+007 2.16095e+007 2.16096e+007 2.16097e+007 2.16098e+007 2.16098e+007 2.16099e+007 2.16099e+007 2.16099e+007 2.161e+007 2.161e+007 2.161e+007 2.161e+007 2.161e+007 2.161e+007 2.161e+007 2.161e+007 2.161e+007 2.161e+007 2.16101e+007 2.16101e+007 2.16101e+007 2.16101e+007 2.16101e+007 2.16101e+007 2.16101e+007 2.16101e+007 2.16101e+007 2.16101e+007 2.16101e+007 2.16101e+007 2.16101e+007 2.16101e+007 2.16101e+007 2.16101e+007 2.16101e+007 2.16101e+007 2.16101e+007 2.16101e+007 2.16101e+007 2.16101e+007 2.16101e+007 2.16101e+007 2.16101e+007 2.16101e+007 2.16101e+007 2.16101e+007 2.16101e+007 2.16101e+007 2.16101e+007 2.16101e+007 2.16101e+007 2.16101e+007 2.16101e+007 2.16101e+007 2.16101e+007 2.16101e+007 2.16101e+007 2.16101e+007 2.16101e+007 0 0 0 0 0 0 0 0 0 0 0 0 0 0 0 0 0 0 0 0 0 0 0 0 0
#obs survey bio
 3.85962e+006 3.37871e+006 4.11734e+006 3.54171e+006 2.32392e+006 2.62142e+006 2.02771e+006 2.1445e+006 2.00224e+006 1.53501e+006 1.23087e+006 1.00803e+006 833870 739264 816659 845611 743939 793294 1.0205e+006 700665 701211 619719 511112 425745 494505 737038 360364 681707 524370 533162 483546 379144 615389 457171 526021 549343 584685 408033 545284 569851 473194 475826 415481 565357 681316 518117 550896 479281 398272 708964 768238 606198 527812 469852 509908
#pred catch bio
 94308.9 91534.4 178404 214160 228462 276123 272262 303756 303326 263420 274561 282961 246577 232216 218113 226217 187589 162675 149692 141665 133924 120728 110730 112485 109031 109442 112400 93484.4 107787 97525.5 88066.7 92922.5 94342 97525.2 94456.1 90974.2 86926.7 87938.6 86797.8 81761.9 92794.8 88223.8 85677.7 93787.5 86200.8 87915.2 88142.5 90553.1 87084 83530.1 115887 120491 104103 48612 38762.7 78031.4 91940.8 90917.9 94110.6 101001 109265 117238 124111 129637 133871 137007 139269 140869 141984 142751 143273 143627 143865 144024 144130 144201 144247 144278 144298 144312 144321 144327 144330 144333 144334 144336 144336 144337 144337 144337 144337 144337 144337 144338 144338 144338 144338 144338 144338 144338 144338 144338 144338 144338 144338 144338 144338 144338 144338 144338 144338 144338 144338 144338 144338 144338 144338 144338 144338 144338 144338 144338 144338 144338 144338 144338 144338 144338 144338 144338 144338 144338 144338 144338 144338 144338 144338 144338 144338 144338 144338 144338 144338 144338 144338 144338 144338 144338 144338 144338 144338 144338 144338 144338 144338 0 0 0 0 0 0 0 0 0 0 0 0 0 0 0 0 0 0 0 0 0 0 0 0 0
#obs catch bio
 0 91096.7 179275 215172 229697 279361 275125 309238 309082 267641 281189 291156 254161 240819 225844 234966 193707 166450 152155 143698 136074 122396 112270 115022 110992 111164 114772 94479.2 109871 98507.5 89048 94242.2 95349.5 98654.4 95372.3 91909.3 87422.1 88861.5 87113.6 81862.2 92931.7 88555.7 86018.9 94444 86184.2 88206.8 88151.1 90657.2 87384.6 83194 115555 119418 103830 48377.1 38663.7
#pred cpue bio
 4.12274e+006 3.94586e+006 3.77374e+006 3.51317e+006 3.22942e+006 2.95227e+006 2.64904e+006 2.37655e+006 2.09521e+006 1.83716e+006 1.64259e+006 1.45253e+006 1.26599e+006 1.12933e+006 1.01536e+006 920100 813593 745515 700326 664244 631919 603852 587787 582126 574098 568993 561581 548080 554348 542035 538512 544329 543246 538111 525788 512939 501835 497329 496433 500593 512558 512471 517813 527013 527203 536022 543259 550467 554944 563435 576087 549486 513447 493795 539398 2.09108e+007 1.23585e+007 1.22793e+007 1.27725e+007 1.3779e+007 1.49833e+007 1.61564e+007 1.7185e+007 1.80315e+007 1.87e+007 1.92133e+007 1.96002e+007 1.98883e+007 2.01014e+007 2.02584e+007 2.0374e+007 2.04594e+007 2.05226e+007 2.05696e+007 2.06047e+007 2.06312e+007 2.06511e+007 2.06663e+007 2.06779e+007 2.06868e+007 2.06937e+007 2.0699e+007 2.07031e+007 2.07063e+007 2.07088e+007 2.07108e+007 2.07123e+007 2.07135e+007 2.07145e+007 2.07152e+007 2.07158e+007 2.07163e+007 2.07167e+007 2.07169e+007 2.07172e+007 2.07174e+007 2.07175e+007 2.07176e+007 2.07177e+007 2.07178e+007 2.07178e+007 2.07179e+007 2.07179e+007 2.07179e+007 2.0718e+007 2.0718e+007 2.0718e+007 2.0718e+007 2.0718e+007 2.0718e+007 2.0718e+007 2.0718e+007 2.0718e+007 2.0718e+007 2.0718e+007 2.07181e+007 2.07181e+007 2.07181e+007 2.07181e+007 2.07181e+007 2.07181e+007 2.07181e+007 2.07181e+007 2.07181e+007 2.07181e+007 2.07181e+007 2.07181e+007 2.07181e+007 2.07181e+007 2.07181e+007 2.07181e+007 2.07181e+007 2.07181e+007 2.07181e+007 2.07181e+007 2.07181e+007 2.07181e+007 2.07181e+007 2.07181e+007 2.07181e+007 2.07181e+007 2.07181e+007 2.07181e+007 2.07181e+007 2.07181e+007 2.07181e+007 2.07181e+007 2.07181e+007 2.07181e+007 2.07181e+007 2.07181e+007 2.07181e+007 2.07181e+007 2.07181e+007 2.07181e+007 0 0 0 0 0 0 0 0 0 0 0 0 0 0 0 0 0 0 0 0 0 0 0 0 0
#obs cpue bio
 3.85183e+006 3.56124e+006 3.09311e+006 1.99822e+006 2.88826e+006 2.31125e+006 2.86868e+006 1.60051e+006 1.98056e+006 1.73015e+006 1.22435e+006 1.5037e+006 970152 835204 883520 789648 590734 738068 548468 591168 428368 510440 499848 386406 664996 427973 575573 468901 415813 731915 401108 622730 546115 572947 517953 407734 540140 411377 738087 456075 698763 413257 578608 466273 603765 454094 701948 637916 618666 712197 596454 782241 509266 434208 556119
#pred surv len freq
 0.00545995 0.00876769 0.0130134 0.0181172 0.0239232 0.0301376 0.0362916 0.0418386 0.0463566 0.0496944 0.0519545 0.0533682 0.0541787 0.0545804 0.0546998 0.0545949 0.0542678 0.0536756 0.0527171 0.0511869 0.0487443 0.0449782 0.0396123 0.0327659 0.0250753
 0.00554392 0.00882839 0.0129703 0.0178631 0.0233707 0.0292816 0.0352484 0.0408226 0.0455954 0.0493275 0.0519783 0.0536576 0.0545636 0.05493 0.0549722 0.0548373 0.0545742 0.0541252 0.0533207 0.0518693 0.0493743 0.0454298 0.0398234 0.0327591 0.0249331
 0.00589873 0.00935297 0.0136572 0.0186572 0.0241675 0.0299377 0.0356077 0.0407634 0.0450879 0.048471 0.0509798 0.0527478 0.0538976 0.0545371 0.0547827 0.0547575 0.0545518 0.054163 0.0534418 0.0520686 0.0495967 0.0455928 0.0398633 0.0326664 0.0247517
 0.00619349 0.00984132 0.0144062 0.0197268 0.0255867 0.0316705 0.0375233 0.0426347 0.0466353 0.0494427 0.0512358 0.0523087 0.0529315 0.0532869 0.0534707 0.0535202 0.0534343 0.0531589 0.052535 0.0512484 0.0488494 0.0448977 0.0392046 0.0320501 0.0242068
 0.00647681 0.0102901 0.0150618 0.020626 0.0267618 0.0331447 0.0392948 0.0446519 0.0487728 0.0514946 0.0529414 0.0534137 0.0532677 0.0528321 0.0523533 0.0519621 0.051666 0.0513545 0.0507938 0.0496136 0.0473384 0.0435229 0.0379843 0.0310097 0.0233712
 0.00676585 0.0107455 0.0157206 0.0215147 0.0278946 0.0345211 0.0408955 0.0464363 0.05068 0.053441 0.0548103 0.055045 0.0544651 0.0534041 0.0521771 0.0510351 0.0501112 0.049375 0.0486052 0.0473938 0.0452132 0.0415788 0.0362851 0.0296031 0.0222826
 0.00712634 0.0113111 0.0165342 0.0226028 0.0292644 0.0361561 0.0427491 0.0484308 0.0527169 0.0554188 0.0566373 0.0566356 0.0557245 0.054215 0.0524075 0.0505741 0.0489184 0.0475136 0.0462363 0.044737 0.0424965 0.0390033 0.0340078 0.027728 0.0208545
 0.00742529 0.0117905 0.0172434 0.0235835 0.0305431 0.0377329 0.0445854 0.0504452 0.0547961 0.0574402 0.0584892 0.0582273 0.0569833 0.0550732 0.0527887 0.0503911 0.0480925 0.0460131 0.0441143 0.0421444 0.0396615 0.0361845 0.0314421 0.0255874 0.0192216
 0.00780774 0.0123884 0.0180995 0.0247235 0.0319748 0.0394433 0.0465339 0.0525578 0.0569681 0.0595481 0.0604085 0.0598471 0.0582157 0.0558546 0.0530715 0.0501314 0.0472449 0.0445436 0.0420329 0.0395408 0.0367204 0.0331642 0.0286188 0.023188 0.0173724
 0.00828981 0.0131335 0.0191489 0.0260904 0.033644 0.0413729 0.0486538 0.0547696 0.0591552 0.0615928 0.0622067 0.0613143 0.0592851 0.056474 0.0532002 0.0497368 0.046299 0.0430264 0.0399508 0.0369574 0.0337835 0.0301053 0.0257121 0.0206802 0.0154172
 0.00865255 0.0137093 0.019989 0.0272316 0.0351011 0.0431271 0.0506417 0.0568829 0.0612577 0.0635492 0.0639064 0.0626802 0.0602683 0.0570422 0.053328 0.0493994 0.0454709 0.0416876 0.038102 0.0346457 0.0311285 0.027305 0.0230145 0.0183219 0.0135572
 0.00902129 0.0142938 0.020841 0.0283896 0.0365837 0.0449234 0.0526982 0.0590976 0.063489 0.0656395 0.0657091 0.0640809 0.0611954 0.0574665 0.0532513 0.0488381 0.0444416 0.0402024 0.0361791 0.0323329 0.0285298 0.024593 0.0204099 0.0160413 0.0117513
 0.00944528 0.0149598 0.0217998 0.0296729 0.038199 0.0468468 0.0548648 0.0613974 0.0657774 0.0677595 0.0675149 0.0654543 0.0620548 0.0577711 0.0529996 0.0480589 0.0431806 0.0385094 0.0341065 0.0299482 0.0259373 0.0219471 0.0179029 0.0138617 0.0100301
 0.00967624 0.0153372 0.0223712 0.030484 0.0392846 0.0482174 0.0564917 0.0632072 0.0676613 0.0695916 0.0691713 0.0668246 0.0630483 0.058321 0.0530672 0.0476351 0.0422833 0.0371787 0.0323998 0.0279436 0.023742 0.0197033 0.0157772 0.0120133 0.0085689
 0.0098144 0.0155666 0.0227262 0.0310012 0.0399985 0.0491502 0.0576422 0.064543 0.0691185 0.0710825 0.070595 0.068079 0.0640404 0.0589756 0.0533312 0.0474798 0.0417042 0.0361954 0.0310572 0.0263136 0.021927 0.017835 0.0140034 0.0104705 0.00734931
 0.00980718 0.0155792 0.0227908 0.0311645 0.0403121 0.0496552 0.0583542 0.0654458 0.0701684 0.0722176 0.0717434 0.0691639 0.0649844 0.0597054 0.0537838 0.0476078 0.0414805 0.0356164 0.0301463 0.0251249 0.0205474 0.0163801 0.0126029 0.009243 0.00637479
 0.00986982 0.0156906 0.0229766 0.0314561 0.0407416 0.0502457 0.0591095 0.0663436 0.0711602 0.0732358 0.0727121 0.0700106 0.0656498 0.0601476 0.0539772 0.0475382 0.0411417 0.0350115 0.0292926 0.024062 0.0193424 0.015126 0.0114062 0.00820091 0.00555182
 0.00986589 0.0156761 0.0229416 0.0313904 0.0406434 0.0501323 0.0590229 0.0663452 0.0713125 0.0735791 0.0732468 0.0706943 0.066408 0.0608917 0.0546217 0.0480128 0.0413968 0.0350194 0.0290489 0.0235879 0.0186876 0.014366 0.0106312 0.00749704 0.0049804
 0.00993362 0.0157608 0.0230218 0.0314304 0.0406023 0.0499805 0.0587582 0.0660002 0.0709521 0.0732873 0.073107 0.0707664 0.0667091 0.0613881 0.0552369 0.0486471 0.0419509 0.0354132 0.0292334 0.0235502 0.018451 0.0139854 0.0101808 0.00705261 0.00460088
 0.0100656 0.0159538 0.0232709 0.0317138 0.0408829 0.0502116 0.0588911 0.0659946 0.0707896 0.0729842 0.0727192 0.0703796 0.0664149 0.0612559 0.0552914 0.0488616 0.042257 0.0357231 0.029465 0.0236482 0.0183983 0.0138027 0.00991677 0.00676602 0.00434231
 0.0101563 0.0160988 0.0234837 0.0320025 0.0412452 0.0506282 0.0593209 0.0663771 0.0710567 0.0730803 0.07262 0.0701026 0.0660182 0.0608234 0.0549093 0.0485921 0.0421201 0.0356941 0.0294881 0.023661 0.0183548 0.0136878 0.00974552 0.0065721 0.0041612
 0.0103525 0.0163833 0.0238486 0.0324197 0.0416761 0.0510382 0.0596887 0.0666926 0.0713105 0.0732537 0.0726843 0.0700295 0.0657962 0.0604706 0.0544747 0.0481433 0.0417209 0.0353831 0.0292691 0.0235079 0.0182299 0.0135611 0.0096065 0.00642878 0.00403023
 0.0105355 0.0166563 0.0242127 0.0328573 0.0421531 0.0515096 0.060106 0.067012 0.0715035 0.0733144 0.0726282 0.0698821 0.065579 0.0601954 0.0541497 0.0477843 0.0413562 0.0350467 0.0289873 0.0232886 0.0180628 0.013427 0.00948967 0.00632342 0.00393912
 0.0104482 0.0165471 0.0241084 0.0328014 0.0421919 0.0516709 0.0603823 0.0673596 0.0718577 0.0736134 0.0728323 0.0699803 0.0655832 0.0601282 0.0540329 0.0476337 0.0411843 0.0348674 0.0288164 0.0231395 0.017941 0.0133298 0.00941033 0.00625657 0.00388328
 0.0103164 0.016352 0.0238519 0.0325021 0.0418853 0.0514062 0.0602149 0.0673381 0.0720067 0.0739184 0.0732385 0.0704097 0.065962 0.0604092 0.0542022 0.0477032 0.0411782 0.0348116 0.0287339 0.0230489 0.0178551 0.0132554 0.00934888 0.00620701 0.00384427
 0.0102631 0.0162571 0.0236947 0.0322609 0.0415464 0.0509759 0.0597304 0.0668671 0.0716329 0.0737173 0.0732531 0.0706363 0.0663517 0.0608845 0.0546815 0.0481237 0.0415067 0.0350434 0.0288823 0.0231345 0.0178983 0.0132722 0.00935055 0.00620072 0.00383467
 0.0102199 0.0161939 0.023612 0.0321611 0.0414296 0.0508362 0.0595551 0.0666447 0.0713658 0.073432 0.0730003 0.0704764 0.0663313 0.0610162 0.0549391 0.0484521 0.0418438 0.0353398 0.0291118 0.0232932 0.0179969 0.0133268 0.00937657 0.00621001 0.00383535
 0.0102148 0.0161879 0.0236069 0.0321602 0.0414366 0.0508529 0.0595791 0.0666665 0.071369 0.0733976 0.0729155 0.070345 0.0661788 0.0608833 0.0548648 0.0484563 0.0419191 0.0354573 0.0292364 0.0233977 0.0180688 0.0133671 0.0093934 0.006213 0.00383212
 0.0100195 0.0158874 0.0231874 0.0316227 0.0407993 0.0501527 0.058872 0.0660238 0.0708635 0.0730856 0.0728216 0.0704588 0.0664644 0.0612952 0.0553613 0.0490048 0.0424922 0.0360264 0.0297693 0.0238639 0.0184469 0.0136503 0.00958894 0.00633727 0.00390468
 0.0100758 0.0159628 0.0232706 0.031692 0.0408271 0.050114 0.0587522 0.0658236 0.0705999 0.0727891 0.0725305 0.0702112 0.0662894 0.0612072 0.0553602 0.0490806 0.0426302 0.0362095 0.0299779 0.0240756 0.0186402 0.013809 0.00970591 0.00641476 0.00395078
 0.0101077 0.0160038 0.0233119 0.0317176 0.0408166 0.0500477 0.0586171 0.0656169 0.0703314 0.0724808 0.0722151 0.0699272 0.0660734 0.0610864 0.0553464 0.0491692 0.0428033 0.0364414 0.0302402 0.0243408 0.0188842 0.0140141 0.00986317 0.00652417 0.0040196
 0.0099311 0.0157472 0.0229819 0.0313391 0.0404243 0.0496735 0.0582802 0.0653237 0.0700812 0.0722745 0.0720594 0.0698346 0.0660592 0.0611637 0.0555215 0.0494377 0.0431493 0.0368392 0.0306579 0.0247459 0.0192484 0.0143173 0.010096 0.00668821 0.004125
 0.00976273 0.0154926 0.0226354 0.0309106 0.0399395 0.0491712 0.0578085 0.0649319 0.069808 0.0721357 0.0720444 0.0699151 0.0662043 0.0613532 0.0557493 0.0497065 0.0434616 0.0371896 0.031031 0.0251182 0.0195938 0.0146137 0.0103299 0.00685718 0.00423613
 0.00957565 0.0152105 0.0222522 0.030436 0.0393971 0.0485945 0.0572384 0.0644152 0.0693932 0.0718644 0.0719408 0.0699793 0.0664129 0.0616676 0.056129 0.0501195 0.0438886 0.03762 0.031456 0.025525 0.0199653 0.0149324 0.0105837 0.00704281 0.00435999
 0.00957797 0.0151955 0.0221956 0.0303053 0.0391618 0.0482413 0.0567837 0.063905 0.0688909 0.0714324 0.071626 0.0698074 0.0663893 0.0617802 0.0563524 0.0504216 0.0442371 0.0379884 0.0318247 0.0258787 0.0202898 0.015214 0.0108117 0.00721308 0.00447602
 0.0103385 0.0162658 0.0234981 0.0316614 0.0403396 0.0490338 0.0570745 0.0636897 0.0682545 0.0705091 0.0705628 0.068738 0.0654175 0.0609717 0.0557348 0.0499914 0.0439708 0.0378533 0.0317872 0.0259087 0.0203614 0.0153049 0.0109035 0.00729256 0.00453631
 0.011109 0.0174547 0.0251607 0.0337858 0.0428258 0.0516791 0.059575 0.0656842 0.0694195 0.0706672 0.0697432 0.0671521 0.0633712 0.0587676 0.0536081 0.0480897 0.042364 0.0365558 0.03078 0.0251568 0.0198239 0.01494 0.0106708 0.00715467 0.00446123
 0.0109334 0.0172954 0.0251529 0.0341296 0.0437292 0.053266 0.0618027 0.0683178 0.0720786 0.0729248 0.0712367 0.0676726 0.0629072 0.0574893 0.0518005 0.0460624 0.0403763 0.0347798 0.0293009 0.0239938 0.018956 0.0143255 0.01026 0.00689726 0.00431138
 0.0105508 0.0167246 0.0243969 0.0332448 0.0428359 0.052548 0.0614876 0.068624 0.0731302 0.0746688 0.0734161 0.069887 0.0647394 0.0586383 0.0521598 0.0457192 0.0395464 0.0337172 0.0282231 0.0230439 0.0182005 0.0137734 0.0098862 0.00666259 0.00417514
 0.0104615 0.0165492 0.0240789 0.0327195 0.042055 0.0515173 0.0603017 0.0674734 0.072269 0.0743449 0.0737876 0.0709534 0.0663196 0.0604149 0.0537796 0.0469085 0.0401867 0.0338518 0.0280022 0.0226478 0.0177775 0.0134129 0.00962184 0.0064906 0.00407453
 0.0104271 0.016486 0.0239686 0.0325346 0.0417589 0.0510687 0.0596673 0.0666504 0.0713113 0.0733801 0.0730061 0.0705605 0.0664611 0.0611087 0.0548923 0.048195 0.0413793 0.0347535 0.0285393 0.0228621 0.0177762 0.01331 0.00950023 0.00639241 0.00401044
 0.0104943 0.016593 0.0241236 0.0327405 0.0420072 0.0513333 0.0598992 0.0667812 0.0712681 0.0731131 0.0725188 0.0699282 0.0658239 0.0606309 0.0546995 0.0483194 0.0417439 0.0352095 0.0289353 0.0231047 0.0178519 0.0132644 0.00939869 0.00628764 0.00392965
 0.010456 0.0165392 0.024059 0.0326758 0.0419574 0.0513135 0.0599194 0.0668399 0.0713474 0.0731775 0.0725226 0.0698337 0.0656245 0.0603673 0.0544535 0.0481819 0.0417709 0.0353925 0.0292061 0.0233726 0.0180476 0.013364 0.00941934 0.00626442 0.00389406
 0.0102883 0.0162928 0.0237373 0.0323001 0.0415625 0.0509396 0.0596048 0.0666166 0.0712377 0.0731881 0.0726397 0.0700226 0.0658384 0.0605643 0.054615 0.048321 0.0419228 0.0355896 0.0294538 0.0236433 0.0182962 0.0135536 0.00953735 0.00632176 0.00391284
 0.0103316 0.0163421 0.0237732 0.0322936 0.0414853 0.050779 0.0593751 0.0663576 0.0710006 0.0730168 0.0725567 0.070026 0.0659068 0.0606662 0.0547199 0.0484102 0.0419959 0.0356612 0.0295412 0.0237525 0.0184162 0.013664 0.00962043 0.00637194 0.00393583
 0.0102825 0.0162687 0.0236741 0.0321692 0.0413347 0.050597 0.0591528 0.0660899 0.0706967 0.0727074 0.0722905 0.0698541 0.0658633 0.0607552 0.0549166 0.0486727 0.0422822 0.0359414 0.0298007 0.0239865 0.0186219 0.0138358 0.00975256 0.00646291 0.00399072
 0.0102195 0.0161745 0.0235475 0.0320149 0.041162 0.0504172 0.0589762 0.0659234 0.0705421 0.0725624 0.0721542 0.069734 0.0657782 0.0607305 0.0549716 0.0488106 0.0424867 0.0361842 0.0300523 0.0242241 0.018831 0.0140087 0.00988586 0.00655722 0.00405092
 0.0101962 0.0161322 0.0234762 0.0319036 0.0410027 0.0502104 0.058735 0.0656725 0.0703109 0.0723756 0.0720241 0.0696604 0.0657545 0.0607511 0.0550371 0.0489249 0.0426512 0.0363911 0.0302843 0.0244588 0.0190477 0.0141924 0.0100292 0.00665991 0.00411791
 0.0101104 0.0160118 0.0233297 0.0317492 0.0408615 0.0500959 0.0586466 0.0655975 0.0702344 0.0722907 0.0719367 0.0695851 0.0657064 0.0607398 0.0550654 0.0489922 0.0427558 0.0365298 0.0304498 0.0246383 0.0192248 0.0143512 0.0101588 0.00675585 0.00418225
 0.00996011 0.0157822 0.0230127 0.0313499 0.0403999 0.0496068 0.0581773 0.0652009 0.0699555 0.0721528 0.0719359 0.0696973 0.0659006 0.0609893 0.0553514 0.0493019 0.0430786 0.0368561 0.0307694 0.0249401 0.0194967 0.0145823 0.0103417 0.00688936 0.00427132
 0.00983037 0.0155741 0.0227053 0.0309277 0.0398579 0.0489587 0.0574626 0.064485 0.06932 0.0716763 0.0716746 0.0696723 0.0660964 0.0613627 0.055846 0.0498621 0.043659 0.0374232 0.0312994 0.0254161 0.0199062 0.0149172 0.0105995 0.00707406 0.00439325
 0.0101377 0.0160357 0.0233275 0.0316867 0.040701 0.0498099 0.0582297 0.0650714 0.0696429 0.0716905 0.0713873 0.0691411 0.0654104 0.0606165 0.0551188 0.0492076 0.0431052 0.0369791 0.0309622 0.0251755 0.0197475 0.0148228 0.0105508 0.00705391 0.0043882
 0.0104163 0.016483 0.0239884 0.0325932 0.0418588 0.0511802 0.059715 0.0665175 0.0708676 0.0725281 0.07173 0.0689606 0.064757 0.0596004 0.0538822 0.0478937 0.0418342 0.0358352 0.0299926 0.024397 0.019155 0.0143967 0.0102628 0.00687239 0.0042822
 0.00994012 0.0158312 0.0232344 0.0318849 0.041381 0.0510924 0.0600961 0.067344 0.0720257 0.0738465 0.0730161 0.0700366 0.0654922 0.0599346 0.0538307 0.047534 0.0412783 0.0351986 0.0293708 0.0238534 0.0187206 0.0140764 0.0100443 0.00673473 0.00420244
 0.00854618 0.0137167 0.0203434 0.0282881 0.0372832 0.0468227 0.0560891 0.064089 0.0699685 0.0732647 0.0739356 0.0722327 0.0685715 0.0634484 0.0573754 0.0508131 0.0441221 0.0375501 0.03125 0.0253182 0.0198372 0.0149047 0.010636 0.00713606 0.0044574
#obs surv len freq
 nan nan nan nan nan nan nan nan nan nan nan nan nan nan nan nan nan nan nan nan nan nan nan nan nan
 0.00448226 0.00734269 0.0111721 0.0159884 0.02169 0.0279669 0.0342825 0.0400151 0.0446954 0.0481595 0.0505172 0.0520126 0.0529043 0.0534162 0.05373 0.0539846 0.0542629 0.0545555 0.0546942 0.054286 0.052724 0.0493562 0.0438059 0.036286 0.0276697
 0.00461404 0.00755799 0.0114978 0.0164493 0.0223028 0.0287311 0.0351713 0.0409722 0.0456428 0.0490123 0.0511995 0.0524691 0.053106 0.0533609 0.0534388 0.0534939 0.0536158 0.0537943 0.0538578 0.0534114 0.0518497 0.0485249 0.0430621 0.0356672 0.0271968
 0.00478127 0.00783152 0.0119125 0.0170387 0.0230919 0.0297265 0.0363491 0.0422736 0.0469802 0.0502836 0.0523039 0.0533187 0.0536347 0.0535306 0.0532423 0.0529531 0.0527755 0.0527137 0.052603 0.0520526 0.0504624 0.0471898 0.0418595 0.0346632 0.026428
 0.00496334 0.00813184 0.0123725 0.0176999 0.0239879 0.0308699 0.0377184 0.043808 0.048587 0.051854 0.0537287 0.0544978 0.0544828 0.0539818 0.0532554 0.0525165 0.0519091 0.0514671 0.0510517 0.0502938 0.0486114 0.0453741 0.0402049 0.0332727 0.0253593
 0.005175 0.00847573 0.0128901 0.0184303 0.0249621 0.0320997 0.0391852 0.0454562 0.0503298 0.0535868 0.0553427 0.0558898 0.05556 0.0546648 0.053482 0.052246 0.0511285 0.0501978 0.0493548 0.0482725 0.0464086 0.0431604 0.0381551 0.0315325 0.0240136
 0.00540792 0.00885794 0.0134717 0.0192599 0.0260763 0.0335089 0.0408576 0.0473149 0.0522652 0.0554791 0.0570811 0.0573801 0.0567226 0.0554311 0.0537914 0.0520482 0.0503895 0.0489113 0.0475563 0.046053 0.0439196 0.0406028 0.0357475 0.0294645 0.0224015
 0.00564761 0.00924952 0.0140648 0.0201026 0.0272068 0.0349413 0.0425675 0.0492321 0.0542823 0.0574705 0.0589235 0.0589659 0.0579652 0.0562637 0.0541615 0.0519116 0.0497098 0.0476681 0.0457638 0.0437818 0.0413126 0.0378701 0.0331333 0.0271909 0.0206129
 0.00588697 0.00964271 0.0146641 0.0209593 0.0283612 0.0364074 0.0443166 0.0511886 0.0563338 0.0594905 0.0607905 0.0605747 0.0592299 0.0571164 0.0545496 0.0517939 0.0490532 0.0464516 0.0439926 0.041512 0.0386733 0.0350671 0.0304189 0.0248051 0.0187198
 0.00613221 0.0100437 0.015272 0.0218234 0.0295202 0.0378744 0.046064 0.0531416 0.0583808 0.061503 0.0626447 0.0621636 0.0604687 0.0579413 0.0549139 0.0516622 0.0483976 0.0452536 0.0422554 0.0392836 0.0360708 0.0322849 0.0277043 0.0224012 0.0167991
 0.00638101 0.0104523 0.0158946 0.0227124 0.0307158 0.0393877 0.0478605 0.0551358 0.0604496 0.0635103 0.0644643 0.0636919 0.0616274 0.0586756 0.0551871 0.05145 0.0476828 0.0440259 0.040522 0.0370897 0.033524 0.0295659 0.0250472 0.0200407 0.0149056
 0.00663136 0.0108623 0.0165171 0.0235985 0.0319045 0.0408902 0.0496432 0.0571148 0.0625011 0.0654946 0.0662491 0.065168 0.0627148 0.0593232 0.0553675 0.0511518 0.0469029 0.0427674 0.0388009 0.0349533 0.031073 0.0269662 0.0225139 0.0177911 0.0130991
 0.00683872 0.0112069 0.0170495 0.0243704 0.0329583 0.042242 0.0512665 0.0589342 0.0644034 0.0673504 0.0679339 0.0665756 0.0637632 0.0599558 0.0555523 0.0508762 0.0461681 0.0415846 0.0371948 0.0329751 0.0288188 0.0245869 0.0202019 0.0157404 0.0114522
 0.00706353 0.0115725 0.0176 0.0251472 0.0339923 0.0435416 0.0528041 0.0606404 0.0661746 0.0690673 0.06948 0.067851 0.0646913 0.0604858 0.0556572 0.0505485 0.0454142 0.0404221 0.0356551 0.0311133 0.0267275 0.0224035 0.0180973 0.0138837 0.00996612
 0.0072709 0.0119126 0.0181171 0.0258833 0.0349779 0.0447811 0.0542624 0.0622398 0.0678077 0.0706189 0.0708471 0.068952 0.0654677 0.0608996 0.0556882 0.0501916 0.0446773 0.039324 0.0342287 0.0294133 0.0248407 0.0204534 0.0162325 0.0122487 0.00866325
 0.00747143 0.0122418 0.0186183 0.0265978 0.035936 0.0459877 0.0556827 0.0637947 0.0693856 0.0720979 0.0721175 0.0699305 0.0661021 0.0611664 0.0555865 0.0497347 0.0438866 0.0382269 0.0328616 0.0278296 0.0231195 0.0187029 0.0145796 0.0108135 0.0075282
 0.00754743 0.0123704 0.0188219 0.0269026 0.0363689 0.0465706 0.0564245 0.0646847 0.0703903 0.0731622 0.073169 0.070888 0.0668862 0.0617109 0.0558455 0.0496855 0.043527 0.0375716 0.0319408 0.0266915 0.0218354 0.0173676 0.0133021 0.00969557 0.00663996
 0.00757922 0.0124186 0.0188887 0.0269902 0.036482 0.0467201 0.0566289 0.064968 0.0707753 0.0736615 0.0737757 0.0715708 0.0675901 0.062364 0.0563716 0.050017 0.0436156 0.0373943 0.0315018 0.0260227 0.0209957 0.0164397 0.0123813 0.00887148 0.00597581
 0.00767505 0.0125616 0.01908 0.0272216 0.0367385 0.0469831 0.056881 0.065197 0.070979 0.0738499 0.0739698 0.0717939 0.067855 0.0626623 0.0566702 0.0502632 0.04375 0.0373658 0.031281 0.0256105 0.0204257 0.015774 0.0116982 0.00824739 0.00546639
 0.00772876 0.0126474 0.0192055 0.0273915 0.0369512 0.0472281 0.0571367 0.0654346 0.0711705 0.0739798 0.0740423 0.0718314 0.0678895 0.0627217 0.0567656 0.0503818 0.0438562 0.037411 0.0312194 0.0254151 0.0200997 0.0153515 0.011236 0.0078073 0.00509724
 0.00777725 0.0127188 0.0192996 0.0275036 0.0370748 0.0473573 0.0572679 0.0655646 0.0712945 0.0740892 0.0741271 0.0718854 0.0679156 0.0627326 0.0567787 0.0504094 0.0438957 0.037442 0.0312092 0.0253323 0.0199289 0.0151025 0.0109416 0.0075116 0.00483982
 0.0078039 0.0127581 0.019351 0.0275638 0.0371375 0.0474151 0.0573141 0.0655951 0.0713098 0.074095 0.0741322 0.0718979 0.0679391 0.0627669 0.0568219 0.0504601 0.0439513 0.0374943 0.0312423 0.0253253 0.0198655 0.0149802 0.0107759 0.00733065 0.00467307
 0.00785932 0.0128431 0.019469 0.0277137 0.0373131 0.0476048 0.0575007 0.0657578 0.0714282 0.0741553 0.0741313 0.0718444 0.0678497 0.0626606 0.0567151 0.0503636 0.0438699 0.0374267 0.0311811 0.0252588 0.0197815 0.0148727 0.0106491 0.00719827 0.00455226
 0.0078636 0.0128533 0.0194904 0.0277527 0.0373756 0.0476927 0.0576098 0.0658772 0.0715427 0.0742496 0.0741939 0.0718694 0.0678381 0.0626197 0.056656 0.0502981 0.0438074 0.037372 0.0311329 0.0252113 0.019727 0.014806 0.0105707 0.00711515 0.0044747
 0.00788222 0.0128736 0.0195031 0.0277444 0.0373343 0.0476152 0.057507 0.0657723 0.0714627 0.0742139 0.0742078 0.0719243 0.0679171 0.062705 0.0567344 0.0503633 0.0438586 0.0374111 0.0311616 0.0252287 0.0197306 0.0147936 0.0105432 0.00707755 0.00443453
 0.00789955 0.0128988 0.0195349 0.0277783 0.0373617 0.0476244 0.0574849 0.0657099 0.0713607 0.0740872 0.0740826 0.0718292 0.067872 0.0627138 0.0567864 0.0504404 0.0439429 0.0374899 0.0312277 0.0252789 0.0197634 0.0148088 0.0105425 0.00706512 0.00441609
 0.00788431 0.0128763 0.019505 0.0277424 0.0373218 0.047582 0.0574401 0.0656608 0.0713043 0.0740214 0.0740094 0.0717573 0.0678159 0.0626895 0.0568041 0.0504998 0.0440336 0.0375954 0.031332 0.02537 0.0198343 0.0148574 0.0105703 0.00707626 0.00441627
 0.00787858 0.0128618 0.019474 0.0276852 0.0372307 0.0474559 0.0572879 0.0655009 0.0711586 0.0739077 0.0739363 0.0717245 0.0678182 0.0627222 0.0568654 0.0505891 0.044148 0.0377274 0.0314693 0.0254991 0.0199442 0.0149417 0.0106282 0.00711111 0.00443395
 0.00788421 0.0128695 0.0194826 0.0276917 0.0372297 0.0474397 0.0572481 0.065431 0.0710585 0.0737862 0.0738103 0.0716136 0.0677385 0.0626816 0.0568642 0.0506231 0.0442113 0.0378128 0.0315684 0.0256015 0.0200391 0.0150208 0.010687 0.00714996 0.0044564
 0.00785042 0.0128143 0.0193994 0.027575 0.0370771 0.0472547 0.0570418 0.0652215 0.0708661 0.0736287 0.0736995 0.0715558 0.0677361 0.062734 0.0569672 0.0507683 0.0443866 0.0380047 0.031763 0.0257861 0.0202028 0.0151557 0.0107894 0.00722092 0.00450089
 0.0078547 0.0128153 0.0193898 0.0275443 0.0370139 0.0471512 0.0568976 0.0650452 0.0706743 0.0734419 0.0735379 0.0714356 0.0676676 0.0627212 0.0570084 0.0508577 0.0445151 0.0381604 0.0319322 0.0259546 0.0203579 0.0152875 0.0108925 0.00729458 0.00454868
 0.00782313 0.0127678 0.019325 0.0274626 0.0369165 0.0470382 0.0567679 0.0648986 0.0705138 0.0732765 0.0733831 0.07131 0.0675882 0.0626992 0.0570471 0.0509526 0.044656 0.0383334 0.0321218 0.0261449 0.0205345 0.0154391 0.0110124 0.00738156 0.00460615
 0.00778911 0.0127137 0.0192461 0.0273561 0.0367827 0.0468821 0.0566001 0.0647332 0.0703647 0.0731532 0.0732891 0.0712454 0.0675538 0.0626985 0.0570854 0.0510333 0.0447777 0.038489 0.032299 0.0263287 0.0207096 0.0155928 0.0111364 0.00747304 0.00466764
 0.00776067 0.0126646 0.0191671 0.0272376 0.0366176 0.0466702 0.0563521 0.0644709 0.070117 0.0729482 0.0731473 0.0711757 0.0675542 0.0627596 0.0571955 0.0511821 0.0449568 0.0386904 0.0325131 0.0265432 0.0209112 0.0157689 0.0112786 0.00757849 0.00473897
 0.00773612 0.0126205 0.0190933 0.0271218 0.0364487 0.0464431 0.056072 0.0641557 0.0697953 0.0726541 0.0729136 0.0710282 0.0675063 0.0628111 0.0573337 0.0513867 0.0452054 0.0389625 0.032791 0.0268117 0.0211564 0.0159794 0.0114471 0.00770299 0.00482322
 0.00930002 0.0148096 0.021735 0.0298368 0.0387606 0.0479533 0.0565992 0.0637632 0.0687127 0.0711616 0.0712563 0.0693825 0.0659838 0.0614737 0.0562082 0.0504747 0.0444922 0.0384239 0.0323997 0.0265404 0.0209795 0.0158731 0.0113897 0.00767637 0.00481349
 0.00930052 0.0150983 0.0226764 0.0318815 0.0422485 0.0528483 0.0623206 0.0692795 0.0729061 0.073267 0.0711133 0.0673807 0.0627945 0.0577647 0.0524776 0.0470204 0.0414567 0.0358539 0.0302913 0.024865 0.0196954 0.0149305 0.0107329 0.00724588 0.00455061
 0.00895194 0.014553 0.021917 0.030962 0.0413458 0.0522954 0.0625661 0.0707268 0.0756717 0.0770008 0.0750428 0.0706024 0.0646494 0.0580667 0.0514845 0.0452225 0.0393461 0.0337903 0.0284761 0.0233781 0.018544 0.0140843 0.0101444 0.00686141 0.00431652
 0.00878079 0.0142626 0.0214584 0.0302861 0.0404226 0.0511489 0.0613162 0.0696159 0.0750419 0.0771977 0.0762606 0.0727411 0.0672857 0.0605919 0.0533494 0.0461463 0.0393713 0.033183 0.0275647 0.0224295 0.017717 0.0134422 0.00968852 0.00656245 0.00413527
 0.00871457 0.0141503 0.0212796 0.0300157 0.0400326 0.0506142 0.0606265 0.068794 0.0741653 0.0764151 0.0757817 0.0727827 0.0679751 0.0618739 0.0549647 0.0477163 0.0405544 0.0338063 0.0276581 0.0221605 0.0172868 0.0130074 0.00933403 0.00631229 0.00397799
 0.00869287 0.0141114 0.0212141 0.0299113 0.0398753 0.0503904 0.060325 0.0684091 0.0737005 0.0758922 0.0752541 0.0723456 0.0677569 0.061995 0.0554746 0.0485441 0.0415144 0.0346698 0.0282513 0.0224271 0.0172837 0.0128489 0.00912987 0.00613267 0.00384989
 0.00869076 0.0141075 0.0212069 0.0298982 0.0398517 0.0503488 0.0602552 0.0682985 0.0735368 0.0756673 0.0749704 0.0720239 0.0674438 0.0617632 0.0554056 0.0486935 0.0418752 0.0351601 0.0287431 0.0228037 0.0174876 0.0128935 0.00907317 0.00603871 0.00376274
 0.00867872 0.0140898 0.0211836 0.0298706 0.0398216 0.0503175 0.0602224 0.0682614 0.0734897 0.0756016 0.0748764 0.0718955 0.0672847 0.0615935 0.0552638 0.0486286 0.0419262 0.0353329 0.0289994 0.0230745 0.0177052 0.0130211 0.0091141 0.00602278 0.00372435
 0.00866927 0.0140741 0.0211596 0.0298365 0.0397768 0.0502637 0.060164 0.0682047 0.0734408 0.0755631 0.0748457 0.0718649 0.0672452 0.0615403 0.055202 0.0485762 0.0419097 0.0353748 0.0291043 0.023222 0.0178581 0.0131435 0.0091876 0.00605043 0.00372248
 0.00867451 0.0140808 0.0211662 0.0298403 0.0397745 0.0502521 0.0601415 0.068172 0.0734006 0.0755198 0.074804 0.0718278 0.0672125 0.0615091 0.0551697 0.0485439 0.0418855 0.0353718 0.0291332 0.0232833 0.0179392 0.0132241 0.00924992 0.00608696 0.00373652
 0.00867065 0.0140782 0.0211689 0.0298536 0.039803 0.0502968 0.0601971 0.0682278 0.073444 0.0755408 0.0747985 0.071798 0.0671648 0.0614511 0.0551076 0.0484829 0.0418306 0.0353293 0.02911 0.0232834 0.0179603 0.0132571 0.0092833 0.00611198 0.00375031
 0.00863545 0.0140239 0.021093 0.0297569 0.0396903 0.0501779 0.0600865 0.0681421 0.0733967 0.0755375 0.0748346 0.0718611 0.0672402 0.0615266 0.0551761 0.0485418 0.0418807 0.0353733 0.0291518 0.0233264 0.0180055 0.0133024 0.00932403 0.00614378 0.00377135
 0.00864579 0.0140348 0.0210987 0.0297485 0.0396587 0.050118 0.0600005 0.0680406 0.0732963 0.0754555 0.0747842 0.0718478 0.0672612 0.0615723 0.0552344 0.0486019 0.0419358 0.0354211 0.0291932 0.0233638 0.0180408 0.0133357 0.00935388 0.00616796 0.00378855
 0.00863461 0.0140194 0.0210802 0.0297289 0.0396391 0.0500964 0.0599716 0.0679976 0.0732351 0.0753794 0.0747043 0.0717804 0.0672209 0.0615671 0.0552632 0.0486559 0.0420032 0.035491 0.0292584 0.023421 0.0180896 0.0133765 0.00938684 0.00619313 0.0038062
 0.00860013 0.013969 0.0210151 0.0296541 0.0395625 0.0500268 0.0599163 0.0679604 0.0732155 0.0753725 0.0747034 0.0717803 0.0672213 0.061573 0.0552816 0.0486917 0.0420558 0.0355549 0.0293259 0.0234851 0.0181457 0.0134226 0.00942271 0.00621942 0.00382413
 0.00860013 0.013969 0.0210151 0.0296541 0.0395625 0.0500268 0.0599163 0.0679604 0.0732155 0.0753725 0.0747034 0.0717803 0.0672213 0.061573 0.0552816 0.0486917 0.0420558 0.0355549 0.0293259 0.0234851 0.0181457 0.0134226 0.00942271 0.00621942 0.00382413
 0.00884883 0.0143558 0.021563 0.030369 0.0404277 0.0509977 0.0609164 0.0688864 0.0739556 0.0758333 0.0748328 0.0715764 0.0667275 0.0608639 0.0544463 0.0478174 0.0412152 0.0347992 0.0286833 0.022965 0.0177442 0.0131278 0.00921796 0.00608608 0.00374342
 0.00898457 0.0145953 0.0219566 0.0309707 0.0412771 0.0520935 0.0621952 0.0702219 0.0751848 0.0767986 0.0754182 0.0717268 0.0664493 0.0602151 0.053521 0.0467279 0.0400733 0.0337009 0.027699 0.0221364 0.0170863 0.0126351 0.00887105 0.0058576 0.00360365
 0.00901834 0.0146596 0.0220724 0.031167 0.0415889 0.0525552 0.0628291 0.0710239 0.0761125 0.0777661 0.0763065 0.0724084 0.0668209 0.0602243 0.0531761 0.0460909 0.0392408 0.0327811 0.0267916 0.0213178 0.0164036 0.0121061 0.0084899 0.00560282 0.00344628
 0.00841367 0.0137023 0.0206855 0.0293123 0.0392934 0.0499431 0.060143 0.0686072 0.0743361 0.0769236 0.0765262 0.0736216 0.0687929 0.0626264 0.0556713 0.0484049 0.041202 0.0343243 0.0279338 0.022123 0.0169502 0.0124662 0.00872059 0.00574566 0.00353077
#pred catch len freq
 0.0052083 0.00814565 0.0116934 0.0156889 0.0200269 0.0246602 0.0295217 0.0344657 0.0392887 0.0437878 0.0478009 0.0512178 0.0539834 0.0560934 0.0575761 0.058471 0.0588129 0.0586166 0.0578379 0.0563098 0.0537014 0.0495902 0.0436907 0.0361462 0.0276646
 0.00529714 0.00822839 0.0117082 0.0155515 0.019667 0.0240706 0.0287891 0.033753 0.0387677 0.0435601 0.0478545 0.0514447 0.0542429 0.0562831 0.0576763 0.0585448 0.0589659 0.0589344 0.0583308 0.0568954 0.0542373 0.0499419 0.0437951 0.0360329 0.0274273
 0.00569199 0.00880669 0.0124557 0.0164016 0.0205044 0.0247499 0.0291645 0.0337213 0.0383157 0.0427908 0.0469618 0.0506354 0.0536483 0.0559178 0.0574683 0.0584085 0.0588632 0.0588831 0.0583656 0.0570159 0.0543869 0.0500333 0.0437619 0.0358677 0.0271796
 0.00602391 0.00933425 0.0132256 0.0174442 0.0218214 0.0262955 0.0308263 0.0353161 0.0396162 0.0435854 0.0471267 0.0501851 0.0527323 0.0547583 0.0562701 0.0572952 0.0578716 0.0580032 0.0575811 0.0563157 0.0537547 0.049442 0.0431884 0.0353132 0.0266736
 0.00635034 0.00983791 0.0139361 0.018379 0.0229923 0.0277138 0.0324947 0.0372036 0.0416263 0.0455376 0.0487733 0.0512703 0.0530766 0.0543259 0.05518 0.0557661 0.0561351 0.0562355 0.0558822 0.0547277 0.0522916 0.0481115 0.0420041 0.0342973 0.0258512
 0.0067141 0.0103952 0.0147126 0.0193797 0.0242075 0.0291283 0.0340922 0.0389641 0.0435173 0.0474991 0.0506977 0.0529886 0.05437 0.0549757 0.0550408 0.054825 0.0545187 0.0541599 0.0535793 0.0523893 0.0500526 0.0460634 0.0402135 0.0328138 0.0247014
 0.00712865 0.0110301 0.0155965 0.0205163 0.0255809 0.030711 0.035848 0.0408458 0.0454661 0.0494472 0.0525693 0.0546935 0.055792 0.0559654 0.0554317 0.0544771 0.0533748 0.0522819 0.0511406 0.0496285 0.0472175 0.0433707 0.0378305 0.0308506 0.0232051
 0.00752418 0.011642 0.0164602 0.0216468 0.0269748 0.0323493 0.0376941 0.0428411 0.0475305 0.0514863 0.0544852 0.0563931 0.0571868 0.0569649 0.0559341 0.0543708 0.0525617 0.0507203 0.0488859 0.0468466 0.0441599 0.0403227 0.0350525 0.0285311 0.0214349
 0.00799799 0.0123645 0.0174604 0.0229243 0.0285082 0.0341075 0.0396397 0.0449244 0.0496806 0.0536093 0.0564706 0.0581266 0.0585642 0.0578992 0.0563531 0.0542082 0.0517534 0.0492197 0.0466992 0.044071 0.0409993 0.0370622 0.0319968 0.0259305 0.019429
 0.00853509 0.0131789 0.0185777 0.0243326 0.0301681 0.035967 0.041643 0.0470101 0.0517779 0.0556369 0.0583395 0.0597437 0.0598373 0.0587435 0.0566961 0.0539904 0.0509264 0.0477505 0.0445885 0.0413862 0.0379027 0.033809 0.0288894 0.0232412 0.0173284
 0.00902161 0.0139262 0.0196217 0.0256793 0.0317962 0.0378339 0.0436854 0.0491429 0.0538988 0.0576389 0.0601239 0.0612275 0.0609533 0.059437 0.0569202 0.0537027 0.050089 0.0463351 0.0425934 0.0388635 0.034986 0.0307205 0.0259068 0.0206297 0.0152666
 0.0095397 0.0147204 0.0207284 0.0271035 0.0335166 0.0398102 0.0458582 0.0514278 0.0561836 0.0597913 0.0620082 0.0627246 0.0619764 0.0599381 0.0568844 0.0531339 0.0489954 0.0447246 0.0404839 0.0363081 0.0321022 0.0277026 0.0230033 0.0180846 0.0132499
 0.0100381 0.0154845 0.0217936 0.028475 0.035175 0.0417187 0.0479634 0.0536542 0.0584296 0.061933 0.0639108 0.0642573 0.0630297 0.0604378 0.0567993 0.0524715 0.047789 0.043019 0.0383321 0.0337837 0.0293219 0.0248401 0.0202751 0.0157033 0.0113643
 0.0103573 0.015984 0.0225099 0.0294317 0.0363817 0.04317 0.0496329 0.0554881 0.0603461 0.0638284 0.0656691 0.06576 0.0641667 0.0611186 0.0569629 0.0520922 0.0468756 0.0416091 0.036487 0.0315902 0.0269008 0.0223527 0.0179105 0.0136422 0.00973234
 0.0105643 0.0163101 0.0229824 0.0300722 0.0372069 0.0441899 0.0508458 0.0568726 0.0618552 0.0653886 0.0671854 0.0671261 0.0652769 0.0618804 0.0573057 0.0519723 0.0462789 0.0405518 0.0350163 0.029786 0.0248791 0.020263 0.0159211 0.0119087 0.00836034
 0.0106807 0.0165026 0.0232787 0.0305013 0.0377947 0.0449528 0.0517817 0.057957 0.0630432 0.0666207 0.0683936 0.0682368 0.0662147 0.0625721 0.057687 0.0519943 0.0459132 0.0397955 0.0338958 0.0283626 0.0232508 0.0185606 0.0142912 0.0104853 0.00723307
 0.0107102 0.016562 0.0233904 0.0306961 0.0381085 0.0454181 0.0524187 0.0587643 0.0639931 0.0676602 0.06945 0.0692289 0.067065 0.063216 0.0580755 0.0520929 0.0457008 0.039266 0.0330641 0.0272717 0.0219773 0.0172114 0.0129892 0.00934307 0.00632644
 0.0106651 0.0164886 0.0232815 0.0305494 0.0379325 0.0452399 0.0522868 0.0587438 0.0641488 0.0680346 0.0700455 0.070003 0.0679385 0.0640906 0.0588524 0.0526872 0.0460498 0.0393326 0.0328391 0.0267771 0.0212685 0.0163747 0.012128 0.00855647 0.00568558
 0.0107213 0.0165575 0.023343 0.0305705 0.0378758 0.0450779 0.0520175 0.0583987 0.0637916 0.0677502 0.0699204 0.0701015 0.0682808 0.0646428 0.0595332 0.0533886 0.0466621 0.039766 0.0330377 0.0267254 0.0209924 0.0159359 0.0116108 0.00804713 0.00525103
 0.0108661 0.0167671 0.0236098 0.0308677 0.038161 0.0453014 0.0521314 0.058367 0.0636016 0.0674229 0.0695147 0.0697051 0.067988 0.0645254 0.059617 0.0536445 0.0470153 0.0401194 0.0333001 0.0268351 0.0209304 0.015726 0.0113085 0.00771932 0.00495544
 0.0109671 0.0169243 0.0238324 0.0311577 0.0385105 0.0456893 0.0525205 0.0587055 0.0638312 0.067494 0.0694036 0.0694262 0.0675958 0.0641031 0.0592525 0.0534022 0.0469149 0.0401321 0.033363 0.026878 0.0209023 0.0156107 0.0111242 0.0075055 0.00475347
 0.0111499 0.0171872 0.0241652 0.0315312 0.0388864 0.0460364 0.0528244 0.0589655 0.0640471 0.0676528 0.0694767 0.0693803 0.0674116 0.0637917 0.0588592 0.0529941 0.0465572 0.0398643 0.0331868 0.0267631 0.0208062 0.0155006 0.0109899 0.00735816 0.00461412
 0.0113172 0.0174338 0.0244885 0.0319105 0.039287 0.0464176 0.0531483 0.0592037 0.0641866 0.0676977 0.0694435 0.0692866 0.0672659 0.0635924 0.0586044 0.0526946 0.046241 0.0395678 0.032939 0.026573 0.0206624 0.0153826 0.0108812 0.00725426 0.00452021
 0.0112413 0.0173397 0.0244007 0.0318687 0.0393336 0.0465786 0.0534181 0.0595431 0.0645361 0.0679989 0.0696566 0.0693979 0.0672836 0.0635356 0.0584924 0.052542 0.0460607 0.0393756 0.0327534 0.0264098 0.0205286 0.0152753 0.0107932 0.00717948 0.00445732
