SBPRF35
8.74786
Curr Bio
537335
B35
627517
F35
0.201622
FOFL
0.15899
OFL
64061.2
Bzero
2.49939e+006
#pred survey bio
 3.36776e+006 3.49157e+006 3.60176e+006 3.48794e+006 3.18986e+006 2.81376e+006 2.49568e+006 2.28591e+006 2.05781e+006 1.81733e+006 1.61943e+006 1.40319e+006 1.21448e+006 1.08118e+006 970649 833442 727012 693752 690449 679804 614690 566521 542690 545967 562899 574644 586913 587954 573062 557810 562635 581026 594807 586133 574902 560587 576700 587054 637627 648617 585305 524971 535135 570914 594198 579560 521839 514372 520994 524888 551714 608909 643683 617953 544591 1.77925e+007 1.10284e+007 1.17148e+007 1.27989e+007 1.40443e+007 1.52559e+007 1.63223e+007 1.72011e+007 1.78933e+007 1.84221e+007 1.88176e+007 1.91095e+007 1.93232e+007 1.9479e+007 1.95926e+007 1.96756e+007 1.97364e+007 1.97812e+007 1.98144e+007 1.98391e+007 1.98576e+007 1.98716e+007 1.98822e+007 1.98903e+007 1.98965e+007 1.99012e+007 1.99048e+007 1.99077e+007 1.99098e+007 1.99115e+007 1.99128e+007 1.99139e+007 1.99147e+007 1.99153e+007 1.99158e+007 1.99162e+007 1.99165e+007 1.99167e+007 1.99169e+007 1.9917e+007 1.99171e+007 1.99172e+007 1.99173e+007 1.99174e+007 1.99174e+007 1.99174e+007 1.99175e+007 1.99175e+007 1.99175e+007 1.99175e+007 1.99175e+007 1.99175e+007 1.99175e+007 1.99175e+007 1.99175e+007 1.99175e+007 1.99175e+007 1.99175e+007 1.99175e+007 1.99175e+007 1.99175e+007 1.99175e+007 1.99175e+007 1.99175e+007 1.99175e+007 1.99175e+007 1.99175e+007 1.99176e+007 1.99176e+007 1.99176e+007 1.99176e+007 1.99176e+007 1.99176e+007 1.99176e+007 1.99176e+007 1.99176e+007 1.99176e+007 1.99176e+007 1.99176e+007 1.99176e+007 1.99176e+007 1.99176e+007 1.99176e+007 1.99176e+007 1.99176e+007 1.99176e+007 1.99176e+007 1.99176e+007 1.99176e+007 1.99176e+007 1.99176e+007 1.99176e+007 1.99176e+007 1.99176e+007 1.99176e+007 1.99176e+007 1.99176e+007 1.99176e+007 1.99176e+007 1.99176e+007 0 0 0 0 0 0 0 0 0 0 0 0 0 0 0 0 0 0 0 0 0 0 0 0 0
#obs survey bio
 3.2139e+006 2.58002e+006 4.64749e+006 3.6853e+006 4.21165e+006 2.30133e+006 2.08901e+006 2.31045e+006 1.94903e+006 1.72556e+006 1.60843e+006 1.05433e+006 966640 1.05076e+006 1.06824e+006 868116 608729 557789 952145 542936 623164 508908 548207 588204 471371 551951 552061 657253 540307 477551 560306 641679 574111 704973 435686 500281 800878 628715 609757 841112 507431 399967 499801 411200 685141 705240 532418 460104 638158 304580 511868 639598 738582 623896 630775
#pred catch bio
 98591.3 102681 146703 198586 231119 265999 276621 275137 310680 315798 316287 278073 254874 242324 242491 204878 174804 162502 148714 142905 125172 124684 109885 108144 116649 107594 98024.4 104311 95283.7 96647.3 99374.4 93187.8 104854 98234.8 96745.6 90797.9 98570.2 79238.7 97236.9 88596.8 88708.5 89643.3 84702.2 93858.2 89563.1 91949.8 82437.3 95467.9 92063.5 90930.7 76888.7 89148.6 102768 123119 81532.4 64061.2 81818 85742.9 92938.4 101747 110334 117778 123770 128350 131718 134127 135811 136969 137754 138282 138633 138865 139017 139117 139182 139225 139252 139270 139281 139289 139294 139297 139299 139300 139301 139301 139302 139302 139302 139302 139302 139302 139302 139302 139302 139302 139302 139302 139302 139302 139302 139302 139302 139302 139302 139302 139302 139302 139302 139302 139302 139302 139302 139302 139302 139302 139302 139302 139302 139302 139302 139302 139302 139302 139302 139302 139302 139302 139302 139302 139302 139302 139302 139302 139302 139302 139302 139302 139302 139302 139302 139302 139302 139302 139302 139302 139302 139302 139302 139302 139302 139302 139302 139302 139302 0 0 0 0 0 0 0 0 0 0 0 0 0 0 0 0 0 0 0 0 0 0 0 0 0
#obs catch bio
 0 102461 146662 198690 230993 266145 277124 274687 310744 316376 316592 277587 255050 242727 242568 204123 175279 163599 148903 142467 124863 125009 109840 108176 116984 107660 97779.1 104415 95068.2 96682.8 99681.1 92998.7 104968 98172.6 96688 90873.3 98760.2 79092.9 97500.2 88337.9 88571 89973.3 84736.1 94085.9 89417 91850.8 82328 95867.9 91919.8 91162.7 76803.5 89186.2 102557 123600 81326.4
#pred cpue bio
 3.3321e+006 3.45495e+006 3.56223e+006 3.4478e+006 3.15133e+006 2.77741e+006 2.46072e+006 2.25105e+006 2.02385e+006 1.78447e+006 1.58731e+006 1.37276e+006 1.18575e+006 1.05323e+006 943501 808261 703536 670197 666453 656160 593072 546304 522990 526127 542488 553753 565713 566918 552549 537929 542569 560451 574173 565938 555401 541513 555795 563695 611471 622115 561992 504086 513648 548294 570766 556910 501454 494203 500469 504360 530022 585421 619234 594248 522675 1.70641e+007 1.05597e+007 1.11249e+007 1.21268e+007 1.33538e+007 1.45625e+007 1.56285e+007 1.65072e+007 1.71995e+007 1.77283e+007 1.81238e+007 1.84157e+007 1.86293e+007 1.87852e+007 1.88988e+007 1.89817e+007 1.90425e+007 1.90873e+007 1.91205e+007 1.91453e+007 1.91638e+007 1.91778e+007 1.91884e+007 1.91964e+007 1.92026e+007 1.92074e+007 1.9211e+007 1.92138e+007 1.9216e+007 1.92177e+007 1.9219e+007 1.922e+007 1.92208e+007 1.92215e+007 1.92219e+007 1.92223e+007 1.92226e+007 1.92229e+007 1.9223e+007 1.92232e+007 1.92233e+007 1.92234e+007 1.92235e+007 1.92235e+007 1.92236e+007 1.92236e+007 1.92236e+007 1.92236e+007 1.92237e+007 1.92237e+007 1.92237e+007 1.92237e+007 1.92237e+007 1.92237e+007 1.92237e+007 1.92237e+007 1.92237e+007 1.92237e+007 1.92237e+007 1.92237e+007 1.92237e+007 1.92237e+007 1.92237e+007 1.92237e+007 1.92237e+007 1.92237e+007 1.92237e+007 1.92237e+007 1.92237e+007 1.92237e+007 1.92237e+007 1.92237e+007 1.92237e+007 1.92237e+007 1.92237e+007 1.92237e+007 1.92237e+007 1.92237e+007 1.92237e+007 1.92237e+007 1.92237e+007 1.92237e+007 1.92237e+007 1.92237e+007 1.92237e+007 1.92237e+007 1.92237e+007 1.92237e+007 1.92237e+007 1.92237e+007 1.92237e+007 1.92237e+007 1.92237e+007 1.92237e+007 1.92237e+007 1.92237e+007 1.92237e+007 1.92237e+007 1.92237e+007 1.92237e+007 0 0 0 0 0 0 0 0 0 0 0 0 0 0 0 0 0 0 0 0 0 0 0 0 0
#obs cpue bio
 2.87555e+006 3.91184e+006 3.8735e+006 3.18957e+006 2.48055e+006 3.25328e+006 2.31401e+006 2.81343e+006 2.13385e+006 1.54975e+006 1.78469e+006 2.03508e+006 1.28859e+006 991933 1.00168e+006 932907 586166 626659 583508 1.15163e+006 551988 504591 543335 462139 601965 600557 693910 471296 668666 551455 455450 625397 580986 475369 785094 478798 474354 440520 657952 624435 671731 460904 566539 737908 590421 527003 421467 452802 541098 701642 543682 580409 647779 548239 444462
#pred surv len freq
 0.00419203 0.00692053 0.0106291 0.0153672 0.0210534 0.0273796 0.0337965 0.0396672 0.0445128 0.048165 0.0507285 0.0524332 0.0535075 0.0541268 0.0544134 0.0544563 0.0543337 0.0541129 0.0537954 0.0532063 0.0519012 0.0492217 0.0445779 0.0378529 0.029649
 0.00458272 0.00744213 0.0112072 0.0158702 0.0213384 0.0273603 0.0334899 0.0391853 0.0440014 0.0477314 0.0504051 0.0521937 0.0533162 0.0539824 0.054361 0.0545629 0.0546435 0.0546039 0.0543631 0.0536875 0.052135 0.0491189 0.0441621 0.0372457 0.02901
 0.00459867 0.00756141 0.0115498 0.0165805 0.0225185 0.0289822 0.0353458 0.0409299 0.0452855 0.0483497 0.0503633 0.0516604 0.0525106 0.0530832 0.05348 0.0537676 0.053979 0.0540892 0.0539679 0.0533244 0.0516877 0.0485008 0.0433675 0.0363579 0.0281588
 0.00473364 0.00774434 0.0117659 0.0168147 0.0227857 0.0293567 0.0359571 0.0419017 0.0466387 0.0499336 0.0518807 0.0527882 0.0530421 0.0529991 0.0529169 0.0529268 0.0530442 0.0531827 0.0531402 0.0525601 0.0509289 0.0476888 0.0424869 0.0354565 0.0273259
 0.00492134 0.0080554 0.0122415 0.0174883 0.0236674 0.0304178 0.0371289 0.0431014 0.0478107 0.0510711 0.052996 0.0538473 0.0539233 0.0535234 0.0529368 0.0524063 0.0520719 0.0519199 0.0517457 0.0511401 0.0495297 0.0463245 0.0411788 0.0342543 0.0262981
 0.00513535 0.00840362 0.0127667 0.0182315 0.0246611 0.0316725 0.0386169 0.044746 0.0494941 0.0526614 0.0543835 0.0549678 0.0547488 0.0540273 0.0530648 0.0520851 0.0512558 0.0506344 0.050093 0.0492639 0.0475719 0.0444037 0.0393936 0.0326913 0.025026
 0.00535811 0.00877485 0.0133421 0.019068 0.0258049 0.0331402 0.040377 0.046713 0.0515406 0.0546421 0.056158 0.0564185 0.0557916 0.0546149 0.0531757 0.0517065 0.0503744 0.0492502 0.0482474 0.0470585 0.0451621 0.0419726 0.0371209 0.0307256 0.0234624
 0.00554881 0.00909488 0.0138429 0.0198059 0.0268314 0.0344864 0.0420352 0.0486271 0.0536097 0.0567354 0.0581337 0.058139 0.0571376 0.0554946 0.0535294 0.0515031 0.0496041 0.0479223 0.0463993 0.0447752 0.0425899 0.0393121 0.0345938 0.0285278 0.0217203
 0.00575104 0.00942157 0.0143317 0.0204927 0.0277471 0.03565 0.0434444 0.0502514 0.0553903 0.0585899 0.0599628 0.0598322 0.0585801 0.0565757 0.0541524 0.0515933 0.0491141 0.0468359 0.0447396 0.0426181 0.0400769 0.0366484 0.0320191 0.0262641 0.0199173
 0.00594948 0.00976565 0.0148883 0.021335 0.0289357 0.0372048 0.0453208 0.0523384 0.057537 0.0606462 0.0618092 0.0613877 0.0597906 0.0573973 0.0545391 0.0514943 0.0484799 0.0456317 0.042965 0.0403297 0.0374067 0.0338038 0.0292542 0.0238221 0.0179673
 0.00611572 0.0100508 0.0153463 0.0220289 0.0299282 0.0385405 0.0470042 0.0543179 0.0597033 0.0628462 0.0638721 0.0631566 0.0611486 0.0582772 0.0549143 0.0513565 0.0478205 0.0444384 0.0412381 0.0381112 0.0348091 0.0310194 0.0265295 0.0214011 0.0160253
 0.00642742 0.0105387 0.0160463 0.0229645 0.0311103 0.0399659 0.0486511 0.0561404 0.0616293 0.0647814 0.0657058 0.0647693 0.0624241 0.0591185 0.0552562 0.0511686 0.0470979 0.0431907 0.0394877 0.0359099 0.0322633 0.0283053 0.0238767 0.0190417 0.0141291
 0.00673101 0.0110287 0.0167756 0.023976 0.0324243 0.0415636 0.0504621 0.0580473 0.0634962 0.0664897 0.0671775 0.0659633 0.0633147 0.0596753 0.0554378 0.0509297 0.0464024 0.0420215 0.0378555 0.0338632 0.0299041 0.0257964 0.021427 0.0168619 0.0123751
 0.00690701 0.0113387 0.0172859 0.0247615 0.0335501 0.0430556 0.0522795 0.060075 0.0655655 0.0684186 0.0688113 0.0672009 0.0641142 0.0600407 0.0553939 0.0504985 0.0455909 0.0408263 0.0362801 0.0319417 0.0277208 0.0234939 0.0191904 0.0148779 0.0107811
 0.0070139 0.0115278 0.0176004 0.0252551 0.03428 0.0440681 0.0535913 0.0616578 0.0673383 0.0702529 0.0705479 0.068678 0.0652003 0.0606584 0.0555259 0.0501715 0.0448503 0.0397157 0.0348373 0.0302127 0.0257825 0.021467 0.0172312 0.0131449 0.00939087
 0.00729628 0.0119711 0.0182385 0.0261098 0.0353585 0.0453599 0.0550622 0.0632472 0.0689635 0.0718187 0.0719561 0.0698331 0.0660153 0.0610647 0.0554848 0.0496819 0.0439449 0.0384491 0.0332742 0.0284255 0.023859 0.01952 0.0153941 0.0115473 0.00812421
 0.00754808 0.0123711 0.018822 0.026901 0.0363636 0.0465579 0.0563986 0.0646366 0.0703078 0.073031 0.072976 0.0706259 0.0665581 0.0613342 0.0554532 0.0493246 0.0432523 0.0374354 0.0319802 0.0269165 0.0222237 0.0178671 0.0138426 0.0102061 0.00706646
 0.00756668 0.012426 0.0189503 0.0271522 0.0367871 0.0471839 0.05722 0.0656055 0.0713466 0.0740538 0.0739075 0.0714112 0.0671628 0.0617373 0.0556382 0.0492735 0.0429467 0.0368655 0.0311557 0.0258756 0.0210356 0.0166267 0.0126562 0.00917013 0.00624519
 0.00757228 0.0124224 0.0189237 0.0270885 0.0366839 0.047065 0.0571422 0.0656472 0.0715789 0.0745081 0.0745586 0.0721853 0.0679637 0.0624729 0.0562365 0.049684 0.0431362 0.0368141 0.0308597 0.0253545 0.0203376 0.0158276 0.0118472 0.00843812 0.00565178
 0.00766148 0.0125352 0.0190336 0.02715 0.0366446 0.0468857 0.0568177 0.0652177 0.0711274 0.0741432 0.0743863 0.0722758 0.0683268 0.0630536 0.0569333 0.0503801 0.0437269 0.0372233 0.0310451 0.0253084 0.0200868 0.015429 0.0113772 0.00797489 0.00525612
 0.00780848 0.0127659 0.0193629 0.0275794 0.0371536 0.0474242 0.0573046 0.0655548 0.0712322 0.0739859 0.0740104 0.0717884 0.0678604 0.062719 0.0567842 0.0504025 0.0438544 0.0373665 0.0311219 0.0252658 0.0199102 0.0151415 0.0110285 0.00762333 0.00495086
 0.00780514 0.0127773 0.019411 0.0276944 0.0373652 0.0477474 0.0577256 0.0660256 0.071677 0.0743195 0.0741635 0.0717323 0.067621 0.0623716 0.0564263 0.0501175 0.0436814 0.0372921 0.0310949 0.0252253 0.0198124 0.014974 0.0108098 0.00738994 0.00473962
 0.00789576 0.0129136 0.0195966 0.0279277 0.0376435 0.0480708 0.0580973 0.0664448 0.0721278 0.074762 0.0745349 0.0719617 0.0676538 0.0621929 0.0560713 0.0496605 0.0432085 0.0368696 0.0307504 0.0249489 0.0195752 0.0147506 0.0105916 0.00718552 0.00456479
 0.00791893 0.0129406 0.0196175 0.0279272 0.0376059 0.0479879 0.0579764 0.0663121 0.0720245 0.0747325 0.0746104 0.072144 0.0679088 0.0624595 0.0562851 0.0497803 0.04323 0.0368194 0.0306657 0.0248569 0.0194848 0.0146585 0.0104942 0.0070861 0.00447266
 0.0078743 0.0128773 0.0195387 0.0278402 0.0375179 0.0479009 0.0578851 0.0662079 0.0719047 0.0746095 0.0745136 0.0721105 0.067967 0.0626132 0.0565078 0.0500243 0.0434464 0.036977 0.0307575 0.0248941 0.0194842 0.0146336 0.0104537 0.0070373 0.00442328
 0.00794303 0.0129748 0.0196596 0.0279714 0.0376431 0.0480075 0.0579677 0.0662661 0.0719373 0.0746101 0.0744736 0.0720281 0.0678548 0.0624968 0.0564148 0.04997 0.0434269 0.0369735 0.0307491 0.0248683 0.0194398 0.0145768 0.010393 0.00697978 0.00437407
 0.00802504 0.0130839 0.0197787 0.0280692 0.0376821 0.0479576 0.0578191 0.0660344 0.0716595 0.0743341 0.0742445 0.0718762 0.0677898 0.062511 0.0564917 0.0500918 0.0435769 0.0371345 0.0309027 0.0249975 0.019534 0.0146343 0.0104195 0.00698475 0.00436728
 0.00797964 0.0130191 0.0196967 0.0279749 0.0375779 0.0478376 0.0576675 0.0658325 0.0713995 0.0740317 0.0739413 0.0716282 0.0676476 0.0625016 0.0566124 0.0503158 0.0438658 0.037449 0.0312091 0.0252703 0.0197567 0.0148002 0.0105311 0.00705173 0.00440227
 0.00801935 0.0130784 0.0197765 0.0280729 0.0376899 0.0479583 0.0577891 0.0659418 0.0714748 0.0740454 0.073869 0.0714631 0.0674095 0.0622348 0.0563701 0.0501412 0.0437783 0.0374434 0.0312632 0.0253557 0.0198478 0.014879 0.0105891 0.00708803 0.00442128
 0.00802708 0.0130853 0.0197764 0.028057 0.0376494 0.0478887 0.0576942 0.0658342 0.0713723 0.0739641 0.0738161 0.0714338 0.0673904 0.0622133 0.056344 0.0501214 0.0437829 0.0374866 0.0313466 0.0254677 0.019969 0.0149905 0.0106783 0.00715073 0.00446008
 0.00791733 0.0129375 0.0196101 0.0279075 0.0375558 0.0478763 0.0577607 0.0659511 0.0714988 0.0740661 0.0738778 0.0714571 0.0673864 0.062193 0.0563146 0.0500886 0.0437546 0.0374733 0.0313572 0.0255046 0.020026 0.0150556 0.0107388 0.00719851 0.00449257
 0.00786255 0.0128393 0.0194476 0.0276617 0.0372216 0.0474759 0.057351 0.0656114 0.0713017 0.0740458 0.074017 0.0717003 0.0676684 0.062464 0.0565493 0.0502818 0.0439123 0.0376054 0.031474 0.0256132 0.0201288 0.0151499 0.0108196 0.0072612 0.00453615
 0.00776431 0.01268 0.0192085 0.0273254 0.0367755 0.0469193 0.0567042 0.0649233 0.0706499 0.0735238 0.0737106 0.07166 0.0678918 0.0628973 0.057109 0.0508837 0.0444924 0.0381269 0.0319227 0.0259881 0.0204345 0.0153917 0.0110026 0.0073918 0.00462249
 0.00767814 0.0125619 0.0190706 0.0271903 0.0366666 0.0468469 0.0566557 0.0648658 0.070545 0.0733488 0.0734744 0.0714054 0.0676813 0.0627885 0.0571319 0.051031 0.0447273 0.038402 0.0321967 0.0262351 0.0206425 0.0155581 0.0111295 0.00748308 0.0046837
 0.00781027 0.0127216 0.0192109 0.0272391 0.0365525 0.0465368 0.0561804 0.0643136 0.0700234 0.0729381 0.0732026 0.0712565 0.0676243 0.062804 0.0572195 0.051198 0.0449728 0.0387071 0.0325286 0.0265581 0.0209286 0.0157919 0.0113069 0.00760849 0.00476591
 0.00862837 0.0139027 0.0207091 0.0289082 0.0381762 0.047886 0.0570685 0.0646321 0.0697589 0.0721729 0.0720937 0.0699903 0.0663647 0.0616592 0.0562406 0.0503991 0.0443508 0.0382509 0.0322187 0.0263664 0.0208226 0.015741 0.0112872 0.00760421 0.00476781
 0.00924736 0.0149083 0.0222116 0.0309823 0.0408141 0.0509401 0.0602185 0.0674242 0.071729 0.0730023 0.0717113 0.0685706 0.0642366 0.0591869 0.0537317 0.0480633 0.0423025 0.036534 0.0308343 0.0252914 0.0200206 0.0151685 0.0108983 0.00735444 0.0046175
 0.00936794 0.0151725 0.0227352 0.0319158 0.0423051 0.0530702 0.062939 0.0705221 0.074845 0.0756992 0.0735747 0.0693153 0.0637835 0.0576778 0.0514726 0.045424 0.0396186 0.0340497 0.0286901 0.0235429 0.0186659 0.0141712 0.0102034 0.00689911 0.00433909
 0.00893863 0.0145355 0.0218964 0.0309372 0.0413102 0.0522389 0.0624892 0.070668 0.0757284 0.0773134 0.0757249 0.0716471 0.0658798 0.0591842 0.0521983 0.0453774 0.0389707 0.0330507 0.0275832 0.0225085 0.0178045 0.0135159 0.00974268 0.00659861 0.00415747
 0.00871198 0.0141707 0.0213569 0.0301996 0.0403793 0.0511678 0.0613963 0.0697343 0.0751653 0.0773067 0.0763723 0.0729128 0.0675836 0.0610354 0.053872 0.0466089 0.0396298 0.0331616 0.0272875 0.0219948 0.0172423 0.013018 0.00936043 0.00633667 0.00399514
 0.00873361 0.0141609 0.0212596 0.0299361 0.0398701 0.0503679 0.0603278 0.0684993 0.0739322 0.0762772 0.075741 0.0728249 0.0680942 0.062082 0.0552747 0.0481114 0.0409719 0.0341563 0.027867 0.0222061 0.0172025 0.012856 0.00917523 0.00618271 0.00388919
 0.00873855 0.0141955 0.0213564 0.0301307 0.0401779 0.0507551 0.0606967 0.0687086 0.073852 0.0758544 0.0750364 0.0720011 0.0673608 0.0616236 0.05519 0.0483828 0.041478 0.0347226 0.0283331 0.0224804 0.0172777 0.0127874 0.00903926 0.00604239 0.00377869
 0.0086485 0.0140746 0.0212234 0.0300227 0.0401445 0.050845 0.0609387 0.0690924 0.0743152 0.0762868 0.0753105 0.072023 0.0671186 0.061201 0.0547337 0.048038 0.0413269 0.034758 0.0284773 0.0226338 0.0173676 0.0127915 0.00897814 0.00595416 0.00369587
 0.00863799 0.0140267 0.0210968 0.029767 0.0397221 0.0502611 0.0602627 0.06845 0.0738486 0.0760984 0.0754207 0.0723643 0.0675678 0.0616353 0.0550804 0.0482945 0.0415406 0.0349822 0.0287331 0.0229003 0.017602 0.012959 0.00906987 0.00598571 0.00369302
 0.00861135 0.0140015 0.0210897 0.0297973 0.039798 0.0503634 0.0603396 0.0684351 0.0736976 0.0758226 0.0750919 0.0720816 0.0674076 0.0616162 0.0551654 0.048424 0.04167 0.0350986 0.028845 0.023016 0.0177163 0.0130559 0.00913591 0.00601854 0.00370096
 0.00855511 0.0139062 0.0209408 0.0295837 0.0395196 0.0500395 0.0600106 0.0681507 0.0734951 0.0757095 0.0750478 0.0720804 0.0674407 0.0616971 0.0553126 0.0486393 0.0419323 0.035375 0.0291077 0.023249 0.0179127 0.013212 0.00924958 0.00609188 0.00374134
 0.00867477 0.0140807 0.0211656 0.0298395 0.0397752 0.0502585 0.0601594 0.0682063 0.073451 0.0755777 0.0748534 0.071851 0.0671987 0.0614597 0.055097 0.0484647 0.0418139 0.0353168 0.0291005 0.023276 0.017956 0.0132578 0.00928861 0.00611965 0.00375755
 0.00847194 0.0138095 0.0208645 0.0295774 0.0396289 0.0502776 0.06034 0.0684912 0.0737556 0.0758262 0.0750042 0.0719015 0.0671731 0.0613912 0.0550152 0.0483909 0.0417623 0.0352955 0.029111 0.0233128 0.0180086 0.0133137 0.00933805 0.00615709 0.00378203
 0.00843778 0.0137468 0.0207598 0.0294224 0.0394316 0.0500752 0.0602 0.0684912 0.0739452 0.0761922 0.0754656 0.0723417 0.0674901 0.0615352 0.0549952 0.0482548 0.0415694 0.0350964 0.0289389 0.0231832 0.0179228 0.0132643 0.00931383 0.00614739 0.00377907
 0.00862222 0.0139938 0.021034 0.0296575 0.0395494 0.0500159 0.0599506 0.0680964 0.0734975 0.0758031 0.0752287 0.0723001 0.0676216 0.0617659 0.0552349 0.048435 0.0416632 0.0351146 0.0289116 0.0231412 0.0178866 0.0132422 0.00930499 0.00614701 0.00378217
 0.00862797 0.0140317 0.02114 0.0298732 0.0398996 0.0504795 0.0604454 0.0684962 0.0736817 0.0757147 0.0749033 0.0718482 0.0671758 0.0614248 0.0550323 0.0483456 0.0416328 0.0350939 0.0288754 0.0230886 0.0178295 0.0131929 0.00926977 0.00612581 0.00377133
 0.00850729 0.0138213 0.0208012 0.0293715 0.039225 0.0496706 0.0596 0.0677509 0.073162 0.0754827 0.0749396 0.0720799 0.0675265 0.0618494 0.0555167 0.0488827 0.0422003 0.0356516 0.0293792 0.023507 0.0181519 0.0134262 0.00942995 0.00623044 0.00383605
 0.00855486 0.0138831 0.0208636 0.0294081 0.0391982 0.0495399 0.0593341 0.0673444 0.0726486 0.0749366 0.0744567 0.0717435 0.0673775 0.0618798 0.055688 0.0491509 0.042529 0.0360106 0.0297384 0.0238368 0.0184291 0.0136397 0.0095815 0.00633013 0.00389704
 0.00865228 0.0140492 0.0211258 0.0297911 0.0397113 0.0501595 0.0599922 0.0679331 0.0730481 0.0750556 0.0742659 0.0712866 0.0667538 0.0612081 0.0550697 0.048648 0.0421629 0.0357734 0.0296066 0.0237809 0.0184198 0.0136525 0.00959992 0.00634587 0.00390776
 0.00903389 0.0146456 0.0219776 0.0309167 0.0410998 0.0517616 0.0617088 0.0696126 0.0745023 0.0760944 0.0747405 0.0711257 0.065984 0.0599498 0.0535066 0.0469812 0.0405655 0.0343634 0.0284419 0.0228712 0.0177437 0.0131735 0.00927683 0.00613937 0.00378364
#obs surv len freq
 nan nan nan nan nan nan nan nan nan nan nan nan nan nan nan nan nan nan nan nan nan nan nan nan nan
 0.00449287 0.00735783 0.0111909 0.016009 0.0217095 0.027983 0.0342938 0.0400215 0.0446977 0.0481585 0.0505138 0.0520074 0.0528977 0.0534085 0.0537215 0.0539755 0.0542533 0.0545456 0.054684 0.0542759 0.0527141 0.0493469 0.0437977 0.0362792 0.0276644
 0.00461957 0.00756805 0.0115147 0.0164756 0.0223398 0.0287778 0.0352231 0.0410221 0.0456831 0.0490377 0.0512087 0.0524642 0.0530908 0.0533394 0.0534138 0.053467 0.0535879 0.0537659 0.0538291 0.0533827 0.0518217 0.0484987 0.0430388 0.0356479 0.027182
 0.00477232 0.00781968 0.0118998 0.0170289 0.02309 0.029737 0.0363749 0.0423144 0.0470321 0.0503397 0.0523556 0.0533585 0.0536579 0.0535368 0.053234 0.0529345 0.0527506 0.0526853 0.052573 0.0520221 0.0504324 0.0471616 0.0418344 0.0346425 0.0264122
 0.00496941 0.00813844 0.0123767 0.0176974 0.0239751 0.0308466 0.0376894 0.0437824 0.0485749 0.0518624 0.0537581 0.0545423 0.0545323 0.0540261 0.053287 0.0525326 0.0519107 0.0514576 0.051035 0.0502733 0.0485897 0.0453529 0.0401858 0.0332568 0.0253472
 0.00518694 0.00849509 0.0129188 0.0184694 0.0250104 0.0321531 0.039236 0.0454958 0.0503517 0.0535906 0.0553348 0.0558796 0.0555549 0.0546667 0.0534868 0.0522469 0.0511196 0.0501764 0.0493216 0.0482308 0.0463626 0.0431145 0.0381132 0.0314973 0.0239865
 0.00541438 0.00886911 0.0134898 0.0192873 0.0261155 0.0335606 0.0409202 0.0473835 0.0523318 0.0555343 0.0571173 0.0573941 0.0567174 0.0554135 0.0537685 0.0520239 0.0503632 0.0488798 0.0475167 0.0460049 0.0438654 0.040547 0.0356952 0.0294197 0.0223669
 0.00564251 0.00924213 0.0140555 0.0200925 0.0271981 0.0349368 0.0425704 0.0492457 0.0543082 0.0575079 0.058968 0.0590105 0.0580029 0.0562895 0.0541743 0.0519137 0.0497045 0.0476573 0.0457473 0.0437591 0.0412839 0.0378377 0.0331006 0.0271615 0.0205894
 0.00588896 0.00964533 0.014667 0.0209617 0.0283627 0.036408 0.0443174 0.0511916 0.0563417 0.0595057 0.060814 0.0606054 0.0592641 0.0571488 0.0545748 0.0518082 0.0490556 0.0464432 0.0439752 0.0414875 0.0386433 0.035034 0.0303856 0.024775 0.0186954
 0.00614641 0.010068 0.0153105 0.0218803 0.0295979 0.0379716 0.0461743 0.0532536 0.0584812 0.0615812 0.0626948 0.0621857 0.0604666 0.05792 0.0548774 0.0516128 0.0483366 0.045182 0.0421751 0.0391974 0.0359822 0.0321985 0.0276251 0.0223339 0.0167467
 0.00637746 0.0104479 0.0158905 0.0227111 0.030721 0.0394037 0.0478912 0.0551837 0.0605134 0.0635847 0.0645403 0.0637593 0.0616782 0.0587055 0.0551961 0.0514403 0.0476575 0.0439876 0.0404728 0.0370321 0.0334613 0.0295024 0.0249876 0.0199893 0.0148652
 0.00659905 0.0108114 0.0164437 0.0235008 0.031784 0.040753 0.0495015 0.0569856 0.0624035 0.0654443 0.0662537 0.0652252 0.0628132 0.059446 0.0554978 0.0512757 0.0470116 0.0428568 0.0388705 0.0350042 0.0311077 0.0269878 0.0225257 0.0177964 0.0131007
 0.0068378 0.0112021 0.0170361 0.0243421 0.0329088 0.0421676 0.0511687 0.0588207 0.064287 0.0672468 0.067858 0.066539 0.0637711 0.0600059 0.0556352 0.050978 0.0462743 0.0416833 0.0372786 0.0330409 0.0288668 0.0246194 0.0202222 0.0157518 0.0114579
 0.00709143 0.0116156 0.0176605 0.0252244 0.034082 0.0436349 0.0528875 0.0606979 0.0661925 0.069039 0.0694099 0.0677533 0.0645856 0.060391 0.0555864 0.0505063 0.0453975 0.0404223 0.0356623 0.0311195 0.0267282 0.022398 0.0180872 0.0138718 0.00995491
 0.00728865 0.0119438 0.0181683 0.0259613 0.0350875 0.0449218 0.054425 0.062406 0.0679538 0.0707215 0.0708894 0.0689286 0.0653854 0.0607756 0.055545 0.0500509 0.0445542 0.039225 0.0341526 0.0293545 0.024793 0.0204125 0.016197 0.0122187 0.00863985
 0.00745536 0.0122187 0.0185892 0.0265667 0.0359093 0.045974 0.0556911 0.0638323 0.0694543 0.0721916 0.0722215 0.0700252 0.0661689 0.0611941 0.0555743 0.0496919 0.0438278 0.0381666 0.0328095 0.0277892 0.0230897 0.0186806 0.0145621 0.0107992 0.00751691
 0.00753109 0.0123429 0.0187791 0.0268409 0.036287 0.0464721 0.0563196 0.06459 0.0703246 0.0731408 0.0731987 0.0709638 0.066993 0.0618274 0.0559512 0.0497664 0.0435787 0.0375983 0.0319515 0.0266949 0.021837 0.0173695 0.0133041 0.00969698 0.00664045
 0.00759668 0.0124442 0.018922 0.0270281 0.0365195 0.0467505 0.0566451 0.0649648 0.0707515 0.0736216 0.0737304 0.0715329 0.0675699 0.0623649 0.0563888 0.0500402 0.0436338 0.0374005 0.0314951 0.0260069 0.0209764 0.0164214 0.0123663 0.00886038 0.0059681
 0.00766914 0.0125525 0.0190673 0.0272052 0.0367183 0.0469592 0.0568532 0.0651654 0.0709437 0.0738124 0.0739334 0.0717638 0.0678379 0.0626644 0.0566938 0.0503056 0.0438032 0.0374198 0.0313273 0.0256448 0.020448 0.015787 0.0117052 0.00825108 0.00546827
 0.00775727 0.0126895 0.0192611 0.0274574 0.0370222 0.0472977 0.0571986 0.0654827 0.0711993 0.0739852 0.0740224 0.0717878 0.0678277 0.0626505 0.0566953 0.0503216 0.0438112 0.0373812 0.0312009 0.0254027 0.0200893 0.0153415 0.0112265 0.00779912 0.00509103
 0.00777593 0.0127231 0.0193176 0.0275459 0.0371503 0.0474682 0.0574052 0.0657092 0.0714226 0.0741805 0.0741703 0.0718791 0.0678661 0.0626508 0.0566774 0.0503017 0.043793 0.0373525 0.0311366 0.0252762 0.0198866 0.0150708 0.0109179 0.00749444 0.00482803
 0.00782454 0.0127913 0.0194005 0.0276333 0.0372311 0.0475363 0.0574636 0.0657685 0.0714944 0.0742701 0.0742725 0.07198 0.0679493 0.062705 0.0567002 0.0502989 0.0437728 0.0373184 0.0310832 0.0251913 0.0197589 0.0148997 0.0107179 0.00729085 0.00464731
 0.00785173 0.0128325 0.0194563 0.0277011 0.0373043 0.0476043 0.0575136 0.0657897 0.0714838 0.0742364 0.0742342 0.0719578 0.0679557 0.0627398 0.0567523 0.0503535 0.0438178 0.0373461 0.0310882 0.0251679 0.0197023 0.0148097 0.0106027 0.00716643 0.00453188
 0.00788175 0.0128783 0.0195195 0.027781 0.0373974 0.0477043 0.0576116 0.0658738 0.0715415 0.0742579 0.0742169 0.0719087 0.0678903 0.0626761 0.0567041 0.0503255 0.0438056 0.03734 0.0310776 0.0251438 0.0196591 0.0147464 0.0105239 0.00708192 0.00445312
 0.00789883 0.0129042 0.019555 0.0278254 0.0374487 0.0477598 0.0576674 0.0659256 0.0715842 0.0742869 0.0742283 0.0719006 0.0678641 0.0626372 0.0566613 0.0502878 0.0437791 0.0373247 0.031068 0.025132 0.0196377 0.014712 0.0104779 0.00703013 0.00440322
 0.00789877 0.0128992 0.0195387 0.0277895 0.0373859 0.0476679 0.0575531 0.0658039 0.0714748 0.0742076 0.0741903 0.071906 0.067907 0.0627071 0.0567465 0.0503792 0.0438705 0.037412 0.0311472 0.0251981 0.0196857 0.0147388 0.0104846 0.00702145 0.00438632
 0.00789662 0.0128942 0.0195282 0.0277694 0.0373511 0.0476128 0.0574736 0.0656999 0.0713527 0.0740809 0.0740778 0.0718269 0.0678751 0.062726 0.0568102 0.0504746 0.0439827 0.0375277 0.0312561 0.0252927 0.0197608 0.0147918 0.0105159 0.00703476 0.00438746
 0.00791886 0.0129257 0.0195669 0.0278102 0.0373865 0.0476353 0.0574767 0.0656789 0.0713051 0.0740075 0.0739837 0.0717229 0.0677761 0.0626482 0.0567658 0.0504685 0.0440113 0.0375813 0.0313223 0.0253598 0.01982 0.0148375 0.0105462 0.00705119 0.00439357
 0.0079106 0.0129137 0.0195513 0.0277917 0.0373658 0.0476117 0.0574484 0.0656434 0.0712606 0.0739545 0.0739252 0.0716642 0.0677236 0.062609 0.0567468 0.0504751 0.0440453 0.0376396 0.031397 0.0254403 0.0198958 0.0149008 0.0105931 0.00708173 0.00441072
 0.00787402 0.012856 0.0194679 0.0276805 0.0372281 0.047454 0.0572831 0.0654874 0.0711314 0.0738652 0.0738814 0.0716637 0.0677598 0.062674 0.0568338 0.0505792 0.0441628 0.0377666 0.0315282 0.0255683 0.0200121 0.0149983 0.0106678 0.00713354 0.00444298
 0.00787263 0.0128474 0.0194435 0.0276286 0.0371376 0.0473197 0.0571098 0.0652915 0.0709367 0.0736968 0.0737594 0.0715995 0.0677551 0.0627223 0.0569237 0.050698 0.0442991 0.0379112 0.0316735 0.0257071 0.0201376 0.0151044 0.0107507 0.00719281 0.00448137
 0.00782495 0.0127715 0.0193324 0.0274766 0.0369413 0.0470798 0.0568333 0.0649939 0.070642 0.0734347 0.0735605 0.0714886 0.0677456 0.0628132 0.0571004 0.0509367 0.044573 0.0381956 0.0319482 0.0259575 0.0203538 0.0152805 0.010885 0.00728783 0.00454311
 0.00779784 0.012724 0.0192546 0.0273578 0.0367728 0.0468592 0.0565683 0.0647028 0.0703497 0.0731674 0.0733415 0.071337 0.067676 0.062834 0.0572116 0.051128 0.0448245 0.0384814 0.0322418 0.0262355 0.0205989 0.0154823 0.0110399 0.00739794 0.00461511
 0.00776049 0.0126635 0.0191638 0.0272298 0.0366024 0.0466444 0.0563131 0.0644188 0.0700564 0.0728892 0.0731044 0.071164 0.067584 0.062832 0.0573005 0.0513007 0.0450662 0.0387707 0.0325527 0.0265413 0.0208765 0.0157156 0.0112212 0.00752789 0.00470058
 0.00773629 0.0126221 0.0190978 0.0271313 0.0364647 0.0464648 0.056096 0.0641757 0.069804 0.0726463 0.0728889 0.0709925 0.067471 0.0627892 0.0573349 0.0514129 0.0452493 0.03901 0.0328268 0.0268254 0.0211457 0.0159498 0.0114082 0.00766464 0.00479187
 0.00935864 0.0148943 0.0218428 0.0299584 0.0388832 0.0480647 0.0566912 0.0638319 0.0687561 0.0711778 0.0712427 0.069338 0.0659112 0.0613816 0.0561093 0.0503825 0.0444162 0.0383662 0.0323555 0.0265019 0.02094 0.0158304 0.0113464 0.00763711 0.00478215
 0.0093272 0.0151469 0.0227583 0.0320087 0.0424278 0.053075 0.0625736 0.0695243 0.0731049 0.0733917 0.0711533 0.0673416 0.0626921 0.0576175 0.052304 0.0468375 0.0412793 0.0356934 0.0301537 0.0247508 0.0196017 0.0148537 0.0106706 0.00719727 0.00451513
 0.00898802 0.014609 0.0219966 0.0310677 0.0414793 0.0524581 0.0627568 0.0709394 0.075891 0.0772029 0.075199 0.0706876 0.0646501 0.057985 0.051336 0.04503 0.0391339 0.0335793 0.0282818 0.02321 0.0184055 0.0139749 0.0100615 0.00680133 0.00427548
 0.00882228 0.0143299 0.0215589 0.0304258 0.0406036 0.051367 0.0615585 0.0698626 0.0752702 0.0773879 0.0763983 0.0728172 0.067294 0.0605296 0.0532193 0.045959 0.0391449 0.0329395 0.0273257 0.0222122 0.0175324 0.0132949 0.00957795 0.00648447 0.00408388
 0.0087419 0.0141944 0.0213455 0.030108 0.0401545 0.0507665 0.0608052 0.0689897 0.0743634 0.0765981 0.0759322 0.0728864 0.0680232 0.0618625 0.0548946 0.0475928 0.040387 0.0336094 0.0274493 0.021958 0.0171057 0.0128576 0.00921913 0.00623063 0.00392433
 0.00868819 0.0141062 0.0212106 0.0299137 0.0398888 0.0504202 0.0603752 0.0684818 0.0737952 0.076005 0.0753776 0.0724687 0.0678659 0.0620764 0.0555172 0.0485416 0.0414662 0.0345816 0.0281342 0.0222959 0.0171537 0.012733 0.00903611 0.00606359 0.00380349
 0.00867642 0.0140827 0.0211672 0.0298394 0.0397722 0.0502524 0.0601527 0.0682074 0.0734767 0.0756537 0.0750106 0.0721147 0.0675732 0.0619128 0.0555545 0.0488222 0.0419688 0.0352109 0.0287518 0.0227778 0.0174396 0.0128369 0.00901936 0.00599475 0.00373113
 0.00867645 0.0140824 0.0211656 0.0298345 0.03976 0.0502261 0.0601031 0.0681243 0.0733517 0.0754837 0.0747993 0.0718743 0.0673253 0.0616906 0.0554019 0.0487858 0.0420793 0.0354624 0.0290932 0.0231293 0.0177258 0.0130175 0.0090976 0.00600287 0.00370696
 0.00867801 0.0140861 0.0211732 0.0298482 0.0397811 0.050254 0.0601337 0.0681492 0.0733593 0.0754616 0.0747371 0.0717672 0.0671772 0.061516 0.0552266 0.0486441 0.0420062 0.0354807 0.029201 0.0232966 0.0179055 0.013166 0.00919212 0.00604519 0.00371414
 0.00866626 0.0140707 0.0211571 0.0298363 0.0397794 0.0502673 0.0601633 0.0681922 0.0734087 0.075507 0.0747665 0.071769 0.0671428 0.0614435 0.0551234 0.0485279 0.0419023 0.0354151 0.0291905 0.0233405 0.0179855 0.0132543 0.00926485 0.00609096 0.00373474
 0.00864159 0.0140329 0.0211048 0.0297705 0.0397041 0.0501897 0.0600937 0.0681425 0.0733887 0.0755208 0.0748103 0.0718312 0.0672077 0.0614954 0.0551518 0.0485305 0.0418868 0.0353965 0.0291855 0.0233599 0.0180289 0.0133111 0.00932031 0.00613376 0.00376105
 0.00862727 0.0140077 0.0210634 0.0297075 0.0396158 0.0500769 0.0599644 0.0680118 0.0732758 0.0754436 0.0747806 0.0718517 0.0672712 0.0615873 0.0552539 0.0486263 0.0419662 0.0354581 0.029235 0.0234059 0.0180773 0.0133619 0.00936852 0.00617334 0.00378863
 0.00865288 0.0140453 0.0211121 0.0297632 0.039671 0.0501223 0.0599899 0.0680088 0.0732403 0.0753789 0.0746974 0.0717658 0.0671983 0.0615378 0.05523 0.048623 0.0419745 0.0354699 0.0292463 0.0234171 0.0180909 0.0133794 0.0093885 0.00619261 0.0038041
 0.00862708 0.0140111 0.0210749 0.0297322 0.0396564 0.05013 0.0600181 0.0680478 0.0732761 0.0753988 0.0746947 0.0717416 0.0671606 0.0614984 0.0551999 0.0486089 0.0419772 0.0354852 0.0292683 0.023441 0.0181142 0.0134013 0.00940862 0.00620995 0.00381764
 0.00861287 0.0139856 0.0210326 0.0296681 0.0395691 0.0500252 0.0599106 0.0679581 0.0732232 0.0753913 0.0747273 0.0717986 0.0672242 0.0615561 0.0552477 0.0486495 0.0420156 0.035525 0.02931 0.0234825 0.0181527 0.0134347 0.00943594 0.00623098 0.00383272
 0.00861287 0.0139856 0.0210326 0.0296681 0.0395691 0.0500252 0.0599106 0.0679581 0.0732232 0.0753913 0.0747273 0.0717986 0.0672242 0.0615561 0.0552477 0.0486495 0.0420156 0.035525 0.02931 0.0234825 0.0181527 0.0134347 0.00943594 0.00623098 0.00383272
 0.00847064 0.0137586 0.0206998 0.0292154 0.0389954 0.0493504 0.0591823 0.067251 0.0726257 0.0749842 0.0745625 0.0718878 0.067539 0.0620388 0.0558286 0.0492627 0.04261 0.0360675 0.0297823 0.023877 0.0184685 0.0136757 0.00960993 0.00634898 0.00390726
 0.0085558 0.0138799 0.0208499 0.0293742 0.0391329 0.0494325 0.0591781 0.0671397 0.0724037 0.0746707 0.0742002 0.0715342 0.0672514 0.0618581 0.0557691 0.0493121 0.0427382 0.0362386 0.0299649 0.0240487 0.0186164 0.0137942 0.00969861 0.00641082 0.00394722
 0.00870164 0.0141238 0.0212272 0.0299156 0.0398496 0.050297 0.0601104 0.0680135 0.0730772 0.0750296 0.0741917 0.0711779 0.0666265 0.0610769 0.0549468 0.0485426 0.0420803 0.0357147 0.0295702 0.0237636 0.0184174 0.0136601 0.0096118 0.00635747 0.00391649
 0.00886763 0.0144013 0.0216582 0.0305424 0.0407029 0.0513782 0.0613726 0.0693539 0.0743479 0.0760654 0.074846 0.071356 0.0663083 0.0603212 0.0538756 0.0473085 0.0408307 0.034564 0.0285875 0.0229756 0.0178193 0.013229 0.00931736 0.00616792 0.0038024
#pred catch len freq
 0.00306943 0.00502104 0.00764827 0.0110182 0.0151809 0.0201138 0.0256628 0.0315438 0.0374061 0.0429059 0.0477555 0.0517577 0.0548288 0.0569983 0.0583779 0.0591246 0.0594148 0.0594113 0.0591872 0.0585994 0.0571891 0.0542477 0.0491338 0.0417228 0.0326807
 0.0033644 0.00541799 0.00809521 0.0114213 0.0154376 0.020161 0.0255097 0.0312648 0.0370962 0.04263 0.0475254 0.0515492 0.054623 0.0568158 0.0582839 0.0592015 0.0597143 0.0599103 0.0597706 0.0590879 0.0574058 0.0540957 0.0486407 0.0410243 0.0319535
 0.00340198 0.00554003 0.00838432 0.0119729 0.0163131 0.0213276 0.026808 0.0324439 0.0379125 0.0429529 0.0473805 0.0510752 0.0539849 0.0561405 0.0576499 0.0586623 0.0593146 0.0596711 0.0596595 0.0590069 0.0572218 0.0537043 0.0480241 0.0402633 0.0311838
 0.00353519 0.00572928 0.00862624 0.0122671 0.0166864 0.0218554 0.0276046 0.0336031 0.0394209 0.0446339 0.0489278 0.0521735 0.0544457 0.0559642 0.0569887 0.0577275 0.058295 0.0586916 0.05877 0.0581878 0.0564078 0.0528294 0.0470706 0.039283 0.0302753
 0.0037115 0.00601451 0.00905045 0.0128513 0.0174334 0.0227429 0.0285891 0.0346426 0.040503 0.0457798 0.0501506 0.053412 0.0555339 0.0566793 0.0571539 0.0572982 0.0573686 0.0574465 0.0573809 0.0567699 0.0550086 0.0514594 0.0457471 0.0380557 0.0292169
 0.00392441 0.00635483 0.00955307 0.013548 0.0183504 0.0238935 0.0299608 0.0361842 0.0421236 0.0473666 0.0515993 0.0546502 0.0565163 0.0573556 0.0574433 0.0571041 0.0566306 0.0561884 0.0557142 0.0548524 0.0529947 0.0494759 0.0438973 0.03643 0.0278884
 0.00414056 0.0067071 0.0100857 0.0143048 0.0193693 0.0251963 0.0315402 0.0379939 0.0440775 0.0493464 0.0534677 0.0562702 0.0577721 0.058167 0.0577622 0.0568976 0.0558723 0.0548717 0.0538817 0.0526145 0.0505206 0.0469632 0.0415384 0.0343833 0.0262558
 0.00432586 0.00701123 0.0105504 0.0149751 0.0202901 0.026404 0.0330492 0.039784 0.0460855 0.0514671 0.055563 0.058185 0.0593558 0.0592929 0.0583399 0.0568735 0.0552228 0.0535994 0.0520246 0.0502647 0.047838 0.0441668 0.0388696 0.0320552 0.0244063
 0.00455902 0.00738017 0.0110883 0.0157101 0.0212461 0.0275985 0.0344884 0.0414534 0.0479439 0.0534432 0.0575566 0.0600727 0.0610012 0.060561 0.0591114 0.057056 0.054757 0.0524635 0.0502424 0.0479203 0.0450894 0.0412424 0.0360366 0.0295607 0.0224177
 0.00478305 0.00775242 0.0116635 0.0165445 0.0223864 0.0290648 0.0362568 0.0434508 0.0500608 0.0555565 0.0595502 0.0618463 0.0624678 0.0616413 0.0597284 0.057135 0.054232 0.0512903 0.0484185 0.0455082 0.0422358 0.0381781 0.0330435 0.026909 0.0202959
 0.00498576 0.00808578 0.0121743 0.0172842 0.0234071 0.0304095 0.037942 0.0454482 0.0522856 0.0578704 0.0617807 0.0638194 0.0640414 0.0627226 0.0602689 0.0571098 0.0536202 0.0500718 0.0465902 0.0431162 0.039406 0.0351259 0.0300453 0.0242385 0.0181503
 0.00527649 0.00853777 0.0128178 0.0181387 0.0244847 0.0317185 0.0394844 0.0472103 0.0542268 0.0599143 0.0638134 0.0656983 0.0656145 0.0638549 0.0608633 0.0571136 0.0530158 0.0488625 0.044798 0.0407975 0.03668 0.0321901 0.0271574 0.0216592 0.0160716
 0.0055806 0.00902078 0.0135232 0.0190983 0.0257127 0.0332028 0.0411786 0.0490348 0.0560836 0.0617083 0.0654661 0.0671454 0.0667943 0.0646986 0.0612965 0.0570671 0.0524383 0.0477301 0.0431209 0.0386309 0.0341392 0.0294596 0.0244733 0.0192604 0.0141357
 0.00578767 0.00936852 0.0140676 0.0198994 0.0268235 0.0346494 0.0429387 0.0510262 0.0581714 0.0637298 0.0672638 0.0685958 0.0678243 0.0652821 0.061435 0.0567662 0.0516941 0.0465327 0.0414722 0.0365691 0.0317609 0.0269275 0.0219985 0.0170561 0.0123598
 0.00596745 0.00966319 0.0145173 0.020548 0.0277156 0.0358222 0.0444074 0.0527674 0.0601101 0.0657382 0.0691744 0.0702317 0.0690361 0.0659779 0.0615889 0.0564025 0.0508599 0.0452747 0.0398322 0.0345994 0.0295493 0.0246125 0.0197593 0.0150746 0.0107698
 0.00622807 0.0100696 0.0150979 0.0213208 0.0286899 0.0369994 0.0457778 0.0543028 0.0617581 0.0674195 0.0707848 0.0716492 0.0701355 0.0666516 0.061767 0.0560648 0.050032 0.0440127 0.0382076 0.0326945 0.0274653 0.0224796 0.0177313 0.0133016 0.00935872
 0.00644418 0.0104108 0.0155927 0.0219893 0.0295408 0.0380261 0.0469534 0.0555793 0.0630727 0.0687054 0.0719789 0.0726926 0.0709685 0.0672115 0.0619926 0.0559074 0.0494683 0.0430534 0.0368976 0.0311094 0.0257084 0.0206776 0.0160232 0.011815 0.0081807
 0.00645215 0.0104449 0.0156836 0.0221803 0.0298792 0.0385486 0.0476714 0.0564714 0.0640883 0.0697751 0.0730274 0.0736497 0.0717756 0.0678214 0.0623654 0.0560065 0.0492624 0.0425255 0.0360568 0.0299999 0.0244111 0.0193035 0.0146968 0.0106497 0.00725316
 0.00641425 0.0103785 0.0155775 0.022028 0.0296893 0.0383565 0.0475433 0.056493 0.0643356 0.0702822 0.0737688 0.074547 0.0727228 0.0687128 0.0631131 0.0565453 0.0495465 0.0425265 0.0357671 0.0294404 0.0236377 0.0184046 0.0137793 0.00981525 0.00657448
 0.00648927 0.0104735 0.0156698 0.0220784 0.0296512 0.0381928 0.0472453 0.0560933 0.0639104 0.0699387 0.0736182 0.0746679 0.073131 0.0693532 0.0638777 0.0573061 0.0501876 0.042962 0.0359487 0.0293593 0.0233242 0.0179243 0.0132204 0.00926786 0.00610859
 0.00660624 0.0106558 0.0159276 0.0224101 0.0300374 0.0385906 0.0475877 0.0563015 0.0639205 0.0697331 0.0732437 0.0742277 0.0727509 0.0691364 0.0638691 0.0574807 0.0504647 0.0432376 0.0361284 0.0293829 0.0231766 0.0176341 0.0128469 0.00888132 0.00576814
 0.0066459 0.0107292 0.0160545 0.0226138 0.0303385 0.0389958 0.0480783 0.0568271 0.0644029 0.0700833 0.0733877 0.0741343 0.0724497 0.0687127 0.0634348 0.0571315 0.0502461 0.0431345 0.0360821 0.029323 0.0230522 0.0174309 0.0125863 0.00860536 0.00551943
 0.00668028 0.0107808 0.0161253 0.0227067 0.0304608 0.0391629 0.0483126 0.0571481 0.064811 0.0705453 0.0738344 0.0744773 0.0726119 0.0686599 0.0631906 0.0567682 0.0498534 0.0427832 0.0358008 0.0290995 0.0228536 0.0172292 0.0123743 0.00839587 0.00533398
 0.00668446 0.0107805 0.0161119 0.0226683 0.030386 0.0390479 0.0481678 0.0570018 0.0647066 0.0705296 0.0739404 0.0747056 0.0729227 0.0689828 0.0634515 0.0569193 0.0498896 0.0427352 0.0357116 0.0290003 0.0227547 0.0171269 0.0122643 0.00828224 0.00522793
