SBPRF35
7.78865
Curr Bio
512581
B35
688973
F35
0.210448
FOFL
0.161027
OFL
68295.1
Bzero
2.22533e+06
#pred survey bio
 4.46096e+06 4.23953e+06 4.01488e+06 3.74334e+06 3.43639e+06 3.12491e+06 2.80644e+06 2.51742e+06 2.23639e+06 1.96943e+06 1.74087e+06 1.5385e+06 1.36454e+06 1.18674e+06 1.05655e+06 935254 859561 805864 742368 700085 676869 662509 658190 647319 644021 638243 640955 626948 624754 626230 623179 634474 634870 625549 611360 591909 582231 568512 568784 576321 589471 590346 591680 605549 608317 620872 621034 629363 638261 639142 643643 570998 518858 468135 450255 465348 502228 521582 522339 536814 514216 504809 520326 517408 1.88899e+07 1.12415e+07 1.13971e+07 1.20426e+07 1.29545e+07 1.39138e+07 1.47866e+07 1.55152e+07 1.60904e+07 1.6528e+07 1.68529e+07 1.70903e+07 1.72622e+07 1.73862e+07 1.74755e+07 1.754e+07 1.75867e+07 1.76207e+07 1.76457e+07 1.76641e+07 1.76777e+07 1.76879e+07 1.76955e+07 1.77013e+07 1.77056e+07 1.77089e+07 1.77115e+07 1.77134e+07 1.77149e+07 1.7716e+07 1.77168e+07 1.77175e+07 1.7718e+07 1.77184e+07 1.77187e+07 1.7719e+07 1.77191e+07 1.77193e+07 1.77194e+07 1.77195e+07 1.77195e+07 1.77196e+07 1.77196e+07 1.77197e+07 1.77197e+07 1.77197e+07 1.77197e+07 1.77197e+07 1.77197e+07 1.77197e+07 1.77197e+07 1.77197e+07 1.77198e+07 1.77198e+07 1.77198e+07 1.77198e+07 1.77198e+07 1.77198e+07 1.77198e+07 1.77198e+07 1.77198e+07 1.77198e+07 1.77198e+07 1.77198e+07 1.77198e+07 1.77198e+07 1.77198e+07 1.77198e+07 1.77198e+07 1.77198e+07 1.77198e+07 1.77198e+07 1.77198e+07 1.77198e+07 1.77198e+07 1.77198e+07 1.77198e+07 1.77198e+07 1.77198e+07 1.77198e+07 1.77198e+07 1.77198e+07 1.77198e+07 1.77198e+07 1.77198e+07 1.77198e+07 1.77198e+07 1.77198e+07 1.77198e+07 1.77198e+07 1.77198e+07 1.77198e+07 1.77198e+07 1.77198e+07 1.77198e+07 1.77198e+07 1.77198e+07 1.77198e+07 1.77198e+07 1.77198e+07 0 0 0 0 0 0 0 0 0 0 0 0 0 0 0 0 0 0 0 0 0 0 0 0 0
#obs survey bio
 3.16068e+06 2.53478e+06 2.83182e+06 2.66437e+06 3.85922e+06 2.52388e+06 1.93258e+06 2.33821e+06 1.34686e+06 2.01747e+06 1.27858e+06 1.20876e+06 1.25118e+06 1.01906e+06 831419 893287 923392 797454 573364 589356 494691 443013 825212 541761 559097 742141 792576 519729 642457 550951 474478 722748 504576 606636 537052 528942 772201 695853 584309 786396 511438 479405 476588 474209 584468 514764 450046 651149 489609 1.06143e+06 872921 628313 639551 464212 368612 485608 366409 399837 561577 536622 442001 622186 399057 580013
#pred catch bio
 92824.1 94197 146548 198307 228646 265053 268934 290074 302257 287988 280022 266006 275936 238130 231645 191156 169903 174345 152427 133740 124548 114489 117512 108556 108423 99936.5 113189 102442 98849.7 101593 88288.9 95638.7 100518 99964.9 99317.4 88744 93646.3 84689.1 81328.8 78801.7 90785.5 92059.2 84286.4 96144.1 89408.5 100478 93849.1 93601.2 99192.6 93833.8 154382 132633 129796 101936 75631.6 58906.1 73584.5 87953 76373.2 107565 96316.8 76562.2 91080.3 66480.3 68295.1 86304.5 86226.3 89801.4 96052.4 102894 109089 114152 118030 120866 122874 124259 125196 125822 126233 126502 126677 126789 126861 126907 126936 126955 126967 126974 126979 126982 126984 126985 126985 126986 126986 126986 126986 126987 126987 126987 126987 126987 126987 126987 126987 126987 126987 126987 126987 126987 126987 126987 126987 126987 126987 126987 126987 126987 126987 126987 126987 126987 126987 126987 126987 126987 126987 126987 126987 126987 126987 126987 126987 126987 126987 126987 126987 126987 126987 126987 126987 126987 126987 126987 126987 126987 126987 126987 126987 126987 126987 126987 126987 126987 126987 126987 126987 126987 126987 126987 126987 126987 126987 126987 0 0 0 0 0 0 0 0 0 0 0 0 0 0 0 0 0 0 0 0 0 0 0 0 0
#obs catch bio
 0 94031.4 147302 200151 230939 269286 274154 296766 311663 296678 289533 274663 286590 246297 241439 198771 174148 178856 156023 137156 127433 117406 119596 110285 110186 100444 114775 104068 100294 103397 89464.1 96673.8 101839 101079 100363 89175.3 94221 84528.4 81098.2 78497.9 90698.6 92139 84558.5 97102.3 90052.5 101336 94484.7 94159.3 100306 93368.2 154288 131474 128920 101920 75912.4 58787.3 73779.3 88467.3 75876.8 107884 96616.4 76429.9 92107.3 66307.1
#pred cpue bio
 4.39274e+06 4.17607e+06 3.95493e+06 3.68471e+06 3.37892e+06 3.06867e+06 2.75148e+06 2.46363e+06 2.1841e+06 1.91895e+06 1.69221e+06 1.49171e+06 1.31956e+06 1.14421e+06 1.01578e+06 896564 822655 770703 709171 668107 645669 631873 628041 618058 615293 610043 612802 599072 596897 598542 595888 607313 608293 599871 586927 568775 559090 544596 543988 551095 563904 564607 565451 578391 580783 592996 593275 601417 610232 611580 616632 546111 494671 444533 426632 441481 478176 497776 498685 512558 490225 480603 495662 493621 1.80868e+07 1.07883e+07 1.08442e+07 1.1362e+07 1.22275e+07 1.31756e+07 1.40461e+07 1.47743e+07 1.53494e+07 1.5787e+07 1.61119e+07 1.63493e+07 1.65212e+07 1.66452e+07 1.67345e+07 1.6799e+07 1.68457e+07 1.68797e+07 1.69047e+07 1.69231e+07 1.69367e+07 1.69469e+07 1.69545e+07 1.69603e+07 1.69646e+07 1.6968e+07 1.69705e+07 1.69724e+07 1.69739e+07 1.6975e+07 1.69759e+07 1.69765e+07 1.6977e+07 1.69774e+07 1.69777e+07 1.6978e+07 1.69781e+07 1.69783e+07 1.69784e+07 1.69785e+07 1.69785e+07 1.69786e+07 1.69786e+07 1.69787e+07 1.69787e+07 1.69787e+07 1.69787e+07 1.69787e+07 1.69787e+07 1.69787e+07 1.69788e+07 1.69788e+07 1.69788e+07 1.69788e+07 1.69788e+07 1.69788e+07 1.69788e+07 1.69788e+07 1.69788e+07 1.69788e+07 1.69788e+07 1.69788e+07 1.69788e+07 1.69788e+07 1.69788e+07 1.69788e+07 1.69788e+07 1.69788e+07 1.69788e+07 1.69788e+07 1.69788e+07 1.69788e+07 1.69788e+07 1.69788e+07 1.69788e+07 1.69788e+07 1.69788e+07 1.69788e+07 1.69788e+07 1.69788e+07 1.69788e+07 1.69788e+07 1.69788e+07 1.69788e+07 1.69788e+07 1.69788e+07 1.69788e+07 1.69788e+07 1.69788e+07 1.69788e+07 1.69788e+07 1.69788e+07 1.69788e+07 1.69788e+07 1.69788e+07 1.69788e+07 1.69788e+07 1.69788e+07 1.69788e+07 1.69788e+07 0 0 0 0 0 0 0 0 0 0 0 0 0 0 0 0 0 0 0 0 0 0 0 0 0
#obs cpue bio
 4.21135e+06 3.65148e+06 2.79538e+06 2.73185e+06 2.67545e+06 2.2714e+06 2.04654e+06 2.21498e+06 1.74431e+06 1.49276e+06 1.38664e+06 1.43591e+06 962847 835062 639329 438044 1.03037e+06 662003 608323 409320 686716 459895 757196 537129 595335 832354 298942 388995 485248 495991 579359 704416 567432 598948 650133 721718 449417 733934 610335 412711 608656 584838 431842 526718 495788 772287 693996 562193 525912 883941 588514 619513 447569 325931 362724 477296 599574 590385 779186 412295 471046 401314 390450 753135
#pred surv len freq
 0.00457981 0.00752791 0.0115025 0.0165408 0.0225513 0.0292168 0.0359725 0.0421546 0.0472511 0.051067 0.0537008 0.0554038 0.0564463 0.0570408 0.0573045 0.0572455 0.0567765 0.0557497 0.0539893 0.0513054 0.047506 0.0424499 0.0361664 0.0289865 0.0215641
 0.00486178 0.00787249 0.011816 0.0166794 0.0223769 0.0286756 0.0351461 0.0412398 0.0464686 0.0505525 0.0534452 0.0552759 0.0562762 0.0567141 0.0568232 0.0567325 0.0564268 0.0557462 0.0544195 0.0521167 0.0485244 0.0434544 0.0369783 0.0295262 0.0218514
 0.00513853 0.00833597 0.0125291 0.0176841 0.0236557 0.0301106 0.0365088 0.0422466 0.0468948 0.0503399 0.0527248 0.054282 0.0552147 0.0556788 0.0558081 0.0557129 0.055435 0.0548878 0.0538223 0.0518537 0.0485656 0.0436795 0.0372398 0.0297164 0.0219345
 0.00535791 0.00869994 0.0130923 0.0185063 0.0247929 0.0315936 0.0383108 0.0442498 0.0488788 0.0520144 0.05381 0.0546069 0.0547777 0.0546292 0.0543612 0.0540632 0.0537233 0.0532219 0.0523059 0.0505819 0.0475918 0.0429913 0.0367704 0.0293852 0.0216834
 0.00562379 0.00912307 0.0137132 0.0193597 0.0259058 0.0329809 0.039966 0.0461344 0.0509116 0.0540612 0.0556791 0.0560655 0.0556005 0.0546687 0.0536022 0.0526249 0.0518111 0.0510638 0.0501089 0.0485149 0.0457773 0.0414972 0.0356086 0.0285246 0.021073
 0.00591822 0.00959497 0.0144107 0.0203224 0.0271575 0.034519 0.0417513 0.0480904 0.0529383 0.0560532 0.0575325 0.0576671 0.0568132 0.0553347 0.0535773 0.0518329 0.0502855 0.0489517 0.0476355 0.0459301 0.0433078 0.0393148 0.033815 0.0271514 0.0200946
 0.00620888 0.0100688 0.0151261 0.0213339 0.0285048 0.0362091 0.0437417 0.0502836 0.0551971 0.0582301 0.0594959 0.0593127 0.058057 0.0560963 0.0537677 0.0513631 0.0490996 0.0470704 0.0451822 0.0431219 0.040413 0.0365946 0.0314718 0.0252985 0.0187511
 0.00648953 0.0105202 0.0157969 0.022268 0.0297355 0.0377489 0.0455686 0.0523328 0.0573643 0.0603852 0.0615019 0.0610424 0.059404 0.0569767 0.0541139 0.0511142 0.0482041 0.0455076 0.0429986 0.0404584 0.037501 0.0337133 0.0288831 0.0231853 0.0171856
 0.00675827 0.0109606 0.0164659 0.0232201 0.0310113 0.0393579 0.0474726 0.0544421 0.0595527 0.0625161 0.0634499 0.0627016 0.0606873 0.0578125 0.0544428 0.0508864 0.0473788 0.044063 0.0409554 0.0379107 0.0346333 0.0307838 0.0261681 0.0209078 0.0154611
 0.00703872 0.0114141 0.0171443 0.0241711 0.0322705 0.0409359 0.0493396 0.0565202 0.0617224 0.0646364 0.065381 0.0643231 0.0619077 0.0585698 0.0546975 0.0506111 0.0465519 0.0426723 0.0390157 0.0354922 0.0318852 0.0279321 0.0234753 0.0186052 0.0136866
 0.00732889 0.0118761 0.0178217 0.0250986 0.0334687 0.0424033 0.0510425 0.0583885 0.0636565 0.0665225 0.0671067 0.0657869 0.0630242 0.0592729 0.054941 0.0503663 0.0458025 0.0414135 0.0372639 0.0333057 0.0293873 0.0253157 0.0209744 0.0164378 0.0119936
 0.00760525 0.0123241 0.0184928 0.026038 0.0347047 0.0439316 0.0528118 0.0602986 0.0655763 0.0683186 0.0686677 0.0670331 0.0639041 0.0597543 0.0550037 0.0499973 0.0449942 0.0401663 0.0355951 0.0312671 0.0270837 0.0229113 0.0186723 0.0144323 0.0104157
 0.00782455 0.012685 0.0190442 0.026828 0.035771 0.0452858 0.0544227 0.0620852 0.0674174 0.0700751 0.0702078 0.0682519 0.064733 0.0601616 0.0549862 0.0495674 0.0441692 0.0389643 0.0340419 0.0294116 0.0250156 0.0207686 0.0166262 0.0126482 0.00900736
 0.00819087 0.0132595 0.0198698 0.0279303 0.0371545 0.0469278 0.0562651 0.0640303 0.0693365 0.0718282 0.0716656 0.0693124 0.0653319 0.0602754 0.0546289 0.0487797 0.0430046 0.0374777 0.0322875 0.027452 0.0229366 0.0186882 0.014685 0.0109801 0.0077017
 0.00836783 0.0135631 0.0203551 0.0286558 0.0381663 0.0482359 0.0578235 0.0657359 0.0710508 0.0734117 0.0730036 0.0703238 0.0659656 0.0605041 0.0544466 0.0482019 0.0420661 0.0362279 0.0307865 0.0257705 0.0211614 0.0169254 0.0130523 0.00958488 0.00661326
 0.00843678 0.0137006 0.0206097 0.0290904 0.0388452 0.0492034 0.0590803 0.0672266 0.0726675 0.0750124 0.0744383 0.071462 0.0667162 0.0608249 0.0543388 0.0476972 0.0412134 0.0350856 0.02942 0.024254 0.0195806 0.0153777 0.0116382 0.00839045 0.00568998
 0.00848621 0.0137593 0.0206609 0.0291125 0.0388282 0.0491685 0.0590915 0.0673786 0.0730518 0.0756744 0.0753507 0.0725259 0.0677892 0.0617596 0.0550161 0.0480446 0.0412074 0.0347433 0.0287882 0.0234008 0.0185904 0.0143449 0.0106581 0.0075433 0.0050257
 0.00855919 0.0138664 0.0207993 0.0292691 0.0389792 0.049284 0.0591439 0.0673572 0.0729782 0.0756097 0.0753812 0.0727283 0.0681917 0.0623209 0.055636 0.0485974 0.0415815 0.0348682 0.0286445 0.0230156 0.0180258 0.0136843 0.00998978 0.00694367 0.00454485
 0.00875068 0.0141667 0.0212291 0.0298363 0.0396729 0.0500671 0.0599479 0.0680872 0.0735334 0.0759144 0.0754133 0.0725293 0.0678523 0.0619455 0.0553021 0.0483295 0.0413503 0.0346145 0.0283118 0.0225762 0.0174907 0.0130973 0.00941155 0.00643191 0.00413817
 0.00883158 0.014297 0.0214231 0.0301063 0.0400271 0.0505046 0.0604537 0.068628 0.0740584 0.0763622 0.0757248 0.0726635 0.0678011 0.0617391 0.0549999 0.0479965 0.0410309 0.0343182 0.0280183 0.022256 0.0171279 0.0127012 0.0090136 0.0060713 0.00384574
 0.00889455 0.014382 0.0215195 0.0301957 0.0400904 0.0505344 0.0604613 0.0686419 0.0741124 0.0764791 0.0759039 0.0728791 0.0680105 0.0618996 0.0550845 0.0480024 0.0409744 0.0342208 0.0278926 0.0221022 0.0169416 0.012485 0.00878288 0.00585072 0.00365876
 0.00878335 0.0142308 0.0213458 0.0300314 0.0399704 0.0504789 0.0604658 0.0686816 0.0741605 0.0765255 0.0759613 0.0729718 0.0681551 0.0620909 0.055296 0.0481987 0.0411269 0.0343155 0.0279287 0.0220854 0.016879 0.012386 0.00866124 0.0057243 0.0035452
 0.00865381 0.0140174 0.0210221 0.0295781 0.0393876 0.0498005 0.0597664 0.0680643 0.0737252 0.0763334 0.0760183 0.073239 0.0685748 0.0626073 0.0558619 0.0487717 0.0416667 0.0347871 0.0283082 0.022363 0.0170583 0.0124803 0.0086905 0.00571155 0.00351252
 0.00868078 0.0140441 0.0210297 0.0295367 0.0392618 0.0495607 0.0594019 0.0675939 0.0732 0.07583 0.0756206 0.0730136 0.0685513 0.0627733 0.0561737 0.0491727 0.0421014 0.0352085 0.0286804 0.0226625 0.0172753 0.012618 0.0087623 0.00573648 0.00351022
 0.00862978 0.0139688 0.0209298 0.0294144 0.0391179 0.04939 0.0591914 0.0673278 0.0728708 0.0754504 0.0752297 0.0726721 0.0683251 0.062712 0.0562942 0.0494543 0.0424954 0.0356538 0.0291192 0.0230506 0.0175859 0.0128427 0.00890734 0.00581816 0.00354849
 0.00876627 0.0141526 0.0211364 0.0295989 0.0392285 0.0493894 0.0590721 0.0671111 0.0725912 0.0751384 0.0749037 0.0723454 0.0680176 0.0624564 0.0561292 0.0494099 0.0425784 0.0358437 0.0293748 0.023324 0.0178359 0.0130432 0.00904952 0.00590687 0.0035965
 0.00879197 0.0142029 0.0212258 0.02974 0.0394224 0.0496134 0.0592759 0.0672286 0.0725673 0.0749555 0.0745909 0.0719633 0.0676319 0.0621186 0.0558717 0.0492512 0.0425265 0.0358945 0.0295091 0.0235094 0.018035 0.0132234 0.00919106 0.00600431 0.00365536
 0.00880961 0.0142488 0.0213266 0.0299307 0.0397364 0.0500669 0.0598512 0.0678673 0.073177 0.0754305 0.0748409 0.0719404 0.0673454 0.0616297 0.055272 0.0486348 0.0419694 0.0354449 0.0291864 0.0233079 0.0179309 0.013185 0.00918778 0.0060139 0.00366554
 0.008721 0.0141107 0.0211315 0.0296806 0.0394483 0.0497773 0.0596167 0.0677532 0.0732352 0.0756736 0.0752287 0.0723886 0.0677546 0.0619198 0.055407 0.0486277 0.041868 0.0353086 0.0290649 0.0232297 0.0179019 0.0131941 0.00921739 0.00604765 0.00369339
 0.00863065 0.013966 0.0209183 0.0293885 0.0390746 0.0493329 0.0591321 0.0672817 0.0728464 0.075439 0.0752009 0.0725819 0.068135 0.0624124 0.0559189 0.0490782 0.0422122 0.0355424 0.0292141 0.0233293 0.0179801 0.0132649 0.00928229 0.00610255 0.00373461
 0.00853359 0.013821 0.0207236 0.0291499 0.0388024 0.0490378 0.0588235 0.0669693 0.0725461 0.0751768 0.0750128 0.0725073 0.0682036 0.0626296 0.0562574 0.0494833 0.0426192 0.0358987 0.0294931 0.0235316 0.0181223 0.0133666 0.00935758 0.00615855 0.00377443
 0.00834075 0.0135152 0.0202793 0.0285527 0.0380563 0.0481743 0.0579071 0.0660923 0.0718083 0.0746594 0.0747609 0.0725283 0.0684781 0.0631224 0.0569221 0.0502618 0.0434431 0.0366972 0.0302068 0.0241239 0.0185825 0.0137045 0.0095937 0.00631568 0.00387337
 0.00816541 0.0132496 0.0199151 0.028094 0.0375163 0.047571 0.057263 0.065438 0.0711863 0.0741234 0.0743677 0.0723257 0.0684932 0.0633561 0.0573511 0.0508442 0.0441243 0.0374159 0.0309018 0.0247437 0.019094 0.0140964 0.00987322 0.00650171 0.00398882
 0.00790942 0.0128689 0.0194088 0.0274852 0.0368475 0.0468928 0.0566248 0.0648818 0.0707423 0.0738073 0.0741828 0.0722703 0.068568 0.0635659 0.057699 0.0513226 0.0447089 0.0380659 0.0315658 0.0253691 0.0196376 0.0145322 0.0101954 0.00672117 0.00412639
 0.00787143 0.0127736 0.0192055 0.0271126 0.0362559 0.0460768 0.0556463 0.0638647 0.0698342 0.0731299 0.0737969 0.0721731 0.0687149 0.0639001 0.0581717 0.0518985 0.0453608 0.0387649 0.0322755 0.0260465 0.0202408 0.0150301 0.0105741 0.00698564 0.00429533
 0.00851511 0.0136817 0.0203137 0.0282677 0.037251 0.0467132 0.0557916 0.0634828 0.0689879 0.0719614 0.0724953 0.070928 0.0676726 0.0631369 0.0576966 0.0516776 0.0453438 0.0389017 0.0325193 0.026352 0.0205633 0.0153301 0.0108237 0.00717209 0.00442064
 0.00897188 0.014427 0.0214314 0.0298131 0.0392099 0.0489543 0.0580417 0.0653655 0.0701333 0.0721405 0.0717024 0.0693688 0.0656736 0.0610333 0.0557494 0.0500399 0.0440697 0.0379775 0.0318961 0.0259681 0.0203564 0.0152421 0.0108052 0.00718588 0.00444299
 0.0090233 0.0145696 0.0217559 0.0304421 0.0402686 0.0505196 0.0600873 0.0677293 0.0725251 0.074194 0.0730626 0.0697926 0.0651054 0.0596208 0.0537867 0.0478676 0.0419806 0.0361632 0.0304424 0.0248805 0.0195924 0.0147384 0.0104948 0.00700808 0.0043489
 0.00887466 0.0143454 0.0214558 0.0300905 0.0399253 0.0502865 0.0601027 0.0681374 0.0734187 0.0755517 0.0747165 0.0714532 0.0664445 0.060378 0.0538531 0.0473096 0.0409966 0.0350012 0.0293191 0.0239345 0.0188788 0.0142493 0.0101882 0.00683211 0.0042567
 0.0088146 0.0142329 0.0212604 0.0297781 0.0394721 0.0496995 0.0594394 0.067512 0.0729856 0.075467 0.0750851 0.07228 0.0676098 0.0616565 0.0549811 0.0480733 0.0413023 0.0348915 0.0289331 0.0234392 0.0184091 0.0138799 0.00993732 0.0066825 0.00417784
 0.00884499 0.0142646 0.0212743 0.0297429 0.0393491 0.0494531 0.0590506 0.0669911 0.0723827 0.0748748 0.0746289 0.0720883 0.0677704 0.0621738 0.055758 0.0489353 0.0420579 0.0354022 0.0291561 0.0234235 0.0182539 0.0136842 0.00976709 0.00656375 0.00410831
 0.00901643 0.0145288 0.021643 0.0302127 0.0398963 0.0500298 0.0595835 0.0673899 0.0725617 0.0747824 0.0742731 0.0715436 0.0671608 0.061636 0.0553945 0.0487777 0.0420587 0.0354629 0.0291773 0.0233501 0.0180892 0.0134726 0.0095614 0.00639994 0.0039976
 0.00914331 0.0147338 0.0219486 0.0306365 0.0404449 0.0506896 0.0603116 0.0681122 0.073183 0.0752067 0.0744271 0.0713976 0.066741 0.0610226 0.0547026 0.0481227 0.0415196 0.0350608 0.0288828 0.0231118 0.0178673 0.0132559 0.0093619 0.00623615 0.0038798
 0.00901337 0.0145554 0.0217414 0.0304412 0.0403144 0.0506732 0.06044 0.0683895 0.0735849 0.0756832 0.0749093 0.0718086 0.0670139 0.0611196 0.0546277 0.047921 0.0412592 0.0348057 0.0286703 0.0229468 0.0177349 0.0131395 0.0092555 0.00614365 0.0038077
 0.00891643 0.014412 0.0215534 0.0302232 0.0400943 0.0504906 0.0603414 0.0684192 0.0737707 0.0760229 0.0753635 0.0723083 0.0674772 0.061473 0.0548244 0.0479508 0.0411482 0.034605 0.0284359 0.0227223 0.0175424 0.0129836 0.00913254 0.00604944 0.00373932
 0.00882845 0.014262 0.0213161 0.0298746 0.0396222 0.0499085 0.0597002 0.0678055 0.0732883 0.0757637 0.0753805 0.0726007 0.067992 0.0621197 0.0554985 0.0485592 0.0416302 0.0349399 0.0286378 0.022825 0.0175824 0.0129892 0.00912167 0.00603219 0.00372157
 0.00884519 0.0142894 0.0213562 0.029926 0.0396755 0.0499435 0.0596869 0.0677134 0.0731033 0.0755031 0.0750958 0.0723628 0.0678645 0.0621343 0.0556441 0.0487888 0.0418806 0.0351548 0.0287849 0.022899 0.0175984 0.0129701 0.00908814 0.00599797 0.00369347
 0.00874124 0.0141354 0.0211527 0.029684 0.0394145 0.0496863 0.0594544 0.0675202 0.0729544 0.0753942 0.0750192 0.0723173 0.0678627 0.0621996 0.0557972 0.0490318 0.0421897 0.0354865 0.0290919 0.0231467 0.0177732 0.0130778 0.00914516 0.00602283 0.00370116
 0.00848425 0.0137557 0.0206529 0.0290929 0.038781 0.0490682 0.0589081 0.0670943 0.0726843 0.0752958 0.0750848 0.072519 0.0681625 0.062563 0.0562018 0.0494662 0.0426444 0.0359448 0.0295274 0.0235297 0.0180812 0.0133027 0.00929394 0.00611184 0.00374924
 0.00835059 0.0135324 0.0203077 0.028598 0.0381264 0.0482784 0.0580533 0.0662828 0.0720338 0.0748957 0.0749712 0.0726726 0.0685267 0.0630675 0.0567817 0.0500721 0.0432437 0.0365162 0.0300533 0.0239926 0.0184651 0.0135986 0.00950357 0.00624732 0.00382877
 0.00835881 0.0135187 0.0202367 0.0284191 0.0377855 0.0477383 0.0573146 0.0653955 0.0710934 0.0740258 0.0742961 0.0722871 0.0684728 0.0633273 0.0572891 0.0507378 0.04398 0.0372524 0.0307397 0.0245969 0.018968 0.0139916 0.00978942 0.006439 0.00394631
 0.00905788 0.0145997 0.0217551 0.0303749 0.0401085 0.050274 0.0598191 0.0675588 0.0726049 0.0746621 0.0739881 0.0711335 0.0666977 0.0612095 0.0550929 0.0486659 0.0421567 0.0357318 0.0295264 0.023667 0.0182837 0.0135098 0.00946605 0.0062332 0.00382283
 0.00943772 0.0152294 0.0227224 0.0317618 0.0419636 0.0525736 0.0624311 0.0702371 0.0750285 0.0765069 0.0750022 0.0711907 0.0658198 0.0595544 0.0529129 0.0462474 0.0397596 0.0335488 0.0276695 0.0221767 0.0171496 0.0126907 0.00890631 0.0058731 0.00360617
 0.00968605 0.0156433 0.0233651 0.0326997 0.0432545 0.0542442 0.0644509 0.0724998 0.0773522 0.0786539 0.0767152 0.0722386 0.0660474 0.058921 0.0515061 0.0442642 0.0374599 0.0311969 0.0254843 0.020303 0.0156535 0.0115735 0.00812555 0.0053637 0.0032973
 0.00941432 0.015257 0.0228888 0.0321987 0.0428257 0.0539984 0.0644927 0.0729098 0.078169 0.0798537 0.0781973 0.0738279 0.067521 0.0600559 0.0521345 0.0443166 0.0369805 0.0303244 0.0244057 0.0192014 0.0146678 0.0107807 0.00754519 0.00497472 0.00305821
 0.00899294 0.0145712 0.0218615 0.0307743 0.0410023 0.0518676 0.0622668 0.0709053 0.0767329 0.0792624 0.0785746 0.0751172 0.0695095 0.0624311 0.0545532 0.0464744 0.0386689 0.0314609 0.025028 0.0194291 0.01465 0.0106504 0.00739385 0.00484925 0.00297222
 0.00880466 0.0142139 0.02123 0.0297419 0.0394553 0.0497607 0.0596777 0.0680572 0.0739687 0.076977 0.0771279 0.0747512 0.0702881 0.0642219 0.0570594 0.0493093 0.0414484 0.0338849 0.0269284 0.0207739 0.0155102 0.0111485 0.00765596 0.00497579 0.0030292
 0.00886167 0.0142969 0.0213317 0.0298358 0.0394848 0.0496321 0.0592679 0.067247 0.0726993 0.0753078 0.0752609 0.0729975 0.0689846 0.0636289 0.0572815 0.0502679 0.0429142 0.035556 0.0285206 0.0220912 0.0164713 0.011771 0.00801498 0.00516041 0.00311404
 0.00905127 0.0145933 0.0217544 0.0303913 0.0401596 0.050384 0.0600152 0.0678647 0.0730329 0.0752093 0.0746401 0.0718731 0.0675079 0.0620616 0.0559234 0.0493613 0.0425671 0.0357193 0.0290273 0.0227322 0.0170713 0.012231 0.00831289 0.00532479 0.00319085
 0.0090784 0.0146367 0.021819 0.0304824 0.0402836 0.0505475 0.0602219 0.0681088 0.0732901 0.0754288 0.0747463 0.0717824 0.0671628 0.0614691 0.0551759 0.0486197 0.0420056 0.0354568 0.0290825 0.0230275 0.0174783 0.0126284 0.00862605 0.00553247 0.0033088
 0.00928649 0.0149858 0.0223619 0.031268 0.0413383 0.0518492 0.0616805 0.0695705 0.0745713 0.0763645 0.0752257 0.0717591 0.0666457 0.0605119 0.0538753 0.0471163 0.040474 0.0340737 0.0279819 0.0222654 0.017028 0.0124084 0.00854202 0.00551026 0.00330575
 0.00914946 0.0148051 0.0221696 0.0311249 0.0413233 0.0520388 0.0621252 0.0702763 0.0754899 0.0773938 0.0762254 0.0725802 0.067165 0.0606581 0.0536398 0.0465511 0.0396805 0.0331841 0.0271322 0.0215621 0.0165236 0.0120978 0.00838037 0.00544099 0.00328231
 0.00857921 0.0139448 0.0210026 0.0296896 0.0397141 0.0504001 0.060642 0.0691537 0.0749127 0.0774741 0.0769626 0.0738542 0.0687678 0.0623478 0.0551972 0.0478225 0.0405977 0.033762 0.0274449 0.0217089 0.0165947 0.0121512 0.00843853 0.00550166 0.00333521
 0.00807433 0.0131699 0.0199244 0.0283138 0.0380907 0.0486261 0.0588632 0.0675572 0.0736989 0.0768135 0.0769543 0.0745029 0.0699828 0.0639608 0.0569951 0.0495895 0.0421587 0.0350126 0.0283601 0.0223283 0.0169921 0.0124032 0.00860315 0.00561339 0.00341107
#obs surv len freq
 nan nan nan nan nan nan nan nan nan nan nan nan nan nan nan nan nan nan nan nan nan nan nan nan nan
 0.00448338 0.00734429 0.0111741 0.0159907 0.0216922 0.0279688 0.034284 0.0400161 0.044696 0.0481597 0.0505171 0.0520122 0.0529036 0.0534153 0.053729 0.0539835 0.0542617 0.0545542 0.0546928 0.0542847 0.0527227 0.0493549 0.0438048 0.0362851 0.027669
 0.0046107 0.00755416 0.0114949 0.0164497 0.0223087 0.0287439 0.0351904 0.0409951 0.0456662 0.0490328 0.0512148 0.0524783 0.0531093 0.0533591 0.0534329 0.0534849 0.0536047 0.0537818 0.0538444 0.0533976 0.051836 0.048512 0.0430506 0.0356576 0.0271894
 0.00478205 0.00783139 0.0119099 0.0170315 0.023079 0.0297084 0.0363289 0.0422564 0.0469711 0.0502852 0.0523153 0.0533364 0.0536541 0.0535481 0.0532557 0.0529621 0.0527805 0.0527158 0.052603 0.0520514 0.0504605 0.0471877 0.0418574 0.0346614 0.0264266
 0.00497565 0.00815004 0.0123965 0.0177279 0.024017 0.0308962 0.0377379 0.0438178 0.0485862 0.0518448 0.0537155 0.0544857 0.0544747 0.053978 0.0532537 0.052514 0.0519035 0.0514576 0.0510386 0.0502782 0.0485945 0.0453573 0.0401895 0.0332597 0.0253494
 0.00518202 0.00848841 0.0129113 0.0184633 0.0250088 0.0321596 0.0392533 0.0455241 0.0503872 0.0536253 0.0553585 0.0558843 0.0555387 0.0546348 0.053449 0.0522129 0.0510957 0.050164 0.0493188 0.0482343 0.0463692 0.043122 0.0381202 0.0315031 0.023991
 0.00540868 0.00885861 0.0134718 0.0192591 0.0260752 0.0335092 0.0408629 0.0473289 0.0522898 0.0555125 0.0571178 0.0574123 0.0567441 0.0554393 0.0537877 0.0520366 0.0503738 0.048894 0.0475381 0.0460338 0.0438993 0.0405823 0.0357281 0.0294477 0.0223884
 0.00564105 0.00924134 0.0140571 0.0200984 0.0272096 0.0349529 0.0425874 0.049258 0.0543113 0.0575008 0.0589544 0.0589963 0.0579929 0.0562848 0.0541722 0.0519102 0.0496973 0.0476475 0.045738 0.0437534 0.0412833 0.0378415 0.0331069 0.0271683 0.0205953
 0.00589169 0.00964884 0.0146707 0.0209648 0.0283647 0.0364096 0.0443205 0.0511981 0.0563523 0.0595182 0.0608247 0.0606106 0.0592628 0.0571425 0.0545664 0.0517995 0.0490469 0.046434 0.0439657 0.0414788 0.0386371 0.035031 0.0303856 0.0247769 0.0186979
 0.00612743 0.0100378 0.0152665 0.0218205 0.0295219 0.0378812 0.0460747 0.0531534 0.0583915 0.0615128 0.0626555 0.0621783 0.0604882 0.057964 0.0549363 0.05168 0.0484074 0.0452533 0.042245 0.0392646 0.0360459 0.0322575 0.0276777 0.022378 0.0167808
 0.00638991 0.0104638 0.0159066 0.0227216 0.0307189 0.0393835 0.0478509 0.0551253 0.0604428 0.0635098 0.0644698 0.0637016 0.0616398 0.0586896 0.0552023 0.0514648 0.0476948 0.0440324 0.0405209 0.0370805 0.0335079 0.0295456 0.0250258 0.0200212 0.0148898
 0.00661565 0.0108403 0.0164903 0.02357 0.0318777 0.0408667 0.0496221 0.0570934 0.0624778 0.0654709 0.0662295 0.0651583 0.0627189 0.0593414 0.0553975 0.0511894 0.0469435 0.0428066 0.038835 0.0349798 0.031091 0.0269765 0.0225182 0.0177917 0.013098
 0.00684838 0.0112202 0.0170653 0.0243867 0.032973 0.0422545 0.0512783 0.0589473 0.0644186 0.0673656 0.0679446 0.0665775 0.0637551 0.0599404 0.0555343 0.0508601 0.046156 0.0415762 0.0371882 0.032968 0.0288095 0.0245751 0.0201887 0.0157274 0.0114411
 0.00707148 0.0115849 0.0176177 0.0251701 0.0340193 0.0435701 0.0528301 0.0606598 0.066185 0.0690685 0.0694744 0.0678414 0.0646795 0.0604722 0.0556417 0.0505317 0.0453979 0.0404078 0.0356433 0.0311032 0.0267179 0.0223937 0.0180871 0.0138738 0.00995758
 0.00727725 0.011924 0.0181363 0.0259131 0.0350206 0.0448367 0.0543275 0.0623072 0.0678683 0.0706639 0.0708708 0.068953 0.0654488 0.0608658 0.0556453 0.0501447 0.0446298 0.0392787 0.0341874 0.0293768 0.024809 0.0204262 0.0162096 0.0122301 0.00864906
 0.00742749 0.012174 0.0185232 0.0264757 0.0357915 0.0458309 0.0555287 0.0636625 0.0692935 0.0720579 0.0721319 0.069992 0.0661971 0.0612799 0.0557054 0.0498498 0.0439924 0.0383208 0.032943 0.0278986 0.0231766 0.0187486 0.0146147 0.0108388 0.00754512
 0.0075347 0.0123457 0.0187775 0.0268295 0.0362597 0.0464241 0.056249 0.0644988 0.0702186 0.0730288 0.0730915 0.0708739 0.0669325 0.0618058 0.0559727 0.0498279 0.0436702 0.0377054 0.0320595 0.0267927 0.0219188 0.0174338 0.0133524 0.00973186 0.0066644
 0.00762479 0.0124878 0.0189833 0.027107 0.0366122 0.0468489 0.0567363 0.0650327 0.0707809 0.0736031 0.0736637 0.0714274 0.0674418 0.0622338 0.0562731 0.0499534 0.0435823 0.0373827 0.031503 0.0260297 0.0210042 0.0164472 0.012387 0.0088754 0.00597819
 0.00767247 0.012561 0.0190855 0.0272391 0.0367731 0.0470368 0.0569493 0.0652689 0.0710391 0.0738827 0.073965 0.0717499 0.0677798 0.0625719 0.0565826 0.0501937 0.0437064 0.0373481 0.0312836 0.0256252 0.0204453 0.0157931 0.0117141 0.00825916 0.00547426
 0.00772232 0.0126367 0.0191894 0.0273696 0.0369248 0.0472016 0.0571176 0.0654311 0.0711882 0.0740175 0.0740908 0.0718765 0.0679175 0.0627253 0.0567465 0.0503495 0.0438229 0.037387 0.0312096 0.0254186 0.0201121 0.0153676 0.0112514 0.00781973 0.005106
 0.00777671 0.0127177 0.0192975 0.0274999 0.0370685 0.0473478 0.0572551 0.0655501 0.0712816 0.0740828 0.0741316 0.071902 0.0679403 0.0627576 0.0567954 0.0504128 0.0438867 0.0374264 0.0311945 0.0253238 0.0199281 0.0151077 0.0109496 0.00751965 0.00484625
 0.00784041 0.0128167 0.0194374 0.0276817 0.0372871 0.0475903 0.0575008 0.0657724 0.071454 0.074187 0.0741625 0.0718681 0.06786 0.062653 0.0566873 0.0503158 0.0438057 0.0373546 0.0311154 0.0252173 0.0197799 0.0149176 0.0107335 0.00730397 0.00465744
 0.0078522 0.0128356 0.0194655 0.0277209 0.037339 0.0476558 0.0575793 0.0658605 0.0715456 0.0742734 0.074234 0.0719171 0.0678829 0.0626524 0.0566702 0.0502914 0.0437812 0.0373316 0.0310879 0.0251743 0.0197106 0.0148179 0.0106102 0.00717302 0.00453727
 0.00786497 0.0128507 0.0194779 0.0277231 0.0373236 0.0476198 0.0575269 0.0658037 0.0714996 0.0742516 0.0742433 0.0719561 0.0679434 0.0627228 0.0567399 0.0503535 0.0438329 0.0373719 0.0311152 0.0251842 0.0196978 0.0147797 0.0105502 0.00710112 0.00446616
 0.00788597 0.0128822 0.0195199 0.027773 0.0373756 0.0476653 0.0575555 0.065806 0.0714715 0.0741977 0.0741767 0.0718942 0.0679012 0.0627074 0.0567495 0.0503802 0.0438668 0.0374045 0.0311402 0.0251971 0.0196951 0.0147601 0.0105156 0.00705743 0.00442144
 0.00790535 0.0129101 0.0195552 0.0278123 0.0374141 0.0476977 0.0575773 0.0658137 0.0714624 0.0741701 0.074132 0.071838 0.0678432 0.0626593 0.0567208 0.0503747 0.0438816 0.037432 0.031171 0.0252227 0.0197096 0.0147608 0.0105033 0.00703612 0.00439674
 0.00790514 0.012909 0.019552 0.0278053 0.0374013 0.0476773 0.0575485 0.0657771 0.0714204 0.0741266 0.0740917 0.0718048 0.0678204 0.0626493 0.0567257 0.050396 0.0439187 0.0374815 0.0312262 0.0252755 0.0197527 0.0147897 0.0105172 0.00703757 0.00439042
 0.00789462 0.0128912 0.0195241 0.0277643 0.0373452 0.0476064 0.0574665 0.0656908 0.0713387 0.0740581 0.074043 0.0717797 0.0678198 0.0626719 0.0567685 0.0504552 0.0439903 0.0375609 0.0313079 0.0253532 0.01982 0.0148418 0.0105523 0.00705722 0.00439851
 0.00786888 0.0128473 0.0194545 0.0276614 0.0372037 0.047427 0.0572591 0.0654746 0.0711384 0.073898 0.0739409 0.0717446 0.0678508 0.0627607 0.0569019 0.0506179 0.0441677 0.0377403 0.0314789 0.0255072 0.0199506 0.0149449 0.0106272 0.00710647 0.00442734
 0.00787295 0.0128486 0.0194464 0.0276342 0.0371464 0.0473311 0.0571221 0.0653025 0.0709452 0.0737041 0.0737694 0.0716169 0.0677826 0.0627586 0.0569628 0.0507306 0.0443164 0.0379076 0.0316488 0.0256666 0.0200896 0.0150576 0.0107116 0.00716424 0.00446315
 0.00786523 0.0128362 0.0194279 0.0276074 0.0371084 0.0472775 0.0570476 0.0652027 0.0708194 0.0735578 0.0736152 0.0714735 0.0676703 0.0626946 0.0569571 0.050784 0.0444205 0.0380476 0.0318069 0.0258253 0.0202347 0.0151793 0.0108052 0.00723024 0.00450544
 0.00783367 0.0127837 0.019347 0.0274915 0.0369537 0.0470869 0.0568326 0.0649827 0.0706164 0.0733899 0.0734935 0.0714014 0.0676481 0.0627217 0.0570332 0.0509076 0.044586 0.0382445 0.0320199 0.0260369 0.0204284 0.0153429 0.0109325 0.007321 0.00456452
 0.00780636 0.0127385 0.0192773 0.0273908 0.0368166 0.0469118 0.0566242 0.0647533 0.0703854 0.0731803 0.0733269 0.071294 0.0676074 0.062747 0.0571179 0.0510422 0.0447605 0.0384476 0.0322385 0.026256 0.0206325 0.0155187 0.011072 0.00742242 0.00463171
 0.00776377 0.0126669 0.0191658 0.0272281 0.0365951 0.0466319 0.0562983 0.0644067 0.0700512 0.0728924 0.0731131 0.0711723 0.0675853 0.0628219 0.0572785 0.0512709 0.0450366 0.03875 0.0325473 0.0265529 0.0209013 0.0157467 0.0112516 0.00755295 0.00471852
 0.00772606 0.0126076 0.01908 0.0271121 0.0364459 0.0464477 0.0560801 0.0641599 0.0697881 0.0726321 0.0728797 0.0709913 0.0674781 0.0628016 0.0573477 0.051422 0.0452537 0.0390123 0.0328316 0.0268366 0.0211643 0.0159736 0.011433 0.00768651 0.00480846
 0.00933927 0.0148648 0.021802 0.0299072 0.0388242 0.0480025 0.056632 0.0637824 0.0687218 0.0711614 0.0712437 0.069354 0.0659389 0.0614177 0.0561505 0.0504253 0.0444568 0.0384026 0.0323876 0.0265312 0.0209681 0.0158577 0.0113716 0.00765847 0.00479836
 0.00931116 0.0151187 0.0227122 0.0319386 0.0423298 0.0529502 0.0624308 0.0693796 0.072978 0.0733 0.0711073 0.0673437 0.0627367 0.0576948 0.0524024 0.0469461 0.0413888 0.0357968 0.0302465 0.0248309 0.0196687 0.0149082 0.0107134 0.00722923 0.00453738
 0.00896307 0.0145686 0.0219362 0.0309832 0.0413679 0.0523198 0.0625963 0.0707669 0.075722 0.077056 0.0750922 0.0706346 0.0646572 0.0580496 0.0514477 0.0451737 0.0392931 0.0337393 0.0284314 0.0233417 0.0185154 0.0140622 0.0101272 0.00684803 0.00430645
 0.00878235 0.0142685 0.0214734 0.0303158 0.0404715 0.0512175 0.0613986 0.0697017 0.0751192 0.0772583 0.0763009 0.0727608 0.0672854 0.0605715 0.0533096 0.04609 0.0393041 0.0331119 0.0274964 0.0223691 0.0176671 0.0134033 0.00965967 0.00654199 0.00412147
 0.00869664 0.0141206 0.0212344 0.0299524 0.0399518 0.0505221 0.0605357 0.0687213 0.0741264 0.0764183 0.0758253 0.0728565 0.068065 0.0619663 0.0550484 0.0477841 0.0406027 0.0338356 0.0276719 0.0221639 0.0172847 0.0130031 0.00932954 0.00630842 0.00397494
 0.00867777 0.0140866 0.0211762 0.0298572 0.0398026 0.0502988 0.0602183 0.0682961 0.0735949 0.0758101 0.0752103 0.072349 0.0678069 0.0620824 0.055584 0.0486587 0.0416204 0.0347584 0.0283189 0.0224749 0.0173152 0.0128684 0.00914148 0.0061392 0.00385331
 0.00869604 0.0141113 0.0212039 0.0298806 0.0398113 0.0502805 0.0601597 0.0681831 0.0734139 0.0755515 0.0748759 0.0719631 0.0674254 0.0617899 0.0554731 0.0487907 0.0419869 0.0352711 0.0288416 0.0228831 0.0175467 0.0129343 0.00909957 0.00605477 0.0037719
 0.00868351 0.014097 0.0211932 0.0298813 0.0398302 0.0503189 0.0602093 0.0682268 0.0734295 0.075518 0.0747789 0.0717988 0.0672047 0.0615435 0.0552512 0.0486535 0.0419819 0.0354079 0.0290805 0.02315 0.0177678 0.0130681 0.00914627 0.00604303 0.0037361
 0.00865697 0.0140559 0.0211355 0.0298078 0.0397455 0.0502322 0.060134 0.0681768 0.0734136 0.075534 0.0748122 0.0718268 0.0672058 0.061507 0.0551838 0.0485805 0.0419393 0.0354268 0.0291706 0.0232924 0.0179232 0.013197 0.00922704 0.00607678 0.00373847
 0.00862917 0.0140118 0.0210715 0.0297216 0.0396373 0.0501059 0.0599986 0.0680469 0.0733066 0.0754663 0.0747931 0.0718545 0.0672676 0.0615825 0.0552539 0.0486355 0.0419835 0.0354752 0.0292391 0.0233862 0.0180323 0.0133016 0.00930897 0.00612794 0.00376237
 0.00863357 0.0140144 0.0210669 0.0297021 0.0395949 0.0500356 0.0599016 0.0679308 0.0731849 0.0753543 0.0747056 0.071803 0.0672568 0.0616095 0.0553086 0.048704 0.0420544 0.0355438 0.0293078 0.0234593 0.01811 0.0133778 0.00937423 0.00617534 0.00379079
 0.00863236 0.0140176 0.0210808 0.0297343 0.0396507 0.0501131 0.0599885 0.0680066 0.0732277 0.0753502 0.0746541 0.0717161 0.067154 0.0615107 0.0552279 0.0486477 0.0420215 0.03553 0.0293088 0.0234724 0.0181332 0.0134073 0.00940459 0.00620105 0.0038087
 0.00861328 0.013987 0.0210362 0.0296748 0.0395793 0.0500376 0.0599216 0.0679627 0.0732167 0.0753713 0.0746956 0.071761 0.0671885 0.0615297 0.0552353 0.0486523 0.0420313 0.035549 0.029337 0.0235072 0.0181713 0.0134452 0.00943884 0.00622881 0.00382853
 0.00862859 0.0140075 0.0210588 0.0296939 0.0395878 0.0500298 0.0598957 0.0679221 0.0731695 0.0753284 0.0746665 0.0717498 0.0671922 0.0615401 0.0552441 0.0486551 0.0420293 0.0355469 0.0293392 0.0235163 0.0181867 0.0134645 0.00945879 0.0062465 0.00384214
 0.00861756 0.0139933 0.021044 0.0296827 0.0395838 0.0500336 0.0599033 0.0679258 0.073162 0.0753068 0.0746345 0.0717162 0.067167 0.0615294 0.0552481 0.0486691 0.0420474 0.035565 0.0293564 0.0235333 0.0182046 0.0134831 0.00947672 0.0062621 0.00385419
 0.00861756 0.0139933 0.021044 0.0296827 0.0395838 0.0500336 0.0599033 0.0679258 0.073162 0.0753068 0.0746345 0.0717162 0.067167 0.0615294 0.0552481 0.0486691 0.0420474 0.035565 0.0293564 0.0235333 0.0182046 0.0134831 0.00947672 0.0062621 0.00385419
 0.00912659 0.0147953 0.0221997 0.0312213 0.0414857 0.05221 0.0621813 0.0700596 0.0748807 0.0763849 0.0749499 0.0712718 0.0660737 0.0599665 0.0534181 0.0467595 0.0402068 0.0338951 0.0279159 0.0223474 0.0172735 0.012789 0.0089887 0.0059409 0.00365786
 0.00933891 0.0151864 0.0228705 0.0322873 0.0430411 0.0542736 0.0646505 0.0727031 0.0773837 0.0784259 0.0762738 0.0717361 0.0656626 0.0587808 0.051645 0.0446306 0.0379536 0.0317139 0.0259489 0.0206788 0.0159369 0.0117787 0.00827077 0.00546418 0.00336417
 0.00944922 0.0153734 0.0231693 0.0327426 0.043707 0.0552061 0.0658897 0.0742474 0.0791625 0.0802852 0.0779907 0.073064 0.0663948 0.0588055 0.0509706 0.0433745 0.0363059 0.0298898 0.0241461 0.0190487 0.0145725 0.0107161 0.00750057 0.00494594 0.003042
 0.00932993 0.0151907 0.0229172 0.0324285 0.043357 0.0548706 0.0656464 0.0741956 0.0794019 0.0808828 0.0789447 0.0742831 0.067705 0.0599893 0.051826 0.0437729 0.036223 0.029401 0.0233913 0.0181865 0.0137396 0.0100046 0.0069526 0.00456236 0.00279737
 0.00895247 0.0145683 0.0219688 0.0310864 0.041597 0.0527533 0.0633485 0.0720024 0.077649 0.0798671 0.0788464 0.0751261 0.0693581 0.0621981 0.0542669 0.0461209 0.0382192 0.0308991 0.0243685 0.0187178 0.0139515 0.0100281 0.00689173 0.00448306 0.00273125
 0.00877704 0.0142348 0.0213787 0.0301208 0.0401488 0.0507782 0.060915 0.0693106 0.0750058 0.0776257 0.0773338 0.074575 0.0698574 0.063671 0.0564853 0.0487557 0.0409138 0.0333462 0.0263664 0.0201912 0.0149339 0.01062 0.00721357 0.00464065 0.00280061
 0.00899541 0.0145543 0.0217887 0.0305753 0.0405619 0.0510267 0.0608523 0.0687998 0.0739709 0.0761048 0.0755034 0.072723 0.0683115 0.0627064 0.0562497 0.0492339 0.0419427 0.0346724 0.0277247 0.0213749 0.0158334 0.0112213 0.00756737 0.0048231 0.00288214
 0.00903248 0.0146472 0.0219862 0.0309358 0.0411286 0.0517927 0.0617314 0.0696259 0.0745345 0.0762152 0.0750521 0.0717287 0.0669276 0.0611893 0.0548901 0.0482721 0.0415006 0.0347284 0.0281409 0.0219611 0.0164165 0.0116913 0.00788731 0.00500926 0.00297463
 0.00896316 0.0145438 0.0218504 0.0307822 0.0409895 0.0517186 0.0617837 0.0698545 0.0749448 0.0767411 0.0755574 0.0720465 0.0669266 0.0608339 0.0542629 0.047547 0.0408762 0.0343534 0.0280656 0.0221357 0.0167308 0.0120295 0.00816945 0.00520431 0.0030891
 0.00926298 0.0150132 0.0225211 0.0316659 0.04207 0.0529435 0.0630608 0.0710618 0.0759571 0.07746 0.0759253 0.0720384 0.0665348 0.060066 0.0531597 0.0462039 0.0394439 0.0330069 0.0269529 0.021334 0.0162342 0.0117709 0.00806064 0.00517004 0.00308226
 0.00911287 0.0148154 0.0223096 0.0315022 0.0420282 0.0530852 0.0634118 0.0716032 0.0766314 0.0781872 0.0766195 0.0726214 0.066943 0.0602532 0.0530998 0.0458993 0.0389359 0.0323779 0.0263104 0.0207779 0.0158255 0.011519 0.0079345 0.00512282 0.00307289
 0.00890592 0.0144703 0.0217786 0.0307483 0.0410481 0.0519382 0.0622361 0.0705973 0.075997 0.0780576 0.0770138 0.073447 0.0680358 0.0614305 0.0542016 0.046811 0.0395982 0.0327876 0.0265116 0.0208432 0.0158292 0.0115148 0.0079458 0.0051491 0.00310345
 0.0089786 0.0145566 0.0218481 0.0307493 0.0409174 0.0516198 0.0617047 0.0698777 0.0751728 0.0772631 0.0764044 0.073152 0.0681144 0.0618508 0.0548555 0.0475544 0.040297 0.0333499 0.0269011 0.0210731 0.0159433 0.0115633 0.00796794 0.0051654 0.00311952
#pred catch len freq
 0.00486038 0.00766461 0.0111279 0.0151424 0.0196367 0.0245598 0.0298065 0.0351779 0.0404195 0.0452914 0.0496104 0.0532636 0.0562064 0.0584454 0.0599996 0.060861 0.0609758 0.0602507 0.0585642 0.0557681 0.0516952 0.0462194 0.039389 0.0315736 0.0234902
 0.00520042 0.00810616 0.0115908 0.0154939 0.0197409 0.0243486 0.029327 0.0345771 0.0398686 0.0448934 0.0493506 0.0530273 0.0558513 0.057885 0.0592603 0.0600876 0.0603836 0.0600395 0.0588305 0.0564575 0.0526231 0.0471507 0.0401346 0.0320505 0.023721
 0.00552701 0.00862408 0.0123384 0.0164782 0.0209139 0.0255863 0.030432 0.0353272 0.0401046 0.0445978 0.0486541 0.0521305 0.0549136 0.0569613 0.0583245 0.0591137 0.0594164 0.0592033 0.05827 0.0562539 0.0527434 0.0474626 0.0404757 0.0323026 0.0238448
 0.00581749 0.00908174 0.0130025 0.0173816 0.0220825 0.027031 0.0321259 0.0371729 0.0419139 0.0461117 0.0496142 0.0523747 0.0544388 0.0559081 0.0568958 0.057492 0.0577346 0.0575682 0.0567902 0.0550311 0.051833 0.0468474 0.0400788 0.0320331 0.0236386
 0.00616249 0.00961137 0.0137433 0.0183428 0.0232628 0.0284275 0.0337349 0.0389785 0.0438675 0.0481063 0.0514696 0.0538514 0.0552927 0.0559709 0.0561383 0.0560293 0.0557767 0.0553524 0.0545343 0.0529135 0.0499829 0.0453342 0.0389111 0.0311738 0.0230315
